#depth	C	C+	C+2	C+3	C+4	C+5	C+6	C[1]	C[2]	C[3]	C+[1]	C+[2]	CO
 1.49634e+10	0.00e+00	5.65e-32	2.62e-22	2.76e-13	1.53e-03	7.38e-01	2.61e-01	0.00e+00	0.00e+00	0.00e+00	0.00e+00	0.00e+00	4.11e-274
 4.54887e+10	2.37e-42	8.00e-32	3.42e-22	3.33e-13	1.70e-03	7.53e-01	2.45e-01	0.00e+00	0.00e+00	0.00e+00	0.00e+00	0.00e+00	5.62e-136
 7.72350e+10	0.00e+00	1.13e-31	4.46e-22	4.01e-13	1.89e-03	7.67e-01	2.31e-01	0.00e+00	0.00e+00	0.00e+00	0.00e+00	0.00e+00	4.16e-228
 1.10251e+11	5.58e-42	1.60e-31	5.82e-22	4.82e-13	2.10e-03	7.81e-01	2.17e-01	0.00e+00	0.00e+00	0.00e+00	0.00e+00	0.00e+00	5.52e-135
 1.44588e+11	0.00e+00	2.26e-31	7.60e-22	5.80e-13	2.33e-03	7.94e-01	2.03e-01	0.00e+00	0.00e+00	0.00e+00	0.00e+00	0.00e+00	1.02e-204
 1.80298e+11	1.31e-41	3.20e-31	9.91e-22	6.98e-13	2.58e-03	8.07e-01	1.90e-01	0.00e+00	0.00e+00	0.00e+00	0.00e+00	0.00e+00	5.45e-134
 2.17437e+11	0.00e+00	4.53e-31	1.29e-21	8.39e-13	2.86e-03	8.19e-01	1.78e-01	0.00e+00	0.00e+00	0.00e+00	0.00e+00	0.00e+00	1.34e-204
 2.56061e+11	3.09e-41	6.40e-31	1.69e-21	1.01e-12	3.16e-03	8.30e-01	1.66e-01	0.00e+00	0.00e+00	0.00e+00	0.00e+00	0.00e+00	5.40e-133
 2.96231e+11	0.00e+00	9.06e-31	2.20e-21	1.21e-12	3.50e-03	8.41e-01	1.55e-01	0.00e+00	0.00e+00	0.00e+00	0.00e+00	0.00e+00	0.00e+00
 3.38007e+11	7.27e-41	1.28e-30	2.87e-21	1.46e-12	3.87e-03	8.51e-01	1.45e-01	0.00e+00	0.00e+00	0.00e+00	0.00e+00	0.00e+00	5.38e-132
 3.81454e+11	0.00e+00	1.81e-30	3.74e-21	1.75e-12	4.29e-03	8.61e-01	1.35e-01	0.00e+00	0.00e+00	0.00e+00	0.00e+00	0.00e+00	0.00e+00
 4.26639e+11	1.72e-40	2.57e-30	4.88e-21	2.10e-12	4.74e-03	8.70e-01	1.26e-01	0.00e+00	0.00e+00	0.00e+00	0.00e+00	0.00e+00	5.39e-131
 4.69156e+11	0.00e+00	3.52e-30	6.21e-21	2.48e-12	5.19e-03	8.77e-01	1.18e-01	0.00e+00	0.00e+00	0.00e+00	0.00e+00	0.00e+00	0.00e+00
 5.07220e+11	3.56e-40	4.63e-30	7.65e-21	2.86e-12	5.62e-03	8.83e-01	1.11e-01	0.00e+00	0.00e+00	0.00e+00	0.00e+00	0.00e+00	3.80e-130
 5.49959e+11	0.00e+00	6.24e-30	9.61e-21	3.35e-12	6.12e-03	8.90e-01	1.04e-01	0.00e+00	0.00e+00	0.00e+00	0.00e+00	0.00e+00	0.00e+00
 6.00562e+11	7.85e-40	8.78e-30	1.25e-20	4.01e-12	6.75e-03	8.96e-01	9.68e-02	0.00e+00	0.00e+00	0.00e+00	0.00e+00	0.00e+00	3.17e-129
 6.51170e+11	0.00e+00	1.22e-29	1.60e-20	4.76e-12	7.41e-03	9.02e-01	9.02e-02	0.00e+00	0.00e+00	0.00e+00	0.00e+00	0.00e+00	0.00e+00
 6.98728e+11	1.71e-39	1.64e-29	2.02e-20	5.57e-12	8.06e-03	9.07e-01	8.44e-02	0.00e+00	0.00e+00	0.00e+00	0.00e+00	0.00e+00	2.54e-128
 7.51528e+11	0.00e+00	2.27e-29	2.58e-20	6.59e-12	8.83e-03	9.13e-01	7.86e-02	0.00e+00	0.00e+00	0.00e+00	0.00e+00	0.00e+00	0.00e+00
 8.11516e+11	3.93e-39	3.23e-29	3.37e-20	7.93e-12	9.76e-03	9.18e-01	7.27e-02	0.00e+00	0.00e+00	0.00e+00	0.00e+00	0.00e+00	2.37e-127
 8.71322e+11	0.00e+00	4.54e-29	4.38e-20	9.47e-12	1.07e-02	9.22e-01	6.73e-02	0.00e+00	0.00e+00	0.00e+00	0.00e+00	0.00e+00	0.00e+00
 9.33521e+11	9.11e-39	6.37e-29	5.67e-20	1.13e-11	1.18e-02	9.26e-01	6.24e-02	0.00e+00	0.00e+00	0.00e+00	0.00e+00	0.00e+00	2.25e-126
 1.00079e+12	0.00e+00	9.10e-29	7.44e-20	1.36e-11	1.31e-02	9.29e-01	5.75e-02	0.00e+00	0.00e+00	0.00e+00	0.00e+00	0.00e+00	0.00e+00
 1.07075e+12	2.20e-38	1.30e-28	9.77e-20	1.64e-11	1.44e-02	9.33e-01	5.30e-02	0.00e+00	0.00e+00	0.00e+00	0.00e+00	0.00e+00	2.36e-125
 1.13672e+12	0.00e+00	1.80e-28	1.25e-19	1.94e-11	1.58e-02	9.35e-01	4.91e-02	0.00e+00	0.00e+00	0.00e+00	0.00e+00	0.00e+00	0.00e+00
 1.19604e+12	4.66e-38	2.38e-28	1.55e-19	2.25e-11	1.71e-02	9.37e-01	4.60e-02	0.00e+00	0.00e+00	0.00e+00	0.00e+00	0.00e+00	1.75e-124
 1.26278e+12	0.00e+00	3.25e-28	1.97e-19	2.65e-11	1.86e-02	9.39e-01	4.28e-02	0.00e+00	0.00e+00	0.00e+00	0.00e+00	0.00e+00	0.00e+00
 1.34148e+12	1.06e-37	4.61e-28	2.57e-19	3.18e-11	2.05e-02	9.40e-01	3.93e-02	0.00e+00	0.00e+00	0.00e+00	0.00e+00	0.00e+00	1.55e-123
 1.41991e+12	0.00e+00	6.48e-28	3.33e-19	3.79e-11	2.25e-02	9.41e-01	3.63e-02	0.00e+00	0.00e+00	0.00e+00	0.00e+00	0.00e+00	0.00e+00
 1.49359e+12	2.35e-37	8.81e-28	4.21e-19	4.45e-11	2.45e-02	9.42e-01	3.37e-02	0.00e+00	0.00e+00	0.00e+00	0.00e+00	0.00e+00	1.30e-122
 1.57538e+12	0.00e+00	1.22e-27	5.41e-19	5.27e-11	2.67e-02	9.42e-01	3.11e-02	0.00e+00	0.00e+00	0.00e+00	0.00e+00	0.00e+00	0.00e+00
 1.66832e+12	5.55e-37	1.76e-27	7.16e-19	6.38e-11	2.95e-02	9.42e-01	2.85e-02	0.00e+00	0.00e+00	0.00e+00	0.00e+00	0.00e+00	1.27e-121
 1.75983e+12	0.00e+00	2.49e-27	9.32e-19	7.63e-11	3.24e-02	9.41e-01	2.62e-02	0.00e+00	0.00e+00	0.00e+00	0.00e+00	0.00e+00	0.00e+00
 1.85500e+12	1.30e-36	3.51e-27	1.21e-18	9.11e-11	3.55e-02	9.40e-01	2.40e-02	0.00e+00	0.00e+00	0.00e+00	0.00e+00	0.00e+00	1.22e-120
 1.95913e+12	0.00e+00	5.07e-27	1.60e-18	1.10e-10	3.92e-02	9.39e-01	2.19e-02	0.00e+00	0.00e+00	0.00e+00	0.00e+00	0.00e+00	0.00e+00
 2.06388e+12	3.18e-36	7.23e-27	2.10e-18	1.33e-10	4.31e-02	9.37e-01	2.00e-02	0.00e+00	0.00e+00	0.00e+00	0.00e+00	0.00e+00	1.30e-119
 2.17282e+12	0.00e+00	1.03e-26	2.76e-18	1.59e-10	4.74e-02	9.34e-01	1.83e-02	0.00e+00	0.00e+00	0.00e+00	0.00e+00	0.00e+00	0.00e+00
 2.28564e+12	7.66e-36	1.47e-26	3.62e-18	1.92e-10	5.20e-02	9.31e-01	1.67e-02	0.00e+00	0.00e+00	0.00e+00	0.00e+00	0.00e+00	1.33e-118
 2.39650e+12	0.00e+00	2.06e-26	4.68e-18	2.28e-10	5.69e-02	9.28e-01	1.53e-02	0.00e+00	0.00e+00	0.00e+00	0.00e+00	0.00e+00	0.00e+00
 2.51580e+12	1.79e-35	2.91e-26	6.12e-18	2.73e-10	6.23e-02	9.24e-01	1.40e-02	0.00e+00	0.00e+00	0.00e+00	0.00e+00	0.00e+00	1.25e-117
 2.64636e+12	0.00e+00	4.21e-26	8.11e-18	3.31e-10	6.85e-02	9.19e-01	1.27e-02	0.00e+00	0.00e+00	0.00e+00	0.00e+00	0.00e+00	0.00e+00
 2.78214e+12	4.43e-35	6.08e-26	1.08e-17	4.00e-10	7.53e-02	9.13e-01	1.15e-02	0.00e+00	0.00e+00	0.00e+00	0.00e+00	0.00e+00	1.38e-116
 2.92335e+12	0.00e+00	8.78e-26	1.43e-17	4.83e-10	8.28e-02	9.07e-01	1.04e-02	0.00e+00	0.00e+00	0.00e+00	0.00e+00	0.00e+00	0.00e+00
 3.07021e+12	1.10e-34	1.27e-25	1.89e-17	5.85e-10	9.09e-02	9.00e-01	9.36e-03	0.00e+00	0.00e+00	0.00e+00	0.00e+00	0.00e+00	1.51e-115
 3.20305e+12	1.63e-34	1.74e-25	2.42e-17	6.90e-10	9.86e-02	8.93e-01	8.56e-03	0.00e+00	0.00e+00	0.00e+00	0.00e+00	0.00e+00	7.33e-98
 3.31375e+12	2.23e-34	2.25e-25	2.94e-17	7.88e-10	1.05e-01	8.87e-01	7.95e-03	0.00e+00	0.00e+00	0.00e+00	0.00e+00	0.00e+00	0.00e+00
 3.43504e+12	3.13e-34	2.96e-25	3.63e-17	9.07e-10	1.13e-01	8.80e-01	7.35e-03	0.00e+00	0.00e+00	0.00e+00	0.00e+00	0.00e+00	2.42e-114
 3.58862e+12	4.72e-34	4.13e-25	4.69e-17	1.08e-09	1.22e-01	8.71e-01	6.67e-03	0.00e+00	0.00e+00	0.00e+00	0.00e+00	0.00e+00	7.93e-97
 3.74878e+12	7.14e-34	5.78e-25	6.08e-17	1.28e-09	1.33e-01	8.61e-01	6.04e-03	0.00e+00	0.00e+00	0.00e+00	0.00e+00	0.00e+00	0.00e+00
 3.89068e+12	1.01e-33	7.68e-25	7.57e-17	1.49e-09	1.42e-01	8.52e-01	5.54e-03	0.00e+00	0.00e+00	0.00e+00	0.00e+00	0.00e+00	5.45e-113
 4.02333e+12	1.39e-33	9.94e-25	9.23e-17	1.70e-09	1.52e-01	8.43e-01	5.12e-03	0.00e+00	0.00e+00	0.00e+00	0.00e+00	0.00e+00	8.83e-96
 4.17482e+12	1.97e-33	1.32e-24	1.15e-16	1.96e-09	1.62e-01	8.33e-01	4.69e-03	0.00e+00	0.00e+00	0.00e+00	0.00e+00	0.00e+00	2.35e-280
 4.36062e+12	2.98e-33	1.84e-24	1.49e-16	2.33e-09	1.76e-01	8.20e-01	4.21e-03	0.00e+00	0.00e+00	0.00e+00	0.00e+00	0.00e+00	9.62e-112
 4.54556e+12	4.41e-33	2.53e-24	1.90e-16	2.75e-09	1.89e-01	8.07e-01	3.80e-03	0.00e+00	0.00e+00	0.00e+00	0.00e+00	0.00e+00	1.15e-94
 4.70664e+12	6.12e-33	3.30e-24	2.33e-16	3.16e-09	2.01e-01	7.95e-01	3.48e-03	0.00e+00	0.00e+00	0.00e+00	0.00e+00	0.00e+00	6.60e-111
 4.88217e+12	8.63e-33	4.36e-24	2.89e-16	3.64e-09	2.15e-01	7.82e-01	3.17e-03	0.00e+00	0.00e+00	0.00e+00	0.00e+00	0.00e+00	5.17e-94
 5.09597e+12	1.29e-32	6.04e-24	3.72e-16	4.30e-09	2.31e-01	7.66e-01	2.84e-03	0.00e+00	0.00e+00	0.00e+00	0.00e+00	0.00e+00	4.89e-110
 5.31412e+12	1.90e-32	8.29e-24	4.75e-16	5.06e-09	2.48e-01	7.49e-01	2.54e-03	0.00e+00	0.00e+00	0.00e+00	0.00e+00	0.00e+00	3.04e-93
 5.51509e+12	2.68e-32	1.09e-23	5.89e-16	5.83e-09	2.64e-01	7.34e-01	2.30e-03	0.00e+00	0.00e+00	0.00e+00	0.00e+00	0.00e+00	3.57e-109
 5.73912e+12	3.86e-32	1.47e-23	7.40e-16	6.77e-09	2.81e-01	7.17e-01	2.07e-03	0.00e+00	0.00e+00	0.00e+00	0.00e+00	0.00e+00	1.50e-92
 5.99803e+12	5.79e-32	2.04e-23	9.52e-16	7.99e-09	3.01e-01	6.97e-01	1.83e-03	0.00e+00	0.00e+00	0.00e+00	0.00e+00	0.00e+00	2.93e-108
 6.25258e+12	8.44e-32	2.77e-23	1.20e-15	9.32e-09	3.21e-01	6.77e-01	1.63e-03	0.00e+00	0.00e+00	0.00e+00	0.00e+00	0.00e+00	8.81e-92
 6.49674e+12	1.19e-31	3.66e-23	1.49e-15	1.07e-08	3.40e-01	6.59e-01	1.46e-03	0.00e+00	0.00e+00	0.00e+00	0.00e+00	0.00e+00	2.15e-107
 6.76596e+12	1.71e-31	4.91e-23	1.87e-15	1.24e-08	3.60e-01	6.39e-01	1.30e-03	0.00e+00	0.00e+00	0.00e+00	0.00e+00	0.00e+00	4.46e-91
 7.06653e+12	2.52e-31	6.71e-23	2.37e-15	1.45e-08	3.82e-01	6.17e-01	1.14e-03	0.00e+00	0.00e+00	0.00e+00	0.00e+00	0.00e+00	1.75e-106
 7.34005e+12	3.53e-31	8.79e-23	2.92e-15	1.65e-08	4.02e-01	5.97e-01	1.02e-03	0.00e+00	0.00e+00	0.00e+00	0.00e+00	0.00e+00	2.35e-90
 7.57070e+12	4.63e-31	1.09e-22	3.45e-15	1.84e-08	4.18e-01	5.81e-01	9.30e-04	0.00e+00	0.00e+00	0.00e+00	0.00e+00	0.00e+00	9.68e-106
 7.82453e+12	6.17e-31	1.38e-22	4.11e-15	2.06e-08	4.36e-01	5.63e-01	8.42e-04	0.00e+00	0.00e+00	0.00e+00	0.00e+00	0.00e+00	8.65e-90
 8.11119e+12	8.43e-31	1.77e-22	4.98e-15	2.32e-08	4.55e-01	5.44e-01	7.53e-04	0.00e+00	0.00e+00	0.00e+00	0.00e+00	0.00e+00	5.35e-105
 8.38587e+12	1.12e-30	2.23e-22	5.93e-15	2.59e-08	4.73e-01	5.26e-01	6.79e-04	0.00e+00	0.00e+00	0.00e+00	0.00e+00	0.00e+00	3.53e-89
 8.68831e+12	1.52e-30	2.84e-22	7.12e-15	2.91e-08	4.92e-01	5.07e-01	6.07e-04	0.00e+00	0.00e+00	0.00e+00	0.00e+00	0.00e+00	2.92e-104
 9.02427e+12	2.10e-30	3.68e-22	8.66e-15	3.29e-08	5.13e-01	4.87e-01	5.38e-04	0.00e+00	0.00e+00	0.00e+00	0.00e+00	0.00e+00	1.56e-88
 9.33917e+12	2.81e-30	4.64e-22	1.03e-14	3.67e-08	5.31e-01	4.68e-01	4.82e-04	0.00e+00	0.00e+00	0.00e+00	0.00e+00	0.00e+00	1.74e-103
 9.68388e+12	3.82e-30	5.93e-22	1.24e-14	4.11e-08	5.50e-01	4.49e-01	4.28e-04	0.00e+00	0.00e+00	0.00e+00	0.00e+00	0.00e+00	6.49e-88
 1.00717e+13	5.30e-30	7.70e-22	1.51e-14	4.64e-08	5.71e-01	4.29e-01	3.76e-04	0.00e+00	0.00e+00	0.00e+00	0.00e+00	0.00e+00	1.12e-102
 1.04423e+13	7.17e-30	9.79e-22	1.80e-14	5.18e-08	5.90e-01	4.10e-01	3.33e-04	0.00e+00	0.00e+00	0.00e+00	0.00e+00	0.00e+00	2.97e-87
 1.07851e+13	9.37e-30	1.21e-21	2.12e-14	5.71e-08	6.07e-01	3.93e-01	2.99e-04	0.00e+00	0.00e+00	0.00e+00	0.00e+00	0.00e+00	6.03e-102
 1.11649e+13	1.25e-29	1.52e-21	2.50e-14	6.32e-08	6.24e-01	3.76e-01	2.65e-04	0.00e+00	0.00e+00	0.00e+00	0.00e+00	0.00e+00	1.14e-86
 1.15907e+13	1.70e-29	1.94e-21	3.00e-14	7.05e-08	6.43e-01	3.57e-01	2.33e-04	0.00e+00	0.00e+00	0.00e+00	0.00e+00	0.00e+00	3.55e-101
 1.19931e+13	2.24e-29	2.42e-21	3.53e-14	7.78e-08	6.59e-01	3.41e-01	2.07e-04	0.00e+00	0.00e+00	0.00e+00	0.00e+00	0.00e+00	4.82e-86
 1.24331e+13	3.01e-29	3.05e-21	4.19e-14	8.61e-08	6.76e-01	3.24e-01	1.83e-04	0.00e+00	0.00e+00	0.00e+00	0.00e+00	0.00e+00	2.00e-100
 1.29199e+13	4.11e-29	3.89e-21	5.02e-14	9.58e-08	6.94e-01	3.06e-01	1.59e-04	0.00e+00	0.00e+00	0.00e+00	0.00e+00	0.00e+00	2.16e-85
 1.33718e+13	5.42e-29	4.84e-21	5.89e-14	1.05e-07	7.09e-01	2.91e-01	1.41e-04	0.00e+00	0.00e+00	0.00e+00	0.00e+00	0.00e+00	1.20e-99
 1.38634e+13	7.25e-29	6.09e-21	6.96e-14	1.16e-07	7.24e-01	2.76e-01	1.24e-04	0.00e+00	0.00e+00	0.00e+00	0.00e+00	0.00e+00	8.96e-85
 1.44131e+13	9.90e-29	7.77e-21	8.32e-14	1.29e-07	7.40e-01	2.60e-01	1.08e-04	0.00e+00	0.00e+00	0.00e+00	0.00e+00	0.00e+00	7.57e-99
 1.49322e+13	1.31e-28	9.70e-21	9.78e-14	1.42e-07	7.54e-01	2.46e-01	9.45e-05	0.00e+00	0.00e+00	0.00e+00	0.00e+00	0.00e+00	4.00e-84
 1.54979e+13	1.77e-28	1.22e-20	1.16e-13	1.56e-07	7.69e-01	2.31e-01	8.24e-05	0.00e+00	0.00e+00	0.00e+00	0.00e+00	0.00e+00	4.52e-98
 1.61283e+13	2.42e-28	1.57e-20	1.38e-13	1.73e-07	7.83e-01	2.17e-01	7.11e-05	0.00e+00	0.00e+00	0.00e+00	0.00e+00	0.00e+00	1.89e-83
 1.67260e+13	3.23e-28	1.96e-20	1.63e-13	1.90e-07	7.96e-01	2.04e-01	6.21e-05	0.00e+00	0.00e+00	0.00e+00	0.00e+00	0.00e+00	2.96e-97
 1.73670e+13	4.35e-28	2.47e-20	1.92e-13	2.08e-07	8.08e-01	1.92e-01	5.39e-05	0.00e+00	0.00e+00	0.00e+00	0.00e+00	0.00e+00	8.49e-83
 1.80916e+13	6.00e-28	3.17e-20	2.30e-13	2.31e-07	8.21e-01	1.79e-01	4.62e-05	0.00e+00	0.00e+00	0.00e+00	0.00e+00	0.00e+00	2.05e-96
 1.88072e+13	8.15e-28	4.02e-20	2.72e-13	2.54e-07	8.33e-01	1.67e-01	3.99e-05	0.00e+00	0.00e+00	0.00e+00	0.00e+00	0.00e+00	4.28e-82
 1.95515e+13	1.10e-27	5.09e-20	3.22e-13	2.78e-07	8.44e-01	1.56e-01	3.44e-05	0.00e+00	0.00e+00	0.00e+00	0.00e+00	0.00e+00	1.40e-95
 2.03635e+13	1.52e-27	6.52e-20	3.84e-13	3.07e-07	8.54e-01	1.45e-01	2.94e-05	0.00e+00	0.00e+00	0.00e+00	0.00e+00	0.00e+00	2.16e-81
 2.12079e+13	2.09e-27	8.34e-20	4.58e-13	3.38e-07	8.65e-01	1.35e-01	2.52e-05	0.00e+00	0.00e+00	0.00e+00	0.00e+00	0.00e+00	1.05e-94
 2.20862e+13	2.87e-27	1.06e-19	5.44e-13	3.72e-07	8.74e-01	1.26e-01	2.16e-05	0.00e+00	0.00e+00	0.00e+00	0.00e+00	0.00e+00	1.14e-80
 2.29468e+13	3.87e-27	1.34e-19	6.40e-13	4.06e-07	8.83e-01	1.17e-01	1.86e-05	0.00e+00	0.00e+00	0.00e+00	0.00e+00	0.00e+00	7.42e-94
 2.37452e+13	5.05e-27	1.65e-19	7.39e-13	4.39e-07	8.90e-01	1.10e-01	1.63e-05	0.00e+00	0.00e+00	0.00e+00	0.00e+00	0.00e+00	5.03e-80
 2.46284e+13	6.71e-27	2.05e-19	8.62e-13	4.77e-07	8.97e-01	1.03e-01	1.41e-05	0.00e+00	0.00e+00	0.00e+00	0.00e+00	0.00e+00	4.32e-93
 2.55364e+13	8.90e-27	2.54e-19	1.00e-12	5.18e-07	9.03e-01	9.65e-02	1.23e-05	0.00e+00	0.00e+00	0.00e+00	0.00e+00	0.00e+00	2.26e-79
 2.62945e+13	1.12e-26	3.03e-19	1.13e-12	5.53e-07	9.09e-01	9.14e-02	1.10e-05	0.00e+00	0.00e+00	0.00e+00	0.00e+00	0.00e+00	2.21e-92
 2.70938e+13	1.41e-26	3.63e-19	1.28e-12	5.91e-07	9.14e-01	8.65e-02	9.75e-06	0.00e+00	0.00e+00	0.00e+00	0.00e+00	0.00e+00	7.71e-79
 2.81115e+13	1.88e-26	4.52e-19	1.50e-12	6.42e-07	9.19e-01	8.07e-02	8.45e-06	0.00e+00	0.00e+00	0.00e+00	0.00e+00	0.00e+00	1.18e-91
 2.91749e+13	2.52e-26	5.64e-19	1.74e-12	6.97e-07	9.25e-01	7.53e-02	7.30e-06	0.00e+00	0.00e+00	0.00e+00	0.00e+00	0.00e+00	3.59e-78
 3.01158e+13	3.23e-26	6.81e-19	1.99e-12	7.46e-07	9.29e-01	7.09e-02	6.46e-06	0.00e+00	0.00e+00	0.00e+00	0.00e+00	0.00e+00	6.65e-91
 3.11356e+13	4.19e-26	8.31e-19	2.28e-12	8.02e-07	9.33e-01	6.66e-02	5.67e-06	0.00e+00	0.00e+00	0.00e+00	0.00e+00	0.00e+00	1.41e-77
 3.22744e+13	5.54e-26	1.03e-18	2.64e-12	8.67e-07	9.38e-01	6.22e-02	4.92e-06	0.00e+00	0.00e+00	0.00e+00	0.00e+00	0.00e+00	3.79e-90
 3.33422e+13	7.15e-26	1.25e-18	3.02e-12	9.29e-07	9.42e-01	5.85e-02	4.34e-06	0.00e+00	0.00e+00	0.00e+00	0.00e+00	0.00e+00	5.93e-77
 3.45047e+13	9.36e-26	1.53e-18	3.47e-12	9.99e-07	9.45e-01	5.48e-02	3.79e-06	0.00e+00	0.00e+00	0.00e+00	0.00e+00	0.00e+00	2.05e-89
 3.57979e+13	1.25e-25	1.91e-18	4.03e-12	1.08e-06	9.49e-01	5.11e-02	3.28e-06	0.00e+00	0.00e+00	0.00e+00	0.00e+00	0.00e+00	2.66e-76
 3.70043e+13	1.62e-25	2.32e-18	4.61e-12	1.16e-06	9.52e-01	4.79e-02	2.88e-06	0.00e+00	0.00e+00	0.00e+00	0.00e+00	0.00e+00	5.37e-76
 3.83161e+13	2.13e-25	2.85e-18	5.31e-12	1.25e-06	9.55e-01	4.49e-02	2.52e-06	0.00e+00	0.00e+00	0.00e+00	0.00e+00	0.00e+00	1.13e-75
 3.97820e+13	2.85e-25	3.57e-18	6.18e-12	1.35e-06	9.58e-01	4.17e-02	2.17e-06	0.00e+00	0.00e+00	0.00e+00	0.00e+00	0.00e+00	2.50e-75
 4.11613e+13	3.73e-25	4.37e-18	7.09e-12	1.45e-06	9.61e-01	3.91e-02	1.90e-06	0.00e+00	0.00e+00	0.00e+00	0.00e+00	0.00e+00	5.18e-75
 4.26676e+13	4.95e-25	5.41e-18	8.19e-12	1.56e-06	9.64e-01	3.65e-02	1.65e-06	0.00e+00	0.00e+00	0.00e+00	0.00e+00	0.00e+00	1.12e-74
 4.43508e+13	6.71e-25	6.81e-18	9.58e-12	1.69e-06	9.66e-01	3.39e-02	1.42e-06	0.00e+00	0.00e+00	0.00e+00	0.00e+00	0.00e+00	2.55e-74
 4.59388e+13	8.85e-25	8.39e-18	1.10e-11	1.82e-06	9.68e-01	3.16e-02	1.23e-06	0.00e+00	0.00e+00	0.00e+00	0.00e+00	0.00e+00	5.43e-74
 4.76436e+13	1.18e-24	1.04e-17	1.28e-11	1.96e-06	9.71e-01	2.95e-02	1.07e-06	0.00e+00	0.00e+00	0.00e+00	0.00e+00	0.00e+00	1.19e-73
 4.95793e+13	1.61e-24	1.32e-17	1.50e-11	2.12e-06	9.73e-01	2.73e-02	9.15e-07	0.00e+00	0.00e+00	0.00e+00	0.00e+00	0.00e+00	2.79e-73
 5.14781e+13	2.17e-24	1.65e-17	1.74e-11	2.29e-06	9.75e-01	2.54e-02	0.00e+00	0.00e+00	0.00e+00	0.00e+00	0.00e+00	0.00e+00	6.26e-73
 5.34529e+13	2.92e-24	2.06e-17	2.02e-11	2.48e-06	9.76e-01	2.36e-02	0.00e+00	0.00e+00	0.00e+00	0.00e+00	0.00e+00	0.00e+00	1.41e-72
 5.56210e+13	4.00e-24	2.61e-17	2.37e-11	2.69e-06	9.78e-01	2.18e-02	0.00e+00	0.00e+00	0.00e+00	0.00e+00	0.00e+00	0.00e+00	3.31e-72
 5.78154e+13	5.42e-24	3.29e-17	2.77e-11	2.91e-06	9.80e-01	2.02e-02	0.00e+00	0.00e+00	0.00e+00	0.00e+00	0.00e+00	0.00e+00	7.63e-72
 6.00976e+13	7.36e-24	4.14e-17	3.24e-11	3.14e-06	9.81e-01	1.88e-02	0.00e+00	0.00e+00	0.00e+00	0.00e+00	0.00e+00	0.00e+00	1.76e-71
 6.23896e+13	9.89e-24	5.17e-17	3.76e-11	3.39e-06	9.83e-01	1.74e-02	0.00e+00	0.00e+00	0.00e+00	0.00e+00	1.66e-17	3.52e-17	3.93e-71
 6.45533e+13	1.29e-23	6.34e-17	4.31e-11	3.64e-06	9.84e-01	1.63e-02	0.00e+00	0.00e+00	0.00e+00	0.00e+00	2.10e-17	4.23e-17	8.21e-71
 6.69454e+13	1.72e-23	7.86e-17	4.98e-11	3.91e-06	9.85e-01	1.52e-02	0.00e+00	0.00e+00	0.00e+00	0.00e+00	2.61e-17	5.25e-17	1.80e-70
 6.93410e+13	2.27e-23	9.69e-17	5.74e-11	4.21e-06	9.86e-01	1.42e-02	0.00e+00	0.00e+00	0.00e+00	0.00e+00	3.22e-17	6.47e-17	3.82e-70
 7.13177e+13	2.84e-23	1.15e-16	6.42e-11	4.45e-06	9.87e-01	1.34e-02	0.00e+00	0.00e+00	0.00e+00	0.00e+00	3.80e-17	7.65e-17	7.01e-70
 7.34070e+13	3.56e-23	1.36e-16	7.20e-11	4.72e-06	9.87e-01	1.26e-02	0.00e+00	0.00e+00	0.00e+00	0.00e+00	4.51e-17	9.08e-17	1.30e-69
 7.60947e+13	4.72e-23	1.68e-16	8.32e-11	5.08e-06	9.88e-01	1.18e-02	0.00e+00	0.00e+00	0.00e+00	0.00e+00	5.58e-17	1.12e-16	2.82e-69
 7.89241e+13	6.29e-23	2.09e-16	9.63e-11	5.47e-06	9.89e-01	1.09e-02	0.00e+00	0.00e+00	0.00e+00	0.00e+00	6.93e-17	1.40e-16	6.16e-69
 8.14138e+13	8.04e-23	2.51e-16	1.09e-10	5.83e-06	9.90e-01	1.03e-02	0.00e+00	0.00e+00	0.00e+00	0.00e+00	8.34e-17	1.68e-16	1.21e-68
 8.40977e+13	1.04e-22	3.04e-16	1.24e-10	6.23e-06	9.90e-01	9.64e-03	0.00e+00	0.00e+00	0.00e+00	0.00e+00	1.01e-16	2.03e-16	2.40e-68
 8.73420e+13	1.40e-22	3.81e-16	1.45e-10	6.74e-06	9.91e-01	8.93e-03	0.00e+00	0.00e+00	0.00e+00	0.00e+00	1.26e-16	2.55e-16	5.39e-68
 9.06369e+13	1.87e-22	4.75e-16	1.68e-10	7.27e-06	9.92e-01	8.29e-03	0.00e+00	0.00e+00	0.00e+00	0.00e+00	1.58e-16	3.17e-16	1.19e-67
 9.37032e+13	2.42e-22	5.78e-16	1.92e-10	7.78e-06	9.92e-01	7.75e-03	0.00e+00	0.00e+00	0.00e+00	0.00e+00	1.92e-16	3.86e-16	2.42e-67
 9.71207e+13	3.20e-22	7.15e-16	2.22e-10	8.37e-06	9.93e-01	7.21e-03	0.00e+00	0.00e+00	0.00e+00	0.00e+00	2.37e-16	4.78e-16	5.19e-67
 1.00770e+14	4.28e-22	8.90e-16	2.58e-10	9.04e-06	9.93e-01	6.69e-03	0.00e+00	0.00e+00	0.00e+00	0.00e+00	2.95e-16	5.94e-16	1.14e-66
 1.04015e+14	5.48e-22	1.07e-15	2.93e-10	9.65e-06	9.94e-01	6.27e-03	0.00e+00	0.00e+00	0.00e+00	0.00e+00	3.56e-16	7.17e-16	2.24e-66
 1.07497e+14	7.09e-22	1.30e-15	3.34e-10	1.03e-05	9.94e-01	5.87e-03	0.00e+00	0.00e+00	0.00e+00	0.00e+00	4.33e-16	8.72e-16	4.50e-66
 1.11670e+14	9.55e-22	1.63e-15	3.90e-10	1.12e-05	9.95e-01	5.43e-03	0.00e+00	0.00e+00	0.00e+00	0.00e+00	5.42e-16	1.09e-15	1.01e-65
 1.15772e+14	1.27e-21	2.02e-15	4.51e-10	1.20e-05	9.95e-01	5.04e-03	0.00e+00	0.00e+00	0.00e+00	0.00e+00	6.71e-16	1.35e-15	2.17e-65
 1.19417e+14	1.61e-21	2.43e-15	5.11e-10	1.28e-05	9.95e-01	4.73e-03	0.00e+00	0.00e+00	0.00e+00	0.00e+00	8.07e-16	1.63e-15	4.20e-65
 1.23437e+14	2.09e-21	2.96e-15	5.85e-10	1.37e-05	9.96e-01	4.42e-03	0.00e+00	0.00e+00	0.00e+00	0.00e+00	9.81e-16	1.98e-15	8.45e-65
 1.28238e+14	2.81e-21	3.71e-15	6.82e-10	1.49e-05	9.96e-01	4.09e-03	0.00e+00	0.00e+00	0.00e+00	0.00e+00	1.23e-15	2.48e-15	1.90e-64
 1.33008e+14	3.74e-21	4.60e-15	7.91e-10	1.61e-05	9.96e-01	3.80e-03	0.00e+00	0.00e+00	0.00e+00	0.00e+00	1.53e-15	3.08e-15	4.11e-64
 1.37357e+14	4.80e-21	5.57e-15	9.01e-10	1.72e-05	9.96e-01	3.55e-03	0.00e+00	0.00e+00	0.00e+00	0.00e+00	1.85e-15	3.72e-15	8.14e-64
 1.42207e+14	6.29e-21	6.84e-15	1.04e-09	1.84e-05	9.97e-01	3.31e-03	0.00e+00	0.00e+00	0.00e+00	0.00e+00	2.27e-15	4.57e-15	1.69e-63
 1.47862e+14	8.53e-21	8.61e-15	1.21e-09	2.00e-05	9.97e-01	3.05e-03	0.00e+00	0.00e+00	0.00e+00	0.00e+00	2.85e-15	5.76e-15	3.87e-63
 1.53420e+14	1.14e-20	1.07e-14	1.41e-09	2.16e-05	9.97e-01	2.83e-03	0.00e+00	0.00e+00	0.00e+00	0.00e+00	3.55e-15	7.16e-15	8.47e-63
 1.58658e+14	1.48e-20	1.31e-14	1.61e-09	2.31e-05	9.97e-01	2.64e-03	0.00e+00	0.00e+00	0.00e+00	0.00e+00	4.33e-15	8.73e-15	1.73e-62
 1.64492e+14	1.96e-20	1.62e-14	1.87e-09	2.49e-05	9.98e-01	2.46e-03	0.00e+00	0.00e+00	0.00e+00	0.00e+00	5.36e-15	1.08e-14	3.71e-62
 1.71101e+14	2.66e-20	2.04e-14	2.19e-09	2.71e-05	9.98e-01	2.26e-03	0.00e+00	0.00e+00	0.00e+00	0.00e+00	6.76e-15	1.36e-14	8.53e-62
 1.77705e+14	3.58e-20	2.55e-14	2.55e-09	2.92e-05	9.98e-01	2.10e-03	0.00e+00	0.00e+00	0.00e+00	0.00e+00	8.46e-15	1.71e-14	1.92e-61
 1.83886e+14	4.67e-20	3.12e-14	2.93e-09	3.14e-05	9.98e-01	1.95e-03	0.00e+00	0.00e+00	0.00e+00	0.00e+00	1.03e-14	2.09e-14	3.96e-61
 1.90584e+14	6.17e-20	3.86e-14	3.38e-09	3.38e-05	9.98e-01	1.82e-03	0.00e+00	0.00e+00	0.00e+00	0.00e+00	1.28e-14	2.58e-14	8.48e-61
 1.98079e+14	8.34e-20	4.85e-14	3.95e-09	3.66e-05	9.98e-01	1.68e-03	0.00e+00	0.00e+00	0.00e+00	0.00e+00	1.61e-14	3.24e-14	1.93e-60
 2.05079e+14	1.09e-19	5.96e-14	4.54e-09	3.93e-05	9.98e-01	1.56e-03	0.00e+00	0.00e+00	0.00e+00	0.00e+00	1.97e-14	3.99e-14	4.06e-60
 2.11564e+14	1.40e-19	7.16e-14	5.15e-09	4.19e-05	9.98e-01	1.47e-03	0.00e+00	0.00e+00	0.00e+00	0.00e+00	2.37e-14	4.79e-14	7.88e-60
 2.17809e+14	1.75e-19	8.51e-14	5.78e-09	4.44e-05	9.99e-01	1.38e-03	0.00e+00	0.00e+00	0.00e+00	0.00e+00	2.82e-14	5.69e-14	1.47e-59
 2.24749e+14	2.24e-19	1.02e-13	6.56e-09	4.74e-05	9.99e-01	1.30e-03	0.00e+00	0.00e+00	0.00e+00	0.00e+00	3.39e-14	6.85e-14	2.87e-59
 2.32426e+14	2.91e-19	1.25e-13	7.51e-09	5.07e-05	9.99e-01	1.21e-03	0.00e+00	0.00e+00	0.00e+00	0.00e+00	4.13e-14	8.36e-14	5.91e-59
 2.39573e+14	3.69e-19	1.50e-13	8.48e-09	5.40e-05	9.99e-01	1.14e-03	0.00e+00	0.00e+00	0.00e+00	0.00e+00	4.94e-14	1.00e-13	1.13e-58
 2.47376e+14	4.75e-19	1.81e-13	9.64e-09	5.76e-05	9.99e-01	1.07e-03	0.00e+00	0.00e+00	0.00e+00	0.00e+00	5.98e-14	1.21e-13	2.25e-58
 2.56158e+14	6.24e-19	2.22e-13	1.11e-08	6.19e-05	9.99e-01	9.93e-04	0.00e+00	0.00e+00	0.00e+00	0.00e+00	7.34e-14	1.49e-13	4.75e-58
 2.64533e+14	8.04e-19	2.69e-13	1.26e-08	6.61e-05	9.99e-01	9.30e-04	0.00e+00	0.00e+00	0.00e+00	0.00e+00	8.89e-14	1.80e-13	9.53e-58
 2.73740e+14	1.05e-18	3.29e-13	1.45e-08	7.08e-05	9.99e-01	8.68e-04	0.00e+00	0.00e+00	0.00e+00	0.00e+00	1.09e-13	2.21e-13	1.99e-57
 2.83883e+14	1.40e-18	4.09e-13	1.68e-08	7.63e-05	9.99e-01	8.06e-04	0.00e+00	0.00e+00	0.00e+00	0.00e+00	1.35e-13	2.74e-13	4.35e-57
 2.93204e+14	1.80e-18	4.95e-13	1.91e-08	8.15e-05	9.99e-01	7.54e-04	0.00e+00	0.00e+00	0.00e+00	0.00e+00	1.63e-13	3.32e-13	8.73e-57
 3.03283e+14	2.35e-18	6.05e-13	2.19e-08	8.73e-05	9.99e-01	7.04e-04	0.00e+00	0.00e+00	0.00e+00	0.00e+00	2.00e-13	4.05e-13	1.81e-56
 3.14564e+14	3.13e-18	7.51e-13	2.53e-08	9.41e-05	9.99e-01	6.54e-04	0.00e+00	0.00e+00	0.00e+00	0.00e+00	2.48e-13	5.03e-13	3.97e-56
 3.25186e+14	4.06e-18	9.15e-13	2.89e-08	1.01e-04	9.99e-01	6.11e-04	0.00e+00	0.00e+00	0.00e+00	0.00e+00	3.02e-13	6.13e-13	8.13e-56
 3.36772e+14	5.33e-18	1.13e-12	3.33e-08	1.08e-04	9.99e-01	5.68e-04	0.00e+00	0.00e+00	0.00e+00	0.00e+00	3.71e-13	7.54e-13	1.73e-55
 3.49639e+14	7.15e-18	1.40e-12	3.87e-08	1.17e-04	9.99e-01	5.26e-04	0.00e+00	0.00e+00	0.00e+00	0.00e+00	4.63e-13	9.42e-13	3.87e-55
 3.61637e+14	9.30e-18	1.71e-12	4.43e-08	1.25e-04	9.99e-01	4.91e-04	0.00e+00	0.00e+00	0.00e+00	0.00e+00	5.65e-13	1.15e-12	7.97e-55
 3.74677e+14	1.23e-17	2.11e-12	5.11e-08	1.35e-04	9.99e-01	4.57e-04	0.00e+00	0.00e+00	0.00e+00	0.00e+00	6.96e-13	1.42e-12	1.71e-54
 3.89276e+14	1.65e-17	2.65e-12	5.96e-08	1.46e-04	9.99e-01	4.22e-04	0.00e+00	0.00e+00	0.00e+00	0.00e+00	8.71e-13	1.78e-12	3.86e-54
 4.03110e+14	2.17e-17	3.25e-12	6.86e-08	1.56e-04	9.99e-01	3.93e-04	0.00e+00	0.00e+00	0.00e+00	0.00e+00	1.07e-12	2.18e-12	8.18e-54
 4.17915e+14	2.86e-17	4.02e-12	7.93e-08	1.69e-04	9.99e-01	3.64e-04	0.00e+00	0.00e+00	0.00e+00	0.00e+00	1.32e-12	2.70e-12	1.77e-53
 4.34661e+14	3.87e-17	5.07e-12	9.30e-08	1.83e-04	9.99e-01	3.36e-04	0.00e+00	0.00e+00	0.00e+00	0.00e+00	1.67e-12	3.40e-12	4.07e-53
 4.51124e+14	5.16e-17	6.31e-12	1.08e-07	1.98e-04	9.99e-01	3.11e-04	0.00e+00	4.25e-18	1.27e-17	2.13e-17	2.07e-12	4.23e-12	8.99e-53
 4.68246e+14	6.86e-17	7.84e-12	1.26e-07	2.14e-04	9.99e-01	2.87e-04	0.00e+00	5.65e-18	1.70e-17	2.83e-17	2.57e-12	5.27e-12	1.98e-52
 4.87006e+14	9.26e-17	9.86e-12	1.47e-07	2.32e-04	1.00e+00	2.64e-04	0.00e+00	7.63e-18	2.29e-17	3.83e-17	3.24e-12	6.63e-12	4.53e-52
 5.05506e+14	1.23e-16	1.23e-11	1.71e-07	2.51e-04	1.00e+00	2.44e-04	0.00e+00	1.01e-17	3.04e-17	5.08e-17	4.02e-12	8.23e-12	9.94e-52
 5.20842e+14	1.54e-16	1.46e-11	1.93e-07	2.68e-04	1.00e+00	2.30e-04	0.00e+00	1.27e-17	3.82e-17	6.38e-17	4.78e-12	9.80e-12	1.87e-51
 5.33206e+14	1.84e-16	1.67e-11	2.13e-07	2.82e-04	1.00e+00	2.18e-04	0.00e+00	1.52e-17	4.55e-17	7.61e-17	5.48e-12	1.12e-11	3.04e-51
 5.46924e+14	2.23e-16	1.93e-11	2.36e-07	2.97e-04	9.99e-01	2.07e-04	0.00e+00	1.84e-17	5.51e-17	9.21e-17	6.34e-12	1.30e-11	5.17e-51
 5.64757e+14	2.82e-16	2.33e-11	2.69e-07	3.19e-04	9.99e-01	1.93e-04	0.00e+00	2.33e-17	7.00e-17	1.17e-16	7.63e-12	1.56e-11	1.00e-50
 5.83882e+14	3.62e-16	2.82e-11	3.08e-07	3.43e-04	9.99e-01	1.79e-04	0.00e+00	2.99e-17	8.98e-17	1.50e-16	9.24e-12	1.90e-11	2.01e-50
 6.00857e+14	4.48e-16	3.33e-11	3.46e-07	3.64e-04	9.99e-01	1.69e-04	0.00e+00	3.70e-17	1.11e-16	1.86e-16	1.09e-11	2.24e-11	3.65e-50
 6.19094e+14	5.57e-16	3.94e-11	3.91e-07	3.89e-04	9.99e-01	1.58e-04	0.00e+00	4.60e-17	1.38e-16	2.31e-16	1.29e-11	2.65e-11	6.69e-50
 6.42006e+14	7.28e-16	4.86e-11	4.53e-07	4.22e-04	9.99e-01	1.46e-04	0.00e+00	6.02e-17	1.81e-16	3.02e-16	1.59e-11	3.27e-11	1.42e-49
 6.65263e+14	9.44e-16	5.95e-11	5.24e-07	4.56e-04	9.99e-01	1.35e-04	0.00e+00	7.81e-17	2.35e-16	3.92e-16	1.95e-11	4.00e-11	2.95e-49
 6.85342e+14	1.17e-15	7.05e-11	5.92e-07	4.87e-04	9.99e-01	1.27e-04	0.00e+00	9.70e-17	2.91e-16	4.87e-16	2.30e-11	4.74e-11	5.44e-49
 7.07019e+14	1.46e-15	8.40e-11	6.73e-07	5.22e-04	9.99e-01	1.18e-04	0.00e+00	1.21e-16	3.64e-16	6.09e-16	2.75e-11	5.65e-11	1.02e-48
 7.33672e+14	1.91e-15	1.03e-10	7.83e-07	5.68e-04	9.99e-01	1.09e-04	0.00e+00	1.58e-16	4.75e-16	7.94e-16	3.38e-11	6.96e-11	2.18e-48
 7.60725e+14	2.46e-15	1.27e-10	9.09e-07	6.16e-04	9.99e-01	1.00e-04	0.00e+00	2.05e-16	6.15e-16	1.03e-15	4.14e-11	8.53e-11	4.54e-48
 7.84809e+14	3.06e-15	1.51e-10	1.03e-06	6.61e-04	9.99e-01	9.38e-05	0.00e+00	2.55e-16	7.65e-16	1.28e-15	4.93e-11	1.01e-10	8.53e-48
 8.11101e+14	3.86e-15	1.81e-10	1.18e-06	7.12e-04	9.99e-01	8.71e-05	0.00e+00	3.21e-16	9.64e-16	1.61e-15	5.92e-11	1.22e-10	1.66e-47
 8.42496e+14	5.02e-15	2.23e-10	1.38e-06	7.76e-04	9.99e-01	8.00e-05	0.00e+00	4.18e-16	1.26e-15	2.10e-15	7.30e-11	1.50e-10	3.58e-47
 8.73512e+14	6.44e-15	2.73e-10	1.60e-06	8.43e-04	9.99e-01	7.38e-05	0.00e+00	5.37e-16	1.61e-15	2.70e-15	8.91e-11	1.83e-10	7.45e-47
 9.01502e+14	7.99e-15	3.24e-10	1.82e-06	9.05e-04	9.99e-01	6.87e-05	0.00e+00	6.67e-16	2.00e-15	3.35e-15	1.06e-10	2.18e-10	1.41e-46
 9.32570e+14	1.01e-14	3.90e-10	2.09e-06	9.78e-04	9.99e-01	6.37e-05	0.00e+00	8.41e-16	2.52e-15	4.22e-15	1.28e-10	2.63e-10	2.79e-46
 9.69147e+14	1.30e-14	4.81e-10	2.44e-06	1.07e-03	9.99e-01	5.84e-05	0.00e+00	1.09e-15	3.27e-15	5.47e-15	1.57e-10	3.24e-10	6.08e-46
 1.00523e+15	1.66e-14	5.87e-10	2.83e-06	1.16e-03	9.99e-01	5.38e-05	0.00e+00	1.40e-15	4.19e-15	7.00e-15	1.92e-10	3.95e-10	1.28e-45
 1.03873e+15	2.07e-14	7.01e-10	3.23e-06	1.25e-03	9.99e-01	5.00e-05	0.00e+00	1.74e-15	5.22e-15	8.72e-15	2.29e-10	4.72e-10	2.48e-45
 1.07627e+15	2.62e-14	8.49e-10	3.73e-06	1.36e-03	9.99e-01	4.61e-05	0.00e+00	2.20e-15	6.62e-15	1.11e-14	2.78e-10	5.71e-10	5.10e-45
 1.11936e+15	3.40e-14	1.05e-09	4.37e-06	1.49e-03	9.98e-01	4.22e-05	0.00e+00	2.86e-15	8.59e-15	1.43e-14	3.43e-10	7.06e-10	1.14e-44
 1.16173e+15	4.34e-14	1.28e-09	5.08e-06	1.62e-03	9.98e-01	3.89e-05	0.00e+00	3.65e-15	1.10e-14	1.83e-14	4.19e-10	8.62e-10	2.43e-44
 1.20579e+15	5.33e-14	1.57e-09	5.90e-06	1.76e-03	9.98e-01	3.58e-05	0.00e+00	4.50e-15	1.35e-14	2.26e-14	5.12e-10	1.05e-09	5.14e-44
 1.24594e+15	6.56e-14	1.87e-09	6.73e-06	1.90e-03	9.98e-01	3.32e-05	0.00e+00	5.54e-15	1.66e-14	2.78e-14	6.11e-10	1.26e-09	1.00e-43
 1.27584e+15	7.62e-14	2.12e-09	7.40e-06	2.01e-03	9.98e-01	3.15e-05	0.00e+00	6.45e-15	1.94e-14	3.23e-14	6.94e-10	1.43e-09	1.63e-43
 1.30665e+15	8.88e-14	2.41e-09	8.15e-06	2.12e-03	9.98e-01	2.99e-05	0.00e+00	7.51e-15	2.26e-14	3.77e-14	7.89e-10	1.62e-09	2.67e-43
 1.34672e+15	1.07e-13	2.83e-09	9.20e-06	2.27e-03	9.98e-01	2.79e-05	0.00e+00	9.10e-15	2.73e-14	4.56e-14	9.28e-10	1.90e-09	4.97e-43
 1.39027e+15	1.31e-13	3.36e-09	1.05e-05	2.44e-03	9.98e-01	2.60e-05	0.00e+00	1.11e-14	3.34e-14	5.59e-14	1.10e-09	2.26e-09	9.77e-43
 1.42971e+15	1.56e-13	3.91e-09	1.17e-05	2.61e-03	9.97e-01	2.45e-05	0.00e+00	1.33e-14	3.99e-14	6.66e-14	1.28e-09	2.63e-09	1.74e-42
 1.47233e+15	1.88e-13	4.57e-09	1.31e-05	2.79e-03	9.97e-01	2.29e-05	0.00e+00	1.60e-14	4.79e-14	8.01e-14	1.50e-09	3.07e-09	3.22e-42
 1.52637e+15	2.36e-13	5.55e-09	1.52e-05	3.03e-03	9.97e-01	2.12e-05	0.00e+00	2.01e-14	6.02e-14	1.01e-13	1.82e-09	3.73e-09	6.95e-42
 1.58078e+15	2.92e-13	6.70e-09	1.75e-05	3.28e-03	9.97e-01	1.97e-05	0.00e+00	2.49e-14	7.47e-14	1.25e-13	2.20e-09	4.50e-09	1.47e-41
 1.62638e+15	3.48e-13	7.81e-09	1.96e-05	3.50e-03	9.96e-01	1.85e-05	0.00e+00	2.97e-14	8.92e-14	1.49e-13	2.56e-09	5.24e-09	2.69e-41
 1.67501e+15	4.17e-13	9.15e-09	2.20e-05	3.74e-03	9.96e-01	1.73e-05	0.00e+00	3.57e-14	1.07e-13	1.79e-13	3.00e-09	6.14e-09	5.05e-41
 1.73656e+15	5.22e-13	1.11e-08	2.54e-05	4.06e-03	9.96e-01	1.61e-05	0.00e+00	4.46e-14	1.34e-13	2.24e-13	3.66e-09	7.48e-09	1.10e-40
 1.80115e+15	6.51e-13	1.36e-08	2.94e-05	4.41e-03	9.96e-01	1.49e-05	0.00e+00	5.58e-14	1.67e-13	2.79e-13	4.46e-09	9.11e-09	2.41e-40
 1.85928e+15	7.89e-13	1.61e-08	3.34e-05	4.74e-03	9.95e-01	1.39e-05	0.00e+00	6.77e-14	2.03e-13	3.39e-13	5.29e-09	1.08e-08	4.76e-40
 1.92275e+15	9.69e-13	1.93e-08	3.81e-05	5.12e-03	9.95e-01	1.30e-05	0.00e+00	8.32e-14	2.50e-13	4.17e-13	6.35e-09	1.30e-08	9.73e-40
 1.99782e+15	1.22e-12	2.38e-08	4.45e-05	5.58e-03	9.94e-01	1.20e-05	0.00e+00	1.05e-13	3.15e-13	5.26e-13	7.84e-09	1.60e-08	2.23e-39
 2.07141e+15	1.51e-12	2.90e-08	5.13e-05	6.06e-03	9.94e-01	1.11e-05	0.00e+00	1.30e-13	3.91e-13	6.53e-13	9.55e-09	1.95e-08	4.84e-39
 2.13848e+15	1.84e-12	3.46e-08	5.83e-05	6.51e-03	9.93e-01	1.05e-05	0.00e+00	1.58e-13	4.76e-13	7.94e-13	1.14e-08	2.32e-08	9.60e-39
 2.21361e+15	2.26e-12	4.18e-08	6.69e-05	7.04e-03	9.93e-01	9.76e-06	0.00e+00	1.95e-13	5.86e-13	9.79e-13	1.37e-08	2.80e-08	2.02e-38
 2.30120e+15	2.86e-12	5.17e-08	7.81e-05	7.68e-03	9.92e-01	9.05e-06	0.00e+00	2.47e-13	7.41e-13	1.24e-12	1.70e-08	3.47e-08	4.66e-38
 2.38746e+15	3.55e-12	6.34e-08	9.04e-05	8.35e-03	9.92e-01	8.44e-06	0.00e+00	3.08e-13	9.23e-13	1.54e-12	2.09e-08	4.25e-08	1.03e-37
 2.46881e+15	4.33e-12	7.63e-08	1.03e-04	9.00e-03	9.91e-01	7.93e-06	0.00e+00	3.75e-13	1.13e-12	1.88e-12	2.52e-08	5.12e-08	2.11e-37
 2.55923e+15	5.37e-12	9.32e-08	1.19e-04	9.76e-03	9.90e-01	7.43e-06	0.00e+00	4.66e-13	1.40e-12	2.33e-12	3.07e-08	6.25e-08	4.56e-37
 2.64530e+15	6.45e-12	1.12e-07	1.36e-04	1.05e-02	9.89e-01	7.02e-06	0.00e+00	5.60e-13	1.68e-12	2.81e-12	3.70e-08	7.51e-08	9.15e-37
 2.70925e+15	7.37e-12	1.28e-07	1.50e-04	1.11e-02	9.89e-01	6.74e-06	0.00e+00	6.41e-13	1.92e-12	3.21e-12	4.22e-08	8.57e-08	1.51e-36
 2.77386e+15	8.49e-12	1.46e-07	1.65e-04	1.17e-02	9.88e-01	6.47e-06	0.00e+00	7.39e-13	2.22e-12	3.70e-12	4.81e-08	9.77e-08	2.49e-36
 2.85784e+15	1.02e-11	1.72e-07	1.86e-04	1.25e-02	9.87e-01	6.15e-06	0.00e+00	8.88e-13	2.66e-12	4.45e-12	5.68e-08	1.15e-07	4.70e-36
 2.94925e+15	1.22e-11	2.05e-07	2.11e-04	1.34e-02	9.86e-01	5.83e-06	0.00e+00	1.07e-12	3.20e-12	5.34e-12	6.78e-08	1.38e-07	9.11e-36
 3.03177e+15	1.44e-11	2.40e-07	2.35e-04	1.43e-02	9.85e-01	5.59e-06	0.00e+00	1.25e-12	3.76e-12	6.28e-12	7.92e-08	1.61e-07	1.61e-35
 3.12049e+15	1.70e-11	2.82e-07	2.64e-04	1.52e-02	9.84e-01	5.34e-06	0.00e+00	1.48e-12	4.46e-12	7.44e-12	9.31e-08	1.89e-07	2.97e-35
 3.23406e+15	2.09e-11	3.45e-07	3.06e-04	1.65e-02	9.83e-01	5.07e-06	0.00e+00	1.83e-12	5.49e-12	9.16e-12	1.14e-07	2.31e-07	6.28e-35
 3.34840e+15	2.56e-11	4.19e-07	3.51e-04	1.79e-02	9.82e-01	4.82e-06	0.00e+00	2.24e-12	6.73e-12	1.12e-11	1.38e-07	2.80e-07	1.27e-34
 3.44270e+15	2.99e-11	4.89e-07	3.93e-04	1.90e-02	9.81e-01	4.65e-06	0.00e+00	2.62e-12	7.87e-12	1.31e-11	1.62e-07	3.27e-07	2.25e-34
 3.54248e+15	3.58e-11	5.75e-07	4.41e-04	2.03e-02	9.79e-01	4.49e-06	0.00e+00	3.14e-12	9.42e-12	1.57e-11	1.90e-07	3.85e-07	4.05e-34
 3.67087e+15	4.46e-11	7.04e-07	5.09e-04	2.20e-02	9.78e-01	4.27e-06	0.00e+00	3.91e-12	1.17e-11	1.96e-11	2.33e-07	4.71e-07	8.42e-34
 3.80558e+15	5.53e-11	8.64e-07	5.89e-04	2.38e-02	9.76e-01	4.08e-06	0.00e+00	4.86e-12	1.46e-11	2.43e-11	2.86e-07	5.78e-07	1.75e-33
 3.92321e+15	6.65e-11	1.03e-06	6.66e-04	2.55e-02	9.74e-01	3.94e-06	0.00e+00	5.84e-12	1.75e-11	2.93e-11	3.40e-07	6.88e-07	3.23e-33
 4.04948e+15	8.07e-11	1.23e-06	7.59e-04	2.74e-02	9.72e-01	3.81e-06	0.00e+00	7.10e-12	2.13e-11	3.56e-11	4.08e-07	8.26e-07	6.21e-33
 4.20329e+15	1.01e-10	1.53e-06	8.83e-04	2.99e-02	9.69e-01	3.65e-06	0.00e+00	8.94e-12	2.68e-11	4.47e-11	5.06e-07	1.02e-06	1.32e-32
 4.35540e+15	1.26e-10	1.87e-06	1.02e-03	3.24e-02	9.67e-01	3.53e-06	0.00e+00	1.11e-11	3.33e-11	5.56e-11	6.20e-07	1.25e-06	2.67e-32
 4.48769e+15	1.51e-10	2.22e-06	1.15e-03	3.47e-02	9.64e-01	3.44e-06	0.00e+00	1.33e-11	3.99e-11	6.66e-11	7.37e-07	1.49e-06	4.80e-32
 4.63167e+15	1.84e-10	2.67e-06	1.31e-03	3.72e-02	9.61e-01	3.34e-06	0.00e+00	1.63e-11	4.89e-11	8.16e-11	8.85e-07	1.79e-06	9.04e-32
 4.80733e+15	2.34e-10	3.32e-06	1.53e-03	4.06e-02	9.58e-01	3.24e-06	0.00e+00	2.07e-11	6.21e-11	1.04e-10	1.10e-06	2.22e-06	1.89e-31
 4.97701e+15	2.88e-10	4.04e-06	1.77e-03	4.40e-02	9.54e-01	3.14e-06	0.00e+00	2.55e-11	7.66e-11	1.28e-10	1.34e-06	2.70e-06	3.67e-31
 5.10716e+15	3.39e-10	4.69e-06	1.96e-03	4.67e-02	9.51e-01	3.09e-06	0.00e+00	3.01e-11	9.03e-11	1.51e-10	1.55e-06	3.14e-06	5.96e-31
 5.23306e+15	3.99e-10	5.41e-06	2.17e-03	4.94e-02	9.48e-01	3.04e-06	0.00e+00	3.54e-11	1.06e-10	1.77e-10	1.79e-06	3.62e-06	9.61e-31
 5.39674e+15	4.90e-10	6.49e-06	2.48e-03	5.31e-02	9.44e-01	2.96e-06	0.00e+00	4.35e-11	1.31e-10	2.18e-10	2.15e-06	4.34e-06	1.76e-30
 5.56317e+15	5.90e-10	7.72e-06	2.81e-03	5.70e-02	9.40e-01	2.89e-06	0.00e+00	5.24e-11	1.57e-10	2.62e-10	2.56e-06	5.16e-06	3.08e-30
 5.70229e+15	6.98e-10	8.92e-06	3.11e-03	6.03e-02	9.37e-01	2.85e-06	0.00e+00	6.21e-11	1.86e-10	3.11e-10	2.96e-06	5.96e-06	4.87e-30
 5.85229e+15	8.28e-10	1.04e-05	3.48e-03	6.41e-02	9.32e-01	2.80e-06	0.00e+00	7.38e-11	2.21e-10	3.69e-10	3.46e-06	6.96e-06	8.04e-30
 6.04729e+15	1.04e-09	1.27e-05	4.01e-03	6.94e-02	9.27e-01	2.75e-06	0.00e+00	9.29e-11	2.79e-10	4.65e-10	4.21e-06	8.48e-06	1.51e-29
 6.24366e+15	1.28e-09	1.53e-05	4.58e-03	7.48e-02	9.21e-01	2.70e-06	0.00e+00	1.14e-10	3.43e-10	5.73e-10	5.06e-06	1.02e-05	2.62e-29
 6.40613e+15	1.51e-09	1.77e-05	5.11e-03	7.95e-02	9.15e-01	2.65e-06	0.00e+00	1.35e-10	4.06e-10	6.77e-10	5.89e-06	1.19e-05	4.15e-29
 6.58164e+15	1.83e-09	2.09e-05	5.76e-03	8.49e-02	9.09e-01	2.61e-06	0.00e+00	1.64e-10	4.91e-10	8.19e-10	6.94e-06	1.40e-05	6.96e-29
 6.80981e+15	2.35e-09	2.58e-05	6.71e-03	9.23e-02	9.01e-01	2.56e-06	0.00e+00	2.11e-10	6.33e-10	1.05e-09	8.56e-06	1.72e-05	1.33e-28
 7.03688e+15	2.94e-09	3.13e-05	7.73e-03	9.99e-02	8.92e-01	2.52e-06	0.00e+00	2.64e-10	7.90e-10	1.32e-09	1.04e-05	2.09e-05	2.35e-28
 7.21491e+15	3.50e-09	3.63e-05	8.63e-03	1.06e-01	8.85e-01	2.48e-06	0.00e+00	3.14e-10	9.43e-10	1.57e-09	1.20e-05	2.42e-05	3.62e-28
 7.39872e+15	4.21e-09	4.25e-05	9.69e-03	1.13e-01	8.77e-01	2.46e-06	0.00e+00	3.79e-10	1.14e-09	1.90e-09	1.41e-05	2.84e-05	5.82e-28
 7.63769e+15	5.35e-09	5.20e-05	1.12e-02	1.23e-01	8.66e-01	2.40e-06	0.00e+00	4.82e-10	1.45e-09	2.41e-09	1.73e-05	3.47e-05	1.07e-27
 7.88089e+15	6.65e-09	6.29e-05	1.30e-02	1.32e-01	8.55e-01	2.35e-06	0.00e+00	6.00e-10	1.80e-09	3.00e-09	2.09e-05	4.20e-05	1.81e-27
 8.07978e+15	7.99e-09	7.34e-05	1.46e-02	1.41e-01	8.44e-01	2.32e-06	0.00e+00	7.21e-10	2.16e-09	3.61e-09	2.44e-05	4.90e-05	2.80e-27
 8.28850e+15	9.83e-09	8.70e-05	1.65e-02	1.51e-01	8.33e-01	2.29e-06	0.00e+00	8.88e-10	2.66e-09	4.44e-09	2.89e-05	5.81e-05	4.57e-27
 8.51080e+15	1.22e-08	1.03e-04	1.88e-02	1.61e-01	8.20e-01	2.27e-06	0.00e+00	1.10e-09	3.30e-09	5.50e-09	3.43e-05	6.88e-05	7.31e-27
 8.70409e+15	1.45e-08	1.19e-04	2.10e-02	1.71e-01	8.08e-01	2.25e-06	0.00e+00	1.31e-09	3.94e-09	6.57e-09	3.97e-05	7.96e-05	1.09e-26
 8.87843e+15	1.71e-08	1.36e-04	2.32e-02	1.80e-01	7.97e-01	2.22e-06	0.00e+00	1.55e-09	4.66e-09	7.76e-09	4.53e-05	9.08e-05	1.56e-26
 9.07479e+15	2.05e-08	1.59e-04	2.60e-02	1.91e-01	7.83e-01	2.18e-06	0.00e+00	1.86e-09	5.57e-09	9.29e-09	5.28e-05	1.06e-04	2.39e-26
 9.29129e+15	2.53e-08	1.87e-04	2.95e-02	2.03e-01	7.67e-01	2.17e-06	0.00e+00	2.30e-09	6.91e-09	1.15e-08	6.23e-05	1.25e-04	3.75e-26
 9.48855e+15	3.00e-08	2.16e-04	3.30e-02	2.15e-01	7.52e-01	2.13e-06	0.00e+00	2.73e-09	8.18e-09	1.36e-08	7.20e-05	1.44e-04	5.47e-26
 9.67133e+15	3.56e-08	2.48e-04	3.67e-02	2.26e-01	7.37e-01	2.11e-06	0.00e+00	3.25e-09	9.73e-09	1.62e-08	8.27e-05	1.66e-04	7.95e-26
 9.88068e+15	4.39e-08	2.93e-04	4.16e-02	2.40e-01	7.18e-01	2.08e-06	0.00e+00	4.00e-09	1.20e-08	2.00e-08	9.75e-05	1.95e-04	1.25e-25
 1.01029e+16	5.48e-08	3.47e-04	4.74e-02	2.56e-01	6.97e-01	2.08e-06	0.00e+00	5.00e-09	1.50e-08	2.50e-08	1.16e-04	2.31e-04	1.97e-25
 1.02939e+16	6.59e-08	4.01e-04	5.30e-02	2.69e-01	6.78e-01	2.05e-06	0.00e+00	6.02e-09	1.81e-08	3.01e-08	1.34e-04	2.67e-04	2.86e-25
 1.04677e+16	7.84e-08	4.59e-04	5.88e-02	2.82e-01	6.59e-01	2.04e-06	0.00e+00	7.17e-09	2.15e-08	3.58e-08	1.53e-04	3.06e-04	4.12e-25
 1.06672e+16	9.53e-08	5.39e-04	6.65e-02	2.97e-01	6.36e-01	2.01e-06	0.00e+00	8.72e-09	2.61e-08	4.36e-08	1.79e-04	3.59e-04	6.34e-25
 1.08806e+16	1.20e-07	6.40e-04	7.58e-02	3.14e-01	6.09e-01	2.00e-06	0.00e+00	1.10e-08	3.29e-08	5.48e-08	2.13e-04	4.27e-04	1.02e-24
 1.10632e+16	1.44e-07	7.39e-04	8.48e-02	3.29e-01	5.85e-01	1.99e-06	0.00e+00	1.32e-08	3.96e-08	6.61e-08	2.46e-04	4.93e-04	1.48e-24
 1.12246e+16	1.72e-07	8.44e-04	9.39e-02	3.42e-01	5.63e-01	1.98e-06	0.00e+00	1.58e-08	4.73e-08	7.88e-08	2.81e-04	5.63e-04	2.12e-24
 1.14075e+16	2.08e-07	9.84e-04	1.06e-01	3.58e-01	5.35e-01	1.95e-06	0.00e+00	1.91e-08	5.73e-08	9.55e-08	3.28e-04	6.56e-04	3.23e-24
 1.16030e+16	2.60e-07	1.17e-03	1.20e-01	3.75e-01	5.04e-01	1.95e-06	0.00e+00	2.39e-08	7.17e-08	1.20e-07	3.88e-04	7.77e-04	5.19e-24
 1.17686e+16	3.15e-07	1.34e-03	1.34e-01	3.89e-01	4.76e-01	1.95e-06	0.00e+00	2.89e-08	8.68e-08	1.45e-07	4.47e-04	8.94e-04	7.64e-24
 1.19112e+16	3.72e-07	1.51e-03	1.47e-01	4.01e-01	4.51e-01	1.95e-06	0.00e+00	3.43e-08	1.03e-07	1.71e-07	5.04e-04	1.01e-03	1.06e-23
 1.20705e+16	4.51e-07	1.75e-03	1.64e-01	4.15e-01	4.20e-01	1.93e-06	0.00e+00	4.15e-08	1.25e-07	2.08e-07	5.85e-04	1.17e-03	1.65e-23
 1.22364e+16	5.54e-07	2.05e-03	1.83e-01	4.28e-01	3.87e-01	1.94e-06	0.00e+00	5.11e-08	1.53e-07	2.55e-07	6.83e-04	1.37e-03	2.65e-23
 1.23676e+16	6.47e-07	2.31e-03	2.00e-01	4.37e-01	3.60e-01	1.93e-06	0.00e+00	5.97e-08	1.79e-07	2.98e-07	7.69e-04	1.54e-03	3.71e-23
 1.24768e+16	7.48e-07	2.55e-03	2.16e-01	4.45e-01	3.37e-01	1.93e-06	0.00e+00	6.91e-08	2.07e-07	3.45e-07	8.49e-04	1.70e-03	4.98e-23
 1.26007e+16	8.79e-07	2.88e-03	2.35e-01	4.53e-01	3.09e-01	1.90e-06	0.00e+00	8.12e-08	2.44e-07	4.06e-07	9.60e-04	1.92e-03	7.36e-23
 1.27327e+16	1.05e-06	3.27e-03	2.57e-01	4.60e-01	2.79e-01	1.88e-06	0.00e+00	9.70e-08	2.91e-07	4.85e-07	1.09e-03	2.18e-03	1.10e-22
 1.28318e+16	1.20e-06	3.59e-03	2.75e-01	4.64e-01	2.57e-01	1.88e-06	0.00e+00	1.11e-07	3.33e-07	5.55e-07	1.20e-03	2.39e-03	1.49e-22
 1.28987e+16	1.32e-06	3.85e-03	2.88e-01	4.67e-01	2.41e-01	1.88e-06	0.00e+00	1.22e-07	3.66e-07	6.10e-07	1.28e-03	2.57e-03	1.90e-22
 1.29670e+16	1.46e-06	4.12e-03	3.02e-01	4.69e-01	2.25e-01	1.85e-06	0.00e+00	1.35e-07	4.05e-07	6.75e-07	1.37e-03	2.75e-03	2.38e-22
 1.30559e+16	1.66e-06	4.51e-03	3.21e-01	4.71e-01	2.04e-01	1.81e-06	0.00e+00	1.54e-07	4.61e-07	7.68e-07	1.51e-03	3.01e-03	3.28e-22
 1.31436e+16	1.90e-06	4.92e-03	3.39e-01	4.72e-01	1.84e-01	1.78e-06	0.00e+00	1.76e-07	5.28e-07	8.80e-07	1.64e-03	3.28e-03	4.40e-22
 1.32102e+16	2.08e-06	5.20e-03	3.54e-01	4.72e-01	1.69e-01	1.74e-06	0.00e+00	1.93e-07	5.79e-07	9.64e-07	1.73e-03	3.47e-03	5.34e-22
 1.32770e+16	2.34e-06	5.64e-03	3.70e-01	4.71e-01	1.53e-01	1.70e-06	0.00e+00	2.18e-07	6.53e-07	1.09e-06	1.88e-03	3.76e-03	7.34e-22
 1.33440e+16	2.59e-06	5.96e-03	3.85e-01	4.70e-01	1.39e-01	1.65e-06	0.00e+00	2.41e-07	7.22e-07	1.20e-06	1.99e-03	3.97e-03	8.86e-22
