#depth	O	O+	O+2	O+3	O+4	O+5	O+6	O+7	O+8	O[1]	O[2]	O[3]
 1.49634e+10	0.00e+00	0.00e+00	1.42e-33	2.25e-24	5.28e-16	1.66e-08	1.00e+00	0.00e+00	0.00e+00	0.00e+00	0.00e+00	0.00e+00
 4.54887e+10	0.00e+00	1.62e-43	1.95e-33	2.87e-24	6.20e-16	1.80e-08	1.00e+00	4.33e-07	0.00e+00	0.00e+00	0.00e+00	0.00e+00
 7.72350e+10	0.00e+00	0.00e+00	2.68e-33	3.64e-24	7.28e-16	1.95e-08	1.00e+00	0.00e+00	0.00e+00	0.00e+00	0.00e+00	0.00e+00
 1.10251e+11	0.00e+00	3.60e-43	3.69e-33	4.64e-24	8.55e-16	2.11e-08	1.00e+00	0.00e+00	0.00e+00	0.00e+00	0.00e+00	0.00e+00
 1.44588e+11	0.00e+00	0.00e+00	5.08e-33	5.90e-24	1.01e-15	2.29e-08	1.00e+00	0.00e+00	0.00e+00	0.00e+00	0.00e+00	0.00e+00
 1.80298e+11	0.00e+00	8.00e-43	7.00e-33	7.51e-24	1.18e-15	2.49e-08	1.00e+00	0.00e+00	0.00e+00	0.00e+00	0.00e+00	0.00e+00
 2.17437e+11	0.00e+00	0.00e+00	9.66e-33	9.57e-24	1.39e-15	2.70e-08	1.00e+00	0.00e+00	0.00e+00	0.00e+00	0.00e+00	0.00e+00
 2.56061e+11	0.00e+00	1.78e-42	1.33e-32	1.22e-23	1.64e-15	2.93e-08	1.00e+00	0.00e+00	0.00e+00	0.00e+00	0.00e+00	0.00e+00
 2.96231e+11	0.00e+00	0.00e+00	1.84e-32	1.55e-23	1.92e-15	3.18e-08	1.00e+00	0.00e+00	0.00e+00	0.00e+00	0.00e+00	0.00e+00
 3.38007e+11	0.00e+00	3.99e-42	2.54e-32	1.98e-23	2.27e-15	3.45e-08	1.00e+00	0.00e+00	0.00e+00	0.00e+00	0.00e+00	0.00e+00
 3.81454e+11	0.00e+00	0.00e+00	3.50e-32	2.53e-23	2.67e-15	3.74e-08	1.00e+00	0.00e+00	0.00e+00	0.00e+00	0.00e+00	0.00e+00
 4.26639e+11	0.00e+00	8.92e-42	4.84e-32	3.23e-23	3.14e-15	4.07e-08	1.00e+00	0.00e+00	0.00e+00	0.00e+00	0.00e+00	0.00e+00
 4.69156e+11	0.00e+00	0.00e+00	6.50e-32	4.03e-23	3.65e-15	4.38e-08	1.00e+00	0.00e+00	0.00e+00	0.00e+00	0.00e+00	0.00e+00
 5.07220e+11	0.00e+00	1.77e-41	8.38e-32	4.88e-23	4.15e-15	4.68e-08	1.00e+00	0.00e+00	0.00e+00	0.00e+00	0.00e+00	0.00e+00
 5.49959e+11	0.00e+00	0.00e+00	1.11e-31	6.02e-23	4.78e-15	5.02e-08	1.00e+00	0.00e+00	0.00e+00	0.00e+00	0.00e+00	0.00e+00
 6.00562e+11	0.00e+00	3.71e-41	1.52e-31	7.66e-23	5.63e-15	5.45e-08	1.00e+00	0.00e+00	0.00e+00	0.00e+00	0.00e+00	0.00e+00
 6.51170e+11	0.00e+00	0.00e+00	2.06e-31	9.65e-23	6.57e-15	5.90e-08	1.00e+00	0.00e+00	0.00e+00	0.00e+00	0.00e+00	0.00e+00
 6.98728e+11	0.00e+00	7.68e-41	2.73e-31	1.19e-22	7.58e-15	6.33e-08	1.00e+00	0.00e+00	0.00e+00	0.00e+00	0.00e+00	0.00e+00
 7.51528e+11	0.00e+00	0.00e+00	3.68e-31	1.49e-22	8.83e-15	6.84e-08	1.00e+00	0.00e+00	0.00e+00	0.00e+00	0.00e+00	0.00e+00
 8.11516e+11	0.00e+00	1.68e-40	5.10e-31	1.91e-22	1.04e-14	7.45e-08	1.00e+00	0.00e+00	0.00e+00	0.00e+00	0.00e+00	0.00e+00
 8.71322e+11	0.00e+00	0.00e+00	7.00e-31	2.43e-22	1.23e-14	8.08e-08	1.00e+00	0.00e+00	0.00e+00	0.00e+00	0.00e+00	0.00e+00
 9.33521e+11	0.00e+00	3.67e-40	9.60e-31	3.09e-22	1.44e-14	8.78e-08	1.00e+00	0.00e+00	0.00e+00	0.00e+00	0.00e+00	0.00e+00
 1.00079e+12	0.00e+00	0.00e+00	1.34e-30	3.97e-22	1.71e-14	9.56e-08	1.00e+00	0.00e+00	0.00e+00	0.00e+00	0.00e+00	0.00e+00
 1.07075e+12	0.00e+00	8.35e-40	1.86e-30	5.10e-22	2.03e-14	1.04e-07	1.00e+00	0.00e+00	0.00e+00	0.00e+00	0.00e+00	0.00e+00
 1.13672e+12	0.00e+00	0.00e+00	2.51e-30	6.40e-22	2.37e-14	1.13e-07	1.00e+00	0.00e+00	0.00e+00	0.00e+00	0.00e+00	0.00e+00
 1.19604e+12	0.00e+00	1.68e-39	3.26e-30	7.81e-22	2.71e-14	1.21e-07	1.00e+00	0.00e+00	0.00e+00	0.00e+00	0.00e+00	0.00e+00
 1.26278e+12	0.00e+00	0.00e+00	4.34e-30	9.72e-22	3.15e-14	1.30e-07	1.00e+00	0.00e+00	0.00e+00	0.00e+00	0.00e+00	0.00e+00
 1.34148e+12	0.00e+00	3.58e-39	6.00e-30	1.24e-21	3.72e-14	1.42e-07	1.00e+00	0.00e+00	0.00e+00	0.00e+00	0.00e+00	0.00e+00
 1.41991e+12	0.00e+00	0.00e+00	8.21e-30	1.58e-21	4.38e-14	1.54e-07	1.00e+00	0.00e+00	0.00e+00	0.00e+00	0.00e+00	0.00e+00
 1.49359e+12	0.00e+00	7.50e-39	1.09e-29	1.96e-21	5.08e-14	1.66e-07	1.00e+00	0.00e+00	0.00e+00	0.00e+00	0.00e+00	0.00e+00
 1.57538e+12	0.00e+00	0.00e+00	1.48e-29	2.47e-21	5.95e-14	1.80e-07	1.00e+00	0.00e+00	0.00e+00	0.00e+00	0.00e+00	0.00e+00
 1.66832e+12	0.00e+00	1.65e-38	2.07e-29	3.20e-21	7.11e-14	1.97e-07	1.00e+00	0.00e+00	0.00e+00	0.00e+00	0.00e+00	0.00e+00
 1.75983e+12	0.00e+00	0.00e+00	2.84e-29	4.07e-21	8.40e-14	2.15e-07	1.00e+00	0.00e+00	0.00e+00	0.00e+00	0.00e+00	0.00e+00
 1.85500e+12	0.00e+00	3.61e-38	3.89e-29	5.19e-21	9.91e-14	2.34e-07	1.00e+00	0.00e+00	0.00e+00	0.00e+00	0.00e+00	0.00e+00
 1.95913e+12	0.00e+00	0.00e+00	5.45e-29	6.72e-21	1.19e-13	2.57e-07	1.00e+00	0.00e+00	0.00e+00	0.00e+00	0.00e+00	0.00e+00
 2.06388e+12	0.00e+00	8.16e-38	7.53e-29	8.62e-21	1.41e-13	2.81e-07	1.00e+00	0.00e+00	0.00e+00	0.00e+00	0.00e+00	0.00e+00
 2.17282e+12	0.00e+00	0.00e+00	1.04e-28	1.11e-20	1.68e-13	3.07e-07	1.00e+00	0.00e+00	0.00e+00	0.00e+00	0.00e+00	0.00e+00
 2.28564e+12	0.00e+00	1.81e-37	1.44e-28	1.42e-20	1.99e-13	3.36e-07	1.00e+00	0.00e+00	0.00e+00	0.00e+00	0.00e+00	0.00e+00
 2.39650e+12	0.00e+00	0.00e+00	1.96e-28	1.80e-20	2.35e-13	3.65e-07	1.00e+00	0.00e+00	0.00e+00	0.00e+00	0.00e+00	0.00e+00
 2.51580e+12	0.00e+00	3.90e-37	2.69e-28	2.30e-20	2.79e-13	3.99e-07	1.00e+00	0.00e+00	0.00e+00	0.00e+00	0.00e+00	0.00e+00
 2.64636e+12	0.00e+00	0.00e+00	3.75e-28	2.98e-20	3.34e-13	4.39e-07	1.00e+00	0.00e+00	0.00e+00	0.00e+00	0.00e+00	0.00e+00
 2.78214e+12	0.00e+00	8.83e-37	5.24e-28	3.86e-20	4.01e-13	4.83e-07	1.00e+00	0.00e+00	0.00e+00	0.00e+00	0.00e+00	0.00e+00
 2.92335e+12	0.00e+00	0.00e+00	7.30e-28	4.99e-20	4.81e-13	5.31e-07	1.00e+00	0.00e+00	0.00e+00	0.00e+00	0.00e+00	0.00e+00
 3.07021e+12	0.00e+00	1.99e-36	1.02e-27	6.46e-20	5.78e-13	5.84e-07	1.00e+00	0.00e+00	0.00e+00	0.00e+00	0.00e+00	0.00e+00
 3.20305e+12	9.43e-46	2.82e-36	1.36e-27	8.09e-20	6.78e-13	6.35e-07	1.00e+00	0.00e+00	0.00e+00	0.00e+00	0.00e+00	0.00e+00
 3.31375e+12	0.00e+00	0.00e+00	1.71e-27	9.70e-20	7.71e-13	6.80e-07	1.00e+00	0.00e+00	0.00e+00	0.00e+00	0.00e+00	0.00e+00
 3.43504e+12	0.00e+00	5.05e-36	2.19e-27	1.18e-19	8.84e-13	7.31e-07	1.00e+00	0.00e+00	0.00e+00	0.00e+00	0.00e+00	0.00e+00
 3.58862e+12	2.92e-45	7.27e-36	2.96e-27	1.49e-19	1.05e-12	7.99e-07	1.00e+00	0.00e+00	0.00e+00	0.00e+00	0.00e+00	0.00e+00
 3.74878e+12	0.00e+00	0.00e+00	4.00e-27	1.89e-19	1.24e-12	8.75e-07	1.00e+00	0.00e+00	0.00e+00	0.00e+00	0.00e+00	0.00e+00
 3.89068e+12	0.00e+00	1.43e-35	5.17e-27	2.31e-19	1.43e-12	9.45e-07	1.00e+00	0.00e+00	0.00e+00	0.00e+00	0.00e+00	0.00e+00
 4.02333e+12	9.09e-45	1.89e-35	6.52e-27	2.77e-19	1.63e-12	1.01e-06	1.00e+00	0.00e+00	0.00e+00	0.00e+00	0.00e+00	0.00e+00
 4.17482e+12	0.00e+00	0.00e+00	8.42e-27	3.39e-19	1.89e-12	1.10e-06	1.00e+00	0.00e+00	0.00e+00	0.00e+00	0.00e+00	0.00e+00
 4.36062e+12	0.00e+00	3.70e-35	1.14e-26	4.31e-19	2.25e-12	1.20e-06	1.00e+00	0.00e+00	0.00e+00	0.00e+00	0.00e+00	0.00e+00
 4.54556e+12	3.05e-44	5.23e-35	1.52e-26	5.42e-19	2.65e-12	1.31e-06	1.00e+00	0.00e+00	0.00e+00	0.00e+00	0.00e+00	0.00e+00
 4.70664e+12	0.00e+00	6.99e-35	1.93e-26	6.56e-19	3.04e-12	1.41e-06	1.00e+00	0.00e+00	0.00e+00	0.00e+00	0.00e+00	0.00e+00
 4.88217e+12	6.16e-44	9.48e-35	2.49e-26	8.02e-19	3.52e-12	1.53e-06	1.00e+00	0.00e+00	0.00e+00	0.00e+00	0.00e+00	0.00e+00
 5.09597e+12	0.00e+00	1.35e-34	3.35e-26	1.02e-18	4.17e-12	1.68e-06	1.00e+00	0.00e+00	0.00e+00	0.00e+00	0.00e+00	0.00e+00
 5.31412e+12	1.42e-43	1.91e-34	4.48e-26	1.28e-18	4.93e-12	1.84e-06	1.00e+00	0.00e+00	0.00e+00	0.00e+00	0.00e+00	0.00e+00
 5.51509e+12	0.00e+00	2.60e-34	5.79e-26	1.57e-18	5.72e-12	1.99e-06	1.00e+00	0.00e+00	0.00e+00	0.00e+00	0.00e+00	0.00e+00
 5.73912e+12	3.01e-43	3.62e-34	7.62e-26	1.96e-18	6.70e-12	2.17e-06	1.00e+00	0.00e+00	0.00e+00	0.00e+00	0.00e+00	0.00e+00
 5.99803e+12	0.00e+00	5.21e-34	1.03e-25	2.49e-18	7.98e-12	2.39e-06	1.00e+00	0.00e+00	0.00e+00	0.00e+00	0.00e+00	0.00e+00
 6.25258e+12	6.94e-43	7.35e-34	1.38e-25	3.14e-18	9.42e-12	2.61e-06	1.00e+00	0.00e+00	0.00e+00	0.00e+00	0.00e+00	0.00e+00
 6.49674e+12	0.00e+00	1.01e-33	1.80e-25	3.88e-18	1.10e-11	2.84e-06	1.00e+00	0.00e+00	0.00e+00	0.00e+00	0.00e+00	0.00e+00
 6.76596e+12	1.50e-42	1.41e-33	2.38e-25	4.85e-18	1.29e-11	3.10e-06	1.00e+00	0.00e+00	0.00e+00	0.00e+00	0.00e+00	0.00e+00
 7.06653e+12	0.00e+00	2.02e-33	3.22e-25	6.17e-18	1.53e-11	3.40e-06	1.00e+00	0.00e+00	0.00e+00	0.00e+00	0.00e+00	0.00e+00
 7.34005e+12	3.31e-42	2.77e-33	4.19e-25	7.61e-18	1.78e-11	3.69e-06	1.00e+00	0.00e+00	0.00e+00	0.00e+00	0.00e+00	0.00e+00
 7.57070e+12	0.00e+00	3.58e-33	5.19e-25	9.03e-18	2.01e-11	3.95e-06	1.00e+00	0.00e+00	0.00e+00	0.00e+00	0.00e+00	0.00e+00
 7.82453e+12	6.19e-42	4.72e-33	6.53e-25	1.08e-17	2.29e-11	4.24e-06	1.00e+00	0.00e+00	0.00e+00	0.00e+00	0.00e+00	0.00e+00
 8.11119e+12	0.00e+00	6.36e-33	8.39e-25	1.32e-17	2.64e-11	4.58e-06	1.00e+00	0.00e+00	0.00e+00	0.00e+00	0.00e+00	0.00e+00
 8.38587e+12	1.22e-41	8.40e-33	1.06e-24	1.59e-17	3.01e-11	4.92e-06	1.00e+00	0.00e+00	0.00e+00	0.00e+00	0.00e+00	0.00e+00
 8.68831e+12	0.00e+00	1.13e-32	1.36e-24	1.94e-17	3.46e-11	5.30e-06	1.00e+00	0.00e+00	0.00e+00	0.00e+00	0.00e+00	0.00e+00
 9.02427e+12	2.51e-41	1.55e-32	1.77e-24	2.39e-17	4.02e-11	5.75e-06	1.00e+00	0.00e+00	0.00e+00	0.00e+00	0.00e+00	0.00e+00
 9.33917e+12	0.00e+00	2.07e-32	2.25e-24	2.90e-17	4.61e-11	6.19e-06	1.00e+00	0.00e+00	0.00e+00	0.00e+00	0.00e+00	0.00e+00
 9.68388e+12	5.05e-41	2.81e-32	2.90e-24	3.55e-17	5.31e-11	6.69e-06	1.00e+00	0.00e+00	0.00e+00	0.00e+00	0.00e+00	0.00e+00
 1.00717e+13	0.00e+00	3.91e-32	3.83e-24	4.41e-17	6.20e-11	7.27e-06	1.00e+00	0.00e+00	0.00e+00	0.00e+00	0.00e+00	0.00e+00
 1.04423e+13	1.07e-40	5.31e-32	4.94e-24	5.40e-17	7.14e-11	7.86e-06	1.00e+00	0.00e+00	0.00e+00	0.00e+00	0.00e+00	0.00e+00
 1.07851e+13	0.00e+00	6.97e-32	6.20e-24	6.47e-17	8.11e-11	8.42e-06	1.00e+00	0.00e+00	0.00e+00	0.00e+00	0.00e+00	0.00e+00
 1.11649e+13	2.08e-40	9.37e-32	7.93e-24	7.86e-17	9.29e-11	9.06e-06	1.00e+00	0.00e+00	0.00e+00	0.00e+00	0.00e+00	0.00e+00
 1.15907e+13	0.00e+00	1.29e-31	1.03e-23	9.70e-17	1.08e-10	9.81e-06	1.00e+00	0.00e+00	0.00e+00	0.00e+00	0.00e+00	0.00e+00
 1.19931e+13	4.27e-40	1.72e-31	1.32e-23	1.17e-16	1.23e-10	1.05e-05	1.00e+00	0.00e+00	0.00e+00	0.00e+00	0.00e+00	0.00e+00
 1.24331e+13	0.00e+00	2.35e-31	1.71e-23	1.44e-16	1.42e-10	1.14e-05	1.00e+00	0.00e+00	0.00e+00	0.00e+00	0.00e+00	0.00e+00
 1.29199e+13	9.07e-40	3.27e-31	2.25e-23	1.79e-16	1.65e-10	1.23e-05	1.00e+00	0.00e+00	0.00e+00	0.00e+00	0.00e+00	0.00e+00
 1.33718e+13	0.00e+00	4.40e-31	2.87e-23	2.17e-16	1.89e-10	1.33e-05	1.00e+00	0.00e+00	0.00e+00	0.00e+00	0.00e+00	0.00e+00
 1.38634e+13	1.86e-39	6.02e-31	3.73e-23	2.66e-16	2.17e-10	1.43e-05	1.00e+00	0.00e+00	0.00e+00	0.00e+00	0.00e+00	0.00e+00
 1.44131e+13	0.00e+00	8.44e-31	4.93e-23	3.32e-16	2.53e-10	1.55e-05	1.00e+00	0.00e+00	0.00e+00	0.00e+00	0.00e+00	0.00e+00
 1.49322e+13	3.97e-39	1.15e-30	6.37e-23	4.05e-16	2.91e-10	1.67e-05	1.00e+00	0.00e+00	0.00e+00	0.00e+00	0.00e+00	0.00e+00
 1.54979e+13	0.00e+00	1.59e-30	8.34e-23	5.01e-16	3.36e-10	1.81e-05	1.00e+00	0.00e+00	0.00e+00	0.00e+00	0.00e+00	0.00e+00
 1.61283e+13	8.79e-39	2.26e-30	1.11e-22	6.28e-16	3.93e-10	1.97e-05	1.00e+00	0.00e+00	0.00e+00	0.00e+00	0.00e+00	0.00e+00
 1.67260e+13	0.00e+00	3.11e-30	1.45e-22	7.73e-16	4.53e-10	2.12e-05	1.00e+00	0.00e+00	0.00e+00	0.00e+00	0.00e+00	0.00e+00
 1.73670e+13	1.90e-38	4.34e-30	1.91e-22	9.59e-16	5.25e-10	2.30e-05	1.00e+00	0.00e+00	0.00e+00	0.00e+00	0.00e+00	0.00e+00
 1.80916e+13	0.00e+00	6.24e-30	2.58e-22	1.21e-15	6.17e-10	2.50e-05	1.00e+00	0.00e+00	0.00e+00	0.00e+00	0.00e+00	0.00e+00
 1.88072e+13	4.38e-38	8.82e-30	3.43e-22	1.51e-15	7.18e-10	2.71e-05	1.00e+00	0.00e+00	0.00e+00	0.00e+00	0.00e+00	0.00e+00
 1.95515e+13	0.00e+00	1.25e-29	4.57e-22	1.89e-15	8.36e-10	2.94e-05	1.00e+00	0.00e+00	0.00e+00	0.00e+00	0.00e+00	0.00e+00
 2.03635e+13	1.02e-37	1.80e-29	6.18e-22	2.39e-15	9.81e-10	3.20e-05	1.00e+00	0.00e+00	0.00e+00	0.00e+00	0.00e+00	0.00e+00
 2.12079e+13	0.00e+00	2.60e-29	8.35e-22	3.02e-15	1.15e-09	3.48e-05	1.00e+00	0.00e+00	0.00e+00	0.00e+00	0.00e+00	0.00e+00
 2.20862e+13	2.42e-37	3.75e-29	1.13e-21	3.81e-15	1.35e-09	3.79e-05	1.00e+00	0.00e+00	0.00e+00	0.00e+00	0.00e+00	0.00e+00
 2.29468e+13	0.00e+00	5.31e-29	1.50e-21	4.75e-15	1.57e-09	4.10e-05	1.00e+00	0.00e+00	0.00e+00	0.00e+00	0.00e+00	0.00e+00
 2.37452e+13	5.28e-37	7.25e-29	1.94e-21	5.79e-15	1.79e-09	4.40e-05	1.00e+00	0.00e+00	0.00e+00	0.00e+00	0.00e+00	0.00e+00
 2.46284e+13	0.00e+00	1.01e-28	2.55e-21	7.15e-15	2.07e-09	4.74e-05	1.00e+00	0.00e+00	0.00e+00	0.00e+00	0.00e+00	0.00e+00
 2.55364e+13	1.17e-36	1.41e-28	3.35e-21	8.82e-15	2.38e-09	5.11e-05	1.00e+00	0.00e+00	0.00e+00	0.00e+00	0.00e+00	0.00e+00
 2.62945e+13	0.00e+00	1.85e-28	4.18e-21	1.05e-14	2.67e-09	5.42e-05	1.00e+00	0.00e+00	0.00e+00	0.00e+00	0.00e+00	0.00e+00
 2.70938e+13	2.23e-36	2.45e-28	5.24e-21	1.24e-14	3.01e-09	5.77e-05	1.00e+00	0.00e+00	0.00e+00	0.00e+00	0.00e+00	0.00e+00
 2.81115e+13	0.00e+00	3.45e-28	6.93e-21	1.54e-14	3.48e-09	6.22e-05	1.00e+00	0.00e+00	0.00e+00	0.00e+00	0.00e+00	0.00e+00
 2.91749e+13	5.05e-36	4.87e-28	9.19e-21	1.91e-14	4.02e-09	6.71e-05	1.00e+00	0.00e+00	0.00e+00	0.00e+00	0.00e+00	0.00e+00
 3.01158e+13	0.00e+00	6.57e-28	1.17e-20	2.30e-14	4.56e-09	7.15e-05	1.00e+00	0.00e+00	0.00e+00	0.00e+00	0.00e+00	0.00e+00
 3.11356e+13	1.05e-35	8.99e-28	1.51e-20	2.80e-14	5.19e-09	7.65e-05	1.00e+00	0.00e+00	0.00e+00	0.00e+00	0.00e+00	0.00e+00
 3.22744e+13	0.00e+00	1.26e-27	1.99e-20	3.45e-14	5.98e-09	8.23e-05	1.00e+00	0.00e+00	0.00e+00	0.00e+00	0.00e+00	0.00e+00
 3.33422e+13	2.26e-35	1.71e-27	2.55e-20	4.17e-14	6.80e-09	8.79e-05	1.00e+00	0.00e+00	0.00e+00	0.00e+00	0.00e+00	0.00e+00
 3.45047e+13	0.00e+00	2.38e-27	3.32e-20	5.10e-14	7.78e-09	9.41e-05	1.00e+00	0.00e+00	0.00e+00	0.00e+00	0.00e+00	0.00e+00
 3.57979e+13	5.05e-35	3.37e-27	4.41e-20	6.32e-14	8.99e-09	1.01e-04	1.00e+00	0.00e+00	0.00e+00	0.00e+00	0.00e+00	0.00e+00
 3.70043e+13	7.37e-35	4.62e-27	5.70e-20	7.68e-14	1.02e-08	1.08e-04	1.00e+00	0.00e+00	0.00e+00	0.00e+00	0.00e+00	0.00e+00
 3.83161e+13	1.10e-34	6.46e-27	7.46e-20	9.42e-14	1.17e-08	1.16e-04	1.00e+00	0.00e+00	0.00e+00	0.00e+00	0.00e+00	0.00e+00
 3.97820e+13	1.69e-34	9.25e-27	9.97e-20	1.17e-13	1.36e-08	1.25e-04	1.00e+00	0.00e+00	0.00e+00	0.00e+00	0.00e+00	0.00e+00
 4.11613e+13	2.50e-34	1.28e-26	1.30e-19	1.43e-13	1.56e-08	1.34e-04	1.00e+00	0.00e+00	0.00e+00	0.00e+00	0.00e+00	0.00e+00
 4.26676e+13	3.78e-34	1.82e-26	1.72e-19	1.77e-13	1.79e-08	1.44e-04	1.00e+00	0.00e+00	0.00e+00	0.00e+00	0.00e+00	0.00e+00
 4.43508e+13	5.91e-34	2.64e-26	2.32e-19	2.23e-13	2.09e-08	1.56e-04	1.00e+00	0.00e+00	0.00e+00	0.00e+00	0.00e+00	0.00e+00
 4.59388e+13	8.89e-34	3.72e-26	3.06e-19	2.74e-13	2.40e-08	1.67e-04	1.00e+00	0.00e+00	0.00e+00	0.00e+00	0.00e+00	0.00e+00
 4.76436e+13	1.36e-33	5.30e-26	4.06e-19	3.39e-13	2.77e-08	1.80e-04	1.00e+00	0.00e+00	0.00e+00	0.00e+00	0.00e+00	0.00e+00
 4.95793e+13	2.15e-33	7.79e-26	5.54e-19	4.29e-13	3.24e-08	1.94e-04	1.00e+00	0.00e+00	0.00e+00	0.00e+00	0.00e+00	0.00e+00
 5.14781e+13	3.34e-33	1.12e-25	7.44e-19	5.36e-13	3.76e-08	2.10e-04	1.00e+00	0.00e+00	0.00e+00	0.00e+00	0.00e+00	0.00e+00
 5.34529e+13	5.19e-33	1.62e-25	9.99e-19	6.69e-13	4.36e-08	2.26e-04	1.00e+00	0.00e+00	0.00e+00	0.00e+00	0.00e+00	0.00e+00
 5.56210e+13	8.24e-33	2.39e-25	1.36e-18	8.46e-13	5.10e-08	2.44e-04	1.00e+00	0.00e+00	0.00e+00	0.00e+00	0.00e+00	0.00e+00
 5.78154e+13	1.30e-32	3.49e-25	1.85e-18	1.06e-12	5.94e-08	2.64e-04	1.00e+00	0.00e+00	0.00e+00	0.00e+00	0.00e+00	0.00e+00
 6.00976e+13	2.04e-32	5.09e-25	2.50e-18	1.34e-12	6.92e-08	2.85e-04	1.00e+00	0.00e+00	0.00e+00	0.00e+00	0.00e+00	0.00e+00
 6.23896e+13	3.15e-32	7.33e-25	3.36e-18	1.67e-12	8.03e-08	3.07e-04	1.00e+00	0.00e+00	0.00e+00	0.00e+00	0.00e+00	0.00e+00
 6.45533e+13	4.69e-32	1.02e-24	4.39e-18	2.04e-12	9.18e-08	3.29e-04	1.00e+00	0.00e+00	0.00e+00	0.00e+00	0.00e+00	0.00e+00
 6.69454e+13	7.18e-32	1.46e-24	5.84e-18	2.53e-12	1.06e-07	3.54e-04	1.00e+00	0.00e+00	0.00e+00	0.00e+00	0.00e+00	0.00e+00
 6.93410e+13	1.08e-31	2.05e-24	7.69e-18	3.12e-12	1.22e-07	3.79e-04	1.00e+00	0.00e+00	0.00e+00	0.00e+00	0.00e+00	0.00e+00
 7.13177e+13	1.50e-31	2.70e-24	9.59e-18	3.68e-12	1.36e-07	4.01e-04	1.00e+00	0.00e+00	0.00e+00	0.00e+00	0.00e+00	0.00e+00
 7.34070e+13	2.10e-31	3.58e-24	1.20e-17	4.37e-12	1.53e-07	4.25e-04	1.00e+00	0.00e+00	0.00e+00	0.00e+00	0.00e+00	0.00e+00
 7.60947e+13	3.18e-31	5.07e-24	1.59e-17	5.40e-12	1.76e-07	4.57e-04	1.00e+00	0.00e+00	0.00e+00	0.00e+00	0.00e+00	0.00e+00
 7.89241e+13	4.86e-31	7.23e-24	2.12e-17	6.71e-12	2.04e-07	4.92e-04	1.00e+00	0.00e+00	0.00e+00	0.00e+00	0.00e+00	0.00e+00
 8.14138e+13	7.05e-31	9.88e-24	2.73e-17	8.06e-12	2.30e-07	5.24e-04	9.99e-01	0.00e+00	0.00e+00	0.00e+00	0.00e+00	0.00e+00
 8.40977e+13	1.02e-30	1.34e-23	3.49e-17	9.77e-12	2.62e-07	5.59e-04	9.99e-01	0.00e+00	0.00e+00	0.00e+00	0.00e+00	0.00e+00
 8.73420e+13	1.57e-30	1.93e-23	4.69e-17	1.22e-11	3.04e-07	6.04e-04	9.99e-01	0.00e+00	0.00e+00	0.00e+00	0.00e+00	0.00e+00
 9.06369e+13	2.41e-30	2.76e-23	6.26e-17	1.52e-11	3.52e-07	6.51e-04	9.99e-01	0.00e+00	0.00e+00	0.00e+00	0.00e+00	0.00e+00
 9.37032e+13	3.53e-30	3.81e-23	8.12e-17	1.85e-11	4.02e-07	6.96e-04	9.99e-01	0.00e+00	0.00e+00	0.00e+00	0.00e+00	0.00e+00
 9.71207e+13	5.32e-30	5.38e-23	1.07e-16	2.29e-11	4.64e-07	7.49e-04	9.99e-01	0.00e+00	0.00e+00	0.00e+00	0.00e+00	0.00e+00
 1.00770e+14	8.12e-30	7.67e-23	1.43e-16	2.85e-11	5.37e-07	8.07e-04	9.99e-01	0.00e+00	0.00e+00	0.00e+00	0.00e+00	0.00e+00
 1.04015e+14	1.17e-29	1.04e-22	1.83e-16	3.44e-11	6.09e-07	8.61e-04	9.99e-01	0.00e+00	0.00e+00	0.00e+00	0.00e+00	0.00e+00
 1.07497e+14	1.70e-29	1.43e-22	2.37e-16	4.19e-11	6.94e-07	9.21e-04	9.99e-01	0.00e+00	0.00e+00	0.00e+00	0.00e+00	0.00e+00
 1.11670e+14	2.63e-29	2.06e-22	3.18e-16	5.25e-11	8.07e-07	9.96e-04	9.99e-01	0.00e+00	0.00e+00	0.00e+00	0.00e+00	0.00e+00
 1.15772e+14	3.96e-29	2.91e-22	4.22e-16	6.50e-11	9.32e-07	1.07e-03	9.99e-01	0.00e+00	0.00e+00	0.00e+00	0.00e+00	0.00e+00
 1.19417e+14	5.65e-29	3.92e-22	5.37e-16	7.81e-11	1.05e-06	1.14e-03	9.99e-01	0.00e+00	0.00e+00	0.00e+00	0.00e+00	0.00e+00
 1.23437e+14	8.23e-29	5.38e-22	6.94e-16	9.50e-11	1.20e-06	1.22e-03	9.99e-01	0.00e+00	0.00e+00	0.00e+00	0.00e+00	0.00e+00
 1.28238e+14	1.27e-28	7.75e-22	9.35e-16	1.19e-10	1.40e-06	1.32e-03	9.99e-01	0.00e+00	0.00e+00	0.00e+00	0.00e+00	0.00e+00
 1.33008e+14	1.93e-28	1.10e-21	1.24e-15	1.48e-10	1.62e-06	1.43e-03	9.99e-01	0.00e+00	0.00e+00	0.00e+00	0.00e+00	0.00e+00
 1.37357e+14	2.78e-28	1.50e-21	1.60e-15	1.79e-10	1.84e-06	1.52e-03	9.98e-01	0.00e+00	0.00e+00	0.00e+00	0.00e+00	0.00e+00
 1.42207e+14	4.12e-28	2.09e-21	2.09e-15	2.20e-10	2.11e-06	1.63e-03	9.98e-01	0.00e+00	0.00e+00	0.00e+00	0.00e+00	0.00e+00
 1.47862e+14	6.42e-28	3.03e-21	2.83e-15	2.77e-10	2.47e-06	1.77e-03	9.98e-01	0.00e+00	0.00e+00	0.00e+00	0.00e+00	0.00e+00
 1.53420e+14	9.78e-28	4.32e-21	3.78e-15	3.45e-10	2.86e-06	1.91e-03	9.98e-01	0.00e+00	0.00e+00	0.00e+00	0.00e+00	0.00e+00
 1.58658e+14	1.43e-27	5.97e-21	4.91e-15	4.21e-10	3.27e-06	2.05e-03	9.98e-01	0.00e+00	0.00e+00	0.00e+00	0.00e+00	0.00e+00
 1.64492e+14	2.16e-27	8.44e-21	6.50e-15	5.22e-10	3.77e-06	2.20e-03	9.98e-01	0.00e+00	0.00e+00	0.00e+00	0.00e+00	0.00e+00
 1.71101e+14	3.38e-27	1.23e-20	8.83e-15	6.60e-10	4.41e-06	2.39e-03	9.98e-01	0.00e+00	0.00e+00	0.00e+00	0.00e+00	0.00e+00
 1.77705e+14	5.23e-27	1.77e-20	1.19e-14	8.26e-10	5.13e-06	2.58e-03	9.97e-01	0.00e+00	0.00e+00	0.00e+00	0.00e+00	0.00e+00
 1.83886e+14	7.73e-27	2.46e-20	1.55e-14	1.01e-09	5.87e-06	2.77e-03	9.97e-01	0.00e+00	0.00e+00	0.00e+00	0.00e+00	0.00e+00
 1.90584e+14	1.17e-26	3.48e-20	2.05e-14	1.25e-09	6.77e-06	2.98e-03	9.97e-01	0.00e+00	0.00e+00	0.00e+00	0.00e+00	0.00e+00
 1.98079e+14	1.81e-26	5.05e-20	2.77e-14	1.57e-09	7.89e-06	3.22e-03	9.97e-01	0.00e+00	0.00e+00	0.00e+00	0.00e+00	0.00e+00
 2.05079e+14	2.71e-26	7.07e-20	3.64e-14	1.93e-09	9.06e-06	3.46e-03	9.97e-01	0.00e+00	0.00e+00	0.00e+00	0.00e+00	0.00e+00
 2.11564e+14	3.87e-26	9.55e-20	4.65e-14	2.33e-09	1.03e-05	3.68e-03	9.96e-01	0.00e+00	0.00e+00	0.00e+00	0.00e+00	0.00e+00
 2.17809e+14	5.42e-26	1.27e-19	5.84e-14	2.77e-09	1.15e-05	3.91e-03	9.96e-01	0.00e+00	0.00e+00	0.00e+00	0.00e+00	0.00e+00
 2.24749e+14	7.77e-26	1.71e-19	7.46e-14	3.33e-09	1.30e-05	4.16e-03	9.96e-01	0.00e+00	0.00e+00	0.00e+00	0.00e+00	0.00e+00
 2.32426e+14	1.15e-25	2.38e-19	9.72e-14	4.07e-09	1.49e-05	4.46e-03	9.96e-01	0.00e+00	0.00e+00	0.00e+00	0.00e+00	0.00e+00
 2.39573e+14	1.63e-25	3.19e-19	1.23e-13	4.88e-09	1.68e-05	4.74e-03	9.95e-01	0.00e+00	0.00e+00	0.00e+00	0.00e+00	0.00e+00
 2.47376e+14	2.36e-25	4.35e-19	1.59e-13	5.90e-09	1.91e-05	5.06e-03	9.95e-01	0.00e+00	0.00e+00	0.00e+00	0.00e+00	0.00e+00
 2.56158e+14	3.53e-25	6.11e-19	2.08e-13	7.26e-09	2.19e-05	5.43e-03	9.95e-01	0.00e+00	0.00e+00	0.00e+00	0.00e+00	0.00e+00
 2.64533e+14	5.14e-25	8.37e-19	2.69e-13	8.79e-09	2.49e-05	5.79e-03	9.94e-01	0.00e+00	0.00e+00	0.00e+00	0.00e+00	0.00e+00
 2.73740e+14	7.63e-25	1.17e-18	3.51e-13	1.08e-08	2.85e-05	6.21e-03	9.94e-01	0.00e+00	0.00e+00	0.00e+00	0.00e+00	0.00e+00
 2.83883e+14	1.16e-24	1.66e-18	4.68e-13	1.34e-08	3.30e-05	6.68e-03	9.93e-01	0.00e+00	0.00e+00	0.00e+00	0.00e+00	0.00e+00
 2.93204e+14	1.69e-24	2.28e-18	6.03e-13	1.62e-08	3.75e-05	7.13e-03	9.93e-01	0.00e+00	0.00e+00	0.00e+00	0.00e+00	0.00e+00
 3.03283e+14	2.51e-24	3.16e-18	7.86e-13	1.98e-08	4.29e-05	7.64e-03	9.92e-01	0.00e+00	0.00e+00	0.00e+00	0.00e+00	0.00e+00
 3.14564e+14	3.83e-24	4.51e-18	1.05e-12	2.46e-08	4.96e-05	8.22e-03	9.92e-01	0.00e+00	0.00e+00	0.00e+00	0.00e+00	0.00e+00
 3.25186e+14	5.62e-24	6.23e-18	1.36e-12	3.00e-08	5.66e-05	8.79e-03	9.91e-01	0.00e+00	0.00e+00	0.00e+00	0.00e+00	0.00e+00
 3.36772e+14	8.42e-24	8.75e-18	1.79e-12	3.69e-08	6.50e-05	9.44e-03	9.90e-01	0.00e+00	0.00e+00	0.00e+00	0.00e+00	0.00e+00
 3.49639e+14	1.30e-23	1.26e-17	2.40e-12	4.62e-08	7.54e-05	1.02e-02	9.90e-01	0.00e+00	0.00e+00	0.00e+00	0.00e+00	0.00e+00
 3.61637e+14	1.91e-23	1.74e-17	3.12e-12	5.64e-08	8.62e-05	1.09e-02	9.89e-01	0.00e+00	0.00e+00	0.00e+00	0.00e+00	0.00e+00
 3.74677e+14	2.87e-23	2.45e-17	4.12e-12	6.96e-08	9.92e-05	1.17e-02	9.88e-01	0.00e+00	0.00e+00	0.00e+00	0.00e+00	0.00e+00
 3.89276e+14	4.43e-23	3.54e-17	5.55e-12	8.73e-08	1.15e-04	1.27e-02	9.87e-01	0.00e+00	0.00e+00	0.00e+00	0.00e+00	0.00e+00
 4.03110e+14	6.61e-23	4.96e-17	7.29e-12	1.07e-07	1.33e-04	1.36e-02	9.86e-01	0.00e+00	0.00e+00	0.00e+00	0.00e+00	0.00e+00
 4.17915e+14	9.94e-23	7.00e-17	9.65e-12	1.33e-07	1.53e-04	1.46e-02	9.85e-01	0.00e+00	0.00e+00	0.00e+00	0.00e+00	0.00e+00
 4.34661e+14	1.55e-22	1.02e-16	1.31e-11	1.68e-07	1.79e-04	1.59e-02	9.84e-01	0.00e+00	0.00e+00	0.00e+00	0.00e+00	0.00e+00
 4.51124e+14	2.35e-22	1.45e-16	1.75e-11	2.09e-07	2.07e-04	1.71e-02	9.83e-01	0.00e+00	0.00e+00	0.00e+00	0.00e+00	0.00e+00
 4.68246e+14	3.56e-22	2.06e-16	2.33e-11	2.61e-07	2.40e-04	1.85e-02	9.81e-01	0.00e+00	0.00e+00	0.00e+00	0.00e+00	0.00e+00
 4.87006e+14	5.50e-22	2.98e-16	3.15e-11	3.29e-07	2.80e-04	2.01e-02	9.80e-01	0.00e+00	0.00e+00	0.00e+00	0.00e+00	0.00e+00
 5.05506e+14	8.29e-22	4.23e-16	4.19e-11	4.10e-07	3.25e-04	2.17e-02	9.78e-01	0.00e+00	0.00e+00	0.00e+00	0.00e+00	0.00e+00
 5.20842e+14	1.15e-21	5.60e-16	5.28e-11	4.89e-07	3.65e-04	2.31e-02	9.77e-01	0.00e+00	0.00e+00	0.00e+00	0.00e+00	0.00e+00
 5.33206e+14	1.48e-21	6.95e-16	6.31e-11	5.62e-07	4.00e-04	2.42e-02	9.75e-01	0.00e+00	0.00e+00	0.00e+00	0.00e+00	0.00e+00
 5.46924e+14	1.95e-21	8.78e-16	7.66e-11	6.53e-07	4.43e-04	2.55e-02	9.74e-01	0.00e+00	0.00e+00	0.00e+00	0.00e+00	0.00e+00
 5.64757e+14	2.75e-21	1.18e-15	9.77e-11	7.89e-07	5.02e-04	2.73e-02	9.72e-01	0.00e+00	0.00e+00	0.00e+00	0.00e+00	0.00e+00
 5.83882e+14	3.92e-21	1.60e-15	1.26e-10	9.60e-07	5.72e-04	2.93e-02	9.70e-01	0.00e+00	0.00e+00	0.00e+00	0.00e+00	0.00e+00
 6.00857e+14	5.33e-21	2.08e-15	1.57e-10	1.14e-06	6.40e-04	3.11e-02	9.68e-01	0.00e+00	0.00e+00	0.00e+00	0.00e+00	0.00e+00
 6.19094e+14	7.24e-21	2.72e-15	1.96e-10	1.35e-06	7.20e-04	3.32e-02	9.66e-01	0.00e+00	0.00e+00	0.00e+00	0.00e+00	0.00e+00
 6.42006e+14	1.06e-20	3.78e-15	2.58e-10	1.68e-06	8.30e-04	3.58e-02	9.63e-01	0.00e+00	0.00e+00	0.00e+00	0.00e+00	0.00e+00
 6.65263e+14	1.54e-20	5.22e-15	3.38e-10	2.07e-06	9.54e-04	3.86e-02	9.60e-01	0.00e+00	0.00e+00	0.00e+00	0.00e+00	0.00e+00
 6.85342e+14	2.10e-20	6.82e-15	4.22e-10	2.46e-06	1.07e-03	4.11e-02	9.58e-01	0.00e+00	0.00e+00	0.00e+00	0.00e+00	0.00e+00
 7.07019e+14	2.87e-20	8.99e-15	5.33e-10	2.95e-06	1.21e-03	4.39e-02	9.55e-01	0.00e+00	0.00e+00	0.00e+00	0.00e+00	0.00e+00
 7.33672e+14	4.19e-20	1.25e-14	7.04e-10	3.67e-06	1.40e-03	4.76e-02	9.51e-01	0.00e+00	0.00e+00	0.00e+00	0.00e+00	0.00e+00
 7.60725e+14	6.04e-20	1.73e-14	9.24e-10	4.54e-06	1.61e-03	5.14e-02	9.47e-01	0.00e+00	0.00e+00	0.00e+00	0.00e+00	0.00e+00
 7.84809e+14	8.25e-20	2.27e-14	1.17e-09	5.44e-06	1.81e-03	5.49e-02	9.43e-01	0.00e+00	0.00e+00	0.00e+00	0.00e+00	0.00e+00
 8.11101e+14	1.15e-19	3.04e-14	1.49e-09	6.60e-06	2.06e-03	5.89e-02	9.39e-01	0.00e+00	0.00e+00	0.00e+00	0.00e+00	0.00e+00
 8.42496e+14	1.68e-19	4.26e-14	1.98e-09	8.24e-06	2.38e-03	6.39e-02	9.34e-01	0.00e+00	0.00e+00	0.00e+00	0.00e+00	0.00e+00
 8.73512e+14	2.40e-19	5.86e-14	2.60e-09	1.02e-05	2.74e-03	6.90e-02	9.28e-01	0.00e+00	0.00e+00	0.00e+00	0.00e+00	0.00e+00
 9.01502e+14	3.28e-19	7.73e-14	3.29e-09	1.22e-05	3.09e-03	7.37e-02	9.23e-01	0.00e+00	0.00e+00	0.00e+00	0.00e+00	0.00e+00
 9.32570e+14	4.59e-19	1.04e-13	4.24e-09	1.49e-05	3.51e-03	7.92e-02	9.17e-01	0.00e+00	0.00e+00	0.00e+00	0.00e+00	0.00e+00
 9.69147e+14	6.72e-19	1.46e-13	5.65e-09	1.86e-05	4.06e-03	8.58e-02	9.10e-01	0.00e+00	0.00e+00	0.00e+00	0.00e+00	0.00e+00
 1.00523e+15	9.66e-19	2.03e-13	7.43e-09	2.30e-05	4.67e-03	9.26e-02	9.03e-01	0.00e+00	0.00e+00	0.00e+00	0.00e+00	0.00e+00
 1.03873e+15	1.34e-18	2.71e-13	9.49e-09	2.78e-05	5.28e-03	9.90e-02	8.96e-01	0.00e+00	0.00e+00	0.00e+00	0.00e+00	0.00e+00
 1.07627e+15	1.90e-18	3.71e-13	1.24e-08	3.42e-05	6.03e-03	1.07e-01	8.87e-01	0.00e+00	0.00e+00	0.00e+00	0.00e+00	0.00e+00
 1.11936e+15	2.81e-18	5.27e-13	1.66e-08	4.29e-05	6.98e-03	1.15e-01	8.78e-01	0.00e+00	0.00e+00	0.00e+00	0.00e+00	0.00e+00
 1.16173e+15	4.08e-18	7.36e-13	2.20e-08	5.32e-05	8.01e-03	1.24e-01	8.68e-01	0.00e+00	0.00e+00	0.00e+00	0.00e+00	0.00e+00
 1.20579e+15	5.92e-18	1.03e-12	2.91e-08	6.59e-05	9.18e-03	1.34e-01	8.57e-01	0.00e+00	0.00e+00	0.00e+00	0.00e+00	0.00e+00
 1.24594e+15	8.24e-18	1.38e-12	3.73e-08	7.95e-05	1.04e-02	1.43e-01	8.47e-01	0.00e+00	0.00e+00	0.00e+00	0.00e+00	0.00e+00
 1.27584e+15	1.05e-17	1.71e-12	4.46e-08	9.10e-05	1.13e-02	1.49e-01	8.39e-01	0.00e+00	0.00e+00	0.00e+00	0.00e+00	0.00e+00
 1.30665e+15	1.33e-17	2.12e-12	5.34e-08	1.04e-04	1.23e-02	1.56e-01	8.31e-01	0.00e+00	0.00e+00	0.00e+00	0.00e+00	0.00e+00
 1.34672e+15	1.81e-17	2.79e-12	6.71e-08	1.24e-04	1.37e-02	1.66e-01	8.21e-01	0.00e+00	0.00e+00	0.00e+00	0.00e+00	0.00e+00
 1.39027e+15	2.56e-17	3.74e-12	8.53e-08	1.48e-04	1.54e-02	1.76e-01	8.09e-01	0.00e+00	0.00e+00	1.47e-17	7.70e-18	2.61e-18
 1.42971e+15	3.41e-17	4.82e-12	1.05e-07	1.74e-04	1.70e-02	1.85e-01	7.98e-01	0.00e+00	0.00e+00	1.96e-17	1.03e-17	3.48e-18
 1.47233e+15	4.61e-17	6.31e-12	1.31e-07	2.05e-04	1.89e-02	1.95e-01	7.86e-01	0.00e+00	0.00e+00	2.65e-17	1.39e-17	4.69e-18
 1.52637e+15	6.71e-17	8.79e-12	1.72e-07	2.51e-04	2.14e-02	2.08e-01	7.71e-01	0.00e+00	0.00e+00	3.86e-17	2.03e-17	6.80e-18
 1.58078e+15	9.67e-17	1.21e-11	2.25e-07	3.05e-04	2.42e-02	2.21e-01	7.55e-01	0.00e+00	0.00e+00	5.57e-17	2.92e-17	9.76e-18
 1.62638e+15	1.30e-16	1.57e-11	2.78e-07	3.57e-04	2.67e-02	2.31e-01	7.42e-01	0.00e+00	0.00e+00	7.50e-17	3.92e-17	1.31e-17
 1.67501e+15	1.77e-16	2.06e-11	3.46e-07	4.20e-04	2.95e-02	2.43e-01	7.27e-01	0.00e+00	0.00e+00	1.02e-16	5.34e-17	1.78e-17
 1.73656e+15	2.60e-16	2.88e-11	4.54e-07	5.13e-04	3.33e-02	2.58e-01	7.09e-01	0.00e+00	0.00e+00	1.50e-16	7.83e-17	2.60e-17
 1.80115e+15	3.83e-16	4.04e-11	5.97e-07	6.26e-04	3.77e-02	2.73e-01	6.89e-01	0.00e+00	0.00e+00	2.21e-16	1.15e-16	3.82e-17
 1.85928e+15	5.36e-16	5.40e-11	7.55e-07	7.43e-04	4.18e-02	2.86e-01	6.72e-01	0.00e+00	0.00e+00	3.10e-16	1.61e-16	5.34e-17
 1.92275e+15	7.68e-16	7.36e-11	9.68e-07	8.89e-04	4.67e-02	3.00e-01	6.52e-01	0.00e+00	0.00e+00	4.44e-16	2.31e-16	7.63e-17
 1.99782e+15	1.16e-15	1.05e-10	1.29e-06	1.09e-03	5.28e-02	3.17e-01	6.30e-01	0.00e+00	0.00e+00	6.72e-16	3.50e-16	1.15e-16
 2.07141e+15	1.71e-15	1.46e-10	1.68e-06	1.32e-03	5.92e-02	3.32e-01	6.07e-01	0.00e+00	0.00e+00	9.92e-16	5.17e-16	1.70e-16
 2.13848e+15	2.42e-15	1.96e-10	2.11e-06	1.56e-03	6.53e-02	3.46e-01	5.87e-01	0.00e+00	0.00e+00	1.40e-15	7.28e-16	2.39e-16
 2.21361e+15	3.51e-15	2.68e-10	2.72e-06	1.86e-03	7.26e-02	3.60e-01	5.65e-01	0.00e+00	0.00e+00	2.03e-15	1.06e-15	3.47e-16
 2.30120e+15	5.35e-15	3.82e-10	3.60e-06	2.27e-03	8.15e-02	3.77e-01	5.40e-01	0.00e+00	0.00e+00	3.10e-15	1.61e-15	5.28e-16
 2.38746e+15	7.99e-15	5.34e-10	4.68e-06	2.74e-03	9.09e-02	3.92e-01	5.15e-01	0.00e+00	0.00e+00	4.63e-15	2.41e-15	7.87e-16
 2.46881e+15	1.15e-14	7.22e-10	5.95e-06	3.23e-03	1.00e-01	4.05e-01	4.92e-01	0.00e+00	0.00e+00	6.67e-15	3.47e-15	1.13e-15
 2.55923e+15	1.70e-14	9.99e-10	7.67e-06	3.86e-03	1.11e-01	4.18e-01	4.67e-01	0.00e+00	0.00e+00	9.87e-15	5.14e-15	1.68e-15
 2.64530e+15	2.44e-14	1.34e-09	9.68e-06	4.54e-03	1.21e-01	4.30e-01	4.45e-01	0.00e+00	0.00e+00	1.42e-14	7.37e-15	2.40e-15
 2.70925e+15	3.16e-14	1.66e-09	1.14e-05	5.09e-03	1.29e-01	4.38e-01	4.28e-01	0.00e+00	0.00e+00	1.83e-14	9.54e-15	3.11e-15
 2.77386e+15	4.09e-14	2.05e-09	1.35e-05	5.69e-03	1.38e-01	4.45e-01	4.12e-01	0.00e+00	0.00e+00	2.37e-14	1.23e-14	4.02e-15
 2.85784e+15	5.65e-14	2.66e-09	1.65e-05	6.55e-03	1.49e-01	4.53e-01	3.91e-01	0.00e+00	0.00e+00	3.28e-14	1.71e-14	5.55e-15
 2.94925e+15	7.94e-14	3.51e-09	2.05e-05	7.58e-03	1.61e-01	4.62e-01	3.70e-01	0.00e+00	0.00e+00	4.60e-14	2.40e-14	7.80e-15
 3.03177e+15	1.07e-13	4.45e-09	2.47e-05	8.60e-03	1.72e-01	4.68e-01	3.51e-01	0.00e+00	0.00e+00	6.20e-14	3.23e-14	1.05e-14
 3.12049e+15	1.46e-13	5.72e-09	3.00e-05	9.80e-03	1.85e-01	4.74e-01	3.32e-01	0.00e+00	0.00e+00	8.47e-14	4.42e-14	1.43e-14
 3.23406e+15	2.15e-13	7.79e-09	3.80e-05	1.15e-02	2.01e-01	4.79e-01	3.09e-01	0.00e+00	0.00e+00	1.25e-13	6.51e-14	2.11e-14
 3.34840e+15	3.11e-13	1.04e-08	4.78e-05	1.34e-02	2.17e-01	4.83e-01	2.86e-01	0.00e+00	0.00e+00	1.80e-13	9.39e-14	3.05e-14
 3.44270e+15	4.17e-13	1.32e-08	5.73e-05	1.51e-02	2.30e-01	4.86e-01	2.69e-01	0.00e+00	0.00e+00	2.42e-13	1.26e-13	4.09e-14
 3.54248e+15	5.66e-13	1.68e-08	6.89e-05	1.70e-02	2.45e-01	4.86e-01	2.52e-01	0.00e+00	0.00e+00	3.28e-13	1.71e-13	5.55e-14
 3.67087e+15	8.27e-13	2.26e-08	8.66e-05	1.97e-02	2.63e-01	4.86e-01	2.31e-01	0.00e+00	0.00e+00	4.80e-13	2.50e-13	8.11e-14
 3.80558e+15	1.21e-12	3.05e-08	1.09e-04	2.29e-02	2.82e-01	4.84e-01	2.11e-01	0.00e+00	0.00e+00	7.03e-13	3.67e-13	1.19e-13
 3.92321e+15	1.67e-12	3.92e-08	1.32e-04	2.58e-02	2.98e-01	4.81e-01	1.94e-01	0.00e+00	0.00e+00	9.70e-13	5.06e-13	1.64e-13
 4.04948e+15	2.34e-12	5.09e-08	1.60e-04	2.93e-02	3.16e-01	4.77e-01	1.78e-01	0.00e+00	0.00e+00	1.36e-12	7.09e-13	2.30e-13
 4.20329e+15	3.47e-12	6.91e-08	2.02e-04	3.38e-02	3.37e-01	4.69e-01	1.60e-01	0.00e+00	0.00e+00	2.02e-12	1.05e-12	3.40e-13
 4.35540e+15	5.02e-12	9.20e-08	2.51e-04	3.87e-02	3.56e-01	4.61e-01	1.44e-01	0.00e+00	0.00e+00	2.92e-12	1.52e-12	4.92e-13
 4.48769e+15	6.85e-12	1.17e-07	3.00e-04	4.33e-02	3.73e-01	4.53e-01	1.31e-01	0.00e+00	0.00e+00	3.98e-12	2.08e-12	6.72e-13
 4.63167e+15	9.52e-12	1.50e-07	3.62e-04	4.85e-02	3.90e-01	4.42e-01	1.18e-01	0.00e+00	0.00e+00	5.53e-12	2.89e-12	9.33e-13
 4.80733e+15	1.40e-11	2.03e-07	4.52e-04	5.54e-02	4.11e-01	4.29e-01	1.04e-01	0.00e+00	0.00e+00	8.15e-12	4.25e-12	1.37e-12
 4.97701e+15	1.99e-11	2.65e-07	5.53e-04	6.25e-02	4.29e-01	4.15e-01	9.24e-02	0.00e+00	0.00e+00	1.15e-11	6.03e-12	1.95e-12
 5.10716e+15	2.57e-11	3.23e-07	6.43e-04	6.83e-02	4.42e-01	4.05e-01	8.42e-02	0.00e+00	0.00e+00	1.49e-11	7.80e-12	2.52e-12
 5.23306e+15	3.30e-11	3.91e-07	7.40e-04	7.41e-02	4.55e-01	3.94e-01	7.69e-02	0.00e+00	0.00e+00	1.92e-11	1.00e-11	3.24e-12
 5.39674e+15	4.53e-11	4.98e-07	8.84e-04	8.21e-02	4.70e-01	3.79e-01	6.83e-02	0.00e+00	0.00e+00	2.63e-11	1.38e-11	4.44e-12
 5.56317e+15	6.10e-11	6.26e-07	1.05e-03	9.05e-02	4.83e-01	3.64e-01	6.06e-02	0.00e+00	0.00e+00	3.54e-11	1.85e-11	5.98e-12
 5.70229e+15	7.78e-11	7.54e-07	1.21e-03	9.79e-02	4.94e-01	3.52e-01	5.48e-02	0.00e+00	0.00e+00	4.52e-11	2.36e-11	7.63e-12
 5.85229e+15	1.01e-10	9.20e-07	1.40e-03	1.06e-01	5.05e-01	3.38e-01	4.92e-02	0.00e+00	0.00e+00	5.87e-11	3.07e-11	9.91e-12
 6.04729e+15	1.41e-10	1.18e-06	1.68e-03	1.18e-01	5.17e-01	3.21e-01	4.26e-02	0.00e+00	0.00e+00	8.19e-11	4.28e-11	1.38e-11
 6.24366e+15	1.91e-10	1.50e-06	2.00e-03	1.29e-01	5.28e-01	3.04e-01	3.70e-02	0.00e+00	0.00e+00	1.11e-10	5.80e-11	1.87e-11
 6.40613e+15	2.44e-10	1.81e-06	2.31e-03	1.39e-01	5.36e-01	2.90e-01	3.29e-02	0.00e+00	0.00e+00	1.42e-10	7.41e-11	2.39e-11
 6.58164e+15	3.20e-10	2.22e-06	2.68e-03	1.51e-01	5.43e-01	2.75e-01	2.89e-02	0.00e+00	0.00e+00	1.86e-10	9.71e-11	3.14e-11
 6.80981e+15	4.50e-10	2.87e-06	3.24e-03	1.66e-01	5.50e-01	2.56e-01	2.44e-02	0.00e+00	0.00e+00	2.61e-10	1.37e-10	4.41e-11
 7.03688e+15	6.09e-10	3.64e-06	3.87e-03	1.82e-01	5.55e-01	2.38e-01	2.07e-02	0.00e+00	0.00e+00	3.54e-10	1.85e-10	5.98e-11
 7.21491e+15	7.69e-10	4.35e-06	4.43e-03	1.95e-01	5.58e-01	2.25e-01	1.82e-02	0.00e+00	0.00e+00	4.47e-10	2.34e-10	7.56e-11
 7.39872e+15	9.87e-10	5.27e-06	5.10e-03	2.08e-01	5.60e-01	2.11e-01	1.59e-02	0.00e+00	0.00e+00	5.74e-10	3.00e-10	9.71e-11
 7.63769e+15	1.36e-09	6.71e-06	6.09e-03	2.27e-01	5.60e-01	1.94e-01	1.33e-02	0.00e+00	0.00e+00	7.90e-10	4.13e-10	1.34e-10
 7.88089e+15	1.80e-09	8.38e-06	7.21e-03	2.45e-01	5.58e-01	1.78e-01	1.12e-02	0.00e+00	0.00e+00	1.05e-09	5.49e-10	1.78e-10
 8.07978e+15	2.28e-09	1.00e-05	8.27e-03	2.61e-01	5.55e-01	1.66e-01	9.63e-03	0.00e+00	0.00e+00	1.33e-09	6.94e-10	2.25e-10
 8.28850e+15	2.95e-09	1.22e-05	9.55e-03	2.78e-01	5.51e-01	1.53e-01	8.22e-03	0.00e+00	0.00e+00	1.72e-09	8.99e-10	2.91e-10
 8.51080e+15	3.81e-09	1.49e-05	1.11e-02	2.97e-01	5.45e-01	1.41e-01	6.96e-03	0.00e+00	0.00e+00	2.22e-09	1.16e-09	3.76e-10
 8.70409e+15	4.71e-09	1.76e-05	1.26e-02	3.13e-01	5.38e-01	1.30e-01	6.02e-03	0.00e+00	0.00e+00	2.74e-09	1.44e-09	4.66e-10
 8.87843e+15	5.73e-09	2.05e-05	1.41e-02	3.27e-01	5.32e-01	1.22e-01	5.27e-03	0.00e+00	0.00e+00	3.34e-09	1.75e-09	5.67e-10
 9.07479e+15	7.19e-09	2.44e-05	1.60e-02	3.44e-01	5.23e-01	1.12e-01	4.53e-03	0.00e+00	0.00e+00	4.18e-09	2.19e-09	7.11e-10
 9.29129e+15	9.18e-09	2.94e-05	1.84e-02	3.63e-01	5.12e-01	1.02e-01	3.82e-03	0.00e+00	0.00e+00	5.34e-09	2.80e-09	9.08e-10
 9.48855e+15	1.13e-08	3.45e-05	2.08e-02	3.80e-01	5.02e-01	9.40e-02	3.28e-03	0.00e+00	0.00e+00	6.56e-09	3.44e-09	1.12e-09
 9.67133e+15	1.38e-08	4.04e-05	2.34e-02	3.96e-01	4.91e-01	8.66e-02	2.84e-03	0.00e+00	0.00e+00	8.03e-09	4.21e-09	1.37e-09
 9.88068e+15	1.76e-08	4.87e-05	2.69e-02	4.14e-01	4.78e-01	7.85e-02	2.39e-03	0.00e+00	0.00e+00	1.03e-08	5.38e-09	1.75e-09
 1.01029e+16	2.26e-08	5.89e-05	3.10e-02	4.34e-01	4.63e-01	7.07e-02	1.99e-03	0.00e+00	0.00e+00	1.32e-08	6.90e-09	2.24e-09
 1.02939e+16	2.78e-08	6.93e-05	3.50e-02	4.50e-01	4.49e-01	6.44e-02	1.70e-03	0.00e+00	0.00e+00	1.62e-08	8.50e-09	2.76e-09
 1.04677e+16	3.40e-08	8.09e-05	3.92e-02	4.65e-01	4.36e-01	5.90e-02	1.46e-03	0.00e+00	0.00e+00	1.98e-08	1.04e-08	3.38e-09
 1.06672e+16	4.30e-08	9.69e-05	4.48e-02	4.82e-01	4.19e-01	5.30e-02	1.22e-03	0.00e+00	0.00e+00	2.50e-08	1.31e-08	4.27e-09
 1.08806e+16	5.59e-08	1.18e-04	5.18e-02	4.99e-01	4.01e-01	4.71e-02	1.00e-03	0.00e+00	0.00e+00	3.25e-08	1.71e-08	5.56e-09
 1.10632e+16	6.91e-08	1.40e-04	5.86e-02	5.13e-01	3.85e-01	4.24e-02	8.51e-04	0.00e+00	0.00e+00	4.02e-08	2.11e-08	6.88e-09
 1.12246e+16	8.45e-08	1.63e-04	6.57e-02	5.26e-01	3.69e-01	3.85e-02	7.28e-04	0.00e+00	0.00e+00	4.92e-08	2.58e-08	8.42e-09
 1.14075e+16	1.07e-07	1.95e-04	7.50e-02	5.39e-01	3.51e-01	3.43e-02	6.06e-04	0.00e+00	0.00e+00	6.22e-08	3.26e-08	1.06e-08
 1.16030e+16	1.40e-07	2.40e-04	8.68e-02	5.52e-01	3.31e-01	3.00e-02	4.93e-04	0.00e+00	0.00e+00	8.16e-08	4.28e-08	1.40e-08
 1.17686e+16	1.75e-07	2.85e-04	9.84e-02	5.61e-01	3.13e-01	2.67e-02	4.12e-04	0.00e+00	0.00e+00	1.02e-07	5.36e-08	1.75e-08
 1.19112e+16	2.12e-07	3.31e-04	1.10e-01	5.68e-01	2.97e-01	2.40e-02	3.52e-04	0.00e+00	0.00e+00	1.23e-07	6.49e-08	2.12e-08
 1.20705e+16	2.73e-07	4.00e-04	1.26e-01	5.75e-01	2.78e-01	2.10e-02	2.88e-04	0.00e+00	0.00e+00	1.59e-07	8.34e-08	2.72e-08
 1.22364e+16	3.59e-07	4.91e-04	1.45e-01	5.79e-01	2.58e-01	1.82e-02	2.32e-04	0.00e+00	0.00e+00	2.09e-07	1.10e-07	3.59e-08
 1.23676e+16	4.42e-07	5.76e-04	1.62e-01	5.80e-01	2.41e-01	1.61e-02	1.95e-04	0.00e+00	0.00e+00	2.57e-07	1.35e-07	4.42e-08
 1.24768e+16	5.27e-07	6.60e-04	1.79e-01	5.79e-01	2.27e-01	1.44e-02	1.66e-04	0.00e+00	0.00e+00	3.07e-07	1.61e-07	5.27e-08
 1.26007e+16	6.65e-07	7.87e-04	2.02e-01	5.76e-01	2.09e-01	1.25e-02	1.36e-04	0.00e+00	0.00e+00	3.87e-07	2.04e-07	6.66e-08
 1.27327e+16	8.52e-07	9.47e-04	2.29e-01	5.69e-01	1.90e-01	1.07e-02	1.09e-04	0.00e+00	0.00e+00	4.96e-07	2.61e-07	8.53e-08
 1.28318e+16	1.03e-06	1.09e-03	2.53e-01	5.61e-01	1.76e-01	9.39e-03	9.14e-05	0.00e+00	0.00e+00	6.00e-07	3.15e-07	1.03e-07
 1.28987e+16	1.20e-06	1.22e-03	2.71e-01	5.53e-01	1.66e-01	8.52e-03	7.99e-05	0.00e+00	0.00e+00	6.96e-07	3.66e-07	1.20e-07
 1.29670e+16	1.38e-06	1.35e-03	2.91e-01	5.45e-01	1.55e-01	7.66e-03	6.92e-05	0.00e+00	0.00e+00	8.02e-07	4.22e-07	1.38e-07
 1.30559e+16	1.69e-06	1.57e-03	3.21e-01	5.31e-01	1.41e-01	6.58e-03	5.64e-05	0.00e+00	0.00e+00	9.82e-07	5.17e-07	1.69e-07
 1.31436e+16	2.04e-06	1.80e-03	3.51e-01	5.14e-01	1.27e-01	5.64e-03	4.60e-05	0.00e+00	0.00e+00	1.19e-06	6.25e-07	2.05e-07
 1.32102e+16	2.32e-06	1.98e-03	3.77e-01	5.00e-01	1.17e-01	4.96e-03	3.89e-05	0.00e+00	0.00e+00	1.35e-06	7.09e-07	2.33e-07
 1.32770e+16	2.84e-06	2.28e-03	4.07e-01	4.81e-01	1.05e-01	4.26e-03	3.17e-05	0.00e+00	0.00e+00	1.65e-06	8.69e-07	2.85e-07
 1.33440e+16	3.22e-06	2.51e-03	4.36e-01	4.63e-01	9.51e-02	3.67e-03	2.63e-05	0.00e+00	0.00e+00	1.87e-06	9.87e-07	3.24e-07
 1.34112e+16	3.83e-06	2.84e-03	4.69e-01	4.41e-01	8.43e-02	3.08e-03	2.10e-05	0.00e+00	0.00e+00	2.23e-06	1.17e-06	3.86e-07
 1.34817e+16	4.60e-06	3.22e-03	5.05e-01	4.16e-01	7.36e-02	2.54e-03	1.64e-05	0.00e+00	0.00e+00	2.67e-06	1.41e-06	4.63e-07
 1.35405e+16	5.41e-06	3.60e-03	5.37e-01	3.92e-01	6.49e-02	2.12e-03	1.30e-05	0.00e+00	0.00e+00	3.14e-06	1.66e-06	5.45e-07
 1.35917e+16	6.45e-06	4.03e-03	5.67e-01	3.70e-01	5.74e-02	1.78e-03	1.04e-05	0.00e+00	0.00e+00	3.75e-06	1.98e-06	6.51e-07
 1.36389e+16	7.10e-06	4.31e-03	5.92e-01	3.51e-01	5.12e-02	1.52e-03	8.55e-06	0.00e+00	0.00e+00	4.13e-06	2.18e-06	7.16e-07
 1.36906e+16	8.45e-06	4.83e-03	6.23e-01	3.26e-01	4.42e-02	1.24e-03	6.59e-06	0.00e+00	0.00e+00	4.91e-06	2.59e-06	8.53e-07
 1.37467e+16	9.85e-06	5.34e-03	6.55e-01	3.01e-01	3.76e-02	9.93e-04	4.98e-06	0.00e+00	0.00e+00	5.73e-06	3.02e-06	9.96e-07
 1.38000e+16	1.14e-05	5.87e-03	6.86e-01	2.76e-01	3.18e-02	7.89e-04	3.73e-06	0.00e+00	0.00e+00	6.65e-06	3.51e-06	1.16e-06
 1.38609e+16	1.36e-05	6.55e-03	7.20e-01	2.47e-01	2.58e-02	5.92e-04	2.61e-06	0.00e+00	0.00e+00	7.93e-06	4.19e-06	1.38e-06
 1.39251e+16	1.62e-05	7.28e-03	7.53e-01	2.19e-01	2.05e-02	4.33e-04	1.77e-06	0.00e+00	0.00e+00	9.40e-06	4.97e-06	1.64e-06
 1.39813e+16	1.88e-05	7.97e-03	7.80e-01	1.95e-01	1.65e-02	3.22e-04	1.23e-06	0.00e+00	0.00e+00	1.09e-05	5.78e-06	1.91e-06
 1.40421e+16	2.22e-05	8.80e-03	8.09e-01	1.70e-01	1.28e-02	2.28e-04	8.03e-07	0.00e+00	0.00e+00	1.29e-05	6.83e-06	2.26e-06
 1.41093e+16	2.65e-05	9.74e-03	8.36e-01	1.45e-01	9.56e-03	1.54e-04	0.00e+00	0.00e+00	0.00e+00	1.54e-05	8.14e-06	2.70e-06
 1.41729e+16	3.11e-05	1.07e-02	8.58e-01	1.24e-01	7.18e-03	1.04e-04	0.00e+00	0.00e+00	0.00e+00	1.81e-05	9.56e-06	3.17e-06
 1.42437e+16	3.71e-05	1.18e-02	8.80e-01	1.03e-01	5.14e-03	6.62e-05	0.00e+00	0.00e+00	0.00e+00	2.16e-05	1.14e-05	3.79e-06
 1.43356e+16	4.61e-05	1.32e-02	9.02e-01	8.10e-02	3.30e-03	3.60e-05	0.00e+00	0.00e+00	0.00e+00	2.68e-05	1.42e-05	4.72e-06
 1.44141e+16	5.49e-05	1.45e-02	9.17e-01	6.63e-02	2.29e-03	2.19e-05	0.00e+00	0.00e+00	0.00e+00	3.19e-05	1.69e-05	5.63e-06
 1.44587e+16	6.05e-05	1.53e-02	9.24e-01	5.92e-02	1.86e-03	1.64e-05	0.00e+00	0.00e+00	0.00e+00	3.52e-05	1.86e-05	6.21e-06
 1.45004e+16	6.64e-05	1.60e-02	9.30e-01	5.29e-02	1.51e-03	1.23e-05	0.00e+00	0.00e+00	0.00e+00	3.86e-05	2.04e-05	6.81e-06
 1.45545e+16	7.46e-05	1.70e-02	9.36e-01	4.57e-02	1.16e-03	8.51e-06	0.00e+00	0.00e+00	0.00e+00	4.34e-05	2.30e-05	7.67e-06
 1.46250e+16	8.66e-05	1.84e-02	9.43e-01	3.79e-02	8.23e-04	5.27e-06	0.00e+00	0.00e+00	0.00e+00	5.03e-05	2.66e-05	8.90e-06
 1.46999e+16	1.01e-04	1.99e-02	9.48e-01	3.14e-02	5.81e-04	3.22e-06	0.00e+00	0.00e+00	0.00e+00	5.88e-05	3.11e-05	1.04e-05
 1.47654e+16	1.15e-04	2.13e-02	9.51e-01	2.67e-02	4.32e-04	2.11e-06	0.00e+00	0.00e+00	0.00e+00	6.72e-05	3.56e-05	1.19e-05
 1.48352e+16	1.33e-04	2.29e-02	9.54e-01	2.24e-02	3.13e-04	1.33e-06	0.00e+00	0.00e+00	0.00e+00	7.73e-05	4.09e-05	1.37e-05
