#depth	C	C+	C+2	C+3	C+4	C+5	C+6	C[1]	C[2]	C[3]	C+[1]	C+[2]	CO
 1.49634e+10	8.14e-47	2.36e-35	5.62e-25	4.14e-15	1.02e-04	2.97e-01	7.03e-01	0.00e+00	0.00e+00	0.00e+00	0.00e+00	0.00e+00	2.01e-147
 4.54887e+10	0.00e+00	3.39e-35	7.45e-25	5.07e-15	1.15e-04	3.14e-01	6.86e-01	0.00e+00	0.00e+00	0.00e+00	0.00e+00	0.00e+00	1.29e-190
 7.72350e+10	1.97e-46	4.90e-35	9.96e-25	6.26e-15	1.31e-04	3.31e-01	6.69e-01	0.00e+00	0.00e+00	0.00e+00	0.00e+00	0.00e+00	1.98e-146
 1.10251e+11	0.00e+00	7.09e-35	1.33e-24	7.73e-15	1.50e-04	3.49e-01	6.51e-01	0.00e+00	0.00e+00	0.00e+00	0.00e+00	0.00e+00	6.73e-190
 1.43829e+11	4.77e-46	1.01e-34	1.76e-24	9.47e-15	1.70e-04	3.66e-01	6.33e-01	0.00e+00	0.00e+00	0.00e+00	0.00e+00	0.00e+00	1.92e-145
 1.78750e+11	0.00e+00	1.45e-34	2.33e-24	1.16e-14	1.92e-04	3.85e-01	6.15e-01	0.00e+00	0.00e+00	0.00e+00	0.00e+00	0.00e+00	3.49e-189
 2.15827e+11	1.15e-45	2.09e-34	3.10e-24	1.43e-14	2.18e-04	4.04e-01	5.96e-01	0.00e+00	0.00e+00	0.00e+00	0.00e+00	0.00e+00	1.87e-144
 2.54386e+11	0.00e+00	3.01e-34	4.13e-24	1.75e-14	2.48e-04	4.23e-01	5.77e-01	0.00e+00	0.00e+00	0.00e+00	0.00e+00	0.00e+00	1.80e-188
 2.94489e+11	2.79e-45	4.33e-34	5.48e-24	2.15e-14	2.81e-04	4.42e-01	5.57e-01	0.00e+00	0.00e+00	0.00e+00	0.00e+00	0.00e+00	1.86e-143
 3.36195e+11	0.00e+00	6.22e-34	7.27e-24	2.63e-14	3.18e-04	4.62e-01	5.38e-01	0.00e+00	0.00e+00	0.00e+00	0.00e+00	0.00e+00	9.46e-188
 3.79569e+11	6.75e-45	8.92e-34	9.64e-24	3.22e-14	3.59e-04	4.82e-01	5.18e-01	0.00e+00	0.00e+00	0.00e+00	0.00e+00	0.00e+00	1.85e-142
 4.24679e+11	0.00e+00	1.28e-33	1.28e-23	3.94e-14	4.06e-04	5.02e-01	4.98e-01	0.00e+00	0.00e+00	0.00e+00	0.00e+00	0.00e+00	4.94e-187
 4.71593e+11	1.63e-44	1.83e-33	1.69e-23	4.81e-14	4.57e-04	5.21e-01	4.78e-01	0.00e+00	0.00e+00	0.00e+00	0.00e+00	0.00e+00	1.83e-141
 5.20383e+11	0.00e+00	2.63e-33	2.23e-23	5.87e-14	5.15e-04	5.41e-01	4.58e-01	0.00e+00	0.00e+00	0.00e+00	0.00e+00	0.00e+00	2.57e-186
 5.71126e+11	3.91e-44	3.76e-33	2.95e-23	7.16e-14	5.80e-04	5.61e-01	4.38e-01	0.00e+00	0.00e+00	0.00e+00	0.00e+00	0.00e+00	1.82e-140
 6.20170e+11	0.00e+00	5.23e-33	3.82e-23	8.59e-14	6.46e-04	5.79e-01	4.20e-01	0.00e+00	0.00e+00	0.00e+00	0.00e+00	0.00e+00	1.34e-185
 6.66062e+11	8.49e-44	7.07e-33	4.82e-23	1.01e-13	7.13e-04	5.95e-01	4.04e-01	0.00e+00	0.00e+00	0.00e+00	0.00e+00	0.00e+00	1.39e-139
 7.17517e+11	0.00e+00	9.81e-33	6.22e-23	1.21e-13	7.94e-04	6.13e-01	3.86e-01	0.00e+00	0.00e+00	0.00e+00	0.00e+00	0.00e+00	5.73e-185
 7.74709e+11	1.94e-43	1.39e-32	8.12e-23	1.47e-13	8.87e-04	6.31e-01	3.68e-01	0.00e+00	0.00e+00	0.00e+00	0.00e+00	0.00e+00	1.22e-138
 8.29820e+11	0.00e+00	1.91e-32	1.04e-22	1.75e-13	9.83e-04	6.48e-01	3.51e-01	0.00e+00	0.00e+00	0.00e+00	0.00e+00	0.00e+00	2.65e-184
 8.88570e+11	4.32e-43	2.67e-32	1.35e-22	2.10e-13	1.09e-03	6.65e-01	3.34e-01	0.00e+00	0.00e+00	0.00e+00	0.00e+00	0.00e+00	1.01e-137
 9.54040e+11	0.00e+00	3.80e-32	1.77e-22	2.54e-13	1.22e-03	6.82e-01	3.16e-01	0.00e+00	0.00e+00	0.00e+00	0.00e+00	0.00e+00	1.15e-183
 1.01989e+12	1.02e-42	5.36e-32	2.31e-22	3.06e-13	1.36e-03	6.99e-01	3.00e-01	0.00e+00	0.00e+00	0.00e+00	0.00e+00	0.00e+00	9.76e-137
 1.08838e+12	0.00e+00	7.56e-32	3.02e-22	3.69e-13	1.52e-03	7.15e-01	2.83e-01	0.00e+00	0.00e+00	0.00e+00	0.00e+00	0.00e+00	5.46e-183
 1.16185e+12	2.40e-42	1.08e-31	3.96e-22	4.47e-13	1.69e-03	7.31e-01	2.67e-01	0.00e+00	0.00e+00	0.00e+00	0.00e+00	0.00e+00	9.47e-136
 1.23825e+12	0.00e+00	1.54e-31	5.21e-22	5.42e-13	1.89e-03	7.47e-01	2.51e-01	0.00e+00	0.00e+00	0.00e+00	0.00e+00	0.00e+00	2.48e-182
 1.31770e+12	5.75e-42	2.19e-31	6.85e-22	6.55e-13	2.11e-03	7.62e-01	2.36e-01	0.00e+00	0.00e+00	0.00e+00	0.00e+00	0.00e+00	9.57e-135
 1.40034e+12	0.00e+00	3.12e-31	9.00e-22	7.93e-13	2.35e-03	7.76e-01	2.22e-01	0.00e+00	0.00e+00	0.00e+00	0.00e+00	0.00e+00	1.07e-181
 1.48628e+12	1.38e-41	4.45e-31	1.18e-21	9.59e-13	2.62e-03	7.89e-01	2.08e-01	0.00e+00	0.00e+00	0.00e+00	0.00e+00	0.00e+00	9.72e-134
 1.57566e+12	0.00e+00	6.35e-31	1.55e-21	1.16e-12	2.92e-03	8.02e-01	1.95e-01	0.00e+00	0.00e+00	0.00e+00	0.00e+00	0.00e+00	3.91e-181
 1.66861e+12	3.31e-41	9.06e-31	2.04e-21	1.40e-12	3.25e-03	8.15e-01	1.82e-01	0.00e+00	0.00e+00	0.00e+00	0.00e+00	0.00e+00	9.94e-133
 1.75574e+12	0.00e+00	1.25e-30	2.61e-21	1.66e-12	3.57e-03	8.25e-01	1.71e-01	0.00e+00	0.00e+00	0.00e+00	0.00e+00	0.00e+00	8.25e-181
 1.83321e+12	6.92e-41	1.65e-30	3.23e-21	1.93e-12	3.88e-03	8.34e-01	1.62e-01	0.00e+00	0.00e+00	0.00e+00	0.00e+00	0.00e+00	7.04e-132
 1.92000e+12	0.00e+00	2.23e-30	4.08e-21	2.26e-12	4.25e-03	8.43e-01	1.53e-01	0.00e+00	0.00e+00	0.00e+00	0.00e+00	0.00e+00	0.00e+00
 2.02340e+12	1.54e-40	3.15e-30	5.32e-21	2.72e-12	4.71e-03	8.53e-01	1.43e-01	0.00e+00	0.00e+00	0.00e+00	0.00e+00	0.00e+00	5.88e-131
 2.12721e+12	0.00e+00	4.40e-30	6.87e-21	3.25e-12	5.19e-03	8.62e-01	1.33e-01	0.00e+00	0.00e+00	0.00e+00	0.00e+00	0.00e+00	0.00e+00
 2.22419e+12	3.39e-40	5.95e-30	8.66e-21	3.81e-12	5.68e-03	8.69e-01	1.25e-01	0.00e+00	0.00e+00	0.00e+00	0.00e+00	0.00e+00	4.76e-130
 2.33211e+12	0.00e+00	8.26e-30	1.11e-20	4.53e-12	6.25e-03	8.77e-01	1.17e-01	0.00e+00	0.00e+00	0.00e+00	0.00e+00	0.00e+00	0.00e+00
 2.45532e+12	7.92e-40	1.18e-29	1.47e-20	5.47e-12	6.94e-03	8.85e-01	1.08e-01	0.00e+00	0.00e+00	0.00e+00	0.00e+00	0.00e+00	4.52e-129
 2.57803e+12	0.00e+00	1.67e-29	1.91e-20	6.57e-12	7.67e-03	8.92e-01	1.01e-01	0.00e+00	0.00e+00	0.00e+00	0.00e+00	0.00e+00	0.00e+00
 2.70564e+12	1.86e-39	2.36e-29	2.49e-20	7.88e-12	8.48e-03	8.98e-01	9.34e-02	0.00e+00	0.00e+00	0.00e+00	0.00e+00	0.00e+00	4.37e-128
 2.84379e+12	0.00e+00	3.39e-29	3.29e-20	9.53e-12	9.41e-03	9.04e-01	8.63e-02	0.00e+00	0.00e+00	0.00e+00	0.00e+00	0.00e+00	0.00e+00
 2.98419e+12	4.52e-39	4.83e-29	4.31e-20	1.15e-11	1.04e-02	9.10e-01	7.98e-02	0.00e+00	0.00e+00	0.00e+00	0.00e+00	0.00e+00	4.58e-127
 3.11473e+12	0.00e+00	6.64e-29	5.50e-20	1.35e-11	1.14e-02	9.14e-01	7.44e-02	0.00e+00	0.00e+00	0.00e+00	0.00e+00	0.00e+00	0.00e+00
 3.23519e+12	9.55e-39	8.83e-29	6.85e-20	1.57e-11	1.24e-02	9.18e-01	6.97e-02	0.00e+00	0.00e+00	0.00e+00	0.00e+00	0.00e+00	3.32e-126
 3.37291e+12	0.00e+00	1.21e-28	8.74e-20	1.86e-11	1.35e-02	9.22e-01	6.49e-02	0.00e+00	0.00e+00	0.00e+00	0.00e+00	0.00e+00	0.00e+00
 3.53474e+12	2.21e-38	1.74e-28	1.15e-19	2.24e-11	1.49e-02	9.25e-01	5.98e-02	0.00e+00	0.00e+00	0.00e+00	0.00e+00	0.00e+00	3.05e-125
 3.69522e+12	0.00e+00	2.45e-28	1.50e-19	2.68e-11	1.65e-02	9.28e-01	5.52e-02	0.00e+00	0.00e+00	0.00e+00	0.00e+00	0.00e+00	0.00e+00
 3.84525e+12	4.98e-38	3.35e-28	1.90e-19	3.15e-11	1.80e-02	9.31e-01	5.13e-02	0.00e+00	0.00e+00	0.00e+00	0.00e+00	0.00e+00	2.61e-124
 4.01210e+12	0.00e+00	4.68e-28	2.45e-19	3.75e-11	1.97e-02	9.33e-01	4.75e-02	0.00e+00	0.00e+00	0.00e+00	0.00e+00	0.00e+00	0.00e+00
 4.20251e+12	1.19e-37	6.77e-28	3.26e-19	4.54e-11	2.18e-02	9.35e-01	4.35e-02	0.00e+00	0.00e+00	0.00e+00	0.00e+00	0.00e+00	2.62e-123
 4.38988e+12	0.00e+00	9.61e-28	4.26e-19	5.45e-11	2.40e-02	9.36e-01	4.00e-02	0.00e+00	0.00e+00	0.00e+00	0.00e+00	0.00e+00	0.00e+00
 4.58474e+12	2.86e-37	1.37e-27	5.58e-19	6.54e-11	2.64e-02	9.37e-01	3.67e-02	0.00e+00	0.00e+00	0.00e+00	0.00e+00	0.00e+00	2.61e-122
 4.79805e+12	0.00e+00	1.98e-27	7.41e-19	7.93e-11	2.92e-02	9.37e-01	3.35e-02	0.00e+00	0.00e+00	0.00e+00	0.00e+00	0.00e+00	0.00e+00
 5.01233e+12	7.10e-37	2.84e-27	9.77e-19	9.56e-11	3.22e-02	9.37e-01	3.07e-02	0.00e+00	0.00e+00	0.00e+00	0.00e+00	0.00e+00	2.86e-121
 5.23519e+12	0.00e+00	4.08e-27	1.29e-18	1.15e-10	3.55e-02	9.36e-01	2.80e-02	0.00e+00	0.00e+00	0.00e+00	0.00e+00	0.00e+00	0.00e+00
 5.47452e+12	1.77e-36	5.93e-27	1.72e-18	1.40e-10	3.93e-02	9.35e-01	2.55e-02	0.00e+00	0.00e+00	0.00e+00	0.00e+00	0.00e+00	3.16e-120
 5.71180e+12	0.00e+00	8.47e-27	2.26e-18	1.68e-10	4.32e-02	9.34e-01	2.33e-02	0.00e+00	0.00e+00	0.00e+00	0.00e+00	0.00e+00	0.00e+00
 5.95856e+12	4.31e-36	1.21e-26	2.97e-18	2.02e-10	4.75e-02	9.31e-01	2.13e-02	0.00e+00	0.00e+00	0.00e+00	0.00e+00	0.00e+00	3.26e-119
 6.22683e+12	0.00e+00	1.77e-26	3.97e-18	2.46e-10	5.24e-02	9.28e-01	1.93e-02	0.00e+00	0.00e+00	0.00e+00	0.00e+00	0.00e+00	0.00e+00
 6.50583e+12	1.10e-35	2.57e-26	5.30e-18	2.99e-10	5.78e-02	9.25e-01	1.75e-02	0.00e+00	0.00e+00	0.00e+00	0.00e+00	0.00e+00	3.77e-118
 6.79599e+12	0.00e+00	3.75e-26	7.08e-18	3.63e-10	6.38e-02	9.20e-01	1.58e-02	0.00e+00	0.00e+00	0.00e+00	0.00e+00	0.00e+00	0.00e+00
 7.09776e+12	2.79e-35	5.46e-26	9.46e-18	4.40e-10	7.03e-02	9.15e-01	1.43e-02	0.00e+00	0.00e+00	0.00e+00	0.00e+00	0.00e+00	4.35e-117
 7.41159e+12	0.00e+00	7.94e-26	1.26e-17	5.35e-10	7.75e-02	9.10e-01	1.29e-02	0.00e+00	0.00e+00	0.00e+00	0.00e+00	0.00e+00	5.13e-100
 7.69588e+12	6.67e-35	1.10e-25	1.63e-17	6.34e-10	8.43e-02	9.04e-01	1.17e-02	0.00e+00	0.00e+00	0.00e+00	0.00e+00	0.00e+00	0.00e+00
 7.93346e+12	9.26e-35	1.44e-25	2.00e-17	7.27e-10	9.01e-02	8.99e-01	1.09e-02	0.00e+00	0.00e+00	0.00e+00	0.00e+00	0.00e+00	1.01e-115
 8.19403e+12	1.31e-34	1.90e-25	2.48e-17	8.41e-10	9.68e-02	8.93e-01	1.01e-02	0.00e+00	0.00e+00	0.00e+00	0.00e+00	0.00e+00	1.38e-97
 8.52309e+12	2.01e-34	2.68e-25	3.24e-17	1.00e-09	1.06e-01	8.85e-01	9.11e-03	0.00e+00	0.00e+00	0.00e+00	0.00e+00	0.00e+00	0.00e+00
 8.86600e+12	3.07e-34	3.78e-25	4.23e-17	1.20e-09	1.15e-01	8.77e-01	8.23e-03	0.00e+00	0.00e+00	0.00e+00	0.00e+00	0.00e+00	2.34e-114
 9.15796e+12	4.35e-34	5.02e-25	5.26e-17	1.39e-09	1.23e-01	8.69e-01	7.57e-03	0.00e+00	0.00e+00	0.00e+00	0.00e+00	0.00e+00	1.90e-96
 9.45889e+12	6.16e-34	6.64e-25	6.54e-17	1.61e-09	1.32e-01	8.61e-01	6.95e-03	0.00e+00	0.00e+00	0.00e+00	0.00e+00	0.00e+00	0.00e+00
 9.83652e+12	9.36e-34	9.31e-25	8.51e-17	1.92e-09	1.44e-01	8.50e-01	6.26e-03	0.00e+00	0.00e+00	0.00e+00	0.00e+00	0.00e+00	4.36e-113
 1.02198e+13	1.41e-33	1.29e-24	1.10e-16	2.28e-09	1.56e-01	8.39e-01	5.64e-03	0.00e+00	0.00e+00	0.00e+00	0.00e+00	0.00e+00	2.46e-95
 1.05499e+13	1.97e-33	1.70e-24	1.36e-16	2.62e-09	1.66e-01	8.28e-01	5.17e-03	0.00e+00	0.00e+00	0.00e+00	0.00e+00	0.00e+00	3.10e-112
 1.09053e+13	2.79e-33	2.25e-24	1.69e-16	3.03e-09	1.78e-01	8.17e-01	4.72e-03	0.00e+00	0.00e+00	0.00e+00	0.00e+00	0.00e+00	1.09e-94
 1.13432e+13	4.20e-33	3.14e-24	2.20e-16	3.61e-09	1.93e-01	8.03e-01	4.23e-03	0.00e+00	0.00e+00	0.00e+00	0.00e+00	0.00e+00	2.32e-111
 1.17914e+13	6.28e-33	4.35e-24	2.83e-16	4.27e-09	2.08e-01	7.88e-01	3.78e-03	0.00e+00	0.00e+00	0.00e+00	0.00e+00	0.00e+00	6.45e-94
 1.21972e+13	8.89e-33	5.77e-24	3.53e-16	4.94e-09	2.22e-01	7.75e-01	3.43e-03	0.00e+00	0.00e+00	0.00e+00	0.00e+00	0.00e+00	1.72e-110
 1.26448e+13	1.28e-32	7.76e-24	4.45e-16	5.77e-09	2.37e-01	7.59e-01	3.09e-03	0.00e+00	0.00e+00	0.00e+00	0.00e+00	0.00e+00	3.08e-93
 1.31708e+13	1.94e-32	1.08e-23	5.78e-16	6.85e-09	2.56e-01	7.41e-01	2.74e-03	0.00e+00	0.00e+00	0.00e+00	0.00e+00	0.00e+00	1.39e-109
 1.36963e+13	2.86e-32	1.49e-23	7.40e-16	8.07e-09	2.74e-01	7.23e-01	2.44e-03	0.00e+00	0.00e+00	0.00e+00	0.00e+00	0.00e+00	1.79e-92
 1.41969e+13	4.08e-32	1.98e-23	9.26e-16	9.35e-09	2.92e-01	7.06e-01	2.19e-03	0.00e+00	0.00e+00	0.00e+00	0.00e+00	0.00e+00	1.05e-108
 1.47488e+13	5.92e-32	2.68e-23	1.17e-15	1.09e-08	3.11e-01	6.87e-01	1.94e-03	0.00e+00	0.00e+00	0.00e+00	0.00e+00	0.00e+00	8.97e-92
 1.53687e+13	8.82e-32	3.70e-23	1.51e-15	1.29e-08	3.33e-01	6.65e-01	1.71e-03	0.00e+00	0.00e+00	0.00e+00	0.00e+00	0.00e+00	8.72e-108
 1.59269e+13	1.24e-31	4.88e-23	1.87e-15	1.48e-08	3.52e-01	6.46e-01	1.53e-03	0.00e+00	0.00e+00	0.00e+00	0.00e+00	0.00e+00	4.65e-91
 1.63882e+13	1.63e-31	6.08e-23	2.22e-15	1.66e-08	3.68e-01	6.30e-01	1.39e-03	0.00e+00	0.00e+00	0.00e+00	0.00e+00	0.00e+00	4.75e-107
 1.68923e+13	2.16e-31	7.65e-23	2.66e-15	1.86e-08	3.85e-01	6.14e-01	1.27e-03	0.00e+00	0.00e+00	0.00e+00	0.00e+00	0.00e+00	1.62e-90
 1.75357e+13	3.06e-31	1.01e-22	3.31e-15	2.14e-08	4.06e-01	5.93e-01	1.12e-03	0.00e+00	0.00e+00	0.00e+00	0.00e+00	0.00e+00	2.79e-106
 1.81850e+13	4.28e-31	1.33e-22	4.08e-15	2.45e-08	4.27e-01	5.72e-01	9.93e-04	0.00e+00	0.00e+00	0.00e+00	0.00e+00	0.00e+00	7.57e-90
 1.87229e+13	5.58e-31	1.65e-22	4.82e-15	2.73e-08	4.44e-01	5.55e-01	9.01e-04	0.00e+00	0.00e+00	0.00e+00	0.00e+00	0.00e+00	1.53e-105
 1.92911e+13	7.31e-31	2.05e-22	5.71e-15	3.04e-08	4.62e-01	5.38e-01	8.15e-04	0.00e+00	0.00e+00	0.00e+00	0.00e+00	0.00e+00	2.57e-89
 2.00194e+13	1.02e-30	2.68e-22	7.03e-15	3.47e-08	4.83e-01	5.16e-01	7.18e-04	0.00e+00	0.00e+00	0.00e+00	0.00e+00	0.00e+00	8.57e-105
 2.07826e+13	1.42e-30	3.50e-22	8.66e-15	3.96e-08	5.05e-01	4.94e-01	6.31e-04	0.00e+00	0.00e+00	0.00e+00	0.00e+00	0.00e+00	1.18e-88
 2.14518e+13	1.88e-30	4.38e-22	1.03e-14	4.42e-08	5.24e-01	4.76e-01	5.64e-04	0.00e+00	0.00e+00	0.00e+00	0.00e+00	0.00e+00	5.01e-104
 2.21720e+13	2.50e-30	5.53e-22	1.23e-14	4.94e-08	5.43e-01	4.57e-01	5.02e-04	0.00e+00	0.00e+00	0.00e+00	0.00e+00	0.00e+00	4.41e-88
 2.29706e+13	3.39e-30	7.07e-22	1.49e-14	5.57e-08	5.63e-01	4.37e-01	4.43e-04	0.00e+00	0.00e+00	0.00e+00	0.00e+00	0.00e+00	2.84e-103
 2.37113e+13	4.45e-30	8.79e-22	1.76e-14	6.18e-08	5.81e-01	4.19e-01	3.95e-04	0.00e+00	0.00e+00	0.00e+00	0.00e+00	0.00e+00	1.70e-87
 2.45144e+13	5.91e-30	1.10e-21	2.09e-14	6.88e-08	6.00e-01	4.00e-01	3.50e-04	0.00e+00	0.00e+00	0.00e+00	0.00e+00	0.00e+00	1.47e-102
 2.54070e+13	7.98e-30	1.40e-21	2.52e-14	7.72e-08	6.19e-01	3.80e-01	3.07e-04	0.00e+00	0.00e+00	0.00e+00	0.00e+00	0.00e+00	6.78e-87
 2.62387e+13	1.04e-29	1.74e-21	2.97e-14	8.54e-08	6.37e-01	3.63e-01	2.72e-04	0.00e+00	0.00e+00	0.00e+00	0.00e+00	0.00e+00	8.07e-102
 2.71428e+13	1.38e-29	2.18e-21	3.53e-14	9.49e-08	6.54e-01	3.46e-01	2.40e-04	0.00e+00	0.00e+00	0.00e+00	0.00e+00	0.00e+00	2.52e-86
 2.81488e+13	1.86e-29	2.77e-21	4.23e-14	1.06e-07	6.73e-01	3.27e-01	2.09e-04	0.00e+00	0.00e+00	0.00e+00	0.00e+00	0.00e+00	4.67e-101
 2.90894e+13	2.44e-29	3.43e-21	4.98e-14	1.17e-07	6.89e-01	3.11e-01	1.84e-04	0.00e+00	0.00e+00	0.00e+00	0.00e+00	0.00e+00	9.93e-86
 3.01141e+13	3.23e-29	4.30e-21	5.90e-14	1.30e-07	7.06e-01	2.94e-01	1.61e-04	0.00e+00	0.00e+00	0.00e+00	0.00e+00	0.00e+00	2.50e-100
 3.12570e+13	4.35e-29	5.45e-21	7.08e-14	1.44e-07	7.23e-01	2.77e-01	1.40e-04	0.00e+00	0.00e+00	0.00e+00	0.00e+00	0.00e+00	4.09e-85
 3.23314e+13	5.71e-29	6.76e-21	8.32e-14	1.59e-07	7.38e-01	2.62e-01	1.23e-04	0.00e+00	0.00e+00	0.00e+00	0.00e+00	0.00e+00	1.46e-99
 3.35060e+13	7.58e-29	8.48e-21	9.86e-14	1.76e-07	7.53e-01	2.47e-01	1.07e-04	0.00e+00	0.00e+00	0.00e+00	0.00e+00	0.00e+00	1.61e-84
 3.48210e+13	1.03e-28	1.08e-20	1.18e-13	1.96e-07	7.69e-01	2.31e-01	9.16e-05	0.00e+00	0.00e+00	0.00e+00	0.00e+00	0.00e+00	9.12e-99
 3.60657e+13	1.35e-28	1.34e-20	1.39e-13	2.16e-07	7.82e-01	2.18e-01	7.98e-05	0.00e+00	0.00e+00	0.00e+00	0.00e+00	0.00e+00	6.85e-84
 3.74074e+13	1.80e-28	1.68e-20	1.65e-13	2.38e-07	7.96e-01	2.04e-01	6.91e-05	0.00e+00	0.00e+00	0.00e+00	0.00e+00	0.00e+00	5.38e-98
 3.89337e+13	2.46e-28	2.15e-20	1.98e-13	2.64e-07	8.10e-01	1.90e-01	5.89e-05	0.00e+00	0.00e+00	0.00e+00	0.00e+00	0.00e+00	3.09e-83
 4.04324e+13	3.29e-28	2.71e-20	2.35e-13	2.92e-07	8.22e-01	1.78e-01	5.06e-05	0.00e+00	0.00e+00	0.00e+00	0.00e+00	0.00e+00	3.67e-97
 4.19912e+13	4.41e-28	3.41e-20	2.78e-13	3.22e-07	8.34e-01	1.66e-01	4.35e-05	0.00e+00	0.00e+00	0.00e+00	0.00e+00	0.00e+00	1.37e-82
 4.37007e+13	6.01e-28	4.36e-20	3.32e-13	3.56e-07	8.46e-01	1.54e-01	3.71e-05	0.00e+00	0.00e+00	0.00e+00	0.00e+00	0.00e+00	2.52e-96
 4.54787e+13	8.16e-28	5.54e-20	3.96e-13	3.93e-07	8.57e-01	1.43e-01	3.16e-05	0.00e+00	0.00e+00	0.00e+00	0.00e+00	0.00e+00	6.75e-82
 4.73278e+13	1.11e-27	7.05e-20	4.72e-13	4.34e-07	8.67e-01	1.33e-01	2.70e-05	0.00e+00	0.00e+00	0.00e+00	0.00e+00	0.00e+00	1.82e-95
 4.90839e+13	1.47e-27	8.76e-20	5.53e-13	4.74e-07	8.76e-01	1.24e-01	2.33e-05	0.00e+00	0.00e+00	0.00e+00	0.00e+00	0.00e+00	3.13e-81
 5.06684e+13	1.88e-27	1.06e-19	6.34e-13	5.11e-07	8.83e-01	1.17e-01	2.05e-05	0.00e+00	0.00e+00	0.00e+00	0.00e+00	0.00e+00	9.92e-95
 5.21566e+13	2.34e-27	1.26e-19	7.18e-13	5.48e-07	8.89e-01	1.11e-01	1.82e-05	0.00e+00	0.00e+00	0.00e+00	0.00e+00	0.00e+00	1.06e-80
 5.38062e+13	2.97e-27	1.52e-19	8.21e-13	5.90e-07	8.96e-01	1.04e-01	1.61e-05	0.00e+00	0.00e+00	0.00e+00	0.00e+00	0.00e+00	4.42e-94
 5.56538e+13	3.85e-27	1.86e-19	9.48e-13	6.39e-07	9.02e-01	9.77e-02	1.40e-05	0.00e+00	0.00e+00	0.00e+00	0.00e+00	0.00e+00	3.97e-80
 5.74072e+13	4.88e-27	2.23e-19	1.08e-12	6.87e-07	9.08e-01	9.20e-02	1.24e-05	0.00e+00	0.00e+00	0.00e+00	0.00e+00	0.00e+00	2.23e-93
 5.93352e+13	6.29e-27	2.72e-19	1.24e-12	7.41e-07	9.14e-01	8.64e-02	1.08e-05	0.00e+00	0.00e+00	0.00e+00	0.00e+00	0.00e+00	1.46e-79
 6.14929e+13	8.28e-27	3.36e-19	1.44e-12	8.04e-07	9.19e-01	8.06e-02	9.37e-06	0.00e+00	0.00e+00	0.00e+00	0.00e+00	0.00e+00	1.25e-92
 6.34907e+13	1.06e-26	4.06e-19	1.65e-12	8.64e-07	9.24e-01	7.58e-02	8.24e-06	0.00e+00	0.00e+00	0.00e+00	0.00e+00	0.00e+00	5.88e-79
 6.53369e+13	1.32e-26	4.81e-19	1.86e-12	9.21e-07	9.28e-01	7.17e-02	7.34e-06	0.00e+00	0.00e+00	0.00e+00	0.00e+00	0.00e+00	5.72e-92
 6.74447e+13	1.69e-26	5.81e-19	2.12e-12	9.88e-07	9.33e-01	6.74e-02	6.47e-06	0.00e+00	0.00e+00	0.00e+00	0.00e+00	0.00e+00	2.06e-78
 7.00238e+13	2.26e-26	7.27e-19	2.48e-12	1.07e-06	9.37e-01	6.27e-02	5.57e-06	0.00e+00	0.00e+00	0.00e+00	0.00e+00	0.00e+00	3.30e-91
 7.25993e+13	2.98e-26	8.99e-19	2.88e-12	1.16e-06	9.42e-01	5.84e-02	4.81e-06	0.00e+00	0.00e+00	0.00e+00	0.00e+00	0.00e+00	9.52e-78
 7.48443e+13	3.78e-26	1.08e-18	3.27e-12	1.24e-06	9.45e-01	5.51e-02	4.26e-06	0.00e+00	0.00e+00	0.00e+00	0.00e+00	0.00e+00	1.77e-90
 7.72758e+13	4.85e-26	1.30e-18	3.72e-12	1.33e-06	9.48e-01	5.18e-02	3.75e-06	0.00e+00	0.00e+00	0.00e+00	0.00e+00	0.00e+00	3.56e-77
 8.02381e+13	6.52e-26	1.63e-18	4.34e-12	1.44e-06	9.52e-01	4.82e-02	3.23e-06	0.00e+00	0.00e+00	0.00e+00	0.00e+00	0.00e+00	1.04e-89
 8.32542e+13	8.66e-26	2.03e-18	5.05e-12	1.56e-06	9.55e-01	4.48e-02	2.79e-06	0.00e+00	0.00e+00	0.00e+00	0.00e+00	0.00e+00	1.72e-76
 8.59877e+13	1.12e-25	2.46e-18	5.76e-12	1.67e-06	9.58e-01	4.21e-02	2.45e-06	0.00e+00	0.00e+00	0.00e+00	0.00e+00	0.00e+00	3.43e-76
 8.89899e+13	1.46e-25	3.02e-18	6.62e-12	1.79e-06	9.61e-01	3.94e-02	2.14e-06	0.00e+00	0.00e+00	0.00e+00	0.00e+00	0.00e+00	7.19e-76
 9.25155e+13	1.99e-25	3.81e-18	7.75e-12	1.95e-06	9.63e-01	3.65e-02	1.84e-06	0.00e+00	0.00e+00	0.00e+00	0.00e+00	0.00e+00	1.67e-75
 9.60281e+13	2.66e-25	4.75e-18	9.01e-12	2.10e-06	9.66e-01	3.40e-02	1.59e-06	0.00e+00	0.00e+00	0.00e+00	0.00e+00	0.00e+00	3.67e-75
 9.93456e+13	3.48e-25	5.82e-18	1.03e-11	2.25e-06	9.68e-01	3.18e-02	1.39e-06	0.00e+00	0.00e+00	0.00e+00	0.00e+00	0.00e+00	7.68e-75
 1.03014e+14	4.65e-25	7.24e-18	1.20e-11	2.43e-06	9.70e-01	2.97e-02	1.20e-06	0.00e+00	0.00e+00	0.00e+00	0.00e+00	0.00e+00	1.70e-74
 1.07164e+14	6.33e-25	9.14e-18	1.40e-11	2.63e-06	9.73e-01	2.75e-02	1.03e-06	0.00e+00	0.00e+00	0.00e+00	0.00e+00	0.00e+00	3.95e-74
 1.11330e+14	8.60e-25	1.15e-17	1.63e-11	2.84e-06	9.74e-01	2.55e-02	8.89e-07	0.00e+00	0.00e+00	0.00e+00	0.00e+00	0.00e+00	9.19e-74
 1.15662e+14	1.16e-24	1.44e-17	1.90e-11	3.08e-06	9.76e-01	2.37e-02	0.00e+00	0.00e+00	0.00e+00	0.00e+00	0.00e+00	0.00e+00	2.08e-73
 1.20318e+14	1.59e-24	1.83e-17	2.23e-11	3.33e-06	9.78e-01	2.20e-02	0.00e+00	0.00e+00	0.00e+00	0.00e+00	0.00e+00	0.00e+00	4.94e-73
 1.25161e+14	2.17e-24	2.31e-17	2.61e-11	3.60e-06	9.80e-01	2.03e-02	0.00e+00	0.00e+00	0.00e+00	0.00e+00	0.00e+00	0.00e+00	1.18e-72
 1.29842e+14	2.91e-24	2.88e-17	3.02e-11	3.88e-06	9.81e-01	1.89e-02	0.00e+00	0.00e+00	0.00e+00	0.00e+00	0.00e+00	0.00e+00	2.62e-72
 1.34238e+14	3.78e-24	3.51e-17	3.45e-11	4.15e-06	9.82e-01	1.77e-02	0.00e+00	0.00e+00	0.00e+00	0.00e+00	0.00e+00	0.00e+00	5.36e-72
 1.38382e+14	4.81e-24	4.20e-17	3.89e-11	4.41e-06	9.83e-01	1.67e-02	0.00e+00	0.00e+00	0.00e+00	0.00e+00	0.00e+00	0.00e+00	1.05e-71
 1.42887e+14	6.22e-24	5.10e-17	4.43e-11	4.70e-06	9.84e-01	1.57e-02	0.00e+00	0.00e+00	0.00e+00	0.00e+00	1.65e-17	3.45e-17	2.12e-71
 1.47922e+14	8.17e-24	6.27e-17	5.08e-11	5.04e-06	9.85e-01	1.47e-02	0.00e+00	0.00e+00	0.00e+00	0.00e+00	2.08e-17	4.19e-17	4.51e-71
 1.52681e+14	1.05e-23	7.55e-17	5.77e-11	5.37e-06	9.86e-01	1.38e-02	0.00e+00	0.00e+00	0.00e+00	0.00e+00	2.51e-17	5.04e-17	8.88e-71
 1.57903e+14	1.37e-23	9.22e-17	6.59e-11	5.74e-06	9.87e-01	1.29e-02	0.00e+00	0.00e+00	0.00e+00	0.00e+00	3.06e-17	6.16e-17	1.86e-70
 1.63775e+14	1.83e-23	1.15e-16	7.63e-11	6.17e-06	9.88e-01	1.20e-02	0.00e+00	0.00e+00	0.00e+00	0.00e+00	3.81e-17	7.67e-17	4.15e-70
 1.69379e+14	2.38e-23	1.40e-16	8.72e-11	6.60e-06	9.89e-01	1.13e-02	0.00e+00	0.00e+00	0.00e+00	0.00e+00	4.65e-17	9.36e-17	8.59e-70
 1.75518e+14	3.14e-23	1.73e-16	1.01e-10	7.09e-06	9.89e-01	1.05e-02	0.00e+00	0.00e+00	0.00e+00	0.00e+00	5.73e-17	1.15e-16	1.83e-69
 1.82384e+14	4.27e-23	2.17e-16	1.17e-10	7.65e-06	9.90e-01	9.74e-03	0.00e+00	0.00e+00	0.00e+00	0.00e+00	7.21e-17	1.45e-16	4.28e-69
 1.89002e+14	5.61e-23	2.67e-16	1.35e-10	8.24e-06	9.91e-01	9.07e-03	0.00e+00	0.00e+00	0.00e+00	0.00e+00	8.87e-17	1.79e-16	9.01e-69
 1.96071e+14	7.50e-23	3.32e-16	1.56e-10	8.86e-06	9.92e-01	8.44e-03	0.00e+00	0.00e+00	0.00e+00	0.00e+00	1.10e-16	2.22e-16	2.01e-68
 2.03943e+14	1.02e-22	4.19e-16	1.83e-10	9.59e-06	9.92e-01	7.80e-03	0.00e+00	0.00e+00	0.00e+00	0.00e+00	1.39e-16	2.80e-16	4.65e-68
 2.11216e+14	1.34e-22	5.17e-16	2.11e-10	1.03e-05	9.93e-01	7.28e-03	0.00e+00	0.00e+00	0.00e+00	0.00e+00	1.71e-16	3.45e-16	1.00e-67
 2.17513e+14	1.68e-22	6.13e-16	2.37e-10	1.09e-05	9.93e-01	6.86e-03	0.00e+00	0.00e+00	0.00e+00	0.00e+00	2.03e-16	4.10e-16	1.85e-67
 2.24500e+14	2.16e-22	7.40e-16	2.69e-10	1.16e-05	9.94e-01	6.44e-03	0.00e+00	0.00e+00	0.00e+00	0.00e+00	2.46e-16	4.95e-16	3.69e-67
 2.33032e+14	2.87e-22	9.19e-16	3.13e-10	1.26e-05	9.94e-01	5.98e-03	0.00e+00	0.00e+00	0.00e+00	0.00e+00	3.05e-16	6.14e-16	8.05e-67
 2.41677e+14	3.80e-22	1.14e-15	3.62e-10	1.35e-05	9.94e-01	5.55e-03	0.00e+00	0.00e+00	0.00e+00	0.00e+00	3.78e-16	7.60e-16	1.74e-66
 2.49450e+14	4.88e-22	1.38e-15	4.11e-10	1.44e-05	9.95e-01	5.22e-03	0.00e+00	0.00e+00	0.00e+00	0.00e+00	4.56e-16	9.19e-16	3.48e-66
 2.57989e+14	6.29e-22	1.67e-15	4.71e-10	1.54e-05	9.95e-01	4.87e-03	0.00e+00	0.00e+00	0.00e+00	0.00e+00	5.53e-16	1.11e-15	6.96e-66
 2.68086e+14	8.48e-22	2.09e-15	5.50e-10	1.67e-05	9.95e-01	4.51e-03	0.00e+00	0.00e+00	0.00e+00	0.00e+00	6.93e-16	1.40e-15	1.58e-65
 2.78021e+14	1.12e-21	2.59e-15	6.37e-10	1.80e-05	9.96e-01	4.19e-03	0.00e+00	0.00e+00	0.00e+00	0.00e+00	8.57e-16	1.73e-15	3.38e-65
 2.87106e+14	1.43e-21	3.12e-15	7.25e-10	1.92e-05	9.96e-01	3.93e-03	0.00e+00	0.00e+00	0.00e+00	0.00e+00	1.03e-15	2.09e-15	6.69e-65
 2.97274e+14	1.88e-21	3.84e-15	8.33e-10	2.06e-05	9.96e-01	3.66e-03	0.00e+00	0.00e+00	0.00e+00	0.00e+00	1.27e-15	2.56e-15	1.42e-64
 3.09097e+14	2.51e-21	4.79e-15	9.76e-10	2.23e-05	9.97e-01	3.38e-03	0.00e+00	0.00e+00	0.00e+00	0.00e+00	1.59e-15	3.20e-15	3.13e-64
 3.20707e+14	3.35e-21	5.96e-15	1.13e-09	2.40e-05	9.97e-01	3.14e-03	0.00e+00	0.00e+00	0.00e+00	0.00e+00	1.98e-15	3.99e-15	6.96e-64
 3.31716e+14	4.29e-21	7.20e-15	1.30e-09	2.58e-05	9.97e-01	2.93e-03	0.00e+00	0.00e+00	0.00e+00	0.00e+00	2.39e-15	4.82e-15	1.37e-63
 3.43950e+14	5.66e-21	8.89e-15	1.50e-09	2.77e-05	9.97e-01	2.73e-03	0.00e+00	0.00e+00	0.00e+00	0.00e+00	2.95e-15	5.94e-15	2.93e-63
 3.57738e+14	7.65e-21	1.12e-14	1.75e-09	3.00e-05	9.97e-01	2.52e-03	0.00e+00	0.00e+00	0.00e+00	0.00e+00	3.72e-15	7.50e-15	6.79e-63
 3.70855e+14	9.94e-21	1.37e-14	2.03e-09	3.23e-05	9.98e-01	2.34e-03	0.00e+00	0.00e+00	0.00e+00	0.00e+00	4.54e-15	9.16e-15	1.39e-62
 3.82792e+14	1.27e-20	1.65e-14	2.30e-09	3.45e-05	9.98e-01	2.19e-03	0.00e+00	0.00e+00	0.00e+00	0.00e+00	5.48e-15	1.11e-14	2.75e-62
 3.96245e+14	1.64e-20	2.00e-14	2.64e-09	3.70e-05	9.98e-01	2.04e-03	0.00e+00	0.00e+00	0.00e+00	0.00e+00	6.64e-15	1.34e-14	5.49e-62
 4.11941e+14	2.20e-20	2.52e-14	3.09e-09	4.00e-05	9.98e-01	1.89e-03	0.00e+00	0.00e+00	0.00e+00	0.00e+00	8.34e-15	1.68e-14	1.26e-61
 4.27049e+14	2.84e-20	3.07e-14	3.57e-09	4.31e-05	9.98e-01	1.75e-03	0.00e+00	0.00e+00	0.00e+00	0.00e+00	1.01e-14	2.05e-14	2.53e-61
 4.40684e+14	3.60e-20	3.67e-14	4.05e-09	4.59e-05	9.98e-01	1.65e-03	0.00e+00	0.00e+00	0.00e+00	0.00e+00	1.22e-14	2.46e-14	4.89e-61
 4.53449e+14	4.47e-20	4.34e-14	4.54e-09	4.86e-05	9.98e-01	1.55e-03	0.00e+00	0.00e+00	0.00e+00	0.00e+00	1.44e-14	2.91e-14	8.95e-61
 4.67582e+14	5.61e-20	5.17e-14	5.13e-09	5.18e-05	9.98e-01	1.46e-03	0.00e+00	0.00e+00	0.00e+00	0.00e+00	1.71e-14	3.46e-14	1.68e-60
 4.83386e+14	7.10e-20	6.20e-14	5.86e-09	5.54e-05	9.99e-01	1.36e-03	0.00e+00	0.00e+00	0.00e+00	0.00e+00	2.05e-14	4.15e-14	3.21e-60
 4.98301e+14	8.97e-20	7.42e-14	6.62e-09	5.89e-05	9.99e-01	1.28e-03	0.00e+00	0.00e+00	0.00e+00	0.00e+00	2.45e-14	4.96e-14	6.17e-60
 5.14629e+14	1.13e-19	8.84e-14	7.53e-09	6.29e-05	9.99e-01	1.20e-03	0.00e+00	0.00e+00	0.00e+00	0.00e+00	2.93e-14	5.92e-14	1.16e-59
 5.32869e+14	1.46e-19	1.08e-13	8.65e-09	6.75e-05	9.99e-01	1.12e-03	0.00e+00	0.00e+00	0.00e+00	0.00e+00	3.58e-14	7.25e-14	2.41e-59
 5.50162e+14	1.83e-19	1.29e-13	9.84e-09	7.21e-05	9.99e-01	1.05e-03	0.00e+00	0.00e+00	0.00e+00	0.00e+00	4.26e-14	8.62e-14	4.48e-59
 5.69206e+14	2.37e-19	1.57e-13	1.13e-08	7.72e-05	9.99e-01	9.78e-04	0.00e+00	0.00e+00	0.00e+00	0.00e+00	5.19e-14	1.05e-13	9.16e-59
 5.90244e+14	3.05e-19	1.91e-13	1.30e-08	8.32e-05	9.99e-01	9.07e-04	0.00e+00	0.00e+00	0.00e+00	0.00e+00	6.31e-14	1.28e-13	1.85e-58
 6.09597e+14	3.86e-19	2.29e-13	1.48e-08	8.88e-05	9.99e-01	8.49e-04	0.00e+00	0.00e+00	0.00e+00	0.00e+00	7.56e-14	1.53e-13	3.55e-58
 6.30480e+14	4.94e-19	2.78e-13	1.70e-08	9.51e-05	9.99e-01	7.93e-04	0.00e+00	0.00e+00	0.00e+00	0.00e+00	9.17e-14	1.86e-13	7.13e-58
 6.53886e+14	6.34e-19	3.37e-13	1.97e-08	1.03e-04	9.99e-01	7.35e-04	0.00e+00	0.00e+00	0.00e+00	0.00e+00	1.11e-13	2.26e-13	1.43e-57
 6.75926e+14	8.14e-19	4.09e-13	2.24e-08	1.10e-04	9.99e-01	6.87e-04	0.00e+00	0.00e+00	0.00e+00	0.00e+00	1.35e-13	2.74e-13	2.88e-57
 6.99933e+14	1.04e-18	4.94e-13	2.58e-08	1.18e-04	9.99e-01	6.39e-04	0.00e+00	0.00e+00	0.00e+00	0.00e+00	1.63e-13	3.31e-13	5.62e-57
 7.26547e+14	1.36e-18	6.11e-13	3.00e-08	1.27e-04	9.99e-01	5.92e-04	0.00e+00	0.00e+00	0.00e+00	0.00e+00	2.01e-13	4.09e-13	1.21e-56
 7.51439e+14	1.72e-18	7.31e-13	3.43e-08	1.36e-04	9.99e-01	5.52e-04	0.00e+00	0.00e+00	0.00e+00	0.00e+00	2.41e-13	4.90e-13	2.30e-56
 7.78568e+14	2.21e-18	8.90e-13	3.96e-08	1.47e-04	9.99e-01	5.13e-04	0.00e+00	0.00e+00	0.00e+00	0.00e+00	2.93e-13	5.97e-13	4.67e-56
 8.08841e+14	2.86e-18	1.09e-12	4.61e-08	1.59e-04	9.99e-01	4.73e-04	0.00e+00	0.00e+00	0.00e+00	0.00e+00	3.60e-13	7.32e-13	9.68e-56
 8.37479e+14	3.68e-18	1.33e-12	5.30e-08	1.70e-04	9.99e-01	4.40e-04	0.00e+00	0.00e+00	0.00e+00	0.00e+00	4.37e-13	8.90e-13	1.96e-55
 8.68163e+14	4.68e-18	1.61e-12	6.13e-08	1.84e-04	9.99e-01	4.08e-04	0.00e+00	0.00e+00	0.00e+00	0.00e+00	5.30e-13	1.08e-12	3.88e-55
 9.02919e+14	6.20e-18	2.01e-12	7.17e-08	1.99e-04	9.99e-01	3.76e-04	0.00e+00	0.00e+00	0.00e+00	0.00e+00	6.61e-13	1.35e-12	8.63e-55
 9.37189e+14	7.98e-18	2.45e-12	8.34e-08	2.15e-04	9.99e-01	3.47e-04	0.00e+00	0.00e+00	0.00e+00	0.00e+00	8.05e-13	1.64e-12	1.74e-54
 9.70199e+14	1.01e-17	2.96e-12	9.58e-08	2.32e-04	9.99e-01	3.23e-04	0.00e+00	0.00e+00	0.00e+00	0.00e+00	9.74e-13	1.99e-12	3.44e-54
 1.00641e+15	1.29e-17	3.58e-12	1.11e-07	2.50e-04	9.99e-01	2.99e-04	0.00e+00	0.00e+00	0.00e+00	0.00e+00	1.18e-12	2.40e-12	6.80e-54
 1.04669e+15	1.67e-17	4.42e-12	1.30e-07	2.72e-04	9.99e-01	2.74e-04	0.00e+00	0.00e+00	0.00e+00	0.00e+00	1.45e-12	2.97e-12	1.44e-53
 1.08096e+15	2.09e-17	5.28e-12	1.48e-07	2.91e-04	9.99e-01	2.56e-04	0.00e+00	0.00e+00	0.00e+00	0.00e+00	1.74e-12	3.55e-12	2.73e-53
 1.10643e+15	2.44e-17	5.97e-12	1.63e-07	3.06e-04	9.99e-01	2.44e-04	0.00e+00	0.00e+00	0.00e+00	0.00e+00	1.96e-12	4.01e-12	4.22e-53
 1.13342e+15	2.86e-17	6.79e-12	1.80e-07	3.22e-04	9.99e-01	2.31e-04	0.00e+00	0.00e+00	0.00e+00	0.00e+00	2.23e-12	4.56e-12	6.66e-53
 1.16851e+15	3.50e-17	7.97e-12	2.03e-07	3.45e-04	9.99e-01	2.16e-04	0.00e+00	0.00e+00	0.00e+00	0.00e+00	2.62e-12	5.35e-12	1.18e-52
 1.20688e+15	4.32e-17	9.47e-12	2.32e-07	3.69e-04	9.99e-01	2.02e-04	0.00e+00	0.00e+00	0.00e+00	0.00e+00	3.11e-12	6.36e-12	2.19e-52
 1.24214e+15	5.21e-17	1.10e-11	2.61e-07	3.93e-04	9.99e-01	1.89e-04	0.00e+00	4.35e-18	1.31e-17	2.18e-17	3.61e-12	7.39e-12	3.73e-52
 1.28061e+15	6.36e-17	1.30e-11	2.95e-07	4.20e-04	9.99e-01	1.77e-04	0.00e+00	5.31e-18	1.60e-17	2.67e-17	4.25e-12	8.70e-12	6.72e-52
 1.32402e+15	7.91e-17	1.54e-11	3.38e-07	4.52e-04	9.99e-01	1.64e-04	0.00e+00	6.61e-18	1.99e-17	3.32e-17	5.06e-12	1.04e-11	1.25e-51
 1.36540e+15	9.61e-17	1.81e-11	3.82e-07	4.84e-04	9.99e-01	1.54e-04	0.00e+00	8.04e-18	2.41e-17	4.03e-17	5.95e-12	1.22e-11	2.25e-51
 1.41076e+15	1.19e-16	2.15e-11	4.37e-07	5.20e-04	9.99e-01	1.43e-04	0.00e+00	9.97e-18	2.99e-17	5.00e-17	7.05e-12	1.44e-11	4.16e-51
 1.46127e+15	1.48e-16	2.58e-11	5.03e-07	5.62e-04	9.99e-01	1.32e-04	0.00e+00	1.24e-17	3.72e-17	6.22e-17	8.47e-12	1.73e-11	8.06e-51
 1.50875e+15	1.82e-16	3.05e-11	5.74e-07	6.05e-04	9.99e-01	1.23e-04	0.00e+00	1.53e-17	4.59e-17	7.66e-17	1.00e-11	2.05e-11	1.48e-50
 1.56073e+15	2.27e-16	3.65e-11	6.59e-07	6.52e-04	9.99e-01	1.14e-04	0.00e+00	1.91e-17	5.73e-17	9.57e-17	1.20e-11	2.45e-11	2.86e-50
 1.61839e+15	2.85e-16	4.41e-11	7.63e-07	7.07e-04	9.99e-01	1.05e-04	0.00e+00	2.40e-17	7.20e-17	1.20e-16	1.45e-11	2.96e-11	5.68e-50
 1.67173e+15	3.47e-16	5.20e-11	8.70e-07	7.60e-04	9.99e-01	9.79e-05	0.00e+00	2.92e-17	8.77e-17	1.47e-16	1.71e-11	3.49e-11	1.04e-49
 1.72937e+15	4.33e-16	6.22e-11	9.99e-07	8.21e-04	9.99e-01	9.06e-05	0.00e+00	3.65e-17	1.10e-16	1.83e-16	2.04e-11	4.18e-11	2.02e-49
 1.79370e+15	5.45e-16	7.52e-11	1.16e-06	8.91e-04	9.99e-01	8.35e-05	0.00e+00	4.60e-17	1.38e-16	2.31e-16	2.47e-11	5.05e-11	4.10e-49
 1.85403e+15	6.68e-16	8.91e-11	1.32e-06	9.60e-04	9.99e-01	7.75e-05	0.00e+00	5.65e-17	1.69e-16	2.83e-16	2.92e-11	5.98e-11	7.71e-49
 1.91977e+15	8.30e-16	1.07e-10	1.52e-06	1.04e-03	9.99e-01	7.15e-05	0.00e+00	7.02e-17	2.11e-16	3.52e-16	3.50e-11	7.17e-11	1.52e-48
 1.99304e+15	1.05e-15	1.30e-10	1.77e-06	1.13e-03	9.99e-01	6.58e-05	0.00e+00	8.92e-17	2.68e-16	4.47e-16	4.26e-11	8.72e-11	3.19e-48
 2.06185e+15	1.30e-15	1.55e-10	2.03e-06	1.22e-03	9.99e-01	6.09e-05	0.00e+00	1.10e-16	3.31e-16	5.53e-16	5.08e-11	1.04e-10	6.21e-48
 2.13644e+15	1.62e-15	1.86e-10	2.34e-06	1.32e-03	9.99e-01	5.62e-05	0.00e+00	1.37e-16	4.12e-16	6.89e-16	6.10e-11	1.25e-10	1.25e-47
 2.21980e+15	2.06e-15	2.27e-10	2.73e-06	1.44e-03	9.99e-01	5.16e-05	0.00e+00	1.75e-16	5.25e-16	8.77e-16	7.47e-11	1.53e-10	2.69e-47
 2.29945e+15	2.57e-15	2.74e-10	3.15e-06	1.56e-03	9.98e-01	4.76e-05	0.00e+00	2.19e-16	6.57e-16	1.10e-15	8.98e-11	1.84e-10	5.53e-47
 2.38441e+15	3.22e-15	3.31e-10	3.64e-06	1.69e-03	9.98e-01	4.39e-05	0.00e+00	2.75e-16	8.25e-16	1.38e-15	1.09e-10	2.22e-10	1.16e-46
 2.47982e+15	4.14e-15	4.07e-10	4.26e-06	1.85e-03	9.98e-01	4.02e-05	0.00e+00	3.53e-16	1.06e-15	1.77e-15	1.34e-10	2.73e-10	2.63e-46
 2.55962e+15	4.95e-15	4.76e-10	4.83e-06	1.99e-03	9.98e-01	3.74e-05	0.00e+00	4.23e-16	1.27e-15	2.12e-15	1.56e-10	3.19e-10	4.85e-46
 2.61680e+15	5.79e-15	5.39e-10	5.28e-06	2.09e-03	9.98e-01	3.56e-05	0.00e+00	4.95e-16	1.49e-15	2.48e-15	1.77e-10	3.62e-10	8.01e-46
 2.67666e+15	6.70e-15	6.08e-10	5.78e-06	2.20e-03	9.98e-01	3.38e-05	0.00e+00	5.73e-16	1.72e-15	2.87e-15	2.00e-10	4.08e-10	1.29e-45
 2.75447e+15	7.86e-15	7.01e-10	6.48e-06	2.34e-03	9.98e-01	3.18e-05	0.00e+00	6.74e-16	2.02e-15	3.38e-15	2.30e-10	4.70e-10	2.26e-45
 2.84095e+15	9.75e-15	8.34e-10	7.34e-06	2.52e-03	9.97e-01	2.96e-05	0.00e+00	8.37e-16	2.51e-15	4.19e-15	2.74e-10	5.60e-10	4.55e-45
 2.92143e+15	1.16e-14	9.67e-10	8.20e-06	2.68e-03	9.97e-01	2.78e-05	0.00e+00	9.98e-16	2.99e-15	5.00e-15	3.18e-10	6.49e-10	8.18e-45
 3.00878e+15	1.38e-14	1.12e-09	9.22e-06	2.86e-03	9.97e-01	2.61e-05	0.00e+00	1.18e-15	3.56e-15	5.94e-15	3.69e-10	7.53e-10	1.47e-44
 3.10687e+15	1.73e-14	1.35e-09	1.05e-05	3.08e-03	9.97e-01	2.43e-05	0.00e+00	1.49e-15	4.46e-15	7.45e-15	4.43e-10	9.04e-10	3.08e-44
 3.19976e+15	2.09e-14	1.58e-09	1.18e-05	3.29e-03	9.97e-01	2.28e-05	0.00e+00	1.80e-15	5.40e-15	9.01e-15	5.20e-10	1.06e-09	5.79e-44
 3.30133e+15	2.49e-14	1.85e-09	1.34e-05	3.52e-03	9.96e-01	2.13e-05	0.00e+00	2.15e-15	6.45e-15	1.08e-14	6.08e-10	1.24e-09	1.07e-43
 3.41554e+15	3.16e-14	2.25e-09	1.53e-05	3.81e-03	9.96e-01	1.97e-05	0.00e+00	2.73e-15	8.19e-15	1.37e-14	7.40e-10	1.51e-09	2.36e-43
 3.52396e+15	3.88e-14	2.67e-09	1.73e-05	4.08e-03	9.96e-01	1.84e-05	0.00e+00	3.36e-15	1.01e-14	1.68e-14	8.79e-10	1.79e-09	4.63e-43
 3.64267e+15	4.68e-14	3.15e-09	1.98e-05	4.39e-03	9.96e-01	1.72e-05	0.00e+00	4.05e-15	1.22e-14	2.03e-14	1.04e-09	2.11e-09	8.85e-43
 3.78398e+15	6.15e-14	3.94e-09	2.30e-05	4.78e-03	9.95e-01	1.58e-05	0.00e+00	5.33e-15	1.60e-14	2.67e-14	1.30e-09	2.64e-09	2.19e-42
 3.92193e+15	7.53e-14	4.72e-09	2.65e-05	5.17e-03	9.95e-01	1.47e-05	0.00e+00	6.53e-15	1.96e-14	3.27e-14	1.56e-09	3.16e-09	4.39e-42
 4.04473e+15	9.19e-14	5.61e-09	3.00e-05	5.54e-03	9.94e-01	1.37e-05	0.00e+00	7.98e-15	2.40e-14	4.00e-14	1.85e-09	3.76e-09	8.61e-42
 4.18054e+15	1.14e-13	6.72e-09	3.42e-05	5.96e-03	9.94e-01	1.28e-05	0.00e+00	9.89e-15	2.97e-14	4.95e-14	2.22e-09	4.50e-09	1.75e-41
 4.34247e+15	1.50e-13	8.45e-09	3.98e-05	6.49e-03	9.93e-01	1.18e-05	0.00e+00	1.30e-14	3.91e-14	6.53e-14	2.79e-09	5.66e-09	4.28e-41
 4.50372e+15	1.88e-13	1.03e-08	4.61e-05	7.03e-03	9.93e-01	1.10e-05	0.00e+00	1.64e-14	4.91e-14	8.20e-14	3.41e-09	6.91e-09	8.87e-41
 4.65202e+15	2.32e-13	1.24e-08	5.25e-05	7.55e-03	9.92e-01	1.03e-05	0.00e+00	2.02e-14	6.07e-14	1.01e-13	4.09e-09	8.29e-09	1.79e-40
 4.81813e+15	2.87e-13	1.49e-08	6.04e-05	8.15e-03	9.92e-01	9.60e-06	0.00e+00	2.50e-14	7.52e-14	1.25e-13	4.92e-09	9.96e-09	3.57e-40
 5.01027e+15	3.78e-13	1.89e-08	7.06e-05	8.90e-03	9.91e-01	8.88e-06	0.00e+00	3.31e-14	9.92e-14	1.66e-13	6.23e-09	1.26e-08	8.96e-40
 5.19771e+15	4.84e-13	2.33e-08	8.19e-05	9.64e-03	9.90e-01	8.29e-06	0.00e+00	4.24e-14	1.27e-13	2.12e-13	7.70e-09	1.56e-08	1.97e-39
 5.37598e+15	6.03e-13	2.82e-08	9.37e-05	1.04e-02	9.90e-01	7.78e-06	0.00e+00	5.29e-14	1.59e-13	2.65e-13	9.33e-09	1.89e-08	4.04e-39
 5.53293e+15	7.29e-13	3.33e-08	1.05e-04	1.11e-02	9.89e-01	7.38e-06	0.00e+00	6.40e-14	1.92e-13	3.20e-13	1.10e-08	2.23e-08	7.45e-39
 5.66299e+15	8.49e-13	3.80e-08	1.16e-04	1.16e-02	9.88e-01	7.08e-06	0.00e+00	7.46e-14	2.24e-13	3.73e-13	1.26e-08	2.55e-08	1.22e-38
 5.80600e+15	9.96e-13	4.38e-08	1.28e-04	1.23e-02	9.88e-01	6.77e-06	0.00e+00	8.76e-14	2.63e-13	4.38e-13	1.45e-08	2.93e-08	2.04e-38
 5.99192e+15	1.23e-12	5.26e-08	1.45e-04	1.32e-02	9.87e-01	6.39e-06	0.00e+00	1.08e-13	3.25e-13	5.43e-13	1.74e-08	3.52e-08	4.05e-38
 6.18682e+15	1.52e-12	6.32e-08	1.65e-04	1.41e-02	9.86e-01	6.06e-06	0.00e+00	1.33e-13	4.01e-13	6.68e-13	2.09e-08	4.23e-08	7.74e-38
 6.35384e+15	1.79e-12	7.30e-08	1.84e-04	1.50e-02	9.85e-01	5.80e-06	0.00e+00	1.58e-13	4.74e-13	7.91e-13	2.42e-08	4.89e-08	1.28e-37
 6.53139e+15	2.15e-12	8.56e-08	2.06e-04	1.59e-02	9.84e-01	5.54e-06	0.00e+00	1.90e-13	5.69e-13	9.49e-13	2.83e-08	5.73e-08	2.20e-37
 6.76220e+15	2.77e-12	1.06e-07	2.37e-04	1.72e-02	9.83e-01	5.24e-06	0.00e+00	2.44e-13	7.33e-13	1.22e-12	3.53e-08	7.12e-08	4.88e-37
 6.99935e+15	3.49e-12	1.30e-07	2.73e-04	1.85e-02	9.81e-01	4.98e-06	0.00e+00	3.08e-13	9.25e-13	1.54e-12	4.32e-08	8.73e-08	9.91e-37
 7.19654e+15	4.20e-12	1.54e-07	3.06e-04	1.97e-02	9.80e-01	4.78e-06	0.00e+00	3.72e-13	1.12e-12	1.86e-12	5.09e-08	1.03e-07	1.76e-36
 7.40468e+15	5.11e-12	1.82e-07	3.44e-04	2.09e-02	9.79e-01	4.59e-06	0.00e+00	4.53e-13	1.36e-12	2.27e-12	6.02e-08	1.22e-07	3.13e-36
 7.67279e+15	6.40e-12	2.20e-07	3.98e-04	2.26e-02	9.77e-01	4.36e-06	0.00e+00	5.67e-13	1.70e-12	2.84e-12	7.30e-08	1.47e-07	5.98e-36
 7.95033e+15	8.30e-12	2.78e-07	4.61e-04	2.45e-02	9.75e-01	4.17e-06	0.00e+00	7.36e-13	2.21e-12	3.68e-12	9.20e-08	1.86e-07	1.34e-35
 8.18781e+15	1.02e-11	3.31e-07	5.21e-04	2.61e-02	9.73e-01	4.02e-06	0.00e+00	9.02e-13	2.71e-12	4.51e-12	1.10e-07	2.21e-07	2.41e-35
 8.44174e+15	1.25e-11	3.96e-07	5.92e-04	2.79e-02	9.72e-01	3.87e-06	0.00e+00	1.11e-12	3.33e-12	5.55e-12	1.31e-07	2.65e-07	4.38e-35
 8.75699e+15	1.59e-11	4.86e-07	6.89e-04	3.02e-02	9.69e-01	3.70e-06	0.00e+00	1.42e-12	4.25e-12	7.08e-12	1.61e-07	3.25e-07	8.57e-35
 9.07165e+15	2.07e-11	6.15e-07	8.01e-04	3.28e-02	9.66e-01	3.57e-06	0.00e+00	1.84e-12	5.53e-12	9.22e-12	2.04e-07	4.11e-07	1.89e-34
 9.34054e+15	2.54e-11	7.34e-07	9.06e-04	3.49e-02	9.64e-01	3.47e-06	0.00e+00	2.26e-12	6.79e-12	1.13e-11	2.44e-07	4.91e-07	3.34e-34
 9.63020e+15	3.14e-11	8.82e-07	1.03e-03	3.74e-02	9.62e-01	3.36e-06	0.00e+00	2.80e-12	8.40e-12	1.40e-11	2.92e-07	5.89e-07	5.92e-34
 9.98981e+15	4.05e-11	1.09e-06	1.21e-03	4.06e-02	9.58e-01	3.24e-06	0.00e+00	3.61e-12	1.08e-11	1.80e-11	3.61e-07	7.26e-07	1.15e-33
 1.03531e+16	5.31e-11	1.39e-06	1.41e-03	4.41e-02	9.54e-01	3.15e-06	0.00e+00	4.74e-12	1.42e-11	2.37e-11	4.60e-07	9.27e-07	2.54e-33
 1.06546e+16	6.49e-11	1.66e-06	1.60e-03	4.71e-02	9.51e-01	3.08e-06	0.00e+00	5.80e-12	1.74e-11	2.90e-11	5.50e-07	1.11e-06	4.39e-33
 1.09632e+16	8.04e-11	1.99e-06	1.82e-03	5.03e-02	9.48e-01	3.02e-06	0.00e+00	7.19e-12	2.16e-11	3.60e-11	6.59e-07	1.33e-06	7.69e-33
 1.13604e+16	1.04e-10	2.44e-06	2.13e-03	5.46e-02	9.43e-01	2.93e-06	0.00e+00	9.29e-12	2.79e-11	4.65e-11	8.09e-07	1.63e-06	1.40e-32
 1.17680e+16	1.38e-10	3.13e-06	2.50e-03	5.95e-02	9.38e-01	2.88e-06	0.00e+00	1.23e-11	3.70e-11	6.16e-11	1.04e-06	2.09e-06	3.07e-32
 1.20667e+16	1.64e-10	3.66e-06	2.80e-03	6.31e-02	9.34e-01	2.83e-06	0.00e+00	1.47e-11	4.40e-11	7.33e-11	1.22e-06	2.45e-06	4.84e-32
 1.23286e+16	1.94e-10	4.23e-06	3.10e-03	6.65e-02	9.30e-01	2.80e-06	0.00e+00	1.74e-11	5.22e-11	8.71e-11	1.40e-06	2.82e-06	7.41e-32
 1.26690e+16	2.40e-10	5.05e-06	3.52e-03	7.10e-02	9.25e-01	2.75e-06	0.00e+00	2.16e-11	6.47e-11	1.08e-10	1.68e-06	3.37e-06	1.24e-31
 1.30315e+16	3.01e-10	6.13e-06	4.03e-03	7.63e-02	9.20e-01	2.72e-06	0.00e+00	2.71e-11	8.12e-11	1.35e-10	2.04e-06	4.10e-06	2.21e-31
 1.33469e+16	3.63e-10	7.20e-06	4.53e-03	8.09e-02	9.15e-01	2.68e-06	0.00e+00	3.26e-11	9.79e-11	1.63e-10	2.39e-06	4.81e-06	3.45e-31
 1.36811e+16	4.46e-10	8.52e-06	5.12e-03	8.62e-02	9.09e-01	2.65e-06	0.00e+00	4.01e-11	1.20e-10	2.01e-10	2.83e-06	5.69e-06	5.59e-31
 1.40588e+16	5.56e-10	1.02e-05	5.86e-03	9.24e-02	9.02e-01	2.62e-06	0.00e+00	5.00e-11	1.50e-10	2.50e-10	3.37e-06	6.78e-06	8.99e-31
 1.44167e+16	6.97e-10	1.24e-05	6.68e-03	9.90e-02	8.94e-01	2.61e-06	0.00e+00	6.28e-11	1.88e-10	3.14e-10	4.13e-06	8.29e-06	1.63e-30
 1.47383e+16	8.40e-10	1.46e-05	7.50e-03	1.05e-01	8.87e-01	2.59e-06	0.00e+00	7.57e-11	2.27e-10	3.79e-10	4.84e-06	9.72e-06	2.51e-30
 1.50892e+16	1.04e-09	1.73e-05	8.52e-03	1.12e-01	8.79e-01	2.57e-06	0.00e+00	9.40e-11	2.82e-10	4.70e-10	5.76e-06	1.16e-05	4.06e-30
 1.54747e+16	1.30e-09	2.06e-05	9.78e-03	1.20e-01	8.70e-01	2.54e-06	0.00e+00	1.17e-10	3.52e-10	5.87e-10	6.86e-06	1.38e-05	6.39e-30
 1.58268e+16	1.63e-09	2.52e-05	1.11e-02	1.29e-01	8.60e-01	2.55e-06	0.00e+00	1.48e-10	4.43e-10	7.38e-10	8.38e-06	1.68e-05	1.15e-29
 1.61493e+16	1.97e-09	2.94e-05	1.25e-02	1.36e-01	8.51e-01	2.53e-06	0.00e+00	1.78e-10	5.35e-10	8.92e-10	9.78e-06	1.96e-05	1.70e-29
 1.65115e+16	2.45e-09	3.48e-05	1.43e-02	1.46e-01	8.40e-01	2.52e-06	0.00e+00	2.21e-10	6.64e-10	1.11e-09	1.16e-05	2.32e-05	2.65e-29
 1.68943e+16	3.17e-09	4.35e-05	1.65e-02	1.57e-01	8.27e-01	2.54e-06	0.00e+00	2.87e-10	8.62e-10	1.44e-09	1.45e-05	2.90e-05	5.04e-29
 1.72140e+16	3.84e-09	5.12e-05	1.86e-02	1.66e-01	8.15e-01	2.54e-06	0.00e+00	3.48e-10	1.04e-09	1.74e-09	1.70e-05	3.41e-05	7.66e-29
 1.74962e+16	4.62e-09	5.94e-05	2.08e-02	1.76e-01	8.03e-01	2.54e-06	0.00e+00	4.19e-10	1.26e-09	2.10e-09	1.98e-05	3.96e-05	1.15e-28
 1.78197e+16	5.74e-09	7.04e-05	2.36e-02	1.87e-01	7.89e-01	2.55e-06	0.00e+00	5.21e-10	1.56e-09	2.61e-09	2.34e-05	4.70e-05	1.79e-28
 1.81696e+16	7.20e-09	8.51e-05	2.71e-02	2.00e-01	7.73e-01	2.56e-06	0.00e+00	6.55e-10	1.96e-09	3.27e-09	2.83e-05	5.68e-05	2.98e-28
 1.84754e+16	8.93e-09	1.01e-04	3.07e-02	2.12e-01	7.57e-01	2.58e-06	0.00e+00	8.12e-10	2.44e-09	4.06e-09	3.36e-05	6.73e-05	4.70e-28
 1.87449e+16	1.07e-08	1.16e-04	3.42e-02	2.24e-01	7.42e-01	2.59e-06	0.00e+00	9.72e-10	2.92e-09	4.86e-09	3.85e-05	7.72e-05	6.66e-28
 1.90459e+16	1.36e-08	1.43e-04	3.92e-02	2.39e-01	7.22e-01	2.64e-06	0.00e+00	1.24e-09	3.73e-09	6.21e-09	4.75e-05	9.51e-05	1.23e-27
 1.93590e+16	1.69e-08	1.66e-04	4.47e-02	2.54e-01	7.01e-01	2.65e-06	6.44e-12	1.54e-09	4.62e-09	7.70e-09	5.54e-05	1.11e-04	1.78e-27
 1.96277e+16	2.06e-08	1.96e-04	5.03e-02	2.68e-01	6.81e-01	2.68e-06	0.00e+00	1.88e-09	5.63e-09	9.38e-09	6.54e-05	1.31e-04	2.77e-27
 1.98725e+16	2.52e-08	2.30e-04	5.64e-02	2.83e-01	6.61e-01	2.73e-06	7.35e-12	2.30e-09	6.90e-09	1.15e-08	7.66e-05	1.53e-04	4.32e-27
 2.01103e+16	3.06e-08	2.69e-04	6.31e-02	2.98e-01	6.39e-01	2.77e-06	0.00e+00	2.80e-09	8.38e-09	1.40e-08	8.96e-05	1.79e-04	6.70e-27
