#depth	C	C+	C+2	C+3	C+4	C+5	C+6	C[1]	C[2]	C[3]	C+[1]	C+[2]	CO
 1.49634e+10	6.30e-47	1.44e-35	4.18e-25	2.78e-15	9.66e-05	3.10e-01	6.89e-01	0.00e+00	0.00e+00	0.00e+00	0.00e+00	0.00e+00	0.00e+00
 4.54887e+10	0.00e+00	2.09e-35	5.59e-25	3.43e-15	1.10e-04	3.28e-01	6.72e-01	0.00e+00	0.00e+00	0.00e+00	0.00e+00	0.00e+00	0.00e+00
 7.72350e+10	1.54e-46	3.02e-35	7.47e-25	4.24e-15	1.26e-04	3.45e-01	6.55e-01	0.00e+00	0.00e+00	0.00e+00	0.00e+00	0.00e+00	5.67e-147
 1.10251e+11	0.00e+00	4.36e-35	9.98e-25	5.23e-15	1.44e-04	3.63e-01	6.36e-01	0.00e+00	0.00e+00	0.00e+00	0.00e+00	0.00e+00	2.67e-211
 1.42462e+11	3.67e-46	6.15e-35	1.31e-24	6.36e-15	1.62e-04	3.81e-01	6.19e-01	0.00e+00	0.00e+00	0.00e+00	0.00e+00	0.00e+00	5.26e-146
 1.73173e+11	0.00e+00	8.44e-35	1.68e-24	7.61e-15	1.81e-04	3.97e-01	6.03e-01	0.00e+00	0.00e+00	0.00e+00	0.00e+00	0.00e+00	1.03e-210
 2.07240e+11	8.13e-46	1.18e-34	2.18e-24	9.22e-15	2.04e-04	4.15e-01	5.85e-01	0.00e+00	0.00e+00	0.00e+00	0.00e+00	0.00e+00	4.11e-145
 2.45457e+11	0.00e+00	1.70e-34	2.90e-24	1.13e-14	2.32e-04	4.34e-01	5.66e-01	0.00e+00	0.00e+00	0.00e+00	0.00e+00	0.00e+00	3.29e-210
 2.84095e+11	1.94e-45	2.42e-34	3.82e-24	1.38e-14	2.62e-04	4.53e-01	5.47e-01	0.00e+00	0.00e+00	0.00e+00	0.00e+00	0.00e+00	3.95e-144
 3.24279e+11	0.00e+00	3.44e-34	5.03e-24	1.68e-14	2.95e-04	4.72e-01	5.28e-01	0.00e+00	0.00e+00	0.00e+00	0.00e+00	0.00e+00	1.24e-209
 3.67177e+11	4.62e-45	4.93e-34	6.66e-24	2.06e-14	3.33e-04	4.92e-01	5.08e-01	0.00e+00	0.00e+00	0.00e+00	0.00e+00	0.00e+00	2.52e-275
 4.11790e+11	0.00e+00	7.05e-34	8.80e-24	2.51e-14	3.76e-04	5.12e-01	4.88e-01	0.00e+00	0.00e+00	0.00e+00	0.00e+00	0.00e+00	3.09e-164
 4.58189e+11	1.11e-44	1.01e-33	1.16e-23	3.07e-14	4.24e-04	5.32e-01	4.68e-01	0.00e+00	0.00e+00	0.00e+00	0.00e+00	0.00e+00	2.31e-230
 5.06443e+11	0.00e+00	1.44e-33	1.53e-23	3.74e-14	4.77e-04	5.51e-01	4.48e-01	0.00e+00	0.00e+00	0.00e+00	0.00e+00	0.00e+00	4.17e-163
 5.56628e+11	2.65e-44	2.05e-33	2.02e-23	4.55e-14	5.37e-04	5.71e-01	4.29e-01	0.00e+00	0.00e+00	0.00e+00	0.00e+00	0.00e+00	1.18e-229
 6.08820e+11	0.00e+00	2.93e-33	2.66e-23	5.53e-14	6.02e-04	5.90e-01	4.09e-01	0.00e+00	0.00e+00	0.00e+00	0.00e+00	0.00e+00	5.63e-162
 6.63099e+11	6.29e-44	4.17e-33	3.50e-23	6.71e-14	6.75e-04	6.09e-01	3.90e-01	0.00e+00	0.00e+00	0.00e+00	0.00e+00	0.00e+00	6.00e-229
 7.19550e+11	0.00e+00	5.93e-33	4.59e-23	8.14e-14	7.56e-04	6.28e-01	3.71e-01	0.00e+00	0.00e+00	0.00e+00	0.00e+00	0.00e+00	7.58e-161
 7.78259e+11	1.49e-43	8.42e-33	6.03e-23	9.86e-14	8.46e-04	6.46e-01	3.53e-01	0.00e+00	0.00e+00	0.00e+00	0.00e+00	0.00e+00	3.00e-228
 8.39316e+11	0.00e+00	1.20e-32	7.90e-23	1.19e-13	9.45e-04	6.64e-01	3.35e-01	0.00e+00	0.00e+00	0.00e+00	0.00e+00	0.00e+00	1.02e-159
 8.99064e+11	3.44e-43	1.66e-32	1.02e-22	1.43e-13	1.05e-03	6.81e-01	3.18e-01	0.00e+00	0.00e+00	0.00e+00	0.00e+00	0.00e+00	1.50e-227
 9.54335e+11	0.00e+00	2.23e-32	1.28e-22	1.67e-13	1.15e-03	6.95e-01	3.04e-01	0.00e+00	0.00e+00	0.00e+00	0.00e+00	0.00e+00	1.03e-158
 1.01557e+12	7.26e-43	3.05e-32	1.63e-22	1.98e-13	1.27e-03	7.10e-01	2.89e-01	0.00e+00	0.00e+00	0.00e+00	0.00e+00	0.00e+00	6.11e-227
 1.08612e+12	0.00e+00	4.32e-32	2.13e-22	2.39e-13	1.41e-03	7.26e-01	2.73e-01	0.00e+00	0.00e+00	0.00e+00	0.00e+00	0.00e+00	1.22e-157
 1.15547e+12	1.67e-42	6.00e-32	2.74e-22	2.85e-13	1.56e-03	7.41e-01	2.58e-01	0.00e+00	0.00e+00	0.00e+00	0.00e+00	0.00e+00	2.54e-226
 1.22760e+12	0.00e+00	8.35e-32	3.53e-22	3.41e-13	1.72e-03	7.55e-01	2.43e-01	0.00e+00	0.00e+00	0.00e+00	0.00e+00	0.00e+00	1.43e-156
 1.30663e+12	3.84e-42	1.18e-31	4.61e-22	4.10e-13	1.91e-03	7.69e-01	2.29e-01	0.00e+00	0.00e+00	0.00e+00	0.00e+00	0.00e+00	9.82e-226
 1.38683e+12	0.00e+00	1.66e-31	5.98e-22	4.91e-13	2.12e-03	7.83e-01	2.15e-01	0.00e+00	0.00e+00	0.00e+00	0.00e+00	0.00e+00	1.88e-155
 1.47024e+12	8.84e-42	2.32e-31	7.75e-22	5.89e-13	2.34e-03	7.95e-01	2.02e-01	0.00e+00	0.00e+00	0.00e+00	0.00e+00	0.00e+00	2.86e-225
 1.55897e+12	0.00e+00	3.29e-31	1.01e-21	7.08e-13	2.60e-03	8.08e-01	1.89e-01	0.00e+00	0.00e+00	0.00e+00	0.00e+00	0.00e+00	2.46e-154
 1.65126e+12	2.08e-41	4.65e-31	1.32e-21	8.51e-13	2.88e-03	8.20e-01	1.77e-01	0.00e+00	0.00e+00	0.00e+00	0.00e+00	0.00e+00	0.00e+00
 1.74723e+12	0.00e+00	6.57e-31	1.72e-21	1.02e-12	3.19e-03	8.31e-01	1.66e-01	0.00e+00	0.00e+00	0.00e+00	0.00e+00	0.00e+00	3.35e-153
 1.84705e+12	4.90e-41	9.30e-31	2.24e-21	1.23e-12	3.53e-03	8.42e-01	1.55e-01	0.00e+00	0.00e+00	0.00e+00	0.00e+00	0.00e+00	0.00e+00
 1.95086e+12	0.00e+00	1.32e-30	2.92e-21	1.48e-12	3.90e-03	8.52e-01	1.44e-01	0.00e+00	0.00e+00	0.00e+00	0.00e+00	0.00e+00	4.57e-152
 2.05882e+12	1.15e-40	1.86e-30	3.82e-21	1.77e-12	4.32e-03	8.61e-01	1.34e-01	0.00e+00	0.00e+00	0.00e+00	0.00e+00	0.00e+00	0.00e+00
 2.17110e+12	0.00e+00	2.64e-30	4.98e-21	2.13e-12	4.78e-03	8.70e-01	1.25e-01	0.00e+00	0.00e+00	0.00e+00	0.00e+00	0.00e+00	6.29e-151
 2.27680e+12	2.62e-40	3.62e-30	6.34e-21	2.51e-12	5.23e-03	8.78e-01	1.17e-01	0.00e+00	0.00e+00	0.00e+00	0.00e+00	0.00e+00	0.00e+00
 2.37150e+12	0.00e+00	4.75e-30	7.81e-21	2.90e-12	5.66e-03	8.84e-01	1.10e-01	0.00e+00	0.00e+00	0.00e+00	0.00e+00	0.00e+00	5.79e-150
 2.47787e+12	5.32e-40	6.41e-30	9.82e-21	3.40e-12	6.17e-03	8.90e-01	1.04e-01	0.00e+00	0.00e+00	0.00e+00	0.00e+00	0.00e+00	0.00e+00
 2.60371e+12	0.00e+00	9.03e-30	1.28e-20	4.07e-12	6.80e-03	8.97e-01	9.62e-02	0.00e+00	0.00e+00	0.00e+00	0.00e+00	0.00e+00	6.48e-149
 2.72952e+12	1.22e-39	1.25e-29	1.64e-20	4.83e-12	7.47e-03	9.03e-01	8.96e-02	0.00e+00	0.00e+00	0.00e+00	0.00e+00	0.00e+00	0.00e+00
 2.84785e+12	0.00e+00	1.69e-29	2.06e-20	5.65e-12	8.13e-03	9.08e-01	8.39e-02	0.00e+00	0.00e+00	0.00e+00	0.00e+00	0.00e+00	6.89e-148
 2.97918e+12	2.63e-39	2.34e-29	2.64e-20	6.69e-12	8.90e-03	9.13e-01	7.81e-02	0.00e+00	0.00e+00	0.00e+00	0.00e+00	0.00e+00	0.00e+00
 3.12828e+12	0.00e+00	3.32e-29	3.45e-20	8.05e-12	9.84e-03	9.18e-01	7.22e-02	0.00e+00	0.00e+00	0.00e+00	0.00e+00	0.00e+00	8.71e-147
 3.27706e+12	6.21e-39	4.67e-29	4.47e-20	9.62e-12	1.08e-02	9.22e-01	6.69e-02	0.00e+00	0.00e+00	0.00e+00	0.00e+00	0.00e+00	0.00e+00
 3.43180e+12	0.00e+00	6.56e-29	5.80e-20	1.15e-11	1.19e-02	9.26e-01	6.19e-02	0.00e+00	0.00e+00	0.00e+00	0.00e+00	0.00e+00	1.12e-145
 3.59900e+12	1.47e-38	9.37e-29	7.61e-20	1.38e-11	1.32e-02	9.30e-01	5.71e-02	0.00e+00	0.00e+00	0.00e+00	0.00e+00	0.00e+00	0.00e+00
 3.77288e+12	0.00e+00	1.34e-28	9.99e-20	1.67e-11	1.45e-02	9.33e-01	5.26e-02	0.00e+00	0.00e+00	0.00e+00	0.00e+00	0.00e+00	1.62e-144
 3.93695e+12	3.41e-38	1.85e-28	1.28e-19	1.97e-11	1.59e-02	9.35e-01	4.88e-02	0.00e+00	0.00e+00	0.00e+00	0.00e+00	0.00e+00	0.00e+00
 4.08462e+12	0.00e+00	2.45e-28	1.59e-19	2.29e-11	1.72e-02	9.37e-01	4.57e-02	0.00e+00	0.00e+00	0.00e+00	0.00e+00	0.00e+00	1.57e-143
 4.25082e+12	7.10e-38	3.35e-28	2.01e-19	2.69e-11	1.87e-02	9.39e-01	4.24e-02	0.00e+00	0.00e+00	0.00e+00	0.00e+00	0.00e+00	0.00e+00
 4.44662e+12	0.00e+00	4.75e-28	2.63e-19	3.22e-11	2.06e-02	9.40e-01	3.91e-02	0.00e+00	0.00e+00	0.00e+00	0.00e+00	0.00e+00	1.85e-142
 4.64220e+12	1.67e-37	6.69e-28	3.41e-19	3.86e-11	2.27e-02	9.41e-01	3.60e-02	0.00e+00	0.00e+00	0.00e+00	0.00e+00	0.00e+00	0.00e+00
 4.82581e+12	0.00e+00	9.11e-28	4.32e-19	4.53e-11	2.47e-02	9.42e-01	3.34e-02	0.00e+00	0.00e+00	0.00e+00	0.00e+00	0.00e+00	2.09e-141
 5.02898e+12	3.67e-37	1.26e-27	5.54e-19	5.36e-11	2.70e-02	9.42e-01	3.09e-02	0.00e+00	0.00e+00	0.00e+00	0.00e+00	0.00e+00	0.00e+00
 5.26006e+12	0.00e+00	1.81e-27	7.32e-19	6.48e-11	2.98e-02	9.42e-01	2.83e-02	0.00e+00	0.00e+00	0.00e+00	0.00e+00	0.00e+00	2.73e-140
 5.48878e+12	8.88e-37	2.58e-27	9.57e-19	7.77e-11	3.27e-02	9.41e-01	2.59e-02	0.00e+00	0.00e+00	0.00e+00	0.00e+00	0.00e+00	0.00e+00
 5.71022e+12	0.00e+00	3.56e-27	1.22e-18	9.18e-11	3.57e-02	9.40e-01	2.39e-02	0.00e+00	0.00e+00	0.00e+00	0.00e+00	0.00e+00	3.30e-139
 5.95211e+12	2.03e-36	5.02e-27	1.59e-18	1.10e-10	3.91e-02	9.39e-01	2.20e-02	0.00e+00	0.00e+00	0.00e+00	0.00e+00	0.00e+00	0.00e+00
 6.22013e+12	0.00e+00	7.24e-27	2.11e-18	1.33e-10	4.31e-02	9.37e-01	2.00e-02	0.00e+00	0.00e+00	0.00e+00	0.00e+00	0.00e+00	4.59e-138
 6.49289e+12	4.97e-36	1.04e-26	2.77e-18	1.60e-10	4.75e-02	9.34e-01	1.83e-02	0.00e+00	0.00e+00	0.00e+00	0.00e+00	0.00e+00	0.00e+00
 6.75962e+12	0.00e+00	1.45e-26	3.59e-18	1.91e-10	5.19e-02	9.31e-01	1.67e-02	0.00e+00	0.00e+00	0.00e+00	0.00e+00	0.00e+00	6.04e-137
 7.04300e+12	1.16e-35	2.06e-26	4.68e-18	2.28e-10	5.68e-02	9.28e-01	1.53e-02	0.00e+00	0.00e+00	0.00e+00	0.00e+00	0.00e+00	0.00e+00
 7.35465e+12	0.00e+00	2.97e-26	6.21e-18	2.76e-10	6.26e-02	9.24e-01	1.39e-02	0.00e+00	0.00e+00	0.00e+00	0.00e+00	0.00e+00	8.43e-136
 7.67235e+12	2.85e-35	4.26e-26	8.18e-18	3.33e-10	6.87e-02	9.19e-01	1.26e-02	0.00e+00	0.00e+00	0.00e+00	0.00e+00	0.00e+00	0.00e+00
 8.00276e+12	0.00e+00	6.10e-26	1.08e-17	4.01e-10	7.54e-02	9.13e-01	1.14e-02	0.00e+00	0.00e+00	0.00e+00	0.00e+00	0.00e+00	1.20e-134
 8.35279e+12	7.01e-35	8.81e-26	1.43e-17	4.85e-10	8.29e-02	9.07e-01	1.04e-02	0.00e+00	0.00e+00	0.00e+00	0.00e+00	0.00e+00	0.00e+00
 8.71683e+12	1.10e-34	1.27e-25	1.89e-17	5.86e-10	9.10e-02	9.00e-01	9.35e-03	0.00e+00	0.00e+00	0.00e+00	0.00e+00	0.00e+00	1.53e-115
 9.04615e+12	1.63e-34	1.75e-25	2.42e-17	6.91e-10	9.87e-02	8.93e-01	8.55e-03	0.00e+00	0.00e+00	0.00e+00	0.00e+00	0.00e+00	7.41e-98
 9.32066e+12	2.24e-34	2.26e-25	2.95e-17	7.90e-10	1.05e-01	8.87e-01	7.94e-03	0.00e+00	0.00e+00	0.00e+00	0.00e+00	0.00e+00	0.00e+00
 9.62147e+12	3.14e-34	2.97e-25	3.64e-17	9.09e-10	1.13e-01	8.80e-01	7.34e-03	0.00e+00	0.00e+00	0.00e+00	0.00e+00	0.00e+00	2.45e-114
 1.00023e+13	4.74e-34	4.15e-25	4.71e-17	1.08e-09	1.22e-01	8.71e-01	6.66e-03	0.00e+00	0.00e+00	0.00e+00	0.00e+00	0.00e+00	8.02e-97
 1.03993e+13	7.17e-34	5.80e-25	6.09e-17	1.29e-09	1.33e-01	8.61e-01	6.03e-03	0.00e+00	0.00e+00	0.00e+00	0.00e+00	0.00e+00	8.18e-286
 1.07511e+13	1.02e-33	7.71e-25	7.59e-17	1.49e-09	1.43e-01	8.52e-01	5.53e-03	0.00e+00	0.00e+00	0.00e+00	0.00e+00	0.00e+00	5.53e-113
 1.10801e+13	1.40e-33	9.97e-25	9.25e-17	1.70e-09	1.52e-01	8.43e-01	5.11e-03	0.00e+00	0.00e+00	0.00e+00	0.00e+00	0.00e+00	8.93e-96
 1.14560e+13	1.98e-33	1.32e-24	1.15e-16	1.97e-09	1.62e-01	8.33e-01	4.68e-03	0.00e+00	0.00e+00	0.00e+00	0.00e+00	0.00e+00	2.35e-280
 1.19168e+13	2.99e-33	1.85e-24	1.49e-16	2.34e-09	1.76e-01	8.20e-01	4.21e-03	0.00e+00	0.00e+00	0.00e+00	0.00e+00	0.00e+00	9.76e-112
 1.23753e+13	4.43e-33	2.54e-24	1.91e-16	2.76e-09	1.90e-01	8.07e-01	3.80e-03	0.00e+00	0.00e+00	0.00e+00	0.00e+00	0.00e+00	1.17e-94
 1.27749e+13	6.15e-33	3.32e-24	2.34e-16	3.16e-09	2.02e-01	7.95e-01	3.48e-03	0.00e+00	0.00e+00	0.00e+00	0.00e+00	0.00e+00	6.70e-111
 1.32106e+13	8.67e-33	4.38e-24	2.90e-16	3.65e-09	2.15e-01	7.82e-01	3.17e-03	0.00e+00	0.00e+00	0.00e+00	0.00e+00	0.00e+00	5.23e-94
 1.37409e+13	1.29e-32	6.06e-24	3.73e-16	4.31e-09	2.31e-01	7.66e-01	2.83e-03	0.00e+00	0.00e+00	0.00e+00	0.00e+00	0.00e+00	4.97e-110
 1.42819e+13	1.91e-32	8.32e-24	4.76e-16	5.07e-09	2.48e-01	7.49e-01	2.54e-03	0.00e+00	0.00e+00	0.00e+00	0.00e+00	0.00e+00	3.08e-93
 1.47806e+13	2.69e-32	1.10e-23	5.90e-16	5.84e-09	2.64e-01	7.34e-01	2.30e-03	0.00e+00	0.00e+00	0.00e+00	0.00e+00	0.00e+00	3.63e-109
 1.53369e+13	3.88e-32	1.48e-23	7.42e-16	6.78e-09	2.81e-01	7.16e-01	2.06e-03	0.00e+00	0.00e+00	0.00e+00	0.00e+00	0.00e+00	1.52e-92
 1.59793e+13	5.81e-32	2.05e-23	9.54e-16	8.01e-09	3.02e-01	6.97e-01	1.83e-03	0.00e+00	0.00e+00	0.00e+00	0.00e+00	0.00e+00	2.98e-108
 1.66104e+13	8.48e-32	2.78e-23	1.21e-15	9.33e-09	3.21e-01	6.77e-01	1.62e-03	0.00e+00	0.00e+00	0.00e+00	0.00e+00	0.00e+00	8.95e-92
 1.72161e+13	1.20e-31	3.67e-23	1.50e-15	1.07e-08	3.40e-01	6.59e-01	1.46e-03	0.00e+00	0.00e+00	0.00e+00	0.00e+00	0.00e+00	2.19e-107
 1.78839e+13	1.72e-31	4.93e-23	1.87e-15	1.24e-08	3.60e-01	6.39e-01	1.30e-03	0.00e+00	0.00e+00	0.00e+00	0.00e+00	0.00e+00	4.53e-91
 1.86292e+13	2.53e-31	6.73e-23	2.38e-15	1.45e-08	3.82e-01	6.16e-01	1.14e-03	0.00e+00	0.00e+00	0.00e+00	0.00e+00	0.00e+00	1.78e-106
 1.93076e+13	3.54e-31	8.82e-23	2.92e-15	1.66e-08	4.02e-01	5.97e-01	1.02e-03	0.00e+00	0.00e+00	0.00e+00	0.00e+00	0.00e+00	2.39e-90
 1.98801e+13	4.65e-31	1.10e-22	3.45e-15	1.84e-08	4.19e-01	5.81e-01	9.29e-04	0.00e+00	0.00e+00	0.00e+00	0.00e+00	0.00e+00	9.87e-106
 2.05103e+13	6.20e-31	1.38e-22	4.12e-15	2.06e-08	4.36e-01	5.63e-01	8.40e-04	0.00e+00	0.00e+00	0.00e+00	0.00e+00	0.00e+00	8.81e-90
 2.12219e+13	8.47e-31	1.78e-22	4.99e-15	2.33e-08	4.55e-01	5.44e-01	7.52e-04	0.00e+00	0.00e+00	0.00e+00	0.00e+00	0.00e+00	5.46e-105
 2.19036e+13	1.13e-30	2.24e-22	5.94e-15	2.60e-08	4.73e-01	5.26e-01	6.78e-04	0.00e+00	0.00e+00	0.00e+00	0.00e+00	0.00e+00	3.60e-89
 2.26540e+13	1.53e-30	2.85e-22	7.14e-15	2.92e-08	4.92e-01	5.07e-01	6.06e-04	0.00e+00	0.00e+00	0.00e+00	0.00e+00	0.00e+00	2.99e-104
 2.34877e+13	2.12e-30	3.70e-22	8.68e-15	3.30e-08	5.13e-01	4.86e-01	5.37e-04	0.00e+00	0.00e+00	0.00e+00	0.00e+00	0.00e+00	1.59e-88
 2.42693e+13	2.83e-30	4.66e-22	1.03e-14	3.68e-08	5.31e-01	4.68e-01	4.80e-04	0.00e+00	0.00e+00	0.00e+00	0.00e+00	0.00e+00	1.78e-103
 2.51249e+13	3.84e-30	5.95e-22	1.24e-14	4.12e-08	5.51e-01	4.49e-01	4.27e-04	0.00e+00	0.00e+00	0.00e+00	0.00e+00	0.00e+00	6.62e-88
 2.60873e+13	5.34e-30	7.74e-22	1.51e-14	4.65e-08	5.72e-01	4.28e-01	3.75e-04	0.00e+00	0.00e+00	0.00e+00	0.00e+00	0.00e+00	1.15e-102
 2.70070e+13	7.22e-30	9.83e-22	1.81e-14	5.19e-08	5.90e-01	4.09e-01	3.32e-04	0.00e+00	0.00e+00	0.00e+00	0.00e+00	0.00e+00	3.03e-87
 2.78574e+13	9.43e-30	1.22e-21	2.12e-14	5.72e-08	6.07e-01	3.93e-01	2.98e-04	0.00e+00	0.00e+00	0.00e+00	0.00e+00	0.00e+00	6.18e-102
 2.87995e+13	1.26e-29	1.53e-21	2.51e-14	6.33e-08	6.24e-01	3.75e-01	2.65e-04	0.00e+00	0.00e+00	0.00e+00	0.00e+00	0.00e+00	1.17e-86
 2.98555e+13	1.71e-29	1.95e-21	3.01e-14	7.06e-08	6.43e-01	3.57e-01	2.33e-04	0.00e+00	0.00e+00	0.00e+00	0.00e+00	0.00e+00	3.64e-101
 3.08531e+13	2.26e-29	2.43e-21	3.54e-14	7.79e-08	6.60e-01	3.40e-01	2.06e-04	0.00e+00	0.00e+00	0.00e+00	0.00e+00	0.00e+00	4.91e-86
 3.19433e+13	3.02e-29	3.06e-21	4.20e-14	8.63e-08	6.76e-01	3.23e-01	1.82e-04	0.00e+00	0.00e+00	0.00e+00	0.00e+00	0.00e+00	2.04e-100
 3.31504e+13	4.13e-29	3.91e-21	5.03e-14	9.60e-08	6.94e-01	3.06e-01	1.59e-04	0.00e+00	0.00e+00	0.00e+00	0.00e+00	0.00e+00	2.20e-85
 3.42719e+13	5.45e-29	4.86e-21	5.91e-14	1.06e-07	7.09e-01	2.91e-01	1.40e-04	0.00e+00	0.00e+00	0.00e+00	0.00e+00	0.00e+00	1.22e-99
 3.54923e+13	7.29e-29	6.11e-21	6.98e-14	1.16e-07	7.25e-01	2.75e-01	1.23e-04	0.00e+00	0.00e+00	0.00e+00	0.00e+00	0.00e+00	9.09e-85
 3.68567e+13	9.95e-29	7.81e-21	8.35e-14	1.29e-07	7.41e-01	2.59e-01	1.07e-04	0.00e+00	0.00e+00	0.00e+00	0.00e+00	0.00e+00	7.73e-99
 3.81436e+13	1.32e-28	9.74e-21	9.81e-14	1.42e-07	7.55e-01	2.45e-01	9.41e-05	0.00e+00	0.00e+00	0.00e+00	0.00e+00	0.00e+00	4.06e-84
 3.95459e+13	1.77e-28	1.23e-20	1.16e-13	1.56e-07	7.69e-01	2.31e-01	8.20e-05	0.00e+00	0.00e+00	0.00e+00	0.00e+00	0.00e+00	4.61e-98
 4.11101e+13	2.44e-28	1.57e-20	1.39e-13	1.73e-07	7.84e-01	2.16e-01	7.07e-05	0.00e+00	0.00e+00	0.00e+00	0.00e+00	0.00e+00	1.92e-83
 4.25931e+13	3.25e-28	1.97e-20	1.63e-13	1.90e-07	7.96e-01	2.04e-01	6.17e-05	0.00e+00	0.00e+00	0.00e+00	0.00e+00	0.00e+00	3.01e-97
 4.41832e+13	4.37e-28	2.48e-20	1.93e-13	2.09e-07	8.09e-01	1.91e-01	5.36e-05	0.00e+00	0.00e+00	0.00e+00	0.00e+00	0.00e+00	8.59e-83
 4.59804e+13	6.03e-28	3.18e-20	2.31e-13	2.31e-07	8.22e-01	1.78e-01	4.60e-05	0.00e+00	0.00e+00	0.00e+00	0.00e+00	0.00e+00	2.09e-96
 4.77557e+13	8.18e-28	4.04e-20	2.73e-13	2.54e-07	8.33e-01	1.67e-01	3.97e-05	0.00e+00	0.00e+00	0.00e+00	0.00e+00	0.00e+00	4.33e-82
 4.96020e+13	1.11e-27	5.11e-20	3.23e-13	2.79e-07	8.44e-01	1.56e-01	3.42e-05	0.00e+00	0.00e+00	0.00e+00	0.00e+00	0.00e+00	1.42e-95
 5.16160e+13	1.53e-27	6.54e-20	3.86e-13	3.08e-07	8.55e-01	1.45e-01	2.93e-05	0.00e+00	0.00e+00	0.00e+00	0.00e+00	0.00e+00	2.18e-81
 5.37106e+13	2.10e-27	8.36e-20	4.59e-13	3.39e-07	8.65e-01	1.35e-01	2.51e-05	0.00e+00	0.00e+00	0.00e+00	0.00e+00	0.00e+00	1.07e-94
 5.58890e+13	2.88e-27	1.07e-19	5.45e-13	3.73e-07	8.74e-01	1.26e-01	2.14e-05	0.00e+00	0.00e+00	0.00e+00	0.00e+00	0.00e+00	1.15e-80
 5.80245e+13	3.88e-27	1.34e-19	6.41e-13	4.07e-07	8.83e-01	1.17e-01	1.85e-05	0.00e+00	0.00e+00	0.00e+00	0.00e+00	0.00e+00	7.55e-94
 6.00064e+13	5.07e-27	1.65e-19	7.41e-13	4.40e-07	8.90e-01	1.10e-01	1.62e-05	0.00e+00	0.00e+00	0.00e+00	0.00e+00	0.00e+00	5.08e-80
 6.21975e+13	6.74e-27	2.05e-19	8.64e-13	4.79e-07	8.97e-01	1.03e-01	1.41e-05	0.00e+00	0.00e+00	0.00e+00	0.00e+00	0.00e+00	4.39e-93
 6.44509e+13	8.94e-27	2.55e-19	1.01e-12	5.20e-07	9.04e-01	9.62e-02	1.22e-05	0.00e+00	0.00e+00	0.00e+00	0.00e+00	0.00e+00	2.28e-79
 6.63334e+13	1.12e-26	3.04e-19	1.14e-12	5.55e-07	9.09e-01	9.11e-02	1.09e-05	0.00e+00	0.00e+00	0.00e+00	0.00e+00	0.00e+00	2.25e-92
 6.83189e+13	1.42e-26	3.64e-19	1.29e-12	5.93e-07	9.14e-01	8.62e-02	9.69e-06	0.00e+00	0.00e+00	0.00e+00	0.00e+00	0.00e+00	7.79e-79
 7.08448e+13	1.89e-26	4.53e-19	1.50e-12	6.43e-07	9.20e-01	8.05e-02	8.39e-06	0.00e+00	0.00e+00	0.00e+00	0.00e+00	0.00e+00	1.20e-91
 7.34830e+13	2.53e-26	5.65e-19	1.75e-12	6.98e-07	9.25e-01	7.50e-02	7.26e-06	0.00e+00	0.00e+00	0.00e+00	0.00e+00	0.00e+00	3.63e-78
 7.58180e+13	3.24e-26	6.83e-19	1.99e-12	7.48e-07	9.29e-01	7.07e-02	6.41e-06	0.00e+00	0.00e+00	0.00e+00	0.00e+00	0.00e+00	6.77e-91
 7.83497e+13	4.20e-26	8.33e-19	2.29e-12	8.04e-07	9.34e-01	6.64e-02	5.63e-06	0.00e+00	0.00e+00	0.00e+00	0.00e+00	0.00e+00	1.42e-77
 8.11777e+13	5.56e-26	1.03e-18	2.65e-12	8.69e-07	9.38e-01	6.20e-02	4.89e-06	0.00e+00	0.00e+00	0.00e+00	0.00e+00	0.00e+00	3.86e-90
 8.38285e+13	7.18e-26	1.25e-18	3.03e-12	9.32e-07	9.42e-01	5.83e-02	4.30e-06	0.00e+00	0.00e+00	0.00e+00	0.00e+00	0.00e+00	5.99e-77
 8.67125e+13	9.39e-26	1.54e-18	3.48e-12	1.00e-06	9.45e-01	5.46e-02	3.77e-06	0.00e+00	0.00e+00	0.00e+00	0.00e+00	0.00e+00	2.09e-89
 8.99220e+13	1.25e-25	1.91e-18	4.04e-12	1.08e-06	9.49e-01	5.09e-02	3.26e-06	0.00e+00	0.00e+00	0.00e+00	0.00e+00	0.00e+00	2.68e-76
 9.29177e+13	1.62e-25	2.33e-18	4.62e-12	1.16e-06	9.52e-01	4.78e-02	2.86e-06	0.00e+00	0.00e+00	0.00e+00	0.00e+00	0.00e+00	5.41e-76
 9.61752e+13	2.13e-25	2.86e-18	5.32e-12	1.25e-06	9.55e-01	4.47e-02	2.50e-06	0.00e+00	0.00e+00	0.00e+00	0.00e+00	0.00e+00	1.14e-75
 9.98162e+13	2.86e-25	3.58e-18	6.20e-12	1.35e-06	9.58e-01	4.16e-02	2.15e-06	0.00e+00	0.00e+00	0.00e+00	0.00e+00	0.00e+00	2.52e-75
 1.03242e+14	3.74e-25	4.38e-18	7.11e-12	1.45e-06	9.61e-01	3.89e-02	1.88e-06	0.00e+00	0.00e+00	0.00e+00	0.00e+00	0.00e+00	5.22e-75
 1.06980e+14	4.97e-25	5.42e-18	8.22e-12	1.56e-06	9.64e-01	3.63e-02	1.64e-06	0.00e+00	0.00e+00	0.00e+00	0.00e+00	0.00e+00	1.13e-74
 1.11158e+14	6.73e-25	6.83e-18	9.61e-12	1.70e-06	9.66e-01	3.37e-02	1.41e-06	0.00e+00	0.00e+00	0.00e+00	0.00e+00	0.00e+00	2.57e-74
 1.15103e+14	8.88e-25	8.41e-18	1.11e-11	1.82e-06	9.68e-01	3.15e-02	1.22e-06	0.00e+00	0.00e+00	0.00e+00	0.00e+00	0.00e+00	5.46e-74
 1.19336e+14	1.18e-24	1.04e-17	1.28e-11	1.96e-06	9.71e-01	2.94e-02	1.06e-06	0.00e+00	0.00e+00	0.00e+00	0.00e+00	0.00e+00	1.20e-73
 1.24139e+14	1.62e-24	1.32e-17	1.50e-11	2.13e-06	9.73e-01	2.72e-02	9.07e-07	0.00e+00	0.00e+00	0.00e+00	0.00e+00	0.00e+00	2.81e-73
 1.28853e+14	2.18e-24	1.65e-17	1.75e-11	2.30e-06	9.75e-01	2.53e-02	0.00e+00	0.00e+00	0.00e+00	0.00e+00	0.00e+00	0.00e+00	6.30e-73
 1.33755e+14	2.93e-24	2.07e-17	2.03e-11	2.48e-06	9.77e-01	2.35e-02	0.00e+00	0.00e+00	0.00e+00	0.00e+00	0.00e+00	0.00e+00	1.42e-72
 1.39135e+14	4.01e-24	2.62e-17	2.38e-11	2.69e-06	9.78e-01	2.17e-02	0.00e+00	0.00e+00	0.00e+00	0.00e+00	0.00e+00	0.00e+00	3.33e-72
 1.44584e+14	5.43e-24	3.30e-17	2.78e-11	2.91e-06	9.80e-01	2.01e-02	0.00e+00	0.00e+00	0.00e+00	0.00e+00	0.00e+00	0.00e+00	7.66e-72
 1.50251e+14	7.37e-24	4.15e-17	3.24e-11	3.15e-06	9.81e-01	1.87e-02	0.00e+00	0.00e+00	0.00e+00	0.00e+00	0.00e+00	0.00e+00	1.76e-71
 1.55940e+14	9.90e-24	5.18e-17	3.77e-11	3.40e-06	9.83e-01	1.73e-02	0.00e+00	0.00e+00	0.00e+00	0.00e+00	1.66e-17	3.52e-17	3.95e-71
 1.61315e+14	1.30e-23	6.34e-17	4.32e-11	3.64e-06	9.84e-01	1.62e-02	0.00e+00	0.00e+00	0.00e+00	0.00e+00	2.11e-17	4.24e-17	8.23e-71
 1.67254e+14	1.73e-23	7.87e-17	4.99e-11	3.92e-06	9.85e-01	1.51e-02	0.00e+00	0.00e+00	0.00e+00	0.00e+00	2.61e-17	5.26e-17	1.80e-70
 1.73202e+14	2.27e-23	9.69e-17	5.75e-11	4.21e-06	9.86e-01	1.41e-02	0.00e+00	0.00e+00	0.00e+00	0.00e+00	3.22e-17	6.48e-17	3.83e-70
 1.78115e+14	2.84e-23	1.15e-16	6.43e-11	4.46e-06	9.87e-01	1.33e-02	0.00e+00	0.00e+00	0.00e+00	0.00e+00	3.80e-17	7.65e-17	7.01e-70
 1.83309e+14	3.56e-23	1.36e-16	7.22e-11	4.73e-06	9.87e-01	1.26e-02	0.00e+00	0.00e+00	0.00e+00	0.00e+00	4.51e-17	9.08e-17	1.30e-69
 1.89985e+14	4.73e-23	1.68e-16	8.34e-11	5.09e-06	9.88e-01	1.17e-02	0.00e+00	0.00e+00	0.00e+00	0.00e+00	5.58e-17	1.12e-16	2.82e-69
 1.97008e+14	6.30e-23	2.09e-16	9.66e-11	5.49e-06	9.89e-01	1.09e-02	0.00e+00	0.00e+00	0.00e+00	0.00e+00	6.94e-17	1.40e-16	6.16e-69
 2.03186e+14	8.04e-23	2.51e-16	1.09e-10	5.85e-06	9.90e-01	1.02e-02	0.00e+00	0.00e+00	0.00e+00	0.00e+00	8.34e-17	1.68e-16	1.21e-68
 2.09845e+14	1.04e-22	3.04e-16	1.25e-10	6.25e-06	9.90e-01	9.58e-03	0.00e+00	0.00e+00	0.00e+00	0.00e+00	1.01e-16	2.03e-16	2.40e-68
 2.17896e+14	1.39e-22	3.81e-16	1.45e-10	6.75e-06	9.91e-01	8.88e-03	0.00e+00	0.00e+00	0.00e+00	0.00e+00	1.26e-16	2.55e-16	5.37e-68
 2.26076e+14	1.86e-22	4.74e-16	1.68e-10	7.28e-06	9.92e-01	8.24e-03	0.00e+00	0.00e+00	0.00e+00	0.00e+00	1.57e-16	3.17e-16	1.18e-67
 2.33689e+14	2.42e-22	5.78e-16	1.93e-10	7.80e-06	9.92e-01	7.70e-03	0.00e+00	0.00e+00	0.00e+00	0.00e+00	1.92e-16	3.86e-16	2.41e-67
 2.42171e+14	3.20e-22	7.15e-16	2.23e-10	8.40e-06	9.93e-01	7.16e-03	0.00e+00	0.00e+00	0.00e+00	0.00e+00	2.37e-16	4.78e-16	5.16e-67
 2.51232e+14	4.28e-22	8.90e-16	2.58e-10	9.06e-06	9.93e-01	6.65e-03	0.00e+00	0.00e+00	0.00e+00	0.00e+00	2.95e-16	5.95e-16	1.13e-66
 2.59285e+14	5.48e-22	1.07e-15	2.94e-10	9.67e-06	9.94e-01	6.23e-03	0.00e+00	0.00e+00	0.00e+00	0.00e+00	3.56e-16	7.18e-16	2.23e-66
 2.67925e+14	7.09e-22	1.31e-15	3.35e-10	1.04e-05	9.94e-01	5.83e-03	0.00e+00	0.00e+00	0.00e+00	0.00e+00	4.33e-16	8.72e-16	4.47e-66
 2.78279e+14	9.55e-22	1.64e-15	3.91e-10	1.12e-05	9.95e-01	5.39e-03	0.00e+00	0.00e+00	0.00e+00	0.00e+00	5.43e-16	1.09e-15	1.00e-65
 2.88460e+14	1.27e-21	2.03e-15	4.53e-10	1.21e-05	9.95e-01	5.01e-03	0.00e+00	0.00e+00	0.00e+00	0.00e+00	6.72e-16	1.35e-15	2.16e-65
 2.97508e+14	1.61e-21	2.44e-15	5.14e-10	1.29e-05	9.95e-01	4.70e-03	0.00e+00	0.00e+00	0.00e+00	0.00e+00	8.08e-16	1.63e-15	4.18e-65
 3.07487e+14	2.09e-21	2.97e-15	5.87e-10	1.38e-05	9.96e-01	4.40e-03	0.00e+00	0.00e+00	0.00e+00	0.00e+00	9.83e-16	1.98e-15	8.43e-65
 3.19404e+14	2.82e-21	3.72e-15	6.86e-10	1.49e-05	9.96e-01	4.07e-03	0.00e+00	0.00e+00	0.00e+00	0.00e+00	1.23e-15	2.49e-15	1.89e-64
 3.31237e+14	3.75e-21	4.62e-15	7.95e-10	1.61e-05	9.96e-01	3.77e-03	0.00e+00	0.00e+00	0.00e+00	0.00e+00	1.53e-15	3.09e-15	4.11e-64
 3.42018e+14	4.82e-21	5.59e-15	9.05e-10	1.72e-05	9.96e-01	3.53e-03	0.00e+00	0.00e+00	0.00e+00	0.00e+00	1.85e-15	3.73e-15	8.15e-64
 3.54037e+14	6.31e-21	6.86e-15	1.04e-09	1.85e-05	9.97e-01	3.29e-03	0.00e+00	0.00e+00	0.00e+00	0.00e+00	2.27e-15	4.58e-15	1.70e-63
 3.68062e+14	8.55e-21	8.63e-15	1.22e-09	2.01e-05	9.97e-01	3.04e-03	0.00e+00	0.00e+00	0.00e+00	0.00e+00	2.86e-15	5.77e-15	3.87e-63
 3.81854e+14	1.14e-20	1.07e-14	1.42e-09	2.17e-05	9.97e-01	2.82e-03	0.00e+00	0.00e+00	0.00e+00	0.00e+00	3.56e-15	7.18e-15	8.49e-63
 3.94845e+14	1.48e-20	1.31e-14	1.62e-09	2.32e-05	9.97e-01	2.63e-03	0.00e+00	0.00e+00	0.00e+00	0.00e+00	4.34e-15	8.76e-15	1.73e-62
 4.09315e+14	1.96e-20	1.62e-14	1.87e-09	2.50e-05	9.98e-01	2.44e-03	0.00e+00	0.00e+00	0.00e+00	0.00e+00	5.37e-15	1.08e-14	3.72e-62
 4.25718e+14	2.67e-20	2.05e-14	2.20e-09	2.71e-05	9.98e-01	2.25e-03	0.00e+00	0.00e+00	0.00e+00	0.00e+00	6.78e-15	1.37e-14	8.57e-62
 4.42097e+14	3.59e-20	2.56e-14	2.56e-09	2.93e-05	9.98e-01	2.08e-03	0.00e+00	0.00e+00	0.00e+00	0.00e+00	8.48e-15	1.71e-14	1.93e-61
 4.57415e+14	4.68e-20	3.13e-14	2.94e-09	3.14e-05	9.98e-01	1.94e-03	0.00e+00	0.00e+00	0.00e+00	0.00e+00	1.04e-14	2.09e-14	3.98e-61
 4.74025e+14	6.18e-20	3.87e-14	3.39e-09	3.38e-05	9.98e-01	1.81e-03	0.00e+00	0.00e+00	0.00e+00	0.00e+00	1.28e-14	2.59e-14	8.52e-61
 4.92622e+14	8.35e-20	4.86e-14	3.96e-09	3.66e-05	9.98e-01	1.67e-03	0.00e+00	0.00e+00	0.00e+00	0.00e+00	1.61e-14	3.25e-14	1.94e-60
 5.09972e+14	1.10e-19	5.97e-14	4.55e-09	3.93e-05	9.98e-01	1.55e-03	0.00e+00	0.00e+00	0.00e+00	0.00e+00	1.97e-14	3.99e-14	4.07e-60
 5.26017e+14	1.40e-19	7.17e-14	5.16e-09	4.19e-05	9.98e-01	1.46e-03	0.00e+00	0.00e+00	0.00e+00	0.00e+00	2.37e-14	4.79e-14	7.89e-60
 5.41482e+14	1.75e-19	8.51e-14	5.79e-09	4.45e-05	9.99e-01	1.37e-03	0.00e+00	0.00e+00	0.00e+00	0.00e+00	2.81e-14	5.69e-14	1.47e-59
 5.58693e+14	2.24e-19	1.02e-13	6.57e-09	4.74e-05	9.99e-01	1.29e-03	0.00e+00	0.00e+00	0.00e+00	0.00e+00	3.39e-14	6.85e-14	2.87e-59
 5.77730e+14	2.91e-19	1.25e-13	7.52e-09	5.08e-05	9.99e-01	1.20e-03	0.00e+00	0.00e+00	0.00e+00	0.00e+00	4.13e-14	8.36e-14	5.89e-59
 5.95438e+14	3.69e-19	1.49e-13	8.49e-09	5.40e-05	9.99e-01	1.13e-03	0.00e+00	0.00e+00	0.00e+00	0.00e+00	4.94e-14	1.00e-13	1.13e-58
 6.14752e+14	4.74e-19	1.80e-13	9.65e-09	5.77e-05	9.99e-01	1.06e-03	0.00e+00	0.00e+00	0.00e+00	0.00e+00	5.97e-14	1.21e-13	2.23e-58
 6.36499e+14	6.22e-19	2.22e-13	1.11e-08	6.19e-05	9.99e-01	9.87e-04	0.00e+00	0.00e+00	0.00e+00	0.00e+00	7.33e-14	1.49e-13	4.72e-58
 6.57236e+14	8.01e-19	2.68e-13	1.26e-08	6.61e-05	9.99e-01	9.24e-04	0.00e+00	0.00e+00	0.00e+00	0.00e+00	8.87e-14	1.80e-13	9.43e-58
 6.80021e+14	1.05e-18	3.29e-13	1.45e-08	7.09e-05	9.99e-01	8.62e-04	0.00e+00	0.00e+00	0.00e+00	0.00e+00	1.09e-13	2.20e-13	1.96e-57
 7.05115e+14	1.39e-18	4.08e-13	1.68e-08	7.63e-05	9.99e-01	8.00e-04	0.00e+00	0.00e+00	0.00e+00	0.00e+00	1.35e-13	2.73e-13	4.29e-57
 7.28152e+14	1.79e-18	4.93e-13	1.91e-08	8.15e-05	9.99e-01	7.50e-04	0.00e+00	0.00e+00	0.00e+00	0.00e+00	1.63e-13	3.30e-13	8.59e-57
 7.53043e+14	2.33e-18	6.02e-13	2.18e-08	8.73e-05	9.99e-01	6.99e-04	0.00e+00	0.00e+00	0.00e+00	0.00e+00	1.99e-13	4.03e-13	1.77e-56
 7.80924e+14	3.10e-18	7.47e-13	2.53e-08	9.40e-05	9.99e-01	6.49e-04	0.00e+00	0.00e+00	0.00e+00	0.00e+00	2.46e-13	5.01e-13	3.88e-56
 8.07194e+14	4.02e-18	9.09e-13	2.88e-08	1.01e-04	9.99e-01	6.07e-04	0.00e+00	0.00e+00	0.00e+00	0.00e+00	3.00e-13	6.09e-13	7.91e-56
 8.35847e+14	5.28e-18	1.12e-12	3.32e-08	1.08e-04	9.99e-01	5.65e-04	0.00e+00	0.00e+00	0.00e+00	0.00e+00	3.68e-13	7.49e-13	1.68e-55
 8.67666e+14	7.07e-18	1.39e-12	3.86e-08	1.17e-04	9.99e-01	5.23e-04	0.00e+00	0.00e+00	0.00e+00	0.00e+00	4.59e-13	9.35e-13	3.74e-55
 8.97320e+14	9.21e-18	1.70e-12	4.41e-08	1.25e-04	9.99e-01	4.88e-04	0.00e+00	0.00e+00	0.00e+00	0.00e+00	5.61e-13	1.14e-12	7.76e-55
 9.29589e+14	1.21e-17	2.10e-12	5.09e-08	1.34e-04	9.99e-01	4.54e-04	0.00e+00	0.00e+00	0.00e+00	0.00e+00	6.90e-13	1.41e-12	1.65e-54
 9.65740e+14	1.63e-17	2.63e-12	5.93e-08	1.45e-04	9.99e-01	4.19e-04	0.00e+00	0.00e+00	0.00e+00	0.00e+00	8.64e-13	1.76e-12	3.75e-54
 9.99943e+14	2.14e-17	3.22e-12	6.82e-08	1.56e-04	9.99e-01	3.90e-04	0.00e+00	0.00e+00	0.00e+00	0.00e+00	1.06e-12	2.16e-12	7.88e-54
 1.03657e+15	2.83e-17	3.99e-12	7.88e-08	1.68e-04	9.99e-01	3.62e-04	0.00e+00	0.00e+00	0.00e+00	0.00e+00	1.31e-12	2.68e-12	1.71e-53
 1.07807e+15	3.83e-17	5.02e-12	9.24e-08	1.82e-04	9.99e-01	3.33e-04	0.00e+00	0.00e+00	0.00e+00	0.00e+00	1.65e-12	3.37e-12	3.94e-53
 1.11881e+15	5.09e-17	6.25e-12	1.07e-07	1.97e-04	9.99e-01	3.08e-04	0.00e+00	4.19e-18	1.26e-17	2.10e-17	2.05e-12	4.19e-12	8.68e-53
 1.16119e+15	6.77e-17	7.77e-12	1.25e-07	2.13e-04	1.00e+00	2.85e-04	0.00e+00	5.57e-18	1.67e-17	2.80e-17	2.55e-12	5.22e-12	1.91e-52
 1.20767e+15	9.14e-17	9.77e-12	1.46e-07	2.32e-04	1.00e+00	2.62e-04	0.00e+00	7.52e-18	2.26e-17	3.78e-17	3.21e-12	6.57e-12	4.38e-52
 1.25347e+15	1.21e-16	1.21e-11	1.70e-07	2.51e-04	1.00e+00	2.42e-04	0.00e+00	9.99e-18	3.00e-17	5.01e-17	3.98e-12	8.16e-12	9.58e-52
 1.29140e+15	1.52e-16	1.45e-11	1.92e-07	2.67e-04	1.00e+00	2.28e-04	0.00e+00	1.26e-17	3.77e-17	6.30e-17	4.74e-12	9.72e-12	1.81e-51
 1.32200e+15	1.81e-16	1.66e-11	2.11e-07	2.81e-04	1.00e+00	2.16e-04	0.00e+00	1.50e-17	4.49e-17	7.51e-17	5.43e-12	1.11e-11	2.93e-51
 1.35598e+15	2.20e-16	1.92e-11	2.34e-07	2.97e-04	9.99e-01	2.05e-04	0.00e+00	1.81e-17	5.44e-17	9.09e-17	6.29e-12	1.29e-11	4.98e-51
 1.40016e+15	2.79e-16	2.31e-11	2.67e-07	3.18e-04	9.99e-01	1.91e-04	0.00e+00	2.30e-17	6.91e-17	1.16e-16	7.57e-12	1.55e-11	9.71e-51
 1.44752e+15	3.57e-16	2.80e-11	3.06e-07	3.42e-04	9.99e-01	1.78e-04	0.00e+00	2.95e-17	8.86e-17	1.48e-16	9.17e-12	1.88e-11	1.94e-50
 1.48952e+15	4.42e-16	3.30e-11	3.44e-07	3.64e-04	9.99e-01	1.67e-04	0.00e+00	3.65e-17	1.10e-16	1.83e-16	1.08e-11	2.22e-11	3.50e-50
 1.53460e+15	5.50e-16	3.92e-11	3.89e-07	3.88e-04	9.99e-01	1.57e-04	0.00e+00	4.55e-17	1.37e-16	2.28e-16	1.28e-11	2.63e-11	6.49e-50
 1.59130e+15	7.18e-16	4.82e-11	4.51e-07	4.21e-04	9.99e-01	1.45e-04	0.00e+00	5.94e-17	1.78e-16	2.98e-16	1.58e-11	3.24e-11	1.37e-49
 1.64884e+15	9.29e-16	5.90e-11	5.22e-07	4.55e-04	9.99e-01	1.34e-04	0.00e+00	7.69e-17	2.31e-16	3.86e-16	1.93e-11	3.97e-11	2.84e-49
 1.69843e+15	1.15e-15	6.99e-11	5.89e-07	4.86e-04	9.99e-01	1.25e-04	0.00e+00	9.54e-17	2.86e-16	4.79e-16	2.29e-11	4.70e-11	5.21e-49
 1.75191e+15	1.43e-15	8.32e-11	6.69e-07	5.21e-04	9.99e-01	1.17e-04	0.00e+00	1.19e-16	3.57e-16	5.97e-16	2.72e-11	5.60e-11	9.73e-49
 1.81779e+15	1.87e-15	1.02e-10	7.78e-07	5.66e-04	9.99e-01	1.08e-04	0.00e+00	1.55e-16	4.65e-16	7.77e-16	3.35e-11	6.89e-11	2.07e-48
 1.88474e+15	2.41e-15	1.25e-10	9.03e-07	6.14e-04	9.99e-01	9.93e-05	0.00e+00	2.00e-16	6.01e-16	1.00e-15	4.10e-11	8.44e-11	4.31e-48
 1.94423e+15	2.99e-15	1.49e-10	1.02e-06	6.59e-04	9.99e-01	9.26e-05	0.00e+00	2.49e-16	7.47e-16	1.25e-15	4.88e-11	1.00e-10	8.06e-48
 2.00911e+15	3.76e-15	1.79e-10	1.17e-06	7.10e-04	9.99e-01	8.60e-05	0.00e+00	3.13e-16	9.39e-16	1.57e-15	5.85e-11	1.20e-10	1.56e-47
 2.08671e+15	4.88e-15	2.21e-10	1.37e-06	7.73e-04	9.99e-01	7.90e-05	0.00e+00	4.07e-16	1.22e-15	2.04e-15	7.21e-11	1.49e-10	3.36e-47
 2.16344e+15	6.25e-15	2.69e-10	1.59e-06	8.40e-04	9.99e-01	7.28e-05	0.00e+00	5.21e-16	1.57e-15	2.62e-15	8.80e-11	1.81e-10	6.97e-47
 2.23255e+15	7.52e-15	3.20e-10	1.80e-06	9.02e-04	9.99e-01	6.78e-05	0.00e+00	6.28e-16	1.89e-15	3.15e-15	1.05e-10	2.15e-10	1.29e-46
 2.30914e+15	9.42e-15	3.85e-10	2.07e-06	9.75e-04	9.99e-01	6.28e-05	0.00e+00	7.87e-16	2.36e-15	3.95e-15	1.26e-10	2.59e-10	2.55e-46
 2.39950e+15	1.21e-14	4.74e-10	2.42e-06	1.06e-03	9.99e-01	5.75e-05	0.00e+00	1.02e-15	3.05e-15	5.09e-15	1.55e-10	3.19e-10	5.54e-46
 2.48872e+15	1.54e-14	5.78e-10	2.80e-06	1.16e-03	9.99e-01	5.29e-05	0.00e+00	1.29e-15	3.87e-15	6.46e-15	1.89e-10	3.89e-10	1.16e-45
 2.57133e+15	1.90e-14	6.90e-10	3.20e-06	1.25e-03	9.99e-01	4.92e-05	0.00e+00	1.59e-15	4.78e-15	7.99e-15	2.26e-10	4.64e-10	2.23e-45
 2.66404e+15	2.38e-14	8.36e-10	3.69e-06	1.35e-03	9.99e-01	4.53e-05	0.00e+00	2.00e-15	6.01e-15	1.00e-14	2.73e-10	5.62e-10	4.57e-45
 2.77064e+15	3.05e-14	1.03e-09	4.33e-06	1.48e-03	9.98e-01	4.15e-05	0.00e+00	2.57e-15	7.72e-15	1.29e-14	3.38e-10	6.94e-10	1.01e-44
 2.87525e+15	3.85e-14	1.26e-09	5.03e-06	1.61e-03	9.98e-01	3.81e-05	0.00e+00	3.24e-15	9.74e-15	1.63e-14	4.12e-10	8.47e-10	2.15e-44
 2.98404e+15	4.85e-14	1.54e-09	5.84e-06	1.76e-03	9.98e-01	3.50e-05	0.00e+00	4.09e-15	1.23e-14	2.05e-14	5.03e-10	1.03e-09	4.58e-44
 3.08334e+15	5.91e-14	1.83e-09	6.66e-06	1.90e-03	9.98e-01	3.25e-05	0.00e+00	5.00e-15	1.50e-14	2.51e-14	6.00e-10	1.23e-09	8.90e-44
 3.15721e+15	6.84e-14	2.08e-09	7.32e-06	2.00e-03	9.98e-01	3.09e-05	0.00e+00	5.79e-15	1.74e-14	2.90e-14	6.81e-10	1.40e-09	1.44e-43
 3.23331e+15	7.90e-14	2.36e-09	8.06e-06	2.11e-03	9.98e-01	2.92e-05	0.00e+00	6.69e-15	2.01e-14	3.35e-14	7.73e-10	1.59e-09	2.34e-43
 3.33225e+15	9.47e-14	2.77e-09	9.10e-06	2.27e-03	9.98e-01	2.73e-05	0.00e+00	8.03e-15	2.41e-14	4.03e-14	9.09e-10	1.87e-09	4.35e-43
 3.43943e+15	1.14e-13	3.29e-09	1.03e-05	2.44e-03	9.98e-01	2.54e-05	0.00e+00	9.71e-15	2.91e-14	4.87e-14	1.08e-09	2.21e-09	8.45e-43
 3.53620e+15	1.35e-13	3.81e-09	1.15e-05	2.60e-03	9.97e-01	2.39e-05	0.00e+00	1.15e-14	3.44e-14	5.74e-14	1.25e-09	2.56e-09	1.49e-42
 3.64089e+15	1.60e-13	4.45e-09	1.30e-05	2.78e-03	9.97e-01	2.24e-05	0.00e+00	1.36e-14	4.09e-14	6.84e-14	1.46e-09	2.99e-09	2.74e-42
 3.77407e+15	1.98e-13	5.40e-09	1.50e-05	3.02e-03	9.97e-01	2.07e-05	0.00e+00	1.69e-14	5.06e-14	8.46e-14	1.77e-09	3.63e-09	5.79e-42
 3.90806e+15	2.42e-13	6.51e-09	1.72e-05	3.27e-03	9.97e-01	1.91e-05	0.00e+00	2.06e-14	6.19e-14	1.03e-13	2.14e-09	4.37e-09	1.21e-41
 4.01984e+15	2.84e-13	7.56e-09	1.93e-05	3.49e-03	9.96e-01	1.80e-05	0.00e+00	2.43e-14	7.29e-14	1.22e-13	2.48e-09	5.08e-09	2.17e-41
 4.13902e+15	3.37e-13	8.85e-09	2.16e-05	3.73e-03	9.96e-01	1.69e-05	0.00e+00	2.88e-14	8.64e-14	1.44e-13	2.90e-09	5.94e-09	4.05e-41
 4.29052e+15	4.13e-13	1.07e-08	2.50e-05	4.05e-03	9.96e-01	1.56e-05	0.00e+00	3.54e-14	1.06e-13	1.77e-13	3.53e-09	7.21e-09	8.71e-41
 4.44981e+15	5.06e-13	1.31e-08	2.89e-05	4.40e-03	9.96e-01	1.44e-05	0.00e+00	4.34e-14	1.30e-13	2.17e-13	4.29e-09	8.77e-09	1.89e-40
 4.59270e+15	6.06e-13	1.55e-08	3.28e-05	4.73e-03	9.95e-01	1.35e-05	0.00e+00	5.20e-14	1.56e-13	2.60e-13	5.08e-09	1.04e-08	3.67e-40
 4.74849e+15	7.32e-13	1.85e-08	3.74e-05	5.10e-03	9.95e-01	1.25e-05	0.00e+00	6.29e-14	1.89e-13	3.15e-13	6.09e-09	1.24e-08	7.47e-40
 4.93329e+15	9.01e-13	2.28e-08	4.36e-05	5.57e-03	9.94e-01	1.16e-05	0.00e+00	7.76e-14	2.33e-13	3.89e-13	7.50e-09	1.53e-08	1.68e-39
 5.11458e+15	1.09e-12	2.77e-08	5.03e-05	6.05e-03	9.94e-01	1.08e-05	0.00e+00	9.43e-14	2.83e-13	4.73e-13	9.12e-09	1.86e-08	3.60e-39
 5.27904e+15	1.31e-12	3.28e-08	5.71e-05	6.50e-03	9.93e-01	1.01e-05	0.00e+00	1.13e-13	3.39e-13	5.66e-13	1.08e-08	2.20e-08	6.94e-39
 5.46286e+15	1.58e-12	3.96e-08	6.54e-05	7.02e-03	9.93e-01	9.40e-06	0.00e+00	1.37e-13	4.11e-13	6.86e-13	1.30e-08	2.65e-08	1.42e-38
 5.67811e+15	1.94e-12	4.89e-08	7.64e-05	7.67e-03	9.92e-01	8.71e-06	0.00e+00	1.68e-13	5.05e-13	8.42e-13	1.61e-08	3.28e-08	3.22e-38
 5.88950e+15	2.38e-12	5.95e-08	8.83e-05	8.34e-03	9.92e-01	8.11e-06	0.00e+00	2.06e-13	6.19e-13	1.03e-12	1.96e-08	3.99e-08	6.89e-38
 6.08755e+15	2.87e-12	7.14e-08	1.01e-04	8.99e-03	9.91e-01	7.62e-06	0.00e+00	2.49e-13	7.47e-13	1.25e-12	2.35e-08	4.79e-08	1.36e-37
 6.30929e+15	3.51e-12	8.68e-08	1.16e-04	9.75e-03	9.90e-01	7.12e-06	0.00e+00	3.05e-13	9.14e-13	1.53e-12	2.86e-08	5.82e-08	2.88e-37
 6.52105e+15	4.20e-12	1.04e-07	1.33e-04	1.05e-02	9.89e-01	6.71e-06	0.00e+00	3.65e-13	1.10e-12	1.83e-12	3.43e-08	6.96e-08	5.63e-37
 6.67791e+15	4.74e-12	1.18e-07	1.46e-04	1.11e-02	9.89e-01	6.45e-06	0.00e+00	4.12e-13	1.24e-12	2.07e-12	3.90e-08	7.92e-08	9.07e-37
 6.83624e+15	5.43e-12	1.35e-07	1.60e-04	1.17e-02	9.88e-01	6.19e-06	0.00e+00	4.73e-13	1.42e-12	2.37e-12	4.44e-08	9.01e-08	1.48e-36
 7.04208e+15	6.47e-12	1.59e-07	1.81e-04	1.25e-02	9.87e-01	5.88e-06	0.00e+00	5.64e-13	1.69e-12	2.82e-12	5.23e-08	1.06e-07	2.74e-36
 7.26530e+15	7.71e-12	1.88e-07	2.05e-04	1.35e-02	9.86e-01	5.57e-06	0.00e+00	6.73e-13	2.02e-12	3.37e-12	6.22e-08	1.26e-07	5.15e-36
 7.46565e+15	9.00e-12	2.19e-07	2.28e-04	1.43e-02	9.85e-01	5.34e-06	0.00e+00	7.87e-13	2.36e-12	3.94e-12	7.24e-08	1.47e-07	8.95e-36
 7.68063e+15	1.06e-11	2.57e-07	2.56e-04	1.53e-02	9.84e-01	5.10e-06	0.00e+00	9.31e-13	2.79e-12	4.66e-12	8.50e-08	1.72e-07	1.61e-35
 7.95821e+15	1.32e-11	3.15e-07	2.96e-04	1.66e-02	9.83e-01	4.84e-06	0.00e+00	1.16e-12	3.47e-12	5.79e-12	1.04e-07	2.11e-07	3.27e-35
 8.23782e+15	1.61e-11	3.81e-07	3.40e-04	1.79e-02	9.82e-01	4.60e-06	0.00e+00	1.41e-12	4.23e-12	7.06e-12	1.26e-07	2.55e-07	6.49e-35
 8.46503e+15	1.88e-11	4.44e-07	3.79e-04	1.91e-02	9.81e-01	4.43e-06	0.00e+00	1.65e-12	4.96e-12	8.28e-12	1.47e-07	2.97e-07	1.11e-34
 8.70344e+15	2.24e-11	5.20e-07	4.25e-04	2.04e-02	9.79e-01	4.27e-06	0.00e+00	1.97e-12	5.90e-12	9.84e-12	1.72e-07	3.48e-07	1.95e-34
 9.01337e+15	2.77e-11	6.34e-07	4.91e-04	2.21e-02	9.77e-01	4.06e-06	0.00e+00	2.44e-12	7.31e-12	1.22e-11	2.10e-07	4.25e-07	3.94e-34
 9.33849e+15	3.43e-11	7.76e-07	5.67e-04	2.40e-02	9.75e-01	3.89e-06	0.00e+00	3.02e-12	9.06e-12	1.51e-11	2.57e-07	5.19e-07	7.85e-34
 9.61716e+15	4.09e-11	9.15e-07	6.40e-04	2.57e-02	9.74e-01	3.76e-06	0.00e+00	3.61e-12	1.08e-11	1.80e-11	3.03e-07	6.12e-07	1.39e-33
 9.91324e+15	4.95e-11	1.09e-06	7.26e-04	2.76e-02	9.72e-01	3.63e-06	0.00e+00	4.37e-12	1.31e-11	2.19e-11	3.61e-07	7.30e-07	2.54e-33
 1.02822e+16	6.26e-11	1.35e-06	8.46e-04	3.01e-02	9.69e-01	3.49e-06	0.00e+00	5.53e-12	1.66e-11	2.77e-11	4.47e-07	9.03e-07	5.20e-33
 1.06494e+16	7.71e-11	1.64e-06	9.78e-04	3.27e-02	9.66e-01	3.35e-06	0.00e+00	6.82e-12	2.05e-11	3.41e-11	5.45e-07	1.10e-06	1.00e-32
 1.09595e+16	9.26e-11	1.94e-06	1.10e-03	3.50e-02	9.64e-01	3.27e-06	0.00e+00	8.20e-12	2.46e-11	4.10e-11	6.43e-07	1.30e-06	1.72e-32
 1.12920e+16	1.13e-10	2.32e-06	1.25e-03	3.76e-02	9.61e-01	3.18e-06	0.00e+00	1.00e-11	3.01e-11	5.02e-11	7.68e-07	1.55e-06	3.07e-32
 1.17094e+16	1.43e-10	2.87e-06	1.47e-03	4.11e-02	9.57e-01	3.06e-06	0.00e+00	1.27e-11	3.80e-11	6.34e-11	9.51e-07	1.92e-06	6.19e-32
 1.21209e+16	1.77e-10	3.50e-06	1.70e-03	4.47e-02	9.54e-01	2.97e-06	0.00e+00	1.58e-11	4.73e-11	7.88e-11	1.16e-06	2.34e-06	1.15e-31
 1.24570e+16	2.13e-10	4.11e-06	1.91e-03	4.78e-02	9.50e-01	2.92e-06	0.00e+00	1.89e-11	5.67e-11	9.47e-11	1.36e-06	2.75e-06	1.90e-31
 1.27536e+16	2.48e-10	4.72e-06	2.12e-03	5.07e-02	9.47e-01	2.87e-06	0.00e+00	2.21e-11	6.63e-11	1.11e-10	1.57e-06	3.15e-06	2.92e-31
 1.30813e+16	2.98e-10	5.52e-06	2.38e-03	5.41e-02	9.44e-01	2.81e-06	0.00e+00	2.65e-11	7.96e-11	1.33e-10	1.83e-06	3.69e-06	4.73e-31
 1.34394e+16	3.54e-10	6.47e-06	2.68e-03	5.79e-02	9.39e-01	2.75e-06	0.00e+00	3.16e-11	9.47e-11	1.58e-10	2.15e-06	4.33e-06	7.73e-31
 1.37747e+16	4.20e-10	7.52e-06	2.99e-03	6.17e-02	9.35e-01	2.70e-06	0.00e+00	3.75e-11	1.12e-10	1.87e-10	2.49e-06	5.02e-06	1.20e-30
 1.41483e+16	5.13e-10	8.91e-06	3.40e-03	6.62e-02	9.30e-01	2.66e-06	0.00e+00	4.58e-11	1.37e-10	2.29e-10	2.96e-06	5.95e-06	2.03e-30
 1.45473e+16	6.19e-10	1.06e-05	3.86e-03	7.12e-02	9.25e-01	2.60e-06	0.00e+00	5.54e-11	1.66e-10	2.77e-10	3.50e-06	7.05e-06	3.31e-30
 1.49107e+16	7.38e-10	1.23e-05	4.34e-03	7.61e-02	9.20e-01	2.56e-06	0.00e+00	6.61e-11	1.98e-10	3.31e-10	4.09e-06	8.22e-06	5.19e-30
 1.53144e+16	9.07e-10	1.47e-05	4.96e-03	8.19e-02	9.13e-01	2.52e-06	0.00e+00	8.13e-11	2.44e-10	4.07e-10	4.88e-06	9.81e-06	8.74e-30
 1.57498e+16	1.13e-09	1.76e-05	5.70e-03	8.86e-02	9.06e-01	2.49e-06	0.00e+00	1.01e-10	3.03e-10	5.06e-10	5.84e-06	1.17e-05	1.46e-29
 1.61475e+16	1.37e-09	2.07e-05	6.46e-03	9.50e-02	8.99e-01	2.46e-06	0.00e+00	1.23e-10	3.69e-10	6.16e-10	6.89e-06	1.38e-05	2.30e-29
 1.65153e+16	1.62e-09	2.41e-05	7.26e-03	1.01e-01	8.91e-01	2.42e-06	0.00e+00	1.46e-10	4.37e-10	7.28e-10	7.99e-06	1.61e-05	3.48e-29
 1.69229e+16	2.01e-09	2.87e-05	8.30e-03	1.09e-01	8.83e-01	2.40e-06	0.00e+00	1.81e-10	5.43e-10	9.05e-10	9.53e-06	1.92e-05	5.74e-29
 1.73581e+16	2.47e-09	3.42e-05	9.53e-03	1.18e-01	8.73e-01	2.37e-06	0.00e+00	2.23e-10	6.68e-10	1.11e-09	1.14e-05	2.28e-05	9.25e-29
 1.77383e+16	2.98e-09	3.99e-05	1.08e-02	1.26e-01	8.64e-01	2.35e-06	0.00e+00	2.69e-10	8.07e-10	1.35e-09	1.33e-05	2.67e-05	1.40e-28
 1.80891e+16	3.56e-09	4.62e-05	1.21e-02	1.34e-01	8.54e-01	2.33e-06	0.00e+00	3.21e-10	9.64e-10	1.61e-09	1.54e-05	3.09e-05	2.08e-28
 1.84923e+16	4.35e-09	5.50e-05	1.38e-02	1.44e-01	8.43e-01	2.31e-06	0.00e+00	3.93e-10	1.18e-09	1.97e-09	1.83e-05	3.67e-05	3.34e-28
 1.89054e+16	5.39e-09	6.54e-05	1.59e-02	1.54e-01	8.30e-01	2.30e-06	0.00e+00	4.88e-10	1.46e-09	2.44e-09	2.18e-05	4.37e-05	5.25e-28
 1.92387e+16	6.41e-09	7.52e-05	1.77e-02	1.64e-01	8.18e-01	2.30e-06	0.00e+00	5.81e-10	1.74e-09	2.90e-09	2.50e-05	5.02e-05	7.54e-28
 1.95795e+16	7.68e-09	8.77e-05	2.00e-02	1.74e-01	8.06e-01	2.29e-06	0.00e+00	6.96e-10	2.09e-09	3.48e-09	2.92e-05	5.85e-05	1.14e-27
 1.99534e+16	9.50e-09	1.04e-04	2.29e-02	1.87e-01	7.90e-01	2.29e-06	0.00e+00	8.62e-10	2.59e-09	4.31e-09	3.46e-05	6.93e-05	1.80e-27
 2.02845e+16	1.14e-08	1.20e-04	2.57e-02	1.98e-01	7.76e-01	2.29e-06	0.00e+00	1.04e-09	3.11e-09	5.19e-09	4.00e-05	8.03e-05	2.61e-27
 2.05766e+16	1.34e-08	1.37e-04	2.87e-02	2.09e-01	7.62e-01	2.30e-06	0.00e+00	1.21e-09	3.64e-09	6.07e-09	4.57e-05	9.16e-05	3.68e-27
 2.09037e+16	1.65e-08	1.62e-04	3.26e-02	2.23e-01	7.44e-01	2.31e-06	0.00e+00	1.50e-09	4.50e-09	7.49e-09	5.40e-05	1.08e-04	5.81e-27
 2.12483e+16	2.01e-08	1.90e-04	3.72e-02	2.38e-01	7.25e-01	2.31e-06	0.00e+00	1.83e-09	5.48e-09	9.13e-09	6.34e-05	1.27e-04	8.74e-27
 2.15425e+16	2.41e-08	2.21e-04	4.19e-02	2.52e-01	7.06e-01	2.33e-06	0.00e+00	2.19e-09	6.58e-09	1.10e-08	7.35e-05	1.47e-04	1.29e-26
 2.18047e+16	2.90e-08	2.54e-04	4.67e-02	2.65e-01	6.88e-01	2.38e-06	0.00e+00	2.65e-09	7.94e-09	1.32e-08	8.47e-05	1.70e-04	1.91e-26
