#depth	He	He+	He+2
 1.49634e+10	2.86e-23	3.07e-12	1.00e+00
 4.54887e+10	3.19e-23	3.32e-12	1.00e+00
 7.72350e+10	3.53e-23	3.59e-12	1.00e+00
 1.10251e+11	3.92e-23	3.89e-12	1.00e+00
 1.42462e+11	4.32e-23	4.19e-12	1.00e+00
 1.73173e+11	4.73e-23	4.48e-12	1.00e+00
 2.07240e+11	5.21e-23	4.82e-12	1.00e+00
 2.45457e+11	5.80e-23	5.22e-12	1.00e+00
 2.84095e+11	6.43e-23	5.63e-12	1.00e+00
 3.24279e+11	7.14e-23	6.09e-12	1.00e+00
 3.67177e+11	7.96e-23	6.59e-12	1.00e+00
 4.11790e+11	8.88e-23	7.13e-12	1.00e+00
 4.58189e+11	9.92e-23	7.72e-12	1.00e+00
 5.06443e+11	1.11e-22	8.36e-12	1.00e+00
 5.56628e+11	1.24e-22	9.05e-12	1.00e+00
 6.08820e+11	1.39e-22	9.80e-12	1.00e+00
 6.63099e+11	1.56e-22	1.06e-11	1.00e+00
 7.19550e+11	1.76e-22	1.15e-11	1.00e+00
 7.78259e+11	1.98e-22	1.25e-11	1.00e+00
 8.39316e+11	2.23e-22	1.35e-11	1.00e+00
 8.99064e+11	2.50e-22	1.45e-11	1.00e+00
 9.54335e+11	2.77e-22	1.56e-11	1.00e+00
 1.01557e+12	3.09e-22	1.67e-11	1.00e+00
 1.08612e+12	3.50e-22	1.81e-11	1.00e+00
 1.15547e+12	3.95e-22	1.96e-11	1.00e+00
 1.22760e+12	4.45e-22	2.11e-11	1.00e+00
 1.30663e+12	5.07e-22	2.29e-11	1.00e+00
 1.38683e+12	5.76e-22	2.48e-11	1.00e+00
 1.47024e+12	6.54e-22	2.69e-11	1.00e+00
 1.55897e+12	7.48e-22	2.91e-11	1.00e+00
 1.65126e+12	8.56e-22	3.16e-11	1.00e+00
 1.74723e+12	9.80e-22	3.43e-11	1.00e+00
 1.84705e+12	1.12e-21	3.73e-11	1.00e+00
 1.95086e+12	1.29e-21	4.05e-11	1.00e+00
 2.05882e+12	1.48e-21	4.40e-11	1.00e+00
 2.17110e+12	1.71e-21	4.78e-11	1.00e+00
 2.27680e+12	1.95e-21	5.15e-11	1.00e+00
 2.37150e+12	2.18e-21	5.50e-11	1.00e+00
 2.47787e+12	2.45e-21	5.91e-11	1.00e+00
 2.60371e+12	2.83e-21	6.42e-11	1.00e+00
 2.72952e+12	3.25e-21	6.95e-11	1.00e+00
 2.84785e+12	3.68e-21	7.47e-11	1.00e+00
 2.97918e+12	4.20e-21	8.08e-11	1.00e+00
 3.12828e+12	4.87e-21	8.80e-11	1.00e+00
 3.27706e+12	5.63e-21	9.56e-11	1.00e+00
 3.43180e+12	6.48e-21	1.04e-10	1.00e+00
 3.59900e+12	7.53e-21	1.13e-10	1.00e+00
 3.77288e+12	8.75e-21	1.24e-10	1.00e+00
 3.93695e+12	1.01e-20	1.34e-10	1.00e+00
 4.08462e+12	1.13e-20	1.43e-10	1.00e+00
 4.25082e+12	1.28e-20	1.55e-10	1.00e+00
 4.44662e+12	1.49e-20	1.69e-10	1.00e+00
 4.64220e+12	1.72e-20	1.84e-10	1.00e+00
 4.82581e+12	1.96e-20	1.98e-10	1.00e+00
 5.02898e+12	2.24e-20	2.15e-10	1.00e+00
 5.26006e+12	2.61e-20	2.35e-10	1.00e+00
 5.48878e+12	3.02e-20	2.57e-10	1.00e+00
 5.71022e+12	3.45e-20	2.79e-10	1.00e+00
 5.95211e+12	3.96e-20	3.04e-10	1.00e+00
 6.22013e+12	4.61e-20	3.34e-10	1.00e+00
 6.49289e+12	5.33e-20	3.66e-10	1.00e+00
 6.75962e+12	6.11e-20	3.99e-10	1.00e+00
 7.04300e+12	7.00e-20	4.36e-10	1.00e+00
 7.35465e+12	8.11e-20	4.79e-10	1.00e+00
 7.67235e+12	9.35e-20	5.26e-10	1.00e+00
 8.00276e+12	1.08e-19	5.78e-10	1.00e+00
 8.35279e+12	1.24e-19	6.36e-10	1.00e+00
 8.71683e+12	1.43e-19	7.00e-10	1.00e+00
 9.04615e+12	1.62e-19	7.62e-10	1.00e+00
 9.32066e+12	1.78e-19	8.16e-10	1.00e+00
 9.62147e+12	1.97e-19	8.78e-10	1.00e+00
 1.00023e+13	2.23e-19	9.61e-10	1.00e+00
 1.03993e+13	2.53e-19	1.05e-09	1.00e+00
 1.07511e+13	2.82e-19	1.14e-09	1.00e+00
 1.10801e+13	3.10e-19	1.22e-09	1.00e+00
 1.14560e+13	3.44e-19	1.32e-09	1.00e+00
 1.19168e+13	3.91e-19	1.45e-09	1.00e+00
 1.23753e+13	4.42e-19	1.58e-09	1.00e+00
 1.27749e+13	4.90e-19	1.71e-09	1.00e+00
 1.32106e+13	5.44e-19	1.84e-09	1.00e+00
 1.37409e+13	6.18e-19	2.02e-09	1.00e+00
 1.42819e+13	7.00e-19	2.22e-09	1.00e+00
 1.47806e+13	7.81e-19	2.40e-09	1.00e+00
 1.53369e+13	8.80e-19	2.62e-09	1.00e+00
 1.59793e+13	1.01e-18	2.88e-09	1.00e+00
 1.66104e+13	1.15e-18	3.15e-09	1.00e+00
 1.72161e+13	1.29e-18	3.43e-09	1.00e+00
 1.78839e+13	1.47e-18	3.74e-09	1.00e+00
 1.86292e+13	1.69e-18	4.11e-09	1.00e+00
 1.93076e+13	1.92e-18	4.46e-09	1.00e+00
 1.98801e+13	2.13e-18	4.77e-09	1.00e+00
 2.05103e+13	2.38e-18	5.12e-09	1.00e+00
 2.12219e+13	2.69e-18	5.53e-09	1.00e+00
 2.19036e+13	3.02e-18	5.95e-09	1.00e+00
 2.26540e+13	3.41e-18	6.41e-09	1.00e+00
 2.34877e+13	3.91e-18	6.96e-09	1.00e+00
 2.42693e+13	4.42e-18	7.49e-09	1.00e+00
 2.51249e+13	5.04e-18	8.09e-09	1.00e+00
 2.60873e+13	5.82e-18	8.80e-09	1.00e+00
 2.70070e+13	6.66e-18	9.51e-09	1.00e+00
 2.78574e+13	7.51e-18	1.02e-08	1.00e+00
 2.87995e+13	8.55e-18	1.10e-08	1.00e+00
 2.98555e+13	9.86e-18	1.19e-08	1.00e+00
 3.08531e+13	1.12e-17	1.28e-08	1.00e+00
 3.19433e+13	1.29e-17	1.38e-08	1.00e+00
 3.31504e+13	1.50e-17	1.49e-08	1.00e+00
 3.42719e+13	1.71e-17	1.61e-08	1.00e+00
 3.54923e+13	1.97e-17	1.73e-08	1.00e+00
 3.68567e+13	2.29e-17	1.88e-08	1.00e+00
 3.81436e+13	2.64e-17	2.03e-08	1.00e+00
 3.95459e+13	3.05e-17	2.19e-08	1.00e+00
 4.11101e+13	3.58e-17	2.38e-08	1.00e+00
 4.25931e+13	4.13e-17	2.57e-08	1.00e+00
 4.41832e+13	4.80e-17	2.78e-08	1.00e+00
 4.59804e+13	5.66e-17	3.03e-08	1.00e+00
 4.77557e+13	6.60e-17	3.28e-08	1.00e+00
 4.96020e+13	7.72e-17	3.56e-08	1.00e+00
 5.16160e+13	9.09e-17	3.87e-08	1.00e+00
 5.37106e+13	1.07e-16	4.21e-08	1.00e+00
 5.58890e+13	1.26e-16	4.58e-08	1.00e+00
 5.80245e+13	1.47e-16	4.96e-08	1.00e+00
 6.00064e+13	1.69e-16	5.32e-08	1.00e+00
 6.21975e+13	1.95e-16	5.73e-08	1.00e+00
 6.44509e+13	2.26e-16	6.17e-08	1.00e+00
 6.63334e+13	2.54e-16	6.56e-08	1.00e+00
 6.83189e+13	2.86e-16	6.97e-08	1.00e+00
 7.08448e+13	3.32e-16	7.51e-08	1.00e+00
 7.34830e+13	3.86e-16	8.11e-08	1.00e+00
 7.58180e+13	4.38e-16	8.64e-08	1.00e+00
 7.83497e+13	5.00e-16	9.24e-08	1.00e+00
 8.11777e+13	5.78e-16	9.95e-08	1.00e+00
 8.38285e+13	6.58e-16	1.06e-07	1.00e+00
 8.67125e+13	7.54e-16	1.14e-07	1.00e+00
 8.99220e+13	8.73e-16	1.23e-07	1.00e+00
 9.29177e+13	9.96e-16	1.31e-07	1.00e+00
 9.61752e+13	1.14e-15	1.40e-07	1.00e+00
 9.98162e+13	1.33e-15	1.51e-07	1.00e+00
 1.03242e+14	1.52e-15	1.62e-07	1.00e+00
 1.06980e+14	1.75e-15	1.74e-07	1.00e+00
 1.11158e+14	2.04e-15	1.88e-07	1.00e+00
 1.15103e+14	2.35e-15	2.02e-07	1.00e+00
 1.19336e+14	2.71e-15	2.17e-07	1.00e+00
 1.24139e+14	3.18e-15	2.35e-07	1.00e+00
 1.28853e+14	3.68e-15	2.53e-07	1.00e+00
 1.33755e+14	4.27e-15	2.73e-07	1.00e+00
 1.39135e+14	5.00e-15	2.95e-07	1.00e+00
 1.44584e+14	5.83e-15	3.19e-07	1.00e+00
 1.50251e+14	6.79e-15	3.44e-07	1.00e+00
 1.55940e+14	7.87e-15	3.71e-07	1.00e+00
 1.61315e+14	9.00e-15	3.97e-07	1.00e+00
 1.67254e+14	1.04e-14	4.27e-07	1.00e+00
 1.73202e+14	1.20e-14	4.58e-07	1.00e+00
 1.78115e+14	1.34e-14	4.85e-07	1.00e+00
 1.83309e+14	1.50e-14	5.14e-07	1.00e+00
 1.89985e+14	1.73e-14	5.52e-07	1.00e+00
 1.97008e+14	2.00e-14	5.95e-07	1.00e+00
 2.03186e+14	2.26e-14	6.33e-07	1.00e+00
 2.09845e+14	2.57e-14	6.76e-07	1.00e+00
 2.17896e+14	2.99e-14	7.30e-07	1.00e+00
 2.26076e+14	3.46e-14	7.86e-07	1.00e+00
 2.33689e+14	3.95e-14	8.41e-07	1.00e+00
 2.42171e+14	4.56e-14	9.06e-07	1.00e+00
 2.51232e+14	5.29e-14	9.77e-07	1.00e+00
 2.59285e+14	6.00e-14	1.04e-06	1.00e+00
 2.67925e+14	6.85e-14	1.12e-06	1.00e+00
 2.78279e+14	7.98e-14	1.21e-06	1.00e+00
 2.88460e+14	9.22e-14	1.30e-06	1.00e+00
 2.97508e+14	1.04e-13	1.39e-06	1.00e+00
 3.07487e+14	1.19e-13	1.48e-06	1.00e+00
 3.19404e+14	1.39e-13	1.61e-06	1.00e+00
 3.31237e+14	1.61e-13	1.73e-06	1.00e+00
 3.42018e+14	1.83e-13	1.85e-06	1.00e+00
 3.54037e+14	2.10e-13	1.99e-06	1.00e+00
 3.68062e+14	2.45e-13	2.16e-06	1.00e+00
 3.81854e+14	2.83e-13	2.33e-06	1.00e+00
 3.94845e+14	3.23e-13	2.49e-06	1.00e+00
 4.09315e+14	3.73e-13	2.69e-06	1.00e+00
 4.25718e+14	4.35e-13	2.91e-06	1.00e+00
 4.42097e+14	5.04e-13	3.15e-06	1.00e+00
 4.57415e+14	5.77e-13	3.38e-06	1.00e+00
 4.74025e+14	6.63e-13	3.63e-06	1.00e+00
 4.92622e+14	7.70e-13	3.93e-06	1.00e+00
 5.09972e+14	8.79e-13	4.22e-06	1.00e+00
 5.26017e+14	9.91e-13	4.50e-06	1.00e+00
 5.41482e+14	1.11e-12	4.77e-06	1.00e+00
 5.58693e+14	1.25e-12	5.09e-06	1.00e+00
 5.77730e+14	1.42e-12	5.45e-06	1.00e+00
 5.95438e+14	1.59e-12	5.79e-06	1.00e+00
 6.14752e+14	1.80e-12	6.18e-06	1.00e+00
 6.36499e+14	2.05e-12	6.64e-06	1.00e+00
 6.57236e+14	2.32e-12	7.08e-06	1.00e+00
 6.80021e+14	2.63e-12	7.60e-06	1.00e+00
 7.05115e+14	3.02e-12	8.18e-06	1.00e+00
 7.28152e+14	3.40e-12	8.73e-06	1.00e+00
 7.53043e+14	3.86e-12	9.35e-06	1.00e+00
 7.80924e+14	4.42e-12	1.01e-05	1.00e+00
 8.07194e+14	5.00e-12	1.08e-05	1.00e+00
 8.35847e+14	5.69e-12	1.16e-05	1.00e+00
 8.67666e+14	6.54e-12	1.25e-05	1.00e+00
 8.97320e+14	7.40e-12	1.34e-05	1.00e+00
 9.29589e+14	8.44e-12	1.44e-05	1.00e+00
 9.65740e+14	9.72e-12	1.55e-05	1.00e+00
 9.99943e+14	1.11e-11	1.67e-05	1.00e+00
 1.03657e+15	1.26e-11	1.80e-05	1.00e+00
 1.07807e+15	1.46e-11	1.95e-05	1.00e+00
 1.11881e+15	1.68e-11	2.11e-05	1.00e+00
 1.16119e+15	1.94e-11	2.28e-05	1.00e+00
 1.20767e+15	2.25e-11	2.48e-05	1.00e+00
 1.25347e+15	2.59e-11	2.68e-05	1.00e+00
 1.29140e+15	2.90e-11	2.85e-05	1.00e+00
 1.32200e+15	3.17e-11	3.00e-05	1.00e+00
 1.35598e+15	3.50e-11	3.17e-05	1.00e+00
 1.40016e+15	3.96e-11	3.39e-05	1.00e+00
 1.44752e+15	4.51e-11	3.64e-05	1.00e+00
 1.48952e+15	5.05e-11	3.88e-05	1.00e+00
 1.53460e+15	5.68e-11	4.14e-05	1.00e+00
 1.59130e+15	6.56e-11	4.48e-05	1.00e+00
 1.64884e+15	7.57e-11	4.84e-05	1.00e+00
 1.69843e+15	8.52e-11	5.17e-05	1.00e+00
 1.75191e+15	9.68e-11	5.54e-05	1.00e+00
 1.81779e+15	1.12e-10	6.01e-05	1.00e+00
 1.88474e+15	1.31e-10	6.51e-05	1.00e+00
 1.94423e+15	1.48e-10	6.98e-05	1.00e+00
 2.00911e+15	1.70e-10	7.52e-05	1.00e+00
 2.08671e+15	1.99e-10	8.18e-05	1.00e+00
 2.16344e+15	2.32e-10	8.88e-05	1.00e+00
 2.23255e+15	2.64e-10	9.53e-05	1.00e+00
 2.30914e+15	3.05e-10	1.03e-04	1.00e+00
 2.39950e+15	3.59e-10	1.12e-04	1.00e+00
 2.48872e+15	4.20e-10	1.22e-04	1.00e+00
 2.57133e+15	4.83e-10	1.31e-04	1.00e+00
 2.66404e+15	5.62e-10	1.42e-04	1.00e+00
 2.77064e+15	6.66e-10	1.55e-04	1.00e+00
 2.87525e+15	7.81e-10	1.69e-04	1.00e+00
 2.98404e+15	9.17e-10	1.84e-04	1.00e+00
 3.08334e+15	1.06e-09	1.98e-04	1.00e+00
 3.15721e+15	1.17e-09	2.08e-04	1.00e+00
 3.23331e+15	1.30e-09	2.20e-04	1.00e+00
 3.33225e+15	1.48e-09	2.35e-04	1.00e+00
 3.43943e+15	1.69e-09	2.53e-04	1.00e+00
 3.53620e+15	1.91e-09	2.69e-04	1.00e+00
 3.64089e+15	2.17e-09	2.87e-04	1.00e+00
 3.77407e+15	2.53e-09	3.11e-04	1.00e+00
 3.90806e+15	2.95e-09	3.37e-04	1.00e+00
 4.01984e+15	3.33e-09	3.58e-04	1.00e+00
 4.13902e+15	3.77e-09	3.82e-04	1.00e+00
 4.29052e+15	4.41e-09	4.14e-04	1.00e+00
 4.44981e+15	5.16e-09	4.49e-04	1.00e+00
 4.59270e+15	5.91e-09	4.82e-04	1.00e+00
 4.74849e+15	6.83e-09	5.18e-04	9.99e-01
 4.93329e+15	8.04e-09	5.64e-04	9.99e-01
 5.11458e+15	9.38e-09	6.10e-04	9.99e-01
 5.27904e+15	1.07e-08	6.54e-04	9.99e-01
 5.46286e+15	1.24e-08	7.05e-04	9.99e-01
 5.67811e+15	1.46e-08	7.67e-04	9.99e-01
 5.88950e+15	1.71e-08	8.30e-04	9.99e-01
 6.08755e+15	1.96e-08	8.91e-04	9.99e-01
 6.30929e+15	2.28e-08	9.63e-04	9.99e-01
 6.52105e+15	2.61e-08	1.03e-03	9.99e-01
 6.67791e+15	2.88e-08	1.09e-03	9.99e-01
 6.83624e+15	3.18e-08	1.14e-03	9.99e-01
 7.04208e+15	3.61e-08	1.22e-03	9.99e-01
 7.26530e+15	4.11e-08	1.30e-03	9.99e-01
 7.46565e+15	4.60e-08	1.38e-03	9.99e-01
 7.68063e+15	5.18e-08	1.46e-03	9.99e-01
 7.95821e+15	6.02e-08	1.58e-03	9.98e-01
 8.23782e+15	6.94e-08	1.70e-03	9.98e-01
 8.46503e+15	7.76e-08	1.80e-03	9.98e-01
 8.70344e+15	8.71e-08	1.91e-03	9.98e-01
 9.01337e+15	1.01e-07	2.06e-03	9.98e-01
 9.33849e+15	1.17e-07	2.22e-03	9.98e-01
 9.61716e+15	1.31e-07	2.35e-03	9.98e-01
 9.91324e+15	1.49e-07	2.51e-03	9.97e-01
 1.02822e+16	1.74e-07	2.72e-03	9.97e-01
 1.06494e+16	2.00e-07	2.93e-03	9.97e-01
 1.09595e+16	2.25e-07	3.11e-03	9.97e-01
 1.12920e+16	2.54e-07	3.32e-03	9.97e-01
 1.17094e+16	2.96e-07	3.59e-03	9.96e-01
 1.21209e+16	3.40e-07	3.87e-03	9.96e-01
 1.24570e+16	3.79e-07	4.10e-03	9.96e-01
 1.27536e+16	4.17e-07	4.32e-03	9.96e-01
 1.30813e+16	4.65e-07	4.58e-03	9.95e-01
 1.34394e+16	5.19e-07	4.87e-03	9.95e-01
 1.37747e+16	5.75e-07	5.15e-03	9.95e-01
 1.41483e+16	6.46e-07	5.50e-03	9.95e-01
 1.45473e+16	7.25e-07	5.87e-03	9.94e-01
 1.49107e+16	8.05e-07	6.23e-03	9.94e-01
 1.53144e+16	9.08e-07	6.68e-03	9.93e-01
 1.57498e+16	1.03e-06	7.18e-03	9.93e-01
 1.61475e+16	1.15e-06	7.67e-03	9.92e-01
 1.65153e+16	1.27e-06	8.16e-03	9.92e-01
 1.69229e+16	1.43e-06	8.79e-03	9.91e-01
 1.73581e+16	1.61e-06	9.48e-03	9.91e-01
 1.77383e+16	1.79e-06	1.01e-02	9.90e-01
 1.80891e+16	1.98e-06	1.08e-02	9.89e-01
 1.84923e+16	2.24e-06	1.17e-02	9.88e-01
 1.89054e+16	2.53e-06	1.27e-02	9.87e-01
 1.92387e+16	2.79e-06	1.36e-02	9.86e-01
 1.95795e+16	3.12e-06	1.47e-02	9.85e-01
 1.99534e+16	3.54e-06	1.60e-02	9.84e-01
 2.02845e+16	3.95e-06	1.73e-02	9.83e-01
 2.05766e+16	4.37e-06	1.86e-02	9.81e-01
 2.09037e+16	4.97e-06	2.03e-02	9.80e-01
 2.12483e+16	5.64e-06	2.23e-02	9.78e-01
 2.15425e+16	6.36e-06	2.44e-02	9.76e-01
 2.18047e+16	7.14e-06	2.65e-02	9.74e-01
 2.20579e+16	8.00e-06	2.88e-02	9.71e-01
 2.23467e+16	9.10e-06	3.20e-02	9.68e-01
 2.26526e+16	1.07e-05	3.60e-02	9.64e-01
 2.29017e+16	1.23e-05	4.00e-02	9.60e-01
 2.31049e+16	1.39e-05	4.38e-02	9.56e-01
 2.33275e+16	1.60e-05	4.88e-02	9.51e-01
 2.35679e+16	1.85e-05	5.53e-02	9.45e-01
 2.37773e+16	2.19e-05	6.22e-02	9.38e-01
 2.39490e+16	2.46e-05	6.91e-02	9.31e-01
 2.41258e+16	2.86e-05	7.76e-02	9.22e-01
 2.43159e+16	3.38e-05	8.87e-02	9.11e-01
 2.44777e+16	3.95e-05	1.00e-01	9.00e-01
 2.46115e+16	4.54e-05	1.12e-01	8.88e-01
 2.47350e+16	5.21e-05	1.25e-01	8.75e-01
 2.48760e+16	6.22e-05	1.43e-01	8.57e-01
 2.50158e+16	7.36e-05	1.64e-01	8.36e-01
 2.51247e+16	8.44e-05	1.84e-01	8.16e-01
 2.52133e+16	9.62e-05	2.03e-01	7.97e-01
 2.52805e+16	1.06e-04	2.19e-01	7.81e-01
 2.53434e+16	1.15e-04	2.36e-01	7.63e-01
 2.54252e+16	1.31e-04	2.61e-01	7.39e-01
 2.55101e+16	1.50e-04	2.90e-01	7.10e-01
 2.55742e+16	1.65e-04	3.13e-01	6.86e-01
 2.56328e+16	1.81e-04	3.38e-01	6.62e-01
 2.57090e+16	2.06e-04	3.73e-01	6.27e-01
 2.57832e+16	2.31e-04	4.08e-01	5.91e-01
 2.58409e+16	2.53e-04	4.38e-01	5.62e-01
 2.59022e+16	2.79e-04	4.72e-01	5.27e-01
 2.59817e+16	3.15e-04	5.18e-01	4.82e-01
 2.60633e+16	3.53e-04	5.64e-01	4.35e-01
 2.61313e+16	3.88e-04	6.04e-01	3.96e-01
 2.62037e+16	4.26e-04	6.46e-01	3.54e-01
 2.62977e+16	4.76e-04	6.98e-01	3.02e-01
 2.63968e+16	5.28e-04	7.46e-01	2.53e-01
 2.64861e+16	5.73e-04	7.85e-01	2.14e-01
 2.65857e+16	6.22e-04	8.23e-01	1.76e-01
 2.67153e+16	6.81e-04	8.63e-01	1.36e-01
 2.68837e+16	7.50e-04	9.02e-01	9.73e-02
 2.70701e+16	8.17e-04	9.31e-01	6.82e-02
 2.72799e+16	8.88e-04	9.53e-01	4.65e-02
 2.75526e+16	9.76e-04	9.70e-01	2.93e-02
 2.78383e+16	1.07e-03	9.80e-01	1.91e-02
 2.80738e+16	1.16e-03	9.85e-01	1.38e-02
 2.82328e+16	1.23e-03	9.87e-01	1.14e-02
 2.83315e+16	1.27e-03	9.89e-01	1.01e-02
 2.84321e+16	1.32e-03	9.90e-01	8.89e-03
 2.85628e+16	1.38e-03	9.91e-01	7.56e-03
 2.87097e+16	1.46e-03	9.92e-01	6.40e-03
 2.88429e+16	1.54e-03	9.93e-01	5.53e-03
 2.89568e+16	1.61e-03	9.93e-01	4.91e-03
 2.90801e+16	1.70e-03	9.94e-01	4.29e-03
 2.92013e+16	1.80e-03	9.94e-01	3.81e-03
 2.92893e+16	1.88e-03	9.95e-01	3.50e-03
 2.93617e+16	1.94e-03	9.95e-01	3.26e-03
 2.94441e+16	2.03e-03	9.95e-01	3.00e-03
 2.95512e+16	2.14e-03	9.95e-01	2.70e-03
 2.96566e+16	2.27e-03	9.95e-01	2.46e-03
 2.97328e+16	2.37e-03	9.95e-01	2.30e-03
 2.97942e+16	2.45e-03	9.95e-01	2.17e-03
 2.98639e+16	2.56e-03	9.95e-01	2.04e-03
 2.99545e+16	2.71e-03	9.95e-01	1.87e-03
 3.00445e+16	2.88e-03	9.95e-01	1.73e-03
 3.01107e+16	3.01e-03	9.95e-01	1.64e-03
 3.01640e+16	3.13e-03	9.95e-01	1.57e-03
 3.02236e+16	3.27e-03	9.95e-01	1.49e-03
 3.03010e+16	3.47e-03	9.95e-01	1.39e-03
 3.03781e+16	3.70e-03	9.95e-01	1.31e-03
 3.04355e+16	3.88e-03	9.95e-01	1.25e-03
 3.04824e+16	4.04e-03	9.95e-01	1.20e-03
 3.05349e+16	4.24e-03	9.95e-01	1.15e-03
 3.06032e+16	4.52e-03	9.94e-01	1.08e-03
 3.06712e+16	4.84e-03	9.94e-01	1.03e-03
 3.07222e+16	5.11e-03	9.94e-01	9.88e-04
 3.07643e+16	5.35e-03	9.94e-01	9.54e-04
 3.08116e+16	5.64e-03	9.93e-01	9.19e-04
 3.08732e+16	6.06e-03	9.93e-01	8.73e-04
 3.09353e+16	6.56e-03	9.93e-01	8.32e-04
 3.09828e+16	7.00e-03	9.92e-01	8.02e-04
 3.10234e+16	7.40e-03	9.92e-01	7.78e-04
 3.10700e+16	7.92e-03	9.91e-01	7.48e-04
 3.11307e+16	8.69e-03	9.91e-01	7.12e-04
 3.11929e+16	9.66e-03	9.90e-01	6.80e-04
 3.12410e+16	1.06e-02	9.89e-01	6.56e-04
 3.12792e+16	1.14e-02	9.88e-01	6.36e-04
 3.13203e+16	1.24e-02	9.87e-01	6.16e-04
 3.13656e+16	1.38e-02	9.86e-01	5.95e-04
 3.14047e+16	1.52e-02	9.84e-01	5.78e-04
 3.14364e+16	1.64e-02	9.83e-01	5.65e-04
 3.14698e+16	1.80e-02	9.81e-01	5.50e-04
 3.15065e+16	2.01e-02	9.79e-01	5.36e-04
 3.15383e+16	2.22e-02	9.77e-01	5.24e-04
 3.15641e+16	2.43e-02	9.75e-01	5.15e-04
 3.15912e+16	2.68e-02	9.73e-01	5.05e-04
 3.16209e+16	3.01e-02	9.69e-01	4.95e-04
 3.16469e+16	3.36e-02	9.66e-01	4.88e-04
 3.16684e+16	3.70e-02	9.63e-01	4.82e-04
 3.16911e+16	4.12e-02	9.58e-01	4.76e-04
 3.17156e+16	4.66e-02	9.53e-01	4.71e-04
 3.17364e+16	5.22e-02	9.47e-01	4.68e-04
 3.17536e+16	5.75e-02	9.42e-01	4.67e-04
 3.17718e+16	6.41e-02	9.35e-01	4.65e-04
 3.17911e+16	7.22e-02	9.27e-01	4.66e-04
 3.18078e+16	8.07e-02	9.19e-01	4.68e-04
 3.18219e+16	8.88e-02	9.11e-01	4.71e-04
 3.18359e+16	9.82e-02	9.01e-01	4.73e-04
 3.18507e+16	1.09e-01	8.90e-01	4.78e-04
 3.18642e+16	1.21e-01	8.78e-01	4.84e-04
 3.18760e+16	1.33e-01	8.67e-01	4.90e-04
 3.18862e+16	1.44e-01	8.56e-01	4.95e-04
 3.18958e+16	1.56e-01	8.44e-01	5.01e-04
 3.19051e+16	1.68e-01	8.31e-01	5.07e-04
 3.19124e+16	1.78e-01	8.21e-01	5.14e-04
 3.19170e+16	1.85e-01	8.14e-01	5.17e-04
 3.19212e+16	1.92e-01	8.07e-01	5.21e-04
 3.19262e+16	2.00e-01	7.99e-01	5.24e-04
 3.19316e+16	2.10e-01	7.90e-01	5.28e-04
 3.19368e+16	2.19e-01	7.80e-01	5.33e-04
 3.19417e+16	2.28e-01	7.71e-01	5.38e-04
 3.19465e+16	2.38e-01	7.61e-01	5.42e-04
 3.19513e+16	2.48e-01	7.51e-01	5.47e-04
 3.19561e+16	2.59e-01	7.41e-01	5.51e-04
 3.19608e+16	2.69e-01	7.30e-01	5.56e-04
 3.19654e+16	2.81e-01	7.19e-01	5.60e-04
 3.19700e+16	2.92e-01	7.08e-01	5.65e-04
 3.19746e+16	3.03e-01	6.96e-01	5.70e-04
 3.19792e+16	3.16e-01	6.84e-01	5.73e-04
 3.19836e+16	3.28e-01	6.72e-01	5.78e-04
 3.19879e+16	3.40e-01	6.59e-01	5.82e-04
 3.19923e+16	3.53e-01	6.46e-01	5.85e-04
 3.19966e+16	3.66e-01	6.34e-01	5.90e-04
 3.20009e+16	3.79e-01	6.20e-01	5.93e-04
 3.20051e+16	3.93e-01	6.07e-01	5.97e-04
 3.20092e+16	4.07e-01	5.93e-01	5.99e-04
 3.20134e+16	4.20e-01	5.79e-01	6.03e-04
 3.20174e+16	4.34e-01	5.65e-01	6.05e-04
 3.20215e+16	4.49e-01	5.51e-01	6.07e-04
 3.20255e+16	4.63e-01	5.36e-01	6.09e-04
 3.20294e+16	4.77e-01	5.22e-01	6.11e-04
 3.20333e+16	4.91e-01	5.08e-01	6.12e-04
 3.20372e+16	5.06e-01	4.93e-01	6.13e-04
 3.20410e+16	5.20e-01	4.79e-01	6.13e-04
 3.20447e+16	5.34e-01	4.65e-01	6.14e-04
 3.20484e+16	5.48e-01	4.51e-01	6.13e-04
 3.20519e+16	5.62e-01	4.37e-01	6.12e-04
 3.20554e+16	5.76e-01	4.23e-01	6.11e-04
 3.20589e+16	5.89e-01	4.11e-01	6.11e-04
 3.20622e+16	6.02e-01	3.97e-01	6.09e-04
 3.20655e+16	6.15e-01	3.85e-01	6.07e-04
 3.20688e+16	6.27e-01	3.72e-01	6.05e-04
 3.20720e+16	6.40e-01	3.60e-01	6.01e-04
 3.20752e+16	6.52e-01	3.48e-01	5.98e-04
 3.20783e+16	6.64e-01	3.36e-01	5.94e-04
 3.20814e+16	6.75e-01	3.24e-01	5.90e-04
 3.20844e+16	6.86e-01	3.13e-01	5.86e-04
 3.20874e+16	6.97e-01	3.02e-01	5.81e-04
 3.20903e+16	7.08e-01	2.92e-01	5.76e-04
 3.20932e+16	7.18e-01	2.81e-01	5.71e-04
 3.20960e+16	7.28e-01	2.71e-01	5.66e-04
 3.20989e+16	7.38e-01	2.62e-01	5.60e-04
 3.21017e+16	7.47e-01	2.52e-01	5.54e-04
 3.21045e+16	7.57e-01	2.43e-01	5.47e-04
 3.21073e+16	7.66e-01	2.34e-01	5.41e-04
 3.21100e+16	7.74e-01	2.25e-01	5.35e-04
 3.21127e+16	7.83e-01	2.17e-01	5.27e-04
 3.21154e+16	7.91e-01	2.09e-01	5.20e-04
 3.21180e+16	7.99e-01	2.01e-01	5.12e-04
 3.21207e+16	8.07e-01	1.93e-01	5.05e-04
 3.21230e+16	8.13e-01	1.87e-01	4.98e-04
 3.21246e+16	8.17e-01	1.82e-01	4.92e-04
 3.21262e+16	8.22e-01	1.78e-01	4.86e-04
 3.21278e+16	8.26e-01	1.73e-01	4.80e-04
 3.21295e+16	8.31e-01	1.69e-01	4.74e-04
 3.21311e+16	8.35e-01	1.65e-01	4.68e-04
 3.21327e+16	8.39e-01	1.61e-01	4.63e-04
 3.21342e+16	8.43e-01	1.57e-01	4.57e-04
 3.21357e+16	8.46e-01	1.53e-01	4.52e-04
 3.21372e+16	8.50e-01	1.50e-01	4.46e-04
 3.21386e+16	8.53e-01	1.46e-01	4.41e-04
 3.21400e+16	8.57e-01	1.43e-01	4.36e-04
 3.21415e+16	8.60e-01	1.39e-01	4.30e-04
 3.21429e+16	8.63e-01	1.36e-01	4.25e-04
 3.21443e+16	8.66e-01	1.33e-01	4.19e-04
 3.21457e+16	8.69e-01	1.30e-01	4.14e-04
 3.21471e+16	8.72e-01	1.27e-01	4.08e-04
 3.21485e+16	8.75e-01	1.24e-01	4.03e-04
 3.21499e+16	8.78e-01	1.21e-01	3.97e-04
 3.21514e+16	8.81e-01	1.18e-01	3.91e-04
 3.21529e+16	8.84e-01	1.16e-01	3.85e-04
 3.21545e+16	8.87e-01	1.13e-01	3.79e-04
 3.21562e+16	8.90e-01	1.09e-01	3.72e-04
 3.21581e+16	8.94e-01	1.06e-01	3.64e-04
 3.21603e+16	8.98e-01	1.02e-01	3.56e-04
 3.21626e+16	9.02e-01	9.81e-02	3.46e-04
 3.21649e+16	9.05e-01	9.44e-02	3.37e-04
 3.21670e+16	9.09e-01	9.10e-02	3.28e-04
 3.21691e+16	9.12e-01	8.79e-02	3.20e-04
 3.21711e+16	9.15e-01	8.48e-02	3.11e-04
 3.21732e+16	9.18e-01	8.19e-02	3.02e-04
 3.21751e+16	9.20e-01	7.93e-02	2.94e-04
 3.21768e+16	9.23e-01	7.70e-02	2.87e-04
 3.21784e+16	9.25e-01	7.49e-02	2.80e-04
 3.21798e+16	9.27e-01	7.31e-02	2.74e-04
 3.21811e+16	9.28e-01	7.15e-02	2.69e-04
 3.21823e+16	9.30e-01	7.00e-02	2.64e-04
 3.21836e+16	9.31e-01	6.84e-02	2.58e-04
 3.21850e+16	9.33e-01	6.67e-02	2.53e-04
 3.21863e+16	9.34e-01	6.53e-02	2.48e-04
 3.21875e+16	9.36e-01	6.40e-02	2.43e-04
 3.21885e+16	9.37e-01	6.28e-02	2.39e-04
 3.21897e+16	9.38e-01	6.16e-02	2.34e-04
 3.21910e+16	9.39e-01	6.03e-02	2.29e-04
 3.21921e+16	9.41e-01	5.91e-02	2.25e-04
 3.21931e+16	9.42e-01	5.80e-02	2.21e-04
 3.21941e+16	9.43e-01	5.71e-02	2.17e-04
 3.21951e+16	9.44e-01	5.61e-02	2.13e-04
 3.21962e+16	9.45e-01	5.51e-02	2.09e-04
 3.21973e+16	9.46e-01	5.41e-02	2.05e-04
 3.21982e+16	9.46e-01	5.33e-02	2.02e-04
 3.21992e+16	9.47e-01	5.23e-02	1.98e-04
 3.22003e+16	9.48e-01	5.14e-02	1.95e-04
 3.22013e+16	9.49e-01	5.05e-02	1.91e-04
 3.22022e+16	9.50e-01	4.98e-02	1.88e-04
 3.22032e+16	9.51e-01	4.89e-02	1.85e-04
 3.22043e+16	9.52e-01	4.81e-02	1.81e-04
 3.22052e+16	9.53e-01	4.73e-02	1.78e-04
 3.22061e+16	9.53e-01	4.66e-02	1.75e-04
 3.22071e+16	9.54e-01	4.58e-02	1.72e-04
 3.22082e+16	9.55e-01	4.51e-02	1.69e-04
 3.22091e+16	9.55e-01	4.44e-02	1.66e-04
 3.22100e+16	9.56e-01	4.38e-02	1.63e-04
 3.22109e+16	9.57e-01	4.31e-02	1.60e-04
 3.22120e+16	9.57e-01	4.24e-02	1.57e-04
 3.22129e+16	9.58e-01	4.18e-02	1.55e-04
 3.22139e+16	9.59e-01	4.11e-02	1.52e-04
 3.22151e+16	9.59e-01	4.04e-02	1.49e-04
 3.22161e+16	9.60e-01	3.98e-02	1.46e-04
 3.22170e+16	9.61e-01	3.93e-02	1.44e-04
 3.22180e+16	9.61e-01	3.87e-02	1.41e-04
 3.22191e+16	9.62e-01	3.81e-02	1.39e-04
 3.22201e+16	9.62e-01	3.75e-02	1.37e-04
 3.22211e+16	9.63e-01	3.69e-02	1.34e-04
 3.22223e+16	9.64e-01	3.63e-02	1.32e-04
 3.22234e+16	9.64e-01	3.58e-02	1.29e-04
 3.22246e+16	9.65e-01	3.52e-02	1.27e-04
 3.22258e+16	9.65e-01	3.47e-02	1.25e-04
 3.22270e+16	9.66e-01	3.42e-02	1.22e-04
 3.22282e+16	9.66e-01	3.36e-02	1.20e-04
 3.22296e+16	9.67e-01	3.30e-02	1.18e-04
 3.22308e+16	9.67e-01	3.26e-02	1.16e-04
 3.22322e+16	9.68e-01	3.20e-02	1.14e-04
 3.22336e+16	9.68e-01	3.15e-02	1.11e-04
 3.22349e+16	9.69e-01	3.11e-02	1.10e-04
 3.22364e+16	9.69e-01	3.06e-02	1.08e-04
 3.22383e+16	9.70e-01	2.99e-02	1.05e-04
 3.22403e+16	9.71e-01	2.94e-02	1.03e-04
 3.22422e+16	9.71e-01	2.89e-02	1.01e-04
 3.22439e+16	9.71e-01	2.84e-02	9.89e-05
 3.22457e+16	9.72e-01	2.79e-02	9.69e-05
 3.22477e+16	9.72e-01	2.75e-02	9.51e-05
 3.22496e+16	9.73e-01	2.71e-02	9.34e-05
 3.22516e+16	9.73e-01	2.66e-02	9.16e-05
 3.22542e+16	9.74e-01	2.61e-02	8.95e-05
 3.22570e+16	9.74e-01	2.56e-02	8.76e-05
 3.22595e+16	9.75e-01	2.52e-02	8.59e-05
 3.22623e+16	9.75e-01	2.48e-02	8.40e-05
 3.22653e+16	9.76e-01	2.44e-02	8.24e-05
 3.22681e+16	9.76e-01	2.40e-02	8.10e-05
 3.22711e+16	9.76e-01	2.36e-02	7.94e-05
 3.22750e+16	9.77e-01	2.32e-02	7.76e-05
 3.22792e+16	9.77e-01	2.28e-02	7.61e-05
 3.22830e+16	9.77e-01	2.25e-02	7.47e-05
 3.22872e+16	9.78e-01	2.21e-02	7.32e-05
 3.22927e+16	9.78e-01	2.18e-02	7.16e-05
 3.22986e+16	9.78e-01	2.14e-02	7.03e-05
 3.23040e+16	9.79e-01	2.12e-02	6.91e-05
 3.23099e+16	9.79e-01	2.09e-02	6.77e-05
 3.23175e+16	9.79e-01	2.06e-02	6.64e-05
 3.23275e+16	9.80e-01	2.02e-02	6.48e-05
 3.23382e+16	9.80e-01	2.00e-02	6.35e-05
 3.23500e+16	9.80e-01	1.97e-02	6.19e-05
 3.23653e+16	9.81e-01	1.94e-02	6.03e-05
 3.23818e+16	9.81e-01	1.91e-02	5.87e-05
 3.23999e+16	9.81e-01	1.88e-02	5.70e-05
 3.24235e+16	9.82e-01	1.84e-02	5.50e-05
 3.24489e+16	9.82e-01	1.81e-02	5.30e-05
 3.24720e+16	9.82e-01	1.78e-02	5.13e-05
 3.24974e+16	9.83e-01	1.74e-02	4.94e-05
 3.25247e+16	9.83e-01	1.71e-02	4.76e-05
 3.25496e+16	9.83e-01	1.68e-02	4.61e-05
 3.25723e+16	9.83e-01	1.66e-02	4.47e-05
 3.25971e+16	9.84e-01	1.63e-02	4.31e-05
 3.26239e+16	9.84e-01	1.60e-02	4.17e-05
 3.26483e+16	9.84e-01	1.57e-02	4.03e-05
 3.26750e+16	9.85e-01	1.54e-02	3.89e-05
 3.27039e+16	9.85e-01	1.52e-02	3.74e-05
 3.27301e+16	9.85e-01	1.49e-02	3.62e-05
 3.27589e+16	9.85e-01	1.46e-02	3.48e-05
 3.27899e+16	9.86e-01	1.43e-02	3.35e-05
 3.28182e+16	9.86e-01	1.41e-02	3.23e-05
 3.28492e+16	9.86e-01	1.38e-02	3.11e-05
 3.28826e+16	9.86e-01	1.35e-02	2.98e-05
 3.29130e+16	9.87e-01	1.33e-02	2.87e-05
 3.29464e+16	9.87e-01	1.30e-02	2.75e-05
 3.29824e+16	9.87e-01	1.27e-02	2.64e-05
 3.30151e+16	9.88e-01	1.24e-02	2.54e-05
 3.30510e+16	9.88e-01	1.22e-02	2.42e-05
 3.30898e+16	9.88e-01	1.19e-02	2.32e-05
 3.31250e+16	9.88e-01	1.16e-02	2.23e-05
 3.31637e+16	9.89e-01	1.14e-02	2.12e-05
 3.32054e+16	9.89e-01	1.11e-02	2.02e-05
 3.32434e+16	9.89e-01	1.09e-02	1.94e-05
 3.32849e+16	9.89e-01	1.06e-02	1.85e-05
 3.33299e+16	9.90e-01	1.03e-02	1.76e-05
 3.33707e+16	9.90e-01	1.01e-02	1.68e-05
 3.34155e+16	9.90e-01	9.85e-03	1.60e-05
 3.34638e+16	9.90e-01	9.59e-03	1.52e-05
 3.35078e+16	9.91e-01	9.37e-03	1.45e-05
 3.35561e+16	9.91e-01	9.12e-03	1.37e-05
 3.36081e+16	9.91e-01	8.87e-03	1.30e-05
 3.36555e+16	9.91e-01	8.66e-03	1.24e-05
 3.37074e+16	9.92e-01	8.42e-03	1.17e-05
 3.37634e+16	9.92e-01	8.18e-03	1.11e-05
 3.38144e+16	9.92e-01	7.97e-03	1.05e-05
 3.38702e+16	9.92e-01	7.74e-03	9.92e-06
 3.39305e+16	9.92e-01	7.51e-03	9.35e-06
 3.39854e+16	9.93e-01	7.31e-03	8.87e-06
 3.40456e+16	9.93e-01	7.09e-03	8.34e-06
 3.41225e+16	9.93e-01	6.81e-03	7.72e-06
 3.42092e+16	9.93e-01	6.53e-03	7.10e-06
 3.42970e+16	9.94e-01	6.27e-03	6.54e-06
 3.43870e+16	9.94e-01	6.01e-03	6.01e-06
 3.44809e+16	9.94e-01	5.75e-03	5.52e-06
 3.45786e+16	9.94e-01	5.50e-03	5.05e-06
 3.46797e+16	9.95e-01	5.25e-03	4.61e-06
 3.47847e+16	9.95e-01	5.01e-03	4.20e-06
 3.48929e+16	9.95e-01	4.78e-03	3.82e-06
 3.50034e+16	9.95e-01	4.56e-03	3.48e-06
 3.51156e+16	9.96e-01	4.34e-03	3.16e-06
 3.52300e+16	9.96e-01	4.14e-03	2.87e-06
 3.53468e+16	9.96e-01	3.94e-03	2.61e-06
 3.54658e+16	9.96e-01	3.75e-03	2.37e-06
 3.55870e+16	9.96e-01	3.57e-03	2.15e-06
 3.57105e+16	9.97e-01	3.40e-03	1.95e-06
 3.58363e+16	9.97e-01	3.23e-03	1.76e-06
 3.59646e+16	9.97e-01	3.08e-03	1.60e-06
 3.60933e+16	9.97e-01	2.93e-03	1.45e-06
 3.62239e+16	9.97e-01	2.78e-03	1.31e-06
 3.63595e+16	9.97e-01	2.64e-03	1.18e-06
 3.64986e+16	9.97e-01	2.51e-03	1.06e-06
 3.66400e+16	9.98e-01	2.38e-03	9.58e-07
 3.67838e+16	9.98e-01	2.26e-03	8.63e-07
 3.69303e+16	9.98e-01	2.14e-03	7.75e-07
 3.70799e+16	9.98e-01	2.03e-03	6.96e-07
 3.72324e+16	9.98e-01	1.92e-03	6.25e-07
 3.73882e+16	9.98e-01	1.82e-03	5.59e-07
 3.75472e+16	9.98e-01	1.72e-03	5.00e-07
 3.77097e+16	9.98e-01	1.63e-03	4.47e-07
 3.78757e+16	9.98e-01	1.54e-03	3.99e-07
 3.80453e+16	9.99e-01	1.45e-03	3.55e-07
 3.82186e+16	9.99e-01	1.37e-03	3.16e-07
 3.83959e+16	9.99e-01	1.29e-03	2.80e-07
 3.85775e+16	9.99e-01	1.21e-03	2.49e-07
 3.87634e+16	9.99e-01	1.14e-03	2.20e-07
 3.89539e+16	9.99e-01	1.07e-03	1.94e-07
 3.91489e+16	9.99e-01	1.01e-03	1.71e-07
 3.93491e+16	9.99e-01	9.44e-04	1.50e-07
 3.95548e+16	9.99e-01	8.85e-04	1.32e-07
 3.97663e+16	9.99e-01	8.28e-04	1.15e-07
 3.99839e+16	9.99e-01	7.73e-04	1.00e-07
 4.02079e+16	9.99e-01	7.22e-04	8.72e-08
 4.04354e+16	9.99e-01	6.74e-04	7.58e-08
 4.06681e+16	9.99e-01	6.28e-04	6.56e-08
 4.09128e+16	9.99e-01	5.83e-04	5.64e-08
 4.11695e+16	9.99e-01	5.40e-04	4.82e-08
 4.14353e+16	1.00e+00	4.99e-04	4.10e-08
 4.17105e+16	1.00e+00	4.60e-04	3.47e-08
 4.19971e+16	1.00e+00	4.23e-04	2.92e-08
 4.22968e+16	1.00e+00	3.87e-04	2.44e-08
 4.26117e+16	1.00e+00	3.54e-04	2.03e-08
 4.29427e+16	1.00e+00	3.22e-04	1.67e-08
 4.32906e+16	1.00e+00	2.91e-04	1.36e-08
 4.36610e+16	1.00e+00	2.62e-04	1.09e-08
 4.40536e+16	1.00e+00	2.35e-04	8.71e-09
 4.44733e+16	1.00e+00	2.09e-04	6.83e-09
 4.49281e+16	1.00e+00	1.84e-04	5.25e-09
 4.54197e+16	1.00e+00	1.60e-04	3.96e-09
 4.59560e+16	1.00e+00	1.38e-04	2.92e-09
 4.65494e+16	1.00e+00	1.17e-04	2.07e-09
 4.72371e+16	1.00e+00	9.67e-05	1.41e-09
 4.79909e+16	1.00e+00	7.87e-05	9.26e-10
 4.88282e+16	1.00e+00	6.23e-05	5.77e-10
 4.97953e+16	1.00e+00	4.77e-05	3.37e-10
 5.08138e+16	1.00e+00	3.61e-05	1.94e-10
 5.18302e+16	1.00e+00	2.74e-05	1.12e-10
 5.28560e+16	1.00e+00	2.08e-05	6.52e-11
 5.39195e+16	1.00e+00	1.56e-05	3.73e-11
 5.50341e+16	1.00e+00	1.16e-05	2.09e-11
 5.61992e+16	1.00e+00	8.62e-06	1.16e-11
 5.74209e+16	1.00e+00	6.32e-06	6.32e-12
 5.87137e+16	1.00e+00	4.58e-06	3.37e-12
 6.00883e+16	1.00e+00	3.27e-06	1.75e-12
 6.15561e+16	1.00e+00	2.31e-06	8.84e-13
 6.30980e+16	1.00e+00	1.62e-06	4.41e-13
 6.46641e+16	1.00e+00	1.14e-06	2.22e-13
 6.62302e+16	1.00e+00	8.11e-07	1.14e-13
 6.77962e+16	1.00e+00	5.82e-07	5.93e-14
 6.93623e+16	1.00e+00	4.22e-07	3.14e-14
 7.09284e+16	1.00e+00	3.08e-07	1.69e-14
 7.24944e+16	1.00e+00	2.27e-07	9.25e-15
 7.40605e+16	1.00e+00	1.68e-07	5.13e-15
 7.56266e+16	1.00e+00	1.26e-07	2.88e-15
 7.74275e+16	1.00e+00	8.98e-08	1.49e-15
 7.94941e+16	1.00e+00	6.23e-08	7.22e-16
 8.15913e+16	1.00e+00	4.36e-08	3.55e-16
 8.38171e+16	1.00e+00	3.00e-08	1.69e-16
 8.62176e+16	1.00e+00	2.04e-08	7.87e-17
 8.86763e+16	1.00e+00	1.39e-08	3.69e-17
 9.11468e+16	1.00e+00	9.59e-09	1.76e-17
 9.37104e+16	1.00e+00	6.58e-09	8.32e-18
 9.64059e+16	1.00e+00	4.49e-09	3.88e-18
 9.91805e+16	1.00e+00	3.06e-09	1.81e-18
 1.02009e+17	1.00e+00	2.10e-09	8.55e-19
 1.04851e+17	1.00e+00	1.45e-09	4.10e-19
 1.07693e+17	1.00e+00	1.01e-09	2.01e-19
 1.10535e+17	1.00e+00	7.16e-10	1.00e-19
 1.13377e+17	1.00e+00	5.09e-10	5.08e-20
 1.16218e+17	1.00e+00	3.65e-10	2.62e-20
 1.19060e+17	1.00e+00	2.64e-10	1.37e-20
 1.21903e+17	1.00e+00	1.93e-10	7.31e-21
 1.24745e+17	1.00e+00	1.41e-10	0.00e+00
 1.27587e+17	1.00e+00	1.05e-10	0.00e+00
 1.30573e+17	1.00e+00	7.65e-11	0.00e+00
 1.33703e+17	1.00e+00	5.58e-11	0.00e+00
 1.36833e+17	1.00e+00	4.11e-11	0.00e+00
 1.39963e+17	1.00e+00	3.05e-11	0.00e+00
 1.43093e+17	1.00e+00	2.28e-11	0.00e+00
 1.46622e+17	1.00e+00	1.66e-11	0.00e+00
 1.50551e+17	1.00e+00	1.18e-11	0.00e+00
 1.54633e+17	1.00e+00	8.50e-12	0.00e+00
 1.58911e+17	1.00e+00	6.15e-12	0.00e+00
 1.63291e+17	1.00e+00	4.53e-12	0.00e+00
 1.67756e+17	1.00e+00	3.43e-12	0.00e+00
 1.72290e+17	1.00e+00	2.67e-12	0.00e+00
 1.76885e+17	1.00e+00	2.15e-12	0.00e+00
 1.81453e+17	1.00e+00	1.80e-12	0.00e+00
 1.85937e+17	1.00e+00	1.57e-12	0.00e+00
 1.90334e+17	1.00e+00	1.41e-12	0.00e+00
 1.94637e+17	1.00e+00	1.30e-12	0.00e+00
 1.98823e+17	1.00e+00	1.23e-12	0.00e+00
 2.02872e+17	1.00e+00	1.19e-12	0.00e+00
 2.06775e+17	1.00e+00	1.16e-12	0.00e+00
 2.10522e+17	1.00e+00	1.14e-12	0.00e+00
 2.14100e+17	1.00e+00	1.13e-12	0.00e+00
 2.17504e+17	1.00e+00	1.13e-12	0.00e+00
 2.20740e+17	1.00e+00	1.13e-12	0.00e+00
 2.23814e+17	1.00e+00	1.13e-12	0.00e+00
 2.26731e+17	1.00e+00	1.14e-12	0.00e+00
 2.29494e+17	1.00e+00	1.15e-12	0.00e+00
 2.32106e+17	1.00e+00	1.15e-12	0.00e+00
 2.34574e+17	1.00e+00	1.16e-12	0.00e+00
 2.36907e+17	1.00e+00	1.17e-12	0.00e+00
 2.39112e+17	1.00e+00	1.18e-12	0.00e+00
 2.41196e+17	1.00e+00	1.19e-12	0.00e+00
 2.43166e+17	1.00e+00	1.20e-12	0.00e+00
 2.45028e+17	1.00e+00	1.21e-12	0.00e+00
 2.46787e+17	1.00e+00	1.21e-12	0.00e+00
 2.48451e+17	1.00e+00	1.22e-12	0.00e+00
 2.50026e+17	1.00e+00	1.23e-12	0.00e+00
 2.51516e+17	1.00e+00	1.24e-12	0.00e+00
 2.52927e+17	1.00e+00	1.24e-12	0.00e+00
 2.54262e+17	1.00e+00	1.25e-12	0.00e+00
 2.55527e+17	1.00e+00	1.25e-12	0.00e+00
 2.56726e+17	1.00e+00	1.26e-12	0.00e+00
 2.57864e+17	1.00e+00	1.26e-12	0.00e+00
 2.58943e+17	1.00e+00	1.27e-12	0.00e+00
 2.59967e+17	1.00e+00	1.27e-12	0.00e+00
 2.60939e+17	1.00e+00	1.28e-12	0.00e+00
 2.61862e+17	1.00e+00	1.28e-12	0.00e+00
 2.62740e+17	1.00e+00	1.29e-12	0.00e+00
 2.63575e+17	1.00e+00	1.29e-12	0.00e+00
 2.64369e+17	1.00e+00	1.29e-12	0.00e+00
 2.65125e+17	1.00e+00	1.30e-12	0.00e+00
 2.65846e+17	1.00e+00	1.30e-12	0.00e+00
 2.66532e+17	1.00e+00	1.30e-12	0.00e+00
 2.67187e+17	1.00e+00	1.30e-12	0.00e+00
 2.67812e+17	1.00e+00	1.31e-12	0.00e+00
 2.68410e+17	1.00e+00	1.31e-12	0.00e+00
 2.68981e+17	1.00e+00	1.31e-12	0.00e+00
 2.69528e+17	1.00e+00	1.31e-12	0.00e+00
 2.70052e+17	1.00e+00	1.31e-12	0.00e+00
 2.70555e+17	1.00e+00	1.32e-12	0.00e+00
 2.71038e+17	1.00e+00	1.32e-12	0.00e+00
 2.71502e+17	1.00e+00	1.32e-12	0.00e+00
 2.71949e+17	1.00e+00	1.32e-12	0.00e+00
 2.72381e+17	1.00e+00	1.32e-12	0.00e+00
 2.72798e+17	1.00e+00	1.32e-12	0.00e+00
 2.73203e+17	1.00e+00	1.32e-12	0.00e+00
 2.73595e+17	1.00e+00	1.33e-12	0.00e+00
 2.73977e+17	1.00e+00	1.33e-12	0.00e+00
 2.74350e+17	1.00e+00	1.33e-12	0.00e+00
 2.74715e+17	1.00e+00	1.33e-12	0.00e+00
 2.75073e+17	1.00e+00	1.33e-12	0.00e+00
 2.75427e+17	1.00e+00	1.33e-12	0.00e+00
 2.75777e+17	1.00e+00	1.33e-12	0.00e+00
 2.76125e+17	1.00e+00	1.33e-12	0.00e+00
 2.76474e+17	1.00e+00	1.33e-12	0.00e+00
 2.76825e+17	1.00e+00	1.33e-12	0.00e+00
 2.77181e+17	1.00e+00	1.33e-12	0.00e+00
 2.77544e+17	1.00e+00	1.33e-12	0.00e+00
 2.77918e+17	1.00e+00	1.33e-12	0.00e+00
 2.78308e+17	1.00e+00	1.33e-12	0.00e+00
 2.78719e+17	1.00e+00	1.33e-12	0.00e+00
 2.79157e+17	1.00e+00	1.33e-12	0.00e+00
 2.79631e+17	1.00e+00	1.33e-12	0.00e+00
 2.80153e+17	1.00e+00	1.33e-12	0.00e+00
 2.80739e+17	1.00e+00	1.33e-12	0.00e+00
 2.81413e+17	1.00e+00	1.32e-12	0.00e+00
 2.82208e+17	1.00e+00	1.32e-12	0.00e+00
 2.83173e+17	1.00e+00	1.31e-12	0.00e+00
 2.84385e+17	1.00e+00	1.29e-12	0.00e+00
 2.85947e+17	1.00e+00	1.27e-12	0.00e+00
 2.87977e+17	1.00e+00	1.24e-12	0.00e+00
 2.90617e+17	1.00e+00	1.18e-12	0.00e+00
 2.94049e+17	1.00e+00	1.10e-12	0.00e+00
 2.98511e+17	1.00e+00	1.00e-12	0.00e+00
 3.04310e+17	1.00e+00	8.75e-13	0.00e+00
 3.11850e+17	1.00e+00	7.27e-13	0.00e+00
 3.21652e+17	1.00e+00	5.64e-13	0.00e+00
 3.33736e+17	1.00e+00	3.99e-13	0.00e+00
 3.47086e+17	1.00e+00	2.93e-13	0.00e+00
 3.60969e+17	1.00e+00	2.60e-13	0.00e+00
 3.75408e+17	1.00e+00	2.32e-13	0.00e+00
 3.90424e+17	1.00e+00	2.07e-13	0.00e+00
 4.06041e+17	1.00e+00	1.82e-13	0.00e+00
 4.22283e+17	1.00e+00	1.59e-13	0.00e+00
 4.39174e+17	1.00e+00	1.38e-13	0.00e+00
 4.56741e+17	1.00e+00	1.18e-13	0.00e+00
 4.75011e+17	1.00e+00	9.92e-14	0.00e+00
 4.93103e+17	1.00e+00	8.23e-14	0.00e+00
 5.09496e+17	1.00e+00	8.61e-14	0.00e+00
 5.23810e+17	1.00e+00	1.06e-13	0.00e+00
 5.36835e+17	1.00e+00	1.22e-13	0.00e+00
 5.49375e+17	1.00e+00	1.23e-13	0.00e+00
 5.61528e+17	1.00e+00	1.14e-13	0.00e+00
 5.72748e+17	1.00e+00	1.09e-13	0.00e+00
 5.82514e+17	1.00e+00	1.12e-13	0.00e+00
 5.90875e+17	1.00e+00	1.18e-13	0.00e+00
 5.98182e+17	1.00e+00	1.21e-13	0.00e+00
 6.03923e+17	1.00e+00	1.19e-13	0.00e+00
 6.07492e+17	1.00e+00	1.28e-13	0.00e+00
 6.09458e+17	1.00e+00	1.37e-13	0.00e+00
 6.10597e+17	1.00e+00	1.43e-13	0.00e+00
 6.11281e+17	1.00e+00	1.46e-13	0.00e+00
 6.11720e+17	1.00e+00	1.48e-13	0.00e+00
 6.12114e+17	1.00e+00	1.50e-13	0.00e+00
 6.12585e+17	1.00e+00	1.51e-13	0.00e+00
 6.13113e+17	1.00e+00	1.52e-13	0.00e+00
 6.13585e+17	1.00e+00	1.52e-13	0.00e+00
 6.13945e+17	1.00e+00	1.53e-13	0.00e+00
 6.14255e+17	1.00e+00	1.53e-13	0.00e+00
 6.14590e+17	1.00e+00	1.53e-13	0.00e+00
 6.14952e+17	1.00e+00	1.53e-13	0.00e+00
 6.15281e+17	1.00e+00	1.53e-13	0.00e+00
 6.15551e+17	1.00e+00	1.53e-13	0.00e+00
 6.15784e+17	1.00e+00	1.53e-13	0.00e+00
 6.16017e+17	1.00e+00	1.53e-13	0.00e+00
 6.16278e+17	1.00e+00	1.53e-13	0.00e+00
 6.16550e+17	1.00e+00	1.52e-13	0.00e+00
 6.16787e+17	1.00e+00	1.52e-13	0.00e+00
 6.16985e+17	1.00e+00	1.52e-13	0.00e+00
 6.17181e+17	1.00e+00	1.51e-13	0.00e+00
 6.17389e+17	1.00e+00	1.51e-13	0.00e+00
 6.17592e+17	1.00e+00	1.51e-13	0.00e+00
 6.17786e+17	1.00e+00	1.50e-13	0.00e+00
 6.17970e+17	1.00e+00	1.50e-13	0.00e+00
 6.18139e+17	1.00e+00	1.49e-13	0.00e+00
 6.18301e+17	1.00e+00	1.49e-13	0.00e+00
 6.18472e+17	1.00e+00	1.49e-13	0.00e+00
 6.18653e+17	1.00e+00	1.48e-13	0.00e+00
 6.18828e+17	1.00e+00	1.48e-13	0.00e+00
 6.18991e+17	1.00e+00	1.47e-13	0.00e+00
 6.19152e+17	1.00e+00	1.47e-13	0.00e+00
 6.19315e+17	1.00e+00	1.46e-13	0.00e+00
 6.19473e+17	1.00e+00	1.46e-13	0.00e+00
 6.19629e+17	1.00e+00	1.45e-13	0.00e+00
 6.19792e+17	1.00e+00	1.45e-13	0.00e+00
 6.19964e+17	1.00e+00	1.44e-13	0.00e+00
 6.20131e+17	1.00e+00	1.43e-13	0.00e+00
 6.20292e+17	1.00e+00	1.43e-13	0.00e+00
 6.20452e+17	1.00e+00	1.42e-13	0.00e+00
 6.20625e+17	1.00e+00	1.42e-13	0.00e+00
 6.20812e+17	1.00e+00	1.41e-13	0.00e+00
 6.20989e+17	1.00e+00	1.40e-13	0.00e+00
 6.21150e+17	1.00e+00	1.40e-13	0.00e+00
 6.21325e+17	1.00e+00	1.39e-13	0.00e+00
 6.21535e+17	1.00e+00	1.38e-13	0.00e+00
 6.21755e+17	1.00e+00	1.37e-13	0.00e+00
 6.21953e+17	1.00e+00	1.36e-13	0.00e+00
 6.22132e+17	1.00e+00	1.35e-13	0.00e+00
 6.22316e+17	1.00e+00	1.35e-13	0.00e+00
 6.22525e+17	1.00e+00	1.34e-13	0.00e+00
 6.22741e+17	1.00e+00	1.33e-13	0.00e+00
 6.22961e+17	1.00e+00	1.32e-13	0.00e+00
 6.23198e+17	1.00e+00	1.30e-13	0.00e+00
 6.23431e+17	1.00e+00	1.29e-13	0.00e+00
 6.23651e+17	1.00e+00	1.28e-13	0.00e+00
 6.23882e+17	1.00e+00	1.27e-13	0.00e+00
 6.24141e+17	1.00e+00	1.26e-13	0.00e+00
 6.24415e+17	1.00e+00	1.24e-13	0.00e+00
 6.24680e+17	1.00e+00	1.23e-13	0.00e+00
 6.24937e+17	1.00e+00	1.22e-13	0.00e+00
 6.25208e+17	1.00e+00	1.20e-13	0.00e+00
 6.25495e+17	1.00e+00	1.19e-13	0.00e+00
 6.25788e+17	1.00e+00	1.17e-13	0.00e+00
 6.26088e+17	1.00e+00	1.16e-13	0.00e+00
 6.26402e+17	1.00e+00	1.14e-13	0.00e+00
 6.26725e+17	1.00e+00	1.13e-13	0.00e+00
 6.27044e+17	1.00e+00	1.11e-13	0.00e+00
 6.27370e+17	1.00e+00	1.09e-13	0.00e+00
 6.27719e+17	1.00e+00	1.07e-13	0.00e+00
 6.28082e+17	1.00e+00	1.05e-13	0.00e+00
 6.28444e+17	1.00e+00	1.03e-13	0.00e+00
 6.28819e+17	1.00e+00	1.02e-13	0.00e+00
 6.29211e+17	1.00e+00	9.94e-14	0.00e+00
 6.29598e+17	1.00e+00	9.74e-14	0.00e+00
 6.29987e+17	1.00e+00	9.54e-14	0.00e+00
 6.30405e+17	1.00e+00	9.32e-14	0.00e+00
 6.30843e+17	1.00e+00	9.10e-14	0.00e+00
 6.31283e+17	1.00e+00	8.86e-14	0.00e+00
 6.31712e+17	1.00e+00	8.63e-14	0.00e+00
 6.32139e+17	1.00e+00	8.42e-14	0.00e+00
 6.32596e+17	1.00e+00	8.20e-14	0.00e+00
 6.33081e+17	1.00e+00	7.95e-14	0.00e+00
 6.33571e+17	1.00e+00	7.71e-14	0.00e+00
 6.34058e+17	1.00e+00	7.47e-14	0.00e+00
 6.34546e+17	1.00e+00	7.23e-14	0.00e+00
 6.35044e+17	1.00e+00	6.99e-14	0.00e+00
 6.35568e+17	1.00e+00	6.75e-14	0.00e+00
 6.36117e+17	1.00e+00	6.50e-14	0.00e+00
 6.36673e+17	1.00e+00	6.24e-14	0.00e+00
 6.37223e+17	1.00e+00	5.99e-14	0.00e+00
 6.37776e+17	1.00e+00	5.75e-14	0.00e+00
 6.38346e+17	1.00e+00	5.51e-14	0.00e+00
 6.38946e+17	1.00e+00	5.26e-14	0.00e+00
 6.39559e+17	1.00e+00	5.00e-14	0.00e+00
 6.40164e+17	1.00e+00	4.76e-14	0.00e+00
 6.40772e+17	1.00e+00	4.53e-14	0.00e+00
 6.41404e+17	1.00e+00	4.29e-14	0.00e+00
 6.42054e+17	1.00e+00	4.06e-14	0.00e+00
 6.42740e+17	1.00e+00	3.82e-14	0.00e+00
 6.43446e+17	1.00e+00	3.58e-14	0.00e+00
 6.44142e+17	1.00e+00	3.36e-14	0.00e+00
 6.44854e+17	1.00e+00	3.14e-14	0.00e+00
 6.45597e+17	1.00e+00	2.91e-14	0.00e+00
 6.46351e+17	1.00e+00	2.71e-14	0.00e+00
 6.47082e+17	1.00e+00	2.50e-14	0.00e+00
 6.47753e+17	1.00e+00	2.32e-14	0.00e+00
 6.48340e+17	1.00e+00	2.17e-14	0.00e+00
 6.48861e+17	1.00e+00	2.05e-14	0.00e+00
 6.49349e+17	1.00e+00	1.94e-14	0.00e+00
 6.49826e+17	1.00e+00	1.84e-14	0.00e+00
 6.50289e+17	1.00e+00	1.74e-14	0.00e+00
 6.50728e+17	1.00e+00	1.66e-14	0.00e+00
 6.51138e+17	1.00e+00	1.58e-14	0.00e+00
 6.51523e+17	1.00e+00	1.50e-14	0.00e+00
 6.51894e+17	1.00e+00	1.44e-14	0.00e+00
 6.52254e+17	1.00e+00	1.38e-14	0.00e+00
 6.52603e+17	1.00e+00	1.32e-14	0.00e+00
 6.52938e+17	1.00e+00	1.26e-14	0.00e+00
 6.53258e+17	1.00e+00	1.21e-14	0.00e+00
 6.53567e+17	1.00e+00	1.16e-14	0.00e+00
 6.53865e+17	1.00e+00	1.12e-14	0.00e+00
 6.54154e+17	1.00e+00	1.08e-14	0.00e+00
 6.54435e+17	1.00e+00	1.04e-14	0.00e+00
 6.54708e+17	1.00e+00	9.99e-15	0.00e+00
 6.54972e+17	1.00e+00	9.63e-15	0.00e+00
 6.55227e+17	1.00e+00	9.28e-15	0.00e+00
 6.55473e+17	1.00e+00	8.97e-15	0.00e+00
 6.55714e+17	1.00e+00	8.66e-15	0.00e+00
 6.55951e+17	1.00e+00	8.35e-15	0.00e+00
 6.56179e+17	1.00e+00	8.06e-15	0.00e+00
 6.56398e+17	1.00e+00	7.80e-15	0.00e+00
 6.56613e+17	1.00e+00	7.54e-15	0.00e+00
 6.56825e+17	1.00e+00	7.31e-15	0.00e+00
 6.57033e+17	1.00e+00	7.07e-15	0.00e+00
 6.57270e+17	1.00e+00	6.82e-15	0.00e+00
 6.57578e+17	1.00e+00	6.55e-15	0.00e+00
 6.57979e+17	1.00e+00	6.18e-15	0.00e+00
 6.58500e+17	1.00e+00	5.73e-15	0.00e+00
 6.59177e+17	1.00e+00	5.17e-15	0.00e+00
 6.60017e+17	1.00e+00	4.51e-15	0.00e+00
 6.61007e+17	1.00e+00	3.80e-15	0.00e+00
 6.62018e+17	1.00e+00	3.10e-15	0.00e+00
