#depth	N	N+	N+2	N+3	N+4	N+5	N+6	N+7
 1.49634e+10	0.00e+00	0.00e+00	1.83e-28	6.39e-19	4.17e-10	8.76e-01	1.24e-01	7.52e-06
 4.54887e+10	0.00e+00	1.33e-38	2.34e-28	7.57e-19	4.56e-10	8.85e-01	1.15e-01	6.45e-06
 7.72350e+10	0.00e+00	0.00e+00	3.00e-28	8.95e-19	4.98e-10	8.93e-01	1.07e-01	5.54e-06
 1.10251e+11	0.00e+00	2.55e-38	3.84e-28	1.06e-18	5.44e-10	9.01e-01	9.92e-02	4.75e-06
 1.44588e+11	0.00e+00	0.00e+00	4.90e-28	1.25e-18	5.94e-10	9.08e-01	9.20e-02	4.07e-06
 1.80298e+11	0.00e+00	4.88e-38	6.27e-28	1.48e-18	6.48e-10	9.15e-01	8.53e-02	3.48e-06
 2.17437e+11	0.00e+00	0.00e+00	8.01e-28	1.74e-18	7.06e-10	9.21e-01	7.90e-02	2.98e-06
 2.56061e+11	0.00e+00	9.34e-38	1.02e-27	2.06e-18	7.70e-10	9.27e-01	7.31e-02	2.55e-06
 2.96231e+11	0.00e+00	0.00e+00	1.31e-27	2.43e-18	8.38e-10	9.32e-01	6.77e-02	2.18e-06
 3.38007e+11	0.00e+00	1.78e-37	1.67e-27	2.86e-18	9.13e-10	9.37e-01	6.26e-02	1.86e-06
 3.81454e+11	0.00e+00	0.00e+00	2.13e-27	3.38e-18	9.94e-10	9.42e-01	5.78e-02	1.59e-06
 4.26639e+11	0.00e+00	3.41e-37	2.72e-27	3.98e-18	1.08e-09	9.47e-01	5.34e-02	1.35e-06
 4.73631e+11	0.00e+00	0.00e+00	3.48e-27	4.69e-18	1.18e-09	9.51e-01	4.93e-02	1.15e-06
 5.19249e+11	0.00e+00	6.38e-37	4.37e-27	5.47e-18	1.27e-09	9.54e-01	4.57e-02	9.92e-07
 5.62266e+11	0.00e+00	0.00e+00	5.38e-27	6.30e-18	1.37e-09	9.57e-01	4.27e-02	0.00e+00
 6.10259e+11	0.00e+00	1.13e-36	6.73e-27	7.32e-18	1.48e-09	9.60e-01	3.97e-02	0.00e+00
 6.62635e+11	0.00e+00	0.00e+00	8.52e-27	8.58e-18	1.60e-09	9.63e-01	3.67e-02	0.00e+00
 7.12450e+11	0.00e+00	2.06e-36	1.06e-26	9.93e-18	1.73e-09	9.66e-01	3.41e-02	0.00e+00
 7.66219e+11	6.17e-47	2.78e-36	1.33e-26	1.16e-17	1.87e-09	9.68e-01	3.16e-02	0.00e+00
 8.26795e+11	0.00e+00	0.00e+00	1.69e-26	1.36e-17	2.03e-09	9.71e-01	2.91e-02	0.00e+00
 8.87285e+11	0.00e+00	5.26e-36	2.14e-26	1.60e-17	2.20e-09	9.73e-01	2.69e-02	0.00e+00
 9.50194e+11	2.02e-46	7.20e-36	2.71e-26	1.87e-17	2.39e-09	9.75e-01	2.49e-02	0.00e+00
 1.01813e+12	0.00e+00	0.00e+00	3.47e-26	2.21e-17	2.60e-09	9.77e-01	2.29e-02	0.00e+00
 1.08878e+12	0.00e+00	1.38e-35	4.44e-26	2.61e-17	2.82e-09	9.79e-01	2.10e-02	0.00e+00
 1.16226e+12	6.88e-46	1.92e-35	5.68e-26	3.08e-17	3.07e-09	9.81e-01	1.94e-02	0.00e+00
 1.23868e+12	0.00e+00	0.00e+00	7.28e-26	3.64e-17	3.34e-09	9.82e-01	1.78e-02	0.00e+00
 1.31815e+12	0.00e+00	3.70e-35	9.32e-26	4.30e-17	3.64e-09	9.84e-01	1.64e-02	0.00e+00
 1.40080e+12	2.35e-45	5.14e-35	1.20e-25	5.08e-17	3.96e-09	9.85e-01	1.50e-02	0.00e+00
 1.48676e+12	0.00e+00	0.00e+00	1.53e-25	6.00e-17	4.31e-09	9.86e-01	1.38e-02	0.00e+00
 1.56726e+12	0.00e+00	9.63e-35	1.92e-25	6.98e-17	4.65e-09	9.87e-01	1.28e-02	0.00e+00
 1.63871e+12	7.09e-45	1.24e-34	2.33e-25	7.95e-17	4.97e-09	9.88e-01	1.20e-02	0.00e+00
 1.71870e+12	0.00e+00	0.00e+00	2.87e-25	9.17e-17	5.34e-09	9.89e-01	1.12e-02	0.00e+00
 1.81415e+12	0.00e+00	2.27e-34	3.66e-25	1.08e-16	5.80e-09	9.90e-01	1.03e-02	0.00e+00
 1.91007e+12	2.22e-44	3.10e-34	4.64e-25	1.27e-16	6.29e-09	9.91e-01	9.48e-03	0.00e+00
 1.99946e+12	0.00e+00	4.10e-34	5.73e-25	1.46e-16	6.76e-09	9.91e-01	8.82e-03	0.00e+00
 2.09899e+12	4.59e-44	5.56e-34	7.22e-25	1.71e-16	7.31e-09	9.92e-01	8.16e-03	0.00e+00
 2.21287e+12	0.00e+00	7.77e-34	9.29e-25	2.03e-16	7.97e-09	9.93e-01	7.48e-03	0.00e+00
 2.32552e+12	1.04e-43	1.07e-33	1.18e-24	2.39e-16	8.66e-09	9.93e-01	6.89e-03	0.00e+00
 2.44268e+12	0.00e+00	1.47e-33	1.51e-24	2.81e-16	9.41e-09	9.94e-01	6.34e-03	0.00e+00
 2.57032e+12	2.36e-43	2.07e-33	1.95e-24	3.34e-16	1.03e-08	9.94e-01	5.81e-03	0.00e+00
 2.69968e+12	0.00e+00	2.87e-33	2.50e-24	3.96e-16	1.12e-08	9.95e-01	5.33e-03	0.00e+00
 2.81893e+12	5.13e-43	3.85e-33	3.12e-24	4.61e-16	1.21e-08	9.95e-01	4.94e-03	0.00e+00
 2.92804e+12	0.00e+00	4.99e-33	3.81e-24	5.27e-16	1.29e-08	9.95e-01	4.62e-03	0.00e+00
 3.05260e+12	1.02e-42	6.66e-33	4.74e-24	6.11e-16	1.40e-08	9.96e-01	4.28e-03	0.00e+00
 3.20043e+12	0.00e+00	9.25e-33	6.08e-24	7.24e-16	1.52e-08	9.96e-01	3.93e-03	0.00e+00
 3.34805e+12	2.28e-42	1.28e-32	7.77e-24	8.56e-16	1.66e-08	9.96e-01	3.61e-03	0.00e+00
 3.48407e+12	0.00e+00	1.70e-32	9.65e-24	9.93e-16	1.79e-08	9.97e-01	3.35e-03	0.00e+00
 3.63548e+12	4.76e-42	2.30e-32	1.22e-23	1.16e-15	1.94e-08	9.97e-01	3.09e-03	0.00e+00
 3.81044e+12	0.00e+00	3.24e-32	1.58e-23	1.39e-15	2.12e-08	9.97e-01	2.83e-03	0.00e+00
 3.98192e+12	1.09e-41	4.48e-32	2.02e-23	1.65e-15	2.31e-08	9.97e-01	2.59e-03	0.00e+00
 4.14557e+12	0.00e+00	6.03e-32	2.54e-23	1.93e-15	2.51e-08	9.98e-01	2.40e-03	0.00e+00
 4.32662e+12	2.32e-41	8.26e-32	3.23e-23	2.27e-15	2.73e-08	9.98e-01	2.20e-03	0.00e+00
 4.52962e+12	0.00e+00	1.17e-31	4.21e-23	2.73e-15	3.00e-08	9.98e-01	2.01e-03	0.00e+00
 4.73240e+12	5.36e-41	1.62e-31	5.42e-23	3.25e-15	3.28e-08	9.98e-01	1.84e-03	0.00e+00
 4.94329e+12	0.00e+00	2.26e-31	6.99e-23	3.87e-15	3.59e-08	9.98e-01	1.68e-03	0.00e+00
 5.16417e+12	1.22e-40	3.15e-31	9.03e-23	4.63e-15	3.94e-08	9.98e-01	1.54e-03	0.00e+00
 5.38185e+12	0.00e+00	4.32e-31	1.15e-22	5.48e-15	4.30e-08	9.99e-01	1.41e-03	0.00e+00
 5.61502e+12	2.69e-40	5.98e-31	1.48e-22	6.53e-15	4.71e-08	9.99e-01	1.29e-03	0.00e+00
 5.86955e+12	0.00e+00	8.41e-31	1.93e-22	7.85e-15	5.18e-08	9.99e-01	1.17e-03	0.00e+00
 6.13426e+12	6.23e-40	1.18e-30	2.51e-22	9.45e-15	5.71e-08	9.99e-01	1.07e-03	0.00e+00
 6.40956e+12	0.00e+00	1.66e-30	3.27e-22	1.14e-14	6.29e-08	9.99e-01	9.69e-04	0.00e+00
 6.65809e+12	1.36e-39	2.22e-30	4.11e-22	1.34e-14	6.84e-08	9.99e-01	8.91e-04	0.00e+00
 6.86443e+12	0.00e+00	2.82e-30	4.94e-22	1.52e-14	7.32e-08	9.99e-01	8.34e-04	0.00e+00
 7.09020e+12	2.46e-39	3.61e-30	6.00e-22	1.75e-14	7.87e-08	9.99e-01	7.76e-04	0.00e+00
 7.37713e+12	0.00e+00	4.91e-30	7.62e-22	2.07e-14	8.61e-08	9.99e-01	7.11e-04	0.00e+00
 7.67688e+12	5.21e-39	6.67e-30	9.70e-22	2.46e-14	9.43e-08	9.99e-01	6.50e-04	0.00e+00
 7.94154e+12	0.00e+00	8.66e-30	1.19e-21	2.85e-14	1.02e-07	9.99e-01	6.03e-04	0.00e+00
 8.18728e+12	9.51e-39	1.09e-29	1.43e-21	3.24e-14	1.09e-07	9.99e-01	5.63e-04	0.00e+00
 8.46676e+12	0.00e+00	1.41e-29	1.75e-21	3.75e-14	1.18e-07	9.99e-01	5.22e-04	0.00e+00
 8.81218e+12	1.88e-38	1.92e-29	2.22e-21	4.46e-14	1.29e-07	1.00e+00	4.77e-04	0.00e+00
 9.15782e+12	0.00e+00	2.57e-29	2.80e-21	5.26e-14	1.41e-07	1.00e+00	4.37e-04	0.00e+00
 9.45734e+12	3.61e-38	3.27e-29	3.40e-21	6.05e-14	1.52e-07	1.00e+00	4.07e-04	0.00e+00
 9.78240e+12	0.00e+00	4.22e-29	4.15e-21	6.99e-14	1.65e-07	1.00e+00	3.77e-04	0.00e+00
 1.01804e+13	7.06e-38	5.70e-29	5.27e-21	8.30e-14	1.80e-07	1.00e+00	3.44e-04	0.00e+00
 1.05883e+13	0.00e+00	7.65e-29	6.65e-21	9.82e-14	1.97e-07	1.00e+00	3.15e-04	0.00e+00
 1.09634e+13	1.38e-37	9.91e-29	8.17e-21	1.14e-13	2.14e-07	1.00e+00	2.91e-04	0.00e+00
 1.13806e+13	0.00e+00	1.31e-28	1.02e-20	1.34e-13	2.33e-07	1.00e+00	2.68e-04	0.00e+00
 1.18637e+13	2.80e-37	1.78e-28	1.30e-20	1.60e-13	2.56e-07	1.00e+00	2.44e-04	0.00e+00
 1.23376e+13	0.00e+00	2.38e-28	1.63e-20	1.88e-13	2.80e-07	1.00e+00	2.23e-04	0.00e+00
 1.27888e+13	5.47e-37	3.10e-28	2.01e-20	2.19e-13	3.04e-07	1.00e+00	2.06e-04	0.00e+00
 1.32886e+13	0.00e+00	4.10e-28	2.52e-20	2.58e-13	3.31e-07	1.00e+00	1.89e-04	0.00e+00
 1.38501e+13	1.11e-36	5.56e-28	3.20e-20	3.06e-13	3.64e-07	1.00e+00	1.73e-04	0.00e+00
 1.43595e+13	0.00e+00	7.24e-28	3.95e-20	3.57e-13	3.95e-07	1.00e+00	1.59e-04	0.00e+00
 1.47869e+13	1.99e-36	8.98e-28	4.68e-20	4.03e-13	4.21e-07	1.00e+00	1.49e-04	0.00e+00
 1.52567e+13	0.00e+00	1.13e-27	5.61e-20	4.59e-13	4.52e-07	1.00e+00	1.40e-04	0.00e+00
 1.57874e+13	3.55e-36	1.45e-27	6.83e-20	5.29e-13	4.88e-07	1.00e+00	1.29e-04	0.00e+00
 1.62962e+13	0.00e+00	1.83e-27	8.20e-20	6.03e-13	5.23e-07	1.00e+00	1.21e-04	0.00e+00
 1.68563e+13	6.36e-36	2.34e-27	9.97e-20	6.94e-13	5.64e-07	1.00e+00	1.12e-04	0.00e+00
 1.74786e+13	0.00e+00	3.05e-27	1.23e-19	8.06e-13	6.11e-07	1.00e+00	1.04e-04	0.00e+00
 1.80616e+13	1.17e-35	3.88e-27	1.48e-19	9.22e-13	6.57e-07	1.00e+00	9.65e-05	0.00e+00
 1.86997e+13	0.00e+00	5.00e-27	1.81e-19	1.06e-12	7.09e-07	1.00e+00	8.95e-05	0.00e+00
 1.94177e+13	2.24e-35	6.59e-27	2.25e-19	1.24e-12	7.70e-07	1.00e+00	8.25e-05	0.00e+00
 2.01042e+13	0.00e+00	8.50e-27	2.75e-19	1.43e-12	8.30e-07	1.00e+00	7.65e-05	0.00e+00
 2.07412e+13	4.03e-35	1.07e-26	3.29e-19	1.63e-12	8.89e-07	1.00e+00	7.15e-05	0.00e+00
 2.14493e+13	0.00e+00	1.37e-26	3.99e-19	1.87e-12	9.56e-07	1.00e+00	6.65e-05	0.00e+00
 2.22425e+13	7.53e-35	1.78e-26	4.91e-19	2.16e-12	1.03e-06	1.00e+00	6.15e-05	0.00e+00
 2.29914e+13	0.00e+00	2.27e-26	5.95e-19	2.48e-12	1.11e-06	1.00e+00	5.73e-05	0.00e+00
 2.38098e+13	1.39e-34	2.94e-26	7.27e-19	2.86e-12	1.20e-06	1.00e+00	5.32e-05	0.00e+00
 2.47159e+13	1.94e-34	3.87e-26	9.01e-19	3.33e-12	1.30e-06	1.00e+00	4.91e-05	0.00e+00
 2.55567e+13	2.63e-34	4.96e-26	1.09e-18	3.81e-12	1.40e-06	1.00e+00	4.57e-05	0.00e+00
 2.64706e+13	3.60e-34	6.43e-26	1.34e-18	4.39e-12	1.51e-06	1.00e+00	4.24e-05	0.00e+00
 2.74929e+13	5.07e-34	8.50e-26	1.66e-18	5.12e-12	1.63e-06	1.00e+00	3.91e-05	0.00e+00
 2.84582e+13	6.94e-34	1.10e-25	2.03e-18	5.89e-12	1.76e-06	1.00e+00	3.64e-05	0.00e+00
 2.95110e+13	9.65e-34	1.44e-25	2.50e-18	6.82e-12	1.90e-06	1.00e+00	3.37e-05	0.00e+00
 3.06848e+13	1.37e-33	1.92e-25	3.14e-18	7.99e-12	2.07e-06	1.00e+00	3.10e-05	0.00e+00
 3.17963e+13	1.90e-33	2.50e-25	3.85e-18	9.22e-12	2.23e-06	1.00e+00	2.88e-05	0.00e+00
 3.29888e+13	2.66e-33	3.29e-25	4.76e-18	1.07e-11	2.41e-06	1.00e+00	2.66e-05	0.00e+00
 3.43383e+13	3.84e-33	4.43e-25	6.01e-18	1.26e-11	2.62e-06	1.00e+00	2.45e-05	0.00e+00
 3.56686e+13	5.44e-33	5.89e-25	7.48e-18	1.47e-11	2.84e-06	1.00e+00	2.26e-05	0.00e+00
 3.70522e+13	7.73e-33	7.84e-25	9.33e-18	1.71e-11	3.08e-06	1.00e+00	2.09e-05	0.00e+00
 3.85642e+13	1.12e-32	1.06e-24	1.18e-17	2.01e-11	3.35e-06	1.00e+00	1.92e-05	0.00e+00
 4.01054e+13	1.61e-32	1.42e-24	1.48e-17	2.35e-11	3.64e-06	1.00e+00	1.77e-05	0.00e+00
 4.17083e+13	2.31e-32	1.91e-24	1.86e-17	2.75e-11	3.95e-06	1.00e+00	1.63e-05	0.00e+00
 4.33225e+13	3.29e-32	2.54e-24	2.31e-17	3.20e-11	4.28e-06	1.00e+00	1.51e-05	0.00e+00
 4.48268e+13	4.53e-32	3.30e-24	2.82e-17	3.67e-11	4.59e-06	1.00e+00	1.40e-05	0.00e+00
 4.64753e+13	6.36e-32	4.34e-24	3.49e-17	4.24e-11	4.95e-06	1.00e+00	1.30e-05	0.00e+00
 4.81607e+13	8.86e-32	5.68e-24	4.29e-17	4.90e-11	5.33e-06	1.00e+00	1.21e-05	0.00e+00
 4.95630e+13	1.17e-31	7.09e-24	5.07e-17	5.49e-11	5.65e-06	1.00e+00	1.14e-05	0.00e+00
 5.10416e+13	1.54e-31	8.86e-24	6.02e-17	6.18e-11	6.01e-06	1.00e+00	1.07e-05	0.00e+00
 5.29298e+13	2.16e-31	1.17e-23	7.45e-17	7.14e-11	6.48e-06	1.00e+00	9.97e-06	0.00e+00
 5.49086e+13	3.06e-31	1.55e-23	9.24e-17	8.27e-11	6.99e-06	1.00e+00	9.25e-06	0.00e+00
 5.66255e+13	4.11e-31	1.96e-23	1.11e-16	9.35e-11	7.44e-06	1.00e+00	8.68e-06	0.00e+00
 5.84437e+13	5.56e-31	2.51e-23	1.33e-16	1.06e-10	7.94e-06	1.00e+00	8.14e-06	0.00e+00
 6.06757e+13	7.96e-31	3.35e-23	1.66e-16	1.23e-10	8.57e-06	1.00e+00	7.54e-06	0.00e+00
 6.29080e+13	1.13e-30	4.43e-23	2.05e-16	1.42e-10	9.22e-06	1.00e+00	7.01e-06	0.00e+00
 6.48560e+13	1.51e-30	5.61e-23	2.46e-16	1.61e-10	9.81e-06	1.00e+00	6.59e-06	0.00e+00
 6.69722e+13	2.06e-30	7.20e-23	2.97e-16	1.83e-10	1.05e-05	1.00e+00	6.18e-06	0.00e+00
 6.95467e+13	2.96e-30	9.65e-23	3.71e-16	2.12e-10	1.13e-05	1.00e+00	5.72e-06	0.00e+00
 7.21313e+13	4.22e-30	1.28e-22	4.60e-16	2.45e-10	1.22e-05	1.00e+00	5.32e-06	0.00e+00
 7.44484e+13	5.75e-30	1.64e-22	5.55e-16	2.78e-10	1.30e-05	1.00e+00	4.99e-06	0.00e+00
 7.70033e+13	7.98e-30	2.14e-22	6.77e-16	3.18e-10	1.39e-05	1.00e+00	4.66e-06	0.00e+00
 8.00312e+13	1.16e-29	2.89e-22	8.50e-16	3.71e-10	1.50e-05	1.00e+00	4.31e-06	0.00e+00
 8.30323e+13	1.66e-29	3.86e-22	1.06e-15	4.30e-10	1.62e-05	1.00e+00	4.01e-06	0.00e+00
 8.58089e+13	2.30e-29	5.00e-22	1.28e-15	4.90e-10	1.73e-05	1.00e+00	3.75e-06	0.00e+00
 8.89265e+13	3.26e-29	6.62e-22	1.59e-15	5.64e-10	1.85e-05	1.00e+00	3.49e-06	0.00e+00
 9.25135e+13	4.80e-29	9.03e-22	2.01e-15	6.61e-10	2.01e-05	1.00e+00	3.22e-06	0.00e+00
 9.60369e+13	6.93e-29	1.21e-21	2.51e-15	7.67e-10	2.16e-05	1.00e+00	2.99e-06	0.00e+00
 9.97012e+13	1.00e-28	1.63e-21	3.13e-15	8.90e-10	2.33e-05	1.00e+00	2.78e-06	0.00e+00
 1.03719e+14	1.48e-28	2.22e-21	3.96e-15	1.04e-09	2.52e-05	1.00e+00	2.56e-06	0.00e+00
 1.07795e+14	2.16e-28	3.01e-21	4.97e-15	1.21e-09	2.73e-05	1.00e+00	2.37e-06	0.00e+00
 1.12033e+14	3.15e-28	4.08e-21	6.25e-15	1.42e-09	2.94e-05	1.00e+00	2.20e-06	0.00e+00
 1.16275e+14	4.54e-28	5.47e-21	7.80e-15	1.64e-09	3.17e-05	1.00e+00	2.04e-06	0.00e+00
 1.20275e+14	6.33e-28	7.14e-21	9.53e-15	1.88e-09	3.40e-05	1.00e+00	1.91e-06	0.00e+00
 1.24703e+14	9.02e-28	9.49e-21	1.18e-14	2.17e-09	3.65e-05	1.00e+00	1.77e-06	0.00e+00
 1.29155e+14	1.27e-27	1.25e-20	1.45e-14	2.50e-09	3.92e-05	1.00e+00	1.65e-06	0.00e+00
 1.32843e+14	1.68e-27	1.56e-20	1.72e-14	2.79e-09	4.15e-05	1.00e+00	1.56e-06	0.00e+00
 1.36745e+14	2.23e-27	1.96e-20	2.04e-14	3.13e-09	4.40e-05	1.00e+00	1.47e-06	0.00e+00
 1.41745e+14	3.16e-27	2.60e-20	2.53e-14	3.62e-09	4.73e-05	1.00e+00	1.37e-06	0.00e+00
 1.46997e+14	4.50e-27	3.45e-20	3.14e-14	4.19e-09	5.09e-05	1.00e+00	1.27e-06	0.00e+00
 1.51631e+14	6.10e-27	4.41e-20	3.77e-14	4.74e-09	5.42e-05	1.00e+00	1.19e-06	0.00e+00
 1.56639e+14	8.37e-27	5.68e-20	4.57e-14	5.40e-09	5.79e-05	1.00e+00	1.12e-06	0.00e+00
 1.62674e+14	1.21e-26	7.64e-20	5.72e-14	6.28e-09	6.26e-05	1.00e+00	1.03e-06	0.00e+00
 1.68800e+14	1.73e-26	1.02e-19	7.13e-14	7.28e-09	6.75e-05	1.00e+00	9.59e-07	0.00e+00
 1.74529e+14	2.39e-26	1.32e-19	8.69e-14	8.32e-09	7.22e-05	1.00e+00	0.00e+00	0.00e+00
 1.80058e+14	3.23e-26	1.69e-19	1.05e-13	9.43e-09	7.70e-05	1.00e+00	0.00e+00	0.00e+00
 1.86318e+14	4.50e-26	2.20e-19	1.28e-13	1.08e-08	8.26e-05	1.00e+00	0.00e+00	0.00e+00
 1.93228e+14	6.39e-26	2.93e-19	1.59e-13	1.25e-08	8.90e-05	1.00e+00	0.00e+00	0.00e+00
 1.99606e+14	8.75e-26	3.77e-19	1.93e-13	1.43e-08	9.52e-05	1.00e+00	0.00e+00	0.00e+00
 2.06518e+14	1.21e-25	4.91e-19	2.36e-13	1.64e-08	1.02e-04	1.00e+00	0.00e+00	0.00e+00
 2.14241e+14	1.73e-25	6.53e-19	2.93e-13	1.90e-08	1.10e-04	1.00e+00	0.00e+00	0.00e+00
 2.21502e+14	2.38e-25	8.47e-19	3.57e-13	2.17e-08	1.18e-04	1.00e+00	0.00e+00	0.00e+00
 2.29424e+14	3.34e-25	1.11e-18	4.39e-13	2.50e-08	1.27e-04	1.00e+00	0.00e+00	0.00e+00
 2.38224e+14	4.79e-25	1.49e-18	5.49e-13	2.91e-08	1.37e-04	1.00e+00	0.00e+00	0.00e+00
 2.46437e+14	6.64e-25	1.94e-18	6.71e-13	3.33e-08	1.47e-04	1.00e+00	0.00e+00	0.00e+00
 2.55350e+14	9.33e-25	2.55e-18	8.28e-13	3.84e-08	1.58e-04	1.00e+00	0.00e+00	0.00e+00
 2.65324e+14	1.35e-24	3.43e-18	1.04e-12	4.48e-08	1.71e-04	1.00e+00	0.00e+00	0.00e+00
 2.74815e+14	1.89e-24	4.51e-18	1.28e-12	5.16e-08	1.84e-04	1.00e+00	0.00e+00	0.00e+00
 2.84956e+14	2.67e-24	5.97e-18	1.59e-12	5.97e-08	1.99e-04	1.00e+00	0.00e+00	0.00e+00
 2.96384e+14	3.90e-24	8.10e-18	2.00e-12	7.00e-08	2.15e-04	1.00e+00	0.00e+00	0.00e+00
 3.07663e+14	5.58e-24	1.08e-17	2.50e-12	8.13e-08	2.33e-04	1.00e+00	0.00e+00	0.00e+00
 3.19393e+14	8.00e-24	1.45e-17	3.12e-12	9.45e-08	2.51e-04	1.00e+00	0.00e+00	0.00e+00
 3.31388e+14	1.14e-23	1.93e-17	3.88e-12	1.10e-07	2.71e-04	1.00e+00	0.00e+00	0.00e+00
 3.42474e+14	1.57e-23	2.49e-17	4.71e-12	1.25e-07	2.90e-04	1.00e+00	0.00e+00	0.00e+00
 3.54814e+14	2.20e-23	3.28e-17	5.81e-12	1.44e-07	3.12e-04	1.00e+00	0.00e+00	0.00e+00
 3.68404e+14	3.16e-23	4.39e-17	7.26e-12	1.68e-07	3.37e-04	1.00e+00	0.00e+00	0.00e+00
 3.80961e+14	4.38e-23	5.71e-17	8.85e-12	1.92e-07	3.61e-04	1.00e+00	0.00e+00	0.00e+00
 3.91987e+14	5.76e-23	7.12e-17	1.05e-11	2.15e-07	3.83e-04	1.00e+00	0.00e+00	0.00e+00
 4.03688e+14	7.66e-23	8.96e-17	1.25e-11	2.42e-07	4.06e-04	1.00e+00	0.00e+00	0.00e+00
 4.18522e+14	1.08e-22	1.19e-16	1.55e-11	2.79e-07	4.38e-04	1.00e+00	0.00e+00	0.00e+00
 4.33553e+14	1.53e-22	1.56e-16	1.91e-11	3.22e-07	4.70e-04	1.00e+00	0.00e+00	0.00e+00
 4.46277e+14	2.02e-22	1.96e-16	2.26e-11	3.61e-07	4.99e-04	1.00e+00	0.00e+00	0.00e+00
 4.59876e+14	2.71e-22	2.48e-16	2.70e-11	4.08e-07	5.30e-04	9.99e-01	0.00e+00	0.00e+00
 4.76930e+14	3.85e-22	3.29e-16	3.35e-11	4.72e-07	5.72e-04	9.99e-01	0.00e+00	0.00e+00
 4.94508e+14	5.47e-22	4.37e-16	4.16e-11	5.45e-07	6.15e-04	9.99e-01	0.00e+00	0.00e+00
 5.09982e+14	7.39e-22	5.57e-16	4.99e-11	6.17e-07	6.55e-04	9.99e-01	0.00e+00	0.00e+00
 5.26686e+14	1.01e-21	7.15e-16	6.04e-11	7.02e-07	7.00e-04	9.99e-01	0.00e+00	0.00e+00
 5.46865e+14	1.45e-21	9.60e-16	7.55e-11	8.16e-07	7.56e-04	9.99e-01	0.00e+00	0.00e+00
 5.66898e+14	2.06e-21	1.27e-15	9.35e-11	9.42e-07	8.14e-04	9.99e-01	0.00e+00	0.00e+00
 5.84706e+14	2.78e-21	1.62e-15	1.12e-10	1.07e-06	8.66e-04	9.99e-01	0.00e+00	0.00e+00
 6.04281e+14	3.82e-21	2.09e-15	1.36e-10	1.22e-06	9.27e-04	9.99e-01	0.00e+00	0.00e+00
 6.27668e+14	5.51e-21	2.81e-15	1.71e-10	1.42e-06	1.00e-03	9.99e-01	0.00e+00	0.00e+00
 6.50899e+14	7.82e-21	3.73e-15	2.12e-10	1.64e-06	1.08e-03	9.99e-01	0.00e+00	0.00e+00
 6.72057e+14	1.07e-20	4.79e-15	2.56e-10	1.86e-06	1.15e-03	9.99e-01	0.00e+00	0.00e+00
 6.95628e+14	1.48e-20	6.25e-15	3.14e-10	2.14e-06	1.24e-03	9.99e-01	0.00e+00	0.00e+00
 7.23145e+14	2.15e-20	8.44e-15	3.95e-10	2.50e-06	1.34e-03	9.99e-01	0.00e+00	0.00e+00
 7.50226e+14	3.05e-20	1.12e-14	4.91e-10	2.90e-06	1.45e-03	9.99e-01	0.00e+00	0.00e+00
 7.75752e+14	4.19e-20	1.45e-14	5.98e-10	3.31e-06	1.55e-03	9.98e-01	0.00e+00	0.00e+00
 8.04173e+14	5.88e-20	1.91e-14	7.39e-10	3.83e-06	1.67e-03	9.98e-01	0.00e+00	0.00e+00
 8.36369e+14	8.51e-20	2.58e-14	9.31e-10	4.48e-06	1.82e-03	9.98e-01	0.00e+00	0.00e+00
 8.68375e+14	1.21e-19	3.43e-14	1.16e-09	5.22e-06	1.97e-03	9.98e-01	0.00e+00	0.00e+00
 8.94841e+14	1.60e-19	4.31e-14	1.38e-09	5.88e-06	2.09e-03	9.98e-01	0.00e+00	0.00e+00
 9.15603e+14	1.97e-19	5.13e-14	1.58e-09	6.45e-06	2.20e-03	9.98e-01	0.00e+00	0.00e+00
 9.38347e+14	2.48e-19	6.17e-14	1.83e-09	7.12e-06	2.32e-03	9.98e-01	0.00e+00	0.00e+00
 9.67915e+14	3.29e-19	7.79e-14	2.19e-09	8.07e-06	2.47e-03	9.98e-01	0.00e+00	0.00e+00
 9.99857e+14	4.42e-19	9.93e-14	2.65e-09	9.21e-06	2.65e-03	9.97e-01	0.00e+00	0.00e+00
 1.02850e+15	5.71e-19	1.22e-13	3.12e-09	1.03e-05	2.82e-03	9.97e-01	0.00e+00	0.00e+00
 1.05934e+15	7.45e-19	1.52e-13	3.71e-09	1.16e-05	3.01e-03	9.97e-01	0.00e+00	0.00e+00
 1.09833e+15	1.03e-18	1.99e-13	4.58e-09	1.35e-05	3.25e-03	9.97e-01	0.00e+00	0.00e+00
 1.13772e+15	1.41e-18	2.58e-13	5.63e-09	1.55e-05	3.51e-03	9.96e-01	0.00e+00	0.00e+00
 1.17107e+15	1.82e-18	3.19e-13	6.65e-09	1.74e-05	3.74e-03	9.96e-01	0.00e+00	0.00e+00
 1.20675e+15	2.36e-18	3.96e-13	7.91e-09	1.97e-05	4.00e-03	9.96e-01	0.00e+00	0.00e+00
 1.25146e+15	3.25e-18	5.16e-13	9.78e-09	2.28e-05	4.34e-03	9.96e-01	0.00e+00	0.00e+00
 1.29783e+15	4.45e-18	6.72e-13	1.21e-08	2.64e-05	4.70e-03	9.95e-01	0.00e+00	0.00e+00
 1.33910e+15	5.82e-18	8.41e-13	1.45e-08	3.00e-05	5.04e-03	9.95e-01	0.00e+00	0.00e+00
 1.38382e+15	7.67e-18	1.06e-12	1.75e-08	3.42e-05	5.43e-03	9.95e-01	0.00e+00	0.00e+00
 1.43730e+15	1.06e-17	1.40e-12	2.18e-08	3.99e-05	5.91e-03	9.94e-01	0.00e+00	0.00e+00
 1.48998e+15	1.44e-17	1.80e-12	2.68e-08	4.62e-05	6.41e-03	9.94e-01	0.00e+00	0.00e+00
 1.53718e+15	1.87e-17	2.25e-12	3.21e-08	5.23e-05	6.88e-03	9.93e-01	0.00e+00	0.00e+00
 1.58943e+15	2.48e-17	2.85e-12	3.90e-08	5.99e-05	7.42e-03	9.93e-01	0.00e+00	0.00e+00
 1.65136e+15	3.41e-17	3.74e-12	4.86e-08	6.99e-05	8.10e-03	9.92e-01	0.00e+00	0.00e+00
 1.71268e+15	4.62e-17	4.84e-12	6.01e-08	8.10e-05	8.80e-03	9.91e-01	0.00e+00	0.00e+00
 1.76913e+15	6.05e-17	6.08e-12	7.25e-08	9.23e-05	9.47e-03	9.90e-01	0.00e+00	0.00e+00
 1.83242e+15	8.11e-17	7.80e-12	8.90e-08	1.06e-04	1.03e-02	9.90e-01	0.00e+00	0.00e+00
 1.90558e+15	1.12e-16	1.03e-11	1.12e-07	1.25e-04	1.12e-02	9.89e-01	0.00e+00	0.00e+00
 1.97716e+15	1.78e-16	1.34e-11	1.39e-07	1.44e-04	1.22e-02	9.88e-01	0.00e+00	0.00e+00
 2.04547e+15	2.38e-16	1.70e-11	1.69e-07	1.66e-04	1.32e-02	9.87e-01	0.00e+00	0.00e+00
 2.10555e+15	3.03e-16	2.08e-11	2.00e-07	1.86e-04	1.41e-02	9.86e-01	0.00e+00	0.00e+00
 2.15539e+15	3.69e-16	2.46e-11	2.30e-07	2.04e-04	1.49e-02	9.85e-01	0.00e+00	0.00e+00
 2.21026e+15	4.57e-16	2.95e-11	2.66e-07	2.26e-04	1.57e-02	9.84e-01	0.00e+00	0.00e+00
 2.28160e+15	5.97e-16	3.69e-11	3.21e-07	2.57e-04	1.69e-02	9.83e-01	0.00e+00	0.00e+00
 2.35643e+15	7.83e-16	4.65e-11	3.89e-07	2.93e-04	1.82e-02	9.81e-01	0.00e+00	0.00e+00
 2.42044e+15	9.82e-16	5.64e-11	4.56e-07	3.26e-04	1.94e-02	9.80e-01	0.00e+00	0.00e+00
 2.48827e+15	1.24e-15	6.87e-11	5.36e-07	3.64e-04	2.06e-02	9.79e-01	0.00e+00	0.00e+00
 2.57644e+15	1.67e-15	8.84e-11	6.60e-07	4.19e-04	2.23e-02	9.77e-01	0.00e+00	0.00e+00
 2.66723e+15	2.24e-15	1.14e-10	8.12e-07	4.81e-04	2.41e-02	9.75e-01	0.00e+00	0.00e+00
 2.74297e+15	2.84e-15	1.39e-10	9.58e-07	5.38e-04	2.57e-02	9.74e-01	0.00e+00	0.00e+00
 2.82301e+15	3.63e-15	1.71e-10	1.14e-06	6.04e-04	2.74e-02	9.72e-01	0.00e+00	0.00e+00
 2.92563e+15	4.94e-15	2.23e-10	1.41e-06	6.98e-04	2.97e-02	9.70e-01	0.00e+00	0.00e+00
 3.03329e+15	6.73e-15	2.90e-10	1.75e-06	8.07e-04	3.22e-02	9.67e-01	0.00e+00	0.00e+00
 3.12856e+15	8.75e-15	3.63e-10	2.11e-06	9.13e-04	3.45e-02	9.65e-01	0.00e+00	0.00e+00
 3.23205e+15	1.16e-14	4.62e-10	2.57e-06	1.04e-03	3.71e-02	9.62e-01	0.00e+00	0.00e+00
 3.35637e+15	1.61e-14	6.12e-10	3.23e-06	1.21e-03	4.04e-02	9.58e-01	0.00e+00	0.00e+00
 3.48006e+15	2.21e-14	8.00e-10	4.02e-06	1.40e-03	4.38e-02	9.55e-01	0.00e+00	0.00e+00
 3.59201e+15	2.90e-14	1.01e-09	4.87e-06	1.59e-03	4.69e-02	9.51e-01	0.00e+00	0.00e+00
 3.71640e+15	3.92e-14	1.30e-09	5.98e-06	1.82e-03	5.06e-02	9.48e-01	0.00e+00	0.00e+00
 3.86246e+15	5.51e-14	1.74e-09	7.57e-06	2.13e-03	5.51e-02	9.43e-01	0.00e+00	0.00e+00
 4.00590e+15	7.58e-14	2.29e-09	9.46e-06	2.47e-03	5.97e-02	9.38e-01	0.00e+00	0.00e+00
 4.13910e+15	1.01e-13	2.92e-09	1.15e-05	2.81e-03	6.41e-02	9.33e-01	0.00e+00	0.00e+00
 4.28871e+15	1.38e-13	3.82e-09	1.43e-05	3.24e-03	6.92e-02	9.28e-01	0.00e+00	0.00e+00
 4.46029e+15	1.96e-13	5.14e-09	1.82e-05	3.80e-03	7.53e-02	9.21e-01	0.00e+00	0.00e+00
 4.60375e+15	2.59e-13	6.52e-09	2.21e-05	4.31e-03	8.06e-02	9.15e-01	0.00e+00	0.00e+00
 4.70590e+15	3.14e-13	7.69e-09	2.53e-05	4.71e-03	8.45e-02	9.11e-01	0.00e+00	0.00e+00
 4.81205e+15	3.83e-13	9.12e-09	2.90e-05	5.15e-03	8.86e-02	9.06e-01	0.00e+00	0.00e+00
 4.95005e+15	4.93e-13	1.13e-08	3.44e-05	5.77e-03	9.41e-02	9.00e-01	0.00e+00	0.00e+00
 5.10408e+15	6.48e-13	1.43e-08	4.16e-05	6.53e-03	1.00e-01	8.93e-01	0.00e+00	0.00e+00
 5.24804e+15	8.28e-13	1.76e-08	4.92e-05	7.29e-03	1.06e-01	8.86e-01	0.00e+00	0.00e+00
 5.40428e+15	1.08e-12	2.20e-08	5.89e-05	8.20e-03	1.13e-01	8.79e-01	0.00e+00	0.00e+00
 5.57908e+15	1.44e-12	2.81e-08	7.16e-05	9.31e-03	1.21e-01	8.70e-01	0.00e+00	0.00e+00
 5.74392e+15	1.88e-12	3.51e-08	8.55e-05	1.05e-02	1.28e-01	8.61e-01	0.00e+00	0.00e+00
 5.92413e+15	2.49e-12	4.46e-08	1.03e-04	1.18e-02	1.37e-01	8.51e-01	0.00e+00	0.00e+00
 6.12542e+15	3.37e-12	5.76e-08	1.27e-04	1.35e-02	1.46e-01	8.40e-01	0.00e+00	0.00e+00
 6.31535e+15	4.45e-12	7.29e-08	1.53e-04	1.52e-02	1.55e-01	8.29e-01	0.00e+00	0.00e+00
 6.52352e+15	6.00e-12	9.37e-08	1.87e-04	1.73e-02	1.66e-01	8.17e-01	0.00e+00	0.00e+00
 6.75296e+15	8.21e-12	1.22e-07	2.30e-04	1.99e-02	1.77e-01	8.03e-01	0.00e+00	0.00e+00
 6.96611e+15	1.09e-11	1.55e-07	2.78e-04	2.25e-02	1.88e-01	7.89e-01	0.00e+00	0.00e+00
 7.19922e+15	1.48e-11	2.00e-07	3.41e-04	2.56e-02	2.01e-01	7.74e-01	0.00e+00	0.00e+00
 7.45529e+15	2.03e-11	2.62e-07	4.22e-04	2.93e-02	2.14e-01	7.56e-01	0.00e+00	0.00e+00
 7.68887e+15	2.68e-11	3.31e-07	5.07e-04	3.30e-02	2.26e-01	7.40e-01	0.00e+00	0.00e+00
 7.94017e+15	3.61e-11	4.26e-07	6.19e-04	3.75e-02	2.40e-01	7.22e-01	0.00e+00	0.00e+00
 8.21142e+15	4.89e-11	5.49e-07	7.57e-04	4.26e-02	2.54e-01	7.02e-01	0.00e+00	0.00e+00
 8.45661e+15	6.37e-11	6.87e-07	9.04e-04	4.76e-02	2.67e-01	6.84e-01	0.00e+00	0.00e+00
 8.67153e+15	7.98e-11	8.31e-07	1.05e-03	5.24e-02	2.79e-01	6.68e-01	0.00e+00	0.00e+00
 8.89909e+15	1.02e-10	1.02e-06	1.23e-03	5.79e-02	2.91e-01	6.50e-01	0.00e+00	0.00e+00
 9.14777e+15	1.30e-10	1.25e-06	1.45e-03	6.42e-02	3.04e-01	6.31e-01	0.00e+00	0.00e+00
 9.37900e+15	1.63e-10	1.51e-06	1.69e-03	7.04e-02	3.15e-01	6.13e-01	0.00e+00	0.00e+00
 9.63469e+15	2.09e-10	1.86e-06	1.99e-03	7.79e-02	3.28e-01	5.92e-01	0.00e+00	0.00e+00
 9.91155e+15	2.70e-10	2.30e-06	2.36e-03	8.65e-02	3.41e-01	5.70e-01	0.00e+00	0.00e+00
 1.01668e+16	3.39e-10	2.79e-06	2.74e-03	9.49e-02	3.53e-01	5.49e-01	0.00e+00	0.00e+00
 1.04496e+16	4.39e-10	3.46e-06	3.25e-03	1.05e-01	3.66e-01	5.26e-01	0.00e+00	0.00e+00
 1.07559e+16	5.67e-10	4.29e-06	3.85e-03	1.16e-01	3.79e-01	5.01e-01	0.00e+00	0.00e+00
 1.10405e+16	7.18e-10	5.22e-06	4.51e-03	1.28e-01	3.90e-01	4.78e-01	0.00e+00	0.00e+00
 1.13584e+16	9.40e-10	6.53e-06	5.37e-03	1.41e-01	4.01e-01	4.52e-01	0.00e+00	0.00e+00
 1.16916e+16	1.22e-09	8.11e-06	6.39e-03	1.56e-01	4.12e-01	4.25e-01	0.00e+00	0.00e+00
 1.19749e+16	1.51e-09	9.70e-06	7.37e-03	1.70e-01	4.20e-01	4.03e-01	0.00e+00	0.00e+00
 1.22734e+16	1.91e-09	1.18e-05	8.59e-03	1.85e-01	4.27e-01	3.79e-01	0.00e+00	0.00e+00
 1.26043e+16	2.45e-09	1.45e-05	1.01e-02	2.02e-01	4.34e-01	3.53e-01	0.00e+00	0.00e+00
 1.29086e+16	3.06e-09	1.74e-05	1.17e-02	2.19e-01	4.39e-01	3.30e-01	0.00e+00	0.00e+00
 1.31909e+16	3.74e-09	2.06e-05	1.34e-02	2.35e-01	4.42e-01	3.09e-01	0.00e+00	0.00e+00
 1.35132e+16	4.80e-09	2.52e-05	1.56e-02	2.55e-01	4.44e-01	2.85e-01	0.00e+00	0.00e+00
 1.38409e+16	6.01e-09	3.04e-05	1.82e-02	2.75e-01	4.45e-01	2.62e-01	0.00e+00	0.00e+00
 1.41060e+16	7.22e-09	3.53e-05	2.05e-02	2.92e-01	4.43e-01	2.44e-01	0.00e+00	0.00e+00
 1.43808e+16	8.84e-09	4.16e-05	2.33e-02	3.10e-01	4.41e-01	2.26e-01	0.00e+00	0.00e+00
 1.46804e+16	1.10e-08	4.97e-05	2.67e-02	3.30e-01	4.37e-01	2.06e-01	0.00e+00	0.00e+00
 1.49471e+16	1.32e-08	5.79e-05	3.00e-02	3.49e-01	4.31e-01	1.90e-01	0.00e+00	0.00e+00
 1.51883e+16	1.57e-08	6.64e-05	3.35e-02	3.66e-01	4.25e-01	1.75e-01	0.00e+00	0.00e+00
 1.54616e+16	1.95e-08	7.89e-05	3.81e-02	3.86e-01	4.17e-01	1.59e-01	0.00e+00	0.00e+00
 1.57495e+16	2.38e-08	9.28e-05	4.33e-02	4.06e-01	4.07e-01	1.43e-01	0.00e+00	0.00e+00
 1.59971e+16	2.86e-08	1.08e-04	4.84e-02	4.24e-01	3.97e-01	1.30e-01	0.00e+00	0.00e+00
 1.62208e+16	3.43e-08	1.24e-04	5.38e-02	4.41e-01	3.87e-01	1.18e-01	0.00e+00	0.00e+00
 1.64393e+16	4.03e-08	1.41e-04	5.95e-02	4.57e-01	3.76e-01	1.08e-01	0.00e+00	0.00e+00
 1.66893e+16	5.03e-08	1.68e-04	6.72e-02	4.76e-01	3.62e-01	9.52e-02	0.00e+00	0.00e+00
 1.69461e+16	6.09e-08	1.96e-04	7.56e-02	4.94e-01	3.46e-01	8.42e-02	0.00e+00	0.00e+00
 1.71583e+16	7.27e-08	2.25e-04	8.38e-02	5.09e-01	3.32e-01	7.51e-02	0.00e+00	0.00e+00
 1.73469e+16	8.69e-08	2.58e-04	9.21e-02	5.22e-01	3.18e-01	6.72e-02	0.00e+00	0.00e+00
 1.75302e+16	1.01e-07	2.91e-04	1.01e-01	5.35e-01	3.04e-01	6.02e-02	0.00e+00	0.00e+00
 1.77404e+16	1.19e-07	3.31e-04	1.12e-01	5.48e-01	2.87e-01	5.25e-02	0.00e+00	0.00e+00
 1.79606e+16	1.45e-07	3.87e-04	1.25e-01	5.61e-01	2.68e-01	4.50e-02	0.00e+00	0.00e+00
 1.81388e+16	1.83e-07	4.59e-04	1.38e-01	5.71e-01	2.52e-01	3.87e-02	0.00e+00	0.00e+00
 1.82778e+16	2.11e-07	5.11e-04	1.48e-01	5.79e-01	2.39e-01	3.45e-02	0.00e+00	0.00e+00
 1.84206e+16	2.35e-07	5.59e-04	1.59e-01	5.86e-01	2.24e-01	3.04e-02	0.00e+00	0.00e+00
 1.86062e+16	2.86e-07	6.48e-04	1.76e-01	5.93e-01	2.05e-01	2.53e-02	0.00e+00	0.00e+00
 1.87856e+16	3.49e-07	7.54e-04	1.93e-01	5.99e-01	1.86e-01	2.08e-02	0.00e+00	0.00e+00
 1.89112e+16	4.27e-07	8.71e-04	2.08e-01	6.02e-01	1.72e-01	1.76e-02	0.00e+00	0.00e+00
 1.90017e+16	4.77e-07	9.45e-04	2.19e-01	6.03e-01	1.61e-01	1.56e-02	0.00e+00	0.00e+00
 1.90769e+16	5.14e-07	1.00e-03	2.28e-01	6.05e-01	1.53e-01	1.40e-02	0.00e+00	0.00e+00
 1.91591e+16	5.71e-07	1.08e-03	2.38e-01	6.05e-01	1.43e-01	1.24e-02	0.00e+00	0.00e+00
 1.92480e+16	6.42e-07	1.18e-03	2.50e-01	6.05e-01	1.33e-01	1.07e-02	0.00e+00	0.00e+00
 1.93253e+16	7.16e-07	1.28e-03	2.61e-01	6.05e-01	1.24e-01	9.34e-03	0.00e+00	0.00e+00
 1.93909e+16	8.10e-07	1.39e-03	2.71e-01	6.04e-01	1.16e-01	8.18e-03	0.00e+00	0.00e+00
 1.94478e+16	8.56e-07	1.45e-03	2.79e-01	6.03e-01	1.09e-01	7.37e-03	0.00e+00	0.00e+00
 1.95079e+16	9.36e-07	1.55e-03	2.88e-01	6.02e-01	1.02e-01	6.47e-03	0.00e+00	0.00e+00
 1.95860e+16	1.09e-06	1.72e-03	3.02e-01	5.99e-01	9.23e-02	5.35e-03	0.00e+00	0.00e+00
 1.96593e+16	1.20e-06	1.85e-03	3.13e-01	5.97e-01	8.43e-02	4.52e-03	0.00e+00	0.00e+00
 1.97145e+16	1.31e-06	1.97e-03	3.22e-01	5.94e-01	7.80e-02	3.91e-03	0.00e+00	0.00e+00
 1.97746e+16	1.44e-06	2.11e-03	3.32e-01	5.91e-01	7.13e-02	3.31e-03	0.00e+00	0.00e+00
 1.98424e+16	1.61e-06	2.28e-03	3.44e-01	5.87e-01	6.41e-02	2.71e-03	0.00e+00	0.00e+00
 1.99058e+16	1.78e-06	2.45e-03	3.54e-01	5.83e-01	5.77e-02	2.23e-03	0.00e+00	0.00e+00
 1.99638e+16	1.96e-06	2.62e-03	3.64e-01	5.79e-01	5.21e-02	1.84e-03	0.00e+00	0.00e+00
 2.00289e+16	2.19e-06	2.83e-03	3.75e-01	5.74e-01	4.60e-02	1.46e-03	0.00e+00	0.00e+00
 2.00994e+16	2.44e-06	3.07e-03	3.87e-01	5.69e-01	4.01e-02	1.13e-03	0.00e+00	0.00e+00
 2.01640e+16	2.71e-06	3.31e-03	3.98e-01	5.63e-01	3.51e-02	8.85e-04	0.00e+00	0.00e+00
 2.02346e+16	3.06e-06	3.59e-03	4.10e-01	5.56e-01	3.00e-02	6.61e-04	0.00e+00	0.00e+00
 2.03124e+16	3.46e-06	3.92e-03	4.22e-01	5.48e-01	2.52e-02	4.78e-04	0.00e+00	0.00e+00
 2.03860e+16	3.89e-06	4.25e-03	4.33e-01	5.41e-01	2.13e-02	3.48e-04	0.00e+00	0.00e+00
 2.04683e+16	4.42e-06	4.64e-03	4.46e-01	5.32e-01	1.75e-02	2.41e-04	0.00e+00	0.00e+00
 2.05752e+16	5.20e-06	5.19e-03	4.61e-01	5.20e-01	1.35e-02	1.48e-04	0.00e+00	0.00e+00
 2.06896e+16	6.16e-06	5.83e-03	4.77e-01	5.07e-01	1.02e-02	8.80e-05	0.00e+00	0.00e+00
 2.07956e+16	7.18e-06	6.47e-03	4.91e-01	4.94e-01	7.93e-03	5.43e-05	0.00e+00	0.00e+00
 2.09154e+16	8.51e-06	7.27e-03	5.07e-01	4.80e-01	5.94e-03	3.13e-05	0.00e+00	0.00e+00
 2.10713e+16	1.06e-05	8.41e-03	5.26e-01	4.61e-01	4.13e-03	1.56e-05	0.00e+00	0.00e+00
 2.12070e+16	1.28e-05	9.54e-03	5.43e-01	4.45e-01	3.09e-03	8.90e-06	0.00e+00	0.00e+00
 2.12864e+16	1.43e-05	1.03e-02	5.52e-01	4.35e-01	2.61e-03	6.43e-06	0.00e+00	0.00e+00
 2.13595e+16	1.58e-05	1.10e-02	5.62e-01	4.25e-01	2.22e-03	4.70e-06	0.00e+00	0.00e+00
 2.14545e+16	1.81e-05	1.21e-02	5.73e-01	4.13e-01	1.80e-03	3.15e-06	0.00e+00	0.00e+00
 2.15780e+16	2.16e-05	1.36e-02	5.89e-01	3.96e-01	1.38e-03	1.89e-06	0.00e+00	0.00e+00
 2.17037e+16	2.60e-05	1.54e-02	6.05e-01	3.79e-01	1.07e-03	1.16e-06	0.00e+00	0.00e+00
 2.18030e+16	3.02e-05	1.71e-02	6.17e-01	3.65e-01	8.75e-04	7.87e-07	0.00e+00	0.00e+00
 2.18891e+16	3.45e-05	1.87e-02	6.28e-01	3.52e-01	7.34e-04	0.00e+00	0.00e+00	0.00e+00
 2.19731e+16	3.94e-05	2.04e-02	6.39e-01	3.40e-01	6.18e-04	0.00e+00	0.00e+00	0.00e+00
 2.20536e+16	4.49e-05	2.23e-02	6.50e-01	3.27e-01	5.24e-04	0.00e+00	0.00e+00	0.00e+00
 2.21314e+16	5.10e-05	2.43e-02	6.60e-01	3.16e-01	4.47e-04	0.00e+00	0.00e+00	0.00e+00
 2.22199e+16	5.91e-05	2.68e-02	6.71e-01	3.02e-01	3.71e-04	0.00e+00	0.00e+00	0.00e+00
 2.23122e+16	6.95e-05	2.99e-02	6.83e-01	2.87e-01	3.06e-04	0.00e+00	0.00e+00	0.00e+00
 2.23877e+16	7.95e-05	3.28e-02	6.92e-01	2.75e-01	2.62e-04	0.00e+00	0.00e+00	0.00e+00
 2.24517e+16	8.95e-05	3.55e-02	7.00e-01	2.64e-01	2.28e-04	0.00e+00	0.00e+00	0.00e+00
 2.25223e+16	1.02e-04	3.88e-02	7.09e-01	2.52e-01	1.95e-04	0.00e+00	0.00e+00	0.00e+00
 2.26017e+16	1.19e-04	4.30e-02	7.18e-01	2.39e-01	1.64e-04	0.00e+00	0.00e+00	0.00e+00
 2.26740e+16	1.37e-04	4.74e-02	7.26e-01	2.27e-01	1.39e-04	0.00e+00	0.00e+00	0.00e+00
 2.27353e+16	1.56e-04	5.16e-02	7.32e-01	2.16e-01	1.21e-04	0.00e+00	0.00e+00	0.00e+00
 2.28012e+16	1.78e-04	5.66e-02	7.39e-01	2.05e-01	1.03e-04	0.00e+00	0.00e+00	0.00e+00
 2.28739e+16	2.08e-04	6.28e-02	7.45e-01	1.92e-01	8.67e-05	0.00e+00	0.00e+00	0.00e+00
 2.29383e+16	2.40e-04	6.92e-02	7.50e-01	1.81e-01	7.39e-05	0.00e+00	0.00e+00	0.00e+00
 2.29927e+16	2.72e-04	7.52e-02	7.53e-01	1.71e-01	6.43e-05	0.00e+00	0.00e+00	0.00e+00
 2.30515e+16	3.12e-04	8.23e-02	7.56e-01	1.61e-01	5.50e-05	0.00e+00	0.00e+00	0.00e+00
 2.31169e+16	3.65e-04	9.14e-02	7.59e-01	1.50e-01	4.61e-05	0.00e+00	0.00e+00	0.00e+00
 2.31754e+16	4.21e-04	1.01e-01	7.60e-01	1.39e-01	3.91e-05	0.00e+00	0.00e+00	0.00e+00
 2.32252e+16	4.78e-04	1.10e-01	7.59e-01	1.31e-01	3.38e-05	0.00e+00	0.00e+00	0.00e+00
 2.32789e+16	5.49e-04	1.20e-01	7.58e-01	1.21e-01	2.87e-05	0.00e+00	0.00e+00	0.00e+00
 2.33383e+16	6.43e-04	1.33e-01	7.55e-01	1.11e-01	2.39e-05	0.00e+00	0.00e+00	0.00e+00
 2.33914e+16	7.47e-04	1.47e-01	7.50e-01	1.02e-01	2.01e-05	0.00e+00	0.00e+00	0.00e+00
 2.34375e+16	8.49e-04	1.60e-01	7.44e-01	9.48e-02	1.71e-05	0.00e+00	0.00e+00	0.00e+00
 2.34883e+16	9.83e-04	1.76e-01	7.37e-01	8.64e-02	1.43e-05	0.00e+00	0.00e+00	0.00e+00
 2.35440e+16	1.16e-03	1.96e-01	7.25e-01	7.76e-02	1.16e-05	0.00e+00	0.00e+00	0.00e+00
 2.35938e+16	1.36e-03	2.16e-01	7.13e-01	6.98e-02	9.51e-06	0.00e+00	0.00e+00	0.00e+00
 2.36373e+16	1.55e-03	2.36e-01	6.99e-01	6.31e-02	7.93e-06	0.00e+00	0.00e+00	0.00e+00
 2.36854e+16	1.82e-03	2.60e-01	6.82e-01	5.60e-02	6.40e-06	0.00e+00	0.00e+00	0.00e+00
 2.37390e+16	2.17e-03	2.91e-01	6.59e-01	4.84e-02	4.96e-06	0.00e+00	0.00e+00	0.00e+00
 2.37884e+16	2.58e-03	3.23e-01	6.33e-01	4.17e-02	3.86e-06	0.00e+00	0.00e+00	0.00e+00
 2.38331e+16	3.02e-03	3.55e-01	6.06e-01	3.59e-02	3.02e-06	0.00e+00	0.00e+00	0.00e+00
 2.38833e+16	3.61e-03	3.94e-01	5.73e-01	2.98e-02	2.24e-06	0.00e+00	0.00e+00	0.00e+00
 2.39376e+16	4.42e-03	4.42e-01	5.30e-01	2.38e-02	1.57e-06	0.00e+00	0.00e+00	0.00e+00
 2.39837e+16	5.29e-03	4.88e-01	4.88e-01	1.91e-02	1.12e-06	0.00e+00	0.00e+00	0.00e+00
 2.40202e+16	6.11e-03	5.27e-01	4.52e-01	1.57e-02	8.40e-07	0.00e+00	0.00e+00	0.00e+00
 2.40526e+16	6.98e-03	5.62e-01	4.18e-01	1.30e-02	0.00e+00	0.00e+00	0.00e+00	0.00e+00
 2.40899e+16	8.07e-03	6.04e-01	3.78e-01	1.02e-02	0.00e+00	0.00e+00	0.00e+00	0.00e+00
 2.41300e+16	9.51e-03	6.51e-01	3.32e-01	7.65e-03	0.00e+00	0.00e+00	0.00e+00	0.00e+00
 2.41638e+16	1.10e-02	6.92e-01	2.91e-01	5.77e-03	0.00e+00	0.00e+00	0.00e+00	0.00e+00
 2.41908e+16	1.23e-02	7.24e-01	2.59e-01	4.53e-03	0.00e+00	0.00e+00	0.00e+00	0.00e+00
 2.42151e+16	1.37e-02	7.52e-01	2.30e-01	3.57e-03	0.00e+00	0.00e+00	0.00e+00	0.00e+00
 2.42430e+16	1.54e-02	7.83e-01	1.99e-01	2.66e-03	0.00e+00	0.00e+00	0.00e+00	0.00e+00
 2.42736e+16	1.77e-02	8.14e-01	1.66e-01	1.87e-03	0.00e+00	0.00e+00	0.00e+00	0.00e+00
 2.43006e+16	2.00e-02	8.40e-01	1.38e-01	1.31e-03	0.00e+00	0.00e+00	0.00e+00	0.00e+00
 2.43227e+16	2.22e-02	8.60e-01	1.17e-01	9.58e-04	0.00e+00	0.00e+00	0.00e+00	0.00e+00
 2.43427e+16	2.44e-02	8.75e-01	1.00e-01	7.12e-04	0.00e+00	0.00e+00	0.00e+00	0.00e+00
 2.43654e+16	2.71e-02	8.90e-01	8.25e-02	4.95e-04	0.00e+00	0.00e+00	0.00e+00	0.00e+00
 2.43903e+16	3.06e-02	9.04e-01	6.53e-02	3.22e-04	0.00e+00	0.00e+00	0.00e+00	0.00e+00
 2.44120e+16	3.42e-02	9.13e-01	5.21e-02	2.13e-04	0.00e+00	0.00e+00	0.00e+00	0.00e+00
 2.44299e+16	3.75e-02	9.20e-01	4.28e-02	1.49e-04	0.00e+00	0.00e+00	0.00e+00	0.00e+00
 2.44488e+16	4.14e-02	9.24e-01	3.43e-02	9.94e-05	0.00e+00	0.00e+00	0.00e+00	0.00e+00
 2.44690e+16	4.59e-02	9.27e-01	2.67e-02	6.30e-05	0.00e+00	0.00e+00	0.00e+00	0.00e+00
 2.44860e+16	5.07e-02	9.28e-01	2.11e-02	4.16e-05	0.00e+00	0.00e+00	0.00e+00	0.00e+00
 2.45000e+16	5.48e-02	9.28e-01	1.74e-02	2.92e-05	0.00e+00	0.00e+00	0.00e+00	0.00e+00
 2.45140e+16	5.94e-02	9.26e-01	1.42e-02	2.02e-05	0.00e+00	0.00e+00	0.00e+00	0.00e+00
 2.45298e+16	6.50e-02	9.24e-01	1.11e-02	1.30e-05	0.00e+00	0.00e+00	0.00e+00	0.00e+00
 2.45453e+16	7.11e-02	9.20e-01	8.65e-03	8.32e-06	0.00e+00	0.00e+00	0.00e+00	0.00e+00
 2.45581e+16	7.67e-02	9.16e-01	6.97e-03	5.65e-06	0.00e+00	0.00e+00	0.00e+00	0.00e+00
 2.45688e+16	8.15e-02	9.13e-01	5.79e-03	4.05e-06	0.00e+00	0.00e+00	0.00e+00	0.00e+00
 2.45785e+16	8.67e-02	9.08e-01	4.86e-03	2.96e-06	0.00e+00	0.00e+00	0.00e+00	0.00e+00
 2.45878e+16	9.12e-02	9.05e-01	4.11e-03	2.19e-06	0.00e+00	0.00e+00	0.00e+00	0.00e+00
 2.45967e+16	9.64e-02	9.00e-01	3.47e-03	1.61e-06	0.00e+00	0.00e+00	0.00e+00	0.00e+00
 2.46036e+16	1.00e-01	8.97e-01	3.05e-03	1.28e-06	0.00e+00	0.00e+00	0.00e+00	0.00e+00
 2.46081e+16	1.03e-01	8.94e-01	2.80e-03	1.10e-06	0.00e+00	0.00e+00	0.00e+00	0.00e+00
 2.46123e+16	1.06e-01	8.92e-01	2.57e-03	9.44e-07	0.00e+00	0.00e+00	0.00e+00	0.00e+00
 2.46172e+16	1.09e-01	8.89e-01	2.33e-03	0.00e+00	0.00e+00	0.00e+00	0.00e+00	0.00e+00
 2.46225e+16	1.12e-01	8.86e-01	2.10e-03	0.00e+00	0.00e+00	0.00e+00	0.00e+00	0.00e+00
 2.46276e+16	1.16e-01	8.82e-01	1.89e-03	0.00e+00	0.00e+00	0.00e+00	0.00e+00	0.00e+00
 2.46324e+16	1.19e-01	8.79e-01	1.71e-03	0.00e+00	0.00e+00	0.00e+00	0.00e+00	0.00e+00
 2.46372e+16	1.23e-01	8.76e-01	1.55e-03	0.00e+00	0.00e+00	0.00e+00	0.00e+00	0.00e+00
 2.46419e+16	1.26e-01	8.72e-01	1.40e-03	0.00e+00	0.00e+00	0.00e+00	0.00e+00	0.00e+00
 2.46467e+16	1.30e-01	8.69e-01	1.27e-03	0.00e+00	0.00e+00	0.00e+00	0.00e+00	0.00e+00
 2.46513e+16	1.34e-01	8.65e-01	1.15e-03	0.00e+00	0.00e+00	0.00e+00	0.00e+00	0.00e+00
 2.46559e+16	1.37e-01	8.62e-01	1.04e-03	0.00e+00	0.00e+00	0.00e+00	0.00e+00	0.00e+00
 2.46605e+16	1.41e-01	8.58e-01	9.35e-04	0.00e+00	0.00e+00	0.00e+00	0.00e+00	0.00e+00
 2.46650e+16	1.46e-01	8.54e-01	8.46e-04	0.00e+00	0.00e+00	0.00e+00	0.00e+00	0.00e+00
 2.46694e+16	1.50e-01	8.50e-01	7.66e-04	0.00e+00	0.00e+00	0.00e+00	0.00e+00	0.00e+00
 2.46739e+16	1.54e-01	8.46e-01	6.91e-04	0.00e+00	0.00e+00	0.00e+00	0.00e+00	0.00e+00
 2.46783e+16	1.58e-01	8.41e-01	6.24e-04	0.00e+00	0.00e+00	0.00e+00	0.00e+00	0.00e+00
 2.46826e+16	1.63e-01	8.37e-01	5.64e-04	0.00e+00	0.00e+00	0.00e+00	0.00e+00	0.00e+00
 2.46869e+16	1.68e-01	8.32e-01	5.10e-04	0.00e+00	0.00e+00	0.00e+00	0.00e+00	0.00e+00
 2.46911e+16	1.73e-01	8.27e-01	4.59e-04	0.00e+00	0.00e+00	0.00e+00	0.00e+00	0.00e+00
 2.46954e+16	1.78e-01	8.22e-01	4.14e-04	0.00e+00	0.00e+00	0.00e+00	0.00e+00	0.00e+00
 2.46995e+16	1.83e-01	8.16e-01	3.74e-04	0.00e+00	0.00e+00	0.00e+00	0.00e+00	0.00e+00
 2.47036e+16	1.89e-01	8.11e-01	3.38e-04	0.00e+00	0.00e+00	0.00e+00	0.00e+00	0.00e+00
 2.47077e+16	1.94e-01	8.05e-01	3.05e-04	0.00e+00	0.00e+00	0.00e+00	0.00e+00	0.00e+00
 2.47118e+16	2.01e-01	7.99e-01	2.74e-04	0.00e+00	0.00e+00	0.00e+00	0.00e+00	0.00e+00
 2.47158e+16	2.07e-01	7.93e-01	2.47e-04	0.00e+00	0.00e+00	0.00e+00	0.00e+00	0.00e+00
 2.47198e+16	2.14e-01	7.86e-01	2.23e-04	0.00e+00	0.00e+00	0.00e+00	0.00e+00	0.00e+00
 2.47236e+16	2.21e-01	7.78e-01	2.01e-04	0.00e+00	0.00e+00	0.00e+00	0.00e+00	0.00e+00
 2.47275e+16	2.28e-01	7.71e-01	1.81e-04	0.00e+00	0.00e+00	0.00e+00	0.00e+00	0.00e+00
 2.47314e+16	2.36e-01	7.63e-01	1.63e-04	0.00e+00	0.00e+00	0.00e+00	0.00e+00	0.00e+00
 2.47352e+16	2.45e-01	7.55e-01	1.46e-04	0.00e+00	0.00e+00	0.00e+00	0.00e+00	0.00e+00
 2.47389e+16	2.54e-01	7.46e-01	1.32e-04	0.00e+00	0.00e+00	0.00e+00	0.00e+00	0.00e+00
 2.47425e+16	2.63e-01	7.37e-01	1.19e-04	0.00e+00	0.00e+00	0.00e+00	0.00e+00	0.00e+00
 2.47460e+16	2.73e-01	7.27e-01	1.07e-04	0.00e+00	0.00e+00	0.00e+00	0.00e+00	0.00e+00
 2.47495e+16	2.84e-01	7.16e-01	9.65e-05	0.00e+00	0.00e+00	0.00e+00	0.00e+00	0.00e+00
 2.47530e+16	2.95e-01	7.05e-01	8.70e-05	0.00e+00	0.00e+00	0.00e+00	0.00e+00	0.00e+00
 2.47564e+16	3.06e-01	6.94e-01	7.84e-05	0.00e+00	0.00e+00	0.00e+00	0.00e+00	0.00e+00
 2.47597e+16	3.19e-01	6.81e-01	7.05e-05	0.00e+00	0.00e+00	0.00e+00	0.00e+00	0.00e+00
 2.47631e+16	3.31e-01	6.69e-01	6.35e-05	0.00e+00	0.00e+00	0.00e+00	0.00e+00	0.00e+00
 2.47664e+16	3.45e-01	6.55e-01	5.70e-05	0.00e+00	0.00e+00	0.00e+00	0.00e+00	0.00e+00
 2.47697e+16	3.59e-01	6.41e-01	5.12e-05	0.00e+00	0.00e+00	0.00e+00	0.00e+00	0.00e+00
 2.47729e+16	3.74e-01	6.26e-01	4.59e-05	0.00e+00	0.00e+00	0.00e+00	0.00e+00	0.00e+00
 2.47761e+16	3.90e-01	6.10e-01	4.12e-05	0.00e+00	0.00e+00	0.00e+00	0.00e+00	0.00e+00
 2.47793e+16	4.10e-01	5.90e-01	3.66e-05	0.00e+00	0.00e+00	0.00e+00	0.00e+00	0.00e+00
 2.47824e+16	4.28e-01	5.72e-01	3.27e-05	0.00e+00	0.00e+00	0.00e+00	0.00e+00	0.00e+00
 2.47855e+16	4.47e-01	5.52e-01	2.92e-05	0.00e+00	0.00e+00	0.00e+00	0.00e+00	0.00e+00
 2.47886e+16	4.68e-01	5.32e-01	2.60e-05	0.00e+00	0.00e+00	0.00e+00	0.00e+00	0.00e+00
 2.47918e+16	4.89e-01	5.11e-01	2.30e-05	0.00e+00	0.00e+00	0.00e+00	0.00e+00	0.00e+00
 2.47949e+16	5.11e-01	4.89e-01	2.03e-05	0.00e+00	0.00e+00	0.00e+00	0.00e+00	0.00e+00
 2.47980e+16	5.34e-01	4.66e-01	1.79e-05	0.00e+00	0.00e+00	0.00e+00	0.00e+00	0.00e+00
 2.48010e+16	5.57e-01	4.43e-01	1.58e-05	0.00e+00	0.00e+00	0.00e+00	0.00e+00	0.00e+00
 2.48041e+16	5.82e-01	4.18e-01	1.38e-05	0.00e+00	0.00e+00	0.00e+00	0.00e+00	0.00e+00
 2.48072e+16	6.06e-01	3.94e-01	1.21e-05	0.00e+00	0.00e+00	0.00e+00	0.00e+00	0.00e+00
 2.48104e+16	6.31e-01	3.69e-01	1.05e-05	0.00e+00	0.00e+00	0.00e+00	0.00e+00	0.00e+00
 2.48131e+16	6.53e-01	3.47e-01	9.30e-06	0.00e+00	0.00e+00	0.00e+00	0.00e+00	0.00e+00
 2.48151e+16	6.68e-01	3.32e-01	8.49e-06	0.00e+00	0.00e+00	0.00e+00	0.00e+00	0.00e+00
 2.48169e+16	6.83e-01	3.17e-01	7.79e-06	0.00e+00	0.00e+00	0.00e+00	0.00e+00	0.00e+00
 2.48189e+16	6.98e-01	3.02e-01	7.11e-06	0.00e+00	0.00e+00	0.00e+00	0.00e+00	0.00e+00
 2.48209e+16	7.16e-01	2.84e-01	6.39e-06	0.00e+00	0.00e+00	0.00e+00	0.00e+00	0.00e+00
 2.48229e+16	7.28e-01	2.72e-01	5.86e-06	0.00e+00	0.00e+00	0.00e+00	0.00e+00	0.00e+00
