#depth	C	C+	C+2	C+3	C+4	C+5	C+6	C[1]	C[2]	C[3]	C+[1]	C+[2]	CO
 1.49634e+10	0.00e+00	0.00e+00	3.52e-27	9.84e-17	9.14e-06	1.00e-01	9.00e-01	0.00e+00	0.00e+00	0.00e+00	0.00e+00	0.00e+00	0.00e+00
 4.54887e+10	0.00e+00	5.70e-38	4.74e-27	1.22e-16	1.05e-05	1.07e-01	8.93e-01	0.00e+00	0.00e+00	0.00e+00	0.00e+00	0.00e+00	0.00e+00
 7.72350e+10	0.00e+00	0.00e+00	6.44e-27	1.54e-16	1.22e-05	1.15e-01	8.85e-01	0.00e+00	0.00e+00	0.00e+00	0.00e+00	0.00e+00	0.00e+00
 1.10251e+11	0.00e+00	1.23e-37	8.73e-27	1.93e-16	1.41e-05	1.24e-01	8.76e-01	0.00e+00	0.00e+00	0.00e+00	0.00e+00	0.00e+00	0.00e+00
 1.44588e+11	0.00e+00	0.00e+00	1.18e-26	2.42e-16	1.64e-05	1.32e-01	8.68e-01	0.00e+00	0.00e+00	0.00e+00	0.00e+00	0.00e+00	0.00e+00
 1.80298e+11	0.00e+00	2.64e-37	1.60e-26	3.02e-16	1.90e-05	1.42e-01	8.58e-01	0.00e+00	0.00e+00	0.00e+00	0.00e+00	0.00e+00	0.00e+00
 2.17437e+11	0.00e+00	0.00e+00	2.17e-26	3.78e-16	2.19e-05	1.52e-01	8.48e-01	0.00e+00	0.00e+00	0.00e+00	0.00e+00	0.00e+00	0.00e+00
 2.56061e+11	0.00e+00	5.66e-37	2.94e-26	4.73e-16	2.54e-05	1.62e-01	8.38e-01	0.00e+00	0.00e+00	0.00e+00	0.00e+00	0.00e+00	0.00e+00
 2.96231e+11	0.00e+00	0.00e+00	3.97e-26	5.91e-16	2.93e-05	1.73e-01	8.27e-01	0.00e+00	0.00e+00	0.00e+00	0.00e+00	0.00e+00	0.00e+00
 3.33766e+11	0.00e+00	1.16e-36	5.19e-26	7.20e-16	3.32e-05	1.83e-01	8.17e-01	0.00e+00	0.00e+00	0.00e+00	0.00e+00	0.00e+00	0.00e+00
 3.66920e+11	0.00e+00	0.00e+00	6.55e-26	8.55e-16	3.71e-05	1.93e-01	8.07e-01	0.00e+00	0.00e+00	0.00e+00	0.00e+00	0.00e+00	0.00e+00
 4.03943e+11	0.00e+00	2.14e-36	8.42e-26	1.03e-15	4.18e-05	2.03e-01	7.97e-01	0.00e+00	0.00e+00	0.00e+00	0.00e+00	0.00e+00	0.00e+00
 4.48330e+11	6.86e-48	3.07e-36	1.12e-25	1.27e-15	4.79e-05	2.16e-01	7.84e-01	0.00e+00	0.00e+00	0.00e+00	0.00e+00	0.00e+00	0.00e+00
 4.92820e+11	0.00e+00	0.00e+00	1.47e-25	1.55e-15	5.44e-05	2.28e-01	7.72e-01	0.00e+00	0.00e+00	0.00e+00	0.00e+00	0.00e+00	0.00e+00
 5.33704e+11	0.00e+00	5.93e-36	1.89e-25	1.86e-15	6.10e-05	2.40e-01	7.60e-01	0.00e+00	0.00e+00	0.00e+00	0.00e+00	0.00e+00	0.00e+00
 5.79369e+11	2.29e-47	8.30e-36	2.46e-25	2.26e-15	6.91e-05	2.53e-01	7.47e-01	0.00e+00	0.00e+00	0.00e+00	0.00e+00	0.00e+00	0.00e+00
 6.32246e+11	0.00e+00	0.00e+00	3.29e-25	2.80e-15	7.91e-05	2.68e-01	7.32e-01	0.00e+00	0.00e+00	0.00e+00	0.00e+00	0.00e+00	0.00e+00
 6.83914e+11	0.00e+00	1.70e-35	4.33e-25	3.41e-15	8.96e-05	2.83e-01	7.17e-01	0.00e+00	0.00e+00	0.00e+00	0.00e+00	0.00e+00	2.20e-217
 7.32882e+11	8.04e-47	2.34e-35	5.56e-25	4.10e-15	1.01e-04	2.97e-01	7.03e-01	0.00e+00	0.00e+00	0.00e+00	0.00e+00	0.00e+00	1.39e-284
 7.87356e+11	0.00e+00	0.00e+00	7.29e-25	4.99e-15	1.14e-04	3.12e-01	6.88e-01	0.00e+00	0.00e+00	0.00e+00	0.00e+00	0.00e+00	3.00e-187
 8.48777e+11	0.00e+00	4.76e-35	9.73e-25	6.16e-15	1.30e-04	3.29e-01	6.70e-01	0.00e+00	0.00e+00	0.00e+00	0.00e+00	0.00e+00	0.00e+00
 9.10465e+11	2.93e-46	6.79e-35	1.29e-24	7.54e-15	1.47e-04	3.47e-01	6.53e-01	0.00e+00	0.00e+00	0.00e+00	0.00e+00	0.00e+00	0.00e+00
 9.74620e+11	0.00e+00	9.70e-35	1.70e-24	9.24e-15	1.67e-04	3.64e-01	6.36e-01	0.00e+00	0.00e+00	0.00e+00	0.00e+00	0.00e+00	2.73e-167
 1.04353e+12	7.05e-46	1.40e-34	2.26e-24	1.14e-14	1.90e-04	3.83e-01	6.17e-01	0.00e+00	0.00e+00	0.00e+00	0.00e+00	0.00e+00	5.14e-211
 1.11520e+12	0.00e+00	2.01e-34	3.01e-24	1.40e-14	2.16e-04	4.02e-01	5.98e-01	0.00e+00	0.00e+00	0.00e+00	0.00e+00	0.00e+00	7.16e-255
 1.18973e+12	1.71e-45	2.90e-34	4.01e-24	1.72e-14	2.45e-04	4.21e-01	5.79e-01	0.00e+00	0.00e+00	0.00e+00	0.00e+00	0.00e+00	5.23e-144
 1.26725e+12	0.00e+00	4.17e-34	5.32e-24	2.10e-14	2.77e-04	4.40e-01	5.60e-01	0.00e+00	0.00e+00	0.00e+00	0.00e+00	0.00e+00	3.79e-188
 1.34787e+12	4.15e-45	5.99e-34	7.07e-24	2.58e-14	3.14e-04	4.60e-01	5.40e-01	0.00e+00	0.00e+00	0.00e+00	0.00e+00	0.00e+00	5.20e-143
 1.43171e+12	0.00e+00	8.60e-34	9.37e-24	3.16e-14	3.55e-04	4.80e-01	5.20e-01	0.00e+00	0.00e+00	0.00e+00	0.00e+00	0.00e+00	1.98e-187
 1.51890e+12	1.00e-44	1.23e-33	1.24e-23	3.86e-14	4.01e-04	4.99e-01	5.00e-01	0.00e+00	0.00e+00	0.00e+00	0.00e+00	0.00e+00	5.16e-142
 1.60959e+12	0.00e+00	1.77e-33	1.64e-23	4.71e-14	4.52e-04	5.19e-01	4.80e-01	0.00e+00	0.00e+00	0.00e+00	0.00e+00	0.00e+00	1.03e-186
 1.70390e+12	2.41e-44	2.53e-33	2.17e-23	5.75e-14	5.09e-04	5.39e-01	4.60e-01	0.00e+00	0.00e+00	0.00e+00	0.00e+00	0.00e+00	5.13e-141
 1.80198e+12	0.00e+00	3.62e-33	2.87e-23	7.02e-14	5.73e-04	5.59e-01	4.40e-01	0.00e+00	0.00e+00	0.00e+00	0.00e+00	0.00e+00	5.37e-186
 1.90399e+12	5.79e-44	5.18e-33	3.79e-23	8.55e-14	6.45e-04	5.79e-01	4.21e-01	0.00e+00	0.00e+00	0.00e+00	0.00e+00	0.00e+00	5.10e-140
 2.00309e+12	0.00e+00	7.22e-33	4.90e-23	1.03e-13	7.18e-04	5.97e-01	4.03e-01	0.00e+00	0.00e+00	0.00e+00	0.00e+00	0.00e+00	2.79e-185
 2.09456e+12	1.25e-43	9.72e-33	6.17e-23	1.21e-13	7.91e-04	6.13e-01	3.87e-01	0.00e+00	0.00e+00	0.00e+00	0.00e+00	0.00e+00	3.89e-139
 2.19661e+12	0.00e+00	1.34e-32	7.93e-23	1.44e-13	8.79e-04	6.29e-01	3.70e-01	0.00e+00	0.00e+00	0.00e+00	0.00e+00	0.00e+00	1.19e-184
 2.31435e+12	2.88e-43	1.91e-32	1.04e-22	1.75e-13	9.84e-04	6.48e-01	3.51e-01	0.00e+00	0.00e+00	0.00e+00	0.00e+00	0.00e+00	3.46e-138
 2.43034e+12	0.00e+00	2.68e-32	1.35e-22	2.10e-13	1.09e-03	6.65e-01	3.34e-01	0.00e+00	0.00e+00	0.00e+00	0.00e+00	0.00e+00	5.47e-184
 2.55098e+12	6.58e-43	3.76e-32	1.76e-22	2.53e-13	1.22e-03	6.82e-01	3.17e-01	0.00e+00	0.00e+00	0.00e+00	0.00e+00	0.00e+00	3.08e-137
 2.68294e+12	0.00e+00	5.35e-32	2.31e-22	3.06e-13	1.36e-03	6.99e-01	3.00e-01	0.00e+00	0.00e+00	0.00e+00	0.00e+00	0.00e+00	2.47e-183
 2.81688e+12	1.56e-42	7.56e-32	3.02e-22	3.70e-13	1.52e-03	7.15e-01	2.83e-01	0.00e+00	0.00e+00	0.00e+00	0.00e+00	0.00e+00	3.00e-136
 2.95617e+12	0.00e+00	1.07e-31	3.95e-22	4.46e-13	1.69e-03	7.31e-01	2.67e-01	0.00e+00	0.00e+00	0.00e+00	0.00e+00	0.00e+00	1.16e-182
 3.10434e+12	3.69e-42	1.53e-31	5.18e-22	5.40e-13	1.89e-03	7.46e-01	2.52e-01	0.00e+00	0.00e+00	0.00e+00	0.00e+00	0.00e+00	2.94e-135
 3.25844e+12	0.00e+00	2.17e-31	6.81e-22	6.53e-13	2.11e-03	7.61e-01	2.37e-01	0.00e+00	0.00e+00	0.00e+00	0.00e+00	0.00e+00	5.15e-182
 3.41870e+12	8.83e-42	3.10e-31	8.95e-22	7.90e-13	2.35e-03	7.75e-01	2.22e-01	0.00e+00	0.00e+00	0.00e+00	0.00e+00	0.00e+00	2.98e-134
 3.58538e+12	0.00e+00	4.42e-31	1.18e-21	9.56e-13	2.62e-03	7.89e-01	2.08e-01	0.00e+00	0.00e+00	0.00e+00	0.00e+00	0.00e+00	2.09e-181
 3.75872e+12	2.12e-41	6.31e-31	1.55e-21	1.16e-12	2.91e-03	8.02e-01	1.95e-01	0.00e+00	0.00e+00	0.00e+00	0.00e+00	0.00e+00	3.04e-133
 3.93900e+12	0.00e+00	9.00e-31	2.03e-21	1.40e-12	3.24e-03	8.14e-01	1.82e-01	0.00e+00	0.00e+00	0.00e+00	0.00e+00	0.00e+00	6.31e-181
 4.12648e+12	5.09e-41	1.28e-30	2.67e-21	1.69e-12	3.61e-03	8.26e-01	1.70e-01	0.00e+00	0.00e+00	0.00e+00	0.00e+00	0.00e+00	3.12e-132
 4.30320e+12	0.00e+00	1.77e-30	3.42e-21	2.00e-12	3.97e-03	8.36e-01	1.60e-01	0.00e+00	0.00e+00	0.00e+00	0.00e+00	0.00e+00	0.00e+00
 4.46194e+12	1.07e-40	2.35e-30	4.25e-21	2.33e-12	4.32e-03	8.45e-01	1.51e-01	0.00e+00	0.00e+00	0.00e+00	0.00e+00	0.00e+00	2.26e-131
 4.64043e+12	0.00e+00	3.20e-30	5.38e-21	2.74e-12	4.73e-03	8.53e-01	1.42e-01	0.00e+00	0.00e+00	0.00e+00	0.00e+00	0.00e+00	0.00e+00
 4.85110e+12	2.42e-40	4.53e-30	7.04e-21	3.30e-12	5.25e-03	8.62e-01	1.32e-01	0.00e+00	0.00e+00	0.00e+00	0.00e+00	0.00e+00	1.95e-130
 5.06242e+12	0.00e+00	6.36e-30	9.12e-21	3.95e-12	5.79e-03	8.71e-01	1.23e-01	0.00e+00	0.00e+00	0.00e+00	0.00e+00	0.00e+00	0.00e+00
 5.26174e+12	5.38e-40	8.65e-30	1.15e-20	4.64e-12	6.34e-03	8.78e-01	1.16e-01	0.00e+00	0.00e+00	0.00e+00	0.00e+00	0.00e+00	1.62e-129
 5.48167e+12	0.00e+00	1.20e-29	1.49e-20	5.53e-12	6.98e-03	8.85e-01	1.08e-01	0.00e+00	0.00e+00	0.00e+00	0.00e+00	0.00e+00	0.00e+00
 5.73087e+12	1.26e-39	1.73e-29	1.96e-20	6.69e-12	7.75e-03	8.92e-01	9.99e-02	0.00e+00	0.00e+00	0.00e+00	0.00e+00	0.00e+00	1.56e-128
 5.98088e+12	0.00e+00	2.45e-29	2.56e-20	8.03e-12	8.57e-03	8.99e-01	9.27e-02	0.00e+00	0.00e+00	0.00e+00	0.00e+00	0.00e+00	0.00e+00
 6.24090e+12	3.00e-39	3.47e-29	3.35e-20	9.65e-12	9.48e-03	9.05e-01	8.59e-02	0.00e+00	0.00e+00	0.00e+00	0.00e+00	0.00e+00	1.54e-127
 6.52046e+12	0.00e+00	4.99e-29	4.42e-20	1.17e-11	1.05e-02	9.10e-01	7.92e-02	0.00e+00	0.00e+00	0.00e+00	0.00e+00	0.00e+00	0.00e+00
 6.78297e+12	7.06e-39	6.92e-29	5.68e-20	1.39e-11	1.15e-02	9.15e-01	7.37e-02	0.00e+00	0.00e+00	0.00e+00	0.00e+00	0.00e+00	1.49e-126
 7.01786e+12	0.00e+00	9.21e-29	7.07e-20	1.61e-11	1.25e-02	9.18e-01	6.91e-02	0.00e+00	0.00e+00	0.00e+00	0.00e+00	0.00e+00	0.00e+00
 7.28213e+12	1.48e-38	1.26e-28	8.99e-20	1.89e-11	1.37e-02	9.22e-01	6.44e-02	0.00e+00	0.00e+00	0.00e+00	0.00e+00	0.00e+00	1.06e-125
 7.59509e+12	0.00e+00	1.80e-28	1.18e-19	2.28e-11	1.51e-02	9.26e-01	5.93e-02	0.00e+00	0.00e+00	0.00e+00	0.00e+00	0.00e+00	0.00e+00
 7.90906e+12	3.54e-38	2.54e-28	1.54e-19	2.73e-11	1.66e-02	9.29e-01	5.48e-02	0.00e+00	0.00e+00	0.00e+00	0.00e+00	0.00e+00	1.06e-124
 8.20347e+12	0.00e+00	3.47e-28	1.95e-19	3.21e-11	1.81e-02	9.31e-01	5.09e-02	0.00e+00	0.00e+00	0.00e+00	0.00e+00	0.00e+00	0.00e+00
 8.52943e+12	7.93e-38	4.86e-28	2.53e-19	3.83e-11	1.99e-02	9.33e-01	4.70e-02	0.00e+00	0.00e+00	0.00e+00	0.00e+00	0.00e+00	8.88e-124
 8.90053e+12	0.00e+00	7.03e-28	3.35e-19	4.64e-11	2.20e-02	9.35e-01	4.31e-02	0.00e+00	0.00e+00	0.00e+00	0.00e+00	0.00e+00	0.00e+00
 9.26598e+12	1.94e-37	9.99e-28	4.39e-19	5.56e-11	2.43e-02	9.36e-01	3.96e-02	0.00e+00	0.00e+00	0.00e+00	0.00e+00	0.00e+00	9.39e-123
 9.64604e+12	0.00e+00	1.42e-27	5.75e-19	6.68e-11	2.67e-02	9.37e-01	3.64e-02	0.00e+00	0.00e+00	0.00e+00	0.00e+00	0.00e+00	0.00e+00
 1.00618e+13	4.76e-37	2.06e-27	7.64e-19	8.10e-11	2.96e-02	9.37e-01	3.32e-02	0.00e+00	0.00e+00	0.00e+00	0.00e+00	0.00e+00	1.00e-121
 1.04798e+13	0.00e+00	2.96e-27	1.01e-18	9.76e-11	3.26e-02	9.37e-01	3.04e-02	0.00e+00	0.00e+00	0.00e+00	0.00e+00	0.00e+00	0.00e+00
 1.09145e+13	1.17e-36	4.24e-27	1.33e-18	1.18e-10	3.59e-02	9.36e-01	2.78e-02	0.00e+00	0.00e+00	0.00e+00	0.00e+00	0.00e+00	1.06e-120
 1.13810e+13	0.00e+00	6.17e-27	1.77e-18	1.43e-10	3.97e-02	9.35e-01	2.53e-02	0.00e+00	0.00e+00	0.00e+00	0.00e+00	0.00e+00	0.00e+00
 1.18441e+13	2.90e-36	8.83e-27	2.33e-18	1.72e-10	4.37e-02	9.33e-01	2.31e-02	0.00e+00	0.00e+00	0.00e+00	0.00e+00	0.00e+00	1.16e-119
 1.23257e+13	0.00e+00	1.26e-26	3.07e-18	2.07e-10	4.80e-02	9.31e-01	2.10e-02	0.00e+00	0.00e+00	0.00e+00	0.00e+00	0.00e+00	0.00e+00
 1.28486e+13	7.23e-36	1.84e-26	4.10e-18	2.51e-10	5.30e-02	9.28e-01	1.91e-02	0.00e+00	0.00e+00	0.00e+00	0.00e+00	0.00e+00	1.27e-118
 1.33925e+13	0.00e+00	2.68e-26	5.47e-18	3.05e-10	5.85e-02	9.24e-01	1.73e-02	0.00e+00	0.00e+00	0.00e+00	0.00e+00	0.00e+00	0.00e+00
 1.39581e+13	1.84e-35	3.90e-26	7.31e-18	3.71e-10	6.45e-02	9.20e-01	1.56e-02	0.00e+00	0.00e+00	0.00e+00	0.00e+00	0.00e+00	1.46e-117
 1.45464e+13	0.00e+00	5.68e-26	9.76e-18	4.50e-10	7.11e-02	9.15e-01	1.41e-02	0.00e+00	0.00e+00	0.00e+00	0.00e+00	0.00e+00	0.00e+00
 1.50772e+13	4.39e-35	7.88e-26	1.26e-17	5.33e-10	7.73e-02	9.10e-01	1.29e-02	0.00e+00	0.00e+00	0.00e+00	0.00e+00	0.00e+00	1.43e-116
 1.55176e+13	0.00e+00	1.02e-25	1.54e-17	6.10e-10	8.27e-02	9.05e-01	1.20e-02	0.00e+00	0.00e+00	0.00e+00	0.00e+00	0.00e+00	1.03e-99
 1.59992e+13	8.59e-35	1.35e-25	1.91e-17	7.05e-10	8.88e-02	9.00e-01	1.11e-02	0.00e+00	0.00e+00	0.00e+00	0.00e+00	0.00e+00	0.00e+00
 1.66118e+13	1.31e-34	1.90e-25	2.48e-17	8.42e-10	9.69e-02	8.93e-01	1.01e-02	0.00e+00	0.00e+00	0.00e+00	0.00e+00	0.00e+00	2.52e-115
 1.72521e+13	2.01e-34	2.69e-25	3.24e-17	1.01e-09	1.06e-01	8.85e-01	9.10e-03	0.00e+00	0.00e+00	0.00e+00	0.00e+00	0.00e+00	3.52e-97
 1.78169e+13	2.89e-34	3.60e-25	4.07e-17	1.17e-09	1.14e-01	8.78e-01	8.35e-03	0.00e+00	0.00e+00	0.00e+00	0.00e+00	0.00e+00	0.00e+00
 1.83397e+13	3.99e-34	4.67e-25	4.98e-17	1.34e-09	1.21e-01	8.71e-01	7.72e-03	0.00e+00	0.00e+00	0.00e+00	0.00e+00	0.00e+00	4.65e-114
 1.89328e+13	5.69e-34	6.22e-25	6.22e-17	1.56e-09	1.30e-01	8.63e-01	7.08e-03	0.00e+00	0.00e+00	0.00e+00	0.00e+00	0.00e+00	3.42e-96
 1.96684e+13	8.68e-34	8.76e-25	8.12e-17	1.86e-09	1.42e-01	8.52e-01	6.38e-03	0.00e+00	0.00e+00	0.00e+00	0.00e+00	0.00e+00	0.00e+00
 2.04030e+13	1.30e-33	1.22e-24	1.05e-16	2.21e-09	1.54e-01	8.41e-01	5.75e-03	0.00e+00	0.00e+00	0.00e+00	0.00e+00	0.00e+00	1.04e-112
 2.10326e+13	1.82e-33	1.59e-24	1.29e-16	2.54e-09	1.64e-01	8.31e-01	5.28e-03	0.00e+00	0.00e+00	0.00e+00	0.00e+00	0.00e+00	4.30e-95
 2.17118e+13	2.56e-33	2.10e-24	1.61e-16	2.93e-09	1.75e-01	8.20e-01	4.82e-03	0.00e+00	0.00e+00	0.00e+00	0.00e+00	0.00e+00	6.28e-112
 2.25525e+13	3.87e-33	2.93e-24	2.08e-16	3.49e-09	1.90e-01	8.06e-01	4.32e-03	0.00e+00	0.00e+00	0.00e+00	0.00e+00	0.00e+00	2.24e-94
 2.34167e+13	5.78e-33	4.07e-24	2.69e-16	4.13e-09	2.05e-01	7.91e-01	3.87e-03	0.00e+00	0.00e+00	0.00e+00	0.00e+00	0.00e+00	5.46e-111
 2.41979e+13	8.19e-33	5.39e-24	3.35e-16	4.78e-09	2.19e-01	7.78e-01	3.51e-03	0.00e+00	0.00e+00	0.00e+00	0.00e+00	0.00e+00	1.15e-93
 2.50578e+13	1.18e-32	7.26e-24	4.22e-16	5.57e-09	2.34e-01	7.63e-01	3.16e-03	0.00e+00	0.00e+00	0.00e+00	0.00e+00	0.00e+00	3.69e-110
 2.60697e+13	1.78e-32	1.01e-23	5.48e-16	6.62e-09	2.52e-01	7.45e-01	2.81e-03	0.00e+00	0.00e+00	0.00e+00	0.00e+00	0.00e+00	6.36e-93
 2.70807e+13	2.64e-32	1.39e-23	7.02e-16	7.80e-09	2.71e-01	7.27e-01	2.50e-03	0.00e+00	0.00e+00	0.00e+00	0.00e+00	0.00e+00	3.22e-109
 2.80417e+13	3.76e-32	1.85e-23	8.79e-16	9.04e-09	2.88e-01	7.10e-01	2.24e-03	0.00e+00	0.00e+00	0.00e+00	0.00e+00	0.00e+00	3.29e-92
 2.91029e+13	5.45e-32	2.51e-23	1.11e-15	1.06e-08	3.07e-01	6.91e-01	1.99e-03	0.00e+00	0.00e+00	0.00e+00	0.00e+00	0.00e+00	2.34e-108
 3.02969e+13	8.13e-32	3.47e-23	1.43e-15	1.25e-08	3.29e-01	6.69e-01	1.75e-03	0.00e+00	0.00e+00	0.00e+00	0.00e+00	0.00e+00	1.82e-91
 3.14913e+13	1.19e-31	4.71e-23	1.82e-15	1.46e-08	3.50e-01	6.48e-01	1.55e-03	0.00e+00	0.00e+00	0.00e+00	0.00e+00	0.00e+00	2.00e-107
 3.25493e+13	1.64e-31	6.11e-23	2.23e-15	1.66e-08	3.69e-01	6.30e-01	1.39e-03	0.00e+00	0.00e+00	0.00e+00	0.00e+00	0.00e+00	8.69e-91
 3.34374e+13	2.12e-31	7.53e-23	2.62e-15	1.85e-08	3.84e-01	6.15e-01	1.27e-03	0.00e+00	0.00e+00	0.00e+00	0.00e+00	0.00e+00	1.00e-106
 3.43932e+13	2.77e-31	9.35e-23	3.11e-15	2.06e-08	4.00e-01	5.98e-01	1.16e-03	0.00e+00	0.00e+00	0.00e+00	0.00e+00	0.00e+00	2.85e-90
 3.56358e+13	3.87e-31	1.23e-22	3.83e-15	2.36e-08	4.21e-01	5.78e-01	1.03e-03	0.00e+00	0.00e+00	0.00e+00	0.00e+00	0.00e+00	5.45e-106
 3.69357e+13	5.41e-31	1.61e-22	4.73e-15	2.70e-08	4.42e-01	5.57e-01	9.10e-04	0.00e+00	0.00e+00	0.00e+00	0.00e+00	0.00e+00	1.29e-89
 3.80443e+13	7.11e-31	2.00e-22	5.62e-15	3.01e-08	4.60e-01	5.39e-01	8.22e-04	0.00e+00	0.00e+00	0.00e+00	0.00e+00	0.00e+00	3.06e-105
 3.92198e+13	9.38e-31	2.51e-22	6.68e-15	3.36e-08	4.78e-01	5.21e-01	7.40e-04	0.00e+00	0.00e+00	0.00e+00	0.00e+00	0.00e+00	4.56e-89
 4.06969e+13	1.31e-30	3.28e-22	8.24e-15	3.84e-08	5.00e-01	4.99e-01	6.49e-04	0.00e+00	0.00e+00	0.00e+00	0.00e+00	0.00e+00	1.78e-104
 4.22177e+13	1.82e-30	4.28e-22	1.01e-14	4.38e-08	5.22e-01	4.77e-01	5.70e-04	0.00e+00	0.00e+00	0.00e+00	0.00e+00	0.00e+00	2.10e-88
 4.35594e+13	2.40e-30	5.35e-22	1.20e-14	4.88e-08	5.41e-01	4.59e-01	5.09e-04	0.00e+00	0.00e+00	0.00e+00	0.00e+00	0.00e+00	1.03e-103
 4.50164e+13	3.21e-30	6.75e-22	1.44e-14	5.45e-08	5.60e-01	4.40e-01	4.52e-04	0.00e+00	0.00e+00	0.00e+00	0.00e+00	0.00e+00	7.87e-88
 4.66236e+13	4.35e-30	8.63e-22	1.74e-14	6.14e-08	5.80e-01	4.20e-01	3.97e-04	0.00e+00	0.00e+00	0.00e+00	0.00e+00	0.00e+00	5.94e-103
 4.81031e+13	5.70e-30	1.07e-21	2.05e-14	6.81e-08	5.98e-01	4.02e-01	3.54e-04	0.00e+00	0.00e+00	0.00e+00	0.00e+00	0.00e+00	3.03e-87
 4.97038e+13	7.53e-30	1.34e-21	2.44e-14	7.57e-08	6.16e-01	3.84e-01	3.13e-04	0.00e+00	0.00e+00	0.00e+00	0.00e+00	0.00e+00	3.04e-102
 5.14900e+13	1.02e-29	1.71e-21	2.93e-14	8.48e-08	6.35e-01	3.64e-01	2.74e-04	0.00e+00	0.00e+00	0.00e+00	0.00e+00	0.00e+00	1.20e-86
 5.31652e+13	1.33e-29	2.12e-21	3.45e-14	9.38e-08	6.52e-01	3.47e-01	2.43e-04	0.00e+00	0.00e+00	0.00e+00	0.00e+00	0.00e+00	1.68e-101
 5.49906e+13	1.76e-29	2.65e-21	4.10e-14	1.04e-07	6.70e-01	3.30e-01	2.14e-04	0.00e+00	0.00e+00	0.00e+00	0.00e+00	0.00e+00	4.49e-86
 5.70190e+13	2.37e-29	3.37e-21	4.92e-14	1.16e-07	6.88e-01	3.12e-01	1.86e-04	0.00e+00	0.00e+00	0.00e+00	0.00e+00	0.00e+00	9.79e-101
 5.89119e+13	3.10e-29	4.17e-21	5.78e-14	1.28e-07	7.04e-01	2.96e-01	1.64e-04	0.00e+00	0.00e+00	0.00e+00	0.00e+00	0.00e+00	1.78e-85
 6.09735e+13	4.11e-29	5.21e-21	6.85e-14	1.42e-07	7.20e-01	2.80e-01	1.43e-04	0.00e+00	0.00e+00	0.00e+00	0.00e+00	0.00e+00	5.29e-100
 6.32794e+13	5.54e-29	6.62e-21	8.20e-14	1.58e-07	7.37e-01	2.63e-01	1.24e-04	0.00e+00	0.00e+00	0.00e+00	0.00e+00	0.00e+00	7.38e-85
 6.54553e+13	7.28e-29	8.21e-21	9.65e-14	1.74e-07	7.52e-01	2.48e-01	1.08e-04	0.00e+00	0.00e+00	0.00e+00	0.00e+00	0.00e+00	3.12e-99
 6.78354e+13	9.68e-29	1.03e-20	1.14e-13	1.92e-07	7.66e-01	2.34e-01	9.39e-05	0.00e+00	0.00e+00	0.00e+00	0.00e+00	0.00e+00	2.95e-84
 7.05012e+13	1.31e-28	1.31e-20	1.37e-13	2.14e-07	7.82e-01	2.18e-01	8.05e-05	0.00e+00	0.00e+00	0.00e+00	0.00e+00	0.00e+00	1.99e-98
 7.30302e+13	1.74e-28	1.64e-20	1.62e-13	2.36e-07	7.95e-01	2.05e-01	6.99e-05	0.00e+00	0.00e+00	0.00e+00	0.00e+00	0.00e+00	1.28e-83
 7.57378e+13	2.31e-28	2.05e-20	1.91e-13	2.60e-07	8.08e-01	1.92e-01	6.04e-05	0.00e+00	0.00e+00	0.00e+00	0.00e+00	0.00e+00	1.19e-97
 7.87972e+13	3.15e-28	2.62e-20	2.29e-13	2.88e-07	8.21e-01	1.79e-01	5.15e-05	0.00e+00	0.00e+00	0.00e+00	0.00e+00	0.00e+00	5.79e-83
 8.18315e+13	4.23e-28	3.31e-20	2.72e-13	3.18e-07	8.33e-01	1.67e-01	4.42e-05	0.00e+00	0.00e+00	0.00e+00	0.00e+00	0.00e+00	8.20e-97
 8.49872e+13	5.67e-28	4.17e-20	3.22e-13	3.51e-07	8.44e-01	1.56e-01	3.79e-05	0.00e+00	0.00e+00	0.00e+00	0.00e+00	0.00e+00	2.63e-82
 8.84166e+13	7.71e-28	5.30e-20	3.85e-13	3.87e-07	8.55e-01	1.45e-01	3.23e-05	0.00e+00	0.00e+00	0.00e+00	0.00e+00	0.00e+00	5.66e-96
 9.19832e+13	1.05e-27	6.74e-20	4.58e-13	4.27e-07	8.66e-01	1.34e-01	2.76e-05	0.00e+00	0.00e+00	0.00e+00	0.00e+00	0.00e+00	1.30e-81
 9.53628e+13	1.39e-27	8.38e-20	5.37e-13	4.67e-07	8.75e-01	1.25e-01	2.38e-05	0.00e+00	0.00e+00	0.00e+00	0.00e+00	0.00e+00	3.76e-95
 9.84042e+13	1.77e-27	1.01e-19	6.15e-13	5.04e-07	8.82e-01	1.18e-01	2.09e-05	0.00e+00	0.00e+00	0.00e+00	0.00e+00	0.00e+00	5.05e-81
 1.01254e+14	2.20e-27	1.20e-19	6.97e-13	5.40e-07	8.88e-01	1.12e-01	1.86e-05	0.00e+00	0.00e+00	0.00e+00	0.00e+00	0.00e+00	1.68e-94
 1.04405e+14	2.79e-27	1.44e-19	7.95e-13	5.81e-07	8.95e-01	1.05e-01	1.64e-05	0.00e+00	0.00e+00	0.00e+00	0.00e+00	0.00e+00	1.68e-80
 1.07944e+14	3.61e-27	1.77e-19	9.17e-13	6.29e-07	9.01e-01	9.89e-02	1.44e-05	0.00e+00	0.00e+00	0.00e+00	0.00e+00	0.00e+00	8.39e-94
 1.11317e+14	4.57e-27	2.12e-19	1.05e-12	6.76e-07	9.07e-01	9.31e-02	1.27e-05	0.00e+00	0.00e+00	0.00e+00	0.00e+00	0.00e+00	6.23e-80
 1.15031e+14	5.89e-27	2.58e-19	1.20e-12	7.29e-07	9.13e-01	8.74e-02	1.11e-05	0.00e+00	0.00e+00	0.00e+00	0.00e+00	0.00e+00	4.15e-93
 1.19173e+14	7.73e-27	3.19e-19	1.40e-12	7.91e-07	9.18e-01	8.16e-02	9.61e-06	0.00e+00	0.00e+00	0.00e+00	0.00e+00	0.00e+00	2.53e-79
 1.22994e+14	9.88e-27	3.85e-19	1.60e-12	8.50e-07	9.23e-01	7.67e-02	8.45e-06	0.00e+00	0.00e+00	0.00e+00	0.00e+00	0.00e+00	2.24e-92
 1.26539e+14	1.23e-26	4.56e-19	1.80e-12	9.07e-07	9.27e-01	7.26e-02	7.53e-06	0.00e+00	0.00e+00	0.00e+00	0.00e+00	0.00e+00	8.74e-79
 1.30603e+14	1.57e-26	5.51e-19	2.05e-12	9.73e-07	9.32e-01	6.83e-02	6.63e-06	0.00e+00	0.00e+00	0.00e+00	0.00e+00	0.00e+00	1.02e-91
 1.35573e+14	2.10e-26	6.89e-19	2.40e-12	1.06e-06	9.37e-01	6.35e-02	5.71e-06	0.00e+00	0.00e+00	0.00e+00	0.00e+00	0.00e+00	3.72e-78
 1.40527e+14	2.77e-26	8.51e-19	2.79e-12	1.15e-06	9.41e-01	5.91e-02	4.93e-06	0.00e+00	0.00e+00	0.00e+00	0.00e+00	0.00e+00	6.53e-91
 1.44833e+14	3.51e-26	1.02e-18	3.16e-12	1.22e-06	9.44e-01	5.58e-02	4.37e-06	0.00e+00	0.00e+00	0.00e+00	0.00e+00	0.00e+00	1.48e-77
 1.49491e+14	4.49e-26	1.23e-18	3.60e-12	1.31e-06	9.48e-01	5.24e-02	3.85e-06	0.00e+00	0.00e+00	0.00e+00	0.00e+00	0.00e+00	3.16e-90
 1.55182e+14	6.03e-26	1.54e-18	4.19e-12	1.42e-06	9.51e-01	4.88e-02	3.32e-06	0.00e+00	0.00e+00	0.00e+00	0.00e+00	0.00e+00	6.45e-77
 1.60988e+14	8.01e-26	1.91e-18	4.88e-12	1.54e-06	9.55e-01	4.53e-02	2.86e-06	0.00e+00	0.00e+00	0.00e+00	0.00e+00	0.00e+00	2.09e-89
 1.66238e+14	1.03e-25	2.32e-18	5.56e-12	1.64e-06	9.57e-01	4.26e-02	2.52e-06	0.00e+00	0.00e+00	0.00e+00	0.00e+00	0.00e+00	2.77e-76
 1.71993e+14	1.35e-25	2.85e-18	6.38e-12	1.76e-06	9.60e-01	3.99e-02	2.20e-06	0.00e+00	0.00e+00	0.00e+00	0.00e+00	0.00e+00	5.77e-76
 1.78766e+14	1.83e-25	3.59e-18	7.47e-12	1.91e-06	9.63e-01	3.70e-02	1.89e-06	0.00e+00	0.00e+00	0.00e+00	0.00e+00	0.00e+00	1.33e-75
 1.85523e+14	2.45e-25	4.47e-18	8.68e-12	2.07e-06	9.66e-01	3.44e-02	1.63e-06	0.00e+00	0.00e+00	0.00e+00	0.00e+00	0.00e+00	2.94e-75
 1.91894e+14	3.21e-25	5.47e-18	9.95e-12	2.22e-06	9.68e-01	3.22e-02	1.43e-06	0.00e+00	0.00e+00	0.00e+00	0.00e+00	0.00e+00	6.13e-75
 1.98944e+14	4.28e-25	6.81e-18	1.15e-11	2.39e-06	9.70e-01	3.01e-02	1.24e-06	0.00e+00	0.00e+00	0.00e+00	0.00e+00	0.00e+00	1.35e-74
 2.06932e+14	5.82e-25	8.59e-18	1.35e-11	2.59e-06	9.72e-01	2.78e-02	1.06e-06	0.00e+00	0.00e+00	0.00e+00	0.00e+00	0.00e+00	3.14e-74
 2.14933e+14	7.90e-25	1.08e-17	1.57e-11	2.79e-06	9.74e-01	2.59e-02	9.13e-07	0.00e+00	0.00e+00	0.00e+00	0.00e+00	0.00e+00	7.30e-74
 2.23254e+14	1.06e-24	1.35e-17	1.83e-11	3.02e-06	9.76e-01	2.40e-02	0.00e+00	0.00e+00	0.00e+00	0.00e+00	0.00e+00	0.00e+00	1.64e-73
 2.32214e+14	1.46e-24	1.71e-17	2.14e-11	3.27e-06	9.78e-01	2.23e-02	0.00e+00	0.00e+00	0.00e+00	0.00e+00	0.00e+00	0.00e+00	3.91e-73
 2.41533e+14	2.00e-24	2.17e-17	2.51e-11	3.54e-06	9.79e-01	2.06e-02	0.00e+00	0.00e+00	0.00e+00	0.00e+00	0.00e+00	0.00e+00	9.32e-73
 2.50520e+14	2.67e-24	2.70e-17	2.90e-11	3.81e-06	9.81e-01	1.92e-02	0.00e+00	0.00e+00	0.00e+00	0.00e+00	0.00e+00	0.00e+00	2.07e-72
 2.58935e+14	3.45e-24	3.28e-17	3.31e-11	4.07e-06	9.82e-01	1.80e-02	0.00e+00	0.00e+00	0.00e+00	0.00e+00	0.00e+00	0.00e+00	4.20e-72
 2.66862e+14	4.40e-24	3.93e-17	3.74e-11	4.33e-06	9.83e-01	1.70e-02	0.00e+00	0.00e+00	0.00e+00	0.00e+00	0.00e+00	0.00e+00	8.16e-72
 2.75481e+14	5.67e-24	4.76e-17	4.24e-11	4.61e-06	9.84e-01	1.59e-02	0.00e+00	0.00e+00	0.00e+00	0.00e+00	1.54e-17	3.23e-17	1.65e-71
 2.85103e+14	7.44e-24	5.84e-17	4.87e-11	4.94e-06	9.85e-01	1.49e-02	0.00e+00	0.00e+00	0.00e+00	0.00e+00	1.94e-17	3.90e-17	3.48e-71
 2.94190e+14	9.51e-24	7.03e-17	5.52e-11	5.26e-06	9.86e-01	1.40e-02	0.00e+00	0.00e+00	0.00e+00	0.00e+00	2.33e-17	4.70e-17	6.83e-71
 3.04165e+14	1.24e-23	8.57e-17	6.30e-11	5.62e-06	9.87e-01	1.31e-02	0.00e+00	0.00e+00	0.00e+00	0.00e+00	2.85e-17	5.73e-17	1.42e-70
 3.15366e+14	1.65e-23	1.07e-16	7.28e-11	6.05e-06	9.88e-01	1.22e-02	0.00e+00	0.00e+00	0.00e+00	0.00e+00	3.54e-17	7.12e-17	3.14e-70
 3.26034e+14	2.15e-23	1.30e-16	8.32e-11	6.46e-06	9.89e-01	1.14e-02	0.00e+00	0.00e+00	0.00e+00	0.00e+00	4.31e-17	8.67e-17	6.45e-70
 3.37774e+14	2.83e-23	1.60e-16	9.58e-11	6.95e-06	9.89e-01	1.07e-02	0.00e+00	0.00e+00	0.00e+00	0.00e+00	5.30e-17	1.07e-16	1.37e-69
 3.50936e+14	3.84e-23	2.01e-16	1.12e-10	7.49e-06	9.90e-01	9.90e-03	0.00e+00	0.00e+00	0.00e+00	0.00e+00	6.67e-17	1.34e-16	3.20e-69
 3.63566e+14	5.04e-23	2.47e-16	1.29e-10	8.06e-06	9.91e-01	9.21e-03	0.00e+00	0.00e+00	0.00e+00	0.00e+00	8.19e-17	1.65e-16	6.69e-69
 3.77080e+14	6.73e-23	3.07e-16	1.49e-10	8.66e-06	9.91e-01	8.58e-03	0.00e+00	0.00e+00	0.00e+00	0.00e+00	1.02e-16	2.05e-16	1.49e-68
 3.92193e+14	9.17e-23	3.88e-16	1.74e-10	9.37e-06	9.92e-01	7.93e-03	0.00e+00	0.00e+00	0.00e+00	0.00e+00	1.29e-16	2.59e-16	3.51e-68
 4.06148e+14	1.20e-22	4.76e-16	2.01e-10	1.01e-05	9.93e-01	7.39e-03	0.00e+00	0.00e+00	0.00e+00	0.00e+00	1.58e-16	3.18e-16	7.33e-68
 4.18200e+14	1.52e-22	5.68e-16	2.26e-10	1.07e-05	9.93e-01	6.98e-03	0.00e+00	0.00e+00	0.00e+00	0.00e+00	1.88e-16	3.79e-16	1.40e-67
 4.31542e+14	1.94e-22	6.82e-16	2.56e-10	1.14e-05	9.93e-01	6.55e-03	0.00e+00	0.00e+00	0.00e+00	0.00e+00	2.26e-16	4.56e-16	2.71e-67
 4.47880e+14	2.59e-22	8.52e-16	2.97e-10	1.23e-05	9.94e-01	6.08e-03	0.00e+00	0.00e+00	0.00e+00	0.00e+00	2.83e-16	5.69e-16	6.10e-67
 4.64462e+14	3.43e-22	1.05e-15	3.45e-10	1.32e-05	9.94e-01	5.65e-03	0.00e+00	0.00e+00	0.00e+00	0.00e+00	3.49e-16	7.03e-16	1.31e-66
 4.79359e+14	4.38e-22	1.27e-15	3.92e-10	1.41e-05	9.95e-01	5.30e-03	0.00e+00	0.00e+00	0.00e+00	0.00e+00	4.21e-16	8.47e-16	2.56e-66
 4.95714e+14	5.71e-22	1.55e-15	4.48e-10	1.51e-05	9.95e-01	4.96e-03	0.00e+00	0.00e+00	0.00e+00	0.00e+00	5.14e-16	1.04e-15	5.33e-66
 5.15072e+14	7.63e-22	1.93e-15	5.24e-10	1.63e-05	9.95e-01	4.59e-03	0.00e+00	0.00e+00	0.00e+00	0.00e+00	6.42e-16	1.29e-15	1.18e-65
 5.34073e+14	1.02e-21	2.40e-15	6.05e-10	1.75e-05	9.96e-01	4.27e-03	0.00e+00	0.00e+00	0.00e+00	0.00e+00	7.97e-16	1.61e-15	2.60e-65
 5.51434e+14	1.29e-21	2.88e-15	6.90e-10	1.88e-05	9.96e-01	4.00e-03	0.00e+00	0.00e+00	0.00e+00	0.00e+00	9.57e-16	1.93e-15	4.98e-65
 5.70927e+14	1.70e-21	3.55e-15	7.92e-10	2.01e-05	9.96e-01	3.73e-03	0.00e+00	0.00e+00	0.00e+00	0.00e+00	1.18e-15	2.37e-15	1.07e-64
 5.93598e+14	2.27e-21	4.44e-15	9.28e-10	2.18e-05	9.97e-01	3.45e-03	0.00e+00	0.00e+00	0.00e+00	0.00e+00	1.47e-15	2.97e-15	2.38e-64
 6.15790e+14	3.01e-21	5.49e-15	1.08e-09	2.35e-05	9.97e-01	3.20e-03	0.00e+00	0.00e+00	0.00e+00	0.00e+00	1.82e-15	3.67e-15	5.11e-64
 6.36675e+14	3.90e-21	6.70e-15	1.23e-09	2.51e-05	9.97e-01	2.99e-03	0.00e+00	0.00e+00	0.00e+00	0.00e+00	2.22e-15	4.48e-15	1.05e-63
 6.59976e+14	5.07e-21	8.19e-15	1.42e-09	2.70e-05	9.97e-01	2.78e-03	0.00e+00	0.00e+00	0.00e+00	0.00e+00	2.72e-15	5.48e-15	2.16e-63
 6.86405e+14	6.89e-21	1.04e-14	1.66e-09	2.92e-05	9.97e-01	2.57e-03	0.00e+00	0.00e+00	0.00e+00	0.00e+00	3.43e-15	6.92e-15	5.09e-63
 7.12870e+14	9.07e-21	1.28e-14	1.94e-09	3.16e-05	9.98e-01	2.37e-03	0.00e+00	0.00e+00	0.00e+00	0.00e+00	4.24e-15	8.55e-15	1.08e-62
 7.37577e+14	1.17e-20	1.56e-14	2.22e-09	3.39e-05	9.98e-01	2.21e-03	0.00e+00	0.00e+00	0.00e+00	0.00e+00	5.16e-15	1.04e-14	2.20e-62
 7.64292e+14	1.53e-20	1.91e-14	2.56e-09	3.64e-05	9.98e-01	2.06e-03	0.00e+00	0.00e+00	0.00e+00	0.00e+00	6.32e-15	1.28e-14	4.61e-62
 7.94894e+14	2.07e-20	2.40e-14	2.99e-09	3.94e-05	9.98e-01	1.90e-03	0.00e+00	0.00e+00	0.00e+00	0.00e+00	7.97e-15	1.61e-14	1.06e-61
 8.23802e+14	2.67e-20	2.92e-14	3.46e-09	4.24e-05	9.98e-01	1.77e-03	0.00e+00	0.00e+00	0.00e+00	0.00e+00	9.68e-15	1.95e-14	2.13e-61
 8.49662e+14	3.37e-20	3.49e-14	3.91e-09	4.52e-05	9.98e-01	1.66e-03	0.00e+00	0.00e+00	0.00e+00	0.00e+00	1.16e-14	2.34e-14	4.07e-61
 8.74018e+14	4.17e-20	4.12e-14	4.38e-09	4.78e-05	9.98e-01	1.57e-03	0.00e+00	0.00e+00	0.00e+00	0.00e+00	1.36e-14	2.76e-14	7.39e-61
 9.01167e+14	5.23e-20	4.90e-14	4.95e-09	5.09e-05	9.98e-01	1.47e-03	0.00e+00	0.00e+00	0.00e+00	0.00e+00	1.62e-14	3.28e-14	1.38e-60
 9.31480e+14	6.61e-20	5.87e-14	5.66e-09	5.45e-05	9.99e-01	1.37e-03	0.00e+00	0.00e+00	0.00e+00	0.00e+00	1.94e-14	3.93e-14	2.63e-60
 9.59986e+14	8.34e-20	7.02e-14	6.38e-09	5.79e-05	9.99e-01	1.29e-03	0.00e+00	0.00e+00	0.00e+00	0.00e+00	2.32e-14	4.70e-14	5.03e-60
 9.91122e+14	1.04e-19	8.35e-14	7.25e-09	6.18e-05	9.99e-01	1.21e-03	0.00e+00	0.00e+00	0.00e+00	0.00e+00	2.76e-14	5.59e-14	9.37e-60
 1.02593e+15	1.35e-19	1.02e-13	8.32e-09	6.62e-05	9.99e-01	1.13e-03	0.00e+00	0.00e+00	0.00e+00	0.00e+00	3.38e-14	6.83e-14	1.94e-59
 1.05905e+15	1.69e-19	1.21e-13	9.45e-09	7.07e-05	9.99e-01	1.06e-03	0.00e+00	0.00e+00	0.00e+00	0.00e+00	4.01e-14	8.12e-14	3.59e-59
 1.09567e+15	2.17e-19	1.47e-13	1.08e-08	7.57e-05	9.99e-01	9.85e-04	0.00e+00	0.00e+00	0.00e+00	0.00e+00	4.86e-14	9.83e-14	7.18e-59
 1.13602e+15	2.84e-19	1.81e-13	1.25e-08	8.15e-05	9.99e-01	9.14e-04	0.00e+00	0.00e+00	0.00e+00	0.00e+00	5.98e-14	1.21e-13	1.53e-58
 1.17322e+15	3.55e-19	2.15e-13	1.42e-08	8.71e-05	9.99e-01	8.55e-04	0.00e+00	0.00e+00	0.00e+00	0.00e+00	7.10e-14	1.44e-13	2.82e-58
 1.21355e+15	4.58e-19	2.62e-13	1.63e-08	9.32e-05	9.99e-01	7.98e-04	0.00e+00	0.00e+00	0.00e+00	0.00e+00	8.65e-14	1.75e-13	5.78e-58
 1.25862e+15	5.92e-19	3.19e-13	1.89e-08	1.00e-04	9.99e-01	7.40e-04	0.00e+00	0.00e+00	0.00e+00	0.00e+00	1.05e-13	2.14e-13	1.17e-57
 1.30080e+15	7.53e-19	3.86e-13	2.15e-08	1.07e-04	9.99e-01	6.92e-04	0.00e+00	0.00e+00	0.00e+00	0.00e+00	1.27e-13	2.58e-13	2.32e-57
 1.34660e+15	9.60e-19	4.65e-13	2.47e-08	1.15e-04	9.99e-01	6.43e-04	0.00e+00	0.00e+00	0.00e+00	0.00e+00	1.53e-13	3.11e-13	4.53e-57
 1.39750e+15	1.26e-18	5.75e-13	2.87e-08	1.24e-04	9.99e-01	5.96e-04	0.00e+00	0.00e+00	0.00e+00	0.00e+00	1.90e-13	3.85e-13	9.75e-57
 1.44529e+15	1.58e-18	6.88e-13	3.29e-08	1.33e-04	9.99e-01	5.55e-04	0.00e+00	0.00e+00	0.00e+00	0.00e+00	2.27e-13	4.61e-13	1.85e-56
 1.49744e+15	2.04e-18	8.38e-13	3.79e-08	1.43e-04	9.99e-01	5.16e-04	0.00e+00	0.00e+00	0.00e+00	0.00e+00	2.76e-13	5.61e-13	3.76e-56
 1.55554e+15	2.64e-18	1.03e-12	4.42e-08	1.55e-04	9.99e-01	4.76e-04	0.00e+00	0.00e+00	0.00e+00	0.00e+00	3.39e-13	6.89e-13	7.78e-56
 1.61033e+15	3.40e-18	1.25e-12	5.07e-08	1.67e-04	9.99e-01	4.43e-04	0.00e+00	0.00e+00	0.00e+00	0.00e+00	4.11e-13	8.37e-13	1.57e-55
 1.66913e+15	4.32e-18	1.51e-12	5.86e-08	1.80e-04	9.99e-01	4.10e-04	0.00e+00	0.00e+00	0.00e+00	0.00e+00	4.98e-13	1.01e-12	3.10e-55
 1.73593e+15	5.74e-18	1.89e-12	6.86e-08	1.95e-04	9.99e-01	3.78e-04	0.00e+00	0.00e+00	0.00e+00	0.00e+00	6.22e-13	1.27e-12	6.95e-55
 1.80162e+15	7.34e-18	2.30e-12	7.97e-08	2.10e-04	9.99e-01	3.49e-04	0.00e+00	0.00e+00	0.00e+00	0.00e+00	7.55e-13	1.54e-12	1.38e-54
 1.86464e+15	9.34e-18	2.78e-12	9.15e-08	2.26e-04	9.99e-01	3.25e-04	0.00e+00	0.00e+00	0.00e+00	0.00e+00	9.15e-13	1.87e-12	2.76e-54
 1.93397e+15	1.19e-17	3.37e-12	1.06e-07	2.44e-04	9.99e-01	3.00e-04	0.00e+00	0.00e+00	0.00e+00	0.00e+00	1.11e-12	2.26e-12	5.43e-54
 2.01136e+15	1.56e-17	4.18e-12	1.24e-07	2.65e-04	9.99e-01	2.76e-04	0.00e+00	0.00e+00	0.00e+00	0.00e+00	1.38e-12	2.81e-12	1.18e-53
 2.07723e+15	1.92e-17	4.94e-12	1.42e-07	2.84e-04	9.99e-01	2.57e-04	0.00e+00	0.00e+00	0.00e+00	0.00e+00	1.62e-12	3.32e-12	2.13e-53
 2.12571e+15	2.25e-17	5.59e-12	1.55e-07	2.99e-04	9.99e-01	2.44e-04	0.00e+00	0.00e+00	0.00e+00	0.00e+00	1.84e-12	3.75e-12	3.32e-53
 2.17646e+15	2.64e-17	6.36e-12	1.71e-07	3.14e-04	9.99e-01	2.32e-04	0.00e+00	0.00e+00	0.00e+00	0.00e+00	2.09e-12	4.27e-12	5.26e-53
 2.24244e+15	3.20e-17	7.43e-12	1.93e-07	3.35e-04	9.99e-01	2.17e-04	0.00e+00	0.00e+00	0.00e+00	0.00e+00	2.44e-12	4.99e-12	9.15e-53
 2.31516e+15	3.94e-17	8.80e-12	2.20e-07	3.59e-04	9.99e-01	2.03e-04	0.00e+00	0.00e+00	0.00e+00	0.00e+00	2.89e-12	5.91e-12	1.67e-52
 2.38245e+15	4.78e-17	1.03e-11	2.47e-07	3.82e-04	9.99e-01	1.90e-04	0.00e+00	3.99e-18	1.20e-17	2.00e-17	3.38e-12	6.91e-12	2.93e-52
 2.45574e+15	5.82e-17	1.20e-11	2.79e-07	4.08e-04	9.99e-01	1.78e-04	0.00e+00	4.86e-18	1.46e-17	2.44e-17	3.95e-12	8.09e-12	5.15e-52
 2.53793e+15	7.23e-17	1.44e-11	3.19e-07	4.39e-04	9.99e-01	1.65e-04	0.00e+00	6.05e-18	1.82e-17	3.03e-17	4.71e-12	9.65e-12	9.67e-52
 2.61605e+15	8.75e-17	1.68e-11	3.61e-07	4.69e-04	9.99e-01	1.55e-04	0.00e+00	7.32e-18	2.20e-17	3.67e-17	5.52e-12	1.13e-11	1.71e-51
 2.70199e+15	1.08e-16	2.00e-11	4.12e-07	5.04e-04	9.99e-01	1.44e-04	0.00e+00	9.07e-18	2.72e-17	4.55e-17	6.55e-12	1.34e-11	3.16e-51
 2.79773e+15	1.35e-16	2.39e-11	4.75e-07	5.45e-04	9.99e-01	1.33e-04	0.00e+00	1.13e-17	3.39e-17	5.66e-17	7.84e-12	1.60e-11	6.02e-51
 2.88790e+15	1.64e-16	2.82e-11	5.40e-07	5.84e-04	9.99e-01	1.24e-04	0.00e+00	1.38e-17	4.14e-17	6.92e-17	9.26e-12	1.90e-11	1.10e-50
 2.98678e+15	2.05e-16	3.37e-11	6.19e-07	6.30e-04	9.99e-01	1.15e-04	0.00e+00	1.72e-17	5.16e-17	8.63e-17	1.11e-11	2.26e-11	2.10e-50
 3.09630e+15	2.55e-16	4.05e-11	7.16e-07	6.82e-04	9.99e-01	1.06e-04	0.00e+00	2.14e-17	6.43e-17	1.07e-16	1.33e-11	2.72e-11	4.11e-50
 3.19796e+15	3.13e-16	4.79e-11	8.18e-07	7.35e-04	9.99e-01	9.81e-05	0.00e+00	2.64e-17	7.92e-17	1.32e-16	1.57e-11	3.22e-11	7.60e-50
 3.30839e+15	3.90e-16	5.74e-11	9.38e-07	7.92e-04	9.99e-01	9.09e-05	0.00e+00	3.29e-17	9.87e-17	1.65e-16	1.88e-11	3.86e-11	1.48e-49
 3.43155e+15	4.90e-16	6.93e-11	1.09e-06	8.61e-04	9.99e-01	8.36e-05	0.00e+00	4.13e-17	1.24e-16	2.07e-16	2.27e-11	4.66e-11	2.98e-49
 3.54646e+15	5.93e-16	8.18e-11	1.24e-06	9.26e-04	9.99e-01	7.76e-05	0.00e+00	5.01e-17	1.50e-16	2.51e-16	2.68e-11	5.50e-11	5.48e-49
 3.67109e+15	7.41e-16	9.81e-11	1.43e-06	1.00e-03	9.99e-01	7.15e-05	0.00e+00	6.26e-17	1.88e-16	3.14e-16	3.22e-11	6.59e-11	1.08e-48
 3.80986e+15	9.22e-16	1.18e-10	1.66e-06	1.09e-03	9.99e-01	6.58e-05	0.00e+00	7.80e-17	2.34e-16	3.91e-16	3.88e-11	7.95e-11	2.18e-48
 3.94057e+15	1.15e-15	1.42e-10	1.90e-06	1.18e-03	9.99e-01	6.08e-05	0.00e+00	9.77e-17	2.93e-16	4.90e-16	4.65e-11	9.53e-11	4.33e-48
 4.08301e+15	1.44e-15	1.71e-10	2.20e-06	1.28e-03	9.99e-01	5.61e-05	0.00e+00	1.22e-16	3.67e-16	6.13e-16	5.60e-11	1.15e-10	8.76e-48
 4.24159e+15	1.83e-15	2.09e-10	2.56e-06	1.39e-03	9.99e-01	5.14e-05	0.00e+00	1.56e-16	4.67e-16	7.80e-16	6.85e-11	1.40e-10	1.88e-47
 4.39215e+15	2.26e-15	2.49e-10	2.94e-06	1.51e-03	9.98e-01	4.74e-05	0.00e+00	1.92e-16	5.77e-16	9.64e-16	8.19e-11	1.68e-10	3.75e-47
 4.55351e+15	2.78e-15	2.99e-10	3.40e-06	1.63e-03	9.98e-01	4.37e-05	0.00e+00	2.37e-16	7.10e-16	1.19e-15	9.81e-11	2.01e-10	7.53e-47
 4.73568e+15	3.63e-15	3.71e-10	3.98e-06	1.78e-03	9.98e-01	3.99e-05	0.00e+00	3.09e-16	9.29e-16	1.55e-15	1.22e-10	2.49e-10	1.76e-46
 4.91536e+15	4.56e-15	4.51e-10	4.62e-06	1.94e-03	9.98e-01	3.66e-05	0.00e+00	3.89e-16	1.17e-15	1.95e-15	1.48e-10	3.03e-10	3.79e-46
 5.06170e+15	5.48e-15	5.27e-10	5.20e-06	2.07e-03	9.98e-01	3.42e-05	0.00e+00	4.69e-16	1.41e-15	2.35e-15	1.73e-10	3.54e-10	6.98e-46
 5.17585e+15	6.30e-15	5.93e-10	5.69e-06	2.18e-03	9.98e-01	3.25e-05	0.00e+00	5.39e-16	1.62e-15	2.70e-15	1.95e-10	3.98e-10	1.11e-45
 5.30146e+15	7.32e-15	6.73e-10	6.26e-06	2.30e-03	9.98e-01	3.08e-05	0.00e+00	6.27e-16	1.88e-15	3.14e-15	2.21e-10	4.52e-10	1.84e-45
 5.46476e+15	8.76e-15	7.88e-10	7.07e-06	2.47e-03	9.97e-01	2.87e-05	0.00e+00	7.51e-16	2.25e-15	3.76e-15	2.59e-10	5.29e-10	3.44e-45
 5.64079e+15	1.05e-14	9.26e-10	8.02e-06	2.64e-03	9.97e-01	2.67e-05	0.00e+00	9.06e-16	2.72e-15	4.54e-15	3.05e-10	6.22e-10	6.46e-45
 5.79916e+15	1.26e-14	1.08e-09	8.96e-06	2.82e-03	9.97e-01	2.51e-05	0.00e+00	1.08e-15	3.24e-15	5.41e-15	3.54e-10	7.22e-10	1.17e-44
 5.97084e+15	1.50e-14	1.26e-09	1.01e-05	3.01e-03	9.97e-01	2.35e-05	0.00e+00	1.29e-15	3.88e-15	6.48e-15	4.13e-10	8.43e-10	2.16e-44
 6.18924e+15	1.92e-14	1.54e-09	1.16e-05	3.26e-03	9.97e-01	2.17e-05	0.00e+00	1.66e-15	4.98e-15	8.31e-15	5.07e-10	1.03e-09	4.88e-44
 6.40934e+15	2.34e-14	1.84e-09	1.34e-05	3.52e-03	9.96e-01	2.00e-05	0.00e+00	2.01e-15	6.05e-15	1.01e-14	6.05e-10	1.23e-09	9.65e-44
 6.59419e+15	2.79e-14	2.15e-09	1.50e-05	3.76e-03	9.96e-01	1.88e-05	0.00e+00	2.41e-15	7.24e-15	1.21e-14	7.07e-10	1.44e-09	1.79e-43
 6.79229e+15	3.36e-14	2.52e-09	1.68e-05	4.02e-03	9.96e-01	1.76e-05	0.00e+00	2.91e-15	8.72e-15	1.46e-14	8.30e-10	1.69e-09	3.37e-43
 7.04236e+15	4.31e-14	3.11e-09	1.95e-05	4.36e-03	9.96e-01	1.62e-05	0.00e+00	3.73e-15	1.12e-14	1.87e-14	1.03e-09	2.09e-09	7.87e-43
 7.30426e+15	5.30e-14	3.74e-09	2.25e-05	4.72e-03	9.95e-01	1.50e-05	0.00e+00	4.59e-15	1.38e-14	2.30e-14	1.23e-09	2.51e-09	1.59e-42
 7.53835e+15	6.45e-14	4.46e-09	2.56e-05	5.07e-03	9.95e-01	1.40e-05	0.00e+00	5.60e-15	1.68e-14	2.80e-14	1.47e-09	2.99e-09	3.03e-42
 7.79198e+15	7.93e-14	5.35e-09	2.92e-05	5.46e-03	9.94e-01	1.30e-05	0.00e+00	6.89e-15	2.07e-14	3.45e-14	1.76e-09	3.58e-09	6.06e-42
 8.09407e+15	1.04e-13	6.71e-09	3.40e-05	5.95e-03	9.94e-01	1.20e-05	0.00e+00	9.01e-15	2.70e-14	4.51e-14	2.21e-09	4.49e-09	1.45e-41
 8.39170e+15	1.29e-13	8.18e-09	3.93e-05	6.44e-03	9.94e-01	1.11e-05	0.00e+00	1.12e-14	3.37e-14	5.63e-14	2.70e-09	5.48e-09	3.08e-41
 8.66100e+15	1.56e-13	9.65e-09	4.46e-05	6.91e-03	9.93e-01	1.04e-05	0.00e+00	1.36e-14	4.07e-14	6.80e-14	3.19e-09	6.47e-09	5.78e-41
 8.96090e+15	1.93e-13	1.17e-08	5.12e-05	7.45e-03	9.92e-01	9.66e-06	0.00e+00	1.68e-14	5.05e-14	8.43e-14	3.85e-09	7.81e-09	1.19e-40
 9.31302e+15	2.52e-13	1.47e-08	5.98e-05	8.13e-03	9.92e-01	8.92e-06	0.00e+00	2.20e-14	6.61e-14	1.10e-13	4.87e-09	9.88e-09	2.91e-40
 9.65947e+15	3.18e-13	1.82e-08	6.93e-05	8.81e-03	9.91e-01	8.29e-06	0.00e+00	2.79e-14	8.36e-14	1.40e-13	6.00e-09	1.22e-08	6.31e-40
 9.98283e+15	3.93e-13	2.19e-08	7.91e-05	9.48e-03	9.90e-01	7.77e-06	0.00e+00	3.45e-14	1.03e-13	1.73e-13	7.24e-09	1.47e-08	1.27e-39
 1.03452e+16	4.93e-13	2.68e-08	9.15e-05	1.03e-02	9.90e-01	7.25e-06	0.00e+00	4.33e-14	1.30e-13	2.17e-13	8.85e-09	1.79e-08	2.64e-39
 1.07591e+16	6.42e-13	3.37e-08	1.07e-04	1.12e-02	9.89e-01	6.73e-06	0.00e+00	5.64e-14	1.69e-13	2.82e-13	1.12e-08	2.26e-08	6.08e-39
 1.11040e+16	7.84e-13	4.05e-08	1.22e-04	1.20e-02	9.88e-01	6.35e-06	0.00e+00	6.90e-14	2.07e-13	3.45e-13	1.34e-08	2.71e-08	1.14e-38
 1.13490e+16	9.03e-13	4.59e-08	1.33e-04	1.26e-02	9.87e-01	6.11e-06	0.00e+00	7.94e-14	2.38e-13	3.98e-13	1.52e-08	3.07e-08	1.79e-38
 1.16043e+16	1.05e-12	5.23e-08	1.46e-04	1.32e-02	9.87e-01	5.87e-06	0.00e+00	9.22e-14	2.77e-13	4.61e-13	1.73e-08	3.50e-08	2.87e-38
 1.19363e+16	1.24e-12	6.07e-08	1.64e-04	1.41e-02	9.86e-01	5.58e-06	0.00e+00	1.09e-13	3.28e-13	5.48e-13	2.01e-08	4.06e-08	4.83e-38
 1.23065e+16	1.54e-12	7.36e-08	1.86e-04	1.51e-02	9.85e-01	5.30e-06	0.00e+00	1.35e-13	4.06e-13	6.78e-13	2.44e-08	4.93e-08	9.56e-38
 1.26517e+16	1.85e-12	8.67e-08	2.09e-04	1.60e-02	9.84e-01	5.06e-06	0.00e+00	1.63e-13	4.89e-13	8.16e-13	2.87e-08	5.80e-08	1.69e-37
 1.30256e+16	2.22e-12	1.01e-07	2.35e-04	1.71e-02	9.83e-01	4.83e-06	0.00e+00	1.96e-13	5.89e-13	9.83e-13	3.36e-08	6.79e-08	2.88e-37
 1.34453e+16	2.79e-12	1.25e-07	2.69e-04	1.84e-02	9.81e-01	4.60e-06	0.00e+00	2.46e-13	7.40e-13	1.23e-12	4.13e-08	8.33e-08	5.92e-37
 1.38405e+16	3.38e-12	1.48e-07	3.03e-04	1.96e-02	9.80e-01	4.40e-06	0.00e+00	2.99e-13	8.97e-13	1.50e-12	4.90e-08	9.90e-08	1.04e-36
 1.42702e+16	4.13e-12	1.75e-07	3.45e-04	2.10e-02	9.79e-01	4.21e-06	0.00e+00	3.65e-13	1.10e-12	1.83e-12	5.80e-08	1.17e-07	1.82e-36
 1.47478e+16	5.24e-12	2.17e-07	3.97e-04	2.27e-02	9.77e-01	4.03e-06	0.00e+00	4.64e-13	1.39e-12	2.32e-12	7.20e-08	1.45e-07	3.83e-36
 1.51948e+16	6.41e-12	2.60e-07	4.51e-04	2.42e-02	9.75e-01	3.87e-06	0.00e+00	5.69e-13	1.71e-12	2.85e-12	8.63e-08	1.74e-07	6.81e-36
 1.56831e+16	7.95e-12	3.10e-07	5.16e-04	2.60e-02	9.73e-01	3.71e-06	0.00e+00	7.05e-13	2.12e-12	3.53e-12	1.03e-07	2.08e-07	1.20e-35
 1.62160e+16	1.02e-11	3.89e-07	5.97e-04	2.81e-02	9.71e-01	3.57e-06	0.00e+00	9.04e-13	2.71e-12	4.52e-12	1.29e-07	2.60e-07	2.50e-35
 1.67030e+16	1.25e-11	4.67e-07	6.80e-04	3.01e-02	9.69e-01	3.45e-06	0.00e+00	1.11e-12	3.33e-12	5.55e-12	1.55e-07	3.12e-07	4.46e-35
 1.72318e+16	1.56e-11	5.66e-07	7.81e-04	3.24e-02	9.67e-01	3.33e-06	0.00e+00	1.39e-12	4.17e-12	6.96e-12	1.88e-07	3.78e-07	8.18e-35
 1.78115e+16	1.97e-11	6.86e-07	9.04e-04	3.50e-02	9.64e-01	3.22e-06	0.00e+00	1.76e-12	5.27e-12	8.79e-12	2.28e-07	4.59e-07	1.47e-34
 1.83435e+16	2.47e-11	8.45e-07	1.03e-03	3.76e-02	9.61e-01	3.14e-06	0.00e+00	2.20e-12	6.61e-12	1.10e-11	2.80e-07	5.65e-07	2.84e-34
 1.88454e+16	3.01e-11	1.01e-06	1.17e-03	4.01e-02	9.59e-01	3.06e-06	0.00e+00	2.69e-12	8.06e-12	1.34e-11	3.34e-07	6.72e-07	4.80e-34
 1.94221e+16	3.79e-11	1.22e-06	1.35e-03	4.32e-02	9.55e-01	2.98e-06	0.00e+00	3.39e-12	1.02e-11	1.69e-11	4.05e-07	8.16e-07	8.50e-34
 2.00440e+16	4.80e-11	1.48e-06	1.56e-03	4.67e-02	9.52e-01	2.90e-06	0.00e+00	4.29e-12	1.29e-11	2.15e-11	4.91e-07	9.89e-07	1.48e-33
 2.05988e+16	5.99e-11	1.82e-06	1.78e-03	5.01e-02	9.48e-01	2.85e-06	0.00e+00	5.35e-12	1.61e-11	2.68e-11	6.03e-07	1.21e-06	2.79e-33
 2.11104e+16	7.23e-11	2.14e-06	2.01e-03	5.34e-02	9.45e-01	2.80e-06	0.00e+00	6.47e-12	1.94e-11	3.24e-11	7.12e-07	1.43e-06	4.48e-33
 2.16921e+16	9.06e-11	2.58e-06	2.31e-03	5.73e-02	9.40e-01	2.75e-06	0.00e+00	8.11e-12	2.43e-11	4.06e-11	8.57e-07	1.72e-06	7.58e-33
 2.23412e+16	1.15e-10	3.13e-06	2.68e-03	6.20e-02	9.35e-01	2.69e-06	0.00e+00	1.03e-11	3.09e-11	5.15e-11	1.04e-06	2.09e-06	1.29e-32
 2.29145e+16	1.43e-10	3.83e-06	3.06e-03	6.66e-02	9.30e-01	2.67e-06	0.00e+00	1.29e-11	3.86e-11	6.43e-11	1.27e-06	2.56e-06	2.35e-32
 2.33700e+16	1.68e-10	4.42e-06	3.39e-03	7.03e-02	9.26e-01	2.64e-06	0.00e+00	1.51e-11	4.53e-11	7.56e-11	1.47e-06	2.95e-06	3.47e-32
 2.38356e+16	2.02e-10	5.14e-06	3.79e-03	7.45e-02	9.22e-01	2.62e-06	0.00e+00	1.81e-11	5.44e-11	9.07e-11	1.71e-06	3.43e-06	5.32e-32
 2.44409e+16	2.54e-10	6.11e-06	4.36e-03	8.01e-02	9.16e-01	2.58e-06	0.00e+00	2.28e-11	6.84e-11	1.14e-10	2.03e-06	4.08e-06	8.36e-32
 2.50970e+16	3.27e-10	7.71e-06	5.10e-03	8.70e-02	9.08e-01	2.57e-06	0.00e+00	2.94e-11	8.82e-11	1.47e-10	2.56e-06	5.15e-06	1.63e-31
 2.56382e+16	3.98e-10	9.09e-06	5.78e-03	9.29e-02	9.01e-01	2.55e-06	0.00e+00	3.59e-11	1.08e-10	1.79e-10	3.02e-06	6.07e-06	2.48e-31
 2.60855e+16	4.72e-10	1.04e-05	6.42e-03	9.82e-02	8.95e-01	2.54e-06	0.00e+00	4.25e-11	1.28e-10	2.13e-10	3.45e-06	6.93e-06	3.52e-31
