#depth	He	He+	He+2
 1.49634e+10	3.85e-24	5.77e-13	1.00e+00
 4.54887e+10	4.31e-24	6.23e-13	1.00e+00
 7.72350e+10	4.78e-24	6.73e-13	1.00e+00
 1.10251e+11	5.30e-24	7.28e-13	1.00e+00
 1.44588e+11	5.86e-24	7.87e-13	1.00e+00
 1.80298e+11	6.49e-24	8.51e-13	1.00e+00
 2.17437e+11	7.18e-24	9.21e-13	1.00e+00
 2.56061e+11	7.94e-24	9.96e-13	1.00e+00
 2.96231e+11	8.77e-24	1.08e-12	1.00e+00
 3.33766e+11	9.61e-24	1.16e-12	1.00e+00
 3.66920e+11	1.04e-23	1.23e-12	1.00e+00
 4.03943e+11	1.13e-23	1.31e-12	1.00e+00
 4.48330e+11	1.24e-23	1.41e-12	1.00e+00
 4.92820e+11	1.36e-23	1.52e-12	1.00e+00
 5.33704e+11	1.48e-23	1.62e-12	1.00e+00
 5.79369e+11	1.62e-23	1.74e-12	1.00e+00
 6.32246e+11	1.79e-23	1.88e-12	1.00e+00
 6.83914e+11	1.96e-23	2.03e-12	1.00e+00
 7.32882e+11	2.14e-23	2.17e-12	1.00e+00
 7.87356e+11	2.35e-23	2.33e-12	1.00e+00
 8.48777e+11	2.60e-23	2.53e-12	1.00e+00
 9.10465e+11	2.88e-23	2.73e-12	1.00e+00
 9.74620e+11	3.18e-23	2.94e-12	1.00e+00
 1.04353e+12	3.53e-23	3.19e-12	1.00e+00
 1.11520e+12	3.92e-23	3.45e-12	1.00e+00
 1.18973e+12	4.36e-23	3.73e-12	1.00e+00
 1.26725e+12	4.85e-23	4.04e-12	1.00e+00
 1.34787e+12	5.41e-23	4.38e-12	1.00e+00
 1.43171e+12	6.03e-23	4.74e-12	1.00e+00
 1.51890e+12	6.74e-23	5.14e-12	1.00e+00
 1.60959e+12	7.54e-23	5.57e-12	1.00e+00
 1.70390e+12	8.44e-23	6.03e-12	1.00e+00
 1.80198e+12	9.47e-23	6.53e-12	1.00e+00
 1.90399e+12	1.06e-22	7.08e-12	1.00e+00
 2.00309e+12	1.19e-22	7.63e-12	1.00e+00
 2.09456e+12	1.31e-22	8.17e-12	1.00e+00
 2.19661e+12	1.46e-22	8.78e-12	1.00e+00
 2.31435e+12	1.65e-22	9.52e-12	1.00e+00
 2.43034e+12	1.85e-22	1.03e-11	1.00e+00
 2.55098e+12	2.08e-22	1.11e-11	1.00e+00
 2.68294e+12	2.36e-22	1.21e-11	1.00e+00
 2.81688e+12	2.67e-22	1.31e-11	1.00e+00
 2.95617e+12	3.03e-22	1.42e-11	1.00e+00
 3.10434e+12	3.45e-22	1.54e-11	1.00e+00
 3.25844e+12	3.93e-22	1.67e-11	1.00e+00
 3.41870e+12	4.49e-22	1.81e-11	1.00e+00
 3.58538e+12	5.13e-22	1.97e-11	1.00e+00
 3.75872e+12	5.88e-22	2.14e-11	1.00e+00
 3.93900e+12	6.74e-22	2.33e-11	1.00e+00
 4.12648e+12	7.74e-22	2.54e-11	1.00e+00
 4.30320e+12	8.80e-22	2.74e-11	1.00e+00
 4.46194e+12	9.82e-22	2.93e-11	1.00e+00
 4.64043e+12	1.11e-21	3.15e-11	1.00e+00
 4.85110e+12	1.27e-21	3.42e-11	1.00e+00
 5.06242e+12	1.46e-21	3.71e-11	1.00e+00
 5.26174e+12	1.65e-21	4.00e-11	1.00e+00
 5.48167e+12	1.88e-21	4.33e-11	1.00e+00
 5.73087e+12	2.18e-21	4.73e-11	1.00e+00
 5.98088e+12	2.52e-21	5.14e-11	1.00e+00
 6.24090e+12	2.90e-21	5.60e-11	1.00e+00
 6.52046e+12	3.36e-21	6.12e-11	1.00e+00
 6.78297e+12	3.85e-21	6.64e-11	1.00e+00
 7.01786e+12	4.33e-21	7.12e-11	1.00e+00
 7.28213e+12	4.90e-21	7.69e-11	1.00e+00
 7.59509e+12	5.68e-21	8.40e-11	1.00e+00
 7.90906e+12	6.56e-21	9.15e-11	1.00e+00
 8.20347e+12	7.45e-21	9.90e-11	1.00e+00
 8.52943e+12	8.52e-21	1.08e-10	1.00e+00
 8.90053e+12	9.92e-21	1.18e-10	1.00e+00
 9.26598e+12	1.14e-20	1.29e-10	1.00e+00
 9.64604e+12	1.32e-20	1.41e-10	1.00e+00
 1.00618e+13	1.53e-20	1.55e-10	1.00e+00
 1.04798e+13	1.77e-20	1.70e-10	1.00e+00
 1.09145e+13	2.04e-20	1.87e-10	1.00e+00
 1.13810e+13	2.36e-20	2.06e-10	1.00e+00
 1.18441e+13	2.71e-20	2.26e-10	1.00e+00
 1.23257e+13	3.11e-20	2.48e-10	1.00e+00
 1.28486e+13	3.60e-20	2.74e-10	1.00e+00
 1.33925e+13	4.15e-20	3.03e-10	1.00e+00
 1.39581e+13	4.78e-20	3.35e-10	1.00e+00
 1.45464e+13	5.49e-20	3.71e-10	1.00e+00
 1.50772e+13	6.19e-20	4.05e-10	1.00e+00
 1.55176e+13	6.81e-20	4.35e-10	1.00e+00
 1.59992e+13	7.51e-20	4.69e-10	1.00e+00
 1.66118e+13	8.49e-20	5.15e-10	1.00e+00
 1.72521e+13	9.61e-20	5.67e-10	1.00e+00
 1.78169e+13	1.06e-19	6.15e-10	1.00e+00
 1.83397e+13	1.17e-19	6.61e-10	1.00e+00
 1.89328e+13	1.29e-19	7.17e-10	1.00e+00
 1.96684e+13	1.45e-19	7.90e-10	1.00e+00
 2.04030e+13	1.63e-19	8.67e-10	1.00e+00
 2.10326e+13	1.79e-19	9.37e-10	1.00e+00
 2.17118e+13	1.97e-19	1.02e-09	1.00e+00
 2.25525e+13	2.21e-19	1.12e-09	1.00e+00
 2.34167e+13	2.48e-19	1.23e-09	1.00e+00
 2.41979e+13	2.74e-19	1.34e-09	1.00e+00
 2.50578e+13	3.05e-19	1.46e-09	1.00e+00
 2.60697e+13	3.45e-19	1.62e-09	1.00e+00
 2.70807e+13	3.89e-19	1.78e-09	1.00e+00
 2.80417e+13	4.35e-19	1.94e-09	1.00e+00
 2.91029e+13	4.92e-19	2.13e-09	1.00e+00
 3.02969e+13	5.63e-19	2.36e-09	1.00e+00
 3.14913e+13	6.43e-19	2.60e-09	1.00e+00
 3.25493e+13	7.22e-19	2.82e-09	1.00e+00
 3.34374e+13	7.95e-19	3.01e-09	1.00e+00
 3.43932e+13	8.81e-19	3.23e-09	1.00e+00
 3.56358e+13	1.00e-18	3.52e-09	1.00e+00
 3.69357e+13	1.15e-18	3.85e-09	1.00e+00
 3.80443e+13	1.29e-18	4.14e-09	1.00e+00
 3.92198e+13	1.45e-18	4.45e-09	1.00e+00
 4.06969e+13	1.68e-18	4.87e-09	1.00e+00
 4.22177e+13	1.95e-18	5.32e-09	1.00e+00
 4.35594e+13	2.22e-18	5.74e-09	1.00e+00
 4.50164e+13	2.54e-18	6.21e-09	1.00e+00
 4.66236e+13	2.94e-18	6.75e-09	1.00e+00
 4.81031e+13	3.35e-18	7.28e-09	1.00e+00
 4.97038e+13	3.86e-18	7.86e-09	1.00e+00
 5.14900e+13	4.49e-18	8.55e-09	1.00e+00
 5.31652e+13	5.16e-18	9.22e-09	1.00e+00
 5.49906e+13	5.97e-18	9.98e-09	1.00e+00
 5.70190e+13	6.99e-18	1.09e-08	1.00e+00
 5.89119e+13	8.07e-18	1.17e-08	1.00e+00
 6.09735e+13	9.39e-18	1.27e-08	1.00e+00
 6.32794e+13	1.11e-17	1.38e-08	1.00e+00
 6.54553e+13	1.28e-17	1.50e-08	1.00e+00
 6.78354e+13	1.50e-17	1.62e-08	1.00e+00
 7.05012e+13	1.78e-17	1.77e-08	1.00e+00
 7.30302e+13	2.08e-17	1.92e-08	1.00e+00
 7.57378e+13	2.44e-17	2.09e-08	1.00e+00
 7.87972e+13	2.91e-17	2.28e-08	1.00e+00
 8.18315e+13	3.43e-17	2.48e-08	1.00e+00
 8.49872e+13	4.05e-17	2.70e-08	1.00e+00
 8.84166e+13	4.82e-17	2.95e-08	1.00e+00
 9.19832e+13	5.71e-17	3.22e-08	1.00e+00
 9.53628e+13	6.68e-17	3.48e-08	1.00e+00
 9.84042e+13	7.66e-17	3.73e-08	1.00e+00
 1.01254e+14	8.67e-17	3.97e-08	1.00e+00
 1.04405e+14	9.89e-17	4.25e-08	1.00e+00
 1.07944e+14	1.14e-16	4.56e-08	1.00e+00
 1.11317e+14	1.30e-16	4.88e-08	1.00e+00
 1.15031e+14	1.49e-16	5.23e-08	1.00e+00
 1.19173e+14	1.74e-16	5.64e-08	1.00e+00
 1.22994e+14	1.99e-16	6.03e-08	1.00e+00
 1.26539e+14	2.24e-16	6.41e-08	1.00e+00
 1.30603e+14	2.55e-16	6.85e-08	1.00e+00
 1.35573e+14	2.98e-16	7.40e-08	1.00e+00
 1.40527e+14	3.47e-16	7.99e-08	1.00e+00
 1.44833e+14	3.92e-16	8.50e-08	1.00e+00
 1.49491e+14	4.46e-16	9.07e-08	1.00e+00
 1.55182e+14	5.19e-16	9.79e-08	1.00e+00
 1.60988e+14	6.04e-16	1.06e-07	1.00e+00
 1.66238e+14	6.87e-16	1.13e-07	1.00e+00
 1.71993e+14	7.87e-16	1.21e-07	1.00e+00
 1.78766e+14	9.18e-16	1.30e-07	1.00e+00
 1.85523e+14	1.07e-15	1.41e-07	1.00e+00
 1.91894e+14	1.22e-15	1.50e-07	1.00e+00
 1.98944e+14	1.40e-15	1.62e-07	1.00e+00
 2.06932e+14	1.64e-15	1.75e-07	1.00e+00
 2.14933e+14	1.90e-15	1.88e-07	1.00e+00
 2.23254e+14	2.21e-15	2.03e-07	1.00e+00
 2.32214e+14	2.58e-15	2.20e-07	1.00e+00
 2.41533e+14	3.00e-15	2.37e-07	1.00e+00
 2.50520e+14	3.46e-15	2.55e-07	1.00e+00
 2.58935e+14	3.94e-15	2.73e-07	1.00e+00
 2.66862e+14	4.43e-15	2.89e-07	1.00e+00
 2.75481e+14	5.01e-15	3.08e-07	1.00e+00
 2.85103e+14	5.73e-15	3.29e-07	1.00e+00
 2.94190e+14	6.48e-15	3.51e-07	1.00e+00
 3.04165e+14	7.37e-15	3.74e-07	1.00e+00
 3.15366e+14	8.48e-15	4.02e-07	1.00e+00
 3.26034e+14	9.65e-15	4.30e-07	1.00e+00
 3.37774e+14	1.11e-14	4.61e-07	1.00e+00
 3.50936e+14	1.28e-14	4.97e-07	1.00e+00
 3.63566e+14	1.48e-14	5.34e-07	1.00e+00
 3.77080e+14	1.70e-14	5.73e-07	1.00e+00
 3.92193e+14	1.98e-14	6.20e-07	1.00e+00
 4.06148e+14	2.27e-14	6.66e-07	1.00e+00
 4.18200e+14	2.54e-14	7.06e-07	1.00e+00
 4.31542e+14	2.87e-14	7.53e-07	1.00e+00
 4.47880e+14	3.32e-14	8.11e-07	1.00e+00
 4.64462e+14	3.82e-14	8.74e-07	1.00e+00
 4.79359e+14	4.32e-14	9.32e-07	1.00e+00
 4.95714e+14	4.92e-14	9.96e-07	1.00e+00
 5.15072e+14	5.72e-14	1.08e-06	1.00e+00
 5.34073e+14	6.56e-14	1.16e-06	1.00e+00
 5.51434e+14	7.45e-14	1.24e-06	1.00e+00
 5.70927e+14	8.49e-14	1.33e-06	1.00e+00
 5.93598e+14	9.87e-14	1.44e-06	1.00e+00
 6.15790e+14	1.14e-13	1.55e-06	1.00e+00
 6.36675e+14	1.29e-13	1.66e-06	1.00e+00
 6.59976e+14	1.48e-13	1.79e-06	1.00e+00
 6.86405e+14	1.72e-13	1.93e-06	1.00e+00
 7.12870e+14	1.98e-13	2.09e-06	1.00e+00
 7.37577e+14	2.26e-13	2.24e-06	1.00e+00
 7.64292e+14	2.57e-13	2.41e-06	1.00e+00
 7.94894e+14	2.98e-13	2.61e-06	1.00e+00
 8.23802e+14	3.40e-13	2.81e-06	1.00e+00
 8.49662e+14	3.81e-13	2.99e-06	1.00e+00
 8.74018e+14	4.23e-13	3.17e-06	1.00e+00
 9.01167e+14	4.74e-13	3.37e-06	1.00e+00
 9.31480e+14	5.35e-13	3.61e-06	1.00e+00
 9.59986e+14	5.97e-13	3.83e-06	1.00e+00
 9.91122e+14	6.71e-13	4.09e-06	1.00e+00
 1.02593e+15	7.59e-13	4.39e-06	1.00e+00
 1.05905e+15	8.52e-13	4.68e-06	1.00e+00
 1.09567e+15	9.62e-13	5.02e-06	1.00e+00
 1.13602e+15	1.09e-12	5.40e-06	1.00e+00
 1.17322e+15	1.22e-12	5.77e-06	1.00e+00
 1.21355e+15	1.38e-12	6.18e-06	1.00e+00
 1.25862e+15	1.57e-12	6.66e-06	1.00e+00
 1.30080e+15	1.76e-12	7.12e-06	1.00e+00
 1.34660e+15	1.99e-12	7.65e-06	1.00e+00
 1.39750e+15	2.26e-12	8.24e-06	1.00e+00
 1.44529e+15	2.55e-12	8.84e-06	1.00e+00
 1.49744e+15	2.88e-12	9.51e-06	1.00e+00
 1.55554e+15	3.30e-12	1.03e-05	1.00e+00
 1.61033e+15	3.72e-12	1.11e-05	1.00e+00
 1.66913e+15	4.21e-12	1.19e-05	1.00e+00
 1.73593e+15	4.82e-12	1.29e-05	1.00e+00
 1.80162e+15	5.49e-12	1.40e-05	1.00e+00
 1.86464e+15	6.18e-12	1.50e-05	1.00e+00
 1.93397e+15	7.04e-12	1.62e-05	1.00e+00
 2.01136e+15	8.07e-12	1.77e-05	1.00e+00
 2.07723e+15	9.06e-12	1.89e-05	1.00e+00
 2.12571e+15	9.83e-12	1.99e-05	1.00e+00
 2.17646e+15	1.07e-11	2.09e-05	1.00e+00
 2.24244e+15	1.19e-11	2.24e-05	1.00e+00
 2.31516e+15	1.33e-11	2.40e-05	1.00e+00
 2.38245e+15	1.47e-11	2.55e-05	1.00e+00
 2.45574e+15	1.65e-11	2.73e-05	1.00e+00
 2.53793e+15	1.86e-11	2.93e-05	1.00e+00
 2.61605e+15	2.07e-11	3.13e-05	1.00e+00
 2.70199e+15	2.35e-11	3.37e-05	1.00e+00
 2.79773e+15	2.66e-11	3.64e-05	1.00e+00
 2.88790e+15	2.98e-11	3.91e-05	1.00e+00
 2.98678e+15	3.40e-11	4.22e-05	1.00e+00
 3.09630e+15	3.87e-11	4.57e-05	1.00e+00
 3.19796e+15	4.40e-11	4.93e-05	1.00e+00
 3.30839e+15	4.99e-11	5.31e-05	1.00e+00
 3.43155e+15	5.74e-11	5.78e-05	1.00e+00
 3.54646e+15	6.46e-11	6.22e-05	1.00e+00
 3.67109e+15	7.44e-11	6.74e-05	1.00e+00
 3.80986e+15	8.49e-11	7.32e-05	1.00e+00
 3.94057e+15	9.76e-11	7.92e-05	1.00e+00
 4.08301e+15	1.12e-10	8.59e-05	1.00e+00
 4.24159e+15	1.30e-10	9.36e-05	1.00e+00
 4.39215e+15	1.49e-10	1.01e-04	1.00e+00
 4.55351e+15	1.69e-10	1.10e-04	1.00e+00
 4.73568e+15	2.00e-10	1.20e-04	1.00e+00
 4.91536e+15	2.32e-10	1.31e-04	1.00e+00
 5.06170e+15	2.59e-10	1.40e-04	1.00e+00
 5.17585e+15	2.83e-10	1.47e-04	1.00e+00
 5.30146e+15	3.11e-10	1.56e-04	1.00e+00
 5.46476e+15	3.51e-10	1.67e-04	1.00e+00
 5.64079e+15	3.94e-10	1.79e-04	1.00e+00
 5.79916e+15	4.40e-10	1.91e-04	1.00e+00
 5.97084e+15	4.95e-10	2.04e-04	1.00e+00
 6.18924e+15	5.77e-10	2.21e-04	1.00e+00
 6.40934e+15	6.55e-10	2.39e-04	1.00e+00
 6.59419e+15	7.36e-10	2.55e-04	1.00e+00
 6.79229e+15	8.30e-10	2.73e-04	1.00e+00
 7.04236e+15	9.72e-10	2.96e-04	1.00e+00
 7.30426e+15	1.11e-09	3.21e-04	1.00e+00
 7.53835e+15	1.26e-09	3.45e-04	1.00e+00
 7.79198e+15	1.44e-09	3.72e-04	1.00e+00
 8.09407e+15	1.71e-09	4.06e-04	1.00e+00
 8.39170e+15	1.97e-09	4.40e-04	1.00e+00
 8.66100e+15	2.23e-09	4.72e-04	1.00e+00
 8.96090e+15	2.56e-09	5.10e-04	9.99e-01
 9.31302e+15	3.06e-09	5.57e-04	9.99e-01
 9.65947e+15	3.55e-09	6.05e-04	9.99e-01
 9.98283e+15	4.07e-09	6.51e-04	9.99e-01
 1.03452e+16	4.70e-09	7.06e-04	9.99e-01
 1.07591e+16	5.57e-09	7.72e-04	9.99e-01
 1.11040e+16	6.34e-09	8.28e-04	9.99e-01
 1.13490e+16	6.94e-09	8.70e-04	9.99e-01
 1.16043e+16	7.63e-09	9.15e-04	9.99e-01
 1.19363e+16	8.46e-09	9.75e-04	9.99e-01
 1.23065e+16	9.79e-09	1.05e-03	9.99e-01
 1.26517e+16	1.10e-08	1.11e-03	9.99e-01
 1.30256e+16	1.22e-08	1.19e-03	9.99e-01
 1.34453e+16	1.43e-08	1.28e-03	9.99e-01
 1.38405e+16	1.61e-08	1.37e-03	9.99e-01
 1.42702e+16	1.80e-08	1.47e-03	9.99e-01
 1.47478e+16	2.12e-08	1.59e-03	9.98e-01
 1.51948e+16	2.40e-08	1.70e-03	9.98e-01
 1.56831e+16	2.71e-08	1.83e-03	9.98e-01
 1.62160e+16	3.20e-08	1.99e-03	9.98e-01
 1.67030e+16	3.63e-08	2.13e-03	9.98e-01
 1.72318e+16	4.15e-08	2.30e-03	9.98e-01
 1.78115e+16	4.74e-08	2.50e-03	9.98e-01
 1.83435e+16	5.52e-08	2.69e-03	9.97e-01
 1.88454e+16	6.22e-08	2.88e-03	9.97e-01
 1.94221e+16	7.11e-08	3.12e-03	9.97e-01
 2.00440e+16	8.13e-08	3.38e-03	9.97e-01
 2.05988e+16	9.41e-08	3.64e-03	9.96e-01
 2.11104e+16	1.06e-07	3.90e-03	9.96e-01
 2.16921e+16	1.20e-07	4.21e-03	9.96e-01
 2.23412e+16	1.37e-07	4.58e-03	9.95e-01
 2.29145e+16	1.59e-07	4.94e-03	9.95e-01
 2.33700e+16	1.75e-07	5.25e-03	9.95e-01
 2.38356e+16	1.96e-07	5.59e-03	9.94e-01
 2.44409e+16	2.21e-07	6.07e-03	9.94e-01
 2.50970e+16	2.61e-07	6.65e-03	9.93e-01
 2.56382e+16	2.93e-07	7.17e-03	9.93e-01
 2.60855e+16	3.23e-07	7.64e-03	9.92e-01
 2.65917e+16	3.64e-07	8.25e-03	9.92e-01
 2.71531e+16	4.25e-07	9.00e-03	9.91e-01
 2.76625e+16	4.79e-07	9.74e-03	9.90e-01
 2.81239e+16	5.35e-07	1.05e-02	9.89e-01
 2.86468e+16	6.29e-07	1.15e-02	9.88e-01
 2.92001e+16	7.17e-07	1.27e-02	9.87e-01
 2.96592e+16	8.36e-07	1.39e-02	9.86e-01
 3.00381e+16	9.38e-07	1.50e-02	9.85e-01
 3.04469e+16	1.07e-06	1.63e-02	9.84e-01
 3.08964e+16	1.22e-06	1.80e-02	9.82e-01
 3.12996e+16	1.40e-06	1.98e-02	9.80e-01
 3.16504e+16	1.63e-06	2.17e-02	9.78e-01
 3.19761e+16	1.85e-06	2.36e-02	9.76e-01
 3.23429e+16	2.13e-06	2.63e-02	9.74e-01
 3.27297e+16	2.58e-06	2.97e-02	9.70e-01
 3.30433e+16	2.99e-06	3.29e-02	9.67e-01
 3.32993e+16	3.37e-06	3.61e-02	9.64e-01
 3.35793e+16	4.01e-06	4.03e-02	9.60e-01
 3.38746e+16	4.68e-06	4.55e-02	9.54e-01
 3.41261e+16	5.59e-06	5.11e-02	9.49e-01
 3.43383e+16	6.51e-06	5.67e-02	9.43e-01
 3.45318e+16	7.36e-06	6.28e-02	9.37e-01
 3.47514e+16	8.96e-06	7.13e-02	9.29e-01
 3.49725e+16	1.07e-05	8.17e-02	9.18e-01
 3.51465e+16	1.26e-05	9.18e-02	9.08e-01
 3.52930e+16	1.43e-05	1.02e-01	8.98e-01
 3.54528e+16	1.69e-05	1.16e-01	8.84e-01
 3.56219e+16	2.07e-05	1.33e-01	8.67e-01
 3.57587e+16	2.45e-05	1.50e-01	8.50e-01
 3.58676e+16	2.77e-05	1.67e-01	8.33e-01
 3.59845e+16	3.25e-05	1.88e-01	8.12e-01
 3.61114e+16	3.93e-05	2.15e-01	7.85e-01
 3.62182e+16	4.59e-05	2.42e-01	7.58e-01
 3.63070e+16	5.22e-05	2.68e-01	7.32e-01
 3.63873e+16	5.96e-05	2.94e-01	7.06e-01
 3.64513e+16	6.59e-05	3.17e-01	6.83e-01
 3.65118e+16	7.25e-05	3.42e-01	6.58e-01
 3.65904e+16	8.30e-05	3.76e-01	6.24e-01
 3.66659e+16	9.35e-05	4.11e-01	5.89e-01
 3.67235e+16	1.02e-04	4.40e-01	5.60e-01
 3.67847e+16	1.13e-04	4.73e-01	5.26e-01
 3.68643e+16	1.28e-04	5.18e-01	4.82e-01
 3.69455e+16	1.45e-04	5.64e-01	4.36e-01
 3.70123e+16	1.59e-04	6.02e-01	3.98e-01
 3.70827e+16	1.75e-04	6.42e-01	3.58e-01
 3.71742e+16	1.96e-04	6.92e-01	3.07e-01
 3.72717e+16	2.18e-04	7.41e-01	2.59e-01
 3.73611e+16	2.37e-04	7.81e-01	2.19e-01
 3.74612e+16	2.58e-04	8.20e-01	1.80e-01
 3.75914e+16	2.83e-04	8.62e-01	1.38e-01
 3.77606e+16	3.11e-04	9.02e-01	9.82e-02
 3.79806e+16	3.40e-04	9.36e-01	6.38e-02
 3.82667e+16	3.70e-04	9.62e-01	3.78e-02
 3.86385e+16	4.01e-04	9.79e-01	2.06e-02
 3.90409e+16	4.31e-04	9.88e-01	1.17e-02
 3.94101e+16	4.60e-04	9.92e-01	7.41e-03
 3.98172e+16	4.94e-04	9.95e-01	4.68e-03
 4.02576e+16	5.35e-04	9.96e-01	3.03e-03
 4.06323e+16	5.78e-04	9.97e-01	2.17e-03
 4.09365e+16	6.17e-04	9.98e-01	1.68e-03
 4.12581e+16	6.65e-04	9.98e-01	1.29e-03
 4.16043e+16	7.26e-04	9.98e-01	9.95e-04
 4.18412e+16	7.77e-04	9.98e-01	8.52e-04
 4.19590e+16	8.04e-04	9.98e-01	7.89e-04
 4.20632e+16	8.29e-04	9.98e-01	7.32e-04
 4.21988e+16	8.66e-04	9.98e-01	6.65e-04
 4.23749e+16	9.19e-04	9.98e-01	5.87e-04
 4.25553e+16	9.77e-04	9.98e-01	5.23e-04
 4.26950e+16	1.03e-03	9.98e-01	4.79e-04
 4.28086e+16	1.08e-03	9.98e-01	4.46e-04
 4.29130e+16	1.12e-03	9.98e-01	4.18e-04
 4.30104e+16	1.17e-03	9.98e-01	3.93e-04
 4.31056e+16	1.22e-03	9.98e-01	3.71e-04
 4.32004e+16	1.27e-03	9.98e-01	3.50e-04
 4.32934e+16	1.33e-03	9.98e-01	3.31e-04
 4.33828e+16	1.39e-03	9.98e-01	3.13e-04
 4.34680e+16	1.45e-03	9.98e-01	2.98e-04
 4.35509e+16	1.52e-03	9.98e-01	2.83e-04
 4.36327e+16	1.59e-03	9.98e-01	2.70e-04
 4.37122e+16	1.66e-03	9.98e-01	2.58e-04
 4.37888e+16	1.74e-03	9.98e-01	2.47e-04
 4.38627e+16	1.82e-03	9.98e-01	2.36e-04
 4.39348e+16	1.90e-03	9.98e-01	2.27e-04
 4.40048e+16	2.00e-03	9.98e-01	2.18e-04
 4.40726e+16	2.09e-03	9.98e-01	2.09e-04
 4.41392e+16	2.19e-03	9.98e-01	2.02e-04
 4.42044e+16	2.30e-03	9.98e-01	1.95e-04
 4.42672e+16	2.42e-03	9.97e-01	1.88e-04
 4.43278e+16	2.54e-03	9.97e-01	1.82e-04
 4.43872e+16	2.67e-03	9.97e-01	1.76e-04
 4.44458e+16	2.81e-03	9.97e-01	1.70e-04
 4.45034e+16	2.96e-03	9.97e-01	1.65e-04
 4.45594e+16	3.13e-03	9.97e-01	1.60e-04
 4.46140e+16	3.30e-03	9.97e-01	1.55e-04
 4.46675e+16	3.49e-03	9.96e-01	1.50e-04
 4.47202e+16	3.69e-03	9.96e-01	1.46e-04
 4.47805e+16	3.96e-03	9.96e-01	1.41e-04
 4.48437e+16	4.27e-03	9.96e-01	1.37e-04
 4.48960e+16	4.57e-03	9.95e-01	1.33e-04
 4.49421e+16	4.86e-03	9.95e-01	1.30e-04
 4.49943e+16	5.23e-03	9.95e-01	1.26e-04
 4.50623e+16	5.80e-03	9.94e-01	1.22e-04
 4.51299e+16	6.49e-03	9.93e-01	1.18e-04
 4.51794e+16	7.11e-03	9.93e-01	1.15e-04
 4.52178e+16	7.65e-03	9.92e-01	1.13e-04
 4.52590e+16	8.32e-03	9.92e-01	1.10e-04
 4.53055e+16	9.21e-03	9.91e-01	1.08e-04
 4.53477e+16	1.02e-02	9.90e-01	1.06e-04
 4.53825e+16	1.11e-02	9.89e-01	1.04e-04
 4.54190e+16	1.23e-02	9.88e-01	1.03e-04
 4.54587e+16	1.38e-02	9.86e-01	1.01e-04
 4.54923e+16	1.53e-02	9.85e-01	9.98e-05
 4.55195e+16	1.68e-02	9.83e-01	9.91e-05
 4.55481e+16	1.86e-02	9.81e-01	9.82e-05
 4.55797e+16	2.10e-02	9.79e-01	9.77e-05
 4.56078e+16	2.36e-02	9.76e-01	9.74e-05
 4.56315e+16	2.63e-02	9.74e-01	9.72e-05
 4.56530e+16	2.90e-02	9.71e-01	9.76e-05
 4.56771e+16	3.27e-02	9.67e-01	9.79e-05
 4.57021e+16	3.73e-02	9.63e-01	9.87e-05
 4.57222e+16	4.19e-02	9.58e-01	9.94e-05
 4.57385e+16	4.61e-02	9.54e-01	1.01e-04
 4.57559e+16	5.14e-02	9.48e-01	1.02e-04
 4.57748e+16	5.80e-02	9.42e-01	1.04e-04
 4.57916e+16	6.51e-02	9.35e-01	1.06e-04
 4.58061e+16	7.19e-02	9.28e-01	1.08e-04
 4.58195e+16	7.95e-02	9.20e-01	1.10e-04
 4.58332e+16	8.81e-02	9.12e-01	1.13e-04
 4.58467e+16	9.76e-02	9.02e-01	1.16e-04
 4.58584e+16	1.07e-01	8.93e-01	1.18e-04
 4.58686e+16	1.16e-01	8.84e-01	1.21e-04
 4.58766e+16	1.24e-01	8.76e-01	1.23e-04
 4.58819e+16	1.30e-01	8.70e-01	1.25e-04
 4.58867e+16	1.35e-01	8.65e-01	1.26e-04
 4.58923e+16	1.42e-01	8.58e-01	1.28e-04
 4.58983e+16	1.49e-01	8.50e-01	1.30e-04
 4.59041e+16	1.57e-01	8.43e-01	1.31e-04
 4.59096e+16	1.65e-01	8.35e-01	1.34e-04
 4.59150e+16	1.73e-01	8.27e-01	1.35e-04
 4.59204e+16	1.81e-01	8.19e-01	1.37e-04
 4.59258e+16	1.90e-01	8.10e-01	1.39e-04
 4.59310e+16	1.99e-01	8.01e-01	1.41e-04
 4.59362e+16	2.09e-01	7.91e-01	1.43e-04
 4.59414e+16	2.19e-01	7.81e-01	1.45e-04
 4.59465e+16	2.29e-01	7.71e-01	1.47e-04
 4.59515e+16	2.40e-01	7.60e-01	1.49e-04
 4.59565e+16	2.51e-01	7.49e-01	1.51e-04
 4.59613e+16	2.63e-01	7.37e-01	1.53e-04
 4.59661e+16	2.74e-01	7.25e-01	1.55e-04
 4.59709e+16	2.87e-01	7.13e-01	1.57e-04
 4.59757e+16	3.00e-01	7.00e-01	1.59e-04
 4.59803e+16	3.12e-01	6.88e-01	1.61e-04
 4.59849e+16	3.25e-01	6.74e-01	1.63e-04
 4.59895e+16	3.39e-01	6.61e-01	1.64e-04
 4.59939e+16	3.53e-01	6.47e-01	1.66e-04
 4.59983e+16	3.67e-01	6.33e-01	1.67e-04
 4.60026e+16	3.81e-01	6.19e-01	1.69e-04
 4.60069e+16	3.96e-01	6.04e-01	1.70e-04
 4.60112e+16	4.11e-01	5.89e-01	1.71e-04
 4.60153e+16	4.25e-01	5.75e-01	1.72e-04
 4.60194e+16	4.40e-01	5.60e-01	1.73e-04
 4.60235e+16	4.55e-01	5.45e-01	1.75e-04
 4.60274e+16	4.70e-01	5.30e-01	1.75e-04
 4.60313e+16	4.84e-01	5.15e-01	1.76e-04
 4.60351e+16	4.99e-01	5.01e-01	1.77e-04
 4.60389e+16	5.14e-01	4.86e-01	1.77e-04
 4.60425e+16	5.28e-01	4.71e-01	1.77e-04
 4.60461e+16	5.43e-01	4.57e-01	1.78e-04
 4.60496e+16	5.57e-01	4.43e-01	1.77e-04
 4.60530e+16	5.70e-01	4.29e-01	1.77e-04
 4.60564e+16	5.84e-01	4.16e-01	1.77e-04
 4.60597e+16	5.97e-01	4.03e-01	1.77e-04
 4.60629e+16	6.10e-01	3.90e-01	1.76e-04
 4.60660e+16	6.22e-01	3.77e-01	1.76e-04
 4.60691e+16	6.35e-01	3.65e-01	1.75e-04
 4.60721e+16	6.46e-01	3.53e-01	1.74e-04
 4.60751e+16	6.58e-01	3.42e-01	1.74e-04
 4.60780e+16	6.69e-01	3.31e-01	1.73e-04
 4.60809e+16	6.80e-01	3.20e-01	1.72e-04
 4.60837e+16	6.91e-01	3.09e-01	1.71e-04
 4.60865e+16	7.01e-01	2.99e-01	1.69e-04
 4.60893e+16	7.11e-01	2.88e-01	1.68e-04
 4.60920e+16	7.21e-01	2.79e-01	1.67e-04
 4.60946e+16	7.31e-01	2.69e-01	1.66e-04
 4.60973e+16	7.40e-01	2.60e-01	1.64e-04
 4.60998e+16	7.49e-01	2.51e-01	1.63e-04
 4.61024e+16	7.58e-01	2.42e-01	1.61e-04
 4.61049e+16	7.66e-01	2.34e-01	1.59e-04
 4.61070e+16	7.73e-01	2.27e-01	1.58e-04
 4.61086e+16	7.78e-01	2.22e-01	1.57e-04
 4.61101e+16	7.83e-01	2.17e-01	1.55e-04
 4.61116e+16	7.87e-01	2.12e-01	1.54e-04
 4.61132e+16	7.92e-01	2.07e-01	1.52e-04
 4.61147e+16	7.97e-01	2.03e-01	1.51e-04
 4.61162e+16	8.02e-01	1.98e-01	1.50e-04
 4.61177e+16	8.06e-01	1.94e-01	1.49e-04
 4.61191e+16	8.10e-01	1.90e-01	1.47e-04
 4.61205e+16	8.14e-01	1.85e-01	1.46e-04
 4.61220e+16	8.19e-01	1.81e-01	1.45e-04
 4.61234e+16	8.23e-01	1.77e-01	1.43e-04
 4.61248e+16	8.27e-01	1.73e-01	1.42e-04
 4.61262e+16	8.31e-01	1.69e-01	1.41e-04
 4.61277e+16	8.34e-01	1.65e-01	1.39e-04
 4.61292e+16	8.38e-01	1.61e-01	1.38e-04
 4.61307e+16	8.42e-01	1.57e-01	1.36e-04
 4.61324e+16	8.47e-01	1.53e-01	1.34e-04
 4.61341e+16	8.51e-01	1.49e-01	1.33e-04
 4.61361e+16	8.56e-01	1.44e-01	1.30e-04
 4.61383e+16	8.61e-01	1.39e-01	1.28e-04
 4.61405e+16	8.66e-01	1.33e-01	1.26e-04
 4.61426e+16	8.71e-01	1.29e-01	1.23e-04
 4.61445e+16	8.76e-01	1.24e-01	1.21e-04
 4.61464e+16	8.80e-01	1.20e-01	1.19e-04
 4.61483e+16	8.84e-01	1.16e-01	1.16e-04
 4.61501e+16	8.87e-01	1.12e-01	1.14e-04
 4.61517e+16	8.91e-01	1.09e-01	1.11e-04
 4.61533e+16	8.94e-01	1.06e-01	1.09e-04
 4.61547e+16	8.97e-01	1.03e-01	1.07e-04
 4.61559e+16	8.99e-01	1.01e-01	1.05e-04
 4.61571e+16	9.02e-01	9.83e-02	1.04e-04
 4.61581e+16	9.04e-01	9.62e-02	1.02e-04
 4.61591e+16	9.05e-01	9.44e-02	1.00e-04
 4.61600e+16	9.07e-01	9.27e-02	9.89e-05
 4.61609e+16	9.09e-01	9.09e-02	9.74e-05
 4.61619e+16	9.11e-01	8.90e-02	9.59e-05
 4.61629e+16	9.13e-01	8.73e-02	9.44e-05
 4.61637e+16	9.14e-01	8.58e-02	9.30e-05
 4.61645e+16	9.16e-01	8.43e-02	9.16e-05
 4.61652e+16	9.17e-01	8.30e-02	9.05e-05
 4.61660e+16	9.18e-01	8.17e-02	8.92e-05
 4.61668e+16	9.20e-01	8.02e-02	8.78e-05
 4.61676e+16	9.21e-01	7.89e-02	8.65e-05
 4.61683e+16	9.22e-01	7.76e-02	8.52e-05
 4.61689e+16	9.23e-01	7.65e-02	8.41e-05
 4.61696e+16	9.25e-01	7.53e-02	8.30e-05
 4.61703e+16	9.26e-01	7.41e-02	8.17e-05
 4.61710e+16	9.27e-01	7.29e-02	8.05e-05
 4.61716e+16	9.28e-01	7.18e-02	7.93e-05
 4.61722e+16	9.29e-01	7.09e-02	7.83e-05
 4.61728e+16	9.30e-01	6.99e-02	7.73e-05
 4.61734e+16	9.31e-01	6.88e-02	7.61e-05
 4.61740e+16	9.32e-01	6.78e-02	7.50e-05
 4.61746e+16	9.33e-01	6.68e-02	7.39e-05
 4.61751e+16	9.34e-01	6.60e-02	7.30e-05
 4.61756e+16	9.35e-01	6.51e-02	7.21e-05
 4.61764e+16	9.36e-01	6.39e-02	7.07e-05
 4.61771e+16	9.37e-01	6.27e-02	6.93e-05
 4.61778e+16	9.38e-01	6.16e-02	6.82e-05
 4.61785e+16	9.39e-01	6.07e-02	6.71e-05
 4.61790e+16	9.40e-01	5.98e-02	6.60e-05
 4.61796e+16	9.41e-01	5.89e-02	6.51e-05
 4.61800e+16	9.42e-01	5.82e-02	6.41e-05
 4.61805e+16	9.42e-01	5.75e-02	6.33e-05
 4.61810e+16	9.43e-01	5.67e-02	6.25e-05
 4.61816e+16	9.44e-01	5.58e-02	6.15e-05
 4.61821e+16	9.45e-01	5.51e-02	6.06e-05
 4.61826e+16	9.46e-01	5.43e-02	5.97e-05
 4.61831e+16	9.46e-01	5.37e-02	5.89e-05
 4.61836e+16	9.47e-01	5.29e-02	5.81e-05
 4.61842e+16	9.48e-01	5.21e-02	5.72e-05
 4.61847e+16	9.49e-01	5.14e-02	5.64e-05
 4.61852e+16	9.49e-01	5.08e-02	5.56e-05
 4.61857e+16	9.50e-01	5.00e-02	5.48e-05
 4.61863e+16	9.51e-01	4.93e-02	5.39e-05
 4.61868e+16	9.51e-01	4.86e-02	5.31e-05
 4.61873e+16	9.52e-01	4.79e-02	5.23e-05
 4.61878e+16	9.53e-01	4.73e-02	5.17e-05
 4.61885e+16	9.54e-01	4.64e-02	5.07e-05
 4.61893e+16	9.54e-01	4.55e-02	4.97e-05
 4.61899e+16	9.55e-01	4.48e-02	4.89e-05
 4.61905e+16	9.56e-01	4.41e-02	4.81e-05
 4.61911e+16	9.57e-01	4.34e-02	4.73e-05
 4.61916e+16	9.57e-01	4.28e-02	4.67e-05
 4.61922e+16	9.58e-01	4.22e-02	4.60e-05
 4.61929e+16	9.59e-01	4.14e-02	4.51e-05
 4.61937e+16	9.59e-01	4.06e-02	4.43e-05
 4.61944e+16	9.60e-01	3.99e-02	4.34e-05
 4.61951e+16	9.61e-01	3.92e-02	4.27e-05
 4.61957e+16	9.61e-01	3.86e-02	4.20e-05
 4.61962e+16	9.62e-01	3.81e-02	4.15e-05
 4.61968e+16	9.62e-01	3.75e-02	4.09e-05
 4.61976e+16	9.63e-01	3.68e-02	4.01e-05
 4.61984e+16	9.64e-01	3.61e-02	3.93e-05
 4.61991e+16	9.65e-01	3.54e-02	3.85e-05
 4.61998e+16	9.65e-01	3.48e-02	3.79e-05
 4.62004e+16	9.66e-01	3.43e-02	3.73e-05
 4.62011e+16	9.66e-01	3.37e-02	3.67e-05
 4.62019e+16	9.67e-01	3.31e-02	3.61e-05
 4.62025e+16	9.67e-01	3.26e-02	3.54e-05
 4.62033e+16	9.68e-01	3.20e-02	3.48e-05
 4.62041e+16	9.69e-01	3.14e-02	3.42e-05
 4.62048e+16	9.69e-01	3.09e-02	3.36e-05
 4.62056e+16	9.70e-01	3.03e-02	3.30e-05
 4.62064e+16	9.70e-01	2.97e-02	3.24e-05
 4.62072e+16	9.71e-01	2.92e-02	3.18e-05
 4.62079e+16	9.71e-01	2.87e-02	3.13e-05
 4.62087e+16	9.72e-01	2.82e-02	3.08e-05
 4.62096e+16	9.72e-01	2.77e-02	3.02e-05
 4.62103e+16	9.73e-01	2.72e-02	2.97e-05
 4.62112e+16	9.73e-01	2.67e-02	2.92e-05
 4.62121e+16	9.74e-01	2.62e-02	2.86e-05
 4.62129e+16	9.74e-01	2.57e-02	2.81e-05
 4.62138e+16	9.75e-01	2.52e-02	2.76e-05
 4.62148e+16	9.75e-01	2.47e-02	2.70e-05
 4.62156e+16	9.76e-01	2.42e-02	2.66e-05
 4.62166e+16	9.76e-01	2.37e-02	2.60e-05
 4.62177e+16	9.77e-01	2.32e-02	2.55e-05
 4.62186e+16	9.77e-01	2.28e-02	2.50e-05
 4.62197e+16	9.78e-01	2.23e-02	2.45e-05
 4.62208e+16	9.78e-01	2.18e-02	2.40e-05
 4.62218e+16	9.79e-01	2.14e-02	2.35e-05
 4.62229e+16	9.79e-01	2.09e-02	2.30e-05
 4.62241e+16	9.80e-01	2.04e-02	2.25e-05
 4.62252e+16	9.80e-01	2.00e-02	2.21e-05
 4.62265e+16	9.80e-01	1.95e-02	2.16e-05
 4.62278e+16	9.81e-01	1.91e-02	2.11e-05
 4.62289e+16	9.81e-01	1.87e-02	2.07e-05
 4.62303e+16	9.82e-01	1.82e-02	2.02e-05
 4.62317e+16	9.82e-01	1.78e-02	1.98e-05
 4.62329e+16	9.83e-01	1.74e-02	1.94e-05
 4.62343e+16	9.83e-01	1.70e-02	1.89e-05
 4.62359e+16	9.83e-01	1.66e-02	1.85e-05
 4.62372e+16	9.84e-01	1.62e-02	1.81e-05
 4.62387e+16	9.84e-01	1.58e-02	1.76e-05
 4.62404e+16	9.85e-01	1.54e-02	1.72e-05
 4.62419e+16	9.85e-01	1.51e-02	1.69e-05
 4.62435e+16	9.85e-01	1.47e-02	1.65e-05
 4.62456e+16	9.86e-01	1.43e-02	1.60e-05
 4.62479e+16	9.86e-01	1.39e-02	1.56e-05
 4.62499e+16	9.86e-01	1.35e-02	1.52e-05
 4.62518e+16	9.87e-01	1.32e-02	1.48e-05
 4.62539e+16	9.87e-01	1.28e-02	1.44e-05
 4.62566e+16	9.88e-01	1.24e-02	1.40e-05
 4.62595e+16	9.88e-01	1.20e-02	1.36e-05
 4.62621e+16	9.88e-01	1.17e-02	1.32e-05
 4.62650e+16	9.89e-01	1.14e-02	1.28e-05
 4.62682e+16	9.89e-01	1.11e-02	1.25e-05
 4.62710e+16	9.89e-01	1.08e-02	1.22e-05
 4.62741e+16	9.89e-01	1.05e-02	1.18e-05
 4.62782e+16	9.90e-01	1.02e-02	1.15e-05
 4.62826e+16	9.90e-01	9.89e-03	1.12e-05
 4.62865e+16	9.90e-01	9.65e-03	1.09e-05
 4.62909e+16	9.91e-01	9.40e-03	1.06e-05
 4.62966e+16	9.91e-01	9.13e-03	1.03e-05
 4.63039e+16	9.91e-01	8.85e-03	9.99e-06
 4.63131e+16	9.91e-01	8.57e-03	9.66e-06
 4.63231e+16	9.92e-01	8.34e-03	9.38e-06
 4.63331e+16	9.92e-01	8.16e-03	9.15e-06
 4.63447e+16	9.92e-01	7.99e-03	8.92e-06
 4.63596e+16	9.92e-01	7.83e-03	8.70e-06
 4.63791e+16	9.92e-01	7.67e-03	8.46e-06
 4.64044e+16	9.92e-01	7.52e-03	8.21e-06
 4.64372e+16	9.93e-01	7.35e-03	7.92e-06
 4.64800e+16	9.93e-01	7.18e-03	7.59e-06
 4.65356e+16	9.93e-01	6.97e-03	7.20e-06
 4.66078e+16	9.93e-01	6.71e-03	6.73e-06
 4.67017e+16	9.94e-01	6.41e-03	6.18e-06
 4.68105e+16	9.94e-01	6.09e-03	5.62e-06
 4.69208e+16	9.94e-01	5.80e-03	5.13e-06
 4.70306e+16	9.94e-01	5.53e-03	4.68e-06
 4.71435e+16	9.95e-01	5.27e-03	4.27e-06
 4.72607e+16	9.95e-01	5.02e-03	3.88e-06
 4.73811e+16	9.95e-01	4.78e-03	3.53e-06
 4.75039e+16	9.95e-01	4.55e-03	3.20e-06
 4.76292e+16	9.96e-01	4.33e-03	2.91e-06
 4.77574e+16	9.96e-01	4.12e-03	2.64e-06
 4.78888e+16	9.96e-01	3.92e-03	2.39e-06
 4.80230e+16	9.96e-01	3.73e-03	2.16e-06
 4.81581e+16	9.96e-01	3.55e-03	1.96e-06
 4.82956e+16	9.97e-01	3.37e-03	1.77e-06
 4.84385e+16	9.97e-01	3.20e-03	1.60e-06
 4.85853e+16	9.97e-01	3.04e-03	1.44e-06
 4.87346e+16	9.97e-01	2.89e-03	1.30e-06
 4.88870e+16	9.97e-01	2.74e-03	1.17e-06
 4.90428e+16	9.97e-01	2.60e-03	1.05e-06
 4.92017e+16	9.98e-01	2.46e-03	9.42e-07
 4.93640e+16	9.98e-01	2.33e-03	8.45e-07
 4.95300e+16	9.98e-01	2.21e-03	7.56e-07
 4.96997e+16	9.98e-01	2.09e-03	6.77e-07
 4.98733e+16	9.98e-01	1.98e-03	6.04e-07
 5.00508e+16	9.98e-01	1.87e-03	5.39e-07
 5.02326e+16	9.98e-01	1.77e-03	4.80e-07
 5.04185e+16	9.98e-01	1.67e-03	4.27e-07
 5.06088e+16	9.98e-01	1.57e-03	3.79e-07
 5.08040e+16	9.99e-01	1.49e-03	3.36e-07
 5.10042e+16	9.99e-01	1.40e-03	2.97e-07
 5.12097e+16	9.99e-01	1.32e-03	2.62e-07
 5.14206e+16	9.99e-01	1.24e-03	2.31e-07
 5.16374e+16	9.99e-01	1.17e-03	2.03e-07
 5.18605e+16	9.99e-01	1.09e-03	1.78e-07
 5.20903e+16	9.99e-01	1.03e-03	1.56e-07
 5.23269e+16	9.99e-01	9.62e-04	1.36e-07
 5.25711e+16	9.99e-01	9.00e-04	1.18e-07
 5.28200e+16	9.99e-01	8.43e-04	1.03e-07
 5.30752e+16	9.99e-01	7.87e-04	8.88e-08
 5.33438e+16	9.99e-01	7.34e-04	7.64e-08
 5.36257e+16	9.99e-01	6.82e-04	6.53e-08
 5.39183e+16	9.99e-01	6.33e-04	5.56e-08
 5.42225e+16	9.99e-01	5.86e-04	4.71e-08
 5.45402e+16	9.99e-01	5.41e-04	3.97e-08
 5.48724e+16	1.00e+00	4.98e-04	3.32e-08
 5.52230e+16	1.00e+00	4.57e-04	2.75e-08
 5.55907e+16	1.00e+00	4.18e-04	2.27e-08
 5.59788e+16	1.00e+00	3.80e-04	1.85e-08
 5.63933e+16	1.00e+00	3.44e-04	1.48e-08
 5.68328e+16	1.00e+00	3.09e-04	1.18e-08
 5.73022e+16	1.00e+00	2.76e-04	9.21e-09
 5.78093e+16	1.00e+00	2.43e-04	7.06e-09
 5.83613e+16	1.00e+00	2.12e-04	5.29e-09
 5.89578e+16	1.00e+00	1.82e-04	3.86e-09
 5.96274e+16	1.00e+00	1.53e-04	2.68e-09
 6.04272e+16	1.00e+00	1.24e-04	1.75e-09
 6.13498e+16	1.00e+00	9.73e-05	1.08e-09
 6.23207e+16	1.00e+00	7.56e-05	6.52e-10
 6.34073e+16	1.00e+00	5.68e-05	3.69e-10
 6.47164e+16	1.00e+00	4.04e-05	1.88e-10
 6.61424e+16	1.00e+00	2.83e-05	9.30e-11
 6.76118e+16	1.00e+00	1.97e-05	4.55e-11
 6.91477e+16	1.00e+00	1.36e-05	2.19e-11
 7.07139e+16	1.00e+00	9.42e-06	1.06e-11
 7.22799e+16	1.00e+00	6.57e-06	5.25e-12
 7.38460e+16	1.00e+00	4.63e-06	2.64e-12
 7.54121e+16	1.00e+00	3.29e-06	1.34e-12
 7.69782e+16	1.00e+00	2.34e-06	6.94e-13
 7.85443e+16	1.00e+00	1.69e-06	3.65e-13
 8.01105e+16	1.00e+00	1.22e-06	1.94e-13
 8.16766e+16	1.00e+00	8.87e-07	1.04e-13
 8.32427e+16	1.00e+00	6.46e-07	5.67e-14
 8.48089e+16	1.00e+00	4.77e-07	3.14e-14
 8.63750e+16	1.00e+00	3.54e-07	1.76e-14
 8.81760e+16	1.00e+00	2.51e-07	9.00e-15
 9.02426e+16	1.00e+00	1.72e-07	4.32e-15
 9.23399e+16	1.00e+00	1.19e-07	2.11e-15
 9.44372e+16	1.00e+00	8.25e-08	1.04e-15
 9.67094e+16	1.00e+00	5.63e-08	4.94e-16
 9.91683e+16	1.00e+00	3.77e-08	2.27e-16
 1.01639e+17	1.00e+00	2.56e-08	1.07e-16
 1.04203e+17	1.00e+00	1.73e-08	4.99e-17
 1.06898e+17	1.00e+00	1.17e-08	2.30e-17
 1.09673e+17	1.00e+00	7.87e-09	1.06e-17
 1.12501e+17	1.00e+00	5.32e-09	4.94e-18
 1.15343e+17	1.00e+00	3.64e-09	2.35e-18
 1.18185e+17	1.00e+00	2.52e-09	1.14e-18
 1.21027e+17	1.00e+00	1.76e-09	5.64e-19
 1.23869e+17	1.00e+00	1.25e-09	2.84e-19
 1.26711e+17	1.00e+00	8.88e-10	1.46e-19
 1.29554e+17	1.00e+00	6.37e-10	7.58e-20
 1.32397e+17	1.00e+00	4.63e-10	4.02e-20
 1.35239e+17	1.00e+00	3.38e-10	2.16e-20
 1.38082e+17	1.00e+00	2.49e-10	1.18e-20
 1.40925e+17	1.00e+00	1.84e-10	6.51e-21
 1.43768e+17	1.00e+00	1.38e-10	0.00e+00
 1.46610e+17	1.00e+00	1.04e-10	0.00e+00
 1.49453e+17	1.00e+00	7.84e-11	0.00e+00
 1.52439e+17	1.00e+00	5.88e-11	0.00e+00
 1.55969e+17	1.00e+00	4.20e-11	0.00e+00
 1.59899e+17	1.00e+00	2.95e-11	0.00e+00
 1.63982e+17	1.00e+00	2.07e-11	0.00e+00
 1.68259e+17	1.00e+00	1.46e-11	0.00e+00
 1.72641e+17	1.00e+00	1.03e-11	0.00e+00
 1.77106e+17	1.00e+00	7.47e-12	0.00e+00
 1.81680e+17	1.00e+00	5.49e-12	0.00e+00
 1.86341e+17	1.00e+00	4.14e-12	0.00e+00
 1.91002e+17	1.00e+00	3.23e-12	0.00e+00
 1.95662e+17	1.00e+00	2.61e-12	0.00e+00
 2.00531e+17	1.00e+00	2.16e-12	0.00e+00
 2.05681e+17	1.00e+00	1.82e-12	0.00e+00
 2.10930e+17	1.00e+00	1.58e-12	0.00e+00
 2.16281e+17	1.00e+00	1.42e-12	0.00e+00
 2.21761e+17	1.00e+00	1.30e-12	0.00e+00
 2.27765e+17	1.00e+00	1.22e-12	0.00e+00
 2.34434e+17	1.00e+00	1.08e-12	0.00e+00
 2.41238e+17	1.00e+00	9.94e-13	0.00e+00
 2.47911e+17	1.00e+00	9.68e-13	0.00e+00
 2.54513e+17	1.00e+00	9.63e-13	0.00e+00
 2.61121e+17	1.00e+00	9.54e-13	0.00e+00
 2.67713e+17	1.00e+00	9.46e-13	0.00e+00
 2.74232e+17	1.00e+00	9.43e-13	0.00e+00
 2.80622e+17	1.00e+00	9.47e-13	0.00e+00
 2.86853e+17	1.00e+00	9.56e-13	0.00e+00
 2.92913e+17	1.00e+00	9.68e-13	0.00e+00
 2.98778e+17	1.00e+00	9.83e-13	0.00e+00
 3.04421e+17	1.00e+00	1.00e-12	0.00e+00
 3.09826e+17	1.00e+00	1.02e-12	0.00e+00
 3.14983e+17	1.00e+00	1.04e-12	0.00e+00
 3.19888e+17	1.00e+00	1.07e-12	0.00e+00
 3.24546e+17	1.00e+00	1.09e-12	0.00e+00
 3.28958e+17	1.00e+00	1.11e-12	0.00e+00
 3.33128e+17	1.00e+00	1.14e-12	0.00e+00
 3.37066e+17	1.00e+00	1.16e-12	0.00e+00
 3.40782e+17	1.00e+00	1.19e-12	0.00e+00
 3.44287e+17	1.00e+00	1.21e-12	0.00e+00
 3.47593e+17	1.00e+00	1.23e-12	0.00e+00
 3.50710e+17	1.00e+00	1.25e-12	0.00e+00
 3.53650e+17	1.00e+00	1.27e-12	0.00e+00
 3.56423e+17	1.00e+00	1.29e-12	0.00e+00
 3.59038e+17	1.00e+00	1.31e-12	0.00e+00
 3.61506e+17	1.00e+00	1.33e-12	0.00e+00
 3.63838e+17	1.00e+00	1.34e-12	0.00e+00
 3.66041e+17	1.00e+00	1.36e-12	0.00e+00
 3.68123e+17	1.00e+00	1.37e-12	0.00e+00
 3.70088e+17	1.00e+00	1.39e-12	0.00e+00
 3.71944e+17	1.00e+00	1.40e-12	0.00e+00
 3.73698e+17	1.00e+00	1.41e-12	0.00e+00
 3.75362e+17	1.00e+00	1.42e-12	0.00e+00
 3.76941e+17	1.00e+00	1.44e-12	0.00e+00
 3.78438e+17	1.00e+00	1.44e-12	0.00e+00
 3.79857e+17	1.00e+00	1.45e-12	0.00e+00
 3.81202e+17	1.00e+00	1.46e-12	0.00e+00
 3.82477e+17	1.00e+00	1.47e-12	0.00e+00
 3.83690e+17	1.00e+00	1.48e-12	0.00e+00
 3.84843e+17	1.00e+00	1.49e-12	0.00e+00
 3.85940e+17	1.00e+00	1.49e-12	0.00e+00
 3.86983e+17	1.00e+00	1.50e-12	0.00e+00
 3.87976e+17	1.00e+00	1.51e-12	0.00e+00
 3.88921e+17	1.00e+00	1.51e-12	0.00e+00
 3.89822e+17	1.00e+00	1.52e-12	0.00e+00
 3.90682e+17	1.00e+00	1.52e-12	0.00e+00
 3.91504e+17	1.00e+00	1.53e-12	0.00e+00
 3.92289e+17	1.00e+00	1.53e-12	0.00e+00
 3.93039e+17	1.00e+00	1.54e-12	0.00e+00
 3.93757e+17	1.00e+00	1.54e-12	0.00e+00
 3.94445e+17	1.00e+00	1.54e-12	0.00e+00
 3.95105e+17	1.00e+00	1.55e-12	0.00e+00
 3.95740e+17	1.00e+00	1.55e-12	0.00e+00
 3.96350e+17	1.00e+00	1.56e-12	0.00e+00
 3.96938e+17	1.00e+00	1.56e-12	0.00e+00
 3.97505e+17	1.00e+00	1.56e-12	0.00e+00
 3.98053e+17	1.00e+00	1.56e-12	0.00e+00
 3.98584e+17	1.00e+00	1.57e-12	0.00e+00
 3.99100e+17	1.00e+00	1.57e-12	0.00e+00
 3.99601e+17	1.00e+00	1.57e-12	0.00e+00
 4.00091e+17	1.00e+00	1.57e-12	0.00e+00
 4.00570e+17	1.00e+00	1.57e-12	0.00e+00
 4.01040e+17	1.00e+00	1.58e-12	0.00e+00
 4.01503e+17	1.00e+00	1.58e-12	0.00e+00
 4.01962e+17	1.00e+00	1.58e-12	0.00e+00
 4.02418e+17	1.00e+00	1.58e-12	0.00e+00
 4.02873e+17	1.00e+00	1.58e-12	0.00e+00
 4.03331e+17	1.00e+00	1.58e-12	0.00e+00
 4.03794e+17	1.00e+00	1.58e-12	0.00e+00
 4.04266e+17	1.00e+00	1.58e-12	0.00e+00
 4.04750e+17	1.00e+00	1.58e-12	0.00e+00
 4.05253e+17	1.00e+00	1.58e-12	0.00e+00
 4.05779e+17	1.00e+00	1.58e-12	0.00e+00
 4.06337e+17	1.00e+00	1.58e-12	0.00e+00
 4.06936e+17	1.00e+00	1.58e-12	0.00e+00
 4.07591e+17	1.00e+00	1.58e-12	0.00e+00
 4.08317e+17	1.00e+00	1.58e-12	0.00e+00
 4.09140e+17	1.00e+00	1.57e-12	0.00e+00
 4.10093e+17	1.00e+00	1.56e-12	0.00e+00
 4.11226e+17	1.00e+00	1.55e-12	0.00e+00
 4.12610e+17	1.00e+00	1.53e-12	0.00e+00
 4.14354e+17	1.00e+00	1.50e-12	0.00e+00
 4.16605e+17	1.00e+00	1.46e-12	0.00e+00
 4.19531e+17	1.00e+00	1.39e-12	0.00e+00
 4.23335e+17	1.00e+00	1.29e-12	0.00e+00
 4.28280e+17	1.00e+00	1.16e-12	0.00e+00
 4.34709e+17	1.00e+00	1.00e-12	0.00e+00
 4.43067e+17	1.00e+00	8.15e-13	0.00e+00
 4.53932e+17	1.00e+00	6.16e-13	0.00e+00
 4.68056e+17	1.00e+00	4.21e-13	0.00e+00
 4.85560e+17	1.00e+00	2.51e-13	0.00e+00
 5.04982e+17	1.00e+00	1.57e-13	0.00e+00
 5.25182e+17	1.00e+00	1.36e-13	0.00e+00
 5.46189e+17	1.00e+00	1.17e-13	0.00e+00
 5.68037e+17	1.00e+00	1.00e-13	0.00e+00
 5.90758e+17	1.00e+00	8.52e-14	0.00e+00
 6.14388e+17	1.00e+00	7.15e-14	0.00e+00
 6.38964e+17	1.00e+00	5.92e-14	0.00e+00
 6.64522e+17	1.00e+00	4.84e-14	0.00e+00
 6.90293e+17	1.00e+00	3.89e-14	0.00e+00
 7.14673e+17	1.00e+00	3.92e-14	0.00e+00
 7.36605e+17	1.00e+00	4.98e-14	0.00e+00
 7.56286e+17	1.00e+00	6.75e-14	0.00e+00
 7.74653e+17	1.00e+00	8.00e-14	0.00e+00
 7.92285e+17	1.00e+00	8.20e-14	0.00e+00
 8.08918e+17	1.00e+00	8.12e-14	0.00e+00
 8.23901e+17	1.00e+00	8.70e-14	0.00e+00
 8.36873e+17	1.00e+00	9.97e-14	0.00e+00
 8.48141e+17	1.00e+00	1.15e-13	0.00e+00
 8.58321e+17	1.00e+00	1.21e-13	0.00e+00
 8.67316e+17	1.00e+00	1.20e-13	0.00e+00
 8.74065e+17	1.00e+00	1.25e-13	0.00e+00
 8.78113e+17	1.00e+00	1.45e-13	0.00e+00
 8.80338e+17	1.00e+00	1.62e-13	0.00e+00
 8.81637e+17	1.00e+00	1.72e-13	0.00e+00
 8.82416e+17	1.00e+00	1.78e-13	0.00e+00
 8.82939e+17	1.00e+00	1.82e-13	0.00e+00
 8.83424e+17	1.00e+00	1.84e-13	0.00e+00
 8.83964e+17	1.00e+00	1.86e-13	0.00e+00
 8.84524e+17	1.00e+00	1.88e-13	0.00e+00
 8.85036e+17	1.00e+00	1.89e-13	0.00e+00
 8.85450e+17	1.00e+00	1.90e-13	0.00e+00
 8.85842e+17	1.00e+00	1.91e-13	0.00e+00
 8.86290e+17	1.00e+00	1.91e-13	0.00e+00
 8.86727e+17	1.00e+00	1.91e-13	0.00e+00
 8.87089e+17	1.00e+00	1.91e-13	0.00e+00
 8.87379e+17	1.00e+00	1.91e-13	0.00e+00
 8.87667e+17	1.00e+00	1.91e-13	0.00e+00
 8.87983e+17	1.00e+00	1.91e-13	0.00e+00
 8.88296e+17	1.00e+00	1.91e-13	0.00e+00
 8.88571e+17	1.00e+00	1.91e-13	0.00e+00
 8.88811e+17	1.00e+00	1.90e-13	0.00e+00
 8.89052e+17	1.00e+00	1.90e-13	0.00e+00
 8.89307e+17	1.00e+00	1.90e-13	0.00e+00
 8.89556e+17	1.00e+00	1.89e-13	0.00e+00
 8.89793e+17	1.00e+00	1.89e-13	0.00e+00
 8.90016e+17	1.00e+00	1.88e-13	0.00e+00
 8.90228e+17	1.00e+00	1.88e-13	0.00e+00
 8.90433e+17	1.00e+00	1.87e-13	0.00e+00
 8.90637e+17	1.00e+00	1.87e-13	0.00e+00
 8.90846e+17	1.00e+00	1.86e-13	0.00e+00
 8.91055e+17	1.00e+00	1.86e-13	0.00e+00
 8.91257e+17	1.00e+00	1.85e-13	0.00e+00
 8.91454e+17	1.00e+00	1.84e-13	0.00e+00
 8.91649e+17	1.00e+00	1.84e-13	0.00e+00
 8.91843e+17	1.00e+00	1.83e-13	0.00e+00
 8.92036e+17	1.00e+00	1.82e-13	0.00e+00
 8.92226e+17	1.00e+00	1.82e-13	0.00e+00
 8.92417e+17	1.00e+00	1.81e-13	0.00e+00
 8.92619e+17	1.00e+00	1.80e-13	0.00e+00
 8.92825e+17	1.00e+00	1.79e-13	0.00e+00
 8.93031e+17	1.00e+00	1.78e-13	0.00e+00
 8.93236e+17	1.00e+00	1.78e-13	0.00e+00
 8.93439e+17	1.00e+00	1.77e-13	0.00e+00
 8.93643e+17	1.00e+00	1.76e-13	0.00e+00
 8.93845e+17	1.00e+00	1.75e-13	0.00e+00
 8.94065e+17	1.00e+00	1.74e-13	0.00e+00
 8.94321e+17	1.00e+00	1.73e-13	0.00e+00
 8.94572e+17	1.00e+00	1.71e-13	0.00e+00
 8.94786e+17	1.00e+00	1.70e-13	0.00e+00
 8.95002e+17	1.00e+00	1.69e-13	0.00e+00
 8.95251e+17	1.00e+00	1.68e-13	0.00e+00
 8.95516e+17	1.00e+00	1.67e-13	0.00e+00
 8.95764e+17	1.00e+00	1.65e-13	0.00e+00
 8.96015e+17	1.00e+00	1.64e-13	0.00e+00
 8.96293e+17	1.00e+00	1.63e-13	0.00e+00
 8.96577e+17	1.00e+00	1.61e-13	0.00e+00
 8.96850e+17	1.00e+00	1.59e-13	0.00e+00
 8.97133e+17	1.00e+00	1.58e-13	0.00e+00
 8.97438e+17	1.00e+00	1.56e-13	0.00e+00
 8.97756e+17	1.00e+00	1.54e-13	0.00e+00
 8.98075e+17	1.00e+00	1.53e-13	0.00e+00
 8.98393e+17	1.00e+00	1.51e-13	0.00e+00
 8.98715e+17	1.00e+00	1.49e-13	0.00e+00
 8.99047e+17	1.00e+00	1.47e-13	0.00e+00
 8.99382e+17	1.00e+00	1.45e-13	0.00e+00
 8.99735e+17	1.00e+00	1.43e-13	0.00e+00
 9.00127e+17	1.00e+00	1.41e-13	0.00e+00
 9.00530e+17	1.00e+00	1.38e-13	0.00e+00
 9.00914e+17	1.00e+00	1.36e-13	0.00e+00
 9.01290e+17	1.00e+00	1.34e-13	0.00e+00
 9.01685e+17	1.00e+00	1.31e-13	0.00e+00
 9.02127e+17	1.00e+00	1.29e-13	0.00e+00
 9.02597e+17	1.00e+00	1.26e-13	0.00e+00
 9.03042e+17	1.00e+00	1.23e-13	0.00e+00
 9.03460e+17	1.00e+00	1.21e-13	0.00e+00
 9.03909e+17	1.00e+00	1.18e-13	0.00e+00
 9.04419e+17	1.00e+00	1.15e-13	0.00e+00
 9.04936e+17	1.00e+00	1.12e-13	0.00e+00
 9.05414e+17	1.00e+00	1.10e-13	0.00e+00
 9.05899e+17	1.00e+00	1.07e-13	0.00e+00
 9.06429e+17	1.00e+00	1.04e-13	0.00e+00
 9.06992e+17	1.00e+00	1.01e-13	0.00e+00
 9.07557e+17	1.00e+00	9.76e-14	0.00e+00
 9.08101e+17	1.00e+00	9.45e-14	0.00e+00
 9.08641e+17	1.00e+00	9.17e-14	0.00e+00
 9.09212e+17	1.00e+00	8.87e-14	0.00e+00
 9.09825e+17	1.00e+00	8.55e-14	0.00e+00
 9.10447e+17	1.00e+00	8.22e-14	0.00e+00
 9.11055e+17	1.00e+00	7.91e-14	0.00e+00
 9.11666e+17	1.00e+00	7.61e-14	0.00e+00
 9.12302e+17	1.00e+00	7.31e-14	0.00e+00
 9.12966e+17	1.00e+00	6.99e-14	0.00e+00
 9.13648e+17	1.00e+00	6.68e-14	0.00e+00
 9.14329e+17	1.00e+00	6.35e-14	0.00e+00
 9.15011e+17	1.00e+00	6.05e-14	0.00e+00
 9.15700e+17	1.00e+00	5.75e-14	0.00e+00
 9.16401e+17	1.00e+00	5.46e-14	0.00e+00
 9.17119e+17	1.00e+00	5.17e-14	0.00e+00
 9.17883e+17	1.00e+00	4.88e-14	0.00e+00
 9.18673e+17	1.00e+00	4.57e-14	0.00e+00
 9.19443e+17	1.00e+00	4.28e-14	0.00e+00
 9.20204e+17	1.00e+00	4.01e-14	0.00e+00
 9.21001e+17	1.00e+00	3.75e-14	0.00e+00
 9.21847e+17	1.00e+00	3.48e-14	0.00e+00
 9.22702e+17	1.00e+00	3.22e-14	0.00e+00
 9.23546e+17	1.00e+00	2.96e-14	0.00e+00
 9.24325e+17	1.00e+00	2.73e-14	0.00e+00
 9.24993e+17	1.00e+00	2.55e-14	0.00e+00
 9.25571e+17	1.00e+00	2.39e-14	0.00e+00
 9.26106e+17	1.00e+00	2.26e-14	0.00e+00
