#depth	N	N+	N+2	N+3	N+4	N+5	N+6	N+7
 1.49634e+10	0.00e+00	0.00e+00	4.60e-31	1.45e-20	5.28e-11	6.06e-01	3.94e-01	1.13e-04
 4.54887e+10	0.00e+00	4.83e-42	6.00e-31	1.75e-20	5.88e-11	6.24e-01	3.76e-01	9.93e-05
 7.72350e+10	0.00e+00	0.00e+00	7.82e-31	2.11e-20	6.55e-11	6.42e-01	3.57e-01	8.73e-05
 1.10251e+11	0.00e+00	9.59e-42	1.02e-30	2.54e-20	7.29e-11	6.61e-01	3.39e-01	7.66e-05
 1.44588e+11	0.00e+00	0.00e+00	1.32e-30	3.05e-20	8.09e-11	6.78e-01	3.22e-01	6.71e-05
 1.80298e+11	0.00e+00	1.89e-41	1.72e-30	3.66e-20	8.98e-11	6.95e-01	3.04e-01	5.87e-05
 2.17437e+11	0.00e+00	0.00e+00	2.23e-30	4.39e-20	9.95e-11	7.12e-01	2.88e-01	5.13e-05
 2.56061e+11	0.00e+00	3.72e-41	2.88e-30	5.25e-20	1.10e-10	7.28e-01	2.72e-01	4.48e-05
 2.96231e+11	0.00e+00	0.00e+00	3.73e-30	6.28e-20	1.22e-10	7.44e-01	2.56e-01	3.90e-05
 3.33766e+11	0.00e+00	7.03e-41	4.69e-30	7.37e-20	1.33e-10	7.57e-01	2.43e-01	3.44e-05
 3.66920e+11	0.00e+00	0.00e+00	5.71e-30	8.44e-20	1.43e-10	7.69e-01	2.31e-01	3.09e-05
 4.03943e+11	0.00e+00	1.20e-40	7.06e-30	9.77e-20	1.55e-10	7.80e-01	2.20e-01	2.75e-05
 4.48330e+11	0.00e+00	0.00e+00	9.01e-30	1.16e-19	1.70e-10	7.93e-01	2.07e-01	2.40e-05
 4.92820e+11	0.00e+00	2.25e-40	1.14e-29	1.36e-19	1.86e-10	8.05e-01	1.95e-01	2.10e-05
 5.33704e+11	0.00e+00	0.00e+00	1.40e-29	1.57e-19	2.01e-10	8.16e-01	1.84e-01	1.86e-05
 5.79369e+11	0.00e+00	3.97e-40	1.76e-29	1.83e-19	2.19e-10	8.26e-01	1.74e-01	1.63e-05
 6.32246e+11	0.00e+00	0.00e+00	2.25e-29	2.17e-19	2.40e-10	8.37e-01	1.63e-01	1.41e-05
 6.83914e+11	0.00e+00	7.48e-40	2.85e-29	2.54e-19	2.61e-10	8.48e-01	1.52e-01	1.23e-05
 7.32882e+11	0.00e+00	0.00e+00	3.52e-29	2.94e-19	2.82e-10	8.56e-01	1.44e-01	1.08e-05
 7.87356e+11	0.00e+00	1.34e-39	4.43e-29	3.44e-19	3.07e-10	8.65e-01	1.35e-01	9.45e-06
 8.48777e+11	0.00e+00	0.00e+00	5.67e-29	4.07e-19	3.36e-10	8.74e-01	1.26e-01	8.14e-06
 9.10465e+11	0.00e+00	2.54e-39	7.20e-29	4.79e-19	3.66e-10	8.83e-01	1.17e-01	7.04e-06
 9.74620e+11	0.00e+00	0.00e+00	9.13e-29	5.63e-19	3.99e-10	8.91e-01	1.09e-01	6.08e-06
 1.04353e+12	0.00e+00	4.82e-39	1.17e-28	6.65e-19	4.35e-10	8.98e-01	1.02e-01	5.22e-06
 1.11520e+12	0.00e+00	0.00e+00	1.49e-28	7.85e-19	4.75e-10	9.06e-01	9.43e-02	4.48e-06
 1.18973e+12	0.00e+00	9.22e-39	1.91e-28	9.27e-19	5.18e-10	9.12e-01	8.75e-02	3.84e-06
 1.26725e+12	0.00e+00	0.00e+00	2.44e-28	1.09e-18	5.64e-10	9.19e-01	8.12e-02	3.29e-06
 1.34787e+12	0.00e+00	1.76e-38	3.11e-28	1.29e-18	6.15e-10	9.25e-01	7.53e-02	2.82e-06
 1.43171e+12	0.00e+00	0.00e+00	3.97e-28	1.52e-18	6.70e-10	9.30e-01	6.97e-02	2.41e-06
 1.51890e+12	0.00e+00	3.36e-38	5.07e-28	1.79e-18	7.29e-10	9.35e-01	6.46e-02	2.06e-06
 1.60959e+12	0.00e+00	0.00e+00	6.47e-28	2.11e-18	7.94e-10	9.40e-01	5.98e-02	1.76e-06
 1.70390e+12	0.00e+00	6.41e-38	8.25e-28	2.49e-18	8.64e-10	9.45e-01	5.53e-02	1.51e-06
 1.80198e+12	0.00e+00	0.00e+00	1.05e-27	2.94e-18	9.40e-10	9.49e-01	5.09e-02	1.28e-06
 1.90399e+12	0.00e+00	1.22e-37	1.34e-27	3.46e-18	1.02e-09	9.53e-01	4.70e-02	1.09e-06
 2.00309e+12	0.00e+00	0.00e+00	1.69e-27	4.03e-18	1.11e-09	9.56e-01	4.37e-02	9.38e-07
 2.09456e+12	0.00e+00	2.17e-37	2.07e-27	4.62e-18	1.19e-09	9.59e-01	4.09e-02	0.00e+00
 2.19661e+12	0.00e+00	0.00e+00	2.57e-27	5.35e-18	1.28e-09	9.62e-01	3.80e-02	0.00e+00
 2.31435e+12	0.00e+00	4.01e-37	3.28e-27	6.30e-18	1.39e-09	9.65e-01	3.51e-02	0.00e+00
 2.43034e+12	0.00e+00	0.00e+00	4.14e-27	7.36e-18	1.50e-09	9.67e-01	3.25e-02	0.00e+00
 2.55098e+12	0.00e+00	7.41e-37	5.22e-27	8.60e-18	1.63e-09	9.70e-01	3.01e-02	0.00e+00
 2.68294e+12	0.00e+00	0.00e+00	6.66e-27	1.01e-17	1.77e-09	9.72e-01	2.78e-02	0.00e+00
 2.81688e+12	0.00e+00	1.41e-36	8.46e-27	1.19e-17	1.92e-09	9.74e-01	2.57e-02	0.00e+00
 2.95617e+12	3.99e-47	1.93e-36	1.07e-26	1.40e-17	2.08e-09	9.76e-01	2.37e-02	0.00e+00
 3.10434e+12	0.00e+00	0.00e+00	1.37e-26	1.64e-17	2.26e-09	9.78e-01	2.18e-02	0.00e+00
 3.25844e+12	0.00e+00	3.71e-36	1.75e-26	1.94e-17	2.46e-09	9.80e-01	2.01e-02	0.00e+00
 3.41870e+12	1.35e-46	5.14e-36	2.24e-26	2.29e-17	2.67e-09	9.81e-01	1.85e-02	0.00e+00
 3.58538e+12	0.00e+00	0.00e+00	2.87e-26	2.70e-17	2.91e-09	9.83e-01	1.70e-02	0.00e+00
 3.75872e+12	0.00e+00	9.88e-36	3.67e-26	3.18e-17	3.16e-09	9.84e-01	1.57e-02	0.00e+00
 3.93900e+12	4.61e-46	1.37e-35	4.70e-26	3.75e-17	3.44e-09	9.86e-01	1.44e-02	0.00e+00
 4.12648e+12	0.00e+00	0.00e+00	6.03e-26	4.43e-17	3.74e-09	9.87e-01	1.33e-02	0.00e+00
 4.30320e+12	0.00e+00	2.57e-35	7.55e-26	5.16e-17	4.03e-09	9.88e-01	1.23e-02	0.00e+00
 4.46194e+12	1.40e-45	3.34e-35	9.19e-26	5.88e-17	4.31e-09	9.88e-01	1.15e-02	0.00e+00
 4.64043e+12	0.00e+00	0.00e+00	1.14e-25	6.79e-17	4.64e-09	9.89e-01	1.07e-02	0.00e+00
 4.85110e+12	0.00e+00	6.13e-35	1.45e-25	8.00e-17	5.04e-09	9.90e-01	9.85e-03	0.00e+00
 5.06242e+12	4.42e-45	8.40e-35	1.84e-25	9.38e-17	5.46e-09	9.91e-01	9.09e-03	0.00e+00
 5.26174e+12	0.00e+00	0.00e+00	2.29e-25	1.08e-16	5.87e-09	9.92e-01	8.45e-03	0.00e+00
 5.48167e+12	0.00e+00	1.52e-34	2.88e-25	1.27e-16	6.35e-09	9.92e-01	7.81e-03	0.00e+00
 5.73087e+12	1.41e-44	2.12e-34	3.71e-25	1.50e-16	6.92e-09	9.93e-01	7.17e-03	0.00e+00
 5.98088e+12	0.00e+00	2.93e-34	4.74e-25	1.77e-16	7.52e-09	9.93e-01	6.60e-03	0.00e+00
 6.24090e+12	3.16e-44	4.06e-34	6.06e-25	2.09e-16	8.18e-09	9.94e-01	6.07e-03	0.00e+00
 6.52046e+12	0.00e+00	5.70e-34	7.83e-25	2.48e-16	8.92e-09	9.94e-01	5.56e-03	0.00e+00
 6.78297e+12	7.05e-44	7.73e-34	9.87e-25	2.89e-16	9.65e-09	9.95e-01	5.14e-03	0.00e+00
 7.01786e+12	0.00e+00	1.01e-33	1.21e-24	3.31e-16	1.03e-08	9.95e-01	4.80e-03	0.00e+00
 7.28213e+12	1.41e-43	1.35e-33	1.50e-24	3.84e-16	1.11e-08	9.96e-01	4.46e-03	0.00e+00
 7.59509e+12	0.00e+00	1.88e-33	1.93e-24	4.55e-16	1.21e-08	9.96e-01	4.09e-03	0.00e+00
 7.90906e+12	3.18e-43	2.59e-33	2.47e-24	5.36e-16	1.32e-08	9.96e-01	3.76e-03	0.00e+00
 8.20347e+12	0.00e+00	3.47e-33	3.08e-24	6.23e-16	1.42e-08	9.97e-01	3.49e-03	0.00e+00
 8.52943e+12	6.76e-43	4.75e-33	3.91e-24	7.31e-16	1.55e-08	9.97e-01	3.21e-03	0.00e+00
 8.90053e+12	0.00e+00	6.70e-33	5.08e-24	8.73e-16	1.69e-08	9.97e-01	2.94e-03	0.00e+00
 9.26598e+12	1.56e-42	9.29e-33	6.51e-24	1.03e-15	1.84e-08	9.97e-01	2.69e-03	0.00e+00
 9.64604e+12	0.00e+00	1.29e-32	8.36e-24	1.22e-15	2.01e-08	9.98e-01	2.47e-03	0.00e+00
 1.00618e+13	3.59e-42	1.82e-32	1.09e-23	1.46e-15	2.20e-08	9.98e-01	2.26e-03	0.00e+00
 1.04798e+13	0.00e+00	2.55e-32	1.41e-23	1.74e-15	2.41e-08	9.98e-01	2.06e-03	0.00e+00
 1.09145e+13	8.26e-42	3.56e-32	1.82e-23	2.08e-15	2.64e-08	9.98e-01	1.89e-03	0.00e+00
 1.13810e+13	0.00e+00	5.05e-32	2.37e-23	2.49e-15	2.89e-08	9.98e-01	1.72e-03	0.00e+00
 1.18441e+13	1.92e-41	7.03e-32	3.06e-23	2.96e-15	3.17e-08	9.98e-01	1.57e-03	0.00e+00
 1.23257e+13	0.00e+00	9.80e-32	3.95e-23	3.53e-15	3.46e-08	9.99e-01	1.44e-03	0.00e+00
 1.28486e+13	4.44e-41	1.39e-31	5.16e-23	4.25e-15	3.81e-08	9.99e-01	1.31e-03	0.00e+00
 1.33925e+13	0.00e+00	1.96e-31	6.74e-23	5.11e-15	4.19e-08	9.99e-01	1.19e-03	0.00e+00
 1.39581e+13	1.04e-40	2.78e-31	8.81e-23	6.14e-15	4.62e-08	9.99e-01	1.08e-03	0.00e+00
 1.45464e+13	0.00e+00	3.93e-31	1.15e-22	7.40e-15	5.09e-08	9.99e-01	9.80e-04	0.00e+00
 1.50772e+13	2.31e-40	5.30e-31	1.45e-22	8.70e-15	5.54e-08	9.99e-01	9.01e-04	0.00e+00
 1.55176e+13	0.00e+00	6.74e-31	1.75e-22	9.91e-15	5.93e-08	9.99e-01	8.42e-04	0.00e+00
 1.59992e+13	4.25e-40	8.70e-31	2.14e-22	1.14e-14	6.38e-08	9.99e-01	7.83e-04	0.00e+00
 1.66118e+13	0.00e+00	1.19e-30	2.73e-22	1.35e-14	6.98e-08	9.99e-01	7.16e-04	0.00e+00
 1.72521e+13	9.17e-40	1.63e-30	3.49e-22	1.61e-14	7.65e-08	9.99e-01	6.54e-04	0.00e+00
 1.78169e+13	0.00e+00	2.13e-30	4.31e-22	1.86e-14	8.27e-08	9.99e-01	6.05e-04	0.00e+00
 1.83397e+13	1.70e-39	2.70e-30	5.19e-22	2.13e-14	8.87e-08	9.99e-01	5.64e-04	0.00e+00
 1.89328e+13	0.00e+00	3.51e-30	6.38e-22	2.46e-14	9.58e-08	9.99e-01	5.22e-04	0.00e+00
 1.96684e+13	3.41e-39	4.79e-30	8.15e-22	2.93e-14	1.05e-07	1.00e+00	4.76e-04	0.00e+00
 2.04030e+13	0.00e+00	6.45e-30	1.03e-21	3.47e-14	1.15e-07	1.00e+00	4.35e-04	0.00e+00
 2.10326e+13	6.57e-39	8.24e-30	1.25e-21	3.99e-14	1.24e-07	1.00e+00	4.04e-04	0.00e+00
 2.17118e+13	0.00e+00	1.06e-29	1.53e-21	4.61e-14	1.34e-07	1.00e+00	3.74e-04	0.00e+00
 2.25525e+13	1.29e-38	1.44e-29	1.95e-21	5.48e-14	1.47e-07	1.00e+00	3.41e-04	0.00e+00
 2.34167e+13	0.00e+00	1.94e-29	2.47e-21	6.51e-14	1.62e-07	1.00e+00	3.11e-04	0.00e+00
 2.41979e+13	2.52e-38	2.51e-29	3.04e-21	7.55e-14	1.75e-07	1.00e+00	2.87e-04	0.00e+00
 2.50578e+13	0.00e+00	3.30e-29	3.78e-21	8.84e-14	1.91e-07	1.00e+00	2.64e-04	0.00e+00
 2.60697e+13	5.05e-38	4.48e-29	4.83e-21	1.06e-13	2.10e-07	1.00e+00	2.40e-04	0.00e+00
 2.70807e+13	0.00e+00	6.00e-29	6.10e-21	1.25e-13	2.31e-07	1.00e+00	2.19e-04	0.00e+00
 2.80417e+13	9.89e-38	7.84e-29	7.56e-21	1.46e-13	2.51e-07	1.00e+00	2.01e-04	0.00e+00
 2.91029e+13	0.00e+00	1.04e-28	9.48e-21	1.73e-13	2.75e-07	1.00e+00	1.84e-04	0.00e+00
 3.02969e+13	2.00e-37	1.41e-28	1.21e-20	2.06e-13	3.03e-07	1.00e+00	1.67e-04	0.00e+00
 3.14913e+13	0.00e+00	1.88e-28	1.53e-20	2.45e-13	3.32e-07	1.00e+00	1.52e-04	0.00e+00
 3.25493e+13	3.79e-37	2.41e-28	1.86e-20	2.83e-13	3.60e-07	1.00e+00	1.41e-04	0.00e+00
 3.34374e+13	0.00e+00	2.94e-28	2.19e-20	3.18e-13	3.84e-07	1.00e+00	1.32e-04	0.00e+00
 3.43932e+13	6.19e-37	3.62e-28	2.59e-20	3.60e-13	4.11e-07	1.00e+00	1.23e-04	0.00e+00
 3.56358e+13	0.00e+00	4.70e-28	3.19e-20	4.20e-13	4.47e-07	1.00e+00	1.13e-04	0.00e+00
 3.69357e+13	1.16e-36	6.11e-28	3.94e-20	4.91e-13	4.87e-07	1.00e+00	1.04e-04	0.00e+00
 3.80443e+13	0.00e+00	7.59e-28	4.70e-20	5.58e-13	5.23e-07	1.00e+00	9.71e-05	0.00e+00
 3.92198e+13	1.96e-36	9.47e-28	5.61e-20	6.36e-13	5.62e-07	1.00e+00	9.04e-05	0.00e+00
 4.06969e+13	0.00e+00	1.24e-27	6.97e-20	7.45e-13	6.13e-07	1.00e+00	8.29e-05	0.00e+00
 4.22177e+13	3.71e-36	1.62e-27	8.64e-20	8.72e-13	6.69e-07	1.00e+00	7.61e-05	0.00e+00
 4.35594e+13	0.00e+00	2.02e-27	1.04e-19	9.96e-13	7.20e-07	1.00e+00	7.07e-05	0.00e+00
 4.50164e+13	6.46e-36	2.57e-27	1.25e-19	1.15e-12	7.77e-07	1.00e+00	6.55e-05	0.00e+00
 4.66236e+13	0.00e+00	3.30e-27	1.54e-19	1.33e-12	8.44e-07	1.00e+00	6.04e-05	0.00e+00
 4.81031e+13	1.14e-35	4.13e-27	1.84e-19	1.52e-12	9.08e-07	1.00e+00	5.61e-05	0.00e+00
 4.97038e+13	0.00e+00	5.22e-27	2.23e-19	1.74e-12	9.80e-07	1.00e+00	5.21e-05	0.00e+00
 5.14900e+13	2.05e-35	6.72e-27	2.73e-19	2.02e-12	1.06e-06	1.00e+00	4.80e-05	0.00e+00
 5.31652e+13	0.00e+00	8.45e-27	3.28e-19	2.31e-12	1.15e-06	1.00e+00	4.46e-05	0.00e+00
 5.49906e+13	3.59e-35	1.08e-26	3.99e-19	2.66e-12	1.24e-06	1.00e+00	4.13e-05	0.00e+00
 5.70190e+13	0.00e+00	1.39e-26	4.91e-19	3.09e-12	1.35e-06	1.00e+00	3.80e-05	0.00e+00
 5.89119e+13	6.48e-35	1.76e-26	5.92e-19	3.54e-12	1.45e-06	1.00e+00	3.53e-05	0.00e+00
 6.09735e+13	0.00e+00	2.25e-26	7.22e-19	4.08e-12	1.57e-06	1.00e+00	3.26e-05	0.00e+00
 6.32794e+13	1.20e-34	2.93e-26	8.93e-19	4.76e-12	1.71e-06	1.00e+00	3.00e-05	0.00e+00
 6.54553e+13	0.00e+00	3.74e-26	1.08e-18	5.47e-12	1.84e-06	1.00e+00	2.78e-05	0.00e+00
 6.78354e+13	2.18e-34	4.83e-26	1.33e-18	6.34e-12	2.00e-06	1.00e+00	2.57e-05	0.00e+00
 7.05012e+13	3.03e-34	6.37e-26	1.66e-18	7.43e-12	2.18e-06	1.00e+00	2.35e-05	0.00e+00
 7.30302e+13	4.12e-34	8.21e-26	2.03e-18	8.58e-12	2.36e-06	1.00e+00	2.17e-05	0.00e+00
 7.57378e+13	5.66e-34	1.07e-25	2.51e-18	9.96e-12	2.56e-06	1.00e+00	2.01e-05	0.00e+00
 7.87972e+13	7.97e-34	1.42e-25	3.15e-18	1.17e-11	2.80e-06	1.00e+00	1.84e-05	0.00e+00
 8.18315e+13	1.11e-33	1.87e-25	3.92e-18	1.37e-11	3.04e-06	1.00e+00	1.69e-05	0.00e+00
 8.49872e+13	1.55e-33	2.46e-25	4.87e-18	1.59e-11	3.31e-06	1.00e+00	1.56e-05	0.00e+00
 8.84166e+13	2.19e-33	3.28e-25	6.12e-18	1.87e-11	3.61e-06	1.00e+00	1.43e-05	0.00e+00
 9.19832e+13	3.13e-33	4.40e-25	7.70e-18	2.19e-11	3.93e-06	1.00e+00	1.31e-05	0.00e+00
 9.53628e+13	4.31e-33	5.73e-25	9.49e-18	2.54e-11	4.25e-06	1.00e+00	1.21e-05	0.00e+00
 9.84042e+13	5.70e-33	7.21e-25	1.14e-17	2.88e-11	4.55e-06	1.00e+00	1.13e-05	0.00e+00
 1.01254e+14	7.36e-33	8.90e-25	1.34e-17	3.24e-11	4.84e-06	1.00e+00	1.06e-05	0.00e+00
 1.04405e+14	9.71e-33	1.12e-24	1.61e-17	3.66e-11	5.17e-06	1.00e+00	9.96e-06	0.00e+00
 1.07944e+14	1.32e-32	1.43e-24	1.95e-17	4.19e-11	5.55e-06	1.00e+00	9.28e-06	0.00e+00
 1.11317e+14	1.74e-32	1.80e-24	2.33e-17	4.74e-11	5.93e-06	1.00e+00	8.69e-06	0.00e+00
 1.15031e+14	2.35e-32	2.31e-24	2.83e-17	5.41e-11	6.36e-06	1.00e+00	8.10e-06	0.00e+00
 1.19173e+14	3.25e-32	3.01e-24	3.47e-17	6.24e-11	6.86e-06	1.00e+00	7.52e-06	0.00e+00
 1.22994e+14	4.35e-32	3.82e-24	4.18e-17	7.08e-11	7.33e-06	1.00e+00	7.04e-06	0.00e+00
 1.26539e+14	5.66e-32	4.73e-24	4.94e-17	7.94e-11	7.79e-06	1.00e+00	6.63e-06	0.00e+00
 1.30603e+14	7.61e-32	6.02e-24	5.95e-17	9.01e-11	8.32e-06	1.00e+00	6.21e-06	0.00e+00
 1.35573e+14	1.08e-31	8.02e-24	7.41e-17	1.05e-10	8.99e-06	1.00e+00	5.74e-06	0.00e+00
 1.40527e+14	1.51e-31	1.05e-23	9.14e-17	1.21e-10	9.70e-06	1.00e+00	5.32e-06	0.00e+00
 1.44833e+14	2.01e-31	1.33e-23	1.09e-16	1.36e-10	1.03e-05	1.00e+00	5.00e-06	0.00e+00
 1.49491e+14	2.72e-31	1.69e-23	1.32e-16	1.55e-10	1.10e-05	1.00e+00	4.69e-06	0.00e+00
 1.55182e+14	3.91e-31	2.27e-23	1.64e-16	1.80e-10	1.19e-05	1.00e+00	4.35e-06	0.00e+00
 1.60988e+14	5.51e-31	3.00e-23	2.04e-16	2.08e-10	1.28e-05	1.00e+00	4.03e-06	0.00e+00
 1.66238e+14	7.53e-31	3.86e-23	2.47e-16	2.36e-10	1.37e-05	1.00e+00	3.77e-06	0.00e+00
 1.71993e+14	1.05e-30	5.04e-23	3.02e-16	2.71e-10	1.46e-05	1.00e+00	3.52e-06	0.00e+00
 1.78766e+14	1.54e-30	6.83e-23	3.80e-16	3.16e-10	1.58e-05	1.00e+00	3.26e-06	0.00e+00
 1.85523e+14	2.19e-30	9.11e-23	4.74e-16	3.66e-10	1.71e-05	1.00e+00	3.02e-06	0.00e+00
 1.91894e+14	3.06e-30	1.19e-22	5.80e-16	4.19e-10	1.83e-05	1.00e+00	2.83e-06	0.00e+00
 1.98944e+14	4.38e-30	1.59e-22	7.19e-16	4.84e-10	1.96e-05	1.00e+00	2.63e-06	0.00e+00
 2.06932e+14	6.41e-30	2.16e-22	9.08e-16	5.66e-10	2.12e-05	1.00e+00	2.43e-06	0.00e+00
 2.14933e+14	9.41e-30	2.93e-22	1.14e-15	6.58e-10	2.29e-05	1.00e+00	2.25e-06	0.00e+00
 2.23254e+14	1.36e-29	3.93e-22	1.43e-15	7.66e-10	2.47e-05	1.00e+00	2.09e-06	0.00e+00
 2.32214e+14	2.01e-29	5.39e-22	1.81e-15	8.96e-10	2.67e-05	1.00e+00	1.93e-06	0.00e+00
 2.41533e+14	2.99e-29	7.38e-22	2.29e-15	1.05e-09	2.89e-05	1.00e+00	1.79e-06	0.00e+00
 2.50520e+14	4.29e-29	9.86e-22	2.85e-15	1.21e-09	3.10e-05	1.00e+00	1.66e-06	0.00e+00
 2.58935e+14	5.92e-29	1.28e-21	3.47e-15	1.38e-09	3.32e-05	1.00e+00	1.55e-06	0.00e+00
 2.66862e+14	8.00e-29	1.63e-21	4.15e-15	1.56e-09	3.52e-05	1.00e+00	1.46e-06	0.00e+00
 2.75481e+14	1.10e-28	2.10e-21	5.02e-15	1.77e-09	3.75e-05	1.00e+00	1.38e-06	0.00e+00
 2.85103e+14	1.55e-28	2.76e-21	6.17e-15	2.03e-09	4.01e-05	1.00e+00	1.28e-06	0.00e+00
 2.94190e+14	2.10e-28	3.52e-21	7.44e-15	2.30e-09	4.27e-05	1.00e+00	1.21e-06	0.00e+00
 3.04165e+14	2.92e-28	4.59e-21	9.08e-15	2.63e-09	4.56e-05	1.00e+00	1.13e-06	0.00e+00
 3.15366e+14	4.20e-28	6.13e-21	1.13e-14	3.03e-09	4.90e-05	1.00e+00	1.05e-06	0.00e+00
 3.26034e+14	5.82e-28	7.97e-21	1.38e-14	3.46e-09	5.24e-05	1.00e+00	9.83e-07	0.00e+00
 3.37774e+14	8.18e-28	1.05e-20	1.70e-14	3.99e-09	5.62e-05	1.00e+00	0.00e+00	0.00e+00
 3.50936e+14	1.20e-27	1.43e-20	2.14e-14	4.64e-09	6.06e-05	1.00e+00	0.00e+00	0.00e+00
 3.63566e+14	1.68e-27	1.87e-20	2.64e-14	5.35e-09	6.51e-05	1.00e+00	0.00e+00	0.00e+00
 3.77080e+14	2.41e-27	2.50e-20	3.28e-14	6.19e-09	7.00e-05	1.00e+00	0.00e+00	0.00e+00
 3.92193e+14	3.57e-27	3.42e-20	4.15e-14	7.24e-09	7.57e-05	1.00e+00	0.00e+00	0.00e+00
 4.06148e+14	4.97e-27	4.48e-20	5.12e-14	8.32e-09	8.12e-05	1.00e+00	0.00e+00	0.00e+00
 4.18200e+14	6.68e-27	5.67e-20	6.10e-14	9.35e-09	8.61e-05	1.00e+00	0.00e+00	0.00e+00
 4.31542e+14	8.99e-27	7.23e-20	7.36e-14	1.06e-08	9.17e-05	1.00e+00	0.00e+00	0.00e+00
 4.47880e+14	1.30e-26	9.71e-20	9.20e-14	1.23e-08	9.87e-05	1.00e+00	0.00e+00	0.00e+00
 4.64462e+14	1.83e-26	1.28e-19	1.14e-13	1.42e-08	1.06e-04	1.00e+00	0.00e+00	0.00e+00
 4.79359e+14	2.49e-26	1.64e-19	1.38e-13	1.61e-08	1.13e-04	1.00e+00	0.00e+00	0.00e+00
 4.95714e+14	3.47e-26	2.15e-19	1.69e-13	1.84e-08	1.21e-04	1.00e+00	0.00e+00	0.00e+00
 5.15072e+14	4.96e-26	2.87e-19	2.12e-13	2.15e-08	1.31e-04	1.00e+00	0.00e+00	0.00e+00
 5.34073e+14	7.12e-26	3.84e-19	2.64e-13	2.48e-08	1.41e-04	1.00e+00	0.00e+00	0.00e+00
 5.51434e+14	9.51e-26	4.87e-19	3.19e-13	2.82e-08	1.50e-04	1.00e+00	0.00e+00	0.00e+00
 5.70927e+14	1.35e-25	6.44e-19	3.93e-13	3.24e-08	1.61e-04	1.00e+00	0.00e+00	0.00e+00
 5.93598e+14	1.93e-25	8.64e-19	4.96e-13	3.79e-08	1.74e-04	1.00e+00	0.00e+00	0.00e+00
 6.15790e+14	2.72e-25	1.14e-18	6.17e-13	4.39e-08	1.88e-04	1.00e+00	0.00e+00	0.00e+00
 6.36675e+14	3.79e-25	1.49e-18	7.53e-13	5.01e-08	2.01e-04	1.00e+00	0.00e+00	0.00e+00
 6.59976e+14	5.21e-25	1.94e-18	9.33e-13	5.79e-08	2.16e-04	1.00e+00	0.00e+00	0.00e+00
 6.86405e+14	7.70e-25	2.66e-18	1.18e-12	6.77e-08	2.34e-04	1.00e+00	0.00e+00	0.00e+00
 7.12870e+14	1.08e-24	3.51e-18	1.48e-12	7.88e-08	2.53e-04	1.00e+00	0.00e+00	0.00e+00
 7.37577e+14	1.48e-24	4.55e-18	1.81e-12	9.03e-08	2.71e-04	1.00e+00	0.00e+00	0.00e+00
 7.64292e+14	2.07e-24	5.98e-18	2.24e-12	1.04e-07	2.91e-04	1.00e+00	0.00e+00	0.00e+00
 7.94894e+14	3.03e-24	8.12e-18	2.83e-12	1.22e-07	3.15e-04	1.00e+00	0.00e+00	0.00e+00
 8.23802e+14	4.11e-24	1.05e-17	3.49e-12	1.40e-07	3.39e-04	1.00e+00	0.00e+00	0.00e+00
 8.49662e+14	5.51e-24	1.33e-17	4.20e-12	1.59e-07	3.60e-04	1.00e+00	0.00e+00	0.00e+00
 8.74018e+14	7.22e-24	1.66e-17	4.97e-12	1.78e-07	3.82e-04	1.00e+00	0.00e+00	0.00e+00
 9.01167e+14	9.57e-24	2.09e-17	5.96e-12	2.01e-07	4.06e-04	1.00e+00	0.00e+00	0.00e+00
 9.31480e+14	1.27e-23	2.65e-17	7.25e-12	2.29e-07	4.34e-04	1.00e+00	0.00e+00	0.00e+00
 9.59986e+14	1.71e-23	3.37e-17	8.68e-12	2.59e-07	4.61e-04	1.00e+00	0.00e+00	0.00e+00
 9.91122e+14	2.25e-23	4.24e-17	1.05e-11	2.94e-07	4.93e-04	1.00e+00	0.00e+00	0.00e+00
 1.02593e+15	3.13e-23	5.54e-17	1.29e-11	3.37e-07	5.28e-04	9.99e-01	0.00e+00	0.00e+00
 1.05905e+15	4.11e-23	6.95e-17	1.55e-11	3.83e-07	5.64e-04	9.99e-01	0.00e+00	0.00e+00
 1.09567e+15	5.61e-23	8.98e-17	1.90e-11	4.39e-07	6.04e-04	9.99e-01	0.00e+00	0.00e+00
 1.13602e+15	7.89e-23	1.18e-16	2.36e-11	5.07e-07	6.49e-04	9.99e-01	0.00e+00	0.00e+00
 1.17322e+15	1.03e-22	1.49e-16	2.85e-11	5.76e-07	6.94e-04	9.99e-01	0.00e+00	0.00e+00
 1.21355e+15	1.43e-22	1.94e-16	3.49e-11	6.59e-07	7.42e-04	9.99e-01	0.00e+00	0.00e+00
 1.25862e+15	1.95e-22	2.52e-16	4.33e-11	7.63e-07	8.00e-04	9.99e-01	0.00e+00	0.00e+00
 1.30080e+15	2.66e-22	3.24e-16	5.27e-11	8.70e-07	8.55e-04	9.99e-01	0.00e+00	0.00e+00
 1.34660e+15	3.57e-22	4.15e-16	6.47e-11	9.99e-07	9.18e-04	9.99e-01	0.00e+00	0.00e+00
 1.39750e+15	5.05e-22	5.51e-16	8.06e-11	1.16e-06	9.89e-04	9.99e-01	0.00e+00	0.00e+00
 1.44529e+15	6.67e-22	6.98e-16	9.83e-11	1.32e-06	1.06e-03	9.99e-01	0.00e+00	0.00e+00
 1.49744e+15	9.16e-22	9.08e-16	1.21e-10	1.53e-06	1.14e-03	9.99e-01	0.00e+00	0.00e+00
 1.55554e+15	1.26e-21	1.19e-15	1.52e-10	1.78e-06	1.23e-03	9.99e-01	0.00e+00	0.00e+00
 1.61033e+15	1.73e-21	1.54e-15	1.87e-10	2.04e-06	1.32e-03	9.99e-01	0.00e+00	0.00e+00
 1.66913e+15	2.33e-21	1.99e-15	2.31e-10	2.35e-06	1.43e-03	9.99e-01	0.00e+00	0.00e+00
 1.73593e+15	3.34e-21	2.67e-15	2.91e-10	2.75e-06	1.55e-03	9.98e-01	0.00e+00	0.00e+00
 1.80162e+15	4.49e-21	3.45e-15	3.62e-10	3.20e-06	1.67e-03	9.98e-01	0.00e+00	0.00e+00
 1.86464e+15	6.12e-21	4.45e-15	4.44e-10	3.67e-06	1.80e-03	9.98e-01	0.00e+00	0.00e+00
 1.93397e+15	8.19e-21	5.73e-15	5.50e-10	4.25e-06	1.94e-03	9.98e-01	0.00e+00	0.00e+00
 2.01136e+15	1.16e-20	7.63e-15	6.93e-10	4.97e-06	2.11e-03	9.98e-01	0.00e+00	0.00e+00
 2.07723e+15	1.49e-20	9.50e-15	8.38e-10	5.66e-06	2.26e-03	9.98e-01	0.00e+00	0.00e+00
 2.12571e+15	1.80e-20	1.12e-14	9.59e-10	6.20e-06	2.37e-03	9.98e-01	0.00e+00	0.00e+00
 2.17646e+15	2.20e-20	1.33e-14	1.10e-09	6.82e-06	2.49e-03	9.97e-01	0.00e+00	0.00e+00
 2.24244e+15	2.79e-20	1.63e-14	1.31e-09	7.68e-06	2.66e-03	9.97e-01	0.00e+00	0.00e+00
 2.31516e+15	3.62e-20	2.03e-14	1.58e-09	8.73e-06	2.85e-03	9.97e-01	0.00e+00	0.00e+00
 2.38245e+15	4.63e-20	2.50e-14	1.87e-09	9.80e-06	3.03e-03	9.97e-01	0.00e+00	0.00e+00
 2.45574e+15	5.87e-20	3.07e-14	2.24e-09	1.11e-05	3.23e-03	9.97e-01	0.00e+00	0.00e+00
 2.53793e+15	7.69e-20	3.87e-14	2.71e-09	1.26e-05	3.48e-03	9.97e-01	0.00e+00	0.00e+00
 2.61605e+15	9.82e-20	4.78e-14	3.24e-09	1.43e-05	3.71e-03	9.96e-01	0.00e+00	0.00e+00
 2.70199e+15	1.27e-19	5.97e-14	3.92e-09	1.62e-05	3.98e-03	9.96e-01	0.00e+00	0.00e+00
 2.79773e+15	1.67e-19	7.56e-14	4.81e-09	1.87e-05	4.30e-03	9.96e-01	0.00e+00	0.00e+00
 2.88790e+15	2.15e-19	9.44e-14	5.79e-09	2.12e-05	4.61e-03	9.95e-01	0.00e+00	0.00e+00
 2.98678e+15	2.82e-19	1.19e-13	7.05e-09	2.42e-05	4.97e-03	9.95e-01	0.00e+00	0.00e+00
 3.09630e+15	3.73e-19	1.52e-13	8.72e-09	2.80e-05	5.38e-03	9.95e-01	0.00e+00	0.00e+00
 3.19796e+15	4.80e-19	1.90e-13	1.05e-08	3.19e-05	5.79e-03	9.94e-01	0.00e+00	0.00e+00
 3.30839e+15	6.35e-19	2.41e-13	1.29e-08	3.65e-05	6.23e-03	9.94e-01	0.00e+00	0.00e+00
 3.43155e+15	8.47e-19	3.10e-13	1.60e-08	4.23e-05	6.76e-03	9.93e-01	0.00e+00	0.00e+00
 3.54646e+15	1.09e-18	3.87e-13	1.94e-08	4.82e-05	7.27e-03	9.93e-01	0.00e+00	0.00e+00
 3.67109e+15	1.44e-18	4.92e-13	2.38e-08	5.54e-05	7.87e-03	9.92e-01	0.00e+00	0.00e+00
 3.80986e+15	1.92e-18	6.34e-13	2.96e-08	6.42e-05	8.53e-03	9.91e-01	0.00e+00	0.00e+00
 3.94057e+15	2.54e-18	8.06e-13	3.61e-08	7.35e-05	9.21e-03	9.91e-01	0.00e+00	0.00e+00
 4.08301e+15	3.38e-18	1.03e-12	4.46e-08	8.46e-05	9.97e-03	9.90e-01	0.00e+00	0.00e+00
 4.24159e+15	4.63e-18	1.35e-12	5.59e-08	9.86e-05	1.08e-02	9.89e-01	0.00e+00	0.00e+00
 4.39215e+15	6.10e-18	1.72e-12	6.88e-08	1.13e-04	1.17e-02	9.88e-01	0.00e+00	0.00e+00
 4.55351e+15	8.07e-18	2.21e-12	8.53e-08	1.31e-04	1.27e-02	9.87e-01	0.00e+00	0.00e+00
 4.73568e+15	1.14e-17	2.95e-12	1.08e-07	1.53e-04	1.39e-02	9.86e-01	0.00e+00	0.00e+00
 4.91536e+15	1.54e-17	3.84e-12	1.35e-07	1.77e-04	1.51e-02	9.85e-01	0.00e+00	0.00e+00
 5.06170e+15	1.98e-17	4.75e-12	1.60e-07	1.99e-04	1.61e-02	9.84e-01	0.00e+00	0.00e+00
 5.17585e+15	2.38e-17	5.57e-12	1.83e-07	2.18e-04	1.69e-02	9.83e-01	0.00e+00	0.00e+00
 5.30146e+15	2.92e-17	6.62e-12	2.12e-07	2.40e-04	1.78e-02	9.82e-01	0.00e+00	0.00e+00
 5.46476e+15	3.74e-17	8.22e-12	2.54e-07	2.71e-04	1.90e-02	9.81e-01	0.00e+00	0.00e+00
 5.64079e+15	4.83e-17	1.03e-11	3.08e-07	3.07e-04	2.04e-02	9.79e-01	0.00e+00	0.00e+00
 5.79916e+15	6.13e-17	1.26e-11	3.64e-07	3.43e-04	2.17e-02	9.78e-01	0.00e+00	0.00e+00
 5.97084e+15	7.86e-17	1.56e-11	4.34e-07	3.85e-04	2.31e-02	9.76e-01	0.00e+00	0.00e+00
 6.18924e+15	1.10e-16	2.05e-11	5.40e-07	4.45e-04	2.50e-02	9.75e-01	0.00e+00	0.00e+00
 6.40934e+15	2.19e-16	2.62e-11	6.67e-07	5.11e-04	2.70e-02	9.73e-01	0.00e+00	0.00e+00
 6.59419e+15	2.00e-16	3.24e-11	7.93e-07	5.73e-04	2.87e-02	9.71e-01	0.00e+00	0.00e+00
 6.79229e+15	2.60e-16	4.04e-11	9.50e-07	6.45e-04	3.06e-02	9.69e-01	0.00e+00	0.00e+00
 7.04236e+15	3.69e-16	5.38e-11	1.18e-06	7.45e-04	3.32e-02	9.66e-01	0.00e+00	0.00e+00
 7.30426e+15	4.95e-16	6.95e-11	1.48e-06	8.62e-04	3.59e-02	9.63e-01	0.00e+00	0.00e+00
 7.53835e+15	6.59e-16	8.84e-11	1.79e-06	9.77e-04	3.84e-02	9.61e-01	0.00e+00	0.00e+00
 7.79198e+15	8.87e-16	1.13e-10	2.20e-06	1.12e-03	4.12e-02	9.58e-01	0.00e+00	0.00e+00
 8.09407e+15	1.30e-15	1.54e-10	2.77e-06	1.30e-03	4.48e-02	9.54e-01	0.00e+00	0.00e+00
 8.39170e+15	1.79e-15	2.02e-10	3.46e-06	1.50e-03	4.83e-02	9.50e-01	0.00e+00	0.00e+00
 8.66100e+15	2.34e-15	2.55e-10	4.20e-06	1.70e-03	5.17e-02	9.47e-01	0.00e+00	0.00e+00
 8.96090e+15	3.19e-15	3.30e-10	5.17e-06	1.95e-03	5.56e-02	9.42e-01	0.00e+00	0.00e+00
 9.31302e+15	4.74e-15	4.54e-10	6.57e-06	2.27e-03	6.04e-02	9.37e-01	0.00e+00	0.00e+00
 9.65947e+15	6.67e-15	6.03e-10	8.22e-06	2.63e-03	6.52e-02	9.32e-01	0.00e+00	0.00e+00
 9.98283e+15	9.08e-15	7.79e-10	1.01e-05	3.00e-03	6.98e-02	9.27e-01	0.00e+00	0.00e+00
 1.03452e+16	1.26e-14	1.02e-09	1.25e-05	3.46e-03	7.52e-02	9.21e-01	0.00e+00	0.00e+00
 1.07591e+16	1.85e-14	1.40e-09	1.60e-05	4.05e-03	8.17e-02	9.14e-01	0.00e+00	0.00e+00
 1.11040e+16	2.49e-14	1.79e-09	1.94e-05	4.59e-03	8.71e-02	9.08e-01	0.00e+00	0.00e+00
 1.13490e+16	3.06e-14	2.13e-09	2.22e-05	5.00e-03	9.11e-02	9.04e-01	0.00e+00	0.00e+00
 1.16043e+16	3.78e-14	2.54e-09	2.55e-05	5.47e-03	9.54e-02	8.99e-01	0.00e+00	0.00e+00
 1.19363e+16	4.79e-14	3.11e-09	3.04e-05	6.12e-03	1.01e-01	8.93e-01	0.00e+00	0.00e+00
 1.23065e+16	6.64e-14	4.04e-09	3.68e-05	6.92e-03	1.08e-01	8.85e-01	0.00e+00	0.00e+00
 1.26517e+16	8.68e-14	5.04e-09	4.37e-05	7.73e-03	1.14e-01	8.78e-01	0.00e+00	0.00e+00
 1.30256e+16	1.11e-13	6.24e-09	5.23e-05	8.68e-03	1.21e-01	8.71e-01	0.00e+00	0.00e+00
 1.34453e+16	1.57e-13	8.21e-09	6.39e-05	9.87e-03	1.29e-01	8.61e-01	0.00e+00	0.00e+00
 1.38405e+16	2.08e-13	1.03e-08	7.66e-05	1.11e-02	1.36e-01	8.53e-01	0.00e+00	0.00e+00
 1.42702e+16	2.70e-13	1.30e-08	9.26e-05	1.25e-02	1.45e-01	8.43e-01	0.00e+00	0.00e+00
 1.47478e+16	3.89e-13	1.73e-08	1.14e-04	1.43e-02	1.55e-01	8.31e-01	0.00e+00	0.00e+00
 1.51948e+16	5.21e-13	2.20e-08	1.38e-04	1.61e-02	1.64e-01	8.20e-01	0.00e+00	0.00e+00
 1.56831e+16	6.86e-13	2.79e-08	1.68e-04	1.83e-02	1.74e-01	8.07e-01	0.00e+00	0.00e+00
 1.62160e+16	9.99e-13	3.76e-08	2.09e-04	2.10e-02	1.86e-01	7.93e-01	0.00e+00	0.00e+00
 1.67030e+16	1.34e-12	4.79e-08	2.52e-04	2.36e-02	1.97e-01	7.79e-01	0.00e+00	0.00e+00
 1.72318e+16	1.82e-12	6.17e-08	3.08e-04	2.68e-02	2.09e-01	7.64e-01	0.00e+00	0.00e+00
 1.78115e+16	2.45e-12	7.98e-08	3.80e-04	3.06e-02	2.22e-01	7.47e-01	0.00e+00	0.00e+00
 1.83435e+16	3.47e-12	1.05e-07	4.61e-04	3.46e-02	2.35e-01	7.30e-01	0.00e+00	0.00e+00
 1.88454e+16	4.56e-12	1.31e-07	5.50e-04	3.86e-02	2.46e-01	7.14e-01	0.00e+00	0.00e+00
 1.94221e+16	6.19e-12	1.69e-07	6.71e-04	4.37e-02	2.60e-01	6.96e-01	0.00e+00	0.00e+00
 2.00440e+16	8.29e-12	2.17e-07	8.25e-04	4.97e-02	2.74e-01	6.75e-01	0.00e+00	0.00e+00
 2.05988e+16	1.16e-11	2.82e-07	9.94e-04	5.57e-02	2.88e-01	6.55e-01	0.00e+00	0.00e+00
 2.11104e+16	1.50e-11	3.49e-07	1.17e-03	6.17e-02	3.00e-01	6.37e-01	0.00e+00	0.00e+00
 2.16921e+16	1.99e-11	4.42e-07	1.41e-03	6.91e-02	3.14e-01	6.16e-01	0.00e+00	0.00e+00
 2.23412e+16	2.64e-11	5.64e-07	1.73e-03	7.81e-02	3.29e-01	5.91e-01	0.00e+00	0.00e+00
 2.29145e+16	3.66e-11	7.28e-07	2.07e-03	8.70e-02	3.42e-01	5.69e-01	0.00e+00	0.00e+00
 2.33700e+16	4.53e-11	8.68e-07	2.38e-03	9.45e-02	3.52e-01	5.51e-01	0.00e+00	0.00e+00
 2.38356e+16	5.70e-11	1.05e-06	2.74e-03	1.03e-01	3.63e-01	5.32e-01	0.00e+00	0.00e+00
 2.44409e+16	7.29e-11	1.30e-06	3.29e-03	1.15e-01	3.75e-01	5.07e-01	0.00e+00	0.00e+00
 2.50970e+16	1.04e-10	1.72e-06	4.02e-03	1.29e-01	3.88e-01	4.79e-01	0.00e+00	0.00e+00
 2.56382e+16	1.32e-10	2.10e-06	4.70e-03	1.41e-01	3.98e-01	4.57e-01	0.00e+00	0.00e+00
 2.60855e+16	1.59e-10	2.46e-06	5.36e-03	1.52e-01	4.05e-01	4.37e-01	0.00e+00	0.00e+00
 2.65917e+16	2.02e-10	2.98e-06	6.24e-03	1.65e-01	4.13e-01	4.15e-01	0.00e+00	0.00e+00
 2.71531e+16	2.78e-10	3.83e-06	7.41e-03	1.82e-01	4.22e-01	3.89e-01	0.00e+00	0.00e+00
 2.76625e+16	3.49e-10	4.62e-06	8.60e-03	1.97e-01	4.27e-01	3.67e-01	0.00e+00	0.00e+00
 2.81239e+16	4.23e-10	5.45e-06	9.85e-03	2.12e-01	4.31e-01	3.47e-01	0.00e+00	0.00e+00
 2.86468e+16	5.79e-10	6.95e-06	1.16e-02	2.31e-01	4.35e-01	3.22e-01	0.00e+00	0.00e+00
 2.92001e+16	7.17e-10	8.37e-06	1.37e-02	2.52e-01	4.37e-01	2.98e-01	0.00e+00	0.00e+00
 2.96592e+16	9.61e-10	1.05e-05	1.58e-02	2.71e-01	4.38e-01	2.76e-01	0.00e+00	0.00e+00
 3.00381e+16	1.17e-09	1.23e-05	1.78e-02	2.87e-01	4.37e-01	2.59e-01	0.00e+00	0.00e+00
 3.04469e+16	1.44e-09	1.45e-05	2.02e-02	3.06e-01	4.34e-01	2.40e-01	0.00e+00	0.00e+00
 3.08964e+16	1.76e-09	1.72e-05	2.33e-02	3.27e-01	4.30e-01	2.20e-01	0.00e+00	0.00e+00
 3.12996e+16	2.20e-09	2.06e-05	2.65e-02	3.47e-01	4.24e-01	2.02e-01	0.00e+00	0.00e+00
 3.16504e+16	2.84e-09	2.49e-05	2.98e-02	3.66e-01	4.18e-01	1.86e-01	0.00e+00	0.00e+00
 3.19761e+16	3.45e-09	2.90e-05	3.33e-02	3.84e-01	4.11e-01	1.72e-01	0.00e+00	0.00e+00
 3.23429e+16	4.14e-09	3.38e-05	3.77e-02	4.05e-01	4.01e-01	1.56e-01	0.00e+00	0.00e+00
 3.27297e+16	5.55e-09	4.21e-05	4.33e-02	4.29e-01	3.89e-01	1.39e-01	0.00e+00	0.00e+00
 3.30433e+16	6.85e-09	4.96e-05	4.84e-02	4.48e-01	3.78e-01	1.26e-01	0.00e+00	0.00e+00
 3.32993e+16	7.87e-09	5.56e-05	5.30e-02	4.65e-01	3.67e-01	1.15e-01	0.00e+00	0.00e+00
 3.35793e+16	1.01e-08	6.67e-05	5.90e-02	4.84e-01	3.54e-01	1.03e-01	0.00e+00	0.00e+00
 3.38746e+16	1.18e-08	7.63e-05	6.58e-02	5.04e-01	3.39e-01	9.14e-02	0.00e+00	0.00e+00
 3.41261e+16	1.52e-08	9.15e-05	7.27e-02	5.22e-01	3.24e-01	8.12e-02	0.00e+00	0.00e+00
 3.43383e+16	1.84e-08	1.05e-04	7.91e-02	5.38e-01	3.10e-01	7.29e-02	0.00e+00	0.00e+00
 3.45318e+16	2.04e-08	1.15e-04	8.52e-02	5.52e-01	2.97e-01	6.59e-02	0.00e+00	0.00e+00
 3.47514e+16	2.65e-08	1.38e-04	9.37e-02	5.68e-01	2.81e-01	5.72e-02	0.00e+00	0.00e+00
 3.49725e+16	3.13e-08	1.58e-04	1.02e-01	5.85e-01	2.63e-01	4.96e-02	0.00e+00	0.00e+00
 3.51465e+16	3.77e-08	1.80e-04	1.10e-01	5.98e-01	2.48e-01	4.36e-02	0.00e+00	0.00e+00
 3.52930e+16	4.10e-08	1.93e-04	1.17e-01	6.09e-01	2.35e-01	3.89e-02	0.00e+00	0.00e+00
 3.54528e+16	4.78e-08	2.17e-04	1.25e-01	6.21e-01	2.19e-01	3.37e-02	0.00e+00	0.00e+00
 3.56219e+16	5.99e-08	2.54e-04	1.35e-01	6.34e-01	2.02e-01	2.84e-02	0.00e+00	0.00e+00
 3.57587e+16	7.02e-08	2.84e-04	1.43e-01	6.44e-01	1.88e-01	2.44e-02	0.00e+00	0.00e+00
 3.58676e+16	7.53e-08	3.01e-04	1.50e-01	6.52e-01	1.76e-01	2.15e-02	0.00e+00	0.00e+00
 3.59845e+16	8.57e-08	3.31e-04	1.58e-01	6.61e-01	1.62e-01	1.83e-02	0.00e+00	0.00e+00
 3.61114e+16	1.04e-07	3.79e-04	1.67e-01	6.70e-01	1.48e-01	1.51e-02	0.00e+00	0.00e+00
 3.62182e+16	1.17e-07	4.12e-04	1.75e-01	6.77e-01	1.35e-01	1.27e-02	0.00e+00	0.00e+00
 3.63070e+16	1.26e-07	4.37e-04	1.81e-01	6.83e-01	1.24e-01	1.09e-02	0.00e+00	0.00e+00
 3.63873e+16	1.44e-07	4.78e-04	1.88e-01	6.88e-01	1.15e-01	9.28e-03	0.00e+00	0.00e+00
 3.64513e+16	1.55e-07	5.04e-04	1.93e-01	6.92e-01	1.07e-01	8.15e-03	0.00e+00	0.00e+00
 3.65118e+16	1.63e-07	5.24e-04	1.98e-01	6.95e-01	9.95e-02	7.12e-03	0.00e+00	0.00e+00
 3.65904e+16	1.84e-07	5.70e-04	2.04e-01	6.99e-01	9.00e-02	5.86e-03	0.00e+00	0.00e+00
 3.66659e+16	2.01e-07	6.07e-04	2.10e-01	7.03e-01	8.14e-02	4.86e-03	0.00e+00	0.00e+00
 3.67235e+16	2.15e-07	6.36e-04	2.15e-01	7.05e-01	7.50e-02	4.16e-03	0.00e+00	0.00e+00
 3.67847e+16	2.32e-07	6.72e-04	2.20e-01	7.07e-01	6.81e-02	3.47e-03	0.00e+00	0.00e+00
 3.68643e+16	2.55e-07	7.18e-04	2.27e-01	7.10e-01	5.98e-02	2.71e-03	0.00e+00	0.00e+00
 3.69455e+16	2.79e-07	7.67e-04	2.33e-01	7.12e-01	5.20e-02	2.09e-03	0.00e+00	0.00e+00
 3.70123e+16	3.00e-07	8.07e-04	2.39e-01	7.13e-01	4.61e-02	1.67e-03	0.00e+00	0.00e+00
 3.70827e+16	3.26e-07	8.55e-04	2.44e-01	7.13e-01	4.01e-02	1.29e-03	0.00e+00	0.00e+00
 3.71742e+16	3.60e-07	9.17e-04	2.51e-01	7.13e-01	3.34e-02	9.10e-04	0.00e+00	0.00e+00
 3.72717e+16	3.98e-07	9.82e-04	2.58e-01	7.13e-01	2.73e-02	6.25e-04	0.00e+00	0.00e+00
 3.73611e+16	4.34e-07	1.04e-03	2.64e-01	7.11e-01	2.27e-02	4.39e-04	0.00e+00	0.00e+00
 3.74612e+16	4.77e-07	1.11e-03	2.71e-01	7.09e-01	1.82e-02	2.91e-04	0.00e+00	0.00e+00
 3.75914e+16	5.35e-07	1.20e-03	2.79e-01	7.06e-01	1.38e-02	1.71e-04	0.00e+00	0.00e+00
 3.77606e+16	6.13e-07	1.31e-03	2.88e-01	7.01e-01	9.71e-03	8.66e-05	0.00e+00	0.00e+00
 3.79806e+16	7.17e-07	1.45e-03	2.98e-01	6.94e-01	6.29e-03	3.72e-05	0.00e+00	0.00e+00
 3.82667e+16	8.63e-07	1.63e-03	3.11e-01	6.84e-01	3.75e-03	1.34e-05	0.00e+00	0.00e+00
 3.86385e+16	1.08e-06	1.88e-03	3.26e-01	6.70e-01	2.05e-03	4.03e-06	0.00e+00	0.00e+00
 3.90409e+16	1.38e-06	2.18e-03	3.42e-01	6.55e-01	1.17e-03	1.28e-06	0.00e+00	0.00e+00
 3.94101e+16	1.73e-06	2.52e-03	3.58e-01	6.39e-01	7.32e-04	4.95e-07	0.00e+00	0.00e+00
 3.98172e+16	2.26e-06	2.99e-03	3.77e-01	6.20e-01	4.52e-04	0.00e+00	0.00e+00	0.00e+00
 4.02576e+16	3.07e-06	3.64e-03	4.00e-01	5.96e-01	2.81e-04	0.00e+00	0.00e+00	0.00e+00
 4.06323e+16	4.09e-06	4.39e-03	4.22e-01	5.73e-01	1.92e-04	0.00e+00	0.00e+00	0.00e+00
 4.09365e+16	5.23e-06	5.17e-03	4.42e-01	5.53e-01	1.41e-04	0.00e+00	0.00e+00	0.00e+00
 4.12581e+16	6.86e-06	6.19e-03	4.64e-01	5.29e-01	1.02e-04	0.00e+00	0.00e+00	0.00e+00
 4.16043e+16	9.42e-06	7.66e-03	4.91e-01	5.01e-01	7.23e-05	0.00e+00	0.00e+00	0.00e+00
 4.18412e+16	1.19e-05	8.98e-03	5.11e-01	4.80e-01	5.79e-05	0.00e+00	0.00e+00	0.00e+00
 4.19590e+16	1.35e-05	9.77e-03	5.22e-01	4.69e-01	5.15e-05	0.00e+00	0.00e+00	0.00e+00
 4.20632e+16	1.51e-05	1.05e-02	5.31e-01	4.58e-01	4.62e-05	0.00e+00	0.00e+00	0.00e+00
 4.21988e+16	1.74e-05	1.16e-02	5.44e-01	4.44e-01	4.00e-05	0.00e+00	0.00e+00	0.00e+00
 4.23749e+16	2.11e-05	1.33e-02	5.61e-01	4.26e-01	3.30e-05	0.00e+00	0.00e+00	0.00e+00
 4.25553e+16	2.61e-05	1.54e-02	5.79e-01	4.05e-01	2.72e-05	0.00e+00	0.00e+00	0.00e+00
 4.26950e+16	3.10e-05	1.73e-02	5.94e-01	3.89e-01	2.34e-05	0.00e+00	0.00e+00	0.00e+00
 4.28086e+16	3.58e-05	1.91e-02	6.06e-01	3.75e-01	2.05e-05	0.00e+00	0.00e+00	0.00e+00
 4.29130e+16	4.10e-05	2.10e-02	6.17e-01	3.62e-01	1.82e-05	0.00e+00	0.00e+00	0.00e+00
 4.30104e+16	4.67e-05	2.29e-02	6.28e-01	3.49e-01	1.62e-05	0.00e+00	0.00e+00	0.00e+00
 4.31056e+16	5.32e-05	2.51e-02	6.39e-01	3.36e-01	1.44e-05	0.00e+00	0.00e+00	0.00e+00
 4.32004e+16	6.08e-05	2.76e-02	6.49e-01	3.23e-01	1.28e-05	0.00e+00	0.00e+00	0.00e+00
 4.32934e+16	6.95e-05	3.03e-02	6.60e-01	3.10e-01	1.13e-05	0.00e+00	0.00e+00	0.00e+00
 4.33828e+16	7.96e-05	3.33e-02	6.70e-01	2.97e-01	1.00e-05	0.00e+00	0.00e+00	0.00e+00
 4.34680e+16	9.08e-05	3.64e-02	6.79e-01	2.85e-01	8.93e-06	0.00e+00	0.00e+00	0.00e+00
 4.35509e+16	1.04e-04	3.99e-02	6.88e-01	2.72e-01	7.94e-06	0.00e+00	0.00e+00	0.00e+00
 4.36327e+16	1.18e-04	4.38e-02	6.96e-01	2.60e-01	7.04e-06	0.00e+00	0.00e+00	0.00e+00
 4.37122e+16	1.35e-04	4.81e-02	7.04e-01	2.48e-01	6.24e-06	0.00e+00	0.00e+00	0.00e+00
 4.37888e+16	1.54e-04	5.27e-02	7.12e-01	2.36e-01	5.53e-06	0.00e+00	0.00e+00	0.00e+00
 4.38627e+16	1.76e-04	5.77e-02	7.18e-01	2.24e-01	4.91e-06	0.00e+00	0.00e+00	0.00e+00
 4.39348e+16	2.01e-04	6.32e-02	7.24e-01	2.12e-01	4.34e-06	0.00e+00	0.00e+00	0.00e+00
 4.40048e+16	2.29e-04	6.93e-02	7.30e-01	2.01e-01	3.84e-06	0.00e+00	0.00e+00	0.00e+00
 4.40726e+16	2.61e-04	7.58e-02	7.34e-01	1.90e-01	3.39e-06	0.00e+00	0.00e+00	0.00e+00
 4.41392e+16	2.98e-04	8.31e-02	7.38e-01	1.79e-01	2.99e-06	0.00e+00	0.00e+00	0.00e+00
 4.42044e+16	3.40e-04	9.10e-02	7.41e-01	1.68e-01	2.63e-06	0.00e+00	0.00e+00	0.00e+00
 4.42672e+16	3.88e-04	9.97e-02	7.42e-01	1.58e-01	2.31e-06	0.00e+00	0.00e+00	0.00e+00
 4.43278e+16	4.43e-04	1.09e-01	7.43e-01	1.48e-01	2.02e-06	0.00e+00	0.00e+00	0.00e+00
 4.43872e+16	5.05e-04	1.19e-01	7.42e-01	1.38e-01	1.77e-06	0.00e+00	0.00e+00	0.00e+00
 4.44458e+16	5.78e-04	1.31e-01	7.40e-01	1.28e-01	1.54e-06	0.00e+00	0.00e+00	0.00e+00
 4.45034e+16	6.61e-04	1.43e-01	7.37e-01	1.19e-01	1.34e-06	0.00e+00	0.00e+00	0.00e+00
 4.45594e+16	7.58e-04	1.57e-01	7.33e-01	1.10e-01	1.15e-06	0.00e+00	0.00e+00	0.00e+00
 4.46140e+16	8.67e-04	1.72e-01	7.26e-01	1.01e-01	9.92e-07	0.00e+00	0.00e+00	0.00e+00
 4.46675e+16	9.94e-04	1.88e-01	7.18e-01	9.23e-02	0.00e+00	0.00e+00	0.00e+00	0.00e+00
 4.47202e+16	1.14e-03	2.06e-01	7.09e-01	8.40e-02	0.00e+00	0.00e+00	0.00e+00	0.00e+00
 4.47805e+16	1.34e-03	2.29e-01	6.95e-01	7.47e-02	0.00e+00	0.00e+00	0.00e+00	0.00e+00
 4.48437e+16	1.60e-03	2.57e-01	6.76e-01	6.53e-02	0.00e+00	0.00e+00	0.00e+00	0.00e+00
 4.48960e+16	1.86e-03	2.83e-01	6.57e-01	5.77e-02	0.00e+00	0.00e+00	0.00e+00	0.00e+00
 4.49421e+16	2.12e-03	3.08e-01	6.38e-01	5.13e-02	0.00e+00	0.00e+00	0.00e+00	0.00e+00
 4.49943e+16	2.49e-03	3.40e-01	6.13e-01	4.42e-02	0.00e+00	0.00e+00	0.00e+00	0.00e+00
 4.50623e+16	3.06e-03	3.86e-01	5.75e-01	3.57e-02	0.00e+00	0.00e+00	0.00e+00	0.00e+00
 4.51299e+16	3.79e-03	4.39e-01	5.29e-01	2.79e-02	0.00e+00	0.00e+00	0.00e+00	0.00e+00
 4.51794e+16	4.49e-03	4.82e-01	4.90e-01	2.27e-02	0.00e+00	0.00e+00	0.00e+00	0.00e+00
 4.52178e+16	5.09e-03	5.18e-01	4.58e-01	1.90e-02	0.00e+00	0.00e+00	0.00e+00	0.00e+00
 4.52590e+16	5.85e-03	5.58e-01	4.21e-01	1.53e-02	0.00e+00	0.00e+00	0.00e+00	0.00e+00
 4.53055e+16	6.84e-03	6.06e-01	3.76e-01	1.17e-02	0.00e+00	0.00e+00	0.00e+00	0.00e+00
 4.53477e+16	7.94e-03	6.51e-01	3.32e-01	8.93e-03	0.00e+00	0.00e+00	0.00e+00	0.00e+00
 4.53825e+16	8.97e-03	6.88e-01	2.97e-01	6.96e-03	0.00e+00	0.00e+00	0.00e+00	0.00e+00
 4.54190e+16	1.02e-02	7.26e-01	2.59e-01	5.21e-03	0.00e+00	0.00e+00	0.00e+00	0.00e+00
 4.54587e+16	1.18e-02	7.66e-01	2.18e-01	3.67e-03	0.00e+00	0.00e+00	0.00e+00	0.00e+00
 4.54923e+16	1.33e-02	8.00e-01	1.84e-01	2.62e-03	0.00e+00	0.00e+00	0.00e+00	0.00e+00
 4.55195e+16	1.47e-02	8.25e-01	1.59e-01	1.95e-03	0.00e+00	0.00e+00	0.00e+00	0.00e+00
 4.55481e+16	1.64e-02	8.49e-01	1.33e-01	1.39e-03	0.00e+00	0.00e+00	0.00e+00	0.00e+00
 4.55797e+16	1.85e-02	8.73e-01	1.08e-01	9.27e-04	0.00e+00	0.00e+00	0.00e+00	0.00e+00
 4.56078e+16	2.06e-02	8.91e-01	8.73e-02	6.24e-04	0.00e+00	0.00e+00	0.00e+00	0.00e+00
 4.56315e+16	2.26e-02	9.05e-01	7.19e-02	4.34e-04	0.00e+00	0.00e+00	0.00e+00	0.00e+00
 4.56530e+16	2.47e-02	9.15e-01	5.96e-02	3.06e-04	0.00e+00	0.00e+00	0.00e+00	0.00e+00
 4.56771e+16	2.72e-02	9.25e-01	4.76e-02	2.02e-04	0.00e+00	0.00e+00	0.00e+00	0.00e+00
 4.57021e+16	3.03e-02	9.33e-01	3.70e-02	1.27e-04	0.00e+00	0.00e+00	0.00e+00	0.00e+00
 4.57222e+16	3.29e-02	9.37e-01	2.97e-02	8.47e-05	0.00e+00	0.00e+00	0.00e+00	0.00e+00
 4.57385e+16	3.54e-02	9.40e-01	2.46e-02	6.03e-05	0.00e+00	0.00e+00	0.00e+00	0.00e+00
 4.57559e+16	3.82e-02	9.42e-01	1.99e-02	4.09e-05	0.00e+00	0.00e+00	0.00e+00	0.00e+00
 4.57748e+16	4.16e-02	9.43e-01	1.57e-02	2.66e-05	0.00e+00	0.00e+00	0.00e+00	0.00e+00
 4.57916e+16	4.50e-02	9.42e-01	1.26e-02	1.77e-05	0.00e+00	0.00e+00	0.00e+00	0.00e+00
 4.58061e+16	4.81e-02	9.42e-01	1.03e-02	1.23e-05	0.00e+00	0.00e+00	0.00e+00	0.00e+00
 4.58195e+16	5.13e-02	9.40e-01	8.50e-03	8.64e-06	0.00e+00	0.00e+00	0.00e+00	0.00e+00
 4.58332e+16	5.47e-02	9.38e-01	6.93e-03	5.96e-06	0.00e+00	0.00e+00	0.00e+00	0.00e+00
 4.58467e+16	5.83e-02	9.36e-01	5.64e-03	4.09e-06	0.00e+00	0.00e+00	0.00e+00	0.00e+00
 4.58584e+16	6.18e-02	9.34e-01	4.69e-03	2.93e-06	0.00e+00	0.00e+00	0.00e+00	0.00e+00
 4.58686e+16	6.48e-02	9.31e-01	3.98e-03	2.16e-06	0.00e+00	0.00e+00	0.00e+00	0.00e+00
 4.58766e+16	6.74e-02	9.29e-01	3.50e-03	1.71e-06	0.00e+00	0.00e+00	0.00e+00	0.00e+00
 4.58819e+16	6.90e-02	9.28e-01	3.21e-03	1.46e-06	0.00e+00	0.00e+00	0.00e+00	0.00e+00
 4.58867e+16	7.09e-02	9.26e-01	2.95e-03	1.25e-06	0.00e+00	0.00e+00	0.00e+00	0.00e+00
 4.58923e+16	7.31e-02	9.24e-01	2.67e-03	1.05e-06	0.00e+00	0.00e+00	0.00e+00	0.00e+00
 4.58983e+16	7.53e-02	9.22e-01	2.41e-03	8.63e-07	0.00e+00	0.00e+00	0.00e+00	0.00e+00
 4.59041e+16	7.76e-02	9.20e-01	2.17e-03	0.00e+00	0.00e+00	0.00e+00	0.00e+00	0.00e+00
 4.59096e+16	7.99e-02	9.18e-01	1.97e-03	0.00e+00	0.00e+00	0.00e+00	0.00e+00	0.00e+00
 4.59150e+16	8.22e-02	9.16e-01	1.79e-03	0.00e+00	0.00e+00	0.00e+00	0.00e+00	0.00e+00
 4.59204e+16	8.46e-02	9.14e-01	1.62e-03	0.00e+00	0.00e+00	0.00e+00	0.00e+00	0.00e+00
 4.59258e+16	8.70e-02	9.12e-01	1.46e-03	0.00e+00	0.00e+00	0.00e+00	0.00e+00	0.00e+00
 4.59310e+16	8.95e-02	9.09e-01	1.32e-03	0.00e+00	0.00e+00	0.00e+00	0.00e+00	0.00e+00
 4.59362e+16	9.23e-02	9.07e-01	1.20e-03	0.00e+00	0.00e+00	0.00e+00	0.00e+00	0.00e+00
 4.59414e+16	9.51e-02	9.04e-01	1.08e-03	0.00e+00	0.00e+00	0.00e+00	0.00e+00	0.00e+00
 4.59465e+16	9.81e-02	9.01e-01	9.80e-04	0.00e+00	0.00e+00	0.00e+00	0.00e+00	0.00e+00
 4.59515e+16	1.01e-01	8.98e-01	8.86e-04	0.00e+00	0.00e+00	0.00e+00	0.00e+00	0.00e+00
 4.59565e+16	1.04e-01	8.95e-01	8.02e-04	0.00e+00	0.00e+00	0.00e+00	0.00e+00	0.00e+00
 4.59613e+16	1.07e-01	8.92e-01	7.26e-04	0.00e+00	0.00e+00	0.00e+00	0.00e+00	0.00e+00
 4.59661e+16	1.10e-01	8.89e-01	6.56e-04	0.00e+00	0.00e+00	0.00e+00	0.00e+00	0.00e+00
 4.59709e+16	1.14e-01	8.85e-01	5.93e-04	0.00e+00	0.00e+00	0.00e+00	0.00e+00	0.00e+00
 4.59757e+16	1.18e-01	8.82e-01	5.36e-04	0.00e+00	0.00e+00	0.00e+00	0.00e+00	0.00e+00
 4.59803e+16	1.21e-01	8.78e-01	4.85e-04	0.00e+00	0.00e+00	0.00e+00	0.00e+00	0.00e+00
 4.59849e+16	1.26e-01	8.74e-01	4.37e-04	0.00e+00	0.00e+00	0.00e+00	0.00e+00	0.00e+00
 4.59895e+16	1.30e-01	8.70e-01	3.95e-04	0.00e+00	0.00e+00	0.00e+00	0.00e+00	0.00e+00
 4.59939e+16	1.34e-01	8.65e-01	3.57e-04	0.00e+00	0.00e+00	0.00e+00	0.00e+00	0.00e+00
 4.59983e+16	1.39e-01	8.61e-01	3.22e-04	0.00e+00	0.00e+00	0.00e+00	0.00e+00	0.00e+00
 4.60026e+16	1.44e-01	8.56e-01	2.91e-04	0.00e+00	0.00e+00	0.00e+00	0.00e+00	0.00e+00
 4.60069e+16	1.49e-01	8.51e-01	2.62e-04	0.00e+00	0.00e+00	0.00e+00	0.00e+00	0.00e+00
 4.60112e+16	1.55e-01	8.45e-01	2.37e-04	0.00e+00	0.00e+00	0.00e+00	0.00e+00	0.00e+00
 4.60153e+16	1.61e-01	8.39e-01	2.13e-04	0.00e+00	0.00e+00	0.00e+00	0.00e+00	0.00e+00
 4.60194e+16	1.67e-01	8.33e-01	1.93e-04	0.00e+00	0.00e+00	0.00e+00	0.00e+00	0.00e+00
 4.60235e+16	1.75e-01	8.25e-01	1.73e-04	0.00e+00	0.00e+00	0.00e+00	0.00e+00	0.00e+00
 4.60274e+16	1.82e-01	8.18e-01	1.56e-04	0.00e+00	0.00e+00	0.00e+00	0.00e+00	0.00e+00
 4.60313e+16	1.90e-01	8.10e-01	1.41e-04	0.00e+00	0.00e+00	0.00e+00	0.00e+00	0.00e+00
