#depth	C	C+	C+2	C+3	C+4	C+5	C+6	C[1]	C[2]	C[3]	C+[1]	C+[2]	CO
 1.49634e+10	0.00e+00	4.14e-29	3.84e-20	1.06e-11	9.97e-03	9.07e-01	8.26e-02	0.00e+00	0.00e+00	0.00e+00	0.00e+00	0.00e+00	0.00e+00
 4.54887e+10	5.85e-39	5.94e-29	5.05e-20	1.28e-11	1.10e-02	9.13e-01	7.63e-02	0.00e+00	0.00e+00	0.00e+00	0.00e+00	0.00e+00	9.03e-127
 7.72350e+10	0.00e+00	8.55e-29	6.68e-20	1.55e-11	1.22e-02	9.17e-01	7.03e-02	0.00e+00	0.00e+00	0.00e+00	0.00e+00	0.00e+00	0.00e+00
 1.10251e+11	1.44e-38	1.23e-28	8.83e-20	1.87e-11	1.36e-02	9.22e-01	6.47e-02	0.00e+00	0.00e+00	0.00e+00	0.00e+00	0.00e+00	9.86e-126
 1.41771e+11	0.00e+00	1.72e-28	1.14e-19	2.23e-11	1.49e-02	9.25e-01	5.99e-02	0.00e+00	0.00e+00	0.00e+00	0.00e+00	0.00e+00	0.00e+00
 1.70523e+11	3.16e-38	2.32e-28	1.43e-19	2.60e-11	1.62e-02	9.28e-01	5.59e-02	0.00e+00	0.00e+00	0.00e+00	0.00e+00	0.00e+00	7.85e-125
 2.02871e+11	0.00e+00	3.21e-28	1.84e-19	3.08e-11	1.77e-02	9.30e-01	5.19e-02	0.00e+00	0.00e+00	0.00e+00	0.00e+00	0.00e+00	0.00e+00
 2.40541e+11	7.45e-38	4.62e-28	2.43e-19	3.73e-11	1.96e-02	9.33e-01	4.76e-02	0.00e+00	0.00e+00	0.00e+00	0.00e+00	0.00e+00	7.53e-124
 2.77890e+11	0.00e+00	6.55e-28	3.18e-19	4.47e-11	2.16e-02	9.35e-01	4.38e-02	0.00e+00	0.00e+00	0.00e+00	0.00e+00	0.00e+00	0.00e+00
 3.13614e+11	1.71e-37	9.05e-28	4.07e-19	5.28e-11	2.36e-02	9.36e-01	4.06e-02	0.00e+00	0.00e+00	0.00e+00	0.00e+00	0.00e+00	6.80e-123
 3.52966e+11	0.00e+00	1.28e-27	5.29e-19	6.31e-11	2.59e-02	9.37e-01	3.73e-02	0.00e+00	0.00e+00	0.00e+00	0.00e+00	0.00e+00	0.00e+00
 3.97012e+11	4.17e-37	1.85e-27	7.04e-19	7.66e-11	2.87e-02	9.37e-01	3.41e-02	0.00e+00	0.00e+00	0.00e+00	0.00e+00	0.00e+00	7.06e-122
 4.41203e+11	0.00e+00	2.65e-27	9.27e-19	9.22e-11	3.16e-02	9.37e-01	3.12e-02	0.00e+00	0.00e+00	0.00e+00	0.00e+00	0.00e+00	0.00e+00
 4.87162e+11	1.02e-36	3.81e-27	1.22e-18	1.11e-10	3.49e-02	9.37e-01	2.85e-02	0.00e+00	0.00e+00	0.00e+00	0.00e+00	0.00e+00	7.44e-121
 5.36575e+11	0.00e+00	5.53e-27	1.63e-18	1.35e-10	3.85e-02	9.35e-01	2.60e-02	0.00e+00	0.00e+00	0.00e+00	0.00e+00	0.00e+00	0.00e+00
 5.85460e+11	2.53e-36	7.91e-27	2.14e-18	1.62e-10	4.24e-02	9.34e-01	2.37e-02	0.00e+00	0.00e+00	0.00e+00	0.00e+00	0.00e+00	8.08e-120
 6.36300e+11	0.00e+00	1.13e-26	2.82e-18	1.95e-10	4.66e-02	9.32e-01	2.16e-02	0.00e+00	0.00e+00	0.00e+00	0.00e+00	0.00e+00	0.00e+00
 6.91679e+11	6.29e-36	1.65e-26	3.76e-18	2.37e-10	5.14e-02	9.29e-01	1.96e-02	0.00e+00	0.00e+00	0.00e+00	0.00e+00	0.00e+00	8.82e-119
 7.49273e+11	0.00e+00	2.40e-26	5.02e-18	2.88e-10	5.68e-02	9.25e-01	1.78e-02	0.00e+00	0.00e+00	0.00e+00	0.00e+00	0.00e+00	0.00e+00
 8.09171e+11	1.60e-35	3.49e-26	6.71e-18	3.50e-10	6.26e-02	9.21e-01	1.61e-02	0.00e+00	0.00e+00	0.00e+00	0.00e+00	0.00e+00	1.02e-117
 8.71464e+11	0.00e+00	5.09e-26	8.96e-18	4.25e-10	6.90e-02	9.16e-01	1.45e-02	0.00e+00	0.00e+00	0.00e+00	0.00e+00	0.00e+00	0.00e+00
 9.36250e+11	4.07e-35	7.41e-26	1.20e-17	5.16e-10	7.61e-02	9.11e-01	1.31e-02	0.00e+00	0.00e+00	0.00e+00	0.00e+00	0.00e+00	1.17e-116
 9.94885e+11	0.00e+00	1.03e-25	1.54e-17	6.11e-10	8.27e-02	9.05e-01	1.20e-02	0.00e+00	0.00e+00	0.00e+00	0.00e+00	0.00e+00	1.04e-99
 1.04380e+12	8.48e-35	1.34e-25	1.89e-17	7.01e-10	8.85e-02	9.00e-01	1.11e-02	0.00e+00	0.00e+00	0.00e+00	0.00e+00	0.00e+00	0.00e+00
 1.09742e+12	1.20e-34	1.77e-25	2.35e-17	8.10e-10	9.50e-02	8.95e-01	1.03e-02	0.00e+00	0.00e+00	0.00e+00	0.00e+00	0.00e+00	1.99e-115
 1.16524e+12	1.84e-34	2.50e-25	3.06e-17	9.68e-10	1.04e-01	8.87e-01	9.30e-03	0.00e+00	0.00e+00	0.00e+00	0.00e+00	0.00e+00	2.89e-97
 1.23596e+12	2.82e-34	3.53e-25	4.00e-17	1.16e-09	1.13e-01	8.79e-01	8.41e-03	0.00e+00	0.00e+00	0.00e+00	0.00e+00	0.00e+00	0.00e+00
 1.29607e+12	3.99e-34	4.67e-25	4.98e-17	1.34e-09	1.21e-01	8.71e-01	7.73e-03	0.00e+00	0.00e+00	0.00e+00	0.00e+00	0.00e+00	4.63e-114
 1.35792e+12	5.64e-34	6.18e-25	6.19e-17	1.55e-09	1.30e-01	8.63e-01	7.11e-03	0.00e+00	0.00e+00	0.00e+00	0.00e+00	0.00e+00	3.34e-96
 1.43571e+12	8.57e-34	8.67e-25	8.05e-17	1.85e-09	1.41e-01	8.52e-01	6.40e-03	0.00e+00	0.00e+00	0.00e+00	0.00e+00	0.00e+00	0.00e+00
 1.51470e+12	1.29e-33	1.21e-24	1.04e-16	2.19e-09	1.53e-01	8.41e-01	5.78e-03	0.00e+00	0.00e+00	0.00e+00	0.00e+00	0.00e+00	1.01e-112
 1.58256e+12	1.80e-33	1.58e-24	1.29e-16	2.52e-09	1.63e-01	8.31e-01	5.30e-03	0.00e+00	0.00e+00	0.00e+00	0.00e+00	0.00e+00	4.21e-95
 1.65545e+12	2.55e-33	2.10e-24	1.60e-16	2.92e-09	1.75e-01	8.20e-01	4.84e-03	0.00e+00	0.00e+00	0.00e+00	0.00e+00	0.00e+00	6.14e-112
 1.74554e+12	3.85e-33	2.93e-24	2.08e-16	3.47e-09	1.89e-01	8.06e-01	4.33e-03	0.00e+00	0.00e+00	0.00e+00	0.00e+00	0.00e+00	2.20e-94
 1.83787e+12	5.76e-33	4.05e-24	2.68e-16	4.12e-09	2.04e-01	7.92e-01	3.88e-03	0.00e+00	0.00e+00	0.00e+00	0.00e+00	0.00e+00	5.34e-111
 1.92114e+12	8.14e-33	5.37e-24	3.34e-16	4.76e-09	2.18e-01	7.78e-01	3.52e-03	0.00e+00	0.00e+00	0.00e+00	0.00e+00	0.00e+00	1.13e-93
 2.01278e+12	1.17e-32	7.22e-24	4.21e-16	5.55e-09	2.33e-01	7.63e-01	3.17e-03	0.00e+00	0.00e+00	0.00e+00	0.00e+00	0.00e+00	3.59e-110
 2.12083e+12	1.77e-32	1.01e-23	5.46e-16	6.60e-09	2.52e-01	7.45e-01	2.82e-03	0.00e+00	0.00e+00	0.00e+00	0.00e+00	0.00e+00	6.21e-93
 2.22898e+12	2.62e-32	1.38e-23	7.00e-16	7.77e-09	2.70e-01	7.27e-01	2.50e-03	0.00e+00	0.00e+00	0.00e+00	0.00e+00	0.00e+00	3.13e-109
 2.33173e+12	3.73e-32	1.85e-23	8.76e-16	9.01e-09	2.88e-01	7.10e-01	2.25e-03	0.00e+00	0.00e+00	0.00e+00	0.00e+00	0.00e+00	3.20e-92
 2.44521e+12	5.42e-32	2.50e-23	1.11e-15	1.05e-08	3.07e-01	6.91e-01	2.00e-03	0.00e+00	0.00e+00	0.00e+00	0.00e+00	0.00e+00	2.27e-108
 2.57295e+12	8.08e-32	3.45e-23	1.43e-15	1.24e-08	3.28e-01	6.70e-01	1.76e-03	0.00e+00	0.00e+00	0.00e+00	0.00e+00	0.00e+00	1.78e-91
 2.70068e+12	1.18e-31	4.69e-23	1.82e-15	1.45e-08	3.50e-01	6.49e-01	1.55e-03	0.00e+00	0.00e+00	0.00e+00	0.00e+00	0.00e+00	1.94e-107
 2.81374e+12	1.63e-31	6.08e-23	2.23e-15	1.66e-08	3.68e-01	6.30e-01	1.39e-03	0.00e+00	0.00e+00	0.00e+00	0.00e+00	0.00e+00	8.45e-91
 2.90856e+12	2.10e-31	7.50e-23	2.62e-15	1.84e-08	3.84e-01	6.15e-01	1.28e-03	0.00e+00	0.00e+00	0.00e+00	0.00e+00	0.00e+00	9.69e-107
 3.01057e+12	2.75e-31	9.31e-23	3.10e-15	2.05e-08	4.00e-01	5.99e-01	1.16e-03	0.00e+00	0.00e+00	0.00e+00	0.00e+00	0.00e+00	2.76e-90
 3.14320e+12	3.84e-31	1.22e-22	3.82e-15	2.35e-08	4.20e-01	5.79e-01	1.03e-03	0.00e+00	0.00e+00	0.00e+00	0.00e+00	0.00e+00	5.26e-106
 3.28200e+12	5.36e-31	1.60e-22	4.72e-15	2.69e-08	4.42e-01	5.57e-01	9.14e-04	0.00e+00	0.00e+00	0.00e+00	0.00e+00	0.00e+00	1.25e-89
 3.40049e+12	7.04e-31	1.99e-22	5.59e-15	3.00e-08	4.59e-01	5.40e-01	8.26e-04	0.00e+00	0.00e+00	0.00e+00	0.00e+00	0.00e+00	2.95e-105
 3.52618e+12	9.30e-31	2.49e-22	6.66e-15	3.35e-08	4.77e-01	5.22e-01	7.43e-04	0.00e+00	0.00e+00	0.00e+00	0.00e+00	0.00e+00	4.42e-89
 3.68412e+12	1.30e-30	3.26e-22	8.20e-15	3.83e-08	4.99e-01	5.00e-01	6.53e-04	0.00e+00	0.00e+00	0.00e+00	0.00e+00	0.00e+00	1.72e-104
 3.84673e+12	1.80e-30	4.25e-22	1.01e-14	4.36e-08	5.21e-01	4.78e-01	5.73e-04	0.00e+00	0.00e+00	0.00e+00	0.00e+00	0.00e+00	2.04e-88
 3.99014e+12	2.38e-30	5.32e-22	1.20e-14	4.85e-08	5.40e-01	4.60e-01	5.12e-04	0.00e+00	0.00e+00	0.00e+00	0.00e+00	0.00e+00	9.98e-104
 4.14589e+12	3.18e-30	6.71e-22	1.43e-14	5.43e-08	5.59e-01	4.41e-01	4.55e-04	0.00e+00	0.00e+00	0.00e+00	0.00e+00	0.00e+00	7.66e-88
 4.31775e+12	4.31e-30	8.58e-22	1.73e-14	6.11e-08	5.79e-01	4.21e-01	4.00e-04	0.00e+00	0.00e+00	0.00e+00	0.00e+00	0.00e+00	5.73e-103
 4.47610e+12	5.65e-30	1.07e-21	2.04e-14	6.77e-08	5.97e-01	4.03e-01	3.57e-04	0.00e+00	0.00e+00	0.00e+00	0.00e+00	0.00e+00	2.96e-87
 4.64749e+12	7.48e-30	1.33e-21	2.42e-14	7.53e-08	6.15e-01	3.85e-01	3.16e-04	0.00e+00	0.00e+00	0.00e+00	0.00e+00	0.00e+00	2.94e-102
 4.83865e+12	1.01e-29	1.70e-21	2.91e-14	8.44e-08	6.34e-01	3.66e-01	2.76e-04	0.00e+00	0.00e+00	0.00e+00	0.00e+00	0.00e+00	1.18e-86
 5.01775e+12	1.32e-29	2.10e-21	3.43e-14	9.33e-08	6.51e-01	3.49e-01	2.45e-04	0.00e+00	0.00e+00	0.00e+00	0.00e+00	0.00e+00	1.63e-101
 5.21283e+12	1.75e-29	2.64e-21	4.08e-14	1.04e-07	6.69e-01	3.31e-01	2.15e-04	0.00e+00	0.00e+00	0.00e+00	0.00e+00	0.00e+00	4.42e-86
 5.42956e+12	2.36e-29	3.35e-21	4.89e-14	1.16e-07	6.87e-01	3.13e-01	1.87e-04	0.00e+00	0.00e+00	0.00e+00	0.00e+00	0.00e+00	9.52e-101
 5.63188e+12	3.09e-29	4.15e-21	5.75e-14	1.27e-07	7.03e-01	2.97e-01	1.65e-04	0.00e+00	0.00e+00	0.00e+00	0.00e+00	0.00e+00	1.75e-85
 5.85234e+12	4.09e-29	5.19e-21	6.81e-14	1.41e-07	7.19e-01	2.81e-01	1.45e-04	0.00e+00	0.00e+00	0.00e+00	0.00e+00	0.00e+00	5.15e-100
 6.09884e+12	5.51e-29	6.59e-21	8.16e-14	1.57e-07	7.36e-01	2.64e-01	1.25e-04	0.00e+00	0.00e+00	0.00e+00	0.00e+00	0.00e+00	7.30e-85
 6.33137e+12	7.24e-29	8.18e-21	9.60e-14	1.73e-07	7.50e-01	2.50e-01	1.09e-04	0.00e+00	0.00e+00	0.00e+00	0.00e+00	0.00e+00	3.04e-99
 6.58580e+12	9.64e-29	1.03e-20	1.14e-13	1.91e-07	7.65e-01	2.35e-01	9.50e-05	0.00e+00	0.00e+00	0.00e+00	0.00e+00	0.00e+00	2.93e-84
 6.87074e+12	1.31e-28	1.31e-20	1.36e-13	2.13e-07	7.80e-01	2.19e-01	8.14e-05	0.00e+00	0.00e+00	0.00e+00	0.00e+00	0.00e+00	1.95e-98
 7.14084e+12	1.73e-28	1.63e-20	1.61e-13	2.34e-07	7.94e-01	2.06e-01	7.07e-05	0.00e+00	0.00e+00	0.00e+00	0.00e+00	0.00e+00	1.27e-83
 7.43014e+12	2.30e-28	2.05e-20	1.90e-13	2.58e-07	8.07e-01	1.93e-01	6.12e-05	0.00e+00	0.00e+00	0.00e+00	0.00e+00	0.00e+00	1.17e-97
 7.75728e+12	3.14e-28	2.61e-20	2.28e-13	2.87e-07	8.20e-01	1.80e-01	5.21e-05	0.00e+00	0.00e+00	0.00e+00	0.00e+00	0.00e+00	5.77e-83
 8.08143e+12	4.22e-28	3.30e-20	2.71e-13	3.16e-07	8.32e-01	1.68e-01	4.48e-05	0.00e+00	0.00e+00	0.00e+00	0.00e+00	0.00e+00	8.02e-97
 8.41855e+12	5.66e-28	4.16e-20	3.21e-13	3.49e-07	8.43e-01	1.57e-01	3.84e-05	0.00e+00	0.00e+00	0.00e+00	0.00e+00	0.00e+00	2.62e-82
 8.78522e+12	7.70e-28	5.29e-20	3.83e-13	3.85e-07	8.55e-01	1.45e-01	3.27e-05	0.00e+00	0.00e+00	0.00e+00	0.00e+00	0.00e+00	5.54e-96
 9.16655e+12	1.05e-27	6.73e-20	4.56e-13	4.25e-07	8.65e-01	1.35e-01	2.79e-05	0.00e+00	0.00e+00	0.00e+00	0.00e+00	0.00e+00	1.30e-81
 9.52826e+12	1.39e-27	8.38e-20	5.34e-13	4.65e-07	8.74e-01	1.26e-01	2.41e-05	0.00e+00	0.00e+00	0.00e+00	0.00e+00	0.00e+00	3.69e-95
 9.85363e+12	1.77e-27	1.01e-19	6.13e-13	5.02e-07	8.81e-01	1.19e-01	2.12e-05	0.00e+00	0.00e+00	0.00e+00	0.00e+00	0.00e+00	5.07e-81
 1.01572e+13	2.20e-27	1.20e-19	6.94e-13	5.38e-07	8.87e-01	1.13e-01	1.89e-05	0.00e+00	0.00e+00	0.00e+00	0.00e+00	0.00e+00	1.65e-94
 1.04919e+13	2.78e-27	1.44e-19	7.91e-13	5.78e-07	8.94e-01	1.06e-01	1.67e-05	0.00e+00	0.00e+00	0.00e+00	0.00e+00	0.00e+00	1.68e-80
 1.08689e+13	3.60e-27	1.76e-19	9.12e-13	6.25e-07	9.00e-01	9.97e-02	1.46e-05	0.00e+00	0.00e+00	0.00e+00	0.00e+00	0.00e+00	8.20e-94
 1.12300e+13	4.57e-27	2.12e-19	1.04e-12	6.72e-07	9.06e-01	9.39e-02	1.29e-05	0.00e+00	0.00e+00	0.00e+00	0.00e+00	0.00e+00	6.24e-80
 1.16284e+13	5.90e-27	2.58e-19	1.20e-12	7.25e-07	9.12e-01	8.81e-02	1.13e-05	0.00e+00	0.00e+00	0.00e+00	0.00e+00	0.00e+00	4.08e-93
 1.20718e+13	7.75e-27	3.19e-19	1.39e-12	7.87e-07	9.18e-01	8.23e-02	9.77e-06	0.00e+00	0.00e+00	0.00e+00	0.00e+00	0.00e+00	2.56e-79
 1.24794e+13	9.90e-27	3.85e-19	1.59e-12	8.46e-07	9.23e-01	7.74e-02	8.60e-06	0.00e+00	0.00e+00	0.00e+00	0.00e+00	0.00e+00	2.21e-92
 1.28572e+13	1.23e-26	4.56e-19	1.79e-12	9.02e-07	9.27e-01	7.32e-02	7.67e-06	0.00e+00	0.00e+00	0.00e+00	0.00e+00	0.00e+00	8.82e-79
 1.32903e+13	1.58e-26	5.51e-19	2.04e-12	9.67e-07	9.31e-01	6.89e-02	6.76e-06	0.00e+00	0.00e+00	0.00e+00	0.00e+00	0.00e+00	1.01e-91
 1.38208e+13	2.11e-26	6.89e-19	2.39e-12	1.05e-06	9.36e-01	6.41e-02	5.82e-06	0.00e+00	0.00e+00	0.00e+00	0.00e+00	0.00e+00	3.76e-78
 1.43507e+13	2.78e-26	8.52e-19	2.77e-12	1.14e-06	9.40e-01	5.97e-02	5.03e-06	0.00e+00	0.00e+00	0.00e+00	0.00e+00	0.00e+00	6.43e-91
 1.48113e+13	3.52e-26	1.02e-18	3.14e-12	1.22e-06	9.44e-01	5.63e-02	4.46e-06	0.00e+00	0.00e+00	0.00e+00	0.00e+00	0.00e+00	1.50e-77
 1.53087e+13	4.52e-26	1.23e-18	3.58e-12	1.30e-06	9.47e-01	5.30e-02	3.93e-06	0.00e+00	0.00e+00	0.00e+00	0.00e+00	0.00e+00	3.12e-90
 1.59167e+13	6.07e-26	1.55e-18	4.17e-12	1.41e-06	9.51e-01	4.93e-02	3.39e-06	0.00e+00	0.00e+00	0.00e+00	0.00e+00	0.00e+00	6.56e-77
 1.65372e+13	8.06e-26	1.92e-18	4.86e-12	1.53e-06	9.54e-01	4.58e-02	2.92e-06	0.00e+00	0.00e+00	0.00e+00	0.00e+00	0.00e+00	2.07e-89
 1.70976e+13	1.04e-25	2.33e-18	5.54e-12	1.63e-06	9.57e-01	4.31e-02	2.57e-06	0.00e+00	0.00e+00	0.00e+00	0.00e+00	0.00e+00	2.82e-76
 1.77107e+13	1.36e-25	2.85e-18	6.36e-12	1.75e-06	9.60e-01	4.03e-02	2.25e-06	0.00e+00	0.00e+00	0.00e+00	0.00e+00	0.00e+00	5.88e-76
 1.84334e+13	1.85e-25	3.60e-18	7.44e-12	1.90e-06	9.63e-01	3.74e-02	1.93e-06	0.00e+00	0.00e+00	0.00e+00	0.00e+00	0.00e+00	1.36e-75
 1.91555e+13	2.47e-25	4.48e-18	8.65e-12	2.06e-06	9.65e-01	3.48e-02	1.66e-06	0.00e+00	0.00e+00	0.00e+00	0.00e+00	0.00e+00	2.99e-75
 1.98343e+13	3.23e-25	5.49e-18	9.92e-12	2.20e-06	9.67e-01	3.26e-02	1.46e-06	0.00e+00	0.00e+00	0.00e+00	0.00e+00	0.00e+00	6.24e-75
 2.05856e+13	4.30e-25	6.82e-18	1.15e-11	2.37e-06	9.70e-01	3.04e-02	1.27e-06	0.00e+00	0.00e+00	0.00e+00	0.00e+00	0.00e+00	1.37e-74
 2.14389e+13	5.89e-25	8.65e-18	1.34e-11	2.57e-06	9.72e-01	2.82e-02	1.08e-06	0.00e+00	0.00e+00	0.00e+00	0.00e+00	0.00e+00	3.25e-74
 2.22973e+13	7.94e-25	1.08e-17	1.57e-11	2.78e-06	9.74e-01	2.62e-02	9.32e-07	0.00e+00	0.00e+00	0.00e+00	0.00e+00	0.00e+00	7.36e-74
 2.31901e+13	1.08e-24	1.36e-17	1.83e-11	3.01e-06	9.76e-01	2.43e-02	0.00e+00	0.00e+00	0.00e+00	0.00e+00	0.00e+00	0.00e+00	1.71e-73
 2.41476e+13	1.48e-24	1.73e-17	2.14e-11	3.26e-06	9.77e-01	2.25e-02	0.00e+00	0.00e+00	0.00e+00	0.00e+00	0.00e+00	0.00e+00	4.07e-73
 2.51434e+13	2.02e-24	2.19e-17	2.51e-11	3.53e-06	9.79e-01	2.09e-02	0.00e+00	0.00e+00	0.00e+00	0.00e+00	0.00e+00	0.00e+00	9.63e-73
 2.61047e+13	2.70e-24	2.72e-17	2.91e-11	3.80e-06	9.81e-01	1.94e-02	0.00e+00	0.00e+00	0.00e+00	0.00e+00	0.00e+00	0.00e+00	2.12e-72
 2.70042e+13	3.52e-24	3.32e-17	3.32e-11	4.06e-06	9.82e-01	1.82e-02	0.00e+00	0.00e+00	0.00e+00	0.00e+00	0.00e+00	0.00e+00	4.40e-72
 2.78532e+13	4.48e-24	3.98e-17	3.74e-11	4.31e-06	9.83e-01	1.72e-02	0.00e+00	0.00e+00	0.00e+00	0.00e+00	0.00e+00	0.00e+00	8.60e-72
 2.87805e+13	5.78e-24	4.83e-17	4.26e-11	4.60e-06	9.84e-01	1.61e-02	0.00e+00	0.00e+00	0.00e+00	0.00e+00	1.56e-17	3.27e-17	1.74e-71
 2.98108e+13	7.58e-24	5.92e-17	4.89e-11	4.93e-06	9.85e-01	1.51e-02	0.00e+00	0.00e+00	0.00e+00	0.00e+00	1.96e-17	3.95e-17	3.65e-71
 3.07747e+13	9.73e-24	7.13e-17	5.53e-11	5.25e-06	9.86e-01	1.42e-02	0.00e+00	0.00e+00	0.00e+00	0.00e+00	2.37e-17	4.76e-17	7.24e-71
 3.18272e+13	1.27e-23	8.70e-17	6.31e-11	5.60e-06	9.87e-01	1.33e-02	0.00e+00	0.00e+00	0.00e+00	0.00e+00	2.89e-17	5.81e-17	1.50e-70
 3.30168e+13	1.68e-23	1.08e-16	7.29e-11	6.02e-06	9.88e-01	1.24e-02	0.00e+00	0.00e+00	0.00e+00	0.00e+00	3.58e-17	7.20e-17	3.30e-70
 3.41600e+13	2.19e-23	1.31e-16	8.33e-11	6.44e-06	9.88e-01	1.16e-02	0.00e+00	0.00e+00	0.00e+00	0.00e+00	4.35e-17	8.76e-17	6.72e-70
 3.54177e+13	2.90e-23	1.62e-16	9.60e-11	6.91e-06	9.89e-01	1.08e-02	0.00e+00	0.00e+00	0.00e+00	0.00e+00	5.38e-17	1.08e-16	1.47e-69
 3.68287e+13	3.93e-23	2.04e-16	1.12e-10	7.46e-06	9.90e-01	1.01e-02	0.00e+00	0.00e+00	0.00e+00	0.00e+00	6.78e-17	1.36e-16	3.41e-69
 3.81807e+13	5.18e-23	2.51e-16	1.29e-10	8.02e-06	9.91e-01	9.37e-03	0.00e+00	0.00e+00	0.00e+00	0.00e+00	8.34e-17	1.68e-16	7.25e-69
 3.96225e+13	6.93e-23	3.13e-16	1.49e-10	8.62e-06	9.91e-01	8.72e-03	0.00e+00	0.00e+00	0.00e+00	0.00e+00	1.04e-16	2.09e-16	1.62e-68
 4.12373e+13	9.37e-23	3.93e-16	1.75e-10	9.35e-06	9.92e-01	8.06e-03	0.00e+00	0.00e+00	0.00e+00	0.00e+00	1.30e-16	2.63e-16	3.69e-68
 4.27273e+13	1.24e-22	4.84e-16	2.01e-10	1.00e-05	9.92e-01	7.52e-03	0.00e+00	0.00e+00	0.00e+00	0.00e+00	1.61e-16	3.23e-16	7.92e-68
 4.40159e+13	1.55e-22	5.75e-16	2.26e-10	1.06e-05	9.93e-01	7.10e-03	0.00e+00	0.00e+00	0.00e+00	0.00e+00	1.91e-16	3.84e-16	1.48e-67
 4.54465e+13	1.99e-22	6.95e-16	2.56e-10	1.13e-05	9.93e-01	6.67e-03	0.00e+00	0.00e+00	0.00e+00	0.00e+00	2.31e-16	4.64e-16	2.96e-67
 4.71952e+13	2.64e-22	8.62e-16	2.98e-10	1.22e-05	9.94e-01	6.18e-03	0.00e+00	0.00e+00	0.00e+00	0.00e+00	2.86e-16	5.76e-16	6.43e-67
 4.89649e+13	3.50e-22	1.07e-15	3.45e-10	1.32e-05	9.94e-01	5.75e-03	0.00e+00	0.00e+00	0.00e+00	0.00e+00	3.54e-16	7.13e-16	1.40e-66
 5.05531e+13	4.48e-22	1.28e-15	3.91e-10	1.40e-05	9.95e-01	5.40e-03	0.00e+00	0.00e+00	0.00e+00	0.00e+00	4.26e-16	8.58e-16	2.73e-66
 5.22979e+13	5.82e-22	1.57e-15	4.47e-10	1.50e-05	9.95e-01	5.05e-03	0.00e+00	0.00e+00	0.00e+00	0.00e+00	5.20e-16	1.05e-15	5.66e-66
 5.43647e+13	7.78e-22	1.95e-15	5.22e-10	1.62e-05	9.95e-01	4.67e-03	0.00e+00	0.00e+00	0.00e+00	0.00e+00	6.48e-16	1.31e-15	1.25e-65
 5.63991e+13	1.03e-21	2.43e-15	6.04e-10	1.75e-05	9.96e-01	4.34e-03	0.00e+00	0.00e+00	0.00e+00	0.00e+00	8.05e-16	1.62e-15	2.74e-65
 5.82584e+13	1.31e-21	2.91e-15	6.87e-10	1.87e-05	9.96e-01	4.07e-03	0.00e+00	0.00e+00	0.00e+00	0.00e+00	9.65e-16	1.94e-15	5.25e-65
 6.03411e+13	1.71e-21	3.56e-15	7.90e-10	2.00e-05	9.96e-01	3.79e-03	0.00e+00	0.00e+00	0.00e+00	0.00e+00	1.18e-15	2.38e-15	1.10e-64
 6.27636e+13	2.30e-21	4.46e-15	9.24e-10	2.17e-05	9.96e-01	3.51e-03	0.00e+00	0.00e+00	0.00e+00	0.00e+00	1.48e-15	2.98e-15	2.46e-64
 6.51396e+13	3.07e-21	5.56e-15	1.07e-09	2.34e-05	9.97e-01	3.26e-03	0.00e+00	0.00e+00	0.00e+00	0.00e+00	1.84e-15	3.72e-15	5.48e-64
 6.73840e+13	3.92e-21	6.71e-15	1.23e-09	2.50e-05	9.97e-01	3.04e-03	0.00e+00	0.00e+00	0.00e+00	0.00e+00	2.22e-15	4.49e-15	1.07e-63
 6.98827e+13	5.16e-21	8.27e-15	1.42e-09	2.69e-05	9.97e-01	2.83e-03	0.00e+00	0.00e+00	0.00e+00	0.00e+00	2.74e-15	5.53e-15	2.28e-63
 7.27079e+13	6.98e-21	1.04e-14	1.66e-09	2.92e-05	9.97e-01	2.61e-03	0.00e+00	0.00e+00	0.00e+00	0.00e+00	3.46e-15	6.97e-15	5.28e-63
 7.55333e+13	9.18e-21	1.29e-14	1.93e-09	3.15e-05	9.98e-01	2.42e-03	0.00e+00	0.00e+00	0.00e+00	0.00e+00	4.27e-15	8.61e-15	1.12e-62
 7.81780e+13	1.20e-20	1.58e-14	2.22e-09	3.38e-05	9.98e-01	2.26e-03	0.00e+00	0.00e+00	0.00e+00	0.00e+00	5.22e-15	1.05e-14	2.34e-62
 8.10415e+13	1.55e-20	1.92e-14	2.56e-09	3.64e-05	9.98e-01	2.10e-03	0.00e+00	0.00e+00	0.00e+00	0.00e+00	6.36e-15	1.28e-14	4.73e-62
 8.42438e+13	2.09e-20	2.41e-14	2.98e-09	3.93e-05	9.98e-01	1.94e-03	0.00e+00	0.00e+00	0.00e+00	0.00e+00	7.99e-15	1.61e-14	1.09e-61
 8.72409e+13	2.67e-20	2.92e-14	3.43e-09	4.22e-05	9.98e-01	1.81e-03	0.00e+00	0.00e+00	0.00e+00	0.00e+00	9.67e-15	1.95e-14	2.14e-61
 9.00161e+13	3.37e-20	3.49e-14	3.89e-09	4.49e-05	9.98e-01	1.70e-03	0.00e+00	0.00e+00	0.00e+00	0.00e+00	1.15e-14	2.33e-14	4.08e-61
 9.26789e+13	4.20e-20	4.13e-14	4.36e-09	4.77e-05	9.98e-01	1.60e-03	0.00e+00	0.00e+00	0.00e+00	0.00e+00	1.37e-14	2.77e-14	7.53e-61
 9.56367e+13	5.29e-20	4.94e-14	4.95e-09	5.08e-05	9.98e-01	1.50e-03	0.00e+00	0.00e+00	0.00e+00	0.00e+00	1.63e-14	3.30e-14	1.43e-60
 9.89083e+13	6.71e-20	5.93e-14	5.66e-09	5.44e-05	9.99e-01	1.40e-03	0.00e+00	0.00e+00	0.00e+00	0.00e+00	1.96e-14	3.97e-14	2.75e-60
 1.01951e+14	8.46e-20	7.09e-14	6.38e-09	5.78e-05	9.99e-01	1.32e-03	0.00e+00	0.00e+00	0.00e+00	0.00e+00	2.34e-14	4.74e-14	5.25e-60
 1.05270e+14	1.06e-19	8.41e-14	7.25e-09	6.17e-05	9.99e-01	1.24e-03	0.00e+00	0.00e+00	0.00e+00	0.00e+00	2.78e-14	5.63e-14	9.68e-60
 1.08996e+14	1.37e-19	1.03e-13	8.33e-09	6.62e-05	9.99e-01	1.15e-03	0.00e+00	0.00e+00	0.00e+00	0.00e+00	3.39e-14	6.87e-14	1.99e-59
 1.12558e+14	1.74e-19	1.24e-13	9.47e-09	7.06e-05	9.99e-01	1.08e-03	0.00e+00	0.00e+00	0.00e+00	0.00e+00	4.08e-14	8.27e-14	3.89e-59
 1.16494e+14	2.23e-19	1.50e-13	1.09e-08	7.57e-05	9.99e-01	1.01e-03	0.00e+00	0.00e+00	0.00e+00	0.00e+00	4.95e-14	1.00e-13	7.79e-59
 1.20828e+14	2.87e-19	1.82e-13	1.26e-08	8.15e-05	9.99e-01	9.37e-04	0.00e+00	0.00e+00	0.00e+00	0.00e+00	6.02e-14	1.22e-13	1.57e-58
 1.24812e+14	3.68e-19	2.20e-13	1.43e-08	8.70e-05	9.99e-01	8.78e-04	0.00e+00	0.00e+00	0.00e+00	0.00e+00	7.28e-14	1.48e-13	3.12e-58
 1.29121e+14	4.66e-19	2.64e-13	1.64e-08	9.33e-05	9.99e-01	8.19e-04	0.00e+00	0.00e+00	0.00e+00	0.00e+00	8.73e-14	1.77e-13	6.00e-58
 1.33942e+14	6.10e-19	3.26e-13	1.90e-08	1.00e-04	9.99e-01	7.61e-04	0.00e+00	0.00e+00	0.00e+00	0.00e+00	1.08e-13	2.19e-13	1.28e-57
 1.38484e+14	7.68e-19	3.90e-13	2.17e-08	1.08e-04	9.99e-01	7.10e-04	0.00e+00	0.00e+00	0.00e+00	0.00e+00	1.29e-13	2.61e-13	2.43e-57
 1.43447e+14	9.94e-19	4.77e-13	2.49e-08	1.15e-04	9.99e-01	6.61e-04	0.00e+00	0.00e+00	0.00e+00	0.00e+00	1.57e-13	3.20e-13	5.03e-57
 1.48957e+14	1.28e-18	5.82e-13	2.90e-08	1.25e-04	9.99e-01	6.12e-04	0.00e+00	0.00e+00	0.00e+00	0.00e+00	1.92e-13	3.90e-13	1.02e-56
 1.54088e+14	1.65e-18	7.07e-13	3.32e-08	1.34e-04	9.99e-01	5.71e-04	0.00e+00	0.00e+00	0.00e+00	0.00e+00	2.33e-13	4.74e-13	2.07e-56
 1.59660e+14	2.10e-18	8.55e-13	3.83e-08	1.44e-04	9.99e-01	5.31e-04	0.00e+00	0.00e+00	0.00e+00	0.00e+00	2.82e-13	5.73e-13	4.06e-56
 1.65891e+14	2.76e-18	1.06e-12	4.46e-08	1.56e-04	9.99e-01	4.91e-04	0.00e+00	0.00e+00	0.00e+00	0.00e+00	3.49e-13	7.11e-13	8.82e-56
 1.71806e+14	3.50e-18	1.28e-12	5.14e-08	1.67e-04	9.99e-01	4.56e-04	0.00e+00	0.00e+00	0.00e+00	0.00e+00	4.21e-13	8.56e-13	1.71e-55
 1.78144e+14	4.52e-18	1.56e-12	5.94e-08	1.80e-04	9.99e-01	4.23e-04	0.00e+00	0.00e+00	0.00e+00	0.00e+00	5.15e-13	1.05e-12	3.53e-55
 1.85299e+14	5.88e-18	1.92e-12	6.96e-08	1.96e-04	9.99e-01	3.90e-04	0.00e+00	0.00e+00	0.00e+00	0.00e+00	6.32e-13	1.29e-12	7.35e-55
 1.92319e+14	7.64e-18	2.37e-12	8.08e-08	2.12e-04	9.99e-01	3.61e-04	0.00e+00	0.00e+00	0.00e+00	0.00e+00	7.79e-13	1.59e-12	1.55e-54
 1.99619e+14	9.73e-18	2.87e-12	9.39e-08	2.29e-04	9.99e-01	3.33e-04	0.00e+00	0.00e+00	0.00e+00	0.00e+00	9.43e-13	1.92e-12	3.06e-54
 2.07634e+14	1.28e-17	3.56e-12	1.10e-07	2.49e-04	9.99e-01	3.07e-04	0.00e+00	0.00e+00	0.00e+00	0.00e+00	1.17e-12	2.39e-12	6.70e-54
 2.15536e+14	1.63e-17	4.33e-12	1.28e-07	2.70e-04	9.99e-01	2.83e-04	0.00e+00	0.00e+00	0.00e+00	0.00e+00	1.42e-12	2.90e-12	1.33e-53
 2.22049e+14	2.00e-17	5.08e-12	1.44e-07	2.87e-04	9.99e-01	2.66e-04	0.00e+00	0.00e+00	0.00e+00	0.00e+00	1.67e-12	3.41e-12	2.37e-53
 2.27254e+14	2.34e-17	5.76e-12	1.58e-07	3.01e-04	9.99e-01	2.53e-04	0.00e+00	0.00e+00	0.00e+00	0.00e+00	1.89e-12	3.86e-12	3.71e-53
 2.33023e+14	2.76e-17	6.58e-12	1.75e-07	3.18e-04	9.99e-01	2.40e-04	0.00e+00	0.00e+00	0.00e+00	0.00e+00	2.16e-12	4.42e-12	5.98e-53
 2.40523e+14	3.40e-17	7.76e-12	1.99e-07	3.40e-04	9.99e-01	2.24e-04	0.00e+00	0.00e+00	0.00e+00	0.00e+00	2.55e-12	5.21e-12	1.08e-52
 2.48565e+14	4.20e-17	9.22e-12	2.27e-07	3.66e-04	9.99e-01	2.09e-04	0.00e+00	0.00e+00	0.00e+00	0.00e+00	3.03e-12	6.19e-12	1.99e-52
 2.55706e+14	5.07e-17	1.07e-11	2.55e-07	3.88e-04	9.99e-01	1.96e-04	0.00e+00	4.23e-18	1.27e-17	2.12e-17	3.53e-12	7.22e-12	3.45e-52
 2.63382e+14	6.12e-17	1.25e-11	2.87e-07	4.15e-04	9.99e-01	1.84e-04	0.00e+00	5.12e-18	1.54e-17	2.57e-17	4.11e-12	8.40e-12	5.94e-52
 2.73090e+14	7.76e-17	1.51e-11	3.32e-07	4.49e-04	9.99e-01	1.70e-04	0.00e+00	6.49e-18	1.95e-17	3.25e-17	4.97e-12	1.02e-11	1.18e-51
 2.82948e+14	9.76e-17	1.83e-11	3.84e-07	4.85e-04	9.99e-01	1.57e-04	0.00e+00	8.17e-18	2.45e-17	4.10e-17	5.99e-12	1.23e-11	2.32e-51
 2.91349e+14	1.17e-16	2.12e-11	4.32e-07	5.17e-04	9.99e-01	1.48e-04	0.00e+00	9.83e-18	2.95e-17	4.93e-17	6.96e-12	1.43e-11	3.99e-51
 3.00349e+14	1.42e-16	2.48e-11	4.88e-07	5.53e-04	9.99e-01	1.38e-04	0.00e+00	1.19e-17	3.57e-17	5.96e-17	8.15e-12	1.67e-11	7.08e-51
 3.11559e+14	1.80e-16	3.00e-11	5.66e-07	6.00e-04	9.99e-01	1.27e-04	0.00e+00	1.51e-17	4.52e-17	7.56e-17	9.85e-12	2.02e-11	1.41e-50
 3.23045e+14	2.26e-16	3.63e-11	6.55e-07	6.51e-04	9.99e-01	1.17e-04	0.00e+00	1.90e-17	5.70e-17	9.52e-17	1.19e-11	2.44e-11	2.81e-50
 3.33169e+14	2.75e-16	4.26e-11	7.42e-07	6.96e-04	9.99e-01	1.10e-04	0.00e+00	2.31e-17	6.94e-17	1.16e-16	1.40e-11	2.86e-11	5.06e-50
 3.44121e+14	3.34e-16	5.02e-11	8.45e-07	7.48e-04	9.99e-01	1.02e-04	0.00e+00	2.81e-17	8.43e-17	1.41e-16	1.65e-11	3.37e-11	9.25e-50
 3.57332e+14	4.28e-16	6.12e-11	9.85e-07	8.15e-04	9.99e-01	9.40e-05	0.00e+00	3.61e-17	1.08e-16	1.81e-16	2.01e-11	4.11e-11	1.94e-49
 3.70443e+14	5.37e-16	7.38e-11	1.14e-06	8.84e-04	9.99e-01	8.68e-05	0.00e+00	4.53e-17	1.36e-16	2.27e-16	2.42e-11	4.96e-11	3.88e-49
 3.82132e+14	6.43e-16	8.62e-11	1.29e-06	9.47e-04	9.99e-01	8.10e-05	0.00e+00	5.43e-17	1.63e-16	2.72e-16	2.83e-11	5.79e-11	6.91e-49
 3.95009e+14	8.01e-16	1.03e-10	1.48e-06	1.02e-03	9.99e-01	7.52e-05	0.00e+00	6.77e-17	2.03e-16	3.39e-16	3.37e-11	6.91e-11	1.34e-48
 4.10349e+14	1.02e-15	1.25e-10	1.72e-06	1.11e-03	9.99e-01	6.91e-05	0.00e+00	8.61e-17	2.59e-16	4.32e-16	4.11e-11	8.42e-11	2.84e-48
 4.25596e+14	1.28e-15	1.51e-10	1.99e-06	1.21e-03	9.99e-01	6.37e-05	0.00e+00	1.09e-16	3.26e-16	5.44e-16	4.97e-11	1.02e-10	5.82e-48
 4.39574e+14	1.54e-15	1.78e-10	2.27e-06	1.30e-03	9.99e-01	5.93e-05	0.00e+00	1.31e-16	3.93e-16	6.57e-16	5.83e-11	1.19e-10	1.07e-47
 4.55195e+14	1.96e-15	2.15e-10	2.61e-06	1.41e-03	9.99e-01	5.49e-05	0.00e+00	1.67e-16	5.00e-16	8.35e-16	7.05e-11	1.44e-10	2.22e-47
 4.73320e+14	2.50e-15	2.63e-10	3.05e-06	1.53e-03	9.98e-01	5.03e-05	0.00e+00	2.12e-16	6.38e-16	1.06e-15	8.64e-11	1.77e-10	4.89e-47
 4.91146e+14	3.16e-15	3.19e-10	3.54e-06	1.67e-03	9.98e-01	4.64e-05	0.00e+00	2.69e-16	8.07e-16	1.35e-15	1.05e-10	2.14e-10	1.05e-46
 5.08162e+14	3.91e-15	3.81e-10	4.05e-06	1.80e-03	9.98e-01	4.30e-05	0.00e+00	3.34e-16	1.00e-15	1.67e-15	1.25e-10	2.56e-10	2.11e-46
 5.23052e+14	4.71e-15	4.44e-10	4.55e-06	1.92e-03	9.98e-01	4.03e-05	0.00e+00	4.02e-16	1.21e-15	2.02e-15	1.46e-10	2.98e-10	3.85e-46
 5.35341e+14	5.48e-15	5.02e-10	4.99e-06	2.02e-03	9.98e-01	3.83e-05	0.00e+00	4.68e-16	1.41e-15	2.35e-15	1.65e-10	3.37e-10	6.29e-46
 5.48875e+14	6.43e-15	5.72e-10	5.51e-06	2.14e-03	9.98e-01	3.63e-05	0.00e+00	5.50e-16	1.65e-15	2.76e-15	1.88e-10	3.84e-10	1.06e-45
 5.66468e+14	7.81e-15	6.75e-10	6.25e-06	2.30e-03	9.98e-01	3.38e-05	0.00e+00	6.69e-16	2.01e-15	3.35e-15	2.22e-10	4.53e-10	2.05e-45
 5.84995e+14	9.45e-15	7.93e-10	7.10e-06	2.47e-03	9.97e-01	3.15e-05	0.00e+00	8.10e-16	2.43e-15	4.06e-15	2.61e-10	5.32e-10	3.89e-45
 6.00993e+14	1.15e-14	9.25e-10	7.91e-06	2.62e-03	9.97e-01	2.97e-05	0.00e+00	9.85e-16	2.96e-15	4.94e-15	3.04e-10	6.21e-10	7.25e-45
 6.18051e+14	1.37e-14	1.07e-09	8.85e-06	2.79e-03	9.97e-01	2.80e-05	0.00e+00	1.18e-15	3.55e-15	5.92e-15	3.53e-10	7.21e-10	1.32e-44
 6.40225e+14	1.72e-14	1.30e-09	1.02e-05	3.03e-03	9.97e-01	2.59e-05	0.00e+00	1.48e-15	4.45e-15	7.43e-15	4.26e-10	8.69e-10	2.79e-44
 6.63025e+14	2.13e-14	1.55e-09	1.17e-05	3.27e-03	9.97e-01	2.40e-05	0.00e+00	1.83e-15	5.50e-15	9.18e-15	5.10e-10	1.04e-09	5.65e-44
 6.82071e+14	2.57e-14	1.81e-09	1.31e-05	3.48e-03	9.96e-01	2.26e-05	0.00e+00	2.21e-15	6.65e-15	1.11e-14	5.95e-10	1.21e-09	1.05e-43
 7.02264e+14	3.11e-14	2.11e-09	1.47e-05	3.72e-03	9.96e-01	2.12e-05	0.00e+00	2.68e-15	8.05e-15	1.34e-14	6.96e-10	1.42e-09	1.98e-43
 7.27966e+14	4.01e-14	2.59e-09	1.70e-05	4.03e-03	9.96e-01	1.97e-05	0.00e+00	3.47e-15	1.04e-14	1.74e-14	8.55e-10	1.74e-09	4.50e-43
 7.54883e+14	4.98e-14	3.13e-09	1.96e-05	4.36e-03	9.96e-01	1.82e-05	0.00e+00	4.31e-15	1.29e-14	2.16e-14	1.03e-09	2.10e-09	9.35e-43
 7.78866e+14	6.14e-14	3.71e-09	2.22e-05	4.68e-03	9.95e-01	1.71e-05	0.00e+00	5.32e-15	1.60e-14	2.67e-14	1.22e-09	2.49e-09	1.89e-42
 8.04982e+14	7.65e-14	4.45e-09	2.53e-05	5.03e-03	9.95e-01	1.59e-05	0.00e+00	6.63e-15	1.99e-14	3.32e-14	1.47e-09	2.98e-09	3.86e-42
 8.36153e+14	1.02e-13	5.57e-09	2.94e-05	5.48e-03	9.94e-01	1.47e-05	0.00e+00	8.85e-15	2.66e-14	4.43e-14	1.84e-09	3.73e-09	9.50e-42
 8.66993e+14	1.29e-13	6.78e-09	3.40e-05	5.93e-03	9.94e-01	1.37e-05	0.00e+00	1.12e-14	3.36e-14	5.62e-14	2.24e-09	4.54e-09	2.05e-41
 8.94943e+14	1.60e-13	8.09e-09	3.85e-05	6.36e-03	9.94e-01	1.28e-05	0.00e+00	1.39e-14	4.18e-14	6.98e-14	2.67e-09	5.42e-09	4.11e-41
 9.26037e+14	1.97e-13	9.66e-09	4.41e-05	6.85e-03	9.93e-01	1.20e-05	0.00e+00	1.72e-14	5.16e-14	8.60e-14	3.19e-09	6.47e-09	8.17e-41
 9.62499e+14	2.61e-13	1.21e-08	5.14e-05	7.46e-03	9.92e-01	1.11e-05	0.00e+00	2.28e-14	6.85e-14	1.14e-13	4.01e-09	8.12e-09	2.00e-40
 9.98479e+14	3.38e-13	1.49e-08	5.95e-05	8.08e-03	9.92e-01	1.03e-05	0.00e+00	2.95e-14	8.85e-14	1.48e-13	4.93e-09	1.00e-08	4.46e-40
 1.03226e+15	4.24e-13	1.80e-08	6.79e-05	8.69e-03	9.91e-01	9.71e-06	0.00e+00	3.71e-14	1.11e-13	1.86e-13	5.95e-09	1.21e-08	9.22e-40
 1.06994e+15	5.31e-13	2.18e-08	7.83e-05	9.39e-03	9.91e-01	9.08e-06	0.00e+00	4.64e-14	1.39e-13	2.33e-13	7.19e-09	1.46e-08	1.89e-39
 1.11277e+15	7.17e-13	2.77e-08	9.16e-05	1.03e-02	9.90e-01	8.44e-06	0.00e+00	6.29e-14	1.89e-13	3.15e-13	9.15e-09	1.85e-08	4.81e-39
 1.15515e+15	9.35e-13	3.43e-08	1.06e-04	1.11e-02	9.89e-01	7.90e-06	0.00e+00	8.21e-14	2.46e-13	4.11e-13	1.13e-08	2.30e-08	1.08e-38
 1.18994e+15	1.15e-12	4.06e-08	1.20e-04	1.18e-02	9.88e-01	7.49e-06	0.00e+00	1.01e-13	3.02e-13	5.05e-13	1.34e-08	2.72e-08	2.05e-38
 1.21713e+15	1.34e-12	4.63e-08	1.31e-04	1.24e-02	9.87e-01	7.21e-06	0.00e+00	1.18e-13	3.54e-13	5.91e-13	1.53e-08	3.10e-08	3.33e-38
 1.24691e+15	1.58e-12	5.30e-08	1.44e-04	1.31e-02	9.87e-01	6.91e-06	0.00e+00	1.39e-13	4.16e-13	6.95e-13	1.75e-08	3.55e-08	5.51e-38
 1.28561e+15	1.96e-12	6.33e-08	1.63e-04	1.40e-02	9.86e-01	6.56e-06	0.00e+00	1.73e-13	5.18e-13	8.65e-13	2.10e-08	4.24e-08	1.08e-37
 1.32748e+15	2.44e-12	7.60e-08	1.85e-04	1.50e-02	9.85e-01	6.23e-06	0.00e+00	2.15e-13	6.46e-13	1.08e-12	2.51e-08	5.08e-08	2.10e-37
 1.36519e+15	2.92e-12	8.84e-08	2.07e-04	1.59e-02	9.84e-01	5.96e-06	0.00e+00	2.58e-13	7.74e-13	1.29e-12	2.93e-08	5.91e-08	3.64e-37
 1.40594e+15	3.59e-12	1.05e-07	2.33e-04	1.70e-02	9.83e-01	5.69e-06	0.00e+00	3.16e-13	9.49e-13	1.58e-12	3.46e-08	7.00e-08	6.67e-37
 1.45756e+15	4.75e-12	1.31e-07	2.69e-04	1.83e-02	9.81e-01	5.39e-06	0.00e+00	4.19e-13	1.26e-12	2.10e-12	4.34e-08	8.77e-08	1.55e-36
 1.50955e+15	6.09e-12	1.61e-07	3.10e-04	1.98e-02	9.80e-01	5.13e-06	0.00e+00	5.38e-13	1.61e-12	2.69e-12	5.33e-08	1.08e-07	3.24e-36
 1.55331e+15	7.42e-12	1.90e-07	3.48e-04	2.10e-02	9.79e-01	4.93e-06	0.00e+00	6.56e-13	1.97e-12	3.28e-12	6.30e-08	1.27e-07	5.89e-36
 1.60013e+15	9.16e-12	2.26e-07	3.92e-04	2.24e-02	9.77e-01	4.73e-06	0.00e+00	8.10e-13	2.43e-12	4.06e-12	7.49e-08	1.51e-07	1.10e-35
 1.65915e+15	1.15e-11	2.74e-07	4.53e-04	2.41e-02	9.75e-01	4.50e-06	0.00e+00	1.02e-12	3.05e-12	5.09e-12	9.08e-08	1.83e-07	2.15e-35
 1.72034e+15	1.53e-11	3.46e-07	5.24e-04	2.61e-02	9.73e-01	4.31e-06	0.00e+00	1.35e-12	4.06e-12	6.78e-12	1.15e-07	2.32e-07	5.02e-35
 1.77410e+15	1.89e-11	4.15e-07	5.93e-04	2.79e-02	9.72e-01	4.16e-06	0.00e+00	1.68e-12	5.03e-12	8.39e-12	1.37e-07	2.77e-07	9.48e-35
 1.83186e+15	2.35e-11	4.99e-07	6.75e-04	2.98e-02	9.70e-01	4.00e-06	0.00e+00	2.09e-12	6.27e-12	1.05e-11	1.65e-07	3.34e-07	1.80e-34
 1.90182e+15	3.01e-11	6.12e-07	7.84e-04	3.23e-02	9.67e-01	3.84e-06	0.00e+00	2.67e-12	8.02e-12	1.34e-11	2.03e-07	4.09e-07	3.63e-34
 1.97159e+15	3.98e-11	7.75e-07	9.09e-04	3.49e-02	9.64e-01	3.71e-06	0.00e+00	3.54e-12	1.06e-11	1.77e-11	2.57e-07	5.18e-07	8.34e-34
 2.03374e+15	4.90e-11	9.27e-07	1.03e-03	3.72e-02	9.62e-01	3.59e-06	0.00e+00	4.36e-12	1.31e-11	2.18e-11	3.07e-07	6.19e-07	1.52e-33
 2.10200e+15	6.11e-11	1.11e-06	1.18e-03	3.99e-02	9.59e-01	3.48e-06	0.00e+00	5.44e-12	1.63e-11	2.72e-11	3.69e-07	7.43e-07	2.80e-33
 2.18340e+15	8.19e-11	1.42e-06	1.38e-03	4.33e-02	9.55e-01	3.37e-06	0.00e+00	7.30e-12	2.19e-11	3.65e-11	4.72e-07	9.50e-07	6.65e-33
 2.26071e+15	1.03e-10	1.74e-06	1.58e-03	4.66e-02	9.52e-01	3.27e-06	0.00e+00	9.23e-12	2.77e-11	4.62e-11	5.77e-07	1.16e-06	1.29e-32
 2.32703e+15	1.26e-10	2.04e-06	1.78e-03	4.95e-02	9.49e-01	3.20e-06	0.00e+00	1.12e-11	3.36e-11	5.61e-11	6.78e-07	1.36e-06	2.19e-32
 2.40025e+15	1.56e-10	2.45e-06	2.02e-03	5.28e-02	9.45e-01	3.12e-06	0.00e+00	1.39e-11	4.18e-11	6.96e-11	8.14e-07	1.64e-06	4.04e-32
 2.49048e+15	2.07e-10	3.12e-06	2.35e-03	5.72e-02	9.40e-01	3.05e-06	0.00e+00	1.85e-11	5.56e-11	9.27e-11	1.04e-06	2.09e-06	9.23e-32
 2.56987e+15	2.56e-10	3.75e-06	2.68e-03	6.11e-02	9.36e-01	2.99e-06	0.00e+00	2.29e-11	6.87e-11	1.15e-10	1.24e-06	2.50e-06	1.66e-31
 2.62697e+15	3.00e-10	4.28e-06	2.93e-03	6.41e-02	9.33e-01	2.95e-06	0.00e+00	2.68e-11	8.04e-11	1.34e-10	1.42e-06	2.86e-06	2.57e-31
 2.68804e+15	3.53e-10	4.92e-06	3.22e-03	6.73e-02	9.29e-01	2.91e-06	0.00e+00	3.16e-11	9.49e-11	1.58e-10	1.63e-06	3.29e-06	4.06e-31
 2.76745e+15	4.38e-10	5.89e-06	3.64e-03	7.16e-02	9.25e-01	2.86e-06	0.00e+00	3.93e-11	1.18e-10	1.97e-10	1.96e-06	3.94e-06	7.34e-31
 2.85245e+15	5.33e-10	6.95e-06	4.12e-03	7.62e-02	9.20e-01	2.81e-06	0.00e+00	4.78e-11	1.43e-10	2.39e-10	2.31e-06	4.64e-06	1.21e-30
 2.94472e+15	6.83e-10	8.60e-06	4.71e-03	8.18e-02	9.14e-01	2.77e-06	0.00e+00	6.13e-11	1.84e-10	3.07e-10	2.86e-06	5.74e-06	2.46e-30
 3.03803e+15	8.45e-10	1.03e-05	5.36e-03	8.73e-02	9.07e-01	2.72e-06	0.00e+00	7.59e-11	2.28e-10	3.80e-10	3.43e-06	6.90e-06	4.36e-30
 3.11705e+15	1.01e-09	1.20e-05	5.96e-03	9.22e-02	9.02e-01	2.69e-06	0.00e+00	9.06e-11	2.72e-10	4.53e-10	3.97e-06	7.98e-06	6.81e-30
 3.20414e+15	1.23e-09	1.41e-05	6.70e-03	9.78e-02	8.96e-01	2.65e-06	0.00e+00	1.10e-10	3.31e-10	5.53e-10	4.70e-06	9.44e-06	1.15e-29
 3.31736e+15	1.62e-09	1.79e-05	7.78e-03	1.06e-01	8.87e-01	2.62e-06	0.00e+00	1.46e-10	4.39e-10	7.31e-10	5.94e-06	1.19e-05	2.47e-29
 3.43023e+15	2.05e-09	2.18e-05	8.95e-03	1.13e-01	8.78e-01	2.57e-06	0.00e+00	1.84e-10	5.53e-10	9.22e-10	7.25e-06	1.46e-05	4.46e-29
 3.52049e+15	2.46e-09	2.53e-05	9.99e-03	1.20e-01	8.70e-01	2.54e-06	0.00e+00	2.22e-10	6.65e-10	1.11e-09	8.42e-06	1.69e-05	6.98e-29
 3.61566e+15	2.99e-09	2.99e-05	1.12e-02	1.27e-01	8.62e-01	2.51e-06	0.00e+00	2.70e-10	8.10e-10	1.35e-09	9.94e-06	2.00e-05	1.16e-28
 3.73939e+15	3.95e-09	3.78e-05	1.30e-02	1.37e-01	8.50e-01	2.48e-06	0.00e+00	3.57e-10	1.07e-09	1.79e-09	1.26e-05	2.52e-05	2.44e-28
 3.86689e+15	5.04e-09	4.63e-05	1.50e-02	1.47e-01	8.38e-01	2.44e-06	0.00e+00	4.56e-10	1.37e-09	2.28e-09	1.54e-05	3.09e-05	4.35e-28
 3.97118e+15	6.11e-09	5.42e-05	1.69e-02	1.55e-01	8.28e-01	2.42e-06	0.00e+00	5.54e-10	1.66e-09	2.77e-09	1.80e-05	3.62e-05	6.82e-28
 4.07864e+15	7.51e-09	6.43e-05	1.90e-02	1.64e-01	8.17e-01	2.39e-06	0.00e+00	6.81e-10	2.04e-09	3.40e-09	2.14e-05	4.29e-05	1.13e-27
 4.21833e+15	1.01e-08	8.21e-05	2.22e-02	1.77e-01	8.01e-01	2.37e-06	0.00e+00	9.21e-10	2.76e-09	4.61e-09	2.73e-05	5.48e-05	2.41e-27
 4.35637e+15	1.29e-08	1.00e-04	2.56e-02	1.90e-01	7.85e-01	2.32e-06	0.00e+00	1.17e-09	3.51e-09	5.85e-09	3.34e-05	6.69e-05	4.17e-27
 4.46243e+15	1.55e-08	1.16e-04	2.86e-02	1.99e-01	7.72e-01	2.30e-06	0.00e+00	1.41e-09	4.23e-09	7.04e-09	3.87e-05	7.75e-05	6.27e-27
 4.55392e+15	1.83e-08	1.33e-04	3.14e-02	2.08e-01	7.60e-01	2.28e-06	0.00e+00	1.67e-09	5.00e-09	8.33e-09	4.44e-05	8.89e-05	9.27e-27
 4.65627e+15	2.21e-08	1.55e-04	3.48e-02	2.19e-01	7.46e-01	2.25e-06	0.00e+00	2.01e-09	6.03e-09	1.01e-08	5.16e-05	1.03e-04	1.39e-26
 4.76762e+15	2.77e-08	1.86e-04	3.91e-02	2.30e-01	7.30e-01	2.24e-06	0.00e+00	2.52e-09	7.57e-09	1.26e-08	6.19e-05	1.24e-04	2.40e-26
 4.87411e+15	3.34e-08	2.17e-04	4.34e-02	2.42e-01	7.15e-01	2.21e-06	0.00e+00	3.04e-09	9.13e-09	1.52e-08	7.21e-05	1.45e-04	3.67e-26
 4.97546e+15	3.98e-08	2.49e-04	4.79e-02	2.52e-01	7.00e-01	2.18e-06	0.00e+00	3.64e-09	1.09e-08	1.82e-08	8.29e-05	1.66e-04	5.33e-26
 5.08670e+15	4.79e-08	2.87e-04	5.34e-02	2.64e-01	6.82e-01	2.15e-06	0.00e+00	4.38e-09	1.31e-08	2.19e-08	9.57e-05	1.92e-04	7.86e-26
 5.21056e+15	6.10e-08	3.50e-04	6.04e-02	2.78e-01	6.61e-01	2.12e-06	0.00e+00	5.58e-09	1.67e-08	2.79e-08	1.17e-04	2.33e-04	1.41e-25
 5.32408e+15	7.45e-08	4.10e-04	6.73e-02	2.91e-01	6.41e-01	2.10e-06	0.00e+00	6.82e-09	2.05e-08	3.41e-08	1.37e-04	2.73e-04	2.17e-25
 5.42647e+15	8.95e-08	4.73e-04	7.42e-02	3.02e-01	6.23e-01	2.08e-06	0.00e+00	8.20e-09	2.46e-08	4.10e-08	1.58e-04	3.15e-04	3.22e-25
 5.52494e+15	1.07e-07	5.42e-04	8.14e-02	3.14e-01	6.04e-01	2.06e-06	0.00e+00	9.79e-09	2.94e-08	4.89e-08	1.81e-04	3.62e-04	4.71e-25
 5.63676e+15	1.28e-07	6.20e-04	9.02e-02	3.26e-01	5.83e-01	2.02e-06	0.00e+00	1.18e-08	3.53e-08	5.88e-08	2.07e-04	4.13e-04	6.63e-25
 5.78212e+15	1.73e-07	7.84e-04	1.04e-01	3.44e-01	5.51e-01	1.99e-06	0.00e+00	1.59e-08	4.78e-08	7.96e-08	2.61e-04	5.23e-04	1.35e-24
 5.92339e+15	2.18e-07	9.38e-04	1.18e-01	3.59e-01	5.22e-01	1.95e-06	0.00e+00	2.00e-08	6.01e-08	1.00e-07	3.13e-04	6.25e-04	2.14e-24
 6.03126e+15	2.61e-07	1.07e-03	1.30e-01	3.70e-01	4.98e-01	1.92e-06	0.00e+00	2.40e-08	7.20e-08	1.20e-07	3.57e-04	7.15e-04	3.07e-24
 6.14342e+15	3.20e-07	1.25e-03	1.45e-01	3.82e-01	4.72e-01	1.88e-06	0.00e+00	2.95e-08	8.85e-08	1.47e-07	4.18e-04	8.35e-04	4.76e-24
 6.26318e+15	4.17e-07	1.53e-03	1.63e-01	3.95e-01	4.41e-01	1.86e-06	0.00e+00	3.85e-08	1.15e-07	1.92e-07	5.11e-04	1.02e-03	9.00e-24
 6.36065e+15	4.96e-07	1.75e-03	1.78e-01	4.04e-01	4.16e-01	1.83e-06	0.00e+00	4.59e-08	1.38e-07	2.29e-07	5.84e-04	1.17e-03	1.31e-23
 6.45518e+15	6.04e-07	2.02e-03	1.95e-01	4.13e-01	3.91e-01	1.80e-06	0.00e+00	5.58e-08	1.67e-07	2.79e-07	6.73e-04	1.35e-03	2.01e-23
 6.55670e+15	7.24e-07	2.31e-03	2.13e-01	4.20e-01	3.65e-01	1.75e-06	0.00e+00	6.70e-08	2.01e-07	3.35e-07	7.69e-04	1.54e-03	2.92e-23
 6.64843e+15	8.76e-07	2.66e-03	2.32e-01	4.26e-01	3.39e-01	1.72e-06	0.00e+00	8.11e-08	2.43e-07	4.05e-07	8.86e-04	1.77e-03	4.57e-23
 6.72776e+15	1.02e-06	2.98e-03	2.49e-01	4.31e-01	3.17e-01	1.68e-06	0.00e+00	9.48e-08	2.84e-07	4.73e-07	9.94e-04	1.99e-03	6.46e-23
 6.80984e+15	1.21e-06	3.35e-03	2.68e-01	4.34e-01	2.94e-01	1.64e-06	0.00e+00	1.12e-07	3.36e-07	5.60e-07	1.12e-03	2.23e-03	9.19e-23
 6.90205e+15	1.46e-06	3.83e-03	2.91e-01	4.37e-01	2.68e-01	1.59e-06	0.00e+00	1.35e-07	4.05e-07	6.75e-07	1.28e-03	2.56e-03	1.42e-22
 6.97610e+15	1.67e-06	4.29e-03	3.11e-01	4.38e-01	2.47e-01	1.54e-06	0.00e+00	1.55e-07	4.64e-07	7.73e-07	1.43e-03	2.86e-03	2.06e-22
 7.02489e+15	1.90e-06	4.60e-03	3.24e-01	4.38e-01	2.33e-01	1.53e-06	0.00e+00	1.76e-07	5.28e-07	8.80e-07	1.53e-03	3.06e-03	2.55e-22
 7.07218e+15	2.07e-06	4.88e-03	3.37e-01	4.38e-01	2.20e-01	1.50e-06	0.00e+00	1.92e-07	5.77e-07	9.61e-07	1.63e-03	3.25e-03	3.09e-22
 7.13365e+15	2.40e-06	5.44e-03	3.57e-01	4.36e-01	2.02e-01	1.44e-06	0.00e+00	2.23e-07	6.69e-07	1.12e-06	1.81e-03	3.62e-03	4.50e-22
 7.19374e+15	2.69e-06	5.85e-03	3.74e-01	4.34e-01	1.86e-01	1.40e-06	0.00e+00	2.51e-07	7.51e-07	1.25e-06	1.95e-03	3.90e-03	5.69e-22
 7.25203e+15	3.07e-06	6.40e-03	3.93e-01	4.31e-01	1.70e-01	1.34e-06	0.00e+00	2.86e-07	8.58e-07	1.43e-06	2.13e-03	4.26e-03	7.74e-22
 7.31265e+15	3.65e-06	7.19e-03	4.15e-01	4.26e-01	1.52e-01	1.29e-06	0.00e+00	3.40e-07	1.02e-06	1.70e-06	2.40e-03	4.79e-03	1.21e-21
 7.35710e+15	4.03e-06	7.67e-03	4.29e-01	4.22e-01	1.41e-01	1.25e-06	0.00e+00	3.76e-07	1.13e-06	1.88e-06	2.56e-03	5.11e-03	1.52e-21
 7.39568e+15	4.42e-06	8.13e-03	4.43e-01	4.18e-01	1.31e-01	1.22e-06	0.00e+00	4.13e-07	1.24e-06	2.06e-06	2.71e-03	5.41e-03	1.87e-21
 7.44583e+15	4.88e-06	8.65e-03	4.60e-01	4.13e-01	1.19e-01	1.16e-06	0.00e+00	4.56e-07	1.37e-06	2.28e-06	2.89e-03	5.76e-03	2.33e-21
 7.51102e+15	5.99e-06	9.80e-03	4.85e-01	4.03e-01	1.02e-01	1.07e-06	0.00e+00	5.60e-07	1.68e-06	2.80e-06	3.27e-03	6.53e-03	3.86e-21
 7.56664e+15	6.59e-06	1.04e-02	5.02e-01	3.96e-01	9.11e-02	1.01e-06	0.00e+00	6.17e-07	1.85e-06	3.08e-06	3.47e-03	6.92e-03	4.69e-21
 7.60980e+15	7.40e-06	1.12e-02	5.18e-01	3.89e-01	8.15e-02	9.48e-07	0.00e+00	6.93e-07	2.08e-06	3.46e-06	3.73e-03	7.44e-03	6.25e-21
 7.65619e+15	8.58e-06	1.22e-02	5.36e-01	3.80e-01	7.17e-02	0.00e+00	0.00e+00	8.05e-07	2.41e-06	4.02e-06	4.06e-03	8.10e-03	8.95e-21
 7.69446e+15	9.52e-06	1.29e-02	5.50e-01	3.73e-01	6.46e-02	0.00e+00	0.00e+00	8.94e-07	2.68e-06	4.46e-06	4.30e-03	8.57e-03	1.13e-20
 7.73190e+15	1.06e-05	1.36e-02	5.64e-01	3.65e-01	5.78e-02	0.00e+00	0.00e+00	9.95e-07	2.98e-06	4.97e-06	4.56e-03	9.09e-03	1.44e-20
 7.78057e+15	1.24e-05	1.48e-02	5.82e-01	3.54e-01	4.94e-02	0.00e+00	0.00e+00	1.16e-06	3.49e-06	5.82e-06	4.93e-03	9.83e-03	2.02e-20
 7.82916e+15	1.40e-05	1.58e-02	5.98e-01	3.44e-01	4.23e-02	0.00e+00	0.00e+00	1.32e-06	3.94e-06	6.57e-06	5.29e-03	1.06e-02	2.74e-20
 7.86778e+15	1.57e-05	1.67e-02	6.11e-01	3.35e-01	3.71e-02	0.00e+00	0.00e+00	1.48e-06	4.43e-06	7.38e-06	5.59e-03	1.11e-02	3.47e-20
 7.90813e+15	1.73e-05	1.77e-02	6.25e-01	3.25e-01	3.21e-02	0.00e+00	0.00e+00	1.64e-06	4.91e-06	8.17e-06	5.93e-03	1.18e-02	4.49e-20
 7.96059e+15	2.07e-05	1.92e-02	6.42e-01	3.12e-01	2.62e-02	0.00e+00	0.00e+00	1.95e-06	5.86e-06	9.76e-06	6.41e-03	1.28e-02	6.41e-20
 8.01206e+15	2.36e-05	2.05e-02	6.58e-01	3.00e-01	2.15e-02	0.00e+00	0.00e+00	2.24e-06	6.71e-06	1.12e-05	6.86e-03	1.37e-02	8.76e-20
 8.05222e+15	2.58e-05	2.17e-02	6.70e-01	2.90e-01	1.83e-02	0.00e+00	0.00e+00	2.44e-06	7.33e-06	1.22e-05	7.24e-03	1.44e-02	1.12e-19
 8.08365e+15	2.83e-05	2.26e-02	6.79e-01	2.83e-01	1.61e-02	0.00e+00	0.00e+00	2.68e-06	8.04e-06	1.34e-05	7.55e-03	1.50e-02	1.36e-19
 8.10908e+15	3.01e-05	2.33e-02	6.86e-01	2.76e-01	1.44e-02	0.00e+00	0.00e+00	2.86e-06	8.57e-06	1.43e-05	7.80e-03	1.55e-02	1.59e-19
