#depth	O	O+	O+2	O+3	O+4	O+5	O+6	O+7	O+8	O[1]	O[2]	O[3]
 1.49634e+10	0.00e+00	0.00e+00	1.42e-30	4.16e-22	1.77e-14	9.72e-08	1.00e+00	0.00e+00	0.00e+00	0.00e+00	0.00e+00	0.00e+00
 4.54887e+10	0.00e+00	7.05e-40	1.98e-30	5.35e-22	2.10e-14	1.06e-07	1.00e+00	9.25e-08	0.00e+00	0.00e+00	0.00e+00	0.00e+00
 7.72350e+10	0.00e+00	0.00e+00	2.76e-30	6.89e-22	2.49e-14	1.16e-07	1.00e+00	0.00e+00	0.00e+00	0.00e+00	0.00e+00	0.00e+00
 1.10251e+11	0.00e+00	1.61e-39	3.84e-30	8.86e-22	2.95e-14	1.26e-07	1.00e+00	0.00e+00	0.00e+00	0.00e+00	0.00e+00	0.00e+00
 1.41771e+11	0.00e+00	0.00e+00	5.22e-30	1.12e-21	3.46e-14	1.37e-07	1.00e+00	0.00e+00	0.00e+00	0.00e+00	0.00e+00	0.00e+00
 1.70523e+11	0.00e+00	3.29e-39	6.83e-30	1.37e-21	3.98e-14	1.47e-07	1.00e+00	0.00e+00	0.00e+00	0.00e+00	0.00e+00	0.00e+00
 2.02871e+11	0.00e+00	0.00e+00	9.17e-30	1.72e-21	4.64e-14	1.59e-07	1.00e+00	0.00e+00	0.00e+00	0.00e+00	0.00e+00	0.00e+00
 2.40541e+11	0.00e+00	7.15e-39	1.28e-29	2.21e-21	5.52e-14	1.74e-07	1.00e+00	0.00e+00	0.00e+00	0.00e+00	0.00e+00	0.00e+00
 2.77890e+11	0.00e+00	0.00e+00	1.75e-29	2.82e-21	6.52e-14	1.89e-07	1.00e+00	0.00e+00	0.00e+00	0.00e+00	0.00e+00	0.00e+00
 3.13614e+11	0.00e+00	1.52e-38	2.34e-29	3.52e-21	7.60e-14	2.04e-07	1.00e+00	0.00e+00	0.00e+00	0.00e+00	0.00e+00	0.00e+00
 3.52966e+11	0.00e+00	0.00e+00	3.20e-29	4.47e-21	8.95e-14	2.22e-07	1.00e+00	0.00e+00	0.00e+00	0.00e+00	0.00e+00	0.00e+00
 3.97012e+11	0.00e+00	3.39e-38	4.47e-29	5.78e-21	1.07e-13	2.43e-07	1.00e+00	0.00e+00	0.00e+00	0.00e+00	0.00e+00	0.00e+00
 4.41203e+11	0.00e+00	0.00e+00	6.18e-29	7.41e-21	1.27e-13	2.66e-07	1.00e+00	0.00e+00	0.00e+00	0.00e+00	0.00e+00	0.00e+00
 4.87162e+11	0.00e+00	7.55e-38	8.55e-29	9.51e-21	1.51e-13	2.91e-07	1.00e+00	0.00e+00	0.00e+00	0.00e+00	0.00e+00	0.00e+00
 5.36575e+11	0.00e+00	0.00e+00	1.20e-28	1.23e-20	1.81e-13	3.19e-07	1.00e+00	0.00e+00	0.00e+00	0.00e+00	0.00e+00	0.00e+00
 5.85460e+11	0.00e+00	1.69e-37	1.64e-28	1.57e-20	2.14e-13	3.49e-07	1.00e+00	0.00e+00	0.00e+00	0.00e+00	0.00e+00	0.00e+00
 6.36300e+11	0.00e+00	0.00e+00	2.26e-28	2.02e-20	2.55e-13	3.81e-07	1.00e+00	0.00e+00	0.00e+00	0.00e+00	0.00e+00	0.00e+00
 6.91679e+11	0.00e+00	3.79e-37	3.16e-28	2.61e-20	3.06e-13	4.19e-07	1.00e+00	0.00e+00	0.00e+00	0.00e+00	0.00e+00	0.00e+00
 7.49273e+11	0.00e+00	0.00e+00	4.42e-28	3.38e-20	3.67e-13	4.61e-07	1.00e+00	0.00e+00	0.00e+00	0.00e+00	0.00e+00	0.00e+00
 8.09171e+11	0.00e+00	8.60e-37	6.17e-28	4.39e-20	4.40e-13	5.07e-07	1.00e+00	0.00e+00	0.00e+00	0.00e+00	0.00e+00	0.00e+00
 8.71464e+11	0.00e+00	0.00e+00	8.60e-28	5.68e-20	5.29e-13	5.59e-07	1.00e+00	0.00e+00	0.00e+00	0.00e+00	0.00e+00	0.00e+00
 9.36250e+11	0.00e+00	1.94e-36	1.20e-27	7.36e-20	6.36e-13	6.15e-07	1.00e+00	0.00e+00	0.00e+00	0.00e+00	0.00e+00	0.00e+00
 9.94885e+11	8.64e-46	2.75e-36	1.60e-27	9.23e-20	7.47e-13	6.70e-07	1.00e+00	0.00e+00	0.00e+00	0.00e+00	0.00e+00	0.00e+00
 1.04380e+12	0.00e+00	0.00e+00	2.01e-27	1.11e-19	8.51e-13	7.18e-07	1.00e+00	0.00e+00	0.00e+00	0.00e+00	0.00e+00	0.00e+00
 1.09742e+12	0.00e+00	4.93e-36	2.58e-27	1.34e-19	9.77e-13	7.73e-07	1.00e+00	0.00e+00	0.00e+00	0.00e+00	0.00e+00	0.00e+00
 1.16524e+12	2.67e-45	7.10e-36	3.48e-27	1.70e-19	1.16e-12	8.46e-07	1.00e+00	0.00e+00	0.00e+00	0.00e+00	0.00e+00	0.00e+00
 1.23596e+12	0.00e+00	0.00e+00	4.70e-27	2.16e-19	1.37e-12	9.27e-07	1.00e+00	0.00e+00	0.00e+00	0.00e+00	0.00e+00	0.00e+00
 1.29607e+12	0.00e+00	1.38e-35	6.00e-27	2.62e-19	1.58e-12	1.00e-06	1.00e+00	0.00e+00	0.00e+00	0.00e+00	0.00e+00	0.00e+00
 1.35792e+12	8.33e-45	1.85e-35	7.66e-27	3.18e-19	1.82e-12	1.08e-06	1.00e+00	0.00e+00	0.00e+00	0.00e+00	0.00e+00	0.00e+00
 1.43571e+12	0.00e+00	0.00e+00	1.03e-26	4.02e-19	2.16e-12	1.18e-06	1.00e+00	0.00e+00	0.00e+00	0.00e+00	0.00e+00	0.00e+00
 1.51470e+12	0.00e+00	3.72e-35	1.37e-26	5.06e-19	2.55e-12	1.29e-06	1.00e+00	0.00e+00	0.00e+00	0.00e+00	0.00e+00	0.00e+00
 1.58256e+12	2.68e-44	4.94e-35	1.74e-26	6.11e-19	2.93e-12	1.39e-06	1.00e+00	0.00e+00	0.00e+00	0.00e+00	0.00e+00	0.00e+00
 1.65545e+12	0.00e+00	6.64e-35	2.22e-26	7.44e-19	3.38e-12	1.51e-06	1.00e+00	0.00e+00	0.00e+00	0.00e+00	0.00e+00	0.00e+00
 1.74554e+12	5.73e-44	9.40e-35	2.97e-26	9.39e-19	4.01e-12	1.65e-06	1.00e+00	0.00e+00	0.00e+00	0.00e+00	0.00e+00	0.00e+00
 1.83787e+12	0.00e+00	1.32e-34	3.95e-26	1.18e-18	4.74e-12	1.81e-06	1.00e+00	0.00e+00	0.00e+00	0.00e+00	0.00e+00	0.00e+00
 1.92114e+12	1.21e-43	1.78e-34	5.06e-26	1.44e-18	5.48e-12	1.97e-06	1.00e+00	0.00e+00	0.00e+00	0.00e+00	0.00e+00	0.00e+00
 2.01278e+12	0.00e+00	2.43e-34	6.58e-26	1.78e-18	6.40e-12	2.14e-06	1.00e+00	0.00e+00	0.00e+00	0.00e+00	0.00e+00	0.00e+00
 2.12083e+12	2.65e-43	3.45e-34	8.84e-26	2.26e-18	7.62e-12	2.36e-06	1.00e+00	0.00e+00	0.00e+00	0.00e+00	0.00e+00	0.00e+00
 2.22898e+12	0.00e+00	4.82e-34	1.17e-25	2.84e-18	9.01e-12	2.59e-06	1.00e+00	0.00e+00	0.00e+00	0.00e+00	0.00e+00	0.00e+00
 2.33173e+12	5.62e-43	6.55e-34	1.52e-25	3.51e-18	1.05e-11	2.81e-06	1.00e+00	0.00e+00	0.00e+00	0.00e+00	0.00e+00	0.00e+00
 2.44521e+12	0.00e+00	9.05e-34	2.00e-25	4.38e-18	1.23e-11	3.08e-06	1.00e+00	0.00e+00	0.00e+00	0.00e+00	0.00e+00	0.00e+00
 2.57295e+12	1.23e-42	1.28e-33	2.68e-25	5.56e-18	1.47e-11	3.39e-06	1.00e+00	0.00e+00	0.00e+00	0.00e+00	0.00e+00	0.00e+00
 2.70068e+12	0.00e+00	1.79e-33	3.56e-25	7.00e-18	1.74e-11	3.72e-06	1.00e+00	0.00e+00	0.00e+00	0.00e+00	0.00e+00	0.00e+00
 2.81374e+12	2.54e-42	2.38e-33	4.52e-25	8.51e-18	2.00e-11	4.03e-06	1.00e+00	0.00e+00	0.00e+00	0.00e+00	0.00e+00	0.00e+00
 2.90856e+12	0.00e+00	2.99e-33	5.50e-25	9.97e-18	2.25e-11	4.30e-06	1.00e+00	0.00e+00	0.00e+00	0.00e+00	0.00e+00	0.00e+00
 3.01057e+12	4.40e-42	3.81e-33	6.74e-25	1.18e-17	2.53e-11	4.60e-06	1.00e+00	0.00e+00	0.00e+00	0.00e+00	0.00e+00	0.00e+00
 3.14320e+12	0.00e+00	5.15e-33	8.72e-25	1.45e-17	2.94e-11	5.00e-06	1.00e+00	0.00e+00	0.00e+00	0.00e+00	0.00e+00	0.00e+00
 3.28200e+12	8.89e-42	6.97e-33	1.13e-24	1.79e-17	3.42e-11	5.45e-06	1.00e+00	0.00e+00	0.00e+00	0.00e+00	0.00e+00	0.00e+00
 3.40049e+12	0.00e+00	8.95e-33	1.40e-24	2.13e-17	3.88e-11	5.84e-06	1.00e+00	0.00e+00	0.00e+00	0.00e+00	0.00e+00	0.00e+00
 3.52618e+12	1.61e-41	1.16e-32	1.74e-24	2.54e-17	4.41e-11	6.28e-06	1.00e+00	0.00e+00	0.00e+00	0.00e+00	0.00e+00	0.00e+00
 3.68412e+12	0.00e+00	1.58e-32	2.27e-24	3.16e-17	5.15e-11	6.85e-06	1.00e+00	0.00e+00	0.00e+00	0.00e+00	0.00e+00	0.00e+00
 3.84673e+12	3.30e-41	2.16e-32	2.95e-24	3.91e-17	6.00e-11	7.46e-06	1.00e+00	0.00e+00	0.00e+00	0.00e+00	0.00e+00	0.00e+00
 3.99014e+12	0.00e+00	2.81e-32	3.70e-24	4.70e-17	6.83e-11	8.03e-06	1.00e+00	0.00e+00	0.00e+00	0.00e+00	0.00e+00	0.00e+00
 4.14589e+12	6.18e-41	3.71e-32	4.68e-24	5.69e-17	7.83e-11	8.67e-06	1.00e+00	0.00e+00	0.00e+00	0.00e+00	0.00e+00	0.00e+00
 4.31775e+12	0.00e+00	4.98e-32	6.02e-24	6.99e-17	9.06e-11	9.41e-06	1.00e+00	0.00e+00	0.00e+00	0.00e+00	0.00e+00	0.00e+00
 4.47610e+12	1.18e-40	6.47e-32	7.54e-24	8.39e-17	1.03e-10	1.01e-05	1.00e+00	0.00e+00	0.00e+00	0.00e+00	0.00e+00	0.00e+00
 4.64749e+12	0.00e+00	8.54e-32	9.54e-24	1.02e-16	1.18e-10	1.09e-05	1.00e+00	0.00e+00	0.00e+00	0.00e+00	0.00e+00	0.00e+00
 4.83865e+12	2.29e-40	1.15e-31	1.23e-23	1.25e-16	1.36e-10	1.18e-05	1.00e+00	0.00e+00	0.00e+00	0.00e+00	0.00e+00	0.00e+00
 5.01775e+12	0.00e+00	1.51e-31	1.55e-23	1.50e-16	1.55e-10	1.28e-05	1.00e+00	0.00e+00	0.00e+00	0.00e+00	0.00e+00	0.00e+00
 5.21283e+12	4.35e-40	2.00e-31	1.98e-23	1.83e-16	1.78e-10	1.38e-05	1.00e+00	0.00e+00	0.00e+00	0.00e+00	0.00e+00	0.00e+00
 5.42956e+12	0.00e+00	2.72e-31	2.56e-23	2.26e-16	2.07e-10	1.50e-05	1.00e+00	0.00e+00	0.00e+00	0.00e+00	0.00e+00	0.00e+00
 5.63188e+12	8.52e-40	3.59e-31	3.25e-23	2.74e-16	2.36e-10	1.61e-05	1.00e+00	0.00e+00	0.00e+00	0.00e+00	0.00e+00	0.00e+00
 5.85234e+12	0.00e+00	4.82e-31	4.17e-23	3.35e-16	2.71e-10	1.74e-05	1.00e+00	0.00e+00	0.00e+00	0.00e+00	0.00e+00	0.00e+00
 6.09884e+12	1.72e-39	6.60e-31	5.45e-23	4.16e-16	3.15e-10	1.90e-05	1.00e+00	0.00e+00	0.00e+00	0.00e+00	0.00e+00	0.00e+00
 6.33137e+12	0.00e+00	8.81e-31	6.97e-23	5.07e-16	3.62e-10	2.05e-05	1.00e+00	0.00e+00	0.00e+00	0.00e+00	0.00e+00	0.00e+00
 6.58580e+12	3.43e-39	1.20e-30	9.05e-23	6.25e-16	4.18e-10	2.22e-05	1.00e+00	0.00e+00	0.00e+00	0.00e+00	0.00e+00	0.00e+00
 6.87074e+12	0.00e+00	1.67e-30	1.20e-22	7.83e-16	4.88e-10	2.42e-05	1.00e+00	0.00e+00	0.00e+00	0.00e+00	0.00e+00	0.00e+00
 7.14084e+12	7.14e-39	2.27e-30	1.55e-22	9.62e-16	5.62e-10	2.62e-05	1.00e+00	0.00e+00	0.00e+00	0.00e+00	0.00e+00	0.00e+00
 7.43014e+12	0.00e+00	3.11e-30	2.03e-22	1.19e-15	6.50e-10	2.84e-05	1.00e+00	0.00e+00	0.00e+00	0.00e+00	0.00e+00	0.00e+00
 7.75728e+12	1.53e-38	4.39e-30	2.72e-22	1.50e-15	7.62e-10	3.10e-05	1.00e+00	0.00e+00	0.00e+00	0.00e+00	0.00e+00	0.00e+00
 8.08143e+12	0.00e+00	6.12e-30	3.59e-22	1.88e-15	8.86e-10	3.37e-05	1.00e+00	0.00e+00	0.00e+00	0.00e+00	0.00e+00	0.00e+00
 8.41855e+12	3.32e-38	8.56e-30	4.76e-22	2.34e-15	1.03e-09	3.67e-05	1.00e+00	0.00e+00	0.00e+00	0.00e+00	0.00e+00	0.00e+00
 8.78522e+12	0.00e+00	1.22e-29	6.39e-22	2.96e-15	1.21e-09	4.00e-05	1.00e+00	0.00e+00	0.00e+00	0.00e+00	0.00e+00	0.00e+00
 9.16655e+12	7.58e-38	1.74e-29	8.62e-22	3.74e-15	1.41e-09	4.36e-05	1.00e+00	0.00e+00	0.00e+00	0.00e+00	0.00e+00	0.00e+00
 9.52826e+12	0.00e+00	2.40e-29	1.13e-21	4.62e-15	1.63e-09	4.71e-05	1.00e+00	0.00e+00	0.00e+00	0.00e+00	0.00e+00	0.00e+00
 9.85363e+12	1.53e-37	3.19e-29	1.43e-21	5.57e-15	1.85e-09	5.05e-05	1.00e+00	0.00e+00	0.00e+00	0.00e+00	0.00e+00	0.00e+00
 1.01572e+13	0.00e+00	4.12e-29	1.77e-21	6.58e-15	2.07e-09	5.37e-05	1.00e+00	0.00e+00	0.00e+00	0.00e+00	0.00e+00	0.00e+00
 1.04919e+13	2.86e-37	5.45e-29	2.23e-21	7.88e-15	2.34e-09	5.73e-05	1.00e+00	0.00e+00	0.00e+00	0.00e+00	0.00e+00	0.00e+00
 1.08689e+13	0.00e+00	7.41e-29	2.88e-21	9.60e-15	2.67e-09	6.15e-05	1.00e+00	0.00e+00	0.00e+00	0.00e+00	0.00e+00	0.00e+00
 1.12300e+13	5.69e-37	9.84e-29	3.64e-21	1.15e-14	3.02e-09	6.57e-05	1.00e+00	0.00e+00	0.00e+00	0.00e+00	0.00e+00	0.00e+00
 1.16284e+13	0.00e+00	1.33e-28	4.68e-21	1.40e-14	3.44e-09	7.04e-05	1.00e+00	0.00e+00	0.00e+00	0.00e+00	0.00e+00	0.00e+00
 1.20718e+13	1.20e-36	1.85e-28	6.15e-21	1.73e-14	3.96e-09	7.59e-05	1.00e+00	0.00e+00	0.00e+00	0.00e+00	0.00e+00	0.00e+00
 1.24794e+13	0.00e+00	2.49e-28	7.83e-21	2.08e-14	4.49e-09	8.12e-05	1.00e+00	0.00e+00	0.00e+00	0.00e+00	0.00e+00	0.00e+00
 1.28572e+13	2.30e-36	3.24e-28	9.74e-21	2.46e-14	5.03e-09	8.61e-05	1.00e+00	0.00e+00	0.00e+00	0.00e+00	0.00e+00	0.00e+00
 1.32903e+13	0.00e+00	4.37e-28	1.24e-20	2.97e-14	5.70e-09	9.20e-05	1.00e+00	0.00e+00	0.00e+00	0.00e+00	0.00e+00	0.00e+00
 1.38208e+13	4.99e-36	6.24e-28	1.66e-20	3.71e-14	6.61e-09	9.94e-05	1.00e+00	0.00e+00	0.00e+00	0.00e+00	0.00e+00	0.00e+00
 1.43507e+13	0.00e+00	8.73e-28	2.19e-20	4.59e-14	7.63e-09	1.07e-04	1.00e+00	0.00e+00	0.00e+00	0.00e+00	0.00e+00	0.00e+00
 1.48113e+13	1.04e-35	1.17e-27	2.78e-20	5.49e-14	8.60e-09	1.14e-04	1.00e+00	0.00e+00	0.00e+00	0.00e+00	0.00e+00	0.00e+00
 1.53087e+13	0.00e+00	1.58e-27	3.56e-20	6.63e-14	9.76e-09	1.22e-04	1.00e+00	0.00e+00	0.00e+00	0.00e+00	0.00e+00	0.00e+00
 1.59167e+13	2.31e-35	2.28e-27	4.77e-20	8.29e-14	1.13e-08	1.31e-04	1.00e+00	0.00e+00	0.00e+00	0.00e+00	0.00e+00	0.00e+00
 1.65372e+13	0.00e+00	3.23e-27	6.35e-20	1.03e-13	1.31e-08	1.42e-04	1.00e+00	0.00e+00	0.00e+00	0.00e+00	0.00e+00	0.00e+00
 1.70976e+13	5.06e-35	4.42e-27	8.18e-20	1.25e-13	1.49e-08	1.51e-04	1.00e+00	0.00e+00	0.00e+00	0.00e+00	0.00e+00	0.00e+00
 1.77107e+13	7.53e-35	6.16e-27	1.07e-19	1.53e-13	1.70e-08	1.62e-04	1.00e+00	0.00e+00	0.00e+00	0.00e+00	0.00e+00	0.00e+00
 1.84334e+13	1.19e-34	9.01e-27	1.45e-19	1.92e-13	1.99e-08	1.75e-04	1.00e+00	0.00e+00	0.00e+00	0.00e+00	0.00e+00	0.00e+00
 1.91555e+13	1.81e-34	1.29e-26	1.94e-19	2.40e-13	2.30e-08	1.89e-04	1.00e+00	0.00e+00	0.00e+00	0.00e+00	0.00e+00	0.00e+00
 1.98343e+13	2.70e-34	1.80e-26	2.54e-19	2.93e-13	2.63e-08	2.02e-04	1.00e+00	0.00e+00	0.00e+00	0.00e+00	0.00e+00	0.00e+00
 2.05856e+13	4.15e-34	2.57e-26	3.38e-19	3.64e-13	3.04e-08	2.17e-04	1.00e+00	0.00e+00	0.00e+00	0.00e+00	0.00e+00	0.00e+00
 2.14389e+13	6.65e-34	3.81e-26	4.63e-19	4.60e-13	3.55e-08	2.34e-04	1.00e+00	0.00e+00	0.00e+00	0.00e+00	0.00e+00	0.00e+00
 2.22973e+13	1.03e-33	5.52e-26	6.26e-19	5.78e-13	4.14e-08	2.53e-04	1.00e+00	0.00e+00	0.00e+00	0.00e+00	0.00e+00	0.00e+00
 2.31901e+13	1.64e-33	8.09e-26	8.50e-19	7.26e-13	4.82e-08	2.73e-04	1.00e+00	0.00e+00	0.00e+00	0.00e+00	0.00e+00	0.00e+00
 2.41476e+13	2.63e-33	1.20e-25	1.16e-18	9.19e-13	5.63e-08	2.95e-04	1.00e+00	0.00e+00	0.00e+00	0.00e+00	0.00e+00	0.00e+00
 2.51434e+13	4.21e-33	1.78e-25	1.59e-18	1.16e-12	6.59e-08	3.19e-04	1.00e+00	0.00e+00	0.00e+00	0.00e+00	0.00e+00	0.00e+00
 2.61047e+13	6.46e-33	2.54e-25	2.13e-18	1.45e-12	7.62e-08	3.43e-04	1.00e+00	0.00e+00	0.00e+00	0.00e+00	0.00e+00	0.00e+00
 2.70042e+13	9.64e-33	3.54e-25	2.78e-18	1.76e-12	8.70e-08	3.66e-04	1.00e+00	0.00e+00	0.00e+00	0.00e+00	0.00e+00	0.00e+00
 2.78532e+13	1.39e-32	4.80e-25	3.54e-18	2.11e-12	9.81e-08	3.88e-04	1.00e+00	0.00e+00	0.00e+00	0.00e+00	0.00e+00	0.00e+00
 2.87805e+13	2.04e-32	6.61e-25	4.58e-18	2.56e-12	1.11e-07	4.14e-04	1.00e+00	0.00e+00	0.00e+00	0.00e+00	0.00e+00	0.00e+00
 2.98108e+13	3.05e-32	9.26e-25	6.02e-18	3.14e-12	1.28e-07	4.43e-04	1.00e+00	0.00e+00	0.00e+00	0.00e+00	0.00e+00	0.00e+00
 3.07747e+13	4.44e-32	1.26e-24	7.73e-18	3.78e-12	1.45e-07	4.71e-04	1.00e+00	0.00e+00	0.00e+00	0.00e+00	0.00e+00	0.00e+00
 3.18272e+13	6.64e-32	1.76e-24	1.01e-17	4.61e-12	1.65e-07	5.03e-04	9.99e-01	0.00e+00	0.00e+00	0.00e+00	0.00e+00	0.00e+00
 3.30168e+13	1.02e-31	2.52e-24	1.34e-17	5.71e-12	1.90e-07	5.40e-04	9.99e-01	0.00e+00	0.00e+00	0.00e+00	0.00e+00	0.00e+00
 3.41600e+13	1.50e-31	3.49e-24	1.75e-17	6.98e-12	2.17e-07	5.77e-04	9.99e-01	0.00e+00	0.00e+00	0.00e+00	0.00e+00	0.00e+00
 3.54177e+13	2.29e-31	4.97e-24	2.32e-17	8.63e-12	2.50e-07	6.19e-04	9.99e-01	0.00e+00	0.00e+00	0.00e+00	0.00e+00	0.00e+00
 3.68287e+13	3.64e-31	7.30e-24	3.16e-17	1.09e-11	2.92e-07	6.68e-04	9.99e-01	0.00e+00	0.00e+00	0.00e+00	0.00e+00	0.00e+00
 3.81807e+13	5.47e-31	1.03e-23	4.19e-17	1.34e-11	3.36e-07	7.17e-04	9.99e-01	0.00e+00	0.00e+00	0.00e+00	0.00e+00	0.00e+00
 3.96225e+13	8.52e-31	1.49e-23	5.61e-17	1.67e-11	3.89e-07	7.70e-04	9.99e-01	0.00e+00	0.00e+00	0.00e+00	0.00e+00	0.00e+00
 4.12373e+13	1.33e-30	2.16e-23	7.65e-17	2.11e-11	4.54e-07	8.34e-04	9.99e-01	0.00e+00	0.00e+00	0.00e+00	0.00e+00	0.00e+00
 4.27273e+13	2.01e-30	3.06e-23	1.01e-16	2.60e-11	5.22e-07	8.94e-04	9.99e-01	0.00e+00	0.00e+00	0.00e+00	0.00e+00	0.00e+00
 4.40159e+13	2.82e-30	4.07e-23	1.28e-16	3.10e-11	5.87e-07	9.48e-04	9.99e-01	0.00e+00	0.00e+00	0.00e+00	0.00e+00	0.00e+00
 4.54465e+13	4.12e-30	5.58e-23	1.64e-16	3.74e-11	6.66e-07	1.01e-03	9.99e-01	0.00e+00	0.00e+00	0.00e+00	0.00e+00	0.00e+00
 4.71952e+13	6.27e-30	7.95e-23	2.20e-16	4.67e-11	7.72e-07	1.09e-03	9.99e-01	0.00e+00	0.00e+00	0.00e+00	0.00e+00	0.00e+00
 4.89649e+13	9.54e-30	1.13e-22	2.94e-16	5.80e-11	8.92e-07	1.17e-03	9.99e-01	0.00e+00	0.00e+00	0.00e+00	0.00e+00	0.00e+00
 5.05531e+13	1.37e-29	1.54e-22	3.77e-16	7.00e-11	1.01e-06	1.25e-03	9.99e-01	0.00e+00	0.00e+00	0.00e+00	0.00e+00	0.00e+00
 5.22979e+13	2.05e-29	2.15e-22	4.93e-16	8.56e-11	1.16e-06	1.33e-03	9.99e-01	0.00e+00	0.00e+00	0.00e+00	0.00e+00	0.00e+00
 5.43647e+13	3.13e-29	3.08e-22	6.67e-16	1.08e-10	1.35e-06	1.44e-03	9.99e-01	0.00e+00	0.00e+00	0.00e+00	0.00e+00	0.00e+00
 5.63991e+13	4.81e-29	4.41e-22	8.90e-16	1.34e-10	1.56e-06	1.55e-03	9.98e-01	0.00e+00	0.00e+00	0.00e+00	0.00e+00	0.00e+00
 5.82584e+13	6.80e-29	5.94e-22	1.15e-15	1.62e-10	1.77e-06	1.65e-03	9.98e-01	0.00e+00	0.00e+00	0.00e+00	0.00e+00	0.00e+00
 6.03411e+13	1.01e-28	8.32e-22	1.51e-15	1.99e-10	2.03e-06	1.77e-03	9.98e-01	0.00e+00	0.00e+00	0.00e+00	0.00e+00	0.00e+00
 6.27636e+13	1.57e-28	1.21e-21	2.05e-15	2.51e-10	2.37e-06	1.92e-03	9.98e-01	0.00e+00	0.00e+00	0.00e+00	0.00e+00	0.00e+00
 6.51396e+13	2.43e-28	1.74e-21	2.75e-15	3.13e-10	2.74e-06	2.07e-03	9.98e-01	0.00e+00	0.00e+00	0.00e+00	0.00e+00	0.00e+00
 6.73840e+13	3.47e-28	2.36e-21	3.58e-15	3.82e-10	3.14e-06	2.21e-03	9.98e-01	0.00e+00	0.00e+00	0.00e+00	0.00e+00	0.00e+00
 6.98827e+13	5.23e-28	3.34e-21	4.76e-15	4.74e-10	3.62e-06	2.38e-03	9.98e-01	0.00e+00	0.00e+00	0.00e+00	0.00e+00	0.00e+00
 7.27079e+13	8.27e-28	4.90e-21	6.50e-15	5.99e-10	4.23e-06	2.58e-03	9.97e-01	0.00e+00	0.00e+00	0.00e+00	0.00e+00	0.00e+00
 7.55333e+13	1.24e-27	6.94e-21	8.75e-15	7.51e-10	4.92e-06	2.78e-03	9.97e-01	0.00e+00	0.00e+00	0.00e+00	0.00e+00	0.00e+00
 7.81780e+13	1.85e-27	9.70e-21	1.15e-14	9.21e-10	5.64e-06	2.98e-03	9.97e-01	0.00e+00	0.00e+00	0.00e+00	0.00e+00	0.00e+00
 8.10415e+13	2.69e-27	1.34e-20	1.52e-14	1.14e-09	6.49e-06	3.20e-03	9.97e-01	0.00e+00	0.00e+00	0.00e+00	0.00e+00	0.00e+00
 8.42438e+13	4.24e-27	1.96e-20	2.06e-14	1.43e-09	7.57e-06	3.46e-03	9.97e-01	0.00e+00	0.00e+00	0.00e+00	0.00e+00	0.00e+00
 8.72409e+13	6.07e-27	2.68e-20	2.71e-14	1.76e-09	8.69e-06	3.71e-03	9.96e-01	0.00e+00	0.00e+00	0.00e+00	0.00e+00	0.00e+00
 9.00161e+13	8.61e-27	3.61e-20	3.46e-14	2.12e-09	9.83e-06	3.95e-03	9.96e-01	0.00e+00	0.00e+00	0.00e+00	0.00e+00	0.00e+00
 9.26789e+13	1.20e-26	4.79e-20	4.36e-14	2.52e-09	1.10e-05	4.19e-03	9.96e-01	0.00e+00	0.00e+00	0.00e+00	0.00e+00	0.00e+00
 9.56367e+13	1.70e-26	6.42e-20	5.58e-14	3.04e-09	1.25e-05	4.46e-03	9.96e-01	0.00e+00	0.00e+00	0.00e+00	0.00e+00	0.00e+00
 9.89083e+13	2.41e-26	8.70e-20	7.26e-14	3.71e-09	1.43e-05	4.77e-03	9.95e-01	0.00e+00	0.00e+00	0.00e+00	0.00e+00	0.00e+00
 1.01951e+14	3.43e-26	1.17e-19	9.22e-14	4.44e-09	1.61e-05	5.07e-03	9.95e-01	0.00e+00	0.00e+00	0.00e+00	0.00e+00	0.00e+00
 1.05270e+14	4.75e-26	1.55e-19	1.18e-13	5.37e-09	1.82e-05	5.41e-03	9.95e-01	0.00e+00	0.00e+00	0.00e+00	0.00e+00	0.00e+00
 1.08996e+14	7.02e-26	2.16e-19	1.56e-13	6.60e-09	2.09e-05	5.80e-03	9.94e-01	0.00e+00	0.00e+00	0.00e+00	0.00e+00	0.00e+00
 1.12558e+14	1.01e-25	2.94e-19	2.00e-13	7.98e-09	2.38e-05	6.18e-03	9.94e-01	0.00e+00	0.00e+00	0.00e+00	0.00e+00	0.00e+00
 1.16494e+14	1.47e-25	4.06e-19	2.63e-13	9.79e-09	2.72e-05	6.62e-03	9.93e-01	0.00e+00	0.00e+00	0.00e+00	0.00e+00	0.00e+00
 1.20828e+14	2.13e-25	5.62e-19	3.50e-13	1.22e-08	3.14e-05	7.13e-03	9.93e-01	0.00e+00	0.00e+00	0.00e+00	0.00e+00	0.00e+00
 1.24812e+14	3.11e-25	7.70e-19	4.52e-13	1.47e-08	3.57e-05	7.60e-03	9.92e-01	0.00e+00	0.00e+00	0.00e+00	0.00e+00	0.00e+00
 1.29121e+14	4.39e-25	1.04e-18	5.89e-13	1.80e-08	4.09e-05	8.15e-03	9.92e-01	0.00e+00	0.00e+00	0.00e+00	0.00e+00	0.00e+00
 1.33942e+14	6.65e-25	1.48e-18	7.86e-13	2.24e-08	4.72e-05	8.76e-03	9.91e-01	0.00e+00	0.00e+00	0.00e+00	0.00e+00	0.00e+00
 1.38484e+14	9.30e-25	1.99e-18	1.02e-12	2.73e-08	5.39e-05	9.38e-03	9.91e-01	0.00e+00	0.00e+00	0.00e+00	0.00e+00	0.00e+00
 1.43447e+14	1.38e-24	2.78e-18	1.35e-12	3.36e-08	6.19e-05	1.01e-02	9.90e-01	0.00e+00	0.00e+00	0.00e+00	0.00e+00	0.00e+00
 1.48957e+14	2.01e-24	3.87e-18	1.80e-12	4.20e-08	7.18e-05	1.09e-02	9.89e-01	0.00e+00	0.00e+00	0.00e+00	0.00e+00	0.00e+00
 1.54088e+14	2.95e-24	5.35e-18	2.35e-12	5.14e-08	8.21e-05	1.16e-02	9.88e-01	0.00e+00	0.00e+00	0.00e+00	0.00e+00	0.00e+00
 1.59660e+14	4.20e-24	7.32e-18	3.10e-12	6.34e-08	9.45e-05	1.25e-02	9.87e-01	0.00e+00	0.00e+00	0.00e+00	0.00e+00	0.00e+00
 1.65891e+14	6.39e-24	1.05e-17	4.19e-12	7.96e-08	1.10e-04	1.35e-02	9.86e-01	0.00e+00	0.00e+00	0.00e+00	0.00e+00	0.00e+00
 1.71806e+14	9.03e-24	1.42e-17	5.49e-12	9.79e-08	1.26e-04	1.45e-02	9.85e-01	0.00e+00	0.00e+00	0.00e+00	0.00e+00	0.00e+00
 1.78144e+14	1.34e-23	1.99e-17	7.29e-12	1.21e-07	1.45e-04	1.56e-02	9.84e-01	0.00e+00	0.00e+00	0.00e+00	0.00e+00	0.00e+00
 1.85299e+14	1.96e-23	2.80e-17	9.88e-12	1.53e-07	1.70e-04	1.69e-02	9.83e-01	0.00e+00	0.00e+00	0.00e+00	0.00e+00	0.00e+00
 1.92319e+14	2.92e-23	3.95e-17	1.32e-11	1.91e-07	1.97e-04	1.83e-02	9.82e-01	0.00e+00	0.00e+00	0.00e+00	0.00e+00	0.00e+00
 1.99619e+14	4.15e-23	5.42e-17	1.75e-11	2.38e-07	2.27e-04	1.98e-02	9.80e-01	0.00e+00	0.00e+00	0.00e+00	0.00e+00	0.00e+00
 2.07634e+14	6.28e-23	7.77e-17	2.38e-11	3.00e-07	2.66e-04	2.14e-02	9.78e-01	0.00e+00	0.00e+00	0.00e+00	0.00e+00	0.00e+00
 2.15536e+14	8.98e-23	1.07e-16	3.17e-11	3.74e-07	3.07e-04	2.31e-02	9.77e-01	0.00e+00	0.00e+00	0.00e+00	0.00e+00	0.00e+00
 2.22049e+14	1.21e-22	1.40e-16	3.99e-11	4.46e-07	3.45e-04	2.46e-02	9.75e-01	0.00e+00	0.00e+00	0.00e+00	0.00e+00	0.00e+00
 2.27254e+14	1.53e-22	1.72e-16	4.77e-11	5.12e-07	3.78e-04	2.58e-02	9.74e-01	0.00e+00	0.00e+00	0.00e+00	0.00e+00	0.00e+00
 2.33023e+14	1.97e-22	2.15e-16	5.79e-11	5.93e-07	4.17e-04	2.72e-02	9.72e-01	0.00e+00	0.00e+00	0.00e+00	0.00e+00	0.00e+00
 2.40523e+14	2.67e-22	2.82e-16	7.37e-11	7.15e-07	4.72e-04	2.91e-02	9.70e-01	0.00e+00	0.00e+00	0.00e+00	0.00e+00	0.00e+00
 2.48565e+14	3.66e-22	3.75e-16	9.49e-11	8.68e-07	5.36e-04	3.11e-02	9.68e-01	0.00e+00	0.00e+00	0.00e+00	0.00e+00	0.00e+00
 2.55706e+14	4.88e-22	4.83e-16	1.18e-10	1.03e-06	5.99e-04	3.30e-02	9.66e-01	0.00e+00	0.00e+00	0.00e+00	0.00e+00	0.00e+00
 2.63382e+14	6.41e-22	6.20e-16	1.48e-10	1.22e-06	6.72e-04	3.52e-02	9.64e-01	0.00e+00	0.00e+00	0.00e+00	0.00e+00	0.00e+00
 2.73090e+14	9.11e-22	8.50e-16	1.95e-10	1.51e-06	7.73e-04	3.79e-02	9.61e-01	0.00e+00	0.00e+00	0.00e+00	0.00e+00	0.00e+00
 2.82948e+14	1.29e-21	1.16e-15	2.55e-10	1.86e-06	8.87e-04	4.09e-02	9.58e-01	0.00e+00	0.00e+00	0.00e+00	0.00e+00	0.00e+00
 2.91349e+14	1.69e-21	1.49e-15	3.19e-10	2.21e-06	9.93e-04	4.35e-02	9.56e-01	0.00e+00	0.00e+00	0.00e+00	0.00e+00	0.00e+00
 3.00349e+14	2.27e-21	1.94e-15	4.02e-10	2.64e-06	1.12e-03	4.63e-02	9.53e-01	0.00e+00	0.00e+00	0.00e+00	0.00e+00	0.00e+00
 3.11559e+14	3.20e-21	2.67e-15	5.32e-10	3.28e-06	1.29e-03	5.01e-02	9.49e-01	0.00e+00	0.00e+00	0.00e+00	0.00e+00	0.00e+00
 3.23045e+14	4.54e-21	3.66e-15	7.01e-10	4.06e-06	1.48e-03	5.41e-02	9.44e-01	0.00e+00	0.00e+00	0.00e+00	0.00e+00	0.00e+00
 3.33169e+14	6.09e-21	4.79e-15	8.87e-10	4.86e-06	1.66e-03	5.76e-02	9.41e-01	0.00e+00	0.00e+00	0.00e+00	0.00e+00	0.00e+00
 3.44121e+14	8.27e-21	6.33e-15	1.14e-09	5.88e-06	1.88e-03	6.16e-02	9.36e-01	0.00e+00	0.00e+00	0.00e+00	0.00e+00	0.00e+00
 3.57332e+14	1.19e-20	8.85e-15	1.52e-09	7.33e-06	2.18e-03	6.67e-02	9.31e-01	0.00e+00	0.00e+00	0.00e+00	0.00e+00	0.00e+00
 3.70443e+14	1.69e-20	1.22e-14	2.00e-09	9.05e-06	2.49e-03	7.19e-02	9.26e-01	0.00e+00	0.00e+00	0.00e+00	0.00e+00	0.00e+00
 3.82132e+14	2.25e-20	1.59e-14	2.53e-09	1.09e-05	2.81e-03	7.66e-02	9.21e-01	0.00e+00	0.00e+00	0.00e+00	0.00e+00	0.00e+00
 3.95009e+14	3.13e-20	2.14e-14	3.26e-09	1.32e-05	3.18e-03	8.22e-02	9.15e-01	0.00e+00	0.00e+00	0.00e+00	0.00e+00	0.00e+00
 4.10349e+14	4.54e-20	3.01e-14	4.37e-09	1.65e-05	3.67e-03	8.88e-02	9.08e-01	0.00e+00	0.00e+00	0.00e+00	0.00e+00	0.00e+00
 4.25596e+14	6.47e-20	4.17e-14	5.79e-09	2.03e-05	4.21e-03	9.57e-02	9.00e-01	0.00e+00	0.00e+00	0.00e+00	0.00e+00	0.00e+00
 4.39574e+14	8.76e-20	5.52e-14	7.42e-09	2.45e-05	4.75e-03	1.02e-01	8.93e-01	0.00e+00	0.00e+00	0.00e+00	0.00e+00	0.00e+00
 4.55195e+14	1.26e-19	7.64e-14	9.70e-09	3.01e-05	5.41e-03	1.09e-01	8.85e-01	0.00e+00	0.00e+00	0.00e+00	0.00e+00	0.00e+00
 4.73320e+14	1.85e-19	1.09e-13	1.31e-08	3.77e-05	6.26e-03	1.18e-01	8.76e-01	0.00e+00	0.00e+00	0.00e+00	0.00e+00	0.00e+00
 4.91146e+14	2.68e-19	1.52e-13	1.74e-08	4.67e-05	7.17e-03	1.27e-01	8.66e-01	0.00e+00	0.00e+00	0.00e+00	0.00e+00	0.00e+00
 5.08162e+14	3.77e-19	2.08e-13	2.26e-08	5.68e-05	8.12e-03	1.36e-01	8.56e-01	0.00e+00	0.00e+00	0.00e+00	0.00e+00	0.00e+00
 5.23052e+14	5.06e-19	2.71e-13	2.83e-08	6.70e-05	9.03e-03	1.43e-01	8.48e-01	0.00e+00	0.00e+00	0.00e+00	0.00e+00	0.00e+00
 5.35341e+14	6.41e-19	3.36e-13	3.38e-08	7.66e-05	9.82e-03	1.50e-01	8.40e-01	0.00e+00	0.00e+00	0.00e+00	0.00e+00	0.00e+00
 5.48875e+14	8.28e-19	4.23e-13	4.09e-08	8.83e-05	1.08e-02	1.57e-01	8.32e-01	0.00e+00	0.00e+00	0.00e+00	0.00e+00	0.00e+00
 5.66468e+14	1.14e-18	5.66e-13	5.22e-08	1.06e-04	1.21e-02	1.66e-01	8.21e-01	0.00e+00	0.00e+00	0.00e+00	0.00e+00	0.00e+00
 5.84995e+14	1.56e-18	7.53e-13	6.67e-08	1.27e-04	1.35e-02	1.76e-01	8.10e-01	0.00e+00	0.00e+00	0.00e+00	0.00e+00	0.00e+00
 6.00993e+14	2.11e-18	9.82e-13	8.22e-08	1.48e-04	1.49e-02	1.85e-01	8.00e-01	0.00e+00	0.00e+00	0.00e+00	0.00e+00	0.00e+00
 6.18051e+14	2.82e-18	1.27e-12	1.02e-07	1.73e-04	1.64e-02	1.95e-01	7.89e-01	0.00e+00	0.00e+00	0.00e+00	0.00e+00	0.00e+00
 6.40225e+14	4.07e-18	1.77e-12	1.33e-07	2.11e-04	1.86e-02	2.07e-01	7.74e-01	0.00e+00	0.00e+00	0.00e+00	0.00e+00	0.00e+00
 6.63025e+14	5.74e-18	2.42e-12	1.74e-07	2.57e-04	2.10e-02	2.19e-01	7.60e-01	0.00e+00	0.00e+00	0.00e+00	0.00e+00	0.00e+00
 6.82071e+14	7.79e-18	3.16e-12	2.16e-07	3.01e-04	2.32e-02	2.30e-01	7.47e-01	0.00e+00	0.00e+00	0.00e+00	0.00e+00	0.00e+00
 7.02264e+14	1.06e-17	4.16e-12	2.70e-07	3.54e-04	2.56e-02	2.41e-01	7.33e-01	0.00e+00	0.00e+00	0.00e+00	0.00e+00	0.00e+00
 7.27966e+14	1.59e-17	5.89e-12	3.54e-07	4.32e-04	2.90e-02	2.55e-01	7.16e-01	0.00e+00	0.00e+00	0.00e+00	0.00e+00	0.00e+00
 7.54883e+14	2.27e-17	8.13e-12	4.65e-07	5.26e-04	3.27e-02	2.69e-01	6.97e-01	0.00e+00	0.00e+00	1.33e-17	6.83e-18	2.10e-18
 7.78866e+14	3.23e-17	1.09e-11	5.88e-07	6.23e-04	3.63e-02	2.82e-01	6.81e-01	0.00e+00	0.00e+00	1.85e-17	9.84e-18	3.45e-18
 8.04982e+14	4.59e-17	1.49e-11	7.53e-07	7.44e-04	4.04e-02	2.96e-01	6.63e-01	0.00e+00	0.00e+00	2.63e-17	1.40e-17	4.88e-18
 8.36153e+14	7.17e-17	2.16e-11	1.00e-06	9.13e-04	4.57e-02	3.12e-01	6.41e-01	0.00e+00	0.00e+00	4.11e-17	2.18e-17	7.56e-18
 8.66993e+14	1.05e-16	3.01e-11	1.30e-06	1.10e-03	5.13e-02	3.27e-01	6.21e-01	0.00e+00	0.00e+00	6.03e-17	3.19e-17	1.10e-17
 8.94943e+14	1.48e-16	4.04e-11	1.65e-06	1.30e-03	5.67e-02	3.40e-01	6.02e-01	0.00e+00	0.00e+00	8.51e-17	4.50e-17	1.55e-17
 9.26037e+14	2.08e-16	5.45e-11	2.11e-06	1.56e-03	6.29e-02	3.54e-01	5.81e-01	0.00e+00	0.00e+00	1.19e-16	6.31e-17	2.16e-17
 9.62499e+14	3.25e-16	7.92e-11	2.80e-06	1.90e-03	7.07e-02	3.71e-01	5.57e-01	0.00e+00	0.00e+00	1.87e-16	9.86e-17	3.36e-17
 9.98479e+14	4.84e-16	1.11e-10	3.64e-06	2.29e-03	7.89e-02	3.85e-01	5.34e-01	0.00e+00	0.00e+00	2.79e-16	1.47e-16	4.99e-17
 1.03226e+15	6.94e-16	1.50e-10	4.61e-06	2.70e-03	8.68e-02	3.98e-01	5.12e-01	0.00e+00	0.00e+00	4.00e-16	2.11e-16	7.13e-17
 1.06994e+15	9.89e-16	2.04e-10	5.94e-06	3.22e-03	9.61e-02	4.11e-01	4.89e-01	0.00e+00	0.00e+00	5.70e-16	3.00e-16	1.01e-16
 1.11277e+15	1.58e-15	2.98e-10	7.84e-06	3.91e-03	1.07e-01	4.26e-01	4.63e-01	0.00e+00	0.00e+00	9.13e-16	4.80e-16	1.61e-16
 1.15515e+15	2.37e-15	4.17e-10	1.01e-05	4.67e-03	1.19e-01	4.38e-01	4.39e-01	0.00e+00	0.00e+00	1.37e-15	7.19e-16	2.41e-16
 1.18994e+15	3.26e-15	5.43e-10	1.24e-05	5.38e-03	1.28e-01	4.47e-01	4.19e-01	0.00e+00	0.00e+00	1.89e-15	9.89e-16	3.30e-16
 1.21713e+15	4.16e-15	6.63e-10	1.45e-05	5.98e-03	1.36e-01	4.54e-01	4.05e-01	0.00e+00	0.00e+00	2.41e-15	1.26e-15	4.21e-16
 1.24691e+15	5.35e-15	8.16e-10	1.71e-05	6.68e-03	1.44e-01	4.60e-01	3.89e-01	0.00e+00	0.00e+00	3.09e-15	1.62e-15	5.40e-16
 1.28561e+15	7.49e-15	1.07e-09	2.10e-05	7.69e-03	1.56e-01	4.68e-01	3.69e-01	0.00e+00	0.00e+00	4.33e-15	2.27e-15	7.54e-16
 1.32748e+15	1.04e-14	1.41e-09	2.59e-05	8.88e-03	1.68e-01	4.74e-01	3.49e-01	0.00e+00	0.00e+00	6.05e-15	3.17e-15	1.05e-15
 1.36519e+15	1.37e-14	1.77e-09	3.12e-05	1.01e-02	1.80e-01	4.79e-01	3.31e-01	0.00e+00	0.00e+00	7.95e-15	4.17e-15	1.38e-15
 1.40594e+15	1.87e-14	2.27e-09	3.77e-05	1.14e-02	1.92e-01	4.83e-01	3.13e-01	0.00e+00	0.00e+00	1.08e-14	5.68e-15	1.88e-15
 1.45756e+15	2.87e-14	3.17e-09	4.77e-05	1.34e-02	2.08e-01	4.88e-01	2.91e-01	0.00e+00	0.00e+00	1.66e-14	8.71e-15	2.87e-15
 1.50955e+15	4.16e-14	4.25e-09	5.96e-05	1.55e-02	2.24e-01	4.90e-01	2.71e-01	0.00e+00	0.00e+00	2.41e-14	1.26e-14	4.15e-15
 1.55331e+15	5.61e-14	5.40e-09	7.13e-05	1.74e-02	2.38e-01	4.91e-01	2.54e-01	0.00e+00	0.00e+00	3.25e-14	1.70e-14	5.59e-15
 1.60013e+15	7.68e-14	6.91e-09	8.58e-05	1.97e-02	2.52e-01	4.90e-01	2.38e-01	0.00e+00	0.00e+00	4.45e-14	2.33e-14	7.64e-15
 1.65915e+15	1.07e-13	9.07e-09	1.07e-04	2.27e-02	2.70e-01	4.88e-01	2.19e-01	0.00e+00	0.00e+00	6.19e-14	3.24e-14	1.06e-14
 1.72034e+15	1.64e-13	1.25e-08	1.34e-04	2.62e-02	2.89e-01	4.85e-01	2.00e-01	0.00e+00	0.00e+00	9.53e-14	4.99e-14	1.63e-14
 1.77410e+15	2.26e-13	1.61e-08	1.61e-04	2.95e-02	3.04e-01	4.81e-01	1.85e-01	0.00e+00	0.00e+00	1.31e-13	6.86e-14	2.24e-14
 1.83186e+15	3.12e-13	2.07e-08	1.94e-04	3.33e-02	3.21e-01	4.75e-01	1.70e-01	0.00e+00	0.00e+00	1.81e-13	9.46e-14	3.09e-14
 1.90182e+15	4.41e-13	2.73e-08	2.42e-04	3.82e-02	3.41e-01	4.67e-01	1.54e-01	0.00e+00	0.00e+00	2.56e-13	1.34e-13	4.36e-14
 1.97159e+15	6.76e-13	3.73e-08	2.98e-04	4.36e-02	3.60e-01	4.58e-01	1.39e-01	0.00e+00	0.00e+00	3.92e-13	2.05e-13	6.68e-14
 2.03374e+15	9.16e-13	4.72e-08	3.56e-04	4.86e-02	3.76e-01	4.49e-01	1.27e-01	0.00e+00	0.00e+00	5.32e-13	2.78e-13	9.04e-14
 2.10200e+15	1.24e-12	5.98e-08	4.28e-04	5.44e-02	3.93e-01	4.38e-01	1.15e-01	0.00e+00	0.00e+00	7.19e-13	3.76e-13	1.22e-13
 2.18340e+15	1.92e-12	8.25e-08	5.30e-04	6.19e-02	4.12e-01	4.24e-01	1.02e-01	0.00e+00	0.00e+00	1.12e-12	5.84e-13	1.90e-13
 2.26071e+15	2.69e-12	1.06e-07	6.41e-04	6.93e-02	4.29e-01	4.10e-01	9.09e-02	0.00e+00	0.00e+00	1.56e-12	8.16e-13	2.65e-13
 2.32703e+15	3.50e-12	1.30e-07	7.48e-04	7.60e-02	4.42e-01	3.98e-01	8.26e-02	0.00e+00	0.00e+00	2.03e-12	1.06e-12	3.44e-13
 2.40025e+15	4.75e-12	1.64e-07	8.84e-04	8.37e-02	4.56e-01	3.85e-01	7.42e-02	0.00e+00	0.00e+00	2.76e-12	1.44e-12	4.68e-13
 2.49048e+15	7.25e-12	2.22e-07	1.08e-03	9.39e-02	4.72e-01	3.68e-01	6.49e-02	0.00e+00	0.00e+00	4.21e-12	2.20e-12	7.14e-13
 2.56987e+15	9.77e-12	2.78e-07	1.27e-03	1.03e-01	4.84e-01	3.53e-01	5.80e-02	0.00e+00	0.00e+00	5.68e-12	2.97e-12	9.61e-13
 2.62697e+15	1.22e-11	3.27e-07	1.42e-03	1.10e-01	4.93e-01	3.43e-01	5.33e-02	0.00e+00	0.00e+00	7.10e-12	3.71e-12	1.20e-12
 2.68804e+15	1.54e-11	3.87e-07	1.60e-03	1.17e-01	5.01e-01	3.31e-01	4.88e-02	0.00e+00	0.00e+00	8.93e-12	4.67e-12	1.51e-12
 2.76745e+15	2.08e-11	4.82e-07	1.86e-03	1.27e-01	5.10e-01	3.17e-01	4.35e-02	0.00e+00	0.00e+00	1.21e-11	6.32e-12	2.05e-12
 2.85245e+15	2.66e-11	5.83e-07	2.16e-03	1.38e-01	5.19e-01	3.02e-01	3.86e-02	0.00e+00	0.00e+00	1.55e-11	8.10e-12	2.62e-12
 2.94472e+15	3.85e-11	7.54e-07	2.54e-03	1.51e-01	5.27e-01	2.86e-01	3.37e-02	0.00e+00	0.00e+00	2.24e-11	1.17e-11	3.79e-12
 3.03803e+15	5.15e-11	9.34e-07	2.96e-03	1.64e-01	5.34e-01	2.70e-01	2.96e-02	0.00e+00	0.00e+00	2.99e-11	1.56e-11	5.07e-12
 3.11705e+15	6.45e-11	1.11e-06	3.36e-03	1.75e-01	5.38e-01	2.57e-01	2.64e-02	0.00e+00	0.00e+00	3.75e-11	1.96e-11	6.35e-12
 3.20414e+15	8.42e-11	1.34e-06	3.84e-03	1.87e-01	5.42e-01	2.43e-01	2.34e-02	0.00e+00	0.00e+00	4.89e-11	2.56e-11	8.29e-12
 3.31736e+15	1.25e-10	1.77e-06	4.56e-03	2.04e-01	5.46e-01	2.26e-01	1.98e-02	0.00e+00	0.00e+00	7.28e-11	3.81e-11	1.23e-11
 3.43023e+15	1.70e-10	2.21e-06	5.35e-03	2.20e-01	5.47e-01	2.10e-01	1.70e-02	0.00e+00	0.00e+00	9.88e-11	5.17e-11	1.67e-11
 3.52049e+15	2.13e-10	2.62e-06	6.04e-03	2.34e-01	5.47e-01	1.98e-01	1.50e-02	0.00e+00	0.00e+00	1.24e-10	6.49e-11	2.10e-11
 3.61566e+15	2.76e-10	3.15e-06	6.87e-03	2.48e-01	5.46e-01	1.86e-01	1.31e-02	0.00e+00	0.00e+00	1.61e-10	8.41e-11	2.72e-11
 3.73939e+15	4.09e-10	4.12e-06	8.09e-03	2.67e-01	5.43e-01	1.70e-01	1.10e-02	0.00e+00	0.00e+00	2.38e-10	1.24e-10	4.03e-11
 3.86689e+15	5.54e-10	5.15e-06	9.44e-03	2.87e-01	5.39e-01	1.56e-01	9.20e-03	0.00e+00	0.00e+00	3.22e-10	1.69e-10	5.47e-11
 3.97118e+15	6.98e-10	6.11e-06	1.07e-02	3.03e-01	5.34e-01	1.45e-01	7.99e-03	0.00e+00	0.00e+00	4.06e-10	2.13e-10	6.89e-11
 4.07864e+15	9.07e-10	7.37e-06	1.21e-02	3.19e-01	5.28e-01	1.34e-01	6.88e-03	0.00e+00	0.00e+00	5.28e-10	2.76e-10	8.96e-11
 4.21833e+15	1.36e-09	9.69e-06	1.43e-02	3.41e-01	5.18e-01	1.21e-01	5.62e-03	0.00e+00	0.00e+00	7.90e-10	4.14e-10	1.34e-10
 4.35637e+15	1.82e-09	1.20e-05	1.65e-02	3.62e-01	5.08e-01	1.09e-01	4.67e-03	0.00e+00	0.00e+00	1.06e-09	5.55e-10	1.80e-10
 4.46243e+15	2.25e-09	1.41e-05	1.85e-02	3.78e-01	4.99e-01	1.01e-01	4.04e-03	0.00e+00	0.00e+00	1.31e-09	6.87e-10	2.23e-10
 4.55392e+15	2.78e-09	1.63e-05	2.04e-02	3.92e-01	4.90e-01	9.43e-02	3.56e-03	0.00e+00	0.00e+00	1.62e-09	8.48e-10	2.75e-10
 4.65627e+15	3.49e-09	1.92e-05	2.26e-02	4.07e-01	4.80e-01	8.72e-02	3.08e-03	0.00e+00	0.00e+00	2.03e-09	1.06e-09	3.45e-10
 4.76762e+15	4.72e-09	2.36e-05	2.55e-02	4.23e-01	4.69e-01	7.97e-02	2.62e-03	0.00e+00	0.00e+00	2.75e-09	1.44e-09	4.68e-10
 4.87411e+15	5.94e-09	2.77e-05	2.83e-02	4.39e-01	4.57e-01	7.33e-02	2.26e-03	0.00e+00	0.00e+00	3.45e-09	1.81e-09	5.89e-10
 4.97546e+15	7.28e-09	3.22e-05	3.13e-02	4.53e-01	4.46e-01	6.76e-02	1.97e-03	0.00e+00	0.00e+00	4.24e-09	2.22e-09	7.22e-10
 5.08670e+15	8.92e-09	3.74e-05	3.48e-02	4.68e-01	4.33e-01	6.18e-02	1.68e-03	0.00e+00	0.00e+00	5.19e-09	2.72e-09	8.86e-10
 5.21056e+15	1.23e-08	4.67e-05	3.95e-02	4.85e-01	4.18e-01	5.56e-02	1.40e-03	0.00e+00	0.00e+00	7.18e-09	3.77e-09	1.23e-09
 5.32408e+15	1.57e-08	5.54e-05	4.40e-02	5.00e-01	4.05e-01	5.05e-02	1.19e-03	0.00e+00	0.00e+00	9.13e-09	4.79e-09	1.56e-09
 5.42647e+15	1.95e-08	6.48e-05	4.85e-02	5.13e-01	3.92e-01	4.62e-02	1.02e-03	0.00e+00	0.00e+00	1.14e-08	5.97e-09	1.94e-09
 5.52494e+15	2.42e-08	7.54e-05	5.34e-02	5.24e-01	3.79e-01	4.24e-02	8.86e-04	0.00e+00	0.00e+00	1.41e-08	7.38e-09	2.40e-09
 5.63676e+15	2.90e-08	8.68e-05	5.92e-02	5.37e-01	3.64e-01	3.84e-02	7.56e-04	0.00e+00	0.00e+00	1.69e-08	8.86e-09	2.89e-09
 5.78212e+15	4.33e-08	1.14e-04	6.87e-02	5.53e-01	3.44e-01	3.33e-02	5.97e-04	0.00e+00	0.00e+00	2.52e-08	1.32e-08	4.31e-09
 5.92339e+15	5.64e-08	1.39e-04	7.84e-02	5.67e-01	3.25e-01	2.92e-02	4.84e-04	0.00e+00	0.00e+00	3.28e-08	1.73e-08	5.63e-09
 6.03126e+15	6.90e-08	1.61e-04	8.69e-02	5.76e-01	3.10e-01	2.63e-02	4.10e-04	0.00e+00	0.00e+00	4.01e-08	2.11e-08	6.88e-09
 6.14342e+15	8.86e-08	1.93e-04	9.73e-02	5.85e-01	2.94e-01	2.34e-02	3.41e-04	0.00e+00	0.00e+00	5.16e-08	2.71e-08	8.85e-09
 6.26318e+15	1.28e-07	2.48e-04	1.10e-01	5.92e-01	2.76e-01	2.04e-02	2.74e-04	0.00e+00	0.00e+00	7.44e-08	3.91e-08	1.28e-08
 6.36065e+15	1.59e-07	2.91e-04	1.22e-01	5.97e-01	2.62e-01	1.83e-02	2.32e-04	0.00e+00	0.00e+00	9.28e-08	4.88e-08	1.59e-08
 6.45518e+15	2.04e-07	3.46e-04	1.35e-01	6.01e-01	2.48e-01	1.63e-02	1.95e-04	0.00e+00	0.00e+00	1.19e-07	6.24e-08	2.04e-08
 6.55670e+15	2.55e-07	4.09e-04	1.50e-01	6.03e-01	2.32e-01	1.44e-02	1.62e-04	0.00e+00	0.00e+00	1.48e-07	7.80e-08	2.55e-08
 6.64843e+15	3.32e-07	4.92e-04	1.66e-01	6.03e-01	2.18e-01	1.28e-02	1.35e-04	0.00e+00	0.00e+00	1.93e-07	1.02e-07	3.33e-08
 6.72776e+15	4.09e-07	5.72e-04	1.81e-01	6.01e-01	2.06e-01	1.14e-02	1.15e-04	0.00e+00	0.00e+00	2.38e-07	1.25e-07	4.10e-08
 6.80984e+15	5.06e-07	6.67e-04	1.99e-01	5.98e-01	1.93e-01	1.02e-02	9.64e-05	0.00e+00	0.00e+00	2.94e-07	1.55e-07	5.07e-08
 6.90205e+15	6.58e-07	8.05e-04	2.21e-01	5.92e-01	1.78e-01	8.80e-03	7.82e-05	0.00e+00	0.00e+00	3.83e-07	2.01e-07	6.60e-08
 6.97610e+15	8.27e-07	9.45e-04	2.41e-01	5.84e-01	1.66e-01	7.79e-03	6.56e-05	0.00e+00	0.00e+00	4.81e-07	2.53e-07	8.31e-08
 7.02489e+15	9.48e-07	1.04e-03	2.55e-01	5.79e-01	1.58e-01	7.17e-03	5.83e-05	0.00e+00	0.00e+00	5.52e-07	2.90e-07	9.53e-08
 7.07218e+15	1.07e-06	1.14e-03	2.70e-01	5.72e-01	1.50e-01	6.59e-03	5.19e-05	0.00e+00	0.00e+00	6.20e-07	3.26e-07	1.07e-07
 7.13365e+15	1.35e-06	1.34e-03	2.92e-01	5.61e-01	1.39e-01	5.81e-03	4.34e-05	0.00e+00	0.00e+00	7.83e-07	4.12e-07	1.35e-07
 7.19374e+15	1.56e-06	1.50e-03	3.14e-01	5.50e-01	1.29e-01	5.18e-03	3.70e-05	0.00e+00	0.00e+00	9.09e-07	4.79e-07	1.57e-07
 7.25203e+15	1.90e-06	1.72e-03	3.38e-01	5.37e-01	1.19e-01	4.55e-03	3.10e-05	0.00e+00	0.00e+00	1.10e-06	5.82e-07	1.91e-07
 7.31265e+15	2.51e-06	2.07e-03	3.66e-01	5.19e-01	1.09e-01	3.90e-03	2.50e-05	0.00e+00	0.00e+00	1.46e-06	7.70e-07	2.53e-07
 7.35710e+15	2.92e-06	2.30e-03	3.87e-01	5.06e-01	1.01e-01	3.51e-03	2.16e-05	0.00e+00	0.00e+00	1.70e-06	8.95e-07	2.94e-07
 7.39568e+15	3.34e-06	2.53e-03	4.06e-01	4.93e-01	9.48e-02	3.16e-03	1.88e-05	0.00e+00	0.00e+00	1.94e-06	1.02e-06	3.37e-07
 7.44583e+15	3.85e-06	2.81e-03	4.32e-01	4.76e-01	8.64e-02	2.76e-03	1.57e-05	0.00e+00	0.00e+00	2.24e-06	1.18e-06	3.89e-07
 7.51102e+15	5.30e-06	3.49e-03	4.72e-01	4.47e-01	7.52e-02	2.23e-03	1.17e-05	0.00e+00	0.00e+00	3.08e-06	1.63e-06	5.36e-07
 7.56664e+15	6.10e-06	3.86e-03	5.02e-01	4.25e-01	6.70e-02	1.89e-03	9.49e-06	0.00e+00	0.00e+00	3.55e-06	1.87e-06	6.17e-07
 7.60980e+15	7.35e-06	4.39e-03	5.30e-01	4.04e-01	6.00e-02	1.61e-03	7.68e-06	0.00e+00	0.00e+00	4.28e-06	2.26e-06	7.44e-07
 7.65619e+15	9.28e-06	5.12e-03	5.62e-01	3.79e-01	5.30e-02	1.34e-03	6.00e-06	0.00e+00	0.00e+00	5.40e-06	2.85e-06	9.40e-07
 7.69446e+15	1.08e-05	5.68e-03	5.87e-01	3.59e-01	4.76e-02	1.14e-03	4.91e-06	0.00e+00	0.00e+00	6.31e-06	3.33e-06	1.10e-06
 7.73190e+15	1.27e-05	6.32e-03	6.12e-01	3.38e-01	4.23e-02	9.68e-04	3.95e-06	0.00e+00	0.00e+00	7.41e-06	3.92e-06	1.29e-06
 7.78057e+15	1.59e-05	7.30e-03	6.47e-01	3.10e-01	3.59e-02	7.65e-04	2.91e-06	0.00e+00	0.00e+00	9.25e-06	4.89e-06	1.62e-06
 7.82916e+15	1.95e-05	8.34e-03	6.79e-01	2.82e-01	3.02e-02	6.02e-04	2.14e-06	0.00e+00	0.00e+00	1.13e-05	6.00e-06	1.98e-06
 7.86778e+15	2.29e-05	9.25e-03	7.04e-01	2.60e-01	2.62e-02	4.91e-04	1.65e-06	0.00e+00	0.00e+00	1.33e-05	7.05e-06	2.33e-06
 7.90813e+15	2.72e-05	1.03e-02	7.30e-01	2.37e-01	2.21e-02	3.90e-04	1.23e-06	0.00e+00	0.00e+00	1.58e-05	8.36e-06	2.77e-06
 7.96059e+15	3.44e-05	1.20e-02	7.62e-01	2.08e-01	1.75e-02	2.82e-04	8.17e-07	0.00e+00	0.00e+00	2.00e-05	1.06e-05	3.51e-06
 8.01206e+15	4.25e-05	1.36e-02	7.91e-01	1.82e-01	1.39e-02	2.04e-04	0.00e+00	0.00e+00	0.00e+00	2.47e-05	1.31e-05	4.34e-06
 8.05222e+15	5.00e-05	1.50e-02	8.11e-01	1.62e-01	1.14e-02	1.56e-04	0.00e+00	0.00e+00	0.00e+00	2.91e-05	1.54e-05	5.11e-06
 8.08365e+15	5.69e-05	1.62e-02	8.26e-01	1.48e-01	9.78e-03	1.26e-04	0.00e+00	0.00e+00	0.00e+00	3.31e-05	1.75e-05	5.83e-06
 8.10908e+15	6.31e-05	1.73e-02	8.37e-01	1.37e-01	8.57e-03	1.05e-04	0.00e+00	0.00e+00	0.00e+00	3.67e-05	1.94e-05	6.46e-06
 8.13742e+15	7.09e-05	1.85e-02	8.49e-01	1.25e-01	7.33e-03	8.46e-05	0.00e+00	0.00e+00	0.00e+00	4.12e-05	2.18e-05	7.27e-06
 8.17426e+15	8.24e-05	2.02e-02	8.63e-01	1.11e-01	5.96e-03	6.36e-05	0.00e+00	0.00e+00	0.00e+00	4.79e-05	2.54e-05	8.46e-06
 8.21206e+15	9.56e-05	2.20e-02	8.75e-01	9.79e-02	4.84e-03	4.76e-05	0.00e+00	0.00e+00	0.00e+00	5.56e-05	2.94e-05	9.81e-06
 8.24340e+15	1.08e-04	2.35e-02	8.84e-01	8.82e-02	4.05e-03	3.72e-05	0.00e+00	0.00e+00	0.00e+00	6.26e-05	3.31e-05	1.11e-05
 8.27644e+15	1.22e-04	2.53e-02	8.93e-01	7.85e-02	3.32e-03	2.83e-05	0.00e+00	0.00e+00	0.00e+00	7.12e-05	3.77e-05	1.26e-05
 8.31941e+15	1.44e-04	2.76e-02	9.02e-01	6.74e-02	2.56e-03	1.98e-05	0.00e+00	0.00e+00	0.00e+00	8.37e-05	4.43e-05	1.48e-05
 8.36283e+15	1.69e-04	3.01e-02	9.10e-01	5.80e-02	1.99e-03	1.39e-05	0.00e+00	0.00e+00	0.00e+00	9.81e-05	5.19e-05	1.74e-05
 8.39759e+15	1.91e-04	3.22e-02	9.15e-01	5.14e-02	1.62e-03	1.04e-05	0.00e+00	0.00e+00	0.00e+00	1.11e-04	5.88e-05	1.97e-05
 8.43354e+15	2.17e-04	3.46e-02	9.19e-01	4.50e-02	1.30e-03	7.63e-06	0.00e+00	0.00e+00	0.00e+00	1.26e-04	6.69e-05	2.24e-05
 8.48028e+15	2.57e-04	3.78e-02	9.23e-01	3.80e-02	9.71e-04	5.07e-06	0.00e+00	0.00e+00	0.00e+00	1.49e-04	7.90e-05	2.65e-05
 8.52702e+15	3.01e-04	4.11e-02	9.26e-01	3.23e-02	7.38e-04	3.44e-06	0.00e+00	0.00e+00	0.00e+00	1.75e-04	9.27e-05	3.11e-05
 8.56356e+15	3.41e-04	4.39e-02	9.27e-01	2.84e-02	5.95e-04	2.54e-06	0.00e+00	0.00e+00	0.00e+00	1.98e-04	1.05e-04	3.52e-05
 8.60086e+15	3.88e-04	4.70e-02	9.27e-01	2.48e-02	4.73e-04	1.83e-06	0.00e+00	0.00e+00	0.00e+00	2.25e-04	1.19e-04	4.01e-05
 8.64934e+15	4.58e-04	5.12e-02	9.27e-01	2.08e-02	3.51e-04	1.19e-06	0.00e+00	0.00e+00	0.00e+00	2.66e-04	1.41e-04	4.73e-05
 8.69797e+15	5.39e-04	5.58e-02	9.26e-01	1.76e-02	2.66e-04	7.98e-07	0.00e+00	0.00e+00	0.00e+00	3.14e-04	1.66e-04	5.58e-05
 8.73572e+15	6.13e-04	5.97e-02	9.24e-01	1.55e-02	2.14e-04	0.00e+00	0.00e+00	0.00e+00	0.00e+00	3.56e-04	1.89e-04	6.34e-05
 8.77374e+15	6.99e-04	6.39e-02	9.22e-01	1.35e-02	1.70e-04	0.00e+00	0.00e+00	0.00e+00	0.00e+00	4.06e-04	2.15e-04	7.23e-05
 8.82317e+15	8.23e-04	6.97e-02	9.18e-01	1.13e-02	1.27e-04	0.00e+00	0.00e+00	0.00e+00	0.00e+00	4.79e-04	2.54e-04	8.52e-05
 8.87307e+15	9.81e-04	7.64e-02	9.13e-01	9.55e-03	9.59e-05	0.00e+00	0.00e+00	0.00e+00	0.00e+00	5.71e-04	3.02e-04	1.02e-04
 8.91104e+15	1.12e-03	8.20e-02	9.08e-01	8.38e-03	7.76e-05	0.00e+00	0.00e+00	0.00e+00	0.00e+00	6.53e-04	3.46e-04	1.16e-04
 8.94784e+15	1.28e-03	8.78e-02	9.04e-01	7.36e-03	6.25e-05	0.00e+00	0.00e+00	0.00e+00	0.00e+00	7.44e-04	3.94e-04	1.32e-04
 8.99568e+15	1.52e-03	9.60e-02	8.96e-01	6.21e-03	4.73e-05	0.00e+00	0.00e+00	0.00e+00	0.00e+00	8.82e-04	4.67e-04	1.57e-04
 9.04370e+15	1.80e-03	1.05e-01	8.88e-01	5.26e-03	3.63e-05	0.00e+00	0.00e+00	0.00e+00	0.00e+00	1.05e-03	5.55e-04	1.87e-04
 9.08069e+15	2.07e-03	1.13e-01	8.80e-01	4.63e-03	2.95e-05	0.00e+00	0.00e+00	0.00e+00	0.00e+00	1.21e-03	6.38e-04	2.14e-04
