#depth	He	He+	He+2
 1.49634e+10	1.61e-22	1.09e-11	1.00e+00
 4.54887e+10	1.82e-22	1.18e-11	1.00e+00
 7.72350e+10	2.05e-22	1.28e-11	1.00e+00
 1.10251e+11	2.31e-22	1.38e-11	1.00e+00
 1.42623e+11	2.60e-22	1.49e-11	1.00e+00
 1.72705e+11	2.88e-22	1.60e-11	1.00e+00
 2.05956e+11	3.22e-22	1.72e-11	1.00e+00
 2.44121e+11	3.65e-22	1.86e-11	1.00e+00
 2.81778e+11	4.12e-22	2.01e-11	1.00e+00
 3.20941e+11	4.65e-22	2.17e-11	1.00e+00
 3.63705e+11	5.30e-22	2.36e-11	1.00e+00
 4.07261e+11	6.02e-22	2.55e-11	1.00e+00
 4.52559e+11	6.85e-22	2.76e-11	1.00e+00
 5.00588e+11	7.83e-22	3.00e-11	1.00e+00
 5.50538e+11	8.97e-22	3.25e-11	1.00e+00
 6.02487e+11	1.03e-21	3.53e-11	1.00e+00
 6.56513e+11	1.18e-21	3.84e-11	1.00e+00
 7.12700e+11	1.36e-21	4.17e-11	1.00e+00
 7.71135e+11	1.56e-21	4.53e-11	1.00e+00
 8.31907e+11	1.80e-21	4.92e-11	1.00e+00
 8.89225e+11	2.05e-21	5.31e-11	1.00e+00
 9.40756e+11	2.29e-21	5.67e-11	1.00e+00
 9.98706e+11	2.58e-21	6.09e-11	1.00e+00
 1.06705e+12	2.98e-21	6.62e-11	1.00e+00
 1.13528e+12	3.43e-21	7.17e-11	1.00e+00
 1.19971e+12	3.88e-21	7.71e-11	1.00e+00
 1.27109e+12	4.43e-21	8.34e-11	1.00e+00
 1.35187e+12	5.15e-21	9.08e-11	1.00e+00
 1.43281e+12	5.95e-21	9.87e-11	1.00e+00
 1.51699e+12	6.86e-21	1.07e-10	1.00e+00
 1.60760e+12	7.97e-21	1.17e-10	1.00e+00
 1.69266e+12	9.15e-21	1.27e-10	1.00e+00
 1.76873e+12	1.03e-20	1.36e-10	1.00e+00
 1.85427e+12	1.17e-20	1.46e-10	1.00e+00
 1.95563e+12	1.35e-20	1.59e-10	1.00e+00
 2.05727e+12	1.56e-20	1.73e-10	1.00e+00
 2.15216e+12	1.77e-20	1.87e-10	1.00e+00
 2.25736e+12	2.03e-20	2.03e-10	1.00e+00
 2.37758e+12	2.37e-20	2.22e-10	1.00e+00
 2.49562e+12	2.73e-20	2.42e-10	1.00e+00
 2.61837e+12	3.14e-20	2.64e-10	1.00e+00
 2.75303e+12	3.66e-20	2.89e-10	1.00e+00
 2.88846e+12	4.23e-20	3.16e-10	1.00e+00
 3.02929e+12	4.88e-20	3.46e-10	1.00e+00
 3.18039e+12	5.66e-20	3.80e-10	1.00e+00
 3.33031e+12	6.52e-20	4.15e-10	1.00e+00
 3.48623e+12	7.49e-20	4.55e-10	1.00e+00
 3.65561e+12	8.66e-20	5.00e-10	1.00e+00
 3.83176e+12	1.00e-19	5.50e-10	1.00e+00
 4.01496e+12	1.15e-19	6.06e-10	1.00e+00
 4.20548e+12	1.33e-19	6.67e-10	1.00e+00
 4.40363e+12	1.53e-19	7.35e-10	1.00e+00
 4.58325e+12	1.73e-19	8.00e-10	1.00e+00
 4.73358e+12	1.90e-19	8.57e-10	1.00e+00
 4.89857e+12	2.11e-19	9.23e-10	1.00e+00
 5.10663e+12	2.39e-19	1.01e-09	1.00e+00
 5.32319e+12	2.71e-19	1.11e-09	1.00e+00
 5.50883e+12	3.01e-19	1.19e-09	1.00e+00
 5.70174e+12	3.33e-19	1.29e-09	1.00e+00
 5.94196e+12	3.77e-19	1.41e-09	1.00e+00
 6.18526e+12	4.27e-19	1.54e-09	1.00e+00
 6.39732e+12	4.73e-19	1.66e-09	1.00e+00
 6.62715e+12	5.26e-19	1.80e-09	1.00e+00
 6.90716e+12	5.96e-19	1.97e-09	1.00e+00
 7.19220e+12	6.75e-19	2.16e-09	1.00e+00
 7.45365e+12	7.53e-19	2.34e-09	1.00e+00
 7.74465e+12	8.48e-19	2.55e-09	1.00e+00
 8.08227e+12	9.69e-19	2.81e-09	1.00e+00
 8.41550e+12	1.10e-18	3.07e-09	1.00e+00
 8.73450e+12	1.24e-18	3.34e-09	1.00e+00
 9.08625e+12	1.41e-18	3.64e-09	1.00e+00
 9.47963e+12	1.62e-18	4.00e-09	1.00e+00
 9.83718e+12	1.84e-18	4.35e-09	1.00e+00
 1.01380e+13	2.04e-18	4.65e-09	1.00e+00
 1.04687e+13	2.27e-18	4.99e-09	1.00e+00
 1.08420e+13	2.57e-18	5.39e-09	1.00e+00
 1.11992e+13	2.88e-18	5.79e-09	1.00e+00
 1.15924e+13	3.26e-18	6.24e-09	1.00e+00
 1.20291e+13	3.72e-18	6.77e-09	1.00e+00
 1.24385e+13	4.21e-18	7.28e-09	1.00e+00
 1.28864e+13	4.79e-18	7.86e-09	1.00e+00
 1.33902e+13	5.53e-18	8.55e-09	1.00e+00
 1.38714e+13	6.31e-18	9.23e-09	1.00e+00
 1.43989e+13	7.27e-18	1.00e-08	1.00e+00
 1.49582e+13	8.41e-18	1.09e-08	1.00e+00
 1.54475e+13	9.52e-18	1.16e-08	1.00e+00
 1.59699e+13	1.08e-17	1.25e-08	1.00e+00
 1.66053e+13	1.26e-17	1.36e-08	1.00e+00
 1.72383e+13	1.46e-17	1.47e-08	1.00e+00
 1.77966e+13	1.65e-17	1.58e-08	1.00e+00
 1.84078e+13	1.89e-17	1.70e-08	1.00e+00
 1.91432e+13	2.21e-17	1.84e-08	1.00e+00
 1.98791e+13	2.57e-17	2.00e-08	1.00e+00
 2.05482e+13	2.93e-17	2.14e-08	1.00e+00
 2.12916e+13	3.38e-17	2.31e-08	1.00e+00
 2.21611e+13	3.97e-17	2.52e-08	1.00e+00
 2.30187e+13	4.63e-17	2.73e-08	1.00e+00
 2.38295e+13	5.32e-17	2.93e-08	1.00e+00
 2.47316e+13	6.18e-17	3.17e-08	1.00e+00
 2.57508e+13	7.28e-17	3.45e-08	1.00e+00
 2.67744e+13	8.52e-17	3.75e-08	1.00e+00
 2.78388e+13	9.98e-17	4.06e-08	1.00e+00
 2.89823e+13	1.17e-16	4.42e-08	1.00e+00
 3.01715e+13	1.38e-16	4.81e-08	1.00e+00
 3.13421e+13	1.61e-16	5.20e-08	1.00e+00
 3.24309e+13	1.85e-16	5.58e-08	1.00e+00
 3.34134e+13	2.09e-16	5.94e-08	1.00e+00
 3.44668e+13	2.37e-16	6.33e-08	1.00e+00
 3.57784e+13	2.76e-16	6.84e-08	1.00e+00
 3.70936e+13	3.19e-16	7.36e-08	1.00e+00
 3.82243e+13	3.60e-16	7.83e-08	1.00e+00
 3.94470e+13	4.09e-16	8.35e-08	1.00e+00
 4.09558e+13	4.76e-16	9.02e-08	1.00e+00
 4.24646e+13	5.50e-16	9.71e-08	1.00e+00
 4.37679e+13	6.21e-16	1.03e-07	1.00e+00
 4.51760e+13	7.05e-16	1.10e-07	1.00e+00
 4.69063e+13	8.20e-16	1.19e-07	1.00e+00
 4.86519e+13	9.49e-16	1.28e-07	1.00e+00
 5.01989e+13	1.07e-15	1.36e-07	1.00e+00
 5.18914e+13	1.23e-15	1.46e-07	1.00e+00
 5.39200e+13	1.43e-15	1.57e-07	1.00e+00
 5.59405e+13	1.66e-15	1.69e-07	1.00e+00
 5.77814e+13	1.88e-15	1.81e-07	1.00e+00
 5.98339e+13	2.16e-15	1.94e-07	1.00e+00
 6.22288e+13	2.53e-15	2.10e-07	1.00e+00
 6.45889e+13	2.93e-15	2.26e-07	1.00e+00
 6.68233e+13	3.35e-15	2.42e-07	1.00e+00
 6.93060e+13	3.88e-15	2.60e-07	1.00e+00
 7.21081e+13	4.54e-15	2.81e-07	1.00e+00
 7.49240e+13	5.28e-15	3.04e-07	1.00e+00
 7.78525e+13	6.14e-15	3.28e-07	1.00e+00
 8.09965e+13	7.19e-15	3.55e-07	1.00e+00
 8.40424e+13	8.32e-15	3.82e-07	1.00e+00
 8.69095e+13	9.50e-15	4.08e-07	1.00e+00
 9.01151e+13	1.10e-14	4.39e-07	1.00e+00
 9.33454e+13	1.26e-14	4.71e-07	1.00e+00
 9.60306e+13	1.41e-14	4.99e-07	1.00e+00
 9.88748e+13	1.59e-14	5.29e-07	1.00e+00
 1.02507e+14	1.83e-14	5.69e-07	1.00e+00
 1.06315e+14	2.12e-14	6.13e-07	1.00e+00
 1.09685e+14	2.40e-14	6.53e-07	1.00e+00
 1.13335e+14	2.73e-14	6.97e-07	1.00e+00
 1.17721e+14	3.18e-14	7.53e-07	1.00e+00
 1.22164e+14	3.68e-14	8.12e-07	1.00e+00
 1.26330e+14	4.21e-14	8.70e-07	1.00e+00
 1.30958e+14	4.86e-14	9.36e-07	1.00e+00
 1.35858e+14	5.63e-14	1.01e-06	1.00e+00
 1.40215e+14	6.39e-14	1.08e-06	1.00e+00
 1.44905e+14	7.29e-14	1.15e-06	1.00e+00
 1.50521e+14	8.50e-14	1.25e-06	1.00e+00
 1.56047e+14	9.81e-14	1.34e-06	1.00e+00
 1.60973e+14	1.11e-13	1.43e-06	1.00e+00
 1.66418e+14	1.27e-13	1.53e-06	1.00e+00
 1.72900e+14	1.48e-13	1.66e-06	1.00e+00
 1.79325e+14	1.71e-13	1.79e-06	1.00e+00
 1.85203e+14	1.95e-13	1.92e-06	1.00e+00
 1.91774e+14	2.24e-13	2.06e-06	1.00e+00
 1.99413e+14	2.62e-13	2.23e-06	1.00e+00
 2.06913e+14	3.03e-13	2.41e-06	1.00e+00
 2.14014e+14	3.46e-13	2.58e-06	1.00e+00
 2.21907e+14	3.99e-13	2.78e-06	1.00e+00
 2.30813e+14	4.66e-13	3.02e-06	1.00e+00
 2.39269e+14	5.36e-13	3.25e-06	1.00e+00
 2.46972e+14	6.07e-13	3.47e-06	1.00e+00
 2.55686e+14	6.94e-13	3.72e-06	1.00e+00
 2.65838e+14	8.08e-13	4.03e-06	1.00e+00
 2.75579e+14	9.28e-13	4.34e-06	1.00e+00
 2.83644e+14	1.04e-12	4.60e-06	1.00e+00
 2.91812e+14	1.16e-12	4.88e-06	1.00e+00
 3.02372e+14	1.32e-12	5.25e-06	1.00e+00
 3.13295e+14	1.52e-12	5.64e-06	1.00e+00
 3.22544e+14	1.69e-12	5.98e-06	1.00e+00
 3.32363e+14	1.90e-12	6.36e-06	1.00e+00
 3.44686e+14	2.18e-12	6.85e-06	1.00e+00
 3.57389e+14	2.50e-12	7.38e-06	1.00e+00
 3.68559e+14	2.80e-12	7.85e-06	1.00e+00
 3.80613e+14	3.16e-12	8.38e-06	1.00e+00
 3.95190e+14	3.64e-12	9.05e-06	1.00e+00
 4.09658e+14	4.16e-12	9.74e-06	1.00e+00
 4.22483e+14	4.66e-12	1.04e-05	1.00e+00
 4.36559e+14	5.27e-12	1.11e-05	1.00e+00
 4.53421e+14	6.06e-12	1.20e-05	1.00e+00
 4.70186e+14	6.94e-12	1.29e-05	1.00e+00
 4.85392e+14	7.80e-12	1.38e-05	1.00e+00
 5.02289e+14	8.86e-12	1.48e-05	1.00e+00
 5.22091e+14	1.02e-11	1.60e-05	1.00e+00
 5.41607e+14	1.17e-11	1.73e-05	1.00e+00
 5.59874e+14	1.33e-11	1.85e-05	1.00e+00
 5.80270e+14	1.52e-11	1.99e-05	1.00e+00
 6.03511e+14	1.76e-11	2.16e-05	1.00e+00
 6.26621e+14	2.02e-11	2.34e-05	1.00e+00
 6.50655e+14	2.33e-11	2.53e-05	1.00e+00
 6.75989e+14	2.70e-11	2.74e-05	1.00e+00
 6.97335e+14	3.04e-11	2.93e-05	1.00e+00
 7.13988e+14	3.33e-11	3.08e-05	1.00e+00
 7.32087e+14	3.66e-11	3.25e-05	1.00e+00
 7.55616e+14	4.15e-11	3.48e-05	1.00e+00
 7.81110e+14	4.72e-11	3.74e-05	1.00e+00
 8.04102e+14	5.29e-11	3.98e-05	1.00e+00
 8.28937e+14	5.97e-11	4.25e-05	1.00e+00
 8.59848e+14	6.91e-11	4.61e-05	1.00e+00
 8.90966e+14	7.97e-11	4.98e-05	1.00e+00
 9.17911e+14	8.98e-11	5.32e-05	1.00e+00
 9.47123e+14	1.02e-10	5.70e-05	1.00e+00
 9.82921e+14	1.19e-10	6.19e-05	1.00e+00
 1.01912e+15	1.38e-10	6.71e-05	1.00e+00
 1.05133e+15	1.57e-10	7.20e-05	1.00e+00
 1.08655e+15	1.80e-10	7.75e-05	1.00e+00
 1.12859e+15	2.11e-10	8.44e-05	1.00e+00
 1.17017e+15	2.46e-10	9.15e-05	1.00e+00
 1.20777e+15	2.81e-10	9.83e-05	1.00e+00
 1.24952e+15	3.25e-10	1.06e-04	1.00e+00
 1.29860e+15	3.83e-10	1.16e-04	1.00e+00
 1.34698e+15	4.47e-10	1.26e-04	1.00e+00
 1.39200e+15	5.15e-10	1.35e-04	1.00e+00
 1.44241e+15	6.00e-10	1.47e-04	1.00e+00
 1.50014e+15	7.10e-10	1.61e-04	1.00e+00
 1.55705e+15	8.34e-10	1.75e-04	1.00e+00
 1.61624e+15	9.80e-10	1.90e-04	1.00e+00
 1.67009e+15	1.13e-09	2.05e-04	1.00e+00
 1.71032e+15	1.25e-09	2.16e-04	1.00e+00
 1.75190e+15	1.39e-09	2.28e-04	1.00e+00
 1.80596e+15	1.59e-09	2.44e-04	1.00e+00
 1.86469e+15	1.82e-09	2.62e-04	1.00e+00
 1.91788e+15	2.06e-09	2.79e-04	1.00e+00
 1.97540e+15	2.34e-09	2.98e-04	1.00e+00
 2.04809e+15	2.74e-09	3.24e-04	1.00e+00
 2.12109e+15	3.19e-09	3.50e-04	1.00e+00
 2.18257e+15	3.60e-09	3.73e-04	1.00e+00
 2.24848e+15	4.10e-09	3.98e-04	1.00e+00
 2.33147e+15	4.80e-09	4.32e-04	1.00e+00
 2.41864e+15	5.62e-09	4.68e-04	1.00e+00
 2.49743e+15	6.46e-09	5.03e-04	9.99e-01
 2.58331e+15	7.48e-09	5.42e-04	9.99e-01
 2.68451e+15	8.82e-09	5.90e-04	9.99e-01
 2.78334e+15	1.03e-08	6.38e-04	9.99e-01
 2.87357e+15	1.18e-08	6.84e-04	9.99e-01
 2.97486e+15	1.37e-08	7.38e-04	9.99e-01
 3.09278e+15	1.62e-08	8.03e-04	9.99e-01
 3.20876e+15	1.89e-08	8.70e-04	9.99e-01
 3.31836e+15	2.18e-08	9.35e-04	9.99e-01
 3.41405e+15	2.46e-08	9.94e-04	9.99e-01
 3.49364e+15	2.71e-08	1.04e-03	9.99e-01
 3.58146e+15	3.01e-08	1.10e-03	9.99e-01
 3.69562e+15	3.44e-08	1.18e-03	9.99e-01
 3.81556e+15	3.93e-08	1.26e-03	9.99e-01
 3.91817e+15	4.38e-08	1.34e-03	9.99e-01
 4.02675e+15	4.92e-08	1.42e-03	9.99e-01
 4.16790e+15	5.68e-08	1.52e-03	9.98e-01
 4.31318e+15	6.54e-08	1.64e-03	9.98e-01
 4.43425e+15	7.34e-08	1.74e-03	9.98e-01
 4.56208e+15	8.26e-08	1.84e-03	9.98e-01
 4.72704e+15	9.58e-08	1.99e-03	9.98e-01
 4.89988e+15	1.11e-07	2.14e-03	9.98e-01
 5.04938e+15	1.26e-07	2.28e-03	9.98e-01
 5.20888e+15	1.43e-07	2.44e-03	9.98e-01
 5.40503e+15	1.67e-07	2.64e-03	9.97e-01
 5.60012e+15	1.93e-07	2.84e-03	9.97e-01
 5.77085e+15	2.18e-07	3.02e-03	9.97e-01
 5.95862e+15	2.49e-07	3.23e-03	9.97e-01
 6.18606e+15	2.91e-07	3.50e-03	9.97e-01
 6.40940e+15	3.36e-07	3.76e-03	9.96e-01
 6.59888e+15	3.78e-07	4.00e-03	9.96e-01
 6.76282e+15	4.18e-07	4.21e-03	9.96e-01
 6.93878e+15	4.65e-07	4.45e-03	9.96e-01
 7.13399e+15	5.21e-07	4.72e-03	9.95e-01
 7.31916e+15	5.78e-07	4.98e-03	9.95e-01
 7.52482e+15	6.50e-07	5.30e-03	9.95e-01
 7.74642e+15	7.31e-07	5.63e-03	9.94e-01
 7.94910e+15	8.11e-07	5.95e-03	9.94e-01
 8.17293e+15	9.13e-07	6.34e-03	9.94e-01
 8.41835e+15	1.03e-06	6.77e-03	9.93e-01
 8.64875e+15	1.15e-06	7.19e-03	9.93e-01
 8.90516e+15	1.31e-06	7.72e-03	9.92e-01
 9.17552e+15	1.48e-06	8.26e-03	9.92e-01
 9.40972e+15	1.64e-06	8.77e-03	9.91e-01
 9.65986e+15	1.85e-06	9.38e-03	9.91e-01
 9.93576e+15	2.09e-06	1.01e-02	9.90e-01
 1.01892e+16	2.33e-06	1.07e-02	9.89e-01
 1.04267e+16	2.59e-06	1.14e-02	9.89e-01
 1.06995e+16	2.94e-06	1.23e-02	9.88e-01
 1.09784e+16	3.30e-06	1.32e-02	9.87e-01
 1.12077e+16	3.64e-06	1.41e-02	9.86e-01
 1.14485e+16	4.07e-06	1.51e-02	9.85e-01
 1.17094e+16	4.57e-06	1.63e-02	9.84e-01
 1.19417e+16	5.07e-06	1.74e-02	9.83e-01
 1.21553e+16	5.59e-06	1.86e-02	9.81e-01
 1.23996e+16	6.33e-06	2.01e-02	9.80e-01
 1.26581e+16	7.14e-06	2.19e-02	9.78e-01
 1.28823e+16	7.98e-06	2.37e-02	9.76e-01
 1.30873e+16	8.90e-06	2.55e-02	9.75e-01
 1.32885e+16	9.90e-06	2.75e-02	9.72e-01
 1.35186e+16	1.14e-05	3.02e-02	9.70e-01
 1.37578e+16	1.30e-05	3.34e-02	9.67e-01
 1.39592e+16	1.47e-05	3.66e-02	9.63e-01
 1.41398e+16	1.67e-05	3.99e-02	9.60e-01
 1.43430e+16	1.90e-05	4.43e-02	9.56e-01
 1.45618e+16	2.25e-05	4.99e-02	9.50e-01
 1.47433e+16	2.59e-05	5.55e-02	9.44e-01
 1.48912e+16	2.93e-05	6.09e-02	9.39e-01
 1.50532e+16	3.36e-05	6.80e-02	9.32e-01
 1.52313e+16	3.96e-05	7.73e-02	9.23e-01
 1.53868e+16	4.71e-05	8.72e-02	9.13e-01
 1.55022e+16	5.32e-05	9.61e-02	9.04e-01
 1.56088e+16	5.97e-05	1.06e-01	8.94e-01
 1.57475e+16	7.06e-05	1.21e-01	8.79e-01
 1.58724e+16	8.29e-05	1.37e-01	8.63e-01
 1.59476e+16	9.30e-05	1.48e-01	8.52e-01
 1.59985e+16	9.98e-05	1.57e-01	8.43e-01
 1.60496e+16	1.08e-04	1.66e-01	8.34e-01
 1.61160e+16	1.19e-04	1.80e-01	8.20e-01
 1.62024e+16	1.37e-04	2.00e-01	8.00e-01
 1.62871e+16	1.56e-04	2.22e-01	7.78e-01
 1.63503e+16	1.74e-04	2.41e-01	7.59e-01
 1.64034e+16	1.90e-04	2.59e-01	7.41e-01
 1.64631e+16	2.12e-04	2.81e-01	7.19e-01
 1.65293e+16	2.38e-04	3.07e-01	6.92e-01
 1.65904e+16	2.65e-04	3.35e-01	6.65e-01
 1.66563e+16	3.01e-04	3.67e-01	6.33e-01
 1.67211e+16	3.37e-04	4.01e-01	5.99e-01
 1.67739e+16	3.71e-04	4.30e-01	5.69e-01
 1.68319e+16	4.12e-04	4.65e-01	5.35e-01
 1.68965e+16	4.60e-04	5.04e-01	4.95e-01
 1.69579e+16	5.10e-04	5.43e-01	4.57e-01
 1.70258e+16	5.70e-04	5.86e-01	4.13e-01
 1.70991e+16	6.35e-04	6.31e-01	3.68e-01
 1.71667e+16	6.98e-04	6.72e-01	3.27e-01
 1.72416e+16	7.70e-04	7.15e-01	2.85e-01
 1.73391e+16	8.62e-04	7.64e-01	2.35e-01
 1.74425e+16	9.56e-04	8.08e-01	1.91e-01
 1.75372e+16	1.04e-03	8.42e-01	1.57e-01
 1.76437e+16	1.13e-03	8.74e-01	1.25e-01
 1.77429e+16	1.22e-03	8.96e-01	1.03e-01
 1.78116e+16	1.27e-03	9.09e-01	8.99e-02
 1.78800e+16	1.33e-03	9.21e-01	7.82e-02
 1.79690e+16	1.40e-03	9.33e-01	6.54e-02
 1.80676e+16	1.48e-03	9.44e-01	5.44e-02
 1.81571e+16	1.56e-03	9.52e-01	4.62e-02
 1.82377e+16	1.63e-03	9.58e-01	4.01e-02
 1.83285e+16	1.72e-03	9.64e-01	3.41e-02
 1.84217e+16	1.81e-03	9.69e-01	2.93e-02
 1.84959e+16	1.89e-03	9.72e-01	2.60e-02
 1.85593e+16	1.96e-03	9.75e-01	2.35e-02
 1.86308e+16	2.04e-03	9.77e-01	2.09e-02
 1.87110e+16	2.14e-03	9.79e-01	1.85e-02
 1.87840e+16	2.24e-03	9.81e-01	1.67e-02
 1.88470e+16	2.33e-03	9.82e-01	1.52e-02
 1.89159e+16	2.44e-03	9.84e-01	1.37e-02
 1.89912e+16	2.56e-03	9.85e-01	1.24e-02
 1.90568e+16	2.68e-03	9.86e-01	1.13e-02
 1.91129e+16	2.79e-03	9.87e-01	1.05e-02
 1.91746e+16	2.92e-03	9.87e-01	9.64e-03
 1.92426e+16	3.08e-03	9.88e-01	8.82e-03
 1.93030e+16	3.23e-03	9.89e-01	8.18e-03
 1.93547e+16	3.38e-03	9.89e-01	7.66e-03
 1.94110e+16	3.54e-03	9.89e-01	7.12e-03
 1.94733e+16	3.74e-03	9.90e-01	6.59e-03
 1.95289e+16	3.94e-03	9.90e-01	6.18e-03
 1.95762e+16	4.13e-03	9.90e-01	5.83e-03
 1.96276e+16	4.34e-03	9.90e-01	5.47e-03
 1.96847e+16	4.61e-03	9.90e-01	5.11e-03
 1.97361e+16	4.87e-03	9.90e-01	4.82e-03
 1.97803e+16	5.13e-03	9.90e-01	4.58e-03
 1.98283e+16	5.42e-03	9.90e-01	4.33e-03
 1.98816e+16	5.79e-03	9.90e-01	4.07e-03
 1.99300e+16	6.18e-03	9.90e-01	3.86e-03
 1.99727e+16	6.54e-03	9.90e-01	3.68e-03
 2.00201e+16	7.00e-03	9.90e-01	3.48e-03
 2.00728e+16	7.59e-03	9.89e-01	3.28e-03
 2.01211e+16	8.21e-03	9.89e-01	3.12e-03
 2.01649e+16	8.83e-03	9.88e-01	2.97e-03
 2.02141e+16	9.65e-03	9.88e-01	2.81e-03
 2.02667e+16	1.07e-02	9.87e-01	2.66e-03
 2.03107e+16	1.17e-02	9.86e-01	2.54e-03
 2.03469e+16	1.27e-02	9.85e-01	2.44e-03
 2.03800e+16	1.38e-02	9.84e-01	2.36e-03
 2.04123e+16	1.50e-02	9.83e-01	2.28e-03
 2.04441e+16	1.63e-02	9.81e-01	2.21e-03
 2.04746e+16	1.79e-02	9.80e-01	2.13e-03
 2.05029e+16	1.95e-02	9.78e-01	2.07e-03
 2.05294e+16	2.13e-02	9.77e-01	2.02e-03
 2.05549e+16	2.32e-02	9.75e-01	1.97e-03
 2.05797e+16	2.54e-02	9.73e-01	1.92e-03
 2.06038e+16	2.79e-02	9.70e-01	1.88e-03
 2.06266e+16	3.08e-02	9.67e-01	1.83e-03
 2.06481e+16	3.38e-02	9.64e-01	1.81e-03
 2.06718e+16	3.76e-02	9.61e-01	1.77e-03
 2.06970e+16	4.26e-02	9.56e-01	1.73e-03
 2.07176e+16	4.78e-02	9.51e-01	1.71e-03
 2.07341e+16	5.24e-02	9.46e-01	1.70e-03
 2.07518e+16	5.80e-02	9.40e-01	1.68e-03
 2.07715e+16	6.55e-02	9.33e-01	1.66e-03
 2.07891e+16	7.35e-02	9.25e-01	1.66e-03
 2.08036e+16	8.12e-02	9.17e-01	1.66e-03
 2.08181e+16	9.00e-02	9.08e-01	1.66e-03
 2.08335e+16	1.01e-01	8.98e-01	1.66e-03
 2.08477e+16	1.12e-01	8.86e-01	1.67e-03
 2.08601e+16	1.24e-01	8.75e-01	1.68e-03
 2.08712e+16	1.35e-01	8.63e-01	1.70e-03
 2.08813e+16	1.47e-01	8.52e-01	1.72e-03
 2.08905e+16	1.58e-01	8.40e-01	1.73e-03
 2.08992e+16	1.71e-01	8.28e-01	1.74e-03
 2.09061e+16	1.80e-01	8.18e-01	1.76e-03
 2.09106e+16	1.88e-01	8.11e-01	1.77e-03
 2.09148e+16	1.95e-01	8.04e-01	1.78e-03
 2.09196e+16	2.03e-01	7.95e-01	1.79e-03
 2.09249e+16	2.13e-01	7.86e-01	1.80e-03
 2.09300e+16	2.22e-01	7.76e-01	1.81e-03
 2.09348e+16	2.31e-01	7.67e-01	1.83e-03
 2.09395e+16	2.41e-01	7.57e-01	1.83e-03
 2.09442e+16	2.51e-01	7.47e-01	1.85e-03
 2.09489e+16	2.62e-01	7.36e-01	1.86e-03
 2.09536e+16	2.73e-01	7.25e-01	1.87e-03
 2.09582e+16	2.84e-01	7.14e-01	1.88e-03
 2.09628e+16	2.96e-01	7.02e-01	1.89e-03
 2.09673e+16	3.08e-01	6.90e-01	1.91e-03
 2.09716e+16	3.20e-01	6.79e-01	1.92e-03
 2.09761e+16	3.32e-01	6.66e-01	1.92e-03
 2.09805e+16	3.45e-01	6.53e-01	1.94e-03
 2.09848e+16	3.58e-01	6.40e-01	1.94e-03
 2.09891e+16	3.71e-01	6.27e-01	1.96e-03
 2.09933e+16	3.85e-01	6.13e-01	1.96e-03
 2.09976e+16	3.99e-01	5.99e-01	1.97e-03
 2.10018e+16	4.13e-01	5.85e-01	1.97e-03
 2.10058e+16	4.27e-01	5.71e-01	1.98e-03
 2.10099e+16	4.41e-01	5.57e-01	1.98e-03
 2.10140e+16	4.56e-01	5.42e-01	1.98e-03
 2.10181e+16	4.71e-01	5.27e-01	1.98e-03
 2.10221e+16	4.85e-01	5.13e-01	1.99e-03
 2.10260e+16	5.00e-01	4.98e-01	1.98e-03
 2.10298e+16	5.15e-01	4.84e-01	1.98e-03
 2.10337e+16	5.29e-01	4.69e-01	1.98e-03
 2.10374e+16	5.44e-01	4.54e-01	1.97e-03
 2.10412e+16	5.58e-01	4.40e-01	1.96e-03
 2.10449e+16	5.73e-01	4.25e-01	1.95e-03
 2.10485e+16	5.87e-01	4.11e-01	1.94e-03
 2.10521e+16	6.01e-01	3.98e-01	1.93e-03
 2.10556e+16	6.14e-01	3.84e-01	1.92e-03
 2.10590e+16	6.27e-01	3.71e-01	1.91e-03
 2.10624e+16	6.40e-01	3.58e-01	1.89e-03
 2.10658e+16	6.53e-01	3.45e-01	1.87e-03
 2.10692e+16	6.66e-01	3.32e-01	1.85e-03
 2.10725e+16	6.78e-01	3.20e-01	1.83e-03
 2.10759e+16	6.90e-01	3.08e-01	1.81e-03
 2.10791e+16	7.02e-01	2.96e-01	1.78e-03
 2.10824e+16	7.14e-01	2.84e-01	1.76e-03
 2.10856e+16	7.25e-01	2.73e-01	1.73e-03
 2.10888e+16	7.36e-01	2.63e-01	1.70e-03
 2.10920e+16	7.46e-01	2.52e-01	1.67e-03
 2.10953e+16	7.57e-01	2.41e-01	1.64e-03
 2.10985e+16	7.67e-01	2.31e-01	1.61e-03
 2.11017e+16	7.77e-01	2.22e-01	1.58e-03
 2.11049e+16	7.86e-01	2.12e-01	1.55e-03
 2.11082e+16	7.96e-01	2.03e-01	1.51e-03
 2.11114e+16	8.05e-01	1.94e-01	1.48e-03
 2.11143e+16	8.12e-01	1.86e-01	1.44e-03
 2.11166e+16	8.18e-01	1.81e-01	1.42e-03
 2.11186e+16	8.23e-01	1.75e-01	1.39e-03
 2.11207e+16	8.29e-01	1.70e-01	1.37e-03
 2.11230e+16	8.34e-01	1.65e-01	1.34e-03
 2.11252e+16	8.39e-01	1.60e-01	1.31e-03
 2.11273e+16	8.44e-01	1.55e-01	1.29e-03
 2.11292e+16	8.48e-01	1.51e-01	1.26e-03
 2.11312e+16	8.52e-01	1.47e-01	1.24e-03
 2.11332e+16	8.56e-01	1.42e-01	1.22e-03
 2.11352e+16	8.60e-01	1.39e-01	1.19e-03
 2.11371e+16	8.64e-01	1.35e-01	1.17e-03
 2.11390e+16	8.67e-01	1.31e-01	1.15e-03
 2.11408e+16	8.71e-01	1.28e-01	1.13e-03
 2.11427e+16	8.74e-01	1.25e-01	1.11e-03
 2.11446e+16	8.77e-01	1.22e-01	1.09e-03
 2.11464e+16	8.80e-01	1.19e-01	1.07e-03
 2.11483e+16	8.83e-01	1.16e-01	1.05e-03
 2.11501e+16	8.86e-01	1.13e-01	1.03e-03
 2.11520e+16	8.89e-01	1.10e-01	1.01e-03
 2.11538e+16	8.91e-01	1.08e-01	9.88e-04
 2.11558e+16	8.94e-01	1.05e-01	9.69e-04
 2.11577e+16	8.96e-01	1.03e-01	9.49e-04
 2.11597e+16	8.99e-01	1.00e-01	9.30e-04
 2.11618e+16	9.01e-01	9.77e-02	9.11e-04
 2.11640e+16	9.04e-01	9.52e-02	8.91e-04
 2.11662e+16	9.06e-01	9.27e-02	8.71e-04
 2.11686e+16	9.09e-01	9.03e-02	8.51e-04
 2.11713e+16	9.11e-01	8.77e-02	8.30e-04
 2.11742e+16	9.14e-01	8.51e-02	8.08e-04
 2.11774e+16	9.17e-01	8.23e-02	7.84e-04
 2.11812e+16	9.20e-01	7.94e-02	7.59e-04
 2.11856e+16	9.23e-01	7.63e-02	7.31e-04
 2.11905e+16	9.26e-01	7.33e-02	7.04e-04
 2.11955e+16	9.29e-01	7.06e-02	6.78e-04
 2.12007e+16	9.31e-01	6.80e-02	6.53e-04
 2.12062e+16	9.34e-01	6.57e-02	6.29e-04
 2.12117e+16	9.36e-01	6.37e-02	6.08e-04
 2.12166e+16	9.37e-01	6.20e-02	5.91e-04
 2.12221e+16	9.39e-01	6.04e-02	5.72e-04
 2.12280e+16	9.40e-01	5.90e-02	5.57e-04
 2.12334e+16	9.42e-01	5.78e-02	5.44e-04
 2.12393e+16	9.43e-01	5.66e-02	5.30e-04
 2.12469e+16	9.44e-01	5.53e-02	5.15e-04
 2.12552e+16	9.45e-01	5.43e-02	5.03e-04
 2.12627e+16	9.46e-01	5.34e-02	4.90e-04
 2.12709e+16	9.47e-01	5.25e-02	4.78e-04
 2.12816e+16	9.48e-01	5.16e-02	4.66e-04
 2.12955e+16	9.49e-01	5.06e-02	4.51e-04
 2.13105e+16	9.50e-01	4.97e-02	4.37e-04
 2.13242e+16	9.51e-01	4.89e-02	4.25e-04
 2.13392e+16	9.51e-01	4.82e-02	4.12e-04
 2.13553e+16	9.52e-01	4.75e-02	4.00e-04
 2.13700e+16	9.53e-01	4.68e-02	3.88e-04
 2.13862e+16	9.54e-01	4.61e-02	3.77e-04
 2.14036e+16	9.54e-01	4.54e-02	3.65e-04
 2.14194e+16	9.55e-01	4.47e-02	3.54e-04
 2.14338e+16	9.55e-01	4.42e-02	3.45e-04
 2.14496e+16	9.56e-01	4.35e-02	3.34e-04
 2.14666e+16	9.57e-01	4.29e-02	3.24e-04
 2.14822e+16	9.57e-01	4.23e-02	3.14e-04
 2.14963e+16	9.58e-01	4.17e-02	3.06e-04
 2.15117e+16	9.59e-01	4.11e-02	2.97e-04
 2.15284e+16	9.59e-01	4.05e-02	2.88e-04
 2.15436e+16	9.60e-01	3.99e-02	2.79e-04
 2.15575e+16	9.60e-01	3.94e-02	2.72e-04
 2.15701e+16	9.61e-01	3.89e-02	2.65e-04
 2.15839e+16	9.61e-01	3.84e-02	2.58e-04
 2.15987e+16	9.62e-01	3.79e-02	2.51e-04
 2.16123e+16	9.62e-01	3.74e-02	2.44e-04
 2.16246e+16	9.63e-01	3.70e-02	2.38e-04
 2.16381e+16	9.63e-01	3.65e-02	2.32e-04
 2.16527e+16	9.64e-01	3.60e-02	2.25e-04
 2.16660e+16	9.64e-01	3.55e-02	2.20e-04
 2.16781e+16	9.65e-01	3.51e-02	2.14e-04
 2.16913e+16	9.65e-01	3.46e-02	2.08e-04
 2.17056e+16	9.66e-01	3.42e-02	2.03e-04
 2.17186e+16	9.66e-01	3.38e-02	1.98e-04
 2.17304e+16	9.66e-01	3.34e-02	1.93e-04
 2.17434e+16	9.67e-01	3.29e-02	1.88e-04
 2.17574e+16	9.67e-01	3.25e-02	1.83e-04
 2.17701e+16	9.68e-01	3.21e-02	1.79e-04
 2.17841e+16	9.68e-01	3.17e-02	1.73e-04
 2.17992e+16	9.69e-01	3.12e-02	1.69e-04
 2.18129e+16	9.69e-01	3.08e-02	1.64e-04
 2.18253e+16	9.69e-01	3.04e-02	1.60e-04
 2.18390e+16	9.70e-01	3.00e-02	1.56e-04
 2.18538e+16	9.70e-01	2.96e-02	1.52e-04
 2.18672e+16	9.71e-01	2.92e-02	1.48e-04
 2.18819e+16	9.71e-01	2.88e-02	1.43e-04
 2.18978e+16	9.71e-01	2.84e-02	1.39e-04
 2.19123e+16	9.72e-01	2.80e-02	1.36e-04
 2.19281e+16	9.72e-01	2.76e-02	1.32e-04
 2.19452e+16	9.73e-01	2.72e-02	1.28e-04
 2.19608e+16	9.73e-01	2.68e-02	1.24e-04
 2.19750e+16	9.73e-01	2.65e-02	1.21e-04
 2.19905e+16	9.74e-01	2.61e-02	1.17e-04
 2.20073e+16	9.74e-01	2.57e-02	1.14e-04
 2.20225e+16	9.75e-01	2.54e-02	1.11e-04
 2.20392e+16	9.75e-01	2.50e-02	1.07e-04
 2.20573e+16	9.75e-01	2.46e-02	1.04e-04
 2.20737e+16	9.76e-01	2.42e-02	1.01e-04
 2.20886e+16	9.76e-01	2.39e-02	9.86e-05
 2.21050e+16	9.76e-01	2.36e-02	9.57e-05
 2.21227e+16	9.77e-01	2.32e-02	9.29e-05
 2.21388e+16	9.77e-01	2.29e-02	9.03e-05
 2.21564e+16	9.77e-01	2.25e-02	8.75e-05
 2.21754e+16	9.78e-01	2.22e-02	8.48e-05
 2.21927e+16	9.78e-01	2.18e-02	8.24e-05
 2.22117e+16	9.78e-01	2.15e-02	7.96e-05
 2.22322e+16	9.79e-01	2.11e-02	7.70e-05
 2.22508e+16	9.79e-01	2.08e-02	7.47e-05
 2.22678e+16	9.79e-01	2.05e-02	7.26e-05
 2.22864e+16	9.80e-01	2.02e-02	7.04e-05
 2.23064e+16	9.80e-01	1.99e-02	6.81e-05
 2.23247e+16	9.80e-01	1.96e-02	6.62e-05
 2.23447e+16	9.81e-01	1.92e-02	6.40e-05
 2.23663e+16	9.81e-01	1.89e-02	6.19e-05
 2.23860e+16	9.81e-01	1.86e-02	6.00e-05
 2.24075e+16	9.82e-01	1.83e-02	5.79e-05
 2.24308e+16	9.82e-01	1.80e-02	5.59e-05
 2.24519e+16	9.82e-01	1.77e-02	5.41e-05
 2.24712e+16	9.83e-01	1.74e-02	5.25e-05
 2.24923e+16	9.83e-01	1.71e-02	5.08e-05
 2.25151e+16	9.83e-01	1.68e-02	4.91e-05
 2.25358e+16	9.83e-01	1.66e-02	4.76e-05
 2.25585e+16	9.84e-01	1.63e-02	4.59e-05
 2.25831e+16	9.84e-01	1.60e-02	4.43e-05
 2.26054e+16	9.84e-01	1.57e-02	4.29e-05
 2.26298e+16	9.85e-01	1.54e-02	4.13e-05
 2.26562e+16	9.85e-01	1.51e-02	3.97e-05
 2.26803e+16	9.85e-01	1.49e-02	3.84e-05
 2.27066e+16	9.85e-01	1.46e-02	3.69e-05
 2.27350e+16	9.86e-01	1.43e-02	3.55e-05
 2.27609e+16	9.86e-01	1.40e-02	3.42e-05
 2.27892e+16	9.86e-01	1.37e-02	3.28e-05
 2.28198e+16	9.87e-01	1.35e-02	3.15e-05
 2.28477e+16	9.87e-01	1.32e-02	3.03e-05
 2.28730e+16	9.87e-01	1.30e-02	2.93e-05
 2.29008e+16	9.87e-01	1.27e-02	2.82e-05
 2.29308e+16	9.88e-01	1.25e-02	2.71e-05
 2.29580e+16	9.88e-01	1.22e-02	2.62e-05
 2.29879e+16	9.88e-01	1.20e-02	2.51e-05
 2.30202e+16	9.88e-01	1.17e-02	2.41e-05
 2.30496e+16	9.88e-01	1.15e-02	2.32e-05
 2.30817e+16	9.89e-01	1.13e-02	2.22e-05
 2.31165e+16	9.89e-01	1.10e-02	2.13e-05
 2.31481e+16	9.89e-01	1.08e-02	2.04e-05
 2.31827e+16	9.89e-01	1.06e-02	1.95e-05
 2.32201e+16	9.90e-01	1.03e-02	1.86e-05
 2.32542e+16	9.90e-01	1.01e-02	1.79e-05
 2.32915e+16	9.90e-01	9.86e-03	1.71e-05
 2.33317e+16	9.90e-01	9.62e-03	1.63e-05
 2.33684e+16	9.91e-01	9.42e-03	1.56e-05
 2.34085e+16	9.91e-01	9.18e-03	1.48e-05
 2.34518e+16	9.91e-01	8.95e-03	1.41e-05
 2.34913e+16	9.91e-01	8.75e-03	1.35e-05
 2.35345e+16	9.91e-01	8.52e-03	1.28e-05
 2.35812e+16	9.92e-01	8.29e-03	1.21e-05
 2.36236e+16	9.92e-01	8.10e-03	1.16e-05
 2.36701e+16	9.92e-01	7.88e-03	1.09e-05
 2.37204e+16	9.92e-01	7.66e-03	1.04e-05
 2.37661e+16	9.93e-01	7.47e-03	9.86e-06
 2.38162e+16	9.93e-01	7.26e-03	9.31e-06
 2.38702e+16	9.93e-01	7.05e-03	8.79e-06
 2.39195e+16	9.93e-01	6.86e-03	8.34e-06
 2.39734e+16	9.93e-01	6.66e-03	7.86e-06
 2.40435e+16	9.94e-01	6.40e-03	7.27e-06
 2.41235e+16	9.94e-01	6.14e-03	6.69e-06
 2.42040e+16	9.94e-01	5.88e-03	6.16e-06
 2.42860e+16	9.94e-01	5.64e-03	5.66e-06
 2.43716e+16	9.95e-01	5.40e-03	5.19e-06
 2.44607e+16	9.95e-01	5.16e-03	4.75e-06
 2.45529e+16	9.95e-01	4.93e-03	4.34e-06
 2.46484e+16	9.95e-01	4.71e-03	3.96e-06
 2.47470e+16	9.96e-01	4.49e-03	3.60e-06
 2.48479e+16	9.96e-01	4.28e-03	3.28e-06
 2.49504e+16	9.96e-01	4.08e-03	2.98e-06
 2.50547e+16	9.96e-01	3.88e-03	2.71e-06
 2.51610e+16	9.96e-01	3.70e-03	2.46e-06
 2.52693e+16	9.96e-01	3.52e-03	2.23e-06
 2.53796e+16	9.97e-01	3.35e-03	2.02e-06
 2.54918e+16	9.97e-01	3.19e-03	1.83e-06
 2.56062e+16	9.97e-01	3.03e-03	1.66e-06
 2.57209e+16	9.97e-01	2.89e-03	1.50e-06
 2.58373e+16	9.97e-01	2.74e-03	1.36e-06
 2.59579e+16	9.97e-01	2.61e-03	1.23e-06
 2.60816e+16	9.98e-01	2.47e-03	1.11e-06
 2.62073e+16	9.98e-01	2.35e-03	9.99e-07
 2.63350e+16	9.98e-01	2.23e-03	9.00e-07
 2.64650e+16	9.98e-01	2.11e-03	8.09e-07
 2.65976e+16	9.98e-01	2.00e-03	7.27e-07
 2.67328e+16	9.98e-01	1.89e-03	6.53e-07
 2.68707e+16	9.98e-01	1.79e-03	5.85e-07
 2.70114e+16	9.98e-01	1.70e-03	5.24e-07
 2.71550e+16	9.98e-01	1.60e-03	4.69e-07
 2.73016e+16	9.98e-01	1.51e-03	4.18e-07
 2.74512e+16	9.99e-01	1.43e-03	3.73e-07
 2.76041e+16	9.99e-01	1.35e-03	3.32e-07
 2.77602e+16	9.99e-01	1.27e-03	2.95e-07
 2.79198e+16	9.99e-01	1.20e-03	2.62e-07
 2.80832e+16	9.99e-01	1.12e-03	2.32e-07
 2.82503e+16	9.99e-01	1.06e-03	2.05e-07
 2.84216e+16	9.99e-01	9.93e-04	1.81e-07
 2.85970e+16	9.99e-01	9.31e-04	1.59e-07
 2.87770e+16	9.99e-01	8.72e-04	1.39e-07
 2.89617e+16	9.99e-01	8.15e-04	1.22e-07
 2.91514e+16	9.99e-01	7.62e-04	1.07e-07
 2.93465e+16	9.99e-01	7.10e-04	9.27e-08
 2.95475e+16	9.99e-01	6.62e-04	8.05e-08
 2.97504e+16	9.99e-01	6.17e-04	7.00e-08
 2.99586e+16	9.99e-01	5.74e-04	6.05e-08
 3.01793e+16	9.99e-01	5.31e-04	5.18e-08
 3.04099e+16	1.00e+00	4.90e-04	4.42e-08
 3.06478e+16	1.00e+00	4.52e-04	3.75e-08
 3.08942e+16	1.00e+00	4.15e-04	3.17e-08
 3.11510e+16	1.00e+00	3.81e-04	2.66e-08
 3.14197e+16	1.00e+00	3.48e-04	2.22e-08
 3.17013e+16	1.00e+00	3.16e-04	1.83e-08
 3.19980e+16	1.00e+00	2.86e-04	1.50e-08
 3.23113e+16	1.00e+00	2.58e-04	1.22e-08
 3.26425e+16	1.00e+00	2.31e-04	9.76e-09
 3.29970e+16	1.00e+00	2.06e-04	7.72e-09
 3.33779e+16	1.00e+00	1.81e-04	6.00e-09
 3.37866e+16	1.00e+00	1.59e-04	4.59e-09
 3.42300e+16	1.00e+00	1.37e-04	3.44e-09
 3.47173e+16	1.00e+00	1.17e-04	2.50e-09
 3.52598e+16	1.00e+00	9.86e-05	1.76e-09
 3.58627e+16	1.00e+00	8.13e-05	1.20e-09
 3.65528e+16	1.00e+00	6.53e-05	7.73e-10
 3.73355e+16	1.00e+00	5.11e-05	4.74e-10
 3.81523e+16	1.00e+00	3.98e-05	2.88e-10
 3.89616e+16	1.00e+00	3.12e-05	1.77e-10
 3.97672e+16	1.00e+00	2.45e-05	1.10e-10
 4.05827e+16	1.00e+00	1.92e-05	6.79e-11
 4.14163e+16	1.00e+00	1.51e-05	4.20e-11
 4.22705e+16	1.00e+00	1.18e-05	2.58e-11
 4.31419e+16	1.00e+00	9.23e-06	1.59e-11
 4.40326e+16	1.00e+00	7.21e-06	9.74e-12
 4.49485e+16	1.00e+00	5.62e-06	5.94e-12
 4.58908e+16	1.00e+00	4.37e-06	3.61e-12
 4.68585e+16	1.00e+00	3.39e-06	2.18e-12
 4.78562e+16	1.00e+00	2.62e-06	1.31e-12
 4.88922e+16	1.00e+00	2.02e-06	7.84e-13
 4.99714e+16	1.00e+00	1.55e-06	4.63e-13
 5.10973e+16	1.00e+00	1.18e-06	2.69e-13
 5.22701e+16	1.00e+00	8.95e-07	1.55e-13
 5.34963e+16	1.00e+00	6.74e-07	8.84e-14
 5.47903e+16	1.00e+00	5.03e-07	4.94e-14
 5.61663e+16	1.00e+00	3.71e-07	2.70e-14
 5.76378e+16	1.00e+00	2.70e-07	1.43e-14
 5.91819e+16	1.00e+00	1.95e-07	7.52e-15
 6.07480e+16	1.00e+00	1.42e-07	3.99e-15
 6.23140e+16	1.00e+00	1.04e-07	2.15e-15
 6.38800e+16	1.00e+00	7.69e-08	1.17e-15
 6.54460e+16	1.00e+00	5.72e-08	6.50e-16
 6.70120e+16	1.00e+00	4.29e-08	3.66e-16
 6.88129e+16	1.00e+00	3.07e-08	1.88e-16
 7.08794e+16	1.00e+00	2.14e-08	9.13e-17
 7.29767e+16	1.00e+00	1.50e-08	4.49e-17
 7.51874e+16	1.00e+00	1.04e-08	2.16e-17
 7.75727e+16	1.00e+00	7.08e-09	1.00e-17
 8.00308e+16	1.00e+00	4.84e-09	4.70e-18
 8.25007e+16	1.00e+00	3.34e-09	2.24e-18
 8.50284e+16	1.00e+00	2.31e-09	1.07e-18
 8.76604e+16	1.00e+00	1.59e-09	5.08e-19
 9.03579e+16	1.00e+00	1.10e-09	2.42e-19
 9.30944e+16	1.00e+00	7.60e-10	1.16e-19
 9.58642e+16	1.00e+00	5.30e-10	5.67e-20
 9.86639e+16	1.00e+00	3.72e-10	2.79e-20
 1.01489e+17	1.00e+00	2.62e-10	1.39e-20
 1.04326e+17	1.00e+00	1.86e-10	7.04e-21
 1.07157e+17	1.00e+00	1.34e-10	0.00e+00
 1.09972e+17	1.00e+00	9.70e-11	0.00e+00
 1.12762e+17	1.00e+00	7.10e-11	0.00e+00
 1.15512e+17	1.00e+00	5.27e-11	0.00e+00
 1.18206e+17	1.00e+00	3.96e-11	0.00e+00
 1.20832e+17	1.00e+00	3.01e-11	0.00e+00
 1.23382e+17	1.00e+00	2.33e-11	0.00e+00
 1.25851e+17	1.00e+00	1.83e-11	0.00e+00
 1.28232e+17	1.00e+00	1.46e-11	0.00e+00
 1.30518e+17	1.00e+00	1.18e-11	0.00e+00
 1.32708e+17	1.00e+00	9.67e-12	0.00e+00
 1.34802e+17	1.00e+00	8.05e-12	0.00e+00
 1.36797e+17	1.00e+00	6.80e-12	0.00e+00
 1.38695e+17	1.00e+00	5.83e-12	0.00e+00
 1.40500e+17	1.00e+00	5.05e-12	0.00e+00
 1.42212e+17	1.00e+00	4.44e-12	0.00e+00
 1.43836e+17	1.00e+00	3.94e-12	0.00e+00
 1.45376e+17	1.00e+00	3.54e-12	0.00e+00
 1.46836e+17	1.00e+00	3.21e-12	0.00e+00
 1.48220e+17	1.00e+00	2.93e-12	0.00e+00
 1.49530e+17	1.00e+00	2.70e-12	0.00e+00
 1.50771e+17	1.00e+00	2.51e-12	0.00e+00
 1.51947e+17	1.00e+00	2.35e-12	0.00e+00
 1.53061e+17	1.00e+00	2.21e-12	0.00e+00
 1.54117e+17	1.00e+00	2.09e-12	0.00e+00
 1.55118e+17	1.00e+00	1.99e-12	0.00e+00
 1.56067e+17	1.00e+00	1.90e-12	0.00e+00
 1.56966e+17	1.00e+00	1.82e-12	0.00e+00
 1.57819e+17	1.00e+00	1.75e-12	0.00e+00
 1.58628e+17	1.00e+00	1.69e-12	0.00e+00
 1.59397e+17	1.00e+00	1.64e-12	0.00e+00
 1.60127e+17	1.00e+00	1.59e-12	0.00e+00
 1.60820e+17	1.00e+00	1.55e-12	0.00e+00
 1.61479e+17	1.00e+00	1.52e-12	0.00e+00
 1.62105e+17	1.00e+00	1.48e-12	0.00e+00
 1.62700e+17	1.00e+00	1.45e-12	0.00e+00
 1.63267e+17	1.00e+00	1.42e-12	0.00e+00
 1.63807e+17	1.00e+00	1.40e-12	0.00e+00
 1.64321e+17	1.00e+00	1.37e-12	0.00e+00
 1.64812e+17	1.00e+00	1.35e-12	0.00e+00
 1.65279e+17	1.00e+00	1.34e-12	0.00e+00
 1.65726e+17	1.00e+00	1.32e-12	0.00e+00
 1.66152e+17	1.00e+00	1.30e-12	0.00e+00
 1.66560e+17	1.00e+00	1.29e-12	0.00e+00
 1.66951e+17	1.00e+00	1.27e-12	0.00e+00
 1.67326e+17	1.00e+00	1.26e-12	0.00e+00
 1.67685e+17	1.00e+00	1.25e-12	0.00e+00
 1.68029e+17	1.00e+00	1.24e-12	0.00e+00
 1.68361e+17	1.00e+00	1.23e-12	0.00e+00
 1.68681e+17	1.00e+00	1.22e-12	0.00e+00
 1.68990e+17	1.00e+00	1.21e-12	0.00e+00
 1.69288e+17	1.00e+00	1.20e-12	0.00e+00
 1.69578e+17	1.00e+00	1.19e-12	0.00e+00
 1.69858e+17	1.00e+00	1.18e-12	0.00e+00
 1.70132e+17	1.00e+00	1.18e-12	0.00e+00
 1.70399e+17	1.00e+00	1.17e-12	0.00e+00
 1.70661e+17	1.00e+00	1.16e-12	0.00e+00
 1.70919e+17	1.00e+00	1.16e-12	0.00e+00
 1.71173e+17	1.00e+00	1.15e-12	0.00e+00
 1.71425e+17	1.00e+00	1.14e-12	0.00e+00
 1.71677e+17	1.00e+00	1.14e-12	0.00e+00
 1.71930e+17	1.00e+00	1.13e-12	0.00e+00
 1.72185e+17	1.00e+00	1.13e-12	0.00e+00
 1.72444e+17	1.00e+00	1.12e-12	0.00e+00
 1.72711e+17	1.00e+00	1.11e-12	0.00e+00
 1.72987e+17	1.00e+00	1.11e-12	0.00e+00
 1.73277e+17	1.00e+00	1.10e-12	0.00e+00
 1.73584e+17	1.00e+00	1.09e-12	0.00e+00
 1.73916e+17	1.00e+00	1.09e-12	0.00e+00
 1.74279e+17	1.00e+00	1.08e-12	0.00e+00
 1.74686e+17	1.00e+00	1.07e-12	0.00e+00
 1.75152e+17	1.00e+00	1.06e-12	0.00e+00
 1.75700e+17	1.00e+00	1.05e-12	0.00e+00
 1.76366e+17	1.00e+00	1.03e-12	0.00e+00
 1.77205e+17	1.00e+00	1.01e-12	0.00e+00
 1.78288e+17	1.00e+00	9.87e-13	0.00e+00
 1.79696e+17	1.00e+00	9.54e-13	0.00e+00
 1.81526e+17	1.00e+00	9.09e-13	0.00e+00
 1.83905e+17	1.00e+00	8.53e-13	0.00e+00
 1.86999e+17	1.00e+00	7.84e-13	0.00e+00
 1.91020e+17	1.00e+00	7.00e-13	0.00e+00
 1.96248e+17	1.00e+00	6.02e-13	0.00e+00
 2.03044e+17	1.00e+00	4.95e-13	0.00e+00
 2.11022e+17	1.00e+00	3.83e-13	0.00e+00
 2.19463e+17	1.00e+00	3.26e-13	0.00e+00
 2.28242e+17	1.00e+00	2.92e-13	0.00e+00
 2.37372e+17	1.00e+00	2.65e-13	0.00e+00
 2.46867e+17	1.00e+00	2.39e-13	0.00e+00
 2.56741e+17	1.00e+00	2.15e-13	0.00e+00
 2.67011e+17	1.00e+00	1.92e-13	0.00e+00
 2.77691e+17	1.00e+00	1.70e-13	0.00e+00
 2.88799e+17	1.00e+00	1.49e-13	0.00e+00
 3.00351e+17	1.00e+00	1.29e-13	0.00e+00
 3.11822e+17	1.00e+00	1.10e-13	0.00e+00
 3.22353e+17	1.00e+00	1.05e-13	0.00e+00
 3.31658e+17	1.00e+00	1.08e-13	0.00e+00
 3.40079e+17	1.00e+00	1.10e-13	0.00e+00
 3.48112e+17	1.00e+00	1.07e-13	0.00e+00
 3.55869e+17	1.00e+00	9.83e-14	0.00e+00
 3.63049e+17	1.00e+00	9.02e-14	0.00e+00
 3.69365e+17	1.00e+00	8.54e-14	0.00e+00
 3.74320e+17	1.00e+00	8.23e-14	0.00e+00
 3.77465e+17	1.00e+00	8.42e-14	0.00e+00
 3.79193e+17	1.00e+00	8.75e-14	0.00e+00
 3.80174e+17	1.00e+00	8.96e-14	0.00e+00
 3.80762e+17	1.00e+00	9.08e-14	0.00e+00
 3.81146e+17	1.00e+00	9.14e-14	0.00e+00
 3.81480e+17	1.00e+00	9.19e-14	0.00e+00
 3.81850e+17	1.00e+00	9.22e-14	0.00e+00
 3.82253e+17	1.00e+00	9.25e-14	0.00e+00
 3.82631e+17	1.00e+00	9.26e-14	0.00e+00
 3.82937e+17	1.00e+00	9.26e-14	0.00e+00
 3.83204e+17	1.00e+00	9.27e-14	0.00e+00
 3.83498e+17	1.00e+00	9.26e-14	0.00e+00
 3.83793e+17	1.00e+00	9.25e-14	0.00e+00
 3.84041e+17	1.00e+00	9.24e-14	0.00e+00
 3.84255e+17	1.00e+00	9.22e-14	0.00e+00
 3.84468e+17	1.00e+00	9.21e-14	0.00e+00
 3.84698e+17	1.00e+00	9.19e-14	0.00e+00
 3.84922e+17	1.00e+00	9.17e-14	0.00e+00
 3.85116e+17	1.00e+00	9.15e-14	0.00e+00
 3.85289e+17	1.00e+00	9.13e-14	0.00e+00
 3.85461e+17	1.00e+00	9.11e-14	0.00e+00
 3.85636e+17	1.00e+00	9.09e-14	0.00e+00
 3.85801e+17	1.00e+00	9.06e-14	0.00e+00
 3.85958e+17	1.00e+00	9.04e-14	0.00e+00
 3.86111e+17	1.00e+00	9.02e-14	0.00e+00
 3.86259e+17	1.00e+00	8.99e-14	0.00e+00
 3.86403e+17	1.00e+00	8.97e-14	0.00e+00
 3.86545e+17	1.00e+00	8.94e-14	0.00e+00
 3.86685e+17	1.00e+00	8.92e-14	0.00e+00
 3.86817e+17	1.00e+00	8.89e-14	0.00e+00
 3.86945e+17	1.00e+00	8.87e-14	0.00e+00
 3.87077e+17	1.00e+00	8.84e-14	0.00e+00
 3.87214e+17	1.00e+00	8.81e-14	0.00e+00
 3.87346e+17	1.00e+00	8.78e-14	0.00e+00
 3.87471e+17	1.00e+00	8.76e-14	0.00e+00
 3.87598e+17	1.00e+00	8.73e-14	0.00e+00
 3.87728e+17	1.00e+00	8.70e-14	0.00e+00
 3.87855e+17	1.00e+00	8.66e-14	0.00e+00
 3.87980e+17	1.00e+00	8.63e-14	0.00e+00
 3.88110e+17	1.00e+00	8.60e-14	0.00e+00
 3.88246e+17	1.00e+00	8.57e-14	0.00e+00
 3.88379e+17	1.00e+00	8.53e-14	0.00e+00
 3.88508e+17	1.00e+00	8.50e-14	0.00e+00
 3.88639e+17	1.00e+00	8.46e-14	0.00e+00
 3.88781e+17	1.00e+00	8.42e-14	0.00e+00
 3.88935e+17	1.00e+00	8.38e-14	0.00e+00
 3.89078e+17	1.00e+00	8.33e-14	0.00e+00
 3.89217e+17	1.00e+00	8.30e-14	0.00e+00
 3.89372e+17	1.00e+00	8.25e-14	0.00e+00
 3.89538e+17	1.00e+00	8.20e-14	0.00e+00
 3.89696e+17	1.00e+00	8.15e-14	0.00e+00
 3.89842e+17	1.00e+00	8.10e-14	0.00e+00
 3.89996e+17	1.00e+00	8.06e-14	0.00e+00
 3.90174e+17	1.00e+00	8.00e-14	0.00e+00
 3.90359e+17	1.00e+00	7.94e-14	0.00e+00
 3.90535e+17	1.00e+00	7.88e-14	0.00e+00
 3.90703e+17	1.00e+00	7.82e-14	0.00e+00
 3.90882e+17	1.00e+00	7.76e-14	0.00e+00
 3.91083e+17	1.00e+00	7.70e-14	0.00e+00
 3.91289e+17	1.00e+00	7.63e-14	0.00e+00
 3.91493e+17	1.00e+00	7.55e-14	0.00e+00
 3.91693e+17	1.00e+00	7.48e-14	0.00e+00
 3.91899e+17	1.00e+00	7.41e-14	0.00e+00
 3.92120e+17	1.00e+00	7.34e-14	0.00e+00
 3.92352e+17	1.00e+00	7.25e-14	0.00e+00
 3.92589e+17	1.00e+00	7.17e-14	0.00e+00
 3.92825e+17	1.00e+00	7.08e-14	0.00e+00
 3.93064e+17	1.00e+00	6.99e-14	0.00e+00
 3.93311e+17	1.00e+00	6.90e-14	0.00e+00
 3.93560e+17	1.00e+00	6.82e-14	0.00e+00
 3.93833e+17	1.00e+00	6.72e-14	0.00e+00
 3.94125e+17	1.00e+00	6.61e-14	0.00e+00
 3.94410e+17	1.00e+00	6.50e-14	0.00e+00
 3.94689e+17	1.00e+00	6.40e-14	0.00e+00
 3.94973e+17	1.00e+00	6.30e-14	0.00e+00
 3.95282e+17	1.00e+00	6.19e-14	0.00e+00
 3.95610e+17	1.00e+00	6.06e-14	0.00e+00
 3.95932e+17	1.00e+00	5.94e-14	0.00e+00
 3.96244e+17	1.00e+00	5.83e-14	0.00e+00
 3.96577e+17	1.00e+00	5.71e-14	0.00e+00
 3.96953e+17	1.00e+00	5.58e-14	0.00e+00
 3.97320e+17	1.00e+00	5.44e-14	0.00e+00
 3.97673e+17	1.00e+00	5.31e-14	0.00e+00
 3.98037e+17	1.00e+00	5.18e-14	0.00e+00
 3.98422e+17	1.00e+00	5.05e-14	0.00e+00
 3.98823e+17	1.00e+00	4.91e-14	0.00e+00
 3.99226e+17	1.00e+00	4.77e-14	0.00e+00
 3.99632e+17	1.00e+00	4.63e-14	0.00e+00
 4.00051e+17	1.00e+00	4.49e-14	0.00e+00
 4.00483e+17	1.00e+00	4.34e-14	0.00e+00
 4.00925e+17	1.00e+00	4.19e-14	0.00e+00
 4.01377e+17	1.00e+00	4.05e-14	0.00e+00
 4.01836e+17	1.00e+00	3.90e-14	0.00e+00
 4.02296e+17	1.00e+00	3.75e-14	0.00e+00
 4.02767e+17	1.00e+00	3.61e-14	0.00e+00
 4.03260e+17	1.00e+00	3.46e-14	0.00e+00
 4.03783e+17	1.00e+00	3.31e-14	0.00e+00
 4.04316e+17	1.00e+00	3.15e-14	0.00e+00
 4.04833e+17	1.00e+00	3.00e-14	0.00e+00
 4.05348e+17	1.00e+00	2.86e-14	0.00e+00
 4.05892e+17	1.00e+00	2.72e-14	0.00e+00
 4.06457e+17	1.00e+00	2.58e-14	0.00e+00
 4.07058e+17	1.00e+00	2.43e-14	0.00e+00
 4.07673e+17	1.00e+00	2.29e-14	0.00e+00
 4.08289e+17	1.00e+00	2.14e-14	0.00e+00
 4.08908e+17	1.00e+00	2.01e-14	0.00e+00
 4.09550e+17	1.00e+00	1.88e-14	0.00e+00
 4.10254e+17	1.00e+00	1.74e-14	0.00e+00
 4.10961e+17	1.00e+00	1.61e-14	0.00e+00
 4.11602e+17	1.00e+00	1.49e-14	0.00e+00
 4.12144e+17	1.00e+00	1.39e-14	0.00e+00
 4.12616e+17	1.00e+00	1.31e-14	0.00e+00
 4.13067e+17	1.00e+00	1.24e-14	0.00e+00
 4.13517e+17	1.00e+00	1.17e-14	0.00e+00
 4.13960e+17	1.00e+00	1.11e-14	0.00e+00
 4.14378e+17	1.00e+00	1.05e-14	0.00e+00
 4.14763e+17	1.00e+00	1.00e-14	0.00e+00
 4.15127e+17	1.00e+00	9.54e-15	0.00e+00
 4.15480e+17	1.00e+00	9.11e-15	0.00e+00
 4.15826e+17	1.00e+00	8.69e-15	0.00e+00
 4.16161e+17	1.00e+00	8.30e-15	0.00e+00
 4.16480e+17	1.00e+00	7.94e-15	0.00e+00
 4.16784e+17	1.00e+00	7.60e-15	0.00e+00
 4.17077e+17	1.00e+00	7.29e-15	0.00e+00
 4.17362e+17	1.00e+00	6.99e-15	0.00e+00
 4.17638e+17	1.00e+00	6.71e-15	0.00e+00
 4.17905e+17	1.00e+00	6.45e-15	0.00e+00
 4.18161e+17	1.00e+00	6.20e-15	0.00e+00
 4.18409e+17	1.00e+00	5.95e-15	0.00e+00
 4.18649e+17	1.00e+00	5.74e-15	0.00e+00
 4.18883e+17	1.00e+00	5.51e-15	0.00e+00
 4.19107e+17	1.00e+00	5.33e-15	0.00e+00
 4.19324e+17	1.00e+00	5.13e-15	0.00e+00
 4.19538e+17	1.00e+00	4.95e-15	0.00e+00
 4.19745e+17	1.00e+00	4.77e-15	0.00e+00
 4.19945e+17	1.00e+00	4.61e-15	0.00e+00
 4.20141e+17	1.00e+00	4.46e-15	0.00e+00
 4.20333e+17	1.00e+00	4.31e-15	0.00e+00
 4.20522e+17	1.00e+00	4.17e-15	0.00e+00
 4.20737e+17	1.00e+00	4.03e-15	0.00e+00
 4.21017e+17	1.00e+00	3.87e-15	0.00e+00
 4.21382e+17	1.00e+00	3.64e-15	0.00e+00
 4.21855e+17	1.00e+00	3.38e-15	0.00e+00
 4.22471e+17	1.00e+00	3.06e-15	0.00e+00
 4.23271e+17	1.00e+00	2.67e-15	0.00e+00
 4.24196e+17	1.00e+00	2.24e-15	0.00e+00
 4.25039e+17	1.00e+00	1.86e-15	0.00e+00
 4.25682e+17	1.00e+00	1.61e-15	0.00e+00
 4.26192e+17	1.00e+00	1.44e-15	0.00e+00
 4.26687e+17	1.00e+00	1.31e-15	0.00e+00
 4.27250e+17	1.00e+00	1.18e-15	0.00e+00
 4.27872e+17	1.00e+00	1.04e-15	0.00e+00
 4.28483e+17	1.00e+00	9.14e-16	0.00e+00
 4.29047e+17	1.00e+00	8.11e-16	0.00e+00
 4.29582e+17	1.00e+00	7.26e-16	0.00e+00
 4.30134e+17	1.00e+00	6.51e-16	0.00e+00
 4.30728e+17	1.00e+00	5.79e-16	0.00e+00
 4.31356e+17	1.00e+00	5.10e-16	0.00e+00
 4.31998e+17	1.00e+00	4.48e-16	0.00e+00
 4.32650e+17	1.00e+00	3.92e-16	0.00e+00
 4.33335e+17	1.00e+00	3.42e-16	0.00e+00
 4.34086e+17	1.00e+00	2.96e-16	0.00e+00
 4.34935e+17	1.00e+00	2.51e-16	0.00e+00
 4.35913e+17	1.00e+00	2.09e-16	0.00e+00
 4.37078e+17	1.00e+00	1.68e-16	0.00e+00
 4.38548e+17	1.00e+00	1.30e-16	0.00e+00
 4.40460e+17	1.00e+00	9.24e-17	0.00e+00
 4.42945e+17	1.00e+00	5.96e-17	0.00e+00
 4.46175e+17	1.00e+00	3.40e-17	0.00e+00
 4.50375e+17	1.00e+00	1.66e-17	0.00e+00
