#depth	C	C+	C+2	C+3	C+4	C+5	C+6	C[1]	C[2]	C[3]	C+[1]	C+[2]	CO
 1.49634e+10	0.00e+00	4.67e-33	3.82e-23	7.15e-14	7.01e-04	6.15e-01	3.84e-01	0.00e+00	0.00e+00	0.00e+00	0.00e+00	0.00e+00	3.13e-161
 4.54887e+10	1.11e-43	6.64e-33	5.02e-23	8.66e-14	7.84e-04	6.34e-01	3.65e-01	0.00e+00	0.00e+00	0.00e+00	0.00e+00	0.00e+00	1.07e-239
 7.72350e+10	0.00e+00	9.43e-33	6.58e-23	1.05e-13	8.77e-04	6.52e-01	3.47e-01	0.00e+00	0.00e+00	0.00e+00	0.00e+00	0.00e+00	4.22e-160
 1.10251e+11	2.63e-43	1.34e-32	8.62e-23	1.27e-13	9.79e-04	6.70e-01	3.29e-01	0.00e+00	0.00e+00	0.00e+00	0.00e+00	0.00e+00	4.51e-239
 1.42623e+11	0.00e+00	1.86e-32	1.11e-22	1.52e-13	1.09e-03	6.86e-01	3.13e-01	0.00e+00	0.00e+00	0.00e+00	0.00e+00	0.00e+00	5.28e-159
 1.72705e+11	5.68e-43	2.50e-32	1.40e-22	1.78e-13	1.19e-03	7.00e-01	2.98e-01	0.00e+00	0.00e+00	0.00e+00	0.00e+00	0.00e+00	4.13e-227
 2.05956e+11	0.00e+00	3.43e-32	1.78e-22	2.11e-13	1.31e-03	7.15e-01	2.83e-01	0.00e+00	0.00e+00	0.00e+00	0.00e+00	0.00e+00	5.14e-158
 2.44121e+11	1.28e-42	4.85e-32	2.33e-22	2.55e-13	1.46e-03	7.31e-01	2.67e-01	0.00e+00	0.00e+00	0.00e+00	0.00e+00	0.00e+00	1.47e-226
 2.81778e+11	0.00e+00	6.75e-32	3.00e-22	3.04e-13	1.62e-03	7.46e-01	2.53e-01	0.00e+00	0.00e+00	0.00e+00	0.00e+00	0.00e+00	6.48e-157
 3.20941e+11	2.90e-42	9.39e-32	3.87e-22	3.63e-13	1.79e-03	7.60e-01	2.38e-01	0.00e+00	0.00e+00	0.00e+00	0.00e+00	0.00e+00	6.19e-226
 3.63705e+11	0.00e+00	1.33e-31	5.05e-22	4.37e-13	1.98e-03	7.74e-01	2.24e-01	0.00e+00	0.00e+00	0.00e+00	0.00e+00	0.00e+00	8.20e-156
 4.07261e+11	6.75e-42	1.87e-31	6.55e-22	5.24e-13	2.20e-03	7.87e-01	2.11e-01	0.00e+00	0.00e+00	0.00e+00	0.00e+00	0.00e+00	2.59e-225
 4.52559e+11	0.00e+00	2.62e-31	8.50e-22	6.27e-13	2.43e-03	8.00e-01	1.98e-01	0.00e+00	0.00e+00	0.00e+00	0.00e+00	0.00e+00	1.05e-154
 5.00588e+11	1.57e-41	3.71e-31	1.11e-21	7.54e-13	2.69e-03	8.12e-01	1.85e-01	0.00e+00	0.00e+00	0.00e+00	0.00e+00	0.00e+00	2.46e-225
 5.50538e+11	0.00e+00	5.24e-31	1.45e-21	9.07e-13	2.98e-03	8.24e-01	1.73e-01	0.00e+00	0.00e+00	0.00e+00	0.00e+00	0.00e+00	1.43e-153
 6.02487e+11	3.70e-41	7.41e-31	1.89e-21	1.09e-12	3.30e-03	8.35e-01	1.62e-01	0.00e+00	0.00e+00	0.00e+00	0.00e+00	0.00e+00	0.00e+00
 6.56513e+11	0.00e+00	1.05e-30	2.46e-21	1.31e-12	3.65e-03	8.45e-01	1.51e-01	0.00e+00	0.00e+00	0.00e+00	0.00e+00	0.00e+00	1.95e-152
 7.12700e+11	8.72e-41	1.48e-30	3.21e-21	1.57e-12	4.04e-03	8.55e-01	1.41e-01	0.00e+00	0.00e+00	0.00e+00	0.00e+00	0.00e+00	0.00e+00
 7.71135e+11	0.00e+00	2.10e-30	4.18e-21	1.89e-12	4.47e-03	8.65e-01	1.31e-01	0.00e+00	0.00e+00	0.00e+00	0.00e+00	0.00e+00	2.67e-151
 8.31907e+11	2.06e-40	2.98e-30	5.46e-21	2.27e-12	4.95e-03	8.73e-01	1.22e-01	0.00e+00	0.00e+00	0.00e+00	0.00e+00	0.00e+00	0.00e+00
 8.89225e+11	0.00e+00	4.08e-30	6.95e-21	2.68e-12	5.42e-03	8.81e-01	1.14e-01	0.00e+00	0.00e+00	0.00e+00	0.00e+00	0.00e+00	3.27e-150
 9.40756e+11	4.28e-40	5.38e-30	8.58e-21	3.10e-12	5.86e-03	8.87e-01	1.08e-01	0.00e+00	0.00e+00	0.00e+00	0.00e+00	0.00e+00	0.00e+00
 9.98706e+11	0.00e+00	7.27e-30	1.08e-20	3.63e-12	6.39e-03	8.93e-01	1.01e-01	0.00e+00	0.00e+00	0.00e+00	0.00e+00	0.00e+00	2.86e-149
 1.06705e+12	9.50e-40	1.02e-29	1.40e-20	4.35e-12	7.05e-03	8.99e-01	9.36e-02	0.00e+00	0.00e+00	0.00e+00	0.00e+00	0.00e+00	0.00e+00
 1.13528e+12	0.00e+00	1.42e-29	1.81e-20	5.17e-12	7.74e-03	9.05e-01	8.71e-02	0.00e+00	0.00e+00	0.00e+00	0.00e+00	0.00e+00	3.61e-148
 1.19971e+12	2.07e-39	1.92e-29	2.27e-20	6.05e-12	8.43e-03	9.10e-01	8.16e-02	0.00e+00	0.00e+00	0.00e+00	0.00e+00	0.00e+00	0.00e+00
 1.27109e+12	0.00e+00	2.66e-29	2.91e-20	7.17e-12	9.24e-03	9.15e-01	7.59e-02	0.00e+00	0.00e+00	0.00e+00	0.00e+00	0.00e+00	3.78e-147
 1.35187e+12	4.79e-39	3.79e-29	3.81e-20	8.62e-12	1.02e-02	9.20e-01	7.01e-02	0.00e+00	0.00e+00	0.00e+00	0.00e+00	0.00e+00	0.00e+00
 1.43281e+12	0.00e+00	5.33e-29	4.95e-20	1.03e-11	1.12e-02	9.24e-01	6.49e-02	0.00e+00	0.00e+00	0.00e+00	0.00e+00	0.00e+00	5.14e-146
 1.51699e+12	1.12e-38	7.50e-29	6.43e-20	1.23e-11	1.24e-02	9.28e-01	6.01e-02	0.00e+00	0.00e+00	0.00e+00	0.00e+00	0.00e+00	0.00e+00
 1.60760e+12	0.00e+00	1.07e-28	8.44e-20	1.48e-11	1.37e-02	9.31e-01	5.54e-02	0.00e+00	0.00e+00	0.00e+00	0.00e+00	0.00e+00	7.05e-145
 1.69266e+12	2.58e-38	1.48e-28	1.08e-19	1.76e-11	1.50e-02	9.34e-01	5.14e-02	0.00e+00	0.00e+00	0.00e+00	0.00e+00	0.00e+00	3.32e-217
 1.76873e+12	0.00e+00	1.95e-28	1.33e-19	2.03e-11	1.62e-02	9.36e-01	4.82e-02	0.00e+00	0.00e+00	0.00e+00	0.00e+00	0.00e+00	6.69e-144
 1.85427e+12	5.33e-38	2.66e-28	1.69e-19	2.38e-11	1.76e-02	9.38e-01	4.48e-02	0.00e+00	0.00e+00	0.00e+00	0.00e+00	0.00e+00	0.00e+00
 1.95563e+12	0.00e+00	3.76e-28	2.20e-19	2.85e-11	1.93e-02	9.39e-01	4.13e-02	0.00e+00	0.00e+00	0.00e+00	0.00e+00	0.00e+00	7.70e-143
 2.05727e+12	1.25e-37	5.29e-28	2.85e-19	3.41e-11	2.13e-02	9.41e-01	3.81e-02	0.00e+00	0.00e+00	0.00e+00	0.00e+00	0.00e+00	0.00e+00
 2.15216e+12	0.00e+00	7.19e-28	3.61e-19	4.00e-11	2.31e-02	9.41e-01	3.54e-02	0.00e+00	0.00e+00	0.00e+00	0.00e+00	0.00e+00	8.62e-142
 2.25736e+12	2.73e-37	9.94e-28	4.62e-19	4.74e-11	2.53e-02	9.42e-01	3.27e-02	0.00e+00	0.00e+00	0.00e+00	0.00e+00	0.00e+00	0.00e+00
 2.37758e+12	0.00e+00	1.43e-27	6.11e-19	5.73e-11	2.79e-02	9.42e-01	3.00e-02	0.00e+00	0.00e+00	0.00e+00	0.00e+00	0.00e+00	1.13e-140
 2.49562e+12	6.57e-37	2.02e-27	7.94e-19	6.85e-11	3.06e-02	9.42e-01	2.75e-02	0.00e+00	0.00e+00	0.00e+00	0.00e+00	0.00e+00	0.00e+00
 2.61837e+12	0.00e+00	2.85e-27	1.03e-18	8.19e-11	3.36e-02	9.41e-01	2.53e-02	0.00e+00	0.00e+00	0.00e+00	0.00e+00	0.00e+00	1.45e-139
 2.75303e+12	1.58e-36	4.11e-27	1.37e-18	9.90e-11	3.71e-02	9.40e-01	2.31e-02	0.00e+00	0.00e+00	0.00e+00	0.00e+00	0.00e+00	0.00e+00
 2.88846e+12	0.00e+00	5.85e-27	1.79e-18	1.19e-10	4.08e-02	9.38e-01	2.11e-02	0.00e+00	0.00e+00	0.00e+00	0.00e+00	0.00e+00	2.09e-138
 3.02929e+12	3.80e-36	8.34e-27	2.35e-18	1.43e-10	4.48e-02	9.36e-01	1.93e-02	0.00e+00	0.00e+00	0.00e+00	0.00e+00	0.00e+00	0.00e+00
 3.18039e+12	0.00e+00	1.20e-26	3.11e-18	1.73e-10	4.94e-02	9.33e-01	1.76e-02	0.00e+00	0.00e+00	0.00e+00	0.00e+00	0.00e+00	3.01e-137
 3.33031e+12	9.23e-36	1.71e-26	4.07e-18	2.07e-10	5.42e-02	9.30e-01	1.61e-02	0.00e+00	0.00e+00	0.00e+00	0.00e+00	0.00e+00	0.00e+00
 3.48623e+12	0.00e+00	2.43e-26	5.32e-18	2.49e-10	5.94e-02	9.26e-01	1.46e-02	0.00e+00	0.00e+00	0.00e+00	0.00e+00	0.00e+00	4.01e-136
 3.65561e+12	2.24e-35	3.51e-26	7.05e-18	3.01e-10	6.53e-02	9.21e-01	1.33e-02	0.00e+00	0.00e+00	0.00e+00	0.00e+00	0.00e+00	0.00e+00
 3.83176e+12	0.00e+00	5.07e-26	9.35e-18	3.64e-10	7.19e-02	9.16e-01	1.20e-02	0.00e+00	0.00e+00	0.00e+00	0.00e+00	0.00e+00	6.02e-135
 4.01496e+12	5.57e-35	7.31e-26	1.24e-17	4.40e-10	7.90e-02	9.10e-01	1.09e-02	0.00e+00	0.00e+00	0.00e+00	0.00e+00	0.00e+00	0.00e+00
 4.20548e+12	8.76e-35	1.06e-25	1.64e-17	5.32e-10	8.68e-02	9.03e-01	9.85e-03	0.00e+00	0.00e+00	0.00e+00	0.00e+00	0.00e+00	8.35e-116
 4.40363e+12	1.38e-34	1.52e-25	2.18e-17	6.43e-10	9.52e-02	8.96e-01	8.89e-03	0.00e+00	0.00e+00	0.00e+00	0.00e+00	0.00e+00	5.05e-98
 4.58325e+12	2.04e-34	2.10e-25	2.78e-17	7.59e-10	1.03e-01	8.89e-01	8.12e-03	0.00e+00	0.00e+00	0.00e+00	0.00e+00	0.00e+00	0.00e+00
 4.73358e+12	2.81e-34	2.71e-25	3.39e-17	8.67e-10	1.10e-01	8.82e-01	7.54e-03	0.00e+00	0.00e+00	0.00e+00	0.00e+00	0.00e+00	1.82e-114
 4.89857e+12	3.94e-34	3.57e-25	4.19e-17	9.99e-10	1.18e-01	8.75e-01	6.96e-03	0.00e+00	0.00e+00	0.00e+00	0.00e+00	0.00e+00	5.30e-97
 5.10663e+12	5.95e-34	4.99e-25	5.42e-17	1.19e-09	1.28e-01	8.66e-01	6.31e-03	0.00e+00	0.00e+00	0.00e+00	0.00e+00	0.00e+00	4.38e-280
 5.32319e+12	8.99e-34	6.97e-25	7.02e-17	1.41e-09	1.39e-01	8.55e-01	5.70e-03	0.00e+00	0.00e+00	0.00e+00	0.00e+00	0.00e+00	3.96e-113
 5.50883e+12	1.26e-33	9.17e-25	8.68e-17	1.63e-09	1.49e-01	8.46e-01	5.24e-03	0.00e+00	0.00e+00	0.00e+00	0.00e+00	0.00e+00	7.09e-96
 5.70174e+12	1.77e-33	1.21e-24	1.07e-16	1.88e-09	1.59e-01	8.36e-01	4.81e-03	0.00e+00	0.00e+00	0.00e+00	0.00e+00	0.00e+00	1.05e-283
 5.94196e+12	2.66e-33	1.68e-24	1.39e-16	2.23e-09	1.72e-01	8.24e-01	4.34e-03	0.00e+00	0.00e+00	0.00e+00	0.00e+00	0.00e+00	7.13e-112
 6.18526e+12	3.96e-33	2.32e-24	1.77e-16	2.63e-09	1.86e-01	8.11e-01	3.91e-03	0.00e+00	0.00e+00	0.00e+00	0.00e+00	0.00e+00	9.04e-95
 6.39732e+12	5.50e-33	3.03e-24	2.18e-16	3.02e-09	1.97e-01	7.99e-01	3.58e-03	0.00e+00	0.00e+00	0.00e+00	0.00e+00	0.00e+00	4.95e-111
 6.62715e+12	7.76e-33	4.00e-24	2.71e-16	3.48e-09	2.11e-01	7.86e-01	3.27e-03	0.00e+00	0.00e+00	0.00e+00	0.00e+00	0.00e+00	4.07e-94
 6.90716e+12	1.16e-32	5.54e-24	3.48e-16	4.12e-09	2.27e-01	7.70e-01	2.92e-03	0.00e+00	0.00e+00	0.00e+00	0.00e+00	0.00e+00	3.68e-110
 7.19220e+12	1.71e-32	7.61e-24	4.45e-16	4.84e-09	2.44e-01	7.54e-01	2.62e-03	0.00e+00	0.00e+00	0.00e+00	0.00e+00	0.00e+00	2.40e-93
 7.45365e+12	2.41e-32	1.00e-23	5.51e-16	5.57e-09	2.59e-01	7.39e-01	2.37e-03	0.00e+00	0.00e+00	0.00e+00	0.00e+00	0.00e+00	2.67e-109
 7.74465e+12	3.47e-32	1.35e-23	6.91e-16	6.47e-09	2.76e-01	7.22e-01	2.13e-03	0.00e+00	0.00e+00	0.00e+00	0.00e+00	0.00e+00	1.18e-92
 8.08227e+12	5.19e-32	1.87e-23	8.89e-16	7.64e-09	2.96e-01	7.02e-01	1.89e-03	0.00e+00	0.00e+00	0.00e+00	0.00e+00	0.00e+00	2.17e-108
 8.41550e+12	7.58e-32	2.54e-23	1.13e-15	8.92e-09	3.15e-01	6.83e-01	1.68e-03	0.00e+00	0.00e+00	0.00e+00	0.00e+00	0.00e+00	6.91e-92
 8.73450e+12	1.07e-31	3.36e-23	1.40e-15	1.03e-08	3.34e-01	6.65e-01	1.51e-03	0.00e+00	0.00e+00	0.00e+00	0.00e+00	0.00e+00	1.60e-107
 9.08625e+12	1.54e-31	4.50e-23	1.75e-15	1.19e-08	3.54e-01	6.45e-01	1.34e-03	0.00e+00	0.00e+00	0.00e+00	0.00e+00	0.00e+00	3.49e-91
 9.47963e+12	2.27e-31	6.16e-23	2.22e-15	1.39e-08	3.76e-01	6.23e-01	1.18e-03	0.00e+00	0.00e+00	0.00e+00	0.00e+00	0.00e+00	1.30e-106
 9.83718e+12	3.18e-31	8.08e-23	2.74e-15	1.59e-08	3.96e-01	6.03e-01	1.06e-03	0.00e+00	0.00e+00	0.00e+00	0.00e+00	0.00e+00	1.85e-90
 1.01380e+13	4.16e-31	1.00e-22	3.23e-15	1.76e-08	4.12e-01	5.87e-01	9.65e-04	0.00e+00	0.00e+00	0.00e+00	0.00e+00	0.00e+00	7.20e-106
 1.04687e+13	5.55e-31	1.27e-22	3.85e-15	1.97e-08	4.29e-01	5.70e-01	8.73e-04	0.00e+00	0.00e+00	0.00e+00	0.00e+00	0.00e+00	6.78e-90
 1.08420e+13	7.58e-31	1.63e-22	4.66e-15	2.23e-08	4.48e-01	5.51e-01	7.82e-04	0.00e+00	0.00e+00	0.00e+00	0.00e+00	0.00e+00	3.96e-105
 1.11992e+13	1.01e-30	2.05e-22	5.55e-15	2.49e-08	4.66e-01	5.33e-01	7.06e-04	0.00e+00	0.00e+00	0.00e+00	0.00e+00	0.00e+00	2.75e-89
 1.15924e+13	1.37e-30	2.61e-22	6.67e-15	2.79e-08	4.85e-01	5.14e-01	6.32e-04	0.00e+00	0.00e+00	0.00e+00	0.00e+00	0.00e+00	2.15e-104
 1.20291e+13	1.89e-30	3.38e-22	8.11e-15	3.16e-08	5.06e-01	4.94e-01	5.61e-04	0.00e+00	0.00e+00	0.00e+00	0.00e+00	0.00e+00	1.21e-88
 1.24385e+13	2.52e-30	4.26e-22	9.66e-15	3.52e-08	5.24e-01	4.75e-01	5.02e-04	0.00e+00	0.00e+00	0.00e+00	0.00e+00	0.00e+00	1.27e-103
 1.28864e+13	3.42e-30	5.43e-22	1.16e-14	3.95e-08	5.43e-01	4.56e-01	4.47e-04	0.00e+00	0.00e+00	0.00e+00	0.00e+00	0.00e+00	4.99e-88
 1.33902e+13	4.75e-30	7.05e-22	1.41e-14	4.46e-08	5.64e-01	4.35e-01	3.93e-04	0.00e+00	0.00e+00	0.00e+00	0.00e+00	0.00e+00	8.08e-103
 1.38714e+13	6.41e-30	8.95e-22	1.69e-14	4.97e-08	5.83e-01	4.17e-01	3.48e-04	0.00e+00	0.00e+00	0.00e+00	0.00e+00	0.00e+00	2.27e-87
 1.43989e+13	8.78e-30	1.15e-21	2.03e-14	5.57e-08	6.02e-01	3.97e-01	3.07e-04	0.00e+00	0.00e+00	0.00e+00	0.00e+00	0.00e+00	4.99e-102
 1.49582e+13	1.21e-29	1.48e-21	2.46e-14	6.25e-08	6.22e-01	3.78e-01	2.69e-04	0.00e+00	0.00e+00	0.00e+00	0.00e+00	0.00e+00	1.06e-86
 1.54475e+13	1.58e-29	1.83e-21	2.88e-14	6.88e-08	6.38e-01	3.61e-01	2.40e-04	0.00e+00	0.00e+00	0.00e+00	0.00e+00	0.00e+00	2.89e-101
 1.59699e+13	2.09e-29	2.28e-21	3.38e-14	7.58e-08	6.55e-01	3.45e-01	2.14e-04	0.00e+00	0.00e+00	0.00e+00	0.00e+00	0.00e+00	4.06e-86
 1.66053e+13	2.88e-29	2.95e-21	4.09e-14	8.48e-08	6.74e-01	3.26e-01	1.86e-04	0.00e+00	0.00e+00	0.00e+00	0.00e+00	0.00e+00	1.76e-100
 1.72383e+13	3.92e-29	3.76e-21	4.89e-14	9.43e-08	6.91e-01	3.09e-01	1.63e-04	0.00e+00	0.00e+00	0.00e+00	0.00e+00	0.00e+00	1.93e-85
 1.77966e+13	5.10e-29	4.61e-21	5.68e-14	1.03e-07	7.05e-01	2.94e-01	1.45e-04	0.00e+00	0.00e+00	0.00e+00	0.00e+00	0.00e+00	9.92e-100
 1.84078e+13	6.71e-29	5.73e-21	6.66e-14	1.13e-07	7.20e-01	2.80e-01	1.28e-04	0.00e+00	0.00e+00	0.00e+00	0.00e+00	0.00e+00	7.40e-85
 1.91432e+13	9.23e-29	7.36e-21	7.99e-14	1.26e-07	7.37e-01	2.63e-01	1.11e-04	0.00e+00	0.00e+00	0.00e+00	0.00e+00	0.00e+00	6.11e-99
 1.98791e+13	1.25e-28	9.35e-21	9.52e-14	1.39e-07	7.52e-01	2.48e-01	9.65e-05	0.00e+00	0.00e+00	0.00e+00	0.00e+00	0.00e+00	3.54e-84
 2.05482e+13	1.64e-28	1.15e-20	1.11e-13	1.52e-07	7.65e-01	2.35e-01	8.53e-05	0.00e+00	0.00e+00	0.00e+00	0.00e+00	0.00e+00	3.57e-98
 2.12916e+13	2.18e-28	1.44e-20	1.30e-13	1.67e-07	7.78e-01	2.22e-01	7.48e-05	0.00e+00	0.00e+00	0.00e+00	0.00e+00	0.00e+00	1.45e-83
 2.21611e+13	3.00e-28	1.85e-20	1.56e-13	1.85e-07	7.93e-01	2.07e-01	6.42e-05	0.00e+00	0.00e+00	0.00e+00	0.00e+00	0.00e+00	2.34e-97
 2.30187e+13	4.06e-28	2.34e-20	1.85e-13	2.04e-07	8.05e-01	1.94e-01	5.57e-05	0.00e+00	0.00e+00	0.00e+00	0.00e+00	0.00e+00	7.12e-83
 2.38295e+13	5.35e-28	2.90e-20	2.16e-13	2.22e-07	8.17e-01	1.83e-01	4.88e-05	0.00e+00	0.00e+00	0.00e+00	0.00e+00	0.00e+00	1.43e-96
 2.47316e+13	7.19e-28	3.65e-20	2.54e-13	2.44e-07	8.28e-01	1.72e-01	4.23e-05	0.00e+00	0.00e+00	0.00e+00	0.00e+00	0.00e+00	3.10e-82
 2.57508e+13	9.90e-28	4.68e-20	3.04e-13	2.69e-07	8.40e-01	1.60e-01	3.62e-05	0.00e+00	0.00e+00	0.00e+00	0.00e+00	0.00e+00	9.91e-96
 2.67744e+13	1.35e-27	5.94e-20	3.60e-13	2.96e-07	8.51e-01	1.49e-01	3.12e-05	0.00e+00	0.00e+00	0.00e+00	0.00e+00	0.00e+00	1.58e-81
 2.78388e+13	1.83e-27	7.54e-20	4.26e-13	3.25e-07	8.61e-01	1.39e-01	2.68e-05	0.00e+00	0.00e+00	0.00e+00	0.00e+00	0.00e+00	6.96e-95
 2.89823e+13	2.52e-27	9.63e-20	5.07e-13	3.58e-07	8.70e-01	1.30e-01	2.30e-05	0.00e+00	0.00e+00	0.00e+00	0.00e+00	0.00e+00	8.10e-81
 3.01715e+13	3.46e-27	1.23e-19	6.02e-13	3.93e-07	8.80e-01	1.20e-01	1.96e-05	0.00e+00	0.00e+00	0.00e+00	0.00e+00	0.00e+00	5.21e-94
 3.13421e+13	4.67e-27	1.55e-19	7.08e-13	4.29e-07	8.88e-01	1.12e-01	1.69e-05	0.00e+00	0.00e+00	0.00e+00	0.00e+00	0.00e+00	4.10e-80
 3.24309e+13	6.10e-27	1.90e-19	8.19e-13	4.65e-07	8.95e-01	1.05e-01	1.48e-05	0.00e+00	0.00e+00	0.00e+00	0.00e+00	0.00e+00	3.19e-93
 3.34134e+13	7.72e-27	2.28e-19	9.29e-13	4.97e-07	9.00e-01	9.98e-02	1.32e-05	0.00e+00	0.00e+00	0.00e+00	0.00e+00	0.00e+00	1.54e-79
 3.44668e+13	9.85e-27	2.75e-19	1.06e-12	5.33e-07	9.06e-01	9.42e-02	1.17e-05	0.00e+00	0.00e+00	0.00e+00	0.00e+00	0.00e+00	1.47e-92
 3.57784e+13	1.32e-26	3.44e-19	1.24e-12	5.80e-07	9.12e-01	8.78e-02	1.01e-05	0.00e+00	0.00e+00	0.00e+00	0.00e+00	0.00e+00	6.43e-79
 3.70936e+13	1.75e-26	4.28e-19	1.44e-12	6.29e-07	9.18e-01	8.21e-02	8.74e-06	0.00e+00	0.00e+00	0.00e+00	0.00e+00	0.00e+00	9.36e-92
 3.82243e+13	2.22e-26	5.12e-19	1.63e-12	6.72e-07	9.22e-01	7.75e-02	7.77e-06	0.00e+00	0.00e+00	0.00e+00	0.00e+00	0.00e+00	2.57e-78
 3.94470e+13	2.84e-26	6.18e-19	1.86e-12	7.20e-07	9.27e-01	7.31e-02	6.87e-06	0.00e+00	0.00e+00	0.00e+00	0.00e+00	0.00e+00	4.43e-91
 4.09558e+13	3.82e-26	7.74e-19	2.17e-12	7.82e-07	9.32e-01	6.80e-02	5.93e-06	0.00e+00	0.00e+00	0.00e+00	0.00e+00	0.00e+00	1.10e-77
 4.24646e+13	5.07e-26	9.62e-19	2.52e-12	8.46e-07	9.36e-01	6.35e-02	5.14e-06	0.00e+00	0.00e+00	0.00e+00	0.00e+00	0.00e+00	2.86e-90
 4.37679e+13	6.44e-26	1.15e-18	2.86e-12	9.03e-07	9.40e-01	6.00e-02	4.57e-06	0.00e+00	0.00e+00	0.00e+00	0.00e+00	0.00e+00	4.47e-77
 4.51760e+13	8.26e-26	1.39e-18	3.25e-12	9.66e-07	9.44e-01	5.65e-02	4.03e-06	0.00e+00	0.00e+00	0.00e+00	0.00e+00	0.00e+00	1.38e-89
 4.69063e+13	1.11e-25	1.74e-18	3.79e-12	1.05e-06	9.47e-01	5.25e-02	3.48e-06	0.00e+00	0.00e+00	0.00e+00	0.00e+00	0.00e+00	1.94e-76
 4.86519e+13	1.48e-25	2.17e-18	4.40e-12	1.13e-06	9.51e-01	4.90e-02	3.01e-06	0.00e+00	0.00e+00	0.00e+00	0.00e+00	0.00e+00	4.22e-76
 5.01989e+13	1.89e-25	2.62e-18	5.00e-12	1.21e-06	9.54e-01	4.61e-02	2.66e-06	0.00e+00	0.00e+00	0.00e+00	0.00e+00	0.00e+00	8.25e-76
 5.18914e+13	2.46e-25	3.19e-18	5.72e-12	1.30e-06	9.57e-01	4.33e-02	2.34e-06	0.00e+00	0.00e+00	0.00e+00	0.00e+00	0.00e+00	1.67e-75
 5.39200e+13	3.33e-25	4.01e-18	6.69e-12	1.41e-06	9.60e-01	4.02e-02	2.01e-06	0.00e+00	0.00e+00	0.00e+00	0.00e+00	0.00e+00	3.79e-75
 5.59405e+13	4.45e-25	4.99e-18	7.76e-12	1.52e-06	9.63e-01	3.74e-02	1.74e-06	0.00e+00	0.00e+00	0.00e+00	0.00e+00	0.00e+00	8.35e-75
 5.77814e+13	5.75e-25	6.06e-18	8.85e-12	1.62e-06	9.65e-01	3.51e-02	1.53e-06	0.00e+00	0.00e+00	0.00e+00	0.00e+00	0.00e+00	1.68e-74
 5.98339e+13	7.57e-25	7.46e-18	1.02e-11	1.74e-06	9.67e-01	3.29e-02	1.33e-06	0.00e+00	0.00e+00	0.00e+00	0.00e+00	0.00e+00	3.55e-74
 6.22288e+13	1.03e-24	9.43e-18	1.19e-11	1.89e-06	9.70e-01	3.04e-02	1.14e-06	0.00e+00	0.00e+00	0.00e+00	0.00e+00	0.00e+00	8.25e-74
 6.45889e+13	1.39e-24	1.18e-17	1.39e-11	2.04e-06	9.72e-01	2.83e-02	9.86e-07	0.00e+00	0.00e+00	0.00e+00	0.00e+00	0.00e+00	1.84e-73
 6.68233e+13	1.81e-24	1.44e-17	1.59e-11	2.19e-06	9.73e-01	2.65e-02	0.00e+00	0.00e+00	0.00e+00	0.00e+00	0.00e+00	0.00e+00	3.84e-73
 6.93060e+13	2.42e-24	1.79e-17	1.84e-11	2.36e-06	9.75e-01	2.47e-02	0.00e+00	0.00e+00	0.00e+00	0.00e+00	0.00e+00	0.00e+00	8.43e-73
 7.21081e+13	3.31e-24	2.27e-17	2.16e-11	2.56e-06	9.77e-01	2.28e-02	0.00e+00	0.00e+00	0.00e+00	0.00e+00	0.00e+00	0.00e+00	1.98e-72
 7.49240e+13	4.48e-24	2.85e-17	2.52e-11	2.77e-06	9.79e-01	2.12e-02	0.00e+00	0.00e+00	0.00e+00	0.00e+00	0.00e+00	0.00e+00	4.54e-72
 7.78525e+13	6.07e-24	3.58e-17	2.94e-11	2.99e-06	9.80e-01	1.97e-02	0.00e+00	0.00e+00	0.00e+00	0.00e+00	0.00e+00	0.00e+00	1.04e-71
 8.09965e+13	8.31e-24	4.54e-17	3.44e-11	3.25e-06	9.82e-01	1.82e-02	0.00e+00	0.00e+00	0.00e+00	0.00e+00	1.45e-17	3.08e-17	2.44e-71
 8.40424e+13	1.11e-23	5.65e-17	3.99e-11	3.50e-06	9.83e-01	1.69e-02	0.00e+00	0.00e+00	0.00e+00	0.00e+00	1.88e-17	3.78e-17	5.42e-71
 8.69095e+13	1.45e-23	6.90e-17	4.56e-11	3.75e-06	9.84e-01	1.58e-02	0.00e+00	0.00e+00	0.00e+00	0.00e+00	2.29e-17	4.61e-17	1.12e-70
 9.01151e+13	1.93e-23	8.56e-17	5.28e-11	4.03e-06	9.85e-01	1.47e-02	0.00e+00	0.00e+00	0.00e+00	0.00e+00	2.84e-17	5.72e-17	2.45e-70
 9.33454e+13	2.55e-23	1.06e-16	6.08e-11	4.33e-06	9.86e-01	1.37e-02	0.00e+00	0.00e+00	0.00e+00	0.00e+00	3.51e-17	7.06e-17	5.22e-70
 9.60306e+13	3.19e-23	1.25e-16	6.81e-11	4.59e-06	9.87e-01	1.30e-02	0.00e+00	0.00e+00	0.00e+00	0.00e+00	4.15e-17	8.35e-17	9.63e-70
 9.88748e+13	4.01e-23	1.49e-16	7.66e-11	4.87e-06	9.88e-01	1.23e-02	0.00e+00	0.00e+00	0.00e+00	0.00e+00	4.94e-17	9.93e-17	1.80e-69
 1.02507e+14	5.33e-23	1.84e-16	8.85e-11	5.24e-06	9.89e-01	1.14e-02	0.00e+00	0.00e+00	0.00e+00	0.00e+00	6.11e-17	1.23e-16	3.92e-69
 1.06315e+14	7.10e-23	2.29e-16	1.03e-10	5.65e-06	9.89e-01	1.06e-02	0.00e+00	0.00e+00	0.00e+00	0.00e+00	7.60e-17	1.53e-16	8.66e-69
 1.09685e+14	9.09e-23	2.76e-16	1.16e-10	6.02e-06	9.90e-01	9.95e-03	0.00e+00	0.00e+00	0.00e+00	0.00e+00	9.15e-17	1.84e-16	1.68e-68
 1.13335e+14	1.18e-22	3.35e-16	1.33e-10	6.44e-06	9.91e-01	9.32e-03	0.00e+00	0.00e+00	0.00e+00	0.00e+00	1.11e-16	2.24e-16	3.38e-68
 1.17721e+14	1.58e-22	4.19e-16	1.55e-10	6.97e-06	9.91e-01	8.63e-03	0.00e+00	0.00e+00	0.00e+00	0.00e+00	1.39e-16	2.80e-16	7.62e-68
 1.22164e+14	2.12e-22	5.23e-16	1.79e-10	7.52e-06	9.92e-01	8.01e-03	0.00e+00	0.00e+00	0.00e+00	0.00e+00	1.73e-16	3.49e-16	1.68e-67
 1.26330e+14	2.76e-22	6.38e-16	2.05e-10	8.05e-06	9.93e-01	7.48e-03	0.00e+00	0.00e+00	0.00e+00	0.00e+00	2.12e-16	4.26e-16	3.45e-67
 1.30958e+14	3.65e-22	7.90e-16	2.38e-10	8.67e-06	9.93e-01	6.96e-03	0.00e+00	0.00e+00	0.00e+00	0.00e+00	2.62e-16	5.28e-16	7.42e-67
 1.35858e+14	4.88e-22	9.82e-16	2.76e-10	9.36e-06	9.94e-01	6.46e-03	0.00e+00	0.00e+00	0.00e+00	0.00e+00	3.26e-16	6.57e-16	1.62e-66
 1.40215e+14	6.25e-22	1.19e-15	3.13e-10	9.99e-06	9.94e-01	6.06e-03	0.00e+00	0.00e+00	0.00e+00	0.00e+00	3.93e-16	7.92e-16	3.18e-66
 1.44905e+14	8.08e-22	1.44e-15	3.58e-10	1.07e-05	9.94e-01	5.66e-03	0.00e+00	0.00e+00	0.00e+00	0.00e+00	4.78e-16	9.63e-16	6.41e-66
 1.50521e+14	1.09e-21	1.80e-15	4.18e-10	1.16e-05	9.95e-01	5.24e-03	0.00e+00	0.00e+00	0.00e+00	0.00e+00	5.99e-16	1.21e-15	1.43e-65
 1.56047e+14	1.44e-21	2.24e-15	4.83e-10	1.25e-05	9.95e-01	4.87e-03	0.00e+00	0.00e+00	0.00e+00	0.00e+00	7.42e-16	1.49e-15	3.10e-65
 1.60973e+14	1.84e-21	2.69e-15	5.48e-10	1.33e-05	9.95e-01	4.57e-03	0.00e+00	0.00e+00	0.00e+00	0.00e+00	8.91e-16	1.80e-15	5.98e-65
 1.66418e+14	2.39e-21	3.27e-15	6.27e-10	1.43e-05	9.96e-01	4.27e-03	0.00e+00	0.00e+00	0.00e+00	0.00e+00	1.09e-15	2.19e-15	1.21e-64
 1.72900e+14	3.21e-21	4.11e-15	7.33e-10	1.54e-05	9.96e-01	3.94e-03	0.00e+00	0.00e+00	0.00e+00	0.00e+00	1.36e-15	2.75e-15	2.72e-64
 1.79325e+14	4.28e-21	5.10e-15	8.49e-10	1.67e-05	9.96e-01	3.66e-03	0.00e+00	0.00e+00	0.00e+00	0.00e+00	1.69e-15	3.41e-15	5.92e-64
 1.85203e+14	5.50e-21	6.17e-15	9.68e-10	1.78e-05	9.97e-01	3.42e-03	0.00e+00	0.00e+00	0.00e+00	0.00e+00	2.05e-15	4.13e-15	1.17e-63
 1.91774e+14	7.22e-21	7.59e-15	1.11e-09	1.91e-05	9.97e-01	3.19e-03	0.00e+00	0.00e+00	0.00e+00	0.00e+00	2.52e-15	5.07e-15	2.46e-63
 1.99413e+14	9.79e-21	9.56e-15	1.31e-09	2.08e-05	9.97e-01	2.94e-03	0.00e+00	0.00e+00	0.00e+00	0.00e+00	3.17e-15	6.39e-15	5.62e-63
 2.06913e+14	1.31e-20	1.19e-14	1.52e-09	2.24e-05	9.97e-01	2.73e-03	0.00e+00	0.00e+00	0.00e+00	0.00e+00	3.94e-15	7.96e-15	1.23e-62
 2.14014e+14	1.70e-20	1.45e-14	1.74e-09	2.40e-05	9.97e-01	2.54e-03	0.00e+00	0.00e+00	0.00e+00	0.00e+00	4.82e-15	9.72e-15	2.52e-62
 2.21907e+14	2.25e-20	1.80e-14	2.01e-09	2.59e-05	9.98e-01	2.36e-03	0.00e+00	0.00e+00	0.00e+00	0.00e+00	5.97e-15	1.20e-14	5.44e-62
 2.30813e+14	3.06e-20	2.27e-14	2.36e-09	2.81e-05	9.98e-01	2.18e-03	0.00e+00	0.00e+00	0.00e+00	0.00e+00	7.53e-15	1.52e-14	1.26e-61
 2.39269e+14	4.06e-20	2.81e-14	2.73e-09	3.03e-05	9.98e-01	2.02e-03	0.00e+00	0.00e+00	0.00e+00	0.00e+00	9.31e-15	1.88e-14	2.71e-61
 2.46972e+14	5.20e-20	3.39e-14	3.10e-09	3.23e-05	9.98e-01	1.90e-03	0.00e+00	0.00e+00	0.00e+00	0.00e+00	1.12e-14	2.27e-14	5.31e-61
 2.55686e+14	6.82e-20	4.16e-14	3.56e-09	3.47e-05	9.98e-01	1.77e-03	0.00e+00	0.00e+00	0.00e+00	0.00e+00	1.38e-14	2.79e-14	1.11e-60
 2.65838e+14	9.24e-20	5.24e-14	4.17e-09	3.76e-05	9.98e-01	1.63e-03	0.00e+00	0.00e+00	0.00e+00	0.00e+00	1.74e-14	3.51e-14	2.55e-60
 2.75579e+14	1.23e-19	6.49e-14	4.82e-09	4.05e-05	9.98e-01	1.52e-03	0.00e+00	0.00e+00	0.00e+00	0.00e+00	2.15e-14	4.34e-14	5.52e-60
 2.83644e+14	1.54e-19	7.70e-14	5.41e-09	4.29e-05	9.99e-01	1.43e-03	0.00e+00	0.00e+00	0.00e+00	0.00e+00	2.55e-14	5.15e-14	1.02e-59
 2.91812e+14	1.92e-19	9.11e-14	6.06e-09	4.55e-05	9.99e-01	1.35e-03	0.00e+00	0.00e+00	0.00e+00	0.00e+00	3.01e-14	6.09e-14	1.88e-59
 3.02372e+14	2.53e-19	1.12e-13	6.99e-09	4.89e-05	9.99e-01	1.25e-03	0.00e+00	0.00e+00	0.00e+00	0.00e+00	3.72e-14	7.52e-14	4.02e-59
 3.13295e+14	3.34e-19	1.39e-13	8.07e-09	5.26e-05	9.99e-01	1.17e-03	0.00e+00	0.00e+00	0.00e+00	0.00e+00	4.59e-14	9.29e-14	8.62e-59
 3.22544e+14	4.20e-19	1.65e-13	9.06e-09	5.58e-05	9.99e-01	1.10e-03	0.00e+00	0.00e+00	0.00e+00	0.00e+00	5.45e-14	1.10e-13	1.61e-58
 3.32363e+14	5.31e-19	1.97e-13	1.02e-08	5.94e-05	9.99e-01	1.03e-03	0.00e+00	0.00e+00	0.00e+00	0.00e+00	6.51e-14	1.32e-13	3.06e-58
 3.44686e+14	7.07e-19	2.44e-13	1.18e-08	6.39e-05	9.99e-01	9.60e-04	0.00e+00	0.00e+00	0.00e+00	0.00e+00	8.07e-14	1.64e-13	6.70e-58
 3.57389e+14	9.39e-19	3.03e-13	1.37e-08	6.89e-05	9.99e-01	8.91e-04	0.00e+00	0.00e+00	0.00e+00	0.00e+00	1.00e-13	2.03e-13	1.46e-57
 3.68559e+14	1.20e-18	3.64e-13	1.55e-08	7.33e-05	9.99e-01	8.38e-04	0.00e+00	0.00e+00	0.00e+00	0.00e+00	1.20e-13	2.43e-13	2.84e-57
 3.80613e+14	1.54e-18	4.40e-13	1.76e-08	7.83e-05	9.99e-01	7.84e-04	0.00e+00	0.00e+00	0.00e+00	0.00e+00	1.45e-13	2.95e-13	5.68e-57
 3.95190e+14	2.07e-18	5.50e-13	2.05e-08	8.45e-05	9.99e-01	7.26e-04	0.00e+00	0.00e+00	0.00e+00	0.00e+00	1.81e-13	3.68e-13	1.28e-56
 4.09658e+14	2.74e-18	6.81e-13	2.37e-08	9.10e-05	9.99e-01	6.75e-04	0.00e+00	0.00e+00	0.00e+00	0.00e+00	2.25e-13	4.56e-13	2.77e-56
 4.22483e+14	3.50e-18	8.17e-13	2.68e-08	9.69e-05	9.99e-01	6.34e-04	0.00e+00	0.00e+00	0.00e+00	0.00e+00	2.70e-13	5.48e-13	5.41e-56
 4.36559e+14	4.51e-18	9.92e-13	3.06e-08	1.04e-04	9.99e-01	5.92e-04	0.00e+00	0.00e+00	0.00e+00	0.00e+00	3.27e-13	6.65e-13	1.09e-55
 4.53421e+14	6.07e-18	1.24e-12	3.56e-08	1.12e-04	9.99e-01	5.48e-04	0.00e+00	0.00e+00	0.00e+00	0.00e+00	4.09e-13	8.33e-13	2.47e-55
 4.70186e+14	8.06e-18	1.54e-12	4.12e-08	1.21e-04	9.99e-01	5.09e-04	0.00e+00	0.00e+00	0.00e+00	0.00e+00	5.07e-13	1.03e-12	5.38e-55
 4.85392e+14	1.03e-17	1.86e-12	4.68e-08	1.29e-04	9.99e-01	4.77e-04	0.00e+00	0.00e+00	0.00e+00	0.00e+00	6.12e-13	1.25e-12	1.07e-54
 5.02289e+14	1.35e-17	2.27e-12	5.37e-08	1.38e-04	9.99e-01	4.44e-04	0.00e+00	0.00e+00	0.00e+00	0.00e+00	7.49e-13	1.53e-12	2.22e-54
 5.22091e+14	1.82e-17	2.86e-12	6.28e-08	1.50e-04	9.99e-01	4.10e-04	0.00e+00	0.00e+00	0.00e+00	0.00e+00	9.40e-13	1.92e-12	5.08e-54
 5.41607e+14	2.42e-17	3.55e-12	7.28e-08	1.61e-04	9.99e-01	3.80e-04	0.00e+00	0.00e+00	0.00e+00	0.00e+00	1.17e-12	2.38e-12	1.12e-53
 5.59874e+14	3.13e-17	4.31e-12	8.32e-08	1.73e-04	9.99e-01	3.55e-04	0.00e+00	0.00e+00	0.00e+00	0.00e+00	1.42e-12	2.89e-12	2.27e-53
 5.80270e+14	4.12e-17	5.32e-12	9.62e-08	1.86e-04	9.99e-01	3.29e-04	0.00e+00	0.00e+00	0.00e+00	0.00e+00	1.75e-12	3.57e-12	4.81e-53
 6.03511e+14	5.59e-17	6.70e-12	1.13e-07	2.02e-04	9.99e-01	3.03e-04	0.00e+00	4.60e-18	1.38e-17	2.31e-17	2.20e-12	4.50e-12	1.12e-52
 6.26621e+14	7.45e-17	8.35e-12	1.31e-07	2.19e-04	1.00e+00	2.80e-04	0.00e+00	6.13e-18	1.84e-17	3.08e-17	2.74e-12	5.61e-12	2.48e-52
 6.50655e+14	9.92e-17	1.04e-11	1.53e-07	2.37e-04	1.00e+00	2.59e-04	0.00e+00	8.17e-18	2.45e-17	4.10e-17	3.41e-12	6.98e-12	5.48e-52
 6.75989e+14	1.32e-16	1.30e-11	1.78e-07	2.57e-04	1.00e+00	2.39e-04	0.00e+00	1.09e-17	3.28e-17	5.48e-17	4.26e-12	8.72e-12	1.22e-51
 6.97335e+14	1.68e-16	1.56e-11	2.02e-07	2.74e-04	1.00e+00	2.23e-04	0.00e+00	1.38e-17	4.15e-17	6.94e-17	5.10e-12	1.05e-11	2.35e-51
 7.13988e+14	2.00e-16	1.78e-11	2.23e-07	2.89e-04	9.99e-01	2.12e-04	0.00e+00	1.65e-17	4.96e-17	8.28e-17	5.85e-12	1.20e-11	3.85e-51
 7.32087e+14	2.42e-16	2.06e-11	2.47e-07	3.04e-04	9.99e-01	2.01e-04	0.00e+00	1.99e-17	5.99e-17	1.00e-16	6.76e-12	1.39e-11	6.51e-51
 7.55616e+14	3.06e-16	2.48e-11	2.81e-07	3.26e-04	9.99e-01	1.88e-04	0.00e+00	2.52e-17	7.58e-17	1.27e-16	8.11e-12	1.66e-11	1.25e-50
 7.81110e+14	3.91e-16	3.00e-11	3.21e-07	3.50e-04	9.99e-01	1.75e-04	0.00e+00	3.23e-17	9.71e-17	1.62e-16	9.82e-12	2.02e-11	2.50e-50
 8.04102e+14	4.85e-16	3.54e-11	3.62e-07	3.73e-04	9.99e-01	1.64e-04	0.00e+00	4.01e-17	1.20e-16	2.01e-16	1.16e-11	2.38e-11	4.54e-50
 8.28937e+14	6.06e-16	4.21e-11	4.09e-07	3.99e-04	9.99e-01	1.54e-04	0.00e+00	5.01e-17	1.50e-16	2.51e-16	1.38e-11	2.83e-11	8.49e-50
 8.59848e+14	7.93e-16	5.20e-11	4.76e-07	4.33e-04	9.99e-01	1.42e-04	0.00e+00	6.56e-17	1.97e-16	3.29e-16	1.70e-11	3.50e-11	1.81e-49
 8.90966e+14	1.03e-15	6.36e-11	5.51e-07	4.68e-04	9.99e-01	1.31e-04	0.00e+00	8.50e-17	2.55e-16	4.27e-16	2.08e-11	4.28e-11	3.75e-49
 9.17911e+14	1.27e-15	7.53e-11	6.22e-07	5.00e-04	9.99e-01	1.23e-04	0.00e+00	1.06e-16	3.17e-16	5.30e-16	2.46e-11	5.07e-11	6.90e-49
 9.47123e+14	1.59e-15	8.98e-11	7.07e-07	5.37e-04	9.99e-01	1.15e-04	0.00e+00	1.32e-16	3.96e-16	6.61e-16	2.94e-11	6.04e-11	1.29e-48
 9.82921e+14	2.07e-15	1.11e-10	8.23e-07	5.84e-04	9.99e-01	1.06e-04	0.00e+00	1.72e-16	5.17e-16	8.63e-16	3.62e-11	7.45e-11	2.77e-48
 1.01912e+15	2.68e-15	1.36e-10	9.55e-07	6.33e-04	9.99e-01	9.75e-05	0.00e+00	2.22e-16	6.68e-16	1.12e-15	4.43e-11	9.12e-11	5.78e-48
 1.05133e+15	3.32e-15	1.61e-10	1.08e-06	6.79e-04	9.99e-01	9.09e-05	0.00e+00	2.76e-16	8.30e-16	1.39e-15	5.27e-11	1.08e-10	1.08e-47
 1.08655e+15	4.18e-15	1.93e-10	1.24e-06	7.32e-04	9.99e-01	8.45e-05	0.00e+00	3.48e-16	1.05e-15	1.75e-15	6.32e-11	1.30e-10	2.11e-47
 1.12859e+15	5.44e-15	2.39e-10	1.45e-06	7.98e-04	9.99e-01	7.76e-05	0.00e+00	4.53e-16	1.36e-15	2.27e-15	7.80e-11	1.61e-10	4.55e-47
 1.17017e+15	6.96e-15	2.91e-10	1.68e-06	8.66e-04	9.99e-01	7.15e-05	0.00e+00	5.81e-16	1.74e-15	2.92e-15	9.52e-11	1.96e-10	9.45e-47
 1.20777e+15	8.63e-15	3.46e-10	1.91e-06	9.31e-04	9.99e-01	6.66e-05	0.00e+00	7.21e-16	2.17e-15	3.62e-15	1.13e-10	2.33e-10	1.79e-46
 1.24952e+15	1.09e-14	4.17e-10	2.19e-06	1.01e-03	9.99e-01	6.17e-05	0.00e+00	9.09e-16	2.73e-15	4.56e-15	1.36e-10	2.81e-10	3.55e-46
 1.29860e+15	1.41e-14	5.14e-10	2.56e-06	1.10e-03	9.99e-01	5.66e-05	0.00e+00	1.18e-15	3.54e-15	5.92e-15	1.68e-10	3.46e-10	7.75e-46
 1.34698e+15	1.80e-14	6.27e-10	2.97e-06	1.20e-03	9.99e-01	5.21e-05	0.00e+00	1.51e-15	4.53e-15	7.56e-15	2.05e-10	4.22e-10	1.63e-45
 1.39200e+15	2.24e-14	7.49e-10	3.40e-06	1.29e-03	9.99e-01	4.84e-05	0.00e+00	1.88e-15	5.64e-15	9.41e-15	2.45e-10	5.04e-10	3.17e-45
 1.44241e+15	2.83e-14	9.08e-10	3.92e-06	1.40e-03	9.99e-01	4.46e-05	0.00e+00	2.38e-15	7.14e-15	1.19e-14	2.97e-10	6.11e-10	6.53e-45
 1.50014e+15	3.52e-14	1.12e-09	4.60e-06	1.53e-03	9.98e-01	4.09e-05	0.00e+00	2.97e-15	8.91e-15	1.49e-14	3.67e-10	7.55e-10	1.43e-44
 1.55705e+15	4.47e-14	1.37e-09	5.35e-06	1.67e-03	9.98e-01	3.76e-05	0.00e+00	3.77e-15	1.13e-14	1.89e-14	4.49e-10	9.22e-10	3.07e-44
 1.61624e+15	5.67e-14	1.67e-09	6.21e-06	1.82e-03	9.98e-01	3.46e-05	0.00e+00	4.79e-15	1.44e-14	2.40e-14	5.48e-10	1.13e-09	6.58e-44
 1.67009e+15	6.96e-14	2.00e-09	7.09e-06	1.96e-03	9.98e-01	3.21e-05	0.00e+00	5.89e-15	1.77e-14	2.95e-14	6.54e-10	1.34e-09	1.29e-43
 1.71032e+15	8.08e-14	2.27e-09	7.80e-06	2.07e-03	9.98e-01	3.04e-05	0.00e+00	6.84e-15	2.05e-14	3.43e-14	7.43e-10	1.53e-09	2.09e-43
 1.75190e+15	9.40e-14	2.58e-09	8.59e-06	2.19e-03	9.98e-01	2.89e-05	0.00e+00	7.96e-15	2.39e-14	3.99e-14	8.45e-10	1.73e-09	3.43e-43
 1.80596e+15	1.14e-13	3.03e-09	9.70e-06	2.35e-03	9.98e-01	2.70e-05	0.00e+00	9.62e-15	2.89e-14	4.83e-14	9.94e-10	2.04e-09	6.40e-43
 1.86469e+15	1.39e-13	3.61e-09	1.10e-05	2.52e-03	9.97e-01	2.51e-05	0.00e+00	1.18e-14	3.53e-14	5.90e-14	1.18e-09	2.42e-09	1.26e-42
 1.91788e+15	1.65e-13	4.19e-09	1.23e-05	2.69e-03	9.97e-01	2.36e-05	0.00e+00	1.40e-14	4.20e-14	7.02e-14	1.37e-09	2.82e-09	2.25e-42
 1.97540e+15	1.98e-13	4.91e-09	1.39e-05	2.88e-03	9.97e-01	2.21e-05	0.00e+00	1.68e-14	5.05e-14	8.43e-14	1.61e-09	3.30e-09	4.21e-42
 2.04809e+15	2.47e-13	5.97e-09	1.61e-05	3.13e-03	9.97e-01	2.04e-05	0.00e+00	2.10e-14	6.32e-14	1.05e-13	1.96e-09	4.01e-09	9.12e-42
 2.12109e+15	3.05e-13	7.20e-09	1.85e-05	3.39e-03	9.97e-01	1.89e-05	0.00e+00	2.60e-14	7.81e-14	1.30e-13	2.36e-09	4.84e-09	1.92e-41
 2.18257e+15	3.62e-13	8.40e-09	2.07e-05	3.62e-03	9.96e-01	1.78e-05	0.00e+00	3.09e-14	9.27e-14	1.55e-13	2.76e-09	5.64e-09	3.53e-41
 2.24848e+15	4.33e-13	9.86e-09	2.33e-05	3.87e-03	9.96e-01	1.67e-05	0.00e+00	3.70e-14	1.11e-13	1.86e-13	3.24e-09	6.62e-09	6.68e-41
 2.33147e+15	5.40e-13	1.20e-08	2.69e-05	4.20e-03	9.96e-01	1.54e-05	0.00e+00	4.62e-14	1.39e-13	2.32e-13	3.94e-09	8.05e-09	1.44e-40
 2.41864e+15	6.71e-13	1.46e-08	3.12e-05	4.57e-03	9.95e-01	1.43e-05	0.00e+00	5.75e-14	1.73e-13	2.88e-13	4.81e-09	9.82e-09	3.16e-40
 2.49743e+15	8.12e-13	1.74e-08	3.54e-05	4.91e-03	9.95e-01	1.34e-05	0.00e+00	6.97e-14	2.09e-13	3.49e-13	5.71e-09	1.17e-08	6.24e-40
 2.58331e+15	9.94e-13	2.09e-08	4.05e-05	5.31e-03	9.95e-01	1.24e-05	0.00e+00	8.54e-14	2.56e-13	4.28e-13	6.87e-09	1.40e-08	1.29e-39
 2.68451e+15	1.24e-12	2.58e-08	4.72e-05	5.79e-03	9.94e-01	1.15e-05	0.00e+00	1.07e-13	3.22e-13	5.37e-13	8.48e-09	1.73e-08	2.96e-39
 2.78334e+15	1.53e-12	3.14e-08	5.45e-05	6.29e-03	9.94e-01	1.07e-05	0.00e+00	1.32e-13	3.97e-13	6.62e-13	1.03e-08	2.11e-08	6.42e-39
 2.87357e+15	1.85e-12	3.74e-08	6.19e-05	6.75e-03	9.93e-01	1.00e-05	0.00e+00	1.60e-13	4.80e-13	8.02e-13	1.23e-08	2.51e-08	1.27e-38
 2.97486e+15	2.27e-12	4.52e-08	7.11e-05	7.31e-03	9.93e-01	9.37e-06	0.00e+00	1.96e-13	5.89e-13	9.84e-13	1.49e-08	3.03e-08	2.67e-38
 3.09278e+15	2.85e-12	5.59e-08	8.30e-05	7.98e-03	9.92e-01	8.69e-06	0.00e+00	2.47e-13	7.41e-13	1.24e-12	1.84e-08	3.75e-08	6.13e-38
 3.20876e+15	3.53e-12	6.85e-08	9.62e-05	8.67e-03	9.91e-01	8.11e-06	0.00e+00	3.06e-13	9.17e-13	1.53e-12	2.26e-08	4.59e-08	1.33e-37
 3.31836e+15	4.28e-12	8.25e-08	1.10e-04	9.35e-03	9.91e-01	7.62e-06	0.00e+00	3.71e-13	1.11e-12	1.86e-12	2.72e-08	5.53e-08	2.72e-37
 3.41405e+15	4.96e-12	9.66e-08	1.23e-04	9.98e-03	9.90e-01	7.26e-06	0.00e+00	4.31e-13	1.29e-12	2.16e-12	3.18e-08	6.47e-08	4.94e-37
 3.49364e+15	5.65e-12	1.10e-07	1.35e-04	1.05e-02	9.89e-01	6.97e-06	0.00e+00	4.91e-13	1.47e-12	2.46e-12	3.62e-08	7.35e-08	8.02e-37
 3.58146e+15	6.54e-12	1.26e-07	1.49e-04	1.11e-02	9.89e-01	6.67e-06	0.00e+00	5.68e-13	1.71e-12	2.85e-12	4.15e-08	8.44e-08	1.36e-36
 3.69562e+15	7.85e-12	1.50e-07	1.69e-04	1.19e-02	9.88e-01	6.32e-06	0.00e+00	6.83e-13	2.05e-12	3.42e-12	4.95e-08	1.01e-07	2.64e-36
 3.81556e+15	9.38e-12	1.79e-07	1.92e-04	1.28e-02	9.87e-01	5.99e-06	0.00e+00	8.17e-13	2.45e-12	4.09e-12	5.91e-08	1.20e-07	5.11e-36
 3.91817e+15	1.10e-11	2.07e-07	2.14e-04	1.36e-02	9.86e-01	5.74e-06	0.00e+00	9.56e-13	2.87e-12	4.79e-12	6.85e-08	1.39e-07	8.84e-36
 4.02675e+15	1.29e-11	2.42e-07	2.39e-04	1.45e-02	9.85e-01	5.49e-06	0.00e+00	1.12e-12	3.38e-12	5.63e-12	7.98e-08	1.62e-07	1.56e-35
 4.16790e+15	1.58e-11	2.93e-07	2.74e-04	1.56e-02	9.84e-01	5.21e-06	0.00e+00	1.38e-12	4.14e-12	6.92e-12	9.69e-08	1.96e-07	3.20e-35
 4.31318e+15	1.92e-11	3.54e-07	3.15e-04	1.69e-02	9.83e-01	4.94e-06	0.00e+00	1.68e-12	5.05e-12	8.43e-12	1.17e-07	2.37e-07	6.42e-35
 4.43425e+15	2.24e-11	4.13e-07	3.52e-04	1.80e-02	9.82e-01	4.77e-06	0.00e+00	1.96e-12	5.90e-12	9.84e-12	1.37e-07	2.77e-07	1.13e-34
 4.56208e+15	2.68e-11	4.86e-07	3.95e-04	1.92e-02	9.80e-01	4.59e-06	0.00e+00	2.35e-12	7.05e-12	1.18e-11	1.61e-07	3.26e-07	2.03e-34
 4.72704e+15	3.33e-11	5.95e-07	4.56e-04	2.08e-02	9.79e-01	4.36e-06	0.00e+00	2.92e-12	8.76e-12	1.46e-11	1.97e-07	3.98e-07	4.22e-34
 4.89988e+15	4.11e-11	7.29e-07	5.27e-04	2.26e-02	9.77e-01	4.16e-06	0.00e+00	3.61e-12	1.08e-11	1.81e-11	2.41e-07	4.88e-07	8.69e-34
 5.04938e+15	4.92e-11	8.65e-07	5.95e-04	2.41e-02	9.75e-01	4.02e-06	0.00e+00	4.33e-12	1.30e-11	2.17e-11	2.86e-07	5.79e-07	1.58e-33
 5.20888e+15	5.95e-11	1.03e-06	6.76e-04	2.59e-02	9.73e-01	3.88e-06	0.00e+00	5.23e-12	1.57e-11	2.62e-11	3.42e-07	6.92e-07	2.99e-33
 5.40503e+15	7.45e-11	1.28e-06	7.86e-04	2.82e-02	9.71e-01	3.71e-06	0.00e+00	6.56e-12	1.97e-11	3.29e-11	4.23e-07	8.55e-07	6.31e-33
 5.60012e+15	9.26e-11	1.56e-06	9.08e-04	3.06e-02	9.68e-01	3.58e-06	0.00e+00	8.17e-12	2.45e-11	4.09e-11	5.18e-07	1.05e-06	1.26e-32
 5.77085e+15	1.12e-10	1.86e-06	1.03e-03	3.28e-02	9.66e-01	3.49e-06	0.00e+00	9.86e-12	2.96e-11	4.94e-11	6.15e-07	1.24e-06	2.27e-32
 5.95862e+15	1.37e-10	2.24e-06	1.17e-03	3.53e-02	9.64e-01	3.38e-06	0.00e+00	1.21e-11	3.63e-11	6.05e-11	7.42e-07	1.50e-06	4.30e-32
 6.18606e+15	1.74e-10	2.78e-06	1.37e-03	3.85e-02	9.60e-01	3.27e-06	0.00e+00	1.54e-11	4.62e-11	7.71e-11	9.22e-07	1.86e-06	8.98e-32
 6.40940e+15	2.16e-10	3.41e-06	1.59e-03	4.18e-02	9.57e-01	3.16e-06	0.00e+00	1.91e-11	5.73e-11	9.56e-11	1.13e-06	2.28e-06	1.76e-31
 6.59888e+15	2.60e-10	4.03e-06	1.79e-03	4.48e-02	9.53e-01	3.10e-06	0.00e+00	2.31e-11	6.93e-11	1.16e-10	1.34e-06	2.70e-06	3.05e-31
 6.76282e+15	3.04e-10	4.64e-06	1.98e-03	4.74e-02	9.51e-01	3.04e-06	0.00e+00	2.70e-11	8.09e-11	1.35e-10	1.54e-06	3.10e-06	4.73e-31
 6.93878e+15	3.62e-10	5.41e-06	2.21e-03	5.04e-02	9.47e-01	2.98e-06	0.00e+00	3.22e-11	9.65e-11	1.61e-10	1.79e-06	3.61e-06	7.78e-31
 7.13399e+15	4.30e-10	6.35e-06	2.48e-03	5.38e-02	9.44e-01	2.91e-06	0.00e+00	3.82e-11	1.15e-10	1.91e-10	2.11e-06	4.24e-06	1.31e-30
 7.31916e+15	5.09e-10	7.38e-06	2.77e-03	5.72e-02	9.40e-01	2.86e-06	0.00e+00	4.53e-11	1.36e-10	2.27e-10	2.45e-06	4.93e-06	2.10e-30
 7.52482e+15	6.18e-10	8.71e-06	3.12e-03	6.12e-02	9.36e-01	2.81e-06	0.00e+00	5.51e-11	1.65e-10	2.76e-10	2.89e-06	5.82e-06	3.58e-30
 7.74642e+15	7.49e-10	1.03e-05	3.53e-03	6.56e-02	9.31e-01	2.76e-06	0.00e+00	6.68e-11	2.00e-10	3.34e-10	3.43e-06	6.90e-06	6.09e-30
 7.94910e+15	8.86e-10	1.20e-05	3.95e-03	6.98e-02	9.26e-01	2.71e-06	0.00e+00	7.91e-11	2.37e-10	3.96e-10	3.99e-06	8.03e-06	9.69e-30
 8.17293e+15	1.07e-09	1.42e-05	4.47e-03	7.47e-02	9.21e-01	2.66e-06	0.00e+00	9.59e-11	2.88e-10	4.80e-10	4.73e-06	9.51e-06	1.65e-29
 8.41835e+15	1.31e-09	1.70e-05	5.09e-03	8.04e-02	9.15e-01	2.61e-06	0.00e+00	1.17e-10	3.52e-10	5.87e-10	5.64e-06	1.13e-05	2.81e-29
 8.64875e+15	1.59e-09	2.00e-05	5.73e-03	8.59e-02	9.08e-01	2.57e-06	0.00e+00	1.42e-10	4.27e-10	7.12e-10	6.64e-06	1.33e-05	4.56e-29
 8.90516e+15	1.98e-09	2.40e-05	6.56e-03	9.26e-02	9.01e-01	2.54e-06	0.00e+00	1.78e-10	5.33e-10	8.89e-10	7.98e-06	1.60e-05	7.99e-29
 9.17552e+15	2.43e-09	2.88e-05	7.51e-03	9.98e-02	8.93e-01	2.49e-06	0.00e+00	2.18e-10	6.53e-10	1.09e-09	9.55e-06	1.92e-05	1.35e-28
 9.40972e+15	2.90e-09	3.36e-05	8.43e-03	1.06e-01	8.85e-01	2.45e-06	0.00e+00	2.61e-10	7.82e-10	1.30e-09	1.11e-05	2.24e-05	2.10e-28
 9.65986e+15	3.56e-09	3.98e-05	9.57e-03	1.14e-01	8.76e-01	2.42e-06	0.00e+00	3.20e-10	9.60e-10	1.60e-09	1.32e-05	2.66e-05	3.46e-28
 9.93576e+15	4.43e-09	4.76e-05	1.10e-02	1.23e-01	8.66e-01	2.39e-06	0.00e+00	4.00e-10	1.20e-09	2.00e-09	1.58e-05	3.18e-05	5.77e-28
 1.01892e+16	5.39e-09	5.59e-05	1.24e-02	1.31e-01	8.56e-01	2.36e-06	0.00e+00	4.86e-10	1.46e-09	2.43e-09	1.86e-05	3.73e-05	9.00e-28
 1.04267e+16	6.39e-09	6.50e-05	1.39e-02	1.39e-01	8.47e-01	2.33e-06	0.00e+00	5.77e-10	1.73e-09	2.89e-09	2.16e-05	4.34e-05	1.37e-27
 1.06995e+16	8.02e-09	7.79e-05	1.59e-02	1.50e-01	8.34e-01	2.30e-06	0.00e+00	7.25e-10	2.17e-09	3.63e-09	2.59e-05	5.20e-05	2.30e-27
 1.09784e+16	9.75e-09	9.22e-05	1.81e-02	1.61e-01	8.21e-01	2.26e-06	0.00e+00	8.83e-10	2.65e-09	4.41e-09	3.07e-05	6.16e-05	3.60e-27
 1.12077e+16	1.16e-08	1.06e-04	2.02e-02	1.70e-01	8.10e-01	2.24e-06	0.00e+00	1.05e-09	3.15e-09	5.25e-09	3.53e-05	7.09e-05	5.27e-27
 1.14485e+16	1.41e-08	1.24e-04	2.28e-02	1.81e-01	7.96e-01	2.22e-06	0.00e+00	1.28e-09	3.83e-09	6.39e-09	4.14e-05	8.30e-05	8.14e-27
 1.17094e+16	1.74e-08	1.47e-04	2.59e-02	1.93e-01	7.81e-01	2.21e-06	0.00e+00	1.58e-09	4.73e-09	7.89e-09	4.88e-05	9.79e-05	1.27e-26
 1.19417e+16	2.08e-08	1.70e-04	2.90e-02	2.04e-01	7.67e-01	2.19e-06	0.00e+00	1.89e-09	5.68e-09	9.46e-09	5.64e-05	1.13e-04	1.85e-26
 1.21553e+16	2.44e-08	1.94e-04	3.22e-02	2.15e-01	7.53e-01	2.17e-06	0.00e+00	2.22e-09	6.66e-09	1.11e-08	6.45e-05	1.29e-04	2.64e-26
 1.23996e+16	3.02e-08	2.29e-04	3.66e-02	2.29e-01	7.34e-01	2.16e-06	0.00e+00	2.75e-09	8.25e-09	1.38e-08	7.63e-05	1.53e-04	4.18e-26
 1.26581e+16	3.68e-08	2.69e-04	4.16e-02	2.43e-01	7.15e-01	2.13e-06	0.00e+00	3.35e-09	1.01e-08	1.68e-08	8.97e-05	1.80e-04	6.34e-26
 1.28823e+16	4.42e-08	3.12e-04	4.66e-02	2.57e-01	6.96e-01	2.12e-06	0.00e+00	4.03e-09	1.21e-08	2.02e-08	1.04e-04	2.08e-04	9.32e-26
 1.30873e+16	5.35e-08	3.59e-04	5.20e-02	2.70e-01	6.78e-01	2.13e-06	0.00e+00	4.88e-09	1.46e-08	2.44e-08	1.20e-04	2.39e-04	1.36e-25
 1.32885e+16	6.27e-08	4.10e-04	5.78e-02	2.83e-01	6.59e-01	2.12e-06	0.00e+00	5.73e-09	1.72e-08	2.87e-08	1.37e-04	2.74e-04	1.93e-25
 1.35186e+16	7.83e-08	4.86e-04	6.57e-02	2.99e-01	6.34e-01	2.12e-06	0.00e+00	7.16e-09	2.15e-08	3.58e-08	1.62e-04	3.24e-04	3.12e-25
 1.37578e+16	9.60e-08	5.71e-04	7.47e-02	3.16e-01	6.09e-01	2.11e-06	0.00e+00	8.79e-09	2.64e-08	4.40e-08	1.90e-04	3.81e-04	4.70e-25
 1.39592e+16	1.15e-07	6.60e-04	8.36e-02	3.31e-01	5.84e-01	2.11e-06	0.00e+00	1.06e-08	3.17e-08	5.28e-08	2.20e-04	4.40e-04	6.94e-25
 1.41398e+16	1.39e-07	7.58e-04	9.29e-02	3.46e-01	5.61e-01	2.13e-06	0.00e+00	1.28e-08	3.83e-08	6.38e-08	2.53e-04	5.06e-04	1.03e-24
 1.43430e+16	1.69e-07	8.70e-04	1.04e-01	3.62e-01	5.33e-01	2.11e-06	5.25e-12	1.56e-08	4.66e-08	7.77e-08	2.90e-04	5.80e-04	1.47e-24
 1.45618e+16	2.10e-07	1.05e-03	1.19e-01	3.80e-01	5.00e-01	2.12e-06	0.00e+00	1.93e-08	5.78e-08	9.63e-08	3.48e-04	6.98e-04	2.49e-24
 1.47433e+16	2.52e-07	1.20e-03	1.33e-01	3.95e-01	4.71e-01	2.14e-06	0.00e+00	2.32e-08	6.96e-08	1.16e-07	4.01e-04	8.03e-04	3.70e-24
 1.48912e+16	3.00e-07	1.36e-03	1.46e-01	4.07e-01	4.46e-01	2.18e-06	6.85e-12	2.76e-08	8.27e-08	1.38e-07	4.53e-04	9.06e-04	5.25e-24
 1.50532e+16	3.57e-07	1.53e-03	1.61e-01	4.21e-01	4.17e-01	2.16e-06	0.00e+00	3.28e-08	9.85e-08	1.64e-07	5.11e-04	1.02e-03	7.38e-24
 1.52313e+16	4.36e-07	1.78e-03	1.79e-01	4.35e-01	3.83e-01	2.16e-06	0.00e+00	4.01e-08	1.20e-07	2.01e-07	5.92e-04	1.18e-03	1.14e-23
 1.53868e+16	5.27e-07	2.08e-03	1.99e-01	4.48e-01	3.51e-01	2.24e-06	0.00e+00	4.86e-08	1.46e-07	2.43e-07	6.94e-04	1.39e-03	1.92e-23
 1.55022e+16	5.98e-07	2.30e-03	2.14e-01	4.56e-01	3.27e-01	2.25e-06	1.02e-11	5.52e-08	1.65e-07	2.76e-07	7.65e-04	1.53e-03	2.59e-23
 1.56088e+16	6.83e-07	2.49e-03	2.29e-01	4.64e-01	3.05e-01	2.23e-06	0.00e+00	6.30e-08	1.89e-07	3.15e-07	8.29e-04	1.66e-03	3.28e-23
 1.57475e+16	8.14e-07	2.81e-03	2.50e-01	4.73e-01	2.74e-01	2.19e-06	0.00e+00	7.52e-08	2.26e-07	3.76e-07	9.37e-04	1.87e-03	4.86e-23
