#depth	O	O+	O+2	O+3	O+4	O+5	O+6	O+7	O+8	O[1]	O[2]	O[3]
 1.49634e+10	0.00e+00	6.41e-45	1.47e-34	4.10e-25	1.69e-16	9.38e-09	1.00e+00	0.00e+00	0.00e+00	0.00e+00	0.00e+00	0.00e+00
 4.54887e+10	0.00e+00	0.00e+00	2.01e-34	5.20e-25	1.98e-16	1.02e-08	1.00e+00	7.73e-07	0.00e+00	0.00e+00	0.00e+00	0.00e+00
 7.72350e+10	0.00e+00	1.42e-44	2.77e-34	6.61e-25	2.32e-16	1.10e-08	1.00e+00	0.00e+00	0.00e+00	0.00e+00	0.00e+00	0.00e+00
 1.10251e+11	0.00e+00	0.00e+00	3.80e-34	8.39e-25	2.72e-16	1.19e-08	1.00e+00	0.00e+00	0.00e+00	0.00e+00	0.00e+00	0.00e+00
 1.42623e+11	0.00e+00	3.06e-44	5.13e-34	1.05e-24	3.17e-16	1.28e-08	1.00e+00	0.00e+00	0.00e+00	0.00e+00	0.00e+00	0.00e+00
 1.72705e+11	0.00e+00	0.00e+00	6.71e-34	1.29e-24	3.63e-16	1.37e-08	1.00e+00	0.00e+00	0.00e+00	0.00e+00	0.00e+00	0.00e+00
 2.05956e+11	0.00e+00	6.14e-44	8.95e-34	1.60e-24	4.19e-16	1.48e-08	1.00e+00	0.00e+00	0.00e+00	0.00e+00	0.00e+00	0.00e+00
 2.44121e+11	0.00e+00	0.00e+00	1.23e-33	2.03e-24	4.92e-16	1.60e-08	1.00e+00	0.00e+00	0.00e+00	0.00e+00	0.00e+00	0.00e+00
 2.81778e+11	0.00e+00	1.33e-43	1.67e-33	2.55e-24	5.73e-16	1.73e-08	1.00e+00	0.00e+00	0.00e+00	0.00e+00	0.00e+00	0.00e+00
 3.20941e+11	0.00e+00	0.00e+00	2.26e-33	3.20e-24	6.68e-16	1.87e-08	1.00e+00	0.00e+00	0.00e+00	0.00e+00	0.00e+00	0.00e+00
 3.63705e+11	0.00e+00	2.90e-43	3.11e-33	4.07e-24	7.84e-16	2.02e-08	1.00e+00	0.00e+00	0.00e+00	0.00e+00	0.00e+00	0.00e+00
 4.07261e+11	0.00e+00	0.00e+00	4.25e-33	5.16e-24	9.19e-16	2.19e-08	1.00e+00	0.00e+00	0.00e+00	0.00e+00	0.00e+00	0.00e+00
 4.52559e+11	0.00e+00	6.35e-43	5.82e-33	6.54e-24	1.08e-15	2.37e-08	1.00e+00	0.00e+00	0.00e+00	0.00e+00	0.00e+00	0.00e+00
 5.00588e+11	0.00e+00	0.00e+00	8.02e-33	8.32e-24	1.27e-15	2.57e-08	1.00e+00	0.00e+00	0.00e+00	0.00e+00	0.00e+00	0.00e+00
 5.50538e+11	0.00e+00	1.42e-42	1.11e-32	1.06e-23	1.49e-15	2.79e-08	1.00e+00	0.00e+00	0.00e+00	0.00e+00	0.00e+00	0.00e+00
 6.02487e+11	0.00e+00	0.00e+00	1.53e-32	1.35e-23	1.75e-15	3.03e-08	1.00e+00	0.00e+00	0.00e+00	0.00e+00	0.00e+00	0.00e+00
 6.56513e+11	0.00e+00	3.16e-42	2.11e-32	1.72e-23	2.06e-15	3.29e-08	1.00e+00	0.00e+00	0.00e+00	0.00e+00	0.00e+00	0.00e+00
 7.12700e+11	0.00e+00	0.00e+00	2.91e-32	2.20e-23	2.43e-15	3.57e-08	1.00e+00	0.00e+00	0.00e+00	0.00e+00	0.00e+00	0.00e+00
 7.71135e+11	0.00e+00	7.07e-42	4.02e-32	2.80e-23	2.86e-15	3.88e-08	1.00e+00	0.00e+00	0.00e+00	0.00e+00	0.00e+00	0.00e+00
 8.31907e+11	0.00e+00	0.00e+00	5.56e-32	3.58e-23	3.37e-15	4.21e-08	1.00e+00	0.00e+00	0.00e+00	0.00e+00	0.00e+00	0.00e+00
 8.89225e+11	0.00e+00	1.53e-41	7.46e-32	4.47e-23	3.91e-15	4.54e-08	1.00e+00	0.00e+00	0.00e+00	0.00e+00	0.00e+00	0.00e+00
 9.40756e+11	0.00e+00	0.00e+00	9.64e-32	5.42e-23	4.46e-15	4.85e-08	1.00e+00	0.00e+00	0.00e+00	0.00e+00	0.00e+00	0.00e+00
 9.98706e+11	0.00e+00	2.98e-41	1.28e-31	6.70e-23	5.14e-15	5.21e-08	1.00e+00	0.00e+00	0.00e+00	0.00e+00	0.00e+00	0.00e+00
 1.06705e+12	0.00e+00	0.00e+00	1.76e-31	8.53e-23	6.05e-15	5.66e-08	1.00e+00	0.00e+00	0.00e+00	0.00e+00	0.00e+00	0.00e+00
 1.13528e+12	0.00e+00	6.50e-41	2.39e-31	1.08e-22	7.08e-15	6.12e-08	1.00e+00	0.00e+00	0.00e+00	0.00e+00	0.00e+00	0.00e+00
 1.19971e+12	0.00e+00	0.00e+00	3.16e-31	1.33e-22	8.16e-15	6.58e-08	1.00e+00	0.00e+00	0.00e+00	0.00e+00	0.00e+00	0.00e+00
 1.27109e+12	0.00e+00	1.34e-40	4.27e-31	1.67e-22	9.52e-15	7.11e-08	1.00e+00	0.00e+00	0.00e+00	0.00e+00	0.00e+00	0.00e+00
 1.35187e+12	0.00e+00	0.00e+00	5.92e-31	2.14e-22	1.13e-14	7.74e-08	1.00e+00	0.00e+00	0.00e+00	0.00e+00	0.00e+00	0.00e+00
 1.43281e+12	0.00e+00	2.99e-40	8.13e-31	2.72e-22	1.33e-14	8.41e-08	1.00e+00	0.00e+00	0.00e+00	0.00e+00	0.00e+00	0.00e+00
 1.51699e+12	0.00e+00	0.00e+00	1.12e-30	3.47e-22	1.56e-14	9.13e-08	1.00e+00	0.00e+00	0.00e+00	0.00e+00	0.00e+00	0.00e+00
 1.60760e+12	0.00e+00	6.69e-40	1.55e-30	4.45e-22	1.85e-14	9.95e-08	1.00e+00	0.00e+00	0.00e+00	0.00e+00	0.00e+00	0.00e+00
 1.69266e+12	0.00e+00	0.00e+00	2.10e-30	5.59e-22	2.16e-14	1.08e-07	1.00e+00	0.00e+00	0.00e+00	0.00e+00	0.00e+00	0.00e+00
 1.76873e+12	0.00e+00	1.34e-39	2.71e-30	6.80e-22	2.47e-14	1.15e-07	1.00e+00	0.00e+00	0.00e+00	0.00e+00	0.00e+00	0.00e+00
 1.85427e+12	0.00e+00	0.00e+00	3.60e-30	8.44e-22	2.86e-14	1.24e-07	1.00e+00	0.00e+00	0.00e+00	0.00e+00	0.00e+00	0.00e+00
 1.95563e+12	0.00e+00	2.83e-39	4.97e-30	1.08e-21	3.37e-14	1.35e-07	1.00e+00	0.00e+00	0.00e+00	0.00e+00	0.00e+00	0.00e+00
 2.05727e+12	0.00e+00	0.00e+00	6.81e-30	1.37e-21	3.98e-14	1.47e-07	1.00e+00	0.00e+00	0.00e+00	0.00e+00	0.00e+00	0.00e+00
 2.15216e+12	0.00e+00	5.94e-39	9.03e-30	1.70e-21	4.61e-14	1.58e-07	1.00e+00	0.00e+00	0.00e+00	0.00e+00	0.00e+00	0.00e+00
 2.25736e+12	0.00e+00	0.00e+00	1.22e-29	2.14e-21	5.39e-14	1.71e-07	1.00e+00	0.00e+00	0.00e+00	0.00e+00	0.00e+00	0.00e+00
 2.37758e+12	0.00e+00	1.31e-38	1.71e-29	2.76e-21	6.43e-14	1.88e-07	1.00e+00	0.00e+00	0.00e+00	0.00e+00	0.00e+00	0.00e+00
 2.49562e+12	0.00e+00	0.00e+00	2.34e-29	3.52e-21	7.59e-14	2.04e-07	1.00e+00	0.00e+00	0.00e+00	0.00e+00	0.00e+00	0.00e+00
 2.61837e+12	0.00e+00	2.85e-38	3.21e-29	4.48e-21	8.97e-14	2.22e-07	1.00e+00	0.00e+00	0.00e+00	0.00e+00	0.00e+00	0.00e+00
 2.75303e+12	0.00e+00	0.00e+00	4.49e-29	5.79e-21	1.07e-13	2.44e-07	1.00e+00	0.00e+00	0.00e+00	0.00e+00	0.00e+00	0.00e+00
 2.88846e+12	0.00e+00	6.43e-38	6.21e-29	7.43e-21	1.27e-13	2.66e-07	1.00e+00	0.00e+00	0.00e+00	0.00e+00	0.00e+00	0.00e+00
 3.02929e+12	0.00e+00	0.00e+00	8.59e-29	9.54e-21	1.51e-13	2.91e-07	1.00e+00	0.00e+00	0.00e+00	0.00e+00	0.00e+00	0.00e+00
 3.18039e+12	0.00e+00	1.45e-37	1.20e-28	1.23e-20	1.81e-13	3.19e-07	1.00e+00	0.00e+00	0.00e+00	0.00e+00	0.00e+00	0.00e+00
 3.33031e+12	0.00e+00	0.00e+00	1.65e-28	1.58e-20	2.15e-13	3.49e-07	1.00e+00	0.00e+00	0.00e+00	0.00e+00	0.00e+00	0.00e+00
 3.48623e+12	0.00e+00	3.18e-37	2.28e-28	2.02e-20	2.55e-13	3.81e-07	1.00e+00	0.00e+00	0.00e+00	0.00e+00	0.00e+00	0.00e+00
 3.65561e+12	0.00e+00	0.00e+00	3.18e-28	2.62e-20	3.06e-13	4.19e-07	1.00e+00	0.00e+00	0.00e+00	0.00e+00	0.00e+00	0.00e+00
 3.83176e+12	0.00e+00	7.21e-37	4.44e-28	3.39e-20	3.66e-13	4.60e-07	1.00e+00	0.00e+00	0.00e+00	0.00e+00	0.00e+00	0.00e+00
 4.01496e+12	0.00e+00	0.00e+00	6.19e-28	4.39e-20	4.40e-13	5.06e-07	1.00e+00	0.00e+00	0.00e+00	0.00e+00	0.00e+00	0.00e+00
 4.20548e+12	0.00e+00	1.62e-36	8.63e-28	5.69e-20	5.28e-13	5.57e-07	1.00e+00	0.00e+00	0.00e+00	0.00e+00	0.00e+00	0.00e+00
 4.40363e+12	7.90e-46	2.43e-36	1.20e-27	7.36e-20	6.33e-13	6.13e-07	1.00e+00	0.00e+00	0.00e+00	0.00e+00	0.00e+00	0.00e+00
 4.58325e+12	0.00e+00	0.00e+00	1.60e-27	9.22e-20	7.43e-13	6.67e-07	1.00e+00	0.00e+00	0.00e+00	0.00e+00	0.00e+00	0.00e+00
 4.73358e+12	0.00e+00	4.58e-36	2.02e-27	1.11e-19	8.46e-13	7.14e-07	1.00e+00	0.00e+00	0.00e+00	0.00e+00	0.00e+00	0.00e+00
 4.89857e+12	2.41e-45	6.19e-36	2.59e-27	1.34e-19	9.72e-13	7.69e-07	1.00e+00	0.00e+00	0.00e+00	0.00e+00	0.00e+00	0.00e+00
 5.10663e+12	0.00e+00	0.00e+00	3.50e-27	1.70e-19	1.15e-12	8.41e-07	1.00e+00	0.00e+00	0.00e+00	0.00e+00	0.00e+00	0.00e+00
 5.32319e+12	0.00e+00	1.28e-35	4.73e-27	2.16e-19	1.36e-12	9.20e-07	1.00e+00	0.00e+00	0.00e+00	0.00e+00	0.00e+00	0.00e+00
 5.50883e+12	8.20e-45	1.73e-35	6.06e-27	2.62e-19	1.57e-12	9.92e-07	1.00e+00	0.00e+00	0.00e+00	0.00e+00	0.00e+00	0.00e+00
 5.70174e+12	0.00e+00	0.00e+00	7.78e-27	3.19e-19	1.81e-12	1.07e-06	1.00e+00	0.00e+00	0.00e+00	0.00e+00	0.00e+00	0.00e+00
 5.94196e+12	0.00e+00	3.35e-35	1.05e-26	4.04e-19	2.14e-12	1.17e-06	1.00e+00	0.00e+00	0.00e+00	0.00e+00	0.00e+00	0.00e+00
 6.18526e+12	2.72e-44	4.75e-35	1.40e-26	5.08e-19	2.53e-12	1.28e-06	1.00e+00	0.00e+00	0.00e+00	0.00e+00	0.00e+00	0.00e+00
 6.39732e+12	0.00e+00	6.36e-35	1.79e-26	6.16e-19	2.91e-12	1.38e-06	1.00e+00	0.00e+00	0.00e+00	0.00e+00	0.00e+00	0.00e+00
 6.62715e+12	5.51e-44	8.62e-35	2.30e-26	7.54e-19	3.36e-12	1.49e-06	1.00e+00	0.00e+00	0.00e+00	0.00e+00	0.00e+00	0.00e+00
 6.90716e+12	0.00e+00	1.23e-34	3.10e-26	9.55e-19	3.99e-12	1.64e-06	1.00e+00	0.00e+00	0.00e+00	0.00e+00	0.00e+00	0.00e+00
 7.19220e+12	1.27e-43	1.74e-34	4.14e-26	1.20e-18	4.71e-12	1.79e-06	1.00e+00	0.00e+00	0.00e+00	0.00e+00	0.00e+00	0.00e+00
 7.45365e+12	0.00e+00	2.37e-34	5.35e-26	1.47e-18	5.46e-12	1.94e-06	1.00e+00	0.00e+00	0.00e+00	0.00e+00	0.00e+00	0.00e+00
 7.74465e+12	2.68e-43	3.28e-34	7.03e-26	1.83e-18	6.39e-12	2.11e-06	1.00e+00	0.00e+00	0.00e+00	0.00e+00	0.00e+00	0.00e+00
 8.08227e+12	0.00e+00	4.73e-34	9.53e-26	2.34e-18	7.61e-12	2.32e-06	1.00e+00	0.00e+00	0.00e+00	0.00e+00	0.00e+00	0.00e+00
 8.41550e+12	6.18e-43	6.67e-34	1.27e-25	2.94e-18	8.99e-12	2.54e-06	1.00e+00	0.00e+00	0.00e+00	0.00e+00	0.00e+00	0.00e+00
 8.73450e+12	0.00e+00	9.15e-34	1.66e-25	3.63e-18	1.05e-11	2.76e-06	1.00e+00	0.00e+00	0.00e+00	0.00e+00	0.00e+00	0.00e+00
 9.08625e+12	1.33e-42	1.28e-33	2.19e-25	4.54e-18	1.23e-11	3.02e-06	1.00e+00	0.00e+00	0.00e+00	0.00e+00	0.00e+00	0.00e+00
 9.47963e+12	0.00e+00	1.84e-33	2.97e-25	5.78e-18	1.46e-11	3.31e-06	1.00e+00	0.00e+00	0.00e+00	0.00e+00	0.00e+00	0.00e+00
 9.83718e+12	2.95e-42	2.51e-33	3.86e-25	7.13e-18	1.70e-11	3.60e-06	1.00e+00	0.00e+00	0.00e+00	0.00e+00	0.00e+00	0.00e+00
 1.01380e+13	0.00e+00	3.25e-33	4.78e-25	8.46e-18	1.92e-11	3.85e-06	1.00e+00	0.00e+00	0.00e+00	0.00e+00	0.00e+00	0.00e+00
 1.04687e+13	5.51e-42	4.27e-33	6.01e-25	1.01e-17	2.19e-11	4.13e-06	1.00e+00	0.00e+00	0.00e+00	0.00e+00	0.00e+00	0.00e+00
 1.08420e+13	0.00e+00	5.75e-33	7.71e-25	1.24e-17	2.52e-11	4.46e-06	1.00e+00	0.00e+00	0.00e+00	0.00e+00	0.00e+00	0.00e+00
 1.11992e+13	1.08e-41	7.58e-33	9.72e-25	1.49e-17	2.87e-11	4.79e-06	1.00e+00	0.00e+00	0.00e+00	0.00e+00	0.00e+00	0.00e+00
 1.15924e+13	0.00e+00	1.02e-32	1.24e-24	1.81e-17	3.30e-11	5.16e-06	1.00e+00	0.00e+00	0.00e+00	0.00e+00	0.00e+00	0.00e+00
 1.20291e+13	2.22e-41	1.40e-32	1.62e-24	2.23e-17	3.83e-11	5.60e-06	1.00e+00	0.00e+00	0.00e+00	0.00e+00	0.00e+00	0.00e+00
 1.24385e+13	0.00e+00	1.86e-32	2.06e-24	2.70e-17	4.38e-11	6.02e-06	1.00e+00	0.00e+00	0.00e+00	0.00e+00	0.00e+00	0.00e+00
 1.28864e+13	4.44e-41	2.52e-32	2.65e-24	3.30e-17	5.04e-11	6.50e-06	1.00e+00	0.00e+00	0.00e+00	0.00e+00	0.00e+00	0.00e+00
 1.33902e+13	0.00e+00	3.50e-32	3.49e-24	4.10e-17	5.88e-11	7.07e-06	1.00e+00	0.00e+00	0.00e+00	0.00e+00	0.00e+00	0.00e+00
 1.38714e+13	9.34e-41	4.74e-32	4.49e-24	5.01e-17	6.78e-11	7.63e-06	1.00e+00	0.00e+00	0.00e+00	0.00e+00	0.00e+00	0.00e+00
 1.43989e+13	0.00e+00	6.54e-32	5.88e-24	6.20e-17	7.87e-11	8.27e-06	1.00e+00	0.00e+00	0.00e+00	0.00e+00	0.00e+00	0.00e+00
 1.49582e+13	2.01e-40	9.09e-32	7.73e-24	7.70e-17	9.16e-11	8.99e-06	1.00e+00	0.00e+00	0.00e+00	0.00e+00	0.00e+00	0.00e+00
 1.54475e+13	0.00e+00	1.20e-31	9.75e-24	9.25e-17	1.04e-10	9.64e-06	1.00e+00	0.00e+00	0.00e+00	0.00e+00	0.00e+00	0.00e+00
 1.59699e+13	3.92e-40	1.60e-31	1.24e-23	1.12e-16	1.19e-10	1.03e-05	1.00e+00	0.00e+00	0.00e+00	0.00e+00	0.00e+00	0.00e+00
 1.66053e+13	0.00e+00	2.25e-31	1.65e-23	1.40e-16	1.39e-10	1.13e-05	1.00e+00	0.00e+00	0.00e+00	0.00e+00	0.00e+00	0.00e+00
 1.72383e+13	8.57e-40	3.12e-31	2.16e-23	1.73e-16	1.61e-10	1.22e-05	1.00e+00	0.00e+00	0.00e+00	0.00e+00	0.00e+00	0.00e+00
 1.77966e+13	0.00e+00	4.13e-31	2.72e-23	2.08e-16	1.83e-10	1.31e-05	1.00e+00	0.00e+00	0.00e+00	0.00e+00	0.00e+00	0.00e+00
 1.84078e+13	1.69e-39	5.55e-31	3.48e-23	2.52e-16	2.09e-10	1.40e-05	1.00e+00	0.00e+00	0.00e+00	0.00e+00	0.00e+00	0.00e+00
 1.91432e+13	0.00e+00	7.83e-31	4.63e-23	3.16e-16	2.45e-10	1.53e-05	1.00e+00	0.00e+00	0.00e+00	0.00e+00	0.00e+00	0.00e+00
 1.98791e+13	3.73e-39	1.09e-30	6.10e-23	3.92e-16	2.84e-10	1.65e-05	1.00e+00	0.00e+00	0.00e+00	0.00e+00	0.00e+00	0.00e+00
 2.05482e+13	0.00e+00	1.46e-30	7.78e-23	4.74e-16	3.24e-10	1.77e-05	1.00e+00	0.00e+00	0.00e+00	0.00e+00	0.00e+00	0.00e+00
 2.12916e+13	7.67e-39	2.01e-30	1.01e-22	5.82e-16	3.73e-10	1.91e-05	1.00e+00	0.00e+00	0.00e+00	0.00e+00	0.00e+00	0.00e+00
 2.21611e+13	0.00e+00	2.86e-30	1.36e-22	7.33e-16	4.37e-10	2.08e-05	1.00e+00	0.00e+00	0.00e+00	0.00e+00	0.00e+00	0.00e+00
 2.30187e+13	1.74e-38	4.02e-30	1.80e-22	9.13e-16	5.08e-10	2.26e-05	1.00e+00	0.00e+00	0.00e+00	0.00e+00	0.00e+00	0.00e+00
 2.38295e+13	0.00e+00	5.48e-30	2.32e-22	1.11e-15	5.83e-10	2.43e-05	1.00e+00	0.00e+00	0.00e+00	0.00e+00	0.00e+00	0.00e+00
 2.47316e+13	3.71e-38	7.65e-30	3.06e-22	1.38e-15	6.75e-10	2.63e-05	1.00e+00	0.00e+00	0.00e+00	0.00e+00	0.00e+00	0.00e+00
 2.57508e+13	0.00e+00	1.10e-29	4.12e-22	1.75e-15	7.92e-10	2.86e-05	1.00e+00	0.00e+00	0.00e+00	0.00e+00	0.00e+00	0.00e+00
 2.67744e+13	8.65e-38	1.57e-29	5.52e-22	2.19e-15	9.24e-10	3.10e-05	1.00e+00	0.00e+00	0.00e+00	0.00e+00	0.00e+00	0.00e+00
 2.78388e+13	0.00e+00	2.24e-29	7.39e-22	2.74e-15	1.08e-09	3.37e-05	1.00e+00	0.00e+00	0.00e+00	0.00e+00	0.00e+00	0.00e+00
 2.89823e+13	2.03e-37	3.22e-29	9.99e-22	3.47e-15	1.26e-09	3.66e-05	1.00e+00	0.00e+00	0.00e+00	0.00e+00	0.00e+00	0.00e+00
 3.01715e+13	0.00e+00	4.66e-29	1.35e-21	4.38e-15	1.48e-09	3.98e-05	1.00e+00	0.00e+00	0.00e+00	0.00e+00	0.00e+00	0.00e+00
 3.13421e+13	4.74e-37	6.62e-29	1.80e-21	5.47e-15	1.72e-09	4.31e-05	1.00e+00	0.00e+00	0.00e+00	0.00e+00	0.00e+00	0.00e+00
 3.24309e+13	0.00e+00	9.06e-29	2.33e-21	6.67e-15	1.97e-09	4.63e-05	1.00e+00	0.00e+00	0.00e+00	0.00e+00	0.00e+00	0.00e+00
 3.34134e+13	9.54e-37	1.19e-28	2.92e-21	7.94e-15	2.22e-09	4.92e-05	1.00e+00	0.00e+00	0.00e+00	0.00e+00	0.00e+00	0.00e+00
 3.44668e+13	0.00e+00	1.59e-28	3.70e-21	9.51e-15	2.51e-09	5.25e-05	1.00e+00	0.00e+00	0.00e+00	0.00e+00	0.00e+00	0.00e+00
 3.57784e+13	2.03e-36	2.26e-28	4.91e-21	1.18e-14	2.91e-09	5.67e-05	1.00e+00	0.00e+00	0.00e+00	0.00e+00	0.00e+00	0.00e+00
 3.70936e+13	0.00e+00	3.16e-28	6.46e-21	1.46e-14	3.35e-09	6.10e-05	1.00e+00	0.00e+00	0.00e+00	0.00e+00	0.00e+00	0.00e+00
 3.82243e+13	4.23e-36	4.19e-28	8.13e-21	1.74e-14	3.78e-09	6.49e-05	1.00e+00	0.00e+00	0.00e+00	0.00e+00	0.00e+00	0.00e+00
 3.94470e+13	0.00e+00	5.64e-28	1.04e-20	2.10e-14	4.28e-09	6.92e-05	1.00e+00	0.00e+00	0.00e+00	0.00e+00	0.00e+00	0.00e+00
 4.09558e+13	9.17e-36	8.04e-28	1.38e-20	2.61e-14	4.96e-09	7.47e-05	1.00e+00	0.00e+00	0.00e+00	0.00e+00	0.00e+00	0.00e+00
 4.24646e+13	0.00e+00	1.13e-27	1.82e-20	3.23e-14	5.72e-09	8.05e-05	1.00e+00	0.00e+00	0.00e+00	0.00e+00	0.00e+00	0.00e+00
 4.37679e+13	1.94e-35	1.51e-27	2.30e-20	3.86e-14	6.45e-09	8.55e-05	1.00e+00	0.00e+00	0.00e+00	0.00e+00	0.00e+00	0.00e+00
 4.51760e+13	0.00e+00	2.04e-27	2.94e-20	4.65e-14	7.31e-09	9.12e-05	1.00e+00	0.00e+00	0.00e+00	0.00e+00	0.00e+00	0.00e+00
 4.69063e+13	4.26e-35	2.92e-27	3.93e-20	5.80e-14	8.48e-09	9.84e-05	1.00e+00	0.00e+00	0.00e+00	0.00e+00	0.00e+00	0.00e+00
 4.86519e+13	6.47e-35	4.15e-27	5.22e-20	7.19e-14	9.80e-09	1.06e-04	1.00e+00	0.00e+00	0.00e+00	0.00e+00	0.00e+00	0.00e+00
 5.01989e+13	9.29e-35	5.61e-27	6.66e-20	8.65e-14	1.11e-08	1.13e-04	1.00e+00	0.00e+00	0.00e+00	0.00e+00	0.00e+00	0.00e+00
 5.18914e+13	1.36e-34	7.72e-27	8.62e-20	1.05e-13	1.26e-08	1.21e-04	1.00e+00	0.00e+00	0.00e+00	0.00e+00	0.00e+00	0.00e+00
 5.39200e+13	2.11e-34	1.12e-26	1.16e-19	1.32e-13	1.47e-08	1.30e-04	1.00e+00	0.00e+00	0.00e+00	0.00e+00	0.00e+00	0.00e+00
 5.59405e+13	3.23e-34	1.59e-26	1.55e-19	1.64e-13	1.70e-08	1.40e-04	1.00e+00	0.00e+00	0.00e+00	0.00e+00	0.00e+00	0.00e+00
 5.77814e+13	4.71e-34	2.18e-26	1.99e-19	1.98e-13	1.93e-08	1.50e-04	1.00e+00	0.00e+00	0.00e+00	0.00e+00	0.00e+00	0.00e+00
 5.98339e+13	7.06e-34	3.07e-26	2.62e-19	2.44e-13	2.22e-08	1.61e-04	1.00e+00	0.00e+00	0.00e+00	0.00e+00	0.00e+00	0.00e+00
 6.22288e+13	1.11e-33	4.49e-26	3.56e-19	3.07e-13	2.59e-08	1.74e-04	1.00e+00	0.00e+00	0.00e+00	0.00e+00	0.00e+00	0.00e+00
 6.45889e+13	1.72e-33	6.45e-26	4.77e-19	3.83e-13	3.00e-08	1.87e-04	1.00e+00	0.00e+00	0.00e+00	0.00e+00	0.00e+00	0.00e+00
 6.68233e+13	2.56e-33	9.00e-26	6.23e-19	4.69e-13	3.44e-08	2.00e-04	1.00e+00	0.00e+00	0.00e+00	0.00e+00	0.00e+00	0.00e+00
 6.93060e+13	3.92e-33	1.29e-25	8.30e-19	5.82e-13	3.97e-08	2.15e-04	1.00e+00	0.00e+00	0.00e+00	0.00e+00	0.00e+00	0.00e+00
 7.21081e+13	6.23e-33	1.89e-25	1.13e-18	7.36e-13	4.64e-08	2.33e-04	1.00e+00	0.00e+00	0.00e+00	0.00e+00	0.00e+00	0.00e+00
 7.49240e+13	9.76e-33	2.75e-25	1.53e-18	9.23e-13	5.40e-08	2.52e-04	1.00e+00	0.00e+00	0.00e+00	0.00e+00	0.00e+00	0.00e+00
 7.78525e+13	1.53e-32	4.01e-25	2.07e-18	1.16e-12	6.29e-08	2.72e-04	1.00e+00	0.00e+00	0.00e+00	0.00e+00	0.00e+00	0.00e+00
 8.09965e+13	2.43e-32	5.91e-25	2.82e-18	1.47e-12	7.36e-08	2.94e-04	1.00e+00	0.00e+00	0.00e+00	0.00e+00	0.00e+00	0.00e+00
 8.40424e+13	3.75e-32	8.47e-25	3.78e-18	1.82e-12	8.52e-08	3.17e-04	1.00e+00	0.00e+00	0.00e+00	0.00e+00	0.00e+00	0.00e+00
 8.69095e+13	5.55e-32	1.18e-24	4.92e-18	2.23e-12	9.73e-08	3.39e-04	1.00e+00	0.00e+00	0.00e+00	0.00e+00	0.00e+00	0.00e+00
 9.01151e+13	8.48e-32	1.68e-24	6.54e-18	2.76e-12	1.12e-07	3.64e-04	1.00e+00	0.00e+00	0.00e+00	0.00e+00	0.00e+00	0.00e+00
 9.33454e+13	1.28e-31	2.36e-24	8.62e-18	3.40e-12	1.29e-07	3.91e-04	1.00e+00	0.00e+00	0.00e+00	0.00e+00	0.00e+00	0.00e+00
 9.60306e+13	1.78e-31	3.12e-24	1.08e-17	4.02e-12	1.45e-07	4.14e-04	1.00e+00	0.00e+00	0.00e+00	0.00e+00	0.00e+00	0.00e+00
 9.88748e+13	2.50e-31	4.15e-24	1.35e-17	4.78e-12	1.62e-07	4.39e-04	1.00e+00	0.00e+00	0.00e+00	0.00e+00	0.00e+00	0.00e+00
 1.02507e+14	3.80e-31	5.89e-24	1.80e-17	5.93e-12	1.87e-07	4.72e-04	1.00e+00	0.00e+00	0.00e+00	0.00e+00	0.00e+00	0.00e+00
 1.06315e+14	5.86e-31	8.48e-24	2.42e-17	7.36e-12	2.16e-07	5.08e-04	9.99e-01	0.00e+00	0.00e+00	0.00e+00	0.00e+00	0.00e+00
 1.09685e+14	8.36e-31	1.14e-23	3.06e-17	8.86e-12	2.45e-07	5.41e-04	9.99e-01	0.00e+00	0.00e+00	0.00e+00	0.00e+00	0.00e+00
 1.13335e+14	1.22e-30	1.56e-23	3.95e-17	1.08e-11	2.79e-07	5.78e-04	9.99e-01	0.00e+00	0.00e+00	0.00e+00	0.00e+00	0.00e+00
 1.17721e+14	1.89e-30	2.26e-23	5.32e-17	1.35e-11	3.25e-07	6.24e-04	9.99e-01	0.00e+00	0.00e+00	0.00e+00	0.00e+00	0.00e+00
 1.22164e+14	2.90e-30	3.23e-23	7.11e-17	1.68e-11	3.76e-07	6.73e-04	9.99e-01	0.00e+00	0.00e+00	0.00e+00	0.00e+00	0.00e+00
 1.26330e+14	4.26e-30	4.47e-23	9.24e-17	2.05e-11	4.30e-07	7.20e-04	9.99e-01	0.00e+00	0.00e+00	0.00e+00	0.00e+00	0.00e+00
 1.30958e+14	6.44e-30	6.32e-23	1.22e-16	2.54e-11	4.96e-07	7.75e-04	9.99e-01	0.00e+00	0.00e+00	0.00e+00	0.00e+00	0.00e+00
 1.35858e+14	9.82e-30	9.00e-23	1.63e-16	3.15e-11	5.74e-07	8.36e-04	9.99e-01	0.00e+00	0.00e+00	0.00e+00	0.00e+00	0.00e+00
 1.40215e+14	1.41e-29	1.22e-22	2.09e-16	3.80e-11	6.51e-07	8.91e-04	9.99e-01	0.00e+00	0.00e+00	0.00e+00	0.00e+00	0.00e+00
 1.44905e+14	2.06e-29	1.67e-22	2.70e-16	4.62e-11	7.42e-07	9.53e-04	9.99e-01	0.00e+00	0.00e+00	0.00e+00	0.00e+00	0.00e+00
 1.50521e+14	3.16e-29	2.41e-22	3.62e-16	5.79e-11	8.63e-07	1.03e-03	9.99e-01	0.00e+00	0.00e+00	0.00e+00	0.00e+00	0.00e+00
 1.56047e+14	4.80e-29	3.42e-22	4.81e-16	7.18e-11	9.96e-07	1.11e-03	9.99e-01	0.00e+00	0.00e+00	0.00e+00	0.00e+00	0.00e+00
 1.60973e+14	6.83e-29	4.60e-22	6.12e-16	8.63e-11	1.13e-06	1.18e-03	9.99e-01	0.00e+00	0.00e+00	0.00e+00	0.00e+00	0.00e+00
 1.66418e+14	9.98e-29	6.33e-22	7.93e-16	1.05e-10	1.29e-06	1.27e-03	9.99e-01	0.00e+00	0.00e+00	0.00e+00	0.00e+00	0.00e+00
 1.72900e+14	1.54e-28	9.12e-22	1.07e-15	1.32e-10	1.50e-06	1.37e-03	9.99e-01	0.00e+00	0.00e+00	0.00e+00	0.00e+00	0.00e+00
 1.79325e+14	2.34e-28	1.30e-21	1.42e-15	1.64e-10	1.73e-06	1.48e-03	9.99e-01	0.00e+00	0.00e+00	0.00e+00	0.00e+00	0.00e+00
 1.85203e+14	3.38e-28	1.77e-21	1.83e-15	1.99e-10	1.97e-06	1.58e-03	9.98e-01	0.00e+00	0.00e+00	0.00e+00	0.00e+00	0.00e+00
 1.91774e+14	5.02e-28	2.47e-21	2.40e-15	2.44e-10	2.26e-06	1.69e-03	9.98e-01	0.00e+00	0.00e+00	0.00e+00	0.00e+00	0.00e+00
 1.99413e+14	7.83e-28	3.59e-21	3.25e-15	3.08e-10	2.65e-06	1.84e-03	9.98e-01	0.00e+00	0.00e+00	0.00e+00	0.00e+00	0.00e+00
 2.06913e+14	1.20e-27	5.12e-21	4.34e-15	3.84e-10	3.07e-06	1.98e-03	9.98e-01	0.00e+00	0.00e+00	0.00e+00	0.00e+00	0.00e+00
 2.14014e+14	1.76e-27	7.08e-21	5.64e-15	4.69e-10	3.51e-06	2.12e-03	9.98e-01	0.00e+00	0.00e+00	0.00e+00	0.00e+00	0.00e+00
 2.21907e+14	2.66e-27	1.00e-20	7.49e-15	5.82e-10	4.05e-06	2.29e-03	9.98e-01	0.00e+00	0.00e+00	0.00e+00	0.00e+00	0.00e+00
 2.30813e+14	4.16e-27	1.46e-20	1.02e-14	7.35e-10	4.74e-06	2.48e-03	9.98e-01	0.00e+00	0.00e+00	0.00e+00	0.00e+00	0.00e+00
 2.39269e+14	6.29e-27	2.07e-20	1.35e-14	9.10e-10	5.47e-06	2.67e-03	9.97e-01	0.00e+00	0.00e+00	0.00e+00	0.00e+00	0.00e+00
 2.46972e+14	9.05e-27	2.81e-20	1.73e-14	1.10e-09	6.20e-06	2.85e-03	9.97e-01	0.00e+00	0.00e+00	0.00e+00	0.00e+00	0.00e+00
 2.55686e+14	1.35e-26	3.93e-20	2.27e-14	1.35e-09	7.12e-06	3.05e-03	9.97e-01	0.00e+00	0.00e+00	0.00e+00	0.00e+00	0.00e+00
 2.65838e+14	2.11e-26	5.73e-20	3.07e-14	1.70e-09	8.31e-06	3.31e-03	9.97e-01	0.00e+00	0.00e+00	0.00e+00	0.00e+00	0.00e+00
 2.75579e+14	3.19e-26	8.12e-20	4.08e-14	2.11e-09	9.59e-06	3.56e-03	9.96e-01	0.00e+00	0.00e+00	0.00e+00	0.00e+00	0.00e+00
 2.83644e+14	4.45e-26	1.07e-19	5.11e-14	2.50e-09	1.08e-05	3.77e-03	9.96e-01	0.00e+00	0.00e+00	0.00e+00	0.00e+00	0.00e+00
 2.91812e+14	6.18e-26	1.41e-19	6.39e-14	2.96e-09	1.20e-05	4.00e-03	9.96e-01	0.00e+00	0.00e+00	0.00e+00	0.00e+00	0.00e+00
 3.02372e+14	9.30e-26	1.99e-19	8.44e-14	3.66e-09	1.39e-05	4.30e-03	9.96e-01	0.00e+00	0.00e+00	0.00e+00	0.00e+00	0.00e+00
 3.13295e+14	1.40e-25	2.82e-19	1.12e-13	4.52e-09	1.60e-05	4.62e-03	9.95e-01	0.00e+00	0.00e+00	0.00e+00	0.00e+00	0.00e+00
 3.22544e+14	1.97e-25	3.74e-19	1.40e-13	5.38e-09	1.79e-05	4.90e-03	9.95e-01	0.00e+00	0.00e+00	0.00e+00	0.00e+00	0.00e+00
 3.32363e+14	2.78e-25	5.00e-19	1.78e-13	6.43e-09	2.02e-05	5.21e-03	9.95e-01	0.00e+00	0.00e+00	0.00e+00	0.00e+00	0.00e+00
 3.44686e+14	4.24e-25	7.13e-19	2.36e-13	7.99e-09	2.34e-05	5.61e-03	9.94e-01	0.00e+00	0.00e+00	0.00e+00	0.00e+00	0.00e+00
 3.57389e+14	6.45e-25	1.01e-18	3.14e-13	9.91e-09	2.70e-05	6.03e-03	9.94e-01	0.00e+00	0.00e+00	0.00e+00	0.00e+00	0.00e+00
 3.68559e+14	9.25e-25	1.37e-18	4.00e-13	1.19e-08	3.05e-05	6.42e-03	9.94e-01	0.00e+00	0.00e+00	0.00e+00	0.00e+00	0.00e+00
 3.80613e+14	1.34e-24	1.87e-18	5.15e-13	1.44e-08	3.46e-05	6.85e-03	9.93e-01	0.00e+00	0.00e+00	0.00e+00	0.00e+00	0.00e+00
 3.95190e+14	2.07e-24	2.70e-18	6.93e-13	1.80e-08	4.02e-05	7.39e-03	9.93e-01	0.00e+00	0.00e+00	0.00e+00	0.00e+00	0.00e+00
 4.09658e+14	3.15e-24	3.83e-18	9.19e-13	2.23e-08	4.64e-05	7.95e-03	9.92e-01	0.00e+00	0.00e+00	0.00e+00	0.00e+00	0.00e+00
 4.22483e+14	4.51e-24	5.18e-18	1.17e-12	2.68e-08	5.24e-05	8.46e-03	9.91e-01	0.00e+00	0.00e+00	0.00e+00	0.00e+00	0.00e+00
 4.36559e+14	6.57e-24	7.11e-18	1.51e-12	3.26e-08	5.97e-05	9.04e-03	9.91e-01	0.00e+00	0.00e+00	0.00e+00	0.00e+00	0.00e+00
 4.53421e+14	1.02e-23	1.03e-17	2.04e-12	4.08e-08	6.94e-05	9.76e-03	9.90e-01	0.00e+00	0.00e+00	0.00e+00	0.00e+00	0.00e+00
 4.70186e+14	1.55e-23	1.46e-17	2.71e-12	5.06e-08	8.02e-05	1.05e-02	9.89e-01	0.00e+00	0.00e+00	0.00e+00	0.00e+00	0.00e+00
 4.85392e+14	2.23e-23	1.99e-17	3.47e-12	6.11e-08	9.10e-05	1.12e-02	9.89e-01	0.00e+00	0.00e+00	0.00e+00	0.00e+00	0.00e+00
 5.02289e+14	3.30e-23	2.76e-17	4.53e-12	7.49e-08	1.04e-04	1.20e-02	9.88e-01	0.00e+00	0.00e+00	0.00e+00	0.00e+00	0.00e+00
 5.22091e+14	5.13e-23	4.00e-17	6.13e-12	9.42e-08	1.21e-04	1.30e-02	9.87e-01	0.00e+00	0.00e+00	0.00e+00	0.00e+00	0.00e+00
 5.41607e+14	7.79e-23	5.70e-17	8.16e-12	1.17e-07	1.40e-04	1.40e-02	9.86e-01	0.00e+00	0.00e+00	0.00e+00	0.00e+00	0.00e+00
 5.59874e+14	1.14e-22	7.83e-17	1.06e-11	1.43e-07	1.60e-04	1.50e-02	9.85e-01	0.00e+00	0.00e+00	0.00e+00	0.00e+00	0.00e+00
 5.80270e+14	1.69e-22	1.10e-16	1.39e-11	1.76e-07	1.85e-04	1.62e-02	9.84e-01	0.00e+00	0.00e+00	0.00e+00	0.00e+00	0.00e+00
 6.03511e+14	2.64e-22	1.60e-16	1.89e-11	2.23e-07	2.16e-04	1.75e-02	9.82e-01	0.00e+00	0.00e+00	0.00e+00	0.00e+00	0.00e+00
 6.26621e+14	4.01e-22	2.28e-16	2.53e-11	2.78e-07	2.50e-04	1.89e-02	9.81e-01	0.00e+00	0.00e+00	0.00e+00	0.00e+00	0.00e+00
 6.50655e+14	6.07e-22	3.24e-16	3.37e-11	3.47e-07	2.90e-04	2.05e-02	9.79e-01	0.00e+00	0.00e+00	0.00e+00	0.00e+00	0.00e+00
 6.75989e+14	9.22e-22	4.63e-16	4.52e-11	4.35e-07	3.38e-04	2.21e-02	9.78e-01	0.00e+00	0.00e+00	0.00e+00	0.00e+00	0.00e+00
 6.97335e+14	1.30e-21	6.20e-16	5.74e-11	5.23e-07	3.82e-04	2.36e-02	9.76e-01	0.00e+00	0.00e+00	0.00e+00	0.00e+00	0.00e+00
 7.13988e+14	1.67e-21	7.71e-16	6.88e-11	6.01e-07	4.19e-04	2.48e-02	9.75e-01	0.00e+00	0.00e+00	0.00e+00	0.00e+00	0.00e+00
 7.32087e+14	2.20e-21	9.72e-16	8.33e-11	6.96e-07	4.62e-04	2.61e-02	9.73e-01	0.00e+00	0.00e+00	0.00e+00	0.00e+00	0.00e+00
 7.55616e+14	3.08e-21	1.30e-15	1.06e-10	8.39e-07	5.23e-04	2.79e-02	9.72e-01	0.00e+00	0.00e+00	0.00e+00	0.00e+00	0.00e+00
 7.81110e+14	4.38e-21	1.76e-15	1.36e-10	1.02e-06	5.96e-04	3.00e-02	9.69e-01	0.00e+00	0.00e+00	0.00e+00	0.00e+00	0.00e+00
 8.04102e+14	5.95e-21	2.29e-15	1.70e-10	1.21e-06	6.68e-04	3.18e-02	9.67e-01	0.00e+00	0.00e+00	0.00e+00	0.00e+00	0.00e+00
 8.28937e+14	8.18e-21	3.02e-15	2.14e-10	1.45e-06	7.52e-04	3.40e-02	9.65e-01	0.00e+00	0.00e+00	0.00e+00	0.00e+00	0.00e+00
 8.59848e+14	1.20e-20	4.21e-15	2.82e-10	1.80e-06	8.69e-04	3.67e-02	9.62e-01	0.00e+00	0.00e+00	0.00e+00	0.00e+00	0.00e+00
 8.90966e+14	1.74e-20	5.79e-15	3.69e-10	2.21e-06	9.98e-04	3.96e-02	9.59e-01	0.00e+00	0.00e+00	0.00e+00	0.00e+00	0.00e+00
 9.17911e+14	2.36e-20	7.57e-15	4.61e-10	2.64e-06	1.12e-03	4.22e-02	9.57e-01	0.00e+00	0.00e+00	0.00e+00	0.00e+00	0.00e+00
 9.47123e+14	3.23e-20	9.97e-15	5.83e-10	3.17e-06	1.27e-03	4.51e-02	9.54e-01	0.00e+00	0.00e+00	0.00e+00	0.00e+00	0.00e+00
 9.82921e+14	4.72e-20	1.39e-14	7.71e-10	3.94e-06	1.46e-03	4.88e-02	9.50e-01	0.00e+00	0.00e+00	0.00e+00	0.00e+00	0.00e+00
 1.01912e+15	6.81e-20	1.92e-14	1.01e-09	4.87e-06	1.68e-03	5.27e-02	9.46e-01	0.00e+00	0.00e+00	0.00e+00	0.00e+00	0.00e+00
 1.05133e+15	9.29e-20	2.52e-14	1.28e-09	5.84e-06	1.90e-03	5.64e-02	9.42e-01	0.00e+00	0.00e+00	0.00e+00	0.00e+00	0.00e+00
 1.08655e+15	1.29e-19	3.38e-14	1.63e-09	7.08e-06	2.16e-03	6.05e-02	9.37e-01	0.00e+00	0.00e+00	0.00e+00	0.00e+00	0.00e+00
 1.12859e+15	1.89e-19	4.73e-14	2.17e-09	8.84e-06	2.50e-03	6.56e-02	9.32e-01	0.00e+00	0.00e+00	0.00e+00	0.00e+00	0.00e+00
 1.17017e+15	2.71e-19	6.51e-14	2.84e-09	1.09e-05	2.87e-03	7.08e-02	9.26e-01	0.00e+00	0.00e+00	0.00e+00	0.00e+00	0.00e+00
 1.20777e+15	3.70e-19	8.60e-14	3.60e-09	1.31e-05	3.23e-03	7.57e-02	9.21e-01	0.00e+00	0.00e+00	0.00e+00	0.00e+00	0.00e+00
 1.24952e+15	5.18e-19	1.16e-13	4.64e-09	1.60e-05	3.68e-03	8.13e-02	9.15e-01	0.00e+00	0.00e+00	0.00e+00	0.00e+00	0.00e+00
 1.29860e+15	7.59e-19	1.63e-13	6.20e-09	2.00e-05	4.26e-03	8.81e-02	9.08e-01	0.00e+00	0.00e+00	0.00e+00	0.00e+00	0.00e+00
 1.34698e+15	1.09e-18	2.26e-13	8.16e-09	2.48e-05	4.89e-03	9.50e-02	9.00e-01	0.00e+00	0.00e+00	0.00e+00	0.00e+00	0.00e+00
 1.39200e+15	1.51e-18	3.03e-13	1.04e-08	3.00e-05	5.53e-03	1.02e-01	8.93e-01	0.00e+00	0.00e+00	0.00e+00	0.00e+00	0.00e+00
 1.44241e+15	2.15e-18	4.15e-13	1.36e-08	3.68e-05	6.32e-03	1.09e-01	8.84e-01	0.00e+00	0.00e+00	0.00e+00	0.00e+00	0.00e+00
 1.50014e+15	3.18e-18	5.90e-13	1.83e-08	4.62e-05	7.32e-03	1.18e-01	8.74e-01	0.00e+00	0.00e+00	0.00e+00	0.00e+00	0.00e+00
 1.55705e+15	4.62e-18	8.24e-13	2.43e-08	5.73e-05	8.40e-03	1.28e-01	8.64e-01	0.00e+00	0.00e+00	0.00e+00	0.00e+00	0.00e+00
 1.61624e+15	6.73e-18	1.15e-12	3.21e-08	7.10e-05	9.63e-03	1.37e-01	8.53e-01	0.00e+00	0.00e+00	0.00e+00	0.00e+00	0.00e+00
 1.67009e+15	9.37e-18	1.55e-12	4.12e-08	8.56e-05	1.09e-02	1.46e-01	8.43e-01	0.00e+00	0.00e+00	0.00e+00	0.00e+00	0.00e+00
 1.71032e+15	1.19e-17	1.92e-12	4.92e-08	9.81e-05	1.18e-02	1.53e-01	8.35e-01	0.00e+00	0.00e+00	0.00e+00	0.00e+00	0.00e+00
 1.75190e+15	1.52e-17	2.39e-12	5.90e-08	1.12e-04	1.29e-02	1.60e-01	8.27e-01	0.00e+00	0.00e+00	0.00e+00	0.00e+00	0.00e+00
 1.80596e+15	2.07e-17	3.15e-12	7.42e-08	1.34e-04	1.44e-02	1.70e-01	8.16e-01	0.00e+00	0.00e+00	0.00e+00	0.00e+00	0.00e+00
 1.86469e+15	2.93e-17	4.22e-12	9.46e-08	1.60e-04	1.62e-02	1.80e-01	8.03e-01	0.00e+00	0.00e+00	1.69e-17	8.81e-18	2.99e-18
 1.91788e+15	3.90e-17	5.45e-12	1.17e-07	1.88e-04	1.78e-02	1.90e-01	7.92e-01	0.00e+00	0.00e+00	2.24e-17	1.18e-17	3.99e-18
 1.97540e+15	5.30e-17	7.15e-12	1.46e-07	2.22e-04	1.98e-02	2.00e-01	7.80e-01	0.00e+00	0.00e+00	3.05e-17	1.60e-17	5.40e-18
 2.04809e+15	7.74e-17	9.98e-12	1.92e-07	2.72e-04	2.25e-02	2.13e-01	7.64e-01	0.00e+00	0.00e+00	4.45e-17	2.33e-17	7.85e-18
 2.12109e+15	1.11e-16	1.38e-11	2.50e-07	3.31e-04	2.54e-02	2.26e-01	7.48e-01	0.00e+00	0.00e+00	6.42e-17	3.36e-17	1.13e-17
 2.18257e+15	1.50e-16	1.79e-11	3.10e-07	3.87e-04	2.81e-02	2.37e-01	7.34e-01	0.00e+00	0.00e+00	8.66e-17	4.53e-17	1.52e-17
 2.24848e+15	2.05e-16	2.36e-11	3.87e-07	4.56e-04	3.10e-02	2.49e-01	7.19e-01	0.00e+00	0.00e+00	1.19e-16	6.19e-17	2.07e-17
 2.33147e+15	3.02e-16	3.29e-11	5.08e-07	5.57e-04	3.51e-02	2.64e-01	7.00e-01	0.00e+00	0.00e+00	1.74e-16	9.09e-17	3.03e-17
 2.41864e+15	4.46e-16	4.62e-11	6.68e-07	6.80e-04	3.97e-02	2.79e-01	6.80e-01	0.00e+00	0.00e+00	2.57e-16	1.34e-16	4.46e-17
 2.49743e+15	6.25e-16	6.20e-11	8.47e-07	8.07e-04	4.40e-02	2.93e-01	6.62e-01	0.00e+00	0.00e+00	3.61e-16	1.88e-16	6.25e-17
 2.58331e+15	8.99e-16	8.47e-11	1.09e-06	9.68e-04	4.91e-02	3.07e-01	6.42e-01	0.00e+00	0.00e+00	5.19e-16	2.71e-16	8.96e-17
 2.68451e+15	1.36e-15	1.21e-10	1.45e-06	1.19e-03	5.56e-02	3.24e-01	6.19e-01	0.00e+00	0.00e+00	7.87e-16	4.10e-16	1.36e-16
 2.78334e+15	2.01e-15	1.68e-10	1.89e-06	1.44e-03	6.23e-02	3.40e-01	5.97e-01	0.00e+00	0.00e+00	1.16e-15	6.05e-16	2.00e-16
 2.87357e+15	2.83e-15	2.25e-10	2.38e-06	1.69e-03	6.87e-02	3.53e-01	5.76e-01	0.00e+00	0.00e+00	1.64e-15	8.53e-16	2.81e-16
 2.97486e+15	4.12e-15	3.09e-10	3.06e-06	2.03e-03	7.63e-02	3.68e-01	5.53e-01	0.00e+00	0.00e+00	2.38e-15	1.24e-15	4.08e-16
 3.09278e+15	6.27e-15	4.40e-10	4.05e-06	2.47e-03	8.57e-02	3.84e-01	5.28e-01	0.00e+00	0.00e+00	3.63e-15	1.89e-15	6.21e-16
 3.20876e+15	9.35e-15	6.14e-10	5.27e-06	2.97e-03	9.55e-02	3.99e-01	5.03e-01	0.00e+00	0.00e+00	5.41e-15	2.82e-15	9.26e-16
 3.31836e+15	1.35e-14	8.31e-10	6.70e-06	3.52e-03	1.05e-01	4.12e-01	4.80e-01	0.00e+00	0.00e+00	7.80e-15	4.07e-15	1.33e-15
 3.41405e+15	1.83e-14	1.07e-09	8.19e-06	4.05e-03	1.14e-01	4.22e-01	4.60e-01	0.00e+00	0.00e+00	1.06e-14	5.53e-15	1.81e-15
 3.49364e+15	2.35e-14	1.32e-09	9.63e-06	4.52e-03	1.21e-01	4.30e-01	4.44e-01	0.00e+00	0.00e+00	1.36e-14	7.09e-15	2.32e-15
 3.58146e+15	3.08e-14	1.64e-09	1.15e-05	5.10e-03	1.30e-01	4.39e-01	4.27e-01	0.00e+00	0.00e+00	1.78e-14	9.30e-15	3.04e-15
 3.69562e+15	4.33e-14	2.17e-09	1.43e-05	5.93e-03	1.41e-01	4.48e-01	4.05e-01	0.00e+00	0.00e+00	2.51e-14	1.31e-14	4.28e-15
 3.81556e+15	6.10e-14	2.87e-09	1.78e-05	6.89e-03	1.53e-01	4.57e-01	3.83e-01	0.00e+00	0.00e+00	3.53e-14	1.84e-14	6.03e-15
 3.91817e+15	8.09e-14	3.61e-09	2.13e-05	7.78e-03	1.63e-01	4.64e-01	3.65e-01	0.00e+00	0.00e+00	4.69e-14	2.45e-14	7.99e-15
 4.02675e+15	1.09e-13	4.59e-09	2.56e-05	8.82e-03	1.75e-01	4.70e-01	3.46e-01	0.00e+00	0.00e+00	6.30e-14	3.29e-14	1.07e-14
 4.16790e+15	1.58e-13	6.19e-09	3.23e-05	1.03e-02	1.90e-01	4.77e-01	3.23e-01	0.00e+00	0.00e+00	9.14e-14	4.77e-14	1.56e-14
 4.31318e+15	2.26e-13	8.27e-09	4.06e-05	1.20e-02	2.05e-01	4.82e-01	3.01e-01	0.00e+00	0.00e+00	1.31e-13	6.84e-14	2.23e-14
 4.43425e+15	3.04e-13	1.05e-08	4.88e-05	1.36e-02	2.19e-01	4.85e-01	2.83e-01	0.00e+00	0.00e+00	1.76e-13	9.18e-14	2.99e-14
 4.56208e+15	4.13e-13	1.33e-08	5.88e-05	1.53e-02	2.33e-01	4.87e-01	2.65e-01	0.00e+00	0.00e+00	2.39e-13	1.25e-13	4.07e-14
 4.72704e+15	6.04e-13	1.80e-08	7.40e-05	1.78e-02	2.51e-01	4.88e-01	2.44e-01	0.00e+00	0.00e+00	3.51e-13	1.83e-13	5.96e-14
 4.89988e+15	8.84e-13	2.44e-08	9.32e-05	2.07e-02	2.70e-01	4.87e-01	2.23e-01	0.00e+00	0.00e+00	5.13e-13	2.68e-13	8.71e-14
 5.04938e+15	1.21e-12	3.13e-08	1.13e-04	2.34e-02	2.86e-01	4.85e-01	2.06e-01	0.00e+00	0.00e+00	7.04e-13	3.68e-13	1.20e-13
 5.20888e+15	1.69e-12	4.05e-08	1.37e-04	2.66e-02	3.03e-01	4.81e-01	1.89e-01	0.00e+00	0.00e+00	9.82e-13	5.13e-13	1.67e-13
 5.40503e+15	2.50e-12	5.50e-08	1.73e-04	3.08e-02	3.24e-01	4.75e-01	1.70e-01	0.00e+00	0.00e+00	1.45e-12	7.59e-13	2.47e-13
 5.60012e+15	3.62e-12	7.34e-08	2.16e-04	3.53e-02	3.44e-01	4.68e-01	1.53e-01	0.00e+00	0.00e+00	2.10e-12	1.10e-12	3.56e-13
 5.77085e+15	4.95e-12	9.36e-08	2.60e-04	3.96e-02	3.61e-01	4.60e-01	1.40e-01	0.00e+00	0.00e+00	2.87e-12	1.50e-12	4.87e-13
 5.95862e+15	6.91e-12	1.21e-07	3.15e-04	4.46e-02	3.79e-01	4.50e-01	1.26e-01	0.00e+00	0.00e+00	4.01e-12	2.10e-12	6.80e-13
 6.18606e+15	1.02e-11	1.64e-07	3.96e-04	5.12e-02	4.00e-01	4.38e-01	1.11e-01	0.00e+00	0.00e+00	5.93e-12	3.10e-12	1.00e-12
 6.40940e+15	1.46e-11	2.16e-07	4.89e-04	5.81e-02	4.19e-01	4.24e-01	9.81e-02	0.00e+00	0.00e+00	8.48e-12	4.43e-12	1.44e-12
 6.59888e+15	1.96e-11	2.72e-07	5.81e-04	6.44e-02	4.35e-01	4.12e-01	8.83e-02	0.00e+00	0.00e+00	1.14e-11	5.94e-12	1.93e-12
 6.76282e+15	2.51e-11	3.29e-07	6.71e-04	7.01e-02	4.47e-01	4.01e-01	8.06e-02	0.00e+00	0.00e+00	1.45e-11	7.60e-12	2.46e-12
 6.93878e+15	3.26e-11	4.03e-07	7.80e-04	7.65e-02	4.61e-01	3.89e-01	7.30e-02	0.00e+00	0.00e+00	1.90e-11	9.90e-12	3.21e-12
 7.13399e+15	4.30e-11	4.99e-07	9.16e-04	8.39e-02	4.74e-01	3.76e-01	6.54e-02	0.00e+00	0.00e+00	2.50e-11	1.30e-11	4.23e-12
 7.31916e+15	5.54e-11	6.07e-07	1.06e-03	9.13e-02	4.86e-01	3.63e-01	5.89e-02	0.00e+00	0.00e+00	3.22e-11	1.68e-11	5.45e-12
 7.52482e+15	7.37e-11	7.54e-07	1.25e-03	1.00e-01	4.98e-01	3.48e-01	5.23e-02	0.00e+00	0.00e+00	4.28e-11	2.24e-11	7.24e-12
 7.74642e+15	9.78e-11	9.40e-07	1.48e-03	1.10e-01	5.10e-01	3.32e-01	4.62e-02	0.00e+00	0.00e+00	5.69e-11	2.97e-11	9.62e-12
 7.94910e+15	1.26e-10	1.14e-06	1.71e-03	1.19e-01	5.20e-01	3.18e-01	4.12e-02	0.00e+00	0.00e+00	7.29e-11	3.81e-11	1.23e-11
 8.17293e+15	1.66e-10	1.41e-06	2.00e-03	1.30e-01	5.30e-01	3.03e-01	3.61e-02	0.00e+00	0.00e+00	9.67e-11	5.05e-11	1.64e-11
 8.41835e+15	2.22e-10	1.77e-06	2.37e-03	1.42e-01	5.39e-01	2.86e-01	3.14e-02	0.00e+00	0.00e+00	1.29e-10	6.73e-11	2.18e-11
 8.64875e+15	2.87e-10	2.16e-06	2.76e-03	1.54e-01	5.46e-01	2.71e-01	2.75e-02	0.00e+00	0.00e+00	1.67e-10	8.73e-11	2.83e-11
 8.90516e+15	3.88e-10	2.71e-06	3.27e-03	1.67e-01	5.52e-01	2.54e-01	2.36e-02	0.00e+00	0.00e+00	2.25e-10	1.18e-10	3.81e-11
 9.17552e+15	5.13e-10	3.38e-06	3.87e-03	1.82e-01	5.57e-01	2.37e-01	2.02e-02	0.00e+00	0.00e+00	2.98e-10	1.56e-10	5.05e-11
 9.40972e+15	6.52e-10	4.08e-06	4.47e-03	1.96e-01	5.60e-01	2.23e-01	1.76e-02	0.00e+00	0.00e+00	3.79e-10	1.98e-10	6.43e-11
 9.65986e+15	8.53e-10	5.01e-06	5.20e-03	2.11e-01	5.61e-01	2.08e-01	1.52e-02	0.00e+00	0.00e+00	4.96e-10	2.59e-10	8.41e-11
 9.93576e+15	1.13e-09	6.21e-06	6.13e-03	2.28e-01	5.61e-01	1.92e-01	1.29e-02	0.00e+00	0.00e+00	6.54e-10	3.42e-10	1.11e-10
 1.01892e+16	1.43e-09	7.50e-06	7.08e-03	2.44e-01	5.59e-01	1.79e-01	1.11e-02	0.00e+00	0.00e+00	8.34e-10	4.36e-10	1.41e-10
 1.04267e+16	1.79e-09	8.94e-06	8.10e-03	2.59e-01	5.57e-01	1.67e-01	9.62e-03	0.00e+00	0.00e+00	1.04e-09	5.46e-10	1.77e-10
 1.06995e+16	2.37e-09	1.11e-05	9.48e-03	2.77e-01	5.52e-01	1.53e-01	8.11e-03	0.00e+00	0.00e+00	1.38e-09	7.22e-10	2.34e-10
 1.09784e+16	3.03e-09	1.34e-05	1.10e-02	2.96e-01	5.46e-01	1.40e-01	6.86e-03	0.00e+00	0.00e+00	1.76e-09	9.22e-10	2.99e-10
 1.12077e+16	3.73e-09	1.58e-05	1.25e-02	3.12e-01	5.39e-01	1.30e-01	5.95e-03	0.00e+00	0.00e+00	2.17e-09	1.14e-09	3.68e-10
 1.14485e+16	4.71e-09	1.89e-05	1.43e-02	3.29e-01	5.31e-01	1.20e-01	5.10e-03	0.00e+00	0.00e+00	2.74e-09	1.44e-09	4.66e-10
 1.17094e+16	6.02e-09	2.29e-05	1.65e-02	3.48e-01	5.22e-01	1.10e-01	4.31e-03	0.00e+00	0.00e+00	3.50e-09	1.83e-09	5.96e-10
 1.19417e+16	7.41e-09	2.69e-05	1.87e-02	3.65e-01	5.12e-01	1.01e-01	3.72e-03	0.00e+00	0.00e+00	4.31e-09	2.26e-09	7.34e-10
 1.21553e+16	8.98e-09	3.13e-05	2.10e-02	3.80e-01	5.02e-01	9.34e-02	3.23e-03	0.00e+00	0.00e+00	5.22e-09	2.74e-09	8.90e-10
 1.23996e+16	1.15e-08	3.79e-05	2.42e-02	3.99e-01	4.89e-01	8.49e-02	2.73e-03	0.00e+00	0.00e+00	6.72e-09	3.52e-09	1.14e-09
 1.26581e+16	1.45e-08	4.55e-05	2.79e-02	4.18e-01	4.75e-01	7.68e-02	2.29e-03	0.00e+00	0.00e+00	8.44e-09	4.43e-09	1.44e-09
 1.28823e+16	1.80e-08	5.37e-05	3.16e-02	4.35e-01	4.61e-01	7.01e-02	1.96e-03	0.00e+00	0.00e+00	1.04e-08	5.48e-09	1.78e-09
 1.30873e+16	2.22e-08	6.31e-05	3.56e-02	4.50e-01	4.48e-01	6.42e-02	1.69e-03	0.00e+00	0.00e+00	1.29e-08	6.77e-09	2.20e-09
 1.32885e+16	2.69e-08	7.34e-05	4.01e-02	4.65e-01	4.34e-01	5.87e-02	1.46e-03	0.00e+00	0.00e+00	1.56e-08	8.21e-09	2.67e-09
 1.35186e+16	3.50e-08	8.96e-05	4.62e-02	4.83e-01	4.17e-01	5.26e-02	1.21e-03	0.00e+00	0.00e+00	2.04e-08	1.07e-08	3.48e-09
 1.37578e+16	4.41e-08	1.08e-04	5.33e-02	5.00e-01	3.99e-01	4.69e-02	1.01e-03	0.00e+00	0.00e+00	2.57e-08	1.35e-08	4.39e-09
 1.39592e+16	5.50e-08	1.28e-04	6.06e-02	5.14e-01	3.82e-01	4.23e-02	8.57e-04	0.00e+00	0.00e+00	3.20e-08	1.68e-08	5.47e-09
 1.41398e+16	6.86e-08	1.51e-04	6.83e-02	5.26e-01	3.66e-01	3.83e-02	7.32e-04	0.00e+00	0.00e+00	3.99e-08	2.10e-08	6.83e-09
 1.43430e+16	8.35e-08	1.77e-04	7.83e-02	5.39e-01	3.47e-01	3.41e-02	6.13e-04	0.00e+00	0.00e+00	4.86e-08	2.55e-08	8.32e-09
 1.45618e+16	1.14e-07	2.24e-04	9.14e-02	5.52e-01	3.26e-01	2.98e-02	4.96e-04	0.00e+00	0.00e+00	6.62e-08	3.48e-08	1.13e-08
 1.47433e+16	1.43e-07	2.67e-04	1.04e-01	5.61e-01	3.08e-01	2.64e-02	4.15e-04	0.00e+00	0.00e+00	8.34e-08	4.38e-08	1.43e-08
 1.48912e+16	1.76e-07	3.12e-04	1.17e-01	5.67e-01	2.92e-01	2.38e-02	3.55e-04	0.00e+00	0.00e+00	1.02e-07	5.37e-08	1.75e-08
 1.50532e+16	2.14e-07	3.65e-04	1.33e-01	5.73e-01	2.73e-01	2.10e-02	2.96e-04	0.00e+00	0.00e+00	1.24e-07	6.53e-08	2.13e-08
 1.52313e+16	2.76e-07	4.46e-04	1.53e-01	5.76e-01	2.52e-01	1.81e-02	2.39e-04	0.00e+00	0.00e+00	1.61e-07	8.45e-08	2.76e-08
 1.53868e+16	3.80e-07	5.59e-04	1.76e-01	5.75e-01	2.32e-01	1.56e-02	1.92e-04	0.00e+00	0.00e+00	2.21e-07	1.16e-07	3.79e-08
 1.55022e+16	4.57e-07	6.44e-04	1.95e-01	5.73e-01	2.17e-01	1.39e-02	1.64e-04	0.00e+00	0.00e+00	2.66e-07	1.40e-07	4.56e-08
 1.56088e+16	5.27e-07	7.24e-04	2.15e-01	5.69e-01	2.02e-01	1.24e-02	1.40e-04	0.00e+00	0.00e+00	3.07e-07	1.61e-07	5.27e-08
 1.57475e+16	6.72e-07	8.72e-04	2.46e-01	5.61e-01	1.82e-01	1.04e-02	1.11e-04	0.00e+00	0.00e+00	3.91e-07	2.06e-07	6.73e-08
 1.58724e+16	8.53e-07	1.04e-03	2.78e-01	5.49e-01	1.64e-01	8.84e-03	8.89e-05	0.00e+00	0.00e+00	4.96e-07	2.61e-07	8.54e-08
 1.59476e+16	1.06e-06	1.20e-03	3.01e-01	5.38e-01	1.52e-01	7.85e-03	7.55e-05	0.00e+00	0.00e+00	6.14e-07	3.23e-07	1.06e-07
 1.59985e+16	1.17e-06	1.30e-03	3.17e-01	5.30e-01	1.44e-01	7.24e-03	6.78e-05	0.00e+00	0.00e+00	6.81e-07	3.58e-07	1.17e-07
 1.60496e+16	1.31e-06	1.41e-03	3.34e-01	5.21e-01	1.36e-01	6.62e-03	6.03e-05	0.00e+00	0.00e+00	7.62e-07	4.01e-07	1.31e-07
 1.61160e+16	1.51e-06	1.56e-03	3.59e-01	5.08e-01	1.26e-01	5.87e-03	5.14e-05	0.00e+00	0.00e+00	8.77e-07	4.62e-07	1.51e-07
 1.62024e+16	1.84e-06	1.81e-03	3.93e-01	4.89e-01	1.12e-01	4.93e-03	4.10e-05	0.00e+00	0.00e+00	1.07e-06	5.63e-07	1.84e-07
 1.62871e+16	2.22e-06	2.07e-03	4.29e-01	4.67e-01	9.85e-02	4.11e-03	3.25e-05	0.00e+00	0.00e+00	1.29e-06	6.81e-07	2.23e-07
 1.63503e+16	2.60e-06	2.31e-03	4.58e-01	4.47e-01	8.86e-02	3.53e-03	2.67e-05	0.00e+00	0.00e+00	1.51e-06	7.97e-07	2.62e-07
 1.64034e+16	2.93e-06	2.51e-03	4.84e-01	4.30e-01	8.06e-02	3.09e-03	2.25e-05	0.00e+00	0.00e+00	1.71e-06	8.98e-07	2.95e-07
 1.64631e+16	3.42e-06	2.79e-03	5.15e-01	4.09e-01	7.14e-02	2.60e-03	1.81e-05	0.00e+00	0.00e+00	1.99e-06	1.05e-06	3.44e-07
 1.65293e+16	4.03e-06	3.12e-03	5.49e-01	3.83e-01	6.19e-02	2.13e-03	1.41e-05	0.00e+00	0.00e+00	2.34e-06	1.24e-06	4.06e-07
 1.65904e+16	4.56e-06	3.40e-03	5.82e-01	3.60e-01	5.36e-02	1.75e-03	1.11e-05	0.00e+00	0.00e+00	2.65e-06	1.40e-06	4.60e-07
 1.66563e+16	5.59e-06	3.88e-03	6.20e-01	3.30e-01	4.50e-02	1.37e-03	8.11e-06	0.00e+00	0.00e+00	3.25e-06	1.71e-06	5.64e-07
 1.67211e+16	6.55e-06	4.31e-03	6.55e-01	3.02e-01	3.76e-02	1.07e-03	5.98e-06	0.00e+00	0.00e+00	3.81e-06	2.01e-06	6.62e-07
 1.67739e+16	7.49e-06	4.69e-03	6.83e-01	2.79e-01	3.20e-02	8.63e-04	4.57e-06	0.00e+00	0.00e+00	4.35e-06	2.30e-06	7.57e-07
 1.68319e+16	8.73e-06	5.16e-03	7.15e-01	2.53e-01	2.64e-02	6.63e-04	3.30e-06	0.00e+00	0.00e+00	5.08e-06	2.68e-06	8.84e-07
 1.68965e+16	1.02e-05	5.69e-03	7.47e-01	2.26e-01	2.11e-02	4.90e-04	2.27e-06	0.00e+00	0.00e+00	5.95e-06	3.14e-06	1.04e-06
 1.69579e+16	1.19e-05	6.22e-03	7.76e-01	2.00e-01	1.68e-02	3.61e-04	1.56e-06	0.00e+00	0.00e+00	6.89e-06	3.64e-06	1.20e-06
 1.70258e+16	1.40e-05	6.86e-03	8.06e-01	1.74e-01	1.28e-02	2.50e-04	9.95e-07	0.00e+00	0.00e+00	8.15e-06	4.31e-06	1.42e-06
 1.70991e+16	1.66e-05	7.55e-03	8.35e-01	1.48e-01	9.47e-03	1.67e-04	0.00e+00	0.00e+00	0.00e+00	9.63e-06	5.09e-06	1.69e-06
 1.71667e+16	1.92e-05	8.21e-03	8.57e-01	1.27e-01	7.09e-03	1.13e-04	0.00e+00	0.00e+00	0.00e+00	1.12e-05	5.91e-06	1.96e-06
 1.72416e+16	2.26e-05	8.98e-03	8.80e-01	1.06e-01	5.05e-03	7.11e-05	0.00e+00	0.00e+00	0.00e+00	1.32e-05	6.97e-06	2.31e-06
 1.73391e+16	2.77e-05	9.99e-03	9.03e-01	8.38e-02	3.23e-03	3.87e-05	0.00e+00	0.00e+00	0.00e+00	1.61e-05	8.51e-06	2.83e-06
 1.74425e+16	3.37e-05	1.11e-02	9.21e-01	6.54e-02	2.03e-03	2.04e-05	0.00e+00	0.00e+00	0.00e+00	1.96e-05	1.04e-05	3.46e-06
