#depth	O	O+	O+2	O+3	O+4	O+5	O+6	O+7	O+8	O[1]	O[2]	O[3]
 1.49634e+10	0.00e+00	0.00e+00	5.46e-32	1.57e-22	2.92e-14	1.96e-07	1.00e+00	9.22e-17	0.00e+00	0.00e+00	0.00e+00	0.00e+00
 4.54887e+10	0.00e+00	1.91e-42	7.47e-32	2.00e-22	3.42e-14	2.12e-07	1.00e+00	0.00e+00	0.00e+00	0.00e+00	0.00e+00	0.00e+00
 7.72350e+10	0.00e+00	0.00e+00	1.02e-31	2.53e-22	4.01e-14	2.29e-07	1.00e+00	0.00e+00	0.00e+00	0.00e+00	0.00e+00	0.00e+00
 1.10251e+11	0.00e+00	4.19e-42	1.40e-31	3.20e-22	4.69e-14	2.48e-07	1.00e+00	0.00e+00	0.00e+00	0.00e+00	0.00e+00	0.00e+00
 1.44588e+11	0.00e+00	0.00e+00	1.92e-31	4.05e-22	5.49e-14	2.69e-07	1.00e+00	0.00e+00	0.00e+00	0.00e+00	0.00e+00	0.00e+00
 1.80298e+11	0.00e+00	9.19e-42	2.63e-31	5.13e-22	6.44e-14	2.91e-07	1.00e+00	0.00e+00	0.00e+00	0.00e+00	0.00e+00	0.00e+00
 2.17437e+11	0.00e+00	0.00e+00	3.60e-31	6.50e-22	7.54e-14	3.15e-07	1.00e+00	0.00e+00	0.00e+00	0.00e+00	0.00e+00	0.00e+00
 2.56061e+11	0.00e+00	2.02e-41	4.93e-31	8.24e-22	8.83e-14	3.41e-07	1.00e+00	0.00e+00	0.00e+00	0.00e+00	0.00e+00	0.00e+00
 2.96231e+11	0.00e+00	0.00e+00	6.76e-31	1.04e-21	1.03e-13	3.69e-07	1.00e+00	0.00e+00	0.00e+00	0.00e+00	0.00e+00	0.00e+00
 3.38007e+11	0.00e+00	4.43e-41	9.26e-31	1.32e-21	1.21e-13	4.00e-07	1.00e+00	0.00e+00	0.00e+00	0.00e+00	0.00e+00	0.00e+00
 3.81454e+11	0.00e+00	0.00e+00	1.27e-30	1.68e-21	1.42e-13	4.33e-07	1.00e+00	0.00e+00	0.00e+00	0.00e+00	0.00e+00	0.00e+00
 4.26639e+11	0.00e+00	9.71e-41	1.74e-30	2.12e-21	1.67e-13	4.69e-07	1.00e+00	0.00e+00	0.00e+00	0.00e+00	0.00e+00	0.00e+00
 4.73631e+11	0.00e+00	0.00e+00	2.38e-30	2.69e-21	1.95e-13	5.08e-07	1.00e+00	0.00e+00	0.00e+00	0.00e+00	0.00e+00	0.00e+00
 5.22503e+11	0.00e+00	2.13e-40	3.27e-30	3.41e-21	2.29e-13	5.50e-07	1.00e+00	0.00e+00	0.00e+00	0.00e+00	0.00e+00	0.00e+00
 5.73330e+11	0.00e+00	0.00e+00	4.48e-30	4.33e-21	2.69e-13	5.96e-07	1.00e+00	0.00e+00	0.00e+00	0.00e+00	0.00e+00	0.00e+00
 6.26190e+11	0.00e+00	4.68e-40	6.14e-30	5.49e-21	3.15e-13	6.46e-07	1.00e+00	0.00e+00	0.00e+00	0.00e+00	0.00e+00	0.00e+00
 6.81164e+11	0.00e+00	0.00e+00	8.41e-30	6.96e-21	3.69e-13	7.00e-07	1.00e+00	0.00e+00	0.00e+00	0.00e+00	0.00e+00	0.00e+00
 7.38337e+11	0.00e+00	1.03e-39	1.15e-29	8.84e-21	4.34e-13	7.58e-07	1.00e+00	0.00e+00	0.00e+00	0.00e+00	0.00e+00	0.00e+00
 7.97798e+11	0.00e+00	0.00e+00	1.58e-29	1.12e-20	5.09e-13	8.22e-07	1.00e+00	0.00e+00	0.00e+00	0.00e+00	0.00e+00	0.00e+00
 8.59636e+11	0.00e+00	2.26e-39	2.17e-29	1.42e-20	5.97e-13	8.91e-07	1.00e+00	0.00e+00	0.00e+00	0.00e+00	0.00e+00	0.00e+00
 9.23949e+11	0.00e+00	0.00e+00	2.98e-29	1.81e-20	7.01e-13	9.66e-07	1.00e+00	0.00e+00	0.00e+00	0.00e+00	0.00e+00	0.00e+00
 9.90833e+11	0.00e+00	4.96e-39	4.08e-29	2.29e-20	8.23e-13	1.05e-06	1.00e+00	0.00e+00	0.00e+00	0.00e+00	0.00e+00	0.00e+00
 1.06039e+12	0.00e+00	0.00e+00	5.60e-29	2.91e-20	9.67e-13	1.14e-06	1.00e+00	0.00e+00	0.00e+00	0.00e+00	0.00e+00	0.00e+00
 1.13274e+12	0.00e+00	1.09e-38	7.68e-29	3.70e-20	1.14e-12	1.23e-06	1.00e+00	0.00e+00	0.00e+00	0.00e+00	0.00e+00	0.00e+00
 1.20797e+12	0.00e+00	0.00e+00	1.05e-28	4.69e-20	1.34e-12	1.34e-06	1.00e+00	0.00e+00	0.00e+00	0.00e+00	0.00e+00	0.00e+00
 1.28622e+12	0.00e+00	2.39e-38	1.45e-28	5.96e-20	1.57e-12	1.45e-06	1.00e+00	0.00e+00	0.00e+00	0.00e+00	0.00e+00	0.00e+00
 1.36759e+12	0.00e+00	0.00e+00	1.99e-28	7.58e-20	1.85e-12	1.58e-06	1.00e+00	0.00e+00	0.00e+00	0.00e+00	0.00e+00	0.00e+00
 1.45222e+12	0.00e+00	5.26e-38	2.73e-28	9.64e-20	2.17e-12	1.71e-06	1.00e+00	0.00e+00	0.00e+00	0.00e+00	0.00e+00	0.00e+00
 1.54024e+12	0.00e+00	0.00e+00	3.74e-28	1.23e-19	2.56e-12	1.86e-06	1.00e+00	0.00e+00	0.00e+00	0.00e+00	0.00e+00	0.00e+00
 1.63178e+12	0.00e+00	1.16e-37	5.14e-28	1.56e-19	3.01e-12	2.02e-06	1.00e+00	0.00e+00	0.00e+00	0.00e+00	0.00e+00	0.00e+00
 1.72697e+12	0.00e+00	0.00e+00	7.06e-28	1.98e-19	3.54e-12	2.19e-06	1.00e+00	0.00e+00	0.00e+00	0.00e+00	0.00e+00	0.00e+00
 1.82598e+12	0.00e+00	2.54e-37	9.69e-28	2.52e-19	4.18e-12	2.39e-06	1.00e+00	0.00e+00	0.00e+00	0.00e+00	0.00e+00	0.00e+00
 1.92895e+12	0.00e+00	0.00e+00	1.33e-27	3.21e-19	4.92e-12	2.59e-06	1.00e+00	0.00e+00	0.00e+00	0.00e+00	0.00e+00	0.00e+00
 2.03603e+12	0.00e+00	5.57e-37	1.83e-27	4.09e-19	5.81e-12	2.82e-06	1.00e+00	0.00e+00	0.00e+00	0.00e+00	0.00e+00	0.00e+00
 2.14740e+12	0.00e+00	0.00e+00	2.51e-27	5.21e-19	6.85e-12	3.07e-06	1.00e+00	0.00e+00	0.00e+00	0.00e+00	0.00e+00	0.00e+00
 2.26322e+12	0.00e+00	1.22e-36	3.45e-27	6.64e-19	8.09e-12	3.34e-06	1.00e+00	0.00e+00	0.00e+00	0.00e+00	0.00e+00	0.00e+00
 2.38368e+12	7.29e-47	1.81e-36	4.74e-27	8.46e-19	9.55e-12	3.64e-06	1.00e+00	0.00e+00	0.00e+00	0.00e+00	0.00e+00	0.00e+00
 2.49720e+12	0.00e+00	0.00e+00	6.32e-27	1.05e-18	1.11e-11	3.94e-06	1.00e+00	0.00e+00	0.00e+00	0.00e+00	0.00e+00	0.00e+00
 2.59913e+12	0.00e+00	3.51e-36	8.12e-27	1.28e-18	1.27e-11	4.21e-06	1.00e+00	0.00e+00	0.00e+00	0.00e+00	0.00e+00	0.00e+00
 2.71372e+12	2.41e-46	4.91e-36	1.07e-26	1.57e-18	1.47e-11	4.54e-06	1.00e+00	0.00e+00	0.00e+00	0.00e+00	0.00e+00	0.00e+00
 2.84901e+12	0.00e+00	0.00e+00	1.45e-26	2.00e-18	1.73e-11	4.94e-06	1.00e+00	0.00e+00	0.00e+00	0.00e+00	0.00e+00	0.00e+00
 2.98407e+12	0.00e+00	1.04e-35	1.96e-26	2.51e-18	2.03e-11	5.37e-06	1.00e+00	0.00e+00	0.00e+00	0.00e+00	0.00e+00	0.00e+00
 3.11118e+12	8.72e-46	1.44e-35	2.57e-26	3.10e-18	2.34e-11	5.79e-06	1.00e+00	0.00e+00	0.00e+00	0.00e+00	0.00e+00	0.00e+00
 3.25220e+12	0.00e+00	0.00e+00	3.43e-26	3.87e-18	2.74e-11	6.28e-06	1.00e+00	0.00e+00	0.00e+00	0.00e+00	0.00e+00	0.00e+00
 3.41221e+12	0.00e+00	3.03e-35	4.70e-26	4.94e-18	3.25e-11	6.87e-06	1.00e+00	0.00e+00	0.00e+00	0.00e+00	0.00e+00	0.00e+00
 3.57173e+12	3.27e-45	4.38e-35	6.36e-26	6.25e-18	3.83e-11	7.49e-06	1.00e+00	0.00e+00	0.00e+00	0.00e+00	0.00e+00	0.00e+00
 3.73763e+12	0.00e+00	6.32e-35	8.60e-26	7.91e-18	4.52e-11	8.18e-06	1.00e+00	0.00e+00	0.00e+00	0.00e+00	0.00e+00	0.00e+00
 3.91706e+12	7.97e-45	9.25e-35	1.18e-25	1.01e-17	5.38e-11	8.96e-06	1.00e+00	0.00e+00	0.00e+00	0.00e+00	0.00e+00	0.00e+00
 4.10367e+12	0.00e+00	1.35e-34	1.61e-25	1.29e-17	6.41e-11	9.84e-06	1.00e+00	0.00e+00	0.00e+00	0.00e+00	0.00e+00	0.00e+00
 4.29775e+12	1.95e-44	1.96e-34	2.19e-25	1.65e-17	7.63e-11	1.08e-05	1.00e+00	0.00e+00	0.00e+00	0.00e+00	0.00e+00	0.00e+00
 4.49958e+12	0.00e+00	2.85e-34	2.99e-25	2.11e-17	9.10e-11	1.19e-05	1.00e+00	0.00e+00	0.00e+00	0.00e+00	0.00e+00	0.00e+00
 4.70949e+12	4.67e-44	4.12e-34	4.07e-25	2.69e-17	1.08e-10	1.31e-05	1.00e+00	0.00e+00	0.00e+00	0.00e+00	0.00e+00	0.00e+00
 4.92780e+12	0.00e+00	5.93e-34	5.52e-25	3.44e-17	1.29e-10	1.44e-05	1.00e+00	0.00e+00	0.00e+00	0.00e+00	0.00e+00	0.00e+00
 5.15484e+12	1.10e-43	8.49e-34	7.47e-25	4.39e-17	1.55e-10	1.59e-05	1.00e+00	0.00e+00	0.00e+00	0.00e+00	0.00e+00	0.00e+00
 5.39096e+12	0.00e+00	1.21e-33	1.01e-24	5.59e-17	1.84e-10	1.75e-05	1.00e+00	0.00e+00	0.00e+00	0.00e+00	0.00e+00	0.00e+00
 5.63652e+12	2.50e-43	1.72e-33	1.36e-24	7.12e-17	2.20e-10	1.93e-05	1.00e+00	0.00e+00	0.00e+00	0.00e+00	0.00e+00	0.00e+00
 5.89191e+12	0.00e+00	2.43e-33	1.82e-24	9.06e-17	2.63e-10	2.13e-05	1.00e+00	0.00e+00	0.00e+00	0.00e+00	0.00e+00	0.00e+00
 6.15751e+12	5.56e-43	3.41e-33	2.44e-24	1.15e-16	3.14e-10	2.35e-05	1.00e+00	0.00e+00	0.00e+00	0.00e+00	0.00e+00	0.00e+00
 6.43374e+12	0.00e+00	4.76e-33	3.26e-24	1.46e-16	3.74e-10	2.60e-05	1.00e+00	0.00e+00	0.00e+00	0.00e+00	0.00e+00	0.00e+00
 6.71950e+12	1.20e-42	6.61e-33	4.33e-24	1.85e-16	4.45e-10	2.87e-05	1.00e+00	0.00e+00	0.00e+00	0.00e+00	0.00e+00	0.00e+00
 7.01325e+12	0.00e+00	9.10e-33	5.72e-24	2.33e-16	5.28e-10	3.17e-05	1.00e+00	0.00e+00	0.00e+00	0.00e+00	0.00e+00	0.00e+00
 7.31675e+12	2.48e-42	1.25e-32	7.53e-24	2.94e-16	6.26e-10	3.50e-05	1.00e+00	0.00e+00	0.00e+00	0.00e+00	0.00e+00	0.00e+00
 7.63459e+12	0.00e+00	1.71e-32	9.92e-24	3.70e-16	7.41e-10	3.86e-05	1.00e+00	0.00e+00	0.00e+00	0.00e+00	0.00e+00	0.00e+00
 7.96868e+12	5.11e-42	2.35e-32	1.31e-23	4.66e-16	8.78e-10	4.26e-05	1.00e+00	0.00e+00	0.00e+00	0.00e+00	0.00e+00	0.00e+00
 8.31735e+12	0.00e+00	3.22e-32	1.73e-23	5.88e-16	1.04e-09	4.70e-05	1.00e+00	0.00e+00	0.00e+00	0.00e+00	0.00e+00	0.00e+00
 8.67997e+12	1.05e-41	4.41e-32	2.28e-23	7.42e-16	1.23e-09	5.18e-05	1.00e+00	0.00e+00	0.00e+00	0.00e+00	0.00e+00	0.00e+00
 9.05710e+12	0.00e+00	6.06e-32	3.01e-23	9.35e-16	1.45e-09	5.71e-05	1.00e+00	0.00e+00	0.00e+00	0.00e+00	0.00e+00	0.00e+00
 9.44931e+12	2.16e-41	8.32e-32	3.97e-23	1.18e-15	1.71e-09	6.28e-05	1.00e+00	0.00e+00	0.00e+00	0.00e+00	0.00e+00	0.00e+00
 9.85720e+12	0.00e+00	1.15e-31	5.25e-23	1.49e-15	2.02e-09	6.91e-05	1.00e+00	0.00e+00	0.00e+00	0.00e+00	0.00e+00	0.00e+00
 1.02641e+13	4.43e-41	1.56e-31	6.87e-23	1.85e-15	2.36e-09	7.56e-05	1.00e+00	0.00e+00	0.00e+00	0.00e+00	0.00e+00	0.00e+00
 1.06872e+13	0.00e+00	2.13e-31	9.01e-23	2.32e-15	2.76e-09	8.27e-05	1.00e+00	0.00e+00	0.00e+00	0.00e+00	0.00e+00	0.00e+00
 1.11446e+13	9.19e-41	2.96e-31	1.20e-22	2.92e-15	3.25e-09	9.08e-05	1.00e+00	0.00e+00	0.00e+00	0.00e+00	0.00e+00	0.00e+00
 1.16203e+13	0.00e+00	4.12e-31	1.59e-22	3.68e-15	3.81e-09	9.95e-05	1.00e+00	0.00e+00	0.00e+00	0.00e+00	0.00e+00	0.00e+00
 1.21150e+13	1.97e-40	5.75e-31	2.12e-22	4.64e-15	4.47e-09	1.09e-04	1.00e+00	0.00e+00	0.00e+00	0.00e+00	0.00e+00	0.00e+00
 1.26296e+13	0.00e+00	8.06e-31	2.82e-22	5.85e-15	5.25e-09	1.19e-04	1.00e+00	0.00e+00	0.00e+00	0.00e+00	0.00e+00	0.00e+00
 1.31647e+13	4.30e-40	1.13e-30	3.77e-22	7.38e-15	6.15e-09	1.30e-04	1.00e+00	0.00e+00	0.00e+00	0.00e+00	0.00e+00	0.00e+00
 1.37212e+13	0.00e+00	1.60e-30	5.05e-22	9.31e-15	7.21e-09	1.42e-04	1.00e+00	0.00e+00	0.00e+00	0.00e+00	0.00e+00	0.00e+00
 1.43000e+13	9.57e-40	2.26e-30	6.77e-22	1.17e-14	8.45e-09	1.55e-04	1.00e+00	0.00e+00	0.00e+00	0.00e+00	0.00e+00	0.00e+00
 1.49019e+13	0.00e+00	3.22e-30	9.09e-22	1.48e-14	9.90e-09	1.69e-04	1.00e+00	0.00e+00	0.00e+00	0.00e+00	0.00e+00	0.00e+00
 1.55279e+13	2.17e-39	4.58e-30	1.22e-21	1.87e-14	1.16e-08	1.85e-04	1.00e+00	0.00e+00	0.00e+00	0.00e+00	0.00e+00	0.00e+00
 1.61286e+13	0.00e+00	6.38e-30	1.61e-21	2.32e-14	1.34e-08	2.00e-04	1.00e+00	0.00e+00	0.00e+00	0.00e+00	0.00e+00	0.00e+00
 1.66846e+13	4.51e-39	8.59e-30	2.06e-21	2.82e-14	1.53e-08	2.14e-04	1.00e+00	0.00e+00	0.00e+00	0.00e+00	0.00e+00	0.00e+00
 1.73132e+13	0.00e+00	1.19e-29	2.70e-21	3.48e-14	1.76e-08	2.31e-04	1.00e+00	0.00e+00	0.00e+00	0.00e+00	0.00e+00	0.00e+00
 1.80357e+13	1.02e-38	1.72e-29	3.65e-21	4.39e-14	2.06e-08	2.51e-04	1.00e+00	0.00e+00	0.00e+00	0.00e+00	0.00e+00	0.00e+00
 1.87465e+13	0.00e+00	2.43e-29	4.87e-21	5.48e-14	2.39e-08	2.72e-04	1.00e+00	0.00e+00	0.00e+00	0.00e+00	0.00e+00	0.00e+00
 1.94857e+13	2.31e-38	3.45e-29	6.49e-21	6.84e-14	2.78e-08	2.94e-04	1.00e+00	0.00e+00	0.00e+00	0.00e+00	0.00e+00	0.00e+00
 2.02950e+13	0.00e+00	5.00e-29	8.80e-21	8.65e-14	3.25e-08	3.19e-04	1.00e+00	0.00e+00	0.00e+00	0.00e+00	0.00e+00	0.00e+00
 2.11106e+13	5.49e-38	7.19e-29	1.18e-20	1.09e-13	3.78e-08	3.46e-04	1.00e+00	0.00e+00	0.00e+00	0.00e+00	0.00e+00	0.00e+00
 2.19588e+13	0.00e+00	1.04e-28	1.59e-20	1.36e-13	4.40e-08	3.74e-04	1.00e+00	0.00e+00	0.00e+00	0.00e+00	0.00e+00	0.00e+00
 2.28670e+13	1.32e-37	1.51e-28	2.16e-20	1.72e-13	5.15e-08	4.06e-04	1.00e+00	0.00e+00	0.00e+00	0.00e+00	0.00e+00	0.00e+00
 2.38116e+13	0.00e+00	2.21e-28	2.95e-20	2.18e-13	6.02e-08	4.40e-04	1.00e+00	0.00e+00	0.00e+00	0.00e+00	0.00e+00	0.00e+00
 2.47940e+13	3.26e-37	3.23e-28	4.01e-20	2.75e-13	7.04e-08	4.77e-04	1.00e+00	0.00e+00	0.00e+00	0.00e+00	0.00e+00	0.00e+00
 2.58157e+13	0.00e+00	4.73e-28	5.46e-20	3.48e-13	8.24e-08	5.17e-04	9.99e-01	0.00e+00	0.00e+00	0.00e+00	0.00e+00	0.00e+00
 2.68783e+13	8.10e-37	6.94e-28	7.45e-20	4.40e-13	9.64e-08	5.60e-04	9.99e-01	0.00e+00	0.00e+00	0.00e+00	0.00e+00	0.00e+00
 2.79833e+13	0.00e+00	1.02e-27	1.02e-19	5.56e-13	1.13e-07	6.06e-04	9.99e-01	0.00e+00	0.00e+00	0.00e+00	0.00e+00	0.00e+00
 2.91326e+13	2.03e-36	1.50e-27	1.39e-19	7.03e-13	1.32e-07	6.56e-04	9.99e-01	0.00e+00	0.00e+00	0.00e+00	0.00e+00	0.00e+00
 3.03278e+13	0.00e+00	2.21e-27	1.89e-19	8.89e-13	1.54e-07	7.10e-04	9.99e-01	0.00e+00	0.00e+00	0.00e+00	0.00e+00	0.00e+00
 3.15709e+13	5.14e-36	3.26e-27	2.58e-19	1.12e-12	1.80e-07	7.69e-04	9.99e-01	0.00e+00	0.00e+00	0.00e+00	0.00e+00	0.00e+00
 3.28337e+13	0.00e+00	4.77e-27	3.51e-19	1.41e-12	2.10e-07	8.30e-04	9.99e-01	0.00e+00	0.00e+00	0.00e+00	0.00e+00	0.00e+00
 3.41471e+13	1.28e-35	6.98e-27	4.76e-19	1.78e-12	2.45e-07	8.96e-04	9.99e-01	0.00e+00	0.00e+00	0.00e+00	0.00e+00	0.00e+00
 3.55429e+13	0.00e+00	1.03e-26	6.51e-19	2.25e-12	2.86e-07	9.69e-04	9.99e-01	0.00e+00	0.00e+00	0.00e+00	0.00e+00	0.00e+00
 3.69946e+13	3.27e-35	1.53e-26	8.90e-19	2.85e-12	3.35e-07	1.05e-03	9.99e-01	0.00e+00	0.00e+00	0.00e+00	0.00e+00	0.00e+00
 3.85043e+13	5.23e-35	2.26e-26	1.22e-18	3.60e-12	3.91e-07	1.13e-03	9.99e-01	0.00e+00	0.00e+00	0.00e+00	0.00e+00	0.00e+00
 4.00744e+13	8.37e-35	3.34e-26	1.67e-18	4.55e-12	4.58e-07	1.23e-03	9.99e-01	0.00e+00	0.00e+00	0.00e+00	0.00e+00	0.00e+00
 4.17073e+13	1.34e-34	4.95e-26	2.28e-18	5.76e-12	5.35e-07	1.32e-03	9.99e-01	0.00e+00	0.00e+00	0.00e+00	0.00e+00	0.00e+00
 4.34055e+13	2.15e-34	7.33e-26	3.12e-18	7.29e-12	6.26e-07	1.43e-03	9.99e-01	0.00e+00	0.00e+00	0.00e+00	0.00e+00	0.00e+00
 4.51716e+13	3.45e-34	1.09e-25	4.27e-18	9.22e-12	7.32e-07	1.55e-03	9.98e-01	0.00e+00	0.00e+00	0.00e+00	0.00e+00	0.00e+00
 4.70084e+13	5.53e-34	1.61e-25	5.84e-18	1.17e-11	8.56e-07	1.67e-03	9.98e-01	0.00e+00	0.00e+00	0.00e+00	0.00e+00	0.00e+00
 4.89187e+13	8.88e-34	2.38e-25	8.00e-18	1.47e-11	1.00e-06	1.81e-03	9.98e-01	0.00e+00	0.00e+00	0.00e+00	0.00e+00	0.00e+00
 5.09054e+13	1.42e-33	3.53e-25	1.10e-17	1.86e-11	1.17e-06	1.95e-03	9.98e-01	0.00e+00	0.00e+00	0.00e+00	0.00e+00	0.00e+00
 5.29715e+13	2.28e-33	5.23e-25	1.50e-17	2.36e-11	1.37e-06	2.11e-03	9.98e-01	0.00e+00	0.00e+00	0.00e+00	0.00e+00	0.00e+00
 5.50674e+13	3.62e-33	7.68e-25	2.04e-17	2.97e-11	1.59e-06	2.28e-03	9.98e-01	0.00e+00	0.00e+00	0.00e+00	0.00e+00	0.00e+00
 5.72470e+13	5.76e-33	1.13e-24	2.78e-17	3.73e-11	1.86e-06	2.46e-03	9.98e-01	0.00e+00	0.00e+00	0.00e+00	0.00e+00	0.00e+00
 5.95669e+13	9.18e-33	1.67e-24	3.78e-17	4.72e-11	2.17e-06	2.66e-03	9.97e-01	0.00e+00	0.00e+00	0.00e+00	0.00e+00	0.00e+00
 6.19795e+13	1.47e-32	2.47e-24	5.18e-17	5.97e-11	2.54e-06	2.87e-03	9.97e-01	0.00e+00	0.00e+00	0.00e+00	0.00e+00	0.00e+00
 6.44886e+13	2.35e-32	3.65e-24	7.08e-17	7.55e-11	2.97e-06	3.11e-03	9.97e-01	0.00e+00	0.00e+00	0.00e+00	0.00e+00	0.00e+00
 6.70980e+13	3.76e-32	5.39e-24	9.68e-17	9.54e-11	3.47e-06	3.36e-03	9.97e-01	0.00e+00	0.00e+00	0.00e+00	0.00e+00	0.00e+00
 6.98119e+13	5.99e-32	7.96e-24	1.32e-16	1.21e-10	4.06e-06	3.63e-03	9.96e-01	0.00e+00	0.00e+00	0.00e+00	0.00e+00	0.00e+00
 7.23825e+13	9.18e-32	1.14e-23	1.76e-16	1.49e-10	4.68e-06	3.90e-03	9.96e-01	0.00e+00	0.00e+00	0.00e+00	0.00e+00	0.00e+00
 7.47064e+13	1.33e-31	1.55e-23	2.26e-16	1.80e-10	5.30e-06	4.15e-03	9.96e-01	0.00e+00	0.00e+00	0.00e+00	0.00e+00	0.00e+00
 7.73210e+13	1.99e-31	2.17e-23	2.96e-16	2.21e-10	6.07e-06	4.45e-03	9.96e-01	0.00e+00	0.00e+00	0.00e+00	0.00e+00	0.00e+00
 8.03898e+13	3.14e-31	3.17e-23	4.01e-16	2.78e-10	7.08e-06	4.81e-03	9.95e-01	0.00e+00	0.00e+00	0.00e+00	0.00e+00	0.00e+00
 8.34276e+13	4.84e-31	4.56e-23	5.37e-16	3.46e-10	8.20e-06	5.17e-03	9.95e-01	0.00e+00	0.00e+00	0.00e+00	0.00e+00	0.00e+00
 8.62797e+13	7.15e-31	6.33e-23	6.99e-16	4.23e-10	9.36e-06	5.53e-03	9.94e-01	0.00e+00	0.00e+00	0.00e+00	0.00e+00	0.00e+00
 8.94536e+13	1.09e-30	9.00e-23	9.28e-16	5.23e-10	1.08e-05	5.95e-03	9.94e-01	0.00e+00	0.00e+00	0.00e+00	0.00e+00	0.00e+00
 9.30616e+13	1.71e-30	1.32e-22	1.26e-15	6.61e-10	1.26e-05	6.44e-03	9.94e-01	0.00e+00	0.00e+00	0.00e+00	0.00e+00	0.00e+00
 9.66348e+13	2.65e-30	1.90e-22	1.70e-15	8.27e-10	1.46e-05	6.94e-03	9.93e-01	0.00e+00	0.00e+00	0.00e+00	0.00e+00	0.00e+00
 1.00351e+14	4.09e-30	2.73e-22	2.28e-15	1.03e-09	1.70e-05	7.49e-03	9.92e-01	0.00e+00	0.00e+00	0.00e+00	0.00e+00	0.00e+00
 1.04395e+14	6.42e-30	4.00e-22	3.10e-15	1.31e-09	1.99e-05	8.11e-03	9.92e-01	0.00e+00	0.00e+00	0.00e+00	0.00e+00	0.00e+00
 1.08504e+14	9.96e-30	5.79e-22	4.19e-15	1.64e-09	2.31e-05	8.78e-03	9.91e-01	0.00e+00	0.00e+00	0.00e+00	0.00e+00	0.00e+00
 1.12778e+14	1.54e-29	8.38e-22	5.66e-15	2.06e-09	2.69e-05	9.49e-03	9.90e-01	0.00e+00	0.00e+00	0.00e+00	0.00e+00	0.00e+00
 1.17319e+14	2.41e-29	1.22e-21	7.68e-15	2.60e-09	3.15e-05	1.03e-02	9.90e-01	0.00e+00	0.00e+00	0.00e+00	0.00e+00	0.00e+00
 1.22042e+14	3.75e-29	1.78e-21	1.04e-14	3.29e-09	3.67e-05	1.11e-02	9.89e-01	0.00e+00	0.00e+00	0.00e+00	0.00e+00	0.00e+00
 1.26953e+14	5.84e-29	2.58e-21	1.41e-14	4.15e-09	4.29e-05	1.21e-02	9.88e-01	0.00e+00	0.00e+00	0.00e+00	0.00e+00	0.00e+00
 1.32062e+14	9.05e-29	3.75e-21	1.92e-14	5.24e-09	5.01e-05	1.31e-02	9.87e-01	0.00e+00	0.00e+00	0.00e+00	0.00e+00	0.00e+00
 1.37374e+14	1.40e-28	5.43e-21	2.60e-14	6.61e-09	5.86e-05	1.42e-02	9.86e-01	0.00e+00	0.00e+00	0.00e+00	0.00e+00	0.00e+00
 1.42899e+14	2.16e-28	7.86e-21	3.52e-14	8.34e-09	6.84e-05	1.54e-02	9.85e-01	0.00e+00	0.00e+00	0.00e+00	0.00e+00	0.00e+00
 1.48645e+14	3.33e-28	1.14e-20	4.77e-14	1.05e-08	7.99e-05	1.67e-02	9.83e-01	0.00e+00	0.00e+00	0.00e+00	0.00e+00	0.00e+00
 1.54437e+14	5.05e-28	1.62e-20	6.39e-14	1.32e-08	9.28e-05	1.81e-02	9.82e-01	0.00e+00	0.00e+00	0.00e+00	0.00e+00	0.00e+00
 1.60461e+14	7.63e-28	2.31e-20	8.57e-14	1.65e-08	1.08e-04	1.96e-02	9.80e-01	0.00e+00	0.00e+00	0.00e+00	0.00e+00	0.00e+00
 1.66909e+14	1.17e-27	3.33e-20	1.16e-13	2.09e-08	1.26e-04	2.13e-02	9.79e-01	0.00e+00	0.00e+00	0.00e+00	0.00e+00	0.00e+00
 1.73615e+14	1.77e-27	4.78e-20	1.56e-13	2.63e-08	1.47e-04	2.32e-02	9.77e-01	0.00e+00	0.00e+00	0.00e+00	0.00e+00	0.00e+00
 1.80590e+14	2.70e-27	6.87e-20	2.11e-13	3.32e-08	1.71e-04	2.51e-02	9.75e-01	0.00e+00	0.00e+00	0.00e+00	0.00e+00	0.00e+00
 1.87843e+14	4.08e-27	9.83e-20	2.84e-13	4.18e-08	2.00e-04	2.73e-02	9.72e-01	0.00e+00	0.00e+00	0.00e+00	0.00e+00	0.00e+00
 1.95387e+14	6.15e-27	1.40e-19	3.83e-13	5.27e-08	2.33e-04	2.97e-02	9.70e-01	0.00e+00	0.00e+00	0.00e+00	0.00e+00	0.00e+00
 2.02629e+14	9.01e-27	1.96e-19	5.05e-13	6.52e-08	2.69e-04	3.21e-02	9.68e-01	0.00e+00	0.00e+00	0.00e+00	0.00e+00	0.00e+00
 2.09361e+14	1.26e-26	2.63e-19	6.47e-13	7.90e-08	3.05e-04	3.44e-02	9.65e-01	0.00e+00	0.00e+00	0.00e+00	0.00e+00	0.00e+00
 2.16965e+14	1.80e-26	3.61e-19	8.45e-13	9.74e-08	3.50e-04	3.71e-02	9.63e-01	0.00e+00	0.00e+00	0.00e+00	0.00e+00	0.00e+00
 2.25673e+14	2.70e-26	5.14e-19	1.14e-12	1.23e-07	4.07e-04	4.03e-02	9.59e-01	0.00e+00	0.00e+00	0.00e+00	0.00e+00	0.00e+00
 2.34308e+14	3.95e-26	7.20e-19	1.51e-12	1.53e-07	4.71e-04	4.37e-02	9.56e-01	0.00e+00	0.00e+00	0.00e+00	0.00e+00	0.00e+00
 2.43288e+14	5.76e-26	1.01e-18	2.00e-12	1.91e-07	5.44e-04	4.73e-02	9.52e-01	0.00e+00	0.00e+00	0.00e+00	0.00e+00	0.00e+00
 2.53050e+14	8.52e-26	1.43e-18	2.69e-12	2.40e-07	6.33e-04	5.15e-02	9.48e-01	0.00e+00	0.00e+00	0.00e+00	0.00e+00	0.00e+00
 2.62951e+14	1.25e-25	2.01e-18	3.60e-12	3.00e-07	7.33e-04	5.59e-02	9.43e-01	0.00e+00	0.00e+00	0.00e+00	0.00e+00	0.00e+00
 2.73248e+14	1.82e-25	2.83e-18	4.80e-12	3.76e-07	8.48e-04	6.07e-02	9.38e-01	0.00e+00	0.00e+00	0.00e+00	0.00e+00	0.00e+00
 2.83220e+14	2.59e-25	3.89e-18	6.29e-12	4.64e-07	9.73e-04	6.55e-02	9.34e-01	0.00e+00	0.00e+00	0.00e+00	0.00e+00	0.00e+00
 2.92086e+14	3.51e-25	5.13e-18	7.94e-12	5.55e-07	1.09e-03	6.99e-02	9.29e-01	0.00e+00	0.00e+00	0.00e+00	0.00e+00	0.00e+00
 3.01899e+14	4.88e-25	6.90e-18	1.02e-11	6.73e-07	1.24e-03	7.50e-02	9.24e-01	0.00e+00	0.00e+00	0.00e+00	0.00e+00	0.00e+00
 3.13609e+14	7.11e-25	9.72e-18	1.36e-11	8.41e-07	1.43e-03	8.13e-02	9.17e-01	0.00e+00	0.00e+00	0.00e+00	0.00e+00	0.00e+00
 3.25236e+14	1.02e-24	1.35e-17	1.80e-11	1.04e-06	1.64e-03	8.77e-02	9.11e-01	0.00e+00	0.00e+00	0.00e+00	0.00e+00	0.00e+00
 3.35833e+14	1.41e-24	1.81e-17	2.29e-11	1.25e-06	1.85e-03	9.37e-02	9.04e-01	0.00e+00	0.00e+00	0.00e+00	0.00e+00	0.00e+00
 3.47643e+14	2.00e-24	2.49e-17	2.99e-11	1.53e-06	2.10e-03	1.01e-01	8.97e-01	0.00e+00	0.00e+00	0.00e+00	0.00e+00	0.00e+00
 3.61420e+14	2.97e-24	3.55e-17	4.02e-11	1.92e-06	2.43e-03	1.09e-01	8.89e-01	0.00e+00	0.00e+00	0.00e+00	0.00e+00	0.00e+00
 3.74932e+14	4.32e-24	4.99e-17	5.32e-11	2.37e-06	2.79e-03	1.17e-01	8.80e-01	0.00e+00	0.00e+00	0.00e+00	0.00e+00	0.00e+00
 3.87589e+14	6.08e-24	6.79e-17	6.87e-11	2.88e-06	3.15e-03	1.25e-01	8.72e-01	0.00e+00	0.00e+00	0.00e+00	0.00e+00	0.00e+00
 4.01727e+14	8.80e-24	9.48e-17	9.04e-11	3.53e-06	3.60e-03	1.34e-01	8.62e-01	0.00e+00	0.00e+00	0.00e+00	0.00e+00	0.00e+00
 4.17826e+14	1.33e-23	1.37e-16	1.22e-10	4.43e-06	4.15e-03	1.45e-01	8.51e-01	0.00e+00	0.00e+00	0.00e+00	0.00e+00	0.00e+00
 4.33792e+14	1.96e-23	1.95e-16	1.63e-10	5.49e-06	4.76e-03	1.56e-01	8.40e-01	0.00e+00	0.00e+00	0.00e+00	0.00e+00	0.00e+00
 4.50397e+14	2.91e-23	2.77e-16	2.17e-10	6.81e-06	5.45e-03	1.67e-01	8.28e-01	0.00e+00	0.00e+00	0.00e+00	0.00e+00	0.00e+00
 4.68443e+14	4.41e-23	4.01e-16	2.94e-10	8.52e-06	6.28e-03	1.79e-01	8.14e-01	0.00e+00	0.00e+00	0.00e+00	0.00e+00	0.00e+00
 4.87210e+14	6.69e-23	5.82e-16	3.97e-10	1.06e-05	7.23e-03	1.92e-01	8.00e-01	0.00e+00	0.00e+00	0.00e+00	0.00e+00	0.00e+00
 5.06729e+14	1.02e-22	8.43e-16	5.36e-10	1.33e-05	8.30e-03	2.06e-01	7.85e-01	0.00e+00	0.00e+00	0.00e+00	0.00e+00	0.00e+00
 5.27028e+14	1.55e-22	1.22e-15	7.23e-10	1.65e-05	9.53e-03	2.21e-01	7.70e-01	0.00e+00	0.00e+00	0.00e+00	0.00e+00	0.00e+00
 5.48139e+14	2.36e-22	1.77e-15	9.74e-10	2.06e-05	1.09e-02	2.36e-01	7.53e-01	0.00e+00	0.00e+00	0.00e+00	0.00e+00	0.00e+00
 5.70094e+14	3.59e-22	2.57e-15	1.31e-09	2.56e-05	1.25e-02	2.51e-01	7.36e-01	0.00e+00	0.00e+00	0.00e+00	0.00e+00	0.00e+00
 5.92928e+14	5.48e-22	3.72e-15	1.76e-09	3.18e-05	1.43e-02	2.67e-01	7.18e-01	0.00e+00	0.00e+00	0.00e+00	0.00e+00	0.00e+00
 6.16675e+14	8.37e-22	5.38e-15	2.37e-09	3.94e-05	1.63e-02	2.84e-01	7.00e-01	0.00e+00	0.00e+00	0.00e+00	0.00e+00	0.00e+00
 6.41372e+14	1.28e-21	7.78e-15	3.18e-09	4.87e-05	1.86e-02	3.01e-01	6.80e-01	0.00e+00	0.00e+00	0.00e+00	0.00e+00	0.00e+00
 6.65476e+14	1.90e-21	1.10e-14	4.18e-09	5.94e-05	2.10e-02	3.17e-01	6.62e-01	0.00e+00	0.00e+00	0.00e+00	0.00e+00	0.00e+00
 6.88410e+14	2.74e-21	1.51e-14	5.37e-09	7.12e-05	2.35e-02	3.33e-01	6.44e-01	0.00e+00	0.00e+00	0.00e+00	0.00e+00	0.00e+00
 7.13841e+14	4.06e-21	2.12e-14	7.02e-09	8.63e-05	2.64e-02	3.49e-01	6.24e-01	0.00e+00	0.00e+00	0.00e+00	0.00e+00	0.00e+00
 7.40390e+14	6.02e-21	2.97e-14	9.19e-09	1.05e-04	2.96e-02	3.66e-01	6.04e-01	0.00e+00	0.00e+00	0.00e+00	0.00e+00	0.00e+00
 7.64230e+14	8.47e-21	3.99e-14	1.16e-08	1.23e-04	3.27e-02	3.81e-01	5.86e-01	0.00e+00	0.00e+00	0.00e+00	0.00e+00	0.00e+00
 7.90225e+14	1.22e-20	5.43e-14	1.47e-08	1.47e-04	3.62e-02	3.96e-01	5.67e-01	0.00e+00	0.00e+00	0.00e+00	0.00e+00	0.00e+00
 8.21031e+14	1.83e-20	7.74e-14	1.95e-08	1.79e-04	4.07e-02	4.14e-01	5.45e-01	0.00e+00	0.00e+00	0.00e+00	0.00e+00	0.00e+00
 8.51685e+14	2.72e-20	1.08e-13	2.53e-08	2.15e-04	4.54e-02	4.31e-01	5.24e-01	0.00e+00	0.00e+00	0.00e+00	0.00e+00	0.00e+00
 8.80543e+14	3.89e-20	1.47e-13	3.20e-08	2.54e-04	5.00e-02	4.46e-01	5.04e-01	0.00e+00	0.00e+00	0.00e+00	0.00e+00	0.00e+00
 9.12774e+14	5.72e-20	2.03e-13	4.13e-08	3.04e-04	5.55e-02	4.61e-01	4.83e-01	0.00e+00	0.00e+00	0.00e+00	0.00e+00	0.00e+00
 9.47104e+14	8.48e-20	2.84e-13	5.35e-08	3.64e-04	6.16e-02	4.77e-01	4.61e-01	0.00e+00	0.00e+00	0.00e+00	0.00e+00	0.00e+00
 9.78196e+14	1.20e-19	3.79e-13	6.69e-08	4.26e-04	6.74e-02	4.90e-01	4.42e-01	0.00e+00	0.00e+00	0.00e+00	0.00e+00	0.00e+00
 1.01195e+15	1.71e-19	5.12e-13	8.45e-08	5.01e-04	7.39e-02	5.04e-01	4.22e-01	0.00e+00	0.00e+00	0.00e+00	0.00e+00	0.00e+00
 1.05166e+15	2.57e-19	7.22e-13	1.10e-07	6.02e-04	8.19e-02	5.18e-01	3.99e-01	0.00e+00	0.00e+00	0.00e+00	0.00e+00	0.00e+00
 1.09039e+15	3.77e-19	9.91e-13	1.41e-07	7.13e-04	9.00e-02	5.31e-01	3.78e-01	0.00e+00	0.00e+00	0.00e+00	0.00e+00	0.00e+00
 1.12577e+15	5.26e-19	1.31e-12	1.74e-07	8.26e-04	9.76e-02	5.41e-01	3.60e-01	0.00e+00	0.00e+00	0.00e+00	0.00e+00	0.00e+00
 1.16551e+15	7.57e-19	1.77e-12	2.19e-07	9.68e-04	1.06e-01	5.52e-01	3.41e-01	0.00e+00	0.00e+00	0.00e+00	0.00e+00	0.00e+00
 1.21174e+15	1.13e-18	2.48e-12	2.84e-07	1.15e-03	1.17e-01	5.62e-01	3.19e-01	0.00e+00	0.00e+00	0.00e+00	0.00e+00	0.00e+00
 1.25715e+15	1.66e-18	3.40e-12	3.60e-07	1.36e-03	1.28e-01	5.71e-01	3.00e-01	0.00e+00	0.00e+00	0.00e+00	0.00e+00	0.00e+00
 1.30011e+15	2.35e-18	4.52e-12	4.48e-07	1.57e-03	1.38e-01	5.78e-01	2.82e-01	0.00e+00	0.00e+00	0.00e+00	0.00e+00	0.00e+00
 1.34788e+15	3.41e-18	6.13e-12	5.65e-07	1.84e-03	1.50e-01	5.84e-01	2.64e-01	0.00e+00	0.00e+00	0.00e+00	0.00e+00	0.00e+00
 1.40183e+15	5.09e-18	8.52e-12	7.25e-07	2.18e-03	1.63e-01	5.90e-01	2.45e-01	0.00e+00	0.00e+00	0.00e+00	0.00e+00	0.00e+00
 1.45573e+15	7.47e-18	1.16e-11	9.17e-07	2.55e-03	1.77e-01	5.93e-01	2.27e-01	0.00e+00	0.00e+00	0.00e+00	0.00e+00	0.00e+00
 1.51178e+15	1.09e-17	1.59e-11	1.16e-06	2.98e-03	1.92e-01	5.95e-01	2.10e-01	0.00e+00	0.00e+00	0.00e+00	0.00e+00	0.00e+00
 1.57229e+15	1.62e-17	2.19e-11	1.48e-06	3.49e-03	2.07e-01	5.96e-01	1.94e-01	0.00e+00	0.00e+00	0.00e+00	0.00e+00	0.00e+00
 1.63521e+15	2.44e-17	3.01e-11	1.87e-06	4.09e-03	2.24e-01	5.94e-01	1.78e-01	0.00e+00	0.00e+00	1.38e-17	7.49e-18	2.93e-18
 1.70064e+15	3.58e-17	4.12e-11	2.37e-06	4.77e-03	2.41e-01	5.92e-01	1.63e-01	0.00e+00	0.00e+00	2.01e-17	1.13e-17	4.09e-18
 1.76870e+15	5.28e-17	5.64e-11	2.99e-06	5.55e-03	2.59e-01	5.87e-01	1.48e-01	0.00e+00	0.00e+00	2.97e-17	1.66e-17	6.01e-18
 1.83948e+15	7.76e-17	7.68e-11	3.76e-06	6.44e-03	2.77e-01	5.81e-01	1.35e-01	0.00e+00	0.00e+00	4.38e-17	2.43e-17	8.81e-18
 1.91309e+15	1.14e-16	1.04e-10	4.73e-06	7.46e-03	2.96e-01	5.74e-01	1.22e-01	0.00e+00	0.00e+00	6.45e-17	3.56e-17	1.29e-17
 1.98964e+15	1.67e-16	1.41e-10	5.91e-06	8.61e-03	3.15e-01	5.65e-01	1.11e-01	0.00e+00	0.00e+00	9.46e-17	5.19e-17	1.88e-17
 2.06926e+15	2.44e-16	1.91e-10	7.39e-06	9.92e-03	3.35e-01	5.55e-01	1.00e-01	0.00e+00	0.00e+00	1.39e-16	7.56e-17	2.74e-17
 2.15206e+15	3.56e-16	2.58e-10	9.20e-06	1.14e-02	3.55e-01	5.43e-01	9.00e-02	0.00e+00	0.00e+00	2.03e-16	1.10e-16	3.97e-17
 2.23817e+15	5.18e-16	3.47e-10	1.14e-05	1.31e-02	3.76e-01	5.30e-01	8.07e-02	0.00e+00	0.00e+00	2.95e-16	1.60e-16	5.76e-17
 2.31733e+15	7.21e-16	4.50e-10	1.38e-05	1.47e-02	3.94e-01	5.18e-01	7.31e-02	0.00e+00	0.00e+00	4.12e-16	2.22e-16	7.98e-17
 2.38572e+15	9.48e-16	5.58e-10	1.62e-05	1.62e-02	4.09e-01	5.07e-01	6.72e-02	0.00e+00	0.00e+00	5.42e-16	2.91e-16	1.05e-16
 2.46193e+15	1.28e-15	7.04e-10	1.92e-05	1.80e-02	4.26e-01	4.95e-01	6.12e-02	0.00e+00	0.00e+00	7.31e-16	3.92e-16	1.40e-16
 2.55512e+15	1.81e-15	9.26e-10	2.34e-05	2.03e-02	4.46e-01	4.79e-01	5.47e-02	0.00e+00	0.00e+00	1.04e-15	5.55e-16	1.98e-16
 2.65117e+15	2.55e-15	1.21e-09	2.84e-05	2.28e-02	4.65e-01	4.64e-01	4.88e-02	0.00e+00	0.00e+00	1.46e-15	7.82e-16	2.79e-16
 2.74048e+15	3.47e-15	1.53e-09	3.37e-05	2.53e-02	4.82e-01	4.49e-01	4.39e-02	0.00e+00	0.00e+00	1.99e-15	1.06e-15	3.77e-16
 2.82719e+15	4.63e-15	1.92e-09	3.96e-05	2.79e-02	4.98e-01	4.35e-01	3.97e-02	0.00e+00	0.00e+00	2.66e-15	1.42e-15	5.02e-16
 2.92687e+15	6.37e-15	2.45e-09	4.72e-05	3.10e-02	5.15e-01	4.18e-01	3.54e-02	0.00e+00	0.00e+00	3.66e-15	1.94e-15	6.87e-16
 3.03728e+15	8.96e-15	3.19e-09	5.71e-05	3.47e-02	5.33e-01	4.01e-01	3.12e-02	0.00e+00	0.00e+00	5.15e-15	2.73e-15	9.63e-16
 3.13895e+15	1.21e-14	4.01e-09	6.72e-05	3.81e-02	5.49e-01	3.85e-01	2.79e-02	0.00e+00	0.00e+00	6.94e-15	3.68e-15	1.29e-15
 3.24842e+15	1.65e-14	5.10e-09	7.98e-05	4.21e-02	5.65e-01	3.69e-01	2.47e-02	0.00e+00	0.00e+00	9.50e-15	5.03e-15	1.76e-15
 3.37060e+15	2.31e-14	6.59e-09	9.57e-05	4.68e-02	5.81e-01	3.51e-01	2.17e-02	0.00e+00	0.00e+00	1.33e-14	7.03e-15	2.45e-15
 3.48596e+15	3.11e-14	8.28e-09	1.13e-04	5.14e-02	5.95e-01	3.34e-01	1.92e-02	0.00e+00	0.00e+00	1.79e-14	9.49e-15	3.30e-15
 3.61186e+15	4.29e-14	1.06e-08	1.34e-04	5.67e-02	6.09e-01	3.17e-01	1.68e-02	0.00e+00	0.00e+00	2.47e-14	1.31e-14	4.53e-15
 3.75093e+15	6.01e-14	1.36e-08	1.61e-04	6.27e-02	6.23e-01	2.99e-01	1.45e-02	0.00e+00	0.00e+00	3.46e-14	1.83e-14	6.32e-15
 3.88173e+15	8.12e-14	1.71e-08	1.89e-04	6.86e-02	6.35e-01	2.83e-01	1.27e-02	0.00e+00	0.00e+00	4.68e-14	2.47e-14	8.52e-15
 4.02321e+15	1.12e-13	2.17e-08	2.23e-04	7.53e-02	6.46e-01	2.67e-01	1.10e-02	0.00e+00	0.00e+00	6.43e-14	3.40e-14	1.17e-14
 4.18062e+15	1.57e-13	2.80e-08	2.67e-04	8.31e-02	6.57e-01	2.50e-01	9.42e-03	0.00e+00	0.00e+00	9.04e-14	4.77e-14	1.63e-14
 4.33269e+15	2.15e-13	3.55e-08	3.15e-04	9.09e-02	6.67e-01	2.34e-01	8.12e-03	0.00e+00	0.00e+00	1.24e-13	6.54e-14	2.23e-14
 4.47767e+15	2.87e-13	4.41e-08	3.67e-04	9.85e-02	6.74e-01	2.20e-01	7.07e-03	0.00e+00	0.00e+00	1.66e-13	8.75e-14	2.98e-14
 4.64008e+15	3.94e-13	5.57e-08	4.32e-04	1.07e-01	6.81e-01	2.05e-01	6.06e-03	0.00e+00	0.00e+00	2.27e-13	1.20e-13	4.07e-14
 4.81925e+15	5.49e-13	7.13e-08	5.13e-04	1.18e-01	6.87e-01	1.90e-01	5.13e-03	0.00e+00	0.00e+00	3.17e-13	1.67e-13	5.66e-14
 4.98751e+15	7.42e-13	8.91e-08	5.99e-04	1.27e-01	6.90e-01	1.77e-01	4.39e-03	0.00e+00	0.00e+00	4.29e-13	2.26e-13	7.63e-14
 5.16898e+15	1.02e-12	1.12e-07	7.04e-04	1.38e-01	6.93e-01	1.64e-01	3.73e-03	0.00e+00	0.00e+00	5.88e-13	3.09e-13	1.04e-13
 5.37087e+15	1.42e-12	1.44e-07	8.36e-04	1.51e-01	6.95e-01	1.50e-01	3.11e-03	0.00e+00	0.00e+00	8.24e-13	4.33e-13	1.46e-13
 5.56419e+15	1.93e-12	1.80e-07	9.77e-04	1.63e-01	6.95e-01	1.39e-01	2.63e-03	0.00e+00	0.00e+00	1.12e-12	5.89e-13	1.98e-13
 5.74750e+15	2.56e-12	2.21e-07	1.13e-03	1.75e-01	6.93e-01	1.28e-01	2.24e-03	0.00e+00	0.00e+00	1.49e-12	7.81e-13	2.62e-13
 5.95478e+15	3.50e-12	2.78e-07	1.32e-03	1.89e-01	6.90e-01	1.17e-01	1.88e-03	0.00e+00	0.00e+00	2.03e-12	1.07e-12	3.56e-13
 6.18298e+15	4.86e-12	3.53e-07	1.55e-03	2.05e-01	6.86e-01	1.07e-01	1.55e-03	0.00e+00	0.00e+00	2.81e-12	1.48e-12	4.94e-13
 6.38087e+15	6.37e-12	4.30e-07	1.78e-03	2.18e-01	6.81e-01	9.80e-02	1.31e-03	0.00e+00	0.00e+00	3.69e-12	1.94e-12	6.47e-13
 6.55086e+15	8.00e-12	5.07e-07	2.00e-03	2.30e-01	6.75e-01	9.12e-02	1.14e-03	0.00e+00	0.00e+00	4.64e-12	2.44e-12	8.12e-13
 6.74297e+15	1.03e-11	6.09e-07	2.27e-03	2.44e-01	6.68e-01	8.41e-02	9.75e-04	0.00e+00	0.00e+00	5.98e-12	3.14e-12	1.05e-12
 6.98860e+15	1.41e-11	7.65e-07	2.66e-03	2.62e-01	6.59e-01	7.57e-02	7.98e-04	0.00e+00	0.00e+00	8.20e-12	4.31e-12	1.43e-12
 7.24295e+15	1.93e-11	9.56e-07	3.10e-03	2.81e-01	6.47e-01	6.80e-02	6.52e-04	0.00e+00	0.00e+00	1.12e-11	5.87e-12	1.95e-12
 7.46516e+15	2.50e-11	1.15e-06	3.54e-03	2.98e-01	6.36e-01	6.19e-02	5.47e-04	0.00e+00	0.00e+00	1.45e-11	7.62e-12	2.52e-12
 7.70644e+15	3.31e-11	1.41e-06	4.07e-03	3.16e-01	6.24e-01	5.58e-02	4.52e-04	0.00e+00	0.00e+00	1.92e-11	1.01e-11	3.34e-12
 7.97238e+15	4.44e-11	1.75e-06	4.72e-03	3.36e-01	6.09e-01	4.98e-02	3.67e-04	0.00e+00	0.00e+00	2.58e-11	1.36e-11	4.48e-12
 8.21751e+15	5.79e-11	2.11e-06	5.40e-03	3.55e-01	5.94e-01	4.48e-02	3.04e-04	0.00e+00	0.00e+00	3.36e-11	1.77e-11	5.83e-12
 8.48328e+15	7.68e-11	2.59e-06	6.22e-03	3.76e-01	5.78e-01	3.99e-02	2.47e-04	0.00e+00	0.00e+00	4.46e-11	2.34e-11	7.74e-12
 8.76912e+15	1.03e-10	3.20e-06	7.22e-03	3.98e-01	5.59e-01	3.53e-02	1.98e-04	0.00e+00	0.00e+00	5.98e-11	3.14e-11	1.04e-11
 9.02063e+15	1.31e-10	3.81e-06	8.18e-03	4.17e-01	5.43e-01	3.16e-02	1.64e-04	0.00e+00	0.00e+00	7.63e-11	4.01e-11	1.32e-11
 9.28719e+15	1.71e-10	4.61e-06	9.35e-03	4.38e-01	5.24e-01	2.81e-02	1.33e-04	0.00e+00	0.00e+00	9.92e-11	5.22e-11	1.72e-11
 9.58272e+15	2.26e-10	5.64e-06	1.08e-02	4.61e-01	5.03e-01	2.46e-02	1.06e-04	0.00e+00	0.00e+00	1.31e-10	6.90e-11	2.27e-11
 9.85534e+15	2.90e-10	6.77e-06	1.23e-02	4.82e-01	4.84e-01	2.18e-02	8.65e-05	0.00e+00	0.00e+00	1.69e-10	8.86e-11	2.92e-11
 1.01085e+16	3.65e-10	8.00e-06	1.39e-02	5.01e-01	4.66e-01	1.94e-02	7.13e-05	0.00e+00	0.00e+00	2.12e-10	1.11e-10	3.67e-11
 1.03971e+16	4.77e-10	9.71e-06	1.59e-02	5.23e-01	4.44e-01	1.69e-02	5.69e-05	0.00e+00	0.00e+00	2.77e-10	1.46e-10	4.80e-11
 1.07106e+16	6.28e-10	1.19e-05	1.85e-02	5.46e-01	4.21e-01	1.46e-02	4.47e-05	0.00e+00	0.00e+00	3.65e-10	1.92e-10	6.33e-11
 1.09911e+16	7.99e-10	1.42e-05	2.10e-02	5.66e-01	4.00e-01	1.28e-02	3.60e-05	0.00e+00	0.00e+00	4.65e-10	2.44e-10	8.05e-11
 1.12488e+16	1.00e-09	1.68e-05	2.37e-02	5.85e-01	3.80e-01	1.13e-02	2.94e-05	0.00e+00	0.00e+00	5.82e-10	3.06e-10	1.01e-10
 1.15425e+16	1.31e-09	2.04e-05	2.73e-02	6.05e-01	3.58e-01	9.70e-03	2.32e-05	0.00e+00	0.00e+00	7.61e-10	4.00e-10	1.32e-10
 1.18577e+16	1.72e-09	2.50e-05	3.18e-02	6.26e-01	3.34e-01	8.25e-03	1.80e-05	0.00e+00	0.00e+00	1.00e-09	5.26e-10	1.73e-10
 1.21327e+16	2.18e-09	2.99e-05	3.63e-02	6.43e-01	3.14e-01	7.15e-03	1.44e-05	0.00e+00	0.00e+00	1.27e-09	6.66e-10	2.19e-10
 1.23806e+16	2.72e-09	3.53e-05	4.10e-02	6.58e-01	2.95e-01	6.24e-03	1.17e-05	0.00e+00	0.00e+00	1.58e-09	8.31e-10	2.74e-10
 1.26612e+16	3.52e-09	4.29e-05	4.74e-02	6.74e-01	2.74e-01	5.32e-03	9.21e-06	0.00e+00	0.00e+00	2.05e-09	1.08e-09	3.55e-10
 1.29597e+16	4.65e-09	5.30e-05	5.55e-02	6.89e-01	2.51e-01	4.46e-03	7.09e-06	0.00e+00	0.00e+00	2.70e-09	1.42e-09	4.69e-10
 1.32138e+16	5.86e-09	6.35e-05	6.38e-02	7.00e-01	2.32e-01	3.83e-03	5.66e-06	0.00e+00	0.00e+00	3.41e-09	1.79e-09	5.91e-10
 1.34356e+16	7.30e-09	7.53e-05	7.25e-02	7.08e-01	2.16e-01	3.32e-03	4.59e-06	0.00e+00	0.00e+00	4.24e-09	2.23e-09	7.37e-10
 1.36398e+16	8.99e-09	8.86e-05	8.20e-02	7.15e-01	2.00e-01	2.89e-03	3.77e-06	0.00e+00	0.00e+00	5.23e-09	2.75e-09	9.08e-10
 1.38298e+16	1.10e-08	1.04e-04	9.24e-02	7.19e-01	1.86e-01	2.52e-03	3.11e-06	0.00e+00	0.00e+00	6.40e-09	3.37e-09	1.11e-09
 1.40449e+16	1.42e-08	1.26e-04	1.07e-01	7.22e-01	1.69e-01	2.13e-03	2.46e-06	0.00e+00	0.00e+00	8.25e-09	4.35e-09	1.44e-09
 1.42760e+16	1.84e-08	1.56e-04	1.26e-01	7.21e-01	1.52e-01	1.77e-03	1.90e-06	0.00e+00	0.00e+00	1.07e-08	5.65e-09	1.87e-09
 1.44722e+16	2.37e-08	1.90e-04	1.46e-01	7.16e-01	1.36e-01	1.48e-03	1.50e-06	0.00e+00	0.00e+00	1.38e-08	7.25e-09	2.40e-09
 1.46337e+16	2.93e-08	2.26e-04	1.67e-01	7.09e-01	1.23e-01	1.27e-03	1.21e-06	0.00e+00	0.00e+00	1.71e-08	8.99e-09	2.97e-09
 1.47822e+16	3.61e-08	2.67e-04	1.90e-01	6.98e-01	1.11e-01	1.08e-03	9.79e-07	0.00e+00	0.00e+00	2.10e-08	1.11e-08	3.66e-09
 1.49287e+16	4.36e-08	3.13e-04	2.18e-01	6.83e-01	9.84e-02	9.01e-04	0.00e+00	0.00e+00	0.00e+00	2.54e-08	1.34e-08	4.43e-09
 1.50695e+16	5.68e-08	3.85e-04	2.51e-01	6.62e-01	8.62e-02	7.43e-04	0.00e+00	0.00e+00	0.00e+00	3.30e-08	1.74e-08	5.77e-09
 1.51973e+16	7.08e-08	4.61e-04	2.87e-01	6.37e-01	7.49e-02	6.08e-04	0.00e+00	0.00e+00	0.00e+00	4.12e-08	2.17e-08	7.20e-09
 1.53110e+16	8.46e-08	5.35e-04	3.27e-01	6.07e-01	6.45e-02	4.95e-04	0.00e+00	0.00e+00	0.00e+00	4.92e-08	2.60e-08	8.61e-09
 1.54149e+16	1.04e-07	6.32e-04	3.70e-01	5.74e-01	5.49e-02	3.99e-04	0.00e+00	0.00e+00	0.00e+00	6.05e-08	3.19e-08	1.06e-08
 1.55030e+16	1.25e-07	7.32e-04	4.13e-01	5.39e-01	4.67e-02	3.23e-04	0.00e+00	0.00e+00	0.00e+00	7.26e-08	3.83e-08	1.27e-08
 1.55725e+16	1.48e-07	8.36e-04	4.52e-01	5.07e-01	4.04e-02	2.67e-04	0.00e+00	0.00e+00	0.00e+00	8.61e-08	4.55e-08	1.51e-08
 1.56332e+16	1.69e-07	9.29e-04	4.89e-01	4.75e-01	3.49e-02	2.21e-04	0.00e+00	0.00e+00	0.00e+00	9.84e-08	5.20e-08	1.73e-08
 1.57005e+16	1.98e-07	1.05e-03	5.34e-01	4.36e-01	2.89e-02	1.74e-04	0.00e+00	0.00e+00	0.00e+00	1.15e-07	6.07e-08	2.02e-08
 1.57742e+16	2.33e-07	1.19e-03	5.86e-01	3.90e-01	2.29e-02	1.30e-04	0.00e+00	0.00e+00	0.00e+00	1.35e-07	7.15e-08	2.38e-08
 1.58399e+16	2.69e-07	1.33e-03	6.35e-01	3.46e-01	1.79e-02	9.66e-05	0.00e+00	0.00e+00	0.00e+00	1.57e-07	8.28e-08	2.77e-08
 1.58983e+16	3.06e-07	1.47e-03	6.80e-01	3.04e-01	1.40e-02	7.13e-05	0.00e+00	0.00e+00	0.00e+00	1.78e-07	9.42e-08	3.15e-08
 1.59631e+16	3.53e-07	1.63e-03	7.29e-01	2.59e-01	1.02e-02	4.86e-05	0.00e+00	0.00e+00	0.00e+00	2.05e-07	1.09e-07	3.64e-08
 1.60340e+16	4.07e-07	1.80e-03	7.80e-01	2.11e-01	7.00e-03	3.07e-05	0.00e+00	0.00e+00	0.00e+00	2.37e-07	1.25e-07	4.20e-08
 1.61000e+16	4.60e-07	1.96e-03	8.22e-01	1.72e-01	4.74e-03	1.91e-05	0.00e+00	0.00e+00	0.00e+00	2.67e-07	1.42e-07	4.76e-08
 1.61728e+16	5.21e-07	2.12e-03	8.61e-01	1.34e-01	2.96e-03	1.07e-05	0.00e+00	0.00e+00	0.00e+00	3.03e-07	1.60e-07	5.40e-08
 1.62674e+16	5.97e-07	2.31e-03	9.01e-01	9.55e-02	1.56e-03	4.89e-06	0.00e+00	0.00e+00	0.00e+00	3.47e-07	1.84e-07	6.21e-08
 1.63814e+16	6.81e-07	2.50e-03	9.32e-01	6.44e-02	7.24e-04	1.88e-06	0.00e+00	0.00e+00	0.00e+00	3.96e-07	2.10e-07	7.10e-08
 1.65110e+16	7.67e-07	2.66e-03	9.54e-01	4.29e-02	3.14e-04	6.52e-07	0.00e+00	0.00e+00	0.00e+00	4.46e-07	2.37e-07	8.02e-08
 1.66699e+16	8.62e-07	2.81e-03	9.69e-01	2.83e-02	1.24e-04	0.00e+00	0.00e+00	0.00e+00	0.00e+00	5.01e-07	2.66e-07	9.03e-08
 1.68764e+16	9.80e-07	2.97e-03	9.78e-01	1.89e-02	4.47e-05	0.00e+00	0.00e+00	0.00e+00	0.00e+00	5.69e-07	3.03e-07	1.03e-07
 1.71450e+16	1.13e-06	3.16e-03	9.83e-01	1.35e-02	1.54e-05	0.00e+00	0.00e+00	0.00e+00	0.00e+00	6.59e-07	3.50e-07	1.19e-07
 1.74941e+16	1.36e-06	3.38e-03	9.86e-01	1.04e-02	5.23e-06	0.00e+00	0.00e+00	0.00e+00	0.00e+00	7.91e-07	4.20e-07	1.43e-07
 1.79479e+16	1.72e-06	3.70e-03	9.88e-01	8.64e-03	1.73e-06	0.00e+00	0.00e+00	0.00e+00	0.00e+00	1.00e-06	5.33e-07	1.81e-07
 1.84318e+16	2.24e-06	4.07e-03	9.88e-01	7.60e-03	6.62e-07	0.00e+00	0.00e+00	0.00e+00	0.00e+00	1.30e-06	6.92e-07	2.34e-07
 1.88494e+16	2.84e-06	4.45e-03	9.89e-01	6.95e-03	0.00e+00	0.00e+00	0.00e+00	0.00e+00	0.00e+00	1.65e-06	8.78e-07	2.97e-07
 1.92243e+16	3.56e-06	4.83e-03	9.89e-01	6.43e-03	0.00e+00	0.00e+00	0.00e+00	0.00e+00	0.00e+00	2.07e-06	1.10e-06	3.72e-07
 1.96491e+16	4.66e-06	5.35e-03	9.89e-01	5.89e-03	0.00e+00	0.00e+00	0.00e+00	0.00e+00	0.00e+00	2.71e-06	1.44e-06	4.87e-07
 2.01042e+16	6.35e-06	6.01e-03	9.89e-01	5.37e-03	0.00e+00	0.00e+00	0.00e+00	0.00e+00	0.00e+00	3.69e-06	1.96e-06	6.62e-07
 2.04867e+16	8.42e-06	6.71e-03	9.88e-01	4.90e-03	0.00e+00	0.00e+00	0.00e+00	0.00e+00	0.00e+00	4.89e-06	2.60e-06	8.77e-07
 2.08000e+16	1.07e-05	7.39e-03	9.88e-01	4.55e-03	0.00e+00	0.00e+00	0.00e+00	0.00e+00	0.00e+00	6.24e-06	3.31e-06	1.12e-06
 2.11356e+16	1.41e-05	8.26e-03	9.88e-01	4.16e-03	0.00e+00	0.00e+00	0.00e+00	0.00e+00	0.00e+00	8.22e-06	4.36e-06	1.47e-06
 2.14955e+16	1.94e-05	9.44e-03	9.87e-01	3.75e-03	0.00e+00	0.00e+00	0.00e+00	0.00e+00	0.00e+00	1.13e-05	5.99e-06	2.02e-06
 2.17977e+16	2.59e-05	1.07e-02	9.86e-01	3.39e-03	0.00e+00	0.00e+00	0.00e+00	0.00e+00	0.00e+00	1.51e-05	8.00e-06	2.69e-06
 2.20441e+16	3.32e-05	1.19e-02	9.85e-01	3.11e-03	0.00e+00	0.00e+00	0.00e+00	0.00e+00	0.00e+00	1.93e-05	1.03e-05	3.45e-06
 2.23072e+16	4.41e-05	1.36e-02	9.84e-01	2.80e-03	0.00e+00	0.00e+00	0.00e+00	0.00e+00	0.00e+00	2.57e-05	1.36e-05	4.58e-06
 2.25272e+16	5.67e-05	1.52e-02	9.82e-01	2.54e-03	0.00e+00	0.00e+00	0.00e+00	0.00e+00	0.00e+00	3.30e-05	1.75e-05	5.88e-06
 2.26383e+16	6.47e-05	1.62e-02	9.81e-01	2.41e-03	0.00e+00	0.00e+00	0.00e+00	0.00e+00	0.00e+00	3.76e-05	1.99e-05	6.71e-06
 2.27299e+16	7.25e-05	1.71e-02	9.80e-01	2.30e-03	0.00e+00	0.00e+00	0.00e+00	0.00e+00	0.00e+00	4.21e-05	2.24e-05	7.51e-06
 2.28489e+16	8.44e-05	1.84e-02	9.79e-01	2.16e-03	0.00e+00	0.00e+00	0.00e+00	0.00e+00	0.00e+00	4.91e-05	2.60e-05	8.74e-06
 2.29827e+16	1.00e-04	2.01e-02	9.78e-01	2.01e-03	0.00e+00	0.00e+00	0.00e+00	0.00e+00	0.00e+00	5.84e-05	3.09e-05	1.04e-05
 2.31059e+16	1.19e-04	2.18e-02	9.76e-01	1.87e-03	0.00e+00	0.00e+00	0.00e+00	0.00e+00	0.00e+00	6.90e-05	3.66e-05	1.23e-05
 2.32131e+16	1.38e-04	2.35e-02	9.75e-01	1.75e-03	0.00e+00	0.00e+00	0.00e+00	0.00e+00	0.00e+00	8.04e-05	4.26e-05	1.43e-05
 2.33049e+16	1.58e-04	2.52e-02	9.73e-01	1.65e-03	0.00e+00	0.00e+00	0.00e+00	0.00e+00	0.00e+00	9.19e-05	4.87e-05	1.64e-05
 2.33851e+16	1.78e-04	2.67e-02	9.72e-01	1.57e-03	0.00e+00	0.00e+00	0.00e+00	0.00e+00	0.00e+00	1.04e-04	5.49e-05	1.85e-05
 2.34746e+16	2.05e-04	2.87e-02	9.70e-01	1.47e-03	0.00e+00	0.00e+00	0.00e+00	0.00e+00	0.00e+00	1.19e-04	6.32e-05	2.12e-05
 2.35699e+16	2.39e-04	3.11e-02	9.67e-01	1.37e-03	0.00e+00	0.00e+00	0.00e+00	0.00e+00	0.00e+00	1.39e-04	7.37e-05	2.47e-05
 2.36511e+16	2.73e-04	3.33e-02	9.65e-01	1.29e-03	0.00e+00	0.00e+00	0.00e+00	0.00e+00	0.00e+00	1.59e-04	8.42e-05	2.83e-05
 2.37223e+16	3.09e-04	3.55e-02	9.63e-01	1.22e-03	0.00e+00	0.00e+00	0.00e+00	0.00e+00	0.00e+00	1.79e-04	9.51e-05	3.19e-05
 2.38021e+16	3.56e-04	3.83e-02	9.60e-01	1.13e-03	0.00e+00	0.00e+00	0.00e+00	0.00e+00	0.00e+00	2.07e-04	1.10e-04	3.68e-05
 2.38871e+16	4.15e-04	4.16e-02	9.57e-01	1.05e-03	0.00e+00	0.00e+00	0.00e+00	0.00e+00	0.00e+00	2.41e-04	1.28e-04	4.29e-05
 2.39594e+16	4.76e-04	4.47e-02	9.54e-01	9.85e-04	0.00e+00	0.00e+00	0.00e+00	0.00e+00	0.00e+00	2.77e-04	1.46e-04	4.92e-05
 2.40220e+16	5.38e-04	4.77e-02	9.51e-01	9.26e-04	0.00e+00	0.00e+00	0.00e+00	0.00e+00	0.00e+00	3.13e-04	1.66e-04	5.56e-05
 2.40915e+16	6.19e-04	5.15e-02	9.47e-01	8.62e-04	0.00e+00	0.00e+00	0.00e+00	0.00e+00	0.00e+00	3.60e-04	1.91e-04	6.40e-05
 2.41663e+16	7.23e-04	5.60e-02	9.42e-01	7.95e-04	0.00e+00	0.00e+00	0.00e+00	0.00e+00	0.00e+00	4.20e-04	2.22e-04	7.47e-05
