#depth	He	He+	He+2
 1.49634e+10	6.56e-23	1.25e-11	1.00e+00
 4.54887e+10	7.30e-23	1.36e-11	1.00e+00
 7.72350e+10	8.09e-23	1.47e-11	1.00e+00
 1.10251e+11	8.97e-23	1.59e-11	1.00e+00
 1.43100e+11	9.91e-23	1.71e-11	1.00e+00
 1.77264e+11	1.09e-22	1.85e-11	1.00e+00
 2.14281e+11	1.22e-22	2.00e-11	1.00e+00
 2.52779e+11	1.35e-22	2.17e-11	1.00e+00
 2.92817e+11	1.51e-22	2.35e-11	1.00e+00
 3.34456e+11	1.68e-22	2.54e-11	1.00e+00
 3.77761e+11	1.87e-22	2.75e-11	1.00e+00
 4.22799e+11	2.09e-22	2.98e-11	1.00e+00
 4.69637e+11	2.33e-22	3.23e-11	1.00e+00
 5.18350e+11	2.61e-22	3.50e-11	1.00e+00
 5.69010e+11	2.92e-22	3.79e-11	1.00e+00
 6.21698e+11	3.27e-22	4.11e-11	1.00e+00
 6.76492e+11	3.67e-22	4.46e-11	1.00e+00
 7.33479e+11	4.13e-22	4.83e-11	1.00e+00
 7.92745e+11	4.65e-22	5.24e-11	1.00e+00
 8.54381e+11	5.23e-22	5.68e-11	1.00e+00
 9.18483e+11	5.90e-22	6.16e-11	1.00e+00
 9.85150e+11	6.67e-22	6.69e-11	1.00e+00
 1.05448e+12	7.54e-22	7.25e-11	1.00e+00
 1.12659e+12	8.54e-22	7.87e-11	1.00e+00
 1.20158e+12	9.68e-22	8.55e-11	1.00e+00
 1.27957e+12	1.10e-21	9.28e-11	1.00e+00
 1.36068e+12	1.25e-21	1.01e-10	1.00e+00
 1.44503e+12	1.42e-21	1.09e-10	1.00e+00
 1.53276e+12	1.62e-21	1.19e-10	1.00e+00
 1.62400e+12	1.84e-21	1.29e-10	1.00e+00
 1.71888e+12	2.10e-21	1.41e-10	1.00e+00
 1.81757e+12	2.40e-21	1.53e-10	1.00e+00
 1.92020e+12	2.74e-21	1.66e-10	1.00e+00
 2.02693e+12	3.14e-21	1.81e-10	1.00e+00
 2.13793e+12	3.59e-21	1.97e-10	1.00e+00
 2.25338e+12	4.11e-21	2.15e-10	1.00e+00
 2.37344e+12	4.71e-21	2.34e-10	1.00e+00
 2.49830e+12	5.40e-21	2.55e-10	1.00e+00
 2.62816e+12	6.20e-21	2.78e-10	1.00e+00
 2.76322e+12	7.11e-21	3.03e-10	1.00e+00
 2.90367e+12	8.16e-21	3.31e-10	1.00e+00
 3.04975e+12	9.36e-21	3.62e-10	1.00e+00
 3.18685e+12	1.06e-20	3.92e-10	1.00e+00
 3.30899e+12	1.18e-20	4.20e-10	1.00e+00
 3.44588e+12	1.33e-20	4.54e-10	1.00e+00
 3.60868e+12	1.53e-20	4.95e-10	1.00e+00
 3.77200e+12	1.75e-20	5.40e-10	1.00e+00
 3.92482e+12	1.97e-20	5.83e-10	1.00e+00
 4.09472e+12	2.23e-20	6.34e-10	1.00e+00
 4.28843e+12	2.57e-20	6.96e-10	1.00e+00
 4.48060e+12	2.93e-20	7.62e-10	1.00e+00
 4.68045e+12	3.34e-20	8.34e-10	1.00e+00
 4.89760e+12	3.84e-20	9.17e-10	1.00e+00
 5.12343e+12	4.40e-20	1.01e-09	1.00e+00
 5.35829e+12	5.04e-20	1.11e-09	1.00e+00
 5.60255e+12	5.78e-20	1.23e-09	1.00e+00
 5.85658e+12	6.64e-20	1.36e-09	1.00e+00
 6.12077e+12	7.63e-20	1.50e-09	1.00e+00
 6.39553e+12	8.78e-20	1.65e-09	1.00e+00
 6.68127e+12	1.01e-19	1.83e-09	1.00e+00
 6.97845e+12	1.17e-19	2.02e-09	1.00e+00
 7.28752e+12	1.36e-19	2.24e-09	1.00e+00
 7.60894e+12	1.59e-19	2.48e-09	1.00e+00
 7.94298e+12	1.86e-19	2.74e-09	1.00e+00
 8.29037e+12	2.19e-19	3.03e-09	1.00e+00
 8.65191e+12	2.59e-19	3.35e-09	1.00e+00
 9.02792e+12	3.07e-19	3.70e-09	1.00e+00
 9.41896e+12	3.64e-19	4.08e-09	1.00e+00
 9.82565e+12	4.34e-19	4.50e-09	1.00e+00
 1.02486e+13	5.17e-19	4.96e-09	1.00e+00
 1.06885e+13	6.17e-19	5.46e-09	1.00e+00
 1.11459e+13	7.37e-19	6.01e-09	1.00e+00
 1.16217e+13	8.80e-19	6.60e-09	1.00e+00
 1.20942e+13	1.04e-18	7.22e-09	1.00e+00
 1.25856e+13	1.24e-18	7.89e-09	1.00e+00
 1.31190e+13	1.47e-18	8.65e-09	1.00e+00
 1.36737e+13	1.76e-18	9.47e-09	1.00e+00
 1.42505e+13	2.09e-18	1.04e-08	1.00e+00
 1.48505e+13	2.49e-18	1.13e-08	1.00e+00
 1.54744e+13	2.96e-18	1.24e-08	1.00e+00
 1.61233e+13	3.51e-18	1.35e-08	1.00e+00
 1.67982e+13	4.16e-18	1.47e-08	1.00e+00
 1.75001e+13	4.93e-18	1.61e-08	1.00e+00
 1.82300e+13	5.84e-18	1.75e-08	1.00e+00
 1.89287e+13	6.82e-18	1.89e-08	1.00e+00
 1.95724e+13	7.82e-18	2.03e-08	1.00e+00
 2.03021e+13	9.08e-18	2.19e-08	1.00e+00
 2.11437e+13	1.07e-17	2.38e-08	1.00e+00
 2.19697e+13	1.25e-17	2.57e-08	1.00e+00
 2.27626e+13	1.44e-17	2.77e-08	1.00e+00
 2.36370e+13	1.68e-17	2.98e-08	1.00e+00
 2.46124e+13	1.98e-17	3.24e-08	1.00e+00
 2.55990e+13	2.32e-17	3.51e-08	1.00e+00
 2.66249e+13	2.71e-17	3.80e-08	1.00e+00
 2.77199e+13	3.18e-17	4.12e-08	1.00e+00
 2.88586e+13	3.73e-17	4.46e-08	1.00e+00
 3.00429e+13	4.38e-17	4.83e-08	1.00e+00
 3.12745e+13	5.14e-17	5.24e-08	1.00e+00
 3.25554e+13	6.02e-17	5.67e-08	1.00e+00
 3.38875e+13	7.05e-17	6.14e-08	1.00e+00
 3.52730e+13	8.26e-17	6.65e-08	1.00e+00
 3.67138e+13	9.67e-17	7.19e-08	1.00e+00
 3.81712e+13	1.13e-16	7.77e-08	1.00e+00
 3.96869e+13	1.31e-16	8.38e-08	1.00e+00
 4.13043e+13	1.54e-16	9.07e-08	1.00e+00
 4.29864e+13	1.80e-16	9.81e-08	1.00e+00
 4.47358e+13	2.10e-16	1.06e-07	1.00e+00
 4.65552e+13	2.45e-16	1.15e-07	1.00e+00
 4.84473e+13	2.87e-16	1.24e-07	1.00e+00
 5.04151e+13	3.35e-16	1.34e-07	1.00e+00
 5.24616e+13	3.92e-16	1.45e-07	1.00e+00
 5.45900e+13	4.58e-16	1.57e-07	1.00e+00
 5.68036e+13	5.35e-16	1.70e-07	1.00e+00
 5.91056e+13	6.25e-16	1.83e-07	1.00e+00
 6.14998e+13	7.31e-16	1.98e-07	1.00e+00
 6.39246e+13	8.51e-16	2.14e-07	1.00e+00
 6.64463e+13	9.91e-16	2.31e-07	1.00e+00
 6.91341e+13	1.16e-15	2.50e-07	1.00e+00
 7.19294e+13	1.36e-15	2.70e-07	1.00e+00
 7.48365e+13	1.59e-15	2.92e-07	1.00e+00
 7.78599e+13	1.85e-15	3.16e-07	1.00e+00
 8.07132e+13	2.14e-15	3.40e-07	1.00e+00
 8.32769e+13	2.42e-15	3.61e-07	1.00e+00
 8.61555e+13	2.77e-15	3.87e-07	1.00e+00
 8.95532e+13	3.23e-15	4.18e-07	1.00e+00
 9.29267e+13	3.75e-15	4.50e-07	1.00e+00
 9.60725e+13	4.29e-15	4.81e-07	1.00e+00
 9.95828e+13	4.95e-15	5.17e-07	1.00e+00
 1.03596e+14	5.80e-15	5.60e-07	1.00e+00
 1.07545e+14	6.75e-15	6.04e-07	1.00e+00
 1.11653e+14	7.85e-15	6.52e-07	1.00e+00
 1.16149e+14	9.22e-15	7.07e-07	1.00e+00
 1.20684e+14	1.08e-14	7.64e-07	1.00e+00
 1.25400e+14	1.26e-14	8.26e-07	1.00e+00
 1.30446e+14	1.48e-14	8.96e-07	1.00e+00
 1.35694e+14	1.74e-14	9.72e-07	1.00e+00
 1.41152e+14	2.05e-14	1.06e-06	1.00e+00
 1.46828e+14	2.41e-14	1.15e-06	1.00e+00
 1.52731e+14	2.84e-14	1.24e-06	1.00e+00
 1.58870e+14	3.34e-14	1.35e-06	1.00e+00
 1.65255e+14	3.95e-14	1.47e-06	1.00e+00
 1.71645e+14	4.62e-14	1.59e-06	1.00e+00
 1.78290e+14	5.42e-14	1.72e-06	1.00e+00
 1.85452e+14	6.41e-14	1.87e-06	1.00e+00
 1.92752e+14	7.55e-14	2.03e-06	1.00e+00
 2.00345e+14	8.89e-14	2.21e-06	1.00e+00
 2.08389e+14	1.05e-13	2.41e-06	1.00e+00
 2.16754e+14	1.25e-13	2.62e-06	1.00e+00
 2.24742e+14	1.46e-13	2.84e-06	1.00e+00
 2.32094e+14	1.68e-13	3.04e-06	1.00e+00
 2.40439e+14	1.96e-13	3.29e-06	1.00e+00
 2.50074e+14	2.32e-13	3.59e-06	1.00e+00
 2.59593e+14	2.74e-13	3.90e-06	1.00e+00
 2.69494e+14	3.23e-13	4.24e-06	1.00e+00
 2.80303e+14	3.85e-13	4.63e-06	1.00e+00
 2.91221e+14	4.56e-13	5.04e-06	1.00e+00
 3.01250e+14	5.30e-13	5.44e-06	1.00e+00
 3.10409e+14	6.07e-13	5.82e-06	1.00e+00
 3.20844e+14	7.03e-13	6.27e-06	1.00e+00
 3.33292e+14	8.34e-13	6.84e-06	1.00e+00
 3.45584e+14	9.80e-13	7.42e-06	1.00e+00
 3.56692e+14	1.13e-12	7.97e-06	1.00e+00
 3.69032e+14	1.31e-12	8.60e-06	1.00e+00
 3.83542e+14	1.56e-12	9.39e-06	1.00e+00
 3.97838e+14	1.83e-12	1.02e-05	1.00e+00
 4.11112e+14	2.12e-12	1.10e-05	1.00e+00
 4.25992e+14	2.48e-12	1.19e-05	1.00e+00
 4.43062e+14	2.95e-12	1.30e-05	1.00e+00
 4.59816e+14	3.46e-12	1.41e-05	1.00e+00
 4.77240e+14	4.08e-12	1.53e-05	1.00e+00
 4.96360e+14	4.84e-12	1.67e-05	1.00e+00
 5.15640e+14	5.71e-12	1.82e-05	1.00e+00
 5.35692e+14	6.73e-12	1.98e-05	1.00e+00
 5.57149e+14	7.97e-12	2.15e-05	1.00e+00
 5.79465e+14	9.44e-12	2.35e-05	1.00e+00
 6.02674e+14	1.12e-11	2.56e-05	1.00e+00
 6.26811e+14	1.32e-11	2.79e-05	1.00e+00
 6.51913e+14	1.56e-11	3.04e-05	1.00e+00
 6.78019e+14	1.84e-11	3.31e-05	1.00e+00
 7.03269e+14	2.15e-11	3.59e-05	1.00e+00
 7.26940e+14	2.47e-11	3.86e-05	1.00e+00
 7.53459e+14	2.87e-11	4.17e-05	1.00e+00
 7.83627e+14	3.39e-11	4.54e-05	1.00e+00
 8.11463e+14	3.91e-11	4.90e-05	1.00e+00
 8.35816e+14	4.42e-11	5.22e-05	1.00e+00
 8.63178e+14	5.06e-11	5.60e-05	1.00e+00
 8.96231e+14	5.91e-11	6.08e-05	1.00e+00
 9.30099e+14	6.89e-11	6.58e-05	1.00e+00
 9.62062e+14	7.91e-11	7.08e-05	1.00e+00
 9.97315e+14	9.16e-11	7.65e-05	1.00e+00
 1.03485e+15	1.07e-10	8.28e-05	1.00e+00
 1.06892e+15	1.21e-10	8.88e-05	1.00e+00
 1.10593e+15	1.39e-10	9.54e-05	1.00e+00
 1.14940e+15	1.63e-10	1.04e-04	1.00e+00
 1.19176e+15	1.88e-10	1.12e-04	1.00e+00
 1.23054e+15	2.14e-10	1.20e-04	1.00e+00
 1.27417e+15	2.46e-10	1.29e-04	1.00e+00
 1.32482e+15	2.87e-10	1.40e-04	1.00e+00
 1.37452e+15	3.32e-10	1.51e-04	1.00e+00
 1.42169e+15	3.79e-10	1.62e-04	1.00e+00
 1.47407e+15	4.37e-10	1.75e-04	1.00e+00
 1.53306e+15	5.11e-10	1.90e-04	1.00e+00
 1.59218e+15	5.91e-10	2.06e-04	1.00e+00
 1.65367e+15	6.86e-10	2.23e-04	1.00e+00
 1.71984e+15	7.99e-10	2.42e-04	1.00e+00
 1.78867e+15	9.31e-10	2.62e-04	1.00e+00
 1.86024e+15	1.08e-09	2.84e-04	1.00e+00
 1.93468e+15	1.26e-09	3.08e-04	1.00e+00
 2.01210e+15	1.47e-09	3.34e-04	1.00e+00
 2.09261e+15	1.71e-09	3.63e-04	1.00e+00
 2.17635e+15	1.99e-09	3.93e-04	1.00e+00
 2.26343e+15	2.32e-09	4.26e-04	1.00e+00
 2.35400e+15	2.70e-09	4.61e-04	1.00e+00
 2.43695e+15	3.09e-09	4.95e-04	1.00e+00
 2.50794e+15	3.45e-09	5.25e-04	9.99e-01
 2.58663e+15	3.89e-09	5.59e-04	9.99e-01
 2.68375e+15	4.49e-09	6.03e-04	9.99e-01
 2.78457e+15	5.18e-09	6.50e-04	9.99e-01
 2.87473e+15	5.85e-09	6.93e-04	9.99e-01
 2.97128e+15	6.66e-09	7.42e-04	9.99e-01
 3.08019e+15	7.66e-09	7.98e-04	9.99e-01
 3.18407e+15	8.71e-09	8.53e-04	9.99e-01
 3.29805e+15	1.00e-08	9.16e-04	9.99e-01
 3.42286e+15	1.15e-08	9.88e-04	9.99e-01
 3.53809e+15	1.31e-08	1.06e-03	9.99e-01
 3.66424e+15	1.51e-08	1.13e-03	9.99e-01
 3.80555e+15	1.75e-08	1.22e-03	9.99e-01
 3.93895e+15	2.00e-08	1.31e-03	9.99e-01
 4.08241e+15	2.30e-08	1.41e-03	9.99e-01
 4.24043e+15	2.67e-08	1.52e-03	9.98e-01
 4.39104e+15	3.06e-08	1.63e-03	9.98e-01
 4.55299e+15	3.53e-08	1.76e-03	9.98e-01
 4.72741e+15	4.10e-08	1.90e-03	9.98e-01
 4.89644e+15	4.71e-08	2.03e-03	9.98e-01
 5.06241e+15	5.37e-08	2.18e-03	9.98e-01
 5.24738e+15	6.21e-08	2.34e-03	9.98e-01
 5.44980e+15	7.21e-08	2.53e-03	9.97e-01
 5.64172e+15	8.28e-08	2.71e-03	9.97e-01
 5.82569e+15	9.41e-08	2.89e-03	9.97e-01
 6.03562e+15	1.09e-07	3.11e-03	9.97e-01
 6.26700e+15	1.26e-07	3.36e-03	9.97e-01
 6.46621e+15	1.43e-07	3.58e-03	9.96e-01
 6.63501e+15	1.59e-07	3.77e-03	9.96e-01
 6.82499e+15	1.78e-07	4.01e-03	9.96e-01
 7.07104e+15	2.06e-07	4.32e-03	9.96e-01
 7.32799e+15	2.39e-07	4.66e-03	9.95e-01
 7.54983e+15	2.69e-07	4.96e-03	9.95e-01
 7.78796e+15	3.07e-07	5.31e-03	9.95e-01
 8.05241e+15	3.53e-07	5.72e-03	9.94e-01
 8.29867e+15	4.00e-07	6.11e-03	9.94e-01
 8.56640e+15	4.59e-07	6.58e-03	9.93e-01
 8.85777e+15	5.30e-07	7.11e-03	9.93e-01
 9.11596e+15	6.00e-07	7.61e-03	9.92e-01
 9.35077e+15	6.71e-07	8.10e-03	9.92e-01
 9.61911e+15	7.65e-07	8.72e-03	9.91e-01
 9.91698e+15	8.79e-07	9.44e-03	9.91e-01
 1.01922e+16	9.99e-07	1.02e-02	9.90e-01
 1.04480e+16	1.12e-06	1.09e-02	9.89e-01
 1.07395e+16	1.30e-06	1.19e-02	9.88e-01
 1.10548e+16	1.50e-06	1.30e-02	9.87e-01
 1.13357e+16	1.71e-06	1.41e-02	9.86e-01
 1.15937e+16	1.94e-06	1.52e-02	9.85e-01
 1.18870e+16	2.24e-06	1.68e-02	9.83e-01
 1.22023e+16	2.63e-06	1.86e-02	9.81e-01
 1.24770e+16	3.03e-06	2.05e-02	9.79e-01
 1.27230e+16	3.46e-06	2.25e-02	9.78e-01
 1.30006e+16	4.07e-06	2.52e-02	9.75e-01
 1.32952e+16	4.84e-06	2.85e-02	9.71e-01
 1.35455e+16	5.65e-06	3.20e-02	9.68e-01
 1.37642e+16	6.55e-06	3.56e-02	9.64e-01
 1.39668e+16	7.54e-06	3.97e-02	9.60e-01
 1.41593e+16	8.73e-06	4.44e-02	9.56e-01
 1.43798e+16	1.05e-05	5.11e-02	9.49e-01
 1.46111e+16	1.28e-05	6.00e-02	9.40e-01
 1.48001e+16	1.54e-05	6.96e-02	9.30e-01
 1.49541e+16	1.82e-05	7.96e-02	9.20e-01
 1.51194e+16	2.19e-05	9.33e-02	9.07e-01
 1.52919e+16	2.73e-05	1.12e-01	8.88e-01
 1.54299e+16	3.34e-05	1.33e-01	8.67e-01
 1.55388e+16	4.00e-05	1.54e-01	8.46e-01
 1.56386e+16	4.72e-05	1.78e-01	8.22e-01
 1.57345e+16	5.66e-05	2.07e-01	7.93e-01
 1.58134e+16	6.59e-05	2.37e-01	7.63e-01
 1.58888e+16	7.77e-05	2.72e-01	7.28e-01
 1.59654e+16	9.18e-05	3.14e-01	6.86e-01
 1.60284e+16	1.06e-04	3.55e-01	6.44e-01
 1.60863e+16	1.21e-04	4.00e-01	6.00e-01
 1.61530e+16	1.41e-04	4.57e-01	5.43e-01
 1.62246e+16	1.66e-04	5.24e-01	4.75e-01
 1.62879e+16	1.90e-04	5.89e-01	4.11e-01
 1.63552e+16	2.18e-04	6.58e-01	3.42e-01
 1.64312e+16	2.48e-04	7.30e-01	2.69e-01
 1.65187e+16	2.81e-04	8.03e-01	1.97e-01
 1.66279e+16	3.15e-04	8.70e-01	1.30e-01
 1.67551e+16	3.45e-04	9.21e-01	7.90e-02
 1.69091e+16	3.72e-04	9.55e-01	4.44e-02
 1.71081e+16	3.97e-04	9.77e-01	2.25e-02
 1.73669e+16	4.21e-04	9.89e-01	1.03e-02
 1.77033e+16	4.49e-04	9.95e-01	4.34e-03
 1.81407e+16	4.85e-04	9.98e-01	1.67e-03
 1.86113e+16	5.26e-04	9.99e-01	7.02e-04
 1.90234e+16	5.65e-04	9.99e-01	3.64e-04
 1.93942e+16	6.04e-04	9.99e-01	2.13e-04
 1.98130e+16	6.55e-04	9.99e-01	1.21e-04
 2.02561e+16	7.15e-04	9.99e-01	7.10e-05
 2.06206e+16	7.72e-04	9.99e-01	4.74e-05
 2.09169e+16	8.24e-04	9.99e-01	3.47e-05
 2.12350e+16	8.89e-04	9.99e-01	2.48e-05
 2.15782e+16	9.73e-04	9.99e-01	1.78e-05
 2.18696e+16	1.06e-03	9.99e-01	1.36e-05
 2.21080e+16	1.13e-03	9.99e-01	1.10e-05
 2.22797e+16	1.20e-03	9.99e-01	9.52e-06
 2.23878e+16	1.24e-03	9.99e-01	8.70e-06
 2.24954e+16	1.29e-03	9.99e-01	7.90e-06
 2.26353e+16	1.36e-03	9.99e-01	6.97e-06
 2.27833e+16	1.43e-03	9.99e-01	6.17e-06
 2.29062e+16	1.51e-03	9.98e-01	5.59e-06
 2.30102e+16	1.57e-03	9.98e-01	5.13e-06
 2.31253e+16	1.65e-03	9.98e-01	4.66e-06
 2.32506e+16	1.75e-03	9.98e-01	4.22e-06
 2.33502e+16	1.84e-03	9.98e-01	3.91e-06
 2.34224e+16	1.90e-03	9.98e-01	3.70e-06
 2.34974e+16	1.98e-03	9.98e-01	3.48e-06
 2.35950e+16	2.08e-03	9.98e-01	3.21e-06
 2.36912e+16	2.20e-03	9.98e-01	2.98e-06
 2.37632e+16	2.29e-03	9.98e-01	2.83e-06
 2.38339e+16	2.39e-03	9.98e-01	2.67e-06
 2.39123e+16	2.52e-03	9.97e-01	2.52e-06
 2.39831e+16	2.64e-03	9.97e-01	2.39e-06
 2.40451e+16	2.75e-03	9.97e-01	2.28e-06
 2.41132e+16	2.89e-03	9.97e-01	2.16e-06
 2.41855e+16	3.05e-03	9.97e-01	2.05e-06
 2.42467e+16	3.19e-03	9.97e-01	1.96e-06
 2.43002e+16	3.34e-03	9.97e-01	1.88e-06
 2.43601e+16	3.51e-03	9.96e-01	1.80e-06
 2.44243e+16	3.71e-03	9.96e-01	1.71e-06
 2.44798e+16	3.91e-03	9.96e-01	1.65e-06
 2.45288e+16	4.09e-03	9.96e-01	1.59e-06
 2.45837e+16	4.32e-03	9.96e-01	1.52e-06
 2.46427e+16	4.60e-03	9.95e-01	1.46e-06
 2.46936e+16	4.86e-03	9.95e-01	1.41e-06
 2.47383e+16	5.11e-03	9.95e-01	1.36e-06
 2.47884e+16	5.43e-03	9.95e-01	1.31e-06
 2.48430e+16	5.82e-03	9.94e-01	1.26e-06
 2.48915e+16	6.20e-03	9.94e-01	1.21e-06
 2.49345e+16	6.58e-03	9.93e-01	1.18e-06
 2.49827e+16	7.07e-03	9.93e-01	1.13e-06
 2.50357e+16	7.67e-03	9.92e-01	1.09e-06
 2.50839e+16	8.32e-03	9.92e-01	1.05e-06
 2.51278e+16	8.98e-03	9.91e-01	1.02e-06
 2.51773e+16	9.86e-03	9.90e-01	9.82e-07
 2.52290e+16	1.09e-02	9.89e-01	9.46e-07
 2.52710e+16	1.20e-02	9.88e-01	9.17e-07
 2.53062e+16	1.30e-02	9.87e-01	8.94e-07
 2.53390e+16	1.42e-02	9.86e-01	8.72e-07
 2.53699e+16	1.54e-02	9.85e-01	8.52e-07
 2.53995e+16	1.67e-02	9.83e-01	8.34e-07
 2.54267e+16	1.81e-02	9.82e-01	8.17e-07
 2.54519e+16	1.96e-02	9.80e-01	8.03e-07
 2.54749e+16	2.12e-02	9.79e-01	7.89e-07
 2.54992e+16	2.31e-02	9.77e-01	7.75e-07
 2.55262e+16	2.55e-02	9.74e-01	7.62e-07
 2.55491e+16	2.81e-02	9.72e-01	7.49e-07
 2.55677e+16	3.03e-02	9.70e-01	7.42e-07
 2.55844e+16	3.27e-02	9.67e-01	7.34e-07
 2.56026e+16	3.56e-02	9.64e-01	7.26e-07
 2.56263e+16	3.99e-02	9.60e-01	7.17e-07
 2.56504e+16	4.52e-02	9.55e-01	7.10e-07
 2.56690e+16	5.03e-02	9.50e-01	7.05e-07
 2.56842e+16	5.49e-02	9.45e-01	7.03e-07
 2.57008e+16	6.09e-02	9.39e-01	7.00e-07
 2.57192e+16	6.84e-02	9.32e-01	7.01e-07
 2.57359e+16	7.66e-02	9.23e-01	7.02e-07
 2.57504e+16	8.47e-02	9.15e-01	7.06e-07
 2.57638e+16	9.36e-02	9.06e-01	7.09e-07
 2.57771e+16	1.04e-01	8.96e-01	7.14e-07
 2.57903e+16	1.14e-01	8.86e-01	7.23e-07
 2.58024e+16	1.26e-01	8.74e-01	7.30e-07
 2.58132e+16	1.38e-01	8.62e-01	7.41e-07
 2.58230e+16	1.50e-01	8.50e-01	7.49e-07
 2.58320e+16	1.61e-01	8.39e-01	7.59e-07
 2.58405e+16	1.74e-01	8.26e-01	7.68e-07
 2.58470e+16	1.83e-01	8.17e-01	7.76e-07
 2.58514e+16	1.90e-01	8.10e-01	7.82e-07
 2.58556e+16	1.98e-01	8.02e-01	7.87e-07
 2.58604e+16	2.06e-01	7.94e-01	7.92e-07
 2.58655e+16	2.16e-01	7.84e-01	7.99e-07
 2.58704e+16	2.25e-01	7.75e-01	8.06e-07
 2.58750e+16	2.35e-01	7.65e-01	8.14e-07
 2.58796e+16	2.45e-01	7.55e-01	8.20e-07
 2.58842e+16	2.55e-01	7.45e-01	8.28e-07
 2.58887e+16	2.66e-01	7.34e-01	8.33e-07
 2.58932e+16	2.76e-01	7.24e-01	8.42e-07
 2.58977e+16	2.88e-01	7.12e-01	8.48e-07
 2.59021e+16	2.99e-01	7.01e-01	8.54e-07
 2.59064e+16	3.11e-01	6.89e-01	8.61e-07
 2.59106e+16	3.23e-01	6.77e-01	8.69e-07
 2.59149e+16	3.35e-01	6.65e-01	8.73e-07
 2.59191e+16	3.48e-01	6.52e-01	8.81e-07
 2.59232e+16	3.61e-01	6.39e-01	8.85e-07
 2.59273e+16	3.74e-01	6.26e-01	8.93e-07
 2.59314e+16	3.87e-01	6.13e-01	8.98e-07
 2.59355e+16	4.01e-01	5.99e-01	9.02e-07
 2.59394e+16	4.14e-01	5.86e-01	9.07e-07
 2.59433e+16	4.28e-01	5.72e-01	9.11e-07
 2.59471e+16	4.42e-01	5.58e-01	9.16e-07
 2.59510e+16	4.56e-01	5.44e-01	9.19e-07
 2.59548e+16	4.70e-01	5.30e-01	9.23e-07
 2.59585e+16	4.84e-01	5.16e-01	9.25e-07
 2.59622e+16	4.99e-01	5.01e-01	9.26e-07
 2.59658e+16	5.13e-01	4.87e-01	9.28e-07
 2.59694e+16	5.26e-01	4.74e-01	9.29e-07
 2.59729e+16	5.40e-01	4.60e-01	9.30e-07
 2.59763e+16	5.54e-01	4.46e-01	9.30e-07
 2.59797e+16	5.67e-01	4.33e-01	9.29e-07
 2.59830e+16	5.80e-01	4.20e-01	9.30e-07
 2.59862e+16	5.93e-01	4.07e-01	9.29e-07
 2.59893e+16	6.06e-01	3.94e-01	9.27e-07
 2.59924e+16	6.18e-01	3.82e-01	9.24e-07
 2.59955e+16	6.30e-01	3.70e-01	9.20e-07
 2.59985e+16	6.42e-01	3.58e-01	9.17e-07
 2.60015e+16	6.54e-01	3.46e-01	9.13e-07
 2.60044e+16	6.65e-01	3.35e-01	9.09e-07
 2.60072e+16	6.76e-01	3.24e-01	9.04e-07
 2.60100e+16	6.87e-01	3.13e-01	8.99e-07
 2.60128e+16	6.98e-01	3.02e-01	8.94e-07
 2.60155e+16	7.08e-01	2.92e-01	8.88e-07
 2.60181e+16	7.17e-01	2.83e-01	8.82e-07
 2.60207e+16	7.27e-01	2.73e-01	8.76e-07
 2.60233e+16	7.36e-01	2.64e-01	8.69e-07
 2.60259e+16	7.45e-01	2.55e-01	8.62e-07
 2.60284e+16	7.54e-01	2.46e-01	8.55e-07
 2.60309e+16	7.62e-01	2.38e-01	8.48e-07
 2.60333e+16	7.70e-01	2.30e-01	8.41e-07
 2.60357e+16	7.78e-01	2.22e-01	8.34e-07
 2.60381e+16	7.86e-01	2.14e-01	8.27e-07
 2.60404e+16	7.93e-01	2.07e-01	8.17e-07
 2.60427e+16	8.01e-01	1.99e-01	8.08e-07
 2.60448e+16	8.07e-01	1.93e-01	8.00e-07
 2.60464e+16	8.11e-01	1.89e-01	7.94e-07
 2.60478e+16	8.16e-01	1.84e-01	7.87e-07
 2.60494e+16	8.20e-01	1.80e-01	7.80e-07
 2.60510e+16	8.25e-01	1.75e-01	7.73e-07
 2.60525e+16	8.29e-01	1.71e-01	7.66e-07
 2.60540e+16	8.33e-01	1.67e-01	7.59e-07
 2.60555e+16	8.37e-01	1.63e-01	7.52e-07
 2.60569e+16	8.41e-01	1.59e-01	7.45e-07
 2.60584e+16	8.45e-01	1.55e-01	7.38e-07
 2.60599e+16	8.49e-01	1.51e-01	7.31e-07
 2.60613e+16	8.53e-01	1.47e-01	7.24e-07
 2.60628e+16	8.57e-01	1.43e-01	7.17e-07
 2.60643e+16	8.60e-01	1.40e-01	7.09e-07
 2.60659e+16	8.64e-01	1.36e-01	7.03e-07
 2.60676e+16	8.68e-01	1.32e-01	6.95e-07
 2.60694e+16	8.72e-01	1.28e-01	6.86e-07
 2.60713e+16	8.76e-01	1.24e-01	6.76e-07
 2.60733e+16	8.81e-01	1.19e-01	6.66e-07
 2.60753e+16	8.85e-01	1.15e-01	6.54e-07
 2.60772e+16	8.89e-01	1.11e-01	6.44e-07
 2.60791e+16	8.93e-01	1.07e-01	6.33e-07
 2.60810e+16	8.97e-01	1.03e-01	6.21e-07
 2.60828e+16	9.00e-01	9.98e-02	6.10e-07
 2.60846e+16	9.04e-01	9.64e-02	5.99e-07
 2.60862e+16	9.07e-01	9.33e-02	5.88e-07
 2.60879e+16	9.10e-01	9.03e-02	5.77e-07
 2.60894e+16	9.12e-01	8.76e-02	5.66e-07
 2.60908e+16	9.15e-01	8.51e-02	5.56e-07
 2.60920e+16	9.17e-01	8.30e-02	5.47e-07
 2.60931e+16	9.19e-01	8.10e-02	5.39e-07
 2.60942e+16	9.21e-01	7.93e-02	5.31e-07
 2.60951e+16	9.22e-01	7.77e-02	5.23e-07
 2.60960e+16	9.24e-01	7.62e-02	5.17e-07
 2.60968e+16	9.25e-01	7.49e-02	5.09e-07
 2.60975e+16	9.26e-01	7.37e-02	5.03e-07
 2.60983e+16	9.28e-01	7.24e-02	4.96e-07
 2.60991e+16	9.29e-01	7.11e-02	4.91e-07
 2.60999e+16	9.30e-01	6.98e-02	4.84e-07
 2.61006e+16	9.31e-01	6.88e-02	4.79e-07
 2.61013e+16	9.33e-01	6.75e-02	4.71e-07
 2.61022e+16	9.34e-01	6.62e-02	4.65e-07
 2.61029e+16	9.35e-01	6.51e-02	4.58e-07
 2.61036e+16	9.36e-01	6.41e-02	4.53e-07
 2.61042e+16	9.37e-01	6.31e-02	4.47e-07
 2.61048e+16	9.38e-01	6.22e-02	4.42e-07
 2.61053e+16	9.39e-01	6.15e-02	4.37e-07
 2.61059e+16	9.39e-01	6.06e-02	4.32e-07
 2.61066e+16	9.41e-01	5.94e-02	4.25e-07
 2.61074e+16	9.42e-01	5.83e-02	4.18e-07
 2.61081e+16	9.43e-01	5.72e-02	4.11e-07
 2.61088e+16	9.44e-01	5.63e-02	4.05e-07
 2.61094e+16	9.45e-01	5.54e-02	3.99e-07
 2.61099e+16	9.45e-01	5.46e-02	3.94e-07
 2.61104e+16	9.46e-01	5.39e-02	3.90e-07
 2.61109e+16	9.47e-01	5.31e-02	3.84e-07
 2.61115e+16	9.48e-01	5.23e-02	3.78e-07
 2.61121e+16	9.48e-01	5.15e-02	3.73e-07
 2.61125e+16	9.49e-01	5.09e-02	3.69e-07
 2.61130e+16	9.50e-01	5.02e-02	3.64e-07
 2.61134e+16	9.50e-01	4.96e-02	3.60e-07
 2.61138e+16	9.51e-01	4.90e-02	3.55e-07
 2.61143e+16	9.52e-01	4.84e-02	3.51e-07
 2.61147e+16	9.52e-01	4.78e-02	3.47e-07
 2.61152e+16	9.53e-01	4.71e-02	3.42e-07
 2.61157e+16	9.54e-01	4.64e-02	3.37e-07
 2.61162e+16	9.54e-01	4.58e-02	3.33e-07
 2.61166e+16	9.55e-01	4.53e-02	3.29e-07
 2.61171e+16	9.55e-01	4.46e-02	3.24e-07
 2.61176e+16	9.56e-01	4.40e-02	3.20e-07
 2.61180e+16	9.57e-01	4.34e-02	3.15e-07
 2.61184e+16	9.57e-01	4.29e-02	3.11e-07
 2.61188e+16	9.58e-01	4.24e-02	3.08e-07
 2.61192e+16	9.58e-01	4.19e-02	3.04e-07
 2.61197e+16	9.59e-01	4.13e-02	3.01e-07
 2.61201e+16	9.59e-01	4.08e-02	2.97e-07
 2.61205e+16	9.60e-01	4.04e-02	2.94e-07
 2.61209e+16	9.60e-01	3.99e-02	2.91e-07
 2.61214e+16	9.61e-01	3.93e-02	2.86e-07
 2.61219e+16	9.61e-01	3.87e-02	2.82e-07
 2.61225e+16	9.62e-01	3.81e-02	2.78e-07
 2.61229e+16	9.62e-01	3.76e-02	2.75e-07
 2.61234e+16	9.63e-01	3.71e-02	2.72e-07
 2.61238e+16	9.63e-01	3.66e-02	2.68e-07
 2.61243e+16	9.64e-01	3.61e-02	2.64e-07
 2.61248e+16	9.64e-01	3.56e-02	2.61e-07
 2.61253e+16	9.65e-01	3.51e-02	2.58e-07
 2.61259e+16	9.65e-01	3.45e-02	2.54e-07
 2.61263e+16	9.66e-01	3.41e-02	2.51e-07
 2.61268e+16	9.66e-01	3.36e-02	2.47e-07
 2.61272e+16	9.67e-01	3.32e-02	2.45e-07
 2.61277e+16	9.67e-01	3.28e-02	2.42e-07
 2.61282e+16	9.68e-01	3.22e-02	2.38e-07
 2.61289e+16	9.68e-01	3.16e-02	2.34e-07
 2.61295e+16	9.69e-01	3.12e-02	2.31e-07
 2.61300e+16	9.69e-01	3.07e-02	2.28e-07
 2.61305e+16	9.70e-01	3.03e-02	2.25e-07
 2.61310e+16	9.70e-01	2.98e-02	2.22e-07
 2.61315e+16	9.71e-01	2.94e-02	2.19e-07
 2.61320e+16	9.71e-01	2.90e-02	2.16e-07
 2.61326e+16	9.72e-01	2.85e-02	2.13e-07
 2.61332e+16	9.72e-01	2.80e-02	2.10e-07
 2.61338e+16	9.72e-01	2.76e-02	2.07e-07
 2.61343e+16	9.73e-01	2.72e-02	2.04e-07
 2.61348e+16	9.73e-01	2.68e-02	2.02e-07
 2.61355e+16	9.74e-01	2.62e-02	1.98e-07
 2.61363e+16	9.74e-01	2.57e-02	1.95e-07
 2.61370e+16	9.75e-01	2.52e-02	1.92e-07
 2.61376e+16	9.75e-01	2.48e-02	1.89e-07
 2.61382e+16	9.76e-01	2.44e-02	1.86e-07
 2.61388e+16	9.76e-01	2.40e-02	1.84e-07
 2.61393e+16	9.76e-01	2.37e-02	1.81e-07
 2.61400e+16	9.77e-01	2.33e-02	1.79e-07
 2.61405e+16	9.77e-01	2.29e-02	1.76e-07
 2.61412e+16	9.77e-01	2.25e-02	1.74e-07
 2.61418e+16	9.78e-01	2.21e-02	1.71e-07
 2.61424e+16	9.78e-01	2.17e-02	1.69e-07
 2.61430e+16	9.79e-01	2.14e-02	1.67e-07
 2.61436e+16	9.79e-01	2.11e-02	1.65e-07
 2.61444e+16	9.79e-01	2.06e-02	1.62e-07
 2.61453e+16	9.80e-01	2.02e-02	1.59e-07
 2.61461e+16	9.80e-01	1.98e-02	1.56e-07
 2.61468e+16	9.81e-01	1.94e-02	1.54e-07
 2.61474e+16	9.81e-01	1.91e-02	1.52e-07
 2.61481e+16	9.81e-01	1.87e-02	1.50e-07
 2.61489e+16	9.82e-01	1.84e-02	1.47e-07
 2.61496e+16	9.82e-01	1.80e-02	1.45e-07
 2.61503e+16	9.82e-01	1.77e-02	1.43e-07
 2.61512e+16	9.83e-01	1.73e-02	1.41e-07
 2.61519e+16	9.83e-01	1.70e-02	1.39e-07
 2.61527e+16	9.83e-01	1.66e-02	1.36e-07
 2.61536e+16	9.84e-01	1.63e-02	1.34e-07
 2.61544e+16	9.84e-01	1.60e-02	1.32e-07
 2.61552e+16	9.84e-01	1.57e-02	1.30e-07
 2.61560e+16	9.85e-01	1.53e-02	1.28e-07
 2.61568e+16	9.85e-01	1.50e-02	1.26e-07
 2.61576e+16	9.85e-01	1.47e-02	1.24e-07
 2.61585e+16	9.86e-01	1.44e-02	1.22e-07
 2.61594e+16	9.86e-01	1.41e-02	1.20e-07
 2.61603e+16	9.86e-01	1.38e-02	1.18e-07
 2.61612e+16	9.87e-01	1.35e-02	1.15e-07
 2.61622e+16	9.87e-01	1.32e-02	1.13e-07
 2.61632e+16	9.87e-01	1.29e-02	1.12e-07
 2.61642e+16	9.87e-01	1.25e-02	1.09e-07
 2.61652e+16	9.88e-01	1.22e-02	1.07e-07
 2.61662e+16	9.88e-01	1.20e-02	1.06e-07
 2.61673e+16	9.88e-01	1.16e-02	1.03e-07
 2.61685e+16	9.89e-01	1.13e-02	1.01e-07
 2.61695e+16	9.89e-01	1.11e-02	9.95e-08
 2.61705e+16	9.89e-01	1.08e-02	9.78e-08
 2.61716e+16	9.89e-01	1.05e-02	9.58e-08
 2.61727e+16	9.90e-01	1.03e-02	9.40e-08
 2.61737e+16	9.90e-01	1.00e-02	9.23e-08
 2.61749e+16	9.90e-01	9.75e-03	9.03e-08
 2.61764e+16	9.91e-01	9.40e-03	8.79e-08
 2.61781e+16	9.91e-01	9.03e-03	8.53e-08
 2.61800e+16	9.91e-01	8.67e-03	8.28e-08
 2.61818e+16	9.92e-01	8.33e-03	8.04e-08
 2.61835e+16	9.92e-01	8.00e-03	7.80e-08
 2.61854e+16	9.92e-01	7.68e-03	7.55e-08
 2.61873e+16	9.93e-01	7.35e-03	7.31e-08
 2.61893e+16	9.93e-01	7.04e-03	7.06e-08
 2.61914e+16	9.93e-01	6.73e-03	6.82e-08
 2.61934e+16	9.94e-01	6.43e-03	6.59e-08
 2.61956e+16	9.94e-01	6.14e-03	6.35e-08
 2.61978e+16	9.94e-01	5.86e-03	6.12e-08
 2.62001e+16	9.94e-01	5.58e-03	5.88e-08
 2.62024e+16	9.95e-01	5.31e-03	5.66e-08
 2.62048e+16	9.95e-01	5.05e-03	5.43e-08
 2.62073e+16	9.95e-01	4.80e-03	5.21e-08
 2.62098e+16	9.95e-01	4.56e-03	4.99e-08
 2.62124e+16	9.96e-01	4.32e-03	4.77e-08
 2.62151e+16	9.96e-01	4.09e-03	4.56e-08
 2.62179e+16	9.96e-01	3.87e-03	4.35e-08
 2.62207e+16	9.96e-01	3.66e-03	4.15e-08
 2.62237e+16	9.97e-01	3.45e-03	3.94e-08
 2.62267e+16	9.97e-01	3.25e-03	3.74e-08
 2.62299e+16	9.97e-01	3.05e-03	3.53e-08
 2.62332e+16	9.97e-01	2.86e-03	3.33e-08
 2.62366e+16	9.97e-01	2.67e-03	3.12e-08
 2.62402e+16	9.98e-01	2.47e-03	2.90e-08
 2.62439e+16	9.98e-01	2.27e-03	2.68e-08
 2.62478e+16	9.98e-01	2.07e-03	2.46e-08
 2.62519e+16	9.98e-01	1.87e-03	2.23e-08
 2.62562e+16	9.98e-01	1.66e-03	1.99e-08
 2.62609e+16	9.99e-01	1.47e-03	1.76e-08
 2.62659e+16	9.99e-01	1.28e-03	1.54e-08
 2.62712e+16	9.99e-01	1.11e-03	1.34e-08
 2.62770e+16	9.99e-01	9.47e-04	1.14e-08
 2.62835e+16	9.99e-01	7.98e-04	9.61e-09
 2.62907e+16	9.99e-01	6.62e-04	7.97e-09
 2.62989e+16	9.99e-01	5.41e-04	6.51e-09
 2.63082e+16	1.00e+00	4.36e-04	5.24e-09
 2.63182e+16	1.00e+00	3.55e-04	4.25e-09
 2.63282e+16	1.00e+00	2.95e-04	3.53e-09
 2.63381e+16	1.00e+00	2.51e-04	3.00e-09
 2.63481e+16	1.00e+00	2.19e-04	2.61e-09
 2.63580e+16	1.00e+00	1.96e-04	2.33e-09
 2.63680e+16	1.00e+00	1.78e-04	2.11e-09
 2.63779e+16	1.00e+00	1.65e-04	1.96e-09
 2.63879e+16	1.00e+00	1.56e-04	1.84e-09
 2.63978e+16	1.00e+00	1.49e-04	1.75e-09
 2.64078e+16	1.00e+00	1.43e-04	1.68e-09
 2.64177e+16	1.00e+00	1.39e-04	1.63e-09
 2.64277e+16	1.00e+00	1.36e-04	1.59e-09
 2.64376e+16	1.00e+00	1.34e-04	1.55e-09
 2.64491e+16	1.00e+00	1.31e-04	1.52e-09
 2.64640e+16	1.00e+00	1.29e-04	1.49e-09
 2.64833e+16	1.00e+00	1.27e-04	1.45e-09
 2.65084e+16	1.00e+00	1.24e-04	1.41e-09
 2.65411e+16	1.00e+00	1.22e-04	1.36e-09
 2.65836e+16	1.00e+00	1.18e-04	1.29e-09
 2.66389e+16	1.00e+00	1.14e-04	1.21e-09
 2.67107e+16	1.00e+00	1.09e-04	1.11e-09
 2.67965e+16	1.00e+00	1.03e-04	1.01e-09
 2.68893e+16	1.00e+00	9.75e-05	9.01e-10
 2.69880e+16	1.00e+00	9.14e-05	7.98e-10
 2.70971e+16	1.00e+00	8.50e-05	6.94e-10
 2.72219e+16	1.00e+00	7.81e-05	5.90e-10
 2.73624e+16	1.00e+00	7.10e-05	4.91e-10
 2.75177e+16	1.00e+00	6.39e-05	4.01e-10
 2.76915e+16	1.00e+00	5.67e-05	3.18e-10
 2.78866e+16	1.00e+00	4.97e-05	2.46e-10
 2.81065e+16	1.00e+00	4.28e-05	1.84e-10
 2.83566e+16	1.00e+00	3.61e-05	1.32e-10
 2.86403e+16	1.00e+00	2.99e-05	9.15e-11
 2.89610e+16	1.00e+00	2.43e-05	6.06e-11
 2.93270e+16	1.00e+00	1.91e-05	3.81e-11
 2.97504e+16	1.00e+00	1.46e-05	2.25e-11
 3.02406e+16	1.00e+00	1.08e-05	1.24e-11
 3.07819e+16	1.00e+00	7.84e-06	6.58e-12
 3.13388e+16	1.00e+00	5.69e-06	3.50e-12
 3.18957e+16	1.00e+00	4.17e-06	1.89e-12
 3.24526e+16	1.00e+00	3.08e-06	1.04e-12
 3.30477e+16	1.00e+00	2.24e-06	5.55e-13
 3.36938e+16	1.00e+00	1.61e-06	2.87e-13
 3.43627e+16	1.00e+00	1.15e-06	1.48e-13
 3.50517e+16	1.00e+00	8.21e-07	7.59e-14
 3.57545e+16	1.00e+00	5.92e-07	3.98e-14
 3.64606e+16	1.00e+00	4.29e-07	2.10e-14
 3.71953e+16	1.00e+00	3.08e-07	1.09e-14
 3.79778e+16	1.00e+00	2.19e-07	5.55e-15
 3.87876e+16	1.00e+00	1.56e-07	2.82e-15
 3.96178e+16	1.00e+00	1.11e-07	1.44e-15
 4.04603e+16	1.00e+00	7.92e-08	7.42e-16
 4.13227e+16	1.00e+00	5.65e-08	3.81e-16
 4.22184e+16	1.00e+00	4.02e-08	1.94e-16
 4.31275e+16	1.00e+00	2.87e-08	9.97e-17
 4.40739e+16	1.00e+00	2.03e-08	5.03e-17
 4.50726e+16	1.00e+00	1.42e-08	2.50e-17
 4.60963e+16	1.00e+00	9.99e-09	1.24e-17
 4.71457e+16	1.00e+00	6.98e-09	6.16e-18
 4.82106e+16	1.00e+00	4.91e-09	3.08e-18
 4.93081e+16	1.00e+00	3.42e-09	1.52e-18
 5.04552e+16	1.00e+00	2.37e-09	7.39e-19
 5.16310e+16	1.00e+00	1.64e-09	3.59e-19
 5.28184e+16	1.00e+00	1.14e-09	1.76e-19
 5.40118e+16	1.00e+00	7.87e-10	8.65e-20
 5.52540e+16	1.00e+00	5.46e-10	4.21e-20
 5.65456e+16	1.00e+00	3.74e-10	2.02e-20
 5.78698e+16	1.00e+00	2.55e-10	9.63e-21
 5.92405e+16	1.00e+00	1.73e-10	0.00e+00
 6.06455e+16	1.00e+00	1.18e-10	0.00e+00
 6.20722e+16	1.00e+00	8.00e-11	0.00e+00
 6.35424e+16	1.00e+00	5.38e-11	0.00e+00
 6.50631e+16	1.00e+00	3.66e-11	0.00e+00
 6.66071e+16	1.00e+00	2.48e-11	0.00e+00
 6.81667e+16	1.00e+00	1.68e-11	0.00e+00
 6.97337e+16	1.00e+00	1.15e-11	0.00e+00
 7.13002e+16	1.00e+00	7.94e-12	0.00e+00
 7.28665e+16	1.00e+00	5.52e-12	0.00e+00
 7.44331e+16	1.00e+00	3.87e-12	0.00e+00
 7.59995e+16	1.00e+00	2.73e-12	0.00e+00
 7.75658e+16	1.00e+00	1.94e-12	0.00e+00
 7.91321e+16	1.00e+00	1.38e-12	0.00e+00
 8.06982e+16	1.00e+00	9.97e-13	0.00e+00
 8.22643e+16	1.00e+00	7.22e-13	0.00e+00
 8.38304e+16	1.00e+00	5.27e-13	0.00e+00
 8.53965e+16	1.00e+00	3.86e-13	0.00e+00
 8.71975e+16	1.00e+00	2.69e-13	0.00e+00
 8.95388e+16	1.00e+00	1.71e-13	0.00e+00
 9.25824e+16	1.00e+00	9.65e-14	0.00e+00
 9.61888e+16	1.00e+00	5.08e-14	0.00e+00
 1.00036e+17	1.00e+00	2.65e-14	0.00e+00
 1.04038e+17	1.00e+00	1.39e-14	0.00e+00
 1.08199e+17	1.00e+00	7.38e-15	0.00e+00
 1.12527e+17	1.00e+00	3.99e-15	0.00e+00
 1.17029e+17	1.00e+00	2.22e-15	0.00e+00
 1.21710e+17	1.00e+00	1.29e-15	0.00e+00
 1.26190e+17	1.00e+00	8.41e-16	0.00e+00
 1.30346e+17	1.00e+00	6.21e-16	0.00e+00
 1.34601e+17	1.00e+00	4.92e-16	0.00e+00
 1.39093e+17	1.00e+00	4.10e-16	0.00e+00
 1.43740e+17	1.00e+00	3.58e-16	0.00e+00
 1.48487e+17	1.00e+00	3.27e-16	0.00e+00
 1.53342e+17	1.00e+00	3.08e-16	0.00e+00
 1.58307e+17	1.00e+00	2.94e-16	0.00e+00
 1.63366e+17	1.00e+00	2.84e-16	0.00e+00
 1.68504e+17	1.00e+00	2.77e-16	0.00e+00
 1.73701e+17	1.00e+00	2.71e-16	0.00e+00
 1.78940e+17	1.00e+00	2.67e-16	0.00e+00
 1.84190e+17	1.00e+00	2.63e-16	0.00e+00
 1.89423e+17	1.00e+00	2.60e-16	0.00e+00
 1.94628e+17	1.00e+00	2.58e-16	0.00e+00
 1.99771e+17	1.00e+00	2.56e-16	0.00e+00
 2.04823e+17	1.00e+00	2.55e-16	0.00e+00
 2.09757e+17	1.00e+00	2.55e-16	0.00e+00
 2.14547e+17	1.00e+00	2.56e-16	0.00e+00
 2.19179e+17	1.00e+00	2.57e-16	0.00e+00
 2.23636e+17	1.00e+00	2.59e-16	0.00e+00
 2.27901e+17	1.00e+00	2.61e-16	0.00e+00
 2.31968e+17	1.00e+00	2.63e-16	0.00e+00
 2.35837e+17	1.00e+00	2.66e-16	0.00e+00
 2.39507e+17	1.00e+00	2.69e-16	0.00e+00
 2.42978e+17	1.00e+00	2.71e-16	0.00e+00
 2.46257e+17	1.00e+00	2.74e-16	0.00e+00
 2.49348e+17	1.00e+00	2.77e-16	0.00e+00
 2.52261e+17	1.00e+00	2.80e-16	0.00e+00
 2.55011e+17	1.00e+00	2.83e-16	0.00e+00
 2.57606e+17	1.00e+00	2.85e-16	0.00e+00
 2.60055e+17	1.00e+00	2.87e-16	0.00e+00
 2.62363e+17	1.00e+00	2.89e-16	0.00e+00
 2.64537e+17	1.00e+00	2.91e-16	0.00e+00
 2.66588e+17	1.00e+00	2.93e-16	0.00e+00
 2.68524e+17	1.00e+00	2.95e-16	0.00e+00
 2.70353e+17	1.00e+00	2.97e-16	0.00e+00
 2.72080e+17	1.00e+00	2.98e-16	0.00e+00
 2.73713e+17	1.00e+00	3.00e-16	0.00e+00
 2.75256e+17	1.00e+00	3.01e-16	0.00e+00
 2.76715e+17	1.00e+00	3.02e-16	0.00e+00
 2.78096e+17	1.00e+00	3.03e-16	0.00e+00
 2.79403e+17	1.00e+00	3.04e-16	0.00e+00
 2.80642e+17	1.00e+00	3.05e-16	0.00e+00
 2.81816e+17	1.00e+00	3.06e-16	0.00e+00
 2.82929e+17	1.00e+00	3.07e-16	0.00e+00
 2.83985e+17	1.00e+00	3.07e-16	0.00e+00
 2.84987e+17	1.00e+00	3.08e-16	0.00e+00
 2.85939e+17	1.00e+00	3.09e-16	0.00e+00
 2.86843e+17	1.00e+00	3.09e-16	0.00e+00
 2.87703e+17	1.00e+00	3.10e-16	0.00e+00
 2.88521e+17	1.00e+00	3.10e-16	0.00e+00
 2.89299e+17	1.00e+00	3.11e-16	0.00e+00
 2.90040e+17	1.00e+00	3.11e-16	0.00e+00
 2.90747e+17	1.00e+00	3.11e-16	0.00e+00
 2.91420e+17	1.00e+00	3.12e-16	0.00e+00
 2.92063e+17	1.00e+00	3.12e-16	0.00e+00
 2.92678e+17	1.00e+00	3.12e-16	0.00e+00
 2.93265e+17	1.00e+00	3.13e-16	0.00e+00
 2.93827e+17	1.00e+00	3.13e-16	0.00e+00
 2.94365e+17	1.00e+00	3.13e-16	0.00e+00
 2.94882e+17	1.00e+00	3.13e-16	0.00e+00
 2.95377e+17	1.00e+00	3.13e-16	0.00e+00
 2.95854e+17	1.00e+00	3.14e-16	0.00e+00
 2.96313e+17	1.00e+00	3.14e-16	0.00e+00
 2.96756e+17	1.00e+00	3.14e-16	0.00e+00
 2.97184e+17	1.00e+00	3.14e-16	0.00e+00
 2.97598e+17	1.00e+00	3.14e-16	0.00e+00
 2.98000e+17	1.00e+00	3.14e-16	0.00e+00
 2.98391e+17	1.00e+00	3.14e-16	0.00e+00
 2.98772e+17	1.00e+00	3.14e-16	0.00e+00
 2.99145e+17	1.00e+00	3.14e-16	0.00e+00
 2.99511e+17	1.00e+00	3.14e-16	0.00e+00
 2.99872e+17	1.00e+00	3.14e-16	0.00e+00
 3.00229e+17	1.00e+00	3.14e-16	0.00e+00
 3.00583e+17	1.00e+00	3.14e-16	0.00e+00
 3.00937e+17	1.00e+00	3.14e-16	0.00e+00
 3.01293e+17	1.00e+00	3.14e-16	0.00e+00
 3.01653e+17	1.00e+00	3.14e-16	0.00e+00
 3.02020e+17	1.00e+00	3.14e-16	0.00e+00
 3.02396e+17	1.00e+00	3.14e-16	0.00e+00
 3.02787e+17	1.00e+00	3.14e-16	0.00e+00
 3.03197e+17	1.00e+00	3.13e-16	0.00e+00
 3.03631e+17	1.00e+00	3.13e-16	0.00e+00
 3.04099e+17	1.00e+00	3.12e-16	0.00e+00
 3.04610e+17	1.00e+00	3.12e-16	0.00e+00
 3.05180e+17	1.00e+00	3.11e-16	0.00e+00
 3.05828e+17	1.00e+00	3.10e-16	0.00e+00
 3.06582e+17	1.00e+00	3.08e-16	0.00e+00
 3.07484e+17	1.00e+00	3.06e-16	0.00e+00
 3.08596e+17	1.00e+00	3.03e-16	0.00e+00
 3.10015e+17	1.00e+00	2.98e-16	0.00e+00
 3.11858e+17	1.00e+00	2.90e-16	0.00e+00
 3.14253e+17	1.00e+00	2.78e-16	0.00e+00
 3.17367e+17	1.00e+00	2.61e-16	0.00e+00
 3.21415e+17	1.00e+00	2.39e-16	0.00e+00
 3.26677e+17	1.00e+00	2.10e-16	0.00e+00
 3.33518e+17	1.00e+00	1.76e-16	0.00e+00
 3.42412e+17	1.00e+00	1.38e-16	0.00e+00
 3.53973e+17	1.00e+00	9.93e-17	0.00e+00
 3.67718e+17	1.00e+00	6.34e-17	0.00e+00
 3.82427e+17	1.00e+00	4.76e-17	0.00e+00
 3.97724e+17	1.00e+00	4.04e-17	0.00e+00
 4.13189e+17	1.00e+00	3.42e-17	0.00e+00
 4.27926e+17	1.00e+00	3.20e-17	0.00e+00
 4.41366e+17	1.00e+00	3.36e-17	0.00e+00
 4.53657e+17	1.00e+00	3.63e-17	0.00e+00
 4.65204e+17	1.00e+00	3.67e-17	0.00e+00
 4.76094e+17	1.00e+00	3.56e-17	0.00e+00
 4.86140e+17	1.00e+00	3.45e-17	0.00e+00
 4.95175e+17	1.00e+00	3.42e-17	0.00e+00
 5.03234e+17	1.00e+00	3.41e-17	0.00e+00
 5.10467e+17	1.00e+00	3.34e-17	0.00e+00
 5.16984e+17	1.00e+00	3.21e-17	0.00e+00
 5.22435e+17	1.00e+00	3.05e-17	0.00e+00
 5.26251e+17	1.00e+00	3.03e-17	0.00e+00
 5.28547e+17	1.00e+00	3.14e-17	0.00e+00
 5.29894e+17	1.00e+00	3.23e-17	0.00e+00
 5.30702e+17	1.00e+00	3.29e-17	0.00e+00
 5.31188e+17	1.00e+00	3.32e-17	0.00e+00
 5.31538e+17	1.00e+00	3.34e-17	0.00e+00
 5.31913e+17	1.00e+00	3.35e-17	0.00e+00
 5.32343e+17	1.00e+00	3.36e-17	0.00e+00
 5.32745e+17	1.00e+00	3.37e-17	0.00e+00
 5.33082e+17	1.00e+00	3.37e-17	0.00e+00
 5.33391e+17	1.00e+00	3.37e-17	0.00e+00
 5.33688e+17	1.00e+00	3.37e-17	0.00e+00
 5.33968e+17	1.00e+00	3.37e-17	0.00e+00
 5.34234e+17	1.00e+00	3.36e-17	0.00e+00
 5.34488e+17	1.00e+00	3.36e-17	0.00e+00
 5.34726e+17	1.00e+00	3.35e-17	0.00e+00
 5.34954e+17	1.00e+00	3.34e-17	0.00e+00
 5.35176e+17	1.00e+00	3.33e-17	0.00e+00
 5.35386e+17	1.00e+00	3.33e-17	0.00e+00
 5.35574e+17	1.00e+00	3.32e-17	0.00e+00
 5.35754e+17	1.00e+00	3.32e-17	0.00e+00
 5.35941e+17	1.00e+00	3.31e-17	0.00e+00
 5.36122e+17	1.00e+00	3.29e-17	0.00e+00
 5.36284e+17	1.00e+00	3.30e-17	0.00e+00
 5.36442e+17	1.00e+00	3.31e-17	0.00e+00
 5.36602e+17	1.00e+00	3.30e-17	0.00e+00
 5.36759e+17	1.00e+00	3.28e-17	0.00e+00
 5.36909e+17	1.00e+00	3.30e-17	0.00e+00
 5.37053e+17	1.00e+00	3.32e-17	0.00e+00
 5.37196e+17	1.00e+00	3.36e-17	0.00e+00
 5.37336e+17	1.00e+00	3.33e-17	0.00e+00
 5.37473e+17	1.00e+00	3.39e-17	0.00e+00
 5.37609e+17	1.00e+00	3.40e-17	0.00e+00
 5.37746e+17	1.00e+00	3.40e-17	0.00e+00
 5.37883e+17	1.00e+00	3.34e-17	0.00e+00
 5.38018e+17	1.00e+00	3.38e-17	0.00e+00
 5.38147e+17	1.00e+00	3.38e-17	0.00e+00
 5.38283e+17	1.00e+00	3.66e-17	0.00e+00
 5.38422e+17	1.00e+00	3.20e-17	0.00e+00
 5.38553e+17	1.00e+00	3.43e-17	0.00e+00
 5.38688e+17	1.00e+00	3.35e-17	0.00e+00
 5.38828e+17	1.00e+00	3.27e-17	0.00e+00
 5.38970e+17	1.00e+00	3.17e-17	0.00e+00
 5.39110e+17	1.00e+00	3.19e-17	0.00e+00
 5.39253e+17	1.00e+00	3.17e-17	0.00e+00
 5.39399e+17	1.00e+00	3.12e-17	0.00e+00
 5.39547e+17	1.00e+00	3.07e-17	0.00e+00
 5.39696e+17	1.00e+00	3.06e-17	0.00e+00
 5.39850e+17	1.00e+00	3.03e-17	0.00e+00
 5.40011e+17	1.00e+00	2.98e-17	0.00e+00
 5.40180e+17	1.00e+00	2.95e-17	0.00e+00
 5.40348e+17	1.00e+00	2.92e-17	0.00e+00
 5.40502e+17	1.00e+00	2.92e-17	0.00e+00
 5.40663e+17	1.00e+00	2.95e-17	0.00e+00
 5.40850e+17	1.00e+00	2.86e-17	0.00e+00
 5.41039e+17	1.00e+00	2.83e-17	0.00e+00
 5.41213e+17	1.00e+00	2.81e-17	0.00e+00
 5.41393e+17	1.00e+00	2.80e-17	0.00e+00
 5.41595e+17	1.00e+00	2.76e-17	0.00e+00
 5.41806e+17	1.00e+00	2.73e-17	0.00e+00
 5.42007e+17	1.00e+00	2.70e-17	0.00e+00
 5.42204e+17	1.00e+00	2.68e-17	0.00e+00
 5.42414e+17	1.00e+00	2.65e-17	0.00e+00
 5.42636e+17	1.00e+00	2.62e-17	0.00e+00
 5.42858e+17	1.00e+00	2.59e-17	0.00e+00
 5.43084e+17	1.00e+00	2.56e-17	0.00e+00
 5.43317e+17	1.00e+00	2.53e-17	0.00e+00
 5.43560e+17	1.00e+00	2.50e-17	0.00e+00
 5.43813e+17	1.00e+00	2.46e-17	0.00e+00
 5.44067e+17	1.00e+00	2.43e-17	0.00e+00
 5.44323e+17	1.00e+00	2.39e-17	0.00e+00
 5.44587e+17	1.00e+00	2.35e-17	0.00e+00
 5.44860e+17	1.00e+00	2.32e-17	0.00e+00
 5.45140e+17	1.00e+00	2.28e-17	0.00e+00
 5.45423e+17	1.00e+00	2.24e-17	0.00e+00
 5.45722e+17	1.00e+00	2.20e-17	0.00e+00
 5.46030e+17	1.00e+00	2.16e-17	0.00e+00
 5.46341e+17	1.00e+00	2.11e-17	0.00e+00
 5.46652e+17	1.00e+00	2.07e-17	0.00e+00
 5.46962e+17	1.00e+00	2.02e-17	0.00e+00
 5.47292e+17	1.00e+00	1.98e-17	0.00e+00
 5.47643e+17	1.00e+00	1.93e-17	0.00e+00
 5.47998e+17	1.00e+00	1.88e-17	0.00e+00
 5.48348e+17	1.00e+00	1.84e-17	0.00e+00
 5.48700e+17	1.00e+00	1.79e-17	0.00e+00
 5.49067e+17	1.00e+00	1.74e-17	0.00e+00
 5.49449e+17	1.00e+00	1.69e-17	0.00e+00
 5.49838e+17	1.00e+00	1.64e-17	0.00e+00
 5.50232e+17	1.00e+00	1.59e-17	0.00e+00
 5.50631e+17	1.00e+00	1.54e-17	0.00e+00
 5.51041e+17	1.00e+00	1.49e-17	0.00e+00
 5.51462e+17	1.00e+00	1.43e-17	0.00e+00
 5.51887e+17	1.00e+00	1.38e-17	0.00e+00
 5.52317e+17	1.00e+00	1.33e-17	0.00e+00
 5.52762e+17	1.00e+00	1.28e-17	0.00e+00
 5.53216e+17	1.00e+00	1.23e-17	0.00e+00
 5.53690e+17	1.00e+00	1.17e-17	0.00e+00
 5.54177e+17	1.00e+00	1.12e-17	0.00e+00
 5.54654e+17	1.00e+00	1.07e-17	0.00e+00
 5.55128e+17	1.00e+00	1.02e-17	0.00e+00
 5.55646e+17	1.00e+00	9.69e-18	0.00e+00
 5.56187e+17	1.00e+00	9.16e-18	0.00e+00
 5.56723e+17	1.00e+00	8.64e-18	0.00e+00
 5.57260e+17	1.00e+00	8.17e-18	0.00e+00
 5.57820e+17	1.00e+00	7.69e-18	0.00e+00
 5.58420e+17	1.00e+00	7.20e-18	0.00e+00
 5.59019e+17	1.00e+00	6.71e-18	0.00e+00
 5.59622e+17	1.00e+00	6.26e-18	0.00e+00
 5.60246e+17	1.00e+00	5.82e-18	0.00e+00
 5.60874e+17	1.00e+00	5.39e-18	0.00e+00
 5.61452e+17	1.00e+00	5.00e-18	0.00e+00
 5.61962e+17	1.00e+00	4.67e-18	0.00e+00
 5.62424e+17	1.00e+00	4.40e-18	0.00e+00
 5.62864e+17	1.00e+00	4.15e-18	0.00e+00
 5.63292e+17	1.00e+00	3.93e-18	0.00e+00
 5.63703e+17	1.00e+00	3.71e-18	0.00e+00
 5.64094e+17	1.00e+00	3.52e-18	0.00e+00
 5.64463e+17	1.00e+00	3.34e-18	0.00e+00
 5.64818e+17	1.00e+00	3.18e-18	0.00e+00
 5.65159e+17	1.00e+00	2.99e-18	0.00e+00
 5.65488e+17	1.00e+00	2.85e-18	0.00e+00
 5.65803e+17	1.00e+00	2.71e-18	0.00e+00
 5.66106e+17	1.00e+00	2.59e-18	0.00e+00
 5.66397e+17	1.00e+00	2.48e-18	0.00e+00
 5.66678e+17	1.00e+00	2.37e-18	0.00e+00
 5.66949e+17	1.00e+00	2.27e-18	0.00e+00
 5.67208e+17	1.00e+00	2.18e-18	0.00e+00
 5.67458e+17	1.00e+00	2.09e-18	0.00e+00
 5.67701e+17	1.00e+00	2.01e-18	0.00e+00
 5.67938e+17	1.00e+00	1.93e-18	0.00e+00
 5.68167e+17	1.00e+00	1.86e-18	0.00e+00
 5.68386e+17	1.00e+00	1.79e-18	0.00e+00
 5.68597e+17	1.00e+00	1.72e-18	0.00e+00
 5.68803e+17	1.00e+00	1.66e-18	0.00e+00
 5.69005e+17	1.00e+00	1.60e-18	0.00e+00
 5.69203e+17	1.00e+00	1.54e-18	0.00e+00
 5.69395e+17	1.00e+00	1.49e-18	0.00e+00
 5.69582e+17	1.00e+00	1.44e-18	0.00e+00
 5.69764e+17	1.00e+00	1.39e-18	0.00e+00
 5.69943e+17	1.00e+00	1.35e-18	0.00e+00
 5.70118e+17	1.00e+00	1.30e-18	0.00e+00
 5.70290e+17	1.00e+00	1.26e-18	0.00e+00
 5.70486e+17	1.00e+00	1.22e-18	0.00e+00
 5.70741e+17	1.00e+00	1.17e-18	0.00e+00
 5.71072e+17	1.00e+00	1.11e-18	0.00e+00
 5.71502e+17	1.00e+00	1.03e-18	0.00e+00
 5.72062e+17	1.00e+00	9.33e-19	0.00e+00
 5.72782e+17	1.00e+00	8.23e-19	0.00e+00
 5.73578e+17	1.00e+00	7.01e-19	0.00e+00
 5.74291e+17	1.00e+00	5.98e-19	0.00e+00
 5.74881e+17	1.00e+00	5.25e-19	0.00e+00
 5.75413e+17	1.00e+00	4.71e-19	0.00e+00
 5.75956e+17	1.00e+00	4.23e-19	0.00e+00
 5.76530e+17	1.00e+00	3.77e-19	0.00e+00
 5.77114e+17	1.00e+00	3.34e-19	0.00e+00
 5.77687e+17	1.00e+00	2.97e-19	0.00e+00
 5.78252e+17	1.00e+00	2.64e-19	0.00e+00
