#depth	He	He+	He+2
 1.49634e+10	3.20e-24	5.03e-13	1.00e+00
 4.54887e+10	3.59e-24	5.43e-13	1.00e+00
 7.72350e+10	3.98e-24	5.87e-13	1.00e+00
 1.10251e+11	4.42e-24	6.35e-13	1.00e+00
 1.44588e+11	4.90e-24	6.86e-13	1.00e+00
 1.80298e+11	5.43e-24	7.42e-13	1.00e+00
 2.17437e+11	6.01e-24	8.02e-13	1.00e+00
 2.56061e+11	6.65e-24	8.67e-13	1.00e+00
 2.96231e+11	7.35e-24	9.38e-13	1.00e+00
 3.38007e+11	8.13e-24	1.01e-12	1.00e+00
 3.81454e+11	8.98e-24	1.10e-12	1.00e+00
 4.22090e+11	9.84e-24	1.18e-12	1.00e+00
 4.58047e+11	1.06e-23	1.25e-12	1.00e+00
 4.98226e+11	1.15e-23	1.34e-12	1.00e+00
 5.46318e+11	1.27e-23	1.44e-12	1.00e+00
 5.94481e+11	1.40e-23	1.55e-12	1.00e+00
 6.38824e+11	1.52e-23	1.65e-12	1.00e+00
 6.88417e+11	1.66e-23	1.78e-12	1.00e+00
 7.45741e+11	1.83e-23	1.92e-12	1.00e+00
 8.01714e+11	2.02e-23	2.07e-12	1.00e+00
 8.54909e+11	2.20e-23	2.21e-12	1.00e+00
 9.14015e+11	2.41e-23	2.38e-12	1.00e+00
 9.80503e+11	2.68e-23	2.58e-12	1.00e+00
 1.04746e+12	2.96e-23	2.78e-12	1.00e+00
 1.11709e+12	3.27e-23	3.01e-12	1.00e+00
 1.19170e+12	3.63e-23	3.25e-12	1.00e+00
 1.26929e+12	4.03e-23	3.52e-12	1.00e+00
 1.34999e+12	4.49e-23	3.81e-12	1.00e+00
 1.43392e+12	4.99e-23	4.13e-12	1.00e+00
 1.52120e+12	5.57e-23	4.47e-12	1.00e+00
 1.61198e+12	6.21e-23	4.84e-12	1.00e+00
 1.70638e+12	6.94e-23	5.25e-12	1.00e+00
 1.80457e+12	7.77e-23	5.68e-12	1.00e+00
 1.90668e+12	8.70e-23	6.16e-12	1.00e+00
 2.01287e+12	9.76e-23	6.67e-12	1.00e+00
 2.11560e+12	1.09e-22	7.19e-12	1.00e+00
 2.20941e+12	1.20e-22	7.68e-12	1.00e+00
 2.31338e+12	1.33e-22	8.25e-12	1.00e+00
 2.43456e+12	1.50e-22	8.94e-12	1.00e+00
 2.55471e+12	1.68e-22	9.65e-12	1.00e+00
 2.66996e+12	1.87e-22	1.04e-11	1.00e+00
 2.79700e+12	2.10e-22	1.12e-11	1.00e+00
 2.93880e+12	2.38e-22	1.21e-11	1.00e+00
 3.08278e+12	2.70e-22	1.31e-11	1.00e+00
 3.23251e+12	3.05e-22	1.42e-11	1.00e+00
 3.39174e+12	3.48e-22	1.55e-11	1.00e+00
 3.55733e+12	3.97e-22	1.68e-11	1.00e+00
 3.72955e+12	4.53e-22	1.82e-11	1.00e+00
 3.90866e+12	5.18e-22	1.98e-11	1.00e+00
 4.09494e+12	5.94e-22	2.16e-11	1.00e+00
 4.28866e+12	6.81e-22	2.34e-11	1.00e+00
 4.47030e+12	7.73e-22	2.53e-11	1.00e+00
 4.63190e+12	8.60e-22	2.70e-11	1.00e+00
 4.81298e+12	9.67e-22	2.90e-11	1.00e+00
 5.02859e+12	1.11e-21	3.15e-11	1.00e+00
 5.24499e+12	1.27e-21	3.42e-11	1.00e+00
 5.44730e+12	1.43e-21	3.67e-11	1.00e+00
 5.67237e+12	1.63e-21	3.97e-11	1.00e+00
 5.92919e+12	1.89e-21	4.33e-11	1.00e+00
 6.18513e+12	2.17e-21	4.71e-11	1.00e+00
 6.45132e+12	2.50e-21	5.13e-11	1.00e+00
 6.73930e+12	2.90e-21	5.60e-11	1.00e+00
 7.03207e+12	3.35e-21	6.11e-11	1.00e+00
 7.30446e+12	3.82e-21	6.60e-11	1.00e+00
 7.55587e+12	4.29e-21	7.08e-11	1.00e+00
 7.84328e+12	4.88e-21	7.66e-11	1.00e+00
 8.18081e+12	5.66e-21	8.38e-11	1.00e+00
 8.51549e+12	6.52e-21	9.13e-11	1.00e+00
 8.82856e+12	7.40e-21	9.87e-11	1.00e+00
 9.17663e+12	8.47e-21	1.07e-10	1.00e+00
 9.57362e+12	9.85e-21	1.18e-10	1.00e+00
 9.96444e+12	1.14e-20	1.29e-10	1.00e+00
 1.03709e+13	1.31e-20	1.41e-10	1.00e+00
 1.08156e+13	1.52e-20	1.55e-10	1.00e+00
 1.12626e+13	1.75e-20	1.70e-10	1.00e+00
 1.17275e+13	2.02e-20	1.86e-10	1.00e+00
 1.22265e+13	2.34e-20	2.05e-10	1.00e+00
 1.27217e+13	2.70e-20	2.25e-10	1.00e+00
 1.32366e+13	3.09e-20	2.47e-10	1.00e+00
 1.37960e+13	3.58e-20	2.73e-10	1.00e+00
 1.43777e+13	4.12e-20	3.02e-10	1.00e+00
 1.49828e+13	4.75e-20	3.33e-10	1.00e+00
 1.56120e+13	5.45e-20	3.69e-10	1.00e+00
 1.61798e+13	6.16e-20	4.03e-10	1.00e+00
 1.66506e+13	6.77e-20	4.33e-10	1.00e+00
 1.71654e+13	7.47e-20	4.67e-10	1.00e+00
 1.78205e+13	8.44e-20	5.13e-10	1.00e+00
 1.85053e+13	9.55e-20	5.64e-10	1.00e+00
 1.91091e+13	1.06e-19	6.12e-10	1.00e+00
 1.96678e+13	1.16e-19	6.58e-10	1.00e+00
 2.03017e+13	1.28e-19	7.13e-10	1.00e+00
 2.10882e+13	1.44e-19	7.86e-10	1.00e+00
 2.18738e+13	1.62e-19	8.63e-10	1.00e+00
 2.25467e+13	1.78e-19	9.33e-10	1.00e+00
 2.32724e+13	1.95e-19	1.01e-09	1.00e+00
 2.41711e+13	2.19e-19	1.11e-09	1.00e+00
 2.50951e+13	2.46e-19	1.23e-09	1.00e+00
 2.59298e+13	2.72e-19	1.33e-09	1.00e+00
 2.68482e+13	3.03e-19	1.46e-09	1.00e+00
 2.79297e+13	3.43e-19	1.61e-09	1.00e+00
 2.90104e+13	3.86e-19	1.77e-09	1.00e+00
 3.00371e+13	4.32e-19	1.93e-09	1.00e+00
 3.11713e+13	4.88e-19	2.12e-09	1.00e+00
 3.24481e+13	5.59e-19	2.35e-09	1.00e+00
 3.37246e+13	6.38e-19	2.58e-09	1.00e+00
 3.48548e+13	7.17e-19	2.81e-09	1.00e+00
 3.58033e+13	7.89e-19	3.00e-09	1.00e+00
 3.68242e+13	8.73e-19	3.21e-09	1.00e+00
 3.81513e+13	9.96e-19	3.50e-09	1.00e+00
 3.95395e+13	1.14e-18	3.83e-09	1.00e+00
 4.07233e+13	1.28e-18	4.11e-09	1.00e+00
 4.19784e+13	1.44e-18	4.43e-09	1.00e+00
 4.35565e+13	1.66e-18	4.84e-09	1.00e+00
 4.51816e+13	1.93e-18	5.29e-09	1.00e+00
 4.66139e+13	2.19e-18	5.70e-09	1.00e+00
 4.81685e+13	2.51e-18	6.17e-09	1.00e+00
 4.98846e+13	2.91e-18	6.71e-09	1.00e+00
 5.14660e+13	3.32e-18	7.23e-09	1.00e+00
 5.31773e+13	3.81e-18	7.81e-09	1.00e+00
 5.50863e+13	4.44e-18	8.50e-09	1.00e+00
 5.68750e+13	5.10e-18	9.16e-09	1.00e+00
 5.88231e+13	5.90e-18	9.92e-09	1.00e+00
 6.09881e+13	6.91e-18	1.08e-08	1.00e+00
 6.30095e+13	7.98e-18	1.17e-08	1.00e+00
 6.52116e+13	9.27e-18	1.26e-08	1.00e+00
 6.76740e+13	1.09e-17	1.38e-08	1.00e+00
 6.99967e+13	1.27e-17	1.49e-08	1.00e+00
 7.25383e+13	1.48e-17	1.61e-08	1.00e+00
 7.53852e+13	1.76e-17	1.76e-08	1.00e+00
 7.80843e+13	2.05e-17	1.91e-08	1.00e+00
 8.09753e+13	2.41e-17	2.07e-08	1.00e+00
 8.42443e+13	2.87e-17	2.27e-08	1.00e+00
 8.74835e+13	3.39e-17	2.47e-08	1.00e+00
 9.08523e+13	4.00e-17	2.68e-08	1.00e+00
 9.45163e+13	4.76e-17	2.93e-08	1.00e+00
 9.83268e+13	5.64e-17	3.20e-08	1.00e+00
 1.01935e+14	6.60e-17	3.46e-08	1.00e+00
 1.05179e+14	7.57e-17	3.71e-08	1.00e+00
 1.08214e+14	8.56e-17	3.95e-08	1.00e+00
 1.11565e+14	9.75e-17	4.22e-08	1.00e+00
 1.15335e+14	1.12e-16	4.53e-08	1.00e+00
 1.18933e+14	1.28e-16	4.84e-08	1.00e+00
 1.22896e+14	1.47e-16	5.19e-08	1.00e+00
 1.27311e+14	1.71e-16	5.60e-08	1.00e+00
 1.31382e+14	1.96e-16	5.99e-08	1.00e+00
 1.35160e+14	2.21e-16	6.36e-08	1.00e+00
 1.39492e+14	2.51e-16	6.80e-08	1.00e+00
 1.44795e+14	2.93e-16	7.35e-08	1.00e+00
 1.50082e+14	3.41e-16	7.93e-08	1.00e+00
 1.54682e+14	3.86e-16	8.44e-08	1.00e+00
 1.59663e+14	4.40e-16	9.01e-08	1.00e+00
 1.65743e+14	5.11e-16	9.72e-08	1.00e+00
 1.71936e+14	5.95e-16	1.05e-07	1.00e+00
 1.77539e+14	6.77e-16	1.12e-07	1.00e+00
 1.83693e+14	7.76e-16	1.20e-07	1.00e+00
 1.90929e+14	9.05e-16	1.30e-07	1.00e+00
 1.98135e+14	1.05e-15	1.40e-07	1.00e+00
 2.04917e+14	1.20e-15	1.49e-07	1.00e+00
 2.12431e+14	1.38e-15	1.60e-07	1.00e+00
 2.20958e+14	1.62e-15	1.74e-07	1.00e+00
 2.29484e+14	1.88e-15	1.87e-07	1.00e+00
 2.38351e+14	2.18e-15	2.02e-07	1.00e+00
 2.47915e+14	2.54e-15	2.18e-07	1.00e+00
 2.57862e+14	2.96e-15	2.36e-07	1.00e+00
 2.68206e+14	3.45e-15	2.55e-07	1.00e+00
 2.78268e+14	3.98e-15	2.74e-07	1.00e+00
 2.86877e+14	4.49e-15	2.91e-07	1.00e+00
 2.94507e+14	4.96e-15	3.06e-07	1.00e+00
 3.03272e+14	5.56e-15	3.25e-07	1.00e+00
 3.14406e+14	6.40e-15	3.49e-07	1.00e+00
 3.26004e+14	7.37e-15	3.74e-07	1.00e+00
 3.36282e+14	8.33e-15	3.98e-07	1.00e+00
 3.47457e+14	9.44e-15	4.25e-07	1.00e+00
 3.60864e+14	1.10e-14	4.58e-07	1.00e+00
 3.74375e+14	1.26e-14	4.92e-07	1.00e+00
 3.87042e+14	1.44e-14	5.27e-07	1.00e+00
 4.01169e+14	1.65e-14	5.65e-07	1.00e+00
 4.17246e+14	1.92e-14	6.11e-07	1.00e+00
 4.32083e+14	2.21e-14	6.56e-07	1.00e+00
 4.44887e+14	2.47e-14	6.95e-07	1.00e+00
 4.59061e+14	2.79e-14	7.42e-07	1.00e+00
 4.76429e+14	3.22e-14	7.98e-07	1.00e+00
 4.94063e+14	3.72e-14	8.61e-07	1.00e+00
 5.09875e+14	4.19e-14	9.16e-07	1.00e+00
 5.27203e+14	4.78e-14	9.82e-07	1.00e+00
 5.47751e+14	5.53e-14	1.06e-06	1.00e+00
 5.68032e+14	6.38e-14	1.14e-06	1.00e+00
 5.86482e+14	7.22e-14	1.22e-06	1.00e+00
 6.07006e+14	8.25e-14	1.31e-06	1.00e+00
 6.30994e+14	9.56e-14	1.41e-06	1.00e+00
 6.54688e+14	1.10e-13	1.53e-06	1.00e+00
 6.76957e+14	1.25e-13	1.63e-06	1.00e+00
 7.01693e+14	1.44e-13	1.76e-06	1.00e+00
 7.29790e+14	1.67e-13	1.90e-06	1.00e+00
 7.57805e+14	1.92e-13	2.06e-06	1.00e+00
 7.83985e+14	2.18e-13	2.20e-06	1.00e+00
 8.12418e+14	2.50e-13	2.37e-06	1.00e+00
 8.44945e+14	2.89e-13	2.57e-06	1.00e+00
 8.75454e+14	3.30e-13	2.76e-06	1.00e+00
 9.02741e+14	3.70e-13	2.94e-06	1.00e+00
 9.28688e+14	4.10e-13	3.11e-06	1.00e+00
 9.57639e+14	4.59e-13	3.31e-06	1.00e+00
 9.89779e+14	5.19e-13	3.54e-06	1.00e+00
 1.01995e+15	5.78e-13	3.77e-06	1.00e+00
 1.05307e+15	6.50e-13	4.02e-06	1.00e+00
 1.09012e+15	7.37e-13	4.31e-06	1.00e+00
 1.12530e+15	8.25e-13	4.60e-06	1.00e+00
 1.16401e+15	9.32e-13	4.93e-06	1.00e+00
 1.20681e+15	1.06e-12	5.31e-06	1.00e+00
 1.24618e+15	1.19e-12	5.66e-06	1.00e+00
 1.28862e+15	1.34e-12	6.06e-06	1.00e+00
 1.33621e+15	1.52e-12	6.53e-06	1.00e+00
 1.38101e+15	1.71e-12	6.98e-06	1.00e+00
 1.42976e+15	1.93e-12	7.50e-06	1.00e+00
 1.48381e+15	2.19e-12	8.09e-06	1.00e+00
 1.53435e+15	2.47e-12	8.67e-06	1.00e+00
 1.58958e+15	2.79e-12	9.32e-06	1.00e+00
 1.65132e+15	3.18e-12	1.01e-05	1.00e+00
 1.70942e+15	3.59e-12	1.08e-05	1.00e+00
 1.77172e+15	4.08e-12	1.17e-05	1.00e+00
 1.84113e+15	4.65e-12	1.26e-05	1.00e+00
 1.90856e+15	5.27e-12	1.37e-05	1.00e+00
 1.98016e+15	5.99e-12	1.47e-05	1.00e+00
 2.05940e+15	6.88e-12	1.60e-05	1.00e+00
 2.13696e+15	7.83e-12	1.73e-05	1.00e+00
 2.20066e+15	8.70e-12	1.85e-05	1.00e+00
 2.25167e+15	9.43e-12	1.94e-05	1.00e+00
 2.30797e+15	1.03e-11	2.05e-05	1.00e+00
 2.38115e+15	1.15e-11	2.19e-05	1.00e+00
 2.45972e+15	1.29e-11	2.35e-05	1.00e+00
 2.52960e+15	1.43e-11	2.50e-05	1.00e+00
 2.60476e+15	1.59e-11	2.67e-05	1.00e+00
 2.70020e+15	1.81e-11	2.89e-05	1.00e+00
 2.79699e+15	2.05e-11	3.12e-05	1.00e+00
 2.87904e+15	2.29e-11	3.33e-05	1.00e+00
 2.96694e+15	2.56e-11	3.56e-05	1.00e+00
 3.07697e+15	2.94e-11	3.86e-05	1.00e+00
 3.18987e+15	3.35e-11	4.18e-05	1.00e+00
 3.28900e+15	3.75e-11	4.48e-05	1.00e+00
 3.39611e+15	4.23e-11	4.82e-05	1.00e+00
 3.52580e+15	4.90e-11	5.26e-05	1.00e+00
 3.65431e+15	5.56e-11	5.69e-05	1.00e+00
 3.76835e+15	6.31e-11	6.11e-05	1.00e+00
 3.89411e+15	7.08e-11	6.57e-05	1.00e+00
 4.04452e+15	8.26e-11	7.17e-05	1.00e+00
 4.19362e+15	9.50e-11	7.79e-05	1.00e+00
 4.32904e+15	1.06e-10	8.37e-05	1.00e+00
 4.48000e+15	1.23e-10	9.06e-05	1.00e+00
 4.65664e+15	1.42e-10	9.89e-05	1.00e+00
 4.83113e+15	1.64e-10	1.08e-04	1.00e+00
 4.99604e+15	1.87e-10	1.16e-04	1.00e+00
 5.17936e+15	2.16e-10	1.26e-04	1.00e+00
 5.35260e+15	2.43e-10	1.36e-04	1.00e+00
 5.48178e+15	2.68e-10	1.43e-04	1.00e+00
 5.61404e+15	2.97e-10	1.52e-04	1.00e+00
 5.78598e+15	3.35e-10	1.62e-04	1.00e+00
 5.97152e+15	3.75e-10	1.74e-04	1.00e+00
 6.13819e+15	4.19e-10	1.86e-04	1.00e+00
 6.31832e+15	4.70e-10	1.98e-04	1.00e+00
 6.54855e+15	5.48e-10	2.15e-04	1.00e+00
 6.78093e+15	6.21e-10	2.33e-04	1.00e+00
 6.97494e+15	6.98e-10	2.48e-04	1.00e+00
 7.18202e+15	7.86e-10	2.65e-04	1.00e+00
 7.44506e+15	9.20e-10	2.88e-04	1.00e+00
 7.72102e+15	1.05e-09	3.12e-04	1.00e+00
 7.96669e+15	1.19e-09	3.35e-04	1.00e+00
 8.23282e+15	1.36e-09	3.61e-04	1.00e+00
 8.55091e+15	1.62e-09	3.94e-04	1.00e+00
 8.86517e+15	1.86e-09	4.27e-04	1.00e+00
 9.14862e+15	2.10e-09	4.58e-04	1.00e+00
 9.46342e+15	2.41e-09	4.94e-04	1.00e+00
 9.83419e+15	2.88e-09	5.40e-04	9.99e-01
 1.01995e+16	3.34e-09	5.86e-04	9.99e-01
 1.05390e+16	3.82e-09	6.31e-04	9.99e-01
 1.09202e+16	4.41e-09	6.83e-04	9.99e-01
 1.13570e+16	5.24e-09	7.48e-04	9.99e-01
 1.17200e+16	5.96e-09	8.02e-04	9.99e-01
 1.19760e+16	6.52e-09	8.42e-04	9.99e-01
 1.22421e+16	7.15e-09	8.86e-04	9.99e-01
 1.25882e+16	7.92e-09	9.43e-04	9.99e-01
 1.29747e+16	9.15e-09	1.01e-03	9.99e-01
 1.33357e+16	1.03e-08	1.08e-03	9.99e-01
 1.37269e+16	1.14e-08	1.15e-03	9.99e-01
 1.41651e+16	1.33e-08	1.24e-03	9.99e-01
 1.45766e+16	1.49e-08	1.32e-03	9.99e-01
 1.50235e+16	1.68e-08	1.42e-03	9.99e-01
 1.55222e+16	1.96e-08	1.53e-03	9.98e-01
 1.59906e+16	2.22e-08	1.64e-03	9.98e-01
 1.65021e+16	2.52e-08	1.77e-03	9.98e-01
 1.70597e+16	2.96e-08	1.92e-03	9.98e-01
 1.75687e+16	3.34e-08	2.05e-03	9.98e-01
 1.81216e+16	3.79e-08	2.22e-03	9.98e-01
 1.87282e+16	4.48e-08	2.41e-03	9.98e-01
 1.92798e+16	5.08e-08	2.59e-03	9.97e-01
 1.98720e+16	5.81e-08	2.80e-03	9.97e-01
 2.05266e+16	6.65e-08	3.04e-03	9.97e-01
 2.11175e+16	7.74e-08	3.28e-03	9.97e-01
 2.16427e+16	8.66e-08	3.50e-03	9.96e-01
 2.22274e+16	9.81e-08	3.77e-03	9.96e-01
 2.28877e+16	1.12e-07	4.09e-03	9.96e-01
 2.35170e+16	1.30e-07	4.44e-03	9.96e-01
 2.40344e+16	1.45e-07	4.73e-03	9.95e-01
 2.45356e+16	1.62e-07	5.05e-03	9.95e-01
 2.51873e+16	1.85e-07	5.49e-03	9.95e-01
 2.58487e+16	2.15e-07	5.98e-03	9.94e-01
 2.63799e+16	2.40e-07	6.41e-03	9.94e-01
 2.69274e+16	2.71e-07	6.91e-03	9.93e-01
 2.75352e+16	3.07e-07	7.51e-03	9.92e-01
 2.80952e+16	3.55e-07	8.14e-03	9.92e-01
 2.85909e+16	3.97e-07	8.75e-03	9.91e-01
 2.91297e+16	4.52e-07	9.51e-03	9.90e-01
 2.97145e+16	5.27e-07	1.04e-02	9.90e-01
 3.02302e+16	5.89e-07	1.13e-02	9.89e-01
 3.06981e+16	6.77e-07	1.23e-02	9.88e-01
 3.11441e+16	7.70e-07	1.34e-02	9.87e-01
 3.15632e+16	8.56e-07	1.45e-02	9.86e-01
 3.20357e+16	9.87e-07	1.60e-02	9.84e-01
 3.25248e+16	1.15e-06	1.77e-02	9.82e-01
 3.29216e+16	1.32e-06	1.94e-02	9.81e-01
 3.32607e+16	1.50e-06	2.11e-02	9.79e-01
 3.36385e+16	1.73e-06	2.33e-02	9.77e-01
 3.40411e+16	2.07e-06	2.61e-02	9.74e-01
 3.43775e+16	2.37e-06	2.88e-02	9.71e-01
 3.46638e+16	2.77e-06	3.17e-02	9.68e-01
 3.49387e+16	3.15e-06	3.48e-02	9.65e-01
 3.52510e+16	3.66e-06	3.92e-02	9.61e-01
 3.55768e+16	4.39e-06	4.47e-02	9.55e-01
 3.58384e+16	5.33e-06	5.02e-02	9.50e-01
 3.60422e+16	6.08e-06	5.54e-02	9.45e-01
 3.62526e+16	6.94e-06	6.18e-02	9.38e-01
 3.65262e+16	8.82e-06	7.22e-02	9.28e-01
 3.67777e+16	1.08e-05	8.42e-02	9.16e-01
 3.69403e+16	1.26e-05	9.41e-02	9.06e-01
 3.70710e+16	1.42e-05	1.03e-01	8.97e-01
 3.72204e+16	1.66e-05	1.16e-01	8.84e-01
 3.73835e+16	1.99e-05	1.33e-01	8.67e-01
 3.75253e+16	2.33e-05	1.51e-01	8.49e-01
 3.76448e+16	2.74e-05	1.69e-01	8.31e-01
 3.77533e+16	3.14e-05	1.88e-01	8.12e-01
 3.78732e+16	3.75e-05	2.14e-01	7.86e-01
 3.79960e+16	4.48e-05	2.45e-01	7.55e-01
 3.80939e+16	5.15e-05	2.74e-01	7.26e-01
 3.81794e+16	5.94e-05	3.03e-01	6.97e-01
 3.82493e+16	6.61e-05	3.29e-01	6.71e-01
 3.83118e+16	7.30e-05	3.55e-01	6.45e-01
 3.83932e+16	8.38e-05	3.91e-01	6.08e-01
 3.84705e+16	9.45e-05	4.28e-01	5.71e-01
 3.85284e+16	1.04e-04	4.58e-01	5.42e-01
 3.85894e+16	1.14e-04	4.92e-01	5.08e-01
 3.86687e+16	1.29e-04	5.37e-01	4.63e-01
 3.87504e+16	1.45e-04	5.83e-01	4.17e-01
 3.88192e+16	1.59e-04	6.22e-01	3.78e-01
 3.88926e+16	1.75e-04	6.63e-01	3.37e-01
 3.89880e+16	1.96e-04	7.14e-01	2.86e-01
 3.90901e+16	2.17e-04	7.62e-01	2.38e-01
 3.91843e+16	2.36e-04	8.01e-01	1.99e-01
 3.92904e+16	2.56e-04	8.39e-01	1.61e-01
 3.94283e+16	2.80e-04	8.78e-01	1.22e-01
 3.96076e+16	3.05e-04	9.15e-01	8.48e-02
 3.98407e+16	3.32e-04	9.46e-01	5.42e-02
 4.01437e+16	3.59e-04	9.68e-01	3.16e-02
 4.05377e+16	3.88e-04	9.83e-01	1.70e-02
 4.09673e+16	4.17e-04	9.90e-01	9.56e-03
 4.13646e+16	4.45e-04	9.94e-01	5.98e-03
 4.18023e+16	4.78e-04	9.96e-01	3.74e-03
 4.22685e+16	5.19e-04	9.97e-01	2.42e-03
 4.26545e+16	5.60e-04	9.98e-01	1.75e-03
 4.29646e+16	5.98e-04	9.98e-01	1.37e-03
 4.32933e+16	6.43e-04	9.98e-01	1.06e-03
 4.36500e+16	7.02e-04	9.98e-01	8.16e-04
 4.38971e+16	7.51e-04	9.99e-01	6.99e-04
 4.40199e+16	7.79e-04	9.99e-01	6.47e-04
 4.41270e+16	8.04e-04	9.99e-01	6.01e-04
 4.42663e+16	8.39e-04	9.99e-01	5.46e-04
 4.44474e+16	8.90e-04	9.99e-01	4.83e-04
 4.46333e+16	9.45e-04	9.99e-01	4.32e-04
 4.47785e+16	9.97e-04	9.99e-01	3.95e-04
 4.48966e+16	1.04e-03	9.99e-01	3.68e-04
 4.50269e+16	1.10e-03	9.99e-01	3.39e-04
 4.51586e+16	1.16e-03	9.99e-01	3.14e-04
 4.52587e+16	1.21e-03	9.98e-01	2.97e-04
 4.53407e+16	1.26e-03	9.98e-01	2.83e-04
 4.54326e+16	1.31e-03	9.98e-01	2.68e-04
 4.55354e+16	1.38e-03	9.98e-01	2.52e-04
 4.56298e+16	1.44e-03	9.98e-01	2.39e-04
 4.57116e+16	1.51e-03	9.98e-01	2.28e-04
 4.57996e+16	1.58e-03	9.98e-01	2.17e-04
 4.58947e+16	1.67e-03	9.98e-01	2.06e-04
 4.59764e+16	1.75e-03	9.98e-01	1.97e-04
 4.60451e+16	1.83e-03	9.98e-01	1.89e-04
 4.61196e+16	1.92e-03	9.98e-01	1.81e-04
 4.62020e+16	2.03e-03	9.98e-01	1.73e-04
 4.62753e+16	2.13e-03	9.98e-01	1.67e-04
 4.63374e+16	2.23e-03	9.98e-01	1.61e-04
 4.64045e+16	2.34e-03	9.97e-01	1.55e-04
 4.64779e+16	2.48e-03	9.97e-01	1.49e-04
 4.65423e+16	2.62e-03	9.97e-01	1.44e-04
 4.65980e+16	2.75e-03	9.97e-01	1.40e-04
 4.66594e+16	2.90e-03	9.97e-01	1.36e-04
 4.67261e+16	3.09e-03	9.97e-01	1.31e-04
 4.67844e+16	3.27e-03	9.97e-01	1.27e-04
 4.68350e+16	3.44e-03	9.96e-01	1.24e-04
 4.68909e+16	3.66e-03	9.96e-01	1.20e-04
 4.69522e+16	3.92e-03	9.96e-01	1.16e-04
 4.70071e+16	4.19e-03	9.96e-01	1.13e-04
 4.70558e+16	4.45e-03	9.95e-01	1.10e-04
 4.71098e+16	4.78e-03	9.95e-01	1.07e-04
 4.71698e+16	5.19e-03	9.95e-01	1.04e-04
 4.72248e+16	5.65e-03	9.94e-01	1.01e-04
 4.72749e+16	6.11e-03	9.94e-01	9.88e-05
 4.73311e+16	6.72e-03	9.93e-01	9.59e-05
 4.73892e+16	7.49e-03	9.92e-01	9.33e-05
 4.74349e+16	8.23e-03	9.92e-01	9.12e-05
 4.74714e+16	8.89e-03	9.91e-01	8.99e-05
 4.75108e+16	9.73e-03	9.90e-01	8.81e-05
 4.75543e+16	1.08e-02	9.89e-01	8.63e-05
 4.75925e+16	1.20e-02	9.88e-01	8.50e-05
 4.76240e+16	1.31e-02	9.87e-01	8.43e-05
 4.76575e+16	1.45e-02	9.85e-01	8.33e-05
 4.76940e+16	1.63e-02	9.84e-01	8.24e-05
 4.77254e+16	1.83e-02	9.82e-01	8.17e-05
 4.77511e+16	2.01e-02	9.80e-01	8.13e-05
 4.77784e+16	2.25e-02	9.77e-01	8.08e-05
 4.78078e+16	2.55e-02	9.74e-01	8.08e-05
 4.78329e+16	2.87e-02	9.71e-01	8.08e-05
 4.78536e+16	3.17e-02	9.68e-01	8.14e-05
 4.78757e+16	3.56e-02	9.64e-01	8.17e-05
 4.78991e+16	4.04e-02	9.60e-01	8.27e-05
 4.79186e+16	4.54e-02	9.55e-01	8.34e-05
 4.79348e+16	5.00e-02	9.50e-01	8.48e-05
 4.79518e+16	5.58e-02	9.44e-01	8.58e-05
 4.79698e+16	6.28e-02	9.37e-01	8.77e-05
 4.79858e+16	7.03e-02	9.30e-01	8.94e-05
 4.79999e+16	7.76e-02	9.22e-01	9.16e-05
 4.80128e+16	8.56e-02	9.14e-01	9.33e-05
 4.80256e+16	9.42e-02	9.06e-01	9.58e-05
 4.80378e+16	1.04e-01	8.96e-01	9.78e-05
 4.80490e+16	1.13e-01	8.86e-01	1.01e-04
 4.80574e+16	1.21e-01	8.78e-01	1.02e-04
 4.80627e+16	1.27e-01	8.73e-01	1.04e-04
 4.80675e+16	1.32e-01	8.68e-01	1.05e-04
 4.80731e+16	1.39e-01	8.61e-01	1.06e-04
 4.80792e+16	1.46e-01	8.54e-01	1.08e-04
 4.80851e+16	1.54e-01	8.46e-01	1.09e-04
 4.80906e+16	1.61e-01	8.39e-01	1.11e-04
 4.80960e+16	1.69e-01	8.31e-01	1.12e-04
 4.81014e+16	1.77e-01	8.23e-01	1.14e-04
 4.81068e+16	1.86e-01	8.14e-01	1.16e-04
 4.81122e+16	1.95e-01	8.05e-01	1.17e-04
 4.81174e+16	2.05e-01	7.95e-01	1.19e-04
 4.81225e+16	2.14e-01	7.86e-01	1.21e-04
 4.81277e+16	2.24e-01	7.75e-01	1.22e-04
 4.81327e+16	2.35e-01	7.65e-01	1.24e-04
 4.81377e+16	2.46e-01	7.54e-01	1.26e-04
 4.81427e+16	2.57e-01	7.43e-01	1.28e-04
 4.81475e+16	2.69e-01	7.31e-01	1.29e-04
 4.81524e+16	2.81e-01	7.19e-01	1.31e-04
 4.81571e+16	2.93e-01	7.06e-01	1.32e-04
 4.81618e+16	3.06e-01	6.94e-01	1.34e-04
 4.81664e+16	3.19e-01	6.81e-01	1.36e-04
 4.81710e+16	3.32e-01	6.67e-01	1.37e-04
 4.81755e+16	3.46e-01	6.53e-01	1.38e-04
 4.81799e+16	3.60e-01	6.40e-01	1.40e-04
 4.81843e+16	3.74e-01	6.26e-01	1.41e-04
 4.81887e+16	3.89e-01	6.11e-01	1.42e-04
 4.81929e+16	4.03e-01	5.96e-01	1.43e-04
 4.81970e+16	4.18e-01	5.82e-01	1.44e-04
 4.82012e+16	4.33e-01	5.67e-01	1.45e-04
 4.82053e+16	4.48e-01	5.52e-01	1.46e-04
 4.82093e+16	4.63e-01	5.37e-01	1.47e-04
 4.82132e+16	4.77e-01	5.23e-01	1.48e-04
 4.82170e+16	4.92e-01	5.08e-01	1.48e-04
 4.82208e+16	5.07e-01	4.93e-01	1.49e-04
 4.82245e+16	5.21e-01	4.79e-01	1.49e-04
 4.82281e+16	5.35e-01	4.64e-01	1.49e-04
 4.82316e+16	5.49e-01	4.50e-01	1.49e-04
 4.82350e+16	5.63e-01	4.36e-01	1.49e-04
 4.82384e+16	5.77e-01	4.23e-01	1.49e-04
 4.82418e+16	5.90e-01	4.10e-01	1.49e-04
 4.82450e+16	6.03e-01	3.97e-01	1.49e-04
 4.82482e+16	6.16e-01	3.84e-01	1.48e-04
 4.82513e+16	6.28e-01	3.72e-01	1.48e-04
 4.82544e+16	6.40e-01	3.60e-01	1.47e-04
 4.82574e+16	6.52e-01	3.48e-01	1.47e-04
 4.82603e+16	6.63e-01	3.37e-01	1.46e-04
 4.82632e+16	6.74e-01	3.26e-01	1.45e-04
 4.82660e+16	6.85e-01	3.15e-01	1.44e-04
 4.82689e+16	6.96e-01	3.04e-01	1.43e-04
 4.82716e+16	7.06e-01	2.94e-01	1.42e-04
 4.82744e+16	7.16e-01	2.84e-01	1.41e-04
 4.82770e+16	7.26e-01	2.74e-01	1.40e-04
 4.82797e+16	7.35e-01	2.65e-01	1.39e-04
 4.82823e+16	7.44e-01	2.56e-01	1.38e-04
 4.82848e+16	7.53e-01	2.47e-01	1.37e-04
 4.82874e+16	7.61e-01	2.39e-01	1.35e-04
 4.82899e+16	7.70e-01	2.30e-01	1.34e-04
 4.82920e+16	7.76e-01	2.24e-01	1.33e-04
 4.82935e+16	7.81e-01	2.19e-01	1.31e-04
 4.82949e+16	7.86e-01	2.14e-01	1.30e-04
 4.82964e+16	7.90e-01	2.09e-01	1.29e-04
 4.82980e+16	7.95e-01	2.05e-01	1.28e-04
 4.82995e+16	8.00e-01	2.00e-01	1.27e-04
 4.83010e+16	8.04e-01	1.95e-01	1.26e-04
 4.83025e+16	8.09e-01	1.91e-01	1.25e-04
 4.83039e+16	8.13e-01	1.87e-01	1.24e-04
 4.83053e+16	8.17e-01	1.83e-01	1.23e-04
 4.83067e+16	8.21e-01	1.79e-01	1.21e-04
 4.83082e+16	8.25e-01	1.75e-01	1.20e-04
 4.83096e+16	8.29e-01	1.71e-01	1.19e-04
 4.83111e+16	8.33e-01	1.67e-01	1.18e-04
 4.83126e+16	8.37e-01	1.63e-01	1.17e-04
 4.83142e+16	8.41e-01	1.59e-01	1.15e-04
 4.83158e+16	8.45e-01	1.54e-01	1.14e-04
 4.83176e+16	8.50e-01	1.50e-01	1.12e-04
 4.83197e+16	8.55e-01	1.45e-01	1.11e-04
 4.83219e+16	8.61e-01	1.39e-01	1.09e-04
 4.83240e+16	8.66e-01	1.34e-01	1.07e-04
 4.83261e+16	8.70e-01	1.30e-01	1.05e-04
 4.83281e+16	8.75e-01	1.25e-01	1.03e-04
 4.83299e+16	8.79e-01	1.21e-01	1.01e-04
 4.83318e+16	8.83e-01	1.17e-01	9.86e-05
 4.83336e+16	8.87e-01	1.13e-01	9.66e-05
 4.83352e+16	8.90e-01	1.10e-01	9.47e-05
 4.83367e+16	8.93e-01	1.07e-01	9.29e-05
 4.83381e+16	8.96e-01	1.04e-01	9.12e-05
 4.83394e+16	8.99e-01	1.01e-01	8.96e-05
 4.83405e+16	9.01e-01	9.90e-02	8.82e-05
 4.83416e+16	9.03e-01	9.70e-02	8.68e-05
 4.83425e+16	9.05e-01	9.51e-02	8.55e-05
 4.83434e+16	9.06e-01	9.34e-02	8.43e-05
 4.83443e+16	9.08e-01	9.16e-02	8.30e-05
 4.83453e+16	9.10e-01	8.97e-02	8.17e-05
 4.83463e+16	9.12e-01	8.80e-02	8.05e-05
 4.83471e+16	9.13e-01	8.65e-02	7.93e-05
 4.83479e+16	9.15e-01	8.50e-02	7.81e-05
 4.83486e+16	9.16e-01	8.37e-02	7.72e-05
 4.83493e+16	9.18e-01	8.23e-02	7.61e-05
 4.83502e+16	9.19e-01	8.09e-02	7.49e-05
 4.83509e+16	9.20e-01	7.96e-02	7.39e-05
 4.83516e+16	9.22e-01	7.83e-02	7.27e-05
 4.83522e+16	9.23e-01	7.72e-02	7.19e-05
 4.83529e+16	9.24e-01	7.60e-02	7.09e-05
 4.83536e+16	9.25e-01	7.47e-02	6.98e-05
 4.83543e+16	9.26e-01	7.36e-02	6.88e-05
 4.83549e+16	9.27e-01	7.25e-02	6.77e-05
 4.83555e+16	9.28e-01	7.15e-02	6.69e-05
 4.83561e+16	9.29e-01	7.05e-02	6.61e-05
 4.83567e+16	9.31e-01	6.94e-02	6.51e-05
 4.83573e+16	9.32e-01	6.84e-02	6.41e-05
 4.83579e+16	9.33e-01	6.74e-02	6.32e-05
 4.83584e+16	9.33e-01	6.66e-02	6.24e-05
 4.83589e+16	9.34e-01	6.57e-02	6.16e-05
 4.83595e+16	9.35e-01	6.47e-02	6.07e-05
 4.83601e+16	9.36e-01	6.38e-02	5.98e-05
 4.83606e+16	9.37e-01	6.29e-02	5.89e-05
 4.83611e+16	9.38e-01	6.21e-02	5.82e-05
 4.83616e+16	9.39e-01	6.12e-02	5.73e-05
 4.83622e+16	9.40e-01	6.03e-02	5.65e-05
 4.83628e+16	9.40e-01	5.95e-02	5.57e-05
 4.83633e+16	9.41e-01	5.87e-02	5.49e-05
 4.83637e+16	9.42e-01	5.79e-02	5.41e-05
 4.83642e+16	9.43e-01	5.72e-02	5.35e-05
 4.83648e+16	9.44e-01	5.63e-02	5.26e-05
 4.83654e+16	9.45e-01	5.54e-02	5.18e-05
 4.83659e+16	9.45e-01	5.46e-02	5.10e-05
 4.83664e+16	9.46e-01	5.39e-02	5.02e-05
 4.83669e+16	9.47e-01	5.32e-02	4.96e-05
 4.83674e+16	9.47e-01	5.25e-02	4.89e-05
 4.83680e+16	9.48e-01	5.17e-02	4.81e-05
 4.83686e+16	9.49e-01	5.08e-02	4.73e-05
 4.83691e+16	9.50e-01	5.01e-02	4.66e-05
 4.83696e+16	9.51e-01	4.94e-02	4.59e-05
 4.83701e+16	9.51e-01	4.87e-02	4.52e-05
 4.83706e+16	9.52e-01	4.80e-02	4.46e-05
 4.83712e+16	9.53e-01	4.73e-02	4.39e-05
 4.83718e+16	9.53e-01	4.66e-02	4.33e-05
 4.83723e+16	9.54e-01	4.60e-02	4.26e-05
 4.83729e+16	9.55e-01	4.53e-02	4.20e-05
 4.83736e+16	9.56e-01	4.44e-02	4.12e-05
 4.83744e+16	9.56e-01	4.35e-02	4.04e-05
 4.83751e+16	9.57e-01	4.27e-02	3.97e-05
 4.83757e+16	9.58e-01	4.20e-02	3.90e-05
 4.83763e+16	9.59e-01	4.14e-02	3.84e-05
 4.83768e+16	9.59e-01	4.08e-02	3.78e-05
 4.83774e+16	9.60e-01	4.02e-02	3.73e-05
 4.83781e+16	9.60e-01	3.95e-02	3.67e-05
 4.83786e+16	9.61e-01	3.89e-02	3.61e-05
 4.83792e+16	9.62e-01	3.84e-02	3.56e-05
 4.83797e+16	9.62e-01	3.78e-02	3.51e-05
 4.83805e+16	9.63e-01	3.71e-02	3.44e-05
 4.83813e+16	9.64e-01	3.64e-02	3.37e-05
 4.83820e+16	9.64e-01	3.57e-02	3.31e-05
 4.83827e+16	9.65e-01	3.51e-02	3.26e-05
 4.83833e+16	9.65e-01	3.46e-02	3.21e-05
 4.83840e+16	9.66e-01	3.40e-02	3.16e-05
 4.83847e+16	9.67e-01	3.34e-02	3.10e-05
 4.83853e+16	9.67e-01	3.28e-02	3.05e-05
 4.83861e+16	9.68e-01	3.23e-02	3.00e-05
 4.83868e+16	9.68e-01	3.17e-02	2.95e-05
 4.83875e+16	9.69e-01	3.11e-02	2.90e-05
 4.83882e+16	9.69e-01	3.06e-02	2.85e-05
 4.83889e+16	9.70e-01	3.01e-02	2.81e-05
 4.83896e+16	9.70e-01	2.96e-02	2.76e-05
 4.83903e+16	9.71e-01	2.91e-02	2.71e-05
 4.83911e+16	9.71e-01	2.86e-02	2.67e-05
 4.83919e+16	9.72e-01	2.80e-02	2.62e-05
 4.83926e+16	9.72e-01	2.76e-02	2.57e-05
 4.83935e+16	9.73e-01	2.70e-02	2.53e-05
 4.83943e+16	9.73e-01	2.65e-02	2.48e-05
 4.83951e+16	9.74e-01	2.60e-02	2.44e-05
 4.83960e+16	9.74e-01	2.55e-02	2.39e-05
 4.83970e+16	9.75e-01	2.50e-02	2.35e-05
 4.83978e+16	9.75e-01	2.45e-02	2.31e-05
 4.83988e+16	9.76e-01	2.40e-02	2.26e-05
 4.83998e+16	9.77e-01	2.35e-02	2.21e-05
 4.84007e+16	9.77e-01	2.30e-02	2.17e-05
 4.84017e+16	9.77e-01	2.25e-02	2.12e-05
 4.84028e+16	9.78e-01	2.20e-02	2.08e-05
 4.84038e+16	9.78e-01	2.16e-02	2.04e-05
 4.84049e+16	9.79e-01	2.10e-02	2.00e-05
 4.84061e+16	9.79e-01	2.06e-02	1.95e-05
 4.84072e+16	9.80e-01	2.01e-02	1.91e-05
 4.84083e+16	9.80e-01	1.96e-02	1.87e-05
 4.84096e+16	9.81e-01	1.92e-02	1.83e-05
 4.84108e+16	9.81e-01	1.88e-02	1.79e-05
 4.84120e+16	9.82e-01	1.83e-02	1.75e-05
 4.84134e+16	9.82e-01	1.78e-02	1.71e-05
 4.84146e+16	9.83e-01	1.74e-02	1.67e-05
 4.84160e+16	9.83e-01	1.70e-02	1.63e-05
 4.84175e+16	9.83e-01	1.66e-02	1.59e-05
 4.84188e+16	9.84e-01	1.62e-02	1.56e-05
 4.84203e+16	9.84e-01	1.58e-02	1.52e-05
 4.84219e+16	9.85e-01	1.54e-02	1.49e-05
 4.84233e+16	9.85e-01	1.50e-02	1.45e-05
 4.84249e+16	9.85e-01	1.46e-02	1.42e-05
 4.84266e+16	9.86e-01	1.42e-02	1.38e-05
 4.84282e+16	9.86e-01	1.39e-02	1.35e-05
 4.84299e+16	9.86e-01	1.35e-02	1.32e-05
 4.84317e+16	9.87e-01	1.32e-02	1.29e-05
 4.84337e+16	9.87e-01	1.28e-02	1.25e-05
 4.84359e+16	9.88e-01	1.25e-02	1.22e-05
 4.84379e+16	9.88e-01	1.21e-02	1.19e-05
 4.84400e+16	9.88e-01	1.18e-02	1.16e-05
 4.84424e+16	9.89e-01	1.15e-02	1.13e-05
 4.84449e+16	9.89e-01	1.11e-02	1.09e-05
 4.84477e+16	9.89e-01	1.08e-02	1.06e-05
 4.84502e+16	9.89e-01	1.05e-02	1.04e-05
 4.84530e+16	9.90e-01	1.02e-02	1.01e-05
 4.84566e+16	9.90e-01	9.89e-03	9.77e-06
 4.84612e+16	9.90e-01	9.50e-03	9.40e-06
 4.84667e+16	9.91e-01	9.13e-03	9.05e-06
 4.84726e+16	9.91e-01	8.77e-03	8.71e-06
 4.84793e+16	9.92e-01	8.44e-03	8.37e-06
 4.84874e+16	9.92e-01	8.11e-03	8.04e-06
 4.84968e+16	9.92e-01	7.82e-03	7.74e-06
 4.85068e+16	9.92e-01	7.58e-03	7.49e-06
 4.85168e+16	9.93e-01	7.40e-03	7.30e-06
 4.85268e+16	9.93e-01	7.26e-03	7.13e-06
 4.85383e+16	9.93e-01	7.12e-03	6.97e-06
 4.85533e+16	9.93e-01	6.99e-03	6.80e-06
 4.85727e+16	9.93e-01	6.86e-03	6.64e-06
 4.85980e+16	9.93e-01	6.72e-03	6.43e-06
 4.86308e+16	9.93e-01	6.59e-03	6.24e-06
 4.86736e+16	9.94e-01	6.44e-03	6.00e-06
 4.87291e+16	9.94e-01	6.26e-03	5.70e-06
 4.88013e+16	9.94e-01	6.04e-03	5.34e-06
 4.88951e+16	9.94e-01	5.77e-03	4.92e-06
 4.90062e+16	9.95e-01	5.49e-03	4.49e-06
 4.91220e+16	9.95e-01	5.23e-03	4.09e-06
 4.92378e+16	9.95e-01	4.98e-03	3.73e-06
 4.93561e+16	9.95e-01	4.74e-03	3.40e-06
 4.94787e+16	9.95e-01	4.52e-03	3.09e-06
 4.96050e+16	9.96e-01	4.30e-03	2.80e-06
 4.97340e+16	9.96e-01	4.09e-03	2.54e-06
 4.98660e+16	9.96e-01	3.89e-03	2.31e-06
 4.99992e+16	9.96e-01	3.71e-03	2.09e-06
 5.01351e+16	9.96e-01	3.52e-03	1.90e-06
 5.02765e+16	9.97e-01	3.35e-03	1.71e-06
 5.04218e+16	9.97e-01	3.18e-03	1.55e-06
 5.05699e+16	9.97e-01	3.02e-03	1.39e-06
 5.07209e+16	9.97e-01	2.87e-03	1.26e-06
 5.08752e+16	9.97e-01	2.72e-03	1.13e-06
 5.10334e+16	9.97e-01	2.58e-03	1.01e-06
 5.11951e+16	9.98e-01	2.45e-03	9.11e-07
 5.13600e+16	9.98e-01	2.32e-03	8.17e-07
 5.15287e+16	9.98e-01	2.19e-03	7.31e-07
 5.17014e+16	9.98e-01	2.08e-03	6.54e-07
 5.18780e+16	9.98e-01	1.97e-03	5.84e-07
 5.20585e+16	9.98e-01	1.86e-03	5.21e-07
 5.22434e+16	9.98e-01	1.76e-03	4.64e-07
 5.24329e+16	9.98e-01	1.66e-03	4.12e-07
 5.26272e+16	9.98e-01	1.57e-03	3.66e-07
 5.28263e+16	9.99e-01	1.48e-03	3.24e-07
 5.30305e+16	9.99e-01	1.39e-03	2.86e-07
 5.32403e+16	9.99e-01	1.31e-03	2.53e-07
 5.34558e+16	9.99e-01	1.23e-03	2.22e-07
 5.36773e+16	9.99e-01	1.16e-03	1.95e-07
 5.39056e+16	9.99e-01	1.09e-03	1.71e-07
 5.41409e+16	9.99e-01	1.02e-03	1.49e-07
 5.43834e+16	9.99e-01	9.56e-04	1.30e-07
 5.46338e+16	9.99e-01	8.95e-04	1.13e-07
 5.48879e+16	9.99e-01	8.38e-04	9.83e-08
 5.51504e+16	9.99e-01	7.83e-04	8.49e-08
 5.54285e+16	9.99e-01	7.29e-04	7.29e-08
 5.57187e+16	9.99e-01	6.77e-04	6.22e-08
 5.60203e+16	9.99e-01	6.28e-04	5.29e-08
 5.63342e+16	9.99e-01	5.82e-04	4.47e-08
 5.66619e+16	9.99e-01	5.37e-04	3.75e-08
 5.70075e+16	1.00e+00	4.94e-04	3.13e-08
 5.73695e+16	1.00e+00	4.52e-04	2.58e-08
 5.77510e+16	1.00e+00	4.13e-04	2.12e-08
 5.81573e+16	1.00e+00	3.75e-04	1.71e-08
 5.85878e+16	1.00e+00	3.37e-04	1.37e-08
 5.90457e+16	1.00e+00	3.02e-04	1.08e-08
 5.95375e+16	1.00e+00	2.68e-04	8.33e-09
 6.00716e+16	1.00e+00	2.34e-04	6.30e-09
 6.06554e+16	1.00e+00	2.02e-04	4.64e-09
 6.12892e+16	1.00e+00	1.72e-04	3.31e-09
 6.20059e+16	1.00e+00	1.42e-04	2.25e-09
 6.28723e+16	1.00e+00	1.12e-04	1.41e-09
 6.38837e+16	1.00e+00	8.64e-05	8.35e-10
 6.49560e+16	1.00e+00	6.55e-05	4.82e-10
 6.60947e+16	1.00e+00	4.88e-05	2.69e-10
 6.74109e+16	1.00e+00	3.49e-05	1.39e-10
 6.88802e+16	1.00e+00	2.43e-05	6.76e-11
 7.04087e+16	1.00e+00	1.68e-05	3.27e-11
 7.19673e+16	1.00e+00	1.16e-05	1.59e-11
 7.35334e+16	1.00e+00	8.13e-06	7.83e-12
 7.50996e+16	1.00e+00	5.72e-06	3.93e-12
 7.66657e+16	1.00e+00	4.06e-06	2.00e-12
 7.82318e+16	1.00e+00	2.90e-06	1.03e-12
 7.97979e+16	1.00e+00	2.09e-06	5.42e-13
 8.13640e+16	1.00e+00	1.51e-06	2.88e-13
 8.29301e+16	1.00e+00	1.10e-06	1.55e-13
 8.44963e+16	1.00e+00	8.06e-07	8.44e-14
 8.60624e+16	1.00e+00	5.95e-07	4.67e-14
 8.76285e+16	1.00e+00	4.41e-07	2.61e-14
 8.94295e+16	1.00e+00	3.13e-07	1.33e-14
 9.14961e+16	1.00e+00	2.15e-07	6.41e-15
 9.35934e+16	1.00e+00	1.48e-07	3.11e-15
 9.56908e+16	1.00e+00	1.02e-07	1.53e-15
 9.77880e+16	1.00e+00	7.22e-08	7.74e-16
 1.00072e+17	1.00e+00	4.94e-08	3.70e-16
 1.02543e+17	1.00e+00	3.33e-08	1.72e-16
 1.05014e+17	1.00e+00	2.28e-08	8.24e-17
 1.07603e+17	1.00e+00	1.54e-08	3.85e-17
 1.10351e+17	1.00e+00	1.04e-08	1.78e-17
 1.13166e+17	1.00e+00	7.02e-09	8.23e-18
 1.16008e+17	1.00e+00	4.77e-09	3.87e-18
 1.18850e+17	1.00e+00	3.28e-09	1.86e-18
 1.21692e+17	1.00e+00	2.28e-09	9.11e-19
 1.24533e+17	1.00e+00	1.60e-09	4.55e-19
 1.27375e+17	1.00e+00	1.13e-09	2.31e-19
 1.30217e+17	1.00e+00	8.12e-10	1.20e-19
 1.33060e+17	1.00e+00	5.86e-10	6.29e-20
 1.35904e+17	1.00e+00	4.26e-10	3.36e-20
 1.38747e+17	1.00e+00	3.13e-10	1.82e-20
 1.41590e+17	1.00e+00	2.31e-10	9.99e-21
 1.44433e+17	1.00e+00	1.72e-10	0.00e+00
 1.47275e+17	1.00e+00	1.29e-10	0.00e+00
 1.50118e+17	1.00e+00	9.71e-11	0.00e+00
 1.52961e+17	1.00e+00	7.39e-11	0.00e+00
 1.56229e+17	1.00e+00	5.39e-11	0.00e+00
 1.60040e+17	1.00e+00	3.80e-11	0.00e+00
 1.63969e+17	1.00e+00	2.69e-11	0.00e+00
 1.68072e+17	1.00e+00	1.90e-11	0.00e+00
 1.72412e+17	1.00e+00	1.35e-11	0.00e+00
 1.76857e+17	1.00e+00	9.64e-12	0.00e+00
 1.81387e+17	1.00e+00	7.04e-12	0.00e+00
 1.86004e+17	1.00e+00	5.26e-12	0.00e+00
 1.90665e+17	1.00e+00	4.05e-12	0.00e+00
 1.95326e+17	1.00e+00	3.23e-12	0.00e+00
 2.00170e+17	1.00e+00	2.65e-12	0.00e+00
 2.05272e+17	1.00e+00	2.21e-12	0.00e+00
 2.10497e+17	1.00e+00	1.90e-12	0.00e+00
 2.15848e+17	1.00e+00	1.69e-12	0.00e+00
 2.21327e+17	1.00e+00	1.54e-12	0.00e+00
 2.26860e+17	1.00e+00	1.43e-12	0.00e+00
 2.32951e+17	1.00e+00	1.36e-12	0.00e+00
 2.39885e+17	1.00e+00	1.21e-12	0.00e+00
 2.47031e+17	1.00e+00	1.10e-12	0.00e+00
 2.54023e+17	1.00e+00	1.07e-12	0.00e+00
 2.60957e+17	1.00e+00	1.07e-12	0.00e+00
 2.67947e+17	1.00e+00	1.06e-12	0.00e+00
 2.74962e+17	1.00e+00	1.04e-12	0.00e+00
 2.81927e+17	1.00e+00	1.04e-12	0.00e+00
 2.88806e+17	1.00e+00	1.04e-12	0.00e+00
 2.95555e+17	1.00e+00	1.05e-12	0.00e+00
 3.02141e+17	1.00e+00	1.06e-12	0.00e+00
 3.08557e+17	1.00e+00	1.07e-12	0.00e+00
 3.14767e+17	1.00e+00	1.09e-12	0.00e+00
 3.20743e+17	1.00e+00	1.11e-12	0.00e+00
 3.26465e+17	1.00e+00	1.14e-12	0.00e+00
 3.31926e+17	1.00e+00	1.16e-12	0.00e+00
 3.37123e+17	1.00e+00	1.19e-12	0.00e+00
 3.42057e+17	1.00e+00	1.22e-12	0.00e+00
 3.46728e+17	1.00e+00	1.25e-12	0.00e+00
 3.51143e+17	1.00e+00	1.28e-12	0.00e+00
 3.55311e+17	1.00e+00	1.31e-12	0.00e+00
 3.59242e+17	1.00e+00	1.34e-12	0.00e+00
 3.62949e+17	1.00e+00	1.37e-12	0.00e+00
 3.66444e+17	1.00e+00	1.40e-12	0.00e+00
 3.69739e+17	1.00e+00	1.42e-12	0.00e+00
 3.72841e+17	1.00e+00	1.45e-12	0.00e+00
 3.75757e+17	1.00e+00	1.47e-12	0.00e+00
 3.78505e+17	1.00e+00	1.50e-12	0.00e+00
 3.81100e+17	1.00e+00	1.52e-12	0.00e+00
 3.83554e+17	1.00e+00	1.54e-12	0.00e+00
 3.85876e+17	1.00e+00	1.56e-12	0.00e+00
 3.88068e+17	1.00e+00	1.57e-12	0.00e+00
 3.90136e+17	1.00e+00	1.59e-12	0.00e+00
 3.92091e+17	1.00e+00	1.61e-12	0.00e+00
 3.93941e+17	1.00e+00	1.62e-12	0.00e+00
 3.95695e+17	1.00e+00	1.64e-12	0.00e+00
 3.97358e+17	1.00e+00	1.65e-12	0.00e+00
 3.98933e+17	1.00e+00	1.66e-12	0.00e+00
 4.00425e+17	1.00e+00	1.67e-12	0.00e+00
 4.01840e+17	1.00e+00	1.68e-12	0.00e+00
 4.03184e+17	1.00e+00	1.69e-12	0.00e+00
 4.04460e+17	1.00e+00	1.70e-12	0.00e+00
 4.05673e+17	1.00e+00	1.71e-12	0.00e+00
 4.06826e+17	1.00e+00	1.72e-12	0.00e+00
 4.07923e+17	1.00e+00	1.73e-12	0.00e+00
 4.08966e+17	1.00e+00	1.74e-12	0.00e+00
 4.09960e+17	1.00e+00	1.74e-12	0.00e+00
 4.10908e+17	1.00e+00	1.75e-12	0.00e+00
 4.11812e+17	1.00e+00	1.76e-12	0.00e+00
 4.12675e+17	1.00e+00	1.76e-12	0.00e+00
 4.13499e+17	1.00e+00	1.77e-12	0.00e+00
 4.14287e+17	1.00e+00	1.78e-12	0.00e+00
 4.15041e+17	1.00e+00	1.78e-12	0.00e+00
 4.15763e+17	1.00e+00	1.79e-12	0.00e+00
 4.16457e+17	1.00e+00	1.79e-12	0.00e+00
 4.17122e+17	1.00e+00	1.79e-12	0.00e+00
 4.17762e+17	1.00e+00	1.80e-12	0.00e+00
 4.18378e+17	1.00e+00	1.80e-12	0.00e+00
 4.18972e+17	1.00e+00	1.81e-12	0.00e+00
 4.19547e+17	1.00e+00	1.81e-12	0.00e+00
 4.20103e+17	1.00e+00	1.81e-12	0.00e+00
 4.20642e+17	1.00e+00	1.81e-12	0.00e+00
 4.21166e+17	1.00e+00	1.82e-12	0.00e+00
 4.21678e+17	1.00e+00	1.82e-12	0.00e+00
 4.22178e+17	1.00e+00	1.82e-12	0.00e+00
 4.22668e+17	1.00e+00	1.82e-12	0.00e+00
 4.23151e+17	1.00e+00	1.83e-12	0.00e+00
 4.23629e+17	1.00e+00	1.83e-12	0.00e+00
 4.24102e+17	1.00e+00	1.83e-12	0.00e+00
 4.24575e+17	1.00e+00	1.83e-12	0.00e+00
 4.25050e+17	1.00e+00	1.83e-12	0.00e+00
 4.25528e+17	1.00e+00	1.83e-12	0.00e+00
 4.26015e+17	1.00e+00	1.83e-12	0.00e+00
 4.26514e+17	1.00e+00	1.84e-12	0.00e+00
 4.27030e+17	1.00e+00	1.84e-12	0.00e+00
 4.27568e+17	1.00e+00	1.83e-12	0.00e+00
 4.28137e+17	1.00e+00	1.83e-12	0.00e+00
 4.28745e+17	1.00e+00	1.83e-12	0.00e+00
 4.29406e+17	1.00e+00	1.83e-12	0.00e+00
 4.30135e+17	1.00e+00	1.83e-12	0.00e+00
 4.30955e+17	1.00e+00	1.82e-12	0.00e+00
 4.31897e+17	1.00e+00	1.81e-12	0.00e+00
 4.33006e+17	1.00e+00	1.80e-12	0.00e+00
 4.34347e+17	1.00e+00	1.78e-12	0.00e+00
 4.36017e+17	1.00e+00	1.75e-12	0.00e+00
 4.38159e+17	1.00e+00	1.70e-12	0.00e+00
 4.40944e+17	1.00e+00	1.63e-12	0.00e+00
 4.44564e+17	1.00e+00	1.52e-12	0.00e+00
 4.49270e+17	1.00e+00	1.38e-12	0.00e+00
 4.55388e+17	1.00e+00	1.20e-12	0.00e+00
 4.63342e+17	1.00e+00	9.89e-13	0.00e+00
 4.73682e+17	1.00e+00	7.61e-13	0.00e+00
 4.87124e+17	1.00e+00	5.32e-13	0.00e+00
 5.04598e+17	1.00e+00	3.26e-13	0.00e+00
 5.24764e+17	1.00e+00	1.68e-13	0.00e+00
 5.45755e+17	1.00e+00	1.43e-13	0.00e+00
 5.67585e+17	1.00e+00	1.23e-13	0.00e+00
 5.90288e+17	1.00e+00	1.05e-13	0.00e+00
 6.13900e+17	1.00e+00	8.87e-14	0.00e+00
 6.38456e+17	1.00e+00	7.42e-14	0.00e+00
 6.63994e+17	1.00e+00	6.13e-14	0.00e+00
 6.90554e+17	1.00e+00	4.99e-14	0.00e+00
 7.18176e+17	1.00e+00	4.01e-14	0.00e+00
 7.45246e+17	1.00e+00	3.17e-14	0.00e+00
 7.71142e+17	1.00e+00	4.05e-14	0.00e+00
 7.95189e+17	1.00e+00	3.81e-14	0.00e+00
 8.17349e+17	1.00e+00	5.80e-14	0.00e+00
 8.37657e+17	1.00e+00	5.45e-14	0.00e+00
 8.56139e+17	1.00e+00	7.90e-14	0.00e+00
 8.72895e+17	1.00e+00	7.28e-14	0.00e+00
 8.87786e+17	1.00e+00	9.82e-14	0.00e+00
 9.00950e+17	1.00e+00	9.30e-14	0.00e+00
 9.11397e+17	1.00e+00	1.15e-13	0.00e+00
 9.19046e+17	1.00e+00	1.34e-13	0.00e+00
 9.23775e+17	1.00e+00	1.63e-13	0.00e+00
 9.26445e+17	1.00e+00	1.87e-13	0.00e+00
 9.28007e+17	1.00e+00	2.02e-13	0.00e+00
 9.28944e+17	1.00e+00	2.10e-13	0.00e+00
 9.29532e+17	1.00e+00	2.15e-13	0.00e+00
 9.30024e+17	1.00e+00	2.18e-13	0.00e+00
 9.30569e+17	1.00e+00	2.21e-13	0.00e+00
 9.31188e+17	1.00e+00	2.23e-13	0.00e+00
 9.31797e+17	1.00e+00	2.24e-13	0.00e+00
 9.32316e+17	1.00e+00	2.26e-13	0.00e+00
 9.32767e+17	1.00e+00	2.26e-13	0.00e+00
 9.33173e+17	1.00e+00	2.27e-13	0.00e+00
 9.33562e+17	1.00e+00	2.27e-13	0.00e+00
 9.33952e+17	1.00e+00	2.27e-13	0.00e+00
 9.34339e+17	1.00e+00	2.27e-13	0.00e+00
 9.34707e+17	1.00e+00	2.27e-13	0.00e+00
 9.35026e+17	1.00e+00	2.27e-13	0.00e+00
 9.35290e+17	1.00e+00	2.27e-13	0.00e+00
 9.35556e+17	1.00e+00	2.26e-13	0.00e+00
 9.35863e+17	1.00e+00	2.26e-13	0.00e+00
 9.36174e+17	1.00e+00	2.25e-13	0.00e+00
 9.36445e+17	1.00e+00	2.25e-13	0.00e+00
 9.36680e+17	1.00e+00	2.24e-13	0.00e+00
 9.36907e+17	1.00e+00	2.24e-13	0.00e+00
 9.37146e+17	1.00e+00	2.23e-13	0.00e+00
 9.37395e+17	1.00e+00	2.22e-13	0.00e+00
 9.37632e+17	1.00e+00	2.22e-13	0.00e+00
 9.37844e+17	1.00e+00	2.21e-13	0.00e+00
 9.38040e+17	1.00e+00	2.20e-13	0.00e+00
 9.38236e+17	1.00e+00	2.20e-13	0.00e+00
 9.38453e+17	1.00e+00	2.19e-13	0.00e+00
 9.38688e+17	1.00e+00	2.18e-13	0.00e+00
 9.38901e+17	1.00e+00	2.17e-13	0.00e+00
 9.39087e+17	1.00e+00	2.17e-13	0.00e+00
 9.39277e+17	1.00e+00	2.16e-13	0.00e+00
 9.39486e+17	1.00e+00	2.15e-13	0.00e+00
 9.39696e+17	1.00e+00	2.14e-13	0.00e+00
 9.39896e+17	1.00e+00	2.13e-13	0.00e+00
 9.40091e+17	1.00e+00	2.12e-13	0.00e+00
 9.40293e+17	1.00e+00	2.11e-13	0.00e+00
 9.40503e+17	1.00e+00	2.10e-13	0.00e+00
 9.40717e+17	1.00e+00	2.09e-13	0.00e+00
 9.40935e+17	1.00e+00	2.08e-13	0.00e+00
 9.41152e+17	1.00e+00	2.07e-13	0.00e+00
 9.41367e+17	1.00e+00	2.06e-13	0.00e+00
 9.41589e+17	1.00e+00	2.04e-13	0.00e+00
 9.41824e+17	1.00e+00	2.03e-13	0.00e+00
 9.42065e+17	1.00e+00	2.02e-13	0.00e+00
 9.42304e+17	1.00e+00	2.00e-13	0.00e+00
 9.42535e+17	1.00e+00	1.99e-13	0.00e+00
 9.42778e+17	1.00e+00	1.98e-13	0.00e+00
 9.43055e+17	1.00e+00	1.96e-13	0.00e+00
 9.43336e+17	1.00e+00	1.94e-13	0.00e+00
 9.43584e+17	1.00e+00	1.92e-13	0.00e+00
 9.43834e+17	1.00e+00	1.91e-13	0.00e+00
 9.44121e+17	1.00e+00	1.89e-13	0.00e+00
 9.44440e+17	1.00e+00	1.87e-13	0.00e+00
 9.44762e+17	1.00e+00	1.85e-13	0.00e+00
 9.45058e+17	1.00e+00	1.83e-13	0.00e+00
 9.45343e+17	1.00e+00	1.81e-13	0.00e+00
 9.45656e+17	1.00e+00	1.79e-13	0.00e+00
 9.46013e+17	1.00e+00	1.77e-13	0.00e+00
 9.46387e+17	1.00e+00	1.74e-13	0.00e+00
 9.46739e+17	1.00e+00	1.72e-13	0.00e+00
 9.47075e+17	1.00e+00	1.70e-13	0.00e+00
 9.47429e+17	1.00e+00	1.67e-13	0.00e+00
 9.47813e+17	1.00e+00	1.65e-13	0.00e+00
 9.48210e+17	1.00e+00	1.62e-13	0.00e+00
 9.48614e+17	1.00e+00	1.59e-13	0.00e+00
 9.49029e+17	1.00e+00	1.56e-13	0.00e+00
 9.49450e+17	1.00e+00	1.53e-13	0.00e+00
 9.49871e+17	1.00e+00	1.51e-13	0.00e+00
 9.50320e+17	1.00e+00	1.48e-13	0.00e+00
 9.50797e+17	1.00e+00	1.44e-13	0.00e+00
 9.51264e+17	1.00e+00	1.41e-13	0.00e+00
 9.51717e+17	1.00e+00	1.38e-13	0.00e+00
 9.52200e+17	1.00e+00	1.35e-13	0.00e+00
 9.52732e+17	1.00e+00	1.31e-13	0.00e+00
 9.53264e+17	1.00e+00	1.28e-13	0.00e+00
 9.53765e+17	1.00e+00	1.24e-13	0.00e+00
 9.54283e+17	1.00e+00	1.21e-13	0.00e+00
 9.54847e+17	1.00e+00	1.18e-13	0.00e+00
 9.55430e+17	1.00e+00	1.14e-13	0.00e+00
 9.55999e+17	1.00e+00	1.10e-13	0.00e+00
 9.56563e+17	1.00e+00	1.07e-13	0.00e+00
 9.57148e+17	1.00e+00	1.03e-13	0.00e+00
 9.57763e+17	1.00e+00	9.96e-14	0.00e+00
 9.58399e+17	1.00e+00	9.58e-14	0.00e+00
 9.59029e+17	1.00e+00	9.20e-14	0.00e+00
 9.59658e+17	1.00e+00	8.85e-14	0.00e+00
 9.60308e+17	1.00e+00	8.49e-14	0.00e+00
 9.60987e+17	1.00e+00	8.12e-14	0.00e+00
 9.61672e+17	1.00e+00	7.75e-14	0.00e+00
 9.62359e+17	1.00e+00	7.39e-14	0.00e+00
 9.63057e+17	1.00e+00	7.03e-14	0.00e+00
 9.63785e+17	1.00e+00	6.68e-14	0.00e+00
 9.64528e+17	1.00e+00	6.31e-14	0.00e+00
 9.65262e+17	1.00e+00	5.97e-14	0.00e+00
 9.65995e+17	1.00e+00	5.64e-14	0.00e+00
 9.66778e+17	1.00e+00	5.31e-14	0.00e+00
 9.67606e+17	1.00e+00	4.97e-14	0.00e+00
 9.68428e+17	1.00e+00	4.63e-14	0.00e+00
 9.69247e+17	1.00e+00	4.30e-14	0.00e+00
 9.70049e+17	1.00e+00	4.01e-14	0.00e+00
 9.70873e+17	1.00e+00	3.73e-14	0.00e+00
 9.71747e+17	1.00e+00	3.44e-14	0.00e+00
 9.72571e+17	1.00e+00	3.16e-14	0.00e+00
