#depth	C	C+	C+2	C+3	C+4	C+5	C+6	C[1]	C[2]	C[3]	C+[1]	C+[2]	CO
 1.49634e+10	0.00e+00	0.00e+00	2.05e-27	6.58e-17	7.01e-06	8.83e-02	9.12e-01	0.00e+00	0.00e+00	0.00e+00	0.00e+00	0.00e+00	0.00e+00
 4.54887e+10	0.00e+00	2.89e-38	2.76e-27	8.19e-17	8.08e-06	9.49e-02	9.05e-01	0.00e+00	0.00e+00	0.00e+00	0.00e+00	0.00e+00	0.00e+00
 7.72350e+10	0.00e+00	0.00e+00	3.75e-27	1.03e-16	9.39e-06	1.02e-01	8.98e-01	0.00e+00	0.00e+00	0.00e+00	0.00e+00	0.00e+00	0.00e+00
 1.10251e+11	0.00e+00	6.25e-38	5.10e-27	1.29e-16	1.09e-05	1.09e-01	8.91e-01	0.00e+00	0.00e+00	0.00e+00	0.00e+00	0.00e+00	0.00e+00
 1.44588e+11	0.00e+00	0.00e+00	6.92e-27	1.62e-16	1.26e-05	1.17e-01	8.83e-01	0.00e+00	0.00e+00	0.00e+00	0.00e+00	0.00e+00	0.00e+00
 1.80298e+11	0.00e+00	1.35e-37	9.39e-27	2.03e-16	1.46e-05	1.26e-01	8.74e-01	0.00e+00	0.00e+00	0.00e+00	0.00e+00	0.00e+00	0.00e+00
 2.17437e+11	0.00e+00	0.00e+00	1.27e-26	2.55e-16	1.70e-05	1.35e-01	8.65e-01	0.00e+00	0.00e+00	0.00e+00	0.00e+00	0.00e+00	0.00e+00
 2.56061e+11	0.00e+00	2.89e-37	1.72e-26	3.19e-16	1.96e-05	1.44e-01	8.56e-01	0.00e+00	0.00e+00	0.00e+00	0.00e+00	0.00e+00	0.00e+00
 2.96231e+11	0.00e+00	0.00e+00	2.33e-26	3.99e-16	2.27e-05	1.54e-01	8.46e-01	0.00e+00	0.00e+00	0.00e+00	0.00e+00	0.00e+00	0.00e+00
 3.38007e+11	0.00e+00	6.20e-37	3.16e-26	4.99e-16	2.62e-05	1.64e-01	8.35e-01	0.00e+00	0.00e+00	0.00e+00	0.00e+00	0.00e+00	0.00e+00
 3.81454e+11	0.00e+00	0.00e+00	4.27e-26	6.23e-16	3.03e-05	1.76e-01	8.24e-01	0.00e+00	0.00e+00	0.00e+00	0.00e+00	0.00e+00	0.00e+00
 4.22090e+11	0.00e+00	1.27e-36	5.58e-26	7.60e-16	3.44e-05	1.86e-01	8.14e-01	0.00e+00	0.00e+00	0.00e+00	0.00e+00	0.00e+00	0.00e+00
 4.58047e+11	3.37e-48	1.71e-36	7.04e-26	9.01e-16	3.84e-05	1.96e-01	8.04e-01	0.00e+00	0.00e+00	0.00e+00	0.00e+00	0.00e+00	0.00e+00
 4.98226e+11	0.00e+00	0.00e+00	9.06e-26	1.09e-15	4.33e-05	2.06e-01	7.94e-01	0.00e+00	0.00e+00	0.00e+00	0.00e+00	0.00e+00	0.00e+00
 5.46318e+11	0.00e+00	3.37e-36	1.21e-25	1.34e-15	4.95e-05	2.19e-01	7.81e-01	0.00e+00	0.00e+00	0.00e+00	0.00e+00	0.00e+00	0.00e+00
 5.94481e+11	1.17e-47	4.77e-36	1.59e-25	1.64e-15	5.63e-05	2.32e-01	7.68e-01	0.00e+00	0.00e+00	0.00e+00	0.00e+00	0.00e+00	0.00e+00
 6.38824e+11	0.00e+00	0.00e+00	2.03e-25	1.96e-15	6.31e-05	2.43e-01	7.56e-01	0.00e+00	0.00e+00	0.00e+00	0.00e+00	0.00e+00	0.00e+00
 6.88417e+11	0.00e+00	9.12e-36	2.65e-25	2.39e-15	7.16e-05	2.57e-01	7.43e-01	0.00e+00	0.00e+00	0.00e+00	0.00e+00	0.00e+00	0.00e+00
 7.45741e+11	4.01e-47	1.32e-35	3.55e-25	2.95e-15	8.18e-05	2.72e-01	7.28e-01	0.00e+00	0.00e+00	0.00e+00	0.00e+00	0.00e+00	3.38e-148
 8.01714e+11	0.00e+00	0.00e+00	4.66e-25	3.60e-15	9.27e-05	2.87e-01	7.13e-01	0.00e+00	0.00e+00	0.00e+00	0.00e+00	0.00e+00	3.55e-191
 8.54909e+11	0.00e+00	2.57e-35	6.00e-25	4.33e-15	1.04e-04	3.01e-01	6.99e-01	0.00e+00	0.00e+00	0.00e+00	0.00e+00	0.00e+00	2.82e-234
 9.14015e+11	1.37e-46	3.63e-35	7.86e-25	5.28e-15	1.18e-04	3.17e-01	6.83e-01	0.00e+00	0.00e+00	0.00e+00	0.00e+00	0.00e+00	7.73e-147
 9.80503e+11	0.00e+00	0.00e+00	1.05e-24	6.50e-15	1.34e-04	3.34e-01	6.66e-01	0.00e+00	0.00e+00	0.00e+00	0.00e+00	0.00e+00	3.40e-190
 1.04746e+12	0.00e+00	7.48e-35	1.39e-24	7.96e-15	1.52e-04	3.51e-01	6.49e-01	0.00e+00	0.00e+00	0.00e+00	0.00e+00	0.00e+00	1.11e-233
 1.11709e+12	5.08e-46	1.07e-34	1.83e-24	9.76e-15	1.73e-04	3.69e-01	6.31e-01	0.00e+00	0.00e+00	0.00e+00	0.00e+00	0.00e+00	2.26e-145
 1.19170e+12	0.00e+00	1.54e-34	2.44e-24	1.20e-14	1.96e-04	3.88e-01	6.12e-01	0.00e+00	0.00e+00	0.00e+00	0.00e+00	0.00e+00	3.92e-189
 1.26929e+12	1.24e-45	2.22e-34	3.25e-24	1.48e-14	2.23e-04	4.07e-01	5.93e-01	0.00e+00	0.00e+00	0.00e+00	0.00e+00	0.00e+00	5.01e-233
 1.34999e+12	0.00e+00	3.19e-34	4.32e-24	1.81e-14	2.53e-04	4.26e-01	5.74e-01	0.00e+00	0.00e+00	0.00e+00	0.00e+00	0.00e+00	1.96e-165
 1.43392e+12	3.00e-45	4.59e-34	5.74e-24	2.22e-14	2.87e-04	4.45e-01	5.54e-01	0.00e+00	0.00e+00	0.00e+00	0.00e+00	0.00e+00	1.30e-209
 1.52120e+12	0.00e+00	6.59e-34	7.61e-24	2.72e-14	3.24e-04	4.65e-01	5.35e-01	0.00e+00	0.00e+00	0.00e+00	0.00e+00	0.00e+00	2.68e-164
 1.61198e+12	7.24e-45	9.46e-34	1.01e-23	3.33e-14	3.66e-04	4.85e-01	5.15e-01	0.00e+00	0.00e+00	0.00e+00	0.00e+00	0.00e+00	9.38e-209
 1.70638e+12	0.00e+00	1.36e-33	1.34e-23	4.07e-14	4.14e-04	5.05e-01	4.95e-01	0.00e+00	0.00e+00	0.00e+00	0.00e+00	0.00e+00	3.66e-163
 1.80457e+12	1.75e-44	1.94e-33	1.77e-23	4.97e-14	4.66e-04	5.25e-01	4.75e-01	0.00e+00	0.00e+00	0.00e+00	0.00e+00	0.00e+00	6.74e-208
 1.90668e+12	0.00e+00	2.78e-33	2.34e-23	6.06e-14	5.25e-04	5.44e-01	4.55e-01	0.00e+00	0.00e+00	0.00e+00	0.00e+00	0.00e+00	5.00e-162
 2.01287e+12	4.20e-44	3.98e-33	3.09e-23	7.39e-14	5.91e-04	5.64e-01	4.35e-01	0.00e+00	0.00e+00	0.00e+00	0.00e+00	0.00e+00	4.77e-207
 2.11560e+12	0.00e+00	5.54e-33	3.99e-23	8.87e-14	6.59e-04	5.82e-01	4.17e-01	0.00e+00	0.00e+00	0.00e+00	0.00e+00	0.00e+00	6.24e-161
 2.20941e+12	9.03e-44	7.44e-33	5.02e-23	1.04e-13	7.25e-04	5.98e-01	4.01e-01	0.00e+00	0.00e+00	0.00e+00	0.00e+00	0.00e+00	3.26e-206
 2.31338e+12	0.00e+00	1.02e-32	6.42e-23	1.24e-13	8.05e-04	6.15e-01	3.84e-01	0.00e+00	0.00e+00	0.00e+00	0.00e+00	0.00e+00	5.79e-160
 2.43456e+12	2.05e-43	1.45e-32	8.42e-23	1.51e-13	9.00e-04	6.34e-01	3.65e-01	0.00e+00	0.00e+00	0.00e+00	0.00e+00	0.00e+00	1.68e-205
 2.55471e+12	0.00e+00	2.03e-32	1.09e-22	1.81e-13	1.00e-03	6.51e-01	3.48e-01	0.00e+00	0.00e+00	0.00e+00	0.00e+00	0.00e+00	7.28e-159
 2.66996e+12	4.52e-43	2.77e-32	1.39e-22	2.14e-13	1.11e-03	6.67e-01	3.32e-01	0.00e+00	0.00e+00	0.00e+00	0.00e+00	0.00e+00	1.16e-204
 2.79700e+12	0.00e+00	3.86e-32	1.79e-22	2.57e-13	1.23e-03	6.83e-01	3.16e-01	0.00e+00	0.00e+00	0.00e+00	0.00e+00	0.00e+00	7.75e-158
 2.93880e+12	1.05e-42	5.49e-32	2.36e-22	3.11e-13	1.37e-03	7.00e-01	2.98e-01	0.00e+00	0.00e+00	0.00e+00	0.00e+00	0.00e+00	5.37e-204
 3.08278e+12	0.00e+00	7.76e-32	3.08e-22	3.75e-13	1.53e-03	7.16e-01	2.82e-01	0.00e+00	0.00e+00	0.00e+00	0.00e+00	0.00e+00	1.04e-156
 3.23251e+12	2.46e-42	1.10e-31	4.03e-22	4.52e-13	1.71e-03	7.32e-01	2.66e-01	0.00e+00	0.00e+00	0.00e+00	0.00e+00	0.00e+00	4.13e-203
 3.39174e+12	0.00e+00	1.57e-31	5.29e-22	5.47e-13	1.90e-03	7.47e-01	2.51e-01	0.00e+00	0.00e+00	0.00e+00	0.00e+00	0.00e+00	1.39e-155
 3.55733e+12	5.89e-42	2.23e-31	6.95e-22	6.63e-13	2.12e-03	7.62e-01	2.36e-01	0.00e+00	0.00e+00	0.00e+00	0.00e+00	0.00e+00	1.10e-203
 3.72955e+12	0.00e+00	3.18e-31	9.13e-22	8.02e-13	2.37e-03	7.77e-01	2.21e-01	0.00e+00	0.00e+00	0.00e+00	0.00e+00	0.00e+00	1.94e-154
 3.90866e+12	1.41e-41	4.54e-31	1.20e-21	9.69e-13	2.64e-03	7.90e-01	2.07e-01	0.00e+00	0.00e+00	0.00e+00	0.00e+00	0.00e+00	1.55e-201
 4.09494e+12	0.00e+00	6.47e-31	1.58e-21	1.17e-12	2.94e-03	8.03e-01	1.94e-01	0.00e+00	0.00e+00	0.00e+00	0.00e+00	0.00e+00	2.71e-153
 4.28866e+12	3.39e-41	9.23e-31	2.07e-21	1.42e-12	3.27e-03	8.15e-01	1.81e-01	0.00e+00	0.00e+00	0.00e+00	0.00e+00	0.00e+00	0.00e+00
 4.47030e+12	0.00e+00	1.27e-30	2.65e-21	1.68e-12	3.59e-03	8.26e-01	1.71e-01	0.00e+00	0.00e+00	0.00e+00	0.00e+00	0.00e+00	3.36e-152
 4.63190e+12	7.09e-41	1.68e-30	3.28e-21	1.95e-12	3.91e-03	8.35e-01	1.62e-01	0.00e+00	0.00e+00	0.00e+00	0.00e+00	0.00e+00	0.00e+00
 4.81298e+12	0.00e+00	2.27e-30	4.14e-21	2.29e-12	4.28e-03	8.44e-01	1.52e-01	0.00e+00	0.00e+00	0.00e+00	0.00e+00	0.00e+00	2.89e-151
 5.02859e+12	1.58e-40	3.21e-30	5.40e-21	2.75e-12	4.74e-03	8.53e-01	1.42e-01	0.00e+00	0.00e+00	0.00e+00	0.00e+00	0.00e+00	1.06e-198
 5.24499e+12	0.00e+00	4.49e-30	6.98e-21	3.28e-12	5.23e-03	8.62e-01	1.33e-01	0.00e+00	0.00e+00	0.00e+00	0.00e+00	0.00e+00	3.66e-150
 5.44730e+12	3.47e-40	6.07e-30	8.80e-21	3.85e-12	5.72e-03	8.70e-01	1.25e-01	0.00e+00	0.00e+00	0.00e+00	0.00e+00	0.00e+00	0.00e+00
 5.67237e+12	0.00e+00	8.43e-30	1.13e-20	4.58e-12	6.29e-03	8.77e-01	1.16e-01	0.00e+00	0.00e+00	0.00e+00	0.00e+00	0.00e+00	3.81e-149
 5.92919e+12	8.13e-40	1.21e-29	1.49e-20	5.54e-12	6.98e-03	8.85e-01	1.08e-01	0.00e+00	0.00e+00	0.00e+00	0.00e+00	0.00e+00	0.00e+00
 6.18513e+12	0.00e+00	1.71e-29	1.94e-20	6.64e-12	7.72e-03	8.92e-01	1.00e-01	0.00e+00	0.00e+00	0.00e+00	0.00e+00	0.00e+00	5.27e-148
 6.45132e+12	1.91e-39	2.41e-29	2.53e-20	7.97e-12	8.54e-03	8.99e-01	9.30e-02	0.00e+00	0.00e+00	0.00e+00	0.00e+00	0.00e+00	8.27e-195
 6.73930e+12	0.00e+00	3.47e-29	3.35e-20	9.64e-12	9.47e-03	9.05e-01	8.59e-02	0.00e+00	0.00e+00	0.00e+00	0.00e+00	0.00e+00	7.37e-147
 7.03207e+12	4.64e-39	4.94e-29	4.39e-20	1.16e-11	1.05e-02	9.10e-01	7.94e-02	0.00e+00	0.00e+00	0.00e+00	0.00e+00	0.00e+00	1.21e-193
 7.30446e+12	0.00e+00	6.79e-29	5.60e-20	1.37e-11	1.15e-02	9.15e-01	7.40e-02	0.00e+00	0.00e+00	0.00e+00	0.00e+00	0.00e+00	8.99e-146
 7.55587e+12	9.81e-39	9.03e-29	6.97e-20	1.59e-11	1.24e-02	9.18e-01	6.94e-02	0.00e+00	0.00e+00	0.00e+00	0.00e+00	0.00e+00	2.44e-193
 7.84328e+12	0.00e+00	1.24e-28	8.89e-20	1.88e-11	1.36e-02	9.22e-01	6.46e-02	0.00e+00	0.00e+00	0.00e+00	0.00e+00	0.00e+00	8.43e-145
 8.18081e+12	2.27e-38	1.78e-28	1.17e-19	2.27e-11	1.51e-02	9.25e-01	5.95e-02	0.00e+00	0.00e+00	0.00e+00	0.00e+00	0.00e+00	2.11e-204
 8.51549e+12	0.00e+00	2.51e-28	1.52e-19	2.71e-11	1.66e-02	9.29e-01	5.49e-02	0.00e+00	0.00e+00	0.00e+00	0.00e+00	0.00e+00	1.15e-143
 8.82856e+12	5.12e-38	3.43e-28	1.93e-19	3.19e-11	1.81e-02	9.31e-01	5.11e-02	0.00e+00	0.00e+00	0.00e+00	0.00e+00	0.00e+00	0.00e+00
 9.17663e+12	0.00e+00	4.79e-28	2.50e-19	3.80e-11	1.98e-02	9.33e-01	4.72e-02	0.00e+00	0.00e+00	0.00e+00	0.00e+00	0.00e+00	1.26e-142
 9.57362e+12	1.23e-37	6.93e-28	3.31e-19	4.60e-11	2.20e-02	9.35e-01	4.32e-02	0.00e+00	0.00e+00	0.00e+00	0.00e+00	0.00e+00	0.00e+00
 9.96444e+12	0.00e+00	9.84e-28	4.34e-19	5.52e-11	2.42e-02	9.36e-01	3.97e-02	0.00e+00	0.00e+00	0.00e+00	0.00e+00	0.00e+00	1.82e-141
 1.03709e+13	2.94e-37	1.40e-27	5.68e-19	6.62e-11	2.66e-02	9.37e-01	3.65e-02	0.00e+00	0.00e+00	0.00e+00	0.00e+00	0.00e+00	3.69e-215
 1.08156e+13	0.00e+00	2.03e-27	7.55e-19	8.03e-11	2.94e-02	9.37e-01	3.33e-02	0.00e+00	0.00e+00	0.00e+00	0.00e+00	0.00e+00	2.65e-140
 1.12626e+13	7.31e-37	2.91e-27	9.95e-19	9.68e-11	3.25e-02	9.37e-01	3.05e-02	0.00e+00	0.00e+00	0.00e+00	0.00e+00	0.00e+00	0.00e+00
 1.17275e+13	0.00e+00	4.18e-27	1.31e-18	1.17e-10	3.58e-02	9.36e-01	2.79e-02	0.00e+00	0.00e+00	0.00e+00	0.00e+00	0.00e+00	3.80e-139
 1.22265e+13	1.82e-36	6.07e-27	1.75e-18	1.42e-10	3.95e-02	9.35e-01	2.54e-02	0.00e+00	0.00e+00	0.00e+00	0.00e+00	0.00e+00	3.58e-226
 1.27217e+13	0.00e+00	8.68e-27	2.30e-18	1.70e-10	4.35e-02	9.33e-01	2.32e-02	0.00e+00	0.00e+00	0.00e+00	0.00e+00	0.00e+00	5.64e-138
 1.32366e+13	4.44e-36	1.24e-26	3.03e-18	2.05e-10	4.78e-02	9.31e-01	2.11e-02	0.00e+00	0.00e+00	0.00e+00	0.00e+00	0.00e+00	0.00e+00
 1.37960e+13	0.00e+00	1.81e-26	4.05e-18	2.49e-10	5.28e-02	9.28e-01	1.91e-02	0.00e+00	0.00e+00	0.00e+00	0.00e+00	0.00e+00	8.40e-137
 1.43777e+13	1.13e-35	2.63e-26	5.40e-18	3.02e-10	5.82e-02	9.24e-01	1.73e-02	0.00e+00	0.00e+00	0.00e+00	0.00e+00	0.00e+00	1.87e-237
 1.49828e+13	0.00e+00	3.84e-26	7.21e-18	3.67e-10	6.42e-02	9.20e-01	1.57e-02	0.00e+00	0.00e+00	0.00e+00	0.00e+00	0.00e+00	1.33e-135
 1.56120e+13	2.87e-35	5.59e-26	9.63e-18	4.46e-10	7.08e-02	9.15e-01	1.42e-02	0.00e+00	0.00e+00	0.00e+00	0.00e+00	0.00e+00	1.52e-236
 1.61798e+13	0.00e+00	7.75e-26	1.24e-17	5.28e-10	7.70e-02	9.10e-01	1.29e-02	0.00e+00	0.00e+00	0.00e+00	0.00e+00	0.00e+00	1.74e-134
 1.66506e+13	5.96e-35	1.01e-25	1.52e-17	6.05e-10	8.24e-02	9.06e-01	1.20e-02	0.00e+00	0.00e+00	0.00e+00	0.00e+00	0.00e+00	2.43e-98
 1.71654e+13	8.41e-35	1.33e-25	1.88e-17	6.99e-10	8.84e-02	9.00e-01	1.11e-02	0.00e+00	0.00e+00	0.00e+00	0.00e+00	0.00e+00	0.00e+00
 1.78205e+13	1.29e-34	1.87e-25	2.45e-17	8.35e-10	9.64e-02	8.93e-01	1.01e-02	0.00e+00	0.00e+00	0.00e+00	0.00e+00	0.00e+00	2.38e-115
 1.85053e+13	1.97e-34	2.64e-25	3.20e-17	9.98e-10	1.05e-01	8.86e-01	9.14e-03	0.00e+00	0.00e+00	0.00e+00	0.00e+00	0.00e+00	3.36e-97
 1.91091e+13	2.83e-34	3.54e-25	4.01e-17	1.16e-09	1.13e-01	8.78e-01	8.39e-03	0.00e+00	0.00e+00	0.00e+00	0.00e+00	0.00e+00	0.00e+00
 1.96678e+13	3.90e-34	4.59e-25	4.91e-17	1.33e-09	1.21e-01	8.71e-01	7.76e-03	0.00e+00	0.00e+00	0.00e+00	0.00e+00	0.00e+00	4.40e-114
 2.03017e+13	5.57e-34	6.11e-25	6.14e-17	1.54e-09	1.30e-01	8.63e-01	7.12e-03	0.00e+00	0.00e+00	0.00e+00	0.00e+00	0.00e+00	3.26e-96
 2.10882e+13	8.50e-34	8.61e-25	8.01e-17	1.84e-09	1.41e-01	8.52e-01	6.41e-03	0.00e+00	0.00e+00	0.00e+00	0.00e+00	0.00e+00	0.00e+00
 2.18738e+13	1.27e-33	1.19e-24	1.03e-16	2.19e-09	1.53e-01	8.41e-01	5.78e-03	0.00e+00	0.00e+00	0.00e+00	0.00e+00	0.00e+00	9.87e-113
 2.25467e+13	1.78e-33	1.56e-24	1.27e-16	2.51e-09	1.63e-01	8.31e-01	5.31e-03	0.00e+00	0.00e+00	0.00e+00	0.00e+00	0.00e+00	4.10e-95
 2.32724e+13	2.51e-33	2.07e-24	1.58e-16	2.91e-09	1.75e-01	8.21e-01	4.85e-03	0.00e+00	0.00e+00	0.00e+00	0.00e+00	0.00e+00	5.93e-112
 2.41711e+13	3.78e-33	2.88e-24	2.05e-16	3.45e-09	1.89e-01	8.07e-01	4.35e-03	0.00e+00	0.00e+00	0.00e+00	0.00e+00	0.00e+00	2.14e-94
 2.50951e+13	5.66e-33	4.00e-24	2.65e-16	4.09e-09	2.04e-01	7.92e-01	3.89e-03	0.00e+00	0.00e+00	0.00e+00	0.00e+00	0.00e+00	5.15e-111
 2.59298e+13	8.01e-33	5.30e-24	3.30e-16	4.74e-09	2.18e-01	7.79e-01	3.53e-03	0.00e+00	0.00e+00	0.00e+00	0.00e+00	0.00e+00	1.10e-93
 2.68482e+13	1.16e-32	7.13e-24	4.16e-16	5.52e-09	2.33e-01	7.64e-01	3.18e-03	0.00e+00	0.00e+00	0.00e+00	0.00e+00	0.00e+00	3.48e-110
 2.79297e+13	1.74e-32	9.95e-24	5.40e-16	6.56e-09	2.51e-01	7.46e-01	2.82e-03	0.00e+00	0.00e+00	0.00e+00	0.00e+00	0.00e+00	6.06e-93
 2.90104e+13	2.58e-32	1.37e-23	6.93e-16	7.73e-09	2.70e-01	7.28e-01	2.51e-03	0.00e+00	0.00e+00	0.00e+00	0.00e+00	0.00e+00	3.04e-109
 3.00371e+13	3.67e-32	1.82e-23	8.67e-16	8.96e-09	2.87e-01	7.11e-01	2.26e-03	0.00e+00	0.00e+00	0.00e+00	0.00e+00	0.00e+00	3.13e-92
 3.11713e+13	5.34e-32	2.46e-23	1.10e-15	1.05e-08	3.06e-01	6.92e-01	2.01e-03	0.00e+00	0.00e+00	0.00e+00	0.00e+00	0.00e+00	2.20e-108
 3.24481e+13	7.96e-32	3.41e-23	1.41e-15	1.23e-08	3.28e-01	6.71e-01	1.77e-03	0.00e+00	0.00e+00	0.00e+00	0.00e+00	0.00e+00	1.74e-91
 3.37246e+13	1.16e-31	4.63e-23	1.80e-15	1.44e-08	3.49e-01	6.50e-01	1.56e-03	0.00e+00	0.00e+00	0.00e+00	0.00e+00	0.00e+00	1.88e-107
 3.48548e+13	1.60e-31	6.00e-23	2.20e-15	1.65e-08	3.68e-01	6.31e-01	1.40e-03	0.00e+00	0.00e+00	0.00e+00	0.00e+00	0.00e+00	8.28e-91
 3.58033e+13	2.07e-31	7.40e-23	2.59e-15	1.83e-08	3.83e-01	6.16e-01	1.28e-03	0.00e+00	0.00e+00	0.00e+00	0.00e+00	0.00e+00	9.43e-107
 3.68242e+13	2.71e-31	9.19e-23	3.06e-15	2.04e-08	3.99e-01	6.00e-01	1.17e-03	0.00e+00	0.00e+00	0.00e+00	0.00e+00	0.00e+00	2.71e-90
 3.81513e+13	3.79e-31	1.20e-22	3.78e-15	2.34e-08	4.20e-01	5.79e-01	1.04e-03	0.00e+00	0.00e+00	0.00e+00	0.00e+00	0.00e+00	5.13e-106
 3.95395e+13	5.29e-31	1.58e-22	4.67e-15	2.68e-08	4.41e-01	5.58e-01	9.17e-04	0.00e+00	0.00e+00	0.00e+00	0.00e+00	0.00e+00	1.23e-89
 4.07233e+13	6.95e-31	1.97e-22	5.54e-15	2.99e-08	4.59e-01	5.41e-01	8.28e-04	0.00e+00	0.00e+00	0.00e+00	0.00e+00	0.00e+00	2.87e-105
 4.19784e+13	9.18e-31	2.46e-22	6.59e-15	3.34e-08	4.77e-01	5.23e-01	7.46e-04	0.00e+00	0.00e+00	0.00e+00	0.00e+00	0.00e+00	4.34e-89
 4.35565e+13	1.28e-30	3.23e-22	8.13e-15	3.81e-08	4.99e-01	5.01e-01	6.55e-04	0.00e+00	0.00e+00	0.00e+00	0.00e+00	0.00e+00	1.67e-104
 4.51816e+13	1.78e-30	4.21e-22	9.98e-15	4.34e-08	5.21e-01	4.79e-01	5.74e-04	0.00e+00	0.00e+00	0.00e+00	0.00e+00	0.00e+00	2.00e-88
 4.66139e+13	2.35e-30	5.26e-22	1.19e-14	4.84e-08	5.39e-01	4.60e-01	5.13e-04	0.00e+00	0.00e+00	0.00e+00	0.00e+00	0.00e+00	9.70e-104
 4.81685e+13	3.14e-30	6.63e-22	1.42e-14	5.41e-08	5.58e-01	4.41e-01	4.56e-04	0.00e+00	0.00e+00	0.00e+00	0.00e+00	0.00e+00	7.46e-88
 4.98846e+13	4.26e-30	8.48e-22	1.71e-14	6.09e-08	5.79e-01	4.21e-01	4.01e-04	0.00e+00	0.00e+00	0.00e+00	0.00e+00	0.00e+00	5.55e-103
 5.14660e+13	5.57e-30	1.05e-21	2.02e-14	6.75e-08	5.96e-01	4.03e-01	3.57e-04	0.00e+00	0.00e+00	0.00e+00	0.00e+00	0.00e+00	2.87e-87
 5.31773e+13	7.37e-30	1.32e-21	2.40e-14	7.51e-08	6.15e-01	3.85e-01	3.16e-04	0.00e+00	0.00e+00	0.00e+00	0.00e+00	0.00e+00	2.84e-102
 5.50863e+13	9.94e-30	1.68e-21	2.89e-14	8.41e-08	6.34e-01	3.66e-01	2.77e-04	0.00e+00	0.00e+00	0.00e+00	0.00e+00	0.00e+00	1.14e-86
 5.68750e+13	1.30e-29	2.08e-21	3.41e-14	9.30e-08	6.51e-01	3.49e-01	2.45e-04	0.00e+00	0.00e+00	0.00e+00	0.00e+00	0.00e+00	1.57e-101
 5.88231e+13	1.72e-29	2.60e-21	4.04e-14	1.03e-07	6.69e-01	3.31e-01	2.16e-04	0.00e+00	0.00e+00	0.00e+00	0.00e+00	0.00e+00	4.25e-86
 6.09881e+13	2.32e-29	3.31e-21	4.85e-14	1.15e-07	6.87e-01	3.13e-01	1.87e-04	0.00e+00	0.00e+00	0.00e+00	0.00e+00	0.00e+00	9.14e-101
 6.30095e+13	3.04e-29	4.09e-21	5.71e-14	1.27e-07	7.03e-01	2.97e-01	1.65e-04	0.00e+00	0.00e+00	0.00e+00	0.00e+00	0.00e+00	1.68e-85
 6.52116e+13	4.02e-29	5.12e-21	6.76e-14	1.41e-07	7.19e-01	2.81e-01	1.45e-04	0.00e+00	0.00e+00	0.00e+00	0.00e+00	0.00e+00	4.93e-100
 6.76740e+13	5.42e-29	6.50e-21	8.09e-14	1.57e-07	7.36e-01	2.64e-01	1.25e-04	0.00e+00	0.00e+00	0.00e+00	0.00e+00	0.00e+00	6.97e-85
 6.99967e+13	7.11e-29	8.07e-21	9.52e-14	1.73e-07	7.50e-01	2.49e-01	1.09e-04	0.00e+00	0.00e+00	0.00e+00	0.00e+00	0.00e+00	2.91e-99
 7.25383e+13	9.46e-29	1.01e-20	1.13e-13	1.91e-07	7.65e-01	2.35e-01	9.50e-05	0.00e+00	0.00e+00	0.00e+00	0.00e+00	0.00e+00	2.79e-84
 7.53852e+13	1.28e-28	1.29e-20	1.35e-13	2.12e-07	7.81e-01	2.19e-01	8.14e-05	0.00e+00	0.00e+00	0.00e+00	0.00e+00	0.00e+00	1.85e-98
 7.80843e+13	1.70e-28	1.61e-20	1.59e-13	2.34e-07	7.94e-01	2.06e-01	7.07e-05	0.00e+00	0.00e+00	0.00e+00	0.00e+00	0.00e+00	1.20e-83
 8.09753e+13	2.26e-28	2.02e-20	1.89e-13	2.58e-07	8.07e-01	1.93e-01	6.11e-05	0.00e+00	0.00e+00	0.00e+00	0.00e+00	0.00e+00	1.11e-97
 8.42443e+13	3.08e-28	2.57e-20	2.26e-13	2.86e-07	8.20e-01	1.80e-01	5.21e-05	0.00e+00	0.00e+00	0.00e+00	0.00e+00	0.00e+00	5.45e-83
 8.74835e+13	4.13e-28	3.24e-20	2.68e-13	3.16e-07	8.32e-01	1.68e-01	4.47e-05	0.00e+00	0.00e+00	0.00e+00	0.00e+00	0.00e+00	7.61e-97
 9.08523e+13	5.54e-28	4.09e-20	3.18e-13	3.48e-07	8.43e-01	1.56e-01	3.84e-05	0.00e+00	0.00e+00	0.00e+00	0.00e+00	0.00e+00	2.47e-82
 9.45163e+13	7.53e-28	5.20e-20	3.80e-13	3.85e-07	8.55e-01	1.45e-01	3.27e-05	0.00e+00	0.00e+00	0.00e+00	0.00e+00	0.00e+00	5.24e-96
 9.83268e+13	1.02e-27	6.62e-20	4.52e-13	4.24e-07	8.65e-01	1.35e-01	2.79e-05	0.00e+00	0.00e+00	0.00e+00	0.00e+00	0.00e+00	1.22e-81
 1.01935e+14	1.35e-27	8.23e-20	5.30e-13	4.64e-07	8.74e-01	1.26e-01	2.41e-05	0.00e+00	0.00e+00	0.00e+00	0.00e+00	0.00e+00	3.48e-95
 1.05179e+14	1.72e-27	9.93e-20	6.07e-13	5.01e-07	8.81e-01	1.19e-01	2.12e-05	0.00e+00	0.00e+00	0.00e+00	0.00e+00	0.00e+00	4.72e-81
 1.08214e+14	2.14e-27	1.18e-19	6.87e-13	5.36e-07	8.88e-01	1.12e-01	1.88e-05	0.00e+00	0.00e+00	0.00e+00	0.00e+00	0.00e+00	1.55e-94
 1.11565e+14	2.71e-27	1.42e-19	7.84e-13	5.77e-07	8.94e-01	1.06e-01	1.67e-05	0.00e+00	0.00e+00	0.00e+00	0.00e+00	0.00e+00	1.56e-80
 1.15335e+14	3.51e-27	1.73e-19	9.04e-13	6.24e-07	9.01e-01	9.95e-02	1.46e-05	0.00e+00	0.00e+00	0.00e+00	0.00e+00	0.00e+00	7.70e-94
 1.18933e+14	4.45e-27	2.08e-19	1.03e-12	6.71e-07	9.06e-01	9.37e-02	1.28e-05	0.00e+00	0.00e+00	0.00e+00	0.00e+00	0.00e+00	5.79e-80
 1.22896e+14	5.73e-27	2.53e-19	1.19e-12	7.24e-07	9.12e-01	8.79e-02	1.12e-05	0.00e+00	0.00e+00	0.00e+00	0.00e+00	0.00e+00	3.80e-93
 1.27311e+14	7.52e-27	3.12e-19	1.38e-12	7.85e-07	9.18e-01	8.21e-02	9.74e-06	0.00e+00	0.00e+00	0.00e+00	0.00e+00	0.00e+00	2.34e-79
 1.31382e+14	9.59e-27	3.77e-19	1.57e-12	8.44e-07	9.23e-01	7.72e-02	8.57e-06	0.00e+00	0.00e+00	0.00e+00	0.00e+00	0.00e+00	2.04e-92
 1.35160e+14	1.19e-26	4.46e-19	1.77e-12	9.00e-07	9.27e-01	7.31e-02	7.64e-06	0.00e+00	0.00e+00	0.00e+00	0.00e+00	0.00e+00	8.07e-79
 1.39492e+14	1.53e-26	5.38e-19	2.02e-12	9.65e-07	9.31e-01	6.87e-02	6.73e-06	0.00e+00	0.00e+00	0.00e+00	0.00e+00	0.00e+00	9.30e-92
 1.44795e+14	2.04e-26	6.73e-19	2.36e-12	1.05e-06	9.36e-01	6.39e-02	5.79e-06	0.00e+00	0.00e+00	0.00e+00	0.00e+00	0.00e+00	3.42e-78
 1.50082e+14	2.69e-26	8.33e-19	2.74e-12	1.14e-06	9.40e-01	5.95e-02	5.00e-06	0.00e+00	0.00e+00	0.00e+00	0.00e+00	0.00e+00	5.94e-91
 1.54682e+14	3.40e-26	9.97e-19	3.11e-12	1.21e-06	9.44e-01	5.61e-02	4.43e-06	0.00e+00	0.00e+00	0.00e+00	0.00e+00	0.00e+00	1.36e-77
 1.59663e+14	4.36e-26	1.20e-18	3.54e-12	1.30e-06	9.47e-01	5.28e-02	3.90e-06	0.00e+00	0.00e+00	0.00e+00	0.00e+00	0.00e+00	2.87e-90
 1.65743e+14	5.86e-26	1.51e-18	4.13e-12	1.41e-06	9.51e-01	4.91e-02	3.36e-06	0.00e+00	0.00e+00	0.00e+00	0.00e+00	0.00e+00	5.94e-77
 1.71936e+14	7.78e-26	1.87e-18	4.80e-12	1.52e-06	9.54e-01	4.57e-02	2.90e-06	0.00e+00	0.00e+00	0.00e+00	0.00e+00	0.00e+00	1.90e-89
 1.77539e+14	1.00e-25	2.27e-18	5.47e-12	1.63e-06	9.57e-01	4.29e-02	2.55e-06	0.00e+00	0.00e+00	0.00e+00	0.00e+00	0.00e+00	2.55e-76
 1.83693e+14	1.31e-25	2.78e-18	6.29e-12	1.75e-06	9.60e-01	4.02e-02	2.23e-06	0.00e+00	0.00e+00	0.00e+00	0.00e+00	0.00e+00	5.32e-76
 1.90929e+14	1.78e-25	3.51e-18	7.36e-12	1.90e-06	9.63e-01	3.73e-02	1.91e-06	0.00e+00	0.00e+00	0.00e+00	0.00e+00	0.00e+00	1.23e-75
 1.98135e+14	2.38e-25	4.37e-18	8.55e-12	2.05e-06	9.65e-01	3.46e-02	1.65e-06	0.00e+00	0.00e+00	0.00e+00	0.00e+00	0.00e+00	2.70e-75
 2.04917e+14	3.11e-25	5.35e-18	9.80e-12	2.20e-06	9.68e-01	3.25e-02	1.45e-06	0.00e+00	0.00e+00	0.00e+00	0.00e+00	0.00e+00	5.63e-75
 2.12431e+14	4.15e-25	6.65e-18	1.13e-11	2.37e-06	9.70e-01	3.03e-02	1.26e-06	0.00e+00	0.00e+00	0.00e+00	0.00e+00	0.00e+00	1.24e-74
 2.20958e+14	5.64e-25	8.39e-18	1.33e-11	2.57e-06	9.72e-01	2.80e-02	1.07e-06	0.00e+00	0.00e+00	0.00e+00	0.00e+00	0.00e+00	2.88e-74
 2.29484e+14	7.63e-25	1.05e-17	1.55e-11	2.77e-06	9.74e-01	2.60e-02	9.25e-07	0.00e+00	0.00e+00	0.00e+00	0.00e+00	0.00e+00	6.61e-74
 2.38351e+14	1.03e-24	1.32e-17	1.80e-11	3.00e-06	9.76e-01	2.42e-02	0.00e+00	0.00e+00	0.00e+00	0.00e+00	0.00e+00	0.00e+00	1.52e-73
 2.47915e+14	1.41e-24	1.67e-17	2.11e-11	3.24e-06	9.78e-01	2.24e-02	0.00e+00	0.00e+00	0.00e+00	0.00e+00	0.00e+00	0.00e+00	3.60e-73
 2.57862e+14	1.93e-24	2.12e-17	2.47e-11	3.51e-06	9.79e-01	2.08e-02	0.00e+00	0.00e+00	0.00e+00	0.00e+00	0.00e+00	0.00e+00	8.51e-73
 2.68206e+14	2.64e-24	2.68e-17	2.89e-11	3.80e-06	9.81e-01	1.92e-02	0.00e+00	0.00e+00	0.00e+00	0.00e+00	0.00e+00	0.00e+00	2.01e-72
 2.78268e+14	3.53e-24	3.34e-17	3.35e-11	4.09e-06	9.82e-01	1.79e-02	0.00e+00	0.00e+00	0.00e+00	0.00e+00	0.00e+00	0.00e+00	4.49e-72
 2.86877e+14	4.49e-24	4.00e-17	3.78e-11	4.35e-06	9.83e-01	1.68e-02	0.00e+00	0.00e+00	0.00e+00	0.00e+00	0.00e+00	0.00e+00	8.63e-72
 2.94507e+14	5.55e-24	4.69e-17	4.20e-11	4.59e-06	9.84e-01	1.60e-02	0.00e+00	0.00e+00	0.00e+00	0.00e+00	1.51e-17	3.17e-17	1.55e-71
 3.03272e+14	6.99e-24	5.58e-17	4.72e-11	4.87e-06	9.85e-01	1.51e-02	0.00e+00	0.00e+00	0.00e+00	0.00e+00	1.85e-17	3.73e-17	2.94e-71
 3.14406e+14	9.30e-24	6.92e-17	5.45e-11	5.23e-06	9.86e-01	1.41e-02	0.00e+00	0.00e+00	0.00e+00	0.00e+00	2.30e-17	4.62e-17	6.44e-71
 3.26004e+14	1.24e-23	8.58e-17	6.30e-11	5.62e-06	9.87e-01	1.31e-02	0.00e+00	0.00e+00	0.00e+00	0.00e+00	2.85e-17	5.73e-17	1.42e-70
 3.36282e+14	1.58e-23	1.03e-16	7.13e-11	5.99e-06	9.88e-01	1.23e-02	0.00e+00	0.00e+00	0.00e+00	0.00e+00	3.42e-17	6.88e-17	2.76e-70
 3.47457e+14	2.05e-23	1.25e-16	8.13e-11	6.39e-06	9.88e-01	1.16e-02	0.00e+00	0.00e+00	0.00e+00	0.00e+00	4.16e-17	8.38e-17	5.70e-70
 3.60864e+14	2.75e-23	1.56e-16	9.46e-11	6.90e-06	9.89e-01	1.07e-02	0.00e+00	0.00e+00	0.00e+00	0.00e+00	5.19e-17	1.05e-16	1.27e-69
 3.74375e+14	3.69e-23	1.95e-16	1.10e-10	7.43e-06	9.90e-01	9.98e-03	0.00e+00	0.00e+00	0.00e+00	0.00e+00	6.48e-17	1.30e-16	2.87e-69
 3.87042e+14	4.77e-23	2.37e-16	1.25e-10	7.95e-06	9.91e-01	9.33e-03	0.00e+00	0.00e+00	0.00e+00	0.00e+00	7.86e-17	1.58e-16	5.77e-69
 4.01169e+14	6.34e-23	2.93e-16	1.45e-10	8.54e-06	9.91e-01	8.69e-03	0.00e+00	0.00e+00	0.00e+00	0.00e+00	9.73e-17	1.96e-16	1.26e-68
 4.17246e+14	8.64e-23	3.71e-16	1.69e-10	9.24e-06	9.92e-01	8.04e-03	0.00e+00	0.00e+00	0.00e+00	0.00e+00	1.23e-16	2.48e-16	2.98e-68
 4.32083e+14	1.13e-22	4.56e-16	1.95e-10	9.92e-06	9.92e-01	7.50e-03	0.00e+00	0.00e+00	0.00e+00	0.00e+00	1.51e-16	3.04e-16	6.24e-68
 4.44887e+14	1.43e-22	5.43e-16	2.19e-10	1.05e-05	9.93e-01	7.08e-03	0.00e+00	0.00e+00	0.00e+00	0.00e+00	1.80e-16	3.63e-16	1.19e-67
 4.59061e+14	1.82e-22	6.52e-16	2.49e-10	1.12e-05	9.93e-01	6.64e-03	0.00e+00	0.00e+00	0.00e+00	0.00e+00	2.16e-16	4.36e-16	2.29e-67
 4.76429e+14	2.44e-22	8.14e-16	2.88e-10	1.21e-05	9.94e-01	6.17e-03	0.00e+00	0.00e+00	0.00e+00	0.00e+00	2.70e-16	5.44e-16	5.18e-67
 4.94063e+14	3.22e-22	1.01e-15	3.34e-10	1.30e-05	9.94e-01	5.73e-03	0.00e+00	0.00e+00	0.00e+00	0.00e+00	3.33e-16	6.72e-16	1.10e-66
 5.09875e+14	4.14e-22	1.21e-15	3.79e-10	1.39e-05	9.95e-01	5.39e-03	0.00e+00	0.00e+00	0.00e+00	0.00e+00	4.03e-16	8.12e-16	2.21e-66
 5.27203e+14	5.35e-22	1.48e-15	4.35e-10	1.49e-05	9.95e-01	5.03e-03	0.00e+00	0.00e+00	0.00e+00	0.00e+00	4.89e-16	9.86e-16	4.43e-66
 5.47751e+14	7.23e-22	1.85e-15	5.06e-10	1.60e-05	9.95e-01	4.66e-03	0.00e+00	0.00e+00	0.00e+00	0.00e+00	6.15e-16	1.24e-15	1.02e-65
 5.68032e+14	9.53e-22	2.29e-15	5.88e-10	1.73e-05	9.96e-01	4.33e-03	0.00e+00	0.00e+00	0.00e+00	0.00e+00	7.59e-16	1.53e-15	2.17e-65
 5.86482e+14	1.22e-21	2.76e-15	6.68e-10	1.85e-05	9.96e-01	4.06e-03	0.00e+00	0.00e+00	0.00e+00	0.00e+00	9.16e-16	1.85e-15	4.28e-65
 6.07006e+14	1.59e-21	3.38e-15	7.68e-10	1.98e-05	9.96e-01	3.79e-03	0.00e+00	0.00e+00	0.00e+00	0.00e+00	1.12e-15	2.26e-15	8.85e-65
 6.30994e+14	2.15e-21	4.25e-15	8.97e-10	2.14e-05	9.96e-01	3.50e-03	0.00e+00	0.00e+00	0.00e+00	0.00e+00	1.41e-15	2.84e-15	2.05e-64
 6.54688e+14	2.83e-21	5.25e-15	1.04e-09	2.31e-05	9.97e-01	3.25e-03	0.00e+00	0.00e+00	0.00e+00	0.00e+00	1.74e-15	3.51e-15	4.35e-64
 6.76957e+14	3.67e-21	6.40e-15	1.19e-09	2.47e-05	9.97e-01	3.04e-03	0.00e+00	0.00e+00	0.00e+00	0.00e+00	2.12e-15	4.28e-15	8.94e-64
 7.01693e+14	4.78e-21	7.83e-15	1.38e-09	2.66e-05	9.97e-01	2.82e-03	0.00e+00	0.00e+00	0.00e+00	0.00e+00	2.59e-15	5.23e-15	1.84e-63
 7.29790e+14	6.46e-21	9.84e-15	1.61e-09	2.88e-05	9.97e-01	2.60e-03	0.00e+00	0.00e+00	0.00e+00	0.00e+00	3.26e-15	6.58e-15	4.22e-63
 7.57805e+14	8.62e-21	1.23e-14	1.87e-09	3.11e-05	9.98e-01	2.41e-03	0.00e+00	0.00e+00	0.00e+00	0.00e+00	4.07e-15	8.21e-15	9.42e-63
 7.83985e+14	1.10e-20	1.48e-14	2.15e-09	3.33e-05	9.98e-01	2.25e-03	0.00e+00	0.00e+00	0.00e+00	0.00e+00	4.91e-15	9.92e-15	1.85e-62
 8.12418e+14	1.45e-20	1.83e-14	2.48e-09	3.58e-05	9.98e-01	2.09e-03	0.00e+00	0.00e+00	0.00e+00	0.00e+00	6.07e-15	1.23e-14	3.99e-62
 8.44945e+14	1.92e-20	2.27e-14	2.90e-09	3.88e-05	9.98e-01	1.93e-03	0.00e+00	0.00e+00	0.00e+00	0.00e+00	7.53e-15	1.52e-14	8.60e-62
 8.75454e+14	2.51e-20	2.79e-14	3.34e-09	4.17e-05	9.98e-01	1.80e-03	0.00e+00	0.00e+00	0.00e+00	0.00e+00	9.23e-15	1.86e-14	1.80e-61
 9.02741e+14	3.18e-20	3.34e-14	3.78e-09	4.44e-05	9.98e-01	1.69e-03	0.00e+00	0.00e+00	0.00e+00	0.00e+00	1.11e-14	2.24e-14	3.47e-61
 9.28688e+14	3.91e-20	3.92e-14	4.23e-09	4.70e-05	9.98e-01	1.59e-03	0.00e+00	0.00e+00	0.00e+00	0.00e+00	1.30e-14	2.62e-14	6.17e-61
 9.57639e+14	4.87e-20	4.64e-14	4.79e-09	5.00e-05	9.98e-01	1.49e-03	0.00e+00	0.00e+00	0.00e+00	0.00e+00	1.54e-14	3.10e-14	1.13e-60
 9.89779e+14	6.27e-20	5.64e-14	5.46e-09	5.35e-05	9.99e-01	1.40e-03	0.00e+00	0.00e+00	0.00e+00	0.00e+00	1.87e-14	3.77e-14	2.28e-60
 1.01995e+15	7.73e-20	6.63e-14	6.16e-09	5.69e-05	9.99e-01	1.31e-03	0.00e+00	0.00e+00	0.00e+00	0.00e+00	2.19e-14	4.43e-14	4.06e-60
 1.05307e+15	9.82e-20	7.95e-14	7.00e-09	6.07e-05	9.99e-01	1.23e-03	0.00e+00	0.00e+00	0.00e+00	0.00e+00	2.63e-14	5.32e-14	7.88e-60
 1.09012e+15	1.27e-19	9.72e-14	8.04e-09	6.51e-05	9.99e-01	1.15e-03	0.00e+00	0.00e+00	0.00e+00	0.00e+00	3.22e-14	6.51e-14	1.63e-59
 1.12530e+15	1.59e-19	1.15e-13	9.13e-09	6.95e-05	9.99e-01	1.07e-03	0.00e+00	0.00e+00	0.00e+00	0.00e+00	3.81e-14	7.72e-14	3.00e-59
 1.16401e+15	2.05e-19	1.41e-13	1.05e-08	7.44e-05	9.99e-01	1.00e-03	0.00e+00	0.00e+00	0.00e+00	0.00e+00	4.65e-14	9.42e-14	6.16e-59
 1.20681e+15	2.63e-19	1.71e-13	1.21e-08	8.01e-05	9.99e-01	9.28e-04	0.00e+00	0.00e+00	0.00e+00	0.00e+00	5.64e-14	1.14e-13	1.23e-58
 1.24618e+15	3.34e-19	2.05e-13	1.37e-08	8.55e-05	9.99e-01	8.70e-04	0.00e+00	0.00e+00	0.00e+00	0.00e+00	6.77e-14	1.37e-13	2.38e-58
 1.28862e+15	4.28e-19	2.48e-13	1.57e-08	9.15e-05	9.99e-01	8.12e-04	0.00e+00	0.00e+00	0.00e+00	0.00e+00	8.21e-14	1.66e-13	4.78e-58
 1.33621e+15	5.49e-19	3.02e-13	1.82e-08	9.85e-05	9.99e-01	7.53e-04	0.00e+00	0.00e+00	0.00e+00	0.00e+00	9.97e-14	2.02e-13	9.58e-58
 1.38101e+15	7.04e-19	3.66e-13	2.07e-08	1.05e-04	9.99e-01	7.04e-04	0.00e+00	0.00e+00	0.00e+00	0.00e+00	1.21e-13	2.45e-13	1.92e-57
 1.42976e+15	8.93e-19	4.40e-13	2.38e-08	1.13e-04	9.99e-01	6.54e-04	0.00e+00	0.00e+00	0.00e+00	0.00e+00	1.45e-13	2.95e-13	3.71e-57
 1.48381e+15	1.18e-18	5.46e-13	2.76e-08	1.22e-04	9.99e-01	6.07e-04	0.00e+00	0.00e+00	0.00e+00	0.00e+00	1.80e-13	3.66e-13	8.11e-57
 1.53435e+15	1.48e-18	6.53e-13	3.16e-08	1.31e-04	9.99e-01	5.65e-04	0.00e+00	0.00e+00	0.00e+00	0.00e+00	2.15e-13	4.38e-13	1.53e-56
 1.58958e+15	1.92e-18	7.98e-13	3.64e-08	1.40e-04	9.99e-01	5.25e-04	0.00e+00	0.00e+00	0.00e+00	0.00e+00	2.63e-13	5.35e-13	3.17e-56
 1.65132e+15	2.48e-18	9.77e-13	4.25e-08	1.52e-04	9.99e-01	4.85e-04	0.00e+00	0.00e+00	0.00e+00	0.00e+00	3.22e-13	6.55e-13	6.51e-56
 1.70942e+15	3.19e-18	1.19e-12	4.88e-08	1.63e-04	9.99e-01	4.51e-04	0.00e+00	0.00e+00	0.00e+00	0.00e+00	3.92e-13	7.98e-13	1.33e-55
 1.77172e+15	4.07e-18	1.44e-12	5.64e-08	1.76e-04	9.99e-01	4.18e-04	0.00e+00	0.00e+00	0.00e+00	0.00e+00	4.75e-13	9.66e-13	2.62e-55
 1.84113e+15	5.34e-18	1.79e-12	6.58e-08	1.90e-04	9.99e-01	3.86e-04	0.00e+00	0.00e+00	0.00e+00	0.00e+00	5.88e-13	1.20e-12	5.66e-55
 1.90856e+15	6.78e-18	2.16e-12	7.61e-08	2.05e-04	9.99e-01	3.57e-04	0.00e+00	0.00e+00	0.00e+00	0.00e+00	7.09e-13	1.45e-12	1.10e-54
 1.98016e+15	8.78e-18	2.65e-12	8.82e-08	2.22e-04	9.99e-01	3.30e-04	0.00e+00	0.00e+00	0.00e+00	0.00e+00	8.72e-13	1.78e-12	2.32e-54
 2.05940e+15	1.14e-17	3.25e-12	1.03e-07	2.41e-04	9.99e-01	3.03e-04	0.00e+00	0.00e+00	0.00e+00	0.00e+00	1.07e-12	2.18e-12	4.80e-54
 2.13696e+15	1.47e-17	3.99e-12	1.20e-07	2.60e-04	9.99e-01	2.80e-04	0.00e+00	0.00e+00	0.00e+00	0.00e+00	1.31e-12	2.68e-12	1.00e-53
 2.20066e+15	1.78e-17	4.64e-12	1.35e-07	2.77e-04	9.99e-01	2.63e-04	0.00e+00	0.00e+00	0.00e+00	0.00e+00	1.53e-12	3.12e-12	1.70e-53
 2.25167e+15	2.08e-17	5.25e-12	1.48e-07	2.91e-04	9.99e-01	2.50e-04	0.00e+00	0.00e+00	0.00e+00	0.00e+00	1.73e-12	3.53e-12	2.66e-53
 2.30797e+15	2.46e-17	6.02e-12	1.64e-07	3.07e-04	9.99e-01	2.37e-04	0.00e+00	0.00e+00	0.00e+00	0.00e+00	1.98e-12	4.04e-12	4.31e-53
 2.38115e+15	3.02e-17	7.09e-12	1.86e-07	3.28e-04	9.99e-01	2.21e-04	0.00e+00	0.00e+00	0.00e+00	0.00e+00	2.33e-12	4.76e-12	7.72e-53
 2.45972e+15	3.73e-17	8.41e-12	2.12e-07	3.52e-04	9.99e-01	2.06e-04	0.00e+00	0.00e+00	0.00e+00	0.00e+00	2.76e-12	5.65e-12	1.42e-52
 2.52960e+15	4.49e-17	9.79e-12	2.38e-07	3.74e-04	9.99e-01	1.94e-04	0.00e+00	0.00e+00	0.00e+00	0.00e+00	3.22e-12	6.58e-12	2.46e-52
 2.60476e+15	5.43e-17	1.14e-11	2.68e-07	3.99e-04	9.99e-01	1.81e-04	0.00e+00	4.53e-18	1.36e-17	2.27e-17	3.74e-12	7.65e-12	4.21e-52
 2.70020e+15	6.85e-17	1.38e-11	3.10e-07	4.32e-04	9.99e-01	1.67e-04	0.00e+00	5.73e-18	1.72e-17	2.87e-17	4.52e-12	9.25e-12	8.30e-52
 2.79699e+15	8.60e-17	1.66e-11	3.57e-07	4.66e-04	9.99e-01	1.55e-04	0.00e+00	7.20e-18	2.16e-17	3.61e-17	5.45e-12	1.12e-11	1.63e-51
 2.87904e+15	1.04e-16	1.94e-11	4.02e-07	4.97e-04	9.99e-01	1.45e-04	0.00e+00	8.70e-18	2.61e-17	4.36e-17	6.35e-12	1.30e-11	2.82e-51
 2.96694e+15	1.26e-16	2.26e-11	4.55e-07	5.32e-04	9.99e-01	1.36e-04	0.00e+00	1.05e-17	3.16e-17	5.28e-17	7.43e-12	1.52e-11	4.96e-51
 3.07697e+15	1.58e-16	2.73e-11	5.28e-07	5.77e-04	9.99e-01	1.25e-04	0.00e+00	1.33e-17	3.99e-17	6.66e-17	8.96e-12	1.84e-11	9.77e-51
 3.18987e+15	2.01e-16	3.32e-11	6.11e-07	6.25e-04	9.99e-01	1.15e-04	0.00e+00	1.69e-17	5.07e-17	8.46e-17	1.09e-11	2.23e-11	1.98e-50
 3.28900e+15	2.41e-16	3.87e-11	6.91e-07	6.69e-04	9.99e-01	1.07e-04	0.00e+00	2.03e-17	6.08e-17	1.02e-16	1.27e-11	2.60e-11	3.47e-50
 3.39611e+15	2.95e-16	4.57e-11	7.87e-07	7.19e-04	9.99e-01	9.98e-05	0.00e+00	2.48e-17	7.45e-17	1.24e-16	1.50e-11	3.07e-11	6.40e-50
 3.52580e+15	3.74e-16	5.55e-11	9.18e-07	7.84e-04	9.99e-01	9.15e-05	0.00e+00	3.15e-17	9.45e-17	1.58e-16	1.82e-11	3.73e-11	1.30e-49
 3.65431e+15	4.64e-16	6.68e-11	1.06e-06	8.48e-04	9.99e-01	8.45e-05	0.00e+00	3.91e-17	1.18e-16	1.96e-16	2.19e-11	4.49e-11	2.57e-49
 3.76835e+15	5.68e-16	7.86e-11	1.20e-06	9.10e-04	9.99e-01	7.86e-05	0.00e+00	4.80e-17	1.44e-16	2.40e-16	2.58e-11	5.28e-11	4.72e-49
 3.89411e+15	6.89e-16	9.28e-11	1.37e-06	9.79e-04	9.99e-01	7.30e-05	0.00e+00	5.82e-17	1.75e-16	2.92e-16	3.04e-11	6.23e-11	8.75e-49
 4.04452e+15	8.83e-16	1.13e-10	1.60e-06	1.07e-03	9.99e-01	6.68e-05	0.00e+00	7.47e-17	2.24e-16	3.75e-16	3.72e-11	7.62e-11	1.86e-48
 4.19362e+15	1.10e-15	1.37e-10	1.85e-06	1.16e-03	9.99e-01	6.15e-05	0.00e+00	9.36e-17	2.81e-16	4.69e-16	4.49e-11	9.20e-11	3.78e-48
 4.32904e+15	1.33e-15	1.61e-10	2.10e-06	1.24e-03	9.99e-01	5.72e-05	0.00e+00	1.12e-16	3.38e-16	5.64e-16	5.27e-11	1.08e-10	6.88e-48
 4.48000e+15	1.67e-15	1.93e-10	2.41e-06	1.35e-03	9.99e-01	5.28e-05	0.00e+00	1.42e-16	4.26e-16	7.11e-16	6.35e-11	1.30e-10	1.40e-47
 4.65664e+15	2.11e-15	2.36e-10	2.82e-06	1.47e-03	9.98e-01	4.83e-05	0.00e+00	1.80e-16	5.39e-16	9.00e-16	7.76e-11	1.59e-10	3.02e-47
 4.83113e+15	2.66e-15	2.87e-10	3.27e-06	1.59e-03	9.98e-01	4.44e-05	0.00e+00	2.26e-16	6.79e-16	1.13e-15	9.41e-11	1.92e-10	6.37e-47
 4.99604e+15	3.26e-15	3.41e-10	3.74e-06	1.72e-03	9.98e-01	4.11e-05	0.00e+00	2.78e-16	8.35e-16	1.40e-15	1.12e-10	2.29e-10	1.26e-46
 5.17936e+15	4.09e-15	4.12e-10	4.32e-06	1.87e-03	9.98e-01	3.78e-05	0.00e+00	3.49e-16	1.05e-15	1.75e-15	1.36e-10	2.77e-10	2.66e-46
 5.35260e+15	4.93e-15	4.86e-10	4.93e-06	2.01e-03	9.98e-01	3.51e-05	0.00e+00	4.22e-16	1.27e-15	2.11e-15	1.60e-10	3.27e-10	5.03e-46
 5.48178e+15	5.74e-15	5.53e-10	5.43e-06	2.12e-03	9.98e-01	3.32e-05	0.00e+00	4.91e-16	1.47e-15	2.46e-15	1.82e-10	3.71e-10	8.35e-46
 5.61404e+15	6.76e-15	6.32e-10	5.97e-06	2.24e-03	9.98e-01	3.14e-05	0.00e+00	5.79e-16	1.74e-15	2.90e-15	2.08e-10	4.24e-10	1.42e-45
 5.78598e+15	8.16e-15	7.42e-10	6.74e-06	2.40e-03	9.98e-01	2.93e-05	0.00e+00	7.00e-16	2.10e-15	3.51e-15	2.44e-10	4.98e-10	2.67e-45
 5.97152e+15	9.71e-15	8.67e-10	7.64e-06	2.57e-03	9.97e-01	2.73e-05	0.00e+00	8.33e-16	2.50e-15	4.18e-15	2.85e-10	5.82e-10	4.93e-45
 6.13819e+15	1.15e-14	1.01e-09	8.53e-06	2.74e-03	9.97e-01	2.56e-05	0.00e+00	9.92e-16	2.98e-15	4.97e-15	3.31e-10	6.75e-10	8.91e-45
 6.31832e+15	1.38e-14	1.17e-09	9.57e-06	2.92e-03	9.97e-01	2.40e-05	0.00e+00	1.19e-15	3.56e-15	5.95e-15	3.86e-10	7.87e-10	1.64e-44
 6.54855e+15	1.76e-14	1.44e-09	1.11e-05	3.17e-03	9.97e-01	2.21e-05	0.00e+00	1.52e-15	4.56e-15	7.61e-15	4.74e-10	9.65e-10	3.69e-44
 6.78093e+15	2.14e-14	1.71e-09	1.27e-05	3.43e-03	9.97e-01	2.04e-05	0.00e+00	1.84e-15	5.54e-15	9.24e-15	5.64e-10	1.15e-09	7.27e-44
 6.97494e+15	2.56e-14	2.00e-09	1.42e-05	3.65e-03	9.96e-01	1.92e-05	0.00e+00	2.21e-15	6.62e-15	1.11e-14	6.59e-10	1.34e-09	1.34e-43
 7.18202e+15	3.06e-14	2.34e-09	1.60e-05	3.90e-03	9.96e-01	1.79e-05	0.00e+00	2.65e-15	7.95e-15	1.33e-14	7.72e-10	1.57e-09	2.50e-43
 7.44506e+15	3.92e-14	2.89e-09	1.85e-05	4.23e-03	9.96e-01	1.65e-05	0.00e+00	3.39e-15	1.02e-14	1.70e-14	9.52e-10	1.94e-09	5.71e-43
 7.72102e+15	4.82e-14	3.47e-09	2.13e-05	4.58e-03	9.95e-01	1.53e-05	0.00e+00	4.17e-15	1.25e-14	2.09e-14	1.14e-09	2.33e-09	1.18e-42
 7.96669e+15	5.85e-14	4.13e-09	2.42e-05	4.92e-03	9.95e-01	1.43e-05	0.00e+00	5.07e-15	1.52e-14	2.54e-14	1.36e-09	2.77e-09	2.19e-42
 8.23282e+15	7.18e-14	4.95e-09	2.76e-05	5.29e-03	9.95e-01	1.33e-05	0.00e+00	6.24e-15	1.87e-14	3.12e-14	1.63e-09	3.32e-09	4.41e-42
 8.55091e+15	9.35e-14	6.20e-09	3.21e-05	5.77e-03	9.94e-01	1.22e-05	0.00e+00	8.13e-15	2.44e-14	4.07e-14	2.04e-09	4.15e-09	1.05e-41
 8.86517e+15	1.16e-13	7.55e-09	3.71e-05	6.24e-03	9.94e-01	1.13e-05	0.00e+00	1.01e-14	3.04e-14	5.08e-14	2.49e-09	5.06e-09	2.23e-41
 9.14862e+15	1.40e-13	8.91e-09	4.21e-05	6.70e-03	9.93e-01	1.06e-05	0.00e+00	1.22e-14	3.67e-14	6.12e-14	2.94e-09	5.97e-09	4.17e-41
 9.46342e+15	1.73e-13	1.08e-08	4.83e-05	7.22e-03	9.93e-01	9.84e-06	0.00e+00	1.51e-14	4.54e-14	7.58e-14	3.55e-09	7.20e-09	8.54e-41
 9.83419e+15	2.26e-13	1.36e-08	5.64e-05	7.88e-03	9.92e-01	9.08e-06	0.00e+00	1.97e-14	5.93e-14	9.89e-14	4.48e-09	9.09e-09	2.09e-40
 1.01995e+16	2.86e-13	1.67e-08	6.54e-05	8.54e-03	9.91e-01	8.44e-06	0.00e+00	2.50e-14	7.50e-14	1.25e-13	5.52e-09	1.12e-08	4.51e-40
 1.05390e+16	3.52e-13	2.01e-08	7.46e-05	9.18e-03	9.91e-01	7.91e-06	0.00e+00	3.08e-14	9.26e-14	1.54e-13	6.65e-09	1.35e-08	9.02e-40
 1.09202e+16	4.41e-13	2.46e-08	8.62e-05	9.94e-03	9.90e-01	7.37e-06	0.00e+00	3.87e-14	1.16e-13	1.94e-13	8.13e-09	1.65e-08	1.88e-39
 1.13570e+16	5.73e-13	3.09e-08	1.01e-04	1.09e-02	9.89e-01	6.83e-06	0.00e+00	5.03e-14	1.51e-13	2.52e-13	1.02e-08	2.07e-08	4.31e-39
 1.17200e+16	6.99e-13	3.71e-08	1.15e-04	1.16e-02	9.88e-01	6.45e-06	0.00e+00	6.15e-14	1.84e-13	3.08e-13	1.23e-08	2.48e-08	8.09e-39
 1.19760e+16	8.03e-13	4.20e-08	1.25e-04	1.22e-02	9.88e-01	6.20e-06	0.00e+00	7.06e-14	2.12e-13	3.54e-13	1.39e-08	2.81e-08	1.26e-38
 1.22421e+16	9.29e-13	4.78e-08	1.37e-04	1.28e-02	9.87e-01	5.96e-06	0.00e+00	8.18e-14	2.45e-13	4.09e-13	1.58e-08	3.20e-08	2.01e-38
 1.25882e+16	1.10e-12	5.53e-08	1.54e-04	1.36e-02	9.86e-01	5.66e-06	0.00e+00	9.69e-14	2.91e-13	4.85e-13	1.83e-08	3.70e-08	3.37e-38
 1.29747e+16	1.36e-12	6.71e-08	1.74e-04	1.46e-02	9.85e-01	5.37e-06	0.00e+00	1.20e-13	3.59e-13	5.99e-13	2.22e-08	4.49e-08	6.61e-38
 1.33357e+16	1.63e-12	7.88e-08	1.95e-04	1.55e-02	9.84e-01	5.13e-06	0.00e+00	1.44e-13	4.31e-13	7.19e-13	2.61e-08	5.27e-08	1.16e-37
 1.37269e+16	1.96e-12	9.22e-08	2.20e-04	1.65e-02	9.83e-01	4.89e-06	0.00e+00	1.73e-13	5.18e-13	8.64e-13	3.05e-08	6.16e-08	1.98e-37
 1.41651e+16	2.45e-12	1.13e-07	2.51e-04	1.78e-02	9.82e-01	4.66e-06	0.00e+00	2.16e-13	6.49e-13	1.08e-12	3.74e-08	7.55e-08	4.04e-37
 1.45766e+16	2.95e-12	1.33e-07	2.83e-04	1.89e-02	9.81e-01	4.46e-06	0.00e+00	2.61e-13	7.82e-13	1.30e-12	4.41e-08	8.91e-08	6.91e-37
 1.50235e+16	3.60e-12	1.58e-07	3.22e-04	2.02e-02	9.79e-01	4.26e-06	0.00e+00	3.18e-13	9.55e-13	1.59e-12	5.23e-08	1.06e-07	1.23e-36
 1.55222e+16	4.57e-12	1.96e-07	3.70e-04	2.18e-02	9.78e-01	4.07e-06	0.00e+00	4.05e-13	1.21e-12	2.02e-12	6.48e-08	1.31e-07	2.56e-36
 1.59906e+16	5.56e-12	2.33e-07	4.20e-04	2.33e-02	9.76e-01	3.91e-06	0.00e+00	4.93e-13	1.48e-12	2.47e-12	7.73e-08	1.56e-07	4.44e-36
 1.65021e+16	6.89e-12	2.79e-07	4.81e-04	2.51e-02	9.74e-01	3.75e-06	0.00e+00	6.11e-13	1.83e-12	3.06e-12	9.25e-08	1.87e-07	8.03e-36
 1.70597e+16	8.82e-12	3.49e-07	5.56e-04	2.71e-02	9.72e-01	3.60e-06	0.00e+00	7.84e-13	2.35e-12	3.92e-12	1.16e-07	2.33e-07	1.68e-35
 1.75687e+16	1.08e-11	4.17e-07	6.32e-04	2.90e-02	9.70e-01	3.48e-06	0.00e+00	9.57e-13	2.87e-12	4.79e-12	1.38e-07	2.79e-07	2.88e-35
 1.81216e+16	1.34e-11	5.00e-07	7.25e-04	3.11e-02	9.68e-01	3.35e-06	0.00e+00	1.19e-12	3.58e-12	5.97e-12	1.66e-07	3.34e-07	5.12e-35
 1.87282e+16	1.72e-11	6.28e-07	8.41e-04	3.37e-02	9.65e-01	3.25e-06	0.00e+00	1.53e-12	4.60e-12	7.68e-12	2.08e-07	4.19e-07	1.06e-34
 1.92798e+16	2.12e-11	7.54e-07	9.59e-04	3.61e-02	9.63e-01	3.15e-06	0.00e+00	1.89e-12	5.66e-12	9.44e-12	2.50e-07	5.04e-07	1.84e-34
 1.98720e+16	2.66e-11	9.15e-07	1.10e-03	3.89e-02	9.60e-01	3.06e-06	0.00e+00	2.37e-12	7.12e-12	1.19e-11	3.04e-07	6.11e-07	3.32e-34
 2.05266e+16	3.38e-11	1.11e-06	1.28e-03	4.21e-02	9.57e-01	2.97e-06	0.00e+00	3.02e-12	9.05e-12	1.51e-11	3.69e-07	7.44e-07	5.87e-34
 2.11175e+16	4.23e-11	1.37e-06	1.47e-03	4.53e-02	9.53e-01	2.91e-06	0.00e+00	3.78e-12	1.13e-11	1.89e-11	4.55e-07	9.16e-07	1.12e-33
 2.16427e+16	5.10e-11	1.62e-06	1.65e-03	4.81e-02	9.50e-01	2.86e-06	0.00e+00	4.56e-12	1.37e-11	2.28e-11	5.36e-07	1.08e-06	1.80e-33
 2.22274e+16	6.34e-11	1.93e-06	1.89e-03	5.16e-02	9.47e-01	2.80e-06	0.00e+00	5.67e-12	1.70e-11	2.83e-11	6.42e-07	1.29e-06	3.02e-33
 2.28877e+16	7.99e-11	2.33e-06	2.18e-03	5.57e-02	9.42e-01	2.74e-06	0.00e+00	7.15e-12	2.15e-11	3.58e-11	7.75e-07	1.56e-06	5.10e-33
 2.35170e+16	1.01e-10	2.89e-06	2.51e-03	6.00e-02	9.37e-01	2.70e-06	0.00e+00	9.03e-12	2.71e-11	4.52e-11	9.60e-07	1.93e-06	9.65e-33
 2.40344e+16	1.20e-10	3.37e-06	2.81e-03	6.37e-02	9.33e-01	2.67e-06	0.00e+00	1.07e-11	3.22e-11	5.38e-11	1.12e-06	2.25e-06	1.47e-32
 2.45356e+16	1.44e-10	3.94e-06	3.14e-03	6.76e-02	9.29e-01	2.64e-06	0.00e+00	1.30e-11	3.89e-11	6.48e-11	1.31e-06	2.63e-06	2.28e-32
 2.51873e+16	1.83e-10	4.78e-06	3.64e-03	7.29e-02	9.23e-01	2.60e-06	0.00e+00	1.64e-11	4.93e-11	8.22e-11	1.59e-06	3.20e-06	3.90e-32
 2.58487e+16	2.31e-10	5.87e-06	4.21e-03	7.89e-02	9.17e-01	2.58e-06	0.00e+00	2.07e-11	6.22e-11	1.04e-10	1.95e-06	3.92e-06	6.88e-32
 2.63799e+16	2.79e-10	6.89e-06	4.73e-03	8.39e-02	9.11e-01	2.56e-06	0.00e+00	2.51e-11	7.52e-11	1.25e-10	2.29e-06	4.60e-06	1.06e-31
