#depth	He	He+	He+2
 1.49634e+10	1.08e-22	5.94e-12	1.00e+00
 4.54887e+10	1.22e-22	6.43e-12	1.00e+00
 7.72350e+10	1.37e-22	6.95e-12	1.00e+00
 1.10251e+11	1.54e-22	7.52e-12	1.00e+00
 1.40602e+11	1.72e-22	8.07e-12	1.00e+00
 1.66847e+11	1.88e-22	8.55e-12	1.00e+00
 1.96117e+11	2.07e-22	9.11e-12	1.00e+00
 2.31877e+11	2.32e-22	9.82e-12	1.00e+00
 2.68960e+11	2.62e-22	1.06e-11	1.00e+00
 3.03874e+11	2.91e-22	1.13e-11	1.00e+00
 3.42303e+11	3.27e-22	1.22e-11	1.00e+00
 3.85922e+11	3.72e-22	1.32e-11	1.00e+00
 4.29614e+11	4.21e-22	1.42e-11	1.00e+00
 4.75054e+11	4.77e-22	1.54e-11	1.00e+00
 5.23983e+11	5.45e-22	1.66e-11	1.00e+00
 5.74869e+11	6.23e-22	1.80e-11	1.00e+00
 6.21778e+11	7.04e-22	1.94e-11	1.00e+00
 6.62193e+11	7.78e-22	2.05e-11	1.00e+00
 7.06925e+11	8.65e-22	2.19e-11	1.00e+00
 7.61815e+11	9.86e-22	2.36e-11	1.00e+00
 8.17567e+11	1.12e-21	2.54e-11	1.00e+00
 8.66646e+11	1.26e-21	2.71e-11	1.00e+00
 9.19396e+11	1.40e-21	2.90e-11	1.00e+00
 9.83159e+11	1.61e-21	3.13e-11	1.00e+00
 1.04679e+12	1.84e-21	3.38e-11	1.00e+00
 1.10394e+12	2.07e-21	3.61e-11	1.00e+00
 1.16712e+12	2.33e-21	3.87e-11	1.00e+00
 1.24185e+12	2.70e-21	4.20e-11	1.00e+00
 1.31569e+12	3.10e-21	4.54e-11	1.00e+00
 1.38375e+12	3.51e-21	4.86e-11	1.00e+00
 1.46018e+12	4.00e-21	5.25e-11	1.00e+00
 1.54523e+12	4.63e-21	5.69e-11	1.00e+00
 1.62521e+12	5.29e-21	6.14e-11	1.00e+00
 1.71157e+12	6.06e-21	6.64e-11	1.00e+00
 1.80776e+12	7.06e-21	7.23e-11	1.00e+00
 1.90052e+12	8.12e-21	7.83e-11	1.00e+00
 1.99919e+12	9.35e-21	8.50e-11	1.00e+00
 2.10908e+12	1.09e-20	9.29e-11	1.00e+00
 2.21857e+12	1.27e-20	1.01e-10	1.00e+00
 2.33245e+12	1.47e-20	1.10e-10	1.00e+00
 2.44067e+12	1.70e-20	1.20e-10	1.00e+00
 2.53113e+12	1.90e-20	1.28e-10	1.00e+00
 2.62922e+12	2.12e-20	1.37e-10	1.00e+00
 2.75332e+12	2.46e-20	1.49e-10	1.00e+00
 2.88397e+12	2.88e-20	1.62e-10	1.00e+00
 2.99396e+12	3.26e-20	1.74e-10	1.00e+00
 3.08882e+12	3.61e-20	1.85e-10	1.00e+00
 3.19657e+12	4.04e-20	1.98e-10	1.00e+00
 3.33666e+12	4.67e-20	2.15e-10	1.00e+00
 3.48187e+12	5.43e-20	2.34e-10	1.00e+00
 3.60335e+12	6.09e-20	2.50e-10	1.00e+00
 3.73089e+12	6.83e-20	2.68e-10	1.00e+00
 3.89401e+12	7.91e-20	2.92e-10	1.00e+00
 4.06167e+12	9.18e-20	3.18e-10	1.00e+00
 4.20430e+12	1.03e-19	3.41e-10	1.00e+00
 4.35607e+12	1.16e-19	3.67e-10	1.00e+00
 4.54565e+12	1.35e-19	4.00e-10	1.00e+00
 4.74003e+12	1.56e-19	4.36e-10	1.00e+00
 4.91219e+12	1.76e-19	4.70e-10	1.00e+00
 5.09985e+12	2.00e-19	5.08e-10	1.00e+00
 5.30844e+12	2.30e-19	5.53e-10	1.00e+00
 5.51240e+12	2.62e-19	5.98e-10	1.00e+00
 5.71190e+12	2.96e-19	6.45e-10	1.00e+00
 5.93744e+12	3.37e-19	7.00e-10	1.00e+00
 6.18645e+12	3.89e-19	7.64e-10	1.00e+00
 6.40693e+12	4.39e-19	8.24e-10	1.00e+00
 6.58883e+12	4.83e-19	8.74e-10	1.00e+00
 6.77963e+12	5.32e-19	9.30e-10	1.00e+00
 7.02767e+12	6.01e-19	1.00e-09	1.00e+00
 7.28744e+12	6.82e-19	1.09e-09	1.00e+00
 7.50975e+12	7.55e-19	1.16e-09	1.00e+00
 7.74605e+12	8.37e-19	1.24e-09	1.00e+00
 8.05216e+12	9.54e-19	1.35e-09	1.00e+00
 8.37080e+12	1.09e-18	1.47e-09	1.00e+00
 8.64384e+12	1.22e-18	1.58e-09	1.00e+00
 8.93586e+12	1.36e-18	1.70e-09	1.00e+00
 9.29790e+12	1.55e-18	1.85e-09	1.00e+00
 9.67218e+12	1.77e-18	2.02e-09	1.00e+00
 1.00141e+13	1.99e-18	2.18e-09	1.00e+00
 1.03927e+13	2.25e-18	2.37e-09	1.00e+00
 1.08338e+13	2.58e-18	2.60e-09	1.00e+00
 1.12738e+13	2.95e-18	2.85e-09	1.00e+00
 1.16727e+13	3.31e-18	3.08e-09	1.00e+00
 1.21002e+13	3.72e-18	3.34e-09	1.00e+00
 1.25809e+13	4.23e-18	3.65e-09	1.00e+00
 1.30380e+13	4.76e-18	3.96e-09	1.00e+00
 1.35361e+13	5.37e-18	4.31e-09	1.00e+00
 1.40227e+13	6.04e-18	4.68e-09	1.00e+00
 1.43924e+13	6.57e-18	4.97e-09	1.00e+00
 1.47674e+13	7.14e-18	5.26e-09	1.00e+00
 1.52549e+13	7.92e-18	5.68e-09	1.00e+00
 1.57753e+13	8.83e-18	6.14e-09	1.00e+00
 1.62349e+13	9.69e-18	6.56e-09	1.00e+00
 1.67289e+13	1.07e-17	7.03e-09	1.00e+00
 1.73633e+13	1.20e-17	7.66e-09	1.00e+00
 1.80110e+13	1.36e-17	8.34e-09	1.00e+00
 1.85520e+13	1.50e-17	8.93e-09	1.00e+00
 1.91234e+13	1.66e-17	9.58e-09	1.00e+00
 1.98502e+13	1.88e-17	1.04e-08	1.00e+00
 2.06145e+13	2.13e-17	1.14e-08	1.00e+00
 2.12984e+13	2.38e-17	1.23e-08	1.00e+00
 2.20424e+13	2.69e-17	1.33e-08	1.00e+00
 2.29272e+13	3.08e-17	1.45e-08	1.00e+00
 2.37398e+13	3.49e-17	1.57e-08	1.00e+00
 2.43934e+13	3.85e-17	1.67e-08	1.00e+00
 2.50955e+13	4.27e-17	1.78e-08	1.00e+00
 2.60081e+13	4.87e-17	1.93e-08	1.00e+00
 2.69896e+13	5.59e-17	2.09e-08	1.00e+00
 2.78661e+13	6.30e-17	2.25e-08	1.00e+00
 2.88110e+13	7.14e-17	2.41e-08	1.00e+00
 2.98229e+13	8.14e-17	2.60e-08	1.00e+00
 3.07129e+13	9.11e-17	2.78e-08	1.00e+00
 3.16610e+13	1.02e-16	2.96e-08	1.00e+00
 3.28558e+13	1.18e-16	3.21e-08	1.00e+00
 3.40816e+13	1.36e-16	3.47e-08	1.00e+00
 3.51539e+13	1.54e-16	3.71e-08	1.00e+00
 3.63162e+13	1.74e-16	3.97e-08	1.00e+00
 3.77276e+13	2.02e-16	4.30e-08	1.00e+00
 3.91604e+13	2.34e-16	4.65e-08	1.00e+00
 4.04722e+13	2.67e-16	4.98e-08	1.00e+00
 4.19293e+13	3.07e-16	5.36e-08	1.00e+00
 4.35106e+13	3.55e-16	5.80e-08	1.00e+00
 4.49376e+13	4.03e-16	6.19e-08	1.00e+00
 4.64769e+13	4.60e-16	6.64e-08	1.00e+00
 4.83089e+13	5.36e-16	7.20e-08	1.00e+00
 5.01090e+13	6.20e-16	7.76e-08	1.00e+00
 5.16350e+13	6.98e-16	8.26e-08	1.00e+00
 5.29441e+13	7.71e-16	8.70e-08	1.00e+00
 5.43733e+13	8.57e-16	9.19e-08	1.00e+00
 5.62312e+13	9.79e-16	9.85e-08	1.00e+00
 5.81489e+13	1.12e-15	1.06e-07	1.00e+00
 5.97443e+13	1.25e-15	1.12e-07	1.00e+00
 6.14183e+13	1.39e-15	1.18e-07	1.00e+00
 6.35946e+13	1.60e-15	1.27e-07	1.00e+00
 6.58654e+13	1.84e-15	1.37e-07	1.00e+00
 6.77969e+13	2.06e-15	1.45e-07	1.00e+00
 6.98456e+13	2.32e-15	1.54e-07	1.00e+00
 7.24386e+13	2.69e-15	1.66e-07	1.00e+00
 7.51193e+13	3.11e-15	1.79e-07	1.00e+00
 7.74607e+13	3.51e-15	1.91e-07	1.00e+00
 7.99808e+13	3.99e-15	2.04e-07	1.00e+00
 8.30483e+13	4.64e-15	2.21e-07	1.00e+00
 8.61042e+13	5.36e-15	2.38e-07	1.00e+00
 8.88014e+13	6.06e-15	2.54e-07	1.00e+00
 9.17556e+13	6.91e-15	2.71e-07	1.00e+00
 9.53088e+13	8.05e-15	2.94e-07	1.00e+00
 9.88508e+13	9.32e-15	3.17e-07	1.00e+00
 1.02058e+14	1.06e-14	3.38e-07	1.00e+00
 1.05619e+14	1.21e-14	3.63e-07	1.00e+00
 1.09800e+14	1.42e-14	3.94e-07	1.00e+00
 1.13924e+14	1.64e-14	4.25e-07	1.00e+00
 1.17787e+14	1.87e-14	4.55e-07	1.00e+00
 1.22103e+14	2.16e-14	4.90e-07	1.00e+00
 1.26575e+14	2.50e-14	5.27e-07	1.00e+00
 1.30442e+14	2.81e-14	5.61e-07	1.00e+00
 1.33856e+14	3.11e-14	5.91e-07	1.00e+00
 1.37558e+14	3.47e-14	6.25e-07	1.00e+00
 1.42370e+14	3.97e-14	6.71e-07	1.00e+00
 1.47264e+14	4.53e-14	7.18e-07	1.00e+00
 1.51244e+14	5.03e-14	7.58e-07	1.00e+00
 1.55396e+14	5.59e-14	8.01e-07	1.00e+00
 1.60794e+14	6.39e-14	8.58e-07	1.00e+00
 1.66488e+14	7.32e-14	9.20e-07	1.00e+00
 1.71426e+14	8.19e-14	9.76e-07	1.00e+00
 1.76704e+14	9.21e-14	1.04e-06	1.00e+00
 1.83297e+14	1.06e-13	1.12e-06	1.00e+00
 1.90079e+14	1.22e-13	1.20e-06	1.00e+00
 1.96091e+14	1.37e-13	1.28e-06	1.00e+00
 2.02620e+14	1.56e-13	1.36e-06	1.00e+00
 2.10452e+14	1.80e-13	1.47e-06	1.00e+00
 2.18223e+14	2.06e-13	1.58e-06	1.00e+00
 2.25240e+14	2.33e-13	1.68e-06	1.00e+00
 2.33028e+14	2.64e-13	1.80e-06	1.00e+00
 2.42194e+14	3.06e-13	1.95e-06	1.00e+00
 2.51274e+14	3.51e-13	2.10e-06	1.00e+00
 2.59772e+14	3.98e-13	2.24e-06	1.00e+00
 2.69248e+14	4.55e-13	2.41e-06	1.00e+00
 2.80048e+14	5.26e-13	2.60e-06	1.00e+00
 2.89785e+14	5.97e-13	2.79e-06	1.00e+00
 2.97276e+14	6.56e-13	2.94e-06	1.00e+00
 3.04774e+14	7.19e-13	3.09e-06	1.00e+00
 3.14522e+14	8.08e-13	3.29e-06	1.00e+00
 3.24882e+14	9.11e-13	3.51e-06	1.00e+00
 3.33921e+14	1.01e-12	3.71e-06	1.00e+00
 3.43556e+14	1.12e-12	3.93e-06	1.00e+00
 3.55997e+14	1.27e-12	4.22e-06	1.00e+00
 3.68751e+14	1.45e-12	4.54e-06	1.00e+00
 3.79406e+14	1.61e-12	4.81e-06	1.00e+00
 3.90669e+14	1.79e-12	5.10e-06	1.00e+00
 4.04991e+14	2.04e-12	5.49e-06	1.00e+00
 4.19923e+14	2.33e-12	5.92e-06	1.00e+00
 4.32977e+14	2.60e-12	6.30e-06	1.00e+00
 4.46953e+14	2.92e-12	6.73e-06	1.00e+00
 4.63964e+14	3.35e-12	7.27e-06	1.00e+00
 4.80904e+14	3.82e-12	7.83e-06	1.00e+00
 4.95803e+14	4.26e-12	8.34e-06	1.00e+00
 5.12067e+14	4.80e-12	8.92e-06	1.00e+00
 5.31700e+14	5.51e-12	9.65e-06	1.00e+00
 5.51241e+14	6.28e-12	1.04e-05	1.00e+00
 5.68725e+14	7.04e-12	1.11e-05	1.00e+00
 5.88008e+14	7.97e-12	1.19e-05	1.00e+00
 6.10900e+14	9.17e-12	1.29e-05	1.00e+00
 6.33500e+14	1.05e-11	1.39e-05	1.00e+00
 6.54175e+14	1.18e-11	1.49e-05	1.00e+00
 6.73807e+14	1.32e-11	1.59e-05	1.00e+00
 6.95806e+14	1.48e-11	1.70e-05	1.00e+00
 7.18205e+14	1.67e-11	1.82e-05	1.00e+00
 7.36318e+14	1.83e-11	1.91e-05	1.00e+00
 7.55056e+14	2.01e-11	2.02e-05	1.00e+00
 7.79416e+14	2.26e-11	2.16e-05	1.00e+00
 8.04911e+14	2.55e-11	2.31e-05	1.00e+00
 8.26605e+14	2.82e-11	2.45e-05	1.00e+00
 8.49532e+14	3.12e-11	2.59e-05	1.00e+00
 8.79337e+14	3.56e-11	2.79e-05	1.00e+00
 9.10188e+14	4.06e-11	3.00e-05	1.00e+00
 9.36061e+14	4.51e-11	3.19e-05	1.00e+00
 9.63360e+14	5.03e-11	3.39e-05	1.00e+00
 9.98380e+14	5.76e-11	3.65e-05	1.00e+00
 1.03511e+15	6.63e-11	3.95e-05	1.00e+00
 1.06740e+15	7.45e-11	4.21e-05	1.00e+00
 1.10226e+15	8.43e-11	4.51e-05	1.00e+00
 1.14442e+15	9.76e-11	4.89e-05	1.00e+00
 1.18653e+15	1.12e-10	5.27e-05	1.00e+00
 1.22446e+15	1.27e-10	5.64e-05	1.00e+00
 1.26651e+15	1.45e-10	6.06e-05	1.00e+00
 1.31610e+15	1.69e-10	6.58e-05	1.00e+00
 1.36502e+15	1.95e-10	7.12e-05	1.00e+00
 1.41018e+15	2.22e-10	7.63e-05	1.00e+00
 1.44914e+15	2.48e-10	8.10e-05	1.00e+00
 1.48186e+15	2.71e-10	8.50e-05	1.00e+00
 1.51829e+15	3.00e-10	8.96e-05	1.00e+00
 1.56563e+15	3.40e-10	9.58e-05	1.00e+00
 1.61498e+15	3.86e-10	1.02e-04	1.00e+00
 1.65663e+15	4.28e-10	1.08e-04	1.00e+00
 1.70051e+15	4.78e-10	1.15e-04	1.00e+00
 1.75756e+15	5.49e-10	1.23e-04	1.00e+00
 1.81642e+15	6.29e-10	1.33e-04	1.00e+00
 1.86541e+15	7.04e-10	1.41e-04	1.00e+00
 1.91689e+15	7.91e-10	1.49e-04	1.00e+00
 1.98381e+15	9.16e-10	1.61e-04	1.00e+00
 2.05404e+15	1.06e-09	1.74e-04	1.00e+00
 2.11431e+15	1.21e-09	1.86e-04	1.00e+00
 2.17841e+15	1.38e-09	1.99e-04	1.00e+00
 2.25895e+15	1.61e-09	2.16e-04	1.00e+00
 2.34274e+15	1.89e-09	2.35e-04	1.00e+00
 2.41716e+15	2.17e-09	2.52e-04	1.00e+00
 2.49753e+15	2.51e-09	2.71e-04	1.00e+00
 2.59383e+15	2.98e-09	2.96e-04	1.00e+00
 2.68913e+15	3.50e-09	3.21e-04	1.00e+00
 2.77484e+15	4.03e-09	3.45e-04	1.00e+00
 2.84857e+15	4.53e-09	3.67e-04	1.00e+00
 2.91212e+15	5.00e-09	3.85e-04	1.00e+00
 2.98365e+15	5.59e-09	4.08e-04	1.00e+00
 3.07664e+15	6.41e-09	4.37e-04	1.00e+00
 3.17197e+15	7.36e-09	4.69e-04	1.00e+00
 3.25001e+15	8.22e-09	4.95e-04	1.00e+00
 3.33114e+15	9.18e-09	5.24e-04	9.99e-01
 3.43661e+15	1.06e-08	5.63e-04	9.99e-01
 3.54597e+15	1.22e-08	6.04e-04	9.99e-01
 3.63761e+15	1.37e-08	6.41e-04	9.99e-01
 3.73399e+15	1.54e-08	6.80e-04	9.99e-01
 3.85929e+15	1.78e-08	7.33e-04	9.99e-01
 3.98931e+15	2.06e-08	7.90e-04	9.99e-01
 4.09908e+15	2.33e-08	8.39e-04	9.99e-01
 4.21539e+15	2.64e-08	8.94e-04	9.99e-01
 4.36659e+15	3.09e-08	9.68e-04	9.99e-01
 4.52568e+15	3.62e-08	1.05e-03	9.99e-01
 4.66293e+15	4.12e-08	1.12e-03	9.99e-01
 4.80928e+15	4.71e-08	1.20e-03	9.99e-01
 4.98986e+15	5.54e-08	1.30e-03	9.99e-01
 5.17339e+15	6.46e-08	1.41e-03	9.99e-01
 5.33656e+15	7.38e-08	1.51e-03	9.98e-01
 5.47452e+15	8.21e-08	1.60e-03	9.98e-01
 5.59383e+15	9.02e-08	1.68e-03	9.98e-01
 5.72915e+15	1.00e-07	1.77e-03	9.98e-01
 5.90507e+15	1.14e-07	1.89e-03	9.98e-01
 6.08554e+15	1.30e-07	2.01e-03	9.98e-01
 6.23264e+15	1.43e-07	2.12e-03	9.98e-01
 6.38459e+15	1.59e-07	2.24e-03	9.98e-01
 6.58212e+15	1.81e-07	2.39e-03	9.98e-01
 6.78720e+15	2.06e-07	2.55e-03	9.97e-01
 6.95908e+15	2.29e-07	2.69e-03	9.97e-01
 7.13950e+15	2.55e-07	2.85e-03	9.97e-01
 7.37405e+15	2.93e-07	3.06e-03	9.97e-01
 7.61597e+15	3.34e-07	3.27e-03	9.97e-01
 7.81770e+15	3.72e-07	3.46e-03	9.97e-01
 8.03018e+15	4.17e-07	3.67e-03	9.96e-01
 8.30642e+15	4.81e-07	3.96e-03	9.96e-01
 8.58707e+15	5.49e-07	4.24e-03	9.96e-01
 8.81901e+15	6.11e-07	4.49e-03	9.96e-01
 9.06609e+15	6.86e-07	4.78e-03	9.95e-01
 9.38728e+15	7.94e-07	5.17e-03	9.95e-01
 9.67463e+15	8.89e-07	5.50e-03	9.95e-01
 9.86743e+15	9.61e-07	5.74e-03	9.94e-01
 1.00675e+16	1.05e-06	6.01e-03	9.94e-01
 1.03276e+16	1.17e-06	6.38e-03	9.94e-01
 1.05951e+16	1.29e-06	6.75e-03	9.93e-01
 1.08336e+16	1.41e-06	7.11e-03	9.93e-01
 1.11049e+16	1.57e-06	7.55e-03	9.92e-01
 1.13924e+16	1.74e-06	8.02e-03	9.92e-01
 1.16560e+16	1.91e-06	8.47e-03	9.92e-01
 1.19540e+16	2.14e-06	9.06e-03	9.91e-01
 1.22678e+16	2.38e-06	9.66e-03	9.90e-01
 1.25444e+16	2.61e-06	1.02e-02	9.90e-01
 1.28462e+16	2.92e-06	1.09e-02	9.89e-01
 1.31706e+16	3.27e-06	1.17e-02	9.88e-01
 1.34577e+16	3.60e-06	1.25e-02	9.88e-01
 1.37643e+16	4.03e-06	1.34e-02	9.87e-01
 1.40966e+16	4.54e-06	1.45e-02	9.86e-01
 1.43926e+16	5.03e-06	1.55e-02	9.84e-01
 1.46659e+16	5.56e-06	1.66e-02	9.83e-01
 1.49305e+16	6.13e-06	1.78e-02	9.82e-01
 1.51823e+16	6.75e-06	1.90e-02	9.81e-01
 1.54662e+16	7.64e-06	2.06e-02	9.79e-01
 1.57590e+16	8.57e-06	2.23e-02	9.78e-01
 1.59977e+16	9.44e-06	2.39e-02	9.76e-01
 1.62424e+16	1.06e-05	2.59e-02	9.74e-01
 1.65039e+16	1.20e-05	2.82e-02	9.72e-01
 1.67265e+16	1.33e-05	3.04e-02	9.70e-01
 1.69250e+16	1.46e-05	3.27e-02	9.67e-01
 1.71528e+16	1.64e-05	3.57e-02	9.64e-01
 1.73988e+16	1.88e-05	3.95e-02	9.61e-01
 1.76103e+16	2.15e-05	4.32e-02	9.57e-01
 1.77840e+16	2.39e-05	4.68e-02	9.53e-01
 1.79668e+16	2.67e-05	5.11e-02	9.49e-01
 1.81733e+16	3.07e-05	5.68e-02	9.43e-01
 1.83618e+16	3.53e-05	6.29e-02	9.37e-01
 1.85198e+16	4.06e-05	6.90e-02	9.31e-01
 1.86533e+16	4.52e-05	7.48e-02	9.25e-01
 1.87933e+16	5.04e-05	8.19e-02	9.18e-01
 1.89752e+16	5.92e-05	9.26e-02	9.07e-01
 1.91543e+16	7.03e-05	1.05e-01	8.94e-01
 1.92837e+16	8.16e-05	1.17e-01	8.83e-01
 1.93756e+16	9.01e-05	1.26e-01	8.74e-01
 1.94488e+16	9.79e-05	1.34e-01	8.66e-01
 1.95280e+16	1.07e-04	1.43e-01	8.57e-01
 1.96308e+16	1.23e-04	1.57e-01	8.43e-01
 1.97219e+16	1.36e-04	1.70e-01	8.30e-01
 1.97819e+16	1.47e-04	1.80e-01	8.20e-01
 1.98444e+16	1.59e-04	1.91e-01	8.09e-01
 1.99256e+16	1.78e-04	2.07e-01	7.92e-01
 2.00076e+16	1.99e-04	2.25e-01	7.75e-01
 2.00718e+16	2.17e-04	2.40e-01	7.60e-01
 2.01364e+16	2.40e-04	2.57e-01	7.43e-01
 2.01998e+16	2.60e-04	2.74e-01	7.25e-01
 2.02619e+16	2.86e-04	2.93e-01	7.07e-01
 2.03304e+16	3.16e-04	3.15e-01	6.85e-01
 2.03926e+16	3.47e-04	3.36e-01	6.63e-01
 2.04481e+16	3.80e-04	3.56e-01	6.44e-01
 2.04986e+16	4.09e-04	3.75e-01	6.24e-01
 2.05535e+16	4.43e-04	3.97e-01	6.02e-01
 2.06249e+16	4.96e-04	4.27e-01	5.73e-01
 2.06937e+16	5.48e-04	4.56e-01	5.44e-01
 2.07482e+16	5.91e-04	4.80e-01	5.20e-01
 2.08081e+16	6.46e-04	5.07e-01	4.92e-01
 2.08861e+16	7.20e-04	5.43e-01	4.56e-01
 2.09663e+16	8.00e-04	5.79e-01	4.20e-01
 2.10335e+16	8.72e-04	6.09e-01	3.90e-01
 2.11049e+16	9.55e-04	6.41e-01	3.58e-01
 2.11717e+16	1.03e-03	6.68e-01	3.31e-01
 2.12186e+16	1.09e-03	6.86e-01	3.13e-01
 2.12658e+16	1.15e-03	7.05e-01	2.94e-01
 2.13271e+16	1.23e-03	7.28e-01	2.70e-01
 2.13924e+16	1.31e-03	7.51e-01	2.48e-01
 2.14500e+16	1.39e-03	7.69e-01	2.29e-01
 2.15119e+16	1.47e-03	7.89e-01	2.10e-01
 2.15797e+16	1.57e-03	8.08e-01	1.91e-01
 2.16409e+16	1.66e-03	8.23e-01	1.75e-01
 2.16964e+16	1.74e-03	8.36e-01	1.62e-01
 2.17587e+16	1.84e-03	8.50e-01	1.48e-01
 2.18279e+16	1.95e-03	8.64e-01	1.34e-01
 2.18904e+16	2.06e-03	8.75e-01	1.23e-01
 2.19459e+16	2.16e-03	8.84e-01	1.14e-01
 2.20077e+16	2.27e-03	8.93e-01	1.05e-01
 2.20761e+16	2.40e-03	9.02e-01	9.53e-02
 2.21385e+16	2.53e-03	9.10e-01	8.78e-02
 2.21927e+16	2.65e-03	9.16e-01	8.17e-02
 2.22508e+16	2.78e-03	9.22e-01	7.55e-02
 2.23148e+16	2.94e-03	9.28e-01	6.95e-02
 2.23724e+16	3.10e-03	9.32e-01	6.46e-02
 2.24239e+16	3.24e-03	9.36e-01	6.06e-02
 2.24816e+16	3.42e-03	9.40e-01	5.61e-02
 2.25442e+16	3.63e-03	9.44e-01	5.20e-02
 2.25990e+16	3.83e-03	9.47e-01	4.87e-02
 2.26454e+16	4.02e-03	9.50e-01	4.60e-02
 2.26956e+16	4.22e-03	9.52e-01	4.33e-02
 2.27517e+16	4.48e-03	9.55e-01	4.05e-02
 2.28032e+16	4.76e-03	9.57e-01	3.82e-02
 2.28483e+16	5.02e-03	9.59e-01	3.62e-02
 2.28975e+16	5.31e-03	9.60e-01	3.42e-02
 2.29517e+16	5.69e-03	9.62e-01	3.21e-02
 2.30003e+16	6.07e-03	9.63e-01	3.04e-02
 2.30432e+16	6.43e-03	9.65e-01	2.91e-02
 2.30908e+16	6.88e-03	9.66e-01	2.75e-02
 2.31443e+16	7.47e-03	9.67e-01	2.59e-02
 2.31941e+16	8.09e-03	9.67e-01	2.46e-02
 2.32388e+16	8.72e-03	9.68e-01	2.34e-02
 2.32884e+16	9.52e-03	9.68e-01	2.22e-02
 2.33420e+16	1.06e-02	9.68e-01	2.10e-02
 2.33872e+16	1.16e-02	9.68e-01	2.00e-02
 2.34225e+16	1.26e-02	9.68e-01	1.93e-02
 2.34536e+16	1.36e-02	9.68e-01	1.87e-02
 2.34891e+16	1.48e-02	9.67e-01	1.80e-02
 2.35283e+16	1.64e-02	9.66e-01	1.73e-02
 2.35623e+16	1.82e-02	9.65e-01	1.67e-02
 2.35893e+16	1.98e-02	9.64e-01	1.63e-02
 2.36172e+16	2.17e-02	9.62e-01	1.58e-02
 2.36481e+16	2.43e-02	9.60e-01	1.53e-02
 2.36754e+16	2.69e-02	9.58e-01	1.50e-02
 2.36979e+16	2.95e-02	9.56e-01	1.47e-02
 2.37218e+16	3.26e-02	9.53e-01	1.43e-02
 2.37482e+16	3.67e-02	9.49e-01	1.40e-02
 2.37713e+16	4.12e-02	9.45e-01	1.38e-02
 2.37904e+16	4.56e-02	9.41e-01	1.36e-02
 2.38107e+16	5.09e-02	9.36e-01	1.34e-02
 2.38324e+16	5.78e-02	9.29e-01	1.33e-02
 2.38507e+16	6.48e-02	9.22e-01	1.32e-02
 2.38657e+16	7.12e-02	9.16e-01	1.32e-02
 2.38815e+16	7.92e-02	9.08e-01	1.31e-02
 2.38986e+16	8.90e-02	8.98e-01	1.31e-02
 2.39139e+16	9.95e-02	8.87e-01	1.32e-02
 2.39273e+16	1.10e-01	8.77e-01	1.33e-02
 2.39397e+16	1.21e-01	8.66e-01	1.33e-02
 2.39516e+16	1.33e-01	8.54e-01	1.34e-02
 2.39626e+16	1.46e-01	8.41e-01	1.35e-02
 2.39727e+16	1.58e-01	8.28e-01	1.37e-02
 2.39819e+16	1.70e-01	8.16e-01	1.38e-02
 2.39888e+16	1.81e-01	8.06e-01	1.39e-02
 2.39934e+16	1.88e-01	7.98e-01	1.40e-02
 2.39978e+16	1.95e-01	7.91e-01	1.40e-02
 2.40029e+16	2.04e-01	7.82e-01	1.41e-02
 2.40086e+16	2.14e-01	7.72e-01	1.42e-02
 2.40141e+16	2.24e-01	7.62e-01	1.42e-02
 2.40192e+16	2.33e-01	7.52e-01	1.43e-02
 2.40243e+16	2.44e-01	7.42e-01	1.44e-02
 2.40294e+16	2.55e-01	7.31e-01	1.45e-02
 2.40346e+16	2.66e-01	7.19e-01	1.45e-02
 2.40397e+16	2.78e-01	7.08e-01	1.46e-02
 2.40448e+16	2.90e-01	6.95e-01	1.47e-02
 2.40499e+16	3.03e-01	6.82e-01	1.47e-02
 2.40550e+16	3.16e-01	6.69e-01	1.48e-02
 2.40600e+16	3.29e-01	6.56e-01	1.48e-02
 2.40651e+16	3.44e-01	6.41e-01	1.48e-02
 2.40703e+16	3.58e-01	6.27e-01	1.48e-02
 2.40754e+16	3.74e-01	6.12e-01	1.48e-02
 2.40806e+16	3.89e-01	5.96e-01	1.48e-02
 2.40858e+16	4.05e-01	5.80e-01	1.48e-02
 2.40911e+16	4.22e-01	5.63e-01	1.47e-02
 2.40964e+16	4.39e-01	5.46e-01	1.47e-02
 2.41018e+16	4.56e-01	5.29e-01	1.46e-02
 2.41073e+16	4.75e-01	5.11e-01	1.45e-02
 2.41129e+16	4.93e-01	4.92e-01	1.43e-02
 2.41186e+16	5.13e-01	4.73e-01	1.42e-02
 2.41244e+16	5.32e-01	4.54e-01	1.40e-02
 2.41301e+16	5.50e-01	4.36e-01	1.38e-02
 2.41359e+16	5.69e-01	4.17e-01	1.35e-02
 2.41420e+16	5.88e-01	3.98e-01	1.32e-02
 2.41482e+16	6.08e-01	3.79e-01	1.29e-02
 2.41546e+16	6.27e-01	3.61e-01	1.26e-02
 2.41612e+16	6.45e-01	3.42e-01	1.22e-02
 2.41682e+16	6.64e-01	3.24e-01	1.18e-02
 2.41757e+16	6.82e-01	3.06e-01	1.14e-02
 2.41837e+16	7.00e-01	2.89e-01	1.10e-02
 2.41925e+16	7.18e-01	2.72e-01	1.05e-02
 2.42023e+16	7.34e-01	2.56e-01	1.01e-02
 2.42135e+16	7.50e-01	2.40e-01	9.57e-03
 2.42256e+16	7.64e-01	2.27e-01	9.12e-03
 2.42379e+16	7.75e-01	2.16e-01	8.74e-03
 2.42501e+16	7.83e-01	2.08e-01	8.41e-03
 2.42621e+16	7.90e-01	2.02e-01	8.16e-03
 2.42741e+16	7.95e-01	1.97e-01	7.91e-03
 2.42879e+16	8.00e-01	1.92e-01	7.69e-03
 2.43057e+16	8.05e-01	1.88e-01	7.44e-03
 2.43290e+16	8.10e-01	1.83e-01	7.16e-03
 2.43592e+16	8.15e-01	1.79e-01	6.85e-03
 2.43985e+16	8.20e-01	1.74e-01	6.47e-03
 2.44495e+16	8.26e-01	1.68e-01	6.04e-03
 2.45159e+16	8.33e-01	1.62e-01	5.55e-03
 2.45917e+16	8.40e-01	1.55e-01	5.05e-03
 2.46671e+16	8.47e-01	1.48e-01	4.60e-03
 2.47405e+16	8.53e-01	1.42e-01	4.22e-03
 2.48134e+16	8.59e-01	1.37e-01	3.87e-03
 2.48875e+16	8.65e-01	1.31e-01	3.54e-03
 2.49627e+16	8.71e-01	1.26e-01	3.25e-03
 2.50383e+16	8.76e-01	1.21e-01	2.98e-03
 2.51140e+16	8.81e-01	1.16e-01	2.73e-03
 2.51756e+16	8.84e-01	1.13e-01	2.56e-03
 2.52179e+16	8.87e-01	1.11e-01	2.45e-03
 2.52564e+16	8.89e-01	1.08e-01	2.35e-03
 2.52980e+16	8.92e-01	1.06e-01	2.24e-03
 2.53412e+16	8.94e-01	1.04e-01	2.14e-03
 2.53830e+16	8.96e-01	1.02e-01	2.04e-03
 2.54227e+16	8.98e-01	9.97e-02	1.96e-03
 2.54614e+16	9.00e-01	9.78e-02	1.88e-03
 2.54994e+16	9.02e-01	9.59e-02	1.81e-03
 2.55368e+16	9.04e-01	9.41e-02	1.74e-03
 2.55736e+16	9.06e-01	9.24e-02	1.67e-03
 2.56099e+16	9.08e-01	9.08e-02	1.61e-03
 2.56459e+16	9.09e-01	8.92e-02	1.55e-03
 2.56812e+16	9.11e-01	8.76e-02	1.49e-03
 2.57158e+16	9.12e-01	8.62e-02	1.44e-03
 2.57497e+16	9.14e-01	8.47e-02	1.39e-03
 2.57834e+16	9.15e-01	8.34e-02	1.34e-03
 2.58167e+16	9.17e-01	8.20e-02	1.29e-03
 2.58496e+16	9.18e-01	8.07e-02	1.25e-03
 2.58821e+16	9.19e-01	7.95e-02	1.21e-03
 2.59142e+16	9.21e-01	7.82e-02	1.17e-03
 2.59462e+16	9.22e-01	7.70e-02	1.13e-03
 2.59780e+16	9.23e-01	7.59e-02	1.10e-03
 2.60095e+16	9.24e-01	7.47e-02	1.06e-03
 2.60410e+16	9.25e-01	7.36e-02	1.03e-03
 2.60725e+16	9.26e-01	7.25e-02	9.96e-04
 2.61041e+16	9.28e-01	7.14e-02	9.65e-04
 2.61358e+16	9.29e-01	7.04e-02	9.34e-04
 2.61678e+16	9.30e-01	6.93e-02	9.04e-04
 2.62002e+16	9.31e-01	6.83e-02	8.75e-04
 2.62334e+16	9.32e-01	6.72e-02	8.46e-04
 2.62679e+16	9.33e-01	6.61e-02	8.17e-04
 2.63040e+16	9.34e-01	6.50e-02	7.88e-04
 2.63415e+16	9.35e-01	6.38e-02	7.59e-04
 2.63810e+16	9.37e-01	6.27e-02	7.30e-04
 2.64232e+16	9.38e-01	6.14e-02	6.99e-04
 2.64693e+16	9.39e-01	6.01e-02	6.68e-04
 2.65209e+16	9.41e-01	5.86e-02	6.33e-04
 2.65788e+16	9.42e-01	5.70e-02	5.98e-04
 2.66399e+16	9.44e-01	5.54e-02	5.62e-04
 2.67000e+16	9.46e-01	5.39e-02	5.30e-04
 2.67560e+16	9.47e-01	5.25e-02	5.02e-04
 2.68070e+16	9.48e-01	5.13e-02	4.78e-04
 2.68535e+16	9.49e-01	5.02e-02	4.57e-04
 2.68957e+16	9.50e-01	4.93e-02	4.38e-04
 2.69342e+16	9.51e-01	4.84e-02	4.22e-04
 2.69692e+16	9.52e-01	4.77e-02	4.08e-04
 2.70075e+16	9.53e-01	4.68e-02	3.92e-04
 2.70489e+16	9.54e-01	4.59e-02	3.76e-04
 2.70866e+16	9.55e-01	4.51e-02	3.63e-04
 2.71208e+16	9.55e-01	4.44e-02	3.51e-04
 2.71520e+16	9.56e-01	4.37e-02	3.39e-04
 2.71804e+16	9.57e-01	4.31e-02	3.30e-04
 2.72115e+16	9.57e-01	4.24e-02	3.20e-04
 2.72451e+16	9.58e-01	4.18e-02	3.09e-04
 2.72757e+16	9.59e-01	4.12e-02	3.00e-04
 2.73035e+16	9.59e-01	4.06e-02	2.91e-04
 2.73339e+16	9.60e-01	4.00e-02	2.82e-04
 2.73668e+16	9.60e-01	3.93e-02	2.72e-04
 2.73968e+16	9.61e-01	3.87e-02	2.64e-04
 2.74240e+16	9.62e-01	3.82e-02	2.57e-04
 2.74538e+16	9.62e-01	3.76e-02	2.48e-04
 2.74861e+16	9.63e-01	3.70e-02	2.40e-04
 2.75154e+16	9.63e-01	3.65e-02	2.33e-04
 2.75421e+16	9.64e-01	3.60e-02	2.26e-04
 2.75664e+16	9.64e-01	3.55e-02	2.21e-04
 2.75930e+16	9.65e-01	3.50e-02	2.14e-04
 2.76217e+16	9.65e-01	3.45e-02	2.08e-04
 2.76478e+16	9.66e-01	3.41e-02	2.02e-04
 2.76716e+16	9.66e-01	3.36e-02	1.97e-04
 2.76977e+16	9.67e-01	3.32e-02	1.91e-04
 2.77258e+16	9.67e-01	3.27e-02	1.85e-04
 2.77515e+16	9.68e-01	3.22e-02	1.80e-04
 2.77748e+16	9.68e-01	3.18e-02	1.76e-04
 2.78003e+16	9.68e-01	3.14e-02	1.71e-04
 2.78279e+16	9.69e-01	3.09e-02	1.66e-04
 2.78530e+16	9.69e-01	3.05e-02	1.61e-04
 2.78758e+16	9.70e-01	3.02e-02	1.57e-04
 2.79008e+16	9.70e-01	2.97e-02	1.53e-04
 2.79278e+16	9.71e-01	2.93e-02	1.48e-04
 2.79524e+16	9.71e-01	2.89e-02	1.45e-04
 2.79748e+16	9.71e-01	2.86e-02	1.41e-04
 2.79993e+16	9.72e-01	2.82e-02	1.37e-04
 2.80257e+16	9.72e-01	2.78e-02	1.33e-04
 2.80498e+16	9.72e-01	2.75e-02	1.30e-04
 2.80762e+16	9.73e-01	2.71e-02	1.26e-04
 2.81047e+16	9.73e-01	2.67e-02	1.22e-04
 2.81306e+16	9.74e-01	2.63e-02	1.19e-04
 2.81542e+16	9.74e-01	2.60e-02	1.16e-04
 2.81800e+16	9.74e-01	2.56e-02	1.13e-04
 2.82079e+16	9.75e-01	2.53e-02	1.10e-04
 2.82333e+16	9.75e-01	2.49e-02	1.07e-04
 2.82611e+16	9.75e-01	2.46e-02	1.04e-04
 2.82912e+16	9.76e-01	2.42e-02	1.01e-04
 2.83185e+16	9.76e-01	2.39e-02	9.80e-05
 2.83485e+16	9.76e-01	2.35e-02	9.49e-05
 2.83808e+16	9.77e-01	2.31e-02	9.19e-05
 2.84102e+16	9.77e-01	2.28e-02	8.93e-05
 2.84370e+16	9.77e-01	2.25e-02	8.70e-05
 2.84664e+16	9.78e-01	2.21e-02	8.43e-05
 2.84980e+16	9.78e-01	2.18e-02	8.17e-05
 2.85269e+16	9.78e-01	2.15e-02	7.95e-05
 2.85585e+16	9.79e-01	2.12e-02	7.70e-05
 2.85926e+16	9.79e-01	2.08e-02	7.45e-05
 2.86236e+16	9.79e-01	2.05e-02	7.23e-05
 2.86576e+16	9.80e-01	2.02e-02	6.99e-05
 2.86943e+16	9.80e-01	1.98e-02	6.75e-05
 2.87277e+16	9.80e-01	1.95e-02	6.54e-05
 2.87581e+16	9.81e-01	1.92e-02	6.36e-05
 2.87915e+16	9.81e-01	1.89e-02	6.15e-05
 2.88274e+16	9.81e-01	1.86e-02	5.95e-05
 2.88601e+16	9.82e-01	1.83e-02	5.78e-05
 2.88960e+16	9.82e-01	1.80e-02	5.58e-05
 2.89347e+16	9.82e-01	1.77e-02	5.39e-05
 2.89700e+16	9.83e-01	1.74e-02	5.22e-05
 2.90086e+16	9.83e-01	1.71e-02	5.03e-05
 2.90503e+16	9.83e-01	1.68e-02	4.85e-05
 2.90882e+16	9.83e-01	1.65e-02	4.69e-05
 2.91227e+16	9.84e-01	1.62e-02	4.55e-05
 2.91605e+16	9.84e-01	1.60e-02	4.40e-05
 2.92014e+16	9.84e-01	1.57e-02	4.24e-05
 2.92385e+16	9.85e-01	1.54e-02	4.11e-05
 2.92792e+16	9.85e-01	1.51e-02	3.96e-05
 2.93232e+16	9.85e-01	1.49e-02	3.82e-05
 2.93632e+16	9.85e-01	1.46e-02	3.69e-05
 2.94070e+16	9.86e-01	1.43e-02	3.55e-05
 2.94544e+16	9.86e-01	1.40e-02	3.41e-05
 2.94974e+16	9.86e-01	1.38e-02	3.30e-05
 2.95446e+16	9.86e-01	1.35e-02	3.16e-05
 2.95956e+16	9.87e-01	1.32e-02	3.03e-05
 2.96419e+16	9.87e-01	1.30e-02	2.93e-05
 2.96841e+16	9.87e-01	1.28e-02	2.83e-05
 2.97303e+16	9.87e-01	1.25e-02	2.72e-05
 2.97802e+16	9.88e-01	1.23e-02	2.62e-05
 2.98257e+16	9.88e-01	1.21e-02	2.53e-05
 2.98754e+16	9.88e-01	1.18e-02	2.42e-05
 2.99292e+16	9.88e-01	1.16e-02	2.33e-05
 2.99780e+16	9.89e-01	1.14e-02	2.24e-05
 3.00316e+16	9.89e-01	1.11e-02	2.15e-05
 3.00895e+16	9.89e-01	1.09e-02	2.06e-05
 3.01421e+16	9.89e-01	1.07e-02	1.98e-05
 3.01998e+16	9.90e-01	1.04e-02	1.89e-05
 3.02620e+16	9.90e-01	1.02e-02	1.81e-05
 3.03187e+16	9.90e-01	9.97e-03	1.74e-05
 3.03808e+16	9.90e-01	9.73e-03	1.66e-05
 3.04478e+16	9.90e-01	9.50e-03	1.58e-05
 3.05088e+16	9.91e-01	9.30e-03	1.51e-05
 3.05757e+16	9.91e-01	9.06e-03	1.44e-05
 3.06478e+16	9.91e-01	8.84e-03	1.37e-05
 3.07135e+16	9.91e-01	8.64e-03	1.31e-05
 3.07854e+16	9.92e-01	8.41e-03	1.24e-05
 3.08631e+16	9.92e-01	8.19e-03	1.18e-05
 3.09338e+16	9.92e-01	8.00e-03	1.13e-05
 3.10113e+16	9.92e-01	7.78e-03	1.07e-05
 3.10949e+16	9.92e-01	7.57e-03	1.01e-05
 3.11710e+16	9.93e-01	7.38e-03	9.61e-06
 3.12544e+16	9.93e-01	7.17e-03	9.07e-06
 3.13444e+16	9.93e-01	6.97e-03	8.57e-06
 3.14264e+16	9.93e-01	6.79e-03	8.14e-06
 3.15161e+16	9.93e-01	6.59e-03	7.67e-06
 3.16130e+16	9.94e-01	6.39e-03	7.22e-06
 3.17012e+16	9.94e-01	6.22e-03	6.85e-06
 3.17979e+16	9.94e-01	6.02e-03	6.43e-06
 3.19022e+16	9.94e-01	5.83e-03	6.04e-06
 3.19972e+16	9.94e-01	5.67e-03	5.71e-06
 3.21012e+16	9.95e-01	5.49e-03	5.35e-06
 3.22290e+16	9.95e-01	5.27e-03	4.94e-06
 3.23696e+16	9.95e-01	5.05e-03	4.55e-06
 3.25168e+16	9.95e-01	4.84e-03	4.17e-06
 3.26709e+16	9.95e-01	4.62e-03	3.82e-06
 3.28309e+16	9.96e-01	4.42e-03	3.49e-06
 3.29970e+16	9.96e-01	4.21e-03	3.18e-06
 3.31680e+16	9.96e-01	4.01e-03	2.89e-06
 3.33419e+16	9.96e-01	3.83e-03	2.63e-06
 3.35184e+16	9.96e-01	3.64e-03	2.39e-06
 3.36979e+16	9.97e-01	3.47e-03	2.17e-06
 3.38806e+16	9.97e-01	3.31e-03	1.97e-06
 3.40668e+16	9.97e-01	3.15e-03	1.79e-06
 3.42563e+16	9.97e-01	2.99e-03	1.62e-06
 3.44490e+16	9.97e-01	2.85e-03	1.47e-06
 3.46450e+16	9.97e-01	2.71e-03	1.33e-06
 3.48444e+16	9.97e-01	2.57e-03	1.20e-06
 3.50437e+16	9.98e-01	2.45e-03	1.09e-06
 3.52459e+16	9.98e-01	2.33e-03	9.83e-07
 3.54560e+16	9.98e-01	2.21e-03	8.87e-07
 3.56708e+16	9.98e-01	2.09e-03	7.98e-07
 3.58883e+16	9.98e-01	1.98e-03	7.19e-07
 3.61092e+16	9.98e-01	1.88e-03	6.46e-07
 3.63343e+16	9.98e-01	1.78e-03	5.81e-07
 3.65635e+16	9.98e-01	1.69e-03	5.21e-07
 3.67969e+16	9.98e-01	1.60e-03	4.67e-07
 3.70346e+16	9.98e-01	1.51e-03	4.18e-07
 3.72767e+16	9.99e-01	1.42e-03	3.73e-07
 3.75235e+16	9.99e-01	1.35e-03	3.33e-07
 3.77751e+16	9.99e-01	1.27e-03	2.97e-07
 3.80318e+16	9.99e-01	1.20e-03	2.64e-07
 3.82937e+16	9.99e-01	1.13e-03	2.34e-07
 3.85610e+16	9.99e-01	1.06e-03	2.08e-07
 3.88339e+16	9.99e-01	9.97e-04	1.84e-07
 3.91127e+16	9.99e-01	9.36e-04	1.62e-07
 3.93978e+16	9.99e-01	8.78e-04	1.43e-07
 3.96894e+16	9.99e-01	8.23e-04	1.26e-07
 3.99879e+16	9.99e-01	7.69e-04	1.10e-07
 4.02936e+16	9.99e-01	7.19e-04	9.63e-08
 4.06070e+16	9.99e-01	6.71e-04	8.40e-08
 4.09290e+16	9.99e-01	6.26e-04	7.32e-08
 4.12549e+16	9.99e-01	5.83e-04	6.36e-08
 4.15890e+16	9.99e-01	5.42e-04	5.50e-08
 4.19372e+16	9.99e-01	5.03e-04	4.73e-08
 4.22981e+16	1.00e+00	4.65e-04	4.05e-08
 4.26726e+16	1.00e+00	4.29e-04	3.45e-08
 4.30603e+16	1.00e+00	3.95e-04	2.93e-08
 4.34621e+16	1.00e+00	3.62e-04	2.47e-08
 4.38800e+16	1.00e+00	3.32e-04	2.07e-08
 4.43159e+16	1.00e+00	3.02e-04	1.72e-08
 4.47720e+16	1.00e+00	2.74e-04	1.42e-08
 4.52510e+16	1.00e+00	2.48e-04	1.16e-08
 4.57570e+16	1.00e+00	2.23e-04	9.36e-09
 4.62927e+16	1.00e+00	1.99e-04	7.48e-09
 4.68647e+16	1.00e+00	1.77e-04	5.89e-09
 4.74742e+16	1.00e+00	1.56e-04	4.57e-09
 4.81337e+16	1.00e+00	1.36e-04	3.48e-09
 4.88486e+16	1.00e+00	1.17e-04	2.59e-09
 4.96226e+16	1.00e+00	9.96e-05	1.88e-09
 5.05317e+16	1.00e+00	8.25e-05	1.29e-09
 5.15372e+16	1.00e+00	6.75e-05	8.63e-10
 5.26294e+16	1.00e+00	5.40e-05	5.55e-10
 5.38543e+16	1.00e+00	4.24e-05	3.42e-10
 5.51181e+16	1.00e+00	3.32e-05	2.10e-10
 5.63653e+16	1.00e+00	2.61e-05	1.31e-10
 5.76042e+16	1.00e+00	2.07e-05	8.20e-11
 5.88572e+16	1.00e+00	1.64e-05	5.17e-11
 6.01379e+16	1.00e+00	1.30e-05	3.24e-11
 6.14429e+16	1.00e+00	1.03e-05	2.04e-11
 6.27711e+16	1.00e+00	8.14e-06	1.28e-11
 6.41286e+16	1.00e+00	6.44e-06	8.05e-12
 6.55134e+16	1.00e+00	5.10e-06	5.05e-12
 6.69233e+16	1.00e+00	4.03e-06	3.17e-12
 6.83559e+16	1.00e+00	3.20e-06	2.00e-12
 6.98303e+16	1.00e+00	2.54e-06	1.26e-12
 7.13601e+16	1.00e+00	2.00e-06	7.85e-13
 7.29309e+16	1.00e+00	1.58e-06	4.89e-13
 7.45391e+16	1.00e+00	1.25e-06	3.05e-13
 7.61970e+16	1.00e+00	9.79e-07	1.89e-13
 7.79129e+16	1.00e+00	7.68e-07	1.16e-13
 7.96905e+16	1.00e+00	6.01e-07	7.12e-14
 8.15360e+16	1.00e+00	4.68e-07	4.33e-14
 8.34613e+16	1.00e+00	3.63e-07	2.61e-14
 8.54808e+16	1.00e+00	2.79e-07	1.55e-14
 8.76108e+16	1.00e+00	2.13e-07	9.03e-15
 8.98739e+16	1.00e+00	1.61e-07	5.17e-15
 9.23073e+16	1.00e+00	1.20e-07	2.88e-15
 9.48737e+16	1.00e+00	8.91e-08	1.58e-15
 9.74583e+16	1.00e+00	6.64e-08	8.79e-16
 1.00018e+17	1.00e+00	5.00e-08	4.98e-16
 1.02565e+17	1.00e+00	3.79e-08	2.87e-16
 1.05104e+17	1.00e+00	2.89e-08	1.67e-16
 1.07629e+17	1.00e+00	2.23e-08	9.91e-17
 1.10124e+17	1.00e+00	1.73e-08	5.97e-17
 1.12574e+17	1.00e+00	1.35e-08	3.66e-17
 1.14970e+17	1.00e+00	1.07e-08	2.29e-17
 1.17306e+17	1.00e+00	8.54e-09	1.46e-17
 1.19572e+17	1.00e+00	6.89e-09	9.54e-18
 1.21763e+17	1.00e+00	5.62e-09	6.34e-18
 1.23873e+17	1.00e+00	4.63e-09	4.31e-18
 1.25902e+17	1.00e+00	3.85e-09	2.99e-18
 1.27848e+17	1.00e+00	3.24e-09	2.11e-18
 1.29711e+17	1.00e+00	2.75e-09	1.52e-18
 1.31490e+17	1.00e+00	2.35e-09	1.12e-18
 1.33186e+17	1.00e+00	2.03e-09	8.33e-19
 1.34801e+17	1.00e+00	1.77e-09	6.33e-19
 1.36337e+17	1.00e+00	1.56e-09	4.88e-19
 1.37798e+17	1.00e+00	1.38e-09	3.82e-19
 1.39186e+17	1.00e+00	1.23e-09	3.03e-19
 1.40503e+17	1.00e+00	1.10e-09	2.44e-19
 1.41752e+17	1.00e+00	9.93e-10	1.99e-19
 1.42939e+17	1.00e+00	9.01e-10	1.64e-19
 1.44066e+17	1.00e+00	8.23e-10	1.37e-19
 1.45135e+17	1.00e+00	7.55e-10	1.15e-19
 1.46149e+17	1.00e+00	6.96e-10	9.80e-20
 1.47110e+17	1.00e+00	6.45e-10	8.41e-20
 1.48023e+17	1.00e+00	6.00e-10	7.28e-20
 1.48890e+17	1.00e+00	5.60e-10	6.35e-20
 1.49713e+17	1.00e+00	5.25e-10	5.59e-20
 1.50495e+17	1.00e+00	4.94e-10	4.94e-20
 1.51238e+17	1.00e+00	4.66e-10	4.40e-20
 1.51944e+17	1.00e+00	4.41e-10	3.95e-20
 1.52615e+17	1.00e+00	4.19e-10	3.56e-20
 1.53253e+17	1.00e+00	3.99e-10	3.23e-20
 1.53860e+17	1.00e+00	3.81e-10	2.94e-20
 1.54439e+17	1.00e+00	3.64e-10	2.69e-20
 1.54990e+17	1.00e+00	3.49e-10	2.48e-20
 1.55514e+17	1.00e+00	3.36e-10	2.29e-20
 1.56015e+17	1.00e+00	3.23e-10	2.12e-20
 1.56492e+17	1.00e+00	3.12e-10	1.97e-20
 1.56948e+17	1.00e+00	3.01e-10	1.84e-20
 1.57384e+17	1.00e+00	2.91e-10	1.72e-20
 1.57801e+17	1.00e+00	2.82e-10	1.62e-20
 1.58200e+17	1.00e+00	2.74e-10	1.52e-20
 1.58583e+17	1.00e+00	2.66e-10	1.44e-20
 1.58950e+17	1.00e+00	2.59e-10	1.36e-20
 1.59303e+17	1.00e+00	2.52e-10	1.29e-20
 1.59642e+17	1.00e+00	2.46e-10	1.23e-20
 1.59970e+17	1.00e+00	2.40e-10	1.17e-20
 1.60285e+17	1.00e+00	2.34e-10	1.12e-20
 1.60591e+17	1.00e+00	2.29e-10	1.07e-20
 1.60887e+17	1.00e+00	2.24e-10	1.02e-20
 1.61175e+17	1.00e+00	2.19e-10	9.79e-21
 1.61455e+17	1.00e+00	2.15e-10	0.00e+00
 1.61730e+17	1.00e+00	2.11e-10	0.00e+00
 1.61998e+17	1.00e+00	2.06e-10	0.00e+00
 1.62263e+17	1.00e+00	2.02e-10	0.00e+00
 1.62524e+17	1.00e+00	1.99e-10	0.00e+00
 1.62784e+17	1.00e+00	1.95e-10	0.00e+00
 1.63043e+17	1.00e+00	1.91e-10	0.00e+00
 1.63304e+17	1.00e+00	1.88e-10	0.00e+00
 1.63567e+17	1.00e+00	1.84e-10	0.00e+00
 1.63835e+17	1.00e+00	1.80e-10	0.00e+00
 1.64112e+17	1.00e+00	1.77e-10	0.00e+00
 1.64398e+17	1.00e+00	1.73e-10	0.00e+00
 1.64700e+17	1.00e+00	1.69e-10	0.00e+00
 1.65021e+17	1.00e+00	1.65e-10	0.00e+00
 1.65369e+17	1.00e+00	1.61e-10	0.00e+00
 1.65751e+17	1.00e+00	1.57e-10	0.00e+00
 1.66182e+17	1.00e+00	1.52e-10	0.00e+00
 1.66678e+17	1.00e+00	1.46e-10	0.00e+00
 1.67267e+17	1.00e+00	1.40e-10	0.00e+00
 1.67988e+17	1.00e+00	1.33e-10	0.00e+00
 1.68905e+17	1.00e+00	1.24e-10	0.00e+00
 1.70095e+17	1.00e+00	1.13e-10	0.00e+00
 1.71642e+17	1.00e+00	1.01e-10	0.00e+00
 1.73654e+17	1.00e+00	8.74e-11	0.00e+00
 1.76268e+17	1.00e+00	7.24e-11	0.00e+00
 1.79667e+17	1.00e+00	5.69e-11	0.00e+00
 1.84086e+17	1.00e+00	4.19e-11	0.00e+00
 1.89686e+17	1.00e+00	2.87e-11	0.00e+00
 1.95951e+17	1.00e+00	1.92e-11	0.00e+00
 2.02399e+17	1.00e+00	1.31e-11	0.00e+00
 2.09001e+17	1.00e+00	9.02e-12	0.00e+00
 2.15636e+17	1.00e+00	6.44e-12	0.00e+00
 2.22270e+17	1.00e+00	4.79e-12	0.00e+00
 2.28905e+17	1.00e+00	3.71e-12	0.00e+00
 2.35539e+17	1.00e+00	2.99e-12	0.00e+00
 2.42174e+17	1.00e+00	2.51e-12	0.00e+00
 2.48808e+17	1.00e+00	2.18e-12	0.00e+00
 2.55442e+17	1.00e+00	1.95e-12	0.00e+00
 2.62077e+17	1.00e+00	1.78e-12	0.00e+00
 2.68711e+17	1.00e+00	1.66e-12	0.00e+00
 2.75346e+17	1.00e+00	1.56e-12	0.00e+00
 2.81980e+17	1.00e+00	1.49e-12	0.00e+00
 2.88614e+17	1.00e+00	1.42e-12	0.00e+00
 2.95249e+17	1.00e+00	1.36e-12	0.00e+00
 3.02878e+17	1.00e+00	1.31e-12	0.00e+00
 3.12797e+17	1.00e+00	1.05e-12	0.00e+00
 3.24771e+17	1.00e+00	7.30e-13	0.00e+00
 3.37762e+17	1.00e+00	5.50e-13	0.00e+00
 3.51272e+17	1.00e+00	4.68e-13	0.00e+00
 3.64963e+17	1.00e+00	3.99e-13	0.00e+00
 3.77950e+17	1.00e+00	3.66e-13	0.00e+00
 3.89525e+17	1.00e+00	3.80e-13	0.00e+00
 3.99786e+17	1.00e+00	4.11e-13	0.00e+00
 4.09332e+17	1.00e+00	4.20e-13	0.00e+00
 4.18593e+17	1.00e+00	4.00e-13	0.00e+00
 4.27460e+17	1.00e+00	3.66e-13	0.00e+00
 4.35218e+17	1.00e+00	3.43e-13	0.00e+00
 4.40821e+17	1.00e+00	3.51e-13	0.00e+00
 4.44041e+17	1.00e+00	3.89e-13	0.00e+00
 4.45747e+17	1.00e+00	4.18e-13	0.00e+00
 4.46731e+17	1.00e+00	4.35e-13	0.00e+00
 4.47321e+17	1.00e+00	4.44e-13	0.00e+00
 4.47725e+17	1.00e+00	4.50e-13	0.00e+00
 4.48112e+17	1.00e+00	4.54e-13	0.00e+00
 4.48577e+17	1.00e+00	4.57e-13	0.00e+00
 4.49133e+17	1.00e+00	4.60e-13	0.00e+00
 4.49662e+17	1.00e+00	4.62e-13	0.00e+00
 4.50059e+17	1.00e+00	4.64e-13	0.00e+00
 4.50357e+17	1.00e+00	4.65e-13	0.00e+00
 4.50637e+17	1.00e+00	4.66e-13	0.00e+00
 4.50957e+17	1.00e+00	4.66e-13	0.00e+00
 4.51314e+17	1.00e+00	4.66e-13	0.00e+00
 4.51643e+17	1.00e+00	4.65e-13	0.00e+00
 4.51898e+17	1.00e+00	4.65e-13	0.00e+00
 4.52106e+17	1.00e+00	4.65e-13	0.00e+00
 4.52323e+17	1.00e+00	4.64e-13	0.00e+00
 4.52578e+17	1.00e+00	4.64e-13	0.00e+00
 4.52847e+17	1.00e+00	4.63e-13	0.00e+00
 4.53075e+17	1.00e+00	4.61e-13	0.00e+00
 4.53263e+17	1.00e+00	4.61e-13	0.00e+00
 4.53444e+17	1.00e+00	4.60e-13	0.00e+00
 4.53635e+17	1.00e+00	4.59e-13	0.00e+00
 4.53839e+17	1.00e+00	4.58e-13	0.00e+00
 4.54036e+17	1.00e+00	4.57e-13	0.00e+00
 4.54212e+17	1.00e+00	4.56e-13	0.00e+00
 4.54369e+17	1.00e+00	4.55e-13	0.00e+00
 4.54527e+17	1.00e+00	4.54e-13	0.00e+00
 4.54695e+17	1.00e+00	4.52e-13	0.00e+00
 4.54869e+17	1.00e+00	4.51e-13	0.00e+00
 4.55037e+17	1.00e+00	4.50e-13	0.00e+00
 4.55196e+17	1.00e+00	4.48e-13	0.00e+00
 4.55355e+17	1.00e+00	4.47e-13	0.00e+00
 4.55510e+17	1.00e+00	4.46e-13	0.00e+00
 4.55662e+17	1.00e+00	4.44e-13	0.00e+00
 4.55822e+17	1.00e+00	4.43e-13	0.00e+00
 4.55991e+17	1.00e+00	4.41e-13	0.00e+00
 4.56156e+17	1.00e+00	4.39e-13	0.00e+00
 4.56314e+17	1.00e+00	4.38e-13	0.00e+00
 4.56469e+17	1.00e+00	4.36e-13	0.00e+00
 4.56629e+17	1.00e+00	4.34e-13	0.00e+00
 4.56801e+17	1.00e+00	4.32e-13	0.00e+00
 4.56983e+17	1.00e+00	4.30e-13	0.00e+00
 4.57154e+17	1.00e+00	4.28e-13	0.00e+00
 4.57320e+17	1.00e+00	4.26e-13	0.00e+00
 4.57511e+17	1.00e+00	4.24e-13	0.00e+00
 4.57724e+17	1.00e+00	4.22e-13	0.00e+00
 4.57929e+17	1.00e+00	4.19e-13	0.00e+00
 4.58111e+17	1.00e+00	4.16e-13	0.00e+00
 4.58288e+17	1.00e+00	4.14e-13	0.00e+00
 4.58491e+17	1.00e+00	4.12e-13	0.00e+00
 4.58703e+17	1.00e+00	4.09e-13	0.00e+00
 4.58921e+17	1.00e+00	4.06e-13	0.00e+00
 4.59143e+17	1.00e+00	4.03e-13	0.00e+00
 4.59358e+17	1.00e+00	4.00e-13	0.00e+00
 4.59590e+17	1.00e+00	3.97e-13	0.00e+00
 4.59845e+17	1.00e+00	3.93e-13	0.00e+00
 4.60103e+17	1.00e+00	3.89e-13	0.00e+00
 4.60344e+17	1.00e+00	3.86e-13	0.00e+00
 4.60589e+17	1.00e+00	3.82e-13	0.00e+00
 4.60859e+17	1.00e+00	3.78e-13	0.00e+00
 4.61142e+17	1.00e+00	3.74e-13	0.00e+00
 4.61432e+17	1.00e+00	3.70e-13	0.00e+00
 4.61724e+17	1.00e+00	3.65e-13	0.00e+00
 4.62020e+17	1.00e+00	3.61e-13	0.00e+00
 4.62330e+17	1.00e+00	3.56e-13	0.00e+00
 4.62652e+17	1.00e+00	3.51e-13	0.00e+00
 4.62983e+17	1.00e+00	3.46e-13	0.00e+00
 4.63320e+17	1.00e+00	3.41e-13	0.00e+00
 4.63664e+17	1.00e+00	3.36e-13	0.00e+00
 4.64016e+17	1.00e+00	3.30e-13	0.00e+00
 4.64376e+17	1.00e+00	3.25e-13	0.00e+00
 4.64762e+17	1.00e+00	3.19e-13	0.00e+00
 4.65168e+17	1.00e+00	3.13e-13	0.00e+00
 4.65565e+17	1.00e+00	3.07e-13	0.00e+00
 4.65962e+17	1.00e+00	3.01e-13	0.00e+00
 4.66380e+17	1.00e+00	2.94e-13	0.00e+00
 4.66831e+17	1.00e+00	2.88e-13	0.00e+00
 4.67285e+17	1.00e+00	2.81e-13	0.00e+00
 4.67733e+17	1.00e+00	2.74e-13	0.00e+00
 4.68174e+17	1.00e+00	2.67e-13	0.00e+00
 4.68642e+17	1.00e+00	2.61e-13	0.00e+00
 4.69166e+17	1.00e+00	2.53e-13	0.00e+00
 4.69693e+17	1.00e+00	2.45e-13	0.00e+00
 4.70198e+17	1.00e+00	2.38e-13	0.00e+00
 4.70698e+17	1.00e+00	2.31e-13	0.00e+00
 4.71223e+17	1.00e+00	2.24e-13	0.00e+00
 4.71792e+17	1.00e+00	2.16e-13	0.00e+00
 4.72376e+17	1.00e+00	2.08e-13	0.00e+00
 4.72953e+17	1.00e+00	2.00e-13	0.00e+00
 4.73523e+17	1.00e+00	1.92e-13	0.00e+00
 4.74105e+17	1.00e+00	1.85e-13	0.00e+00
 4.74713e+17	1.00e+00	1.78e-13	0.00e+00
 4.75351e+17	1.00e+00	1.70e-13	0.00e+00
 4.76003e+17	1.00e+00	1.62e-13	0.00e+00
 4.76665e+17	1.00e+00	1.54e-13	0.00e+00
 4.77324e+17	1.00e+00	1.46e-13	0.00e+00
 4.77993e+17	1.00e+00	1.39e-13	0.00e+00
 4.78690e+17	1.00e+00	1.32e-13	0.00e+00
 4.79401e+17	1.00e+00	1.24e-13	0.00e+00
 4.80113e+17	1.00e+00	1.17e-13	0.00e+00
 4.80866e+17	1.00e+00	1.10e-13	0.00e+00
 4.81663e+17	1.00e+00	1.03e-13	0.00e+00
 4.82463e+17	1.00e+00	9.52e-14	0.00e+00
 4.83256e+17	1.00e+00	8.86e-14	0.00e+00
 4.84064e+17	1.00e+00	8.21e-14	0.00e+00
 4.84874e+17	1.00e+00	7.58e-14	0.00e+00
 4.85601e+17	1.00e+00	7.01e-14	0.00e+00
 4.86203e+17	1.00e+00	6.56e-14	0.00e+00
 4.86720e+17	1.00e+00	6.19e-14	0.00e+00
 4.87214e+17	1.00e+00	5.89e-14	0.00e+00
 4.87719e+17	1.00e+00	5.59e-14	0.00e+00
 4.88221e+17	1.00e+00	5.29e-14	0.00e+00
 4.88693e+17	1.00e+00	5.02e-14	0.00e+00
 4.89120e+17	1.00e+00	4.77e-14	0.00e+00
 4.89516e+17	1.00e+00	4.56e-14	0.00e+00
 4.89900e+17	1.00e+00	4.37e-14	0.00e+00
 4.90282e+17	1.00e+00	4.18e-14	0.00e+00
 4.90657e+17	1.00e+00	4.00e-14	0.00e+00
 4.91016e+17	1.00e+00	3.83e-14	0.00e+00
 4.91353e+17	1.00e+00	3.67e-14	0.00e+00
 4.91674e+17	1.00e+00	3.53e-14	0.00e+00
 4.91988e+17	1.00e+00	3.39e-14	0.00e+00
 4.92297e+17	1.00e+00	3.26e-14	0.00e+00
 4.92597e+17	1.00e+00	3.14e-14	0.00e+00
 4.92886e+17	1.00e+00	3.02e-14	0.00e+00
 4.93162e+17	1.00e+00	2.91e-14	0.00e+00
 4.93429e+17	1.00e+00	2.81e-14	0.00e+00
 4.93690e+17	1.00e+00	2.71e-14	0.00e+00
 4.93945e+17	1.00e+00	2.61e-14	0.00e+00
 4.94192e+17	1.00e+00	2.52e-14	0.00e+00
 4.94430e+17	1.00e+00	2.43e-14	0.00e+00
 4.94659e+17	1.00e+00	2.35e-14	0.00e+00
 4.94884e+17	1.00e+00	2.27e-14	0.00e+00
 4.95104e+17	1.00e+00	2.20e-14	0.00e+00
 4.95321e+17	1.00e+00	2.13e-14	0.00e+00
 4.95569e+17	1.00e+00	2.06e-14	0.00e+00
 4.95891e+17	1.00e+00	1.97e-14	0.00e+00
 4.96309e+17	1.00e+00	1.86e-14	0.00e+00
 4.96853e+17	1.00e+00	1.72e-14	0.00e+00
 4.97560e+17	1.00e+00	1.55e-14	0.00e+00
 4.98454e+17	1.00e+00	1.35e-14	0.00e+00
 4.99536e+17	1.00e+00	1.13e-14	0.00e+00
 5.00614e+17	1.00e+00	9.07e-15	0.00e+00
 5.01416e+17	1.00e+00	7.55e-15	0.00e+00
 5.01944e+17	1.00e+00	6.70e-15	0.00e+00
