#depth	C	C+	C+2	C+3	C+4	C+5	C+6	C[1]	C[2]	C[3]	C+[1]	C+[2]	CO
 1.49634e+10	0.00e+00	0.00e+00	3.50e-28	1.22e-18	2.65e-08	3.44e-03	9.97e-01	0.00e+00	0.00e+00	0.00e+00	0.00e+00	0.00e+00	0.00e+00
 4.54887e+10	0.00e+00	4.55e-38	4.81e-28	1.55e-18	3.10e-08	3.72e-03	9.96e-01	0.00e+00	0.00e+00	0.00e+00	0.00e+00	0.00e+00	0.00e+00
 7.72350e+10	0.00e+00	0.00e+00	6.60e-28	1.97e-18	3.64e-08	4.02e-03	9.96e-01	0.00e+00	0.00e+00	0.00e+00	0.00e+00	0.00e+00	0.00e+00
 1.10251e+11	0.00e+00	1.00e-37	9.07e-28	2.50e-18	4.27e-08	4.35e-03	9.96e-01	0.00e+00	0.00e+00	0.00e+00	0.00e+00	0.00e+00	9.53e-238
 1.40602e+11	0.00e+00	0.00e+00	1.20e-27	3.08e-18	4.92e-08	4.66e-03	9.95e-01	0.00e+00	0.00e+00	0.00e+00	0.00e+00	0.00e+00	3.64e-231
 1.66847e+11	0.00e+00	1.92e-37	1.52e-27	3.68e-18	5.54e-08	4.94e-03	9.95e-01	0.00e+00	0.00e+00	0.00e+00	0.00e+00	0.00e+00	1.02e-236
 1.96117e+11	0.00e+00	0.00e+00	1.96e-27	4.46e-18	6.30e-08	5.26e-03	9.95e-01	0.00e+00	0.00e+00	0.00e+00	0.00e+00	0.00e+00	1.61e-230
 2.31877e+11	0.00e+00	3.84e-37	2.66e-27	5.60e-18	7.34e-08	5.67e-03	9.94e-01	0.00e+00	0.00e+00	0.00e+00	0.00e+00	0.00e+00	1.35e-235
 2.68960e+11	0.00e+00	0.00e+00	3.59e-27	7.02e-18	8.55e-08	6.11e-03	9.94e-01	0.00e+00	0.00e+00	0.00e+00	0.00e+00	0.00e+00	3.26e-308
 3.03874e+11	0.00e+00	7.89e-37	4.73e-27	8.64e-18	9.82e-08	6.53e-03	9.93e-01	0.00e+00	0.00e+00	0.00e+00	0.00e+00	0.00e+00	0.00e+00
 3.42303e+11	0.00e+00	0.00e+00	6.33e-27	1.08e-17	1.14e-07	7.02e-03	9.93e-01	0.00e+00	0.00e+00	0.00e+00	0.00e+00	0.00e+00	0.00e+00
 3.85922e+11	0.00e+00	1.69e-36	8.72e-27	1.37e-17	1.34e-07	7.60e-03	9.92e-01	0.00e+00	0.00e+00	0.00e+00	0.00e+00	0.00e+00	1.48e-162
 4.29614e+11	7.58e-47	2.49e-36	1.19e-26	1.73e-17	1.56e-07	8.19e-03	9.92e-01	0.00e+00	0.00e+00	0.00e+00	0.00e+00	0.00e+00	2.51e-232
 4.75054e+11	0.00e+00	0.00e+00	1.62e-26	2.18e-17	1.83e-07	8.84e-03	9.91e-01	0.00e+00	0.00e+00	0.00e+00	0.00e+00	0.00e+00	2.00e-208
 5.23983e+11	0.00e+00	5.48e-36	2.24e-26	2.78e-17	2.15e-07	9.56e-03	9.90e-01	0.00e+00	0.00e+00	0.00e+00	0.00e+00	0.00e+00	0.00e+00
 5.74869e+11	3.16e-46	8.19e-36	3.09e-26	3.55e-17	2.54e-07	1.03e-02	9.90e-01	0.00e+00	0.00e+00	0.00e+00	0.00e+00	0.00e+00	4.32e-140
 6.21778e+11	0.00e+00	0.00e+00	4.12e-26	4.40e-17	2.93e-07	1.11e-02	9.89e-01	0.00e+00	0.00e+00	0.00e+00	0.00e+00	0.00e+00	0.00e+00
 6.62193e+11	0.00e+00	1.58e-35	5.23e-26	5.28e-17	3.31e-07	1.18e-02	9.88e-01	0.00e+00	0.00e+00	0.00e+00	0.00e+00	0.00e+00	2.66e-159
 7.06925e+11	1.02e-45	2.18e-35	6.78e-26	6.41e-17	3.78e-07	1.25e-02	9.87e-01	0.00e+00	0.00e+00	0.00e+00	0.00e+00	0.00e+00	0.00e+00
 7.61815e+11	0.00e+00	0.00e+00	9.23e-26	8.09e-17	4.42e-07	1.35e-02	9.87e-01	0.00e+00	0.00e+00	0.00e+00	0.00e+00	0.00e+00	0.00e+00
 8.17567e+11	0.00e+00	4.68e-35	1.25e-25	1.02e-16	5.15e-07	1.45e-02	9.85e-01	0.00e+00	0.00e+00	0.00e+00	0.00e+00	0.00e+00	0.00e+00
 8.66646e+11	3.73e-45	6.45e-35	1.62e-25	1.23e-16	5.87e-07	1.55e-02	9.85e-01	0.00e+00	0.00e+00	0.00e+00	0.00e+00	0.00e+00	1.93e-137
 9.19396e+11	0.00e+00	9.03e-35	2.12e-25	1.51e-16	6.73e-07	1.65e-02	9.84e-01	0.00e+00	0.00e+00	0.00e+00	0.00e+00	0.00e+00	0.00e+00
 9.83159e+11	8.96e-45	1.34e-34	2.91e-25	1.92e-16	7.90e-07	1.78e-02	9.82e-01	0.00e+00	0.00e+00	0.00e+00	0.00e+00	0.00e+00	1.67e-136
 1.04679e+12	0.00e+00	1.96e-34	3.95e-25	2.42e-16	9.23e-07	1.92e-02	9.81e-01	0.00e+00	0.00e+00	0.00e+00	0.00e+00	0.00e+00	0.00e+00
 1.10394e+12	2.10e-44	2.73e-34	5.15e-25	2.95e-16	1.06e-06	2.04e-02	9.80e-01	0.00e+00	0.00e+00	0.00e+00	0.00e+00	0.00e+00	1.35e-135
 1.16712e+12	0.00e+00	3.90e-34	6.86e-25	3.66e-16	1.22e-06	2.19e-02	9.78e-01	0.00e+00	0.00e+00	0.00e+00	0.00e+00	0.00e+00	0.00e+00
 1.24185e+12	5.27e-44	5.89e-34	9.54e-25	4.70e-16	1.44e-06	2.36e-02	9.76e-01	0.00e+00	0.00e+00	0.00e+00	0.00e+00	0.00e+00	1.29e-134
 1.31569e+12	0.00e+00	8.71e-34	1.31e-24	5.95e-16	1.70e-06	2.55e-02	9.75e-01	0.00e+00	0.00e+00	0.00e+00	0.00e+00	0.00e+00	0.00e+00
 1.38375e+12	1.28e-43	1.24e-33	1.73e-24	7.36e-16	1.96e-06	2.72e-02	9.73e-01	0.00e+00	0.00e+00	0.00e+00	0.00e+00	0.00e+00	1.13e-133
 1.46018e+12	0.00e+00	1.82e-33	2.36e-24	9.28e-16	2.29e-06	2.93e-02	9.71e-01	0.00e+00	0.00e+00	0.00e+00	0.00e+00	0.00e+00	0.00e+00
 1.54523e+12	3.34e-43	2.75e-33	3.29e-24	1.19e-15	2.71e-06	3.17e-02	9.68e-01	0.00e+00	0.00e+00	0.00e+00	0.00e+00	0.00e+00	1.16e-132
 1.62521e+12	0.00e+00	4.02e-33	4.46e-24	1.50e-15	3.16e-06	3.40e-02	9.66e-01	0.00e+00	0.00e+00	0.00e+00	0.00e+00	0.00e+00	0.00e+00
 1.71157e+12	8.46e-43	5.97e-33	6.13e-24	1.90e-15	3.71e-06	3.67e-02	9.63e-01	0.00e+00	0.00e+00	0.00e+00	0.00e+00	0.00e+00	1.11e-131
 1.80776e+12	0.00e+00	9.17e-33	8.65e-24	2.47e-15	4.42e-06	3.97e-02	9.60e-01	0.00e+00	0.00e+00	0.00e+00	0.00e+00	0.00e+00	0.00e+00
 1.90052e+12	2.29e-42	1.37e-32	1.20e-23	3.15e-15	5.21e-06	4.28e-02	9.57e-01	0.00e+00	0.00e+00	0.00e+00	0.00e+00	0.00e+00	1.23e-130
 1.99919e+12	0.00e+00	2.08e-32	1.67e-23	4.05e-15	6.16e-06	4.63e-02	9.54e-01	0.00e+00	0.00e+00	0.00e+00	0.00e+00	0.00e+00	0.00e+00
 2.10908e+12	6.44e-42	3.26e-32	2.39e-23	5.30e-15	7.39e-06	5.03e-02	9.50e-01	0.00e+00	0.00e+00	0.00e+00	0.00e+00	0.00e+00	1.49e-129
 2.21857e+12	0.00e+00	5.02e-32	3.39e-23	6.88e-15	8.81e-06	5.44e-02	9.46e-01	0.00e+00	0.00e+00	0.00e+00	0.00e+00	0.00e+00	0.00e+00
 2.33245e+12	1.82e-41	7.76e-32	4.81e-23	8.95e-15	1.05e-05	5.90e-02	9.41e-01	0.00e+00	0.00e+00	0.00e+00	0.00e+00	0.00e+00	1.81e-128
 2.44067e+12	0.00e+00	1.16e-31	6.65e-23	1.14e-14	1.24e-05	6.35e-02	9.36e-01	0.00e+00	0.00e+00	0.00e+00	0.00e+00	0.00e+00	0.00e+00
 2.53113e+12	4.37e-41	1.61e-31	8.65e-23	1.39e-14	1.41e-05	6.74e-02	9.33e-01	0.00e+00	0.00e+00	0.00e+00	0.00e+00	0.00e+00	1.47e-127
 2.62922e+12	0.00e+00	2.27e-31	1.14e-22	1.71e-14	1.62e-05	7.18e-02	9.28e-01	0.00e+00	0.00e+00	0.00e+00	0.00e+00	0.00e+00	0.00e+00
 2.75332e+12	1.10e-40	3.47e-31	1.60e-22	2.21e-14	1.92e-05	7.75e-02	9.23e-01	0.00e+00	0.00e+00	0.00e+00	0.00e+00	0.00e+00	1.33e-126
 2.88397e+12	0.00e+00	5.35e-31	2.27e-22	2.86e-14	2.29e-05	8.37e-02	9.16e-01	0.00e+00	0.00e+00	0.00e+00	0.00e+00	0.00e+00	0.00e+00
 2.99396e+12	2.80e-40	7.61e-31	3.01e-22	3.54e-14	2.64e-05	8.92e-02	9.11e-01	0.00e+00	0.00e+00	0.00e+00	0.00e+00	0.00e+00	1.25e-125
 3.08882e+12	0.00e+00	1.02e-30	3.82e-22	4.23e-14	2.97e-05	9.40e-02	9.06e-01	0.00e+00	0.00e+00	0.00e+00	0.00e+00	0.00e+00	0.00e+00
 3.19657e+12	5.91e-40	1.42e-30	4.96e-22	5.15e-14	3.38e-05	9.96e-02	9.00e-01	0.00e+00	0.00e+00	0.00e+00	0.00e+00	0.00e+00	7.44e-125
 3.33666e+12	0.00e+00	2.14e-30	6.91e-22	6.60e-14	3.99e-05	1.07e-01	8.93e-01	0.00e+00	0.00e+00	0.00e+00	0.00e+00	0.00e+00	0.00e+00
 3.48187e+12	1.59e-39	3.24e-30	9.64e-22	8.46e-14	4.71e-05	1.15e-01	8.85e-01	0.00e+00	0.00e+00	0.00e+00	0.00e+00	0.00e+00	7.88e-124
 3.60335e+12	0.00e+00	4.52e-30	1.26e-21	1.03e-13	5.38e-05	1.22e-01	8.78e-01	0.00e+00	0.00e+00	0.00e+00	0.00e+00	0.00e+00	0.00e+00
 3.73089e+12	3.56e-39	6.35e-30	1.66e-21	1.27e-13	6.15e-05	1.30e-01	8.70e-01	0.00e+00	0.00e+00	0.00e+00	0.00e+00	0.00e+00	5.42e-123
 3.89401e+12	0.00e+00	9.67e-30	2.32e-21	1.63e-13	7.27e-05	1.39e-01	8.61e-01	0.00e+00	0.00e+00	0.00e+00	0.00e+00	0.00e+00	0.00e+00
 4.06167e+12	9.70e-39	1.47e-29	3.24e-21	2.10e-13	8.57e-05	1.50e-01	8.50e-01	0.00e+00	0.00e+00	0.00e+00	0.00e+00	0.00e+00	5.96e-122
 4.20430e+12	0.00e+00	2.07e-29	4.27e-21	2.57e-13	9.81e-05	1.59e-01	8.41e-01	0.00e+00	0.00e+00	0.00e+00	0.00e+00	0.00e+00	0.00e+00
 4.35607e+12	2.23e-38	2.93e-29	5.66e-21	3.17e-13	1.13e-04	1.68e-01	8.32e-01	0.00e+00	0.00e+00	0.00e+00	0.00e+00	0.00e+00	4.35e-121
 4.54565e+12	0.00e+00	4.48e-29	7.95e-21	4.09e-13	1.33e-04	1.80e-01	8.19e-01	0.00e+00	0.00e+00	0.00e+00	0.00e+00	0.00e+00	0.00e+00
 4.74003e+12	6.10e-38	6.81e-29	1.11e-20	5.25e-13	1.56e-04	1.93e-01	8.07e-01	0.00e+00	0.00e+00	0.00e+00	0.00e+00	0.00e+00	4.89e-120
 4.91219e+12	0.00e+00	9.71e-29	1.48e-20	6.49e-13	1.80e-04	2.05e-01	7.95e-01	0.00e+00	0.00e+00	0.00e+00	0.00e+00	0.00e+00	0.00e+00
 5.09985e+12	1.46e-37	1.41e-28	2.00e-20	8.11e-13	2.08e-04	2.18e-01	7.82e-01	0.00e+00	0.00e+00	0.00e+00	0.00e+00	0.00e+00	4.01e-119
 5.30844e+12	0.00e+00	2.11e-28	2.75e-20	1.03e-12	2.42e-04	2.32e-01	7.68e-01	0.00e+00	0.00e+00	0.00e+00	0.00e+00	0.00e+00	0.00e+00
 5.51240e+12	3.71e-37	3.07e-28	3.72e-20	1.29e-12	2.80e-04	2.46e-01	7.54e-01	0.00e+00	0.00e+00	0.00e+00	0.00e+00	0.00e+00	3.79e-118
 5.71190e+12	0.00e+00	4.37e-28	4.94e-20	1.59e-12	3.20e-04	2.60e-01	7.40e-01	0.00e+00	0.00e+00	0.00e+00	0.00e+00	0.00e+00	0.00e+00
 5.93744e+12	9.03e-37	6.43e-28	6.73e-20	2.00e-12	3.71e-04	2.75e-01	7.24e-01	0.00e+00	0.00e+00	0.00e+00	0.00e+00	0.00e+00	3.26e-117
 6.18645e+12	0.00e+00	9.69e-28	9.34e-20	2.54e-12	4.33e-04	2.93e-01	7.07e-01	0.00e+00	0.00e+00	0.00e+00	0.00e+00	0.00e+00	0.00e+00
 6.40693e+12	2.24e-36	1.37e-27	1.23e-19	3.13e-12	4.93e-04	3.08e-01	6.91e-01	0.00e+00	0.00e+00	0.00e+00	0.00e+00	0.00e+00	2.97e-116
 6.58883e+12	0.00e+00	1.81e-27	1.54e-19	3.68e-12	5.47e-04	3.21e-01	6.79e-01	0.00e+00	0.00e+00	0.00e+00	0.00e+00	0.00e+00	0.00e+00
 6.77963e+12	4.40e-36	2.40e-27	1.93e-19	4.35e-12	6.08e-04	3.34e-01	6.65e-01	0.00e+00	0.00e+00	0.00e+00	0.00e+00	0.00e+00	1.54e-115
 7.02767e+12	0.00e+00	3.43e-27	2.57e-19	5.35e-12	6.93e-04	3.51e-01	6.48e-01	0.00e+00	0.00e+00	0.00e+00	0.00e+00	0.00e+00	7.31e-100
 7.28744e+12	1.04e-35	4.91e-27	3.42e-19	6.61e-12	7.91e-04	3.69e-01	6.31e-01	0.00e+00	0.00e+00	0.00e+00	0.00e+00	0.00e+00	0.00e+00
 7.50975e+12	0.00e+00	6.60e-27	4.33e-19	7.86e-12	8.81e-04	3.84e-01	6.16e-01	0.00e+00	0.00e+00	0.00e+00	0.00e+00	0.00e+00	1.99e-131
 7.74605e+12	2.14e-35	8.95e-27	5.52e-19	9.39e-12	9.84e-04	3.99e-01	6.00e-01	0.00e+00	0.00e+00	0.00e+00	0.00e+00	0.00e+00	1.42e-97
 8.05216e+12	0.00e+00	1.31e-26	7.48e-19	1.17e-11	1.13e-03	4.19e-01	5.80e-01	0.00e+00	0.00e+00	0.00e+00	0.00e+00	0.00e+00	0.00e+00
 8.37080e+12	5.35e-35	1.91e-26	1.01e-18	1.46e-11	1.29e-03	4.39e-01	5.60e-01	0.00e+00	0.00e+00	0.00e+00	0.00e+00	0.00e+00	7.09e-113
 8.64384e+12	7.82e-35	2.62e-26	1.30e-18	1.75e-11	1.45e-03	4.56e-01	5.42e-01	0.00e+00	0.00e+00	0.00e+00	0.00e+00	0.00e+00	2.20e-96
 8.93586e+12	1.15e-34	3.62e-26	1.68e-18	2.11e-11	1.62e-03	4.74e-01	5.24e-01	0.00e+00	0.00e+00	0.00e+00	0.00e+00	0.00e+00	0.00e+00
 9.29790e+12	1.84e-34	5.32e-26	2.29e-18	2.64e-11	1.85e-03	4.95e-01	5.03e-01	0.00e+00	0.00e+00	0.00e+00	0.00e+00	0.00e+00	1.51e-111
 9.67218e+12	2.92e-34	7.81e-26	3.10e-18	3.29e-11	2.12e-03	5.17e-01	4.81e-01	0.00e+00	0.00e+00	0.00e+00	0.00e+00	0.00e+00	3.62e-95
 1.00141e+13	4.38e-34	1.09e-25	4.05e-18	3.99e-11	2.37e-03	5.35e-01	4.62e-01	0.00e+00	0.00e+00	0.00e+00	0.00e+00	0.00e+00	1.31e-110
 1.03927e+13	6.73e-34	1.56e-25	5.37e-18	4.90e-11	2.68e-03	5.55e-01	4.42e-01	0.00e+00	0.00e+00	0.00e+00	0.00e+00	0.00e+00	2.15e-94
 1.08338e+13	1.09e-33	2.32e-25	7.38e-18	6.16e-11	3.07e-03	5.77e-01	4.20e-01	0.00e+00	0.00e+00	0.00e+00	0.00e+00	0.00e+00	1.29e-109
 1.12738e+13	1.73e-33	3.40e-25	9.98e-18	7.65e-11	3.48e-03	5.98e-01	3.98e-01	0.00e+00	0.00e+00	0.00e+00	0.00e+00	0.00e+00	1.61e-93
 1.16727e+13	2.58e-33	4.74e-25	1.30e-17	9.24e-11	3.89e-03	6.16e-01	3.80e-01	0.00e+00	0.00e+00	0.00e+00	0.00e+00	0.00e+00	1.12e-108
 1.21002e+13	3.89e-33	6.65e-25	1.70e-17	1.12e-10	4.35e-03	6.34e-01	3.61e-01	0.00e+00	0.00e+00	0.00e+00	0.00e+00	0.00e+00	9.12e-93
 1.25809e+13	6.08e-33	9.63e-25	2.28e-17	1.38e-10	4.91e-03	6.54e-01	3.41e-01	0.00e+00	0.00e+00	0.00e+00	0.00e+00	0.00e+00	9.79e-108
 1.30380e+13	9.13e-33	1.35e-24	2.98e-17	1.67e-10	5.47e-03	6.71e-01	3.23e-01	0.00e+00	0.00e+00	0.00e+00	0.00e+00	0.00e+00	5.66e-92
 1.35361e+13	1.40e-32	1.91e-24	3.94e-17	2.04e-10	6.12e-03	6.89e-01	3.05e-01	0.00e+00	0.00e+00	0.00e+00	0.00e+00	0.00e+00	8.07e-107
 1.40227e+13	2.09e-32	2.67e-24	5.13e-17	2.46e-10	6.81e-03	7.05e-01	2.88e-01	0.00e+00	0.00e+00	0.00e+00	0.00e+00	0.00e+00	3.31e-91
 1.43924e+13	2.79e-32	3.40e-24	6.21e-17	2.82e-10	7.35e-03	7.16e-01	2.76e-01	0.00e+00	0.00e+00	0.00e+00	0.00e+00	0.00e+00	4.71e-106
 1.47674e+13	3.71e-32	4.29e-24	7.47e-17	3.22e-10	7.90e-03	7.27e-01	2.65e-01	0.00e+00	0.00e+00	0.00e+00	0.00e+00	0.00e+00	1.15e-90
 1.52549e+13	5.36e-32	5.82e-24	9.52e-17	3.82e-10	8.69e-03	7.41e-01	2.51e-01	0.00e+00	0.00e+00	0.00e+00	0.00e+00	0.00e+00	2.49e-105
 1.57753e+13	7.79e-32	7.93e-24	1.22e-16	4.56e-10	9.58e-03	7.54e-01	2.36e-01	0.00e+00	0.00e+00	0.00e+00	0.00e+00	0.00e+00	5.61e-90
 1.62349e+13	1.07e-31	1.03e-23	1.50e-16	5.28e-10	1.04e-02	7.65e-01	2.25e-01	0.00e+00	0.00e+00	0.00e+00	0.00e+00	0.00e+00	1.47e-104
 1.67289e+13	1.49e-31	1.36e-23	1.86e-16	6.16e-10	1.13e-02	7.76e-01	2.13e-01	0.00e+00	0.00e+00	0.00e+00	0.00e+00	0.00e+00	2.26e-89
 1.73633e+13	2.24e-31	1.90e-23	2.44e-16	7.44e-10	1.25e-02	7.89e-01	1.99e-01	0.00e+00	0.00e+00	0.00e+00	0.00e+00	0.00e+00	9.88e-104
 1.80110e+13	3.35e-31	2.65e-23	3.18e-16	8.97e-10	1.38e-02	8.01e-01	1.86e-01	0.00e+00	0.00e+00	0.00e+00	0.00e+00	0.00e+00	1.29e-88
 1.85520e+13	4.62e-31	3.46e-23	3.93e-16	1.04e-09	1.50e-02	8.10e-01	1.75e-01	0.00e+00	0.00e+00	0.00e+00	0.00e+00	0.00e+00	6.40e-103
 1.91234e+13	6.41e-31	4.53e-23	4.86e-16	1.21e-09	1.63e-02	8.18e-01	1.66e-01	0.00e+00	0.00e+00	0.00e+00	0.00e+00	0.00e+00	5.24e-88
 1.98502e+13	9.57e-31	6.30e-23	6.33e-16	1.46e-09	1.79e-02	8.28e-01	1.54e-01	0.00e+00	0.00e+00	0.00e+00	0.00e+00	0.00e+00	4.26e-102
 2.06145e+13	1.43e-30	8.81e-23	8.26e-16	1.76e-09	1.98e-02	8.37e-01	1.43e-01	0.00e+00	0.00e+00	0.00e+00	0.00e+00	0.00e+00	2.99e-87
 2.12984e+13	2.03e-30	1.17e-22	1.04e-15	2.06e-09	2.15e-02	8.45e-01	1.34e-01	0.00e+00	0.00e+00	0.00e+00	0.00e+00	0.00e+00	3.03e-101
 2.20424e+13	2.91e-30	1.58e-22	1.31e-15	2.43e-09	2.35e-02	8.51e-01	1.25e-01	0.00e+00	0.00e+00	0.00e+00	0.00e+00	0.00e+00	1.40e-86
 2.29272e+13	4.39e-30	2.22e-22	1.72e-15	2.93e-09	2.59e-02	8.59e-01	1.15e-01	0.00e+00	0.00e+00	0.00e+00	0.00e+00	0.00e+00	2.33e-100
 2.37398e+13	6.31e-30	2.99e-22	2.18e-15	3.46e-09	2.82e-02	8.64e-01	1.07e-01	0.00e+00	0.00e+00	0.00e+00	0.00e+00	0.00e+00	7.62e-86
 2.43934e+13	8.36e-30	3.77e-22	2.61e-15	3.93e-09	3.01e-02	8.68e-01	1.02e-01	0.00e+00	0.00e+00	0.00e+00	0.00e+00	0.00e+00	1.29e-99
 2.50955e+13	1.12e-29	4.79e-22	3.15e-15	4.48e-09	3.22e-02	8.72e-01	9.59e-02	0.00e+00	0.00e+00	0.00e+00	0.00e+00	0.00e+00	2.71e-85
 2.60081e+13	1.61e-29	6.47e-22	4.00e-15	5.28e-09	3.50e-02	8.76e-01	8.91e-02	0.00e+00	0.00e+00	0.00e+00	0.00e+00	0.00e+00	7.46e-99
 2.69896e+13	2.36e-29	8.83e-22	5.11e-15	6.25e-09	3.82e-02	8.79e-01	8.24e-02	0.00e+00	0.00e+00	0.00e+00	0.00e+00	0.00e+00	1.41e-84
 2.78661e+13	3.26e-29	1.15e-21	6.30e-15	7.23e-09	4.11e-02	8.82e-01	7.70e-02	0.00e+00	0.00e+00	0.00e+00	0.00e+00	0.00e+00	4.93e-98
 2.88110e+13	4.56e-29	1.52e-21	7.80e-15	8.37e-09	4.43e-02	8.84e-01	7.19e-02	0.00e+00	0.00e+00	0.00e+00	0.00e+00	0.00e+00	6.25e-84
 2.98229e+13	6.46e-29	2.02e-21	9.75e-15	9.76e-09	4.79e-02	8.85e-01	6.68e-02	0.00e+00	0.00e+00	0.00e+00	0.00e+00	0.00e+00	3.14e-97
 3.07129e+13	8.67e-29	2.57e-21	1.18e-14	1.11e-08	5.11e-02	8.86e-01	6.28e-02	0.00e+00	0.00e+00	0.00e+00	0.00e+00	0.00e+00	2.67e-83
 3.16610e+13	1.17e-28	3.29e-21	1.42e-14	1.27e-08	5.46e-02	8.87e-01	5.89e-02	0.00e+00	0.00e+00	0.00e+00	0.00e+00	0.00e+00	1.60e-96
 3.28558e+13	1.70e-28	4.44e-21	1.80e-14	1.49e-08	5.91e-02	8.87e-01	5.44e-02	0.00e+00	0.00e+00	0.00e+00	0.00e+00	0.00e+00	1.24e-82
 3.40816e+13	2.44e-28	5.97e-21	2.27e-14	1.74e-08	6.39e-02	8.86e-01	5.03e-02	0.00e+00	0.00e+00	0.00e+00	0.00e+00	0.00e+00	1.19e-95
 3.51539e+13	3.32e-28	7.66e-21	2.75e-14	1.98e-08	6.81e-02	8.85e-01	4.71e-02	0.00e+00	0.00e+00	0.00e+00	0.00e+00	0.00e+00	5.77e-82
 3.63162e+13	4.57e-28	9.93e-21	3.35e-14	2.27e-08	7.29e-02	8.83e-01	4.39e-02	0.00e+00	0.00e+00	0.00e+00	0.00e+00	0.00e+00	6.71e-95
 3.77276e+13	6.65e-28	1.35e-20	4.24e-14	2.66e-08	7.88e-02	8.81e-01	4.04e-02	0.00e+00	0.00e+00	0.00e+00	0.00e+00	0.00e+00	2.89e-81
 3.91604e+13	9.59e-28	1.81e-20	5.33e-14	3.10e-08	8.49e-02	8.78e-01	3.72e-02	0.00e+00	0.00e+00	0.00e+00	0.00e+00	0.00e+00	5.22e-94
 4.04722e+13	1.32e-27	2.35e-20	6.50e-14	3.55e-08	9.06e-02	8.75e-01	3.46e-02	0.00e+00	0.00e+00	0.00e+00	0.00e+00	0.00e+00	1.44e-80
 4.19293e+13	1.87e-27	3.11e-20	8.05e-14	4.09e-08	9.71e-02	8.71e-01	3.20e-02	0.00e+00	0.00e+00	0.00e+00	0.00e+00	0.00e+00	3.35e-93
 4.35106e+13	2.68e-27	4.16e-20	1.01e-13	4.76e-08	1.04e-01	8.66e-01	2.95e-02	0.00e+00	0.00e+00	0.00e+00	0.00e+00	0.00e+00	7.53e-80
 4.49376e+13	3.67e-27	5.36e-20	1.22e-13	5.41e-08	1.11e-01	8.61e-01	2.75e-02	0.00e+00	0.00e+00	0.00e+00	0.00e+00	0.00e+00	2.21e-92
 4.64769e+13	5.09e-27	6.97e-20	1.49e-13	6.18e-08	1.18e-01	8.56e-01	2.55e-02	0.00e+00	0.00e+00	0.00e+00	0.00e+00	0.00e+00	3.41e-79
 4.83089e+13	7.41e-27	9.43e-20	1.87e-13	7.21e-08	1.27e-01	8.49e-01	2.33e-02	0.00e+00	0.00e+00	0.00e+00	0.00e+00	0.00e+00	1.58e-91
 5.01090e+13	1.05e-26	1.25e-19	2.33e-13	8.32e-08	1.36e-01	8.42e-01	2.14e-02	0.00e+00	0.00e+00	0.00e+00	0.00e+00	0.00e+00	1.91e-78
 5.16350e+13	1.41e-26	1.58e-19	2.77e-13	9.35e-08	1.44e-01	8.36e-01	2.00e-02	0.00e+00	0.00e+00	0.00e+00	0.00e+00	0.00e+00	9.64e-91
 5.29441e+13	1.79e-26	1.92e-19	3.21e-13	1.03e-07	1.50e-01	8.31e-01	1.89e-02	0.00e+00	0.00e+00	0.00e+00	0.00e+00	0.00e+00	6.72e-78
 5.43733e+13	2.31e-26	2.35e-19	3.75e-13	1.14e-07	1.58e-01	8.25e-01	1.77e-02	0.00e+00	0.00e+00	0.00e+00	0.00e+00	0.00e+00	3.93e-90
 5.62312e+13	3.20e-26	3.05e-19	4.56e-13	1.30e-07	1.67e-01	8.16e-01	1.64e-02	0.00e+00	0.00e+00	0.00e+00	0.00e+00	0.00e+00	2.67e-77
 5.81489e+13	4.41e-26	3.95e-19	5.55e-13	1.48e-07	1.78e-01	8.07e-01	1.51e-02	0.00e+00	0.00e+00	0.00e+00	0.00e+00	0.00e+00	2.43e-89
 5.97443e+13	5.70e-26	4.86e-19	6.48e-13	1.64e-07	1.86e-01	8.00e-01	1.42e-02	0.00e+00	0.00e+00	0.00e+00	0.00e+00	0.00e+00	1.06e-76
 6.14183e+13	7.42e-26	5.99e-19	7.59e-13	1.81e-07	1.95e-01	7.92e-01	1.33e-02	0.00e+00	0.00e+00	0.00e+00	0.00e+00	0.00e+00	1.07e-88
 6.35946e+13	1.03e-25	7.81e-19	9.27e-13	2.07e-07	2.07e-01	7.81e-01	1.22e-02	0.00e+00	0.00e+00	0.00e+00	0.00e+00	0.00e+00	4.43e-76
 6.58654e+13	1.44e-25	1.02e-18	1.13e-12	2.36e-07	2.19e-01	7.70e-01	1.12e-02	0.00e+00	0.00e+00	0.00e+00	0.00e+00	0.00e+00	9.84e-76
 6.77969e+13	1.89e-25	1.27e-18	1.33e-12	2.62e-07	2.30e-01	7.60e-01	1.04e-02	0.00e+00	0.00e+00	0.00e+00	0.00e+00	0.00e+00	1.90e-75
 6.98456e+13	2.51e-25	1.59e-18	1.58e-12	2.93e-07	2.41e-01	7.50e-01	9.63e-03	0.00e+00	0.00e+00	0.00e+00	0.00e+00	0.00e+00	3.75e-75
 7.24386e+13	3.53e-25	2.09e-18	1.94e-12	3.35e-07	2.55e-01	7.36e-01	8.76e-03	0.00e+00	0.00e+00	0.00e+00	0.00e+00	0.00e+00	8.54e-75
 7.51193e+13	4.97e-25	2.74e-18	2.38e-12	3.82e-07	2.70e-01	7.22e-01	7.98e-03	0.00e+00	0.00e+00	0.00e+00	0.00e+00	0.00e+00	1.95e-74
 7.74607e+13	6.62e-25	3.44e-18	2.82e-12	4.26e-07	2.82e-01	7.10e-01	7.36e-03	0.00e+00	0.00e+00	0.00e+00	0.00e+00	0.00e+00	3.91e-74
 7.99808e+13	8.92e-25	4.37e-18	3.36e-12	4.77e-07	2.96e-01	6.97e-01	6.77e-03	0.00e+00	0.00e+00	0.00e+00	0.00e+00	0.00e+00	8.08e-74
 8.30483e+13	1.26e-24	5.77e-18	4.14e-12	5.45e-07	3.13e-01	6.81e-01	6.11e-03	0.00e+00	0.00e+00	0.00e+00	0.00e+00	0.00e+00	1.89e-73
 8.61042e+13	1.77e-24	7.53e-18	5.05e-12	6.19e-07	3.29e-01	6.65e-01	5.54e-03	0.00e+00	0.00e+00	0.00e+00	0.00e+00	0.00e+00	4.27e-73
 8.88014e+13	2.35e-24	9.44e-18	5.97e-12	6.88e-07	3.44e-01	6.51e-01	5.09e-03	0.00e+00	0.00e+00	0.00e+00	0.00e+00	0.00e+00	8.59e-73
 9.17556e+13	3.17e-24	1.20e-17	7.13e-12	7.70e-07	3.59e-01	6.36e-01	4.65e-03	0.00e+00	0.00e+00	0.00e+00	0.00e+00	0.00e+00	1.80e-72
 9.53088e+13	4.49e-24	1.58e-17	8.75e-12	8.76e-07	3.78e-01	6.18e-01	4.18e-03	0.00e+00	0.00e+00	0.00e+00	0.00e+00	0.00e+00	4.21e-72
 9.88508e+13	6.27e-24	2.05e-17	1.06e-11	9.90e-07	3.96e-01	6.00e-01	3.76e-03	0.00e+00	0.00e+00	0.00e+00	0.00e+00	0.00e+00	9.57e-72
 1.02058e+14	8.37e-24	2.58e-17	1.26e-11	1.10e-06	4.12e-01	5.85e-01	3.43e-03	0.00e+00	0.00e+00	0.00e+00	0.00e+00	0.00e+00	1.96e-71
 1.05619e+14	1.14e-23	3.30e-17	1.51e-11	1.23e-06	4.29e-01	5.68e-01	3.10e-03	0.00e+00	0.00e+00	0.00e+00	0.00e+00	0.00e+00	4.23e-71
 1.09800e+14	1.62e-23	4.35e-17	1.84e-11	1.40e-06	4.49e-01	5.48e-01	2.77e-03	0.00e+00	0.00e+00	0.00e+00	0.00e+00	0.00e+00	1.01e-70
 1.13924e+14	2.25e-23	5.64e-17	2.23e-11	1.57e-06	4.68e-01	5.30e-01	2.48e-03	0.00e+00	0.00e+00	0.00e+00	1.80e-17	3.84e-17	2.30e-70
 1.17787e+14	3.04e-23	7.12e-17	2.64e-11	1.74e-06	4.85e-01	5.13e-01	2.24e-03	0.00e+00	0.00e+00	0.00e+00	2.36e-17	4.76e-17	4.86e-70
 1.22103e+14	4.18e-23	9.16e-17	3.17e-11	1.95e-06	5.04e-01	4.94e-01	2.01e-03	0.00e+00	0.00e+00	0.00e+00	3.04e-17	6.12e-17	1.09e-69
 1.26575e+14	5.75e-23	1.18e-16	3.81e-11	2.17e-06	5.22e-01	4.76e-01	1.79e-03	0.00e+00	0.00e+00	0.00e+00	3.90e-17	7.86e-17	2.42e-69
 1.30442e+14	7.50e-23	1.45e-16	4.42e-11	2.38e-06	5.37e-01	4.61e-01	1.63e-03	0.00e+00	0.00e+00	0.00e+00	4.80e-17	9.67e-17	4.75e-69
 1.33856e+14	9.41e-23	1.73e-16	5.02e-11	2.57e-06	5.51e-01	4.48e-01	1.51e-03	0.00e+00	0.00e+00	0.00e+00	5.73e-17	1.16e-16	8.46e-69
 1.37558e+14	1.19e-22	2.08e-16	5.75e-11	2.79e-06	5.64e-01	4.34e-01	1.38e-03	0.00e+00	0.00e+00	0.00e+00	6.91e-17	1.39e-16	1.55e-68
 1.42370e+14	1.61e-22	2.63e-16	6.80e-11	3.08e-06	5.82e-01	4.17e-01	1.24e-03	0.00e+00	0.00e+00	0.00e+00	8.73e-17	1.76e-16	3.35e-68
 1.47264e+14	2.17e-22	3.32e-16	8.02e-11	3.39e-06	5.98e-01	4.01e-01	1.11e-03	0.00e+00	0.00e+00	0.00e+00	1.10e-16	2.22e-16	7.13e-68
 1.51244e+14	2.74e-22	3.97e-16	9.12e-11	3.66e-06	6.11e-01	3.88e-01	1.02e-03	0.00e+00	0.00e+00	0.00e+00	1.32e-16	2.65e-16	1.29e-67
 1.55396e+14	3.46e-22	4.76e-16	1.04e-10	3.95e-06	6.24e-01	3.75e-01	9.31e-04	0.00e+00	0.00e+00	0.00e+00	1.58e-16	3.18e-16	2.37e-67
 1.60794e+14	4.65e-22	5.99e-16	1.22e-10	4.34e-06	6.40e-01	3.59e-01	8.31e-04	0.00e+00	0.00e+00	0.00e+00	1.99e-16	4.01e-16	5.08e-67
 1.66488e+14	6.28e-22	7.56e-16	1.44e-10	4.78e-06	6.56e-01	3.43e-01	7.40e-04	0.00e+00	0.00e+00	0.00e+00	2.50e-16	5.05e-16	1.11e-66
 1.71426e+14	8.08e-22	9.18e-16	1.65e-10	5.17e-06	6.70e-01	3.30e-01	6.71e-04	0.00e+00	0.00e+00	0.00e+00	3.04e-16	6.14e-16	2.16e-66
 1.76704e+14	1.05e-21	1.12e-15	1.90e-10	5.60e-06	6.83e-01	3.16e-01	6.06e-04	0.00e+00	0.00e+00	0.00e+00	3.72e-16	7.50e-16	4.21e-66
 1.83297e+14	1.43e-21	1.43e-15	2.25e-10	6.17e-06	6.99e-01	3.01e-01	5.35e-04	0.00e+00	0.00e+00	0.00e+00	4.73e-16	9.54e-16	9.54e-66
 1.90079e+14	1.95e-21	1.81e-15	2.66e-10	6.78e-06	7.14e-01	2.86e-01	4.73e-04	0.00e+00	0.00e+00	0.00e+00	6.00e-16	1.21e-15	2.15e-65
 1.96091e+14	2.55e-21	2.22e-15	3.06e-10	7.34e-06	7.27e-01	2.73e-01	4.24e-04	0.00e+00	0.00e+00	0.00e+00	7.35e-16	1.48e-15	4.32e-65
 2.02620e+14	3.36e-21	2.75e-15	3.55e-10	7.98e-06	7.39e-01	2.60e-01	3.79e-04	0.00e+00	0.00e+00	0.00e+00	9.09e-16	1.84e-15	8.98e-65
 2.10452e+14	4.63e-21	3.51e-15	4.22e-10	8.77e-06	7.54e-01	2.46e-01	3.32e-04	0.00e+00	0.00e+00	0.00e+00	1.16e-15	2.35e-15	2.10e-64
 2.18223e+14	6.30e-21	4.44e-15	4.96e-10	9.60e-06	7.67e-01	2.33e-01	2.92e-04	0.00e+00	0.00e+00	0.00e+00	1.47e-15	2.97e-15	4.73e-64
 2.25240e+14	8.23e-21	5.45e-15	5.71e-10	1.04e-05	7.78e-01	2.22e-01	2.61e-04	0.00e+00	0.00e+00	0.00e+00	1.80e-15	3.64e-15	9.61e-64
 2.33028e+14	1.10e-20	6.78e-15	6.64e-10	1.13e-05	7.90e-01	2.10e-01	2.31e-04	0.00e+00	0.00e+00	0.00e+00	2.24e-15	4.54e-15	2.06e-63
 2.42194e+14	1.52e-20	8.68e-15	7.87e-10	1.24e-05	8.02e-01	1.98e-01	2.01e-04	0.00e+00	0.00e+00	0.00e+00	2.87e-15	5.81e-15	4.88e-63
 2.51274e+14	2.06e-20	1.10e-14	9.25e-10	1.35e-05	8.14e-01	1.86e-01	1.76e-04	0.00e+00	0.00e+00	0.00e+00	3.63e-15	7.35e-15	1.11e-62
 2.59772e+14	2.72e-20	1.36e-14	1.07e-09	1.46e-05	8.23e-01	1.76e-01	1.56e-04	0.00e+00	0.00e+00	0.00e+00	4.49e-15	9.08e-15	2.34e-62
 2.69248e+14	3.67e-20	1.70e-14	1.25e-09	1.59e-05	8.34e-01	1.66e-01	1.37e-04	0.00e+00	0.00e+00	0.00e+00	5.63e-15	1.14e-14	5.19e-62
 2.80048e+14	5.09e-20	2.18e-14	1.48e-09	1.74e-05	8.44e-01	1.56e-01	1.19e-04	0.00e+00	0.00e+00	0.00e+00	7.21e-15	1.46e-14	1.25e-61
 2.89785e+14	6.75e-20	2.71e-14	1.72e-09	1.88e-05	8.53e-01	1.47e-01	1.05e-04	0.00e+00	0.00e+00	0.00e+00	8.94e-15	1.81e-14	2.66e-61
 2.97276e+14	8.34e-20	3.18e-14	1.91e-09	1.99e-05	8.59e-01	1.41e-01	9.51e-05	0.00e+00	0.00e+00	0.00e+00	1.05e-14	2.13e-14	4.70e-61
 3.04774e+14	1.02e-19	3.71e-14	2.13e-09	2.11e-05	8.65e-01	1.35e-01	8.67e-05	0.00e+00	0.00e+00	0.00e+00	1.23e-14	2.49e-14	8.17e-61
 3.14522e+14	1.33e-19	4.52e-14	2.44e-09	2.27e-05	8.72e-01	1.27e-01	7.70e-05	0.00e+00	0.00e+00	0.00e+00	1.49e-14	3.03e-14	1.64e-60
 3.24882e+14	1.73e-19	5.54e-14	2.80e-09	2.44e-05	8.80e-01	1.20e-01	6.81e-05	0.00e+00	0.00e+00	0.00e+00	1.83e-14	3.71e-14	3.36e-60
 3.33921e+14	2.17e-19	6.57e-14	3.14e-09	2.59e-05	8.85e-01	1.15e-01	6.14e-05	0.00e+00	0.00e+00	0.00e+00	2.17e-14	4.40e-14	6.17e-60
 3.43556e+14	2.74e-19	7.84e-14	3.55e-09	2.76e-05	8.91e-01	1.09e-01	5.51e-05	0.00e+00	0.00e+00	0.00e+00	2.58e-14	5.25e-14	1.15e-59
 3.55997e+14	3.66e-19	9.77e-14	4.12e-09	2.99e-05	8.98e-01	1.02e-01	4.81e-05	0.00e+00	0.00e+00	0.00e+00	3.22e-14	6.55e-14	2.53e-59
 3.68751e+14	4.87e-19	1.21e-13	4.78e-09	3.24e-05	9.04e-01	9.58e-02	4.20e-05	0.00e+00	0.00e+00	0.00e+00	4.00e-14	8.14e-14	5.48e-59
 3.79406e+14	6.14e-19	1.45e-13	5.39e-09	3.45e-05	9.09e-01	9.09e-02	3.76e-05	0.00e+00	0.00e+00	0.00e+00	4.77e-14	9.71e-14	1.02e-58
 3.90669e+14	7.77e-19	1.73e-13	6.10e-09	3.68e-05	9.14e-01	8.61e-02	3.35e-05	0.00e+00	0.00e+00	0.00e+00	5.71e-14	1.16e-13	1.94e-58
 4.04991e+14	1.04e-18	2.16e-13	7.10e-09	3.99e-05	9.19e-01	8.05e-02	2.91e-05	0.00e+00	0.00e+00	0.00e+00	7.12e-14	1.45e-13	4.25e-58
 4.19923e+14	1.39e-18	2.70e-13	8.27e-09	4.32e-05	9.25e-01	7.51e-02	2.52e-05	0.00e+00	0.00e+00	0.00e+00	8.89e-14	1.81e-13	9.38e-58
 4.32977e+14	1.78e-18	3.26e-13	9.40e-09	4.62e-05	9.29e-01	7.09e-02	2.24e-05	0.00e+00	0.00e+00	0.00e+00	1.07e-13	2.19e-13	1.83e-57
 4.46953e+14	2.30e-18	3.96e-13	1.07e-08	4.96e-05	9.33e-01	6.67e-02	1.97e-05	0.00e+00	0.00e+00	0.00e+00	1.30e-13	2.65e-13	3.63e-57
 4.63964e+14	3.10e-18	4.97e-13	1.26e-08	5.38e-05	9.38e-01	6.20e-02	1.70e-05	0.00e+00	0.00e+00	0.00e+00	1.63e-13	3.34e-13	8.16e-57
 4.80904e+14	4.13e-18	6.18e-13	1.46e-08	5.82e-05	9.42e-01	5.79e-02	1.47e-05	0.00e+00	0.00e+00	0.00e+00	2.03e-13	4.15e-13	1.77e-56
 4.95803e+14	5.26e-18	7.44e-13	1.66e-08	6.22e-05	9.45e-01	5.45e-02	1.30e-05	0.00e+00	0.00e+00	0.00e+00	2.44e-13	5.00e-13	3.43e-56
 5.12067e+14	6.80e-18	9.05e-13	1.90e-08	6.68e-05	9.49e-01	5.11e-02	1.14e-05	0.00e+00	0.00e+00	0.00e+00	2.97e-13	6.08e-13	6.87e-56
 5.31700e+14	9.16e-18	1.14e-12	2.22e-08	7.26e-05	9.52e-01	4.74e-02	9.77e-06	0.00e+00	0.00e+00	0.00e+00	3.73e-13	7.64e-13	1.54e-55
 5.51241e+14	1.22e-17	1.41e-12	2.58e-08	7.86e-05	9.56e-01	4.42e-02	8.44e-06	0.00e+00	0.00e+00	0.00e+00	4.63e-13	9.51e-13	3.35e-55
 5.68725e+14	1.56e-17	1.71e-12	2.94e-08	8.41e-05	9.58e-01	4.15e-02	7.42e-06	0.00e+00	0.00e+00	0.00e+00	5.59e-13	1.15e-12	6.56e-55
 5.88008e+14	2.03e-17	2.09e-12	3.38e-08	9.05e-05	9.61e-01	3.88e-02	6.47e-06	0.00e+00	0.00e+00	0.00e+00	6.83e-13	1.40e-12	1.34e-54
 6.10900e+14	2.73e-17	2.63e-12	3.97e-08	9.84e-05	9.64e-01	3.59e-02	5.52e-06	0.00e+00	0.00e+00	0.00e+00	8.59e-13	1.77e-12	3.02e-54
 6.33500e+14	3.63e-17	3.27e-12	4.61e-08	1.07e-04	9.67e-01	3.33e-02	4.75e-06	0.00e+00	0.00e+00	0.00e+00	1.07e-12	2.20e-12	6.58e-54
 6.54175e+14	4.67e-17	3.96e-12	5.27e-08	1.14e-04	9.69e-01	3.12e-02	4.16e-06	3.80e-18	1.14e-17	1.91e-17	1.29e-12	2.66e-12	1.31e-53
 6.73807e+14	5.88e-17	4.72e-12	5.96e-08	1.22e-04	9.71e-01	2.94e-02	3.68e-06	4.79e-18	1.44e-17	2.40e-17	1.54e-12	3.18e-12	2.46e-53
 6.95806e+14	7.55e-17	5.72e-12	6.81e-08	1.31e-04	9.72e-01	2.75e-02	3.21e-06	6.15e-18	1.85e-17	3.09e-17	1.87e-12	3.85e-12	4.87e-53
 7.18205e+14	9.66e-17	6.92e-12	7.77e-08	1.40e-04	9.74e-01	2.57e-02	2.82e-06	7.87e-18	2.36e-17	3.95e-17	2.26e-12	4.66e-12	9.58e-53
 7.36318e+14	1.17e-16	8.03e-12	8.61e-08	1.48e-04	9.75e-01	2.45e-02	2.54e-06	9.55e-18	2.87e-17	4.80e-17	2.62e-12	5.41e-12	1.64e-52
 7.55056e+14	1.42e-16	9.32e-12	9.57e-08	1.56e-04	9.77e-01	2.32e-02	2.28e-06	1.16e-17	3.48e-17	5.82e-17	3.04e-12	6.28e-12	2.78e-52
 7.79416e+14	1.82e-16	1.13e-11	1.09e-07	1.67e-04	9.78e-01	2.17e-02	2.00e-06	1.48e-17	4.45e-17	7.45e-17	3.67e-12	7.59e-12	5.48e-52
 8.04911e+14	2.33e-16	1.36e-11	1.25e-07	1.80e-04	9.80e-01	2.03e-02	1.74e-06	1.90e-17	5.71e-17	9.55e-17	4.44e-12	9.20e-12	1.09e-51
 8.26605e+14	2.86e-16	1.60e-11	1.39e-07	1.90e-04	9.81e-01	1.92e-02	1.56e-06	2.34e-17	7.02e-17	1.17e-16	5.20e-12	1.08e-11	1.92e-51
 8.49532e+14	3.54e-16	1.88e-11	1.56e-07	2.02e-04	9.82e-01	1.81e-02	1.39e-06	2.89e-17	8.67e-17	1.45e-16	6.12e-12	1.27e-11	3.46e-51
 8.79337e+14	4.61e-16	2.31e-11	1.80e-07	2.18e-04	9.83e-01	1.69e-02	1.20e-06	3.76e-17	1.13e-16	1.89e-16	7.50e-12	1.56e-11	7.22e-51
 9.10188e+14	6.01e-16	2.83e-11	2.07e-07	2.35e-04	9.84e-01	1.57e-02	1.04e-06	4.90e-17	1.47e-16	2.46e-16	9.20e-12	1.91e-11	1.51e-50
 9.36061e+14	7.45e-16	3.34e-11	2.33e-07	2.49e-04	9.85e-01	1.48e-02	9.22e-07	6.08e-17	1.83e-16	3.06e-16	1.09e-11	2.25e-11	2.75e-50
 9.63360e+14	9.29e-16	3.96e-11	2.62e-07	2.65e-04	9.86e-01	1.39e-02	0.00e+00	7.59e-17	2.28e-16	3.81e-16	1.29e-11	2.67e-11	5.10e-50
 9.98380e+14	1.22e-15	4.89e-11	3.04e-07	2.87e-04	9.87e-01	1.29e-02	0.00e+00	9.98e-17	3.00e-16	5.01e-16	1.59e-11	3.30e-11	1.10e-49
 1.03511e+15	1.61e-15	6.06e-11	3.53e-07	3.10e-04	9.88e-01	1.20e-02	0.00e+00	1.31e-16	3.95e-16	6.60e-16	1.97e-11	4.09e-11	2.37e-49
 1.06740e+15	2.03e-15	7.26e-11	4.00e-07	3.31e-04	9.88e-01	1.12e-02	0.00e+00	1.66e-16	4.99e-16	8.34e-16	2.36e-11	4.90e-11	4.59e-49
 1.10226e+15	2.60e-15	8.78e-11	4.57e-07	3.55e-04	9.89e-01	1.05e-02	0.00e+00	2.12e-16	6.38e-16	1.07e-15	2.85e-11	5.93e-11	9.16e-49
 1.14442e+15	3.45e-15	1.09e-10	5.33e-07	3.85e-04	9.90e-01	9.67e-03	0.00e+00	2.82e-16	8.48e-16	1.42e-15	3.55e-11	7.40e-11	2.04e-48
 1.18653e+15	4.53e-15	1.35e-10	6.18e-07	4.17e-04	9.91e-01	8.96e-03	0.00e+00	3.71e-16	1.11e-15	1.86e-15	4.39e-11	9.14e-11	4.41e-48
 1.22446e+15	5.74e-15	1.63e-10	7.04e-07	4.46e-04	9.91e-01	8.38e-03	0.00e+00	4.70e-16	1.41e-15	2.36e-15	5.28e-11	1.10e-10	8.68e-48
 1.26651e+15	7.39e-15	1.98e-10	8.09e-07	4.80e-04	9.92e-01	7.79e-03	0.00e+00	6.06e-16	1.82e-15	3.04e-15	6.43e-11	1.34e-10	1.78e-47
 1.31610e+15	9.85e-15	2.48e-10	9.47e-07	5.22e-04	9.92e-01	7.17e-03	0.00e+00	8.08e-16	2.43e-15	4.06e-15	8.05e-11	1.68e-10	4.03e-47
 1.36502e+15	1.29e-14	3.07e-10	1.10e-06	5.65e-04	9.93e-01	6.63e-03	0.00e+00	1.06e-15	3.19e-15	5.33e-15	9.96e-11	2.08e-10	8.80e-47
 1.41018e+15	1.65e-14	3.72e-10	1.26e-06	6.07e-04	9.93e-01	6.18e-03	0.00e+00	1.35e-15	4.07e-15	6.80e-15	1.20e-10	2.51e-10	1.76e-46
 1.44914e+15	2.02e-14	4.36e-10	1.41e-06	6.44e-04	9.94e-01	5.82e-03	0.00e+00	1.66e-15	4.97e-15	8.31e-15	1.41e-10	2.95e-10	3.14e-46
 1.48186e+15	2.37e-14	4.96e-10	1.54e-06	6.77e-04	9.94e-01	5.55e-03	0.00e+00	1.95e-15	5.86e-15	9.80e-15	1.61e-10	3.35e-10	5.04e-46
 1.51829e+15	2.84e-14	5.71e-10	1.71e-06	7.14e-04	9.94e-01	5.26e-03	0.00e+00	2.33e-15	7.00e-15	1.17e-14	1.85e-10	3.86e-10	8.38e-46
 1.56563e+15	3.55e-14	6.83e-10	1.94e-06	7.65e-04	9.94e-01	4.92e-03	0.00e+00	2.92e-15	8.78e-15	1.47e-14	2.21e-10	4.61e-10	1.61e-45
 1.61498e+15	4.45e-14	8.16e-10	2.20e-06	8.19e-04	9.95e-01	4.59e-03	0.00e+00	3.66e-15	1.10e-14	1.84e-14	2.64e-10	5.52e-10	3.09e-45
 1.65663e+15	5.34e-14	9.45e-10	2.45e-06	8.66e-04	9.95e-01	4.34e-03	0.00e+00	4.40e-15	1.32e-14	2.21e-14	3.06e-10	6.39e-10	5.24e-45
 1.70051e+15	6.44e-14	1.10e-09	2.73e-06	9.19e-04	9.95e-01	4.09e-03	0.00e+00	5.31e-15	1.59e-14	2.67e-14	3.56e-10	7.42e-10	9.03e-45
 1.75756e+15	8.16e-14	1.33e-09	3.13e-06	9.90e-04	9.95e-01	3.80e-03	0.00e+00	6.73e-15	2.02e-14	3.38e-14	4.30e-10	8.97e-10	1.80e-44
 1.81642e+15	9.68e-14	1.60e-09	3.58e-06	1.07e-03	9.95e-01	3.53e-03	0.00e+00	7.99e-15	2.40e-14	4.01e-14	5.19e-10	1.08e-09	3.47e-44
 1.86541e+15	1.16e-13	1.86e-09	4.00e-06	1.13e-03	9.96e-01	3.33e-03	0.00e+00	9.57e-15	2.88e-14	4.81e-14	6.03e-10	1.26e-09	5.99e-44
 1.91689e+15	1.39e-13	2.17e-09	4.47e-06	1.20e-03	9.96e-01	3.13e-03	0.00e+00	1.15e-14	3.46e-14	5.78e-14	7.04e-10	1.47e-09	1.05e-43
 1.98381e+15	1.76e-13	2.64e-09	5.16e-06	1.30e-03	9.96e-01	2.89e-03	0.00e+00	1.45e-14	4.36e-14	7.29e-14	8.55e-10	1.78e-09	2.11e-43
 2.05404e+15	2.21e-13	3.21e-09	5.96e-06	1.41e-03	9.96e-01	2.67e-03	0.00e+00	1.83e-14	5.48e-14	9.17e-14	1.04e-09	2.17e-09	4.29e-43
 2.11431e+15	2.66e-13	3.77e-09	6.71e-06	1.51e-03	9.96e-01	2.50e-03	0.00e+00	2.20e-14	6.61e-14	1.11e-13	1.22e-09	2.55e-09	7.68e-43
 2.17841e+15	3.22e-13	4.45e-09	7.60e-06	1.62e-03	9.96e-01	2.33e-03	0.00e+00	2.67e-14	8.02e-14	1.34e-13	1.44e-09	3.00e-09	1.40e-42
 2.25895e+15	4.07e-13	5.44e-09	8.83e-06	1.76e-03	9.96e-01	2.14e-03	0.00e+00	3.38e-14	1.01e-13	1.69e-13	1.77e-09	3.68e-09	2.92e-42
 2.34274e+15	5.09e-13	6.65e-09	1.03e-05	1.91e-03	9.96e-01	1.97e-03	0.00e+00	4.23e-14	1.27e-13	2.12e-13	2.16e-09	4.49e-09	6.04e-42
 2.41716e+15	6.16e-13	7.90e-09	1.17e-05	2.06e-03	9.96e-01	1.83e-03	0.00e+00	5.12e-14	1.54e-13	2.57e-13	2.57e-09	5.33e-09	1.15e-41
 2.49753e+15	7.55e-13	9.47e-09	1.34e-05	2.22e-03	9.96e-01	1.69e-03	0.00e+00	6.29e-14	1.89e-13	3.16e-13	3.08e-09	6.39e-09	2.22e-41
 2.59383e+15	9.42e-13	1.16e-08	1.56e-05	2.43e-03	9.96e-01	1.55e-03	0.00e+00	7.86e-14	2.36e-13	3.94e-13	3.77e-09	7.83e-09	4.66e-41
 2.68913e+15	1.16e-12	1.41e-08	1.81e-05	2.64e-03	9.96e-01	1.42e-03	0.00e+00	9.67e-14	2.90e-13	4.85e-13	4.59e-09	9.51e-09	9.48e-41
 2.77484e+15	1.38e-12	1.67e-08	2.06e-05	2.85e-03	9.96e-01	1.32e-03	0.00e+00	1.16e-13	3.47e-13	5.80e-13	5.43e-09	1.13e-08	1.76e-40
 2.84857e+15	1.59e-12	1.92e-08	2.30e-05	3.03e-03	9.96e-01	1.24e-03	0.00e+00	1.33e-13	4.01e-13	6.70e-13	6.25e-09	1.30e-08	2.95e-40
 2.91212e+15	1.80e-12	2.16e-08	2.51e-05	3.19e-03	9.96e-01	1.17e-03	0.00e+00	1.51e-13	4.53e-13	7.57e-13	7.04e-09	1.46e-08	4.56e-40
 2.98365e+15	2.06e-12	2.46e-08	2.77e-05	3.38e-03	9.95e-01	1.10e-03	0.00e+00	1.73e-13	5.20e-13	8.68e-13	8.01e-09	1.66e-08	7.35e-40
 3.07664e+15	2.44e-12	2.90e-08	3.15e-05	3.64e-03	9.95e-01	1.03e-03	0.00e+00	2.05e-13	6.16e-13	1.03e-12	9.45e-09	1.95e-08	1.36e-39
 3.17197e+15	2.86e-12	3.41e-08	3.56e-05	3.91e-03	9.95e-01	9.53e-04	0.00e+00	2.41e-13	7.23e-13	1.21e-12	1.11e-08	2.29e-08	2.49e-39
 3.25001e+15	3.25e-12	3.87e-08	3.93e-05	4.15e-03	9.95e-01	8.98e-04	0.00e+00	2.74e-13	8.22e-13	1.37e-12	1.26e-08	2.61e-08	4.00e-39
 3.33114e+15	3.71e-12	4.41e-08	4.35e-05	4.40e-03	9.95e-01	8.45e-04	0.00e+00	3.13e-13	9.39e-13	1.57e-12	1.44e-08	2.97e-08	6.54e-39
 3.43661e+15	4.37e-12	5.20e-08	4.94e-05	4.74e-03	9.94e-01	7.83e-04	0.00e+00	3.69e-13	1.11e-12	1.85e-12	1.70e-08	3.50e-08	1.22e-38
 3.54597e+15	5.11e-12	6.13e-08	5.61e-05	5.11e-03	9.94e-01	7.25e-04	0.00e+00	4.32e-13	1.30e-12	2.17e-12	2.00e-08	4.13e-08	2.25e-38
 3.63761e+15	5.81e-12	7.00e-08	6.22e-05	5.43e-03	9.94e-01	6.81e-04	0.00e+00	4.92e-13	1.48e-12	2.46e-12	2.29e-08	4.71e-08	3.70e-38
 3.73399e+15	6.65e-12	8.03e-08	6.92e-05	5.78e-03	9.94e-01	6.39e-04	0.00e+00	5.64e-13	1.69e-12	2.83e-12	2.63e-08	5.41e-08	6.23e-38
 3.85929e+15	7.86e-12	9.57e-08	7.92e-05	6.25e-03	9.93e-01	5.89e-04	0.00e+00	6.67e-13	2.00e-12	3.35e-12	3.13e-08	6.44e-08	1.21e-37
 3.98931e+15	9.22e-12	1.14e-07	9.06e-05	6.77e-03	9.93e-01	5.43e-04	0.00e+00	7.84e-13	2.35e-12	3.93e-12	3.73e-08	7.65e-08	2.35e-37
 4.09908e+15	1.05e-11	1.31e-07	1.01e-04	7.22e-03	9.92e-01	5.07e-04	0.00e+00	8.93e-13	2.68e-12	4.48e-12	4.29e-08	8.81e-08	4.09e-37
 4.21539e+15	1.21e-11	1.52e-07	1.13e-04	7.72e-03	9.92e-01	4.73e-04	0.00e+00	1.03e-12	3.10e-12	5.17e-12	4.98e-08	1.02e-07	7.29e-37
 4.36659e+15	1.45e-11	1.83e-07	1.31e-04	8.40e-03	9.91e-01	4.34e-04	0.00e+00	1.24e-12	3.71e-12	6.20e-12	5.99e-08	1.23e-07	1.52e-36
 4.52568e+15	1.71e-11	2.20e-07	1.51e-04	9.16e-03	9.90e-01	3.96e-04	0.00e+00	1.46e-12	4.38e-12	7.32e-12	7.21e-08	1.48e-07	3.14e-36
 4.66293e+15	1.99e-11	2.57e-07	1.70e-04	9.83e-03	9.90e-01	3.68e-04	0.00e+00	1.70e-12	5.12e-12	8.55e-12	8.44e-08	1.73e-07	5.76e-36
 4.80928e+15	2.31e-11	3.03e-07	1.93e-04	1.06e-02	9.89e-01	3.41e-04	0.00e+00	1.98e-12	5.93e-12	9.91e-12	9.95e-08	2.03e-07	1.09e-35
 4.98986e+15	2.77e-11	3.68e-07	2.24e-04	1.16e-02	9.88e-01	3.11e-04	0.00e+00	2.38e-12	7.14e-12	1.19e-11	1.21e-07	2.47e-07	2.34e-35
 5.17339e+15	3.28e-11	4.44e-07	2.59e-04	1.26e-02	9.87e-01	2.84e-04	0.00e+00	2.82e-12	8.46e-12	1.41e-11	1.46e-07	2.98e-07	4.83e-35
 5.33656e+15	3.79e-11	5.22e-07	2.94e-04	1.36e-02	9.86e-01	2.63e-04	0.00e+00	3.26e-12	9.80e-12	1.64e-11	1.72e-07	3.50e-07	8.95e-35
 5.47452e+15	4.32e-11	5.96e-07	3.25e-04	1.44e-02	9.85e-01	2.46e-04	0.00e+00	3.72e-12	1.12e-11	1.87e-11	1.96e-07	4.00e-07	1.48e-34
 5.59383e+15	4.72e-11	6.68e-07	3.55e-04	1.52e-02	9.84e-01	2.33e-04	0.00e+00	4.08e-12	1.22e-11	2.04e-11	2.20e-07	4.48e-07	2.31e-34
 5.72915e+15	5.36e-11	7.60e-07	3.92e-04	1.61e-02	9.83e-01	2.20e-04	0.00e+00	4.63e-12	1.39e-11	2.32e-11	2.50e-07	5.10e-07	3.78e-34
 5.90507e+15	6.26e-11	8.96e-07	4.43e-04	1.73e-02	9.82e-01	2.03e-04	0.00e+00	5.42e-12	1.63e-11	2.72e-11	2.95e-07	6.01e-07	7.09e-34
 6.08554e+15	7.26e-11	1.05e-06	5.01e-04	1.86e-02	9.81e-01	1.88e-04	0.00e+00	6.29e-12	1.89e-11	3.15e-11	3.46e-07	7.05e-07	1.29e-33
 6.23264e+15	8.21e-11	1.19e-06	5.51e-04	1.96e-02	9.80e-01	1.77e-04	0.00e+00	7.12e-12	2.14e-11	3.57e-11	3.93e-07	8.00e-07	2.07e-33
 6.38459e+15	9.39e-11	1.36e-06	6.08e-04	2.08e-02	9.78e-01	1.67e-04	0.00e+00	8.16e-12	2.45e-11	4.09e-11	4.49e-07	9.13e-07	3.38e-33
 6.58212e+15	1.11e-10	1.61e-06	6.89e-04	2.24e-02	9.77e-01	1.54e-04	0.00e+00	9.68e-12	2.91e-11	4.85e-11	5.30e-07	1.08e-06	6.33e-33
 6.78720e+15	1.31e-10	1.89e-06	7.81e-04	2.41e-02	9.75e-01	1.43e-04	0.00e+00	1.14e-11	3.43e-11	5.72e-11	6.25e-07	1.27e-06	1.15e-32
 6.95908e+15	1.49e-10	2.17e-06	8.65e-04	2.56e-02	9.73e-01	1.34e-04	0.00e+00	1.30e-11	3.90e-11	6.51e-11	7.16e-07	1.45e-06	1.84e-32
 7.13950e+15	1.73e-10	2.50e-06	9.62e-04	2.72e-02	9.72e-01	1.25e-04	0.00e+00	1.51e-11	4.52e-11	7.55e-11	8.26e-07	1.68e-06	3.10e-32
 7.37405e+15	2.08e-10	2.99e-06	1.10e-03	2.94e-02	9.69e-01	1.15e-04	0.00e+00	1.82e-11	5.45e-11	9.09e-11	9.89e-07	2.00e-06	5.94e-32
 7.61597e+15	2.48e-10	3.57e-06	1.26e-03	3.18e-02	9.67e-01	1.06e-04	0.00e+00	2.17e-11	6.51e-11	1.09e-10	1.18e-06	2.39e-06	1.09e-31
 7.81770e+15	2.86e-10	4.12e-06	1.40e-03	3.39e-02	9.65e-01	9.91e-05	0.00e+00	2.51e-11	7.52e-11	1.25e-10	1.36e-06	2.76e-06	1.79e-31
 8.03018e+15	3.37e-10	4.79e-06	1.57e-03	3.61e-02	9.62e-01	9.24e-05	0.00e+00	2.96e-11	8.87e-11	1.48e-10	1.58e-06	3.21e-06	3.06e-31
 8.30642e+15	4.12e-10	5.80e-06	1.81e-03	3.93e-02	9.59e-01	8.45e-05	0.00e+00	3.61e-11	1.08e-10	1.81e-10	1.92e-06	3.88e-06	5.94e-31
 8.58707e+15	4.99e-10	6.96e-06	2.08e-03	4.25e-02	9.55e-01	7.76e-05	0.00e+00	4.39e-11	1.32e-10	2.20e-10	2.30e-06	4.66e-06	1.09e-30
 8.81901e+15	5.84e-10	8.07e-06	2.32e-03	4.54e-02	9.52e-01	7.25e-05	0.00e+00	5.15e-11	1.54e-10	2.58e-10	2.67e-06	5.40e-06	1.78e-30
 9.06609e+15	7.00e-10	9.48e-06	2.62e-03	4.86e-02	9.49e-01	6.73e-05	0.00e+00	6.17e-11	1.85e-10	3.09e-10	3.14e-06	6.34e-06	3.04e-30
 9.38728e+15	8.65e-10	1.16e-05	3.05e-03	5.30e-02	9.44e-01	6.14e-05	0.00e+00	7.64e-11	2.29e-10	3.82e-10	3.84e-06	7.76e-06	5.95e-30
 9.67463e+15	1.03e-09	1.36e-05	3.46e-03	5.70e-02	9.39e-01	5.68e-05	0.00e+00	9.11e-11	2.73e-10	4.56e-10	4.51e-06	9.12e-06	9.75e-30
 9.86743e+15	1.16e-09	1.52e-05	3.76e-03	5.99e-02	9.36e-01	5.40e-05	0.00e+00	1.03e-10	3.09e-10	5.16e-10	5.05e-06	1.02e-05	1.38e-29
 1.00675e+16	1.33e-09	1.72e-05	4.12e-03	6.31e-02	9.33e-01	5.11e-05	0.00e+00	1.18e-10	3.53e-10	5.89e-10	5.69e-06	1.15e-05	2.03e-29
 1.03276e+16	1.58e-09	2.00e-05	4.62e-03	6.73e-02	9.28e-01	4.77e-05	0.00e+00	1.40e-10	4.20e-10	7.01e-10	6.63e-06	1.34e-05	3.30e-29
 1.05951e+16	1.84e-09	2.31e-05	5.17e-03	7.18e-02	9.23e-01	4.46e-05	0.00e+00	1.63e-10	4.89e-10	8.17e-10	7.66e-06	1.55e-05	5.11e-29
 1.08336e+16	2.15e-09	2.64e-05	5.72e-03	7.60e-02	9.18e-01	4.20e-05	0.00e+00	1.91e-10	5.72e-10	9.54e-10	8.75e-06	1.76e-05	7.62e-29
 1.11049e+16	2.53e-09	3.07e-05	6.43e-03	8.11e-02	9.12e-01	3.93e-05	0.00e+00	2.25e-10	6.75e-10	1.13e-09	1.02e-05	2.05e-05	1.22e-28
 1.13924e+16	3.01e-09	3.57e-05	7.23e-03	8.67e-02	9.06e-01	3.66e-05	0.00e+00	2.68e-10	8.04e-10	1.34e-09	1.19e-05	2.39e-05	1.90e-28
 1.16560e+16	3.51e-09	4.10e-05	8.05e-03	9.20e-02	9.00e-01	3.45e-05	0.00e+00	3.13e-10	9.38e-10	1.56e-09	1.36e-05	2.74e-05	2.83e-28
 1.19540e+16	4.23e-09	4.83e-05	9.13e-03	9.87e-02	8.92e-01	3.20e-05	0.00e+00	3.77e-10	1.13e-09	1.89e-09	1.60e-05	3.22e-05	4.65e-28
 1.22678e+16	5.08e-09	5.66e-05	1.03e-02	1.06e-01	8.84e-01	2.99e-05	0.00e+00	4.54e-10	1.36e-09	2.27e-09	1.88e-05	3.78e-05	7.26e-28
 1.25444e+16	5.93e-09	6.50e-05	1.15e-02	1.12e-01	8.76e-01	2.81e-05	0.00e+00	5.30e-10	1.59e-09	2.65e-09	2.16e-05	4.34e-05	1.07e-27
 1.28462e+16	7.12e-09	7.63e-05	1.31e-02	1.20e-01	8.67e-01	2.62e-05	0.00e+00	6.37e-10	1.91e-09	3.19e-09	2.53e-05	5.10e-05	1.70e-27
 1.31706e+16	8.70e-09	8.99e-05	1.49e-02	1.29e-01	8.56e-01	2.44e-05	0.00e+00	7.79e-10	2.34e-09	3.90e-09	2.99e-05	6.00e-05	2.69e-27
