#depth	He	He+	He+2
 1.49634e+10	6.92e-23	9.68e-12	1.00e+00
 4.54887e+10	7.71e-23	1.05e-11	1.00e+00
 7.72350e+10	8.56e-23	1.13e-11	1.00e+00
 1.10251e+11	9.50e-23	1.23e-11	1.00e+00
 1.44588e+11	1.06e-22	1.33e-11	1.00e+00
 1.80298e+11	1.17e-22	1.44e-11	1.00e+00
 2.17437e+11	1.31e-22	1.56e-11	1.00e+00
 2.56061e+11	1.46e-22	1.69e-11	1.00e+00
 2.96231e+11	1.62e-22	1.83e-11	1.00e+00
 3.38007e+11	1.81e-22	1.98e-11	1.00e+00
 3.81454e+11	2.02e-22	2.15e-11	1.00e+00
 4.26639e+11	2.27e-22	2.32e-11	1.00e+00
 4.73631e+11	2.54e-22	2.52e-11	1.00e+00
 5.22503e+11	2.84e-22	2.73e-11	1.00e+00
 5.73330e+11	3.19e-22	2.96e-11	1.00e+00
 6.23400e+11	3.57e-22	3.20e-11	1.00e+00
 6.75473e+11	3.99e-22	3.45e-11	1.00e+00
 7.32418e+11	4.50e-22	3.74e-11	1.00e+00
 7.89634e+11	5.06e-22	4.05e-11	1.00e+00
 8.49138e+11	5.69e-22	4.38e-11	1.00e+00
 9.13030e+11	6.44e-22	4.76e-11	1.00e+00
 9.79478e+11	7.29e-22	5.16e-11	1.00e+00
 1.04858e+12	8.27e-22	5.61e-11	1.00e+00
 1.12045e+12	9.38e-22	6.09e-11	1.00e+00
 1.19520e+12	1.07e-21	6.61e-11	1.00e+00
 1.27293e+12	1.21e-21	7.19e-11	1.00e+00
 1.35378e+12	1.38e-21	7.81e-11	1.00e+00
 1.43786e+12	1.58e-21	8.49e-11	1.00e+00
 1.52530e+12	1.80e-21	9.24e-11	1.00e+00
 1.60703e+12	2.03e-21	9.97e-11	1.00e+00
 1.67931e+12	2.25e-21	1.06e-10	1.00e+00
 1.76011e+12	2.52e-21	1.14e-10	1.00e+00
 1.85686e+12	2.87e-21	1.24e-10	1.00e+00
 1.95410e+12	3.26e-21	1.34e-10	1.00e+00
 2.04401e+12	3.66e-21	1.44e-10	1.00e+00
 2.14448e+12	4.13e-21	1.56e-10	1.00e+00
 2.26019e+12	4.75e-21	1.70e-10	1.00e+00
 2.37355e+12	5.41e-21	1.85e-10	1.00e+00
 2.49145e+12	6.16e-21	2.00e-10	1.00e+00
 2.62103e+12	7.08e-21	2.19e-10	1.00e+00
 2.75168e+12	8.11e-21	2.38e-10	1.00e+00
 2.88756e+12	9.28e-21	2.60e-10	1.00e+00
 3.03299e+12	1.07e-20	2.84e-10	1.00e+00
 3.18424e+12	1.23e-20	3.10e-10	1.00e+00
 3.34154e+12	1.41e-20	3.39e-10	1.00e+00
 3.50512e+12	1.62e-20	3.71e-10	1.00e+00
 3.67526e+12	1.87e-20	4.07e-10	1.00e+00
 3.85219e+12	2.15e-20	4.45e-10	1.00e+00
 4.03621e+12	2.47e-20	4.88e-10	1.00e+00
 4.22758e+12	2.84e-20	5.34e-10	1.00e+00
 4.42661e+12	3.26e-20	5.86e-10	1.00e+00
 4.63360e+12	3.76e-20	6.42e-10	1.00e+00
 4.84888e+12	4.34e-20	7.05e-10	1.00e+00
 5.06649e+12	4.98e-20	7.71e-10	1.00e+00
 5.29280e+12	5.72e-20	8.44e-10	1.00e+00
 5.53444e+12	6.58e-20	9.27e-10	1.00e+00
 5.78575e+12	7.57e-20	1.02e-09	1.00e+00
 6.04710e+12	8.71e-20	1.12e-09	1.00e+00
 6.30974e+12	9.97e-20	1.22e-09	1.00e+00
 6.58289e+12	1.14e-19	1.34e-09	1.00e+00
 6.87614e+12	1.31e-19	1.47e-09	1.00e+00
 7.17452e+12	1.51e-19	1.62e-09	1.00e+00
 7.48483e+12	1.73e-19	1.78e-09	1.00e+00
 7.81415e+12	1.99e-19	1.95e-09	1.00e+00
 8.15665e+12	2.29e-19	2.15e-09	1.00e+00
 8.51284e+12	2.65e-19	2.36e-09	1.00e+00
 8.88328e+12	3.06e-19	2.60e-09	1.00e+00
 9.22221e+12	3.48e-19	2.83e-09	1.00e+00
 9.51051e+12	3.88e-19	3.03e-09	1.00e+00
 9.82841e+12	4.35e-19	3.27e-09	1.00e+00
 1.02232e+13	5.02e-19	3.58e-09	1.00e+00
 1.06294e+13	5.79e-19	3.91e-09	1.00e+00
 1.09937e+13	6.56e-19	4.22e-09	1.00e+00
 1.13920e+13	7.50e-19	4.58e-09	1.00e+00
 1.18644e+13	8.77e-19	5.02e-09	1.00e+00
 1.23332e+13	1.02e-18	5.49e-09	1.00e+00
 1.27669e+13	1.17e-18	5.94e-09	1.00e+00
 1.32536e+13	1.36e-18	6.46e-09	1.00e+00
 1.38136e+13	1.60e-18	7.10e-09	1.00e+00
 1.43675e+13	1.88e-18	7.77e-09	1.00e+00
 1.49434e+13	2.21e-18	8.48e-09	1.00e+00
 1.55711e+13	2.63e-18	9.31e-09	1.00e+00
 1.62239e+13	3.12e-18	1.02e-08	1.00e+00
 1.69027e+13	3.70e-18	1.12e-08	1.00e+00
 1.75920e+13	4.38e-18	1.22e-08	1.00e+00
 1.83088e+13	5.18e-18	1.33e-08	1.00e+00
 1.90711e+13	6.14e-18	1.46e-08	1.00e+00
 1.98639e+13	7.29e-18	1.59e-08	1.00e+00
 2.06883e+13	8.65e-18	1.74e-08	1.00e+00
 2.15458e+13	1.03e-17	1.90e-08	1.00e+00
 2.24376e+13	1.21e-17	2.07e-08	1.00e+00
 2.33650e+13	1.44e-17	2.26e-08	1.00e+00
 2.43295e+13	1.70e-17	2.46e-08	1.00e+00
 2.53102e+13	2.01e-17	2.68e-08	1.00e+00
 2.62474e+13	2.33e-17	2.89e-08	1.00e+00
 2.72445e+13	2.72e-17	3.13e-08	1.00e+00
 2.83642e+13	3.22e-17	3.40e-08	1.00e+00
 2.94821e+13	3.78e-17	3.69e-08	1.00e+00
 3.06446e+13	4.43e-17	4.00e-08	1.00e+00
 3.19003e+13	5.22e-17	4.35e-08	1.00e+00
 3.32063e+13	6.16e-17	4.72e-08	1.00e+00
 3.45644e+13	7.26e-17	5.13e-08	1.00e+00
 3.59769e+13	8.56e-17	5.57e-08	1.00e+00
 3.74460e+13	1.01e-16	6.05e-08	1.00e+00
 3.89737e+13	1.19e-16	6.57e-08	1.00e+00
 4.05626e+13	1.40e-16	7.13e-08	1.00e+00
 4.20638e+13	1.62e-16	7.68e-08	1.00e+00
 4.34162e+13	1.84e-16	8.19e-08	1.00e+00
 4.49371e+13	2.12e-16	8.79e-08	1.00e+00
 4.67276e+13	2.48e-16	9.52e-08	1.00e+00
 4.85052e+13	2.88e-16	1.03e-07	1.00e+00
 5.01725e+13	3.31e-16	1.10e-07	1.00e+00
 5.20279e+13	3.83e-16	1.18e-07	1.00e+00
 5.41389e+13	4.49e-16	1.28e-07	1.00e+00
 5.62273e+13	5.23e-16	1.38e-07	1.00e+00
 5.83991e+13	6.09e-16	1.49e-07	1.00e+00
 6.07650e+13	7.14e-16	1.62e-07	1.00e+00
 6.31668e+13	8.34e-16	1.75e-07	1.00e+00
 6.56647e+13	9.73e-16	1.89e-07	1.00e+00
 6.83212e+13	1.14e-15	2.05e-07	1.00e+00
 7.10840e+13	1.33e-15	2.21e-07	1.00e+00
 7.39573e+13	1.56e-15	2.40e-07	1.00e+00
 7.69455e+13	1.83e-15	2.59e-07	1.00e+00
 8.00532e+13	2.14e-15	2.80e-07	1.00e+00
 8.31283e+13	2.48e-15	3.02e-07	1.00e+00
 8.63264e+13	2.88e-15	3.26e-07	1.00e+00
 8.98094e+13	3.37e-15	3.52e-07	1.00e+00
 9.33299e+13	3.93e-15	3.80e-07	1.00e+00
 9.69912e+13	4.57e-15	4.10e-07	1.00e+00
 1.00901e+14	5.34e-15	4.44e-07	1.00e+00
 1.04967e+14	6.24e-15	4.80e-07	1.00e+00
 1.09195e+14	7.30e-15	5.19e-07	1.00e+00
 1.13593e+14	8.52e-15	5.61e-07	1.00e+00
 1.17846e+14	9.86e-15	6.04e-07	1.00e+00
 1.21847e+14	1.12e-14	6.45e-07	1.00e+00
 1.26328e+14	1.30e-14	6.93e-07	1.00e+00
 1.31411e+14	1.51e-14	7.49e-07	1.00e+00
 1.36514e+14	1.76e-14	8.08e-07	1.00e+00
 1.41821e+14	2.05e-14	8.72e-07	1.00e+00
 1.47026e+14	2.36e-14	9.37e-07	1.00e+00
 1.51657e+14	2.67e-14	9.96e-07	1.00e+00
 1.56762e+14	3.04e-14	1.06e-06	1.00e+00
 1.62856e+14	3.54e-14	1.15e-06	1.00e+00
 1.68907e+14	4.09e-14	1.24e-06	1.00e+00
 1.74422e+14	4.65e-14	1.32e-06	1.00e+00
 1.80568e+14	5.34e-14	1.41e-06	1.00e+00
 1.87738e+14	6.23e-14	1.53e-06	1.00e+00
 1.94773e+14	7.22e-14	1.65e-06	1.00e+00
 2.01367e+14	8.25e-14	1.76e-06	1.00e+00
 2.08730e+14	9.54e-14	1.90e-06	1.00e+00
 2.17109e+14	1.12e-13	2.05e-06	1.00e+00
 2.25421e+14	1.30e-13	2.22e-06	1.00e+00
 2.34066e+14	1.52e-13	2.40e-06	1.00e+00
 2.43459e+14	1.78e-13	2.60e-06	1.00e+00
 2.53227e+14	2.09e-13	2.82e-06	1.00e+00
 2.63386e+14	2.45e-13	3.06e-06	1.00e+00
 2.73952e+14	2.89e-13	3.33e-06	1.00e+00
 2.84940e+14	3.39e-13	3.61e-06	1.00e+00
 2.96367e+14	4.00e-13	3.93e-06	1.00e+00
 3.07530e+14	4.66e-13	4.25e-06	1.00e+00
 3.18176e+14	5.37e-13	4.57e-06	1.00e+00
 3.29970e+14	6.25e-13	4.94e-06	1.00e+00
 3.43199e+14	7.38e-13	5.38e-06	1.00e+00
 3.55264e+14	8.56e-13	5.80e-06	1.00e+00
 3.65518e+14	9.65e-13	6.17e-06	1.00e+00
 3.76862e+14	1.10e-12	6.59e-06	1.00e+00
 3.90955e+14	1.29e-12	7.15e-06	1.00e+00
 4.05638e+14	1.51e-12	7.75e-06	1.00e+00
 4.19125e+14	1.73e-12	8.33e-06	1.00e+00
 4.34040e+14	2.02e-12	9.01e-06	1.00e+00
 4.51335e+14	2.39e-12	9.82e-06	1.00e+00
 4.67477e+14	2.78e-12	1.06e-05	1.00e+00
 4.81514e+14	3.15e-12	1.13e-05	1.00e+00
 4.97059e+14	3.62e-12	1.22e-05	1.00e+00
 5.15977e+14	4.25e-12	1.32e-05	1.00e+00
 5.35027e+14	4.97e-12	1.43e-05	1.00e+00
 5.52111e+14	5.69e-12	1.54e-05	1.00e+00
 5.70892e+14	6.57e-12	1.66e-05	1.00e+00
 5.93152e+14	7.75e-12	1.81e-05	1.00e+00
 6.15078e+14	9.05e-12	1.96e-05	1.00e+00
 6.35076e+14	1.04e-11	2.10e-05	1.00e+00
 6.57425e+14	1.20e-11	2.27e-05	1.00e+00
 6.83473e+14	1.42e-11	2.48e-05	1.00e+00
 7.09043e+14	1.66e-11	2.69e-05	1.00e+00
 7.33104e+14	1.92e-11	2.90e-05	1.00e+00
 7.59926e+14	2.23e-11	3.14e-05	1.00e+00
 7.90353e+14	2.63e-11	3.43e-05	1.00e+00
 8.20665e+14	3.08e-11	3.73e-05	1.00e+00
 8.52190e+14	3.62e-11	4.05e-05	1.00e+00
 8.86307e+14	4.26e-11	4.42e-05	1.00e+00
 9.21790e+14	5.02e-11	4.82e-05	1.00e+00
 9.58691e+14	5.92e-11	5.26e-05	1.00e+00
 9.97069e+14	6.97e-11	5.74e-05	1.00e+00
 1.03698e+15	8.21e-11	6.26e-05	1.00e+00
 1.07849e+15	9.66e-11	6.83e-05	1.00e+00
 1.11539e+15	1.11e-10	7.36e-05	1.00e+00
 1.14533e+15	1.24e-10	7.80e-05	1.00e+00
 1.17801e+15	1.39e-10	8.30e-05	1.00e+00
 1.22043e+15	1.61e-10	8.97e-05	1.00e+00
 1.26583e+15	1.87e-10	9.71e-05	1.00e+00
 1.30629e+15	2.12e-10	1.04e-04	1.00e+00
 1.35001e+15	2.42e-10	1.12e-04	1.00e+00
 1.39941e+15	2.81e-10	1.21e-04	1.00e+00
 1.44650e+15	3.20e-10	1.30e-04	1.00e+00
 1.49805e+15	3.69e-10	1.40e-04	1.00e+00
 1.55491e+15	4.29e-10	1.52e-04	1.00e+00
 1.60737e+15	4.90e-10	1.63e-04	1.00e+00
 1.66428e+15	5.64e-10	1.76e-04	1.00e+00
 1.72811e+15	6.57e-10	1.91e-04	1.00e+00
 1.78854e+15	7.53e-10	2.05e-04	1.00e+00
 1.85365e+15	8.68e-10	2.21e-04	1.00e+00
 1.92595e+15	1.01e-09	2.40e-04	1.00e+00
 1.99516e+15	1.16e-09	2.59e-04	1.00e+00
 2.06901e+15	1.35e-09	2.80e-04	1.00e+00
 2.15180e+15	1.58e-09	3.04e-04	1.00e+00
 2.23392e+15	1.83e-09	3.29e-04	1.00e+00
 2.31933e+15	2.12e-09	3.56e-04	1.00e+00
 2.41213e+15	2.48e-09	3.87e-04	1.00e+00
 2.50865e+15	2.90e-09	4.20e-04	1.00e+00
 2.60902e+15	3.39e-09	4.56e-04	1.00e+00
 2.71341e+15	3.96e-09	4.94e-04	1.00e+00
 2.82198e+15	4.62e-09	5.36e-04	9.99e-01
 2.93489e+15	5.40e-09	5.82e-04	9.99e-01
 3.03514e+15	6.16e-09	6.23e-04	9.99e-01
 3.11574e+15	6.85e-09	6.58e-04	9.99e-01
 3.20296e+15	7.63e-09	6.97e-04	9.99e-01
 3.31634e+15	8.77e-09	7.49e-04	9.99e-01
 3.43830e+15	1.01e-08	8.06e-04	9.99e-01
 3.54702e+15	1.14e-08	8.59e-04	9.99e-01
 3.66396e+15	1.30e-08	9.18e-04	9.99e-01
 3.79610e+15	1.50e-08	9.88e-04	9.99e-01
 3.92241e+15	1.70e-08	1.06e-03	9.99e-01
 4.04283e+15	1.92e-08	1.12e-03	9.99e-01
 4.18120e+15	2.19e-08	1.20e-03	9.99e-01
 4.33584e+15	2.53e-08	1.30e-03	9.99e-01
 4.48091e+15	2.88e-08	1.38e-03	9.99e-01
 4.63880e+15	3.31e-08	1.49e-03	9.99e-01
 4.81373e+15	3.84e-08	1.60e-03	9.98e-01
 4.97742e+15	4.38e-08	1.71e-03	9.98e-01
 5.15656e+15	5.05e-08	1.84e-03	9.98e-01
 5.35609e+15	5.88e-08	1.99e-03	9.98e-01
 5.54470e+15	6.75e-08	2.14e-03	9.98e-01
 5.72476e+15	7.68e-08	2.28e-03	9.98e-01
 5.93093e+15	8.86e-08	2.45e-03	9.98e-01
 6.15920e+15	1.03e-07	2.65e-03	9.97e-01
 6.36785e+15	1.18e-07	2.83e-03	9.97e-01
 6.59021e+15	1.36e-07	3.04e-03	9.97e-01
 6.83742e+15	1.57e-07	3.28e-03	9.97e-01
 7.06920e+15	1.80e-07	3.52e-03	9.96e-01
 7.27065e+15	2.01e-07	3.72e-03	9.96e-01
 7.48036e+15	2.26e-07	3.96e-03	9.96e-01
 7.71627e+15	2.57e-07	4.23e-03	9.96e-01
 7.94270e+15	2.89e-07	4.49e-03	9.96e-01
 8.19353e+15	3.30e-07	4.81e-03	9.95e-01
 8.46768e+15	3.78e-07	5.16e-03	9.95e-01
 8.72101e+15	4.27e-07	5.50e-03	9.94e-01
 8.95935e+15	4.78e-07	5.84e-03	9.94e-01
 9.22932e+15	5.43e-07	6.26e-03	9.94e-01
 9.52528e+15	6.22e-07	6.74e-03	9.93e-01
 9.79443e+15	6.99e-07	7.19e-03	9.93e-01
 1.00837e+16	7.97e-07	7.73e-03	9.92e-01
 1.04005e+16	9.16e-07	8.36e-03	9.92e-01
 1.06777e+16	1.03e-06	8.93e-03	9.91e-01
 1.09225e+16	1.14e-06	9.49e-03	9.91e-01
 1.12005e+16	1.29e-06	1.02e-02	9.90e-01
 1.15093e+16	1.47e-06	1.10e-02	9.89e-01
 1.17939e+16	1.65e-06	1.19e-02	9.88e-01
 1.20568e+16	1.85e-06	1.27e-02	9.87e-01
 1.23555e+16	2.12e-06	1.38e-02	9.86e-01
 1.26761e+16	2.44e-06	1.52e-02	9.85e-01
 1.29559e+16	2.76e-06	1.64e-02	9.84e-01
 1.32097e+16	3.10e-06	1.78e-02	9.82e-01
 1.34992e+16	3.58e-06	1.96e-02	9.80e-01
 1.38077e+16	4.17e-06	2.18e-02	9.78e-01
 1.40725e+16	4.78e-06	2.40e-02	9.76e-01
 1.43077e+16	5.43e-06	2.62e-02	9.74e-01
 1.45291e+16	6.15e-06	2.87e-02	9.71e-01
 1.47387e+16	6.95e-06	3.15e-02	9.69e-01
 1.49764e+16	8.13e-06	3.53e-02	9.65e-01
 1.52327e+16	9.60e-06	4.01e-02	9.60e-01
 1.54558e+16	1.13e-05	4.54e-02	9.55e-01
 1.56478e+16	1.31e-05	5.10e-02	9.49e-01
 1.58569e+16	1.55e-05	5.86e-02	9.41e-01
 1.60764e+16	1.91e-05	6.86e-02	9.31e-01
 1.62530e+16	2.28e-05	7.92e-02	9.21e-01
 1.63951e+16	2.67e-05	9.00e-02	9.10e-01
 1.65485e+16	3.18e-05	1.05e-01	8.95e-01
 1.67110e+16	3.93e-05	1.25e-01	8.75e-01
 1.68444e+16	4.77e-05	1.46e-01	8.54e-01
 1.69506e+16	5.68e-05	1.68e-01	8.32e-01
 1.70313e+16	6.49e-05	1.89e-01	8.11e-01
 1.70951e+16	7.27e-05	2.07e-01	7.93e-01
 1.71681e+16	8.34e-05	2.33e-01	7.67e-01
 1.72491e+16	9.72e-05	2.65e-01	7.35e-01
 1.73219e+16	1.12e-04	3.00e-01	7.00e-01
 1.73849e+16	1.28e-04	3.35e-01	6.65e-01
 1.74536e+16	1.49e-04	3.80e-01	6.20e-01
 1.75262e+16	1.73e-04	4.32e-01	5.68e-01
 1.75882e+16	1.97e-04	4.82e-01	5.18e-01
 1.76446e+16	2.21e-04	5.30e-01	4.70e-01
 1.77091e+16	2.51e-04	5.88e-01	4.12e-01
 1.77813e+16	2.86e-04	6.51e-01	3.49e-01
 1.78511e+16	3.19e-04	7.09e-01	2.90e-01
 1.79296e+16	3.56e-04	7.69e-01	2.31e-01
 1.80316e+16	3.99e-04	8.32e-01	1.68e-01
 1.81468e+16	4.39e-04	8.84e-01	1.16e-01
 1.82791e+16	4.77e-04	9.24e-01	7.57e-02
 1.84512e+16	5.14e-04	9.55e-01	4.47e-02
 1.86749e+16	5.52e-04	9.76e-01	2.39e-02
 1.89657e+16	5.94e-04	9.88e-01	1.17e-02
 1.93437e+16	6.44e-04	9.94e-01	5.21e-03
 1.97507e+16	7.00e-04	9.97e-01	2.49e-03
 2.00996e+16	7.54e-04	9.98e-01	1.44e-03
 2.03948e+16	8.06e-04	9.98e-01	9.41e-04
 2.07157e+16	8.69e-04	9.99e-01	6.05e-04
 2.10576e+16	9.47e-04	9.99e-01	3.97e-04
 2.13428e+16	1.02e-03	9.99e-01	2.87e-04
 2.15768e+16	1.10e-03	9.99e-01	2.22e-04
 2.18279e+16	1.19e-03	9.99e-01	1.69e-04
 2.20413e+16	1.27e-03	9.99e-01	1.38e-04
 2.21533e+16	1.33e-03	9.99e-01	1.25e-04
 2.22464e+16	1.37e-03	9.99e-01	1.13e-04
 2.23673e+16	1.44e-03	9.98e-01	1.00e-04
 2.25023e+16	1.52e-03	9.98e-01	8.81e-05
 2.26253e+16	1.60e-03	9.98e-01	7.88e-05
 2.27317e+16	1.68e-03	9.98e-01	7.15e-05
 2.28471e+16	1.77e-03	9.98e-01	6.41e-05
 2.29588e+16	1.86e-03	9.98e-01	5.82e-05
 2.30391e+16	1.94e-03	9.98e-01	5.43e-05
 2.31063e+16	2.01e-03	9.98e-01	5.12e-05
 2.31831e+16	2.09e-03	9.98e-01	4.78e-05
 2.32688e+16	2.20e-03	9.98e-01	4.44e-05
 2.33471e+16	2.30e-03	9.98e-01	4.15e-05
 2.34159e+16	2.40e-03	9.98e-01	3.92e-05
 2.34911e+16	2.51e-03	9.97e-01	3.66e-05
 2.35711e+16	2.65e-03	9.97e-01	3.43e-05
 2.36389e+16	2.77e-03	9.97e-01	3.25e-05
 2.36973e+16	2.89e-03	9.97e-01	3.09e-05
 2.37620e+16	3.03e-03	9.97e-01	2.93e-05
 2.38320e+16	3.20e-03	9.97e-01	2.76e-05
 2.38933e+16	3.36e-03	9.97e-01	2.63e-05
 2.39469e+16	3.51e-03	9.96e-01	2.52e-05
 2.40061e+16	3.70e-03	9.96e-01	2.40e-05
 2.40699e+16	3.91e-03	9.96e-01	2.28e-05
 2.41251e+16	4.12e-03	9.96e-01	2.18e-05
 2.41729e+16	4.32e-03	9.96e-01	2.10e-05
 2.42257e+16	4.56e-03	9.95e-01	2.01e-05
 2.42834e+16	4.85e-03	9.95e-01	1.92e-05
 2.43345e+16	5.13e-03	9.95e-01	1.84e-05
 2.43794e+16	5.41e-03	9.95e-01	1.78e-05
 2.44292e+16	5.75e-03	9.94e-01	1.71e-05
 2.44836e+16	6.16e-03	9.94e-01	1.64e-05
 2.45319e+16	6.59e-03	9.93e-01	1.57e-05
 2.45751e+16	6.99e-03	9.93e-01	1.52e-05
 2.46237e+16	7.53e-03	9.92e-01	1.46e-05
 2.46776e+16	8.20e-03	9.92e-01	1.40e-05
 2.47270e+16	8.92e-03	9.91e-01	1.35e-05
 2.47713e+16	9.68e-03	9.90e-01	1.30e-05
 2.48132e+16	1.05e-02	9.90e-01	1.26e-05
 2.48611e+16	1.16e-02	9.88e-01	1.21e-05
 2.49110e+16	1.29e-02	9.87e-01	1.17e-05
 2.49492e+16	1.42e-02	9.86e-01	1.13e-05
 2.49772e+16	1.53e-02	9.85e-01	1.11e-05
 2.50063e+16	1.66e-02	9.83e-01	1.08e-05
 2.50441e+16	1.85e-02	9.82e-01	1.05e-05
 2.50804e+16	2.07e-02	9.79e-01	1.03e-05
 2.51057e+16	2.26e-02	9.77e-01	1.01e-05
 2.51265e+16	2.44e-02	9.76e-01	9.92e-06
 2.51501e+16	2.67e-02	9.73e-01	9.74e-06
 2.51765e+16	2.96e-02	9.70e-01	9.57e-06
 2.52003e+16	3.28e-02	9.67e-01	9.43e-06
 2.52202e+16	3.61e-02	9.64e-01	9.30e-06
 2.52387e+16	3.93e-02	9.61e-01	9.23e-06
 2.52569e+16	4.32e-02	9.57e-01	9.14e-06
 2.52776e+16	4.82e-02	9.52e-01	9.06e-06
 2.52999e+16	5.46e-02	9.45e-01	9.00e-06
 2.53188e+16	6.14e-02	9.39e-01	8.96e-06
 2.53342e+16	6.75e-02	9.32e-01	8.98e-06
 2.53503e+16	7.52e-02	9.25e-01	8.96e-06
 2.53675e+16	8.45e-02	9.16e-01	9.01e-06
 2.53826e+16	9.43e-02	9.06e-01	9.06e-06
 2.53957e+16	1.04e-01	8.96e-01	9.15e-06
 2.54077e+16	1.14e-01	8.86e-01	9.23e-06
 2.54195e+16	1.25e-01	8.75e-01	9.32e-06
 2.54310e+16	1.37e-01	8.63e-01	9.41e-06
 2.54416e+16	1.49e-01	8.51e-01	9.56e-06
 2.54509e+16	1.61e-01	8.39e-01	9.68e-06
 2.54592e+16	1.73e-01	8.27e-01	9.79e-06
 2.54657e+16	1.83e-01	8.17e-01	9.88e-06
 2.54703e+16	1.90e-01	8.10e-01	9.95e-06
 2.54745e+16	1.97e-01	8.03e-01	1.00e-05
 2.54794e+16	2.06e-01	7.94e-01	1.01e-05
 2.54846e+16	2.15e-01	7.85e-01	1.02e-05
 2.54895e+16	2.25e-01	7.75e-01	1.02e-05
 2.54943e+16	2.34e-01	7.66e-01	1.03e-05
 2.54989e+16	2.44e-01	7.56e-01	1.04e-05
 2.55036e+16	2.54e-01	7.46e-01	1.05e-05
 2.55082e+16	2.65e-01	7.35e-01	1.06e-05
 2.55128e+16	2.75e-01	7.25e-01	1.07e-05
 2.55173e+16	2.87e-01	7.13e-01	1.08e-05
 2.55218e+16	2.99e-01	7.01e-01	1.08e-05
 2.55261e+16	3.10e-01	6.90e-01	1.09e-05
 2.55304e+16	3.22e-01	6.78e-01	1.10e-05
 2.55348e+16	3.35e-01	6.65e-01	1.11e-05
 2.55390e+16	3.47e-01	6.53e-01	1.12e-05
 2.55432e+16	3.60e-01	6.40e-01	1.12e-05
 2.55474e+16	3.73e-01	6.27e-01	1.13e-05
 2.55515e+16	3.86e-01	6.14e-01	1.14e-05
 2.55556e+16	4.00e-01	6.00e-01	1.14e-05
 2.55596e+16	4.14e-01	5.86e-01	1.15e-05
 2.55635e+16	4.27e-01	5.73e-01	1.15e-05
 2.55674e+16	4.41e-01	5.59e-01	1.16e-05
 2.55713e+16	4.55e-01	5.45e-01	1.16e-05
 2.55752e+16	4.70e-01	5.30e-01	1.17e-05
 2.55789e+16	4.84e-01	5.16e-01	1.17e-05
 2.55827e+16	4.98e-01	5.02e-01	1.17e-05
 2.55864e+16	5.12e-01	4.88e-01	1.17e-05
 2.55900e+16	5.26e-01	4.74e-01	1.17e-05
 2.55936e+16	5.40e-01	4.60e-01	1.18e-05
 2.55970e+16	5.54e-01	4.46e-01	1.17e-05
 2.56004e+16	5.67e-01	4.33e-01	1.17e-05
 2.56038e+16	5.80e-01	4.20e-01	1.17e-05
 2.56070e+16	5.93e-01	4.07e-01	1.17e-05
 2.56102e+16	6.05e-01	3.95e-01	1.17e-05
 2.56133e+16	6.18e-01	3.82e-01	1.17e-05
 2.56164e+16	6.30e-01	3.70e-01	1.16e-05
 2.56194e+16	6.42e-01	3.58e-01	1.16e-05
 2.56224e+16	6.54e-01	3.46e-01	1.15e-05
 2.56254e+16	6.65e-01	3.35e-01	1.15e-05
 2.56282e+16	6.76e-01	3.24e-01	1.14e-05
 2.56311e+16	6.87e-01	3.13e-01	1.13e-05
 2.56338e+16	6.97e-01	3.03e-01	1.13e-05
 2.56366e+16	7.07e-01	2.93e-01	1.12e-05
 2.56393e+16	7.17e-01	2.83e-01	1.11e-05
 2.56419e+16	7.27e-01	2.73e-01	1.10e-05
 2.56445e+16	7.36e-01	2.64e-01	1.10e-05
 2.56471e+16	7.45e-01	2.55e-01	1.09e-05
 2.56496e+16	7.54e-01	2.46e-01	1.08e-05
 2.56521e+16	7.62e-01	2.38e-01	1.07e-05
 2.56546e+16	7.70e-01	2.30e-01	1.06e-05
 2.56570e+16	7.78e-01	2.22e-01	1.05e-05
 2.56594e+16	7.86e-01	2.14e-01	1.04e-05
 2.56618e+16	7.93e-01	2.07e-01	1.03e-05
 2.56641e+16	8.00e-01	1.99e-01	1.02e-05
 2.56661e+16	8.06e-01	1.94e-01	1.01e-05
 2.56677e+16	8.11e-01	1.89e-01	1.00e-05
 2.56691e+16	8.15e-01	1.85e-01	9.92e-06
 2.56707e+16	8.20e-01	1.80e-01	9.84e-06
 2.56723e+16	8.24e-01	1.76e-01	9.74e-06
 2.56738e+16	8.29e-01	1.71e-01	9.66e-06
 2.56752e+16	8.33e-01	1.67e-01	9.58e-06
 2.56767e+16	8.37e-01	1.63e-01	9.50e-06
 2.56781e+16	8.40e-01	1.60e-01	9.41e-06
 2.56795e+16	8.44e-01	1.56e-01	9.33e-06
 2.56809e+16	8.48e-01	1.52e-01	9.25e-06
 2.56823e+16	8.51e-01	1.49e-01	9.17e-06
 2.56836e+16	8.55e-01	1.45e-01	9.08e-06
 2.56850e+16	8.58e-01	1.42e-01	9.00e-06
 2.56864e+16	8.61e-01	1.39e-01	8.91e-06
 2.56878e+16	8.65e-01	1.35e-01	8.82e-06
 2.56893e+16	8.68e-01	1.32e-01	8.74e-06
 2.56909e+16	8.72e-01	1.28e-01	8.64e-06
 2.56925e+16	8.75e-01	1.25e-01	8.53e-06
 2.56942e+16	8.79e-01	1.21e-01	8.42e-06
 2.56961e+16	8.83e-01	1.17e-01	8.29e-06
 2.56982e+16	8.88e-01	1.12e-01	8.16e-06
 2.57001e+16	8.91e-01	1.08e-01	8.03e-06
 2.57020e+16	8.95e-01	1.05e-01	7.89e-06
 2.57038e+16	8.99e-01	1.01e-01	7.75e-06
 2.57056e+16	9.02e-01	9.78e-02	7.61e-06
 2.57073e+16	9.05e-01	9.46e-02	7.47e-06
 2.57090e+16	9.08e-01	9.16e-02	7.33e-06
 2.57106e+16	9.11e-01	8.87e-02	7.20e-06
 2.57121e+16	9.14e-01	8.61e-02	7.07e-06
 2.57134e+16	9.16e-01	8.38e-02	6.94e-06
 2.57146e+16	9.18e-01	8.17e-02	6.84e-06
 2.57158e+16	9.20e-01	7.98e-02	6.73e-06
 2.57168e+16	9.22e-01	7.81e-02	6.63e-06
 2.57177e+16	9.23e-01	7.66e-02	6.54e-06
 2.57186e+16	9.25e-01	7.52e-02	6.45e-06
 2.57193e+16	9.26e-01	7.39e-02	6.36e-06
 2.57200e+16	9.27e-01	7.28e-02	6.29e-06
 2.57208e+16	9.28e-01	7.15e-02	6.22e-06
 2.57216e+16	9.30e-01	7.02e-02	6.14e-06
 2.57224e+16	9.31e-01	6.91e-02	6.06e-06
 2.57231e+16	9.32e-01	6.80e-02	5.99e-06
 2.57238e+16	9.33e-01	6.68e-02	5.90e-06
 2.57246e+16	9.34e-01	6.55e-02	5.82e-06
 2.57253e+16	9.36e-01	6.44e-02	5.73e-06
 2.57260e+16	9.37e-01	6.34e-02	5.67e-06
 2.57266e+16	9.37e-01	6.25e-02	5.60e-06
 2.57272e+16	9.38e-01	6.16e-02	5.52e-06
 2.57277e+16	9.39e-01	6.09e-02	5.47e-06
 2.57282e+16	9.40e-01	6.00e-02	5.40e-06
 2.57290e+16	9.41e-01	5.89e-02	5.32e-06
 2.57297e+16	9.42e-01	5.78e-02	5.23e-06
 2.57304e+16	9.43e-01	5.68e-02	5.14e-06
 2.57311e+16	9.44e-01	5.59e-02	5.08e-06
 2.57317e+16	9.45e-01	5.50e-02	5.01e-06
 2.57322e+16	9.46e-01	5.43e-02	4.94e-06
 2.57327e+16	9.46e-01	5.36e-02	4.88e-06
 2.57331e+16	9.47e-01	5.29e-02	4.82e-06
 2.57335e+16	9.48e-01	5.24e-02	4.78e-06
 2.57340e+16	9.48e-01	5.17e-02	4.72e-06
 2.57346e+16	9.49e-01	5.09e-02	4.65e-06
 2.57352e+16	9.50e-01	5.00e-02	4.57e-06
 2.57357e+16	9.51e-01	4.93e-02	4.50e-06
 2.57362e+16	9.51e-01	4.86e-02	4.45e-06
 2.57367e+16	9.52e-01	4.80e-02	4.39e-06
 2.57371e+16	9.53e-01	4.74e-02	4.34e-06
 2.57376e+16	9.53e-01	4.67e-02	4.28e-06
 2.57381e+16	9.54e-01	4.61e-02	4.22e-06
 2.57386e+16	9.55e-01	4.55e-02	4.17e-06
 2.57390e+16	9.55e-01	4.49e-02	4.12e-06
 2.57393e+16	9.56e-01	4.45e-02	4.08e-06
 2.57398e+16	9.56e-01	4.39e-02	4.02e-06
 2.57402e+16	9.57e-01	4.33e-02	3.97e-06
 2.57406e+16	9.57e-01	4.28e-02	3.93e-06
 2.57410e+16	9.58e-01	4.24e-02	3.89e-06
 2.57414e+16	9.58e-01	4.18e-02	3.84e-06
 2.57419e+16	9.59e-01	4.12e-02	3.77e-06
 2.57425e+16	9.59e-01	4.05e-02	3.72e-06
 2.57430e+16	9.60e-01	3.99e-02	3.67e-06
 2.57435e+16	9.61e-01	3.94e-02	3.63e-06
 2.57439e+16	9.61e-01	3.89e-02	3.58e-06
 2.57444e+16	9.62e-01	3.84e-02	3.53e-06
 2.57449e+16	9.62e-01	3.79e-02	3.49e-06
 2.57453e+16	9.63e-01	3.74e-02	3.45e-06
 2.57458e+16	9.63e-01	3.68e-02	3.40e-06
 2.57464e+16	9.64e-01	3.62e-02	3.35e-06
 2.57469e+16	9.64e-01	3.57e-02	3.31e-06
 2.57473e+16	9.65e-01	3.52e-02	3.26e-06
 2.57478e+16	9.65e-01	3.48e-02	3.23e-06
 2.57482e+16	9.66e-01	3.44e-02	3.19e-06
 2.57488e+16	9.66e-01	3.38e-02	3.14e-06
 2.57494e+16	9.67e-01	3.32e-02	3.09e-06
 2.57500e+16	9.67e-01	3.27e-02	3.04e-06
 2.57505e+16	9.68e-01	3.22e-02	3.00e-06
 2.57510e+16	9.68e-01	3.17e-02	2.96e-06
 2.57514e+16	9.69e-01	3.14e-02	2.93e-06
 2.57519e+16	9.69e-01	3.10e-02	2.90e-06
 2.57525e+16	9.70e-01	3.04e-02	2.85e-06
 2.57532e+16	9.70e-01	2.98e-02	2.80e-06
 2.57538e+16	9.71e-01	2.94e-02	2.76e-06
 2.57544e+16	9.71e-01	2.89e-02	2.72e-06
 2.57549e+16	9.72e-01	2.85e-02	2.68e-06
 2.57553e+16	9.72e-01	2.81e-02	2.65e-06
 2.57558e+16	9.72e-01	2.77e-02	2.62e-06
 2.57565e+16	9.73e-01	2.72e-02	2.58e-06
 2.57572e+16	9.73e-01	2.67e-02	2.54e-06
 2.57578e+16	9.74e-01	2.63e-02	2.50e-06
 2.57584e+16	9.74e-01	2.58e-02	2.47e-06
 2.57589e+16	9.75e-01	2.55e-02	2.43e-06
 2.57595e+16	9.75e-01	2.51e-02	2.40e-06
 2.57601e+16	9.75e-01	2.46e-02	2.36e-06
 2.57607e+16	9.76e-01	2.42e-02	2.33e-06
 2.57612e+16	9.76e-01	2.39e-02	2.30e-06
 2.57618e+16	9.76e-01	2.35e-02	2.27e-06
 2.57625e+16	9.77e-01	2.30e-02	2.23e-06
 2.57633e+16	9.77e-01	2.26e-02	2.19e-06
 2.57641e+16	9.78e-01	2.22e-02	2.16e-06
 2.57647e+16	9.78e-01	2.18e-02	2.13e-06
 2.57653e+16	9.79e-01	2.14e-02	2.10e-06
 2.57660e+16	9.79e-01	2.10e-02	2.07e-06
 2.57667e+16	9.79e-01	2.07e-02	2.04e-06
 2.57673e+16	9.80e-01	2.03e-02	2.01e-06
 2.57681e+16	9.80e-01	1.99e-02	1.98e-06
 2.57688e+16	9.80e-01	1.95e-02	1.94e-06
 2.57695e+16	9.81e-01	1.92e-02	1.91e-06
 2.57703e+16	9.81e-01	1.88e-02	1.88e-06
 2.57711e+16	9.82e-01	1.84e-02	1.85e-06
 2.57719e+16	9.82e-01	1.81e-02	1.82e-06
 2.57725e+16	9.82e-01	1.78e-02	1.80e-06
 2.57733e+16	9.83e-01	1.74e-02	1.77e-06
 2.57741e+16	9.83e-01	1.71e-02	1.74e-06
 2.57748e+16	9.83e-01	1.68e-02	1.72e-06
 2.57756e+16	9.84e-01	1.64e-02	1.69e-06
 2.57765e+16	9.84e-01	1.61e-02	1.66e-06
 2.57773e+16	9.84e-01	1.58e-02	1.63e-06
 2.57782e+16	9.85e-01	1.54e-02	1.60e-06
 2.57791e+16	9.85e-01	1.51e-02	1.57e-06
 2.57800e+16	9.85e-01	1.47e-02	1.55e-06
 2.57809e+16	9.86e-01	1.44e-02	1.52e-06
 2.57819e+16	9.86e-01	1.41e-02	1.49e-06
 2.57828e+16	9.86e-01	1.37e-02	1.47e-06
 2.57837e+16	9.87e-01	1.35e-02	1.44e-06
 2.57846e+16	9.87e-01	1.32e-02	1.42e-06
 2.57856e+16	9.87e-01	1.29e-02	1.39e-06
 2.57865e+16	9.87e-01	1.26e-02	1.37e-06
 2.57875e+16	9.88e-01	1.23e-02	1.34e-06
 2.57885e+16	9.88e-01	1.20e-02	1.32e-06
 2.57895e+16	9.88e-01	1.17e-02	1.29e-06
 2.57905e+16	9.89e-01	1.14e-02	1.27e-06
 2.57917e+16	9.89e-01	1.11e-02	1.24e-06
 2.57927e+16	9.89e-01	1.09e-02	1.22e-06
 2.57939e+16	9.89e-01	1.06e-02	1.19e-06
 2.57951e+16	9.90e-01	1.03e-02	1.17e-06
 2.57962e+16	9.90e-01	1.00e-02	1.14e-06
 2.57975e+16	9.90e-01	9.71e-03	1.12e-06
 2.57991e+16	9.91e-01	9.35e-03	1.08e-06
 2.58009e+16	9.91e-01	8.97e-03	1.05e-06
 2.58028e+16	9.91e-01	8.60e-03	1.02e-06
 2.58046e+16	9.92e-01	8.27e-03	9.86e-07
 2.58065e+16	9.92e-01	7.93e-03	9.55e-07
 2.58085e+16	9.92e-01	7.59e-03	9.22e-07
 2.58105e+16	9.93e-01	7.26e-03	8.90e-07
 2.58126e+16	9.93e-01	6.94e-03	8.59e-07
 2.58147e+16	9.93e-01	6.63e-03	8.28e-07
 2.58169e+16	9.94e-01	6.33e-03	7.97e-07
 2.58192e+16	9.94e-01	6.04e-03	7.66e-07
 2.58215e+16	9.94e-01	5.75e-03	7.36e-07
 2.58240e+16	9.95e-01	5.47e-03	7.06e-07
 2.58265e+16	9.95e-01	5.20e-03	6.77e-07
 2.58291e+16	9.95e-01	4.94e-03	6.48e-07
 2.58318e+16	9.95e-01	4.68e-03	6.19e-07
 2.58346e+16	9.96e-01	4.44e-03	5.92e-07
 2.58375e+16	9.96e-01	4.21e-03	5.64e-07
 2.58405e+16	9.96e-01	3.98e-03	5.38e-07
 2.58436e+16	9.96e-01	3.76e-03	5.12e-07
 2.58469e+16	9.96e-01	3.56e-03	4.87e-07
 2.58504e+16	9.97e-01	3.35e-03	4.61e-07
 2.58540e+16	9.97e-01	3.17e-03	4.38e-07
 2.58578e+16	9.97e-01	2.99e-03	4.15e-07
 2.58618e+16	9.97e-01	2.82e-03	3.93e-07
 2.58661e+16	9.97e-01	2.65e-03	3.72e-07
 2.58707e+16	9.98e-01	2.50e-03	3.51e-07
 2.58756e+16	9.98e-01	2.35e-03	3.31e-07
 2.58810e+16	9.98e-01	2.21e-03	3.12e-07
 2.58869e+16	9.98e-01	2.08e-03	2.94e-07
 2.58935e+16	9.98e-01	1.95e-03	2.76e-07
 2.59009e+16	9.98e-01	1.84e-03	2.60e-07
 2.59095e+16	9.98e-01	1.73e-03	2.44e-07
 2.59191e+16	9.98e-01	1.63e-03	2.30e-07
 2.59290e+16	9.98e-01	1.55e-03	2.18e-07
 2.59390e+16	9.99e-01	1.49e-03	2.09e-07
 2.59490e+16	9.99e-01	1.45e-03	2.02e-07
 2.59589e+16	9.99e-01	1.41e-03	1.96e-07
 2.59689e+16	9.99e-01	1.38e-03	1.91e-07
 2.59803e+16	9.99e-01	1.35e-03	1.86e-07
 2.59952e+16	9.99e-01	1.32e-03	1.81e-07
 2.60146e+16	9.99e-01	1.29e-03	1.75e-07
 2.60397e+16	9.99e-01	1.25e-03	1.68e-07
 2.60725e+16	9.99e-01	1.21e-03	1.60e-07
 2.61150e+16	9.99e-01	1.17e-03	1.51e-07
 2.61703e+16	9.99e-01	1.12e-03	1.41e-07
 2.62398e+16	9.99e-01	1.07e-03	1.28e-07
 2.63211e+16	9.99e-01	1.01e-03	1.16e-07
 2.64080e+16	9.99e-01	9.61e-04	1.05e-07
 2.64981e+16	9.99e-01	9.10e-04	9.39e-08
 2.65943e+16	9.99e-01	8.59e-04	8.36e-08
 2.66977e+16	9.99e-01	8.08e-04	7.39e-08
 2.68072e+16	9.99e-01	7.59e-04	6.49e-08
 2.69225e+16	9.99e-01	7.10e-04	5.66e-08
 2.70450e+16	9.99e-01	6.62e-04	4.90e-08
 2.71749e+16	9.99e-01	6.16e-04	4.20e-08
 2.73123e+16	9.99e-01	5.70e-04	3.57e-08
 2.74583e+16	9.99e-01	5.24e-04	3.00e-08
 2.76129e+16	1.00e+00	4.80e-04	2.51e-08
 2.77774e+16	1.00e+00	4.37e-04	2.06e-08
 2.79526e+16	1.00e+00	3.95e-04	1.68e-08
 2.81395e+16	1.00e+00	3.53e-04	1.34e-08
 2.83400e+16	1.00e+00	3.14e-04	1.06e-08
 2.85556e+16	1.00e+00	2.76e-04	8.18e-09
 2.87878e+16	1.00e+00	2.41e-04	6.21e-09
 2.90427e+16	1.00e+00	2.07e-04	4.59e-09
 2.93276e+16	1.00e+00	1.74e-04	3.28e-09
 2.96425e+16	1.00e+00	1.45e-04	2.27e-09
 3.00007e+16	1.00e+00	1.17e-04	1.50e-09
 3.04122e+16	1.00e+00	9.28e-05	9.44e-10
 3.08560e+16	1.00e+00	7.24e-05	5.79e-10
 3.13607e+16	1.00e+00	5.47e-05	3.33e-10
 3.19496e+16	1.00e+00	3.99e-05	1.79e-10
 3.25895e+16	1.00e+00	2.86e-05	9.29e-11
 3.32617e+16	1.00e+00	2.05e-05	4.78e-11
 3.39541e+16	1.00e+00	1.46e-05	2.46e-11
 3.46568e+16	1.00e+00	1.05e-05	1.28e-11
 3.53630e+16	1.00e+00	7.61e-06	6.78e-12
 3.61092e+16	1.00e+00	5.45e-06	3.50e-12
 3.69111e+16	1.00e+00	3.85e-06	1.76e-12
 3.77413e+16	1.00e+00	2.72e-06	8.86e-13
 3.85838e+16	1.00e+00	1.93e-06	4.54e-13
 3.94462e+16	1.00e+00	1.37e-06	2.31e-13
 4.03419e+16	1.00e+00	9.68e-07	1.17e-13
 4.12510e+16	1.00e+00	6.87e-07	5.97e-14
 4.22023e+16	1.00e+00	4.84e-07	2.99e-14
 4.32110e+16	1.00e+00	3.37e-07	1.47e-14
 4.42553e+16	1.00e+00	2.32e-07	7.15e-15
 4.53202e+16	1.00e+00	1.61e-07	3.52e-15
 4.64177e+16	1.00e+00	1.12e-07	1.72e-15
 4.75649e+16	1.00e+00	7.63e-08	8.23e-16
 4.87407e+16	1.00e+00	5.23e-08	3.95e-16
 4.99340e+16	1.00e+00	3.60e-08	1.92e-16
 5.11332e+16	1.00e+00	2.50e-08	9.42e-17
 5.23818e+16	1.00e+00	1.71e-08	4.53e-17
 5.37060e+16	1.00e+00	1.16e-08	2.14e-17
 5.50767e+16	1.00e+00	7.86e-09	1.00e-17
 5.64888e+16	1.00e+00	5.31e-09	4.68e-18
 5.79217e+16	1.00e+00	3.60e-09	2.20e-18
 5.93911e+16	1.00e+00	2.46e-09	1.04e-18
 6.09194e+16	1.00e+00	1.66e-09	4.79e-19
 6.24779e+16	1.00e+00	1.13e-09	2.24e-19
 6.40440e+16	1.00e+00	7.70e-10	1.06e-19
 6.56104e+16	1.00e+00	5.31e-10	5.11e-20
 6.71772e+16	1.00e+00	3.69e-10	2.49e-20
 6.87436e+16	1.00e+00	2.59e-10	1.24e-20
 7.03100e+16	1.00e+00	1.83e-10	6.24e-21
 7.18765e+16	1.00e+00	1.30e-10	0.00e+00
 7.34431e+16	1.00e+00	9.35e-11	0.00e+00
 7.50095e+16	1.00e+00	6.75e-11	0.00e+00
 7.65760e+16	1.00e+00	4.91e-11	0.00e+00
 7.81423e+16	1.00e+00	3.59e-11	0.00e+00
 7.97087e+16	1.00e+00	2.65e-11	0.00e+00
 8.12750e+16	1.00e+00	1.96e-11	0.00e+00
 8.28413e+16	1.00e+00	1.46e-11	0.00e+00
 8.44076e+16	1.00e+00	1.10e-11	0.00e+00
 8.59738e+16	1.00e+00	8.25e-12	0.00e+00
 8.75400e+16	1.00e+00	6.25e-12	0.00e+00
 8.93411e+16	1.00e+00	4.53e-12	0.00e+00
 9.14078e+16	1.00e+00	3.19e-12	0.00e+00
 9.35050e+16	1.00e+00	2.25e-12	0.00e+00
 9.56023e+16	1.00e+00	1.61e-12	0.00e+00
 9.78509e+16	1.00e+00	1.12e-12	0.00e+00
 1.00274e+17	1.00e+00	7.72e-13	0.00e+00
 1.02732e+17	1.00e+00	5.35e-13	0.00e+00
 1.05573e+17	1.00e+00	3.51e-13	0.00e+00
 1.09266e+17	1.00e+00	2.07e-13	0.00e+00
 1.13306e+17	1.00e+00	1.22e-13	0.00e+00
 1.17118e+17	1.00e+00	7.56e-14	0.00e+00
 1.20896e+17	1.00e+00	4.87e-14	0.00e+00
 1.24840e+17	1.00e+00	3.19e-14	0.00e+00
 1.28949e+17	1.00e+00	2.16e-14	0.00e+00
 1.33154e+17	1.00e+00	1.53e-14	0.00e+00
 1.37445e+17	1.00e+00	1.15e-14	0.00e+00
 1.41829e+17	1.00e+00	9.23e-15	0.00e+00
 1.46296e+17	1.00e+00	7.79e-15	0.00e+00
 1.50831e+17	1.00e+00	6.90e-15	0.00e+00
 1.55419e+17	1.00e+00	6.33e-15	0.00e+00
 1.60044e+17	1.00e+00	5.96e-15	0.00e+00
 1.64683e+17	1.00e+00	5.71e-15	0.00e+00
 1.69318e+17	1.00e+00	5.55e-15	0.00e+00
 1.73920e+17	1.00e+00	5.43e-15	0.00e+00
 1.78463e+17	1.00e+00	5.36e-15	0.00e+00
 1.82938e+17	1.00e+00	5.32e-15	0.00e+00
 1.87313e+17	1.00e+00	5.29e-15	0.00e+00
 1.91566e+17	1.00e+00	5.28e-15	0.00e+00
 1.95683e+17	1.00e+00	5.29e-15	0.00e+00
 1.99651e+17	1.00e+00	5.31e-15	0.00e+00
 2.03456e+17	1.00e+00	5.34e-15	0.00e+00
 2.07094e+17	1.00e+00	5.37e-15	0.00e+00
 2.10558e+17	1.00e+00	5.41e-15	0.00e+00
 2.13849e+17	1.00e+00	5.45e-15	0.00e+00
 2.16968e+17	1.00e+00	5.50e-15	0.00e+00
 2.19920e+17	1.00e+00	5.54e-15	0.00e+00
 2.22709e+17	1.00e+00	5.59e-15	0.00e+00
 2.25345e+17	1.00e+00	5.63e-15	0.00e+00
 2.27835e+17	1.00e+00	5.67e-15	0.00e+00
 2.30186e+17	1.00e+00	5.71e-15	0.00e+00
 2.32405e+17	1.00e+00	5.75e-15	0.00e+00
 2.34500e+17	1.00e+00	5.79e-15	0.00e+00
 2.36477e+17	1.00e+00	5.82e-15	0.00e+00
 2.38344e+17	1.00e+00	5.85e-15	0.00e+00
 2.40107e+17	1.00e+00	5.88e-15	0.00e+00
 2.41773e+17	1.00e+00	5.91e-15	0.00e+00
 2.43348e+17	1.00e+00	5.93e-15	0.00e+00
 2.44838e+17	1.00e+00	5.96e-15	0.00e+00
 2.46247e+17	1.00e+00	5.98e-15	0.00e+00
 2.47580e+17	1.00e+00	6.00e-15	0.00e+00
 2.48842e+17	1.00e+00	6.02e-15	0.00e+00
 2.50038e+17	1.00e+00	6.03e-15	0.00e+00
 2.51171e+17	1.00e+00	6.05e-15	0.00e+00
 2.52245e+17	1.00e+00	6.06e-15	0.00e+00
 2.53264e+17	1.00e+00	6.08e-15	0.00e+00
 2.54231e+17	1.00e+00	6.09e-15	0.00e+00
 2.55150e+17	1.00e+00	6.10e-15	0.00e+00
 2.56022e+17	1.00e+00	6.11e-15	0.00e+00
 2.56851e+17	1.00e+00	6.12e-15	0.00e+00
 2.57639e+17	1.00e+00	6.13e-15	0.00e+00
 2.58389e+17	1.00e+00	6.14e-15	0.00e+00
 2.59103e+17	1.00e+00	6.15e-15	0.00e+00
 2.59783e+17	1.00e+00	6.15e-15	0.00e+00
 2.60432e+17	1.00e+00	6.16e-15	0.00e+00
 2.61050e+17	1.00e+00	6.17e-15	0.00e+00
 2.61641e+17	1.00e+00	6.17e-15	0.00e+00
 2.62205e+17	1.00e+00	6.18e-15	0.00e+00
 2.62745e+17	1.00e+00	6.18e-15	0.00e+00
 2.63262e+17	1.00e+00	6.18e-15	0.00e+00
 2.63757e+17	1.00e+00	6.19e-15	0.00e+00
 2.64232e+17	1.00e+00	6.19e-15	0.00e+00
 2.64689e+17	1.00e+00	6.19e-15	0.00e+00
 2.65128e+17	1.00e+00	6.20e-15	0.00e+00
 2.65551e+17	1.00e+00	6.20e-15	0.00e+00
 2.65960e+17	1.00e+00	6.20e-15	0.00e+00
 2.66355e+17	1.00e+00	6.20e-15	0.00e+00
 2.66737e+17	1.00e+00	6.21e-15	0.00e+00
 2.67109e+17	1.00e+00	6.21e-15	0.00e+00
 2.67471e+17	1.00e+00	6.21e-15	0.00e+00
 2.67825e+17	1.00e+00	6.21e-15	0.00e+00
 2.68171e+17	1.00e+00	6.21e-15	0.00e+00
 2.68511e+17	1.00e+00	6.21e-15	0.00e+00
 2.68847e+17	1.00e+00	6.21e-15	0.00e+00
 2.69180e+17	1.00e+00	6.21e-15	0.00e+00
 2.69512e+17	1.00e+00	6.21e-15	0.00e+00
 2.69844e+17	1.00e+00	6.21e-15	0.00e+00
 2.70179e+17	1.00e+00	6.20e-15	0.00e+00
 2.70519e+17	1.00e+00	6.20e-15	0.00e+00
 2.70866e+17	1.00e+00	6.20e-15	0.00e+00
 2.71225e+17	1.00e+00	6.20e-15	0.00e+00
 2.71599e+17	1.00e+00	6.19e-15	0.00e+00
 2.71994e+17	1.00e+00	6.19e-15	0.00e+00
 2.72416e+17	1.00e+00	6.18e-15	0.00e+00
 2.72874e+17	1.00e+00	6.17e-15	0.00e+00
 2.73380e+17	1.00e+00	6.16e-15	0.00e+00
 2.73950e+17	1.00e+00	6.14e-15	0.00e+00
 2.74607e+17	1.00e+00	6.12e-15	0.00e+00
 2.75386e+17	1.00e+00	6.08e-15	0.00e+00
 2.76335e+17	1.00e+00	6.04e-15	0.00e+00
 2.77532e+17	1.00e+00	5.96e-15	0.00e+00
 2.79078e+17	1.00e+00	5.85e-15	0.00e+00
 2.81088e+17	1.00e+00	5.66e-15	0.00e+00
 2.83701e+17	1.00e+00	5.40e-15	0.00e+00
 2.87099e+17	1.00e+00	5.03e-15	0.00e+00
 2.91515e+17	1.00e+00	4.54e-15	0.00e+00
 2.97256e+17	1.00e+00	3.93e-15	0.00e+00
 3.04720e+17	1.00e+00	3.23e-15	0.00e+00
 3.14422e+17	1.00e+00	2.47e-15	0.00e+00
 3.26305e+17	1.00e+00	1.72e-15	0.00e+00
 3.39357e+17	1.00e+00	1.26e-15	0.00e+00
 3.52931e+17	1.00e+00	1.08e-15	0.00e+00
 3.67048e+17	1.00e+00	9.34e-16	0.00e+00
 3.81730e+17	1.00e+00	7.99e-16	0.00e+00
 3.96387e+17	1.00e+00	6.74e-16	0.00e+00
 4.09952e+17	1.00e+00	6.55e-16	0.00e+00
 4.22062e+17	1.00e+00	7.15e-16	0.00e+00
 4.33185e+17	1.00e+00	7.65e-16	0.00e+00
 4.43768e+17	1.00e+00	7.48e-16	0.00e+00
 4.53771e+17	1.00e+00	7.09e-16	0.00e+00
 4.62926e+17	1.00e+00	6.81e-16	0.00e+00
 4.71060e+17	1.00e+00	6.72e-16	0.00e+00
 4.78264e+17	1.00e+00	6.65e-16	0.00e+00
 4.84738e+17	1.00e+00	6.45e-16	0.00e+00
 4.90256e+17	1.00e+00	6.13e-16	0.00e+00
 4.94229e+17	1.00e+00	6.06e-16	0.00e+00
 4.96619e+17	1.00e+00	6.27e-16	0.00e+00
 4.97998e+17	1.00e+00	6.45e-16	0.00e+00
 4.98825e+17	1.00e+00	6.56e-16	0.00e+00
 4.99322e+17	1.00e+00	6.63e-16	0.00e+00
 4.99663e+17	1.00e+00	6.66e-16	0.00e+00
 5.00017e+17	1.00e+00	6.69e-16	0.00e+00
 5.00437e+17	1.00e+00	6.71e-16	0.00e+00
 5.00842e+17	1.00e+00	6.72e-16	0.00e+00
 5.01186e+17	1.00e+00	6.73e-16	0.00e+00
 5.01495e+17	1.00e+00	6.73e-16	0.00e+00
 5.01783e+17	1.00e+00	6.72e-16	0.00e+00
 5.02055e+17	1.00e+00	6.72e-16	0.00e+00
 5.02315e+17	1.00e+00	6.71e-16	0.00e+00
 5.02569e+17	1.00e+00	6.70e-16	0.00e+00
 5.02804e+17	1.00e+00	6.68e-16	0.00e+00
 5.03023e+17	1.00e+00	6.67e-16	0.00e+00
 5.03233e+17	1.00e+00	6.66e-16	0.00e+00
 5.03440e+17	1.00e+00	6.64e-16	0.00e+00
 5.03638e+17	1.00e+00	6.62e-16	0.00e+00
 5.03818e+17	1.00e+00	6.61e-16	0.00e+00
 5.03988e+17	1.00e+00	6.59e-16	0.00e+00
 5.04163e+17	1.00e+00	6.57e-16	0.00e+00
 5.04338e+17	1.00e+00	6.55e-16	0.00e+00
 5.04497e+17	1.00e+00	6.53e-16	0.00e+00
 5.04645e+17	1.00e+00	6.52e-16	0.00e+00
 5.04790e+17	1.00e+00	6.51e-16	0.00e+00
 5.04935e+17	1.00e+00	6.49e-16	0.00e+00
 5.05078e+17	1.00e+00	6.47e-16	0.00e+00
 5.05221e+17	1.00e+00	6.45e-16	0.00e+00
 5.05362e+17	1.00e+00	6.43e-16	0.00e+00
 5.05494e+17	1.00e+00	6.41e-16	0.00e+00
 5.05621e+17	1.00e+00	6.42e-16	0.00e+00
 5.05754e+17	1.00e+00	6.38e-16	0.00e+00
 5.05893e+17	1.00e+00	6.35e-16	0.00e+00
 5.06027e+17	1.00e+00	6.32e-16	0.00e+00
 5.06155e+17	1.00e+00	6.32e-16	0.00e+00
 5.06282e+17	1.00e+00	6.29e-16	0.00e+00
 5.06419e+17	1.00e+00	6.28e-16	0.00e+00
 5.06559e+17	1.00e+00	6.22e-16	0.00e+00
 5.06690e+17	1.00e+00	6.21e-16	0.00e+00
 5.06822e+17	1.00e+00	6.18e-16	0.00e+00
 5.06958e+17	1.00e+00	6.15e-16	0.00e+00
 5.07097e+17	1.00e+00	6.12e-16	0.00e+00
 5.07238e+17	1.00e+00	6.09e-16	0.00e+00
 5.07377e+17	1.00e+00	6.06e-16	0.00e+00
 5.07523e+17	1.00e+00	6.03e-16	0.00e+00
 5.07679e+17	1.00e+00	5.98e-16	0.00e+00
 5.07834e+17	1.00e+00	5.95e-16	0.00e+00
 5.07984e+17	1.00e+00	5.92e-16	0.00e+00
 5.08142e+17	1.00e+00	5.89e-16	0.00e+00
 5.08316e+17	1.00e+00	5.84e-16	0.00e+00
 5.08487e+17	1.00e+00	5.80e-16	0.00e+00
 5.08652e+17	1.00e+00	5.76e-16	0.00e+00
 5.08815e+17	1.00e+00	5.72e-16	0.00e+00
 5.08985e+17	1.00e+00	5.68e-16	0.00e+00
 5.09172e+17	1.00e+00	5.63e-16	0.00e+00
 5.09362e+17	1.00e+00	5.58e-16	0.00e+00
 5.09552e+17	1.00e+00	5.53e-16	0.00e+00
 5.09749e+17	1.00e+00	5.48e-16	0.00e+00
 5.09950e+17	1.00e+00	5.43e-16	0.00e+00
 5.10149e+17	1.00e+00	5.38e-16	0.00e+00
 5.10353e+17	1.00e+00	5.32e-16	0.00e+00
 5.10568e+17	1.00e+00	5.27e-16	0.00e+00
 5.10795e+17	1.00e+00	5.21e-16	0.00e+00
 5.11031e+17	1.00e+00	5.15e-16	0.00e+00
 5.11266e+17	1.00e+00	5.08e-16	0.00e+00
 5.11501e+17	1.00e+00	5.02e-16	0.00e+00
 5.11743e+17	1.00e+00	4.95e-16	0.00e+00
 5.11994e+17	1.00e+00	4.88e-16	0.00e+00
 5.12255e+17	1.00e+00	4.81e-16	0.00e+00
 5.12517e+17	1.00e+00	4.74e-16	0.00e+00
 5.12794e+17	1.00e+00	4.66e-16	0.00e+00
 5.13081e+17	1.00e+00	4.58e-16	0.00e+00
 5.13363e+17	1.00e+00	4.51e-16	0.00e+00
 5.13651e+17	1.00e+00	4.43e-16	0.00e+00
 5.13956e+17	1.00e+00	4.34e-16	0.00e+00
 5.14268e+17	1.00e+00	4.26e-16	0.00e+00
 5.14586e+17	1.00e+00	4.17e-16	0.00e+00
 5.14916e+17	1.00e+00	4.08e-16	0.00e+00
 5.15249e+17	1.00e+00	3.99e-16	0.00e+00
 5.15579e+17	1.00e+00	3.90e-16	0.00e+00
 5.15922e+17	1.00e+00	3.81e-16	0.00e+00
 5.16282e+17	1.00e+00	3.71e-16	0.00e+00
 5.16649e+17	1.00e+00	3.61e-16	0.00e+00
 5.17015e+17	1.00e+00	3.51e-16	0.00e+00
 5.17389e+17	1.00e+00	3.42e-16	0.00e+00
 5.17778e+17	1.00e+00	3.32e-16	0.00e+00
 5.18181e+17	1.00e+00	3.21e-16	0.00e+00
 5.18589e+17	1.00e+00	3.11e-16	0.00e+00
 5.18998e+17	1.00e+00	3.01e-16	0.00e+00
 5.19418e+17	1.00e+00	2.90e-16	0.00e+00
 5.19845e+17	1.00e+00	2.80e-16	0.00e+00
 5.20289e+17	1.00e+00	2.70e-16	0.00e+00
 5.20749e+17	1.00e+00	2.59e-16	0.00e+00
 5.21205e+17	1.00e+00	2.48e-16	0.00e+00
 5.21661e+17	1.00e+00	2.38e-16	0.00e+00
 5.22146e+17	1.00e+00	2.28e-16	0.00e+00
 5.22651e+17	1.00e+00	2.17e-16	0.00e+00
 5.23159e+17	1.00e+00	2.06e-16	0.00e+00
 5.23670e+17	1.00e+00	1.96e-16	0.00e+00
 5.24177e+17	1.00e+00	1.86e-16	0.00e+00
 5.24704e+17	1.00e+00	1.76e-16	0.00e+00
 5.25266e+17	1.00e+00	1.66e-16	0.00e+00
 5.25855e+17	1.00e+00	1.56e-16	0.00e+00
 5.26450e+17	1.00e+00	1.46e-16	0.00e+00
 5.27045e+17	1.00e+00	1.37e-16	0.00e+00
 5.27654e+17	1.00e+00	1.28e-16	0.00e+00
 5.28292e+17	1.00e+00	1.19e-16	0.00e+00
 5.28929e+17	1.00e+00	1.10e-16	0.00e+00
 5.29508e+17	1.00e+00	1.02e-16	0.00e+00
 5.30012e+17	1.00e+00	9.53e-17	0.00e+00
 5.30467e+17	1.00e+00	8.98e-17	0.00e+00
 5.30903e+17	1.00e+00	8.50e-17	0.00e+00
 5.31330e+17	1.00e+00	8.04e-17	0.00e+00
 5.31741e+17	1.00e+00	7.62e-17	0.00e+00
 5.32129e+17	1.00e+00	7.22e-17	0.00e+00
 5.32495e+17	1.00e+00	6.87e-17	0.00e+00
 5.32845e+17	1.00e+00	6.54e-17	0.00e+00
 5.33183e+17	1.00e+00	6.24e-17	0.00e+00
 5.33510e+17	1.00e+00	5.96e-17	0.00e+00
 5.33823e+17	1.00e+00	5.69e-17	0.00e+00
 5.34125e+17	1.00e+00	5.44e-17	0.00e+00
 5.34415e+17	1.00e+00	5.21e-17	0.00e+00
 5.34695e+17	1.00e+00	4.99e-17	0.00e+00
 5.34965e+17	1.00e+00	4.78e-17	0.00e+00
 5.35225e+17	1.00e+00	4.59e-17	0.00e+00
 5.35475e+17	1.00e+00	4.41e-17	0.00e+00
 5.35718e+17	1.00e+00	4.24e-17	0.00e+00
 5.35954e+17	1.00e+00	4.07e-17	0.00e+00
 5.36184e+17	1.00e+00	3.92e-17	0.00e+00
 5.36407e+17	1.00e+00	3.78e-17	0.00e+00
 5.36621e+17	1.00e+00	3.64e-17	0.00e+00
 5.36827e+17	1.00e+00	3.51e-17	0.00e+00
 5.37028e+17	1.00e+00	3.39e-17	0.00e+00
 5.37226e+17	1.00e+00	3.27e-17	0.00e+00
 5.37420e+17	1.00e+00	3.16e-17	0.00e+00
 5.37609e+17	1.00e+00	3.05e-17	0.00e+00
 5.37793e+17	1.00e+00	2.95e-17	0.00e+00
 5.37973e+17	1.00e+00	2.86e-17	0.00e+00
 5.38150e+17	1.00e+00	2.76e-17	0.00e+00
 5.38352e+17	1.00e+00	2.67e-17	0.00e+00
 5.38615e+17	1.00e+00	2.56e-17	0.00e+00
 5.38957e+17	1.00e+00	2.42e-17	0.00e+00
 5.39402e+17	1.00e+00	2.25e-17	0.00e+00
 5.39980e+17	1.00e+00	2.01e-17	0.00e+00
 5.40731e+17	1.00e+00	1.77e-17	0.00e+00
 5.41586e+17	1.00e+00	1.49e-17	0.00e+00
 5.42357e+17	1.00e+00	1.26e-17	0.00e+00
 5.42966e+17	1.00e+00	1.10e-17	0.00e+00
 5.43485e+17	1.00e+00	9.82e-18	0.00e+00
 5.44010e+17	1.00e+00	8.86e-18	0.00e+00
 5.44583e+17	1.00e+00	7.93e-18	0.00e+00
 5.45180e+17	1.00e+00	7.02e-18	0.00e+00
 5.45762e+17	1.00e+00	6.21e-18	0.00e+00
 5.46324e+17	1.00e+00	5.52e-18	0.00e+00
 5.46887e+17	1.00e+00	4.87e-18	0.00e+00
 5.47468e+17	1.00e+00	4.33e-18	0.00e+00
