#depth	O	O+	O+2	O+3	O+4	O+5	O+6	O+7	O+8	O[1]	O[2]	O[3]
 1.49634e+10	0.00e+00	0.00e+00	2.30e-33	8.20e-24	2.58e-15	4.86e-08	1.00e+00	0.00e+00	0.00e+00	0.00e+00	0.00e+00	0.00e+00
 4.54887e+10	0.00e+00	8.19e-44	3.15e-33	1.04e-23	3.02e-15	5.26e-08	1.00e+00	6.77e-13	0.00e+00	0.00e+00	0.00e+00	0.00e+00
 7.72350e+10	0.00e+00	0.00e+00	4.31e-33	1.32e-23	3.54e-15	5.70e-08	1.00e+00	0.00e+00	0.00e+00	0.00e+00	0.00e+00	0.00e+00
 1.10251e+11	0.00e+00	1.80e-43	5.91e-33	1.67e-23	4.14e-15	6.17e-08	1.00e+00	0.00e+00	0.00e+00	0.00e+00	0.00e+00	0.00e+00
 1.44588e+11	0.00e+00	0.00e+00	8.09e-33	2.11e-23	4.85e-15	6.68e-08	1.00e+00	0.00e+00	0.00e+00	0.00e+00	0.00e+00	0.00e+00
 1.80298e+11	0.00e+00	3.95e-43	1.11e-32	2.68e-23	5.69e-15	7.23e-08	1.00e+00	0.00e+00	0.00e+00	0.00e+00	0.00e+00	0.00e+00
 2.17437e+11	0.00e+00	0.00e+00	1.52e-32	3.40e-23	6.66e-15	7.83e-08	1.00e+00	0.00e+00	0.00e+00	0.00e+00	0.00e+00	0.00e+00
 2.56061e+11	0.00e+00	8.69e-43	2.09e-32	4.31e-23	7.81e-15	8.48e-08	1.00e+00	0.00e+00	0.00e+00	0.00e+00	0.00e+00	0.00e+00
 2.96231e+11	0.00e+00	0.00e+00	2.86e-32	5.46e-23	9.16e-15	9.18e-08	1.00e+00	0.00e+00	0.00e+00	0.00e+00	0.00e+00	0.00e+00
 3.38007e+11	0.00e+00	1.91e-42	3.92e-32	6.92e-23	1.07e-14	9.94e-08	1.00e+00	0.00e+00	0.00e+00	0.00e+00	0.00e+00	0.00e+00
 3.81454e+11	0.00e+00	0.00e+00	5.38e-32	8.78e-23	1.26e-14	1.08e-07	1.00e+00	0.00e+00	0.00e+00	0.00e+00	0.00e+00	0.00e+00
 4.26639e+11	0.00e+00	4.21e-42	7.39e-32	1.11e-22	1.48e-14	1.17e-07	1.00e+00	0.00e+00	0.00e+00	0.00e+00	0.00e+00	0.00e+00
 4.73631e+11	0.00e+00	0.00e+00	1.01e-31	1.41e-22	1.73e-14	1.26e-07	1.00e+00	0.00e+00	0.00e+00	0.00e+00	0.00e+00	0.00e+00
 5.22503e+11	0.00e+00	9.27e-42	1.39e-31	1.79e-22	2.03e-14	1.37e-07	1.00e+00	0.00e+00	0.00e+00	0.00e+00	0.00e+00	0.00e+00
 5.73330e+11	0.00e+00	0.00e+00	1.91e-31	2.28e-22	2.39e-14	1.49e-07	1.00e+00	0.00e+00	0.00e+00	0.00e+00	0.00e+00	0.00e+00
 6.23400e+11	0.00e+00	2.00e-41	2.58e-31	2.86e-22	2.78e-14	1.60e-07	1.00e+00	0.00e+00	0.00e+00	0.00e+00	0.00e+00	0.00e+00
 6.75473e+11	0.00e+00	0.00e+00	3.49e-31	3.59e-22	3.24e-14	1.73e-07	1.00e+00	0.00e+00	0.00e+00	0.00e+00	0.00e+00	0.00e+00
 7.32418e+11	0.00e+00	4.33e-41	4.79e-31	4.56e-22	3.80e-14	1.88e-07	1.00e+00	0.00e+00	0.00e+00	0.00e+00	0.00e+00	0.00e+00
 7.89634e+11	0.00e+00	0.00e+00	6.51e-31	5.74e-22	4.44e-14	2.03e-07	1.00e+00	0.00e+00	0.00e+00	0.00e+00	0.00e+00	0.00e+00
 8.49138e+11	0.00e+00	9.31e-41	8.86e-31	7.24e-22	5.19e-14	2.20e-07	1.00e+00	0.00e+00	0.00e+00	0.00e+00	0.00e+00	0.00e+00
 9.13030e+11	0.00e+00	0.00e+00	1.22e-30	9.21e-22	6.10e-14	2.38e-07	1.00e+00	0.00e+00	0.00e+00	0.00e+00	0.00e+00	0.00e+00
 9.79478e+11	0.00e+00	2.06e-40	1.67e-30	1.17e-21	7.18e-14	2.59e-07	1.00e+00	0.00e+00	0.00e+00	0.00e+00	0.00e+00	0.00e+00
 1.04858e+12	0.00e+00	0.00e+00	2.30e-30	1.49e-21	8.44e-14	2.81e-07	1.00e+00	0.00e+00	0.00e+00	0.00e+00	0.00e+00	0.00e+00
 1.12045e+12	0.00e+00	4.55e-40	3.17e-30	1.90e-21	9.94e-14	3.05e-07	1.00e+00	0.00e+00	0.00e+00	0.00e+00	0.00e+00	0.00e+00
 1.19520e+12	0.00e+00	0.00e+00	4.36e-30	2.41e-21	1.17e-13	3.31e-07	1.00e+00	0.00e+00	0.00e+00	0.00e+00	0.00e+00	0.00e+00
 1.27293e+12	0.00e+00	1.01e-39	6.00e-30	3.07e-21	1.38e-13	3.59e-07	1.00e+00	0.00e+00	0.00e+00	0.00e+00	0.00e+00	0.00e+00
 1.35378e+12	0.00e+00	0.00e+00	8.26e-30	3.92e-21	1.62e-13	3.91e-07	1.00e+00	0.00e+00	0.00e+00	0.00e+00	0.00e+00	0.00e+00
 1.43786e+12	0.00e+00	2.23e-39	1.14e-29	4.99e-21	1.91e-13	4.24e-07	1.00e+00	0.00e+00	0.00e+00	0.00e+00	0.00e+00	0.00e+00
 1.52530e+12	0.00e+00	0.00e+00	1.57e-29	6.36e-21	2.25e-13	4.61e-07	1.00e+00	0.00e+00	0.00e+00	0.00e+00	0.00e+00	0.00e+00
 1.60703e+12	0.00e+00	4.75e-39	2.09e-29	7.92e-21	2.62e-13	4.97e-07	1.00e+00	0.00e+00	0.00e+00	0.00e+00	0.00e+00	0.00e+00
 1.67931e+12	0.00e+00	0.00e+00	2.67e-29	9.55e-21	2.97e-13	5.31e-07	1.00e+00	0.00e+00	0.00e+00	0.00e+00	0.00e+00	0.00e+00
 1.76011e+12	0.00e+00	8.99e-39	3.50e-29	1.17e-20	3.41e-13	5.70e-07	1.00e+00	0.00e+00	0.00e+00	0.00e+00	0.00e+00	0.00e+00
 1.85686e+12	0.00e+00	0.00e+00	4.77e-29	1.48e-20	4.01e-13	6.18e-07	1.00e+00	0.00e+00	0.00e+00	0.00e+00	0.00e+00	0.00e+00
 1.95410e+12	0.00e+00	1.91e-38	6.44e-29	1.86e-20	4.68e-13	6.69e-07	1.00e+00	0.00e+00	0.00e+00	0.00e+00	0.00e+00	0.00e+00
 2.04401e+12	0.00e+00	0.00e+00	8.41e-29	2.28e-20	5.38e-13	7.18e-07	1.00e+00	0.00e+00	0.00e+00	0.00e+00	0.00e+00	0.00e+00
 2.14448e+12	0.00e+00	3.82e-38	1.12e-28	2.85e-20	6.26e-13	7.76e-07	1.00e+00	0.00e+00	0.00e+00	0.00e+00	0.00e+00	0.00e+00
 2.26019e+12	0.00e+00	0.00e+00	1.55e-28	3.64e-20	7.40e-13	8.45e-07	1.00e+00	0.00e+00	0.00e+00	0.00e+00	0.00e+00	0.00e+00
 2.37355e+12	0.00e+00	8.27e-38	2.10e-28	4.59e-20	8.68e-13	9.17e-07	1.00e+00	0.00e+00	0.00e+00	0.00e+00	0.00e+00	0.00e+00
 2.49145e+12	0.00e+00	0.00e+00	2.85e-28	5.78e-20	1.02e-12	9.95e-07	1.00e+00	0.00e+00	0.00e+00	0.00e+00	0.00e+00	0.00e+00
 2.62103e+12	0.00e+00	1.79e-37	3.93e-28	7.40e-20	1.21e-12	1.09e-06	1.00e+00	0.00e+00	0.00e+00	0.00e+00	0.00e+00	0.00e+00
 2.75168e+12	0.00e+00	0.00e+00	5.36e-28	9.40e-20	1.42e-12	1.18e-06	1.00e+00	0.00e+00	0.00e+00	0.00e+00	0.00e+00	0.00e+00
 2.88756e+12	0.00e+00	3.87e-37	7.33e-28	1.19e-19	1.68e-12	1.29e-06	1.00e+00	0.00e+00	0.00e+00	0.00e+00	0.00e+00	0.00e+00
 3.03299e+12	0.00e+00	0.00e+00	1.01e-27	1.53e-19	1.98e-12	1.40e-06	1.00e+00	0.00e+00	0.00e+00	0.00e+00	0.00e+00	0.00e+00
 3.18424e+12	0.00e+00	8.53e-37	1.39e-27	1.95e-19	2.36e-12	1.53e-06	1.00e+00	0.00e+00	0.00e+00	0.00e+00	0.00e+00	0.00e+00
 3.34154e+12	0.00e+00	0.00e+00	1.92e-27	2.50e-19	2.80e-12	1.68e-06	1.00e+00	0.00e+00	0.00e+00	0.00e+00	0.00e+00	0.00e+00
 3.50512e+12	0.00e+00	1.88e-36	2.65e-27	3.20e-19	3.32e-12	1.83e-06	1.00e+00	0.00e+00	0.00e+00	0.00e+00	0.00e+00	0.00e+00
 3.67526e+12	2.67e-46	2.78e-36	3.64e-27	4.10e-19	3.95e-12	2.00e-06	1.00e+00	0.00e+00	0.00e+00	0.00e+00	0.00e+00	0.00e+00
 3.85219e+12	0.00e+00	0.00e+00	5.02e-27	5.25e-19	4.69e-12	2.19e-06	1.00e+00	0.00e+00	0.00e+00	0.00e+00	0.00e+00	0.00e+00
 4.03621e+12	0.00e+00	6.08e-36	6.90e-27	6.72e-19	5.57e-12	2.40e-06	1.00e+00	0.00e+00	0.00e+00	0.00e+00	0.00e+00	0.00e+00
 4.22758e+12	1.08e-45	8.97e-36	9.49e-27	8.60e-19	6.62e-12	2.62e-06	1.00e+00	0.00e+00	0.00e+00	0.00e+00	0.00e+00	0.00e+00
 4.42661e+12	0.00e+00	0.00e+00	1.30e-26	1.10e-18	7.87e-12	2.87e-06	1.00e+00	0.00e+00	0.00e+00	0.00e+00	0.00e+00	0.00e+00
 4.63360e+12	0.00e+00	1.95e-35	1.79e-26	1.41e-18	9.36e-12	3.15e-06	1.00e+00	0.00e+00	0.00e+00	0.00e+00	0.00e+00	0.00e+00
 4.84888e+12	4.31e-45	2.86e-35	2.46e-26	1.80e-18	1.11e-11	3.45e-06	1.00e+00	0.00e+00	0.00e+00	0.00e+00	0.00e+00	0.00e+00
 5.06649e+12	0.00e+00	4.16e-35	3.34e-26	2.29e-18	1.32e-11	3.77e-06	1.00e+00	0.00e+00	0.00e+00	0.00e+00	0.00e+00	0.00e+00
 5.29280e+12	1.05e-44	6.03e-35	4.54e-26	2.91e-18	1.56e-11	4.12e-06	1.00e+00	0.00e+00	0.00e+00	0.00e+00	0.00e+00	0.00e+00
 5.53444e+12	0.00e+00	8.83e-35	6.21e-26	3.71e-18	1.86e-11	4.52e-06	1.00e+00	0.00e+00	0.00e+00	0.00e+00	0.00e+00	0.00e+00
 5.78575e+12	2.58e-44	1.29e-34	8.48e-26	4.74e-18	2.21e-11	4.95e-06	1.00e+00	0.00e+00	0.00e+00	0.00e+00	0.00e+00	0.00e+00
 6.04710e+12	0.00e+00	1.88e-34	1.16e-25	6.06e-18	2.63e-11	5.43e-06	1.00e+00	0.00e+00	0.00e+00	0.00e+00	0.00e+00	0.00e+00
 6.30974e+12	6.19e-44	2.70e-34	1.56e-25	7.67e-18	3.11e-11	5.94e-06	1.00e+00	0.00e+00	0.00e+00	0.00e+00	0.00e+00	0.00e+00
 6.58289e+12	0.00e+00	3.87e-34	2.11e-25	9.71e-18	3.68e-11	6.50e-06	1.00e+00	0.00e+00	0.00e+00	0.00e+00	0.00e+00	0.00e+00
 6.87614e+12	1.47e-43	5.60e-34	2.87e-25	1.24e-17	4.38e-11	7.14e-06	1.00e+00	0.00e+00	0.00e+00	0.00e+00	0.00e+00	0.00e+00
 7.17452e+12	0.00e+00	8.02e-34	3.87e-25	1.57e-17	5.19e-11	7.83e-06	1.00e+00	0.00e+00	0.00e+00	0.00e+00	0.00e+00	0.00e+00
 7.48483e+12	3.43e-43	1.15e-33	5.21e-25	1.99e-17	6.15e-11	8.58e-06	1.00e+00	0.00e+00	0.00e+00	0.00e+00	0.00e+00	0.00e+00
 7.81415e+12	0.00e+00	1.65e-33	7.05e-25	2.53e-17	7.31e-11	9.43e-06	1.00e+00	0.00e+00	0.00e+00	0.00e+00	0.00e+00	0.00e+00
 8.15665e+12	8.03e-43	2.36e-33	9.53e-25	3.22e-17	8.69e-11	1.04e-05	1.00e+00	0.00e+00	0.00e+00	0.00e+00	0.00e+00	0.00e+00
 8.51284e+12	0.00e+00	3.37e-33	1.29e-24	4.09e-17	1.03e-10	1.14e-05	1.00e+00	0.00e+00	0.00e+00	0.00e+00	0.00e+00	0.00e+00
 8.88328e+12	1.85e-42	4.81e-33	1.73e-24	5.20e-17	1.23e-10	1.25e-05	1.00e+00	0.00e+00	0.00e+00	0.00e+00	0.00e+00	0.00e+00
 9.22221e+12	0.00e+00	6.55e-33	2.25e-24	6.41e-17	1.43e-10	1.36e-05	1.00e+00	0.00e+00	0.00e+00	0.00e+00	0.00e+00	0.00e+00
 9.51051e+12	3.58e-42	8.45e-33	2.79e-24	7.63e-17	1.62e-10	1.46e-05	1.00e+00	0.00e+00	0.00e+00	0.00e+00	0.00e+00	0.00e+00
 9.82841e+12	0.00e+00	1.11e-32	3.51e-24	9.17e-17	1.85e-10	1.57e-05	1.00e+00	0.00e+00	0.00e+00	0.00e+00	0.00e+00	0.00e+00
 1.02232e+13	7.16e-42	1.53e-32	4.61e-24	1.14e-16	2.17e-10	1.72e-05	1.00e+00	0.00e+00	0.00e+00	0.00e+00	0.00e+00	0.00e+00
 1.06294e+13	0.00e+00	2.10e-32	6.04e-24	1.42e-16	2.54e-10	1.87e-05	1.00e+00	0.00e+00	0.00e+00	0.00e+00	0.00e+00	0.00e+00
 1.09937e+13	1.43e-41	2.76e-32	7.62e-24	1.72e-16	2.91e-10	2.02e-05	1.00e+00	0.00e+00	0.00e+00	0.00e+00	0.00e+00	0.00e+00
 1.13920e+13	0.00e+00	3.69e-32	9.75e-24	2.10e-16	3.36e-10	2.19e-05	1.00e+00	0.00e+00	0.00e+00	0.00e+00	0.00e+00	0.00e+00
 1.18644e+13	2.92e-41	5.12e-32	1.29e-23	2.64e-16	3.96e-10	2.40e-05	1.00e+00	0.00e+00	0.00e+00	0.00e+00	0.00e+00	0.00e+00
 1.23332e+13	0.00e+00	6.99e-32	1.68e-23	3.28e-16	4.63e-10	2.62e-05	1.00e+00	0.00e+00	0.00e+00	0.00e+00	0.00e+00	0.00e+00
 1.27669e+13	5.79e-41	9.23e-32	2.14e-23	3.99e-16	5.32e-10	2.84e-05	1.00e+00	0.00e+00	0.00e+00	0.00e+00	0.00e+00	0.00e+00
 1.32536e+13	0.00e+00	1.25e-31	2.77e-23	4.92e-16	6.18e-10	3.09e-05	1.00e+00	0.00e+00	0.00e+00	0.00e+00	0.00e+00	0.00e+00
 1.38136e+13	1.21e-40	1.74e-31	3.68e-23	6.21e-16	7.29e-10	3.39e-05	1.00e+00	0.00e+00	0.00e+00	0.00e+00	0.00e+00	0.00e+00
 1.43675e+13	0.00e+00	2.39e-31	4.83e-23	7.75e-16	8.53e-10	3.71e-05	1.00e+00	0.00e+00	0.00e+00	0.00e+00	0.00e+00	0.00e+00
 1.49434e+13	2.52e-40	3.29e-31	6.35e-23	9.68e-16	9.98e-10	4.05e-05	1.00e+00	0.00e+00	0.00e+00	0.00e+00	0.00e+00	0.00e+00
 1.55711e+13	0.00e+00	4.60e-31	8.46e-23	1.22e-15	1.18e-09	4.44e-05	1.00e+00	0.00e+00	0.00e+00	0.00e+00	0.00e+00	0.00e+00
 1.62239e+13	5.47e-40	6.44e-31	1.13e-22	1.54e-15	1.38e-09	4.86e-05	1.00e+00	0.00e+00	0.00e+00	0.00e+00	0.00e+00	0.00e+00
 1.69027e+13	0.00e+00	9.03e-31	1.50e-22	1.94e-15	1.63e-09	5.33e-05	1.00e+00	0.00e+00	0.00e+00	0.00e+00	0.00e+00	0.00e+00
 1.75920e+13	1.18e-39	1.26e-30	1.99e-22	2.44e-15	1.91e-09	5.82e-05	1.00e+00	0.00e+00	0.00e+00	0.00e+00	0.00e+00	0.00e+00
 1.83088e+13	0.00e+00	1.76e-30	2.64e-22	3.06e-15	2.23e-09	6.35e-05	1.00e+00	0.00e+00	0.00e+00	0.00e+00	0.00e+00	0.00e+00
 1.90711e+13	2.59e-39	2.47e-30	3.53e-22	3.86e-15	2.62e-09	6.94e-05	1.00e+00	0.00e+00	0.00e+00	0.00e+00	0.00e+00	0.00e+00
 1.98639e+13	0.00e+00	3.49e-30	4.73e-22	4.87e-15	3.07e-09	7.58e-05	1.00e+00	0.00e+00	0.00e+00	0.00e+00	0.00e+00	0.00e+00
 2.06883e+13	5.80e-39	4.95e-30	6.34e-22	6.14e-15	3.61e-09	8.28e-05	1.00e+00	0.00e+00	0.00e+00	0.00e+00	0.00e+00	0.00e+00
 2.15458e+13	0.00e+00	7.02e-30	8.50e-22	7.75e-15	4.23e-09	9.04e-05	1.00e+00	0.00e+00	0.00e+00	0.00e+00	0.00e+00	0.00e+00
 2.24376e+13	1.31e-38	9.98e-30	1.14e-21	9.79e-15	4.96e-09	9.86e-05	1.00e+00	0.00e+00	0.00e+00	0.00e+00	0.00e+00	0.00e+00
 2.33650e+13	0.00e+00	1.42e-29	1.53e-21	1.24e-14	5.81e-09	1.07e-04	1.00e+00	0.00e+00	0.00e+00	0.00e+00	0.00e+00	0.00e+00
 2.43295e+13	3.01e-38	2.03e-29	2.06e-21	1.56e-14	6.81e-09	1.17e-04	1.00e+00	0.00e+00	0.00e+00	0.00e+00	0.00e+00	0.00e+00
 2.53102e+13	0.00e+00	2.88e-29	2.76e-21	1.96e-14	7.95e-09	1.27e-04	1.00e+00	0.00e+00	0.00e+00	0.00e+00	0.00e+00	0.00e+00
 2.62474e+13	6.61e-38	3.98e-29	3.61e-21	2.42e-14	9.17e-09	1.37e-04	1.00e+00	0.00e+00	0.00e+00	0.00e+00	0.00e+00	0.00e+00
 2.72445e+13	0.00e+00	5.56e-29	4.77e-21	3.00e-14	1.06e-08	1.49e-04	1.00e+00	0.00e+00	0.00e+00	0.00e+00	0.00e+00	0.00e+00
 2.83642e+13	1.50e-37	8.00e-29	6.44e-21	3.79e-14	1.24e-08	1.62e-04	1.00e+00	0.00e+00	0.00e+00	0.00e+00	0.00e+00	0.00e+00
 2.94821e+13	0.00e+00	1.14e-28	8.59e-21	4.74e-14	1.45e-08	1.75e-04	1.00e+00	0.00e+00	0.00e+00	0.00e+00	0.00e+00	0.00e+00
 3.06446e+13	3.42e-37	1.61e-28	1.15e-20	5.93e-14	1.68e-08	1.90e-04	1.00e+00	0.00e+00	0.00e+00	0.00e+00	0.00e+00	0.00e+00
 3.19003e+13	0.00e+00	2.33e-28	1.55e-20	7.50e-14	1.97e-08	2.06e-04	1.00e+00	0.00e+00	0.00e+00	0.00e+00	0.00e+00	0.00e+00
 3.32063e+13	8.13e-37	3.37e-28	2.10e-20	9.47e-14	2.30e-08	2.24e-04	1.00e+00	0.00e+00	0.00e+00	0.00e+00	0.00e+00	0.00e+00
 3.45644e+13	0.00e+00	4.88e-28	2.85e-20	1.20e-13	2.70e-08	2.44e-04	1.00e+00	0.00e+00	0.00e+00	0.00e+00	0.00e+00	0.00e+00
 3.59769e+13	1.95e-36	7.07e-28	3.86e-20	1.51e-13	3.15e-08	2.65e-04	1.00e+00	0.00e+00	0.00e+00	0.00e+00	0.00e+00	0.00e+00
 3.74460e+13	0.00e+00	1.03e-27	5.24e-20	1.91e-13	3.69e-08	2.87e-04	1.00e+00	0.00e+00	0.00e+00	0.00e+00	0.00e+00	0.00e+00
 3.89737e+13	4.70e-36	1.49e-27	7.11e-20	2.41e-13	4.32e-08	3.12e-04	1.00e+00	0.00e+00	0.00e+00	0.00e+00	0.00e+00	0.00e+00
 4.05626e+13	0.00e+00	2.17e-27	9.65e-20	3.05e-13	5.05e-08	3.38e-04	1.00e+00	0.00e+00	0.00e+00	0.00e+00	0.00e+00	0.00e+00
 4.20638e+13	1.10e-35	3.05e-27	1.27e-19	3.78e-13	5.83e-08	3.64e-04	1.00e+00	0.00e+00	0.00e+00	0.00e+00	0.00e+00	0.00e+00
 4.34162e+13	0.00e+00	4.11e-27	1.63e-19	4.55e-13	6.60e-08	3.89e-04	1.00e+00	0.00e+00	0.00e+00	0.00e+00	0.00e+00	0.00e+00
 4.49371e+13	2.30e-35	5.69e-27	2.12e-19	5.56e-13	7.55e-08	4.17e-04	1.00e+00	0.00e+00	0.00e+00	0.00e+00	0.00e+00	0.00e+00
 4.67276e+13	0.00e+00	8.24e-27	2.86e-19	7.00e-13	8.81e-08	4.51e-04	1.00e+00	0.00e+00	0.00e+00	0.00e+00	0.00e+00	0.00e+00
 4.85052e+13	5.43e-35	1.18e-26	3.82e-19	8.72e-13	1.02e-07	4.87e-04	1.00e+00	0.00e+00	0.00e+00	0.00e+00	0.00e+00	0.00e+00
 5.01725e+13	7.98e-35	1.62e-26	4.96e-19	1.06e-12	1.17e-07	5.21e-04	9.99e-01	0.00e+00	0.00e+00	0.00e+00	0.00e+00	0.00e+00
 5.20279e+13	1.21e-34	2.30e-26	6.57e-19	1.32e-12	1.34e-07	5.61e-04	9.99e-01	0.00e+00	0.00e+00	0.00e+00	0.00e+00	0.00e+00
 5.41389e+13	1.90e-34	3.37e-26	8.95e-19	1.67e-12	1.57e-07	6.08e-04	9.99e-01	0.00e+00	0.00e+00	0.00e+00	0.00e+00	0.00e+00
 5.62273e+13	2.93e-34	4.85e-26	1.20e-18	2.08e-12	1.82e-07	6.56e-04	9.99e-01	0.00e+00	0.00e+00	0.00e+00	0.00e+00	0.00e+00
 5.83991e+13	4.53e-34	6.99e-26	1.61e-18	2.60e-12	2.12e-07	7.07e-04	9.99e-01	0.00e+00	0.00e+00	0.00e+00	0.00e+00	0.00e+00
 6.07650e+13	7.16e-34	1.03e-25	2.20e-18	3.29e-12	2.48e-07	7.66e-04	9.99e-01	0.00e+00	0.00e+00	0.00e+00	0.00e+00	0.00e+00
 6.31668e+13	1.12e-33	1.49e-25	2.98e-18	4.14e-12	2.89e-07	8.28e-04	9.99e-01	0.00e+00	0.00e+00	0.00e+00	0.00e+00	0.00e+00
 6.56647e+13	1.76e-33	2.18e-25	4.04e-18	5.21e-12	3.36e-07	8.94e-04	9.99e-01	0.00e+00	0.00e+00	0.00e+00	0.00e+00	0.00e+00
 6.83212e+13	2.80e-33	3.21e-25	5.51e-18	6.58e-12	3.93e-07	9.68e-04	9.99e-01	0.00e+00	0.00e+00	0.00e+00	0.00e+00	0.00e+00
 7.10840e+13	4.45e-33	4.73e-25	7.53e-18	8.32e-12	4.60e-07	1.05e-03	9.99e-01	0.00e+00	0.00e+00	0.00e+00	0.00e+00	0.00e+00
 7.39573e+13	7.08e-33	6.98e-25	1.03e-17	1.05e-11	5.38e-07	1.13e-03	9.99e-01	0.00e+00	0.00e+00	0.00e+00	0.00e+00	0.00e+00
 7.69455e+13	1.13e-32	1.03e-24	1.40e-17	1.33e-11	6.29e-07	1.23e-03	9.99e-01	0.00e+00	0.00e+00	0.00e+00	0.00e+00	0.00e+00
 8.00532e+13	1.80e-32	1.52e-24	1.92e-17	1.68e-11	7.35e-07	1.33e-03	9.99e-01	0.00e+00	0.00e+00	0.00e+00	0.00e+00	0.00e+00
 8.31283e+13	2.83e-32	2.22e-24	2.60e-17	2.10e-11	8.53e-07	1.43e-03	9.99e-01	0.00e+00	0.00e+00	0.00e+00	0.00e+00	0.00e+00
 8.63264e+13	4.41e-32	3.21e-24	3.49e-17	2.63e-11	9.91e-07	1.54e-03	9.98e-01	0.00e+00	0.00e+00	0.00e+00	0.00e+00	0.00e+00
 8.98094e+13	7.05e-32	4.74e-24	4.77e-17	3.33e-11	1.16e-06	1.66e-03	9.98e-01	0.00e+00	0.00e+00	0.00e+00	0.00e+00	0.00e+00
 9.33299e+13	1.11e-31	6.95e-24	6.47e-17	4.18e-11	1.35e-06	1.79e-03	9.98e-01	0.00e+00	0.00e+00	0.00e+00	0.00e+00	0.00e+00
 9.69912e+13	1.77e-31	1.02e-23	8.79e-17	5.26e-11	1.57e-06	1.94e-03	9.98e-01	0.00e+00	0.00e+00	0.00e+00	0.00e+00	0.00e+00
 1.00901e+14	2.83e-31	1.51e-23	1.20e-16	6.65e-11	1.84e-06	2.09e-03	9.98e-01	0.00e+00	0.00e+00	0.00e+00	0.00e+00	0.00e+00
 1.04967e+14	4.54e-31	2.24e-23	1.65e-16	8.41e-11	2.15e-06	2.26e-03	9.98e-01	0.00e+00	0.00e+00	0.00e+00	0.00e+00	0.00e+00
 1.09195e+14	7.28e-31	3.31e-23	2.25e-16	1.06e-10	2.51e-06	2.44e-03	9.98e-01	0.00e+00	0.00e+00	0.00e+00	0.00e+00	0.00e+00
 1.13593e+14	1.17e-30	4.91e-23	3.09e-16	1.35e-10	2.94e-06	2.64e-03	9.97e-01	0.00e+00	0.00e+00	0.00e+00	0.00e+00	0.00e+00
 1.17846e+14	1.82e-30	7.08e-23	4.14e-16	1.67e-10	3.39e-06	2.84e-03	9.97e-01	0.00e+00	0.00e+00	0.00e+00	0.00e+00	0.00e+00
 1.21847e+14	2.71e-30	9.88e-23	5.39e-16	2.04e-10	3.87e-06	3.03e-03	9.97e-01	0.00e+00	0.00e+00	0.00e+00	0.00e+00	0.00e+00
 1.26328e+14	4.17e-30	1.42e-22	7.19e-16	2.53e-10	4.47e-06	3.25e-03	9.97e-01	0.00e+00	0.00e+00	0.00e+00	0.00e+00	0.00e+00
 1.31411e+14	6.69e-30	2.10e-22	9.84e-16	3.20e-10	5.23e-06	3.52e-03	9.96e-01	0.00e+00	0.00e+00	0.00e+00	0.00e+00	0.00e+00
 1.36514e+14	1.05e-29	3.06e-22	1.33e-15	4.01e-10	6.08e-06	3.79e-03	9.96e-01	0.00e+00	0.00e+00	0.00e+00	0.00e+00	0.00e+00
 1.41821e+14	1.66e-29	4.48e-22	1.80e-15	5.04e-10	7.07e-06	4.09e-03	9.96e-01	0.00e+00	0.00e+00	0.00e+00	0.00e+00	0.00e+00
 1.47026e+14	2.55e-29	6.40e-22	2.40e-15	6.24e-10	8.15e-06	4.39e-03	9.96e-01	0.00e+00	0.00e+00	0.00e+00	0.00e+00	0.00e+00
 1.51657e+14	3.69e-29	8.71e-22	3.07e-15	7.51e-10	9.22e-06	4.67e-03	9.95e-01	0.00e+00	0.00e+00	0.00e+00	0.00e+00	0.00e+00
 1.56762e+14	5.47e-29	1.21e-21	3.99e-15	9.14e-10	1.05e-05	4.98e-03	9.95e-01	0.00e+00	0.00e+00	0.00e+00	0.00e+00	0.00e+00
 1.62856e+14	8.58e-29	1.76e-21	5.40e-15	1.15e-09	1.22e-05	5.37e-03	9.95e-01	0.00e+00	0.00e+00	0.00e+00	0.00e+00	0.00e+00
 1.68907e+14	1.32e-28	2.52e-21	7.20e-15	1.42e-09	1.41e-05	5.78e-03	9.94e-01	0.00e+00	0.00e+00	0.00e+00	0.00e+00	0.00e+00
 1.74422e+14	1.93e-28	3.46e-21	9.29e-15	1.72e-09	1.60e-05	6.16e-03	9.94e-01	0.00e+00	0.00e+00	0.00e+00	0.00e+00	0.00e+00
 1.80568e+14	2.88e-28	4.85e-21	1.22e-14	2.12e-09	1.84e-05	6.60e-03	9.93e-01	0.00e+00	0.00e+00	0.00e+00	0.00e+00	0.00e+00
 1.87738e+14	4.55e-28	7.10e-21	1.66e-14	2.67e-09	2.15e-05	7.14e-03	9.93e-01	0.00e+00	0.00e+00	0.00e+00	0.00e+00	0.00e+00
 1.94773e+14	6.98e-28	1.02e-20	2.21e-14	3.32e-09	2.48e-05	7.68e-03	9.92e-01	0.00e+00	0.00e+00	0.00e+00	0.00e+00	0.00e+00
 2.01367e+14	1.03e-27	1.40e-20	2.87e-14	4.05e-09	2.83e-05	8.22e-03	9.92e-01	0.00e+00	0.00e+00	0.00e+00	0.00e+00	0.00e+00
 2.08730e+14	1.55e-27	1.99e-20	3.81e-14	5.01e-09	3.27e-05	8.83e-03	9.91e-01	0.00e+00	0.00e+00	0.00e+00	0.00e+00	0.00e+00
 2.17109e+14	2.44e-27	2.91e-20	5.18e-14	6.32e-09	3.82e-05	9.57e-03	9.90e-01	0.00e+00	0.00e+00	0.00e+00	0.00e+00	0.00e+00
 2.25421e+14	3.73e-27	4.17e-20	6.94e-14	7.90e-09	4.43e-05	1.03e-02	9.90e-01	0.00e+00	0.00e+00	0.00e+00	0.00e+00	0.00e+00
 2.34066e+14	5.73e-27	5.98e-20	9.31e-14	9.88e-09	5.14e-05	1.11e-02	9.89e-01	0.00e+00	0.00e+00	0.00e+00	0.00e+00	0.00e+00
 2.43459e+14	8.93e-27	8.70e-20	1.26e-13	1.25e-08	6.00e-05	1.21e-02	9.88e-01	0.00e+00	0.00e+00	0.00e+00	0.00e+00	0.00e+00
 2.53227e+14	1.38e-26	1.26e-19	1.71e-13	1.57e-08	7.01e-05	1.31e-02	9.87e-01	0.00e+00	0.00e+00	0.00e+00	0.00e+00	0.00e+00
 2.63386e+14	2.14e-26	1.83e-19	2.32e-13	1.99e-08	8.19e-05	1.42e-02	9.86e-01	0.00e+00	0.00e+00	0.00e+00	0.00e+00	0.00e+00
 2.73952e+14	3.31e-26	2.65e-19	3.14e-13	2.51e-08	9.57e-05	1.54e-02	9.84e-01	0.00e+00	0.00e+00	0.00e+00	0.00e+00	0.00e+00
 2.84940e+14	5.09e-26	3.82e-19	4.26e-13	3.16e-08	1.12e-04	1.67e-02	9.83e-01	0.00e+00	0.00e+00	0.00e+00	0.00e+00	0.00e+00
 2.96367e+14	7.79e-26	5.50e-19	5.75e-13	3.99e-08	1.30e-04	1.81e-02	9.82e-01	0.00e+00	0.00e+00	0.00e+00	0.00e+00	0.00e+00
 3.07530e+14	1.16e-25	7.76e-19	7.63e-13	4.96e-08	1.51e-04	1.96e-02	9.80e-01	0.00e+00	0.00e+00	0.00e+00	0.00e+00	0.00e+00
 3.18176e+14	1.67e-25	1.06e-18	9.89e-13	6.06e-08	1.72e-04	2.11e-02	9.79e-01	0.00e+00	0.00e+00	0.00e+00	0.00e+00	0.00e+00
 3.29970e+14	2.46e-25	1.48e-18	1.31e-12	7.51e-08	1.99e-04	2.27e-02	9.77e-01	0.00e+00	0.00e+00	0.00e+00	0.00e+00	0.00e+00
 3.43199e+14	3.72e-25	2.12e-18	1.76e-12	9.47e-08	2.32e-04	2.47e-02	9.75e-01	0.00e+00	0.00e+00	0.00e+00	0.00e+00	0.00e+00
 3.55264e+14	5.32e-25	2.89e-18	2.28e-12	1.16e-07	2.66e-04	2.66e-02	9.73e-01	0.00e+00	0.00e+00	0.00e+00	0.00e+00	0.00e+00
 3.65518e+14	7.18e-25	3.75e-18	2.83e-12	1.37e-07	2.97e-04	2.82e-02	9.71e-01	0.00e+00	0.00e+00	0.00e+00	0.00e+00	0.00e+00
 3.76862e+14	9.88e-25	4.94e-18	3.57e-12	1.64e-07	3.34e-04	3.01e-02	9.70e-01	0.00e+00	0.00e+00	0.00e+00	0.00e+00	0.00e+00
 3.90955e+14	1.44e-24	6.87e-18	4.70e-12	2.04e-07	3.86e-04	3.26e-02	9.67e-01	0.00e+00	0.00e+00	0.00e+00	0.00e+00	0.00e+00
 4.05638e+14	2.10e-24	9.56e-18	6.21e-12	2.53e-07	4.46e-04	3.53e-02	9.64e-01	0.00e+00	0.00e+00	0.00e+00	0.00e+00	0.00e+00
 4.19125e+14	2.93e-24	1.28e-17	7.95e-12	3.07e-07	5.06e-04	3.79e-02	9.62e-01	0.00e+00	0.00e+00	0.00e+00	0.00e+00	0.00e+00
 4.34040e+14	4.15e-24	1.75e-17	1.03e-11	3.76e-07	5.79e-04	4.08e-02	9.59e-01	0.00e+00	0.00e+00	0.00e+00	0.00e+00	0.00e+00
 4.51335e+14	6.19e-24	2.49e-17	1.39e-11	4.74e-07	6.74e-04	4.44e-02	9.55e-01	0.00e+00	0.00e+00	0.00e+00	0.00e+00	0.00e+00
 4.67477e+14	8.83e-24	3.41e-17	1.81e-11	5.82e-07	7.72e-04	4.78e-02	9.51e-01	0.00e+00	0.00e+00	0.00e+00	0.00e+00	0.00e+00
 4.81514e+14	1.19e-23	4.45e-17	2.26e-11	6.92e-07	8.65e-04	5.09e-02	9.48e-01	0.00e+00	0.00e+00	0.00e+00	0.00e+00	0.00e+00
 4.97059e+14	1.63e-23	5.89e-17	2.87e-11	8.33e-07	9.77e-04	5.45e-02	9.44e-01	0.00e+00	0.00e+00	0.00e+00	0.00e+00	0.00e+00
 5.15977e+14	2.39e-23	8.26e-17	3.81e-11	1.04e-06	1.13e-03	5.90e-02	9.40e-01	0.00e+00	0.00e+00	0.00e+00	0.00e+00	0.00e+00
 5.35027e+14	3.45e-23	1.15e-16	5.01e-11	1.28e-06	1.30e-03	6.37e-02	9.35e-01	0.00e+00	0.00e+00	0.00e+00	0.00e+00	0.00e+00
 5.52111e+14	4.74e-23	1.52e-16	6.35e-11	1.54e-06	1.46e-03	6.80e-02	9.30e-01	0.00e+00	0.00e+00	0.00e+00	0.00e+00	0.00e+00
 5.70892e+14	6.66e-23	2.06e-16	8.19e-11	1.87e-06	1.66e-03	7.30e-02	9.25e-01	0.00e+00	0.00e+00	0.00e+00	0.00e+00	0.00e+00
 5.93152e+14	9.82e-23	2.91e-16	1.09e-10	2.34e-06	1.92e-03	7.90e-02	9.19e-01	0.00e+00	0.00e+00	0.00e+00	0.00e+00	0.00e+00
 6.15078e+14	1.42e-22	4.05e-16	1.44e-10	2.90e-06	2.20e-03	8.52e-02	9.13e-01	0.00e+00	0.00e+00	0.00e+00	0.00e+00	0.00e+00
 6.35076e+14	1.96e-22	5.42e-16	1.84e-10	3.49e-06	2.48e-03	9.10e-02	9.07e-01	0.00e+00	0.00e+00	0.00e+00	0.00e+00	0.00e+00
 6.57425e+14	2.80e-22	7.43e-16	2.39e-10	4.26e-06	2.82e-03	9.76e-02	9.00e-01	0.00e+00	0.00e+00	0.00e+00	0.00e+00	0.00e+00
 6.83473e+14	4.17e-22	1.06e-15	3.22e-10	5.34e-06	3.27e-03	1.06e-01	8.91e-01	0.00e+00	0.00e+00	0.00e+00	0.00e+00	0.00e+00
 7.09043e+14	6.07e-22	1.49e-15	4.26e-10	6.61e-06	3.75e-03	1.14e-01	8.83e-01	0.00e+00	0.00e+00	0.00e+00	0.00e+00	0.00e+00
 7.33104e+14	8.55e-22	2.02e-15	5.49e-10	8.01e-06	4.24e-03	1.21e-01	8.74e-01	0.00e+00	0.00e+00	0.00e+00	0.00e+00	0.00e+00
 7.59926e+14	1.24e-21	2.82e-15	7.22e-10	9.86e-06	4.84e-03	1.30e-01	8.65e-01	0.00e+00	0.00e+00	0.00e+00	0.00e+00	0.00e+00
 7.90353e+14	1.86e-21	4.05e-15	9.75e-10	1.24e-05	5.59e-03	1.40e-01	8.54e-01	0.00e+00	0.00e+00	0.00e+00	0.00e+00	0.00e+00
 8.20665e+14	2.75e-21	5.75e-15	1.30e-09	1.53e-05	6.41e-03	1.51e-01	8.43e-01	0.00e+00	0.00e+00	0.00e+00	0.00e+00	0.00e+00
 8.52190e+14	4.08e-21	8.16e-15	1.73e-09	1.90e-05	7.35e-03	1.62e-01	8.31e-01	0.00e+00	0.00e+00	0.00e+00	0.00e+00	0.00e+00
 8.86307e+14	6.15e-21	1.18e-14	2.34e-09	2.38e-05	8.47e-03	1.74e-01	8.17e-01	0.00e+00	0.00e+00	0.00e+00	0.00e+00	0.00e+00
 9.21790e+14	9.28e-21	1.70e-14	3.15e-09	2.97e-05	9.74e-03	1.87e-01	8.03e-01	0.00e+00	0.00e+00	0.00e+00	0.00e+00	0.00e+00
 9.58691e+14	1.40e-20	2.45e-14	4.25e-09	3.70e-05	1.12e-02	2.00e-01	7.88e-01	0.00e+00	0.00e+00	0.00e+00	0.00e+00	0.00e+00
 9.97069e+14	2.12e-20	3.54e-14	5.72e-09	4.61e-05	1.28e-02	2.14e-01	7.73e-01	0.00e+00	0.00e+00	0.00e+00	0.00e+00	0.00e+00
 1.03698e+15	3.22e-20	5.11e-14	7.70e-09	5.74e-05	1.47e-02	2.29e-01	7.56e-01	0.00e+00	0.00e+00	0.00e+00	0.00e+00	0.00e+00
 1.07849e+15	4.88e-20	7.38e-14	1.04e-08	7.13e-05	1.69e-02	2.44e-01	7.39e-01	0.00e+00	0.00e+00	0.00e+00	0.00e+00	0.00e+00
 1.11539e+15	6.99e-20	1.01e-13	1.33e-08	8.58e-05	1.89e-02	2.58e-01	7.23e-01	0.00e+00	0.00e+00	0.00e+00	0.00e+00	0.00e+00
 1.14533e+15	9.26e-20	1.30e-13	1.63e-08	9.92e-05	2.07e-02	2.69e-01	7.11e-01	0.00e+00	0.00e+00	0.00e+00	0.00e+00	0.00e+00
 1.17801e+15	1.25e-19	1.69e-13	2.01e-08	1.16e-04	2.27e-02	2.80e-01	6.97e-01	0.00e+00	0.00e+00	0.00e+00	0.00e+00	0.00e+00
 1.22043e+15	1.82e-19	2.35e-13	2.62e-08	1.40e-04	2.56e-02	2.96e-01	6.79e-01	0.00e+00	0.00e+00	0.00e+00	0.00e+00	0.00e+00
 1.26583e+15	2.69e-19	3.30e-13	3.43e-08	1.70e-04	2.88e-02	3.12e-01	6.59e-01	0.00e+00	0.00e+00	0.00e+00	0.00e+00	0.00e+00
 1.30629e+15	3.77e-19	4.42e-13	4.33e-08	2.02e-04	3.19e-02	3.25e-01	6.42e-01	0.00e+00	0.00e+00	0.00e+00	0.00e+00	0.00e+00
 1.35001e+15	5.37e-19	5.99e-13	5.51e-08	2.40e-04	3.54e-02	3.40e-01	6.24e-01	0.00e+00	0.00e+00	0.00e+00	0.00e+00	0.00e+00
 1.39941e+15	7.88e-19	8.35e-13	7.18e-08	2.90e-04	3.97e-02	3.56e-01	6.04e-01	0.00e+00	0.00e+00	0.00e+00	0.00e+00	0.00e+00
 1.44650e+15	1.12e-18	1.13e-12	9.12e-08	3.44e-04	4.40e-02	3.71e-01	5.85e-01	0.00e+00	0.00e+00	0.00e+00	0.00e+00	0.00e+00
 1.49805e+15	1.63e-18	1.56e-12	1.18e-07	4.12e-04	4.90e-02	3.87e-01	5.64e-01	0.00e+00	0.00e+00	0.00e+00	0.00e+00	0.00e+00
 1.55491e+15	2.43e-18	2.20e-12	1.54e-07	4.98e-04	5.48e-02	4.03e-01	5.42e-01	0.00e+00	0.00e+00	0.00e+00	0.00e+00	0.00e+00
 1.60737e+15	3.45e-18	2.97e-12	1.94e-07	5.89e-04	6.04e-02	4.18e-01	5.21e-01	0.00e+00	0.00e+00	0.00e+00	0.00e+00	0.00e+00
 1.66428e+15	5.00e-18	4.07e-12	2.49e-07	7.00e-04	6.68e-02	4.32e-01	5.00e-01	0.00e+00	0.00e+00	0.00e+00	0.00e+00	0.00e+00
 1.72811e+15	7.45e-18	5.71e-12	3.24e-07	8.43e-04	7.43e-02	4.48e-01	4.77e-01	0.00e+00	0.00e+00	0.00e+00	0.00e+00	0.00e+00
 1.78854e+15	1.07e-17	7.76e-12	4.11e-07	9.97e-04	8.18e-02	4.62e-01	4.56e-01	0.00e+00	0.00e+00	0.00e+00	0.00e+00	0.00e+00
 1.85365e+15	1.57e-17	1.07e-11	5.26e-07	1.18e-03	9.02e-02	4.75e-01	4.33e-01	0.00e+00	0.00e+00	0.00e+00	0.00e+00	0.00e+00
 1.92595e+15	2.37e-17	1.50e-11	6.84e-07	1.42e-03	9.99e-02	4.89e-01	4.10e-01	0.00e+00	0.00e+00	1.35e-17	7.22e-18	2.69e-18
 1.99516e+15	3.43e-17	2.04e-11	8.69e-07	1.68e-03	1.09e-01	5.00e-01	3.88e-01	0.00e+00	0.00e+00	1.94e-17	1.06e-17	3.82e-18
 2.06901e+15	5.02e-17	2.80e-11	1.11e-06	1.98e-03	1.20e-01	5.11e-01	3.66e-01	0.00e+00	0.00e+00	2.85e-17	1.55e-17	5.57e-18
 2.15180e+15	7.57e-17	3.94e-11	1.44e-06	2.37e-03	1.32e-01	5.22e-01	3.43e-01	0.00e+00	0.00e+00	4.30e-17	2.33e-17	8.34e-18
 2.23392e+15	1.12e-16	5.43e-11	1.84e-06	2.80e-03	1.45e-01	5.31e-01	3.21e-01	0.00e+00	0.00e+00	6.37e-17	3.43e-17	1.23e-17
 2.31933e+15	1.65e-16	7.47e-11	2.35e-06	3.31e-03	1.58e-01	5.38e-01	3.00e-01	0.00e+00	0.00e+00	9.41e-17	5.05e-17	1.80e-17
 2.41213e+15	2.47e-16	1.04e-10	3.03e-06	3.92e-03	1.73e-01	5.45e-01	2.79e-01	0.00e+00	0.00e+00	1.41e-16	7.55e-17	2.68e-17
 2.50865e+15	3.70e-16	1.45e-10	3.89e-06	4.64e-03	1.88e-01	5.49e-01	2.58e-01	0.00e+00	0.00e+00	2.12e-16	1.13e-16	3.99e-17
 2.60902e+15	5.52e-16	2.00e-10	4.97e-06	5.47e-03	2.05e-01	5.52e-01	2.38e-01	0.00e+00	0.00e+00	3.17e-16	1.68e-16	5.93e-17
 2.71341e+15	8.23e-16	2.77e-10	6.35e-06	6.43e-03	2.22e-01	5.53e-01	2.18e-01	0.00e+00	0.00e+00	4.72e-16	2.51e-16	8.80e-17
 2.82198e+15	1.22e-15	3.81e-10	8.07e-06	7.53e-03	2.40e-01	5.53e-01	2.00e-01	0.00e+00	0.00e+00	7.03e-16	3.73e-16	1.30e-16
 2.93489e+15	1.81e-15	5.22e-10	1.02e-05	8.80e-03	2.58e-01	5.50e-01	1.83e-01	0.00e+00	0.00e+00	1.04e-15	5.52e-16	1.92e-16
 3.03514e+15	2.54e-15	6.83e-10	1.25e-05	1.00e-02	2.75e-01	5.47e-01	1.68e-01	0.00e+00	0.00e+00	1.46e-15	7.73e-16	2.69e-16
 3.11574e+15	3.30e-15	8.42e-10	1.46e-05	1.11e-02	2.88e-01	5.43e-01	1.58e-01	0.00e+00	0.00e+00	1.90e-15	1.00e-15	3.48e-16
 3.20296e+15	4.34e-15	1.05e-09	1.72e-05	1.23e-02	3.02e-01	5.39e-01	1.47e-01	0.00e+00	0.00e+00	2.50e-15	1.32e-15	4.56e-16
 3.31634e+15	6.12e-15	1.37e-09	2.11e-05	1.40e-02	3.20e-01	5.32e-01	1.34e-01	0.00e+00	0.00e+00	3.53e-15	1.86e-15	6.41e-16
 3.43830e+15	8.74e-15	1.82e-09	2.60e-05	1.60e-02	3.39e-01	5.23e-01	1.22e-01	0.00e+00	0.00e+00	5.04e-15	2.66e-15	9.12e-16
 3.54702e+15	1.19e-14	2.31e-09	3.11e-05	1.79e-02	3.55e-01	5.15e-01	1.12e-01	0.00e+00	0.00e+00	6.83e-15	3.60e-15	1.23e-15
 3.66396e+15	1.63e-14	2.96e-09	3.73e-05	2.01e-02	3.73e-01	5.05e-01	1.02e-01	0.00e+00	0.00e+00	9.39e-15	4.95e-15	1.69e-15
 3.79610e+15	2.29e-14	3.88e-09	4.55e-05	2.28e-02	3.92e-01	4.93e-01	9.17e-02	0.00e+00	0.00e+00	1.32e-14	6.97e-15	2.38e-15
 3.92241e+15	3.15e-14	4.95e-09	5.46e-05	2.55e-02	4.10e-01	4.82e-01	8.31e-02	0.00e+00	0.00e+00	1.82e-14	9.56e-15	3.25e-15
 4.04283e+15	4.21e-14	6.20e-09	6.45e-05	2.82e-02	4.26e-01	4.70e-01	7.57e-02	0.00e+00	0.00e+00	2.43e-14	1.28e-14	4.33e-15
 4.18120e+15	5.81e-14	7.96e-09	7.74e-05	3.15e-02	4.44e-01	4.56e-01	6.80e-02	0.00e+00	0.00e+00	3.36e-14	1.77e-14	5.97e-15
 4.33584e+15	8.22e-14	1.04e-08	9.43e-05	3.56e-02	4.63e-01	4.41e-01	6.03e-02	0.00e+00	0.00e+00	4.75e-14	2.50e-14	8.43e-15
 4.48091e+15	1.12e-13	1.32e-08	1.12e-04	3.95e-02	4.80e-01	4.26e-01	5.40e-02	0.00e+00	0.00e+00	6.47e-14	3.40e-14	1.15e-14
 4.63880e+15	1.56e-13	1.70e-08	1.35e-04	4.40e-02	4.98e-01	4.10e-01	4.79e-02	0.00e+00	0.00e+00	9.03e-14	4.74e-14	1.59e-14
 4.81373e+15	2.22e-13	2.22e-08	1.64e-04	4.94e-02	5.16e-01	3.92e-01	4.20e-02	0.00e+00	0.00e+00	1.28e-13	6.74e-14	2.26e-14
 4.97742e+15	3.03e-13	2.82e-08	1.95e-04	5.46e-02	5.32e-01	3.76e-01	3.72e-02	0.00e+00	0.00e+00	1.76e-13	9.22e-14	3.08e-14
 5.15656e+15	4.24e-13	3.63e-08	2.34e-04	6.07e-02	5.48e-01	3.59e-01	3.26e-02	0.00e+00	0.00e+00	2.45e-13	1.29e-13	4.30e-14
 5.35609e+15	6.05e-13	4.75e-08	2.84e-04	6.78e-02	5.64e-01	3.40e-01	2.81e-02	0.00e+00	0.00e+00	3.50e-13	1.84e-13	6.13e-14
 5.54470e+15	8.36e-13	6.05e-08	3.39e-04	7.48e-02	5.78e-01	3.22e-01	2.45e-02	0.00e+00	0.00e+00	4.84e-13	2.54e-13	8.45e-14
 5.72476e+15	1.13e-12	7.57e-08	3.98e-04	8.19e-02	5.90e-01	3.06e-01	2.15e-02	0.00e+00	0.00e+00	6.53e-13	3.42e-13	1.14e-13
 5.93093e+15	1.57e-12	9.70e-08	4.75e-04	9.03e-02	6.02e-01	2.89e-01	1.86e-02	0.00e+00	0.00e+00	9.10e-13	4.77e-13	1.58e-13
 6.15920e+15	2.23e-12	1.26e-07	5.73e-04	1.00e-01	6.14e-01	2.70e-01	1.58e-02	0.00e+00	0.00e+00	1.29e-12	6.78e-13	2.24e-13
 6.36785e+15	3.03e-12	1.58e-07	6.75e-04	1.09e-01	6.23e-01	2.54e-01	1.36e-02	0.00e+00	0.00e+00	1.76e-12	9.21e-13	3.05e-13
 6.59021e+15	4.17e-12	2.01e-07	8.00e-04	1.20e-01	6.31e-01	2.37e-01	1.17e-02	0.00e+00	0.00e+00	2.42e-12	1.27e-12	4.19e-13
 6.83742e+15	5.86e-12	2.58e-07	9.57e-04	1.32e-01	6.38e-01	2.20e-01	9.84e-03	0.00e+00	0.00e+00	3.40e-12	1.78e-12	5.88e-13
 7.06920e+15	7.95e-12	3.23e-07	1.13e-03	1.43e-01	6.43e-01	2.05e-01	8.39e-03	0.00e+00	0.00e+00	4.61e-12	2.42e-12	7.97e-13
 7.27065e+15	1.03e-11	3.91e-07	1.29e-03	1.53e-01	6.46e-01	1.92e-01	7.32e-03	0.00e+00	0.00e+00	5.95e-12	3.12e-12	1.03e-12
 7.48036e+15	1.34e-11	4.74e-07	1.48e-03	1.65e-01	6.48e-01	1.80e-01	6.35e-03	0.00e+00	0.00e+00	7.75e-12	4.06e-12	1.34e-12
 7.71627e+15	1.77e-11	5.85e-07	1.72e-03	1.77e-01	6.49e-01	1.67e-01	5.41e-03	0.00e+00	0.00e+00	1.03e-11	5.40e-12	1.78e-12
 7.94270e+15	2.31e-11	7.10e-07	1.98e-03	1.90e-01	6.48e-01	1.55e-01	4.65e-03	0.00e+00	0.00e+00	1.34e-11	7.02e-12	2.31e-12
 8.19353e+15	3.08e-11	8.77e-07	2.30e-03	2.04e-01	6.46e-01	1.43e-01	3.93e-03	0.00e+00	0.00e+00	1.79e-11	9.38e-12	3.08e-12
 8.46768e+15	4.15e-11	1.09e-06	2.69e-03	2.20e-01	6.43e-01	1.31e-01	3.28e-03	0.00e+00	0.00e+00	2.41e-11	1.26e-11	4.15e-12
 8.72101e+15	5.42e-11	1.33e-06	3.10e-03	2.36e-01	6.38e-01	1.20e-01	2.78e-03	0.00e+00	0.00e+00	3.15e-11	1.65e-11	5.41e-12
 8.95935e+15	6.92e-11	1.59e-06	3.54e-03	2.50e-01	6.33e-01	1.11e-01	2.38e-03	0.00e+00	0.00e+00	4.02e-11	2.11e-11	6.92e-12
 9.22932e+15	9.14e-11	1.95e-06	4.09e-03	2.67e-01	6.25e-01	1.01e-01	1.99e-03	0.00e+00	0.00e+00	5.31e-11	2.78e-11	9.13e-12
 9.52528e+15	1.22e-10	2.42e-06	4.78e-03	2.86e-01	6.16e-01	9.16e-02	1.64e-03	0.00e+00	0.00e+00	7.09e-11	3.72e-11	1.22e-11
 9.79443e+15	1.57e-10	2.91e-06	5.47e-03	3.04e-01	6.06e-01	8.35e-02	1.38e-03	0.00e+00	0.00e+00	9.11e-11	4.78e-11	1.57e-11
 1.00837e+16	2.06e-10	3.56e-06	6.32e-03	3.23e-01	5.95e-01	7.54e-02	1.14e-03	0.00e+00	0.00e+00	1.20e-10	6.28e-11	2.06e-11
 1.04005e+16	2.75e-10	4.41e-06	7.39e-03	3.44e-01	5.80e-01	6.74e-02	9.24e-04	0.00e+00	0.00e+00	1.60e-10	8.38e-11	2.75e-11
 1.06777e+16	3.48e-10	5.25e-06	8.42e-03	3.63e-01	5.67e-01	6.10e-02	7.73e-04	0.00e+00	0.00e+00	2.02e-10	1.06e-10	3.48e-11
 1.09225e+16	4.30e-10	6.15e-06	9.46e-03	3.79e-01	5.55e-01	5.58e-02	6.59e-04	0.00e+00	0.00e+00	2.50e-10	1.31e-10	4.30e-11
 1.12005e+16	5.49e-10	7.36e-06	1.08e-02	3.98e-01	5.40e-01	5.03e-02	5.48e-04	0.00e+00	0.00e+00	3.19e-10	1.67e-10	5.49e-11
 1.15093e+16	7.13e-10	8.95e-06	1.25e-02	4.20e-01	5.22e-01	4.48e-02	4.47e-04	0.00e+00	0.00e+00	4.14e-10	2.18e-10	7.13e-11
 1.17939e+16	8.97e-10	1.06e-05	1.42e-02	4.40e-01	5.06e-01	4.01e-02	3.70e-04	0.00e+00	0.00e+00	5.21e-10	2.74e-10	8.97e-11
 1.20568e+16	1.12e-09	1.25e-05	1.60e-02	4.58e-01	4.89e-01	3.62e-02	3.10e-04	0.00e+00	0.00e+00	6.50e-10	3.41e-10	1.12e-10
 1.23555e+16	1.44e-09	1.51e-05	1.84e-02	4.79e-01	4.70e-01	3.20e-02	2.53e-04	0.00e+00	0.00e+00	8.37e-10	4.39e-10	1.44e-10
 1.26761e+16	1.87e-09	1.85e-05	2.14e-02	5.01e-01	4.49e-01	2.81e-02	2.03e-04	0.00e+00	0.00e+00	1.09e-09	5.72e-10	1.88e-10
 1.29559e+16	2.33e-09	2.19e-05	2.43e-02	5.20e-01	4.30e-01	2.50e-02	1.68e-04	0.00e+00	0.00e+00	1.36e-09	7.13e-10	2.34e-10
 1.32097e+16	2.89e-09	2.57e-05	2.75e-02	5.38e-01	4.12e-01	2.24e-02	1.40e-04	0.00e+00	0.00e+00	1.68e-09	8.82e-10	2.89e-10
 1.34992e+16	3.72e-09	3.11e-05	3.16e-02	5.57e-01	3.91e-01	1.96e-02	1.13e-04	0.00e+00	0.00e+00	2.16e-09	1.14e-09	3.73e-10
 1.38077e+16	4.85e-09	3.81e-05	3.68e-02	5.77e-01	3.69e-01	1.70e-02	9.03e-05	0.00e+00	0.00e+00	2.82e-09	1.48e-09	4.86e-10
 1.40725e+16	6.08e-09	4.53e-05	4.20e-02	5.94e-01	3.49e-01	1.49e-02	7.41e-05	0.00e+00	0.00e+00	3.53e-09	1.86e-09	6.10e-10
 1.43077e+16	7.50e-09	5.33e-05	4.75e-02	6.08e-01	3.31e-01	1.33e-02	6.17e-05	0.00e+00	0.00e+00	4.36e-09	2.29e-09	7.53e-10
 1.45291e+16	9.19e-09	6.23e-05	5.35e-02	6.21e-01	3.14e-01	1.18e-02	5.17e-05	0.00e+00	0.00e+00	5.34e-09	2.81e-09	9.22e-10
 1.47387e+16	1.11e-08	7.24e-05	6.01e-02	6.32e-01	2.97e-01	1.05e-02	4.36e-05	0.00e+00	0.00e+00	6.47e-09	3.40e-09	1.12e-09
 1.49764e+16	1.43e-08	8.77e-05	6.91e-02	6.44e-01	2.77e-01	9.16e-03	3.54e-05	0.00e+00	0.00e+00	8.33e-09	4.38e-09	1.44e-09
 1.52327e+16	1.84e-08	1.07e-04	8.05e-02	6.55e-01	2.56e-01	7.84e-03	2.82e-05	0.00e+00	0.00e+00	1.07e-08	5.62e-09	1.85e-09
 1.54558e+16	2.35e-08	1.29e-04	9.29e-02	6.63e-01	2.37e-01	6.78e-03	2.29e-05	0.00e+00	0.00e+00	1.37e-08	7.20e-09	2.36e-09
 1.56478e+16	2.92e-08	1.53e-04	1.06e-01	6.68e-01	2.20e-01	5.93e-03	1.89e-05	0.00e+00	0.00e+00	1.70e-08	8.95e-09	2.94e-09
 1.58569e+16	3.60e-08	1.82e-04	1.23e-01	6.71e-01	2.01e-01	5.05e-03	1.51e-05	0.00e+00	0.00e+00	2.10e-08	1.10e-08	3.63e-09
 1.60764e+16	4.96e-08	2.33e-04	1.45e-01	6.70e-01	1.80e-01	4.20e-03	1.17e-05	0.00e+00	0.00e+00	2.89e-08	1.52e-08	5.00e-09
 1.62530e+16	6.29e-08	2.81e-04	1.68e-01	6.65e-01	1.63e-01	3.57e-03	9.43e-06	0.00e+00	0.00e+00	3.66e-08	1.93e-08	6.34e-09
 1.63951e+16	7.80e-08	3.32e-04	1.90e-01	6.58e-01	1.49e-01	3.09e-03	7.76e-06	0.00e+00	0.00e+00	4.54e-08	2.39e-08	7.87e-09
 1.65485e+16	9.49e-08	3.91e-04	2.19e-01	6.46e-01	1.32e-01	2.58e-03	6.14e-06	0.00e+00	0.00e+00	5.52e-08	2.91e-08	9.58e-09
 1.67110e+16	1.24e-07	4.82e-04	2.56e-01	6.27e-01	1.15e-01	2.09e-03	4.68e-06	0.00e+00	0.00e+00	7.19e-08	3.79e-08	1.25e-08
 1.68444e+16	1.58e-07	5.83e-04	2.95e-01	6.04e-01	9.95e-02	1.71e-03	3.62e-06	0.00e+00	0.00e+00	9.16e-08	4.83e-08	1.59e-08
 1.69506e+16	2.02e-07	7.01e-04	3.32e-01	5.79e-01	8.72e-02	1.42e-03	2.87e-06	0.00e+00	0.00e+00	1.17e-07	6.18e-08	2.04e-08
 1.70313e+16	2.36e-07	7.92e-04	3.63e-01	5.57e-01	7.78e-02	1.21e-03	2.36e-06	0.00e+00	0.00e+00	1.37e-07	7.23e-08	2.39e-08
 1.70951e+16	2.69e-07	8.76e-04	3.91e-01	5.37e-01	7.02e-02	1.05e-03	1.99e-06	0.00e+00	0.00e+00	1.56e-07	8.24e-08	2.72e-08
 1.71681e+16	3.14e-07	9.89e-04	4.27e-01	5.10e-01	6.14e-02	8.81e-04	1.60e-06	0.00e+00	0.00e+00	1.83e-07	9.64e-08	3.19e-08
 1.72491e+16	3.74e-07	1.13e-03	4.70e-01	4.76e-01	5.21e-02	7.09e-04	1.23e-06	0.00e+00	0.00e+00	2.18e-07	1.15e-07	3.80e-08
 1.73219e+16	4.39e-07	1.27e-03	5.12e-01	4.42e-01	4.40e-02	5.69e-04	9.49e-07	0.00e+00	0.00e+00	2.55e-07	1.35e-07	4.46e-08
 1.73849e+16	5.06e-07	1.41e-03	5.51e-01	4.10e-01	3.72e-02	4.59e-04	0.00e+00	0.00e+00	0.00e+00	2.94e-07	1.55e-07	5.15e-08
 1.74536e+16	5.95e-07	1.59e-03	5.97e-01	3.71e-01	3.01e-02	3.50e-04	0.00e+00	0.00e+00	0.00e+00	3.46e-07	1.83e-07	6.06e-08
 1.75262e+16	6.99e-07	1.78e-03	6.45e-01	3.29e-01	2.35e-02	2.56e-04	0.00e+00	0.00e+00	0.00e+00	4.06e-07	2.15e-07	7.14e-08
 1.75882e+16	8.01e-07	1.96e-03	6.87e-01	2.92e-01	1.85e-02	1.90e-04	0.00e+00	0.00e+00	0.00e+00	4.66e-07	2.46e-07	8.19e-08
 1.76446e+16	9.04e-07	2.13e-03	7.25e-01	2.58e-01	1.46e-02	1.41e-04	0.00e+00	0.00e+00	0.00e+00	5.26e-07	2.78e-07	9.27e-08
 1.77091e+16	1.04e-06	2.34e-03	7.66e-01	2.21e-01	1.07e-02	9.60e-05	0.00e+00	0.00e+00	0.00e+00	6.04e-07	3.19e-07	1.07e-07
 1.77813e+16	1.19e-06	2.56e-03	8.07e-01	1.83e-01	7.47e-03	6.10e-05	0.00e+00	0.00e+00	0.00e+00	6.94e-07	3.68e-07	1.23e-07
 1.78511e+16	1.35e-06	2.76e-03	8.42e-01	1.50e-01	5.13e-03	3.81e-05	0.00e+00	0.00e+00	0.00e+00	7.87e-07	4.17e-07	1.39e-07
 1.79296e+16	1.54e-06	2.98e-03	8.75e-01	1.19e-01	3.27e-03	2.16e-05	0.00e+00	0.00e+00	0.00e+00	8.97e-07	4.75e-07	1.59e-07
 1.80316e+16	1.79e-06	3.24e-03	9.07e-01	8.79e-02	1.79e-03	1.01e-05	0.00e+00	0.00e+00	0.00e+00	1.04e-06	5.51e-07	1.85e-07
 1.81468e+16	2.05e-06	3.49e-03	9.33e-01	6.31e-02	9.24e-04	4.34e-06	0.00e+00	0.00e+00	0.00e+00	1.19e-06	6.33e-07	2.13e-07
 1.82791e+16	2.36e-06	3.73e-03	9.52e-01	4.41e-02	4.41e-04	1.65e-06	0.00e+00	0.00e+00	0.00e+00	1.37e-06	7.27e-07	2.45e-07
 1.84512e+16	2.74e-06	4.00e-03	9.66e-01	2.95e-02	1.83e-04	5.12e-07	0.00e+00	0.00e+00	0.00e+00	1.59e-06	8.46e-07	2.85e-07
 1.86749e+16	3.25e-06	4.30e-03	9.76e-01	1.94e-02	6.81e-05	0.00e+00	0.00e+00	0.00e+00	0.00e+00	1.89e-06	1.00e-06	3.39e-07
 1.89657e+16	3.99e-06	4.67e-03	9.82e-01	1.32e-02	2.37e-05	0.00e+00	0.00e+00	0.00e+00	0.00e+00	2.32e-06	1.23e-06	4.16e-07
 1.93437e+16	5.19e-06	5.18e-03	9.85e-01	9.47e-03	8.01e-06	0.00e+00	0.00e+00	0.00e+00	0.00e+00	3.02e-06	1.60e-06	5.41e-07
 1.97507e+16	6.97e-06	5.82e-03	9.87e-01	7.54e-03	3.18e-06	0.00e+00	0.00e+00	0.00e+00	0.00e+00	4.05e-06	2.15e-06	7.26e-07
 2.00996e+16	9.14e-06	6.49e-03	9.87e-01	6.52e-03	1.63e-06	0.00e+00	0.00e+00	0.00e+00	0.00e+00	5.31e-06	2.82e-06	9.50e-07
 2.03948e+16	1.16e-05	7.16e-03	9.87e-01	5.85e-03	9.79e-07	0.00e+00	0.00e+00	0.00e+00	0.00e+00	6.75e-06	3.59e-06	1.21e-06
 2.07157e+16	1.53e-05	8.03e-03	9.87e-01	5.19e-03	0.00e+00	0.00e+00	0.00e+00	0.00e+00	0.00e+00	8.89e-06	4.72e-06	1.59e-06
 2.10576e+16	2.09e-05	9.18e-03	9.86e-01	4.61e-03	0.00e+00	0.00e+00	0.00e+00	0.00e+00	0.00e+00	1.21e-05	6.44e-06	2.17e-06
 2.13428e+16	2.76e-05	1.04e-02	9.85e-01	4.14e-03	0.00e+00	0.00e+00	0.00e+00	0.00e+00	0.00e+00	1.61e-05	8.52e-06	2.87e-06
 2.15768e+16	3.52e-05	1.16e-02	9.85e-01	3.77e-03	0.00e+00	0.00e+00	0.00e+00	0.00e+00	0.00e+00	2.05e-05	1.09e-05	3.65e-06
 2.18279e+16	4.63e-05	1.32e-02	9.83e-01	3.38e-03	0.00e+00	0.00e+00	0.00e+00	0.00e+00	0.00e+00	2.69e-05	1.43e-05	4.79e-06
 2.20413e+16	5.93e-05	1.48e-02	9.82e-01	3.06e-03	0.00e+00	0.00e+00	0.00e+00	0.00e+00	0.00e+00	3.45e-05	1.83e-05	6.14e-06
 2.21533e+16	6.79e-05	1.58e-02	9.81e-01	2.90e-03	0.00e+00	0.00e+00	0.00e+00	0.00e+00	0.00e+00	3.95e-05	2.09e-05	7.03e-06
 2.22464e+16	7.62e-05	1.67e-02	9.80e-01	2.76e-03	0.00e+00	0.00e+00	0.00e+00	0.00e+00	0.00e+00	4.43e-05	2.35e-05	7.89e-06
 2.23673e+16	8.89e-05	1.80e-02	9.79e-01	2.58e-03	0.00e+00	0.00e+00	0.00e+00	0.00e+00	0.00e+00	5.17e-05	2.74e-05	9.20e-06
 2.25023e+16	1.06e-04	1.97e-02	9.78e-01	2.39e-03	0.00e+00	0.00e+00	0.00e+00	0.00e+00	0.00e+00	6.17e-05	3.27e-05	1.10e-05
 2.26253e+16	1.25e-04	2.14e-02	9.76e-01	2.22e-03	0.00e+00	0.00e+00	0.00e+00	0.00e+00	0.00e+00	7.30e-05	3.87e-05	1.30e-05
 2.27317e+16	1.46e-04	2.31e-02	9.75e-01	2.08e-03	0.00e+00	0.00e+00	0.00e+00	0.00e+00	0.00e+00	8.49e-05	4.50e-05	1.51e-05
 2.28471e+16	1.73e-04	2.52e-02	9.73e-01	1.92e-03	0.00e+00	0.00e+00	0.00e+00	0.00e+00	0.00e+00	1.01e-04	5.33e-05	1.79e-05
 2.29588e+16	2.05e-04	2.76e-02	9.70e-01	1.78e-03	0.00e+00	0.00e+00	0.00e+00	0.00e+00	0.00e+00	1.19e-04	6.31e-05	2.12e-05
 2.30391e+16	2.33e-04	2.94e-02	9.69e-01	1.68e-03	0.00e+00	0.00e+00	0.00e+00	0.00e+00	0.00e+00	1.35e-04	7.16e-05	2.40e-05
 2.31063e+16	2.59e-04	3.12e-02	9.67e-01	1.59e-03	0.00e+00	0.00e+00	0.00e+00	0.00e+00	0.00e+00	1.51e-04	7.98e-05	2.68e-05
