#depth	N	N+	N+2	N+3	N+4	N+5	N+6	N+7
 1.49634e+10	0.00e+00	0.00e+00	3.67e-28	1.23e-18	6.53e-10	9.91e-01	8.54e-03	0.00e+00
 4.54887e+10	0.00e+00	2.49e-38	4.65e-28	1.44e-18	7.08e-10	9.92e-01	7.87e-03	1.49e-08
 7.72350e+10	0.00e+00	0.00e+00	5.90e-28	1.69e-18	7.66e-10	9.93e-01	7.25e-03	0.00e+00
 1.10251e+11	0.00e+00	4.69e-38	7.49e-28	1.99e-18	8.30e-10	9.93e-01	6.69e-03	0.00e+00
 1.44588e+11	0.00e+00	0.00e+00	9.50e-28	2.33e-18	8.99e-10	9.94e-01	6.16e-03	0.00e+00
 1.80298e+11	0.00e+00	8.85e-38	1.21e-27	2.73e-18	9.74e-10	9.94e-01	5.68e-03	0.00e+00
 2.17437e+11	0.00e+00	0.00e+00	1.53e-27	3.20e-18	1.05e-09	9.95e-01	5.23e-03	0.00e+00
 2.56061e+11	0.00e+00	1.67e-37	1.94e-27	3.75e-18	1.14e-09	9.95e-01	4.82e-03	0.00e+00
 2.96231e+11	0.00e+00	0.00e+00	2.47e-27	4.40e-18	1.24e-09	9.96e-01	4.44e-03	0.00e+00
 3.34563e+11	0.00e+00	3.07e-37	3.07e-27	5.10e-18	1.33e-09	9.96e-01	4.12e-03	0.00e+00
 3.69725e+11	0.00e+00	0.00e+00	3.73e-27	5.81e-18	1.42e-09	9.96e-01	3.85e-03	0.00e+00
 4.09535e+11	0.00e+00	5.29e-37	4.62e-27	6.70e-18	1.53e-09	9.96e-01	3.58e-03	0.00e+00
 4.55640e+11	0.00e+00	0.00e+00	5.86e-27	7.86e-18	1.66e-09	9.97e-01	3.29e-03	0.00e+00
 5.01109e+11	0.00e+00	9.81e-37	7.35e-27	9.14e-18	1.79e-09	9.97e-01	3.05e-03	0.00e+00
 5.44806e+11	0.00e+00	0.00e+00	9.07e-27	1.05e-17	1.92e-09	9.97e-01	2.83e-03	0.00e+00
 5.92934e+11	0.00e+00	1.75e-36	1.14e-26	1.22e-17	2.07e-09	9.97e-01	2.62e-03	0.00e+00
 6.46579e+11	4.06e-47	2.41e-36	1.44e-26	1.44e-17	2.24e-09	9.98e-01	2.41e-03	0.00e+00
 7.01166e+11	0.00e+00	0.00e+00	1.83e-26	1.68e-17	2.43e-09	9.98e-01	2.22e-03	0.00e+00
 7.57938e+11	0.00e+00	4.51e-36	2.32e-26	1.97e-17	2.63e-09	9.98e-01	2.05e-03	0.00e+00
 8.18182e+11	1.33e-46	6.22e-36	2.95e-26	2.32e-17	2.85e-09	9.98e-01	1.88e-03	0.00e+00
 8.80836e+11	0.00e+00	0.00e+00	3.76e-26	2.72e-17	3.09e-09	9.98e-01	1.73e-03	0.00e+00
 9.41610e+11	0.00e+00	1.16e-35	4.71e-26	3.17e-17	3.34e-09	9.98e-01	1.60e-03	0.00e+00
 9.98907e+11	4.08e-46	1.53e-35	5.79e-26	3.64e-17	3.58e-09	9.99e-01	1.49e-03	0.00e+00
 1.06288e+12	0.00e+00	0.00e+00	7.24e-26	4.23e-17	3.86e-09	9.99e-01	1.38e-03	0.00e+00
 1.13532e+12	0.00e+00	2.84e-35	9.25e-26	4.99e-17	4.19e-09	9.99e-01	1.27e-03	0.00e+00
 1.20742e+12	1.31e-45	3.88e-35	1.17e-25	5.84e-17	4.53e-09	9.99e-01	1.17e-03	0.00e+00
 1.28239e+12	0.00e+00	0.00e+00	1.48e-25	6.83e-17	4.91e-09	9.99e-01	1.08e-03	0.00e+00
 1.36361e+12	0.00e+00	7.34e-35	1.89e-25	8.06e-17	5.33e-09	9.99e-01	9.91e-04	0.00e+00
 1.44621e+12	4.32e-45	1.01e-34	2.41e-25	9.48e-17	5.79e-09	9.99e-01	9.12e-04	0.00e+00
 1.53211e+12	0.00e+00	0.00e+00	3.07e-25	1.12e-16	6.28e-09	9.99e-01	8.39e-04	0.00e+00
 1.62332e+12	0.00e+00	1.94e-34	3.93e-25	1.32e-16	6.84e-09	9.99e-01	7.70e-04	0.00e+00
 1.71818e+12	1.47e-44	2.69e-34	5.04e-25	1.56e-16	7.44e-09	9.99e-01	7.07e-04	0.00e+00
 1.81683e+12	0.00e+00	3.74e-34	6.47e-25	1.85e-16	8.10e-09	9.99e-01	6.48e-04	0.00e+00
 1.91943e+12	3.35e-44	5.22e-34	8.32e-25	2.19e-16	8.82e-09	9.99e-01	5.95e-04	0.00e+00
 2.02614e+12	0.00e+00	7.27e-34	1.07e-24	2.59e-16	9.62e-09	9.99e-01	5.45e-04	0.00e+00
 2.13356e+12	7.58e-44	1.00e-33	1.37e-24	3.06e-16	1.05e-08	9.99e-01	5.01e-04	0.00e+00
 2.24527e+12	0.00e+00	1.39e-33	1.75e-24	3.62e-16	1.14e-08	1.00e+00	4.60e-04	0.00e+00
 2.36501e+12	1.72e-43	1.94e-33	2.25e-24	4.30e-16	1.24e-08	1.00e+00	4.22e-04	0.00e+00
 2.48954e+12	0.00e+00	2.72e-33	2.91e-24	5.11e-16	1.36e-08	1.00e+00	3.86e-04	0.00e+00
 2.61905e+12	3.98e-43	3.81e-33	3.75e-24	6.09e-16	1.48e-08	1.00e+00	3.53e-04	0.00e+00
 2.75374e+12	0.00e+00	5.34e-33	4.85e-24	7.25e-16	1.62e-08	1.00e+00	3.23e-04	0.00e+00
 2.89381e+12	9.24e-43	7.49e-33	6.28e-24	8.65e-16	1.77e-08	1.00e+00	2.95e-04	0.00e+00
 3.03949e+12	0.00e+00	1.05e-32	8.14e-24	1.03e-15	1.94e-08	1.00e+00	2.70e-04	0.00e+00
 3.17272e+12	2.04e-42	1.42e-32	1.02e-23	1.21e-15	2.10e-08	1.00e+00	2.49e-04	0.00e+00
 3.28601e+12	0.00e+00	1.82e-32	1.24e-23	1.38e-15	2.25e-08	1.00e+00	2.33e-04	0.00e+00
 3.41094e+12	3.85e-42	2.37e-32	1.51e-23	1.58e-15	2.41e-08	1.00e+00	2.17e-04	0.00e+00
 3.56615e+12	0.00e+00	3.25e-32	1.93e-23	1.87e-15	2.63e-08	1.00e+00	1.99e-04	0.00e+00
 3.72596e+12	8.46e-42	4.46e-32	2.46e-23	2.21e-15	2.87e-08	1.00e+00	1.83e-04	0.00e+00
 3.86946e+12	0.00e+00	5.87e-32	3.04e-23	2.56e-15	3.09e-08	1.00e+00	1.70e-04	0.00e+00
 4.02654e+12	1.70e-41	7.85e-32	3.80e-23	2.99e-15	3.35e-08	1.00e+00	1.57e-04	0.00e+00
 4.20332e+12	0.00e+00	1.08e-31	4.85e-23	3.54e-15	3.65e-08	1.00e+00	1.44e-04	0.00e+00
 4.37167e+12	3.59e-41	1.44e-31	6.06e-23	4.13e-15	3.96e-08	1.00e+00	1.33e-04	0.00e+00
 4.55603e+12	0.00e+00	1.95e-31	7.67e-23	4.87e-15	4.31e-08	1.00e+00	1.22e-04	0.00e+00
 4.76036e+12	7.83e-41	2.70e-31	9.87e-23	5.81e-15	4.73e-08	1.00e+00	1.12e-04	0.00e+00
 4.95168e+12	0.00e+00	3.62e-31	1.24e-22	6.81e-15	5.14e-08	1.00e+00	1.03e-04	0.00e+00
 5.15850e+12	1.64e-40	4.92e-31	1.57e-22	8.05e-15	5.60e-08	1.00e+00	9.43e-05	0.00e+00
 5.38966e+12	0.00e+00	6.82e-31	2.03e-22	9.63e-15	6.15e-08	1.00e+00	8.60e-05	0.00e+00
 5.61230e+12	3.55e-40	9.24e-31	2.57e-22	1.14e-14	6.71e-08	1.00e+00	7.89e-05	0.00e+00
 5.84896e+12	0.00e+00	1.26e-30	3.26e-22	1.35e-14	7.34e-08	1.00e+00	7.22e-05	0.00e+00
 6.11284e+12	7.77e-40	1.75e-30	4.22e-22	1.62e-14	8.08e-08	1.00e+00	6.57e-05	0.00e+00
 6.37591e+12	0.00e+00	2.40e-30	5.40e-22	1.93e-14	8.86e-08	1.00e+00	6.00e-05	0.00e+00
 6.64950e+12	1.67e-39	3.28e-30	6.91e-22	2.29e-14	9.72e-08	1.00e+00	5.48e-05	0.00e+00
 6.94541e+12	0.00e+00	4.54e-30	8.91e-22	2.75e-14	1.07e-07	1.00e+00	4.99e-05	0.00e+00
 7.25315e+12	3.69e-39	6.27e-30	1.15e-21	3.29e-14	1.18e-07	1.00e+00	4.54e-05	0.00e+00
 7.57320e+12	0.00e+00	8.63e-30	1.48e-21	3.94e-14	1.29e-07	1.00e+00	4.13e-05	0.00e+00
 7.87197e+12	7.73e-39	1.15e-29	1.85e-21	4.64e-14	1.41e-07	1.00e+00	3.80e-05	0.00e+00
 8.13524e+12	0.00e+00	1.47e-29	2.24e-21	5.31e-14	1.52e-07	1.00e+00	3.54e-05	0.00e+00
 8.42889e+12	1.43e-38	1.91e-29	2.75e-21	6.17e-14	1.64e-07	1.00e+00	3.27e-05	0.00e+00
 8.75640e+12	0.00e+00	2.53e-29	3.44e-21	7.23e-14	1.79e-07	1.00e+00	3.01e-05	0.00e+00
 9.06596e+12	2.74e-38	3.26e-29	4.21e-21	8.36e-14	1.93e-07	1.00e+00	2.79e-05	0.00e+00
 9.40643e+12	0.00e+00	4.28e-29	5.21e-21	9.75e-14	2.10e-07	1.00e+00	2.57e-05	0.00e+00
 9.78702e+12	5.41e-38	5.72e-29	6.55e-21	1.15e-13	2.29e-07	1.00e+00	2.36e-05	0.00e+00
 1.01470e+13	0.00e+00	7.45e-29	8.08e-21	1.34e-13	2.48e-07	1.00e+00	2.18e-05	0.00e+00
 1.05402e+13	1.04e-37	9.83e-29	1.01e-20	1.57e-13	2.70e-07	1.00e+00	2.00e-05	0.00e+00
 1.09798e+13	0.00e+00	1.32e-28	1.27e-20	1.86e-13	2.96e-07	1.00e+00	1.83e-05	0.00e+00
 1.13992e+13	2.08e-37	1.74e-28	1.58e-20	2.17e-13	3.22e-07	1.00e+00	1.68e-05	0.00e+00
 1.17811e+13	0.00e+00	2.21e-28	1.91e-20	2.49e-13	3.47e-07	1.00e+00	1.57e-05	0.00e+00
 1.21967e+13	3.77e-37	2.84e-28	2.33e-20	2.88e-13	3.75e-07	1.00e+00	1.45e-05	0.00e+00
 1.26635e+13	0.00e+00	3.73e-28	2.89e-20	3.37e-13	4.08e-07	1.00e+00	1.34e-05	0.00e+00
 1.31063e+13	7.07e-37	4.78e-28	3.52e-20	3.88e-13	4.40e-07	1.00e+00	1.24e-05	0.00e+00
 1.35911e+13	0.00e+00	6.21e-28	4.34e-20	4.51e-13	4.78e-07	1.00e+00	1.14e-05	0.00e+00
 1.41272e+13	1.36e-36	8.21e-28	5.41e-20	5.29e-13	5.21e-07	1.00e+00	1.05e-05	0.00e+00
 1.46248e+13	0.00e+00	1.05e-27	6.59e-20	6.11e-13	5.63e-07	1.00e+00	9.73e-06	0.00e+00
 1.51665e+13	2.53e-36	1.37e-27	8.11e-20	7.10e-13	6.10e-07	1.00e+00	8.98e-06	0.00e+00
 1.57730e+13	0.00e+00	1.81e-27	1.01e-19	8.34e-13	6.65e-07	1.00e+00	8.24e-06	0.00e+00
 1.63472e+13	4.85e-36	2.35e-27	1.24e-19	9.66e-13	7.20e-07	1.00e+00	7.62e-06	0.00e+00
 1.69685e+13	0.00e+00	3.07e-27	1.54e-19	1.13e-12	7.82e-07	1.00e+00	7.03e-06	0.00e+00
 1.76596e+13	9.52e-36	4.09e-27	1.93e-19	1.33e-12	8.54e-07	1.00e+00	6.44e-06	0.00e+00
 1.83234e+13	0.00e+00	5.33e-27	2.38e-19	1.54e-12	9.27e-07	1.00e+00	5.94e-06	0.00e+00
 1.90312e+13	1.83e-35	7.01e-27	2.96e-19	1.80e-12	1.01e-06	1.00e+00	5.48e-06	0.00e+00
 1.98224e+13	0.00e+00	9.41e-27	3.73e-19	2.12e-12	1.10e-06	1.00e+00	5.01e-06	0.00e+00
 2.06130e+13	3.69e-35	1.25e-26	4.66e-19	2.49e-12	1.20e-06	1.00e+00	4.61e-06	0.00e+00
 2.14352e+13	0.00e+00	1.66e-26	5.82e-19	2.92e-12	1.31e-06	1.00e+00	4.24e-06	0.00e+00
 2.23226e+13	7.46e-35	2.22e-26	7.34e-19	3.44e-12	1.43e-06	1.00e+00	3.88e-06	0.00e+00
 2.32454e+13	0.00e+00	2.99e-26	9.25e-19	4.05e-12	1.56e-06	1.00e+00	3.56e-06	0.00e+00
 2.42052e+13	1.53e-34	4.01e-26	1.16e-18	4.77e-12	1.70e-06	1.00e+00	3.27e-06	0.00e+00
 2.51556e+13	2.16e-34	5.32e-26	1.45e-18	5.57e-12	1.84e-06	1.00e+00	3.01e-06	0.00e+00
 2.61441e+13	3.06e-34	7.07e-26	1.81e-18	6.51e-12	2.00e-06	1.00e+00	2.78e-06	0.00e+00
 2.71669e+13	4.32e-34	9.37e-26	2.26e-18	7.59e-12	2.17e-06	1.00e+00	2.56e-06	0.00e+00
 2.81357e+13	5.92e-34	1.21e-25	2.76e-18	8.74e-12	2.34e-06	1.00e+00	2.38e-06	0.00e+00
 2.90322e+13	7.87e-34	1.53e-25	3.30e-18	9.91e-12	2.50e-06	1.00e+00	2.23e-06	0.00e+00
 3.00056e+13	1.06e-33	1.96e-25	4.00e-18	1.13e-11	2.68e-06	1.00e+00	2.08e-06	0.00e+00
 3.11033e+13	1.48e-33	2.55e-25	4.91e-18	1.31e-11	2.89e-06	1.00e+00	1.93e-06	0.00e+00
 3.21554e+13	2.00e-33	3.27e-25	5.95e-18	1.49e-11	3.10e-06	1.00e+00	1.80e-06	0.00e+00
 3.33160e+13	2.78e-33	4.27e-25	7.31e-18	1.72e-11	3.33e-06	1.00e+00	1.67e-06	0.00e+00
 3.46145e+13	3.95e-33	5.69e-25	9.12e-18	2.00e-11	3.61e-06	1.00e+00	1.54e-06	0.00e+00
 3.58468e+13	5.47e-33	7.41e-25	1.12e-17	2.30e-11	3.88e-06	1.00e+00	1.44e-06	0.00e+00
 3.69786e+13	7.31e-33	9.37e-25	1.34e-17	2.61e-11	4.14e-06	1.00e+00	1.35e-06	0.00e+00
 3.82250e+13	9.97e-33	1.20e-24	1.62e-17	2.98e-11	4.43e-06	1.00e+00	1.26e-06	0.00e+00
 3.96251e+13	1.39e-32	1.58e-24	2.00e-17	3.44e-11	4.78e-06	1.00e+00	1.17e-06	0.00e+00
 4.09499e+13	1.90e-32	2.03e-24	2.42e-17	3.91e-11	5.11e-06	1.00e+00	1.09e-06	0.00e+00
 4.23969e+13	2.64e-32	2.65e-24	2.96e-17	4.50e-11	5.49e-06	1.00e+00	1.02e-06	0.00e+00
 4.40034e+13	3.75e-32	3.52e-24	3.68e-17	5.21e-11	5.92e-06	1.00e+00	9.44e-07	0.00e+00
 4.55026e+13	5.15e-32	4.55e-24	4.48e-17	5.96e-11	6.34e-06	1.00e+00	0.00e+00	0.00e+00
 4.71369e+13	7.21e-32	5.97e-24	5.50e-17	6.85e-11	6.81e-06	1.00e+00	0.00e+00	0.00e+00
 4.89695e+13	1.04e-31	7.99e-24	6.88e-17	7.98e-11	7.37e-06	1.00e+00	0.00e+00	0.00e+00
 5.07048e+13	1.45e-31	1.05e-23	8.44e-17	9.16e-11	7.90e-06	1.00e+00	0.00e+00	0.00e+00
 5.25768e+13	2.05e-31	1.38e-23	1.04e-16	1.06e-10	8.51e-06	1.00e+00	0.00e+00	0.00e+00
 5.46645e+13	2.98e-31	1.87e-23	1.31e-16	1.23e-10	9.21e-06	1.00e+00	0.00e+00	0.00e+00
 5.66802e+13	4.22e-31	2.48e-23	1.62e-16	1.43e-10	9.90e-06	1.00e+00	0.00e+00	0.00e+00
 5.88218e+13	6.04e-31	3.31e-23	2.02e-16	1.65e-10	1.07e-05	1.00e+00	0.00e+00	0.00e+00
 6.12046e+13	8.86e-31	4.50e-23	2.55e-16	1.93e-10	1.16e-05	1.00e+00	0.00e+00	0.00e+00
 6.35990e+13	1.29e-30	6.07e-23	3.20e-16	2.25e-10	1.25e-05	1.00e+00	0.00e+00	0.00e+00
 6.60891e+13	1.87e-30	8.18e-23	4.01e-16	2.63e-10	1.35e-05	1.00e+00	0.00e+00	0.00e+00
 6.87626e+13	2.74e-30	1.11e-22	5.07e-16	3.07e-10	1.46e-05	1.00e+00	0.00e+00	0.00e+00
 7.15430e+13	4.02e-30	1.52e-22	6.41e-16	3.60e-10	1.58e-05	1.00e+00	0.00e+00	0.00e+00
 7.42794e+13	5.79e-30	2.04e-22	8.00e-16	4.18e-10	1.71e-05	1.00e+00	0.00e+00	0.00e+00
 7.71253e+13	8.35e-30	2.73e-22	9.99e-16	4.85e-10	1.84e-05	1.00e+00	0.00e+00	0.00e+00
 8.02402e+13	1.23e-29	3.72e-22	1.26e-15	5.68e-10	2.00e-05	1.00e+00	0.00e+00	0.00e+00
 8.32861e+13	1.76e-29	4.97e-22	1.57e-15	6.59e-10	2.15e-05	1.00e+00	0.00e+00	0.00e+00
 8.59498e+13	2.39e-29	6.36e-22	1.89e-15	7.47e-10	2.29e-05	1.00e+00	0.00e+00	0.00e+00
 8.87229e+13	3.25e-29	8.15e-22	2.28e-15	8.48e-10	2.45e-05	1.00e+00	0.00e+00	0.00e+00
 9.21111e+13	4.67e-29	1.09e-21	2.85e-15	9.85e-10	2.64e-05	1.00e+00	0.00e+00	0.00e+00
 9.55164e+13	6.63e-29	1.45e-21	3.53e-15	1.14e-09	2.84e-05	1.00e+00	0.00e+00	0.00e+00
 9.85686e+13	8.99e-29	1.85e-21	4.25e-15	1.29e-09	3.03e-05	1.00e+00	0.00e+00	0.00e+00
 1.01944e+14	1.24e-28	2.40e-21	5.19e-15	1.48e-09	3.25e-05	1.00e+00	0.00e+00	0.00e+00
 1.05944e+14	1.80e-28	3.24e-21	6.51e-15	1.72e-09	3.51e-05	1.00e+00	0.00e+00	0.00e+00
 1.09977e+14	2.58e-28	4.32e-21	8.12e-15	2.00e-09	3.79e-05	1.00e+00	0.00e+00	0.00e+00
 1.13823e+14	3.60e-28	5.65e-21	9.95e-15	2.30e-09	4.07e-05	1.00e+00	0.00e+00	0.00e+00
 1.18057e+14	5.10e-28	7.50e-21	1.23e-14	2.66e-09	4.38e-05	1.00e+00	0.00e+00	0.00e+00
 1.22810e+14	7.45e-28	1.02e-20	1.56e-14	3.11e-09	4.75e-05	1.00e+00	0.00e+00	0.00e+00
 1.27205e+14	1.04e-27	1.34e-20	1.92e-14	3.58e-09	5.11e-05	1.00e+00	0.00e+00	0.00e+00
 1.31016e+14	1.39e-27	1.68e-20	2.28e-14	4.03e-09	5.43e-05	1.00e+00	0.00e+00	0.00e+00
 1.35245e+14	1.88e-27	2.15e-20	2.75e-14	4.58e-09	5.80e-05	1.00e+00	0.00e+00	0.00e+00
 1.40402e+14	2.69e-27	2.87e-20	3.43e-14	5.32e-09	6.26e-05	1.00e+00	0.00e+00	0.00e+00
 1.45620e+14	3.81e-27	3.80e-20	4.26e-14	6.16e-09	6.75e-05	1.00e+00	0.00e+00	0.00e+00
 1.50320e+14	5.17e-27	4.87e-20	5.14e-14	7.00e-09	7.21e-05	1.00e+00	0.00e+00	0.00e+00
 1.55494e+14	7.15e-27	6.32e-20	6.28e-14	8.02e-09	7.73e-05	1.00e+00	0.00e+00	0.00e+00
 1.61603e+14	1.03e-26	8.52e-20	7.88e-14	9.36e-09	8.37e-05	1.00e+00	0.00e+00	0.00e+00
 1.67620e+14	1.47e-26	1.13e-19	9.79e-14	1.08e-08	9.02e-05	1.00e+00	0.00e+00	0.00e+00
 1.73162e+14	2.01e-26	1.46e-19	1.19e-13	1.23e-08	9.65e-05	1.00e+00	0.00e+00	0.00e+00
 1.79391e+14	2.82e-26	1.91e-19	1.46e-13	1.42e-08	1.04e-04	1.00e+00	0.00e+00	0.00e+00
 1.86585e+14	4.11e-26	2.60e-19	1.84e-13	1.67e-08	1.12e-04	1.00e+00	0.00e+00	0.00e+00
 1.93628e+14	5.87e-26	3.47e-19	2.30e-13	1.93e-08	1.21e-04	1.00e+00	0.00e+00	0.00e+00
 2.00357e+14	8.17e-26	4.52e-19	2.81e-13	2.22e-08	1.30e-04	1.00e+00	0.00e+00	0.00e+00
 2.07806e+14	1.16e-25	6.01e-19	3.49e-13	2.56e-08	1.40e-04	1.00e+00	0.00e+00	0.00e+00
 2.16149e+14	1.70e-25	8.17e-19	4.41e-13	3.00e-08	1.52e-04	1.00e+00	0.00e+00	0.00e+00
 2.24585e+14	2.46e-25	1.10e-18	5.54e-13	3.50e-08	1.64e-04	1.00e+00	0.00e+00	0.00e+00
 2.32677e+14	3.47e-25	1.45e-18	6.83e-13	4.03e-08	1.77e-04	1.00e+00	0.00e+00	0.00e+00
 2.41332e+14	4.95e-25	1.93e-18	8.48e-13	4.67e-08	1.90e-04	1.00e+00	0.00e+00	0.00e+00
 2.51015e+14	7.26e-25	2.63e-18	1.07e-12	5.46e-08	2.06e-04	1.00e+00	0.00e+00	0.00e+00
 2.60256e+14	1.03e-24	3.49e-18	1.33e-12	6.31e-08	2.22e-04	1.00e+00	0.00e+00	0.00e+00
 2.68747e+14	1.41e-24	4.49e-18	1.61e-12	7.18e-08	2.37e-04	1.00e+00	0.00e+00	0.00e+00
 2.78374e+14	1.99e-24	5.92e-18	1.98e-12	8.26e-08	2.54e-04	1.00e+00	0.00e+00	0.00e+00
 2.88435e+14	2.82e-24	7.83e-18	2.45e-12	9.52e-08	2.73e-04	1.00e+00	0.00e+00	0.00e+00
 2.97005e+14	3.76e-24	9.86e-18	2.91e-12	1.07e-07	2.90e-04	1.00e+00	0.00e+00	0.00e+00
 3.06090e+14	5.04e-24	1.25e-17	3.48e-12	1.21e-07	3.08e-04	1.00e+00	0.00e+00	0.00e+00
 3.17465e+14	7.21e-24	1.66e-17	4.33e-12	1.40e-07	3.32e-04	1.00e+00	0.00e+00	0.00e+00
 3.29194e+14	1.03e-23	2.21e-17	5.37e-12	1.61e-07	3.57e-04	1.00e+00	0.00e+00	0.00e+00
 3.39658e+14	1.40e-23	2.84e-17	6.47e-12	1.83e-07	3.80e-04	1.00e+00	0.00e+00	0.00e+00
 3.51098e+14	1.93e-23	3.68e-17	7.88e-12	2.09e-07	4.06e-04	1.00e+00	0.00e+00	0.00e+00
 3.63909e+14	2.75e-23	4.88e-17	9.76e-12	2.41e-07	4.37e-04	1.00e+00	0.00e+00	0.00e+00
 3.75967e+14	3.78e-23	6.30e-17	1.18e-11	2.74e-07	4.67e-04	1.00e+00	0.00e+00	0.00e+00
 3.89108e+14	5.30e-23	8.26e-17	1.45e-11	3.15e-07	5.00e-04	9.99e-01	0.00e+00	0.00e+00
 4.03665e+14	7.58e-23	1.10e-16	1.81e-11	3.64e-07	5.39e-04	9.99e-01	0.00e+00	0.00e+00
 4.17161e+14	1.05e-22	1.43e-16	2.20e-11	4.15e-07	5.75e-04	9.99e-01	0.00e+00	0.00e+00
 4.31804e+14	1.46e-22	1.87e-16	2.70e-11	4.77e-07	6.17e-04	9.99e-01	0.00e+00	0.00e+00
 4.48160e+14	2.10e-22	2.50e-16	3.36e-11	5.53e-07	6.66e-04	9.99e-01	0.00e+00	0.00e+00
 4.63543e+14	2.92e-22	3.26e-16	4.11e-11	6.33e-07	7.13e-04	9.99e-01	0.00e+00	0.00e+00
 4.80278e+14	4.12e-22	4.30e-16	5.07e-11	7.29e-07	7.66e-04	9.99e-01	0.00e+00	0.00e+00
 4.98915e+14	5.94e-22	5.78e-16	6.35e-11	8.49e-07	8.29e-04	9.99e-01	0.00e+00	0.00e+00
 5.16497e+14	8.32e-22	7.58e-16	7.80e-11	9.75e-07	8.89e-04	9.99e-01	0.00e+00	0.00e+00
 5.35387e+14	1.17e-21	1.00e-15	9.64e-11	1.13e-06	9.57e-04	9.99e-01	0.00e+00	0.00e+00
 5.56833e+14	1.71e-21	1.36e-15	1.22e-10	1.32e-06	1.04e-03	9.99e-01	0.00e+00	0.00e+00
 5.77829e+14	2.43e-21	1.81e-15	1.51e-10	1.53e-06	1.12e-03	9.99e-01	0.00e+00	0.00e+00
 5.99665e+14	3.46e-21	2.40e-15	1.88e-10	1.77e-06	1.21e-03	9.99e-01	0.00e+00	0.00e+00
 6.23681e+14	5.02e-21	3.25e-15	2.37e-10	2.08e-06	1.31e-03	9.99e-01	0.00e+00	0.00e+00
 6.47881e+14	7.18e-21	4.35e-15	2.97e-10	2.42e-06	1.42e-03	9.99e-01	0.00e+00	0.00e+00
 6.71746e+14	1.01e-20	5.73e-15	3.67e-10	2.80e-06	1.53e-03	9.98e-01	0.00e+00	0.00e+00
 6.97343e+14	1.42e-20	7.59e-15	4.57e-10	3.26e-06	1.66e-03	9.98e-01	0.00e+00	0.00e+00
 7.21046e+14	1.95e-20	9.80e-15	5.56e-10	3.72e-06	1.78e-03	9.98e-01	0.00e+00	0.00e+00
 7.39523e+14	2.45e-20	1.18e-14	6.44e-10	4.12e-06	1.88e-03	9.98e-01	0.00e+00	0.00e+00
 7.58988e+14	3.10e-20	1.44e-14	7.50e-10	4.58e-06	1.99e-03	9.98e-01	0.00e+00	0.00e+00
 7.84292e+14	4.18e-20	1.84e-14	9.08e-10	5.22e-06	2.13e-03	9.98e-01	0.00e+00	0.00e+00
 8.11505e+14	5.69e-20	2.37e-14	1.11e-09	5.99e-06	2.30e-03	9.98e-01	0.00e+00	0.00e+00
 8.35787e+14	7.40e-20	2.94e-14	1.32e-09	6.75e-06	2.45e-03	9.98e-01	0.00e+00	0.00e+00
 8.61939e+14	9.76e-20	3.69e-14	1.57e-09	7.64e-06	2.62e-03	9.97e-01	0.00e+00	0.00e+00
 8.94271e+14	1.35e-19	4.83e-14	1.95e-09	8.86e-06	2.84e-03	9.97e-01	0.00e+00	0.00e+00
 9.26894e+14	1.85e-19	6.28e-14	2.40e-09	1.02e-05	3.07e-03	9.97e-01	0.00e+00	0.00e+00
 9.55478e+14	2.42e-19	7.84e-14	2.86e-09	1.16e-05	3.28e-03	9.97e-01	0.00e+00	0.00e+00
 9.86553e+14	3.19e-19	9.86e-14	3.44e-09	1.32e-05	3.52e-03	9.96e-01	0.00e+00	0.00e+00
 1.02421e+15	4.41e-19	1.29e-13	4.28e-09	1.53e-05	3.83e-03	9.96e-01	0.00e+00	0.00e+00
 1.06171e+15	6.01e-19	1.68e-13	5.27e-09	1.77e-05	4.15e-03	9.96e-01	0.00e+00	0.00e+00
 1.09498e+15	7.86e-19	2.10e-13	6.30e-09	2.00e-05	4.44e-03	9.96e-01	0.00e+00	0.00e+00
 1.13146e+15	1.04e-18	2.65e-13	7.61e-09	2.29e-05	4.78e-03	9.95e-01	0.00e+00	0.00e+00
 1.17513e+15	1.43e-18	3.47e-13	9.48e-09	2.67e-05	5.21e-03	9.95e-01	0.00e+00	0.00e+00
 1.21844e+15	1.94e-18	4.49e-13	1.17e-08	3.08e-05	5.65e-03	9.94e-01	0.00e+00	0.00e+00
 1.25758e+15	2.53e-18	5.62e-13	1.40e-08	3.50e-05	6.06e-03	9.94e-01	0.00e+00	0.00e+00
 1.30102e+15	3.37e-18	7.16e-13	1.71e-08	4.01e-05	6.54e-03	9.93e-01	0.00e+00	0.00e+00
 1.35210e+15	4.66e-18	9.41e-13	2.14e-08	4.68e-05	7.14e-03	9.93e-01	0.00e+00	0.00e+00
 1.40242e+15	6.33e-18	1.22e-12	2.65e-08	5.42e-05	7.75e-03	9.92e-01	0.00e+00	0.00e+00
 1.44911e+15	8.33e-18	1.54e-12	3.20e-08	6.19e-05	8.35e-03	9.92e-01	0.00e+00	0.00e+00
 1.50147e+15	1.12e-17	1.98e-12	3.94e-08	7.13e-05	9.04e-03	9.91e-01	0.00e+00	0.00e+00
 1.56156e+15	1.56e-17	2.62e-12	4.95e-08	8.35e-05	9.88e-03	9.90e-01	0.00e+00	0.00e+00
 1.62065e+15	2.13e-17	3.42e-12	6.15e-08	9.69e-05	1.07e-02	9.89e-01	0.00e+00	0.00e+00
 1.68210e+15	2.91e-17	4.46e-12	7.65e-08	1.12e-04	1.17e-02	9.88e-01	0.00e+00	0.00e+00
 1.74942e+15	4.05e-17	5.91e-12	9.64e-08	1.32e-04	1.28e-02	9.87e-01	0.00e+00	0.00e+00
 1.81775e+15	5.60e-17	7.78e-12	1.21e-07	1.53e-04	1.39e-02	9.86e-01	0.00e+00	0.00e+00
 1.87539e+15	7.28e-17	9.73e-12	1.45e-07	1.74e-04	1.49e-02	9.85e-01	0.00e+00	0.00e+00
 1.91997e+15	8.86e-17	1.15e-11	1.67e-07	1.91e-04	1.57e-02	9.84e-01	0.00e+00	0.00e+00
 1.96816e+15	1.10e-16	1.38e-11	1.93e-07	2.11e-04	1.66e-02	9.83e-01	0.00e+00	0.00e+00
 2.03082e+15	1.64e-16	1.73e-11	2.33e-07	2.39e-04	1.78e-02	9.82e-01	0.00e+00	0.00e+00
 2.09878e+15	2.18e-16	2.20e-11	2.83e-07	2.73e-04	1.92e-02	9.81e-01	0.00e+00	0.00e+00
 2.16022e+15	2.80e-16	2.71e-11	3.36e-07	3.06e-04	2.05e-02	9.79e-01	0.00e+00	0.00e+00
 2.22667e+15	3.65e-16	3.38e-11	4.02e-07	3.45e-04	2.19e-02	9.78e-01	0.00e+00	0.00e+00
 2.30953e+15	5.03e-16	4.43e-11	5.01e-07	4.00e-04	2.37e-02	9.76e-01	0.00e+00	0.00e+00
 2.39298e+15	6.86e-16	5.75e-11	6.19e-07	4.60e-04	2.57e-02	9.74e-01	0.00e+00	0.00e+00
 2.46521e+15	8.90e-16	7.15e-11	7.39e-07	5.18e-04	2.74e-02	9.72e-01	0.00e+00	0.00e+00
 2.54361e+15	1.17e-15	9.00e-11	8.92e-07	5.87e-04	2.94e-02	9.70e-01	0.00e+00	0.00e+00
 2.63970e+15	1.63e-15	1.19e-10	1.11e-06	6.81e-04	3.19e-02	9.67e-01	0.00e+00	0.00e+00
 2.73793e+15	2.26e-15	1.56e-10	1.39e-06	7.89e-04	3.46e-02	9.65e-01	0.00e+00	0.00e+00
 2.82645e+15	2.99e-15	1.97e-10	1.68e-06	8.95e-04	3.70e-02	9.62e-01	0.00e+00	0.00e+00
 2.92321e+15	4.04e-15	2.54e-10	2.06e-06	1.02e-03	3.99e-02	9.59e-01	0.00e+00	0.00e+00
 3.03747e+15	5.71e-15	3.39e-10	2.61e-06	1.20e-03	4.34e-02	9.55e-01	0.00e+00	0.00e+00
 3.14986e+15	7.93e-15	4.47e-10	3.25e-06	1.38e-03	4.69e-02	9.52e-01	0.00e+00	0.00e+00
 3.25331e+15	1.06e-14	5.71e-10	3.95e-06	1.57e-03	5.02e-02	9.48e-01	0.00e+00	0.00e+00
 3.36972e+15	1.46e-14	7.42e-10	4.88e-06	1.81e-03	5.42e-02	9.44e-01	0.00e+00	0.00e+00
 3.50425e+15	2.08e-14	9.99e-10	6.19e-06	2.11e-03	5.89e-02	9.39e-01	0.00e+00	0.00e+00
 3.63626e+15	2.91e-14	1.32e-09	7.75e-06	2.45e-03	6.37e-02	9.34e-01	0.00e+00	0.00e+00
 3.76264e+15	3.98e-14	1.72e-09	9.54e-06	2.81e-03	6.86e-02	9.29e-01	0.00e+00	0.00e+00
 3.90227e+15	5.55e-14	2.27e-09	1.19e-05	3.25e-03	7.40e-02	9.23e-01	0.00e+00	0.00e+00
 4.05839e+15	7.93e-14	3.06e-09	1.51e-05	3.79e-03	8.04e-02	9.16e-01	0.00e+00	0.00e+00
 4.19082e+15	1.06e-13	3.91e-09	1.84e-05	4.32e-03	8.60e-02	9.10e-01	0.00e+00	0.00e+00
 4.28798e+15	1.31e-13	4.66e-09	2.11e-05	4.73e-03	9.01e-02	9.05e-01	0.00e+00	0.00e+00
 4.38993e+15	1.62e-13	5.58e-09	2.43e-05	5.19e-03	9.46e-02	9.00e-01	0.00e+00	0.00e+00
 4.52247e+15	2.13e-13	7.00e-09	2.91e-05	5.83e-03	1.01e-01	8.94e-01	0.00e+00	0.00e+00
 4.66936e+15	2.85e-13	8.93e-09	3.53e-05	6.62e-03	1.07e-01	8.86e-01	0.00e+00	0.00e+00
 4.80588e+15	3.72e-13	1.11e-08	4.21e-05	7.42e-03	1.14e-01	8.79e-01	0.00e+00	0.00e+00
 4.95428e+15	4.92e-13	1.41e-08	5.06e-05	8.37e-03	1.21e-01	8.71e-01	0.00e+00	0.00e+00
 5.12073e+15	6.64e-13	1.81e-08	6.18e-05	9.53e-03	1.29e-01	8.61e-01	0.00e+00	0.00e+00
 5.27872e+15	8.80e-13	2.29e-08	7.43e-05	1.07e-02	1.37e-01	8.52e-01	0.00e+00	0.00e+00
 5.45218e+15	1.19e-12	2.93e-08	9.04e-05	1.22e-02	1.46e-01	8.41e-01	0.00e+00	0.00e+00
 5.64583e+15	1.64e-12	3.84e-08	1.12e-04	1.40e-02	1.57e-01	8.29e-01	0.00e+00	0.00e+00
 5.82792e+15	2.20e-12	4.90e-08	1.35e-04	1.58e-02	1.66e-01	8.18e-01	0.00e+00	0.00e+00
 6.02681e+15	3.01e-12	6.35e-08	1.65e-04	1.80e-02	1.77e-01	8.04e-01	0.00e+00	0.00e+00
 6.24517e+15	4.17e-12	8.34e-08	2.05e-04	2.07e-02	1.90e-01	7.89e-01	0.00e+00	0.00e+00
 6.44672e+15	5.58e-12	1.06e-07	2.48e-04	2.34e-02	2.01e-01	7.75e-01	0.00e+00	0.00e+00
 6.66658e+15	7.64e-12	1.38e-07	3.04e-04	2.67e-02	2.14e-01	7.59e-01	0.00e+00	0.00e+00
 6.90929e+15	1.06e-11	1.81e-07	3.76e-04	3.06e-02	2.28e-01	7.41e-01	0.00e+00	0.00e+00
 7.13713e+15	1.42e-11	2.32e-07	4.56e-04	3.46e-02	2.41e-01	7.24e-01	0.00e+00	0.00e+00
 7.38874e+15	1.97e-11	3.03e-07	5.61e-04	3.95e-02	2.56e-01	7.04e-01	0.00e+00	0.00e+00
 7.66568e+15	2.75e-11	4.01e-07	6.99e-04	4.54e-02	2.72e-01	6.82e-01	0.00e+00	0.00e+00
 7.90964e+15	3.65e-11	5.08e-07	8.40e-04	5.09e-02	2.86e-01	6.62e-01	0.00e+00	0.00e+00
 8.12737e+15	4.67e-11	6.23e-07	9.86e-04	5.63e-02	2.98e-01	6.44e-01	0.00e+00	0.00e+00
 8.33891e+15	5.90e-11	7.56e-07	1.15e-03	6.19e-02	3.10e-01	6.27e-01	0.00e+00	0.00e+00
 8.57591e+15	7.64e-11	9.36e-07	1.35e-03	6.86e-02	3.23e-01	6.07e-01	0.00e+00	0.00e+00
 8.83064e+15	9.94e-11	1.17e-06	1.61e-03	7.63e-02	3.37e-01	5.85e-01	0.00e+00	0.00e+00
 9.06005e+15	1.25e-10	1.41e-06	1.87e-03	8.36e-02	3.49e-01	5.66e-01	0.00e+00	0.00e+00
 9.30996e+15	1.61e-10	1.73e-06	2.19e-03	9.22e-02	3.61e-01	5.44e-01	0.00e+00	0.00e+00
 9.58630e+15	2.09e-10	2.16e-06	2.60e-03	1.02e-01	3.74e-01	5.21e-01	0.00e+00	0.00e+00
 9.84688e+15	2.66e-10	2.63e-06	3.04e-03	1.12e-01	3.86e-01	4.98e-01	0.00e+00	0.00e+00
 1.01355e+16	3.48e-10	3.28e-06	3.60e-03	1.24e-01	3.98e-01	4.74e-01	0.00e+00	0.00e+00
 1.04493e+16	4.55e-10	4.10e-06	4.29e-03	1.38e-01	4.10e-01	4.48e-01	0.00e+00	0.00e+00
 1.07397e+16	5.82e-10	5.02e-06	5.03e-03	1.51e-01	4.20e-01	4.24e-01	0.00e+00	0.00e+00
 1.10109e+16	7.27e-10	6.03e-06	5.81e-03	1.64e-01	4.29e-01	4.01e-01	0.00e+00	0.00e+00
 1.13135e+16	9.37e-10	7.42e-06	6.82e-03	1.80e-01	4.37e-01	3.76e-01	0.00e+00	0.00e+00
 1.16411e+16	1.21e-09	9.17e-06	8.05e-03	1.97e-01	4.45e-01	3.50e-01	0.00e+00	0.00e+00
 1.19332e+16	1.51e-09	1.10e-05	9.29e-03	2.13e-01	4.49e-01	3.28e-01	0.00e+00	0.00e+00
 1.22453e+16	1.93e-09	1.34e-05	1.08e-02	2.31e-01	4.53e-01	3.04e-01	0.00e+00	0.00e+00
 1.25850e+16	2.48e-09	1.65e-05	1.27e-02	2.52e-01	4.56e-01	2.79e-01	0.00e+00	0.00e+00
 1.28750e+16	3.04e-09	1.95e-05	1.45e-02	2.70e-01	4.56e-01	2.59e-01	0.00e+00	0.00e+00
 1.31225e+16	3.64e-09	2.25e-05	1.63e-02	2.86e-01	4.55e-01	2.43e-01	0.00e+00	0.00e+00
 1.34004e+16	4.47e-09	2.66e-05	1.85e-02	3.04e-01	4.53e-01	2.24e-01	0.00e+00	0.00e+00
 1.37098e+16	5.59e-09	3.19e-05	2.13e-02	3.25e-01	4.49e-01	2.04e-01	0.00e+00	0.00e+00
 1.39917e+16	6.77e-09	3.73e-05	2.40e-02	3.44e-01	4.44e-01	1.88e-01	0.00e+00	0.00e+00
 1.42464e+16	8.11e-09	4.32e-05	2.69e-02	3.62e-01	4.38e-01	1.73e-01	0.00e+00	0.00e+00
 1.44944e+16	9.68e-09	4.97e-05	3.00e-02	3.80e-01	4.31e-01	1.59e-01	0.00e+00	0.00e+00
 1.47772e+16	1.20e-08	5.91e-05	3.41e-02	4.01e-01	4.22e-01	1.43e-01	0.00e+00	0.00e+00
 1.50769e+16	1.48e-08	6.97e-05	3.88e-02	4.22e-01	4.11e-01	1.28e-01	0.00e+00	0.00e+00
 1.53364e+16	1.78e-08	8.09e-05	4.35e-02	4.41e-01	4.00e-01	1.16e-01	0.00e+00	0.00e+00
 1.55712e+16	2.13e-08	9.32e-05	4.83e-02	4.58e-01	3.88e-01	1.05e-01	0.00e+00	0.00e+00
 1.57975e+16	2.51e-08	1.06e-04	5.34e-02	4.75e-01	3.77e-01	9.51e-02	0.00e+00	0.00e+00
 1.60530e+16	3.10e-08	1.25e-04	6.01e-02	4.94e-01	3.62e-01	8.41e-02	0.00e+00	0.00e+00
 1.63214e+16	3.77e-08	1.46e-04	6.76e-02	5.13e-01	3.46e-01	7.40e-02	0.00e+00	0.00e+00
 1.65493e+16	4.56e-08	1.69e-04	7.52e-02	5.29e-01	3.30e-01	6.55e-02	0.00e+00	0.00e+00
 1.67491e+16	5.37e-08	1.93e-04	8.25e-02	5.42e-01	3.16e-01	5.86e-02	0.00e+00	0.00e+00
 1.69699e+16	6.24e-08	2.18e-04	9.13e-02	5.57e-01	3.00e-01	5.15e-02	0.00e+00	0.00e+00
 1.72080e+16	7.93e-08	2.61e-04	1.03e-01	5.72e-01	2.81e-01	4.40e-02	0.00e+00	0.00e+00
 1.74065e+16	9.44e-08	2.98e-04	1.13e-01	5.84e-01	2.64e-01	3.84e-02	0.00e+00	0.00e+00
 1.75683e+16	1.11e-07	3.37e-04	1.22e-01	5.93e-01	2.50e-01	3.39e-02	0.00e+00	0.00e+00
 1.77441e+16	1.26e-07	3.74e-04	1.33e-01	6.03e-01	2.34e-01	2.95e-02	0.00e+00	0.00e+00
 1.79364e+16	1.52e-07	4.31e-04	1.47e-01	6.12e-01	2.16e-01	2.49e-02	0.00e+00	0.00e+00
 1.81014e+16	1.90e-07	5.06e-04	1.61e-01	6.19e-01	1.99e-01	2.11e-02	0.00e+00	0.00e+00
 1.82289e+16	2.15e-07	5.57e-04	1.71e-01	6.23e-01	1.87e-01	1.85e-02	0.00e+00	0.00e+00
 1.83563e+16	2.41e-07	6.09e-04	1.83e-01	6.27e-01	1.73e-01	1.60e-02	0.00e+00	0.00e+00
 1.85219e+16	3.08e-07	7.27e-04	2.01e-01	6.31e-01	1.55e-01	1.27e-02	0.00e+00	0.00e+00
 1.86716e+16	3.61e-07	8.21e-04	2.17e-01	6.33e-01	1.39e-01	1.04e-02	0.00e+00	0.00e+00
 1.87585e+16	4.05e-07	8.90e-04	2.27e-01	6.34e-01	1.29e-01	9.04e-03	0.00e+00	0.00e+00
 1.88153e+16	4.35e-07	9.40e-04	2.34e-01	6.34e-01	1.23e-01	8.20e-03	0.00e+00	0.00e+00
 1.88753e+16	4.73e-07	9.98e-04	2.42e-01	6.34e-01	1.16e-01	7.34e-03	0.00e+00	0.00e+00
 1.89533e+16	5.26e-07	1.08e-03	2.52e-01	6.34e-01	1.07e-01	6.30e-03	0.00e+00	0.00e+00
 1.90347e+16	5.84e-07	1.16e-03	2.63e-01	6.33e-01	9.74e-02	5.34e-03	0.00e+00	0.00e+00
 1.91030e+16	6.29e-07	1.23e-03	2.72e-01	6.32e-01	8.98e-02	4.60e-03	0.00e+00	0.00e+00
 1.91747e+16	6.99e-07	1.33e-03	2.82e-01	6.31e-01	8.16e-02	3.86e-03	0.00e+00	0.00e+00
 1.92492e+16	7.79e-07	1.44e-03	2.93e-01	6.29e-01	7.35e-02	3.18e-03	0.00e+00	0.00e+00
 1.93109e+16	8.56e-07	1.54e-03	3.02e-01	6.27e-01	6.69e-02	2.67e-03	0.00e+00	0.00e+00
 1.93653e+16	9.45e-07	1.64e-03	3.10e-01	6.24e-01	6.12e-02	2.26e-03	0.00e+00	0.00e+00
 1.94186e+16	1.02e-06	1.74e-03	3.19e-01	6.22e-01	5.58e-02	1.91e-03	0.00e+00	0.00e+00
 1.94797e+16	1.13e-06	1.87e-03	3.28e-01	6.19e-01	4.97e-02	1.54e-03	0.00e+00	0.00e+00
 1.95475e+16	1.25e-06	2.00e-03	3.38e-01	6.16e-01	4.37e-02	1.22e-03	0.00e+00	0.00e+00
 1.96119e+16	1.37e-06	2.14e-03	3.47e-01	6.12e-01	3.82e-02	9.54e-04	0.00e+00	0.00e+00
 1.96834e+16	1.53e-06	2.31e-03	3.58e-01	6.07e-01	3.26e-02	7.10e-04	0.00e+00	0.00e+00
 1.97606e+16	1.71e-06	2.50e-03	3.68e-01	6.02e-01	2.74e-02	5.16e-04	0.00e+00	0.00e+00
 1.98320e+16	1.90e-06	2.69e-03	3.78e-01	5.96e-01	2.31e-02	3.76e-04	0.00e+00	0.00e+00
 1.99116e+16	2.13e-06	2.91e-03	3.88e-01	5.90e-01	1.89e-02	2.60e-04	0.00e+00	0.00e+00
 2.00151e+16	2.46e-06	3.21e-03	4.01e-01	5.81e-01	1.45e-02	1.60e-04	0.00e+00	0.00e+00
 2.01274e+16	2.85e-06	3.54e-03	4.14e-01	5.71e-01	1.09e-02	9.44e-05	0.00e+00	0.00e+00
 2.02511e+16	3.33e-06	3.94e-03	4.28e-01	5.60e-01	7.97e-03	5.22e-05	0.00e+00	0.00e+00
 2.04120e+16	4.04e-06	4.48e-03	4.45e-01	5.45e-01	5.35e-03	2.46e-05	0.00e+00	0.00e+00
 2.05923e+16	4.97e-06	5.14e-03	4.63e-01	5.29e-01	3.52e-03	1.10e-05	0.00e+00	0.00e+00
 2.07980e+16	6.29e-06	6.01e-03	4.83e-01	5.09e-01	2.22e-03	4.52e-06	0.00e+00	0.00e+00
 2.10294e+16	8.22e-06	7.18e-03	5.06e-01	4.85e-01	1.37e-03	1.77e-06	0.00e+00	0.00e+00
 2.12459e+16	1.06e-05	8.52e-03	5.28e-01	4.62e-01	8.99e-04	7.71e-07	0.00e+00	0.00e+00
 2.13991e+16	1.29e-05	9.70e-03	5.45e-01	4.45e-01	6.81e-04	0.00e+00	0.00e+00	0.00e+00
 2.14889e+16	1.45e-05	1.05e-02	5.55e-01	4.34e-01	5.78e-04	0.00e+00	0.00e+00	0.00e+00
 2.15761e+16	1.62e-05	1.13e-02	5.65e-01	4.23e-01	4.89e-04	0.00e+00	0.00e+00	0.00e+00
 2.16894e+16	1.89e-05	1.25e-02	5.78e-01	4.09e-01	3.95e-04	0.00e+00	0.00e+00	0.00e+00
 2.18367e+16	2.31e-05	1.43e-02	5.95e-01	3.90e-01	3.00e-04	0.00e+00	0.00e+00	0.00e+00
 2.19816e+16	2.84e-05	1.64e-02	6.13e-01	3.70e-01	2.31e-04	0.00e+00	0.00e+00	0.00e+00
 2.20872e+16	3.32e-05	1.83e-02	6.26e-01	3.56e-01	1.91e-04	0.00e+00	0.00e+00	0.00e+00
 2.21745e+16	3.80e-05	2.00e-02	6.37e-01	3.43e-01	1.63e-04	0.00e+00	0.00e+00	0.00e+00
 2.22593e+16	4.34e-05	2.19e-02	6.47e-01	3.30e-01	1.39e-04	0.00e+00	0.00e+00	0.00e+00
 2.23407e+16	4.95e-05	2.39e-02	6.58e-01	3.18e-01	1.19e-04	0.00e+00	0.00e+00	0.00e+00
 2.24202e+16	5.64e-05	2.61e-02	6.68e-01	3.06e-01	1.03e-04	0.00e+00	0.00e+00	0.00e+00
 2.24981e+16	6.44e-05	2.86e-02	6.78e-01	2.94e-01	8.82e-05	0.00e+00	0.00e+00	0.00e+00
 2.25736e+16	7.34e-05	3.12e-02	6.87e-01	2.82e-01	7.61e-05	0.00e+00	0.00e+00	0.00e+00
 2.26472e+16	8.38e-05	3.41e-02	6.96e-01	2.70e-01	6.58e-05	0.00e+00	0.00e+00	0.00e+00
 2.27195e+16	9.54e-05	3.73e-02	7.05e-01	2.58e-01	5.68e-05	0.00e+00	0.00e+00	0.00e+00
 2.27899e+16	1.09e-04	4.08e-02	7.13e-01	2.46e-01	4.91e-05	0.00e+00	0.00e+00	0.00e+00
 2.28577e+16	1.24e-04	4.46e-02	7.20e-01	2.35e-01	4.25e-05	0.00e+00	0.00e+00	0.00e+00
 2.29241e+16	1.42e-04	4.88e-02	7.28e-01	2.23e-01	3.68e-05	0.00e+00	0.00e+00	0.00e+00
 2.29891e+16	1.62e-04	5.33e-02	7.34e-01	2.12e-01	3.19e-05	0.00e+00	0.00e+00	0.00e+00
 2.30525e+16	1.85e-04	5.83e-02	7.40e-01	2.01e-01	2.76e-05	0.00e+00	0.00e+00	0.00e+00
 2.31140e+16	2.11e-04	6.38e-02	7.45e-01	1.91e-01	2.39e-05	0.00e+00	0.00e+00	0.00e+00
 2.31736e+16	2.41e-04	6.97e-02	7.50e-01	1.80e-01	2.07e-05	0.00e+00	0.00e+00	0.00e+00
 2.32323e+16	2.75e-04	7.62e-02	7.53e-01	1.70e-01	1.79e-05	0.00e+00	0.00e+00	0.00e+00
 2.32900e+16	3.15e-04	8.34e-02	7.56e-01	1.60e-01	1.55e-05	0.00e+00	0.00e+00	0.00e+00
 2.33461e+16	3.60e-04	9.12e-02	7.58e-01	1.50e-01	1.33e-05	0.00e+00	0.00e+00	0.00e+00
 2.34004e+16	4.11e-04	9.97e-02	7.59e-01	1.41e-01	1.15e-05	0.00e+00	0.00e+00	0.00e+00
 2.34535e+16	4.69e-04	1.09e-01	7.59e-01	1.32e-01	9.90e-06	0.00e+00	0.00e+00	0.00e+00
 2.35057e+16	5.36e-04	1.19e-01	7.58e-01	1.23e-01	8.48e-06	0.00e+00	0.00e+00	0.00e+00
 2.35569e+16	6.16e-04	1.30e-01	7.55e-01	1.14e-01	7.26e-06	0.00e+00	0.00e+00	0.00e+00
 2.36070e+16	7.04e-04	1.43e-01	7.51e-01	1.05e-01	6.19e-06	0.00e+00	0.00e+00	0.00e+00
 2.36563e+16	8.09e-04	1.56e-01	7.46e-01	9.71e-02	5.26e-06	0.00e+00	0.00e+00	0.00e+00
 2.37046e+16	9.29e-04	1.71e-01	7.39e-01	8.91e-02	4.45e-06	0.00e+00	0.00e+00	0.00e+00
 2.37523e+16	1.07e-03	1.88e-01	7.30e-01	8.14e-02	3.74e-06	0.00e+00	0.00e+00	0.00e+00
 2.37995e+16	1.24e-03	2.06e-01	7.19e-01	7.39e-02	3.12e-06	0.00e+00	0.00e+00	0.00e+00
 2.38465e+16	1.43e-03	2.26e-01	7.06e-01	6.66e-02	2.58e-06	0.00e+00	0.00e+00	0.00e+00
 2.38931e+16	1.66e-03	2.48e-01	6.90e-01	5.96e-02	2.12e-06	0.00e+00	0.00e+00	0.00e+00
 2.39393e+16	1.94e-03	2.73e-01	6.72e-01	5.29e-02	1.72e-06	0.00e+00	0.00e+00	0.00e+00
 2.39922e+16	2.31e-03	3.04e-01	6.48e-01	4.55e-02	1.33e-06	0.00e+00	0.00e+00	0.00e+00
 2.40487e+16	2.82e-03	3.43e-01	6.16e-01	3.80e-02	9.88e-07	0.00e+00	0.00e+00	0.00e+00
 2.40975e+16	3.36e-03	3.81e-01	5.84e-01	3.19e-02	0.00e+00	0.00e+00	0.00e+00	0.00e+00
 2.41401e+16	3.93e-03	4.17e-01	5.52e-01	2.69e-02	0.00e+00	0.00e+00	0.00e+00	0.00e+00
 2.41871e+16	4.68e-03	4.60e-01	5.13e-01	2.18e-02	0.00e+00	0.00e+00	0.00e+00	0.00e+00
 2.42380e+16	5.68e-03	5.12e-01	4.65e-01	1.69e-02	0.00e+00	0.00e+00	0.00e+00	0.00e+00
 2.42797e+16	6.72e-03	5.58e-01	4.22e-01	1.33e-02	0.00e+00	0.00e+00	0.00e+00	0.00e+00
 2.43112e+16	7.62e-03	5.94e-01	3.87e-01	1.09e-02	0.00e+00	0.00e+00	0.00e+00	0.00e+00
 2.43438e+16	8.70e-03	6.32e-01	3.50e-01	8.67e-03	0.00e+00	0.00e+00	0.00e+00	0.00e+00
 2.43804e+16	1.01e-02	6.76e-01	3.08e-01	6.52e-03	0.00e+00	0.00e+00	0.00e+00	0.00e+00
 2.44133e+16	1.16e-02	7.15e-01	2.68e-01	4.89e-03	0.00e+00	0.00e+00	0.00e+00	0.00e+00
 2.44404e+16	1.30e-02	7.47e-01	2.37e-01	3.78e-03	0.00e+00	0.00e+00	0.00e+00	0.00e+00
 2.44690e+16	1.47e-02	7.78e-01	2.04e-01	2.81e-03	0.00e+00	0.00e+00	0.00e+00	0.00e+00
 2.45002e+16	1.69e-02	8.11e-01	1.70e-01	1.96e-03	0.00e+00	0.00e+00	0.00e+00	0.00e+00
 2.45270e+16	1.91e-02	8.37e-01	1.42e-01	1.39e-03	0.00e+00	0.00e+00	0.00e+00	0.00e+00
 2.45486e+16	2.11e-02	8.56e-01	1.22e-01	1.03e-03	0.00e+00	0.00e+00	0.00e+00	0.00e+00
 2.45715e+16	2.34e-02	8.74e-01	1.02e-01	7.34e-04	0.00e+00	0.00e+00	0.00e+00	0.00e+00
 2.45967e+16	2.63e-02	8.91e-01	8.19e-02	4.90e-04	0.00e+00	0.00e+00	0.00e+00	0.00e+00
 2.46192e+16	2.93e-02	9.04e-01	6.61e-02	3.30e-04	0.00e+00	0.00e+00	0.00e+00	0.00e+00
 2.46380e+16	3.22e-02	9.13e-01	5.47e-02	2.33e-04	0.00e+00	0.00e+00	0.00e+00	0.00e+00
 2.46581e+16	3.57e-02	9.20e-01	4.40e-02	1.56e-04	0.00e+00	0.00e+00	0.00e+00	0.00e+00
 2.46796e+16	3.99e-02	9.26e-01	3.43e-02	9.92e-05	0.00e+00	0.00e+00	0.00e+00	0.00e+00
 2.46978e+16	4.39e-02	9.29e-01	2.72e-02	6.54e-05	0.00e+00	0.00e+00	0.00e+00	0.00e+00
 2.47126e+16	4.76e-02	9.30e-01	2.24e-02	4.60e-05	0.00e+00	0.00e+00	0.00e+00	0.00e+00
 2.47278e+16	5.17e-02	9.30e-01	1.81e-02	3.13e-05	0.00e+00	0.00e+00	0.00e+00	0.00e+00
 2.47442e+16	5.67e-02	9.29e-01	1.43e-02	2.04e-05	0.00e+00	0.00e+00	0.00e+00	0.00e+00
 2.47591e+16	6.16e-02	9.27e-01	1.13e-02	1.35e-05	0.00e+00	0.00e+00	0.00e+00	0.00e+00
 2.47724e+16	6.66e-02	9.24e-01	9.16e-03	9.20e-06	0.00e+00	0.00e+00	0.00e+00	0.00e+00
 2.47848e+16	7.16e-02	9.21e-01	7.46e-03	6.36e-06	0.00e+00	0.00e+00	0.00e+00	0.00e+00
 2.47962e+16	7.65e-02	9.17e-01	6.13e-03	4.47e-06	0.00e+00	0.00e+00	0.00e+00	0.00e+00
 2.48066e+16	8.11e-02	9.14e-01	5.10e-03	3.21e-06	0.00e+00	0.00e+00	0.00e+00	0.00e+00
 2.48162e+16	8.59e-02	9.10e-01	4.29e-03	2.35e-06	0.00e+00	0.00e+00	0.00e+00	0.00e+00
 2.48250e+16	9.03e-02	9.06e-01	3.64e-03	1.75e-06	0.00e+00	0.00e+00	0.00e+00	0.00e+00
 2.48318e+16	9.40e-02	9.03e-01	3.20e-03	1.39e-06	0.00e+00	0.00e+00	0.00e+00	0.00e+00
 2.48364e+16	9.64e-02	9.01e-01	2.94e-03	1.19e-06	0.00e+00	0.00e+00	0.00e+00	0.00e+00
 2.48406e+16	9.90e-02	8.98e-01	2.70e-03	1.02e-06	0.00e+00	0.00e+00	0.00e+00	0.00e+00
 2.48455e+16	1.02e-01	8.95e-01	2.45e-03	8.55e-07	0.00e+00	0.00e+00	0.00e+00	0.00e+00
 2.48508e+16	1.05e-01	8.92e-01	2.20e-03	0.00e+00	0.00e+00	0.00e+00	0.00e+00	0.00e+00
 2.48560e+16	1.09e-01	8.89e-01	1.99e-03	0.00e+00	0.00e+00	0.00e+00	0.00e+00	0.00e+00
 2.48607e+16	1.12e-01	8.86e-01	1.80e-03	0.00e+00	0.00e+00	0.00e+00	0.00e+00	0.00e+00
 2.48655e+16	1.15e-01	8.83e-01	1.63e-03	0.00e+00	0.00e+00	0.00e+00	0.00e+00	0.00e+00
 2.48702e+16	1.18e-01	8.80e-01	1.48e-03	0.00e+00	0.00e+00	0.00e+00	0.00e+00	0.00e+00
 2.48749e+16	1.22e-01	8.77e-01	1.33e-03	0.00e+00	0.00e+00	0.00e+00	0.00e+00	0.00e+00
 2.48796e+16	1.25e-01	8.74e-01	1.21e-03	0.00e+00	0.00e+00	0.00e+00	0.00e+00	0.00e+00
 2.48841e+16	1.29e-01	8.70e-01	1.09e-03	0.00e+00	0.00e+00	0.00e+00	0.00e+00	0.00e+00
 2.48887e+16	1.33e-01	8.66e-01	9.88e-04	0.00e+00	0.00e+00	0.00e+00	0.00e+00	0.00e+00
 2.48932e+16	1.37e-01	8.62e-01	8.93e-04	0.00e+00	0.00e+00	0.00e+00	0.00e+00	0.00e+00
 2.48977e+16	1.41e-01	8.59e-01	8.06e-04	0.00e+00	0.00e+00	0.00e+00	0.00e+00	0.00e+00
 2.49021e+16	1.45e-01	8.55e-01	7.29e-04	0.00e+00	0.00e+00	0.00e+00	0.00e+00	0.00e+00
 2.49063e+16	1.49e-01	8.51e-01	6.60e-04	0.00e+00	0.00e+00	0.00e+00	0.00e+00	0.00e+00
 2.49107e+16	1.53e-01	8.46e-01	5.96e-04	0.00e+00	0.00e+00	0.00e+00	0.00e+00	0.00e+00
 2.49149e+16	1.58e-01	8.42e-01	5.39e-04	0.00e+00	0.00e+00	0.00e+00	0.00e+00	0.00e+00
 2.49191e+16	1.62e-01	8.37e-01	4.86e-04	0.00e+00	0.00e+00	0.00e+00	0.00e+00	0.00e+00
 2.49233e+16	1.67e-01	8.32e-01	4.39e-04	0.00e+00	0.00e+00	0.00e+00	0.00e+00	0.00e+00
 2.49274e+16	1.73e-01	8.27e-01	3.96e-04	0.00e+00	0.00e+00	0.00e+00	0.00e+00	0.00e+00
 2.49315e+16	1.78e-01	8.22e-01	3.58e-04	0.00e+00	0.00e+00	0.00e+00	0.00e+00	0.00e+00
 2.49355e+16	1.83e-01	8.16e-01	3.23e-04	0.00e+00	0.00e+00	0.00e+00	0.00e+00	0.00e+00
 2.49394e+16	1.89e-01	8.10e-01	2.91e-04	0.00e+00	0.00e+00	0.00e+00	0.00e+00	0.00e+00
 2.49434e+16	1.95e-01	8.04e-01	2.63e-04	0.00e+00	0.00e+00	0.00e+00	0.00e+00	0.00e+00
 2.49473e+16	2.02e-01	7.98e-01	2.37e-04	0.00e+00	0.00e+00	0.00e+00	0.00e+00	0.00e+00
 2.49511e+16	2.09e-01	7.91e-01	2.13e-04	0.00e+00	0.00e+00	0.00e+00	0.00e+00	0.00e+00
 2.49549e+16	2.16e-01	7.84e-01	1.92e-04	0.00e+00	0.00e+00	0.00e+00	0.00e+00	0.00e+00
 2.49586e+16	2.24e-01	7.76e-01	1.73e-04	0.00e+00	0.00e+00	0.00e+00	0.00e+00	0.00e+00
 2.49623e+16	2.32e-01	7.68e-01	1.56e-04	0.00e+00	0.00e+00	0.00e+00	0.00e+00	0.00e+00
 2.49659e+16	2.40e-01	7.60e-01	1.41e-04	0.00e+00	0.00e+00	0.00e+00	0.00e+00	0.00e+00
 2.49694e+16	2.49e-01	7.51e-01	1.27e-04	0.00e+00	0.00e+00	0.00e+00	0.00e+00	0.00e+00
 2.49729e+16	2.58e-01	7.41e-01	1.14e-04	0.00e+00	0.00e+00	0.00e+00	0.00e+00	0.00e+00
 2.49763e+16	2.69e-01	7.31e-01	1.03e-04	0.00e+00	0.00e+00	0.00e+00	0.00e+00	0.00e+00
 2.49796e+16	2.80e-01	7.20e-01	9.29e-05	0.00e+00	0.00e+00	0.00e+00	0.00e+00	0.00e+00
 2.49828e+16	2.91e-01	7.09e-01	8.38e-05	0.00e+00	0.00e+00	0.00e+00	0.00e+00	0.00e+00
 2.49860e+16	3.03e-01	6.97e-01	7.55e-05	0.00e+00	0.00e+00	0.00e+00	0.00e+00	0.00e+00
 2.49892e+16	3.14e-01	6.86e-01	6.81e-05	0.00e+00	0.00e+00	0.00e+00	0.00e+00	0.00e+00
 2.49923e+16	3.28e-01	6.72e-01	6.12e-05	0.00e+00	0.00e+00	0.00e+00	0.00e+00	0.00e+00
 2.49954e+16	3.42e-01	6.58e-01	5.50e-05	0.00e+00	0.00e+00	0.00e+00	0.00e+00	0.00e+00
 2.49984e+16	3.56e-01	6.44e-01	4.94e-05	0.00e+00	0.00e+00	0.00e+00	0.00e+00	0.00e+00
 2.50014e+16	3.71e-01	6.29e-01	4.44e-05	0.00e+00	0.00e+00	0.00e+00	0.00e+00	0.00e+00
 2.50043e+16	3.88e-01	6.12e-01	3.98e-05	0.00e+00	0.00e+00	0.00e+00	0.00e+00	0.00e+00
 2.50072e+16	4.07e-01	5.93e-01	3.55e-05	0.00e+00	0.00e+00	0.00e+00	0.00e+00	0.00e+00
 2.50100e+16	4.25e-01	5.75e-01	3.17e-05	0.00e+00	0.00e+00	0.00e+00	0.00e+00	0.00e+00
 2.50128e+16	4.44e-01	5.56e-01	2.83e-05	0.00e+00	0.00e+00	0.00e+00	0.00e+00	0.00e+00
 2.50155e+16	4.64e-01	5.36e-01	2.52e-05	0.00e+00	0.00e+00	0.00e+00	0.00e+00	0.00e+00
 2.50183e+16	4.84e-01	5.16e-01	2.24e-05	0.00e+00	0.00e+00	0.00e+00	0.00e+00	0.00e+00
 2.50210e+16	5.06e-01	4.94e-01	1.98e-05	0.00e+00	0.00e+00	0.00e+00	0.00e+00	0.00e+00
 2.50237e+16	5.29e-01	4.71e-01	1.75e-05	0.00e+00	0.00e+00	0.00e+00	0.00e+00	0.00e+00
 2.50263e+16	5.51e-01	4.49e-01	1.54e-05	0.00e+00	0.00e+00	0.00e+00	0.00e+00	0.00e+00
 2.50289e+16	5.72e-01	4.28e-01	1.36e-05	0.00e+00	0.00e+00	0.00e+00	0.00e+00	0.00e+00
 2.50315e+16	5.96e-01	4.04e-01	1.20e-05	0.00e+00	0.00e+00	0.00e+00	0.00e+00	0.00e+00
 2.50342e+16	6.19e-01	3.81e-01	1.04e-05	0.00e+00	0.00e+00	0.00e+00	0.00e+00	0.00e+00
 2.50364e+16	6.40e-01	3.60e-01	9.28e-06	0.00e+00	0.00e+00	0.00e+00	0.00e+00	0.00e+00
 2.50381e+16	6.55e-01	3.45e-01	8.46e-06	0.00e+00	0.00e+00	0.00e+00	0.00e+00	0.00e+00
 2.50397e+16	6.69e-01	3.31e-01	7.75e-06	0.00e+00	0.00e+00	0.00e+00	0.00e+00	0.00e+00
 2.50414e+16	6.84e-01	3.16e-01	7.06e-06	0.00e+00	0.00e+00	0.00e+00	0.00e+00	0.00e+00
 2.50431e+16	7.01e-01	2.99e-01	6.36e-06	0.00e+00	0.00e+00	0.00e+00	0.00e+00	0.00e+00
 2.50448e+16	7.15e-01	2.85e-01	5.79e-06	0.00e+00	0.00e+00	0.00e+00	0.00e+00	0.00e+00
 2.50463e+16	7.27e-01	2.73e-01	5.31e-06	0.00e+00	0.00e+00	0.00e+00	0.00e+00	0.00e+00
 2.50478e+16	7.41e-01	2.59e-01	4.81e-06	0.00e+00	0.00e+00	0.00e+00	0.00e+00	0.00e+00
 2.50494e+16	7.53e-01	2.47e-01	4.41e-06	0.00e+00	0.00e+00	0.00e+00	0.00e+00	0.00e+00
 2.50508e+16	7.66e-01	2.34e-01	4.01e-06	0.00e+00	0.00e+00	0.00e+00	0.00e+00	0.00e+00
 2.50523e+16	7.76e-01	2.24e-01	3.69e-06	0.00e+00	0.00e+00	0.00e+00	0.00e+00	0.00e+00
 2.50537e+16	7.88e-01	2.12e-01	3.36e-06	0.00e+00	0.00e+00	0.00e+00	0.00e+00	0.00e+00
