#depth	C	C+	C+2	C+3	C+4	C+5	C+6	C[1]	C[2]	C[3]	C+[1]	C+[2]	CO
 1.49634e+10	0.00e+00	5.19e-33	7.28e-23	2.11e-13	3.00e-03	8.76e-01	1.21e-01	0.00e+00	0.00e+00	0.00e+00	0.00e+00	0.00e+00	8.36e-164
 4.54887e+10	6.72e-44	7.19e-33	9.33e-23	2.50e-13	3.27e-03	8.84e-01	1.13e-01	0.00e+00	0.00e+00	0.00e+00	0.00e+00	0.00e+00	2.65e-229
 7.72350e+10	0.00e+00	9.98e-33	1.20e-22	2.96e-13	3.58e-03	8.91e-01	1.05e-01	0.00e+00	0.00e+00	0.00e+00	0.00e+00	0.00e+00	1.07e-162
 1.10251e+11	1.51e-43	1.38e-32	1.53e-22	3.50e-13	3.92e-03	8.98e-01	9.78e-02	0.00e+00	0.00e+00	0.00e+00	0.00e+00	0.00e+00	1.30e-228
 1.44588e+11	0.00e+00	1.92e-32	1.96e-22	4.14e-13	4.28e-03	9.05e-01	9.10e-02	0.00e+00	0.00e+00	0.00e+00	0.00e+00	0.00e+00	1.36e-161
 1.80298e+11	3.41e-43	2.66e-32	2.51e-22	4.90e-13	4.68e-03	9.11e-01	8.46e-02	0.00e+00	0.00e+00	0.00e+00	0.00e+00	0.00e+00	6.26e-228
 2.17437e+11	0.00e+00	3.69e-32	3.22e-22	5.80e-13	5.11e-03	9.16e-01	7.86e-02	0.00e+00	0.00e+00	0.00e+00	0.00e+00	0.00e+00	1.73e-160
 2.56061e+11	7.68e-43	5.12e-32	4.12e-22	6.86e-13	5.58e-03	9.21e-01	7.30e-02	0.00e+00	0.00e+00	0.00e+00	0.00e+00	0.00e+00	3.00e-227
 2.96231e+11	0.00e+00	7.09e-32	5.28e-22	8.11e-13	6.10e-03	9.26e-01	6.78e-02	0.00e+00	0.00e+00	0.00e+00	0.00e+00	0.00e+00	2.21e-159
 3.34563e+11	1.68e-42	9.58e-32	6.63e-22	9.46e-13	6.61e-03	9.30e-01	6.33e-02	0.00e+00	0.00e+00	0.00e+00	0.00e+00	0.00e+00	1.47e-226
 3.69725e+11	0.00e+00	1.25e-31	8.11e-22	1.08e-12	7.10e-03	9.33e-01	5.95e-02	0.00e+00	0.00e+00	0.00e+00	0.00e+00	0.00e+00	2.01e-158
 4.09535e+11	3.36e-42	1.68e-31	1.01e-21	1.26e-12	7.68e-03	9.37e-01	5.56e-02	0.00e+00	0.00e+00	0.00e+00	0.00e+00	0.00e+00	5.65e-226
 4.55640e+11	0.00e+00	2.32e-31	1.30e-21	1.49e-12	8.38e-03	9.40e-01	5.15e-02	0.00e+00	0.00e+00	0.00e+00	0.00e+00	0.00e+00	2.25e-157
 5.01109e+11	7.41e-42	3.16e-31	1.64e-21	1.74e-12	9.11e-03	9.43e-01	4.79e-02	0.00e+00	0.00e+00	0.00e+00	0.00e+00	0.00e+00	2.36e-225
 5.44806e+11	0.00e+00	4.22e-31	2.04e-21	2.02e-12	9.84e-03	9.45e-01	4.48e-02	0.00e+00	0.00e+00	0.00e+00	0.00e+00	0.00e+00	2.30e-156
 5.92934e+11	1.55e-41	5.73e-31	2.57e-21	2.37e-12	1.07e-02	9.48e-01	4.17e-02	0.00e+00	0.00e+00	0.00e+00	0.00e+00	0.00e+00	9.30e-225
 6.46579e+11	0.00e+00	7.97e-31	3.30e-21	2.80e-12	1.17e-02	9.50e-01	3.85e-02	0.00e+00	0.00e+00	0.00e+00	0.00e+00	0.00e+00	2.74e-155
 7.01166e+11	3.49e-41	1.10e-30	4.21e-21	3.30e-12	1.27e-02	9.52e-01	3.57e-02	0.00e+00	0.00e+00	0.00e+00	0.00e+00	0.00e+00	3.69e-224
 7.57938e+11	0.00e+00	1.52e-30	5.37e-21	3.90e-12	1.38e-02	9.53e-01	3.30e-02	0.00e+00	0.00e+00	0.00e+00	0.00e+00	0.00e+00	3.38e-154
 8.18182e+11	7.88e-41	2.12e-30	6.90e-21	4.62e-12	1.51e-02	9.54e-01	3.05e-02	0.00e+00	0.00e+00	0.00e+00	0.00e+00	0.00e+00	1.12e-223
 8.80836e+11	0.00e+00	2.95e-30	8.87e-21	5.47e-12	1.65e-02	9.55e-01	2.81e-02	0.00e+00	0.00e+00	0.00e+00	0.00e+00	0.00e+00	4.44e-153
 9.41610e+11	1.75e-40	4.02e-30	1.12e-20	6.41e-12	1.79e-02	9.56e-01	2.61e-02	0.00e+00	0.00e+00	0.00e+00	0.00e+00	0.00e+00	1.89e-223
 9.98907e+11	0.00e+00	5.34e-30	1.39e-20	7.41e-12	1.93e-02	9.56e-01	2.44e-02	0.00e+00	0.00e+00	0.00e+00	0.00e+00	0.00e+00	4.43e-152
 1.06288e+12	3.64e-40	7.26e-30	1.75e-20	8.67e-12	2.10e-02	9.56e-01	2.26e-02	0.00e+00	0.00e+00	0.00e+00	0.00e+00	0.00e+00	0.00e+00
 1.13532e+12	0.00e+00	1.01e-29	2.26e-20	1.03e-11	2.30e-02	9.56e-01	2.08e-02	0.00e+00	0.00e+00	0.00e+00	0.00e+00	0.00e+00	5.31e-151
 1.20742e+12	8.24e-40	1.40e-29	2.88e-20	1.21e-11	2.50e-02	9.56e-01	1.93e-02	0.00e+00	0.00e+00	0.00e+00	0.00e+00	0.00e+00	0.00e+00
 1.28239e+12	0.00e+00	1.93e-29	3.68e-20	1.43e-11	2.72e-02	9.55e-01	1.78e-02	0.00e+00	0.00e+00	0.00e+00	0.00e+00	0.00e+00	6.38e-150
 1.36361e+12	1.87e-39	2.71e-29	4.75e-20	1.70e-11	2.98e-02	9.54e-01	1.63e-02	0.00e+00	0.00e+00	0.00e+00	0.00e+00	0.00e+00	0.00e+00
 1.44621e+12	0.00e+00	3.77e-29	6.11e-20	2.02e-11	3.25e-02	9.52e-01	1.51e-02	0.00e+00	0.00e+00	0.00e+00	0.00e+00	0.00e+00	8.42e-149
 1.53211e+12	4.27e-39	5.26e-29	7.86e-20	2.39e-11	3.55e-02	9.51e-01	1.38e-02	0.00e+00	0.00e+00	0.00e+00	0.00e+00	0.00e+00	0.00e+00
 1.62332e+12	0.00e+00	7.40e-29	1.02e-19	2.85e-11	3.89e-02	9.48e-01	1.27e-02	0.00e+00	0.00e+00	0.00e+00	0.00e+00	0.00e+00	1.12e-147
 1.71818e+12	9.99e-39	1.04e-28	1.32e-19	3.39e-11	4.25e-02	9.46e-01	1.17e-02	0.00e+00	0.00e+00	0.00e+00	0.00e+00	0.00e+00	0.00e+00
 1.81683e+12	0.00e+00	1.47e-28	1.71e-19	4.04e-11	4.66e-02	9.43e-01	1.07e-02	0.00e+00	0.00e+00	0.00e+00	0.00e+00	0.00e+00	1.56e-146
 1.91943e+12	2.35e-38	2.07e-28	2.22e-19	4.82e-11	5.10e-02	9.39e-01	9.78e-03	0.00e+00	0.00e+00	0.00e+00	0.00e+00	0.00e+00	0.00e+00
 2.02614e+12	0.00e+00	2.93e-28	2.89e-19	5.75e-11	5.58e-02	9.35e-01	8.94e-03	0.00e+00	0.00e+00	0.00e+00	0.00e+00	0.00e+00	2.18e-145
 2.13356e+12	5.47e-38	4.09e-28	3.72e-19	6.82e-11	6.09e-02	9.31e-01	8.19e-03	0.00e+00	0.00e+00	0.00e+00	0.00e+00	0.00e+00	1.37e-217
 2.24527e+12	0.00e+00	5.73e-28	4.81e-19	8.10e-11	6.65e-02	9.26e-01	7.50e-03	0.00e+00	0.00e+00	0.00e+00	0.00e+00	0.00e+00	2.85e-144
 2.36501e+12	1.28e-37	8.12e-28	6.26e-19	9.68e-11	7.27e-02	9.20e-01	6.84e-03	0.00e+00	0.00e+00	0.00e+00	0.00e+00	0.00e+00	0.00e+00
 2.48954e+12	0.00e+00	1.15e-27	8.16e-19	1.16e-10	7.96e-02	9.14e-01	6.23e-03	0.00e+00	0.00e+00	0.00e+00	0.00e+00	0.00e+00	4.09e-143
 2.61905e+12	3.07e-37	1.64e-27	1.06e-18	1.38e-10	8.70e-02	9.07e-01	5.66e-03	0.00e+00	0.00e+00	0.00e+00	0.00e+00	0.00e+00	0.00e+00
 2.75374e+12	0.00e+00	2.33e-27	1.39e-18	1.65e-10	9.52e-02	9.00e-01	5.14e-03	0.00e+00	0.00e+00	0.00e+00	0.00e+00	0.00e+00	5.94e-142
 2.89381e+12	7.36e-37	3.31e-27	1.82e-18	1.98e-10	1.04e-01	8.91e-01	4.66e-03	0.00e+00	0.00e+00	0.00e+00	0.00e+00	0.00e+00	0.00e+00
 3.03949e+12	0.00e+00	4.71e-27	2.37e-18	2.36e-10	1.14e-01	8.82e-01	4.22e-03	0.00e+00	0.00e+00	0.00e+00	0.00e+00	0.00e+00	8.70e-141
 3.17272e+12	1.68e-36	6.43e-27	3.01e-18	2.77e-10	1.23e-01	8.73e-01	3.86e-03	0.00e+00	0.00e+00	0.00e+00	0.00e+00	0.00e+00	0.00e+00
 3.28601e+12	0.00e+00	8.32e-27	3.65e-18	3.15e-10	1.31e-01	8.66e-01	3.59e-03	0.00e+00	0.00e+00	0.00e+00	0.00e+00	0.00e+00	7.55e-140
 3.41094e+12	3.26e-36	1.09e-26	4.50e-18	3.62e-10	1.40e-01	8.57e-01	3.31e-03	0.00e+00	0.00e+00	0.00e+00	0.00e+00	0.00e+00	0.00e+00
 3.56615e+12	0.00e+00	1.52e-26	5.78e-18	4.28e-10	1.51e-01	8.46e-01	3.00e-03	0.00e+00	0.00e+00	0.00e+00	0.00e+00	0.00e+00	7.56e-139
 3.72596e+12	7.39e-36	2.12e-26	7.41e-18	5.05e-10	1.64e-01	8.33e-01	2.72e-03	0.00e+00	0.00e+00	0.00e+00	0.00e+00	0.00e+00	0.00e+00
 3.86946e+12	0.00e+00	2.81e-26	9.19e-18	5.82e-10	1.75e-01	8.22e-01	2.49e-03	0.00e+00	0.00e+00	0.00e+00	0.00e+00	0.00e+00	7.78e-138
 4.02654e+12	1.53e-35	3.79e-26	1.15e-17	6.76e-10	1.88e-01	8.10e-01	2.27e-03	0.00e+00	0.00e+00	0.00e+00	0.00e+00	0.00e+00	0.00e+00
 4.20332e+12	0.00e+00	5.26e-26	1.48e-17	7.96e-10	2.03e-01	7.95e-01	2.05e-03	0.00e+00	0.00e+00	0.00e+00	0.00e+00	0.00e+00	8.49e-137
 4.37167e+12	3.33e-35	7.09e-26	1.85e-17	9.24e-10	2.17e-01	7.81e-01	1.86e-03	0.00e+00	0.00e+00	0.00e+00	0.00e+00	0.00e+00	0.00e+00
 4.55603e+12	0.00e+00	9.70e-26	2.35e-17	1.08e-09	2.33e-01	7.65e-01	1.67e-03	0.00e+00	0.00e+00	0.00e+00	0.00e+00	0.00e+00	8.88e-136
 4.76036e+12	7.48e-35	1.36e-25	3.03e-17	1.27e-09	2.51e-01	7.48e-01	1.49e-03	0.00e+00	0.00e+00	0.00e+00	0.00e+00	0.00e+00	0.00e+00
 4.95168e+12	1.09e-34	1.83e-25	3.81e-17	1.48e-09	2.68e-01	7.31e-01	1.35e-03	0.00e+00	0.00e+00	0.00e+00	0.00e+00	0.00e+00	1.84e-116
 5.15850e+12	1.60e-34	2.50e-25	4.81e-17	1.72e-09	2.86e-01	7.13e-01	1.21e-03	0.00e+00	0.00e+00	0.00e+00	0.00e+00	0.00e+00	2.10e-98
 5.38966e+12	2.43e-34	3.49e-25	6.20e-17	2.03e-09	3.07e-01	6.92e-01	1.07e-03	0.00e+00	0.00e+00	0.00e+00	0.00e+00	0.00e+00	0.00e+00
 5.61230e+12	3.57e-34	4.75e-25	7.82e-17	2.36e-09	3.26e-01	6.73e-01	9.54e-04	0.00e+00	0.00e+00	0.00e+00	0.00e+00	0.00e+00	4.71e-115
 5.84896e+12	5.26e-34	6.48e-25	9.89e-17	2.74e-09	3.47e-01	6.52e-01	8.48e-04	0.00e+00	0.00e+00	0.00e+00	0.00e+00	0.00e+00	3.23e-97
 6.11284e+12	7.97e-34	9.03e-25	1.27e-16	3.22e-09	3.70e-01	6.29e-01	7.45e-04	0.00e+00	0.00e+00	0.00e+00	0.00e+00	0.00e+00	0.00e+00
 6.37591e+12	1.18e-33	1.24e-24	1.61e-16	3.75e-09	3.93e-01	6.06e-01	6.56e-04	0.00e+00	0.00e+00	0.00e+00	0.00e+00	0.00e+00	1.28e-113
 6.64950e+12	1.75e-33	1.69e-24	2.04e-16	4.35e-09	4.16e-01	5.83e-01	5.77e-04	0.00e+00	0.00e+00	0.00e+00	0.00e+00	0.00e+00	5.18e-96
 6.94541e+12	2.61e-33	2.33e-24	2.60e-16	5.07e-09	4.40e-01	5.59e-01	5.04e-04	0.00e+00	0.00e+00	0.00e+00	0.00e+00	0.00e+00	0.00e+00
 7.25315e+12	3.88e-33	3.20e-24	3.29e-16	5.90e-09	4.65e-01	5.35e-01	4.39e-04	0.00e+00	0.00e+00	0.00e+00	0.00e+00	0.00e+00	3.56e-112
 7.57320e+12	5.76e-33	4.38e-24	4.17e-16	6.83e-09	4.89e-01	5.10e-01	3.81e-04	0.00e+00	0.00e+00	0.00e+00	0.00e+00	0.00e+00	8.37e-95
 7.87197e+12	8.17e-33	5.79e-24	5.14e-16	7.78e-09	5.11e-01	4.88e-01	3.35e-04	0.00e+00	0.00e+00	0.00e+00	0.00e+00	0.00e+00	2.91e-111
 8.13524e+12	1.09e-32	7.30e-24	6.11e-16	8.66e-09	5.30e-01	4.70e-01	3.01e-04	0.00e+00	0.00e+00	0.00e+00	0.00e+00	0.00e+00	3.81e-94
 8.42889e+12	1.51e-32	9.41e-24	7.39e-16	9.75e-09	5.50e-01	4.50e-01	2.66e-04	0.00e+00	0.00e+00	0.00e+00	0.00e+00	0.00e+00	1.66e-110
 8.75640e+12	2.11e-32	1.23e-23	9.04e-16	1.10e-08	5.72e-01	4.28e-01	2.33e-04	0.00e+00	0.00e+00	0.00e+00	0.00e+00	0.00e+00	1.79e-93
 9.06596e+12	2.87e-32	1.57e-23	1.08e-15	1.23e-08	5.91e-01	4.09e-01	2.07e-04	0.00e+00	0.00e+00	0.00e+00	0.00e+00	0.00e+00	1.06e-109
 9.40643e+12	3.96e-32	2.03e-23	1.31e-15	1.38e-08	6.11e-01	3.89e-01	1.81e-04	0.00e+00	0.00e+00	0.00e+00	0.00e+00	0.00e+00	7.97e-93
 9.78702e+12	5.59e-32	2.67e-23	1.61e-15	1.56e-08	6.32e-01	3.68e-01	1.57e-04	0.00e+00	0.00e+00	0.00e+00	0.00e+00	0.00e+00	7.34e-109
 1.01470e+13	7.63e-32	3.41e-23	1.93e-15	1.75e-08	6.51e-01	3.49e-01	1.38e-04	0.00e+00	0.00e+00	0.00e+00	0.00e+00	0.00e+00	3.83e-92
 1.05402e+13	1.06e-31	4.41e-23	2.33e-15	1.96e-08	6.70e-01	3.30e-01	1.20e-04	0.00e+00	0.00e+00	0.00e+00	0.00e+00	0.00e+00	4.73e-108
 1.09798e+13	1.49e-31	5.80e-23	2.86e-15	2.21e-08	6.90e-01	3.09e-01	1.03e-04	0.00e+00	0.00e+00	0.00e+00	0.00e+00	0.00e+00	1.93e-91
 1.13992e+13	2.05e-31	7.45e-23	3.44e-15	2.47e-08	7.08e-01	2.92e-01	8.92e-05	0.00e+00	0.00e+00	0.00e+00	0.00e+00	0.00e+00	3.36e-107
 1.17811e+13	2.70e-31	9.26e-23	4.04e-15	2.71e-08	7.23e-01	2.77e-01	7.87e-05	0.00e+00	0.00e+00	0.00e+00	0.00e+00	0.00e+00	8.11e-91
 1.21967e+13	3.60e-31	1.16e-22	4.78e-15	2.99e-08	7.39e-01	2.61e-01	6.89e-05	0.00e+00	0.00e+00	0.00e+00	0.00e+00	0.00e+00	1.81e-106
 1.26635e+13	4.92e-31	1.49e-22	5.73e-15	3.33e-08	7.55e-01	2.45e-01	5.95e-05	0.00e+00	0.00e+00	0.00e+00	0.00e+00	0.00e+00	3.49e-90
 1.31063e+13	6.52e-31	1.86e-22	6.75e-15	3.66e-08	7.69e-01	2.31e-01	5.21e-05	0.00e+00	0.00e+00	0.00e+00	0.00e+00	0.00e+00	1.08e-105
 1.35911e+13	8.77e-31	2.34e-22	8.02e-15	4.05e-08	7.83e-01	2.17e-01	4.51e-05	0.00e+00	0.00e+00	0.00e+00	0.00e+00	0.00e+00	1.45e-89
 1.41272e+13	1.20e-30	3.00e-22	9.61e-15	4.49e-08	7.97e-01	2.03e-01	3.87e-05	0.00e+00	0.00e+00	0.00e+00	0.00e+00	0.00e+00	6.88e-105
 1.46248e+13	1.59e-30	3.74e-22	1.13e-14	4.93e-08	8.10e-01	1.90e-01	3.37e-05	0.00e+00	0.00e+00	0.00e+00	0.00e+00	0.00e+00	6.28e-89
 1.51665e+13	2.12e-30	4.70e-22	1.33e-14	5.42e-08	8.22e-01	1.78e-01	2.92e-05	0.00e+00	0.00e+00	0.00e+00	0.00e+00	0.00e+00	3.95e-104
 1.57730e+13	2.91e-30	6.01e-22	1.60e-14	6.01e-08	8.34e-01	1.66e-01	2.49e-05	0.00e+00	0.00e+00	0.00e+00	0.00e+00	0.00e+00	2.83e-88
 1.63472e+13	3.86e-30	7.50e-22	1.88e-14	6.59e-08	8.45e-01	1.55e-01	2.15e-05	0.00e+00	0.00e+00	0.00e+00	0.00e+00	0.00e+00	2.49e-103
 1.69685e+13	5.18e-30	9.45e-22	2.22e-14	7.25e-08	8.55e-01	1.45e-01	1.85e-05	0.00e+00	0.00e+00	0.00e+00	0.00e+00	0.00e+00	1.21e-87
 1.76596e+13	7.10e-30	1.21e-21	2.66e-14	8.01e-08	8.66e-01	1.34e-01	1.57e-05	0.00e+00	0.00e+00	0.00e+00	0.00e+00	0.00e+00	1.65e-102
 1.83234e+13	9.48e-30	1.51e-21	3.13e-14	8.78e-08	8.75e-01	1.25e-01	1.35e-05	0.00e+00	0.00e+00	0.00e+00	0.00e+00	0.00e+00	5.55e-87
 1.90312e+13	1.27e-29	1.91e-21	3.70e-14	9.64e-08	8.84e-01	1.16e-01	1.16e-05	0.00e+00	0.00e+00	0.00e+00	0.00e+00	0.00e+00	1.03e-101
 1.98224e+13	1.75e-29	2.44e-21	4.43e-14	1.06e-07	8.93e-01	1.07e-01	9.82e-06	0.00e+00	0.00e+00	0.00e+00	0.00e+00	0.00e+00	2.65e-86
 2.06130e+13	2.37e-29	3.09e-21	5.25e-14	1.17e-07	9.01e-01	9.93e-02	8.36e-06	0.00e+00	0.00e+00	0.00e+00	0.00e+00	0.00e+00	7.30e-101
 2.14352e+13	3.21e-29	3.91e-21	6.22e-14	1.28e-07	9.08e-01	9.20e-02	7.12e-06	0.00e+00	0.00e+00	0.00e+00	0.00e+00	0.00e+00	1.25e-85
 2.23226e+13	4.39e-29	4.99e-21	7.40e-14	1.41e-07	9.15e-01	8.49e-02	6.03e-06	0.00e+00	0.00e+00	0.00e+00	0.00e+00	0.00e+00	5.15e-100
 2.32454e+13	6.00e-29	6.36e-21	8.80e-14	1.55e-07	9.22e-01	7.84e-02	5.10e-06	0.00e+00	0.00e+00	0.00e+00	0.00e+00	0.00e+00	6.32e-85
 2.42052e+13	8.19e-29	8.10e-21	1.05e-13	1.71e-07	9.28e-01	7.23e-02	4.32e-06	0.00e+00	0.00e+00	0.00e+00	0.00e+00	0.00e+00	3.76e-99
 2.51556e+13	1.10e-28	1.02e-20	1.23e-13	1.86e-07	9.33e-01	6.70e-02	3.69e-06	0.00e+00	0.00e+00	0.00e+00	0.00e+00	0.00e+00	3.07e-84
 2.61441e+13	1.48e-28	1.28e-20	1.45e-13	2.03e-07	9.38e-01	6.21e-02	3.15e-06	0.00e+00	0.00e+00	0.00e+00	0.00e+00	0.00e+00	2.51e-98
 2.71669e+13	1.99e-28	1.61e-20	1.70e-13	2.22e-07	9.43e-01	5.75e-02	2.69e-06	0.00e+00	0.00e+00	0.00e+00	0.00e+00	0.00e+00	1.45e-83
 2.81357e+13	2.60e-28	1.98e-20	1.97e-13	2.40e-07	9.46e-01	5.36e-02	2.33e-06	0.00e+00	0.00e+00	0.00e+00	0.00e+00	0.00e+00	1.54e-97
 2.90322e+13	3.31e-28	2.38e-20	2.24e-13	2.57e-07	9.50e-01	5.03e-02	2.05e-06	0.00e+00	0.00e+00	0.00e+00	0.00e+00	0.00e+00	5.57e-83
 3.00056e+13	4.27e-28	2.89e-20	2.57e-13	2.77e-07	9.53e-01	4.71e-02	1.79e-06	0.00e+00	0.00e+00	0.00e+00	0.00e+00	0.00e+00	7.56e-97
 3.11033e+13	5.63e-28	3.57e-20	2.98e-13	2.99e-07	9.56e-01	4.39e-02	1.55e-06	0.00e+00	0.00e+00	0.00e+00	0.00e+00	0.00e+00	2.27e-82
 3.21554e+13	7.27e-28	4.35e-20	3.42e-13	3.22e-07	9.59e-01	4.10e-02	1.35e-06	0.00e+00	0.00e+00	0.00e+00	0.00e+00	0.00e+00	4.21e-96
 3.33160e+13	9.56e-28	5.36e-20	3.95e-13	3.48e-07	9.62e-01	3.82e-02	1.17e-06	0.00e+00	0.00e+00	0.00e+00	0.00e+00	0.00e+00	9.29e-82
 3.46145e+13	1.28e-27	6.72e-20	4.63e-13	3.78e-07	9.65e-01	3.54e-02	1.00e-06	0.00e+00	0.00e+00	0.00e+00	0.00e+00	0.00e+00	2.64e-95
 3.58468e+13	1.68e-27	8.25e-20	5.34e-13	4.07e-07	9.67e-01	3.30e-02	8.68e-07	0.00e+00	0.00e+00	0.00e+00	0.00e+00	0.00e+00	4.20e-81
 3.69786e+13	2.14e-27	9.91e-20	6.06e-13	4.35e-07	9.69e-01	3.10e-02	0.00e+00	0.00e+00	0.00e+00	0.00e+00	0.00e+00	0.00e+00	1.38e-94
 3.82250e+13	2.76e-27	1.21e-19	6.93e-13	4.67e-07	9.71e-01	2.90e-02	0.00e+00	0.00e+00	0.00e+00	0.00e+00	0.00e+00	0.00e+00	1.59e-80
 3.96251e+13	3.64e-27	1.49e-19	8.03e-13	5.04e-07	9.73e-01	2.70e-02	0.00e+00	0.00e+00	0.00e+00	0.00e+00	0.00e+00	0.00e+00	7.78e-94
 4.09499e+13	4.70e-27	1.81e-19	9.17e-13	5.40e-07	9.75e-01	2.53e-02	0.00e+00	0.00e+00	0.00e+00	0.00e+00	0.00e+00	0.00e+00	6.67e-80
 4.23969e+13	6.16e-27	2.22e-19	1.06e-12	5.81e-07	9.76e-01	2.36e-02	0.00e+00	0.00e+00	0.00e+00	0.00e+00	0.00e+00	0.00e+00	4.27e-93
 4.40034e+13	8.21e-27	2.76e-19	1.23e-12	6.28e-07	9.78e-01	2.19e-02	0.00e+00	0.00e+00	0.00e+00	0.00e+00	0.00e+00	0.00e+00	3.00e-79
 4.55026e+13	1.07e-26	3.37e-19	1.40e-12	6.73e-07	9.80e-01	2.05e-02	0.00e+00	0.00e+00	0.00e+00	0.00e+00	0.00e+00	0.00e+00	2.53e-92
 4.71369e+13	1.40e-26	4.15e-19	1.62e-12	7.24e-07	9.81e-01	1.91e-02	0.00e+00	0.00e+00	0.00e+00	0.00e+00	0.00e+00	0.00e+00	1.28e-78
 4.89695e+13	1.89e-26	5.19e-19	1.89e-12	7.84e-07	9.82e-01	1.77e-02	0.00e+00	0.00e+00	0.00e+00	0.00e+00	0.00e+00	0.00e+00	1.62e-91
 5.07048e+13	2.48e-26	6.38e-19	2.17e-12	8.42e-07	9.83e-01	1.65e-02	0.00e+00	0.00e+00	0.00e+00	0.00e+00	0.00e+00	0.00e+00	5.98e-78
 5.25768e+13	3.29e-26	7.90e-19	2.51e-12	9.07e-07	9.85e-01	1.54e-02	0.00e+00	0.00e+00	0.00e+00	0.00e+00	0.00e+00	0.00e+00	9.84e-91
 5.46645e+13	4.45e-26	9.94e-19	2.94e-12	9.83e-07	9.86e-01	1.42e-02	0.00e+00	0.00e+00	0.00e+00	0.00e+00	0.00e+00	0.00e+00	2.95e-77
 5.66802e+13	5.91e-26	1.23e-18	3.40e-12	1.06e-06	9.87e-01	1.32e-02	0.00e+00	0.00e+00	0.00e+00	0.00e+00	0.00e+00	0.00e+00	6.64e-90
 5.88218e+13	7.90e-26	1.53e-18	3.94e-12	1.14e-06	9.88e-01	1.23e-02	0.00e+00	0.00e+00	0.00e+00	0.00e+00	0.00e+00	0.00e+00	1.41e-76
 6.12046e+13	1.08e-25	1.94e-18	4.62e-12	1.24e-06	9.89e-01	1.13e-02	0.00e+00	0.00e+00	0.00e+00	0.00e+00	0.00e+00	0.00e+00	3.28e-76
 6.35990e+13	1.46e-25	2.43e-18	5.39e-12	1.34e-06	9.89e-01	1.05e-02	0.00e+00	0.00e+00	0.00e+00	0.00e+00	0.00e+00	0.00e+00	7.45e-76
 6.60891e+13	1.97e-25	3.06e-18	6.28e-12	1.45e-06	9.90e-01	9.73e-03	0.00e+00	0.00e+00	0.00e+00	0.00e+00	0.00e+00	0.00e+00	1.69e-75
 6.87626e+13	2.69e-25	3.86e-18	7.36e-12	1.57e-06	9.91e-01	8.99e-03	0.00e+00	0.00e+00	0.00e+00	0.00e+00	0.00e+00	0.00e+00	3.96e-75
 7.15430e+13	3.67e-25	4.88e-18	8.62e-12	1.70e-06	9.92e-01	8.31e-03	0.00e+00	0.00e+00	0.00e+00	0.00e+00	0.00e+00	0.00e+00	9.25e-75
 7.42794e+13	4.92e-25	6.10e-18	1.00e-11	1.83e-06	9.92e-01	7.71e-03	0.00e+00	0.00e+00	0.00e+00	0.00e+00	0.00e+00	0.00e+00	2.07e-74
 7.71253e+13	6.61e-25	7.62e-18	1.16e-11	1.98e-06	9.93e-01	7.15e-03	0.00e+00	0.00e+00	0.00e+00	0.00e+00	0.00e+00	0.00e+00	4.63e-74
 8.02402e+13	9.02e-25	9.63e-18	1.36e-11	2.15e-06	9.93e-01	6.60e-03	0.00e+00	0.00e+00	0.00e+00	0.00e+00	0.00e+00	0.00e+00	1.08e-73
 8.32861e+13	1.21e-24	1.20e-17	1.58e-11	2.31e-06	9.94e-01	6.13e-03	0.00e+00	0.00e+00	0.00e+00	0.00e+00	0.00e+00	0.00e+00	2.40e-73
 8.59498e+13	1.55e-24	1.45e-17	1.80e-11	2.47e-06	9.94e-01	5.75e-03	0.00e+00	0.00e+00	0.00e+00	0.00e+00	0.00e+00	0.00e+00	4.70e-73
 8.87229e+13	1.98e-24	1.75e-17	2.04e-11	2.63e-06	9.95e-01	5.39e-03	0.00e+00	0.00e+00	0.00e+00	0.00e+00	0.00e+00	0.00e+00	9.29e-73
 9.21111e+13	2.66e-24	2.18e-17	2.37e-11	2.84e-06	9.95e-01	5.00e-03	0.00e+00	0.00e+00	0.00e+00	0.00e+00	0.00e+00	0.00e+00	2.06e-72
 9.55164e+13	3.53e-24	2.70e-17	2.74e-11	3.06e-06	9.95e-01	4.65e-03	0.00e+00	0.00e+00	0.00e+00	0.00e+00	0.00e+00	0.00e+00	4.48e-72
 9.85686e+13	4.52e-24	3.25e-17	3.11e-11	3.26e-06	9.96e-01	4.36e-03	0.00e+00	0.00e+00	0.00e+00	0.00e+00	0.00e+00	0.00e+00	8.77e-72
 1.01944e+14	5.88e-24	3.97e-17	3.56e-11	3.49e-06	9.96e-01	4.07e-03	0.00e+00	0.00e+00	0.00e+00	0.00e+00	0.00e+00	0.00e+00	1.80e-71
 1.05944e+14	7.94e-24	4.98e-17	4.15e-11	3.78e-06	9.96e-01	3.77e-03	0.00e+00	0.00e+00	0.00e+00	0.00e+00	1.60e-17	3.38e-17	4.08e-71
 1.09977e+14	1.06e-23	6.21e-17	4.82e-11	4.08e-06	9.97e-01	3.49e-03	0.00e+00	0.00e+00	0.00e+00	0.00e+00	2.06e-17	4.15e-17	9.00e-71
 1.13823e+14	1.39e-23	7.61e-17	5.53e-11	4.38e-06	9.97e-01	3.26e-03	0.00e+00	0.00e+00	0.00e+00	0.00e+00	2.53e-17	5.08e-17	1.87e-70
 1.18057e+14	1.85e-23	9.44e-17	6.41e-11	4.72e-06	9.97e-01	3.02e-03	0.00e+00	0.00e+00	0.00e+00	0.00e+00	3.13e-17	6.30e-17	4.06e-70
 1.22810e+14	2.51e-23	1.19e-16	7.52e-11	5.12e-06	9.97e-01	2.79e-03	0.00e+00	0.00e+00	0.00e+00	0.00e+00	3.95e-17	7.96e-17	9.45e-70
 1.27205e+14	3.30e-23	1.47e-16	8.66e-11	5.50e-06	9.97e-01	2.59e-03	0.00e+00	0.00e+00	0.00e+00	0.00e+00	4.87e-17	9.80e-17	1.98e-69
 1.31016e+14	4.16e-23	1.75e-16	9.75e-11	5.85e-06	9.98e-01	2.44e-03	0.00e+00	0.00e+00	0.00e+00	0.00e+00	5.80e-17	1.17e-16	3.70e-69
 1.35245e+14	5.32e-23	2.11e-16	1.11e-10	6.24e-06	9.98e-01	2.29e-03	0.00e+00	0.00e+00	0.00e+00	0.00e+00	6.99e-17	1.41e-16	7.24e-69
 1.40402e+14	7.12e-23	2.63e-16	1.29e-10	6.75e-06	9.98e-01	2.12e-03	0.00e+00	0.00e+00	0.00e+00	0.00e+00	8.72e-17	1.76e-16	1.60e-68
 1.45620e+14	9.46e-23	3.26e-16	1.49e-10	7.27e-06	9.98e-01	1.96e-03	0.00e+00	0.00e+00	0.00e+00	0.00e+00	1.08e-16	2.18e-16	3.46e-68
 1.50320e+14	1.21e-22	3.93e-16	1.70e-10	7.77e-06	9.98e-01	1.84e-03	0.00e+00	0.00e+00	0.00e+00	0.00e+00	1.31e-16	2.63e-16	6.79e-68
 1.55494e+14	1.58e-22	4.80e-16	1.95e-10	8.33e-06	9.98e-01	1.72e-03	0.00e+00	0.00e+00	0.00e+00	0.00e+00	1.59e-16	3.21e-16	1.39e-67
 1.61603e+14	2.13e-22	6.03e-16	2.28e-10	9.03e-06	9.98e-01	1.59e-03	0.00e+00	0.00e+00	0.00e+00	0.00e+00	2.00e-16	4.03e-16	3.14e-67
 1.67620e+14	2.83e-22	7.49e-16	2.64e-10	9.74e-06	9.99e-01	1.47e-03	0.00e+00	0.00e+00	0.00e+00	0.00e+00	2.49e-16	5.01e-16	6.82e-67
 1.73162e+14	3.65e-22	9.08e-16	3.01e-10	1.04e-05	9.99e-01	1.38e-03	0.00e+00	0.00e+00	0.00e+00	0.00e+00	3.01e-16	6.07e-16	1.36e-66
 1.79391e+14	4.81e-22	1.12e-15	3.47e-10	1.12e-05	9.99e-01	1.28e-03	0.00e+00	0.00e+00	0.00e+00	0.00e+00	3.71e-16	7.48e-16	2.88e-66
 1.86585e+14	6.54e-22	1.41e-15	4.07e-10	1.22e-05	9.99e-01	1.18e-03	0.00e+00	0.00e+00	0.00e+00	0.00e+00	4.69e-16	9.44e-16	6.64e-66
 1.93628e+14	8.74e-22	1.76e-15	4.73e-10	1.31e-05	9.99e-01	1.09e-03	0.00e+00	0.00e+00	0.00e+00	0.00e+00	5.84e-16	1.18e-15	1.46e-65
 2.00357e+14	1.14e-21	2.16e-15	5.43e-10	1.41e-05	9.99e-01	1.02e-03	0.00e+00	0.00e+00	0.00e+00	0.00e+00	7.15e-16	1.44e-15	3.03e-65
 2.07806e+14	1.52e-21	2.68e-15	6.29e-10	1.52e-05	9.99e-01	9.47e-04	0.00e+00	0.00e+00	0.00e+00	0.00e+00	8.87e-16	1.79e-15	6.61e-65
 2.16149e+14	2.07e-21	3.38e-15	7.37e-10	1.65e-05	9.99e-01	8.74e-04	0.00e+00	0.00e+00	0.00e+00	0.00e+00	1.12e-15	2.26e-15	1.53e-64
 2.24585e+14	2.79e-21	4.24e-15	8.60e-10	1.78e-05	9.99e-01	8.09e-04	0.00e+00	0.00e+00	0.00e+00	0.00e+00	1.41e-15	2.83e-15	3.48e-64
 2.32677e+14	3.68e-21	5.23e-15	9.92e-10	1.91e-05	9.99e-01	7.52e-04	0.00e+00	0.00e+00	0.00e+00	0.00e+00	1.73e-15	3.49e-15	7.42e-64
 2.41332e+14	4.91e-21	6.49e-15	1.15e-09	2.06e-05	9.99e-01	6.98e-04	0.00e+00	0.00e+00	0.00e+00	0.00e+00	2.15e-15	4.34e-15	1.62e-63
 2.51015e+14	6.68e-21	8.20e-15	1.35e-09	2.24e-05	9.99e-01	6.45e-04	0.00e+00	0.00e+00	0.00e+00	0.00e+00	2.72e-15	5.48e-15	3.78e-63
 2.60256e+14	8.88e-21	1.02e-14	1.56e-09	2.41e-05	9.99e-01	5.99e-04	0.00e+00	0.00e+00	0.00e+00	0.00e+00	3.37e-15	6.79e-15	8.24e-63
 2.68747e+14	1.14e-20	1.23e-14	1.77e-09	2.57e-05	9.99e-01	5.61e-04	0.00e+00	0.00e+00	0.00e+00	0.00e+00	4.08e-15	8.22e-15	1.64e-62
 2.78374e+14	1.51e-20	1.51e-14	2.04e-09	2.76e-05	9.99e-01	5.23e-04	0.00e+00	0.00e+00	0.00e+00	0.00e+00	5.02e-15	1.01e-14	3.51e-62
 2.88435e+14	1.99e-20	1.87e-14	2.35e-09	2.96e-05	9.99e-01	4.86e-04	0.00e+00	0.00e+00	0.00e+00	0.00e+00	6.20e-15	1.25e-14	7.54e-62
 2.97005e+14	2.51e-20	2.23e-14	2.64e-09	3.14e-05	1.00e+00	4.59e-04	0.00e+00	0.00e+00	0.00e+00	0.00e+00	7.38e-15	1.49e-14	1.42e-61
 3.06090e+14	3.18e-20	2.66e-14	2.98e-09	3.34e-05	1.00e+00	4.31e-04	0.00e+00	0.00e+00	0.00e+00	0.00e+00	8.82e-15	1.78e-14	2.72e-61
 3.17465e+14	4.25e-20	3.31e-14	3.45e-09	3.60e-05	1.00e+00	4.01e-04	0.00e+00	0.00e+00	0.00e+00	0.00e+00	1.10e-14	2.21e-14	6.00e-61
 3.29194e+14	5.65e-20	4.10e-14	3.99e-09	3.87e-05	1.00e+00	3.72e-04	0.00e+00	0.00e+00	0.00e+00	0.00e+00	1.36e-14	2.74e-14	1.31e-60
 3.39658e+14	7.24e-20	4.94e-14	4.52e-09	4.12e-05	1.00e+00	3.50e-04	0.00e+00	0.00e+00	0.00e+00	0.00e+00	1.64e-14	3.30e-14	2.59e-60
 3.51098e+14	9.39e-20	6.01e-14	5.16e-09	4.41e-05	1.00e+00	3.27e-04	0.00e+00	0.00e+00	0.00e+00	0.00e+00	1.99e-14	4.02e-14	5.29e-60
 3.63909e+14	1.25e-19	7.44e-14	5.95e-09	4.74e-05	1.00e+00	3.04e-04	0.00e+00	0.00e+00	0.00e+00	0.00e+00	2.46e-14	4.98e-14	1.15e-59
 3.75967e+14	1.61e-19	9.03e-14	6.78e-09	5.06e-05	1.00e+00	2.85e-04	0.00e+00	0.00e+00	0.00e+00	0.00e+00	2.99e-14	6.04e-14	2.32e-59
 3.89108e+14	2.11e-19	1.11e-13	7.78e-09	5.43e-05	1.00e+00	2.65e-04	0.00e+00	0.00e+00	0.00e+00	0.00e+00	3.67e-14	7.41e-14	4.90e-59
 4.03665e+14	2.82e-19	1.38e-13	9.02e-09	5.85e-05	1.00e+00	2.46e-04	0.00e+00	0.00e+00	0.00e+00	0.00e+00	4.56e-14	9.21e-14	1.08e-58
 4.17161e+14	3.65e-19	1.67e-13	1.03e-08	6.25e-05	1.00e+00	2.30e-04	0.00e+00	0.00e+00	0.00e+00	0.00e+00	5.54e-14	1.12e-13	2.20e-58
 4.31804e+14	4.79e-19	2.05e-13	1.18e-08	6.70e-05	1.00e+00	2.15e-04	0.00e+00	0.00e+00	0.00e+00	0.00e+00	6.79e-14	1.37e-13	4.61e-58
 4.48160e+14	6.41e-19	2.56e-13	1.37e-08	7.23e-05	1.00e+00	1.99e-04	0.00e+00	0.00e+00	0.00e+00	0.00e+00	8.46e-14	1.71e-13	1.03e-57
 4.63543e+14	8.35e-19	3.13e-13	1.57e-08	7.74e-05	1.00e+00	1.86e-04	0.00e+00	0.00e+00	0.00e+00	0.00e+00	1.03e-13	2.09e-13	2.13e-57
 4.80278e+14	1.10e-18	3.86e-13	1.81e-08	8.32e-05	1.00e+00	1.73e-04	0.00e+00	0.00e+00	0.00e+00	0.00e+00	1.27e-13	2.58e-13	4.57e-57
 4.98915e+14	1.48e-18	4.83e-13	2.11e-08	9.00e-05	1.00e+00	1.60e-04	0.00e+00	0.00e+00	0.00e+00	0.00e+00	1.60e-13	3.23e-13	1.03e-56
 5.16497e+14	1.95e-18	5.93e-13	2.42e-08	9.65e-05	1.00e+00	1.49e-04	0.00e+00	0.00e+00	0.00e+00	0.00e+00	1.96e-13	3.97e-13	2.17e-56
 5.35387e+14	2.57e-18	7.32e-13	2.80e-08	1.04e-04	1.00e+00	1.38e-04	0.00e+00	0.00e+00	0.00e+00	0.00e+00	2.42e-13	4.91e-13	4.65e-56
 5.56833e+14	3.49e-18	9.23e-13	3.28e-08	1.13e-04	1.00e+00	1.27e-04	0.00e+00	0.00e+00	0.00e+00	0.00e+00	3.05e-13	6.18e-13	1.07e-55
 5.77829e+14	4.65e-18	1.15e-12	3.80e-08	1.22e-04	1.00e+00	1.18e-04	0.00e+00	0.00e+00	0.00e+00	0.00e+00	3.79e-13	7.69e-13	2.35e-55
 5.99665e+14	6.19e-18	1.43e-12	4.42e-08	1.31e-04	1.00e+00	1.09e-04	0.00e+00	0.00e+00	0.00e+00	0.00e+00	4.71e-13	9.56e-13	5.16e-55
 6.23681e+14	8.37e-18	1.80e-12	5.18e-08	1.43e-04	1.00e+00	1.01e-04	0.00e+00	0.00e+00	0.00e+00	0.00e+00	5.93e-13	1.20e-12	1.18e-54
 6.47881e+14	1.12e-17	2.24e-12	6.04e-08	1.55e-04	1.00e+00	9.29e-05	0.00e+00	0.00e+00	0.00e+00	0.00e+00	7.40e-13	1.50e-12	2.63e-54
 6.71746e+14	1.48e-17	2.77e-12	6.99e-08	1.67e-04	1.00e+00	8.61e-05	0.00e+00	0.00e+00	0.00e+00	0.00e+00	9.14e-13	1.86e-12	5.60e-54
 6.97343e+14	1.96e-17	3.44e-12	8.13e-08	1.81e-04	1.00e+00	7.95e-05	0.00e+00	0.00e+00	0.00e+00	0.00e+00	1.13e-12	2.31e-12	1.21e-53
 7.21046e+14	2.53e-17	4.19e-12	9.31e-08	1.94e-04	1.00e+00	7.41e-05	0.00e+00	0.00e+00	0.00e+00	0.00e+00	1.38e-12	2.81e-12	2.45e-53
 7.39523e+14	3.05e-17	4.85e-12	1.03e-07	2.05e-04	1.00e+00	7.02e-05	0.00e+00	0.00e+00	0.00e+00	0.00e+00	1.60e-12	3.25e-12	4.12e-53
 7.58988e+14	3.71e-17	5.63e-12	1.15e-07	2.16e-04	1.00e+00	6.64e-05	0.00e+00	0.00e+00	0.00e+00	0.00e+00	1.85e-12	3.78e-12	7.03e-53
 7.84292e+14	4.73e-17	6.80e-12	1.31e-07	2.32e-04	1.00e+00	6.18e-05	0.00e+00	3.91e-18	1.17e-17	1.96e-17	2.24e-12	4.56e-12	1.38e-52
 8.11505e+14	6.09e-17	8.27e-12	1.51e-07	2.50e-04	1.00e+00	5.74e-05	0.00e+00	5.04e-18	1.51e-17	2.53e-17	2.72e-12	5.55e-12	2.77e-52
 8.35787e+14	7.57e-17	9.79e-12	1.70e-07	2.67e-04	1.00e+00	5.39e-05	0.00e+00	6.26e-18	1.88e-17	3.14e-17	3.22e-12	6.57e-12	5.03e-52
 8.61939e+14	9.49e-17	1.17e-11	1.92e-07	2.85e-04	1.00e+00	5.04e-05	0.00e+00	7.86e-18	2.36e-17	3.94e-17	3.84e-12	7.84e-12	9.43e-52
 8.94271e+14	1.24e-16	1.44e-11	2.24e-07	3.09e-04	1.00e+00	4.66e-05	0.00e+00	1.03e-17	3.09e-17	5.16e-17	4.73e-12	9.67e-12	1.99e-51
 9.26894e+14	1.61e-16	1.77e-11	2.59e-07	3.35e-04	1.00e+00	4.31e-05	0.00e+00	1.34e-17	4.01e-17	6.70e-17	5.80e-12	1.19e-11	4.09e-51
 9.55478e+14	2.01e-16	2.10e-11	2.93e-07	3.58e-04	1.00e+00	4.03e-05	0.00e+00	1.66e-17	5.00e-17	8.35e-17	6.89e-12	1.41e-11	7.57e-51
 9.86553e+14	2.52e-16	2.51e-11	3.34e-07	3.85e-04	1.00e+00	3.76e-05	0.00e+00	2.09e-17	6.27e-17	1.05e-16	8.23e-12	1.68e-11	1.43e-50
 1.02421e+15	3.29e-16	3.10e-11	3.89e-07	4.18e-04	1.00e+00	3.46e-05	0.00e+00	2.73e-17	8.21e-17	1.37e-16	1.02e-11	2.08e-11	3.04e-50
 1.06171e+15	4.24e-16	3.79e-11	4.51e-07	4.53e-04	1.00e+00	3.20e-05	0.00e+00	3.53e-17	1.06e-16	1.77e-16	1.24e-11	2.54e-11	6.22e-50
 1.09498e+15	5.28e-16	4.50e-11	5.11e-07	4.86e-04	9.99e-01	2.99e-05	0.00e+00	4.40e-17	1.32e-16	2.21e-16	1.48e-11	3.03e-11	1.16e-49
 1.13146e+15	6.62e-16	5.40e-11	5.85e-07	5.23e-04	9.99e-01	2.78e-05	0.00e+00	5.52e-17	1.66e-16	2.77e-16	1.77e-11	3.62e-11	2.22e-49
 1.17513e+15	8.62e-16	6.66e-11	6.82e-07	5.70e-04	9.99e-01	2.56e-05	0.00e+00	7.19e-17	2.16e-16	3.61e-16	2.18e-11	4.47e-11	4.75e-49
 1.21844e+15	1.11e-15	8.12e-11	7.91e-07	6.19e-04	9.99e-01	2.36e-05	0.00e+00	9.24e-17	2.77e-16	4.64e-16	2.66e-11	5.46e-11	9.78e-49
 1.25758e+15	1.37e-15	9.66e-11	8.99e-07	6.65e-04	9.99e-01	2.20e-05	0.00e+00	1.15e-16	3.44e-16	5.75e-16	3.17e-11	6.49e-11	1.83e-48
 1.30102e+15	1.73e-15	1.16e-10	1.03e-06	7.19e-04	9.99e-01	2.04e-05	0.00e+00	1.45e-16	4.35e-16	7.27e-16	3.82e-11	7.82e-11	3.63e-48
 1.35210e+15	2.25e-15	1.44e-10	1.21e-06	7.85e-04	9.99e-01	1.88e-05	0.00e+00	1.88e-16	5.65e-16	9.45e-16	4.71e-11	9.65e-11	7.86e-48
 1.40242e+15	2.87e-15	1.75e-10	1.40e-06	8.53e-04	9.99e-01	1.73e-05	0.00e+00	2.41e-16	7.24e-16	1.21e-15	5.74e-11	1.18e-10	1.64e-47
 1.44911e+15	3.58e-15	2.09e-10	1.60e-06	9.19e-04	9.99e-01	1.61e-05	0.00e+00	3.00e-16	9.02e-16	1.51e-15	6.86e-11	1.41e-10	3.17e-47
 1.50147e+15	4.53e-15	2.53e-10	1.84e-06	9.96e-04	9.99e-01	1.49e-05	0.00e+00	3.81e-16	1.15e-15	1.91e-15	8.31e-11	1.70e-10	6.50e-47
 1.56156e+15	5.88e-15	3.13e-10	2.16e-06	1.09e-03	9.99e-01	1.37e-05	0.00e+00	4.96e-16	1.49e-15	2.49e-15	1.03e-10	2.11e-10	1.44e-46
 1.62065e+15	7.52e-15	3.83e-10	2.51e-06	1.19e-03	9.99e-01	1.27e-05	0.00e+00	6.35e-16	1.91e-15	3.18e-15	1.26e-10	2.57e-10	3.07e-46
 1.68210e+15	9.38e-15	4.68e-10	2.91e-06	1.29e-03	9.99e-01	1.17e-05	0.00e+00	7.93e-16	2.38e-15	3.97e-15	1.54e-10	3.14e-10	6.51e-46
 1.74942e+15	1.21e-14	5.78e-10	3.41e-06	1.41e-03	9.99e-01	1.08e-05	0.00e+00	1.02e-15	3.07e-15	5.13e-15	1.90e-10	3.89e-10	1.45e-45
 1.81775e+15	1.55e-14	7.11e-10	3.97e-06	1.54e-03	9.98e-01	9.92e-06	0.00e+00	1.31e-15	3.94e-15	6.58e-15	2.33e-10	4.78e-10	3.20e-45
 1.87539e+15	1.89e-14	8.40e-10	4.50e-06	1.66e-03	9.98e-01	9.28e-06	0.00e+00	1.60e-15	4.81e-15	8.03e-15	2.76e-10	5.64e-10	6.07e-45
 1.91997e+15	2.19e-14	9.52e-10	4.95e-06	1.75e-03	9.98e-01	8.84e-06	0.00e+00	1.86e-15	5.58e-15	9.31e-15	3.13e-10	6.39e-10	9.82e-45
 1.96816e+15	2.58e-14	1.09e-09	5.46e-06	1.85e-03	9.98e-01	8.41e-06	0.00e+00	2.19e-15	6.57e-15	1.10e-14	3.58e-10	7.32e-10	1.65e-44
 2.03082e+15	3.15e-14	1.29e-09	6.19e-06	1.98e-03	9.98e-01	7.88e-06	0.00e+00	2.68e-15	8.04e-15	1.34e-14	4.24e-10	8.67e-10	3.22e-44
 2.09878e+15	3.88e-14	1.54e-09	7.06e-06	2.14e-03	9.98e-01	7.38e-06	0.00e+00	3.30e-15	9.92e-15	1.66e-14	5.06e-10	1.04e-09	6.48e-44
 2.16022e+15	4.65e-14	1.80e-09	7.92e-06	2.28e-03	9.98e-01	6.96e-06	0.00e+00	3.97e-15	1.19e-14	1.99e-14	5.92e-10	1.21e-09	1.20e-43
 2.22667e+15	5.64e-14	2.12e-09	8.93e-06	2.45e-03	9.98e-01	6.56e-06	0.00e+00	4.81e-15	1.44e-14	2.41e-14	6.97e-10	1.42e-09	2.29e-43
 2.30953e+15	7.10e-14	2.59e-09	1.03e-05	2.66e-03	9.97e-01	6.11e-06	0.00e+00	6.07e-15	1.82e-14	3.04e-14	8.50e-10	1.74e-09	5.10e-43
 2.39298e+15	8.86e-14	3.13e-09	1.19e-05	2.88e-03	9.97e-01	5.71e-06	0.00e+00	7.58e-15	2.28e-14	3.80e-14	1.03e-09	2.10e-09	1.09e-42
 2.46521e+15	1.07e-13	3.68e-09	1.34e-05	3.08e-03	9.97e-01	5.41e-06	0.00e+00	9.15e-15	2.75e-14	4.59e-14	1.21e-09	2.47e-09	2.07e-42
 2.54361e+15	1.30e-13	4.36e-09	1.52e-05	3.30e-03	9.97e-01	5.10e-06	0.00e+00	1.11e-14	3.34e-14	5.58e-14	1.43e-09	2.93e-09	4.06e-42
 2.63970e+15	1.64e-13	5.34e-09	1.76e-05	3.59e-03	9.96e-01	4.77e-06	0.00e+00	1.41e-14	4.22e-14	7.05e-14	1.76e-09	3.58e-09	9.05e-42
 2.73793e+15	2.05e-13	6.52e-09	2.03e-05	3.90e-03	9.96e-01	4.49e-06	0.00e+00	1.76e-14	5.29e-14	8.83e-14	2.15e-09	4.38e-09	2.00e-41
 2.82645e+15	2.50e-13	7.75e-09	2.31e-05	4.19e-03	9.96e-01	4.25e-06	0.00e+00	2.15e-14	6.45e-14	1.08e-13	2.55e-09	5.20e-09	3.96e-41
 2.92321e+15	3.07e-13	9.32e-09	2.64e-05	4.51e-03	9.95e-01	4.02e-06	0.00e+00	2.65e-14	7.95e-14	1.33e-13	3.07e-09	6.25e-09	8.10e-41
 3.03747e+15	3.88e-13	1.15e-08	3.07e-05	4.92e-03	9.95e-01	3.79e-06	0.00e+00	3.35e-14	1.00e-13	1.68e-13	3.79e-09	7.72e-09	1.85e-40
 3.14986e+15	4.84e-13	1.41e-08	3.55e-05	5.34e-03	9.95e-01	3.59e-06	0.00e+00	4.19e-14	1.26e-13	2.10e-13	4.64e-09	9.44e-09	4.06e-40
 3.25331e+15	5.91e-13	1.69e-08	4.03e-05	5.73e-03	9.94e-01	3.43e-06	0.00e+00	5.11e-14	1.53e-13	2.56e-13	5.55e-09	1.13e-08	8.15e-40
 3.36972e+15	7.32e-13	2.04e-08	4.64e-05	6.20e-03	9.94e-01	3.26e-06	0.00e+00	6.34e-14	1.90e-13	3.18e-13	6.73e-09	1.37e-08	1.74e-39
 3.50425e+15	9.31e-13	2.54e-08	5.42e-05	6.77e-03	9.93e-01	3.09e-06	0.00e+00	8.07e-14	2.42e-13	4.04e-13	8.37e-09	1.70e-08	4.03e-39
 3.63626e+15	1.16e-12	3.12e-08	6.28e-05	7.35e-03	9.93e-01	2.95e-06	0.00e+00	1.01e-13	3.03e-13	5.06e-13	1.03e-08	2.09e-08	8.90e-39
 3.76264e+15	1.42e-12	3.78e-08	7.20e-05	7.94e-03	9.92e-01	2.85e-06	0.00e+00	1.23e-13	3.69e-13	6.16e-13	1.25e-08	2.53e-08	1.85e-38
 3.90227e+15	1.78e-12	4.63e-08	8.32e-05	8.60e-03	9.91e-01	2.73e-06	0.00e+00	1.55e-13	4.64e-13	7.74e-13	1.53e-08	3.10e-08	3.98e-38
 4.05839e+15	2.24e-12	5.76e-08	9.73e-05	9.39e-03	9.91e-01	2.62e-06	0.00e+00	1.95e-13	5.86e-13	9.78e-13	1.90e-08	3.86e-08	9.10e-38
 4.19082e+15	2.70e-12	6.90e-08	1.11e-04	1.01e-02	9.90e-01	2.55e-06	0.00e+00	2.35e-13	7.06e-13	1.18e-12	2.28e-08	4.62e-08	1.78e-37
 4.28798e+15	3.09e-12	7.84e-08	1.21e-04	1.06e-02	9.89e-01	2.51e-06	0.00e+00	2.70e-13	8.09e-13	1.35e-12	2.59e-08	5.25e-08	2.87e-37
 4.38993e+15	3.57e-12	8.95e-08	1.33e-04	1.12e-02	9.89e-01	2.46e-06	0.00e+00	3.12e-13	9.36e-13	1.56e-12	2.96e-08	5.99e-08	4.71e-37
 4.52247e+15	4.30e-12	1.06e-07	1.50e-04	1.19e-02	9.88e-01	2.39e-06	0.00e+00	3.76e-13	1.13e-12	1.88e-12	3.49e-08	7.08e-08	8.79e-37
 4.66936e+15	5.21e-12	1.27e-07	1.70e-04	1.28e-02	9.87e-01	2.33e-06	0.00e+00	4.56e-13	1.37e-12	2.28e-12	4.18e-08	8.47e-08	1.69e-36
 4.80588e+15	6.20e-12	1.49e-07	1.91e-04	1.37e-02	9.86e-01	2.29e-06	0.00e+00	5.43e-13	1.63e-12	2.72e-12	4.92e-08	9.97e-08	3.06e-36
 4.95428e+15	7.47e-12	1.77e-07	2.16e-04	1.46e-02	9.85e-01	2.24e-06	0.00e+00	6.55e-13	1.96e-12	3.28e-12	5.84e-08	1.18e-07	5.74e-36
 5.12073e+15	9.10e-12	2.13e-07	2.47e-04	1.57e-02	9.84e-01	2.20e-06	0.00e+00	7.99e-13	2.40e-12	4.00e-12	7.04e-08	1.43e-07	1.12e-35
 5.27872e+15	1.10e-11	2.53e-07	2.79e-04	1.68e-02	9.83e-01	2.17e-06	0.00e+00	9.63e-13	2.89e-12	4.82e-12	8.38e-08	1.70e-07	2.09e-35
 5.45218e+15	1.34e-11	3.05e-07	3.18e-04	1.81e-02	9.82e-01	2.13e-06	0.00e+00	1.18e-12	3.53e-12	5.89e-12	1.01e-07	2.04e-07	4.08e-35
 5.64583e+15	1.66e-11	3.72e-07	3.66e-04	1.96e-02	9.80e-01	2.10e-06	0.00e+00	1.46e-12	4.38e-12	7.31e-12	1.23e-07	2.49e-07	8.25e-35
 5.82792e+15	2.02e-11	4.46e-07	4.16e-04	2.10e-02	9.79e-01	2.07e-06	0.00e+00	1.78e-12	5.34e-12	8.91e-12	1.48e-07	2.99e-07	1.56e-34
 6.02681e+15	2.50e-11	5.42e-07	4.77e-04	2.27e-02	9.77e-01	2.05e-06	0.00e+00	2.21e-12	6.62e-12	1.10e-11	1.79e-07	3.62e-07	3.08e-34
 6.24517e+15	3.12e-11	6.64e-07	5.51e-04	2.46e-02	9.75e-01	2.02e-06	0.00e+00	2.75e-12	8.25e-12	1.38e-11	2.20e-07	4.44e-07	6.23e-34
 6.44672e+15	3.80e-11	7.98e-07	6.27e-04	2.64e-02	9.73e-01	2.00e-06	0.00e+00	3.36e-12	1.01e-11	1.68e-11	2.64e-07	5.33e-07	1.17e-33
 6.66658e+15	4.73e-11	9.70e-07	7.20e-04	2.85e-02	9.71e-01	2.00e-06	0.00e+00	4.18e-12	1.26e-11	2.09e-11	3.21e-07	6.49e-07	2.29e-33
 6.90929e+15	5.91e-11	1.19e-06	8.33e-04	3.09e-02	9.68e-01	1.97e-06	0.00e+00	5.23e-12	1.57e-11	2.62e-11	3.95e-07	7.97e-07	4.58e-33
 7.13713e+15	7.26e-11	1.44e-06	9.52e-04	3.33e-02	9.66e-01	1.95e-06	0.00e+00	6.43e-12	1.93e-11	3.22e-11	4.76e-07	9.61e-07	8.37e-33
 7.38874e+15	9.11e-11	1.76e-06	1.10e-03	3.61e-02	9.63e-01	1.94e-06	0.00e+00	8.08e-12	2.42e-11	4.04e-11	5.84e-07	1.18e-06	1.67e-32
 7.66568e+15	1.16e-10	2.18e-06	1.28e-03	3.94e-02	9.59e-01	1.93e-06	0.00e+00	1.03e-11	3.08e-11	5.13e-11	7.24e-07	1.46e-06	3.37e-32
 7.90964e+15	1.41e-10	2.62e-06	1.46e-03	4.23e-02	9.56e-01	1.92e-06	0.00e+00	1.26e-11	3.77e-11	6.29e-11	8.68e-07	1.75e-06	6.05e-32
 8.12737e+15	1.69e-10	3.07e-06	1.64e-03	4.51e-02	9.53e-01	1.92e-06	0.00e+00	1.50e-11	4.51e-11	7.52e-11	1.02e-06	2.05e-06	1.01e-31
 8.33891e+15	2.00e-10	3.57e-06	1.82e-03	4.79e-02	9.50e-01	1.90e-06	0.00e+00	1.78e-11	5.35e-11	8.93e-11	1.18e-06	2.39e-06	1.64e-31
 8.57591e+15	2.41e-10	4.22e-06	2.06e-03	5.12e-02	9.47e-01	1.89e-06	0.00e+00	2.15e-11	6.45e-11	1.08e-10	1.40e-06	2.82e-06	2.82e-31
 8.83064e+15	2.93e-10	5.01e-06	2.33e-03	5.50e-02	9.43e-01	1.88e-06	0.00e+00	2.62e-11	7.85e-11	1.31e-10	1.66e-06	3.35e-06	4.83e-31
 9.06005e+15	3.50e-10	5.84e-06	2.60e-03	5.85e-02	9.39e-01	1.87e-06	0.00e+00	3.12e-11	9.37e-11	1.56e-10	1.94e-06	3.90e-06	7.72e-31
 9.30996e+15	4.21e-10	6.89e-06	2.93e-03	6.25e-02	9.35e-01	1.86e-06	0.00e+00	3.76e-11	1.13e-10	1.88e-10	2.29e-06	4.60e-06	1.30e-30
 9.58630e+15	5.12e-10	8.20e-06	3.33e-03	6.71e-02	9.30e-01	1.84e-06	0.00e+00	4.59e-11	1.38e-10	2.29e-10	2.72e-06	5.48e-06	2.23e-30
 9.84688e+15	6.22e-10	9.65e-06	3.75e-03	7.18e-02	9.24e-01	1.84e-06	0.00e+00	5.57e-11	1.67e-10	2.79e-10	3.20e-06	6.44e-06	3.62e-30
 1.01355e+16	7.64e-10	1.16e-05	4.27e-03	7.71e-02	9.19e-01	1.83e-06	0.00e+00	6.85e-11	2.06e-10	3.43e-10	3.84e-06	7.72e-06	6.28e-30
 1.04493e+16	9.43e-10	1.39e-05	4.90e-03	8.33e-02	9.12e-01	1.81e-06	0.00e+00	8.46e-11	2.54e-10	4.23e-10	4.62e-06	9.29e-06	1.09e-29
 1.07397e+16	1.15e-09	1.65e-05	5.56e-03	8.94e-02	9.05e-01	1.80e-06	0.00e+00	1.04e-10	3.11e-10	5.19e-10	5.48e-06	1.10e-05	1.78e-29
 1.10109e+16	1.38e-09	1.93e-05	6.24e-03	9.53e-02	8.98e-01	1.79e-06	0.00e+00	1.24e-10	3.73e-10	6.22e-10	6.40e-06	1.29e-05	2.81e-29
 1.13135e+16	1.71e-09	2.30e-05	7.12e-03	1.02e-01	8.90e-01	1.78e-06	0.00e+00	1.54e-10	4.62e-10	7.70e-10	7.65e-06	1.54e-05	4.73e-29
 1.16411e+16	2.13e-09	2.76e-05	8.17e-03	1.11e-01	8.81e-01	1.77e-06	0.00e+00	1.93e-10	5.78e-10	9.63e-10	9.19e-06	1.85e-05	7.94e-29
 1.19332e+16	2.58e-09	3.24e-05	9.23e-03	1.18e-01	8.73e-01	1.77e-06	0.00e+00	2.33e-10	7.00e-10	1.17e-09	1.08e-05	2.17e-05	1.24e-28
 1.22453e+16	3.18e-09	3.87e-05	1.05e-02	1.27e-01	8.62e-01	1.75e-06	0.00e+00	2.88e-10	8.63e-10	1.44e-09	1.29e-05	2.59e-05	2.05e-28
 1.25850e+16	4.00e-09	4.67e-05	1.21e-02	1.37e-01	8.51e-01	1.74e-06	0.00e+00	3.62e-10	1.09e-09	1.81e-09	1.55e-05	3.11e-05	3.43e-28
 1.28750e+16	4.82e-09	5.44e-05	1.37e-02	1.46e-01	8.40e-01	1.74e-06	0.00e+00	4.36e-10	1.31e-09	2.18e-09	1.81e-05	3.63e-05	5.16e-28
 1.31225e+16	5.68e-09	6.22e-05	1.52e-02	1.54e-01	8.30e-01	1.73e-06	0.00e+00	5.15e-10	1.54e-09	2.57e-09	2.07e-05	4.15e-05	7.43e-28
 1.34004e+16	6.84e-09	7.28e-05	1.71e-02	1.64e-01	8.19e-01	1.72e-06	0.00e+00	6.21e-10	1.86e-09	3.11e-09	2.42e-05	4.86e-05	1.14e-27
 1.37098e+16	8.52e-09	8.64e-05	1.95e-02	1.76e-01	8.04e-01	1.72e-06	0.00e+00	7.74e-10	2.32e-09	3.87e-09	2.88e-05	5.77e-05	1.82e-27
 1.39917e+16	1.01e-08	1.00e-04	2.20e-02	1.87e-01	7.91e-01	1.71e-06	0.00e+00	9.23e-10	2.77e-09	4.61e-09	3.34e-05	6.70e-05	2.68e-27
 1.42464e+16	1.21e-08	1.16e-04	2.45e-02	1.98e-01	7.77e-01	1.70e-06	0.00e+00	1.10e-09	3.30e-09	5.50e-09	3.85e-05	7.72e-05	3.92e-27
 1.44944e+16	1.44e-08	1.33e-04	2.74e-02	2.09e-01	7.63e-01	1.70e-06	0.00e+00	1.31e-09	3.93e-09	6.56e-09	4.43e-05	8.88e-05	5.67e-27
 1.47772e+16	1.79e-08	1.58e-04	3.12e-02	2.23e-01	7.46e-01	1.71e-06	0.00e+00	1.64e-09	4.91e-09	8.18e-09	5.25e-05	1.05e-04	9.06e-27
 1.50769e+16	2.20e-08	1.87e-04	3.56e-02	2.38e-01	7.26e-01	1.70e-06	0.00e+00	2.01e-09	6.02e-09	1.00e-08	6.21e-05	1.24e-04	1.39e-26
 1.53364e+16	2.65e-08	2.17e-04	4.01e-02	2.52e-01	7.08e-01	1.70e-06	0.00e+00	2.43e-09	7.28e-09	1.21e-08	7.22e-05	1.45e-04	2.06e-26
 1.55712e+16	3.22e-08	2.51e-04	4.49e-02	2.65e-01	6.89e-01	1.72e-06	0.00e+00	2.94e-09	8.83e-09	1.47e-08	8.35e-05	1.67e-04	3.04e-26
 1.57975e+16	3.79e-08	2.87e-04	5.00e-02	2.79e-01	6.71e-01	1.72e-06	2.73e-12	3.47e-09	1.04e-08	1.73e-08	9.55e-05	1.91e-04	4.31e-26
 1.60530e+16	4.72e-08	3.40e-04	5.69e-02	2.96e-01	6.47e-01	1.73e-06	0.00e+00	4.32e-09	1.30e-08	2.16e-08	1.13e-04	2.27e-04	6.95e-26
 1.63214e+16	5.82e-08	4.01e-04	6.49e-02	3.14e-01	6.21e-01	1.74e-06	0.00e+00	5.33e-09	1.60e-08	2.66e-08	1.33e-04	2.67e-04	1.06e-25
 1.65493e+16	7.11e-08	4.67e-04	7.30e-02	3.30e-01	5.96e-01	1.79e-06	0.00e+00	6.53e-09	1.96e-08	3.26e-08	1.56e-04	3.11e-04	1.62e-25
 1.67491e+16	8.46e-08	5.34e-04	8.11e-02	3.46e-01	5.73e-01	1.80e-06	3.57e-12	7.77e-09	2.33e-08	3.88e-08	1.78e-04	3.56e-04	2.34e-25
 1.69699e+16	1.03e-07	6.13e-04	9.12e-02	3.63e-01	5.45e-01	1.80e-06	0.00e+00	9.45e-09	2.83e-08	4.72e-08	2.04e-04	4.09e-04	3.35e-25
 1.72080e+16	1.27e-07	7.37e-04	1.04e-01	3.83e-01	5.12e-01	1.83e-06	0.00e+00	1.17e-08	3.52e-08	5.86e-08	2.45e-04	4.91e-04	5.70e-25
 1.74065e+16	1.54e-07	8.49e-04	1.16e-01	4.00e-01	4.83e-01	1.87e-06	4.62e-12	1.41e-08	4.24e-08	7.06e-08	2.83e-04	5.66e-04	8.51e-25
 1.75683e+16	1.83e-07	9.64e-04	1.28e-01	4.14e-01	4.57e-01	1.94e-06	0.00e+00	1.68e-08	5.05e-08	8.41e-08	3.21e-04	6.43e-04	1.24e-24
 1.77441e+16	2.17e-07	1.08e-03	1.42e-01	4.30e-01	4.27e-01	1.94e-06	5.67e-12	2.00e-08	6.01e-08	1.00e-07	3.61e-04	7.23e-04	1.72e-24
 1.79364e+16	2.66e-07	1.26e-03	1.58e-01	4.48e-01	3.92e-01	1.97e-06	0.00e+00	2.46e-08	7.37e-08	1.23e-07	4.19e-04	8.38e-04	2.67e-24
 1.81014e+16	3.21e-07	1.47e-03	1.76e-01	4.63e-01	3.60e-01	2.09e-06	7.89e-12	2.97e-08	8.89e-08	1.48e-07	4.89e-04	9.78e-04	4.46e-24
 1.82289e+16	3.68e-07	1.62e-03	1.90e-01	4.75e-01	3.34e-01	2.11e-06	0.00e+00	3.40e-08	1.02e-07	1.70e-07	5.40e-04	1.08e-03	6.03e-24
 1.83563e+16	4.27e-07	1.78e-03	2.05e-01	4.87e-01	3.07e-01	2.11e-06	9.53e-12	3.95e-08	1.18e-07	1.97e-07	5.94e-04	1.19e-03	8.10e-24
 1.85219e+16	5.32e-07	2.10e-03	2.27e-01	5.01e-01	2.69e-01	2.18e-06	0.00e+00	4.92e-08	1.48e-07	2.46e-07	7.00e-04	1.40e-03	1.47e-23
