#depth	O	O+	O+2	O+3	O+4	O+5	O+6	O+7	O+8	O[1]	O[2]	O[3]
 1.49634e+10	6.28e-28	3.74e-15	4.62e-06	4.88e-01	5.12e-01	0.00e+00	0.00e+00	0.00e+00	0.00e+00	0.00e+00	0.00e+00	0.00e+00
 4.54887e+10	8.24e-28	4.55e-15	5.20e-06	5.08e-01	4.92e-01	1.51e-07	0.00e+00	0.00e+00	0.00e+00	0.00e+00	0.00e+00	0.00e+00
 7.72350e+10	1.08e-27	5.52e-15	5.84e-06	5.27e-01	4.73e-01	0.00e+00	0.00e+00	0.00e+00	0.00e+00	0.00e+00	0.00e+00	0.00e+00
 1.10251e+11	1.41e-27	6.70e-15	6.56e-06	5.47e-01	4.53e-01	0.00e+00	0.00e+00	0.00e+00	0.00e+00	0.00e+00	0.00e+00	0.00e+00
 1.44588e+11	1.85e-27	8.11e-15	7.34e-06	5.66e-01	4.34e-01	0.00e+00	0.00e+00	0.00e+00	0.00e+00	0.00e+00	0.00e+00	0.00e+00
 1.80298e+11	2.41e-27	9.81e-15	8.21e-06	5.86e-01	4.14e-01	0.00e+00	0.00e+00	0.00e+00	0.00e+00	0.00e+00	0.00e+00	0.00e+00
 2.17437e+11	3.14e-27	1.18e-14	9.17e-06	6.05e-01	3.95e-01	0.00e+00	0.00e+00	0.00e+00	0.00e+00	0.00e+00	0.00e+00	0.00e+00
 2.56061e+11	4.09e-27	1.43e-14	1.02e-05	6.23e-01	3.77e-01	0.00e+00	0.00e+00	0.00e+00	0.00e+00	0.00e+00	0.00e+00	0.00e+00
 2.96231e+11	5.31e-27	1.72e-14	1.14e-05	6.42e-01	3.58e-01	0.00e+00	0.00e+00	0.00e+00	0.00e+00	0.00e+00	0.00e+00	0.00e+00
 3.38007e+11	6.88e-27	2.07e-14	1.27e-05	6.60e-01	3.40e-01	0.00e+00	0.00e+00	0.00e+00	0.00e+00	0.00e+00	0.00e+00	0.00e+00
 3.81454e+11	8.91e-27	2.48e-14	1.41e-05	6.77e-01	3.23e-01	0.00e+00	0.00e+00	0.00e+00	0.00e+00	0.00e+00	0.00e+00	0.00e+00
 4.26639e+11	1.15e-26	2.97e-14	1.56e-05	6.94e-01	3.06e-01	0.00e+00	0.00e+00	0.00e+00	0.00e+00	0.00e+00	0.00e+00	0.00e+00
 4.73631e+11	1.49e-26	3.56e-14	1.73e-05	7.11e-01	2.89e-01	0.00e+00	0.00e+00	0.00e+00	0.00e+00	0.00e+00	0.00e+00	0.00e+00
 5.22503e+11	1.91e-26	4.26e-14	1.91e-05	7.27e-01	2.73e-01	0.00e+00	0.00e+00	0.00e+00	0.00e+00	0.00e+00	0.00e+00	0.00e+00
 5.73330e+11	2.46e-26	5.08e-14	2.11e-05	7.42e-01	2.58e-01	0.00e+00	0.00e+00	0.00e+00	0.00e+00	0.00e+00	0.00e+00	0.00e+00
 6.26190e+11	3.17e-26	6.06e-14	2.33e-05	7.57e-01	2.43e-01	0.00e+00	0.00e+00	0.00e+00	0.00e+00	0.00e+00	0.00e+00	0.00e+00
 6.81164e+11	4.06e-26	7.23e-14	2.57e-05	7.71e-01	2.29e-01	0.00e+00	0.00e+00	0.00e+00	0.00e+00	0.00e+00	0.00e+00	0.00e+00
 7.38337e+11	5.21e-26	8.60e-14	2.83e-05	7.85e-01	2.15e-01	0.00e+00	0.00e+00	0.00e+00	0.00e+00	0.00e+00	0.00e+00	0.00e+00
 7.97798e+11	6.67e-26	1.02e-13	3.11e-05	7.98e-01	2.02e-01	0.00e+00	0.00e+00	0.00e+00	0.00e+00	0.00e+00	0.00e+00	0.00e+00
 8.59636e+11	8.52e-26	1.21e-13	3.42e-05	8.10e-01	1.90e-01	0.00e+00	0.00e+00	0.00e+00	0.00e+00	0.00e+00	0.00e+00	0.00e+00
 9.23949e+11	1.09e-25	1.44e-13	3.75e-05	8.22e-01	1.78e-01	0.00e+00	0.00e+00	0.00e+00	0.00e+00	0.00e+00	0.00e+00	0.00e+00
 9.90833e+11	1.39e-25	1.71e-13	4.12e-05	8.33e-01	1.67e-01	0.00e+00	0.00e+00	0.00e+00	0.00e+00	0.00e+00	0.00e+00	0.00e+00
 1.06039e+12	1.77e-25	2.03e-13	4.51e-05	8.44e-01	1.56e-01	0.00e+00	0.00e+00	0.00e+00	0.00e+00	0.00e+00	0.00e+00	0.00e+00
 1.13274e+12	2.25e-25	2.40e-13	4.94e-05	8.54e-01	1.46e-01	0.00e+00	0.00e+00	0.00e+00	0.00e+00	0.00e+00	0.00e+00	0.00e+00
 1.20797e+12	2.86e-25	2.84e-13	5.41e-05	8.64e-01	1.36e-01	0.00e+00	0.00e+00	0.00e+00	0.00e+00	0.00e+00	0.00e+00	0.00e+00
 1.28622e+12	3.63e-25	3.35e-13	5.92e-05	8.73e-01	1.27e-01	0.00e+00	0.00e+00	0.00e+00	0.00e+00	0.00e+00	0.00e+00	0.00e+00
 1.36759e+12	4.60e-25	3.96e-13	6.47e-05	8.82e-01	1.18e-01	0.00e+00	0.00e+00	0.00e+00	0.00e+00	0.00e+00	0.00e+00	0.00e+00
 1.45222e+12	5.83e-25	4.68e-13	7.07e-05	8.90e-01	1.10e-01	0.00e+00	0.00e+00	0.00e+00	0.00e+00	0.00e+00	0.00e+00	0.00e+00
 1.54024e+12	7.38e-25	5.52e-13	7.72e-05	8.97e-01	1.03e-01	0.00e+00	0.00e+00	0.00e+00	0.00e+00	0.00e+00	0.00e+00	0.00e+00
 1.63178e+12	9.33e-25	6.51e-13	8.43e-05	9.04e-01	9.55e-02	0.00e+00	0.00e+00	0.00e+00	0.00e+00	0.00e+00	0.00e+00	0.00e+00
 1.72697e+12	1.18e-24	7.68e-13	9.20e-05	9.11e-01	8.88e-02	0.00e+00	0.00e+00	0.00e+00	0.00e+00	0.00e+00	0.00e+00	0.00e+00
 1.82598e+12	1.49e-24	9.06e-13	1.00e-04	9.17e-01	8.25e-02	0.00e+00	0.00e+00	0.00e+00	0.00e+00	0.00e+00	0.00e+00	0.00e+00
 1.92895e+12	1.88e-24	1.07e-12	1.09e-04	9.23e-01	7.66e-02	0.00e+00	0.00e+00	0.00e+00	0.00e+00	0.00e+00	0.00e+00	0.00e+00
 2.03603e+12	2.36e-24	1.26e-12	1.19e-04	9.29e-01	7.11e-02	0.00e+00	0.00e+00	0.00e+00	0.00e+00	0.00e+00	0.00e+00	0.00e+00
 2.14740e+12	2.98e-24	1.48e-12	1.30e-04	9.34e-01	6.60e-02	0.00e+00	0.00e+00	0.00e+00	0.00e+00	0.00e+00	0.00e+00	0.00e+00
 2.26322e+12	3.75e-24	1.75e-12	1.42e-04	9.39e-01	6.11e-02	0.00e+00	0.00e+00	0.00e+00	0.00e+00	0.00e+00	0.00e+00	0.00e+00
 2.38368e+12	4.72e-24	2.06e-12	1.54e-04	9.43e-01	5.66e-02	0.00e+00	0.00e+00	0.00e+00	0.00e+00	0.00e+00	0.00e+00	0.00e+00
 2.50895e+12	5.93e-24	2.42e-12	1.68e-04	9.47e-01	5.25e-02	0.00e+00	0.00e+00	0.00e+00	0.00e+00	0.00e+00	0.00e+00	0.00e+00
 2.63924e+12	7.45e-24	2.85e-12	1.83e-04	9.51e-01	4.86e-02	0.00e+00	0.00e+00	0.00e+00	0.00e+00	0.00e+00	0.00e+00	0.00e+00
 2.77473e+12	9.37e-24	3.36e-12	1.99e-04	9.55e-01	4.49e-02	0.00e+00	0.00e+00	0.00e+00	0.00e+00	0.00e+00	0.00e+00	0.00e+00
 2.91565e+12	1.18e-23	3.96e-12	2.17e-04	9.58e-01	4.15e-02	0.00e+00	0.00e+00	0.00e+00	0.00e+00	0.00e+00	0.00e+00	0.00e+00
 3.06220e+12	1.48e-23	4.67e-12	2.37e-04	9.61e-01	3.84e-02	0.00e+00	0.00e+00	0.00e+00	0.00e+00	0.00e+00	0.00e+00	0.00e+00
 3.21461e+12	1.86e-23	5.51e-12	2.58e-04	9.64e-01	3.55e-02	0.00e+00	0.00e+00	0.00e+00	0.00e+00	0.00e+00	0.00e+00	0.00e+00
 3.37313e+12	2.33e-23	6.51e-12	2.81e-04	9.67e-01	3.27e-02	0.00e+00	0.00e+00	0.00e+00	0.00e+00	0.00e+00	0.00e+00	0.00e+00
 3.53798e+12	2.93e-23	7.68e-12	3.06e-04	9.69e-01	3.02e-02	0.00e+00	0.00e+00	0.00e+00	0.00e+00	0.00e+00	0.00e+00	0.00e+00
 3.70942e+12	3.69e-23	9.07e-12	3.34e-04	9.72e-01	2.79e-02	0.00e+00	0.00e+00	0.00e+00	0.00e+00	0.00e+00	0.00e+00	0.00e+00
 3.88773e+12	4.65e-23	1.07e-11	3.64e-04	9.74e-01	2.57e-02	0.00e+00	0.00e+00	0.00e+00	0.00e+00	0.00e+00	0.00e+00	0.00e+00
 4.07316e+12	5.85e-23	1.27e-11	3.97e-04	9.76e-01	2.37e-02	0.00e+00	0.00e+00	0.00e+00	0.00e+00	0.00e+00	0.00e+00	0.00e+00
 4.26602e+12	7.38e-23	1.50e-11	4.33e-04	9.78e-01	2.18e-02	0.00e+00	0.00e+00	0.00e+00	0.00e+00	0.00e+00	0.00e+00	0.00e+00
 4.46658e+12	9.32e-23	1.78e-11	4.72e-04	9.79e-01	2.01e-02	0.00e+00	0.00e+00	0.00e+00	0.00e+00	0.00e+00	0.00e+00	0.00e+00
 4.67517e+12	1.18e-22	2.11e-11	5.16e-04	9.81e-01	1.85e-02	0.00e+00	0.00e+00	0.00e+00	0.00e+00	0.00e+00	0.00e+00	0.00e+00
 4.89211e+12	1.49e-22	2.51e-11	5.63e-04	9.82e-01	1.70e-02	0.00e+00	0.00e+00	0.00e+00	0.00e+00	0.00e+00	0.00e+00	0.00e+00
 5.11772e+12	1.89e-22	2.98e-11	6.15e-04	9.84e-01	1.56e-02	0.00e+00	0.00e+00	0.00e+00	0.00e+00	0.00e+00	0.00e+00	0.00e+00
 5.35235e+12	2.41e-22	3.54e-11	6.72e-04	9.85e-01	1.44e-02	0.00e+00	0.00e+00	0.00e+00	0.00e+00	0.00e+00	0.00e+00	0.00e+00
 5.59638e+12	3.06e-22	4.21e-11	7.35e-04	9.86e-01	1.32e-02	0.00e+00	0.00e+00	0.00e+00	0.00e+00	0.00e+00	0.00e+00	0.00e+00
 5.85016e+12	3.91e-22	5.02e-11	8.04e-04	9.87e-01	1.21e-02	0.00e+00	0.00e+00	0.00e+00	0.00e+00	0.00e+00	0.00e+00	0.00e+00
 6.11409e+12	5.00e-22	5.98e-11	8.79e-04	9.88e-01	1.11e-02	0.00e+00	0.00e+00	0.00e+00	0.00e+00	0.00e+00	0.00e+00	0.00e+00
 6.38858e+12	6.40e-22	7.13e-11	9.62e-04	9.89e-01	1.02e-02	0.00e+00	0.00e+00	0.00e+00	0.00e+00	0.00e+00	0.00e+00	0.00e+00
 6.67405e+12	8.22e-22	8.51e-11	1.05e-03	9.90e-01	9.39e-03	0.00e+00	0.00e+00	0.00e+00	0.00e+00	0.00e+00	0.00e+00	0.00e+00
 6.97094e+12	1.06e-21	1.02e-10	1.15e-03	9.90e-01	8.61e-03	0.00e+00	0.00e+00	0.00e+00	0.00e+00	0.00e+00	0.00e+00	0.00e+00
 7.27970e+12	1.36e-21	1.22e-10	1.26e-03	9.91e-01	7.90e-03	0.00e+00	0.00e+00	0.00e+00	0.00e+00	0.00e+00	0.00e+00	0.00e+00
 7.60082e+12	1.76e-21	1.45e-10	1.38e-03	9.91e-01	7.25e-03	0.00e+00	0.00e+00	0.00e+00	0.00e+00	0.00e+00	0.00e+00	0.00e+00
 7.92680e+12	2.27e-21	1.73e-10	1.51e-03	9.92e-01	6.66e-03	0.00e+00	0.00e+00	0.00e+00	0.00e+00	0.00e+00	0.00e+00	0.00e+00
 8.26582e+12	2.92e-21	2.06e-10	1.65e-03	9.92e-01	6.11e-03	0.00e+00	0.00e+00	0.00e+00	0.00e+00	0.00e+00	0.00e+00	0.00e+00
 8.62638e+12	3.79e-21	2.47e-10	1.81e-03	9.93e-01	5.60e-03	0.00e+00	0.00e+00	0.00e+00	0.00e+00	0.00e+00	0.00e+00	0.00e+00
 9.00136e+12	4.92e-21	2.95e-10	1.98e-03	9.93e-01	5.14e-03	0.00e+00	0.00e+00	0.00e+00	0.00e+00	0.00e+00	0.00e+00	0.00e+00
 9.39134e+12	6.40e-21	3.53e-10	2.17e-03	9.93e-01	4.71e-03	0.00e+00	0.00e+00	0.00e+00	0.00e+00	0.00e+00	0.00e+00	0.00e+00
 9.79692e+12	8.32e-21	4.22e-10	2.37e-03	9.93e-01	4.31e-03	0.00e+00	0.00e+00	0.00e+00	0.00e+00	0.00e+00	0.00e+00	0.00e+00
 1.02187e+13	1.08e-20	5.05e-10	2.60e-03	9.93e-01	3.95e-03	0.00e+00	0.00e+00	0.00e+00	0.00e+00	0.00e+00	0.00e+00	0.00e+00
 1.06574e+13	1.41e-20	6.04e-10	2.84e-03	9.94e-01	3.62e-03	0.00e+00	0.00e+00	0.00e+00	0.00e+00	0.00e+00	0.00e+00	0.00e+00
 1.11136e+13	1.84e-20	7.22e-10	3.11e-03	9.94e-01	3.32e-03	0.00e+00	0.00e+00	0.00e+00	0.00e+00	0.00e+00	0.00e+00	0.00e+00
 1.15881e+13	2.39e-20	8.62e-10	3.41e-03	9.94e-01	3.05e-03	0.00e+00	0.00e+00	0.00e+00	0.00e+00	0.00e+00	0.00e+00	0.00e+00
 1.20816e+13	3.11e-20	1.03e-09	3.73e-03	9.93e-01	2.79e-03	0.00e+00	0.00e+00	0.00e+00	0.00e+00	0.00e+00	0.00e+00	0.00e+00
 1.25947e+13	4.05e-20	1.23e-09	4.07e-03	9.93e-01	2.56e-03	0.00e+00	0.00e+00	0.00e+00	0.00e+00	0.00e+00	0.00e+00	0.00e+00
 1.31285e+13	5.26e-20	1.47e-09	4.45e-03	9.93e-01	2.35e-03	0.00e+00	0.00e+00	0.00e+00	0.00e+00	0.00e+00	0.00e+00	0.00e+00
 1.36835e+13	6.83e-20	1.75e-09	4.87e-03	9.93e-01	2.16e-03	0.00e+00	0.00e+00	0.00e+00	0.00e+00	0.00e+00	0.00e+00	0.00e+00
 1.42608e+13	8.87e-20	2.08e-09	5.32e-03	9.93e-01	1.98e-03	0.00e+00	0.00e+00	0.00e+00	0.00e+00	0.00e+00	0.00e+00	0.00e+00
 1.48611e+13	1.15e-19	2.48e-09	5.81e-03	9.92e-01	1.82e-03	0.00e+00	0.00e+00	0.00e+00	0.00e+00	0.00e+00	0.00e+00	0.00e+00
 1.54855e+13	1.49e-19	2.95e-09	6.34e-03	9.92e-01	1.67e-03	0.00e+00	0.00e+00	0.00e+00	0.00e+00	0.00e+00	0.00e+00	0.00e+00
 1.61349e+13	1.93e-19	3.51e-09	6.92e-03	9.92e-01	1.53e-03	0.00e+00	0.00e+00	0.00e+00	0.00e+00	0.00e+00	0.00e+00	0.00e+00
 1.68102e+13	2.50e-19	4.17e-09	7.55e-03	9.91e-01	1.41e-03	0.00e+00	0.00e+00	0.00e+00	0.00e+00	0.00e+00	0.00e+00	0.00e+00
 1.75125e+13	3.23e-19	4.94e-09	8.24e-03	9.90e-01	1.29e-03	0.00e+00	0.00e+00	0.00e+00	0.00e+00	0.00e+00	0.00e+00	0.00e+00
 1.82429e+13	4.16e-19	5.86e-09	8.98e-03	9.90e-01	1.19e-03	0.00e+00	0.00e+00	0.00e+00	0.00e+00	0.00e+00	0.00e+00	0.00e+00
 1.90026e+13	5.36e-19	6.95e-09	9.78e-03	9.89e-01	1.09e-03	0.00e+00	0.00e+00	0.00e+00	0.00e+00	0.00e+00	0.00e+00	0.00e+00
 1.97926e+13	6.90e-19	8.22e-09	1.07e-02	9.88e-01	1.00e-03	0.00e+00	0.00e+00	0.00e+00	0.00e+00	0.00e+00	0.00e+00	0.00e+00
 2.06143e+13	8.87e-19	9.73e-09	1.16e-02	9.87e-01	9.24e-04	0.00e+00	0.00e+00	0.00e+00	0.00e+00	0.00e+00	0.00e+00	0.00e+00
 2.14688e+13	1.14e-18	1.15e-08	1.26e-02	9.87e-01	8.51e-04	0.00e+00	0.00e+00	0.00e+00	0.00e+00	0.00e+00	0.00e+00	0.00e+00
 2.23574e+13	1.46e-18	1.36e-08	1.37e-02	9.85e-01	7.83e-04	0.00e+00	0.00e+00	0.00e+00	0.00e+00	0.00e+00	0.00e+00	0.00e+00
 2.32817e+13	1.88e-18	1.61e-08	1.49e-02	9.84e-01	7.20e-04	0.00e+00	0.00e+00	0.00e+00	0.00e+00	0.00e+00	0.00e+00	0.00e+00
 2.42428e+13	2.40e-18	1.89e-08	1.62e-02	9.83e-01	6.63e-04	0.00e+00	0.00e+00	0.00e+00	0.00e+00	0.00e+00	0.00e+00	0.00e+00
 2.52425e+13	3.07e-18	2.23e-08	1.77e-02	9.82e-01	6.10e-04	0.00e+00	0.00e+00	0.00e+00	0.00e+00	0.00e+00	0.00e+00	0.00e+00
 2.62821e+13	3.93e-18	2.63e-08	1.92e-02	9.80e-01	5.62e-04	0.00e+00	0.00e+00	0.00e+00	0.00e+00	0.00e+00	0.00e+00	0.00e+00
 2.73633e+13	5.02e-18	3.10e-08	2.08e-02	9.79e-01	5.17e-04	0.00e+00	0.00e+00	0.00e+00	0.00e+00	0.00e+00	0.00e+00	0.00e+00
 2.84878e+13	6.41e-18	3.65e-08	2.26e-02	9.77e-01	4.76e-04	0.00e+00	0.00e+00	0.00e+00	0.00e+00	0.00e+00	0.00e+00	0.00e+00
 2.96572e+13	8.17e-18	4.29e-08	2.45e-02	9.75e-01	4.38e-04	0.00e+00	0.00e+00	0.00e+00	0.00e+00	0.00e+00	0.00e+00	0.00e+00
 3.08734e+13	1.04e-17	5.05e-08	2.66e-02	9.73e-01	4.04e-04	0.00e+00	0.00e+00	0.00e+00	0.00e+00	0.00e+00	0.00e+00	0.00e+00
 3.21383e+13	1.33e-17	5.94e-08	2.89e-02	9.71e-01	3.71e-04	0.00e+00	0.00e+00	0.00e+00	0.00e+00	0.00e+00	0.00e+00	0.00e+00
 3.34538e+13	1.69e-17	6.98e-08	3.13e-02	9.68e-01	3.42e-04	0.00e+00	0.00e+00	0.00e+00	0.00e+00	0.00e+00	0.00e+00	0.00e+00
 3.48218e+13	2.15e-17	8.20e-08	3.39e-02	9.66e-01	3.14e-04	0.00e+00	0.00e+00	0.00e+00	0.00e+00	0.00e+00	0.00e+00	0.00e+00
 3.62446e+13	2.73e-17	9.62e-08	3.67e-02	9.63e-01	2.89e-04	0.00e+00	0.00e+00	0.00e+00	0.00e+00	1.56e-17	8.48e-18	3.26e-18
 3.77244e+13	3.48e-17	1.13e-07	3.98e-02	9.60e-01	2.66e-04	0.00e+00	0.00e+00	0.00e+00	0.00e+00	1.95e-17	1.15e-17	3.84e-18
 3.92633e+13	4.43e-17	1.32e-07	4.31e-02	9.57e-01	2.45e-04	0.00e+00	0.00e+00	0.00e+00	0.00e+00	2.47e-17	1.47e-17	4.88e-18
 4.08637e+13	5.62e-17	1.55e-07	4.66e-02	9.53e-01	2.25e-04	0.00e+00	0.00e+00	0.00e+00	0.00e+00	3.14e-17	1.86e-17	6.20e-18
 4.25282e+13	7.14e-17	1.82e-07	5.04e-02	9.49e-01	2.07e-04	0.00e+00	0.00e+00	0.00e+00	0.00e+00	3.99e-17	2.37e-17	7.87e-18
 4.42592e+13	9.06e-17	2.13e-07	5.45e-02	9.45e-01	1.90e-04	0.00e+00	0.00e+00	0.00e+00	0.00e+00	5.06e-17	3.00e-17	9.99e-18
 4.60595e+13	1.15e-16	2.50e-07	5.90e-02	9.41e-01	1.75e-04	0.00e+00	0.00e+00	0.00e+00	0.00e+00	6.42e-17	3.81e-17	1.27e-17
 4.79318e+13	1.46e-16	2.93e-07	6.37e-02	9.36e-01	1.60e-04	0.00e+00	0.00e+00	0.00e+00	0.00e+00	8.15e-17	4.83e-17	1.61e-17
 4.98790e+13	1.85e-16	3.43e-07	6.89e-02	9.31e-01	1.47e-04	0.00e+00	0.00e+00	0.00e+00	0.00e+00	1.03e-16	6.13e-17	2.04e-17
 5.19041e+13	2.35e-16	4.01e-07	7.44e-02	9.25e-01	1.35e-04	0.00e+00	0.00e+00	0.00e+00	0.00e+00	1.31e-16	7.78e-17	2.59e-17
 5.40102e+13	2.98e-16	4.69e-07	8.03e-02	9.20e-01	1.24e-04	0.00e+00	0.00e+00	0.00e+00	0.00e+00	1.66e-16	9.86e-17	3.28e-17
 5.62006e+13	3.78e-16	5.49e-07	8.67e-02	9.13e-01	1.13e-04	0.00e+00	0.00e+00	0.00e+00	0.00e+00	2.11e-16	1.25e-16	4.16e-17
 5.84785e+13	4.79e-16	6.43e-07	9.36e-02	9.06e-01	1.04e-04	0.00e+00	0.00e+00	0.00e+00	0.00e+00	2.67e-16	1.59e-16	5.28e-17
 6.08476e+13	6.08e-16	7.52e-07	1.01e-01	8.99e-01	9.46e-05	0.00e+00	0.00e+00	0.00e+00	0.00e+00	3.39e-16	2.01e-16	6.69e-17
 6.33114e+13	7.70e-16	8.79e-07	1.09e-01	8.91e-01	8.65e-05	0.00e+00	0.00e+00	0.00e+00	0.00e+00	4.30e-16	2.55e-16	8.49e-17
 6.58738e+13	9.75e-16	1.03e-06	1.17e-01	8.83e-01	7.89e-05	0.00e+00	0.00e+00	0.00e+00	0.00e+00	5.45e-16	3.23e-16	1.07e-16
 6.85387e+13	1.24e-15	1.20e-06	1.26e-01	8.74e-01	7.20e-05	0.00e+00	0.00e+00	0.00e+00	0.00e+00	6.90e-16	4.09e-16	1.36e-16
 7.13101e+13	1.56e-15	1.40e-06	1.36e-01	8.64e-01	6.56e-05	0.00e+00	0.00e+00	0.00e+00	0.00e+00	8.73e-16	5.18e-16	1.72e-16
 7.41925e+13	1.98e-15	1.63e-06	1.46e-01	8.54e-01	5.97e-05	0.00e+00	0.00e+00	0.00e+00	0.00e+00	1.11e-15	6.56e-16	2.18e-16
 7.71901e+13	2.50e-15	1.90e-06	1.57e-01	8.43e-01	5.42e-05	0.00e+00	0.00e+00	0.00e+00	0.00e+00	1.40e-15	8.30e-16	2.76e-16
 8.03076e+13	3.17e-15	2.22e-06	1.69e-01	8.31e-01	4.92e-05	0.00e+00	0.00e+00	0.00e+00	0.00e+00	1.77e-15	1.05e-15	3.49e-16
 8.35499e+13	4.00e-15	2.58e-06	1.81e-01	8.19e-01	4.46e-05	0.00e+00	0.00e+00	0.00e+00	0.00e+00	2.24e-15	1.33e-15	4.41e-16
 8.69218e+13	5.06e-15	3.01e-06	1.94e-01	8.06e-01	4.04e-05	0.00e+00	0.00e+00	0.00e+00	0.00e+00	2.83e-15	1.68e-15	5.58e-16
 9.04286e+13	6.39e-15	3.50e-06	2.08e-01	7.92e-01	3.65e-05	0.00e+00	0.00e+00	0.00e+00	0.00e+00	3.57e-15	2.12e-15	7.04e-16
 9.40757e+13	8.06e-15	4.07e-06	2.23e-01	7.77e-01	3.29e-05	0.00e+00	0.00e+00	0.00e+00	0.00e+00	4.50e-15	2.67e-15	8.89e-16
 9.78686e+13	1.02e-14	4.73e-06	2.38e-01	7.62e-01	2.96e-05	0.00e+00	0.00e+00	0.00e+00	0.00e+00	5.69e-15	3.37e-15	1.12e-15
 1.01813e+14	1.28e-14	5.49e-06	2.54e-01	7.46e-01	2.66e-05	0.00e+00	0.00e+00	0.00e+00	0.00e+00	7.17e-15	4.25e-15	1.42e-15
 1.05916e+14	1.62e-14	6.36e-06	2.71e-01	7.28e-01	2.39e-05	0.00e+00	0.00e+00	0.00e+00	0.00e+00	9.03e-15	5.36e-15	1.78e-15
 1.10182e+14	2.04e-14	7.37e-06	2.90e-01	7.10e-01	2.14e-05	0.00e+00	0.00e+00	0.00e+00	0.00e+00	1.14e-14	6.75e-15	2.24e-15
 1.14620e+14	2.56e-14	8.53e-06	3.08e-01	6.91e-01	1.91e-05	0.00e+00	0.00e+00	0.00e+00	0.00e+00	1.43e-14	8.49e-15	2.82e-15
 1.19234e+14	3.22e-14	9.87e-06	3.28e-01	6.72e-01	1.70e-05	0.00e+00	0.00e+00	0.00e+00	0.00e+00	1.80e-14	1.07e-14	3.55e-15
 1.24034e+14	4.04e-14	1.14e-05	3.49e-01	6.51e-01	1.51e-05	0.00e+00	0.00e+00	0.00e+00	0.00e+00	2.26e-14	1.34e-14	4.45e-15
 1.29025e+14	5.07e-14	1.32e-05	3.70e-01	6.30e-01	1.33e-05	0.00e+00	0.00e+00	0.00e+00	0.00e+00	2.83e-14	1.68e-14	5.59e-15
 1.34216e+14	6.36e-14	1.52e-05	3.93e-01	6.07e-01	1.18e-05	0.00e+00	0.00e+00	0.00e+00	0.00e+00	3.55e-14	2.11e-14	7.00e-15
 1.39614e+14	7.96e-14	1.75e-05	4.16e-01	5.84e-01	1.03e-05	0.00e+00	0.00e+00	0.00e+00	0.00e+00	4.45e-14	2.64e-14	8.77e-15
 1.45229e+14	9.95e-14	2.01e-05	4.40e-01	5.60e-01	9.05e-06	0.00e+00	0.00e+00	0.00e+00	0.00e+00	5.56e-14	3.30e-14	1.10e-14
 1.51068e+14	1.24e-13	2.31e-05	4.65e-01	5.35e-01	7.88e-06	0.00e+00	0.00e+00	0.00e+00	0.00e+00	6.95e-14	4.12e-14	1.37e-14
 1.57140e+14	1.55e-13	2.65e-05	4.91e-01	5.09e-01	6.84e-06	0.00e+00	0.00e+00	0.00e+00	0.00e+00	8.66e-14	5.14e-14	1.71e-14
 1.63456e+14	1.93e-13	3.04e-05	5.17e-01	4.83e-01	5.91e-06	0.00e+00	0.00e+00	0.00e+00	0.00e+00	1.08e-13	6.40e-14	2.13e-14
 1.70024e+14	2.40e-13	3.47e-05	5.44e-01	4.56e-01	5.07e-06	0.00e+00	0.00e+00	0.00e+00	0.00e+00	1.34e-13	7.96e-14	2.65e-14
 1.76855e+14	2.98e-13	3.97e-05	5.71e-01	4.29e-01	4.33e-06	0.00e+00	0.00e+00	0.00e+00	0.00e+00	1.67e-13	9.89e-14	3.29e-14
 1.83959e+14	3.70e-13	4.52e-05	5.99e-01	4.01e-01	3.67e-06	0.00e+00	0.00e+00	0.00e+00	0.00e+00	2.07e-13	1.23e-13	4.07e-14
 1.91348e+14	4.57e-13	5.14e-05	6.27e-01	3.73e-01	3.09e-06	0.00e+00	0.00e+00	0.00e+00	0.00e+00	2.55e-13	1.51e-13	5.04e-14
 1.99031e+14	5.65e-13	5.85e-05	6.55e-01	3.45e-01	2.59e-06	0.00e+00	0.00e+00	0.00e+00	0.00e+00	3.15e-13	1.87e-13	6.22e-14
 2.07023e+14	6.95e-13	6.62e-05	6.83e-01	3.17e-01	2.14e-06	0.00e+00	0.00e+00	0.00e+00	0.00e+00	3.88e-13	2.30e-13	7.66e-14
 2.15333e+14	8.54e-13	7.49e-05	7.11e-01	2.89e-01	1.76e-06	0.00e+00	0.00e+00	0.00e+00	0.00e+00	4.77e-13	2.83e-13	9.41e-14
 2.23977e+14	1.04e-12	8.45e-05	7.39e-01	2.61e-01	1.43e-06	0.00e+00	0.00e+00	0.00e+00	0.00e+00	5.84e-13	3.46e-13	1.15e-13
 2.32966e+14	1.27e-12	9.50e-05	7.66e-01	2.34e-01	1.15e-06	0.00e+00	0.00e+00	0.00e+00	0.00e+00	7.11e-13	4.22e-13	1.40e-13
 2.42314e+14	1.55e-12	1.07e-04	7.92e-01	2.08e-01	9.13e-07	0.00e+00	0.00e+00	0.00e+00	0.00e+00	8.67e-13	5.14e-13	1.71e-13
 2.52037e+14	1.88e-12	1.19e-04	8.17e-01	1.83e-01	0.00e+00	0.00e+00	0.00e+00	0.00e+00	0.00e+00	1.05e-12	6.24e-13	2.08e-13
 2.62148e+14	2.28e-12	1.33e-04	8.41e-01	1.59e-01	0.00e+00	0.00e+00	0.00e+00	0.00e+00	0.00e+00	1.27e-12	7.54e-13	2.51e-13
 2.72664e+14	2.74e-12	1.48e-04	8.63e-01	1.37e-01	0.00e+00	0.00e+00	0.00e+00	0.00e+00	0.00e+00	1.53e-12	9.09e-13	3.02e-13
 2.83600e+14	3.30e-12	1.64e-04	8.83e-01	1.16e-01	0.00e+00	0.00e+00	0.00e+00	0.00e+00	0.00e+00	1.84e-12	1.09e-12	3.63e-13
 2.94974e+14	3.95e-12	1.82e-04	9.02e-01	9.76e-02	0.00e+00	0.00e+00	0.00e+00	0.00e+00	0.00e+00	2.20e-12	1.31e-12	4.35e-13
 3.06803e+14	4.71e-12	2.00e-04	9.19e-01	8.08e-02	0.00e+00	0.00e+00	0.00e+00	0.00e+00	0.00e+00	2.63e-12	1.56e-12	5.19e-13
 3.19105e+14	5.60e-12	2.20e-04	9.34e-01	6.60e-02	0.00e+00	0.00e+00	0.00e+00	0.00e+00	0.00e+00	3.13e-12	1.86e-12	6.17e-13
 3.31899e+14	6.65e-12	2.42e-04	9.47e-01	5.33e-02	0.00e+00	0.00e+00	0.00e+00	0.00e+00	0.00e+00	3.71e-12	2.20e-12	7.32e-13
 3.45205e+14	7.87e-12	2.65e-04	9.57e-01	4.24e-02	0.00e+00	0.00e+00	0.00e+00	0.00e+00	0.00e+00	4.40e-12	2.61e-12	8.67e-13
 3.59043e+14	9.30e-12	2.89e-04	9.66e-01	3.33e-02	0.00e+00	0.00e+00	0.00e+00	0.00e+00	0.00e+00	5.19e-12	3.08e-12	1.02e-12
 3.73435e+14	1.10e-11	3.15e-04	9.74e-01	2.59e-02	0.00e+00	0.00e+00	0.00e+00	0.00e+00	0.00e+00	6.13e-12	3.63e-12	1.21e-12
 3.88402e+14	1.29e-11	3.43e-04	9.80e-01	1.99e-02	0.00e+00	0.00e+00	0.00e+00	0.00e+00	0.00e+00	7.22e-12	4.28e-12	1.42e-12
 4.03968e+14	1.52e-11	3.73e-04	9.85e-01	1.51e-02	0.00e+00	0.00e+00	0.00e+00	0.00e+00	0.00e+00	8.49e-12	5.04e-12	1.68e-12
 4.20157e+14	1.79e-11	4.05e-04	9.88e-01	1.14e-02	0.00e+00	0.00e+00	0.00e+00	0.00e+00	0.00e+00	9.98e-12	5.92e-12	1.97e-12
 4.36993e+14	2.10e-11	4.40e-04	9.91e-01	8.51e-03	0.00e+00	0.00e+00	0.00e+00	0.00e+00	0.00e+00	1.17e-11	6.95e-12	2.31e-12
 4.54503e+14	2.46e-11	4.77e-04	9.93e-01	6.31e-03	0.00e+00	0.00e+00	0.00e+00	0.00e+00	0.00e+00	1.38e-11	8.16e-12	2.71e-12
 4.72713e+14	2.89e-11	5.17e-04	9.95e-01	4.65e-03	0.00e+00	0.00e+00	0.00e+00	0.00e+00	0.00e+00	1.61e-11	9.57e-12	3.18e-12
 4.91651e+14	3.39e-11	5.60e-04	9.96e-01	3.41e-03	0.00e+00	0.00e+00	0.00e+00	0.00e+00	0.00e+00	1.89e-11	1.12e-11	3.73e-12
 5.11347e+14	3.97e-11	6.07e-04	9.97e-01	2.50e-03	0.00e+00	0.00e+00	0.00e+00	0.00e+00	0.00e+00	2.22e-11	1.32e-11	4.38e-12
 5.31831e+14	4.65e-11	6.57e-04	9.98e-01	1.83e-03	0.00e+00	0.00e+00	0.00e+00	0.00e+00	0.00e+00	2.60e-11	1.54e-11	5.13e-12
 5.53134e+14	5.46e-11	7.12e-04	9.98e-01	1.34e-03	0.00e+00	0.00e+00	0.00e+00	0.00e+00	0.00e+00	3.05e-11	1.81e-11	6.01e-12
 5.75290e+14	6.39e-11	7.71e-04	9.98e-01	9.86e-04	0.00e+00	0.00e+00	0.00e+00	0.00e+00	0.00e+00	3.57e-11	2.12e-11	7.04e-12
 5.98331e+14	7.48e-11	8.34e-04	9.98e-01	7.34e-04	0.00e+00	0.00e+00	0.00e+00	0.00e+00	0.00e+00	4.18e-11	2.48e-11	8.24e-12
 6.22294e+14	8.76e-11	9.03e-04	9.99e-01	5.53e-04	0.00e+00	0.00e+00	0.00e+00	0.00e+00	0.00e+00	4.90e-11	2.90e-11	9.66e-12
 6.47216e+14	1.03e-10	9.77e-04	9.99e-01	4.24e-04	0.00e+00	0.00e+00	0.00e+00	0.00e+00	0.00e+00	5.74e-11	3.40e-11	1.13e-11
 6.73135e+14	1.20e-10	1.06e-03	9.99e-01	3.32e-04	0.00e+00	0.00e+00	0.00e+00	0.00e+00	0.00e+00	6.72e-11	3.98e-11	1.33e-11
 7.00090e+14	1.41e-10	1.14e-03	9.99e-01	2.65e-04	0.00e+00	0.00e+00	0.00e+00	0.00e+00	0.00e+00	7.87e-11	4.66e-11	1.55e-11
 7.28124e+14	1.65e-10	1.24e-03	9.99e-01	2.17e-04	0.00e+00	0.00e+00	0.00e+00	0.00e+00	0.00e+00	9.22e-11	5.46e-11	1.82e-11
 7.57278e+14	1.93e-10	1.34e-03	9.98e-01	1.81e-04	0.00e+00	0.00e+00	0.00e+00	0.00e+00	0.00e+00	1.08e-10	6.40e-11	2.13e-11
 7.87600e+14	2.26e-10	1.45e-03	9.98e-01	1.54e-04	0.00e+00	0.00e+00	0.00e+00	0.00e+00	0.00e+00	1.27e-10	7.49e-11	2.49e-11
 8.19133e+14	2.65e-10	1.57e-03	9.98e-01	1.34e-04	0.00e+00	0.00e+00	0.00e+00	0.00e+00	0.00e+00	1.48e-10	8.77e-11	2.92e-11
 8.51929e+14	3.10e-10	1.70e-03	9.98e-01	1.17e-04	0.00e+00	0.00e+00	0.00e+00	0.00e+00	0.00e+00	1.74e-10	1.03e-10	3.42e-11
 8.86036e+14	3.63e-10	1.84e-03	9.98e-01	1.04e-04	0.00e+00	0.00e+00	0.00e+00	0.00e+00	0.00e+00	2.03e-10	1.20e-10	4.00e-11
 9.21507e+14	4.26e-10	1.99e-03	9.98e-01	9.34e-05	0.00e+00	0.00e+00	0.00e+00	0.00e+00	0.00e+00	2.38e-10	1.41e-10	4.69e-11
 9.58397e+14	4.98e-10	2.15e-03	9.98e-01	8.41e-05	0.00e+00	0.00e+00	0.00e+00	0.00e+00	0.00e+00	2.79e-10	1.65e-10	5.49e-11
 9.96763e+14	5.83e-10	2.33e-03	9.98e-01	7.61e-05	0.00e+00	0.00e+00	0.00e+00	0.00e+00	0.00e+00	3.26e-10	1.93e-10	6.42e-11
 1.03666e+15	6.83e-10	2.52e-03	9.97e-01	6.91e-05	0.00e+00	0.00e+00	0.00e+00	0.00e+00	0.00e+00	3.82e-10	2.26e-10	7.52e-11
 1.07816e+15	8.00e-10	2.73e-03	9.97e-01	6.29e-05	0.00e+00	0.00e+00	0.00e+00	0.00e+00	0.00e+00	4.47e-10	2.64e-10	8.80e-11
 1.12132e+15	9.36e-10	2.95e-03	9.97e-01	5.73e-05	0.00e+00	0.00e+00	0.00e+00	0.00e+00	0.00e+00	5.24e-10	3.09e-10	1.03e-10
 1.16620e+15	1.10e-09	3.19e-03	9.97e-01	5.23e-05	0.00e+00	0.00e+00	0.00e+00	0.00e+00	0.00e+00	6.14e-10	3.62e-10	1.21e-10
 1.21288e+15	1.28e-09	3.45e-03	9.96e-01	4.77e-05	0.00e+00	0.00e+00	0.00e+00	0.00e+00	0.00e+00	7.19e-10	4.24e-10	1.41e-10
 1.26142e+15	1.50e-09	3.74e-03	9.96e-01	4.36e-05	0.00e+00	0.00e+00	0.00e+00	0.00e+00	0.00e+00	8.41e-10	4.96e-10	1.65e-10
 1.31191e+15	1.76e-09	4.04e-03	9.96e-01	3.98e-05	0.00e+00	0.00e+00	0.00e+00	0.00e+00	0.00e+00	9.85e-10	5.81e-10	1.94e-10
 1.36441e+15	2.06e-09	4.37e-03	9.96e-01	3.64e-05	0.00e+00	0.00e+00	0.00e+00	0.00e+00	0.00e+00	1.15e-09	6.79e-10	2.27e-10
 1.41902e+15	2.41e-09	4.73e-03	9.95e-01	3.33e-05	0.00e+00	0.00e+00	0.00e+00	0.00e+00	0.00e+00	1.35e-09	7.95e-10	2.65e-10
 1.47581e+15	2.82e-09	5.12e-03	9.95e-01	3.04e-05	0.00e+00	0.00e+00	0.00e+00	0.00e+00	0.00e+00	1.58e-09	9.30e-10	3.10e-10
 1.53487e+15	3.31e-09	5.54e-03	9.94e-01	2.78e-05	0.00e+00	0.00e+00	0.00e+00	0.00e+00	0.00e+00	1.85e-09	1.09e-09	3.63e-10
 1.59630e+15	3.87e-09	5.99e-03	9.94e-01	2.54e-05	0.00e+00	0.00e+00	0.00e+00	0.00e+00	0.00e+00	2.17e-09	1.27e-09	4.25e-10
 1.66018e+15	4.53e-09	6.48e-03	9.93e-01	2.32e-05	0.00e+00	0.00e+00	0.00e+00	0.00e+00	0.00e+00	2.54e-09	1.49e-09	4.97e-10
 1.72662e+15	5.31e-09	7.01e-03	9.93e-01	2.12e-05	0.00e+00	0.00e+00	0.00e+00	0.00e+00	0.00e+00	2.98e-09	1.74e-09	5.83e-10
 1.79571e+15	6.21e-09	7.58e-03	9.92e-01	1.94e-05	0.00e+00	0.00e+00	0.00e+00	0.00e+00	0.00e+00	3.49e-09	2.04e-09	6.81e-10
 1.86757e+15	7.28e-09	8.21e-03	9.92e-01	1.77e-05	0.00e+00	0.00e+00	0.00e+00	0.00e+00	0.00e+00	4.09e-09	2.39e-09	7.99e-10
 1.94230e+15	8.51e-09	8.88e-03	9.91e-01	1.61e-05	0.00e+00	0.00e+00	0.00e+00	0.00e+00	0.00e+00	4.79e-09	2.79e-09	9.33e-10
 2.02003e+15	9.97e-09	9.60e-03	9.90e-01	1.48e-05	0.00e+00	0.00e+00	0.00e+00	0.00e+00	0.00e+00	5.62e-09	3.26e-09	1.09e-09
 2.10086e+15	1.17e-08	1.04e-02	9.90e-01	1.36e-05	0.00e+00	0.00e+00	0.00e+00	0.00e+00	0.00e+00	6.58e-09	3.82e-09	1.28e-09
 2.18492e+15	1.37e-08	1.12e-02	9.89e-01	1.24e-05	0.00e+00	0.00e+00	0.00e+00	0.00e+00	0.00e+00	7.71e-09	4.46e-09	1.50e-09
 2.27235e+15	1.60e-08	1.22e-02	9.88e-01	1.13e-05	0.00e+00	0.00e+00	0.00e+00	0.00e+00	0.00e+00	9.03e-09	5.21e-09	1.75e-09
 2.36327e+15	1.87e-08	1.32e-02	9.87e-01	1.03e-05	0.00e+00	0.00e+00	0.00e+00	0.00e+00	0.00e+00	1.06e-08	6.10e-09	2.05e-09
 2.45783e+15	2.19e-08	1.42e-02	9.86e-01	9.39e-06	0.00e+00	0.00e+00	0.00e+00	0.00e+00	0.00e+00	1.24e-08	7.12e-09	2.39e-09
 2.55618e+15	2.57e-08	1.54e-02	9.85e-01	8.57e-06	0.00e+00	0.00e+00	0.00e+00	0.00e+00	0.00e+00	1.46e-08	8.33e-09	2.80e-09
 2.65845e+15	3.01e-08	1.66e-02	9.83e-01	7.81e-06	0.00e+00	0.00e+00	0.00e+00	0.00e+00	0.00e+00	1.71e-08	9.73e-09	3.28e-09
 2.76482e+15	3.52e-08	1.80e-02	9.82e-01	7.12e-06	0.00e+00	0.00e+00	0.00e+00	0.00e+00	0.00e+00	2.00e-08	1.14e-08	3.84e-09
 2.87544e+15	4.12e-08	1.95e-02	9.81e-01	6.48e-06	0.00e+00	0.00e+00	0.00e+00	0.00e+00	0.00e+00	2.34e-08	1.33e-08	4.48e-09
 2.99049e+15	4.83e-08	2.11e-02	9.79e-01	5.91e-06	0.00e+00	0.00e+00	0.00e+00	0.00e+00	0.00e+00	2.75e-08	1.55e-08	5.25e-09
 3.11014e+15	5.65e-08	2.28e-02	9.77e-01	5.37e-06	0.00e+00	0.00e+00	0.00e+00	0.00e+00	0.00e+00	3.22e-08	1.81e-08	6.14e-09
 3.23458e+15	6.63e-08	2.47e-02	9.75e-01	4.92e-06	0.00e+00	0.00e+00	0.00e+00	0.00e+00	0.00e+00	3.78e-08	2.12e-08	7.19e-09
 3.36399e+15	7.76e-08	2.67e-02	9.73e-01	4.46e-06	0.00e+00	0.00e+00	0.00e+00	0.00e+00	0.00e+00	4.43e-08	2.48e-08	8.41e-09
 3.49858e+15	9.09e-08	2.88e-02	9.71e-01	4.06e-06	0.00e+00	0.00e+00	0.00e+00	0.00e+00	0.00e+00	5.20e-08	2.90e-08	9.85e-09
 3.63855e+15	1.06e-07	3.12e-02	9.69e-01	3.67e-06	0.00e+00	0.00e+00	0.00e+00	0.00e+00	0.00e+00	6.09e-08	3.39e-08	1.15e-08
 3.78413e+15	1.25e-07	3.38e-02	9.66e-01	3.35e-06	0.00e+00	0.00e+00	0.00e+00	0.00e+00	0.00e+00	7.15e-08	3.97e-08	1.35e-08
 3.93552e+15	1.46e-07	3.65e-02	9.63e-01	3.03e-06	0.00e+00	0.00e+00	0.00e+00	0.00e+00	0.00e+00	8.38e-08	4.65e-08	1.58e-08
 4.09297e+15	1.71e-07	3.95e-02	9.60e-01	2.74e-06	0.00e+00	0.00e+00	0.00e+00	0.00e+00	0.00e+00	9.83e-08	5.44e-08	1.85e-08
 4.25672e+15	2.01e-07	4.27e-02	9.57e-01	2.47e-06	0.00e+00	0.00e+00	0.00e+00	0.00e+00	0.00e+00	1.15e-07	6.37e-08	2.17e-08
 4.42702e+15	2.36e-07	4.63e-02	9.54e-01	2.24e-06	0.00e+00	0.00e+00	0.00e+00	0.00e+00	0.00e+00	1.35e-07	7.48e-08	2.54e-08
 4.60413e+15	2.76e-07	5.01e-02	9.50e-01	2.02e-06	0.00e+00	0.00e+00	0.00e+00	0.00e+00	0.00e+00	1.59e-07	8.76e-08	2.98e-08
 4.78832e+15	3.24e-07	5.42e-02	9.46e-01	1.82e-06	0.00e+00	0.00e+00	0.00e+00	0.00e+00	0.00e+00	1.86e-07	1.03e-07	3.50e-08
 4.97989e+15	3.80e-07	5.86e-02	9.41e-01	1.63e-06	0.00e+00	0.00e+00	0.00e+00	0.00e+00	0.00e+00	2.18e-07	1.21e-07	4.11e-08
 5.17911e+15	4.46e-07	6.35e-02	9.36e-01	1.47e-06	0.00e+00	0.00e+00	0.00e+00	0.00e+00	0.00e+00	2.56e-07	1.42e-07	4.83e-08
 5.38631e+15	5.24e-07	6.88e-02	9.31e-01	1.32e-06	0.00e+00	0.00e+00	0.00e+00	0.00e+00	0.00e+00	3.00e-07	1.67e-07	5.67e-08
 5.60179e+15	6.16e-07	7.45e-02	9.26e-01	1.18e-06	0.00e+00	0.00e+00	0.00e+00	0.00e+00	0.00e+00	3.53e-07	1.96e-07	6.66e-08
 5.82589e+15	7.24e-07	8.07e-02	9.19e-01	1.05e-06	0.00e+00	0.00e+00	0.00e+00	0.00e+00	0.00e+00	4.14e-07	2.31e-07	7.83e-08
 6.05896e+15	8.51e-07	8.75e-02	9.13e-01	9.35e-07	0.00e+00	0.00e+00	0.00e+00	0.00e+00	0.00e+00	4.86e-07	2.72e-07	9.22e-08
 6.30134e+15	1.00e-06	9.48e-02	9.05e-01	0.00e+00	0.00e+00	0.00e+00	0.00e+00	0.00e+00	0.00e+00	5.71e-07	3.20e-07	1.08e-07
 6.55343e+15	1.18e-06	1.03e-01	8.97e-01	0.00e+00	0.00e+00	0.00e+00	0.00e+00	0.00e+00	0.00e+00	6.72e-07	3.78e-07	1.28e-07
 6.81560e+15	1.39e-06	1.12e-01	8.88e-01	0.00e+00	0.00e+00	0.00e+00	0.00e+00	0.00e+00	0.00e+00	7.91e-07	4.47e-07	1.51e-07
 7.08825e+15	1.64e-06	1.21e-01	8.79e-01	0.00e+00	0.00e+00	0.00e+00	0.00e+00	0.00e+00	0.00e+00	9.32e-07	5.28e-07	1.78e-07
 7.37181e+15	1.93e-06	1.32e-01	8.68e-01	0.00e+00	0.00e+00	0.00e+00	0.00e+00	0.00e+00	0.00e+00	1.10e-06	6.25e-07	2.10e-07
 7.66671e+15	2.29e-06	1.43e-01	8.57e-01	0.00e+00	0.00e+00	0.00e+00	0.00e+00	0.00e+00	0.00e+00	1.30e-06	7.41e-07	2.49e-07
 7.97341e+15	2.70e-06	1.56e-01	8.44e-01	0.00e+00	0.00e+00	0.00e+00	0.00e+00	0.00e+00	0.00e+00	1.53e-06	8.79e-07	2.94e-07
 8.29238e+15	3.21e-06	1.70e-01	8.30e-01	0.00e+00	0.00e+00	0.00e+00	0.00e+00	0.00e+00	0.00e+00	1.81e-06	1.05e-06	3.49e-07
 8.62410e+15	3.81e-06	1.85e-01	8.15e-01	0.00e+00	0.00e+00	0.00e+00	0.00e+00	0.00e+00	0.00e+00	2.15e-06	1.24e-06	4.14e-07
 8.96909e+15	4.52e-06	2.02e-01	7.98e-01	0.00e+00	0.00e+00	0.00e+00	0.00e+00	0.00e+00	0.00e+00	2.55e-06	1.48e-06	4.93e-07
 9.32789e+15	5.40e-06	2.21e-01	7.79e-01	0.00e+00	0.00e+00	0.00e+00	0.00e+00	0.00e+00	0.00e+00	3.03e-06	1.77e-06	5.88e-07
 9.70103e+15	6.43e-06	2.41e-01	7.59e-01	0.00e+00	0.00e+00	0.00e+00	0.00e+00	0.00e+00	0.00e+00	3.61e-06	2.11e-06	7.02e-07
 1.00891e+16	7.70e-06	2.65e-01	7.35e-01	0.00e+00	0.00e+00	0.00e+00	0.00e+00	0.00e+00	0.00e+00	4.32e-06	2.53e-06	8.42e-07
 1.04927e+16	9.24e-06	2.91e-01	7.09e-01	0.00e+00	0.00e+00	0.00e+00	0.00e+00	0.00e+00	0.00e+00	5.18e-06	3.04e-06	1.01e-06
 1.09124e+16	1.11e-05	3.20e-01	6.80e-01	0.00e+00	0.00e+00	0.00e+00	0.00e+00	0.00e+00	0.00e+00	6.21e-06	3.65e-06	1.22e-06
 1.13490e+16	1.34e-05	3.53e-01	6.47e-01	0.00e+00	0.00e+00	0.00e+00	0.00e+00	0.00e+00	0.00e+00	7.48e-06	4.40e-06	1.47e-06
 1.18030e+16	1.62e-05	3.90e-01	6.10e-01	0.00e+00	0.00e+00	0.00e+00	0.00e+00	0.00e+00	0.00e+00	9.03e-06	5.32e-06	1.79e-06
 1.22751e+16	1.96e-05	4.31e-01	5.69e-01	0.00e+00	0.00e+00	0.00e+00	0.00e+00	0.00e+00	0.00e+00	1.09e-05	6.45e-06	2.17e-06
 1.27661e+16	2.38e-05	4.77e-01	5.23e-01	0.00e+00	0.00e+00	0.00e+00	0.00e+00	0.00e+00	0.00e+00	1.33e-05	7.83e-06	2.65e-06
 1.32768e+16	2.89e-05	5.28e-01	4.72e-01	0.00e+00	0.00e+00	0.00e+00	0.00e+00	0.00e+00	0.00e+00	1.61e-05	9.52e-06	3.24e-06
 1.38079e+16	3.51e-05	5.83e-01	4.17e-01	0.00e+00	0.00e+00	0.00e+00	0.00e+00	0.00e+00	0.00e+00	1.96e-05	1.15e-05	3.95e-06
 1.43437e+16	4.24e-05	6.41e-01	3.59e-01	0.00e+00	0.00e+00	0.00e+00	0.00e+00	0.00e+00	0.00e+00	2.36e-05	1.39e-05	4.79e-06
 1.48732e+16	5.05e-05	6.98e-01	3.02e-01	0.00e+00	0.00e+00	0.00e+00	0.00e+00	0.00e+00	0.00e+00	2.81e-05	1.66e-05	5.73e-06
 1.54404e+16	6.02e-05	7.56e-01	2.44e-01	0.00e+00	0.00e+00	0.00e+00	0.00e+00	0.00e+00	0.00e+00	3.35e-05	1.97e-05	6.85e-06
 1.60390e+16	7.13e-05	8.12e-01	1.88e-01	0.00e+00	0.00e+00	0.00e+00	0.00e+00	0.00e+00	0.00e+00	3.97e-05	2.33e-05	8.16e-06
 1.66181e+16	8.34e-05	8.60e-01	1.39e-01	0.00e+00	0.00e+00	0.00e+00	0.00e+00	0.00e+00	0.00e+00	4.65e-05	2.72e-05	9.57e-06
 1.71753e+16	9.56e-05	8.99e-01	1.01e-01	0.00e+00	0.00e+00	0.00e+00	0.00e+00	0.00e+00	0.00e+00	5.33e-05	3.11e-05	1.10e-05
 1.76654e+16	1.07e-04	9.26e-01	7.36e-02	0.00e+00	0.00e+00	0.00e+00	0.00e+00	0.00e+00	0.00e+00	5.98e-05	3.48e-05	1.24e-05
 1.80672e+16	1.17e-04	9.44e-01	5.55e-02	0.00e+00	0.00e+00	0.00e+00	0.00e+00	0.00e+00	0.00e+00	6.54e-05	3.80e-05	1.35e-05
 1.84150e+16	1.26e-04	9.57e-01	4.27e-02	0.00e+00	0.00e+00	0.00e+00	0.00e+00	0.00e+00	0.00e+00	7.06e-05	4.09e-05	1.46e-05
 1.87261e+16	1.35e-04	9.67e-01	3.33e-02	0.00e+00	0.00e+00	0.00e+00	0.00e+00	0.00e+00	0.00e+00	7.55e-05	4.36e-05	1.56e-05
 1.90076e+16	1.43e-04	9.74e-01	2.61e-02	0.00e+00	0.00e+00	0.00e+00	0.00e+00	0.00e+00	0.00e+00	8.01e-05	4.62e-05	1.66e-05
 1.92555e+16	1.51e-04	9.79e-01	2.08e-02	0.00e+00	0.00e+00	0.00e+00	0.00e+00	0.00e+00	0.00e+00	8.44e-05	4.85e-05	1.75e-05
 1.94717e+16	1.58e-04	9.83e-01	1.68e-02	0.00e+00	0.00e+00	0.00e+00	0.00e+00	0.00e+00	0.00e+00	8.83e-05	5.07e-05	1.83e-05
 1.96614e+16	1.64e-04	9.86e-01	1.37e-02	0.00e+00	0.00e+00	0.00e+00	0.00e+00	0.00e+00	0.00e+00	9.20e-05	5.27e-05	1.90e-05
 1.98270e+16	1.70e-04	9.89e-01	1.13e-02	0.00e+00	0.00e+00	0.00e+00	0.00e+00	0.00e+00	0.00e+00	9.52e-05	5.44e-05	1.97e-05
 1.99709e+16	1.75e-04	9.90e-01	9.42e-03	0.00e+00	0.00e+00	0.00e+00	0.00e+00	0.00e+00	0.00e+00	9.82e-05	5.61e-05	2.03e-05
 2.00969e+16	1.79e-04	9.92e-01	7.90e-03	0.00e+00	0.00e+00	0.00e+00	0.00e+00	0.00e+00	0.00e+00	1.01e-04	5.75e-05	2.08e-05
 2.02063e+16	1.84e-04	9.93e-01	6.67e-03	0.00e+00	0.00e+00	0.00e+00	0.00e+00	0.00e+00	0.00e+00	1.03e-04	5.89e-05	2.13e-05
 2.03000e+16	1.87e-04	9.94e-01	5.67e-03	0.00e+00	0.00e+00	0.00e+00	0.00e+00	0.00e+00	0.00e+00	1.05e-04	6.00e-05	2.17e-05
 2.03813e+16	1.91e-04	9.95e-01	4.85e-03	0.00e+00	0.00e+00	0.00e+00	0.00e+00	0.00e+00	0.00e+00	1.07e-04	6.10e-05	2.21e-05
 2.04530e+16	1.94e-04	9.96e-01	4.15e-03	0.00e+00	0.00e+00	0.00e+00	0.00e+00	0.00e+00	0.00e+00	1.09e-04	6.19e-05	2.24e-05
 2.05156e+16	1.96e-04	9.96e-01	3.54e-03	0.00e+00	0.00e+00	0.00e+00	0.00e+00	0.00e+00	0.00e+00	1.11e-04	6.27e-05	2.27e-05
 2.05692e+16	1.98e-04	9.97e-01	3.04e-03	0.00e+00	0.00e+00	0.00e+00	0.00e+00	0.00e+00	0.00e+00	1.12e-04	6.34e-05	2.30e-05
 2.06156e+16	2.01e-04	9.97e-01	2.61e-03	0.00e+00	0.00e+00	0.00e+00	0.00e+00	0.00e+00	0.00e+00	1.13e-04	6.40e-05	2.32e-05
 2.06561e+16	2.02e-04	9.98e-01	2.23e-03	0.00e+00	0.00e+00	0.00e+00	0.00e+00	0.00e+00	0.00e+00	1.14e-04	6.45e-05	2.34e-05
 2.06912e+16	2.04e-04	9.98e-01	1.90e-03	0.00e+00	0.00e+00	0.00e+00	0.00e+00	0.00e+00	0.00e+00	1.15e-04	6.50e-05	2.36e-05
 2.07218e+16	2.05e-04	9.98e-01	1.62e-03	0.00e+00	0.00e+00	0.00e+00	0.00e+00	0.00e+00	0.00e+00	1.15e-04	6.53e-05	2.37e-05
 2.07485e+16	2.06e-04	9.98e-01	1.37e-03	0.00e+00	0.00e+00	0.00e+00	0.00e+00	0.00e+00	0.00e+00	1.16e-04	6.57e-05	2.38e-05
 2.07719e+16	2.07e-04	9.99e-01	1.16e-03	0.00e+00	0.00e+00	0.00e+00	0.00e+00	0.00e+00	0.00e+00	1.17e-04	6.59e-05	2.39e-05
 2.07925e+16	2.07e-04	9.99e-01	9.70e-04	0.00e+00	0.00e+00	0.00e+00	0.00e+00	0.00e+00	0.00e+00	1.17e-04	6.61e-05	2.40e-05
 2.08106e+16	2.08e-04	9.99e-01	8.07e-04	0.00e+00	0.00e+00	0.00e+00	0.00e+00	0.00e+00	0.00e+00	1.17e-04	6.63e-05	2.41e-05
 2.08267e+16	2.08e-04	9.99e-01	6.67e-04	0.00e+00	0.00e+00	0.00e+00	0.00e+00	0.00e+00	0.00e+00	1.17e-04	6.64e-05	2.41e-05
 2.08411e+16	2.08e-04	9.99e-01	5.46e-04	0.00e+00	0.00e+00	0.00e+00	0.00e+00	0.00e+00	0.00e+00	1.18e-04	6.64e-05	2.41e-05
 2.08540e+16	2.09e-04	9.99e-01	4.43e-04	0.00e+00	0.00e+00	0.00e+00	0.00e+00	0.00e+00	0.00e+00	1.18e-04	6.65e-05	2.41e-05
 2.08657e+16	2.08e-04	9.99e-01	3.56e-04	0.00e+00	0.00e+00	0.00e+00	0.00e+00	0.00e+00	0.00e+00	1.18e-04	6.64e-05	2.41e-05
 2.08765e+16	2.08e-04	1.00e+00	2.82e-04	0.00e+00	0.00e+00	0.00e+00	0.00e+00	0.00e+00	0.00e+00	1.17e-04	6.62e-05	2.41e-05
 2.08865e+16	2.08e-04	1.00e+00	2.20e-04	0.00e+00	0.00e+00	0.00e+00	0.00e+00	0.00e+00	0.00e+00	1.17e-04	6.62e-05	2.40e-05
 2.08959e+16	2.07e-04	1.00e+00	1.71e-04	0.00e+00	0.00e+00	0.00e+00	0.00e+00	0.00e+00	0.00e+00	1.17e-04	6.60e-05	2.40e-05
 2.09064e+16	2.06e-04	1.00e+00	1.25e-04	0.00e+00	0.00e+00	0.00e+00	0.00e+00	0.00e+00	0.00e+00	1.16e-04	6.58e-05	2.39e-05
 2.09179e+16	2.06e-04	1.00e+00	8.63e-05	0.00e+00	0.00e+00	0.00e+00	0.00e+00	0.00e+00	0.00e+00	1.16e-04	6.56e-05	2.38e-05
 2.09285e+16	2.05e-04	1.00e+00	5.95e-05	0.00e+00	0.00e+00	0.00e+00	0.00e+00	0.00e+00	0.00e+00	1.16e-04	6.53e-05	2.37e-05
 2.09404e+16	2.05e-04	1.00e+00	3.92e-05	0.00e+00	0.00e+00	0.00e+00	0.00e+00	0.00e+00	0.00e+00	1.15e-04	6.52e-05	2.37e-05
 2.09559e+16	2.05e-04	1.00e+00	2.29e-05	0.00e+00	0.00e+00	0.00e+00	0.00e+00	0.00e+00	0.00e+00	1.15e-04	6.51e-05	2.37e-05
 2.09760e+16	2.05e-04	1.00e+00	1.14e-05	0.00e+00	0.00e+00	0.00e+00	0.00e+00	0.00e+00	0.00e+00	1.15e-04	6.51e-05	2.37e-05
 2.10022e+16	2.05e-04	1.00e+00	4.69e-06	0.00e+00	0.00e+00	0.00e+00	0.00e+00	0.00e+00	0.00e+00	1.16e-04	6.54e-05	2.38e-05
 2.10362e+16	2.07e-04	1.00e+00	1.52e-06	0.00e+00	0.00e+00	0.00e+00	0.00e+00	0.00e+00	0.00e+00	1.17e-04	6.58e-05	2.39e-05
 2.10804e+16	2.08e-04	1.00e+00	3.66e-07	0.00e+00	0.00e+00	0.00e+00	0.00e+00	0.00e+00	0.00e+00	1.18e-04	6.63e-05	2.41e-05
 2.11379e+16	2.11e-04	1.00e+00	6.26e-08	0.00e+00	0.00e+00	0.00e+00	0.00e+00	0.00e+00	0.00e+00	1.19e-04	6.70e-05	2.44e-05
 2.12126e+16	2.14e-04	1.00e+00	7.34e-09	0.00e+00	0.00e+00	0.00e+00	0.00e+00	0.00e+00	0.00e+00	1.21e-04	6.80e-05	2.47e-05
 2.13097e+16	2.18e-04	1.00e+00	5.89e-10	0.00e+00	0.00e+00	0.00e+00	0.00e+00	0.00e+00	0.00e+00	1.23e-04	6.93e-05	2.52e-05
 2.14360e+16	2.23e-04	1.00e+00	3.22e-11	0.00e+00	0.00e+00	0.00e+00	0.00e+00	0.00e+00	0.00e+00	1.26e-04	7.09e-05	2.58e-05
 2.16001e+16	2.31e-04	1.00e+00	1.10e-12	0.00e+00	0.00e+00	0.00e+00	0.00e+00	0.00e+00	0.00e+00	1.31e-04	7.32e-05	2.66e-05
 2.18135e+16	2.41e-04	1.00e+00	1.95e-14	0.00e+00	0.00e+00	0.00e+00	0.00e+00	0.00e+00	0.00e+00	1.37e-04	7.62e-05	2.77e-05
 2.20909e+16	2.55e-04	1.00e+00	1.40e-16	0.00e+00	0.00e+00	0.00e+00	0.00e+00	0.00e+00	0.00e+00	1.45e-04	8.05e-05	2.92e-05
 2.24516e+16	2.74e-04	1.00e+00	3.01e-19	0.00e+00	0.00e+00	0.00e+00	0.00e+00	0.00e+00	0.00e+00	1.56e-04	8.65e-05	3.13e-05
 2.29204e+16	3.03e-04	1.00e+00	5.93e-21	0.00e+00	0.00e+00	0.00e+00	0.00e+00	0.00e+00	0.00e+00	1.73e-04	9.53e-05	3.44e-05
 2.35298e+16	3.48e-04	1.00e+00	0.00e+00	0.00e+00	0.00e+00	0.00e+00	0.00e+00	0.00e+00	0.00e+00	2.00e-04	1.09e-04	3.92e-05
 2.43221e+16	4.23e-04	1.00e+00	0.00e+00	0.00e+00	0.00e+00	0.00e+00	0.00e+00	0.00e+00	0.00e+00	2.43e-04	1.32e-04	4.71e-05
 2.51595e+16	5.30e-04	9.99e-01	0.00e+00	0.00e+00	0.00e+00	0.00e+00	0.00e+00	0.00e+00	0.00e+00	3.06e-04	1.65e-04	5.84e-05
 2.58247e+16	6.53e-04	9.99e-01	0.00e+00	0.00e+00	0.00e+00	0.00e+00	0.00e+00	0.00e+00	0.00e+00	3.78e-04	2.02e-04	7.13e-05
 2.63082e+16	7.76e-04	9.99e-01	0.00e+00	0.00e+00	0.00e+00	0.00e+00	0.00e+00	0.00e+00	0.00e+00	4.51e-04	2.40e-04	8.42e-05
 2.67022e+16	9.11e-04	9.99e-01	0.00e+00	0.00e+00	0.00e+00	0.00e+00	0.00e+00	0.00e+00	0.00e+00	5.29e-04	2.82e-04	9.82e-05
 2.70661e+16	1.07e-03	9.99e-01	0.00e+00	0.00e+00	0.00e+00	0.00e+00	0.00e+00	0.00e+00	0.00e+00	6.24e-04	3.32e-04	1.15e-04
 2.74031e+16	1.27e-03	9.99e-01	0.00e+00	0.00e+00	0.00e+00	0.00e+00	0.00e+00	0.00e+00	0.00e+00	7.40e-04	3.93e-04	1.36e-04
 2.76950e+16	1.50e-03	9.98e-01	0.00e+00	0.00e+00	0.00e+00	0.00e+00	0.00e+00	0.00e+00	0.00e+00	8.76e-04	4.65e-04	1.60e-04
 2.79371e+16	1.76e-03	9.98e-01	0.00e+00	0.00e+00	0.00e+00	0.00e+00	0.00e+00	0.00e+00	0.00e+00	1.03e-03	5.44e-04	1.87e-04
 2.81415e+16	2.04e-03	9.98e-01	0.00e+00	0.00e+00	0.00e+00	0.00e+00	0.00e+00	0.00e+00	0.00e+00	1.19e-03	6.32e-04	2.17e-04
 2.83212e+16	2.37e-03	9.98e-01	0.00e+00	0.00e+00	0.00e+00	0.00e+00	0.00e+00	0.00e+00	0.00e+00	1.38e-03	7.31e-04	2.51e-04
 2.84825e+16	2.74e-03	9.97e-01	0.00e+00	0.00e+00	0.00e+00	0.00e+00	0.00e+00	0.00e+00	0.00e+00	1.60e-03	8.47e-04	2.90e-04
 2.86259e+16	3.17e-03	9.97e-01	0.00e+00	0.00e+00	0.00e+00	0.00e+00	0.00e+00	0.00e+00	0.00e+00	1.85e-03	9.79e-04	3.35e-04
 2.87521e+16	3.65e-03	9.96e-01	0.00e+00	0.00e+00	0.00e+00	0.00e+00	0.00e+00	0.00e+00	0.00e+00	2.13e-03	1.13e-03	3.86e-04
 2.88631e+16	4.20e-03	9.96e-01	0.00e+00	0.00e+00	0.00e+00	0.00e+00	0.00e+00	0.00e+00	0.00e+00	2.45e-03	1.30e-03	4.44e-04
 2.89621e+16	4.83e-03	9.95e-01	0.00e+00	0.00e+00	0.00e+00	0.00e+00	0.00e+00	0.00e+00	0.00e+00	2.81e-03	1.49e-03	5.10e-04
 2.90511e+16	5.54e-03	9.94e-01	0.00e+00	0.00e+00	0.00e+00	0.00e+00	0.00e+00	0.00e+00	0.00e+00	3.23e-03	1.71e-03	5.85e-04
 2.91314e+16	6.37e-03	9.94e-01	0.00e+00	0.00e+00	0.00e+00	0.00e+00	0.00e+00	0.00e+00	0.00e+00	3.72e-03	1.97e-03	6.73e-04
 2.92038e+16	7.33e-03	9.93e-01	0.00e+00	0.00e+00	0.00e+00	0.00e+00	0.00e+00	0.00e+00	0.00e+00	4.27e-03	2.26e-03	7.74e-04
 2.92694e+16	8.44e-03	9.92e-01	0.00e+00	0.00e+00	0.00e+00	0.00e+00	0.00e+00	0.00e+00	0.00e+00	4.92e-03	2.61e-03	8.91e-04
 2.93290e+16	9.75e-03	9.90e-01	0.00e+00	0.00e+00	0.00e+00	0.00e+00	0.00e+00	0.00e+00	0.00e+00	5.68e-03	3.01e-03	1.03e-03
 2.93836e+16	1.13e-02	9.89e-01	0.00e+00	0.00e+00	0.00e+00	0.00e+00	0.00e+00	0.00e+00	0.00e+00	6.59e-03	3.49e-03	1.19e-03
