#depth	He	He+	He+2
 1.49634e+10	5.21e-23	2.77e-12	1.00e+00
 4.54887e+10	5.87e-23	3.00e-12	1.00e+00
 7.72350e+10	6.58e-23	3.24e-12	1.00e+00
 1.10251e+11	7.39e-23	3.51e-12	1.00e+00
 1.41328e+11	8.23e-23	3.77e-12	1.00e+00
 1.69292e+11	9.03e-23	4.01e-12	1.00e+00
 2.00849e+11	1.00e-22	4.29e-12	1.00e+00
 2.38022e+11	1.13e-22	4.64e-12	1.00e+00
 2.75299e+11	1.27e-22	4.99e-12	1.00e+00
 3.08395e+11	1.40e-22	5.32e-12	1.00e+00
 3.43251e+11	1.55e-22	5.69e-12	1.00e+00
 3.82622e+11	1.74e-22	6.11e-12	1.00e+00
 4.20013e+11	1.94e-22	6.52e-12	1.00e+00
 4.55373e+11	2.13e-22	6.92e-12	1.00e+00
 4.95944e+11	2.38e-22	7.40e-12	1.00e+00
 5.44216e+11	2.70e-22	8.00e-12	1.00e+00
 5.91336e+11	3.06e-22	8.60e-12	1.00e+00
 6.33220e+11	3.39e-22	9.15e-12	1.00e+00
 6.79461e+11	3.79e-22	9.78e-12	1.00e+00
 7.34673e+11	4.33e-22	1.06e-11	1.00e+00
 7.89945e+11	4.93e-22	1.14e-11	1.00e+00
 8.40915e+11	5.53e-22	1.22e-11	1.00e+00
 8.97895e+11	6.25e-22	1.31e-11	1.00e+00
 9.63666e+11	7.20e-22	1.42e-11	1.00e+00
 1.02823e+12	8.24e-22	1.53e-11	1.00e+00
 1.09019e+12	9.33e-22	1.64e-11	1.00e+00
 1.15150e+12	1.05e-21	1.75e-11	1.00e+00
 1.22044e+12	1.20e-21	1.88e-11	1.00e+00
 1.29629e+12	1.38e-21	2.04e-11	1.00e+00
 1.36775e+12	1.57e-21	2.19e-11	1.00e+00
 1.44496e+12	1.80e-21	2.35e-11	1.00e+00
 1.52177e+12	2.05e-21	2.53e-11	1.00e+00
 1.58388e+12	2.27e-21	2.67e-11	1.00e+00
 1.64898e+12	2.52e-21	2.83e-11	1.00e+00
 1.73361e+12	2.88e-21	3.05e-11	1.00e+00
 1.82357e+12	3.31e-21	3.28e-11	1.00e+00
 1.90242e+12	3.72e-21	3.50e-11	1.00e+00
 1.98686e+12	4.20e-21	3.74e-11	1.00e+00
 2.09024e+12	4.86e-21	4.05e-11	1.00e+00
 2.19564e+12	5.63e-21	4.37e-11	1.00e+00
 2.29163e+12	6.39e-21	4.69e-11	1.00e+00
 2.39800e+12	7.32e-21	5.06e-11	1.00e+00
 2.52225e+12	8.57e-21	5.50e-11	1.00e+00
 2.64693e+12	9.97e-21	5.97e-11	1.00e+00
 2.75515e+12	1.13e-20	6.40e-11	1.00e+00
 2.84820e+12	1.26e-20	6.79e-11	1.00e+00
 2.95261e+12	1.42e-20	7.26e-11	1.00e+00
 3.08681e+12	1.64e-20	7.87e-11	1.00e+00
 3.22470e+12	1.91e-20	8.55e-11	1.00e+00
 3.34010e+12	2.16e-20	9.15e-11	1.00e+00
 3.46133e+12	2.43e-20	9.83e-11	1.00e+00
 3.61542e+12	2.83e-20	1.07e-10	1.00e+00
 3.77311e+12	3.31e-20	1.17e-10	1.00e+00
 3.90682e+12	3.75e-20	1.26e-10	1.00e+00
 4.04845e+12	4.25e-20	1.36e-10	1.00e+00
 4.22603e+12	4.97e-20	1.49e-10	1.00e+00
 4.40242e+12	5.81e-20	1.64e-10	1.00e+00
 4.54833e+12	6.55e-20	1.77e-10	1.00e+00
 4.70253e+12	7.39e-20	1.91e-10	1.00e+00
 4.90045e+12	8.63e-20	2.11e-10	1.00e+00
 5.10547e+12	1.02e-19	2.33e-10	1.00e+00
 5.28111e+12	1.16e-19	2.53e-10	1.00e+00
 5.46133e+12	1.31e-19	2.75e-10	1.00e+00
 5.67864e+12	1.52e-19	3.03e-10	1.00e+00
 5.90995e+12	1.78e-19	3.34e-10	1.00e+00
 6.10587e+12	2.01e-19	3.63e-10	1.00e+00
 6.26731e+12	2.21e-19	3.87e-10	1.00e+00
 6.44755e+12	2.44e-19	4.16e-10	1.00e+00
 6.68186e+12	2.78e-19	4.54e-10	1.00e+00
 6.92520e+12	3.17e-19	4.96e-10	1.00e+00
 7.12915e+12	3.51e-19	5.33e-10	1.00e+00
 7.34316e+12	3.89e-19	5.74e-10	1.00e+00
 7.62137e+12	4.43e-19	6.29e-10	1.00e+00
 7.90787e+12	5.05e-19	6.88e-10	1.00e+00
 8.14500e+12	5.58e-19	7.39e-10	1.00e+00
 8.39313e+12	6.17e-19	7.95e-10	1.00e+00
 8.71570e+12	7.02e-19	8.71e-10	1.00e+00
 9.05108e+12	8.00e-19	9.53e-10	1.00e+00
 9.33368e+12	8.87e-19	1.03e-09	1.00e+00
 9.63161e+12	9.83e-19	1.11e-09	1.00e+00
 1.00110e+13	1.12e-18	1.21e-09	1.00e+00
 1.04030e+13	1.28e-18	1.33e-09	1.00e+00
 1.07416e+13	1.42e-18	1.43e-09	1.00e+00
 1.11039e+13	1.58e-18	1.55e-09	1.00e+00
 1.15498e+13	1.80e-18	1.70e-09	1.00e+00
 1.20041e+13	2.05e-18	1.86e-09	1.00e+00
 1.24130e+13	2.29e-18	2.01e-09	1.00e+00
 1.27771e+13	2.52e-18	2.15e-09	1.00e+00
 1.30957e+13	2.74e-18	2.27e-09	1.00e+00
 1.34414e+13	2.98e-18	2.42e-09	1.00e+00
 1.38909e+13	3.32e-18	2.61e-09	1.00e+00
 1.43499e+13	3.70e-18	2.82e-09	1.00e+00
 1.47247e+13	4.02e-18	2.99e-09	1.00e+00
 1.51150e+13	4.37e-18	3.18e-09	1.00e+00
 1.56223e+13	4.86e-18	3.44e-09	1.00e+00
 1.61553e+13	5.41e-18	3.73e-09	1.00e+00
 1.66123e+13	5.91e-18	3.98e-09	1.00e+00
 1.70972e+13	6.47e-18	4.27e-09	1.00e+00
 1.77276e+13	7.25e-18	4.65e-09	1.00e+00
 1.83830e+13	8.12e-18	5.08e-09	1.00e+00
 1.89370e+13	8.91e-18	5.46e-09	1.00e+00
 1.95234e+13	9.79e-18	5.88e-09	1.00e+00
 2.02669e+13	1.10e-17	6.45e-09	1.00e+00
 2.10453e+13	1.24e-17	7.08e-09	1.00e+00
 2.17417e+13	1.37e-17	7.67e-09	1.00e+00
 2.23962e+13	1.50e-17	8.26e-09	1.00e+00
 2.31426e+13	1.67e-17	8.96e-09	1.00e+00
 2.39805e+13	1.87e-17	9.81e-09	1.00e+00
 2.46751e+13	2.05e-17	1.05e-08	1.00e+00
 2.51956e+13	2.20e-17	1.11e-08	1.00e+00
 2.57518e+13	2.37e-17	1.17e-08	1.00e+00
 2.64749e+13	2.60e-17	1.26e-08	1.00e+00
 2.72673e+13	2.89e-17	1.36e-08	1.00e+00
 2.79902e+13	3.17e-17	1.45e-08	1.00e+00
 2.87705e+13	3.50e-17	1.55e-08	1.00e+00
 2.97848e+13	3.99e-17	1.69e-08	1.00e+00
 3.08149e+13	4.54e-17	1.84e-08	1.00e+00
 3.16504e+13	5.04e-17	1.96e-08	1.00e+00
 3.25214e+13	5.61e-17	2.09e-08	1.00e+00
 3.36536e+13	6.43e-17	2.27e-08	1.00e+00
 3.48755e+13	7.43e-17	2.47e-08	1.00e+00
 3.59791e+13	8.43e-17	2.66e-08	1.00e+00
 3.71789e+13	9.64e-17	2.86e-08	1.00e+00
 3.86292e+13	1.13e-16	3.12e-08	1.00e+00
 4.01216e+13	1.32e-16	3.40e-08	1.00e+00
 4.13633e+13	1.49e-16	3.64e-08	1.00e+00
 4.23793e+13	1.65e-16	3.84e-08	1.00e+00
 4.35166e+13	1.84e-16	4.06e-08	1.00e+00
 4.49950e+13	2.10e-16	4.36e-08	1.00e+00
 4.65935e+13	2.43e-16	4.71e-08	1.00e+00
 4.79680e+13	2.74e-16	5.01e-08	1.00e+00
 4.93750e+13	3.07e-16	5.32e-08	1.00e+00
 5.11887e+13	3.55e-16	5.74e-08	1.00e+00
 5.30868e+13	4.12e-16	6.19e-08	1.00e+00
 5.47244e+13	4.64e-16	6.59e-08	1.00e+00
 5.64673e+13	5.26e-16	7.03e-08	1.00e+00
 5.86165e+13	6.10e-16	7.58e-08	1.00e+00
 6.08184e+13	7.06e-16	8.17e-08	1.00e+00
 6.28027e+13	8.03e-16	8.73e-08	1.00e+00
 6.49792e+13	9.19e-16	9.35e-08	1.00e+00
 6.75486e+13	1.07e-15	1.01e-07	1.00e+00
 7.00852e+13	1.24e-15	1.09e-07	1.00e+00
 7.24164e+13	1.41e-15	1.16e-07	1.00e+00
 7.46434e+13	1.59e-15	1.24e-07	1.00e+00
 7.71578e+13	1.81e-15	1.32e-07	1.00e+00
 7.99563e+13	2.09e-15	1.42e-07	1.00e+00
 8.25757e+13	2.37e-15	1.52e-07	1.00e+00
 8.48289e+13	2.64e-15	1.61e-07	1.00e+00
 8.68262e+13	2.89e-15	1.68e-07	1.00e+00
 8.90944e+13	3.20e-15	1.77e-07	1.00e+00
 9.20431e+13	3.65e-15	1.90e-07	1.00e+00
 9.50793e+13	4.14e-15	2.03e-07	1.00e+00
 9.76112e+13	4.60e-15	2.14e-07	1.00e+00
 1.00285e+14	5.12e-15	2.26e-07	1.00e+00
 1.03761e+14	5.88e-15	2.43e-07	1.00e+00
 1.07340e+14	6.73e-15	2.61e-07	1.00e+00
 1.10338e+14	7.50e-15	2.76e-07	1.00e+00
 1.13522e+14	8.40e-15	2.93e-07	1.00e+00
 1.17642e+14	9.72e-15	3.17e-07	1.00e+00
 1.21913e+14	1.12e-14	3.41e-07	1.00e+00
 1.25567e+14	1.26e-14	3.63e-07	1.00e+00
 1.29488e+14	1.43e-14	3.87e-07	1.00e+00
 1.34354e+14	1.66e-14	4.19e-07	1.00e+00
 1.39284e+14	1.91e-14	4.52e-07	1.00e+00
 1.43626e+14	2.16e-14	4.82e-07	1.00e+00
 1.48364e+14	2.45e-14	5.16e-07	1.00e+00
 1.54079e+14	2.86e-14	5.60e-07	1.00e+00
 1.59752e+14	3.30e-14	6.04e-07	1.00e+00
 1.64859e+14	3.73e-14	6.46e-07	1.00e+00
 1.70541e+14	4.27e-14	6.93e-07	1.00e+00
 1.77242e+14	4.97e-14	7.53e-07	1.00e+00
 1.83864e+14	5.73e-14	8.13e-07	1.00e+00
 1.89460e+14	6.44e-14	8.66e-07	1.00e+00
 1.94016e+14	7.06e-14	9.10e-07	1.00e+00
 1.98825e+14	7.76e-14	9.58e-07	1.00e+00
 2.05077e+14	8.73e-14	1.02e-06	1.00e+00
 2.11626e+14	9.85e-14	1.09e-06	1.00e+00
 2.17178e+14	1.09e-13	1.15e-06	1.00e+00
 2.23009e+14	1.20e-13	1.22e-06	1.00e+00
 2.30590e+14	1.36e-13	1.30e-06	1.00e+00
 2.38454e+14	1.54e-13	1.40e-06	1.00e+00
 2.45044e+14	1.70e-13	1.48e-06	1.00e+00
 2.51969e+14	1.89e-13	1.56e-06	1.00e+00
 2.60971e+14	2.14e-13	1.68e-06	1.00e+00
 2.70451e+14	2.44e-13	1.81e-06	1.00e+00
 2.78632e+14	2.71e-13	1.92e-06	1.00e+00
 2.87345e+14	3.03e-13	2.04e-06	1.00e+00
 2.98130e+14	3.45e-13	2.20e-06	1.00e+00
 3.09264e+14	3.92e-13	2.36e-06	1.00e+00
 3.19348e+14	4.38e-13	2.52e-06	1.00e+00
 3.30407e+14	4.93e-13	2.70e-06	1.00e+00
 3.43407e+14	5.60e-13	2.92e-06	1.00e+00
 3.56242e+14	6.35e-13	3.13e-06	1.00e+00
 3.68265e+14	7.09e-13	3.35e-06	1.00e+00
 3.81699e+14	8.00e-13	3.60e-06	1.00e+00
 3.94579e+14	8.92e-13	3.84e-06	1.00e+00
 4.04177e+14	9.65e-13	4.03e-06	1.00e+00
 4.13877e+14	1.04e-12	4.23e-06	1.00e+00
 4.26487e+14	1.15e-12	4.48e-06	1.00e+00
 4.40153e+14	1.27e-12	4.77e-06	1.00e+00
 4.52427e+14	1.39e-12	5.04e-06	1.00e+00
 4.65617e+14	1.53e-12	5.34e-06	1.00e+00
 4.82549e+14	1.71e-12	5.73e-06	1.00e+00
 4.99712e+14	1.91e-12	6.14e-06	1.00e+00
 5.13884e+14	2.09e-12	6.50e-06	1.00e+00
 5.28800e+14	2.29e-12	6.87e-06	1.00e+00
 5.47990e+14	2.56e-12	7.39e-06	1.00e+00
 5.68219e+14	2.87e-12	7.94e-06	1.00e+00
 5.85889e+14	3.17e-12	8.45e-06	1.00e+00
 6.04749e+14	3.49e-12	9.00e-06	1.00e+00
 6.27731e+14	3.93e-12	9.71e-06	1.00e+00
 6.50610e+14	4.42e-12	1.05e-05	1.00e+00
 6.70616e+14	4.84e-12	1.11e-05	1.00e+00
 6.92354e+14	5.36e-12	1.19e-05	1.00e+00
 7.18749e+14	6.05e-12	1.28e-05	1.00e+00
 7.45153e+14	6.78e-12	1.38e-05	1.00e+00
 7.68693e+14	7.46e-12	1.47e-05	1.00e+00
 7.94551e+14	8.31e-12	1.57e-05	1.00e+00
 8.25365e+14	9.36e-12	1.70e-05	1.00e+00
 8.54412e+14	1.05e-11	1.83e-05	1.00e+00
 8.77901e+14	1.14e-11	1.94e-05	1.00e+00
 8.98545e+14	1.23e-11	2.03e-05	1.00e+00
 9.21559e+14	1.34e-11	2.14e-05	1.00e+00
 9.51476e+14	1.49e-11	2.29e-05	1.00e+00
 9.81907e+14	1.64e-11	2.45e-05	1.00e+00
 1.00658e+15	1.78e-11	2.58e-05	1.00e+00
 1.03222e+15	1.94e-11	2.72e-05	1.00e+00
 1.06555e+15	2.16e-11	2.91e-05	1.00e+00
 1.10037e+15	2.40e-11	3.12e-05	1.00e+00
 1.12991e+15	2.62e-11	3.30e-05	1.00e+00
 1.16107e+15	2.86e-11	3.50e-05	1.00e+00
 1.20158e+15	3.22e-11	3.76e-05	1.00e+00
 1.24362e+15	3.60e-11	4.05e-05	1.00e+00
 1.27923e+15	3.96e-11	4.30e-05	1.00e+00
 1.31711e+15	4.38e-11	4.58e-05	1.00e+00
 1.36531e+15	4.98e-11	4.95e-05	1.00e+00
 1.41560e+15	5.60e-11	5.34e-05	1.00e+00
 1.45999e+15	6.25e-11	5.71e-05	1.00e+00
 1.50799e+15	6.99e-11	6.13e-05	1.00e+00
 1.56585e+15	8.05e-11	6.65e-05	1.00e+00
 1.62352e+15	9.07e-11	7.19e-05	1.00e+00
 1.67552e+15	1.02e-10	7.70e-05	1.00e+00
 1.71983e+15	1.13e-10	8.16e-05	1.00e+00
 1.75733e+15	1.22e-10	8.55e-05	1.00e+00
 1.79930e+15	1.32e-10	9.00e-05	1.00e+00
 1.85386e+15	1.49e-10	9.62e-05	1.00e+00
 1.91055e+15	1.66e-10	1.03e-04	1.00e+00
 1.95786e+15	1.82e-10	1.09e-04	1.00e+00
 2.00721e+15	1.99e-10	1.15e-04	1.00e+00
 2.07137e+15	2.27e-10	1.23e-04	1.00e+00
 2.13770e+15	2.56e-10	1.32e-04	1.00e+00
 2.19269e+15	2.84e-10	1.40e-04	1.00e+00
 2.25002e+15	3.13e-10	1.48e-04	1.00e+00
 2.32454e+15	3.59e-10	1.59e-04	1.00e+00
 2.40255e+15	4.10e-10	1.72e-04	1.00e+00
 2.46896e+15	4.57e-10	1.83e-04	1.00e+00
 2.53916e+15	5.07e-10	1.95e-04	1.00e+00
 2.63041e+15	5.97e-10	2.11e-04	1.00e+00
 2.72591e+15	6.94e-10	2.30e-04	1.00e+00
 2.80780e+15	7.74e-10	2.45e-04	1.00e+00
 2.89512e+15	8.98e-10	2.64e-04	1.00e+00
 3.00339e+15	1.04e-09	2.87e-04	1.00e+00
 3.11392e+15	1.23e-09	3.12e-04	1.00e+00
 3.21141e+15	1.40e-09	3.35e-04	1.00e+00
 3.29295e+15	1.55e-09	3.55e-04	1.00e+00
 3.36370e+15	1.71e-09	3.73e-04	1.00e+00
 3.44435e+15	1.90e-09	3.95e-04	1.00e+00
 3.54920e+15	2.22e-09	4.24e-04	1.00e+00
 3.65634e+15	2.53e-09	4.54e-04	1.00e+00
 3.74329e+15	2.80e-09	4.80e-04	1.00e+00
 3.83315e+15	3.09e-09	5.07e-04	9.99e-01
 3.94998e+15	3.59e-09	5.44e-04	9.99e-01
 4.07137e+15	4.10e-09	5.84e-04	9.99e-01
 4.17335e+15	4.54e-09	6.18e-04	9.99e-01
 4.28054e+15	5.16e-09	6.57e-04	9.99e-01
 4.41990e+15	5.96e-09	7.08e-04	9.99e-01
 4.56464e+15	6.96e-09	7.64e-04	9.99e-01
 4.68641e+15	7.80e-09	8.12e-04	9.99e-01
 4.81475e+15	8.91e-09	8.66e-04	9.99e-01
 4.98160e+15	1.04e-08	9.38e-04	9.99e-01
 5.15713e+15	1.22e-08	1.02e-03	9.99e-01
 5.30967e+15	1.39e-08	1.09e-03	9.99e-01
 5.47372e+15	1.57e-08	1.17e-03	9.99e-01
 5.67778e+15	1.89e-08	1.27e-03	9.99e-01
 5.88445e+15	2.20e-08	1.38e-03	9.99e-01
 6.03949e+15	2.48e-08	1.47e-03	9.99e-01
 6.15378e+15	2.73e-08	1.54e-03	9.98e-01
 6.27932e+15	2.99e-08	1.61e-03	9.98e-01
 6.44252e+15	3.30e-08	1.71e-03	9.98e-01
 6.62300e+15	3.81e-08	1.83e-03	9.98e-01
 6.78651e+15	4.19e-08	1.93e-03	9.98e-01
 6.95965e+15	4.78e-08	2.06e-03	9.98e-01
 7.18472e+15	5.40e-08	2.21e-03	9.98e-01
 7.41104e+15	6.34e-08	2.39e-03	9.98e-01
 7.58661e+15	7.05e-08	2.52e-03	9.97e-01
 7.76246e+15	7.83e-08	2.66e-03	9.97e-01
 7.99107e+15	8.76e-08	2.85e-03	9.97e-01
 8.23669e+15	1.02e-07	3.07e-03	9.97e-01
 8.45157e+15	1.14e-07	3.27e-03	9.97e-01
 8.67809e+15	1.27e-07	3.48e-03	9.97e-01
 8.97257e+15	1.51e-07	3.79e-03	9.96e-01
 9.26449e+15	1.71e-07	4.09e-03	9.96e-01
 9.49924e+15	1.91e-07	4.35e-03	9.96e-01
 9.75055e+15	2.16e-07	4.65e-03	9.95e-01
 1.00772e+16	2.58e-07	5.07e-03	9.95e-01
 1.03996e+16	2.95e-07	5.48e-03	9.95e-01
 1.06502e+16	3.31e-07	5.84e-03	9.94e-01
 1.08758e+16	3.65e-07	6.16e-03	9.94e-01
 1.11348e+16	4.04e-07	6.56e-03	9.93e-01
 1.14074e+16	4.49e-07	7.00e-03	9.93e-01
 1.16568e+16	5.07e-07	7.44e-03	9.93e-01
 1.18953e+16	5.54e-07	7.86e-03	9.92e-01
 1.21602e+16	6.12e-07	8.38e-03	9.92e-01
 1.24526e+16	7.01e-07	8.99e-03	9.91e-01
 1.27143e+16	7.71e-07	9.55e-03	9.90e-01
 1.29885e+16	8.54e-07	1.02e-02	9.90e-01
 1.33450e+16	1.00e-06	1.11e-02	9.89e-01
 1.36800e+16	1.14e-06	1.20e-02	9.88e-01
 1.39265e+16	1.25e-06	1.28e-02	9.87e-01
 1.41861e+16	1.39e-06	1.36e-02	9.86e-01
 1.45236e+16	1.60e-06	1.49e-02	9.85e-01
 1.48686e+16	1.84e-06	1.62e-02	9.84e-01
 1.51494e+16	2.05e-06	1.74e-02	9.83e-01
 1.54402e+16	2.32e-06	1.89e-02	9.81e-01
 1.57477e+16	2.74e-06	2.06e-02	9.79e-01
 1.60011e+16	3.05e-06	2.22e-02	9.78e-01
 1.62550e+16	3.47e-06	2.40e-02	9.76e-01
 1.65337e+16	3.97e-06	2.62e-02	9.74e-01
 1.67857e+16	4.47e-06	2.84e-02	9.72e-01
 1.70150e+16	4.99e-06	3.07e-02	9.69e-01
 1.72397e+16	5.81e-06	3.33e-02	9.67e-01
 1.74467e+16	6.45e-06	3.59e-02	9.64e-01
 1.76649e+16	7.27e-06	3.92e-02	9.61e-01
 1.79056e+16	8.39e-06	4.32e-02	9.57e-01
 1.81188e+16	9.66e-06	4.74e-02	9.53e-01
 1.82981e+16	1.10e-05	5.14e-02	9.49e-01
 1.84643e+16	1.24e-05	5.57e-02	9.44e-01
 1.86546e+16	1.44e-05	6.14e-02	9.39e-01
 1.88545e+16	1.72e-05	6.84e-02	9.32e-01
 1.90144e+16	1.95e-05	7.48e-02	9.25e-01
 1.91490e+16	2.27e-05	8.12e-02	9.19e-01
 1.92770e+16	2.49e-05	8.77e-02	9.12e-01
 1.94167e+16	2.85e-05	9.62e-02	9.04e-01
 1.95730e+16	3.33e-05	1.07e-01	8.93e-01
 1.97130e+16	4.02e-05	1.18e-01	8.82e-01
 1.98101e+16	4.46e-05	1.27e-01	8.73e-01
 1.98891e+16	4.92e-05	1.35e-01	8.64e-01
 1.99918e+16	5.56e-05	1.47e-01	8.53e-01
 2.01252e+16	6.60e-05	1.64e-01	8.36e-01
 2.02534e+16	7.71e-05	1.83e-01	8.17e-01
 2.03347e+16	8.62e-05	1.97e-01	8.03e-01
 2.03845e+16	9.28e-05	2.06e-01	7.94e-01
 2.04333e+16	9.86e-05	2.15e-01	7.85e-01
 2.04968e+16	1.08e-04	2.28e-01	7.71e-01
 2.05794e+16	1.23e-04	2.47e-01	7.53e-01
 2.06534e+16	1.36e-04	2.65e-01	7.35e-01
 2.07061e+16	1.49e-04	2.78e-01	7.21e-01
 2.07512e+16	1.59e-04	2.90e-01	7.09e-01
 2.07968e+16	1.69e-04	3.04e-01	6.96e-01
 2.08561e+16	1.87e-04	3.22e-01	6.78e-01
 2.09163e+16	2.05e-04	3.41e-01	6.59e-01
 2.09669e+16	2.20e-04	3.57e-01	6.43e-01
 2.10218e+16	2.41e-04	3.77e-01	6.23e-01
 2.10787e+16	2.62e-04	3.97e-01	6.03e-01
 2.11381e+16	2.87e-04	4.19e-01	5.80e-01
 2.12025e+16	3.19e-04	4.44e-01	5.56e-01
 2.12548e+16	3.41e-04	4.64e-01	5.36e-01
 2.13044e+16	3.68e-04	4.85e-01	5.15e-01
 2.13689e+16	4.08e-04	5.11e-01	4.88e-01
 2.14337e+16	4.45e-04	5.38e-01	4.62e-01
 2.14900e+16	4.81e-04	5.61e-01	4.39e-01
 2.15542e+16	5.26e-04	5.87e-01	4.12e-01
 2.16260e+16	5.77e-04	6.16e-01	3.83e-01
 2.16948e+16	6.28e-04	6.43e-01	3.57e-01
 2.17500e+16	6.71e-04	6.63e-01	3.37e-01
 2.17901e+16	7.02e-04	6.77e-01	3.22e-01
 2.18318e+16	7.37e-04	6.92e-01	3.07e-01
 2.18860e+16	7.84e-04	7.11e-01	2.88e-01
 2.19442e+16	8.34e-04	7.30e-01	2.69e-01
 2.19964e+16	8.80e-04	7.46e-01	2.53e-01
 2.20531e+16	9.34e-04	7.63e-01	2.36e-01
 2.21150e+16	9.92e-04	7.81e-01	2.18e-01
 2.21710e+16	1.05e-03	7.95e-01	2.04e-01
 2.22222e+16	1.10e-03	8.07e-01	1.92e-01
 2.22797e+16	1.16e-03	8.21e-01	1.78e-01
 2.23436e+16	1.23e-03	8.34e-01	1.65e-01
 2.24015e+16	1.29e-03	8.45e-01	1.53e-01
 2.24623e+16	1.36e-03	8.56e-01	1.42e-01
 2.25262e+16	1.44e-03	8.67e-01	1.32e-01
 2.25803e+16	1.51e-03	8.75e-01	1.24e-01
 2.26293e+16	1.57e-03	8.82e-01	1.17e-01
 2.26853e+16	1.65e-03	8.90e-01	1.09e-01
 2.27478e+16	1.75e-03	8.97e-01	1.01e-01
 2.28055e+16	1.84e-03	9.04e-01	9.45e-02
 2.28554e+16	1.93e-03	9.09e-01	8.92e-02
 2.29082e+16	2.02e-03	9.14e-01	8.39e-02
 2.29667e+16	2.14e-03	9.19e-01	7.85e-02
 2.30196e+16	2.25e-03	9.24e-01	7.39e-02
 2.30675e+16	2.36e-03	9.27e-01	7.02e-02
 2.31144e+16	2.48e-03	9.31e-01	6.66e-02
 2.31683e+16	2.62e-03	9.35e-01	6.27e-02
 2.32257e+16	2.79e-03	9.38e-01	5.90e-02
 2.32746e+16	2.94e-03	9.41e-01	5.61e-02
 2.33172e+16	3.10e-03	9.43e-01	5.36e-02
 2.33646e+16	3.27e-03	9.46e-01	5.09e-02
 2.34177e+16	3.50e-03	9.48e-01	4.82e-02
 2.34665e+16	3.74e-03	9.50e-01	4.58e-02
 2.35103e+16	3.96e-03	9.52e-01	4.39e-02
 2.35592e+16	4.25e-03	9.54e-01	4.17e-02
 2.36136e+16	4.61e-03	9.56e-01	3.95e-02
 2.36633e+16	5.00e-03	9.57e-01	3.76e-02
 2.37080e+16	5.38e-03	9.58e-01	3.61e-02
 2.37579e+16	5.87e-03	9.60e-01	3.43e-02
 2.38121e+16	6.52e-03	9.61e-01	3.26e-02
 2.38584e+16	7.19e-03	9.62e-01	3.13e-02
 2.38968e+16	7.81e-03	9.62e-01	3.03e-02
 2.39381e+16	8.59e-03	9.62e-01	2.91e-02
 2.39812e+16	9.60e-03	9.62e-01	2.80e-02
 2.40149e+16	1.05e-02	9.62e-01	2.72e-02
 2.40412e+16	1.14e-02	9.62e-01	2.67e-02
 2.40692e+16	1.24e-02	9.62e-01	2.60e-02
 2.41056e+16	1.38e-02	9.61e-01	2.53e-02
 2.41420e+16	1.57e-02	9.60e-01	2.47e-02
 2.41684e+16	1.75e-02	9.58e-01	2.42e-02
 2.41878e+16	1.89e-02	9.57e-01	2.40e-02
 2.42084e+16	2.05e-02	9.56e-01	2.36e-02
 2.42351e+16	2.30e-02	9.54e-01	2.33e-02
 2.42634e+16	2.63e-02	9.51e-01	2.30e-02
 2.42864e+16	2.97e-02	9.48e-01	2.28e-02
 2.43048e+16	3.27e-02	9.45e-01	2.28e-02
 2.43244e+16	3.64e-02	9.41e-01	2.27e-02
 2.43464e+16	4.14e-02	9.36e-01	2.27e-02
 2.43662e+16	4.69e-02	9.30e-01	2.28e-02
 2.43827e+16	5.23e-02	9.25e-01	2.30e-02
 2.43978e+16	5.80e-02	9.19e-01	2.31e-02
 2.44148e+16	6.52e-02	9.11e-01	2.34e-02
 2.44330e+16	7.45e-02	9.02e-01	2.38e-02
 2.44487e+16	8.40e-02	8.92e-01	2.42e-02
 2.44617e+16	9.30e-02	8.82e-01	2.46e-02
 2.44733e+16	1.02e-01	8.73e-01	2.49e-02
 2.44846e+16	1.12e-01	8.63e-01	2.53e-02
 2.44957e+16	1.23e-01	8.51e-01	2.57e-02
 2.45044e+16	1.32e-01	8.42e-01	2.61e-02
 2.45097e+16	1.38e-01	8.36e-01	2.63e-02
 2.45146e+16	1.44e-01	8.30e-01	2.65e-02
 2.45205e+16	1.51e-01	8.22e-01	2.67e-02
 2.45270e+16	1.60e-01	8.13e-01	2.70e-02
 2.45334e+16	1.69e-01	8.04e-01	2.72e-02
 2.45393e+16	1.78e-01	7.95e-01	2.75e-02
 2.45453e+16	1.88e-01	7.85e-01	2.77e-02
 2.45513e+16	1.98e-01	7.74e-01	2.80e-02
 2.45574e+16	2.09e-01	7.63e-01	2.82e-02
 2.45635e+16	2.20e-01	7.52e-01	2.84e-02
 2.45696e+16	2.32e-01	7.40e-01	2.86e-02
 2.45757e+16	2.44e-01	7.27e-01	2.88e-02
 2.45820e+16	2.58e-01	7.13e-01	2.89e-02
 2.45882e+16	2.72e-01	6.99e-01	2.91e-02
 2.45945e+16	2.86e-01	6.84e-01	2.92e-02
 2.46009e+16	3.02e-01	6.69e-01	2.93e-02
 2.46074e+16	3.19e-01	6.52e-01	2.93e-02
 2.46141e+16	3.36e-01	6.35e-01	2.94e-02
 2.46208e+16	3.54e-01	6.17e-01	2.93e-02
 2.46279e+16	3.74e-01	5.97e-01	2.92e-02
 2.46350e+16	3.93e-01	5.78e-01	2.90e-02
 2.46422e+16	4.14e-01	5.57e-01	2.88e-02
 2.46499e+16	4.36e-01	5.35e-01	2.85e-02
 2.46580e+16	4.59e-01	5.13e-01	2.81e-02
 2.46663e+16	4.82e-01	4.91e-01	2.76e-02
 2.46747e+16	5.04e-01	4.69e-01	2.71e-02
 2.46836e+16	5.27e-01	4.46e-01	2.65e-02
 2.46931e+16	5.50e-01	4.24e-01	2.58e-02
 2.47034e+16	5.73e-01	4.02e-01	2.50e-02
 2.47146e+16	5.94e-01	3.81e-01	2.42e-02
 2.47272e+16	6.16e-01	3.61e-01	2.34e-02
 2.47409e+16	6.34e-01	3.43e-01	2.25e-02
 2.47548e+16	6.50e-01	3.29e-01	2.17e-02
 2.47684e+16	6.62e-01	3.17e-01	2.11e-02
 2.47818e+16	6.71e-01	3.08e-01	2.05e-02
 2.47952e+16	6.78e-01	3.02e-01	2.00e-02
 2.48104e+16	6.85e-01	2.95e-01	1.95e-02
 2.48303e+16	6.92e-01	2.89e-01	1.90e-02
 2.48560e+16	6.99e-01	2.82e-01	1.83e-02
 2.48896e+16	7.07e-01	2.76e-01	1.76e-02
 2.49331e+16	7.14e-01	2.69e-01	1.67e-02
 2.49898e+16	7.23e-01	2.61e-01	1.57e-02
 2.50635e+16	7.34e-01	2.51e-01	1.44e-02
 2.51496e+16	7.46e-01	2.41e-01	1.31e-02
 2.52374e+16	7.58e-01	2.30e-01	1.20e-02
 2.53224e+16	7.68e-01	2.21e-01	1.09e-02
 2.54061e+16	7.77e-01	2.12e-01	1.00e-02
 2.54916e+16	7.87e-01	2.04e-01	9.19e-03
 2.55778e+16	7.96e-01	1.96e-01	8.42e-03
 2.56641e+16	8.04e-01	1.88e-01	7.74e-03
 2.57511e+16	8.12e-01	1.81e-01	7.09e-03
 2.58397e+16	8.20e-01	1.74e-01	6.50e-03
 2.59298e+16	8.28e-01	1.67e-01	5.95e-03
 2.60198e+16	8.35e-01	1.60e-01	5.46e-03
 2.61099e+16	8.41e-01	1.54e-01	5.01e-03
 2.62007e+16	8.48e-01	1.48e-01	4.60e-03
 2.62923e+16	8.54e-01	1.42e-01	4.23e-03
 2.63679e+16	8.59e-01	1.38e-01	3.96e-03
 2.64216e+16	8.62e-01	1.34e-01	3.77e-03
 2.64708e+16	8.65e-01	1.32e-01	3.61e-03
 2.65227e+16	8.68e-01	1.29e-01	3.44e-03
 2.65764e+16	8.71e-01	1.26e-01	3.27e-03
 2.66289e+16	8.74e-01	1.23e-01	3.12e-03
 2.66793e+16	8.77e-01	1.20e-01	2.99e-03
 2.67283e+16	8.79e-01	1.18e-01	2.86e-03
 2.67766e+16	8.82e-01	1.16e-01	2.74e-03
 2.68241e+16	8.84e-01	1.13e-01	2.63e-03
 2.68707e+16	8.86e-01	1.11e-01	2.53e-03
 2.69164e+16	8.89e-01	1.09e-01	2.43e-03
 2.69612e+16	8.91e-01	1.07e-01	2.33e-03
 2.70053e+16	8.93e-01	1.05e-01	2.25e-03
 2.70489e+16	8.95e-01	1.03e-01	2.16e-03
 2.70918e+16	8.96e-01	1.01e-01	2.08e-03
 2.71341e+16	8.98e-01	9.97e-02	2.01e-03
 2.71756e+16	9.00e-01	9.81e-02	1.94e-03
 2.72165e+16	9.02e-01	9.65e-02	1.87e-03
 2.72569e+16	9.03e-01	9.49e-02	1.81e-03
 2.72968e+16	9.05e-01	9.34e-02	1.75e-03
 2.73361e+16	9.06e-01	9.19e-02	1.69e-03
 2.73751e+16	9.08e-01	9.05e-02	1.64e-03
 2.74136e+16	9.09e-01	8.92e-02	1.58e-03
 2.74518e+16	9.11e-01	8.78e-02	1.53e-03
 2.74897e+16	9.12e-01	8.65e-02	1.48e-03
 2.75273e+16	9.13e-01	8.52e-02	1.44e-03
 2.75648e+16	9.15e-01	8.40e-02	1.39e-03
 2.76021e+16	9.16e-01	8.27e-02	1.35e-03
 2.76394e+16	9.17e-01	8.15e-02	1.31e-03
 2.76767e+16	9.18e-01	8.04e-02	1.27e-03
 2.77140e+16	9.20e-01	7.92e-02	1.23e-03
 2.77517e+16	9.21e-01	7.80e-02	1.19e-03
 2.77901e+16	9.22e-01	7.69e-02	1.16e-03
 2.78296e+16	9.23e-01	7.57e-02	1.12e-03
 2.78701e+16	9.24e-01	7.45e-02	1.08e-03
 2.79114e+16	9.26e-01	7.33e-02	1.04e-03
 2.79541e+16	9.27e-01	7.21e-02	1.01e-03
 2.79985e+16	9.28e-01	7.09e-02	9.72e-04
 2.80453e+16	9.29e-01	6.96e-02	9.35e-04
 2.80942e+16	9.31e-01	6.83e-02	8.98e-04
 2.81471e+16	9.32e-01	6.69e-02	8.59e-04
 2.82078e+16	9.34e-01	6.53e-02	8.16e-04
 2.82787e+16	9.36e-01	6.35e-02	7.69e-04
 2.83553e+16	9.38e-01	6.16e-02	7.22e-04
 2.84284e+16	9.39e-01	5.99e-02	6.80e-04
 2.84949e+16	9.41e-01	5.85e-02	6.45e-04
 2.85554e+16	9.42e-01	5.71e-02	6.14e-04
 2.86105e+16	9.43e-01	5.59e-02	5.88e-04
 2.86606e+16	9.45e-01	5.49e-02	5.64e-04
 2.87062e+16	9.45e-01	5.40e-02	5.44e-04
 2.87476e+16	9.46e-01	5.31e-02	5.25e-04
 2.87854e+16	9.47e-01	5.23e-02	5.10e-04
 2.88268e+16	9.48e-01	5.15e-02	4.92e-04
 2.88714e+16	9.49e-01	5.06e-02	4.75e-04
 2.89121e+16	9.50e-01	4.97e-02	4.58e-04
 2.89491e+16	9.51e-01	4.90e-02	4.45e-04
 2.89896e+16	9.51e-01	4.83e-02	4.30e-04
 2.90334e+16	9.52e-01	4.74e-02	4.14e-04
 2.90732e+16	9.53e-01	4.66e-02	4.00e-04
 2.91094e+16	9.54e-01	4.60e-02	3.88e-04
 2.91491e+16	9.54e-01	4.52e-02	3.75e-04
 2.91920e+16	9.55e-01	4.44e-02	3.61e-04
 2.92310e+16	9.56e-01	4.37e-02	3.49e-04
 2.92665e+16	9.57e-01	4.31e-02	3.38e-04
 2.92988e+16	9.57e-01	4.25e-02	3.29e-04
 2.93342e+16	9.58e-01	4.18e-02	3.18e-04
 2.93724e+16	9.59e-01	4.12e-02	3.08e-04
 2.94072e+16	9.59e-01	4.06e-02	2.99e-04
 2.94388e+16	9.60e-01	4.00e-02	2.90e-04
 2.94735e+16	9.60e-01	3.94e-02	2.81e-04
 2.95109e+16	9.61e-01	3.88e-02	2.72e-04
 2.95450e+16	9.62e-01	3.82e-02	2.64e-04
 2.95760e+16	9.62e-01	3.77e-02	2.56e-04
 2.96100e+16	9.63e-01	3.71e-02	2.48e-04
 2.96466e+16	9.63e-01	3.65e-02	2.40e-04
 2.96800e+16	9.64e-01	3.60e-02	2.33e-04
 2.97104e+16	9.64e-01	3.55e-02	2.27e-04
 2.97437e+16	9.65e-01	3.50e-02	2.20e-04
 2.97796e+16	9.65e-01	3.44e-02	2.12e-04
 2.98123e+16	9.66e-01	3.39e-02	2.06e-04
 2.98420e+16	9.66e-01	3.35e-02	2.01e-04
 2.98746e+16	9.67e-01	3.30e-02	1.95e-04
 2.99098e+16	9.67e-01	3.25e-02	1.89e-04
 2.99419e+16	9.68e-01	3.20e-02	1.83e-04
 2.99710e+16	9.68e-01	3.16e-02	1.79e-04
 3.00029e+16	9.69e-01	3.11e-02	1.73e-04
 3.00374e+16	9.69e-01	3.07e-02	1.68e-04
 3.00688e+16	9.70e-01	3.02e-02	1.63e-04
 3.00974e+16	9.70e-01	2.99e-02	1.59e-04
 3.01286e+16	9.70e-01	2.94e-02	1.55e-04
 3.01624e+16	9.71e-01	2.90e-02	1.50e-04
 3.01932e+16	9.71e-01	2.86e-02	1.46e-04
 3.02268e+16	9.72e-01	2.82e-02	1.42e-04
 3.02632e+16	9.72e-01	2.77e-02	1.37e-04
 3.02963e+16	9.73e-01	2.74e-02	1.33e-04
 3.03326e+16	9.73e-01	2.69e-02	1.29e-04
 3.03717e+16	9.73e-01	2.65e-02	1.25e-04
 3.04073e+16	9.74e-01	2.61e-02	1.21e-04
 3.04464e+16	9.74e-01	2.56e-02	1.17e-04
 3.04885e+16	9.75e-01	2.52e-02	1.13e-04
 3.05268e+16	9.75e-01	2.48e-02	1.10e-04
 3.05617e+16	9.75e-01	2.44e-02	1.07e-04
 3.06000e+16	9.76e-01	2.40e-02	1.03e-04
 3.06413e+16	9.76e-01	2.36e-02	9.96e-05
 3.06788e+16	9.77e-01	2.33e-02	9.67e-05
 3.07200e+16	9.77e-01	2.29e-02	9.33e-05
 3.07644e+16	9.77e-01	2.25e-02	9.00e-05
 3.08049e+16	9.78e-01	2.21e-02	8.72e-05
 3.08417e+16	9.78e-01	2.18e-02	8.48e-05
 3.08820e+16	9.78e-01	2.14e-02	8.19e-05
 3.09255e+16	9.79e-01	2.11e-02	7.92e-05
 3.09652e+16	9.79e-01	2.07e-02	7.68e-05
 3.10086e+16	9.80e-01	2.04e-02	7.41e-05
 3.10555e+16	9.80e-01	2.00e-02	7.15e-05
 3.10981e+16	9.80e-01	1.97e-02	6.92e-05
 3.11448e+16	9.81e-01	1.93e-02	6.66e-05
 3.11953e+16	9.81e-01	1.89e-02	6.41e-05
 3.12412e+16	9.81e-01	1.86e-02	6.20e-05
 3.12830e+16	9.82e-01	1.83e-02	6.02e-05
 3.13288e+16	9.82e-01	1.80e-02	5.80e-05
 3.13782e+16	9.82e-01	1.77e-02	5.59e-05
 3.14232e+16	9.83e-01	1.74e-02	5.42e-05
 3.14641e+16	9.83e-01	1.71e-02	5.27e-05
 3.15090e+16	9.83e-01	1.68e-02	5.09e-05
 3.15574e+16	9.83e-01	1.66e-02	4.92e-05
 3.16105e+16	9.84e-01	1.62e-02	4.72e-05
 3.16677e+16	9.84e-01	1.59e-02	4.53e-05
 3.17199e+16	9.84e-01	1.56e-02	4.37e-05
 3.17770e+16	9.85e-01	1.53e-02	4.19e-05
 3.18387e+16	9.85e-01	1.49e-02	4.02e-05
 3.18948e+16	9.85e-01	1.47e-02	3.87e-05
 3.19459e+16	9.86e-01	1.44e-02	3.74e-05
 3.20018e+16	9.86e-01	1.41e-02	3.59e-05
 3.20622e+16	9.86e-01	1.38e-02	3.45e-05
 3.21172e+16	9.86e-01	1.36e-02	3.33e-05
 3.21774e+16	9.87e-01	1.33e-02	3.19e-05
 3.22425e+16	9.87e-01	1.30e-02	3.06e-05
 3.23017e+16	9.87e-01	1.28e-02	2.95e-05
 3.23665e+16	9.87e-01	1.25e-02	2.82e-05
 3.24365e+16	9.88e-01	1.22e-02	2.70e-05
 3.25002e+16	9.88e-01	1.20e-02	2.59e-05
 3.25701e+16	9.88e-01	1.17e-02	2.47e-05
 3.26454e+16	9.89e-01	1.14e-02	2.36e-05
 3.27140e+16	9.89e-01	1.12e-02	2.27e-05
 3.27892e+16	9.89e-01	1.09e-02	2.16e-05
 3.28703e+16	9.89e-01	1.06e-02	2.06e-05
 3.29442e+16	9.90e-01	1.04e-02	1.97e-05
 3.30251e+16	9.90e-01	1.01e-02	1.87e-05
 3.31124e+16	9.90e-01	9.88e-03	1.78e-05
 3.31919e+16	9.90e-01	9.65e-03	1.70e-05
 3.32790e+16	9.91e-01	9.39e-03	1.61e-05
 3.33730e+16	9.91e-01	9.14e-03	1.52e-05
 3.34586e+16	9.91e-01	8.92e-03	1.45e-05
 3.35524e+16	9.91e-01	8.67e-03	1.37e-05
 3.36536e+16	9.92e-01	8.42e-03	1.30e-05
 3.37457e+16	9.92e-01	8.21e-03	1.24e-05
 3.38467e+16	9.92e-01	7.97e-03	1.16e-05
 3.39557e+16	9.92e-01	7.74e-03	1.10e-05
 3.40548e+16	9.92e-01	7.54e-03	1.04e-05
 3.41635e+16	9.93e-01	7.30e-03	9.81e-06
 3.42808e+16	9.93e-01	7.08e-03	9.23e-06
 3.43876e+16	9.93e-01	6.89e-03	8.74e-06
 3.45046e+16	9.93e-01	6.66e-03	8.19e-06
 3.46309e+16	9.94e-01	6.45e-03	7.68e-06
 3.47458e+16	9.94e-01	6.27e-03	7.26e-06
 3.48717e+16	9.94e-01	6.06e-03	6.78e-06
 3.50077e+16	9.94e-01	5.85e-03	6.34e-06
 3.51567e+16	9.94e-01	5.63e-03	5.87e-06
 3.53267e+16	9.95e-01	5.39e-03	5.39e-06
 3.55043e+16	9.95e-01	5.16e-03	4.94e-06
 3.56913e+16	9.95e-01	4.93e-03	4.51e-06
 3.58856e+16	9.95e-01	4.70e-03	4.11e-06
 3.60871e+16	9.96e-01	4.48e-03	3.74e-06
 3.62937e+16	9.96e-01	4.27e-03	3.40e-06
 3.65034e+16	9.96e-01	4.06e-03	3.09e-06
 3.67163e+16	9.96e-01	3.87e-03	2.80e-06
 3.69326e+16	9.96e-01	3.68e-03	2.54e-06
 3.71527e+16	9.96e-01	3.50e-03	2.30e-06
 3.73768e+16	9.97e-01	3.33e-03	2.09e-06
 3.76048e+16	9.97e-01	3.17e-03	1.89e-06
 3.78364e+16	9.97e-01	3.01e-03	1.71e-06
 3.80720e+16	9.97e-01	2.86e-03	1.54e-06
 3.83115e+16	9.97e-01	2.72e-03	1.40e-06
 3.85507e+16	9.97e-01	2.58e-03	1.26e-06
 3.87934e+16	9.98e-01	2.45e-03	1.14e-06
 3.90453e+16	9.98e-01	2.32e-03	1.03e-06
 3.93026e+16	9.98e-01	2.20e-03	9.23e-07
 3.95630e+16	9.98e-01	2.09e-03	8.29e-07
 3.98275e+16	9.98e-01	1.98e-03	7.45e-07
 4.00967e+16	9.98e-01	1.87e-03	6.68e-07
 4.03708e+16	9.98e-01	1.77e-03	5.98e-07
 4.06496e+16	9.98e-01	1.67e-03	5.35e-07
 4.09334e+16	9.98e-01	1.58e-03	4.78e-07
 4.12225e+16	9.99e-01	1.49e-03	4.27e-07
 4.15171e+16	9.99e-01	1.41e-03	3.80e-07
 4.18172e+16	9.99e-01	1.33e-03	3.38e-07
 4.21232e+16	9.99e-01	1.25e-03	3.00e-07
 4.24354e+16	9.99e-01	1.18e-03	2.66e-07
 4.27540e+16	9.99e-01	1.11e-03	2.36e-07
 4.30793e+16	9.99e-01	1.04e-03	2.08e-07
 4.34115e+16	9.99e-01	9.74e-04	1.83e-07
 4.37509e+16	9.99e-01	9.13e-04	1.61e-07
 4.40981e+16	9.99e-01	8.55e-04	1.42e-07
 4.44535e+16	9.99e-01	7.99e-04	1.24e-07
 4.48173e+16	9.99e-01	7.47e-04	1.08e-07
 4.51904e+16	9.99e-01	6.96e-04	9.42e-08
 4.55680e+16	9.99e-01	6.49e-04	8.20e-08
 4.59548e+16	9.99e-01	6.04e-04	7.10e-08
 4.63598e+16	9.99e-01	5.61e-04	6.12e-08
 4.67768e+16	9.99e-01	5.19e-04	5.25e-08
 4.72048e+16	1.00e+00	4.80e-04	4.49e-08
 4.76497e+16	1.00e+00	4.42e-04	3.82e-08
 4.81119e+16	1.00e+00	4.06e-04	3.23e-08
 4.85914e+16	1.00e+00	3.73e-04	2.72e-08
 4.90897e+16	1.00e+00	3.40e-04	2.27e-08
 4.96096e+16	1.00e+00	3.10e-04	1.88e-08
 5.01540e+16	1.00e+00	2.81e-04	1.55e-08
 5.07275e+16	1.00e+00	2.54e-04	1.26e-08
 5.13329e+16	1.00e+00	2.28e-04	1.02e-08
 5.19725e+16	1.00e+00	2.03e-04	8.11e-09
 5.26572e+16	1.00e+00	1.80e-04	6.37e-09
 5.33936e+16	1.00e+00	1.58e-04	4.92e-09
 5.41846e+16	1.00e+00	1.38e-04	3.73e-09
 5.50442e+16	1.00e+00	1.18e-04	2.77e-09
 5.59915e+16	1.00e+00	1.00e-04	1.99e-09
 5.70772e+16	1.00e+00	8.33e-05	1.37e-09
 5.82773e+16	1.00e+00	6.81e-05	9.16e-10
 5.96048e+16	1.00e+00	5.44e-05	5.86e-10
 6.10855e+16	1.00e+00	4.27e-05	3.61e-10
 6.26080e+16	1.00e+00	3.34e-05	2.22e-10
 6.41087e+16	1.00e+00	2.64e-05	1.38e-10
 6.56027e+16	1.00e+00	2.09e-05	8.72e-11
 6.71183e+16	1.00e+00	1.66e-05	5.51e-11
 6.86689e+16	1.00e+00	1.32e-05	3.47e-11
 7.02497e+16	1.00e+00	1.04e-05	2.19e-11
 7.18586e+16	1.00e+00	8.30e-06	1.38e-11
 7.35031e+16	1.00e+00	6.58e-06	8.73e-12
 7.51800e+16	1.00e+00	5.23e-06	5.51e-12
 7.68884e+16	1.00e+00	4.15e-06	3.48e-12
 7.86309e+16	1.00e+00	3.30e-06	2.20e-12
 8.04055e+16	1.00e+00	2.62e-06	1.40e-12
 8.22262e+16	1.00e+00	2.08e-06	8.82e-13
 8.41056e+16	1.00e+00	1.65e-06	5.55e-13
 8.60355e+16	1.00e+00	1.31e-06	3.49e-13
 8.80182e+16	1.00e+00	1.03e-06	2.18e-13
 9.00597e+16	1.00e+00	8.16e-07	1.36e-13
 9.21643e+16	1.00e+00	6.43e-07	8.45e-14
 9.43168e+16	1.00e+00	5.06e-07	5.25e-14
 9.64642e+16	1.00e+00	4.01e-07	3.30e-14
 9.85630e+16	1.00e+00	3.21e-07	2.12e-14
 1.00602e+17	1.00e+00	2.60e-07	1.39e-14
 1.02592e+17	1.00e+00	2.12e-07	9.23e-15
 1.04543e+17	1.00e+00	1.74e-07	6.23e-15
 1.06447e+17	1.00e+00	1.44e-07	4.28e-15
 1.08291e+17	1.00e+00	1.20e-07	2.99e-15
 1.10067e+17	1.00e+00	1.01e-07	2.13e-15
 1.11778e+17	1.00e+00	8.63e-08	1.54e-15
 1.13425e+17	1.00e+00	7.39e-08	1.13e-15
 1.15005e+17	1.00e+00	6.39e-08	8.43e-16
 1.16519e+17	1.00e+00	5.56e-08	6.39e-16
 1.17966e+17	1.00e+00	4.88e-08	4.92e-16
 1.19347e+17	1.00e+00	4.31e-08	3.84e-16
 1.20664e+17	1.00e+00	3.83e-08	3.04e-16
 1.21920e+17	1.00e+00	3.43e-08	2.44e-16
 1.23115e+17	1.00e+00	3.09e-08	1.98e-16
 1.24253e+17	1.00e+00	2.80e-08	1.62e-16
 1.25337e+17	1.00e+00	2.55e-08	1.35e-16
 1.26368e+17	1.00e+00	2.33e-08	1.13e-16
 1.27348e+17	1.00e+00	2.14e-08	9.55e-17
 1.28278e+17	1.00e+00	1.98e-08	8.16e-17
 1.29162e+17	1.00e+00	1.84e-08	7.03e-17
 1.30003e+17	1.00e+00	1.71e-08	6.11e-17
 1.30803e+17	1.00e+00	1.60e-08	5.34e-17
 1.31565e+17	1.00e+00	1.50e-08	4.71e-17
 1.32289e+17	1.00e+00	1.42e-08	4.18e-17
 1.32977e+17	1.00e+00	1.34e-08	3.73e-17
 1.33632e+17	1.00e+00	1.27e-08	3.35e-17
 1.34255e+17	1.00e+00	1.21e-08	3.02e-17
 1.34849e+17	1.00e+00	1.15e-08	2.75e-17
 1.35416e+17	1.00e+00	1.10e-08	2.50e-17
 1.35955e+17	1.00e+00	1.05e-08	2.29e-17
 1.36470e+17	1.00e+00	1.01e-08	2.11e-17
 1.36960e+17	1.00e+00	9.68e-09	1.95e-17
 1.37429e+17	1.00e+00	9.32e-09	1.81e-17
 1.37877e+17	1.00e+00	8.99e-09	1.68e-17
 1.38306e+17	1.00e+00	8.68e-09	1.57e-17
 1.38716e+17	1.00e+00	8.40e-09	1.47e-17
 1.39109e+17	1.00e+00	8.14e-09	1.38e-17
 1.39487e+17	1.00e+00	7.90e-09	1.30e-17
 1.39849e+17	1.00e+00	7.68e-09	1.23e-17
 1.40198e+17	1.00e+00	7.47e-09	1.16e-17
 1.40534e+17	1.00e+00	7.27e-09	1.10e-17
 1.40858e+17	1.00e+00	7.08e-09	1.05e-17
 1.41171e+17	1.00e+00	6.91e-09	9.96e-18
 1.41475e+17	1.00e+00	6.75e-09	9.50e-18
 1.41770e+17	1.00e+00	6.59e-09	9.06e-18
 1.42057e+17	1.00e+00	6.44e-09	8.66e-18
 1.42338e+17	1.00e+00	6.30e-09	8.29e-18
 1.42613e+17	1.00e+00	6.17e-09	7.94e-18
 1.42883e+17	1.00e+00	6.04e-09	7.61e-18
 1.43150e+17	1.00e+00	5.91e-09	7.29e-18
 1.43415e+17	1.00e+00	5.79e-09	7.00e-18
 1.43679e+17	1.00e+00	5.67e-09	6.71e-18
 1.43944e+17	1.00e+00	5.55e-09	6.44e-18
 1.44212e+17	1.00e+00	5.44e-09	6.17e-18
 1.44484e+17	1.00e+00	5.32e-09	5.92e-18
 1.44764e+17	1.00e+00	5.21e-09	5.66e-18
 1.45054e+17	1.00e+00	5.09e-09	5.41e-18
 1.45358e+17	1.00e+00	4.97e-09	5.16e-18
 1.45681e+17	1.00e+00	4.84e-09	4.90e-18
 1.46030e+17	1.00e+00	4.71e-09	4.64e-18
 1.46413e+17	1.00e+00	4.57e-09	4.37e-18
 1.46842e+17	1.00e+00	4.42e-09	4.08e-18
 1.47334e+17	1.00e+00	4.25e-09	3.78e-18
 1.47914e+17	1.00e+00	4.06e-09	3.45e-18
 1.48621e+17	1.00e+00	3.84e-09	3.08e-18
 1.49514e+17	1.00e+00	3.58e-09	2.68e-18
 1.50668e+17	1.00e+00	3.26e-09	2.23e-18
 1.52170e+17	1.00e+00	2.90e-09	1.76e-18
 1.54121e+17	1.00e+00	2.49e-09	1.30e-18
 1.56659e+17	1.00e+00	2.05e-09	8.80e-19
 1.59957e+17	1.00e+00	1.59e-09	5.33e-19
 1.64245e+17	1.00e+00	1.16e-09	2.81e-19
 1.69741e+17	1.00e+00	7.73e-10	1.26e-19
 1.75946e+17	1.00e+00	5.00e-10	5.27e-20
 1.82333e+17	1.00e+00	3.22e-10	2.19e-20
 1.88904e+17	1.00e+00	2.07e-10	9.06e-21
 1.95539e+17	1.00e+00	1.34e-10	0.00e+00
 2.02173e+17	1.00e+00	8.72e-11	0.00e+00
 2.08807e+17	1.00e+00	5.76e-11	0.00e+00
 2.15442e+17	1.00e+00	3.85e-11	0.00e+00
 2.22076e+17	1.00e+00	2.61e-11	0.00e+00
 2.28711e+17	1.00e+00	1.80e-11	0.00e+00
 2.35345e+17	1.00e+00	1.27e-11	0.00e+00
 2.41980e+17	1.00e+00	9.21e-12	0.00e+00
 2.48614e+17	1.00e+00	6.87e-12	0.00e+00
 2.55248e+17	1.00e+00	5.29e-12	0.00e+00
 2.61883e+17	1.00e+00	4.22e-12	0.00e+00
 2.68517e+17	1.00e+00	3.49e-12	0.00e+00
 2.75152e+17	1.00e+00	2.98e-12	0.00e+00
 2.81786e+17	1.00e+00	2.61e-12	0.00e+00
 2.88420e+17	1.00e+00	2.35e-12	0.00e+00
 2.95055e+17	1.00e+00	2.15e-12	0.00e+00
 3.01689e+17	1.00e+00	2.00e-12	0.00e+00
 3.08323e+17	1.00e+00	1.88e-12	0.00e+00
 3.14958e+17	1.00e+00	1.78e-12	0.00e+00
 3.21592e+17	1.00e+00	1.69e-12	0.00e+00
 3.28227e+17	1.00e+00	1.61e-12	0.00e+00
 3.34861e+17	1.00e+00	1.54e-12	0.00e+00
 3.41496e+17	1.00e+00	1.48e-12	0.00e+00
 3.49125e+17	1.00e+00	1.41e-12	0.00e+00
 3.59044e+17	1.00e+00	1.13e-12	0.00e+00
 3.71938e+17	1.00e+00	7.81e-13	0.00e+00
 3.86810e+17	1.00e+00	4.68e-13	0.00e+00
 4.00543e+17	1.00e+00	3.74e-13	0.00e+00
 4.12479e+17	1.00e+00	4.50e-13	0.00e+00
 4.22998e+17	1.00e+00	4.41e-13	0.00e+00
 4.31501e+17	1.00e+00	4.85e-13	0.00e+00
 4.38205e+17	1.00e+00	5.27e-13	0.00e+00
 4.43119e+17	1.00e+00	5.62e-13	0.00e+00
 4.46292e+17	1.00e+00	6.04e-13	0.00e+00
 4.48195e+17	1.00e+00	6.38e-13	0.00e+00
 4.49337e+17	1.00e+00	6.60e-13	0.00e+00
 4.50023e+17	1.00e+00	6.73e-13	0.00e+00
 4.50486e+17	1.00e+00	6.81e-13	0.00e+00
 4.50940e+17	1.00e+00	6.87e-13	0.00e+00
 4.51502e+17	1.00e+00	6.91e-13	0.00e+00
 4.52111e+17	1.00e+00	6.95e-13	0.00e+00
 4.52658e+17	1.00e+00	6.97e-13	0.00e+00
 4.53111e+17	1.00e+00	6.98e-13	0.00e+00
 4.53476e+17	1.00e+00	6.99e-13	0.00e+00
 4.53807e+17	1.00e+00	7.00e-13	0.00e+00
 4.54179e+17	1.00e+00	7.00e-13	0.00e+00
 4.54584e+17	1.00e+00	6.99e-13	0.00e+00
 4.54943e+17	1.00e+00	6.97e-13	0.00e+00
 4.55226e+17	1.00e+00	6.96e-13	0.00e+00
 4.55467e+17	1.00e+00	6.96e-13	0.00e+00
 4.55713e+17	1.00e+00	6.95e-13	0.00e+00
 4.55997e+17	1.00e+00	6.93e-13	0.00e+00
 4.56295e+17	1.00e+00	6.91e-13	0.00e+00
 4.56556e+17	1.00e+00	6.89e-13	0.00e+00
 4.56764e+17	1.00e+00	6.88e-13	0.00e+00
 4.56954e+17	1.00e+00	6.87e-13	0.00e+00
 4.57165e+17	1.00e+00	6.85e-13	0.00e+00
 4.57398e+17	1.00e+00	6.83e-13	0.00e+00
 4.57617e+17	1.00e+00	6.81e-13	0.00e+00
 4.57807e+17	1.00e+00	6.79e-13	0.00e+00
 4.57983e+17	1.00e+00	6.77e-13	0.00e+00
 4.58160e+17	1.00e+00	6.75e-13	0.00e+00
 4.58344e+17	1.00e+00	6.73e-13	0.00e+00
 4.58533e+17	1.00e+00	6.71e-13	0.00e+00
 4.58721e+17	1.00e+00	6.69e-13	0.00e+00
 4.58895e+17	1.00e+00	6.66e-13	0.00e+00
 4.59055e+17	1.00e+00	6.65e-13	0.00e+00
 4.59217e+17	1.00e+00	6.63e-13	0.00e+00
 4.59388e+17	1.00e+00	6.60e-13	0.00e+00
 4.59565e+17	1.00e+00	6.58e-13	0.00e+00
 4.59737e+17	1.00e+00	6.55e-13	0.00e+00
 4.59904e+17	1.00e+00	6.53e-13	0.00e+00
 4.60075e+17	1.00e+00	6.50e-13	0.00e+00
 4.60251e+17	1.00e+00	6.47e-13	0.00e+00
 4.60428e+17	1.00e+00	6.45e-13	0.00e+00
 4.60606e+17	1.00e+00	6.42e-13	0.00e+00
 4.60784e+17	1.00e+00	6.39e-13	0.00e+00
 4.60963e+17	1.00e+00	6.36e-13	0.00e+00
 4.61145e+17	1.00e+00	6.33e-13	0.00e+00
 4.61326e+17	1.00e+00	6.30e-13	0.00e+00
 4.61525e+17	1.00e+00	6.26e-13	0.00e+00
 4.61749e+17	1.00e+00	6.22e-13	0.00e+00
 4.61969e+17	1.00e+00	6.18e-13	0.00e+00
 4.62163e+17	1.00e+00	6.14e-13	0.00e+00
 4.62350e+17	1.00e+00	6.11e-13	0.00e+00
 4.62562e+17	1.00e+00	6.07e-13	0.00e+00
 4.62804e+17	1.00e+00	6.02e-13	0.00e+00
 4.63061e+17	1.00e+00	5.97e-13	0.00e+00
 4.63300e+17	1.00e+00	5.92e-13	0.00e+00
 4.63522e+17	1.00e+00	5.88e-13	0.00e+00
 4.63753e+17	1.00e+00	5.83e-13	0.00e+00
 4.64014e+17	1.00e+00	5.78e-13	0.00e+00
 4.64301e+17	1.00e+00	5.72e-13	0.00e+00
 4.64585e+17	1.00e+00	5.66e-13	0.00e+00
 4.64849e+17	1.00e+00	5.60e-13	0.00e+00
 4.65108e+17	1.00e+00	5.55e-13	0.00e+00
 4.65397e+17	1.00e+00	5.50e-13	0.00e+00
 4.65733e+17	1.00e+00	5.43e-13	0.00e+00
 4.66086e+17	1.00e+00	5.35e-13	0.00e+00
 4.66425e+17	1.00e+00	5.28e-13	0.00e+00
 4.66740e+17	1.00e+00	5.20e-13	0.00e+00
 4.67051e+17	1.00e+00	5.14e-13	0.00e+00
 4.67385e+17	1.00e+00	5.07e-13	0.00e+00
 4.67762e+17	1.00e+00	4.99e-13	0.00e+00
 4.68170e+17	1.00e+00	4.90e-13	0.00e+00
 4.68570e+17	1.00e+00	4.82e-13	0.00e+00
 4.68954e+17	1.00e+00	4.73e-13	0.00e+00
 4.69344e+17	1.00e+00	4.65e-13	0.00e+00
 4.69769e+17	1.00e+00	4.56e-13	0.00e+00
 4.70225e+17	1.00e+00	4.47e-13	0.00e+00
 4.70679e+17	1.00e+00	4.37e-13	0.00e+00
 4.71123e+17	1.00e+00	4.27e-13	0.00e+00
 4.71582e+17	1.00e+00	4.18e-13	0.00e+00
 4.72064e+17	1.00e+00	4.08e-13	0.00e+00
 4.72571e+17	1.00e+00	3.98e-13	0.00e+00
 4.73106e+17	1.00e+00	3.87e-13	0.00e+00
 4.73637e+17	1.00e+00	3.76e-13	0.00e+00
 4.74145e+17	1.00e+00	3.65e-13	0.00e+00
 4.74662e+17	1.00e+00	3.55e-13	0.00e+00
 4.75226e+17	1.00e+00	3.45e-13	0.00e+00
 4.75830e+17	1.00e+00	3.33e-13	0.00e+00
 4.76438e+17	1.00e+00	3.21e-13	0.00e+00
 4.77018e+17	1.00e+00	3.10e-13	0.00e+00
 4.77600e+17	1.00e+00	3.00e-13	0.00e+00
 4.78225e+17	1.00e+00	2.89e-13	0.00e+00
 4.78894e+17	1.00e+00	2.77e-13	0.00e+00
 4.79571e+17	1.00e+00	2.65e-13	0.00e+00
 4.80233e+17	1.00e+00	2.53e-13	0.00e+00
 4.80894e+17	1.00e+00	2.42e-13	0.00e+00
 4.81577e+17	1.00e+00	2.32e-13	0.00e+00
 4.82295e+17	1.00e+00	2.20e-13	0.00e+00
 4.83046e+17	1.00e+00	2.09e-13	0.00e+00
 4.83798e+17	1.00e+00	1.97e-13	0.00e+00
 4.84547e+17	1.00e+00	1.87e-13	0.00e+00
 4.85312e+17	1.00e+00	1.76e-13	0.00e+00
 4.86090e+17	1.00e+00	1.65e-13	0.00e+00
 4.86884e+17	1.00e+00	1.55e-13	0.00e+00
 4.87739e+17	1.00e+00	1.45e-13	0.00e+00
 4.88627e+17	1.00e+00	1.34e-13	0.00e+00
 4.89514e+17	1.00e+00	1.24e-13	0.00e+00
 4.90404e+17	1.00e+00	1.15e-13	0.00e+00
 4.91221e+17	1.00e+00	1.06e-13	0.00e+00
 4.91928e+17	1.00e+00	9.82e-14	0.00e+00
 4.92542e+17	1.00e+00	9.22e-14	0.00e+00
 4.93113e+17	1.00e+00	8.73e-14	0.00e+00
 4.93676e+17	1.00e+00	8.25e-14	0.00e+00
 4.94223e+17	1.00e+00	7.80e-14	0.00e+00
 4.94740e+17	1.00e+00	7.39e-14	0.00e+00
 4.95217e+17	1.00e+00	7.01e-14	0.00e+00
 4.95659e+17	1.00e+00	6.69e-14	0.00e+00
 4.96082e+17	1.00e+00	6.38e-14	0.00e+00
 4.96502e+17	1.00e+00	6.10e-14	0.00e+00
 4.96912e+17	1.00e+00	5.83e-14	0.00e+00
 4.97302e+17	1.00e+00	5.57e-14	0.00e+00
 4.97667e+17	1.00e+00	5.34e-14	0.00e+00
 4.98015e+17	1.00e+00	5.13e-14	0.00e+00
 4.98356e+17	1.00e+00	4.93e-14	0.00e+00
 4.98693e+17	1.00e+00	4.74e-14	0.00e+00
 4.99020e+17	1.00e+00	4.55e-14	0.00e+00
 4.99333e+17	1.00e+00	4.38e-14	0.00e+00
 4.99631e+17	1.00e+00	4.22e-14	0.00e+00
 4.99920e+17	1.00e+00	4.07e-14	0.00e+00
 5.00202e+17	1.00e+00	3.93e-14	0.00e+00
 5.00479e+17	1.00e+00	3.79e-14	0.00e+00
 5.00748e+17	1.00e+00	3.65e-14	0.00e+00
 5.01006e+17	1.00e+00	3.53e-14	0.00e+00
 5.01255e+17	1.00e+00	3.40e-14	0.00e+00
 5.01497e+17	1.00e+00	3.29e-14	0.00e+00
 5.01732e+17	1.00e+00	3.19e-14	0.00e+00
 5.01963e+17	1.00e+00	3.08e-14	0.00e+00
 5.02226e+17	1.00e+00	2.98e-14	0.00e+00
