#depth	O	O+	O+2	O+3	O+4	O+5	O+6	O+7	O+8	O[1]	O[2]	O[3]
 1.49634e+10	0.00e+00	0.00e+00	0.00e+00	2.70e-27	3.04e-18	8.83e-10	7.72e-01	2.28e-01	1.24e-04	0.00e+00	0.00e+00	0.00e+00
 4.54887e+10	0.00e+00	0.00e+00	7.75e-37	3.48e-27	3.62e-18	9.73e-10	7.86e-01	2.14e-01	1.07e-04	0.00e+00	0.00e+00	0.00e+00
 7.72350e+10	0.00e+00	0.00e+00	0.00e+00	4.49e-27	4.31e-18	1.07e-09	7.99e-01	2.01e-01	9.29e-05	0.00e+00	0.00e+00	0.00e+00
 1.10251e+11	0.00e+00	0.00e+00	1.50e-36	5.77e-27	5.12e-18	1.18e-09	8.12e-01	1.88e-01	8.05e-05	0.00e+00	0.00e+00	0.00e+00
 1.41328e+11	0.00e+00	6.33e-47	2.02e-36	7.24e-27	5.99e-18	1.28e-09	8.23e-01	1.77e-01	7.06e-05	0.00e+00	0.00e+00	0.00e+00
 1.69292e+11	0.00e+00	0.00e+00	2.62e-36	8.82e-27	6.86e-18	1.38e-09	8.32e-01	1.68e-01	6.30e-05	0.00e+00	0.00e+00	0.00e+00
 2.00849e+11	0.00e+00	1.24e-46	3.48e-36	1.09e-26	7.94e-18	1.49e-09	8.41e-01	1.59e-01	5.55e-05	0.00e+00	0.00e+00	0.00e+00
 2.38022e+11	0.00e+00	0.00e+00	4.80e-36	1.39e-26	9.38e-18	1.63e-09	8.51e-01	1.49e-01	4.81e-05	0.00e+00	0.00e+00	0.00e+00
 2.75299e+11	0.00e+00	2.71e-46	6.53e-36	1.76e-26	1.10e-17	1.78e-09	8.61e-01	1.39e-01	4.18e-05	0.00e+00	0.00e+00	0.00e+00
 3.08395e+11	0.00e+00	0.00e+00	0.00e+00	2.15e-26	1.26e-17	1.91e-09	8.68e-01	1.32e-01	3.71e-05	0.00e+00	0.00e+00	0.00e+00
 3.43251e+11	0.00e+00	0.00e+00	1.11e-35	2.64e-26	1.45e-17	2.06e-09	8.76e-01	1.24e-01	3.28e-05	0.00e+00	0.00e+00	0.00e+00
 3.82622e+11	0.00e+00	7.57e-46	1.49e-35	3.30e-26	1.69e-17	2.23e-09	8.83e-01	1.17e-01	2.87e-05	0.00e+00	0.00e+00	0.00e+00
 4.20013e+11	0.00e+00	0.00e+00	0.00e+00	4.05e-26	1.94e-17	2.39e-09	8.90e-01	1.10e-01	2.53e-05	0.00e+00	0.00e+00	0.00e+00
 4.55373e+11	0.00e+00	0.00e+00	2.50e-35	4.88e-26	2.20e-17	2.56e-09	8.96e-01	1.04e-01	2.26e-05	0.00e+00	0.00e+00	0.00e+00
 4.95944e+11	0.00e+00	2.02e-45	3.29e-35	6.00e-26	2.53e-17	2.75e-09	9.02e-01	9.79e-02	1.99e-05	0.00e+00	0.00e+00	0.00e+00
 5.44216e+11	0.00e+00	0.00e+00	4.50e-35	7.60e-26	2.97e-17	3.00e-09	9.09e-01	9.13e-02	1.71e-05	0.00e+00	0.00e+00	0.00e+00
 5.91336e+11	0.00e+00	4.31e-45	6.04e-35	9.50e-26	3.45e-17	3.24e-09	9.15e-01	8.54e-02	1.49e-05	0.00e+00	0.00e+00	0.00e+00
 6.33220e+11	0.00e+00	0.00e+00	7.78e-35	1.15e-25	3.93e-17	3.47e-09	9.19e-01	8.06e-02	1.32e-05	0.00e+00	0.00e+00	0.00e+00
 6.79461e+11	0.00e+00	8.28e-45	1.02e-34	1.41e-25	4.51e-17	3.72e-09	9.24e-01	7.58e-02	1.16e-05	0.00e+00	0.00e+00	0.00e+00
 7.34673e+11	0.00e+00	0.00e+00	1.39e-34	1.79e-25	5.29e-17	4.04e-09	9.29e-01	7.05e-02	1.00e-05	0.00e+00	0.00e+00	0.00e+00
 7.89945e+11	0.00e+00	1.78e-44	1.88e-34	2.24e-25	6.16e-17	4.38e-09	9.34e-01	6.58e-02	8.70e-06	0.00e+00	0.00e+00	0.00e+00
 8.40915e+11	0.00e+00	0.00e+00	2.46e-34	2.74e-25	7.06e-17	4.69e-09	9.38e-01	6.18e-02	7.65e-06	0.00e+00	0.00e+00	0.00e+00
 8.97895e+11	0.00e+00	3.56e-44	3.28e-34	3.41e-25	8.18e-17	5.06e-09	9.42e-01	5.78e-02	6.66e-06	0.00e+00	0.00e+00	0.00e+00
 9.63666e+11	0.00e+00	0.00e+00	4.53e-34	4.34e-25	9.63e-17	5.51e-09	9.46e-01	5.36e-02	5.71e-06	0.00e+00	0.00e+00	0.00e+00
 1.02823e+12	0.00e+00	7.76e-44	6.13e-34	5.46e-25	1.12e-16	5.96e-09	9.50e-01	4.98e-02	4.93e-06	0.00e+00	0.00e+00	0.00e+00
 1.09019e+12	0.00e+00	0.00e+00	8.13e-34	6.75e-25	1.29e-16	6.41e-09	9.53e-01	4.66e-02	4.30e-06	0.00e+00	0.00e+00	0.00e+00
 1.15150e+12	0.00e+00	1.54e-43	1.06e-33	8.27e-25	1.48e-16	6.87e-09	9.56e-01	4.37e-02	3.77e-06	0.00e+00	0.00e+00	0.00e+00
 1.22044e+12	0.00e+00	0.00e+00	1.43e-33	1.03e-24	1.72e-16	7.41e-09	9.59e-01	4.08e-02	3.27e-06	0.00e+00	0.00e+00	0.00e+00
 1.29629e+12	0.00e+00	3.28e-43	1.95e-33	1.30e-24	2.01e-16	8.03e-09	9.62e-01	3.78e-02	2.81e-06	0.00e+00	0.00e+00	0.00e+00
 1.36775e+12	0.00e+00	0.00e+00	2.58e-33	1.61e-24	2.32e-16	8.64e-09	9.65e-01	3.54e-02	2.45e-06	0.00e+00	0.00e+00	0.00e+00
 1.44496e+12	0.00e+00	6.76e-43	3.47e-33	2.01e-24	2.70e-16	9.32e-09	9.67e-01	3.29e-02	2.12e-06	0.00e+00	0.00e+00	0.00e+00
 1.52177e+12	0.00e+00	0.00e+00	4.60e-33	2.49e-24	3.11e-16	1.00e-08	9.69e-01	3.08e-02	1.84e-06	0.00e+00	0.00e+00	0.00e+00
 1.58388e+12	0.00e+00	1.27e-42	5.75e-33	2.95e-24	3.48e-16	1.06e-08	9.71e-01	2.91e-02	1.65e-06	0.00e+00	0.00e+00	0.00e+00
 1.64898e+12	0.00e+00	0.00e+00	7.22e-33	3.50e-24	3.91e-16	1.12e-08	9.72e-01	2.76e-02	1.48e-06	0.00e+00	0.00e+00	0.00e+00
 1.73361e+12	0.00e+00	2.42e-42	9.63e-33	4.35e-24	4.52e-16	1.21e-08	9.74e-01	2.57e-02	1.28e-06	0.00e+00	0.00e+00	0.00e+00
 1.82357e+12	0.00e+00	0.00e+00	1.29e-32	5.43e-24	5.25e-16	1.31e-08	9.76e-01	2.39e-02	1.11e-06	0.00e+00	0.00e+00	0.00e+00
 1.90242e+12	0.00e+00	4.80e-42	1.66e-32	6.56e-24	5.96e-16	1.39e-08	9.78e-01	2.25e-02	9.79e-07	0.00e+00	0.00e+00	0.00e+00
 1.98686e+12	0.00e+00	0.00e+00	2.16e-32	8.00e-24	6.80e-16	1.49e-08	9.79e-01	2.11e-02	0.00e+00	0.00e+00	0.00e+00	0.00e+00
 2.09024e+12	0.00e+00	9.82e-42	2.95e-32	1.01e-23	7.96e-16	1.61e-08	9.80e-01	1.95e-02	0.00e+00	0.00e+00	0.00e+00	0.00e+00
 2.19564e+12	0.00e+00	0.00e+00	4.01e-32	1.27e-23	9.30e-16	1.74e-08	9.82e-01	1.81e-02	0.00e+00	0.00e+00	0.00e+00	0.00e+00
 2.29163e+12	0.00e+00	2.02e-41	5.25e-32	1.56e-23	1.06e-15	1.87e-08	9.83e-01	1.69e-02	0.00e+00	0.00e+00	0.00e+00	0.00e+00
 2.39800e+12	0.00e+00	0.00e+00	7.05e-32	1.95e-23	1.24e-15	2.01e-08	9.84e-01	1.58e-02	0.00e+00	0.00e+00	0.00e+00	0.00e+00
 2.52225e+12	0.00e+00	4.41e-41	9.79e-32	2.50e-23	1.46e-15	2.19e-08	9.85e-01	1.45e-02	0.00e+00	0.00e+00	0.00e+00	0.00e+00
 2.64693e+12	0.00e+00	0.00e+00	1.35e-31	3.18e-23	1.72e-15	2.38e-08	9.87e-01	1.34e-02	0.00e+00	0.00e+00	0.00e+00	0.00e+00
 2.75515e+12	0.00e+00	9.22e-41	1.76e-31	3.90e-23	1.97e-15	2.55e-08	9.87e-01	1.25e-02	0.00e+00	0.00e+00	0.00e+00	0.00e+00
 2.84820e+12	0.00e+00	0.00e+00	2.22e-31	4.63e-23	2.21e-15	2.70e-08	9.88e-01	1.18e-02	0.00e+00	0.00e+00	0.00e+00	0.00e+00
 2.95261e+12	0.00e+00	1.68e-40	2.85e-31	5.60e-23	2.51e-15	2.88e-08	9.89e-01	1.11e-02	0.00e+00	0.00e+00	0.00e+00	0.00e+00
 3.08681e+12	0.00e+00	0.00e+00	3.90e-31	7.10e-23	2.94e-15	3.12e-08	9.90e-01	1.03e-02	0.00e+00	0.00e+00	0.00e+00	0.00e+00
 3.22470e+12	0.00e+00	3.68e-40	5.33e-31	9.00e-23	3.46e-15	3.38e-08	9.90e-01	9.50e-03	0.00e+00	0.00e+00	0.00e+00	0.00e+00
 3.34010e+12	0.00e+00	0.00e+00	6.90e-31	1.09e-22	3.94e-15	3.61e-08	9.91e-01	8.90e-03	0.00e+00	0.00e+00	0.00e+00	0.00e+00
 3.46133e+12	0.00e+00	7.07e-40	9.00e-31	1.34e-22	4.52e-15	3.87e-08	9.92e-01	8.32e-03	0.00e+00	0.00e+00	0.00e+00	0.00e+00
 3.61542e+12	0.00e+00	0.00e+00	1.24e-30	1.71e-22	5.33e-15	4.21e-08	9.92e-01	7.66e-03	0.00e+00	0.00e+00	0.00e+00	0.00e+00
 3.77311e+12	0.00e+00	1.60e-39	1.73e-30	2.20e-22	6.31e-15	4.58e-08	9.93e-01	7.05e-03	0.00e+00	0.00e+00	0.00e+00	0.00e+00
 3.90682e+12	0.00e+00	0.00e+00	2.26e-30	2.70e-22	7.26e-15	4.92e-08	9.93e-01	6.57e-03	0.00e+00	0.00e+00	0.00e+00	0.00e+00
 4.04845e+12	0.00e+00	3.18e-39	3.00e-30	3.35e-22	8.40e-15	5.30e-08	9.94e-01	6.11e-03	0.00e+00	0.00e+00	0.00e+00	0.00e+00
 4.22603e+12	0.00e+00	0.00e+00	4.23e-30	4.35e-22	1.00e-14	5.80e-08	9.94e-01	5.59e-03	0.00e+00	0.00e+00	0.00e+00	0.00e+00
 4.40242e+12	0.00e+00	7.40e-39	5.89e-30	5.61e-22	1.19e-14	6.33e-08	9.95e-01	5.13e-03	0.00e+00	0.00e+00	0.00e+00	0.00e+00
 4.54833e+12	0.00e+00	0.00e+00	7.70e-30	6.89e-22	1.37e-14	6.80e-08	9.95e-01	4.78e-03	0.00e+00	0.00e+00	0.00e+00	0.00e+00
 4.70253e+12	0.00e+00	1.46e-38	1.02e-29	8.52e-22	1.59e-14	7.33e-08	9.96e-01	4.44e-03	0.00e+00	0.00e+00	0.00e+00	0.00e+00
 4.90045e+12	0.00e+00	0.00e+00	1.43e-29	1.11e-21	1.91e-14	8.04e-08	9.96e-01	4.05e-03	0.00e+00	0.00e+00	0.00e+00	0.00e+00
 5.10547e+12	0.00e+00	3.44e-38	2.02e-29	1.45e-21	2.29e-14	8.84e-08	9.96e-01	3.69e-03	0.00e+00	0.00e+00	0.00e+00	0.00e+00
 5.28111e+12	0.00e+00	0.00e+00	2.70e-29	1.81e-21	2.67e-14	9.56e-08	9.97e-01	3.42e-03	0.00e+00	0.00e+00	0.00e+00	0.00e+00
 5.46133e+12	0.00e+00	6.99e-38	3.58e-29	2.25e-21	3.11e-14	1.03e-07	9.97e-01	3.16e-03	0.00e+00	0.00e+00	0.00e+00	0.00e+00
 5.67864e+12	0.00e+00	0.00e+00	4.99e-29	2.91e-21	3.71e-14	1.13e-07	9.97e-01	2.89e-03	0.00e+00	0.00e+00	0.00e+00	0.00e+00
 5.90995e+12	0.00e+00	1.60e-37	6.99e-29	3.78e-21	4.46e-14	1.25e-07	9.97e-01	2.63e-03	0.00e+00	0.00e+00	0.00e+00	0.00e+00
 6.10587e+12	0.00e+00	0.00e+00	9.21e-29	4.68e-21	5.18e-14	1.35e-07	9.98e-01	2.44e-03	0.00e+00	0.00e+00	0.00e+00	0.00e+00
 6.26731e+12	0.00e+00	2.95e-37	1.15e-28	5.55e-21	5.83e-14	1.43e-07	9.98e-01	2.29e-03	0.00e+00	0.00e+00	0.00e+00	0.00e+00
 6.44755e+12	0.00e+00	0.00e+00	1.45e-28	6.68e-21	6.64e-14	1.53e-07	9.98e-01	2.14e-03	0.00e+00	0.00e+00	0.00e+00	0.00e+00
 6.68186e+12	0.00e+00	5.72e-37	1.96e-28	8.41e-21	7.81e-14	1.67e-07	9.98e-01	1.97e-03	0.00e+00	0.00e+00	0.00e+00	0.00e+00
 6.92520e+12	0.00e+00	0.00e+00	2.64e-28	1.06e-20	9.19e-14	1.81e-07	9.98e-01	1.81e-03	0.00e+00	0.00e+00	0.00e+00	0.00e+00
 7.12915e+12	0.00e+00	1.11e-36	3.35e-28	1.28e-20	1.05e-13	1.94e-07	9.98e-01	1.70e-03	0.00e+00	0.00e+00	0.00e+00	0.00e+00
 7.34316e+12	0.00e+00	0.00e+00	4.27e-28	1.54e-20	1.20e-13	2.08e-07	9.98e-01	1.58e-03	0.00e+00	0.00e+00	0.00e+00	0.00e+00
 7.62137e+12	0.00e+00	2.17e-36	5.79e-28	1.96e-20	1.41e-13	2.27e-07	9.99e-01	1.45e-03	0.00e+00	0.00e+00	0.00e+00	0.00e+00
 7.90787e+12	2.68e-45	3.14e-36	7.81e-28	2.47e-20	1.67e-13	2.48e-07	9.99e-01	1.33e-03	0.00e+00	0.00e+00	0.00e+00	0.00e+00
 8.14500e+12	0.00e+00	0.00e+00	9.92e-28	2.98e-20	1.90e-13	2.65e-07	9.99e-01	1.25e-03	0.00e+00	0.00e+00	0.00e+00	0.00e+00
 8.39313e+12	0.00e+00	5.68e-36	1.26e-27	3.59e-20	2.17e-13	2.84e-07	9.99e-01	1.16e-03	0.00e+00	0.00e+00	0.00e+00	0.00e+00
 8.71570e+12	8.50e-45	8.23e-36	1.71e-27	4.55e-20	2.57e-13	3.10e-07	9.99e-01	1.07e-03	0.00e+00	0.00e+00	0.00e+00	0.00e+00
 9.05108e+12	0.00e+00	0.00e+00	2.31e-27	5.75e-20	3.03e-13	3.38e-07	9.99e-01	9.78e-04	0.00e+00	0.00e+00	0.00e+00	0.00e+00
 9.33368e+12	0.00e+00	1.61e-35	2.95e-27	6.96e-20	3.47e-13	3.63e-07	9.99e-01	9.12e-04	0.00e+00	0.00e+00	0.00e+00	0.00e+00
 9.63161e+12	2.74e-44	2.18e-35	3.79e-27	8.45e-20	3.98e-13	3.90e-07	9.99e-01	8.49e-04	0.00e+00	0.00e+00	0.00e+00	0.00e+00
 1.00110e+13	0.00e+00	0.00e+00	5.14e-27	1.07e-19	4.71e-13	4.26e-07	9.99e-01	7.78e-04	0.00e+00	0.00e+00	0.00e+00	0.00e+00
 1.04030e+13	0.00e+00	4.60e-35	6.96e-27	1.36e-19	5.56e-13	4.65e-07	9.99e-01	7.13e-04	0.00e+00	0.00e+00	0.00e+00	0.00e+00
 1.07416e+13	9.66e-44	6.26e-35	8.95e-27	1.65e-19	6.39e-13	5.00e-07	9.99e-01	6.64e-04	0.00e+00	0.00e+00	0.00e+00	0.00e+00
 1.11039e+13	0.00e+00	8.61e-35	1.16e-26	2.02e-19	7.38e-13	5.39e-07	9.99e-01	6.16e-04	0.00e+00	0.00e+00	0.00e+00	0.00e+00
 1.15498e+13	2.22e-43	1.26e-34	1.58e-26	2.57e-19	8.74e-13	5.90e-07	9.99e-01	5.64e-04	0.00e+00	0.00e+00	0.00e+00	0.00e+00
 1.20041e+13	0.00e+00	1.82e-34	2.13e-26	3.25e-19	1.03e-12	6.44e-07	9.99e-01	5.17e-04	0.00e+00	0.00e+00	0.00e+00	0.00e+00
 1.24130e+13	5.05e-43	2.50e-34	2.77e-26	3.98e-19	1.19e-12	6.95e-07	1.00e+00	4.79e-04	0.00e+00	0.00e+00	0.00e+00	0.00e+00
 1.27771e+13	0.00e+00	3.29e-34	3.47e-26	4.75e-19	1.35e-12	7.42e-07	1.00e+00	4.49e-04	0.00e+00	0.00e+00	0.00e+00	0.00e+00
 1.30957e+13	9.26e-43	4.15e-34	4.20e-26	5.51e-19	1.50e-12	7.84e-07	1.00e+00	4.25e-04	0.00e+00	0.00e+00	0.00e+00	0.00e+00
 1.34414e+13	0.00e+00	5.32e-34	5.14e-26	6.46e-19	1.68e-12	8.32e-07	1.00e+00	4.01e-04	0.00e+00	0.00e+00	0.00e+00	0.00e+00
 1.38909e+13	1.80e-42	7.25e-34	6.64e-26	7.88e-19	1.93e-12	8.96e-07	1.00e+00	3.72e-04	0.00e+00	0.00e+00	0.00e+00	0.00e+00
 1.43499e+13	0.00e+00	9.86e-34	8.53e-26	9.60e-19	2.23e-12	9.66e-07	1.00e+00	3.46e-04	0.00e+00	0.00e+00	0.00e+00	0.00e+00
 1.47247e+13	3.47e-42	1.26e-33	1.04e-25	1.12e-18	2.49e-12	1.02e-06	1.00e+00	3.26e-04	0.00e+00	0.00e+00	0.00e+00	0.00e+00
 1.51150e+13	0.00e+00	1.61e-33	1.27e-25	1.31e-18	2.78e-12	1.09e-06	1.00e+00	3.07e-04	0.00e+00	0.00e+00	0.00e+00	0.00e+00
 1.56223e+13	6.71e-42	2.19e-33	1.64e-25	1.60e-18	3.21e-12	1.17e-06	1.00e+00	2.85e-04	0.00e+00	0.00e+00	0.00e+00	0.00e+00
 1.61553e+13	0.00e+00	2.99e-33	2.13e-25	1.96e-18	3.71e-12	1.27e-06	1.00e+00	2.64e-04	0.00e+00	0.00e+00	0.00e+00	0.00e+00
 1.66123e+13	1.33e-41	3.88e-33	2.63e-25	2.33e-18	4.18e-12	1.35e-06	1.00e+00	2.48e-04	0.00e+00	0.00e+00	0.00e+00	0.00e+00
 1.70972e+13	0.00e+00	5.06e-33	3.28e-25	2.77e-18	4.74e-12	1.44e-06	1.00e+00	2.32e-04	0.00e+00	0.00e+00	0.00e+00	0.00e+00
 1.77276e+13	2.71e-41	7.07e-33	4.33e-25	3.44e-18	5.54e-12	1.57e-06	1.00e+00	2.13e-04	0.00e+00	0.00e+00	0.00e+00	0.00e+00
 1.83830e+13	0.00e+00	9.86e-33	5.70e-25	4.29e-18	6.49e-12	1.71e-06	1.00e+00	1.96e-04	0.00e+00	0.00e+00	0.00e+00	0.00e+00
 1.89370e+13	5.53e-41	1.29e-32	7.14e-25	5.13e-18	7.38e-12	1.83e-06	1.00e+00	1.83e-04	0.00e+00	0.00e+00	0.00e+00	0.00e+00
 1.95234e+13	0.00e+00	1.71e-32	9.00e-25	6.16e-18	8.43e-12	1.97e-06	1.00e+00	1.70e-04	0.00e+00	0.00e+00	0.00e+00	0.00e+00
 2.02669e+13	1.14e-40	2.39e-32	1.19e-24	7.71e-18	9.92e-12	2.15e-06	1.00e+00	1.56e-04	0.00e+00	0.00e+00	0.00e+00	0.00e+00
 2.10453e+13	0.00e+00	3.35e-32	1.58e-24	9.67e-18	1.17e-11	2.36e-06	1.00e+00	1.43e-04	0.00e+00	0.00e+00	0.00e+00	0.00e+00
 2.17417e+13	2.39e-40	4.47e-32	2.01e-24	1.18e-17	1.35e-11	2.55e-06	1.00e+00	1.32e-04	0.00e+00	0.00e+00	0.00e+00	0.00e+00
 2.23962e+13	0.00e+00	5.80e-32	2.51e-24	1.40e-17	1.53e-11	2.74e-06	1.00e+00	1.23e-04	0.00e+00	0.00e+00	0.00e+00	0.00e+00
 2.31426e+13	4.54e-40	7.72e-32	3.19e-24	1.71e-17	1.77e-11	2.96e-06	1.00e+00	1.14e-04	0.00e+00	0.00e+00	0.00e+00	0.00e+00
 2.39805e+13	0.00e+00	1.05e-31	4.14e-24	2.11e-17	2.07e-11	3.23e-06	1.00e+00	1.04e-04	0.00e+00	0.00e+00	0.00e+00	0.00e+00
 2.46751e+13	8.64e-40	1.34e-31	5.09e-24	2.50e-17	2.34e-11	3.47e-06	1.00e+00	9.73e-05	0.00e+00	0.00e+00	0.00e+00	0.00e+00
 2.51956e+13	0.00e+00	1.60e-31	5.93e-24	2.83e-17	2.56e-11	3.65e-06	1.00e+00	9.26e-05	0.00e+00	0.00e+00	0.00e+00	0.00e+00
 2.57518e+13	1.32e-39	1.93e-31	6.94e-24	3.22e-17	2.82e-11	3.84e-06	1.00e+00	8.78e-05	0.00e+00	0.00e+00	0.00e+00	0.00e+00
 2.64749e+13	0.00e+00	2.43e-31	8.47e-24	3.79e-17	3.18e-11	4.11e-06	1.00e+00	8.21e-05	0.00e+00	0.00e+00	0.00e+00	0.00e+00
 2.72673e+13	2.31e-39	3.11e-31	1.05e-23	4.51e-17	3.61e-11	4.42e-06	1.00e+00	7.65e-05	0.00e+00	0.00e+00	0.00e+00	0.00e+00
 2.79902e+13	0.00e+00	3.87e-31	1.26e-23	5.26e-17	4.04e-11	4.71e-06	1.00e+00	7.18e-05	0.00e+00	0.00e+00	0.00e+00	0.00e+00
 2.87705e+13	3.88e-39	4.87e-31	1.54e-23	6.18e-17	4.54e-11	5.04e-06	1.00e+00	6.72e-05	0.00e+00	0.00e+00	0.00e+00	0.00e+00
 2.97848e+13	0.00e+00	6.49e-31	1.96e-23	7.56e-17	5.26e-11	5.47e-06	1.00e+00	6.19e-05	0.00e+00	0.00e+00	0.00e+00	0.00e+00
 3.08149e+13	7.49e-39	8.59e-31	2.50e-23	9.22e-17	6.08e-11	5.94e-06	1.00e+00	5.70e-05	0.00e+00	0.00e+00	0.00e+00	0.00e+00
 3.16504e+13	0.00e+00	1.08e-30	3.03e-23	1.08e-16	6.80e-11	6.33e-06	1.00e+00	5.36e-05	0.00e+00	0.00e+00	0.00e+00	0.00e+00
 3.25214e+13	1.27e-38	1.35e-30	3.68e-23	1.26e-16	7.61e-11	6.74e-06	1.00e+00	5.03e-05	0.00e+00	0.00e+00	0.00e+00	0.00e+00
 3.36536e+13	0.00e+00	1.80e-30	4.70e-23	1.54e-16	8.78e-11	7.30e-06	1.00e+00	4.65e-05	0.00e+00	0.00e+00	0.00e+00	0.00e+00
 3.48755e+13	2.51e-38	2.44e-30	6.07e-23	1.90e-16	1.02e-10	7.94e-06	1.00e+00	4.28e-05	0.00e+00	0.00e+00	0.00e+00	0.00e+00
 3.59791e+13	0.00e+00	3.19e-30	7.61e-23	2.28e-16	1.16e-10	8.52e-06	1.00e+00	3.99e-05	0.00e+00	0.00e+00	0.00e+00	0.00e+00
 3.71789e+13	4.80e-38	4.24e-30	9.68e-23	2.76e-16	1.32e-10	9.17e-06	1.00e+00	3.71e-05	0.00e+00	0.00e+00	0.00e+00	0.00e+00
 3.86292e+13	0.00e+00	5.90e-30	1.28e-22	3.44e-16	1.55e-10	9.99e-06	1.00e+00	3.41e-05	0.00e+00	0.00e+00	0.00e+00	0.00e+00
 4.01216e+13	1.04e-37	8.24e-30	1.69e-22	4.30e-16	1.80e-10	1.09e-05	1.00e+00	3.13e-05	0.00e+00	0.00e+00	0.00e+00	0.00e+00
 4.13633e+13	0.00e+00	1.08e-29	2.12e-22	5.14e-16	2.04e-10	1.16e-05	1.00e+00	2.93e-05	0.00e+00	0.00e+00	0.00e+00	0.00e+00
 4.23793e+13	1.85e-37	1.35e-29	2.54e-22	5.92e-16	2.25e-10	1.22e-05	1.00e+00	2.78e-05	0.00e+00	0.00e+00	0.00e+00	0.00e+00
 4.35166e+13	0.00e+00	1.71e-29	3.10e-22	6.91e-16	2.50e-10	1.30e-05	1.00e+00	2.63e-05	0.00e+00	0.00e+00	0.00e+00	0.00e+00
 4.49950e+13	3.54e-37	2.33e-29	3.99e-22	8.41e-16	2.86e-10	1.39e-05	1.00e+00	2.45e-05	0.00e+00	0.00e+00	0.00e+00	0.00e+00
 4.65935e+13	0.00e+00	3.18e-29	5.17e-22	1.03e-15	3.29e-10	1.50e-05	1.00e+00	2.27e-05	0.00e+00	0.00e+00	0.00e+00	0.00e+00
 4.79680e+13	7.02e-37	4.16e-29	6.45e-22	1.22e-15	3.69e-10	1.59e-05	1.00e+00	2.14e-05	0.00e+00	0.00e+00	0.00e+00	0.00e+00
 4.93750e+13	0.00e+00	5.47e-29	8.06e-22	1.45e-15	4.14e-10	1.69e-05	1.00e+00	2.02e-05	0.00e+00	0.00e+00	0.00e+00	0.00e+00
 5.11887e+13	1.45e-36	7.68e-29	1.06e-21	1.79e-15	4.78e-10	1.82e-05	1.00e+00	1.87e-05	0.00e+00	0.00e+00	0.00e+00	0.00e+00
 5.30868e+13	0.00e+00	1.08e-28	1.40e-21	2.22e-15	5.53e-10	1.97e-05	1.00e+00	1.73e-05	0.00e+00	0.00e+00	0.00e+00	0.00e+00
 5.47244e+13	3.06e-36	1.44e-28	1.78e-21	2.66e-15	6.24e-10	2.09e-05	1.00e+00	1.63e-05	0.00e+00	0.00e+00	0.00e+00	0.00e+00
 5.64673e+13	0.00e+00	1.94e-28	2.26e-21	3.20e-15	7.07e-10	2.23e-05	1.00e+00	1.53e-05	0.00e+00	0.00e+00	0.00e+00	0.00e+00
 5.86165e+13	6.71e-36	2.78e-28	3.03e-21	3.99e-15	8.20e-10	2.41e-05	1.00e+00	1.42e-05	0.00e+00	0.00e+00	0.00e+00	0.00e+00
 6.08184e+13	0.00e+00	3.96e-28	4.03e-21	4.96e-15	9.49e-10	2.59e-05	1.00e+00	1.32e-05	0.00e+00	0.00e+00	0.00e+00	0.00e+00
 6.28027e+13	1.48e-35	5.39e-28	5.17e-21	6.00e-15	1.08e-09	2.77e-05	1.00e+00	1.23e-05	0.00e+00	0.00e+00	0.00e+00	0.00e+00
 6.49792e+13	0.00e+00	7.48e-28	6.75e-21	7.34e-15	1.23e-09	2.97e-05	1.00e+00	1.15e-05	0.00e+00	0.00e+00	0.00e+00	0.00e+00
 6.75486e+13	3.43e-35	1.09e-27	9.15e-21	9.23e-15	1.44e-09	3.21e-05	1.00e+00	1.06e-05	0.00e+00	0.00e+00	0.00e+00	0.00e+00
 7.00852e+13	5.18e-35	1.55e-27	1.22e-20	1.15e-14	1.67e-09	3.46e-05	1.00e+00	9.86e-06	0.00e+00	0.00e+00	0.00e+00	0.00e+00
 7.24164e+13	7.59e-35	2.13e-27	1.57e-20	1.39e-14	1.90e-09	3.69e-05	1.00e+00	9.24e-06	0.00e+00	0.00e+00	0.00e+00	0.00e+00
 7.46434e+13	1.08e-34	2.86e-27	2.00e-20	1.67e-14	2.14e-09	3.92e-05	1.00e+00	8.70e-06	0.00e+00	0.00e+00	0.00e+00	0.00e+00
 7.71578e+13	1.59e-34	3.95e-27	2.59e-20	2.03e-14	2.44e-09	4.20e-05	1.00e+00	8.13e-06	0.00e+00	0.00e+00	0.00e+00	0.00e+00
 7.99563e+13	2.37e-34	5.53e-27	3.41e-20	2.51e-14	2.82e-09	4.51e-05	1.00e+00	7.56e-06	0.00e+00	0.00e+00	0.00e+00	0.00e+00
 8.25757e+13	3.47e-34	7.60e-27	4.40e-20	3.04e-14	3.20e-09	4.81e-05	1.00e+00	7.09e-06	0.00e+00	0.00e+00	0.00e+00	0.00e+00
 8.48289e+13	4.65e-34	9.75e-27	5.41e-20	3.56e-14	3.56e-09	5.09e-05	1.00e+00	6.70e-06	0.00e+00	0.00e+00	0.00e+00	0.00e+00
 8.68262e+13	6.10e-34	1.22e-26	6.50e-20	4.09e-14	3.91e-09	5.34e-05	1.00e+00	6.39e-06	0.00e+00	0.00e+00	0.00e+00	0.00e+00
 8.90944e+13	8.24e-34	1.57e-26	7.96e-20	4.76e-14	4.33e-09	5.62e-05	1.00e+00	6.07e-06	0.00e+00	0.00e+00	0.00e+00	0.00e+00
 9.20431e+13	1.18e-33	2.14e-26	1.02e-19	5.77e-14	4.93e-09	6.01e-05	1.00e+00	5.67e-06	0.00e+00	0.00e+00	0.00e+00	0.00e+00
 9.50793e+13	1.72e-33	2.93e-26	1.32e-19	7.00e-14	5.61e-09	6.42e-05	1.00e+00	5.31e-06	0.00e+00	0.00e+00	0.00e+00	0.00e+00
 9.76112e+13	2.30e-33	3.74e-26	1.62e-19	8.18e-14	6.24e-09	6.78e-05	1.00e+00	5.03e-06	0.00e+00	0.00e+00	0.00e+00	0.00e+00
 1.00285e+14	3.13e-33	4.85e-26	2.00e-19	9.60e-14	6.95e-09	7.17e-05	1.00e+00	4.76e-06	0.00e+00	0.00e+00	0.00e+00	0.00e+00
 1.03761e+14	4.55e-33	6.66e-26	2.59e-19	1.17e-13	7.96e-09	7.70e-05	1.00e+00	4.43e-06	0.00e+00	0.00e+00	0.00e+00	0.00e+00
 1.07340e+14	6.71e-33	9.23e-26	3.38e-19	1.44e-13	9.11e-09	8.25e-05	1.00e+00	4.14e-06	0.00e+00	0.00e+00	0.00e+00	0.00e+00
 1.10338e+14	9.17e-33	1.20e-25	4.19e-19	1.69e-13	1.02e-08	8.73e-05	1.00e+00	3.91e-06	0.00e+00	0.00e+00	0.00e+00	0.00e+00
 1.13522e+14	1.26e-32	1.57e-25	5.22e-19	2.00e-13	1.14e-08	9.27e-05	1.00e+00	3.68e-06	0.00e+00	0.00e+00	0.00e+00	0.00e+00
 1.17642e+14	1.85e-32	2.18e-25	6.85e-19	2.47e-13	1.32e-08	9.99e-05	1.00e+00	3.42e-06	0.00e+00	0.00e+00	0.00e+00	0.00e+00
 1.21913e+14	2.78e-32	3.07e-25	9.05e-19	3.06e-13	1.52e-08	1.07e-04	1.00e+00	3.17e-06	0.00e+00	0.00e+00	0.00e+00	0.00e+00
 1.25567e+14	3.81e-32	4.02e-25	1.13e-18	3.64e-13	1.71e-08	1.14e-04	1.00e+00	2.98e-06	0.00e+00	0.00e+00	0.00e+00	0.00e+00
 1.29488e+14	5.36e-32	5.37e-25	1.44e-18	4.37e-13	1.93e-08	1.22e-04	1.00e+00	2.80e-06	0.00e+00	0.00e+00	0.00e+00	0.00e+00
 1.34354e+14	7.95e-32	7.52e-25	1.91e-18	5.44e-13	2.24e-08	1.32e-04	1.00e+00	2.59e-06	0.00e+00	0.00e+00	0.00e+00	0.00e+00
 1.39284e+14	1.19e-31	1.06e-24	2.52e-18	6.73e-13	2.59e-08	1.42e-04	1.00e+00	2.40e-06	0.00e+00	0.00e+00	0.00e+00	0.00e+00
 1.43626e+14	1.68e-31	1.41e-24	3.20e-18	8.08e-13	2.92e-08	1.52e-04	1.00e+00	2.25e-06	0.00e+00	0.00e+00	0.00e+00	0.00e+00
 1.48364e+14	2.39e-31	1.91e-24	4.10e-18	9.79e-13	3.33e-08	1.62e-04	1.00e+00	2.10e-06	0.00e+00	0.00e+00	0.00e+00	0.00e+00
 1.54079e+14	3.55e-31	2.68e-24	5.47e-18	1.22e-12	3.87e-08	1.76e-04	1.00e+00	1.94e-06	0.00e+00	0.00e+00	0.00e+00	0.00e+00
 1.59752e+14	5.29e-31	3.77e-24	7.24e-18	1.52e-12	4.47e-08	1.90e-04	1.00e+00	1.80e-06	0.00e+00	0.00e+00	0.00e+00	0.00e+00
 1.64859e+14	7.52e-31	5.08e-24	9.24e-18	1.83e-12	5.07e-08	2.03e-04	1.00e+00	1.68e-06	0.00e+00	0.00e+00	0.00e+00	0.00e+00
 1.70541e+14	1.09e-30	6.95e-24	1.20e-17	2.24e-12	5.81e-08	2.17e-04	1.00e+00	1.57e-06	0.00e+00	0.00e+00	0.00e+00	0.00e+00
 1.77242e+14	1.62e-30	9.83e-24	1.61e-17	2.81e-12	6.78e-08	2.36e-04	1.00e+00	1.45e-06	0.00e+00	0.00e+00	0.00e+00	0.00e+00
 1.83864e+14	2.43e-30	1.39e-23	2.14e-17	3.49e-12	7.85e-08	2.55e-04	1.00e+00	1.34e-06	0.00e+00	0.00e+00	0.00e+00	0.00e+00
 1.89460e+14	3.37e-30	1.83e-23	2.70e-17	4.18e-12	8.85e-08	2.71e-04	1.00e+00	1.26e-06	0.00e+00	0.00e+00	0.00e+00	0.00e+00
 1.94016e+14	4.37e-30	2.29e-23	3.25e-17	4.81e-12	9.73e-08	2.85e-04	1.00e+00	1.20e-06	0.00e+00	0.00e+00	0.00e+00	0.00e+00
 1.98825e+14	5.74e-30	2.88e-23	3.93e-17	5.56e-12	1.07e-07	2.99e-04	1.00e+00	1.14e-06	0.00e+00	0.00e+00	0.00e+00	0.00e+00
 2.05077e+14	8.15e-30	3.87e-23	5.00e-17	6.69e-12	1.21e-07	3.19e-04	1.00e+00	1.07e-06	0.00e+00	0.00e+00	0.00e+00	0.00e+00
 2.11626e+14	1.13e-29	5.15e-23	6.38e-17	8.06e-12	1.38e-07	3.41e-04	1.00e+00	1.00e-06	0.00e+00	0.00e+00	0.00e+00	0.00e+00
 2.17178e+14	1.51e-29	6.58e-23	7.81e-17	9.40e-12	1.53e-07	3.59e-04	1.00e+00	0.00e+00	0.00e+00	0.00e+00	0.00e+00	0.00e+00
 2.23009e+14	2.05e-29	8.49e-23	9.61e-17	1.10e-11	1.70e-07	3.79e-04	1.00e+00	0.00e+00	0.00e+00	0.00e+00	0.00e+00	0.00e+00
 2.30590e+14	2.97e-29	1.17e-22	1.25e-16	1.34e-11	1.94e-07	4.06e-04	1.00e+00	0.00e+00	0.00e+00	0.00e+00	0.00e+00	0.00e+00
 2.38454e+14	4.24e-29	1.58e-22	1.62e-16	1.64e-11	2.21e-07	4.36e-04	1.00e+00	0.00e+00	0.00e+00	0.00e+00	0.00e+00	0.00e+00
 2.45044e+14	5.77e-29	2.05e-22	2.01e-16	1.93e-11	2.47e-07	4.60e-04	1.00e+00	0.00e+00	0.00e+00	0.00e+00	0.00e+00	0.00e+00
 2.51969e+14	7.96e-29	2.69e-22	2.50e-16	2.28e-11	2.76e-07	4.87e-04	1.00e+00	0.00e+00	0.00e+00	0.00e+00	0.00e+00	0.00e+00
 2.60971e+14	1.18e-28	3.77e-22	3.30e-16	2.81e-11	3.17e-07	5.23e-04	9.99e-01	0.00e+00	0.00e+00	0.00e+00	0.00e+00	0.00e+00
 2.70451e+14	1.73e-28	5.23e-22	4.37e-16	3.47e-11	3.66e-07	5.62e-04	9.99e-01	0.00e+00	0.00e+00	0.00e+00	0.00e+00	0.00e+00
 2.78632e+14	2.44e-28	6.98e-22	5.53e-16	4.14e-11	4.12e-07	5.97e-04	9.99e-01	0.00e+00	0.00e+00	0.00e+00	0.00e+00	0.00e+00
 2.87345e+14	3.49e-28	9.44e-22	7.06e-16	4.98e-11	4.65e-07	6.35e-04	9.99e-01	0.00e+00	0.00e+00	0.00e+00	0.00e+00	0.00e+00
 2.98130e+14	5.31e-28	1.35e-21	9.46e-16	6.21e-11	5.39e-07	6.83e-04	9.99e-01	0.00e+00	0.00e+00	0.00e+00	0.00e+00	0.00e+00
 3.09264e+14	8.04e-28	1.91e-21	1.27e-15	7.72e-11	6.23e-07	7.35e-04	9.99e-01	0.00e+00	0.00e+00	0.00e+00	0.00e+00	0.00e+00
 3.19348e+14	1.15e-27	2.60e-21	1.63e-15	9.35e-11	7.08e-07	7.84e-04	9.99e-01	0.00e+00	0.00e+00	0.00e+00	0.00e+00	0.00e+00
 3.30407e+14	1.70e-27	3.61e-21	2.14e-15	1.15e-10	8.11e-07	8.39e-04	9.99e-01	0.00e+00	0.00e+00	0.00e+00	0.00e+00	0.00e+00
 3.43407e+14	2.60e-27	5.19e-21	2.91e-15	1.44e-10	9.45e-07	9.05e-04	9.99e-01	0.00e+00	0.00e+00	0.00e+00	0.00e+00	0.00e+00
 3.56242e+14	4.03e-27	7.50e-21	3.91e-15	1.80e-10	1.09e-06	9.73e-04	9.99e-01	0.00e+00	0.00e+00	0.00e+00	0.00e+00	0.00e+00
 3.68265e+14	5.75e-27	1.02e-20	5.08e-15	2.19e-10	1.25e-06	1.04e-03	9.99e-01	0.00e+00	0.00e+00	0.00e+00	0.00e+00	0.00e+00
 3.81699e+14	8.72e-27	1.45e-20	6.77e-15	2.71e-10	1.44e-06	1.12e-03	9.99e-01	0.00e+00	0.00e+00	0.00e+00	0.00e+00	0.00e+00
 3.94579e+14	1.28e-26	2.00e-20	8.83e-15	3.31e-10	1.64e-06	1.19e-03	9.99e-01	0.00e+00	0.00e+00	0.00e+00	0.00e+00	0.00e+00
 4.04177e+14	1.68e-26	2.52e-20	1.07e-14	3.82e-10	1.81e-06	1.25e-03	9.99e-01	0.00e+00	0.00e+00	0.00e+00	0.00e+00	0.00e+00
 4.13877e+14	2.17e-26	3.15e-20	1.29e-14	4.40e-10	1.98e-06	1.31e-03	9.99e-01	0.00e+00	0.00e+00	0.00e+00	0.00e+00	0.00e+00
 4.26487e+14	3.08e-26	4.22e-20	1.64e-14	5.26e-10	2.23e-06	1.39e-03	9.99e-01	0.00e+00	0.00e+00	0.00e+00	0.00e+00	0.00e+00
 4.40153e+14	4.45e-26	5.75e-20	2.12e-14	6.35e-10	2.53e-06	1.48e-03	9.99e-01	0.00e+00	0.00e+00	0.00e+00	0.00e+00	0.00e+00
 4.52427e+14	6.06e-26	7.48e-20	2.64e-14	7.49e-10	2.83e-06	1.56e-03	9.98e-01	0.00e+00	0.00e+00	0.00e+00	0.00e+00	0.00e+00
 4.65617e+14	8.26e-26	9.78e-20	3.31e-14	8.88e-10	3.17e-06	1.65e-03	9.98e-01	0.00e+00	0.00e+00	0.00e+00	0.00e+00	0.00e+00
 4.82549e+14	1.25e-25	1.39e-19	4.41e-14	1.10e-09	3.65e-06	1.77e-03	9.98e-01	0.00e+00	0.00e+00	0.00e+00	0.00e+00	0.00e+00
 4.99712e+14	1.86e-25	1.95e-19	5.84e-14	1.36e-09	4.20e-06	1.90e-03	9.98e-01	0.00e+00	0.00e+00	0.00e+00	0.00e+00	0.00e+00
 5.13884e+14	2.51e-25	2.52e-19	7.29e-14	1.60e-09	4.69e-06	2.01e-03	9.98e-01	0.00e+00	0.00e+00	0.00e+00	0.00e+00	0.00e+00
 5.28800e+14	3.51e-25	3.34e-19	9.17e-14	1.90e-09	5.26e-06	2.12e-03	9.98e-01	0.00e+00	0.00e+00	0.00e+00	0.00e+00	0.00e+00
 5.47990e+14	5.15e-25	4.65e-19	1.22e-13	2.35e-09	6.06e-06	2.28e-03	9.98e-01	0.00e+00	0.00e+00	0.00e+00	0.00e+00	0.00e+00
 5.68219e+14	7.83e-25	6.62e-19	1.62e-13	2.92e-09	7.00e-06	2.45e-03	9.98e-01	0.00e+00	0.00e+00	0.00e+00	0.00e+00	0.00e+00
 5.85889e+14	1.08e-24	8.74e-19	2.07e-13	3.51e-09	7.90e-06	2.61e-03	9.97e-01	0.00e+00	0.00e+00	0.00e+00	0.00e+00	0.00e+00
 6.04749e+14	1.56e-24	1.19e-18	2.67e-13	4.24e-09	8.97e-06	2.77e-03	9.97e-01	0.00e+00	0.00e+00	0.00e+00	0.00e+00	0.00e+00
 6.27731e+14	2.31e-24	1.68e-18	3.58e-13	5.29e-09	1.04e-05	2.99e-03	9.97e-01	0.00e+00	0.00e+00	0.00e+00	0.00e+00	0.00e+00
 6.50610e+14	3.42e-24	2.35e-18	4.74e-13	6.55e-09	1.20e-05	3.22e-03	9.97e-01	0.00e+00	0.00e+00	0.00e+00	0.00e+00	0.00e+00
 6.70616e+14	4.79e-24	3.14e-18	6.04e-13	7.85e-09	1.35e-05	3.42e-03	9.97e-01	0.00e+00	0.00e+00	0.00e+00	0.00e+00	0.00e+00
 6.92354e+14	6.71e-24	4.21e-18	7.75e-13	9.49e-09	1.54e-05	3.65e-03	9.96e-01	0.00e+00	0.00e+00	0.00e+00	0.00e+00	0.00e+00
 7.18749e+14	1.01e-23	5.98e-18	1.04e-12	1.19e-08	1.78e-05	3.93e-03	9.96e-01	0.00e+00	0.00e+00	0.00e+00	0.00e+00	0.00e+00
 7.45153e+14	1.49e-23	8.36e-18	1.38e-12	1.47e-08	2.06e-05	4.23e-03	9.96e-01	0.00e+00	0.00e+00	0.00e+00	0.00e+00	0.00e+00
 7.68693e+14	2.08e-23	1.11e-17	1.77e-12	1.77e-08	2.33e-05	4.51e-03	9.95e-01	0.00e+00	0.00e+00	0.00e+00	0.00e+00	0.00e+00
 7.94551e+14	2.93e-23	1.50e-17	2.28e-12	2.16e-08	2.66e-05	4.83e-03	9.95e-01	0.00e+00	0.00e+00	0.00e+00	0.00e+00	0.00e+00
 8.25365e+14	4.42e-23	2.14e-17	3.08e-12	2.71e-08	3.10e-05	5.22e-03	9.95e-01	0.00e+00	0.00e+00	0.00e+00	0.00e+00	0.00e+00
 8.54412e+14	6.34e-23	2.93e-17	4.03e-12	3.33e-08	3.56e-05	5.61e-03	9.94e-01	0.00e+00	0.00e+00	0.00e+00	0.00e+00	0.00e+00
 8.77901e+14	8.47e-23	3.76e-17	4.99e-12	3.91e-08	3.96e-05	5.94e-03	9.94e-01	0.00e+00	0.00e+00	0.00e+00	0.00e+00	0.00e+00
 8.98545e+14	1.08e-22	4.65e-17	5.98e-12	4.49e-08	4.35e-05	6.23e-03	9.94e-01	0.00e+00	0.00e+00	0.00e+00	0.00e+00	0.00e+00
 9.21559e+14	1.41e-22	5.85e-17	7.28e-12	5.22e-08	4.81e-05	6.56e-03	9.93e-01	0.00e+00	0.00e+00	0.00e+00	0.00e+00	0.00e+00
 9.51476e+14	1.95e-22	7.80e-17	9.32e-12	6.32e-08	5.47e-05	7.02e-03	9.93e-01	0.00e+00	0.00e+00	0.00e+00	0.00e+00	0.00e+00
 9.81907e+14	2.72e-22	1.04e-16	1.19e-11	7.62e-08	6.20e-05	7.49e-03	9.92e-01	0.00e+00	0.00e+00	0.00e+00	0.00e+00	0.00e+00
 1.00658e+15	3.52e-22	1.30e-16	1.44e-11	8.83e-08	6.84e-05	7.89e-03	9.92e-01	0.00e+00	0.00e+00	0.00e+00	0.00e+00	0.00e+00
 1.03222e+15	4.56e-22	1.63e-16	1.75e-11	1.03e-07	7.56e-05	8.31e-03	9.92e-01	0.00e+00	0.00e+00	0.00e+00	0.00e+00	0.00e+00
 1.06555e+15	6.36e-22	2.18e-16	2.24e-11	1.24e-07	8.59e-05	8.89e-03	9.91e-01	0.00e+00	0.00e+00	0.00e+00	0.00e+00	0.00e+00
 1.10037e+15	8.87e-22	2.91e-16	2.88e-11	1.50e-07	9.76e-05	9.51e-03	9.90e-01	0.00e+00	0.00e+00	0.00e+00	0.00e+00	0.00e+00
 1.12991e+15	1.17e-21	3.70e-16	3.53e-11	1.76e-07	1.08e-04	1.00e-02	9.90e-01	0.00e+00	0.00e+00	0.00e+00	0.00e+00	0.00e+00
 1.16107e+15	1.54e-21	4.71e-16	4.36e-11	2.06e-07	1.21e-04	1.06e-02	9.89e-01	0.00e+00	0.00e+00	0.00e+00	0.00e+00	0.00e+00
 1.20158e+15	2.20e-21	6.43e-16	5.67e-11	2.53e-07	1.39e-04	1.14e-02	9.88e-01	0.00e+00	0.00e+00	0.00e+00	0.00e+00	0.00e+00
 1.24362e+15	3.11e-21	8.73e-16	7.40e-11	3.10e-07	1.59e-04	1.23e-02	9.88e-01	0.00e+00	0.00e+00	0.00e+00	0.00e+00	0.00e+00
 1.27923e+15	4.16e-21	1.13e-15	9.20e-11	3.67e-07	1.78e-04	1.30e-02	9.87e-01	0.00e+00	0.00e+00	0.00e+00	0.00e+00	0.00e+00
 1.31711e+15	5.60e-21	1.46e-15	1.15e-10	4.36e-07	2.00e-04	1.39e-02	9.86e-01	0.00e+00	0.00e+00	0.00e+00	0.00e+00	0.00e+00
 1.36531e+15	8.16e-21	2.03e-15	1.52e-10	5.40e-07	2.30e-04	1.50e-02	9.85e-01	0.00e+00	0.00e+00	0.00e+00	0.00e+00	0.00e+00
 1.41560e+15	1.17e-20	2.78e-15	2.00e-10	6.69e-07	2.66e-04	1.61e-02	9.84e-01	0.00e+00	0.00e+00	0.00e+00	0.00e+00	0.00e+00
 1.45999e+15	1.61e-20	3.68e-15	2.54e-10	8.04e-07	3.00e-04	1.72e-02	9.82e-01	0.00e+00	0.00e+00	0.00e+00	0.00e+00	0.00e+00
 1.50799e+15	2.23e-20	4.91e-15	3.26e-10	9.73e-07	3.41e-04	1.84e-02	9.81e-01	0.00e+00	0.00e+00	0.00e+00	0.00e+00	0.00e+00
 1.56585e+15	3.32e-20	6.92e-15	4.34e-10	1.22e-06	3.96e-04	2.00e-02	9.80e-01	0.00e+00	0.00e+00	0.00e+00	0.00e+00	0.00e+00
 1.62352e+15	4.72e-20	9.48e-15	5.73e-10	1.51e-06	4.57e-04	2.15e-02	9.78e-01	0.00e+00	0.00e+00	0.00e+00	0.00e+00	0.00e+00
 1.67552e+15	6.51e-20	1.26e-14	7.29e-10	1.82e-06	5.18e-04	2.30e-02	9.76e-01	0.00e+00	0.00e+00	0.00e+00	0.00e+00	0.00e+00
 1.71983e+15	8.65e-20	1.60e-14	8.89e-10	2.12e-06	5.74e-04	2.44e-02	9.75e-01	0.00e+00	0.00e+00	0.00e+00	0.00e+00	0.00e+00
 1.75733e+15	1.07e-19	1.94e-14	1.05e-09	2.41e-06	6.25e-04	2.55e-02	9.74e-01	0.00e+00	0.00e+00	0.00e+00	0.00e+00	0.00e+00
 1.79930e+15	1.34e-19	2.38e-14	1.26e-09	2.77e-06	6.85e-04	2.68e-02	9.73e-01	0.00e+00	0.00e+00	0.00e+00	0.00e+00	0.00e+00
 1.85386e+15	1.84e-19	3.12e-14	1.57e-09	3.30e-06	7.71e-04	2.86e-02	9.71e-01	0.00e+00	0.00e+00	0.00e+00	0.00e+00	0.00e+00
 1.91055e+15	2.47e-19	4.06e-14	1.98e-09	3.95e-06	8.68e-04	3.05e-02	9.69e-01	0.00e+00	0.00e+00	0.00e+00	0.00e+00	0.00e+00
 1.95786e+15	3.18e-19	5.06e-14	2.39e-09	4.56e-06	9.56e-04	3.21e-02	9.67e-01	0.00e+00	0.00e+00	0.00e+00	0.00e+00	0.00e+00
 2.00721e+15	4.02e-19	6.26e-14	2.88e-09	5.28e-06	1.05e-03	3.38e-02	9.65e-01	0.00e+00	0.00e+00	0.00e+00	0.00e+00	0.00e+00
 2.07137e+15	5.61e-19	8.35e-14	3.66e-09	6.36e-06	1.19e-03	3.62e-02	9.63e-01	0.00e+00	0.00e+00	0.00e+00	0.00e+00	0.00e+00
 2.13770e+15	7.55e-19	1.09e-13	4.64e-09	7.66e-06	1.35e-03	3.87e-02	9.60e-01	0.00e+00	0.00e+00	0.00e+00	0.00e+00	0.00e+00
 2.19269e+15	9.87e-19	1.38e-13	5.63e-09	8.90e-06	1.49e-03	4.09e-02	9.58e-01	0.00e+00	0.00e+00	0.00e+00	0.00e+00	0.00e+00
 2.25002e+15	1.27e-18	1.73e-13	6.85e-09	1.04e-05	1.65e-03	4.32e-02	9.55e-01	0.00e+00	0.00e+00	0.00e+00	0.00e+00	0.00e+00
 2.32454e+15	1.76e-18	2.31e-13	8.76e-09	1.26e-05	1.87e-03	4.63e-02	9.52e-01	0.00e+00	0.00e+00	0.00e+00	0.00e+00	0.00e+00
 2.40255e+15	2.43e-18	3.08e-13	1.12e-08	1.53e-05	2.13e-03	4.97e-02	9.48e-01	0.00e+00	0.00e+00	0.00e+00	0.00e+00	0.00e+00
 2.46896e+15	3.18e-18	3.92e-13	1.38e-08	1.79e-05	2.36e-03	5.27e-02	9.45e-01	0.00e+00	0.00e+00	0.00e+00	0.00e+00	0.00e+00
 2.53916e+15	4.08e-18	4.96e-13	1.71e-08	2.11e-05	2.63e-03	5.59e-02	9.41e-01	0.00e+00	0.00e+00	0.00e+00	0.00e+00	0.00e+00
 2.63041e+15	5.92e-18	6.86e-13	2.23e-08	2.60e-05	3.02e-03	6.04e-02	9.37e-01	0.00e+00	0.00e+00	0.00e+00	0.00e+00	0.00e+00
 2.72591e+15	8.37e-18	9.39e-13	2.92e-08	3.21e-05	3.46e-03	6.52e-02	9.31e-01	0.00e+00	0.00e+00	0.00e+00	0.00e+00	0.00e+00
 2.80780e+15	1.09e-17	1.20e-12	3.66e-08	3.82e-05	3.88e-03	6.93e-02	9.27e-01	0.00e+00	0.00e+00	0.00e+00	0.00e+00	0.00e+00
 2.89512e+15	1.52e-17	1.60e-12	4.61e-08	4.57e-05	4.36e-03	7.41e-02	9.21e-01	0.00e+00	0.00e+00	0.00e+00	0.00e+00	0.00e+00
 3.00339e+15	2.15e-17	2.20e-12	6.09e-08	5.67e-05	5.02e-03	8.01e-02	9.15e-01	0.00e+00	0.00e+00	0.00e+00	0.00e+00	0.00e+00
 3.11392e+15	3.16e-17	3.06e-12	8.02e-08	7.01e-05	5.76e-03	8.65e-02	9.08e-01	0.00e+00	0.00e+00	1.82e-17	9.46e-18	3.19e-18
 3.21141e+15	4.25e-17	4.02e-12	1.01e-07	8.39e-05	6.48e-03	9.23e-02	9.01e-01	0.00e+00	0.00e+00	2.44e-17	1.27e-17	4.28e-18
 3.29295e+15	5.38e-17	5.00e-12	1.23e-07	9.71e-05	7.12e-03	9.71e-02	8.96e-01	0.00e+00	0.00e+00	3.10e-17	1.62e-17	5.42e-18
 3.36370e+15	6.64e-17	6.05e-12	1.44e-07	1.10e-04	7.71e-03	1.02e-01	8.91e-01	0.00e+00	0.00e+00	3.82e-17	1.99e-17	6.67e-18
 3.44435e+15	8.39e-17	7.48e-12	1.73e-07	1.26e-04	8.43e-03	1.07e-01	8.85e-01	0.00e+00	0.00e+00	4.83e-17	2.52e-17	8.41e-18
 3.54920e+15	1.18e-16	1.00e-11	2.17e-07	1.51e-04	9.44e-03	1.14e-01	8.77e-01	0.00e+00	0.00e+00	6.79e-17	3.53e-17	1.18e-17
 3.65634e+15	1.59e-16	1.31e-11	2.73e-07	1.79e-04	1.05e-02	1.21e-01	8.69e-01	0.00e+00	0.00e+00	9.15e-17	4.76e-17	1.58e-17
 3.74329e+15	2.00e-16	1.62e-11	3.27e-07	2.05e-04	1.15e-02	1.27e-01	8.62e-01	0.00e+00	0.00e+00	1.16e-16	6.01e-17	1.99e-17
 3.83315e+15	2.50e-16	2.00e-11	3.93e-07	2.35e-04	1.26e-02	1.33e-01	8.55e-01	0.00e+00	0.00e+00	1.45e-16	7.52e-17	2.49e-17
 3.94998e+15	3.51e-16	2.68e-11	4.95e-07	2.80e-04	1.40e-02	1.41e-01	8.45e-01	0.00e+00	0.00e+00	2.03e-16	1.06e-16	3.48e-17
 4.07137e+15	4.75e-16	3.53e-11	6.25e-07	3.34e-04	1.57e-02	1.50e-01	8.34e-01	0.00e+00	0.00e+00	2.75e-16	1.43e-16	4.71e-17
 4.17335e+15	6.06e-16	4.41e-11	7.56e-07	3.85e-04	1.72e-02	1.57e-01	8.26e-01	0.00e+00	0.00e+00	3.50e-16	1.82e-16	6.00e-17
 4.28054e+15	8.02e-16	5.64e-11	9.20e-07	4.46e-04	1.89e-02	1.65e-01	8.16e-01	0.00e+00	0.00e+00	4.64e-16	2.41e-16	7.93e-17
 4.41990e+15	1.13e-15	7.62e-11	1.18e-06	5.36e-04	2.12e-02	1.75e-01	8.03e-01	0.00e+00	0.00e+00	6.51e-16	3.39e-16	1.11e-16
 4.56464e+15	1.60e-15	1.04e-10	1.51e-06	6.45e-04	2.38e-02	1.86e-01	7.90e-01	0.00e+00	0.00e+00	9.28e-16	4.83e-16	1.58e-16
 4.68641e+15	2.11e-15	1.33e-10	1.85e-06	7.50e-04	2.61e-02	1.95e-01	7.78e-01	0.00e+00	0.00e+00	1.22e-15	6.35e-16	2.08e-16
 4.81475e+15	2.87e-15	1.73e-10	2.29e-06	8.75e-04	2.88e-02	2.05e-01	7.66e-01	0.00e+00	0.00e+00	1.66e-15	8.63e-16	2.82e-16
 4.98160e+15	4.14e-15	2.39e-10	2.98e-06	1.06e-03	3.25e-02	2.18e-01	7.49e-01	0.00e+00	0.00e+00	2.40e-15	1.25e-15	4.07e-16
 5.15713e+15	6.02e-15	3.32e-10	3.89e-06	1.29e-03	3.67e-02	2.31e-01	7.31e-01	0.00e+00	0.00e+00	3.49e-15	1.81e-15	5.92e-16
 5.30967e+15	8.34e-15	4.39e-10	4.87e-06	1.52e-03	4.06e-02	2.42e-01	7.16e-01	0.00e+00	0.00e+00	4.83e-15	2.51e-15	8.20e-16
 5.47372e+15	1.12e-14	5.74e-10	6.15e-06	1.80e-03	4.50e-02	2.54e-01	6.99e-01	0.00e+00	0.00e+00	6.48e-15	3.37e-15	1.10e-15
 5.67778e+15	1.74e-14	8.32e-10	8.17e-06	2.21e-03	5.10e-02	2.69e-01	6.77e-01	0.00e+00	0.00e+00	1.01e-14	5.26e-15	1.71e-15
 5.88445e+15	2.56e-14	1.16e-09	1.07e-05	2.69e-03	5.75e-02	2.84e-01	6.56e-01	0.00e+00	0.00e+00	1.49e-14	7.74e-15	2.52e-15
 6.03949e+15	3.45e-14	1.49e-09	1.31e-05	3.09e-03	6.27e-02	2.95e-01	6.39e-01	0.00e+00	0.00e+00	2.00e-14	1.04e-14	3.39e-15
 6.15378e+15	4.33e-14	1.80e-09	1.51e-05	3.43e-03	6.67e-02	3.03e-01	6.27e-01	0.00e+00	0.00e+00	2.51e-14	1.31e-14	4.26e-15
 6.27932e+15	5.46e-14	2.19e-09	1.77e-05	3.83e-03	7.12e-02	3.11e-01	6.13e-01	0.00e+00	0.00e+00	3.16e-14	1.65e-14	5.36e-15
 6.44252e+15	7.02e-14	2.74e-09	2.14e-05	4.39e-03	7.73e-02	3.22e-01	5.96e-01	0.00e+00	0.00e+00	4.07e-14	2.12e-14	6.89e-15
 6.62300e+15	1.00e-13	3.65e-09	2.65e-05	5.10e-03	8.45e-02	3.34e-01	5.77e-01	0.00e+00	0.00e+00	5.81e-14	3.03e-14	9.84e-15
 6.78651e+15	1.27e-13	4.51e-09	3.18e-05	5.79e-03	9.11e-02	3.43e-01	5.60e-01	0.00e+00	0.00e+00	7.38e-14	3.85e-14	1.25e-14
 6.95965e+15	1.77e-13	5.86e-09	3.85e-05	6.62e-03	9.86e-02	3.54e-01	5.41e-01	0.00e+00	0.00e+00	1.03e-13	5.35e-14	1.74e-14
 7.18472e+15	2.42e-13	7.71e-09	4.88e-05	7.81e-03	1.09e-01	3.66e-01	5.18e-01	0.00e+00	0.00e+00	1.41e-13	7.32e-14	2.38e-14
 7.41104e+15	3.64e-13	1.06e-08	6.17e-05	9.18e-03	1.19e-01	3.77e-01	4.94e-01	0.00e+00	0.00e+00	2.11e-13	1.10e-13	3.57e-14
 7.58661e+15	4.77e-13	1.33e-08	7.34e-05	1.03e-02	1.28e-01	3.86e-01	4.76e-01	0.00e+00	0.00e+00	2.76e-13	1.44e-13	4.68e-14
 7.76246e+15	6.22e-13	1.65e-08	8.70e-05	1.16e-02	1.36e-01	3.93e-01	4.59e-01	0.00e+00	0.00e+00	3.61e-13	1.88e-13	6.10e-14
 7.99107e+15	8.28e-13	2.11e-08	1.07e-04	1.34e-02	1.48e-01	4.02e-01	4.37e-01	0.00e+00	0.00e+00	4.81e-13	2.51e-13	8.12e-14
 8.23669e+15	1.22e-12	2.87e-08	1.35e-04	1.56e-02	1.61e-01	4.11e-01	4.12e-01	0.00e+00	0.00e+00	7.10e-13	3.70e-13	1.20e-13
 8.45157e+15	1.63e-12	3.63e-08	1.62e-04	1.77e-02	1.72e-01	4.17e-01	3.93e-01	0.00e+00	0.00e+00	9.44e-13	4.92e-13	1.60e-13
 8.67809e+15	2.15e-12	4.57e-08	1.96e-04	2.01e-02	1.85e-01	4.23e-01	3.72e-01	0.00e+00	0.00e+00	1.24e-12	6.49e-13	2.10e-13
 8.97257e+15	3.33e-12	6.42e-08	2.51e-04	2.37e-02	2.02e-01	4.29e-01	3.45e-01	0.00e+00	0.00e+00	1.94e-12	1.01e-12	3.27e-13
 9.26449e+15	4.54e-12	8.37e-08	3.14e-04	2.75e-02	2.18e-01	4.33e-01	3.22e-01	0.00e+00	0.00e+00	2.64e-12	1.38e-12	4.45e-13
 9.49924e+15	6.04e-12	1.05e-07	3.76e-04	3.08e-02	2.31e-01	4.35e-01	3.03e-01	0.00e+00	0.00e+00	3.51e-12	1.83e-12	5.92e-13
 9.75055e+15	8.16e-12	1.34e-07	4.53e-04	3.48e-02	2.46e-01	4.36e-01	2.83e-01	0.00e+00	0.00e+00	4.74e-12	2.47e-12	8.00e-13
 1.00772e+16	1.28e-11	1.89e-07	5.76e-04	4.06e-02	2.65e-01	4.36e-01	2.58e-01	0.00e+00	0.00e+00	7.44e-12	3.88e-12	1.26e-12
 1.03996e+16	1.81e-11	2.49e-07	7.17e-04	4.66e-02	2.83e-01	4.33e-01	2.36e-01	0.00e+00	0.00e+00	1.05e-11	5.48e-12	1.77e-12
 1.06502e+16	2.39e-11	3.11e-07	8.48e-04	5.17e-02	2.97e-01	4.31e-01	2.20e-01	0.00e+00	0.00e+00	1.39e-11	7.26e-12	2.35e-12
 1.08758e+16	3.05e-11	3.76e-07	9.81e-04	5.66e-02	3.10e-01	4.27e-01	2.06e-01	0.00e+00	0.00e+00	1.77e-11	9.23e-12	2.98e-12
 1.11348e+16	3.92e-11	4.63e-07	1.16e-03	6.26e-02	3.24e-01	4.22e-01	1.91e-01	0.00e+00	0.00e+00	2.28e-11	1.19e-11	3.84e-12
 1.14074e+16	5.01e-11	5.67e-07	1.36e-03	6.92e-02	3.38e-01	4.16e-01	1.76e-01	0.00e+00	0.00e+00	2.91e-11	1.52e-11	4.90e-12
 1.16568e+16	6.81e-11	7.12e-07	1.59e-03	7.60e-02	3.51e-01	4.09e-01	1.62e-01	0.00e+00	0.00e+00	3.95e-11	2.06e-11	6.66e-12
 1.18953e+16	8.41e-11	8.47e-07	1.83e-03	8.25e-02	3.63e-01	4.02e-01	1.51e-01	0.00e+00	0.00e+00	4.89e-11	2.55e-11	8.24e-12
 1.21602e+16	1.06e-10	1.02e-06	2.14e-03	9.03e-02	3.75e-01	3.94e-01	1.38e-01	0.00e+00	0.00e+00	6.13e-11	3.20e-11	1.03e-11
 1.24526e+16	1.47e-10	1.31e-06	2.54e-03	9.96e-02	3.89e-01	3.83e-01	1.25e-01	0.00e+00	0.00e+00	8.55e-11	4.47e-11	1.44e-11
 1.27143e+16	1.84e-10	1.57e-06	2.93e-03	1.08e-01	4.00e-01	3.74e-01	1.15e-01	0.00e+00	0.00e+00	1.07e-10	5.58e-11	1.80e-11
 1.29885e+16	2.30e-10	1.89e-06	3.40e-03	1.18e-01	4.11e-01	3.63e-01	1.05e-01	0.00e+00	0.00e+00	1.34e-10	6.97e-11	2.25e-11
 1.33450e+16	3.38e-10	2.53e-06	4.16e-03	1.31e-01	4.25e-01	3.48e-01	9.19e-02	0.00e+00	0.00e+00	1.96e-10	1.02e-10	3.31e-11
 1.36800e+16	4.44e-10	3.16e-06	4.94e-03	1.44e-01	4.36e-01	3.33e-01	8.18e-02	0.00e+00	0.00e+00	2.58e-10	1.35e-10	4.35e-11
 1.39265e+16	5.55e-10	3.76e-06	5.63e-03	1.54e-01	4.43e-01	3.22e-01	7.47e-02	0.00e+00	0.00e+00	3.23e-10	1.68e-10	5.43e-11
 1.41861e+16	7.04e-10	4.53e-06	6.47e-03	1.66e-01	4.50e-01	3.10e-01	6.76e-02	0.00e+00	0.00e+00	4.09e-10	2.14e-10	6.89e-11
 1.45236e+16	9.55e-10	5.77e-06	7.74e-03	1.82e-01	4.58e-01	2.94e-01	5.92e-02	0.00e+00	0.00e+00	5.56e-10	2.90e-10	9.36e-11
 1.48686e+16	1.29e-09	7.32e-06	9.23e-03	1.98e-01	4.64e-01	2.77e-01	5.17e-02	0.00e+00	0.00e+00	7.52e-10	3.93e-10	1.27e-10
 1.51494e+16	1.61e-09	8.76e-06	1.06e-02	2.12e-01	4.67e-01	2.64e-01	4.62e-02	0.00e+00	0.00e+00	9.35e-10	4.89e-10	1.58e-10
 1.54402e+16	2.08e-09	1.07e-05	1.24e-02	2.28e-01	4.70e-01	2.49e-01	4.08e-02	0.00e+00	0.00e+00	1.21e-09	6.32e-10	2.04e-10
 1.57477e+16	3.04e-09	1.41e-05	1.47e-02	2.45e-01	4.71e-01	2.33e-01	3.53e-02	0.00e+00	0.00e+00	1.77e-09	9.25e-10	2.99e-10
 1.60011e+16	3.79e-09	1.68e-05	1.68e-02	2.60e-01	4.71e-01	2.21e-01	3.16e-02	0.00e+00	0.00e+00	2.20e-09	1.15e-09	3.72e-10
 1.62550e+16	4.90e-09	2.05e-05	1.93e-02	2.76e-01	4.69e-01	2.08e-01	2.79e-02	0.00e+00	0.00e+00	2.85e-09	1.49e-09	4.81e-10
 1.65337e+16	6.44e-09	2.53e-05	2.25e-02	2.93e-01	4.66e-01	1.94e-01	2.44e-02	0.00e+00	0.00e+00	3.74e-09	1.96e-09	6.33e-10
 1.67857e+16	8.10e-09	3.04e-05	2.58e-02	3.10e-01	4.61e-01	1.82e-01	2.16e-02	0.00e+00	0.00e+00	4.71e-09	2.46e-09	7.96e-10
 1.70150e+16	9.85e-09	3.57e-05	2.92e-02	3.25e-01	4.56e-01	1.71e-01	1.92e-02	0.00e+00	0.00e+00	5.73e-09	3.00e-09	9.68e-10
