#depth	N	N+	N+2	N+3	N+4	N+5	N+6	N+7
 1.49634e+10	0.00e+00	0.00e+00	9.57e-33	5.82e-23	6.55e-14	3.29e-04	2.95e-01	7.05e-01
 4.54887e+10	0.00e+00	7.65e-43	1.40e-32	7.88e-23	8.19e-14	3.80e-04	3.11e-01	6.88e-01
 7.72350e+10	0.00e+00	0.00e+00	2.04e-32	1.06e-22	1.02e-13	4.37e-04	3.28e-01	6.71e-01
 1.10251e+11	0.00e+00	1.90e-42	2.97e-32	1.43e-22	1.27e-13	5.02e-04	3.46e-01	6.54e-01
 1.41328e+11	0.00e+00	0.00e+00	4.16e-32	1.86e-22	1.54e-13	5.68e-04	3.62e-01	6.37e-01
 1.69292e+11	0.00e+00	4.08e-42	5.58e-32	2.35e-22	1.82e-13	6.32e-04	3.77e-01	6.23e-01
 2.00849e+11	0.00e+00	0.00e+00	7.69e-32	3.02e-22	2.19e-13	7.11e-04	3.93e-01	6.07e-01
 2.38022e+11	0.00e+00	9.35e-42	1.11e-31	4.02e-22	2.70e-13	8.11e-04	4.11e-01	5.88e-01
 2.75299e+11	0.00e+00	0.00e+00	1.57e-31	5.29e-22	3.30e-13	9.19e-04	4.29e-01	5.70e-01
 3.08395e+11	0.00e+00	2.05e-41	2.11e-31	6.68e-22	3.91e-13	1.02e-03	4.45e-01	5.54e-01
 3.43251e+11	0.00e+00	0.00e+00	2.86e-31	8.47e-22	4.65e-13	1.14e-03	4.61e-01	5.38e-01
 3.82622e+11	0.00e+00	4.44e-41	3.99e-31	1.10e-21	5.62e-13	1.28e-03	4.79e-01	5.20e-01
 4.20013e+11	0.00e+00	0.00e+00	5.40e-31	1.39e-21	6.67e-13	1.42e-03	4.95e-01	5.04e-01
 4.55373e+11	0.00e+00	8.99e-41	7.12e-31	1.73e-21	7.79e-13	1.57e-03	5.10e-01	4.89e-01
 4.95944e+11	0.00e+00	0.00e+00	9.66e-31	2.20e-21	9.25e-13	1.74e-03	5.26e-01	4.72e-01
 5.44216e+11	0.00e+00	2.00e-40	1.37e-30	2.89e-21	1.13e-12	1.97e-03	5.45e-01	4.53e-01
 5.91336e+11	0.00e+00	0.00e+00	1.91e-30	3.74e-21	1.36e-12	2.20e-03	5.63e-01	4.35e-01
 6.33220e+11	0.00e+00	4.22e-40	2.53e-30	4.65e-21	1.59e-12	2.42e-03	5.78e-01	4.20e-01
 6.79461e+11	0.00e+00	0.00e+00	3.41e-30	5.87e-21	1.87e-12	2.67e-03	5.94e-01	4.03e-01
 7.34673e+11	0.00e+00	9.29e-40	4.82e-30	7.68e-21	2.27e-12	3.00e-03	6.12e-01	3.85e-01
 7.89945e+11	0.00e+00	0.00e+00	6.72e-30	9.93e-21	2.73e-12	3.34e-03	6.29e-01	3.68e-01
 8.40915e+11	0.00e+00	2.00e-39	9.01e-30	1.25e-20	3.20e-12	3.68e-03	6.44e-01	3.52e-01
 8.97895e+11	0.00e+00	0.00e+00	1.24e-29	1.59e-20	3.81e-12	4.08e-03	6.60e-01	3.36e-01
 9.63666e+11	0.00e+00	4.54e-39	1.76e-29	2.09e-20	4.62e-12	4.56e-03	6.77e-01	3.19e-01
 1.02823e+12	0.00e+00	0.00e+00	2.45e-29	2.70e-20	5.53e-12	5.07e-03	6.93e-01	3.02e-01
 1.09019e+12	0.00e+00	9.92e-39	3.33e-29	3.41e-20	6.53e-12	5.58e-03	7.07e-01	2.88e-01
 1.15150e+12	0.00e+00	0.00e+00	4.45e-29	4.27e-20	7.64e-12	6.10e-03	7.20e-01	2.74e-01
 1.22044e+12	0.00e+00	2.10e-38	6.11e-29	5.45e-20	9.06e-12	6.73e-03	7.33e-01	2.60e-01
 1.29629e+12	0.00e+00	0.00e+00	8.54e-29	7.04e-20	1.08e-11	7.46e-03	7.47e-01	2.45e-01
 1.36775e+12	0.00e+00	4.60e-38	1.16e-28	8.88e-20	1.27e-11	8.18e-03	7.60e-01	2.32e-01
 1.44496e+12	0.00e+00	0.00e+00	1.59e-28	1.13e-19	1.51e-11	8.99e-03	7.72e-01	2.19e-01
 1.52177e+12	0.00e+00	9.87e-38	2.15e-28	1.43e-19	1.77e-11	9.84e-03	7.83e-01	2.07e-01
 1.58388e+12	0.00e+00	0.00e+00	2.72e-28	1.71e-19	2.01e-11	1.06e-02	7.91e-01	1.98e-01
 1.64898e+12	0.00e+00	1.78e-37	3.46e-28	2.05e-19	2.28e-11	1.13e-02	8.00e-01	1.89e-01
 1.73361e+12	0.00e+00	0.00e+00	4.70e-28	2.59e-19	2.68e-11	1.24e-02	8.09e-01	1.78e-01
 1.82357e+12	0.00e+00	3.83e-37	6.43e-28	3.29e-19	3.16e-11	1.36e-02	8.19e-01	1.68e-01
 1.90242e+12	0.00e+00	0.00e+00	8.38e-28	4.02e-19	3.63e-11	1.46e-02	8.27e-01	1.59e-01
 1.98686e+12	0.00e+00	7.49e-37	1.10e-27	4.96e-19	4.19e-11	1.58e-02	8.34e-01	1.50e-01
 2.09024e+12	0.00e+00	0.00e+00	1.53e-27	6.36e-19	4.96e-11	1.73e-02	8.42e-01	1.40e-01
 2.19564e+12	0.00e+00	1.67e-36	2.11e-27	8.12e-19	5.87e-11	1.90e-02	8.50e-01	1.31e-01
 2.29163e+12	2.70e-46	2.37e-36	2.80e-27	1.00e-18	6.78e-11	2.05e-02	8.56e-01	1.23e-01
 2.39800e+12	0.00e+00	0.00e+00	3.81e-27	1.27e-18	7.95e-11	2.23e-02	8.62e-01	1.15e-01
 2.52225e+12	0.00e+00	5.34e-36	5.37e-27	1.64e-18	9.48e-11	2.45e-02	8.69e-01	1.07e-01
 2.64693e+12	1.17e-45	8.07e-36	7.50e-27	2.12e-18	1.13e-10	2.68e-02	8.74e-01	9.93e-02
 2.75515e+12	0.00e+00	0.00e+00	9.94e-27	2.62e-18	1.30e-10	2.89e-02	8.78e-01	9.32e-02
 2.84820e+12	0.00e+00	1.54e-35	1.26e-26	3.13e-18	1.47e-10	3.08e-02	8.81e-01	8.83e-02
 2.95261e+12	3.72e-45	2.13e-35	1.64e-26	3.81e-18	1.68e-10	3.30e-02	8.84e-01	8.31e-02
 3.08681e+12	0.00e+00	0.00e+00	2.27e-26	4.87e-18	1.98e-10	3.60e-02	8.87e-01	7.71e-02
 3.22470e+12	0.00e+00	4.80e-35	3.14e-26	6.22e-18	2.33e-10	3.92e-02	8.89e-01	7.13e-02
 3.34010e+12	1.47e-44	6.70e-35	4.11e-26	7.62e-18	2.67e-10	4.20e-02	8.91e-01	6.69e-02
 3.46133e+12	0.00e+00	0.00e+00	5.42e-26	9.38e-18	3.07e-10	4.51e-02	8.92e-01	6.26e-02
 3.61542e+12	0.00e+00	1.44e-34	7.60e-26	1.21e-17	3.64e-10	4.92e-02	8.93e-01	5.77e-02
 3.77311e+12	6.10e-44	2.20e-34	1.07e-25	1.56e-17	4.33e-10	5.37e-02	8.93e-01	5.30e-02
 3.90682e+12	0.00e+00	3.13e-34	1.42e-25	1.93e-17	4.99e-10	5.77e-02	8.93e-01	4.94e-02
 4.04845e+12	1.44e-43	4.51e-34	1.90e-25	2.41e-17	5.78e-10	6.21e-02	8.92e-01	4.59e-02
 4.22603e+12	0.00e+00	7.06e-34	2.73e-25	3.16e-17	6.92e-10	6.80e-02	8.90e-01	4.18e-02
 4.40242e+12	4.14e-43	1.09e-33	3.87e-25	4.11e-17	8.25e-10	7.42e-02	8.88e-01	3.82e-02
 4.54833e+12	0.00e+00	1.54e-33	5.12e-25	5.07e-17	9.50e-10	7.95e-02	8.85e-01	3.55e-02
 4.70253e+12	9.72e-43	2.21e-33	6.85e-25	6.31e-17	1.10e-09	8.54e-02	8.82e-01	3.28e-02
 4.90045e+12	0.00e+00	3.48e-33	9.85e-25	8.30e-17	1.32e-09	9.33e-02	8.77e-01	2.98e-02
 5.10547e+12	2.87e-42	5.46e-33	1.42e-24	1.09e-16	1.58e-09	1.02e-01	8.71e-01	2.69e-02
 5.28111e+12	0.00e+00	7.94e-33	1.92e-24	1.37e-16	1.84e-09	1.10e-01	8.66e-01	2.48e-02
 5.46133e+12	7.02e-42	1.15e-32	2.59e-24	1.72e-16	2.14e-09	1.18e-01	8.59e-01	2.27e-02
 5.67864e+12	0.00e+00	1.77e-32	3.67e-24	2.24e-16	2.55e-09	1.28e-01	8.51e-01	2.06e-02
 5.90995e+12	2.00e-41	2.76e-32	5.25e-24	2.93e-16	3.05e-09	1.39e-01	8.42e-01	1.85e-02
 6.10587e+12	0.00e+00	3.95e-32	7.02e-24	3.65e-16	3.53e-09	1.49e-01	8.34e-01	1.70e-02
 6.26731e+12	4.33e-41	5.26e-32	8.84e-24	4.35e-16	3.96e-09	1.58e-01	8.27e-01	1.58e-02
 6.44755e+12	0.00e+00	7.15e-32	1.14e-23	5.25e-16	4.49e-09	1.67e-01	8.18e-01	1.47e-02
 6.68186e+12	9.94e-41	1.05e-31	1.55e-23	6.65e-16	5.25e-09	1.79e-01	8.07e-01	1.33e-02
 6.92520e+12	0.00e+00	1.54e-31	2.12e-23	8.42e-16	6.13e-09	1.92e-01	7.95e-01	1.20e-02
 7.12915e+12	2.28e-40	2.10e-31	2.72e-23	1.02e-15	6.95e-09	2.04e-01	7.85e-01	1.11e-02
 7.34316e+12	0.00e+00	2.87e-31	3.50e-23	1.23e-15	7.88e-09	2.15e-01	7.74e-01	1.02e-02
 7.62137e+12	5.26e-40	4.24e-31	4.80e-23	1.56e-15	9.21e-09	2.31e-01	7.60e-01	9.20e-03
 7.90787e+12	0.00e+00	6.21e-31	6.54e-23	1.97e-15	1.07e-08	2.47e-01	7.45e-01	8.27e-03
 8.14500e+12	1.19e-39	8.40e-31	8.36e-23	2.38e-15	1.21e-08	2.60e-01	7.33e-01	7.60e-03
 8.39313e+12	0.00e+00	1.14e-30	1.07e-22	2.86e-15	1.37e-08	2.74e-01	7.19e-01	6.96e-03
 8.71570e+12	2.70e-39	1.67e-30	1.45e-22	3.61e-15	1.59e-08	2.92e-01	7.02e-01	6.23e-03
 9.05108e+12	0.00e+00	2.43e-30	1.97e-22	4.54e-15	1.85e-08	3.10e-01	6.84e-01	5.57e-03
 9.33368e+12	6.11e-39	3.29e-30	2.52e-22	5.47e-15	2.08e-08	3.26e-01	6.69e-01	5.08e-03
 9.63161e+12	0.00e+00	4.48e-30	3.23e-22	6.59e-15	2.35e-08	3.42e-01	6.54e-01	4.62e-03
 1.00110e+13	1.38e-38	6.52e-30	4.38e-22	8.27e-15	2.72e-08	3.62e-01	6.34e-01	4.10e-03
 1.04030e+13	0.00e+00	9.44e-30	5.91e-22	1.04e-14	3.14e-08	3.83e-01	6.14e-01	3.64e-03
 1.07416e+13	3.11e-38	1.28e-29	7.56e-22	1.25e-14	3.53e-08	4.00e-01	5.96e-01	3.29e-03
 1.11039e+13	0.00e+00	1.76e-29	9.74e-22	1.51e-14	3.98e-08	4.19e-01	5.78e-01	2.96e-03
 1.15498e+13	7.08e-38	2.54e-29	1.31e-21	1.88e-14	4.58e-08	4.41e-01	5.57e-01	2.61e-03
 1.20041e+13	0.00e+00	3.65e-29	1.75e-21	2.34e-14	5.25e-08	4.62e-01	5.35e-01	2.30e-03
 1.24130e+13	1.58e-37	4.98e-29	2.25e-21	2.81e-14	5.90e-08	4.81e-01	5.16e-01	2.06e-03
 1.27771e+13	0.00e+00	6.50e-29	2.79e-21	3.30e-14	6.51e-08	4.98e-01	5.00e-01	1.87e-03
 1.30957e+13	2.86e-37	8.14e-29	3.34e-21	3.78e-14	7.08e-08	5.12e-01	4.86e-01	1.72e-03
 1.34414e+13	0.00e+00	1.03e-28	4.05e-21	4.35e-14	7.73e-08	5.27e-01	4.72e-01	1.57e-03
 1.38909e+13	5.44e-37	1.39e-28	5.14e-21	5.20e-14	8.62e-08	5.45e-01	4.53e-01	1.40e-03
 1.43499e+13	0.00e+00	1.87e-28	6.51e-21	6.19e-14	9.61e-08	5.64e-01	4.35e-01	1.25e-03
 1.47247e+13	1.02e-36	2.35e-28	7.83e-21	7.10e-14	1.04e-07	5.78e-01	4.21e-01	1.14e-03
 1.51150e+13	0.00e+00	2.97e-28	9.44e-21	8.16e-14	1.14e-07	5.93e-01	4.06e-01	1.04e-03
 1.56223e+13	1.92e-36	3.98e-28	1.19e-20	9.71e-14	1.26e-07	6.11e-01	3.88e-01	9.18e-04
 1.61553e+13	0.00e+00	5.35e-28	1.52e-20	1.16e-13	1.41e-07	6.29e-01	3.70e-01	8.10e-04
 1.66123e+13	3.67e-36	6.83e-28	1.84e-20	1.34e-13	1.54e-07	6.44e-01	3.55e-01	7.30e-04
 1.70972e+13	0.00e+00	8.77e-28	2.25e-20	1.56e-13	1.68e-07	6.59e-01	3.40e-01	6.54e-04
 1.77276e+13	7.21e-36	1.20e-27	2.90e-20	1.87e-13	1.88e-07	6.78e-01	3.22e-01	5.69e-04
 1.83830e+13	0.00e+00	1.64e-27	3.73e-20	2.26e-13	2.10e-07	6.96e-01	3.03e-01	4.93e-04
 1.89370e+13	1.42e-35	2.11e-27	4.58e-20	2.63e-13	2.30e-07	7.11e-01	2.89e-01	4.38e-04
 1.95234e+13	0.00e+00	2.73e-27	5.63e-20	3.07e-13	2.53e-07	7.25e-01	2.74e-01	3.87e-04
 2.02669e+13	2.81e-35	3.74e-27	7.26e-20	3.71e-13	2.83e-07	7.43e-01	2.57e-01	3.32e-04
 2.10453e+13	0.00e+00	5.13e-27	9.37e-20	4.49e-13	3.17e-07	7.59e-01	2.40e-01	2.84e-04
 2.17417e+13	5.62e-35	6.70e-27	1.16e-19	5.28e-13	3.49e-07	7.73e-01	2.26e-01	2.47e-04
 2.23962e+13	0.00e+00	8.54e-27	1.42e-19	6.12e-13	3.80e-07	7.86e-01	2.14e-01	2.18e-04
 2.31426e+13	1.03e-34	1.11e-26	1.76e-19	7.20e-13	4.19e-07	7.99e-01	2.01e-01	1.89e-04
 2.39805e+13	0.00e+00	1.48e-26	2.22e-19	8.58e-13	4.65e-07	8.12e-01	1.88e-01	1.62e-04
 2.46751e+13	1.88e-34	1.86e-26	2.68e-19	9.87e-13	5.05e-07	8.23e-01	1.77e-01	1.43e-04
 2.51956e+13	2.29e-34	2.19e-26	3.06e-19	1.09e-12	5.36e-07	8.30e-01	1.70e-01	1.30e-04
 2.57518e+13	2.80e-34	2.60e-26	3.52e-19	1.21e-12	5.70e-07	8.37e-01	1.63e-01	1.18e-04
 2.64749e+13	3.61e-34	3.22e-26	4.20e-19	1.39e-12	6.17e-07	8.46e-01	1.54e-01	1.05e-04
 2.72673e+13	4.72e-34	4.04e-26	5.06e-19	1.60e-12	6.70e-07	8.55e-01	1.45e-01	9.15e-05
 2.79902e+13	5.98e-34	4.94e-26	5.96e-19	1.81e-12	7.21e-07	8.63e-01	1.37e-01	8.13e-05
 2.87705e+13	7.67e-34	6.09e-26	7.07e-19	2.06e-12	7.77e-07	8.71e-01	1.29e-01	7.19e-05
 2.97848e+13	1.05e-33	7.91e-26	8.76e-19	2.42e-12	8.54e-07	8.80e-01	1.20e-01	6.16e-05
 3.08149e+13	1.41e-33	1.02e-25	1.08e-18	2.83e-12	9.36e-07	8.88e-01	1.12e-01	5.28e-05
 3.16504e+13	1.79e-33	1.25e-25	1.27e-18	3.19e-12	1.00e-06	8.94e-01	1.06e-01	4.69e-05
 3.25214e+13	2.29e-33	1.53e-25	1.50e-18	3.61e-12	1.08e-06	9.00e-01	1.00e-01	4.16e-05
 3.36536e+13	3.10e-33	1.97e-25	1.84e-18	4.21e-12	1.18e-06	9.07e-01	9.31e-02	3.58e-05
 3.48755e+13	4.25e-33	2.57e-25	2.28e-18	4.93e-12	1.29e-06	9.14e-01	8.63e-02	3.05e-05
 3.59791e+13	5.62e-33	3.24e-25	2.75e-18	5.65e-12	1.39e-06	9.19e-01	8.09e-02	2.67e-05
 3.71789e+13	7.56e-33	4.14e-25	3.35e-18	6.51e-12	1.50e-06	9.24e-01	7.56e-02	2.32e-05
 3.86292e+13	1.07e-32	5.51e-25	4.21e-18	7.68e-12	1.65e-06	9.30e-01	6.99e-02	1.97e-05
 4.01216e+13	1.50e-32	7.33e-25	5.27e-18	9.03e-12	1.81e-06	9.35e-01	6.46e-02	1.67e-05
 4.13633e+13	1.99e-32	9.22e-25	6.32e-18	1.03e-11	1.94e-06	9.39e-01	6.07e-02	1.47e-05
 4.23793e+13	2.48e-32	1.11e-24	7.30e-18	1.14e-11	2.05e-06	9.42e-01	5.78e-02	1.33e-05
 4.35166e+13	3.18e-32	1.35e-24	8.54e-18	1.27e-11	2.18e-06	9.45e-01	5.48e-02	1.19e-05
 4.49950e+13	4.35e-32	1.75e-24	1.04e-17	1.46e-11	2.34e-06	9.49e-01	5.13e-02	1.04e-05
 4.65935e+13	5.97e-32	2.27e-24	1.28e-17	1.69e-11	2.54e-06	9.52e-01	4.77e-02	8.95e-06
 4.79680e+13	7.85e-32	2.84e-24	1.52e-17	1.91e-11	2.71e-06	9.55e-01	4.50e-02	7.95e-06
 4.93750e+13	1.04e-31	3.56e-24	1.81e-17	2.15e-11	2.88e-06	9.57e-01	4.25e-02	7.08e-06
 5.11887e+13	1.46e-31	4.70e-24	2.24e-17	2.49e-11	3.11e-06	9.60e-01	3.96e-02	6.12e-06
 5.30868e+13	2.06e-31	6.21e-24	2.78e-17	2.89e-11	3.37e-06	9.63e-01	3.68e-02	5.27e-06
 5.47244e+13	2.76e-31	7.87e-24	3.33e-17	3.27e-11	3.59e-06	9.65e-01	3.46e-02	4.66e-06
 5.64673e+13	3.73e-31	1.00e-23	4.01e-17	3.71e-11	3.84e-06	9.67e-01	3.26e-02	4.12e-06
 5.86165e+13	5.35e-31	1.34e-23	5.01e-17	4.32e-11	4.15e-06	9.70e-01	3.03e-02	3.54e-06
 6.08184e+13	7.65e-31	1.79e-23	6.24e-17	5.02e-11	4.48e-06	9.72e-01	2.81e-02	3.06e-06
 6.28027e+13	1.04e-30	2.30e-23	7.56e-17	5.71e-11	4.79e-06	9.74e-01	2.64e-02	2.69e-06
 6.49792e+13	1.45e-30	3.00e-23	9.25e-17	6.55e-11	5.15e-06	9.75e-01	2.47e-02	2.35e-06
 6.75486e+13	2.12e-30	4.08e-23	1.17e-16	7.66e-11	5.57e-06	9.77e-01	2.29e-02	2.01e-06
 7.00852e+13	3.00e-30	5.42e-23	1.45e-16	8.89e-11	6.02e-06	9.79e-01	2.13e-02	1.73e-06
 7.24164e+13	4.13e-30	7.00e-23	1.76e-16	1.01e-10	6.44e-06	9.80e-01	1.99e-02	1.52e-06
 7.46434e+13	5.57e-30	8.90e-23	2.11e-16	1.15e-10	6.85e-06	9.81e-01	1.88e-02	1.35e-06
 7.71578e+13	7.68e-30	1.15e-22	2.57e-16	1.31e-10	7.33e-06	9.82e-01	1.76e-02	1.18e-06
 7.99563e+13	1.08e-29	1.52e-22	3.18e-16	1.51e-10	7.90e-06	9.84e-01	1.64e-02	1.02e-06
 8.25757e+13	1.48e-29	1.96e-22	3.85e-16	1.72e-10	8.43e-06	9.85e-01	1.54e-02	8.99e-07
 8.48289e+13	1.90e-29	2.40e-22	4.51e-16	1.92e-10	8.93e-06	9.85e-01	1.45e-02	0.00e+00
 8.68262e+13	2.38e-29	2.88e-22	5.18e-16	2.11e-10	9.36e-06	9.86e-01	1.39e-02	0.00e+00
 8.90944e+13	3.07e-29	3.53e-22	6.04e-16	2.34e-10	9.87e-06	9.87e-01	1.32e-02	0.00e+00
 9.20431e+13	4.17e-29	4.53e-22	7.33e-16	2.67e-10	1.06e-05	9.88e-01	1.23e-02	0.00e+00
 9.50793e+13	5.72e-29	5.84e-22	8.89e-16	3.04e-10	1.13e-05	9.88e-01	1.16e-02	0.00e+00
 9.76112e+13	7.30e-29	7.13e-22	1.04e-15	3.38e-10	1.19e-05	9.89e-01	1.09e-02	0.00e+00
 1.00285e+14	9.45e-29	8.80e-22	1.22e-15	3.77e-10	1.26e-05	9.90e-01	1.04e-02	0.00e+00
 1.03761e+14	1.30e-28	1.14e-21	1.49e-15	4.33e-10	1.36e-05	9.90e-01	9.66e-03	0.00e+00
 1.07340e+14	1.80e-28	1.48e-21	1.82e-15	4.96e-10	1.46e-05	9.91e-01	9.02e-03	0.00e+00
 1.10338e+14	2.34e-28	1.84e-21	2.15e-15	5.54e-10	1.54e-05	9.91e-01	8.52e-03	0.00e+00
 1.13522e+14	3.06e-28	2.28e-21	2.54e-15	6.22e-10	1.64e-05	9.92e-01	8.04e-03	0.00e+00
 1.17642e+14	4.24e-28	2.98e-21	3.13e-15	7.19e-10	1.77e-05	9.93e-01	7.46e-03	0.00e+00
 1.21913e+14	5.99e-28	3.94e-21	3.87e-15	8.30e-10	1.90e-05	9.93e-01	6.94e-03	0.00e+00
 1.25567e+14	7.80e-28	4.91e-21	4.60e-15	9.36e-10	2.03e-05	9.93e-01	6.52e-03	0.00e+00
 1.29488e+14	1.04e-27	6.20e-21	5.52e-15	1.06e-09	2.16e-05	9.94e-01	6.12e-03	0.00e+00
 1.34354e+14	1.46e-27	8.17e-21	6.85e-15	1.23e-09	2.34e-05	9.94e-01	5.66e-03	0.00e+00
 1.39284e+14	2.04e-27	1.08e-20	8.48e-15	1.42e-09	2.52e-05	9.95e-01	5.25e-03	0.00e+00
 1.43626e+14	2.73e-27	1.36e-20	1.02e-14	1.61e-09	2.69e-05	9.95e-01	4.93e-03	0.00e+00
 1.48364e+14	3.69e-27	1.74e-20	1.23e-14	1.84e-09	2.88e-05	9.95e-01	4.60e-03	0.00e+00
 1.54079e+14	5.16e-27	2.30e-20	1.54e-14	2.15e-09	3.12e-05	9.96e-01	4.25e-03	0.00e+00
 1.59752e+14	7.22e-27	3.03e-20	1.90e-14	2.48e-09	3.37e-05	9.96e-01	3.94e-03	0.00e+00
 1.64859e+14	9.72e-27	3.86e-20	2.29e-14	2.82e-09	3.60e-05	9.96e-01	3.69e-03	0.00e+00
 1.70541e+14	1.33e-26	4.98e-20	2.80e-14	3.23e-09	3.87e-05	9.97e-01	3.44e-03	0.00e+00
 1.77242e+14	1.86e-26	6.60e-20	3.50e-14	3.78e-09	4.20e-05	9.97e-01	3.17e-03	0.00e+00
 1.83864e+14	2.61e-26	8.71e-20	4.35e-14	4.38e-09	4.53e-05	9.97e-01	2.94e-03	0.00e+00
 1.89460e+14	3.44e-26	1.09e-19	5.20e-14	4.95e-09	4.83e-05	9.97e-01	2.76e-03	0.00e+00
 1.94016e+14	4.28e-26	1.31e-19	5.98e-14	5.44e-09	5.07e-05	9.97e-01	2.63e-03	0.00e+00
 1.98825e+14	5.38e-26	1.57e-19	6.91e-14	6.01e-09	5.34e-05	9.97e-01	2.50e-03	0.00e+00
 2.05077e+14	7.22e-26	2.00e-19	8.30e-14	6.80e-09	5.69e-05	9.98e-01	2.34e-03	0.00e+00
 2.11626e+14	9.52e-26	2.52e-19	9.99e-14	7.72e-09	6.08e-05	9.98e-01	2.19e-03	0.00e+00
 2.17178e+14	1.21e-25	3.07e-19	1.17e-13	8.57e-09	6.41e-05	9.98e-01	2.07e-03	0.00e+00
 2.23009e+14	1.56e-25	3.77e-19	1.36e-13	9.53e-09	6.77e-05	9.98e-01	1.96e-03	0.00e+00
 2.30590e+14	2.14e-25	4.86e-19	1.66e-13	1.09e-08	7.25e-05	9.98e-01	1.83e-03	0.00e+00
 2.38454e+14	2.87e-25	6.22e-19	2.03e-13	1.25e-08	7.78e-05	9.98e-01	1.71e-03	0.00e+00
 2.45044e+14	3.71e-25	7.67e-19	2.38e-13	1.39e-08	8.22e-05	9.98e-01	1.62e-03	0.00e+00
 2.51969e+14	4.86e-25	9.53e-19	2.81e-13	1.56e-08	8.70e-05	9.98e-01	1.53e-03	0.00e+00
 2.60971e+14	6.75e-25	1.25e-18	3.47e-13	1.79e-08	9.34e-05	9.98e-01	1.42e-03	0.00e+00
 2.70451e+14	9.28e-25	1.62e-18	4.29e-13	2.07e-08	1.01e-04	9.99e-01	1.32e-03	0.00e+00
 2.78632e+14	1.23e-24	2.05e-18	5.12e-13	2.33e-08	1.07e-04	9.99e-01	1.25e-03	0.00e+00
 2.87345e+14	1.66e-24	2.61e-18	6.16e-13	2.63e-08	1.13e-04	9.99e-01	1.17e-03	0.00e+00
 2.98130e+14	2.35e-24	3.46e-18	7.67e-13	3.05e-08	1.22e-04	9.99e-01	1.09e-03	0.00e+00
 3.09264e+14	3.32e-24	4.58e-18	9.55e-13	3.53e-08	1.32e-04	9.99e-01	1.01e-03	0.00e+00
 3.19348e+14	4.48e-24	5.86e-18	1.16e-12	4.01e-08	1.40e-04	9.99e-01	9.47e-04	0.00e+00
 3.30407e+14	6.16e-24	7.61e-18	1.42e-12	4.60e-08	1.50e-04	9.99e-01	8.85e-04	0.00e+00
 3.43407e+14	8.76e-24	1.02e-17	1.79e-12	5.36e-08	1.62e-04	9.99e-01	8.19e-04	0.00e+00
 3.56242e+14	1.26e-23	1.36e-17	2.23e-12	6.21e-08	1.74e-04	9.99e-01	7.62e-04	0.00e+00
 3.68265e+14	1.69e-23	1.74e-17	2.72e-12	7.08e-08	1.86e-04	9.99e-01	7.13e-04	0.00e+00
 3.81699e+14	2.38e-23	2.30e-17	3.37e-12	8.17e-08	2.00e-04	9.99e-01	6.64e-04	0.00e+00
 3.94579e+14	3.28e-23	2.98e-17	4.11e-12	9.32e-08	2.14e-04	9.99e-01	6.22e-04	0.00e+00
 4.04177e+14	4.09e-23	3.58e-17	4.74e-12	1.03e-07	2.24e-04	9.99e-01	5.93e-04	0.00e+00
 4.13877e+14	5.06e-23	4.27e-17	5.47e-12	1.13e-07	2.35e-04	9.99e-01	5.65e-04	0.00e+00
 4.26487e+14	6.74e-23	5.40e-17	6.55e-12	1.27e-07	2.49e-04	9.99e-01	5.32e-04	0.00e+00
 4.40153e+14	9.13e-23	6.90e-17	7.91e-12	1.44e-07	2.65e-04	9.99e-01	5.00e-04	0.00e+00
 4.52427e+14	1.18e-22	8.51e-17	9.33e-12	1.61e-07	2.80e-04	9.99e-01	4.74e-04	0.00e+00
 4.65617e+14	1.52e-22	1.05e-16	1.11e-11	1.80e-07	2.97e-04	9.99e-01	4.47e-04	0.00e+00
 4.82549e+14	2.14e-22	1.39e-16	1.37e-11	2.08e-07	3.18e-04	9.99e-01	4.16e-04	0.00e+00
 4.99712e+14	2.97e-22	1.82e-16	1.69e-11	2.39e-07	3.41e-04	9.99e-01	3.88e-04	0.00e+00
 5.13884e+14	3.80e-22	2.23e-16	2.00e-11	2.67e-07	3.61e-04	9.99e-01	3.67e-04	0.00e+00
 5.28800e+14	5.01e-22	2.79e-16	2.37e-11	3.00e-07	3.82e-04	9.99e-01	3.47e-04	0.00e+00
 5.47990e+14	6.86e-22	3.64e-16	2.94e-11	3.45e-07	4.10e-04	9.99e-01	3.23e-04	0.00e+00
 5.68219e+14	9.69e-22	4.82e-16	3.65e-11	3.99e-07	4.41e-04	9.99e-01	3.00e-04	0.00e+00
 5.85889e+14	1.26e-21	6.02e-16	4.38e-11	4.51e-07	4.70e-04	9.99e-01	2.82e-04	0.00e+00
 6.04749e+14	1.71e-21	7.70e-16	5.29e-11	5.12e-07	5.00e-04	9.99e-01	2.65e-04	0.00e+00
 6.27731e+14	2.37e-21	1.01e-15	6.61e-11	5.95e-07	5.39e-04	9.99e-01	2.45e-04	0.00e+00
 6.50610e+14	3.28e-21	1.32e-15	8.17e-11	6.87e-07	5.81e-04	9.99e-01	2.28e-04	0.00e+00
 6.70616e+14	4.32e-21	1.67e-15	9.80e-11	7.75e-07	6.16e-04	9.99e-01	2.15e-04	0.00e+00
 6.92354e+14	5.72e-21	2.11e-15	1.18e-10	8.81e-07	6.58e-04	9.99e-01	2.01e-04	0.00e+00
 7.18749e+14	8.04e-21	2.79e-15	1.48e-10	1.02e-06	7.10e-04	9.99e-01	1.86e-04	0.00e+00
 7.45153e+14	1.11e-20	3.65e-15	1.83e-10	1.18e-06	7.65e-04	9.99e-01	1.73e-04	0.00e+00
 7.68693e+14	1.46e-20	4.58e-15	2.21e-10	1.34e-06	8.15e-04	9.99e-01	1.62e-04	0.00e+00
 7.94551e+14	1.94e-20	5.83e-15	2.68e-10	1.53e-06	8.73e-04	9.99e-01	1.51e-04	0.00e+00
 8.25365e+14	2.72e-20	7.73e-15	3.36e-10	1.78e-06	9.44e-04	9.99e-01	1.40e-04	0.00e+00
 8.54412e+14	3.68e-20	9.95e-15	4.13e-10	2.05e-06	1.01e-03	9.99e-01	1.30e-04	0.00e+00
 8.77901e+14	4.68e-20	1.22e-14	4.85e-10	2.29e-06	1.07e-03	9.99e-01	1.23e-04	0.00e+00
 8.98545e+14	5.71e-20	1.44e-14	5.56e-10	2.51e-06	1.13e-03	9.99e-01	1.17e-04	0.00e+00
 9.21559e+14	7.12e-20	1.73e-14	6.46e-10	2.78e-06	1.19e-03	9.99e-01	1.11e-04	0.00e+00
 9.51476e+14	9.38e-20	2.18e-14	7.80e-10	3.16e-06	1.27e-03	9.99e-01	1.04e-04	0.00e+00
 9.81907e+14	1.23e-19	2.74e-14	9.39e-10	3.59e-06	1.36e-03	9.99e-01	9.72e-05	0.00e+00
 1.00658e+15	1.53e-19	3.29e-14	1.09e-09	3.97e-06	1.43e-03	9.98e-01	9.22e-05	0.00e+00
 1.03222e+15	1.90e-19	3.94e-14	1.26e-09	4.39e-06	1.51e-03	9.98e-01	8.74e-05	0.00e+00
 1.06555e+15	2.50e-19	4.98e-14	1.52e-09	4.99e-06	1.61e-03	9.98e-01	8.17e-05	0.00e+00
 1.10037e+15	3.31e-19	6.29e-14	1.84e-09	5.68e-06	1.72e-03	9.98e-01	7.63e-05	0.00e+00
 1.12991e+15	4.16e-19	7.62e-14	2.15e-09	6.32e-06	1.82e-03	9.98e-01	7.21e-05	0.00e+00
 1.16107e+15	5.23e-19	9.25e-14	2.52e-09	7.05e-06	1.93e-03	9.98e-01	6.81e-05	0.00e+00
 1.20158e+15	7.06e-19	1.19e-13	3.08e-09	8.10e-06	2.08e-03	9.98e-01	6.32e-05	0.00e+00
 1.24362e+15	9.40e-19	1.52e-13	3.78e-09	9.30e-06	2.23e-03	9.98e-01	5.88e-05	0.00e+00
 1.27923e+15	1.20e-18	1.86e-13	4.46e-09	1.04e-05	2.37e-03	9.98e-01	5.54e-05	0.00e+00
 1.31711e+15	1.54e-18	2.30e-13	5.29e-09	1.17e-05	2.52e-03	9.97e-01	5.20e-05	0.00e+00
 1.36531e+15	2.12e-18	2.99e-13	6.53e-09	1.36e-05	2.72e-03	9.97e-01	4.81e-05	0.00e+00
 1.41560e+15	2.85e-18	3.86e-13	8.08e-09	1.57e-05	2.94e-03	9.97e-01	4.45e-05	0.00e+00
 1.45999e+15	3.72e-18	4.83e-13	9.69e-09	1.78e-05	3.14e-03	9.97e-01	4.16e-05	0.00e+00
 1.50799e+15	4.90e-18	6.10e-13	1.17e-08	2.02e-05	3.36e-03	9.97e-01	3.88e-05	0.00e+00
 1.56585e+15	6.86e-18	8.06e-13	1.46e-08	2.36e-05	3.65e-03	9.96e-01	3.58e-05	0.00e+00
 1.62352e+15	9.16e-18	1.03e-12	1.81e-08	2.72e-05	3.94e-03	9.96e-01	3.31e-05	0.00e+00
 1.67552e+15	1.20e-17	1.30e-12	2.17e-08	3.09e-05	4.21e-03	9.96e-01	3.09e-05	0.00e+00
 1.71983e+15	1.53e-17	1.58e-12	2.53e-08	3.44e-05	4.46e-03	9.95e-01	2.91e-05	0.00e+00
 1.75733e+15	1.84e-17	1.85e-12	2.87e-08	3.75e-05	4.67e-03	9.95e-01	2.78e-05	0.00e+00
 1.79930e+15	2.21e-17	2.17e-12	3.30e-08	4.12e-05	4.92e-03	9.95e-01	2.64e-05	0.00e+00
 1.85386e+15	2.89e-17	2.71e-12	3.92e-08	4.65e-05	5.25e-03	9.95e-01	2.47e-05	0.00e+00
 1.91055e+15	3.71e-17	3.35e-12	4.68e-08	5.25e-05	5.61e-03	9.94e-01	2.31e-05	0.00e+00
 1.95786e+15	4.57e-17	4.00e-12	5.40e-08	5.80e-05	5.91e-03	9.94e-01	2.19e-05	0.00e+00
 2.00721e+15	5.56e-17	4.74e-12	6.24e-08	6.41e-05	6.24e-03	9.94e-01	2.07e-05	0.00e+00
 2.07137e+15	7.38e-17	5.99e-12	7.50e-08	7.28e-05	6.69e-03	9.93e-01	1.93e-05	0.00e+00
 2.13770e+15	9.48e-17	7.44e-12	9.01e-08	8.27e-05	7.18e-03	9.93e-01	1.80e-05	0.00e+00
 2.19269e+15	1.19e-16	8.98e-12	1.05e-07	9.16e-05	7.59e-03	9.92e-01	1.70e-05	0.00e+00
 2.25002e+15	1.64e-16	1.07e-11	1.22e-07	1.02e-04	8.03e-03	9.92e-01	1.60e-05	0.00e+00
 2.32454e+15	2.17e-16	1.36e-11	1.47e-07	1.16e-04	8.64e-03	9.91e-01	1.49e-05	0.00e+00
 2.40255e+15	2.85e-16	1.71e-11	1.78e-07	1.33e-04	9.31e-03	9.91e-01	1.38e-05	0.00e+00
 2.46896e+15	3.58e-16	2.08e-11	2.09e-07	1.48e-04	9.89e-03	9.90e-01	1.29e-05	0.00e+00
 2.53916e+15	4.40e-16	2.50e-11	2.46e-07	1.66e-04	1.05e-02	9.89e-01	1.21e-05	0.00e+00
 2.63041e+15	6.07e-16	3.24e-11	3.02e-07	1.91e-04	1.14e-02	9.88e-01	1.12e-05	0.00e+00
 2.72591e+15	8.14e-16	4.16e-11	3.72e-07	2.20e-04	1.24e-02	9.87e-01	1.03e-05	0.00e+00
 2.80780e+15	1.01e-15	5.06e-11	4.43e-07	2.48e-04	1.32e-02	9.87e-01	9.71e-06	0.00e+00
 2.89512e+15	1.34e-15	6.36e-11	5.30e-07	2.81e-04	1.42e-02	9.86e-01	9.10e-06	0.00e+00
 3.00339e+15	1.79e-15	8.18e-11	6.57e-07	3.26e-04	1.54e-02	9.84e-01	8.42e-06	0.00e+00
 3.11392e+15	2.44e-15	1.06e-10	8.12e-07	3.77e-04	1.67e-02	9.83e-01	7.81e-06	0.00e+00
 3.21141e+15	3.11e-15	1.31e-10	9.73e-07	4.26e-04	1.80e-02	9.82e-01	7.32e-06	0.00e+00
 3.29295e+15	3.78e-15	1.56e-10	1.13e-06	4.71e-04	1.90e-02	9.81e-01	6.96e-06	0.00e+00
 3.36370e+15	4.49e-15	1.81e-10	1.28e-06	5.13e-04	1.99e-02	9.80e-01	6.66e-06	0.00e+00
 3.44435e+15	5.45e-15	2.13e-10	1.47e-06	5.65e-04	2.11e-02	9.78e-01	6.34e-06	0.00e+00
 3.54920e+15	7.27e-15	2.69e-10	1.76e-06	6.37e-04	2.26e-02	9.77e-01	5.98e-06	0.00e+00
 3.65634e+15	9.26e-15	3.32e-10	2.10e-06	7.18e-04	2.42e-02	9.75e-01	5.64e-06	0.00e+00
 3.74329e+15	1.12e-14	3.91e-10	2.41e-06	7.89e-04	2.55e-02	9.74e-01	5.38e-06	0.00e+00
 3.83315e+15	1.34e-14	4.58e-10	2.78e-06	8.68e-04	2.69e-02	9.72e-01	5.14e-06	0.00e+00
 3.94998e+15	1.77e-14	5.77e-10	3.32e-06	9.79e-04	2.88e-02	9.70e-01	4.86e-06	0.00e+00
 4.07137e+15	2.25e-14	7.13e-10	3.98e-06	1.11e-03	3.09e-02	9.68e-01	4.60e-06	0.00e+00
 4.17335e+15	2.73e-14	8.47e-10	4.62e-06	1.22e-03	3.26e-02	9.66e-01	4.40e-06	0.00e+00
 4.28054e+15	3.42e-14	1.02e-09	5.38e-06	1.35e-03	3.46e-02	9.64e-01	4.20e-06	0.00e+00
 4.41990e+15	4.49e-14	1.29e-09	6.53e-06	1.54e-03	3.73e-02	9.61e-01	3.98e-06	0.00e+00
 4.56464e+15	5.95e-14	1.65e-09	7.94e-06	1.75e-03	4.01e-02	9.58e-01	3.78e-06	0.00e+00
 4.68641e+15	7.39e-14	1.99e-09	9.31e-06	1.94e-03	4.25e-02	9.56e-01	3.63e-06	0.00e+00
 4.81475e+15	9.44e-14	2.44e-09	1.10e-05	2.17e-03	4.53e-02	9.53e-01	3.48e-06	0.00e+00
 4.98160e+15	1.26e-13	3.14e-09	1.35e-05	2.49e-03	4.89e-02	9.49e-01	3.31e-06	0.00e+00
 5.15713e+15	1.69e-13	4.05e-09	1.67e-05	2.86e-03	5.28e-02	9.44e-01	3.16e-06	0.00e+00
 5.30967e+15	2.18e-13	5.04e-09	2.00e-05	3.21e-03	5.64e-02	9.40e-01	3.05e-06	0.00e+00
 5.47372e+15	2.73e-13	6.20e-09	2.41e-05	3.63e-03	6.02e-02	9.36e-01	2.93e-06	0.00e+00
 5.67778e+15	3.89e-13	8.31e-09	3.02e-05	4.21e-03	6.54e-02	9.30e-01	2.82e-06	0.00e+00
 5.88445e+15	5.24e-13	1.08e-08	3.77e-05	4.85e-03	7.07e-02	9.24e-01	2.71e-06	0.00e+00
 6.03949e+15	6.61e-13	1.32e-08	4.42e-05	5.38e-03	7.49e-02	9.20e-01	2.64e-06	0.00e+00
 6.15378e+15	7.88e-13	1.53e-08	4.97e-05	5.81e-03	7.82e-02	9.16e-01	2.61e-06	0.00e+00
 6.27932e+15	9.48e-13	1.79e-08	5.64e-05	6.30e-03	8.16e-02	9.12e-01	2.57e-06	0.00e+00
 6.44252e+15	1.15e-12	2.14e-08	6.60e-05	6.98e-03	8.62e-02	9.07e-01	2.50e-06	0.00e+00
 6.62300e+15	1.53e-12	2.69e-08	7.87e-05	7.81e-03	9.17e-02	9.00e-01	2.47e-06	0.00e+00
 6.78651e+15	1.84e-12	3.19e-08	9.14e-05	8.60e-03	9.64e-02	8.95e-01	2.42e-06	0.00e+00
 6.95965e+15	2.39e-12	3.95e-08	1.07e-04	9.53e-03	1.02e-01	8.88e-01	2.39e-06	0.00e+00
 7.18472e+15	3.06e-12	4.94e-08	1.31e-04	1.08e-02	1.09e-01	8.80e-01	2.34e-06	0.00e+00
 7.41104e+15	4.22e-12	6.44e-08	1.60e-04	1.23e-02	1.17e-01	8.71e-01	2.32e-06	0.00e+00
 7.58661e+15	5.23e-12	7.73e-08	1.85e-04	1.35e-02	1.22e-01	8.64e-01	2.30e-06	0.00e+00
 7.76246e+15	6.47e-12	9.27e-08	2.14e-04	1.48e-02	1.28e-01	8.57e-01	2.28e-06	0.00e+00
 7.99107e+15	8.15e-12	1.14e-07	2.56e-04	1.66e-02	1.36e-01	8.47e-01	2.24e-06	0.00e+00
 8.23669e+15	1.11e-11	1.47e-07	3.11e-04	1.88e-02	1.45e-01	8.36e-01	2.23e-06	0.00e+00
 8.45157e+15	1.40e-11	1.80e-07	3.66e-04	2.08e-02	1.53e-01	8.26e-01	2.21e-06	0.00e+00
 8.67809e+15	1.76e-11	2.19e-07	4.33e-04	2.31e-02	1.61e-01	8.16e-01	2.20e-06	0.00e+00
 8.97257e+15	2.52e-11	2.94e-07	5.39e-04	2.65e-02	1.73e-01	8.00e-01	2.19e-06	0.00e+00
 9.26449e+15	3.26e-11	3.70e-07	6.57e-04	3.00e-02	1.83e-01	7.86e-01	2.17e-06	0.00e+00
 9.49924e+15	4.12e-11	4.52e-07	7.72e-04	3.31e-02	1.92e-01	7.74e-01	2.16e-06	0.00e+00
 9.75055e+15	5.29e-11	5.58e-07	9.14e-04	3.68e-02	2.02e-01	7.60e-01	2.15e-06	0.00e+00
 1.00772e+16	7.69e-11	7.55e-07	1.14e-03	4.21e-02	2.16e-01	7.41e-01	2.15e-06	0.00e+00
 1.03996e+16	1.03e-10	9.70e-07	1.39e-03	4.76e-02	2.28e-01	7.22e-01	2.13e-06	0.00e+00
 1.06502e+16	1.30e-10	1.18e-06	1.63e-03	5.24e-02	2.39e-01	7.07e-01	2.13e-06	0.00e+00
 1.08758e+16	1.60e-10	1.41e-06	1.87e-03	5.69e-02	2.48e-01	6.94e-01	2.12e-06	0.00e+00
 1.11348e+16	2.00e-10	1.70e-06	2.18e-03	6.25e-02	2.58e-01	6.78e-01	2.10e-06	0.00e+00
 1.14074e+16	2.47e-10	2.04e-06	2.55e-03	6.86e-02	2.68e-01	6.61e-01	2.08e-06	0.00e+00
 1.16568e+16	3.20e-10	2.52e-06	2.96e-03	7.50e-02	2.78e-01	6.44e-01	2.07e-06	0.00e+00
 1.18953e+16	3.86e-10	2.96e-06	3.38e-03	8.11e-02	2.87e-01	6.28e-01	2.05e-06	0.00e+00
 1.21602e+16	4.72e-10	3.52e-06	3.91e-03	8.84e-02	2.97e-01	6.11e-01	2.03e-06	0.00e+00
 1.24526e+16	6.27e-10	4.43e-06	4.62e-03	9.74e-02	3.09e-01	5.89e-01	2.01e-06	0.00e+00
 1.27143e+16	7.66e-10	5.25e-06	5.30e-03	1.05e-01	3.18e-01	5.71e-01	1.98e-06	0.00e+00
 1.29885e+16	9.34e-10	6.25e-06	6.13e-03	1.15e-01	3.27e-01	5.52e-01	1.96e-06	0.00e+00
 1.33450e+16	1.30e-09	8.18e-06	7.47e-03	1.28e-01	3.40e-01	5.25e-01	1.92e-06	0.00e+00
 1.36800e+16	1.67e-09	1.01e-05	8.83e-03	1.41e-01	3.50e-01	5.01e-01	1.88e-06	0.00e+00
 1.39265e+16	2.03e-09	1.19e-05	1.00e-02	1.51e-01	3.57e-01	4.82e-01	1.86e-06	0.00e+00
 1.41861e+16	2.51e-09	1.42e-05	1.15e-02	1.62e-01	3.64e-01	4.62e-01	1.83e-06	0.00e+00
 1.45236e+16	3.29e-09	1.78e-05	1.37e-02	1.78e-01	3.72e-01	4.36e-01	1.78e-06	0.00e+00
 1.48686e+16	4.31e-09	2.22e-05	1.62e-02	1.95e-01	3.79e-01	4.09e-01	1.74e-06	0.00e+00
 1.51494e+16	5.23e-09	2.63e-05	1.86e-02	2.10e-01	3.84e-01	3.88e-01	1.70e-06	0.00e+00
 1.54402e+16	6.57e-09	3.18e-05	2.16e-02	2.26e-01	3.88e-01	3.65e-01	1.65e-06	0.00e+00
 1.57477e+16	9.10e-09	4.09e-05	2.55e-02	2.45e-01	3.92e-01	3.38e-01	1.61e-06	0.00e+00
 1.60011e+16	1.10e-08	4.81e-05	2.88e-02	2.60e-01	3.93e-01	3.19e-01	1.57e-06	0.00e+00
 1.62550e+16	1.38e-08	5.76e-05	3.30e-02	2.77e-01	3.93e-01	2.98e-01	1.53e-06	0.00e+00
 1.65337e+16	1.75e-08	6.99e-05	3.80e-02	2.95e-01	3.91e-01	2.76e-01	1.48e-06	0.00e+00
 1.67857e+16	2.14e-08	8.25e-05	4.31e-02	3.12e-01	3.89e-01	2.56e-01	1.44e-06	0.00e+00
 1.70150e+16	2.53e-08	9.51e-05	4.83e-02	3.28e-01	3.85e-01	2.39e-01	1.39e-06	0.00e+00
 1.72397e+16	3.35e-08	1.18e-04	5.49e-02	3.45e-01	3.81e-01	2.19e-01	1.36e-06	0.00e+00
 1.74467e+16	3.94e-08	1.34e-04	6.10e-02	3.60e-01	3.75e-01	2.04e-01	1.32e-06	0.00e+00
 1.76649e+16	4.66e-08	1.55e-04	6.83e-02	3.76e-01	3.68e-01	1.88e-01	1.26e-06	0.00e+00
 1.79056e+16	5.80e-08	1.85e-04	7.76e-02	3.95e-01	3.58e-01	1.70e-01	1.21e-06	0.00e+00
 1.81188e+16	7.21e-08	2.20e-04	8.71e-02	4.11e-01	3.48e-01	1.54e-01	1.17e-06	0.00e+00
 1.82981e+16	8.80e-08	2.56e-04	9.63e-02	4.25e-01	3.39e-01	1.40e-01	1.13e-06	0.00e+00
 1.84643e+16	1.06e-07	2.96e-04	1.06e-01	4.37e-01	3.29e-01	1.28e-01	1.09e-06	0.00e+00
 1.86546e+16	1.30e-07	3.48e-04	1.18e-01	4.52e-01	3.16e-01	1.14e-01	1.04e-06	0.00e+00
 1.88545e+16	1.73e-07	4.30e-04	1.33e-01	4.66e-01	3.01e-01	9.97e-02	9.96e-07	0.00e+00
 1.90144e+16	2.02e-07	4.87e-04	1.45e-01	4.76e-01	2.88e-01	8.96e-02	0.00e+00	0.00e+00
 1.91490e+16	2.62e-07	5.84e-04	1.59e-01	4.86e-01	2.76e-01	7.94e-02	0.00e+00	0.00e+00
 1.92770e+16	2.87e-07	6.33e-04	1.70e-01	4.93e-01	2.64e-01	7.26e-02	0.00e+00	0.00e+00
 1.94167e+16	3.39e-07	7.20e-04	1.84e-01	5.00e-01	2.51e-01	6.43e-02	0.00e+00	0.00e+00
 1.95730e+16	4.14e-07	8.38e-04	2.01e-01	5.08e-01	2.35e-01	5.56e-02	0.00e+00	0.00e+00
 1.97130e+16	5.60e-07	1.04e-03	2.21e-01	5.13e-01	2.18e-01	4.67e-02	0.00e+00	0.00e+00
 1.98101e+16	6.35e-07	1.14e-03	2.34e-01	5.16e-01	2.08e-01	4.21e-02	0.00e+00	0.00e+00
 1.98891e+16	7.25e-07	1.25e-03	2.45e-01	5.17e-01	1.98e-01	3.80e-02	0.00e+00	0.00e+00
 1.99918e+16	8.43e-07	1.40e-03	2.60e-01	5.19e-01	1.86e-01	3.33e-02	0.00e+00	0.00e+00
 2.01252e+16	1.04e-06	1.64e-03	2.82e-01	5.20e-01	1.69e-01	2.76e-02	0.00e+00	0.00e+00
 2.02534e+16	1.25e-06	1.87e-03	3.02e-01	5.19e-01	1.54e-01	2.29e-02	0.00e+00	0.00e+00
 2.03347e+16	1.44e-06	2.07e-03	3.17e-01	5.17e-01	1.44e-01	2.01e-02	0.00e+00	0.00e+00
 2.03845e+16	1.59e-06	2.22e-03	3.26e-01	5.15e-01	1.38e-01	1.83e-02	0.00e+00	0.00e+00
 2.04333e+16	1.68e-06	2.32e-03	3.34e-01	5.14e-01	1.32e-01	1.69e-02	0.00e+00	0.00e+00
 2.04968e+16	1.85e-06	2.49e-03	3.46e-01	5.12e-01	1.24e-01	1.50e-02	0.00e+00	0.00e+00
 2.05794e+16	2.21e-06	2.83e-03	3.63e-01	5.07e-01	1.14e-01	1.26e-02	0.00e+00	0.00e+00
 2.06534e+16	2.44e-06	3.04e-03	3.77e-01	5.03e-01	1.06e-01	1.09e-02	0.00e+00	0.00e+00
 2.07061e+16	2.82e-06	3.36e-03	3.89e-01	4.99e-01	9.90e-02	9.54e-03	0.00e+00	0.00e+00
 2.07512e+16	3.06e-06	3.56e-03	3.99e-01	4.95e-01	9.39e-02	8.61e-03	0.00e+00	0.00e+00
 2.07968e+16	3.24e-06	3.71e-03	4.07e-01	4.92e-01	8.90e-02	7.80e-03	0.00e+00	0.00e+00
 2.08561e+16	3.70e-06	4.08e-03	4.20e-01	4.87e-01	8.22e-02	6.67e-03	0.00e+00	0.00e+00
 2.09163e+16	4.16e-06	4.42e-03	4.33e-01	4.81e-01	7.58e-02	5.72e-03	0.00e+00	0.00e+00
 2.09669e+16	4.49e-06	4.67e-03	4.43e-01	4.76e-01	7.09e-02	5.04e-03	0.00e+00	0.00e+00
 2.10218e+16	5.12e-06	5.11e-03	4.56e-01	4.69e-01	6.51e-02	4.26e-03	0.00e+00	0.00e+00
 2.10787e+16	5.59e-06	5.44e-03	4.67e-01	4.63e-01	6.00e-02	3.66e-03	0.00e+00	0.00e+00
 2.11381e+16	6.28e-06	5.90e-03	4.80e-01	4.56e-01	5.46e-02	3.06e-03	0.00e+00	0.00e+00
 2.12025e+16	7.41e-06	6.61e-03	4.96e-01	4.46e-01	4.88e-02	2.45e-03	0.00e+00	0.00e+00
 2.12548e+16	8.00e-06	6.98e-03	5.06e-01	4.40e-01	4.49e-02	2.11e-03	0.00e+00	0.00e+00
 2.13044e+16	8.86e-06	7.49e-03	5.16e-01	4.33e-01	4.11e-02	1.78e-03	0.00e+00	0.00e+00
 2.13689e+16	1.04e-05	8.37e-03	5.32e-01	4.22e-01	3.63e-02	1.40e-03	0.00e+00	0.00e+00
 2.14337e+16	1.18e-05	9.14e-03	5.45e-01	4.13e-01	3.22e-02	1.12e-03	0.00e+00	0.00e+00
 2.14900e+16	1.33e-05	9.91e-03	5.57e-01	4.03e-01	2.89e-02	9.07e-04	0.00e+00	0.00e+00
 2.15542e+16	1.53e-05	1.09e-02	5.70e-01	3.93e-01	2.53e-02	7.07e-04	0.00e+00	0.00e+00
 2.16260e+16	1.78e-05	1.21e-02	5.85e-01	3.81e-01	2.19e-02	5.36e-04	0.00e+00	0.00e+00
 2.16948e+16	2.04e-05	1.33e-02	5.98e-01	3.69e-01	1.90e-02	4.10e-04	0.00e+00	0.00e+00
 2.17500e+16	2.30e-05	1.44e-02	6.09e-01	3.59e-01	1.69e-02	3.29e-04	0.00e+00	0.00e+00
 2.17901e+16	2.50e-05	1.52e-02	6.16e-01	3.52e-01	1.55e-02	2.80e-04	0.00e+00	0.00e+00
 2.18318e+16	2.73e-05	1.61e-02	6.24e-01	3.45e-01	1.42e-02	2.35e-04	0.00e+00	0.00e+00
 2.18860e+16	3.06e-05	1.74e-02	6.35e-01	3.35e-01	1.25e-02	1.87e-04	0.00e+00	0.00e+00
 2.19442e+16	3.45e-05	1.89e-02	6.45e-01	3.25e-01	1.10e-02	1.47e-04	0.00e+00	0.00e+00
 2.19964e+16	3.85e-05	2.04e-02	6.54e-01	3.16e-01	9.82e-03	1.18e-04	0.00e+00	0.00e+00
 2.20531e+16	4.34e-05	2.21e-02	6.64e-01	3.05e-01	8.60e-03	9.20e-05	0.00e+00	0.00e+00
 2.21150e+16	4.94e-05	2.41e-02	6.74e-01	2.94e-01	7.47e-03	7.06e-05	0.00e+00	0.00e+00
 2.21710e+16	5.57e-05	2.61e-02	6.83e-01	2.84e-01	6.56e-03	5.54e-05	0.00e+00	0.00e+00
 2.22222e+16	6.22e-05	2.81e-02	6.91e-01	2.75e-01	5.82e-03	4.44e-05	0.00e+00	0.00e+00
 2.22797e+16	7.02e-05	3.05e-02	7.00e-01	2.65e-01	5.07e-03	3.44e-05	0.00e+00	0.00e+00
 2.23436e+16	8.06e-05	3.35e-02	7.09e-01	2.53e-01	4.35e-03	2.59e-05	0.00e+00	0.00e+00
 2.24015e+16	9.10e-05	3.63e-02	7.17e-01	2.43e-01	3.79e-03	2.02e-05	0.00e+00	0.00e+00
 2.24623e+16	1.04e-04	3.98e-02	7.25e-01	2.32e-01	3.25e-03	1.53e-05	0.00e+00	0.00e+00
 2.25262e+16	1.20e-04	4.38e-02	7.33e-01	2.20e-01	2.78e-03	1.15e-05	0.00e+00	0.00e+00
 2.25803e+16	1.36e-04	4.75e-02	7.39e-01	2.11e-01	2.42e-03	8.99e-06	0.00e+00	0.00e+00
 2.26293e+16	1.52e-04	5.12e-02	7.45e-01	2.02e-01	2.14e-03	7.19e-06	0.00e+00	0.00e+00
 2.26853e+16	1.73e-04	5.57e-02	7.50e-01	1.92e-01	1.85e-03	5.54e-06	0.00e+00	0.00e+00
 2.27478e+16	1.99e-04	6.12e-02	7.56e-01	1.81e-01	1.57e-03	4.17e-06	0.00e+00	0.00e+00
 2.28055e+16	2.29e-04	6.72e-02	7.60e-01	1.71e-01	1.34e-03	3.17e-06	0.00e+00	0.00e+00
 2.28554e+16	2.59e-04	7.27e-02	7.63e-01	1.62e-01	1.17e-03	2.51e-06	0.00e+00	0.00e+00
 2.29082e+16	2.94e-04	7.92e-02	7.66e-01	1.53e-01	1.01e-03	1.94e-06	0.00e+00	0.00e+00
 2.29667e+16	3.41e-04	8.73e-02	7.68e-01	1.43e-01	8.52e-04	1.46e-06	0.00e+00	0.00e+00
 2.30196e+16	3.90e-04	9.54e-02	7.69e-01	1.34e-01	7.31e-04	1.12e-06	0.00e+00	0.00e+00
 2.30675e+16	4.43e-04	1.04e-01	7.69e-01	1.26e-01	6.30e-04	8.80e-07	0.00e+00	0.00e+00
 2.31144e+16	5.02e-04	1.12e-01	7.68e-01	1.18e-01	5.46e-04	0.00e+00	0.00e+00	0.00e+00
 2.31683e+16	5.80e-04	1.24e-01	7.66e-01	1.10e-01	4.58e-04	0.00e+00	0.00e+00	0.00e+00
 2.32257e+16	6.82e-04	1.37e-01	7.61e-01	1.00e-01	3.78e-04	0.00e+00	0.00e+00	0.00e+00
 2.32746e+16	7.85e-04	1.50e-01	7.56e-01	9.26e-02	3.19e-04	0.00e+00	0.00e+00	0.00e+00
 2.33172e+16	8.90e-04	1.63e-01	7.50e-01	8.60e-02	2.75e-04	0.00e+00	0.00e+00	0.00e+00
 2.33646e+16	1.02e-03	1.78e-01	7.42e-01	7.88e-02	2.30e-04	0.00e+00	0.00e+00	0.00e+00
 2.34177e+16	1.20e-03	1.98e-01	7.30e-01	7.09e-02	1.87e-04	0.00e+00	0.00e+00	0.00e+00
 2.34665e+16	1.41e-03	2.18e-01	7.17e-01	6.39e-02	1.53e-04	0.00e+00	0.00e+00	0.00e+00
 2.35103e+16	1.62e-03	2.38e-01	7.03e-01	5.76e-02	1.27e-04	0.00e+00	0.00e+00	0.00e+00
 2.35592e+16	1.90e-03	2.63e-01	6.84e-01	5.10e-02	1.02e-04	0.00e+00	0.00e+00	0.00e+00
 2.36136e+16	2.28e-03	2.93e-01	6.60e-01	4.41e-02	7.86e-05	0.00e+00	0.00e+00	0.00e+00
 2.36633e+16	2.72e-03	3.26e-01	6.33e-01	3.79e-02	6.06e-05	0.00e+00	0.00e+00	0.00e+00
 2.37080e+16	3.19e-03	3.58e-01	6.06e-01	3.26e-02	4.72e-05	0.00e+00	0.00e+00	0.00e+00
 2.37579e+16	3.81e-03	3.97e-01	5.72e-01	2.71e-02	3.51e-05	0.00e+00	0.00e+00	0.00e+00
 2.38121e+16	4.67e-03	4.45e-01	5.28e-01	2.17e-02	2.46e-05	0.00e+00	0.00e+00	0.00e+00
 2.38584e+16	5.61e-03	4.91e-01	4.86e-01	1.74e-02	1.76e-05	0.00e+00	0.00e+00	0.00e+00
 2.38968e+16	6.51e-03	5.31e-01	4.48e-01	1.42e-02	1.30e-05	0.00e+00	0.00e+00	0.00e+00
 2.39381e+16	7.65e-03	5.75e-01	4.06e-01	1.12e-02	9.14e-06	0.00e+00	0.00e+00	0.00e+00
 2.39812e+16	9.12e-03	6.25e-01	3.58e-01	8.41e-03	6.06e-06	0.00e+00	0.00e+00	0.00e+00
 2.40149e+16	1.05e-02	6.65e-01	3.18e-01	6.52e-03	4.23e-06	0.00e+00	0.00e+00	0.00e+00
 2.40412e+16	1.18e-02	6.95e-01	2.88e-01	5.28e-03	3.15e-06	0.00e+00	0.00e+00	0.00e+00
 2.40692e+16	1.32e-02	7.27e-01	2.56e-01	4.14e-03	2.26e-06	0.00e+00	0.00e+00	0.00e+00
 2.41056e+16	1.53e-02	7.65e-01	2.17e-01	2.95e-03	1.43e-06	0.00e+00	0.00e+00	0.00e+00
 2.41420e+16	1.80e-02	8.03e-01	1.77e-01	1.99e-03	8.44e-07	0.00e+00	0.00e+00	0.00e+00
 2.41684e+16	2.03e-02	8.30e-01	1.49e-01	1.43e-03	0.00e+00	0.00e+00	0.00e+00	0.00e+00
 2.41878e+16	2.22e-02	8.46e-01	1.30e-01	1.12e-03	0.00e+00	0.00e+00	0.00e+00	0.00e+00
 2.42084e+16	2.43e-02	8.62e-01	1.13e-01	8.47e-04	0.00e+00	0.00e+00	0.00e+00	0.00e+00
 2.42351e+16	2.74e-02	8.80e-01	9.19e-02	5.79e-04	0.00e+00	0.00e+00	0.00e+00	0.00e+00
 2.42634e+16	3.13e-02	8.96e-01	7.19e-02	3.70e-04	0.00e+00	0.00e+00	0.00e+00	0.00e+00
 2.42864e+16	3.50e-02	9.07e-01	5.74e-02	2.47e-04	0.00e+00	0.00e+00	0.00e+00	0.00e+00
 2.43048e+16	3.85e-02	9.14e-01	4.77e-02	1.76e-04	0.00e+00	0.00e+00	0.00e+00	0.00e+00
 2.43244e+16	4.24e-02	9.19e-01	3.88e-02	1.21e-04	0.00e+00	0.00e+00	0.00e+00	0.00e+00
 2.43464e+16	4.74e-02	9.22e-01	3.03e-02	7.80e-05	0.00e+00	0.00e+00	0.00e+00	0.00e+00
 2.43662e+16	5.27e-02	9.23e-01	2.38e-02	5.08e-05	0.00e+00	0.00e+00	0.00e+00	0.00e+00
 2.43827e+16	5.75e-02	9.23e-01	1.92e-02	3.49e-05	0.00e+00	0.00e+00	0.00e+00	0.00e+00
 2.43978e+16	6.23e-02	9.22e-01	1.57e-02	2.45e-05	0.00e+00	0.00e+00	0.00e+00	0.00e+00
 2.44148e+16	6.80e-02	9.19e-01	1.25e-02	1.62e-05	0.00e+00	0.00e+00	0.00e+00	0.00e+00
 2.44330e+16	7.52e-02	9.15e-01	9.62e-03	1.03e-05	0.00e+00	0.00e+00	0.00e+00	0.00e+00
 2.44487e+16	8.16e-02	9.11e-01	7.60e-03	6.82e-06	0.00e+00	0.00e+00	0.00e+00	0.00e+00
 2.44617e+16	8.75e-02	9.06e-01	6.23e-03	4.83e-06	0.00e+00	0.00e+00	0.00e+00	0.00e+00
 2.44733e+16	9.31e-02	9.02e-01	5.19e-03	3.53e-06	0.00e+00	0.00e+00	0.00e+00	0.00e+00
 2.44846e+16	9.89e-02	8.97e-01	4.33e-03	2.58e-06	0.00e+00	0.00e+00	0.00e+00	0.00e+00
 2.44957e+16	1.05e-01	8.92e-01	3.61e-03	1.90e-06	0.00e+00	0.00e+00	0.00e+00	0.00e+00
 2.45044e+16	1.09e-01	8.88e-01	3.14e-03	1.50e-06	0.00e+00	0.00e+00	0.00e+00	0.00e+00
 2.45097e+16	1.12e-01	8.85e-01	2.88e-03	1.30e-06	0.00e+00	0.00e+00	0.00e+00	0.00e+00
 2.45146e+16	1.15e-01	8.83e-01	2.65e-03	1.14e-06	0.00e+00	0.00e+00	0.00e+00	0.00e+00
 2.45205e+16	1.18e-01	8.79e-01	2.40e-03	9.64e-07	0.00e+00	0.00e+00	0.00e+00	0.00e+00
 2.45270e+16	1.22e-01	8.76e-01	2.15e-03	0.00e+00	0.00e+00	0.00e+00	0.00e+00	0.00e+00
 2.45334e+16	1.26e-01	8.72e-01	1.93e-03	0.00e+00	0.00e+00	0.00e+00	0.00e+00	0.00e+00
 2.45393e+16	1.29e-01	8.69e-01	1.75e-03	0.00e+00	0.00e+00	0.00e+00	0.00e+00	0.00e+00
 2.45453e+16	1.33e-01	8.66e-01	1.58e-03	0.00e+00	0.00e+00	0.00e+00	0.00e+00	0.00e+00
 2.45513e+16	1.36e-01	8.62e-01	1.43e-03	0.00e+00	0.00e+00	0.00e+00	0.00e+00	0.00e+00
 2.45574e+16	1.40e-01	8.59e-01	1.29e-03	0.00e+00	0.00e+00	0.00e+00	0.00e+00	0.00e+00
 2.45635e+16	1.44e-01	8.55e-01	1.16e-03	0.00e+00	0.00e+00	0.00e+00	0.00e+00	0.00e+00
 2.45696e+16	1.48e-01	8.51e-01	1.04e-03	0.00e+00	0.00e+00	0.00e+00	0.00e+00	0.00e+00
 2.45757e+16	1.52e-01	8.47e-01	9.42e-04	0.00e+00	0.00e+00	0.00e+00	0.00e+00	0.00e+00
 2.45820e+16	1.56e-01	8.43e-01	8.47e-04	0.00e+00	0.00e+00	0.00e+00	0.00e+00	0.00e+00
 2.45882e+16	1.60e-01	8.40e-01	7.63e-04	0.00e+00	0.00e+00	0.00e+00	0.00e+00	0.00e+00
 2.45945e+16	1.64e-01	8.35e-01	6.87e-04	0.00e+00	0.00e+00	0.00e+00	0.00e+00	0.00e+00
 2.46009e+16	1.68e-01	8.31e-01	6.18e-04	0.00e+00	0.00e+00	0.00e+00	0.00e+00	0.00e+00
 2.46074e+16	1.72e-01	8.27e-01	5.55e-04	0.00e+00	0.00e+00	0.00e+00	0.00e+00	0.00e+00
 2.46141e+16	1.77e-01	8.23e-01	4.99e-04	0.00e+00	0.00e+00	0.00e+00	0.00e+00	0.00e+00
 2.46208e+16	1.81e-01	8.18e-01	4.48e-04	0.00e+00	0.00e+00	0.00e+00	0.00e+00	0.00e+00
 2.46279e+16	1.86e-01	8.14e-01	4.02e-04	0.00e+00	0.00e+00	0.00e+00	0.00e+00	0.00e+00
 2.46350e+16	1.90e-01	8.09e-01	3.61e-04	0.00e+00	0.00e+00	0.00e+00	0.00e+00	0.00e+00
 2.46422e+16	1.95e-01	8.05e-01	3.25e-04	0.00e+00	0.00e+00	0.00e+00	0.00e+00	0.00e+00
 2.46499e+16	2.00e-01	8.00e-01	2.91e-04	0.00e+00	0.00e+00	0.00e+00	0.00e+00	0.00e+00
 2.46580e+16	2.05e-01	7.95e-01	2.61e-04	0.00e+00	0.00e+00	0.00e+00	0.00e+00	0.00e+00
 2.46663e+16	2.10e-01	7.90e-01	2.35e-04	0.00e+00	0.00e+00	0.00e+00	0.00e+00	0.00e+00
 2.46747e+16	2.15e-01	7.85e-01	2.13e-04	0.00e+00	0.00e+00	0.00e+00	0.00e+00	0.00e+00
 2.46836e+16	2.20e-01	7.80e-01	1.93e-04	0.00e+00	0.00e+00	0.00e+00	0.00e+00	0.00e+00
