#depth	C	C+	C+2	C+3	C+4	C+5	C+6	C[1]	C[2]	C[3]	C+[1]	C+[2]	CO
 1.49634e+10	0.00e+00	0.00e+00	4.17e-30	2.45e-20	5.66e-10	3.90e-04	1.00e+00	0.00e+00	0.00e+00	0.00e+00	0.00e+00	0.00e+00	0.00e+00
 4.54887e+10	0.00e+00	4.57e-40	5.71e-30	3.10e-20	6.63e-10	4.24e-04	1.00e+00	0.00e+00	0.00e+00	0.00e+00	0.00e+00	0.00e+00	0.00e+00
 7.72350e+10	0.00e+00	0.00e+00	7.83e-30	3.94e-20	7.77e-10	4.58e-04	1.00e+00	0.00e+00	0.00e+00	0.00e+00	0.00e+00	0.00e+00	0.00e+00
 1.10251e+11	0.00e+00	1.01e-39	1.08e-29	5.00e-20	9.12e-10	4.95e-04	1.00e+00	0.00e+00	0.00e+00	0.00e+00	0.00e+00	0.00e+00	0.00e+00
 1.40559e+11	0.00e+00	0.00e+00	1.42e-29	6.16e-20	1.05e-09	5.30e-04	9.99e-01	0.00e+00	0.00e+00	0.00e+00	0.00e+00	0.00e+00	1.14e-213
 1.66401e+11	0.00e+00	1.91e-39	1.80e-29	7.34e-20	1.18e-09	5.61e-04	9.99e-01	0.00e+00	0.00e+00	0.00e+00	0.00e+00	0.00e+00	0.00e+00
 1.94844e+11	0.00e+00	0.00e+00	2.31e-29	8.86e-20	1.34e-09	5.96e-04	9.99e-01	0.00e+00	0.00e+00	0.00e+00	0.00e+00	0.00e+00	0.00e+00
 2.30101e+11	0.00e+00	3.80e-39	3.11e-29	1.11e-19	1.56e-09	6.41e-04	9.99e-01	0.00e+00	0.00e+00	0.00e+00	0.00e+00	0.00e+00	0.00e+00
 2.66230e+11	0.00e+00	0.00e+00	4.16e-29	1.38e-19	1.80e-09	6.88e-04	9.99e-01	0.00e+00	0.00e+00	0.00e+00	0.00e+00	0.00e+00	0.00e+00
 2.98399e+11	0.00e+00	7.51e-39	5.37e-29	1.67e-19	2.05e-09	7.33e-04	9.99e-01	0.00e+00	0.00e+00	0.00e+00	0.00e+00	0.00e+00	5.00e-227
 3.33408e+11	0.00e+00	0.00e+00	7.04e-29	2.05e-19	2.35e-09	7.82e-04	9.99e-01	0.00e+00	0.00e+00	0.00e+00	0.00e+00	0.00e+00	2.97e-296
 3.75223e+11	0.00e+00	1.55e-38	9.62e-29	2.60e-19	2.76e-09	8.47e-04	9.99e-01	0.00e+00	0.00e+00	0.00e+00	0.00e+00	0.00e+00	8.65e-166
 4.16611e+11	0.00e+00	0.00e+00	1.29e-28	3.24e-19	3.20e-09	9.11e-04	9.99e-01	0.00e+00	0.00e+00	0.00e+00	0.00e+00	0.00e+00	1.65e-212
 4.54011e+11	0.00e+00	3.10e-38	1.68e-28	3.94e-19	3.66e-09	9.71e-04	9.99e-01	0.00e+00	0.00e+00	0.00e+00	0.00e+00	0.00e+00	3.10e-259
 4.95502e+11	0.00e+00	0.00e+00	2.22e-28	4.86e-19	4.21e-09	1.04e-03	9.99e-01	0.00e+00	0.00e+00	0.00e+00	0.00e+00	0.00e+00	6.11e-266
 5.44296e+11	0.00e+00	6.53e-38	3.05e-28	6.19e-19	4.96e-09	1.12e-03	9.99e-01	0.00e+00	0.00e+00	0.00e+00	0.00e+00	0.00e+00	0.00e+00
 5.92671e+11	0.00e+00	0.00e+00	4.13e-28	7.78e-19	5.79e-09	1.21e-03	9.99e-01	0.00e+00	0.00e+00	0.00e+00	0.00e+00	0.00e+00	0.00e+00
 6.37996e+11	0.00e+00	1.34e-37	5.43e-28	9.56e-19	6.66e-09	1.29e-03	9.99e-01	0.00e+00	0.00e+00	0.00e+00	0.00e+00	0.00e+00	0.00e+00
 6.88458e+11	0.00e+00	0.00e+00	7.33e-28	1.20e-18	7.77e-09	1.39e-03	9.99e-01	0.00e+00	0.00e+00	0.00e+00	0.00e+00	0.00e+00	1.54e-276
 7.45923e+11	0.00e+00	2.92e-37	1.02e-27	1.53e-18	9.18e-09	1.51e-03	9.98e-01	0.00e+00	0.00e+00	0.00e+00	0.00e+00	0.00e+00	4.38e-209
 8.00795e+11	0.00e+00	0.00e+00	1.37e-27	1.92e-18	1.07e-08	1.63e-03	9.98e-01	0.00e+00	0.00e+00	0.00e+00	0.00e+00	0.00e+00	2.24e-295
 8.50348e+11	0.00e+00	5.88e-37	1.78e-27	2.35e-18	1.23e-08	1.74e-03	9.98e-01	0.00e+00	0.00e+00	0.00e+00	0.00e+00	0.00e+00	3.00e-208
 9.05496e+11	0.00e+00	0.00e+00	2.37e-27	2.91e-18	1.42e-08	1.86e-03	9.98e-01	0.00e+00	0.00e+00	0.00e+00	0.00e+00	0.00e+00	0.00e+00
 9.70363e+11	0.00e+00	1.25e-36	3.28e-27	3.72e-18	1.68e-08	2.02e-03	9.98e-01	0.00e+00	0.00e+00	0.00e+00	0.00e+00	0.00e+00	0.00e+00
 1.03480e+12	7.56e-47	1.84e-36	4.47e-27	4.70e-18	1.97e-08	2.18e-03	9.98e-01	0.00e+00	0.00e+00	0.00e+00	0.00e+00	0.00e+00	2.39e-139
 1.09535e+12	0.00e+00	0.00e+00	5.93e-27	5.82e-18	2.28e-08	2.33e-03	9.98e-01	0.00e+00	0.00e+00	0.00e+00	0.00e+00	0.00e+00	0.00e+00
 1.15087e+12	0.00e+00	3.57e-36	7.63e-27	7.05e-18	2.59e-08	2.48e-03	9.98e-01	0.00e+00	0.00e+00	0.00e+00	0.00e+00	0.00e+00	6.63e-158
 1.20228e+12	2.34e-46	4.74e-36	9.57e-27	8.36e-18	2.91e-08	2.62e-03	9.97e-01	0.00e+00	0.00e+00	0.00e+00	0.00e+00	0.00e+00	5.55e-218
 1.26142e+12	0.00e+00	0.00e+00	1.24e-26	1.02e-17	3.33e-08	2.79e-03	9.97e-01	0.00e+00	0.00e+00	0.00e+00	0.00e+00	0.00e+00	0.00e+00
 1.33570e+12	0.00e+00	9.58e-36	1.69e-26	1.29e-17	3.91e-08	3.01e-03	9.97e-01	0.00e+00	0.00e+00	0.00e+00	0.00e+00	0.00e+00	6.22e-205
 1.41136e+12	8.55e-46	1.40e-35	2.29e-26	1.62e-17	4.57e-08	3.25e-03	9.97e-01	0.00e+00	0.00e+00	0.00e+00	0.00e+00	0.00e+00	9.01e-137
 1.47707e+12	0.00e+00	0.00e+00	2.96e-26	1.97e-17	5.23e-08	3.46e-03	9.97e-01	0.00e+00	0.00e+00	0.00e+00	0.00e+00	0.00e+00	0.00e+00
 1.54815e+12	0.00e+00	2.71e-35	3.89e-26	2.42e-17	6.02e-08	3.70e-03	9.96e-01	0.00e+00	0.00e+00	0.00e+00	0.00e+00	0.00e+00	5.14e-155
 1.63505e+12	3.03e-45	4.03e-35	5.37e-26	3.08e-17	7.12e-08	4.00e-03	9.96e-01	0.00e+00	0.00e+00	0.00e+00	0.00e+00	0.00e+00	0.00e+00
 1.72441e+12	0.00e+00	0.00e+00	7.41e-26	3.93e-17	8.40e-08	4.33e-03	9.96e-01	0.00e+00	0.00e+00	0.00e+00	0.00e+00	0.00e+00	5.85e-234
 1.80703e+12	0.00e+00	8.56e-35	9.85e-26	4.88e-17	9.74e-08	4.64e-03	9.95e-01	0.00e+00	0.00e+00	0.00e+00	0.00e+00	0.00e+00	0.00e+00
 1.89894e+12	1.18e-44	1.26e-34	1.35e-25	6.18e-17	1.15e-07	5.00e-03	9.95e-01	0.00e+00	0.00e+00	0.00e+00	0.00e+00	0.00e+00	5.36e-134
 2.00482e+12	0.00e+00	1.94e-34	1.90e-25	8.03e-17	1.37e-07	5.44e-03	9.95e-01	0.00e+00	0.00e+00	0.00e+00	0.00e+00	0.00e+00	0.00e+00
 2.11016e+12	3.27e-44	2.94e-34	2.66e-25	1.03e-16	1.63e-07	5.90e-03	9.94e-01	0.00e+00	0.00e+00	0.00e+00	0.00e+00	0.00e+00	6.23e-133
 2.20209e+12	0.00e+00	4.18e-34	3.53e-25	1.28e-16	1.89e-07	6.32e-03	9.94e-01	0.00e+00	0.00e+00	0.00e+00	0.00e+00	0.00e+00	0.00e+00
 2.28167e+12	7.12e-44	5.63e-34	4.50e-25	1.54e-16	2.14e-07	6.70e-03	9.93e-01	0.00e+00	0.00e+00	0.00e+00	0.00e+00	0.00e+00	4.07e-132
 2.37141e+12	0.00e+00	7.86e-34	5.88e-25	1.88e-16	2.45e-07	7.15e-03	9.93e-01	0.00e+00	0.00e+00	0.00e+00	0.00e+00	0.00e+00	0.00e+00
 2.48554e+12	1.72e-43	1.18e-33	8.15e-25	2.40e-16	2.90e-07	7.73e-03	9.92e-01	0.00e+00	0.00e+00	0.00e+00	0.00e+00	0.00e+00	3.41e-131
 2.60241e+12	0.00e+00	1.77e-33	1.13e-24	3.08e-16	3.44e-07	8.37e-03	9.92e-01	0.00e+00	0.00e+00	0.00e+00	0.00e+00	0.00e+00	0.00e+00
 2.70146e+12	4.22e-43	2.48e-33	1.49e-24	3.78e-16	3.95e-07	8.94e-03	9.91e-01	0.00e+00	0.00e+00	0.00e+00	0.00e+00	0.00e+00	2.90e-130
 2.80632e+12	0.00e+00	3.52e-33	1.97e-24	4.67e-16	4.57e-07	9.56e-03	9.90e-01	0.00e+00	0.00e+00	0.00e+00	0.00e+00	0.00e+00	0.00e+00
 2.93786e+12	1.07e-42	5.41e-33	2.78e-24	6.05e-16	5.45e-07	1.04e-02	9.90e-01	0.00e+00	0.00e+00	0.00e+00	0.00e+00	0.00e+00	2.68e-129
 3.07126e+12	0.00e+00	8.28e-33	3.91e-24	7.82e-16	6.50e-07	1.13e-02	9.89e-01	0.00e+00	0.00e+00	0.00e+00	0.00e+00	0.00e+00	0.00e+00
 3.18568e+12	2.74e-42	1.18e-32	5.22e-24	9.70e-16	7.53e-07	1.21e-02	9.88e-01	0.00e+00	0.00e+00	0.00e+00	0.00e+00	0.00e+00	2.49e-128
 3.30826e+12	0.00e+00	1.72e-32	7.06e-24	1.22e-15	8.78e-07	1.30e-02	9.87e-01	0.00e+00	0.00e+00	0.00e+00	0.00e+00	0.00e+00	0.00e+00
 3.46005e+12	7.45e-42	2.72e-32	1.02e-23	1.60e-15	1.06e-06	1.42e-02	9.86e-01	0.00e+00	0.00e+00	0.00e+00	0.00e+00	0.00e+00	2.62e-127
 3.61097e+12	0.00e+00	4.23e-32	1.45e-23	2.09e-15	1.27e-06	1.54e-02	9.85e-01	0.00e+00	0.00e+00	0.00e+00	0.00e+00	0.00e+00	0.00e+00
 3.73893e+12	1.97e-41	6.12e-32	1.96e-23	2.61e-15	1.47e-06	1.66e-02	9.83e-01	0.00e+00	0.00e+00	0.00e+00	0.00e+00	0.00e+00	2.58e-126
 3.87588e+12	0.00e+00	9.00e-32	2.67e-23	3.29e-15	1.73e-06	1.78e-02	9.82e-01	0.00e+00	0.00e+00	0.00e+00	0.00e+00	0.00e+00	0.00e+00
 4.04732e+12	5.54e-41	1.44e-31	3.90e-23	4.37e-15	2.09e-06	1.95e-02	9.80e-01	0.00e+00	0.00e+00	0.00e+00	0.00e+00	0.00e+00	2.87e-125
 4.22194e+12	0.00e+00	2.31e-31	5.70e-23	5.79e-15	2.53e-06	2.13e-02	9.79e-01	0.00e+00	0.00e+00	0.00e+00	0.00e+00	0.00e+00	0.00e+00
 4.37374e+12	1.57e-40	3.43e-31	7.84e-23	7.36e-15	2.98e-06	2.30e-02	9.77e-01	0.00e+00	0.00e+00	0.00e+00	0.00e+00	0.00e+00	3.23e-124
 4.53752e+12	0.00e+00	5.22e-31	1.10e-22	9.46e-15	3.53e-06	2.49e-02	9.75e-01	0.00e+00	0.00e+00	0.00e+00	0.00e+00	0.00e+00	0.00e+00
 4.73766e+12	4.71e-40	8.56e-31	1.64e-22	1.27e-14	4.31e-06	2.74e-02	9.73e-01	0.00e+00	0.00e+00	0.00e+00	0.00e+00	0.00e+00	4.10e-123
 4.94089e+12	0.00e+00	1.39e-30	2.42e-22	1.71e-14	5.25e-06	3.01e-02	9.70e-01	0.00e+00	0.00e+00	0.00e+00	0.00e+00	0.00e+00	0.00e+00
 5.10485e+12	1.33e-39	2.03e-30	3.29e-22	2.15e-14	6.12e-06	3.23e-02	9.68e-01	0.00e+00	0.00e+00	0.00e+00	0.00e+00	0.00e+00	4.53e-122
 5.23907e+12	0.00e+00	2.75e-30	4.20e-22	2.57e-14	6.92e-06	3.43e-02	9.66e-01	0.00e+00	0.00e+00	0.00e+00	0.00e+00	0.00e+00	0.00e+00
 5.39067e+12	2.85e-39	3.83e-30	5.50e-22	3.15e-14	7.92e-06	3.65e-02	9.64e-01	0.00e+00	0.00e+00	0.00e+00	0.00e+00	0.00e+00	2.63e-121
 5.58775e+12	0.00e+00	5.82e-30	7.71e-22	4.05e-14	9.38e-06	3.95e-02	9.60e-01	0.00e+00	0.00e+00	0.00e+00	0.00e+00	0.00e+00	0.00e+00
 5.80138e+12	7.94e-39	9.01e-30	1.10e-21	5.27e-14	1.12e-05	4.29e-02	9.57e-01	0.00e+00	0.00e+00	0.00e+00	0.00e+00	0.00e+00	2.81e-120
 5.98658e+12	0.00e+00	1.30e-29	1.47e-21	6.57e-14	1.30e-05	4.60e-02	9.54e-01	0.00e+00	0.00e+00	0.00e+00	0.00e+00	0.00e+00	0.00e+00
 6.15183e+12	1.79e-38	1.78e-29	1.90e-21	7.95e-14	1.47e-05	4.89e-02	9.51e-01	0.00e+00	0.00e+00	0.00e+00	0.00e+00	0.00e+00	1.85e-119
 6.34108e+12	0.00e+00	2.52e-29	2.52e-21	9.82e-14	1.70e-05	5.22e-02	9.48e-01	0.00e+00	0.00e+00	0.00e+00	0.00e+00	0.00e+00	0.00e+00
 6.58711e+12	4.59e-38	3.90e-29	3.59e-21	1.28e-13	2.03e-05	5.67e-02	9.43e-01	0.00e+00	0.00e+00	0.00e+00	0.00e+00	0.00e+00	1.64e-118
 6.83971e+12	0.00e+00	5.99e-29	5.09e-21	1.66e-13	2.41e-05	6.15e-02	9.38e-01	0.00e+00	0.00e+00	0.00e+00	0.00e+00	0.00e+00	0.00e+00
 7.04772e+12	1.15e-37	8.42e-29	6.71e-21	2.04e-13	2.77e-05	6.56e-02	9.34e-01	0.00e+00	0.00e+00	0.00e+00	0.00e+00	0.00e+00	1.41e-117
 7.26497e+12	0.00e+00	1.19e-28	8.87e-21	2.52e-13	3.18e-05	7.00e-02	9.30e-01	0.00e+00	0.00e+00	0.00e+00	0.00e+00	0.00e+00	0.00e+00
 7.54740e+12	2.91e-37	1.82e-28	1.26e-20	3.27e-13	3.78e-05	7.59e-02	9.24e-01	0.00e+00	0.00e+00	0.00e+00	0.00e+00	0.00e+00	1.22e-116
 7.84153e+12	0.00e+00	2.80e-28	1.78e-20	4.24e-13	4.49e-05	8.22e-02	9.18e-01	0.00e+00	0.00e+00	0.00e+00	0.00e+00	0.00e+00	1.00e-100
 8.09005e+12	7.35e-37	3.96e-28	2.36e-20	5.23e-13	5.16e-05	8.78e-02	9.12e-01	0.00e+00	0.00e+00	0.00e+00	0.00e+00	0.00e+00	0.00e+00
 8.35231e+12	0.00e+00	5.63e-28	3.14e-20	6.48e-13	5.95e-05	9.37e-02	9.06e-01	0.00e+00	0.00e+00	0.00e+00	0.00e+00	0.00e+00	3.82e-132
 8.68551e+12	1.88e-36	8.67e-28	4.45e-20	8.42e-13	7.07e-05	1.02e-01	8.98e-01	0.00e+00	0.00e+00	0.00e+00	0.00e+00	0.00e+00	3.79e-98
 9.02925e+12	0.00e+00	1.33e-27	6.30e-20	1.09e-12	8.39e-05	1.10e-01	8.90e-01	0.00e+00	0.00e+00	0.00e+00	0.00e+00	0.00e+00	0.00e+00
 9.32739e+12	4.78e-36	1.89e-27	8.40e-20	1.35e-12	9.67e-05	1.17e-01	8.83e-01	0.00e+00	0.00e+00	0.00e+00	0.00e+00	0.00e+00	8.84e-114
 9.64796e+12	0.00e+00	2.73e-27	1.13e-19	1.69e-12	1.12e-04	1.25e-01	8.75e-01	0.00e+00	0.00e+00	0.00e+00	0.00e+00	0.00e+00	2.49e-98
 1.00407e+13	1.24e-35	4.21e-27	1.61e-19	2.20e-12	1.33e-04	1.35e-01	8.64e-01	0.00e+00	0.00e+00	0.00e+00	0.00e+00	0.00e+00	0.00e+00
 1.04410e+13	0.00e+00	6.42e-27	2.26e-19	2.84e-12	1.57e-04	1.46e-01	8.54e-01	0.00e+00	0.00e+00	0.00e+00	0.00e+00	0.00e+00	7.02e-129
 1.08046e+13	3.19e-35	9.27e-27	3.05e-19	3.55e-12	1.82e-04	1.56e-01	8.44e-01	0.00e+00	0.00e+00	0.00e+00	0.00e+00	0.00e+00	1.20e-95
 1.11293e+13	0.00e+00	1.27e-26	3.95e-19	4.30e-12	2.06e-04	1.65e-01	8.35e-01	0.00e+00	0.00e+00	0.00e+00	0.00e+00	0.00e+00	5.91e-128
 1.14740e+13	6.88e-35	1.76e-26	5.14e-19	5.24e-12	2.34e-04	1.75e-01	8.25e-01	0.00e+00	0.00e+00	0.00e+00	0.00e+00	0.00e+00	5.73e-95
 1.18380e+13	1.03e-34	2.46e-26	6.75e-19	6.42e-12	2.67e-04	1.85e-01	8.15e-01	0.00e+00	0.00e+00	0.00e+00	0.00e+00	0.00e+00	1.32e-110
 1.21516e+13	1.43e-34	3.25e-26	8.45e-19	7.59e-12	2.98e-04	1.94e-01	8.06e-01	0.00e+00	0.00e+00	0.00e+00	0.00e+00	0.00e+00	2.55e-94
 1.24838e+13	2.01e-34	4.33e-26	1.07e-18	9.03e-12	3.33e-04	2.04e-01	7.96e-01	0.00e+00	0.00e+00	0.00e+00	0.00e+00	0.00e+00	6.63e-110
 1.29157e+13	3.09e-34	6.20e-26	1.43e-18	1.12e-11	3.83e-04	2.17e-01	7.83e-01	0.00e+00	0.00e+00	0.00e+00	0.00e+00	0.00e+00	1.23e-93
 1.33589e+13	4.74e-34	8.87e-26	1.91e-18	1.39e-11	4.40e-04	2.30e-01	7.70e-01	0.00e+00	0.00e+00	0.00e+00	0.00e+00	0.00e+00	5.20e-109
 1.37240e+13	6.66e-34	1.18e-25	2.41e-18	1.65e-11	4.91e-04	2.41e-01	7.59e-01	0.00e+00	0.00e+00	0.00e+00	0.00e+00	0.00e+00	5.89e-93
 1.41061e+13	9.40e-34	1.57e-25	3.04e-18	1.97e-11	5.49e-04	2.53e-01	7.47e-01	0.00e+00	0.00e+00	0.00e+00	0.00e+00	0.00e+00	2.71e-108
 1.46027e+13	1.45e-33	2.26e-25	4.09e-18	2.45e-11	6.31e-04	2.68e-01	7.31e-01	0.00e+00	0.00e+00	0.00e+00	0.00e+00	0.00e+00	2.89e-92
 1.51250e+13	2.26e-33	3.28e-25	5.53e-18	3.07e-11	7.27e-04	2.84e-01	7.15e-01	0.00e+00	0.00e+00	0.00e+00	0.00e+00	0.00e+00	2.24e-107
 1.55744e+13	3.25e-33	4.45e-25	7.10e-18	3.69e-11	8.18e-04	2.98e-01	7.01e-01	0.00e+00	0.00e+00	0.00e+00	0.00e+00	0.00e+00	1.50e-91
 1.60525e+13	4.74e-33	6.10e-25	9.18e-18	4.47e-11	9.22e-04	3.13e-01	6.86e-01	0.00e+00	0.00e+00	0.00e+00	0.00e+00	0.00e+00	1.35e-106
 1.66642e+13	7.55e-33	9.02e-25	1.26e-17	5.66e-11	1.07e-03	3.32e-01	6.67e-01	0.00e+00	0.00e+00	0.00e+00	0.00e+00	0.00e+00	8.30e-91
 1.72993e+13	1.20e-32	1.33e-24	1.74e-17	7.17e-11	1.24e-03	3.52e-01	6.47e-01	0.00e+00	0.00e+00	0.00e+00	0.00e+00	0.00e+00	1.29e-105
 1.78506e+13	1.77e-32	1.85e-24	2.27e-17	8.73e-11	1.40e-03	3.69e-01	6.30e-01	0.00e+00	0.00e+00	0.00e+00	0.00e+00	0.00e+00	4.68e-90
 1.84433e+13	2.65e-32	2.59e-24	2.98e-17	1.07e-10	1.59e-03	3.87e-01	6.12e-01	0.00e+00	0.00e+00	0.00e+00	0.00e+00	0.00e+00	8.82e-105
 1.91689e+13	4.26e-32	3.86e-24	4.14e-17	1.36e-10	1.84e-03	4.08e-01	5.90e-01	0.00e+00	0.00e+00	0.00e+00	0.00e+00	0.00e+00	2.76e-89
 1.99166e+13	6.81e-32	5.72e-24	5.72e-17	1.73e-10	2.13e-03	4.31e-01	5.67e-01	0.00e+00	0.00e+00	0.00e+00	0.00e+00	0.00e+00	8.77e-104
 2.05722e+13	1.01e-31	7.98e-24	7.52e-17	2.12e-10	2.41e-03	4.50e-01	5.48e-01	0.00e+00	0.00e+00	0.00e+00	0.00e+00	0.00e+00	1.57e-88
 2.12587e+13	1.50e-31	1.11e-23	9.89e-17	2.59e-10	2.73e-03	4.69e-01	5.28e-01	0.00e+00	0.00e+00	0.00e+00	0.00e+00	0.00e+00	6.04e-103
 2.19382e+13	2.19e-31	1.53e-23	1.29e-16	3.15e-10	3.07e-03	4.88e-01	5.09e-01	0.00e+00	0.00e+00	0.00e+00	0.00e+00	0.00e+00	7.44e-88
 2.24572e+13	2.90e-31	1.94e-23	1.56e-16	3.64e-10	3.34e-03	5.02e-01	4.94e-01	0.00e+00	0.00e+00	0.00e+00	0.00e+00	0.00e+00	3.04e-102
 2.29803e+13	3.81e-31	2.44e-23	1.89e-16	4.18e-10	3.63e-03	5.16e-01	4.80e-01	0.00e+00	0.00e+00	0.00e+00	0.00e+00	0.00e+00	2.26e-87
 2.36605e+13	5.37e-31	3.27e-23	2.40e-16	4.99e-10	4.04e-03	5.33e-01	4.63e-01	0.00e+00	0.00e+00	0.00e+00	0.00e+00	0.00e+00	1.39e-101
 2.43874e+13	7.67e-31	4.42e-23	3.09e-16	6.00e-10	4.50e-03	5.51e-01	4.44e-01	0.00e+00	0.00e+00	0.00e+00	0.00e+00	0.00e+00	9.16e-87
 2.50247e+13	1.03e-30	5.69e-23	3.81e-16	7.00e-10	4.92e-03	5.67e-01	4.28e-01	0.00e+00	0.00e+00	0.00e+00	0.00e+00	0.00e+00	7.01e-101
 2.57028e+13	1.41e-30	7.37e-23	4.71e-16	8.18e-10	5.40e-03	5.82e-01	4.13e-01	0.00e+00	0.00e+00	0.00e+00	0.00e+00	0.00e+00	3.11e-86
 2.65844e+13	2.06e-30	1.02e-22	6.17e-16	9.97e-10	6.06e-03	6.01e-01	3.93e-01	0.00e+00	0.00e+00	0.00e+00	0.00e+00	0.00e+00	3.93e-100
 2.74898e+13	3.02e-30	1.41e-22	8.05e-16	1.21e-09	6.78e-03	6.20e-01	3.73e-01	0.00e+00	0.00e+00	0.00e+00	0.00e+00	0.00e+00	1.45e-85
 2.82371e+13	4.07e-30	1.81e-22	9.91e-16	1.41e-09	7.40e-03	6.34e-01	3.58e-01	0.00e+00	0.00e+00	0.00e+00	0.00e+00	0.00e+00	2.16e-99
 2.90194e+13	5.50e-30	2.33e-22	1.22e-15	1.64e-09	8.07e-03	6.48e-01	3.44e-01	0.00e+00	0.00e+00	0.00e+00	0.00e+00	0.00e+00	4.98e-85
 3.00363e+13	8.01e-30	3.20e-22	1.58e-15	1.99e-09	8.99e-03	6.66e-01	3.25e-01	0.00e+00	0.00e+00	0.00e+00	0.00e+00	0.00e+00	1.22e-98
 3.11249e+13	1.18e-29	4.43e-22	2.07e-15	2.41e-09	1.00e-02	6.83e-01	3.07e-01	0.00e+00	0.00e+00	0.00e+00	0.00e+00	0.00e+00	2.42e-84
 3.20931e+13	1.64e-29	5.84e-22	2.59e-15	2.84e-09	1.10e-02	6.97e-01	2.92e-01	0.00e+00	0.00e+00	0.00e+00	0.00e+00	0.00e+00	7.67e-98
 3.31383e+13	2.30e-29	7.76e-22	3.26e-15	3.35e-09	1.21e-02	7.11e-01	2.77e-01	0.00e+00	0.00e+00	0.00e+00	0.00e+00	0.00e+00	9.97e-84
 3.44186e+13	3.43e-29	1.08e-21	4.28e-15	4.07e-09	1.35e-02	7.27e-01	2.60e-01	0.00e+00	0.00e+00	0.00e+00	0.00e+00	0.00e+00	5.29e-97
 3.57471e+13	5.10e-29	1.51e-21	5.60e-15	4.93e-09	1.50e-02	7.42e-01	2.43e-01	0.00e+00	0.00e+00	0.00e+00	0.00e+00	0.00e+00	5.49e-83
 3.69581e+13	7.21e-29	2.01e-21	7.05e-15	5.82e-09	1.64e-02	7.54e-01	2.30e-01	0.00e+00	0.00e+00	0.00e+00	0.00e+00	0.00e+00	3.75e-96
 3.80198e+13	9.65e-29	2.56e-21	8.55e-15	6.67e-09	1.76e-02	7.64e-01	2.19e-01	0.00e+00	0.00e+00	0.00e+00	0.00e+00	0.00e+00	2.22e-82
 3.91462e+13	1.30e-28	3.29e-21	1.04e-14	7.67e-09	1.90e-02	7.73e-01	2.08e-01	0.00e+00	0.00e+00	0.00e+00	0.00e+00	0.00e+00	1.82e-95
 4.05935e+13	1.89e-28	4.46e-21	1.33e-14	9.09e-09	2.09e-02	7.84e-01	1.95e-01	0.00e+00	0.00e+00	0.00e+00	0.00e+00	0.00e+00	9.91e-82
 4.20820e+13	2.73e-28	6.05e-21	1.69e-14	1.08e-08	2.29e-02	7.94e-01	1.83e-01	0.00e+00	0.00e+00	0.00e+00	0.00e+00	0.00e+00	1.32e-94
 4.32823e+13	3.63e-28	7.65e-21	2.03e-14	1.23e-08	2.45e-02	8.02e-01	1.74e-01	0.00e+00	0.00e+00	0.00e+00	0.00e+00	0.00e+00	4.26e-81
 4.44842e+13	4.78e-28	9.59e-21	2.43e-14	1.39e-08	2.62e-02	8.08e-01	1.66e-01	0.00e+00	0.00e+00	0.00e+00	0.00e+00	0.00e+00	6.10e-94
 4.60466e+13	6.78e-28	1.28e-20	3.03e-14	1.62e-08	2.84e-02	8.16e-01	1.56e-01	0.00e+00	0.00e+00	0.00e+00	0.00e+00	0.00e+00	1.78e-80
 4.77250e+13	9.72e-28	1.71e-20	3.82e-14	1.90e-08	3.10e-02	8.24e-01	1.45e-01	0.00e+00	0.00e+00	0.00e+00	0.00e+00	0.00e+00	4.20e-93
 4.92086e+13	1.32e-27	2.20e-20	4.64e-14	2.17e-08	3.32e-02	8.29e-01	1.38e-01	0.00e+00	0.00e+00	0.00e+00	0.00e+00	0.00e+00	8.21e-80
 5.07917e+13	1.81e-27	2.85e-20	5.66e-14	2.49e-08	3.57e-02	8.35e-01	1.30e-01	0.00e+00	0.00e+00	0.00e+00	0.00e+00	0.00e+00	2.34e-92
 5.27352e+13	2.64e-27	3.87e-20	7.15e-14	2.92e-08	3.88e-02	8.40e-01	1.21e-01	0.00e+00	0.00e+00	0.00e+00	0.00e+00	0.00e+00	4.12e-79
 5.47142e+13	3.81e-27	5.21e-20	9.02e-14	3.43e-08	4.21e-02	8.45e-01	1.13e-01	0.00e+00	0.00e+00	0.00e+00	0.00e+00	0.00e+00	1.81e-91
 5.64876e+13	5.23e-27	6.74e-20	1.10e-13	3.92e-08	4.51e-02	8.49e-01	1.06e-01	0.00e+00	0.00e+00	0.00e+00	0.00e+00	0.00e+00	2.02e-78
 5.84266e+13	7.31e-27	8.84e-20	1.35e-13	4.51e-08	4.85e-02	8.52e-01	9.94e-02	0.00e+00	0.00e+00	0.00e+00	0.00e+00	0.00e+00	1.10e-90
 6.07279e+13	1.07e-26	1.21e-19	1.71e-13	5.30e-08	5.27e-02	8.55e-01	9.23e-02	0.00e+00	0.00e+00	0.00e+00	0.00e+00	0.00e+00	1.10e-77
 6.30129e+13	1.54e-26	1.62e-19	2.15e-13	6.19e-08	5.70e-02	8.57e-01	8.57e-02	0.00e+00	0.00e+00	0.00e+00	0.00e+00	0.00e+00	8.78e-90
 6.51155e+13	2.13e-26	2.10e-19	2.62e-13	7.08e-08	6.10e-02	8.59e-01	8.04e-02	0.00e+00	0.00e+00	0.00e+00	0.00e+00	0.00e+00	5.54e-77
 6.71257e+13	2.88e-26	2.68e-19	3.15e-13	8.01e-08	6.49e-02	8.59e-01	7.56e-02	0.00e+00	0.00e+00	0.00e+00	0.00e+00	0.00e+00	5.01e-89
 6.93960e+13	3.99e-26	3.49e-19	3.85e-13	9.17e-08	6.95e-02	8.60e-01	7.07e-02	0.00e+00	0.00e+00	0.00e+00	0.00e+00	0.00e+00	2.45e-76
 7.19234e+13	5.67e-26	4.63e-19	4.79e-13	1.06e-07	7.48e-02	8.59e-01	6.57e-02	0.00e+00	0.00e+00	0.00e+00	0.00e+00	0.00e+00	5.56e-76
 7.42900e+13	7.78e-26	5.98e-19	5.82e-13	1.21e-07	7.98e-02	8.59e-01	6.15e-02	0.00e+00	0.00e+00	0.00e+00	0.00e+00	0.00e+00	1.18e-75
 7.64368e+13	1.03e-25	7.49e-19	6.90e-13	1.36e-07	8.45e-02	8.58e-01	5.79e-02	0.00e+00	0.00e+00	0.00e+00	0.00e+00	0.00e+00	2.30e-75
 7.84189e+13	1.32e-25	9.16e-19	8.05e-13	1.51e-07	8.89e-02	8.56e-01	5.49e-02	0.00e+00	0.00e+00	0.00e+00	0.00e+00	0.00e+00	4.15e-75
 8.06217e+13	1.73e-25	1.14e-18	9.51e-13	1.68e-07	9.39e-02	8.54e-01	5.17e-02	0.00e+00	0.00e+00	0.00e+00	0.00e+00	0.00e+00	7.83e-75
 8.30856e+13	2.31e-25	1.44e-18	1.14e-12	1.90e-07	9.96e-02	8.52e-01	4.85e-02	0.00e+00	0.00e+00	0.00e+00	0.00e+00	0.00e+00	1.58e-74
 8.54128e+13	3.02e-25	1.79e-18	1.34e-12	2.12e-07	1.05e-01	8.49e-01	4.57e-02	0.00e+00	0.00e+00	0.00e+00	0.00e+00	0.00e+00	2.95e-74
 8.76261e+13	3.87e-25	2.19e-18	1.56e-12	2.35e-07	1.10e-01	8.46e-01	4.32e-02	0.00e+00	0.00e+00	0.00e+00	0.00e+00	0.00e+00	5.32e-74
 9.01674e+13	5.10e-25	2.73e-18	1.85e-12	2.63e-07	1.17e-01	8.43e-01	4.06e-02	0.00e+00	0.00e+00	0.00e+00	0.00e+00	0.00e+00	1.03e-73
 9.30350e+13	6.88e-25	3.48e-18	2.24e-12	2.99e-07	1.24e-01	8.38e-01	3.78e-02	0.00e+00	0.00e+00	0.00e+00	0.00e+00	0.00e+00	2.08e-73
 9.57558e+13	9.09e-25	4.36e-18	2.65e-12	3.34e-07	1.31e-01	8.34e-01	3.54e-02	0.00e+00	0.00e+00	0.00e+00	0.00e+00	0.00e+00	4.06e-73
 9.87220e+13	1.22e-24	5.52e-18	3.18e-12	3.78e-07	1.38e-01	8.29e-01	3.30e-02	0.00e+00	0.00e+00	0.00e+00	0.00e+00	0.00e+00	8.03e-73
 1.02004e+14	1.66e-24	7.11e-18	3.85e-12	4.29e-07	1.47e-01	8.22e-01	3.06e-02	0.00e+00	0.00e+00	0.00e+00	0.00e+00	0.00e+00	1.71e-72
 1.05085e+14	2.21e-24	8.94e-18	4.60e-12	4.83e-07	1.55e-01	8.16e-01	2.85e-02	0.00e+00	0.00e+00	0.00e+00	0.00e+00	0.00e+00	3.30e-72
 1.08479e+14	2.98e-24	1.14e-17	5.54e-12	5.46e-07	1.65e-01	8.09e-01	2.65e-02	0.00e+00	0.00e+00	0.00e+00	0.00e+00	0.00e+00	6.79e-72
 1.12283e+14	4.13e-24	1.48e-17	6.79e-12	6.26e-07	1.75e-01	8.00e-01	2.44e-02	0.00e+00	0.00e+00	0.00e+00	0.00e+00	0.00e+00	1.46e-71
 1.15866e+14	5.55e-24	1.89e-17	8.15e-12	7.06e-07	1.85e-01	7.92e-01	2.26e-02	0.00e+00	0.00e+00	0.00e+00	0.00e+00	0.00e+00	2.97e-71
 1.19771e+14	7.59e-24	2.43e-17	9.87e-12	8.00e-07	1.96e-01	7.83e-01	2.09e-02	0.00e+00	0.00e+00	0.00e+00	0.00e+00	0.00e+00	6.31e-71
 1.24149e+14	1.06e-23	3.18e-17	1.22e-11	9.21e-07	2.09e-01	7.72e-01	1.90e-02	0.00e+00	0.00e+00	0.00e+00	0.00e+00	0.00e+00	1.38e-70
 1.28246e+14	1.43e-23	4.06e-17	1.47e-11	1.04e-06	2.20e-01	7.62e-01	1.76e-02	0.00e+00	0.00e+00	0.00e+00	0.00e+00	0.00e+00	2.86e-70
 1.32678e+14	1.96e-23	5.25e-17	1.78e-11	1.18e-06	2.33e-01	7.51e-01	1.61e-02	0.00e+00	0.00e+00	0.00e+00	1.68e-17	3.57e-17	6.14e-70
 1.37627e+14	2.74e-23	6.88e-17	2.20e-11	1.36e-06	2.48e-01	7.38e-01	1.46e-02	0.00e+00	0.00e+00	0.00e+00	2.28e-17	4.60e-17	1.35e-69
 1.42252e+14	3.72e-23	8.79e-17	2.65e-11	1.53e-06	2.61e-01	7.25e-01	1.34e-02	0.00e+00	0.00e+00	0.00e+00	2.91e-17	5.87e-17	2.82e-69
 1.47266e+14	5.11e-23	1.14e-16	3.22e-11	1.74e-06	2.76e-01	7.12e-01	1.23e-02	0.00e+00	0.00e+00	0.00e+00	3.77e-17	7.60e-17	6.13e-69
 1.52896e+14	7.15e-23	1.49e-16	3.98e-11	2.00e-06	2.92e-01	6.97e-01	1.11e-02	0.00e+00	0.00e+00	0.00e+00	4.95e-17	9.98e-17	1.37e-68
 1.58213e+14	9.76e-23	1.92e-16	4.81e-11	2.26e-06	3.07e-01	6.83e-01	1.01e-02	0.00e+00	0.00e+00	0.00e+00	6.35e-17	1.28e-16	2.92e-68
 1.63963e+14	1.35e-22	2.49e-16	5.85e-11	2.56e-06	3.24e-01	6.67e-01	9.18e-03	0.00e+00	0.00e+00	0.00e+00	8.25e-17	1.66e-16	6.48e-68
 1.70415e+14	1.90e-22	3.28e-16	7.23e-11	2.93e-06	3.42e-01	6.50e-01	8.24e-03	0.00e+00	0.00e+00	0.00e+00	1.09e-16	2.20e-16	1.51e-67
 1.76054e+14	2.54e-22	4.14e-16	8.63e-11	3.28e-06	3.57e-01	6.35e-01	7.52e-03	0.00e+00	0.00e+00	0.00e+00	1.37e-16	2.77e-16	3.05e-67
 1.80346e+14	3.13e-22	4.91e-16	9.83e-11	3.57e-06	3.69e-01	6.24e-01	7.02e-03	0.00e+00	0.00e+00	0.00e+00	1.62e-16	3.28e-16	5.08e-67
 1.84658e+14	3.86e-22	5.80e-16	1.12e-10	3.87e-06	3.81e-01	6.12e-01	6.57e-03	0.00e+00	0.00e+00	0.00e+00	1.92e-16	3.88e-16	8.50e-67
 1.90264e+14	5.04e-22	7.19e-16	1.31e-10	4.27e-06	3.96e-01	5.98e-01	6.03e-03	0.00e+00	0.00e+00	0.00e+00	2.38e-16	4.81e-16	1.67e-66
 1.96273e+14	6.58e-22	8.91e-16	1.55e-10	4.75e-06	4.12e-01	5.83e-01	5.50e-03	0.00e+00	0.00e+00	0.00e+00	2.95e-16	5.96e-16	3.20e-66
 2.01536e+14	8.30e-22	1.07e-15	1.77e-10	5.17e-06	4.25e-01	5.70e-01	5.10e-03	0.00e+00	0.00e+00	0.00e+00	3.55e-16	7.18e-16	5.72e-66
 2.07108e+14	1.05e-21	1.30e-15	2.05e-10	5.65e-06	4.39e-01	5.56e-01	4.71e-03	0.00e+00	0.00e+00	0.00e+00	4.29e-16	8.68e-16	1.04e-65
 2.14352e+14	1.43e-21	1.65e-15	2.44e-10	6.30e-06	4.56e-01	5.39e-01	4.25e-03	0.00e+00	0.00e+00	0.00e+00	5.47e-16	1.11e-15	2.24e-65
 2.21797e+14	1.90e-21	2.08e-15	2.91e-10	7.03e-06	4.74e-01	5.22e-01	3.83e-03	0.00e+00	0.00e+00	0.00e+00	6.88e-16	1.39e-15	4.60e-65
 2.27936e+14	2.41e-21	2.51e-15	3.34e-10	7.64e-06	4.88e-01	5.08e-01	3.53e-03	0.00e+00	0.00e+00	0.00e+00	8.30e-16	1.68e-15	8.41e-65
 2.34350e+14	3.07e-21	3.04e-15	3.85e-10	8.32e-06	5.02e-01	4.94e-01	3.25e-03	0.00e+00	0.00e+00	0.00e+00	1.01e-15	2.03e-15	1.56e-64
 2.42689e+14	4.13e-21	3.85e-15	4.58e-10	9.25e-06	5.20e-01	4.77e-01	2.92e-03	0.00e+00	0.00e+00	0.00e+00	1.27e-15	2.58e-15	3.36e-64
 2.51532e+14	5.55e-21	4.88e-15	5.48e-10	1.03e-05	5.39e-01	4.59e-01	2.61e-03	0.00e+00	0.00e+00	0.00e+00	1.61e-15	3.26e-15	7.12e-64
 2.59247e+14	7.17e-21	5.97e-15	6.35e-10	1.13e-05	5.54e-01	4.44e-01	2.37e-03	0.00e+00	0.00e+00	0.00e+00	1.97e-15	4.00e-15	1.38e-63
 2.67491e+14	9.37e-21	7.37e-15	7.41e-10	1.23e-05	5.69e-01	4.28e-01	2.15e-03	0.00e+00	0.00e+00	0.00e+00	2.43e-15	4.93e-15	2.75e-63
 2.77609e+14	1.28e-20	9.46e-15	8.86e-10	1.37e-05	5.88e-01	4.11e-01	1.92e-03	0.00e+00	0.00e+00	0.00e+00	3.13e-15	6.33e-15	6.30e-63
 2.87969e+14	1.73e-20	1.20e-14	1.06e-09	1.52e-05	6.06e-01	3.93e-01	1.70e-03	0.00e+00	0.00e+00	0.00e+00	3.96e-15	8.03e-15	1.36e-62
 2.97304e+14	2.27e-20	1.48e-14	1.23e-09	1.66e-05	6.21e-01	3.78e-01	1.54e-03	0.00e+00	0.00e+00	0.00e+00	4.89e-15	9.91e-15	2.76e-62
 3.07503e+14	3.01e-20	1.85e-14	1.44e-09	1.82e-05	6.36e-01	3.62e-01	1.38e-03	0.00e+00	0.00e+00	0.00e+00	6.11e-15	1.24e-14	5.83e-62
 3.19548e+14	4.13e-20	2.37e-14	1.73e-09	2.02e-05	6.54e-01	3.45e-01	1.21e-03	0.00e+00	0.00e+00	0.00e+00	7.83e-15	1.59e-14	1.35e-61
 3.31539e+14	5.58e-20	3.01e-14	2.05e-09	2.22e-05	6.70e-01	3.28e-01	1.08e-03	0.00e+00	0.00e+00	0.00e+00	9.92e-15	2.02e-14	2.99e-61
 3.42780e+14	7.25e-20	3.70e-14	2.40e-09	2.43e-05	6.85e-01	3.14e-01	9.61e-04	0.00e+00	0.00e+00	0.00e+00	1.22e-14	2.48e-14	5.99e-61
 3.55292e+14	9.75e-20	4.66e-14	2.83e-09	2.67e-05	7.00e-01	2.99e-01	8.52e-04	0.00e+00	0.00e+00	0.00e+00	1.54e-14	3.12e-14	1.32e-60
 3.67299e+14	1.28e-19	5.77e-14	3.29e-09	2.90e-05	7.14e-01	2.85e-01	7.62e-04	0.00e+00	0.00e+00	0.00e+00	1.90e-14	3.87e-14	2.74e-60
 3.76275e+14	1.55e-19	6.70e-14	3.67e-09	3.09e-05	7.24e-01	2.76e-01	7.02e-04	0.00e+00	0.00e+00	0.00e+00	2.21e-14	4.50e-14	4.58e-60
 3.85360e+14	1.86e-19	7.75e-14	4.09e-09	3.28e-05	7.33e-01	2.66e-01	6.46e-04	0.00e+00	0.00e+00	0.00e+00	2.55e-14	5.20e-14	7.49e-60
 3.97170e+14	2.38e-19	9.38e-14	4.68e-09	3.53e-05	7.45e-01	2.55e-01	5.82e-04	0.00e+00	0.00e+00	0.00e+00	3.09e-14	6.29e-14	1.45e-59
 4.09951e+14	3.07e-19	1.15e-13	5.39e-09	3.82e-05	7.56e-01	2.43e-01	5.22e-04	0.00e+00	0.00e+00	0.00e+00	3.77e-14	7.69e-14	2.90e-59
 4.21407e+14	3.81e-19	1.36e-13	6.10e-09	4.09e-05	7.66e-01	2.33e-01	4.74e-04	0.00e+00	0.00e+00	0.00e+00	4.47e-14	9.11e-14	5.21e-59
 4.33710e+14	4.74e-19	1.61e-13	6.93e-09	4.39e-05	7.77e-01	2.23e-01	4.28e-04	0.00e+00	0.00e+00	0.00e+00	5.30e-14	1.08e-13	9.41e-59
 4.49493e+14	6.31e-19	2.01e-13	8.11e-09	4.78e-05	7.89e-01	2.11e-01	3.77e-04	0.00e+00	0.00e+00	0.00e+00	6.62e-14	1.35e-13	2.05e-58
 4.65485e+14	8.28e-19	2.50e-13	9.45e-09	5.20e-05	8.00e-01	2.00e-01	3.33e-04	0.00e+00	0.00e+00	0.00e+00	8.21e-14	1.68e-13	4.35e-58
 4.78707e+14	1.03e-18	2.96e-13	1.07e-08	5.56e-05	8.09e-01	1.91e-01	3.01e-04	0.00e+00	0.00e+00	0.00e+00	9.72e-14	1.99e-13	7.83e-58
 4.92639e+14	1.27e-18	3.50e-13	1.21e-08	5.95e-05	8.18e-01	1.82e-01	2.71e-04	0.00e+00	0.00e+00	0.00e+00	1.15e-13	2.35e-13	1.40e-57
 5.10539e+14	1.69e-18	4.37e-13	1.41e-08	6.46e-05	8.28e-01	1.72e-01	2.38e-04	0.00e+00	0.00e+00	0.00e+00	1.43e-13	2.93e-13	3.06e-57
 5.29445e+14	2.22e-18	5.41e-13	1.66e-08	7.04e-05	8.38e-01	1.61e-01	2.08e-04	0.00e+00	0.00e+00	0.00e+00	1.77e-13	3.64e-13	6.47e-57
 5.45951e+14	2.80e-18	6.51e-13	1.89e-08	7.56e-05	8.46e-01	1.53e-01	1.86e-04	0.00e+00	0.00e+00	0.00e+00	2.13e-13	4.38e-13	1.24e-56
 5.63493e+14	3.53e-18	7.81e-13	2.17e-08	8.14e-05	8.55e-01	1.45e-01	1.65e-04	0.00e+00	0.00e+00	0.00e+00	2.56e-13	5.25e-13	2.33e-56
 5.84890e+14	4.70e-18	9.79e-13	2.54e-08	8.85e-05	8.64e-01	1.36e-01	1.44e-04	0.00e+00	0.00e+00	0.00e+00	3.20e-13	6.59e-13	5.21e-56
 6.06246e+14	6.12e-18	1.20e-12	2.96e-08	9.62e-05	8.72e-01	1.28e-01	1.25e-04	0.00e+00	0.00e+00	0.00e+00	3.94e-13	8.10e-13	1.07e-55
 6.24934e+14	7.68e-18	1.44e-12	3.37e-08	1.03e-04	8.79e-01	1.21e-01	1.11e-04	0.00e+00	0.00e+00	0.00e+00	4.71e-13	9.69e-13	2.01e-55
 6.45209e+14	9.71e-18	1.74e-12	3.86e-08	1.11e-04	8.86e-01	1.14e-01	9.87e-05	0.00e+00	0.00e+00	0.00e+00	5.68e-13	1.17e-12	3.92e-55
 6.69817e+14	1.28e-17	2.15e-12	4.53e-08	1.21e-04	8.93e-01	1.07e-01	8.52e-05	0.00e+00	0.00e+00	0.00e+00	7.03e-13	1.45e-12	8.31e-55
 6.94387e+14	1.67e-17	2.65e-12	5.27e-08	1.31e-04	9.00e-01	9.98e-02	7.42e-05	0.00e+00	0.00e+00	0.00e+00	8.66e-13	1.79e-12	1.75e-54
 7.16304e+14	2.10e-17	3.18e-12	6.01e-08	1.40e-04	9.06e-01	9.42e-02	6.57e-05	0.00e+00	0.00e+00	0.00e+00	1.04e-12	2.14e-12	3.33e-54
 7.40439e+14	2.65e-17	3.85e-12	6.91e-08	1.51e-04	9.11e-01	8.86e-02	5.77e-05	0.00e+00	0.00e+00	0.00e+00	1.25e-12	2.59e-12	6.52e-54
 7.69178e+14	3.50e-17	4.78e-12	8.12e-08	1.65e-04	9.17e-01	8.23e-02	4.95e-05	0.00e+00	0.00e+00	0.00e+00	1.56e-12	3.22e-12	1.41e-53
 7.97486e+14	4.52e-17	5.87e-12	9.45e-08	1.79e-04	9.23e-01	7.68e-02	4.28e-05	3.71e-18	1.11e-17	1.86e-17	1.91e-12	3.96e-12	2.90e-53
 8.21903e+14	5.61e-17	6.98e-12	1.07e-07	1.91e-04	9.27e-01	7.25e-02	3.80e-05	4.60e-18	1.38e-17	2.31e-17	2.27e-12	4.71e-12	5.41e-53
 8.44258e+14	6.81e-17	8.12e-12	1.20e-07	2.03e-04	9.31e-01	6.88e-02	3.41e-05	5.59e-18	1.68e-17	2.81e-17	2.64e-12	5.48e-12	9.24e-53
 8.66028e+14	8.14e-17	9.39e-12	1.33e-07	2.14e-04	9.34e-01	6.55e-02	3.08e-05	6.68e-18	2.01e-17	3.35e-17	3.06e-12	6.33e-12	1.55e-52
 8.90457e+14	9.97e-17	1.10e-11	1.50e-07	2.28e-04	9.38e-01	6.20e-02	2.75e-05	8.18e-18	2.46e-17	4.11e-17	3.58e-12	7.42e-12	2.72e-52
 9.17161e+14	1.22e-16	1.30e-11	1.70e-07	2.43e-04	9.41e-01	5.85e-02	2.44e-05	1.00e-17	3.01e-17	5.03e-17	4.22e-12	8.76e-12	4.90e-52
 9.41456e+14	1.48e-16	1.51e-11	1.89e-07	2.58e-04	9.44e-01	5.55e-02	2.19e-05	1.21e-17	3.65e-17	6.10e-17	4.90e-12	1.02e-11	8.34e-52
 9.67669e+14	1.78e-16	1.76e-11	2.12e-07	2.74e-04	9.47e-01	5.26e-02	1.96e-05	1.47e-17	4.40e-17	7.36e-17	5.71e-12	1.19e-11	1.45e-51
 9.97179e+14	2.22e-16	2.08e-11	2.41e-07	2.93e-04	9.50e-01	4.94e-02	1.73e-05	1.83e-17	5.49e-17	9.17e-17	6.77e-12	1.41e-11	2.67e-51
 1.02501e+15	2.67e-16	2.43e-11	2.70e-07	3.11e-04	9.53e-01	4.68e-02	1.54e-05	2.20e-17	6.60e-17	1.10e-16	7.88e-12	1.64e-11	4.59e-51
 1.05523e+15	3.31e-16	2.86e-11	3.05e-07	3.32e-04	9.56e-01	4.41e-02	1.37e-05	2.72e-17	8.17e-17	1.37e-16	9.31e-12	1.93e-11	8.34e-51
 1.08880e+15	4.08e-16	3.40e-11	3.47e-07	3.56e-04	9.58e-01	4.14e-02	1.20e-05	3.36e-17	1.01e-16	1.69e-16	1.11e-11	2.30e-11	1.55e-50
 1.12026e+15	5.03e-16	4.01e-11	3.91e-07	3.79e-04	9.61e-01	3.90e-02	1.06e-05	4.14e-17	1.24e-16	2.08e-16	1.30e-11	2.70e-11	2.77e-50
 1.15470e+15	6.22e-16	4.75e-11	4.43e-07	4.05e-04	9.63e-01	3.67e-02	9.39e-06	5.12e-17	1.54e-16	2.57e-16	1.54e-11	3.21e-11	5.13e-50
 1.19332e+15	7.82e-16	5.71e-11	5.08e-07	4.35e-04	9.65e-01	3.42e-02	8.17e-06	6.44e-17	1.93e-16	3.23e-16	1.85e-11	3.85e-11	9.92e-50
 1.22984e+15	9.67e-16	6.75e-11	5.75e-07	4.65e-04	9.67e-01	3.22e-02	7.20e-06	7.96e-17	2.39e-16	4.00e-16	2.19e-11	4.56e-11	1.83e-49
 1.26977e+15	1.21e-15	8.07e-11	6.57e-07	4.99e-04	9.69e-01	3.01e-02	6.29e-06	9.95e-17	2.99e-16	5.00e-16	2.62e-11	5.45e-11	3.47e-49
 1.31473e+15	1.52e-15	9.74e-11	7.58e-07	5.38e-04	9.71e-01	2.80e-02	5.44e-06	1.25e-16	3.75e-16	6.28e-16	3.16e-11	6.58e-11	6.84e-49
 1.35790e+15	1.93e-15	1.18e-10	8.67e-07	5.78e-04	9.73e-01	2.62e-02	4.74e-06	1.60e-16	4.79e-16	8.01e-16	3.81e-11	7.94e-11	1.35e-48
 1.40567e+15	2.41e-15	1.41e-10	9.99e-07	6.23e-04	9.75e-01	2.43e-02	4.09e-06	1.99e-16	5.97e-16	9.99e-16	4.59e-11	9.55e-11	2.63e-48
 1.45894e+15	3.18e-15	1.75e-10	1.17e-06	6.77e-04	9.77e-01	2.25e-02	3.48e-06	2.62e-16	7.88e-16	1.32e-15	5.69e-11	1.18e-10	5.71e-48
 1.50823e+15	4.01e-15	2.11e-10	1.34e-06	7.28e-04	9.78e-01	2.10e-02	3.02e-06	3.31e-16	9.95e-16	1.66e-15	6.85e-11	1.43e-10	1.13e-47
 1.56117e+15	4.98e-15	2.53e-10	1.54e-06	7.85e-04	9.80e-01	1.95e-02	2.61e-06	4.11e-16	1.23e-15	2.06e-15	8.22e-11	1.71e-10	2.17e-47
 1.62293e+15	6.61e-15	3.17e-10	1.81e-06	8.55e-04	9.81e-01	1.79e-02	2.21e-06	5.47e-16	1.64e-15	2.74e-15	1.03e-10	2.14e-10	4.90e-47
 1.67399e+15	8.05e-15	3.74e-10	2.06e-06	9.15e-04	9.82e-01	1.68e-02	1.93e-06	6.66e-16	2.00e-15	3.34e-15	1.21e-10	2.53e-10	8.89e-47
 1.70831e+15	9.40e-15	4.22e-10	2.24e-06	9.57e-04	9.83e-01	1.60e-02	1.77e-06	7.78e-16	2.34e-15	3.90e-15	1.37e-10	2.85e-10	1.38e-46
 1.74303e+15	1.08e-14	4.72e-10	2.43e-06	1.00e-03	9.84e-01	1.53e-02	1.62e-06	8.97e-16	2.69e-15	4.50e-15	1.53e-10	3.19e-10	2.07e-46
 1.78818e+15	1.29e-14	5.43e-10	2.70e-06	1.06e-03	9.84e-01	1.45e-02	1.45e-06	1.07e-15	3.21e-15	5.36e-15	1.76e-10	3.67e-10	3.45e-46
 1.84686e+15	1.60e-14	6.49e-10	3.09e-06	1.14e-03	9.85e-01	1.35e-02	1.25e-06	1.33e-15	4.00e-15	6.68e-15	2.11e-10	4.39e-10	6.58e-46
 1.90601e+15	1.94e-14	7.65e-10	3.51e-06	1.22e-03	9.86e-01	1.26e-02	1.09e-06	1.61e-15	4.83e-15	8.07e-15	2.48e-10	5.17e-10	1.19e-45
 1.95305e+15	2.29e-14	8.77e-10	3.88e-06	1.29e-03	9.87e-01	1.20e-02	9.82e-07	1.90e-15	5.71e-15	9.55e-15	2.84e-10	5.92e-10	1.94e-45
 2.00150e+15	2.70e-14	1.00e-09	4.29e-06	1.36e-03	9.87e-01	1.13e-02	0.00e+00	2.24e-15	6.74e-15	1.13e-14	3.25e-10	6.77e-10	3.16e-45
 2.06449e+15	3.39e-14	1.20e-09	4.88e-06	1.46e-03	9.88e-01	1.06e-02	0.00e+00	2.81e-15	8.45e-15	1.41e-14	3.89e-10	8.09e-10	6.05e-45
 2.13072e+15	4.16e-14	1.42e-09	5.56e-06	1.57e-03	9.89e-01	9.85e-03	0.00e+00	3.46e-15	1.04e-14	1.74e-14	4.62e-10	9.61e-10	1.13e-44
 2.18762e+15	4.88e-14	1.63e-09	6.19e-06	1.66e-03	9.89e-01	9.29e-03	0.00e+00	4.06e-15	1.22e-14	2.04e-14	5.30e-10	1.10e-09	1.85e-44
 2.24804e+15	5.82e-14	1.89e-09	6.93e-06	1.77e-03	9.89e-01	8.74e-03	0.00e+00	4.85e-15	1.46e-14	2.43e-14	6.14e-10	1.28e-09	3.15e-44
 2.32658e+15	7.51e-14	2.31e-09	7.99e-06	1.91e-03	9.90e-01	8.08e-03	0.00e+00	6.26e-15	1.88e-14	3.14e-14	7.51e-10	1.56e-09	6.57e-44
 2.40773e+15	9.34e-14	2.78e-09	9.20e-06	2.07e-03	9.90e-01	7.47e-03	0.00e+00	7.80e-15	2.34e-14	3.91e-14	9.04e-10	1.88e-09	1.29e-43
 2.47554e+15	1.11e-13	3.22e-09	1.03e-05	2.20e-03	9.91e-01	7.01e-03	0.00e+00	9.26e-15	2.78e-14	4.65e-14	1.05e-09	2.17e-09	2.19e-43
 2.54696e+15	1.31e-13	3.72e-09	1.16e-05	2.35e-03	9.91e-01	6.57e-03	0.00e+00	1.09e-14	3.28e-14	5.48e-14	1.21e-09	2.51e-09	3.68e-43
 2.63908e+15	1.68e-13	4.57e-09	1.34e-05	2.55e-03	9.91e-01	6.05e-03	0.00e+00	1.41e-14	4.23e-14	7.07e-14	1.49e-09	3.08e-09	7.82e-43
 2.73649e+15	2.09e-13	5.53e-09	1.56e-05	2.77e-03	9.92e-01	5.56e-03	0.00e+00	1.75e-14	5.26e-14	8.79e-14	1.80e-09	3.73e-09	1.56e-42
 2.82168e+15	2.54e-13	6.52e-09	1.76e-05	2.97e-03	9.92e-01	5.17e-03	0.00e+00	2.13e-14	6.39e-14	1.07e-13	2.13e-09	4.40e-09	2.85e-42
 2.91262e+15	3.12e-13	7.76e-09	2.01e-05	3.20e-03	9.92e-01	4.80e-03	0.00e+00	2.62e-14	7.87e-14	1.31e-13	2.53e-09	5.23e-09	5.41e-42
 3.02331e+15	3.93e-13	9.49e-09	2.34e-05	3.49e-03	9.92e-01	4.40e-03	0.00e+00	3.31e-14	9.93e-14	1.66e-13	3.09e-09	6.39e-09	1.13e-41
 3.13419e+15	4.90e-13	1.15e-08	2.71e-05	3.79e-03	9.92e-01	4.04e-03	0.00e+00	4.13e-14	1.24e-13	2.07e-13	3.76e-09	7.75e-09	2.34e-41
 3.21890e+15	5.63e-13	1.31e-08	3.02e-05	4.03e-03	9.92e-01	3.80e-03	0.00e+00	4.75e-14	1.43e-13	2.38e-13	4.28e-09	8.83e-09	3.75e-41
 3.28246e+15	6.48e-13	1.48e-08	3.27e-05	4.22e-03	9.92e-01	3.62e-03	0.00e+00	5.47e-14	1.64e-13	2.75e-13	4.82e-09	9.94e-09	5.83e-41
 3.35247e+15	7.38e-13	1.65e-08	3.57e-05	4.43e-03	9.92e-01	3.44e-03	0.00e+00	6.23e-14	1.87e-13	3.13e-13	5.40e-09	1.11e-08	8.85e-41
 3.44348e+15	8.55e-13	1.89e-08	3.98e-05	4.72e-03	9.92e-01	3.23e-03	0.00e+00	7.24e-14	2.17e-13	3.63e-13	6.19e-09	1.27e-08	1.46e-40
 3.54228e+15	1.00e-12	2.18e-08	4.46e-05	5.03e-03	9.92e-01	3.02e-03	0.00e+00	8.48e-14	2.55e-13	4.25e-13	7.14e-09	1.47e-08	2.47e-40
 3.63109e+15	1.19e-12	2.54e-08	4.94e-05	5.34e-03	9.92e-01	2.84e-03	0.00e+00	1.01e-13	3.04e-13	5.07e-13	8.30e-09	1.71e-08	4.29e-40
 3.72646e+15	1.36e-12	2.87e-08	5.48e-05	5.66e-03	9.92e-01	2.67e-03	0.00e+00	1.16e-13	3.47e-13	5.80e-13	9.40e-09	1.93e-08	6.74e-40
 3.85043e+15	1.70e-12	3.47e-08	6.26e-05	6.12e-03	9.91e-01	2.47e-03	0.00e+00	1.44e-13	4.32e-13	7.22e-13	1.14e-08	2.34e-08	1.38e-39
 3.97405e+15	2.02e-12	4.11e-08	7.12e-05	6.59e-03	9.91e-01	2.28e-03	0.00e+00	1.72e-13	5.17e-13	8.64e-13	1.35e-08	2.76e-08	2.63e-39
 4.07066e+15	2.32e-12	4.67e-08	7.85e-05	6.96e-03	9.91e-01	2.16e-03	0.00e+00	1.98e-13	5.93e-13	9.91e-13	1.53e-08	3.14e-08	4.29e-39
 4.16972e+15	2.63e-12	5.25e-08	8.64e-05	7.35e-03	9.91e-01	2.04e-03	0.00e+00	2.24e-13	6.73e-13	1.12e-12	1.72e-08	3.53e-08	6.67e-39
 4.29849e+15	3.20e-12	6.27e-08	9.78e-05	7.90e-03	9.90e-01	1.89e-03	0.00e+00	2.73e-13	8.20e-13	1.37e-12	2.05e-08	4.21e-08	1.34e-38
 4.43566e+15	3.81e-12	7.41e-08	1.11e-04	8.51e-03	9.90e-01	1.75e-03	0.00e+00	3.26e-13	9.79e-13	1.63e-12	2.43e-08	4.98e-08	2.58e-38
 4.55644e+15	4.39e-12	8.52e-08	1.24e-04	9.04e-03	9.89e-01	1.64e-03	0.00e+00	3.76e-13	1.13e-12	1.88e-12	2.80e-08	5.72e-08	4.37e-38
 4.68614e+15	5.19e-12	9.94e-08	1.39e-04	9.66e-03	9.89e-01	1.53e-03	0.00e+00	4.45e-13	1.33e-12	2.23e-12	3.26e-08	6.68e-08	8.00e-38
 4.85465e+15	6.29e-12	1.20e-07	1.60e-04	1.05e-02	9.88e-01	1.40e-03	0.00e+00	5.40e-13	1.62e-12	2.71e-12	3.93e-08	8.04e-08	1.62e-37
 5.02952e+15	7.72e-12	1.46e-07	1.85e-04	1.14e-02	9.87e-01	1.29e-03	0.00e+00	6.64e-13	1.99e-12	3.33e-12	4.79e-08	9.78e-08	3.46e-37
 5.17751e+15	9.00e-12	1.68e-07	2.08e-04	1.22e-02	9.86e-01	1.20e-03	0.00e+00	7.75e-13	2.32e-12	3.88e-12	5.53e-08	1.13e-07	5.85e-37
 5.33466e+15	1.08e-11	2.01e-07	2.35e-04	1.31e-02	9.86e-01	1.11e-03	0.00e+00	9.32e-13	2.80e-12	4.67e-12	6.62e-08	1.35e-07	1.17e-36
 5.53197e+15	1.33e-11	2.46e-07	2.72e-04	1.42e-02	9.85e-01	1.02e-03	0.00e+00	1.15e-12	3.45e-12	5.76e-12	8.09e-08	1.65e-07	2.50e-36
 5.73552e+15	1.61e-11	2.99e-07	3.15e-04	1.55e-02	9.83e-01	9.29e-04	0.00e+00	1.39e-12	4.18e-12	6.99e-12	9.84e-08	2.00e-07	5.23e-36
 5.88962e+15	1.85e-11	3.46e-07	3.51e-04	1.64e-02	9.82e-01	8.70e-04	0.00e+00	1.61e-12	4.82e-12	8.04e-12	1.14e-07	2.32e-07	8.95e-36
 6.00150e+15	2.06e-11	3.84e-07	3.79e-04	1.71e-02	9.82e-01	8.30e-04	0.00e+00	1.78e-12	5.35e-12	8.94e-12	1.26e-07	2.57e-07	1.31e-35
 6.12306e+15	2.31e-11	4.29e-07	4.12e-04	1.80e-02	9.81e-01	7.89e-04	0.00e+00	2.00e-12	6.01e-12	1.00e-11	1.41e-07	2.88e-07	1.98e-35
 6.28108e+15	2.66e-11	4.93e-07	4.57e-04	1.91e-02	9.80e-01	7.40e-04	0.00e+00	2.31e-12	6.93e-12	1.16e-11	1.63e-07	3.31e-07	3.31e-35
 6.45607e+15	3.07e-11	5.71e-07	5.11e-04	2.03e-02	9.78e-01	6.91e-04	0.00e+00	2.67e-12	8.00e-12	1.34e-11	1.88e-07	3.83e-07	5.66e-35
 6.61643e+15	3.57e-11	6.59e-07	5.66e-04	2.15e-02	9.77e-01	6.50e-04	0.00e+00	3.10e-12	9.31e-12	1.55e-11	2.17e-07	4.42e-07	9.48e-35
 6.78822e+15	4.16e-11	7.51e-07	6.28e-04	2.28e-02	9.76e-01	6.10e-04	0.00e+00	3.62e-12	1.09e-11	1.81e-11	2.48e-07	5.04e-07	1.51e-34
 7.01154e+15	5.10e-11	9.17e-07	7.20e-04	2.46e-02	9.74e-01	5.60e-04	0.00e+00	4.44e-12	1.33e-11	2.23e-11	3.03e-07	6.14e-07	3.10e-34
 7.23279e+15	6.09e-11	1.07e-06	8.17e-04	2.64e-02	9.72e-01	5.19e-04	0.00e+00	5.31e-12	1.59e-11	2.66e-11	3.54e-07	7.19e-07	5.28e-34
 7.40293e+15	6.91e-11	1.22e-06	9.00e-04	2.78e-02	9.71e-01	4.89e-04	0.00e+00	6.03e-12	1.81e-11	3.02e-11	4.04e-07	8.20e-07	8.38e-34
 7.57572e+15	7.97e-11	1.42e-06	9.92e-04	2.94e-02	9.69e-01	4.59e-04	0.00e+00	6.97e-12	2.09e-11	3.49e-11	4.68e-07	9.50e-07	1.43e-33
 7.80033e+15	9.60e-11	1.65e-06	1.12e-03	3.14e-02	9.67e-01	4.27e-04	0.00e+00	8.41e-12	2.52e-11	4.21e-11	5.46e-07	1.11e-06	2.40e-33
 8.04161e+15	1.16e-10	2.01e-06	1.28e-03	3.38e-02	9.65e-01	3.93e-04	0.00e+00	1.01e-11	3.04e-11	5.07e-11	6.63e-07	1.34e-06	4.77e-33
 8.25220e+15	1.35e-10	2.33e-06	1.42e-03	3.59e-02	9.62e-01	3.68e-04	0.00e+00	1.19e-11	3.56e-11	5.94e-11	7.71e-07	1.56e-06	7.91e-33
 8.47363e+15	1.59e-10	2.71e-06	1.59e-03	3.81e-02	9.60e-01	3.44e-04	0.00e+00	1.40e-11	4.19e-11	6.99e-11	8.94e-07	1.81e-06	1.29e-32
 8.76149e+15	2.00e-10	3.32e-06	1.84e-03	4.13e-02	9.57e-01	3.14e-04	0.00e+00	1.75e-11	5.26e-11	8.78e-11	1.10e-06	2.22e-06	2.61e-32
 9.04924e+15	2.46e-10	3.94e-06	2.11e-03	4.44e-02	9.53e-01	2.90e-04	0.00e+00	2.16e-11	6.48e-11	1.08e-10	1.30e-06	2.63e-06	4.39e-32
 9.28283e+15	2.85e-10	4.57e-06	2.36e-03	4.72e-02	9.50e-01	2.71e-04	0.00e+00	2.51e-11	7.54e-11	1.26e-10	1.51e-06	3.06e-06	7.11e-32
 9.53248e+15	3.40e-10	5.36e-06	2.65e-03	5.03e-02	9.47e-01	2.52e-04	0.00e+00	3.00e-11	9.01e-11	1.50e-10	1.77e-06	3.58e-06	1.20e-31
 9.85702e+15	4.34e-10	6.74e-06	3.09e-03	5.46e-02	9.42e-01	2.29e-04	0.00e+00	3.83e-11	1.15e-10	1.92e-10	2.23e-06	4.51e-06	2.58e-31
 1.01769e+16	5.31e-10	8.09e-06	3.55e-03	5.88e-02	9.37e-01	2.11e-04	0.00e+00	4.69e-11	1.41e-10	2.35e-10	2.68e-06	5.41e-06	4.44e-31
 1.04252e+16	6.24e-10	9.42e-06	3.96e-03	6.23e-02	9.33e-01	1.97e-04	0.00e+00	5.52e-11	1.66e-10	2.76e-10	3.12e-06	6.30e-06	7.19e-31
 1.06822e+16	7.43e-10	1.10e-05	4.44e-03	6.62e-02	9.29e-01	1.84e-04	0.00e+00	6.58e-11	1.97e-10	3.29e-10	3.64e-06	7.35e-06	1.16e-30
