#depth	N	N+	N+2	N+3	N+4	N+5	N+6	N+7
 1.49634e+10	0.00e+00	0.00e+00	2.22e-32	1.35e-22	1.48e-13	7.15e-04	4.13e-01	5.86e-01
 4.54887e+10	0.00e+00	1.73e-42	3.21e-32	1.80e-22	1.83e-13	8.18e-04	4.32e-01	5.67e-01
 7.72350e+10	0.00e+00	0.00e+00	4.63e-32	2.41e-22	2.26e-13	9.31e-04	4.52e-01	5.47e-01
 1.10251e+11	0.00e+00	4.22e-42	6.67e-32	3.20e-22	2.78e-13	1.06e-03	4.71e-01	5.28e-01
 1.40559e+11	0.00e+00	0.00e+00	9.19e-32	4.12e-22	3.33e-13	1.18e-03	4.88e-01	5.10e-01
 1.66401e+11	0.00e+00	8.61e-42	1.20e-31	5.07e-22	3.87e-13	1.30e-03	5.03e-01	4.96e-01
 1.94844e+11	0.00e+00	0.00e+00	1.59e-31	6.32e-22	4.54e-13	1.43e-03	5.18e-01	4.81e-01
 2.30101e+11	0.00e+00	1.83e-41	2.23e-31	8.22e-22	5.49e-13	1.61e-03	5.36e-01	4.62e-01
 2.66230e+11	0.00e+00	0.00e+00	3.10e-31	1.06e-21	6.61e-13	1.80e-03	5.54e-01	4.44e-01
 2.98399e+11	0.00e+00	3.89e-41	4.13e-31	1.33e-21	7.75e-13	1.98e-03	5.69e-01	4.29e-01
 3.33408e+11	0.00e+00	0.00e+00	5.57e-31	1.68e-21	9.15e-13	2.19e-03	5.85e-01	4.12e-01
 3.75223e+11	0.00e+00	8.55e-41	7.87e-31	2.20e-21	1.11e-12	2.47e-03	6.04e-01	3.94e-01
 4.16611e+11	0.00e+00	0.00e+00	1.09e-30	2.83e-21	1.33e-12	2.75e-03	6.21e-01	3.77e-01
 4.54011e+11	0.00e+00	1.81e-40	1.45e-30	3.53e-21	1.56e-12	3.02e-03	6.35e-01	3.62e-01
 4.95502e+11	0.00e+00	0.00e+00	1.97e-30	4.47e-21	1.84e-12	3.33e-03	6.51e-01	3.46e-01
 5.44296e+11	0.00e+00	4.01e-40	2.78e-30	5.84e-21	2.23e-12	3.73e-03	6.68e-01	3.29e-01
 5.92671e+11	0.00e+00	0.00e+00	3.86e-30	7.53e-21	2.66e-12	4.14e-03	6.84e-01	3.12e-01
 6.37996e+11	0.00e+00	8.61e-40	5.18e-30	9.45e-21	3.13e-12	4.55e-03	6.97e-01	2.98e-01
 6.88458e+11	0.00e+00	0.00e+00	7.12e-30	1.21e-20	3.72e-12	5.03e-03	7.12e-01	2.83e-01
 7.45923e+11	0.00e+00	1.95e-39	1.01e-29	1.58e-20	4.49e-12	5.61e-03	7.27e-01	2.67e-01
 8.00795e+11	0.00e+00	0.00e+00	1.38e-29	2.01e-20	5.32e-12	6.19e-03	7.41e-01	2.53e-01
 8.50348e+11	0.00e+00	4.05e-39	1.83e-29	2.49e-20	6.18e-12	6.74e-03	7.52e-01	2.41e-01
 9.05496e+11	0.00e+00	0.00e+00	2.46e-29	3.13e-20	7.25e-12	7.38e-03	7.64e-01	2.29e-01
 9.70363e+11	0.00e+00	8.85e-39	3.44e-29	4.05e-20	8.68e-12	8.17e-03	7.77e-01	2.15e-01
 1.03480e+12	0.00e+00	0.00e+00	4.75e-29	5.18e-20	1.03e-11	9.00e-03	7.89e-01	2.02e-01
 1.09535e+12	0.00e+00	1.88e-38	6.35e-29	6.47e-20	1.20e-11	9.81e-03	7.99e-01	1.92e-01
 1.15087e+12	0.00e+00	0.00e+00	8.22e-29	7.88e-20	1.38e-11	1.06e-02	8.07e-01	1.82e-01
 1.20228e+12	0.00e+00	3.45e-38	1.04e-28	9.40e-20	1.56e-11	1.13e-02	8.15e-01	1.74e-01
 1.26142e+12	0.00e+00	0.00e+00	1.34e-28	1.15e-19	1.78e-11	1.22e-02	8.22e-01	1.65e-01
 1.33570e+12	0.00e+00	7.02e-38	1.84e-28	1.46e-19	2.11e-11	1.34e-02	8.31e-01	1.55e-01
 1.41136e+12	0.00e+00	0.00e+00	2.51e-28	1.84e-19	2.47e-11	1.46e-02	8.40e-01	1.46e-01
 1.47707e+12	0.00e+00	1.42e-37	3.25e-28	2.24e-19	2.83e-11	1.57e-02	8.46e-01	1.38e-01
 1.54815e+12	0.00e+00	0.00e+00	4.27e-28	2.76e-19	3.26e-11	1.70e-02	8.53e-01	1.30e-01
 1.63505e+12	0.00e+00	2.97e-37	5.89e-28	3.52e-19	3.86e-11	1.86e-02	8.60e-01	1.22e-01
 1.72441e+12	0.00e+00	0.00e+00	8.11e-28	4.49e-19	4.55e-11	2.03e-02	8.66e-01	1.14e-01
 1.80703e+12	0.00e+00	6.26e-37	1.08e-27	5.56e-19	5.27e-11	2.20e-02	8.71e-01	1.07e-01
 1.89894e+12	0.00e+00	0.00e+00	1.46e-27	7.02e-19	6.17e-11	2.39e-02	8.76e-01	9.97e-02
 2.00482e+12	0.00e+00	1.40e-36	2.06e-27	9.08e-19	7.35e-11	2.62e-02	8.81e-01	9.24e-02
 2.11016e+12	2.08e-46	2.11e-36	2.86e-27	1.16e-18	8.70e-11	2.86e-02	8.86e-01	8.57e-02
 2.20209e+12	0.00e+00	0.00e+00	3.77e-27	1.44e-18	1.00e-10	3.09e-02	8.89e-01	8.04e-02
 2.28167e+12	0.00e+00	4.00e-36	4.77e-27	1.71e-18	1.13e-10	3.28e-02	8.91e-01	7.61e-02
 2.37141e+12	6.56e-46	5.53e-36	6.19e-27	2.08e-18	1.29e-10	3.52e-02	8.93e-01	7.16e-02
 2.48554e+12	0.00e+00	0.00e+00	8.51e-27	2.65e-18	1.51e-10	3.82e-02	8.95e-01	6.64e-02
 2.60241e+12	0.00e+00	1.22e-35	1.17e-26	3.36e-18	1.78e-10	4.15e-02	8.97e-01	6.16e-02
 2.70146e+12	2.51e-45	1.69e-35	1.52e-26	4.10e-18	2.03e-10	4.45e-02	8.98e-01	5.78e-02
 2.80632e+12	0.00e+00	0.00e+00	2.00e-26	5.02e-18	2.33e-10	4.77e-02	8.98e-01	5.41e-02
 2.93786e+12	0.00e+00	3.59e-35	2.78e-26	6.44e-18	2.75e-10	5.19e-02	8.98e-01	4.98e-02
 3.07126e+12	1.01e-44	5.40e-35	3.86e-26	8.24e-18	3.25e-10	5.64e-02	8.98e-01	4.59e-02
 3.18568e+12	0.00e+00	0.00e+00	5.09e-26	1.01e-17	3.73e-10	6.05e-02	8.97e-01	4.28e-02
 3.30826e+12	0.00e+00	1.09e-34	6.79e-26	1.26e-17	4.31e-10	6.50e-02	8.95e-01	3.98e-02
 3.46005e+12	3.95e-44	1.69e-34	9.63e-26	1.64e-17	5.13e-10	7.09e-02	8.93e-01	3.64e-02
 3.61097e+12	0.00e+00	2.57e-34	1.35e-25	2.11e-17	6.07e-10	7.71e-02	8.90e-01	3.33e-02
 3.73893e+12	9.95e-44	3.64e-34	1.79e-25	2.60e-17	6.98e-10	8.26e-02	8.86e-01	3.09e-02
 3.87588e+12	0.00e+00	5.25e-34	2.40e-25	3.24e-17	8.08e-10	8.87e-02	8.83e-01	2.86e-02
 4.04732e+12	2.63e-43	8.20e-34	3.43e-25	4.24e-17	9.65e-10	9.68e-02	8.77e-01	2.59e-02
 4.22194e+12	0.00e+00	1.27e-33	4.89e-25	5.53e-17	1.15e-09	1.05e-01	8.71e-01	2.35e-02
 4.37374e+12	6.98e-43	1.85e-33	6.59e-25	6.91e-17	1.34e-09	1.13e-01	8.65e-01	2.17e-02
 4.53752e+12	0.00e+00	2.73e-33	9.01e-25	8.74e-17	1.56e-09	1.22e-01	8.58e-01	1.98e-02
 4.73766e+12	1.94e-42	4.32e-33	1.30e-24	1.15e-16	1.87e-09	1.33e-01	8.49e-01	1.78e-02
 4.94089e+12	0.00e+00	6.77e-33	1.87e-24	1.52e-16	2.24e-09	1.45e-01	8.39e-01	1.60e-02
 5.10485e+12	5.05e-42	9.60e-33	2.48e-24	1.87e-16	2.58e-09	1.55e-01	8.31e-01	1.47e-02
 5.23907e+12	0.00e+00	1.27e-32	3.10e-24	2.21e-16	2.88e-09	1.63e-01	8.24e-01	1.38e-02
 5.39067e+12	1.01e-41	1.72e-32	3.97e-24	2.66e-16	3.25e-09	1.72e-01	8.15e-01	1.28e-02
 5.58775e+12	0.00e+00	2.51e-32	5.39e-24	3.36e-16	3.79e-09	1.84e-01	8.04e-01	1.16e-02
 5.80138e+12	2.58e-41	3.74e-32	7.43e-24	4.27e-16	4.44e-09	1.98e-01	7.91e-01	1.05e-02
 5.98658e+12	0.00e+00	5.20e-32	9.70e-24	5.22e-16	5.06e-09	2.10e-01	7.80e-01	9.61e-03
 6.15183e+12	5.40e-41	6.91e-32	1.22e-23	6.20e-16	5.67e-09	2.21e-01	7.70e-01	8.91e-03
 6.34108e+12	0.00e+00	9.46e-32	1.57e-23	7.50e-16	6.42e-09	2.33e-01	7.59e-01	8.19e-03
 6.58711e+12	1.26e-40	1.40e-31	2.16e-23	9.52e-16	7.50e-09	2.50e-01	7.43e-01	7.35e-03
 6.83971e+12	0.00e+00	2.06e-31	2.95e-23	1.20e-15	8.73e-09	2.66e-01	7.27e-01	6.60e-03
 7.04772e+12	2.88e-40	2.79e-31	3.76e-23	1.44e-15	9.83e-09	2.80e-01	7.14e-01	6.05e-03
 7.26497e+12	0.00e+00	3.79e-31	4.81e-23	1.74e-15	1.11e-08	2.95e-01	7.00e-01	5.54e-03
 7.54740e+12	6.57e-40	5.54e-31	6.54e-23	2.19e-15	1.29e-08	3.13e-01	6.82e-01	4.95e-03
 7.84153e+12	0.00e+00	8.10e-31	8.88e-23	2.75e-15	1.49e-08	3.33e-01	6.63e-01	4.42e-03
 8.09005e+12	1.49e-39	1.10e-30	1.14e-22	3.31e-15	1.68e-08	3.49e-01	6.47e-01	4.02e-03
 8.35231e+12	0.00e+00	1.50e-30	1.46e-22	3.99e-15	1.89e-08	3.65e-01	6.31e-01	3.64e-03
 8.68551e+12	3.42e-39	2.19e-30	1.98e-22	5.00e-15	2.18e-08	3.86e-01	6.10e-01	3.23e-03
 9.02925e+12	0.00e+00	3.18e-30	2.67e-22	6.25e-15	2.51e-08	4.08e-01	5.90e-01	2.86e-03
 9.32739e+12	7.75e-39	4.33e-30	3.42e-22	7.52e-15	2.83e-08	4.26e-01	5.72e-01	2.58e-03
 9.64796e+12	0.00e+00	5.96e-30	4.42e-22	9.10e-15	3.18e-08	4.44e-01	5.53e-01	2.31e-03
 1.00407e+13	1.78e-38	8.66e-30	5.96e-22	1.14e-14	3.66e-08	4.67e-01	5.31e-01	2.03e-03
 1.04410e+13	0.00e+00	1.25e-29	7.98e-22	1.41e-14	4.19e-08	4.89e-01	5.09e-01	1.78e-03
 1.08046e+13	4.04e-38	1.71e-29	1.03e-21	1.70e-14	4.70e-08	5.08e-01	4.90e-01	1.59e-03
 1.11293e+13	0.00e+00	2.24e-29	1.28e-21	2.00e-14	5.20e-08	5.25e-01	4.73e-01	1.44e-03
 1.14740e+13	7.84e-38	2.96e-29	1.60e-21	2.36e-14	5.75e-08	5.42e-01	4.56e-01	1.29e-03
 1.18380e+13	0.00e+00	3.94e-29	2.00e-21	2.79e-14	6.37e-08	5.60e-01	4.39e-01	1.16e-03
 1.21516e+13	1.47e-37	4.98e-29	2.42e-21	3.20e-14	6.94e-08	5.74e-01	4.24e-01	1.06e-03
 1.24838e+13	0.00e+00	6.35e-29	2.94e-21	3.69e-14	7.56e-08	5.89e-01	4.10e-01	9.60e-04
 1.29157e+13	2.83e-37	8.60e-29	3.74e-21	4.42e-14	8.43e-08	6.08e-01	3.91e-01	8.48e-04
 1.33589e+13	0.00e+00	1.16e-28	4.76e-21	5.27e-14	9.38e-08	6.26e-01	3.73e-01	7.49e-04
 1.37240e+13	5.41e-37	1.47e-28	5.76e-21	6.07e-14	1.02e-07	6.40e-01	3.59e-01	6.78e-04
 1.41061e+13	0.00e+00	1.88e-28	6.98e-21	6.99e-14	1.11e-07	6.55e-01	3.45e-01	6.12e-04
 1.46027e+13	1.04e-36	2.54e-28	8.89e-21	8.35e-14	1.24e-07	6.73e-01	3.27e-01	5.36e-04
 1.51250e+13	0.00e+00	3.45e-28	1.14e-20	1.00e-13	1.38e-07	6.90e-01	3.09e-01	4.68e-04
 1.55744e+13	2.04e-36	4.44e-28	1.39e-20	1.16e-13	1.50e-07	7.05e-01	2.95e-01	4.17e-04
 1.60525e+13	0.00e+00	5.75e-28	1.71e-20	1.35e-13	1.65e-07	7.19e-01	2.81e-01	3.70e-04
 1.66642e+13	4.08e-36	7.92e-28	2.21e-20	1.63e-13	1.84e-07	7.36e-01	2.63e-01	3.19e-04
 1.72993e+13	0.00e+00	1.09e-27	2.85e-20	1.97e-13	2.06e-07	7.53e-01	2.47e-01	2.73e-04
 1.78506e+13	8.19e-36	1.42e-27	3.52e-20	2.31e-13	2.25e-07	7.66e-01	2.33e-01	2.40e-04
 1.84433e+13	0.00e+00	1.86e-27	4.39e-20	2.71e-13	2.48e-07	7.80e-01	2.20e-01	2.10e-04
 1.91689e+13	1.66e-35	2.56e-27	5.68e-20	3.28e-13	2.77e-07	7.95e-01	2.04e-01	1.78e-04
 1.99166e+13	0.00e+00	3.50e-27	7.32e-20	3.97e-13	3.10e-07	8.10e-01	1.90e-01	1.51e-04
 2.05722e+13	3.30e-35	4.55e-27	9.06e-20	4.65e-13	3.40e-07	8.22e-01	1.78e-01	1.31e-04
 2.12587e+13	0.00e+00	5.93e-27	1.12e-19	5.45e-13	3.73e-07	8.33e-01	1.67e-01	1.13e-04
 2.19382e+13	6.09e-35	7.62e-27	1.38e-19	6.36e-13	4.08e-07	8.43e-01	1.56e-01	9.84e-05
 2.24572e+13	0.00e+00	9.17e-27	1.60e-19	7.12e-13	4.36e-07	8.51e-01	1.49e-01	8.86e-05
 2.29803e+13	9.41e-35	1.10e-26	1.85e-19	7.95e-13	4.65e-07	8.58e-01	1.42e-01	8.00e-05
 2.36605e+13	0.00e+00	1.38e-26	2.23e-19	9.14e-13	5.04e-07	8.66e-01	1.34e-01	7.01e-05
 2.43874e+13	1.62e-34	1.74e-26	2.70e-19	1.06e-12	5.49e-07	8.75e-01	1.25e-01	6.10e-05
 2.50247e+13	2.05e-34	2.12e-26	3.18e-19	1.19e-12	5.89e-07	8.81e-01	1.19e-01	5.42e-05
 2.57028e+13	2.61e-34	2.60e-26	3.75e-19	1.35e-12	6.33e-07	8.88e-01	1.12e-01	4.80e-05
 2.65844e+13	3.53e-34	3.36e-26	4.63e-19	1.58e-12	6.93e-07	8.96e-01	1.04e-01	4.12e-05
 2.74898e+13	4.75e-34	4.31e-26	5.68e-19	1.85e-12	7.59e-07	9.03e-01	9.69e-02	3.53e-05
 2.82371e+13	6.02e-34	5.27e-26	6.69e-19	2.09e-12	8.14e-07	9.08e-01	9.15e-02	3.13e-05
 2.90194e+13	7.68e-34	6.46e-26	7.89e-19	2.36e-12	8.74e-07	9.14e-01	8.63e-02	2.77e-05
 3.00363e+13	1.04e-33	8.34e-26	9.72e-19	2.76e-12	9.54e-07	9.20e-01	8.01e-02	2.37e-05
 3.11249e+13	1.42e-33	1.08e-25	1.20e-18	3.23e-12	1.04e-06	9.26e-01	7.42e-02	2.02e-05
 3.20931e+13	1.87e-33	1.36e-25	1.44e-18	3.69e-12	1.13e-06	9.31e-01	6.95e-02	1.76e-05
 3.31383e+13	2.49e-33	1.73e-25	1.75e-18	4.25e-12	1.22e-06	9.35e-01	6.49e-02	1.53e-05
 3.44186e+13	3.48e-33	2.28e-25	2.19e-18	5.00e-12	1.34e-06	9.40e-01	5.99e-02	1.30e-05
 3.57471e+13	4.89e-33	3.03e-25	2.74e-18	5.88e-12	1.46e-06	9.45e-01	5.53e-02	1.10e-05
 3.69581e+13	6.60e-33	3.88e-25	3.34e-18	6.78e-12	1.58e-06	9.48e-01	5.16e-02	9.52e-06
 3.80198e+13	8.54e-33	4.80e-25	3.94e-18	7.64e-12	1.69e-06	9.51e-01	4.86e-02	8.44e-06
 3.91462e+13	1.12e-32	5.98e-25	4.69e-18	8.63e-12	1.80e-06	9.54e-01	4.58e-02	7.46e-06
 4.05935e+13	1.56e-32	7.87e-25	5.81e-18	1.00e-11	1.96e-06	9.57e-01	4.25e-02	6.42e-06
 4.20820e+13	2.16e-32	1.03e-24	7.18e-18	1.17e-11	2.12e-06	9.61e-01	3.94e-02	5.49e-06
 4.32823e+13	2.81e-32	1.28e-24	8.48e-18	1.31e-11	2.26e-06	9.63e-01	3.72e-02	4.90e-06
 4.44842e+13	3.64e-32	1.57e-24	9.97e-18	1.47e-11	2.40e-06	9.65e-01	3.52e-02	4.38e-06
 4.60466e+13	5.03e-32	2.05e-24	1.22e-17	1.69e-11	2.58e-06	9.67e-01	3.29e-02	3.80e-06
 4.77250e+13	7.01e-32	2.68e-24	1.51e-17	1.96e-11	2.79e-06	9.69e-01	3.05e-02	3.27e-06
 4.92086e+13	9.40e-32	3.40e-24	1.81e-17	2.22e-11	2.98e-06	9.71e-01	2.87e-02	2.89e-06
 5.07917e+13	1.27e-31	4.35e-24	2.18e-17	2.52e-11	3.19e-06	9.73e-01	2.70e-02	2.54e-06
 5.27352e+13	1.83e-31	5.82e-24	2.73e-17	2.93e-11	3.45e-06	9.75e-01	2.50e-02	2.19e-06
 5.47142e+13	2.58e-31	7.71e-24	3.39e-17	3.41e-11	3.73e-06	9.77e-01	2.32e-02	1.88e-06
 5.64876e+13	3.51e-31	9.88e-24	4.10e-17	3.88e-11	3.99e-06	9.78e-01	2.18e-02	1.65e-06
 5.84266e+13	4.86e-31	1.29e-23	5.00e-17	4.44e-11	4.27e-06	9.80e-01	2.04e-02	1.44e-06
 6.07279e+13	7.06e-31	1.74e-23	6.29e-17	5.19e-11	4.63e-06	9.81e-01	1.89e-02	1.24e-06
 6.30129e+13	1.00e-30	2.31e-23	7.83e-17	6.02e-11	5.00e-06	9.82e-01	1.75e-02	1.06e-06
 6.51155e+13	1.38e-30	2.98e-23	9.51e-17	6.87e-11	5.35e-06	9.84e-01	1.64e-02	9.33e-07
 6.71257e+13	1.85e-30	3.79e-23	1.14e-16	7.76e-11	5.70e-06	9.85e-01	1.55e-02	0.00e+00
 6.93960e+13	2.55e-30	4.90e-23	1.39e-16	8.87e-11	6.10e-06	9.86e-01	1.45e-02	0.00e+00
 7.19234e+13	3.58e-30	6.45e-23	1.71e-16	1.03e-10	6.58e-06	9.87e-01	1.34e-02	0.00e+00
 7.42900e+13	4.90e-30	8.31e-23	2.08e-16	1.17e-10	7.03e-06	9.87e-01	1.26e-02	0.00e+00
 7.64368e+13	6.46e-30	1.04e-22	2.46e-16	1.31e-10	7.45e-06	9.88e-01	1.19e-02	0.00e+00
 7.84189e+13	8.25e-30	1.27e-22	2.86e-16	1.45e-10	7.86e-06	9.89e-01	1.13e-02	0.00e+00
 8.06217e+13	1.07e-29	1.57e-22	3.37e-16	1.62e-10	8.32e-06	9.89e-01	1.07e-02	0.00e+00
 8.30856e+13	1.43e-29	1.98e-22	4.03e-16	1.83e-10	8.85e-06	9.90e-01	1.01e-02	0.00e+00
 8.54128e+13	1.86e-29	2.44e-22	4.74e-16	2.05e-10	9.39e-06	9.90e-01	9.50e-03	0.00e+00
 8.76261e+13	2.37e-29	2.98e-22	5.52e-16	2.27e-10	9.89e-06	9.91e-01	9.02e-03	0.00e+00
 9.01674e+13	3.12e-29	3.72e-22	6.54e-16	2.55e-10	1.05e-05	9.91e-01	8.51e-03	0.00e+00
 9.30350e+13	4.17e-29	4.71e-22	7.86e-16	2.89e-10	1.12e-05	9.92e-01	7.98e-03	0.00e+00
 9.57558e+13	5.52e-29	5.91e-22	9.33e-16	3.25e-10	1.19e-05	9.92e-01	7.53e-03	0.00e+00
 9.87220e+13	7.30e-29	7.43e-22	1.12e-15	3.68e-10	1.27e-05	9.93e-01	7.06e-03	0.00e+00
 1.02004e+14	1.00e-28	9.58e-22	1.35e-15	4.19e-10	1.36e-05	9.93e-01	6.61e-03	0.00e+00
 1.05085e+14	1.31e-28	1.20e-21	1.61e-15	4.73e-10	1.45e-05	9.94e-01	6.20e-03	0.00e+00
 1.08479e+14	1.77e-28	1.53e-21	1.95e-15	5.38e-10	1.55e-05	9.94e-01	5.81e-03	0.00e+00
 1.12283e+14	2.43e-28	1.98e-21	2.38e-15	6.19e-10	1.67e-05	9.95e-01	5.40e-03	0.00e+00
 1.15866e+14	3.27e-28	2.52e-21	2.87e-15	7.02e-10	1.78e-05	9.95e-01	5.06e-03	0.00e+00
 1.19771e+14	4.48e-28	3.25e-21	3.49e-15	8.03e-10	1.91e-05	9.95e-01	4.73e-03	0.00e+00
 1.24149e+14	6.18e-28	4.24e-21	4.31e-15	9.29e-10	2.06e-05	9.96e-01	4.38e-03	0.00e+00
 1.28246e+14	8.38e-28	5.43e-21	5.22e-15	1.06e-09	2.20e-05	9.96e-01	4.10e-03	0.00e+00
 1.32678e+14	1.15e-27	7.05e-21	6.37e-15	1.22e-09	2.37e-05	9.96e-01	3.82e-03	0.00e+00
 1.37627e+14	1.60e-27	9.22e-21	7.89e-15	1.41e-09	2.56e-05	9.96e-01	3.53e-03	0.00e+00
 1.42252e+14	2.18e-27	1.19e-20	9.59e-15	1.61e-09	2.74e-05	9.97e-01	3.30e-03	0.00e+00
 1.47266e+14	3.02e-27	1.55e-20	1.18e-14	1.85e-09	2.95e-05	9.97e-01	3.07e-03	0.00e+00
 1.52896e+14	4.21e-27	2.04e-20	1.47e-14	2.16e-09	3.20e-05	9.97e-01	2.83e-03	0.00e+00
 1.58213e+14	5.78e-27	2.64e-20	1.79e-14	2.48e-09	3.44e-05	9.97e-01	2.64e-03	0.00e+00
 1.63963e+14	8.11e-27	3.48e-20	2.21e-14	2.86e-09	3.70e-05	9.98e-01	2.45e-03	0.00e+00
 1.70415e+14	1.16e-26	4.65e-20	2.78e-14	3.34e-09	4.01e-05	9.98e-01	2.25e-03	0.00e+00
 1.76054e+14	1.56e-26	5.93e-20	3.37e-14	3.81e-09	4.30e-05	9.98e-01	2.10e-03	0.00e+00
 1.80346e+14	1.92e-26	7.08e-20	3.88e-14	4.20e-09	4.52e-05	9.98e-01	2.00e-03	0.00e+00
 1.84658e+14	2.39e-26	8.46e-20	4.46e-14	4.62e-09	4.75e-05	9.98e-01	1.90e-03	0.00e+00
 1.90264e+14	3.19e-26	1.07e-19	5.33e-14	5.21e-09	5.05e-05	9.98e-01	1.79e-03	0.00e+00
 1.96273e+14	4.19e-26	1.34e-19	6.40e-14	5.91e-09	5.40e-05	9.98e-01	1.68e-03	0.00e+00
 2.01536e+14	5.37e-26	1.64e-19	7.48e-14	6.57e-09	5.70e-05	9.98e-01	1.59e-03	0.00e+00
 2.07108e+14	6.93e-26	2.02e-19	8.80e-14	7.33e-09	6.02e-05	9.98e-01	1.50e-03	0.00e+00
 2.14352e+14	9.65e-26	2.64e-19	1.08e-13	8.41e-09	6.46e-05	9.99e-01	1.40e-03	0.00e+00
 2.21797e+14	1.31e-25	3.40e-19	1.32e-13	9.65e-09	6.94e-05	9.99e-01	1.30e-03	0.00e+00
 2.27936e+14	1.69e-25	4.20e-19	1.55e-13	1.08e-08	7.33e-05	9.99e-01	1.23e-03	0.00e+00
 2.34350e+14	2.22e-25	5.21e-19	1.83e-13	1.20e-08	7.76e-05	9.99e-01	1.17e-03	0.00e+00
 2.42689e+14	3.08e-25	6.82e-19	2.25e-13	1.38e-08	8.33e-05	9.99e-01	1.09e-03	0.00e+00
 2.51532e+14	4.24e-25	8.89e-19	2.79e-13	1.60e-08	8.96e-05	9.99e-01	1.01e-03	0.00e+00
 2.59247e+14	5.64e-25	1.12e-18	3.34e-13	1.80e-08	9.52e-05	9.99e-01	9.51e-04	0.00e+00
 2.67491e+14	7.61e-25	1.43e-18	4.03e-13	2.04e-08	1.01e-04	9.99e-01	8.93e-04	0.00e+00
 2.77609e+14	1.09e-24	1.92e-18	5.03e-13	2.37e-08	1.09e-04	9.99e-01	8.29e-04	0.00e+00
 2.87969e+14	1.52e-24	2.52e-18	6.26e-13	2.74e-08	1.18e-04	9.99e-01	7.69e-04	0.00e+00
 2.97304e+14	2.07e-24	3.24e-18	7.58e-13	3.11e-08	1.25e-04	9.99e-01	7.22e-04	0.00e+00
 3.07503e+14	2.88e-24	4.22e-18	9.27e-13	3.56e-08	1.34e-04	9.99e-01	6.76e-04	0.00e+00
 3.19548e+14	4.15e-24	5.68e-18	1.17e-12	4.15e-08	1.45e-04	9.99e-01	6.26e-04	0.00e+00
 3.31539e+14	5.88e-24	7.55e-18	1.46e-12	4.80e-08	1.55e-04	9.99e-01	5.82e-04	0.00e+00
 3.42780e+14	7.93e-24	9.69e-18	1.78e-12	5.49e-08	1.66e-04	9.99e-01	5.44e-04	0.00e+00
 3.55292e+14	1.12e-23	1.28e-17	2.20e-12	6.33e-08	1.78e-04	9.99e-01	5.07e-04	0.00e+00
 3.67299e+14	1.55e-23	1.67e-17	2.69e-12	7.22e-08	1.90e-04	9.99e-01	4.75e-04	0.00e+00
 3.76275e+14	1.94e-23	2.00e-17	3.11e-12	7.95e-08	2.00e-04	9.99e-01	4.52e-04	0.00e+00
 3.85360e+14	2.40e-23	2.39e-17	3.59e-12	8.74e-08	2.10e-04	9.99e-01	4.31e-04	0.00e+00
 3.97170e+14	3.21e-23	3.03e-17	4.30e-12	9.86e-08	2.22e-04	9.99e-01	4.06e-04	0.00e+00
 4.09951e+14	4.36e-23	3.88e-17	5.20e-12	1.12e-07	2.37e-04	9.99e-01	3.82e-04	0.00e+00
 4.21407e+14	5.64e-23	4.79e-17	6.13e-12	1.25e-07	2.50e-04	9.99e-01	3.61e-04	0.00e+00
 4.33710e+14	7.28e-23	5.93e-17	7.29e-12	1.40e-07	2.65e-04	9.99e-01	3.41e-04	0.00e+00
 4.49493e+14	1.03e-22	7.84e-17	9.03e-12	1.61e-07	2.84e-04	9.99e-01	3.18e-04	0.00e+00
 4.65485e+14	1.43e-22	1.03e-16	1.11e-11	1.86e-07	3.04e-04	9.99e-01	2.97e-04	0.00e+00
 4.78707e+14	1.85e-22	1.27e-16	1.32e-11	2.07e-07	3.22e-04	9.99e-01	2.80e-04	0.00e+00
 4.92639e+14	2.39e-22	1.57e-16	1.56e-11	2.33e-07	3.41e-04	9.99e-01	2.65e-04	0.00e+00
 5.10539e+14	3.38e-22	2.08e-16	1.94e-11	2.68e-07	3.66e-04	9.99e-01	2.47e-04	0.00e+00
 5.29445e+14	4.67e-22	2.72e-16	2.40e-11	3.10e-07	3.94e-04	9.99e-01	2.29e-04	0.00e+00
 5.45951e+14	6.23e-22	3.45e-16	2.89e-11	3.51e-07	4.18e-04	9.99e-01	2.15e-04	0.00e+00
 5.63493e+14	8.18e-22	4.34e-16	3.49e-11	3.98e-07	4.46e-04	9.99e-01	2.02e-04	0.00e+00
 5.84890e+14	1.17e-21	5.80e-16	4.36e-11	4.62e-07	4.80e-04	9.99e-01	1.88e-04	0.00e+00
 6.06246e+14	1.60e-21	7.54e-16	5.40e-11	5.33e-07	5.17e-04	9.99e-01	1.74e-04	0.00e+00
 6.24934e+14	2.10e-21	9.47e-16	6.46e-11	6.02e-07	5.50e-04	9.99e-01	1.64e-04	0.00e+00
 6.45209e+14	2.82e-21	1.21e-15	7.82e-11	6.84e-07	5.86e-04	9.99e-01	1.54e-04	0.00e+00
 6.69817e+14	3.90e-21	1.58e-15	9.77e-11	7.95e-07	6.33e-04	9.99e-01	1.42e-04	0.00e+00
 6.94387e+14	5.40e-21	2.07e-15	1.21e-10	9.18e-07	6.81e-04	9.99e-01	1.32e-04	0.00e+00
 7.16304e+14	7.16e-21	2.62e-15	1.46e-10	1.04e-06	7.26e-04	9.99e-01	1.24e-04	0.00e+00
 7.40439e+14	9.61e-21	3.35e-15	1.77e-10	1.19e-06	7.77e-04	9.99e-01	1.16e-04	0.00e+00
 7.69178e+14	1.34e-20	4.42e-15	2.22e-10	1.39e-06	8.41e-04	9.99e-01	1.07e-04	0.00e+00
 7.97486e+14	1.83e-20	5.75e-15	2.75e-10	1.60e-06	9.06e-04	9.99e-01	9.91e-05	0.00e+00
 8.21903e+14	2.40e-20	7.20e-15	3.29e-10	1.81e-06	9.63e-04	9.99e-01	9.32e-05	0.00e+00
 8.44258e+14	3.02e-20	8.74e-15	3.86e-10	2.01e-06	1.02e-03	9.99e-01	8.80e-05	0.00e+00
 8.66028e+14	3.78e-20	1.05e-14	4.49e-10	2.23e-06	1.07e-03	9.99e-01	8.35e-05	0.00e+00
 8.90457e+14	4.81e-20	1.29e-14	5.29e-10	2.50e-06	1.14e-03	9.99e-01	7.88e-05	0.00e+00
 9.17161e+14	6.21e-20	1.60e-14	6.30e-10	2.81e-06	1.21e-03	9.99e-01	7.40e-05	0.00e+00
 9.41456e+14	7.79e-20	1.93e-14	7.35e-10	3.12e-06	1.28e-03	9.99e-01	7.00e-05	0.00e+00
 9.67669e+14	9.89e-20	2.36e-14	8.64e-10	3.49e-06	1.35e-03	9.99e-01	6.62e-05	0.00e+00
 9.97179e+14	1.28e-19	2.94e-14	1.03e-09	3.94e-06	1.44e-03	9.98e-01	6.21e-05	0.00e+00
 1.02501e+15	1.62e-19	3.59e-14	1.21e-09	4.40e-06	1.53e-03	9.98e-01	5.86e-05	0.00e+00
 1.05523e+15	2.09e-19	4.44e-14	1.44e-09	4.95e-06	1.63e-03	9.98e-01	5.50e-05	0.00e+00
 1.08880e+15	2.73e-19	5.55e-14	1.73e-09	5.61e-06	1.73e-03	9.98e-01	5.15e-05	0.00e+00
 1.12026e+15	3.50e-19	6.84e-14	2.05e-09	6.29e-06	1.84e-03	9.98e-01	4.85e-05	0.00e+00
 1.15470e+15	4.55e-19	8.52e-14	2.45e-09	7.11e-06	1.96e-03	9.98e-01	4.55e-05	0.00e+00
 1.19332e+15	6.03e-19	1.08e-13	2.97e-09	8.12e-06	2.11e-03	9.98e-01	4.24e-05	0.00e+00
 1.22984e+15	7.83e-19	1.35e-13	3.55e-09	9.16e-06	2.24e-03	9.98e-01	3.97e-05	0.00e+00
 1.26977e+15	1.03e-18	1.69e-13	4.28e-09	1.04e-05	2.40e-03	9.98e-01	3.71e-05	0.00e+00
 1.31473e+15	1.37e-18	2.17e-13	5.25e-09	1.20e-05	2.58e-03	9.97e-01	3.45e-05	0.00e+00
 1.35790e+15	1.83e-18	2.75e-13	6.35e-09	1.37e-05	2.77e-03	9.97e-01	3.21e-05	0.00e+00
 1.40567e+15	2.43e-18	3.51e-13	7.78e-09	1.57e-05	2.98e-03	9.97e-01	2.98e-05	0.00e+00
 1.45894e+15	3.38e-18	4.61e-13	9.66e-09	1.82e-05	3.23e-03	9.97e-01	2.75e-05	0.00e+00
 1.50823e+15	4.51e-18	5.87e-13	1.18e-08	2.08e-05	3.46e-03	9.96e-01	2.56e-05	0.00e+00
 1.56117e+15	5.95e-18	7.46e-13	1.44e-08	2.39e-05	3.73e-03	9.96e-01	2.38e-05	0.00e+00
 1.62293e+15	8.41e-18	9.94e-13	1.81e-08	2.80e-05	4.05e-03	9.96e-01	2.18e-05	0.00e+00
 1.67399e+15	1.08e-17	1.23e-12	2.17e-08	3.17e-05	4.33e-03	9.96e-01	2.04e-05	0.00e+00
 1.70831e+15	1.30e-17	1.44e-12	2.44e-08	3.44e-05	4.53e-03	9.95e-01	1.95e-05	0.00e+00
 1.74303e+15	1.55e-17	1.66e-12	2.74e-08	3.73e-05	4.73e-03	9.95e-01	1.87e-05	0.00e+00
 1.78818e+15	1.92e-17	2.00e-12	3.19e-08	4.14e-05	5.00e-03	9.95e-01	1.77e-05	0.00e+00
 1.84686e+15	2.52e-17	2.51e-12	3.85e-08	4.72e-05	5.36e-03	9.95e-01	1.64e-05	0.00e+00
 1.90601e+15	3.23e-17	3.12e-12	4.63e-08	5.35e-05	5.74e-03	9.94e-01	1.53e-05	0.00e+00
 1.95305e+15	3.98e-17	3.72e-12	5.34e-08	5.91e-05	6.05e-03	9.94e-01	1.45e-05	0.00e+00
 2.00150e+15	4.89e-17	4.42e-12	6.16e-08	6.52e-05	6.39e-03	9.94e-01	1.38e-05	0.00e+00
 2.06449e+15	6.42e-17	5.55e-12	7.37e-08	7.39e-05	6.85e-03	9.93e-01	1.28e-05	0.00e+00
 2.13072e+15	8.37e-17	6.95e-12	8.87e-08	8.39e-05	7.33e-03	9.93e-01	1.20e-05	0.00e+00
 2.18762e+15	1.03e-16	8.31e-12	1.03e-07	9.33e-05	7.77e-03	9.92e-01	1.13e-05	0.00e+00
 2.24804e+15	1.28e-16	1.01e-11	1.21e-07	1.04e-04	8.26e-03	9.92e-01	1.06e-05	0.00e+00
 2.32658e+15	1.97e-16	1.30e-11	1.48e-07	1.20e-04	8.92e-03	9.91e-01	9.78e-06	0.00e+00
 2.40773e+15	2.61e-16	1.65e-11	1.81e-07	1.37e-04	9.63e-03	9.90e-01	9.05e-06	0.00e+00
 2.47554e+15	3.26e-16	2.00e-11	2.13e-07	1.54e-04	1.02e-02	9.90e-01	8.49e-06	0.00e+00
 2.54696e+15	4.04e-16	2.42e-11	2.51e-07	1.72e-04	1.09e-02	9.89e-01	7.95e-06	0.00e+00
 2.63908e+15	5.59e-16	3.15e-11	3.09e-07	1.99e-04	1.18e-02	9.88e-01	7.36e-06	0.00e+00
 2.73649e+15	7.45e-16	4.04e-11	3.82e-07	2.30e-04	1.29e-02	9.87e-01	6.84e-06	0.00e+00
 2.82168e+15	9.61e-16	5.01e-11	4.57e-07	2.60e-04	1.38e-02	9.86e-01	6.43e-06	0.00e+00
 2.91262e+15	1.26e-15	6.29e-11	5.50e-07	2.96e-04	1.48e-02	9.85e-01	6.03e-06	0.00e+00
 3.02331e+15	1.72e-15	8.18e-11	6.85e-07	3.44e-04	1.61e-02	9.84e-01	5.60e-06	0.00e+00
 3.13419e+15	2.31e-15	1.05e-10	8.47e-07	3.97e-04	1.75e-02	9.82e-01	5.21e-06	0.00e+00
 3.21890e+15	2.80e-15	1.26e-10	9.91e-07	4.42e-04	1.86e-02	9.81e-01	4.95e-06	0.00e+00
 3.28246e+15	3.40e-15	1.46e-10	1.11e-06	4.78e-04	1.95e-02	9.80e-01	4.77e-06	0.00e+00
 3.35247e+15	4.05e-15	1.70e-10	1.26e-06	5.20e-04	2.04e-02	9.79e-01	4.58e-06	0.00e+00
 3.44348e+15	4.98e-15	2.04e-10	1.48e-06	5.79e-04	2.17e-02	9.78e-01	4.35e-06	0.00e+00
 3.54228e+15	6.18e-15	2.47e-10	1.74e-06	6.49e-04	2.31e-02	9.76e-01	4.13e-06	0.00e+00
 3.63109e+15	7.91e-15	3.01e-10	2.02e-06	7.17e-04	2.45e-02	9.75e-01	3.96e-06	0.00e+00
 3.72646e+15	9.51e-15	3.57e-10	2.36e-06	7.95e-04	2.60e-02	9.73e-01	3.78e-06	0.00e+00
 3.85043e+15	1.29e-14	4.59e-10	2.87e-06	9.07e-04	2.80e-02	9.71e-01	3.57e-06	0.00e+00
 3.97405e+15	1.68e-14	5.75e-10	3.47e-06	1.03e-03	3.01e-02	9.69e-01	3.39e-06	0.00e+00
 4.07066e+15	2.05e-14	6.84e-10	4.01e-06	1.13e-03	3.18e-02	9.67e-01	3.27e-06	0.00e+00
 4.16972e+15	2.45e-14	8.03e-10	4.63e-06	1.25e-03	3.36e-02	9.65e-01	3.15e-06	0.00e+00
 4.29849e+15	3.27e-14	1.02e-09	5.57e-06	1.41e-03	3.60e-02	9.63e-01	3.01e-06	0.00e+00
 4.43566e+15	4.25e-14	1.28e-09	6.73e-06	1.60e-03	3.87e-02	9.60e-01	2.88e-06	0.00e+00
 4.55644e+15	5.28e-14	1.55e-09	7.91e-06	1.78e-03	4.10e-02	9.57e-01	2.77e-06	0.00e+00
 4.68614e+15	6.76e-14	1.91e-09	9.39e-06	1.99e-03	4.38e-02	9.54e-01	2.68e-06	0.00e+00
 4.85465e+15	9.04e-14	2.46e-09	1.16e-05	2.30e-03	4.73e-02	9.50e-01	2.56e-06	0.00e+00
 5.02952e+15	1.24e-13	3.22e-09	1.45e-05	2.65e-03	5.13e-02	9.46e-01	2.47e-06	0.00e+00
 5.17751e+15	1.54e-13	3.93e-09	1.72e-05	2.97e-03	5.46e-02	9.42e-01	2.39e-06	0.00e+00
 5.33466e+15	2.08e-13	5.01e-09	2.08e-05	3.36e-03	5.85e-02	9.38e-01	2.34e-06	0.00e+00
 5.53197e+15	2.86e-13	6.60e-09	2.60e-05	3.88e-03	6.34e-02	9.33e-01	2.27e-06	0.00e+00
 5.73552e+15	3.90e-13	8.64e-09	3.25e-05	4.49e-03	6.87e-02	9.27e-01	2.20e-06	0.00e+00
 5.88962e+15	4.93e-13	1.06e-08	3.82e-05	4.99e-03	7.27e-02	9.22e-01	2.17e-06	0.00e+00
 6.00150e+15	5.82e-13	1.22e-08	4.29e-05	5.38e-03	7.58e-02	9.19e-01	2.15e-06	0.00e+00
 6.12306e+15	6.97e-13	1.42e-08	4.86e-05	5.83e-03	7.92e-02	9.15e-01	2.12e-06	0.00e+00
 6.28108e+15	8.71e-13	1.72e-08	5.70e-05	6.46e-03	8.37e-02	9.10e-01	2.09e-06	0.00e+00
 6.45607e+15	1.10e-12	2.11e-08	6.77e-05	7.21e-03	8.88e-02	9.04e-01	2.06e-06	0.00e+00
 6.61643e+15	1.39e-12	2.57e-08	7.88e-05	7.96e-03	9.36e-02	8.98e-01	2.05e-06	0.00e+00
 6.78822e+15	1.70e-12	3.08e-08	9.24e-05	8.82e-03	9.87e-02	8.92e-01	2.02e-06	0.00e+00
 7.01154e+15	2.37e-12	4.04e-08	1.14e-04	1.01e-02	1.06e-01	8.84e-01	2.01e-06	0.00e+00
 7.23279e+15	3.01e-12	5.03e-08	1.37e-04	1.14e-02	1.13e-01	8.76e-01	1.99e-06	0.00e+00
 7.40293e+15	3.72e-12	6.04e-08	1.59e-04	1.25e-02	1.19e-01	8.69e-01	1.98e-06	0.00e+00
 7.57572e+15	4.77e-12	7.37e-08	1.85e-04	1.37e-02	1.25e-01	8.61e-01	1.99e-06	0.00e+00
 7.80033e+15	6.05e-12	9.11e-08	2.21e-04	1.54e-02	1.32e-01	8.52e-01	1.97e-06	0.00e+00
 8.04161e+15	8.35e-12	1.19e-07	2.70e-04	1.74e-02	1.41e-01	8.41e-01	1.98e-06	0.00e+00
 8.25220e+15	1.06e-11	1.45e-07	3.17e-04	1.93e-02	1.49e-01	8.32e-01	1.98e-06	0.00e+00
 8.47363e+15	1.34e-11	1.78e-07	3.75e-04	2.15e-02	1.57e-01	8.21e-01	1.97e-06	0.00e+00
 8.76149e+15	1.88e-11	2.35e-07	4.66e-04	2.46e-02	1.68e-01	8.07e-01	1.98e-06	0.00e+00
 9.04924e+15	2.43e-11	2.97e-07	5.68e-04	2.79e-02	1.78e-01	7.93e-01	1.96e-06	0.00e+00
 9.28283e+15	3.09e-11	3.63e-07	6.69e-04	3.08e-02	1.87e-01	7.81e-01	1.96e-06	0.00e+00
 9.53248e+15	3.98e-11	4.50e-07	7.94e-04	3.43e-02	1.97e-01	7.68e-01	1.96e-06	0.00e+00
 9.85702e+15	5.81e-11	6.11e-07	9.92e-04	3.94e-02	2.11e-01	7.49e-01	1.97e-06	0.00e+00
 1.01769e+16	7.72e-11	7.80e-07	1.21e-03	4.45e-02	2.23e-01	7.31e-01	1.95e-06	0.00e+00
 1.04252e+16	9.84e-11	9.57e-07	1.42e-03	4.91e-02	2.33e-01	7.16e-01	1.96e-06	0.00e+00
 1.06822e+16	1.26e-10	1.17e-06	1.67e-03	5.41e-02	2.44e-01	7.01e-01	1.96e-06	0.00e+00
 1.09476e+16	1.58e-10	1.43e-06	1.95e-03	5.95e-02	2.54e-01	6.84e-01	1.95e-06	0.00e+00
 1.11816e+16	1.90e-10	1.68e-06	2.24e-03	6.46e-02	2.63e-01	6.70e-01	1.94e-06	0.00e+00
 1.14434e+16	2.51e-10	2.09e-06	2.63e-03	7.11e-02	2.74e-01	6.52e-01	1.93e-06	0.00e+00
 1.17091e+16	3.09e-10	2.51e-06	3.04e-03	7.76e-02	2.84e-01	6.35e-01	1.91e-06	0.00e+00
 1.19799e+16	3.80e-10	3.00e-06	3.54e-03	8.49e-02	2.94e-01	6.17e-01	1.90e-06	0.00e+00
 1.22766e+16	5.11e-10	3.81e-06	4.20e-03	9.37e-02	3.06e-01	5.96e-01	1.89e-06	0.00e+00
 1.25373e+16	6.27e-10	4.53e-06	4.82e-03	1.02e-01	3.16e-01	5.78e-01	1.87e-06	0.00e+00
 1.28068e+16	7.78e-10	5.43e-06	5.58e-03	1.11e-01	3.25e-01	5.59e-01	1.84e-06	0.00e+00
 1.31079e+16	9.64e-10	6.55e-06	6.52e-03	1.21e-01	3.35e-01	5.38e-01	1.81e-06	0.00e+00
 1.34048e+16	1.28e-09	8.24e-06	7.67e-03	1.32e-01	3.46e-01	5.14e-01	1.79e-06	0.00e+00
 1.36853e+16	1.61e-09	9.94e-06	8.87e-03	1.43e-01	3.54e-01	4.94e-01	1.77e-06	0.00e+00
 1.39899e+16	2.02e-09	1.21e-05	1.04e-02	1.56e-01	3.62e-01	4.71e-01	1.73e-06	0.00e+00
 1.43194e+16	2.53e-09	1.47e-05	1.22e-02	1.71e-01	3.70e-01	4.47e-01	1.69e-06	0.00e+00
 1.46133e+16	3.39e-09	1.85e-05	1.43e-02	1.85e-01	3.78e-01	4.22e-01	1.66e-06	0.00e+00
 1.48759e+16	4.17e-09	2.19e-05	1.63e-02	1.99e-01	3.83e-01	4.02e-01	1.63e-06	0.00e+00
 1.51659e+16	5.26e-09	2.66e-05	1.89e-02	2.14e-01	3.88e-01	3.79e-01	1.58e-06	0.00e+00
 1.54883e+16	6.47e-09	3.18e-05	2.20e-02	2.32e-01	3.91e-01	3.55e-01	1.54e-06	0.00e+00
 1.57779e+16	8.42e-09	3.93e-05	2.55e-02	2.49e-01	3.94e-01	3.32e-01	1.49e-06	0.00e+00
 1.60215e+16	1.05e-08	4.70e-05	2.89e-02	2.64e-01	3.95e-01	3.12e-01	1.46e-06	0.00e+00
 1.62364e+16	1.26e-08	5.45e-05	3.22e-02	2.78e-01	3.95e-01	2.95e-01	1.43e-06	0.00e+00
 1.64716e+16	1.53e-08	6.37e-05	3.64e-02	2.94e-01	3.94e-01	2.76e-01	1.39e-06	0.00e+00
 1.67773e+16	1.99e-08	7.90e-05	4.26e-02	3.15e-01	3.90e-01	2.52e-01	1.34e-06	0.00e+00
 1.70801e+16	2.59e-08	9.78e-05	4.97e-02	3.36e-01	3.85e-01	2.29e-01	1.29e-06	0.00e+00
 1.73032e+16	3.08e-08	1.13e-04	5.55e-02	3.52e-01	3.80e-01	2.12e-01	1.25e-06	0.00e+00
 1.75170e+16	3.74e-08	1.32e-04	6.22e-02	3.68e-01	3.74e-01	1.96e-01	1.21e-06	0.00e+00
 1.77541e+16	4.66e-08	1.58e-04	7.05e-02	3.86e-01	3.65e-01	1.78e-01	1.16e-06	0.00e+00
 1.79684e+16	5.78e-08	1.87e-04	7.91e-02	4.02e-01	3.56e-01	1.62e-01	1.12e-06	0.00e+00
 1.81548e+16	7.05e-08	2.18e-04	8.77e-02	4.17e-01	3.47e-01	1.48e-01	1.08e-06	0.00e+00
 1.83305e+16	8.52e-08	2.52e-04	9.67e-02	4.30e-01	3.38e-01	1.35e-01	1.05e-06	0.00e+00
 1.85317e+16	1.05e-07	2.98e-04	1.08e-01	4.46e-01	3.25e-01	1.21e-01	9.97e-07	0.00e+00
 1.87412e+16	1.41e-07	3.70e-04	1.22e-01	4.61e-01	3.10e-01	1.06e-01	0.00e+00	0.00e+00
 1.89064e+16	1.65e-07	4.19e-04	1.34e-01	4.72e-01	2.98e-01	9.52e-02	0.00e+00	0.00e+00
 1.90662e+16	2.10e-07	5.02e-04	1.48e-01	4.84e-01	2.84e-01	8.41e-02	0.00e+00	0.00e+00
 1.92338e+16	2.46e-07	5.70e-04	1.62e-01	4.94e-01	2.69e-01	7.44e-02	0.00e+00	0.00e+00
 1.93813e+16	3.14e-07	6.81e-04	1.77e-01	5.02e-01	2.55e-01	6.50e-02	0.00e+00	0.00e+00
 1.95112e+16	3.76e-07	7.79e-04	1.92e-01	5.09e-01	2.42e-01	5.75e-02	0.00e+00	0.00e+00
 1.96267e+16	4.56e-07	8.96e-04	2.06e-01	5.14e-01	2.29e-01	5.08e-02	0.00e+00	0.00e+00
 1.97304e+16	5.24e-07	9.93e-04	2.19e-01	5.17e-01	2.17e-01	4.56e-02	0.00e+00	0.00e+00
 1.98403e+16	5.80e-07	1.08e-03	2.32e-01	5.21e-01	2.05e-01	4.06e-02	0.00e+00	0.00e+00
 1.99832e+16	6.99e-07	1.24e-03	2.52e-01	5.24e-01	1.89e-01	3.42e-02	0.00e+00	0.00e+00
 2.01262e+16	9.26e-07	1.52e-03	2.75e-01	5.25e-01	1.71e-01	2.77e-02	0.00e+00	0.00e+00
 2.02227e+16	1.09e-06	1.71e-03	2.91e-01	5.24e-01	1.59e-01	2.40e-02	0.00e+00	0.00e+00
 2.02790e+16	1.22e-06	1.85e-03	3.01e-01	5.23e-01	1.52e-01	2.18e-02	0.00e+00	0.00e+00
 2.03298e+16	1.33e-06	1.97e-03	3.10e-01	5.22e-01	1.46e-01	1.99e-02	0.00e+00	0.00e+00
 2.03959e+16	1.43e-06	2.08e-03	3.21e-01	5.21e-01	1.38e-01	1.80e-02	0.00e+00	0.00e+00
 2.04817e+16	1.75e-06	2.39e-03	3.39e-01	5.17e-01	1.26e-01	1.51e-02	0.00e+00	0.00e+00
 2.05563e+16	1.94e-06	2.58e-03	3.52e-01	5.15e-01	1.18e-01	1.32e-02	0.00e+00	0.00e+00
 2.06061e+16	2.13e-06	2.76e-03	3.62e-01	5.12e-01	1.12e-01	1.19e-02	0.00e+00	0.00e+00
 2.06606e+16	2.36e-06	2.97e-03	3.72e-01	5.09e-01	1.05e-01	1.06e-02	0.00e+00	0.00e+00
 2.07314e+16	2.72e-06	3.28e-03	3.87e-01	5.04e-01	9.67e-02	8.95e-03	0.00e+00	0.00e+00
 2.08000e+16	2.95e-06	3.49e-03	4.00e-01	4.99e-01	8.96e-02	7.76e-03	0.00e+00	0.00e+00
 2.08654e+16	3.34e-06	3.80e-03	4.13e-01	4.94e-01	8.22e-02	6.59e-03	0.00e+00	0.00e+00
 2.09325e+16	3.79e-06	4.16e-03	4.27e-01	4.88e-01	7.51e-02	5.54e-03	0.00e+00	0.00e+00
 2.09863e+16	4.24e-06	4.50e-03	4.39e-01	4.82e-01	6.96e-02	4.78e-03	0.00e+00	0.00e+00
 2.10327e+16	4.67e-06	4.81e-03	4.49e-01	4.77e-01	6.50e-02	4.18e-03	0.00e+00	0.00e+00
 2.10849e+16	5.16e-06	5.16e-03	4.60e-01	4.71e-01	5.99e-02	3.58e-03	0.00e+00	0.00e+00
 2.11527e+16	6.13e-06	5.80e-03	4.76e-01	4.62e-01	5.34e-02	2.86e-03	0.00e+00	0.00e+00
 2.12162e+16	6.94e-06	6.32e-03	4.90e-01	4.53e-01	4.81e-02	2.35e-03	0.00e+00	0.00e+00
 2.12639e+16	7.43e-06	6.65e-03	4.99e-01	4.48e-01	4.46e-02	2.04e-03	0.00e+00	0.00e+00
 2.13157e+16	8.25e-06	7.14e-03	5.10e-01	4.41e-01	4.06e-02	1.71e-03	0.00e+00	0.00e+00
 2.13831e+16	9.76e-06	8.01e-03	5.25e-01	4.30e-01	3.56e-02	1.32e-03	0.00e+00	0.00e+00
 2.14498e+16	1.11e-05	8.76e-03	5.39e-01	4.20e-01	3.15e-02	1.05e-03	0.00e+00	0.00e+00
 2.15061e+16	1.25e-05	9.51e-03	5.51e-01	4.11e-01	2.82e-02	8.47e-04	0.00e+00	0.00e+00
 2.15698e+16	1.42e-05	1.04e-02	5.64e-01	4.01e-01	2.48e-02	6.63e-04	0.00e+00	0.00e+00
 2.16527e+16	1.70e-05	1.17e-02	5.80e-01	3.87e-01	2.08e-02	4.77e-04	0.00e+00	0.00e+00
 2.17368e+16	2.01e-05	1.31e-02	5.96e-01	3.73e-01	1.75e-02	3.42e-04	0.00e+00	0.00e+00
 2.17939e+16	2.27e-05	1.42e-02	6.07e-01	3.63e-01	1.55e-02	2.73e-04	0.00e+00	0.00e+00
 2.18304e+16	2.44e-05	1.50e-02	6.14e-01	3.57e-01	1.43e-02	2.35e-04	0.00e+00	0.00e+00
 2.18690e+16	2.64e-05	1.58e-02	6.21e-01	3.50e-01	1.32e-02	2.00e-04	0.00e+00	0.00e+00
 2.19192e+16	2.93e-05	1.70e-02	6.30e-01	3.41e-01	1.17e-02	1.61e-04	0.00e+00	0.00e+00
 2.19845e+16	3.36e-05	1.86e-02	6.42e-01	3.29e-01	1.01e-02	1.22e-04	0.00e+00	0.00e+00
 2.20506e+16	3.84e-05	2.03e-02	6.53e-01	3.18e-01	8.74e-03	9.23e-05	0.00e+00	0.00e+00
 2.21039e+16	4.29e-05	2.19e-02	6.62e-01	3.08e-01	7.74e-03	7.36e-05	0.00e+00	0.00e+00
 2.21594e+16	4.81e-05	2.37e-02	6.71e-01	2.99e-01	6.80e-03	5.77e-05	0.00e+00	0.00e+00
 2.22315e+16	5.58e-05	2.62e-02	6.82e-01	2.86e-01	5.74e-03	4.20e-05	0.00e+00	0.00e+00
 2.23033e+16	6.49e-05	2.90e-02	6.93e-01	2.73e-01	4.86e-03	3.09e-05	0.00e+00	0.00e+00
 2.23580e+16	7.30e-05	3.13e-02	7.01e-01	2.63e-01	4.27e-03	2.43e-05	0.00e+00	0.00e+00
 2.24126e+16	8.18e-05	3.38e-02	7.09e-01	2.54e-01	3.74e-03	1.91e-05	0.00e+00	0.00e+00
 2.24835e+16	9.51e-05	3.74e-02	7.18e-01	2.41e-01	3.15e-03	1.39e-05	0.00e+00	0.00e+00
 2.25552e+16	1.11e-04	4.15e-02	7.28e-01	2.28e-01	2.64e-03	1.01e-05	0.00e+00	0.00e+00
 2.26106e+16	1.26e-04	4.51e-02	7.34e-01	2.18e-01	2.31e-03	7.90e-06	0.00e+00	0.00e+00
 2.26580e+16	1.40e-04	4.83e-02	7.40e-01	2.10e-01	2.05e-03	6.38e-06	0.00e+00	0.00e+00
 2.27119e+16	1.58e-04	5.24e-02	7.45e-01	2.00e-01	1.78e-03	4.97e-06	0.00e+00	0.00e+00
 2.27821e+16	1.85e-04	5.82e-02	7.52e-01	1.88e-01	1.48e-03	3.60e-06	0.00e+00	0.00e+00
 2.28523e+16	2.17e-04	6.48e-02	7.58e-01	1.76e-01	1.24e-03	2.62e-06	0.00e+00	0.00e+00
 2.29061e+16	2.49e-04	7.08e-02	7.61e-01	1.66e-01	1.07e-03	2.02e-06	0.00e+00	0.00e+00
 2.29507e+16	2.77e-04	7.60e-02	7.64e-01	1.59e-01	9.43e-04	1.64e-06	0.00e+00	0.00e+00
 2.29998e+16	3.12e-04	8.23e-02	7.66e-01	1.50e-01	8.19e-04	1.29e-06	0.00e+00	0.00e+00
 2.30637e+16	3.65e-04	9.13e-02	7.68e-01	1.40e-01	6.81e-04	9.42e-07	0.00e+00	0.00e+00
 2.31287e+16	4.32e-04	1.02e-01	7.68e-01	1.29e-01	5.63e-04	0.00e+00	0.00e+00	0.00e+00
 2.31796e+16	4.96e-04	1.12e-01	7.67e-01	1.20e-01	4.80e-04	0.00e+00	0.00e+00	0.00e+00
 2.32217e+16	5.56e-04	1.20e-01	7.66e-01	1.13e-01	4.20e-04	0.00e+00	0.00e+00	0.00e+00
 2.32681e+16	6.29e-04	1.30e-01	7.63e-01	1.06e-01	3.61e-04	0.00e+00	0.00e+00	0.00e+00
 2.33283e+16	7.44e-04	1.45e-01	7.58e-01	9.62e-02	2.94e-04	0.00e+00	0.00e+00	0.00e+00
 2.33895e+16	8.91e-04	1.63e-01	7.49e-01	8.66e-02	2.37e-04	0.00e+00	0.00e+00	0.00e+00
 2.34366e+16	1.03e-03	1.79e-01	7.41e-01	7.93e-02	1.99e-04	0.00e+00	0.00e+00	0.00e+00
 2.34758e+16	1.16e-03	1.93e-01	7.32e-01	7.35e-02	1.71e-04	0.00e+00	0.00e+00	0.00e+00
 2.35200e+16	1.33e-03	2.10e-01	7.22e-01	6.70e-02	1.43e-04	0.00e+00	0.00e+00	0.00e+00
 2.35775e+16	1.59e-03	2.35e-01	7.05e-01	5.89e-02	1.12e-04	0.00e+00	0.00e+00	0.00e+00
 2.36362e+16	1.93e-03	2.65e-01	6.82e-01	5.08e-02	8.62e-05	0.00e+00	0.00e+00	0.00e+00
 2.36825e+16	2.27e-03	2.92e-01	6.61e-01	4.47e-02	6.90e-05	0.00e+00	0.00e+00	0.00e+00
 2.37285e+16	2.65e-03	3.21e-01	6.37e-01	3.90e-02	5.45e-05	0.00e+00	0.00e+00	0.00e+00
 2.37883e+16	3.25e-03	3.63e-01	6.02e-01	3.21e-02	3.93e-05	0.00e+00	0.00e+00	0.00e+00
 2.38489e+16	4.07e-03	4.13e-01	5.58e-01	2.55e-02	2.71e-05	0.00e+00	0.00e+00	0.00e+00
 2.38947e+16	4.88e-03	4.55e-01	5.19e-01	2.09e-02	1.99e-05	0.00e+00	0.00e+00	0.00e+00
 2.39309e+16	5.61e-03	4.91e-01	4.85e-01	1.75e-02	1.52e-05	0.00e+00	0.00e+00	0.00e+00
 2.39705e+16	6.53e-03	5.31e-01	4.48e-01	1.43e-02	1.12e-05	0.00e+00	0.00e+00	0.00e+00
 2.40219e+16	7.94e-03	5.86e-01	3.96e-01	1.06e-02	7.21e-06	0.00e+00	0.00e+00	0.00e+00
 2.40703e+16	9.72e-03	6.42e-01	3.40e-01	7.59e-03	4.48e-06	0.00e+00	0.00e+00	0.00e+00
 2.41014e+16	1.11e-02	6.80e-01	3.03e-01	5.93e-03	3.17e-06	0.00e+00	0.00e+00	0.00e+00
 2.41238e+16	1.22e-02	7.06e-01	2.77e-01	4.92e-03	2.45e-06	0.00e+00	0.00e+00	0.00e+00
 2.41483e+16	1.35e-02	7.33e-01	2.49e-01	3.95e-03	1.81e-06	0.00e+00	0.00e+00	0.00e+00
 2.41801e+16	1.54e-02	7.67e-01	2.15e-01	2.92e-03	1.20e-06	0.00e+00	0.00e+00	0.00e+00
 2.42138e+16	1.79e-02	8.02e-01	1.78e-01	2.03e-03	7.42e-07	0.00e+00	0.00e+00	0.00e+00
 2.42410e+16	2.02e-02	8.29e-01	1.50e-01	1.46e-03	0.00e+00	0.00e+00	0.00e+00	0.00e+00
 2.42624e+16	2.23e-02	8.47e-01	1.30e-01	1.11e-03	0.00e+00	0.00e+00	0.00e+00	0.00e+00
 2.42849e+16	2.47e-02	8.64e-01	1.10e-01	8.16e-04	0.00e+00	0.00e+00	0.00e+00	0.00e+00
 2.43142e+16	2.81e-02	8.83e-01	8.79e-02	5.35e-04	0.00e+00	0.00e+00	0.00e+00	0.00e+00
 2.43437e+16	3.24e-02	9.00e-01	6.75e-02	3.32e-04	0.00e+00	0.00e+00	0.00e+00	0.00e+00
 2.43658e+16	3.62e-02	9.09e-01	5.43e-02	2.24e-04	0.00e+00	0.00e+00	0.00e+00	0.00e+00
 2.43831e+16	3.95e-02	9.15e-01	4.53e-02	1.61e-04	0.00e+00	0.00e+00	0.00e+00	0.00e+00
 2.44021e+16	4.33e-02	9.20e-01	3.70e-02	1.12e-04	0.00e+00	0.00e+00	0.00e+00	0.00e+00
 2.44235e+16	4.84e-02	9.23e-01	2.90e-02	7.22e-05	0.00e+00	0.00e+00	0.00e+00	0.00e+00
 2.44432e+16	5.37e-02	9.23e-01	2.27e-02	4.70e-05	0.00e+00	0.00e+00	0.00e+00	0.00e+00
 2.44598e+16	5.87e-02	9.23e-01	1.83e-02	3.21e-05	0.00e+00	0.00e+00	0.00e+00	0.00e+00
 2.44748e+16	6.36e-02	9.21e-01	1.50e-02	2.24e-05	0.00e+00	0.00e+00	0.00e+00	0.00e+00
 2.44912e+16	6.96e-02	9.18e-01	1.19e-02	1.50e-05	0.00e+00	0.00e+00	0.00e+00	0.00e+00
 2.45085e+16	7.60e-02	9.15e-01	9.30e-03	9.66e-06	0.00e+00	0.00e+00	0.00e+00	0.00e+00
 2.45236e+16	8.25e-02	9.10e-01	7.41e-03	6.49e-06	0.00e+00	0.00e+00	0.00e+00	0.00e+00
 2.45363e+16	8.84e-02	9.06e-01	6.08e-03	4.59e-06	0.00e+00	0.00e+00	0.00e+00	0.00e+00
 2.45478e+16	9.41e-02	9.01e-01	5.06e-03	3.34e-06	0.00e+00	0.00e+00	0.00e+00	0.00e+00
 2.45590e+16	9.99e-02	8.96e-01	4.23e-03	2.44e-06	0.00e+00	0.00e+00	0.00e+00	0.00e+00
 2.45699e+16	1.06e-01	8.91e-01	3.53e-03	1.79e-06	0.00e+00	0.00e+00	0.00e+00	0.00e+00
 2.45784e+16	1.10e-01	8.87e-01	3.07e-03	1.42e-06	0.00e+00	0.00e+00	0.00e+00	0.00e+00
 2.45837e+16	1.13e-01	8.84e-01	2.82e-03	1.22e-06	0.00e+00	0.00e+00	0.00e+00	0.00e+00
 2.45885e+16	1.16e-01	8.82e-01	2.59e-03	1.07e-06	0.00e+00	0.00e+00	0.00e+00	0.00e+00
 2.45943e+16	1.19e-01	8.78e-01	2.35e-03	9.02e-07	0.00e+00	0.00e+00	0.00e+00	0.00e+00
 2.46007e+16	1.23e-01	8.75e-01	2.11e-03	0.00e+00	0.00e+00	0.00e+00	0.00e+00	0.00e+00
 2.46069e+16	1.27e-01	8.71e-01	1.89e-03	0.00e+00	0.00e+00	0.00e+00	0.00e+00	0.00e+00
 2.46128e+16	1.31e-01	8.68e-01	1.71e-03	0.00e+00	0.00e+00	0.00e+00	0.00e+00	0.00e+00
 2.46186e+16	1.34e-01	8.64e-01	1.55e-03	0.00e+00	0.00e+00	0.00e+00	0.00e+00	0.00e+00
 2.46246e+16	1.38e-01	8.61e-01	1.40e-03	0.00e+00	0.00e+00	0.00e+00	0.00e+00	0.00e+00
 2.46305e+16	1.42e-01	8.57e-01	1.26e-03	0.00e+00	0.00e+00	0.00e+00	0.00e+00	0.00e+00
 2.46364e+16	1.45e-01	8.53e-01	1.13e-03	0.00e+00	0.00e+00	0.00e+00	0.00e+00	0.00e+00
 2.46424e+16	1.50e-01	8.49e-01	1.02e-03	0.00e+00	0.00e+00	0.00e+00	0.00e+00	0.00e+00
 2.46483e+16	1.54e-01	8.45e-01	9.22e-04	0.00e+00	0.00e+00	0.00e+00	0.00e+00	0.00e+00
 2.46544e+16	1.58e-01	8.42e-01	8.29e-04	0.00e+00	0.00e+00	0.00e+00	0.00e+00	0.00e+00
 2.46604e+16	1.62e-01	8.38e-01	7.47e-04	0.00e+00	0.00e+00	0.00e+00	0.00e+00	0.00e+00
 2.46664e+16	1.66e-01	8.33e-01	6.72e-04	0.00e+00	0.00e+00	0.00e+00	0.00e+00	0.00e+00
 2.46726e+16	1.70e-01	8.29e-01	6.05e-04	0.00e+00	0.00e+00	0.00e+00	0.00e+00	0.00e+00
 2.46788e+16	1.75e-01	8.25e-01	5.43e-04	0.00e+00	0.00e+00	0.00e+00	0.00e+00	0.00e+00
 2.46851e+16	1.79e-01	8.20e-01	4.89e-04	0.00e+00	0.00e+00	0.00e+00	0.00e+00	0.00e+00
 2.46915e+16	1.84e-01	8.16e-01	4.39e-04	0.00e+00	0.00e+00	0.00e+00	0.00e+00	0.00e+00
 2.46982e+16	1.89e-01	8.11e-01	3.93e-04	0.00e+00	0.00e+00	0.00e+00	0.00e+00	0.00e+00
 2.47048e+16	1.94e-01	8.06e-01	3.53e-04	0.00e+00	0.00e+00	0.00e+00	0.00e+00	0.00e+00
 2.47116e+16	1.98e-01	8.01e-01	3.18e-04	0.00e+00	0.00e+00	0.00e+00	0.00e+00	0.00e+00
 2.47187e+16	2.03e-01	7.96e-01	2.85e-04	0.00e+00	0.00e+00	0.00e+00	0.00e+00	0.00e+00
 2.47261e+16	2.09e-01	7.91e-01	2.55e-04	0.00e+00	0.00e+00	0.00e+00	0.00e+00	0.00e+00
 2.47335e+16	2.14e-01	7.85e-01	2.29e-04	0.00e+00	0.00e+00	0.00e+00	0.00e+00	0.00e+00
 2.47411e+16	2.20e-01	7.80e-01	2.07e-04	0.00e+00	0.00e+00	0.00e+00	0.00e+00	0.00e+00
 2.47490e+16	2.25e-01	7.75e-01	1.87e-04	0.00e+00	0.00e+00	0.00e+00	0.00e+00	0.00e+00
 2.47572e+16	2.31e-01	7.69e-01	1.70e-04	0.00e+00	0.00e+00	0.00e+00	0.00e+00	0.00e+00
 2.47660e+16	2.36e-01	7.64e-01	1.54e-04	0.00e+00	0.00e+00	0.00e+00	0.00e+00	0.00e+00
 2.47753e+16	2.42e-01	7.58e-01	1.40e-04	0.00e+00	0.00e+00	0.00e+00	0.00e+00	0.00e+00
