#depth	O	O+	O+2	O+3	O+4	O+5	O+6	O+7	O+8	O[1]	O[2]	O[3]
 1.49634e+10	0.00e+00	0.00e+00	0.00e+00	3.47e-27	3.82e-18	1.06e-09	8.59e-01	1.41e-01	3.82e-05	0.00e+00	0.00e+00	0.00e+00
 4.54887e+10	0.00e+00	0.00e+00	9.88e-37	4.45e-27	4.53e-18	1.15e-09	8.68e-01	1.32e-01	3.29e-05	0.00e+00	0.00e+00	0.00e+00
 7.72350e+10	0.00e+00	0.00e+00	0.00e+00	5.69e-27	5.35e-18	1.26e-09	8.77e-01	1.23e-01	2.83e-05	0.00e+00	0.00e+00	0.00e+00
 1.10251e+11	0.00e+00	0.00e+00	1.89e-36	7.27e-27	6.32e-18	1.38e-09	8.86e-01	1.14e-01	2.44e-05	0.00e+00	0.00e+00	0.00e+00
 1.40559e+11	0.00e+00	7.78e-47	2.52e-36	9.03e-27	7.33e-18	1.49e-09	8.93e-01	1.07e-01	2.14e-05	0.00e+00	0.00e+00	0.00e+00
 1.66401e+11	0.00e+00	0.00e+00	3.19e-36	1.08e-26	8.27e-18	1.59e-09	8.98e-01	1.02e-01	1.91e-05	0.00e+00	0.00e+00	0.00e+00
 1.94844e+11	0.00e+00	1.43e-46	4.10e-36	1.31e-26	9.41e-18	1.70e-09	9.04e-01	9.63e-02	1.70e-05	0.00e+00	0.00e+00	0.00e+00
 2.30101e+11	0.00e+00	0.00e+00	5.54e-36	1.64e-26	1.10e-17	1.84e-09	9.10e-01	9.00e-02	1.48e-05	0.00e+00	0.00e+00	0.00e+00
 2.66230e+11	0.00e+00	3.01e-46	7.46e-36	2.05e-26	1.28e-17	1.99e-09	9.16e-01	8.41e-02	1.28e-05	0.00e+00	0.00e+00	0.00e+00
 2.98399e+11	0.00e+00	0.00e+00	0.00e+00	2.49e-26	1.46e-17	2.13e-09	9.21e-01	7.93e-02	1.14e-05	0.00e+00	0.00e+00	0.00e+00
 3.33408e+11	0.00e+00	0.00e+00	1.26e-35	3.05e-26	1.67e-17	2.29e-09	9.25e-01	7.45e-02	9.99e-06	0.00e+00	0.00e+00	0.00e+00
 3.75223e+11	0.00e+00	8.53e-46	1.72e-35	3.86e-26	1.96e-17	2.49e-09	9.31e-01	6.94e-02	8.62e-06	0.00e+00	0.00e+00	0.00e+00
 4.16611e+11	0.00e+00	0.00e+00	0.00e+00	4.83e-26	2.28e-17	2.69e-09	9.35e-01	6.47e-02	7.48e-06	0.00e+00	0.00e+00	0.00e+00
 4.54011e+11	0.00e+00	0.00e+00	3.00e-35	5.86e-26	2.59e-17	2.88e-09	9.39e-01	6.09e-02	6.61e-06	0.00e+00	0.00e+00	0.00e+00
 4.95502e+11	0.00e+00	2.41e-45	3.95e-35	7.23e-26	2.99e-17	3.09e-09	9.43e-01	5.71e-02	5.78e-06	0.00e+00	0.00e+00	0.00e+00
 5.44296e+11	0.00e+00	0.00e+00	5.41e-35	9.16e-26	3.50e-17	3.36e-09	9.47e-01	5.30e-02	4.97e-06	0.00e+00	0.00e+00	0.00e+00
 5.92671e+11	0.00e+00	5.17e-45	7.30e-35	1.15e-25	4.08e-17	3.63e-09	9.51e-01	4.94e-02	4.30e-06	0.00e+00	0.00e+00	0.00e+00
 6.37996e+11	0.00e+00	0.00e+00	9.57e-35	1.41e-25	4.68e-17	3.89e-09	9.54e-01	4.63e-02	3.77e-06	0.00e+00	0.00e+00	0.00e+00
 6.88458e+11	0.00e+00	1.04e-44	1.28e-34	1.75e-25	5.42e-17	4.20e-09	9.57e-01	4.32e-02	3.27e-06	0.00e+00	0.00e+00	0.00e+00
 7.45923e+11	0.00e+00	0.00e+00	1.76e-34	2.23e-25	6.37e-17	4.56e-09	9.60e-01	4.00e-02	2.80e-06	0.00e+00	0.00e+00	0.00e+00
 8.00795e+11	0.00e+00	2.25e-44	2.37e-34	2.78e-25	7.39e-17	4.92e-09	9.63e-01	3.73e-02	2.42e-06	0.00e+00	0.00e+00	0.00e+00
 8.50348e+11	0.00e+00	0.00e+00	3.06e-34	3.38e-25	8.42e-17	5.25e-09	9.65e-01	3.50e-02	2.14e-06	0.00e+00	0.00e+00	0.00e+00
 9.05496e+11	0.00e+00	4.38e-44	4.04e-34	4.16e-25	9.68e-17	5.64e-09	9.67e-01	3.27e-02	1.86e-06	0.00e+00	0.00e+00	0.00e+00
 9.70363e+11	0.00e+00	0.00e+00	5.53e-34	5.27e-25	1.13e-16	6.11e-09	9.70e-01	3.03e-02	1.60e-06	0.00e+00	0.00e+00	0.00e+00
 1.03480e+12	0.00e+00	9.43e-44	7.46e-34	6.61e-25	1.32e-16	6.60e-09	9.72e-01	2.82e-02	1.38e-06	0.00e+00	0.00e+00	0.00e+00
 1.09535e+12	0.00e+00	0.00e+00	9.81e-34	8.11e-25	1.51e-16	7.08e-09	9.74e-01	2.64e-02	1.21e-06	0.00e+00	0.00e+00	0.00e+00
 1.15087e+12	0.00e+00	1.80e-43	1.25e-33	9.74e-25	1.71e-16	7.53e-09	9.75e-01	2.49e-02	1.07e-06	0.00e+00	0.00e+00	0.00e+00
 1.20228e+12	0.00e+00	0.00e+00	1.56e-33	1.15e-24	1.91e-16	7.96e-09	9.76e-01	2.36e-02	9.60e-07	0.00e+00	0.00e+00	0.00e+00
 1.26142e+12	0.00e+00	3.21e-43	1.99e-33	1.38e-24	2.16e-16	8.47e-09	9.78e-01	2.22e-02	0.00e+00	0.00e+00	0.00e+00	0.00e+00
 1.33570e+12	0.00e+00	0.00e+00	2.68e-33	1.73e-24	2.51e-16	9.14e-09	9.79e-01	2.06e-02	0.00e+00	0.00e+00	0.00e+00	0.00e+00
 1.41136e+12	0.00e+00	6.72e-43	3.59e-33	2.15e-24	2.91e-16	9.85e-09	9.81e-01	1.92e-02	0.00e+00	0.00e+00	0.00e+00	0.00e+00
 1.47707e+12	0.00e+00	0.00e+00	4.59e-33	2.59e-24	3.30e-16	1.05e-08	9.82e-01	1.81e-02	0.00e+00	0.00e+00	0.00e+00	0.00e+00
 1.54815e+12	0.00e+00	1.27e-42	5.96e-33	3.16e-24	3.76e-16	1.12e-08	9.83e-01	1.69e-02	0.00e+00	0.00e+00	0.00e+00	0.00e+00
 1.63505e+12	0.00e+00	0.00e+00	8.10e-33	3.98e-24	4.39e-16	1.21e-08	9.84e-01	1.57e-02	0.00e+00	0.00e+00	0.00e+00	0.00e+00
 1.72441e+12	0.00e+00	2.73e-42	1.10e-32	5.01e-24	5.13e-16	1.31e-08	9.85e-01	1.46e-02	0.00e+00	0.00e+00	0.00e+00	0.00e+00
 1.80703e+12	0.00e+00	0.00e+00	1.44e-32	6.14e-24	5.87e-16	1.40e-08	9.86e-01	1.36e-02	0.00e+00	0.00e+00	0.00e+00	0.00e+00
 1.89894e+12	0.00e+00	5.54e-42	1.94e-32	7.67e-24	6.82e-16	1.51e-08	9.87e-01	1.27e-02	0.00e+00	0.00e+00	0.00e+00	0.00e+00
 2.00482e+12	0.00e+00	0.00e+00	2.69e-32	9.82e-24	8.05e-16	1.64e-08	9.88e-01	1.17e-02	0.00e+00	0.00e+00	0.00e+00	0.00e+00
 2.11016e+12	0.00e+00	1.24e-41	3.69e-32	1.25e-23	9.44e-16	1.78e-08	9.89e-01	1.08e-02	0.00e+00	0.00e+00	0.00e+00	0.00e+00
 2.20209e+12	0.00e+00	0.00e+00	4.83e-32	1.53e-23	1.08e-15	1.91e-08	9.90e-01	1.01e-02	0.00e+00	0.00e+00	0.00e+00	0.00e+00
 2.28167e+12	0.00e+00	2.30e-41	6.05e-32	1.81e-23	1.21e-15	2.02e-08	9.90e-01	9.53e-03	0.00e+00	0.00e+00	0.00e+00	0.00e+00
 2.37141e+12	0.00e+00	0.00e+00	7.79e-32	2.19e-23	1.38e-15	2.15e-08	9.91e-01	8.95e-03	0.00e+00	0.00e+00	0.00e+00	0.00e+00
 2.48554e+12	0.00e+00	4.64e-41	1.06e-31	2.76e-23	1.61e-15	2.33e-08	9.92e-01	8.29e-03	0.00e+00	0.00e+00	0.00e+00	0.00e+00
 2.60241e+12	0.00e+00	0.00e+00	1.44e-31	3.48e-23	1.88e-15	2.52e-08	9.92e-01	7.67e-03	0.00e+00	0.00e+00	0.00e+00	0.00e+00
 2.70146e+12	0.00e+00	9.37e-41	1.86e-31	4.22e-23	2.14e-15	2.69e-08	9.93e-01	7.19e-03	0.00e+00	0.00e+00	0.00e+00	0.00e+00
 2.80632e+12	0.00e+00	0.00e+00	2.41e-31	5.15e-23	2.45e-15	2.88e-08	9.93e-01	6.73e-03	0.00e+00	0.00e+00	0.00e+00	0.00e+00
 2.93786e+12	0.00e+00	1.95e-40	3.33e-31	6.57e-23	2.88e-15	3.12e-08	9.94e-01	6.20e-03	0.00e+00	0.00e+00	0.00e+00	0.00e+00
 3.07126e+12	0.00e+00	0.00e+00	4.57e-31	8.35e-23	3.39e-15	3.39e-08	9.94e-01	5.72e-03	0.00e+00	0.00e+00	0.00e+00	0.00e+00
 3.18568e+12	0.00e+00	4.04e-40	5.97e-31	1.02e-22	3.88e-15	3.63e-08	9.95e-01	5.35e-03	0.00e+00	0.00e+00	0.00e+00	0.00e+00
 3.30826e+12	0.00e+00	0.00e+00	7.89e-31	1.26e-22	4.48e-15	3.91e-08	9.95e-01	4.98e-03	0.00e+00	0.00e+00	0.00e+00	0.00e+00
 3.46005e+12	0.00e+00	8.72e-40	1.11e-30	1.63e-22	5.33e-15	4.26e-08	9.95e-01	4.57e-03	0.00e+00	0.00e+00	0.00e+00	0.00e+00
 3.61097e+12	0.00e+00	0.00e+00	1.53e-30	2.10e-22	6.31e-15	4.64e-08	9.96e-01	4.20e-03	0.00e+00	0.00e+00	0.00e+00	0.00e+00
 3.73893e+12	0.00e+00	1.84e-39	2.01e-30	2.57e-22	7.26e-15	4.98e-08	9.96e-01	3.91e-03	0.00e+00	0.00e+00	0.00e+00	0.00e+00
 3.87588e+12	0.00e+00	0.00e+00	2.66e-30	3.19e-22	8.41e-15	5.37e-08	9.96e-01	3.63e-03	0.00e+00	0.00e+00	0.00e+00	0.00e+00
 4.04732e+12	0.00e+00	4.01e-39	3.75e-30	4.16e-22	1.01e-14	5.88e-08	9.97e-01	3.32e-03	0.00e+00	0.00e+00	0.00e+00	0.00e+00
 4.22194e+12	0.00e+00	0.00e+00	5.27e-30	5.39e-22	1.20e-14	6.44e-08	9.97e-01	3.04e-03	0.00e+00	0.00e+00	0.00e+00	0.00e+00
 4.37374e+12	0.00e+00	8.76e-39	7.03e-30	6.72e-22	1.40e-14	6.96e-08	9.97e-01	2.81e-03	0.00e+00	0.00e+00	0.00e+00	0.00e+00
 4.53752e+12	0.00e+00	0.00e+00	9.49e-30	8.47e-22	1.64e-14	7.55e-08	9.97e-01	2.60e-03	0.00e+00	0.00e+00	0.00e+00	0.00e+00
 4.73766e+12	0.00e+00	1.98e-38	1.35e-29	1.11e-21	1.98e-14	8.31e-08	9.98e-01	2.36e-03	0.00e+00	0.00e+00	0.00e+00	0.00e+00
 4.94089e+12	0.00e+00	0.00e+00	1.91e-29	1.45e-21	2.38e-14	9.14e-08	9.98e-01	2.15e-03	0.00e+00	0.00e+00	0.00e+00	0.00e+00
 5.10485e+12	0.00e+00	4.26e-38	2.51e-29	1.79e-21	2.75e-14	9.84e-08	9.98e-01	2.00e-03	0.00e+00	0.00e+00	0.00e+00	0.00e+00
 5.23907e+12	0.00e+00	0.00e+00	3.11e-29	2.12e-21	3.09e-14	1.04e-07	9.98e-01	1.88e-03	0.00e+00	0.00e+00	0.00e+00	0.00e+00
 5.39067e+12	0.00e+00	7.45e-38	3.93e-29	2.54e-21	3.50e-14	1.11e-07	9.98e-01	1.76e-03	0.00e+00	0.00e+00	0.00e+00	0.00e+00
 5.58775e+12	0.00e+00	0.00e+00	5.29e-29	3.19e-21	4.11e-14	1.21e-07	9.98e-01	1.63e-03	0.00e+00	0.00e+00	0.00e+00	0.00e+00
 5.80138e+12	0.00e+00	1.58e-37	7.21e-29	4.06e-21	4.86e-14	1.32e-07	9.99e-01	1.49e-03	0.00e+00	0.00e+00	0.00e+00	0.00e+00
 5.98658e+12	0.00e+00	0.00e+00	9.33e-29	4.95e-21	5.58e-14	1.42e-07	9.99e-01	1.39e-03	0.00e+00	0.00e+00	0.00e+00	0.00e+00
 6.15183e+12	0.00e+00	2.86e-37	1.17e-28	5.89e-21	6.30e-14	1.51e-07	9.99e-01	1.31e-03	0.00e+00	0.00e+00	0.00e+00	0.00e+00
 6.34108e+12	0.00e+00	0.00e+00	1.49e-28	7.13e-21	7.21e-14	1.62e-07	9.99e-01	1.22e-03	0.00e+00	0.00e+00	0.00e+00	0.00e+00
 6.58711e+12	0.00e+00	5.68e-37	2.03e-28	9.07e-21	8.53e-14	1.77e-07	9.99e-01	1.12e-03	0.00e+00	0.00e+00	0.00e+00	0.00e+00
 6.83971e+12	0.00e+00	0.00e+00	2.76e-28	1.15e-20	1.01e-13	1.93e-07	9.99e-01	1.03e-03	0.00e+00	0.00e+00	0.00e+00	0.00e+00
 7.04772e+12	0.00e+00	1.11e-36	3.51e-28	1.39e-20	1.15e-13	2.06e-07	9.99e-01	9.58e-04	0.00e+00	0.00e+00	0.00e+00	0.00e+00
 7.26497e+12	0.00e+00	0.00e+00	4.48e-28	1.67e-20	1.31e-13	2.21e-07	9.99e-01	8.94e-04	0.00e+00	0.00e+00	0.00e+00	0.00e+00
 7.54740e+12	0.00e+00	2.19e-36	6.09e-28	2.12e-20	1.55e-13	2.41e-07	9.99e-01	8.21e-04	0.00e+00	0.00e+00	0.00e+00	0.00e+00
 7.84153e+12	2.61e-45	3.19e-36	8.26e-28	2.69e-20	1.83e-13	2.63e-07	9.99e-01	7.53e-04	0.00e+00	0.00e+00	0.00e+00	0.00e+00
 8.09005e+12	0.00e+00	0.00e+00	1.06e-27	3.26e-20	2.10e-13	2.83e-07	9.99e-01	7.02e-04	0.00e+00	0.00e+00	0.00e+00	0.00e+00
 8.35231e+12	0.00e+00	5.91e-36	1.36e-27	3.97e-20	2.41e-13	3.04e-07	9.99e-01	6.53e-04	0.00e+00	0.00e+00	0.00e+00	0.00e+00
 8.68551e+12	8.62e-45	8.65e-36	1.86e-27	5.05e-20	2.86e-13	3.32e-07	9.99e-01	5.98e-04	0.00e+00	0.00e+00	0.00e+00	0.00e+00
 9.02925e+12	0.00e+00	0.00e+00	2.52e-27	6.41e-20	3.38e-13	3.62e-07	9.99e-01	5.48e-04	0.00e+00	0.00e+00	0.00e+00	0.00e+00
 9.32739e+12	0.00e+00	1.73e-35	3.26e-27	7.82e-20	3.89e-13	3.90e-07	9.99e-01	5.10e-04	0.00e+00	0.00e+00	0.00e+00	0.00e+00
 9.64796e+12	2.91e-44	2.39e-35	4.25e-27	9.61e-20	4.50e-13	4.21e-07	1.00e+00	4.73e-04	0.00e+00	0.00e+00	0.00e+00	0.00e+00
 1.00407e+13	0.00e+00	0.00e+00	5.81e-27	1.23e-19	5.34e-13	4.60e-07	1.00e+00	4.32e-04	0.00e+00	0.00e+00	0.00e+00	0.00e+00
 1.04410e+13	0.00e+00	5.10e-35	7.89e-27	1.56e-19	6.32e-13	5.03e-07	1.00e+00	3.96e-04	0.00e+00	0.00e+00	0.00e+00	0.00e+00
 1.08046e+13	1.07e-43	7.08e-35	1.03e-26	1.92e-19	7.32e-13	5.43e-07	1.00e+00	3.67e-04	0.00e+00	0.00e+00	0.00e+00	0.00e+00
 1.11293e+13	0.00e+00	9.40e-35	1.30e-26	2.29e-19	8.31e-13	5.81e-07	1.00e+00	3.43e-04	0.00e+00	0.00e+00	0.00e+00	0.00e+00
 1.14740e+13	2.12e-43	1.26e-34	1.65e-26	2.76e-19	9.47e-13	6.22e-07	1.00e+00	3.21e-04	0.00e+00	0.00e+00	0.00e+00	0.00e+00
 1.18380e+13	0.00e+00	1.69e-34	2.10e-26	3.34e-19	1.08e-12	6.68e-07	1.00e+00	2.99e-04	0.00e+00	0.00e+00	0.00e+00	0.00e+00
 1.21516e+13	4.07e-43	2.17e-34	2.57e-26	3.91e-19	1.21e-12	7.08e-07	1.00e+00	2.82e-04	0.00e+00	0.00e+00	0.00e+00	0.00e+00
 1.24838e+13	0.00e+00	2.80e-34	3.17e-26	4.60e-19	1.36e-12	7.53e-07	1.00e+00	2.65e-04	0.00e+00	0.00e+00	0.00e+00	0.00e+00
 1.29157e+13	8.10e-43	3.86e-34	4.13e-26	5.66e-19	1.57e-12	8.13e-07	1.00e+00	2.46e-04	0.00e+00	0.00e+00	0.00e+00	0.00e+00
 1.33589e+13	0.00e+00	5.31e-34	5.36e-26	6.94e-19	1.82e-12	8.78e-07	1.00e+00	2.28e-04	0.00e+00	0.00e+00	0.00e+00	0.00e+00
 1.37240e+13	1.60e-42	6.85e-34	6.61e-26	8.17e-19	2.05e-12	9.34e-07	1.00e+00	2.14e-04	0.00e+00	0.00e+00	0.00e+00	0.00e+00
 1.41061e+13	0.00e+00	8.87e-34	8.17e-26	9.65e-19	2.30e-12	9.94e-07	1.00e+00	2.01e-04	0.00e+00	0.00e+00	0.00e+00	0.00e+00
 1.46027e+13	3.21e-42	1.23e-33	1.07e-25	1.19e-18	2.67e-12	1.08e-06	1.00e+00	1.86e-04	0.00e+00	0.00e+00	0.00e+00	0.00e+00
 1.51250e+13	0.00e+00	1.70e-33	1.40e-25	1.47e-18	3.11e-12	1.17e-06	1.00e+00	1.72e-04	0.00e+00	0.00e+00	0.00e+00	0.00e+00
 1.55744e+13	6.55e-42	2.23e-33	1.75e-25	1.76e-18	3.53e-12	1.25e-06	1.00e+00	1.60e-04	0.00e+00	0.00e+00	0.00e+00	0.00e+00
 1.60525e+13	0.00e+00	2.96e-33	2.20e-25	2.11e-18	4.03e-12	1.34e-06	1.00e+00	1.50e-04	0.00e+00	0.00e+00	0.00e+00	0.00e+00
 1.66642e+13	1.38e-41	4.17e-33	2.93e-25	2.64e-18	4.74e-12	1.46e-06	1.00e+00	1.37e-04	0.00e+00	0.00e+00	0.00e+00	0.00e+00
 1.72993e+13	0.00e+00	5.88e-33	3.90e-25	3.31e-18	5.58e-12	1.60e-06	1.00e+00	1.26e-04	0.00e+00	0.00e+00	0.00e+00	0.00e+00
 1.78506e+13	2.90e-41	7.82e-33	4.94e-25	4.00e-18	6.40e-12	1.72e-06	1.00e+00	1.17e-04	0.00e+00	0.00e+00	0.00e+00	0.00e+00
 1.84433e+13	0.00e+00	1.05e-32	6.32e-25	4.87e-18	7.37e-12	1.86e-06	1.00e+00	1.08e-04	0.00e+00	0.00e+00	0.00e+00	0.00e+00
 1.91689e+13	6.19e-41	1.49e-32	8.45e-25	6.15e-18	8.73e-12	2.04e-06	1.00e+00	9.87e-05	0.00e+00	0.00e+00	0.00e+00	0.00e+00
 1.99166e+13	0.00e+00	2.09e-32	1.12e-24	7.74e-18	1.03e-11	2.24e-06	1.00e+00	9.01e-05	0.00e+00	0.00e+00	0.00e+00	0.00e+00
 2.05722e+13	1.29e-40	2.78e-32	1.43e-24	9.39e-18	1.19e-11	2.42e-06	1.00e+00	8.34e-05	0.00e+00	0.00e+00	0.00e+00	0.00e+00
 2.12587e+13	0.00e+00	3.71e-32	1.82e-24	1.14e-17	1.37e-11	2.62e-06	1.00e+00	7.71e-05	0.00e+00	0.00e+00	0.00e+00	0.00e+00
 2.19382e+13	2.49e-40	4.87e-32	2.29e-24	1.38e-17	1.58e-11	2.83e-06	1.00e+00	7.14e-05	0.00e+00	0.00e+00	0.00e+00	0.00e+00
 2.24572e+13	0.00e+00	5.95e-32	2.72e-24	1.58e-17	1.75e-11	2.99e-06	1.00e+00	6.75e-05	0.00e+00	0.00e+00	0.00e+00	0.00e+00
 2.29803e+13	3.98e-40	7.26e-32	3.22e-24	1.82e-17	1.93e-11	3.16e-06	1.00e+00	6.39e-05	0.00e+00	0.00e+00	0.00e+00	0.00e+00
 2.36605e+13	0.00e+00	9.30e-32	3.97e-24	2.16e-17	2.19e-11	3.40e-06	1.00e+00	5.95e-05	0.00e+00	0.00e+00	0.00e+00	0.00e+00
 2.43874e+13	7.13e-40	1.20e-31	4.94e-24	2.58e-17	2.50e-11	3.66e-06	1.00e+00	5.53e-05	0.00e+00	0.00e+00	0.00e+00	0.00e+00
 2.50247e+13	0.00e+00	1.49e-31	5.94e-24	3.01e-17	2.80e-11	3.90e-06	1.00e+00	5.19e-05	0.00e+00	0.00e+00	0.00e+00	0.00e+00
 2.57028e+13	1.19e-39	1.86e-31	7.20e-24	3.52e-17	3.13e-11	4.16e-06	1.00e+00	4.87e-05	0.00e+00	0.00e+00	0.00e+00	0.00e+00
 2.65844e+13	0.00e+00	2.47e-31	9.15e-24	4.29e-17	3.62e-11	4.52e-06	1.00e+00	4.49e-05	0.00e+00	0.00e+00	0.00e+00	0.00e+00
 2.74898e+13	2.27e-39	3.25e-31	1.16e-23	5.21e-17	4.18e-11	4.90e-06	1.00e+00	4.14e-05	0.00e+00	0.00e+00	0.00e+00	0.00e+00
 2.82371e+13	0.00e+00	4.06e-31	1.40e-23	6.10e-17	4.68e-11	5.23e-06	1.00e+00	3.89e-05	0.00e+00	0.00e+00	0.00e+00	0.00e+00
 2.90194e+13	3.84e-39	5.11e-31	1.71e-23	7.15e-17	5.25e-11	5.57e-06	1.00e+00	3.65e-05	0.00e+00	0.00e+00	0.00e+00	0.00e+00
 3.00363e+13	0.00e+00	6.82e-31	2.18e-23	8.74e-17	6.07e-11	6.05e-06	1.00e+00	3.36e-05	0.00e+00	0.00e+00	0.00e+00	0.00e+00
 3.11249e+13	7.57e-39	9.17e-31	2.81e-23	1.08e-16	7.04e-11	6.58e-06	1.00e+00	3.09e-05	0.00e+00	0.00e+00	0.00e+00	0.00e+00
 3.20931e+13	0.00e+00	1.19e-30	3.51e-23	1.29e-16	7.99e-11	7.06e-06	1.00e+00	2.88e-05	0.00e+00	0.00e+00	0.00e+00	0.00e+00
 3.31383e+13	1.41e-38	1.57e-30	4.43e-23	1.55e-16	9.12e-11	7.59e-06	1.00e+00	2.68e-05	0.00e+00	0.00e+00	0.00e+00	0.00e+00
 3.44186e+13	0.00e+00	2.17e-30	5.82e-23	1.93e-16	1.07e-10	8.28e-06	1.00e+00	2.46e-05	0.00e+00	0.00e+00	0.00e+00	0.00e+00
 3.57471e+13	3.02e-38	3.01e-30	7.67e-23	2.41e-16	1.24e-10	9.01e-06	1.00e+00	2.26e-05	0.00e+00	0.00e+00	0.00e+00	0.00e+00
 3.69581e+13	0.00e+00	4.03e-30	9.79e-23	2.92e-16	1.42e-10	9.70e-06	1.00e+00	2.10e-05	0.00e+00	0.00e+00	0.00e+00	0.00e+00
 3.80198e+13	5.70e-38	5.18e-30	1.21e-22	3.45e-16	1.60e-10	1.03e-05	1.00e+00	1.98e-05	0.00e+00	0.00e+00	0.00e+00	0.00e+00
 3.91462e+13	0.00e+00	6.72e-30	1.50e-22	4.09e-16	1.80e-10	1.10e-05	1.00e+00	1.86e-05	0.00e+00	0.00e+00	0.00e+00	0.00e+00
 4.05935e+13	1.14e-37	9.35e-30	1.97e-22	5.06e-16	2.08e-10	1.19e-05	1.00e+00	1.72e-05	0.00e+00	0.00e+00	0.00e+00	0.00e+00
 4.20820e+13	0.00e+00	1.28e-29	2.57e-22	6.24e-16	2.40e-10	1.29e-05	1.00e+00	1.59e-05	0.00e+00	0.00e+00	0.00e+00	0.00e+00
 4.32823e+13	2.26e-37	1.67e-29	3.18e-22	7.37e-16	2.69e-10	1.36e-05	1.00e+00	1.50e-05	0.00e+00	0.00e+00	0.00e+00	0.00e+00
 4.44842e+13	0.00e+00	2.15e-29	3.92e-22	8.65e-16	3.00e-10	1.45e-05	1.00e+00	1.41e-05	0.00e+00	0.00e+00	0.00e+00	0.00e+00
 4.60466e+13	4.46e-37	2.96e-29	5.09e-22	1.06e-15	3.44e-10	1.55e-05	1.00e+00	1.32e-05	0.00e+00	0.00e+00	0.00e+00	0.00e+00
 4.77250e+13	0.00e+00	4.10e-29	6.67e-22	1.31e-15	3.97e-10	1.68e-05	1.00e+00	1.22e-05	0.00e+00	0.00e+00	0.00e+00	0.00e+00
 4.92086e+13	9.25e-37	5.49e-29	8.45e-22	1.56e-15	4.49e-10	1.79e-05	1.00e+00	1.15e-05	0.00e+00	0.00e+00	0.00e+00	0.00e+00
 5.07917e+13	0.00e+00	7.40e-29	1.08e-21	1.89e-15	5.09e-10	1.91e-05	1.00e+00	1.07e-05	0.00e+00	0.00e+00	0.00e+00	0.00e+00
 5.27352e+13	2.03e-36	1.06e-28	1.44e-21	2.35e-15	5.90e-10	2.06e-05	1.00e+00	9.94e-06	0.00e+00	0.00e+00	0.00e+00	0.00e+00
 5.47142e+13	0.00e+00	1.49e-28	1.91e-21	2.92e-15	6.84e-10	2.22e-05	1.00e+00	9.21e-06	0.00e+00	0.00e+00	0.00e+00	0.00e+00
 5.64876e+13	4.38e-36	2.03e-28	2.45e-21	3.53e-15	7.76e-10	2.37e-05	1.00e+00	8.63e-06	0.00e+00	0.00e+00	0.00e+00	0.00e+00
 5.84266e+13	0.00e+00	2.80e-28	3.18e-21	4.31e-15	8.88e-10	2.54e-05	1.00e+00	8.06e-06	0.00e+00	0.00e+00	0.00e+00	0.00e+00
 6.07279e+13	1.01e-35	4.07e-28	4.30e-21	5.41e-15	1.03e-09	2.74e-05	1.00e+00	7.46e-06	0.00e+00	0.00e+00	0.00e+00	0.00e+00
 6.30129e+13	0.00e+00	5.77e-28	5.72e-21	6.73e-15	1.20e-09	2.96e-05	1.00e+00	6.91e-06	0.00e+00	0.00e+00	0.00e+00	0.00e+00
 6.51155e+13	2.22e-35	7.92e-28	7.39e-21	8.17e-15	1.37e-09	3.16e-05	1.00e+00	6.47e-06	0.00e+00	0.00e+00	0.00e+00	0.00e+00
 6.71257e+13	0.00e+00	1.06e-27	9.36e-21	9.78e-15	1.54e-09	3.36e-05	1.00e+00	6.08e-06	0.00e+00	0.00e+00	0.00e+00	0.00e+00
 6.93960e+13	4.62e-35	1.46e-27	1.21e-20	1.19e-14	1.76e-09	3.60e-05	1.00e+00	5.69e-06	0.00e+00	0.00e+00	0.00e+00	0.00e+00
 7.19234e+13	6.89e-35	2.05e-27	1.60e-20	1.47e-14	2.03e-09	3.87e-05	1.00e+00	5.28e-06	0.00e+00	0.00e+00	0.00e+00	0.00e+00
 7.42900e+13	1.00e-34	2.81e-27	2.06e-20	1.78e-14	2.31e-09	4.14e-05	1.00e+00	4.95e-06	0.00e+00	0.00e+00	0.00e+00	0.00e+00
 7.64368e+13	1.39e-34	3.70e-27	2.57e-20	2.11e-14	2.58e-09	4.38e-05	1.00e+00	4.67e-06	0.00e+00	0.00e+00	0.00e+00	0.00e+00
 7.84189e+13	1.86e-34	4.72e-27	3.14e-20	2.46e-14	2.86e-09	4.62e-05	1.00e+00	4.43e-06	0.00e+00	0.00e+00	0.00e+00	0.00e+00
 8.06217e+13	2.53e-34	6.14e-27	3.89e-20	2.89e-14	3.19e-09	4.89e-05	1.00e+00	4.19e-06	0.00e+00	0.00e+00	0.00e+00	0.00e+00
 8.30856e+13	3.59e-34	8.21e-27	4.93e-20	3.46e-14	3.60e-09	5.20e-05	1.00e+00	3.94e-06	0.00e+00	0.00e+00	0.00e+00	0.00e+00
 8.54128e+13	4.86e-34	1.06e-26	6.09e-20	4.07e-14	4.02e-09	5.51e-05	1.00e+00	3.72e-06	0.00e+00	0.00e+00	0.00e+00	0.00e+00
 8.76261e+13	6.51e-34	1.36e-26	7.44e-20	4.74e-14	4.45e-09	5.80e-05	1.00e+00	3.53e-06	0.00e+00	0.00e+00	0.00e+00	0.00e+00
 9.01674e+13	9.02e-34	1.79e-26	9.29e-20	5.62e-14	4.99e-09	6.15e-05	1.00e+00	3.33e-06	0.00e+00	0.00e+00	0.00e+00	0.00e+00
 9.30350e+13	1.27e-33	2.39e-26	1.18e-19	6.76e-14	5.66e-09	6.57e-05	1.00e+00	3.12e-06	0.00e+00	0.00e+00	0.00e+00	0.00e+00
 9.57558e+13	1.77e-33	3.16e-26	1.48e-19	8.02e-14	6.34e-09	6.96e-05	1.00e+00	2.94e-06	0.00e+00	0.00e+00	0.00e+00	0.00e+00
 9.87220e+13	2.47e-33	4.18e-26	1.87e-19	9.60e-14	7.17e-09	7.43e-05	1.00e+00	2.76e-06	0.00e+00	0.00e+00	0.00e+00	0.00e+00
 1.02004e+14	3.58e-33	5.73e-26	2.41e-19	1.17e-13	8.17e-09	7.94e-05	1.00e+00	2.58e-06	0.00e+00	0.00e+00	0.00e+00	0.00e+00
 1.05085e+14	4.93e-33	7.52e-26	3.02e-19	1.39e-13	9.20e-09	8.46e-05	1.00e+00	2.42e-06	0.00e+00	0.00e+00	0.00e+00	0.00e+00
 1.08479e+14	7.04e-33	1.02e-25	3.87e-19	1.68e-13	1.04e-08	9.03e-05	1.00e+00	2.27e-06	0.00e+00	0.00e+00	0.00e+00	0.00e+00
 1.12283e+14	1.02e-32	1.39e-25	5.03e-19	2.06e-13	1.20e-08	9.72e-05	1.00e+00	2.11e-06	0.00e+00	0.00e+00	0.00e+00	0.00e+00
 1.15866e+14	1.45e-32	1.88e-25	6.42e-19	2.48e-13	1.36e-08	1.04e-04	1.00e+00	1.97e-06	0.00e+00	0.00e+00	0.00e+00	0.00e+00
 1.19771e+14	2.11e-32	2.57e-25	8.30e-19	3.02e-13	1.55e-08	1.11e-04	1.00e+00	1.84e-06	0.00e+00	0.00e+00	0.00e+00	0.00e+00
 1.24149e+14	3.07e-32	3.55e-25	1.09e-18	3.73e-13	1.79e-08	1.20e-04	1.00e+00	1.71e-06	0.00e+00	0.00e+00	0.00e+00	0.00e+00
 1.28246e+14	4.41e-32	4.83e-25	1.40e-18	4.53e-13	2.04e-08	1.28e-04	1.00e+00	1.59e-06	0.00e+00	0.00e+00	0.00e+00	0.00e+00
 1.32678e+14	6.45e-32	6.65e-25	1.82e-18	5.54e-13	2.34e-08	1.38e-04	1.00e+00	1.49e-06	0.00e+00	0.00e+00	0.00e+00	0.00e+00
 1.37627e+14	9.45e-32	9.24e-25	2.41e-18	6.87e-13	2.71e-08	1.49e-04	1.00e+00	1.37e-06	0.00e+00	0.00e+00	0.00e+00	0.00e+00
 1.42252e+14	1.36e-31	1.26e-24	3.11e-18	8.36e-13	3.09e-08	1.60e-04	1.00e+00	1.28e-06	0.00e+00	0.00e+00	0.00e+00	0.00e+00
 1.47266e+14	2.01e-31	1.75e-24	4.06e-18	1.03e-12	3.55e-08	1.72e-04	1.00e+00	1.19e-06	0.00e+00	0.00e+00	0.00e+00	0.00e+00
 1.52896e+14	2.97e-31	2.45e-24	5.41e-18	1.28e-12	4.12e-08	1.86e-04	1.00e+00	1.10e-06	0.00e+00	0.00e+00	0.00e+00	0.00e+00
 1.58213e+14	4.34e-31	3.38e-24	7.05e-18	1.57e-12	4.73e-08	2.00e-04	1.00e+00	1.03e-06	0.00e+00	0.00e+00	0.00e+00	0.00e+00
 1.63963e+14	6.48e-31	4.75e-24	9.30e-18	1.94e-12	5.45e-08	2.15e-04	1.00e+00	9.52e-07	0.00e+00	0.00e+00	0.00e+00	0.00e+00
 1.70415e+14	9.87e-31	6.80e-24	1.25e-17	2.44e-12	6.36e-08	2.33e-04	1.00e+00	0.00e+00	0.00e+00	0.00e+00	0.00e+00	0.00e+00
 1.76054e+14	1.40e-30	9.18e-24	1.61e-17	2.96e-12	7.24e-08	2.49e-04	1.00e+00	0.00e+00	0.00e+00	0.00e+00	0.00e+00	0.00e+00
 1.80346e+14	1.81e-30	1.14e-23	1.94e-17	3.42e-12	7.97e-08	2.62e-04	1.00e+00	0.00e+00	0.00e+00	0.00e+00	0.00e+00	0.00e+00
 1.84658e+14	2.34e-30	1.42e-23	2.33e-17	3.93e-12	8.76e-08	2.75e-04	1.00e+00	0.00e+00	0.00e+00	0.00e+00	0.00e+00	0.00e+00
 1.90264e+14	3.30e-30	1.90e-23	2.94e-17	4.70e-12	9.87e-08	2.93e-04	1.00e+00	0.00e+00	0.00e+00	0.00e+00	0.00e+00	0.00e+00
 1.96273e+14	4.56e-30	2.52e-23	3.74e-17	5.65e-12	1.12e-07	3.13e-04	1.00e+00	0.00e+00	0.00e+00	0.00e+00	0.00e+00	0.00e+00
 2.01536e+14	6.14e-30	3.23e-23	4.60e-17	6.61e-12	1.24e-07	3.30e-04	1.00e+00	0.00e+00	0.00e+00	0.00e+00	0.00e+00	0.00e+00
 2.07108e+14	8.33e-30	4.19e-23	5.69e-17	7.78e-12	1.38e-07	3.49e-04	1.00e+00	0.00e+00	0.00e+00	0.00e+00	0.00e+00	0.00e+00
 2.14352e+14	1.24e-29	5.85e-23	7.46e-17	9.55e-12	1.59e-07	3.74e-04	1.00e+00	0.00e+00	0.00e+00	0.00e+00	0.00e+00	0.00e+00
 2.21797e+14	1.78e-29	7.99e-23	9.73e-17	1.17e-11	1.82e-07	4.02e-04	1.00e+00	0.00e+00	0.00e+00	0.00e+00	0.00e+00	0.00e+00
 2.27936e+14	2.42e-29	1.04e-22	1.21e-16	1.38e-11	2.03e-07	4.24e-04	1.00e+00	0.00e+00	0.00e+00	0.00e+00	0.00e+00	0.00e+00
 2.34350e+14	3.35e-29	1.36e-22	1.50e-16	1.62e-11	2.26e-07	4.49e-04	1.00e+00	0.00e+00	0.00e+00	0.00e+00	0.00e+00	0.00e+00
 2.42689e+14	4.97e-29	1.90e-22	1.98e-16	2.00e-11	2.60e-07	4.82e-04	1.00e+00	0.00e+00	0.00e+00	0.00e+00	0.00e+00	0.00e+00
 2.51532e+14	7.30e-29	2.65e-22	2.62e-16	2.47e-11	3.00e-07	5.18e-04	9.99e-01	0.00e+00	0.00e+00	0.00e+00	0.00e+00	0.00e+00
 2.59247e+14	1.03e-28	3.54e-22	3.33e-16	2.96e-11	3.38e-07	5.50e-04	9.99e-01	0.00e+00	0.00e+00	0.00e+00	0.00e+00	0.00e+00
 2.67491e+14	1.48e-28	4.80e-22	4.27e-16	3.57e-11	3.83e-07	5.86e-04	9.99e-01	0.00e+00	0.00e+00	0.00e+00	0.00e+00	0.00e+00
 2.77609e+14	2.28e-28	6.92e-22	5.74e-16	4.46e-11	4.44e-07	6.31e-04	9.99e-01	0.00e+00	0.00e+00	0.00e+00	0.00e+00	0.00e+00
 2.87969e+14	3.39e-28	9.72e-22	7.65e-16	5.54e-11	5.14e-07	6.79e-04	9.99e-01	0.00e+00	0.00e+00	0.00e+00	0.00e+00	0.00e+00
 2.97304e+14	4.93e-28	1.33e-21	9.88e-16	6.71e-11	5.83e-07	7.23e-04	9.99e-01	0.00e+00	0.00e+00	0.00e+00	0.00e+00	0.00e+00
 3.07503e+14	7.34e-28	1.86e-21	1.29e-15	8.21e-11	6.67e-07	7.73e-04	9.99e-01	0.00e+00	0.00e+00	0.00e+00	0.00e+00	0.00e+00
 3.19548e+14	1.14e-27	2.70e-21	1.76e-15	1.03e-10	7.77e-07	8.34e-04	9.99e-01	0.00e+00	0.00e+00	0.00e+00	0.00e+00	0.00e+00
 3.31539e+14	1.74e-27	3.85e-21	2.36e-15	1.29e-10	9.00e-07	8.97e-04	9.99e-01	0.00e+00	0.00e+00	0.00e+00	0.00e+00	0.00e+00
 3.42780e+14	2.50e-27	5.26e-21	3.07e-15	1.57e-10	1.03e-06	9.59e-04	9.99e-01	0.00e+00	0.00e+00	0.00e+00	0.00e+00	0.00e+00
 3.55292e+14	3.80e-27	7.48e-21	4.10e-15	1.94e-10	1.18e-06	1.03e-03	9.99e-01	0.00e+00	0.00e+00	0.00e+00	0.00e+00	0.00e+00
 3.67299e+14	5.62e-27	1.04e-20	5.35e-15	2.37e-10	1.35e-06	1.10e-03	9.99e-01	0.00e+00	0.00e+00	0.00e+00	0.00e+00	0.00e+00
 3.76275e+14	7.38e-27	1.31e-20	6.49e-15	2.74e-10	1.49e-06	1.15e-03	9.99e-01	0.00e+00	0.00e+00	0.00e+00	0.00e+00	0.00e+00
 3.85360e+14	9.56e-27	1.64e-20	7.85e-15	3.16e-10	1.64e-06	1.21e-03	9.99e-01	0.00e+00	0.00e+00	0.00e+00	0.00e+00	0.00e+00
 3.97170e+14	1.36e-26	2.20e-20	1.00e-14	3.78e-10	1.84e-06	1.28e-03	9.99e-01	0.00e+00	0.00e+00	0.00e+00	0.00e+00	0.00e+00
 4.09951e+14	1.97e-26	3.01e-20	1.29e-14	4.57e-10	2.09e-06	1.36e-03	9.99e-01	0.00e+00	0.00e+00	0.00e+00	0.00e+00	0.00e+00
 4.21407e+14	2.69e-26	3.92e-20	1.61e-14	5.39e-10	2.33e-06	1.44e-03	9.99e-01	0.00e+00	0.00e+00	0.00e+00	0.00e+00	0.00e+00
 4.33710e+14	3.68e-26	5.13e-20	2.02e-14	6.39e-10	2.61e-06	1.52e-03	9.98e-01	0.00e+00	0.00e+00	0.00e+00	0.00e+00	0.00e+00
 4.49493e+14	5.57e-26	7.28e-20	2.69e-14	7.92e-10	3.01e-06	1.63e-03	9.98e-01	0.00e+00	0.00e+00	0.00e+00	0.00e+00	0.00e+00
 4.65485e+14	8.35e-26	1.02e-19	3.56e-14	9.76e-10	3.46e-06	1.75e-03	9.98e-01	0.00e+00	0.00e+00	0.00e+00	0.00e+00	0.00e+00
 4.78707e+14	1.14e-25	1.34e-19	4.46e-14	1.15e-09	3.87e-06	1.85e-03	9.98e-01	0.00e+00	0.00e+00	0.00e+00	0.00e+00	0.00e+00
 4.92639e+14	1.55e-25	1.74e-19	5.59e-14	1.37e-09	4.34e-06	1.96e-03	9.98e-01	0.00e+00	0.00e+00	0.00e+00	0.00e+00	0.00e+00
 5.10539e+14	2.37e-25	2.49e-19	7.46e-14	1.70e-09	5.00e-06	2.10e-03	9.98e-01	0.00e+00	0.00e+00	0.00e+00	0.00e+00	0.00e+00
 5.29445e+14	3.50e-25	3.49e-19	9.94e-14	2.11e-09	5.78e-06	2.26e-03	9.98e-01	0.00e+00	0.00e+00	0.00e+00	0.00e+00	0.00e+00
 5.45951e+14	4.97e-25	4.69e-19	1.27e-13	2.53e-09	6.53e-06	2.40e-03	9.98e-01	0.00e+00	0.00e+00	0.00e+00	0.00e+00	0.00e+00
 5.63493e+14	6.91e-25	6.25e-19	1.63e-13	3.05e-09	7.41e-06	2.56e-03	9.97e-01	0.00e+00	0.00e+00	0.00e+00	0.00e+00	0.00e+00
 5.84890e+14	1.07e-24	9.01e-19	2.20e-13	3.82e-09	8.60e-06	2.76e-03	9.97e-01	0.00e+00	0.00e+00	0.00e+00	0.00e+00	0.00e+00
 6.06246e+14	1.56e-24	1.25e-18	2.91e-13	4.73e-09	9.92e-06	2.96e-03	9.97e-01	0.00e+00	0.00e+00	0.00e+00	0.00e+00	0.00e+00
 6.24934e+14	2.17e-24	1.66e-18	3.70e-13	5.67e-09	1.12e-05	3.15e-03	9.97e-01	0.00e+00	0.00e+00	0.00e+00	0.00e+00	0.00e+00
 6.45209e+14	3.10e-24	2.26e-18	4.77e-13	6.86e-09	1.27e-05	3.36e-03	9.97e-01	0.00e+00	0.00e+00	0.00e+00	0.00e+00	0.00e+00
 6.69817e+14	4.58e-24	3.17e-18	6.39e-13	8.57e-09	1.48e-05	3.63e-03	9.96e-01	0.00e+00	0.00e+00	0.00e+00	0.00e+00	0.00e+00
 6.94387e+14	6.79e-24	4.44e-18	8.50e-13	1.06e-08	1.70e-05	3.90e-03	9.96e-01	0.00e+00	0.00e+00	0.00e+00	0.00e+00	0.00e+00
 7.16304e+14	9.53e-24	5.94e-18	1.09e-12	1.28e-08	1.93e-05	4.16e-03	9.96e-01	0.00e+00	0.00e+00	0.00e+00	0.00e+00	0.00e+00
 7.40439e+14	1.36e-23	8.08e-18	1.41e-12	1.56e-08	2.20e-05	4.44e-03	9.96e-01	0.00e+00	0.00e+00	0.00e+00	0.00e+00	0.00e+00
 7.69178e+14	2.03e-23	1.14e-17	1.90e-12	1.96e-08	2.56e-05	4.81e-03	9.95e-01	0.00e+00	0.00e+00	0.00e+00	0.00e+00	0.00e+00
 7.97486e+14	2.96e-23	1.59e-17	2.52e-12	2.43e-08	2.96e-05	5.18e-03	9.95e-01	0.00e+00	0.00e+00	0.00e+00	0.00e+00	0.00e+00
 8.21903e+14	4.11e-23	2.11e-17	3.19e-12	2.90e-08	3.34e-05	5.51e-03	9.94e-01	0.00e+00	0.00e+00	0.00e+00	0.00e+00	0.00e+00
 8.44258e+14	5.40e-23	2.68e-17	3.93e-12	3.41e-08	3.71e-05	5.83e-03	9.94e-01	0.00e+00	0.00e+00	0.00e+00	0.00e+00	0.00e+00
 8.66028e+14	7.10e-23	3.39e-17	4.80e-12	3.96e-08	4.11e-05	6.14e-03	9.94e-01	0.00e+00	0.00e+00	0.00e+00	0.00e+00	0.00e+00
 8.90457e+14	9.47e-23	4.36e-17	5.95e-12	4.68e-08	4.59e-05	6.51e-03	9.93e-01	0.00e+00	0.00e+00	0.00e+00	0.00e+00	0.00e+00
 9.17161e+14	1.29e-22	5.70e-17	7.49e-12	5.58e-08	5.17e-05	6.92e-03	9.93e-01	0.00e+00	0.00e+00	0.00e+00	0.00e+00	0.00e+00
 9.41456e+14	1.69e-22	7.22e-17	9.17e-12	6.52e-08	5.74e-05	7.31e-03	9.93e-01	0.00e+00	0.00e+00	0.00e+00	0.00e+00	0.00e+00
 9.67669e+14	2.25e-22	9.28e-17	1.14e-11	7.68e-08	6.40e-05	7.73e-03	9.92e-01	0.00e+00	0.00e+00	0.00e+00	0.00e+00	0.00e+00
 9.97179e+14	3.08e-22	1.22e-16	1.43e-11	9.18e-08	7.22e-05	8.24e-03	9.92e-01	0.00e+00	0.00e+00	0.00e+00	0.00e+00	0.00e+00
 1.02501e+15	4.09e-22	1.56e-16	1.78e-11	1.08e-07	8.05e-05	8.72e-03	9.91e-01	0.00e+00	0.00e+00	0.00e+00	0.00e+00	0.00e+00
 1.05523e+15	5.53e-22	2.03e-16	2.22e-11	1.28e-07	9.04e-05	9.27e-03	9.91e-01	0.00e+00	0.00e+00	0.00e+00	0.00e+00	0.00e+00
 1.08880e+15	7.63e-22	2.69e-16	2.83e-11	1.55e-07	1.02e-04	9.89e-03	9.90e-01	0.00e+00	0.00e+00	0.00e+00	0.00e+00	0.00e+00
 1.12026e+15	1.02e-21	3.47e-16	3.52e-11	1.83e-07	1.15e-04	1.05e-02	9.89e-01	0.00e+00	0.00e+00	0.00e+00	0.00e+00	0.00e+00
 1.15470e+15	1.40e-21	4.57e-16	4.46e-11	2.19e-07	1.29e-04	1.12e-02	9.89e-01	0.00e+00	0.00e+00	0.00e+00	0.00e+00	0.00e+00
 1.19332e+15	1.97e-21	6.14e-16	5.74e-11	2.67e-07	1.47e-04	1.20e-02	9.88e-01	0.00e+00	0.00e+00	0.00e+00	0.00e+00	0.00e+00
 1.22984e+15	2.69e-21	8.07e-16	7.25e-11	3.19e-07	1.66e-04	1.28e-02	9.87e-01	0.00e+00	0.00e+00	0.00e+00	0.00e+00	0.00e+00
 1.26977e+15	3.73e-21	1.07e-15	9.26e-11	3.86e-07	1.89e-04	1.37e-02	9.86e-01	0.00e+00	0.00e+00	0.00e+00	0.00e+00	0.00e+00
 1.31473e+15	5.28e-21	1.46e-15	1.21e-10	4.74e-07	2.17e-04	1.47e-02	9.85e-01	0.00e+00	0.00e+00	0.00e+00	0.00e+00	0.00e+00
 1.35790e+15	7.44e-21	1.97e-15	1.55e-10	5.74e-07	2.46e-04	1.57e-02	9.84e-01	0.00e+00	0.00e+00	0.00e+00	0.00e+00	0.00e+00
 1.40567e+15	1.05e-20	2.66e-15	2.03e-10	7.05e-07	2.82e-04	1.69e-02	9.83e-01	0.00e+00	0.00e+00	0.00e+00	0.00e+00	0.00e+00
 1.45894e+15	1.54e-20	3.73e-15	2.69e-10	8.78e-07	3.27e-04	1.83e-02	9.81e-01	0.00e+00	0.00e+00	0.00e+00	0.00e+00	0.00e+00
 1.50823e+15	2.18e-20	5.04e-15	3.48e-10	1.07e-06	3.73e-04	1.96e-02	9.80e-01	0.00e+00	0.00e+00	0.00e+00	0.00e+00	0.00e+00
 1.56117e+15	3.05e-20	6.80e-15	4.54e-10	1.31e-06	4.28e-04	2.11e-02	9.78e-01	0.00e+00	0.00e+00	0.00e+00	0.00e+00	0.00e+00
 1.62293e+15	4.58e-20	9.69e-15	6.10e-10	1.65e-06	4.99e-04	2.29e-02	9.77e-01	0.00e+00	0.00e+00	0.00e+00	0.00e+00	0.00e+00
 1.67399e+15	6.22e-20	1.27e-14	7.74e-10	1.98e-06	5.63e-04	2.44e-02	9.75e-01	0.00e+00	0.00e+00	0.00e+00	0.00e+00	0.00e+00
 1.70831e+15	7.73e-20	1.53e-14	9.02e-10	2.23e-06	6.10e-04	2.55e-02	9.74e-01	0.00e+00	0.00e+00	0.00e+00	0.00e+00	0.00e+00
 1.74303e+15	9.49e-20	1.83e-14	1.05e-09	2.52e-06	6.60e-04	2.66e-02	9.73e-01	0.00e+00	0.00e+00	0.00e+00	0.00e+00	0.00e+00
 1.78818e+15	1.23e-19	2.30e-14	1.28e-09	2.93e-06	7.30e-04	2.81e-02	9.71e-01	0.00e+00	0.00e+00	0.00e+00	0.00e+00	0.00e+00
 1.84686e+15	1.69e-19	3.06e-14	1.63e-09	3.54e-06	8.29e-04	3.01e-02	9.69e-01	0.00e+00	0.00e+00	0.00e+00	0.00e+00	0.00e+00
 1.90601e+15	2.29e-19	4.02e-14	2.08e-09	4.27e-06	9.38e-04	3.22e-02	9.67e-01	0.00e+00	0.00e+00	0.00e+00	0.00e+00	0.00e+00
 1.95305e+15	2.93e-19	4.99e-14	2.50e-09	4.93e-06	1.03e-03	3.39e-02	9.65e-01	0.00e+00	0.00e+00	0.00e+00	0.00e+00	0.00e+00
 2.00150e+15	3.73e-19	6.20e-14	3.02e-09	5.70e-06	1.14e-03	3.57e-02	9.63e-01	0.00e+00	0.00e+00	0.00e+00	0.00e+00	0.00e+00
 2.06449e+15	5.14e-19	8.20e-14	3.81e-09	6.85e-06	1.28e-03	3.82e-02	9.60e-01	0.00e+00	0.00e+00	0.00e+00	0.00e+00	0.00e+00
 2.13072e+15	7.06e-19	1.09e-13	4.85e-09	8.25e-06	1.45e-03	4.08e-02	9.58e-01	0.00e+00	0.00e+00	0.00e+00	0.00e+00	0.00e+00
 2.18762e+15	9.02e-19	1.36e-13	5.92e-09	9.64e-06	1.61e-03	4.32e-02	9.55e-01	0.00e+00	0.00e+00	0.00e+00	0.00e+00	0.00e+00
 2.24804e+15	1.18e-18	1.72e-13	7.28e-09	1.13e-05	1.79e-03	4.58e-02	9.52e-01	0.00e+00	0.00e+00	0.00e+00	0.00e+00	0.00e+00
 2.32658e+15	1.69e-18	2.37e-13	9.43e-09	1.39e-05	2.04e-03	4.93e-02	9.49e-01	0.00e+00	0.00e+00	0.00e+00	0.00e+00	0.00e+00
 2.40773e+15	2.37e-18	3.20e-13	1.22e-08	1.70e-05	2.34e-03	5.31e-02	9.45e-01	0.00e+00	0.00e+00	0.00e+00	0.00e+00	0.00e+00
 2.47554e+15	3.09e-18	4.07e-13	1.51e-08	2.00e-05	2.60e-03	5.63e-02	9.41e-01	0.00e+00	0.00e+00	0.00e+00	0.00e+00	0.00e+00
 2.54696e+15	4.00e-18	5.17e-13	1.87e-08	2.36e-05	2.90e-03	5.98e-02	9.37e-01	0.00e+00	0.00e+00	0.00e+00	0.00e+00	0.00e+00
 2.63908e+15	5.82e-18	7.18e-13	2.45e-08	2.91e-05	3.33e-03	6.46e-02	9.32e-01	0.00e+00	0.00e+00	0.00e+00	0.00e+00	0.00e+00
 2.73649e+15	8.22e-18	9.84e-13	3.22e-08	3.60e-05	3.83e-03	6.98e-02	9.26e-01	0.00e+00	0.00e+00	0.00e+00	0.00e+00	0.00e+00
 2.82168e+15	1.11e-17	1.29e-12	4.06e-08	4.31e-05	4.30e-03	7.45e-02	9.21e-01	0.00e+00	0.00e+00	0.00e+00	0.00e+00	0.00e+00
 2.91262e+15	1.53e-17	1.72e-12	5.16e-08	5.19e-05	4.85e-03	7.97e-02	9.15e-01	0.00e+00	0.00e+00	0.00e+00	0.00e+00	0.00e+00
 3.02331e+15	2.21e-17	2.40e-12	6.86e-08	6.46e-05	5.60e-03	8.62e-02	9.08e-01	0.00e+00	0.00e+00	0.00e+00	0.00e+00	0.00e+00
 3.13419e+15	3.22e-17	3.32e-12	9.03e-08	7.97e-05	6.41e-03	9.30e-02	9.01e-01	0.00e+00	0.00e+00	1.85e-17	9.66e-18	3.26e-18
 3.21890e+15	4.09e-17	4.16e-12	1.11e-07	9.31e-05	7.09e-03	9.82e-02	8.95e-01	0.00e+00	0.00e+00	2.36e-17	1.23e-17	4.14e-18
 3.28246e+15	5.12e-17	5.04e-12	1.28e-07	1.04e-04	7.63e-03	1.02e-01	8.90e-01	0.00e+00	0.00e+00	2.95e-17	1.54e-17	5.16e-18
 3.35247e+15	6.33e-17	6.10e-12	1.51e-07	1.18e-04	8.26e-03	1.07e-01	8.85e-01	0.00e+00	0.00e+00	3.65e-17	1.90e-17	6.36e-18
 3.44348e+15	8.17e-17	7.73e-12	1.85e-07	1.38e-04	9.14e-03	1.13e-01	8.78e-01	0.00e+00	0.00e+00	4.71e-17	2.45e-17	8.19e-18
 3.54228e+15	1.07e-16	9.91e-12	2.30e-07	1.63e-04	1.02e-02	1.20e-01	8.70e-01	0.00e+00	0.00e+00	6.16e-17	3.21e-17	1.07e-17
 3.63109e+15	1.43e-16	1.27e-11	2.78e-07	1.88e-04	1.11e-02	1.26e-01	8.63e-01	0.00e+00	0.00e+00	8.24e-17	4.29e-17	1.43e-17
 3.72646e+15	1.81e-16	1.59e-11	3.39e-07	2.19e-04	1.23e-02	1.32e-01	8.55e-01	0.00e+00	0.00e+00	1.04e-16	5.43e-17	1.80e-17
 3.85043e+15	2.61e-16	2.19e-11	4.37e-07	2.64e-04	1.38e-02	1.42e-01	8.44e-01	0.00e+00	0.00e+00	1.51e-16	7.86e-17	2.60e-17
 3.97405e+15	3.62e-16	2.93e-11	5.57e-07	3.18e-04	1.55e-02	1.51e-01	8.33e-01	0.00e+00	0.00e+00	2.09e-16	1.09e-16	3.59e-17
 4.07066e+15	4.65e-16	3.66e-11	6.71e-07	3.65e-04	1.70e-02	1.58e-01	8.25e-01	0.00e+00	0.00e+00	2.69e-16	1.40e-16	4.61e-17
 4.16972e+15	5.82e-16	4.52e-11	8.07e-07	4.19e-04	1.85e-02	1.65e-01	8.16e-01	0.00e+00	0.00e+00	3.36e-16	1.75e-16	5.77e-17
 4.29849e+15	8.28e-16	6.12e-11	1.02e-06	4.99e-04	2.07e-02	1.75e-01	8.04e-01	0.00e+00	0.00e+00	4.79e-16	2.49e-16	8.19e-17
 4.43566e+15	1.15e-15	8.22e-11	1.30e-06	5.97e-04	2.32e-02	1.85e-01	7.91e-01	0.00e+00	0.00e+00	6.67e-16	3.47e-16	1.14e-16
 4.55644e+15	1.52e-15	1.05e-10	1.60e-06	6.96e-04	2.55e-02	1.95e-01	7.79e-01	0.00e+00	0.00e+00	8.78e-16	4.57e-16	1.50e-16
 4.68614e+15	2.07e-15	1.38e-10	1.99e-06	8.17e-04	2.82e-02	2.05e-01	7.66e-01	0.00e+00	0.00e+00	1.20e-15	6.24e-16	2.04e-16
 4.85465e+15	3.00e-15	1.92e-10	2.62e-06	9.97e-04	3.19e-02	2.18e-01	7.49e-01	0.00e+00	0.00e+00	1.73e-15	9.02e-16	2.95e-16
 5.02952e+15	4.46e-15	2.70e-10	3.44e-06	1.22e-03	3.61e-02	2.31e-01	7.31e-01	0.00e+00	0.00e+00	2.58e-15	1.34e-15	4.40e-16
 5.17751e+15	5.93e-15	3.49e-10	4.29e-06	1.43e-03	3.99e-02	2.42e-01	7.16e-01	0.00e+00	0.00e+00	3.43e-15	1.79e-15	5.83e-16
 5.33466e+15	8.59e-15	4.76e-10	5.41e-06	1.69e-03	4.43e-02	2.55e-01	6.99e-01	0.00e+00	0.00e+00	4.97e-15	2.59e-15	8.45e-16
 5.53197e+15	1.29e-14	6.75e-10	7.16e-06	2.07e-03	5.01e-02	2.70e-01	6.78e-01	0.00e+00	0.00e+00	7.47e-15	3.89e-15	1.27e-15
 5.73552e+15	1.92e-14	9.51e-10	9.45e-06	2.53e-03	5.66e-02	2.85e-01	6.56e-01	0.00e+00	0.00e+00	1.11e-14	5.80e-15	1.89e-15
 5.88962e+15	2.59e-14	1.22e-09	1.16e-05	2.92e-03	6.17e-02	2.96e-01	6.40e-01	0.00e+00	0.00e+00	1.50e-14	7.80e-15	2.54e-15
 6.00150e+15	3.20e-14	1.47e-09	1.33e-05	3.23e-03	6.57e-02	3.04e-01	6.27e-01	0.00e+00	0.00e+00	1.85e-14	9.66e-15	3.15e-15
 6.12306e+15	4.02e-14	1.78e-09	1.55e-05	3.60e-03	7.01e-02	3.12e-01	6.14e-01	0.00e+00	0.00e+00	2.33e-14	1.21e-14	3.95e-15
 6.28108e+15	5.34e-14	2.26e-09	1.89e-05	4.13e-03	7.61e-02	3.23e-01	5.97e-01	0.00e+00	0.00e+00	3.09e-14	1.61e-14	5.25e-15
 6.45607e+15	7.19e-14	2.92e-09	2.32e-05	4.79e-03	8.30e-02	3.34e-01	5.78e-01	0.00e+00	0.00e+00	4.17e-14	2.17e-14	7.07e-15
 6.61643e+15	9.63e-14	3.71e-09	2.79e-05	5.45e-03	8.97e-02	3.44e-01	5.61e-01	0.00e+00	0.00e+00	5.58e-14	2.91e-14	9.47e-15
 6.78822e+15	1.25e-13	4.65e-09	3.38e-05	6.23e-03	9.70e-02	3.54e-01	5.43e-01	0.00e+00	0.00e+00	7.23e-14	3.77e-14	1.22e-14
 7.01154e+15	1.89e-13	6.47e-09	4.32e-05	7.39e-03	1.07e-01	3.67e-01	5.18e-01	0.00e+00	0.00e+00	1.09e-13	5.70e-14	1.85e-14
 7.23279e+15	2.56e-13	8.44e-09	5.43e-05	8.65e-03	1.17e-01	3.78e-01	4.96e-01	0.00e+00	0.00e+00	1.49e-13	7.74e-14	2.51e-14
 7.40293e+15	3.35e-13	1.05e-08	6.45e-05	9.74e-03	1.26e-01	3.86e-01	4.78e-01	0.00e+00	0.00e+00	1.94e-13	1.01e-13	3.29e-14
 7.57572e+15	4.55e-13	1.34e-08	7.67e-05	1.10e-02	1.34e-01	3.95e-01	4.60e-01	0.00e+00	0.00e+00	2.64e-13	1.38e-13	4.47e-14
 7.80033e+15	6.11e-13	1.72e-08	9.48e-05	1.27e-02	1.46e-01	4.03e-01	4.38e-01	0.00e+00	0.00e+00	3.55e-13	1.85e-13	6.00e-14
 8.04161e+15	9.14e-13	2.35e-08	1.19e-04	1.48e-02	1.59e-01	4.13e-01	4.14e-01	0.00e+00	0.00e+00	5.30e-13	2.77e-13	8.97e-14
 8.25220e+15	1.23e-12	2.99e-08	1.43e-04	1.68e-02	1.70e-01	4.19e-01	3.94e-01	0.00e+00	0.00e+00	7.12e-13	3.72e-13	1.21e-13
 8.47363e+15	1.63e-12	3.79e-08	1.74e-04	1.91e-02	1.83e-01	4.25e-01	3.73e-01	0.00e+00	0.00e+00	9.49e-13	4.95e-13	1.60e-13
 8.76149e+15	2.47e-12	5.24e-08	2.21e-04	2.24e-02	1.99e-01	4.31e-01	3.47e-01	0.00e+00	0.00e+00	1.43e-12	7.47e-13	2.42e-13
 9.04924e+15	3.36e-12	6.83e-08	2.77e-04	2.60e-02	2.15e-01	4.35e-01	3.24e-01	0.00e+00	0.00e+00	1.95e-12	1.02e-12	3.29e-13
 9.28283e+15	4.49e-12	8.63e-08	3.32e-04	2.92e-02	2.29e-01	4.37e-01	3.04e-01	0.00e+00	0.00e+00	2.61e-12	1.36e-12	4.40e-13
 9.53248e+15	6.09e-12	1.10e-07	4.02e-04	3.30e-02	2.43e-01	4.39e-01	2.85e-01	0.00e+00	0.00e+00	3.53e-12	1.84e-12	5.97e-13
 9.85702e+15	9.58e-12	1.55e-07	5.11e-04	3.86e-02	2.63e-01	4.39e-01	2.59e-01	0.00e+00	0.00e+00	5.56e-12	2.90e-12	9.39e-13
 1.01769e+16	1.34e-11	2.04e-07	6.36e-04	4.43e-02	2.81e-01	4.37e-01	2.38e-01	0.00e+00	0.00e+00	7.76e-12	4.05e-12	1.31e-12
 1.04252e+16	1.79e-11	2.56e-07	7.53e-04	4.93e-02	2.95e-01	4.34e-01	2.21e-01	0.00e+00	0.00e+00	1.04e-11	5.41e-12	1.75e-12
 1.06822e+16	2.37e-11	3.20e-07	8.94e-04	5.48e-02	3.10e-01	4.30e-01	2.05e-01	0.00e+00	0.00e+00	1.38e-11	7.20e-12	2.33e-12
 1.09476e+16	3.09e-11	3.96e-07	1.06e-03	6.07e-02	3.24e-01	4.25e-01	1.89e-01	0.00e+00	0.00e+00	1.79e-11	9.37e-12	3.03e-12
 1.11816e+16	3.83e-11	4.74e-07	1.22e-03	6.63e-02	3.37e-01	4.19e-01	1.76e-01	0.00e+00	0.00e+00	2.23e-11	1.16e-11	3.75e-12
 1.14434e+16	5.30e-11	6.02e-07	1.44e-03	7.33e-02	3.51e-01	4.13e-01	1.62e-01	0.00e+00	0.00e+00	3.08e-11	1.61e-11	5.19e-12
 1.17091e+16	6.70e-11	7.31e-07	1.68e-03	8.04e-02	3.64e-01	4.05e-01	1.49e-01	0.00e+00	0.00e+00	3.89e-11	2.03e-11	6.56e-12
 1.19799e+16	8.48e-11	8.88e-07	1.97e-03	8.82e-02	3.77e-01	3.96e-01	1.37e-01	0.00e+00	0.00e+00	4.93e-11	2.57e-11	8.30e-12
 1.22766e+16	1.20e-10	1.15e-06	2.35e-03	9.75e-02	3.91e-01	3.85e-01	1.23e-01	0.00e+00	0.00e+00	6.96e-11	3.63e-11	1.17e-11
 1.25373e+16	1.51e-10	1.38e-06	2.71e-03	1.06e-01	4.02e-01	3.76e-01	1.13e-01	0.00e+00	0.00e+00	8.75e-11	4.57e-11	1.48e-11
 1.28068e+16	1.92e-10	1.67e-06	3.15e-03	1.15e-01	4.14e-01	3.65e-01	1.03e-01	0.00e+00	0.00e+00	1.11e-10	5.82e-11	1.88e-11
 1.31079e+16	2.43e-10	2.04e-06	3.69e-03	1.26e-01	4.25e-01	3.52e-01	9.31e-02	0.00e+00	0.00e+00	1.42e-10	7.39e-11	2.38e-11
 1.34048e+16	3.40e-10	2.61e-06	4.36e-03	1.38e-01	4.36e-01	3.39e-01	8.32e-02	0.00e+00	0.00e+00	1.97e-10	1.03e-10	3.33e-11
 1.36853e+16	4.38e-10	3.18e-06	5.05e-03	1.49e-01	4.45e-01	3.27e-01	7.51e-02	0.00e+00	0.00e+00	2.54e-10	1.33e-10	4.29e-11
 1.39899e+16	5.63e-10	3.90e-06	5.92e-03	1.62e-01	4.53e-01	3.12e-01	6.70e-02	0.00e+00	0.00e+00	3.27e-10	1.71e-10	5.51e-11
 1.43194e+16	7.21e-10	4.80e-06	7.00e-03	1.76e-01	4.60e-01	2.97e-01	5.93e-02	0.00e+00	0.00e+00	4.19e-10	2.19e-10	7.07e-11
 1.46133e+16	1.01e-09	6.13e-06	8.19e-03	1.90e-01	4.66e-01	2.83e-01	5.24e-02	0.00e+00	0.00e+00	5.89e-10	3.08e-10	9.94e-11
 1.48759e+16	1.28e-09	7.37e-06	9.38e-03	2.03e-01	4.70e-01	2.70e-01	4.70e-02	0.00e+00	0.00e+00	7.45e-10	3.89e-10	1.26e-10
 1.51659e+16	1.66e-09	9.04e-06	1.09e-02	2.18e-01	4.74e-01	2.55e-01	4.17e-02	0.00e+00	0.00e+00	9.65e-10	5.05e-10	1.63e-10
 1.54883e+16	2.08e-09	1.10e-05	1.28e-02	2.35e-01	4.75e-01	2.40e-01	3.65e-02	0.00e+00	0.00e+00	1.21e-09	6.32e-10	2.04e-10
 1.57779e+16	2.82e-09	1.38e-05	1.50e-02	2.52e-01	4.76e-01	2.25e-01	3.20e-02	0.00e+00	0.00e+00	1.64e-09	8.57e-10	2.77e-10
 1.60215e+16	3.64e-09	1.67e-05	1.70e-02	2.66e-01	4.75e-01	2.13e-01	2.85e-02	0.00e+00	0.00e+00	2.12e-09	1.11e-09	3.58e-10
 1.62364e+16	4.49e-09	1.96e-05	1.91e-02	2.79e-01	4.73e-01	2.03e-01	2.58e-02	0.00e+00	0.00e+00	2.61e-09	1.37e-09	4.41e-10
 1.64716e+16	5.58e-09	2.32e-05	2.17e-02	2.94e-01	4.70e-01	1.91e-01	2.30e-02	0.00e+00	0.00e+00	3.24e-09	1.70e-09	5.48e-10
 1.67773e+16	7.56e-09	2.95e-05	2.57e-02	3.15e-01	4.64e-01	1.76e-01	1.97e-02	0.00e+00	0.00e+00	4.40e-09	2.30e-09	7.44e-10
 1.70801e+16	1.03e-08	3.74e-05	3.05e-02	3.35e-01	4.56e-01	1.62e-01	1.68e-02	0.00e+00	0.00e+00	6.00e-09	3.14e-09	1.01e-09
 1.73032e+16	1.26e-08	4.39e-05	3.45e-02	3.50e-01	4.49e-01	1.51e-01	1.49e-02	0.00e+00	0.00e+00	7.33e-09	3.84e-09	1.24e-09
