#depth	C	C+	C+2	C+3	C+4	C+5	C+6	C[1]	C[2]	C[3]	C+[1]	C+[2]	CO
 1.49634e+10	1.58e-45	1.61e-34	2.12e-24	6.63e-15	1.12e-04	3.07e-01	6.93e-01	0.00e+00	0.00e+00	0.00e+00	0.00e+00	0.00e+00	1.27e-143
 4.54887e+10	0.00e+00	2.34e-34	2.84e-24	8.22e-15	1.28e-04	3.24e-01	6.76e-01	0.00e+00	0.00e+00	0.00e+00	0.00e+00	0.00e+00	9.61e-210
 7.72350e+10	3.92e-45	3.40e-34	3.81e-24	1.02e-14	1.46e-04	3.42e-01	6.58e-01	0.00e+00	0.00e+00	0.00e+00	0.00e+00	0.00e+00	1.29e-142
 1.10251e+11	0.00e+00	4.93e-34	5.11e-24	1.26e-14	1.67e-04	3.60e-01	6.40e-01	0.00e+00	0.00e+00	0.00e+00	0.00e+00	0.00e+00	3.72e-209
 1.42781e+11	9.41e-45	7.00e-34	6.72e-24	1.54e-14	1.89e-04	3.78e-01	6.22e-01	0.00e+00	0.00e+00	0.00e+00	0.00e+00	0.00e+00	1.23e-141
 1.76612e+11	0.00e+00	9.95e-34	8.87e-24	1.88e-14	2.15e-04	3.95e-01	6.04e-01	0.00e+00	0.00e+00	0.00e+00	0.00e+00	0.00e+00	1.39e-208
 2.13604e+11	2.26e-44	1.44e-33	1.18e-23	2.32e-14	2.44e-04	4.15e-01	5.85e-01	0.00e+00	0.00e+00	0.00e+00	0.00e+00	0.00e+00	1.18e-140
 2.51183e+11	0.00e+00	2.06e-33	1.57e-23	2.84e-14	2.77e-04	4.34e-01	5.66e-01	0.00e+00	0.00e+00	0.00e+00	0.00e+00	0.00e+00	5.03e-208
 2.90265e+11	5.42e-44	2.95e-33	2.08e-23	3.48e-14	3.14e-04	4.53e-01	5.47e-01	0.00e+00	0.00e+00	0.00e+00	0.00e+00	0.00e+00	1.14e-139
 3.31802e+11	0.00e+00	4.26e-33	2.77e-23	4.28e-14	3.56e-04	4.73e-01	5.27e-01	0.00e+00	0.00e+00	0.00e+00	0.00e+00	0.00e+00	1.79e-207
 3.75001e+11	1.32e-43	6.14e-33	3.68e-23	5.26e-14	4.04e-04	4.93e-01	5.07e-01	0.00e+00	0.00e+00	0.00e+00	0.00e+00	0.00e+00	1.15e-138
 4.19928e+11	0.00e+00	8.84e-33	4.90e-23	6.45e-14	4.57e-04	5.13e-01	4.87e-01	0.00e+00	0.00e+00	0.00e+00	0.00e+00	0.00e+00	6.40e-207
 4.66652e+11	3.21e-43	1.27e-32	6.50e-23	7.90e-14	5.17e-04	5.33e-01	4.67e-01	0.00e+00	0.00e+00	0.00e+00	0.00e+00	0.00e+00	1.17e-137
 5.15245e+11	0.00e+00	1.83e-32	8.63e-23	9.67e-14	5.84e-04	5.52e-01	4.47e-01	0.00e+00	0.00e+00	0.00e+00	0.00e+00	0.00e+00	2.18e-206
 5.65781e+11	7.79e-43	2.62e-32	1.14e-22	1.18e-13	6.59e-04	5.72e-01	4.27e-01	0.00e+00	0.00e+00	0.00e+00	0.00e+00	0.00e+00	1.18e-136
 6.18339e+11	0.00e+00	3.77e-32	1.51e-22	1.45e-13	7.42e-04	5.92e-01	4.08e-01	0.00e+00	0.00e+00	0.00e+00	0.00e+00	0.00e+00	6.82e-206
 6.73000e+11	1.88e-42	5.41e-32	2.00e-22	1.76e-13	8.35e-04	6.11e-01	3.88e-01	0.00e+00	0.00e+00	0.00e+00	0.00e+00	0.00e+00	1.20e-135
 7.26063e+11	0.00e+00	7.57e-32	2.60e-22	2.12e-13	9.32e-04	6.29e-01	3.70e-01	0.00e+00	0.00e+00	0.00e+00	0.00e+00	0.00e+00	1.82e-205
 7.74138e+11	4.08e-42	1.02e-31	3.27e-22	2.50e-13	1.03e-03	6.44e-01	3.55e-01	0.00e+00	0.00e+00	0.00e+00	0.00e+00	0.00e+00	9.11e-135
 8.26757e+11	0.00e+00	1.39e-31	4.17e-22	2.96e-13	1.13e-03	6.60e-01	3.39e-01	0.00e+00	0.00e+00	0.00e+00	0.00e+00	0.00e+00	2.63e-205
 8.88591e+11	9.22e-42	1.98e-31	5.47e-22	3.59e-13	1.27e-03	6.77e-01	3.21e-01	0.00e+00	0.00e+00	0.00e+00	0.00e+00	0.00e+00	7.79e-134
 9.50059e+11	0.00e+00	2.77e-31	7.11e-22	4.32e-13	1.41e-03	6.94e-01	3.05e-01	0.00e+00	0.00e+00	0.00e+00	0.00e+00	0.00e+00	0.00e+00
 1.00833e+12	2.04e-41	3.77e-31	9.02e-22	5.10e-13	1.56e-03	7.08e-01	2.90e-01	0.00e+00	0.00e+00	0.00e+00	0.00e+00	0.00e+00	6.29e-133
 1.07293e+12	0.00e+00	5.24e-31	1.16e-21	6.11e-13	1.73e-03	7.23e-01	2.75e-01	0.00e+00	0.00e+00	0.00e+00	0.00e+00	0.00e+00	0.00e+00
 1.14578e+12	4.75e-41	7.51e-31	1.54e-21	7.42e-13	1.93e-03	7.39e-01	2.59e-01	0.00e+00	0.00e+00	0.00e+00	0.00e+00	0.00e+00	5.88e-132
 1.21924e+12	0.00e+00	1.06e-30	2.01e-21	8.95e-13	2.15e-03	7.54e-01	2.44e-01	0.00e+00	0.00e+00	0.00e+00	0.00e+00	0.00e+00	0.00e+00
 1.29565e+12	1.12e-40	1.51e-30	2.63e-21	1.08e-12	2.39e-03	7.68e-01	2.29e-01	0.00e+00	0.00e+00	0.00e+00	0.00e+00	0.00e+00	5.65e-131
 1.37740e+12	0.00e+00	2.16e-30	3.46e-21	1.31e-12	2.67e-03	7.82e-01	2.15e-01	0.00e+00	0.00e+00	0.00e+00	0.00e+00	0.00e+00	0.00e+00
 1.46242e+12	2.70e-40	3.09e-30	4.56e-21	1.59e-12	2.98e-03	7.96e-01	2.01e-01	0.00e+00	0.00e+00	0.00e+00	0.00e+00	0.00e+00	5.85e-130
 1.55085e+12	0.00e+00	4.42e-30	6.02e-21	1.93e-12	3.32e-03	8.08e-01	1.88e-01	0.00e+00	0.00e+00	0.00e+00	0.00e+00	0.00e+00	0.00e+00
 1.64281e+12	6.55e-40	6.33e-30	7.93e-21	2.33e-12	3.70e-03	8.21e-01	1.76e-01	0.00e+00	0.00e+00	0.00e+00	0.00e+00	0.00e+00	6.09e-129
 1.73845e+12	0.00e+00	9.07e-30	1.05e-20	2.83e-12	4.12e-03	8.32e-01	1.64e-01	0.00e+00	0.00e+00	0.00e+00	0.00e+00	0.00e+00	0.00e+00
 1.83791e+12	1.59e-39	1.30e-29	1.38e-20	3.43e-12	4.58e-03	8.43e-01	1.53e-01	0.00e+00	0.00e+00	0.00e+00	0.00e+00	0.00e+00	6.38e-128
 1.93125e+12	0.00e+00	1.80e-29	1.77e-20	4.08e-12	5.05e-03	8.52e-01	1.43e-01	0.00e+00	0.00e+00	0.00e+00	0.00e+00	0.00e+00	0.00e+00
 2.01444e+12	3.36e-39	2.39e-29	2.20e-20	4.73e-12	5.48e-03	8.59e-01	1.35e-01	0.00e+00	0.00e+00	0.00e+00	0.00e+00	0.00e+00	4.63e-127
 2.10772e+12	0.00e+00	3.24e-29	2.78e-20	5.57e-12	6.00e-03	8.67e-01	1.27e-01	0.00e+00	0.00e+00	0.00e+00	0.00e+00	0.00e+00	0.00e+00
 2.21862e+12	7.56e-39	4.61e-29	3.64e-20	6.71e-12	6.65e-03	8.76e-01	1.18e-01	0.00e+00	0.00e+00	0.00e+00	0.00e+00	0.00e+00	3.97e-126
 2.32994e+12	0.00e+00	6.48e-29	4.73e-20	8.04e-12	7.34e-03	8.83e-01	1.10e-01	0.00e+00	0.00e+00	0.00e+00	0.00e+00	0.00e+00	0.00e+00
 2.43436e+12	1.69e-38	8.82e-29	5.99e-20	9.46e-12	8.02e-03	8.89e-01	1.03e-01	0.00e+00	0.00e+00	0.00e+00	0.00e+00	0.00e+00	3.32e-125
 2.55030e+12	0.00e+00	1.23e-28	7.73e-20	1.13e-11	8.83e-03	8.96e-01	9.56e-02	0.00e+00	0.00e+00	0.00e+00	0.00e+00	0.00e+00	0.00e+00
 2.68224e+12	3.98e-38	1.77e-28	1.02e-19	1.37e-11	9.80e-03	9.02e-01	8.83e-02	0.00e+00	0.00e+00	0.00e+00	0.00e+00	0.00e+00	3.22e-124
 2.81366e+12	0.00e+00	2.51e-28	1.34e-19	1.64e-11	1.08e-02	9.07e-01	8.18e-02	0.00e+00	0.00e+00	0.00e+00	0.00e+00	0.00e+00	0.00e+00
 2.95034e+12	9.46e-38	3.57e-28	1.75e-19	1.97e-11	1.20e-02	9.12e-01	7.56e-02	0.00e+00	0.00e+00	0.00e+00	0.00e+00	0.00e+00	3.17e-123
 3.09828e+12	0.00e+00	5.14e-28	2.31e-19	2.39e-11	1.33e-02	9.17e-01	6.96e-02	0.00e+00	0.00e+00	0.00e+00	0.00e+00	0.00e+00	0.00e+00
 3.23536e+12	2.22e-37	7.12e-28	2.97e-19	2.84e-11	1.45e-02	9.21e-01	6.47e-02	0.00e+00	0.00e+00	0.00e+00	0.00e+00	0.00e+00	3.03e-122
 3.35531e+12	0.00e+00	9.42e-28	3.68e-19	3.29e-11	1.57e-02	9.24e-01	6.06e-02	0.00e+00	0.00e+00	0.00e+00	0.00e+00	0.00e+00	0.00e+00
 3.48939e+12	4.54e-37	1.27e-27	4.62e-19	3.84e-11	1.71e-02	9.26e-01	5.66e-02	0.00e+00	0.00e+00	0.00e+00	0.00e+00	0.00e+00	2.01e-121
 3.65144e+12	0.00e+00	1.81e-27	6.07e-19	4.63e-11	1.88e-02	9.29e-01	5.21e-02	0.00e+00	0.00e+00	0.00e+00	0.00e+00	0.00e+00	0.00e+00
 3.81478e+12	1.07e-36	2.54e-27	7.87e-19	5.53e-11	2.07e-02	9.31e-01	4.81e-02	0.00e+00	0.00e+00	0.00e+00	0.00e+00	0.00e+00	1.93e-120
 3.96492e+12	0.00e+00	3.45e-27	9.94e-19	6.49e-11	2.25e-02	9.33e-01	4.47e-02	0.00e+00	0.00e+00	0.00e+00	0.00e+00	0.00e+00	0.00e+00
 4.13299e+12	2.35e-36	4.81e-27	1.28e-18	7.72e-11	2.47e-02	9.34e-01	4.13e-02	0.00e+00	0.00e+00	0.00e+00	0.00e+00	0.00e+00	1.53e-119
 4.32294e+12	0.00e+00	6.89e-27	1.69e-18	9.32e-11	2.72e-02	9.35e-01	3.79e-02	0.00e+00	0.00e+00	0.00e+00	0.00e+00	0.00e+00	0.00e+00
 4.50608e+12	5.55e-36	9.63e-27	2.18e-18	1.11e-10	2.98e-02	9.35e-01	3.49e-02	0.00e+00	0.00e+00	0.00e+00	0.00e+00	0.00e+00	1.47e-118
 4.70112e+12	0.00e+00	1.36e-26	2.84e-18	1.33e-10	3.27e-02	9.35e-01	3.21e-02	0.00e+00	0.00e+00	0.00e+00	0.00e+00	0.00e+00	0.00e+00
 4.91910e+12	1.34e-35	1.97e-26	3.78e-18	1.61e-10	3.61e-02	9.35e-01	2.92e-02	0.00e+00	0.00e+00	0.00e+00	0.00e+00	0.00e+00	1.50e-117
 5.13486e+12	0.00e+00	2.80e-26	4.96e-18	1.94e-10	3.97e-02	9.34e-01	2.68e-02	0.00e+00	0.00e+00	0.00e+00	0.00e+00	0.00e+00	0.00e+00
 5.35926e+12	3.21e-35	3.99e-26	6.50e-18	2.33e-10	4.36e-02	9.32e-01	2.45e-02	0.00e+00	0.00e+00	0.00e+00	0.00e+00	0.00e+00	1.49e-116
 5.60356e+12	0.00e+00	5.77e-26	8.65e-18	2.83e-10	4.81e-02	9.30e-01	2.22e-02	0.00e+00	0.00e+00	0.00e+00	0.00e+00	0.00e+00	0.00e+00
 5.84421e+12	7.81e-35	8.21e-26	1.13e-17	3.40e-10	5.28e-02	9.27e-01	2.03e-02	0.00e+00	0.00e+00	0.00e+00	0.00e+00	0.00e+00	1.55e-115
 6.09449e+12	1.20e-34	1.17e-25	1.48e-17	4.08e-10	5.79e-02	9.24e-01	1.85e-02	0.00e+00	0.00e+00	0.00e+00	0.00e+00	0.00e+00	6.55e-98
 6.36820e+12	1.90e-34	1.69e-25	1.97e-17	4.95e-10	6.38e-02	9.19e-01	1.68e-02	0.00e+00	0.00e+00	0.00e+00	0.00e+00	0.00e+00	1.69e-283
 6.64579e+12	2.96e-34	2.42e-25	2.60e-17	5.97e-10	7.00e-02	9.15e-01	1.52e-02	0.00e+00	0.00e+00	0.00e+00	0.00e+00	0.00e+00	5.15e-114
 6.93448e+12	4.60e-34	3.46e-25	3.44e-17	7.20e-10	7.68e-02	9.09e-01	1.38e-02	0.00e+00	0.00e+00	0.00e+00	0.00e+00	0.00e+00	1.30e-96
 7.24179e+12	7.23e-34	4.99e-25	4.56e-17	8.73e-10	8.44e-02	9.03e-01	1.25e-02	0.00e+00	0.00e+00	0.00e+00	0.00e+00	0.00e+00	1.95e-283
 7.51944e+12	1.07e-33	6.87e-25	5.84e-17	1.03e-09	9.16e-02	8.97e-01	1.14e-02	0.00e+00	0.00e+00	0.00e+00	0.00e+00	0.00e+00	1.52e-112
 7.75036e+12	1.46e-33	8.86e-25	7.11e-17	1.18e-09	9.77e-02	8.92e-01	1.06e-02	0.00e+00	0.00e+00	0.00e+00	0.00e+00	0.00e+00	1.69e-95
 8.00321e+12	2.04e-33	1.16e-24	8.77e-17	1.36e-09	1.05e-01	8.86e-01	9.79e-03	0.00e+00	0.00e+00	0.00e+00	0.00e+00	0.00e+00	8.36e-112
 8.32401e+12	3.07e-33	1.62e-24	1.13e-16	1.61e-09	1.14e-01	8.77e-01	8.88e-03	0.00e+00	0.00e+00	0.00e+00	0.00e+00	0.00e+00	8.69e-95
 8.65896e+12	4.61e-33	2.25e-24	1.47e-16	1.92e-09	1.23e-01	8.68e-01	8.05e-03	0.00e+00	0.00e+00	0.00e+00	0.00e+00	0.00e+00	7.20e-111
 8.94260e+12	6.43e-33	2.95e-24	1.81e-16	2.21e-09	1.32e-01	8.61e-01	7.42e-03	0.00e+00	0.00e+00	0.00e+00	0.00e+00	0.00e+00	4.46e-94
 9.23376e+12	8.91e-33	3.85e-24	2.23e-16	2.54e-09	1.41e-01	8.52e-01	6.83e-03	0.00e+00	0.00e+00	0.00e+00	0.00e+00	0.00e+00	4.14e-110
 9.60126e+12	1.33e-32	5.33e-24	2.86e-16	3.01e-09	1.53e-01	8.41e-01	6.18e-03	0.00e+00	0.00e+00	0.00e+00	0.00e+00	0.00e+00	2.22e-93
 9.97690e+12	1.96e-32	7.32e-24	3.67e-16	3.56e-09	1.65e-01	8.30e-01	5.59e-03	0.00e+00	0.00e+00	0.00e+00	0.00e+00	0.00e+00	3.37e-109
 1.03016e+13	2.70e-32	9.52e-24	4.49e-16	4.08e-09	1.75e-01	8.19e-01	5.13e-03	0.00e+00	0.00e+00	0.00e+00	0.00e+00	0.00e+00	1.08e-92
 1.06512e+13	3.77e-32	1.25e-23	5.55e-16	4.70e-09	1.87e-01	8.08e-01	4.70e-03	0.00e+00	0.00e+00	0.00e+00	0.00e+00	0.00e+00	1.96e-108
 1.10807e+13	5.59e-32	1.72e-23	7.12e-16	5.55e-09	2.02e-01	7.94e-01	4.22e-03	0.00e+00	0.00e+00	0.00e+00	0.00e+00	0.00e+00	5.43e-92
 1.15213e+13	8.21e-32	2.35e-23	9.08e-16	6.53e-09	2.17e-01	7.80e-01	3.80e-03	0.00e+00	0.00e+00	0.00e+00	0.00e+00	0.00e+00	1.60e-107
 1.19244e+13	1.15e-31	3.09e-23	1.12e-15	7.53e-09	2.31e-01	7.66e-01	3.45e-03	0.00e+00	0.00e+00	0.00e+00	0.00e+00	0.00e+00	2.73e-91
 1.23718e+13	1.64e-31	4.13e-23	1.41e-15	8.74e-09	2.46e-01	7.51e-01	3.12e-03	0.00e+00	0.00e+00	0.00e+00	0.00e+00	0.00e+00	1.06e-106
 1.28922e+13	2.44e-31	5.71e-23	1.81e-15	1.03e-08	2.64e-01	7.33e-01	2.78e-03	0.00e+00	0.00e+00	0.00e+00	0.00e+00	0.00e+00	1.50e-90
 1.34029e+13	3.54e-31	7.71e-23	2.28e-15	1.20e-08	2.82e-01	7.16e-01	2.49e-03	0.00e+00	0.00e+00	0.00e+00	0.00e+00	0.00e+00	8.75e-106
 1.38853e+13	4.95e-31	1.01e-22	2.81e-15	1.38e-08	2.99e-01	6.99e-01	2.25e-03	0.00e+00	0.00e+00	0.00e+00	0.00e+00	0.00e+00	7.44e-90
 1.44218e+13	7.06e-31	1.35e-22	3.51e-15	1.60e-08	3.17e-01	6.81e-01	2.01e-03	0.00e+00	0.00e+00	0.00e+00	0.00e+00	0.00e+00	5.96e-105
 1.50286e+13	1.04e-30	1.84e-22	4.45e-15	1.86e-08	3.37e-01	6.61e-01	1.78e-03	0.00e+00	0.00e+00	0.00e+00	0.00e+00	0.00e+00	4.07e-89
 1.55773e+13	1.45e-30	2.41e-22	5.47e-15	2.13e-08	3.56e-01	6.43e-01	1.60e-03	0.00e+00	0.00e+00	0.00e+00	0.00e+00	0.00e+00	4.44e-104
 1.60349e+13	1.89e-30	2.98e-22	6.45e-15	2.37e-08	3.71e-01	6.28e-01	1.47e-03	0.00e+00	0.00e+00	0.00e+00	0.00e+00	0.00e+00	1.63e-88
 1.65369e+13	2.50e-30	3.74e-22	7.66e-15	2.65e-08	3.87e-01	6.12e-01	1.34e-03	0.00e+00	0.00e+00	0.00e+00	0.00e+00	0.00e+00	2.09e-103
 1.71041e+13	3.39e-30	4.78e-22	9.25e-15	2.99e-08	4.05e-01	5.94e-01	1.21e-03	0.00e+00	0.00e+00	0.00e+00	0.00e+00	0.00e+00	6.42e-88
 1.76474e+13	4.50e-30	6.00e-22	1.10e-14	3.34e-08	4.22e-01	5.77e-01	1.09e-03	0.00e+00	0.00e+00	0.00e+00	0.00e+00	0.00e+00	1.12e-102
 1.82454e+13	6.06e-30	7.62e-22	1.32e-14	3.74e-08	4.40e-01	5.59e-01	9.87e-04	0.00e+00	0.00e+00	0.00e+00	0.00e+00	0.00e+00	2.53e-87
 1.89096e+13	8.33e-30	9.84e-22	1.60e-14	4.23e-08	4.59e-01	5.40e-01	8.82e-04	0.00e+00	0.00e+00	0.00e+00	0.00e+00	0.00e+00	6.66e-102
 1.95315e+13	1.11e-29	1.24e-21	1.90e-14	4.72e-08	4.77e-01	5.22e-01	7.95e-04	0.00e+00	0.00e+00	0.00e+00	0.00e+00	0.00e+00	1.06e-86
 2.02118e+13	1.50e-29	1.57e-21	2.28e-14	5.28e-08	4.96e-01	5.03e-01	7.12e-04	0.00e+00	0.00e+00	0.00e+00	0.00e+00	0.00e+00	3.69e-101
 2.09774e+13	2.08e-29	2.04e-21	2.77e-14	5.97e-08	5.16e-01	4.83e-01	6.31e-04	0.00e+00	0.00e+00	0.00e+00	0.00e+00	0.00e+00	4.80e-86
 2.17091e+13	2.80e-29	2.59e-21	3.31e-14	6.66e-08	5.35e-01	4.64e-01	5.64e-04	0.00e+00	0.00e+00	0.00e+00	0.00e+00	0.00e+00	2.30e-100
 2.23908e+13	3.65e-29	3.20e-21	3.87e-14	7.34e-08	5.51e-01	4.48e-01	5.09e-04	0.00e+00	0.00e+00	0.00e+00	0.00e+00	0.00e+00	1.89e-85
 2.31519e+13	4.87e-29	4.02e-21	4.59e-14	8.15e-08	5.69e-01	4.30e-01	4.55e-04	0.00e+00	0.00e+00	0.00e+00	0.00e+00	0.00e+00	1.19e-99
 2.40040e+13	6.64e-29	5.14e-21	5.51e-14	9.12e-08	5.88e-01	4.11e-01	4.02e-04	0.00e+00	0.00e+00	0.00e+00	0.00e+00	0.00e+00	8.13e-85
 2.48073e+13	8.78e-29	6.41e-21	6.49e-14	1.01e-07	6.05e-01	3.94e-01	3.60e-04	0.00e+00	0.00e+00	0.00e+00	0.00e+00	0.00e+00	6.93e-99
 2.56845e+13	1.18e-28	8.09e-21	7.71e-14	1.12e-07	6.23e-01	3.77e-01	3.19e-04	0.00e+00	0.00e+00	0.00e+00	0.00e+00	0.00e+00	3.37e-84
 2.66562e+13	1.61e-28	1.04e-20	9.25e-14	1.25e-07	6.42e-01	3.58e-01	2.80e-04	0.00e+00	0.00e+00	0.00e+00	0.00e+00	0.00e+00	4.32e-98
 2.75586e+13	2.13e-28	1.29e-20	1.09e-13	1.37e-07	6.58e-01	3.42e-01	2.49e-04	0.00e+00	0.00e+00	0.00e+00	0.00e+00	0.00e+00	1.47e-83
 2.85400e+13	2.86e-28	1.62e-20	1.29e-13	1.51e-07	6.75e-01	3.25e-01	2.21e-04	0.00e+00	0.00e+00	0.00e+00	0.00e+00	0.00e+00	2.46e-97
 2.96385e+13	3.91e-28	2.08e-20	1.54e-13	1.69e-07	6.92e-01	3.08e-01	1.92e-04	0.00e+00	0.00e+00	0.00e+00	0.00e+00	0.00e+00	6.71e-83
 3.06740e+13	5.20e-28	2.60e-20	1.81e-13	1.85e-07	7.07e-01	2.92e-01	1.70e-04	0.00e+00	0.00e+00	0.00e+00	0.00e+00	0.00e+00	1.53e-96
 3.18040e+13	7.01e-28	3.28e-20	2.15e-13	2.05e-07	7.23e-01	2.77e-01	1.49e-04	0.00e+00	0.00e+00	0.00e+00	0.00e+00	0.00e+00	2.94e-82
 3.30664e+13	9.65e-28	4.22e-20	2.57e-13	2.28e-07	7.39e-01	2.61e-01	1.29e-04	0.00e+00	0.00e+00	0.00e+00	0.00e+00	0.00e+00	1.03e-95
 3.42578e+13	1.29e-27	5.29e-20	3.03e-13	2.50e-07	7.53e-01	2.46e-01	1.14e-04	0.00e+00	0.00e+00	0.00e+00	0.00e+00	0.00e+00	1.39e-81
 3.55366e+13	1.74e-27	6.67e-20	3.58e-13	2.75e-07	7.68e-01	2.32e-01	9.93e-05	0.00e+00	0.00e+00	0.00e+00	0.00e+00	0.00e+00	6.40e-95
 3.69879e+13	2.41e-27	8.60e-20	4.30e-13	3.05e-07	7.82e-01	2.18e-01	8.54e-05	0.00e+00	0.00e+00	0.00e+00	0.00e+00	0.00e+00	6.89e-81
 3.84138e+13	3.27e-27	1.09e-19	5.10e-13	3.36e-07	7.96e-01	2.04e-01	7.42e-05	0.00e+00	0.00e+00	0.00e+00	0.00e+00	0.00e+00	4.60e-94
 3.98967e+13	4.45e-27	1.38e-19	6.04e-13	3.70e-07	8.08e-01	1.92e-01	6.43e-05	0.00e+00	0.00e+00	0.00e+00	0.00e+00	0.00e+00	3.37e-80
 4.15225e+13	6.13e-27	1.78e-19	7.21e-13	4.08e-07	8.21e-01	1.79e-01	5.53e-05	0.00e+00	0.00e+00	0.00e+00	0.00e+00	0.00e+00	3.31e-93
 4.31716e+13	8.39e-27	2.26e-19	8.56e-13	4.49e-07	8.32e-01	1.67e-01	4.76e-05	0.00e+00	0.00e+00	0.00e+00	0.00e+00	0.00e+00	1.76e-79
 4.48867e+13	1.15e-26	2.88e-19	1.02e-12	4.94e-07	8.43e-01	1.56e-01	4.11e-05	0.00e+00	0.00e+00	0.00e+00	0.00e+00	0.00e+00	2.39e-92
 4.66206e+13	1.55e-26	3.64e-19	1.20e-12	5.41e-07	8.54e-01	1.46e-01	3.55e-05	0.00e+00	0.00e+00	0.00e+00	0.00e+00	0.00e+00	8.85e-79
 4.82314e+13	2.04e-26	4.49e-19	1.39e-12	5.86e-07	8.62e-01	1.38e-01	3.12e-05	0.00e+00	0.00e+00	0.00e+00	0.00e+00	0.00e+00	1.48e-91
 4.99980e+13	2.72e-26	5.60e-19	1.62e-12	6.38e-07	8.71e-01	1.29e-01	2.71e-05	0.00e+00	0.00e+00	0.00e+00	0.00e+00	0.00e+00	3.87e-78
 5.18058e+13	3.61e-26	6.96e-19	1.89e-12	6.94e-07	8.79e-01	1.21e-01	2.36e-05	0.00e+00	0.00e+00	0.00e+00	0.00e+00	0.00e+00	9.13e-91
 5.33023e+13	4.53e-26	8.29e-19	2.13e-12	7.41e-07	8.85e-01	1.15e-01	2.12e-05	0.00e+00	0.00e+00	0.00e+00	0.00e+00	0.00e+00	1.49e-77
 5.48749e+13	5.72e-26	9.90e-19	2.41e-12	7.91e-07	8.91e-01	1.09e-01	1.89e-05	0.00e+00	0.00e+00	0.00e+00	0.00e+00	0.00e+00	3.96e-90
 5.68941e+13	7.63e-26	1.23e-18	2.81e-12	8.59e-07	8.98e-01	1.02e-01	1.64e-05	0.00e+00	0.00e+00	0.00e+00	0.00e+00	0.00e+00	5.97e-77
 5.90159e+13	1.02e-25	1.54e-18	3.28e-12	9.33e-07	9.05e-01	9.54e-02	1.42e-05	0.00e+00	0.00e+00	0.00e+00	0.00e+00	0.00e+00	2.53e-89
 6.08559e+13	1.30e-25	1.86e-18	3.73e-12	9.99e-07	9.10e-01	9.01e-02	1.26e-05	0.00e+00	0.00e+00	0.00e+00	0.00e+00	0.00e+00	2.50e-76
 6.28070e+13	1.68e-25	2.25e-18	4.26e-12	1.07e-06	9.15e-01	8.50e-02	1.12e-05	0.00e+00	0.00e+00	0.00e+00	0.00e+00	0.00e+00	4.91e-76
 6.52029e+13	2.26e-25	2.82e-18	4.98e-12	1.16e-06	9.21e-01	7.92e-02	9.66e-06	0.00e+00	0.00e+00	0.00e+00	0.00e+00	0.00e+00	1.09e-75
 6.75966e+13	3.01e-25	3.51e-18	5.78e-12	1.26e-06	9.26e-01	7.40e-02	8.39e-06	0.00e+00	0.00e+00	0.00e+00	0.00e+00	0.00e+00	2.36e-75
 6.96853e+13	3.84e-25	4.22e-18	6.56e-12	1.35e-06	9.30e-01	6.99e-02	7.46e-06	0.00e+00	0.00e+00	0.00e+00	0.00e+00	0.00e+00	4.54e-75
 7.19581e+13	4.95e-25	5.12e-18	7.49e-12	1.44e-06	9.34e-01	6.58e-02	6.58e-06	0.00e+00	0.00e+00	0.00e+00	0.00e+00	0.00e+00	9.05e-75
 7.47226e+13	6.68e-25	6.43e-18	8.75e-12	1.56e-06	9.39e-01	6.13e-02	5.67e-06	0.00e+00	0.00e+00	0.00e+00	0.00e+00	0.00e+00	2.03e-74
 7.74982e+13	8.94e-25	8.02e-18	1.02e-11	1.69e-06	9.43e-01	5.72e-02	4.92e-06	0.00e+00	0.00e+00	0.00e+00	0.00e+00	0.00e+00	4.46e-74
 7.99863e+13	1.15e-24	9.70e-18	1.16e-11	1.81e-06	9.46e-01	5.38e-02	4.35e-06	0.00e+00	0.00e+00	0.00e+00	0.00e+00	0.00e+00	8.84e-74
 8.27287e+13	1.50e-24	1.19e-17	1.33e-11	1.94e-06	9.50e-01	5.05e-02	3.81e-06	0.00e+00	0.00e+00	0.00e+00	0.00e+00	0.00e+00	1.83e-73
 8.59792e+13	2.04e-24	1.50e-17	1.55e-11	2.11e-06	9.53e-01	4.69e-02	3.28e-06	0.00e+00	0.00e+00	0.00e+00	0.00e+00	0.00e+00	4.21e-73
 8.92013e+13	2.74e-24	1.87e-17	1.80e-11	2.27e-06	9.56e-01	4.37e-02	2.84e-06	0.00e+00	0.00e+00	0.00e+00	0.00e+00	0.00e+00	9.34e-73
 9.21803e+13	3.56e-24	2.28e-17	2.06e-11	2.44e-06	9.59e-01	4.10e-02	2.49e-06	0.00e+00	0.00e+00	0.00e+00	0.00e+00	0.00e+00	1.91e-72
 9.55254e+13	4.73e-24	2.82e-17	2.38e-11	2.62e-06	9.62e-01	3.83e-02	2.17e-06	0.00e+00	0.00e+00	0.00e+00	0.00e+00	0.00e+00	4.13e-72
 9.93764e+13	6.48e-24	3.58e-17	2.80e-11	2.85e-06	9.64e-01	3.55e-02	1.85e-06	0.00e+00	0.00e+00	0.00e+00	0.00e+00	0.00e+00	9.74e-72
 1.03157e+14	8.72e-24	4.48e-17	3.25e-11	3.08e-06	9.67e-01	3.30e-02	1.60e-06	0.00e+00	0.00e+00	0.00e+00	0.00e+00	0.00e+00	2.19e-71
 1.07089e+14	1.17e-23	5.60e-17	3.78e-11	3.32e-06	9.69e-01	3.07e-02	1.38e-06	0.00e+00	0.00e+00	0.00e+00	1.79e-17	3.81e-17	4.95e-71
 1.11402e+14	1.61e-23	7.10e-17	4.44e-11	3.60e-06	9.72e-01	2.84e-02	1.18e-06	0.00e+00	0.00e+00	0.00e+00	2.36e-17	4.74e-17	1.17e-70
 1.15774e+14	2.18e-23	8.94e-17	5.18e-11	3.90e-06	9.74e-01	2.64e-02	1.02e-06	0.00e+00	0.00e+00	0.00e+00	2.97e-17	5.97e-17	2.69e-70
 1.20320e+14	2.97e-23	1.13e-16	6.05e-11	4.22e-06	9.76e-01	2.45e-02	8.72e-07	0.00e+00	0.00e+00	0.00e+00	3.74e-17	7.53e-17	6.21e-70
 1.24866e+14	3.99e-23	1.41e-16	7.03e-11	4.55e-06	9.77e-01	2.28e-02	0.00e+00	0.00e+00	0.00e+00	0.00e+00	4.67e-17	9.40e-17	1.39e-69
 1.29138e+14	5.21e-23	1.72e-16	8.05e-11	4.88e-06	9.79e-01	2.13e-02	0.00e+00	0.00e+00	0.00e+00	0.00e+00	5.71e-17	1.15e-16	2.88e-69
 1.33044e+14	6.60e-23	2.06e-16	9.07e-11	5.19e-06	9.80e-01	2.01e-02	0.00e+00	0.00e+00	0.00e+00	0.00e+00	6.82e-17	1.37e-16	5.50e-69
 1.36651e+14	8.16e-23	2.41e-16	1.01e-10	5.48e-06	9.81e-01	1.91e-02	0.00e+00	0.00e+00	0.00e+00	0.00e+00	8.01e-17	1.61e-16	9.82e-69
 1.40793e+14	1.03e-22	2.88e-16	1.14e-10	5.83e-06	9.82e-01	1.80e-02	0.00e+00	0.00e+00	0.00e+00	0.00e+00	9.57e-17	1.93e-16	1.89e-68
 1.46012e+14	1.38e-22	3.59e-16	1.32e-10	6.28e-06	9.83e-01	1.67e-02	0.00e+00	0.00e+00	0.00e+00	0.00e+00	1.19e-16	2.40e-16	4.12e-68
 1.51316e+14	1.83e-22	4.44e-16	1.53e-10	6.76e-06	9.84e-01	1.56e-02	0.00e+00	0.00e+00	0.00e+00	0.00e+00	1.47e-16	2.97e-16	8.90e-68
 1.55878e+14	2.31e-22	5.30e-16	1.72e-10	7.18e-06	9.85e-01	1.47e-02	0.00e+00	0.00e+00	0.00e+00	0.00e+00	1.76e-16	3.54e-16	1.69e-67
 1.60792e+14	2.96e-22	6.38e-16	1.95e-10	7.65e-06	9.86e-01	1.38e-02	0.00e+00	0.00e+00	0.00e+00	0.00e+00	2.12e-16	4.26e-16	3.30e-67
 1.66856e+14	3.96e-22	7.95e-16	2.26e-10	8.26e-06	9.87e-01	1.28e-02	0.00e+00	0.00e+00	0.00e+00	0.00e+00	2.64e-16	5.31e-16	7.30e-67
 1.73110e+14	5.30e-22	9.91e-16	2.63e-10	8.91e-06	9.88e-01	1.19e-02	0.00e+00	0.00e+00	0.00e+00	0.00e+00	3.29e-16	6.62e-16	1.61e-66
 1.78850e+14	6.86e-22	1.20e-15	3.00e-10	9.53e-06	9.89e-01	1.11e-02	0.00e+00	0.00e+00	0.00e+00	0.00e+00	3.99e-16	8.05e-16	3.25e-66
 1.85223e+14	9.03e-22	1.48e-15	3.46e-10	1.03e-05	9.90e-01	1.04e-02	0.00e+00	0.00e+00	0.00e+00	0.00e+00	4.92e-16	9.92e-16	6.88e-66
 1.92136e+14	1.21e-21	1.85e-15	4.01e-10	1.11e-05	9.90e-01	9.63e-03	0.00e+00	0.00e+00	0.00e+00	0.00e+00	6.12e-16	1.23e-15	1.51e-65
 1.98344e+14	1.55e-21	2.23e-15	4.56e-10	1.18e-05	9.91e-01	9.03e-03	0.00e+00	0.00e+00	0.00e+00	0.00e+00	7.40e-16	1.49e-15	2.98e-65
 2.05010e+14	2.01e-21	2.72e-15	5.22e-10	1.27e-05	9.92e-01	8.44e-03	0.00e+00	0.00e+00	0.00e+00	0.00e+00	9.01e-16	1.82e-15	6.03e-65
 2.12525e+14	2.67e-21	3.37e-15	6.04e-10	1.36e-05	9.92e-01	7.84e-03	0.00e+00	0.00e+00	0.00e+00	0.00e+00	1.12e-15	2.25e-15	1.30e-64
 2.19675e+14	3.46e-21	4.10e-15	6.91e-10	1.46e-05	9.93e-01	7.33e-03	0.00e+00	0.00e+00	0.00e+00	0.00e+00	1.36e-15	2.74e-15	2.64e-64
 2.27501e+14	4.55e-21	5.05e-15	7.97e-10	1.57e-05	9.93e-01	6.82e-03	0.00e+00	0.00e+00	0.00e+00	0.00e+00	1.68e-15	3.38e-15	5.56e-64
 2.36146e+14	6.10e-21	6.31e-15	9.28e-10	1.70e-05	9.94e-01	6.32e-03	0.00e+00	0.00e+00	0.00e+00	0.00e+00	2.09e-15	4.22e-15	1.23e-63
 2.44141e+14	7.92e-21	7.69e-15	1.06e-09	1.82e-05	9.94e-01	5.91e-03	0.00e+00	0.00e+00	0.00e+00	0.00e+00	2.55e-15	5.14e-15	2.50e-63
 2.52819e+14	1.04e-20	9.46e-15	1.22e-09	1.96e-05	9.94e-01	5.50e-03	0.00e+00	0.00e+00	0.00e+00	0.00e+00	3.14e-15	6.33e-15	5.25e-63
 2.62534e+14	1.40e-20	1.18e-14	1.43e-09	2.12e-05	9.95e-01	5.09e-03	0.00e+00	0.00e+00	0.00e+00	0.00e+00	3.92e-15	7.92e-15	1.17e-62
 2.71714e+14	1.83e-20	1.45e-14	1.64e-09	2.28e-05	9.95e-01	4.74e-03	0.00e+00	0.00e+00	0.00e+00	0.00e+00	4.81e-15	9.71e-15	2.43e-62
 2.81619e+14	2.42e-20	1.80e-14	1.90e-09	2.45e-05	9.96e-01	4.40e-03	0.00e+00	0.00e+00	0.00e+00	0.00e+00	5.95e-15	1.20e-14	5.19e-62
 2.92640e+14	3.26e-20	2.25e-14	2.22e-09	2.66e-05	9.96e-01	4.07e-03	0.00e+00	0.00e+00	0.00e+00	0.00e+00	7.47e-15	1.51e-14	1.17e-61
 3.03214e+14	4.31e-20	2.78e-14	2.56e-09	2.86e-05	9.96e-01	3.78e-03	0.00e+00	0.00e+00	0.00e+00	0.00e+00	9.21e-15	1.86e-14	2.50e-61
 3.14485e+14	5.73e-20	3.45e-14	2.97e-09	3.09e-05	9.96e-01	3.51e-03	0.00e+00	0.00e+00	0.00e+00	0.00e+00	1.14e-14	2.31e-14	5.41e-61
 3.27094e+14	7.78e-20	4.36e-14	3.48e-09	3.35e-05	9.97e-01	3.24e-03	0.00e+00	0.00e+00	0.00e+00	0.00e+00	1.44e-14	2.92e-14	1.25e-60
 3.39658e+14	1.04e-19	5.45e-14	4.05e-09	3.62e-05	9.97e-01	2.99e-03	0.00e+00	0.00e+00	0.00e+00	0.00e+00	1.80e-14	3.65e-14	2.78e-60
 3.51310e+14	1.36e-19	6.65e-14	4.64e-09	3.88e-05	9.97e-01	2.79e-03	0.00e+00	0.00e+00	0.00e+00	0.00e+00	2.20e-14	4.45e-14	5.70e-60
 3.63979e+14	1.79e-19	8.21e-14	5.36e-09	4.17e-05	9.97e-01	2.60e-03	0.00e+00	0.00e+00	0.00e+00	0.00e+00	2.71e-14	5.49e-14	1.21e-59
 3.78232e+14	2.42e-19	1.03e-13	6.26e-09	4.52e-05	9.98e-01	2.40e-03	0.00e+00	0.00e+00	0.00e+00	0.00e+00	3.41e-14	6.89e-14	2.75e-59
 3.91466e+14	3.17e-19	1.26e-13	7.19e-09	4.85e-05	9.98e-01	2.24e-03	0.00e+00	0.00e+00	0.00e+00	0.00e+00	4.18e-14	8.46e-14	5.74e-59
 4.02613e+14	3.94e-19	1.49e-13	8.05e-09	5.14e-05	9.98e-01	2.11e-03	0.00e+00	0.00e+00	0.00e+00	0.00e+00	4.93e-14	9.98e-14	1.04e-58
 4.14148e+14	4.92e-19	1.76e-13	9.02e-09	5.45e-05	9.98e-01	1.99e-03	0.00e+00	0.00e+00	0.00e+00	0.00e+00	5.82e-14	1.18e-13	1.91e-58
 4.29096e+14	6.48e-19	2.17e-13	1.04e-08	5.86e-05	9.98e-01	1.85e-03	0.00e+00	0.00e+00	0.00e+00	0.00e+00	7.18e-14	1.46e-13	4.07e-58
 4.44501e+14	8.55e-19	2.68e-13	1.20e-08	6.30e-05	9.98e-01	1.72e-03	0.00e+00	0.00e+00	0.00e+00	0.00e+00	8.85e-14	1.79e-13	8.68e-58
 4.57414e+14	1.07e-18	3.18e-13	1.35e-08	6.68e-05	9.98e-01	1.63e-03	0.00e+00	0.00e+00	0.00e+00	0.00e+00	1.05e-13	2.13e-13	1.61e-57
 4.71067e+14	1.35e-18	3.78e-13	1.52e-08	7.10e-05	9.98e-01	1.53e-03	0.00e+00	0.00e+00	0.00e+00	0.00e+00	1.25e-13	2.53e-13	3.01e-57
 4.88374e+14	1.79e-18	4.68e-13	1.75e-08	7.65e-05	9.99e-01	1.42e-03	0.00e+00	0.00e+00	0.00e+00	0.00e+00	1.55e-13	3.14e-13	6.55e-57
 5.06426e+14	2.37e-18	5.81e-13	2.03e-08	8.24e-05	9.99e-01	1.32e-03	0.00e+00	0.00e+00	0.00e+00	0.00e+00	1.92e-13	3.89e-13	1.43e-56
 5.22322e+14	3.03e-18	6.98e-13	2.30e-08	8.78e-05	9.99e-01	1.24e-03	0.00e+00	0.00e+00	0.00e+00	0.00e+00	2.30e-13	4.68e-13	2.79e-56
 5.39419e+14	3.89e-18	8.45e-13	2.62e-08	9.38e-05	9.99e-01	1.16e-03	0.00e+00	0.00e+00	0.00e+00	0.00e+00	2.78e-13	5.66e-13	5.55e-56
 5.60080e+14	5.23e-18	1.06e-12	3.04e-08	1.01e-04	9.99e-01	1.07e-03	0.00e+00	0.00e+00	0.00e+00	0.00e+00	3.48e-13	7.08e-13	1.25e-55
 5.80550e+14	6.92e-18	1.31e-12	3.52e-08	1.09e-04	9.99e-01	9.96e-04	0.00e+00	0.00e+00	0.00e+00	0.00e+00	4.30e-13	8.76e-13	2.70e-55
 5.98667e+14	8.81e-18	1.57e-12	3.98e-08	1.16e-04	9.99e-01	9.36e-04	0.00e+00	0.00e+00	0.00e+00	0.00e+00	5.16e-13	1.05e-12	5.27e-55
 6.18546e+14	1.14e-17	1.90e-12	4.54e-08	1.24e-04	9.99e-01	8.75e-04	0.00e+00	0.00e+00	0.00e+00	0.00e+00	6.25e-13	1.27e-12	1.06e-54
 6.42392e+14	1.53e-17	2.38e-12	5.28e-08	1.34e-04	9.99e-01	8.09e-04	0.00e+00	0.00e+00	0.00e+00	0.00e+00	7.82e-13	1.59e-12	2.38e-54
 6.66131e+14	2.03e-17	2.95e-12	6.11e-08	1.45e-04	9.99e-01	7.51e-04	0.00e+00	0.00e+00	0.00e+00	0.00e+00	9.69e-13	1.98e-12	5.23e-54
 6.87646e+14	2.60e-17	3.56e-12	6.95e-08	1.54e-04	9.99e-01	7.03e-04	0.00e+00	0.00e+00	0.00e+00	0.00e+00	1.17e-12	2.39e-12	1.04e-53
 7.11536e+14	3.38e-17	4.35e-12	7.97e-08	1.66e-04	9.99e-01	6.55e-04	0.00e+00	0.00e+00	0.00e+00	0.00e+00	1.43e-12	2.92e-12	2.15e-53
 7.39554e+14	4.57e-17	5.46e-12	9.32e-08	1.79e-04	9.99e-01	6.05e-04	0.00e+00	3.75e-18	1.13e-17	1.88e-17	1.79e-12	3.67e-12	4.94e-53
 7.67179e+14	6.07e-17	6.78e-12	1.08e-07	1.94e-04	9.99e-01	5.60e-04	0.00e+00	4.99e-18	1.50e-17	2.50e-17	2.22e-12	4.55e-12	1.08e-52
 7.93028e+14	7.84e-17	8.24e-12	1.23e-07	2.07e-04	9.99e-01	5.23e-04	0.00e+00	6.44e-18	1.94e-17	3.23e-17	2.70e-12	5.53e-12	2.20e-52
 8.21899e+14	1.03e-16	1.02e-11	1.43e-07	2.24e-04	9.99e-01	4.85e-04	0.00e+00	8.47e-18	2.54e-17	4.25e-17	3.33e-12	6.82e-12	4.69e-52
 8.54805e+14	1.39e-16	1.28e-11	1.67e-07	2.43e-04	9.99e-01	4.46e-04	0.00e+00	1.15e-17	3.44e-17	5.75e-17	4.19e-12	8.60e-12	1.09e-51
 8.87551e+14	1.86e-16	1.59e-11	1.95e-07	2.63e-04	9.99e-01	4.12e-04	0.00e+00	1.53e-17	4.59e-17	7.67e-17	5.22e-12	1.07e-11	2.42e-51
 9.18888e+14	2.42e-16	1.95e-11	2.24e-07	2.83e-04	9.99e-01	3.83e-04	0.00e+00	1.99e-17	5.98e-17	9.99e-17	6.39e-12	1.31e-11	5.04e-51
 9.46051e+14	3.02e-16	2.31e-11	2.53e-07	3.01e-04	9.99e-01	3.60e-04	0.00e+00	2.49e-17	7.47e-17	1.25e-16	7.57e-12	1.56e-11	9.34e-51
 9.68996e+14	3.61e-16	2.66e-11	2.78e-07	3.17e-04	9.99e-01	3.42e-04	0.00e+00	2.98e-17	8.94e-17	1.49e-16	8.70e-12	1.79e-11	1.55e-50
 9.94637e+14	4.39e-16	3.09e-11	3.10e-07	3.35e-04	9.99e-01	3.23e-04	0.00e+00	3.62e-17	1.09e-16	1.82e-16	1.01e-11	2.08e-11	2.66e-50
 1.02797e+15	5.63e-16	3.74e-11	3.54e-07	3.60e-04	9.99e-01	3.01e-04	0.00e+00	4.64e-17	1.39e-16	2.33e-16	1.22e-11	2.52e-11	5.33e-50
 1.06300e+15	7.23e-16	4.55e-11	4.06e-07	3.87e-04	9.99e-01	2.80e-04	0.00e+00	5.96e-17	1.79e-16	2.99e-16	1.49e-11	3.06e-11	1.07e-49
 1.09308e+15	8.89e-16	5.34e-11	4.56e-07	4.12e-04	9.99e-01	2.64e-04	0.00e+00	7.34e-17	2.20e-16	3.68e-16	1.75e-11	3.59e-11	1.92e-49
 1.12502e+15	1.10e-15	6.30e-11	5.13e-07	4.39e-04	9.99e-01	2.48e-04	0.00e+00	9.07e-17	2.72e-16	4.55e-16	2.06e-11	4.24e-11	3.48e-49
 1.16595e+15	1.43e-15	7.73e-11	5.94e-07	4.74e-04	9.99e-01	2.29e-04	0.00e+00	1.18e-16	3.55e-16	5.92e-16	2.53e-11	5.20e-11	7.32e-49
 1.20820e+15	1.85e-15	9.47e-11	6.87e-07	5.13e-04	9.99e-01	2.12e-04	0.00e+00	1.53e-16	4.60e-16	7.68e-16	3.09e-11	6.38e-11	1.52e-48
 1.24442e+15	2.29e-15	1.12e-10	7.75e-07	5.48e-04	9.99e-01	1.98e-04	0.00e+00	1.90e-16	5.70e-16	9.52e-16	3.66e-11	7.54e-11	2.80e-48
 1.28314e+15	2.85e-15	1.33e-10	8.79e-07	5.87e-04	9.99e-01	1.85e-04	0.00e+00	2.36e-16	7.09e-16	1.18e-15	4.34e-11	8.96e-11	5.22e-48
 1.33114e+15	3.70e-15	1.64e-10	1.02e-06	6.37e-04	9.99e-01	1.71e-04	0.00e+00	3.07e-16	9.23e-16	1.54e-15	5.35e-11	1.10e-10	1.11e-47
 1.38030e+15	4.78e-15	2.01e-10	1.19e-06	6.92e-04	9.99e-01	1.57e-04	0.00e+00	3.97e-16	1.19e-15	1.99e-15	6.55e-11	1.35e-10	2.32e-47
 1.42406e+15	5.94e-15	2.39e-10	1.35e-06	7.42e-04	9.99e-01	1.47e-04	0.00e+00	4.94e-16	1.48e-15	2.48e-15	7.79e-11	1.61e-10	4.37e-47
 1.47167e+15	7.47e-15	2.87e-10	1.54e-06	8.00e-04	9.99e-01	1.36e-04	0.00e+00	6.22e-16	1.87e-15	3.12e-15	9.36e-11	1.93e-10	8.53e-47
 1.52857e+15	9.72e-15	3.54e-10	1.80e-06	8.72e-04	9.99e-01	1.25e-04	0.00e+00	8.09e-16	2.43e-15	4.06e-15	1.15e-10	2.38e-10	1.84e-46
 1.58474e+15	1.24e-14	4.32e-10	2.09e-06	9.47e-04	9.99e-01	1.15e-04	0.00e+00	1.04e-15	3.11e-15	5.20e-15	1.41e-10	2.91e-10	3.83e-46
 1.63528e+15	1.54e-14	5.13e-10	2.37e-06	1.02e-03	9.99e-01	1.07e-04	0.00e+00	1.28e-15	3.86e-15	6.44e-15	1.67e-10	3.45e-10	7.22e-46
 1.69131e+15	1.93e-14	6.16e-10	2.72e-06	1.10e-03	9.99e-01	9.95e-05	0.00e+00	1.61e-15	4.85e-15	8.10e-15	2.01e-10	4.15e-10	1.43e-45
 1.75745e+15	2.41e-14	7.60e-10	3.18e-06	1.20e-03	9.99e-01	9.11e-05	0.00e+00	2.02e-15	6.05e-15	1.01e-14	2.48e-10	5.12e-10	3.05e-45
 1.82282e+15	3.05e-14	9.26e-10	3.69e-06	1.31e-03	9.99e-01	8.39e-05	0.00e+00	2.56e-15	7.68e-15	1.28e-14	3.03e-10	6.24e-10	6.38e-45
 1.88333e+15	3.77e-14	1.11e-09	4.21e-06	1.41e-03	9.99e-01	7.78e-05	0.00e+00	3.16e-15	9.49e-15	1.59e-14	3.61e-10	7.44e-10	1.24e-44
 1.95122e+15	4.73e-14	1.34e-09	4.86e-06	1.53e-03	9.98e-01	7.18e-05	0.00e+00	3.98e-15	1.19e-14	1.99e-14	4.37e-10	9.01e-10	2.53e-44
 2.02930e+15	6.07e-14	1.65e-09	5.70e-06	1.67e-03	9.98e-01	6.56e-05	0.00e+00	5.10e-15	1.53e-14	2.56e-14	5.40e-10	1.11e-09	5.62e-44
 2.10589e+15	7.65e-14	2.02e-09	6.62e-06	1.82e-03	9.98e-01	6.03e-05	0.00e+00	6.44e-15	1.93e-14	3.23e-14	6.60e-10	1.36e-09	1.19e-43
 2.16798e+15	9.14e-14	2.36e-09	7.44e-06	1.95e-03	9.98e-01	5.64e-05	0.00e+00	7.71e-15	2.31e-14	3.87e-14	7.71e-10	1.59e-09	2.15e-43
 2.21640e+15	1.05e-13	2.65e-09	8.13e-06	2.05e-03	9.98e-01	5.37e-05	0.00e+00	8.84e-15	2.65e-14	4.43e-14	8.68e-10	1.78e-09	3.37e-43
 2.26960e+15	1.21e-13	3.01e-09	8.95e-06	2.16e-03	9.98e-01	5.08e-05	0.00e+00	1.03e-14	3.08e-14	5.14e-14	9.86e-10	2.03e-09	5.47e-43
 2.33876e+15	1.46e-13	3.54e-09	1.01e-05	2.32e-03	9.98e-01	4.75e-05	0.00e+00	1.23e-14	3.70e-14	6.18e-14	1.16e-09	2.38e-09	1.01e-42
 2.41332e+15	1.76e-13	4.18e-09	1.15e-05	2.49e-03	9.97e-01	4.42e-05	0.00e+00	1.49e-14	4.48e-14	7.48e-14	1.37e-09	2.81e-09	1.95e-42
 2.47990e+15	2.07e-13	4.83e-09	1.28e-05	2.65e-03	9.97e-01	4.15e-05	0.00e+00	1.76e-14	5.28e-14	8.81e-14	1.58e-09	3.25e-09	3.39e-42
 2.55146e+15	2.46e-13	5.63e-09	1.43e-05	2.83e-03	9.97e-01	3.89e-05	0.00e+00	2.09e-14	6.27e-14	1.05e-13	1.84e-09	3.78e-09	6.07e-42
 2.64376e+15	3.04e-13	6.82e-09	1.65e-05	3.08e-03	9.97e-01	3.59e-05	0.00e+00	2.59e-14	7.76e-14	1.30e-13	2.23e-09	4.58e-09	1.27e-41
 2.73710e+15	3.72e-13	8.20e-09	1.90e-05	3.33e-03	9.97e-01	3.32e-05	0.00e+00	3.17e-14	9.51e-14	1.59e-13	2.69e-09	5.51e-09	2.62e-41
 2.81361e+15	4.37e-13	9.50e-09	2.12e-05	3.55e-03	9.96e-01	3.12e-05	0.00e+00	3.72e-14	1.12e-13	1.87e-13	3.11e-09	6.38e-09	4.63e-41
 2.89417e+15	5.16e-13	1.10e-08	2.37e-05	3.79e-03	9.96e-01	2.93e-05	0.00e+00	4.40e-14	1.32e-13	2.21e-13	3.62e-09	7.42e-09	8.43e-41
 2.99852e+15	6.34e-13	1.34e-08	2.73e-05	4.11e-03	9.96e-01	2.71e-05	0.00e+00	5.41e-14	1.62e-13	2.71e-13	4.39e-09	8.98e-09	1.79e-40
 3.10902e+15	7.78e-13	1.62e-08	3.16e-05	4.47e-03	9.95e-01	2.50e-05	0.00e+00	6.65e-14	2.00e-13	3.33e-13	5.33e-09	1.09e-08	3.86e-40
 3.20670e+15	9.28e-13	1.91e-08	3.57e-05	4.79e-03	9.95e-01	2.33e-05	0.00e+00	7.95e-14	2.39e-13	3.98e-13	6.29e-09	1.29e-08	7.42e-40
 3.31244e+15	1.12e-12	2.28e-08	4.07e-05	5.16e-03	9.95e-01	2.17e-05	0.00e+00	9.59e-14	2.88e-13	4.81e-13	7.49e-09	1.53e-08	1.48e-39
 3.43967e+15	1.38e-12	2.80e-08	4.73e-05	5.63e-03	9.94e-01	2.00e-05	0.00e+00	1.19e-13	3.56e-13	5.95e-13	9.20e-09	1.88e-08	3.32e-39
 3.56635e+15	1.69e-12	3.40e-08	5.46e-05	6.12e-03	9.94e-01	1.85e-05	0.00e+00	1.45e-13	4.35e-13	7.27e-13	1.12e-08	2.28e-08	7.15e-39
 3.68084e+15	2.02e-12	4.03e-08	6.19e-05	6.57e-03	9.93e-01	1.72e-05	0.00e+00	1.74e-13	5.22e-13	8.71e-13	1.33e-08	2.71e-08	1.39e-38
 3.80797e+15	2.45e-12	4.85e-08	7.09e-05	7.10e-03	9.93e-01	1.60e-05	0.00e+00	2.11e-13	6.33e-13	1.06e-12	1.60e-08	3.25e-08	2.88e-38
 3.95744e+15	3.01e-12	5.99e-08	8.28e-05	7.76e-03	9.92e-01	1.48e-05	0.00e+00	2.60e-13	7.81e-13	1.30e-12	1.97e-08	4.02e-08	6.48e-38
 4.10425e+15	3.67e-12	7.30e-08	9.58e-05	8.43e-03	9.91e-01	1.37e-05	0.00e+00	3.17e-13	9.51e-13	1.59e-12	2.40e-08	4.89e-08	1.39e-37
 4.24025e+15	4.42e-12	8.71e-08	1.09e-04	9.08e-03	9.91e-01	1.28e-05	0.00e+00	3.82e-13	1.15e-12	1.92e-12	2.87e-08	5.84e-08	2.76e-37
 4.39320e+15	5.33e-12	1.06e-07	1.26e-04	9.85e-03	9.90e-01	1.19e-05	0.00e+00	4.62e-13	1.39e-12	2.32e-12	3.49e-08	7.10e-08	5.84e-37
 4.54055e+15	6.43e-12	1.27e-07	1.43e-04	1.06e-02	9.89e-01	1.11e-05	0.00e+00	5.57e-13	1.67e-12	2.79e-12	4.17e-08	8.49e-08	1.15e-36
 4.64925e+15	7.18e-12	1.44e-07	1.58e-04	1.12e-02	9.89e-01	1.06e-05	0.00e+00	6.23e-13	1.87e-12	3.12e-12	4.75e-08	9.66e-08	1.87e-36
 4.75855e+15	8.21e-12	1.64e-07	1.73e-04	1.18e-02	9.88e-01	1.02e-05	0.00e+00	7.13e-13	2.14e-12	3.57e-12	5.40e-08	1.10e-07	3.04e-36
 4.90063e+15	9.74e-12	1.92e-07	1.95e-04	1.26e-02	9.87e-01	9.58e-06	0.00e+00	8.48e-13	2.54e-12	4.25e-12	6.35e-08	1.29e-07	5.62e-36
 5.05459e+15	1.16e-11	2.28e-07	2.20e-04	1.35e-02	9.86e-01	9.02e-06	0.00e+00	1.01e-12	3.03e-12	5.05e-12	7.52e-08	1.53e-07	1.06e-35
 5.19250e+15	1.35e-11	2.64e-07	2.45e-04	1.44e-02	9.85e-01	8.59e-06	0.00e+00	1.17e-12	3.53e-12	5.88e-12	8.73e-08	1.77e-07	1.83e-35
 5.34026e+15	1.58e-11	3.09e-07	2.75e-04	1.54e-02	9.84e-01	8.15e-06	0.00e+00	1.38e-12	4.14e-12	6.92e-12	1.02e-07	2.07e-07	3.26e-35
 5.53227e+15	1.95e-11	3.77e-07	3.17e-04	1.67e-02	9.83e-01	7.65e-06	0.00e+00	1.70e-12	5.11e-12	8.52e-12	1.25e-07	2.53e-07	6.82e-35
 5.72617e+15	2.36e-11	4.57e-07	3.64e-04	1.80e-02	9.82e-01	7.20e-06	0.00e+00	2.06e-12	6.19e-12	1.03e-11	1.51e-07	3.06e-07	1.36e-34
 5.88233e+15	2.73e-11	5.30e-07	4.06e-04	1.92e-02	9.80e-01	6.88e-06	0.00e+00	2.39e-12	7.18e-12	1.20e-11	1.75e-07	3.55e-07	2.34e-34
 6.04505e+15	3.23e-11	6.19e-07	4.54e-04	2.04e-02	9.79e-01	6.57e-06	0.00e+00	2.83e-12	8.49e-12	1.42e-11	2.05e-07	4.14e-07	4.09e-34
 6.25659e+15	3.98e-11	7.52e-07	5.22e-04	2.21e-02	9.77e-01	6.19e-06	0.00e+00	3.49e-12	1.05e-11	1.75e-11	2.49e-07	5.04e-07	8.29e-34
 6.48100e+15	4.89e-11	9.17e-07	6.02e-04	2.39e-02	9.75e-01	5.85e-06	0.00e+00	4.29e-12	1.29e-11	2.15e-11	3.03e-07	6.14e-07	1.67e-33
 6.67638e+15	5.85e-11	1.08e-06	6.80e-04	2.56e-02	9.74e-01	5.59e-06	0.00e+00	5.15e-12	1.54e-11	2.58e-11	3.59e-07	7.26e-07	2.98e-33
 6.88464e+15	7.07e-11	1.29e-06	7.71e-04	2.75e-02	9.72e-01	5.34e-06	0.00e+00	6.22e-12	1.87e-11	3.11e-11	4.28e-07	8.66e-07	5.54e-33
 7.14241e+15	8.85e-11	1.60e-06	8.98e-04	3.00e-02	9.69e-01	5.05e-06	0.00e+00	7.80e-12	2.34e-11	3.90e-11	5.28e-07	1.07e-06	1.13e-32
 7.39835e+15	1.10e-10	1.95e-06	1.04e-03	3.26e-02	9.66e-01	4.81e-06	0.00e+00	9.68e-12	2.90e-11	4.84e-11	6.45e-07	1.30e-06	2.22e-32
 7.61972e+15	1.32e-10	2.31e-06	1.17e-03	3.49e-02	9.64e-01	4.64e-06	0.00e+00	1.17e-11	3.50e-11	5.83e-11	7.64e-07	1.54e-06	3.91e-32
 7.86233e+15	1.62e-10	2.77e-06	1.34e-03	3.76e-02	9.61e-01	4.45e-06	0.00e+00	1.43e-11	4.29e-11	7.16e-11	9.18e-07	1.85e-06	7.25e-32
 8.13447e+15	1.99e-10	3.37e-06	1.54e-03	4.07e-02	9.58e-01	4.26e-06	0.00e+00	1.76e-11	5.28e-11	8.81e-11	1.12e-06	2.25e-06	1.39e-31
 8.38779e+15	2.41e-10	4.02e-06	1.75e-03	4.38e-02	9.54e-01	4.10e-06	0.00e+00	2.14e-11	6.42e-11	1.07e-10	1.33e-06	2.69e-06	2.46e-31
 8.62237e+15	2.88e-10	4.71e-06	1.97e-03	4.68e-02	9.51e-01	3.97e-06	0.00e+00	2.55e-11	7.66e-11	1.28e-10	1.56e-06	3.15e-06	4.12e-31
 8.84365e+15	3.39e-10	5.46e-06	2.19e-03	4.97e-02	9.48e-01	3.87e-06	0.00e+00	3.01e-11	9.02e-11	1.50e-10	1.81e-06	3.65e-06	6.57e-31
 9.08517e+15	4.05e-10	6.41e-06	2.46e-03	5.31e-02	9.44e-01	3.75e-06	0.00e+00	3.60e-11	1.08e-10	1.80e-10	2.12e-06	4.28e-06	1.11e-30
 9.34324e+15	4.89e-10	7.55e-06	2.78e-03	5.69e-02	9.40e-01	3.65e-06	0.00e+00	4.35e-11	1.30e-10	2.18e-10	2.50e-06	5.04e-06	1.84e-30
 9.57584e+15	5.73e-10	8.71e-06	3.09e-03	6.03e-02	9.37e-01	3.55e-06	0.00e+00	5.10e-11	1.53e-10	2.55e-10	2.89e-06	5.82e-06	2.87e-30
 9.83128e+15	6.90e-10	1.02e-05	3.47e-03	6.45e-02	9.32e-01	3.46e-06	0.00e+00	6.15e-11	1.85e-10	3.08e-10	3.39e-06	6.83e-06	4.77e-30
 1.01100e+16	8.29e-10	1.21e-05	3.93e-03	6.91e-02	9.27e-01	3.37e-06	0.00e+00	7.40e-11	2.22e-10	3.70e-10	4.01e-06	8.07e-06	7.85e-30
 1.03709e+16	9.91e-10	1.41e-05	4.40e-03	7.38e-02	9.22e-01	3.29e-06	0.00e+00	8.85e-11	2.66e-10	4.43e-10	4.67e-06	9.40e-06	1.25e-29
 1.06620e+16	1.21e-09	1.67e-05	5.00e-03	7.91e-02	9.16e-01	3.21e-06	0.00e+00	1.08e-10	3.24e-10	5.40e-10	5.55e-06	1.12e-05	2.10e-29
 1.09761e+16	1.48e-09	2.00e-05	5.71e-03	8.53e-02	9.09e-01	3.13e-06	0.00e+00	1.33e-10	3.99e-10	6.65e-10	6.63e-06	1.33e-05	3.53e-29
 1.12645e+16	1.77e-09	2.34e-05	6.44e-03	9.12e-02	9.02e-01	3.06e-06	0.00e+00	1.59e-10	4.77e-10	7.96e-10	7.77e-06	1.56e-05	5.60e-29
 1.15379e+16	2.11e-09	2.72e-05	7.22e-03	9.72e-02	8.96e-01	3.00e-06	0.00e+00	1.89e-10	5.68e-10	9.47e-10	9.03e-06	1.81e-05	8.63e-29
 1.18472e+16	2.59e-09	3.24e-05	8.23e-03	1.04e-01	8.87e-01	2.93e-06	0.00e+00	2.33e-10	6.99e-10	1.17e-09	1.07e-05	2.16e-05	1.44e-28
 1.21789e+16	3.22e-09	3.86e-05	9.42e-03	1.13e-01	8.78e-01	2.87e-06	0.00e+00	2.89e-10	8.68e-10	1.45e-09	1.28e-05	2.58e-05	2.37e-28
 1.24713e+16	3.87e-09	4.50e-05	1.06e-02	1.20e-01	8.69e-01	2.83e-06	0.00e+00	3.49e-10	1.05e-09	1.74e-09	1.50e-05	3.01e-05	3.61e-28
 1.27833e+16	4.71e-09	5.35e-05	1.21e-02	1.29e-01	8.59e-01	2.77e-06	0.00e+00	4.24e-10	1.27e-09	2.12e-09	1.78e-05	3.57e-05	5.88e-28
 1.31233e+16	5.88e-09	6.40e-05	1.39e-02	1.39e-01	8.47e-01	2.73e-06	0.00e+00	5.31e-10	1.59e-09	2.65e-09	2.13e-05	4.27e-05	9.65e-28
 1.34283e+16	7.14e-09	7.50e-05	1.57e-02	1.48e-01	8.36e-01	2.69e-06	0.00e+00	6.45e-10	1.94e-09	3.23e-09	2.49e-05	5.01e-05	1.47e-27
 1.36946e+16	8.46e-09	8.62e-05	1.75e-02	1.57e-01	8.25e-01	2.66e-06	0.00e+00	7.65e-10	2.29e-09	3.83e-09	2.87e-05	5.75e-05	2.14e-27
 1.39820e+16	1.02e-08	1.01e-04	1.98e-02	1.67e-01	8.13e-01	2.62e-06	0.00e+00	9.19e-10	2.76e-09	4.60e-09	3.36e-05	6.74e-05	3.30e-27
 1.42933e+16	1.25e-08	1.19e-04	2.26e-02	1.79e-01	7.98e-01	2.59e-06	0.00e+00	1.13e-09	3.40e-09	5.67e-09	3.97e-05	7.97e-05	5.18e-27
 1.45674e+16	1.50e-08	1.38e-04	2.53e-02	1.90e-01	7.85e-01	2.58e-06	0.00e+00	1.36e-09	4.08e-09	6.79e-09	4.60e-05	9.22e-05	7.57e-27
 1.48122e+16	1.78e-08	1.58e-04	2.82e-02	2.00e-01	7.71e-01	2.55e-06	0.00e+00	1.61e-09	4.84e-09	8.06e-09	5.26e-05	1.05e-04	1.08e-26
 1.50874e+16	2.14e-08	1.85e-04	3.18e-02	2.13e-01	7.55e-01	2.52e-06	0.00e+00	1.94e-09	5.82e-09	9.71e-09	6.15e-05	1.23e-04	1.64e-26
 1.53830e+16	2.64e-08	2.19e-04	3.63e-02	2.27e-01	7.36e-01	2.51e-06	0.00e+00	2.40e-09	7.21e-09	1.20e-08	7.28e-05	1.46e-04	2.58e-26
 1.56389e+16	3.17e-08	2.53e-04	4.08e-02	2.40e-01	7.19e-01	2.52e-06	0.00e+00	2.89e-09	8.67e-09	1.45e-08	8.41e-05	1.69e-04	3.76e-26
 1.58665e+16	3.77e-08	2.89e-04	4.53e-02	2.52e-01	7.03e-01	2.51e-06	0.00e+00	3.43e-09	1.03e-08	1.72e-08	9.62e-05	1.93e-04	5.34e-26
 1.61237e+16	4.55e-08	3.38e-04	5.12e-02	2.67e-01	6.82e-01	2.49e-06	0.00e+00	4.15e-09	1.24e-08	2.07e-08	1.12e-04	2.25e-04	8.11e-26
 1.63989e+16	5.66e-08	4.01e-04	5.85e-02	2.83e-01	6.58e-01	2.49e-06	0.00e+00	5.17e-09	1.55e-08	2.58e-08	1.33e-04	2.67e-04	1.29e-25
 1.66333e+16	6.84e-08	4.63e-04	6.57e-02	2.98e-01	6.36e-01	2.51e-06	0.00e+00	6.25e-09	1.87e-08	3.12e-08	1.54e-04	3.09e-04	1.89e-25
 1.68372e+16	8.00e-08	5.26e-04	7.27e-02	3.12e-01	6.15e-01	2.51e-06	0.00e+00	7.31e-09	2.19e-08	3.65e-08	1.75e-04	3.51e-04	2.63e-25
 1.70655e+16	9.79e-08	6.05e-04	8.17e-02	3.28e-01	5.90e-01	2.50e-06	0.00e+00	8.96e-09	2.69e-08	4.48e-08	2.01e-04	4.04e-04	3.83e-25
 1.73115e+16	1.21e-07	7.26e-04	9.34e-02	3.46e-01	5.60e-01	2.52e-06	0.00e+00	1.10e-08	3.31e-08	5.52e-08	2.42e-04	4.84e-04	6.41e-25
 1.75182e+16	1.45e-07	8.36e-04	1.04e-01	3.61e-01	5.33e-01	2.55e-06	0.00e+00	1.32e-08	3.97e-08	6.62e-08	2.79e-04	5.58e-04	9.48e-25
 1.76897e+16	1.72e-07	9.47e-04	1.15e-01	3.75e-01	5.09e-01	2.60e-06	8.18e-12	1.58e-08	4.74e-08	7.89e-08	3.15e-04	6.31e-04	1.35e-24
