#depth	C	C+	C+2	C+3	C+4	C+5	C+6	C[1]	C[2]	C[3]	C+[1]	C+[2]	CO
 1.49634e+10	0.00e+00	7.85e-29	6.26e-20	1.48e-11	1.20e-02	9.16e-01	7.17e-02	0.00e+00	0.00e+00	0.00e+00	0.00e+00	0.00e+00	0.00e+00
 4.54887e+10	1.29e-38	1.13e-28	8.26e-20	1.79e-11	1.32e-02	9.21e-01	6.60e-02	0.00e+00	0.00e+00	0.00e+00	0.00e+00	0.00e+00	7.41e-126
 7.72350e+10	0.00e+00	1.63e-28	1.09e-19	2.16e-11	1.47e-02	9.25e-01	6.07e-02	0.00e+00	0.00e+00	0.00e+00	0.00e+00	0.00e+00	0.00e+00
 1.10251e+11	3.21e-38	2.35e-28	1.45e-19	2.62e-11	1.63e-02	9.28e-01	5.58e-02	0.00e+00	0.00e+00	0.00e+00	0.00e+00	0.00e+00	8.17e-125
 1.42134e+11	0.00e+00	3.30e-28	1.88e-19	3.13e-11	1.79e-02	9.31e-01	5.15e-02	0.00e+00	0.00e+00	0.00e+00	0.00e+00	0.00e+00	0.00e+00
 1.71948e+11	7.20e-38	4.50e-28	2.38e-19	3.67e-11	1.95e-02	9.33e-01	4.79e-02	0.00e+00	0.00e+00	0.00e+00	0.00e+00	0.00e+00	6.90e-124
 2.05408e+11	0.00e+00	6.30e-28	3.08e-19	4.38e-11	2.14e-02	9.34e-01	4.42e-02	0.00e+00	0.00e+00	0.00e+00	0.00e+00	0.00e+00	0.00e+00
 2.43551e+11	1.73e-37	9.12e-28	4.09e-19	5.30e-11	2.37e-02	9.36e-01	4.05e-02	0.00e+00	0.00e+00	0.00e+00	0.00e+00	0.00e+00	6.97e-123
 2.81304e+11	0.00e+00	1.30e-27	5.36e-19	6.37e-11	2.61e-02	9.37e-01	3.72e-02	0.00e+00	0.00e+00	0.00e+00	0.00e+00	0.00e+00	0.00e+00
 3.20568e+11	4.17e-37	1.85e-27	7.04e-19	7.65e-11	2.87e-02	9.37e-01	3.41e-02	0.00e+00	0.00e+00	0.00e+00	0.00e+00	0.00e+00	7.06e-122
 3.63317e+11	0.00e+00	2.69e-27	9.36e-19	9.28e-11	3.17e-02	9.37e-01	3.11e-02	0.00e+00	0.00e+00	0.00e+00	0.00e+00	0.00e+00	0.00e+00
 4.06516e+11	1.04e-36	3.86e-27	1.24e-18	1.12e-10	3.50e-02	9.37e-01	2.84e-02	0.00e+00	0.00e+00	0.00e+00	0.00e+00	0.00e+00	7.81e-121
 4.51443e+11	0.00e+00	5.56e-27	1.63e-18	1.35e-10	3.86e-02	9.35e-01	2.59e-02	0.00e+00	0.00e+00	0.00e+00	0.00e+00	0.00e+00	0.00e+00
 4.97782e+11	2.56e-36	7.99e-27	2.16e-18	1.63e-10	4.25e-02	9.34e-01	2.37e-02	0.00e+00	0.00e+00	0.00e+00	0.00e+00	0.00e+00	8.35e-120
 5.43384e+11	0.00e+00	1.13e-26	2.81e-18	1.95e-10	4.65e-02	9.32e-01	2.17e-02	0.00e+00	0.00e+00	0.00e+00	0.00e+00	0.00e+00	0.00e+00
 5.92455e+11	6.12e-36	1.61e-26	3.70e-18	2.34e-10	5.11e-02	9.29e-01	1.97e-02	0.00e+00	0.00e+00	0.00e+00	0.00e+00	0.00e+00	8.20e-119
 6.46080e+11	0.00e+00	2.35e-26	4.94e-18	2.84e-10	5.64e-02	9.26e-01	1.79e-02	0.00e+00	0.00e+00	0.00e+00	0.00e+00	0.00e+00	0.00e+00
 7.01850e+11	1.56e-35	3.42e-26	6.59e-18	3.46e-10	6.23e-02	9.22e-01	1.62e-02	0.00e+00	0.00e+00	0.00e+00	0.00e+00	0.00e+00	9.47e-118
 7.59851e+11	0.00e+00	4.98e-26	8.81e-18	4.20e-10	6.86e-02	9.17e-01	1.46e-02	0.00e+00	0.00e+00	0.00e+00	0.00e+00	0.00e+00	0.00e+00
 8.20172e+11	3.96e-35	7.25e-26	1.18e-17	5.10e-10	7.56e-02	9.11e-01	1.32e-02	0.00e+00	0.00e+00	0.00e+00	0.00e+00	0.00e+00	1.09e-116
 8.74752e+11	0.00e+00	1.01e-25	1.52e-17	6.04e-10	8.23e-02	9.06e-01	1.21e-02	0.00e+00	0.00e+00	0.00e+00	0.00e+00	0.00e+00	9.77e-100
 9.20263e+11	8.25e-35	1.31e-25	1.86e-17	6.92e-10	8.80e-02	9.01e-01	1.12e-02	0.00e+00	0.00e+00	0.00e+00	0.00e+00	0.00e+00	0.00e+00
 9.70136e+11	1.17e-34	1.73e-25	2.31e-17	8.01e-10	9.45e-02	8.95e-01	1.03e-02	0.00e+00	0.00e+00	0.00e+00	0.00e+00	0.00e+00	1.85e-115
 1.03325e+12	1.79e-34	2.44e-25	3.01e-17	9.57e-10	1.03e-01	8.88e-01	9.36e-03	0.00e+00	0.00e+00	0.00e+00	0.00e+00	0.00e+00	2.71e-97
 1.09909e+12	2.74e-34	3.45e-25	3.93e-17	1.14e-09	1.12e-01	8.79e-01	8.46e-03	0.00e+00	0.00e+00	0.00e+00	0.00e+00	0.00e+00	0.00e+00
 1.15500e+12	3.88e-34	4.57e-25	4.89e-17	1.32e-09	1.21e-01	8.72e-01	7.79e-03	0.00e+00	0.00e+00	0.00e+00	0.00e+00	0.00e+00	4.30e-114
 1.21253e+12	5.48e-34	6.04e-25	6.08e-17	1.53e-09	1.29e-01	8.64e-01	7.16e-03	0.00e+00	0.00e+00	0.00e+00	0.00e+00	0.00e+00	3.14e-96
 1.28491e+12	8.33e-34	8.47e-25	7.91e-17	1.82e-09	1.40e-01	8.53e-01	6.45e-03	0.00e+00	0.00e+00	0.00e+00	0.00e+00	0.00e+00	0.00e+00
 1.35843e+12	1.25e-33	1.18e-24	1.02e-16	2.17e-09	1.52e-01	8.42e-01	5.82e-03	0.00e+00	0.00e+00	0.00e+00	0.00e+00	0.00e+00	9.38e-113
 1.42154e+12	1.75e-33	1.55e-24	1.26e-16	2.49e-09	1.63e-01	8.32e-01	5.34e-03	0.00e+00	0.00e+00	0.00e+00	0.00e+00	0.00e+00	3.96e-95
 1.48929e+12	2.48e-33	2.05e-24	1.57e-16	2.89e-09	1.74e-01	8.21e-01	4.87e-03	0.00e+00	0.00e+00	0.00e+00	0.00e+00	0.00e+00	5.69e-112
 1.57310e+12	3.74e-33	2.86e-24	2.04e-16	3.43e-09	1.88e-01	8.07e-01	4.37e-03	0.00e+00	0.00e+00	0.00e+00	0.00e+00	0.00e+00	2.07e-94
 1.65902e+12	5.59e-33	3.96e-24	2.63e-16	4.07e-09	2.03e-01	7.93e-01	3.91e-03	0.00e+00	0.00e+00	0.00e+00	0.00e+00	0.00e+00	4.95e-111
 1.73644e+12	7.91e-33	5.25e-24	3.28e-16	4.71e-09	2.17e-01	7.79e-01	3.55e-03	0.00e+00	0.00e+00	0.00e+00	0.00e+00	0.00e+00	1.06e-93
 1.82158e+12	1.14e-32	7.05e-24	4.13e-16	5.48e-09	2.32e-01	7.65e-01	3.20e-03	0.00e+00	0.00e+00	0.00e+00	0.00e+00	0.00e+00	3.32e-110
 1.92206e+12	1.72e-32	9.85e-24	5.36e-16	6.52e-09	2.50e-01	7.47e-01	2.84e-03	0.00e+00	0.00e+00	0.00e+00	0.00e+00	0.00e+00	5.82e-93
 2.02267e+12	2.54e-32	1.35e-23	6.88e-16	7.68e-09	2.69e-01	7.29e-01	2.53e-03	0.00e+00	0.00e+00	0.00e+00	0.00e+00	0.00e+00	2.90e-109
 2.11819e+12	3.62e-32	1.80e-23	8.61e-16	8.90e-09	2.86e-01	7.12e-01	2.27e-03	0.00e+00	0.00e+00	0.00e+00	0.00e+00	0.00e+00	3.01e-92
 2.22373e+12	5.26e-32	2.44e-23	1.09e-15	1.04e-08	3.05e-01	6.93e-01	2.02e-03	0.00e+00	0.00e+00	0.00e+00	0.00e+00	0.00e+00	2.10e-108
 2.34261e+12	7.85e-32	3.37e-23	1.40e-15	1.23e-08	3.27e-01	6.71e-01	1.78e-03	0.00e+00	0.00e+00	0.00e+00	0.00e+00	0.00e+00	1.67e-91
 2.46141e+12	1.15e-31	4.59e-23	1.79e-15	1.44e-08	3.48e-01	6.50e-01	1.57e-03	0.00e+00	0.00e+00	0.00e+00	0.00e+00	0.00e+00	1.79e-107
 2.56650e+12	1.58e-31	5.95e-23	2.19e-15	1.64e-08	3.67e-01	6.32e-01	1.41e-03	0.00e+00	0.00e+00	0.00e+00	0.00e+00	0.00e+00	7.94e-91
 2.65460e+12	2.05e-31	7.33e-23	2.57e-15	1.82e-08	3.82e-01	6.17e-01	1.29e-03	0.00e+00	0.00e+00	0.00e+00	0.00e+00	0.00e+00	8.95e-107
 2.74940e+12	2.67e-31	9.10e-23	3.04e-15	2.03e-08	3.98e-01	6.01e-01	1.17e-03	0.00e+00	0.00e+00	0.00e+00	0.00e+00	0.00e+00	2.59e-90
 2.87263e+12	3.73e-31	1.19e-22	3.75e-15	2.32e-08	4.19e-01	5.80e-01	1.04e-03	0.00e+00	0.00e+00	0.00e+00	0.00e+00	0.00e+00	4.85e-106
 3.00160e+12	5.21e-31	1.56e-22	4.63e-15	2.66e-08	4.40e-01	5.59e-01	9.24e-04	0.00e+00	0.00e+00	0.00e+00	0.00e+00	0.00e+00	1.17e-89
 3.11168e+12	6.84e-31	1.95e-22	5.49e-15	2.97e-08	4.57e-01	5.42e-01	8.35e-04	0.00e+00	0.00e+00	0.00e+00	0.00e+00	0.00e+00	2.71e-105
 3.22844e+12	9.03e-31	2.43e-22	6.54e-15	3.31e-08	4.75e-01	5.24e-01	7.52e-04	0.00e+00	0.00e+00	0.00e+00	0.00e+00	0.00e+00	4.14e-89
 3.37528e+12	1.26e-30	3.19e-22	8.06e-15	3.78e-08	4.97e-01	5.02e-01	6.60e-04	0.00e+00	0.00e+00	0.00e+00	0.00e+00	0.00e+00	1.58e-104
 3.52648e+12	1.75e-30	4.16e-22	9.89e-15	4.31e-08	5.19e-01	4.80e-01	5.80e-04	0.00e+00	0.00e+00	0.00e+00	0.00e+00	0.00e+00	1.91e-88
 3.65968e+12	2.31e-30	5.20e-22	1.18e-14	4.80e-08	5.38e-01	4.62e-01	5.18e-04	0.00e+00	0.00e+00	0.00e+00	0.00e+00	0.00e+00	9.17e-104
 3.80422e+12	3.09e-30	6.55e-22	1.40e-14	5.37e-08	5.57e-01	4.43e-01	4.61e-04	0.00e+00	0.00e+00	0.00e+00	0.00e+00	0.00e+00	7.15e-88
 3.96388e+12	4.19e-30	8.38e-22	1.70e-14	6.04e-08	5.77e-01	4.23e-01	4.05e-04	0.00e+00	0.00e+00	0.00e+00	0.00e+00	0.00e+00	5.26e-103
 4.11119e+12	5.49e-30	1.04e-21	2.01e-14	6.70e-08	5.95e-01	4.05e-01	3.61e-04	0.00e+00	0.00e+00	0.00e+00	0.00e+00	0.00e+00	2.76e-87
 4.27069e+12	7.27e-30	1.30e-21	2.38e-14	7.45e-08	6.13e-01	3.87e-01	3.20e-04	0.00e+00	0.00e+00	0.00e+00	0.00e+00	0.00e+00	2.70e-102
 4.44847e+12	9.80e-30	1.66e-21	2.86e-14	8.35e-08	6.32e-01	3.67e-01	2.80e-04	0.00e+00	0.00e+00	0.00e+00	0.00e+00	0.00e+00	1.10e-86
 4.61487e+12	1.28e-29	2.06e-21	3.38e-14	9.23e-08	6.49e-01	3.50e-01	2.48e-04	0.00e+00	0.00e+00	0.00e+00	0.00e+00	0.00e+00	1.49e-101
 4.79605e+12	1.70e-29	2.58e-21	4.01e-14	1.02e-07	6.67e-01	3.33e-01	2.18e-04	0.00e+00	0.00e+00	0.00e+00	0.00e+00	0.00e+00	4.13e-86
 4.99741e+12	2.29e-29	3.27e-21	4.81e-14	1.14e-07	6.85e-01	3.15e-01	1.90e-04	0.00e+00	0.00e+00	0.00e+00	0.00e+00	0.00e+00	8.72e-101
 5.18543e+12	3.00e-29	4.05e-21	5.65e-14	1.26e-07	7.01e-01	2.99e-01	1.67e-04	0.00e+00	0.00e+00	0.00e+00	0.00e+00	0.00e+00	1.64e-85
 5.39033e+12	3.97e-29	5.07e-21	6.69e-14	1.40e-07	7.17e-01	2.83e-01	1.47e-04	0.00e+00	0.00e+00	0.00e+00	0.00e+00	0.00e+00	4.71e-100
 5.61937e+12	5.36e-29	6.44e-21	8.02e-14	1.56e-07	7.34e-01	2.66e-01	1.27e-04	0.00e+00	0.00e+00	0.00e+00	0.00e+00	0.00e+00	6.80e-85
 5.83530e+12	7.03e-29	7.99e-21	9.44e-14	1.71e-07	7.49e-01	2.51e-01	1.11e-04	0.00e+00	0.00e+00	0.00e+00	0.00e+00	0.00e+00	2.78e-99
 6.07152e+12	9.36e-29	1.00e-20	1.12e-13	1.89e-07	7.64e-01	2.36e-01	9.64e-05	0.00e+00	0.00e+00	0.00e+00	0.00e+00	0.00e+00	2.72e-84
 6.33608e+12	1.27e-28	1.28e-20	1.34e-13	2.11e-07	7.79e-01	2.21e-01	8.26e-05	0.00e+00	0.00e+00	0.00e+00	0.00e+00	0.00e+00	1.77e-98
 6.58682e+12	1.68e-28	1.59e-20	1.58e-13	2.32e-07	7.92e-01	2.08e-01	7.18e-05	0.00e+00	0.00e+00	0.00e+00	0.00e+00	0.00e+00	1.18e-83
 6.85561e+12	2.24e-28	2.00e-20	1.87e-13	2.56e-07	8.05e-01	1.95e-01	6.21e-05	0.00e+00	0.00e+00	0.00e+00	0.00e+00	0.00e+00	1.06e-97
 7.15976e+12	3.05e-28	2.55e-20	2.24e-13	2.84e-07	8.19e-01	1.81e-01	5.29e-05	0.00e+00	0.00e+00	0.00e+00	0.00e+00	0.00e+00	5.35e-83
 7.46079e+12	4.09e-28	3.22e-20	2.66e-13	3.13e-07	8.31e-01	1.69e-01	4.55e-05	0.00e+00	0.00e+00	0.00e+00	0.00e+00	0.00e+00	7.29e-97
 7.77385e+12	5.50e-28	4.06e-20	3.15e-13	3.45e-07	8.42e-01	1.58e-01	3.90e-05	0.00e+00	0.00e+00	0.00e+00	0.00e+00	0.00e+00	2.43e-82
 8.11473e+12	7.47e-28	5.17e-20	3.77e-13	3.82e-07	8.53e-01	1.46e-01	3.32e-05	0.00e+00	0.00e+00	0.00e+00	0.00e+00	0.00e+00	5.02e-96
 8.46925e+12	1.02e-27	6.58e-20	4.48e-13	4.21e-07	8.64e-01	1.36e-01	2.84e-05	0.00e+00	0.00e+00	0.00e+00	0.00e+00	0.00e+00	1.20e-81
 8.80538e+12	1.34e-27	8.18e-20	5.25e-13	4.60e-07	8.73e-01	1.27e-01	2.45e-05	0.00e+00	0.00e+00	0.00e+00	0.00e+00	0.00e+00	3.35e-95
 9.10738e+12	1.71e-27	9.88e-20	6.03e-13	4.97e-07	8.80e-01	1.20e-01	2.16e-05	0.00e+00	0.00e+00	0.00e+00	0.00e+00	0.00e+00	4.67e-81
 9.38869e+12	2.13e-27	1.17e-19	6.82e-13	5.32e-07	8.87e-01	1.13e-01	1.92e-05	0.00e+00	0.00e+00	0.00e+00	0.00e+00	0.00e+00	1.49e-94
 9.69852e+12	2.70e-27	1.41e-19	7.77e-13	5.72e-07	8.93e-01	1.07e-01	1.70e-05	0.00e+00	0.00e+00	0.00e+00	0.00e+00	0.00e+00	1.54e-80
 1.00478e+13	3.49e-27	1.72e-19	8.96e-13	6.19e-07	9.00e-01	1.00e-01	1.49e-05	0.00e+00	0.00e+00	0.00e+00	0.00e+00	0.00e+00	7.37e-94
 1.03828e+13	4.42e-27	2.07e-19	1.02e-12	6.65e-07	9.05e-01	9.47e-02	1.31e-05	0.00e+00	0.00e+00	0.00e+00	0.00e+00	0.00e+00	5.72e-80
 1.07524e+13	5.70e-27	2.52e-19	1.18e-12	7.18e-07	9.11e-01	8.88e-02	1.15e-05	0.00e+00	0.00e+00	0.00e+00	0.00e+00	0.00e+00	3.66e-93
 1.11635e+13	7.49e-27	3.11e-19	1.37e-12	7.79e-07	9.17e-01	8.30e-02	9.95e-06	0.00e+00	0.00e+00	0.00e+00	0.00e+00	0.00e+00	2.33e-79
 1.15412e+13	9.56e-27	3.75e-19	1.56e-12	8.37e-07	9.22e-01	7.80e-02	8.75e-06	0.00e+00	0.00e+00	0.00e+00	0.00e+00	0.00e+00	1.97e-92
 1.18916e+13	1.19e-26	4.44e-19	1.76e-12	8.92e-07	9.26e-01	7.39e-02	7.81e-06	0.00e+00	0.00e+00	0.00e+00	0.00e+00	0.00e+00	8.02e-79
 1.22935e+13	1.52e-26	5.36e-19	2.00e-12	9.57e-07	9.30e-01	6.95e-02	6.88e-06	0.00e+00	0.00e+00	0.00e+00	0.00e+00	0.00e+00	8.96e-92
 1.27860e+13	2.04e-26	6.70e-19	2.34e-12	1.04e-06	9.35e-01	6.47e-02	5.93e-06	0.00e+00	0.00e+00	0.00e+00	0.00e+00	0.00e+00	3.41e-78
 1.32781e+13	2.68e-26	8.29e-19	2.72e-12	1.13e-06	9.40e-01	6.02e-02	5.12e-06	0.00e+00	0.00e+00	0.00e+00	0.00e+00	0.00e+00	5.72e-91
 1.37052e+13	3.40e-26	9.93e-19	3.08e-12	1.20e-06	9.43e-01	5.68e-02	4.54e-06	0.00e+00	0.00e+00	0.00e+00	0.00e+00	0.00e+00	1.36e-77
 1.41661e+13	4.35e-26	1.20e-18	3.51e-12	1.29e-06	9.47e-01	5.34e-02	4.00e-06	0.00e+00	0.00e+00	0.00e+00	0.00e+00	0.00e+00	2.77e-90
 1.47301e+13	5.85e-26	1.50e-18	4.09e-12	1.40e-06	9.50e-01	4.97e-02	3.45e-06	0.00e+00	0.00e+00	0.00e+00	0.00e+00	0.00e+00	5.93e-77
 1.53063e+13	7.76e-26	1.87e-18	4.76e-12	1.51e-06	9.54e-01	4.62e-02	2.97e-06	0.00e+00	0.00e+00	0.00e+00	0.00e+00	0.00e+00	1.83e-89
 1.58257e+13	1.00e-25	2.26e-18	5.43e-12	1.62e-06	9.57e-01	4.35e-02	2.62e-06	0.00e+00	0.00e+00	0.00e+00	0.00e+00	0.00e+00	2.54e-76
 1.63933e+13	1.31e-25	2.77e-18	6.23e-12	1.74e-06	9.59e-01	4.07e-02	2.29e-06	0.00e+00	0.00e+00	0.00e+00	0.00e+00	0.00e+00	5.29e-76
 1.70633e+13	1.78e-25	3.49e-18	7.29e-12	1.88e-06	9.62e-01	3.78e-02	1.97e-06	0.00e+00	0.00e+00	0.00e+00	0.00e+00	0.00e+00	1.22e-75
 1.77336e+13	2.37e-25	4.35e-18	8.48e-12	2.04e-06	9.65e-01	3.51e-02	1.70e-06	0.00e+00	0.00e+00	0.00e+00	0.00e+00	0.00e+00	2.67e-75
 1.83621e+13	3.10e-25	5.32e-18	9.71e-12	2.18e-06	9.67e-01	3.29e-02	1.49e-06	0.00e+00	0.00e+00	0.00e+00	0.00e+00	0.00e+00	5.58e-75
 1.90580e+13	4.13e-25	6.62e-18	1.12e-11	2.35e-06	9.69e-01	3.07e-02	1.29e-06	0.00e+00	0.00e+00	0.00e+00	0.00e+00	0.00e+00	1.23e-74
 1.98502e+13	5.63e-25	8.36e-18	1.32e-11	2.55e-06	9.72e-01	2.84e-02	1.11e-06	0.00e+00	0.00e+00	0.00e+00	0.00e+00	0.00e+00	2.86e-74
 2.06399e+13	7.62e-25	1.05e-17	1.53e-11	2.75e-06	9.74e-01	2.65e-02	9.54e-07	0.00e+00	0.00e+00	0.00e+00	0.00e+00	0.00e+00	6.57e-74
 2.14611e+13	1.03e-24	1.32e-17	1.79e-11	2.97e-06	9.75e-01	2.46e-02	0.00e+00	0.00e+00	0.00e+00	0.00e+00	0.00e+00	0.00e+00	1.51e-73
 2.23495e+13	1.41e-24	1.67e-17	2.09e-11	3.22e-06	9.77e-01	2.28e-02	0.00e+00	0.00e+00	0.00e+00	0.00e+00	0.00e+00	0.00e+00	3.58e-73
 2.32734e+13	1.93e-24	2.12e-17	2.45e-11	3.48e-06	9.79e-01	2.11e-02	0.00e+00	0.00e+00	0.00e+00	0.00e+00	0.00e+00	0.00e+00	8.48e-73
 2.42343e+13	2.64e-24	2.68e-17	2.87e-11	3.77e-06	9.80e-01	1.96e-02	0.00e+00	0.00e+00	0.00e+00	0.00e+00	0.00e+00	0.00e+00	2.01e-72
 2.51678e+13	3.54e-24	3.34e-17	3.33e-11	4.06e-06	9.82e-01	1.82e-02	0.00e+00	0.00e+00	0.00e+00	0.00e+00	0.00e+00	0.00e+00	4.49e-72
 2.59645e+13	4.51e-24	4.00e-17	3.76e-11	4.32e-06	9.83e-01	1.72e-02	0.00e+00	0.00e+00	0.00e+00	0.00e+00	0.00e+00	0.00e+00	8.74e-72
 2.67763e+13	5.72e-24	4.79e-17	4.24e-11	4.59e-06	9.84e-01	1.62e-02	0.00e+00	0.00e+00	0.00e+00	0.00e+00	1.55e-17	3.25e-17	1.69e-71
 2.77948e+13	7.65e-24	5.96e-17	4.90e-11	4.94e-06	9.85e-01	1.51e-02	0.00e+00	0.00e+00	0.00e+00	0.00e+00	1.98e-17	3.98e-17	3.75e-71
 2.88318e+13	1.02e-23	7.38e-17	5.66e-11	5.30e-06	9.86e-01	1.40e-02	0.00e+00	0.00e+00	0.00e+00	0.00e+00	2.45e-17	4.93e-17	8.20e-71
 2.97338e+13	1.29e-23	8.84e-17	6.38e-11	5.63e-06	9.87e-01	1.32e-02	0.00e+00	0.00e+00	0.00e+00	0.00e+00	2.93e-17	5.90e-17	1.58e-70
 3.07110e+13	1.66e-23	1.07e-16	7.24e-11	6.00e-06	9.88e-01	1.25e-02	0.00e+00	0.00e+00	0.00e+00	0.00e+00	3.54e-17	7.12e-17	3.15e-70
 3.19035e+13	2.24e-23	1.34e-16	8.41e-11	6.46e-06	9.88e-01	1.16e-02	0.00e+00	0.00e+00	0.00e+00	0.00e+00	4.43e-17	8.92e-17	7.21e-70
 3.31294e+13	2.99e-23	1.66e-16	9.75e-11	6.97e-06	9.89e-01	1.08e-02	0.00e+00	0.00e+00	0.00e+00	0.00e+00	5.50e-17	1.11e-16	1.59e-69
 3.42612e+13	3.89e-23	2.02e-16	1.11e-10	7.44e-06	9.90e-01	1.01e-02	0.00e+00	0.00e+00	0.00e+00	0.00e+00	6.71e-17	1.35e-16	3.30e-69
 3.55172e+13	5.11e-23	2.49e-16	1.28e-10	7.99e-06	9.91e-01	9.40e-03	0.00e+00	0.00e+00	0.00e+00	0.00e+00	8.25e-17	1.66e-16	6.98e-69
 3.69666e+13	6.99e-23	3.15e-16	1.50e-10	8.64e-06	9.91e-01	8.71e-03	0.00e+00	0.00e+00	0.00e+00	0.00e+00	1.05e-16	2.11e-16	1.66e-68
 3.84125e+13	9.33e-23	3.92e-16	1.74e-10	9.34e-06	9.92e-01	8.07e-03	0.00e+00	0.00e+00	0.00e+00	0.00e+00	1.30e-16	2.62e-16	3.66e-68
 3.97180e+13	1.22e-22	4.78e-16	1.99e-10	9.96e-06	9.92e-01	7.57e-03	0.00e+00	0.00e+00	0.00e+00	0.00e+00	1.59e-16	3.20e-16	7.60e-68
 4.09157e+13	1.52e-22	5.66e-16	2.24e-10	1.06e-05	9.93e-01	7.13e-03	0.00e+00	0.00e+00	0.00e+00	0.00e+00	1.88e-16	3.78e-16	1.39e-67
 4.22924e+13	1.97e-22	6.89e-16	2.55e-10	1.13e-05	9.93e-01	6.69e-03	0.00e+00	0.00e+00	0.00e+00	0.00e+00	2.29e-16	4.60e-16	2.86e-67
 4.39469e+13	2.63e-22	8.57e-16	2.97e-10	1.22e-05	9.94e-01	6.20e-03	0.00e+00	0.00e+00	0.00e+00	0.00e+00	2.84e-16	5.73e-16	6.30e-67
 4.55829e+13	3.49e-22	1.06e-15	3.43e-10	1.31e-05	9.94e-01	5.77e-03	0.00e+00	0.00e+00	0.00e+00	0.00e+00	3.53e-16	7.10e-16	1.38e-66
 4.70443e+13	4.41e-22	1.27e-15	3.89e-10	1.40e-05	9.95e-01	5.42e-03	0.00e+00	0.00e+00	0.00e+00	0.00e+00	4.21e-16	8.49e-16	2.62e-66
 4.86585e+13	5.73e-22	1.55e-15	4.44e-10	1.49e-05	9.95e-01	5.07e-03	0.00e+00	0.00e+00	0.00e+00	0.00e+00	5.14e-16	1.04e-15	5.43e-66
 5.05773e+13	7.65e-22	1.93e-15	5.18e-10	1.62e-05	9.95e-01	4.69e-03	0.00e+00	0.00e+00	0.00e+00	0.00e+00	6.40e-16	1.29e-15	1.19e-65
 5.24750e+13	1.01e-21	2.39e-15	5.99e-10	1.74e-05	9.96e-01	4.36e-03	0.00e+00	0.00e+00	0.00e+00	0.00e+00	7.91e-16	1.59e-15	2.56e-65
 5.42068e+13	1.30e-21	2.89e-15	6.81e-10	1.86e-05	9.96e-01	4.09e-03	0.00e+00	0.00e+00	0.00e+00	0.00e+00	9.58e-16	1.93e-15	5.15e-65
 5.61402e+13	1.68e-21	3.52e-15	7.83e-10	1.99e-05	9.96e-01	3.81e-03	0.00e+00	0.00e+00	0.00e+00	0.00e+00	1.17e-15	2.35e-15	1.05e-64
 5.83926e+13	2.26e-21	4.41e-15	9.16e-10	2.16e-05	9.96e-01	3.52e-03	0.00e+00	0.00e+00	0.00e+00	0.00e+00	1.46e-15	2.95e-15	2.35e-64
 6.06060e+13	2.99e-21	5.45e-15	1.06e-09	2.33e-05	9.97e-01	3.27e-03	0.00e+00	0.00e+00	0.00e+00	0.00e+00	1.81e-15	3.65e-15	5.07e-64
 6.26952e+13	3.86e-21	6.63e-15	1.22e-09	2.49e-05	9.97e-01	3.06e-03	0.00e+00	0.00e+00	0.00e+00	0.00e+00	2.20e-15	4.43e-15	1.03e-63
 6.50200e+13	5.10e-21	8.21e-15	1.40e-09	2.68e-05	9.97e-01	2.84e-03	0.00e+00	0.00e+00	0.00e+00	0.00e+00	2.72e-15	5.49e-15	2.23e-63
 6.76508e+13	6.79e-21	1.02e-14	1.65e-09	2.91e-05	9.97e-01	2.62e-03	0.00e+00	0.00e+00	0.00e+00	0.00e+00	3.39e-15	6.83e-15	4.87e-63
 7.02778e+13	9.06e-21	1.27e-14	1.91e-09	3.14e-05	9.98e-01	2.43e-03	0.00e+00	0.00e+00	0.00e+00	0.00e+00	4.22e-15	8.51e-15	1.08e-62
 7.27391e+13	1.18e-20	1.56e-14	2.20e-09	3.36e-05	9.98e-01	2.27e-03	0.00e+00	0.00e+00	0.00e+00	0.00e+00	5.15e-15	1.04e-14	2.23e-62
 7.54077e+13	1.54e-20	1.91e-14	2.53e-09	3.62e-05	9.98e-01	2.11e-03	0.00e+00	0.00e+00	0.00e+00	0.00e+00	6.32e-15	1.28e-14	4.66e-62
 7.83903e+13	2.03e-20	2.36e-14	2.96e-09	3.91e-05	9.98e-01	1.95e-03	0.00e+00	0.00e+00	0.00e+00	0.00e+00	7.83e-15	1.58e-14	1.00e-61
 8.11761e+13	2.65e-20	2.90e-14	3.40e-09	4.20e-05	9.98e-01	1.82e-03	0.00e+00	0.00e+00	0.00e+00	0.00e+00	9.61e-15	1.94e-14	2.11e-61
 8.37594e+13	3.30e-20	3.44e-14	3.85e-09	4.47e-05	9.98e-01	1.71e-03	0.00e+00	0.00e+00	0.00e+00	0.00e+00	1.14e-14	2.30e-14	3.86e-61
 8.62410e+13	4.14e-20	4.08e-14	4.32e-09	4.74e-05	9.98e-01	1.61e-03	0.00e+00	0.00e+00	0.00e+00	0.00e+00	1.35e-14	2.73e-14	7.21e-61
 8.89892e+13	5.17e-20	4.85e-14	4.90e-09	5.06e-05	9.98e-01	1.51e-03	0.00e+00	0.00e+00	0.00e+00	0.00e+00	1.60e-14	3.24e-14	1.33e-60
 9.20279e+13	6.66e-20	5.89e-14	5.60e-09	5.41e-05	9.99e-01	1.41e-03	0.00e+00	0.00e+00	0.00e+00	0.00e+00	1.95e-14	3.94e-14	2.71e-60
 9.48610e+13	8.22e-20	6.93e-14	6.32e-09	5.76e-05	9.99e-01	1.33e-03	0.00e+00	0.00e+00	0.00e+00	0.00e+00	2.29e-14	4.64e-14	4.82e-60
 9.79608e+13	1.05e-19	8.33e-14	7.19e-09	6.14e-05	9.99e-01	1.24e-03	0.00e+00	0.00e+00	0.00e+00	0.00e+00	2.75e-14	5.57e-14	9.38e-60
 1.01445e+14	1.36e-19	1.02e-13	8.26e-09	6.59e-05	9.99e-01	1.16e-03	0.00e+00	0.00e+00	0.00e+00	0.00e+00	3.37e-14	6.82e-14	1.95e-59
 1.04768e+14	1.70e-19	1.21e-13	9.39e-09	7.03e-05	9.99e-01	1.09e-03	0.00e+00	0.00e+00	0.00e+00	0.00e+00	4.01e-14	8.11e-14	3.61e-59
 1.08429e+14	2.20e-19	1.48e-13	1.08e-08	7.53e-05	9.99e-01	1.01e-03	0.00e+00	0.00e+00	0.00e+00	0.00e+00	4.90e-14	9.92e-14	7.49e-59
 1.12464e+14	2.83e-19	1.80e-13	1.25e-08	8.12e-05	9.99e-01	9.41e-04	0.00e+00	0.00e+00	0.00e+00	0.00e+00	5.94e-14	1.20e-13	1.49e-58
 1.16174e+14	3.60e-19	2.16e-13	1.42e-08	8.67e-05	9.99e-01	8.82e-04	0.00e+00	0.00e+00	0.00e+00	0.00e+00	7.15e-14	1.45e-13	2.92e-58
 1.20186e+14	4.62e-19	2.63e-13	1.62e-08	9.28e-05	9.99e-01	8.23e-04	0.00e+00	0.00e+00	0.00e+00	0.00e+00	8.68e-14	1.76e-13	5.90e-58
 1.24674e+14	5.93e-19	3.19e-13	1.88e-08	1.00e-04	9.99e-01	7.64e-04	0.00e+00	0.00e+00	0.00e+00	0.00e+00	1.05e-13	2.14e-13	1.18e-57
 1.28900e+14	7.62e-19	3.88e-13	2.15e-08	1.07e-04	9.99e-01	7.14e-04	0.00e+00	0.00e+00	0.00e+00	0.00e+00	1.28e-13	2.60e-13	2.39e-57
 1.33512e+14	9.73e-19	4.68e-13	2.47e-08	1.15e-04	9.99e-01	6.64e-04	0.00e+00	0.00e+00	0.00e+00	0.00e+00	1.55e-13	3.14e-13	4.69e-57
 1.38631e+14	1.28e-18	5.80e-13	2.87e-08	1.24e-04	9.99e-01	6.15e-04	0.00e+00	0.00e+00	0.00e+00	0.00e+00	1.91e-13	3.89e-13	1.01e-56
 1.43409e+14	1.60e-18	6.92e-13	3.29e-08	1.33e-04	9.99e-01	5.74e-04	0.00e+00	0.00e+00	0.00e+00	0.00e+00	2.28e-13	4.64e-13	1.90e-56
 1.48603e+14	2.08e-18	8.50e-13	3.79e-08	1.43e-04	9.99e-01	5.34e-04	0.00e+00	0.00e+00	0.00e+00	0.00e+00	2.80e-13	5.70e-13	3.99e-56
 1.54411e+14	2.69e-18	1.04e-12	4.42e-08	1.55e-04	9.99e-01	4.93e-04	0.00e+00	0.00e+00	0.00e+00	0.00e+00	3.42e-13	6.96e-13	8.15e-56
 1.59909e+14	3.47e-18	1.27e-12	5.09e-08	1.67e-04	9.99e-01	4.59e-04	0.00e+00	0.00e+00	0.00e+00	0.00e+00	4.18e-13	8.50e-13	1.67e-55
 1.65794e+14	4.44e-18	1.54e-12	5.88e-08	1.80e-04	9.99e-01	4.25e-04	0.00e+00	0.00e+00	0.00e+00	0.00e+00	5.06e-13	1.03e-12	3.31e-55
 1.72456e+14	5.83e-18	1.91e-12	6.89e-08	1.95e-04	9.99e-01	3.92e-04	0.00e+00	0.00e+00	0.00e+00	0.00e+00	6.29e-13	1.28e-12	7.24e-55
 1.79008e+14	7.46e-18	2.32e-12	8.01e-08	2.11e-04	9.99e-01	3.62e-04	0.00e+00	0.00e+00	0.00e+00	0.00e+00	7.63e-13	1.56e-12	1.44e-54
 1.85316e+14	9.52e-18	2.82e-12	9.20e-08	2.26e-04	9.99e-01	3.37e-04	0.00e+00	0.00e+00	0.00e+00	0.00e+00	9.26e-13	1.89e-12	2.89e-54
 1.92251e+14	1.22e-17	3.42e-12	1.07e-07	2.45e-04	9.99e-01	3.12e-04	0.00e+00	0.00e+00	0.00e+00	0.00e+00	1.12e-12	2.29e-12	5.75e-54
 1.99971e+14	1.59e-17	4.23e-12	1.25e-07	2.66e-04	9.99e-01	2.87e-04	0.00e+00	0.00e+00	0.00e+00	0.00e+00	1.39e-12	2.84e-12	1.24e-53
 2.06549e+14	1.97e-17	5.01e-12	1.42e-07	2.85e-04	9.99e-01	2.68e-04	0.00e+00	0.00e+00	0.00e+00	0.00e+00	1.65e-12	3.37e-12	2.26e-53
 2.11403e+14	2.29e-17	5.66e-12	1.56e-07	3.00e-04	9.99e-01	2.55e-04	0.00e+00	0.00e+00	0.00e+00	0.00e+00	1.86e-12	3.80e-12	3.48e-53
 2.16489e+14	2.69e-17	6.44e-12	1.72e-07	3.15e-04	9.99e-01	2.42e-04	0.00e+00	0.00e+00	0.00e+00	0.00e+00	2.12e-12	4.33e-12	5.54e-53
 2.23102e+14	3.27e-17	7.53e-12	1.94e-07	3.36e-04	9.99e-01	2.27e-04	0.00e+00	0.00e+00	0.00e+00	0.00e+00	2.47e-12	5.06e-12	9.67e-53
 2.30379e+14	4.02e-17	8.91e-12	2.21e-07	3.60e-04	9.99e-01	2.12e-04	0.00e+00	0.00e+00	0.00e+00	0.00e+00	2.93e-12	5.98e-12	1.76e-52
 2.37101e+14	4.87e-17	1.04e-11	2.48e-07	3.83e-04	9.99e-01	1.99e-04	0.00e+00	4.06e-18	1.22e-17	2.04e-17	3.42e-12	6.99e-12	3.07e-52
 2.44419e+14	5.91e-17	1.22e-11	2.81e-07	4.10e-04	9.99e-01	1.86e-04	0.00e+00	4.94e-18	1.48e-17	2.48e-17	3.99e-12	8.17e-12	5.37e-52
 2.52633e+14	7.34e-17	1.45e-11	3.21e-07	4.40e-04	9.99e-01	1.73e-04	0.00e+00	6.14e-18	1.84e-17	3.08e-17	4.75e-12	9.72e-12	1.01e-51
 2.60453e+14	8.91e-17	1.70e-11	3.63e-07	4.70e-04	9.99e-01	1.62e-04	0.00e+00	7.45e-18	2.24e-17	3.74e-17	5.58e-12	1.14e-11	1.79e-51
 2.69061e+14	1.10e-16	2.02e-11	4.14e-07	5.06e-04	9.99e-01	1.51e-04	0.00e+00	9.24e-18	2.77e-17	4.63e-17	6.61e-12	1.35e-11	3.32e-51
 2.78646e+14	1.37e-16	2.41e-11	4.77e-07	5.46e-04	9.99e-01	1.40e-04	0.00e+00	1.15e-17	3.46e-17	5.78e-17	7.91e-12	1.62e-11	6.36e-51
 2.87675e+14	1.68e-16	2.85e-11	5.42e-07	5.85e-04	9.99e-01	1.31e-04	0.00e+00	1.41e-17	4.22e-17	7.05e-17	9.34e-12	1.91e-11	1.16e-50
 2.97588e+14	2.09e-16	3.40e-11	6.22e-07	6.32e-04	9.99e-01	1.21e-04	0.00e+00	1.75e-17	5.27e-17	8.80e-17	1.11e-11	2.28e-11	2.22e-50
 3.08582e+14	2.60e-16	4.09e-11	7.20e-07	6.84e-04	9.99e-01	1.12e-04	0.00e+00	2.19e-17	6.57e-17	1.10e-16	1.34e-11	2.75e-11	4.35e-50
 3.18795e+14	3.22e-16	4.85e-11	8.22e-07	7.37e-04	9.99e-01	1.04e-04	0.00e+00	2.71e-17	8.14e-17	1.36e-16	1.59e-11	3.26e-11	8.18e-50
 3.29887e+14	3.95e-16	5.77e-11	9.43e-07	7.95e-04	9.99e-01	9.64e-05	0.00e+00	3.33e-17	9.99e-17	1.67e-16	1.89e-11	3.88e-11	1.55e-49
 3.42261e+14	5.03e-16	7.00e-11	1.10e-06	8.64e-04	9.99e-01	8.87e-05	0.00e+00	4.25e-17	1.27e-16	2.13e-16	2.30e-11	4.70e-11	3.19e-49
 3.53818e+14	6.12e-16	8.28e-11	1.25e-06	9.31e-04	9.99e-01	8.25e-05	0.00e+00	5.16e-17	1.55e-16	2.59e-16	2.71e-11	5.56e-11	5.94e-49
 3.66358e+14	7.69e-16	9.94e-11	1.44e-06	1.01e-03	9.99e-01	7.62e-05	0.00e+00	6.50e-17	1.95e-16	3.26e-16	3.26e-11	6.68e-11	1.19e-48
 3.80346e+14	9.73e-16	1.21e-10	1.68e-06	1.10e-03	9.99e-01	7.01e-05	0.00e+00	8.23e-17	2.47e-16	4.13e-16	3.97e-11	8.12e-11	2.48e-48
 3.93485e+14	1.19e-15	1.43e-10	1.92e-06	1.18e-03	9.99e-01	6.51e-05	0.00e+00	1.01e-16	3.03e-16	5.06e-16	4.70e-11	9.63e-11	4.72e-48
 4.07734e+14	1.51e-15	1.74e-10	2.22e-06	1.28e-03	9.99e-01	6.01e-05	0.00e+00	1.28e-16	3.85e-16	6.44e-16	5.70e-11	1.17e-10	9.82e-48
 4.23642e+14	1.92e-15	2.12e-10	2.58e-06	1.40e-03	9.99e-01	5.52e-05	0.00e+00	1.63e-16	4.90e-16	8.18e-16	6.95e-11	1.42e-10	2.10e-47
 4.38811e+14	2.40e-15	2.54e-10	2.97e-06	1.51e-03	9.98e-01	5.11e-05	0.00e+00	2.04e-16	6.13e-16	1.02e-15	8.35e-11	1.71e-10	4.29e-47
 4.55019e+14	3.02e-15	3.07e-10	3.44e-06	1.64e-03	9.98e-01	4.71e-05	0.00e+00	2.57e-16	7.72e-16	1.29e-15	1.01e-10	2.06e-10	9.02e-47
 4.73250e+14	3.88e-15	3.78e-10	4.02e-06	1.79e-03	9.98e-01	4.32e-05	0.00e+00	3.31e-16	9.95e-16	1.66e-15	1.24e-10	2.54e-10	2.04e-46
 4.91326e+14	4.91e-15	4.59e-10	4.67e-06	1.95e-03	9.98e-01	3.98e-05	0.00e+00	4.19e-16	1.26e-15	2.10e-15	1.51e-10	3.08e-10	4.42e-46
 5.06148e+14	5.86e-15	5.34e-10	5.26e-06	2.08e-03	9.98e-01	3.73e-05	0.00e+00	5.01e-16	1.50e-15	2.51e-15	1.75e-10	3.58e-10	7.98e-46
 5.17676e+14	6.87e-15	6.05e-10	5.75e-06	2.19e-03	9.98e-01	3.54e-05	0.00e+00	5.88e-16	1.76e-15	2.95e-15	1.99e-10	4.06e-10	1.33e-45
 5.30299e+14	8.04e-15	6.88e-10	6.33e-06	2.32e-03	9.98e-01	3.36e-05	0.00e+00	6.89e-16	2.07e-15	3.45e-15	2.26e-10	4.62e-10	2.22e-45
 5.46709e+14	9.77e-15	8.09e-10	7.15e-06	2.48e-03	9.97e-01	3.14e-05	0.00e+00	8.38e-16	2.51e-15	4.20e-15	2.66e-10	5.43e-10	4.24e-45
 5.64451e+14	1.17e-14	9.48e-10	8.12e-06	2.66e-03	9.97e-01	2.94e-05	0.00e+00	1.01e-15	3.02e-15	5.05e-15	3.12e-10	6.36e-10	7.94e-45
 5.80463e+14	1.41e-14	1.10e-09	9.07e-06	2.83e-03	9.97e-01	2.76e-05	0.00e+00	1.21e-15	3.64e-15	6.07e-15	3.63e-10	7.40e-10	1.46e-44
 5.97816e+14	1.70e-14	1.29e-09	1.02e-05	3.03e-03	9.97e-01	2.59e-05	0.00e+00	1.47e-15	4.40e-15	7.35e-15	4.24e-10	8.65e-10	2.73e-44
 6.19791e+14	2.21e-14	1.58e-09	1.18e-05	3.28e-03	9.97e-01	2.40e-05	0.00e+00	1.91e-15	5.72e-15	9.56e-15	5.21e-10	1.06e-09	6.26e-44
 6.41904e+14	2.70e-14	1.89e-09	1.35e-05	3.55e-03	9.96e-01	2.22e-05	0.00e+00	2.33e-15	7.00e-15	1.17e-14	6.21e-10	1.27e-09	1.25e-43
 6.60562e+14	3.28e-14	2.21e-09	1.52e-05	3.78e-03	9.96e-01	2.09e-05	0.00e+00	2.83e-15	8.50e-15	1.42e-14	7.27e-10	1.48e-09	2.36e-43
 6.80598e+14	3.99e-14	2.60e-09	1.71e-05	4.04e-03	9.96e-01	1.96e-05	0.00e+00	3.45e-15	1.04e-14	1.73e-14	8.55e-10	1.74e-09	4.49e-43
 7.05776e+14	5.18e-14	3.20e-09	1.97e-05	4.38e-03	9.96e-01	1.82e-05	0.00e+00	4.48e-15	1.35e-14	2.25e-14	1.05e-09	2.14e-09	1.05e-42
 7.32134e+14	6.45e-14	3.86e-09	2.28e-05	4.75e-03	9.95e-01	1.68e-05	0.00e+00	5.59e-15	1.68e-14	2.80e-14	1.27e-09	2.59e-09	2.20e-42
 7.55875e+14	8.00e-14	4.60e-09	2.59e-05	5.10e-03	9.95e-01	1.58e-05	0.00e+00	6.94e-15	2.08e-14	3.48e-14	1.52e-09	3.09e-09	4.44e-42
 7.81718e+14	1.00e-13	5.54e-09	2.96e-05	5.49e-03	9.94e-01	1.47e-05	0.00e+00	8.69e-15	2.61e-14	4.35e-14	1.83e-09	3.71e-09	9.21e-42
 8.12266e+14	1.34e-13	6.96e-09	3.45e-05	5.98e-03	9.94e-01	1.36e-05	0.00e+00	1.17e-14	3.50e-14	5.85e-14	2.30e-09	4.66e-09	2.29e-41
 8.42250e+14	1.70e-13	8.48e-09	3.98e-05	6.47e-03	9.93e-01	1.26e-05	0.00e+00	1.48e-14	4.44e-14	7.40e-14	2.80e-09	5.68e-09	4.94e-41
 8.69625e+14	2.11e-13	1.01e-08	4.52e-05	6.95e-03	9.93e-01	1.19e-05	0.00e+00	1.84e-14	5.53e-14	9.22e-14	3.35e-09	6.79e-09	9.97e-41
 9.00287e+14	2.61e-13	1.21e-08	5.19e-05	7.49e-03	9.92e-01	1.11e-05	0.00e+00	2.28e-14	6.85e-14	1.14e-13	4.01e-09	8.13e-09	2.00e-40
 9.35986e+14	3.48e-13	1.53e-08	6.06e-05	8.16e-03	9.92e-01	1.03e-05	0.00e+00	3.04e-14	9.14e-14	1.52e-13	5.05e-09	1.02e-08	4.94e-40
 9.71145e+14	4.51e-13	1.89e-08	7.01e-05	8.84e-03	9.91e-01	9.57e-06	0.00e+00	3.94e-14	1.18e-13	1.97e-13	6.23e-09	1.26e-08	1.10e-39
 1.00458e+15	5.70e-13	2.29e-08	8.03e-05	9.52e-03	9.90e-01	8.99e-06	0.00e+00	4.99e-14	1.50e-13	2.50e-13	7.55e-09	1.53e-08	2.30e-39
 1.04165e+15	7.14e-13	2.77e-08	9.27e-05	1.03e-02	9.90e-01	8.41e-06	0.00e+00	6.26e-14	1.88e-13	3.13e-13	9.15e-09	1.85e-08	4.74e-39
 1.07665e+15	8.99e-13	3.34e-08	1.06e-04	1.11e-02	9.89e-01	7.92e-06	0.00e+00	7.89e-14	2.37e-13	3.95e-13	1.11e-08	2.24e-08	9.73e-39
 1.10272e+15	1.10e-12	3.90e-08	1.16e-04	1.17e-02	9.88e-01	7.59e-06	0.00e+00	9.64e-14	2.89e-13	4.83e-13	1.29e-08	2.61e-08	1.77e-38
 1.12919e+15	1.30e-12	4.47e-08	1.28e-04	1.23e-02	9.88e-01	7.29e-06	0.00e+00	1.14e-13	3.42e-13	5.71e-13	1.48e-08	2.99e-08	2.95e-38
 1.16359e+15	1.56e-12	5.23e-08	1.44e-04	1.31e-02	9.87e-01	6.92e-06	0.00e+00	1.37e-13	4.11e-13	6.85e-13	1.73e-08	3.50e-08	5.23e-38
 1.20108e+15	1.97e-12	6.35e-08	1.64e-04	1.40e-02	9.86e-01	6.56e-06	0.00e+00	1.74e-13	5.21e-13	8.70e-13	2.10e-08	4.25e-08	1.09e-37
 1.23485e+15	2.41e-12	7.46e-08	1.83e-04	1.49e-02	9.85e-01	6.27e-06	0.00e+00	2.12e-13	6.36e-13	1.06e-12	2.47e-08	4.99e-08	1.98e-37
 1.27103e+15	2.90e-12	8.72e-08	2.05e-04	1.58e-02	9.84e-01	5.99e-06	0.00e+00	2.55e-13	7.67e-13	1.28e-12	2.88e-08	5.83e-08	3.48e-37
 1.31732e+15	3.82e-12	1.09e-07	2.37e-04	1.71e-02	9.83e-01	5.66e-06	0.00e+00	3.37e-13	1.01e-12	1.69e-12	3.60e-08	7.28e-08	8.02e-37
 1.36409e+15	4.84e-12	1.33e-07	2.72e-04	1.84e-02	9.81e-01	5.38e-06	0.00e+00	4.28e-13	1.28e-12	2.14e-12	4.40e-08	8.88e-08	1.61e-36
 1.40293e+15	5.82e-12	1.55e-07	3.05e-04	1.96e-02	9.80e-01	5.16e-06	0.00e+00	5.14e-13	1.54e-12	2.57e-12	5.13e-08	1.04e-07	2.79e-36
 1.44415e+15	7.12e-12	1.83e-07	3.42e-04	2.08e-02	9.79e-01	4.95e-06	0.00e+00	6.30e-13	1.89e-12	3.15e-12	6.06e-08	1.22e-07	5.11e-36
 1.49681e+15	9.31e-12	2.28e-07	3.95e-04	2.25e-02	9.77e-01	4.71e-06	0.00e+00	8.24e-13	2.47e-12	4.13e-12	7.56e-08	1.53e-07	1.14e-35
 1.55204e+15	1.18e-11	2.78e-07	4.57e-04	2.42e-02	9.75e-01	4.50e-06	0.00e+00	1.05e-12	3.15e-12	5.25e-12	9.22e-08	1.86e-07	2.28e-35
 1.60065e+15	1.51e-11	3.40e-07	5.17e-04	2.59e-02	9.74e-01	4.33e-06	0.00e+00	1.34e-12	4.02e-12	6.70e-12	1.13e-07	2.27e-07	4.77e-35
 1.65298e+15	1.90e-11	4.11e-07	5.89e-04	2.78e-02	9.72e-01	4.17e-06	0.00e+00	1.69e-12	5.06e-12	8.44e-12	1.36e-07	2.75e-07	9.32e-35
 1.71622e+15	2.40e-11	5.02e-07	6.84e-04	3.00e-02	9.69e-01	3.99e-06	0.00e+00	2.13e-12	6.40e-12	1.07e-11	1.66e-07	3.36e-07	1.83e-34
 1.77899e+15	3.19e-11	6.34e-07	7.92e-04	3.25e-02	9.67e-01	3.84e-06	0.00e+00	2.83e-12	8.50e-12	1.42e-11	2.10e-07	4.24e-07	4.25e-34
 1.83456e+15	3.95e-11	7.61e-07	8.97e-04	3.46e-02	9.64e-01	3.72e-06	0.00e+00	3.51e-12	1.05e-11	1.76e-11	2.52e-07	5.08e-07	7.91e-34
 1.89541e+15	4.94e-11	9.19e-07	1.02e-03	3.71e-02	9.62e-01	3.60e-06	0.00e+00	4.40e-12	1.32e-11	2.20e-11	3.05e-07	6.14e-07	1.51e-33
 1.96842e+15	6.33e-11	1.13e-06	1.19e-03	4.01e-02	9.59e-01	3.47e-06	0.00e+00	5.64e-12	1.69e-11	2.82e-11	3.75e-07	7.56e-07	3.01e-33
 2.04147e+15	8.41e-11	1.44e-06	1.38e-03	4.34e-02	9.55e-01	3.37e-06	0.00e+00	7.50e-12	2.25e-11	3.75e-11	4.77e-07	9.60e-07	6.99e-33
 2.10504e+15	1.03e-10	1.71e-06	1.57e-03	4.63e-02	9.52e-01	3.28e-06	0.00e+00	9.22e-12	2.77e-11	4.62e-11	5.69e-07	1.15e-06	1.26e-32
 2.17203e+15	1.28e-10	2.04e-06	1.78e-03	4.94e-02	9.49e-01	3.20e-06	0.00e+00	1.14e-11	3.41e-11	5.69e-11	6.77e-07	1.36e-06	2.23e-32
 2.25411e+15	1.70e-10	2.60e-06	2.07e-03	5.36e-02	9.44e-01	3.12e-06	0.00e+00	1.52e-11	4.55e-11	7.59e-11	8.62e-07	1.73e-06	5.14e-32
 2.33554e+15	2.16e-10	3.19e-06	2.39e-03	5.77e-02	9.40e-01	3.04e-06	0.00e+00	1.93e-11	5.79e-11	9.65e-11	1.06e-06	2.13e-06	1.00e-31
 2.40022e+15	2.59e-10	3.72e-06	2.68e-03	6.11e-02	9.36e-01	2.99e-06	0.00e+00	2.32e-11	6.95e-11	1.16e-10	1.23e-06	2.48e-06	1.64e-31
 2.46338e+15	3.11e-10	4.35e-06	2.98e-03	6.46e-02	9.32e-01	2.94e-06	0.00e+00	2.79e-11	8.36e-11	1.39e-10	1.44e-06	2.90e-06	2.75e-31
 2.54549e+15	4.01e-10	5.39e-06	3.41e-03	6.94e-02	9.27e-01	2.88e-06	0.00e+00	3.59e-11	1.08e-10	1.80e-10	1.79e-06	3.60e-06	5.68e-31
 2.62630e+15	4.96e-10	6.47e-06	3.88e-03	7.40e-02	9.22e-01	2.83e-06	0.00e+00	4.45e-11	1.33e-10	2.23e-10	2.15e-06	4.32e-06	1.01e-30
 2.69183e+15	5.87e-10	7.44e-06	4.30e-03	7.79e-02	9.18e-01	2.80e-06	0.00e+00	5.26e-11	1.58e-10	2.63e-10	2.47e-06	4.97e-06	1.57e-30
 2.76341e+15	7.06e-10	8.71e-06	4.79e-03	8.24e-02	9.13e-01	2.76e-06	0.00e+00	6.34e-11	1.90e-10	3.17e-10	2.89e-06	5.82e-06	2.60e-30
 2.85647e+15	9.16e-10	1.09e-05	5.51e-03	8.87e-02	9.06e-01	2.72e-06	0.00e+00	8.23e-11	2.47e-10	4.12e-10	3.61e-06	7.25e-06	5.41e-30
 2.94967e+15	1.15e-09	1.32e-05	6.30e-03	9.48e-02	8.99e-01	2.67e-06	0.00e+00	1.03e-10	3.10e-10	5.16e-10	4.38e-06	8.80e-06	9.87e-30
 3.02612e+15	1.38e-09	1.54e-05	7.01e-03	1.00e-01	8.93e-01	2.65e-06	0.00e+00	1.24e-10	3.73e-10	6.22e-10	5.12e-06	1.03e-05	1.61e-29
 3.10858e+15	1.68e-09	1.81e-05	7.86e-03	1.06e-01	8.86e-01	2.61e-06	0.00e+00	1.51e-10	4.53e-10	7.55e-10	6.02e-06	1.21e-05	2.65e-29
 3.21578e+15	2.18e-09	2.25e-05	9.09e-03	1.14e-01	8.77e-01	2.58e-06	0.00e+00	1.96e-10	5.89e-10	9.82e-10	7.48e-06	1.50e-05	5.28e-29
 3.32590e+15	2.75e-09	2.75e-05	1.05e-02	1.22e-01	8.67e-01	2.53e-06	0.00e+00	2.48e-10	7.44e-10	1.24e-09	9.14e-06	1.84e-05	9.53e-29
 3.41767e+15	3.33e-09	3.22e-05	1.17e-02	1.30e-01	8.59e-01	2.50e-06	0.00e+00	3.01e-10	9.02e-10	1.50e-09	1.07e-05	2.15e-05	1.52e-28
 3.51481e+15	4.10e-09	3.83e-05	1.33e-02	1.38e-01	8.49e-01	2.47e-06	0.00e+00	3.71e-10	1.11e-09	1.85e-09	1.27e-05	2.56e-05	2.58e-28
 3.64111e+15	5.51e-09	4.90e-05	1.55e-02	1.49e-01	8.36e-01	2.44e-06	0.00e+00	4.99e-10	1.50e-09	2.50e-09	1.63e-05	3.27e-05	5.62e-28
 3.76457e+15	7.01e-09	6.00e-05	1.79e-02	1.60e-01	8.22e-01	2.40e-06	0.00e+00	6.35e-10	1.90e-09	3.17e-09	2.00e-05	4.01e-05	9.97e-28
 3.85936e+15	8.42e-09	6.96e-05	2.00e-02	1.68e-01	8.12e-01	2.38e-06	0.00e+00	7.63e-10	2.29e-09	3.82e-09	2.31e-05	4.64e-05	1.52e-27
 3.95759e+15	1.02e-08	8.18e-05	2.23e-02	1.77e-01	8.00e-01	2.35e-06	0.00e+00	9.29e-10	2.79e-09	4.64e-09	2.72e-05	5.46e-05	2.44e-27
 4.08529e+15	1.35e-08	1.03e-04	2.59e-02	1.90e-01	7.84e-01	2.32e-06	0.00e+00	1.23e-09	3.68e-09	6.14e-09	3.43e-05	6.87e-05	4.96e-27
 4.21199e+15	1.71e-08	1.25e-04	2.97e-02	2.03e-01	7.67e-01	2.28e-06	0.00e+00	1.56e-09	4.67e-09	7.79e-09	4.15e-05	8.33e-05	8.40e-27
 4.31231e+15	2.05e-08	1.44e-04	3.30e-02	2.13e-01	7.54e-01	2.26e-06	0.00e+00	1.87e-09	5.61e-09	9.35e-09	4.80e-05	9.62e-05	1.25e-26
 4.40248e+15	2.44e-08	1.66e-04	3.63e-02	2.23e-01	7.41e-01	2.24e-06	0.00e+00	2.22e-09	6.66e-09	1.11e-08	5.52e-05	1.11e-04	1.86e-26
 4.50451e+15	2.96e-08	1.94e-04	4.04e-02	2.34e-01	7.26e-01	2.20e-06	0.00e+00	2.70e-09	8.09e-09	1.35e-08	6.45e-05	1.29e-04	2.88e-26
 4.61363e+15	3.73e-08	2.34e-04	4.54e-02	2.46e-01	7.08e-01	2.19e-06	0.00e+00	3.40e-09	1.02e-08	1.70e-08	7.78e-05	1.56e-04	4.94e-26
 4.71504e+15	4.49e-08	2.71e-04	5.04e-02	2.58e-01	6.92e-01	2.16e-06	0.00e+00	4.10e-09	1.23e-08	2.05e-08	9.04e-05	1.81e-04	7.49e-26
 4.81109e+15	5.35e-08	3.11e-04	5.55e-02	2.68e-01	6.76e-01	2.13e-06	0.00e+00	4.90e-09	1.47e-08	2.45e-08	1.04e-04	2.08e-04	1.08e-25
 4.91712e+15	6.43e-08	3.59e-04	6.17e-02	2.80e-01	6.58e-01	2.10e-06	0.00e+00	5.89e-09	1.77e-08	2.94e-08	1.19e-04	2.39e-04	1.59e-25
 5.03591e+15	8.20e-08	4.37e-04	6.98e-02	2.95e-01	6.35e-01	2.07e-06	0.00e+00	7.52e-09	2.25e-08	3.76e-08	1.46e-04	2.91e-04	2.85e-25
 5.14628e+15	1.01e-07	5.13e-04	7.78e-02	3.08e-01	6.14e-01	2.04e-06	0.00e+00	9.23e-09	2.77e-08	4.61e-08	1.71e-04	3.42e-04	4.41e-25
 5.24662e+15	1.21e-07	5.93e-04	8.59e-02	3.20e-01	5.94e-01	2.02e-06	0.00e+00	1.11e-08	3.34e-08	5.57e-08	1.98e-04	3.96e-04	6.63e-25
 5.34207e+15	1.45e-07	6.81e-04	9.43e-02	3.31e-01	5.74e-01	1.99e-06	0.00e+00	1.33e-08	4.00e-08	6.67e-08	2.27e-04	4.54e-04	9.72e-25
 5.44932e+15	1.74e-07	7.78e-04	1.04e-01	3.43e-01	5.52e-01	1.96e-06	0.00e+00	1.60e-08	4.80e-08	8.01e-08	2.59e-04	5.19e-04	1.37e-24
 5.58873e+15	2.36e-07	9.84e-04	1.20e-01	3.61e-01	5.18e-01	1.92e-06	0.00e+00	2.18e-08	6.53e-08	1.09e-07	3.28e-04	6.56e-04	2.80e-24
 5.72415e+15	2.98e-07	1.18e-03	1.36e-01	3.75e-01	4.87e-01	1.87e-06	0.00e+00	2.74e-08	8.22e-08	1.37e-07	3.92e-04	7.84e-04	4.45e-24
 5.82810e+15	3.57e-07	1.34e-03	1.50e-01	3.86e-01	4.63e-01	1.84e-06	0.00e+00	3.29e-08	9.86e-08	1.64e-07	4.48e-04	8.96e-04	6.41e-24
 5.93696e+15	4.39e-07	1.57e-03	1.67e-01	3.97e-01	4.35e-01	1.80e-06	0.00e+00	4.05e-08	1.22e-07	2.03e-07	5.24e-04	1.05e-03	1.00e-23
 6.05471e+15	5.79e-07	1.94e-03	1.88e-01	4.09e-01	4.01e-01	1.76e-06	0.00e+00	5.35e-08	1.60e-07	2.67e-07	6.46e-04	1.29e-03	1.95e-23
 6.14351e+15	6.81e-07	2.19e-03	2.04e-01	4.16e-01	3.78e-01	1.73e-06	0.00e+00	6.29e-08	1.89e-07	3.15e-07	7.30e-04	1.46e-03	2.76e-23
 6.21845e+15	7.98e-07	2.46e-03	2.19e-01	4.22e-01	3.57e-01	1.70e-06	0.00e+00	7.38e-08	2.21e-07	3.69e-07	8.20e-04	1.64e-03	3.92e-23
 6.31587e+15	9.71e-07	2.83e-03	2.40e-01	4.28e-01	3.30e-01	1.65e-06	0.00e+00	8.99e-08	2.70e-07	4.49e-07	9.43e-04	1.88e-03	5.91e-23
 6.41728e+15	1.22e-06	3.33e-03	2.64e-01	4.33e-01	3.00e-01	1.60e-06	0.00e+00	1.13e-07	3.39e-07	5.64e-07	1.11e-03	2.22e-03	9.99e-23
 6.49519e+15	1.41e-06	3.72e-03	2.83e-01	4.35e-01	2.78e-01	1.56e-06	0.00e+00	1.31e-07	3.93e-07	6.55e-07	1.24e-03	2.48e-03	1.40e-22
 6.55142e+15	1.59e-06	4.05e-03	2.98e-01	4.36e-01	2.62e-01	1.54e-06	0.00e+00	1.48e-07	4.44e-07	7.39e-07	1.35e-03	2.70e-03	1.84e-22
 6.60815e+15	1.81e-06	4.43e-03	3.14e-01	4.37e-01	2.45e-01	1.50e-06	0.00e+00	1.68e-07	5.05e-07	8.41e-07	1.48e-03	2.95e-03	2.47e-22
 6.67053e+15	2.07e-06	4.84e-03	3.31e-01	4.36e-01	2.27e-01	1.46e-06	0.00e+00	1.92e-07	5.76e-07	9.59e-07	1.62e-03	3.23e-03	3.26e-22
 6.72938e+15	2.35e-06	5.31e-03	3.49e-01	4.35e-01	2.10e-01	1.41e-06	0.00e+00	2.19e-07	6.55e-07	1.09e-06	1.77e-03	3.54e-03	4.43e-22
 6.78306e+15	2.66e-06	5.77e-03	3.66e-01	4.33e-01	1.95e-01	1.37e-06	0.00e+00	2.47e-07	7.41e-07	1.23e-06	1.92e-03	3.84e-03	5.84e-22
 6.83234e+15	3.01e-06	6.27e-03	3.82e-01	4.31e-01	1.81e-01	1.33e-06	0.00e+00	2.80e-07	8.41e-07	1.40e-06	2.09e-03	4.18e-03	7.92e-22
 6.87857e+15	3.34e-06	6.73e-03	3.98e-01	4.28e-01	1.68e-01	1.29e-06	0.00e+00	3.11e-07	9.33e-07	1.55e-06	2.25e-03	4.49e-03	1.01e-21
 6.92940e+15	3.68e-06	7.15e-03	4.14e-01	4.24e-01	1.55e-01	1.25e-06	0.00e+00	3.43e-07	1.03e-06	1.71e-06	2.39e-03	4.77e-03	1.22e-21
 6.99547e+15	4.51e-06	8.15e-03	4.39e-01	4.17e-01	1.36e-01	1.17e-06	0.00e+00	4.21e-07	1.26e-06	2.10e-06	2.72e-03	5.43e-03	2.03e-21
 7.05239e+15	5.05e-06	8.80e-03	4.58e-01	4.11e-01	1.22e-01	1.12e-06	0.00e+00	4.71e-07	1.41e-06	2.35e-06	2.94e-03	5.86e-03	2.63e-21
 7.08965e+15	5.47e-06	9.24e-03	4.71e-01	4.06e-01	1.13e-01	1.08e-06	0.00e+00	5.11e-07	1.53e-06	2.55e-06	3.09e-03	6.16e-03	3.14e-21
 7.13029e+15	6.05e-06	9.85e-03	4.86e-01	4.01e-01	1.04e-01	1.03e-06	0.00e+00	5.66e-07	1.70e-06	2.83e-06	3.29e-03	6.56e-03	3.99e-21
 7.18312e+15	7.26e-06	1.09e-02	5.08e-01	3.91e-01	9.02e-02	9.55e-07	0.00e+00	6.80e-07	2.04e-06	3.40e-06	3.65e-03	7.29e-03	6.16e-21
 7.23125e+15	8.12e-06	1.18e-02	5.25e-01	3.83e-01	8.04e-02	0.00e+00	0.00e+00	7.62e-07	2.28e-06	3.80e-06	3.92e-03	7.83e-03	8.10e-21
 7.26604e+15	8.95e-06	1.24e-02	5.38e-01	3.77e-01	7.33e-02	0.00e+00	0.00e+00	8.39e-07	2.52e-06	4.19e-06	4.14e-03	8.27e-03	1.01e-20
 7.30404e+15	9.89e-06	1.31e-02	5.52e-01	3.69e-01	6.59e-02	0.00e+00	0.00e+00	9.28e-07	2.78e-06	4.63e-06	4.39e-03	8.76e-03	1.27e-20
 7.35344e+15	1.16e-05	1.43e-02	5.71e-01	3.58e-01	5.66e-02	0.00e+00	0.00e+00	1.09e-06	3.26e-06	5.44e-06	4.77e-03	9.51e-03	1.80e-20
 7.40208e+15	1.31e-05	1.54e-02	5.88e-01	3.48e-01	4.87e-02	0.00e+00	0.00e+00	1.23e-06	3.69e-06	6.14e-06	5.13e-03	1.02e-02	2.44e-20
 7.43991e+15	1.46e-05	1.62e-02	6.01e-01	3.39e-01	4.32e-02	0.00e+00	0.00e+00	1.37e-06	4.11e-06	6.85e-06	5.41e-03	1.08e-02	3.05e-20
 7.47924e+15	1.67e-05	1.73e-02	6.16e-01	3.29e-01	3.74e-02	0.00e+00	0.00e+00	1.57e-06	4.71e-06	7.85e-06	5.77e-03	1.15e-02	4.05e-20
 7.52239e+15	1.86e-05	1.84e-02	6.31e-01	3.19e-01	3.20e-02	0.00e+00	0.00e+00	1.76e-06	5.27e-06	8.78e-06	6.16e-03	1.23e-02	5.38e-20
 7.56255e+15	2.07e-05	1.95e-02	6.44e-01	3.09e-01	2.76e-02	0.00e+00	0.00e+00	1.96e-06	5.86e-06	9.77e-06	6.52e-03	1.30e-02	6.90e-20
 7.60683e+15	2.38e-05	2.09e-02	6.59e-01	2.97e-01	2.30e-02	0.00e+00	0.00e+00	2.25e-06	6.74e-06	1.12e-05	6.97e-03	1.39e-02	9.44e-20
 7.65382e+15	2.68e-05	2.23e-02	6.73e-01	2.85e-01	1.90e-02	0.00e+00	0.00e+00	2.54e-06	7.61e-06	1.27e-05	7.44e-03	1.48e-02	1.26e-19
 7.68848e+15	2.97e-05	2.33e-02	6.83e-01	2.77e-01	1.65e-02	0.00e+00	0.00e+00	2.82e-06	8.45e-06	1.41e-05	7.79e-03	1.55e-02	1.57e-19
 7.71157e+15	3.15e-05	2.40e-02	6.90e-01	2.71e-01	1.49e-02	0.00e+00	0.00e+00	2.99e-06	8.97e-06	1.49e-05	8.02e-03	1.60e-02	1.82e-19
 7.73549e+15	3.36e-05	2.48e-02	6.97e-01	2.65e-01	1.34e-02	0.00e+00	0.00e+00	3.19e-06	9.57e-06	1.59e-05	8.30e-03	1.65e-02	2.18e-19
 7.76659e+15	3.64e-05	2.59e-02	7.06e-01	2.57e-01	1.16e-02	0.00e+00	0.00e+00	3.46e-06	1.04e-05	1.73e-05	8.66e-03	1.73e-02	2.71e-19
