#depth	He	He+	He+2
 1.49634e+10	4.02e-21	6.84e-11	1.00e+00
 4.54887e+10	4.70e-21	7.49e-11	1.00e+00
 7.72350e+10	5.46e-21	8.20e-11	1.00e+00
 1.10251e+11	6.34e-21	8.98e-11	1.00e+00
 1.42134e+11	7.30e-21	9.78e-11	1.00e+00
 1.71948e+11	8.28e-21	1.06e-10	1.00e+00
 2.05408e+11	9.47e-21	1.15e-10	1.00e+00
 2.43551e+11	1.10e-20	1.26e-10	1.00e+00
 2.81304e+11	1.27e-20	1.38e-10	1.00e+00
 3.20568e+11	1.46e-20	1.51e-10	1.00e+00
 3.63317e+11	1.70e-20	1.66e-10	1.00e+00
 4.06516e+11	1.96e-20	1.83e-10	1.00e+00
 4.51443e+11	2.27e-20	2.01e-10	1.00e+00
 4.97782e+11	2.61e-20	2.20e-10	1.00e+00
 5.43384e+11	2.98e-20	2.41e-10	1.00e+00
 5.92455e+11	3.42e-20	2.65e-10	1.00e+00
 6.46080e+11	3.95e-20	2.93e-10	1.00e+00
 7.01850e+11	4.55e-20	3.23e-10	1.00e+00
 7.59851e+11	5.23e-20	3.58e-10	1.00e+00
 8.20172e+11	6.00e-20	3.96e-10	1.00e+00
 8.74752e+11	6.77e-20	4.33e-10	1.00e+00
 9.20263e+11	7.44e-20	4.65e-10	1.00e+00
 9.70136e+11	8.21e-20	5.02e-10	1.00e+00
 1.03325e+12	9.28e-20	5.52e-10	1.00e+00
 1.09909e+12	1.05e-19	6.08e-10	1.00e+00
 1.15500e+12	1.16e-19	6.57e-10	1.00e+00
 1.21253e+12	1.27e-19	7.11e-10	1.00e+00
 1.28491e+12	1.43e-19	7.83e-10	1.00e+00
 1.35843e+12	1.61e-19	8.60e-10	1.00e+00
 1.42154e+12	1.77e-19	9.30e-10	1.00e+00
 1.48929e+12	1.94e-19	1.01e-09	1.00e+00
 1.57310e+12	2.18e-19	1.11e-09	1.00e+00
 1.65902e+12	2.45e-19	1.22e-09	1.00e+00
 1.73644e+12	2.70e-19	1.33e-09	1.00e+00
 1.82158e+12	3.01e-19	1.45e-09	1.00e+00
 1.92206e+12	3.40e-19	1.61e-09	1.00e+00
 2.02267e+12	3.84e-19	1.77e-09	1.00e+00
 2.11819e+12	4.29e-19	1.93e-09	1.00e+00
 2.22373e+12	4.85e-19	2.12e-09	1.00e+00
 2.34261e+12	5.55e-19	2.34e-09	1.00e+00
 2.46141e+12	6.34e-19	2.58e-09	1.00e+00
 2.56650e+12	7.11e-19	2.80e-09	1.00e+00
 2.65460e+12	7.83e-19	2.99e-09	1.00e+00
 2.74940e+12	8.67e-19	3.21e-09	1.00e+00
 2.87263e+12	9.89e-19	3.50e-09	1.00e+00
 3.00160e+12	1.13e-18	3.82e-09	1.00e+00
 3.11168e+12	1.27e-18	4.10e-09	1.00e+00
 3.22844e+12	1.43e-18	4.42e-09	1.00e+00
 3.37528e+12	1.65e-18	4.83e-09	1.00e+00
 3.52648e+12	1.92e-18	5.28e-09	1.00e+00
 3.65968e+12	2.18e-18	5.69e-09	1.00e+00
 3.80422e+12	2.49e-18	6.15e-09	1.00e+00
 3.96388e+12	2.89e-18	6.69e-09	1.00e+00
 4.11119e+12	3.29e-18	7.21e-09	1.00e+00
 4.27069e+12	3.79e-18	7.79e-09	1.00e+00
 4.44847e+12	4.41e-18	8.47e-09	1.00e+00
 4.61487e+12	5.06e-18	9.13e-09	1.00e+00
 4.79605e+12	5.85e-18	9.88e-09	1.00e+00
 4.99741e+12	6.86e-18	1.08e-08	1.00e+00
 5.18543e+12	7.91e-18	1.16e-08	1.00e+00
 5.39033e+12	9.19e-18	1.26e-08	1.00e+00
 5.61937e+12	1.08e-17	1.37e-08	1.00e+00
 5.83530e+12	1.26e-17	1.48e-08	1.00e+00
 6.07152e+12	1.47e-17	1.61e-08	1.00e+00
 6.33608e+12	1.74e-17	1.75e-08	1.00e+00
 6.58682e+12	2.03e-17	1.90e-08	1.00e+00
 6.85561e+12	2.38e-17	2.06e-08	1.00e+00
 7.15976e+12	2.84e-17	2.26e-08	1.00e+00
 7.46079e+12	3.35e-17	2.46e-08	1.00e+00
 7.77385e+12	3.95e-17	2.67e-08	1.00e+00
 8.11473e+12	4.70e-17	2.92e-08	1.00e+00
 8.46925e+12	5.57e-17	3.18e-08	1.00e+00
 8.80538e+12	6.52e-17	3.45e-08	1.00e+00
 9.10738e+12	7.48e-17	3.69e-08	1.00e+00
 9.38869e+12	8.45e-17	3.93e-08	1.00e+00
 9.69852e+12	9.62e-17	4.19e-08	1.00e+00
 1.00478e+13	1.11e-16	4.50e-08	1.00e+00
 1.03828e+13	1.26e-16	4.81e-08	1.00e+00
 1.07524e+13	1.45e-16	5.17e-08	1.00e+00
 1.11635e+13	1.69e-16	5.57e-08	1.00e+00
 1.15412e+13	1.93e-16	5.96e-08	1.00e+00
 1.18916e+13	2.17e-16	6.32e-08	1.00e+00
 1.22935e+13	2.48e-16	6.75e-08	1.00e+00
 1.27860e+13	2.89e-16	7.30e-08	1.00e+00
 1.32781e+13	3.36e-16	7.88e-08	1.00e+00
 1.37052e+13	3.80e-16	8.38e-08	1.00e+00
 1.41661e+13	4.32e-16	8.95e-08	1.00e+00
 1.47301e+13	5.03e-16	9.65e-08	1.00e+00
 1.53063e+13	5.86e-16	1.04e-07	1.00e+00
 1.58257e+13	6.66e-16	1.11e-07	1.00e+00
 1.63933e+13	7.62e-16	1.19e-07	1.00e+00
 1.70633e+13	8.89e-16	1.29e-07	1.00e+00
 1.77336e+13	1.03e-15	1.39e-07	1.00e+00
 1.83621e+13	1.18e-15	1.48e-07	1.00e+00
 1.90580e+13	1.36e-15	1.59e-07	1.00e+00
 1.98502e+13	1.59e-15	1.73e-07	1.00e+00
 2.06399e+13	1.84e-15	1.86e-07	1.00e+00
 2.14611e+13	2.14e-15	2.00e-07	1.00e+00
 2.23495e+13	2.49e-15	2.17e-07	1.00e+00
 2.32734e+13	2.91e-15	2.34e-07	1.00e+00
 2.42343e+13	3.39e-15	2.53e-07	1.00e+00
 2.51678e+13	3.91e-15	2.72e-07	1.00e+00
 2.59645e+13	4.41e-15	2.89e-07	1.00e+00
 2.67763e+13	4.95e-15	3.07e-07	1.00e+00
 2.77948e+13	5.71e-15	3.30e-07	1.00e+00
 2.88318e+13	6.56e-15	3.54e-07	1.00e+00
 2.97338e+13	7.37e-15	3.76e-07	1.00e+00
 3.07110e+13	8.34e-15	4.00e-07	1.00e+00
 3.19035e+13	9.62e-15	4.30e-07	1.00e+00
 3.31294e+13	1.11e-14	4.64e-07	1.00e+00
 3.42612e+13	1.26e-14	4.94e-07	1.00e+00
 3.55172e+13	1.45e-14	5.31e-07	1.00e+00
 3.69666e+13	1.69e-14	5.74e-07	1.00e+00
 3.84125e+13	1.96e-14	6.19e-07	1.00e+00
 3.97180e+13	2.22e-14	6.61e-07	1.00e+00
 4.09157e+13	2.49e-14	7.01e-07	1.00e+00
 4.22924e+13	2.82e-14	7.48e-07	1.00e+00
 4.39469e+13	3.28e-14	8.08e-07	1.00e+00
 4.55829e+13	3.76e-14	8.68e-07	1.00e+00
 4.70443e+13	4.25e-14	9.25e-07	1.00e+00
 4.86585e+13	4.83e-14	9.89e-07	1.00e+00
 5.05773e+13	5.60e-14	1.07e-06	1.00e+00
 5.24750e+13	6.46e-14	1.15e-06	1.00e+00
 5.42068e+13	7.29e-14	1.23e-06	1.00e+00
 5.61402e+13	8.35e-14	1.32e-06	1.00e+00
 5.83926e+13	9.71e-14	1.43e-06	1.00e+00
 6.06060e+13	1.12e-13	1.54e-06	1.00e+00
 6.26952e+13	1.27e-13	1.65e-06	1.00e+00
 6.50200e+13	1.46e-13	1.77e-06	1.00e+00
 6.76508e+13	1.69e-13	1.92e-06	1.00e+00
 7.02778e+13	1.95e-13	2.07e-06	1.00e+00
 7.27391e+13	2.22e-13	2.22e-06	1.00e+00
 7.54077e+13	2.54e-13	2.39e-06	1.00e+00
 7.83903e+13	2.92e-13	2.59e-06	1.00e+00
 8.11761e+13	3.33e-13	2.77e-06	1.00e+00
 8.37594e+13	3.73e-13	2.96e-06	1.00e+00
 8.62410e+13	4.16e-13	3.13e-06	1.00e+00
 8.89892e+13	4.66e-13	3.34e-06	1.00e+00
 9.20279e+13	5.26e-13	3.57e-06	1.00e+00
 9.48610e+13	5.87e-13	3.80e-06	1.00e+00
 9.79608e+13	6.59e-13	4.06e-06	1.00e+00
 1.01445e+14	7.48e-13	4.35e-06	1.00e+00
 1.04768e+14	8.38e-13	4.65e-06	1.00e+00
 1.08429e+14	9.48e-13	4.98e-06	1.00e+00
 1.12464e+14	1.08e-12	5.37e-06	1.00e+00
 1.16174e+14	1.21e-12	5.73e-06	1.00e+00
 1.20186e+14	1.36e-12	6.14e-06	1.00e+00
 1.24674e+14	1.55e-12	6.62e-06	1.00e+00
 1.28900e+14	1.74e-12	7.08e-06	1.00e+00
 1.33512e+14	1.97e-12	7.61e-06	1.00e+00
 1.38631e+14	2.25e-12	8.21e-06	1.00e+00
 1.43409e+14	2.52e-12	8.81e-06	1.00e+00
 1.48603e+14	2.86e-12	9.47e-06	1.00e+00
 1.54411e+14	3.26e-12	1.03e-05	1.00e+00
 1.59909e+14	3.69e-12	1.10e-05	1.00e+00
 1.65794e+14	4.19e-12	1.19e-05	1.00e+00
 1.72456e+14	4.79e-12	1.29e-05	1.00e+00
 1.79008e+14	5.46e-12	1.40e-05	1.00e+00
 1.85316e+14	6.16e-12	1.50e-05	1.00e+00
 1.92251e+14	7.03e-12	1.62e-05	1.00e+00
 1.99971e+14	8.04e-12	1.76e-05	1.00e+00
 2.06549e+14	9.05e-12	1.89e-05	1.00e+00
 2.11403e+14	9.80e-12	1.99e-05	1.00e+00
 2.16489e+14	1.07e-11	2.09e-05	1.00e+00
 2.23102e+14	1.19e-11	2.23e-05	1.00e+00
 2.30379e+14	1.33e-11	2.40e-05	1.00e+00
 2.37101e+14	1.48e-11	2.55e-05	1.00e+00
 2.44419e+14	1.65e-11	2.73e-05	1.00e+00
 2.52633e+14	1.86e-11	2.93e-05	1.00e+00
 2.60453e+14	2.07e-11	3.13e-05	1.00e+00
 2.69061e+14	2.35e-11	3.37e-05	1.00e+00
 2.78646e+14	2.67e-11	3.64e-05	1.00e+00
 2.87675e+14	2.99e-11	3.91e-05	1.00e+00
 2.97588e+14	3.42e-11	4.22e-05	1.00e+00
 3.08582e+14	3.89e-11	4.57e-05	1.00e+00
 3.18795e+14	4.42e-11	4.93e-05	1.00e+00
 3.29887e+14	5.00e-11	5.32e-05	1.00e+00
 3.42261e+14	5.79e-11	5.78e-05	1.00e+00
 3.53818e+14	6.52e-11	6.23e-05	1.00e+00
 3.66358e+14	7.52e-11	6.75e-05	1.00e+00
 3.80346e+14	8.68e-11	7.35e-05	1.00e+00
 3.93485e+14	9.81e-11	7.93e-05	1.00e+00
 4.07734e+14	1.13e-10	8.60e-05	1.00e+00
 4.23642e+14	1.31e-10	9.38e-05	1.00e+00
 4.38811e+14	1.51e-10	1.02e-04	1.00e+00
 4.55019e+14	1.74e-10	1.10e-04	1.00e+00
 4.73250e+14	2.03e-10	1.21e-04	1.00e+00
 4.91326e+14	2.35e-10	1.31e-04	1.00e+00
 5.06148e+14	2.62e-10	1.40e-04	1.00e+00
 5.17676e+14	2.89e-10	1.48e-04	1.00e+00
 5.30299e+14	3.18e-10	1.56e-04	1.00e+00
 5.46709e+14	3.60e-10	1.67e-04	1.00e+00
 5.64451e+14	4.03e-10	1.79e-04	1.00e+00
 5.80463e+14	4.52e-10	1.91e-04	1.00e+00
 5.97816e+14	5.08e-10	2.04e-04	1.00e+00
 6.19791e+14	5.93e-10	2.22e-04	1.00e+00
 6.41904e+14	6.73e-10	2.40e-04	1.00e+00
 6.60562e+14	7.58e-10	2.56e-04	1.00e+00
 6.80598e+14	8.54e-10	2.73e-04	1.00e+00
 7.05776e+14	9.97e-10	2.97e-04	1.00e+00
 7.32134e+14	1.14e-09	3.22e-04	1.00e+00
 7.55875e+14	1.30e-09	3.45e-04	1.00e+00
 7.81718e+14	1.49e-09	3.72e-04	1.00e+00
 8.12266e+14	1.77e-09	4.06e-04	1.00e+00
 8.42250e+14	2.04e-09	4.39e-04	1.00e+00
 8.69625e+14	2.33e-09	4.72e-04	1.00e+00
 9.00287e+14	2.65e-09	5.09e-04	9.99e-01
 9.35986e+14	3.15e-09	5.55e-04	9.99e-01
 9.71145e+14	3.66e-09	6.01e-04	9.99e-01
 1.00458e+15	4.21e-09	6.48e-04	9.99e-01
 1.04165e+15	4.82e-09	7.01e-04	9.99e-01
 1.07665e+15	5.53e-09	7.54e-04	9.99e-01
 1.10272e+15	6.21e-09	7.95e-04	9.99e-01
 1.12919e+15	6.85e-09	8.37e-04	9.99e-01
 1.16359e+15	7.63e-09	8.93e-04	9.99e-01
 1.20108e+15	8.81e-09	9.57e-04	9.99e-01
 1.23485e+15	9.87e-09	1.02e-03	9.99e-01
 1.27103e+15	1.10e-08	1.08e-03	9.99e-01
 1.31732e+15	1.30e-08	1.17e-03	9.99e-01
 1.36409e+15	1.49e-08	1.26e-03	9.99e-01
 1.40293e+15	1.66e-08	1.34e-03	9.99e-01
 1.44415e+15	1.86e-08	1.42e-03	9.99e-01
 1.49681e+15	2.19e-08	1.54e-03	9.98e-01
 1.55204e+15	2.50e-08	1.66e-03	9.98e-01
 1.60065e+15	2.91e-08	1.78e-03	9.98e-01
 1.65298e+15	3.32e-08	1.91e-03	9.98e-01
 1.71622e+15	3.80e-08	2.07e-03	9.98e-01
 1.77899e+15	4.52e-08	2.23e-03	9.98e-01
 1.83456e+15	5.13e-08	2.39e-03	9.98e-01
 1.89541e+15	5.85e-08	2.56e-03	9.97e-01
 1.96842e+15	6.74e-08	2.78e-03	9.97e-01
 2.04147e+15	8.03e-08	3.01e-03	9.97e-01
 2.10504e+15	9.08e-08	3.21e-03	9.97e-01
 2.17203e+15	1.02e-07	3.44e-03	9.97e-01
 2.25411e+15	1.22e-07	3.73e-03	9.96e-01
 2.33554e+15	1.41e-07	4.03e-03	9.96e-01
 2.40022e+15	1.56e-07	4.27e-03	9.96e-01
 2.46338e+15	1.75e-07	4.53e-03	9.95e-01
 2.54549e+15	2.05e-07	4.87e-03	9.95e-01
 2.62630e+15	2.32e-07	5.22e-03	9.95e-01
 2.69183e+15	2.56e-07	5.51e-03	9.94e-01
 2.76341e+15	2.86e-07	5.84e-03	9.94e-01
 2.85647e+15	3.38e-07	6.31e-03	9.94e-01
 2.94967e+15	3.86e-07	6.78e-03	9.93e-01
 3.02612e+15	4.32e-07	7.19e-03	9.93e-01
 3.10858e+15	4.84e-07	7.65e-03	9.92e-01
 3.21578e+15	5.69e-07	8.29e-03	9.92e-01
 3.32590e+15	6.54e-07	8.95e-03	9.91e-01
 3.41767e+15	7.31e-07	9.55e-03	9.90e-01
 3.51481e+15	8.30e-07	1.02e-02	9.90e-01
 3.64111e+15	9.99e-07	1.12e-02	9.89e-01
 3.76457e+15	1.15e-06	1.21e-02	9.88e-01
 3.85936e+15	1.29e-06	1.29e-02	9.87e-01
 3.95759e+15	1.45e-06	1.38e-02	9.86e-01
 4.08529e+15	1.73e-06	1.50e-02	9.85e-01
 4.21199e+15	1.99e-06	1.63e-02	9.84e-01
 4.31231e+15	2.21e-06	1.73e-02	9.83e-01
 4.40248e+15	2.46e-06	1.84e-02	9.82e-01
 4.50451e+15	2.77e-06	1.97e-02	9.80e-01
 4.61363e+15	3.21e-06	2.11e-02	9.79e-01
 4.71504e+15	3.61e-06	2.26e-02	9.77e-01
 4.81109e+15	4.01e-06	2.40e-02	9.76e-01
 4.91712e+15	4.49e-06	2.58e-02	9.74e-01
 5.03591e+15	5.27e-06	2.80e-02	9.72e-01
 5.14628e+15	5.99e-06	3.02e-02	9.70e-01
 5.24662e+15	6.76e-06	3.24e-02	9.68e-01
 5.34207e+15	7.58e-06	3.47e-02	9.65e-01
 5.44932e+15	8.49e-06	3.75e-02	9.63e-01
 5.58873e+15	1.04e-05	4.17e-02	9.58e-01
 5.72415e+15	1.22e-05	4.62e-02	9.54e-01
 5.82810e+15	1.38e-05	5.02e-02	9.50e-01
 5.93696e+15	1.60e-05	5.51e-02	9.45e-01
 6.05471e+15	1.95e-05	6.12e-02	9.39e-01
 6.14351e+15	2.21e-05	6.61e-02	9.34e-01
 6.21845e+15	2.49e-05	7.11e-02	9.29e-01
 6.31587e+15	2.88e-05	7.83e-02	9.22e-01
 6.41728e+15	3.43e-05	8.69e-02	9.13e-01
 6.49519e+15	3.90e-05	9.43e-02	9.06e-01
 6.55142e+15	4.30e-05	1.00e-01	9.00e-01
 6.60815e+15	4.79e-05	1.07e-01	8.93e-01
 6.67053e+15	5.35e-05	1.16e-01	8.84e-01
 6.72938e+15	6.01e-05	1.24e-01	8.76e-01
 6.78306e+15	6.68e-05	1.33e-01	8.67e-01
 6.83234e+15	7.44e-05	1.42e-01	8.58e-01
 6.87857e+15	8.20e-05	1.51e-01	8.49e-01
 6.92940e+15	9.03e-05	1.63e-01	8.37e-01
 6.99547e+15	1.07e-04	1.79e-01	8.20e-01
 7.05239e+15	1.21e-04	1.95e-01	8.05e-01
 7.08965e+15	1.31e-04	2.06e-01	7.94e-01
 7.13029e+15	1.46e-04	2.20e-01	7.79e-01
 7.18312e+15	1.70e-04	2.41e-01	7.59e-01
 7.23125e+15	1.91e-04	2.60e-01	7.40e-01
 7.26604e+15	2.09e-04	2.75e-01	7.24e-01
 7.30404e+15	2.32e-04	2.94e-01	7.06e-01
 7.35344e+15	2.66e-04	3.21e-01	6.79e-01
 7.40208e+15	3.04e-04	3.48e-01	6.51e-01
 7.43991e+15	3.36e-04	3.72e-01	6.28e-01
 7.47924e+15	3.76e-04	3.98e-01	6.02e-01
 7.52239e+15	4.23e-04	4.28e-01	5.72e-01
 7.56255e+15	4.70e-04	4.57e-01	5.42e-01
 7.60683e+15	5.32e-04	4.92e-01	5.08e-01
 7.65382e+15	5.99e-04	5.28e-01	4.72e-01
 7.68848e+15	6.51e-04	5.54e-01	4.45e-01
 7.71157e+15	6.87e-04	5.72e-01	4.28e-01
 7.73549e+15	7.29e-04	5.91e-01	4.08e-01
 7.76659e+15	7.85e-04	6.16e-01	3.83e-01
 7.80051e+15	8.47e-04	6.42e-01	3.58e-01
 7.83154e+15	9.03e-04	6.64e-01	3.35e-01
 7.86530e+15	9.71e-04	6.89e-01	3.10e-01
 7.90219e+15	1.04e-03	7.14e-01	2.85e-01
 7.93581e+15	1.11e-03	7.36e-01	2.63e-01
 7.97219e+15	1.18e-03	7.58e-01	2.41e-01
 8.01162e+15	1.27e-03	7.80e-01	2.18e-01
 8.04692e+15	1.34e-03	7.98e-01	2.00e-01
 8.08470e+15	1.42e-03	8.17e-01	1.82e-01
 8.12578e+15	1.51e-03	8.35e-01	1.64e-01
 8.16269e+15	1.59e-03	8.49e-01	1.49e-01
 8.19690e+15	1.66e-03	8.61e-01	1.37e-01
 8.23606e+15	1.75e-03	8.74e-01	1.24e-01
 8.27878e+15	1.84e-03	8.87e-01	1.11e-01
 8.31703e+15	1.93e-03	8.97e-01	1.02e-01
 8.35178e+15	2.02e-03	9.05e-01	9.32e-02
 8.39106e+15	2.11e-03	9.13e-01	8.46e-02
 8.43350e+15	2.22e-03	9.21e-01	7.64e-02
 8.47119e+15	2.32e-03	9.28e-01	7.01e-02
 8.50571e+15	2.42e-03	9.33e-01	6.47e-02
 8.54495e+15	2.54e-03	9.39e-01	5.89e-02
 8.58776e+15	2.67e-03	9.44e-01	5.35e-02
 8.62620e+15	2.80e-03	9.48e-01	4.93e-02
 8.66039e+15	2.92e-03	9.51e-01	4.57e-02
 8.69807e+15	3.07e-03	9.55e-01	4.20e-02
 8.73984e+15	3.25e-03	9.58e-01	3.84e-02
 8.77818e+15	3.42e-03	9.61e-01	3.56e-02
 8.81251e+15	3.60e-03	9.63e-01	3.31e-02
 8.85034e+15	3.81e-03	9.66e-01	3.06e-02
 8.89266e+15	4.07e-03	9.68e-01	2.81e-02
 8.93162e+15	4.32e-03	9.70e-01	2.61e-02
 8.96652e+15	4.59e-03	9.71e-01	2.43e-02
 9.00535e+15	4.92e-03	9.73e-01	2.25e-02
 9.04923e+15	5.33e-03	9.74e-01	2.07e-02
 9.09045e+15	5.80e-03	9.75e-01	1.92e-02
 9.12711e+15	6.27e-03	9.76e-01	1.80e-02
 9.16706e+15	6.86e-03	9.76e-01	1.66e-02
 9.20982e+15	7.60e-03	9.77e-01	1.54e-02
 9.24612e+15	8.36e-03	9.77e-01	1.45e-02
 9.27708e+15	9.10e-03	9.77e-01	1.38e-02
 9.31121e+15	1.00e-02	9.77e-01	1.30e-02
 9.34502e+15	1.12e-02	9.77e-01	1.23e-02
 9.36980e+15	1.22e-02	9.76e-01	1.18e-02
 9.38953e+15	1.30e-02	9.76e-01	1.15e-02
 9.41131e+15	1.41e-02	9.75e-01	1.11e-02
 9.43590e+15	1.55e-02	9.74e-01	1.07e-02
 9.45851e+15	1.71e-02	9.73e-01	1.03e-02
 9.47776e+15	1.86e-02	9.71e-01	1.00e-02
 9.49541e+15	2.01e-02	9.70e-01	9.80e-03
 9.51547e+15	2.22e-02	9.68e-01	9.52e-03
 9.53703e+15	2.47e-02	9.66e-01	9.27e-03
 9.55547e+15	2.74e-02	9.64e-01	9.06e-03
 9.57106e+15	2.99e-02	9.61e-01	8.93e-03
 9.58800e+15	3.30e-02	9.58e-01	8.75e-03
 9.60681e+15	3.71e-02	9.54e-01	8.61e-03
 9.62386e+15	4.14e-02	9.50e-01	8.52e-03
 9.63897e+15	4.58e-02	9.46e-01	8.47e-03
 9.65574e+15	5.15e-02	9.40e-01	8.41e-03
 9.67393e+15	5.88e-02	9.33e-01	8.38e-03
 9.68968e+15	6.64e-02	9.25e-01	8.38e-03
 9.70294e+15	7.38e-02	9.18e-01	8.41e-03
 9.71543e+15	8.19e-02	9.10e-01	8.43e-03
 9.72806e+15	9.11e-02	9.00e-01	8.48e-03
 9.74016e+15	1.01e-01	8.91e-01	8.58e-03
 9.75058e+15	1.10e-01	8.81e-01	8.65e-03
 9.75971e+15	1.20e-01	8.71e-01	8.72e-03
 9.76684e+15	1.28e-01	8.63e-01	8.79e-03
 9.77163e+15	1.33e-01	8.58e-01	8.83e-03
 9.77609e+15	1.39e-01	8.52e-01	8.87e-03
 9.78128e+15	1.46e-01	8.45e-01	8.91e-03
 9.78689e+15	1.54e-01	8.37e-01	8.97e-03
 9.79231e+15	1.62e-01	8.29e-01	9.03e-03
 9.79744e+15	1.70e-01	8.21e-01	9.10e-03
 9.80254e+15	1.78e-01	8.12e-01	9.13e-03
 9.80766e+15	1.87e-01	8.04e-01	9.20e-03
 9.81275e+15	1.97e-01	7.94e-01	9.24e-03
 9.81779e+15	2.06e-01	7.85e-01	9.32e-03
 9.82282e+15	2.16e-01	7.74e-01	9.36e-03
 9.82787e+15	2.27e-01	7.63e-01	9.41e-03
 9.83278e+15	2.38e-01	7.52e-01	9.46e-03
 9.83763e+15	2.49e-01	7.41e-01	9.51e-03
 9.84255e+15	2.62e-01	7.29e-01	9.54e-03
 9.84743e+15	2.74e-01	7.17e-01	9.60e-03
 9.85227e+15	2.87e-01	7.03e-01	9.61e-03
 9.85707e+15	3.00e-01	6.90e-01	9.66e-03
 9.86187e+15	3.14e-01	6.76e-01	9.68e-03
 9.86670e+15	3.29e-01	6.62e-01	9.69e-03
 9.87143e+15	3.43e-01	6.47e-01	9.70e-03
 9.87610e+15	3.58e-01	6.32e-01	9.70e-03
 9.88082e+15	3.74e-01	6.16e-01	9.70e-03
 9.88556e+15	3.90e-01	6.00e-01	9.70e-03
 9.89030e+15	4.07e-01	5.84e-01	9.66e-03
 9.89497e+15	4.23e-01	5.68e-01	9.65e-03
 9.89960e+15	4.40e-01	5.50e-01	9.58e-03
 9.90423e+15	4.57e-01	5.34e-01	9.55e-03
 9.90882e+15	4.74e-01	5.17e-01	9.48e-03
 9.91339e+15	4.91e-01	4.99e-01	9.39e-03
 9.91801e+15	5.09e-01	4.82e-01	9.31e-03
 9.92262e+15	5.27e-01	4.64e-01	9.21e-03
 9.92713e+15	5.44e-01	4.47e-01	9.09e-03
 9.93159e+15	5.61e-01	4.30e-01	8.97e-03
 9.93606e+15	5.77e-01	4.14e-01	8.84e-03
 9.94052e+15	5.94e-01	3.97e-01	8.70e-03
 9.94499e+15	6.10e-01	3.81e-01	8.55e-03
 9.94949e+15	6.26e-01	3.65e-01	8.39e-03
 9.95399e+15	6.42e-01	3.50e-01	8.20e-03
 9.95860e+15	6.58e-01	3.34e-01	8.01e-03
 9.96330e+15	6.73e-01	3.19e-01	7.81e-03
 9.96805e+15	6.88e-01	3.04e-01	7.60e-03
 9.97289e+15	7.03e-01	2.90e-01	7.38e-03
 9.97790e+15	7.17e-01	2.76e-01	7.16e-03
 9.98307e+15	7.31e-01	2.62e-01	6.93e-03
 9.98834e+15	7.44e-01	2.49e-01	6.69e-03
 9.99383e+15	7.57e-01	2.37e-01	6.45e-03
 9.99970e+15	7.69e-01	2.24e-01	6.20e-03
 1.00053e+16	7.80e-01	2.14e-01	5.98e-03
 1.00104e+16	7.89e-01	2.05e-01	5.79e-03
 1.00154e+16	7.97e-01	1.97e-01	5.59e-03
 1.00208e+16	8.05e-01	1.90e-01	5.40e-03
 1.00265e+16	8.12e-01	1.82e-01	5.22e-03
 1.00322e+16	8.19e-01	1.76e-01	5.05e-03
 1.00382e+16	8.26e-01	1.70e-01	4.88e-03
 1.00445e+16	8.31e-01	1.64e-01	4.72e-03
 1.00512e+16	8.37e-01	1.59e-01	4.57e-03
 1.00583e+16	8.42e-01	1.54e-01	4.42e-03
 1.00661e+16	8.47e-01	1.49e-01	4.27e-03
 1.00743e+16	8.51e-01	1.45e-01	4.14e-03
 1.00831e+16	8.55e-01	1.41e-01	4.00e-03
 1.00928e+16	8.58e-01	1.38e-01	3.87e-03
 1.01033e+16	8.62e-01	1.35e-01	3.74e-03
 1.01144e+16	8.65e-01	1.32e-01	3.62e-03
 1.01263e+16	8.67e-01	1.29e-01	3.50e-03
 1.01390e+16	8.70e-01	1.26e-01	3.38e-03
 1.01524e+16	8.73e-01	1.24e-01	3.26e-03
 1.01664e+16	8.75e-01	1.22e-01	3.15e-03
 1.01807e+16	8.77e-01	1.19e-01	3.04e-03
 1.01952e+16	8.80e-01	1.17e-01	2.93e-03
 1.02098e+16	8.82e-01	1.15e-01	2.83e-03
 1.02244e+16	8.84e-01	1.13e-01	2.73e-03
 1.02390e+16	8.86e-01	1.12e-01	2.64e-03
 1.02535e+16	8.88e-01	1.10e-01	2.55e-03
 1.02679e+16	8.90e-01	1.08e-01	2.47e-03
 1.02822e+16	8.91e-01	1.06e-01	2.39e-03
 1.02963e+16	8.93e-01	1.05e-01	2.31e-03
 1.03103e+16	8.95e-01	1.03e-01	2.24e-03
 1.03244e+16	8.97e-01	1.01e-01	2.16e-03
 1.03383e+16	8.98e-01	9.98e-02	2.10e-03
 1.03522e+16	9.00e-01	9.83e-02	2.03e-03
 1.03661e+16	9.01e-01	9.68e-02	1.97e-03
 1.03800e+16	9.03e-01	9.53e-02	1.90e-03
 1.03939e+16	9.04e-01	9.39e-02	1.85e-03
 1.04078e+16	9.06e-01	9.25e-02	1.79e-03
 1.04218e+16	9.07e-01	9.11e-02	1.73e-03
 1.04362e+16	9.09e-01	8.97e-02	1.68e-03
 1.04510e+16	9.10e-01	8.82e-02	1.62e-03
 1.04662e+16	9.12e-01	8.68e-02	1.57e-03
 1.04818e+16	9.13e-01	8.54e-02	1.51e-03
 1.04979e+16	9.15e-01	8.39e-02	1.46e-03
 1.05147e+16	9.16e-01	8.24e-02	1.40e-03
 1.05326e+16	9.18e-01	8.09e-02	1.35e-03
 1.05521e+16	9.20e-01	7.91e-02	1.29e-03
 1.05733e+16	9.21e-01	7.74e-02	1.23e-03
 1.05967e+16	9.23e-01	7.54e-02	1.16e-03
 1.06233e+16	9.26e-01	7.33e-02	1.10e-03
 1.06514e+16	9.28e-01	7.11e-02	1.03e-03
 1.06781e+16	9.30e-01	6.91e-02	9.70e-04
 1.07025e+16	9.32e-01	6.74e-02	9.20e-04
 1.07247e+16	9.33e-01	6.58e-02	8.75e-04
 1.07449e+16	9.35e-01	6.44e-02	8.37e-04
 1.07632e+16	9.36e-01	6.32e-02	8.03e-04
 1.07799e+16	9.37e-01	6.20e-02	7.73e-04
 1.07951e+16	9.38e-01	6.10e-02	7.47e-04
 1.08118e+16	9.39e-01	5.99e-02	7.19e-04
 1.08298e+16	9.41e-01	5.88e-02	6.90e-04
 1.08462e+16	9.42e-01	5.77e-02	6.64e-04
 1.08610e+16	9.43e-01	5.68e-02	6.42e-04
 1.08774e+16	9.44e-01	5.58e-02	6.18e-04
 1.08950e+16	9.45e-01	5.47e-02	5.93e-04
 1.09110e+16	9.46e-01	5.37e-02	5.71e-04
 1.09256e+16	9.47e-01	5.28e-02	5.51e-04
 1.09389e+16	9.47e-01	5.20e-02	5.34e-04
 1.09510e+16	9.48e-01	5.13e-02	5.19e-04
 1.09642e+16	9.49e-01	5.05e-02	5.02e-04
 1.09785e+16	9.50e-01	4.97e-02	4.85e-04
 1.09915e+16	9.51e-01	4.89e-02	4.70e-04
 1.10034e+16	9.51e-01	4.82e-02	4.56e-04
 1.10141e+16	9.52e-01	4.76e-02	4.44e-04
 1.10260e+16	9.53e-01	4.69e-02	4.31e-04
 1.10387e+16	9.53e-01	4.62e-02	4.18e-04
 1.10503e+16	9.54e-01	4.55e-02	4.05e-04
 1.10608e+16	9.55e-01	4.50e-02	3.95e-04
 1.10724e+16	9.55e-01	4.43e-02	3.83e-04
 1.10849e+16	9.56e-01	4.37e-02	3.71e-04
 1.10963e+16	9.57e-01	4.30e-02	3.61e-04
 1.11066e+16	9.57e-01	4.25e-02	3.51e-04
 1.11179e+16	9.58e-01	4.18e-02	3.40e-04
 1.11302e+16	9.58e-01	4.12e-02	3.31e-04
 1.11413e+16	9.59e-01	4.07e-02	3.21e-04
 1.11514e+16	9.60e-01	4.01e-02	3.13e-04
 1.11625e+16	9.60e-01	3.95e-02	3.03e-04
 1.11745e+16	9.61e-01	3.90e-02	2.95e-04
 1.11854e+16	9.61e-01	3.84e-02	2.86e-04
 1.11953e+16	9.62e-01	3.80e-02	2.79e-04
 1.12062e+16	9.62e-01	3.74e-02	2.71e-04
 1.12179e+16	9.63e-01	3.69e-02	2.63e-04
 1.12286e+16	9.63e-01	3.64e-02	2.56e-04
 1.12383e+16	9.64e-01	3.59e-02	2.50e-04
 1.12490e+16	9.64e-01	3.54e-02	2.42e-04
 1.12605e+16	9.65e-01	3.49e-02	2.36e-04
 1.12709e+16	9.65e-01	3.45e-02	2.30e-04
 1.12805e+16	9.66e-01	3.41e-02	2.24e-04
 1.12909e+16	9.66e-01	3.36e-02	2.18e-04
 1.13022e+16	9.67e-01	3.32e-02	2.12e-04
 1.13124e+16	9.67e-01	3.27e-02	2.07e-04
 1.13237e+16	9.68e-01	3.23e-02	2.01e-04
 1.13358e+16	9.68e-01	3.18e-02	1.95e-04
 1.13468e+16	9.68e-01	3.14e-02	1.90e-04
 1.13589e+16	9.69e-01	3.09e-02	1.84e-04
 1.13720e+16	9.69e-01	3.05e-02	1.79e-04
 1.13838e+16	9.70e-01	3.00e-02	1.74e-04
 1.13969e+16	9.70e-01	2.95e-02	1.68e-04
 1.14109e+16	9.71e-01	2.91e-02	1.63e-04
 1.14237e+16	9.71e-01	2.86e-02	1.58e-04
 1.14353e+16	9.72e-01	2.83e-02	1.54e-04
 1.14481e+16	9.72e-01	2.78e-02	1.49e-04
 1.14619e+16	9.72e-01	2.74e-02	1.45e-04
 1.14744e+16	9.73e-01	2.70e-02	1.40e-04
 1.14881e+16	9.73e-01	2.66e-02	1.36e-04
 1.15029e+16	9.74e-01	2.61e-02	1.32e-04
 1.15164e+16	9.74e-01	2.57e-02	1.28e-04
 1.15287e+16	9.75e-01	2.54e-02	1.24e-04
 1.15422e+16	9.75e-01	2.50e-02	1.20e-04
 1.15567e+16	9.75e-01	2.46e-02	1.17e-04
 1.15699e+16	9.76e-01	2.42e-02	1.13e-04
 1.15844e+16	9.76e-01	2.38e-02	1.10e-04
 1.16000e+16	9.76e-01	2.34e-02	1.06e-04
 1.16142e+16	9.77e-01	2.31e-02	1.03e-04
 1.16298e+16	9.77e-01	2.27e-02	9.93e-05
 1.16466e+16	9.78e-01	2.23e-02	9.59e-05
 1.16619e+16	9.78e-01	2.19e-02	9.28e-05
 1.16759e+16	9.78e-01	2.16e-02	9.02e-05
 1.16912e+16	9.79e-01	2.12e-02	8.72e-05
 1.17076e+16	9.79e-01	2.09e-02	8.44e-05
 1.17226e+16	9.79e-01	2.06e-02	8.18e-05
 1.17391e+16	9.80e-01	2.02e-02	7.90e-05
 1.17568e+16	9.80e-01	1.98e-02	7.63e-05
 1.17730e+16	9.80e-01	1.95e-02	7.38e-05
 1.17907e+16	9.81e-01	1.92e-02	7.12e-05
 1.18098e+16	9.81e-01	1.88e-02	6.86e-05
 1.18272e+16	9.81e-01	1.85e-02	6.63e-05
 1.18430e+16	9.82e-01	1.82e-02	6.43e-05
 1.18603e+16	9.82e-01	1.79e-02	6.20e-05
 1.18790e+16	9.82e-01	1.76e-02	5.99e-05
 1.18961e+16	9.83e-01	1.73e-02	5.80e-05
 1.19147e+16	9.83e-01	1.70e-02	5.59e-05
 1.19349e+16	9.83e-01	1.66e-02	5.38e-05
 1.19532e+16	9.84e-01	1.64e-02	5.20e-05
 1.19733e+16	9.84e-01	1.60e-02	5.00e-05
 1.19950e+16	9.84e-01	1.57e-02	4.81e-05
 1.20147e+16	9.85e-01	1.54e-02	4.65e-05
 1.20364e+16	9.85e-01	1.51e-02	4.46e-05
 1.20597e+16	9.85e-01	1.48e-02	4.28e-05
 1.20810e+16	9.85e-01	1.45e-02	4.12e-05
 1.21042e+16	9.86e-01	1.42e-02	3.95e-05
 1.21294e+16	9.86e-01	1.39e-02	3.78e-05
 1.21522e+16	9.86e-01	1.36e-02	3.64e-05
 1.21731e+16	9.87e-01	1.34e-02	3.51e-05
 1.21959e+16	9.87e-01	1.31e-02	3.37e-05
 1.22205e+16	9.87e-01	1.29e-02	3.24e-05
 1.22429e+16	9.87e-01	1.26e-02	3.12e-05
 1.22675e+16	9.88e-01	1.24e-02	2.99e-05
 1.22940e+16	9.88e-01	1.21e-02	2.86e-05
 1.23181e+16	9.88e-01	1.19e-02	2.75e-05
 1.23445e+16	9.88e-01	1.16e-02	2.63e-05
 1.23731e+16	9.89e-01	1.13e-02	2.52e-05
 1.23990e+16	9.89e-01	1.11e-02	2.42e-05
 1.24275e+16	9.89e-01	1.08e-02	2.30e-05
 1.24582e+16	9.89e-01	1.06e-02	2.20e-05
 1.24862e+16	9.90e-01	1.03e-02	2.11e-05
 1.25168e+16	9.90e-01	1.01e-02	2.00e-05
 1.25499e+16	9.90e-01	9.84e-03	1.91e-05
 1.25800e+16	9.90e-01	9.62e-03	1.82e-05
 1.26130e+16	9.91e-01	9.37e-03	1.73e-05
 1.26486e+16	9.91e-01	9.13e-03	1.64e-05
 1.26810e+16	9.91e-01	8.91e-03	1.57e-05
 1.27165e+16	9.91e-01	8.67e-03	1.49e-05
 1.27548e+16	9.92e-01	8.43e-03	1.41e-05
 1.27897e+16	9.92e-01	8.23e-03	1.34e-05
 1.28279e+16	9.92e-01	8.00e-03	1.27e-05
 1.28692e+16	9.92e-01	7.77e-03	1.20e-05
 1.29067e+16	9.92e-01	7.57e-03	1.14e-05
 1.29479e+16	9.93e-01	7.35e-03	1.07e-05
 1.30013e+16	9.93e-01	7.07e-03	9.92e-06
 1.30631e+16	9.93e-01	6.77e-03	9.11e-06
 1.31257e+16	9.94e-01	6.49e-03	8.38e-06
 1.31886e+16	9.94e-01	6.22e-03	7.72e-06
 1.32539e+16	9.94e-01	5.96e-03	7.08e-06
 1.33222e+16	9.94e-01	5.70e-03	6.48e-06
 1.33929e+16	9.95e-01	5.44e-03	5.92e-06
 1.34658e+16	9.95e-01	5.20e-03	5.40e-06
 1.35414e+16	9.95e-01	4.96e-03	4.92e-06
 1.36193e+16	9.95e-01	4.72e-03	4.47e-06
 1.36987e+16	9.95e-01	4.50e-03	4.06e-06
 1.37793e+16	9.96e-01	4.28e-03	3.69e-06
 1.38613e+16	9.96e-01	4.08e-03	3.35e-06
 1.39448e+16	9.96e-01	3.88e-03	3.03e-06
 1.40298e+16	9.96e-01	3.70e-03	2.75e-06
 1.41153e+16	9.96e-01	3.52e-03	2.50e-06
 1.42019e+16	9.97e-01	3.35e-03	2.26e-06
 1.42914e+16	9.97e-01	3.18e-03	2.05e-06
 1.43831e+16	9.97e-01	3.02e-03	1.85e-06
 1.44761e+16	9.97e-01	2.87e-03	1.67e-06
 1.45705e+16	9.97e-01	2.73e-03	1.50e-06
 1.46668e+16	9.97e-01	2.59e-03	1.36e-06
 1.47651e+16	9.98e-01	2.45e-03	1.22e-06
 1.48650e+16	9.98e-01	2.33e-03	1.10e-06
 1.49667e+16	9.98e-01	2.20e-03	9.87e-07
 1.50703e+16	9.98e-01	2.09e-03	8.86e-07
 1.51761e+16	9.98e-01	1.97e-03	7.94e-07
 1.52840e+16	9.98e-01	1.87e-03	7.11e-07
 1.53940e+16	9.98e-01	1.77e-03	6.35e-07
 1.55062e+16	9.98e-01	1.67e-03	5.67e-07
 1.56207e+16	9.98e-01	1.57e-03	5.06e-07
 1.57376e+16	9.99e-01	1.48e-03	4.50e-07
 1.58570e+16	9.99e-01	1.40e-03	4.00e-07
 1.59790e+16	9.99e-01	1.32e-03	3.55e-07
 1.61037e+16	9.99e-01	1.24e-03	3.14e-07
 1.62314e+16	9.99e-01	1.16e-03	2.78e-07
 1.63620e+16	9.99e-01	1.09e-03	2.45e-07
 1.64958e+16	9.99e-01	1.02e-03	2.16e-07
 1.66330e+16	9.99e-01	9.60e-04	1.89e-07
 1.67738e+16	9.99e-01	8.98e-04	1.66e-07
 1.69183e+16	9.99e-01	8.39e-04	1.45e-07
 1.70669e+16	9.99e-01	7.82e-04	1.26e-07
 1.72197e+16	9.99e-01	7.29e-04	1.09e-07
 1.73761e+16	9.99e-01	6.79e-04	9.50e-08
 1.75348e+16	9.99e-01	6.31e-04	8.23e-08
 1.76991e+16	9.99e-01	5.85e-04	7.08e-08
 1.78729e+16	9.99e-01	5.41e-04	6.05e-08
 1.80540e+16	1.00e+00	4.98e-04	5.14e-08
 1.82412e+16	1.00e+00	4.58e-04	4.35e-08
 1.84354e+16	1.00e+00	4.20e-04	3.66e-08
 1.86383e+16	1.00e+00	3.84e-04	3.06e-08
 1.88508e+16	1.00e+00	3.50e-04	2.53e-08
 1.90740e+16	1.00e+00	3.17e-04	2.09e-08
 1.93093e+16	1.00e+00	2.86e-04	1.70e-08
 1.95588e+16	1.00e+00	2.57e-04	1.37e-08
 1.98266e+16	1.00e+00	2.29e-04	1.09e-08
 2.01093e+16	1.00e+00	2.03e-04	8.54e-09
 2.04119e+16	1.00e+00	1.78e-04	6.60e-09
 2.07448e+16	1.00e+00	1.55e-04	4.98e-09
 2.11085e+16	1.00e+00	1.33e-04	3.67e-09
 2.15087e+16	1.00e+00	1.12e-04	2.63e-09
 2.19569e+16	1.00e+00	9.34e-05	1.82e-09
 2.24819e+16	1.00e+00	7.53e-05	1.18e-09
 2.30733e+16	1.00e+00	5.95e-05	7.41e-10
 2.36858e+16	1.00e+00	4.69e-05	4.60e-10
 2.43015e+16	1.00e+00	3.71e-05	2.88e-10
 2.49173e+16	1.00e+00	2.94e-05	1.81e-10
 2.55398e+16	1.00e+00	2.34e-05	1.15e-10
 2.61724e+16	1.00e+00	1.86e-05	7.26e-11
 2.68169e+16	1.00e+00	1.48e-05	4.59e-11
 2.74728e+16	1.00e+00	1.17e-05	2.90e-11
 2.81384e+16	1.00e+00	9.34e-06	1.84e-11
 2.88173e+16	1.00e+00	7.44e-06	1.17e-11
 2.95126e+16	1.00e+00	5.91e-06	7.40e-12
 3.02208e+16	1.00e+00	4.71e-06	4.70e-12
 3.09443e+16	1.00e+00	3.74e-06	2.97e-12
 3.16860e+16	1.00e+00	2.97e-06	1.88e-12
 3.24455e+16	1.00e+00	2.36e-06	1.18e-12
 3.32254e+16	1.00e+00	1.87e-06	7.44e-13
 3.40273e+16	1.00e+00	1.48e-06	4.66e-13
 3.48538e+16	1.00e+00	1.16e-06	2.90e-13
 3.57084e+16	1.00e+00	9.15e-07	1.79e-13
 3.65961e+16	1.00e+00	7.16e-07	1.10e-13
 3.75239e+16	1.00e+00	5.57e-07	6.64e-14
 3.85005e+16	1.00e+00	4.29e-07	3.95e-14
 3.95382e+16	1.00e+00	3.27e-07	2.30e-14
 4.06421e+16	1.00e+00	2.47e-07	1.31e-14
 4.17787e+16	1.00e+00	1.86e-07	7.48e-15
 4.29063e+16	1.00e+00	1.42e-07	4.34e-15
 4.40172e+16	1.00e+00	1.09e-07	2.57e-15
 4.51158e+16	1.00e+00	8.44e-08	1.54e-15
 4.62024e+16	1.00e+00	6.58e-08	9.40e-16
 4.72724e+16	1.00e+00	5.18e-08	5.83e-16
 4.83194e+16	1.00e+00	4.12e-08	3.69e-16
 4.93391e+16	1.00e+00	3.31e-08	2.38e-16
 5.03299e+16	1.00e+00	2.68e-08	1.57e-16
 5.12900e+16	1.00e+00	2.19e-08	1.05e-16
 5.22169e+16	1.00e+00	1.81e-08	7.20e-17
 5.31095e+16	1.00e+00	1.51e-08	5.03e-17
 5.39672e+16	1.00e+00	1.28e-08	3.58e-17
 5.47894e+16	1.00e+00	1.09e-08	2.59e-17
 5.55764e+16	1.00e+00	9.32e-09	1.91e-17
 5.63288e+16	1.00e+00	8.07e-09	1.43e-17
 5.70472e+16	1.00e+00	7.04e-09	1.09e-17
 5.77321e+16	1.00e+00	6.19e-09	8.47e-18
 5.83848e+16	1.00e+00	5.49e-09	6.66e-18
 5.90064e+16	1.00e+00	4.89e-09	5.30e-18
 5.95984e+16	1.00e+00	4.40e-09	4.28e-18
 6.01619e+16	1.00e+00	3.97e-09	3.49e-18
 6.06978e+16	1.00e+00	3.61e-09	2.88e-18
 6.12075e+16	1.00e+00	3.29e-09	2.41e-18
 6.16923e+16	1.00e+00	3.02e-09	2.03e-18
 6.21535e+16	1.00e+00	2.79e-09	1.73e-18
 6.25923e+16	1.00e+00	2.58e-09	1.49e-18
 6.30098e+16	1.00e+00	2.40e-09	1.29e-18
 6.34069e+16	1.00e+00	2.24e-09	1.12e-18
 6.37846e+16	1.00e+00	2.10e-09	9.87e-19
 6.41440e+16	1.00e+00	1.98e-09	8.74e-19
 6.44863e+16	1.00e+00	1.87e-09	7.79e-19
 6.48125e+16	1.00e+00	1.77e-09	6.98e-19
 6.51234e+16	1.00e+00	1.68e-09	6.29e-19
 6.54198e+16	1.00e+00	1.60e-09	5.70e-19
 6.57024e+16	1.00e+00	1.52e-09	5.19e-19
 6.59721e+16	1.00e+00	1.46e-09	4.75e-19
 6.62298e+16	1.00e+00	1.39e-09	4.36e-19
 6.64763e+16	1.00e+00	1.34e-09	4.02e-19
 6.67122e+16	1.00e+00	1.29e-09	3.72e-19
 6.69381e+16	1.00e+00	1.24e-09	3.46e-19
 6.71546e+16	1.00e+00	1.20e-09	3.22e-19
 6.73624e+16	1.00e+00	1.16e-09	3.01e-19
 6.75621e+16	1.00e+00	1.12e-09	2.82e-19
 6.77545e+16	1.00e+00	1.09e-09	2.65e-19
 6.79401e+16	1.00e+00	1.05e-09	2.50e-19
 6.81195e+16	1.00e+00	1.02e-09	2.36e-19
 6.82930e+16	1.00e+00	9.96e-10	2.23e-19
 6.84614e+16	1.00e+00	9.69e-10	2.11e-19
 6.86252e+16	1.00e+00	9.44e-10	2.01e-19
 6.87852e+16	1.00e+00	9.20e-10	1.91e-19
 6.89418e+16	1.00e+00	8.97e-10	1.81e-19
 6.90957e+16	1.00e+00	8.76e-10	1.73e-19
 6.92476e+16	1.00e+00	8.55e-10	1.65e-19
 6.93981e+16	1.00e+00	8.34e-10	1.57e-19
 6.95481e+16	1.00e+00	8.14e-10	1.50e-19
 6.96987e+16	1.00e+00	7.95e-10	1.43e-19
 6.98509e+16	1.00e+00	7.76e-10	1.36e-19
 7.00058e+16	1.00e+00	7.57e-10	1.29e-19
 7.01648e+16	1.00e+00	7.38e-10	1.23e-19
 7.03299e+16	1.00e+00	7.19e-10	1.17e-19
 7.05034e+16	1.00e+00	7.00e-10	1.11e-19
 7.06884e+16	1.00e+00	6.79e-10	1.04e-19
 7.08888e+16	1.00e+00	6.58e-10	9.79e-20
 7.11101e+16	1.00e+00	6.35e-10	9.13e-20
 7.13601e+16	1.00e+00	6.11e-10	8.43e-20
 7.16502e+16	1.00e+00	5.83e-10	7.69e-20
 7.19976e+16	1.00e+00	5.52e-10	6.90e-20
 7.24297e+16	1.00e+00	5.15e-10	6.01e-20
 7.29851e+16	1.00e+00	4.72e-10	5.05e-20
 7.37070e+16	1.00e+00	4.21e-10	4.03e-20
 7.46456e+16	1.00e+00	3.64e-10	3.01e-20
 7.58657e+16	1.00e+00	3.02e-10	2.08e-20
 7.74518e+16	1.00e+00	2.38e-10	1.29e-20
 7.95138e+16	1.00e+00	1.75e-10	7.07e-21
 8.21004e+16	1.00e+00	1.21e-10	0.00e+00
 8.49425e+16	1.00e+00	8.25e-11	0.00e+00
 8.77845e+16	1.00e+00	5.67e-11	0.00e+00
 9.06266e+16	1.00e+00	3.93e-11	0.00e+00
 9.36126e+16	1.00e+00	2.70e-11	0.00e+00
 9.67426e+16	1.00e+00	1.84e-11	0.00e+00
 9.98725e+16	1.00e+00	1.27e-11	0.00e+00
 1.03003e+17	1.00e+00	8.85e-12	0.00e+00
 1.06132e+17	1.00e+00	6.22e-12	0.00e+00
 1.09262e+17	1.00e+00	4.42e-12	0.00e+00
 1.12393e+17	1.00e+00	3.17e-12	0.00e+00
 1.15523e+17	1.00e+00	2.30e-12	0.00e+00
 1.18653e+17	1.00e+00	1.68e-12	0.00e+00
 1.21783e+17	1.00e+00	1.24e-12	0.00e+00
 1.24913e+17	1.00e+00	9.23e-13	0.00e+00
 1.28043e+17	1.00e+00	6.95e-13	0.00e+00
 1.31571e+17	1.00e+00	5.08e-13	0.00e+00
 1.35574e+17	1.00e+00	3.61e-13	0.00e+00
 1.40264e+17	1.00e+00	2.47e-13	0.00e+00
 1.45502e+17	1.00e+00	1.64e-13	0.00e+00
 1.49968e+17	1.00e+00	1.19e-13	0.00e+00
 1.52830e+17	1.00e+00	9.97e-14	0.00e+00
 1.54290e+17	1.00e+00	9.25e-14	0.00e+00
 1.55055e+17	1.00e+00	8.90e-14	0.00e+00
 1.55514e+17	1.00e+00	8.71e-14	0.00e+00
 1.55815e+17	1.00e+00	8.58e-14	0.00e+00
 1.56068e+17	1.00e+00	8.46e-14	0.00e+00
 1.56330e+17	1.00e+00	8.35e-14	0.00e+00
 1.56610e+17	1.00e+00	8.22e-14	0.00e+00
 1.56882e+17	1.00e+00	8.10e-14	0.00e+00
 1.57119e+17	1.00e+00	8.00e-14	0.00e+00
 1.57333e+17	1.00e+00	7.91e-14	0.00e+00
 1.57544e+17	1.00e+00	7.82e-14	0.00e+00
 1.57751e+17	1.00e+00	7.73e-14	0.00e+00
 1.57949e+17	1.00e+00	7.64e-14	0.00e+00
 1.58127e+17	1.00e+00	7.57e-14	0.00e+00
 1.58283e+17	1.00e+00	7.50e-14	0.00e+00
 1.58433e+17	1.00e+00	7.44e-14	0.00e+00
 1.58591e+17	1.00e+00	7.37e-14	0.00e+00
 1.58745e+17	1.00e+00	7.31e-14	0.00e+00
 1.58881e+17	1.00e+00	7.25e-14	0.00e+00
 1.59002e+17	1.00e+00	7.20e-14	0.00e+00
 1.59118e+17	1.00e+00	7.15e-14	0.00e+00
 1.59240e+17	1.00e+00	7.10e-14	0.00e+00
 1.59365e+17	1.00e+00	7.05e-14	0.00e+00
 1.59476e+17	1.00e+00	7.00e-14	0.00e+00
 1.59576e+17	1.00e+00	6.96e-14	0.00e+00
 1.59675e+17	1.00e+00	6.92e-14	0.00e+00
 1.59776e+17	1.00e+00	6.88e-14	0.00e+00
 1.59877e+17	1.00e+00	6.84e-14	0.00e+00
 1.59976e+17	1.00e+00	6.80e-14	0.00e+00
 1.60072e+17	1.00e+00	6.76e-14	0.00e+00
 1.60159e+17	1.00e+00	6.72e-14	0.00e+00
 1.60242e+17	1.00e+00	6.69e-14	0.00e+00
 1.60330e+17	1.00e+00	6.65e-14	0.00e+00
 1.60422e+17	1.00e+00	6.61e-14	0.00e+00
 1.60513e+17	1.00e+00	6.57e-14	0.00e+00
 1.60598e+17	1.00e+00	6.54e-14	0.00e+00
 1.60684e+17	1.00e+00	6.50e-14	0.00e+00
 1.60772e+17	1.00e+00	6.46e-14	0.00e+00
 1.60857e+17	1.00e+00	6.42e-14	0.00e+00
 1.60939e+17	1.00e+00	6.39e-14	0.00e+00
 1.61027e+17	1.00e+00	6.35e-14	0.00e+00
 1.61119e+17	1.00e+00	6.31e-14	0.00e+00
 1.61209e+17	1.00e+00	6.27e-14	0.00e+00
 1.61296e+17	1.00e+00	6.23e-14	0.00e+00
 1.61386e+17	1.00e+00	6.19e-14	0.00e+00
 1.61480e+17	1.00e+00	6.15e-14	0.00e+00
 1.61576e+17	1.00e+00	6.11e-14	0.00e+00
 1.61672e+17	1.00e+00	6.07e-14	0.00e+00
 1.61768e+17	1.00e+00	6.03e-14	0.00e+00
 1.61873e+17	1.00e+00	5.98e-14	0.00e+00
 1.61984e+17	1.00e+00	5.93e-14	0.00e+00
 1.62090e+17	1.00e+00	5.88e-14	0.00e+00
 1.62191e+17	1.00e+00	5.84e-14	0.00e+00
 1.62292e+17	1.00e+00	5.80e-14	0.00e+00
 1.62403e+17	1.00e+00	5.75e-14	0.00e+00
 1.62528e+17	1.00e+00	5.69e-14	0.00e+00
 1.62651e+17	1.00e+00	5.64e-14	0.00e+00
 1.62763e+17	1.00e+00	5.59e-14	0.00e+00
 1.62877e+17	1.00e+00	5.54e-14	0.00e+00
 1.63007e+17	1.00e+00	5.49e-14	0.00e+00
 1.63152e+17	1.00e+00	5.42e-14	0.00e+00
 1.63294e+17	1.00e+00	5.36e-14	0.00e+00
 1.63428e+17	1.00e+00	5.31e-14	0.00e+00
 1.63564e+17	1.00e+00	5.25e-14	0.00e+00
 1.63707e+17	1.00e+00	5.19e-14	0.00e+00
 1.63859e+17	1.00e+00	5.13e-14	0.00e+00
 1.64014e+17	1.00e+00	5.06e-14	0.00e+00
 1.64172e+17	1.00e+00	5.00e-14	0.00e+00
 1.64334e+17	1.00e+00	4.93e-14	0.00e+00
 1.64503e+17	1.00e+00	4.87e-14	0.00e+00
 1.64681e+17	1.00e+00	4.79e-14	0.00e+00
 1.64862e+17	1.00e+00	4.72e-14	0.00e+00
 1.65045e+17	1.00e+00	4.65e-14	0.00e+00
 1.65232e+17	1.00e+00	4.58e-14	0.00e+00
 1.65426e+17	1.00e+00	4.50e-14	0.00e+00
 1.65627e+17	1.00e+00	4.42e-14	0.00e+00
 1.65831e+17	1.00e+00	4.35e-14	0.00e+00
 1.66049e+17	1.00e+00	4.27e-14	0.00e+00
 1.66278e+17	1.00e+00	4.18e-14	0.00e+00
 1.66504e+17	1.00e+00	4.10e-14	0.00e+00
 1.66727e+17	1.00e+00	4.02e-14	0.00e+00
 1.66962e+17	1.00e+00	3.94e-14	0.00e+00
 1.67221e+17	1.00e+00	3.85e-14	0.00e+00
 1.67489e+17	1.00e+00	3.75e-14	0.00e+00
 1.67748e+17	1.00e+00	3.66e-14	0.00e+00
 1.68006e+17	1.00e+00	3.58e-14	0.00e+00
 1.68274e+17	1.00e+00	3.49e-14	0.00e+00
 1.68556e+17	1.00e+00	3.40e-14	0.00e+00
 1.68853e+17	1.00e+00	3.30e-14	0.00e+00
 1.69161e+17	1.00e+00	3.21e-14	0.00e+00
 1.69471e+17	1.00e+00	3.11e-14	0.00e+00
 1.69783e+17	1.00e+00	3.02e-14	0.00e+00
 1.70101e+17	1.00e+00	2.93e-14	0.00e+00
 1.70428e+17	1.00e+00	2.83e-14	0.00e+00
 1.70775e+17	1.00e+00	2.74e-14	0.00e+00
 1.71145e+17	1.00e+00	2.64e-14	0.00e+00
 1.71512e+17	1.00e+00	2.54e-14	0.00e+00
 1.71876e+17	1.00e+00	2.45e-14	0.00e+00
 1.72253e+17	1.00e+00	2.35e-14	0.00e+00
 1.72645e+17	1.00e+00	2.26e-14	0.00e+00
 1.73046e+17	1.00e+00	2.17e-14	0.00e+00
 1.73466e+17	1.00e+00	2.07e-14	0.00e+00
 1.73903e+17	1.00e+00	1.97e-14	0.00e+00
 1.74333e+17	1.00e+00	1.89e-14	0.00e+00
 1.74771e+17	1.00e+00	1.80e-14	0.00e+00
 1.75238e+17	1.00e+00	1.71e-14	0.00e+00
 1.75747e+17	1.00e+00	1.62e-14	0.00e+00
 1.76275e+17	1.00e+00	1.53e-14	0.00e+00
 1.76792e+17	1.00e+00	1.44e-14	0.00e+00
 1.77308e+17	1.00e+00	1.36e-14	0.00e+00
 1.77853e+17	1.00e+00	1.28e-14	0.00e+00
 1.78442e+17	1.00e+00	1.20e-14	0.00e+00
 1.79073e+17	1.00e+00	1.12e-14	0.00e+00
 1.79701e+17	1.00e+00	1.05e-14	0.00e+00
 1.80261e+17	1.00e+00	9.79e-15	0.00e+00
 1.80744e+17	1.00e+00	9.26e-15	0.00e+00
 1.81187e+17	1.00e+00	8.81e-15	0.00e+00
 1.81625e+17	1.00e+00	8.39e-15	0.00e+00
 1.82066e+17	1.00e+00	7.98e-15	0.00e+00
 1.82490e+17	1.00e+00	7.59e-15	0.00e+00
 1.82882e+17	1.00e+00	7.25e-15	0.00e+00
 1.83243e+17	1.00e+00	6.94e-15	0.00e+00
 1.83584e+17	1.00e+00	6.66e-15	0.00e+00
 1.83913e+17	1.00e+00	6.40e-15	0.00e+00
 1.84229e+17	1.00e+00	6.16e-15	0.00e+00
 1.84526e+17	1.00e+00	5.92e-15	0.00e+00
 1.84803e+17	1.00e+00	5.72e-15	0.00e+00
 1.85063e+17	1.00e+00	5.53e-15	0.00e+00
 1.85312e+17	1.00e+00	5.36e-15	0.00e+00
 1.85554e+17	1.00e+00	5.19e-15	0.00e+00
 1.85787e+17	1.00e+00	5.04e-15	0.00e+00
 1.86007e+17	1.00e+00	4.90e-15	0.00e+00
 1.86218e+17	1.00e+00	4.77e-15	0.00e+00
 1.86422e+17	1.00e+00	4.65e-15	0.00e+00
 1.86621e+17	1.00e+00	4.53e-15	0.00e+00
 1.86814e+17	1.00e+00	4.42e-15	0.00e+00
 1.87002e+17	1.00e+00	4.31e-15	0.00e+00
 1.87184e+17	1.00e+00	4.21e-15	0.00e+00
 1.87361e+17	1.00e+00	4.11e-15	0.00e+00
 1.87534e+17	1.00e+00	4.02e-15	0.00e+00
 1.87704e+17	1.00e+00	3.94e-15	0.00e+00
 1.87872e+17	1.00e+00	3.85e-15	0.00e+00
 1.88036e+17	1.00e+00	3.77e-15	0.00e+00
 1.88196e+17	1.00e+00	3.70e-15	0.00e+00
 1.88354e+17	1.00e+00	3.62e-15	0.00e+00
 1.88535e+17	1.00e+00	3.55e-15	0.00e+00
 1.88769e+17	1.00e+00	3.45e-15	0.00e+00
 1.89074e+17	1.00e+00	3.33e-15	0.00e+00
 1.89471e+17	1.00e+00	3.17e-15	0.00e+00
 1.89986e+17	1.00e+00	2.99e-15	0.00e+00
 1.90639e+17	1.00e+00	2.77e-15	0.00e+00
 1.91351e+17	1.00e+00	2.55e-15	0.00e+00
 1.91991e+17	1.00e+00	2.36e-15	0.00e+00
 1.92531e+17	1.00e+00	2.22e-15	0.00e+00
 1.93031e+17	1.00e+00	2.10e-15	0.00e+00
 1.93559e+17	1.00e+00	1.98e-15	0.00e+00
 1.94133e+17	1.00e+00	1.86e-15	0.00e+00
 1.94724e+17	1.00e+00	1.75e-15	0.00e+00
 1.95299e+17	1.00e+00	1.65e-15	0.00e+00
 1.95859e+17	1.00e+00	1.56e-15	0.00e+00
 1.96427e+17	1.00e+00	1.47e-15	0.00e+00
 1.97028e+17	1.00e+00	1.39e-15	0.00e+00
 1.97670e+17	1.00e+00	1.30e-15	0.00e+00
 1.98348e+17	1.00e+00	1.22e-15	0.00e+00
 1.99062e+17	1.00e+00	1.14e-15	0.00e+00
 1.99834e+17	1.00e+00	1.07e-15	0.00e+00
 2.00706e+17	1.00e+00	9.84e-16	0.00e+00
 2.01733e+17	1.00e+00	8.99e-16	0.00e+00
 2.03004e+17	1.00e+00	8.04e-16	0.00e+00
 2.04638e+17	1.00e+00	6.99e-16	0.00e+00
 2.06763e+17	1.00e+00	5.85e-16	0.00e+00
 2.09525e+17	1.00e+00	4.66e-16	0.00e+00
 2.13116e+17	1.00e+00	3.50e-16	0.00e+00
 2.17784e+17	1.00e+00	2.44e-16	0.00e+00
 2.23853e+17	1.00e+00	1.54e-16	0.00e+00
 2.31742e+17	1.00e+00	8.63e-17	0.00e+00
 2.40926e+17	1.00e+00	4.48e-17	0.00e+00
 2.49970e+17	1.00e+00	2.39e-17	0.00e+00
 2.57982e+17	1.00e+00	1.38e-17	0.00e+00
 2.64975e+17	1.00e+00	8.38e-18	0.00e+00
 2.72566e+17	1.00e+00	4.94e-18	0.00e+00
 2.80946e+17	1.00e+00	2.79e-18	0.00e+00
 2.88207e+17	1.00e+00	1.66e-18	0.00e+00
 2.94042e+17	1.00e+00	1.12e-18	0.00e+00
 3.00166e+17	1.00e+00	7.28e-19	0.00e+00
 3.06962e+17	1.00e+00	4.52e-19	0.00e+00
 3.13151e+17	1.00e+00	2.92e-19	0.00e+00
 3.19716e+17	1.00e+00	1.80e-19	0.00e+00
 3.25654e+17	1.00e+00	1.15e-19	0.00e+00
 3.29216e+17	1.00e+00	8.59e-20	0.00e+00
 3.31353e+17	1.00e+00	7.17e-20	0.00e+00
 3.32636e+17	1.00e+00	6.39e-20	0.00e+00
 3.33405e+17	1.00e+00	5.95e-20	0.00e+00
 3.33867e+17	1.00e+00	5.70e-20	0.00e+00
 3.34144e+17	1.00e+00	5.55e-20	0.00e+00
 3.34346e+17	1.00e+00	5.45e-20	0.00e+00
 3.34572e+17	1.00e+00	5.33e-20	0.00e+00
 3.34865e+17	1.00e+00	5.19e-20	0.00e+00
 3.35238e+17	1.00e+00	5.00e-20	0.00e+00
 3.35643e+17	1.00e+00	4.81e-20	0.00e+00
 3.35988e+17	1.00e+00	4.64e-20	0.00e+00
 3.36252e+17	1.00e+00	4.52e-20	0.00e+00
 3.36484e+17	1.00e+00	4.41e-20	0.00e+00
 3.36747e+17	1.00e+00	4.30e-20	0.00e+00
 3.37073e+17	1.00e+00	4.15e-20	0.00e+00
 3.37429e+17	1.00e+00	4.00e-20	0.00e+00
 3.37746e+17	1.00e+00	3.86e-20	0.00e+00
 3.37996e+17	1.00e+00	3.75e-20	0.00e+00
 3.38214e+17	1.00e+00	3.66e-20	0.00e+00
 3.38451e+17	1.00e+00	3.57e-20	0.00e+00
 3.38741e+17	1.00e+00	3.45e-20	0.00e+00
 3.39061e+17	1.00e+00	3.32e-20	0.00e+00
 3.39351e+17	1.00e+00	3.21e-20	0.00e+00
 3.39586e+17	1.00e+00	3.11e-20	0.00e+00
 3.39791e+17	1.00e+00	3.04e-20	0.00e+00
 3.40012e+17	1.00e+00	2.96e-20	0.00e+00
 3.40278e+17	1.00e+00	2.86e-20	0.00e+00
