#depth	C	C+	C+2	C+3	C+4	C+5	C+6	C[1]	C[2]	C[3]	C+[1]	C+[2]	CO
 1.49634e+10	2.44e-47	8.75e-36	2.57e-25	2.34e-15	7.08e-05	2.55e-01	7.45e-01	0.00e+00	0.00e+00	0.00e+00	0.00e+00	0.00e+00	9.33e-149
 4.54887e+10	0.00e+00	1.26e-35	3.41e-25	2.87e-15	8.04e-05	2.70e-01	7.30e-01	0.00e+00	0.00e+00	0.00e+00	0.00e+00	0.00e+00	1.39e-191
 7.72350e+10	5.94e-47	1.83e-35	4.58e-25	3.56e-15	9.20e-05	2.86e-01	7.14e-01	0.00e+00	0.00e+00	0.00e+00	0.00e+00	0.00e+00	9.20e-148
 1.10251e+11	0.00e+00	2.65e-35	6.13e-25	4.40e-15	1.05e-04	3.02e-01	6.98e-01	0.00e+00	0.00e+00	0.00e+00	0.00e+00	0.00e+00	7.26e-191
 1.42925e+11	1.43e-46	3.76e-35	8.07e-25	5.38e-15	1.19e-04	3.18e-01	6.81e-01	0.00e+00	0.00e+00	0.00e+00	0.00e+00	0.00e+00	8.66e-147
 1.76907e+11	0.00e+00	5.35e-35	1.07e-24	6.58e-15	1.35e-04	3.35e-01	6.65e-01	0.00e+00	0.00e+00	0.00e+00	0.00e+00	0.00e+00	3.72e-190
 2.13910e+11	3.42e-46	7.72e-35	1.42e-24	8.11e-15	1.54e-04	3.53e-01	6.47e-01	0.00e+00	0.00e+00	0.00e+00	0.00e+00	0.00e+00	8.20e-146
 2.51628e+11	0.00e+00	1.11e-34	1.89e-24	9.95e-15	1.75e-04	3.71e-01	6.29e-01	0.00e+00	0.00e+00	0.00e+00	0.00e+00	0.00e+00	1.88e-189
 2.90856e+11	8.21e-46	1.59e-34	2.50e-24	1.22e-14	1.98e-04	3.89e-01	6.11e-01	0.00e+00	0.00e+00	0.00e+00	0.00e+00	0.00e+00	7.81e-145
 3.32417e+11	0.00e+00	2.28e-34	3.32e-24	1.50e-14	2.25e-04	4.08e-01	5.92e-01	0.00e+00	0.00e+00	0.00e+00	0.00e+00	0.00e+00	9.59e-189
 3.75641e+11	1.99e-45	3.28e-34	4.42e-24	1.84e-14	2.55e-04	4.27e-01	5.72e-01	0.00e+00	0.00e+00	0.00e+00	0.00e+00	0.00e+00	8.73e-233
 4.20593e+11	0.00e+00	4.72e-34	5.87e-24	2.26e-14	2.89e-04	4.47e-01	5.53e-01	0.00e+00	0.00e+00	0.00e+00	0.00e+00	0.00e+00	8.03e-165
 4.67344e+11	4.83e-45	6.78e-34	7.78e-24	2.76e-14	3.27e-04	4.67e-01	5.33e-01	0.00e+00	0.00e+00	0.00e+00	0.00e+00	0.00e+00	3.80e-209
 5.15964e+11	0.00e+00	9.73e-34	1.03e-23	3.38e-14	3.70e-04	4.86e-01	5.13e-01	0.00e+00	0.00e+00	0.00e+00	0.00e+00	0.00e+00	1.10e-163
 5.66529e+11	1.16e-44	1.39e-33	1.37e-23	4.13e-14	4.17e-04	5.06e-01	4.93e-01	0.00e+00	0.00e+00	0.00e+00	0.00e+00	0.00e+00	2.73e-208
 6.19117e+11	0.00e+00	2.00e-33	1.81e-23	5.05e-14	4.71e-04	5.26e-01	4.73e-01	0.00e+00	0.00e+00	0.00e+00	0.00e+00	0.00e+00	1.50e-162
 6.73809e+11	2.80e-44	2.86e-33	2.39e-23	6.16e-14	5.30e-04	5.46e-01	4.53e-01	0.00e+00	0.00e+00	0.00e+00	0.00e+00	0.00e+00	1.94e-207
 7.30688e+11	0.00e+00	4.09e-33	3.16e-23	7.51e-14	5.97e-04	5.66e-01	4.34e-01	0.00e+00	0.00e+00	0.00e+00	0.00e+00	0.00e+00	2.05e-161
 7.85738e+11	6.52e-44	5.70e-33	4.08e-23	9.01e-14	6.65e-04	5.84e-01	4.15e-01	0.00e+00	0.00e+00	0.00e+00	0.00e+00	0.00e+00	1.42e-206
 8.36060e+11	0.00e+00	7.65e-33	5.13e-23	1.06e-13	7.32e-04	6.00e-01	4.00e-01	0.00e+00	0.00e+00	0.00e+00	0.00e+00	0.00e+00	2.03e-160
 8.91880e+11	1.38e-43	1.05e-32	6.56e-23	1.26e-13	8.12e-04	6.17e-01	3.83e-01	0.00e+00	0.00e+00	0.00e+00	0.00e+00	0.00e+00	7.51e-206
 9.56862e+11	0.00e+00	1.49e-32	8.61e-23	1.53e-13	9.09e-04	6.35e-01	3.64e-01	0.00e+00	0.00e+00	0.00e+00	0.00e+00	0.00e+00	2.36e-159
 1.02125e+12	3.20e-43	2.09e-32	1.12e-22	1.84e-13	1.01e-03	6.52e-01	3.46e-01	0.00e+00	0.00e+00	0.00e+00	0.00e+00	0.00e+00	4.73e-205
 1.08309e+12	0.00e+00	2.85e-32	1.42e-22	2.18e-13	1.12e-03	6.68e-01	3.31e-01	0.00e+00	0.00e+00	0.00e+00	0.00e+00	0.00e+00	2.56e-158
 1.15122e+12	7.06e-43	3.98e-32	1.84e-22	2.61e-13	1.24e-03	6.85e-01	3.14e-01	0.00e+00	0.00e+00	0.00e+00	0.00e+00	0.00e+00	2.27e-204
 1.22719e+12	0.00e+00	5.66e-32	2.41e-22	3.16e-13	1.39e-03	7.02e-01	2.97e-01	0.00e+00	0.00e+00	0.00e+00	0.00e+00	0.00e+00	3.22e-157
 1.30438e+12	1.67e-42	8.01e-32	3.15e-22	3.81e-13	1.54e-03	7.18e-01	2.81e-01	0.00e+00	0.00e+00	0.00e+00	0.00e+00	0.00e+00	1.29e-203
 1.38466e+12	0.00e+00	1.13e-31	4.12e-22	4.60e-13	1.72e-03	7.33e-01	2.65e-01	0.00e+00	0.00e+00	0.00e+00	0.00e+00	0.00e+00	4.20e-156
 1.46997e+12	3.96e-42	1.61e-31	5.42e-22	5.56e-13	1.92e-03	7.49e-01	2.49e-01	0.00e+00	0.00e+00	0.00e+00	0.00e+00	0.00e+00	3.81e-203
 1.55869e+12	0.00e+00	2.30e-31	7.12e-22	6.73e-13	2.14e-03	7.64e-01	2.34e-01	0.00e+00	0.00e+00	0.00e+00	0.00e+00	0.00e+00	5.82e-155
 1.65097e+12	9.47e-42	3.28e-31	9.35e-22	8.15e-13	2.39e-03	7.78e-01	2.20e-01	0.00e+00	0.00e+00	0.00e+00	0.00e+00	0.00e+00	1.70e-201
 1.74693e+12	0.00e+00	4.68e-31	1.23e-21	9.85e-13	2.66e-03	7.91e-01	2.06e-01	0.00e+00	0.00e+00	0.00e+00	0.00e+00	0.00e+00	8.13e-154
 1.84674e+12	2.27e-41	6.68e-31	1.62e-21	1.19e-12	2.96e-03	8.04e-01	1.93e-01	0.00e+00	0.00e+00	0.00e+00	0.00e+00	0.00e+00	0.00e+00
 1.95053e+12	0.00e+00	9.53e-31	2.12e-21	1.44e-12	3.30e-03	8.16e-01	1.80e-01	0.00e+00	0.00e+00	0.00e+00	0.00e+00	0.00e+00	1.14e-152
 2.04790e+12	5.23e-41	1.31e-30	2.71e-21	1.71e-12	3.63e-03	8.27e-01	1.69e-01	0.00e+00	0.00e+00	0.00e+00	0.00e+00	0.00e+00	7.64e-200
 2.13460e+12	0.00e+00	1.73e-30	3.36e-21	1.98e-12	3.94e-03	8.36e-01	1.61e-01	0.00e+00	0.00e+00	0.00e+00	0.00e+00	0.00e+00	1.06e-151
 2.23178e+12	1.07e-40	2.35e-30	4.24e-21	2.33e-12	4.32e-03	8.44e-01	1.51e-01	0.00e+00	0.00e+00	0.00e+00	0.00e+00	0.00e+00	0.00e+00
 2.34741e+12	0.00e+00	3.32e-30	5.53e-21	2.80e-12	4.78e-03	8.54e-01	1.41e-01	0.00e+00	0.00e+00	0.00e+00	0.00e+00	0.00e+00	1.19e-150
 2.46383e+12	2.49e-40	4.64e-30	7.16e-21	3.34e-12	5.28e-03	8.63e-01	1.32e-01	0.00e+00	0.00e+00	0.00e+00	0.00e+00	0.00e+00	0.00e+00
 2.57257e+12	0.00e+00	6.29e-30	9.04e-21	3.92e-12	5.77e-03	8.71e-01	1.24e-01	0.00e+00	0.00e+00	0.00e+00	0.00e+00	0.00e+00	1.29e-149
 2.69306e+12	5.44e-40	8.73e-30	1.16e-20	4.67e-12	6.36e-03	8.78e-01	1.16e-01	0.00e+00	0.00e+00	0.00e+00	0.00e+00	0.00e+00	0.00e+00
 2.83071e+12	0.00e+00	1.25e-29	1.53e-20	5.64e-12	7.05e-03	8.86e-01	1.07e-01	0.00e+00	0.00e+00	0.00e+00	0.00e+00	0.00e+00	1.66e-148
 2.96738e+12	1.30e-39	1.76e-29	1.99e-20	6.76e-12	7.79e-03	8.93e-01	9.95e-02	0.00e+00	0.00e+00	0.00e+00	0.00e+00	0.00e+00	3.03e-195
 3.10952e+12	0.00e+00	2.49e-29	2.60e-20	8.11e-12	8.61e-03	8.99e-01	9.23e-02	0.00e+00	0.00e+00	0.00e+00	0.00e+00	0.00e+00	2.16e-147
 3.26383e+12	3.12e-39	3.58e-29	3.43e-20	9.80e-12	9.56e-03	9.05e-01	8.53e-02	0.00e+00	0.00e+00	0.00e+00	0.00e+00	0.00e+00	0.00e+00
 3.42081e+12	0.00e+00	5.10e-29	4.50e-20	1.18e-11	1.06e-02	9.11e-01	7.88e-02	0.00e+00	0.00e+00	0.00e+00	0.00e+00	0.00e+00	3.11e-146
 3.56691e+12	7.17e-39	7.01e-29	5.74e-20	1.39e-11	1.16e-02	9.15e-01	7.34e-02	0.00e+00	0.00e+00	0.00e+00	0.00e+00	0.00e+00	6.52e-194
 3.70178e+12	0.00e+00	9.34e-29	7.15e-20	1.62e-11	1.26e-02	9.19e-01	6.89e-02	0.00e+00	0.00e+00	0.00e+00	0.00e+00	0.00e+00	2.94e-145
 3.85606e+12	1.52e-38	1.28e-28	9.12e-20	1.91e-11	1.37e-02	9.22e-01	6.41e-02	0.00e+00	0.00e+00	0.00e+00	0.00e+00	0.00e+00	1.42e-192
 4.03709e+12	0.00e+00	1.84e-28	1.20e-19	2.31e-11	1.52e-02	9.26e-01	5.90e-02	0.00e+00	0.00e+00	0.00e+00	0.00e+00	0.00e+00	3.64e-144
 4.21647e+12	3.64e-38	2.59e-28	1.56e-19	2.76e-11	1.67e-02	9.29e-01	5.45e-02	0.00e+00	0.00e+00	0.00e+00	0.00e+00	0.00e+00	0.00e+00
 4.38437e+12	0.00e+00	3.55e-28	1.99e-19	3.25e-11	1.82e-02	9.31e-01	5.06e-02	0.00e+00	0.00e+00	0.00e+00	0.00e+00	0.00e+00	4.16e-143
 4.57102e+12	8.13e-38	4.96e-28	2.57e-19	3.87e-11	2.00e-02	9.33e-01	4.68e-02	0.00e+00	0.00e+00	0.00e+00	0.00e+00	0.00e+00	0.00e+00
 4.78379e+12	0.00e+00	7.18e-28	3.41e-19	4.68e-11	2.22e-02	9.35e-01	4.29e-02	0.00e+00	0.00e+00	0.00e+00	0.00e+00	0.00e+00	5.67e-142
 4.99338e+12	1.99e-37	1.02e-27	4.46e-19	5.62e-11	2.44e-02	9.36e-01	3.94e-02	0.00e+00	0.00e+00	0.00e+00	0.00e+00	0.00e+00	8.02e-202
 5.21136e+12	0.00e+00	1.45e-27	5.84e-19	6.75e-11	2.69e-02	9.37e-01	3.62e-02	0.00e+00	0.00e+00	0.00e+00	0.00e+00	0.00e+00	7.65e-141
 5.44974e+12	4.89e-37	2.10e-27	7.76e-19	8.18e-11	2.97e-02	9.37e-01	3.30e-02	0.00e+00	0.00e+00	0.00e+00	0.00e+00	0.00e+00	0.00e+00
 5.68948e+12	0.00e+00	3.02e-27	1.02e-18	9.86e-11	3.28e-02	9.37e-01	3.02e-02	0.00e+00	0.00e+00	0.00e+00	0.00e+00	0.00e+00	1.15e-139
 5.93881e+12	1.20e-36	4.33e-27	1.35e-18	1.19e-10	3.61e-02	9.36e-01	2.76e-02	0.00e+00	0.00e+00	0.00e+00	0.00e+00	0.00e+00	8.91e-226
 6.20629e+12	0.00e+00	6.30e-27	1.80e-18	1.44e-10	3.99e-02	9.35e-01	2.51e-02	0.00e+00	0.00e+00	0.00e+00	0.00e+00	0.00e+00	1.73e-138
 6.47195e+12	2.98e-36	9.02e-27	2.37e-18	1.74e-10	4.39e-02	9.33e-01	2.29e-02	0.00e+00	0.00e+00	0.00e+00	0.00e+00	0.00e+00	6.33e-225
 6.74824e+12	0.00e+00	1.29e-26	3.12e-18	2.09e-10	4.83e-02	9.31e-01	2.09e-02	0.00e+00	0.00e+00	0.00e+00	0.00e+00	0.00e+00	2.43e-137
 7.04809e+12	7.42e-36	1.88e-26	4.17e-18	2.54e-10	5.33e-02	9.28e-01	1.90e-02	0.00e+00	0.00e+00	0.00e+00	0.00e+00	0.00e+00	0.00e+00
 7.35994e+12	0.00e+00	2.74e-26	5.56e-18	3.08e-10	5.88e-02	9.24e-01	1.72e-02	0.00e+00	0.00e+00	0.00e+00	0.00e+00	0.00e+00	3.84e-136
 7.68427e+12	1.89e-35	3.99e-26	7.43e-18	3.75e-10	6.48e-02	9.20e-01	1.55e-02	0.00e+00	0.00e+00	0.00e+00	0.00e+00	0.00e+00	0.00e+00
 8.02157e+12	0.00e+00	5.81e-26	9.92e-18	4.55e-10	7.15e-02	9.15e-01	1.40e-02	0.00e+00	0.00e+00	0.00e+00	0.00e+00	0.00e+00	6.05e-135
 8.32603e+12	4.52e-35	8.06e-26	1.28e-17	5.39e-10	7.77e-02	9.09e-01	1.28e-02	0.00e+00	0.00e+00	0.00e+00	0.00e+00	0.00e+00	1.32e-98
 8.57868e+12	0.00e+00	1.05e-25	1.56e-17	6.17e-10	8.32e-02	9.05e-01	1.19e-02	0.00e+00	0.00e+00	0.00e+00	0.00e+00	0.00e+00	0.00e+00
 8.85502e+12	8.84e-35	1.38e-25	1.94e-17	7.13e-10	8.93e-02	9.00e-01	1.10e-02	0.00e+00	0.00e+00	0.00e+00	0.00e+00	0.00e+00	8.92e-116
 9.20641e+12	1.35e-34	1.95e-25	2.53e-17	8.51e-10	9.74e-02	8.93e-01	9.99e-03	0.00e+00	0.00e+00	0.00e+00	0.00e+00	0.00e+00	1.47e-97
 9.57362e+12	2.07e-34	2.75e-25	3.30e-17	1.02e-09	1.06e-01	8.85e-01	9.04e-03	0.00e+00	0.00e+00	0.00e+00	0.00e+00	0.00e+00	0.00e+00
 9.89770e+12	2.97e-34	3.68e-25	4.14e-17	1.18e-09	1.14e-01	8.77e-01	8.30e-03	0.00e+00	0.00e+00	0.00e+00	0.00e+00	0.00e+00	2.14e-114
 1.01977e+13	4.11e-34	4.78e-25	5.07e-17	1.36e-09	1.22e-01	8.70e-01	7.67e-03	0.00e+00	0.00e+00	0.00e+00	0.00e+00	0.00e+00	1.68e-96
 1.05380e+13	5.86e-34	6.37e-25	6.34e-17	1.57e-09	1.31e-01	8.62e-01	7.04e-03	0.00e+00	0.00e+00	0.00e+00	0.00e+00	0.00e+00	0.00e+00
 1.09599e+13	8.94e-34	8.97e-25	8.27e-17	1.88e-09	1.42e-01	8.51e-01	6.33e-03	0.00e+00	0.00e+00	0.00e+00	0.00e+00	0.00e+00	3.88e-113
 1.13813e+13	1.34e-33	1.25e-24	1.07e-16	2.23e-09	1.54e-01	8.40e-01	5.71e-03	0.00e+00	0.00e+00	0.00e+00	0.00e+00	0.00e+00	2.22e-95
 1.17425e+13	1.87e-33	1.63e-24	1.32e-16	2.57e-09	1.65e-01	8.30e-01	5.24e-03	0.00e+00	0.00e+00	0.00e+00	0.00e+00	0.00e+00	2.71e-112
 1.21322e+13	2.64e-33	2.16e-24	1.64e-16	2.97e-09	1.76e-01	8.19e-01	4.79e-03	0.00e+00	0.00e+00	0.00e+00	0.00e+00	0.00e+00	9.74e-95
 1.26145e+13	3.98e-33	3.01e-24	2.12e-16	3.53e-09	1.91e-01	8.05e-01	4.29e-03	0.00e+00	0.00e+00	0.00e+00	0.00e+00	0.00e+00	2.02e-111
 1.31102e+13	5.96e-33	4.17e-24	2.74e-16	4.18e-09	2.06e-01	7.90e-01	3.84e-03	0.00e+00	0.00e+00	0.00e+00	0.00e+00	0.00e+00	5.75e-94
 1.35586e+13	8.44e-33	5.53e-24	3.41e-16	4.84e-09	2.20e-01	7.77e-01	3.48e-03	0.00e+00	0.00e+00	0.00e+00	0.00e+00	0.00e+00	1.49e-110
 1.40522e+13	1.22e-32	7.44e-24	4.30e-16	5.64e-09	2.35e-01	7.62e-01	3.14e-03	0.00e+00	0.00e+00	0.00e+00	0.00e+00	0.00e+00	2.75e-93
 1.46328e+13	1.84e-32	1.04e-23	5.59e-16	6.70e-09	2.54e-01	7.44e-01	2.78e-03	0.00e+00	0.00e+00	0.00e+00	0.00e+00	0.00e+00	1.21e-109
 1.52129e+13	2.72e-32	1.43e-23	7.16e-16	7.89e-09	2.72e-01	7.26e-01	2.48e-03	0.00e+00	0.00e+00	0.00e+00	0.00e+00	0.00e+00	1.60e-92
 1.57647e+13	3.87e-32	1.90e-23	8.96e-16	9.15e-09	2.89e-01	7.08e-01	2.22e-03	0.00e+00	0.00e+00	0.00e+00	0.00e+00	0.00e+00	9.12e-109
 1.63738e+13	5.62e-32	2.57e-23	1.13e-15	1.07e-08	3.09e-01	6.89e-01	1.98e-03	0.00e+00	0.00e+00	0.00e+00	0.00e+00	0.00e+00	8.00e-92
 1.70587e+13	8.37e-32	3.55e-23	1.46e-15	1.26e-08	3.30e-01	6.68e-01	1.74e-03	0.00e+00	0.00e+00	0.00e+00	0.00e+00	0.00e+00	7.57e-108
 1.77441e+13	1.22e-31	4.83e-23	1.86e-15	1.47e-08	3.52e-01	6.47e-01	1.53e-03	0.00e+00	0.00e+00	0.00e+00	0.00e+00	0.00e+00	4.52e-91
 1.83518e+13	1.69e-31	6.26e-23	2.27e-15	1.68e-08	3.70e-01	6.28e-01	1.38e-03	0.00e+00	0.00e+00	0.00e+00	0.00e+00	0.00e+00	5.26e-107
 1.88618e+13	2.18e-31	7.71e-23	2.67e-15	1.87e-08	3.86e-01	6.13e-01	1.26e-03	0.00e+00	0.00e+00	0.00e+00	0.00e+00	0.00e+00	1.66e-90
 1.94109e+13	2.85e-31	9.58e-23	3.16e-15	2.08e-08	4.02e-01	5.97e-01	1.15e-03	0.00e+00	0.00e+00	0.00e+00	0.00e+00	0.00e+00	2.30e-106
 2.01246e+13	3.99e-31	1.26e-22	3.91e-15	2.38e-08	4.23e-01	5.76e-01	1.02e-03	0.00e+00	0.00e+00	0.00e+00	0.00e+00	0.00e+00	6.47e-90
 2.08714e+13	5.57e-31	1.65e-22	4.82e-15	2.73e-08	4.44e-01	5.55e-01	9.01e-04	0.00e+00	0.00e+00	0.00e+00	0.00e+00	0.00e+00	1.52e-105
 2.15085e+13	7.32e-31	2.05e-22	5.72e-15	3.04e-08	4.62e-01	5.38e-01	8.14e-04	0.00e+00	0.00e+00	0.00e+00	0.00e+00	0.00e+00	2.58e-89
 2.21844e+13	9.67e-31	2.57e-22	6.80e-15	3.40e-08	4.80e-01	5.19e-01	7.32e-04	0.00e+00	0.00e+00	0.00e+00	0.00e+00	0.00e+00	7.38e-105
 2.30327e+13	1.35e-30	3.36e-22	8.39e-15	3.88e-08	5.02e-01	4.98e-01	6.43e-04	0.00e+00	0.00e+00	0.00e+00	0.00e+00	0.00e+00	1.06e-88
 2.39058e+13	1.88e-30	4.39e-22	1.03e-14	4.42e-08	5.24e-01	4.76e-01	5.64e-04	0.00e+00	0.00e+00	0.00e+00	0.00e+00	0.00e+00	5.02e-104
 2.46772e+13	2.48e-30	5.48e-22	1.22e-14	4.93e-08	5.42e-01	4.57e-01	5.04e-04	0.00e+00	0.00e+00	0.00e+00	0.00e+00	0.00e+00	4.31e-88
 2.54058e+13	3.19e-30	6.72e-22	1.43e-14	5.43e-08	5.59e-01	4.41e-01	4.54e-04	0.00e+00	0.00e+00	0.00e+00	0.00e+00	0.00e+00	2.37e-103
 2.62430e+13	4.21e-30	8.41e-22	1.70e-14	6.05e-08	5.77e-01	4.22e-01	4.04e-04	0.00e+00	0.00e+00	0.00e+00	0.00e+00	0.00e+00	1.50e-87
 2.71821e+13	5.68e-30	1.07e-21	2.05e-14	6.79e-08	5.97e-01	4.03e-01	3.55e-04	0.00e+00	0.00e+00	0.00e+00	0.00e+00	0.00e+00	1.31e-102
 2.80687e+13	7.46e-30	1.33e-21	2.42e-14	7.52e-08	6.15e-01	3.85e-01	3.16e-04	0.00e+00	0.00e+00	0.00e+00	0.00e+00	0.00e+00	5.76e-87
 2.90367e+13	9.91e-30	1.67e-21	2.88e-14	8.37e-08	6.33e-01	3.67e-01	2.78e-04	0.00e+00	0.00e+00	0.00e+00	0.00e+00	0.00e+00	6.89e-102
 3.01068e+13	1.34e-29	2.13e-21	3.46e-14	9.38e-08	6.52e-01	3.47e-01	2.43e-04	0.00e+00	0.00e+00	0.00e+00	0.00e+00	0.00e+00	2.33e-86
 3.10971e+13	1.75e-29	2.63e-21	4.07e-14	1.04e-07	6.69e-01	3.31e-01	2.15e-04	0.00e+00	0.00e+00	0.00e+00	0.00e+00	0.00e+00	3.84e-101
 3.21718e+13	2.31e-29	3.29e-21	4.82e-14	1.15e-07	6.86e-01	3.14e-01	1.89e-04	0.00e+00	0.00e+00	0.00e+00	0.00e+00	0.00e+00	8.70e-86
 3.33735e+13	3.11e-29	4.17e-21	5.78e-14	1.28e-07	7.04e-01	2.96e-01	1.64e-04	0.00e+00	0.00e+00	0.00e+00	0.00e+00	0.00e+00	2.23e-100
 3.45065e+13	4.07e-29	5.17e-21	6.80e-14	1.41e-07	7.19e-01	2.81e-01	1.44e-04	0.00e+00	0.00e+00	0.00e+00	0.00e+00	0.00e+00	3.47e-85
 3.57454e+13	5.41e-29	6.48e-21	8.05e-14	1.56e-07	7.35e-01	2.65e-01	1.26e-04	0.00e+00	0.00e+00	0.00e+00	0.00e+00	0.00e+00	1.23e-99
 3.71275e+13	7.31e-29	8.24e-21	9.66e-14	1.74e-07	7.51e-01	2.49e-01	1.08e-04	0.00e+00	0.00e+00	0.00e+00	0.00e+00	0.00e+00	1.47e-84
 3.84280e+13	9.60e-29	1.02e-20	1.14e-13	1.91e-07	7.65e-01	2.34e-01	9.47e-05	0.00e+00	0.00e+00	0.00e+00	0.00e+00	0.00e+00	7.41e-99
 3.98425e+13	1.28e-28	1.28e-20	1.35e-13	2.11e-07	7.80e-01	2.20e-01	8.21e-05	0.00e+00	0.00e+00	0.00e+00	0.00e+00	0.00e+00	5.94e-84
 4.14298e+13	1.73e-28	1.63e-20	1.61e-13	2.35e-07	7.94e-01	2.06e-01	7.03e-05	0.00e+00	0.00e+00	0.00e+00	0.00e+00	0.00e+00	4.77e-98
 4.29533e+13	2.30e-28	2.04e-20	1.90e-13	2.59e-07	8.07e-01	1.93e-01	6.09e-05	0.00e+00	0.00e+00	0.00e+00	0.00e+00	0.00e+00	2.61e-83
 4.45741e+13	3.07e-28	2.57e-20	2.25e-13	2.85e-07	8.19e-01	1.81e-01	5.25e-05	0.00e+00	0.00e+00	0.00e+00	0.00e+00	0.00e+00	2.93e-97
 4.63870e+13	4.18e-28	3.27e-20	2.70e-13	3.16e-07	8.32e-01	1.68e-01	4.47e-05	0.00e+00	0.00e+00	0.00e+00	0.00e+00	0.00e+00	1.20e-82
 4.82050e+13	5.62e-28	4.13e-20	3.20e-13	3.49e-07	8.44e-01	1.56e-01	3.83e-05	0.00e+00	0.00e+00	0.00e+00	0.00e+00	0.00e+00	2.03e-96
 5.00958e+13	7.58e-28	5.22e-20	3.79e-13	3.84e-07	8.54e-01	1.46e-01	3.29e-05	0.00e+00	0.00e+00	0.00e+00	0.00e+00	0.00e+00	5.60e-82
 5.21296e+13	1.03e-27	6.63e-20	4.52e-13	4.24e-07	8.65e-01	1.35e-01	2.80e-05	0.00e+00	0.00e+00	0.00e+00	0.00e+00	0.00e+00	1.42e-95
 5.40419e+13	1.36e-27	8.24e-20	5.29e-13	4.63e-07	8.74e-01	1.26e-01	2.42e-05	0.00e+00	0.00e+00	0.00e+00	0.00e+00	0.00e+00	2.54e-81
 5.57615e+13	1.73e-27	9.94e-20	6.06e-13	4.99e-07	8.81e-01	1.19e-01	2.13e-05	0.00e+00	0.00e+00	0.00e+00	0.00e+00	0.00e+00	7.59e-95
 5.73902e+13	2.15e-27	1.18e-19	6.86e-13	5.35e-07	8.87e-01	1.13e-01	1.90e-05	0.00e+00	0.00e+00	0.00e+00	0.00e+00	0.00e+00	8.51e-81
 5.91946e+13	2.73e-27	1.42e-19	7.84e-13	5.76e-07	8.94e-01	1.06e-01	1.68e-05	0.00e+00	0.00e+00	0.00e+00	0.00e+00	0.00e+00	3.37e-94
 6.12166e+13	3.54e-27	1.74e-19	9.05e-13	6.23e-07	9.00e-01	9.97e-02	1.46e-05	0.00e+00	0.00e+00	0.00e+00	0.00e+00	0.00e+00	3.17e-80
 6.31335e+13	4.48e-27	2.09e-19	1.03e-12	6.69e-07	9.06e-01	9.40e-02	1.29e-05	0.00e+00	0.00e+00	0.00e+00	0.00e+00	0.00e+00	1.69e-93
 6.52373e+13	5.77e-27	2.54e-19	1.19e-12	7.22e-07	9.12e-01	8.82e-02	1.13e-05	0.00e+00	0.00e+00	0.00e+00	0.00e+00	0.00e+00	1.16e-79
 6.75930e+13	7.59e-27	3.14e-19	1.38e-12	7.83e-07	9.18e-01	8.24e-02	9.82e-06	0.00e+00	0.00e+00	0.00e+00	0.00e+00	0.00e+00	9.38e-93
 6.97819e+13	9.69e-27	3.79e-19	1.57e-12	8.42e-07	9.23e-01	7.75e-02	8.63e-06	0.00e+00	0.00e+00	0.00e+00	0.00e+00	0.00e+00	4.64e-79
 7.18095e+13	1.21e-26	4.49e-19	1.77e-12	8.98e-07	9.27e-01	7.33e-02	7.69e-06	0.00e+00	0.00e+00	0.00e+00	0.00e+00	0.00e+00	4.29e-92
 7.41217e+13	1.54e-26	5.42e-19	2.02e-12	9.64e-07	9.31e-01	6.89e-02	6.77e-06	0.00e+00	0.00e+00	0.00e+00	0.00e+00	0.00e+00	1.62e-78
 7.69522e+13	2.06e-26	6.78e-19	2.37e-12	1.05e-06	9.36e-01	6.41e-02	5.83e-06	0.00e+00	0.00e+00	0.00e+00	0.00e+00	0.00e+00	2.46e-91
 7.97744e+13	2.72e-26	8.39e-19	2.75e-12	1.13e-06	9.40e-01	5.97e-02	5.03e-06	0.00e+00	0.00e+00	0.00e+00	0.00e+00	0.00e+00	7.46e-78
 8.22296e+13	3.45e-26	1.00e-18	3.11e-12	1.21e-06	9.44e-01	5.63e-02	4.46e-06	0.00e+00	0.00e+00	0.00e+00	0.00e+00	0.00e+00	1.31e-90
 8.48897e+13	4.42e-26	1.21e-18	3.55e-12	1.30e-06	9.47e-01	5.30e-02	3.93e-06	0.00e+00	0.00e+00	0.00e+00	0.00e+00	0.00e+00	2.76e-77
 8.81360e+13	5.93e-26	1.52e-18	4.14e-12	1.41e-06	9.51e-01	4.93e-02	3.39e-06	0.00e+00	0.00e+00	0.00e+00	0.00e+00	0.00e+00	7.70e-90
 9.14414e+13	7.88e-26	1.89e-18	4.81e-12	1.52e-06	9.54e-01	4.58e-02	2.92e-06	0.00e+00	0.00e+00	0.00e+00	0.00e+00	0.00e+00	1.33e-76
 9.44301e+13	1.01e-25	2.29e-18	5.48e-12	1.63e-06	9.57e-01	4.31e-02	2.57e-06	0.00e+00	0.00e+00	0.00e+00	0.00e+00	0.00e+00	2.65e-76
 9.77103e+13	1.33e-25	2.80e-18	6.30e-12	1.75e-06	9.60e-01	4.03e-02	2.25e-06	0.00e+00	0.00e+00	0.00e+00	0.00e+00	0.00e+00	5.51e-76
 1.01571e+14	1.80e-25	3.54e-18	7.37e-12	1.90e-06	9.63e-01	3.74e-02	1.93e-06	0.00e+00	0.00e+00	0.00e+00	0.00e+00	0.00e+00	1.27e-75
 1.05417e+14	2.41e-25	4.41e-18	8.57e-12	2.05e-06	9.65e-01	3.48e-02	1.66e-06	0.00e+00	0.00e+00	0.00e+00	0.00e+00	0.00e+00	2.80e-75
 1.09036e+14	3.15e-25	5.39e-18	9.82e-12	2.20e-06	9.67e-01	3.26e-02	1.46e-06	0.00e+00	0.00e+00	0.00e+00	0.00e+00	0.00e+00	5.83e-75
 1.13046e+14	4.20e-25	6.70e-18	1.14e-11	2.37e-06	9.70e-01	3.04e-02	1.26e-06	0.00e+00	0.00e+00	0.00e+00	0.00e+00	0.00e+00	1.29e-74
 1.17598e+14	5.71e-25	8.46e-18	1.33e-11	2.57e-06	9.72e-01	2.81e-02	1.08e-06	0.00e+00	0.00e+00	0.00e+00	0.00e+00	0.00e+00	2.98e-74
 1.22146e+14	7.74e-25	1.06e-17	1.55e-11	2.77e-06	9.74e-01	2.61e-02	9.32e-07	0.00e+00	0.00e+00	0.00e+00	0.00e+00	0.00e+00	6.86e-74
 1.26875e+14	1.05e-24	1.34e-17	1.81e-11	2.99e-06	9.76e-01	2.43e-02	0.00e+00	0.00e+00	0.00e+00	0.00e+00	0.00e+00	0.00e+00	1.58e-73
 1.31980e+14	1.43e-24	1.69e-17	2.12e-11	3.24e-06	9.77e-01	2.25e-02	0.00e+00	0.00e+00	0.00e+00	0.00e+00	0.00e+00	0.00e+00	3.73e-73
 1.37289e+14	1.96e-24	2.14e-17	2.48e-11	3.51e-06	9.79e-01	2.09e-02	0.00e+00	0.00e+00	0.00e+00	0.00e+00	0.00e+00	0.00e+00	8.84e-73
 1.42415e+14	2.61e-24	2.66e-17	2.87e-11	3.78e-06	9.81e-01	1.94e-02	0.00e+00	0.00e+00	0.00e+00	0.00e+00	0.00e+00	0.00e+00	1.94e-72
 1.47217e+14	3.40e-24	3.24e-17	3.27e-11	4.04e-06	9.82e-01	1.82e-02	0.00e+00	0.00e+00	0.00e+00	0.00e+00	0.00e+00	0.00e+00	4.03e-72
 1.51754e+14	4.33e-24	3.89e-17	3.69e-11	4.29e-06	9.83e-01	1.72e-02	0.00e+00	0.00e+00	0.00e+00	0.00e+00	0.00e+00	0.00e+00	7.87e-72
 1.56709e+14	5.59e-24	4.71e-17	4.20e-11	4.58e-06	9.84e-01	1.61e-02	0.00e+00	0.00e+00	0.00e+00	0.00e+00	1.52e-17	3.19e-17	1.59e-71
 1.62207e+14	7.33e-24	5.77e-17	4.82e-11	4.91e-06	9.85e-01	1.51e-02	0.00e+00	0.00e+00	0.00e+00	0.00e+00	1.92e-17	3.86e-17	3.33e-71
 1.67343e+14	9.40e-24	6.95e-17	5.46e-11	5.22e-06	9.86e-01	1.42e-02	0.00e+00	0.00e+00	0.00e+00	0.00e+00	2.31e-17	4.65e-17	6.60e-71
 1.72952e+14	1.22e-23	8.48e-17	6.23e-11	5.58e-06	9.87e-01	1.33e-02	0.00e+00	0.00e+00	0.00e+00	0.00e+00	2.82e-17	5.67e-17	1.37e-70
 1.79284e+14	1.62e-23	1.05e-16	7.18e-11	5.99e-06	9.88e-01	1.24e-02	0.00e+00	0.00e+00	0.00e+00	0.00e+00	3.48e-17	7.01e-17	2.98e-70
 1.85366e+14	2.10e-23	1.28e-16	8.21e-11	6.41e-06	9.88e-01	1.16e-02	0.00e+00	0.00e+00	0.00e+00	0.00e+00	4.23e-17	8.52e-17	6.08e-70
 1.92067e+14	2.79e-23	1.58e-16	9.45e-11	6.88e-06	9.89e-01	1.08e-02	0.00e+00	0.00e+00	0.00e+00	0.00e+00	5.23e-17	1.05e-16	1.32e-69
 1.99579e+14	3.78e-23	1.98e-16	1.10e-10	7.43e-06	9.90e-01	1.00e-02	0.00e+00	0.00e+00	0.00e+00	0.00e+00	6.58e-17	1.32e-16	3.05e-69
 2.06759e+14	4.97e-23	2.44e-16	1.27e-10	7.98e-06	9.91e-01	9.35e-03	0.00e+00	0.00e+00	0.00e+00	0.00e+00	8.09e-17	1.63e-16	6.45e-69
 2.14427e+14	6.64e-23	3.03e-16	1.47e-10	8.58e-06	9.91e-01	8.70e-03	0.00e+00	0.00e+00	0.00e+00	0.00e+00	1.01e-16	2.03e-16	1.44e-68
 2.23034e+14	8.99e-23	3.81e-16	1.72e-10	9.29e-06	9.92e-01	8.04e-03	0.00e+00	0.00e+00	0.00e+00	0.00e+00	1.27e-16	2.55e-16	3.30e-68
 2.30984e+14	1.18e-22	4.70e-16	1.98e-10	9.97e-06	9.92e-01	7.50e-03	0.00e+00	0.00e+00	0.00e+00	0.00e+00	1.56e-16	3.14e-16	7.09e-68
 2.37858e+14	1.48e-22	5.57e-16	2.23e-10	1.06e-05	9.93e-01	7.07e-03	0.00e+00	0.00e+00	0.00e+00	0.00e+00	1.85e-16	3.73e-16	1.31e-67
 2.45475e+14	1.90e-22	6.73e-16	2.52e-10	1.13e-05	9.93e-01	6.65e-03	0.00e+00	0.00e+00	0.00e+00	0.00e+00	2.23e-16	4.50e-16	2.61e-67
 2.54791e+14	2.53e-22	8.36e-16	2.94e-10	1.22e-05	9.94e-01	6.16e-03	0.00e+00	0.00e+00	0.00e+00	0.00e+00	2.77e-16	5.59e-16	5.68e-67
 2.64228e+14	3.37e-22	1.04e-15	3.39e-10	1.31e-05	9.94e-01	5.73e-03	0.00e+00	0.00e+00	0.00e+00	0.00e+00	3.45e-16	6.94e-16	1.26e-66
 2.72705e+14	4.29e-22	1.25e-15	3.86e-10	1.40e-05	9.95e-01	5.38e-03	0.00e+00	0.00e+00	0.00e+00	0.00e+00	4.13e-16	8.33e-16	2.42e-66
 2.82020e+14	5.56e-22	1.52e-15	4.41e-10	1.49e-05	9.95e-01	5.03e-03	0.00e+00	0.00e+00	0.00e+00	0.00e+00	5.03e-16	1.01e-15	4.94e-66
 2.93046e+14	7.47e-22	1.90e-15	5.15e-10	1.62e-05	9.95e-01	4.65e-03	0.00e+00	0.00e+00	0.00e+00	0.00e+00	6.30e-16	1.27e-15	1.11e-65
 3.03874e+14	9.89e-22	2.35e-15	5.96e-10	1.74e-05	9.96e-01	4.33e-03	0.00e+00	0.00e+00	0.00e+00	0.00e+00	7.80e-16	1.57e-15	2.41e-65
 3.13748e+14	1.27e-21	2.84e-15	6.78e-10	1.86e-05	9.96e-01	4.06e-03	0.00e+00	0.00e+00	0.00e+00	0.00e+00	9.43e-16	1.90e-15	4.79e-65
 3.24806e+14	1.65e-21	3.47e-15	7.80e-10	1.99e-05	9.96e-01	3.78e-03	0.00e+00	0.00e+00	0.00e+00	0.00e+00	1.15e-15	2.32e-15	9.77e-65
 3.37693e+14	2.23e-21	4.37e-15	9.11e-10	2.16e-05	9.96e-01	3.50e-03	0.00e+00	0.00e+00	0.00e+00	0.00e+00	1.45e-15	2.92e-15	2.26e-64
 3.50375e+14	2.93e-21	5.38e-15	1.06e-09	2.33e-05	9.97e-01	3.24e-03	0.00e+00	0.00e+00	0.00e+00	0.00e+00	1.78e-15	3.60e-15	4.77e-64
 3.62316e+14	3.81e-21	6.57e-15	1.21e-09	2.49e-05	9.97e-01	3.03e-03	0.00e+00	0.00e+00	0.00e+00	0.00e+00	2.18e-15	4.39e-15	9.89e-64
 3.75591e+14	4.96e-21	8.05e-15	1.40e-09	2.68e-05	9.97e-01	2.82e-03	0.00e+00	0.00e+00	0.00e+00	0.00e+00	2.67e-15	5.38e-15	2.04e-63
 3.90644e+14	6.69e-21	1.01e-14	1.64e-09	2.90e-05	9.97e-01	2.60e-03	0.00e+00	0.00e+00	0.00e+00	0.00e+00	3.35e-15	6.75e-15	4.65e-63
 4.05685e+14	8.93e-21	1.26e-14	1.91e-09	3.13e-05	9.98e-01	2.41e-03	0.00e+00	0.00e+00	0.00e+00	0.00e+00	4.18e-15	8.44e-15	1.04e-62
 4.19771e+14	1.15e-20	1.53e-14	2.19e-09	3.36e-05	9.98e-01	2.25e-03	0.00e+00	0.00e+00	0.00e+00	0.00e+00	5.08e-15	1.03e-14	2.10e-62
 4.35035e+14	1.49e-20	1.87e-14	2.52e-09	3.61e-05	9.98e-01	2.09e-03	0.00e+00	0.00e+00	0.00e+00	0.00e+00	6.20e-15	1.25e-14	4.29e-62
 4.52069e+14	2.01e-20	2.35e-14	2.94e-09	3.90e-05	9.98e-01	1.94e-03	0.00e+00	0.00e+00	0.00e+00	0.00e+00	7.78e-15	1.57e-14	9.78e-62
 4.67980e+14	2.57e-20	2.84e-14	3.38e-09	4.19e-05	9.98e-01	1.80e-03	0.00e+00	0.00e+00	0.00e+00	0.00e+00	9.40e-15	1.90e-14	1.92e-61
 4.82694e+14	3.27e-20	3.41e-14	3.82e-09	4.46e-05	9.98e-01	1.69e-03	0.00e+00	0.00e+00	0.00e+00	0.00e+00	1.13e-14	2.28e-14	3.75e-61
 4.96820e+14	4.02e-20	3.99e-14	4.29e-09	4.73e-05	9.98e-01	1.60e-03	0.00e+00	0.00e+00	0.00e+00	0.00e+00	1.32e-14	2.67e-14	6.60e-61
 5.12538e+14	5.09e-20	4.80e-14	4.86e-09	5.04e-05	9.98e-01	1.50e-03	0.00e+00	0.00e+00	0.00e+00	0.00e+00	1.59e-14	3.21e-14	1.28e-60
 5.29951e+14	6.46e-20	5.76e-14	5.56e-09	5.40e-05	9.99e-01	1.40e-03	0.00e+00	0.00e+00	0.00e+00	0.00e+00	1.91e-14	3.85e-14	2.47e-60
 5.46111e+14	8.07e-20	6.83e-14	6.27e-09	5.73e-05	9.99e-01	1.32e-03	0.00e+00	0.00e+00	0.00e+00	0.00e+00	2.26e-14	4.57e-14	4.57e-60
 5.63664e+14	1.02e-19	8.21e-14	7.12e-09	6.11e-05	9.99e-01	1.23e-03	0.00e+00	0.00e+00	0.00e+00	0.00e+00	2.72e-14	5.50e-14	8.89e-60
 5.83461e+14	1.30e-19	9.90e-14	8.18e-09	6.56e-05	9.99e-01	1.15e-03	0.00e+00	0.00e+00	0.00e+00	0.00e+00	3.28e-14	6.63e-14	1.73e-59
 6.02383e+14	1.66e-19	1.19e-13	9.29e-09	7.00e-05	9.99e-01	1.08e-03	0.00e+00	0.00e+00	0.00e+00	0.00e+00	3.95e-14	8.00e-14	3.43e-59
 6.23188e+14	2.11e-19	1.44e-13	1.06e-08	7.50e-05	9.99e-01	1.00e-03	0.00e+00	0.00e+00	0.00e+00	0.00e+00	4.75e-14	9.62e-14	6.64e-59
 6.46108e+14	2.77e-19	1.77e-13	1.23e-08	8.07e-05	9.99e-01	9.34e-04	0.00e+00	0.00e+00	0.00e+00	0.00e+00	5.85e-14	1.19e-13	1.41e-58
 6.67249e+14	3.46e-19	2.11e-13	1.40e-08	8.62e-05	9.99e-01	8.73e-04	0.00e+00	0.00e+00	0.00e+00	0.00e+00	6.96e-14	1.41e-13	2.63e-58
 6.90205e+14	4.45e-19	2.56e-13	1.60e-08	9.23e-05	9.99e-01	8.15e-04	0.00e+00	0.00e+00	0.00e+00	0.00e+00	8.46e-14	1.71e-13	5.33e-58
 7.15843e+14	5.75e-19	3.12e-13	1.85e-08	9.96e-05	9.99e-01	7.56e-04	0.00e+00	0.00e+00	0.00e+00	0.00e+00	1.03e-13	2.09e-13	1.08e-57
 7.39842e+14	7.29e-19	3.75e-13	2.12e-08	1.06e-04	9.99e-01	7.07e-04	0.00e+00	0.00e+00	0.00e+00	0.00e+00	1.24e-13	2.51e-13	2.09e-57
 7.65914e+14	9.37e-19	4.57e-13	2.43e-08	1.14e-04	9.99e-01	6.58e-04	0.00e+00	0.00e+00	0.00e+00	0.00e+00	1.51e-13	3.06e-13	4.26e-57
 7.94994e+14	1.21e-18	5.57e-13	2.82e-08	1.23e-04	9.99e-01	6.09e-04	0.00e+00	0.00e+00	0.00e+00	0.00e+00	1.84e-13	3.73e-13	8.66e-57
 8.22190e+14	1.55e-18	6.77e-13	3.23e-08	1.32e-04	9.99e-01	5.68e-04	0.00e+00	0.00e+00	0.00e+00	0.00e+00	2.23e-13	4.53e-13	1.75e-56
 8.51751e+14	1.96e-18	8.14e-13	3.72e-08	1.42e-04	9.99e-01	5.28e-04	0.00e+00	0.00e+00	0.00e+00	0.00e+00	2.68e-13	5.46e-13	3.37e-56
 8.84728e+14	2.59e-18	1.01e-12	4.33e-08	1.54e-04	9.99e-01	4.88e-04	0.00e+00	0.00e+00	0.00e+00	0.00e+00	3.33e-13	6.76e-13	7.33e-56
 9.15829e+14	3.27e-18	1.21e-12	4.98e-08	1.65e-04	9.99e-01	4.54e-04	0.00e+00	0.00e+00	0.00e+00	0.00e+00	4.00e-13	8.13e-13	1.41e-55
 9.49290e+14	4.25e-18	1.49e-12	5.75e-08	1.78e-04	9.99e-01	4.21e-04	0.00e+00	0.00e+00	0.00e+00	0.00e+00	4.91e-13	9.99e-13	2.97e-55
 9.87291e+14	5.52e-18	1.83e-12	6.74e-08	1.93e-04	9.99e-01	3.88e-04	0.00e+00	0.00e+00	0.00e+00	0.00e+00	6.02e-13	1.23e-12	6.16e-55
 1.02440e+15	7.16e-18	2.25e-12	7.81e-08	2.08e-04	9.99e-01	3.59e-04	0.00e+00	0.00e+00	0.00e+00	0.00e+00	7.41e-13	1.51e-12	1.30e-54
 1.06299e+15	9.15e-18	2.73e-12	9.07e-08	2.25e-04	9.99e-01	3.32e-04	0.00e+00	0.00e+00	0.00e+00	0.00e+00	8.98e-13	1.83e-12	2.57e-54
 1.10554e+15	1.20e-17	3.40e-12	1.06e-07	2.44e-04	9.99e-01	3.05e-04	0.00e+00	0.00e+00	0.00e+00	0.00e+00	1.12e-12	2.28e-12	5.64e-54
 1.14748e+15	1.53e-17	4.12e-12	1.24e-07	2.65e-04	9.99e-01	2.81e-04	0.00e+00	0.00e+00	0.00e+00	0.00e+00	1.35e-12	2.77e-12	1.12e-53
 1.18191e+15	1.87e-17	4.83e-12	1.39e-07	2.82e-04	9.99e-01	2.64e-04	0.00e+00	0.00e+00	0.00e+00	0.00e+00	1.59e-12	3.24e-12	1.98e-53
 1.20928e+15	2.18e-17	5.46e-12	1.53e-07	2.96e-04	9.99e-01	2.52e-04	0.00e+00	0.00e+00	0.00e+00	0.00e+00	1.79e-12	3.67e-12	3.06e-53
 1.23962e+15	2.58e-17	6.25e-12	1.69e-07	3.12e-04	9.99e-01	2.39e-04	0.00e+00	0.00e+00	0.00e+00	0.00e+00	2.05e-12	4.20e-12	4.97e-53
 1.27906e+15	3.17e-17	7.37e-12	1.92e-07	3.34e-04	9.99e-01	2.23e-04	0.00e+00	0.00e+00	0.00e+00	0.00e+00	2.42e-12	4.95e-12	8.91e-53
 1.32143e+15	3.94e-17	8.76e-12	2.19e-07	3.58e-04	9.99e-01	2.07e-04	0.00e+00	0.00e+00	0.00e+00	0.00e+00	2.88e-12	5.88e-12	1.66e-52
 1.35916e+15	4.73e-17	1.02e-11	2.45e-07	3.80e-04	9.99e-01	1.95e-04	0.00e+00	3.95e-18	1.18e-17	1.98e-17	3.34e-12	6.84e-12	2.84e-52
 1.39975e+15	5.72e-17	1.19e-11	2.76e-07	4.06e-04	9.99e-01	1.83e-04	0.00e+00	4.78e-18	1.44e-17	2.40e-17	3.90e-12	7.97e-12	4.90e-52
 1.45116e+15	7.24e-17	1.44e-11	3.20e-07	4.40e-04	9.99e-01	1.69e-04	0.00e+00	6.05e-18	1.82e-17	3.04e-17	4.71e-12	9.64e-12	9.70e-52
 1.50325e+15	9.07e-17	1.73e-11	3.69e-07	4.74e-04	9.99e-01	1.56e-04	0.00e+00	7.59e-18	2.28e-17	3.81e-17	5.68e-12	1.16e-11	1.90e-51
 1.54760e+15	1.10e-16	2.02e-11	4.15e-07	5.06e-04	9.99e-01	1.47e-04	0.00e+00	9.18e-18	2.76e-17	4.60e-17	6.62e-12	1.35e-11	3.30e-51
 1.59525e+15	1.33e-16	2.36e-11	4.70e-07	5.41e-04	9.99e-01	1.37e-04	0.00e+00	1.11e-17	3.34e-17	5.58e-17	7.75e-12	1.59e-11	5.83e-51
 1.65465e+15	1.67e-16	2.85e-11	5.45e-07	5.88e-04	9.99e-01	1.26e-04	0.00e+00	1.41e-17	4.22e-17	7.05e-17	9.36e-12	1.92e-11	1.15e-50
 1.71535e+15	2.13e-16	3.46e-11	6.31e-07	6.37e-04	9.99e-01	1.16e-04	0.00e+00	1.79e-17	5.36e-17	8.96e-17	1.13e-11	2.33e-11	2.34e-50
 1.76873e+15	2.55e-16	4.04e-11	7.14e-07	6.82e-04	9.99e-01	1.09e-04	0.00e+00	2.15e-17	6.44e-17	1.08e-16	1.33e-11	2.71e-11	4.11e-50
 1.82655e+15	3.13e-16	4.78e-11	8.14e-07	7.32e-04	9.99e-01	1.01e-04	0.00e+00	2.63e-17	7.90e-17	1.32e-16	1.57e-11	3.21e-11	7.60e-50
 1.89643e+15	3.98e-16	5.81e-11	9.49e-07	7.98e-04	9.99e-01	9.29e-05	0.00e+00	3.35e-17	1.01e-16	1.68e-16	1.91e-11	3.90e-11	1.57e-49
 1.96573e+15	5.00e-16	7.01e-11	1.10e-06	8.65e-04	9.99e-01	8.56e-05	0.00e+00	4.22e-17	1.27e-16	2.11e-16	2.30e-11	4.71e-11	3.14e-49
 2.02719e+15	6.07e-16	8.23e-11	1.24e-06	9.27e-04	9.99e-01	7.99e-05	0.00e+00	5.12e-17	1.54e-16	2.57e-16	2.70e-11	5.53e-11	5.72e-49
 2.09472e+15	7.44e-16	9.74e-11	1.42e-06	9.98e-04	9.99e-01	7.42e-05	0.00e+00	6.29e-17	1.89e-16	3.15e-16	3.20e-11	6.54e-11	1.08e-48
 2.17556e+15	9.42e-16	1.18e-10	1.65e-06	1.09e-03	9.99e-01	6.81e-05	0.00e+00	7.97e-17	2.39e-16	4.00e-16	3.89e-11	7.96e-11	2.25e-48
 2.25612e+15	1.18e-15	1.43e-10	1.91e-06	1.18e-03	9.99e-01	6.27e-05	0.00e+00	9.98e-17	3.00e-16	5.00e-16	4.69e-11	9.61e-11	4.58e-48
 2.32961e+15	1.45e-15	1.69e-10	2.18e-06	1.27e-03	9.99e-01	5.84e-05	0.00e+00	1.23e-16	3.68e-16	6.15e-16	5.56e-11	1.14e-10	8.69e-48
 2.41148e+15	1.80e-15	2.03e-10	2.50e-06	1.37e-03	9.99e-01	5.39e-05	0.00e+00	1.53e-16	4.58e-16	7.65e-16	6.66e-11	1.36e-10	1.73e-47
 2.50693e+15	2.28e-15	2.48e-10	2.92e-06	1.50e-03	9.98e-01	4.94e-05	0.00e+00	1.94e-16	5.82e-16	9.72e-16	8.15e-11	1.67e-10	3.77e-47
 2.60099e+15	2.87e-15	3.01e-10	3.39e-06	1.63e-03	9.98e-01	4.55e-05	0.00e+00	2.45e-16	7.35e-16	1.23e-15	9.88e-11	2.02e-10	8.00e-47
 2.69025e+15	3.55e-15	3.59e-10	3.88e-06	1.76e-03	9.98e-01	4.21e-05	0.00e+00	3.02e-16	9.08e-16	1.52e-15	1.18e-10	2.41e-10	1.60e-46
 2.78931e+15	4.46e-15	4.34e-10	4.48e-06	1.91e-03	9.98e-01	3.88e-05	0.00e+00	3.81e-16	1.14e-15	1.91e-15	1.43e-10	2.91e-10	3.40e-46
 2.88275e+15	5.39e-15	5.12e-10	5.11e-06	2.05e-03	9.98e-01	3.61e-05	0.00e+00	4.60e-16	1.38e-15	2.31e-15	1.68e-10	3.44e-10	6.44e-46
 2.95268e+15	6.29e-15	5.82e-10	5.63e-06	2.17e-03	9.98e-01	3.42e-05	0.00e+00	5.38e-16	1.62e-15	2.70e-15	1.91e-10	3.91e-10	1.08e-45
 3.02444e+15	7.44e-15	6.66e-10	6.20e-06	2.29e-03	9.98e-01	3.24e-05	0.00e+00	6.37e-16	1.91e-15	3.19e-15	2.19e-10	4.47e-10	1.85e-45
 3.11773e+15	9.02e-15	7.83e-10	7.00e-06	2.45e-03	9.98e-01	3.02e-05	0.00e+00	7.73e-16	2.32e-15	3.88e-15	2.57e-10	5.25e-10	3.51e-45
 3.21845e+15	1.08e-14	9.17e-10	7.94e-06	2.63e-03	9.97e-01	2.82e-05	0.00e+00	9.24e-16	2.77e-15	4.63e-15	3.02e-10	6.15e-10	6.53e-45
 3.30901e+15	1.29e-14	1.07e-09	8.87e-06	2.80e-03	9.97e-01	2.65e-05	0.00e+00	1.11e-15	3.32e-15	5.54e-15	3.50e-10	7.15e-10	1.19e-44
 3.40689e+15	1.55e-14	1.24e-09	9.97e-06	2.99e-03	9.97e-01	2.48e-05	0.00e+00	1.33e-15	3.99e-15	6.67e-15	4.09e-10	8.34e-10	2.21e-44
 3.53148e+15	1.99e-14	1.53e-09	1.15e-05	3.24e-03	9.97e-01	2.29e-05	0.00e+00	1.71e-15	5.15e-15	8.59e-15	5.02e-10	1.02e-09	5.01e-44
 3.65710e+15	2.43e-14	1.82e-09	1.32e-05	3.50e-03	9.96e-01	2.12e-05	0.00e+00	2.09e-15	6.28e-15	1.05e-14	5.99e-10	1.22e-09	9.94e-44
 3.76273e+15	2.92e-14	2.13e-09	1.48e-05	3.73e-03	9.96e-01	1.99e-05	0.00e+00	2.52e-15	7.56e-15	1.26e-14	7.01e-10	1.43e-09	1.86e-43
 3.87602e+15	3.52e-14	2.50e-09	1.67e-05	3.99e-03	9.96e-01	1.87e-05	0.00e+00	3.05e-15	9.14e-15	1.53e-14	8.23e-10	1.67e-09	3.51e-43
 4.01888e+15	4.54e-14	3.08e-09	1.93e-05	4.33e-03	9.96e-01	1.72e-05	0.00e+00	3.93e-15	1.18e-14	1.97e-14	1.01e-09	2.06e-09	8.10e-43
 4.16795e+15	5.71e-14	3.75e-09	2.23e-05	4.69e-03	9.95e-01	1.60e-05	0.00e+00	4.95e-15	1.49e-14	2.48e-14	1.24e-09	2.52e-09	1.77e-42
 4.30123e+15	6.89e-14	4.41e-09	2.53e-05	5.03e-03	9.95e-01	1.49e-05	0.00e+00	5.97e-15	1.79e-14	2.99e-14	1.46e-09	2.96e-09	3.33e-42
 4.44617e+15	8.49e-14	5.29e-09	2.88e-05	5.41e-03	9.95e-01	1.39e-05	0.00e+00	7.38e-15	2.21e-14	3.70e-14	1.75e-09	3.55e-09	6.78e-42
 4.61868e+15	1.11e-13	6.63e-09	3.36e-05	5.90e-03	9.94e-01	1.28e-05	0.00e+00	9.68e-15	2.91e-14	4.85e-14	2.19e-09	4.45e-09	1.65e-41
 4.78884e+15	1.40e-13	8.09e-09	3.88e-05	6.39e-03	9.94e-01	1.19e-05	0.00e+00	1.21e-14	3.65e-14	6.09e-14	2.67e-09	5.42e-09	3.53e-41
 4.94337e+15	1.71e-13	9.66e-09	4.40e-05	6.85e-03	9.93e-01	1.12e-05	0.00e+00	1.49e-14	4.48e-14	7.48e-14	3.19e-09	6.47e-09	6.77e-41
 5.11574e+15	2.10e-13	1.16e-08	5.05e-05	7.39e-03	9.93e-01	1.04e-05	0.00e+00	1.84e-14	5.51e-14	9.20e-14	3.82e-09	7.74e-09	1.34e-40
 5.31744e+15	2.74e-13	1.45e-08	5.89e-05	8.05e-03	9.92e-01	9.62e-06	0.00e+00	2.40e-14	7.19e-14	1.20e-13	4.80e-09	9.74e-09	3.23e-40
 5.51624e+15	3.49e-13	1.79e-08	6.83e-05	8.73e-03	9.91e-01	8.96e-06	0.00e+00	3.06e-14	9.18e-14	1.53e-13	5.92e-09	1.20e-08	7.10e-40
 5.70334e+15	4.35e-13	2.17e-08	7.81e-05	9.39e-03	9.91e-01	8.40e-06	0.00e+00	3.81e-14	1.14e-13	1.91e-13	7.16e-09	1.45e-08	1.45e-39
 5.91184e+15	5.42e-13	2.62e-08	9.02e-05	1.02e-02	9.90e-01	7.84e-06	0.00e+00	4.75e-14	1.43e-13	2.38e-13	8.66e-09	1.75e-08	2.95e-39
 6.14835e+15	7.19e-13	3.34e-08	1.06e-04	1.11e-02	9.89e-01	7.29e-06	0.00e+00	6.31e-14	1.89e-13	3.16e-13	1.11e-08	2.24e-08	7.39e-39
 6.34625e+15	8.84e-13	4.01e-08	1.20e-04	1.19e-02	9.88e-01	6.89e-06	0.00e+00	7.76e-14	2.33e-13	3.89e-13	1.33e-08	2.68e-08	1.44e-38
 6.48792e+15	1.02e-12	4.55e-08	1.31e-04	1.25e-02	9.87e-01	6.62e-06	0.00e+00	8.97e-14	2.69e-13	4.49e-13	1.51e-08	3.05e-08	2.29e-38
 6.63589e+15	1.19e-12	5.19e-08	1.44e-04	1.31e-02	9.87e-01	6.36e-06	0.00e+00	1.04e-13	3.13e-13	5.22e-13	1.72e-08	3.47e-08	3.68e-38
 6.82825e+15	1.41e-12	6.03e-08	1.61e-04	1.39e-02	9.86e-01	6.06e-06	0.00e+00	1.24e-13	3.72e-13	6.20e-13	1.99e-08	4.03e-08	6.09e-38
 7.04291e+15	1.77e-12	7.34e-08	1.83e-04	1.49e-02	9.85e-01	5.75e-06	0.00e+00	1.56e-13	4.67e-13	7.80e-13	2.43e-08	4.91e-08	1.23e-37
 7.24342e+15	2.09e-12	8.51e-08	2.05e-04	1.59e-02	9.84e-01	5.49e-06	0.00e+00	1.84e-13	5.53e-13	9.23e-13	2.82e-08	5.69e-08	2.06e-37
 7.46095e+15	2.58e-12	1.03e-07	2.32e-04	1.70e-02	9.83e-01	5.23e-06	0.00e+00	2.28e-13	6.84e-13	1.14e-12	3.40e-08	6.86e-08	4.10e-37
 7.70362e+15	3.22e-12	1.24e-07	2.64e-04	1.82e-02	9.82e-01	4.99e-06	0.00e+00	2.85e-13	8.54e-13	1.42e-12	4.11e-08	8.30e-08	7.96e-37
 7.93287e+15	3.89e-12	1.47e-07	2.98e-04	1.94e-02	9.80e-01	4.77e-06	0.00e+00	3.44e-13	1.03e-12	1.72e-12	4.86e-08	9.81e-08	1.42e-36
 8.18484e+15	4.76e-12	1.74e-07	3.38e-04	2.07e-02	9.79e-01	4.56e-06	0.00e+00	4.21e-13	1.26e-12	2.11e-12	5.77e-08	1.17e-07	2.54e-36
 8.46606e+15	6.07e-12	2.17e-07	3.89e-04	2.24e-02	9.77e-01	4.35e-06	0.00e+00	5.38e-13	1.61e-12	2.69e-12	7.18e-08	1.45e-07	5.47e-36
 8.73002e+15	7.49e-12	2.60e-07	4.42e-04	2.39e-02	9.76e-01	4.18e-06	0.00e+00	6.64e-13	1.99e-12	3.32e-12	8.62e-08	1.74e-07	1.01e-35
 9.01786e+15	9.34e-12	3.15e-07	5.06e-04	2.57e-02	9.74e-01	4.01e-06	0.00e+00	8.29e-13	2.49e-12	4.15e-12	1.04e-07	2.10e-07	1.90e-35
 9.33310e+15	1.17e-11	3.81e-07	5.84e-04	2.77e-02	9.72e-01	3.84e-06	0.00e+00	1.04e-12	3.12e-12	5.20e-12	1.26e-07	2.55e-07	3.58e-35
 9.62413e+15	1.47e-11	4.68e-07	6.65e-04	2.97e-02	9.70e-01	3.72e-06	0.00e+00	1.31e-12	3.92e-12	6.55e-12	1.55e-07	3.13e-07	7.19e-35
 9.94262e+15	1.84e-11	5.68e-07	7.64e-04	3.19e-02	9.67e-01	3.58e-06	0.00e+00	1.64e-12	4.91e-12	8.20e-12	1.88e-07	3.80e-07	1.34e-34
 1.02921e+16	2.32e-11	6.91e-07	8.84e-04	3.45e-02	9.65e-01	3.45e-06	0.00e+00	2.07e-12	6.20e-12	1.03e-11	2.29e-07	4.62e-07	2.49e-34
 1.06158e+16	2.89e-11	8.36e-07	1.01e-03	3.70e-02	9.62e-01	3.34e-06	0.00e+00	2.57e-12	7.71e-12	1.29e-11	2.77e-07	5.59e-07	4.56e-34
 1.09708e+16	3.73e-11	1.05e-06	1.17e-03	3.99e-02	9.59e-01	3.25e-06	0.00e+00	3.33e-12	9.99e-12	1.67e-11	3.47e-07	7.00e-07	9.63e-34
 1.13586e+16	4.77e-11	1.30e-06	1.36e-03	4.32e-02	9.55e-01	3.15e-06	0.00e+00	4.25e-12	1.28e-11	2.13e-11	4.31e-07	8.68e-07	1.87e-33
 1.17029e+16	5.89e-11	1.56e-06	1.55e-03	4.62e-02	9.52e-01	3.08e-06	0.00e+00	5.26e-12	1.58e-11	2.63e-11	5.17e-07	1.04e-06	3.24e-33
 1.20168e+16	7.16e-11	1.84e-06	1.74e-03	4.92e-02	9.49e-01	3.01e-06	0.00e+00	6.40e-12	1.92e-11	3.20e-11	6.12e-07	1.23e-06	5.46e-33
 1.23770e+16	8.88e-11	2.20e-06	1.99e-03	5.27e-02	9.45e-01	2.94e-06	0.00e+00	7.94e-12	2.38e-11	3.97e-11	7.29e-07	1.47e-06	9.16e-33
 1.27838e+16	1.15e-10	2.76e-06	2.31e-03	5.70e-02	9.41e-01	2.89e-06	0.00e+00	1.03e-11	3.08e-11	5.14e-11	9.17e-07	1.85e-06	1.88e-32
 1.31647e+16	1.43e-10	3.34e-06	2.64e-03	6.12e-02	9.36e-01	2.83e-06	0.00e+00	1.28e-11	3.84e-11	6.40e-11	1.11e-06	2.23e-06	3.28e-32
 1.34898e+16	1.72e-10	3.92e-06	2.96e-03	6.49e-02	9.32e-01	2.79e-06	0.00e+00	1.54e-11	4.63e-11	7.72e-11	1.30e-06	2.62e-06	5.22e-32
 1.38290e+16	2.10e-10	4.63e-06	3.33e-03	6.91e-02	9.28e-01	2.76e-06	0.00e+00	1.89e-11	5.66e-11	9.43e-11	1.54e-06	3.10e-06	8.56e-32
 1.42011e+16	2.58e-10	5.44e-06	3.78e-03	7.37e-02	9.22e-01	2.71e-06	0.00e+00	2.32e-11	6.95e-11	1.16e-10	1.81e-06	3.63e-06	1.32e-31
 1.46160e+16	3.30e-10	6.78e-06	4.37e-03	7.96e-02	9.16e-01	2.68e-06	0.00e+00	2.96e-11	8.89e-11	1.48e-10	2.25e-06	4.53e-06	2.58e-31
 1.50240e+16	4.10e-10	8.15e-06	5.01e-03	8.53e-02	9.10e-01	2.64e-06	0.00e+00	3.69e-11	1.11e-10	1.84e-10	2.71e-06	5.44e-06	4.22e-31
 1.53522e+16	4.90e-10	9.39e-06	5.58e-03	9.03e-02	9.04e-01	2.62e-06	0.00e+00	4.41e-11	1.32e-10	2.20e-10	3.12e-06	6.27e-06	6.22e-31
 1.57078e+16	5.96e-10	1.11e-05	6.30e-03	9.61e-02	8.98e-01	2.60e-06	0.00e+00	5.37e-11	1.61e-10	2.68e-10	3.68e-06	7.39e-06	9.88e-31
 1.61702e+16	7.91e-10	1.41e-05	7.40e-03	1.04e-01	8.88e-01	2.58e-06	0.00e+00	7.13e-11	2.14e-10	3.57e-10	4.69e-06	9.43e-06	2.04e-30
 1.66201e+16	1.00e-09	1.72e-05	8.58e-03	1.13e-01	8.79e-01	2.56e-06	0.00e+00	9.04e-11	2.71e-10	4.52e-10	5.71e-06	1.15e-05	3.35e-30
 1.69597e+16	1.20e-09	1.98e-05	9.60e-03	1.19e-01	8.71e-01	2.55e-06	0.00e+00	1.09e-10	3.26e-10	5.43e-10	6.60e-06	1.32e-05	4.92e-30
 1.73073e+16	1.46e-09	2.33e-05	1.08e-02	1.27e-01	8.62e-01	2.54e-06	0.00e+00	1.32e-10	3.96e-10	6.60e-10	7.76e-06	1.56e-05	7.63e-30
 1.77593e+16	1.96e-09	2.98e-05	1.27e-02	1.38e-01	8.49e-01	2.55e-06	0.00e+00	1.77e-10	5.31e-10	8.85e-10	9.92e-06	1.99e-05	1.57e-29
 1.82090e+16	2.47e-09	3.58e-05	1.48e-02	1.49e-01	8.37e-01	2.53e-06	0.00e+00	2.24e-10	6.71e-10	1.12e-09	1.19e-05	2.39e-05	2.40e-29
 1.85514e+16	3.07e-09	4.34e-05	1.67e-02	1.58e-01	8.25e-01	2.55e-06	0.00e+00	2.78e-10	8.34e-10	1.39e-09	1.44e-05	2.89e-05	4.20e-29
 1.88393e+16	3.62e-09	4.99e-05	1.86e-02	1.67e-01	8.15e-01	2.55e-06	0.00e+00	3.28e-10	9.85e-10	1.64e-09	1.66e-05	3.33e-05	6.06e-29
 1.91611e+16	4.44e-09	5.84e-05	2.09e-02	1.77e-01	8.02e-01	2.56e-06	0.00e+00	4.02e-10	1.21e-09	2.01e-09	1.94e-05	3.90e-05	9.20e-29
 1.95243e+16	5.62e-09	7.11e-05	2.40e-02	1.89e-01	7.87e-01	2.58e-06	0.00e+00	5.11e-10	1.53e-09	2.55e-09	2.37e-05	4.75e-05	1.59e-28
 1.98569e+16	6.81e-09	8.20e-05	2.71e-02	2.01e-01	7.72e-01	2.58e-06	0.00e+00	6.19e-10	1.86e-09	3.09e-09	2.73e-05	5.47e-05	2.22e-28
 2.01541e+16	8.42e-09	9.89e-05	3.06e-02	2.13e-01	7.56e-01	2.62e-06	0.00e+00	7.66e-10	2.30e-09	3.83e-09	3.29e-05	6.60e-05	3.84e-28
 2.04400e+16	1.02e-08	1.16e-04	3.43e-02	2.25e-01	7.40e-01	2.65e-06	5.99e-12	9.29e-10	2.79e-09	4.64e-09	3.85e-05	7.72e-05	5.86e-28
 2.07623e+16	1.28e-08	1.38e-04	3.92e-02	2.40e-01	7.21e-01	2.68e-06	0.00e+00	1.17e-09	3.51e-09	5.85e-09	4.60e-05	9.22e-05	9.33e-28
 2.11003e+16	1.60e-08	1.64e-04	4.50e-02	2.56e-01	6.98e-01	2.69e-06	6.67e-12	1.46e-09	4.39e-09	7.31e-09	5.45e-05	1.09e-04	1.45e-27
