#depth	He	He+	He+2
 1.49634e+10	7.94e-23	6.70e-12	1.00e+00
 4.54887e+10	8.92e-23	7.26e-12	1.00e+00
 7.72350e+10	9.96e-23	7.86e-12	1.00e+00
 1.10251e+11	1.11e-22	8.51e-12	1.00e+00
 1.44588e+11	1.25e-22	9.21e-12	1.00e+00
 1.80298e+11	1.40e-22	9.97e-12	1.00e+00
 2.17437e+11	1.57e-22	1.08e-11	1.00e+00
 2.53903e+11	1.75e-22	1.16e-11	1.00e+00
 2.87930e+11	1.93e-22	1.25e-11	1.00e+00
 3.25475e+11	2.15e-22	1.34e-11	1.00e+00
 3.68421e+11	2.43e-22	1.45e-11	1.00e+00
 4.10922e+11	2.73e-22	1.57e-11	1.00e+00
 4.55124e+11	3.06e-22	1.69e-11	1.00e+00
 5.03256e+11	3.47e-22	1.83e-11	1.00e+00
 5.53313e+11	3.93e-22	1.99e-11	1.00e+00
 6.05372e+11	4.47e-22	2.16e-11	1.00e+00
 6.59514e+11	5.08e-22	2.34e-11	1.00e+00
 7.15821e+11	5.79e-22	2.54e-11	1.00e+00
 7.74381e+11	6.60e-22	2.75e-11	1.00e+00
 8.35283e+11	7.54e-22	2.98e-11	1.00e+00
 8.98621e+11	8.62e-22	3.24e-11	1.00e+00
 9.64492e+11	9.87e-22	3.52e-11	1.00e+00
 1.03300e+12	1.13e-21	3.82e-11	1.00e+00
 1.09759e+12	1.29e-21	4.11e-11	1.00e+00
 1.15562e+12	1.43e-21	4.39e-11	1.00e+00
 1.22085e+12	1.61e-21	4.72e-11	1.00e+00
 1.29784e+12	1.85e-21	5.12e-11	1.00e+00
 1.37467e+12	2.12e-21	5.53e-11	1.00e+00
 1.44707e+12	2.40e-21	5.94e-11	1.00e+00
 1.52738e+12	2.73e-21	6.42e-11	1.00e+00
 1.61840e+12	3.16e-21	6.99e-11	1.00e+00
 1.70936e+12	3.64e-21	7.58e-11	1.00e+00
 1.80395e+12	4.18e-21	8.23e-11	1.00e+00
 1.90604e+12	4.85e-21	8.97e-11	1.00e+00
 2.01221e+12	5.62e-21	9.77e-11	1.00e+00
 2.11281e+12	6.45e-21	1.06e-10	1.00e+00
 2.20409e+12	7.26e-21	1.13e-10	1.00e+00
 2.30713e+12	8.25e-21	1.22e-10	1.00e+00
 2.42765e+12	9.58e-21	1.33e-10	1.00e+00
 2.54704e+12	1.11e-20	1.45e-10	1.00e+00
 2.65999e+12	1.26e-20	1.56e-10	1.00e+00
 2.78510e+12	1.44e-20	1.70e-10	1.00e+00
 2.92643e+12	1.68e-20	1.85e-10	1.00e+00
 3.06701e+12	1.94e-20	2.02e-10	1.00e+00
 3.21321e+12	2.24e-20	2.20e-10	1.00e+00
 3.37166e+12	2.60e-20	2.42e-10	1.00e+00
 3.53272e+12	3.01e-20	2.64e-10	1.00e+00
 3.70021e+12	3.48e-20	2.89e-10	1.00e+00
 3.87117e+12	4.02e-20	3.16e-10	1.00e+00
 4.04896e+12	4.63e-20	3.46e-10	1.00e+00
 4.24085e+12	5.37e-20	3.80e-10	1.00e+00
 4.44041e+12	6.22e-20	4.17e-10	1.00e+00
 4.64795e+12	7.19e-20	4.59e-10	1.00e+00
 4.86380e+12	8.31e-20	5.05e-10	1.00e+00
 5.08828e+12	9.58e-20	5.55e-10	1.00e+00
 5.29139e+12	1.09e-19	6.04e-10	1.00e+00
 5.46057e+12	1.20e-19	6.46e-10	1.00e+00
 5.64574e+12	1.33e-19	6.95e-10	1.00e+00
 5.88037e+12	1.51e-19	7.60e-10	1.00e+00
 6.12508e+12	1.72e-19	8.32e-10	1.00e+00
 6.34165e+12	1.91e-19	8.99e-10	1.00e+00
 6.54465e+12	2.11e-19	9.64e-10	1.00e+00
 6.77731e+12	2.34e-19	1.04e-09	1.00e+00
 7.06195e+12	2.66e-19	1.14e-09	1.00e+00
 7.34461e+12	3.01e-19	1.25e-09	1.00e+00
 7.59083e+12	3.33e-19	1.35e-09	1.00e+00
 7.85923e+12	3.71e-19	1.46e-09	1.00e+00
 8.18612e+12	4.21e-19	1.60e-09	1.00e+00
 8.51893e+12	4.78e-19	1.75e-09	1.00e+00
 8.82429e+12	5.33e-19	1.90e-09	1.00e+00
 9.16408e+12	5.99e-19	2.07e-09	1.00e+00
 9.55823e+12	6.85e-19	2.28e-09	1.00e+00
 9.94804e+12	7.78e-19	2.50e-09	1.00e+00
 1.03226e+13	8.75e-19	2.72e-09	1.00e+00
 1.07346e+13	9.93e-19	2.97e-09	1.00e+00
 1.11939e+13	1.14e-18	3.27e-09	1.00e+00
 1.16576e+13	1.31e-18	3.58e-09	1.00e+00
 1.20755e+13	1.47e-18	3.87e-09	1.00e+00
 1.24298e+13	1.62e-18	4.13e-09	1.00e+00
 1.28114e+13	1.80e-18	4.42e-09	1.00e+00
 1.33026e+13	2.05e-18	4.81e-09	1.00e+00
 1.38141e+13	2.35e-18	5.24e-09	1.00e+00
 1.42550e+13	2.63e-18	5.62e-09	1.00e+00
 1.47262e+13	2.96e-18	6.04e-09	1.00e+00
 1.53074e+13	3.41e-18	6.58e-09	1.00e+00
 1.59022e+13	3.92e-18	7.16e-09	1.00e+00
 1.64400e+13	4.45e-18	7.70e-09	1.00e+00
 1.70332e+13	5.08e-18	8.33e-09	1.00e+00
 1.76790e+13	5.86e-18	9.04e-09	1.00e+00
 1.82631e+13	6.63e-18	9.70e-09	1.00e+00
 1.88922e+13	7.56e-18	1.04e-08	1.00e+00
 1.96001e+13	8.73e-18	1.13e-08	1.00e+00
 2.02726e+13	9.96e-18	1.22e-08	1.00e+00
 2.10094e+13	1.15e-17	1.32e-08	1.00e+00
 2.18243e+13	1.33e-17	1.43e-08	1.00e+00
 2.25810e+13	1.53e-17	1.54e-08	1.00e+00
 2.34048e+13	1.76e-17	1.66e-08	1.00e+00
 2.43285e+13	2.06e-17	1.81e-08	1.00e+00
 2.52049e+13	2.37e-17	1.95e-08	1.00e+00
 2.61506e+13	2.75e-17	2.11e-08	1.00e+00
 2.72026e+13	3.23e-17	2.30e-08	1.00e+00
 2.82172e+13	3.75e-17	2.48e-08	1.00e+00
 2.92963e+13	4.37e-17	2.69e-08	1.00e+00
 3.04981e+13	5.14e-17	2.93e-08	1.00e+00
 3.17050e+13	6.02e-17	3.18e-08	1.00e+00
 3.29601e+13	7.05e-17	3.45e-08	1.00e+00
 3.43085e+13	8.31e-17	3.76e-08	1.00e+00
 3.57107e+13	9.78e-17	4.09e-08	1.00e+00
 3.70919e+13	1.14e-16	4.42e-08	1.00e+00
 3.83824e+13	1.31e-16	4.75e-08	1.00e+00
 3.98017e+13	1.52e-16	5.13e-08	1.00e+00
 4.12573e+13	1.76e-16	5.52e-08	1.00e+00
 4.24831e+13	1.99e-16	5.87e-08	1.00e+00
 4.37833e+13	2.24e-16	6.25e-08	1.00e+00
 4.54234e+13	2.60e-16	6.74e-08	1.00e+00
 4.71302e+13	3.03e-16	7.27e-08	1.00e+00
 4.86548e+13	3.44e-16	7.76e-08	1.00e+00
 5.03182e+13	3.94e-16	8.31e-08	1.00e+00
 5.21595e+13	4.56e-16	8.95e-08	1.00e+00
 5.38644e+13	5.19e-16	9.55e-08	1.00e+00
 5.57126e+13	5.94e-16	1.02e-07	1.00e+00
 5.77801e+13	6.88e-16	1.10e-07	1.00e+00
 5.97251e+13	7.86e-16	1.18e-07	1.00e+00
 6.18462e+13	9.04e-16	1.26e-07	1.00e+00
 6.42099e+13	1.05e-15	1.36e-07	1.00e+00
 6.64250e+13	1.20e-15	1.46e-07	1.00e+00
 6.88398e+13	1.39e-15	1.57e-07	1.00e+00
 7.15450e+13	1.62e-15	1.70e-07	1.00e+00
 7.41081e+13	1.86e-15	1.82e-07	1.00e+00
 7.68520e+13	2.15e-15	1.96e-07	1.00e+00
 7.99560e+13	2.52e-15	2.12e-07	1.00e+00
 8.30129e+13	2.93e-15	2.28e-07	1.00e+00
 8.61920e+13	3.40e-15	2.46e-07	1.00e+00
 8.96696e+13	3.97e-15	2.67e-07	1.00e+00
 9.32082e+13	4.64e-15	2.88e-07	1.00e+00
 9.68883e+13	5.41e-15	3.11e-07	1.00e+00
 1.00574e+14	6.27e-15	3.36e-07	1.00e+00
 1.04074e+14	7.18e-15	3.59e-07	1.00e+00
 1.07934e+14	8.30e-15	3.87e-07	1.00e+00
 1.11787e+14	9.55e-15	4.15e-07	1.00e+00
 1.14986e+14	1.07e-14	4.39e-07	1.00e+00
 1.18381e+14	1.20e-14	4.66e-07	1.00e+00
 1.22721e+14	1.38e-14	5.01e-07	1.00e+00
 1.27279e+14	1.60e-14	5.39e-07	1.00e+00
 1.31314e+14	1.81e-14	5.74e-07	1.00e+00
 1.35679e+14	2.07e-14	6.14e-07	1.00e+00
 1.40925e+14	2.41e-14	6.63e-07	1.00e+00
 1.46238e+14	2.79e-14	7.15e-07	1.00e+00
 1.51216e+14	3.19e-14	7.65e-07	1.00e+00
 1.56746e+14	3.69e-14	8.24e-07	1.00e+00
 1.62604e+14	4.28e-14	8.89e-07	1.00e+00
 1.67808e+14	4.85e-14	9.48e-07	1.00e+00
 1.73405e+14	5.54e-14	1.01e-06	1.00e+00
 1.80115e+14	6.45e-14	1.10e-06	1.00e+00
 1.86721e+14	7.46e-14	1.18e-06	1.00e+00
 1.92601e+14	8.45e-14	1.26e-06	1.00e+00
 1.99092e+14	9.66e-14	1.35e-06	1.00e+00
 2.06831e+14	1.13e-13	1.46e-06	1.00e+00
 2.14509e+14	1.30e-13	1.58e-06	1.00e+00
 2.21519e+14	1.48e-13	1.68e-06	1.00e+00
 2.29346e+14	1.70e-13	1.81e-06	1.00e+00
 2.38460e+14	1.99e-13	1.96e-06	1.00e+00
 2.47413e+14	2.31e-13	2.12e-06	1.00e+00
 2.55866e+14	2.63e-13	2.27e-06	1.00e+00
 2.65272e+14	3.04e-13	2.44e-06	1.00e+00
 2.75913e+14	3.55e-13	2.65e-06	1.00e+00
 2.86565e+14	4.12e-13	2.86e-06	1.00e+00
 2.96564e+14	4.71e-13	3.07e-06	1.00e+00
 3.07378e+14	5.42e-13	3.31e-06	1.00e+00
 3.19703e+14	6.32e-13	3.59e-06	1.00e+00
 3.31350e+14	7.26e-13	3.86e-06	1.00e+00
 3.41865e+14	8.20e-13	4.11e-06	1.00e+00
 3.51828e+14	9.16e-13	4.36e-06	1.00e+00
 3.62895e+14	1.03e-12	4.64e-06	1.00e+00
 3.75238e+14	1.17e-12	4.97e-06	1.00e+00
 3.86860e+14	1.32e-12	5.29e-06	1.00e+00
 3.99591e+14	1.49e-12	5.65e-06	1.00e+00
 4.13857e+14	1.70e-12	6.07e-06	1.00e+00
 4.27341e+14	1.92e-12	6.48e-06	1.00e+00
 4.42095e+14	2.19e-12	6.94e-06	1.00e+00
 4.58397e+14	2.51e-12	7.47e-06	1.00e+00
 4.73439e+14	2.83e-12	7.98e-06	1.00e+00
 4.89718e+14	3.21e-12	8.55e-06	1.00e+00
 5.07907e+14	3.68e-12	9.21e-06	1.00e+00
 5.24991e+14	4.17e-12	9.85e-06	1.00e+00
 5.43611e+14	4.74e-12	1.06e-05	1.00e+00
 5.64310e+14	5.46e-12	1.14e-05	1.00e+00
 5.83633e+14	6.17e-12	1.22e-05	1.00e+00
 6.04653e+14	7.05e-12	1.31e-05	1.00e+00
 6.28166e+14	8.12e-12	1.42e-05	1.00e+00
 6.50402e+14	9.24e-12	1.53e-05	1.00e+00
 6.74231e+14	1.06e-11	1.64e-05	1.00e+00
 7.01230e+14	1.23e-11	1.78e-05	1.00e+00
 7.27733e+14	1.41e-11	1.93e-05	1.00e+00
 7.55295e+14	1.62e-11	2.08e-05	1.00e+00
 7.85537e+14	1.88e-11	2.26e-05	1.00e+00
 8.15384e+14	2.16e-11	2.45e-05	1.00e+00
 8.40111e+14	2.42e-11	2.60e-05	1.00e+00
 8.59974e+14	2.65e-11	2.74e-05	1.00e+00
 8.81977e+14	2.92e-11	2.89e-05	1.00e+00
 9.10581e+14	3.31e-11	3.09e-05	1.00e+00
 9.41283e+14	3.76e-11	3.32e-05	1.00e+00
 9.68563e+14	4.21e-11	3.53e-05	1.00e+00
 9.97877e+14	4.73e-11	3.77e-05	1.00e+00
 1.03475e+15	5.47e-11	4.08e-05	1.00e+00
 1.07213e+15	6.30e-11	4.41e-05	1.00e+00
 1.10426e+15	7.09e-11	4.71e-05	1.00e+00
 1.13889e+15	8.03e-11	5.04e-05	1.00e+00
 1.18164e+15	9.33e-11	5.47e-05	1.00e+00
 1.22520e+15	1.08e-10	5.93e-05	1.00e+00
 1.26391e+15	1.23e-10	6.35e-05	1.00e+00
 1.30608e+15	1.41e-10	6.84e-05	1.00e+00
 1.35653e+15	1.65e-10	7.44e-05	1.00e+00
 1.40637e+15	1.92e-10	8.07e-05	1.00e+00
 1.45119e+15	2.19e-10	8.66e-05	1.00e+00
 1.50087e+15	2.52e-10	9.34e-05	1.00e+00
 1.55954e+15	2.97e-10	1.02e-04	1.00e+00
 1.61751e+15	3.47e-10	1.11e-04	1.00e+00
 1.67107e+15	3.98e-10	1.19e-04	1.00e+00
 1.73121e+15	4.63e-10	1.29e-04	1.00e+00
 1.80049e+15	5.47e-10	1.41e-04	1.00e+00
 1.86829e+15	6.42e-10	1.53e-04	1.00e+00
 1.93881e+15	7.53e-10	1.67e-04	1.00e+00
 2.01639e+15	8.91e-10	1.82e-04	1.00e+00
 2.08201e+15	1.02e-09	1.96e-04	1.00e+00
 2.13004e+15	1.13e-09	2.06e-04	1.00e+00
 2.18051e+15	1.25e-09	2.17e-04	1.00e+00
 2.24612e+15	1.42e-09	2.32e-04	1.00e+00
 2.31842e+15	1.63e-09	2.49e-04	1.00e+00
 2.38528e+15	1.84e-09	2.66e-04	1.00e+00
 2.45808e+15	2.10e-09	2.84e-04	1.00e+00
 2.53992e+15	2.42e-09	3.06e-04	1.00e+00
 2.61770e+15	2.75e-09	3.27e-04	1.00e+00
 2.70300e+15	3.16e-09	3.51e-04	1.00e+00
 2.79869e+15	3.67e-09	3.80e-04	1.00e+00
 2.88971e+15	4.22e-09	4.08e-04	1.00e+00
 2.98986e+15	4.89e-09	4.40e-04	1.00e+00
 3.10198e+15	5.72e-09	4.77e-04	1.00e+00
 3.20736e+15	6.61e-09	5.13e-04	9.99e-01
 3.32208e+15	7.69e-09	5.55e-04	9.99e-01
 3.45005e+15	9.04e-09	6.02e-04	9.99e-01
 3.56990e+15	1.05e-08	6.49e-04	9.99e-01
 3.69917e+15	1.22e-08	7.01e-04	9.99e-01
 3.84372e+15	1.43e-08	7.62e-04	9.99e-01
 3.98239e+15	1.66e-08	8.23e-04	9.99e-01
 4.13005e+15	1.94e-08	8.90e-04	9.99e-01
 4.29529e+15	2.29e-08	9.69e-04	9.99e-01
 4.43391e+15	2.62e-08	1.04e-03	9.99e-01
 4.53315e+15	2.87e-08	1.09e-03	9.99e-01
 4.63628e+15	3.15e-08	1.14e-03	9.99e-01
 4.77036e+15	3.55e-08	1.21e-03	9.99e-01
 4.91997e+15	4.04e-08	1.29e-03	9.99e-01
 5.05981e+15	4.53e-08	1.37e-03	9.99e-01
 5.21161e+15	5.12e-08	1.46e-03	9.99e-01
 5.38150e+15	5.86e-08	1.57e-03	9.98e-01
 5.54190e+15	6.61e-08	1.66e-03	9.98e-01
 5.71741e+15	7.53e-08	1.78e-03	9.98e-01
 5.91336e+15	8.66e-08	1.91e-03	9.98e-01
 6.09845e+15	9.83e-08	2.04e-03	9.98e-01
 6.30162e+15	1.13e-07	2.18e-03	9.98e-01
 6.52532e+15	1.30e-07	2.35e-03	9.98e-01
 6.73260e+15	1.48e-07	2.51e-03	9.97e-01
 6.95899e+15	1.70e-07	2.69e-03	9.97e-01
 7.20838e+15	1.96e-07	2.90e-03	9.97e-01
 7.43756e+15	2.23e-07	3.09e-03	9.97e-01
 7.68537e+15	2.55e-07	3.31e-03	9.97e-01
 7.96031e+15	2.95e-07	3.57e-03	9.96e-01
 8.21052e+15	3.34e-07	3.81e-03	9.96e-01
 8.43937e+15	3.73e-07	4.03e-03	9.96e-01
 8.65715e+15	4.14e-07	4.26e-03	9.96e-01
 8.89697e+15	4.64e-07	4.52e-03	9.95e-01
 9.15406e+15	5.22e-07	4.81e-03	9.95e-01
 9.38618e+15	5.77e-07	5.07e-03	9.95e-01
 9.64050e+15	6.46e-07	5.39e-03	9.95e-01
 9.91996e+15	7.26e-07	5.74e-03	9.94e-01
 1.01822e+16	8.09e-07	6.09e-03	9.94e-01
 1.04734e+16	9.13e-07	6.51e-03	9.93e-01
 1.07877e+16	1.03e-06	6.97e-03	9.93e-01
 1.10772e+16	1.15e-06	7.42e-03	9.93e-01
 1.13509e+16	1.28e-06	7.87e-03	9.92e-01
 1.16589e+16	1.45e-06	8.44e-03	9.92e-01
 1.19896e+16	1.64e-06	9.07e-03	9.91e-01
 1.22822e+16	1.82e-06	9.66e-03	9.90e-01
 1.25947e+16	2.05e-06	1.04e-02	9.90e-01
 1.29352e+16	2.33e-06	1.12e-02	9.89e-01
 1.32402e+16	2.59e-06	1.20e-02	9.88e-01
 1.35072e+16	2.86e-06	1.28e-02	9.87e-01
 1.37967e+16	3.20e-06	1.38e-02	9.86e-01
 1.41102e+16	3.62e-06	1.49e-02	9.85e-01
 1.43870e+16	4.01e-06	1.60e-02	9.84e-01
 1.46365e+16	4.44e-06	1.71e-02	9.83e-01
 1.49190e+16	5.01e-06	1.85e-02	9.81e-01
 1.52188e+16	5.70e-06	2.02e-02	9.80e-01
 1.54748e+16	6.37e-06	2.18e-02	9.78e-01
 1.57045e+16	7.08e-06	2.35e-02	9.76e-01
 1.59663e+16	8.04e-06	2.58e-02	9.74e-01
 1.62453e+16	9.28e-06	2.85e-02	9.71e-01
 1.64812e+16	1.05e-05	3.12e-02	9.69e-01
 1.66860e+16	1.17e-05	3.39e-02	9.66e-01
 1.69160e+16	1.33e-05	3.76e-02	9.62e-01
 1.71656e+16	1.58e-05	4.22e-02	9.58e-01
 1.73739e+16	1.81e-05	4.68e-02	9.53e-01
 1.75446e+16	2.04e-05	5.14e-02	9.49e-01
 1.77333e+16	2.33e-05	5.73e-02	9.43e-01
 1.79390e+16	2.75e-05	6.52e-02	9.35e-01
 1.81167e+16	3.27e-05	7.35e-02	9.26e-01
 1.82579e+16	3.72e-05	8.15e-02	9.19e-01
 1.84021e+16	4.25e-05	9.13e-02	9.09e-01
 1.85895e+16	5.27e-05	1.07e-01	8.93e-01
 1.87573e+16	6.39e-05	1.25e-01	8.75e-01
 1.88630e+16	7.30e-05	1.38e-01	8.61e-01
 1.89388e+16	8.05e-05	1.50e-01	8.50e-01
 1.90120e+16	8.85e-05	1.62e-01	8.37e-01
 1.91073e+16	1.02e-04	1.81e-01	8.19e-01
 1.91963e+16	1.16e-04	2.01e-01	7.99e-01
 1.92647e+16	1.30e-04	2.18e-01	7.81e-01
 1.93245e+16	1.42e-04	2.35e-01	7.64e-01
 1.93856e+16	1.57e-04	2.55e-01	7.45e-01
 1.94649e+16	1.81e-04	2.83e-01	7.17e-01
 1.95391e+16	2.04e-04	3.12e-01	6.88e-01
 1.95941e+16	2.24e-04	3.36e-01	6.64e-01
 1.96535e+16	2.49e-04	3.65e-01	6.35e-01
 1.97199e+16	2.80e-04	3.99e-01	6.01e-01
 1.97825e+16	3.12e-04	4.33e-01	5.67e-01
 1.98418e+16	3.44e-04	4.67e-01	5.33e-01
 1.99097e+16	3.86e-04	5.08e-01	4.91e-01
 1.99826e+16	4.32e-04	5.53e-01	4.47e-01
 2.00478e+16	4.78e-04	5.94e-01	4.06e-01
 2.01185e+16	5.30e-04	6.38e-01	3.62e-01
 2.01976e+16	5.86e-04	6.83e-01	3.16e-01
 2.02751e+16	6.43e-04	7.25e-01	2.74e-01
 2.03633e+16	7.07e-04	7.69e-01	2.31e-01
 2.04779e+16	7.88e-04	8.17e-01	1.82e-01
 2.06011e+16	8.68e-04	8.58e-01	1.42e-01
 2.07178e+16	9.40e-04	8.88e-01	1.11e-01
 2.08517e+16	1.02e-03	9.15e-01	8.45e-02
 2.10257e+16	1.11e-03	9.39e-01	5.98e-02
 2.11763e+16	1.20e-03	9.53e-01	4.59e-02
 2.12620e+16	1.24e-03	9.59e-01	3.97e-02
 2.13393e+16	1.29e-03	9.64e-01	3.46e-02
 2.14398e+16	1.34e-03	9.70e-01	2.91e-02
 2.15704e+16	1.42e-03	9.75e-01	2.34e-02
 2.17033e+16	1.51e-03	9.79e-01	1.91e-02
 2.18074e+16	1.58e-03	9.82e-01	1.65e-02
 2.18968e+16	1.65e-03	9.84e-01	1.45e-02
 2.19991e+16	1.73e-03	9.86e-01	1.25e-02
 2.21034e+16	1.83e-03	9.87e-01	1.09e-02
 2.21855e+16	1.90e-03	9.88e-01	9.82e-03
 2.22541e+16	1.97e-03	9.89e-01	8.98e-03
 2.23303e+16	2.06e-03	9.90e-01	8.12e-03
 2.24163e+16	2.16e-03	9.91e-01	7.29e-03
 2.24957e+16	2.26e-03	9.91e-01	6.64e-03
 2.25643e+16	2.35e-03	9.92e-01	6.12e-03
 2.26378e+16	2.46e-03	9.92e-01	5.60e-03
 2.27173e+16	2.59e-03	9.92e-01	5.10e-03
 2.27862e+16	2.71e-03	9.93e-01	4.73e-03
 2.28458e+16	2.83e-03	9.93e-01	4.43e-03
 2.29117e+16	2.96e-03	9.93e-01	4.10e-03
 2.29836e+16	3.13e-03	9.93e-01	3.79e-03
 2.30465e+16	3.28e-03	9.93e-01	3.55e-03
 2.31004e+16	3.43e-03	9.93e-01	3.36e-03
 2.31594e+16	3.60e-03	9.93e-01	3.14e-03
 2.32239e+16	3.81e-03	9.93e-01	2.94e-03
 2.32811e+16	4.01e-03	9.93e-01	2.77e-03
 2.33303e+16	4.20e-03	9.93e-01	2.64e-03
 2.33841e+16	4.43e-03	9.93e-01	2.49e-03
 2.34431e+16	4.70e-03	9.93e-01	2.35e-03
 2.34954e+16	4.98e-03	9.93e-01	2.23e-03
 2.35406e+16	5.24e-03	9.93e-01	2.14e-03
 2.35903e+16	5.55e-03	9.92e-01	2.03e-03
 2.36453e+16	5.93e-03	9.92e-01	1.92e-03
 2.36949e+16	6.32e-03	9.92e-01	1.83e-03
 2.37384e+16	6.71e-03	9.92e-01	1.76e-03
 2.37865e+16	7.18e-03	9.91e-01	1.68e-03
 2.38404e+16	7.78e-03	9.91e-01	1.59e-03
 2.38902e+16	8.43e-03	9.90e-01	1.52e-03
 2.39351e+16	9.10e-03	9.89e-01	1.46e-03
 2.39853e+16	9.96e-03	9.89e-01	1.39e-03
 2.40390e+16	1.10e-02	9.88e-01	1.32e-03
 2.40835e+16	1.22e-02	9.87e-01	1.27e-03
 2.41183e+16	1.32e-02	9.86e-01	1.23e-03
 2.41494e+16	1.42e-02	9.85e-01	1.19e-03
 2.41852e+16	1.55e-02	9.83e-01	1.15e-03
 2.42235e+16	1.72e-02	9.82e-01	1.11e-03
 2.42557e+16	1.90e-02	9.80e-01	1.08e-03
 2.42818e+16	2.06e-02	9.78e-01	1.06e-03
 2.43055e+16	2.23e-02	9.77e-01	1.04e-03
 2.43323e+16	2.44e-02	9.75e-01	1.01e-03
 2.43620e+16	2.73e-02	9.72e-01	9.86e-04
 2.43881e+16	3.04e-02	9.69e-01	9.66e-04
 2.44094e+16	3.33e-02	9.66e-01	9.51e-04
 2.44319e+16	3.68e-02	9.62e-01	9.35e-04
 2.44566e+16	4.15e-02	9.58e-01	9.20e-04
 2.44786e+16	4.65e-02	9.53e-01	9.08e-04
 2.44968e+16	5.14e-02	9.48e-01	9.01e-04
 2.45137e+16	5.67e-02	9.42e-01	8.95e-04
 2.45330e+16	6.36e-02	9.35e-01	8.90e-04
 2.45534e+16	7.23e-02	9.27e-01	8.87e-04
 2.45698e+16	8.09e-02	9.18e-01	8.88e-04
 2.45830e+16	8.87e-02	9.10e-01	8.91e-04
 2.45965e+16	9.77e-02	9.01e-01	8.94e-04
 2.46115e+16	1.09e-01	8.90e-01	9.01e-04
 2.46258e+16	1.22e-01	8.77e-01	9.10e-04
 2.46377e+16	1.34e-01	8.65e-01	9.17e-04
 2.46477e+16	1.45e-01	8.54e-01	9.29e-04
 2.46569e+16	1.57e-01	8.42e-01	9.38e-04
 2.46657e+16	1.69e-01	8.30e-01	9.46e-04
 2.46726e+16	1.79e-01	8.20e-01	9.56e-04
 2.46772e+16	1.86e-01	8.13e-01	9.63e-04
 2.46814e+16	1.93e-01	8.06e-01	9.68e-04
 2.46864e+16	2.01e-01	7.98e-01	9.73e-04
 2.46917e+16	2.10e-01	7.89e-01	9.80e-04
 2.46968e+16	2.20e-01	7.79e-01	9.88e-04
 2.47016e+16	2.29e-01	7.70e-01	9.96e-04
 2.47064e+16	2.39e-01	7.60e-01	1.00e-03
 2.47111e+16	2.49e-01	7.50e-01	1.01e-03
 2.47159e+16	2.60e-01	7.39e-01	1.02e-03
 2.47205e+16	2.70e-01	7.29e-01	1.03e-03
 2.47252e+16	2.81e-01	7.18e-01	1.03e-03
 2.47298e+16	2.93e-01	7.06e-01	1.04e-03
 2.47343e+16	3.05e-01	6.94e-01	1.05e-03
 2.47387e+16	3.16e-01	6.83e-01	1.05e-03
 2.47431e+16	3.29e-01	6.70e-01	1.06e-03
 2.47475e+16	3.41e-01	6.58e-01	1.07e-03
 2.47518e+16	3.54e-01	6.44e-01	1.07e-03
 2.47561e+16	3.67e-01	6.32e-01	1.08e-03
 2.47603e+16	3.81e-01	6.18e-01	1.08e-03
 2.47646e+16	3.95e-01	6.04e-01	1.09e-03
 2.47687e+16	4.08e-01	5.91e-01	1.09e-03
 2.47728e+16	4.22e-01	5.77e-01	1.10e-03
 2.47769e+16	4.36e-01	5.63e-01	1.10e-03
 2.47809e+16	4.51e-01	5.48e-01	1.10e-03
 2.47849e+16	4.65e-01	5.34e-01	1.10e-03
 2.47889e+16	4.79e-01	5.20e-01	1.11e-03
 2.47927e+16	4.94e-01	5.05e-01	1.11e-03
 2.47965e+16	5.08e-01	4.91e-01	1.11e-03
 2.48003e+16	5.22e-01	4.77e-01	1.11e-03
 2.48040e+16	5.37e-01	4.62e-01	1.10e-03
 2.48077e+16	5.51e-01	4.48e-01	1.10e-03
 2.48114e+16	5.65e-01	4.34e-01	1.10e-03
 2.48149e+16	5.79e-01	4.20e-01	1.10e-03
 2.48184e+16	5.92e-01	4.06e-01	1.09e-03
 2.48217e+16	6.05e-01	3.93e-01	1.09e-03
 2.48251e+16	6.18e-01	3.81e-01	1.08e-03
 2.48284e+16	6.31e-01	3.68e-01	1.08e-03
 2.48317e+16	6.44e-01	3.55e-01	1.07e-03
 2.48349e+16	6.56e-01	3.43e-01	1.06e-03
 2.48381e+16	6.68e-01	3.31e-01	1.05e-03
 2.48412e+16	6.80e-01	3.19e-01	1.04e-03
 2.48443e+16	6.92e-01	3.07e-01	1.03e-03
 2.48474e+16	7.03e-01	2.96e-01	1.02e-03
 2.48505e+16	7.14e-01	2.85e-01	1.01e-03
 2.48534e+16	7.24e-01	2.75e-01	9.99e-04
 2.48564e+16	7.34e-01	2.65e-01	9.86e-04
 2.48593e+16	7.44e-01	2.55e-01	9.73e-04
 2.48623e+16	7.54e-01	2.45e-01	9.59e-04
 2.48652e+16	7.64e-01	2.35e-01	9.45e-04
 2.48681e+16	7.73e-01	2.26e-01	9.32e-04
 2.48710e+16	7.82e-01	2.17e-01	9.17e-04
 2.48738e+16	7.90e-01	2.09e-01	9.01e-04
 2.48767e+16	7.99e-01	2.00e-01	8.85e-04
 2.48796e+16	8.07e-01	1.92e-01	8.68e-04
 2.48821e+16	8.14e-01	1.85e-01	8.53e-04
 2.48839e+16	8.19e-01	1.80e-01	8.41e-04
 2.48856e+16	8.23e-01	1.76e-01	8.29e-04
 2.48874e+16	8.28e-01	1.71e-01	8.17e-04
 2.48892e+16	8.33e-01	1.66e-01	8.05e-04
 2.48911e+16	8.38e-01	1.62e-01	7.92e-04
 2.48928e+16	8.42e-01	1.58e-01	7.81e-04
 2.48944e+16	8.46e-01	1.54e-01	7.69e-04
 2.48960e+16	8.49e-01	1.50e-01	7.58e-04
 2.48976e+16	8.53e-01	1.46e-01	7.47e-04
 2.48992e+16	8.57e-01	1.43e-01	7.36e-04
 2.49008e+16	8.60e-01	1.39e-01	7.25e-04
 2.49023e+16	8.63e-01	1.36e-01	7.14e-04
 2.49039e+16	8.67e-01	1.33e-01	7.03e-04
 2.49053e+16	8.70e-01	1.30e-01	6.93e-04
 2.49068e+16	8.73e-01	1.27e-01	6.82e-04
 2.49083e+16	8.76e-01	1.24e-01	6.72e-04
 2.49098e+16	8.78e-01	1.21e-01	6.61e-04
 2.49113e+16	8.81e-01	1.18e-01	6.51e-04
 2.49128e+16	8.84e-01	1.15e-01	6.40e-04
 2.49143e+16	8.87e-01	1.13e-01	6.29e-04
 2.49159e+16	8.90e-01	1.10e-01	6.18e-04
 2.49175e+16	8.92e-01	1.07e-01	6.07e-04
 2.49192e+16	8.95e-01	1.04e-01	5.96e-04
 2.49209e+16	8.98e-01	1.02e-01	5.84e-04
 2.49229e+16	9.01e-01	9.86e-02	5.71e-04
 2.49250e+16	9.04e-01	9.55e-02	5.57e-04
 2.49274e+16	9.07e-01	9.20e-02	5.42e-04
 2.49301e+16	9.11e-01	8.84e-02	5.25e-04
 2.49329e+16	9.15e-01	8.50e-02	5.08e-04
 2.49355e+16	9.18e-01	8.18e-02	4.92e-04
 2.49381e+16	9.21e-01	7.89e-02	4.77e-04
 2.49406e+16	9.23e-01	7.61e-02	4.62e-04
 2.49431e+16	9.26e-01	7.35e-02	4.48e-04
 2.49453e+16	9.28e-01	7.13e-02	4.35e-04
 2.49473e+16	9.30e-01	6.94e-02	4.24e-04
 2.49492e+16	9.32e-01	6.77e-02	4.14e-04
 2.49509e+16	9.33e-01	6.62e-02	4.05e-04
 2.49527e+16	9.35e-01	6.46e-02	3.96e-04
 2.49547e+16	9.37e-01	6.31e-02	3.86e-04
 2.49565e+16	9.38e-01	6.17e-02	3.77e-04
 2.49581e+16	9.39e-01	6.05e-02	3.71e-04
 2.49599e+16	9.41e-01	5.91e-02	3.62e-04
 2.49619e+16	9.42e-01	5.78e-02	3.54e-04
 2.49636e+16	9.43e-01	5.67e-02	3.47e-04
 2.49656e+16	9.44e-01	5.54e-02	3.38e-04
 2.49677e+16	9.45e-01	5.42e-02	3.31e-04
 2.49696e+16	9.47e-01	5.32e-02	3.24e-04
 2.49713e+16	9.47e-01	5.22e-02	3.17e-04
 2.49732e+16	9.49e-01	5.12e-02	3.10e-04
 2.49753e+16	9.50e-01	5.02e-02	3.04e-04
 2.49771e+16	9.50e-01	4.93e-02	2.98e-04
 2.49792e+16	9.51e-01	4.83e-02	2.91e-04
 2.49814e+16	9.52e-01	4.74e-02	2.85e-04
 2.49834e+16	9.53e-01	4.66e-02	2.79e-04
 2.49856e+16	9.54e-01	4.57e-02	2.73e-04
 2.49880e+16	9.55e-01	4.49e-02	2.67e-04
 2.49901e+16	9.56e-01	4.41e-02	2.62e-04
 2.49921e+16	9.56e-01	4.35e-02	2.57e-04
 2.49943e+16	9.57e-01	4.28e-02	2.52e-04
 2.49971e+16	9.58e-01	4.19e-02	2.46e-04
 2.50001e+16	9.59e-01	4.12e-02	2.41e-04
 2.50029e+16	9.59e-01	4.05e-02	2.36e-04
 2.50054e+16	9.60e-01	3.99e-02	2.31e-04
 2.50081e+16	9.61e-01	3.93e-02	2.27e-04
 2.50111e+16	9.61e-01	3.87e-02	2.22e-04
 2.50138e+16	9.62e-01	3.82e-02	2.19e-04
 2.50167e+16	9.62e-01	3.76e-02	2.14e-04
 2.50206e+16	9.63e-01	3.70e-02	2.10e-04
 2.50247e+16	9.63e-01	3.64e-02	2.05e-04
 2.50285e+16	9.64e-01	3.59e-02	2.02e-04
 2.50327e+16	9.64e-01	3.54e-02	1.97e-04
 2.50380e+16	9.65e-01	3.48e-02	1.93e-04
 2.50438e+16	9.66e-01	3.43e-02	1.89e-04
 2.50491e+16	9.66e-01	3.38e-02	1.85e-04
 2.50549e+16	9.66e-01	3.33e-02	1.81e-04
 2.50625e+16	9.67e-01	3.28e-02	1.77e-04
 2.50706e+16	9.67e-01	3.24e-02	1.73e-04
 2.50780e+16	9.68e-01	3.20e-02	1.70e-04
 2.50861e+16	9.68e-01	3.16e-02	1.66e-04
 2.50966e+16	9.69e-01	3.11e-02	1.62e-04
 2.51080e+16	9.69e-01	3.07e-02	1.58e-04
 2.51184e+16	9.70e-01	3.03e-02	1.54e-04
 2.51297e+16	9.70e-01	2.99e-02	1.50e-04
 2.51420e+16	9.70e-01	2.95e-02	1.47e-04
 2.51531e+16	9.71e-01	2.92e-02	1.44e-04
 2.51653e+16	9.71e-01	2.89e-02	1.40e-04
 2.51812e+16	9.71e-01	2.84e-02	1.36e-04
 2.51983e+16	9.72e-01	2.80e-02	1.32e-04
 2.52139e+16	9.72e-01	2.76e-02	1.28e-04
 2.52281e+16	9.73e-01	2.72e-02	1.25e-04
 2.52437e+16	9.73e-01	2.68e-02	1.21e-04
 2.52605e+16	9.73e-01	2.64e-02	1.18e-04
 2.52758e+16	9.74e-01	2.61e-02	1.15e-04
 2.52925e+16	9.74e-01	2.57e-02	1.11e-04
 2.53106e+16	9.75e-01	2.53e-02	1.08e-04
 2.53271e+16	9.75e-01	2.49e-02	1.05e-04
 2.53420e+16	9.75e-01	2.46e-02	1.02e-04
 2.53584e+16	9.76e-01	2.42e-02	9.88e-05
 2.53761e+16	9.76e-01	2.39e-02	9.59e-05
 2.53923e+16	9.76e-01	2.35e-02	9.33e-05
 2.54099e+16	9.77e-01	2.32e-02	9.04e-05
 2.54290e+16	9.77e-01	2.28e-02	8.76e-05
 2.54463e+16	9.77e-01	2.25e-02	8.51e-05
 2.54654e+16	9.78e-01	2.21e-02	8.23e-05
 2.54859e+16	9.78e-01	2.17e-02	7.95e-05
 2.55046e+16	9.79e-01	2.14e-02	7.71e-05
 2.55216e+16	9.79e-01	2.11e-02	7.50e-05
 2.55402e+16	9.79e-01	2.08e-02	7.27e-05
 2.55603e+16	9.80e-01	2.04e-02	7.04e-05
 2.55786e+16	9.80e-01	2.01e-02	6.84e-05
 2.55986e+16	9.80e-01	1.98e-02	6.61e-05
 2.56203e+16	9.80e-01	1.95e-02	6.39e-05
 2.56400e+16	9.81e-01	1.92e-02	6.20e-05
 2.56616e+16	9.81e-01	1.88e-02	5.98e-05
 2.56849e+16	9.81e-01	1.85e-02	5.77e-05
 2.57061e+16	9.82e-01	1.82e-02	5.59e-05
 2.57254e+16	9.82e-01	1.79e-02	5.43e-05
 2.57465e+16	9.82e-01	1.76e-02	5.25e-05
 2.57694e+16	9.83e-01	1.73e-02	5.07e-05
 2.57901e+16	9.83e-01	1.70e-02	4.92e-05
 2.58129e+16	9.83e-01	1.67e-02	4.74e-05
 2.58375e+16	9.84e-01	1.64e-02	4.58e-05
 2.58598e+16	9.84e-01	1.62e-02	4.43e-05
 2.58843e+16	9.84e-01	1.59e-02	4.27e-05
 2.59108e+16	9.84e-01	1.56e-02	4.11e-05
 2.59349e+16	9.85e-01	1.53e-02	3.97e-05
 2.59613e+16	9.85e-01	1.50e-02	3.82e-05
 2.59897e+16	9.85e-01	1.47e-02	3.67e-05
 2.60157e+16	9.86e-01	1.44e-02	3.54e-05
 2.60392e+16	9.86e-01	1.42e-02	3.43e-05
 2.60651e+16	9.86e-01	1.39e-02	3.30e-05
 2.60930e+16	9.86e-01	1.37e-02	3.18e-05
 2.61184e+16	9.87e-01	1.34e-02	3.08e-05
 2.61462e+16	9.87e-01	1.32e-02	2.96e-05
 2.61762e+16	9.87e-01	1.29e-02	2.84e-05
 2.62036e+16	9.87e-01	1.27e-02	2.74e-05
 2.62335e+16	9.88e-01	1.24e-02	2.63e-05
 2.62659e+16	9.88e-01	1.22e-02	2.52e-05
 2.62953e+16	9.88e-01	1.19e-02	2.43e-05
 2.63275e+16	9.88e-01	1.17e-02	2.33e-05
 2.63624e+16	9.89e-01	1.14e-02	2.23e-05
 2.63940e+16	9.89e-01	1.12e-02	2.14e-05
 2.64287e+16	9.89e-01	1.09e-02	2.05e-05
 2.64662e+16	9.89e-01	1.07e-02	1.96e-05
 2.65003e+16	9.90e-01	1.05e-02	1.88e-05
 2.65377e+16	9.90e-01	1.02e-02	1.79e-05
 2.65780e+16	9.90e-01	9.98e-03	1.71e-05
 2.66147e+16	9.90e-01	9.76e-03	1.63e-05
 2.66550e+16	9.90e-01	9.52e-03	1.55e-05
 2.66984e+16	9.91e-01	9.28e-03	1.48e-05
 2.67379e+16	9.91e-01	9.07e-03	1.41e-05
 2.67812e+16	9.91e-01	8.84e-03	1.34e-05
 2.68280e+16	9.91e-01	8.60e-03	1.27e-05
 2.68705e+16	9.92e-01	8.40e-03	1.21e-05
 2.69172e+16	9.92e-01	8.17e-03	1.15e-05
 2.69675e+16	9.92e-01	7.95e-03	1.09e-05
 2.70133e+16	9.92e-01	7.75e-03	1.04e-05
 2.70635e+16	9.92e-01	7.53e-03	9.79e-06
 2.71177e+16	9.93e-01	7.31e-03	9.24e-06
 2.71670e+16	9.93e-01	7.13e-03	8.77e-06
 2.72210e+16	9.93e-01	6.91e-03	8.26e-06
 2.72912e+16	9.93e-01	6.65e-03	7.65e-06
 2.73713e+16	9.94e-01	6.37e-03	7.04e-06
 2.74518e+16	9.94e-01	6.11e-03	6.48e-06
 2.75339e+16	9.94e-01	5.86e-03	5.97e-06
 2.76196e+16	9.94e-01	5.61e-03	5.48e-06
 2.77088e+16	9.95e-01	5.37e-03	5.02e-06
 2.78011e+16	9.95e-01	5.13e-03	4.58e-06
 2.78967e+16	9.95e-01	4.90e-03	4.18e-06
 2.79958e+16	9.95e-01	4.67e-03	3.81e-06
 2.80974e+16	9.96e-01	4.45e-03	3.46e-06
 2.82006e+16	9.96e-01	4.24e-03	3.15e-06
 2.83055e+16	9.96e-01	4.04e-03	2.86e-06
 2.84126e+16	9.96e-01	3.85e-03	2.60e-06
 2.85217e+16	9.96e-01	3.67e-03	2.36e-06
 2.86328e+16	9.97e-01	3.49e-03	2.14e-06
 2.87459e+16	9.97e-01	3.32e-03	1.94e-06
 2.88612e+16	9.97e-01	3.16e-03	1.76e-06
 2.89769e+16	9.97e-01	3.01e-03	1.59e-06
 2.90942e+16	9.97e-01	2.86e-03	1.44e-06
 2.92160e+16	9.97e-01	2.72e-03	1.30e-06
 2.93407e+16	9.97e-01	2.58e-03	1.17e-06
 2.94673e+16	9.98e-01	2.45e-03	1.06e-06
 2.95962e+16	9.98e-01	2.32e-03	9.54e-07
 2.97276e+16	9.98e-01	2.20e-03	8.59e-07
 2.98615e+16	9.98e-01	2.09e-03	7.72e-07
 2.99980e+16	9.98e-01	1.98e-03	6.93e-07
 3.01372e+16	9.98e-01	1.87e-03	6.22e-07
 3.02793e+16	9.98e-01	1.77e-03	5.57e-07
 3.04243e+16	9.98e-01	1.68e-03	4.98e-07
 3.05724e+16	9.98e-01	1.58e-03	4.45e-07
 3.07236e+16	9.99e-01	1.50e-03	3.97e-07
 3.08780e+16	9.99e-01	1.41e-03	3.54e-07
 3.10358e+16	9.99e-01	1.33e-03	3.15e-07
 3.11972e+16	9.99e-01	1.25e-03	2.79e-07
 3.13623e+16	9.99e-01	1.18e-03	2.48e-07
 3.15313e+16	9.99e-01	1.11e-03	2.19e-07
 3.17044e+16	9.99e-01	1.04e-03	1.93e-07
 3.18817e+16	9.99e-01	9.78e-04	1.70e-07
 3.20636e+16	9.99e-01	9.17e-04	1.49e-07
 3.22503e+16	9.99e-01	8.58e-04	1.31e-07
 3.24420e+16	9.99e-01	8.02e-04	1.14e-07
 3.26391e+16	9.99e-01	7.50e-04	9.98e-08
 3.28422e+16	9.99e-01	6.98e-04	8.66e-08
 3.30516e+16	9.99e-01	6.51e-04	7.52e-08
 3.32632e+16	9.99e-01	6.06e-04	6.51e-08
 3.34806e+16	9.99e-01	5.63e-04	5.61e-08
 3.37114e+16	9.99e-01	5.21e-04	4.80e-08
 3.39527e+16	1.00e+00	4.81e-04	4.08e-08
 3.42021e+16	1.00e+00	4.42e-04	3.45e-08
 3.44608e+16	1.00e+00	4.06e-04	2.91e-08
 3.47311e+16	1.00e+00	3.72e-04	2.43e-08
 3.50143e+16	1.00e+00	3.39e-04	2.02e-08
 3.53126e+16	1.00e+00	3.08e-04	1.66e-08
 3.56272e+16	1.00e+00	2.78e-04	1.35e-08
 3.59591e+16	1.00e+00	2.50e-04	1.09e-08
 3.63138e+16	1.00e+00	2.23e-04	8.66e-09
 3.66941e+16	1.00e+00	1.98e-04	6.78e-09
 3.71010e+16	1.00e+00	1.74e-04	5.23e-09
 3.75410e+16	1.00e+00	1.52e-04	3.95e-09
 3.80226e+16	1.00e+00	1.30e-04	2.91e-09
 3.85560e+16	1.00e+00	1.10e-04	2.08e-09
 3.91542e+16	1.00e+00	9.18e-05	1.43e-09
 3.98407e+16	1.00e+00	7.42e-05	9.33e-10
 4.06324e+16	1.00e+00	5.82e-05	5.73e-10
 4.14865e+16	1.00e+00	4.50e-05	3.43e-10
 4.23429e+16	1.00e+00	3.49e-05	2.07e-10
 4.31934e+16	1.00e+00	2.72e-05	1.26e-10
 4.40550e+16	1.00e+00	2.11e-05	7.64e-11
 4.49384e+16	1.00e+00	1.64e-05	4.61e-11
 4.58475e+16	1.00e+00	1.26e-05	2.76e-11
 4.67803e+16	1.00e+00	9.72e-06	1.65e-11
 4.77414e+16	1.00e+00	7.46e-06	9.83e-12
 4.87411e+16	1.00e+00	5.69e-06	5.77e-12
 4.97787e+16	1.00e+00	4.32e-06	3.36e-12
 5.08550e+16	1.00e+00	3.27e-06	1.93e-12
 5.19777e+16	1.00e+00	2.46e-06	1.10e-12
 5.31571e+16	1.00e+00	1.83e-06	6.18e-13
 5.44046e+16	1.00e+00	1.35e-06	3.40e-13
 5.57283e+16	1.00e+00	9.89e-07	1.83e-13
 5.71382e+16	1.00e+00	7.14e-07	9.58e-14
 5.86481e+16	1.00e+00	5.08e-07	4.88e-14
 6.02130e+16	1.00e+00	3.61e-07	2.49e-14
 6.17791e+16	1.00e+00	2.59e-07	1.29e-14
 6.33451e+16	1.00e+00	1.88e-07	6.77e-15
 6.49112e+16	1.00e+00	1.37e-07	3.62e-15
 6.64772e+16	1.00e+00	1.01e-07	1.97e-15
 6.80433e+16	1.00e+00	7.47e-08	1.08e-15
 6.96093e+16	1.00e+00	5.57e-08	6.05e-16
 7.11753e+16	1.00e+00	4.19e-08	3.43e-16
 7.29763e+16	1.00e+00	3.01e-08	1.78e-16
 7.50428e+16	1.00e+00	2.11e-08	8.71e-17
 7.71400e+16	1.00e+00	1.48e-08	4.32e-17
 7.93885e+16	1.00e+00	1.02e-08	2.06e-17
 8.18236e+16	1.00e+00	6.94e-09	9.53e-18
 8.42938e+16	1.00e+00	4.75e-09	4.48e-18
 8.67640e+16	1.00e+00	3.29e-09	2.15e-18
 8.93403e+16	1.00e+00	2.26e-09	1.02e-18
 9.20620e+16	1.00e+00	1.54e-09	4.74e-19
 9.48634e+16	1.00e+00	1.05e-09	2.21e-19
 9.77054e+16	1.00e+00	7.23e-10	1.04e-19
 1.00547e+17	1.00e+00	5.02e-10	5.03e-20
 1.03389e+17	1.00e+00	3.51e-10	2.47e-20
 1.06231e+17	1.00e+00	2.48e-10	1.24e-20
 1.09073e+17	1.00e+00	1.77e-10	6.29e-21
 1.11915e+17	1.00e+00	1.27e-10	0.00e+00
 1.14757e+17	1.00e+00	9.23e-11	0.00e+00
 1.17600e+17	1.00e+00	6.74e-11	0.00e+00
 1.20585e+17	1.00e+00	4.87e-11	0.00e+00
 1.23715e+17	1.00e+00	3.51e-11	0.00e+00
 1.26845e+17	1.00e+00	2.55e-11	0.00e+00
 1.29975e+17	1.00e+00	1.87e-11	0.00e+00
 1.33105e+17	1.00e+00	1.39e-11	0.00e+00
 1.36235e+17	1.00e+00	1.04e-11	0.00e+00
 1.39365e+17	1.00e+00	7.92e-12	0.00e+00
 1.42577e+17	1.00e+00	6.05e-12	0.00e+00
 1.45882e+17	1.00e+00	4.65e-12	0.00e+00
 1.49126e+17	1.00e+00	3.66e-12	0.00e+00
 1.52215e+17	1.00e+00	2.97e-12	0.00e+00
 1.55152e+17	1.00e+00	2.48e-12	0.00e+00
 1.57971e+17	1.00e+00	2.12e-12	0.00e+00
 1.60691e+17	1.00e+00	1.85e-12	0.00e+00
 1.63304e+17	1.00e+00	1.65e-12	0.00e+00
 1.65793e+17	1.00e+00	1.50e-12	0.00e+00
 1.68152e+17	1.00e+00	1.38e-12	0.00e+00
 1.70388e+17	1.00e+00	1.29e-12	0.00e+00
 1.72509e+17	1.00e+00	1.22e-12	0.00e+00
 1.74523e+17	1.00e+00	1.17e-12	0.00e+00
 1.76432e+17	1.00e+00	1.12e-12	0.00e+00
 1.78239e+17	1.00e+00	1.09e-12	0.00e+00
 1.79949e+17	1.00e+00	1.06e-12	0.00e+00
 1.81565e+17	1.00e+00	1.04e-12	0.00e+00
 1.83095e+17	1.00e+00	1.02e-12	0.00e+00
 1.84543e+17	1.00e+00	1.01e-12	0.00e+00
 1.85915e+17	1.00e+00	9.96e-13	0.00e+00
 1.87213e+17	1.00e+00	9.86e-13	0.00e+00
 1.88443e+17	1.00e+00	9.77e-13	0.00e+00
 1.89607e+17	1.00e+00	9.70e-13	0.00e+00
 1.90710e+17	1.00e+00	9.64e-13	0.00e+00
 1.91755e+17	1.00e+00	9.59e-13	0.00e+00
 1.92747e+17	1.00e+00	9.55e-13	0.00e+00
 1.93687e+17	1.00e+00	9.52e-13	0.00e+00
 1.94579e+17	1.00e+00	9.49e-13	0.00e+00
 1.95425e+17	1.00e+00	9.46e-13	0.00e+00
 1.96229e+17	1.00e+00	9.44e-13	0.00e+00
 1.96993e+17	1.00e+00	9.42e-13	0.00e+00
 1.97719e+17	1.00e+00	9.40e-13	0.00e+00
 1.98410e+17	1.00e+00	9.38e-13	0.00e+00
 1.99067e+17	1.00e+00	9.37e-13	0.00e+00
 1.99692e+17	1.00e+00	9.36e-13	0.00e+00
 2.00288e+17	1.00e+00	9.35e-13	0.00e+00
 2.00856e+17	1.00e+00	9.34e-13	0.00e+00
 2.01397e+17	1.00e+00	9.33e-13	0.00e+00
 2.01914e+17	1.00e+00	9.32e-13	0.00e+00
 2.02408e+17	1.00e+00	9.32e-13	0.00e+00
 2.02880e+17	1.00e+00	9.31e-13	0.00e+00
 2.03332e+17	1.00e+00	9.31e-13	0.00e+00
 2.03764e+17	1.00e+00	9.30e-13	0.00e+00
 2.04180e+17	1.00e+00	9.30e-13	0.00e+00
 2.04578e+17	1.00e+00	9.29e-13	0.00e+00
 2.04961e+17	1.00e+00	9.29e-13	0.00e+00
 2.05330e+17	1.00e+00	9.28e-13	0.00e+00
 2.05687e+17	1.00e+00	9.28e-13	0.00e+00
 2.06031e+17	1.00e+00	9.27e-13	0.00e+00
 2.06364e+17	1.00e+00	9.27e-13	0.00e+00
 2.06687e+17	1.00e+00	9.27e-13	0.00e+00
 2.07001e+17	1.00e+00	9.26e-13	0.00e+00
 2.07308e+17	1.00e+00	9.26e-13	0.00e+00
 2.07609e+17	1.00e+00	9.25e-13	0.00e+00
 2.07904e+17	1.00e+00	9.25e-13	0.00e+00
 2.08195e+17	1.00e+00	9.25e-13	0.00e+00
 2.08483e+17	1.00e+00	9.24e-13	0.00e+00
 2.08769e+17	1.00e+00	9.24e-13	0.00e+00
 2.09056e+17	1.00e+00	9.23e-13	0.00e+00
 2.09344e+17	1.00e+00	9.23e-13	0.00e+00
 2.09637e+17	1.00e+00	9.22e-13	0.00e+00
 2.09936e+17	1.00e+00	9.21e-13	0.00e+00
 2.10245e+17	1.00e+00	9.21e-13	0.00e+00
 2.10566e+17	1.00e+00	9.20e-13	0.00e+00
 2.10905e+17	1.00e+00	9.19e-13	0.00e+00
 2.11268e+17	1.00e+00	9.17e-13	0.00e+00
 2.11661e+17	1.00e+00	9.16e-13	0.00e+00
 2.12096e+17	1.00e+00	9.14e-13	0.00e+00
 2.12587e+17	1.00e+00	9.12e-13	0.00e+00
 2.13156e+17	1.00e+00	9.09e-13	0.00e+00
 2.13832e+17	1.00e+00	9.04e-13	0.00e+00
 2.14662e+17	1.00e+00	8.98e-13	0.00e+00
 2.15720e+17	1.00e+00	8.88e-13	0.00e+00
 2.17093e+17	1.00e+00	8.73e-13	0.00e+00
 2.18879e+17	1.00e+00	8.49e-13	0.00e+00
 2.21200e+17	1.00e+00	8.15e-13	0.00e+00
 2.24217e+17	1.00e+00	7.67e-13	0.00e+00
 2.28140e+17	1.00e+00	7.03e-13	0.00e+00
 2.33239e+17	1.00e+00	6.23e-13	0.00e+00
 2.39868e+17	1.00e+00	5.27e-13	0.00e+00
 2.48486e+17	1.00e+00	4.19e-13	0.00e+00
 2.58424e+17	1.00e+00	3.07e-13	0.00e+00
 2.68761e+17	1.00e+00	2.70e-13	0.00e+00
 2.79511e+17	1.00e+00	2.44e-13	0.00e+00
 2.90692e+17	1.00e+00	2.21e-13	0.00e+00
 3.02319e+17	1.00e+00	1.98e-13	0.00e+00
 3.14412e+17	1.00e+00	1.77e-13	0.00e+00
 3.26989e+17	1.00e+00	1.56e-13	0.00e+00
 3.40068e+17	1.00e+00	1.36e-13	0.00e+00
 3.53671e+17	1.00e+00	1.18e-13	0.00e+00
 3.67399e+17	1.00e+00	1.00e-13	0.00e+00
 3.80333e+17	1.00e+00	9.32e-14	0.00e+00
 3.91925e+17	1.00e+00	9.79e-14	0.00e+00
 4.02390e+17	1.00e+00	1.04e-13	0.00e+00
 4.12203e+17	1.00e+00	1.05e-13	0.00e+00
 4.21588e+17	1.00e+00	9.93e-14	0.00e+00
 4.30361e+17	1.00e+00	9.29e-14	0.00e+00
 4.38223e+17	1.00e+00	8.92e-14	0.00e+00
 4.45081e+17	1.00e+00	8.74e-14	0.00e+00
 4.50610e+17	1.00e+00	8.56e-14	0.00e+00
 4.54323e+17	1.00e+00	8.80e-14	0.00e+00
 4.56467e+17	1.00e+00	9.25e-14	0.00e+00
 4.57709e+17	1.00e+00	9.56e-14	0.00e+00
 4.58455e+17	1.00e+00	9.73e-14	0.00e+00
 4.58930e+17	1.00e+00	9.84e-14	0.00e+00
 4.59315e+17	1.00e+00	9.90e-14	0.00e+00
 4.59707e+17	1.00e+00	9.95e-14	0.00e+00
 4.60130e+17	1.00e+00	9.99e-14	0.00e+00
 4.60542e+17	1.00e+00	1.00e-13	0.00e+00
 4.60888e+17	1.00e+00	1.00e-13	0.00e+00
 4.61208e+17	1.00e+00	1.00e-13	0.00e+00
 4.61528e+17	1.00e+00	1.00e-13	0.00e+00
 4.61830e+17	1.00e+00	1.00e-13	0.00e+00
 4.62106e+17	1.00e+00	1.00e-13	0.00e+00
 4.62355e+17	1.00e+00	1.00e-13	0.00e+00
 4.62602e+17	1.00e+00	9.99e-14	0.00e+00
 4.62840e+17	1.00e+00	9.97e-14	0.00e+00
 4.63061e+17	1.00e+00	9.95e-14	0.00e+00
 4.63267e+17	1.00e+00	9.93e-14	0.00e+00
 4.63468e+17	1.00e+00	9.91e-14	0.00e+00
 4.63675e+17	1.00e+00	9.88e-14	0.00e+00
 4.63878e+17	1.00e+00	9.85e-14	0.00e+00
 4.64053e+17	1.00e+00	9.83e-14	0.00e+00
 4.64211e+17	1.00e+00	9.81e-14	0.00e+00
 4.64380e+17	1.00e+00	9.78e-14	0.00e+00
 4.64556e+17	1.00e+00	9.75e-14	0.00e+00
 4.64717e+17	1.00e+00	9.72e-14	0.00e+00
 4.64864e+17	1.00e+00	9.70e-14	0.00e+00
 4.65011e+17	1.00e+00	9.67e-14	0.00e+00
 4.65160e+17	1.00e+00	9.64e-14	0.00e+00
 4.65309e+17	1.00e+00	9.61e-14	0.00e+00
 4.65456e+17	1.00e+00	9.58e-14	0.00e+00
 4.65600e+17	1.00e+00	9.55e-14	0.00e+00
 4.65735e+17	1.00e+00	9.52e-14	0.00e+00
 4.65865e+17	1.00e+00	9.49e-14	0.00e+00
 4.66003e+17	1.00e+00	9.46e-14	0.00e+00
 4.66149e+17	1.00e+00	9.42e-14	0.00e+00
 4.66292e+17	1.00e+00	9.39e-14	0.00e+00
 4.66430e+17	1.00e+00	9.35e-14	0.00e+00
 4.66566e+17	1.00e+00	9.32e-14	0.00e+00
 4.66703e+17	1.00e+00	9.28e-14	0.00e+00
 4.66850e+17	1.00e+00	9.24e-14	0.00e+00
 4.67001e+17	1.00e+00	9.20e-14	0.00e+00
 4.67144e+17	1.00e+00	9.16e-14	0.00e+00
 4.67290e+17	1.00e+00	9.12e-14	0.00e+00
 4.67449e+17	1.00e+00	9.07e-14	0.00e+00
 4.67608e+17	1.00e+00	9.02e-14	0.00e+00
 4.67774e+17	1.00e+00	8.97e-14	0.00e+00
 4.67945e+17	1.00e+00	8.92e-14	0.00e+00
 4.68107e+17	1.00e+00	8.87e-14	0.00e+00
 4.68262e+17	1.00e+00	8.82e-14	0.00e+00
 4.68422e+17	1.00e+00	8.77e-14	0.00e+00
 4.68601e+17	1.00e+00	8.71e-14	0.00e+00
 4.68803e+17	1.00e+00	8.64e-14	0.00e+00
 4.69001e+17	1.00e+00	8.57e-14	0.00e+00
 4.69175e+17	1.00e+00	8.51e-14	0.00e+00
 4.69350e+17	1.00e+00	8.46e-14	0.00e+00
 4.69555e+17	1.00e+00	8.39e-14	0.00e+00
 4.69783e+17	1.00e+00	8.31e-14	0.00e+00
 4.70001e+17	1.00e+00	8.22e-14	0.00e+00
 4.70206e+17	1.00e+00	8.15e-14	0.00e+00
 4.70418e+17	1.00e+00	8.08e-14	0.00e+00
 4.70646e+17	1.00e+00	8.00e-14	0.00e+00
 4.70896e+17	1.00e+00	7.91e-14	0.00e+00
 4.71151e+17	1.00e+00	7.81e-14	0.00e+00
 4.71400e+17	1.00e+00	7.72e-14	0.00e+00
 4.71647e+17	1.00e+00	7.62e-14	0.00e+00
 4.71900e+17	1.00e+00	7.53e-14	0.00e+00
 4.72168e+17	1.00e+00	7.43e-14	0.00e+00
 4.72441e+17	1.00e+00	7.33e-14	0.00e+00
 4.72726e+17	1.00e+00	7.22e-14	0.00e+00
 4.73032e+17	1.00e+00	7.11e-14	0.00e+00
 4.73343e+17	1.00e+00	6.98e-14	0.00e+00
 4.73643e+17	1.00e+00	6.87e-14	0.00e+00
 4.73955e+17	1.00e+00	6.76e-14	0.00e+00
 4.74295e+17	1.00e+00	6.63e-14	0.00e+00
 4.74636e+17	1.00e+00	6.49e-14	0.00e+00
 4.74967e+17	1.00e+00	6.37e-14	0.00e+00
 4.75315e+17	1.00e+00	6.24e-14	0.00e+00
 4.75689e+17	1.00e+00	6.11e-14	0.00e+00
 4.76075e+17	1.00e+00	5.96e-14	0.00e+00
 4.76452e+17	1.00e+00	5.81e-14	0.00e+00
 4.76822e+17	1.00e+00	5.68e-14	0.00e+00
 4.77217e+17	1.00e+00	5.54e-14	0.00e+00
 4.77640e+17	1.00e+00	5.38e-14	0.00e+00
 4.78066e+17	1.00e+00	5.23e-14	0.00e+00
 4.78491e+17	1.00e+00	5.07e-14	0.00e+00
 4.78917e+17	1.00e+00	4.92e-14	0.00e+00
 4.79351e+17	1.00e+00	4.77e-14	0.00e+00
 4.79809e+17	1.00e+00	4.62e-14	0.00e+00
 4.80291e+17	1.00e+00	4.45e-14	0.00e+00
 4.80778e+17	1.00e+00	4.29e-14	0.00e+00
 4.81261e+17	1.00e+00	4.13e-14	0.00e+00
 4.81747e+17	1.00e+00	3.97e-14	0.00e+00
 4.82247e+17	1.00e+00	3.82e-14	0.00e+00
 4.82767e+17	1.00e+00	3.66e-14	0.00e+00
 4.83300e+17	1.00e+00	3.50e-14	0.00e+00
 4.83851e+17	1.00e+00	3.34e-14	0.00e+00
 4.84411e+17	1.00e+00	3.17e-14	0.00e+00
 4.84978e+17	1.00e+00	3.02e-14	0.00e+00
 4.85558e+17	1.00e+00	2.86e-14	0.00e+00
 4.86138e+17	1.00e+00	2.70e-14	0.00e+00
 4.86730e+17	1.00e+00	2.56e-14	0.00e+00
 4.87359e+17	1.00e+00	2.41e-14	0.00e+00
 4.88013e+17	1.00e+00	2.26e-14	0.00e+00
 4.88693e+17	1.00e+00	2.11e-14	0.00e+00
 4.89391e+17	1.00e+00	1.95e-14	0.00e+00
 4.90073e+17	1.00e+00	1.82e-14	0.00e+00
 4.90740e+17	1.00e+00	1.69e-14	0.00e+00
 4.91370e+17	1.00e+00	1.57e-14	0.00e+00
 4.91934e+17	1.00e+00	1.46e-14	0.00e+00
 4.92434e+17	1.00e+00	1.38e-14	0.00e+00
 4.92897e+17	1.00e+00	1.31e-14	0.00e+00
 4.93345e+17	1.00e+00	1.24e-14	0.00e+00
 4.93783e+17	1.00e+00	1.17e-14	0.00e+00
 4.94202e+17	1.00e+00	1.11e-14	0.00e+00
 4.94594e+17	1.00e+00	1.06e-14	0.00e+00
 4.94964e+17	1.00e+00	1.01e-14	0.00e+00
 4.95320e+17	1.00e+00	9.65e-15	0.00e+00
 4.95666e+17	1.00e+00	9.23e-15	0.00e+00
 4.96003e+17	1.00e+00	8.82e-15	0.00e+00
 4.96325e+17	1.00e+00	8.45e-15	0.00e+00
 4.96633e+17	1.00e+00	8.10e-15	0.00e+00
 4.96930e+17	1.00e+00	7.77e-15	0.00e+00
 4.97218e+17	1.00e+00	7.46e-15	0.00e+00
 4.97497e+17	1.00e+00	7.17e-15	0.00e+00
 4.97767e+17	1.00e+00	6.89e-15	0.00e+00
 4.98028e+17	1.00e+00	6.63e-15	0.00e+00
 4.98280e+17	1.00e+00	6.37e-15	0.00e+00
 4.98524e+17	1.00e+00	6.14e-15	0.00e+00
 4.98759e+17	1.00e+00	5.92e-15	0.00e+00
 4.98990e+17	1.00e+00	5.71e-15	0.00e+00
 4.99214e+17	1.00e+00	5.51e-15	0.00e+00
 4.99434e+17	1.00e+00	5.32e-15	0.00e+00
 4.99648e+17	1.00e+00	5.14e-15	0.00e+00
 4.99853e+17	1.00e+00	4.96e-15	0.00e+00
 5.00052e+17	1.00e+00	4.80e-15	0.00e+00
 5.00247e+17	1.00e+00	4.64e-15	0.00e+00
 5.00438e+17	1.00e+00	4.49e-15	0.00e+00
 5.00656e+17	1.00e+00	4.34e-15	0.00e+00
 5.00940e+17	1.00e+00	4.17e-15	0.00e+00
 5.01309e+17	1.00e+00	3.93e-15	0.00e+00
 5.01788e+17	1.00e+00	3.65e-15	0.00e+00
 5.02412e+17	1.00e+00	3.30e-15	0.00e+00
 5.03222e+17	1.00e+00	2.89e-15	0.00e+00
 5.04185e+17	1.00e+00	2.43e-15	0.00e+00
 5.05096e+17	1.00e+00	1.99e-15	0.00e+00
 5.05786e+17	1.00e+00	1.70e-15	0.00e+00
 5.06304e+17	1.00e+00	1.52e-15	0.00e+00
 5.06790e+17	1.00e+00	1.38e-15	0.00e+00
 5.07339e+17	1.00e+00	1.24e-15	0.00e+00
 5.07951e+17	1.00e+00	1.10e-15	0.00e+00
 5.08572e+17	1.00e+00	9.71e-16	0.00e+00
 5.09153e+17	1.00e+00	8.58e-16	0.00e+00
 5.09692e+17	1.00e+00	7.67e-16	0.00e+00
 5.10227e+17	1.00e+00	6.88e-16	0.00e+00
 5.10800e+17	1.00e+00	6.16e-16	0.00e+00
 5.11417e+17	1.00e+00	5.45e-16	0.00e+00
 5.12058e+17	1.00e+00	4.78e-16	0.00e+00
 5.12707e+17	1.00e+00	4.19e-16	0.00e+00
 5.13377e+17	1.00e+00	3.66e-16	0.00e+00
