#depth	O	O+	O+2	O+3	O+4	O+5	O+6	O+7	O+8	O[1]	O[2]	O[3]
 1.49634e+10	0.00e+00	6.38e-46	2.40e-35	1.09e-25	7.14e-17	6.16e-09	1.00e+00	0.00e+00	0.00e+00	0.00e+00	0.00e+00	0.00e+00
 4.54887e+10	0.00e+00	0.00e+00	3.29e-35	1.38e-25	8.37e-17	6.66e-09	1.00e+00	7.61e-07	0.00e+00	0.00e+00	0.00e+00	0.00e+00
 7.72350e+10	0.00e+00	1.41e-45	4.51e-35	1.75e-25	9.81e-17	7.21e-09	1.00e+00	0.00e+00	0.00e+00	0.00e+00	0.00e+00	0.00e+00
 1.10251e+11	0.00e+00	0.00e+00	6.19e-35	2.22e-25	1.15e-16	7.81e-09	1.00e+00	0.00e+00	0.00e+00	0.00e+00	0.00e+00	0.00e+00
 1.44588e+11	0.00e+00	3.10e-45	8.49e-35	2.81e-25	1.35e-16	8.45e-09	1.00e+00	0.00e+00	0.00e+00	0.00e+00	0.00e+00	0.00e+00
 1.80298e+11	0.00e+00	0.00e+00	1.17e-34	3.57e-25	1.58e-16	9.15e-09	1.00e+00	0.00e+00	0.00e+00	0.00e+00	0.00e+00	0.00e+00
 2.17437e+11	0.00e+00	6.83e-45	1.60e-34	4.53e-25	1.85e-16	9.91e-09	1.00e+00	0.00e+00	0.00e+00	0.00e+00	0.00e+00	0.00e+00
 2.53903e+11	0.00e+00	0.00e+00	2.16e-34	5.67e-25	2.15e-16	1.07e-08	1.00e+00	0.00e+00	0.00e+00	0.00e+00	0.00e+00	0.00e+00
 2.87930e+11	0.00e+00	1.39e-44	2.83e-34	6.94e-25	2.46e-16	1.14e-08	1.00e+00	0.00e+00	0.00e+00	0.00e+00	0.00e+00	0.00e+00
 3.25475e+11	0.00e+00	0.00e+00	3.77e-34	8.62e-25	2.85e-16	1.23e-08	1.00e+00	0.00e+00	0.00e+00	0.00e+00	0.00e+00	0.00e+00
 3.68421e+11	0.00e+00	2.96e-44	5.18e-34	1.09e-24	3.34e-16	1.33e-08	1.00e+00	0.00e+00	0.00e+00	0.00e+00	0.00e+00	0.00e+00
 4.10922e+11	0.00e+00	0.00e+00	7.01e-34	1.37e-24	3.89e-16	1.44e-08	1.00e+00	0.00e+00	0.00e+00	0.00e+00	0.00e+00	0.00e+00
 4.55124e+11	0.00e+00	6.31e-44	9.50e-34	1.73e-24	4.53e-16	1.55e-08	1.00e+00	0.00e+00	0.00e+00	0.00e+00	0.00e+00	0.00e+00
 5.03256e+11	0.00e+00	0.00e+00	1.31e-33	2.19e-24	5.31e-16	1.68e-08	1.00e+00	0.00e+00	0.00e+00	0.00e+00	0.00e+00	0.00e+00
 5.53313e+11	0.00e+00	1.40e-43	1.80e-33	2.79e-24	6.24e-16	1.82e-08	1.00e+00	0.00e+00	0.00e+00	0.00e+00	0.00e+00	0.00e+00
 6.05372e+11	0.00e+00	0.00e+00	2.47e-33	3.54e-24	7.33e-16	1.98e-08	1.00e+00	0.00e+00	0.00e+00	0.00e+00	0.00e+00	0.00e+00
 6.59514e+11	0.00e+00	3.10e-43	3.40e-33	4.51e-24	8.60e-16	2.14e-08	1.00e+00	0.00e+00	0.00e+00	0.00e+00	0.00e+00	0.00e+00
 7.15821e+11	0.00e+00	0.00e+00	4.68e-33	5.73e-24	1.01e-15	2.32e-08	1.00e+00	0.00e+00	0.00e+00	0.00e+00	0.00e+00	0.00e+00
 7.74381e+11	0.00e+00	6.90e-43	6.45e-33	7.29e-24	1.19e-15	2.52e-08	1.00e+00	0.00e+00	0.00e+00	0.00e+00	0.00e+00	0.00e+00
 8.35283e+11	0.00e+00	0.00e+00	8.88e-33	9.28e-24	1.40e-15	2.73e-08	1.00e+00	0.00e+00	0.00e+00	0.00e+00	0.00e+00	0.00e+00
 8.98621e+11	0.00e+00	1.54e-42	1.22e-32	1.18e-23	1.64e-15	2.96e-08	1.00e+00	0.00e+00	0.00e+00	0.00e+00	0.00e+00	0.00e+00
 9.64492e+11	0.00e+00	0.00e+00	1.69e-32	1.51e-23	1.93e-15	3.22e-08	1.00e+00	0.00e+00	0.00e+00	0.00e+00	0.00e+00	0.00e+00
 1.03300e+12	0.00e+00	3.42e-42	2.33e-32	1.92e-23	2.27e-15	3.49e-08	1.00e+00	0.00e+00	0.00e+00	0.00e+00	0.00e+00	0.00e+00
 1.09759e+12	0.00e+00	0.00e+00	3.12e-32	2.39e-23	2.64e-15	3.76e-08	1.00e+00	0.00e+00	0.00e+00	0.00e+00	0.00e+00	0.00e+00
 1.15562e+12	0.00e+00	6.77e-42	4.03e-32	2.90e-23	3.00e-15	4.01e-08	1.00e+00	0.00e+00	0.00e+00	0.00e+00	0.00e+00	0.00e+00
 1.22085e+12	0.00e+00	0.00e+00	5.32e-32	3.58e-23	3.46e-15	4.31e-08	1.00e+00	0.00e+00	0.00e+00	0.00e+00	0.00e+00	0.00e+00
 1.29784e+12	0.00e+00	1.42e-41	7.30e-32	4.54e-23	4.06e-15	4.67e-08	1.00e+00	0.00e+00	0.00e+00	0.00e+00	0.00e+00	0.00e+00
 1.37467e+12	0.00e+00	0.00e+00	9.90e-32	5.72e-23	4.74e-15	5.05e-08	1.00e+00	0.00e+00	0.00e+00	0.00e+00	0.00e+00	0.00e+00
 1.44707e+12	0.00e+00	2.94e-41	1.31e-31	7.05e-23	5.46e-15	5.42e-08	1.00e+00	0.00e+00	0.00e+00	0.00e+00	0.00e+00	0.00e+00
 1.52738e+12	0.00e+00	0.00e+00	1.76e-31	8.84e-23	6.35e-15	5.85e-08	1.00e+00	0.00e+00	0.00e+00	0.00e+00	0.00e+00	0.00e+00
 1.61840e+12	0.00e+00	6.39e-41	2.44e-31	1.13e-22	7.50e-15	6.36e-08	1.00e+00	0.00e+00	0.00e+00	0.00e+00	0.00e+00	0.00e+00
 1.70936e+12	0.00e+00	0.00e+00	3.34e-31	1.43e-22	8.81e-15	6.90e-08	1.00e+00	0.00e+00	0.00e+00	0.00e+00	0.00e+00	0.00e+00
 1.80395e+12	0.00e+00	1.40e-40	4.58e-31	1.82e-22	1.03e-14	7.49e-08	1.00e+00	0.00e+00	0.00e+00	0.00e+00	0.00e+00	0.00e+00
 1.90604e+12	0.00e+00	0.00e+00	6.35e-31	2.33e-22	1.22e-14	8.15e-08	1.00e+00	0.00e+00	0.00e+00	0.00e+00	0.00e+00	0.00e+00
 2.01221e+12	0.00e+00	3.16e-40	8.82e-31	2.99e-22	1.45e-14	8.87e-08	1.00e+00	0.00e+00	0.00e+00	0.00e+00	0.00e+00	0.00e+00
 2.11281e+12	0.00e+00	0.00e+00	1.19e-30	3.76e-22	1.69e-14	9.59e-08	1.00e+00	0.00e+00	0.00e+00	0.00e+00	0.00e+00	0.00e+00
 2.20409e+12	0.00e+00	6.37e-40	1.55e-30	4.59e-22	1.93e-14	1.03e-07	1.00e+00	0.00e+00	0.00e+00	0.00e+00	0.00e+00	0.00e+00
 2.30713e+12	0.00e+00	0.00e+00	2.07e-30	5.72e-22	2.25e-14	1.11e-07	1.00e+00	0.00e+00	0.00e+00	0.00e+00	0.00e+00	0.00e+00
 2.42765e+12	0.00e+00	1.37e-39	2.87e-30	7.32e-22	2.66e-14	1.21e-07	1.00e+00	0.00e+00	0.00e+00	0.00e+00	0.00e+00	0.00e+00
 2.54704e+12	0.00e+00	0.00e+00	3.92e-30	9.28e-22	3.12e-14	1.31e-07	1.00e+00	0.00e+00	0.00e+00	0.00e+00	0.00e+00	0.00e+00
 2.65999e+12	0.00e+00	2.87e-39	5.21e-30	1.15e-21	3.62e-14	1.41e-07	1.00e+00	0.00e+00	0.00e+00	0.00e+00	0.00e+00	0.00e+00
 2.78510e+12	0.00e+00	0.00e+00	7.07e-30	1.46e-21	4.25e-14	1.53e-07	1.00e+00	0.00e+00	0.00e+00	0.00e+00	0.00e+00	0.00e+00
 2.92643e+12	0.00e+00	6.32e-39	9.86e-30	1.88e-21	5.05e-14	1.67e-07	1.00e+00	0.00e+00	0.00e+00	0.00e+00	0.00e+00	0.00e+00
 3.06701e+12	0.00e+00	0.00e+00	1.35e-29	2.39e-21	5.96e-14	1.82e-07	1.00e+00	0.00e+00	0.00e+00	0.00e+00	0.00e+00	0.00e+00
 3.21321e+12	0.00e+00	1.39e-38	1.87e-29	3.06e-21	7.06e-14	1.99e-07	1.00e+00	0.00e+00	0.00e+00	0.00e+00	0.00e+00	0.00e+00
 3.37166e+12	0.00e+00	0.00e+00	2.61e-29	3.95e-21	8.42e-14	2.17e-07	1.00e+00	0.00e+00	0.00e+00	0.00e+00	0.00e+00	0.00e+00
 3.53272e+12	0.00e+00	3.16e-38	3.62e-29	5.07e-21	1.00e-13	2.37e-07	1.00e+00	0.00e+00	0.00e+00	0.00e+00	0.00e+00	0.00e+00
 3.70021e+12	0.00e+00	0.00e+00	5.01e-29	6.51e-21	1.19e-13	2.59e-07	1.00e+00	0.00e+00	0.00e+00	0.00e+00	0.00e+00	0.00e+00
 3.87117e+12	0.00e+00	7.03e-38	6.93e-29	8.35e-21	1.41e-13	2.83e-07	1.00e+00	0.00e+00	0.00e+00	0.00e+00	0.00e+00	0.00e+00
 4.04896e+12	0.00e+00	0.00e+00	9.56e-29	1.07e-20	1.68e-13	3.10e-07	1.00e+00	0.00e+00	0.00e+00	0.00e+00	0.00e+00	0.00e+00
 4.24085e+12	0.00e+00	1.58e-37	1.34e-28	1.38e-20	2.01e-13	3.40e-07	1.00e+00	0.00e+00	0.00e+00	0.00e+00	0.00e+00	0.00e+00
 4.44041e+12	0.00e+00	0.00e+00	1.87e-28	1.79e-20	2.40e-13	3.73e-07	1.00e+00	0.00e+00	0.00e+00	0.00e+00	0.00e+00	0.00e+00
 4.64795e+12	0.00e+00	3.59e-37	2.61e-28	2.32e-20	2.88e-13	4.10e-07	1.00e+00	0.00e+00	0.00e+00	0.00e+00	0.00e+00	0.00e+00
 4.86380e+12	0.00e+00	0.00e+00	3.64e-28	3.01e-20	3.45e-13	4.50e-07	1.00e+00	0.00e+00	0.00e+00	0.00e+00	0.00e+00	0.00e+00
 5.08828e+12	0.00e+00	8.11e-37	5.08e-28	3.89e-20	4.14e-13	4.95e-07	1.00e+00	0.00e+00	0.00e+00	0.00e+00	0.00e+00	0.00e+00
 5.29139e+12	0.00e+00	0.00e+00	6.79e-28	4.88e-20	4.85e-13	5.38e-07	1.00e+00	0.00e+00	0.00e+00	0.00e+00	0.00e+00	0.00e+00
 5.46057e+12	0.00e+00	1.54e-36	8.56e-28	5.84e-20	5.51e-13	5.75e-07	1.00e+00	0.00e+00	0.00e+00	0.00e+00	0.00e+00	0.00e+00
 5.64574e+12	6.26e-46	2.08e-36	1.10e-27	7.09e-20	6.33e-13	6.19e-07	1.00e+00	0.00e+00	0.00e+00	0.00e+00	0.00e+00	0.00e+00
 5.88037e+12	0.00e+00	0.00e+00	1.49e-27	8.99e-20	7.49e-13	6.76e-07	1.00e+00	0.00e+00	0.00e+00	0.00e+00	0.00e+00	0.00e+00
 6.12508e+12	0.00e+00	4.34e-36	2.01e-27	1.14e-19	8.87e-13	7.39e-07	1.00e+00	0.00e+00	0.00e+00	0.00e+00	0.00e+00	0.00e+00
 6.34165e+12	2.19e-45	5.94e-36	2.61e-27	1.40e-19	1.03e-12	7.98e-07	1.00e+00	0.00e+00	0.00e+00	0.00e+00	0.00e+00	0.00e+00
 6.54465e+12	0.00e+00	0.00e+00	3.30e-27	1.68e-19	1.17e-12	8.56e-07	1.00e+00	0.00e+00	0.00e+00	0.00e+00	0.00e+00	0.00e+00
 6.77731e+12	0.00e+00	1.08e-35	4.27e-27	2.06e-19	1.35e-12	9.25e-07	1.00e+00	0.00e+00	0.00e+00	0.00e+00	0.00e+00	0.00e+00
 7.06195e+12	6.94e-45	1.56e-35	5.80e-27	2.62e-19	1.61e-12	1.01e-06	1.00e+00	0.00e+00	0.00e+00	0.00e+00	0.00e+00	0.00e+00
 7.34461e+12	0.00e+00	0.00e+00	7.76e-27	3.30e-19	1.90e-12	1.11e-06	1.00e+00	0.00e+00	0.00e+00	0.00e+00	0.00e+00	0.00e+00
 7.59083e+12	0.00e+00	2.98e-35	9.91e-27	4.00e-19	2.18e-12	1.19e-06	1.00e+00	0.00e+00	0.00e+00	0.00e+00	0.00e+00	0.00e+00
 7.85923e+12	2.16e-44	4.06e-35	1.28e-26	4.90e-19	2.53e-12	1.29e-06	1.00e+00	0.00e+00	0.00e+00	0.00e+00	0.00e+00	0.00e+00
 8.18612e+12	0.00e+00	5.83e-35	1.73e-26	6.22e-19	3.00e-12	1.42e-06	1.00e+00	0.00e+00	0.00e+00	0.00e+00	0.00e+00	0.00e+00
 8.51893e+12	5.02e-44	8.28e-35	2.32e-26	7.84e-19	3.55e-12	1.55e-06	1.00e+00	0.00e+00	0.00e+00	0.00e+00	0.00e+00	0.00e+00
 8.82429e+12	0.00e+00	1.13e-34	3.00e-26	9.63e-19	4.12e-12	1.68e-06	1.00e+00	0.00e+00	0.00e+00	0.00e+00	0.00e+00	0.00e+00
 9.16408e+12	1.07e-43	1.57e-34	3.95e-26	1.20e-18	4.82e-12	1.83e-06	1.00e+00	0.00e+00	0.00e+00	0.00e+00	0.00e+00	0.00e+00
 9.55823e+12	0.00e+00	2.27e-34	5.38e-26	1.53e-18	5.75e-12	2.01e-06	1.00e+00	0.00e+00	0.00e+00	0.00e+00	0.00e+00	0.00e+00
 9.94804e+12	2.50e-43	3.22e-34	7.19e-26	1.93e-18	6.80e-12	2.21e-06	1.00e+00	0.00e+00	0.00e+00	0.00e+00	0.00e+00	0.00e+00
 1.03226e+13	0.00e+00	4.44e-34	9.41e-26	2.39e-18	7.94e-12	2.40e-06	1.00e+00	0.00e+00	0.00e+00	0.00e+00	0.00e+00	0.00e+00
 1.07346e+13	5.45e-43	6.23e-34	1.25e-25	3.00e-18	9.34e-12	2.62e-06	1.00e+00	0.00e+00	0.00e+00	0.00e+00	0.00e+00	0.00e+00
 1.11939e+13	0.00e+00	8.96e-34	1.69e-25	3.82e-18	1.11e-11	2.88e-06	1.00e+00	0.00e+00	0.00e+00	0.00e+00	0.00e+00	0.00e+00
 1.16576e+13	1.26e-42	1.27e-33	2.27e-25	4.83e-18	1.32e-11	3.16e-06	1.00e+00	0.00e+00	0.00e+00	0.00e+00	0.00e+00	0.00e+00
 1.20755e+13	0.00e+00	1.72e-33	2.93e-25	5.91e-18	1.52e-11	3.42e-06	1.00e+00	0.00e+00	0.00e+00	0.00e+00	0.00e+00	0.00e+00
 1.24298e+13	2.43e-42	2.21e-33	3.61e-25	6.99e-18	1.71e-11	3.65e-06	1.00e+00	0.00e+00	0.00e+00	0.00e+00	0.00e+00	0.00e+00
 1.28114e+13	0.00e+00	2.88e-33	4.49e-25	8.31e-18	1.94e-11	3.90e-06	1.00e+00	0.00e+00	0.00e+00	0.00e+00	0.00e+00	0.00e+00
 1.33026e+13	4.84e-42	3.98e-33	5.89e-25	1.03e-17	2.27e-11	4.24e-06	1.00e+00	0.00e+00	0.00e+00	0.00e+00	0.00e+00	0.00e+00
 1.38141e+13	0.00e+00	5.51e-33	7.73e-25	1.28e-17	2.64e-11	4.62e-06	1.00e+00	0.00e+00	0.00e+00	0.00e+00	0.00e+00	0.00e+00
 1.42550e+13	9.76e-42	7.22e-33	9.70e-25	1.54e-17	3.01e-11	4.95e-06	1.00e+00	0.00e+00	0.00e+00	0.00e+00	0.00e+00	0.00e+00
 1.47262e+13	0.00e+00	9.57e-33	1.23e-24	1.85e-17	3.43e-11	5.32e-06	1.00e+00	0.00e+00	0.00e+00	0.00e+00	0.00e+00	0.00e+00
 1.53074e+13	2.01e-41	1.34e-32	1.62e-24	2.31e-17	4.02e-11	5.80e-06	1.00e+00	0.00e+00	0.00e+00	0.00e+00	0.00e+00	0.00e+00
 1.59022e+13	0.00e+00	1.86e-32	2.14e-24	2.88e-17	4.69e-11	6.31e-06	1.00e+00	0.00e+00	0.00e+00	0.00e+00	0.00e+00	0.00e+00
 1.64400e+13	4.16e-41	2.48e-32	2.72e-24	3.48e-17	5.37e-11	6.79e-06	1.00e+00	0.00e+00	0.00e+00	0.00e+00	0.00e+00	0.00e+00
 1.70332e+13	0.00e+00	3.37e-32	3.52e-24	4.27e-17	6.20e-11	7.34e-06	1.00e+00	0.00e+00	0.00e+00	0.00e+00	0.00e+00	0.00e+00
 1.76790e+13	8.72e-41	4.66e-32	4.61e-24	5.29e-17	7.21e-11	7.97e-06	1.00e+00	0.00e+00	0.00e+00	0.00e+00	0.00e+00	0.00e+00
 1.82631e+13	0.00e+00	6.18e-32	5.83e-24	6.38e-17	8.22e-11	8.56e-06	1.00e+00	0.00e+00	0.00e+00	0.00e+00	0.00e+00	0.00e+00
 1.88922e+13	1.72e-40	8.30e-32	7.46e-24	7.75e-17	9.43e-11	9.21e-06	1.00e+00	0.00e+00	0.00e+00	0.00e+00	0.00e+00	0.00e+00
 1.96001e+13	0.00e+00	1.14e-31	9.75e-24	9.58e-17	1.09e-10	9.98e-06	1.00e+00	0.00e+00	0.00e+00	0.00e+00	0.00e+00	0.00e+00
 2.02726e+13	3.55e-40	1.54e-31	1.25e-23	1.16e-16	1.25e-10	1.07e-05	1.00e+00	0.00e+00	0.00e+00	0.00e+00	0.00e+00	0.00e+00
 2.10094e+13	0.00e+00	2.10e-31	1.62e-23	1.43e-16	1.45e-10	1.16e-05	1.00e+00	0.00e+00	0.00e+00	0.00e+00	0.00e+00	0.00e+00
 2.18243e+13	7.58e-40	2.93e-31	2.14e-23	1.78e-16	1.68e-10	1.26e-05	1.00e+00	0.00e+00	0.00e+00	0.00e+00	0.00e+00	0.00e+00
 2.25810e+13	0.00e+00	3.95e-31	2.74e-23	2.17e-16	1.93e-10	1.36e-05	1.00e+00	0.00e+00	0.00e+00	0.00e+00	0.00e+00	0.00e+00
 2.34048e+13	1.57e-39	5.43e-31	3.57e-23	2.67e-16	2.23e-10	1.47e-05	1.00e+00	0.00e+00	0.00e+00	0.00e+00	0.00e+00	0.00e+00
 2.43285e+13	0.00e+00	7.64e-31	4.74e-23	3.33e-16	2.60e-10	1.60e-05	1.00e+00	0.00e+00	0.00e+00	0.00e+00	0.00e+00	0.00e+00
 2.52049e+13	3.38e-39	1.05e-30	6.15e-23	4.09e-16	3.00e-10	1.72e-05	1.00e+00	0.00e+00	0.00e+00	0.00e+00	0.00e+00	0.00e+00
 2.61506e+13	0.00e+00	1.45e-30	8.07e-23	5.06e-16	3.48e-10	1.86e-05	1.00e+00	0.00e+00	0.00e+00	0.00e+00	0.00e+00	0.00e+00
 2.72026e+13	7.52e-39	2.06e-30	1.08e-22	6.36e-16	4.07e-10	2.03e-05	1.00e+00	0.00e+00	0.00e+00	0.00e+00	0.00e+00	0.00e+00
 2.82172e+13	0.00e+00	2.87e-30	1.42e-22	7.87e-16	4.71e-10	2.19e-05	1.00e+00	0.00e+00	0.00e+00	0.00e+00	0.00e+00	0.00e+00
 2.92963e+13	1.65e-38	4.02e-30	1.87e-22	9.79e-16	5.47e-10	2.37e-05	1.00e+00	0.00e+00	0.00e+00	0.00e+00	0.00e+00	0.00e+00
 3.04981e+13	0.00e+00	5.77e-30	2.53e-22	1.24e-15	6.42e-10	2.59e-05	1.00e+00	0.00e+00	0.00e+00	0.00e+00	0.00e+00	0.00e+00
 3.17050e+13	3.82e-38	8.19e-30	3.38e-22	1.55e-15	7.49e-10	2.81e-05	1.00e+00	0.00e+00	0.00e+00	0.00e+00	0.00e+00	0.00e+00
 3.29601e+13	0.00e+00	1.17e-29	4.52e-22	1.94e-15	8.74e-10	3.05e-05	1.00e+00	0.00e+00	0.00e+00	0.00e+00	0.00e+00	0.00e+00
 3.43085e+13	8.92e-38	1.68e-29	6.10e-22	2.45e-15	1.03e-09	3.32e-05	1.00e+00	0.00e+00	0.00e+00	0.00e+00	0.00e+00	0.00e+00
 3.57107e+13	0.00e+00	2.43e-29	8.25e-22	3.10e-15	1.20e-09	3.61e-05	1.00e+00	0.00e+00	0.00e+00	0.00e+00	0.00e+00	0.00e+00
 3.70919e+13	2.08e-37	3.44e-29	1.10e-21	3.87e-15	1.40e-09	3.91e-05	1.00e+00	0.00e+00	0.00e+00	0.00e+00	0.00e+00	0.00e+00
 3.83824e+13	0.00e+00	4.71e-29	1.42e-21	4.73e-15	1.60e-09	4.20e-05	1.00e+00	0.00e+00	0.00e+00	0.00e+00	0.00e+00	0.00e+00
 3.98017e+13	4.49e-37	6.59e-29	1.87e-21	5.85e-15	1.85e-09	4.52e-05	1.00e+00	0.00e+00	0.00e+00	0.00e+00	0.00e+00	0.00e+00
 4.12573e+13	0.00e+00	9.20e-29	2.46e-21	7.22e-15	2.13e-09	4.88e-05	1.00e+00	0.00e+00	0.00e+00	0.00e+00	0.00e+00	0.00e+00
 4.24831e+13	9.19e-37	1.21e-28	3.08e-21	8.57e-15	2.40e-09	5.18e-05	1.00e+00	0.00e+00	0.00e+00	0.00e+00	0.00e+00	0.00e+00
 4.37833e+13	0.00e+00	1.60e-28	3.87e-21	1.02e-14	2.70e-09	5.51e-05	1.00e+00	0.00e+00	0.00e+00	0.00e+00	0.00e+00	0.00e+00
 4.54234e+13	1.93e-36	2.26e-28	5.13e-21	1.27e-14	3.12e-09	5.95e-05	1.00e+00	0.00e+00	0.00e+00	0.00e+00	0.00e+00	0.00e+00
 4.71302e+13	0.00e+00	3.20e-28	6.80e-21	1.58e-14	3.62e-09	6.42e-05	1.00e+00	0.00e+00	0.00e+00	0.00e+00	0.00e+00	0.00e+00
 4.86548e+13	4.18e-36	4.32e-28	8.70e-21	1.90e-14	4.10e-09	6.85e-05	1.00e+00	0.00e+00	0.00e+00	0.00e+00	0.00e+00	0.00e+00
 5.03182e+13	0.00e+00	5.95e-28	1.13e-20	2.32e-14	4.69e-09	7.34e-05	1.00e+00	0.00e+00	0.00e+00	0.00e+00	0.00e+00	0.00e+00
 5.21595e+13	9.13e-36	8.35e-28	1.49e-20	2.86e-14	5.41e-09	7.90e-05	1.00e+00	0.00e+00	0.00e+00	0.00e+00	0.00e+00	0.00e+00
 5.38644e+13	0.00e+00	1.14e-27	1.91e-20	3.46e-14	6.14e-09	8.43e-05	1.00e+00	0.00e+00	0.00e+00	0.00e+00	0.00e+00	0.00e+00
 5.57126e+13	1.94e-35	1.57e-27	2.47e-20	4.22e-14	7.02e-09	9.03e-05	1.00e+00	0.00e+00	0.00e+00	0.00e+00	0.00e+00	0.00e+00
 5.77801e+13	0.00e+00	2.22e-27	3.28e-20	5.23e-14	8.11e-09	9.73e-05	1.00e+00	0.00e+00	0.00e+00	0.00e+00	0.00e+00	0.00e+00
 5.97251e+13	4.28e-35	3.05e-27	4.24e-20	6.36e-14	9.25e-09	1.04e-04	1.00e+00	0.00e+00	0.00e+00	0.00e+00	0.00e+00	0.00e+00
 6.18462e+13	6.40e-35	4.28e-27	5.57e-20	7.82e-14	1.06e-08	1.12e-04	1.00e+00	0.00e+00	0.00e+00	0.00e+00	0.00e+00	0.00e+00
 6.42099e+13	9.83e-35	6.13e-27	7.46e-20	9.76e-14	1.23e-08	1.20e-04	1.00e+00	0.00e+00	0.00e+00	0.00e+00	0.00e+00	0.00e+00
 6.64250e+13	1.46e-34	8.52e-27	9.72e-20	1.19e-13	1.41e-08	1.29e-04	1.00e+00	0.00e+00	0.00e+00	0.00e+00	0.00e+00	0.00e+00
 6.88398e+13	2.21e-34	1.21e-26	1.29e-19	1.47e-13	1.62e-08	1.39e-04	1.00e+00	0.00e+00	0.00e+00	0.00e+00	0.00e+00	0.00e+00
 7.15450e+13	3.44e-34	1.75e-26	1.74e-19	1.85e-13	1.89e-08	1.50e-04	1.00e+00	0.00e+00	0.00e+00	0.00e+00	0.00e+00	0.00e+00
 7.41081e+13	5.19e-34	2.47e-26	2.29e-19	2.28e-13	2.17e-08	1.61e-04	1.00e+00	0.00e+00	0.00e+00	0.00e+00	0.00e+00	0.00e+00
 7.68520e+13	7.94e-34	3.52e-26	3.05e-19	2.83e-13	2.51e-08	1.73e-04	1.00e+00	0.00e+00	0.00e+00	0.00e+00	0.00e+00	0.00e+00
 7.99560e+13	1.26e-33	5.18e-26	4.16e-19	3.58e-13	2.94e-08	1.87e-04	1.00e+00	0.00e+00	0.00e+00	0.00e+00	0.00e+00	0.00e+00
 8.30129e+13	1.95e-33	7.47e-26	5.58e-19	4.47e-13	3.41e-08	2.02e-04	1.00e+00	0.00e+00	0.00e+00	0.00e+00	0.00e+00	0.00e+00
 8.61920e+13	3.03e-33	1.08e-25	7.50e-19	5.58e-13	3.96e-08	2.17e-04	1.00e+00	0.00e+00	0.00e+00	0.00e+00	0.00e+00	0.00e+00
 8.96696e+13	4.81e-33	1.59e-25	1.02e-18	7.06e-13	4.63e-08	2.35e-04	1.00e+00	0.00e+00	0.00e+00	0.00e+00	0.00e+00	0.00e+00
 9.32082e+13	7.58e-33	2.32e-25	1.39e-18	8.89e-13	5.40e-08	2.54e-04	1.00e+00	0.00e+00	0.00e+00	0.00e+00	0.00e+00	0.00e+00
 9.68883e+13	1.19e-32	3.39e-25	1.88e-18	1.12e-12	6.29e-08	2.75e-04	1.00e+00	0.00e+00	0.00e+00	0.00e+00	0.00e+00	0.00e+00
 1.00574e+14	1.85e-32	4.89e-25	2.53e-18	1.40e-12	7.30e-08	2.96e-04	1.00e+00	0.00e+00	0.00e+00	0.00e+00	0.00e+00	0.00e+00
 1.04074e+14	2.76e-32	6.83e-25	3.31e-18	1.71e-12	8.36e-08	3.17e-04	1.00e+00	0.00e+00	0.00e+00	0.00e+00	0.00e+00	0.00e+00
 1.07934e+14	4.22e-32	9.75e-25	4.41e-18	2.12e-12	9.66e-08	3.41e-04	1.00e+00	0.00e+00	0.00e+00	0.00e+00	0.00e+00	0.00e+00
 1.11787e+14	6.35e-32	1.37e-24	5.80e-18	2.62e-12	1.11e-07	3.66e-04	1.00e+00	0.00e+00	0.00e+00	0.00e+00	0.00e+00	0.00e+00
 1.14986e+14	8.83e-32	1.81e-24	7.25e-18	3.09e-12	1.24e-07	3.88e-04	1.00e+00	0.00e+00	0.00e+00	0.00e+00	0.00e+00	0.00e+00
 1.18381e+14	1.24e-31	2.40e-24	9.11e-18	3.68e-12	1.39e-07	4.11e-04	1.00e+00	0.00e+00	0.00e+00	0.00e+00	0.00e+00	0.00e+00
 1.22721e+14	1.88e-31	3.41e-24	1.21e-17	4.55e-12	1.61e-07	4.42e-04	1.00e+00	0.00e+00	0.00e+00	0.00e+00	0.00e+00	0.00e+00
 1.27279e+14	2.87e-31	4.86e-24	1.61e-17	5.65e-12	1.86e-07	4.76e-04	1.00e+00	0.00e+00	0.00e+00	0.00e+00	0.00e+00	0.00e+00
 1.31314e+14	4.13e-31	6.59e-24	2.05e-17	6.81e-12	2.11e-07	5.07e-04	9.99e-01	0.00e+00	0.00e+00	0.00e+00	0.00e+00	0.00e+00
 1.35679e+14	6.09e-31	9.14e-24	2.68e-17	8.27e-12	2.40e-07	5.42e-04	9.99e-01	0.00e+00	0.00e+00	0.00e+00	0.00e+00	0.00e+00
 1.40925e+14	9.35e-31	1.31e-23	3.58e-17	1.04e-11	2.79e-07	5.85e-04	9.99e-01	0.00e+00	0.00e+00	0.00e+00	0.00e+00	0.00e+00
 1.46238e+14	1.43e-30	1.87e-23	4.78e-17	1.29e-11	3.23e-07	6.31e-04	9.99e-01	0.00e+00	0.00e+00	0.00e+00	0.00e+00	0.00e+00
 1.51216e+14	2.11e-30	2.59e-23	6.21e-17	1.57e-11	3.69e-07	6.75e-04	9.99e-01	0.00e+00	0.00e+00	0.00e+00	0.00e+00	0.00e+00
 1.56746e+14	3.18e-30	3.65e-23	8.22e-17	1.95e-11	4.26e-07	7.27e-04	9.99e-01	0.00e+00	0.00e+00	0.00e+00	0.00e+00	0.00e+00
 1.62604e+14	4.85e-30	5.20e-23	1.09e-16	2.42e-11	4.93e-07	7.83e-04	9.99e-01	0.00e+00	0.00e+00	0.00e+00	0.00e+00	0.00e+00
 1.67808e+14	6.96e-30	7.05e-23	1.40e-16	2.92e-11	5.59e-07	8.35e-04	9.99e-01	0.00e+00	0.00e+00	0.00e+00	0.00e+00	0.00e+00
 1.73405e+14	1.01e-29	9.68e-23	1.81e-16	3.55e-11	6.37e-07	8.93e-04	9.99e-01	0.00e+00	0.00e+00	0.00e+00	0.00e+00	0.00e+00
 1.80115e+14	1.56e-29	1.39e-22	2.43e-16	4.45e-11	7.41e-07	9.66e-04	9.99e-01	0.00e+00	0.00e+00	0.00e+00	0.00e+00	0.00e+00
 1.86721e+14	2.36e-29	1.97e-22	3.22e-16	5.51e-11	8.55e-07	1.04e-03	9.99e-01	0.00e+00	0.00e+00	0.00e+00	0.00e+00	0.00e+00
 1.92601e+14	3.37e-29	2.66e-22	4.10e-16	6.62e-11	9.67e-07	1.11e-03	9.99e-01	0.00e+00	0.00e+00	0.00e+00	0.00e+00	0.00e+00
 1.99092e+14	4.91e-29	3.65e-22	5.31e-16	8.07e-11	1.10e-06	1.19e-03	9.99e-01	0.00e+00	0.00e+00	0.00e+00	0.00e+00	0.00e+00
 2.06831e+14	7.58e-29	5.26e-22	7.16e-16	1.01e-10	1.29e-06	1.28e-03	9.99e-01	0.00e+00	0.00e+00	0.00e+00	0.00e+00	0.00e+00
 2.14509e+14	1.15e-28	7.47e-22	9.51e-16	1.26e-10	1.49e-06	1.38e-03	9.99e-01	0.00e+00	0.00e+00	0.00e+00	0.00e+00	0.00e+00
 2.21519e+14	1.66e-28	1.02e-21	1.22e-15	1.52e-10	1.69e-06	1.48e-03	9.99e-01	0.00e+00	0.00e+00	0.00e+00	0.00e+00	0.00e+00
 2.29346e+14	2.47e-28	1.42e-21	1.60e-15	1.87e-10	1.94e-06	1.59e-03	9.98e-01	0.00e+00	0.00e+00	0.00e+00	0.00e+00	0.00e+00
 2.38460e+14	3.85e-28	2.07e-21	2.17e-15	2.36e-10	2.27e-06	1.72e-03	9.98e-01	0.00e+00	0.00e+00	0.00e+00	0.00e+00	0.00e+00
 2.47413e+14	5.87e-28	2.95e-21	2.90e-15	2.94e-10	2.63e-06	1.85e-03	9.98e-01	0.00e+00	0.00e+00	0.00e+00	0.00e+00	0.00e+00
 2.55866e+14	8.62e-28	4.07e-21	3.77e-15	3.59e-10	3.00e-06	1.99e-03	9.98e-01	0.00e+00	0.00e+00	0.00e+00	0.00e+00	0.00e+00
 2.65272e+14	1.30e-27	5.77e-21	5.00e-15	4.44e-10	3.47e-06	2.14e-03	9.98e-01	0.00e+00	0.00e+00	0.00e+00	0.00e+00	0.00e+00
 2.75913e+14	2.04e-27	8.42e-21	6.80e-15	5.62e-10	4.05e-06	2.32e-03	9.98e-01	0.00e+00	0.00e+00	0.00e+00	0.00e+00	0.00e+00
 2.86565e+14	3.16e-27	1.21e-20	9.15e-15	7.04e-10	4.71e-06	2.50e-03	9.97e-01	0.00e+00	0.00e+00	0.00e+00	0.00e+00	0.00e+00
 2.96564e+14	4.68e-27	1.69e-20	1.20e-14	8.63e-10	5.40e-06	2.69e-03	9.97e-01	0.00e+00	0.00e+00	0.00e+00	0.00e+00	0.00e+00
 3.07378e+14	7.07e-27	2.39e-20	1.58e-14	1.07e-09	6.23e-06	2.89e-03	9.97e-01	0.00e+00	0.00e+00	0.00e+00	0.00e+00	0.00e+00
 3.19703e+14	1.11e-26	3.50e-20	2.16e-14	1.35e-09	7.29e-06	3.13e-03	9.97e-01	0.00e+00	0.00e+00	0.00e+00	0.00e+00	0.00e+00
 3.31350e+14	1.68e-26	4.96e-20	2.86e-14	1.67e-09	8.40e-06	3.37e-03	9.97e-01	0.00e+00	0.00e+00	0.00e+00	0.00e+00	0.00e+00
 3.41865e+14	2.41e-26	6.71e-20	3.65e-14	2.01e-09	9.51e-06	3.59e-03	9.96e-01	0.00e+00	0.00e+00	0.00e+00	0.00e+00	0.00e+00
 3.51828e+14	3.36e-26	8.87e-20	4.57e-14	2.39e-09	1.07e-05	3.80e-03	9.96e-01	0.00e+00	0.00e+00	0.00e+00	0.00e+00	0.00e+00
 3.62895e+14	4.81e-26	1.20e-19	5.83e-14	2.87e-09	1.21e-05	4.05e-03	9.96e-01	0.00e+00	0.00e+00	0.00e+00	0.00e+00	0.00e+00
 3.75238e+14	7.09e-26	1.66e-19	7.59e-14	3.50e-09	1.38e-05	4.34e-03	9.96e-01	0.00e+00	0.00e+00	0.00e+00	0.00e+00	0.00e+00
 3.86860e+14	1.01e-25	2.23e-19	9.65e-14	4.20e-09	1.56e-05	4.61e-03	9.95e-01	0.00e+00	0.00e+00	0.00e+00	0.00e+00	0.00e+00
 3.99591e+14	1.47e-25	3.06e-19	1.24e-13	5.09e-09	1.77e-05	4.92e-03	9.95e-01	0.00e+00	0.00e+00	0.00e+00	0.00e+00	0.00e+00
 4.13857e+14	2.21e-25	4.31e-19	1.64e-13	6.27e-09	2.04e-05	5.29e-03	9.95e-01	0.00e+00	0.00e+00	0.00e+00	0.00e+00	0.00e+00
 4.27341e+14	3.21e-25	5.89e-19	2.11e-13	7.59e-09	2.31e-05	5.64e-03	9.94e-01	0.00e+00	0.00e+00	0.00e+00	0.00e+00	0.00e+00
 4.42095e+14	4.76e-25	8.20e-19	2.76e-13	9.29e-09	2.65e-05	6.04e-03	9.94e-01	0.00e+00	0.00e+00	0.00e+00	0.00e+00	0.00e+00
 4.58397e+14	7.25e-25	1.17e-18	3.67e-13	1.15e-08	3.06e-05	6.50e-03	9.93e-01	0.00e+00	0.00e+00	0.00e+00	0.00e+00	0.00e+00
 4.73439e+14	1.06e-24	1.60e-18	4.73e-13	1.40e-08	3.47e-05	6.94e-03	9.93e-01	0.00e+00	0.00e+00	0.00e+00	0.00e+00	0.00e+00
 4.89718e+14	1.56e-24	2.22e-18	6.16e-13	1.71e-08	3.97e-05	7.43e-03	9.93e-01	0.00e+00	0.00e+00	0.00e+00	0.00e+00	0.00e+00
 5.07907e+14	2.39e-24	3.17e-18	8.21e-13	2.12e-08	4.59e-05	8.00e-03	9.92e-01	0.00e+00	0.00e+00	0.00e+00	0.00e+00	0.00e+00
 5.24991e+14	3.51e-24	4.38e-18	1.06e-12	2.58e-08	5.24e-05	8.55e-03	9.91e-01	0.00e+00	0.00e+00	0.00e+00	0.00e+00	0.00e+00
 5.43611e+14	5.25e-24	6.15e-18	1.40e-12	3.18e-08	6.01e-05	9.18e-03	9.91e-01	0.00e+00	0.00e+00	0.00e+00	0.00e+00	0.00e+00
 5.64310e+14	8.06e-24	8.81e-18	1.88e-12	3.97e-08	6.98e-05	9.91e-03	9.90e-01	0.00e+00	0.00e+00	0.00e+00	0.00e+00	0.00e+00
 5.83633e+14	1.19e-23	1.23e-17	2.44e-12	4.85e-08	7.97e-05	1.06e-02	9.89e-01	0.00e+00	0.00e+00	0.00e+00	0.00e+00	0.00e+00
 6.04653e+14	1.79e-23	1.72e-17	3.22e-12	5.98e-08	9.18e-05	1.14e-02	9.89e-01	0.00e+00	0.00e+00	0.00e+00	0.00e+00	0.00e+00
 6.28166e+14	2.77e-23	2.49e-17	4.34e-12	7.50e-08	1.07e-04	1.23e-02	9.88e-01	0.00e+00	0.00e+00	0.00e+00	0.00e+00	0.00e+00
 6.50402e+14	4.12e-23	3.48e-17	5.69e-12	9.22e-08	1.23e-04	1.32e-02	9.87e-01	0.00e+00	0.00e+00	0.00e+00	0.00e+00	0.00e+00
 6.74231e+14	6.22e-23	4.92e-17	7.54e-12	1.14e-07	1.41e-04	1.42e-02	9.86e-01	0.00e+00	0.00e+00	0.00e+00	0.00e+00	0.00e+00
 7.01230e+14	9.65e-23	7.13e-17	1.02e-11	1.44e-07	1.65e-04	1.54e-02	9.84e-01	0.00e+00	0.00e+00	0.00e+00	0.00e+00	0.00e+00
 7.27733e+14	1.48e-22	1.02e-16	1.36e-11	1.80e-07	1.91e-04	1.66e-02	9.83e-01	0.00e+00	0.00e+00	0.00e+00	0.00e+00	0.00e+00
 7.55295e+14	2.23e-22	1.45e-16	1.82e-11	2.24e-07	2.21e-04	1.80e-02	9.82e-01	0.00e+00	0.00e+00	0.00e+00	0.00e+00	0.00e+00
 7.85537e+14	3.45e-22	2.10e-16	2.46e-11	2.82e-07	2.59e-04	1.95e-02	9.80e-01	0.00e+00	0.00e+00	0.00e+00	0.00e+00	0.00e+00
 8.15384e+14	5.20e-22	2.97e-16	3.28e-11	3.52e-07	3.00e-04	2.10e-02	9.79e-01	0.00e+00	0.00e+00	0.00e+00	0.00e+00	0.00e+00
 8.40111e+14	7.23e-22	3.94e-16	4.13e-11	4.20e-07	3.37e-04	2.24e-02	9.77e-01	0.00e+00	0.00e+00	0.00e+00	0.00e+00	0.00e+00
 8.59974e+14	9.32e-22	4.89e-16	4.93e-11	4.82e-07	3.70e-04	2.35e-02	9.76e-01	0.00e+00	0.00e+00	0.00e+00	0.00e+00	0.00e+00
 8.81977e+14	1.23e-21	6.18e-16	5.99e-11	5.59e-07	4.08e-04	2.48e-02	9.75e-01	0.00e+00	0.00e+00	0.00e+00	0.00e+00	0.00e+00
 9.10581e+14	1.73e-21	8.30e-16	7.64e-11	6.75e-07	4.63e-04	2.65e-02	9.73e-01	0.00e+00	0.00e+00	0.00e+00	0.00e+00	0.00e+00
 9.41283e+14	2.47e-21	1.13e-15	9.84e-11	8.21e-07	5.28e-04	2.84e-02	9.71e-01	0.00e+00	0.00e+00	0.00e+00	0.00e+00	0.00e+00
 9.68563e+14	3.33e-21	1.46e-15	1.22e-10	9.72e-07	5.90e-04	3.02e-02	9.69e-01	0.00e+00	0.00e+00	0.00e+00	0.00e+00	0.00e+00
 9.97877e+14	4.58e-21	1.92e-15	1.53e-10	1.16e-06	6.64e-04	3.21e-02	9.67e-01	0.00e+00	0.00e+00	0.00e+00	0.00e+00	0.00e+00
 1.03475e+15	6.70e-21	2.67e-15	2.02e-10	1.43e-06	7.65e-04	3.47e-02	9.65e-01	0.00e+00	0.00e+00	0.00e+00	0.00e+00	0.00e+00
 1.07213e+15	9.69e-21	3.68e-15	2.64e-10	1.77e-06	8.80e-04	3.74e-02	9.62e-01	0.00e+00	0.00e+00	0.00e+00	0.00e+00	0.00e+00
 1.10426e+15	1.32e-20	4.80e-15	3.29e-10	2.10e-06	9.87e-04	3.98e-02	9.59e-01	0.00e+00	0.00e+00	0.00e+00	0.00e+00	0.00e+00
 1.13889e+15	1.80e-20	6.32e-15	4.15e-10	2.52e-06	1.11e-03	4.25e-02	9.56e-01	0.00e+00	0.00e+00	0.00e+00	0.00e+00	0.00e+00
 1.18164e+15	2.63e-20	8.79e-15	5.48e-10	3.13e-06	1.29e-03	4.60e-02	9.53e-01	0.00e+00	0.00e+00	0.00e+00	0.00e+00	0.00e+00
 1.22520e+15	3.80e-20	1.21e-14	7.20e-10	3.87e-06	1.48e-03	4.97e-02	9.49e-01	0.00e+00	0.00e+00	0.00e+00	0.00e+00	0.00e+00
 1.26391e+15	5.20e-20	1.60e-14	9.09e-10	4.64e-06	1.67e-03	5.31e-02	9.45e-01	0.00e+00	0.00e+00	0.00e+00	0.00e+00	0.00e+00
 1.30608e+15	7.20e-20	2.13e-14	1.16e-09	5.63e-06	1.89e-03	5.70e-02	9.41e-01	0.00e+00	0.00e+00	0.00e+00	0.00e+00	0.00e+00
 1.35653e+15	1.06e-19	2.99e-14	1.54e-09	7.03e-06	2.19e-03	6.18e-02	9.36e-01	0.00e+00	0.00e+00	0.00e+00	0.00e+00	0.00e+00
 1.40637e+15	1.51e-19	4.11e-14	2.02e-09	8.68e-06	2.52e-03	6.67e-02	9.31e-01	0.00e+00	0.00e+00	0.00e+00	0.00e+00	0.00e+00
 1.45119e+15	2.06e-19	5.42e-14	2.56e-09	1.04e-05	2.84e-03	7.13e-02	9.26e-01	0.00e+00	0.00e+00	0.00e+00	0.00e+00	0.00e+00
 1.50087e+15	2.88e-19	7.31e-14	3.29e-09	1.27e-05	3.23e-03	7.66e-02	9.20e-01	0.00e+00	0.00e+00	0.00e+00	0.00e+00	0.00e+00
 1.55954e+15	4.22e-19	1.03e-13	4.38e-09	1.59e-05	3.74e-03	8.30e-02	9.13e-01	0.00e+00	0.00e+00	0.00e+00	0.00e+00	0.00e+00
 1.61751e+15	6.06e-19	1.42e-13	5.77e-09	1.96e-05	4.29e-03	8.95e-02	9.06e-01	0.00e+00	0.00e+00	0.00e+00	0.00e+00	0.00e+00
 1.67107e+15	8.37e-19	1.89e-13	7.36e-09	2.37e-05	4.85e-03	9.58e-02	8.99e-01	0.00e+00	0.00e+00	0.00e+00	0.00e+00	0.00e+00
 1.73121e+15	1.19e-18	2.59e-13	9.60e-09	2.91e-05	5.54e-03	1.03e-01	8.91e-01	0.00e+00	0.00e+00	0.00e+00	0.00e+00	0.00e+00
 1.80049e+15	1.76e-18	3.68e-13	1.29e-08	3.65e-05	6.42e-03	1.12e-01	8.82e-01	0.00e+00	0.00e+00	0.00e+00	0.00e+00	0.00e+00
 1.86829e+15	2.55e-18	5.13e-13	1.71e-08	4.52e-05	7.37e-03	1.20e-01	8.72e-01	0.00e+00	0.00e+00	0.00e+00	0.00e+00	0.00e+00
 1.93881e+15	3.69e-18	7.16e-13	2.25e-08	5.60e-05	8.45e-03	1.30e-01	8.62e-01	0.00e+00	0.00e+00	0.00e+00	0.00e+00	0.00e+00
 2.01639e+15	5.48e-18	1.02e-12	3.03e-08	7.02e-05	9.76e-03	1.40e-01	8.50e-01	0.00e+00	0.00e+00	0.00e+00	0.00e+00	0.00e+00
 2.08201e+15	7.57e-18	1.36e-12	3.86e-08	8.43e-05	1.10e-02	1.49e-01	8.40e-01	0.00e+00	0.00e+00	0.00e+00	0.00e+00	0.00e+00
 2.13004e+15	9.54e-18	1.67e-12	4.58e-08	9.60e-05	1.19e-02	1.56e-01	8.32e-01	0.00e+00	0.00e+00	0.00e+00	0.00e+00	0.00e+00
 2.18051e+15	1.21e-17	2.07e-12	5.47e-08	1.10e-04	1.30e-02	1.63e-01	8.24e-01	0.00e+00	0.00e+00	0.00e+00	0.00e+00	0.00e+00
 2.24612e+15	1.64e-17	2.71e-12	6.85e-08	1.30e-04	1.44e-02	1.72e-01	8.13e-01	0.00e+00	0.00e+00	0.00e+00	0.00e+00	0.00e+00
 2.31842e+15	2.31e-17	3.63e-12	8.70e-08	1.55e-04	1.62e-02	1.82e-01	8.01e-01	0.00e+00	0.00e+00	1.33e-17	6.94e-18	2.38e-18
 2.38528e+15	3.08e-17	4.70e-12	1.08e-07	1.82e-04	1.79e-02	1.92e-01	7.90e-01	0.00e+00	0.00e+00	1.77e-17	9.33e-18	3.18e-18
 2.45808e+15	4.21e-17	6.19e-12	1.35e-07	2.16e-04	1.99e-02	2.03e-01	7.77e-01	0.00e+00	0.00e+00	2.42e-17	1.27e-17	4.32e-18
 2.53992e+15	5.93e-17	8.38e-12	1.73e-07	2.60e-04	2.23e-02	2.15e-01	7.63e-01	0.00e+00	0.00e+00	3.41e-17	1.79e-17	6.07e-18
 2.61770e+15	8.09e-17	1.10e-11	2.17e-07	3.07e-04	2.48e-02	2.26e-01	7.49e-01	0.00e+00	0.00e+00	4.66e-17	2.44e-17	8.25e-18
 2.70300e+15	1.13e-16	1.48e-11	2.76e-07	3.67e-04	2.77e-02	2.38e-01	7.34e-01	0.00e+00	0.00e+00	6.52e-17	3.41e-17	1.15e-17
 2.79869e+15	1.64e-16	2.05e-11	3.59e-07	4.45e-04	3.12e-02	2.52e-01	7.16e-01	0.00e+00	0.00e+00	9.43e-17	4.93e-17	1.66e-17
 2.88971e+15	2.29e-16	2.75e-11	4.56e-07	5.30e-04	3.47e-02	2.65e-01	6.99e-01	0.00e+00	0.00e+00	1.32e-16	6.89e-17	2.31e-17
 2.98986e+15	3.28e-16	3.76e-11	5.88e-07	6.38e-04	3.89e-02	2.80e-01	6.81e-01	0.00e+00	0.00e+00	1.89e-16	9.90e-17	3.32e-17
 3.10198e+15	4.87e-16	5.29e-11	7.75e-07	7.79e-04	4.39e-02	2.95e-01	6.60e-01	0.00e+00	0.00e+00	2.81e-16	1.47e-16	4.91e-17
 3.20736e+15	6.94e-16	7.19e-11	9.92e-07	9.31e-04	4.89e-02	3.10e-01	6.40e-01	0.00e+00	0.00e+00	4.01e-16	2.09e-16	6.98e-17
 3.32208e+15	1.01e-15	9.93e-11	1.29e-06	1.12e-03	5.48e-02	3.25e-01	6.19e-01	0.00e+00	0.00e+00	5.85e-16	3.05e-16	1.02e-16
 3.45005e+15	1.52e-15	1.41e-10	1.70e-06	1.37e-03	6.17e-02	3.42e-01	5.95e-01	0.00e+00	0.00e+00	8.79e-16	4.59e-16	1.53e-16
 3.56990e+15	2.19e-15	1.92e-10	2.18e-06	1.64e-03	6.86e-02	3.56e-01	5.73e-01	0.00e+00	0.00e+00	1.27e-15	6.61e-16	2.19e-16
 3.69917e+15	3.22e-15	2.66e-10	2.82e-06	1.97e-03	7.64e-02	3.71e-01	5.50e-01	0.00e+00	0.00e+00	1.86e-15	9.72e-16	3.22e-16
 3.84372e+15	4.87e-15	3.76e-10	3.72e-06	2.39e-03	8.56e-02	3.88e-01	5.24e-01	0.00e+00	0.00e+00	2.81e-15	1.47e-15	4.86e-16
 3.98239e+15	7.15e-15	5.19e-10	4.80e-06	2.86e-03	9.50e-02	4.02e-01	5.00e-01	0.00e+00	0.00e+00	4.14e-15	2.16e-15	7.13e-16
 4.13005e+15	1.06e-14	7.20e-10	6.22e-06	3.43e-03	1.05e-01	4.16e-01	4.75e-01	0.00e+00	0.00e+00	6.13e-15	3.20e-15	1.05e-15
 4.29529e+15	1.62e-14	1.02e-09	8.21e-06	4.15e-03	1.18e-01	4.30e-01	4.48e-01	0.00e+00	0.00e+00	9.35e-15	4.88e-15	1.61e-15
 4.43391e+15	2.27e-14	1.36e-09	1.03e-05	4.85e-03	1.28e-01	4.41e-01	4.26e-01	0.00e+00	0.00e+00	1.31e-14	6.86e-15	2.26e-15
 4.53315e+15	2.87e-14	1.65e-09	1.20e-05	5.39e-03	1.36e-01	4.48e-01	4.11e-01	0.00e+00	0.00e+00	1.66e-14	8.69e-15	2.86e-15
 4.63628e+15	3.66e-14	2.01e-09	1.40e-05	6.00e-03	1.44e-01	4.55e-01	3.95e-01	0.00e+00	0.00e+00	2.12e-14	1.11e-14	3.65e-15
 4.77036e+15	4.98e-14	2.58e-09	1.70e-05	6.85e-03	1.55e-01	4.63e-01	3.75e-01	0.00e+00	0.00e+00	2.88e-14	1.50e-14	4.95e-15
 4.91997e+15	6.93e-14	3.38e-09	2.10e-05	7.91e-03	1.68e-01	4.70e-01	3.54e-01	0.00e+00	0.00e+00	4.01e-14	2.09e-14	6.88e-15
 5.05981e+15	9.30e-14	4.29e-09	2.54e-05	8.99e-03	1.80e-01	4.76e-01	3.35e-01	0.00e+00	0.00e+00	5.39e-14	2.81e-14	9.24e-15
 5.21161e+15	1.28e-13	5.54e-09	3.10e-05	1.03e-02	1.93e-01	4.81e-01	3.16e-01	0.00e+00	0.00e+00	7.40e-14	3.86e-14	1.27e-14
 5.38150e+15	1.80e-13	7.30e-09	3.84e-05	1.19e-02	2.07e-01	4.86e-01	2.95e-01	0.00e+00	0.00e+00	1.04e-13	5.45e-14	1.79e-14
 5.54190e+15	2.46e-13	9.38e-09	4.66e-05	1.35e-02	2.22e-01	4.89e-01	2.76e-01	0.00e+00	0.00e+00	1.43e-13	7.46e-14	2.44e-14
 5.71741e+15	3.45e-13	1.23e-08	5.73e-05	1.54e-02	2.37e-01	4.91e-01	2.57e-01	0.00e+00	0.00e+00	2.00e-13	1.04e-13	3.42e-14
 5.91336e+15	4.93e-13	1.63e-08	7.13e-05	1.78e-02	2.55e-01	4.91e-01	2.36e-01	0.00e+00	0.00e+00	2.86e-13	1.49e-13	4.88e-14
 6.09845e+15	6.83e-13	2.11e-08	8.70e-05	2.03e-02	2.71e-01	4.90e-01	2.19e-01	0.00e+00	0.00e+00	3.96e-13	2.07e-13	6.76e-14
 6.30162e+15	9.69e-13	2.78e-08	1.07e-04	2.32e-02	2.89e-01	4.87e-01	2.00e-01	0.00e+00	0.00e+00	5.62e-13	2.94e-13	9.59e-14
 6.52532e+15	1.40e-12	3.71e-08	1.34e-04	2.67e-02	3.08e-01	4.83e-01	1.82e-01	0.00e+00	0.00e+00	8.10e-13	4.23e-13	1.38e-13
 6.73260e+15	1.94e-12	4.79e-08	1.63e-04	3.03e-02	3.26e-01	4.78e-01	1.66e-01	0.00e+00	0.00e+00	1.12e-12	5.87e-13	1.91e-13
 6.95899e+15	2.75e-12	6.29e-08	2.00e-04	3.44e-02	3.45e-01	4.70e-01	1.50e-01	0.00e+00	0.00e+00	1.59e-12	8.33e-13	2.72e-13
 7.20838e+15	3.96e-12	8.38e-08	2.49e-04	3.94e-02	3.65e-01	4.61e-01	1.34e-01	0.00e+00	0.00e+00	2.30e-12	1.20e-12	3.91e-13
 7.43756e+15	5.45e-12	1.07e-07	3.02e-04	4.43e-02	3.83e-01	4.51e-01	1.21e-01	0.00e+00	0.00e+00	3.16e-12	1.65e-12	5.38e-13
 7.68537e+15	7.68e-12	1.40e-07	3.69e-04	5.01e-02	4.02e-01	4.39e-01	1.08e-01	0.00e+00	0.00e+00	4.46e-12	2.33e-12	7.59e-13
 7.96031e+15	1.10e-11	1.85e-07	4.55e-04	5.68e-02	4.21e-01	4.26e-01	9.56e-02	0.00e+00	0.00e+00	6.37e-12	3.33e-12	1.08e-12
 8.21052e+15	1.50e-11	2.36e-07	5.48e-04	6.34e-02	4.38e-01	4.12e-01	8.53e-02	0.00e+00	0.00e+00	8.69e-12	4.54e-12	1.48e-12
 8.43937e+15	1.98e-11	2.93e-07	6.45e-04	6.99e-02	4.53e-01	4.00e-01	7.67e-02	0.00e+00	0.00e+00	1.15e-11	5.99e-12	1.95e-12
 8.65715e+15	2.55e-11	3.57e-07	7.50e-04	7.63e-02	4.66e-01	3.87e-01	6.94e-02	0.00e+00	0.00e+00	1.48e-11	7.73e-12	2.51e-12
 8.89697e+15	3.37e-11	4.43e-07	8.83e-04	8.37e-02	4.80e-01	3.74e-01	6.20e-02	0.00e+00	0.00e+00	1.96e-11	1.02e-11	3.33e-12
 9.15406e+15	4.48e-11	5.52e-07	1.04e-03	9.21e-02	4.93e-01	3.59e-01	5.50e-02	0.00e+00	0.00e+00	2.60e-11	1.36e-11	4.41e-12
 9.38618e+15	5.72e-11	6.69e-07	1.21e-03	1.00e-01	5.04e-01	3.45e-01	4.93e-02	0.00e+00	0.00e+00	3.32e-11	1.74e-11	5.64e-12
 9.64050e+15	7.51e-11	8.24e-07	1.41e-03	1.09e-01	5.16e-01	3.30e-01	4.37e-02	0.00e+00	0.00e+00	4.36e-11	2.28e-11	7.40e-12
 9.91996e+15	9.93e-11	1.02e-06	1.67e-03	1.20e-01	5.27e-01	3.14e-01	3.83e-02	0.00e+00	0.00e+00	5.77e-11	3.02e-11	9.79e-12
 1.01822e+16	1.28e-10	1.25e-06	1.94e-03	1.30e-01	5.36e-01	2.99e-01	3.38e-02	0.00e+00	0.00e+00	7.44e-11	3.89e-11	1.26e-11
 1.04734e+16	1.71e-10	1.56e-06	2.30e-03	1.42e-01	5.45e-01	2.82e-01	2.93e-02	0.00e+00	0.00e+00	9.94e-11	5.20e-11	1.69e-11
 1.07877e+16	2.28e-10	1.95e-06	2.73e-03	1.55e-01	5.52e-01	2.65e-01	2.52e-02	0.00e+00	0.00e+00	1.33e-10	6.94e-11	2.25e-11
 1.10772e+16	2.95e-10	2.39e-06	3.18e-03	1.68e-01	5.58e-01	2.49e-01	2.19e-02	0.00e+00	0.00e+00	1.72e-10	8.98e-11	2.91e-11
 1.13509e+16	3.74e-10	2.87e-06	3.67e-03	1.81e-01	5.62e-01	2.35e-01	1.92e-02	0.00e+00	0.00e+00	2.17e-10	1.14e-10	3.69e-11
 1.16589e+16	4.95e-10	3.56e-06	4.32e-03	1.96e-01	5.65e-01	2.19e-01	1.64e-02	0.00e+00	0.00e+00	2.88e-10	1.51e-10	4.89e-11
 1.19896e+16	6.52e-10	4.42e-06	5.10e-03	2.12e-01	5.66e-01	2.03e-01	1.39e-02	0.00e+00	0.00e+00	3.79e-10	1.98e-10	6.44e-11
 1.22822e+16	8.24e-10	5.32e-06	5.89e-03	2.27e-01	5.66e-01	1.89e-01	1.20e-02	0.00e+00	0.00e+00	4.79e-10	2.51e-10	8.14e-11
 1.25947e+16	1.07e-09	6.52e-06	6.87e-03	2.44e-01	5.64e-01	1.75e-01	1.03e-02	0.00e+00	0.00e+00	6.23e-10	3.26e-10	1.06e-10
 1.29352e+16	1.41e-09	8.10e-06	8.11e-03	2.63e-01	5.60e-01	1.60e-01	8.59e-03	0.00e+00	0.00e+00	8.22e-10	4.31e-10	1.40e-10
 1.32402e+16	1.79e-09	9.74e-06	9.37e-03	2.80e-01	5.56e-01	1.48e-01	7.35e-03	0.00e+00	0.00e+00	1.04e-09	5.45e-10	1.77e-10
 1.35072e+16	2.20e-09	1.15e-05	1.06e-02	2.95e-01	5.50e-01	1.38e-01	6.39e-03	0.00e+00	0.00e+00	1.28e-09	6.71e-10	2.18e-10
 1.37967e+16	2.79e-09	1.38e-05	1.22e-02	3.13e-01	5.43e-01	1.27e-01	5.46e-03	0.00e+00	0.00e+00	1.62e-09	8.50e-10	2.76e-10
 1.41102e+16	3.59e-09	1.68e-05	1.42e-02	3.32e-01	5.34e-01	1.16e-01	4.60e-03	0.00e+00	0.00e+00	2.09e-09	1.09e-09	3.56e-10
 1.43870e+16	4.41e-09	1.98e-05	1.62e-02	3.49e-01	5.24e-01	1.07e-01	3.96e-03	0.00e+00	0.00e+00	2.56e-09	1.34e-09	4.37e-10
 1.46365e+16	5.39e-09	2.31e-05	1.83e-02	3.65e-01	5.15e-01	9.85e-02	3.44e-03	0.00e+00	0.00e+00	3.14e-09	1.64e-09	5.34e-10
 1.49190e+16	6.87e-09	2.79e-05	2.10e-02	3.84e-01	5.03e-01	8.98e-02	2.91e-03	0.00e+00	0.00e+00	4.00e-09	2.09e-09	6.81e-10
 1.52188e+16	8.85e-09	3.39e-05	2.44e-02	4.03e-01	4.89e-01	8.11e-02	2.44e-03	0.00e+00	0.00e+00	5.15e-09	2.70e-09	8.78e-10
 1.54748e+16	1.09e-08	4.00e-05	2.77e-02	4.20e-01	4.76e-01	7.42e-02	2.10e-03	0.00e+00	0.00e+00	6.34e-09	3.33e-09	1.08e-09
 1.57045e+16	1.33e-08	4.68e-05	3.12e-02	4.36e-01	4.63e-01	6.82e-02	1.82e-03	0.00e+00	0.00e+00	7.74e-09	4.06e-09	1.32e-09
 1.59663e+16	1.68e-08	5.61e-05	3.59e-02	4.54e-01	4.47e-01	6.16e-02	1.53e-03	0.00e+00	0.00e+00	9.77e-09	5.13e-09	1.67e-09
 1.62453e+16	2.20e-08	6.88e-05	4.18e-02	4.73e-01	4.29e-01	5.50e-02	1.27e-03	0.00e+00	0.00e+00	1.28e-08	6.70e-09	2.18e-09
 1.64812e+16	2.72e-08	8.15e-05	4.76e-02	4.88e-01	4.13e-01	4.99e-02	1.08e-03	0.00e+00	0.00e+00	1.58e-08	8.32e-09	2.71e-09
 1.66860e+16	3.33e-08	9.54e-05	5.36e-02	5.02e-01	3.98e-01	4.55e-02	9.36e-04	0.00e+00	0.00e+00	1.94e-08	1.02e-08	3.31e-09
 1.69160e+16	4.03e-08	1.12e-04	6.14e-02	5.17e-01	3.80e-01	4.08e-02	7.90e-04	0.00e+00	0.00e+00	2.35e-08	1.23e-08	4.01e-09
 1.71656e+16	5.56e-08	1.41e-04	7.19e-02	5.32e-01	3.59e-01	3.59e-02	6.45e-04	0.00e+00	0.00e+00	3.23e-08	1.70e-08	5.54e-09
 1.73739e+16	6.96e-08	1.69e-04	8.21e-02	5.44e-01	3.41e-01	3.21e-02	5.44e-04	0.00e+00	0.00e+00	4.05e-08	2.13e-08	6.93e-09
 1.75446e+16	8.38e-08	1.96e-04	9.21e-02	5.53e-01	3.25e-01	2.91e-02	4.70e-04	0.00e+00	0.00e+00	4.88e-08	2.56e-08	8.36e-09
 1.77333e+16	1.02e-07	2.30e-04	1.05e-01	5.62e-01	3.06e-01	2.58e-02	3.95e-04	0.00e+00	0.00e+00	5.94e-08	3.12e-08	1.02e-08
 1.79390e+16	1.32e-07	2.80e-04	1.22e-01	5.70e-01	2.85e-01	2.25e-02	3.22e-04	0.00e+00	0.00e+00	7.68e-08	4.04e-08	1.32e-08
 1.81167e+16	1.81e-07	3.52e-04	1.41e-01	5.74e-01	2.65e-01	1.96e-02	2.63e-04	0.00e+00	0.00e+00	1.05e-07	5.53e-08	1.80e-08
 1.82579e+16	2.21e-07	4.10e-04	1.58e-01	5.76e-01	2.48e-01	1.75e-02	2.24e-04	0.00e+00	0.00e+00	1.28e-07	6.75e-08	2.20e-08
 1.84021e+16	2.61e-07	4.72e-04	1.78e-01	5.76e-01	2.30e-01	1.53e-02	1.88e-04	0.00e+00	0.00e+00	1.52e-07	7.99e-08	2.61e-08
 1.85895e+16	3.73e-07	6.13e-04	2.11e-01	5.71e-01	2.05e-01	1.26e-02	1.43e-04	0.00e+00	0.00e+00	2.17e-07	1.14e-07	3.73e-08
 1.87573e+16	4.94e-07	7.57e-04	2.46e-01	5.61e-01	1.82e-01	1.04e-02	1.10e-04	0.00e+00	0.00e+00	2.87e-07	1.51e-07	4.94e-08
 1.88630e+16	6.09e-07	8.82e-04	2.73e-01	5.51e-01	1.66e-01	9.08e-03	9.17e-05	0.00e+00	0.00e+00	3.54e-07	1.86e-07	6.10e-08
 1.89388e+16	7.00e-07	9.79e-04	2.94e-01	5.42e-01	1.55e-01	8.16e-03	7.97e-05	0.00e+00	0.00e+00	4.07e-07	2.14e-07	7.01e-08
 1.90120e+16	7.81e-07	1.07e-03	3.16e-01	5.32e-01	1.44e-01	7.30e-03	6.90e-05	0.00e+00	0.00e+00	4.54e-07	2.39e-07	7.82e-08
 1.91073e+16	9.84e-07	1.26e-03	3.49e-01	5.15e-01	1.29e-01	6.17e-03	5.53e-05	0.00e+00	0.00e+00	5.73e-07	3.01e-07	9.87e-08
 1.91963e+16	1.14e-06	1.41e-03	3.81e-01	4.97e-01	1.15e-01	5.27e-03	4.53e-05	0.00e+00	0.00e+00	6.60e-07	3.48e-07	1.14e-07
 1.92647e+16	1.38e-06	1.61e-03	4.10e-01	4.80e-01	1.05e-01	4.55e-03	3.74e-05	0.00e+00	0.00e+00	8.03e-07	4.23e-07	1.39e-07
 1.93245e+16	1.52e-06	1.73e-03	4.34e-01	4.64e-01	9.55e-02	4.01e-03	3.20e-05	0.00e+00	0.00e+00	8.83e-07	4.65e-07	1.52e-07
 1.93856e+16	1.75e-06	1.91e-03	4.63e-01	4.46e-01	8.59e-02	3.46e-03	2.65e-05	0.00e+00	0.00e+00	1.02e-06	5.35e-07	1.75e-07
 1.94649e+16	2.19e-06	2.22e-03	5.03e-01	4.19e-01	7.37e-02	2.78e-03	2.00e-05	0.00e+00	0.00e+00	1.27e-06	6.70e-07	2.20e-07
 1.95391e+16	2.56e-06	2.47e-03	5.39e-01	3.92e-01	6.35e-02	2.26e-03	1.55e-05	0.00e+00	0.00e+00	1.49e-06	7.83e-07	2.57e-07
 1.95941e+16	2.92e-06	2.71e-03	5.69e-01	3.71e-01	5.60e-02	1.90e-03	1.25e-05	0.00e+00	0.00e+00	1.70e-06	8.96e-07	2.95e-07
 1.96535e+16	3.38e-06	2.98e-03	6.01e-01	3.46e-01	4.82e-02	1.55e-03	9.69e-06	0.00e+00	0.00e+00	1.97e-06	1.04e-06	3.41e-07
 1.97199e+16	3.95e-06	3.30e-03	6.37e-01	3.18e-01	4.03e-02	1.22e-03	7.19e-06	0.00e+00	0.00e+00	2.30e-06	1.21e-06	3.99e-07
 1.97825e+16	4.56e-06	3.62e-03	6.70e-01	2.92e-01	3.36e-02	9.52e-04	5.33e-06	0.00e+00	0.00e+00	2.65e-06	1.40e-06	4.61e-07
 1.98418e+16	5.24e-06	3.96e-03	7.01e-01	2.66e-01	2.79e-02	7.41e-04	3.92e-06	0.00e+00	0.00e+00	3.05e-06	1.61e-06	5.31e-07
 1.99097e+16	6.14e-06	4.36e-03	7.36e-01	2.37e-01	2.21e-02	5.43e-04	2.68e-06	0.00e+00	0.00e+00	3.57e-06	1.88e-06	6.22e-07
 1.99826e+16	7.20e-06	4.80e-03	7.70e-01	2.08e-01	1.71e-02	3.84e-04	1.76e-06	0.00e+00	0.00e+00	4.19e-06	2.21e-06	7.31e-07
 2.00478e+16	8.29e-06	5.23e-03	7.98e-01	1.83e-01	1.33e-02	2.75e-04	1.17e-06	0.00e+00	0.00e+00	4.82e-06	2.55e-06	8.43e-07
 2.01185e+16	9.66e-06	5.71e-03	8.26e-01	1.58e-01	9.95e-03	1.86e-04	7.30e-07	0.00e+00	0.00e+00	5.62e-06	2.97e-06	9.84e-07
 2.01976e+16	1.13e-05	6.22e-03	8.53e-01	1.33e-01	7.18e-03	1.20e-04	0.00e+00	0.00e+00	0.00e+00	6.57e-06	3.47e-06	1.15e-06
