#depth	C	C+	C+2	C+3	C+4	C+5	C+6	C[1]	C[2]	C[3]	C+[1]	C+[2]	CO
 1.49634e+10	7.41e-45	7.96e-34	1.08e-23	3.27e-14	5.15e-04	5.76e-01	4.23e-01	0.00e+00	0.00e+00	0.00e+00	0.00e+00	0.00e+00	6.81e-143
 4.54887e+10	0.00e+00	1.13e-33	1.41e-23	3.96e-14	5.77e-04	5.96e-01	4.04e-01	0.00e+00	0.00e+00	0.00e+00	0.00e+00	0.00e+00	9.37e-209
 7.72350e+10	1.75e-44	1.61e-33	1.85e-23	4.80e-14	6.46e-04	6.15e-01	3.85e-01	0.00e+00	0.00e+00	0.00e+00	0.00e+00	0.00e+00	6.63e-142
 1.10251e+11	0.00e+00	2.28e-33	2.43e-23	5.81e-14	7.22e-04	6.33e-01	3.66e-01	0.00e+00	0.00e+00	0.00e+00	0.00e+00	0.00e+00	3.48e-208
 1.44588e+11	4.12e-44	3.23e-33	3.18e-23	7.03e-14	8.06e-04	6.51e-01	3.48e-01	0.00e+00	0.00e+00	0.00e+00	0.00e+00	0.00e+00	6.42e-141
 1.80298e+11	0.00e+00	4.57e-33	4.15e-23	8.49e-14	8.99e-04	6.69e-01	3.30e-01	0.00e+00	0.00e+00	0.00e+00	0.00e+00	0.00e+00	1.27e-207
 2.17437e+11	9.68e-44	6.46e-33	5.43e-23	1.02e-13	1.00e-03	6.86e-01	3.13e-01	0.00e+00	0.00e+00	0.00e+00	0.00e+00	0.00e+00	6.23e-140
 2.53903e+11	0.00e+00	8.96e-33	6.98e-23	1.22e-13	1.11e-03	7.02e-01	2.97e-01	0.00e+00	0.00e+00	0.00e+00	0.00e+00	0.00e+00	4.69e-207
 2.87930e+11	2.08e-43	1.20e-32	8.75e-23	1.43e-13	1.21e-03	7.16e-01	2.83e-01	0.00e+00	0.00e+00	0.00e+00	0.00e+00	0.00e+00	4.78e-139
 3.25475e+11	0.00e+00	1.64e-32	1.11e-22	1.69e-13	1.34e-03	7.30e-01	2.68e-01	0.00e+00	0.00e+00	0.00e+00	0.00e+00	0.00e+00	1.49e-206
 3.68421e+11	4.67e-43	2.32e-32	1.45e-22	2.04e-13	1.48e-03	7.46e-01	2.53e-01	0.00e+00	0.00e+00	0.00e+00	0.00e+00	0.00e+00	4.17e-138
 4.10922e+11	0.00e+00	3.22e-32	1.86e-22	2.43e-13	1.64e-03	7.60e-01	2.39e-01	0.00e+00	0.00e+00	0.00e+00	0.00e+00	0.00e+00	4.83e-206
 4.55124e+11	1.05e-42	4.46e-32	2.40e-22	2.89e-13	1.80e-03	7.73e-01	2.25e-01	0.00e+00	0.00e+00	0.00e+00	0.00e+00	0.00e+00	3.64e-137
 5.03256e+11	0.00e+00	6.29e-32	3.12e-22	3.47e-13	2.00e-03	7.87e-01	2.11e-01	0.00e+00	0.00e+00	0.00e+00	0.00e+00	0.00e+00	1.51e-205
 5.53313e+11	2.44e-42	8.86e-32	4.05e-22	4.16e-13	2.21e-03	8.00e-01	1.98e-01	0.00e+00	0.00e+00	0.00e+00	0.00e+00	0.00e+00	3.53e-136
 6.05372e+11	0.00e+00	1.25e-31	5.27e-22	4.99e-13	2.45e-03	8.12e-01	1.86e-01	0.00e+00	0.00e+00	0.00e+00	0.00e+00	0.00e+00	4.81e-205
 6.59514e+11	5.68e-42	1.76e-31	6.85e-22	5.97e-13	2.70e-03	8.23e-01	1.74e-01	0.00e+00	0.00e+00	0.00e+00	0.00e+00	0.00e+00	3.43e-135
 7.15821e+11	0.00e+00	2.47e-31	8.89e-22	7.16e-13	2.99e-03	8.35e-01	1.62e-01	0.00e+00	0.00e+00	0.00e+00	0.00e+00	0.00e+00	1.36e-204
 7.74381e+11	1.32e-41	3.48e-31	1.16e-21	8.57e-13	3.30e-03	8.45e-01	1.52e-01	0.00e+00	0.00e+00	0.00e+00	0.00e+00	0.00e+00	3.35e-134
 8.35283e+11	0.00e+00	4.91e-31	1.50e-21	1.03e-12	3.64e-03	8.55e-01	1.42e-01	0.00e+00	0.00e+00	0.00e+00	0.00e+00	0.00e+00	2.87e-204
 8.98621e+11	3.09e-41	6.91e-31	1.95e-21	1.23e-12	4.02e-03	8.64e-01	1.32e-01	0.00e+00	0.00e+00	0.00e+00	0.00e+00	0.00e+00	3.28e-133
 9.64492e+11	0.00e+00	9.74e-31	2.53e-21	1.47e-12	4.44e-03	8.73e-01	1.23e-01	0.00e+00	0.00e+00	0.00e+00	0.00e+00	0.00e+00	0.00e+00
 1.03300e+12	7.21e-41	1.37e-30	3.29e-21	1.76e-12	4.89e-03	8.81e-01	1.14e-01	0.00e+00	0.00e+00	0.00e+00	0.00e+00	0.00e+00	3.24e-132
 1.09759e+12	0.00e+00	1.87e-30	4.18e-21	2.08e-12	5.35e-03	8.88e-01	1.07e-01	0.00e+00	0.00e+00	0.00e+00	0.00e+00	0.00e+00	0.00e+00
 1.15562e+12	1.48e-40	2.46e-30	5.14e-21	2.39e-12	5.78e-03	8.93e-01	1.01e-01	0.00e+00	0.00e+00	0.00e+00	0.00e+00	0.00e+00	2.26e-131
 1.22085e+12	0.00e+00	3.31e-30	6.44e-21	2.79e-12	6.28e-03	8.99e-01	9.46e-02	0.00e+00	0.00e+00	0.00e+00	0.00e+00	0.00e+00	0.00e+00
 1.29784e+12	3.25e-40	4.64e-30	8.34e-21	3.33e-12	6.91e-03	9.05e-01	8.79e-02	0.00e+00	0.00e+00	0.00e+00	0.00e+00	0.00e+00	1.88e-130
 1.37467e+12	0.00e+00	6.42e-30	1.07e-20	3.95e-12	7.58e-03	9.11e-01	8.18e-02	0.00e+00	0.00e+00	0.00e+00	0.00e+00	0.00e+00	0.00e+00
 1.44707e+12	7.01e-40	8.63e-30	1.34e-20	4.61e-12	8.23e-03	9.15e-01	7.66e-02	0.00e+00	0.00e+00	0.00e+00	0.00e+00	0.00e+00	1.49e-129
 1.52738e+12	0.00e+00	1.19e-29	1.71e-20	5.44e-12	9.00e-03	9.20e-01	7.14e-02	0.00e+00	0.00e+00	0.00e+00	0.00e+00	0.00e+00	0.00e+00
 1.61840e+12	1.60e-39	1.68e-29	2.22e-20	6.53e-12	9.93e-03	9.24e-01	6.60e-02	0.00e+00	0.00e+00	0.00e+00	0.00e+00	0.00e+00	1.37e-128
 1.70936e+12	0.00e+00	2.35e-29	2.87e-20	7.78e-12	1.09e-02	9.28e-01	6.11e-02	0.00e+00	0.00e+00	0.00e+00	0.00e+00	0.00e+00	0.00e+00
 1.80395e+12	3.68e-39	3.29e-29	3.71e-20	9.27e-12	1.20e-02	9.31e-01	5.66e-02	0.00e+00	0.00e+00	0.00e+00	0.00e+00	0.00e+00	1.28e-127
 1.90604e+12	0.00e+00	4.68e-29	4.85e-20	1.11e-11	1.32e-02	9.35e-01	5.22e-02	0.00e+00	0.00e+00	0.00e+00	0.00e+00	0.00e+00	0.00e+00
 2.01221e+12	8.79e-39	6.65e-29	6.34e-20	1.34e-11	1.46e-02	9.37e-01	4.81e-02	0.00e+00	0.00e+00	0.00e+00	0.00e+00	0.00e+00	1.32e-126
 2.11281e+12	0.00e+00	9.16e-29	8.11e-20	1.58e-11	1.59e-02	9.39e-01	4.46e-02	0.00e+00	0.00e+00	0.00e+00	0.00e+00	0.00e+00	0.00e+00
 2.20409e+12	1.86e-38	1.22e-28	1.01e-19	1.83e-11	1.72e-02	9.41e-01	4.18e-02	0.00e+00	0.00e+00	0.00e+00	0.00e+00	0.00e+00	9.81e-126
 2.30713e+12	0.00e+00	1.66e-28	1.27e-19	2.15e-11	1.87e-02	9.42e-01	3.88e-02	0.00e+00	0.00e+00	0.00e+00	0.00e+00	0.00e+00	0.00e+00
 2.42765e+12	4.21e-38	2.35e-28	1.66e-19	2.58e-11	2.06e-02	9.44e-01	3.57e-02	0.00e+00	0.00e+00	0.00e+00	0.00e+00	0.00e+00	8.77e-125
 2.54704e+12	0.00e+00	3.29e-28	2.15e-19	3.07e-11	2.26e-02	9.44e-01	3.30e-02	0.00e+00	0.00e+00	0.00e+00	0.00e+00	0.00e+00	0.00e+00
 2.65999e+12	9.34e-38	4.48e-28	2.72e-19	3.60e-11	2.46e-02	9.45e-01	3.06e-02	0.00e+00	0.00e+00	0.00e+00	0.00e+00	0.00e+00	7.35e-124
 2.78510e+12	0.00e+00	6.22e-28	3.49e-19	4.27e-11	2.69e-02	9.45e-01	2.83e-02	0.00e+00	0.00e+00	0.00e+00	0.00e+00	0.00e+00	0.00e+00
 2.92643e+12	2.19e-37	8.92e-28	4.59e-19	5.15e-11	2.97e-02	9.44e-01	2.59e-02	0.00e+00	0.00e+00	0.00e+00	0.00e+00	0.00e+00	7.15e-123
 3.06701e+12	0.00e+00	1.25e-27	5.96e-19	6.14e-11	3.25e-02	9.44e-01	2.38e-02	0.00e+00	0.00e+00	0.00e+00	0.00e+00	0.00e+00	0.00e+00
 3.21321e+12	5.16e-37	1.78e-27	7.78e-19	7.36e-11	3.57e-02	9.42e-01	2.18e-02	0.00e+00	0.00e+00	0.00e+00	0.00e+00	0.00e+00	6.99e-122
 3.37166e+12	0.00e+00	2.56e-27	1.03e-18	8.88e-11	3.94e-02	9.41e-01	1.99e-02	0.00e+00	0.00e+00	0.00e+00	0.00e+00	0.00e+00	0.00e+00
 3.53272e+12	1.25e-36	3.65e-27	1.35e-18	1.07e-10	4.33e-02	9.38e-01	1.82e-02	0.00e+00	0.00e+00	0.00e+00	0.00e+00	0.00e+00	7.41e-121
 3.70021e+12	0.00e+00	5.18e-27	1.76e-18	1.28e-10	4.75e-02	9.36e-01	1.67e-02	0.00e+00	0.00e+00	0.00e+00	0.00e+00	0.00e+00	0.00e+00
 3.87117e+12	3.01e-36	7.39e-27	2.31e-18	1.54e-10	5.22e-02	9.33e-01	1.52e-02	0.00e+00	0.00e+00	0.00e+00	0.00e+00	0.00e+00	7.55e-120
 4.04896e+12	0.00e+00	1.05e-26	3.02e-18	1.84e-10	5.72e-02	9.29e-01	1.39e-02	0.00e+00	0.00e+00	0.00e+00	0.00e+00	0.00e+00	0.00e+00
 4.24085e+12	7.30e-36	1.51e-26	3.99e-18	2.23e-10	6.30e-02	9.24e-01	1.26e-02	0.00e+00	0.00e+00	0.00e+00	0.00e+00	0.00e+00	7.94e-119
 4.44041e+12	0.00e+00	2.18e-26	5.28e-18	2.69e-10	6.93e-02	9.19e-01	1.14e-02	0.00e+00	0.00e+00	0.00e+00	0.00e+00	0.00e+00	0.00e+00
 4.64795e+12	1.81e-35	3.14e-26	6.99e-18	3.25e-10	7.61e-02	9.14e-01	1.04e-02	0.00e+00	0.00e+00	0.00e+00	0.00e+00	0.00e+00	8.75e-118
 4.86380e+12	0.00e+00	4.53e-26	9.25e-18	3.92e-10	8.36e-02	9.07e-01	9.38e-03	0.00e+00	0.00e+00	0.00e+00	0.00e+00	0.00e+00	0.00e+00
 5.08828e+12	4.46e-35	6.53e-26	1.22e-17	4.73e-10	9.17e-02	9.00e-01	8.48e-03	0.00e+00	0.00e+00	0.00e+00	0.00e+00	0.00e+00	9.60e-117
 5.29139e+12	0.00e+00	8.99e-26	1.56e-17	5.59e-10	9.95e-02	8.93e-01	7.75e-03	0.00e+00	0.00e+00	0.00e+00	0.00e+00	0.00e+00	0.00e+00
 5.46057e+12	9.06e-35	1.16e-25	1.90e-17	6.36e-10	1.06e-01	8.87e-01	7.22e-03	0.00e+00	0.00e+00	0.00e+00	0.00e+00	0.00e+00	6.29e-116
 5.64574e+12	1.27e-34	1.53e-25	2.34e-17	7.33e-10	1.14e-01	8.80e-01	6.67e-03	0.00e+00	0.00e+00	0.00e+00	0.00e+00	0.00e+00	3.38e-98
 5.88037e+12	1.92e-34	2.13e-25	3.03e-17	8.71e-10	1.23e-01	8.71e-01	6.05e-03	0.00e+00	0.00e+00	0.00e+00	0.00e+00	0.00e+00	0.00e+00
 6.12508e+12	2.91e-34	2.98e-25	3.92e-17	1.04e-09	1.34e-01	8.61e-01	5.48e-03	0.00e+00	0.00e+00	0.00e+00	0.00e+00	0.00e+00	1.38e-114
 6.34165e+12	4.14e-34	3.96e-25	4.88e-17	1.20e-09	1.44e-01	8.51e-01	5.03e-03	0.00e+00	0.00e+00	0.00e+00	0.00e+00	0.00e+00	4.73e-97
 6.54465e+12	5.69e-34	5.13e-25	5.95e-17	1.37e-09	1.53e-01	8.42e-01	4.65e-03	0.00e+00	0.00e+00	0.00e+00	0.00e+00	0.00e+00	2.64e-277
 6.77731e+12	8.10e-34	6.83e-25	7.41e-17	1.59e-09	1.64e-01	8.32e-01	4.25e-03	0.00e+00	0.00e+00	0.00e+00	0.00e+00	0.00e+00	2.11e-113
 7.06195e+12	1.23e-33	9.56e-25	9.61e-17	1.88e-09	1.77e-01	8.19e-01	3.82e-03	0.00e+00	0.00e+00	0.00e+00	0.00e+00	0.00e+00	5.39e-96
 7.34461e+12	1.82e-33	1.32e-24	1.23e-16	2.22e-09	1.91e-01	8.05e-01	3.45e-03	0.00e+00	0.00e+00	0.00e+00	0.00e+00	0.00e+00	0.00e+00
 7.59083e+12	2.54e-33	1.72e-24	1.51e-16	2.55e-09	2.03e-01	7.93e-01	3.16e-03	0.00e+00	0.00e+00	0.00e+00	0.00e+00	0.00e+00	4.45e-112
 7.85923e+12	3.59e-33	2.28e-24	1.87e-16	2.94e-09	2.17e-01	7.80e-01	2.88e-03	0.00e+00	0.00e+00	0.00e+00	0.00e+00	0.00e+00	5.95e-95
 8.18612e+12	5.37e-33	3.16e-24	2.41e-16	3.47e-09	2.34e-01	7.64e-01	2.57e-03	0.00e+00	0.00e+00	0.00e+00	0.00e+00	0.00e+00	3.35e-111
 8.51893e+12	7.96e-33	4.34e-24	3.08e-16	4.08e-09	2.51e-01	7.47e-01	2.30e-03	0.00e+00	0.00e+00	0.00e+00	0.00e+00	0.00e+00	3.56e-94
 8.82429e+12	1.12e-32	5.74e-24	3.82e-16	4.71e-09	2.67e-01	7.31e-01	2.08e-03	0.00e+00	0.00e+00	0.00e+00	0.00e+00	0.00e+00	2.47e-110
 9.16408e+12	1.62e-32	7.72e-24	4.80e-16	5.47e-09	2.84e-01	7.14e-01	1.87e-03	0.00e+00	0.00e+00	0.00e+00	0.00e+00	0.00e+00	1.78e-93
 9.55823e+12	2.44e-32	1.07e-23	6.18e-16	6.45e-09	3.04e-01	6.94e-01	1.66e-03	0.00e+00	0.00e+00	0.00e+00	0.00e+00	0.00e+00	2.04e-109
 9.94804e+12	3.57e-32	1.46e-23	7.84e-16	7.53e-09	3.24e-01	6.74e-01	1.47e-03	0.00e+00	0.00e+00	0.00e+00	0.00e+00	0.00e+00	1.06e-92
 1.03226e+13	5.07e-32	1.94e-23	9.74e-16	8.67e-09	3.43e-01	6.55e-01	1.32e-03	0.00e+00	0.00e+00	0.00e+00	0.00e+00	0.00e+00	1.54e-108
 1.07346e+13	7.32e-32	2.61e-23	1.22e-15	1.01e-08	3.64e-01	6.35e-01	1.17e-03	0.00e+00	0.00e+00	0.00e+00	0.00e+00	0.00e+00	5.48e-92
 1.11939e+13	1.08e-31	3.58e-23	1.56e-15	1.17e-08	3.87e-01	6.12e-01	1.03e-03	0.00e+00	0.00e+00	0.00e+00	0.00e+00	0.00e+00	1.27e-107
 1.16576e+13	1.57e-31	4.84e-23	1.96e-15	1.36e-08	4.09e-01	5.90e-01	9.06e-04	0.00e+00	0.00e+00	0.00e+00	0.00e+00	0.00e+00	3.19e-91
 1.20755e+13	2.17e-31	6.27e-23	2.39e-15	1.54e-08	4.29e-01	5.71e-01	8.11e-04	0.00e+00	0.00e+00	0.00e+00	0.00e+00	0.00e+00	9.02e-107
 1.24298e+13	2.82e-31	7.74e-23	2.80e-15	1.71e-08	4.45e-01	5.55e-01	7.39e-04	0.00e+00	0.00e+00	0.00e+00	0.00e+00	0.00e+00	1.24e-90
 1.28114e+13	3.71e-31	9.63e-23	3.31e-15	1.90e-08	4.62e-01	5.38e-01	6.71e-04	0.00e+00	0.00e+00	0.00e+00	0.00e+00	0.00e+00	4.13e-106
 1.33026e+13	5.20e-31	1.26e-22	4.06e-15	2.16e-08	4.83e-01	5.17e-01	5.93e-04	0.00e+00	0.00e+00	0.00e+00	0.00e+00	0.00e+00	5.19e-90
 1.38141e+13	7.27e-31	1.65e-22	4.98e-15	2.46e-08	5.04e-01	4.95e-01	5.24e-04	0.00e+00	0.00e+00	0.00e+00	0.00e+00	0.00e+00	2.85e-105
 1.42550e+13	9.60e-31	2.06e-22	5.89e-15	2.73e-08	5.22e-01	4.78e-01	4.71e-04	0.00e+00	0.00e+00	0.00e+00	0.00e+00	0.00e+00	2.20e-89
 1.47262e+13	1.28e-30	2.59e-22	6.99e-15	3.04e-08	5.40e-01	4.60e-01	4.23e-04	0.00e+00	0.00e+00	0.00e+00	0.00e+00	0.00e+00	1.45e-104
 1.53074e+13	1.79e-30	3.39e-22	8.55e-15	3.44e-08	5.61e-01	4.38e-01	3.70e-04	0.00e+00	0.00e+00	0.00e+00	0.00e+00	0.00e+00	9.71e-89
 1.59022e+13	2.48e-30	4.40e-22	1.04e-14	3.89e-08	5.82e-01	4.18e-01	3.25e-04	0.00e+00	0.00e+00	0.00e+00	0.00e+00	0.00e+00	1.02e-103
 1.64400e+13	3.30e-30	5.53e-22	1.23e-14	4.31e-08	6.00e-01	4.00e-01	2.89e-04	0.00e+00	0.00e+00	0.00e+00	0.00e+00	0.00e+00	4.26e-88
 1.70332e+13	4.47e-30	7.02e-22	1.48e-14	4.81e-08	6.19e-01	3.81e-01	2.55e-04	0.00e+00	0.00e+00	0.00e+00	0.00e+00	0.00e+00	5.79e-103
 1.76790e+13	6.13e-30	9.02e-22	1.78e-14	5.38e-08	6.38e-01	3.62e-01	2.24e-04	0.00e+00	0.00e+00	0.00e+00	0.00e+00	0.00e+00	1.91e-87
 1.82631e+13	8.05e-30	1.12e-21	2.09e-14	5.93e-08	6.54e-01	3.46e-01	1.99e-04	0.00e+00	0.00e+00	0.00e+00	0.00e+00	0.00e+00	3.35e-102
 1.88922e+13	1.07e-29	1.40e-21	2.47e-14	6.55e-08	6.71e-01	3.29e-01	1.76e-04	0.00e+00	0.00e+00	0.00e+00	0.00e+00	0.00e+00	7.46e-87
 1.96001e+13	1.45e-29	1.79e-21	2.95e-14	7.28e-08	6.88e-01	3.12e-01	1.54e-04	0.00e+00	0.00e+00	0.00e+00	0.00e+00	0.00e+00	1.98e-101
 2.02726e+13	1.92e-29	2.23e-21	3.47e-14	8.02e-08	7.04e-01	2.96e-01	1.36e-04	0.00e+00	0.00e+00	0.00e+00	0.00e+00	0.00e+00	3.17e-86
 2.10094e+13	2.58e-29	2.81e-21	4.11e-14	8.86e-08	7.20e-01	2.80e-01	1.19e-04	0.00e+00	0.00e+00	0.00e+00	0.00e+00	0.00e+00	1.13e-100
 2.18243e+13	3.52e-29	3.59e-21	4.93e-14	9.85e-08	7.36e-01	2.64e-01	1.03e-04	0.00e+00	0.00e+00	0.00e+00	0.00e+00	0.00e+00	1.43e-85
 2.25810e+13	4.65e-29	4.46e-21	5.78e-14	1.08e-07	7.50e-01	2.50e-01	9.10e-05	0.00e+00	0.00e+00	0.00e+00	0.00e+00	0.00e+00	6.87e-100
 2.34048e+13	6.22e-29	5.60e-21	6.82e-14	1.19e-07	7.65e-01	2.35e-01	7.95e-05	0.00e+00	0.00e+00	0.00e+00	0.00e+00	0.00e+00	6.00e-85
 2.43285e+13	8.51e-29	7.16e-21	8.16e-14	1.32e-07	7.79e-01	2.21e-01	6.86e-05	0.00e+00	0.00e+00	0.00e+00	0.00e+00	0.00e+00	4.44e-99
 2.52049e+13	1.13e-28	8.95e-21	9.59e-14	1.45e-07	7.92e-01	2.08e-01	6.00e-05	0.00e+00	0.00e+00	0.00e+00	0.00e+00	0.00e+00	2.73e-84
 2.61506e+13	1.52e-28	1.13e-20	1.13e-13	1.59e-07	8.05e-01	1.95e-01	5.21e-05	0.00e+00	0.00e+00	0.00e+00	0.00e+00	0.00e+00	2.70e-98
 2.72026e+13	2.09e-28	1.44e-20	1.35e-13	1.76e-07	8.18e-01	1.82e-01	4.47e-05	0.00e+00	0.00e+00	0.00e+00	0.00e+00	0.00e+00	1.30e-83
 2.82172e+13	2.79e-28	1.81e-20	1.59e-13	1.93e-07	8.29e-01	1.71e-01	3.88e-05	0.00e+00	0.00e+00	0.00e+00	0.00e+00	0.00e+00	1.81e-97
 2.92963e+13	3.77e-28	2.28e-20	1.88e-13	2.12e-07	8.40e-01	1.60e-01	3.36e-05	0.00e+00	0.00e+00	0.00e+00	0.00e+00	0.00e+00	5.95e-83
 3.04981e+13	5.18e-28	2.92e-20	2.25e-13	2.34e-07	8.51e-01	1.49e-01	2.87e-05	0.00e+00	0.00e+00	0.00e+00	0.00e+00	0.00e+00	1.26e-96
 3.17050e+13	7.05e-28	3.71e-20	2.66e-13	2.57e-07	8.61e-01	1.39e-01	2.46e-05	0.00e+00	0.00e+00	0.00e+00	0.00e+00	0.00e+00	3.01e-82
 3.29601e+13	9.58e-28	4.70e-20	3.15e-13	2.82e-07	8.71e-01	1.29e-01	2.12e-05	0.00e+00	0.00e+00	0.00e+00	0.00e+00	0.00e+00	8.82e-96
 3.43085e+13	1.31e-27	6.01e-20	3.75e-13	3.10e-07	8.80e-01	1.20e-01	1.81e-05	0.00e+00	0.00e+00	0.00e+00	0.00e+00	0.00e+00	1.53e-81
 3.57107e+13	1.80e-27	7.66e-20	4.45e-13	3.41e-07	8.89e-01	1.11e-01	1.54e-05	0.00e+00	0.00e+00	0.00e+00	0.00e+00	0.00e+00	6.58e-95
 3.70919e+13	2.43e-27	9.64e-20	5.23e-13	3.72e-07	8.96e-01	1.04e-01	1.33e-05	0.00e+00	0.00e+00	0.00e+00	0.00e+00	0.00e+00	7.70e-81
 3.83824e+13	3.18e-27	1.19e-19	6.05e-13	4.03e-07	9.03e-01	9.73e-02	1.16e-05	0.00e+00	0.00e+00	0.00e+00	0.00e+00	0.00e+00	4.02e-94
 3.98017e+13	4.23e-27	1.48e-19	7.06e-13	4.38e-07	9.09e-01	9.08e-02	1.00e-05	0.00e+00	0.00e+00	0.00e+00	0.00e+00	0.00e+00	3.33e-80
 4.12573e+13	5.61e-27	1.83e-19	8.21e-13	4.75e-07	9.15e-01	8.48e-02	8.71e-06	0.00e+00	0.00e+00	0.00e+00	0.00e+00	0.00e+00	2.48e-93
 4.24831e+13	7.06e-27	2.19e-19	9.29e-13	5.07e-07	9.20e-01	8.02e-02	7.76e-06	0.00e+00	0.00e+00	0.00e+00	0.00e+00	0.00e+00	1.29e-79
 4.37833e+13	8.94e-27	2.62e-19	1.05e-12	5.42e-07	9.24e-01	7.58e-02	6.88e-06	0.00e+00	0.00e+00	0.00e+00	0.00e+00	0.00e+00	1.11e-92
 4.54234e+13	1.19e-26	3.27e-19	1.23e-12	5.88e-07	9.29e-01	7.06e-02	5.95e-06	0.00e+00	0.00e+00	0.00e+00	0.00e+00	0.00e+00	5.26e-79
 4.71302e+13	1.59e-26	4.08e-19	1.43e-12	6.38e-07	9.34e-01	6.58e-02	5.14e-06	0.00e+00	0.00e+00	0.00e+00	0.00e+00	0.00e+00	7.13e-92
 4.86548e+13	2.05e-26	4.94e-19	1.63e-12	6.84e-07	9.38e-01	6.19e-02	4.53e-06	0.00e+00	0.00e+00	0.00e+00	0.00e+00	0.00e+00	2.23e-78
 5.03182e+13	2.67e-26	6.04e-19	1.88e-12	7.36e-07	9.42e-01	5.80e-02	3.96e-06	0.00e+00	0.00e+00	0.00e+00	0.00e+00	0.00e+00	3.75e-91
 5.21595e+13	3.54e-26	7.49e-19	2.18e-12	7.96e-07	9.46e-01	5.41e-02	3.43e-06	0.00e+00	0.00e+00	0.00e+00	0.00e+00	0.00e+00	9.68e-78
 5.38644e+13	4.56e-26	9.08e-19	2.48e-12	8.52e-07	9.49e-01	5.09e-02	3.02e-06	0.00e+00	0.00e+00	0.00e+00	0.00e+00	0.00e+00	2.11e-90
 5.57126e+13	5.95e-26	1.11e-18	2.85e-12	9.16e-07	9.52e-01	4.77e-02	2.65e-06	0.00e+00	0.00e+00	0.00e+00	0.00e+00	0.00e+00	3.93e-77
 5.77801e+13	7.92e-26	1.38e-18	3.31e-12	9.90e-07	9.56e-01	4.44e-02	2.29e-06	0.00e+00	0.00e+00	0.00e+00	0.00e+00	0.00e+00	1.26e-89
 5.97251e+13	1.03e-25	1.68e-18	3.79e-12	1.06e-06	9.58e-01	4.16e-02	2.01e-06	0.00e+00	0.00e+00	0.00e+00	0.00e+00	0.00e+00	1.72e-76
 6.18462e+13	1.35e-25	2.07e-18	4.37e-12	1.14e-06	9.61e-01	3.89e-02	1.75e-06	0.00e+00	0.00e+00	0.00e+00	0.00e+00	0.00e+00	3.64e-76
 6.42099e+13	1.82e-25	2.59e-18	5.09e-12	1.24e-06	9.64e-01	3.62e-02	1.51e-06	0.00e+00	0.00e+00	0.00e+00	0.00e+00	0.00e+00	8.09e-76
 6.64250e+13	2.38e-25	3.18e-18	5.84e-12	1.33e-06	9.66e-01	3.38e-02	1.32e-06	0.00e+00	0.00e+00	0.00e+00	0.00e+00	0.00e+00	1.68e-75
 6.88398e+13	3.15e-25	3.93e-18	6.74e-12	1.43e-06	9.68e-01	3.16e-02	1.14e-06	0.00e+00	0.00e+00	0.00e+00	0.00e+00	0.00e+00	3.61e-75
 7.15450e+13	4.27e-25	4.95e-18	7.88e-12	1.55e-06	9.71e-01	2.93e-02	9.81e-07	0.00e+00	0.00e+00	0.00e+00	0.00e+00	0.00e+00	8.24e-75
 7.41081e+13	5.65e-25	6.10e-18	9.08e-12	1.66e-06	9.73e-01	2.73e-02	0.00e+00	0.00e+00	0.00e+00	0.00e+00	0.00e+00	0.00e+00	1.76e-74
 7.68520e+13	7.53e-25	7.58e-18	1.05e-11	1.79e-06	9.75e-01	2.55e-02	0.00e+00	0.00e+00	0.00e+00	0.00e+00	0.00e+00	0.00e+00	3.86e-74
 7.99560e+13	1.03e-24	9.60e-18	1.23e-11	1.95e-06	9.76e-01	2.36e-02	0.00e+00	0.00e+00	0.00e+00	0.00e+00	0.00e+00	0.00e+00	9.05e-74
 8.30129e+13	1.38e-24	1.20e-17	1.43e-11	2.10e-06	9.78e-01	2.19e-02	0.00e+00	0.00e+00	0.00e+00	0.00e+00	0.00e+00	0.00e+00	2.03e-73
 8.61920e+13	1.86e-24	1.50e-17	1.67e-11	2.27e-06	9.80e-01	2.03e-02	0.00e+00	0.00e+00	0.00e+00	0.00e+00	0.00e+00	0.00e+00	4.59e-73
 8.96696e+13	2.55e-24	1.90e-17	1.96e-11	2.46e-06	9.81e-01	1.88e-02	0.00e+00	0.00e+00	0.00e+00	0.00e+00	0.00e+00	0.00e+00	1.08e-72
 9.32082e+13	3.46e-24	2.40e-17	2.28e-11	2.66e-06	9.83e-01	1.74e-02	0.00e+00	0.00e+00	0.00e+00	0.00e+00	0.00e+00	0.00e+00	2.49e-72
 9.68883e+13	4.70e-24	3.02e-17	2.67e-11	2.88e-06	9.84e-01	1.61e-02	0.00e+00	0.00e+00	0.00e+00	0.00e+00	0.00e+00	0.00e+00	5.74e-72
 1.00574e+14	6.32e-24	3.77e-17	3.10e-11	3.11e-06	9.85e-01	1.50e-02	0.00e+00	0.00e+00	0.00e+00	0.00e+00	0.00e+00	0.00e+00	1.29e-71
 1.04074e+14	8.28e-24	4.62e-17	3.56e-11	3.33e-06	9.86e-01	1.40e-02	0.00e+00	0.00e+00	0.00e+00	0.00e+00	1.48e-17	3.14e-17	2.69e-71
 1.07934e+14	1.10e-23	5.74e-17	4.12e-11	3.59e-06	9.87e-01	1.30e-02	0.00e+00	0.00e+00	0.00e+00	0.00e+00	1.91e-17	3.84e-17	5.91e-71
 1.11787e+14	1.46e-23	7.08e-17	4.74e-11	3.86e-06	9.88e-01	1.22e-02	0.00e+00	0.00e+00	0.00e+00	0.00e+00	2.35e-17	4.73e-17	1.26e-70
 1.14986e+14	1.82e-23	8.37e-17	5.31e-11	4.08e-06	9.89e-01	1.15e-02	0.00e+00	0.00e+00	0.00e+00	0.00e+00	2.78e-17	5.59e-17	2.31e-70
 1.18381e+14	2.29e-23	9.95e-17	5.96e-11	4.33e-06	9.89e-01	1.08e-02	0.00e+00	0.00e+00	0.00e+00	0.00e+00	3.30e-17	6.65e-17	4.33e-70
 1.22721e+14	3.04e-23	1.23e-16	6.89e-11	4.66e-06	9.90e-01	1.01e-02	0.00e+00	0.00e+00	0.00e+00	0.00e+00	4.09e-17	8.23e-17	9.39e-70
 1.27279e+14	4.05e-23	1.53e-16	7.98e-11	5.03e-06	9.91e-01	9.37e-03	0.00e+00	0.00e+00	0.00e+00	0.00e+00	5.08e-17	1.02e-16	2.05e-69
 1.31314e+14	5.18e-23	1.84e-16	9.05e-11	5.36e-06	9.91e-01	8.80e-03	0.00e+00	0.00e+00	0.00e+00	0.00e+00	6.12e-17	1.23e-16	4.02e-69
 1.35679e+14	6.70e-23	2.24e-16	1.03e-10	5.73e-06	9.92e-01	8.24e-03	0.00e+00	0.00e+00	0.00e+00	0.00e+00	7.43e-17	1.50e-16	8.17e-69
 1.40925e+14	9.03e-23	2.80e-16	1.20e-10	6.19e-06	9.92e-01	7.63e-03	0.00e+00	0.00e+00	0.00e+00	0.00e+00	9.31e-17	1.87e-16	1.82e-68
 1.46238e+14	1.21e-22	3.49e-16	1.40e-10	6.68e-06	9.93e-01	7.08e-03	0.00e+00	0.00e+00	0.00e+00	0.00e+00	1.16e-16	2.33e-16	4.02e-68
 1.51216e+14	1.57e-22	4.26e-16	1.60e-10	7.16e-06	9.93e-01	6.62e-03	0.00e+00	0.00e+00	0.00e+00	0.00e+00	1.41e-16	2.85e-16	8.23e-68
 1.56746e+14	2.08e-22	5.27e-16	1.85e-10	7.71e-06	9.94e-01	6.15e-03	0.00e+00	0.00e+00	0.00e+00	0.00e+00	1.75e-16	3.52e-16	1.77e-67
 1.62604e+14	2.77e-22	6.56e-16	2.14e-10	8.32e-06	9.94e-01	5.71e-03	0.00e+00	0.00e+00	0.00e+00	0.00e+00	2.18e-16	4.38e-16	3.87e-67
 1.67808e+14	3.55e-22	7.91e-16	2.44e-10	8.88e-06	9.95e-01	5.35e-03	0.00e+00	0.00e+00	0.00e+00	0.00e+00	2.62e-16	5.29e-16	7.57e-67
 1.73405e+14	4.59e-22	9.61e-16	2.78e-10	9.50e-06	9.95e-01	5.00e-03	0.00e+00	0.00e+00	0.00e+00	0.00e+00	3.19e-16	6.42e-16	1.52e-66
 1.80115e+14	6.18e-22	1.20e-15	3.25e-10	1.03e-05	9.95e-01	4.63e-03	0.00e+00	0.00e+00	0.00e+00	0.00e+00	3.99e-16	8.05e-16	3.41e-66
 1.86721e+14	8.20e-22	1.49e-15	3.76e-10	1.11e-05	9.96e-01	4.30e-03	0.00e+00	0.00e+00	0.00e+00	0.00e+00	4.95e-16	9.97e-16	7.34e-66
 1.92601e+14	1.04e-21	1.79e-15	4.26e-10	1.18e-05	9.96e-01	4.04e-03	0.00e+00	0.00e+00	0.00e+00	0.00e+00	5.95e-16	1.20e-15	1.42e-65
 1.99092e+14	1.35e-21	2.18e-15	4.87e-10	1.27e-05	9.96e-01	3.77e-03	0.00e+00	0.00e+00	0.00e+00	0.00e+00	7.24e-16	1.46e-15	2.87e-65
 2.06831e+14	1.82e-21	2.74e-15	5.69e-10	1.37e-05	9.97e-01	3.49e-03	0.00e+00	0.00e+00	0.00e+00	0.00e+00	9.08e-16	1.83e-15	6.44e-65
 2.14509e+14	2.43e-21	3.40e-15	6.60e-10	1.48e-05	9.97e-01	3.24e-03	0.00e+00	0.00e+00	0.00e+00	0.00e+00	1.13e-15	2.27e-15	1.40e-64
 2.21519e+14	3.12e-21	4.11e-15	7.51e-10	1.58e-05	9.97e-01	3.03e-03	0.00e+00	0.00e+00	0.00e+00	0.00e+00	1.36e-15	2.75e-15	2.77e-64
 2.29346e+14	4.09e-21	5.05e-15	8.65e-10	1.70e-05	9.97e-01	2.82e-03	0.00e+00	0.00e+00	0.00e+00	0.00e+00	1.68e-15	3.38e-15	5.79e-64
 2.38460e+14	5.55e-21	6.36e-15	1.01e-09	1.84e-05	9.97e-01	2.60e-03	0.00e+00	0.00e+00	0.00e+00	0.00e+00	2.11e-15	4.25e-15	1.32e-63
 2.47413e+14	7.40e-21	7.92e-15	1.18e-09	1.99e-05	9.98e-01	2.41e-03	0.00e+00	0.00e+00	0.00e+00	0.00e+00	2.63e-15	5.29e-15	2.90e-63
 2.55866e+14	9.62e-21	9.66e-15	1.35e-09	2.13e-05	9.98e-01	2.25e-03	0.00e+00	0.00e+00	0.00e+00	0.00e+00	3.20e-15	6.46e-15	5.93e-63
 2.65272e+14	1.28e-20	1.20e-14	1.56e-09	2.30e-05	9.98e-01	2.09e-03	0.00e+00	0.00e+00	0.00e+00	0.00e+00	3.97e-15	8.00e-15	1.28e-62
 2.75913e+14	1.73e-20	1.51e-14	1.83e-09	2.49e-05	9.98e-01	1.93e-03	0.00e+00	0.00e+00	0.00e+00	0.00e+00	5.00e-15	1.01e-14	2.95e-62
 2.86565e+14	2.33e-20	1.89e-14	2.13e-09	2.69e-05	9.98e-01	1.78e-03	0.00e+00	0.00e+00	0.00e+00	0.00e+00	6.26e-15	1.26e-14	6.62e-62
 2.96564e+14	3.05e-20	2.32e-14	2.44e-09	2.89e-05	9.98e-01	1.66e-03	0.00e+00	0.00e+00	0.00e+00	0.00e+00	7.67e-15	1.55e-14	1.38e-61
 3.07378e+14	4.03e-20	2.86e-14	2.82e-09	3.11e-05	9.98e-01	1.55e-03	0.00e+00	0.00e+00	0.00e+00	0.00e+00	9.48e-15	1.91e-14	2.95e-61
 3.19703e+14	5.49e-20	3.61e-14	3.31e-09	3.37e-05	9.99e-01	1.43e-03	0.00e+00	0.00e+00	0.00e+00	0.00e+00	1.20e-14	2.42e-14	6.84e-61
 3.31350e+14	7.27e-20	4.47e-14	3.82e-09	3.63e-05	9.99e-01	1.33e-03	0.00e+00	0.00e+00	0.00e+00	0.00e+00	1.48e-14	2.99e-14	1.48e-60
 3.41865e+14	9.28e-20	5.38e-14	4.33e-09	3.87e-05	9.99e-01	1.24e-03	0.00e+00	0.00e+00	0.00e+00	0.00e+00	1.78e-14	3.60e-14	2.88e-60
 3.51828e+14	1.16e-19	6.37e-14	4.86e-09	4.10e-05	9.99e-01	1.17e-03	0.00e+00	0.00e+00	0.00e+00	0.00e+00	2.11e-14	4.26e-14	5.33e-60
 3.62895e+14	1.48e-19	7.66e-14	5.51e-09	4.37e-05	9.99e-01	1.10e-03	0.00e+00	0.00e+00	0.00e+00	0.00e+00	2.53e-14	5.12e-14	1.03e-59
 3.75238e+14	1.93e-19	9.33e-14	6.30e-09	4.68e-05	9.99e-01	1.03e-03	0.00e+00	0.00e+00	0.00e+00	0.00e+00	3.09e-14	6.25e-14	2.12e-59
 3.86860e+14	2.45e-19	1.12e-13	7.12e-09	4.98e-05	9.99e-01	9.67e-04	0.00e+00	0.00e+00	0.00e+00	0.00e+00	3.70e-14	7.49e-14	4.09e-59
 3.99591e+14	3.15e-19	1.36e-13	8.11e-09	5.32e-05	9.99e-01	9.05e-04	0.00e+00	0.00e+00	0.00e+00	0.00e+00	4.48e-14	9.07e-14	8.20e-59
 4.13857e+14	4.15e-19	1.67e-13	9.33e-09	5.72e-05	9.99e-01	8.42e-04	0.00e+00	0.00e+00	0.00e+00	0.00e+00	5.52e-14	1.12e-13	1.74e-58
 4.27341e+14	5.34e-19	2.02e-13	1.06e-08	6.10e-05	9.99e-01	7.89e-04	0.00e+00	0.00e+00	0.00e+00	0.00e+00	6.67e-14	1.35e-13	3.48e-58
 4.42095e+14	6.97e-19	2.47e-13	1.22e-08	6.54e-05	9.99e-01	7.36e-04	0.00e+00	0.00e+00	0.00e+00	0.00e+00	8.16e-14	1.65e-13	7.23e-58
 4.58397e+14	9.27e-19	3.06e-13	1.41e-08	7.04e-05	9.99e-01	6.84e-04	0.00e+00	0.00e+00	0.00e+00	0.00e+00	1.01e-13	2.05e-13	1.58e-57
 4.73439e+14	1.20e-18	3.71e-13	1.60e-08	7.52e-05	9.99e-01	6.40e-04	0.00e+00	0.00e+00	0.00e+00	0.00e+00	1.22e-13	2.48e-13	3.17e-57
 4.89718e+14	1.56e-18	4.53e-13	1.83e-08	8.06e-05	9.99e-01	5.97e-04	0.00e+00	0.00e+00	0.00e+00	0.00e+00	1.50e-13	3.03e-13	6.56e-57
 5.07907e+14	2.08e-18	5.63e-13	2.12e-08	8.68e-05	9.99e-01	5.55e-04	0.00e+00	0.00e+00	0.00e+00	0.00e+00	1.86e-13	3.77e-13	1.44e-56
 5.24991e+14	2.69e-18	6.85e-13	2.43e-08	9.29e-05	9.99e-01	5.18e-04	0.00e+00	0.00e+00	0.00e+00	0.00e+00	2.26e-13	4.59e-13	2.94e-56
 5.43611e+14	3.54e-18	8.42e-13	2.79e-08	9.97e-05	9.99e-01	4.83e-04	0.00e+00	0.00e+00	0.00e+00	0.00e+00	2.78e-13	5.64e-13	6.24e-56
 5.64310e+14	4.73e-18	1.05e-12	3.24e-08	1.08e-04	9.99e-01	4.47e-04	0.00e+00	0.00e+00	0.00e+00	0.00e+00	3.46e-13	7.04e-13	1.39e-55
 5.83633e+14	6.17e-18	1.28e-12	3.71e-08	1.15e-04	9.99e-01	4.17e-04	0.00e+00	0.00e+00	0.00e+00	0.00e+00	4.23e-13	8.59e-13	2.88e-55
 6.04653e+14	8.12e-18	1.58e-12	4.28e-08	1.24e-04	9.99e-01	3.88e-04	0.00e+00	0.00e+00	0.00e+00	0.00e+00	5.20e-13	1.06e-12	6.14e-55
 6.28166e+14	1.09e-17	1.98e-12	4.99e-08	1.34e-04	1.00e+00	3.59e-04	0.00e+00	0.00e+00	0.00e+00	0.00e+00	6.52e-13	1.33e-12	1.39e-54
 6.50402e+14	1.43e-17	2.43e-12	5.74e-08	1.44e-04	1.00e+00	3.34e-04	0.00e+00	0.00e+00	0.00e+00	0.00e+00	8.00e-13	1.63e-12	2.93e-54
 6.74231e+14	1.89e-17	3.00e-12	6.63e-08	1.55e-04	1.00e+00	3.10e-04	0.00e+00	0.00e+00	0.00e+00	0.00e+00	9.89e-13	2.02e-12	6.34e-54
 7.01230e+14	2.56e-17	3.78e-12	7.77e-08	1.68e-04	1.00e+00	2.85e-04	0.00e+00	0.00e+00	0.00e+00	0.00e+00	1.24e-12	2.54e-12	1.45e-53
 7.27733e+14	3.42e-17	4.71e-12	9.02e-08	1.82e-04	1.00e+00	2.64e-04	0.00e+00	0.00e+00	0.00e+00	0.00e+00	1.55e-12	3.16e-12	3.23e-53
 7.55295e+14	4.54e-17	5.85e-12	1.05e-07	1.97e-04	1.00e+00	2.44e-04	0.00e+00	3.74e-18	1.12e-17	1.88e-17	1.92e-12	3.93e-12	7.08e-53
 7.85537e+14	6.13e-17	7.36e-12	1.23e-07	2.14e-04	1.00e+00	2.25e-04	0.00e+00	5.05e-18	1.52e-17	2.53e-17	2.42e-12	4.94e-12	1.62e-52
 8.15384e+14	8.14e-17	9.15e-12	1.43e-07	2.31e-04	1.00e+00	2.08e-04	0.00e+00	6.71e-18	2.02e-17	3.37e-17	3.00e-12	6.15e-12	3.55e-52
 8.40111e+14	1.02e-16	1.09e-11	1.61e-07	2.46e-04	1.00e+00	1.95e-04	0.00e+00	8.42e-18	2.53e-17	4.23e-17	3.57e-12	7.32e-12	6.65e-52
 8.59974e+14	1.22e-16	1.25e-11	1.77e-07	2.59e-04	1.00e+00	1.86e-04	0.00e+00	1.00e-17	3.02e-17	5.04e-17	4.09e-12	8.38e-12	1.08e-51
 8.81977e+14	1.47e-16	1.44e-11	1.97e-07	2.73e-04	1.00e+00	1.76e-04	0.00e+00	1.22e-17	3.65e-17	6.10e-17	4.74e-12	9.70e-12	1.84e-51
 9.10581e+14	1.87e-16	1.74e-11	2.24e-07	2.92e-04	1.00e+00	1.64e-04	0.00e+00	1.55e-17	4.64e-17	7.75e-17	5.70e-12	1.17e-11	3.57e-51
 9.41283e+14	2.40e-16	2.10e-11	2.56e-07	3.14e-04	1.00e+00	1.53e-04	0.00e+00	1.98e-17	5.95e-17	9.94e-17	6.90e-12	1.41e-11	7.11e-51
 9.68563e+14	2.96e-16	2.48e-11	2.88e-07	3.35e-04	1.00e+00	1.44e-04	0.00e+00	2.45e-17	7.35e-17	1.23e-16	8.12e-12	1.67e-11	1.28e-50
 9.97877e+14	3.70e-16	2.94e-11	3.25e-07	3.57e-04	1.00e+00	1.35e-04	0.00e+00	3.06e-17	9.18e-17	1.53e-16	9.65e-12	1.98e-11	2.37e-50
 1.03475e+15	4.82e-16	3.62e-11	3.78e-07	3.87e-04	9.99e-01	1.24e-04	0.00e+00	3.99e-17	1.20e-16	2.00e-16	1.19e-11	2.44e-11	5.00e-50
 1.07213e+15	6.25e-16	4.44e-11	4.37e-07	4.18e-04	9.99e-01	1.15e-04	0.00e+00	5.17e-17	1.55e-16	2.60e-16	1.45e-11	2.98e-11	1.04e-49
 1.10426e+15	7.75e-16	5.25e-11	4.93e-07	4.46e-04	9.99e-01	1.08e-04	0.00e+00	6.42e-17	1.93e-16	3.22e-16	1.72e-11	3.53e-11	1.90e-49
 1.13889e+15	9.66e-16	6.25e-11	5.59e-07	4.78e-04	9.99e-01	1.01e-04	0.00e+00	8.01e-17	2.41e-16	4.02e-16	2.05e-11	4.20e-11	3.55e-49
 1.18164e+15	1.26e-15	7.70e-11	6.51e-07	5.19e-04	9.99e-01	9.28e-05	0.00e+00	1.04e-16	3.14e-16	5.24e-16	2.52e-11	5.18e-11	7.51e-49
 1.22520e+15	1.63e-15	9.43e-11	7.55e-07	5.64e-04	9.99e-01	8.57e-05	0.00e+00	1.35e-16	4.06e-16	6.78e-16	3.09e-11	6.35e-11	1.56e-48
 1.26391e+15	2.03e-15	1.12e-10	8.57e-07	6.04e-04	9.99e-01	8.00e-05	0.00e+00	1.68e-16	5.06e-16	8.45e-16	3.67e-11	7.55e-11	2.94e-48
 1.30608e+15	2.54e-15	1.35e-10	9.80e-07	6.51e-04	9.99e-01	7.43e-05	0.00e+00	2.12e-16	6.35e-16	1.06e-15	4.40e-11	9.05e-11	5.66e-48
 1.35653e+15	3.31e-15	1.66e-10	1.14e-06	7.09e-04	9.99e-01	6.83e-05	0.00e+00	2.76e-16	8.29e-16	1.39e-15	5.43e-11	1.12e-10	1.22e-47
 1.40637e+15	4.25e-15	2.03e-10	1.33e-06	7.70e-04	9.99e-01	6.30e-05	0.00e+00	3.54e-16	1.06e-15	1.78e-15	6.63e-11	1.36e-10	2.53e-47
 1.45119e+15	5.25e-15	2.41e-10	1.51e-06	8.27e-04	9.99e-01	5.86e-05	0.00e+00	4.39e-16	1.32e-15	2.20e-15	7.87e-11	1.62e-10	4.75e-47
 1.50087e+15	6.62e-15	2.90e-10	1.73e-06	8.93e-04	9.99e-01	5.44e-05	0.00e+00	5.53e-16	1.66e-15	2.77e-15	9.47e-11	1.95e-10	9.39e-47
 1.55954e+15	8.57e-15	3.57e-10	2.02e-06	9.75e-04	9.99e-01	4.99e-05	0.00e+00	7.17e-16	2.15e-15	3.60e-15	1.17e-10	2.40e-10	2.04e-46
 1.61751e+15	1.09e-14	4.36e-10	2.34e-06	1.06e-03	9.99e-01	4.60e-05	0.00e+00	9.17e-16	2.75e-15	4.60e-15	1.42e-10	2.93e-10	4.26e-46
 1.67107e+15	1.36e-14	5.20e-10	2.67e-06	1.14e-03	9.99e-01	4.27e-05	0.00e+00	1.14e-15	3.43e-15	5.72e-15	1.70e-10	3.50e-10	8.23e-46
 1.73121e+15	1.67e-14	6.29e-10	3.08e-06	1.24e-03	9.99e-01	3.94e-05	0.00e+00	1.40e-15	4.20e-15	7.02e-15	2.06e-10	4.23e-10	1.66e-45
 1.80049e+15	2.15e-14	7.78e-10	3.61e-06	1.36e-03	9.99e-01	3.61e-05	0.00e+00	1.81e-15	5.43e-15	9.07e-15	2.55e-10	5.23e-10	3.69e-45
 1.86829e+15	2.72e-14	9.49e-10	4.20e-06	1.48e-03	9.98e-01	3.32e-05	0.00e+00	2.30e-15	6.89e-15	1.15e-14	3.11e-10	6.39e-10	7.84e-45
 1.93881e+15	3.45e-14	1.16e-09	4.87e-06	1.61e-03	9.98e-01	3.06e-05	0.00e+00	2.91e-15	8.75e-15	1.46e-14	3.79e-10	7.79e-10	1.67e-44
 2.01639e+15	4.43e-14	1.43e-09	5.71e-06	1.76e-03	9.98e-01	2.80e-05	0.00e+00	3.74e-15	1.12e-14	1.88e-14	4.69e-10	9.62e-10	3.72e-44
 2.08201e+15	5.40e-14	1.70e-09	6.49e-06	1.89e-03	9.98e-01	2.61e-05	0.00e+00	4.57e-15	1.37e-14	2.29e-14	5.56e-10	1.14e-09	7.16e-44
 2.13004e+15	6.22e-14	1.92e-09	7.11e-06	1.99e-03	9.98e-01	2.48e-05	0.00e+00	5.27e-15	1.58e-14	2.64e-14	6.29e-10	1.29e-09	1.14e-43
 2.18051e+15	7.21e-14	2.18e-09	7.81e-06	2.10e-03	9.98e-01	2.35e-05	0.00e+00	6.11e-15	1.83e-14	3.06e-14	7.13e-10	1.46e-09	1.85e-43
 2.24612e+15	8.66e-14	2.55e-09	8.80e-06	2.25e-03	9.98e-01	2.20e-05	0.00e+00	7.35e-15	2.21e-14	3.68e-14	8.36e-10	1.71e-09	3.40e-43
 2.31842e+15	1.05e-13	3.02e-09	9.99e-06	2.42e-03	9.98e-01	2.05e-05	0.00e+00	8.95e-15	2.69e-14	4.49e-14	9.92e-10	2.03e-09	6.66e-43
 2.38528e+15	1.25e-13	3.52e-09	1.12e-05	2.58e-03	9.97e-01	1.93e-05	0.00e+00	1.07e-14	3.20e-14	5.34e-14	1.15e-09	2.36e-09	1.20e-42
 2.45808e+15	1.51e-13	4.13e-09	1.26e-05	2.77e-03	9.97e-01	1.81e-05	0.00e+00	1.28e-14	3.85e-14	6.43e-14	1.36e-09	2.78e-09	2.27e-42
 2.53992e+15	1.84e-13	4.94e-09	1.44e-05	2.98e-03	9.97e-01	1.68e-05	0.00e+00	1.57e-14	4.70e-14	7.85e-14	1.62e-09	3.32e-09	4.57e-42
 2.61770e+15	2.20e-13	5.79e-09	1.62e-05	3.20e-03	9.97e-01	1.58e-05	0.00e+00	1.88e-14	5.65e-14	9.43e-14	1.90e-09	3.89e-09	8.65e-42
 2.70300e+15	2.68e-13	6.89e-09	1.84e-05	3.44e-03	9.97e-01	1.47e-05	0.00e+00	2.29e-14	6.86e-14	1.15e-13	2.26e-09	4.63e-09	1.72e-41
 2.79869e+15	3.29e-13	8.32e-09	2.12e-05	3.72e-03	9.96e-01	1.37e-05	0.00e+00	2.82e-14	8.45e-14	1.41e-13	2.73e-09	5.59e-09	3.57e-41
 2.88971e+15	3.98e-13	9.87e-09	2.40e-05	4.00e-03	9.96e-01	1.28e-05	0.00e+00	3.41e-14	1.02e-13	1.71e-13	3.24e-09	6.63e-09	7.06e-41
 2.98986e+15	4.88e-13	1.19e-08	2.75e-05	4.33e-03	9.96e-01	1.19e-05	0.00e+00	4.19e-14	1.26e-13	2.10e-13	3.90e-09	7.97e-09	1.46e-40
 3.10198e+15	6.05e-13	1.45e-08	3.19e-05	4.71e-03	9.95e-01	1.10e-05	0.00e+00	5.19e-14	1.56e-13	2.60e-13	4.77e-09	9.74e-09	3.22e-40
 3.20736e+15	7.36e-13	1.74e-08	3.64e-05	5.08e-03	9.95e-01	1.03e-05	0.00e+00	6.33e-14	1.90e-13	3.17e-13	5.71e-09	1.17e-08	6.57e-40
 3.32208e+15	9.06e-13	2.10e-08	4.19e-05	5.50e-03	9.94e-01	9.59e-06	0.00e+00	7.80e-14	2.34e-13	3.91e-13	6.92e-09	1.41e-08	1.40e-39
 3.45005e+15	1.12e-12	2.59e-08	4.88e-05	5.99e-03	9.94e-01	8.91e-06	0.00e+00	9.68e-14	2.91e-13	4.85e-13	8.52e-09	1.74e-08	3.15e-39
 3.56990e+15	1.37e-12	3.11e-08	5.58e-05	6.47e-03	9.93e-01	8.33e-06	0.00e+00	1.18e-13	3.55e-13	5.93e-13	1.03e-08	2.09e-08	6.51e-39
 3.69917e+15	1.69e-12	3.79e-08	6.43e-05	7.01e-03	9.93e-01	7.78e-06	0.00e+00	1.46e-13	4.38e-13	7.31e-13	1.25e-08	2.54e-08	1.39e-38
 3.84372e+15	2.10e-12	4.67e-08	7.49e-05	7.64e-03	9.92e-01	7.24e-06	0.00e+00	1.82e-13	5.46e-13	9.12e-13	1.54e-08	3.13e-08	3.15e-38
 3.98239e+15	2.55e-12	5.69e-08	8.64e-05	8.28e-03	9.92e-01	6.80e-06	0.00e+00	2.21e-13	6.64e-13	1.11e-12	1.87e-08	3.81e-08	6.64e-38
 4.13005e+15	3.17e-12	6.95e-08	9.99e-05	8.99e-03	9.91e-01	6.37e-06	0.00e+00	2.75e-13	8.25e-13	1.38e-12	2.29e-08	4.66e-08	1.43e-37
 4.29529e+15	3.96e-12	8.63e-08	1.17e-04	9.82e-03	9.90e-01	5.95e-06	0.00e+00	3.44e-13	1.03e-12	1.72e-12	2.84e-08	5.78e-08	3.27e-37
 4.43391e+15	4.67e-12	1.03e-07	1.33e-04	1.06e-02	9.89e-01	5.65e-06	0.00e+00	4.06e-13	1.22e-12	2.03e-12	3.39e-08	6.89e-08	6.32e-37
 4.53315e+15	5.28e-12	1.16e-07	1.45e-04	1.11e-02	9.89e-01	5.46e-06	0.00e+00	4.60e-13	1.38e-12	2.30e-12	3.83e-08	7.78e-08	9.94e-37
 4.63628e+15	6.04e-12	1.32e-07	1.59e-04	1.17e-02	9.88e-01	5.27e-06	0.00e+00	5.26e-13	1.58e-12	2.64e-12	4.34e-08	8.81e-08	1.60e-36
 4.77036e+15	7.16e-12	1.54e-07	1.78e-04	1.24e-02	9.87e-01	5.03e-06	0.00e+00	6.25e-13	1.87e-12	3.13e-12	5.09e-08	1.03e-07	2.90e-36
 4.91997e+15	8.55e-12	1.83e-07	2.01e-04	1.33e-02	9.86e-01	4.80e-06	0.00e+00	7.46e-13	2.24e-12	3.74e-12	6.05e-08	1.23e-07	5.48e-36
 5.05981e+15	1.01e-11	2.14e-07	2.25e-04	1.42e-02	9.86e-01	4.61e-06	0.00e+00	8.79e-13	2.64e-12	4.40e-12	7.05e-08	1.43e-07	9.64e-36
 5.21161e+15	1.20e-11	2.52e-07	2.54e-04	1.52e-02	9.85e-01	4.42e-06	0.00e+00	1.05e-12	3.15e-12	5.25e-12	8.33e-08	1.69e-07	1.78e-35
 5.38150e+15	1.45e-11	3.02e-07	2.88e-04	1.63e-02	9.83e-01	4.22e-06	0.00e+00	1.27e-12	3.80e-12	6.34e-12	9.97e-08	2.02e-07	3.44e-35
 5.54190e+15	1.72e-11	3.56e-07	3.25e-04	1.75e-02	9.82e-01	4.07e-06	0.00e+00	1.51e-12	4.52e-12	7.54e-12	1.18e-07	2.39e-07	6.25e-35
 5.71741e+15	2.07e-11	4.25e-07	3.68e-04	1.87e-02	9.81e-01	3.91e-06	0.00e+00	1.82e-12	5.45e-12	9.09e-12	1.41e-07	2.85e-07	1.19e-34
 5.91336e+15	2.53e-11	5.14e-07	4.22e-04	2.02e-02	9.79e-01	3.75e-06	0.00e+00	2.22e-12	6.66e-12	1.11e-11	1.70e-07	3.44e-07	2.34e-34
 6.09845e+15	3.04e-11	6.13e-07	4.78e-04	2.17e-02	9.78e-01	3.63e-06	0.00e+00	2.67e-12	8.02e-12	1.34e-11	2.03e-07	4.10e-07	4.34e-34
 6.30162e+15	3.73e-11	7.40e-07	5.47e-04	2.34e-02	9.76e-01	3.50e-06	0.00e+00	3.28e-12	9.84e-12	1.64e-11	2.45e-07	4.95e-07	8.48e-34
 6.52532e+15	4.61e-11	9.01e-07	6.30e-04	2.53e-02	9.74e-01	3.37e-06	0.00e+00	4.06e-12	1.22e-11	2.03e-11	2.98e-07	6.03e-07	1.69e-33
 6.73260e+15	5.58e-11	1.08e-06	7.16e-04	2.72e-02	9.72e-01	3.27e-06	0.00e+00	4.92e-12	1.48e-11	2.46e-11	3.57e-07	7.21e-07	3.12e-33
 6.95899e+15	6.87e-11	1.31e-06	8.21e-04	2.94e-02	9.70e-01	3.17e-06	0.00e+00	6.06e-12	1.82e-11	3.03e-11	4.32e-07	8.73e-07	6.08e-33
 7.20838e+15	8.56e-11	1.60e-06	9.49e-04	3.19e-02	9.67e-01	3.08e-06	0.00e+00	7.57e-12	2.27e-11	3.79e-11	5.29e-07	1.07e-06	1.18e-32
 7.43756e+15	1.04e-10	1.91e-06	1.08e-03	3.43e-02	9.65e-01	3.00e-06	0.00e+00	9.19e-12	2.76e-11	4.60e-11	6.33e-07	1.28e-06	2.15e-32
 7.68537e+15	1.29e-10	2.32e-06	1.24e-03	3.70e-02	9.62e-01	2.94e-06	0.00e+00	1.14e-11	3.43e-11	5.72e-11	7.67e-07	1.55e-06	4.11e-32
 7.96031e+15	1.60e-10	2.83e-06	1.43e-03	4.02e-02	9.58e-01	2.85e-06	0.00e+00	1.42e-11	4.26e-11	7.11e-11	9.39e-07	1.90e-06	8.01e-32
 8.21052e+15	1.95e-10	3.39e-06	1.63e-03	4.32e-02	9.55e-01	2.79e-06	0.00e+00	1.73e-11	5.19e-11	8.66e-11	1.12e-06	2.27e-06	1.43e-31
 8.43937e+15	2.33e-10	3.98e-06	1.83e-03	4.61e-02	9.52e-01	2.74e-06	0.00e+00	2.07e-11	6.21e-11	1.04e-10	1.32e-06	2.66e-06	2.40e-31
 8.65715e+15	2.75e-10	4.61e-06	2.04e-03	4.90e-02	9.49e-01	2.69e-06	0.00e+00	2.44e-11	7.32e-11	1.22e-10	1.53e-06	3.08e-06	3.85e-31
 8.89697e+15	3.30e-10	5.43e-06	2.29e-03	5.24e-02	9.45e-01	2.64e-06	0.00e+00	2.94e-11	8.81e-11	1.47e-10	1.80e-06	3.63e-06	6.52e-31
 9.15406e+15	4.00e-10	6.42e-06	2.59e-03	5.62e-02	9.41e-01	2.61e-06	0.00e+00	3.56e-11	1.07e-10	1.78e-10	2.13e-06	4.29e-06	1.10e-30
 9.38618e+15	4.73e-10	7.44e-06	2.89e-03	5.97e-02	9.37e-01	2.57e-06	0.00e+00	4.22e-11	1.27e-10	2.11e-10	2.47e-06	4.97e-06	1.73e-30
 9.64050e+15	5.67e-10	8.75e-06	3.25e-03	6.38e-02	9.33e-01	2.53e-06	0.00e+00	5.06e-11	1.52e-10	2.53e-10	2.90e-06	5.85e-06	2.89e-30
 9.91996e+15	6.85e-10	1.04e-05	3.68e-03	6.84e-02	9.28e-01	2.48e-06	0.00e+00	6.12e-11	1.84e-10	3.06e-10	3.44e-06	6.93e-06	4.85e-30
 1.01822e+16	8.21e-10	1.21e-05	4.14e-03	7.30e-02	9.23e-01	2.45e-06	0.00e+00	7.34e-11	2.20e-10	3.67e-10	4.03e-06	8.11e-06	7.76e-30
 1.04734e+16	1.02e-09	1.45e-05	4.71e-03	7.85e-02	9.17e-01	2.43e-06	0.00e+00	9.11e-11	2.73e-10	4.56e-10	4.81e-06	9.68e-06	1.33e-29
 1.07877e+16	1.25e-09	1.73e-05	5.39e-03	8.47e-02	9.10e-01	2.38e-06	0.00e+00	1.12e-10	3.36e-10	5.60e-10	5.76e-06	1.16e-05	2.26e-29
 1.10772e+16	1.52e-09	2.04e-05	6.09e-03	9.07e-02	9.03e-01	2.36e-06	0.00e+00	1.36e-10	4.08e-10	6.81e-10	6.79e-06	1.36e-05	3.63e-29
 1.13509e+16	1.80e-09	2.38e-05	6.83e-03	9.66e-02	8.97e-01	2.33e-06	0.00e+00	1.61e-10	4.84e-10	8.07e-10	7.90e-06	1.59e-05	5.63e-29
 1.16589e+16	2.23e-09	2.84e-05	7.80e-03	1.04e-01	8.88e-01	2.30e-06	0.00e+00	2.01e-10	6.02e-10	1.00e-09	9.43e-06	1.90e-05	9.46e-29
 1.19896e+16	2.75e-09	3.39e-05	8.93e-03	1.12e-01	8.79e-01	2.27e-06	0.00e+00	2.48e-10	7.43e-10	1.24e-09	1.13e-05	2.27e-05	1.57e-28
 1.22822e+16	3.31e-09	3.97e-05	1.01e-02	1.20e-01	8.70e-01	2.25e-06	0.00e+00	2.98e-10	8.95e-10	1.49e-09	1.32e-05	2.65e-05	2.41e-28
 1.25947e+16	4.06e-09	4.72e-05	1.15e-02	1.28e-01	8.60e-01	2.22e-06	0.00e+00	3.66e-10	1.10e-09	1.83e-09	1.57e-05	3.15e-05	3.95e-28
 1.29352e+16	5.07e-09	5.67e-05	1.32e-02	1.39e-01	8.48e-01	2.20e-06	0.00e+00	4.58e-10	1.37e-09	2.29e-09	1.88e-05	3.78e-05	6.52e-28
 1.32402e+16	6.16e-09	6.65e-05	1.50e-02	1.48e-01	8.37e-01	2.19e-06	0.00e+00	5.58e-10	1.67e-09	2.79e-09	2.21e-05	4.44e-05	1.00e-27
 1.35072e+16	7.35e-09	7.67e-05	1.67e-02	1.57e-01	8.26e-01	2.17e-06	0.00e+00	6.65e-10	2.00e-09	3.33e-09	2.55e-05	5.12e-05	1.46e-27
 1.37967e+16	8.86e-09	9.00e-05	1.89e-02	1.67e-01	8.14e-01	2.15e-06	0.00e+00	8.03e-10	2.41e-09	4.02e-09	2.99e-05	6.01e-05	2.28e-27
 1.41102e+16	1.10e-08	1.07e-04	2.16e-02	1.79e-01	7.99e-01	2.14e-06	0.00e+00	1.00e-09	3.00e-09	5.00e-09	3.55e-05	7.12e-05	3.60e-27
 1.43870e+16	1.31e-08	1.23e-04	2.42e-02	1.90e-01	7.86e-01	2.12e-06	0.00e+00	1.19e-09	3.56e-09	5.93e-09	4.11e-05	8.24e-05	5.22e-27
 1.46365e+16	1.55e-08	1.42e-04	2.70e-02	2.01e-01	7.72e-01	2.11e-06	0.00e+00	1.41e-09	4.22e-09	7.03e-09	4.72e-05	9.46e-05	7.54e-27
 1.49190e+16	1.90e-08	1.67e-04	3.07e-02	2.14e-01	7.55e-01	2.10e-06	0.00e+00	1.73e-09	5.18e-09	8.63e-09	5.56e-05	1.11e-04	1.18e-26
 1.52188e+16	2.37e-08	1.98e-04	3.51e-02	2.28e-01	7.36e-01	2.12e-06	0.00e+00	2.16e-09	6.48e-09	1.08e-08	6.60e-05	1.32e-04	1.86e-26
 1.54748e+16	2.85e-08	2.29e-04	3.93e-02	2.41e-01	7.19e-01	2.11e-06	0.00e+00	2.60e-09	7.79e-09	1.30e-08	7.63e-05	1.53e-04	2.70e-26
 1.57045e+16	3.38e-08	2.63e-04	4.38e-02	2.54e-01	7.02e-01	2.11e-06	0.00e+00	3.08e-09	9.25e-09	1.54e-08	8.75e-05	1.75e-04	3.88e-26
 1.59663e+16	4.10e-08	3.08e-04	4.96e-02	2.69e-01	6.81e-01	2.10e-06	0.00e+00	3.74e-09	1.12e-08	1.87e-08	1.03e-04	2.05e-04	5.94e-26
 1.62453e+16	5.15e-08	3.67e-04	5.69e-02	2.86e-01	6.56e-01	2.13e-06	0.00e+00	4.70e-09	1.41e-08	2.35e-08	1.22e-04	2.45e-04	9.60e-26
 1.64812e+16	6.19e-08	4.25e-04	6.39e-02	3.01e-01	6.34e-01	2.15e-06	4.43e-12	5.67e-09	1.70e-08	2.83e-08	1.41e-04	2.83e-04	1.41e-25
 1.66860e+16	7.36e-08	4.85e-04	7.09e-02	3.15e-01	6.13e-01	2.16e-06	0.00e+00	6.74e-09	2.02e-08	3.37e-08	1.62e-04	3.23e-04	2.00e-25
 1.69160e+16	8.94e-08	5.56e-04	7.97e-02	3.32e-01	5.88e-01	2.15e-06	0.00e+00	8.19e-09	2.46e-08	4.09e-08	1.85e-04	3.71e-04	2.86e-25
 1.71656e+16	1.12e-07	6.73e-04	9.14e-02	3.51e-01	5.57e-01	2.22e-06	0.00e+00	1.03e-08	3.08e-08	5.14e-08	2.24e-04	4.49e-04	4.99e-25
 1.73739e+16	1.34e-07	7.76e-04	1.02e-01	3.67e-01	5.30e-01	2.23e-06	5.90e-12	1.23e-08	3.70e-08	6.16e-08	2.58e-04	5.18e-04	7.34e-25
 1.75446e+16	1.58e-07	8.73e-04	1.12e-01	3.81e-01	5.06e-01	2.27e-06	0.00e+00	1.45e-08	4.35e-08	7.25e-08	2.91e-04	5.82e-04	1.01e-24
 1.77333e+16	1.89e-07	9.91e-04	1.25e-01	3.97e-01	4.78e-01	2.26e-06	6.77e-12	1.73e-08	5.20e-08	8.66e-08	3.30e-04	6.61e-04	1.44e-24
 1.79390e+16	2.31e-07	1.15e-03	1.40e-01	4.14e-01	4.45e-01	2.28e-06	0.00e+00	2.13e-08	6.38e-08	1.06e-07	3.84e-04	7.69e-04	2.23e-24
 1.81167e+16	2.80e-07	1.36e-03	1.56e-01	4.30e-01	4.12e-01	2.38e-06	0.00e+00	2.57e-08	7.72e-08	1.29e-07	4.52e-04	9.05e-04	3.77e-24
