#depth	N	N+	N+2	N+3	N+4	N+5	N+6	N+7
 1.49634e+10	0.00e+00	0.00e+00	2.35e-28	8.12e-19	4.97e-10	9.44e-01	5.55e-02	1.17e-06
 4.54887e+10	0.00e+00	1.67e-38	2.99e-28	9.56e-19	5.40e-10	9.49e-01	5.13e-02	9.98e-07
 7.72350e+10	0.00e+00	0.00e+00	3.81e-28	1.12e-18	5.87e-10	9.53e-01	4.75e-02	0.00e+00
 1.10251e+11	0.00e+00	3.16e-38	4.85e-28	1.32e-18	6.38e-10	9.56e-01	4.39e-02	0.00e+00
 1.44588e+11	0.00e+00	0.00e+00	6.17e-28	1.55e-18	6.93e-10	9.59e-01	4.05e-02	0.00e+00
 1.80298e+11	0.00e+00	6.00e-38	7.86e-28	1.83e-18	7.53e-10	9.63e-01	3.74e-02	0.00e+00
 2.17437e+11	0.00e+00	0.00e+00	1.00e-27	2.15e-18	8.18e-10	9.65e-01	3.45e-02	0.00e+00
 2.53903e+11	0.00e+00	1.12e-37	1.26e-27	2.51e-18	8.84e-10	9.68e-01	3.20e-02	0.00e+00
 2.87930e+11	0.00e+00	0.00e+00	1.54e-27	2.88e-18	9.48e-10	9.70e-01	2.99e-02	0.00e+00
 3.25475e+11	0.00e+00	1.96e-37	1.92e-27	3.33e-18	1.02e-09	9.72e-01	2.78e-02	0.00e+00
 3.68421e+11	0.00e+00	0.00e+00	2.44e-27	3.92e-18	1.11e-09	9.74e-01	2.56e-02	0.00e+00
 4.10922e+11	0.00e+00	3.67e-37	3.08e-27	4.57e-18	1.20e-09	9.76e-01	2.37e-02	0.00e+00
 4.55124e+11	0.00e+00	0.00e+00	3.87e-27	5.34e-18	1.30e-09	9.78e-01	2.19e-02	0.00e+00
 5.03256e+11	0.00e+00	6.88e-37	4.93e-27	6.28e-18	1.41e-09	9.80e-01	2.02e-02	0.00e+00
 5.53313e+11	0.00e+00	0.00e+00	6.28e-27	7.38e-18	1.53e-09	9.81e-01	1.86e-02	0.00e+00
 6.05372e+11	0.00e+00	1.31e-36	8.00e-27	8.68e-18	1.66e-09	9.83e-01	1.71e-02	0.00e+00
 6.59514e+11	3.34e-47	1.81e-36	1.02e-26	1.02e-17	1.80e-09	9.84e-01	1.58e-02	0.00e+00
 7.15821e+11	0.00e+00	0.00e+00	1.30e-26	1.20e-17	1.96e-09	9.85e-01	1.45e-02	0.00e+00
 7.74381e+11	0.00e+00	3.44e-36	1.66e-26	1.42e-17	2.12e-09	9.87e-01	1.33e-02	0.00e+00
 8.35283e+11	1.12e-46	4.76e-36	2.11e-26	1.67e-17	2.31e-09	9.88e-01	1.23e-02	0.00e+00
 8.98621e+11	0.00e+00	0.00e+00	2.70e-26	1.96e-17	2.51e-09	9.89e-01	1.13e-02	0.00e+00
 9.64492e+11	0.00e+00	9.09e-36	3.44e-26	2.31e-17	2.72e-09	9.90e-01	1.04e-02	0.00e+00
 1.03300e+12	3.76e-46	1.26e-35	4.39e-26	2.72e-17	2.96e-09	9.90e-01	9.55e-03	0.00e+00
 1.09759e+12	0.00e+00	0.00e+00	5.49e-26	3.16e-17	3.19e-09	9.91e-01	8.85e-03	0.00e+00
 1.15562e+12	0.00e+00	2.18e-35	6.66e-26	3.60e-17	3.40e-09	9.92e-01	8.28e-03	0.00e+00
 1.22085e+12	1.06e-45	2.89e-35	8.23e-26	4.15e-17	3.66e-09	9.92e-01	7.70e-03	0.00e+00
 1.29784e+12	0.00e+00	0.00e+00	1.05e-25	4.88e-17	3.97e-09	9.93e-01	7.09e-03	0.00e+00
 1.37467e+12	0.00e+00	5.41e-35	1.32e-25	5.70e-17	4.29e-09	9.93e-01	6.55e-03	0.00e+00
 1.44707e+12	3.30e-45	7.16e-35	1.63e-25	6.57e-17	4.61e-09	9.94e-01	6.09e-03	0.00e+00
 1.52738e+12	0.00e+00	0.00e+00	2.05e-25	7.66e-17	4.98e-09	9.94e-01	5.63e-03	0.00e+00
 1.61840e+12	0.00e+00	1.35e-34	2.63e-25	9.06e-17	5.42e-09	9.95e-01	5.17e-03	0.00e+00
 1.70936e+12	1.08e-44	1.85e-34	3.33e-25	1.06e-16	5.88e-09	9.95e-01	4.76e-03	0.00e+00
 1.80395e+12	0.00e+00	2.54e-34	4.24e-25	1.25e-16	6.38e-09	9.96e-01	4.39e-03	0.00e+00
 1.90604e+12	2.43e-44	3.54e-34	5.45e-25	1.48e-16	6.95e-09	9.96e-01	4.03e-03	0.00e+00
 2.01221e+12	0.00e+00	4.94e-34	7.01e-25	1.76e-16	7.57e-09	9.96e-01	3.69e-03	0.00e+00
 2.11281e+12	5.38e-44	6.70e-34	8.82e-25	2.05e-16	8.18e-09	9.97e-01	3.41e-03	0.00e+00
 2.20409e+12	0.00e+00	8.75e-34	1.08e-24	2.35e-16	8.77e-09	9.97e-01	3.18e-03	0.00e+00
 2.30713e+12	1.08e-43	1.17e-33	1.35e-24	2.73e-16	9.46e-09	9.97e-01	2.95e-03	0.00e+00
 2.42765e+12	0.00e+00	1.63e-33	1.73e-24	3.24e-16	1.03e-08	9.97e-01	2.71e-03	0.00e+00
 2.54704e+12	2.43e-43	2.24e-33	2.20e-24	3.81e-16	1.12e-08	9.98e-01	2.49e-03	0.00e+00
 2.65999e+12	0.00e+00	2.99e-33	2.74e-24	4.42e-16	1.21e-08	9.98e-01	2.31e-03	0.00e+00
 2.78510e+12	5.13e-43	4.08e-33	3.47e-24	5.19e-16	1.31e-08	9.98e-01	2.13e-03	0.00e+00
 2.92643e+12	0.00e+00	5.73e-33	4.49e-24	6.18e-16	1.43e-08	9.98e-01	1.95e-03	0.00e+00
 3.06701e+12	1.17e-42	7.91e-33	5.73e-24	7.30e-16	1.56e-08	9.98e-01	1.79e-03	0.00e+00
 3.21321e+12	0.00e+00	1.10e-32	7.36e-24	8.66e-16	1.70e-08	9.98e-01	1.64e-03	0.00e+00
 3.37166e+12	2.68e-42	1.54e-32	9.54e-24	1.03e-15	1.86e-08	9.98e-01	1.50e-03	0.00e+00
 3.53272e+12	0.00e+00	2.16e-32	1.23e-23	1.23e-15	2.03e-08	9.99e-01	1.37e-03	0.00e+00
 3.70021e+12	6.14e-42	3.01e-32	1.59e-23	1.46e-15	2.22e-08	9.99e-01	1.26e-03	0.00e+00
 3.87117e+12	0.00e+00	4.19e-32	2.04e-23	1.74e-15	2.43e-08	9.99e-01	1.15e-03	0.00e+00
 4.04896e+12	1.39e-41	5.82e-32	2.63e-23	2.07e-15	2.66e-08	9.99e-01	1.05e-03	0.00e+00
 4.24085e+12	0.00e+00	8.20e-32	3.42e-23	2.48e-15	2.91e-08	9.99e-01	9.62e-04	0.00e+00
 4.44041e+12	3.26e-41	1.16e-31	4.45e-23	2.98e-15	3.20e-08	9.99e-01	8.77e-04	0.00e+00
 4.64795e+12	0.00e+00	1.63e-31	5.79e-23	3.58e-15	3.52e-08	9.99e-01	7.99e-04	0.00e+00
 4.86380e+12	7.61e-41	2.29e-31	7.54e-23	4.30e-15	3.87e-08	9.99e-01	7.27e-04	0.00e+00
 5.08828e+12	0.00e+00	3.23e-31	9.81e-23	5.16e-15	4.25e-08	9.99e-01	6.62e-04	0.00e+00
 5.29139e+12	1.68e-40	4.35e-31	1.24e-22	6.07e-15	4.62e-08	9.99e-01	6.10e-04	0.00e+00
 5.46057e+12	0.00e+00	5.52e-31	1.49e-22	6.89e-15	4.94e-08	9.99e-01	5.71e-04	0.00e+00
 5.64574e+12	3.09e-40	7.13e-31	1.81e-22	7.93e-15	5.32e-08	9.99e-01	5.31e-04	0.00e+00
 5.88037e+12	0.00e+00	9.74e-31	2.31e-22	9.40e-15	5.81e-08	1.00e+00	4.87e-04	0.00e+00
 6.12508e+12	6.65e-40	1.33e-30	2.95e-22	1.12e-14	6.36e-08	1.00e+00	4.46e-04	0.00e+00
 6.34165e+12	0.00e+00	1.74e-30	3.63e-22	1.29e-14	6.87e-08	1.00e+00	4.13e-04	0.00e+00
 6.54465e+12	1.24e-39	2.21e-30	4.38e-22	1.48e-14	7.36e-08	1.00e+00	3.86e-04	0.00e+00
 6.77731e+12	0.00e+00	2.89e-30	5.39e-22	1.71e-14	7.96e-08	1.00e+00	3.57e-04	0.00e+00
 7.06195e+12	2.52e-39	3.95e-30	6.90e-22	2.04e-14	8.73e-08	1.00e+00	3.26e-04	0.00e+00
 7.34461e+12	0.00e+00	5.33e-30	8.73e-22	2.41e-14	9.55e-08	1.00e+00	2.99e-04	0.00e+00
 7.59083e+12	4.94e-39	6.85e-30	1.06e-21	2.78e-14	1.03e-07	1.00e+00	2.78e-04	0.00e+00
 7.85923e+12	0.00e+00	8.92e-30	1.31e-21	3.22e-14	1.11e-07	1.00e+00	2.57e-04	0.00e+00
 8.18612e+12	9.91e-39	1.21e-29	1.67e-21	3.84e-14	1.22e-07	1.00e+00	2.35e-04	0.00e+00
 8.51893e+12	0.00e+00	1.64e-29	2.11e-21	4.55e-14	1.34e-07	1.00e+00	2.15e-04	0.00e+00
 8.82429e+12	1.97e-38	2.14e-29	2.61e-21	5.29e-14	1.45e-07	1.00e+00	1.98e-04	0.00e+00
 9.16408e+12	0.00e+00	2.84e-29	3.26e-21	6.21e-14	1.58e-07	1.00e+00	1.82e-04	0.00e+00
 9.55823e+12	4.06e-38	3.88e-29	4.18e-21	7.44e-14	1.74e-07	1.00e+00	1.66e-04	0.00e+00
 9.94804e+12	0.00e+00	5.23e-29	5.29e-21	8.81e-14	1.90e-07	1.00e+00	1.52e-04	0.00e+00
 1.03226e+13	8.11e-38	6.88e-29	6.57e-21	1.03e-13	2.07e-07	1.00e+00	1.40e-04	0.00e+00
 1.07346e+13	0.00e+00	9.19e-29	8.26e-21	1.22e-13	2.26e-07	1.00e+00	1.28e-04	0.00e+00
 1.11939e+13	1.67e-37	1.25e-28	1.05e-20	1.45e-13	2.49e-07	1.00e+00	1.17e-04	0.00e+00
 1.16576e+13	0.00e+00	1.69e-28	1.34e-20	1.72e-13	2.73e-07	1.00e+00	1.07e-04	0.00e+00
 1.20755e+13	3.28e-37	2.18e-28	1.64e-20	2.00e-13	2.95e-07	1.00e+00	9.85e-05	0.00e+00
 1.24298e+13	0.00e+00	2.70e-28	1.94e-20	2.25e-13	3.15e-07	1.00e+00	9.24e-05	0.00e+00
 1.28114e+13	5.55e-37	3.37e-28	2.31e-20	2.56e-13	3.37e-07	1.00e+00	8.64e-05	0.00e+00
 1.33026e+13	0.00e+00	4.43e-28	2.87e-20	2.99e-13	3.67e-07	1.00e+00	7.95e-05	0.00e+00
 1.38141e+13	1.08e-36	5.84e-28	3.57e-20	3.50e-13	3.99e-07	1.00e+00	7.32e-05	0.00e+00
 1.42550e+13	0.00e+00	7.34e-28	4.28e-20	3.99e-13	4.28e-07	1.00e+00	6.83e-05	0.00e+00
 1.47262e+13	1.90e-36	9.31e-28	5.16e-20	4.57e-13	4.60e-07	1.00e+00	6.36e-05	0.00e+00
 1.53074e+13	0.00e+00	1.23e-27	6.45e-20	5.36e-13	5.02e-07	1.00e+00	5.84e-05	0.00e+00
 1.59022e+13	3.75e-36	1.63e-27	8.03e-20	6.28e-13	5.46e-07	1.00e+00	5.37e-05	0.00e+00
 1.64400e+13	0.00e+00	2.07e-27	9.72e-20	7.20e-13	5.88e-07	1.00e+00	5.00e-05	0.00e+00
 1.70332e+13	6.89e-36	2.69e-27	1.19e-19	8.33e-13	6.36e-07	1.00e+00	4.63e-05	0.00e+00
 1.76790e+13	0.00e+00	3.52e-27	1.47e-19	9.71e-13	6.90e-07	1.00e+00	4.27e-05	0.00e+00
 1.82631e+13	1.28e-35	4.46e-27	1.78e-19	1.11e-12	7.41e-07	1.00e+00	3.98e-05	0.00e+00
 1.88922e+13	0.00e+00	5.71e-27	2.16e-19	1.27e-12	7.98e-07	1.00e+00	3.70e-05	0.00e+00
 1.96001e+13	2.39e-35	7.46e-27	2.66e-19	1.48e-12	8.65e-07	1.00e+00	3.41e-05	0.00e+00
 2.02726e+13	0.00e+00	9.54e-27	3.23e-19	1.70e-12	9.31e-07	1.00e+00	3.17e-05	0.00e+00
 2.10094e+13	4.42e-35	1.24e-26	3.97e-19	1.97e-12	1.01e-06	1.00e+00	2.94e-05	0.00e+00
 2.18243e+13	0.00e+00	1.64e-26	4.93e-19	2.30e-12	1.09e-06	1.00e+00	2.71e-05	0.00e+00
 2.25810e+13	8.40e-35	2.10e-26	6.00e-19	2.64e-12	1.18e-06	1.00e+00	2.52e-05	0.00e+00
 2.34048e+13	0.00e+00	2.73e-26	7.37e-19	3.05e-12	1.27e-06	1.00e+00	2.33e-05	0.00e+00
 2.43285e+13	1.64e-34	3.62e-26	9.20e-19	3.57e-12	1.38e-06	1.00e+00	2.14e-05	0.00e+00
 2.52049e+13	2.25e-34	4.70e-26	1.13e-18	4.13e-12	1.49e-06	1.00e+00	1.99e-05	0.00e+00
 2.61506e+13	3.13e-34	6.16e-26	1.39e-18	4.79e-12	1.62e-06	1.00e+00	1.84e-05	0.00e+00
 2.72026e+13	4.46e-34	8.23e-26	1.75e-18	5.62e-12	1.76e-06	1.00e+00	1.69e-05	0.00e+00
 2.82172e+13	6.22e-34	1.08e-25	2.16e-18	6.51e-12	1.90e-06	1.00e+00	1.57e-05	0.00e+00
 2.92963e+13	8.74e-34	1.43e-25	2.68e-18	7.58e-12	2.06e-06	1.00e+00	1.45e-05	0.00e+00
 3.04981e+13	1.26e-33	1.92e-25	3.38e-18	8.91e-12	2.24e-06	1.00e+00	1.33e-05	0.00e+00
 3.17050e+13	1.79e-33	2.56e-25	4.22e-18	1.04e-11	2.44e-06	1.00e+00	1.22e-05	0.00e+00
 3.29601e+13	2.56e-33	3.42e-25	5.28e-18	1.22e-11	2.65e-06	1.00e+00	1.13e-05	0.00e+00
 3.43085e+13	3.69e-33	4.61e-25	6.66e-18	1.43e-11	2.88e-06	1.00e+00	1.04e-05	0.00e+00
 3.57107e+13	5.33e-33	6.23e-25	8.40e-18	1.68e-11	3.13e-06	1.00e+00	9.54e-06	0.00e+00
 3.70919e+13	7.56e-33	8.28e-25	1.05e-17	1.96e-11	3.39e-06	1.00e+00	8.81e-06	0.00e+00
 3.83824e+13	1.04e-32	1.07e-24	1.28e-17	2.25e-11	3.65e-06	1.00e+00	8.21e-06	0.00e+00
 3.98017e+13	1.45e-32	1.41e-24	1.58e-17	2.60e-11	3.93e-06	1.00e+00	7.61e-06	0.00e+00
 4.12573e+13	2.03e-32	1.85e-24	1.94e-17	3.00e-11	4.24e-06	1.00e+00	7.06e-06	0.00e+00
 4.24831e+13	2.67e-32	2.30e-24	2.30e-17	3.37e-11	4.50e-06	1.00e+00	6.65e-06	0.00e+00
 4.37833e+13	3.54e-32	2.90e-24	2.74e-17	3.80e-11	4.79e-06	1.00e+00	6.25e-06	0.00e+00
 4.54234e+13	5.00e-32	3.83e-24	3.40e-17	4.41e-11	5.17e-06	1.00e+00	5.79e-06	0.00e+00
 4.71302e+13	7.08e-32	5.08e-24	4.22e-17	5.11e-11	5.58e-06	1.00e+00	5.37e-06	0.00e+00
 4.86548e+13	9.58e-32	6.48e-24	5.08e-17	5.80e-11	5.96e-06	1.00e+00	5.03e-06	0.00e+00
 5.03182e+13	1.32e-31	8.39e-24	6.18e-17	6.63e-11	6.38e-06	1.00e+00	4.70e-06	0.00e+00
 5.21595e+13	1.85e-31	1.10e-23	7.63e-17	7.66e-11	6.87e-06	1.00e+00	4.37e-06	0.00e+00
 5.38644e+13	2.52e-31	1.42e-23	9.22e-17	8.70e-11	7.34e-06	1.00e+00	4.09e-06	0.00e+00
 5.57126e+13	3.48e-31	1.84e-23	1.12e-16	9.95e-11	7.86e-06	1.00e+00	3.82e-06	0.00e+00
 5.77801e+13	4.93e-31	2.43e-23	1.39e-16	1.15e-10	8.47e-06	1.00e+00	3.55e-06	0.00e+00
 5.97251e+13	6.78e-31	3.14e-23	1.69e-16	1.31e-10	9.05e-06	1.00e+00	3.32e-06	0.00e+00
 6.18462e+13	9.50e-31	4.12e-23	2.08e-16	1.51e-10	9.71e-06	1.00e+00	3.09e-06	0.00e+00
 6.42099e+13	1.36e-30	5.51e-23	2.59e-16	1.75e-10	1.05e-05	1.00e+00	2.86e-06	0.00e+00
 6.64250e+13	1.89e-30	7.18e-23	3.16e-16	2.00e-10	1.12e-05	1.00e+00	2.68e-06	0.00e+00
 6.88398e+13	2.68e-30	9.49e-23	3.90e-16	2.31e-10	1.21e-05	1.00e+00	2.49e-06	0.00e+00
 7.15450e+13	3.89e-30	1.28e-22	4.90e-16	2.69e-10	1.30e-05	1.00e+00	2.30e-06	0.00e+00
 7.41081e+13	5.49e-30	1.69e-22	6.04e-16	3.10e-10	1.40e-05	1.00e+00	2.15e-06	0.00e+00
 7.68520e+13	7.83e-30	2.25e-22	7.48e-16	3.58e-10	1.51e-05	1.00e+00	2.00e-06	0.00e+00
 7.99560e+13	1.15e-29	3.06e-22	9.46e-16	4.19e-10	1.63e-05	1.00e+00	1.84e-06	0.00e+00
 8.30129e+13	1.66e-29	4.11e-22	1.18e-15	4.87e-10	1.76e-05	1.00e+00	1.71e-06	0.00e+00
 8.61920e+13	2.40e-29	5.52e-22	1.48e-15	5.65e-10	1.90e-05	1.00e+00	1.59e-06	0.00e+00
 8.96696e+13	3.54e-29	7.53e-22	1.87e-15	6.61e-10	2.05e-05	1.00e+00	1.46e-06	0.00e+00
 9.32082e+13	5.17e-29	1.02e-21	2.35e-15	7.71e-10	2.22e-05	1.00e+00	1.36e-06	0.00e+00
 9.68883e+13	7.55e-29	1.38e-21	2.95e-15	9.00e-10	2.40e-05	1.00e+00	1.25e-06	0.00e+00
 1.00574e+14	1.09e-28	1.86e-21	3.68e-15	1.04e-09	2.58e-05	1.00e+00	1.16e-06	0.00e+00
 1.04074e+14	1.52e-28	2.43e-21	4.51e-15	1.20e-09	2.77e-05	1.00e+00	1.09e-06	0.00e+00
 1.07934e+14	2.17e-28	3.24e-21	5.60e-15	1.38e-09	2.98e-05	1.00e+00	1.01e-06	0.00e+00
 1.11787e+14	3.06e-28	4.26e-21	6.89e-15	1.59e-09	3.20e-05	1.00e+00	9.40e-07	0.00e+00
 1.14986e+14	4.03e-28	5.32e-21	8.15e-15	1.78e-09	3.38e-05	1.00e+00	0.00e+00	0.00e+00
 1.18381e+14	5.36e-28	6.68e-21	9.68e-15	2.00e-09	3.59e-05	1.00e+00	0.00e+00	0.00e+00
 1.22721e+14	7.61e-28	8.85e-21	1.20e-14	2.31e-09	3.86e-05	1.00e+00	0.00e+00	0.00e+00
 1.27279e+14	1.08e-27	1.18e-20	1.49e-14	2.67e-09	4.16e-05	1.00e+00	0.00e+00	0.00e+00
 1.31314e+14	1.47e-27	1.50e-20	1.79e-14	3.03e-09	4.43e-05	1.00e+00	0.00e+00	0.00e+00
 1.35679e+14	2.02e-27	1.94e-20	2.17e-14	3.45e-09	4.73e-05	1.00e+00	0.00e+00	0.00e+00
 1.40925e+14	2.91e-27	2.61e-20	2.72e-14	4.02e-09	5.12e-05	1.00e+00	0.00e+00	0.00e+00
 1.46238e+14	4.17e-27	3.48e-20	3.39e-14	4.66e-09	5.52e-05	1.00e+00	0.00e+00	0.00e+00
 1.51216e+14	5.77e-27	4.52e-20	4.13e-14	5.33e-09	5.91e-05	1.00e+00	0.00e+00	0.00e+00
 1.56746e+14	8.15e-27	5.98e-20	5.11e-14	6.15e-09	6.36e-05	1.00e+00	0.00e+00	0.00e+00
 1.62604e+14	1.16e-26	7.96e-20	6.35e-14	7.13e-09	6.86e-05	1.00e+00	0.00e+00	0.00e+00
 1.67808e+14	1.57e-26	1.02e-19	7.65e-14	8.09e-09	7.31e-05	1.00e+00	0.00e+00	0.00e+00
 1.73405e+14	2.16e-26	1.31e-19	9.29e-14	9.23e-09	7.82e-05	1.00e+00	0.00e+00	0.00e+00
 1.80115e+14	3.11e-26	1.76e-19	1.16e-13	1.07e-08	8.46e-05	1.00e+00	0.00e+00	0.00e+00
 1.86721e+14	4.40e-26	2.33e-19	1.44e-13	1.24e-08	9.11e-05	1.00e+00	0.00e+00	0.00e+00
 1.92601e+14	5.93e-26	2.97e-19	1.73e-13	1.41e-08	9.71e-05	1.00e+00	0.00e+00	0.00e+00
 1.99092e+14	8.15e-26	3.84e-19	2.11e-13	1.61e-08	1.04e-04	1.00e+00	0.00e+00	0.00e+00
 2.06831e+14	1.17e-25	5.15e-19	2.64e-13	1.87e-08	1.13e-04	1.00e+00	0.00e+00	0.00e+00
 2.14509e+14	1.67e-25	6.84e-19	3.27e-13	2.17e-08	1.21e-04	1.00e+00	0.00e+00	0.00e+00
 2.21519e+14	2.27e-25	8.78e-19	3.96e-13	2.47e-08	1.30e-04	1.00e+00	0.00e+00	0.00e+00
 2.29346e+14	3.17e-25	1.15e-18	4.87e-13	2.84e-08	1.39e-04	1.00e+00	0.00e+00	0.00e+00
 2.38460e+14	4.60e-25	1.55e-18	6.13e-13	3.32e-08	1.51e-04	1.00e+00	0.00e+00	0.00e+00
 2.47413e+14	6.56e-25	2.07e-18	7.62e-13	3.85e-08	1.63e-04	1.00e+00	0.00e+00	0.00e+00
 2.55866e+14	9.07e-25	2.69e-18	9.30e-13	4.40e-08	1.75e-04	1.00e+00	0.00e+00	0.00e+00
 2.65272e+14	1.28e-24	3.56e-18	1.15e-12	5.09e-08	1.88e-04	1.00e+00	0.00e+00	0.00e+00
 2.75913e+14	1.87e-24	4.83e-18	1.45e-12	5.96e-08	2.04e-04	1.00e+00	0.00e+00	0.00e+00
 2.86565e+14	2.70e-24	6.48e-18	1.82e-12	6.94e-08	2.20e-04	1.00e+00	0.00e+00	0.00e+00
 2.96564e+14	3.76e-24	8.47e-18	2.23e-12	7.96e-08	2.36e-04	1.00e+00	0.00e+00	0.00e+00
 3.07378e+14	5.31e-24	1.12e-17	2.76e-12	9.19e-08	2.54e-04	1.00e+00	0.00e+00	0.00e+00
 3.19703e+14	7.76e-24	1.52e-17	3.48e-12	1.08e-07	2.76e-04	1.00e+00	0.00e+00	0.00e+00
 3.31350e+14	1.10e-23	2.01e-17	4.30e-12	1.24e-07	2.97e-04	1.00e+00	0.00e+00	0.00e+00
 3.41865e+14	1.49e-23	2.57e-17	5.18e-12	1.41e-07	3.16e-04	1.00e+00	0.00e+00	0.00e+00
 3.51828e+14	1.96e-23	3.21e-17	6.14e-12	1.58e-07	3.35e-04	1.00e+00	0.00e+00	0.00e+00
 3.62895e+14	2.65e-23	4.09e-17	7.38e-12	1.79e-07	3.57e-04	1.00e+00	0.00e+00	0.00e+00
 3.75238e+14	3.67e-23	5.31e-17	9.00e-12	2.04e-07	3.82e-04	1.00e+00	0.00e+00	0.00e+00
 3.86860e+14	4.93e-23	6.74e-17	1.08e-11	2.31e-07	4.07e-04	1.00e+00	0.00e+00	0.00e+00
 3.99591e+14	6.76e-23	8.69e-17	1.31e-11	2.63e-07	4.35e-04	1.00e+00	0.00e+00	0.00e+00
 4.13857e+14	9.50e-23	1.14e-16	1.61e-11	3.03e-07	4.67e-04	1.00e+00	0.00e+00	0.00e+00
 4.27341e+14	1.30e-22	1.47e-16	1.95e-11	3.44e-07	4.98e-04	1.00e+00	0.00e+00	0.00e+00
 4.42095e+14	1.81e-22	1.92e-16	2.38e-11	3.94e-07	5.34e-04	9.99e-01	0.00e+00	0.00e+00
 4.58397e+14	2.57e-22	2.55e-16	2.95e-11	4.56e-07	5.75e-04	9.99e-01	0.00e+00	0.00e+00
 4.73439e+14	3.52e-22	3.28e-16	3.58e-11	5.18e-07	6.14e-04	9.99e-01	0.00e+00	0.00e+00
 4.89718e+14	4.89e-22	4.27e-16	4.37e-11	5.93e-07	6.57e-04	9.99e-01	0.00e+00	0.00e+00
 5.07907e+14	6.98e-22	5.69e-16	5.43e-11	6.87e-07	7.08e-04	9.99e-01	0.00e+00	0.00e+00
 5.24991e+14	9.62e-22	7.37e-16	6.61e-11	7.84e-07	7.58e-04	9.99e-01	0.00e+00	0.00e+00
 5.43611e+14	1.35e-21	9.68e-16	8.13e-11	9.01e-07	8.13e-04	9.99e-01	0.00e+00	0.00e+00
 5.64310e+14	1.93e-21	1.29e-15	1.01e-10	1.05e-06	8.78e-04	9.99e-01	0.00e+00	0.00e+00
 5.83633e+14	2.69e-21	1.69e-15	1.24e-10	1.20e-06	9.40e-04	9.99e-01	0.00e+00	0.00e+00
 6.04653e+14	3.78e-21	2.22e-15	1.53e-10	1.38e-06	1.01e-03	9.99e-01	0.00e+00	0.00e+00
 6.28166e+14	5.45e-21	2.98e-15	1.91e-10	1.61e-06	1.09e-03	9.99e-01	0.00e+00	0.00e+00
 6.50402e+14	7.61e-21	3.91e-15	2.35e-10	1.85e-06	1.17e-03	9.99e-01	0.00e+00	0.00e+00
 6.74231e+14	1.08e-20	5.17e-15	2.91e-10	2.13e-06	1.26e-03	9.99e-01	0.00e+00	0.00e+00
 7.01230e+14	1.56e-20	6.98e-15	3.66e-10	2.50e-06	1.37e-03	9.99e-01	0.00e+00	0.00e+00
 7.27733e+14	2.23e-20	9.32e-15	4.56e-10	2.90e-06	1.48e-03	9.99e-01	0.00e+00	0.00e+00
 7.55295e+14	3.16e-20	1.24e-14	5.68e-10	3.37e-06	1.60e-03	9.98e-01	0.00e+00	0.00e+00
 7.85537e+14	4.56e-20	1.67e-14	7.15e-10	3.94e-06	1.74e-03	9.98e-01	0.00e+00	0.00e+00
 8.15384e+14	6.45e-20	2.22e-14	8.90e-10	4.58e-06	1.88e-03	9.98e-01	0.00e+00	0.00e+00
 8.40111e+14	8.52e-20	2.78e-14	1.06e-09	5.17e-06	2.00e-03	9.98e-01	0.00e+00	0.00e+00
 8.59974e+14	1.06e-19	3.31e-14	1.22e-09	5.68e-06	2.11e-03	9.98e-01	0.00e+00	0.00e+00
 8.81977e+14	1.33e-19	4.01e-14	1.41e-09	6.28e-06	2.22e-03	9.98e-01	0.00e+00	0.00e+00
 9.10581e+14	1.78e-19	5.09e-14	1.70e-09	7.15e-06	2.38e-03	9.98e-01	0.00e+00	0.00e+00
 9.41283e+14	2.41e-19	6.52e-14	2.06e-09	8.17e-06	2.56e-03	9.97e-01	0.00e+00	0.00e+00
 9.68563e+14	3.12e-19	8.05e-14	2.43e-09	9.17e-06	2.72e-03	9.97e-01	0.00e+00	0.00e+00
 9.97877e+14	4.08e-19	1.01e-13	2.90e-09	1.03e-05	2.90e-03	9.97e-01	0.00e+00	0.00e+00
 1.03475e+15	5.64e-19	1.31e-13	3.58e-09	1.20e-05	3.14e-03	9.97e-01	0.00e+00	0.00e+00
 1.07213e+15	7.72e-19	1.70e-13	4.40e-09	1.38e-05	3.39e-03	9.97e-01	0.00e+00	0.00e+00
 1.10426e+15	1.00e-18	2.11e-13	5.22e-09	1.56e-05	3.62e-03	9.96e-01	0.00e+00	0.00e+00
 1.13889e+15	1.31e-18	2.64e-13	6.24e-09	1.76e-05	3.88e-03	9.96e-01	0.00e+00	0.00e+00
 1.18164e+15	1.81e-18	3.45e-13	7.73e-09	2.05e-05	4.21e-03	9.96e-01	0.00e+00	0.00e+00
 1.22520e+15	2.47e-18	4.48e-13	9.53e-09	2.37e-05	4.56e-03	9.95e-01	0.00e+00	0.00e+00
 1.26391e+15	3.22e-18	5.61e-13	1.14e-08	2.69e-05	4.89e-03	9.95e-01	0.00e+00	0.00e+00
 1.30608e+15	4.25e-18	7.08e-13	1.38e-08	3.07e-05	5.26e-03	9.95e-01	0.00e+00	0.00e+00
 1.35653e+15	5.88e-18	9.29e-13	1.72e-08	3.57e-05	5.73e-03	9.94e-01	0.00e+00	0.00e+00
 1.40637e+15	7.97e-18	1.20e-12	2.12e-08	4.13e-05	6.22e-03	9.94e-01	0.00e+00	0.00e+00
 1.45119e+15	1.04e-17	1.50e-12	2.54e-08	4.69e-05	6.67e-03	9.93e-01	0.00e+00	0.00e+00
 1.50087e+15	1.38e-17	1.91e-12	3.08e-08	5.37e-05	7.20e-03	9.93e-01	0.00e+00	0.00e+00
 1.55954e+15	1.90e-17	2.50e-12	3.85e-08	6.27e-05	7.85e-03	9.92e-01	0.00e+00	0.00e+00
 1.61751e+15	2.57e-17	3.24e-12	4.76e-08	7.26e-05	8.53e-03	9.91e-01	0.00e+00	0.00e+00
 1.67107e+15	3.38e-17	4.08e-12	5.75e-08	8.28e-05	9.19e-03	9.91e-01	0.00e+00	0.00e+00
 1.73121e+15	4.53e-17	5.24e-12	7.07e-08	9.55e-05	9.96e-03	9.90e-01	0.00e+00	0.00e+00
 1.80049e+15	6.29e-17	6.92e-12	8.89e-08	1.12e-04	1.09e-02	9.89e-01	0.00e+00	0.00e+00
 1.86829e+15	8.55e-17	9.00e-12	1.10e-07	1.30e-04	1.18e-02	9.88e-01	0.00e+00	0.00e+00
 1.93881e+15	1.17e-16	1.17e-11	1.37e-07	1.51e-04	1.29e-02	9.87e-01	0.00e+00	0.00e+00
 2.01639e+15	1.88e-16	1.55e-11	1.73e-07	1.76e-04	1.41e-02	9.86e-01	0.00e+00	0.00e+00
 2.08201e+15	2.47e-16	1.95e-11	2.08e-07	2.00e-04	1.51e-02	9.85e-01	0.00e+00	0.00e+00
 2.13004e+15	2.99e-16	2.29e-11	2.38e-07	2.19e-04	1.59e-02	9.84e-01	0.00e+00	0.00e+00
 2.18051e+15	3.65e-16	2.71e-11	2.73e-07	2.41e-04	1.68e-02	9.83e-01	0.00e+00	0.00e+00
 2.24612e+15	4.70e-16	3.35e-11	3.26e-07	2.72e-04	1.80e-02	9.82e-01	0.00e+00	0.00e+00
 2.31842e+15	6.16e-16	4.21e-11	3.93e-07	3.08e-04	1.93e-02	9.80e-01	0.00e+00	0.00e+00
 2.38528e+15	7.83e-16	5.16e-11	4.65e-07	3.45e-04	2.06e-02	9.79e-01	0.00e+00	0.00e+00
 2.45808e+15	1.01e-15	6.41e-11	5.56e-07	3.90e-04	2.20e-02	9.78e-01	0.00e+00	0.00e+00
 2.53992e+15	1.34e-15	8.15e-11	6.76e-07	4.45e-04	2.37e-02	9.76e-01	0.00e+00	0.00e+00
 2.61770e+15	1.74e-15	1.01e-10	8.09e-07	5.01e-04	2.54e-02	9.74e-01	0.00e+00	0.00e+00
 2.70300e+15	2.29e-15	1.28e-10	9.80e-07	5.70e-04	2.73e-02	9.72e-01	0.00e+00	0.00e+00
 2.79869e+15	3.10e-15	1.65e-10	1.21e-06	6.56e-04	2.95e-02	9.70e-01	0.00e+00	0.00e+00
 2.88971e+15	4.08e-15	2.09e-10	1.46e-06	7.45e-04	3.17e-02	9.68e-01	0.00e+00	0.00e+00
 2.98986e+15	5.50e-15	2.69e-10	1.80e-06	8.54e-04	3.41e-02	9.65e-01	0.00e+00	0.00e+00
 3.10198e+15	7.60e-15	3.53e-10	2.25e-06	9.91e-04	3.71e-02	9.62e-01	0.00e+00	0.00e+00
 3.20736e+15	1.01e-14	4.52e-10	2.74e-06	1.13e-03	3.99e-02	9.59e-01	0.00e+00	0.00e+00
 3.32208e+15	1.38e-14	5.87e-10	3.39e-06	1.30e-03	4.31e-02	9.56e-01	0.00e+00	0.00e+00
 3.45005e+15	1.94e-14	7.80e-10	4.27e-06	1.52e-03	4.69e-02	9.52e-01	0.00e+00	0.00e+00
 3.56990e+15	2.61e-14	1.01e-09	5.25e-06	1.74e-03	5.05e-02	9.48e-01	0.00e+00	0.00e+00
 3.69917e+15	3.58e-14	1.31e-09	6.52e-06	2.01e-03	5.46e-02	9.43e-01	0.00e+00	0.00e+00
 3.84372e+15	5.03e-14	1.75e-09	8.23e-06	2.34e-03	5.93e-02	9.38e-01	0.00e+00	0.00e+00
 3.98239e+15	6.92e-14	2.30e-09	1.02e-05	2.70e-03	6.40e-02	9.33e-01	0.00e+00	0.00e+00
 4.13005e+15	9.57e-14	3.02e-09	1.28e-05	3.12e-03	6.92e-02	9.28e-01	0.00e+00	0.00e+00
 4.29529e+15	1.36e-13	4.07e-09	1.62e-05	3.66e-03	7.53e-02	9.21e-01	0.00e+00	0.00e+00
 4.43391e+15	1.80e-13	5.17e-09	1.97e-05	4.15e-03	8.06e-02	9.15e-01	0.00e+00	0.00e+00
 4.53315e+15	2.19e-13	6.11e-09	2.25e-05	4.54e-03	8.45e-02	9.11e-01	0.00e+00	0.00e+00
 4.63628e+15	2.69e-13	7.26e-09	2.58e-05	4.96e-03	8.86e-02	9.06e-01	0.00e+00	0.00e+00
 4.77036e+15	3.47e-13	9.01e-09	3.07e-05	5.56e-03	9.40e-02	9.00e-01	0.00e+00	0.00e+00
 4.91997e+15	4.59e-13	1.14e-08	3.71e-05	6.30e-03	1.00e-01	8.93e-01	0.00e+00	0.00e+00
 5.05981e+15	5.88e-13	1.41e-08	4.40e-05	7.03e-03	1.06e-01	8.87e-01	0.00e+00	0.00e+00
 5.21161e+15	7.70e-13	1.77e-08	5.27e-05	7.91e-03	1.13e-01	8.79e-01	0.00e+00	0.00e+00
 5.38150e+15	1.03e-12	2.26e-08	6.41e-05	8.99e-03	1.21e-01	8.70e-01	0.00e+00	0.00e+00
 5.54190e+15	1.34e-12	2.83e-08	7.67e-05	1.01e-02	1.28e-01	8.62e-01	0.00e+00	0.00e+00
 5.71741e+15	1.79e-12	3.60e-08	9.28e-05	1.14e-02	1.37e-01	8.52e-01	0.00e+00	0.00e+00
 5.91336e+15	2.44e-12	4.66e-08	1.14e-04	1.31e-02	1.46e-01	8.41e-01	0.00e+00	0.00e+00
 6.09845e+15	3.23e-12	5.91e-08	1.37e-04	1.48e-02	1.55e-01	8.30e-01	0.00e+00	0.00e+00
 6.30162e+15	4.37e-12	7.62e-08	1.68e-04	1.68e-02	1.66e-01	8.17e-01	0.00e+00	0.00e+00
 6.52532e+15	6.00e-12	9.95e-08	2.07e-04	1.93e-02	1.77e-01	8.03e-01	0.00e+00	0.00e+00
 6.73260e+15	7.98e-12	1.27e-07	2.51e-04	2.18e-02	1.88e-01	7.90e-01	0.00e+00	0.00e+00
 6.95899e+15	1.09e-11	1.64e-07	3.07e-04	2.48e-02	2.00e-01	7.75e-01	0.00e+00	0.00e+00
 7.20838e+15	1.50e-11	2.15e-07	3.80e-04	2.85e-02	2.14e-01	7.57e-01	0.00e+00	0.00e+00
 7.43756e+15	1.99e-11	2.72e-07	4.58e-04	3.21e-02	2.26e-01	7.41e-01	0.00e+00	0.00e+00
 7.68537e+15	2.70e-11	3.51e-07	5.60e-04	3.65e-02	2.40e-01	7.23e-01	0.00e+00	0.00e+00
 7.96031e+15	3.71e-11	4.58e-07	6.91e-04	4.17e-02	2.55e-01	7.03e-01	0.00e+00	0.00e+00
 8.21052e+15	4.90e-11	5.79e-07	8.32e-04	4.68e-02	2.69e-01	6.84e-01	0.00e+00	0.00e+00
 8.43937e+15	6.29e-11	7.14e-07	9.81e-04	5.20e-02	2.81e-01	6.66e-01	0.00e+00	0.00e+00
 8.65715e+15	7.91e-11	8.66e-07	1.14e-03	5.72e-02	2.93e-01	6.49e-01	0.00e+00	0.00e+00
 8.89697e+15	1.02e-10	1.07e-06	1.35e-03	6.34e-02	3.06e-01	6.30e-01	0.00e+00	0.00e+00
 9.15406e+15	1.32e-10	1.33e-06	1.60e-03	7.05e-02	3.19e-01	6.09e-01	0.00e+00	0.00e+00
 9.38618e+15	1.65e-10	1.60e-06	1.86e-03	7.73e-02	3.31e-01	5.90e-01	0.00e+00	0.00e+00
 9.64050e+15	2.12e-10	1.97e-06	2.18e-03	8.53e-02	3.43e-01	5.69e-01	0.00e+00	0.00e+00
 9.91996e+15	2.73e-10	2.44e-06	2.58e-03	9.46e-02	3.56e-01	5.46e-01	0.00e+00	0.00e+00
 1.01822e+16	3.45e-10	2.96e-06	3.01e-03	1.04e-01	3.68e-01	5.25e-01	0.00e+00	0.00e+00
 1.04734e+16	4.50e-10	3.69e-06	3.58e-03	1.15e-01	3.81e-01	5.00e-01	0.00e+00	0.00e+00
 1.07877e+16	5.86e-10	4.60e-06	4.26e-03	1.28e-01	3.94e-01	4.74e-01	0.00e+00	0.00e+00
 1.10772e+16	7.44e-10	5.61e-06	4.99e-03	1.40e-01	4.04e-01	4.51e-01	0.00e+00	0.00e+00
 1.13509e+16	9.26e-10	6.73e-06	5.76e-03	1.52e-01	4.13e-01	4.29e-01	0.00e+00	0.00e+00
 1.16589e+16	1.20e-09	8.31e-06	6.79e-03	1.67e-01	4.22e-01	4.04e-01	0.00e+00	0.00e+00
 1.19896e+16	1.54e-09	1.03e-05	8.03e-03	1.84e-01	4.31e-01	3.77e-01	0.00e+00	0.00e+00
 1.22822e+16	1.91e-09	1.23e-05	9.26e-03	1.99e-01	4.37e-01	3.55e-01	0.00e+00	0.00e+00
 1.25947e+16	2.44e-09	1.50e-05	1.08e-02	2.16e-01	4.42e-01	3.31e-01	0.00e+00	0.00e+00
 1.29352e+16	3.13e-09	1.84e-05	1.27e-02	2.36e-01	4.46e-01	3.05e-01	0.00e+00	0.00e+00
 1.32402e+16	3.89e-09	2.20e-05	1.47e-02	2.54e-01	4.48e-01	2.83e-01	0.00e+00	0.00e+00
 1.35072e+16	4.70e-09	2.57e-05	1.66e-02	2.71e-01	4.48e-01	2.65e-01	0.00e+00	0.00e+00
 1.37967e+16	5.82e-09	3.06e-05	1.90e-02	2.89e-01	4.47e-01	2.45e-01	0.00e+00	0.00e+00
 1.41102e+16	7.29e-09	3.68e-05	2.19e-02	3.10e-01	4.45e-01	2.24e-01	0.00e+00	0.00e+00
 1.43870e+16	8.79e-09	4.28e-05	2.47e-02	3.28e-01	4.41e-01	2.06e-01	0.00e+00	0.00e+00
 1.46365e+16	1.05e-08	4.95e-05	2.77e-02	3.46e-01	4.36e-01	1.91e-01	0.00e+00	0.00e+00
 1.49190e+16	1.30e-08	5.87e-05	3.15e-02	3.66e-01	4.29e-01	1.73e-01	0.00e+00	0.00e+00
 1.52188e+16	1.62e-08	7.01e-05	3.61e-02	3.87e-01	4.20e-01	1.56e-01	0.00e+00	0.00e+00
 1.54748e+16	1.94e-08	8.11e-05	4.04e-02	4.06e-01	4.11e-01	1.42e-01	0.00e+00	0.00e+00
 1.57045e+16	2.30e-08	9.31e-05	4.48e-02	4.22e-01	4.02e-01	1.30e-01	0.00e+00	0.00e+00
 1.59663e+16	2.81e-08	1.09e-04	5.05e-02	4.42e-01	3.90e-01	1.17e-01	0.00e+00	0.00e+00
 1.62453e+16	3.51e-08	1.30e-04	5.75e-02	4.63e-01	3.76e-01	1.03e-01	0.00e+00	0.00e+00
 1.64812e+16	4.20e-08	1.50e-04	6.40e-02	4.80e-01	3.63e-01	9.29e-02	0.00e+00	0.00e+00
 1.66860e+16	4.95e-08	1.71e-04	7.04e-02	4.94e-01	3.51e-01	8.41e-02	0.00e+00	0.00e+00
 1.69160e+16	5.78e-08	1.94e-04	7.84e-02	5.11e-01	3.36e-01	7.47e-02	0.00e+00	0.00e+00
 1.71656e+16	7.46e-08	2.35e-04	8.87e-02	5.28e-01	3.18e-01	6.46e-02	0.00e+00	0.00e+00
 1.73739e+16	8.90e-08	2.69e-04	9.80e-02	5.42e-01	3.03e-01	5.71e-02	0.00e+00	0.00e+00
 1.75446e+16	1.03e-07	3.01e-04	1.07e-01	5.53e-01	2.89e-01	5.12e-02	0.00e+00	0.00e+00
 1.77333e+16	1.19e-07	3.39e-04	1.17e-01	5.65e-01	2.73e-01	4.49e-02	0.00e+00	0.00e+00
 1.79390e+16	1.44e-07	3.93e-04	1.30e-01	5.77e-01	2.55e-01	3.85e-02	0.00e+00	0.00e+00
 1.81167e+16	1.81e-07	4.66e-04	1.43e-01	5.86e-01	2.38e-01	3.30e-02	0.00e+00	0.00e+00
 1.82579e+16	2.09e-07	5.19e-04	1.54e-01	5.93e-01	2.24e-01	2.91e-02	0.00e+00	0.00e+00
 1.84021e+16	2.34e-07	5.69e-04	1.66e-01	5.99e-01	2.09e-01	2.54e-02	0.00e+00	0.00e+00
 1.85895e+16	3.01e-07	6.84e-04	1.84e-01	6.06e-01	1.89e-01	2.06e-02	0.00e+00	0.00e+00
 1.87573e+16	3.63e-07	7.87e-04	2.01e-01	6.10e-01	1.71e-01	1.69e-02	0.00e+00	0.00e+00
 1.88630e+16	4.17e-07	8.71e-04	2.13e-01	6.12e-01	1.59e-01	1.46e-02	0.00e+00	0.00e+00
 1.89388e+16	4.57e-07	9.32e-04	2.22e-01	6.13e-01	1.51e-01	1.32e-02	0.00e+00	0.00e+00
 1.90120e+16	4.88e-07	9.83e-04	2.30e-01	6.14e-01	1.42e-01	1.18e-02	0.00e+00	0.00e+00
 1.91073e+16	5.70e-07	1.10e-03	2.43e-01	6.14e-01	1.31e-01	1.00e-02	0.00e+00	0.00e+00
 1.91963e+16	6.22e-07	1.17e-03	2.55e-01	6.14e-01	1.21e-01	8.68e-03	0.00e+00	0.00e+00
 1.92647e+16	7.09e-07	1.29e-03	2.65e-01	6.13e-01	1.13e-01	7.55e-03	0.00e+00	0.00e+00
 1.93245e+16	7.49e-07	1.34e-03	2.73e-01	6.13e-01	1.06e-01	6.75e-03	0.00e+00	0.00e+00
 1.93856e+16	8.20e-07	1.43e-03	2.82e-01	6.12e-01	9.88e-02	5.91e-03	0.00e+00	0.00e+00
 1.94649e+16	9.52e-07	1.59e-03	2.95e-01	6.09e-01	8.92e-02	4.86e-03	0.00e+00	0.00e+00
 1.95391e+16	1.05e-06	1.71e-03	3.06e-01	6.07e-01	8.12e-02	4.08e-03	0.00e+00	0.00e+00
 1.95941e+16	1.15e-06	1.82e-03	3.15e-01	6.05e-01	7.50e-02	3.52e-03	0.00e+00	0.00e+00
 1.96535e+16	1.26e-06	1.95e-03	3.25e-01	6.02e-01	6.84e-02	2.97e-03	0.00e+00	0.00e+00
 1.97199e+16	1.40e-06	2.10e-03	3.36e-01	5.98e-01	6.15e-02	2.43e-03	0.00e+00	0.00e+00
 1.97825e+16	1.54e-06	2.25e-03	3.46e-01	5.95e-01	5.53e-02	2.00e-03	0.00e+00	0.00e+00
 1.98418e+16	1.70e-06	2.41e-03	3.55e-01	5.91e-01	4.96e-02	1.63e-03	0.00e+00	0.00e+00
 1.99097e+16	1.90e-06	2.60e-03	3.66e-01	5.86e-01	4.35e-02	1.28e-03	0.00e+00	0.00e+00
 1.99826e+16	2.12e-06	2.82e-03	3.78e-01	5.81e-01	3.75e-02	9.74e-04	0.00e+00	0.00e+00
 2.00478e+16	2.36e-06	3.03e-03	3.88e-01	5.75e-01	3.26e-02	7.52e-04	0.00e+00	0.00e+00
 2.01185e+16	2.64e-06	3.28e-03	4.00e-01	5.69e-01	2.78e-02	5.57e-04	0.00e+00	0.00e+00
 2.01976e+16	2.98e-06	3.57e-03	4.11e-01	5.62e-01	2.32e-02	3.98e-04	0.00e+00	0.00e+00
 2.02751e+16	3.35e-06	3.87e-03	4.22e-01	5.54e-01	1.93e-02	2.83e-04	0.00e+00	0.00e+00
 2.03633e+16	3.83e-06	4.24e-03	4.35e-01	5.45e-01	1.55e-02	1.88e-04	0.00e+00	0.00e+00
 2.04779e+16	4.52e-06	4.75e-03	4.50e-01	5.33e-01	1.17e-02	1.10e-04	0.00e+00	0.00e+00
 2.06011e+16	5.36e-06	5.34e-03	4.66e-01	5.20e-01	8.66e-03	6.29e-05	0.00e+00	0.00e+00
 2.07178e+16	6.29e-06	5.95e-03	4.80e-01	5.07e-01	6.53e-03	3.69e-05	0.00e+00	0.00e+00
 2.08517e+16	7.49e-06	6.70e-03	4.96e-01	4.93e-01	4.75e-03	2.01e-05	0.00e+00	0.00e+00
 2.10257e+16	9.39e-06	7.80e-03	5.16e-01	4.73e-01	3.19e-03	9.31e-06	0.00e+00	0.00e+00
 2.11763e+16	1.15e-05	8.92e-03	5.33e-01	4.55e-01	2.33e-03	5.07e-06	0.00e+00	0.00e+00
 2.12620e+16	1.29e-05	9.63e-03	5.43e-01	4.45e-01	1.95e-03	3.60e-06	0.00e+00	0.00e+00
 2.13393e+16	1.43e-05	1.03e-02	5.53e-01	4.35e-01	1.65e-03	2.61e-06	0.00e+00	0.00e+00
 2.14398e+16	1.63e-05	1.13e-02	5.64e-01	4.23e-01	1.34e-03	1.73e-06	0.00e+00	0.00e+00
 2.15704e+16	1.96e-05	1.27e-02	5.80e-01	4.06e-01	1.02e-03	1.03e-06	0.00e+00	0.00e+00
 2.17033e+16	2.37e-05	1.45e-02	5.97e-01	3.88e-01	7.86e-04	6.18e-07	0.00e+00	0.00e+00
 2.18074e+16	2.75e-05	1.60e-02	6.09e-01	3.74e-01	6.42e-04	0.00e+00	0.00e+00	0.00e+00
 2.18968e+16	3.15e-05	1.76e-02	6.21e-01	3.61e-01	5.38e-04	0.00e+00	0.00e+00	0.00e+00
 2.19991e+16	3.68e-05	1.95e-02	6.34e-01	3.46e-01	4.37e-04	0.00e+00	0.00e+00	0.00e+00
 2.21034e+16	4.35e-05	2.18e-02	6.47e-01	3.31e-01	3.57e-04	0.00e+00	0.00e+00	0.00e+00
 2.21855e+16	4.97e-05	2.39e-02	6.57e-01	3.18e-01	3.04e-04	0.00e+00	0.00e+00	0.00e+00
 2.22541e+16	5.58e-05	2.58e-02	6.66e-01	3.08e-01	2.65e-04	0.00e+00	0.00e+00	0.00e+00
 2.23303e+16	6.35e-05	2.82e-02	6.76e-01	2.95e-01	2.26e-04	0.00e+00	0.00e+00	0.00e+00
 2.24163e+16	7.38e-05	3.12e-02	6.87e-01	2.82e-01	1.90e-04	0.00e+00	0.00e+00	0.00e+00
 2.24957e+16	8.51e-05	3.44e-02	6.97e-01	2.69e-01	1.61e-04	0.00e+00	0.00e+00	0.00e+00
 2.25643e+16	9.68e-05	3.75e-02	7.05e-01	2.57e-01	1.39e-04	0.00e+00	0.00e+00	0.00e+00
 2.26378e+16	1.11e-04	4.11e-02	7.14e-01	2.45e-01	1.18e-04	0.00e+00	0.00e+00	0.00e+00
 2.27173e+16	1.30e-04	4.57e-02	7.22e-01	2.32e-01	9.95e-05	0.00e+00	0.00e+00	0.00e+00
 2.27862e+16	1.49e-04	5.02e-02	7.30e-01	2.20e-01	8.54e-05	0.00e+00	0.00e+00	0.00e+00
 2.28458e+16	1.68e-04	5.45e-02	7.36e-01	2.10e-01	7.44e-05	0.00e+00	0.00e+00	0.00e+00
 2.29117e+16	1.94e-04	5.99e-02	7.42e-01	1.98e-01	6.35e-05	0.00e+00	0.00e+00	0.00e+00
 2.29836e+16	2.26e-04	6.65e-02	7.48e-01	1.86e-01	5.35e-05	0.00e+00	0.00e+00	0.00e+00
 2.30465e+16	2.61e-04	7.32e-02	7.52e-01	1.75e-01	4.57e-05	0.00e+00	0.00e+00	0.00e+00
 2.31004e+16	2.95e-04	7.96e-02	7.55e-01	1.65e-01	3.98e-05	0.00e+00	0.00e+00	0.00e+00
 2.31594e+16	3.39e-04	8.73e-02	7.58e-01	1.55e-01	3.40e-05	0.00e+00	0.00e+00	0.00e+00
 2.32239e+16	3.97e-04	9.69e-02	7.59e-01	1.44e-01	2.85e-05	0.00e+00	0.00e+00	0.00e+00
 2.32811e+16	4.59e-04	1.07e-01	7.59e-01	1.34e-01	2.42e-05	0.00e+00	0.00e+00	0.00e+00
 2.33303e+16	5.20e-04	1.16e-01	7.58e-01	1.25e-01	2.09e-05	0.00e+00	0.00e+00	0.00e+00
 2.33841e+16	5.98e-04	1.27e-01	7.56e-01	1.16e-01	1.77e-05	0.00e+00	0.00e+00	0.00e+00
 2.34431e+16	7.03e-04	1.42e-01	7.52e-01	1.06e-01	1.47e-05	0.00e+00	0.00e+00	0.00e+00
 2.34954e+16	8.14e-04	1.56e-01	7.46e-01	9.72e-02	1.23e-05	0.00e+00	0.00e+00	0.00e+00
 2.35406e+16	9.29e-04	1.70e-01	7.39e-01	8.98e-02	1.05e-05	0.00e+00	0.00e+00	0.00e+00
 2.35903e+16	1.07e-03	1.87e-01	7.31e-01	8.17e-02	8.78e-06	0.00e+00	0.00e+00	0.00e+00
 2.36453e+16	1.27e-03	2.08e-01	7.18e-01	7.31e-02	7.10e-06	0.00e+00	0.00e+00	0.00e+00
 2.36949e+16	1.48e-03	2.29e-01	7.04e-01	6.54e-02	5.80e-06	0.00e+00	0.00e+00	0.00e+00
 2.37384e+16	1.71e-03	2.51e-01	6.89e-01	5.88e-02	4.80e-06	0.00e+00	0.00e+00	0.00e+00
 2.37865e+16	2.00e-03	2.76e-01	6.70e-01	5.19e-02	3.85e-06	0.00e+00	0.00e+00	0.00e+00
 2.38404e+16	2.40e-03	3.09e-01	6.44e-01	4.44e-02	2.96e-06	0.00e+00	0.00e+00	0.00e+00
 2.38902e+16	2.86e-03	3.44e-01	6.15e-01	3.78e-02	2.27e-06	0.00e+00	0.00e+00	0.00e+00
 2.39351e+16	3.37e-03	3.79e-01	5.86e-01	3.22e-02	1.75e-06	0.00e+00	0.00e+00	0.00e+00
 2.39853e+16	4.04e-03	4.20e-01	5.49e-01	2.64e-02	1.28e-06	0.00e+00	0.00e+00	0.00e+00
 2.40390e+16	4.94e-03	4.71e-01	5.03e-01	2.07e-02	8.79e-07	0.00e+00	0.00e+00	0.00e+00
 2.40835e+16	5.91e-03	5.18e-01	4.60e-01	1.65e-02	0.00e+00	0.00e+00	0.00e+00	0.00e+00
 2.41183e+16	6.77e-03	5.56e-01	4.24e-01	1.34e-02	0.00e+00	0.00e+00	0.00e+00	0.00e+00
 2.41494e+16	7.69e-03	5.91e-01	3.90e-01	1.11e-02	0.00e+00	0.00e+00	0.00e+00	0.00e+00
 2.41852e+16	8.85e-03	6.33e-01	3.50e-01	8.62e-03	0.00e+00	0.00e+00	0.00e+00	0.00e+00
 2.42235e+16	1.04e-02	6.78e-01	3.05e-01	6.40e-03	0.00e+00	0.00e+00	0.00e+00	0.00e+00
 2.42557e+16	1.19e-02	7.17e-01	2.66e-01	4.82e-03	0.00e+00	0.00e+00	0.00e+00	0.00e+00
 2.42818e+16	1.33e-02	7.47e-01	2.36e-01	3.75e-03	0.00e+00	0.00e+00	0.00e+00	0.00e+00
 2.43055e+16	1.48e-02	7.74e-01	2.09e-01	2.93e-03	0.00e+00	0.00e+00	0.00e+00	0.00e+00
 2.43323e+16	1.66e-02	8.02e-01	1.80e-01	2.17e-03	0.00e+00	0.00e+00	0.00e+00	0.00e+00
 2.43620e+16	1.89e-02	8.31e-01	1.49e-01	1.51e-03	0.00e+00	0.00e+00	0.00e+00	0.00e+00
 2.43881e+16	2.13e-02	8.55e-01	1.23e-01	1.05e-03	0.00e+00	0.00e+00	0.00e+00	0.00e+00
 2.44094e+16	2.36e-02	8.72e-01	1.04e-01	7.67e-04	0.00e+00	0.00e+00	0.00e+00	0.00e+00
 2.44319e+16	2.62e-02	8.87e-01	8.62e-02	5.38e-04	0.00e+00	0.00e+00	0.00e+00	0.00e+00
 2.44566e+16	2.96e-02	9.01e-01	6.87e-02	3.53e-04	0.00e+00	0.00e+00	0.00e+00	0.00e+00
 2.44786e+16	3.30e-02	9.12e-01	5.49e-02	2.35e-04	0.00e+00	0.00e+00	0.00e+00	0.00e+00
 2.44968e+16	3.62e-02	9.19e-01	4.50e-02	1.63e-04	0.00e+00	0.00e+00	0.00e+00	0.00e+00
 2.45137e+16	3.95e-02	9.23e-01	3.70e-02	1.14e-04	0.00e+00	0.00e+00	0.00e+00	0.00e+00
 2.45330e+16	4.39e-02	9.27e-01	2.93e-02	7.47e-05	0.00e+00	0.00e+00	0.00e+00	0.00e+00
 2.45534e+16	4.89e-02	9.29e-01	2.25e-02	4.63e-05	0.00e+00	0.00e+00	0.00e+00	0.00e+00
 2.45698e+16	5.37e-02	9.28e-01	1.78e-02	3.06e-05	0.00e+00	0.00e+00	0.00e+00	0.00e+00
 2.45830e+16	5.78e-02	9.28e-01	1.47e-02	2.16e-05	0.00e+00	0.00e+00	0.00e+00	0.00e+00
 2.45965e+16	6.24e-02	9.26e-01	1.20e-02	1.49e-05	0.00e+00	0.00e+00	0.00e+00	0.00e+00
 2.46115e+16	6.81e-02	9.22e-01	9.45e-03	9.74e-06	0.00e+00	0.00e+00	0.00e+00	0.00e+00
 2.46258e+16	7.40e-02	9.19e-01	7.45e-03	6.36e-06	0.00e+00	0.00e+00	0.00e+00	0.00e+00
 2.46377e+16	7.93e-02	9.15e-01	6.06e-03	4.40e-06	0.00e+00	0.00e+00	0.00e+00	0.00e+00
 2.46477e+16	8.42e-02	9.11e-01	5.08e-03	3.20e-06	0.00e+00	0.00e+00	0.00e+00	0.00e+00
 2.46569e+16	8.88e-02	9.07e-01	4.30e-03	2.37e-06	0.00e+00	0.00e+00	0.00e+00	0.00e+00
 2.46657e+16	9.35e-02	9.03e-01	3.65e-03	1.76e-06	0.00e+00	0.00e+00	0.00e+00	0.00e+00
 2.46726e+16	9.70e-02	9.00e-01	3.21e-03	1.40e-06	0.00e+00	0.00e+00	0.00e+00	0.00e+00
 2.46772e+16	9.98e-02	8.97e-01	2.94e-03	1.20e-06	0.00e+00	0.00e+00	0.00e+00	0.00e+00
 2.46814e+16	1.03e-01	8.95e-01	2.70e-03	1.03e-06	0.00e+00	0.00e+00	0.00e+00	0.00e+00
 2.46864e+16	1.06e-01	8.92e-01	2.45e-03	8.60e-07	0.00e+00	0.00e+00	0.00e+00	0.00e+00
 2.46917e+16	1.09e-01	8.89e-01	2.20e-03	0.00e+00	0.00e+00	0.00e+00	0.00e+00	0.00e+00
 2.46968e+16	1.12e-01	8.86e-01	1.99e-03	0.00e+00	0.00e+00	0.00e+00	0.00e+00	0.00e+00
 2.47016e+16	1.16e-01	8.82e-01	1.80e-03	0.00e+00	0.00e+00	0.00e+00	0.00e+00	0.00e+00
 2.47064e+16	1.19e-01	8.79e-01	1.63e-03	0.00e+00	0.00e+00	0.00e+00	0.00e+00	0.00e+00
 2.47111e+16	1.23e-01	8.76e-01	1.47e-03	0.00e+00	0.00e+00	0.00e+00	0.00e+00	0.00e+00
 2.47159e+16	1.26e-01	8.73e-01	1.33e-03	0.00e+00	0.00e+00	0.00e+00	0.00e+00	0.00e+00
 2.47205e+16	1.30e-01	8.69e-01	1.21e-03	0.00e+00	0.00e+00	0.00e+00	0.00e+00	0.00e+00
 2.47252e+16	1.34e-01	8.65e-01	1.09e-03	0.00e+00	0.00e+00	0.00e+00	0.00e+00	0.00e+00
 2.47298e+16	1.38e-01	8.62e-01	9.84e-04	0.00e+00	0.00e+00	0.00e+00	0.00e+00	0.00e+00
 2.47343e+16	1.42e-01	8.58e-01	8.90e-04	0.00e+00	0.00e+00	0.00e+00	0.00e+00	0.00e+00
 2.47387e+16	1.45e-01	8.54e-01	8.06e-04	0.00e+00	0.00e+00	0.00e+00	0.00e+00	0.00e+00
 2.47431e+16	1.50e-01	8.50e-01	7.28e-04	0.00e+00	0.00e+00	0.00e+00	0.00e+00	0.00e+00
 2.47475e+16	1.54e-01	8.45e-01	6.57e-04	0.00e+00	0.00e+00	0.00e+00	0.00e+00	0.00e+00
 2.47518e+16	1.58e-01	8.41e-01	5.94e-04	0.00e+00	0.00e+00	0.00e+00	0.00e+00	0.00e+00
 2.47561e+16	1.63e-01	8.36e-01	5.37e-04	0.00e+00	0.00e+00	0.00e+00	0.00e+00	0.00e+00
 2.47603e+16	1.68e-01	8.31e-01	4.84e-04	0.00e+00	0.00e+00	0.00e+00	0.00e+00	0.00e+00
 2.47646e+16	1.73e-01	8.27e-01	4.37e-04	0.00e+00	0.00e+00	0.00e+00	0.00e+00	0.00e+00
 2.47687e+16	1.78e-01	8.21e-01	3.94e-04	0.00e+00	0.00e+00	0.00e+00	0.00e+00	0.00e+00
 2.47728e+16	1.84e-01	8.16e-01	3.56e-04	0.00e+00	0.00e+00	0.00e+00	0.00e+00	0.00e+00
 2.47769e+16	1.89e-01	8.10e-01	3.21e-04	0.00e+00	0.00e+00	0.00e+00	0.00e+00	0.00e+00
 2.47809e+16	1.95e-01	8.04e-01	2.90e-04	0.00e+00	0.00e+00	0.00e+00	0.00e+00	0.00e+00
 2.47849e+16	2.01e-01	7.98e-01	2.61e-04	0.00e+00	0.00e+00	0.00e+00	0.00e+00	0.00e+00
 2.47889e+16	2.08e-01	7.92e-01	2.35e-04	0.00e+00	0.00e+00	0.00e+00	0.00e+00	0.00e+00
 2.47927e+16	2.15e-01	7.85e-01	2.12e-04	0.00e+00	0.00e+00	0.00e+00	0.00e+00	0.00e+00
 2.47965e+16	2.22e-01	7.77e-01	1.91e-04	0.00e+00	0.00e+00	0.00e+00	0.00e+00	0.00e+00
 2.48003e+16	2.30e-01	7.69e-01	1.72e-04	0.00e+00	0.00e+00	0.00e+00	0.00e+00	0.00e+00
 2.48040e+16	2.38e-01	7.62e-01	1.55e-04	0.00e+00	0.00e+00	0.00e+00	0.00e+00	0.00e+00
 2.48077e+16	2.47e-01	7.53e-01	1.40e-04	0.00e+00	0.00e+00	0.00e+00	0.00e+00	0.00e+00
 2.48114e+16	2.55e-01	7.44e-01	1.26e-04	0.00e+00	0.00e+00	0.00e+00	0.00e+00	0.00e+00
 2.48149e+16	2.65e-01	7.35e-01	1.13e-04	0.00e+00	0.00e+00	0.00e+00	0.00e+00	0.00e+00
 2.48184e+16	2.76e-01	7.24e-01	1.02e-04	0.00e+00	0.00e+00	0.00e+00	0.00e+00	0.00e+00
 2.48217e+16	2.86e-01	7.14e-01	9.22e-05	0.00e+00	0.00e+00	0.00e+00	0.00e+00	0.00e+00
 2.48251e+16	2.98e-01	7.02e-01	8.32e-05	0.00e+00	0.00e+00	0.00e+00	0.00e+00	0.00e+00
 2.48284e+16	3.09e-01	6.91e-01	7.50e-05	0.00e+00	0.00e+00	0.00e+00	0.00e+00	0.00e+00
 2.48317e+16	3.23e-01	6.77e-01	6.73e-05	0.00e+00	0.00e+00	0.00e+00	0.00e+00	0.00e+00
 2.48349e+16	3.35e-01	6.65e-01	6.06e-05	0.00e+00	0.00e+00	0.00e+00	0.00e+00	0.00e+00
 2.48381e+16	3.49e-01	6.51e-01	5.45e-05	0.00e+00	0.00e+00	0.00e+00	0.00e+00	0.00e+00
 2.48412e+16	3.64e-01	6.36e-01	4.89e-05	0.00e+00	0.00e+00	0.00e+00	0.00e+00	0.00e+00
 2.48443e+16	3.79e-01	6.21e-01	4.39e-05	0.00e+00	0.00e+00	0.00e+00	0.00e+00	0.00e+00
 2.48474e+16	3.96e-01	6.04e-01	3.93e-05	0.00e+00	0.00e+00	0.00e+00	0.00e+00	0.00e+00
 2.48505e+16	4.16e-01	5.84e-01	3.50e-05	0.00e+00	0.00e+00	0.00e+00	0.00e+00	0.00e+00
 2.48534e+16	4.34e-01	5.66e-01	3.12e-05	0.00e+00	0.00e+00	0.00e+00	0.00e+00	0.00e+00
 2.48564e+16	4.53e-01	5.46e-01	2.78e-05	0.00e+00	0.00e+00	0.00e+00	0.00e+00	0.00e+00
 2.48593e+16	4.74e-01	5.26e-01	2.47e-05	0.00e+00	0.00e+00	0.00e+00	0.00e+00	0.00e+00
 2.48623e+16	4.95e-01	5.05e-01	2.19e-05	0.00e+00	0.00e+00	0.00e+00	0.00e+00	0.00e+00
 2.48652e+16	5.17e-01	4.83e-01	1.94e-05	0.00e+00	0.00e+00	0.00e+00	0.00e+00	0.00e+00
 2.48681e+16	5.40e-01	4.60e-01	1.71e-05	0.00e+00	0.00e+00	0.00e+00	0.00e+00	0.00e+00
 2.48710e+16	5.63e-01	4.37e-01	1.50e-05	0.00e+00	0.00e+00	0.00e+00	0.00e+00	0.00e+00
 2.48738e+16	5.87e-01	4.13e-01	1.32e-05	0.00e+00	0.00e+00	0.00e+00	0.00e+00	0.00e+00
 2.48767e+16	6.11e-01	3.89e-01	1.15e-05	0.00e+00	0.00e+00	0.00e+00	0.00e+00	0.00e+00
 2.48796e+16	6.36e-01	3.64e-01	1.00e-05	0.00e+00	0.00e+00	0.00e+00	0.00e+00	0.00e+00
 2.48821e+16	6.56e-01	3.44e-01	8.88e-06	0.00e+00	0.00e+00	0.00e+00	0.00e+00	0.00e+00
 2.48839e+16	6.72e-01	3.28e-01	8.11e-06	0.00e+00	0.00e+00	0.00e+00	0.00e+00	0.00e+00
 2.48856e+16	6.86e-01	3.14e-01	7.43e-06	0.00e+00	0.00e+00	0.00e+00	0.00e+00	0.00e+00
 2.48874e+16	7.00e-01	3.00e-01	6.79e-06	0.00e+00	0.00e+00	0.00e+00	0.00e+00	0.00e+00
 2.48892e+16	7.18e-01	2.82e-01	6.10e-06	0.00e+00	0.00e+00	0.00e+00	0.00e+00	0.00e+00
 2.48911e+16	7.32e-01	2.68e-01	5.55e-06	0.00e+00	0.00e+00	0.00e+00	0.00e+00	0.00e+00
 2.48928e+16	7.43e-01	2.57e-01	5.10e-06	0.00e+00	0.00e+00	0.00e+00	0.00e+00	0.00e+00
 2.48944e+16	7.57e-01	2.43e-01	4.64e-06	0.00e+00	0.00e+00	0.00e+00	0.00e+00	0.00e+00
