#depth	O	O+	O+2	O+3	O+4	O+5	O+6	O+7	O+8	O[1]	O[2]	O[3]
 1.49634e+10	0.00e+00	0.00e+00	7.24e-28	4.97e-20	4.81e-13	5.31e-07	1.00e+00	0.00e+00	0.00e+00	0.00e+00	0.00e+00	0.00e+00
 4.54887e+10	0.00e+00	1.57e-36	1.01e-27	6.44e-20	5.78e-13	5.85e-07	1.00e+00	1.69e-08	0.00e+00	0.00e+00	0.00e+00	0.00e+00
 7.72350e+10	7.16e-46	2.35e-36	1.40e-27	8.34e-20	6.95e-13	6.45e-07	1.00e+00	0.00e+00	0.00e+00	0.00e+00	0.00e+00	0.00e+00
 1.10251e+11	0.00e+00	3.52e-36	1.95e-27	1.08e-19	8.36e-13	7.11e-07	1.00e+00	0.00e+00	0.00e+00	0.00e+00	0.00e+00	0.00e+00
 1.40346e+11	1.76e-45	5.00e-36	2.60e-27	1.35e-19	9.83e-13	7.75e-07	1.00e+00	0.00e+00	0.00e+00	0.00e+00	0.00e+00	0.00e+00
 1.65806e+11	0.00e+00	6.65e-36	3.29e-27	1.63e-19	1.12e-12	8.32e-07	1.00e+00	0.00e+00	0.00e+00	0.00e+00	0.00e+00	0.00e+00
 1.93859e+11	3.55e-45	9.00e-36	4.23e-27	1.99e-19	1.29e-12	8.98e-07	1.00e+00	0.00e+00	0.00e+00	0.00e+00	0.00e+00	0.00e+00
 2.25452e+11	0.00e+00	1.25e-35	5.55e-27	2.46e-19	1.51e-12	9.76e-07	1.00e+00	0.00e+00	0.00e+00	0.00e+00	0.00e+00	0.00e+00
 2.55483e+11	7.50e-45	1.69e-35	7.12e-27	3.00e-19	1.75e-12	1.05e-06	1.00e+00	0.00e+00	0.00e+00	0.00e+00	0.00e+00	0.00e+00
 2.88360e+11	0.00e+00	0.00e+00	9.26e-27	3.70e-19	2.03e-12	1.14e-06	1.00e+00	0.00e+00	0.00e+00	0.00e+00	0.00e+00	0.00e+00
 3.24788e+11	0.00e+00	3.25e-35	1.22e-26	4.62e-19	2.39e-12	1.25e-06	1.00e+00	0.00e+00	0.00e+00	0.00e+00	0.00e+00	0.00e+00
 3.58672e+11	2.33e-44	4.39e-35	1.57e-26	5.64e-19	2.76e-12	1.35e-06	1.00e+00	0.00e+00	0.00e+00	0.00e+00	0.00e+00	0.00e+00
 3.95560e+11	0.00e+00	6.01e-35	2.04e-26	6.96e-19	3.22e-12	1.47e-06	1.00e+00	0.00e+00	0.00e+00	0.00e+00	0.00e+00	0.00e+00
 4.37006e+11	5.03e-44	8.43e-35	2.71e-26	8.73e-19	3.80e-12	1.61e-06	1.00e+00	0.00e+00	0.00e+00	0.00e+00	0.00e+00	0.00e+00
 4.76433e+11	0.00e+00	1.15e-34	3.51e-26	1.07e-18	4.42e-12	1.75e-06	1.00e+00	0.00e+00	0.00e+00	0.00e+00	0.00e+00	0.00e+00
 5.19420e+11	1.06e-43	1.58e-34	4.60e-26	1.33e-18	5.18e-12	1.90e-06	1.00e+00	0.00e+00	0.00e+00	0.00e+00	0.00e+00	0.00e+00
 5.67460e+11	0.00e+00	2.23e-34	6.13e-26	1.68e-18	6.14e-12	2.09e-06	1.00e+00	0.00e+00	0.00e+00	0.00e+00	0.00e+00	0.00e+00
 6.13449e+11	2.30e-43	3.06e-34	8.00e-26	2.09e-18	7.18e-12	2.28e-06	1.00e+00	0.00e+00	0.00e+00	0.00e+00	0.00e+00	0.00e+00
 6.63230e+11	0.00e+00	4.24e-34	1.05e-25	2.61e-18	8.45e-12	2.50e-06	1.00e+00	0.00e+00	0.00e+00	0.00e+00	0.00e+00	0.00e+00
 7.19686e+11	5.12e-43	6.04e-34	1.42e-25	3.32e-18	1.01e-11	2.75e-06	1.00e+00	0.00e+00	0.00e+00	0.00e+00	0.00e+00	0.00e+00
 7.75180e+11	0.00e+00	8.43e-34	1.88e-25	4.17e-18	1.19e-11	3.02e-06	1.00e+00	0.00e+00	0.00e+00	0.00e+00	0.00e+00	0.00e+00
 8.32894e+11	1.11e-42	1.17e-33	2.49e-25	5.23e-18	1.41e-11	3.31e-06	1.00e+00	0.00e+00	0.00e+00	0.00e+00	0.00e+00	0.00e+00
 8.96137e+11	0.00e+00	1.66e-33	3.34e-25	6.64e-18	1.67e-11	3.65e-06	1.00e+00	0.00e+00	0.00e+00	0.00e+00	0.00e+00	0.00e+00
 9.53201e+11	2.37e-42	2.24e-33	4.30e-25	8.17e-18	1.94e-11	3.97e-06	1.00e+00	0.00e+00	0.00e+00	0.00e+00	0.00e+00	0.00e+00
 9.98428e+11	0.00e+00	2.82e-33	5.23e-25	9.58e-18	2.18e-11	4.23e-06	1.00e+00	0.00e+00	0.00e+00	0.00e+00	0.00e+00	0.00e+00
 1.04536e+12	4.06e-42	3.56e-33	6.37e-25	1.12e-17	2.45e-11	4.51e-06	1.00e+00	0.00e+00	0.00e+00	0.00e+00	0.00e+00	0.00e+00
 1.10637e+12	0.00e+00	4.76e-33	8.16e-25	1.37e-17	2.83e-11	4.90e-06	1.00e+00	0.00e+00	0.00e+00	0.00e+00	0.00e+00	0.00e+00
 1.17127e+12	8.06e-42	6.41e-33	1.05e-24	1.69e-17	3.29e-11	5.32e-06	1.00e+00	0.00e+00	0.00e+00	0.00e+00	0.00e+00	0.00e+00
 1.22814e+12	0.00e+00	8.25e-33	1.30e-24	2.01e-17	3.73e-11	5.71e-06	1.00e+00	0.00e+00	0.00e+00	0.00e+00	0.00e+00	0.00e+00
 1.28896e+12	1.47e-41	1.07e-32	1.63e-24	2.41e-17	4.25e-11	6.15e-06	1.00e+00	0.00e+00	0.00e+00	0.00e+00	0.00e+00	0.00e+00
 1.36477e+12	0.00e+00	1.47e-32	2.13e-24	3.00e-17	4.96e-11	6.71e-06	1.00e+00	0.00e+00	0.00e+00	0.00e+00	0.00e+00	0.00e+00
 1.44183e+12	3.02e-41	2.00e-32	2.77e-24	3.71e-17	5.78e-11	7.31e-06	1.00e+00	0.00e+00	0.00e+00	0.00e+00	0.00e+00	0.00e+00
 1.50936e+12	0.00e+00	2.59e-32	3.45e-24	4.45e-17	6.58e-11	7.86e-06	1.00e+00	0.00e+00	0.00e+00	0.00e+00	0.00e+00	0.00e+00
 1.58275e+12	5.62e-41	3.41e-32	4.37e-24	5.38e-17	7.53e-11	8.48e-06	1.00e+00	0.00e+00	0.00e+00	0.00e+00	0.00e+00	0.00e+00
 1.66414e+12	0.00e+00	4.57e-32	5.61e-24	6.60e-17	8.70e-11	9.20e-06	1.00e+00	0.00e+00	0.00e+00	0.00e+00	0.00e+00	0.00e+00
 1.73968e+12	1.07e-40	5.95e-32	7.02e-24	7.92e-17	9.90e-11	9.90e-06	1.00e+00	0.00e+00	0.00e+00	0.00e+00	0.00e+00	0.00e+00
 1.82163e+12	0.00e+00	7.86e-32	8.90e-24	9.60e-17	1.13e-10	1.07e-05	1.00e+00	0.00e+00	0.00e+00	0.00e+00	0.00e+00	0.00e+00
 1.91273e+12	2.08e-40	1.06e-31	1.15e-23	1.18e-16	1.31e-10	1.16e-05	1.00e+00	0.00e+00	0.00e+00	0.00e+00	0.00e+00	0.00e+00
 1.99767e+12	0.00e+00	1.39e-31	1.44e-23	1.42e-16	1.49e-10	1.25e-05	1.00e+00	0.00e+00	0.00e+00	0.00e+00	0.00e+00	0.00e+00
 2.09004e+12	3.94e-40	1.84e-31	1.84e-23	1.73e-16	1.71e-10	1.35e-05	1.00e+00	0.00e+00	0.00e+00	0.00e+00	0.00e+00	0.00e+00
 2.19284e+12	0.00e+00	2.50e-31	2.38e-23	2.13e-16	1.98e-10	1.46e-05	1.00e+00	0.00e+00	0.00e+00	0.00e+00	0.00e+00	0.00e+00
 2.28900e+12	7.70e-40	3.29e-31	3.02e-23	2.58e-16	2.27e-10	1.58e-05	1.00e+00	0.00e+00	0.00e+00	0.00e+00	0.00e+00	0.00e+00
 2.39385e+12	0.00e+00	4.42e-31	3.87e-23	3.15e-16	2.60e-10	1.71e-05	1.00e+00	0.00e+00	0.00e+00	0.00e+00	0.00e+00	0.00e+00
 2.51093e+12	1.55e-39	6.04e-31	5.06e-23	3.92e-16	3.03e-10	1.86e-05	1.00e+00	0.00e+00	0.00e+00	0.00e+00	0.00e+00	0.00e+00
 2.62112e+12	0.00e+00	8.06e-31	6.46e-23	4.77e-16	3.47e-10	2.00e-05	1.00e+00	0.00e+00	0.00e+00	0.00e+00	0.00e+00	0.00e+00
 2.74160e+12	3.09e-39	1.10e-30	8.38e-23	5.87e-16	4.00e-10	2.17e-05	1.00e+00	0.00e+00	0.00e+00	0.00e+00	0.00e+00	0.00e+00
 2.87656e+12	0.00e+00	1.52e-30	1.11e-22	7.35e-16	4.67e-10	2.37e-05	1.00e+00	0.00e+00	0.00e+00	0.00e+00	0.00e+00	0.00e+00
 3.00450e+12	6.40e-39	2.06e-30	1.43e-22	9.03e-16	5.38e-10	2.56e-05	1.00e+00	0.00e+00	0.00e+00	0.00e+00	0.00e+00	0.00e+00
 3.14184e+12	0.00e+00	2.83e-30	1.87e-22	1.12e-15	6.22e-10	2.77e-05	1.00e+00	0.00e+00	0.00e+00	0.00e+00	0.00e+00	0.00e+00
 3.29744e+12	1.37e-38	3.99e-30	2.51e-22	1.41e-15	7.29e-10	3.03e-05	1.00e+00	0.00e+00	0.00e+00	0.00e+00	0.00e+00	0.00e+00
 3.45112e+12	0.00e+00	5.56e-30	3.31e-22	1.76e-15	8.48e-10	3.29e-05	1.00e+00	0.00e+00	0.00e+00	0.00e+00	0.00e+00	0.00e+00
 3.61094e+12	2.96e-38	7.76e-30	4.38e-22	2.19e-15	9.86e-10	3.58e-05	1.00e+00	0.00e+00	0.00e+00	0.00e+00	0.00e+00	0.00e+00
 3.78531e+12	0.00e+00	1.10e-29	5.88e-22	2.77e-15	1.15e-09	3.90e-05	1.00e+00	0.00e+00	0.00e+00	0.00e+00	0.00e+00	0.00e+00
 3.96665e+12	6.75e-38	1.58e-29	7.93e-22	3.50e-15	1.35e-09	4.25e-05	1.00e+00	0.00e+00	0.00e+00	0.00e+00	0.00e+00	0.00e+00
 4.13795e+12	0.00e+00	2.17e-29	1.04e-21	4.33e-15	1.56e-09	4.60e-05	1.00e+00	0.00e+00	0.00e+00	0.00e+00	0.00e+00	0.00e+00
 4.29131e+12	1.36e-37	2.88e-29	1.31e-21	5.20e-15	1.77e-09	4.92e-05	1.00e+00	0.00e+00	0.00e+00	0.00e+00	0.00e+00	0.00e+00
 4.43486e+12	0.00e+00	3.72e-29	1.62e-21	6.14e-15	1.98e-09	5.23e-05	1.00e+00	0.00e+00	0.00e+00	0.00e+00	0.00e+00	0.00e+00
 4.59372e+12	2.52e-37	4.90e-29	2.05e-21	7.36e-15	2.23e-09	5.59e-05	1.00e+00	0.00e+00	0.00e+00	0.00e+00	0.00e+00	0.00e+00
 4.77192e+12	0.00e+00	6.65e-29	2.63e-21	8.94e-15	2.55e-09	6.00e-05	1.00e+00	0.00e+00	0.00e+00	0.00e+00	0.00e+00	0.00e+00
 4.94166e+12	4.99e-37	8.79e-29	3.32e-21	1.07e-14	2.88e-09	6.40e-05	1.00e+00	0.00e+00	0.00e+00	0.00e+00	0.00e+00	0.00e+00
 5.12870e+12	0.00e+00	1.19e-28	4.26e-21	1.30e-14	3.28e-09	6.86e-05	1.00e+00	0.00e+00	0.00e+00	0.00e+00	0.00e+00	0.00e+00
 5.33733e+12	1.04e-36	1.65e-28	5.57e-21	1.60e-14	3.77e-09	7.39e-05	1.00e+00	0.00e+00	0.00e+00	0.00e+00	0.00e+00	0.00e+00
 5.53024e+12	0.00e+00	2.20e-28	7.08e-21	1.93e-14	4.27e-09	7.90e-05	1.00e+00	0.00e+00	0.00e+00	0.00e+00	0.00e+00	0.00e+00
 5.70940e+12	2.00e-36	2.87e-28	8.81e-21	2.28e-14	4.78e-09	8.38e-05	1.00e+00	0.00e+00	0.00e+00	0.00e+00	0.00e+00	0.00e+00
 5.91444e+12	0.00e+00	3.87e-28	1.12e-20	2.75e-14	5.41e-09	8.95e-05	1.00e+00	0.00e+00	0.00e+00	0.00e+00	0.00e+00	0.00e+00
 6.16590e+12	4.32e-36	5.52e-28	1.50e-20	3.43e-14	6.28e-09	9.67e-05	1.00e+00	0.00e+00	0.00e+00	0.00e+00	0.00e+00	0.00e+00
 6.41700e+12	0.00e+00	7.70e-28	1.98e-20	4.24e-14	7.24e-09	1.04e-04	1.00e+00	0.00e+00	0.00e+00	0.00e+00	0.00e+00	0.00e+00
 6.63425e+12	8.98e-36	1.03e-27	2.50e-20	5.07e-14	8.16e-09	1.11e-04	1.00e+00	0.00e+00	0.00e+00	0.00e+00	0.00e+00	0.00e+00
 6.86824e+12	0.00e+00	1.39e-27	3.20e-20	6.12e-14	9.24e-09	1.18e-04	1.00e+00	0.00e+00	0.00e+00	0.00e+00	0.00e+00	0.00e+00
 7.15547e+12	1.97e-35	1.99e-27	4.28e-20	7.63e-14	1.07e-08	1.28e-04	1.00e+00	0.00e+00	0.00e+00	0.00e+00	0.00e+00	0.00e+00
 7.44888e+12	0.00e+00	2.84e-27	5.71e-20	9.50e-14	1.24e-08	1.38e-04	1.00e+00	0.00e+00	0.00e+00	0.00e+00	0.00e+00	0.00e+00
 7.71490e+12	4.33e-35	3.87e-27	7.35e-20	1.15e-13	1.41e-08	1.47e-04	1.00e+00	0.00e+00	0.00e+00	0.00e+00	0.00e+00	0.00e+00
 8.00832e+12	6.44e-35	5.40e-27	9.62e-20	1.41e-13	1.61e-08	1.58e-04	1.00e+00	0.00e+00	0.00e+00	0.00e+00	0.00e+00	0.00e+00
 8.35261e+12	1.01e-34	7.90e-27	1.31e-19	1.78e-13	1.88e-08	1.70e-04	1.00e+00	0.00e+00	0.00e+00	0.00e+00	0.00e+00	0.00e+00
 8.69310e+12	1.56e-34	1.14e-26	1.75e-19	2.21e-13	2.18e-08	1.83e-04	1.00e+00	0.00e+00	0.00e+00	0.00e+00	0.00e+00	0.00e+00
 9.01323e+12	2.32e-34	1.58e-26	2.28e-19	2.70e-13	2.49e-08	1.96e-04	1.00e+00	0.00e+00	0.00e+00	0.00e+00	0.00e+00	0.00e+00
 9.36969e+12	3.54e-34	2.25e-26	3.04e-19	3.35e-13	2.88e-08	2.11e-04	1.00e+00	0.00e+00	0.00e+00	0.00e+00	0.00e+00	0.00e+00
 9.77441e+12	5.64e-34	3.32e-26	4.15e-19	4.24e-13	3.37e-08	2.28e-04	1.00e+00	0.00e+00	0.00e+00	0.00e+00	0.00e+00	0.00e+00
 1.01791e+13	8.84e-34	4.83e-26	5.62e-19	5.32e-13	3.92e-08	2.46e-04	1.00e+00	0.00e+00	0.00e+00	0.00e+00	0.00e+00	0.00e+00
 1.06001e+13	1.39e-33	7.05e-26	7.60e-19	6.67e-13	4.55e-08	2.65e-04	1.00e+00	0.00e+00	0.00e+00	0.00e+00	0.00e+00	0.00e+00
 1.10540e+13	2.22e-33	1.04e-25	1.04e-18	8.44e-13	5.33e-08	2.87e-04	1.00e+00	0.00e+00	0.00e+00	0.00e+00	0.00e+00	0.00e+00
 1.15261e+13	3.56e-33	1.54e-25	1.43e-18	1.07e-12	6.23e-08	3.10e-04	1.00e+00	0.00e+00	0.00e+00	0.00e+00	0.00e+00	0.00e+00
 1.20171e+13	5.71e-33	2.29e-25	1.95e-18	1.35e-12	7.29e-08	3.35e-04	1.00e+00	0.00e+00	0.00e+00	0.00e+00	0.00e+00	0.00e+00
 1.24933e+13	8.87e-33	3.30e-25	2.62e-18	1.68e-12	8.44e-08	3.61e-04	1.00e+00	0.00e+00	0.00e+00	0.00e+00	0.00e+00	0.00e+00
 1.29425e+13	1.32e-32	4.61e-25	3.42e-18	2.06e-12	9.64e-08	3.85e-04	1.00e+00	0.00e+00	0.00e+00	0.00e+00	0.00e+00	0.00e+00
 1.33666e+13	1.90e-32	6.22e-25	4.37e-18	2.47e-12	1.09e-07	4.09e-04	1.00e+00	0.00e+00	0.00e+00	0.00e+00	0.00e+00	0.00e+00
 1.38285e+13	2.80e-32	8.60e-25	5.66e-18	3.00e-12	1.24e-07	4.36e-04	1.00e+00	0.00e+00	0.00e+00	0.00e+00	0.00e+00	0.00e+00
 1.43446e+13	4.28e-32	1.22e-24	7.49e-18	3.69e-12	1.42e-07	4.67e-04	1.00e+00	0.00e+00	0.00e+00	0.00e+00	0.00e+00	0.00e+00
 1.48326e+13	6.25e-32	1.68e-24	9.67e-18	4.47e-12	1.62e-07	4.98e-04	1.00e+00	0.00e+00	0.00e+00	0.00e+00	0.00e+00	0.00e+00
 1.53684e+13	9.30e-32	2.34e-24	1.27e-17	5.48e-12	1.85e-07	5.33e-04	9.99e-01	0.00e+00	0.00e+00	0.00e+00	0.00e+00	0.00e+00
 1.59674e+13	1.45e-31	3.39e-24	1.70e-17	6.82e-12	2.14e-07	5.72e-04	9.99e-01	0.00e+00	0.00e+00	0.00e+00	0.00e+00	0.00e+00
 1.65391e+13	2.13e-31	4.69e-24	2.22e-17	8.34e-12	2.45e-07	6.13e-04	9.99e-01	0.00e+00	0.00e+00	0.00e+00	0.00e+00	0.00e+00
 1.71660e+13	3.28e-31	6.70e-24	2.96e-17	1.03e-11	2.82e-07	6.57e-04	9.99e-01	0.00e+00	0.00e+00	0.00e+00	0.00e+00	0.00e+00
 1.78826e+13	5.28e-31	9.95e-24	4.05e-17	1.31e-11	3.30e-07	7.10e-04	9.99e-01	0.00e+00	0.00e+00	0.00e+00	0.00e+00	0.00e+00
 1.85854e+13	8.07e-31	1.42e-23	5.44e-17	1.63e-11	3.83e-07	7.65e-04	9.99e-01	0.00e+00	0.00e+00	0.00e+00	0.00e+00	0.00e+00
 1.92597e+13	1.22e-30	2.01e-23	7.17e-17	2.00e-11	4.39e-07	8.19e-04	9.99e-01	0.00e+00	0.00e+00	0.00e+00	0.00e+00	0.00e+00
 1.99144e+13	1.77e-30	2.74e-23	9.25e-17	2.43e-11	5.00e-07	8.74e-04	9.99e-01	0.00e+00	0.00e+00	0.00e+00	0.00e+00	0.00e+00
 2.06458e+13	2.69e-30	3.89e-23	1.22e-16	2.99e-11	5.74e-07	9.36e-04	9.99e-01	0.00e+00	0.00e+00	0.00e+00	0.00e+00	0.00e+00
 2.14473e+13	4.05e-30	5.51e-23	1.63e-16	3.73e-11	6.65e-07	1.01e-03	9.99e-01	0.00e+00	0.00e+00	0.00e+00	0.00e+00	0.00e+00
 2.21781e+13	6.01e-30	7.65e-23	2.12e-16	4.53e-11	7.57e-07	1.08e-03	9.99e-01	0.00e+00	0.00e+00	0.00e+00	0.00e+00	0.00e+00
 2.29665e+13	8.77e-30	1.05e-22	2.77e-16	5.54e-11	8.66e-07	1.15e-03	9.99e-01	0.00e+00	0.00e+00	0.00e+00	0.00e+00	0.00e+00
 2.38507e+13	1.36e-29	1.52e-22	3.71e-16	6.91e-11	1.00e-06	1.24e-03	9.99e-01	0.00e+00	0.00e+00	0.00e+00	0.00e+00	0.00e+00
 2.46894e+13	1.97e-29	2.09e-22	4.84e-16	8.44e-11	1.15e-06	1.33e-03	9.99e-01	0.00e+00	0.00e+00	0.00e+00	0.00e+00	0.00e+00
 2.56062e+13	2.96e-29	2.94e-22	6.41e-16	1.04e-10	1.32e-06	1.43e-03	9.99e-01	0.00e+00	0.00e+00	0.00e+00	0.00e+00	0.00e+00
 2.66199e+13	4.56e-29	4.23e-22	8.65e-16	1.31e-10	1.53e-06	1.54e-03	9.98e-01	0.00e+00	0.00e+00	0.00e+00	0.00e+00	0.00e+00
 2.75664e+13	6.83e-29	5.93e-22	1.13e-15	1.60e-10	1.76e-06	1.65e-03	9.98e-01	0.00e+00	0.00e+00	0.00e+00	0.00e+00	0.00e+00
 2.85913e+13	1.01e-28	8.27e-22	1.50e-15	1.98e-10	2.03e-06	1.77e-03	9.98e-01	0.00e+00	0.00e+00	0.00e+00	0.00e+00	0.00e+00
 2.97352e+13	1.58e-28	1.21e-21	2.04e-15	2.49e-10	2.36e-06	1.91e-03	9.98e-01	0.00e+00	0.00e+00	0.00e+00	0.00e+00	0.00e+00
 3.08309e+13	2.31e-28	1.67e-21	2.69e-15	3.08e-10	2.72e-06	2.06e-03	9.98e-01	0.00e+00	0.00e+00	0.00e+00	0.00e+00	0.00e+00
 3.20000e+13	3.50e-28	2.37e-21	3.59e-15	3.83e-10	3.14e-06	2.21e-03	9.98e-01	0.00e+00	0.00e+00	0.00e+00	0.00e+00	0.00e+00
 3.33099e+13	5.55e-28	3.49e-21	4.90e-15	4.84e-10	3.67e-06	2.40e-03	9.98e-01	0.00e+00	0.00e+00	0.00e+00	0.00e+00	0.00e+00
 3.46087e+13	8.27e-28	4.92e-21	6.58e-15	6.05e-10	4.26e-06	2.59e-03	9.97e-01	0.00e+00	0.00e+00	0.00e+00	0.00e+00	0.00e+00
 3.59593e+13	1.29e-27	7.13e-21	8.87e-15	7.58e-10	4.95e-06	2.79e-03	9.97e-01	0.00e+00	0.00e+00	0.00e+00	0.00e+00	0.00e+00
 3.73419e+13	1.89e-27	9.97e-21	1.19e-14	9.45e-10	5.74e-06	3.01e-03	9.97e-01	0.00e+00	0.00e+00	0.00e+00	0.00e+00	0.00e+00
 3.86295e+13	2.76e-27	1.37e-20	1.54e-14	1.15e-09	6.55e-06	3.22e-03	9.97e-01	0.00e+00	0.00e+00	0.00e+00	0.00e+00	0.00e+00
 4.00543e+13	4.19e-27	1.95e-20	2.05e-14	1.43e-09	7.55e-06	3.46e-03	9.97e-01	0.00e+00	0.00e+00	0.00e+00	0.00e+00	0.00e+00
 4.16155e+13	6.22e-27	2.74e-20	2.75e-14	1.78e-09	8.77e-06	3.73e-03	9.96e-01	0.00e+00	0.00e+00	0.00e+00	0.00e+00	0.00e+00
 4.30649e+13	9.25e-27	3.82e-20	3.60e-14	2.18e-09	1.00e-05	3.99e-03	9.96e-01	0.00e+00	0.00e+00	0.00e+00	0.00e+00	0.00e+00
 4.43421e+13	1.24e-26	4.94e-20	4.51e-14	2.59e-09	1.12e-05	4.23e-03	9.96e-01	0.00e+00	0.00e+00	0.00e+00	0.00e+00	0.00e+00
 4.56967e+13	1.73e-26	6.55e-20	5.70e-14	3.09e-09	1.26e-05	4.49e-03	9.95e-01	0.00e+00	0.00e+00	0.00e+00	0.00e+00	0.00e+00
 4.74065e+13	2.63e-26	9.32e-20	7.60e-14	3.84e-09	1.46e-05	4.83e-03	9.95e-01	0.00e+00	0.00e+00	0.00e+00	0.00e+00	0.00e+00
 4.91349e+13	3.80e-26	1.28e-19	1.00e-13	4.74e-09	1.68e-05	5.19e-03	9.95e-01	0.00e+00	0.00e+00	0.00e+00	0.00e+00	0.00e+00
 5.06002e+13	5.33e-26	1.70e-19	1.26e-13	5.63e-09	1.89e-05	5.50e-03	9.94e-01	0.00e+00	0.00e+00	0.00e+00	0.00e+00	0.00e+00
 5.21669e+13	7.30e-26	2.24e-19	1.60e-13	6.74e-09	2.12e-05	5.85e-03	9.94e-01	0.00e+00	0.00e+00	0.00e+00	0.00e+00	0.00e+00
 5.41284e+13	1.11e-25	3.18e-19	2.14e-13	8.38e-09	2.46e-05	6.29e-03	9.94e-01	0.00e+00	0.00e+00	0.00e+00	0.00e+00	0.00e+00
 5.61498e+13	1.60e-25	4.39e-19	2.84e-13	1.04e-08	2.84e-05	6.77e-03	9.93e-01	0.00e+00	0.00e+00	0.00e+00	0.00e+00	0.00e+00
 5.79330e+13	2.26e-25	5.90e-19	3.63e-13	1.25e-08	3.21e-05	7.20e-03	9.93e-01	0.00e+00	0.00e+00	0.00e+00	0.00e+00	0.00e+00
 5.98600e+13	3.27e-25	8.05e-19	4.69e-13	1.52e-08	3.65e-05	7.69e-03	9.92e-01	0.00e+00	0.00e+00	0.00e+00	0.00e+00	0.00e+00
 6.21830e+13	4.80e-25	1.13e-18	6.30e-13	1.90e-08	4.23e-05	8.30e-03	9.92e-01	0.00e+00	0.00e+00	0.00e+00	0.00e+00	0.00e+00
 6.44878e+13	7.27e-25	1.60e-18	8.37e-13	2.35e-08	4.88e-05	8.92e-03	9.91e-01	0.00e+00	0.00e+00	0.00e+00	0.00e+00	0.00e+00
 6.65435e+13	9.89e-25	2.10e-18	1.07e-12	2.83e-08	5.52e-05	9.50e-03	9.90e-01	0.00e+00	0.00e+00	0.00e+00	0.00e+00	0.00e+00
 6.88086e+13	1.45e-24	2.89e-18	1.39e-12	3.45e-08	6.30e-05	1.02e-02	9.90e-01	0.00e+00	0.00e+00	0.00e+00	0.00e+00	0.00e+00
 7.15057e+13	2.12e-24	4.05e-18	1.87e-12	4.32e-08	7.32e-05	1.10e-02	9.89e-01	0.00e+00	0.00e+00	0.00e+00	0.00e+00	0.00e+00
 7.41776e+13	3.20e-24	5.73e-18	2.49e-12	5.37e-08	8.46e-05	1.18e-02	9.88e-01	0.00e+00	0.00e+00	0.00e+00	0.00e+00	0.00e+00
 7.66193e+13	4.36e-24	7.56e-18	3.20e-12	6.49e-08	9.60e-05	1.26e-02	9.87e-01	0.00e+00	0.00e+00	0.00e+00	0.00e+00	0.00e+00
 7.93485e+13	6.36e-24	1.05e-17	4.20e-12	7.98e-08	1.10e-04	1.35e-02	9.86e-01	0.00e+00	0.00e+00	0.00e+00	0.00e+00	0.00e+00
 8.25238e+13	9.54e-24	1.49e-17	5.69e-12	1.01e-07	1.28e-04	1.47e-02	9.85e-01	0.00e+00	0.00e+00	0.00e+00	0.00e+00	0.00e+00
 8.56390e+13	1.42e-23	2.09e-17	7.59e-12	1.25e-07	1.49e-04	1.58e-02	9.84e-01	0.00e+00	0.00e+00	0.00e+00	0.00e+00	0.00e+00
 8.85824e+13	1.97e-23	2.81e-17	9.85e-12	1.53e-07	1.70e-04	1.69e-02	9.83e-01	0.00e+00	0.00e+00	0.00e+00	0.00e+00	0.00e+00
 9.18592e+13	2.89e-23	3.91e-17	1.30e-11	1.89e-07	1.96e-04	1.82e-02	9.82e-01	0.00e+00	0.00e+00	0.00e+00	0.00e+00	0.00e+00
 9.55635e+13	4.22e-23	5.49e-17	1.77e-11	2.39e-07	2.28e-04	1.98e-02	9.80e-01	0.00e+00	0.00e+00	0.00e+00	0.00e+00	0.00e+00
 9.92540e+13	6.30e-23	7.76e-17	2.37e-11	2.99e-07	2.65e-04	2.13e-02	9.78e-01	0.00e+00	0.00e+00	0.00e+00	0.00e+00	0.00e+00
 1.02824e+14	8.77e-23	1.05e-16	3.10e-11	3.67e-07	3.04e-04	2.30e-02	9.77e-01	0.00e+00	0.00e+00	0.00e+00	0.00e+00	0.00e+00
 1.05927e+14	1.18e-22	1.36e-16	3.90e-11	4.38e-07	3.41e-04	2.44e-02	9.75e-01	0.00e+00	0.00e+00	0.00e+00	0.00e+00	0.00e+00
 1.08510e+14	1.51e-22	1.69e-16	4.69e-11	5.04e-07	3.75e-04	2.57e-02	9.74e-01	0.00e+00	0.00e+00	0.00e+00	0.00e+00	0.00e+00
 1.11378e+14	1.96e-22	2.12e-16	5.73e-11	5.88e-07	4.15e-04	2.71e-02	9.72e-01	0.00e+00	0.00e+00	0.00e+00	0.00e+00	0.00e+00
 1.15106e+14	2.67e-22	2.82e-16	7.36e-11	7.14e-07	4.72e-04	2.90e-02	9.71e-01	0.00e+00	0.00e+00	0.00e+00	0.00e+00	0.00e+00
 1.19034e+14	3.70e-22	3.77e-16	9.51e-11	8.69e-07	5.37e-04	3.11e-02	9.68e-01	0.00e+00	0.00e+00	0.00e+00	0.00e+00	0.00e+00
 1.22424e+14	4.90e-22	4.83e-16	1.18e-10	1.03e-06	5.99e-04	3.30e-02	9.66e-01	0.00e+00	0.00e+00	0.00e+00	0.00e+00	0.00e+00
 1.26033e+14	6.40e-22	6.18e-16	1.47e-10	1.22e-06	6.70e-04	3.51e-02	9.64e-01	0.00e+00	0.00e+00	0.00e+00	0.00e+00	0.00e+00
 1.30649e+14	9.08e-22	8.46e-16	1.93e-10	1.50e-06	7.70e-04	3.78e-02	9.61e-01	0.00e+00	0.00e+00	0.00e+00	0.00e+00	0.00e+00
 1.35403e+14	1.28e-21	1.15e-15	2.54e-10	1.85e-06	8.85e-04	4.08e-02	9.58e-01	0.00e+00	0.00e+00	0.00e+00	0.00e+00	0.00e+00
 1.39467e+14	1.70e-21	1.49e-15	3.18e-10	2.20e-06	9.92e-04	4.34e-02	9.56e-01	0.00e+00	0.00e+00	0.00e+00	0.00e+00	0.00e+00
 1.43810e+14	2.27e-21	1.94e-15	4.01e-10	2.64e-06	1.12e-03	4.62e-02	9.53e-01	0.00e+00	0.00e+00	0.00e+00	0.00e+00	0.00e+00
 1.49205e+14	3.21e-21	2.66e-15	5.31e-10	3.27e-06	1.29e-03	5.00e-02	9.49e-01	0.00e+00	0.00e+00	0.00e+00	0.00e+00	0.00e+00
 1.54712e+14	4.55e-21	3.65e-15	6.99e-10	4.05e-06	1.48e-03	5.40e-02	9.45e-01	0.00e+00	0.00e+00	0.00e+00	0.00e+00	0.00e+00
 1.59566e+14	6.11e-21	4.78e-15	8.85e-10	4.85e-06	1.66e-03	5.75e-02	9.41e-01	0.00e+00	0.00e+00	0.00e+00	0.00e+00	0.00e+00
 1.64823e+14	8.26e-21	6.32e-15	1.13e-09	5.86e-06	1.88e-03	6.15e-02	9.37e-01	0.00e+00	0.00e+00	0.00e+00	0.00e+00	0.00e+00
 1.71165e+14	1.19e-20	8.81e-15	1.51e-09	7.31e-06	2.17e-03	6.66e-02	9.31e-01	0.00e+00	0.00e+00	0.00e+00	0.00e+00	0.00e+00
 1.77461e+14	1.68e-20	1.21e-14	1.99e-09	9.03e-06	2.49e-03	7.18e-02	9.26e-01	0.00e+00	0.00e+00	0.00e+00	0.00e+00	0.00e+00
 1.83073e+14	2.27e-20	1.59e-14	2.52e-09	1.08e-05	2.80e-03	7.66e-02	9.21e-01	0.00e+00	0.00e+00	0.00e+00	0.00e+00	0.00e+00
 1.89254e+14	3.11e-20	2.13e-14	3.25e-09	1.31e-05	3.18e-03	8.20e-02	9.15e-01	0.00e+00	0.00e+00	0.00e+00	0.00e+00	0.00e+00
 1.96618e+14	4.52e-20	2.99e-14	4.35e-09	1.64e-05	3.67e-03	8.86e-02	9.08e-01	0.00e+00	0.00e+00	0.00e+00	0.00e+00	0.00e+00
 2.03941e+14	6.45e-20	4.15e-14	5.76e-09	2.03e-05	4.20e-03	9.54e-02	9.00e-01	0.00e+00	0.00e+00	0.00e+00	0.00e+00	0.00e+00
 2.10664e+14	8.79e-20	5.53e-14	7.38e-09	2.45e-05	4.74e-03	1.02e-01	8.93e-01	0.00e+00	0.00e+00	0.00e+00	0.00e+00	0.00e+00
 2.18182e+14	1.23e-19	7.52e-14	9.66e-09	3.00e-05	5.40e-03	1.09e-01	8.85e-01	0.00e+00	0.00e+00	0.00e+00	0.00e+00	0.00e+00
 2.26896e+14	1.85e-19	1.08e-13	1.30e-08	3.76e-05	6.24e-03	1.18e-01	8.76e-01	0.00e+00	0.00e+00	0.00e+00	0.00e+00	0.00e+00
 2.35438e+14	2.66e-19	1.51e-13	1.73e-08	4.65e-05	7.15e-03	1.27e-01	8.66e-01	0.00e+00	0.00e+00	0.00e+00	0.00e+00	0.00e+00
 2.43590e+14	3.75e-19	2.06e-13	2.25e-08	5.66e-05	8.10e-03	1.35e-01	8.56e-01	0.00e+00	0.00e+00	0.00e+00	0.00e+00	0.00e+00
 2.50748e+14	5.02e-19	2.69e-13	2.81e-08	6.68e-05	9.01e-03	1.43e-01	8.48e-01	0.00e+00	0.00e+00	0.00e+00	0.00e+00	0.00e+00
 2.56665e+14	6.37e-19	3.34e-13	3.36e-08	7.63e-05	9.80e-03	1.50e-01	8.41e-01	0.00e+00	0.00e+00	0.00e+00	0.00e+00	0.00e+00
 2.63174e+14	8.23e-19	4.21e-13	4.07e-08	8.80e-05	1.07e-02	1.57e-01	8.32e-01	0.00e+00	0.00e+00	0.00e+00	0.00e+00	0.00e+00
 2.71635e+14	1.13e-18	5.62e-13	5.19e-08	1.05e-04	1.20e-02	1.66e-01	8.22e-01	0.00e+00	0.00e+00	0.00e+00	0.00e+00	0.00e+00
 2.80542e+14	1.55e-18	7.48e-13	6.64e-08	1.26e-04	1.35e-02	1.76e-01	8.10e-01	0.00e+00	0.00e+00	0.00e+00	0.00e+00	0.00e+00
 2.88227e+14	2.09e-18	9.75e-13	8.17e-08	1.47e-04	1.48e-02	1.85e-01	8.00e-01	0.00e+00	0.00e+00	0.00e+00	0.00e+00	0.00e+00
 2.96416e+14	2.81e-18	1.26e-12	1.01e-07	1.73e-04	1.64e-02	1.94e-01	7.90e-01	0.00e+00	0.00e+00	0.00e+00	0.00e+00	0.00e+00
 3.07062e+14	4.06e-18	1.76e-12	1.32e-07	2.10e-04	1.86e-02	2.06e-01	7.75e-01	0.00e+00	0.00e+00	0.00e+00	0.00e+00	0.00e+00
 3.17999e+14	5.68e-18	2.39e-12	1.73e-07	2.56e-04	2.09e-02	2.19e-01	7.60e-01	0.00e+00	0.00e+00	0.00e+00	0.00e+00	0.00e+00
 3.27121e+14	7.89e-18	3.17e-12	2.14e-07	2.99e-04	2.31e-02	2.29e-01	7.47e-01	0.00e+00	0.00e+00	0.00e+00	0.00e+00	0.00e+00
 3.36781e+14	1.05e-17	4.11e-12	2.67e-07	3.51e-04	2.55e-02	2.40e-01	7.34e-01	0.00e+00	0.00e+00	0.00e+00	0.00e+00	0.00e+00
 3.49101e+14	1.58e-17	5.85e-12	3.50e-07	4.28e-04	2.88e-02	2.54e-01	7.17e-01	0.00e+00	0.00e+00	0.00e+00	0.00e+00	0.00e+00
 3.62031e+14	2.36e-17	8.21e-12	4.61e-07	5.22e-04	3.26e-02	2.69e-01	6.98e-01	0.00e+00	0.00e+00	1.35e-17	7.15e-18	2.52e-18
 3.73550e+14	3.27e-17	1.10e-11	5.82e-07	6.19e-04	3.61e-02	2.81e-01	6.82e-01	0.00e+00	0.00e+00	1.87e-17	9.97e-18	3.49e-18
 3.86082e+14	4.54e-17	1.47e-11	7.44e-07	7.38e-04	4.02e-02	2.95e-01	6.64e-01	0.00e+00	0.00e+00	2.60e-17	1.38e-17	4.81e-18
 4.01044e+14	7.00e-17	2.12e-11	9.88e-07	9.05e-04	4.54e-02	3.11e-01	6.43e-01	0.00e+00	0.00e+00	4.01e-17	2.13e-17	7.37e-18
 4.15862e+14	1.04e-16	2.97e-11	1.29e-06	1.10e-03	5.10e-02	3.26e-01	6.22e-01	0.00e+00	0.00e+00	5.95e-17	3.15e-17	1.09e-17
 4.29300e+14	1.46e-16	3.99e-11	1.63e-06	1.29e-03	5.63e-02	3.39e-01	6.03e-01	0.00e+00	0.00e+00	8.40e-17	4.44e-17	1.52e-17
 4.44246e+14	2.05e-16	5.38e-11	2.09e-06	1.54e-03	6.25e-02	3.53e-01	5.83e-01	0.00e+00	0.00e+00	1.18e-16	6.23e-17	2.13e-17
 4.61762e+14	3.21e-16	7.81e-11	2.77e-06	1.88e-03	7.03e-02	3.69e-01	5.58e-01	0.00e+00	0.00e+00	1.84e-16	9.74e-17	3.31e-17
 4.79042e+14	4.77e-16	1.09e-10	3.60e-06	2.27e-03	7.83e-02	3.84e-01	5.35e-01	0.00e+00	0.00e+00	2.75e-16	1.45e-16	4.91e-17
 4.95274e+14	6.85e-16	1.48e-10	4.56e-06	2.68e-03	8.63e-02	3.97e-01	5.14e-01	0.00e+00	0.00e+00	3.95e-16	2.08e-16	7.02e-17
 5.13376e+14	9.76e-16	2.01e-10	5.87e-06	3.20e-03	9.55e-02	4.10e-01	4.91e-01	0.00e+00	0.00e+00	5.63e-16	2.96e-16	9.97e-17
 5.33941e+14	1.56e-15	2.94e-10	7.74e-06	3.87e-03	1.06e-01	4.25e-01	4.65e-01	0.00e+00	0.00e+00	9.00e-16	4.73e-16	1.59e-16
 5.54303e+14	2.34e-15	4.11e-10	1.00e-05	4.63e-03	1.18e-01	4.37e-01	4.41e-01	0.00e+00	0.00e+00	1.35e-15	7.10e-16	2.37e-16
 5.71036e+14	3.22e-15	5.35e-10	1.23e-05	5.33e-03	1.27e-01	4.46e-01	4.22e-01	0.00e+00	0.00e+00	1.86e-15	9.77e-16	3.25e-16
 5.84113e+14	4.11e-15	6.54e-10	1.43e-05	5.92e-03	1.35e-01	4.52e-01	4.07e-01	0.00e+00	0.00e+00	2.38e-15	1.25e-15	4.14e-16
 5.98424e+14	5.28e-15	8.05e-10	1.68e-05	6.62e-03	1.43e-01	4.59e-01	3.91e-01	0.00e+00	0.00e+00	3.06e-15	1.60e-15	5.32e-16
 6.17028e+14	7.32e-15	1.05e-09	2.07e-05	7.62e-03	1.55e-01	4.66e-01	3.72e-01	0.00e+00	0.00e+00	4.24e-15	2.22e-15	7.35e-16
 6.37192e+14	1.04e-14	1.40e-09	2.56e-05	8.81e-03	1.67e-01	4.73e-01	3.51e-01	0.00e+00	0.00e+00	6.05e-15	3.17e-15	1.05e-15
 6.55316e+14	1.41e-14	1.78e-09	3.08e-05	9.97e-03	1.78e-01	4.78e-01	3.34e-01	0.00e+00	0.00e+00	8.16e-15	4.27e-15	1.41e-15
 6.74810e+14	1.91e-14	2.28e-09	3.72e-05	1.13e-02	1.91e-01	4.82e-01	3.16e-01	0.00e+00	0.00e+00	1.10e-14	5.78e-15	1.90e-15
 6.99560e+14	2.82e-14	3.11e-09	4.69e-05	1.32e-02	2.06e-01	4.86e-01	2.94e-01	0.00e+00	0.00e+00	1.64e-14	8.57e-15	2.81e-15
 7.24618e+14	4.05e-14	4.15e-09	5.86e-05	1.53e-02	2.22e-01	4.89e-01	2.74e-01	0.00e+00	0.00e+00	2.35e-14	1.23e-14	4.02e-15
 7.45788e+14	5.34e-14	5.21e-09	7.02e-05	1.73e-02	2.36e-01	4.90e-01	2.57e-01	0.00e+00	0.00e+00	3.10e-14	1.62e-14	5.31e-15
 7.68429e+14	7.29e-14	6.67e-09	8.45e-05	1.95e-02	2.50e-01	4.90e-01	2.41e-01	0.00e+00	0.00e+00	4.23e-14	2.21e-14	7.23e-15
 7.96866e+14	1.12e-13	9.21e-09	1.06e-04	2.26e-02	2.68e-01	4.88e-01	2.21e-01	0.00e+00	0.00e+00	6.47e-14	3.38e-14	1.10e-14
 8.26243e+14	1.63e-13	1.24e-08	1.32e-04	2.60e-02	2.86e-01	4.85e-01	2.03e-01	0.00e+00	0.00e+00	9.44e-14	4.93e-14	1.61e-14
 8.52155e+14	2.22e-13	1.58e-08	1.58e-04	2.92e-02	3.02e-01	4.81e-01	1.88e-01	0.00e+00	0.00e+00	1.29e-13	6.73e-14	2.19e-14
 8.80155e+14	3.00e-13	2.00e-08	1.91e-04	3.30e-02	3.18e-01	4.75e-01	1.73e-01	0.00e+00	0.00e+00	1.74e-13	9.09e-14	2.96e-14
 9.13916e+14	4.57e-13	2.75e-08	2.38e-04	3.79e-02	3.38e-01	4.67e-01	1.56e-01	0.00e+00	0.00e+00	2.66e-13	1.39e-13	4.51e-14
 9.47396e+14	6.62e-13	3.65e-08	2.93e-04	4.30e-02	3.57e-01	4.58e-01	1.42e-01	0.00e+00	0.00e+00	3.84e-13	2.01e-13	6.51e-14
 9.77384e+14	8.83e-13	4.57e-08	3.49e-04	4.80e-02	3.72e-01	4.50e-01	1.30e-01	0.00e+00	0.00e+00	5.13e-13	2.68e-13	8.68e-14
 1.01060e+15	1.23e-12	5.90e-08	4.20e-04	5.38e-02	3.89e-01	4.39e-01	1.17e-01	0.00e+00	0.00e+00	7.17e-13	3.75e-13	1.21e-13
 1.04998e+15	1.92e-12	8.14e-08	5.20e-04	6.12e-02	4.08e-01	4.26e-01	1.04e-01	0.00e+00	0.00e+00	1.12e-12	5.84e-13	1.89e-13
 1.08725e+15	2.73e-12	1.06e-07	6.28e-04	6.85e-02	4.25e-01	4.12e-01	9.34e-02	0.00e+00	0.00e+00	1.59e-12	8.28e-13	2.68e-13
 1.11930e+15	3.66e-12	1.32e-07	7.34e-04	7.51e-02	4.39e-01	4.01e-01	8.49e-02	0.00e+00	0.00e+00	2.13e-12	1.11e-12	3.59e-13
 1.15467e+15	4.94e-12	1.65e-07	8.65e-04	8.27e-02	4.52e-01	3.87e-01	7.66e-02	0.00e+00	0.00e+00	2.87e-12	1.50e-12	4.85e-13
 1.19817e+15	7.26e-12	2.18e-07	1.05e-03	9.25e-02	4.68e-01	3.71e-01	6.73e-02	0.00e+00	0.00e+00	4.22e-12	2.21e-12	7.12e-13
 1.24223e+15	9.83e-12	2.76e-07	1.26e-03	1.03e-01	4.82e-01	3.55e-01	5.94e-02	0.00e+00	0.00e+00	5.72e-12	2.99e-12	9.64e-13
 1.27885e+15	1.39e-11	3.51e-07	1.47e-03	1.12e-01	4.93e-01	3.41e-01	5.32e-02	0.00e+00	0.00e+00	8.08e-12	4.22e-12	1.36e-12
 1.30855e+15	1.74e-11	4.14e-07	1.65e-03	1.19e-01	5.00e-01	3.30e-01	4.88e-02	0.00e+00	0.00e+00	1.01e-11	5.30e-12	1.71e-12
 1.33988e+15	2.18e-11	4.88e-07	1.85e-03	1.27e-01	5.08e-01	3.18e-01	4.46e-02	0.00e+00	0.00e+00	1.27e-11	6.63e-12	2.14e-12
 1.38061e+15	2.83e-11	5.93e-07	2.15e-03	1.38e-01	5.16e-01	3.04e-01	3.97e-02	0.00e+00	0.00e+00	1.64e-11	8.59e-12	2.77e-12
 1.42641e+15	4.09e-11	7.67e-07	2.52e-03	1.50e-01	5.25e-01	2.88e-01	3.48e-02	0.00e+00	0.00e+00	2.38e-11	1.24e-11	4.01e-12
 1.46719e+15	5.32e-11	9.29e-07	2.89e-03	1.61e-01	5.31e-01	2.74e-01	3.10e-02	0.00e+00	0.00e+00	3.09e-11	1.62e-11	5.22e-12
 1.50861e+15	6.76e-11	1.11e-06	3.29e-03	1.73e-01	5.36e-01	2.61e-01	2.76e-02	0.00e+00	0.00e+00	3.93e-11	2.06e-11	6.64e-12
 1.56245e+15	1.00e-10	1.46e-06	3.90e-03	1.88e-01	5.40e-01	2.44e-01	2.36e-02	0.00e+00	0.00e+00	5.83e-11	3.05e-11	9.84e-12
 1.61627e+15	1.36e-10	1.82e-06	4.56e-03	2.04e-01	5.44e-01	2.28e-01	2.04e-02	0.00e+00	0.00e+00	7.93e-11	4.15e-11	1.34e-11
 1.65980e+15	1.71e-10	2.15e-06	5.15e-03	2.16e-01	5.45e-01	2.15e-01	1.81e-02	0.00e+00	0.00e+00	9.97e-11	5.22e-11	1.68e-11
 1.70614e+15	2.23e-10	2.60e-06	5.84e-03	2.30e-01	5.45e-01	2.03e-01	1.59e-02	0.00e+00	0.00e+00	1.30e-10	6.79e-11	2.19e-11
 1.76638e+15	3.28e-10	3.38e-06	6.86e-03	2.48e-01	5.45e-01	1.87e-01	1.34e-02	0.00e+00	0.00e+00	1.91e-10	9.99e-11	3.23e-11
 1.82889e+15	4.50e-10	4.23e-06	8.00e-03	2.67e-01	5.42e-01	1.72e-01	1.14e-02	0.00e+00	0.00e+00	2.62e-10	1.37e-10	4.43e-11
 1.88193e+15	5.74e-10	5.05e-06	9.07e-03	2.82e-01	5.38e-01	1.61e-01	9.87e-03	0.00e+00	0.00e+00	3.34e-10	1.75e-10	5.65e-11
 1.93844e+15	7.59e-10	6.15e-06	1.03e-02	2.99e-01	5.34e-01	1.49e-01	8.48e-03	0.00e+00	0.00e+00	4.42e-10	2.31e-10	7.48e-11
 2.00129e+15	1.09e-09	7.86e-06	1.19e-02	3.18e-01	5.27e-01	1.36e-01	7.13e-03	0.00e+00	0.00e+00	6.35e-10	3.33e-10	1.08e-10
 2.05892e+15	1.43e-09	9.48e-06	1.35e-02	3.34e-01	5.20e-01	1.26e-01	6.12e-03	0.00e+00	0.00e+00	8.30e-10	4.35e-10	1.41e-10
 2.12039e+15	1.87e-09	1.15e-05	1.53e-02	3.52e-01	5.12e-01	1.16e-01	5.21e-03	0.00e+00	0.00e+00	1.09e-09	5.70e-10	1.84e-10
 2.18734e+15	2.42e-09	1.38e-05	1.74e-02	3.71e-01	5.02e-01	1.05e-01	4.39e-03	0.00e+00	0.00e+00	1.41e-09	7.36e-10	2.38e-10
 2.24839e+15	3.34e-09	1.72e-05	1.97e-02	3.88e-01	4.92e-01	9.65e-02	3.72e-03	0.00e+00	0.00e+00	1.94e-09	1.02e-09	3.30e-10
 2.30433e+15	4.22e-09	2.02e-05	2.19e-02	4.03e-01	4.83e-01	8.92e-02	3.22e-03	0.00e+00	0.00e+00	2.46e-09	1.29e-09	4.18e-10
 2.35595e+15	5.21e-09	2.34e-05	2.40e-02	4.17e-01	4.74e-01	8.29e-02	2.82e-03	0.00e+00	0.00e+00	3.03e-09	1.59e-09	5.15e-10
 2.41239e+15	6.48e-09	2.74e-05	2.65e-02	4.31e-01	4.63e-01	7.65e-02	2.44e-03	0.00e+00	0.00e+00	3.77e-09	1.98e-09	6.42e-10
 2.47481e+15	8.42e-09	3.28e-05	2.96e-02	4.47e-01	4.51e-01	6.99e-02	2.07e-03	0.00e+00	0.00e+00	4.90e-09	2.57e-09	8.34e-10
 2.53067e+15	1.03e-08	3.78e-05	3.25e-02	4.61e-01	4.40e-01	6.45e-02	1.80e-03	0.00e+00	0.00e+00	5.99e-09	3.14e-09	1.02e-09
 2.58893e+15	1.25e-08	4.35e-05	3.57e-02	4.75e-01	4.29e-01	5.93e-02	1.56e-03	0.00e+00	0.00e+00	7.26e-09	3.81e-09	1.24e-09
 2.66468e+15	1.76e-08	5.48e-05	4.06e-02	4.92e-01	4.13e-01	5.29e-02	1.27e-03	0.00e+00	0.00e+00	1.02e-08	5.37e-09	1.75e-09
 2.74321e+15	2.28e-08	6.60e-05	4.58e-02	5.09e-01	3.97e-01	4.72e-02	1.04e-03	0.00e+00	0.00e+00	1.33e-08	6.97e-09	2.27e-09
 2.80870e+15	2.80e-08	7.66e-05	5.05e-02	5.22e-01	3.83e-01	4.29e-02	8.88e-04	0.00e+00	0.00e+00	1.63e-08	8.54e-09	2.78e-09
 2.87716e+15	3.56e-08	9.08e-05	5.61e-02	5.36e-01	3.69e-01	3.86e-02	7.45e-04	0.00e+00	0.00e+00	2.07e-08	1.09e-08	3.54e-09
 2.94999e+15	4.58e-08	1.08e-04	6.25e-02	5.49e-01	3.53e-01	3.46e-02	6.19e-04	0.00e+00	0.00e+00	2.67e-08	1.40e-08	4.56e-09
 3.01288e+15	5.75e-08	1.27e-04	6.86e-02	5.59e-01	3.40e-01	3.13e-02	5.26e-04	0.00e+00	0.00e+00	3.35e-08	1.76e-08	5.73e-09
 3.06973e+15	7.43e-08	1.51e-04	7.49e-02	5.68e-01	3.28e-01	2.85e-02	4.49e-04	0.00e+00	0.00e+00	4.32e-08	2.27e-08	7.41e-09
 3.12412e+15	8.93e-08	1.72e-04	8.09e-02	5.76e-01	3.16e-01	2.62e-02	3.90e-04	0.00e+00	0.00e+00	5.20e-08	2.73e-08	8.91e-09
 3.18461e+15	1.09e-07	1.98e-04	8.83e-02	5.84e-01	3.03e-01	2.38e-02	3.33e-04	0.00e+00	0.00e+00	6.34e-08	3.33e-08	1.09e-08
 3.26325e+15	1.47e-07	2.44e-04	9.92e-02	5.93e-01	2.86e-01	2.08e-02	2.68e-04	0.00e+00	0.00e+00	8.58e-08	4.51e-08	1.47e-08
 3.34385e+15	1.79e-07	2.84e-04	1.10e-01	6.01e-01	2.70e-01	1.83e-02	2.20e-04	0.00e+00	0.00e+00	1.04e-07	5.48e-08	1.79e-08
 3.41548e+15	2.48e-07	3.53e-04	1.23e-01	6.06e-01	2.55e-01	1.60e-02	1.78e-04	0.00e+00	0.00e+00	1.44e-07	7.58e-08	2.48e-08
 3.47555e+15	3.04e-07	4.08e-04	1.33e-01	6.09e-01	2.42e-01	1.45e-02	1.51e-04	0.00e+00	0.00e+00	1.77e-07	9.31e-08	3.05e-08
 3.53211e+15	3.73e-07	4.72e-04	1.45e-01	6.11e-01	2.31e-01	1.30e-02	1.28e-04	0.00e+00	0.00e+00	2.17e-07	1.14e-07	3.74e-08
 3.60564e+15	4.77e-07	5.63e-04	1.61e-01	6.12e-01	2.15e-01	1.14e-02	1.04e-04	0.00e+00	0.00e+00	2.77e-07	1.46e-07	4.78e-08
 3.68166e+15	6.40e-07	6.92e-04	1.79e-01	6.10e-01	2.00e-01	9.77e-03	8.25e-05	0.00e+00	0.00e+00	3.72e-07	1.96e-07	6.42e-08
 3.74069e+15	7.76e-07	7.96e-04	1.94e-01	6.08e-01	1.88e-01	8.71e-03	6.94e-05	0.00e+00	0.00e+00	4.52e-07	2.38e-07	7.79e-08
 3.78606e+15	9.23e-07	9.00e-04	2.08e-01	6.05e-01	1.79e-01	7.92e-03	6.01e-05	0.00e+00	0.00e+00	5.37e-07	2.83e-07	9.28e-08
 3.82742e+15	1.08e-06	1.01e-03	2.20e-01	6.01e-01	1.71e-01	7.24e-03	5.25e-05	0.00e+00	0.00e+00	6.30e-07	3.32e-07	1.09e-07
 3.87473e+15	1.25e-06	1.12e-03	2.36e-01	5.95e-01	1.61e-01	6.53e-03	4.53e-05	0.00e+00	0.00e+00	7.29e-07	3.84e-07	1.26e-07
 3.93624e+15	1.70e-06	1.39e-03	2.60e-01	5.85e-01	1.48e-01	5.60e-03	3.59e-05	0.00e+00	0.00e+00	9.92e-07	5.22e-07	1.72e-07
 3.98997e+15	2.05e-06	1.58e-03	2.80e-01	5.76e-01	1.38e-01	4.95e-03	3.00e-05	0.00e+00	0.00e+00	1.19e-06	6.29e-07	2.07e-07
 4.02567e+15	2.31e-06	1.73e-03	2.94e-01	5.68e-01	1.31e-01	4.53e-03	2.65e-05	0.00e+00	0.00e+00	1.35e-06	7.09e-07	2.33e-07
 4.06418e+15	2.71e-06	1.93e-03	3.12e-01	5.59e-01	1.24e-01	4.09e-03	2.28e-05	0.00e+00	0.00e+00	1.58e-06	8.30e-07	2.73e-07
 4.11424e+15	3.57e-06	2.33e-03	3.38e-01	5.43e-01	1.13e-01	3.51e-03	1.83e-05	0.00e+00	0.00e+00	2.08e-06	1.10e-06	3.61e-07
 4.16005e+15	4.08e-06	2.58e-03	3.59e-01	5.30e-01	1.05e-01	3.11e-03	1.55e-05	0.00e+00	0.00e+00	2.37e-06	1.25e-06	4.12e-07
 4.20032e+15	5.24e-06	3.05e-03	3.84e-01	5.13e-01	9.68e-02	2.70e-03	1.26e-05	0.00e+00	0.00e+00	3.05e-06	1.61e-06	5.30e-07
 4.23922e+15	6.22e-06	3.44e-03	4.06e-01	4.98e-01	8.97e-02	2.39e-03	1.06e-05	0.00e+00	0.00e+00	3.62e-06	1.91e-06	6.29e-07
 4.27635e+15	7.34e-06	3.86e-03	4.29e-01	4.82e-01	8.27e-02	2.10e-03	8.89e-06	0.00e+00	0.00e+00	4.27e-06	2.25e-06	7.42e-07
 4.32462e+15	9.29e-06	4.55e-03	4.61e-01	4.59e-01	7.37e-02	1.75e-03	6.92e-06	0.00e+00	0.00e+00	5.40e-06	2.85e-06	9.41e-07
 4.37156e+15	1.11e-05	5.15e-03	4.91e-01	4.36e-01	6.59e-02	1.48e-03	5.51e-06	0.00e+00	0.00e+00	6.44e-06	3.40e-06	1.12e-06
 4.40964e+15	1.45e-05	6.14e-03	5.21e-01	4.12e-01	5.89e-02	1.23e-03	4.28e-06	0.00e+00	0.00e+00	8.41e-06	4.44e-06	1.47e-06
 4.44063e+15	1.68e-05	6.81e-03	5.43e-01	3.95e-01	5.40e-02	1.08e-03	3.58e-06	0.00e+00	0.00e+00	9.77e-06	5.16e-06	1.71e-06
 4.46954e+15	1.94e-05	7.52e-03	5.65e-01	3.77e-01	4.93e-02	9.43e-04	2.98e-06	0.00e+00	0.00e+00	1.13e-05	5.97e-06	1.97e-06
 4.50713e+15	2.42e-05	8.70e-03	5.96e-01	3.52e-01	4.33e-02	7.75e-04	2.29e-06	0.00e+00	0.00e+00	1.41e-05	7.44e-06	2.46e-06
 4.54581e+15	2.80e-05	9.63e-03	6.23e-01	3.29e-01	3.81e-02	6.44e-04	1.81e-06	0.00e+00	0.00e+00	1.63e-05	8.60e-06	2.85e-06
 4.58592e+15	3.75e-05	1.16e-02	6.57e-01	2.98e-01	3.22e-02	5.00e-04	1.28e-06	0.00e+00	0.00e+00	2.18e-05	1.15e-05	3.82e-06
 4.62294e+15	4.50e-05	1.31e-02	6.84e-01	2.74e-01	2.78e-02	4.05e-04	9.73e-07	0.00e+00	0.00e+00	2.62e-05	1.38e-05	4.59e-06
 4.65134e+15	5.13e-05	1.43e-02	7.05e-01	2.56e-01	2.46e-02	3.40e-04	0.00e+00	0.00e+00	0.00e+00	2.99e-05	1.58e-05	5.24e-06
 4.67812e+15	5.99e-05	1.58e-02	7.24e-01	2.38e-01	2.17e-02	2.84e-04	0.00e+00	0.00e+00	0.00e+00	3.49e-05	1.84e-05	6.12e-06
 4.70080e+15	6.86e-05	1.72e-02	7.40e-01	2.22e-01	1.95e-02	2.43e-04	0.00e+00	0.00e+00	0.00e+00	3.99e-05	2.11e-05	7.01e-06
 4.71987e+15	7.69e-05	1.85e-02	7.54e-01	2.10e-01	1.77e-02	2.11e-04	0.00e+00	0.00e+00	0.00e+00	4.47e-05	2.37e-05	7.86e-06
 4.74085e+15	8.96e-05	2.04e-02	7.69e-01	1.95e-01	1.57e-02	1.78e-04	0.00e+00	0.00e+00	0.00e+00	5.21e-05	2.75e-05	9.16e-06
 4.76251e+15	9.84e-05	2.16e-02	7.81e-01	1.83e-01	1.41e-02	1.53e-04	0.00e+00	0.00e+00	0.00e+00	5.72e-05	3.03e-05	1.01e-05
 4.78504e+15	1.16e-04	2.40e-02	7.96e-01	1.67e-01	1.23e-02	1.25e-04	0.00e+00	0.00e+00	0.00e+00	6.75e-05	3.57e-05	1.19e-05
 4.80757e+15	1.32e-04	2.59e-02	8.08e-01	1.55e-01	1.08e-02	1.04e-04	0.00e+00	0.00e+00	0.00e+00	7.66e-05	4.05e-05	1.35e-05
 4.83008e+15	1.50e-04	2.81e-02	8.20e-01	1.42e-01	9.42e-03	8.59e-05	0.00e+00	0.00e+00	0.00e+00	8.73e-05	4.62e-05	1.54e-05
 4.85536e+15	1.74e-04	3.07e-02	8.32e-01	1.29e-01	8.05e-03	6.88e-05	0.00e+00	0.00e+00	0.00e+00	1.01e-04	5.35e-05	1.78e-05
 4.87886e+15	1.99e-04	3.33e-02	8.43e-01	1.17e-01	6.93e-03	5.57e-05	0.00e+00	0.00e+00	0.00e+00	1.16e-04	6.12e-05	2.04e-05
 4.90026e+15	2.26e-04	3.59e-02	8.51e-01	1.07e-01	6.02e-03	4.56e-05	0.00e+00	0.00e+00	0.00e+00	1.31e-04	6.95e-05	2.32e-05
 4.92430e+15	2.59e-04	3.89e-02	8.59e-01	9.63e-02	5.10e-03	3.61e-05	0.00e+00	0.00e+00	0.00e+00	1.51e-04	7.97e-05	2.66e-05
 4.95060e+15	3.01e-04	4.25e-02	8.67e-01	8.58e-02	4.26e-03	2.79e-05	0.00e+00	0.00e+00	0.00e+00	1.75e-04	9.28e-05	3.10e-05
 4.97403e+15	3.43e-04	4.59e-02	8.73e-01	7.73e-02	3.62e-03	2.22e-05	0.00e+00	0.00e+00	0.00e+00	2.00e-04	1.06e-04	3.53e-05
 4.99865e+15	3.96e-04	4.98e-02	8.78e-01	6.88e-02	3.01e-03	1.72e-05	0.00e+00	0.00e+00	0.00e+00	2.30e-04	1.22e-04	4.07e-05
 5.02516e+15	4.58e-04	5.41e-02	8.82e-01	6.08e-02	2.48e-03	1.31e-05	0.00e+00	0.00e+00	0.00e+00	2.66e-04	1.41e-04	4.71e-05
 5.04892e+15	5.22e-04	5.83e-02	8.85e-01	5.44e-02	2.09e-03	1.02e-05	0.00e+00	0.00e+00	0.00e+00	3.04e-04	1.61e-04	5.38e-05
 5.07114e+15	5.90e-04	6.25e-02	8.86e-01	4.88e-02	1.76e-03	8.02e-06	0.00e+00	0.00e+00	0.00e+00	3.43e-04	1.82e-04	6.08e-05
 5.09652e+15	6.79e-04	6.76e-02	8.87e-01	4.30e-02	1.44e-03	6.05e-06	0.00e+00	0.00e+00	0.00e+00	3.95e-04	2.09e-04	7.01e-05
 5.12405e+15	7.89e-04	7.35e-02	8.87e-01	3.75e-02	1.17e-03	4.48e-06	0.00e+00	0.00e+00	0.00e+00	4.59e-04	2.43e-04	8.14e-05
 5.14883e+15	9.01e-04	7.90e-02	8.86e-01	3.32e-02	9.66e-04	3.41e-06	0.00e+00	0.00e+00	0.00e+00	5.24e-04	2.77e-04	9.30e-05
 5.17548e+15	1.04e-03	8.55e-02	8.84e-01	2.89e-02	7.79e-04	2.51e-06	0.00e+00	0.00e+00	0.00e+00	6.05e-04	3.20e-04	1.07e-04
 5.20448e+15	1.21e-03	9.30e-02	8.80e-01	2.50e-02	6.20e-04	1.81e-06	0.00e+00	0.00e+00	0.00e+00	7.07e-04	3.74e-04	1.25e-04
 5.23034e+15	1.39e-03	1.00e-01	8.76e-01	2.19e-02	5.06e-04	1.35e-06	0.00e+00	0.00e+00	0.00e+00	8.10e-04	4.29e-04	1.44e-04
 5.25419e+15	1.58e-03	1.07e-01	8.71e-01	1.94e-02	4.18e-04	1.03e-06	0.00e+00	0.00e+00	0.00e+00	9.20e-04	4.87e-04	1.63e-04
 5.28161e+15	1.83e-03	1.16e-01	8.65e-01	1.67e-02	3.33e-04	7.44e-07	0.00e+00	0.00e+00	0.00e+00	1.06e-03	5.63e-04	1.89e-04
 5.31183e+15	2.15e-03	1.26e-01	8.57e-01	1.43e-02	2.61e-04	0.00e+00	0.00e+00	0.00e+00	0.00e+00	1.25e-03	6.61e-04	2.22e-04
 5.33927e+15	2.48e-03	1.36e-01	8.49e-01	1.24e-02	2.10e-04	0.00e+00	0.00e+00	0.00e+00	0.00e+00	1.44e-03	7.64e-04	2.57e-04
 5.36437e+15	2.83e-03	1.46e-01	8.40e-01	1.09e-02	1.71e-04	0.00e+00	0.00e+00	0.00e+00	0.00e+00	1.64e-03	8.70e-04	2.92e-04
 5.39286e+15	3.30e-03	1.58e-01	8.29e-01	9.27e-03	1.34e-04	0.00e+00	0.00e+00	0.00e+00	0.00e+00	1.92e-03	1.02e-03	3.42e-04
 5.42386e+15	3.90e-03	1.73e-01	8.16e-01	7.84e-03	1.04e-04	0.00e+00	0.00e+00	0.00e+00	0.00e+00	2.27e-03	1.20e-03	4.04e-04
 5.45207e+15	4.53e-03	1.86e-01	8.02e-01	6.73e-03	8.26e-05	0.00e+00	0.00e+00	0.00e+00	0.00e+00	2.64e-03	1.39e-03	4.69e-04
 5.48271e+15	5.37e-03	2.04e-01	7.85e-01	5.65e-03	6.34e-05	0.00e+00	0.00e+00	0.00e+00	0.00e+00	3.12e-03	1.65e-03	5.56e-04
 5.51585e+15	6.45e-03	2.23e-01	7.65e-01	4.68e-03	4.78e-05	0.00e+00	0.00e+00	0.00e+00	0.00e+00	3.75e-03	1.98e-03	6.67e-04
 5.54573e+15	7.58e-03	2.43e-01	7.46e-01	3.94e-03	3.70e-05	0.00e+00	0.00e+00	0.00e+00	0.00e+00	4.41e-03	2.33e-03	7.85e-04
 5.57806e+15	9.09e-03	2.66e-01	7.22e-01	3.24e-03	2.77e-05	0.00e+00	0.00e+00	0.00e+00	0.00e+00	5.29e-03	2.80e-03	9.41e-04
 5.61413e+15	1.12e-02	2.94e-01	6.92e-01	2.59e-03	2.00e-05	0.00e+00	0.00e+00	0.00e+00	0.00e+00	6.50e-03	3.43e-03	1.16e-03
 5.64756e+15	1.36e-02	3.23e-01	6.62e-01	2.09e-03	1.47e-05	0.00e+00	0.00e+00	0.00e+00	0.00e+00	7.89e-03	4.17e-03	1.40e-03
 5.67775e+15	1.62e-02	3.51e-01	6.31e-01	1.71e-03	1.10e-05	0.00e+00	0.00e+00	0.00e+00	0.00e+00	9.43e-03	4.98e-03	1.68e-03
 5.71122e+15	1.97e-02	3.85e-01	5.94e-01	1.35e-03	7.85e-06	0.00e+00	0.00e+00	0.00e+00	0.00e+00	1.15e-02	6.07e-03	2.05e-03
 5.74746e+15	2.46e-02	4.25e-01	5.50e-01	1.03e-03	5.40e-06	0.00e+00	0.00e+00	0.00e+00	0.00e+00	1.43e-02	7.57e-03	2.55e-03
 5.77879e+15	2.99e-02	4.62e-01	5.08e-01	8.02e-04	3.84e-06	0.00e+00	0.00e+00	0.00e+00	0.00e+00	1.74e-02	9.20e-03	3.10e-03
 5.80582e+15	3.55e-02	4.95e-01	4.69e-01	6.38e-04	2.80e-06	0.00e+00	0.00e+00	0.00e+00	0.00e+00	2.07e-02	1.09e-02	3.68e-03
 5.83576e+15	4.29e-02	5.32e-01	4.25e-01	4.85e-04	1.94e-06	0.00e+00	0.00e+00	0.00e+00	0.00e+00	2.50e-02	1.32e-02	4.45e-03
 5.86892e+15	5.29e-02	5.73e-01	3.73e-01	3.51e-04	1.26e-06	0.00e+00	0.00e+00	0.00e+00	0.00e+00	3.09e-02	1.63e-02	5.49e-03
 5.89587e+15	6.32e-02	6.07e-01	3.30e-01	2.63e-04	8.64e-07	0.00e+00	0.00e+00	0.00e+00	0.00e+00	3.69e-02	1.94e-02	6.57e-03
