#depth	He	He+	He+2
 1.49634e+10	4.88e-20	3.41e-10	1.00e+00
 4.54887e+10	5.64e-20	3.78e-10	1.00e+00
 7.72350e+10	6.46e-20	4.18e-10	1.00e+00
 1.10251e+11	7.40e-20	4.63e-10	1.00e+00
 1.40346e+11	8.33e-20	5.07e-10	1.00e+00
 1.65806e+11	9.16e-20	5.46e-10	1.00e+00
 1.93859e+11	1.01e-19	5.91e-10	1.00e+00
 2.25452e+11	1.13e-19	6.45e-10	1.00e+00
 2.55483e+11	1.25e-19	6.99e-10	1.00e+00
 2.88360e+11	1.39e-19	7.61e-10	1.00e+00
 3.24788e+11	1.55e-19	8.35e-10	1.00e+00
 3.58672e+11	1.71e-19	9.06e-10	1.00e+00
 3.95560e+11	1.90e-19	9.88e-10	1.00e+00
 4.37006e+11	2.12e-19	1.09e-09	1.00e+00
 4.76433e+11	2.35e-19	1.18e-09	1.00e+00
 5.19420e+11	2.62e-19	1.30e-09	1.00e+00
 5.67460e+11	2.95e-19	1.43e-09	1.00e+00
 6.13449e+11	3.29e-19	1.56e-09	1.00e+00
 6.63230e+11	3.69e-19	1.72e-09	1.00e+00
 7.19686e+11	4.20e-19	1.90e-09	1.00e+00
 7.75180e+11	4.76e-19	2.09e-09	1.00e+00
 8.32894e+11	5.41e-19	2.30e-09	1.00e+00
 8.96137e+11	6.21e-19	2.55e-09	1.00e+00
 9.53201e+11	7.02e-19	2.78e-09	1.00e+00
 9.98428e+11	7.72e-19	2.97e-09	1.00e+00
 1.04536e+12	8.52e-19	3.17e-09	1.00e+00
 1.10637e+12	9.67e-19	3.45e-09	1.00e+00
 1.17127e+12	1.10e-18	3.76e-09	1.00e+00
 1.22814e+12	1.24e-18	4.04e-09	1.00e+00
 1.28896e+12	1.40e-18	4.36e-09	1.00e+00
 1.36477e+12	1.62e-18	4.77e-09	1.00e+00
 1.44183e+12	1.87e-18	5.21e-09	1.00e+00
 1.50936e+12	2.12e-18	5.61e-09	1.00e+00
 1.58275e+12	2.43e-18	6.06e-09	1.00e+00
 1.66414e+12	2.81e-18	6.59e-09	1.00e+00
 1.73968e+12	3.21e-18	7.11e-09	1.00e+00
 1.82163e+12	3.69e-18	7.68e-09	1.00e+00
 1.91273e+12	4.29e-18	8.35e-09	1.00e+00
 1.99767e+12	4.92e-18	9.00e-09	1.00e+00
 2.09004e+12	5.69e-18	9.74e-09	1.00e+00
 2.19284e+12	6.67e-18	1.06e-08	1.00e+00
 2.28900e+12	7.69e-18	1.14e-08	1.00e+00
 2.39385e+12	8.93e-18	1.24e-08	1.00e+00
 2.51093e+12	1.05e-17	1.35e-08	1.00e+00
 2.62112e+12	1.22e-17	1.46e-08	1.00e+00
 2.74160e+12	1.43e-17	1.58e-08	1.00e+00
 2.87656e+12	1.69e-17	1.73e-08	1.00e+00
 3.00450e+12	1.97e-17	1.87e-08	1.00e+00
 3.14184e+12	2.31e-17	2.03e-08	1.00e+00
 3.29744e+12	2.75e-17	2.22e-08	1.00e+00
 3.45112e+12	3.25e-17	2.42e-08	1.00e+00
 3.61094e+12	3.83e-17	2.63e-08	1.00e+00
 3.78531e+12	4.56e-17	2.87e-08	1.00e+00
 3.96665e+12	5.40e-17	3.13e-08	1.00e+00
 4.13795e+12	6.32e-17	3.39e-08	1.00e+00
 4.29131e+12	7.23e-17	3.63e-08	1.00e+00
 4.43486e+12	8.18e-17	3.86e-08	1.00e+00
 4.59372e+12	9.32e-17	4.13e-08	1.00e+00
 4.77192e+12	1.07e-16	4.43e-08	1.00e+00
 4.94166e+12	1.22e-16	4.74e-08	1.00e+00
 5.12870e+12	1.40e-16	5.08e-08	1.00e+00
 5.33733e+12	1.63e-16	5.47e-08	1.00e+00
 5.53024e+12	1.86e-16	5.85e-08	1.00e+00
 5.70940e+12	2.10e-16	6.22e-08	1.00e+00
 5.91444e+12	2.39e-16	6.64e-08	1.00e+00
 6.16590e+12	2.79e-16	7.17e-08	1.00e+00
 6.41700e+12	3.25e-16	7.75e-08	1.00e+00
 6.63425e+12	3.67e-16	8.24e-08	1.00e+00
 6.86824e+12	4.17e-16	8.79e-08	1.00e+00
 7.15547e+12	4.86e-16	9.49e-08	1.00e+00
 7.44888e+12	5.63e-16	1.02e-07	1.00e+00
 7.71490e+12	6.42e-16	1.09e-07	1.00e+00
 8.00832e+12	7.38e-16	1.17e-07	1.00e+00
 8.35261e+12	8.61e-16	1.27e-07	1.00e+00
 8.69310e+12	9.98e-16	1.36e-07	1.00e+00
 9.01323e+12	1.14e-15	1.46e-07	1.00e+00
 9.36969e+12	1.32e-15	1.57e-07	1.00e+00
 9.77441e+12	1.54e-15	1.70e-07	1.00e+00
 1.01791e+13	1.79e-15	1.83e-07	1.00e+00
 1.06001e+13	2.07e-15	1.97e-07	1.00e+00
 1.10540e+13	2.42e-15	2.13e-07	1.00e+00
 1.15261e+13	2.82e-15	2.31e-07	1.00e+00
 1.20171e+13	3.29e-15	2.49e-07	1.00e+00
 1.24933e+13	3.79e-15	2.68e-07	1.00e+00
 1.29425e+13	4.32e-15	2.86e-07	1.00e+00
 1.33666e+13	4.87e-15	3.04e-07	1.00e+00
 1.38285e+13	5.52e-15	3.24e-07	1.00e+00
 1.43446e+13	6.31e-15	3.47e-07	1.00e+00
 1.48326e+13	7.15e-15	3.70e-07	1.00e+00
 1.53684e+13	8.16e-15	3.96e-07	1.00e+00
 1.59674e+13	9.39e-15	4.25e-07	1.00e+00
 1.65391e+13	1.07e-14	4.55e-07	1.00e+00
 1.71660e+13	1.23e-14	4.88e-07	1.00e+00
 1.78826e+13	1.43e-14	5.28e-07	1.00e+00
 1.85854e+13	1.66e-14	5.69e-07	1.00e+00
 1.92597e+13	1.89e-14	6.09e-07	1.00e+00
 1.99144e+13	2.15e-14	6.50e-07	1.00e+00
 2.06458e+13	2.46e-14	6.96e-07	1.00e+00
 2.14473e+13	2.84e-14	7.51e-07	1.00e+00
 2.21781e+13	3.22e-14	8.01e-07	1.00e+00
 2.29665e+13	3.68e-14	8.58e-07	1.00e+00
 2.38507e+13	4.23e-14	9.23e-07	1.00e+00
 2.46894e+13	4.82e-14	9.89e-07	1.00e+00
 2.56062e+13	5.54e-14	1.06e-06	1.00e+00
 2.66199e+13	6.41e-14	1.15e-06	1.00e+00
 2.75664e+13	7.30e-14	1.23e-06	1.00e+00
 2.85913e+13	8.38e-14	1.32e-06	1.00e+00
 2.97352e+13	9.71e-14	1.43e-06	1.00e+00
 3.08309e+13	1.11e-13	1.54e-06	1.00e+00
 3.20000e+13	1.28e-13	1.65e-06	1.00e+00
 3.33099e+13	1.48e-13	1.79e-06	1.00e+00
 3.46087e+13	1.71e-13	1.94e-06	1.00e+00
 3.59593e+13	1.97e-13	2.09e-06	1.00e+00
 3.73419e+13	2.27e-13	2.25e-06	1.00e+00
 3.86295e+13	2.57e-13	2.41e-06	1.00e+00
 4.00543e+13	2.94e-13	2.59e-06	1.00e+00
 4.16155e+13	3.37e-13	2.80e-06	1.00e+00
 4.30649e+13	3.82e-13	2.99e-06	1.00e+00
 4.43421e+13	4.25e-13	3.18e-06	1.00e+00
 4.56967e+13	4.74e-13	3.37e-06	1.00e+00
 4.74065e+13	5.41e-13	3.63e-06	1.00e+00
 4.91349e+13	6.15e-13	3.90e-06	1.00e+00
 5.06002e+13	6.83e-13	4.14e-06	1.00e+00
 5.21669e+13	7.62e-13	4.40e-06	1.00e+00
 5.41284e+13	8.68e-13	4.74e-06	1.00e+00
 5.61498e+13	9.88e-13	5.11e-06	1.00e+00
 5.79330e+13	1.10e-12	5.43e-06	1.00e+00
 5.98600e+13	1.24e-12	5.80e-06	1.00e+00
 6.21830e+13	1.41e-12	6.27e-06	1.00e+00
 6.44878e+13	1.61e-12	6.75e-06	1.00e+00
 6.65435e+13	1.79e-12	7.20e-06	1.00e+00
 6.88086e+13	2.01e-12	7.69e-06	1.00e+00
 7.15057e+13	2.29e-12	8.33e-06	1.00e+00
 7.41776e+13	2.61e-12	8.97e-06	1.00e+00
 7.66193e+13	2.92e-12	9.60e-06	1.00e+00
 7.93485e+13	3.29e-12	1.03e-05	1.00e+00
 8.25238e+13	3.78e-12	1.12e-05	1.00e+00
 8.56390e+13	4.28e-12	1.21e-05	1.00e+00
 8.85824e+13	4.82e-12	1.29e-05	1.00e+00
 9.18592e+13	5.46e-12	1.40e-05	1.00e+00
 9.55635e+13	6.27e-12	1.52e-05	1.00e+00
 9.92540e+13	7.15e-12	1.64e-05	1.00e+00
 1.02824e+14	8.11e-12	1.77e-05	1.00e+00
 1.05927e+14	9.00e-12	1.89e-05	1.00e+00
 1.08510e+14	9.80e-12	1.99e-05	1.00e+00
 1.11378e+14	1.07e-11	2.10e-05	1.00e+00
 1.15106e+14	1.21e-11	2.26e-05	1.00e+00
 1.19034e+14	1.36e-11	2.43e-05	1.00e+00
 1.22424e+14	1.50e-11	2.58e-05	1.00e+00
 1.26033e+14	1.68e-11	2.75e-05	1.00e+00
 1.30649e+14	1.91e-11	2.98e-05	1.00e+00
 1.35403e+14	2.17e-11	3.22e-05	1.00e+00
 1.39467e+14	2.42e-11	3.44e-05	1.00e+00
 1.43810e+14	2.70e-11	3.68e-05	1.00e+00
 1.49205e+14	3.11e-11	3.99e-05	1.00e+00
 1.54712e+14	3.57e-11	4.33e-05	1.00e+00
 1.59566e+14	4.00e-11	4.64e-05	1.00e+00
 1.64823e+14	4.49e-11	4.99e-05	1.00e+00
 1.71165e+14	5.22e-11	5.44e-05	1.00e+00
 1.77461e+14	5.99e-11	5.90e-05	1.00e+00
 1.83073e+14	6.73e-11	6.33e-05	1.00e+00
 1.89254e+14	7.65e-11	6.82e-05	1.00e+00
 1.96618e+14	8.85e-11	7.44e-05	1.00e+00
 2.03941e+14	1.02e-10	8.08e-05	1.00e+00
 2.10664e+14	1.16e-10	8.70e-05	1.00e+00
 2.18182e+14	1.31e-10	9.41e-05	1.00e+00
 2.26896e+14	1.54e-10	1.03e-04	1.00e+00
 2.35438e+14	1.78e-10	1.12e-04	1.00e+00
 2.43590e+14	2.03e-10	1.21e-04	1.00e+00
 2.50748e+14	2.28e-10	1.29e-04	1.00e+00
 2.56665e+14	2.50e-10	1.36e-04	1.00e+00
 2.63174e+14	2.76e-10	1.44e-04	1.00e+00
 2.71635e+14	3.13e-10	1.55e-04	1.00e+00
 2.80542e+14	3.52e-10	1.66e-04	1.00e+00
 2.88227e+14	3.96e-10	1.77e-04	1.00e+00
 2.96416e+14	4.41e-10	1.88e-04	1.00e+00
 3.07062e+14	5.10e-10	2.04e-04	1.00e+00
 3.17999e+14	5.79e-10	2.20e-04	1.00e+00
 3.27121e+14	6.55e-10	2.35e-04	1.00e+00
 3.36781e+14	7.30e-10	2.50e-04	1.00e+00
 3.49101e+14	8.54e-10	2.71e-04	1.00e+00
 3.62031e+14	9.89e-10	2.94e-04	1.00e+00
 3.73550e+14	1.12e-09	3.16e-04	1.00e+00
 3.86082e+14	1.26e-09	3.39e-04	1.00e+00
 4.01044e+14	1.49e-09	3.70e-04	1.00e+00
 4.15862e+14	1.73e-09	4.00e-04	1.00e+00
 4.29300e+14	1.97e-09	4.30e-04	1.00e+00
 4.44246e+14	2.24e-09	4.63e-04	1.00e+00
 4.61762e+14	2.65e-09	5.05e-04	9.99e-01
 4.79042e+14	3.08e-09	5.47e-04	9.99e-01
 4.95274e+14	3.53e-09	5.89e-04	9.99e-01
 5.13376e+14	4.04e-09	6.37e-04	9.99e-01
 5.33941e+14	4.84e-09	6.95e-04	9.99e-01
 5.54303e+14	5.64e-09	7.53e-04	9.99e-01
 5.71036e+14	6.37e-09	8.04e-04	9.99e-01
 5.84113e+14	7.00e-09	8.44e-04	9.99e-01
 5.98424e+14	7.70e-09	8.89e-04	9.99e-01
 6.17028e+14	8.74e-09	9.51e-04	9.99e-01
 6.37192e+14	1.00e-08	1.02e-03	9.99e-01
 6.55316e+14	1.12e-08	1.08e-03	9.99e-01
 6.74810e+14	1.26e-08	1.15e-03	9.99e-01
 6.99560e+14	1.48e-08	1.25e-03	9.99e-01
 7.24618e+14	1.69e-08	1.34e-03	9.99e-01
 7.45788e+14	1.89e-08	1.43e-03	9.99e-01
 7.68429e+14	2.14e-08	1.52e-03	9.98e-01
 7.96866e+14	2.53e-08	1.65e-03	9.98e-01
 8.26243e+14	2.94e-08	1.78e-03	9.98e-01
 8.52155e+14	3.32e-08	1.90e-03	9.98e-01
 8.80155e+14	3.75e-08	2.04e-03	9.98e-01
 9.13916e+14	4.44e-08	2.21e-03	9.98e-01
 9.47396e+14	5.15e-08	2.38e-03	9.98e-01
 9.77384e+14	5.80e-08	2.55e-03	9.97e-01
 1.01060e+15	6.65e-08	2.74e-03	9.97e-01
 1.04998e+15	7.98e-08	2.97e-03	9.97e-01
 1.08725e+15	9.21e-08	3.20e-03	9.97e-01
 1.11930e+15	1.04e-07	3.41e-03	9.97e-01
 1.15467e+15	1.18e-07	3.64e-03	9.96e-01
 1.19817e+15	1.39e-07	3.95e-03	9.96e-01
 1.24223e+15	1.58e-07	4.26e-03	9.96e-01
 1.27885e+15	1.83e-07	4.54e-03	9.95e-01
 1.30855e+15	2.01e-07	4.77e-03	9.95e-01
 1.33988e+15	2.21e-07	5.02e-03	9.95e-01
 1.38061e+15	2.48e-07	5.35e-03	9.95e-01
 1.42641e+15	2.90e-07	5.75e-03	9.94e-01
 1.46719e+15	3.25e-07	6.11e-03	9.94e-01
 1.50861e+15	3.62e-07	6.49e-03	9.94e-01
 1.56245e+15	4.30e-07	7.03e-03	9.93e-01
 1.61627e+15	4.93e-07	7.56e-03	9.92e-01
 1.65980e+15	5.48e-07	8.02e-03	9.92e-01
 1.70614e+15	6.17e-07	8.53e-03	9.91e-01
 1.76638e+15	7.32e-07	9.23e-03	9.91e-01
 1.82889e+15	8.46e-07	9.98e-03	9.90e-01
 1.88193e+15	9.49e-07	1.06e-02	9.89e-01
 1.93844e+15	1.08e-06	1.14e-02	9.89e-01
 2.00129e+15	1.27e-06	1.23e-02	9.88e-01
 2.05892e+15	1.45e-06	1.31e-02	9.87e-01
 2.12039e+15	1.64e-06	1.41e-02	9.86e-01
 2.18734e+15	1.87e-06	1.52e-02	9.85e-01
 2.24839e+15	2.17e-06	1.62e-02	9.84e-01
 2.30433e+15	2.43e-06	1.72e-02	9.83e-01
 2.35595e+15	2.70e-06	1.82e-02	9.82e-01
 2.41239e+15	3.00e-06	1.93e-02	9.81e-01
 2.47481e+15	3.42e-06	2.06e-02	9.79e-01
 2.53067e+15	3.78e-06	2.19e-02	9.78e-01
 2.58893e+15	4.19e-06	2.32e-02	9.77e-01
 2.66468e+15	4.94e-06	2.52e-02	9.75e-01
 2.74321e+15	5.67e-06	2.72e-02	9.73e-01
 2.80870e+15	6.34e-06	2.91e-02	9.71e-01
 2.87716e+15	7.20e-06	3.12e-02	9.69e-01
 2.94999e+15	8.22e-06	3.36e-02	9.66e-01
 3.01288e+15	9.26e-06	3.59e-02	9.64e-01
 3.06973e+15	1.05e-05	3.81e-02	9.62e-01
 3.12412e+15	1.16e-05	4.03e-02	9.60e-01
 3.18461e+15	1.29e-05	4.30e-02	9.57e-01
 3.26325e+15	1.52e-05	4.69e-02	9.53e-01
 3.34385e+15	1.72e-05	5.10e-02	9.49e-01
 3.41548e+15	2.02e-05	5.54e-02	9.45e-01
 3.47555e+15	2.27e-05	5.92e-02	9.41e-01
 3.53211e+15	2.54e-05	6.33e-02	9.37e-01
 3.60564e+15	2.93e-05	6.90e-02	9.31e-01
 3.68166e+15	3.45e-05	7.57e-02	9.24e-01
 3.74069e+15	3.88e-05	8.14e-02	9.19e-01
 3.78606e+15	4.28e-05	8.63e-02	9.14e-01
 3.82742e+15	4.70e-05	9.11e-02	9.09e-01
 3.87473e+15	5.17e-05	9.72e-02	9.03e-01
 3.93624e+15	6.10e-05	1.06e-01	8.94e-01
 3.98997e+15	6.84e-05	1.14e-01	8.86e-01
 4.02567e+15	7.41e-05	1.20e-01	8.80e-01
 4.06418e+15	8.15e-05	1.28e-01	8.72e-01
 4.11424e+15	9.46e-05	1.38e-01	8.62e-01
 4.16005e+15	1.04e-04	1.48e-01	8.52e-01
 4.20032e+15	1.19e-04	1.59e-01	8.41e-01
 4.23922e+15	1.32e-04	1.69e-01	8.31e-01
 4.27635e+15	1.47e-04	1.80e-01	8.20e-01
 4.32462e+15	1.70e-04	1.97e-01	8.03e-01
 4.37156e+15	1.92e-04	2.14e-01	7.86e-01
 4.40964e+15	2.20e-04	2.30e-01	7.70e-01
 4.44063e+15	2.42e-04	2.43e-01	7.57e-01
 4.46954e+15	2.65e-04	2.57e-01	7.43e-01
 4.50713e+15	3.02e-04	2.77e-01	7.22e-01
 4.54581e+15	3.36e-04	2.99e-01	7.01e-01
 4.58592e+15	3.93e-04	3.24e-01	6.76e-01
 4.62294e+15	4.41e-04	3.48e-01	6.52e-01
 4.65134e+15	4.82e-04	3.68e-01	6.31e-01
 4.67812e+15	5.28e-04	3.88e-01	6.12e-01
 4.70080e+15	5.71e-04	4.05e-01	5.94e-01
 4.71987e+15	6.09e-04	4.20e-01	5.79e-01
 4.74085e+15	6.59e-04	4.38e-01	5.61e-01
 4.76251e+15	7.03e-04	4.56e-01	5.43e-01
 4.78504e+15	7.65e-04	4.76e-01	5.23e-01
 4.80757e+15	8.21e-04	4.95e-01	5.04e-01
 4.83008e+15	8.84e-04	5.16e-01	4.83e-01
 4.85536e+15	9.58e-04	5.39e-01	4.60e-01
 4.87886e+15	1.03e-03	5.60e-01	4.39e-01
 4.90026e+15	1.10e-03	5.79e-01	4.20e-01
 4.92430e+15	1.18e-03	6.01e-01	3.98e-01
 4.95060e+15	1.27e-03	6.24e-01	3.75e-01
 4.97403e+15	1.36e-03	6.44e-01	3.54e-01
 4.99865e+15	1.45e-03	6.66e-01	3.33e-01
 5.02516e+15	1.56e-03	6.87e-01	3.11e-01
 5.04892e+15	1.65e-03	7.06e-01	2.93e-01
 5.07114e+15	1.75e-03	7.23e-01	2.76e-01
 5.09652e+15	1.86e-03	7.41e-01	2.57e-01
 5.12405e+15	1.98e-03	7.60e-01	2.38e-01
 5.14883e+15	2.09e-03	7.76e-01	2.22e-01
 5.17548e+15	2.22e-03	7.93e-01	2.05e-01
 5.20448e+15	2.35e-03	8.09e-01	1.89e-01
 5.23034e+15	2.48e-03	8.22e-01	1.75e-01
 5.25419e+15	2.60e-03	8.34e-01	1.64e-01
 5.28161e+15	2.75e-03	8.47e-01	1.51e-01
 5.31183e+15	2.91e-03	8.59e-01	1.38e-01
 5.33927e+15	3.07e-03	8.69e-01	1.28e-01
 5.36437e+15	3.22e-03	8.78e-01	1.19e-01
 5.39286e+15	3.40e-03	8.87e-01	1.09e-01
 5.42386e+15	3.61e-03	8.96e-01	1.00e-01
 5.45207e+15	3.81e-03	9.04e-01	9.25e-02
 5.48271e+15	4.05e-03	9.11e-01	8.48e-02
 5.51585e+15	4.33e-03	9.18e-01	7.74e-02
 5.54573e+15	4.60e-03	9.24e-01	7.14e-02
 5.57806e+15	4.93e-03	9.30e-01	6.53e-02
 5.61413e+15	5.34e-03	9.35e-01	5.93e-02
 5.64756e+15	5.76e-03	9.40e-01	5.44e-02
 5.67775e+15	6.20e-03	9.43e-01	5.04e-02
 5.71122e+15	6.74e-03	9.47e-01	4.61e-02
 5.74746e+15	7.41e-03	9.50e-01	4.23e-02
 5.77879e+15	8.11e-03	9.53e-01	3.92e-02
 5.80582e+15	8.81e-03	9.54e-01	3.67e-02
 5.83576e+15	9.70e-03	9.56e-01	3.41e-02
 5.86892e+15	1.09e-02	9.58e-01	3.15e-02
 5.89587e+15	1.20e-02	9.58e-01	2.97e-02
 5.91469e+15	1.29e-02	9.58e-01	2.86e-02
 5.93333e+15	1.40e-02	9.59e-01	2.73e-02
 5.95755e+15	1.55e-02	9.59e-01	2.59e-02
 5.98161e+15	1.72e-02	9.58e-01	2.47e-02
 5.99952e+15	1.89e-02	9.57e-01	2.37e-02
 6.01392e+15	2.03e-02	9.57e-01	2.31e-02
 6.02968e+15	2.21e-02	9.56e-01	2.23e-02
 6.05018e+15	2.47e-02	9.54e-01	2.15e-02
 6.07046e+15	2.77e-02	9.51e-01	2.08e-02
 6.08514e+15	3.03e-02	9.49e-01	2.04e-02
 6.09708e+15	3.28e-02	9.47e-01	1.99e-02
 6.11081e+15	3.59e-02	9.45e-01	1.95e-02
 6.12866e+15	4.04e-02	9.41e-01	1.91e-02
 6.14690e+15	4.60e-02	9.35e-01	1.87e-02
 6.16126e+15	5.13e-02	9.30e-01	1.84e-02
 6.17343e+15	5.63e-02	9.25e-01	1.83e-02
 6.18690e+15	6.27e-02	9.19e-01	1.81e-02
 6.20303e+15	7.15e-02	9.11e-01	1.79e-02
 6.21876e+15	8.16e-02	9.00e-01	1.79e-02
 6.23129e+15	9.13e-02	8.91e-01	1.78e-02
 6.24162e+15	1.00e-01	8.82e-01	1.79e-02
 6.25120e+15	1.09e-01	8.73e-01	1.79e-02
 6.26054e+15	1.19e-01	8.63e-01	1.80e-02
 6.26977e+15	1.30e-01	8.52e-01	1.80e-02
 6.27692e+15	1.38e-01	8.43e-01	1.81e-02
 6.28151e+15	1.44e-01	8.37e-01	1.81e-02
 6.28583e+15	1.51e-01	8.31e-01	1.81e-02
 6.29090e+15	1.58e-01	8.23e-01	1.82e-02
 6.29639e+15	1.67e-01	8.15e-01	1.82e-02
 6.30168e+15	1.76e-01	8.06e-01	1.83e-02
 6.30673e+15	1.84e-01	7.98e-01	1.83e-02
 6.31178e+15	1.94e-01	7.88e-01	1.83e-02
 6.31686e+15	2.03e-01	7.79e-01	1.84e-02
 6.32194e+15	2.14e-01	7.68e-01	1.84e-02
 6.32697e+15	2.24e-01	7.58e-01	1.85e-02
 6.33201e+15	2.35e-01	7.46e-01	1.85e-02
 6.33710e+15	2.47e-01	7.34e-01	1.84e-02
 6.34207e+15	2.59e-01	7.22e-01	1.85e-02
 6.34700e+15	2.72e-01	7.10e-01	1.85e-02
 6.35203e+15	2.85e-01	6.96e-01	1.84e-02
 6.35706e+15	2.99e-01	6.83e-01	1.84e-02
 6.36206e+15	3.13e-01	6.68e-01	1.84e-02
 6.36706e+15	3.28e-01	6.54e-01	1.83e-02
 6.37209e+15	3.43e-01	6.39e-01	1.83e-02
 6.37720e+15	3.59e-01	6.23e-01	1.82e-02
 6.38224e+15	3.75e-01	6.07e-01	1.81e-02
 6.38727e+15	3.92e-01	5.90e-01	1.79e-02
 6.39240e+15	4.09e-01	5.73e-01	1.78e-02
 6.39761e+15	4.27e-01	5.55e-01	1.76e-02
 6.40287e+15	4.46e-01	5.37e-01	1.74e-02
 6.40812e+15	4.64e-01	5.19e-01	1.72e-02
 6.41332e+15	4.82e-01	5.01e-01	1.70e-02
 6.41856e+15	5.01e-01	4.83e-01	1.67e-02
 6.42385e+15	5.19e-01	4.64e-01	1.64e-02
 6.42913e+15	5.38e-01	4.46e-01	1.61e-02
 6.43448e+15	5.56e-01	4.28e-01	1.58e-02
 6.43993e+15	5.74e-01	4.10e-01	1.54e-02
 6.44544e+15	5.92e-01	3.93e-01	1.50e-02
 6.45105e+15	6.10e-01	3.76e-01	1.46e-02
 6.45679e+15	6.27e-01	3.59e-01	1.42e-02
 6.46272e+15	6.44e-01	3.42e-01	1.38e-02
 6.46892e+15	6.61e-01	3.26e-01	1.33e-02
 6.47541e+15	6.77e-01	3.10e-01	1.29e-02
 6.48212e+15	6.92e-01	2.95e-01	1.24e-02
 6.48918e+15	7.07e-01	2.81e-01	1.19e-02
 6.49684e+15	7.22e-01	2.67e-01	1.14e-02
 6.50530e+15	7.36e-01	2.53e-01	1.09e-02
 6.51453e+15	7.49e-01	2.40e-01	1.03e-02
 6.52462e+15	7.62e-01	2.28e-01	9.83e-03
 6.53494e+15	7.72e-01	2.19e-01	9.37e-03
 6.54504e+15	7.81e-01	2.10e-01	8.97e-03
 6.55588e+15	7.89e-01	2.03e-01	8.55e-03
 6.56754e+15	7.96e-01	1.96e-01	8.18e-03
 6.58009e+15	8.03e-01	1.90e-01	7.79e-03
 6.59361e+15	8.08e-01	1.84e-01	7.45e-03
 6.60800e+15	8.14e-01	1.79e-01	7.09e-03
 6.62304e+15	8.19e-01	1.74e-01	6.76e-03
 6.63831e+15	8.24e-01	1.70e-01	6.46e-03
 6.65429e+15	8.28e-01	1.66e-01	6.14e-03
 6.67049e+15	8.32e-01	1.62e-01	5.86e-03
 6.68635e+15	8.36e-01	1.58e-01	5.60e-03
 6.70257e+15	8.40e-01	1.54e-01	5.33e-03
 6.71862e+15	8.44e-01	1.51e-01	5.10e-03
 6.73427e+15	8.47e-01	1.48e-01	4.87e-03
 6.74964e+15	8.51e-01	1.45e-01	4.67e-03
 6.76464e+15	8.54e-01	1.42e-01	4.48e-03
 6.77986e+15	8.57e-01	1.39e-01	4.29e-03
 6.79491e+15	8.60e-01	1.36e-01	4.11e-03
 6.80942e+15	8.63e-01	1.33e-01	3.95e-03
 6.82348e+15	8.65e-01	1.31e-01	3.80e-03
 6.83725e+15	8.68e-01	1.29e-01	3.65e-03
 6.85088e+15	8.70e-01	1.26e-01	3.52e-03
 6.86449e+15	8.73e-01	1.24e-01	3.39e-03
 6.87795e+15	8.75e-01	1.22e-01	3.26e-03
 6.89118e+15	8.77e-01	1.20e-01	3.15e-03
 6.90417e+15	8.79e-01	1.18e-01	3.04e-03
 6.91698e+15	8.81e-01	1.16e-01	2.93e-03
 6.92963e+15	8.83e-01	1.14e-01	2.83e-03
 6.94213e+15	8.85e-01	1.12e-01	2.74e-03
 6.95447e+15	8.87e-01	1.10e-01	2.65e-03
 6.96662e+15	8.89e-01	1.08e-01	2.56e-03
 6.97860e+15	8.91e-01	1.07e-01	2.48e-03
 6.99050e+15	8.93e-01	1.05e-01	2.40e-03
 7.00234e+15	8.94e-01	1.03e-01	2.33e-03
 7.01406e+15	8.96e-01	1.02e-01	2.25e-03
 7.02568e+15	8.97e-01	1.00e-01	2.18e-03
 7.03720e+15	8.99e-01	9.89e-02	2.12e-03
 7.04865e+15	9.01e-01	9.74e-02	2.05e-03
 7.06005e+15	9.02e-01	9.60e-02	1.99e-03
 7.07140e+15	9.03e-01	9.46e-02	1.93e-03
 7.08271e+15	9.05e-01	9.33e-02	1.88e-03
 7.09402e+15	9.06e-01	9.20e-02	1.82e-03
 7.10534e+15	9.08e-01	9.06e-02	1.77e-03
 7.11685e+15	9.09e-01	8.93e-02	1.71e-03
 7.12864e+15	9.10e-01	8.80e-02	1.66e-03
 7.14070e+15	9.12e-01	8.67e-02	1.61e-03
 7.15286e+15	9.13e-01	8.54e-02	1.56e-03
 7.16504e+15	9.14e-01	8.41e-02	1.51e-03
 7.17752e+15	9.16e-01	8.28e-02	1.46e-03
 7.19050e+15	9.17e-01	8.15e-02	1.41e-03
 7.20407e+15	9.19e-01	8.01e-02	1.36e-03
 7.21845e+15	9.20e-01	7.87e-02	1.31e-03
 7.23385e+15	9.22e-01	7.72e-02	1.26e-03
 7.25042e+15	9.23e-01	7.56e-02	1.21e-03
 7.26858e+15	9.25e-01	7.39e-02	1.15e-03
 7.28925e+15	9.27e-01	7.20e-02	1.09e-03
 7.31054e+15	9.29e-01	7.01e-02	1.03e-03
 7.32991e+15	9.31e-01	6.85e-02	9.80e-04
 7.34754e+15	9.32e-01	6.70e-02	9.37e-04
 7.36358e+15	9.33e-01	6.57e-02	8.98e-04
 7.37818e+15	9.35e-01	6.45e-02	8.65e-04
 7.39417e+15	9.36e-01	6.32e-02	8.28e-04
 7.41144e+15	9.37e-01	6.19e-02	7.92e-04
 7.42716e+15	9.39e-01	6.07e-02	7.60e-04
 7.44146e+15	9.40e-01	5.95e-02	7.31e-04
 7.45447e+15	9.41e-01	5.86e-02	7.06e-04
 7.46631e+15	9.42e-01	5.77e-02	6.84e-04
 7.47929e+15	9.43e-01	5.67e-02	6.60e-04
 7.49330e+15	9.44e-01	5.57e-02	6.35e-04
 7.50604e+15	9.45e-01	5.48e-02	6.13e-04
 7.51764e+15	9.45e-01	5.39e-02	5.94e-04
 7.53036e+15	9.46e-01	5.30e-02	5.72e-04
 7.54408e+15	9.47e-01	5.21e-02	5.52e-04
 7.55657e+15	9.48e-01	5.12e-02	5.33e-04
 7.56793e+15	9.49e-01	5.04e-02	5.16e-04
 7.57828e+15	9.50e-01	4.97e-02	5.01e-04
 7.58961e+15	9.51e-01	4.89e-02	4.84e-04
 7.60184e+15	9.51e-01	4.81e-02	4.68e-04
 7.61298e+15	9.52e-01	4.74e-02	4.53e-04
 7.62311e+15	9.53e-01	4.67e-02	4.40e-04
 7.63233e+15	9.53e-01	4.61e-02	4.28e-04
 7.64243e+15	9.54e-01	4.54e-02	4.15e-04
 7.65334e+15	9.55e-01	4.47e-02	4.02e-04
 7.66326e+15	9.56e-01	4.41e-02	3.90e-04
 7.67229e+15	9.56e-01	4.35e-02	3.80e-04
 7.68219e+15	9.57e-01	4.28e-02	3.68e-04
 7.69287e+15	9.57e-01	4.22e-02	3.57e-04
 7.70260e+15	9.58e-01	4.16e-02	3.47e-04
 7.71144e+15	9.59e-01	4.11e-02	3.37e-04
 7.72114e+15	9.59e-01	4.05e-02	3.27e-04
 7.73161e+15	9.60e-01	3.99e-02	3.18e-04
 7.74113e+15	9.60e-01	3.93e-02	3.08e-04
 7.74980e+15	9.61e-01	3.88e-02	3.00e-04
 7.75930e+15	9.61e-01	3.82e-02	2.91e-04
 7.76955e+15	9.62e-01	3.77e-02	2.83e-04
 7.77888e+15	9.63e-01	3.72e-02	2.75e-04
 7.78737e+15	9.63e-01	3.67e-02	2.68e-04
 7.79668e+15	9.64e-01	3.62e-02	2.60e-04
 7.80673e+15	9.64e-01	3.57e-02	2.53e-04
 7.81587e+15	9.65e-01	3.52e-02	2.46e-04
 7.82418e+15	9.65e-01	3.47e-02	2.40e-04
 7.83330e+15	9.66e-01	3.42e-02	2.33e-04
 7.84314e+15	9.66e-01	3.38e-02	2.26e-04
 7.85210e+15	9.66e-01	3.33e-02	2.20e-04
 7.86025e+15	9.67e-01	3.29e-02	2.15e-04
 7.86917e+15	9.67e-01	3.25e-02	2.09e-04
 7.88078e+15	9.68e-01	3.20e-02	2.02e-04
 7.89332e+15	9.68e-01	3.14e-02	1.96e-04
 7.90472e+15	9.69e-01	3.09e-02	1.89e-04
 7.91510e+15	9.69e-01	3.05e-02	1.84e-04
 7.92454e+15	9.70e-01	3.01e-02	1.79e-04
 7.93489e+15	9.70e-01	2.96e-02	1.74e-04
 7.94606e+15	9.71e-01	2.92e-02	1.69e-04
 7.95623e+15	9.71e-01	2.88e-02	1.64e-04
 7.96737e+15	9.72e-01	2.83e-02	1.59e-04
 7.97940e+15	9.72e-01	2.79e-02	1.54e-04
 7.99034e+15	9.72e-01	2.75e-02	1.49e-04
 8.00030e+15	9.73e-01	2.71e-02	1.45e-04
 8.01122e+15	9.73e-01	2.67e-02	1.41e-04
 8.02300e+15	9.74e-01	2.63e-02	1.37e-04
 8.03372e+15	9.74e-01	2.59e-02	1.33e-04
 8.04547e+15	9.74e-01	2.55e-02	1.29e-04
 8.05816e+15	9.75e-01	2.51e-02	1.25e-04
 8.06970e+15	9.75e-01	2.47e-02	1.21e-04
 8.08235e+15	9.76e-01	2.43e-02	1.17e-04
 8.09600e+15	9.76e-01	2.39e-02	1.13e-04
 8.10843e+15	9.76e-01	2.35e-02	1.09e-04
 8.11974e+15	9.77e-01	2.32e-02	1.06e-04
 8.13213e+15	9.77e-01	2.28e-02	1.03e-04
 8.14551e+15	9.77e-01	2.24e-02	9.96e-05
 8.15768e+15	9.78e-01	2.21e-02	9.66e-05
 8.17102e+15	9.78e-01	2.17e-02	9.33e-05
 8.18542e+15	9.79e-01	2.13e-02	9.02e-05
 8.19852e+15	9.79e-01	2.10e-02	8.74e-05
 8.21288e+15	9.79e-01	2.06e-02	8.43e-05
 8.22839e+15	9.80e-01	2.02e-02	8.13e-05
 8.24249e+15	9.80e-01	1.99e-02	7.86e-05
 8.25533e+15	9.80e-01	1.96e-02	7.62e-05
 8.26940e+15	9.81e-01	1.92e-02	7.37e-05
 8.28459e+15	9.81e-01	1.89e-02	7.12e-05
 8.29841e+15	9.81e-01	1.86e-02	6.89e-05
 8.31355e+15	9.82e-01	1.83e-02	6.65e-05
 8.32990e+15	9.82e-01	1.79e-02	6.41e-05
 8.34478e+15	9.82e-01	1.76e-02	6.20e-05
 8.36108e+15	9.83e-01	1.73e-02	5.97e-05
 8.37869e+15	9.83e-01	1.70e-02	5.74e-05
 8.39470e+15	9.83e-01	1.67e-02	5.54e-05
 8.40928e+15	9.84e-01	1.64e-02	5.37e-05
 8.42525e+15	9.84e-01	1.61e-02	5.18e-05
 8.44249e+15	9.84e-01	1.58e-02	4.99e-05
 8.45818e+15	9.84e-01	1.55e-02	4.83e-05
 8.47538e+15	9.85e-01	1.52e-02	4.65e-05
 8.49394e+15	9.85e-01	1.50e-02	4.47e-05
 8.51083e+15	9.85e-01	1.47e-02	4.32e-05
 8.52934e+15	9.86e-01	1.44e-02	4.15e-05
 8.54932e+15	9.86e-01	1.41e-02	3.99e-05
 8.56751e+15	9.86e-01	1.38e-02	3.84e-05
 8.58743e+15	9.86e-01	1.36e-02	3.68e-05
 8.60894e+15	9.87e-01	1.33e-02	3.53e-05
 8.62852e+15	9.87e-01	1.30e-02	3.40e-05
 8.64997e+15	9.87e-01	1.27e-02	3.25e-05
 8.67313e+15	9.88e-01	1.24e-02	3.11e-05
 8.69420e+15	9.88e-01	1.22e-02	2.98e-05
 8.71730e+15	9.88e-01	1.19e-02	2.85e-05
 8.74223e+15	9.88e-01	1.16e-02	2.72e-05
 8.76491e+15	9.89e-01	1.14e-02	2.61e-05
 8.78556e+15	9.89e-01	1.12e-02	2.51e-05
 8.80818e+15	9.89e-01	1.09e-02	2.40e-05
 8.83261e+15	9.89e-01	1.07e-02	2.30e-05
 8.85483e+15	9.90e-01	1.05e-02	2.20e-05
 8.87918e+15	9.90e-01	1.02e-02	2.11e-05
 8.90548e+15	9.90e-01	9.97e-03	2.01e-05
 8.92940e+15	9.90e-01	9.76e-03	1.93e-05
 8.95562e+15	9.90e-01	9.53e-03	1.84e-05
 8.98392e+15	9.91e-01	9.30e-03	1.75e-05
 9.00968e+15	9.91e-01	9.09e-03	1.67e-05
 9.03791e+15	9.91e-01	8.86e-03	1.59e-05
 9.06838e+15	9.91e-01	8.63e-03	1.51e-05
 9.09610e+15	9.92e-01	8.43e-03	1.44e-05
 9.12649e+15	9.92e-01	8.21e-03	1.37e-05
 9.15929e+15	9.92e-01	7.99e-03	1.30e-05
 9.18914e+15	9.92e-01	7.79e-03	1.23e-05
 9.22185e+15	9.92e-01	7.58e-03	1.17e-05
 9.26437e+15	9.93e-01	7.31e-03	1.09e-05
 9.31457e+15	9.93e-01	7.01e-03	1.00e-05
 9.36657e+15	9.93e-01	6.72e-03	9.22e-06
 9.41858e+15	9.94e-01	6.45e-03	8.50e-06
 9.47214e+15	9.94e-01	6.19e-03	7.82e-06
 9.52815e+15	9.94e-01	5.92e-03	7.18e-06
 9.58627e+15	9.94e-01	5.67e-03	6.57e-06
 9.64624e+15	9.95e-01	5.41e-03	6.01e-06
 9.70819e+15	9.95e-01	5.17e-03	5.48e-06
 9.77238e+15	9.95e-01	4.93e-03	4.99e-06
 9.83861e+15	9.95e-01	4.70e-03	4.54e-06
 9.90625e+15	9.96e-01	4.48e-03	4.12e-06
 9.97489e+15	9.96e-01	4.27e-03	3.75e-06
 1.00439e+16	9.96e-01	4.07e-03	3.41e-06
 1.01139e+16	9.96e-01	3.87e-03	3.09e-06
 1.01861e+16	9.96e-01	3.69e-03	2.80e-06
 1.02600e+16	9.96e-01	3.51e-03	2.54e-06
 1.03350e+16	9.97e-01	3.33e-03	2.30e-06
 1.04110e+16	9.97e-01	3.17e-03	2.08e-06
 1.04885e+16	9.97e-01	3.01e-03	1.88e-06
 1.05675e+16	9.97e-01	2.86e-03	1.70e-06
 1.06479e+16	9.97e-01	2.72e-03	1.53e-06
 1.07297e+16	9.97e-01	2.58e-03	1.38e-06
 1.08131e+16	9.98e-01	2.45e-03	1.24e-06
 1.08982e+16	9.98e-01	2.32e-03	1.12e-06
 1.09846e+16	9.98e-01	2.20e-03	1.01e-06
 1.10727e+16	9.98e-01	2.08e-03	9.02e-07
 1.11626e+16	9.98e-01	1.97e-03	8.09e-07
 1.12543e+16	9.98e-01	1.86e-03	7.24e-07
 1.13479e+16	9.98e-01	1.76e-03	6.48e-07
 1.14432e+16	9.98e-01	1.66e-03	5.79e-07
 1.15406e+16	9.98e-01	1.57e-03	5.16e-07
 1.16400e+16	9.99e-01	1.48e-03	4.59e-07
 1.17415e+16	9.99e-01	1.40e-03	4.08e-07
 1.18452e+16	9.99e-01	1.31e-03	3.62e-07
 1.19512e+16	9.99e-01	1.24e-03	3.21e-07
 1.20598e+16	9.99e-01	1.16e-03	2.84e-07
 1.21709e+16	9.99e-01	1.09e-03	2.51e-07
 1.22847e+16	9.99e-01	1.02e-03	2.21e-07
 1.24014e+16	9.99e-01	9.59e-04	1.94e-07
 1.25212e+16	9.99e-01	8.97e-04	1.70e-07
 1.26442e+16	9.99e-01	8.38e-04	1.48e-07
 1.27707e+16	9.99e-01	7.82e-04	1.29e-07
 1.29007e+16	9.99e-01	7.29e-04	1.12e-07
 1.30340e+16	9.99e-01	6.78e-04	9.73e-08
 1.31692e+16	9.99e-01	6.31e-04	8.43e-08
 1.33092e+16	9.99e-01	5.85e-04	7.25e-08
 1.34574e+16	9.99e-01	5.41e-04	6.20e-08
 1.36120e+16	1.00e+00	4.99e-04	5.27e-08
 1.37718e+16	1.00e+00	4.58e-04	4.46e-08
 1.39376e+16	1.00e+00	4.20e-04	3.75e-08
 1.41110e+16	1.00e+00	3.84e-04	3.14e-08
 1.42928e+16	1.00e+00	3.50e-04	2.60e-08
 1.44838e+16	1.00e+00	3.17e-04	2.14e-08
 1.46853e+16	1.00e+00	2.86e-04	1.74e-08
 1.48993e+16	1.00e+00	2.57e-04	1.40e-08
 1.51261e+16	1.00e+00	2.29e-04	1.12e-08
 1.53706e+16	1.00e+00	2.03e-04	8.75e-09
 1.56339e+16	1.00e+00	1.78e-04	6.75e-09
 1.59151e+16	1.00e+00	1.55e-04	5.12e-09
 1.62280e+16	1.00e+00	1.33e-04	3.76e-09
 1.65798e+16	1.00e+00	1.12e-04	2.68e-09
 1.69712e+16	1.00e+00	9.27e-05	1.84e-09
 1.74273e+16	1.00e+00	7.46e-05	1.19e-09
 1.79468e+16	1.00e+00	5.87e-05	7.41e-10
 1.84865e+16	1.00e+00	4.61e-05	4.57e-10
 1.90183e+16	1.00e+00	3.65e-05	2.86e-10
 1.95435e+16	1.00e+00	2.90e-05	1.82e-10
 2.00760e+16	1.00e+00	2.31e-05	1.16e-10
 2.06210e+16	1.00e+00	1.84e-05	7.36e-11
 2.11783e+16	1.00e+00	1.47e-05	4.67e-11
 2.17458e+16	1.00e+00	1.17e-05	2.97e-11
 2.23226e+16	1.00e+00	9.33e-06	1.89e-11
 2.29122e+16	1.00e+00	7.44e-06	1.21e-11
 2.35168e+16	1.00e+00	5.93e-06	7.67e-12
 2.41358e+16	1.00e+00	4.72e-06	4.87e-12
 2.47706e+16	1.00e+00	3.75e-06	3.08e-12
 2.54208e+16	1.00e+00	2.98e-06	1.95e-12
 2.60795e+16	1.00e+00	2.37e-06	1.24e-12
 2.67256e+16	1.00e+00	1.91e-06	8.05e-13
 2.73479e+16	1.00e+00	1.55e-06	5.34e-13
 2.79516e+16	1.00e+00	1.28e-06	3.62e-13
 2.85401e+16	1.00e+00	1.06e-06	2.48e-13
 2.91142e+16	1.00e+00	8.83e-07	1.73e-13
 2.96707e+16	1.00e+00	7.43e-07	1.23e-13
 3.02085e+16	1.00e+00	6.31e-07	8.88e-14
 3.07267e+16	1.00e+00	5.39e-07	6.51e-14
 3.12251e+16	1.00e+00	4.65e-07	4.85e-14
 3.17044e+16	1.00e+00	4.04e-07	3.66e-14
 3.21642e+16	1.00e+00	3.53e-07	2.81e-14
 3.26048e+16	1.00e+00	3.11e-07	2.18e-14
 3.30269e+16	1.00e+00	2.76e-07	1.72e-14
 3.34309e+16	1.00e+00	2.46e-07	1.37e-14
 3.38172e+16	1.00e+00	2.21e-07	1.11e-14
 3.41862e+16	1.00e+00	2.00e-07	9.03e-15
 3.45382e+16	1.00e+00	1.81e-07	7.45e-15
 3.48741e+16	1.00e+00	1.65e-07	6.21e-15
 3.51948e+16	1.00e+00	1.52e-07	5.22e-15
 3.55008e+16	1.00e+00	1.40e-07	4.43e-15
 3.57928e+16	1.00e+00	1.29e-07	3.80e-15
 3.60713e+16	1.00e+00	1.20e-07	3.28e-15
 3.63370e+16	1.00e+00	1.12e-07	2.85e-15
 3.65905e+16	1.00e+00	1.04e-07	2.50e-15
 3.68325e+16	1.00e+00	9.80e-08	2.20e-15
 3.70636e+16	1.00e+00	9.23e-08	1.95e-15
 3.72842e+16	1.00e+00	8.72e-08	1.74e-15
 3.74949e+16	1.00e+00	8.26e-08	1.57e-15
 3.76967e+16	1.00e+00	7.84e-08	1.41e-15
 3.78901e+16	1.00e+00	7.46e-08	1.28e-15
 3.80755e+16	1.00e+00	7.11e-08	1.17e-15
 3.82531e+16	1.00e+00	6.80e-08	1.07e-15
 3.84235e+16	1.00e+00	6.51e-08	9.78e-16
 3.85874e+16	1.00e+00	6.25e-08	9.01e-16
 3.87454e+16	1.00e+00	6.00e-08	8.32e-16
 3.88981e+16	1.00e+00	5.78e-08	7.71e-16
 3.90456e+16	1.00e+00	5.57e-08	7.16e-16
 3.91883e+16	1.00e+00	5.37e-08	6.67e-16
 3.93267e+16	1.00e+00	5.19e-08	6.23e-16
 3.94615e+16	1.00e+00	5.02e-08	5.83e-16
 3.95933e+16	1.00e+00	4.85e-08	5.46e-16
 3.97225e+16	1.00e+00	4.70e-08	5.13e-16
 3.98495e+16	1.00e+00	4.56e-08	4.82e-16
 3.99749e+16	1.00e+00	4.42e-08	4.53e-16
 4.00993e+16	1.00e+00	4.28e-08	4.26e-16
 4.02235e+16	1.00e+00	4.15e-08	4.01e-16
 4.03484e+16	1.00e+00	4.03e-08	3.77e-16
 4.04749e+16	1.00e+00	3.90e-08	3.55e-16
 4.06039e+16	1.00e+00	3.78e-08	3.33e-16
 4.07367e+16	1.00e+00	3.66e-08	3.12e-16
 4.08750e+16	1.00e+00	3.54e-08	2.92e-16
 4.10209e+16	1.00e+00	3.41e-08	2.72e-16
 4.11773e+16	1.00e+00	3.29e-08	2.52e-16
 4.13477e+16	1.00e+00	3.15e-08	2.32e-16
 4.15372e+16	1.00e+00	3.01e-08	2.12e-16
 4.17531e+16	1.00e+00	2.85e-08	1.91e-16
 4.20063e+16	1.00e+00	2.68e-08	1.69e-16
 4.23138e+16	1.00e+00	2.49e-08	1.45e-16
 4.27024e+16	1.00e+00	2.26e-08	1.20e-16
 4.32055e+16	1.00e+00	2.00e-08	9.46e-17
 4.38595e+16	1.00e+00	1.71e-08	6.94e-17
 4.47097e+16	1.00e+00	1.40e-08	4.67e-17
 4.58150e+16	1.00e+00	1.09e-08	2.81e-17
 4.72217e+16	1.00e+00	7.92e-09	1.50e-17
 4.87856e+16	1.00e+00	5.66e-09	7.73e-18
 5.03492e+16	1.00e+00	4.08e-09	4.05e-18
 5.19127e+16	1.00e+00	2.97e-09	2.16e-18
 5.34759e+16	1.00e+00	2.17e-09	1.17e-18
 5.50391e+16	1.00e+00	1.60e-09	6.40e-19
 5.66020e+16	1.00e+00	1.19e-09	3.56e-19
 5.83992e+16	1.00e+00	8.47e-10	1.82e-19
 6.05587e+16	1.00e+00	5.72e-10	8.38e-20
 6.28570e+16	1.00e+00	3.83e-10	3.80e-20
 6.51665e+16	1.00e+00	2.59e-10	1.76e-20
 6.75522e+16	1.00e+00	1.75e-10	8.12e-21
 7.00141e+16	1.00e+00	1.18e-10	0.00e+00
 7.25607e+16	1.00e+00	7.97e-11	0.00e+00
 7.52306e+16	1.00e+00	5.34e-11	0.00e+00
 7.79789e+16	1.00e+00	3.58e-11	0.00e+00
 8.07939e+16	1.00e+00	2.41e-11	0.00e+00
 8.36362e+16	1.00e+00	1.63e-11	0.00e+00
 8.64786e+16	1.00e+00	1.12e-11	0.00e+00
 8.90540e+16	1.00e+00	8.07e-12	0.00e+00
 9.09517e+16	1.00e+00	6.42e-12	0.00e+00
 9.21375e+16	1.00e+00	5.59e-12	0.00e+00
 9.28836e+16	1.00e+00	5.13e-12	0.00e+00
 9.33698e+16	1.00e+00	4.84e-12	0.00e+00
 9.36615e+16	1.00e+00	4.69e-12	0.00e+00
 9.38529e+16	1.00e+00	4.58e-12	0.00e+00
 9.40279e+16	1.00e+00	4.48e-12	0.00e+00
 9.42414e+16	1.00e+00	4.36e-12	0.00e+00
 9.44823e+16	1.00e+00	4.23e-12	0.00e+00
 9.46917e+16	1.00e+00	4.13e-12	0.00e+00
 9.48615e+16	1.00e+00	4.05e-12	0.00e+00
 9.50186e+16	1.00e+00	3.97e-12	0.00e+00
 9.51725e+16	1.00e+00	3.90e-12	0.00e+00
 9.53271e+16	1.00e+00	3.83e-12	0.00e+00
 9.54774e+16	1.00e+00	3.76e-12	0.00e+00
 9.56113e+16	1.00e+00	3.70e-12	0.00e+00
 9.57264e+16	1.00e+00	3.65e-12	0.00e+00
 9.58392e+16	1.00e+00	3.60e-12	0.00e+00
 9.59599e+16	1.00e+00	3.55e-12	0.00e+00
 9.60770e+16	1.00e+00	3.50e-12	0.00e+00
 9.61770e+16	1.00e+00	3.46e-12	0.00e+00
 9.62560e+16	1.00e+00	3.43e-12	0.00e+00
 9.63333e+16	1.00e+00	3.39e-12	0.00e+00
 9.64310e+16	1.00e+00	3.35e-12	0.00e+00
 9.65372e+16	1.00e+00	3.31e-12	0.00e+00
 9.66247e+16	1.00e+00	3.27e-12	0.00e+00
 9.67009e+16	1.00e+00	3.24e-12	0.00e+00
 9.67836e+16	1.00e+00	3.21e-12	0.00e+00
 9.68671e+16	1.00e+00	3.18e-12	0.00e+00
 9.69429e+16	1.00e+00	3.15e-12	0.00e+00
 9.70130e+16	1.00e+00	3.12e-12	0.00e+00
 9.70859e+16	1.00e+00	3.09e-12	0.00e+00
 9.71607e+16	1.00e+00	3.07e-12	0.00e+00
 9.72331e+16	1.00e+00	3.04e-12	0.00e+00
 9.73029e+16	1.00e+00	3.01e-12	0.00e+00
 9.73708e+16	1.00e+00	2.99e-12	0.00e+00
 9.74378e+16	1.00e+00	2.96e-12	0.00e+00
 9.75085e+16	1.00e+00	2.94e-12	0.00e+00
 9.75819e+16	1.00e+00	2.91e-12	0.00e+00
 9.76521e+16	1.00e+00	2.88e-12	0.00e+00
 9.77184e+16	1.00e+00	2.86e-12	0.00e+00
 9.77862e+16	1.00e+00	2.83e-12	0.00e+00
 9.78572e+16	1.00e+00	2.81e-12	0.00e+00
 9.79302e+16	1.00e+00	2.78e-12	0.00e+00
 9.80003e+16	1.00e+00	2.76e-12	0.00e+00
 9.80694e+16	1.00e+00	2.73e-12	0.00e+00
 9.81430e+16	1.00e+00	2.71e-12	0.00e+00
 9.82203e+16	1.00e+00	2.68e-12	0.00e+00
 9.82984e+16	1.00e+00	2.65e-12	0.00e+00
 9.83761e+16	1.00e+00	2.63e-12	0.00e+00
 9.84538e+16	1.00e+00	2.60e-12	0.00e+00
 9.85378e+16	1.00e+00	2.57e-12	0.00e+00
 9.86267e+16	1.00e+00	2.54e-12	0.00e+00
 9.87122e+16	1.00e+00	2.51e-12	0.00e+00
 9.87942e+16	1.00e+00	2.49e-12	0.00e+00
 9.88794e+16	1.00e+00	2.46e-12	0.00e+00
 9.89731e+16	1.00e+00	2.43e-12	0.00e+00
 9.90689e+16	1.00e+00	2.40e-12	0.00e+00
 9.91608e+16	1.00e+00	2.37e-12	0.00e+00
 9.92521e+16	1.00e+00	2.34e-12	0.00e+00
 9.93525e+16	1.00e+00	2.31e-12	0.00e+00
 9.94642e+16	1.00e+00	2.27e-12	0.00e+00
 9.95781e+16	1.00e+00	2.24e-12	0.00e+00
 9.96879e+16	1.00e+00	2.21e-12	0.00e+00
 9.97910e+16	1.00e+00	2.18e-12	0.00e+00
 9.98956e+16	1.00e+00	2.15e-12	0.00e+00
 1.00014e+17	1.00e+00	2.11e-12	0.00e+00
 1.00146e+17	1.00e+00	2.08e-12	0.00e+00
 1.00281e+17	1.00e+00	2.04e-12	0.00e+00
 1.00408e+17	1.00e+00	2.00e-12	0.00e+00
 1.00533e+17	1.00e+00	1.97e-12	0.00e+00
 1.00666e+17	1.00e+00	1.93e-12	0.00e+00
 1.00810e+17	1.00e+00	1.90e-12	0.00e+00
 1.00961e+17	1.00e+00	1.86e-12	0.00e+00
 1.01114e+17	1.00e+00	1.82e-12	0.00e+00
 1.01267e+17	1.00e+00	1.78e-12	0.00e+00
 1.01421e+17	1.00e+00	1.75e-12	0.00e+00
 1.01584e+17	1.00e+00	1.71e-12	0.00e+00
 1.01762e+17	1.00e+00	1.67e-12	0.00e+00
 1.01946e+17	1.00e+00	1.63e-12	0.00e+00
 1.02122e+17	1.00e+00	1.59e-12	0.00e+00
 1.02295e+17	1.00e+00	1.55e-12	0.00e+00
 1.02487e+17	1.00e+00	1.51e-12	0.00e+00
 1.02702e+17	1.00e+00	1.47e-12	0.00e+00
 1.02916e+17	1.00e+00	1.42e-12	0.00e+00
 1.03118e+17	1.00e+00	1.39e-12	0.00e+00
 1.03323e+17	1.00e+00	1.35e-12	0.00e+00
 1.03549e+17	1.00e+00	1.31e-12	0.00e+00
 1.03793e+17	1.00e+00	1.26e-12	0.00e+00
 1.04038e+17	1.00e+00	1.22e-12	0.00e+00
 1.04275e+17	1.00e+00	1.18e-12	0.00e+00
 1.04517e+17	1.00e+00	1.14e-12	0.00e+00
 1.04780e+17	1.00e+00	1.10e-12	0.00e+00
 1.05057e+17	1.00e+00	1.06e-12	0.00e+00
 1.05329e+17	1.00e+00	1.02e-12	0.00e+00
 1.05604e+17	1.00e+00	9.85e-13	0.00e+00
 1.05897e+17	1.00e+00	9.46e-13	0.00e+00
 1.06207e+17	1.00e+00	9.08e-13	0.00e+00
 1.06527e+17	1.00e+00	8.68e-13	0.00e+00
 1.06848e+17	1.00e+00	8.31e-13	0.00e+00
 1.07166e+17	1.00e+00	7.96e-13	0.00e+00
 1.07497e+17	1.00e+00	7.61e-13	0.00e+00
 1.07851e+17	1.00e+00	7.25e-13	0.00e+00
 1.08235e+17	1.00e+00	6.87e-13	0.00e+00
 1.08611e+17	1.00e+00	6.55e-13	0.00e+00
 1.08986e+17	1.00e+00	6.22e-13	0.00e+00
 1.09389e+17	1.00e+00	5.90e-13	0.00e+00
 1.09808e+17	1.00e+00	5.58e-13	0.00e+00
 1.10232e+17	1.00e+00	5.28e-13	0.00e+00
 1.10676e+17	1.00e+00	4.98e-13	0.00e+00
 1.11140e+17	1.00e+00	4.70e-13	0.00e+00
 1.11617e+17	1.00e+00	4.42e-13	0.00e+00
 1.12129e+17	1.00e+00	4.14e-13	0.00e+00
 1.12667e+17	1.00e+00	3.87e-13	0.00e+00
 1.13204e+17	1.00e+00	3.63e-13	0.00e+00
 1.13748e+17	1.00e+00	3.40e-13	0.00e+00
 1.14309e+17	1.00e+00	3.19e-13	0.00e+00
 1.14855e+17	1.00e+00	2.99e-13	0.00e+00
 1.15352e+17	1.00e+00	2.83e-13	0.00e+00
 1.15807e+17	1.00e+00	2.68e-13	0.00e+00
 1.16257e+17	1.00e+00	2.55e-13	0.00e+00
 1.16731e+17	1.00e+00	2.41e-13	0.00e+00
 1.17228e+17	1.00e+00	2.28e-13	0.00e+00
 1.17703e+17	1.00e+00	2.15e-13	0.00e+00
 1.18113e+17	1.00e+00	2.05e-13	0.00e+00
 1.18459e+17	1.00e+00	1.97e-13	0.00e+00
 1.18765e+17	1.00e+00	1.90e-13	0.00e+00
 1.19055e+17	1.00e+00	1.83e-13	0.00e+00
 1.19336e+17	1.00e+00	1.77e-13	0.00e+00
 1.19599e+17	1.00e+00	1.72e-13	0.00e+00
 1.19840e+17	1.00e+00	1.67e-13	0.00e+00
 1.20063e+17	1.00e+00	1.62e-13	0.00e+00
 1.20276e+17	1.00e+00	1.58e-13	0.00e+00
 1.20484e+17	1.00e+00	1.54e-13	0.00e+00
 1.20685e+17	1.00e+00	1.50e-13	0.00e+00
 1.20878e+17	1.00e+00	1.47e-13	0.00e+00
 1.21064e+17	1.00e+00	1.44e-13	0.00e+00
 1.21243e+17	1.00e+00	1.41e-13	0.00e+00
 1.21418e+17	1.00e+00	1.38e-13	0.00e+00
 1.21589e+17	1.00e+00	1.35e-13	0.00e+00
 1.21758e+17	1.00e+00	1.32e-13	0.00e+00
 1.21921e+17	1.00e+00	1.30e-13	0.00e+00
 1.22082e+17	1.00e+00	1.27e-13	0.00e+00
 1.22239e+17	1.00e+00	1.25e-13	0.00e+00
 1.22395e+17	1.00e+00	1.23e-13	0.00e+00
 1.22549e+17	1.00e+00	1.20e-13	0.00e+00
 1.22700e+17	1.00e+00	1.18e-13	0.00e+00
 1.22849e+17	1.00e+00	1.16e-13	0.00e+00
 1.22996e+17	1.00e+00	1.14e-13	0.00e+00
 1.23141e+17	1.00e+00	1.12e-13	0.00e+00
 1.23308e+17	1.00e+00	1.10e-13	0.00e+00
 1.23525e+17	1.00e+00	1.07e-13	0.00e+00
 1.23808e+17	1.00e+00	1.04e-13	0.00e+00
 1.24174e+17	1.00e+00	9.95e-14	0.00e+00
 1.24651e+17	1.00e+00	9.42e-14	0.00e+00
 1.25244e+17	1.00e+00	8.80e-14	0.00e+00
 1.25877e+17	1.00e+00	8.21e-14	0.00e+00
 1.26452e+17	1.00e+00	7.72e-14	0.00e+00
 1.26954e+17	1.00e+00	7.32e-14	0.00e+00
 1.27437e+17	1.00e+00	6.94e-14	0.00e+00
 1.27953e+17	1.00e+00	6.57e-14	0.00e+00
 1.28515e+17	1.00e+00	6.18e-14	0.00e+00
 1.29093e+17	1.00e+00	5.81e-14	0.00e+00
 1.29663e+17	1.00e+00	5.48e-14	0.00e+00
 1.30226e+17	1.00e+00	5.16e-14	0.00e+00
 1.30808e+17	1.00e+00	4.86e-14	0.00e+00
 1.31434e+17	1.00e+00	4.55e-14	0.00e+00
 1.32113e+17	1.00e+00	4.24e-14	0.00e+00
 1.32846e+17	1.00e+00	3.93e-14	0.00e+00
 1.33645e+17	1.00e+00	3.62e-14	0.00e+00
 1.34549e+17	1.00e+00	3.29e-14	0.00e+00
 1.35632e+17	1.00e+00	2.94e-14	0.00e+00
 1.37007e+17	1.00e+00	2.56e-14	0.00e+00
 1.38795e+17	1.00e+00	2.13e-14	0.00e+00
 1.41120e+17	1.00e+00	1.68e-14	0.00e+00
 1.44142e+17	1.00e+00	1.25e-14	0.00e+00
 1.48070e+17	1.00e+00	8.51e-15	0.00e+00
 1.53178e+17	1.00e+00	5.23e-15	0.00e+00
 1.59185e+17	1.00e+00	3.01e-15	0.00e+00
 1.65237e+17	1.00e+00	1.75e-15	0.00e+00
 1.70730e+17	1.00e+00	1.07e-15	0.00e+00
 1.75693e+17	1.00e+00	6.92e-16	0.00e+00
 1.81214e+17	1.00e+00	4.22e-16	0.00e+00
 1.86207e+17	1.00e+00	2.71e-16	0.00e+00
 1.89203e+17	1.00e+00	2.05e-16	0.00e+00
 1.91000e+17	1.00e+00	1.72e-16	0.00e+00
 1.92079e+17	1.00e+00	1.54e-16	0.00e+00
 1.92726e+17	1.00e+00	1.44e-16	0.00e+00
 1.93114e+17	1.00e+00	1.38e-16	0.00e+00
 1.93347e+17	1.00e+00	1.34e-16	0.00e+00
 1.93509e+17	1.00e+00	1.32e-16	0.00e+00
 1.93682e+17	1.00e+00	1.29e-16	0.00e+00
 1.93906e+17	1.00e+00	1.26e-16	0.00e+00
 1.94187e+17	1.00e+00	1.22e-16	0.00e+00
 1.94486e+17	1.00e+00	1.18e-16	0.00e+00
 1.94739e+17	1.00e+00	1.14e-16	0.00e+00
 1.94936e+17	1.00e+00	1.12e-16	0.00e+00
 1.95112e+17	1.00e+00	1.09e-16	0.00e+00
 1.95314e+17	1.00e+00	1.07e-16	0.00e+00
 1.95563e+17	1.00e+00	1.04e-16	0.00e+00
 1.95829e+17	1.00e+00	1.00e-16	0.00e+00
 1.96060e+17	1.00e+00	9.70e-17	0.00e+00
 1.96242e+17	1.00e+00	9.46e-17	0.00e+00
 1.96406e+17	1.00e+00	9.25e-17	0.00e+00
 1.96588e+17	1.00e+00	9.03e-17	0.00e+00
 1.96807e+17	1.00e+00	8.76e-17	0.00e+00
 1.97043e+17	1.00e+00	8.47e-17	0.00e+00
 1.97254e+17	1.00e+00	8.20e-17	0.00e+00
 1.97425e+17	1.00e+00	7.99e-17	0.00e+00
 1.97577e+17	1.00e+00	7.80e-17	0.00e+00
 1.97742e+17	1.00e+00	7.61e-17	0.00e+00
 1.97937e+17	1.00e+00	7.38e-17	0.00e+00
 1.98148e+17	1.00e+00	7.13e-17	0.00e+00
 1.98341e+17	1.00e+00	6.90e-17	0.00e+00
 1.98502e+17	1.00e+00	6.70e-17	0.00e+00
 1.98645e+17	1.00e+00	6.54e-17	0.00e+00
 1.98797e+17	1.00e+00	6.37e-17	0.00e+00
 1.98976e+17	1.00e+00	6.17e-17	0.00e+00
 1.99171e+17	1.00e+00	5.95e-17	0.00e+00
 1.99351e+17	1.00e+00	5.73e-17	0.00e+00
 1.99502e+17	1.00e+00	5.56e-17	0.00e+00
 1.99638e+17	1.00e+00	5.41e-17	0.00e+00
 1.99781e+17	1.00e+00	5.26e-17	0.00e+00
 1.99949e+17	1.00e+00	5.08e-17	0.00e+00
 2.00131e+17	1.00e+00	4.89e-17	0.00e+00
 2.00301e+17	1.00e+00	4.70e-17	0.00e+00
 2.00448e+17	1.00e+00	4.54e-17	0.00e+00
 2.00580e+17	1.00e+00	4.41e-17	0.00e+00
 2.00720e+17	1.00e+00	4.27e-17	0.00e+00
 2.00881e+17	1.00e+00	4.12e-17	0.00e+00
 2.01057e+17	1.00e+00	3.95e-17	0.00e+00
 2.01224e+17	1.00e+00	3.79e-17	0.00e+00
 2.01369e+17	1.00e+00	3.65e-17	0.00e+00
 2.01501e+17	1.00e+00	3.53e-17	0.00e+00
 2.01640e+17	1.00e+00	3.41e-17	0.00e+00
 2.01797e+17	1.00e+00	3.28e-17	0.00e+00
 2.01968e+17	1.00e+00	3.14e-17	0.00e+00
 2.02134e+17	1.00e+00	3.00e-17	0.00e+00
 2.02283e+17	1.00e+00	2.88e-17	0.00e+00
 2.02420e+17	1.00e+00	2.77e-17	0.00e+00
 2.02561e+17	1.00e+00	2.67e-17	0.00e+00
 2.02719e+17	1.00e+00	2.56e-17	0.00e+00
 2.02893e+17	1.00e+00	2.44e-17	0.00e+00
 2.03065e+17	1.00e+00	2.33e-17	0.00e+00
 2.03220e+17	1.00e+00	2.22e-17	0.00e+00
 2.03363e+17	1.00e+00	2.13e-17	0.00e+00
 2.03511e+17	1.00e+00	2.05e-17	0.00e+00
 2.03677e+17	1.00e+00	1.96e-17	0.00e+00
 2.03859e+17	1.00e+00	1.86e-17	0.00e+00
 2.04040e+17	1.00e+00	1.77e-17	0.00e+00
 2.04206e+17	1.00e+00	1.68e-17	0.00e+00
 2.04362e+17	1.00e+00	1.61e-17	0.00e+00
 2.04524e+17	1.00e+00	1.54e-17	0.00e+00
 2.04705e+17	1.00e+00	1.47e-17	0.00e+00
