#depth	C	C+	C+2	C+3	C+4	C+5	C+6	C[1]	C[2]	C[3]	C+[1]	C+[2]	CO
 1.49634e+10	0.00e+00	0.00e+00	2.44e-30	8.75e-21	2.09e-10	2.28e-04	1.00e+00	0.00e+00	0.00e+00	0.00e+00	0.00e+00	0.00e+00	0.00e+00
 4.54887e+10	0.00e+00	3.54e-40	3.35e-30	1.11e-20	2.45e-10	2.46e-04	1.00e+00	0.00e+00	0.00e+00	0.00e+00	0.00e+00	0.00e+00	0.00e+00
 7.72350e+10	0.00e+00	0.00e+00	4.60e-30	1.41e-20	2.88e-10	2.67e-04	1.00e+00	0.00e+00	0.00e+00	0.00e+00	0.00e+00	0.00e+00	0.00e+00
 1.10251e+11	0.00e+00	7.81e-40	6.31e-30	1.79e-20	3.38e-10	2.88e-04	1.00e+00	0.00e+00	0.00e+00	0.00e+00	0.00e+00	0.00e+00	0.00e+00
 1.44588e+11	0.00e+00	0.00e+00	8.67e-30	2.27e-20	3.96e-10	3.12e-04	1.00e+00	0.00e+00	0.00e+00	0.00e+00	0.00e+00	0.00e+00	0.00e+00
 1.80298e+11	0.00e+00	1.72e-39	1.19e-29	2.88e-20	4.65e-10	3.38e-04	1.00e+00	0.00e+00	0.00e+00	0.00e+00	0.00e+00	0.00e+00	0.00e+00
 2.15345e+11	0.00e+00	0.00e+00	1.61e-29	3.62e-20	5.41e-10	3.64e-04	1.00e+00	0.00e+00	0.00e+00	0.00e+00	0.00e+00	0.00e+00	9.52e-272
 2.51793e+11	0.00e+00	3.65e-39	2.17e-29	4.54e-20	6.30e-10	3.92e-04	1.00e+00	0.00e+00	0.00e+00	0.00e+00	0.00e+00	0.00e+00	0.00e+00
 2.91792e+11	0.00e+00	0.00e+00	2.99e-29	5.77e-20	7.41e-10	4.24e-04	1.00e+00	0.00e+00	0.00e+00	0.00e+00	0.00e+00	0.00e+00	8.06e-222
 3.27556e+11	0.00e+00	7.66e-39	3.94e-29	7.09e-20	8.51e-10	4.54e-04	1.00e+00	0.00e+00	0.00e+00	0.00e+00	0.00e+00	0.00e+00	0.00e+00
 3.56923e+11	0.00e+00	0.00e+00	4.90e-29	8.36e-20	9.51e-10	4.79e-04	1.00e+00	0.00e+00	0.00e+00	0.00e+00	0.00e+00	0.00e+00	0.00e+00
 3.89109e+11	0.00e+00	1.35e-38	6.19e-29	9.97e-20	1.07e-09	5.07e-04	9.99e-01	0.00e+00	0.00e+00	0.00e+00	0.00e+00	0.00e+00	3.39e-164
 4.30410e+11	0.00e+00	0.00e+00	8.29e-29	1.24e-19	1.24e-09	5.45e-04	9.99e-01	0.00e+00	0.00e+00	0.00e+00	0.00e+00	0.00e+00	2.37e-224
 4.74586e+11	0.00e+00	2.82e-38	1.12e-28	1.56e-19	1.44e-09	5.87e-04	9.99e-01	0.00e+00	0.00e+00	0.00e+00	0.00e+00	0.00e+00	0.00e+00
 5.14695e+11	0.00e+00	0.00e+00	1.46e-28	1.90e-19	1.65e-09	6.26e-04	9.99e-01	0.00e+00	0.00e+00	0.00e+00	0.00e+00	0.00e+00	0.00e+00
 5.58494e+11	0.00e+00	5.55e-38	1.93e-28	2.34e-19	1.90e-09	6.71e-04	9.99e-01	0.00e+00	0.00e+00	0.00e+00	0.00e+00	0.00e+00	0.00e+00
 6.09878e+11	0.00e+00	0.00e+00	2.64e-28	2.98e-19	2.23e-09	7.25e-04	9.99e-01	0.00e+00	0.00e+00	0.00e+00	0.00e+00	0.00e+00	0.00e+00
 6.60759e+11	0.00e+00	1.20e-37	3.57e-28	3.74e-19	2.60e-09	7.81e-04	9.99e-01	0.00e+00	0.00e+00	0.00e+00	0.00e+00	0.00e+00	0.00e+00
 7.05736e+11	0.00e+00	0.00e+00	4.63e-28	4.54e-19	2.97e-09	8.32e-04	9.99e-01	0.00e+00	0.00e+00	0.00e+00	0.00e+00	0.00e+00	0.00e+00
 7.53401e+11	0.00e+00	2.30e-37	6.03e-28	5.55e-19	3.40e-09	8.88e-04	9.99e-01	0.00e+00	0.00e+00	0.00e+00	0.00e+00	0.00e+00	1.01e-219
 8.07182e+11	0.00e+00	0.00e+00	8.07e-28	6.90e-19	3.94e-09	9.53e-04	9.99e-01	0.00e+00	0.00e+00	0.00e+00	0.00e+00	0.00e+00	0.00e+00
 8.58456e+11	0.00e+00	4.61e-37	1.05e-27	8.45e-19	4.52e-09	1.02e-03	9.99e-01	0.00e+00	0.00e+00	0.00e+00	0.00e+00	0.00e+00	1.30e-218
 9.14653e+11	0.00e+00	0.00e+00	1.40e-27	1.05e-18	5.22e-09	1.09e-03	9.99e-01	0.00e+00	0.00e+00	0.00e+00	0.00e+00	0.00e+00	0.00e+00
 9.76454e+11	0.00e+00	9.57e-37	1.90e-27	1.32e-18	6.10e-09	1.17e-03	9.99e-01	0.00e+00	0.00e+00	0.00e+00	0.00e+00	0.00e+00	1.01e-217
 1.03329e+12	0.00e+00	0.00e+00	2.48e-27	1.61e-18	7.00e-09	1.25e-03	9.99e-01	0.00e+00	0.00e+00	0.00e+00	0.00e+00	0.00e+00	0.00e+00
 1.09494e+12	0.00e+00	1.90e-36	3.29e-27	2.00e-18	8.09e-09	1.34e-03	9.99e-01	0.00e+00	0.00e+00	0.00e+00	0.00e+00	0.00e+00	7.36e-218
 1.16391e+12	2.70e-46	2.78e-36	4.48e-27	2.52e-18	9.46e-09	1.45e-03	9.99e-01	0.00e+00	0.00e+00	0.00e+00	0.00e+00	0.00e+00	3.65e-137
 1.22908e+12	0.00e+00	0.00e+00	5.92e-27	3.11e-18	1.09e-08	1.55e-03	9.98e-01	0.00e+00	0.00e+00	0.00e+00	0.00e+00	0.00e+00	0.00e+00
 1.30027e+12	0.00e+00	5.70e-36	7.96e-27	3.89e-18	1.27e-08	1.66e-03	9.98e-01	0.00e+00	0.00e+00	0.00e+00	0.00e+00	0.00e+00	2.39e-155
 1.37935e+12	1.02e-45	8.47e-36	1.09e-26	4.95e-18	1.50e-08	1.80e-03	9.98e-01	0.00e+00	0.00e+00	0.00e+00	0.00e+00	0.00e+00	0.00e+00
 1.45370e+12	0.00e+00	0.00e+00	1.46e-26	6.16e-18	1.74e-08	1.93e-03	9.98e-01	0.00e+00	0.00e+00	0.00e+00	0.00e+00	0.00e+00	0.00e+00
 1.53388e+12	0.00e+00	1.77e-35	1.98e-26	7.73e-18	2.03e-08	2.07e-03	9.98e-01	0.00e+00	0.00e+00	0.00e+00	0.00e+00	0.00e+00	0.00e+00
 1.62331e+12	3.98e-45	2.65e-35	2.74e-26	9.89e-18	2.40e-08	2.24e-03	9.98e-01	0.00e+00	0.00e+00	0.00e+00	0.00e+00	0.00e+00	2.81e-134
 1.70997e+12	0.00e+00	0.00e+00	3.71e-26	1.25e-17	2.80e-08	2.41e-03	9.98e-01	0.00e+00	0.00e+00	0.00e+00	0.00e+00	0.00e+00	0.00e+00
 1.79094e+12	0.00e+00	5.45e-35	4.89e-26	1.53e-17	3.23e-08	2.58e-03	9.97e-01	0.00e+00	0.00e+00	0.00e+00	0.00e+00	0.00e+00	4.15e-152
 1.88064e+12	1.46e-44	7.86e-35	6.57e-26	1.92e-17	3.76e-08	2.77e-03	9.97e-01	0.00e+00	0.00e+00	0.00e+00	0.00e+00	0.00e+00	0.00e+00
 1.98167e+12	0.00e+00	1.18e-34	9.08e-26	2.45e-17	4.44e-08	2.99e-03	9.97e-01	0.00e+00	0.00e+00	0.00e+00	0.00e+00	0.00e+00	5.20e-151
 2.07837e+12	3.69e-44	1.70e-34	1.23e-25	3.07e-17	5.18e-08	3.21e-03	9.97e-01	0.00e+00	0.00e+00	0.00e+00	0.00e+00	0.00e+00	0.00e+00
 2.18220e+12	0.00e+00	2.51e-34	1.67e-25	3.89e-17	6.08e-08	3.46e-03	9.97e-01	0.00e+00	0.00e+00	0.00e+00	0.00e+00	0.00e+00	6.22e-150
 2.28317e+12	9.07e-44	3.62e-34	2.24e-25	4.86e-17	7.07e-08	3.71e-03	9.96e-01	0.00e+00	0.00e+00	0.00e+00	0.00e+00	0.00e+00	0.00e+00
 2.36275e+12	0.00e+00	4.78e-34	2.81e-25	5.76e-17	7.94e-08	3.92e-03	9.96e-01	0.00e+00	0.00e+00	0.00e+00	0.00e+00	0.00e+00	5.06e-149
 2.44569e+12	1.78e-43	6.36e-34	3.53e-25	6.85e-17	8.93e-08	4.14e-03	9.96e-01	0.00e+00	0.00e+00	0.00e+00	0.00e+00	0.00e+00	7.86e-197
 2.55352e+12	0.00e+00	9.14e-34	4.73e-25	8.54e-17	1.04e-07	4.44e-03	9.96e-01	0.00e+00	0.00e+00	0.00e+00	0.00e+00	0.00e+00	4.16e-148
 2.66854e+12	4.31e-43	1.33e-33	6.40e-25	1.07e-16	1.21e-07	4.77e-03	9.95e-01	0.00e+00	0.00e+00	0.00e+00	0.00e+00	0.00e+00	0.00e+00
 2.77010e+12	0.00e+00	1.83e-33	8.28e-25	1.30e-16	1.38e-07	5.07e-03	9.95e-01	0.00e+00	0.00e+00	0.00e+00	0.00e+00	0.00e+00	3.95e-147
 2.87932e+12	9.48e-43	2.57e-33	1.09e-24	1.60e-16	1.59e-07	5.42e-03	9.95e-01	0.00e+00	0.00e+00	0.00e+00	0.00e+00	0.00e+00	0.00e+00
 3.01484e+12	0.00e+00	3.87e-33	1.51e-24	2.05e-16	1.88e-07	5.86e-03	9.94e-01	0.00e+00	0.00e+00	0.00e+00	0.00e+00	0.00e+00	4.37e-146
 3.15256e+12	2.50e-42	5.79e-33	2.09e-24	2.62e-16	2.22e-07	6.32e-03	9.94e-01	0.00e+00	0.00e+00	0.00e+00	0.00e+00	0.00e+00	0.00e+00
 3.27448e+12	0.00e+00	8.21e-33	2.76e-24	3.23e-16	2.56e-07	6.76e-03	9.93e-01	0.00e+00	0.00e+00	0.00e+00	0.00e+00	0.00e+00	4.85e-145
 3.40783e+12	5.92e-42	1.19e-32	3.72e-24	4.05e-16	2.99e-07	7.26e-03	9.93e-01	0.00e+00	0.00e+00	0.00e+00	0.00e+00	0.00e+00	0.00e+00
 3.56783e+12	0.00e+00	1.83e-32	5.27e-24	5.26e-16	3.57e-07	7.88e-03	9.92e-01	0.00e+00	0.00e+00	0.00e+00	0.00e+00	0.00e+00	6.31e-144
 3.71811e+12	1.60e-41	2.73e-32	7.26e-24	6.69e-16	4.20e-07	8.50e-03	9.91e-01	0.00e+00	0.00e+00	0.00e+00	0.00e+00	0.00e+00	0.00e+00
 3.84045e+12	0.00e+00	3.75e-32	9.36e-24	8.10e-16	4.78e-07	9.03e-03	9.91e-01	0.00e+00	0.00e+00	0.00e+00	0.00e+00	0.00e+00	6.05e-143
 3.97084e+12	3.48e-41	5.23e-32	1.22e-23	9.90e-16	5.47e-07	9.62e-03	9.90e-01	0.00e+00	0.00e+00	0.00e+00	0.00e+00	0.00e+00	5.63e-191
 4.14036e+12	0.00e+00	7.97e-32	1.71e-23	1.28e-15	6.49e-07	1.04e-02	9.90e-01	0.00e+00	0.00e+00	0.00e+00	0.00e+00	0.00e+00	6.49e-142
 4.31641e+12	9.64e-41	1.22e-31	2.42e-23	1.65e-15	7.73e-07	1.13e-02	9.89e-01	0.00e+00	0.00e+00	0.00e+00	0.00e+00	0.00e+00	2.01e-229
 4.46358e+12	0.00e+00	1.74e-31	3.21e-23	2.04e-15	8.91e-07	1.21e-02	9.88e-01	0.00e+00	0.00e+00	0.00e+00	0.00e+00	0.00e+00	7.41e-141
 4.61755e+12	2.26e-40	2.50e-31	4.29e-23	2.54e-15	1.03e-06	1.29e-02	9.87e-01	0.00e+00	0.00e+00	0.00e+00	0.00e+00	0.00e+00	0.00e+00
 4.81363e+12	0.00e+00	3.92e-31	6.16e-23	3.33e-15	1.24e-06	1.41e-02	9.86e-01	0.00e+00	0.00e+00	0.00e+00	0.00e+00	0.00e+00	9.19e-140
 5.01321e+12	6.66e-40	6.15e-31	8.84e-23	4.36e-15	1.48e-06	1.54e-02	9.85e-01	0.00e+00	0.00e+00	0.00e+00	0.00e+00	0.00e+00	0.00e+00
 5.18094e+12	0.00e+00	8.90e-31	1.19e-22	5.45e-15	1.72e-06	1.65e-02	9.84e-01	0.00e+00	0.00e+00	0.00e+00	0.00e+00	0.00e+00	1.14e-138
 5.35851e+12	1.64e-39	1.31e-30	1.62e-22	6.86e-15	2.01e-06	1.77e-02	9.82e-01	0.00e+00	0.00e+00	0.00e+00	0.00e+00	0.00e+00	2.47e-240
 5.58302e+12	0.00e+00	2.10e-30	2.37e-22	9.12e-15	2.43e-06	1.94e-02	9.81e-01	0.00e+00	0.00e+00	0.00e+00	0.00e+00	0.00e+00	1.57e-137
 5.80357e+12	5.01e-39	3.32e-30	3.43e-22	1.20e-14	2.92e-06	2.11e-02	9.79e-01	0.00e+00	0.00e+00	0.00e+00	0.00e+00	0.00e+00	0.00e+00
 5.97992e+12	0.00e+00	4.73e-30	4.56e-22	1.49e-14	3.36e-06	2.26e-02	9.77e-01	0.00e+00	0.00e+00	0.00e+00	0.00e+00	0.00e+00	1.82e-136
 6.16379e+12	1.18e-38	6.79e-30	6.10e-22	1.85e-14	3.89e-06	2.42e-02	9.76e-01	0.00e+00	0.00e+00	0.00e+00	0.00e+00	0.00e+00	0.00e+00
 6.39882e+12	0.00e+00	1.06e-29	8.77e-22	2.42e-14	4.66e-06	2.64e-02	9.74e-01	0.00e+00	0.00e+00	0.00e+00	0.00e+00	0.00e+00	2.10e-135
 6.64509e+12	3.49e-38	1.68e-29	1.27e-21	3.20e-14	5.59e-06	2.87e-02	9.71e-01	0.00e+00	0.00e+00	0.00e+00	0.00e+00	0.00e+00	5.82e-266
 6.86175e+12	0.00e+00	2.48e-29	1.73e-21	4.04e-14	6.54e-06	3.09e-02	9.69e-01	0.00e+00	0.00e+00	0.00e+00	0.00e+00	0.00e+00	2.64e-134
 7.07730e+12	8.65e-38	3.60e-29	2.35e-21	5.07e-14	7.60e-06	3.32e-02	9.67e-01	0.00e+00	0.00e+00	0.00e+00	0.00e+00	0.00e+00	0.00e+00
 7.32422e+12	0.00e+00	5.44e-29	3.28e-21	6.51e-14	8.97e-06	3.59e-02	9.64e-01	0.00e+00	0.00e+00	0.00e+00	0.00e+00	0.00e+00	2.79e-133
 7.59735e+12	2.39e-37	8.45e-29	4.68e-21	8.51e-14	1.07e-05	3.91e-02	9.61e-01	0.00e+00	0.00e+00	0.00e+00	0.00e+00	0.00e+00	1.08e-99
 7.84493e+12	0.00e+00	1.24e-28	6.39e-21	1.07e-13	1.25e-05	4.20e-02	9.58e-01	0.00e+00	0.00e+00	0.00e+00	0.00e+00	0.00e+00	0.00e+00
 8.04956e+12	5.44e-37	1.68e-28	8.18e-21	1.29e-13	1.41e-05	4.46e-02	9.55e-01	0.00e+00	0.00e+00	0.00e+00	0.00e+00	0.00e+00	6.51e-115
 8.27334e+12	0.00e+00	2.32e-28	1.06e-20	1.58e-13	1.61e-05	4.74e-02	9.53e-01	0.00e+00	0.00e+00	0.00e+00	0.00e+00	0.00e+00	7.44e-100
 8.56426e+12	1.30e-36	3.49e-28	1.48e-20	2.02e-13	1.90e-05	5.12e-02	9.49e-01	0.00e+00	0.00e+00	0.00e+00	0.00e+00	0.00e+00	0.00e+00
 8.86718e+12	0.00e+00	5.23e-28	2.05e-20	2.59e-13	2.23e-05	5.53e-02	9.45e-01	0.00e+00	0.00e+00	0.00e+00	0.00e+00	0.00e+00	2.46e-130
 9.12241e+12	3.10e-36	7.25e-28	2.68e-20	3.16e-13	2.55e-05	5.88e-02	9.41e-01	0.00e+00	0.00e+00	0.00e+00	0.00e+00	0.00e+00	1.87e-97
 9.39091e+12	0.00e+00	1.01e-27	3.51e-20	3.87e-13	2.91e-05	6.27e-02	9.37e-01	0.00e+00	0.00e+00	0.00e+00	0.00e+00	0.00e+00	0.00e+00
 9.73996e+12	7.52e-36	1.53e-27	4.92e-20	4.99e-13	3.44e-05	6.78e-02	9.32e-01	0.00e+00	0.00e+00	0.00e+00	0.00e+00	0.00e+00	2.98e-112
 1.00989e+13	0.00e+00	2.30e-27	6.85e-20	6.41e-13	4.06e-05	7.32e-02	9.27e-01	0.00e+00	0.00e+00	0.00e+00	0.00e+00	0.00e+00	1.79e-97
 1.03954e+13	1.79e-35	3.18e-27	8.91e-20	7.81e-13	4.62e-05	7.78e-02	9.22e-01	0.00e+00	0.00e+00	0.00e+00	0.00e+00	0.00e+00	2.30e-111
 1.07058e+13	0.00e+00	4.40e-27	1.16e-19	9.54e-13	5.27e-05	8.27e-02	9.17e-01	0.00e+00	0.00e+00	0.00e+00	0.00e+00	0.00e+00	8.55e-97
 1.11093e+13	4.29e-35	6.61e-27	1.62e-19	1.22e-12	6.21e-05	8.93e-02	9.11e-01	0.00e+00	0.00e+00	0.00e+00	0.00e+00	0.00e+00	1.81e-110
 1.15292e+13	0.00e+00	9.92e-27	2.25e-19	1.57e-12	7.30e-05	9.63e-02	9.04e-01	0.00e+00	0.00e+00	0.00e+00	0.00e+00	0.00e+00	6.12e-96
 1.18840e+13	1.03e-34	1.38e-26	2.94e-19	1.92e-12	8.33e-05	1.02e-01	8.98e-01	0.00e+00	0.00e+00	0.00e+00	0.00e+00	0.00e+00	1.44e-109
 1.22587e+13	1.53e-34	1.92e-26	3.85e-19	2.35e-12	9.52e-05	1.09e-01	8.91e-01	0.00e+00	0.00e+00	0.00e+00	0.00e+00	0.00e+00	5.14e-94
 1.27349e+13	2.48e-34	2.89e-26	5.37e-19	3.01e-12	1.12e-04	1.17e-01	8.83e-01	0.00e+00	0.00e+00	0.00e+00	0.00e+00	0.00e+00	1.19e-108
 1.32264e+13	4.01e-34	4.33e-26	7.45e-19	3.86e-12	1.31e-04	1.26e-01	8.74e-01	0.00e+00	0.00e+00	0.00e+00	0.00e+00	0.00e+00	3.73e-93
 1.36470e+13	5.95e-34	6.03e-26	9.74e-19	4.72e-12	1.50e-04	1.34e-01	8.66e-01	0.00e+00	0.00e+00	0.00e+00	0.00e+00	0.00e+00	9.71e-108
 1.40920e+13	8.89e-34	8.44e-26	1.28e-18	5.79e-12	1.71e-04	1.42e-01	8.58e-01	0.00e+00	0.00e+00	0.00e+00	0.00e+00	0.00e+00	1.92e-92
 1.46453e+13	1.43e-33	1.26e-25	1.77e-18	7.37e-12	2.00e-04	1.53e-01	8.47e-01	0.00e+00	0.00e+00	0.00e+00	0.00e+00	0.00e+00	8.11e-107
 1.52111e+13	2.30e-33	1.88e-25	2.45e-18	9.40e-12	2.34e-04	1.64e-01	8.36e-01	0.00e+00	0.00e+00	0.00e+00	0.00e+00	0.00e+00	1.38e-91
 1.56681e+13	3.31e-33	2.54e-25	3.13e-18	1.13e-11	2.64e-04	1.73e-01	8.27e-01	0.00e+00	0.00e+00	0.00e+00	0.00e+00	0.00e+00	6.18e-106
 1.60533e+13	4.48e-33	3.28e-25	3.84e-18	1.32e-11	2.91e-04	1.81e-01	8.19e-01	0.00e+00	0.00e+00	0.00e+00	0.00e+00	0.00e+00	5.48e-91
 1.64953e+13	6.25e-33	4.33e-25	4.82e-18	1.56e-11	3.25e-04	1.90e-01	8.10e-01	0.00e+00	0.00e+00	0.00e+00	0.00e+00	0.00e+00	2.89e-105
 1.69870e+13	8.96e-33	5.86e-25	6.15e-18	1.87e-11	3.65e-04	2.00e-01	8.00e-01	0.00e+00	0.00e+00	0.00e+00	0.00e+00	0.00e+00	2.32e-90
 1.74465e+13	1.24e-32	7.71e-25	7.68e-18	2.21e-11	4.06e-04	2.09e-01	7.91e-01	0.00e+00	0.00e+00	0.00e+00	0.00e+00	0.00e+00	1.54e-104
 1.79470e+13	1.75e-32	1.03e-24	9.70e-18	2.63e-11	4.54e-04	2.19e-01	7.80e-01	0.00e+00	0.00e+00	0.00e+00	0.00e+00	0.00e+00	9.40e-90
 1.85038e+13	2.54e-32	1.40e-24	1.25e-17	3.17e-11	5.12e-04	2.31e-01	7.68e-01	0.00e+00	0.00e+00	0.00e+00	0.00e+00	0.00e+00	8.91e-104
 1.90251e+13	3.56e-32	1.86e-24	1.57e-17	3.76e-11	5.70e-04	2.42e-01	7.57e-01	0.00e+00	0.00e+00	0.00e+00	0.00e+00	0.00e+00	4.13e-89
 1.95943e+13	5.09e-32	2.51e-24	2.00e-17	4.50e-11	6.39e-04	2.54e-01	7.45e-01	0.00e+00	0.00e+00	0.00e+00	0.00e+00	0.00e+00	4.89e-103
 2.02298e+13	7.46e-32	3.46e-24	2.58e-17	5.45e-11	7.22e-04	2.67e-01	7.32e-01	0.00e+00	0.00e+00	0.00e+00	0.00e+00	0.00e+00	1.94e-88
 2.08320e+13	1.06e-31	4.65e-24	3.28e-17	6.51e-11	8.07e-04	2.80e-01	7.19e-01	0.00e+00	0.00e+00	0.00e+00	0.00e+00	0.00e+00	3.00e-102
 2.14953e+13	1.55e-31	6.36e-24	4.23e-17	7.86e-11	9.09e-04	2.94e-01	7.05e-01	0.00e+00	0.00e+00	0.00e+00	0.00e+00	0.00e+00	8.96e-88
 2.22352e+13	2.33e-31	8.98e-24	5.59e-17	9.66e-11	1.03e-03	3.10e-01	6.89e-01	0.00e+00	0.00e+00	0.00e+00	0.00e+00	0.00e+00	2.08e-101
 2.29280e+13	3.36e-31	1.22e-23	7.14e-17	1.16e-10	1.16e-03	3.24e-01	6.75e-01	0.00e+00	0.00e+00	0.00e+00	0.00e+00	0.00e+00	4.53e-87
 2.36821e+13	4.94e-31	1.68e-23	9.29e-17	1.41e-10	1.31e-03	3.40e-01	6.59e-01	0.00e+00	0.00e+00	0.00e+00	0.00e+00	0.00e+00	1.34e-100
 2.45335e+13	7.53e-31	2.40e-23	1.24e-16	1.74e-10	1.49e-03	3.58e-01	6.41e-01	0.00e+00	0.00e+00	0.00e+00	0.00e+00	0.00e+00	2.46e-86
 2.53563e+13	1.11e-30	3.32e-23	1.61e-16	2.11e-10	1.68e-03	3.75e-01	6.23e-01	0.00e+00	0.00e+00	0.00e+00	0.00e+00	0.00e+00	1.00e-99
 2.62706e+13	1.69e-30	4.71e-23	2.13e-16	2.60e-10	1.91e-03	3.93e-01	6.05e-01	0.00e+00	0.00e+00	0.00e+00	0.00e+00	0.00e+00	1.34e-85
 2.72990e+13	2.66e-30	6.88e-23	2.90e-16	3.26e-10	2.19e-03	4.14e-01	5.84e-01	0.00e+00	0.00e+00	0.00e+00	0.00e+00	0.00e+00	8.75e-99
 2.82380e+13	3.95e-30	9.59e-23	3.79e-16	3.97e-10	2.47e-03	4.32e-01	5.65e-01	0.00e+00	0.00e+00	0.00e+00	0.00e+00	0.00e+00	7.97e-85
 2.90787e+13	5.56e-30	1.28e-22	4.78e-16	4.70e-10	2.74e-03	4.48e-01	5.49e-01	0.00e+00	0.00e+00	0.00e+00	0.00e+00	0.00e+00	5.55e-98
 2.98566e+13	7.56e-30	1.65e-22	5.88e-16	5.47e-10	3.00e-03	4.63e-01	5.34e-01	0.00e+00	0.00e+00	0.00e+00	0.00e+00	0.00e+00	3.12e-84
 3.06955e+13	1.04e-29	2.16e-22	7.29e-16	6.41e-10	3.30e-03	4.78e-01	5.19e-01	0.00e+00	0.00e+00	0.00e+00	0.00e+00	0.00e+00	2.68e-97
 3.16274e+13	1.47e-29	2.88e-22	9.21e-16	7.61e-10	3.66e-03	4.95e-01	5.02e-01	0.00e+00	0.00e+00	0.00e+00	0.00e+00	0.00e+00	1.27e-83
 3.24939e+13	2.01e-29	3.73e-22	1.14e-15	8.87e-10	4.01e-03	5.09e-01	4.87e-01	0.00e+00	0.00e+00	0.00e+00	0.00e+00	0.00e+00	1.40e-96
 3.34342e+13	2.78e-29	4.90e-22	1.41e-15	1.04e-09	4.40e-03	5.25e-01	4.71e-01	0.00e+00	0.00e+00	0.00e+00	0.00e+00	0.00e+00	4.87e-83
 3.44855e+13	3.95e-29	6.57e-22	1.79e-15	1.24e-09	4.88e-03	5.42e-01	4.53e-01	0.00e+00	0.00e+00	0.00e+00	0.00e+00	0.00e+00	7.77e-96
 3.54744e+13	5.44e-29	8.58e-22	2.22e-15	1.45e-09	5.35e-03	5.57e-01	4.37e-01	0.00e+00	0.00e+00	0.00e+00	0.00e+00	0.00e+00	2.02e-82
 3.65533e+13	7.61e-29	1.14e-21	2.79e-15	1.70e-09	5.88e-03	5.73e-01	4.21e-01	0.00e+00	0.00e+00	0.00e+00	0.00e+00	0.00e+00	4.13e-95
 3.77610e+13	1.09e-28	1.54e-21	3.56e-15	2.03e-09	6.52e-03	5.90e-01	4.03e-01	0.00e+00	0.00e+00	0.00e+00	0.00e+00	0.00e+00	8.98e-82
 3.89023e+13	1.52e-28	2.02e-21	4.44e-15	2.39e-09	7.15e-03	6.06e-01	3.87e-01	0.00e+00	0.00e+00	0.00e+00	0.00e+00	0.00e+00	2.44e-94
 4.01520e+13	2.16e-28	2.70e-21	5.59e-15	2.82e-09	7.87e-03	6.22e-01	3.70e-01	0.00e+00	0.00e+00	0.00e+00	0.00e+00	0.00e+00	3.86e-81
 4.15586e+13	3.15e-28	3.70e-21	7.19e-15	3.38e-09	8.73e-03	6.39e-01	3.53e-01	0.00e+00	0.00e+00	0.00e+00	0.00e+00	0.00e+00	1.59e-93
 4.29033e+13	4.45e-28	4.94e-21	9.05e-15	3.99e-09	9.59e-03	6.54e-01	3.37e-01	0.00e+00	0.00e+00	0.00e+00	0.00e+00	0.00e+00	1.85e-80
 4.43855e+13	6.42e-28	6.68e-21	1.15e-14	4.73e-09	1.06e-02	6.69e-01	3.20e-01	0.00e+00	0.00e+00	0.00e+00	0.00e+00	0.00e+00	1.02e-92
 4.61428e+13	9.74e-28	9.44e-21	1.51e-14	5.76e-09	1.18e-02	6.86e-01	3.02e-01	0.00e+00	0.00e+00	0.00e+00	0.00e+00	0.00e+00	1.03e-79
 4.78772e+13	1.44e-27	1.31e-20	1.96e-14	6.91e-09	1.31e-02	7.02e-01	2.85e-01	0.00e+00	0.00e+00	0.00e+00	0.00e+00	0.00e+00	8.64e-92
 4.94830e+13	2.05e-27	1.74e-20	2.46e-14	8.12e-09	1.43e-02	7.15e-01	2.71e-01	0.00e+00	0.00e+00	0.00e+00	0.00e+00	0.00e+00	5.35e-79
 5.09439e+13	2.78e-27	2.24e-20	3.00e-14	9.34e-09	1.55e-02	7.26e-01	2.58e-01	0.00e+00	0.00e+00	0.00e+00	0.00e+00	0.00e+00	4.94e-91
 5.22771e+13	3.65e-27	2.80e-20	3.57e-14	1.06e-08	1.65e-02	7.36e-01	2.48e-01	0.00e+00	0.00e+00	0.00e+00	0.00e+00	0.00e+00	1.95e-78
 5.38021e+13	4.93e-27	3.58e-20	4.33e-14	1.21e-08	1.78e-02	7.46e-01	2.36e-01	0.00e+00	0.00e+00	0.00e+00	0.00e+00	0.00e+00	2.28e-90
 5.57723e+13	7.17e-27	4.87e-20	5.50e-14	1.43e-08	1.95e-02	7.58e-01	2.23e-01	0.00e+00	0.00e+00	0.00e+00	0.00e+00	0.00e+00	8.99e-78
 5.77981e+13	1.04e-26	6.59e-20	6.97e-14	1.68e-08	2.13e-02	7.69e-01	2.10e-01	0.00e+00	0.00e+00	0.00e+00	0.00e+00	0.00e+00	1.70e-89
 5.94424e+13	1.39e-26	8.35e-20	8.37e-14	1.91e-08	2.29e-02	7.77e-01	2.00e-01	0.00e+00	0.00e+00	0.00e+00	0.00e+00	0.00e+00	4.05e-77
 6.11141e+13	1.85e-26	1.05e-19	1.00e-13	2.17e-08	2.44e-02	7.85e-01	1.91e-01	0.00e+00	0.00e+00	0.00e+00	0.00e+00	0.00e+00	7.81e-77
 6.32873e+13	2.64e-26	1.41e-19	1.25e-13	2.53e-08	2.66e-02	7.94e-01	1.80e-01	0.00e+00	0.00e+00	0.00e+00	0.00e+00	0.00e+00	1.79e-76
 6.55846e+13	3.81e-26	1.90e-19	1.58e-13	2.97e-08	2.89e-02	8.02e-01	1.69e-01	0.00e+00	0.00e+00	0.00e+00	0.00e+00	0.00e+00	4.15e-76
 6.75799e+13	5.17e-26	2.43e-19	1.91e-13	3.38e-08	3.10e-02	8.09e-01	1.60e-01	0.00e+00	0.00e+00	0.00e+00	0.00e+00	0.00e+00	8.45e-76
 6.97103e+13	7.08e-26	3.14e-19	2.32e-13	3.86e-08	3.33e-02	8.15e-01	1.52e-01	0.00e+00	0.00e+00	0.00e+00	0.00e+00	0.00e+00	1.76e-75
 7.23477e+13	1.03e-25	4.25e-19	2.92e-13	4.53e-08	3.62e-02	8.22e-01	1.42e-01	0.00e+00	0.00e+00	0.00e+00	0.00e+00	0.00e+00	4.26e-75
 7.50582e+13	1.50e-25	5.75e-19	3.68e-13	5.30e-08	3.93e-02	8.28e-01	1.33e-01	0.00e+00	0.00e+00	0.00e+00	0.00e+00	0.00e+00	1.02e-74
 7.74938e+13	2.07e-25	7.45e-19	4.48e-13	6.06e-08	4.21e-02	8.33e-01	1.25e-01	0.00e+00	0.00e+00	0.00e+00	0.00e+00	0.00e+00	2.17e-74
 8.01582e+13	2.90e-25	9.80e-19	5.52e-13	6.98e-08	4.53e-02	8.37e-01	1.17e-01	0.00e+00	0.00e+00	0.00e+00	0.00e+00	0.00e+00	4.85e-74
 8.33123e+13	4.28e-25	1.34e-18	7.01e-13	8.20e-08	4.93e-02	8.42e-01	1.09e-01	0.00e+00	0.00e+00	0.00e+00	0.00e+00	0.00e+00	1.21e-73
 8.64225e+13	6.18e-25	1.80e-18	8.77e-13	9.55e-08	5.32e-02	8.45e-01	1.02e-01	0.00e+00	0.00e+00	0.00e+00	0.00e+00	0.00e+00	2.89e-73
 8.91431e+13	8.43e-25	2.31e-18	1.06e-12	1.08e-07	5.68e-02	8.47e-01	9.59e-02	0.00e+00	0.00e+00	0.00e+00	0.00e+00	0.00e+00	6.02e-73
 9.20379e+13	1.16e-24	2.99e-18	1.29e-12	1.24e-07	6.07e-02	8.49e-01	9.02e-02	0.00e+00	0.00e+00	0.00e+00	0.00e+00	0.00e+00	1.28e-72
 9.52980e+13	1.64e-24	3.95e-18	1.59e-12	1.43e-07	6.53e-02	8.51e-01	8.42e-02	0.00e+00	0.00e+00	0.00e+00	0.00e+00	0.00e+00	2.92e-72
 9.84036e+13	2.26e-24	5.11e-18	1.93e-12	1.62e-07	6.97e-02	8.51e-01	7.90e-02	0.00e+00	0.00e+00	0.00e+00	0.00e+00	0.00e+00	6.24e-72
 1.01217e+14	2.99e-24	6.40e-18	2.29e-12	1.82e-07	7.38e-02	8.52e-01	7.46e-02	0.00e+00	0.00e+00	0.00e+00	0.00e+00	0.00e+00	1.22e-71
 1.03789e+14	3.84e-24	7.81e-18	2.66e-12	2.02e-07	7.76e-02	8.51e-01	7.09e-02	0.00e+00	0.00e+00	0.00e+00	0.00e+00	0.00e+00	2.20e-71
 1.06639e+14	5.02e-24	9.70e-18	3.14e-12	2.25e-07	8.20e-02	8.51e-01	6.71e-02	0.00e+00	0.00e+00	0.00e+00	0.00e+00	0.00e+00	4.16e-71
 1.09845e+14	6.73e-24	1.23e-17	3.75e-12	2.53e-07	8.70e-02	8.50e-01	6.31e-02	0.00e+00	0.00e+00	0.00e+00	0.00e+00	0.00e+00	8.37e-71
 1.12886e+14	8.82e-24	1.53e-17	4.42e-12	2.83e-07	9.18e-02	8.49e-01	5.96e-02	0.00e+00	0.00e+00	0.00e+00	0.00e+00	0.00e+00	1.59e-70
 1.16213e+14	1.17e-23	1.92e-17	5.25e-12	3.17e-07	9.72e-02	8.47e-01	5.61e-02	0.00e+00	0.00e+00	0.00e+00	0.00e+00	0.00e+00	3.15e-70
 1.19884e+14	1.60e-23	2.46e-17	6.33e-12	3.60e-07	1.03e-01	8.44e-01	5.25e-02	0.00e+00	0.00e+00	0.00e+00	0.00e+00	0.00e+00	6.54e-70
 1.23271e+14	2.10e-23	3.06e-17	7.47e-12	4.02e-07	1.09e-01	8.42e-01	4.94e-02	0.00e+00	0.00e+00	0.00e+00	0.00e+00	0.00e+00	1.26e-69
 1.26944e+14	2.80e-23	3.86e-17	8.90e-12	4.51e-07	1.15e-01	8.38e-01	4.64e-02	0.00e+00	0.00e+00	0.00e+00	0.00e+00	0.00e+00	2.50e-69
 1.31055e+14	3.83e-23	4.96e-17	1.08e-11	5.12e-07	1.22e-01	8.34e-01	4.32e-02	0.00e+00	0.00e+00	0.00e+00	1.58e-17	3.38e-17	5.28e-69
 1.34942e+14	5.11e-23	6.24e-17	1.28e-11	5.74e-07	1.29e-01	8.30e-01	4.05e-02	0.00e+00	0.00e+00	0.00e+00	2.07e-17	4.17e-17	1.05e-68
 1.39200e+14	6.92e-23	7.96e-17	1.54e-11	6.48e-07	1.37e-01	8.25e-01	3.78e-02	0.00e+00	0.00e+00	0.00e+00	2.64e-17	5.32e-17	2.16e-68
 1.43947e+14	9.59e-23	1.04e-16	1.87e-11	7.39e-07	1.46e-01	8.19e-01	3.50e-02	0.00e+00	0.00e+00	0.00e+00	3.43e-17	6.92e-17	4.71e-68
 1.48414e+14	1.29e-22	1.31e-16	2.24e-11	8.32e-07	1.54e-01	8.13e-01	3.27e-02	0.00e+00	0.00e+00	0.00e+00	4.35e-17	8.78e-17	9.60e-68
 1.53307e+14	1.77e-22	1.69e-16	2.71e-11	9.43e-07	1.63e-01	8.06e-01	3.03e-02	0.00e+00	0.00e+00	0.00e+00	5.60e-17	1.13e-16	2.04e-67
 1.58804e+14	2.49e-22	2.22e-16	3.33e-11	1.08e-06	1.74e-01	7.98e-01	2.79e-02	0.00e+00	0.00e+00	0.00e+00	7.36e-17	1.49e-16	4.62e-67
 1.64042e+14	3.40e-22	2.85e-16	4.02e-11	1.22e-06	1.84e-01	7.90e-01	2.58e-02	0.00e+00	0.00e+00	0.00e+00	9.45e-17	1.91e-16	9.80e-67
 1.69804e+14	4.74e-22	3.72e-16	4.90e-11	1.39e-06	1.95e-01	7.81e-01	2.38e-02	0.00e+00	0.00e+00	0.00e+00	1.23e-16	2.49e-16	2.18e-66
 1.76181e+14	6.75e-22	4.94e-16	6.06e-11	1.60e-06	2.08e-01	7.70e-01	2.17e-02	0.00e+00	0.00e+00	0.00e+00	1.63e-16	3.30e-16	5.10e-66
 1.82087e+14	9.26e-22	6.35e-16	7.32e-11	1.81e-06	2.20e-01	7.60e-01	2.00e-02	0.00e+00	0.00e+00	0.00e+00	2.10e-16	4.25e-16	1.11e-65
 1.88494e+14	1.29e-21	8.27e-16	8.92e-11	2.06e-06	2.32e-01	7.49e-01	1.84e-02	0.00e+00	0.00e+00	0.00e+00	2.74e-16	5.54e-16	2.44e-65
 1.95679e+14	1.84e-21	1.10e-15	1.10e-10	2.36e-06	2.47e-01	7.36e-01	1.67e-02	0.00e+00	0.00e+00	0.00e+00	3.64e-16	7.36e-16	5.78e-65
 2.02473e+14	2.54e-21	1.42e-15	1.34e-10	2.67e-06	2.60e-01	7.24e-01	1.53e-02	0.00e+00	0.00e+00	0.00e+00	4.71e-16	9.53e-16	1.27e-64
 2.09834e+14	3.56e-21	1.86e-15	1.63e-10	3.04e-06	2.75e-01	7.11e-01	1.40e-02	0.00e+00	0.00e+00	0.00e+00	6.16e-16	1.25e-15	2.89e-64
 2.18039e+14	5.12e-21	2.48e-15	2.02e-10	3.48e-06	2.91e-01	6.96e-01	1.27e-02	0.00e+00	0.00e+00	0.00e+00	8.20e-16	1.66e-15	6.98e-64
 2.25123e+14	6.91e-21	3.15e-15	2.41e-10	3.90e-06	3.05e-01	6.83e-01	1.16e-02	0.00e+00	0.00e+00	0.00e+00	1.04e-15	2.11e-15	1.46e-63
 2.30512e+14	8.61e-21	3.75e-15	2.75e-10	4.23e-06	3.16e-01	6.73e-01	1.09e-02	0.00e+00	0.00e+00	0.00e+00	1.24e-15	2.51e-15	2.51e-63
 2.35991e+14	1.07e-20	4.47e-15	3.12e-10	4.59e-06	3.27e-01	6.63e-01	1.03e-02	0.00e+00	0.00e+00	0.00e+00	1.48e-15	2.99e-15	4.30e-63
 2.43113e+14	1.41e-20	5.56e-15	3.67e-10	5.09e-06	3.40e-01	6.50e-01	9.46e-03	0.00e+00	0.00e+00	0.00e+00	1.84e-15	3.72e-15	8.49e-63
 2.50707e+14	1.88e-20	6.97e-15	4.33e-10	5.65e-06	3.55e-01	6.36e-01	8.70e-03	0.00e+00	0.00e+00	0.00e+00	2.30e-15	4.67e-15	1.72e-62
 2.57360e+14	2.40e-20	8.44e-15	4.99e-10	6.17e-06	3.67e-01	6.25e-01	8.09e-03	0.00e+00	0.00e+00	0.00e+00	2.79e-15	5.66e-15	3.14e-62
 2.64456e+14	3.08e-20	1.03e-14	5.77e-10	6.76e-06	3.81e-01	6.12e-01	7.50e-03	0.00e+00	0.00e+00	0.00e+00	3.40e-15	6.90e-15	5.86e-62
 2.73682e+14	4.22e-20	1.32e-14	6.92e-10	7.57e-06	3.97e-01	5.96e-01	6.81e-03	0.00e+00	0.00e+00	0.00e+00	4.36e-15	8.85e-15	1.29e-61
 2.83092e+14	5.75e-20	1.69e-14	8.27e-10	8.45e-06	4.14e-01	5.80e-01	6.18e-03	0.00e+00	0.00e+00	0.00e+00	5.56e-15	1.13e-14	2.80e-61
 2.90777e+14	7.34e-20	2.04e-14	9.51e-10	9.21e-06	4.28e-01	5.67e-01	5.73e-03	0.00e+00	0.00e+00	0.00e+00	6.74e-15	1.37e-14	5.17e-61
 2.98805e+14	9.41e-20	2.48e-14	1.10e-09	1.00e-05	4.41e-01	5.53e-01	5.29e-03	0.00e+00	0.00e+00	0.00e+00	8.18e-15	1.66e-14	9.64e-61
 3.09242e+14	1.28e-19	3.17e-14	1.31e-09	1.12e-05	4.59e-01	5.36e-01	4.78e-03	0.00e+00	0.00e+00	0.00e+00	1.04e-14	2.13e-14	2.11e-60
 3.20280e+14	1.76e-19	4.07e-14	1.57e-09	1.25e-05	4.77e-01	5.19e-01	4.31e-03	0.00e+00	0.00e+00	0.00e+00	1.34e-14	2.73e-14	4.72e-60
 3.29898e+14	2.30e-19	5.01e-14	1.82e-09	1.37e-05	4.92e-01	5.04e-01	3.95e-03	0.00e+00	0.00e+00	0.00e+00	1.65e-14	3.36e-14	9.29e-60
 3.40202e+14	3.02e-19	6.21e-14	2.12e-09	1.50e-05	5.07e-01	4.89e-01	3.59e-03	0.00e+00	0.00e+00	0.00e+00	2.04e-14	4.17e-14	1.88e-59
 3.52961e+14	4.20e-19	8.03e-14	2.56e-09	1.68e-05	5.26e-01	4.71e-01	3.21e-03	0.00e+00	0.00e+00	0.00e+00	2.64e-14	5.39e-14	4.35e-59
 3.66051e+14	5.79e-19	1.03e-13	3.06e-09	1.87e-05	5.44e-01	4.53e-01	2.87e-03	0.00e+00	0.00e+00	0.00e+00	3.40e-14	6.95e-14	9.98e-59
 3.77771e+14	7.65e-19	1.29e-13	3.58e-09	2.05e-05	5.60e-01	4.37e-01	2.60e-03	0.00e+00	0.00e+00	0.00e+00	4.22e-14	8.63e-14	2.05e-58
 3.90573e+14	1.02e-18	1.62e-13	4.21e-09	2.26e-05	5.77e-01	4.21e-01	2.34e-03	0.00e+00	0.00e+00	0.00e+00	5.31e-14	1.09e-13	4.37e-58
 4.05780e+14	1.43e-18	2.10e-13	5.07e-09	2.52e-05	5.96e-01	4.02e-01	2.07e-03	0.00e+00	0.00e+00	0.00e+00	6.88e-14	1.41e-13	1.04e-57
 4.20852e+14	1.96e-18	2.69e-13	6.05e-09	2.79e-05	6.13e-01	3.85e-01	1.84e-03	0.00e+00	0.00e+00	0.00e+00	8.81e-14	1.81e-13	2.38e-57
 4.34711e+14	2.60e-18	3.35e-13	7.06e-09	3.06e-05	6.29e-01	3.69e-01	1.65e-03	0.00e+00	0.00e+00	0.00e+00	1.10e-13	2.25e-13	4.96e-57
 4.46683e+14	3.28e-18	4.02e-13	8.04e-09	3.30e-05	6.42e-01	3.57e-01	1.51e-03	0.00e+00	0.00e+00	0.00e+00	1.32e-13	2.70e-13	9.16e-57
 4.56818e+14	3.98e-18	4.67e-13	8.94e-09	3.51e-05	6.52e-01	3.46e-01	1.40e-03	0.00e+00	0.00e+00	0.00e+00	1.53e-13	3.14e-13	1.52e-56
 4.68136e+14	4.90e-18	5.50e-13	1.00e-08	3.75e-05	6.63e-01	3.35e-01	1.29e-03	0.00e+00	0.00e+00	0.00e+00	1.80e-13	3.70e-13	2.64e-56
 4.82850e+14	6.38e-18	6.76e-13	1.16e-08	4.08e-05	6.77e-01	3.21e-01	1.16e-03	0.00e+00	0.00e+00	0.00e+00	2.21e-13	4.55e-13	5.30e-56
 4.98179e+14	8.31e-18	8.32e-13	1.34e-08	4.43e-05	6.91e-01	3.08e-01	1.04e-03	0.00e+00	0.00e+00	0.00e+00	2.72e-13	5.60e-13	1.07e-55
 5.11087e+14	1.03e-17	9.85e-13	1.51e-08	4.75e-05	7.02e-01	2.97e-01	9.55e-04	0.00e+00	0.00e+00	0.00e+00	3.22e-13	6.63e-13	1.90e-55
 5.24649e+14	1.28e-17	1.17e-12	1.71e-08	5.09e-05	7.13e-01	2.86e-01	8.72e-04	0.00e+00	0.00e+00	0.00e+00	3.82e-13	7.88e-13	3.42e-55
 5.42279e+14	1.69e-17	1.45e-12	1.99e-08	5.55e-05	7.27e-01	2.72e-01	7.75e-04	0.00e+00	0.00e+00	0.00e+00	4.74e-13	9.79e-13	7.15e-55
 5.60514e+14	2.23e-17	1.81e-12	2.32e-08	6.05e-05	7.40e-01	2.59e-01	6.90e-04	0.00e+00	0.00e+00	0.00e+00	5.89e-13	1.22e-12	1.50e-54
 5.75752e+14	2.78e-17	2.15e-12	2.62e-08	6.48e-05	7.51e-01	2.48e-01	6.26e-04	0.00e+00	0.00e+00	0.00e+00	7.01e-13	1.45e-12	2.72e-54
 5.91777e+14	3.49e-17	2.57e-12	2.97e-08	6.95e-05	7.61e-01	2.38e-01	5.67e-04	0.00e+00	0.00e+00	0.00e+00	8.37e-13	1.73e-12	5.01e-54
 6.12609e+14	4.64e-17	3.21e-12	3.48e-08	7.60e-05	7.74e-01	2.25e-01	4.99e-04	3.75e-18	1.13e-17	1.88e-17	1.05e-12	2.17e-12	1.08e-53
 6.34405e+14	6.16e-17	4.02e-12	4.07e-08	8.30e-05	7.87e-01	2.13e-01	4.39e-04	4.99e-18	1.50e-17	2.50e-17	1.31e-12	2.71e-12	2.34e-53
 6.53084e+14	7.79e-17	4.85e-12	4.64e-08	8.93e-05	7.97e-01	2.03e-01	3.94e-04	6.31e-18	1.89e-17	3.17e-17	1.58e-12	3.27e-12	4.44e-53
 6.72999e+14	9.94e-17	5.87e-12	5.32e-08	9.63e-05	8.07e-01	1.93e-01	3.52e-04	8.04e-18	2.42e-17	4.04e-17	1.91e-12	3.96e-12	8.60e-53
 6.97955e+14	1.33e-16	7.41e-12	6.26e-08	1.05e-04	8.18e-01	1.81e-01	3.06e-04	1.08e-17	3.24e-17	5.42e-17	2.41e-12	5.00e-12	1.92e-52
 7.23590e+14	1.77e-16	9.31e-12	7.36e-08	1.15e-04	8.29e-01	1.70e-01	2.67e-04	1.44e-17	4.32e-17	7.22e-17	3.02e-12	6.29e-12	4.23e-52
 7.45997e+14	2.26e-16	1.13e-11	8.43e-08	1.24e-04	8.38e-01	1.62e-01	2.37e-04	1.83e-17	5.49e-17	9.19e-17	3.66e-12	7.63e-12	8.23e-52
 7.70085e+14	2.90e-16	1.38e-11	9.71e-08	1.34e-04	8.47e-01	1.53e-01	2.09e-04	2.35e-17	7.07e-17	1.18e-16	4.47e-12	9.32e-12	1.65e-51
 7.99389e+14	3.89e-16	1.74e-11	1.15e-07	1.47e-04	8.57e-01	1.43e-01	1.81e-04	3.15e-17	9.48e-17	1.58e-16	5.65e-12	1.18e-11	3.71e-51
 8.28474e+14	5.14e-16	2.18e-11	1.34e-07	1.61e-04	8.66e-01	1.34e-01	1.57e-04	4.16e-17	1.25e-16	2.09e-16	7.07e-12	1.47e-11	8.06e-51
 8.53967e+14	6.49e-16	2.64e-11	1.53e-07	1.73e-04	8.73e-01	1.26e-01	1.39e-04	5.27e-17	1.58e-16	2.64e-16	8.53e-12	1.78e-11	1.56e-50
 8.81791e+14	8.32e-16	3.22e-11	1.76e-07	1.87e-04	8.81e-01	1.19e-01	1.22e-04	6.75e-17	2.03e-16	3.39e-16	1.04e-11	2.17e-11	3.11e-50
 9.15483e+14	1.11e-15	4.06e-11	2.08e-07	2.04e-04	8.89e-01	1.11e-01	1.05e-04	9.00e-17	2.70e-16	4.52e-16	1.31e-11	2.74e-11	6.99e-50
 9.47100e+14	1.43e-15	5.00e-11	2.41e-07	2.22e-04	8.96e-01	1.04e-01	9.14e-05	1.16e-16	3.49e-16	5.84e-16	1.62e-11	3.38e-11	1.45e-49
 9.72054e+14	1.74e-15	5.87e-11	2.70e-07	2.36e-04	9.01e-01	9.85e-02	8.21e-05	1.41e-16	4.25e-16	7.11e-16	1.90e-11	3.97e-11	2.53e-49
 9.94422e+14	2.07e-15	6.74e-11	2.99e-07	2.49e-04	9.05e-01	9.42e-02	7.48e-05	1.68e-16	5.04e-16	8.43e-16	2.18e-11	4.56e-11	4.12e-49
 1.01987e+15	2.50e-15	7.87e-11	3.33e-07	2.64e-04	9.10e-01	8.96e-02	6.74e-05	2.03e-16	6.11e-16	1.02e-15	2.54e-11	5.33e-11	7.09e-49
 1.05295e+15	3.18e-15	9.57e-11	3.83e-07	2.85e-04	9.16e-01	8.41e-02	5.89e-05	2.59e-16	7.77e-16	1.30e-15	3.09e-11	6.48e-11	1.40e-48
 1.08653e+15	4.01e-15	1.16e-10	4.39e-07	3.07e-04	9.21e-01	7.90e-02	5.17e-05	3.26e-16	9.80e-16	1.64e-15	3.74e-11	7.84e-11	2.74e-48
 1.11351e+15	4.80e-15	1.34e-10	4.87e-07	3.25e-04	9.24e-01	7.52e-02	4.67e-05	3.91e-16	1.17e-15	1.96e-15	4.34e-11	9.10e-11	4.62e-48
 1.14134e+15	5.76e-15	1.56e-10	5.42e-07	3.45e-04	9.28e-01	7.15e-02	4.20e-05	4.69e-16	1.41e-15	2.36e-15	5.04e-11	1.06e-10	7.80e-48
 1.17753e+15	7.27e-15	1.89e-10	6.21e-07	3.72e-04	9.33e-01	6.70e-02	3.68e-05	5.92e-16	1.78e-15	2.97e-15	6.08e-11	1.28e-10	1.52e-47
 1.21541e+15	9.14e-15	2.28e-10	7.12e-07	4.00e-04	9.37e-01	6.28e-02	3.22e-05	7.45e-16	2.24e-15	3.74e-15	7.36e-11	1.55e-10	2.98e-47
 1.24775e+15	1.10e-14	2.67e-10	7.96e-07	4.25e-04	9.40e-01	5.95e-02	2.88e-05	9.01e-16	2.71e-15	4.52e-15	8.62e-11	1.81e-10	5.18e-47
 1.28201e+15	1.35e-14	3.14e-10	8.94e-07	4.53e-04	9.43e-01	5.62e-02	2.56e-05	1.10e-15	3.30e-15	5.52e-15	1.01e-10	2.13e-10	9.19e-47
 1.32656e+15	1.73e-14	3.86e-10	1.04e-06	4.91e-04	9.47e-01	5.23e-02	2.21e-05	1.41e-15	4.24e-15	7.09e-15	1.24e-10	2.61e-10	1.90e-46
 1.37262e+15	2.20e-14	4.73e-10	1.20e-06	5.32e-04	9.51e-01	4.87e-02	1.91e-05	1.80e-15	5.40e-15	9.04e-15	1.52e-10	3.20e-10	3.90e-46
 1.41131e+15	2.68e-14	5.57e-10	1.35e-06	5.67e-04	9.53e-01	4.59e-02	1.69e-05	2.19e-15	6.58e-15	1.10e-14	1.80e-10	3.78e-10	7.01e-46
 1.45228e+15	3.30e-14	6.60e-10	1.52e-06	6.06e-04	9.56e-01	4.32e-02	1.50e-05	2.69e-15	8.09e-15	1.35e-14	2.13e-10	4.47e-10	1.28e-45
 1.50495e+15	4.26e-14	8.16e-10	1.77e-06	6.59e-04	9.59e-01	4.00e-02	1.28e-05	3.48e-15	1.05e-14	1.75e-14	2.63e-10	5.53e-10	2.71e-45
 1.56036e+15	5.48e-14	1.01e-09	2.07e-06	7.17e-04	9.62e-01	3.70e-02	1.09e-05	4.49e-15	1.35e-14	2.25e-14	3.26e-10	6.84e-10	5.78e-45
 1.60909e+15	6.80e-14	1.21e-09	2.36e-06	7.69e-04	9.65e-01	3.47e-02	9.55e-06	5.57e-15	1.67e-14	2.80e-14	3.90e-10	8.20e-10	1.10e-44
 1.66163e+15	8.53e-14	1.46e-09	2.70e-06	8.29e-04	9.67e-01	3.23e-02	8.28e-06	6.99e-15	2.10e-14	3.51e-14	4.71e-10	9.89e-10	2.14e-44
 1.72517e+15	1.11e-13	1.82e-09	3.17e-06	9.05e-04	9.69e-01	2.98e-02	7.02e-06	9.10e-15	2.73e-14	4.57e-14	5.88e-10	1.23e-09	4.70e-44
 1.78874e+15	1.34e-13	2.25e-09	3.69e-06	9.84e-04	9.72e-01	2.75e-02	5.97e-06	1.10e-14	3.31e-14	5.53e-14	7.25e-10	1.52e-09	9.74e-44
 1.83765e+15	1.60e-13	2.63e-09	4.14e-06	1.05e-03	9.73e-01	2.59e-02	5.30e-06	1.31e-14	3.94e-14	6.59e-14	8.48e-10	1.78e-09	1.70e-43
 1.87425e+15	1.82e-13	2.94e-09	4.49e-06	1.10e-03	9.74e-01	2.48e-02	4.85e-06	1.50e-14	4.49e-14	7.51e-14	9.51e-10	1.99e-09	2.54e-43
 1.91431e+15	2.10e-13	3.33e-09	4.91e-06	1.15e-03	9.75e-01	2.36e-02	4.41e-06	1.73e-14	5.18e-14	8.67e-14	1.07e-09	2.25e-09	3.93e-43
 1.96638e+15	2.52e-13	3.89e-09	5.50e-06	1.23e-03	9.76e-01	2.23e-02	3.91e-06	2.07e-14	6.22e-14	1.04e-13	1.26e-09	2.63e-09	6.84e-43
 2.02344e+15	3.03e-13	4.58e-09	6.21e-06	1.31e-03	9.78e-01	2.09e-02	3.43e-06	2.49e-14	7.49e-14	1.25e-13	1.48e-09	3.10e-09	1.23e-42
 2.07514e+15	3.56e-13	5.29e-09	6.90e-06	1.39e-03	9.79e-01	1.97e-02	3.06e-06	2.93e-14	8.81e-14	1.47e-13	1.71e-09	3.58e-09	2.05e-42
 2.13050e+15	4.24e-13	6.15e-09	7.71e-06	1.48e-03	9.80e-01	1.86e-02	2.72e-06	3.49e-14	1.05e-13	1.75e-13	1.99e-09	4.16e-09	3.52e-42
 2.20247e+15	5.26e-13	7.44e-09	8.87e-06	1.60e-03	9.81e-01	1.72e-02	2.33e-06	4.34e-14	1.30e-13	2.18e-13	2.41e-09	5.03e-09	6.95e-42
 2.27446e+15	6.41e-13	8.93e-09	1.02e-05	1.72e-03	9.82e-01	1.60e-02	2.01e-06	5.30e-14	1.59e-13	2.66e-13	2.89e-09	6.04e-09	1.32e-41
 2.33077e+15	7.46e-13	1.02e-08	1.12e-05	1.82e-03	9.83e-01	1.51e-02	1.80e-06	6.16e-14	1.85e-13	3.09e-13	3.32e-09	6.93e-09	2.21e-41
 2.38827e+15	8.70e-13	1.18e-08	1.25e-05	1.93e-03	9.84e-01	1.43e-02	1.61e-06	7.19e-14	2.16e-13	3.61e-13	3.80e-09	7.95e-09	3.59e-41
 2.46302e+15	1.06e-12	1.40e-08	1.42e-05	2.08e-03	9.85e-01	1.33e-02	1.39e-06	8.75e-14	2.63e-13	4.39e-13	4.52e-09	9.45e-09	6.66e-41
 2.54299e+15	1.28e-12	1.67e-08	1.62e-05	2.24e-03	9.85e-01	1.23e-02	1.20e-06	1.06e-13	3.19e-13	5.33e-13	5.41e-09	1.13e-08	1.26e-40
 2.61333e+15	1.50e-12	1.94e-08	1.82e-05	2.40e-03	9.86e-01	1.16e-02	1.05e-06	1.25e-13	3.74e-13	6.26e-13	6.30e-09	1.31e-08	2.16e-40
 2.68834e+15	1.79e-12	2.27e-08	2.05e-05	2.56e-03	9.87e-01	1.08e-02	9.21e-07	1.49e-13	4.46e-13	7.46e-13	7.37e-09	1.54e-08	3.82e-40
 2.78537e+15	2.22e-12	2.77e-08	2.38e-05	2.79e-03	9.87e-01	9.94e-03	0.00e+00	1.85e-13	5.55e-13	9.28e-13	8.97e-09	1.87e-08	7.77e-40
 2.88565e+15	2.72e-12	3.36e-08	2.75e-05	3.04e-03	9.88e-01	9.13e-03	0.00e+00	2.26e-13	6.80e-13	1.14e-12	1.09e-08	2.27e-08	1.56e-39
 2.97025e+15	3.20e-12	3.93e-08	3.11e-05	3.26e-03	9.88e-01	8.52e-03	0.00e+00	2.67e-13	8.01e-13	1.34e-12	1.28e-08	2.65e-08	2.76e-39
 3.05984e+15	3.83e-12	4.63e-08	3.52e-05	3.49e-03	9.89e-01	7.93e-03	0.00e+00	3.19e-13	9.59e-13	1.60e-12	1.50e-08	3.13e-08	5.00e-39
 3.17269e+15	4.69e-12	5.62e-08	4.09e-05	3.82e-03	9.89e-01	7.25e-03	0.00e+00	3.92e-13	1.18e-12	1.97e-12	1.83e-08	3.79e-08	1.01e-38
 3.28981e+15	5.71e-12	6.82e-08	4.76e-05	4.17e-03	9.89e-01	6.63e-03	0.00e+00	4.78e-13	1.44e-12	2.40e-12	2.22e-08	4.60e-08	2.05e-38
 3.37904e+15	6.53e-12	7.87e-08	5.31e-05	4.45e-03	9.89e-01	6.21e-03	0.00e+00	5.47e-13	1.64e-12	2.75e-12	2.56e-08	5.31e-08	3.43e-38
 3.44419e+15	7.22e-12	8.70e-08	5.75e-05	4.66e-03	9.89e-01	5.92e-03	0.00e+00	6.06e-13	1.82e-12	3.04e-12	2.83e-08	5.87e-08	4.96e-38
 3.51508e+15	8.12e-12	9.70e-08	6.26e-05	4.90e-03	9.89e-01	5.63e-03	0.00e+00	6.82e-13	2.05e-12	3.42e-12	3.16e-08	6.54e-08	7.41e-38
 3.60723e+15	9.35e-12	1.11e-07	6.97e-05	5.22e-03	9.89e-01	5.28e-03	0.00e+00	7.86e-13	2.36e-12	3.94e-12	3.63e-08	7.50e-08	1.24e-37
 3.70803e+15	1.08e-11	1.29e-07	7.81e-05	5.58e-03	9.89e-01	4.93e-03	0.00e+00	9.09e-13	2.73e-12	4.56e-12	4.20e-08	8.68e-08	2.13e-37
 3.79920e+15	1.22e-11	1.46e-07	8.63e-05	5.92e-03	9.89e-01	4.64e-03	0.00e+00	1.03e-12	3.09e-12	5.17e-12	4.77e-08	9.85e-08	3.42e-37
 3.89686e+15	1.40e-11	1.67e-07	9.59e-05	6.30e-03	9.89e-01	4.35e-03	0.00e+00	1.18e-12	3.56e-12	5.94e-12	5.45e-08	1.13e-07	5.64e-37
 4.00721e+15	1.62e-11	1.93e-07	1.08e-04	6.75e-03	9.89e-01	4.05e-03	0.00e+00	1.37e-12	4.11e-12	6.87e-12	6.32e-08	1.30e-07	9.76e-37
 4.11102e+15	1.84e-11	2.21e-07	1.19e-04	7.19e-03	9.89e-01	3.80e-03	0.00e+00	1.56e-12	4.68e-12	7.82e-12	7.22e-08	1.49e-07	1.60e-36
 4.20815e+15	2.08e-11	2.49e-07	1.31e-04	7.61e-03	9.89e-01	3.58e-03	0.00e+00	1.76e-12	5.30e-12	8.85e-12	8.14e-08	1.68e-07	2.52e-36
 4.31960e+15	2.39e-11	2.86e-07	1.46e-04	8.11e-03	9.88e-01	3.35e-03	0.00e+00	2.03e-12	6.08e-12	1.02e-11	9.35e-08	1.93e-07	4.23e-36
 4.44533e+15	2.76e-11	3.32e-07	1.65e-04	8.70e-03	9.88e-01	3.11e-03	0.00e+00	2.35e-12	7.04e-12	1.18e-11	1.09e-07	2.23e-07	7.41e-36
 4.56461e+15	3.15e-11	3.81e-07	1.84e-04	9.29e-03	9.88e-01	2.91e-03	0.00e+00	2.68e-12	8.03e-12	1.34e-11	1.25e-07	2.56e-07	1.24e-35
 4.69466e+15	3.65e-11	4.40e-07	2.06e-04	9.95e-03	9.87e-01	2.71e-03	0.00e+00	3.11e-12	9.34e-12	1.56e-11	1.44e-07	2.96e-07	2.20e-35
 4.83985e+15	4.25e-11	5.15e-07	2.34e-04	1.07e-02	9.87e-01	2.50e-03	0.00e+00	3.62e-12	1.09e-11	1.82e-11	1.69e-07	3.47e-07	4.05e-35
 4.97586e+15	4.87e-11	5.94e-07	2.62e-04	1.15e-02	9.86e-01	2.33e-03	0.00e+00	4.15e-12	1.25e-11	2.08e-11	1.95e-07	3.99e-07	7.03e-35
 5.12383e+15	5.67e-11	6.92e-07	2.95e-04	1.23e-02	9.85e-01	2.16e-03	0.00e+00	4.85e-12	1.46e-11	2.43e-11	2.27e-07	4.65e-07	1.27e-34
 5.31163e+15	6.84e-11	8.34e-07	3.42e-04	1.35e-02	9.84e-01	1.97e-03	0.00e+00	5.86e-12	1.76e-11	2.94e-11	2.74e-07	5.60e-07	2.65e-34
 5.49860e+15	8.04e-11	9.94e-07	3.94e-04	1.47e-02	9.83e-01	1.80e-03	0.00e+00	6.89e-12	2.07e-11	3.45e-11	3.27e-07	6.68e-07	5.19e-34
 5.65185e+15	9.17e-11	1.15e-06	4.40e-04	1.57e-02	9.82e-01	1.68e-03	0.00e+00	7.88e-12	2.36e-11	3.95e-11	3.77e-07	7.70e-07	8.97e-34
 5.81383e+15	1.07e-10	1.33e-06	4.94e-04	1.68e-02	9.81e-01	1.56e-03	0.00e+00	9.16e-12	2.75e-11	4.59e-11	4.38e-07	8.94e-07	1.60e-33
 5.98082e+15	1.22e-10	1.54e-06	5.55e-04	1.80e-02	9.80e-01	1.44e-03	0.00e+00	1.05e-11	3.15e-11	5.26e-11	5.07e-07	1.04e-06	2.80e-33
 6.11616e+15	1.38e-10	1.73e-06	6.08e-04	1.90e-02	9.79e-01	1.36e-03	0.00e+00	1.19e-11	3.56e-11	5.94e-11	5.70e-07	1.16e-06	4.32e-33
 6.25398e+15	1.54e-10	1.95e-06	6.66e-04	2.01e-02	9.78e-01	1.28e-03	0.00e+00	1.33e-11	3.99e-11	6.66e-11	6.42e-07	1.31e-06	6.81e-33
 6.43315e+15	1.77e-10	2.27e-06	7.49e-04	2.15e-02	9.77e-01	1.19e-03	0.00e+00	1.53e-11	4.60e-11	7.67e-11	7.48e-07	1.52e-06	1.20e-32
 6.61835e+15	2.03e-10	2.64e-06	8.41e-04	2.31e-02	9.75e-01	1.11e-03	0.00e+00	1.76e-11	5.27e-11	8.80e-11	8.68e-07	1.77e-06	2.08e-32
 6.77031e+15	2.30e-10	2.97e-06	9.22e-04	2.44e-02	9.74e-01	1.04e-03	0.00e+00	1.99e-11	5.98e-11	9.98e-11	9.78e-07	1.99e-06	3.20e-32
 6.92676e+15	2.59e-10	3.36e-06	1.01e-03	2.58e-02	9.72e-01	9.79e-04	0.00e+00	2.24e-11	6.74e-11	1.12e-10	1.11e-06	2.25e-06	5.08e-32
 7.13014e+15	3.04e-10	3.93e-06	1.15e-03	2.77e-02	9.70e-01	9.05e-04	0.00e+00	2.64e-11	7.93e-11	1.32e-10	1.30e-06	2.63e-06	9.11e-32
 7.34026e+15	3.54e-10	4.58e-06	1.29e-03	2.98e-02	9.68e-01	8.37e-04	0.00e+00	3.08e-11	9.23e-11	1.54e-10	1.51e-06	3.07e-06	1.58e-31
 7.51344e+15	4.00e-10	5.18e-06	1.42e-03	3.15e-02	9.66e-01	7.87e-04	0.00e+00	3.48e-11	1.04e-10	1.74e-10	1.71e-06	3.47e-06	2.44e-31
 7.69286e+15	4.59e-10	5.90e-06	1.57e-03	3.34e-02	9.64e-01	7.38e-04	0.00e+00	4.00e-11	1.20e-10	2.00e-10	1.95e-06	3.95e-06	3.90e-31
 7.92612e+15	5.45e-10	6.95e-06	1.78e-03	3.60e-02	9.62e-01	6.79e-04	0.00e+00	4.76e-11	1.43e-10	2.38e-10	2.29e-06	4.65e-06	7.05e-31
 8.16697e+15	6.42e-10	8.14e-06	2.01e-03	3.87e-02	9.59e-01	6.27e-04	0.00e+00	5.61e-11	1.68e-10	2.81e-10	2.69e-06	5.45e-06	1.22e-30
 8.36742e+15	7.25e-10	9.28e-06	2.23e-03	4.11e-02	9.56e-01	5.87e-04	0.00e+00	6.34e-11	1.90e-10	3.18e-10	3.07e-06	6.22e-06	1.91e-30
 8.57775e+15	8.45e-10	1.07e-05	2.48e-03	4.37e-02	9.53e-01	5.47e-04	0.00e+00	7.40e-11	2.22e-10	3.70e-10	3.53e-06	7.15e-06	3.09e-30
 8.85118e+15	1.02e-09	1.27e-05	2.84e-03	4.73e-02	9.49e-01	5.01e-04	0.00e+00	8.91e-11	2.67e-10	4.46e-10	4.21e-06	8.52e-06	5.69e-30
 9.12897e+15	1.21e-09	1.50e-05	3.23e-03	5.10e-02	9.45e-01	4.60e-04	0.00e+00	1.07e-10	3.20e-10	5.33e-10	4.97e-06	1.01e-05	9.80e-30
 9.35815e+15	1.40e-09	1.72e-05	3.59e-03	5.42e-02	9.42e-01	4.30e-04	0.00e+00	1.23e-10	3.70e-10	6.17e-10	5.70e-06	1.15e-05	1.53e-29
 9.60182e+15	1.66e-09	2.00e-05	4.03e-03	5.79e-02	9.38e-01	3.99e-04	0.00e+00	1.46e-10	4.38e-10	7.31e-10	6.61e-06	1.34e-05	2.50e-29
