#depth	He	He+	He+2
 1.49634e+10	1.35e-22	5.97e-12	1.00e+00
 4.54887e+10	1.54e-22	6.46e-12	1.00e+00
 7.72350e+10	1.74e-22	6.99e-12	1.00e+00
 1.10251e+11	1.97e-22	7.56e-12	1.00e+00
 1.44588e+11	2.23e-22	8.18e-12	1.00e+00
 1.80298e+11	2.53e-22	8.85e-12	1.00e+00
 2.15345e+11	2.85e-22	9.53e-12	1.00e+00
 2.51793e+11	3.21e-22	1.03e-11	1.00e+00
 2.91792e+11	3.66e-22	1.11e-11	1.00e+00
 3.27556e+11	4.11e-22	1.19e-11	1.00e+00
 3.56923e+11	4.50e-22	1.26e-11	1.00e+00
 3.89109e+11	4.94e-22	1.33e-11	1.00e+00
 4.30410e+11	5.58e-22	1.43e-11	1.00e+00
 4.74586e+11	6.36e-22	1.54e-11	1.00e+00
 5.14695e+11	7.12e-22	1.64e-11	1.00e+00
 5.58494e+11	7.99e-22	1.76e-11	1.00e+00
 6.09878e+11	9.18e-22	1.90e-11	1.00e+00
 6.60759e+11	1.05e-21	2.05e-11	1.00e+00
 7.05736e+11	1.17e-21	2.18e-11	1.00e+00
 7.53401e+11	1.31e-21	2.33e-11	1.00e+00
 8.07182e+11	1.50e-21	2.50e-11	1.00e+00
 8.58456e+11	1.68e-21	2.67e-11	1.00e+00
 9.14653e+11	1.90e-21	2.86e-11	1.00e+00
 9.76454e+11	2.19e-21	3.08e-11	1.00e+00
 1.03329e+12	2.47e-21	3.29e-11	1.00e+00
 1.09494e+12	2.79e-21	3.53e-11	1.00e+00
 1.16391e+12	3.21e-21	3.80e-11	1.00e+00
 1.22908e+12	3.65e-21	4.07e-11	1.00e+00
 1.30027e+12	4.15e-21	4.37e-11	1.00e+00
 1.37935e+12	4.82e-21	4.73e-11	1.00e+00
 1.45370e+12	5.50e-21	5.07e-11	1.00e+00
 1.53388e+12	6.28e-21	5.46e-11	1.00e+00
 1.62331e+12	7.31e-21	5.90e-11	1.00e+00
 1.70997e+12	8.40e-21	6.36e-11	1.00e+00
 1.79094e+12	9.53e-21	6.80e-11	1.00e+00
 1.88064e+12	1.09e-20	7.30e-11	1.00e+00
 1.98167e+12	1.26e-20	7.90e-11	1.00e+00
 2.07837e+12	1.45e-20	8.49e-11	1.00e+00
 2.18220e+12	1.67e-20	9.16e-11	1.00e+00
 2.28317e+12	1.92e-20	9.83e-11	1.00e+00
 2.36275e+12	2.12e-20	1.04e-10	1.00e+00
 2.44569e+12	2.35e-20	1.10e-10	1.00e+00
 2.55352e+12	2.68e-20	1.18e-10	1.00e+00
 2.66854e+12	3.09e-20	1.27e-10	1.00e+00
 2.77010e+12	3.48e-20	1.35e-10	1.00e+00
 2.87932e+12	3.92e-20	1.44e-10	1.00e+00
 3.01484e+12	4.55e-20	1.56e-10	1.00e+00
 3.15256e+12	5.29e-20	1.69e-10	1.00e+00
 3.27448e+12	6.00e-20	1.81e-10	1.00e+00
 3.40783e+12	6.84e-20	1.94e-10	1.00e+00
 3.56783e+12	8.00e-20	2.11e-10	1.00e+00
 3.71811e+12	9.27e-20	2.28e-10	1.00e+00
 3.84045e+12	1.04e-19	2.43e-10	1.00e+00
 3.97084e+12	1.16e-19	2.60e-10	1.00e+00
 4.14036e+12	1.34e-19	2.82e-10	1.00e+00
 4.31641e+12	1.57e-19	3.07e-10	1.00e+00
 4.46358e+12	1.77e-19	3.29e-10	1.00e+00
 4.61755e+12	1.99e-19	3.53e-10	1.00e+00
 4.81363e+12	2.32e-19	3.86e-10	1.00e+00
 5.01321e+12	2.71e-19	4.22e-10	1.00e+00
 5.18094e+12	3.06e-19	4.54e-10	1.00e+00
 5.35851e+12	3.45e-19	4.90e-10	1.00e+00
 5.58302e+12	4.02e-19	5.39e-10	1.00e+00
 5.80357e+12	4.68e-19	5.90e-10	1.00e+00
 5.97992e+12	5.26e-19	6.33e-10	1.00e+00
 6.16379e+12	5.90e-19	6.81e-10	1.00e+00
 6.39882e+12	6.83e-19	7.46e-10	1.00e+00
 6.64509e+12	7.94e-19	8.18e-10	1.00e+00
 6.86175e+12	8.97e-19	8.85e-10	1.00e+00
 7.07730e+12	1.01e-18	9.55e-10	1.00e+00
 7.32422e+12	1.14e-18	1.04e-09	1.00e+00
 7.59735e+12	1.31e-18	1.14e-09	1.00e+00
 7.84493e+12	1.47e-18	1.23e-09	1.00e+00
 8.04956e+12	1.61e-18	1.31e-09	1.00e+00
 8.27334e+12	1.77e-18	1.40e-09	1.00e+00
 8.56426e+12	2.00e-18	1.52e-09	1.00e+00
 8.86718e+12	2.26e-18	1.65e-09	1.00e+00
 9.12241e+12	2.50e-18	1.77e-09	1.00e+00
 9.39091e+12	2.75e-18	1.90e-09	1.00e+00
 9.73996e+12	3.12e-18	2.07e-09	1.00e+00
 1.00989e+13	3.53e-18	2.25e-09	1.00e+00
 1.03954e+13	3.90e-18	2.41e-09	1.00e+00
 1.07058e+13	4.29e-18	2.58e-09	1.00e+00
 1.11093e+13	4.87e-18	2.81e-09	1.00e+00
 1.15292e+13	5.53e-18	3.06e-09	1.00e+00
 1.18840e+13	6.13e-18	3.28e-09	1.00e+00
 1.22587e+13	6.79e-18	3.51e-09	1.00e+00
 1.27349e+13	7.73e-18	3.83e-09	1.00e+00
 1.32264e+13	8.80e-18	4.17e-09	1.00e+00
 1.36470e+13	9.79e-18	4.47e-09	1.00e+00
 1.40920e+13	1.09e-17	4.80e-09	1.00e+00
 1.46453e+13	1.25e-17	5.23e-09	1.00e+00
 1.52111e+13	1.42e-17	5.69e-09	1.00e+00
 1.56681e+13	1.57e-17	6.07e-09	1.00e+00
 1.60533e+13	1.70e-17	6.41e-09	1.00e+00
 1.64953e+13	1.87e-17	6.81e-09	1.00e+00
 1.69870e+13	2.07e-17	7.27e-09	1.00e+00
 1.74465e+13	2.27e-17	7.71e-09	1.00e+00
 1.79470e+13	2.50e-17	8.21e-09	1.00e+00
 1.85038e+13	2.78e-17	8.78e-09	1.00e+00
 1.90251e+13	3.06e-17	9.34e-09	1.00e+00
 1.95943e+13	3.38e-17	9.97e-09	1.00e+00
 2.02298e+13	3.78e-17	1.07e-08	1.00e+00
 2.08320e+13	4.18e-17	1.14e-08	1.00e+00
 2.14953e+13	4.65e-17	1.22e-08	1.00e+00
 2.22352e+13	5.22e-17	1.32e-08	1.00e+00
 2.29280e+13	5.80e-17	1.41e-08	1.00e+00
 2.36821e+13	6.46e-17	1.52e-08	1.00e+00
 2.45335e+13	7.30e-17	1.65e-08	1.00e+00
 2.53563e+13	8.16e-17	1.77e-08	1.00e+00
 2.62706e+13	9.21e-17	1.92e-08	1.00e+00
 2.72990e+13	1.05e-16	2.09e-08	1.00e+00
 2.82380e+13	1.18e-16	2.26e-08	1.00e+00
 2.90787e+13	1.30e-16	2.42e-08	1.00e+00
 2.98566e+13	1.43e-16	2.57e-08	1.00e+00
 3.06955e+13	1.57e-16	2.73e-08	1.00e+00
 3.16274e+13	1.75e-16	2.93e-08	1.00e+00
 3.24939e+13	1.92e-16	3.11e-08	1.00e+00
 3.34342e+13	2.12e-16	3.32e-08	1.00e+00
 3.44855e+13	2.37e-16	3.56e-08	1.00e+00
 3.54744e+13	2.62e-16	3.80e-08	1.00e+00
 3.65533e+13	2.92e-16	4.06e-08	1.00e+00
 3.77610e+13	3.28e-16	4.37e-08	1.00e+00
 3.89023e+13	3.66e-16	4.68e-08	1.00e+00
 4.01520e+13	4.11e-16	5.02e-08	1.00e+00
 4.15586e+13	4.68e-16	5.42e-08	1.00e+00
 4.29033e+13	5.27e-16	5.82e-08	1.00e+00
 4.43855e+13	5.99e-16	6.26e-08	1.00e+00
 4.61428e+13	6.95e-16	6.82e-08	1.00e+00
 4.78772e+13	8.01e-16	7.39e-08	1.00e+00
 4.94830e+13	9.09e-16	7.93e-08	1.00e+00
 5.09439e+13	1.02e-15	8.44e-08	1.00e+00
 5.22771e+13	1.12e-15	8.92e-08	1.00e+00
 5.38021e+13	1.26e-15	9.48e-08	1.00e+00
 5.57723e+13	1.45e-15	1.02e-07	1.00e+00
 5.77981e+13	1.66e-15	1.10e-07	1.00e+00
 5.94424e+13	1.86e-15	1.17e-07	1.00e+00
 6.11141e+13	2.07e-15	1.24e-07	1.00e+00
 6.32873e+13	2.37e-15	1.33e-07	1.00e+00
 6.55846e+13	2.73e-15	1.43e-07	1.00e+00
 6.75799e+13	3.07e-15	1.52e-07	1.00e+00
 6.97103e+13	3.46e-15	1.62e-07	1.00e+00
 7.23477e+13	4.00e-15	1.74e-07	1.00e+00
 7.50582e+13	4.62e-15	1.88e-07	1.00e+00
 7.74938e+13	5.24e-15	2.01e-07	1.00e+00
 8.01582e+13	5.98e-15	2.15e-07	1.00e+00
 8.33123e+13	6.95e-15	2.32e-07	1.00e+00
 8.64225e+13	8.02e-15	2.50e-07	1.00e+00
 8.91431e+13	9.05e-15	2.66e-07	1.00e+00
 9.20379e+13	1.02e-14	2.84e-07	1.00e+00
 9.52980e+13	1.17e-14	3.04e-07	1.00e+00
 9.84036e+13	1.33e-14	3.25e-07	1.00e+00
 1.01217e+14	1.48e-14	3.44e-07	1.00e+00
 1.03789e+14	1.64e-14	3.62e-07	1.00e+00
 1.06639e+14	1.82e-14	3.82e-07	1.00e+00
 1.09845e+14	2.04e-14	4.06e-07	1.00e+00
 1.12886e+14	2.27e-14	4.29e-07	1.00e+00
 1.16213e+14	2.54e-14	4.55e-07	1.00e+00
 1.19884e+14	2.87e-14	4.85e-07	1.00e+00
 1.23271e+14	3.19e-14	5.13e-07	1.00e+00
 1.26944e+14	3.58e-14	5.45e-07	1.00e+00
 1.31055e+14	4.05e-14	5.82e-07	1.00e+00
 1.34942e+14	4.53e-14	6.18e-07	1.00e+00
 1.39200e+14	5.11e-14	6.58e-07	1.00e+00
 1.43947e+14	5.82e-14	7.06e-07	1.00e+00
 1.48414e+14	6.55e-14	7.51e-07	1.00e+00
 1.53307e+14	7.42e-14	8.03e-07	1.00e+00
 1.58804e+14	8.50e-14	8.64e-07	1.00e+00
 1.64042e+14	9.63e-14	9.24e-07	1.00e+00
 1.69804e+14	1.10e-13	9.92e-07	1.00e+00
 1.76181e+14	1.27e-13	1.07e-06	1.00e+00
 1.82087e+14	1.44e-13	1.15e-06	1.00e+00
 1.88494e+14	1.64e-13	1.23e-06	1.00e+00
 1.95679e+14	1.89e-13	1.33e-06	1.00e+00
 2.02473e+14	2.15e-13	1.43e-06	1.00e+00
 2.09834e+14	2.46e-13	1.54e-06	1.00e+00
 2.18039e+14	2.84e-13	1.66e-06	1.00e+00
 2.25123e+14	3.20e-13	1.77e-06	1.00e+00
 2.30512e+14	3.50e-13	1.86e-06	1.00e+00
 2.35991e+14	3.82e-13	1.95e-06	1.00e+00
 2.43113e+14	4.27e-13	2.08e-06	1.00e+00
 2.50707e+14	4.78e-13	2.21e-06	1.00e+00
 2.57360e+14	5.27e-13	2.33e-06	1.00e+00
 2.64456e+14	5.82e-13	2.47e-06	1.00e+00
 2.73682e+14	6.60e-13	2.65e-06	1.00e+00
 2.83092e+14	7.47e-13	2.84e-06	1.00e+00
 2.90777e+14	8.24e-13	2.99e-06	1.00e+00
 2.98805e+14	9.09e-13	3.16e-06	1.00e+00
 3.09242e+14	1.03e-12	3.39e-06	1.00e+00
 3.20280e+14	1.17e-12	3.64e-06	1.00e+00
 3.29898e+14	1.30e-12	3.87e-06	1.00e+00
 3.40202e+14	1.45e-12	4.12e-06	1.00e+00
 3.52961e+14	1.65e-12	4.44e-06	1.00e+00
 3.66051e+14	1.88e-12	4.77e-06	1.00e+00
 3.77771e+14	2.10e-12	5.09e-06	1.00e+00
 3.90573e+14	2.36e-12	5.44e-06	1.00e+00
 4.05780e+14	2.70e-12	5.88e-06	1.00e+00
 4.20852e+14	3.07e-12	6.33e-06	1.00e+00
 4.34711e+14	3.44e-12	6.76e-06	1.00e+00
 4.46683e+14	3.78e-12	7.14e-06	1.00e+00
 4.56818e+14	4.09e-12	7.47e-06	1.00e+00
 4.68136e+14	4.46e-12	7.85e-06	1.00e+00
 4.82850e+14	4.97e-12	8.36e-06	1.00e+00
 4.98179e+14	5.54e-12	8.91e-06	1.00e+00
 5.11087e+14	6.06e-12	9.39e-06	1.00e+00
 5.24649e+14	6.65e-12	9.90e-06	1.00e+00
 5.42279e+14	7.47e-12	1.06e-05	1.00e+00
 5.60514e+14	8.39e-12	1.13e-05	1.00e+00
 5.75752e+14	9.22e-12	1.20e-05	1.00e+00
 5.91777e+14	1.02e-11	1.27e-05	1.00e+00
 6.12609e+14	1.15e-11	1.36e-05	1.00e+00
 6.34405e+14	1.30e-11	1.46e-05	1.00e+00
 6.53084e+14	1.44e-11	1.55e-05	1.00e+00
 6.72999e+14	1.61e-11	1.65e-05	1.00e+00
 6.97955e+14	1.84e-11	1.79e-05	1.00e+00
 7.23590e+14	2.09e-11	1.93e-05	1.00e+00
 7.45997e+14	2.34e-11	2.05e-05	1.00e+00
 7.70085e+14	2.63e-11	2.20e-05	1.00e+00
 7.99389e+14	3.03e-11	2.38e-05	1.00e+00
 8.28474e+14	3.46e-11	2.56e-05	1.00e+00
 8.53967e+14	3.87e-11	2.73e-05	1.00e+00
 8.81791e+14	4.38e-11	2.93e-05	1.00e+00
 9.15483e+14	5.05e-11	3.17e-05	1.00e+00
 9.47100e+14	5.75e-11	3.42e-05	1.00e+00
 9.72054e+14	6.36e-11	3.61e-05	1.00e+00
 9.94422e+14	6.94e-11	3.79e-05	1.00e+00
 1.01987e+15	7.66e-11	4.01e-05	1.00e+00
 1.05295e+15	8.68e-11	4.29e-05	1.00e+00
 1.08653e+15	9.83e-11	4.60e-05	1.00e+00
 1.11351e+15	1.08e-10	4.84e-05	1.00e+00
 1.14134e+15	1.19e-10	5.11e-05	1.00e+00
 1.17753e+15	1.35e-10	5.47e-05	1.00e+00
 1.21541e+15	1.54e-10	5.87e-05	1.00e+00
 1.24775e+15	1.71e-10	6.21e-05	1.00e+00
 1.28201e+15	1.90e-10	6.59e-05	1.00e+00
 1.32656e+15	2.19e-10	7.10e-05	1.00e+00
 1.37262e+15	2.52e-10	7.65e-05	1.00e+00
 1.41131e+15	2.82e-10	8.13e-05	1.00e+00
 1.45228e+15	3.17e-10	8.66e-05	1.00e+00
 1.50495e+15	3.68e-10	9.37e-05	1.00e+00
 1.56036e+15	4.28e-10	1.01e-04	1.00e+00
 1.60909e+15	4.86e-10	1.08e-04	1.00e+00
 1.66163e+15	5.57e-10	1.16e-04	1.00e+00
 1.72517e+15	6.53e-10	1.27e-04	1.00e+00
 1.78874e+15	7.60e-10	1.37e-04	1.00e+00
 1.83765e+15	8.52e-10	1.46e-04	1.00e+00
 1.87425e+15	9.27e-10	1.52e-04	1.00e+00
 1.91431e+15	1.01e-09	1.59e-04	1.00e+00
 1.96638e+15	1.14e-09	1.69e-04	1.00e+00
 2.02344e+15	1.29e-09	1.80e-04	1.00e+00
 2.07514e+15	1.44e-09	1.91e-04	1.00e+00
 2.13050e+15	1.61e-09	2.02e-04	1.00e+00
 2.20247e+15	1.86e-09	2.18e-04	1.00e+00
 2.27446e+15	2.14e-09	2.34e-04	1.00e+00
 2.33077e+15	2.38e-09	2.47e-04	1.00e+00
 2.38827e+15	2.65e-09	2.61e-04	1.00e+00
 2.46302e+15	3.04e-09	2.80e-04	1.00e+00
 2.54299e+15	3.51e-09	3.01e-04	1.00e+00
 2.61333e+15	3.96e-09	3.20e-04	1.00e+00
 2.68834e+15	4.50e-09	3.42e-04	1.00e+00
 2.78537e+15	5.27e-09	3.70e-04	1.00e+00
 2.88565e+15	6.18e-09	4.02e-04	1.00e+00
 2.97025e+15	7.04e-09	4.29e-04	1.00e+00
 3.05984e+15	8.03e-09	4.59e-04	1.00e+00
 3.17269e+15	9.49e-09	4.99e-04	1.00e+00
 3.28981e+15	1.12e-08	5.42e-04	9.99e-01
 3.37904e+15	1.26e-08	5.76e-04	9.99e-01
 3.44419e+15	1.38e-08	6.02e-04	9.99e-01
 3.51508e+15	1.51e-08	6.30e-04	9.99e-01
 3.60723e+15	1.70e-08	6.69e-04	9.99e-01
 3.70803e+15	1.93e-08	7.13e-04	9.99e-01
 3.79920e+15	2.15e-08	7.54e-04	9.99e-01
 3.89686e+15	2.41e-08	7.99e-04	9.99e-01
 4.00721e+15	2.74e-08	8.51e-04	9.99e-01
 4.11102e+15	3.07e-08	9.02e-04	9.99e-01
 4.20815e+15	3.41e-08	9.52e-04	9.99e-01
 4.31960e+15	3.84e-08	1.01e-03	9.99e-01
 4.44533e+15	4.36e-08	1.08e-03	9.99e-01
 4.56461e+15	4.90e-08	1.14e-03	9.99e-01
 4.69466e+15	5.56e-08	1.22e-03	9.99e-01
 4.83985e+15	6.36e-08	1.31e-03	9.99e-01
 4.97586e+15	7.17e-08	1.39e-03	9.99e-01
 5.12383e+15	8.16e-08	1.48e-03	9.99e-01
 5.31163e+15	9.56e-08	1.61e-03	9.98e-01
 5.49860e+15	1.11e-07	1.74e-03	9.98e-01
 5.65185e+15	1.25e-07	1.85e-03	9.98e-01
 5.81383e+15	1.41e-07	1.97e-03	9.98e-01
 5.98082e+15	1.59e-07	2.09e-03	9.98e-01
 6.11616e+15	1.75e-07	2.20e-03	9.98e-01
 6.25398e+15	1.93e-07	2.31e-03	9.98e-01
 6.43315e+15	2.19e-07	2.46e-03	9.98e-01
 6.61835e+15	2.46e-07	2.61e-03	9.97e-01
 6.77031e+15	2.71e-07	2.74e-03	9.97e-01
 6.92676e+15	2.99e-07	2.89e-03	9.97e-01
 7.13014e+15	3.39e-07	3.08e-03	9.97e-01
 7.34026e+15	3.82e-07	3.28e-03	9.97e-01
 7.51344e+15	4.20e-07	3.45e-03	9.97e-01
 7.69286e+15	4.64e-07	3.63e-03	9.96e-01
 7.92612e+15	5.27e-07	3.88e-03	9.96e-01
 8.16697e+15	5.95e-07	4.14e-03	9.96e-01
 8.36742e+15	6.55e-07	4.36e-03	9.96e-01
 8.57775e+15	7.28e-07	4.60e-03	9.95e-01
 8.85118e+15	8.30e-07	4.94e-03	9.95e-01
 9.12897e+15	9.37e-07	5.28e-03	9.95e-01
 9.35815e+15	1.03e-06	5.57e-03	9.94e-01
 9.60182e+15	1.15e-06	5.91e-03	9.94e-01
 9.91859e+15	1.32e-06	6.37e-03	9.94e-01
 1.02014e+16	1.46e-06	6.75e-03	9.93e-01
 1.03890e+16	1.56e-06	7.03e-03	9.93e-01
 1.05815e+16	1.69e-06	7.35e-03	9.93e-01
 1.08318e+16	1.87e-06	7.78e-03	9.92e-01
 1.10887e+16	2.05e-06	8.21e-03	9.92e-01
 1.13543e+16	2.26e-06	8.70e-03	9.91e-01
 1.16301e+16	2.49e-06	9.23e-03	9.91e-01
 1.18783e+16	2.71e-06	9.72e-03	9.90e-01
 1.21600e+16	3.01e-06	1.03e-02	9.90e-01
 1.24533e+16	3.32e-06	1.10e-02	9.89e-01
 1.27115e+16	3.62e-06	1.16e-02	9.88e-01
 1.29973e+16	4.03e-06	1.24e-02	9.88e-01
 1.33020e+16	4.45e-06	1.33e-02	9.87e-01
 1.35745e+16	4.88e-06	1.41e-02	9.86e-01
 1.38717e+16	5.46e-06	1.51e-02	9.85e-01
 1.41893e+16	6.07e-06	1.63e-02	9.84e-01
 1.44715e+16	6.71e-06	1.74e-02	9.83e-01
 1.47359e+16	7.41e-06	1.86e-02	9.81e-01
 1.49882e+16	8.12e-06	1.99e-02	9.80e-01
 1.52278e+16	8.91e-06	2.12e-02	9.79e-01
 1.55019e+16	1.01e-05	2.30e-02	9.77e-01
 1.57832e+16	1.12e-05	2.49e-02	9.75e-01
 1.60195e+16	1.24e-05	2.67e-02	9.73e-01
 1.62382e+16	1.37e-05	2.86e-02	9.71e-01
 1.64496e+16	1.50e-05	3.07e-02	9.69e-01
 1.66858e+16	1.68e-05	3.34e-02	9.67e-01
 1.69371e+16	1.93e-05	3.66e-02	9.63e-01
 1.71378e+16	2.14e-05	3.95e-02	9.60e-01
 1.73288e+16	2.39e-05	4.27e-02	9.57e-01
 1.75408e+16	2.66e-05	4.67e-02	9.53e-01
 1.77421e+16	3.04e-05	5.12e-02	9.49e-01
 1.79193e+16	3.38e-05	5.57e-02	9.44e-01
 1.81035e+16	3.89e-05	6.12e-02	9.39e-01
 1.82915e+16	4.39e-05	6.74e-02	9.33e-01
 1.84495e+16	5.06e-05	7.38e-02	9.26e-01
 1.85772e+16	5.56e-05	7.94e-02	9.21e-01
 1.87005e+16	6.11e-05	8.57e-02	9.14e-01
 1.88608e+16	7.00e-05	9.49e-02	9.05e-01
 1.90281e+16	8.14e-05	1.06e-01	8.94e-01
 1.91627e+16	9.43e-05	1.17e-01	8.83e-01
 1.92616e+16	1.05e-04	1.26e-01	8.74e-01
 1.93558e+16	1.16e-04	1.35e-01	8.65e-01
 1.94588e+16	1.28e-04	1.46e-01	8.54e-01
 1.95531e+16	1.42e-04	1.58e-01	8.42e-01
 1.96327e+16	1.58e-04	1.69e-01	8.31e-01
 1.96930e+16	1.69e-04	1.77e-01	8.23e-01
 1.97508e+16	1.82e-04	1.86e-01	8.13e-01
 1.98259e+16	1.98e-04	1.99e-01	8.01e-01
 1.99236e+16	2.27e-04	2.17e-01	7.82e-01
 2.00092e+16	2.51e-04	2.34e-01	7.65e-01
 2.00658e+16	2.74e-04	2.47e-01	7.53e-01
 2.01129e+16	2.92e-04	2.58e-01	7.42e-01
 2.01606e+16	3.09e-04	2.69e-01	7.30e-01
 2.02226e+16	3.39e-04	2.85e-01	7.14e-01
 2.02868e+16	3.70e-04	3.03e-01	6.97e-01
 2.03425e+16	3.98e-04	3.18e-01	6.81e-01
 2.04036e+16	4.33e-04	3.37e-01	6.62e-01
 2.04715e+16	4.77e-04	3.59e-01	6.41e-01
 2.05335e+16	5.20e-04	3.79e-01	6.21e-01
 2.05887e+16	5.63e-04	3.98e-01	6.02e-01
 2.06497e+16	6.14e-04	4.20e-01	5.80e-01
 2.07184e+16	6.79e-04	4.45e-01	5.55e-01
 2.07788e+16	7.34e-04	4.67e-01	5.32e-01
 2.08393e+16	8.02e-04	4.91e-01	5.09e-01
 2.09044e+16	8.75e-04	5.15e-01	4.84e-01
 2.09553e+16	9.34e-04	5.34e-01	4.65e-01
 2.09926e+16	9.81e-04	5.48e-01	4.51e-01
 2.10326e+16	1.03e-03	5.64e-01	4.35e-01
 2.10846e+16	1.11e-03	5.84e-01	4.15e-01
 2.11359e+16	1.17e-03	6.03e-01	3.96e-01
 2.11864e+16	1.25e-03	6.22e-01	3.77e-01
 2.12375e+16	1.33e-03	6.40e-01	3.59e-01
 2.12894e+16	1.42e-03	6.59e-01	3.40e-01
 2.13432e+16	1.51e-03	6.77e-01	3.21e-01
 2.13898e+16	1.59e-03	6.92e-01	3.06e-01
 2.14407e+16	1.69e-03	7.09e-01	2.89e-01
 2.14976e+16	1.80e-03	7.26e-01	2.72e-01
 2.15504e+16	1.90e-03	7.41e-01	2.57e-01
 2.15979e+16	2.00e-03	7.54e-01	2.44e-01
 2.16500e+16	2.12e-03	7.69e-01	2.29e-01
 2.17083e+16	2.26e-03	7.83e-01	2.14e-01
 2.17613e+16	2.39e-03	7.96e-01	2.02e-01
 2.18075e+16	2.51e-03	8.06e-01	1.92e-01
 2.18584e+16	2.64e-03	8.17e-01	1.80e-01
 2.19244e+16	2.83e-03	8.31e-01	1.67e-01
 2.19879e+16	3.03e-03	8.42e-01	1.55e-01
 2.20341e+16	3.19e-03	8.49e-01	1.48e-01
 2.20731e+16	3.33e-03	8.56e-01	1.41e-01
 2.21170e+16	3.50e-03	8.63e-01	1.34e-01
 2.21740e+16	3.72e-03	8.71e-01	1.25e-01
 2.22328e+16	3.99e-03	8.79e-01	1.17e-01
 2.22806e+16	4.22e-03	8.85e-01	1.11e-01
 2.23205e+16	4.44e-03	8.89e-01	1.06e-01
 2.23639e+16	4.68e-03	8.94e-01	1.01e-01
 2.24203e+16	5.01e-03	9.00e-01	9.47e-02
 2.24781e+16	5.42e-03	9.06e-01	8.89e-02
 2.25233e+16	5.78e-03	9.09e-01	8.49e-02
 2.25600e+16	6.10e-03	9.12e-01	8.15e-02
 2.26005e+16	6.47e-03	9.16e-01	7.79e-02
 2.26532e+16	7.00e-03	9.20e-01	7.34e-02
 2.27091e+16	7.67e-03	9.23e-01	6.92e-02
 2.27563e+16	8.35e-03	9.26e-01	6.58e-02
 2.27972e+16	9.00e-03	9.28e-01	6.31e-02
 2.28431e+16	9.81e-03	9.30e-01	6.00e-02
 2.28940e+16	1.09e-02	9.32e-01	5.68e-02
 2.29387e+16	1.21e-02	9.34e-01	5.43e-02
 2.29740e+16	1.32e-02	9.34e-01	5.25e-02
 2.30045e+16	1.42e-02	9.35e-01	5.08e-02
 2.30385e+16	1.55e-02	9.35e-01	4.90e-02
 2.30765e+16	1.73e-02	9.36e-01	4.71e-02
 2.31100e+16	1.92e-02	9.35e-01	4.56e-02
 2.31367e+16	2.10e-02	9.35e-01	4.45e-02
 2.31641e+16	2.31e-02	9.34e-01	4.31e-02
 2.31946e+16	2.59e-02	9.32e-01	4.19e-02
 2.32219e+16	2.90e-02	9.30e-01	4.09e-02
 2.32443e+16	3.20e-02	9.28e-01	4.02e-02
 2.32648e+16	3.51e-02	9.25e-01	3.95e-02
 2.32883e+16	3.91e-02	9.22e-01	3.87e-02
 2.33139e+16	4.46e-02	9.17e-01	3.80e-02
 2.33358e+16	5.05e-02	9.12e-01	3.75e-02
 2.33532e+16	5.59e-02	9.07e-01	3.72e-02
 2.33711e+16	6.22e-02	9.01e-01	3.68e-02
 2.33908e+16	7.03e-02	8.93e-01	3.66e-02
 2.34083e+16	7.92e-02	8.84e-01	3.65e-02
 2.34231e+16	8.78e-02	8.76e-01	3.65e-02
 2.34375e+16	9.73e-02	8.66e-01	3.65e-02
 2.34532e+16	1.09e-01	8.54e-01	3.66e-02
 2.34685e+16	1.23e-01	8.41e-01	3.68e-02
 2.34813e+16	1.36e-01	8.27e-01	3.70e-02
 2.34921e+16	1.48e-01	8.15e-01	3.73e-02
 2.35020e+16	1.60e-01	8.03e-01	3.75e-02
 2.35120e+16	1.73e-01	7.89e-01	3.77e-02
 2.35200e+16	1.85e-01	7.77e-01	3.79e-02
 2.35252e+16	1.93e-01	7.69e-01	3.80e-02
 2.35299e+16	2.00e-01	7.61e-01	3.81e-02
 2.35355e+16	2.10e-01	7.52e-01	3.82e-02
 2.35420e+16	2.21e-01	7.41e-01	3.83e-02
 2.35484e+16	2.33e-01	7.29e-01	3.83e-02
 2.35542e+16	2.44e-01	7.18e-01	3.85e-02
 2.35600e+16	2.55e-01	7.06e-01	3.85e-02
 2.35660e+16	2.68e-01	6.94e-01	3.85e-02
 2.35722e+16	2.81e-01	6.80e-01	3.85e-02
 2.35785e+16	2.95e-01	6.66e-01	3.85e-02
 2.35848e+16	3.10e-01	6.52e-01	3.84e-02
 2.35912e+16	3.25e-01	6.37e-01	3.83e-02
 2.35979e+16	3.42e-01	6.20e-01	3.80e-02
 2.36047e+16	3.58e-01	6.04e-01	3.78e-02
 2.36117e+16	3.76e-01	5.86e-01	3.75e-02
 2.36190e+16	3.95e-01	5.68e-01	3.72e-02
 2.36267e+16	4.15e-01	5.48e-01	3.66e-02
 2.36347e+16	4.36e-01	5.28e-01	3.61e-02
 2.36432e+16	4.57e-01	5.07e-01	3.54e-02
 2.36524e+16	4.80e-01	4.85e-01	3.47e-02
 2.36623e+16	5.03e-01	4.63e-01	3.37e-02
 2.36729e+16	5.27e-01	4.41e-01	3.28e-02
 2.36844e+16	5.50e-01	4.18e-01	3.16e-02
 2.36972e+16	5.72e-01	3.97e-01	3.05e-02
 2.37115e+16	5.94e-01	3.77e-01	2.92e-02
 2.37262e+16	6.12e-01	3.60e-01	2.82e-02
 2.37407e+16	6.26e-01	3.47e-01	2.72e-02
 2.37549e+16	6.37e-01	3.37e-01	2.64e-02
 2.37689e+16	6.46e-01	3.29e-01	2.57e-02
 2.37850e+16	6.54e-01	3.21e-01	2.49e-02
 2.38059e+16	6.62e-01	3.14e-01	2.41e-02
 2.38331e+16	6.70e-01	3.06e-01	2.32e-02
 2.38684e+16	6.79e-01	2.99e-01	2.21e-02
 2.39143e+16	6.88e-01	2.91e-01	2.09e-02
 2.39740e+16	6.98e-01	2.83e-01	1.95e-02
 2.40516e+16	7.10e-01	2.72e-01	1.78e-02
 2.41416e+16	7.24e-01	2.60e-01	1.61e-02
 2.42318e+16	7.36e-01	2.50e-01	1.46e-02
 2.43189e+16	7.47e-01	2.40e-01	1.33e-02
 2.44063e+16	7.58e-01	2.30e-01	1.22e-02
 2.44962e+16	7.68e-01	2.21e-01	1.11e-02
 2.45880e+16	7.78e-01	2.12e-01	1.01e-02
 2.46806e+16	7.88e-01	2.03e-01	9.19e-03
 2.47738e+16	7.97e-01	1.94e-01	8.36e-03
 2.48688e+16	8.06e-01	1.86e-01	7.61e-03
 2.49654e+16	8.15e-01	1.79e-01	6.92e-03
 2.50623e+16	8.23e-01	1.71e-01	6.31e-03
 2.51597e+16	8.30e-01	1.64e-01	5.76e-03
 2.52563e+16	8.37e-01	1.57e-01	5.26e-03
 2.53529e+16	8.44e-01	1.51e-01	4.82e-03
 2.54512e+16	8.51e-01	1.45e-01	4.40e-03
 2.55514e+16	8.57e-01	1.39e-01	4.02e-03
 2.56528e+16	8.63e-01	1.33e-01	3.67e-03
 2.57537e+16	8.69e-01	1.28e-01	3.36e-03
 2.58546e+16	8.74e-01	1.23e-01	3.08e-03
 2.59564e+16	8.79e-01	1.18e-01	2.82e-03
 2.60589e+16	8.84e-01	1.13e-01	2.59e-03
 2.61427e+16	8.88e-01	1.10e-01	2.43e-03
 2.62014e+16	8.90e-01	1.07e-01	2.31e-03
 2.62549e+16	8.93e-01	1.05e-01	2.21e-03
 2.63116e+16	8.95e-01	1.03e-01	2.11e-03
 2.63705e+16	8.97e-01	1.00e-01	2.01e-03
 2.64266e+16	9.00e-01	9.85e-02	1.92e-03
 2.64811e+16	9.02e-01	9.64e-02	1.84e-03
 2.65358e+16	9.04e-01	9.44e-02	1.76e-03
 2.65889e+16	9.06e-01	9.25e-02	1.69e-03
 2.66403e+16	9.08e-01	9.08e-02	1.62e-03
 2.66907e+16	9.09e-01	8.91e-02	1.56e-03
 2.67404e+16	9.11e-01	8.74e-02	1.50e-03
 2.67892e+16	9.13e-01	8.58e-02	1.44e-03
 2.68373e+16	9.14e-01	8.43e-02	1.39e-03
 2.68849e+16	9.16e-01	8.29e-02	1.34e-03
 2.69317e+16	9.17e-01	8.14e-02	1.29e-03
 2.69776e+16	9.19e-01	8.01e-02	1.24e-03
 2.70228e+16	9.20e-01	7.88e-02	1.20e-03
 2.70674e+16	9.21e-01	7.75e-02	1.16e-03
 2.71113e+16	9.23e-01	7.63e-02	1.12e-03
 2.71546e+16	9.24e-01	7.51e-02	1.08e-03
 2.71974e+16	9.25e-01	7.39e-02	1.05e-03
 2.72396e+16	9.26e-01	7.28e-02	1.02e-03
 2.72814e+16	9.27e-01	7.17e-02	9.83e-04
 2.73228e+16	9.28e-01	7.07e-02	9.53e-04
 2.73639e+16	9.29e-01	6.96e-02	9.24e-04
 2.74046e+16	9.30e-01	6.86e-02	8.95e-04
 2.74451e+16	9.32e-01	6.76e-02	8.69e-04
 2.74855e+16	9.32e-01	6.67e-02	8.42e-04
 2.75257e+16	9.33e-01	6.57e-02	8.17e-04
 2.75659e+16	9.34e-01	6.48e-02	7.93e-04
 2.76061e+16	9.35e-01	6.39e-02	7.69e-04
 2.76465e+16	9.36e-01	6.30e-02	7.47e-04
 2.76874e+16	9.37e-01	6.21e-02	7.24e-04
 2.77293e+16	9.38e-01	6.11e-02	7.02e-04
 2.77723e+16	9.39e-01	6.02e-02	6.79e-04
 2.78162e+16	9.40e-01	5.93e-02	6.58e-04
 2.78612e+16	9.41e-01	5.84e-02	6.36e-04
 2.79078e+16	9.42e-01	5.74e-02	6.14e-04
 2.79565e+16	9.43e-01	5.64e-02	5.92e-04
 2.80066e+16	9.44e-01	5.55e-02	5.71e-04
 2.80602e+16	9.45e-01	5.44e-02	5.48e-04
 2.81207e+16	9.46e-01	5.33e-02	5.24e-04
 2.81895e+16	9.48e-01	5.20e-02	4.97e-04
 2.82676e+16	9.49e-01	5.05e-02	4.69e-04
 2.83497e+16	9.50e-01	4.91e-02	4.41e-04
 2.84271e+16	9.52e-01	4.78e-02	4.17e-04
 2.84976e+16	9.53e-01	4.67e-02	3.97e-04
 2.85617e+16	9.54e-01	4.57e-02	3.79e-04
 2.86201e+16	9.55e-01	4.48e-02	3.63e-04
 2.86732e+16	9.56e-01	4.40e-02	3.49e-04
 2.87216e+16	9.56e-01	4.32e-02	3.37e-04
 2.87745e+16	9.57e-01	4.24e-02	3.24e-04
 2.88317e+16	9.58e-01	4.16e-02	3.10e-04
 2.88837e+16	9.59e-01	4.08e-02	2.99e-04
 2.89311e+16	9.60e-01	4.01e-02	2.89e-04
 2.89742e+16	9.60e-01	3.95e-02	2.80e-04
 2.90214e+16	9.61e-01	3.88e-02	2.69e-04
 2.90724e+16	9.62e-01	3.81e-02	2.59e-04
 2.91187e+16	9.62e-01	3.75e-02	2.51e-04
 2.91610e+16	9.63e-01	3.70e-02	2.43e-04
 2.91994e+16	9.63e-01	3.65e-02	2.36e-04
 2.92415e+16	9.64e-01	3.59e-02	2.28e-04
 2.92869e+16	9.65e-01	3.53e-02	2.20e-04
 2.93283e+16	9.65e-01	3.47e-02	2.13e-04
 2.93659e+16	9.66e-01	3.42e-02	2.07e-04
 2.94071e+16	9.66e-01	3.37e-02	2.00e-04
 2.94516e+16	9.67e-01	3.31e-02	1.93e-04
 2.94922e+16	9.67e-01	3.26e-02	1.87e-04
 2.95290e+16	9.68e-01	3.22e-02	1.82e-04
 2.95626e+16	9.68e-01	3.18e-02	1.77e-04
 2.95993e+16	9.69e-01	3.13e-02	1.72e-04
 2.96390e+16	9.69e-01	3.08e-02	1.66e-04
 2.96751e+16	9.69e-01	3.04e-02	1.62e-04
 2.97080e+16	9.70e-01	3.00e-02	1.58e-04
 2.97440e+16	9.70e-01	2.96e-02	1.53e-04
 2.97829e+16	9.71e-01	2.91e-02	1.48e-04
 2.98183e+16	9.71e-01	2.87e-02	1.44e-04
 2.98504e+16	9.71e-01	2.84e-02	1.40e-04
 2.98857e+16	9.72e-01	2.79e-02	1.36e-04
 2.99238e+16	9.72e-01	2.75e-02	1.32e-04
 2.99585e+16	9.73e-01	2.72e-02	1.28e-04
 2.99900e+16	9.73e-01	2.68e-02	1.25e-04
 3.00246e+16	9.73e-01	2.64e-02	1.22e-04
 3.00619e+16	9.74e-01	2.61e-02	1.18e-04
 3.00958e+16	9.74e-01	2.57e-02	1.15e-04
 3.01267e+16	9.74e-01	2.54e-02	1.12e-04
 3.01606e+16	9.75e-01	2.51e-02	1.09e-04
 3.01971e+16	9.75e-01	2.47e-02	1.06e-04
 3.02304e+16	9.76e-01	2.44e-02	1.03e-04
 3.02669e+16	9.76e-01	2.40e-02	1.00e-04
 3.03062e+16	9.76e-01	2.37e-02	9.71e-05
 3.03420e+16	9.77e-01	2.33e-02	9.45e-05
 3.03746e+16	9.77e-01	2.31e-02	9.22e-05
 3.04103e+16	9.77e-01	2.27e-02	8.95e-05
 3.04488e+16	9.78e-01	2.24e-02	8.70e-05
 3.04839e+16	9.78e-01	2.21e-02	8.48e-05
 3.05224e+16	9.78e-01	2.18e-02	8.22e-05
 3.05639e+16	9.78e-01	2.14e-02	7.97e-05
 3.06016e+16	9.79e-01	2.11e-02	7.75e-05
 3.06430e+16	9.79e-01	2.08e-02	7.50e-05
 3.06877e+16	9.79e-01	2.05e-02	7.26e-05
 3.07283e+16	9.80e-01	2.02e-02	7.05e-05
 3.07729e+16	9.80e-01	1.98e-02	6.81e-05
 3.08210e+16	9.80e-01	1.95e-02	6.58e-05
 3.08647e+16	9.81e-01	1.92e-02	6.38e-05
 3.09046e+16	9.81e-01	1.89e-02	6.20e-05
 3.09482e+16	9.81e-01	1.86e-02	6.00e-05
 3.09953e+16	9.82e-01	1.83e-02	5.80e-05
 3.10382e+16	9.82e-01	1.80e-02	5.63e-05
 3.10852e+16	9.82e-01	1.77e-02	5.43e-05
 3.11359e+16	9.83e-01	1.74e-02	5.25e-05
 3.11820e+16	9.83e-01	1.71e-02	5.08e-05
 3.12240e+16	9.83e-01	1.69e-02	4.94e-05
 3.12701e+16	9.83e-01	1.66e-02	4.78e-05
 3.13198e+16	9.84e-01	1.63e-02	4.62e-05
 3.13650e+16	9.84e-01	1.61e-02	4.48e-05
 3.14145e+16	9.84e-01	1.58e-02	4.32e-05
 3.14680e+16	9.84e-01	1.55e-02	4.17e-05
 3.15167e+16	9.85e-01	1.52e-02	4.04e-05
 3.15700e+16	9.85e-01	1.49e-02	3.89e-05
 3.16276e+16	9.85e-01	1.47e-02	3.75e-05
 3.16800e+16	9.86e-01	1.44e-02	3.62e-05
 3.17374e+16	9.86e-01	1.41e-02	3.48e-05
 3.17994e+16	9.86e-01	1.38e-02	3.35e-05
 3.18558e+16	9.86e-01	1.36e-02	3.23e-05
 3.19072e+16	9.87e-01	1.34e-02	3.13e-05
 3.19634e+16	9.87e-01	1.31e-02	3.01e-05
 3.20241e+16	9.87e-01	1.29e-02	2.90e-05
 3.20794e+16	9.87e-01	1.27e-02	2.81e-05
 3.21400e+16	9.88e-01	1.24e-02	2.69e-05
 3.22053e+16	9.88e-01	1.22e-02	2.59e-05
 3.22648e+16	9.88e-01	1.19e-02	2.50e-05
 3.23300e+16	9.88e-01	1.17e-02	2.39e-05
 3.24004e+16	9.89e-01	1.14e-02	2.30e-05
 3.24644e+16	9.89e-01	1.12e-02	2.21e-05
 3.25346e+16	9.89e-01	1.10e-02	2.12e-05
 3.26104e+16	9.89e-01	1.07e-02	2.03e-05
 3.26793e+16	9.89e-01	1.05e-02	1.95e-05
 3.27549e+16	9.90e-01	1.03e-02	1.86e-05
 3.28364e+16	9.90e-01	1.01e-02	1.78e-05
 3.29107e+16	9.90e-01	9.85e-03	1.71e-05
 3.29920e+16	9.90e-01	9.62e-03	1.63e-05
 3.30798e+16	9.91e-01	9.38e-03	1.55e-05
 3.31597e+16	9.91e-01	9.17e-03	1.48e-05
 3.32324e+16	9.91e-01	8.99e-03	1.43e-05
 3.33121e+16	9.91e-01	8.78e-03	1.36e-05
 3.33981e+16	9.91e-01	8.58e-03	1.30e-05
 3.34764e+16	9.92e-01	8.40e-03	1.25e-05
 3.35621e+16	9.92e-01	8.20e-03	1.19e-05
 3.36547e+16	9.92e-01	7.99e-03	1.13e-05
 3.37390e+16	9.92e-01	7.83e-03	1.09e-05
 3.38313e+16	9.92e-01	7.63e-03	1.03e-05
 3.39310e+16	9.93e-01	7.43e-03	9.81e-06
 3.40217e+16	9.93e-01	7.27e-03	9.38e-06
 3.41212e+16	9.93e-01	7.07e-03	8.88e-06
 3.42285e+16	9.93e-01	6.88e-03	8.42e-06
 3.43261e+16	9.93e-01	6.72e-03	8.04e-06
 3.44331e+16	9.93e-01	6.53e-03	7.60e-06
 3.45487e+16	9.94e-01	6.35e-03	7.18e-06
 3.46538e+16	9.94e-01	6.19e-03	6.84e-06
 3.47690e+16	9.94e-01	6.01e-03	6.44e-06
 3.48934e+16	9.94e-01	5.83e-03	6.08e-06
 3.50065e+16	9.94e-01	5.68e-03	5.77e-06
 3.51306e+16	9.94e-01	5.50e-03	5.42e-06
 3.52645e+16	9.95e-01	5.33e-03	5.10e-06
 3.53863e+16	9.95e-01	5.19e-03	4.83e-06
 3.55198e+16	9.95e-01	5.02e-03	4.53e-06
 3.56834e+16	9.95e-01	4.83e-03	4.19e-06
 3.58641e+16	9.95e-01	4.63e-03	3.86e-06
 3.60552e+16	9.96e-01	4.43e-03	3.54e-06
 3.62561e+16	9.96e-01	4.24e-03	3.24e-06
 3.64649e+16	9.96e-01	4.04e-03	2.96e-06
 3.66818e+16	9.96e-01	3.86e-03	2.69e-06
 3.69046e+16	9.96e-01	3.68e-03	2.45e-06
 3.71305e+16	9.96e-01	3.50e-03	2.22e-06
 3.73595e+16	9.97e-01	3.34e-03	2.02e-06
 3.75925e+16	9.97e-01	3.18e-03	1.84e-06
 3.78295e+16	9.97e-01	3.02e-03	1.67e-06
 3.80708e+16	9.97e-01	2.88e-03	1.51e-06
 3.83161e+16	9.97e-01	2.74e-03	1.37e-06
 3.85654e+16	9.97e-01	2.60e-03	1.24e-06
 3.88188e+16	9.98e-01	2.47e-03	1.12e-06
 3.90765e+16	9.98e-01	2.35e-03	1.01e-06
 3.93338e+16	9.98e-01	2.24e-03	9.18e-07
 3.95947e+16	9.98e-01	2.12e-03	8.29e-07
 3.98656e+16	9.98e-01	2.01e-03	7.47e-07
 4.01424e+16	9.98e-01	1.91e-03	6.72e-07
 4.04224e+16	9.98e-01	1.81e-03	6.05e-07
 4.07068e+16	9.98e-01	1.72e-03	5.44e-07
 4.09962e+16	9.98e-01	1.62e-03	4.88e-07
 4.12910e+16	9.98e-01	1.54e-03	4.37e-07
 4.15910e+16	9.99e-01	1.45e-03	3.92e-07
 4.18963e+16	9.99e-01	1.37e-03	3.50e-07
 4.22072e+16	9.99e-01	1.30e-03	3.13e-07
 4.25240e+16	9.99e-01	1.22e-03	2.79e-07
 4.28468e+16	9.99e-01	1.15e-03	2.48e-07
 4.31761e+16	9.99e-01	1.09e-03	2.21e-07
 4.35120e+16	9.99e-01	1.02e-03	1.96e-07
 4.38548e+16	9.99e-01	9.62e-04	1.73e-07
 4.42051e+16	9.99e-01	9.04e-04	1.53e-07
 4.45628e+16	9.99e-01	8.49e-04	1.35e-07
 4.49285e+16	9.99e-01	7.95e-04	1.19e-07
 4.53027e+16	9.99e-01	7.45e-04	1.04e-07
 4.56860e+16	9.99e-01	6.96e-04	9.11e-08
 4.60785e+16	9.99e-01	6.50e-04	7.97e-08
 4.64811e+16	9.99e-01	6.07e-04	6.94e-08
 4.68890e+16	9.99e-01	5.66e-04	6.04e-08
 4.73071e+16	9.99e-01	5.26e-04	5.23e-08
 4.77452e+16	1.00e+00	4.88e-04	4.51e-08
 4.81965e+16	1.00e+00	4.52e-04	3.87e-08
 4.86601e+16	1.00e+00	4.17e-04	3.31e-08
 4.91426e+16	1.00e+00	3.85e-04	2.81e-08
 4.96444e+16	1.00e+00	3.53e-04	2.37e-08
 5.01656e+16	1.00e+00	3.24e-04	1.99e-08
 5.07081e+16	1.00e+00	2.95e-04	1.66e-08
 5.12748e+16	1.00e+00	2.69e-04	1.38e-08
 5.18695e+16	1.00e+00	2.43e-04	1.13e-08
 5.24970e+16	1.00e+00	2.19e-04	9.18e-09
 5.31603e+16	1.00e+00	1.96e-04	7.38e-09
 5.38671e+16	1.00e+00	1.75e-04	5.85e-09
 5.46235e+16	1.00e+00	1.54e-04	4.57e-09
 5.54330e+16	1.00e+00	1.35e-04	3.51e-09
 5.63089e+16	1.00e+00	1.17e-04	2.65e-09
 5.72685e+16	1.00e+00	1.01e-04	1.94e-09
 5.83325e+16	1.00e+00	8.47e-05	1.38e-09
 5.95279e+16	1.00e+00	7.01e-05	9.47e-10
 6.08838e+16	1.00e+00	5.66e-05	6.19e-10
 6.24096e+16	1.00e+00	4.47e-05	3.87e-10
 6.40305e+16	1.00e+00	3.51e-05	2.38e-10
 6.56499e+16	1.00e+00	2.76e-05	1.48e-10
 6.72533e+16	1.00e+00	2.19e-05	9.32e-11
 6.88674e+16	1.00e+00	1.74e-05	5.90e-11
 7.05160e+16	1.00e+00	1.38e-05	3.72e-11
 7.22008e+16	1.00e+00	1.10e-05	2.35e-11
 7.39134e+16	1.00e+00	8.70e-06	1.48e-11
 7.56527e+16	1.00e+00	6.93e-06	9.41e-12
 7.74261e+16	1.00e+00	5.51e-06	5.96e-12
 7.92402e+16	1.00e+00	4.38e-06	3.77e-12
 8.10911e+16	1.00e+00	3.48e-06	2.39e-12
 8.29806e+16	1.00e+00	2.77e-06	1.51e-12
 8.49021e+16	1.00e+00	2.20e-06	9.58e-13
 8.68668e+16	1.00e+00	1.75e-06	6.08e-13
 8.88978e+16	1.00e+00	1.39e-06	3.83e-13
 9.09451e+16	1.00e+00	1.11e-06	2.43e-13
 9.29470e+16	1.00e+00	8.91e-07	1.58e-13
 9.48920e+16	1.00e+00	7.24e-07	1.04e-13
 9.67791e+16	1.00e+00	5.94e-07	7.02e-14
 9.86196e+16	1.00e+00	4.91e-07	4.80e-14
 1.00420e+17	1.00e+00	4.09e-07	3.33e-14
 1.02166e+17	1.00e+00	3.44e-07	2.35e-14
 1.03849e+17	1.00e+00	2.91e-07	1.69e-14
 1.05466e+17	1.00e+00	2.49e-07	1.23e-14
 1.07023e+17	1.00e+00	2.14e-07	9.16e-15
 1.08520e+17	1.00e+00	1.86e-07	6.90e-15
 1.09954e+17	1.00e+00	1.62e-07	5.27e-15
 1.11325e+17	1.00e+00	1.43e-07	4.09e-15
 1.12636e+17	1.00e+00	1.27e-07	3.21e-15
 1.13888e+17	1.00e+00	1.13e-07	2.56e-15
 1.15083e+17	1.00e+00	1.01e-07	2.06e-15
 1.16222e+17	1.00e+00	9.16e-08	1.68e-15
 1.17307e+17	1.00e+00	8.32e-08	1.39e-15
 1.18340e+17	1.00e+00	7.59e-08	1.16e-15
 1.19323e+17	1.00e+00	6.97e-08	9.73e-16
 1.20259e+17	1.00e+00	6.42e-08	8.26e-16
 1.21150e+17	1.00e+00	5.94e-08	7.08e-16
 1.21998e+17	1.00e+00	5.52e-08	6.12e-16
 1.22805e+17	1.00e+00	5.15e-08	5.33e-16
 1.23571e+17	1.00e+00	4.83e-08	4.67e-16
 1.24300e+17	1.00e+00	4.54e-08	4.13e-16
 1.24994e+17	1.00e+00	4.28e-08	3.67e-16
 1.25655e+17	1.00e+00	4.04e-08	3.28e-16
 1.26285e+17	1.00e+00	3.84e-08	2.96e-16
 1.26885e+17	1.00e+00	3.65e-08	2.67e-16
 1.27456e+17	1.00e+00	3.48e-08	2.43e-16
 1.28001e+17	1.00e+00	3.32e-08	2.22e-16
 1.28520e+17	1.00e+00	3.18e-08	2.04e-16
 1.29016e+17	1.00e+00	3.05e-08	1.88e-16
 1.29490e+17	1.00e+00	2.94e-08	1.73e-16
 1.29943e+17	1.00e+00	2.83e-08	1.61e-16
 1.30376e+17	1.00e+00	2.73e-08	1.50e-16
 1.30791e+17	1.00e+00	2.64e-08	1.40e-16
 1.31189e+17	1.00e+00	2.55e-08	1.31e-16
 1.31570e+17	1.00e+00	2.48e-08	1.23e-16
 1.31936e+17	1.00e+00	2.40e-08	1.16e-16
 1.32289e+17	1.00e+00	2.34e-08	1.10e-16
 1.32629e+17	1.00e+00	2.27e-08	1.04e-16
 1.32956e+17	1.00e+00	2.21e-08	9.85e-17
 1.33273e+17	1.00e+00	2.16e-08	9.36e-17
 1.33580e+17	1.00e+00	2.10e-08	8.90e-17
 1.33879e+17	1.00e+00	2.05e-08	8.49e-17
 1.34169e+17	1.00e+00	2.00e-08	8.10e-17
 1.34453e+17	1.00e+00	1.96e-08	7.74e-17
 1.34731e+17	1.00e+00	1.92e-08	7.40e-17
 1.35004e+17	1.00e+00	1.87e-08	7.08e-17
 1.35274e+17	1.00e+00	1.83e-08	6.78e-17
 1.35542e+17	1.00e+00	1.79e-08	6.49e-17
 1.35809e+17	1.00e+00	1.76e-08	6.22e-17
 1.36077e+17	1.00e+00	1.72e-08	5.96e-17
 1.36348e+17	1.00e+00	1.68e-08	5.71e-17
 1.36624e+17	1.00e+00	1.65e-08	5.46e-17
 1.36907e+17	1.00e+00	1.61e-08	5.22e-17
 1.37200e+17	1.00e+00	1.57e-08	4.98e-17
 1.37507e+17	1.00e+00	1.53e-08	4.74e-17
 1.37834e+17	1.00e+00	1.49e-08	4.50e-17
 1.38187e+17	1.00e+00	1.45e-08	4.25e-17
 1.38574e+17	1.00e+00	1.41e-08	3.99e-17
 1.39007e+17	1.00e+00	1.36e-08	3.72e-17
 1.39505e+17	1.00e+00	1.30e-08	3.44e-17
 1.40091e+17	1.00e+00	1.24e-08	3.13e-17
 1.40804e+17	1.00e+00	1.17e-08	2.79e-17
 1.41703e+17	1.00e+00	1.09e-08	2.41e-17
 1.42867e+17	1.00e+00	9.94e-09	2.00e-17
 1.44379e+17	1.00e+00	8.81e-09	1.57e-17
 1.46345e+17	1.00e+00	7.54e-09	1.15e-17
 1.48900e+17	1.00e+00	6.17e-09	7.70e-18
 1.52223e+17	1.00e+00	4.77e-09	4.60e-18
 1.56542e+17	1.00e+00	3.43e-09	2.39e-18
 1.62027e+17	1.00e+00	2.28e-09	1.06e-18
 1.68203e+17	1.00e+00	1.47e-09	4.40e-19
 1.74558e+17	1.00e+00	9.42e-10	1.81e-19
 1.81099e+17	1.00e+00	6.02e-10	7.41e-20
 1.87733e+17	1.00e+00	3.86e-10	3.05e-20
 1.94367e+17	1.00e+00	2.49e-10	1.28e-20
 2.01002e+17	1.00e+00	1.62e-10	5.44e-21
 2.07636e+17	1.00e+00	1.07e-10	0.00e+00
 2.14271e+17	1.00e+00	7.09e-11	0.00e+00
 2.20905e+17	1.00e+00	4.75e-11	0.00e+00
 2.27539e+17	1.00e+00	3.22e-11	0.00e+00
 2.34174e+17	1.00e+00	2.22e-11	0.00e+00
 2.40808e+17	1.00e+00	1.55e-11	0.00e+00
 2.47442e+17	1.00e+00	1.11e-11	0.00e+00
 2.54077e+17	1.00e+00	8.11e-12	0.00e+00
 2.60711e+17	1.00e+00	6.11e-12	0.00e+00
 2.67346e+17	1.00e+00	4.74e-12	0.00e+00
 2.73980e+17	1.00e+00	3.81e-12	0.00e+00
 2.80614e+17	1.00e+00	3.15e-12	0.00e+00
 2.87248e+17	1.00e+00	2.69e-12	0.00e+00
 2.93883e+17	1.00e+00	2.36e-12	0.00e+00
 3.00517e+17	1.00e+00	2.12e-12	0.00e+00
 3.07152e+17	1.00e+00	1.93e-12	0.00e+00
 3.13786e+17	1.00e+00	1.79e-12	0.00e+00
 3.20420e+17	1.00e+00	1.67e-12	0.00e+00
 3.27055e+17	1.00e+00	1.58e-12	0.00e+00
 3.33689e+17	1.00e+00	1.49e-12	0.00e+00
 3.40324e+17	1.00e+00	1.41e-12	0.00e+00
 3.46958e+17	1.00e+00	1.34e-12	0.00e+00
 3.53592e+17	1.00e+00	1.28e-12	0.00e+00
 3.61222e+17	1.00e+00	1.21e-12	0.00e+00
 3.71140e+17	1.00e+00	9.61e-13	0.00e+00
 3.84034e+17	1.00e+00	6.63e-13	0.00e+00
 3.98591e+17	1.00e+00	3.94e-13	0.00e+00
 4.12517e+17	1.00e+00	3.31e-13	0.00e+00
 4.24733e+17	1.00e+00	3.23e-13	0.00e+00
 4.33513e+17	1.00e+00	3.49e-13	0.00e+00
 4.38139e+17	1.00e+00	4.61e-13	0.00e+00
 4.40176e+17	1.00e+00	5.43e-13	0.00e+00
 4.41188e+17	1.00e+00	5.82e-13	0.00e+00
 4.41796e+17	1.00e+00	6.03e-13	0.00e+00
 4.42226e+17	1.00e+00	6.15e-13	0.00e+00
 4.42660e+17	1.00e+00	6.25e-13	0.00e+00
 4.43193e+17	1.00e+00	6.34e-13	0.00e+00
 4.43826e+17	1.00e+00	6.42e-13	0.00e+00
 4.44411e+17	1.00e+00	6.49e-13	0.00e+00
 4.44830e+17	1.00e+00	6.54e-13	0.00e+00
 4.45137e+17	1.00e+00	6.57e-13	0.00e+00
 4.45426e+17	1.00e+00	6.59e-13	0.00e+00
 4.45768e+17	1.00e+00	6.61e-13	0.00e+00
 4.46167e+17	1.00e+00	6.62e-13	0.00e+00
 4.46543e+17	1.00e+00	6.63e-13	0.00e+00
 4.46834e+17	1.00e+00	6.63e-13	0.00e+00
 4.47064e+17	1.00e+00	6.64e-13	0.00e+00
 4.47292e+17	1.00e+00	6.64e-13	0.00e+00
 4.47555e+17	1.00e+00	6.64e-13	0.00e+00
 4.47847e+17	1.00e+00	6.63e-13	0.00e+00
 4.48112e+17	1.00e+00	6.62e-13	0.00e+00
 4.48313e+17	1.00e+00	6.61e-13	0.00e+00
 4.48480e+17	1.00e+00	6.61e-13	0.00e+00
 4.48663e+17	1.00e+00	6.61e-13	0.00e+00
 4.48890e+17	1.00e+00	6.59e-13	0.00e+00
 4.49129e+17	1.00e+00	6.57e-13	0.00e+00
 4.49329e+17	1.00e+00	6.56e-13	0.00e+00
 4.49491e+17	1.00e+00	6.55e-13	0.00e+00
 4.49652e+17	1.00e+00	6.54e-13	0.00e+00
 4.49834e+17	1.00e+00	6.53e-13	0.00e+00
 4.50035e+17	1.00e+00	6.51e-13	0.00e+00
 4.50225e+17	1.00e+00	6.49e-13	0.00e+00
 4.50390e+17	1.00e+00	6.47e-13	0.00e+00
 4.50544e+17	1.00e+00	6.46e-13	0.00e+00
 4.50705e+17	1.00e+00	6.45e-13	0.00e+00
 4.50881e+17	1.00e+00	6.43e-13	0.00e+00
 4.51067e+17	1.00e+00	6.40e-13	0.00e+00
 4.51247e+17	1.00e+00	6.38e-13	0.00e+00
 4.51407e+17	1.00e+00	6.36e-13	0.00e+00
 4.51570e+17	1.00e+00	6.34e-13	0.00e+00
 4.51757e+17	1.00e+00	6.32e-13	0.00e+00
 4.51951e+17	1.00e+00	6.29e-13	0.00e+00
 4.52132e+17	1.00e+00	6.26e-13	0.00e+00
 4.52300e+17	1.00e+00	6.24e-13	0.00e+00
 4.52479e+17	1.00e+00	6.21e-13	0.00e+00
 4.52671e+17	1.00e+00	6.19e-13	0.00e+00
 4.52892e+17	1.00e+00	6.15e-13	0.00e+00
 4.53126e+17	1.00e+00	6.11e-13	0.00e+00
 4.53330e+17	1.00e+00	6.08e-13	0.00e+00
 4.53508e+17	1.00e+00	6.05e-13	0.00e+00
 4.53703e+17	1.00e+00	6.02e-13	0.00e+00
 4.53939e+17	1.00e+00	5.98e-13	0.00e+00
 4.54193e+17	1.00e+00	5.94e-13	0.00e+00
 4.54435e+17	1.00e+00	5.89e-13	0.00e+00
 4.54658e+17	1.00e+00	5.85e-13	0.00e+00
 4.54883e+17	1.00e+00	5.81e-13	0.00e+00
 4.55124e+17	1.00e+00	5.77e-13	0.00e+00
 4.55391e+17	1.00e+00	5.72e-13	0.00e+00
 4.55684e+17	1.00e+00	5.67e-13	0.00e+00
 4.55973e+17	1.00e+00	5.60e-13	0.00e+00
 4.56226e+17	1.00e+00	5.55e-13	0.00e+00
 4.56484e+17	1.00e+00	5.51e-13	0.00e+00
 4.56799e+17	1.00e+00	5.45e-13	0.00e+00
 4.57160e+17	1.00e+00	5.38e-13	0.00e+00
 4.57505e+17	1.00e+00	5.31e-13	0.00e+00
 4.57815e+17	1.00e+00	5.24e-13	0.00e+00
 4.58127e+17	1.00e+00	5.18e-13	0.00e+00
 4.58465e+17	1.00e+00	5.12e-13	0.00e+00
 4.58827e+17	1.00e+00	5.05e-13	0.00e+00
 4.59212e+17	1.00e+00	4.97e-13	0.00e+00
 4.59612e+17	1.00e+00	4.89e-13	0.00e+00
 4.60008e+17	1.00e+00	4.80e-13	0.00e+00
 4.60399e+17	1.00e+00	4.72e-13	0.00e+00
 4.60798e+17	1.00e+00	4.64e-13	0.00e+00
 4.61220e+17	1.00e+00	4.56e-13	0.00e+00
 4.61682e+17	1.00e+00	4.47e-13	0.00e+00
 4.62149e+17	1.00e+00	4.37e-13	0.00e+00
 4.62597e+17	1.00e+00	4.28e-13	0.00e+00
 4.63059e+17	1.00e+00	4.19e-13	0.00e+00
 4.63561e+17	1.00e+00	4.09e-13	0.00e+00
 4.64098e+17	1.00e+00	3.98e-13	0.00e+00
 4.64622e+17	1.00e+00	3.87e-13	0.00e+00
 4.65118e+17	1.00e+00	3.78e-13	0.00e+00
 4.65635e+17	1.00e+00	3.68e-13	0.00e+00
 4.66199e+17	1.00e+00	3.58e-13	0.00e+00
 4.66800e+17	1.00e+00	3.46e-13	0.00e+00
 4.67407e+17	1.00e+00	3.34e-13	0.00e+00
 4.67990e+17	1.00e+00	3.23e-13	0.00e+00
 4.68562e+17	1.00e+00	3.13e-13	0.00e+00
 4.69168e+17	1.00e+00	3.02e-13	0.00e+00
 4.69830e+17	1.00e+00	2.91e-13	0.00e+00
 4.70513e+17	1.00e+00	2.79e-13	0.00e+00
 4.71177e+17	1.00e+00	2.67e-13	0.00e+00
 4.71830e+17	1.00e+00	2.56e-13	0.00e+00
 4.72503e+17	1.00e+00	2.46e-13	0.00e+00
 4.73216e+17	1.00e+00	2.34e-13	0.00e+00
 4.73961e+17	1.00e+00	2.23e-13	0.00e+00
 4.74709e+17	1.00e+00	2.11e-13	0.00e+00
 4.75449e+17	1.00e+00	2.00e-13	0.00e+00
 4.76194e+17	1.00e+00	1.90e-13	0.00e+00
 4.76989e+17	1.00e+00	1.79e-13	0.00e+00
 4.77836e+17	1.00e+00	1.68e-13	0.00e+00
 4.78671e+17	1.00e+00	1.57e-13	0.00e+00
 4.79485e+17	1.00e+00	1.47e-13	0.00e+00
 4.80336e+17	1.00e+00	1.37e-13	0.00e+00
 4.81259e+17	1.00e+00	1.27e-13	0.00e+00
 4.82212e+17	1.00e+00	1.17e-13	0.00e+00
 4.83090e+17	1.00e+00	1.07e-13	0.00e+00
 4.83812e+17	1.00e+00	9.95e-14	0.00e+00
 4.84398e+17	1.00e+00	9.37e-14	0.00e+00
 4.84934e+17	1.00e+00	8.89e-14	0.00e+00
 4.85483e+17	1.00e+00	8.46e-14	0.00e+00
 4.86051e+17	1.00e+00	8.00e-14	0.00e+00
 4.86593e+17	1.00e+00	7.56e-14	0.00e+00
 4.87076e+17	1.00e+00	7.17e-14	0.00e+00
 4.87508e+17	1.00e+00	6.85e-14	0.00e+00
 4.87918e+17	1.00e+00	6.56e-14	0.00e+00
 4.88331e+17	1.00e+00	6.28e-14	0.00e+00
 4.88748e+17	1.00e+00	6.00e-14	0.00e+00
 4.89148e+17	1.00e+00	5.74e-14	0.00e+00
 4.89518e+17	1.00e+00	5.50e-14	0.00e+00
 4.89863e+17	1.00e+00	5.29e-14	0.00e+00
 4.90198e+17	1.00e+00	5.09e-14	0.00e+00
 4.90534e+17	1.00e+00	4.89e-14	0.00e+00
 4.90865e+17	1.00e+00	4.71e-14	0.00e+00
 4.91184e+17	1.00e+00	4.53e-14	0.00e+00
 4.91484e+17	1.00e+00	4.36e-14	0.00e+00
 4.91771e+17	1.00e+00	4.21e-14	0.00e+00
 4.92051e+17	1.00e+00	4.06e-14	0.00e+00
 4.92329e+17	1.00e+00	3.92e-14	0.00e+00
 4.92600e+17	1.00e+00	3.79e-14	0.00e+00
 4.92862e+17	1.00e+00	3.66e-14	0.00e+00
 4.93112e+17	1.00e+00	3.53e-14	0.00e+00
 4.93352e+17	1.00e+00	3.42e-14	0.00e+00
 4.93586e+17	1.00e+00	3.31e-14	0.00e+00
 4.93818e+17	1.00e+00	3.20e-14	0.00e+00
 4.94083e+17	1.00e+00	3.10e-14	0.00e+00
 4.94428e+17	1.00e+00	2.97e-14	0.00e+00
 4.94876e+17	1.00e+00	2.81e-14	0.00e+00
 4.95458e+17	1.00e+00	2.60e-14	0.00e+00
 4.96181e+17	1.00e+00	2.35e-14	0.00e+00
 4.96989e+17	1.00e+00	2.06e-14	0.00e+00
 4.97829e+17	1.00e+00	1.80e-14	0.00e+00
 4.98738e+17	1.00e+00	1.55e-14	0.00e+00
 4.99660e+17	1.00e+00	1.30e-14	0.00e+00
 5.00424e+17	1.00e+00	1.11e-14	0.00e+00
 5.01001e+17	1.00e+00	9.91e-15	0.00e+00
