#depth	N	N+	N+2	N+3	N+4	N+5	N+6	N+7
 1.49634e+10	0.00e+00	0.00e+00	7.50e-30	4.40e-20	3.72e-11	1.18e-01	8.75e-01	7.03e-03
 4.54887e+10	0.00e+00	5.05e-40	1.02e-29	5.55e-20	4.33e-11	1.27e-01	8.67e-01	6.43e-03
 7.72350e+10	0.00e+00	0.00e+00	1.40e-29	6.99e-20	5.05e-11	1.36e-01	8.58e-01	5.88e-03
 1.10251e+11	0.00e+00	1.10e-39	1.91e-29	8.82e-20	5.88e-11	1.47e-01	8.48e-01	5.37e-03
 1.42084e+11	0.00e+00	0.00e+00	2.54e-29	1.09e-19	6.76e-11	1.57e-01	8.38e-01	4.93e-03
 1.71784e+11	0.00e+00	2.19e-39	3.29e-29	1.32e-19	7.68e-11	1.67e-01	8.29e-01	4.56e-03
 2.05177e+11	0.00e+00	0.00e+00	4.37e-29	1.63e-19	8.80e-11	1.78e-01	8.18e-01	4.19e-03
 2.43311e+11	0.00e+00	4.61e-39	5.95e-29	2.05e-19	1.02e-10	1.91e-01	8.06e-01	3.81e-03
 2.80431e+11	0.00e+00	0.00e+00	7.94e-29	2.54e-19	1.17e-10	2.03e-01	7.93e-01	3.48e-03
 3.15767e+11	0.00e+00	9.25e-39	1.03e-28	3.09e-19	1.33e-10	2.15e-01	7.81e-01	3.20e-03
 3.55056e+11	0.00e+00	0.00e+00	1.38e-28	3.82e-19	1.53e-10	2.29e-01	7.68e-01	2.92e-03
 3.99186e+11	0.00e+00	1.95e-38	1.87e-28	4.78e-19	1.77e-10	2.45e-01	7.53e-01	2.64e-03
 4.43197e+11	0.00e+00	0.00e+00	2.50e-28	5.94e-19	2.03e-10	2.60e-01	7.37e-01	2.40e-03
 4.88970e+11	0.00e+00	4.09e-38	3.36e-28	7.37e-19	2.33e-10	2.77e-01	7.21e-01	2.17e-03
 5.38455e+11	0.00e+00	0.00e+00	4.55e-28	9.21e-19	2.69e-10	2.94e-01	7.04e-01	1.95e-03
 5.89920e+11	0.00e+00	8.81e-38	6.16e-28	1.15e-18	3.10e-10	3.12e-01	6.86e-01	1.75e-03
 6.43444e+11	0.00e+00	0.00e+00	8.34e-28	1.43e-18	3.56e-10	3.31e-01	6.67e-01	1.57e-03
 6.99108e+11	0.00e+00	1.89e-37	1.13e-27	1.79e-18	4.09e-10	3.51e-01	6.48e-01	1.41e-03
 7.52120e+11	0.00e+00	0.00e+00	1.48e-27	2.18e-18	4.64e-10	3.69e-01	6.30e-01	1.27e-03
 8.00904e+11	0.00e+00	3.67e-37	1.89e-27	2.61e-18	5.18e-10	3.85e-01	6.14e-01	1.16e-03
 8.56452e+11	0.00e+00	0.00e+00	2.48e-27	3.17e-18	5.85e-10	4.04e-01	5.95e-01	1.04e-03
 9.20568e+11	0.00e+00	7.54e-37	3.34e-27	3.93e-18	6.68e-10	4.25e-01	5.74e-01	9.27e-04
 9.83151e+11	0.00e+00	0.00e+00	4.41e-27	4.80e-18	7.56e-10	4.45e-01	5.54e-01	8.28e-04
 1.03811e+12	0.00e+00	1.45e-36	5.57e-27	5.69e-18	8.39e-10	4.62e-01	5.37e-01	7.52e-04
 1.09583e+12	6.81e-47	1.97e-36	7.09e-27	6.76e-18	9.32e-10	4.80e-01	5.20e-01	6.80e-04
 1.16088e+12	0.00e+00	0.00e+00	9.19e-27	8.15e-18	1.04e-09	4.99e-01	5.00e-01	6.08e-04
 1.22268e+12	0.00e+00	3.73e-36	1.17e-26	9.66e-18	1.16e-09	5.17e-01	4.83e-01	5.48e-04
 1.29026e+12	2.20e-46	5.16e-36	1.50e-26	1.16e-17	1.29e-09	5.35e-01	4.64e-01	4.90e-04
 1.36498e+12	0.00e+00	0.00e+00	1.96e-26	1.40e-17	1.44e-09	5.55e-01	4.44e-01	4.35e-04
 1.43373e+12	0.00e+00	9.86e-36	2.48e-26	1.66e-17	1.59e-09	5.73e-01	4.27e-01	3.90e-04
 1.50786e+12	7.17e-46	1.36e-35	3.18e-26	1.97e-17	1.77e-09	5.91e-01	4.09e-01	3.47e-04
 1.59097e+12	0.00e+00	0.00e+00	4.15e-26	2.38e-17	1.98e-09	6.11e-01	3.89e-01	3.06e-04
 1.66954e+12	0.00e+00	2.61e-35	5.29e-26	2.83e-17	2.18e-09	6.28e-01	3.72e-01	2.72e-04
 1.75545e+12	2.41e-45	3.64e-35	6.83e-26	3.39e-17	2.42e-09	6.46e-01	3.54e-01	2.40e-04
 1.85102e+12	0.00e+00	0.00e+00	8.98e-26	4.11e-17	2.71e-09	6.65e-01	3.35e-01	2.09e-04
 1.94070e+12	0.00e+00	7.13e-35	1.15e-25	4.88e-17	2.99e-09	6.82e-01	3.18e-01	1.84e-04
 2.03801e+12	8.34e-45	9.99e-35	1.49e-25	5.86e-17	3.32e-09	6.99e-01	3.01e-01	1.61e-04
 2.14946e+12	0.00e+00	0.00e+00	1.98e-25	7.14e-17	3.72e-09	7.18e-01	2.82e-01	1.39e-04
 2.25789e+12	0.00e+00	2.03e-34	2.58e-25	8.59e-17	4.13e-09	7.34e-01	2.66e-01	1.20e-04
 2.35566e+12	2.90e-44	2.74e-34	3.25e-25	1.01e-16	4.51e-09	7.48e-01	2.52e-01	1.06e-04
 2.46179e+12	0.00e+00	3.76e-34	4.14e-25	1.19e-16	4.96e-09	7.62e-01	2.38e-01	9.30e-05
 2.58047e+12	6.50e-44	5.28e-34	5.38e-25	1.43e-16	5.49e-09	7.77e-01	2.23e-01	8.04e-05
 2.69308e+12	0.00e+00	7.21e-34	6.83e-25	1.69e-16	6.02e-09	7.90e-01	2.10e-01	7.03e-05
 2.81692e+12	1.43e-43	1.00e-33	8.80e-25	2.01e-16	6.62e-09	8.03e-01	1.97e-01	6.08e-05
 2.95326e+12	0.00e+00	1.42e-33	1.15e-24	2.42e-16	7.33e-09	8.16e-01	1.84e-01	5.21e-05
 3.07578e+12	3.21e-43	1.92e-33	1.45e-24	2.84e-16	8.01e-09	8.27e-01	1.72e-01	4.55e-05
 3.18127e+12	0.00e+00	2.47e-33	1.76e-24	3.25e-16	8.61e-09	8.36e-01	1.64e-01	4.06e-05
 3.29494e+12	6.08e-43	3.22e-33	2.16e-24	3.74e-16	9.29e-09	8.45e-01	1.55e-01	3.59e-05
 3.44133e+12	0.00e+00	4.48e-33	2.78e-24	4.45e-16	1.02e-08	8.56e-01	1.44e-01	3.09e-05
 3.59349e+12	1.37e-42	6.23e-33	3.58e-24	5.29e-16	1.12e-08	8.66e-01	1.34e-01	2.65e-05
 3.72419e+12	0.00e+00	8.19e-33	4.41e-24	6.12e-16	1.21e-08	8.73e-01	1.27e-01	2.33e-05
 3.86376e+12	2.74e-42	1.09e-32	5.48e-24	7.10e-16	1.31e-08	8.81e-01	1.19e-01	2.04e-05
 4.03646e+12	0.00e+00	1.52e-32	7.10e-24	8.49e-16	1.45e-08	8.90e-01	1.10e-01	1.73e-05
 4.21472e+12	6.30e-42	2.13e-32	9.18e-24	1.01e-15	1.59e-08	8.98e-01	1.02e-01	1.47e-05
 4.37750e+12	0.00e+00	2.87e-32	1.15e-23	1.18e-15	1.73e-08	9.05e-01	9.52e-02	1.28e-05
 4.55767e+12	1.34e-41	3.93e-32	1.47e-23	1.40e-15	1.89e-08	9.12e-01	8.84e-02	1.09e-05
 4.76766e+12	0.00e+00	5.61e-32	1.93e-23	1.69e-15	2.08e-08	9.19e-01	8.13e-02	9.19e-06
 4.97610e+12	3.17e-41	7.86e-32	2.50e-23	2.02e-15	2.29e-08	9.25e-01	7.50e-02	7.77e-06
 5.17634e+12	0.00e+00	1.07e-31	3.17e-23	2.38e-15	2.50e-08	9.30e-01	6.95e-02	6.64e-06
 5.39677e+12	7.02e-41	1.50e-31	4.09e-23	2.83e-15	2.74e-08	9.36e-01	6.41e-02	5.62e-06
 5.64256e+12	0.00e+00	2.13e-31	5.38e-23	3.42e-15	3.03e-08	9.41e-01	5.87e-02	4.69e-06
 5.87225e+12	1.61e-40	2.93e-31	6.87e-23	4.05e-15	3.31e-08	9.46e-01	5.42e-02	3.98e-06
 6.07553e+12	0.00e+00	3.85e-31	8.48e-23	4.68e-15	3.57e-08	9.49e-01	5.06e-02	3.46e-06
 6.30300e+12	3.25e-40	5.17e-31	1.06e-22	5.47e-15	3.88e-08	9.53e-01	4.70e-02	2.97e-06
 6.57517e+12	0.00e+00	7.26e-31	1.38e-22	6.56e-15	4.27e-08	9.57e-01	4.30e-02	2.48e-06
 6.85011e+12	7.42e-40	1.01e-30	1.78e-22	7.82e-15	4.68e-08	9.60e-01	3.95e-02	2.09e-06
 7.10736e+12	0.00e+00	1.36e-30	2.24e-22	9.16e-15	5.09e-08	9.63e-01	3.66e-02	1.78e-06
 7.39291e+12	1.58e-39	1.87e-30	2.86e-22	1.09e-14	5.57e-08	9.66e-01	3.37e-02	1.51e-06
 7.71855e+12	0.00e+00	2.64e-30	3.75e-22	1.31e-14	6.15e-08	9.69e-01	3.07e-02	1.25e-06
 8.00094e+12	3.46e-39	3.53e-30	4.69e-22	1.53e-14	6.68e-08	9.72e-01	2.84e-02	1.07e-06
 8.21796e+12	0.00e+00	4.38e-30	5.55e-22	1.72e-14	7.10e-08	9.73e-01	2.68e-02	9.47e-07
 8.44947e+12	5.93e-39	5.47e-30	6.60e-22	1.95e-14	7.57e-08	9.75e-01	2.52e-02	0.00e+00
 8.75044e+12	0.00e+00	7.25e-30	8.22e-22	2.27e-14	8.22e-08	9.77e-01	2.33e-02	0.00e+00
 9.07595e+12	1.20e-38	9.73e-30	1.03e-21	2.67e-14	8.95e-08	9.79e-01	2.15e-02	0.00e+00
 9.36737e+12	0.00e+00	1.25e-29	1.26e-21	3.07e-14	9.64e-08	9.80e-01	2.00e-02	0.00e+00
 9.68024e+12	2.26e-38	1.63e-29	1.55e-21	3.54e-14	1.04e-07	9.81e-01	1.86e-02	0.00e+00
 1.00692e+13	0.00e+00	2.24e-29	1.98e-21	4.22e-14	1.14e-07	9.83e-01	1.70e-02	0.00e+00
 1.04578e+13	4.79e-38	3.02e-29	2.52e-21	5.00e-14	1.25e-07	9.84e-01	1.56e-02	0.00e+00
 1.07888e+13	0.00e+00	3.87e-29	3.06e-21	5.74e-14	1.35e-07	9.85e-01	1.45e-02	0.00e+00
 1.11444e+13	8.84e-38	5.00e-29	3.74e-21	6.63e-14	1.46e-07	9.87e-01	1.35e-02	0.00e+00
 1.15872e+13	0.00e+00	6.80e-29	4.77e-21	7.90e-14	1.60e-07	9.88e-01	1.23e-02	0.00e+00
 1.20435e+13	1.85e-37	9.21e-29	6.07e-21	9.39e-14	1.76e-07	9.89e-01	1.12e-02	0.00e+00
 1.24523e+13	0.00e+00	1.19e-28	7.47e-21	1.09e-13	1.91e-07	9.90e-01	1.03e-02	0.00e+00
 1.28994e+13	3.51e-37	1.57e-28	9.28e-21	1.28e-13	2.07e-07	9.90e-01	9.51e-03	0.00e+00
 1.33882e+13	0.00e+00	2.09e-28	1.17e-20	1.51e-13	2.27e-07	9.91e-01	8.71e-03	0.00e+00
 1.38339e+13	6.69e-37	2.68e-28	1.43e-20	1.74e-13	2.46e-07	9.92e-01	8.06e-03	0.00e+00
 1.43158e+13	0.00e+00	3.48e-28	1.76e-20	2.03e-13	2.67e-07	9.93e-01	7.43e-03	0.00e+00
 1.48606e+13	1.28e-36	4.61e-28	2.20e-20	2.40e-13	2.93e-07	9.93e-01	6.80e-03	0.00e+00
 1.53822e+13	0.00e+00	5.98e-28	2.71e-20	2.79e-13	3.18e-07	9.94e-01	6.27e-03	0.00e+00
 1.59555e+13	2.42e-36	7.85e-28	3.37e-20	3.28e-13	3.47e-07	9.94e-01	5.75e-03	0.00e+00
 1.65606e+13	0.00e+00	1.03e-27	4.22e-20	3.86e-13	3.80e-07	9.95e-01	5.26e-03	0.00e+00
 1.70813e+13	4.42e-36	1.30e-27	5.06e-20	4.42e-13	4.09e-07	9.95e-01	4.89e-03	0.00e+00
 1.75435e+13	0.00e+00	1.58e-27	5.93e-20	4.96e-13	4.36e-07	9.95e-01	4.60e-03	0.00e+00
 1.80553e+13	7.20e-36	1.95e-27	7.02e-20	5.61e-13	4.67e-07	9.96e-01	4.30e-03	0.00e+00
 1.87208e+13	0.00e+00	2.54e-27	8.69e-20	6.55e-13	5.09e-07	9.96e-01	3.95e-03	0.00e+00
 1.94095e+13	1.35e-35	3.30e-27	1.07e-19	7.65e-13	5.54e-07	9.96e-01	3.63e-03	0.00e+00
 1.99866e+13	0.00e+00	4.08e-27	1.27e-19	8.67e-13	5.93e-07	9.97e-01	3.40e-03	0.00e+00
 2.05951e+13	2.27e-35	5.08e-27	1.52e-19	9.84e-13	6.36e-07	9.97e-01	3.17e-03	0.00e+00
 2.13728e+13	0.00e+00	6.65e-27	1.88e-19	1.15e-12	6.92e-07	9.97e-01	2.92e-03	0.00e+00
 2.21945e+13	4.36e-35	8.73e-27	2.34e-19	1.35e-12	7.55e-07	9.97e-01	2.68e-03	0.00e+00
 2.29305e+13	0.00e+00	1.11e-26	2.82e-19	1.55e-12	8.13e-07	9.98e-01	2.49e-03	0.00e+00
 2.37308e+13	7.84e-35	1.42e-26	3.44e-19	1.78e-12	8.79e-07	9.98e-01	2.31e-03	0.00e+00
 2.46247e+13	0.00e+00	1.86e-26	4.26e-19	2.08e-12	9.56e-07	9.98e-01	2.12e-03	0.00e+00
 2.54660e+13	1.45e-34	2.37e-26	5.17e-19	2.39e-12	1.03e-06	9.98e-01	1.97e-03	0.00e+00
 2.63854e+13	1.99e-34	3.07e-26	6.34e-19	2.76e-12	1.11e-06	9.98e-01	1.82e-03	0.00e+00
 2.74108e+13	2.78e-34	4.04e-26	7.90e-19	3.23e-12	1.21e-06	9.98e-01	1.67e-03	0.00e+00
 2.83751e+13	3.77e-34	5.20e-26	9.64e-19	3.73e-12	1.31e-06	9.98e-01	1.55e-03	0.00e+00
 2.94253e+13	5.21e-34	6.79e-26	1.19e-18	4.32e-12	1.42e-06	9.99e-01	1.43e-03	0.00e+00
 3.05984e+13	7.36e-34	9.03e-26	1.49e-18	5.07e-12	1.55e-06	9.99e-01	1.32e-03	0.00e+00
 3.16297e+13	9.92e-34	1.15e-25	1.80e-18	5.81e-12	1.66e-06	9.99e-01	1.23e-03	0.00e+00
 3.24532e+13	1.24e-33	1.39e-25	2.09e-18	6.45e-12	1.76e-06	9.99e-01	1.16e-03	0.00e+00
 3.33128e+13	1.57e-33	1.68e-25	2.43e-18	7.17e-12	1.86e-06	9.99e-01	1.10e-03	0.00e+00
 3.44303e+13	2.11e-33	2.14e-25	2.94e-18	8.20e-12	2.00e-06	9.99e-01	1.02e-03	0.00e+00
 3.56083e+13	2.85e-33	2.75e-25	3.57e-18	9.40e-12	2.15e-06	9.99e-01	9.48e-04	0.00e+00
 3.66296e+13	3.66e-33	3.38e-25	4.20e-18	1.06e-11	2.29e-06	9.99e-01	8.92e-04	0.00e+00
 3.77219e+13	4.77e-33	4.19e-25	4.97e-18	1.19e-11	2.44e-06	9.99e-01	8.37e-04	0.00e+00
 3.91210e+13	6.61e-33	5.48e-25	6.13e-18	1.38e-11	2.64e-06	9.99e-01	7.74e-04	0.00e+00
 4.05545e+13	9.10e-33	7.13e-25	7.55e-18	1.59e-11	2.86e-06	9.99e-01	7.16e-04	0.00e+00
 4.17667e+13	1.19e-32	8.86e-25	8.95e-18	1.80e-11	3.04e-06	9.99e-01	6.72e-04	0.00e+00
 4.30559e+13	1.56e-32	1.11e-24	1.07e-17	2.03e-11	3.25e-06	9.99e-01	6.30e-04	0.00e+00
 4.46752e+13	2.17e-32	1.46e-24	1.32e-17	2.36e-11	3.52e-06	9.99e-01	5.82e-04	0.00e+00
 4.63210e+13	3.00e-32	1.90e-24	1.63e-17	2.73e-11	3.81e-06	9.99e-01	5.38e-04	0.00e+00
 4.77335e+13	3.93e-32	2.37e-24	1.93e-17	3.08e-11	4.06e-06	9.99e-01	5.05e-04	0.00e+00
 4.92455e+13	5.20e-32	2.98e-24	2.32e-17	3.50e-11	4.34e-06	1.00e+00	4.72e-04	0.00e+00
 5.11170e+13	7.27e-32	3.93e-24	2.87e-17	4.07e-11	4.71e-06	1.00e+00	4.36e-04	0.00e+00
 5.30092e+13	1.00e-31	5.12e-24	3.54e-17	4.71e-11	5.09e-06	1.00e+00	4.03e-04	0.00e+00
 5.46623e+13	1.33e-31	6.43e-24	4.23e-17	5.33e-11	5.44e-06	1.00e+00	3.77e-04	0.00e+00
 5.64512e+13	1.77e-31	8.17e-24	5.10e-17	6.07e-11	5.83e-06	1.00e+00	3.52e-04	0.00e+00
 5.86265e+13	2.49e-31	1.08e-23	6.35e-17	7.08e-11	6.33e-06	1.00e+00	3.25e-04	0.00e+00
 6.08139e+13	3.47e-31	1.42e-23	7.85e-17	8.20e-11	6.84e-06	1.00e+00	3.00e-04	0.00e+00
 6.27854e+13	4.62e-31	1.79e-23	9.45e-17	9.33e-11	7.33e-06	1.00e+00	2.80e-04	0.00e+00
 6.49665e+13	6.30e-31	2.31e-23	1.15e-16	1.07e-10	7.88e-06	1.00e+00	2.61e-04	0.00e+00
 6.75383e+13	8.89e-31	3.07e-23	1.44e-16	1.25e-10	8.57e-06	1.00e+00	2.40e-04	0.00e+00
 7.00782e+13	1.25e-30	4.05e-23	1.79e-16	1.45e-10	9.27e-06	1.00e+00	2.22e-04	0.00e+00
 7.24527e+13	1.69e-30	5.19e-23	2.17e-16	1.66e-10	9.96e-06	1.00e+00	2.07e-04	0.00e+00
 7.51137e+13	2.34e-30	6.79e-23	2.68e-16	1.92e-10	1.07e-05	1.00e+00	1.92e-04	0.00e+00
 7.81482e+13	3.38e-30	9.15e-23	3.37e-16	2.25e-10	1.17e-05	1.00e+00	1.76e-04	0.00e+00
 8.09248e+13	4.64e-30	1.19e-22	4.13e-16	2.59e-10	1.26e-05	1.00e+00	1.64e-04	0.00e+00
 8.33000e+13	6.03e-30	1.47e-22	4.89e-16	2.91e-10	1.34e-05	1.00e+00	1.54e-04	0.00e+00
 8.55261e+13	7.69e-30	1.79e-22	5.71e-16	3.23e-10	1.41e-05	1.00e+00	1.46e-04	0.00e+00
 8.80117e+13	1.00e-29	2.23e-22	6.75e-16	3.63e-10	1.50e-05	1.00e+00	1.37e-04	0.00e+00
 9.08034e+13	1.35e-29	2.83e-22	8.11e-16	4.11e-10	1.60e-05	1.00e+00	1.29e-04	0.00e+00
 9.34574e+13	1.76e-29	3.52e-22	9.60e-16	4.61e-10	1.70e-05	1.00e+00	1.21e-04	0.00e+00
 9.63721e+13	2.34e-29	4.44e-22	1.15e-15	5.21e-10	1.81e-05	1.00e+00	1.14e-04	0.00e+00
 9.96044e+13	3.19e-29	5.71e-22	1.40e-15	5.95e-10	1.94e-05	1.00e+00	1.06e-04	0.00e+00
 1.02630e+14	4.21e-29	7.16e-22	1.66e-15	6.70e-10	2.07e-05	1.00e+00	9.98e-05	0.00e+00
 1.05942e+14	5.70e-29	9.15e-22	2.01e-15	7.61e-10	2.20e-05	1.00e+00	9.36e-05	0.00e+00
 1.09680e+14	7.95e-29	1.20e-21	2.46e-15	8.74e-10	2.37e-05	1.00e+00	8.72e-05	0.00e+00
 1.13262e+14	1.08e-28	1.53e-21	2.98e-15	9.94e-10	2.53e-05	1.00e+00	8.17e-05	0.00e+00
 1.17212e+14	1.50e-28	2.00e-21	3.65e-15	1.14e-09	2.71e-05	1.00e+00	7.62e-05	0.00e+00
 1.21558e+14	2.12e-28	2.65e-21	4.52e-15	1.32e-09	2.92e-05	1.00e+00	7.07e-05	0.00e+00
 1.25562e+14	2.89e-28	3.40e-21	5.48e-15	1.50e-09	3.11e-05	1.00e+00	6.63e-05	0.00e+00
 1.29909e+14	4.02e-28	4.44e-21	6.71e-15	1.72e-09	3.33e-05	1.00e+00	6.19e-05	0.00e+00
 1.34807e+14	5.80e-28	5.95e-21	8.37e-15	1.99e-09	3.59e-05	1.00e+00	5.75e-05	0.00e+00
 1.39479e+14	8.07e-28	7.77e-21	1.02e-14	2.28e-09	3.84e-05	1.00e+00	5.37e-05	0.00e+00
 1.44560e+14	1.14e-27	1.03e-20	1.27e-14	2.63e-09	4.13e-05	1.00e+00	5.00e-05	0.00e+00
 1.50179e+14	1.66e-27	1.39e-20	1.59e-14	3.06e-09	4.45e-05	1.00e+00	4.63e-05	0.00e+00
 1.55496e+14	2.32e-27	1.82e-20	1.96e-14	3.51e-09	4.77e-05	1.00e+00	4.32e-05	0.00e+00
 1.61219e+14	3.32e-27	2.42e-20	2.43e-14	4.05e-09	5.12e-05	1.00e+00	4.03e-05	0.00e+00
 1.67698e+14	4.93e-27	3.32e-20	3.08e-14	4.74e-09	5.53e-05	1.00e+00	3.73e-05	0.00e+00
 1.74108e+14	7.03e-27	4.44e-20	3.85e-14	5.50e-09	5.96e-05	1.00e+00	3.46e-05	0.00e+00
 1.80320e+14	9.96e-27	5.86e-20	4.75e-14	6.32e-09	6.38e-05	1.00e+00	3.23e-05	0.00e+00
 1.87108e+14	1.43e-26	7.86e-20	5.93e-14	7.32e-09	6.86e-05	1.00e+00	3.00e-05	0.00e+00
 1.94622e+14	2.11e-26	1.07e-19	7.50e-14	8.56e-09	7.41e-05	1.00e+00	2.78e-05	0.00e+00
 2.01086e+14	2.95e-26	1.40e-19	9.13e-14	9.74e-09	7.90e-05	1.00e+00	2.61e-05	0.00e+00
 2.06001e+14	3.69e-26	1.68e-19	1.05e-13	1.07e-08	8.29e-05	1.00e+00	2.48e-05	0.00e+00
 2.11251e+14	4.74e-26	2.05e-19	1.23e-13	1.18e-08	8.71e-05	1.00e+00	2.36e-05	0.00e+00
 2.18076e+14	6.48e-26	2.64e-19	1.49e-13	1.34e-08	9.27e-05	1.00e+00	2.22e-05	0.00e+00
 2.25530e+14	9.02e-26	3.44e-19	1.82e-13	1.54e-08	9.90e-05	1.00e+00	2.08e-05	0.00e+00
 2.32326e+14	1.22e-25	4.37e-19	2.17e-13	1.73e-08	1.05e-04	1.00e+00	1.96e-05	0.00e+00
 2.39685e+14	1.63e-25	5.56e-19	2.62e-13	1.96e-08	1.12e-04	1.00e+00	1.84e-05	0.00e+00
 2.48736e+14	2.35e-25	7.46e-19	3.27e-13	2.27e-08	1.20e-04	1.00e+00	1.71e-05	0.00e+00
 2.57814e+14	3.37e-25	9.93e-19	4.06e-13	2.61e-08	1.29e-04	1.00e+00	1.60e-05	0.00e+00
 2.65791e+14	4.45e-25	1.25e-18	4.87e-13	2.95e-08	1.37e-04	1.00e+00	1.50e-05	0.00e+00
 2.74509e+14	6.11e-25	1.61e-18	5.92e-13	3.36e-08	1.46e-04	1.00e+00	1.41e-05	0.00e+00
 2.85040e+14	8.89e-25	2.18e-18	7.41e-13	3.90e-08	1.57e-04	1.00e+00	1.31e-05	0.00e+00
 2.95365e+14	1.25e-24	2.87e-18	9.17e-13	4.49e-08	1.68e-04	1.00e+00	1.22e-05	0.00e+00
 3.04335e+14	1.63e-24	3.59e-18	1.10e-12	5.06e-08	1.79e-04	1.00e+00	1.15e-05	0.00e+00
 3.14109e+14	2.24e-24	4.62e-18	1.33e-12	5.74e-08	1.90e-04	1.00e+00	1.08e-05	0.00e+00
 3.26040e+14	3.13e-24	6.09e-18	1.66e-12	6.66e-08	2.05e-04	1.00e+00	1.00e-05	0.00e+00
 3.38020e+14	4.49e-24	8.13e-18	2.06e-12	7.69e-08	2.20e-04	1.00e+00	9.32e-06	0.00e+00
 3.48656e+14	5.89e-24	1.02e-17	2.47e-12	8.71e-08	2.35e-04	1.00e+00	8.74e-06	0.00e+00
 3.60304e+14	8.13e-24	1.32e-17	3.01e-12	9.93e-08	2.51e-04	1.00e+00	8.19e-06	0.00e+00
 3.74241e+14	1.14e-23	1.75e-17	3.77e-12	1.16e-07	2.71e-04	1.00e+00	7.58e-06	0.00e+00
 3.88039e+14	1.58e-23	2.30e-17	4.68e-12	1.34e-07	2.91e-04	1.00e+00	7.04e-06	0.00e+00
 4.00487e+14	2.11e-23	2.92e-17	5.65e-12	1.52e-07	3.10e-04	1.00e+00	6.60e-06	0.00e+00
 4.14293e+14	2.95e-23	3.81e-17	6.92e-12	1.74e-07	3.32e-04	1.00e+00	6.17e-06	0.00e+00
 4.30553e+14	4.10e-23	5.03e-17	8.70e-12	2.02e-07	3.60e-04	1.00e+00	5.70e-06	0.00e+00
 4.46588e+14	5.83e-23	6.68e-17	1.08e-11	2.34e-07	3.87e-04	1.00e+00	5.29e-06	0.00e+00
 4.61502e+14	7.66e-23	8.43e-17	1.31e-11	2.67e-07	4.14e-04	1.00e+00	4.94e-06	0.00e+00
 4.78230e+14	1.06e-22	1.10e-16	1.62e-11	3.08e-07	4.45e-04	1.00e+00	4.60e-06	0.00e+00
 4.97389e+14	1.50e-22	1.47e-16	2.05e-11	3.61e-07	4.83e-04	1.00e+00	4.24e-06	0.00e+00
 5.15008e+14	2.09e-22	1.93e-16	2.52e-11	4.15e-07	5.18e-04	9.99e-01	3.95e-06	0.00e+00
 5.30250e+14	2.66e-22	2.37e-16	2.99e-11	4.66e-07	5.51e-04	9.99e-01	3.72e-06	0.00e+00
 5.47248e+14	3.54e-22	2.99e-16	3.61e-11	5.29e-07	5.87e-04	9.99e-01	3.49e-06	0.00e+00
 5.65053e+14	4.66e-22	3.78e-16	4.37e-11	6.01e-07	6.27e-04	9.99e-01	3.26e-06	0.00e+00
 5.80174e+14	5.98e-22	4.62e-16	5.11e-11	6.68e-07	6.62e-04	9.99e-01	3.09e-06	0.00e+00
 5.96099e+14	7.48e-22	5.60e-16	5.99e-11	7.45e-07	7.00e-04	9.99e-01	2.92e-06	0.00e+00
 6.16800e+14	1.02e-21	7.22e-16	7.34e-11	8.54e-07	7.51e-04	9.99e-01	2.72e-06	0.00e+00
 6.38176e+14	1.36e-21	9.22e-16	8.98e-11	9.80e-07	8.06e-04	9.99e-01	2.54e-06	0.00e+00
 6.55960e+14	1.74e-21	1.13e-15	1.06e-10	1.09e-06	8.52e-04	9.99e-01	2.40e-06	0.00e+00
 6.74609e+14	2.24e-21	1.39e-15	1.25e-10	1.22e-06	9.03e-04	9.99e-01	2.26e-06	0.00e+00
 6.98854e+14	3.01e-21	1.79e-15	1.54e-10	1.41e-06	9.71e-04	9.99e-01	2.10e-06	0.00e+00
 7.24249e+14	4.17e-21	2.34e-15	1.90e-10	1.63e-06	1.04e-03	9.99e-01	1.95e-06	0.00e+00
 7.46125e+14	5.33e-21	2.89e-15	2.26e-10	1.83e-06	1.11e-03	9.99e-01	1.83e-06	0.00e+00
 7.69549e+14	7.08e-21	3.65e-15	2.72e-10	2.07e-06	1.18e-03	9.99e-01	1.72e-06	0.00e+00
 7.98459e+14	9.65e-21	4.75e-15	3.38e-10	2.40e-06	1.28e-03	9.99e-01	1.59e-06	0.00e+00
 8.27800e+14	1.33e-20	6.20e-15	4.19e-10	2.78e-06	1.38e-03	9.99e-01	1.48e-06	0.00e+00
 8.53830e+14	1.73e-20	7.72e-15	5.02e-10	3.14e-06	1.47e-03	9.99e-01	1.39e-06	0.00e+00
 8.82260e+14	2.31e-20	9.84e-15	6.10e-10	3.58e-06	1.57e-03	9.98e-01	1.29e-06	0.00e+00
 9.16311e+14	3.21e-20	1.30e-14	7.62e-10	4.17e-06	1.70e-03	9.98e-01	1.20e-06	0.00e+00
 9.50048e+14	4.37e-20	1.68e-14	9.44e-10	4.82e-06	1.83e-03	9.98e-01	1.11e-06	0.00e+00
 9.80556e+14	5.70e-20	2.11e-14	1.14e-09	5.47e-06	1.96e-03	9.98e-01	1.04e-06	0.00e+00
 1.01449e+15	7.68e-20	2.70e-14	1.39e-09	6.26e-06	2.10e-03	9.98e-01	9.65e-07	0.00e+00
 1.05436e+15	1.06e-19	3.56e-14	1.74e-09	7.31e-06	2.28e-03	9.98e-01	0.00e+00	0.00e+00
 1.09363e+15	1.46e-19	4.63e-14	2.16e-09	8.47e-06	2.46e-03	9.98e-01	0.00e+00	0.00e+00
 1.13037e+15	1.93e-19	5.88e-14	2.63e-09	9.67e-06	2.64e-03	9.97e-01	0.00e+00	0.00e+00
 1.17151e+15	2.61e-19	7.59e-14	3.24e-09	1.12e-05	2.84e-03	9.97e-01	0.00e+00	0.00e+00
 1.21079e+15	3.47e-19	9.64e-14	3.94e-09	1.27e-05	3.05e-03	9.97e-01	0.00e+00	0.00e+00
 1.23965e+15	4.21e-19	1.14e-13	4.52e-09	1.40e-05	3.20e-03	9.97e-01	0.00e+00	0.00e+00
 1.26857e+15	5.13e-19	1.34e-13	5.17e-09	1.53e-05	3.37e-03	9.97e-01	0.00e+00	0.00e+00
 1.30616e+15	6.53e-19	1.65e-13	6.14e-09	1.73e-05	3.59e-03	9.96e-01	0.00e+00	0.00e+00
 1.34697e+15	8.46e-19	2.05e-13	7.35e-09	1.95e-05	3.83e-03	9.96e-01	0.00e+00	0.00e+00
 1.38379e+15	1.05e-18	2.48e-13	8.62e-09	2.18e-05	4.06e-03	9.96e-01	0.00e+00	0.00e+00
 1.42347e+15	1.34e-18	3.04e-13	1.02e-08	2.44e-05	4.32e-03	9.96e-01	0.00e+00	0.00e+00
 1.46826e+15	1.71e-18	3.76e-13	1.22e-08	2.76e-05	4.61e-03	9.95e-01	0.00e+00	0.00e+00
 1.51128e+15	2.19e-18	4.63e-13	1.44e-08	3.10e-05	4.92e-03	9.95e-01	0.00e+00	0.00e+00
 1.55881e+15	2.80e-18	5.72e-13	1.73e-08	3.51e-05	5.26e-03	9.95e-01	0.00e+00	0.00e+00
 1.61153e+15	3.73e-18	7.28e-13	2.10e-08	4.01e-05	5.66e-03	9.94e-01	0.00e+00	0.00e+00
 1.66052e+15	4.69e-18	8.90e-13	2.50e-08	4.53e-05	6.04e-03	9.94e-01	0.00e+00	0.00e+00
 1.71373e+15	6.15e-18	1.12e-12	3.01e-08	5.14e-05	6.48e-03	9.93e-01	0.00e+00	0.00e+00
 1.77377e+15	8.11e-18	1.42e-12	3.68e-08	5.90e-05	7.00e-03	9.93e-01	0.00e+00	0.00e+00
 1.83147e+15	1.05e-17	1.77e-12	4.43e-08	6.71e-05	7.51e-03	9.92e-01	0.00e+00	0.00e+00
 1.89529e+15	1.38e-17	2.25e-12	5.42e-08	7.69e-05	8.11e-03	9.92e-01	0.00e+00	0.00e+00
 1.96595e+15	1.86e-17	2.91e-12	6.71e-08	8.91e-05	8.81e-03	9.91e-01	0.00e+00	0.00e+00
 2.03103e+15	2.38e-17	3.61e-12	8.12e-08	1.02e-04	9.46e-03	9.90e-01	0.00e+00	0.00e+00
 2.10116e+15	3.20e-17	4.63e-12	9.91e-08	1.16e-04	1.02e-02	9.90e-01	0.00e+00	0.00e+00
 2.18002e+15	4.29e-17	5.97e-12	1.23e-07	1.35e-04	1.11e-02	9.89e-01	0.00e+00	0.00e+00
 2.25455e+15	5.64e-17	7.56e-12	1.50e-07	1.54e-04	1.20e-02	9.88e-01	0.00e+00	0.00e+00
 2.33567e+15	7.56e-17	9.72e-12	1.85e-07	1.78e-04	1.30e-02	9.87e-01	0.00e+00	0.00e+00
 2.42631e+15	1.03e-16	1.27e-11	2.31e-07	2.07e-04	1.41e-02	9.86e-01	0.00e+00	0.00e+00
 2.51151e+15	2.18e-16	1.62e-11	2.84e-07	2.38e-04	1.53e-02	9.84e-01	0.00e+00	0.00e+00
 2.58059e+15	1.85e-16	1.94e-11	3.33e-07	2.65e-04	1.62e-02	9.84e-01	0.00e+00	0.00e+00
 2.63634e+15	2.22e-16	2.27e-11	3.78e-07	2.88e-04	1.70e-02	9.83e-01	0.00e+00	0.00e+00
 2.69854e+15	2.75e-16	2.70e-11	4.35e-07	3.16e-04	1.79e-02	9.82e-01	0.00e+00	0.00e+00
 2.77939e+15	3.54e-16	3.34e-11	5.18e-07	3.56e-04	1.92e-02	9.80e-01	0.00e+00	0.00e+00
 2.86510e+15	4.58e-16	4.16e-11	6.21e-07	4.02e-04	2.05e-02	9.79e-01	0.00e+00	0.00e+00
 2.93949e+15	5.65e-16	4.98e-11	7.24e-07	4.45e-04	2.17e-02	9.78e-01	0.00e+00	0.00e+00
 3.01855e+15	6.93e-16	5.97e-11	8.49e-07	4.95e-04	2.31e-02	9.76e-01	0.00e+00	0.00e+00
 3.12132e+15	9.50e-16	7.72e-11	1.04e-06	5.66e-04	2.49e-02	9.75e-01	0.00e+00	0.00e+00
 3.22634e+15	1.26e-15	9.82e-11	1.27e-06	6.46e-04	2.68e-02	9.73e-01	0.00e+00	0.00e+00
 3.31243e+15	1.58e-15	1.19e-10	1.48e-06	7.17e-04	2.84e-02	9.71e-01	0.00e+00	0.00e+00
 3.40250e+15	1.98e-15	1.44e-10	1.74e-06	7.98e-04	3.01e-02	9.69e-01	0.00e+00	0.00e+00
 3.51959e+15	2.64e-15	1.84e-10	2.14e-06	9.14e-04	3.25e-02	9.67e-01	0.00e+00	0.00e+00
 3.64319e+15	3.48e-15	2.35e-10	2.63e-06	1.05e-03	3.50e-02	9.64e-01	0.00e+00	0.00e+00
 3.75142e+15	4.51e-15	2.93e-10	3.15e-06	1.18e-03	3.73e-02	9.61e-01	0.00e+00	0.00e+00
 3.86827e+15	6.16e-15	3.75e-10	3.79e-06	1.33e-03	4.00e-02	9.59e-01	0.00e+00	0.00e+00
 4.01302e+15	8.36e-15	4.89e-10	4.74e-06	1.54e-03	4.33e-02	9.55e-01	0.00e+00	0.00e+00
 4.16144e+15	1.13e-14	6.34e-10	5.91e-06	1.78e-03	4.68e-02	9.51e-01	0.00e+00	0.00e+00
 4.29394e+15	1.56e-14	8.21e-10	7.17e-06	2.02e-03	5.02e-02	9.48e-01	0.00e+00	0.00e+00
 4.43833e+15	2.02e-14	1.03e-09	8.76e-06	2.30e-03	5.38e-02	9.44e-01	0.00e+00	0.00e+00
 4.61035e+15	2.95e-14	1.41e-09	1.11e-05	2.68e-03	5.85e-02	9.39e-01	0.00e+00	0.00e+00
 4.78024e+15	4.11e-14	1.85e-09	1.38e-05	3.10e-03	6.32e-02	9.34e-01	0.00e+00	0.00e+00
 4.93470e+15	5.42e-14	2.35e-09	1.68e-05	3.51e-03	6.76e-02	9.29e-01	0.00e+00	0.00e+00
 5.10718e+15	7.20e-14	3.01e-09	2.07e-05	4.03e-03	7.27e-02	9.23e-01	0.00e+00	0.00e+00
 5.27516e+15	9.66e-14	3.86e-09	2.53e-05	4.58e-03	7.78e-02	9.18e-01	0.00e+00	0.00e+00
 5.39905e+15	1.25e-13	4.72e-09	2.92e-05	5.02e-03	8.17e-02	9.13e-01	0.00e+00	0.00e+00
 5.52184e+15	1.54e-13	5.62e-09	3.35e-05	5.49e-03	8.57e-02	9.09e-01	0.00e+00	0.00e+00
 5.68147e+15	1.94e-13	6.88e-09	3.99e-05	6.15e-03	9.08e-02	9.03e-01	0.00e+00	0.00e+00
 5.85478e+15	2.65e-13	8.86e-09	4.81e-05	6.93e-03	9.68e-02	8.96e-01	0.00e+00	0.00e+00
 6.00928e+15	3.35e-13	1.08e-08	5.64e-05	7.68e-03	1.02e-01	8.90e-01	0.00e+00	0.00e+00
 6.17354e+15	4.21e-13	1.32e-08	6.65e-05	8.55e-03	1.08e-01	8.84e-01	0.00e+00	0.00e+00
 6.38707e+15	5.99e-13	1.75e-08	8.24e-05	9.79e-03	1.16e-01	8.74e-01	0.00e+00	0.00e+00
 6.60290e+15	8.19e-13	2.27e-08	1.01e-04	1.12e-02	1.24e-01	8.65e-01	0.00e+00	0.00e+00
 6.77654e+15	1.05e-12	2.79e-08	1.19e-04	1.24e-02	1.30e-01	8.57e-01	0.00e+00	0.00e+00
 6.95708e+15	1.35e-12	3.43e-08	1.40e-04	1.37e-02	1.37e-01	8.49e-01	0.00e+00	0.00e+00
 7.19179e+15	1.77e-12	4.36e-08	1.71e-04	1.56e-02	1.46e-01	8.38e-01	0.00e+00	0.00e+00
 7.43923e+15	2.54e-12	5.82e-08	2.11e-04	1.79e-02	1.56e-01	8.26e-01	0.00e+00	0.00e+00
 7.65317e+15	3.30e-12	7.25e-08	2.51e-04	1.99e-02	1.65e-01	8.15e-01	0.00e+00	0.00e+00
 7.88122e+15	4.25e-12	9.02e-08	3.01e-04	2.23e-02	1.74e-01	8.03e-01	0.00e+00	0.00e+00
 8.17033e+15	6.28e-12	1.23e-07	3.79e-04	2.58e-02	1.87e-01	7.87e-01	0.00e+00	0.00e+00
 8.45588e+15	8.68e-12	1.62e-07	4.68e-04	2.95e-02	1.99e-01	7.71e-01	0.00e+00	0.00e+00
 8.69499e+15	1.14e-11	2.02e-07	5.56e-04	3.28e-02	2.09e-01	7.57e-01	0.00e+00	0.00e+00
 8.95667e+15	1.52e-11	2.57e-07	6.70e-04	3.68e-02	2.21e-01	7.42e-01	0.00e+00	0.00e+00
 9.24932e+15	1.99e-11	3.25e-07	8.15e-04	4.16e-02	2.33e-01	7.24e-01	0.00e+00	0.00e+00
 9.52749e+15	2.78e-11	4.23e-07	9.86e-04	4.68e-02	2.46e-01	7.06e-01	0.00e+00	0.00e+00
 9.78676e+15	3.59e-11	5.24e-07	1.17e-03	5.18e-02	2.57e-01	6.90e-01	0.00e+00	0.00e+00
 1.00762e+16	4.61e-11	6.51e-07	1.40e-03	5.79e-02	2.69e-01	6.71e-01	0.00e+00	0.00e+00
 1.03718e+16	6.40e-11	8.44e-07	1.68e-03	6.47e-02	2.83e-01	6.51e-01	0.00e+00	0.00e+00
 1.06041e+16	7.90e-11	1.01e-06	1.93e-03	7.04e-02	2.92e-01	6.35e-01	0.00e+00	0.00e+00
 1.08346e+16	9.82e-11	1.20e-06	2.21e-03	7.64e-02	3.02e-01	6.19e-01	0.00e+00	0.00e+00
 1.11343e+16	1.24e-10	1.48e-06	2.62e-03	8.46e-02	3.14e-01	5.99e-01	0.00e+00	0.00e+00
 1.14523e+16	1.71e-10	1.91e-06	3.15e-03	9.42e-02	3.27e-01	5.76e-01	0.00e+00	0.00e+00
 1.17181e+16	2.14e-10	2.29e-06	3.64e-03	1.03e-01	3.37e-01	5.57e-01	0.00e+00	0.00e+00
 1.19877e+16	2.63e-10	2.74e-06	4.21e-03	1.12e-01	3.47e-01	5.37e-01	0.00e+00	0.00e+00
 1.23383e+16	3.70e-10	3.59e-06	5.11e-03	1.25e-01	3.60e-01	5.10e-01	0.00e+00	0.00e+00
 1.26791e+16	4.68e-10	4.40e-06	6.06e-03	1.37e-01	3.70e-01	4.87e-01	0.00e+00	0.00e+00
 1.29493e+16	6.12e-10	5.43e-06	7.00e-03	1.49e-01	3.79e-01	4.65e-01	0.00e+00	0.00e+00
 1.32428e+16	7.79e-10	6.61e-06	8.14e-03	1.62e-01	3.87e-01	4.43e-01	0.00e+00	0.00e+00
 1.35693e+16	9.68e-10	7.99e-06	9.53e-03	1.76e-01	3.95e-01	4.20e-01	0.00e+00	0.00e+00
 1.38750e+16	1.30e-09	1.01e-05	1.11e-02	1.92e-01	4.02e-01	3.95e-01	0.00e+00	0.00e+00
 1.41564e+16	1.62e-09	1.20e-05	1.28e-02	2.06e-01	4.07e-01	3.74e-01	0.00e+00	0.00e+00
 1.44698e+16	1.99e-09	1.44e-05	1.48e-02	2.22e-01	4.11e-01	3.52e-01	0.00e+00	0.00e+00
 1.48152e+16	2.78e-09	1.86e-05	1.76e-02	2.42e-01	4.15e-01	3.25e-01	0.00e+00	0.00e+00
 1.51099e+16	3.42e-09	2.22e-05	2.02e-02	2.59e-01	4.16e-01	3.04e-01	0.00e+00	0.00e+00
 1.53569e+16	4.06e-09	2.56e-05	2.27e-02	2.74e-01	4.16e-01	2.87e-01	0.00e+00	0.00e+00
 1.56340e+16	5.04e-09	3.05e-05	2.59e-02	2.92e-01	4.15e-01	2.67e-01	0.00e+00	0.00e+00
 1.59393e+16	6.88e-09	3.87e-05	3.02e-02	3.13e-01	4.13e-01	2.44e-01	0.00e+00	0.00e+00
 1.62085e+16	8.60e-09	4.63e-05	3.43e-02	3.31e-01	4.10e-01	2.25e-01	0.00e+00	0.00e+00
 1.64407e+16	1.05e-08	5.42e-05	3.84e-02	3.47e-01	4.05e-01	2.09e-01	0.00e+00	0.00e+00
 1.66595e+16	1.27e-08	6.30e-05	4.27e-02	3.63e-01	4.00e-01	1.94e-01	0.00e+00	0.00e+00
 1.68735e+16	1.46e-08	7.10e-05	4.71e-02	3.78e-01	3.94e-01	1.81e-01	0.00e+00	0.00e+00
 1.71193e+16	1.88e-08	8.62e-05	5.35e-02	3.97e-01	3.85e-01	1.64e-01	0.00e+00	0.00e+00
 1.73798e+16	2.39e-08	1.04e-04	6.08e-02	4.16e-01	3.75e-01	1.48e-01	0.00e+00	0.00e+00
 1.76026e+16	2.83e-08	1.20e-04	6.77e-02	4.32e-01	3.65e-01	1.35e-01	0.00e+00	0.00e+00
 1.78039e+16	3.68e-08	1.45e-04	7.55e-02	4.48e-01	3.54e-01	1.22e-01	0.00e+00	0.00e+00
 1.79977e+16	4.38e-08	1.66e-04	8.32e-02	4.63e-01	3.43e-01	1.11e-01	0.00e+00	0.00e+00
 1.82130e+16	5.21e-08	1.92e-04	9.28e-02	4.79e-01	3.29e-01	9.91e-02	0.00e+00	0.00e+00
 1.84435e+16	6.56e-08	2.30e-04	1.05e-01	4.95e-01	3.13e-01	8.68e-02	0.00e+00	0.00e+00
 1.86370e+16	8.69e-08	2.81e-04	1.17e-01	5.09e-01	2.98e-01	7.62e-02	0.00e+00	0.00e+00
 1.87901e+16	1.04e-07	3.23e-04	1.27e-01	5.19e-01	2.85e-01	6.83e-02	0.00e+00	0.00e+00
 1.89477e+16	1.27e-07	3.73e-04	1.39e-01	5.29e-01	2.71e-01	6.05e-02	0.00e+00	0.00e+00
 1.91216e+16	1.48e-07	4.23e-04	1.52e-01	5.40e-01	2.55e-01	5.30e-02	0.00e+00	0.00e+00
 1.92818e+16	1.81e-07	4.92e-04	1.66e-01	5.48e-01	2.39e-01	4.60e-02	0.00e+00	0.00e+00
 1.94222e+16	2.20e-07	5.68e-04	1.80e-01	5.55e-01	2.25e-01	4.01e-02	0.00e+00	0.00e+00
 1.95470e+16	2.77e-07	6.68e-04	1.94e-01	5.60e-01	2.10e-01	3.47e-02	0.00e+00	0.00e+00
 1.96532e+16	3.28e-07	7.55e-04	2.06e-01	5.64e-01	1.98e-01	3.06e-02	0.00e+00	0.00e+00
 1.97441e+16	3.74e-07	8.31e-04	2.17e-01	5.67e-01	1.88e-01	2.74e-02	0.00e+00	0.00e+00
 1.98458e+16	4.12e-07	8.97e-04	2.29e-01	5.69e-01	1.76e-01	2.42e-02	0.00e+00	0.00e+00
 1.99781e+16	5.27e-07	1.07e-03	2.48e-01	5.71e-01	1.60e-01	1.98e-02	0.00e+00	0.00e+00
 2.00996e+16	6.37e-07	1.23e-03	2.66e-01	5.71e-01	1.45e-01	1.64e-02	0.00e+00	0.00e+00
 2.01706e+16	7.27e-07	1.34e-03	2.77e-01	5.71e-01	1.37e-01	1.45e-02	0.00e+00	0.00e+00
 2.02149e+16	7.82e-07	1.42e-03	2.84e-01	5.70e-01	1.31e-01	1.34e-02	0.00e+00	0.00e+00
 2.02611e+16	8.48e-07	1.50e-03	2.91e-01	5.70e-01	1.25e-01	1.23e-02	0.00e+00	0.00e+00
 2.03211e+16	9.06e-07	1.58e-03	3.00e-01	5.69e-01	1.18e-01	1.10e-02	0.00e+00	0.00e+00
 2.03991e+16	1.07e-06	1.77e-03	3.14e-01	5.67e-01	1.08e-01	9.26e-03	0.00e+00	0.00e+00
 2.04707e+16	1.21e-06	1.93e-03	3.26e-01	5.64e-01	9.99e-02	7.94e-03	0.00e+00	0.00e+00
 2.05204e+16	1.33e-06	2.07e-03	3.35e-01	5.62e-01	9.40e-02	7.05e-03	0.00e+00	0.00e+00
 2.05711e+16	1.45e-06	2.20e-03	3.44e-01	5.59e-01	8.80e-02	6.23e-03	0.00e+00	0.00e+00
 2.06370e+16	1.66e-06	2.41e-03	3.57e-01	5.56e-01	8.03e-02	5.22e-03	0.00e+00	0.00e+00
 2.07027e+16	1.86e-06	2.62e-03	3.68e-01	5.51e-01	7.32e-02	4.38e-03	0.00e+00	0.00e+00
 2.07548e+16	1.99e-06	2.75e-03	3.77e-01	5.48e-01	6.80e-02	3.82e-03	0.00e+00	0.00e+00
 2.08093e+16	2.21e-06	2.96e-03	3.87e-01	5.44e-01	6.22e-02	3.23e-03	0.00e+00	0.00e+00
 2.08704e+16	2.55e-06	3.26e-03	3.99e-01	5.39e-01	5.61e-02	2.64e-03	0.00e+00	0.00e+00
 2.09237e+16	2.81e-06	3.49e-03	4.09e-01	5.34e-01	5.13e-02	2.23e-03	0.00e+00	0.00e+00
 2.09769e+16	3.10e-06	3.74e-03	4.19e-01	5.29e-01	4.65e-02	1.85e-03	0.00e+00	0.00e+00
 2.10460e+16	3.53e-06	4.09e-03	4.32e-01	5.22e-01	4.08e-02	1.45e-03	0.00e+00	0.00e+00
 2.11177e+16	4.04e-06	4.48e-03	4.45e-01	5.14e-01	3.56e-02	1.11e-03	0.00e+00	0.00e+00
 2.11785e+16	4.51e-06	4.84e-03	4.55e-01	5.07e-01	3.15e-02	8.84e-04	0.00e+00	0.00e+00
 2.12433e+16	5.09e-06	5.26e-03	4.67e-01	5.00e-01	2.74e-02	6.81e-04	0.00e+00	0.00e+00
 2.13276e+16	5.93e-06	5.83e-03	4.81e-01	4.90e-01	2.29e-02	4.82e-04	0.00e+00	0.00e+00
 2.14152e+16	6.91e-06	6.47e-03	4.96e-01	4.79e-01	1.89e-02	3.37e-04	0.00e+00	0.00e+00
 2.14904e+16	7.89e-06	7.08e-03	5.08e-01	4.69e-01	1.60e-02	2.45e-04	0.00e+00	0.00e+00
 2.15716e+16	9.08e-06	7.78e-03	5.21e-01	4.58e-01	1.33e-02	1.72e-04	0.00e+00	0.00e+00
 2.16771e+16	1.08e-05	8.77e-03	5.37e-01	4.44e-01	1.05e-02	1.09e-04	0.00e+00	0.00e+00
 2.17929e+16	1.31e-05	9.95e-03	5.53e-01	4.29e-01	8.12e-03	6.63e-05	0.00e+00	0.00e+00
 2.18796e+16	1.51e-05	1.09e-02	5.66e-01	4.17e-01	6.74e-03	4.64e-05	0.00e+00	0.00e+00
 2.19346e+16	1.66e-05	1.16e-02	5.73e-01	4.09e-01	5.98e-03	3.68e-05	0.00e+00	0.00e+00
 2.19908e+16	1.82e-05	1.24e-02	5.81e-01	4.01e-01	5.27e-03	2.88e-05	0.00e+00	0.00e+00
 2.20637e+16	2.04e-05	1.34e-02	5.91e-01	3.91e-01	4.49e-03	2.11e-05	0.00e+00	0.00e+00
 2.21586e+16	2.39e-05	1.48e-02	6.04e-01	3.77e-01	3.64e-03	1.41e-05	0.00e+00	0.00e+00
 2.22565e+16	2.80e-05	1.65e-02	6.18e-01	3.63e-01	2.96e-03	9.44e-06	0.00e+00	0.00e+00
 2.23367e+16	3.19e-05	1.80e-02	6.28e-01	3.51e-01	2.50e-03	6.83e-06	0.00e+00	0.00e+00
 2.24193e+16	3.66e-05	1.97e-02	6.39e-01	3.39e-01	2.09e-03	4.84e-06	0.00e+00	0.00e+00
 2.25091e+16	4.26e-05	2.18e-02	6.51e-01	3.25e-01	1.73e-03	3.37e-06	0.00e+00	0.00e+00
 2.25858e+16	4.88e-05	2.38e-02	6.61e-01	3.13e-01	1.47e-03	2.48e-06	0.00e+00	0.00e+00
 2.26507e+16	5.47e-05	2.57e-02	6.70e-01	3.03e-01	1.28e-03	1.91e-06	0.00e+00	0.00e+00
 2.27226e+16	6.20e-05	2.80e-02	6.79e-01	2.92e-01	1.09e-03	1.42e-06	0.00e+00	0.00e+00
 2.28161e+16	7.33e-05	3.13e-02	6.91e-01	2.77e-01	8.91e-04	9.70e-07	0.00e+00	0.00e+00
 2.29068e+16	8.71e-05	3.51e-02	7.02e-01	2.62e-01	7.33e-04	0.00e+00	0.00e+00	0.00e+00
 2.29718e+16	9.87e-05	3.81e-02	7.10e-01	2.51e-01	6.36e-04	0.00e+00	0.00e+00	0.00e+00
 2.30341e+16	1.11e-04	4.13e-02	7.17e-01	2.41e-01	5.52e-04	0.00e+00	0.00e+00	0.00e+00
 2.31150e+16	1.30e-04	4.59e-02	7.26e-01	2.27e-01	4.58e-04	0.00e+00	0.00e+00	0.00e+00
 2.31966e+16	1.54e-04	5.14e-02	7.35e-01	2.14e-01	3.79e-04	0.00e+00	0.00e+00	0.00e+00
 2.32589e+16	1.76e-04	5.61e-02	7.41e-01	2.03e-01	3.27e-04	0.00e+00	0.00e+00	0.00e+00
 2.33101e+16	1.97e-04	6.04e-02	7.45e-01	1.94e-01	2.89e-04	0.00e+00	0.00e+00	0.00e+00
 2.33672e+16	2.23e-04	6.56e-02	7.50e-01	1.84e-01	2.50e-04	0.00e+00	0.00e+00	0.00e+00
 2.34413e+16	2.63e-04	7.32e-02	7.55e-01	1.72e-01	2.07e-04	0.00e+00	0.00e+00	0.00e+00
 2.35153e+16	3.13e-04	8.21e-02	7.58e-01	1.59e-01	1.71e-04	0.00e+00	0.00e+00	0.00e+00
 2.35709e+16	3.58e-04	8.98e-02	7.60e-01	1.50e-01	1.47e-04	0.00e+00	0.00e+00	0.00e+00
 2.36171e+16	4.00e-04	9.67e-02	7.61e-01	1.42e-01	1.29e-04	0.00e+00	0.00e+00	0.00e+00
 2.36691e+16	4.56e-04	1.05e-01	7.61e-01	1.33e-01	1.11e-04	0.00e+00	0.00e+00	0.00e+00
 2.37367e+16	5.40e-04	1.18e-01	7.60e-01	1.22e-01	9.08e-05	0.00e+00	0.00e+00	0.00e+00
 2.38038e+16	6.47e-04	1.33e-01	7.56e-01	1.10e-01	7.38e-05	0.00e+00	0.00e+00	0.00e+00
 2.38535e+16	7.42e-04	1.45e-01	7.52e-01	1.02e-01	6.29e-05	0.00e+00	0.00e+00	0.00e+00
 2.38949e+16	8.34e-04	1.56e-01	7.47e-01	9.56e-02	5.47e-05	0.00e+00	0.00e+00	0.00e+00
 2.39421e+16	9.53e-04	1.70e-01	7.41e-01	8.81e-02	4.63e-05	0.00e+00	0.00e+00	0.00e+00
 2.40034e+16	1.14e-03	1.91e-01	7.29e-01	7.86e-02	3.70e-05	0.00e+00	0.00e+00	0.00e+00
 2.40649e+16	1.37e-03	2.15e-01	7.14e-01	6.93e-02	2.91e-05	0.00e+00	0.00e+00	0.00e+00
 2.41119e+16	1.60e-03	2.36e-01	7.00e-01	6.23e-02	2.40e-05	0.00e+00	0.00e+00	0.00e+00
 2.41580e+16	1.85e-03	2.59e-01	6.84e-01	5.57e-02	1.96e-05	0.00e+00	0.00e+00	0.00e+00
 2.42180e+16	2.24e-03	2.92e-01	6.59e-01	4.76e-02	1.48e-05	0.00e+00	0.00e+00	0.00e+00
 2.42788e+16	2.76e-03	3.31e-01	6.27e-01	3.97e-02	1.09e-05	0.00e+00	0.00e+00	0.00e+00
 2.43268e+16	3.29e-03	3.66e-01	5.97e-01	3.38e-02	8.39e-06	0.00e+00	0.00e+00	0.00e+00
 2.43684e+16	3.81e-03	3.99e-01	5.68e-01	2.89e-02	6.54e-06	0.00e+00	0.00e+00	0.00e+00
 2.44158e+16	4.52e-03	4.39e-01	5.32e-01	2.39e-02	4.83e-06	0.00e+00	0.00e+00	0.00e+00
 2.44679e+16	5.50e-03	4.89e-01	4.87e-01	1.88e-02	3.35e-06	0.00e+00	0.00e+00	0.00e+00
 2.45139e+16	6.60e-03	5.36e-01	4.42e-01	1.48e-02	2.34e-06	0.00e+00	0.00e+00	0.00e+00
 2.45503e+16	7.58e-03	5.76e-01	4.05e-01	1.20e-02	1.72e-06	0.00e+00	0.00e+00	0.00e+00
 2.45809e+16	8.58e-03	6.10e-01	3.71e-01	9.82e-03	1.29e-06	0.00e+00	0.00e+00	0.00e+00
 2.46151e+16	9.82e-03	6.49e-01	3.34e-01	7.73e-03	9.17e-07	0.00e+00	0.00e+00	0.00e+00
 2.46524e+16	1.14e-02	6.91e-01	2.92e-01	5.79e-03	0.00e+00	0.00e+00	0.00e+00	0.00e+00
 2.46850e+16	1.31e-02	7.28e-01	2.54e-01	4.35e-03	0.00e+00	0.00e+00	0.00e+00	0.00e+00
 2.47117e+16	1.47e-02	7.58e-01	2.24e-01	3.38e-03	0.00e+00	0.00e+00	0.00e+00	0.00e+00
 2.47398e+16	1.65e-02	7.87e-01	1.94e-01	2.53e-03	0.00e+00	0.00e+00	0.00e+00	0.00e+00
 2.47707e+16	1.89e-02	8.17e-01	1.62e-01	1.79e-03	0.00e+00	0.00e+00	0.00e+00	0.00e+00
 2.47979e+16	2.13e-02	8.41e-01	1.36e-01	1.28e-03	0.00e+00	0.00e+00	0.00e+00	0.00e+00
 2.48206e+16	2.36e-02	8.60e-01	1.15e-01	9.37e-04	0.00e+00	0.00e+00	0.00e+00	0.00e+00
 2.48415e+16	2.59e-02	8.75e-01	9.87e-02	6.97e-04	0.00e+00	0.00e+00	0.00e+00	0.00e+00
 2.48655e+16	2.89e-02	8.89e-01	8.12e-02	4.84e-04	0.00e+00	0.00e+00	0.00e+00	0.00e+00
 2.48916e+16	3.27e-02	9.03e-01	6.42e-02	3.15e-04	0.00e+00	0.00e+00	0.00e+00	0.00e+00
 2.49143e+16	3.66e-02	9.12e-01	5.13e-02	2.10e-04	0.00e+00	0.00e+00	0.00e+00	0.00e+00
 2.49332e+16	4.02e-02	9.18e-01	4.21e-02	1.46e-04	0.00e+00	0.00e+00	0.00e+00	0.00e+00
 2.49534e+16	4.44e-02	9.22e-01	3.37e-02	9.74e-05	0.00e+00	0.00e+00	0.00e+00	0.00e+00
 2.49748e+16	4.95e-02	9.24e-01	2.62e-02	6.20e-05	0.00e+00	0.00e+00	0.00e+00	0.00e+00
 2.49929e+16	5.47e-02	9.24e-01	2.08e-02	4.11e-05	0.00e+00	0.00e+00	0.00e+00	0.00e+00
 2.50081e+16	5.94e-02	9.24e-01	1.71e-02	2.87e-05	0.00e+00	0.00e+00	0.00e+00	0.00e+00
 2.50234e+16	6.46e-02	9.22e-01	1.38e-02	1.97e-05	0.00e+00	0.00e+00	0.00e+00	0.00e+00
 2.50396e+16	7.06e-02	9.18e-01	1.10e-02	1.30e-05	0.00e+00	0.00e+00	0.00e+00	0.00e+00
 2.50547e+16	7.69e-02	9.14e-01	8.77e-03	8.72e-06	0.00e+00	0.00e+00	0.00e+00	0.00e+00
 2.50684e+16	8.29e-02	9.10e-01	7.09e-03	5.96e-06	0.00e+00	0.00e+00	0.00e+00	0.00e+00
 2.50811e+16	8.89e-02	9.05e-01	5.80e-03	4.15e-06	0.00e+00	0.00e+00	0.00e+00	0.00e+00
 2.50924e+16	9.47e-02	9.00e-01	4.81e-03	2.98e-06	0.00e+00	0.00e+00	0.00e+00	0.00e+00
 2.51027e+16	1.00e-01	8.96e-01	4.05e-03	2.19e-06	0.00e+00	0.00e+00	0.00e+00	0.00e+00
 2.51125e+16	1.06e-01	8.91e-01	3.42e-03	1.61e-06	0.00e+00	0.00e+00	0.00e+00	0.00e+00
 2.51204e+16	1.10e-01	8.87e-01	2.99e-03	1.27e-06	0.00e+00	0.00e+00	0.00e+00	0.00e+00
 2.51254e+16	1.13e-01	8.84e-01	2.74e-03	1.09e-06	0.00e+00	0.00e+00	0.00e+00	0.00e+00
 2.51301e+16	1.17e-01	8.81e-01	2.52e-03	9.34e-07	0.00e+00	0.00e+00	0.00e+00	0.00e+00
 2.51355e+16	1.20e-01	8.77e-01	2.28e-03	0.00e+00	0.00e+00	0.00e+00	0.00e+00	0.00e+00
 2.51414e+16	1.24e-01	8.74e-01	2.05e-03	0.00e+00	0.00e+00	0.00e+00	0.00e+00	0.00e+00
 2.51471e+16	1.28e-01	8.70e-01	1.84e-03	0.00e+00	0.00e+00	0.00e+00	0.00e+00	0.00e+00
 2.51524e+16	1.32e-01	8.66e-01	1.67e-03	0.00e+00	0.00e+00	0.00e+00	0.00e+00	0.00e+00
 2.51577e+16	1.36e-01	8.63e-01	1.51e-03	0.00e+00	0.00e+00	0.00e+00	0.00e+00	0.00e+00
 2.51630e+16	1.40e-01	8.59e-01	1.36e-03	0.00e+00	0.00e+00	0.00e+00	0.00e+00	0.00e+00
 2.51683e+16	1.44e-01	8.55e-01	1.23e-03	0.00e+00	0.00e+00	0.00e+00	0.00e+00	0.00e+00
 2.51735e+16	1.48e-01	8.50e-01	1.11e-03	0.00e+00	0.00e+00	0.00e+00	0.00e+00	0.00e+00
 2.51787e+16	1.53e-01	8.46e-01	1.00e-03	0.00e+00	0.00e+00	0.00e+00	0.00e+00	0.00e+00
 2.51839e+16	1.57e-01	8.42e-01	9.01e-04	0.00e+00	0.00e+00	0.00e+00	0.00e+00	0.00e+00
 2.51890e+16	1.62e-01	8.37e-01	8.13e-04	0.00e+00	0.00e+00	0.00e+00	0.00e+00	0.00e+00
 2.51939e+16	1.67e-01	8.33e-01	7.35e-04	0.00e+00	0.00e+00	0.00e+00	0.00e+00	0.00e+00
 2.51990e+16	1.71e-01	8.28e-01	6.62e-04	0.00e+00	0.00e+00	0.00e+00	0.00e+00	0.00e+00
 2.52040e+16	1.77e-01	8.23e-01	5.96e-04	0.00e+00	0.00e+00	0.00e+00	0.00e+00	0.00e+00
 2.52089e+16	1.81e-01	8.18e-01	5.37e-04	0.00e+00	0.00e+00	0.00e+00	0.00e+00	0.00e+00
 2.52138e+16	1.87e-01	8.12e-01	4.84e-04	0.00e+00	0.00e+00	0.00e+00	0.00e+00	0.00e+00
 2.52186e+16	1.93e-01	8.07e-01	4.35e-04	0.00e+00	0.00e+00	0.00e+00	0.00e+00	0.00e+00
 2.52235e+16	1.98e-01	8.01e-01	3.91e-04	0.00e+00	0.00e+00	0.00e+00	0.00e+00	0.00e+00
 2.52283e+16	2.04e-01	7.95e-01	3.52e-04	0.00e+00	0.00e+00	0.00e+00	0.00e+00	0.00e+00
 2.52330e+16	2.11e-01	7.89e-01	3.17e-04	0.00e+00	0.00e+00	0.00e+00	0.00e+00	0.00e+00
 2.52378e+16	2.17e-01	7.83e-01	2.85e-04	0.00e+00	0.00e+00	0.00e+00	0.00e+00	0.00e+00
 2.52425e+16	2.24e-01	7.76e-01	2.56e-04	0.00e+00	0.00e+00	0.00e+00	0.00e+00	0.00e+00
 2.52472e+16	2.31e-01	7.69e-01	2.29e-04	0.00e+00	0.00e+00	0.00e+00	0.00e+00	0.00e+00
 2.52519e+16	2.39e-01	7.61e-01	2.06e-04	0.00e+00	0.00e+00	0.00e+00	0.00e+00	0.00e+00
 2.52564e+16	2.46e-01	7.53e-01	1.85e-04	0.00e+00	0.00e+00	0.00e+00	0.00e+00	0.00e+00
 2.52610e+16	2.55e-01	7.45e-01	1.66e-04	0.00e+00	0.00e+00	0.00e+00	0.00e+00	0.00e+00
 2.52655e+16	2.64e-01	7.36e-01	1.49e-04	0.00e+00	0.00e+00	0.00e+00	0.00e+00	0.00e+00
 2.52700e+16	2.73e-01	7.27e-01	1.34e-04	0.00e+00	0.00e+00	0.00e+00	0.00e+00	0.00e+00
 2.52745e+16	2.82e-01	7.18e-01	1.20e-04	0.00e+00	0.00e+00	0.00e+00	0.00e+00	0.00e+00
 2.52789e+16	2.92e-01	7.08e-01	1.07e-04	0.00e+00	0.00e+00	0.00e+00	0.00e+00	0.00e+00
 2.52833e+16	3.04e-01	6.96e-01	9.63e-05	0.00e+00	0.00e+00	0.00e+00	0.00e+00	0.00e+00
 2.52875e+16	3.15e-01	6.85e-01	8.67e-05	0.00e+00	0.00e+00	0.00e+00	0.00e+00	0.00e+00
 2.52917e+16	3.27e-01	6.73e-01	7.79e-05	0.00e+00	0.00e+00	0.00e+00	0.00e+00	0.00e+00
 2.52960e+16	3.40e-01	6.60e-01	6.99e-05	0.00e+00	0.00e+00	0.00e+00	0.00e+00	0.00e+00
 2.53003e+16	3.52e-01	6.48e-01	6.28e-05	0.00e+00	0.00e+00	0.00e+00	0.00e+00	0.00e+00
 2.53046e+16	3.66e-01	6.33e-01	5.62e-05	0.00e+00	0.00e+00	0.00e+00	0.00e+00	0.00e+00
 2.53089e+16	3.81e-01	6.19e-01	5.04e-05	0.00e+00	0.00e+00	0.00e+00	0.00e+00	0.00e+00
 2.53132e+16	3.97e-01	6.03e-01	4.51e-05	0.00e+00	0.00e+00	0.00e+00	0.00e+00	0.00e+00
 2.53175e+16	4.13e-01	5.87e-01	4.04e-05	0.00e+00	0.00e+00	0.00e+00	0.00e+00	0.00e+00
 2.53219e+16	4.30e-01	5.70e-01	3.61e-05	0.00e+00	0.00e+00	0.00e+00	0.00e+00	0.00e+00
 2.53264e+16	4.51e-01	5.49e-01	3.20e-05	0.00e+00	0.00e+00	0.00e+00	0.00e+00	0.00e+00
 2.53309e+16	4.71e-01	5.29e-01	2.86e-05	0.00e+00	0.00e+00	0.00e+00	0.00e+00	0.00e+00
