#depth	C	C+	C+2	C+3	C+4	C+5	C+6	C[1]	C[2]	C[3]	C+[1]	C+[2]	CO
 1.49634e+10	0.00e+00	0.00e+00	4.30e-27	2.32e-17	4.58e-07	1.63e-02	9.84e-01	0.00e+00	0.00e+00	0.00e+00	0.00e+00	0.00e+00	1.20e-292
 4.54887e+10	0.00e+00	4.32e-37	5.86e-27	2.93e-17	5.34e-07	1.76e-02	9.82e-01	0.00e+00	0.00e+00	0.00e+00	0.00e+00	0.00e+00	3.21e-216
 7.72350e+10	0.00e+00	0.00e+00	8.07e-27	3.73e-17	6.27e-07	1.90e-02	9.81e-01	0.00e+00	0.00e+00	0.00e+00	0.00e+00	0.00e+00	1.49e-286
 1.10251e+11	0.00e+00	9.60e-37	1.11e-26	4.74e-17	7.37e-07	2.06e-02	9.79e-01	0.00e+00	0.00e+00	0.00e+00	0.00e+00	0.00e+00	0.00e+00
 1.42084e+11	0.00e+00	0.00e+00	1.49e-26	5.91e-17	8.54e-07	2.22e-02	9.78e-01	0.00e+00	0.00e+00	0.00e+00	0.00e+00	0.00e+00	1.64e-208
 1.71784e+11	0.00e+00	1.94e-36	1.95e-26	7.24e-17	9.78e-07	2.37e-02	9.76e-01	0.00e+00	0.00e+00	0.00e+00	0.00e+00	0.00e+00	1.15e-213
 2.05177e+11	2.69e-47	2.80e-36	2.62e-26	9.03e-17	1.14e-06	2.54e-02	9.75e-01	0.00e+00	0.00e+00	0.00e+00	0.00e+00	0.00e+00	1.03e-144
 2.43311e+11	0.00e+00	4.18e-36	3.61e-26	1.15e-16	1.33e-06	2.75e-02	9.73e-01	0.00e+00	0.00e+00	0.00e+00	0.00e+00	0.00e+00	4.87e-190
 2.80431e+11	6.84e-47	6.08e-36	4.88e-26	1.44e-16	1.55e-06	2.96e-02	9.70e-01	0.00e+00	0.00e+00	0.00e+00	0.00e+00	0.00e+00	1.04e-143
 3.15767e+11	0.00e+00	0.00e+00	6.44e-26	1.77e-16	1.78e-06	3.16e-02	9.68e-01	0.00e+00	0.00e+00	0.00e+00	0.00e+00	0.00e+00	2.64e-189
 3.55056e+11	0.00e+00	1.25e-35	8.71e-26	2.22e-16	2.07e-06	3.40e-02	9.66e-01	0.00e+00	0.00e+00	0.00e+00	0.00e+00	0.00e+00	1.68e-163
 3.99186e+11	2.63e-46	1.88e-35	1.20e-25	2.83e-16	2.44e-06	3.67e-02	9.63e-01	0.00e+00	0.00e+00	0.00e+00	0.00e+00	0.00e+00	2.40e-209
 4.43197e+11	0.00e+00	0.00e+00	1.64e-25	3.58e-16	2.85e-06	3.96e-02	9.60e-01	0.00e+00	0.00e+00	0.00e+00	0.00e+00	0.00e+00	0.00e+00
 4.88970e+11	0.00e+00	4.10e-35	2.25e-25	4.53e-16	3.34e-06	4.27e-02	9.57e-01	0.00e+00	0.00e+00	0.00e+00	0.00e+00	0.00e+00	0.00e+00
 5.38455e+11	1.10e-45	6.16e-35	3.12e-25	5.78e-16	3.93e-06	4.61e-02	9.54e-01	0.00e+00	0.00e+00	0.00e+00	0.00e+00	0.00e+00	9.85e-141
 5.89920e+11	0.00e+00	9.27e-35	4.33e-25	7.39e-16	4.64e-06	4.98e-02	9.50e-01	0.00e+00	0.00e+00	0.00e+00	0.00e+00	0.00e+00	3.31e-187
 6.43444e+11	2.93e-45	1.40e-34	6.00e-25	9.45e-16	5.47e-06	5.38e-02	9.46e-01	0.00e+00	0.00e+00	0.00e+00	0.00e+00	0.00e+00	1.11e-139
 6.99108e+11	0.00e+00	2.11e-34	8.35e-25	1.21e-15	6.45e-06	5.81e-02	9.42e-01	0.00e+00	0.00e+00	0.00e+00	0.00e+00	0.00e+00	1.72e-186
 7.52120e+11	7.53e-45	3.07e-34	1.13e-24	1.52e-15	7.50e-06	6.24e-02	9.38e-01	0.00e+00	0.00e+00	0.00e+00	0.00e+00	0.00e+00	1.14e-138
 8.00904e+11	0.00e+00	4.30e-34	1.48e-24	1.86e-15	8.59e-06	6.64e-02	9.34e-01	0.00e+00	0.00e+00	0.00e+00	0.00e+00	0.00e+00	8.10e-186
 8.56452e+11	1.78e-44	6.26e-34	2.00e-24	2.32e-15	9.99e-06	7.12e-02	9.29e-01	0.00e+00	0.00e+00	0.00e+00	0.00e+00	0.00e+00	9.36e-138
 9.20568e+11	0.00e+00	9.46e-34	2.78e-24	2.98e-15	1.18e-05	7.68e-02	9.23e-01	0.00e+00	0.00e+00	0.00e+00	0.00e+00	0.00e+00	2.54e-185
 9.83151e+11	4.65e-44	1.40e-33	3.80e-24	3.76e-15	1.38e-05	8.25e-02	9.17e-01	0.00e+00	0.00e+00	0.00e+00	0.00e+00	0.00e+00	1.00e-136
 1.03811e+12	0.00e+00	1.95e-33	4.95e-24	4.58e-15	1.57e-05	8.76e-02	9.12e-01	0.00e+00	0.00e+00	0.00e+00	0.00e+00	0.00e+00	6.52e-185
 1.09583e+12	1.04e-43	2.74e-33	6.52e-24	5.63e-15	1.80e-05	9.32e-02	9.07e-01	0.00e+00	0.00e+00	0.00e+00	0.00e+00	0.00e+00	7.29e-136
 1.16088e+12	0.00e+00	3.97e-33	8.76e-24	7.02e-15	2.09e-05	9.96e-02	9.00e-01	0.00e+00	0.00e+00	0.00e+00	0.00e+00	0.00e+00	0.00e+00
 1.22268e+12	2.45e-43	5.57e-33	1.15e-23	8.60e-15	2.39e-05	1.06e-01	8.94e-01	0.00e+00	0.00e+00	0.00e+00	0.00e+00	0.00e+00	5.94e-135
 1.29026e+12	0.00e+00	8.04e-33	1.54e-23	1.07e-14	2.77e-05	1.13e-01	8.87e-01	0.00e+00	0.00e+00	0.00e+00	0.00e+00	0.00e+00	0.00e+00
 1.36498e+12	6.04e-43	1.18e-32	2.10e-23	1.35e-14	3.22e-05	1.21e-01	8.79e-01	0.00e+00	0.00e+00	0.00e+00	0.00e+00	0.00e+00	5.41e-134
 1.43373e+12	0.00e+00	1.67e-32	2.76e-23	1.65e-14	3.69e-05	1.28e-01	8.72e-01	0.00e+00	0.00e+00	0.00e+00	0.00e+00	0.00e+00	0.00e+00
 1.50786e+12	1.41e-42	2.39e-32	3.69e-23	2.05e-14	4.27e-05	1.37e-01	8.63e-01	0.00e+00	0.00e+00	0.00e+00	0.00e+00	0.00e+00	4.35e-133
 1.59097e+12	0.00e+00	3.54e-32	5.05e-23	2.59e-14	4.98e-05	1.46e-01	8.54e-01	0.00e+00	0.00e+00	0.00e+00	0.00e+00	0.00e+00	0.00e+00
 1.66954e+12	3.48e-42	5.06e-32	6.72e-23	3.20e-14	5.72e-05	1.55e-01	8.44e-01	0.00e+00	0.00e+00	0.00e+00	0.00e+00	0.00e+00	3.96e-132
 1.75545e+12	0.00e+00	7.42e-32	9.12e-23	4.02e-14	6.65e-05	1.66e-01	8.34e-01	0.00e+00	0.00e+00	0.00e+00	0.00e+00	0.00e+00	0.00e+00
 1.85102e+12	9.01e-42	1.11e-31	1.26e-22	5.11e-14	7.80e-05	1.77e-01	8.22e-01	0.00e+00	0.00e+00	0.00e+00	0.00e+00	0.00e+00	4.05e-131
 1.94070e+12	0.00e+00	1.61e-31	1.69e-22	6.36e-14	9.01e-05	1.89e-01	8.11e-01	0.00e+00	0.00e+00	0.00e+00	0.00e+00	0.00e+00	0.00e+00
 2.03801e+12	2.26e-41	2.39e-31	2.32e-22	8.02e-14	1.05e-04	2.01e-01	7.99e-01	0.00e+00	0.00e+00	0.00e+00	0.00e+00	0.00e+00	3.82e-130
 2.14946e+12	0.00e+00	3.66e-31	3.26e-22	1.03e-13	1.24e-04	2.15e-01	7.85e-01	0.00e+00	0.00e+00	0.00e+00	0.00e+00	0.00e+00	0.00e+00
 2.25789e+12	6.13e-41	5.47e-31	4.49e-22	1.31e-13	1.45e-04	2.29e-01	7.70e-01	0.00e+00	0.00e+00	0.00e+00	0.00e+00	0.00e+00	4.42e-129
 2.35566e+12	0.00e+00	7.75e-31	5.94e-22	1.61e-13	1.65e-04	2.42e-01	7.58e-01	0.00e+00	0.00e+00	0.00e+00	0.00e+00	0.00e+00	0.00e+00
 2.46179e+12	1.46e-40	1.12e-30	7.98e-22	2.00e-13	1.91e-04	2.56e-01	7.43e-01	0.00e+00	0.00e+00	0.00e+00	0.00e+00	0.00e+00	3.71e-128
 2.58047e+12	0.00e+00	1.67e-30	1.10e-21	2.52e-13	2.22e-04	2.72e-01	7.28e-01	0.00e+00	0.00e+00	0.00e+00	0.00e+00	0.00e+00	0.00e+00
 2.69308e+12	3.68e-40	2.41e-30	1.47e-21	3.13e-13	2.55e-04	2.87e-01	7.12e-01	0.00e+00	0.00e+00	0.00e+00	0.00e+00	0.00e+00	3.56e-127
 2.81692e+12	0.00e+00	3.56e-30	2.00e-21	3.92e-13	2.95e-04	3.04e-01	6.96e-01	0.00e+00	0.00e+00	0.00e+00	0.00e+00	0.00e+00	0.00e+00
 2.95326e+12	9.69e-40	5.37e-30	2.77e-21	4.98e-13	3.44e-04	3.22e-01	6.77e-01	0.00e+00	0.00e+00	0.00e+00	0.00e+00	0.00e+00	3.82e-126
 3.07578e+12	0.00e+00	7.67e-30	3.68e-21	6.13e-13	3.93e-04	3.39e-01	6.61e-01	0.00e+00	0.00e+00	0.00e+00	0.00e+00	0.00e+00	0.00e+00
 3.18127e+12	2.14e-39	1.03e-29	4.66e-21	7.29e-13	4.39e-04	3.53e-01	6.47e-01	0.00e+00	0.00e+00	0.00e+00	0.00e+00	0.00e+00	2.67e-125
 3.29494e+12	0.00e+00	1.41e-29	5.97e-21	8.74e-13	4.93e-04	3.68e-01	6.32e-01	0.00e+00	0.00e+00	0.00e+00	0.00e+00	0.00e+00	0.00e+00
 3.44133e+12	5.01e-39	2.08e-29	8.13e-21	1.09e-12	5.69e-04	3.87e-01	6.12e-01	0.00e+00	0.00e+00	0.00e+00	0.00e+00	0.00e+00	2.16e-124
 3.59349e+12	0.00e+00	3.07e-29	1.11e-20	1.37e-12	6.55e-04	4.07e-01	5.93e-01	0.00e+00	0.00e+00	0.00e+00	0.00e+00	0.00e+00	0.00e+00
 3.72419e+12	1.19e-38	4.24e-29	1.43e-20	1.65e-12	7.36e-04	4.23e-01	5.76e-01	0.00e+00	0.00e+00	0.00e+00	0.00e+00	0.00e+00	1.81e-123
 3.86376e+12	0.00e+00	5.92e-29	1.86e-20	2.00e-12	8.30e-04	4.41e-01	5.59e-01	0.00e+00	0.00e+00	0.00e+00	0.00e+00	0.00e+00	0.00e+00
 4.03646e+12	2.89e-38	8.82e-29	2.55e-20	2.51e-12	9.57e-04	4.62e-01	5.37e-01	0.00e+00	0.00e+00	0.00e+00	0.00e+00	0.00e+00	1.63e-122
 4.21472e+12	0.00e+00	1.31e-28	3.49e-20	3.14e-12	1.10e-03	4.83e-01	5.16e-01	0.00e+00	0.00e+00	0.00e+00	0.00e+00	0.00e+00	0.00e+00
 4.37750e+12	7.13e-38	1.85e-28	4.59e-20	3.83e-12	1.24e-03	5.02e-01	4.97e-01	0.00e+00	0.00e+00	0.00e+00	0.00e+00	0.00e+00	1.53e-121
 4.55767e+12	0.00e+00	2.68e-28	6.14e-20	4.72e-12	1.41e-03	5.22e-01	4.77e-01	0.00e+00	0.00e+00	0.00e+00	0.00e+00	0.00e+00	0.00e+00
 4.76766e+12	1.85e-37	4.06e-28	8.52e-20	5.97e-12	1.63e-03	5.44e-01	4.54e-01	0.00e+00	0.00e+00	0.00e+00	0.00e+00	0.00e+00	1.64e-120
 4.97610e+12	0.00e+00	6.02e-28	1.16e-19	7.45e-12	1.87e-03	5.66e-01	4.32e-01	0.00e+00	0.00e+00	0.00e+00	0.00e+00	0.00e+00	0.00e+00
 5.17634e+12	4.68e-37	8.67e-28	1.55e-19	9.15e-12	2.11e-03	5.85e-01	4.12e-01	0.00e+00	0.00e+00	0.00e+00	0.00e+00	0.00e+00	1.65e-119
 5.39677e+12	0.00e+00	1.27e-27	2.10e-19	1.14e-11	2.40e-03	6.06e-01	3.92e-01	0.00e+00	0.00e+00	0.00e+00	0.00e+00	0.00e+00	0.00e+00
 5.64256e+12	1.24e-36	1.92e-27	2.90e-19	1.43e-11	2.75e-03	6.28e-01	3.69e-01	0.00e+00	0.00e+00	0.00e+00	0.00e+00	0.00e+00	1.89e-118
 5.87225e+12	0.00e+00	2.79e-27	3.88e-19	1.76e-11	3.11e-03	6.47e-01	3.50e-01	0.00e+00	0.00e+00	0.00e+00	0.00e+00	0.00e+00	0.00e+00
 6.07553e+12	2.86e-36	3.82e-27	4.97e-19	2.09e-11	3.44e-03	6.63e-01	3.34e-01	0.00e+00	0.00e+00	0.00e+00	0.00e+00	0.00e+00	1.55e-117
 6.30300e+12	0.00e+00	5.36e-27	6.49e-19	2.53e-11	3.84e-03	6.80e-01	3.16e-01	0.00e+00	0.00e+00	0.00e+00	0.00e+00	0.00e+00	0.00e+00
 6.57517e+12	7.02e-36	7.94e-27	8.83e-19	3.14e-11	4.35e-03	6.99e-01	2.97e-01	0.00e+00	0.00e+00	0.00e+00	0.00e+00	0.00e+00	1.48e-116
 6.85011e+12	0.00e+00	1.16e-26	1.19e-18	3.87e-11	4.91e-03	7.17e-01	2.79e-01	0.00e+00	0.00e+00	0.00e+00	0.00e+00	0.00e+00	4.76e-100
 7.10736e+12	1.70e-35	1.63e-26	1.56e-18	4.67e-11	5.46e-03	7.32e-01	2.63e-01	0.00e+00	0.00e+00	0.00e+00	0.00e+00	0.00e+00	0.00e+00
 7.39291e+12	0.00e+00	2.35e-26	2.07e-18	5.70e-11	6.12e-03	7.48e-01	2.46e-01	0.00e+00	0.00e+00	0.00e+00	0.00e+00	0.00e+00	2.04e-132
 7.71855e+12	4.33e-35	3.51e-26	2.83e-18	7.10e-11	6.92e-03	7.64e-01	2.29e-01	0.00e+00	0.00e+00	0.00e+00	0.00e+00	0.00e+00	2.17e-97
 8.00094e+12	0.00e+00	4.89e-26	3.68e-18	8.53e-11	7.66e-03	7.78e-01	2.15e-01	0.00e+00	0.00e+00	0.00e+00	0.00e+00	0.00e+00	0.00e+00
 8.21796e+12	8.82e-35	6.27e-26	4.47e-18	9.76e-11	8.26e-03	7.87e-01	2.05e-01	0.00e+00	0.00e+00	0.00e+00	0.00e+00	0.00e+00	9.00e-114
 8.44947e+12	1.21e-34	8.10e-26	5.46e-18	1.12e-10	8.92e-03	7.97e-01	1.95e-01	0.00e+00	0.00e+00	0.00e+00	0.00e+00	0.00e+00	1.98e-96
 8.75044e+12	1.80e-34	1.12e-25	7.05e-18	1.34e-10	9.83e-03	8.08e-01	1.82e-01	0.00e+00	0.00e+00	0.00e+00	0.00e+00	0.00e+00	0.00e+00
 9.07595e+12	2.72e-34	1.57e-25	9.20e-18	1.61e-10	1.09e-02	8.19e-01	1.70e-01	0.00e+00	0.00e+00	0.00e+00	0.00e+00	0.00e+00	1.58e-112
 9.36737e+12	3.89e-34	2.10e-25	1.16e-17	1.89e-10	1.19e-02	8.28e-01	1.60e-01	0.00e+00	0.00e+00	0.00e+00	0.00e+00	0.00e+00	2.43e-95
 9.68024e+12	5.63e-34	2.85e-25	1.47e-17	2.23e-10	1.30e-02	8.37e-01	1.50e-01	0.00e+00	0.00e+00	0.00e+00	0.00e+00	0.00e+00	1.01e-111
 1.00692e+13	8.79e-34	4.09e-25	1.95e-17	2.72e-10	1.44e-02	8.47e-01	1.38e-01	0.00e+00	0.00e+00	0.00e+00	0.00e+00	0.00e+00	1.40e-94
 1.04578e+13	1.35e-33	5.81e-25	2.58e-17	3.30e-10	1.60e-02	8.56e-01	1.28e-01	0.00e+00	0.00e+00	0.00e+00	0.00e+00	0.00e+00	9.43e-111
 1.07888e+13	1.91e-33	7.74e-25	3.23e-17	3.86e-10	1.74e-02	8.63e-01	1.20e-01	0.00e+00	0.00e+00	0.00e+00	0.00e+00	0.00e+00	7.35e-94
 1.11444e+13	2.75e-33	1.04e-24	4.08e-17	4.54e-10	1.89e-02	8.69e-01	1.12e-01	0.00e+00	0.00e+00	0.00e+00	0.00e+00	0.00e+00	5.86e-110
 1.15872e+13	4.25e-33	1.49e-24	5.42e-17	5.52e-10	2.10e-02	8.76e-01	1.03e-01	0.00e+00	0.00e+00	0.00e+00	0.00e+00	0.00e+00	4.03e-93
 1.20435e+13	6.55e-33	2.12e-24	7.18e-17	6.71e-10	2.32e-02	8.82e-01	9.46e-02	0.00e+00	0.00e+00	0.00e+00	0.00e+00	0.00e+00	5.42e-109
 1.24523e+13	9.48e-33	2.87e-24	9.13e-17	7.93e-10	2.53e-02	8.87e-01	8.78e-02	0.00e+00	0.00e+00	0.00e+00	0.00e+00	0.00e+00	2.21e-92
 1.28994e+13	1.40e-32	3.95e-24	1.18e-16	9.44e-10	2.77e-02	8.91e-01	8.12e-02	0.00e+00	0.00e+00	0.00e+00	0.00e+00	0.00e+00	3.82e-108
 1.33882e+13	2.10e-32	5.54e-24	1.54e-16	1.14e-09	3.05e-02	8.95e-01	7.46e-02	0.00e+00	0.00e+00	0.00e+00	0.00e+00	0.00e+00	1.20e-91
 1.38339e+13	3.01e-32	7.43e-24	1.95e-16	1.34e-09	3.32e-02	8.98e-01	6.92e-02	0.00e+00	0.00e+00	0.00e+00	0.00e+00	0.00e+00	2.76e-107
 1.43158e+13	4.35e-32	1.01e-23	2.48e-16	1.58e-09	3.61e-02	9.00e-01	6.39e-02	0.00e+00	0.00e+00	0.00e+00	0.00e+00	0.00e+00	5.59e-91
 1.48606e+13	6.52e-32	1.40e-23	3.24e-16	1.90e-09	3.97e-02	9.02e-01	5.85e-02	0.00e+00	0.00e+00	0.00e+00	0.00e+00	0.00e+00	2.05e-106
 1.53822e+13	9.42e-32	1.90e-23	4.13e-16	2.26e-09	4.32e-02	9.03e-01	5.40e-02	0.00e+00	0.00e+00	0.00e+00	0.00e+00	0.00e+00	2.86e-90
 1.59555e+13	1.39e-31	2.62e-23	5.33e-16	2.69e-09	4.73e-02	9.03e-01	4.95e-02	0.00e+00	0.00e+00	0.00e+00	0.00e+00	0.00e+00	1.47e-105
 1.65606e+13	2.05e-31	3.62e-23	6.91e-16	3.22e-09	5.17e-02	9.03e-01	4.53e-02	0.00e+00	0.00e+00	0.00e+00	0.00e+00	0.00e+00	1.49e-89
 1.70813e+13	2.83e-31	4.73e-23	8.55e-16	3.74e-09	5.57e-02	9.02e-01	4.20e-02	0.00e+00	0.00e+00	0.00e+00	0.00e+00	0.00e+00	9.62e-105
 1.75435e+13	3.73e-31	5.93e-23	1.03e-15	4.24e-09	5.93e-02	9.01e-01	3.94e-02	0.00e+00	0.00e+00	0.00e+00	0.00e+00	0.00e+00	5.37e-89
 1.80553e+13	5.02e-31	7.57e-23	1.25e-15	4.85e-09	6.34e-02	9.00e-01	3.68e-02	0.00e+00	0.00e+00	0.00e+00	0.00e+00	0.00e+00	4.36e-104
 1.87208e+13	7.26e-31	1.03e-22	1.59e-15	5.74e-09	6.89e-02	8.97e-01	3.37e-02	0.00e+00	0.00e+00	0.00e+00	0.00e+00	0.00e+00	2.25e-88
 1.94095e+13	1.05e-30	1.39e-22	2.03e-15	6.79e-09	7.48e-02	8.94e-01	3.09e-02	0.00e+00	0.00e+00	0.00e+00	0.00e+00	0.00e+00	3.10e-103
 1.99866e+13	1.41e-30	1.77e-22	2.46e-15	7.76e-09	7.98e-02	8.91e-01	2.88e-02	0.00e+00	0.00e+00	0.00e+00	0.00e+00	0.00e+00	9.37e-88
 2.05951e+13	1.90e-30	2.27e-22	3.00e-15	8.87e-09	8.52e-02	8.88e-01	2.68e-02	0.00e+00	0.00e+00	0.00e+00	0.00e+00	0.00e+00	1.53e-102
 2.13728e+13	2.74e-30	3.07e-22	3.81e-15	1.05e-08	9.24e-02	8.83e-01	2.45e-02	0.00e+00	0.00e+00	0.00e+00	0.00e+00	0.00e+00	4.04e-87
 2.21945e+13	3.98e-30	4.18e-22	4.87e-15	1.24e-08	1.00e-01	8.78e-01	2.23e-02	0.00e+00	0.00e+00	0.00e+00	0.00e+00	0.00e+00	1.13e-101
 2.29305e+13	5.48e-30	5.43e-22	6.00e-15	1.43e-08	1.07e-01	8.72e-01	2.06e-02	0.00e+00	0.00e+00	0.00e+00	0.00e+00	0.00e+00	1.86e-86
 2.37308e+13	7.65e-30	7.14e-22	7.44e-15	1.65e-08	1.15e-01	8.66e-01	1.89e-02	0.00e+00	0.00e+00	0.00e+00	0.00e+00	0.00e+00	6.76e-101
 2.46247e+13	1.10e-29	9.59e-22	9.40e-15	1.94e-08	1.24e-01	8.59e-01	1.73e-02	0.00e+00	0.00e+00	0.00e+00	0.00e+00	0.00e+00	8.72e-86
 2.54660e+13	1.51e-29	1.25e-21	1.16e-14	2.24e-08	1.33e-01	8.51e-01	1.59e-02	0.00e+00	0.00e+00	0.00e+00	0.00e+00	0.00e+00	4.41e-100
 2.63854e+13	2.13e-29	1.65e-21	1.44e-14	2.59e-08	1.42e-01	8.43e-01	1.46e-02	0.00e+00	0.00e+00	0.00e+00	0.00e+00	0.00e+00	3.91e-85
 2.74108e+13	3.06e-29	2.23e-21	1.82e-14	3.04e-08	1.53e-01	8.34e-01	1.32e-02	0.00e+00	0.00e+00	0.00e+00	0.00e+00	0.00e+00	3.11e-99
 2.83751e+13	4.26e-29	2.91e-21	2.25e-14	3.51e-08	1.63e-01	8.24e-01	1.21e-02	0.00e+00	0.00e+00	0.00e+00	0.00e+00	0.00e+00	1.88e-84
 2.94253e+13	6.00e-29	3.86e-21	2.80e-14	4.06e-08	1.75e-01	8.14e-01	1.11e-02	0.00e+00	0.00e+00	0.00e+00	0.00e+00	0.00e+00	2.04e-98
 3.05984e+13	8.68e-29	5.21e-21	3.54e-14	4.76e-08	1.88e-01	8.02e-01	1.00e-02	0.00e+00	0.00e+00	0.00e+00	0.00e+00	0.00e+00	9.61e-84
 3.16297e+13	1.18e-28	6.71e-21	4.31e-14	5.42e-08	1.99e-01	7.92e-01	9.19e-03	0.00e+00	0.00e+00	0.00e+00	0.00e+00	0.00e+00	1.38e-97
 3.24532e+13	1.51e-28	8.16e-21	5.02e-14	6.01e-08	2.08e-01	7.83e-01	8.59e-03	0.00e+00	0.00e+00	0.00e+00	0.00e+00	0.00e+00	3.44e-83
 3.33128e+13	1.92e-28	9.95e-21	5.85e-14	6.65e-08	2.18e-01	7.74e-01	8.03e-03	0.00e+00	0.00e+00	0.00e+00	0.00e+00	0.00e+00	5.40e-97
 3.44303e+13	2.61e-28	1.28e-20	7.11e-14	7.56e-08	2.31e-01	7.62e-01	7.36e-03	0.00e+00	0.00e+00	0.00e+00	0.00e+00	0.00e+00	1.23e-82
 3.56083e+13	3.56e-28	1.64e-20	8.63e-14	8.60e-08	2.44e-01	7.49e-01	6.73e-03	0.00e+00	0.00e+00	0.00e+00	0.00e+00	0.00e+00	3.13e-96
 3.66296e+13	4.63e-28	2.03e-20	1.02e-13	9.59e-08	2.56e-01	7.38e-01	6.23e-03	0.00e+00	0.00e+00	0.00e+00	0.00e+00	0.00e+00	4.70e-82
 3.77219e+13	6.06e-28	2.53e-20	1.20e-13	1.07e-07	2.68e-01	7.26e-01	5.76e-03	0.00e+00	0.00e+00	0.00e+00	0.00e+00	0.00e+00	1.43e-95
 3.91210e+13	8.45e-28	3.31e-20	1.48e-13	1.23e-07	2.84e-01	7.11e-01	5.21e-03	0.00e+00	0.00e+00	0.00e+00	0.00e+00	0.00e+00	1.94e-81
 4.05545e+13	1.17e-27	4.31e-20	1.82e-13	1.40e-07	3.00e-01	6.95e-01	4.71e-03	0.00e+00	0.00e+00	0.00e+00	0.00e+00	0.00e+00	9.53e-95
 4.17667e+13	1.53e-27	5.35e-20	2.14e-13	1.56e-07	3.14e-01	6.82e-01	4.34e-03	0.00e+00	0.00e+00	0.00e+00	0.00e+00	0.00e+00	7.92e-81
 4.30559e+13	2.02e-27	6.68e-20	2.54e-13	1.75e-07	3.28e-01	6.68e-01	3.98e-03	0.00e+00	0.00e+00	0.00e+00	0.00e+00	0.00e+00	4.58e-94
 4.46752e+13	2.81e-27	8.73e-20	3.12e-13	1.99e-07	3.46e-01	6.50e-01	3.58e-03	0.00e+00	0.00e+00	0.00e+00	0.00e+00	0.00e+00	3.36e-80
 4.63210e+13	3.88e-27	1.13e-19	3.81e-13	2.27e-07	3.64e-01	6.33e-01	3.22e-03	0.00e+00	0.00e+00	0.00e+00	0.00e+00	0.00e+00	3.09e-93
 4.77335e+13	5.07e-27	1.40e-19	4.49e-13	2.52e-07	3.79e-01	6.18e-01	2.95e-03	0.00e+00	0.00e+00	0.00e+00	0.00e+00	0.00e+00	1.38e-79
 4.92455e+13	6.68e-27	1.75e-19	5.31e-13	2.81e-07	3.95e-01	6.02e-01	2.69e-03	0.00e+00	0.00e+00	0.00e+00	0.00e+00	0.00e+00	1.53e-92
 5.11170e+13	9.28e-27	2.28e-19	6.50e-13	3.20e-07	4.15e-01	5.83e-01	2.40e-03	0.00e+00	0.00e+00	0.00e+00	0.00e+00	0.00e+00	5.95e-79
 5.30092e+13	1.27e-26	2.95e-19	7.90e-13	3.62e-07	4.34e-01	5.64e-01	2.15e-03	0.00e+00	0.00e+00	0.00e+00	0.00e+00	0.00e+00	1.03e-91
 5.46623e+13	1.67e-26	3.66e-19	9.29e-13	4.01e-07	4.50e-01	5.48e-01	1.95e-03	0.00e+00	0.00e+00	0.00e+00	0.00e+00	0.00e+00	2.46e-78
 5.64512e+13	2.20e-26	4.58e-19	1.10e-12	4.46e-07	4.68e-01	5.31e-01	1.77e-03	0.00e+00	0.00e+00	0.00e+00	0.00e+00	0.00e+00	5.29e-91
 5.86265e+13	3.05e-26	5.94e-19	1.34e-12	5.06e-07	4.88e-01	5.10e-01	1.57e-03	0.00e+00	0.00e+00	0.00e+00	0.00e+00	0.00e+00	1.09e-77
 6.08139e+13	4.18e-26	7.65e-19	1.62e-12	5.69e-07	5.08e-01	4.91e-01	1.39e-03	0.00e+00	0.00e+00	0.00e+00	0.00e+00	0.00e+00	3.64e-90
 6.27854e+13	5.49e-26	9.50e-19	1.91e-12	6.30e-07	5.25e-01	4.74e-01	1.26e-03	0.00e+00	0.00e+00	0.00e+00	0.00e+00	0.00e+00	4.62e-77
 6.49665e+13	7.35e-26	1.20e-18	2.27e-12	7.01e-07	5.43e-01	4.56e-01	1.12e-03	0.00e+00	0.00e+00	0.00e+00	0.00e+00	0.00e+00	2.00e-89
 6.75383e+13	1.02e-25	1.55e-18	2.76e-12	7.92e-07	5.64e-01	4.35e-01	9.87e-04	0.00e+00	0.00e+00	0.00e+00	0.00e+00	0.00e+00	2.14e-76
 7.00782e+13	1.39e-25	1.99e-18	3.32e-12	8.85e-07	5.83e-01	4.16e-01	8.73e-04	0.00e+00	0.00e+00	0.00e+00	0.00e+00	0.00e+00	4.68e-76
 7.24527e+13	1.84e-25	2.48e-18	3.91e-12	9.79e-07	6.00e-01	3.99e-01	7.80e-04	0.00e+00	0.00e+00	0.00e+00	0.00e+00	0.00e+00	9.44e-76
 7.51137e+13	2.49e-25	3.15e-18	4.66e-12	1.09e-06	6.18e-01	3.81e-01	6.90e-04	0.00e+00	0.00e+00	0.00e+00	0.00e+00	0.00e+00	2.02e-75
 7.81482e+13	3.46e-25	4.10e-18	5.65e-12	1.22e-06	6.38e-01	3.61e-01	6.02e-04	0.00e+00	0.00e+00	0.00e+00	0.00e+00	0.00e+00	4.69e-75
 8.09248e+13	4.61e-25	5.14e-18	6.68e-12	1.35e-06	6.55e-01	3.44e-01	5.33e-04	0.00e+00	0.00e+00	0.00e+00	0.00e+00	0.00e+00	9.75e-75
 8.33000e+13	5.85e-25	6.20e-18	7.67e-12	1.47e-06	6.69e-01	3.31e-01	4.82e-04	0.00e+00	0.00e+00	0.00e+00	0.00e+00	0.00e+00	1.79e-74
 8.55261e+13	7.26e-25	7.35e-18	8.69e-12	1.58e-06	6.81e-01	3.19e-01	4.39e-04	0.00e+00	0.00e+00	0.00e+00	0.00e+00	0.00e+00	3.12e-74
 8.80117e+13	9.19e-25	8.85e-18	9.94e-12	1.71e-06	6.94e-01	3.06e-01	3.97e-04	0.00e+00	0.00e+00	0.00e+00	0.00e+00	0.00e+00	5.73e-74
 9.08034e+13	1.19e-24	1.08e-17	1.15e-11	1.86e-06	7.07e-01	2.92e-01	3.55e-04	0.00e+00	0.00e+00	0.00e+00	0.00e+00	0.00e+00	1.12e-73
 9.34574e+13	1.50e-24	1.30e-17	1.31e-11	2.00e-06	7.20e-01	2.80e-01	3.21e-04	0.00e+00	0.00e+00	0.00e+00	0.00e+00	0.00e+00	2.06e-73
 9.63721e+13	1.93e-24	1.58e-17	1.51e-11	2.17e-06	7.32e-01	2.67e-01	2.87e-04	0.00e+00	0.00e+00	0.00e+00	0.00e+00	0.00e+00	3.96e-73
 9.96044e+13	2.53e-24	1.95e-17	1.76e-11	2.37e-06	7.46e-01	2.54e-01	2.55e-04	0.00e+00	0.00e+00	0.00e+00	0.00e+00	0.00e+00	7.99e-73
 1.02630e+14	3.22e-24	2.36e-17	2.01e-11	2.56e-06	7.57e-01	2.43e-01	2.29e-04	0.00e+00	0.00e+00	0.00e+00	0.00e+00	0.00e+00	1.50e-72
 1.05942e+14	4.18e-24	2.88e-17	2.32e-11	2.78e-06	7.69e-01	2.31e-01	2.04e-04	0.00e+00	0.00e+00	0.00e+00	0.00e+00	0.00e+00	2.98e-72
 1.09680e+14	5.55e-24	3.59e-17	2.71e-11	3.03e-06	7.81e-01	2.19e-01	1.80e-04	0.00e+00	0.00e+00	0.00e+00	0.00e+00	0.00e+00	6.32e-72
 1.13262e+14	7.20e-24	4.39e-17	3.12e-11	3.28e-06	7.92e-01	2.08e-01	1.60e-04	0.00e+00	0.00e+00	0.00e+00	0.00e+00	0.00e+00	1.26e-71
 1.17212e+14	9.51e-24	5.44e-17	3.63e-11	3.56e-06	8.04e-01	1.96e-01	1.41e-04	0.00e+00	0.00e+00	0.00e+00	1.75e-17	3.69e-17	2.63e-71
 1.21558e+14	1.28e-23	6.83e-17	4.26e-11	3.89e-06	8.15e-01	1.85e-01	1.24e-04	0.00e+00	0.00e+00	0.00e+00	2.27e-17	4.56e-17	5.77e-71
 1.25562e+14	1.66e-23	8.34e-17	4.91e-11	4.20e-06	8.25e-01	1.75e-01	1.10e-04	0.00e+00	0.00e+00	0.00e+00	2.77e-17	5.58e-17	1.16e-70
 1.29909e+14	2.19e-23	1.03e-16	5.68e-11	4.55e-06	8.34e-01	1.66e-01	9.68e-05	0.00e+00	0.00e+00	0.00e+00	3.42e-17	6.89e-17	2.43e-70
 1.34807e+14	2.96e-23	1.30e-16	6.66e-11	4.96e-06	8.44e-01	1.56e-01	8.45e-05	0.00e+00	0.00e+00	0.00e+00	4.31e-17	8.69e-17	5.49e-70
 1.39479e+14	3.90e-23	1.60e-16	7.71e-11	5.36e-06	8.53e-01	1.47e-01	7.45e-05	0.00e+00	0.00e+00	0.00e+00	5.32e-17	1.07e-16	1.15e-69
 1.44560e+14	5.20e-23	2.00e-16	8.98e-11	5.82e-06	8.62e-01	1.38e-01	6.52e-05	0.00e+00	0.00e+00	0.00e+00	6.64e-17	1.34e-16	2.50e-69
 1.50179e+14	7.07e-23	2.53e-16	1.06e-10	6.34e-06	8.71e-01	1.29e-01	5.66e-05	0.00e+00	0.00e+00	0.00e+00	8.39e-17	1.69e-16	5.74e-69
 1.55496e+14	9.35e-23	3.12e-16	1.22e-10	6.85e-06	8.78e-01	1.22e-01	4.97e-05	0.00e+00	0.00e+00	0.00e+00	1.04e-16	2.09e-16	1.22e-68
 1.61219e+14	1.25e-22	3.90e-16	1.42e-10	7.42e-06	8.86e-01	1.14e-01	4.35e-05	0.00e+00	0.00e+00	0.00e+00	1.29e-16	2.60e-16	2.70e-68
 1.67698e+14	1.73e-22	4.98e-16	1.67e-10	8.08e-06	8.93e-01	1.07e-01	3.76e-05	0.00e+00	0.00e+00	0.00e+00	1.65e-16	3.33e-16	6.50e-68
 1.74108e+14	2.32e-22	6.23e-16	1.96e-10	8.78e-06	9.00e-01	9.98e-02	3.26e-05	0.00e+00	0.00e+00	0.00e+00	2.06e-16	4.16e-16	1.44e-67
 1.80320e+14	3.07e-22	7.71e-16	2.26e-10	9.46e-06	9.06e-01	9.38e-02	2.86e-05	0.00e+00	0.00e+00	0.00e+00	2.56e-16	5.15e-16	3.11e-67
 1.87108e+14	4.13e-22	9.65e-16	2.64e-10	1.02e-05	9.12e-01	8.78e-02	2.49e-05	0.00e+00	0.00e+00	0.00e+00	3.20e-16	6.45e-16	6.98e-67
 1.94622e+14	5.66e-22	1.23e-15	3.11e-10	1.11e-05	9.18e-01	8.18e-02	2.15e-05	0.00e+00	0.00e+00	0.00e+00	4.06e-16	8.19e-16	1.65e-66
 2.01086e+14	7.38e-22	1.50e-15	3.55e-10	1.19e-05	9.23e-01	7.71e-02	1.90e-05	0.00e+00	0.00e+00	0.00e+00	4.97e-16	1.00e-15	3.43e-66
 2.06001e+14	8.89e-22	1.73e-15	3.93e-10	1.26e-05	9.26e-01	7.37e-02	1.73e-05	0.00e+00	0.00e+00	0.00e+00	5.73e-16	1.15e-15	5.69e-66
 2.11251e+14	1.09e-21	2.01e-15	4.35e-10	1.32e-05	9.30e-01	7.04e-02	1.57e-05	0.00e+00	0.00e+00	0.00e+00	6.66e-16	1.34e-15	9.88e-66
 2.18076e+14	1.40e-21	2.44e-15	4.96e-10	1.41e-05	9.34e-01	6.65e-02	1.40e-05	0.00e+00	0.00e+00	0.00e+00	8.07e-16	1.63e-15	1.98e-65
 2.25530e+14	1.83e-21	2.98e-15	5.69e-10	1.52e-05	9.37e-01	6.25e-02	1.23e-05	0.00e+00	0.00e+00	0.00e+00	9.88e-16	1.99e-15	4.12e-65
 2.32326e+14	2.32e-21	3.57e-15	6.42e-10	1.61e-05	9.41e-01	5.92e-02	1.10e-05	0.00e+00	0.00e+00	0.00e+00	1.18e-15	2.39e-15	7.96e-65
 2.39685e+14	2.95e-21	4.29e-15	7.30e-10	1.72e-05	9.44e-01	5.58e-02	9.72e-06	0.00e+00	0.00e+00	0.00e+00	1.42e-15	2.87e-15	1.53e-64
 2.48736e+14	3.96e-21	5.36e-15	8.49e-10	1.86e-05	9.48e-01	5.21e-02	8.44e-06	0.00e+00	0.00e+00	0.00e+00	1.77e-15	3.58e-15	3.45e-64
 2.57814e+14	5.26e-21	6.66e-15	9.82e-10	2.00e-05	9.51e-01	4.87e-02	7.36e-06	0.00e+00	0.00e+00	0.00e+00	2.20e-15	4.45e-15	7.58e-64
 2.65791e+14	6.61e-21	7.94e-15	1.11e-09	2.14e-05	9.54e-01	4.60e-02	6.53e-06	0.00e+00	0.00e+00	0.00e+00	2.63e-15	5.31e-15	1.42e-63
 2.74509e+14	8.53e-21	9.62e-15	1.27e-09	2.28e-05	9.57e-01	4.33e-02	5.77e-06	0.00e+00	0.00e+00	0.00e+00	3.18e-15	6.43e-15	2.86e-63
 2.85040e+14	1.15e-20	1.21e-14	1.48e-09	2.46e-05	9.60e-01	4.03e-02	4.98e-06	0.00e+00	0.00e+00	0.00e+00	3.99e-15	8.07e-15	6.53e-63
 2.95365e+14	1.51e-20	1.49e-14	1.71e-09	2.65e-05	9.62e-01	3.76e-02	4.34e-06	0.00e+00	0.00e+00	0.00e+00	4.92e-15	9.95e-15	1.38e-62
 3.04335e+14	1.88e-20	1.76e-14	1.93e-09	2.82e-05	9.64e-01	3.55e-02	3.85e-06	0.00e+00	0.00e+00	0.00e+00	5.83e-15	1.18e-14	2.54e-62
 3.14109e+14	2.42e-20	2.13e-14	2.19e-09	3.01e-05	9.67e-01	3.34e-02	3.41e-06	0.00e+00	0.00e+00	0.00e+00	7.05e-15	1.43e-14	5.10e-62
 3.26040e+14	3.17e-20	2.63e-14	2.55e-09	3.26e-05	9.69e-01	3.10e-02	2.93e-06	0.00e+00	0.00e+00	0.00e+00	8.70e-15	1.76e-14	1.08e-61
 3.38020e+14	4.22e-20	3.27e-14	2.95e-09	3.50e-05	9.71e-01	2.90e-02	2.55e-06	0.00e+00	0.00e+00	0.00e+00	1.08e-14	2.19e-14	2.38e-61
 3.48656e+14	5.28e-20	3.89e-14	3.35e-09	3.74e-05	9.73e-01	2.72e-02	2.25e-06	0.00e+00	0.00e+00	0.00e+00	1.29e-14	2.60e-14	4.40e-61
 3.60304e+14	6.81e-20	4.73e-14	3.83e-09	4.00e-05	9.74e-01	2.56e-02	1.98e-06	0.00e+00	0.00e+00	0.00e+00	1.56e-14	3.17e-14	8.96e-61
 3.74241e+14	8.99e-20	5.85e-14	4.47e-09	4.33e-05	9.76e-01	2.37e-02	1.70e-06	0.00e+00	0.00e+00	0.00e+00	1.93e-14	3.92e-14	1.92e-60
 3.88039e+14	1.17e-19	7.19e-14	5.17e-09	4.66e-05	9.78e-01	2.20e-02	1.47e-06	0.00e+00	0.00e+00	0.00e+00	2.37e-14	4.81e-14	4.00e-60
 4.00487e+14	1.48e-19	8.61e-14	5.88e-09	4.98e-05	9.79e-01	2.07e-02	1.29e-06	0.00e+00	0.00e+00	0.00e+00	2.84e-14	5.77e-14	7.65e-60
 4.14293e+14	1.92e-19	1.05e-13	6.74e-09	5.33e-05	9.81e-01	1.94e-02	1.13e-06	0.00e+00	0.00e+00	0.00e+00	3.48e-14	7.06e-14	1.59e-59
 4.30553e+14	2.52e-19	1.30e-13	7.88e-09	5.78e-05	9.82e-01	1.79e-02	9.65e-07	0.00e+00	0.00e+00	0.00e+00	4.29e-14	8.72e-14	3.36e-59
 4.46588e+14	3.32e-19	1.61e-13	9.13e-09	6.23e-05	9.83e-01	1.67e-02	0.00e+00	0.00e+00	0.00e+00	0.00e+00	5.32e-14	1.08e-13	7.29e-59
 4.61502e+14	4.17e-19	1.93e-13	1.04e-08	6.68e-05	9.84e-01	1.56e-02	0.00e+00	0.00e+00	0.00e+00	0.00e+00	6.35e-14	1.29e-13	1.36e-58
 4.78230e+14	5.44e-19	2.36e-13	1.21e-08	7.19e-05	9.85e-01	1.45e-02	0.00e+00	0.00e+00	0.00e+00	0.00e+00	7.78e-14	1.58e-13	2.85e-58
 4.97389e+14	7.17e-19	2.93e-13	1.41e-08	7.80e-05	9.87e-01	1.34e-02	0.00e+00	0.00e+00	0.00e+00	0.00e+00	9.67e-14	1.97e-13	6.17e-58
 5.15008e+14	9.31e-19	3.60e-13	1.63e-08	8.38e-05	9.87e-01	1.25e-02	0.00e+00	0.00e+00	0.00e+00	0.00e+00	1.18e-13	2.41e-13	1.29e-57
 5.30250e+14	1.14e-18	4.21e-13	1.83e-08	8.91e-05	9.88e-01	1.17e-02	0.00e+00	0.00e+00	0.00e+00	0.00e+00	1.39e-13	2.82e-13	2.24e-57
 5.47248e+14	1.43e-18	5.02e-13	2.08e-08	9.51e-05	9.89e-01	1.10e-02	0.00e+00	0.00e+00	0.00e+00	0.00e+00	1.65e-13	3.37e-13	4.24e-57
 5.65053e+14	1.79e-18	5.99e-13	2.37e-08	1.02e-04	9.90e-01	1.03e-02	0.00e+00	0.00e+00	0.00e+00	0.00e+00	1.97e-13	4.02e-13	7.92e-57
 5.80174e+14	2.17e-18	6.98e-13	2.63e-08	1.07e-04	9.90e-01	9.79e-03	0.00e+00	0.00e+00	0.00e+00	0.00e+00	2.30e-13	4.68e-13	1.38e-56
 5.96099e+14	2.62e-18	8.08e-13	2.94e-08	1.14e-04	9.91e-01	9.24e-03	0.00e+00	0.00e+00	0.00e+00	0.00e+00	2.66e-13	5.42e-13	2.31e-56
 6.16800e+14	3.35e-18	9.78e-13	3.37e-08	1.22e-04	9.91e-01	8.63e-03	0.00e+00	0.00e+00	0.00e+00	0.00e+00	3.21e-13	6.57e-13	4.60e-56
 6.38176e+14	4.23e-18	1.18e-12	3.87e-08	1.31e-04	9.92e-01	8.04e-03	0.00e+00	0.00e+00	0.00e+00	0.00e+00	3.87e-13	7.90e-13	8.89e-56
 6.55960e+14	5.16e-18	1.37e-12	4.33e-08	1.39e-04	9.92e-01	7.60e-03	0.00e+00	0.00e+00	0.00e+00	0.00e+00	4.52e-13	9.23e-13	1.56e-55
 6.74609e+14	6.28e-18	1.61e-12	4.84e-08	1.47e-04	9.93e-01	7.17e-03	0.00e+00	0.00e+00	0.00e+00	0.00e+00	5.28e-13	1.08e-12	2.74e-55
 6.98854e+14	8.02e-18	1.95e-12	5.59e-08	1.58e-04	9.93e-01	6.67e-03	0.00e+00	0.00e+00	0.00e+00	0.00e+00	6.39e-13	1.31e-12	5.42e-55
 7.24249e+14	1.03e-17	2.38e-12	6.45e-08	1.70e-04	9.94e-01	6.20e-03	0.00e+00	0.00e+00	0.00e+00	0.00e+00	7.82e-13	1.60e-12	1.13e-54
 7.46125e+14	1.27e-17	2.79e-12	7.28e-08	1.81e-04	9.94e-01	5.82e-03	0.00e+00	0.00e+00	0.00e+00	0.00e+00	9.16e-13	1.88e-12	1.99e-54
 7.69549e+14	1.58e-17	3.33e-12	8.24e-08	1.93e-04	9.94e-01	5.47e-03	0.00e+00	0.00e+00	0.00e+00	0.00e+00	1.09e-12	2.24e-12	3.75e-54
 7.98459e+14	2.04e-17	4.06e-12	9.57e-08	2.08e-04	9.95e-01	5.06e-03	0.00e+00	0.00e+00	0.00e+00	0.00e+00	1.33e-12	2.73e-12	7.68e-54
 8.27800e+14	2.63e-17	4.97e-12	1.11e-07	2.25e-04	9.95e-01	4.70e-03	0.00e+00	0.00e+00	0.00e+00	0.00e+00	1.63e-12	3.34e-12	1.59e-53
 8.53830e+14	3.26e-17	5.87e-12	1.25e-07	2.40e-04	9.95e-01	4.40e-03	0.00e+00	0.00e+00	0.00e+00	0.00e+00	1.92e-12	3.95e-12	2.91e-53
 8.82260e+14	4.12e-17	7.05e-12	1.43e-07	2.57e-04	9.96e-01	4.11e-03	0.00e+00	0.00e+00	0.00e+00	0.00e+00	2.31e-12	4.74e-12	5.66e-53
 9.16311e+14	5.36e-17	8.68e-12	1.67e-07	2.78e-04	9.96e-01	3.80e-03	0.00e+00	4.43e-18	1.33e-17	2.22e-17	2.84e-12	5.84e-12	1.20e-52
 9.50048e+14	6.83e-17	1.06e-11	1.93e-07	2.99e-04	9.96e-01	3.52e-03	0.00e+00	5.65e-18	1.70e-17	2.84e-17	3.45e-12	7.11e-12	2.45e-52
 9.80556e+14	8.52e-17	1.25e-11	2.19e-07	3.20e-04	9.96e-01	3.29e-03	0.00e+00	7.06e-18	2.12e-17	3.54e-17	4.10e-12	8.44e-12	4.56e-52
 1.01449e+15	1.07e-16	1.51e-11	2.52e-07	3.44e-04	9.97e-01	3.07e-03	0.00e+00	8.90e-18	2.67e-17	4.47e-17	4.94e-12	1.02e-11	9.01e-52
 1.05436e+15	1.41e-16	1.86e-11	2.94e-07	3.73e-04	9.97e-01	2.83e-03	0.00e+00	1.16e-17	3.50e-17	5.85e-17	6.09e-12	1.26e-11	1.93e-51
 1.09363e+15	1.80e-16	2.28e-11	3.41e-07	4.03e-04	9.97e-01	2.62e-03	0.00e+00	1.49e-17	4.47e-17	7.47e-17	7.44e-12	1.53e-11	3.98e-51
 1.13037e+15	2.28e-16	2.73e-11	3.90e-07	4.32e-04	9.97e-01	2.44e-03	0.00e+00	1.89e-17	5.67e-17	9.47e-17	8.92e-12	1.84e-11	7.74e-51
 1.17151e+15	2.88e-16	3.31e-11	4.51e-07	4.66e-04	9.97e-01	2.26e-03	0.00e+00	2.39e-17	7.16e-17	1.20e-16	1.08e-11	2.23e-11	1.56e-50
 1.21079e+15	3.64e-16	3.98e-11	5.16e-07	5.01e-04	9.97e-01	2.10e-03	0.00e+00	3.03e-17	9.08e-17	1.52e-16	1.30e-11	2.68e-11	3.04e-50
 1.23965e+15	4.27e-16	4.52e-11	5.68e-07	5.27e-04	9.97e-01	2.00e-03	0.00e+00	3.54e-17	1.06e-16	1.78e-16	1.47e-11	3.04e-11	4.82e-50
 1.26857e+15	5.00e-16	5.12e-11	6.24e-07	5.53e-04	9.98e-01	1.90e-03	0.00e+00	4.15e-17	1.25e-16	2.08e-16	1.67e-11	3.45e-11	7.64e-50
 1.30616e+15	6.09e-16	6.00e-11	7.03e-07	5.90e-04	9.98e-01	1.78e-03	0.00e+00	5.06e-17	1.52e-16	2.54e-16	1.96e-11	4.04e-11	1.36e-49
 1.34697e+15	7.50e-16	7.09e-11	7.97e-07	6.31e-04	9.98e-01	1.67e-03	0.00e+00	6.24e-17	1.87e-16	3.13e-16	2.31e-11	4.78e-11	2.50e-49
 1.38379e+15	8.89e-16	8.17e-11	8.89e-07	6.68e-04	9.98e-01	1.57e-03	0.00e+00	7.40e-17	2.22e-16	3.71e-16	2.66e-11	5.51e-11	4.19e-49
 1.42347e+15	1.08e-15	9.55e-11	9.98e-07	7.11e-04	9.98e-01	1.48e-03	0.00e+00	9.03e-17	2.71e-16	4.53e-16	3.12e-11	6.44e-11	7.42e-49
 1.46826e+15	1.32e-15	1.12e-10	1.13e-06	7.60e-04	9.98e-01	1.38e-03	0.00e+00	1.10e-16	3.29e-16	5.51e-16	3.66e-11	7.57e-11	1.34e-48
 1.51128e+15	1.62e-15	1.32e-10	1.27e-06	8.11e-04	9.98e-01	1.29e-03	0.00e+00	1.35e-16	4.05e-16	6.77e-16	4.30e-11	8.89e-11	2.42e-48
 1.55881e+15	1.96e-15	1.55e-10	1.44e-06	8.68e-04	9.98e-01	1.21e-03	0.00e+00	1.63e-16	4.90e-16	8.19e-16	5.05e-11	1.04e-10	4.34e-48
 1.61153e+15	2.48e-15	1.86e-10	1.66e-06	9.35e-04	9.98e-01	1.12e-03	0.00e+00	2.07e-16	6.22e-16	1.04e-15	6.08e-11	1.26e-10	8.63e-48
 1.66052e+15	2.96e-15	2.17e-10	1.87e-06	9.98e-04	9.98e-01	1.05e-03	0.00e+00	2.48e-16	7.44e-16	1.24e-15	7.07e-11	1.46e-10	1.51e-47
 1.71373e+15	3.71e-15	2.59e-10	2.13e-06	1.07e-03	9.98e-01	9.78e-04	0.00e+00	3.10e-16	9.32e-16	1.56e-15	8.44e-11	1.74e-10	2.89e-47
 1.77377e+15	4.63e-15	3.10e-10	2.45e-06	1.16e-03	9.98e-01	9.04e-04	0.00e+00	3.88e-16	1.16e-15	1.94e-15	1.01e-10	2.09e-10	5.67e-47
 1.83147e+15	5.67e-15	3.68e-10	2.79e-06	1.24e-03	9.98e-01	8.41e-04	0.00e+00	4.75e-16	1.43e-15	2.38e-15	1.20e-10	2.48e-10	1.06e-46
 1.89529e+15	7.05e-15	4.40e-10	3.20e-06	1.34e-03	9.98e-01	7.78e-04	0.00e+00	5.91e-16	1.77e-15	2.97e-15	1.44e-10	2.97e-10	2.07e-46
 1.96595e+15	8.96e-15	5.35e-10	3.72e-06	1.46e-03	9.98e-01	7.15e-04	0.00e+00	7.53e-16	2.26e-15	3.78e-15	1.75e-10	3.61e-10	4.30e-46
 2.03103e+15	1.08e-14	6.30e-10	4.24e-06	1.57e-03	9.98e-01	6.65e-04	0.00e+00	9.07e-16	2.72e-15	4.55e-15	2.06e-10	4.24e-10	7.83e-46
 2.10116e+15	1.37e-14	7.63e-10	4.87e-06	1.70e-03	9.98e-01	6.14e-04	0.00e+00	1.16e-15	3.47e-15	5.80e-15	2.49e-10	5.13e-10	1.61e-45
 2.18002e+15	1.72e-14	9.24e-10	5.66e-06	1.85e-03	9.98e-01	5.64e-04	0.00e+00	1.45e-15	4.36e-15	7.28e-15	3.02e-10	6.22e-10	3.30e-45
 2.25455e+15	2.13e-14	1.10e-09	6.49e-06	1.99e-03	9.97e-01	5.22e-04	0.00e+00	1.80e-15	5.40e-15	9.02e-15	3.61e-10	7.43e-10	6.45e-45
 2.33567e+15	2.68e-14	1.33e-09	7.48e-06	2.16e-03	9.97e-01	4.81e-04	0.00e+00	2.27e-15	6.80e-15	1.14e-14	4.36e-10	8.97e-10	1.32e-44
 2.42631e+15	3.40e-14	1.63e-09	8.73e-06	2.36e-03	9.97e-01	4.40e-04	0.00e+00	2.88e-15	8.65e-15	1.44e-14	5.33e-10	1.10e-09	2.83e-44
 2.51151e+15	4.19e-14	1.95e-09	1.00e-05	2.55e-03	9.97e-01	4.07e-04	0.00e+00	3.55e-15	1.07e-14	1.78e-14	6.38e-10	1.31e-09	5.57e-44
 2.58059e+15	4.90e-14	2.24e-09	1.12e-05	2.71e-03	9.97e-01	3.82e-04	0.00e+00	4.16e-15	1.25e-14	2.08e-14	7.32e-10	1.50e-09	9.30e-44
 2.63634e+15	5.60e-14	2.51e-09	1.22e-05	2.85e-03	9.97e-01	3.63e-04	0.00e+00	4.76e-15	1.43e-14	2.39e-14	8.20e-10	1.68e-09	1.44e-43
 2.69854e+15	6.58e-14	2.86e-09	1.34e-05	3.00e-03	9.97e-01	3.44e-04	0.00e+00	5.59e-15	1.68e-14	2.80e-14	9.36e-10	1.92e-09	2.38e-43
 2.77939e+15	7.97e-14	3.35e-09	1.51e-05	3.22e-03	9.96e-01	3.21e-04	0.00e+00	6.78e-15	2.04e-14	3.40e-14	1.10e-09	2.25e-09	4.45e-43
 2.86510e+15	9.62e-14	3.94e-09	1.71e-05	3.45e-03	9.96e-01	2.99e-04	0.00e+00	8.20e-15	2.46e-14	4.11e-14	1.29e-09	2.65e-09	8.37e-43
 2.93949e+15	1.12e-13	4.50e-09	1.89e-05	3.65e-03	9.96e-01	2.82e-04	0.00e+00	9.54e-15	2.86e-14	4.78e-14	1.48e-09	3.02e-09	1.41e-42
 3.01855e+15	1.30e-13	5.13e-09	2.10e-05	3.88e-03	9.96e-01	2.65e-04	0.00e+00	1.11e-14	3.33e-14	5.56e-14	1.68e-09	3.45e-09	2.36e-42
 3.12132e+15	1.64e-13	6.22e-09	2.40e-05	4.19e-03	9.96e-01	2.45e-04	0.00e+00	1.40e-14	4.20e-14	7.02e-14	2.04e-09	4.18e-09	5.13e-42
 3.22634e+15	2.00e-13	7.42e-09	2.74e-05	4.52e-03	9.95e-01	2.27e-04	0.00e+00	1.72e-14	5.15e-14	8.60e-14	2.44e-09	4.99e-09	1.03e-41
 3.31243e+15	2.35e-13	8.55e-09	3.05e-05	4.80e-03	9.95e-01	2.13e-04	0.00e+00	2.02e-14	6.06e-14	1.01e-13	2.81e-09	5.74e-09	1.79e-41
 3.40250e+15	2.76e-13	9.84e-09	3.40e-05	5.10e-03	9.95e-01	2.00e-04	0.00e+00	2.37e-14	7.11e-14	1.19e-13	3.23e-09	6.61e-09	3.11e-41
 3.51959e+15	3.38e-13	1.18e-08	3.89e-05	5.51e-03	9.94e-01	1.85e-04	0.00e+00	2.90e-14	8.71e-14	1.45e-13	3.87e-09	7.90e-09	6.33e-41
 3.64319e+15	4.11e-13	1.40e-08	4.46e-05	5.95e-03	9.94e-01	1.71e-04	0.00e+00	3.54e-14	1.06e-13	1.77e-13	4.61e-09	9.42e-09	1.25e-40
 3.75142e+15	4.92e-13	1.65e-08	5.02e-05	6.36e-03	9.93e-01	1.60e-04	0.00e+00	4.24e-14	1.27e-13	2.12e-13	5.42e-09	1.11e-08	2.33e-40
 3.86827e+15	6.12e-13	1.98e-08	5.67e-05	6.82e-03	9.93e-01	1.48e-04	0.00e+00	5.28e-14	1.58e-13	2.65e-13	6.51e-09	1.33e-08	4.73e-40
 4.01302e+15	7.53e-13	2.40e-08	6.57e-05	7.41e-03	9.92e-01	1.36e-04	0.00e+00	6.50e-14	1.95e-13	3.26e-13	7.90e-09	1.61e-08	9.98e-40
 4.16144e+15	9.30e-13	2.89e-08	7.60e-05	8.03e-03	9.92e-01	1.25e-04	0.00e+00	8.04e-14	2.41e-13	4.03e-13	9.53e-09	1.94e-08	2.03e-39
 4.29394e+15	1.16e-12	3.51e-08	8.62e-05	8.63e-03	9.91e-01	1.16e-04	0.00e+00	1.00e-13	3.00e-13	5.01e-13	1.16e-08	2.35e-08	4.32e-39
 4.43833e+15	1.38e-12	4.14e-08	9.84e-05	9.29e-03	9.91e-01	1.08e-04	0.00e+00	1.20e-13	3.60e-13	6.01e-13	1.36e-08	2.77e-08	8.04e-39
 4.61035e+15	1.78e-12	5.20e-08	1.15e-04	1.01e-02	9.90e-01	9.85e-05	0.00e+00	1.55e-13	4.64e-13	7.75e-13	1.71e-08	3.48e-08	1.95e-38
 4.78024e+15	2.22e-12	6.36e-08	1.33e-04	1.10e-02	9.89e-01	9.05e-05	0.00e+00	1.93e-13	5.79e-13	9.66e-13	2.10e-08	4.26e-08	4.22e-38
 4.93470e+15	2.66e-12	7.55e-08	1.51e-04	1.18e-02	9.88e-01	8.40e-05	0.00e+00	2.31e-13	6.94e-13	1.16e-12	2.49e-08	5.06e-08	8.01e-38
 5.10718e+15	3.25e-12	9.02e-08	1.73e-04	1.27e-02	9.87e-01	7.76e-05	0.00e+00	2.83e-13	8.50e-13	1.42e-12	2.98e-08	6.05e-08	1.56e-37
 5.27516e+15	3.94e-12	1.08e-07	1.97e-04	1.37e-02	9.86e-01	7.19e-05	0.00e+00	3.44e-13	1.03e-12	1.72e-12	3.57e-08	7.25e-08	3.04e-37
 5.39905e+15	4.62e-12	1.26e-07	2.17e-04	1.44e-02	9.85e-01	6.81e-05	0.00e+00	4.03e-13	1.21e-12	2.02e-12	4.15e-08	8.42e-08	5.35e-37
 5.52184e+15	5.34e-12	1.43e-07	2.37e-04	1.52e-02	9.85e-01	6.46e-05	0.00e+00	4.66e-13	1.40e-12	2.34e-12	4.72e-08	9.58e-08	8.63e-37
 5.68147e+15	6.29e-12	1.65e-07	2.66e-04	1.62e-02	9.84e-01	6.05e-05	0.00e+00	5.50e-13	1.65e-12	2.75e-12	5.46e-08	1.11e-07	1.45e-36
 5.85478e+15	7.67e-12	1.99e-07	3.01e-04	1.73e-02	9.82e-01	5.63e-05	0.00e+00	6.71e-13	2.01e-12	3.36e-12	6.59e-08	1.34e-07	2.92e-36
 6.00928e+15	8.95e-12	2.30e-07	3.35e-04	1.83e-02	9.81e-01	5.31e-05	0.00e+00	7.84e-13	2.35e-12	3.93e-12	7.62e-08	1.54e-07	4.92e-36
 6.17354e+15	1.06e-11	2.66e-07	3.73e-04	1.95e-02	9.80e-01	4.99e-05	0.00e+00	9.27e-13	2.78e-12	4.64e-12	8.80e-08	1.78e-07	8.17e-36
 6.38707e+15	1.32e-11	3.28e-07	4.29e-04	2.11e-02	9.78e-01	4.60e-05	0.00e+00	1.16e-12	3.48e-12	5.81e-12	1.09e-07	2.20e-07	1.78e-35
 6.60290e+15	1.63e-11	3.98e-07	4.92e-04	2.27e-02	9.77e-01	4.26e-05	0.00e+00	1.43e-12	4.29e-12	7.16e-12	1.32e-07	2.67e-07	3.44e-35
 6.77654e+15	1.92e-11	4.64e-07	5.47e-04	2.40e-02	9.75e-01	4.01e-05	0.00e+00	1.69e-12	5.07e-12	8.46e-12	1.53e-07	3.10e-07	5.84e-35
 6.95708e+15	2.28e-11	5.40e-07	6.10e-04	2.55e-02	9.74e-01	3.77e-05	0.00e+00	2.00e-12	6.01e-12	1.00e-11	1.79e-07	3.62e-07	1.01e-34
 7.19179e+15	2.80e-11	6.44e-07	7.00e-04	2.74e-02	9.72e-01	3.50e-05	0.00e+00	2.47e-12	7.40e-12	1.24e-11	2.13e-07	4.31e-07	1.81e-34
 7.43923e+15	3.52e-11	8.01e-07	8.07e-04	2.96e-02	9.70e-01	3.23e-05	0.00e+00	3.10e-12	9.31e-12	1.55e-11	2.65e-07	5.36e-07	3.87e-34
 7.65317e+15	4.21e-11	9.42e-07	9.07e-04	3.15e-02	9.68e-01	3.03e-05	0.00e+00	3.71e-12	1.11e-11	1.86e-11	3.12e-07	6.30e-07	6.63e-34
 7.88122e+15	5.10e-11	1.11e-06	1.03e-03	3.37e-02	9.65e-01	2.84e-05	0.00e+00	4.51e-12	1.35e-11	2.26e-11	3.67e-07	7.41e-07	1.13e-33
 8.17033e+15	6.58e-11	1.40e-06	1.20e-03	3.66e-02	9.62e-01	2.60e-05	0.00e+00	5.82e-12	1.75e-11	2.91e-11	4.64e-07	9.37e-07	2.57e-33
 8.45588e+15	8.22e-11	1.72e-06	1.38e-03	3.95e-02	9.59e-01	2.41e-05	0.00e+00	7.28e-12	2.18e-11	3.64e-11	5.69e-07	1.15e-06	4.93e-33
 8.69499e+15	9.92e-11	2.03e-06	1.56e-03	4.21e-02	9.56e-01	2.26e-05	0.00e+00	8.80e-12	2.64e-11	4.40e-11	6.73e-07	1.36e-06	8.50e-33
 8.95667e+15	1.22e-10	2.44e-06	1.77e-03	4.51e-02	9.53e-01	2.12e-05	0.00e+00	1.08e-11	3.25e-11	5.42e-11	8.08e-07	1.63e-06	1.54e-32
 9.24932e+15	1.52e-10	2.91e-06	2.04e-03	4.85e-02	9.49e-01	1.97e-05	0.00e+00	1.35e-11	4.05e-11	6.75e-11	9.65e-07	1.95e-06	2.62e-32
 9.52749e+15	1.88e-10	3.57e-06	2.32e-03	5.21e-02	9.46e-01	1.84e-05	0.00e+00	1.67e-11	5.00e-11	8.35e-11	1.18e-06	2.38e-06	5.10e-32
 9.78676e+15	2.26e-10	4.20e-06	2.62e-03	5.54e-02	9.42e-01	1.74e-05	0.00e+00	2.01e-11	6.02e-11	1.00e-10	1.39e-06	2.81e-06	8.43e-32
 1.00762e+16	2.79e-10	4.96e-06	2.98e-03	5.93e-02	9.38e-01	1.63e-05	0.00e+00	2.48e-11	7.44e-11	1.24e-10	1.65e-06	3.32e-06	1.38e-31
 1.03718e+16	3.45e-10	6.07e-06	3.40e-03	6.36e-02	9.33e-01	1.53e-05	0.00e+00	3.07e-11	9.21e-11	1.54e-10	2.01e-06	4.06e-06	2.62e-31
 1.06041e+16	4.01e-10	6.96e-06	3.76e-03	6.70e-02	9.29e-01	1.46e-05	0.00e+00	3.57e-11	1.07e-10	1.79e-10	2.31e-06	4.65e-06	3.90e-31
 1.08346e+16	4.73e-10	8.01e-06	4.15e-03	7.06e-02	9.25e-01	1.39e-05	0.00e+00	4.22e-11	1.27e-10	2.11e-10	2.66e-06	5.35e-06	5.95e-31
 1.11343e+16	5.81e-10	9.41e-06	4.72e-03	7.54e-02	9.20e-01	1.31e-05	0.00e+00	5.19e-11	1.56e-10	2.60e-10	3.12e-06	6.29e-06	9.36e-31
 1.14523e+16	7.19e-10	1.15e-05	5.40e-03	8.09e-02	9.14e-01	1.24e-05	0.00e+00	6.43e-11	1.93e-10	3.22e-10	3.82e-06	7.70e-06	1.73e-30
 1.17181e+16	8.54e-10	1.33e-05	6.02e-03	8.56e-02	9.08e-01	1.18e-05	0.00e+00	7.64e-11	2.29e-10	3.82e-10	4.43e-06	8.91e-06	2.60e-30
 1.19877e+16	1.02e-09	1.54e-05	6.73e-03	9.07e-02	9.03e-01	1.12e-05	0.00e+00	9.16e-11	2.75e-10	4.58e-10	5.11e-06	1.03e-05	3.88e-30
 1.23383e+16	1.30e-09	1.92e-05	7.79e-03	9.79e-02	8.94e-01	1.06e-05	0.00e+00	1.17e-10	3.50e-10	5.83e-10	6.36e-06	1.28e-05	7.49e-30
 1.26791e+16	1.62e-09	2.26e-05	8.91e-03	1.05e-01	8.86e-01	1.00e-05	0.00e+00	1.46e-10	4.37e-10	7.28e-10	7.52e-06	1.51e-05	1.15e-29
 1.29493e+16	1.94e-09	2.69e-05	9.96e-03	1.11e-01	8.79e-01	9.59e-06	0.00e+00	1.74e-10	5.23e-10	8.72e-10	8.92e-06	1.79e-05	1.92e-29
 1.32428e+16	2.35e-09	3.17e-05	1.12e-02	1.18e-01	8.71e-01	9.17e-06	0.00e+00	2.11e-10	6.33e-10	1.06e-09	1.05e-05	2.11e-05	3.04e-29
 1.35693e+16	2.91e-09	3.71e-05	1.28e-02	1.26e-01	8.61e-01	8.75e-06	0.00e+00	2.61e-10	7.84e-10	1.31e-09	1.23e-05	2.48e-05	4.55e-29
 1.38750e+16	3.58e-09	4.50e-05	1.45e-02	1.35e-01	8.51e-01	8.37e-06	0.00e+00	3.22e-10	9.67e-10	1.61e-09	1.50e-05	3.01e-05	8.06e-29
 1.41564e+16	4.28e-09	5.25e-05	1.63e-02	1.42e-01	8.41e-01	8.06e-06	0.00e+00	3.85e-10	1.16e-09	1.93e-09	1.75e-05	3.51e-05	1.21e-28
 1.44698e+16	5.30e-09	6.14e-05	1.85e-02	1.52e-01	8.30e-01	7.74e-06	0.00e+00	4.77e-10	1.43e-09	2.39e-09	2.04e-05	4.10e-05	1.79e-28
 1.48152e+16	6.80e-09	7.67e-05	2.14e-02	1.63e-01	8.15e-01	7.41e-06	0.00e+00	6.14e-10	1.84e-09	3.07e-09	2.55e-05	5.12e-05	3.43e-28
 1.51099e+16	8.19e-09	8.95e-05	2.42e-02	1.73e-01	8.03e-01	7.16e-06	0.00e+00	7.39e-10	2.22e-09	3.70e-09	2.98e-05	5.98e-05	5.00e-28
 1.53569e+16	9.68e-09	1.02e-04	2.68e-02	1.82e-01	7.91e-01	6.97e-06	0.00e+00	8.75e-10	2.63e-09	4.38e-09	3.39e-05	6.80e-05	6.99e-28
