#depth	O	O+	O+2	O+3	O+4	O+5	O+6	O+7	O+8	O[1]	O[2]	O[3]
 1.49634e+10	0.00e+00	0.00e+00	1.58e-33	5.79e-24	1.93e-15	4.12e-08	1.00e+00	2.71e-12	0.00e+00	0.00e+00	0.00e+00	0.00e+00
 4.54887e+10	0.00e+00	4.69e-44	2.17e-33	7.34e-24	2.26e-15	4.46e-08	1.00e+00	0.00e+00	0.00e+00	0.00e+00	0.00e+00	0.00e+00
 7.72350e+10	0.00e+00	0.00e+00	2.98e-33	9.29e-24	2.65e-15	4.83e-08	1.00e+00	0.00e+00	0.00e+00	0.00e+00	0.00e+00	0.00e+00
 1.10251e+11	0.00e+00	1.03e-43	4.08e-33	1.18e-23	3.11e-15	5.23e-08	1.00e+00	0.00e+00	0.00e+00	0.00e+00	0.00e+00	0.00e+00
 1.43454e+11	0.00e+00	0.00e+00	5.53e-33	1.48e-23	3.62e-15	5.64e-08	1.00e+00	0.00e+00	0.00e+00	0.00e+00	0.00e+00	0.00e+00
 1.77986e+11	0.00e+00	2.21e-43	7.51e-33	1.86e-23	4.22e-15	6.10e-08	1.00e+00	0.00e+00	0.00e+00	0.00e+00	0.00e+00	0.00e+00
 2.15032e+11	0.00e+00	0.00e+00	1.03e-32	2.36e-23	4.95e-15	6.60e-08	1.00e+00	0.00e+00	0.00e+00	0.00e+00	0.00e+00	0.00e+00
 2.53560e+11	0.00e+00	4.87e-43	1.41e-32	3.00e-23	5.80e-15	7.15e-08	1.00e+00	0.00e+00	0.00e+00	0.00e+00	0.00e+00	0.00e+00
 2.93629e+11	0.00e+00	0.00e+00	1.94e-32	3.80e-23	6.80e-15	7.75e-08	1.00e+00	0.00e+00	0.00e+00	0.00e+00	0.00e+00	0.00e+00
 3.35301e+11	0.00e+00	1.07e-42	2.66e-32	4.82e-23	7.98e-15	8.39e-08	1.00e+00	0.00e+00	0.00e+00	0.00e+00	0.00e+00	0.00e+00
 3.78640e+11	0.00e+00	0.00e+00	3.65e-32	6.11e-23	9.36e-15	9.09e-08	1.00e+00	0.00e+00	0.00e+00	0.00e+00	0.00e+00	0.00e+00
 4.23712e+11	0.00e+00	2.36e-42	5.00e-32	7.76e-23	1.10e-14	9.85e-08	1.00e+00	0.00e+00	0.00e+00	0.00e+00	0.00e+00	0.00e+00
 4.70588e+11	0.00e+00	0.00e+00	6.87e-32	9.85e-23	1.29e-14	1.07e-07	1.00e+00	0.00e+00	0.00e+00	0.00e+00	0.00e+00	0.00e+00
 5.19338e+11	0.00e+00	5.20e-42	9.43e-32	1.25e-22	1.51e-14	1.16e-07	1.00e+00	0.00e+00	0.00e+00	0.00e+00	0.00e+00	0.00e+00
 5.70038e+11	0.00e+00	0.00e+00	1.29e-31	1.59e-22	1.77e-14	1.25e-07	1.00e+00	0.00e+00	0.00e+00	0.00e+00	0.00e+00	0.00e+00
 6.22767e+11	0.00e+00	1.15e-41	1.78e-31	2.02e-22	2.08e-14	1.36e-07	1.00e+00	0.00e+00	0.00e+00	0.00e+00	0.00e+00	0.00e+00
 6.77604e+11	0.00e+00	0.00e+00	2.44e-31	2.56e-22	2.45e-14	1.47e-07	1.00e+00	0.00e+00	0.00e+00	0.00e+00	0.00e+00	0.00e+00
 7.34635e+11	0.00e+00	2.54e-41	3.36e-31	3.25e-22	2.87e-14	1.60e-07	1.00e+00	0.00e+00	0.00e+00	0.00e+00	0.00e+00	0.00e+00
 7.93947e+11	0.00e+00	0.00e+00	4.61e-31	4.14e-22	3.38e-14	1.73e-07	1.00e+00	0.00e+00	0.00e+00	0.00e+00	0.00e+00	0.00e+00
 8.55632e+11	0.00e+00	5.61e-41	6.34e-31	5.26e-22	3.97e-14	1.88e-07	1.00e+00	0.00e+00	0.00e+00	0.00e+00	0.00e+00	0.00e+00
 9.16269e+11	0.00e+00	0.00e+00	8.57e-31	6.60e-22	4.63e-14	2.03e-07	1.00e+00	0.00e+00	0.00e+00	0.00e+00	0.00e+00	0.00e+00
 9.74625e+11	0.00e+00	1.16e-40	1.13e-30	8.16e-22	5.34e-14	2.18e-07	1.00e+00	0.00e+00	0.00e+00	0.00e+00	0.00e+00	0.00e+00
 1.03883e+12	0.00e+00	0.00e+00	1.53e-30	1.02e-21	6.21e-14	2.36e-07	1.00e+00	0.00e+00	0.00e+00	0.00e+00	0.00e+00	0.00e+00
 1.11031e+12	0.00e+00	2.49e-40	2.10e-30	1.30e-21	7.31e-14	2.56e-07	1.00e+00	0.00e+00	0.00e+00	0.00e+00	0.00e+00	0.00e+00
 1.18242e+12	0.00e+00	0.00e+00	2.87e-30	1.64e-21	8.57e-14	2.77e-07	1.00e+00	0.00e+00	0.00e+00	0.00e+00	0.00e+00	0.00e+00
 1.25742e+12	0.00e+00	5.40e-40	3.91e-30	2.08e-21	1.00e-13	3.00e-07	1.00e+00	0.00e+00	0.00e+00	0.00e+00	0.00e+00	0.00e+00
 1.33765e+12	0.00e+00	0.00e+00	5.39e-30	2.65e-21	1.18e-13	3.26e-07	1.00e+00	0.00e+00	0.00e+00	0.00e+00	0.00e+00	0.00e+00
 1.42108e+12	0.00e+00	1.20e-39	7.42e-30	3.38e-21	1.39e-13	3.55e-07	1.00e+00	0.00e+00	0.00e+00	0.00e+00	0.00e+00	0.00e+00
 1.50785e+12	0.00e+00	0.00e+00	1.02e-29	4.31e-21	1.64e-13	3.86e-07	1.00e+00	0.00e+00	0.00e+00	0.00e+00	0.00e+00	0.00e+00
 1.59809e+12	0.00e+00	2.66e-39	1.41e-29	5.50e-21	1.94e-13	4.19e-07	1.00e+00	0.00e+00	0.00e+00	0.00e+00	0.00e+00	0.00e+00
 1.69194e+12	0.00e+00	0.00e+00	1.94e-29	7.01e-21	2.29e-13	4.56e-07	1.00e+00	0.00e+00	0.00e+00	0.00e+00	0.00e+00	0.00e+00
 1.78955e+12	0.00e+00	5.91e-39	2.68e-29	8.95e-21	2.70e-13	4.97e-07	1.00e+00	0.00e+00	0.00e+00	0.00e+00	0.00e+00	0.00e+00
 1.89105e+12	0.00e+00	0.00e+00	3.70e-29	1.14e-20	3.20e-13	5.41e-07	1.00e+00	0.00e+00	0.00e+00	0.00e+00	0.00e+00	0.00e+00
 1.99662e+12	0.00e+00	1.31e-38	5.10e-29	1.46e-20	3.78e-13	5.89e-07	1.00e+00	0.00e+00	0.00e+00	0.00e+00	0.00e+00	0.00e+00
 2.09511e+12	0.00e+00	0.00e+00	6.81e-29	1.82e-20	4.39e-13	6.36e-07	1.00e+00	0.00e+00	0.00e+00	0.00e+00	0.00e+00	0.00e+00
 2.18194e+12	0.00e+00	2.56e-38	8.72e-29	2.20e-20	4.99e-13	6.79e-07	1.00e+00	0.00e+00	0.00e+00	0.00e+00	0.00e+00	0.00e+00
 2.27890e+12	0.00e+00	0.00e+00	1.14e-28	2.70e-20	5.75e-13	7.29e-07	1.00e+00	0.00e+00	0.00e+00	0.00e+00	0.00e+00	0.00e+00
 2.39535e+12	0.00e+00	5.23e-38	1.55e-28	3.42e-20	6.76e-13	7.92e-07	1.00e+00	0.00e+00	0.00e+00	0.00e+00	0.00e+00	0.00e+00
 2.51273e+12	0.00e+00	0.00e+00	2.10e-28	4.30e-20	7.92e-13	8.59e-07	1.00e+00	0.00e+00	0.00e+00	0.00e+00	0.00e+00	0.00e+00
 2.62126e+12	0.00e+00	1.06e-37	2.75e-28	5.28e-20	9.12e-13	9.24e-07	1.00e+00	0.00e+00	0.00e+00	0.00e+00	0.00e+00	0.00e+00
 2.74249e+12	0.00e+00	0.00e+00	3.68e-28	6.60e-20	1.06e-12	1.00e-06	1.00e+00	0.00e+00	0.00e+00	0.00e+00	0.00e+00	0.00e+00
 2.88212e+12	0.00e+00	2.26e-37	5.07e-28	8.45e-20	1.26e-12	1.09e-06	1.00e+00	0.00e+00	0.00e+00	0.00e+00	0.00e+00	0.00e+00
 3.01899e+12	0.00e+00	0.00e+00	6.88e-28	1.07e-19	1.48e-12	1.19e-06	1.00e+00	0.00e+00	0.00e+00	0.00e+00	0.00e+00	0.00e+00
 3.16133e+12	0.00e+00	4.78e-37	9.32e-28	1.35e-19	1.74e-12	1.29e-06	1.00e+00	0.00e+00	0.00e+00	0.00e+00	0.00e+00	0.00e+00
 3.31771e+12	0.00e+00	0.00e+00	1.29e-27	1.73e-19	2.07e-12	1.41e-06	1.00e+00	0.00e+00	0.00e+00	0.00e+00	0.00e+00	0.00e+00
 3.47579e+12	0.00e+00	1.04e-36	1.76e-27	2.20e-19	2.45e-12	1.54e-06	1.00e+00	0.00e+00	0.00e+00	0.00e+00	0.00e+00	0.00e+00
 3.64019e+12	0.00e+00	0.00e+00	2.40e-27	2.80e-19	2.90e-12	1.68e-06	1.00e+00	0.00e+00	0.00e+00	0.00e+00	0.00e+00	0.00e+00
 3.81572e+12	0.00e+00	2.27e-36	3.31e-27	3.59e-19	3.45e-12	1.84e-06	1.00e+00	0.00e+00	0.00e+00	0.00e+00	0.00e+00	0.00e+00
 3.99828e+12	3.58e-46	3.37e-36	4.56e-27	4.60e-19	4.10e-12	2.01e-06	1.00e+00	0.00e+00	0.00e+00	0.00e+00	0.00e+00	0.00e+00
 4.18814e+12	0.00e+00	0.00e+00	6.28e-27	5.89e-19	4.88e-12	2.20e-06	1.00e+00	0.00e+00	0.00e+00	0.00e+00	0.00e+00	0.00e+00
 4.38559e+12	0.00e+00	7.35e-36	8.63e-27	7.54e-19	5.81e-12	2.42e-06	1.00e+00	0.00e+00	0.00e+00	0.00e+00	0.00e+00	0.00e+00
 4.59094e+12	1.44e-45	1.08e-35	1.19e-26	9.66e-19	6.91e-12	2.65e-06	1.00e+00	0.00e+00	0.00e+00	0.00e+00	0.00e+00	0.00e+00
 4.80450e+12	0.00e+00	0.00e+00	1.63e-26	1.24e-18	8.23e-12	2.90e-06	1.00e+00	0.00e+00	0.00e+00	0.00e+00	0.00e+00	0.00e+00
 5.02661e+12	0.00e+00	2.35e-35	2.23e-26	1.58e-18	9.81e-12	3.19e-06	1.00e+00	0.00e+00	0.00e+00	0.00e+00	0.00e+00	0.00e+00
 5.25760e+12	5.70e-45	3.44e-35	3.06e-26	2.03e-18	1.17e-11	3.49e-06	1.00e+00	0.00e+00	0.00e+00	0.00e+00	0.00e+00	0.00e+00
 5.49783e+12	0.00e+00	5.03e-35	4.19e-26	2.59e-18	1.39e-11	3.84e-06	1.00e+00	0.00e+00	0.00e+00	0.00e+00	0.00e+00	0.00e+00
 5.74767e+12	1.41e-44	7.35e-35	5.72e-26	3.32e-18	1.66e-11	4.21e-06	1.00e+00	0.00e+00	0.00e+00	0.00e+00	0.00e+00	0.00e+00
 5.99741e+12	0.00e+00	1.06e-34	7.72e-26	4.20e-18	1.96e-11	4.61e-06	1.00e+00	0.00e+00	0.00e+00	0.00e+00	0.00e+00	0.00e+00
 6.25714e+12	3.31e-44	1.51e-34	1.04e-25	5.31e-18	2.32e-11	5.05e-06	1.00e+00	0.00e+00	0.00e+00	0.00e+00	0.00e+00	0.00e+00
 6.53736e+12	0.00e+00	2.19e-34	1.42e-25	6.78e-18	2.77e-11	5.55e-06	1.00e+00	0.00e+00	0.00e+00	0.00e+00	0.00e+00	0.00e+00
 6.82878e+12	7.93e-44	3.17e-34	1.92e-25	8.65e-18	3.30e-11	6.10e-06	1.00e+00	0.00e+00	0.00e+00	0.00e+00	0.00e+00	0.00e+00
 7.11655e+12	0.00e+00	4.48e-34	2.57e-25	1.09e-17	3.90e-11	6.68e-06	1.00e+00	0.00e+00	0.00e+00	0.00e+00	0.00e+00	0.00e+00
 7.39194e+12	1.74e-43	6.16e-34	3.35e-25	1.35e-17	4.55e-11	7.27e-06	1.00e+00	0.00e+00	0.00e+00	0.00e+00	0.00e+00	0.00e+00
 7.69366e+12	0.00e+00	8.60e-34	4.43e-25	1.69e-17	5.35e-11	7.94e-06	1.00e+00	0.00e+00	0.00e+00	0.00e+00	0.00e+00	0.00e+00
 8.03133e+12	3.90e-43	1.23e-33	5.97e-25	2.15e-17	6.37e-11	8.75e-06	1.00e+00	0.00e+00	0.00e+00	0.00e+00	0.00e+00	0.00e+00
 8.36954e+12	0.00e+00	1.72e-33	7.95e-25	2.71e-17	7.53e-11	9.60e-06	1.00e+00	0.00e+00	0.00e+00	0.00e+00	0.00e+00	0.00e+00
 8.72128e+12	8.59e-43	2.41e-33	1.06e-24	3.41e-17	8.91e-11	1.05e-05	1.00e+00	0.00e+00	0.00e+00	0.00e+00	0.00e+00	0.00e+00
 9.10006e+12	0.00e+00	3.40e-33	1.42e-24	4.32e-17	1.06e-10	1.16e-05	1.00e+00	0.00e+00	0.00e+00	0.00e+00	0.00e+00	0.00e+00
 9.49399e+12	1.91e-42	4.77e-33	1.89e-24	5.48e-17	1.26e-10	1.28e-05	1.00e+00	0.00e+00	0.00e+00	0.00e+00	0.00e+00	0.00e+00
 9.90367e+12	0.00e+00	6.68e-33	2.52e-24	6.95e-17	1.50e-10	1.41e-05	1.00e+00	0.00e+00	0.00e+00	0.00e+00	0.00e+00	0.00e+00
 1.02729e+13	3.93e-42	8.91e-33	3.23e-24	8.52e-17	1.74e-10	1.54e-05	1.00e+00	0.00e+00	0.00e+00	0.00e+00	0.00e+00	0.00e+00
 1.05779e+13	0.00e+00	1.12e-32	3.94e-24	1.00e-16	1.96e-10	1.65e-05	1.00e+00	0.00e+00	0.00e+00	0.00e+00	0.00e+00	0.00e+00
 1.09104e+13	6.78e-42	1.43e-32	4.86e-24	1.19e-16	2.22e-10	1.77e-05	1.00e+00	0.00e+00	0.00e+00	0.00e+00	0.00e+00	0.00e+00
 1.13353e+13	0.00e+00	1.92e-32	6.28e-24	1.48e-16	2.60e-10	1.93e-05	1.00e+00	0.00e+00	0.00e+00	0.00e+00	0.00e+00	0.00e+00
 1.17789e+13	1.33e-41	2.58e-32	8.11e-24	1.83e-16	3.04e-10	2.12e-05	1.00e+00	0.00e+00	0.00e+00	0.00e+00	0.00e+00	0.00e+00
 1.21656e+13	0.00e+00	3.30e-32	1.01e-23	2.19e-16	3.46e-10	2.28e-05	1.00e+00	0.00e+00	0.00e+00	0.00e+00	0.00e+00	0.00e+00
 1.25798e+13	2.37e-41	4.27e-32	1.26e-23	2.64e-16	3.96e-10	2.47e-05	1.00e+00	0.00e+00	0.00e+00	0.00e+00	0.00e+00	0.00e+00
 1.30852e+13	0.00e+00	5.76e-32	1.64e-23	3.29e-16	4.64e-10	2.71e-05	1.00e+00	0.00e+00	0.00e+00	0.00e+00	0.00e+00	0.00e+00
 1.35934e+13	4.62e-41	7.68e-32	2.11e-23	4.07e-16	5.40e-10	2.96e-05	1.00e+00	0.00e+00	0.00e+00	0.00e+00	0.00e+00	0.00e+00
 1.40478e+13	0.00e+00	9.87e-32	2.63e-23	4.89e-16	6.16e-10	3.20e-05	1.00e+00	0.00e+00	0.00e+00	0.00e+00	0.00e+00	0.00e+00
 1.45481e+13	8.34e-41	1.29e-31	3.32e-23	5.95e-16	7.08e-10	3.47e-05	1.00e+00	0.00e+00	0.00e+00	0.00e+00	0.00e+00	0.00e+00
 1.51425e+13	0.00e+00	1.75e-31	4.35e-23	7.44e-16	8.30e-10	3.81e-05	1.00e+00	0.00e+00	0.00e+00	0.00e+00	0.00e+00	0.00e+00
 1.57397e+13	1.65e-40	2.36e-31	5.65e-23	9.25e-16	9.67e-10	4.17e-05	1.00e+00	0.00e+00	0.00e+00	0.00e+00	0.00e+00	0.00e+00
 1.63037e+13	0.00e+00	3.11e-31	7.17e-23	1.13e-15	1.11e-09	4.52e-05	1.00e+00	0.00e+00	0.00e+00	0.00e+00	0.00e+00	0.00e+00
 1.69287e+13	3.15e-40	4.18e-31	9.28e-23	1.39e-15	1.29e-09	4.92e-05	1.00e+00	0.00e+00	0.00e+00	0.00e+00	0.00e+00	0.00e+00
 1.76358e+13	0.00e+00	5.78e-31	1.23e-22	1.76e-15	1.51e-09	5.40e-05	1.00e+00	0.00e+00	0.00e+00	0.00e+00	0.00e+00	0.00e+00
 1.83544e+13	6.55e-40	7.97e-31	1.62e-22	2.20e-15	1.77e-09	5.91e-05	1.00e+00	0.00e+00	0.00e+00	0.00e+00	0.00e+00	0.00e+00
 1.91018e+13	0.00e+00	1.10e-30	2.15e-22	2.76e-15	2.07e-09	6.45e-05	1.00e+00	0.00e+00	0.00e+00	0.00e+00	0.00e+00	0.00e+00
 1.98958e+13	1.39e-39	1.54e-30	2.86e-22	3.48e-15	2.42e-09	7.06e-05	1.00e+00	0.00e+00	0.00e+00	0.00e+00	0.00e+00	0.00e+00
 2.07021e+13	0.00e+00	2.15e-30	3.80e-22	4.37e-15	2.83e-09	7.71e-05	1.00e+00	0.00e+00	0.00e+00	0.00e+00	0.00e+00	0.00e+00
 2.15406e+13	2.99e-39	3.01e-30	5.05e-22	5.49e-15	3.30e-09	8.40e-05	1.00e+00	0.00e+00	0.00e+00	0.00e+00	0.00e+00	0.00e+00
 2.24322e+13	0.00e+00	4.25e-30	6.76e-22	6.92e-15	3.86e-09	9.18e-05	1.00e+00	0.00e+00	0.00e+00	0.00e+00	0.00e+00	0.00e+00
 2.33594e+13	6.66e-39	6.03e-30	9.08e-22	8.74e-15	4.52e-09	1.00e-04	1.00e+00	0.00e+00	0.00e+00	0.00e+00	0.00e+00	0.00e+00
 2.43237e+13	0.00e+00	8.55e-30	1.22e-21	1.10e-14	5.29e-09	1.09e-04	1.00e+00	0.00e+00	0.00e+00	0.00e+00	0.00e+00	0.00e+00
 2.53265e+13	1.52e-38	1.23e-29	1.64e-21	1.39e-14	6.19e-09	1.19e-04	1.00e+00	0.00e+00	0.00e+00	0.00e+00	0.00e+00	0.00e+00
 2.63695e+13	0.00e+00	1.76e-29	2.22e-21	1.76e-14	7.25e-09	1.29e-04	1.00e+00	0.00e+00	0.00e+00	0.00e+00	0.00e+00	0.00e+00
 2.74234e+13	3.47e-38	2.50e-29	2.97e-21	2.21e-14	8.44e-09	1.41e-04	1.00e+00	0.00e+00	0.00e+00	0.00e+00	0.00e+00	0.00e+00
 2.84179e+13	0.00e+00	3.44e-29	3.88e-21	2.72e-14	9.69e-09	1.51e-04	1.00e+00	0.00e+00	0.00e+00	0.00e+00	0.00e+00	0.00e+00
 2.94830e+13	7.46e-38	4.81e-29	5.11e-21	3.36e-14	1.12e-08	1.63e-04	1.00e+00	0.00e+00	0.00e+00	0.00e+00	0.00e+00	0.00e+00
 3.06923e+13	0.00e+00	6.97e-29	6.93e-21	4.25e-14	1.31e-08	1.78e-04	1.00e+00	0.00e+00	0.00e+00	0.00e+00	0.00e+00	0.00e+00
 3.18926e+13	1.74e-37	9.91e-29	9.26e-21	5.32e-14	1.52e-08	1.92e-04	1.00e+00	0.00e+00	0.00e+00	0.00e+00	0.00e+00	0.00e+00
 3.31410e+13	0.00e+00	1.41e-28	1.24e-20	6.65e-14	1.77e-08	2.08e-04	1.00e+00	0.00e+00	0.00e+00	0.00e+00	0.00e+00	0.00e+00
 3.44965e+13	4.09e-37	2.05e-28	1.68e-20	8.41e-14	2.07e-08	2.26e-04	1.00e+00	0.00e+00	0.00e+00	0.00e+00	0.00e+00	0.00e+00
 3.59063e+13	0.00e+00	2.98e-28	2.28e-20	1.06e-13	2.42e-08	2.45e-04	1.00e+00	0.00e+00	0.00e+00	0.00e+00	0.00e+00	0.00e+00
 3.73725e+13	9.88e-37	4.34e-28	3.10e-20	1.34e-13	2.82e-08	2.66e-04	1.00e+00	0.00e+00	0.00e+00	0.00e+00	0.00e+00	0.00e+00
 3.88973e+13	0.00e+00	6.32e-28	4.22e-20	1.70e-13	3.30e-08	2.89e-04	1.00e+00	0.00e+00	0.00e+00	0.00e+00	0.00e+00	0.00e+00
 4.04831e+13	2.40e-36	9.21e-28	5.73e-20	2.15e-13	3.86e-08	3.13e-04	1.00e+00	0.00e+00	0.00e+00	0.00e+00	0.00e+00	0.00e+00
 4.21324e+13	0.00e+00	1.34e-27	7.80e-20	2.71e-13	4.52e-08	3.40e-04	1.00e+00	0.00e+00	0.00e+00	0.00e+00	0.00e+00	0.00e+00
 4.38476e+13	5.87e-36	1.96e-27	1.06e-19	3.43e-13	5.28e-08	3.69e-04	1.00e+00	0.00e+00	0.00e+00	0.00e+00	0.00e+00	0.00e+00
 4.54623e+13	0.00e+00	2.77e-27	1.40e-19	4.25e-13	6.09e-08	3.97e-04	1.00e+00	0.00e+00	0.00e+00	0.00e+00	0.00e+00	0.00e+00
 4.69077e+13	1.26e-35	3.73e-27	1.79e-19	5.10e-13	6.88e-08	4.23e-04	1.00e+00	0.00e+00	0.00e+00	0.00e+00	0.00e+00	0.00e+00
 4.85292e+13	0.00e+00	5.16e-27	2.33e-19	6.24e-13	7.86e-08	4.53e-04	1.00e+00	0.00e+00	0.00e+00	0.00e+00	0.00e+00	0.00e+00
 5.04496e+13	2.85e-35	7.45e-27	3.14e-19	7.84e-13	9.16e-08	4.90e-04	1.00e+00	0.00e+00	0.00e+00	0.00e+00	0.00e+00	0.00e+00
 5.23619e+13	4.39e-35	1.07e-26	4.20e-19	9.76e-13	1.06e-07	5.28e-04	9.99e-01	0.00e+00	0.00e+00	0.00e+00	0.00e+00	0.00e+00
 5.41444e+13	6.38e-35	1.47e-26	5.44e-19	1.19e-12	1.21e-07	5.65e-04	9.99e-01	0.00e+00	0.00e+00	0.00e+00	0.00e+00	0.00e+00
 5.61339e+13	9.66e-35	2.08e-26	7.22e-19	1.47e-12	1.39e-07	6.07e-04	9.99e-01	0.00e+00	0.00e+00	0.00e+00	0.00e+00	0.00e+00
 5.84092e+13	1.52e-34	3.05e-26	9.84e-19	1.86e-12	1.63e-07	6.58e-04	9.99e-01	0.00e+00	0.00e+00	0.00e+00	0.00e+00	0.00e+00
 6.06436e+13	2.35e-34	4.40e-26	1.32e-18	2.32e-12	1.89e-07	7.09e-04	9.99e-01	0.00e+00	0.00e+00	0.00e+00	0.00e+00	0.00e+00
 6.29675e+13	3.60e-34	6.30e-26	1.77e-18	2.90e-12	2.19e-07	7.65e-04	9.99e-01	0.00e+00	0.00e+00	0.00e+00	0.00e+00	0.00e+00
 6.55161e+13	5.73e-34	9.30e-26	2.42e-18	3.67e-12	2.56e-07	8.28e-04	9.99e-01	0.00e+00	0.00e+00	0.00e+00	0.00e+00	0.00e+00
 6.80824e+13	8.88e-34	1.34e-25	3.26e-18	4.60e-12	2.98e-07	8.94e-04	9.99e-01	0.00e+00	0.00e+00	0.00e+00	0.00e+00	0.00e+00
 7.07513e+13	1.39e-33	1.95e-25	4.41e-18	5.78e-12	3.47e-07	9.66e-04	9.99e-01	0.00e+00	0.00e+00	0.00e+00	0.00e+00	0.00e+00
 7.36113e+13	2.21e-33	2.88e-25	6.03e-18	7.31e-12	4.06e-07	1.04e-03	9.99e-01	0.00e+00	0.00e+00	0.00e+00	0.00e+00	0.00e+00
 7.65857e+13	3.50e-33	4.24e-25	8.23e-18	9.24e-12	4.74e-07	1.13e-03	9.99e-01	0.00e+00	0.00e+00	0.00e+00	0.00e+00	0.00e+00
 7.96790e+13	5.55e-33	6.24e-25	1.12e-17	1.17e-11	5.54e-07	1.22e-03	9.99e-01	0.00e+00	0.00e+00	0.00e+00	0.00e+00	0.00e+00
 8.28961e+13	8.81e-33	9.18e-25	1.53e-17	1.48e-11	6.48e-07	1.32e-03	9.99e-01	0.00e+00	0.00e+00	0.00e+00	0.00e+00	0.00e+00
 8.62419e+13	1.40e-32	1.35e-24	2.10e-17	1.87e-11	7.58e-07	1.43e-03	9.99e-01	0.00e+00	0.00e+00	0.00e+00	0.00e+00	0.00e+00
 8.97215e+13	2.23e-32	1.99e-24	2.86e-17	2.36e-11	8.86e-07	1.55e-03	9.98e-01	0.00e+00	0.00e+00	0.00e+00	0.00e+00	0.00e+00
 9.31612e+13	3.44e-32	2.88e-24	3.85e-17	2.95e-11	1.03e-06	1.67e-03	9.98e-01	0.00e+00	0.00e+00	0.00e+00	0.00e+00	0.00e+00
 9.67385e+13	5.38e-32	4.17e-24	5.19e-17	3.69e-11	1.19e-06	1.80e-03	9.98e-01	0.00e+00	0.00e+00	0.00e+00	0.00e+00	0.00e+00
 1.00638e+14	8.55e-32	6.15e-24	7.10e-17	4.67e-11	1.40e-06	1.95e-03	9.98e-01	0.00e+00	0.00e+00	0.00e+00	0.00e+00	0.00e+00
 1.04572e+14	1.35e-31	8.99e-24	9.63e-17	5.87e-11	1.62e-06	2.10e-03	9.98e-01	0.00e+00	0.00e+00	0.00e+00	0.00e+00	0.00e+00
 1.08664e+14	2.11e-31	1.31e-23	1.30e-16	7.37e-11	1.89e-06	2.27e-03	9.98e-01	0.00e+00	0.00e+00	0.00e+00	0.00e+00	0.00e+00
 1.13040e+14	3.39e-31	1.94e-23	1.79e-16	9.32e-11	2.21e-06	2.45e-03	9.98e-01	0.00e+00	0.00e+00	0.00e+00	0.00e+00	0.00e+00
 1.17592e+14	5.35e-31	2.84e-23	2.44e-16	1.18e-10	2.58e-06	2.65e-03	9.97e-01	0.00e+00	0.00e+00	0.00e+00	0.00e+00	0.00e+00
 1.22325e+14	8.61e-31	4.22e-23	3.34e-16	1.49e-10	3.02e-06	2.86e-03	9.97e-01	0.00e+00	0.00e+00	0.00e+00	0.00e+00	0.00e+00
 1.26855e+14	1.31e-30	6.00e-23	4.45e-16	1.85e-10	3.49e-06	3.08e-03	9.97e-01	0.00e+00	0.00e+00	0.00e+00	0.00e+00	0.00e+00
 1.31034e+14	1.93e-30	8.29e-23	5.76e-16	2.24e-10	3.97e-06	3.28e-03	9.97e-01	0.00e+00	0.00e+00	0.00e+00	0.00e+00	0.00e+00
 1.35773e+14	2.91e-30	1.17e-22	7.64e-16	2.77e-10	4.57e-06	3.52e-03	9.96e-01	0.00e+00	0.00e+00	0.00e+00	0.00e+00	0.00e+00
 1.41233e+14	4.67e-30	1.73e-22	1.04e-15	3.50e-10	5.34e-06	3.80e-03	9.96e-01	0.00e+00	0.00e+00	0.00e+00	0.00e+00	0.00e+00
 1.46653e+14	7.19e-30	2.49e-22	1.41e-15	4.38e-10	6.20e-06	4.10e-03	9.96e-01	0.00e+00	0.00e+00	0.00e+00	0.00e+00	0.00e+00
 1.52290e+14	1.13e-29	3.63e-22	1.90e-15	5.49e-10	7.20e-06	4.42e-03	9.96e-01	0.00e+00	0.00e+00	0.00e+00	0.00e+00	0.00e+00
 1.57909e+14	1.69e-29	5.12e-22	2.53e-15	6.81e-10	8.31e-06	4.75e-03	9.95e-01	0.00e+00	0.00e+00	0.00e+00	0.00e+00	0.00e+00
 1.62918e+14	2.47e-29	7.00e-22	3.24e-15	8.20e-10	9.40e-06	5.05e-03	9.95e-01	0.00e+00	0.00e+00	0.00e+00	0.00e+00	0.00e+00
 1.68415e+14	3.58e-29	9.58e-22	4.20e-15	9.98e-10	1.07e-05	5.40e-03	9.95e-01	0.00e+00	0.00e+00	0.00e+00	0.00e+00	0.00e+00
 1.74968e+14	5.64e-29	1.40e-21	5.69e-15	1.25e-09	1.25e-05	5.82e-03	9.94e-01	0.00e+00	0.00e+00	0.00e+00	0.00e+00	0.00e+00
 1.81472e+14	8.45e-29	1.97e-21	7.58e-15	1.56e-09	1.44e-05	6.27e-03	9.94e-01	0.00e+00	0.00e+00	0.00e+00	0.00e+00	0.00e+00
 1.87378e+14	1.22e-28	2.69e-21	9.76e-15	1.88e-09	1.64e-05	6.69e-03	9.93e-01	0.00e+00	0.00e+00	0.00e+00	0.00e+00	0.00e+00
 1.93928e+14	1.80e-28	3.73e-21	1.28e-14	2.31e-09	1.87e-05	7.17e-03	9.93e-01	0.00e+00	0.00e+00	0.00e+00	0.00e+00	0.00e+00
 2.01598e+14	2.84e-28	5.47e-21	1.74e-14	2.91e-09	2.18e-05	7.74e-03	9.92e-01	0.00e+00	0.00e+00	0.00e+00	0.00e+00	0.00e+00
 2.09167e+14	4.23e-28	7.69e-21	2.32e-14	3.62e-09	2.53e-05	8.35e-03	9.92e-01	0.00e+00	0.00e+00	0.00e+00	0.00e+00	0.00e+00
 2.16232e+14	6.21e-28	1.06e-20	3.01e-14	4.41e-09	2.88e-05	8.92e-03	9.91e-01	0.00e+00	0.00e+00	0.00e+00	0.00e+00	0.00e+00
 2.24105e+14	9.11e-28	1.48e-20	3.98e-14	5.45e-09	3.32e-05	9.60e-03	9.90e-01	0.00e+00	0.00e+00	0.00e+00	0.00e+00	0.00e+00
 2.33099e+14	1.41e-27	2.14e-20	5.41e-14	6.89e-09	3.88e-05	1.04e-02	9.90e-01	0.00e+00	0.00e+00	0.00e+00	0.00e+00	0.00e+00
 2.41985e+14	2.12e-27	3.03e-20	7.25e-14	8.60e-09	4.49e-05	1.12e-02	9.89e-01	0.00e+00	0.00e+00	0.00e+00	0.00e+00	0.00e+00
 2.51227e+14	3.23e-27	4.34e-20	9.71e-14	1.07e-08	5.21e-05	1.21e-02	9.88e-01	0.00e+00	0.00e+00	0.00e+00	0.00e+00	0.00e+00
 2.61306e+14	4.83e-27	6.17e-20	1.32e-13	1.36e-08	6.08e-05	1.32e-02	9.87e-01	0.00e+00	0.00e+00	0.00e+00	0.00e+00	0.00e+00
 2.71519e+14	7.43e-27	8.89e-20	1.78e-13	1.70e-08	7.07e-05	1.42e-02	9.86e-01	0.00e+00	0.00e+00	0.00e+00	0.00e+00	0.00e+00
 2.82140e+14	1.09e-26	1.25e-19	2.39e-13	2.14e-08	8.22e-05	1.54e-02	9.84e-01	0.00e+00	0.00e+00	0.00e+00	0.00e+00	0.00e+00
 2.93456e+14	1.68e-26	1.81e-19	3.24e-13	2.70e-08	9.60e-05	1.67e-02	9.83e-01	0.00e+00	0.00e+00	0.00e+00	0.00e+00	0.00e+00
 3.05224e+14	2.47e-26	2.54e-19	4.39e-13	3.41e-08	1.12e-04	1.82e-02	9.82e-01	0.00e+00	0.00e+00	0.00e+00	0.00e+00	0.00e+00
 3.17463e+14	3.69e-26	3.61e-19	5.94e-13	4.30e-08	1.31e-04	1.97e-02	9.80e-01	0.00e+00	0.00e+00	0.00e+00	0.00e+00	0.00e+00
 3.29420e+14	5.51e-26	5.11e-19	7.91e-13	5.35e-08	1.51e-04	2.13e-02	9.79e-01	0.00e+00	0.00e+00	0.00e+00	0.00e+00	0.00e+00
 3.40768e+14	7.72e-26	6.89e-19	1.03e-12	6.54e-08	1.72e-04	2.29e-02	9.77e-01	0.00e+00	0.00e+00	0.00e+00	0.00e+00	0.00e+00
 3.53341e+14	1.08e-25	9.35e-19	1.35e-12	8.10e-08	1.98e-04	2.47e-02	9.75e-01	0.00e+00	0.00e+00	0.00e+00	0.00e+00	0.00e+00
 3.67504e+14	1.59e-25	1.32e-18	1.83e-12	1.02e-07	2.31e-04	2.69e-02	9.73e-01	0.00e+00	0.00e+00	0.00e+00	0.00e+00	0.00e+00
 3.80267e+14	2.23e-25	1.79e-18	2.38e-12	1.25e-07	2.64e-04	2.89e-02	9.71e-01	0.00e+00	0.00e+00	0.00e+00	0.00e+00	0.00e+00
 3.90915e+14	2.92e-25	2.27e-18	2.95e-12	1.47e-07	2.94e-04	3.07e-02	9.69e-01	0.00e+00	0.00e+00	0.00e+00	0.00e+00	0.00e+00
 4.02659e+14	3.90e-25	2.95e-18	3.70e-12	1.75e-07	3.30e-04	3.27e-02	9.67e-01	0.00e+00	0.00e+00	0.00e+00	0.00e+00	0.00e+00
 4.17498e+14	5.51e-25	4.04e-18	4.89e-12	2.17e-07	3.80e-04	3.53e-02	9.64e-01	0.00e+00	0.00e+00	0.00e+00	0.00e+00	0.00e+00
 4.33095e+14	7.83e-25	5.56e-18	6.49e-12	2.70e-07	4.38e-04	3.82e-02	9.61e-01	0.00e+00	0.00e+00	0.00e+00	0.00e+00	0.00e+00
 4.47200e+14	1.10e-24	7.50e-18	8.32e-12	3.27e-07	4.96e-04	4.09e-02	9.59e-01	0.00e+00	0.00e+00	0.00e+00	0.00e+00	0.00e+00
 4.62628e+14	1.47e-24	9.90e-18	1.08e-11	3.99e-07	5.65e-04	4.40e-02	9.55e-01	0.00e+00	0.00e+00	0.00e+00	0.00e+00	0.00e+00
 4.80790e+14	2.13e-24	1.39e-17	1.45e-11	5.01e-07	6.56e-04	4.77e-02	9.52e-01	0.00e+00	0.00e+00	0.00e+00	0.00e+00	0.00e+00
 4.97941e+14	3.08e-24	1.92e-17	1.91e-11	6.17e-07	7.51e-04	5.13e-02	9.48e-01	0.00e+00	0.00e+00	0.00e+00	0.00e+00	0.00e+00
 5.12717e+14	4.05e-24	2.48e-17	2.40e-11	7.33e-07	8.41e-04	5.46e-02	9.45e-01	0.00e+00	0.00e+00	0.00e+00	0.00e+00	0.00e+00
 5.28968e+14	5.47e-24	3.26e-17	3.05e-11	8.81e-07	9.48e-04	5.83e-02	9.41e-01	0.00e+00	0.00e+00	0.00e+00	0.00e+00	0.00e+00
 5.48932e+14	7.62e-24	4.46e-17	4.07e-11	1.10e-06	1.09e-03	6.31e-02	9.36e-01	0.00e+00	0.00e+00	0.00e+00	0.00e+00	0.00e+00
 5.69095e+14	1.12e-23	6.25e-17	5.39e-11	1.36e-06	1.25e-03	6.79e-02	9.31e-01	0.00e+00	0.00e+00	0.00e+00	0.00e+00	0.00e+00
 5.87026e+14	1.49e-23	8.20e-17	6.87e-11	1.63e-06	1.41e-03	7.24e-02	9.26e-01	0.00e+00	0.00e+00	0.00e+00	0.00e+00	0.00e+00
 6.06681e+14	2.06e-23	1.10e-16	8.88e-11	1.98e-06	1.60e-03	7.75e-02	9.21e-01	0.00e+00	0.00e+00	0.00e+00	0.00e+00	0.00e+00
 6.30162e+14	2.90e-23	1.52e-16	1.20e-10	2.47e-06	1.85e-03	8.38e-02	9.14e-01	0.00e+00	0.00e+00	0.00e+00	0.00e+00	0.00e+00
 6.53340e+14	4.25e-23	2.13e-16	1.58e-10	3.06e-06	2.12e-03	9.00e-02	9.08e-01	0.00e+00	0.00e+00	0.00e+00	0.00e+00	0.00e+00
 6.74361e+14	5.75e-23	2.82e-16	2.03e-10	3.68e-06	2.39e-03	9.60e-02	9.02e-01	0.00e+00	0.00e+00	0.00e+00	0.00e+00	0.00e+00
 6.97850e+14	8.05e-23	3.84e-16	2.65e-10	4.50e-06	2.72e-03	1.03e-01	8.94e-01	0.00e+00	0.00e+00	0.00e+00	0.00e+00	0.00e+00
 7.25364e+14	1.15e-22	5.37e-16	3.59e-10	5.64e-06	3.15e-03	1.11e-01	8.86e-01	0.00e+00	0.00e+00	0.00e+00	0.00e+00	0.00e+00
 7.52358e+14	1.69e-22	7.56e-16	4.78e-10	6.98e-06	3.61e-03	1.19e-01	8.77e-01	0.00e+00	0.00e+00	0.00e+00	0.00e+00	0.00e+00
 7.77631e+14	2.33e-22	1.02e-15	6.19e-10	8.46e-06	4.08e-03	1.27e-01	8.69e-01	0.00e+00	0.00e+00	0.00e+00	0.00e+00	0.00e+00
 8.05964e+14	3.32e-22	1.40e-15	8.18e-10	1.04e-05	4.66e-03	1.36e-01	8.59e-01	0.00e+00	0.00e+00	0.00e+00	0.00e+00	0.00e+00
 8.38233e+14	4.81e-22	1.98e-15	1.11e-09	1.31e-05	5.39e-03	1.47e-01	8.48e-01	0.00e+00	0.00e+00	0.00e+00	0.00e+00	0.00e+00
 8.70152e+14	7.14e-22	2.81e-15	1.49e-09	1.62e-05	6.18e-03	1.57e-01	8.37e-01	0.00e+00	0.00e+00	0.00e+00	0.00e+00	0.00e+00
 9.03349e+14	1.02e-21	3.91e-15	1.99e-09	2.01e-05	7.09e-03	1.69e-01	8.24e-01	0.00e+00	0.00e+00	0.00e+00	0.00e+00	0.00e+00
 9.39513e+14	1.53e-21	5.63e-15	2.70e-09	2.52e-05	8.18e-03	1.81e-01	8.11e-01	0.00e+00	0.00e+00	0.00e+00	0.00e+00	0.00e+00
 9.77123e+14	2.28e-21	8.06e-15	3.66e-09	3.15e-05	9.41e-03	1.94e-01	7.97e-01	0.00e+00	0.00e+00	0.00e+00	0.00e+00	0.00e+00
 1.01624e+15	3.36e-21	1.15e-14	4.96e-09	3.93e-05	1.08e-02	2.07e-01	7.82e-01	0.00e+00	0.00e+00	0.00e+00	0.00e+00	0.00e+00
 1.05692e+15	5.06e-21	1.65e-14	6.70e-09	4.90e-05	1.24e-02	2.21e-01	7.66e-01	0.00e+00	0.00e+00	0.00e+00	0.00e+00	0.00e+00
 1.09922e+15	7.49e-21	2.36e-14	9.08e-09	6.12e-05	1.43e-02	2.37e-01	7.49e-01	0.00e+00	0.00e+00	0.00e+00	0.00e+00	0.00e+00
 1.14322e+15	1.13e-20	3.39e-14	1.23e-08	7.60e-05	1.64e-02	2.52e-01	7.32e-01	0.00e+00	0.00e+00	0.00e+00	0.00e+00	0.00e+00
 1.18239e+15	1.60e-20	4.62e-14	1.58e-08	9.16e-05	1.84e-02	2.65e-01	7.16e-01	0.00e+00	0.00e+00	0.00e+00	0.00e+00	0.00e+00
 1.21413e+15	2.09e-20	5.86e-14	1.94e-08	1.06e-04	2.01e-02	2.77e-01	7.03e-01	0.00e+00	0.00e+00	0.00e+00	0.00e+00	0.00e+00
 1.24862e+15	2.80e-20	7.58e-14	2.40e-08	1.24e-04	2.21e-02	2.88e-01	6.89e-01	0.00e+00	0.00e+00	0.00e+00	0.00e+00	0.00e+00
 1.29346e+15	4.02e-20	1.04e-13	3.12e-08	1.50e-04	2.48e-02	3.03e-01	6.72e-01	0.00e+00	0.00e+00	0.00e+00	0.00e+00	0.00e+00
 1.34174e+15	5.92e-20	1.47e-13	4.12e-08	1.83e-04	2.81e-02	3.20e-01	6.52e-01	0.00e+00	0.00e+00	0.00e+00	0.00e+00	0.00e+00
 1.38474e+15	8.23e-20	1.95e-13	5.21e-08	2.16e-04	3.11e-02	3.34e-01	6.35e-01	0.00e+00	0.00e+00	0.00e+00	0.00e+00	0.00e+00
 1.43086e+15	1.16e-19	2.63e-13	6.64e-08	2.57e-04	3.45e-02	3.48e-01	6.17e-01	0.00e+00	0.00e+00	0.00e+00	0.00e+00	0.00e+00
 1.48298e+15	1.66e-19	3.61e-13	8.64e-08	3.10e-04	3.87e-02	3.64e-01	5.97e-01	0.00e+00	0.00e+00	0.00e+00	0.00e+00	0.00e+00
 1.53274e+15	2.37e-19	4.91e-13	1.10e-07	3.69e-04	4.29e-02	3.79e-01	5.77e-01	0.00e+00	0.00e+00	0.00e+00	0.00e+00	0.00e+00
 1.58003e+15	3.27e-19	6.46e-13	1.37e-07	4.32e-04	4.71e-02	3.93e-01	5.60e-01	0.00e+00	0.00e+00	0.00e+00	0.00e+00	0.00e+00
 1.63429e+15	4.67e-19	8.77e-13	1.75e-07	5.13e-04	5.22e-02	4.08e-01	5.40e-01	0.00e+00	0.00e+00	0.00e+00	0.00e+00	0.00e+00
 1.69547e+15	6.73e-19	1.20e-12	2.28e-07	6.18e-04	5.82e-02	4.23e-01	5.18e-01	0.00e+00	0.00e+00	0.00e+00	0.00e+00	0.00e+00
 1.75383e+15	9.74e-19	1.65e-12	2.91e-07	7.33e-04	6.43e-02	4.38e-01	4.97e-01	0.00e+00	0.00e+00	0.00e+00	0.00e+00	0.00e+00
 1.81733e+15	1.42e-18	2.26e-12	3.74e-07	8.74e-04	7.12e-02	4.53e-01	4.75e-01	0.00e+00	0.00e+00	0.00e+00	0.00e+00	0.00e+00
 1.88757e+15	2.06e-18	3.12e-12	4.87e-07	1.05e-03	7.92e-02	4.68e-01	4.52e-01	0.00e+00	0.00e+00	0.00e+00	0.00e+00	0.00e+00
 1.95369e+15	2.96e-18	4.24e-12	6.19e-07	1.24e-03	8.70e-02	4.81e-01	4.31e-01	0.00e+00	0.00e+00	0.00e+00	0.00e+00	0.00e+00
 2.02495e+15	4.29e-18	5.79e-12	7.93e-07	1.48e-03	9.58e-02	4.94e-01	4.09e-01	0.00e+00	0.00e+00	0.00e+00	0.00e+00	0.00e+00
 2.10432e+15	6.39e-18	8.08e-12	1.03e-06	1.77e-03	1.06e-01	5.06e-01	3.86e-01	0.00e+00	0.00e+00	0.00e+00	0.00e+00	0.00e+00
 2.18115e+15	9.27e-18	1.10e-11	1.31e-06	2.09e-03	1.16e-01	5.17e-01	3.64e-01	0.00e+00	0.00e+00	0.00e+00	0.00e+00	0.00e+00
 2.26271e+15	1.39e-17	1.53e-11	1.68e-06	2.47e-03	1.27e-01	5.27e-01	3.43e-01	0.00e+00	0.00e+00	0.00e+00	0.00e+00	0.00e+00
 2.35325e+15	2.01e-17	2.11e-11	2.18e-06	2.95e-03	1.40e-01	5.37e-01	3.20e-01	0.00e+00	0.00e+00	0.00e+00	0.00e+00	0.00e+00
 2.44409e+15	3.03e-17	2.91e-11	2.79e-06	3.49e-03	1.53e-01	5.44e-01	2.99e-01	0.00e+00	0.00e+00	1.72e-17	9.27e-18	3.50e-18
 2.53856e+15	4.43e-17	4.00e-11	3.56e-06	4.12e-03	1.67e-01	5.50e-01	2.78e-01	0.00e+00	0.00e+00	2.51e-17	1.37e-17	5.03e-18
 2.64014e+15	6.59e-17	5.54e-11	4.57e-06	4.88e-03	1.82e-01	5.55e-01	2.58e-01	0.00e+00	0.00e+00	3.74e-17	2.04e-17	7.44e-18
 2.74577e+15	9.81e-17	7.66e-11	5.86e-06	5.75e-03	1.98e-01	5.58e-01	2.38e-01	0.00e+00	0.00e+00	5.58e-17	3.02e-17	1.10e-17
 2.85563e+15	1.46e-16	1.06e-10	7.49e-06	6.77e-03	2.15e-01	5.59e-01	2.19e-01	0.00e+00	0.00e+00	8.30e-17	4.48e-17	1.63e-17
 2.96989e+15	2.16e-16	1.46e-10	9.54e-06	7.94e-03	2.33e-01	5.59e-01	2.00e-01	0.00e+00	0.00e+00	1.23e-16	6.64e-17	2.40e-17
 3.08871e+15	3.30e-16	2.04e-10	1.21e-05	9.29e-03	2.51e-01	5.57e-01	1.83e-01	0.00e+00	0.00e+00	1.89e-16	1.01e-16	3.65e-17
 3.19394e+15	4.60e-16	2.65e-10	1.48e-05	1.06e-02	2.67e-01	5.53e-01	1.69e-01	0.00e+00	0.00e+00	2.63e-16	1.41e-16	5.05e-17
 3.27883e+15	5.83e-16	3.23e-10	1.73e-05	1.17e-02	2.80e-01	5.50e-01	1.58e-01	0.00e+00	0.00e+00	3.34e-16	1.78e-16	6.39e-17
 3.37139e+15	7.68e-16	4.02e-10	2.04e-05	1.30e-02	2.94e-01	5.45e-01	1.48e-01	0.00e+00	0.00e+00	4.40e-16	2.35e-16	8.38e-17
 3.49172e+15	1.11e-15	5.38e-10	2.51e-05	1.49e-02	3.12e-01	5.38e-01	1.35e-01	0.00e+00	0.00e+00	6.38e-16	3.40e-16	1.21e-16
 3.62043e+15	1.59e-15	7.15e-10	3.09e-05	1.70e-02	3.31e-01	5.30e-01	1.22e-01	0.00e+00	0.00e+00	9.14e-16	4.87e-16	1.72e-16
 3.73415e+15	2.15e-15	9.08e-10	3.69e-05	1.90e-02	3.47e-01	5.21e-01	1.12e-01	0.00e+00	0.00e+00	1.24e-15	6.57e-16	2.32e-16
 3.85608e+15	2.94e-15	1.16e-09	4.43e-05	2.13e-02	3.64e-01	5.12e-01	1.03e-01	0.00e+00	0.00e+00	1.69e-15	8.98e-16	3.16e-16
 4.00351e+15	4.20e-15	1.54e-09	5.46e-05	2.43e-02	3.85e-01	4.99e-01	9.21e-02	0.00e+00	0.00e+00	2.42e-15	1.28e-15	4.49e-16
 4.14888e+15	5.73e-15	1.98e-09	6.64e-05	2.75e-02	4.04e-01	4.86e-01	8.28e-02	0.00e+00	0.00e+00	3.30e-15	1.75e-15	6.11e-16
 4.27671e+15	7.94e-15	2.54e-09	7.86e-05	3.05e-02	4.20e-01	4.74e-01	7.53e-02	0.00e+00	0.00e+00	4.58e-15	2.42e-15	8.43e-16
 4.41693e+15	1.08e-14	3.22e-09	9.35e-05	3.39e-02	4.37e-01	4.61e-01	6.81e-02	0.00e+00	0.00e+00	6.22e-15	3.29e-15	1.14e-15
 4.58612e+15	1.49e-14	4.16e-09	1.14e-04	3.83e-02	4.57e-01	4.45e-01	6.03e-02	0.00e+00	0.00e+00	8.58e-15	4.54e-15	1.57e-15
 4.75466e+15	2.18e-14	5.56e-09	1.39e-04	4.30e-02	4.75e-01	4.28e-01	5.34e-02	0.00e+00	0.00e+00	1.26e-14	6.65e-15	2.29e-15
 4.90507e+15	2.92e-14	6.96e-09	1.63e-04	4.74e-02	4.91e-01	4.14e-01	4.80e-02	0.00e+00	0.00e+00	1.68e-14	8.90e-15	3.06e-15
 5.07025e+15	3.86e-14	8.69e-09	1.94e-04	5.25e-02	5.07e-01	3.98e-01	4.27e-02	0.00e+00	0.00e+00	2.23e-14	1.18e-14	4.04e-15
 5.26690e+15	5.73e-14	1.17e-08	2.36e-04	5.89e-02	5.25e-01	3.79e-01	3.72e-02	0.00e+00	0.00e+00	3.31e-14	1.75e-14	5.96e-15
 5.46129e+15	8.01e-14	1.51e-08	2.84e-04	6.55e-02	5.41e-01	3.61e-01	3.25e-02	0.00e+00	0.00e+00	4.63e-14	2.44e-14	8.31e-15
 5.63945e+15	1.05e-13	1.86e-08	3.33e-04	7.19e-02	5.55e-01	3.44e-01	2.88e-02	0.00e+00	0.00e+00	6.05e-14	3.19e-14	1.08e-14
 5.83967e+15	1.45e-13	2.38e-08	3.97e-04	7.94e-02	5.69e-01	3.26e-01	2.51e-02	0.00e+00	0.00e+00	8.37e-14	4.41e-14	1.50e-14
 6.06287e+15	2.13e-13	3.17e-08	4.80e-04	8.83e-02	5.82e-01	3.07e-01	2.15e-02	0.00e+00	0.00e+00	1.23e-13	6.50e-14	2.20e-14
 6.27626e+15	2.95e-13	4.05e-08	5.68e-04	9.70e-02	5.94e-01	2.90e-01	1.87e-02	0.00e+00	0.00e+00	1.71e-13	9.00e-14	3.03e-14
 6.48049e+15	3.97e-13	5.06e-08	6.64e-04	1.06e-01	6.04e-01	2.74e-01	1.63e-02	0.00e+00	0.00e+00	2.30e-13	1.21e-13	4.08e-14
 6.71248e+15	5.52e-13	6.47e-08	7.88e-04	1.16e-01	6.13e-01	2.56e-01	1.40e-02	0.00e+00	0.00e+00	3.19e-13	1.68e-13	5.65e-14
 6.96640e+15	7.69e-13	8.29e-08	9.40e-04	1.28e-01	6.22e-01	2.38e-01	1.18e-02	0.00e+00	0.00e+00	4.46e-13	2.35e-13	7.86e-14
 7.19988e+15	1.01e-12	1.02e-07	1.10e-03	1.39e-01	6.28e-01	2.22e-01	1.02e-02	0.00e+00	0.00e+00	5.84e-13	3.07e-13	1.03e-13
 7.45445e+15	1.45e-12	1.33e-07	1.30e-03	1.51e-01	6.33e-01	2.06e-01	8.62e-03	0.00e+00	0.00e+00	8.42e-13	4.43e-13	1.48e-13
 7.73487e+15	2.03e-12	1.70e-07	1.55e-03	1.65e-01	6.36e-01	1.89e-01	7.22e-03	0.00e+00	0.00e+00	1.18e-12	6.20e-13	2.07e-13
 7.99757e+15	2.67e-12	2.10e-07	1.81e-03	1.79e-01	6.38e-01	1.75e-01	6.12e-03	0.00e+00	0.00e+00	1.55e-12	8.15e-13	2.71e-13
 8.24691e+15	3.58e-12	2.60e-07	2.09e-03	1.92e-01	6.38e-01	1.62e-01	5.23e-03	0.00e+00	0.00e+00	2.07e-12	1.09e-12	3.63e-13
 8.47990e+15	4.83e-12	3.22e-07	2.39e-03	2.05e-01	6.37e-01	1.51e-01	4.51e-03	0.00e+00	0.00e+00	2.80e-12	1.47e-12	4.89e-13
 8.69166e+15	6.11e-12	3.82e-07	2.68e-03	2.17e-01	6.35e-01	1.41e-01	3.95e-03	0.00e+00	0.00e+00	3.54e-12	1.86e-12	6.18e-13
 8.92615e+15	7.81e-12	4.57e-07	3.04e-03	2.31e-01	6.32e-01	1.31e-01	3.41e-03	0.00e+00	0.00e+00	4.53e-12	2.38e-12	7.89e-13
 9.23098e+15	1.03e-11	5.64e-07	3.55e-03	2.48e-01	6.26e-01	1.19e-01	2.83e-03	0.00e+00	0.00e+00	5.98e-12	3.15e-12	1.04e-12
 9.54803e+15	1.50e-11	7.34e-07	4.18e-03	2.67e-01	6.19e-01	1.08e-01	2.32e-03	0.00e+00	0.00e+00	8.69e-12	4.57e-12	1.51e-12
 9.80468e+15	1.94e-11	8.84e-07	4.73e-03	2.83e-01	6.11e-01	9.91e-02	1.98e-03	0.00e+00	0.00e+00	1.13e-11	5.91e-12	1.95e-12
 1.00620e+16	2.51e-11	1.07e-06	5.37e-03	2.99e-01	6.03e-01	9.10e-02	1.69e-03	0.00e+00	0.00e+00	1.46e-11	7.66e-12	2.53e-12
 1.03966e+16	3.44e-11	1.34e-06	6.28e-03	3.20e-01	5.91e-01	8.13e-02	1.37e-03	0.00e+00	0.00e+00	2.00e-11	1.05e-11	3.46e-12
 1.07426e+16	4.84e-11	1.71e-06	7.38e-03	3.42e-01	5.77e-01	7.24e-02	1.11e-03	0.00e+00	0.00e+00	2.81e-11	1.48e-11	4.87e-12
 1.10221e+16	6.26e-11	2.06e-06	8.36e-03	3.59e-01	5.65e-01	6.58e-02	9.35e-04	0.00e+00	0.00e+00	3.63e-11	1.91e-11	6.29e-12
 1.13041e+16	8.08e-11	2.48e-06	9.50e-03	3.78e-01	5.52e-01	5.96e-02	7.84e-04	0.00e+00	0.00e+00	4.69e-11	2.47e-11	8.12e-12
 1.16229e+16	1.04e-10	3.00e-06	1.09e-02	3.99e-01	5.37e-01	5.33e-02	6.44e-04	0.00e+00	0.00e+00	6.02e-11	3.16e-11	1.04e-11
 1.19256e+16	1.45e-10	3.78e-06	1.25e-02	4.19e-01	5.20e-01	4.77e-02	5.30e-04	0.00e+00	0.00e+00	8.44e-11	4.44e-11	1.46e-11
 1.22020e+16	1.87e-10	4.54e-06	1.41e-02	4.37e-01	5.05e-01	4.31e-02	4.46e-04	0.00e+00	0.00e+00	1.09e-10	5.71e-11	1.88e-11
 1.25080e+16	2.46e-10	5.54e-06	1.62e-02	4.58e-01	4.87e-01	3.84e-02	3.66e-04	0.00e+00	0.00e+00	1.43e-10	7.50e-11	2.47e-11
 1.28404e+16	3.38e-10	6.95e-06	1.88e-02	4.80e-01	4.67e-01	3.38e-02	2.95e-04	0.00e+00	0.00e+00	1.96e-10	1.03e-10	3.39e-11
 1.31345e+16	4.38e-10	8.41e-06	2.14e-02	4.99e-01	4.49e-01	3.01e-02	2.44e-04	0.00e+00	0.00e+00	2.54e-10	1.34e-10	4.39e-11
 1.34004e+16	5.40e-10	9.86e-06	2.41e-02	5.17e-01	4.32e-01	2.70e-02	2.05e-04	0.00e+00	0.00e+00	3.14e-10	1.65e-10	5.42e-11
 1.37020e+16	7.69e-10	1.26e-05	2.78e-02	5.37e-01	4.11e-01	2.37e-02	1.66e-04	0.00e+00	0.00e+00	4.47e-10	2.35e-10	7.72e-11
 1.40208e+16	9.71e-10	1.51e-05	3.21e-02	5.57e-01	3.90e-01	2.07e-02	1.33e-04	0.00e+00	0.00e+00	5.65e-10	2.97e-10	9.75e-11
 1.42974e+16	1.40e-09	1.94e-05	3.68e-02	5.75e-01	3.70e-01	1.82e-02	1.09e-04	0.00e+00	0.00e+00	8.12e-10	4.27e-10	1.40e-10
 1.45397e+16	1.79e-09	2.32e-05	4.15e-02	5.90e-01	3.52e-01	1.63e-02	9.13e-05	0.00e+00	0.00e+00	1.04e-09	5.46e-10	1.80e-10
 1.48025e+16	2.20e-09	2.74e-05	4.75e-02	6.06e-01	3.33e-01	1.43e-02	7.50e-05	0.00e+00	0.00e+00	1.28e-09	6.72e-10	2.21e-10
 1.50924e+16	3.31e-09	3.64e-05	5.55e-02	6.22e-01	3.10e-01	1.23e-02	5.95e-05	0.00e+00	0.00e+00	1.92e-09	1.01e-09	3.32e-10
 1.53103e+16	4.11e-09	4.29e-05	6.24e-02	6.33e-01	2.93e-01	1.10e-02	5.02e-05	0.00e+00	0.00e+00	2.39e-09	1.26e-09	4.13e-10
 1.54583e+16	4.95e-09	4.91e-05	6.80e-02	6.40e-01	2.81e-01	1.01e-02	4.42e-05	0.00e+00	0.00e+00	2.88e-09	1.52e-09	4.98e-10
 1.56231e+16	5.82e-09	5.58e-05	7.51e-02	6.48e-01	2.68e-01	9.13e-03	3.83e-05	0.00e+00	0.00e+00	3.39e-09	1.78e-09	5.85e-10
 1.58373e+16	8.10e-09	7.06e-05	8.61e-02	6.57e-01	2.49e-01	7.95e-03	3.13e-05	0.00e+00	0.00e+00	4.71e-09	2.48e-09	8.15e-10
 1.60699e+16	1.11e-08	8.90e-05	1.00e-01	6.64e-01	2.29e-01	6.80e-03	2.51e-05	0.00e+00	0.00e+00	6.44e-09	3.39e-09	1.11e-09
 1.62733e+16	1.39e-08	1.07e-04	1.15e-01	6.68e-01	2.11e-01	5.87e-03	2.04e-05	0.00e+00	0.00e+00	8.09e-09	4.26e-09	1.40e-09
 1.64490e+16	1.83e-08	1.31e-04	1.32e-01	6.69e-01	1.94e-01	5.11e-03	1.68e-05	0.00e+00	0.00e+00	1.07e-08	5.62e-09	1.85e-09
 1.66138e+16	2.41e-08	1.60e-04	1.50e-01	6.67e-01	1.78e-01	4.42e-03	1.38e-05	0.00e+00	0.00e+00	1.40e-08	7.37e-09	2.43e-09
 1.67729e+16	3.17e-08	1.97e-04	1.72e-01	6.62e-01	1.62e-01	3.79e-03	1.12e-05	0.00e+00	0.00e+00	1.84e-08	9.70e-09	3.19e-09
 1.69240e+16	4.56e-08	2.55e-04	1.97e-01	6.54e-01	1.46e-01	3.22e-03	8.98e-06	0.00e+00	0.00e+00	2.65e-08	1.40e-08	4.60e-09
 1.70612e+16	5.96e-08	3.12e-04	2.24e-01	6.42e-01	1.31e-01	2.74e-03	7.26e-06	0.00e+00	0.00e+00	3.47e-08	1.83e-08	6.02e-09
 1.71858e+16	7.59e-08	3.76e-04	2.54e-01	6.26e-01	1.17e-01	2.32e-03	5.86e-06	0.00e+00	0.00e+00	4.41e-08	2.32e-08	7.67e-09
 1.73052e+16	9.97e-08	4.61e-04	2.88e-01	6.06e-01	1.03e-01	1.93e-03	4.64e-06	0.00e+00	0.00e+00	5.80e-08	3.06e-08	1.01e-08
 1.74189e+16	1.30e-07	5.64e-04	3.27e-01	5.81e-01	8.98e-02	1.58e-03	3.61e-06	0.00e+00	0.00e+00	7.59e-08	4.00e-08	1.32e-08
 1.75236e+16	1.66e-07	6.78e-04	3.68e-01	5.53e-01	7.72e-02	1.29e-03	2.80e-06	0.00e+00	0.00e+00	9.64e-08	5.08e-08	1.68e-08
 1.76059e+16	2.04e-07	7.93e-04	4.05e-01	5.26e-01	6.74e-02	1.07e-03	2.23e-06	0.00e+00	0.00e+00	1.19e-07	6.27e-08	2.08e-08
 1.76631e+16	2.36e-07	8.83e-04	4.33e-01	5.04e-01	6.06e-02	9.30e-04	1.88e-06	0.00e+00	0.00e+00	1.37e-07	7.24e-08	2.40e-08
 1.77201e+16	2.64e-07	9.66e-04	4.64e-01	4.80e-01	5.37e-02	7.93e-04	1.55e-06	0.00e+00	0.00e+00	1.54e-07	8.11e-08	2.69e-08
 1.77943e+16	3.35e-07	1.15e-03	5.08e-01	4.45e-01	4.50e-02	6.29e-04	1.17e-06	0.00e+00	0.00e+00	1.95e-07	1.03e-07	3.41e-08
 1.78644e+16	4.01e-07	1.31e-03	5.51e-01	4.10e-01	3.75e-02	4.98e-04	8.89e-07	0.00e+00	0.00e+00	2.33e-07	1.23e-07	4.08e-08
 1.79158e+16	4.60e-07	1.45e-03	5.85e-01	3.81e-01	3.21e-02	4.09e-04	0.00e+00	0.00e+00	0.00e+00	2.67e-07	1.41e-07	4.69e-08
 1.79695e+16	5.34e-07	1.61e-03	6.22e-01	3.50e-01	2.68e-02	3.25e-04	0.00e+00	0.00e+00	0.00e+00	3.10e-07	1.64e-07	5.45e-08
 1.80392e+16	6.41e-07	1.83e-03	6.69e-01	3.08e-01	2.07e-02	2.34e-04	0.00e+00	0.00e+00	0.00e+00	3.73e-07	1.97e-07	6.57e-08
 1.81092e+16	7.59e-07	2.06e-03	7.15e-01	2.67e-01	1.56e-02	1.64e-04	0.00e+00	0.00e+00	0.00e+00	4.41e-07	2.33e-07	7.78e-08
 1.81651e+16	8.65e-07	2.26e-03	7.51e-01	2.35e-01	1.21e-02	1.20e-04	0.00e+00	0.00e+00	0.00e+00	5.03e-07	2.66e-07	8.89e-08
 1.82233e+16	9.90e-07	2.47e-03	7.86e-01	2.02e-01	9.05e-03	8.33e-05	0.00e+00	0.00e+00	0.00e+00	5.76e-07	3.05e-07	1.02e-07
 1.82990e+16	1.16e-06	2.74e-03	8.27e-01	1.64e-01	6.06e-03	5.05e-05	0.00e+00	0.00e+00	0.00e+00	6.76e-07	3.58e-07	1.20e-07
 1.83792e+16	1.35e-06	3.00e-03	8.62e-01	1.31e-01	3.89e-03	2.90e-05	0.00e+00	0.00e+00	0.00e+00	7.83e-07	4.15e-07	1.39e-07
 1.84530e+16	1.52e-06	3.22e-03	8.89e-01	1.05e-01	2.55e-03	1.70e-05	0.00e+00	0.00e+00	0.00e+00	8.85e-07	4.70e-07	1.58e-07
 1.85365e+16	1.72e-06	3.46e-03	9.13e-01	8.19e-02	1.56e-03	9.12e-06	0.00e+00	0.00e+00	0.00e+00	1.00e-06	5.32e-07	1.79e-07
 1.86450e+16	1.98e-06	3.72e-03	9.36e-01	5.99e-02	8.31e-04	4.07e-06	0.00e+00	0.00e+00	0.00e+00	1.15e-06	6.11e-07	2.06e-07
 1.87861e+16	2.30e-06	4.00e-03	9.54e-01	4.12e-02	3.83e-04	1.48e-06	0.00e+00	0.00e+00	0.00e+00	1.34e-06	7.10e-07	2.40e-07
 1.89696e+16	2.70e-06	4.30e-03	9.68e-01	2.71e-02	1.53e-04	4.33e-07	0.00e+00	0.00e+00	0.00e+00	1.57e-06	8.35e-07	2.82e-07
 1.92081e+16	3.24e-06	4.64e-03	9.78e-01	1.76e-02	5.50e-05	0.00e+00	0.00e+00	0.00e+00	0.00e+00	1.88e-06	1.00e-06	3.39e-07
 1.95181e+16	4.03e-06	5.04e-03	9.83e-01	1.18e-02	1.87e-05	0.00e+00	0.00e+00	0.00e+00	0.00e+00	2.34e-06	1.25e-06	4.21e-07
 1.99212e+16	5.32e-06	5.59e-03	9.86e-01	8.41e-03	6.20e-06	0.00e+00	0.00e+00	0.00e+00	0.00e+00	3.09e-06	1.64e-06	5.55e-07
 2.03481e+16	7.22e-06	6.28e-03	9.87e-01	6.72e-03	2.48e-06	0.00e+00	0.00e+00	0.00e+00	0.00e+00	4.19e-06	2.23e-06	7.53e-07
 2.07057e+16	9.48e-06	6.97e-03	9.87e-01	5.83e-03	1.30e-06	0.00e+00	0.00e+00	0.00e+00	0.00e+00	5.51e-06	2.93e-06	9.88e-07
 2.10081e+16	1.21e-05	7.67e-03	9.87e-01	5.23e-03	7.84e-07	0.00e+00	0.00e+00	0.00e+00	0.00e+00	7.03e-06	3.74e-06	1.26e-06
 2.13392e+16	1.60e-05	8.58e-03	9.87e-01	4.69e-03	0.00e+00	0.00e+00	0.00e+00	0.00e+00	0.00e+00	9.27e-06	4.93e-06	1.66e-06
 2.16934e+16	2.20e-05	9.81e-03	9.86e-01	4.15e-03	0.00e+00	0.00e+00	0.00e+00	0.00e+00	0.00e+00	1.28e-05	6.78e-06	2.28e-06
 2.19891e+16	2.93e-05	1.11e-02	9.85e-01	3.73e-03	0.00e+00	0.00e+00	0.00e+00	0.00e+00	0.00e+00	1.70e-05	9.04e-06	3.04e-06
 2.22299e+16	3.75e-05	1.24e-02	9.84e-01	3.41e-03	0.00e+00	0.00e+00	0.00e+00	0.00e+00	0.00e+00	2.18e-05	1.16e-05	3.89e-06
 2.24053e+16	4.52e-05	1.35e-02	9.83e-01	3.18e-03	0.00e+00	0.00e+00	0.00e+00	0.00e+00	0.00e+00	2.63e-05	1.39e-05	4.69e-06
 2.25173e+16	5.12e-05	1.43e-02	9.83e-01	3.03e-03	0.00e+00	0.00e+00	0.00e+00	0.00e+00	0.00e+00	2.98e-05	1.58e-05	5.31e-06
 2.26294e+16	5.82e-05	1.52e-02	9.82e-01	2.88e-03	0.00e+00	0.00e+00	0.00e+00	0.00e+00	0.00e+00	3.38e-05	1.79e-05	6.04e-06
 2.27751e+16	6.90e-05	1.64e-02	9.81e-01	2.69e-03	0.00e+00	0.00e+00	0.00e+00	0.00e+00	0.00e+00	4.01e-05	2.13e-05	7.15e-06
 2.29292e+16	8.32e-05	1.80e-02	9.79e-01	2.50e-03	0.00e+00	0.00e+00	0.00e+00	0.00e+00	0.00e+00	4.84e-05	2.56e-05	8.62e-06
 2.30567e+16	9.78e-05	1.94e-02	9.78e-01	2.32e-03	0.00e+00	0.00e+00	0.00e+00	0.00e+00	0.00e+00	5.69e-05	3.01e-05	1.01e-05
 2.31646e+16	1.12e-04	2.08e-02	9.77e-01	2.19e-03	0.00e+00	0.00e+00	0.00e+00	0.00e+00	0.00e+00	6.53e-05	3.46e-05	1.16e-05
 2.32840e+16	1.32e-04	2.25e-02	9.75e-01	2.04e-03	0.00e+00	0.00e+00	0.00e+00	0.00e+00	0.00e+00	7.68e-05	4.07e-05	1.37e-05
