#depth	O	O+	O+2	O+3	O+4	O+5	O+6	O+7	O+8	O[1]	O[2]	O[3]
 1.49634e+10	1.15e-33	3.11e-21	3.09e-11	3.46e-04	9.46e-01	5.36e-02	5.30e-06	0.00e+00	0.00e+00	0.00e+00	0.00e+00	0.00e+00
 4.54887e+10	1.56e-33	3.94e-21	3.62e-11	3.76e-04	9.50e-01	4.98e-02	4.55e-06	1.06e-13	0.00e+00	0.00e+00	0.00e+00	0.00e+00
 7.72350e+10	2.12e-33	4.97e-21	4.24e-11	4.08e-04	9.53e-01	4.63e-02	3.91e-06	0.00e+00	0.00e+00	0.00e+00	0.00e+00	0.00e+00
 1.10251e+11	2.87e-33	6.27e-21	4.97e-11	4.43e-04	9.56e-01	4.31e-02	3.35e-06	0.00e+00	0.00e+00	0.00e+00	0.00e+00	0.00e+00
 1.44588e+11	3.89e-33	7.89e-21	5.81e-11	4.81e-04	9.59e-01	4.00e-02	2.87e-06	0.00e+00	0.00e+00	0.00e+00	0.00e+00	0.00e+00
 1.80298e+11	5.26e-33	9.94e-21	6.80e-11	5.22e-04	9.62e-01	3.72e-02	2.46e-06	0.00e+00	0.00e+00	0.00e+00	0.00e+00	0.00e+00
 2.17437e+11	7.11e-33	1.25e-20	7.95e-11	5.66e-04	9.65e-01	3.46e-02	2.11e-06	0.00e+00	0.00e+00	0.00e+00	0.00e+00	0.00e+00
 2.56061e+11	9.58e-33	1.57e-20	9.30e-11	6.13e-04	9.67e-01	3.21e-02	1.81e-06	0.00e+00	0.00e+00	0.00e+00	0.00e+00	0.00e+00
 2.96231e+11	1.29e-32	1.98e-20	1.09e-10	6.65e-04	9.69e-01	2.99e-02	1.55e-06	0.00e+00	0.00e+00	0.00e+00	0.00e+00	0.00e+00
 3.38007e+11	1.74e-32	2.48e-20	1.27e-10	7.21e-04	9.72e-01	2.77e-02	1.33e-06	0.00e+00	0.00e+00	0.00e+00	0.00e+00	0.00e+00
 3.81454e+11	2.33e-32	3.11e-20	1.48e-10	7.82e-04	9.73e-01	2.58e-02	1.14e-06	0.00e+00	0.00e+00	0.00e+00	0.00e+00	0.00e+00
 4.26639e+11	3.13e-32	3.90e-20	1.73e-10	8.47e-04	9.75e-01	2.40e-02	9.76e-07	0.00e+00	0.00e+00	0.00e+00	0.00e+00	0.00e+00
 4.73631e+11	4.19e-32	4.88e-20	2.02e-10	9.18e-04	9.77e-01	2.23e-02	0.00e+00	0.00e+00	0.00e+00	0.00e+00	0.00e+00	0.00e+00
 5.22503e+11	5.60e-32	6.11e-20	2.36e-10	9.95e-04	9.78e-01	2.07e-02	0.00e+00	0.00e+00	0.00e+00	0.00e+00	0.00e+00	0.00e+00
 5.73330e+11	7.47e-32	7.64e-20	2.75e-10	1.08e-03	9.80e-01	1.92e-02	0.00e+00	0.00e+00	0.00e+00	0.00e+00	0.00e+00	0.00e+00
 6.26190e+11	9.95e-32	9.55e-20	3.21e-10	1.17e-03	9.81e-01	1.79e-02	0.00e+00	0.00e+00	0.00e+00	0.00e+00	0.00e+00	0.00e+00
 6.81164e+11	1.32e-31	1.19e-19	3.74e-10	1.27e-03	9.82e-01	1.66e-02	0.00e+00	0.00e+00	0.00e+00	0.00e+00	0.00e+00	0.00e+00
 7.38337e+11	1.76e-31	1.49e-19	4.36e-10	1.37e-03	9.83e-01	1.55e-02	0.00e+00	0.00e+00	0.00e+00	0.00e+00	0.00e+00	0.00e+00
 7.97798e+11	2.33e-31	1.85e-19	5.08e-10	1.48e-03	9.84e-01	1.44e-02	0.00e+00	0.00e+00	0.00e+00	0.00e+00	0.00e+00	0.00e+00
 8.59636e+11	3.08e-31	2.31e-19	5.92e-10	1.61e-03	9.85e-01	1.34e-02	0.00e+00	0.00e+00	0.00e+00	0.00e+00	0.00e+00	0.00e+00
 9.23949e+11	4.06e-31	2.88e-19	6.90e-10	1.74e-03	9.86e-01	1.25e-02	0.00e+00	0.00e+00	0.00e+00	0.00e+00	0.00e+00	0.00e+00
 9.90833e+11	5.36e-31	3.58e-19	8.04e-10	1.89e-03	9.86e-01	1.16e-02	0.00e+00	0.00e+00	0.00e+00	0.00e+00	0.00e+00	0.00e+00
 1.06039e+12	7.05e-31	4.45e-19	9.36e-10	2.05e-03	9.87e-01	1.08e-02	0.00e+00	0.00e+00	0.00e+00	0.00e+00	0.00e+00	0.00e+00
 1.13274e+12	9.26e-31	5.54e-19	1.09e-09	2.22e-03	9.88e-01	1.01e-02	0.00e+00	0.00e+00	0.00e+00	0.00e+00	0.00e+00	0.00e+00
 1.20797e+12	1.21e-30	6.89e-19	1.27e-09	2.40e-03	9.88e-01	9.40e-03	0.00e+00	0.00e+00	0.00e+00	0.00e+00	0.00e+00	0.00e+00
 1.28622e+12	1.59e-30	8.56e-19	1.48e-09	2.60e-03	9.89e-01	8.76e-03	0.00e+00	0.00e+00	0.00e+00	0.00e+00	0.00e+00	0.00e+00
 1.36759e+12	2.08e-30	1.06e-18	1.73e-09	2.82e-03	9.89e-01	8.17e-03	0.00e+00	0.00e+00	0.00e+00	0.00e+00	0.00e+00	0.00e+00
 1.45222e+12	2.72e-30	1.32e-18	2.01e-09	3.06e-03	9.89e-01	7.62e-03	0.00e+00	0.00e+00	0.00e+00	0.00e+00	0.00e+00	0.00e+00
 1.54024e+12	3.55e-30	1.64e-18	2.35e-09	3.32e-03	9.90e-01	7.11e-03	0.00e+00	0.00e+00	0.00e+00	0.00e+00	0.00e+00	0.00e+00
 1.63178e+12	4.62e-30	2.05e-18	2.74e-09	3.60e-03	9.90e-01	6.64e-03	0.00e+00	0.00e+00	0.00e+00	0.00e+00	0.00e+00	0.00e+00
 1.72697e+12	6.03e-30	2.55e-18	3.20e-09	3.90e-03	9.90e-01	6.19e-03	0.00e+00	0.00e+00	0.00e+00	0.00e+00	0.00e+00	0.00e+00
 1.82598e+12	7.86e-30	3.17e-18	3.74e-09	4.24e-03	9.90e-01	5.78e-03	0.00e+00	0.00e+00	0.00e+00	0.00e+00	0.00e+00	0.00e+00
 1.92895e+12	1.02e-29	3.96e-18	4.37e-09	4.60e-03	9.90e-01	5.40e-03	0.00e+00	0.00e+00	0.00e+00	0.00e+00	0.00e+00	0.00e+00
 2.03603e+12	1.33e-29	4.94e-18	5.11e-09	4.99e-03	9.90e-01	5.04e-03	0.00e+00	0.00e+00	0.00e+00	0.00e+00	0.00e+00	0.00e+00
 2.14740e+12	1.74e-29	6.17e-18	5.98e-09	5.41e-03	9.90e-01	4.71e-03	0.00e+00	0.00e+00	0.00e+00	0.00e+00	0.00e+00	0.00e+00
 2.26322e+12	2.27e-29	7.72e-18	7.01e-09	5.88e-03	9.90e-01	4.40e-03	0.00e+00	0.00e+00	0.00e+00	0.00e+00	0.00e+00	0.00e+00
 2.38368e+12	2.96e-29	9.68e-18	8.22e-09	6.38e-03	9.90e-01	4.11e-03	0.00e+00	0.00e+00	0.00e+00	0.00e+00	0.00e+00	0.00e+00
 2.50895e+12	3.87e-29	1.21e-17	9.64e-09	6.93e-03	9.89e-01	3.84e-03	0.00e+00	0.00e+00	0.00e+00	0.00e+00	0.00e+00	0.00e+00
 2.63924e+12	5.07e-29	1.53e-17	1.13e-08	7.53e-03	9.89e-01	3.58e-03	0.00e+00	0.00e+00	0.00e+00	0.00e+00	0.00e+00	0.00e+00
 2.77473e+12	6.64e-29	1.93e-17	1.33e-08	8.18e-03	9.88e-01	3.34e-03	0.00e+00	0.00e+00	0.00e+00	0.00e+00	0.00e+00	0.00e+00
 2.91565e+12	8.73e-29	2.43e-17	1.57e-08	8.89e-03	9.88e-01	3.12e-03	0.00e+00	0.00e+00	0.00e+00	0.00e+00	0.00e+00	0.00e+00
 3.06220e+12	1.15e-28	3.07e-17	1.85e-08	9.67e-03	9.87e-01	2.91e-03	0.00e+00	0.00e+00	0.00e+00	0.00e+00	0.00e+00	0.00e+00
 3.21461e+12	1.52e-28	3.89e-17	2.18e-08	1.05e-02	9.87e-01	2.72e-03	0.00e+00	0.00e+00	0.00e+00	0.00e+00	0.00e+00	0.00e+00
 3.37313e+12	2.01e-28	4.94e-17	2.57e-08	1.14e-02	9.86e-01	2.54e-03	0.00e+00	0.00e+00	0.00e+00	0.00e+00	0.00e+00	0.00e+00
 3.53798e+12	2.66e-28	6.29e-17	3.03e-08	1.24e-02	9.85e-01	2.36e-03	0.00e+00	0.00e+00	0.00e+00	0.00e+00	0.00e+00	0.00e+00
 3.70942e+12	3.54e-28	8.01e-17	3.58e-08	1.35e-02	9.84e-01	2.20e-03	0.00e+00	0.00e+00	0.00e+00	0.00e+00	0.00e+00	0.00e+00
 3.88773e+12	4.72e-28	1.02e-16	4.23e-08	1.47e-02	9.83e-01	2.05e-03	0.00e+00	0.00e+00	0.00e+00	0.00e+00	0.00e+00	0.00e+00
 4.07316e+12	6.32e-28	1.31e-16	5.01e-08	1.60e-02	9.82e-01	1.91e-03	0.00e+00	0.00e+00	0.00e+00	0.00e+00	0.00e+00	0.00e+00
 4.26602e+12	8.47e-28	1.67e-16	5.93e-08	1.74e-02	9.81e-01	1.78e-03	0.00e+00	0.00e+00	0.00e+00	0.00e+00	0.00e+00	0.00e+00
 4.46658e+12	1.14e-27	2.14e-16	7.02e-08	1.89e-02	9.79e-01	1.66e-03	0.00e+00	0.00e+00	0.00e+00	0.00e+00	0.00e+00	0.00e+00
 4.67517e+12	1.54e-27	2.75e-16	8.31e-08	2.05e-02	9.78e-01	1.54e-03	0.00e+00	0.00e+00	0.00e+00	0.00e+00	0.00e+00	0.00e+00
 4.89211e+12	2.08e-27	3.53e-16	9.85e-08	2.23e-02	9.76e-01	1.43e-03	0.00e+00	0.00e+00	0.00e+00	0.00e+00	0.00e+00	0.00e+00
 5.11772e+12	2.83e-27	4.54e-16	1.17e-07	2.43e-02	9.74e-01	1.33e-03	0.00e+00	0.00e+00	0.00e+00	0.00e+00	0.00e+00	0.00e+00
 5.35235e+12	3.85e-27	5.85e-16	1.38e-07	2.64e-02	9.72e-01	1.23e-03	0.00e+00	0.00e+00	0.00e+00	0.00e+00	0.00e+00	0.00e+00
 5.59638e+12	5.26e-27	7.53e-16	1.64e-07	2.87e-02	9.70e-01	1.14e-03	0.00e+00	0.00e+00	0.00e+00	0.00e+00	0.00e+00	0.00e+00
 5.85016e+12	7.19e-27	9.70e-16	1.94e-07	3.11e-02	9.68e-01	1.06e-03	0.00e+00	0.00e+00	0.00e+00	0.00e+00	0.00e+00	0.00e+00
 6.11409e+12	9.86e-27	1.25e-15	2.30e-07	3.38e-02	9.65e-01	9.81e-04	0.00e+00	0.00e+00	0.00e+00	0.00e+00	0.00e+00	0.00e+00
 6.38858e+12	1.36e-26	1.61e-15	2.73e-07	3.67e-02	9.62e-01	9.08e-04	0.00e+00	0.00e+00	0.00e+00	0.00e+00	0.00e+00	0.00e+00
 6.67405e+12	1.87e-26	2.08e-15	3.23e-07	3.99e-02	9.59e-01	8.40e-04	0.00e+00	0.00e+00	0.00e+00	0.00e+00	0.00e+00	0.00e+00
 6.97094e+12	2.57e-26	2.68e-15	3.83e-07	4.33e-02	9.56e-01	7.76e-04	0.00e+00	0.00e+00	0.00e+00	0.00e+00	0.00e+00	0.00e+00
 7.27970e+12	3.55e-26	3.45e-15	4.54e-07	4.70e-02	9.52e-01	7.17e-04	0.00e+00	0.00e+00	0.00e+00	0.00e+00	0.00e+00	0.00e+00
 7.60082e+12	4.91e-26	4.45e-15	5.37e-07	5.09e-02	9.48e-01	6.62e-04	0.00e+00	0.00e+00	0.00e+00	0.00e+00	0.00e+00	0.00e+00
 7.93478e+12	6.80e-26	5.73e-15	6.35e-07	5.52e-02	9.44e-01	6.11e-04	0.00e+00	0.00e+00	0.00e+00	0.00e+00	0.00e+00	0.00e+00
 8.28210e+12	9.42e-26	7.38e-15	7.51e-07	5.99e-02	9.40e-01	5.63e-04	0.00e+00	0.00e+00	0.00e+00	0.00e+00	0.00e+00	0.00e+00
 8.64331e+12	1.31e-25	9.50e-15	8.88e-07	6.48e-02	9.35e-01	5.19e-04	0.00e+00	0.00e+00	0.00e+00	0.00e+00	0.00e+00	0.00e+00
 9.01897e+12	1.81e-25	1.22e-14	1.05e-06	7.01e-02	9.29e-01	4.77e-04	0.00e+00	0.00e+00	0.00e+00	0.00e+00	0.00e+00	0.00e+00
 9.40965e+12	2.51e-25	1.57e-14	1.24e-06	7.60e-02	9.24e-01	4.39e-04	0.00e+00	0.00e+00	0.00e+00	0.00e+00	0.00e+00	0.00e+00
 9.81596e+12	3.49e-25	2.02e-14	1.46e-06	8.21e-02	9.17e-01	4.04e-04	0.00e+00	0.00e+00	0.00e+00	0.00e+00	0.00e+00	0.00e+00
 1.02385e+13	4.84e-25	2.59e-14	1.72e-06	8.88e-02	9.11e-01	3.71e-04	0.00e+00	0.00e+00	0.00e+00	0.00e+00	0.00e+00	0.00e+00
 1.06780e+13	6.72e-25	3.33e-14	2.03e-06	9.59e-02	9.04e-01	3.41e-04	0.00e+00	0.00e+00	0.00e+00	0.00e+00	0.00e+00	0.00e+00
 1.11350e+13	9.33e-25	4.26e-14	2.39e-06	1.03e-01	8.96e-01	3.13e-04	0.00e+00	0.00e+00	0.00e+00	0.00e+00	0.00e+00	0.00e+00
 1.16104e+13	1.29e-24	5.46e-14	2.81e-06	1.12e-01	8.88e-01	2.86e-04	0.00e+00	0.00e+00	0.00e+00	0.00e+00	0.00e+00	0.00e+00
 1.21047e+13	1.79e-24	6.99e-14	3.30e-06	1.20e-01	8.80e-01	2.62e-04	0.00e+00	0.00e+00	0.00e+00	0.00e+00	0.00e+00	0.00e+00
 1.26188e+13	2.48e-24	8.92e-14	3.87e-06	1.29e-01	8.70e-01	2.40e-04	0.00e+00	0.00e+00	0.00e+00	0.00e+00	0.00e+00	0.00e+00
 1.31535e+13	3.43e-24	1.14e-13	4.53e-06	1.39e-01	8.61e-01	2.20e-04	0.00e+00	0.00e+00	0.00e+00	0.00e+00	0.00e+00	0.00e+00
 1.37096e+13	4.75e-24	1.45e-13	5.31e-06	1.50e-01	8.50e-01	2.01e-04	0.00e+00	0.00e+00	0.00e+00	0.00e+00	0.00e+00	0.00e+00
 1.42879e+13	6.55e-24	1.84e-13	6.21e-06	1.60e-01	8.39e-01	1.83e-04	0.00e+00	0.00e+00	0.00e+00	0.00e+00	0.00e+00	0.00e+00
 1.48893e+13	9.01e-24	2.34e-13	7.24e-06	1.72e-01	8.28e-01	1.67e-04	0.00e+00	0.00e+00	0.00e+00	0.00e+00	0.00e+00	0.00e+00
 1.55148e+13	1.24e-23	2.97e-13	8.45e-06	1.84e-01	8.16e-01	1.52e-04	0.00e+00	0.00e+00	0.00e+00	0.00e+00	0.00e+00	0.00e+00
 1.61653e+13	1.70e-23	3.76e-13	9.83e-06	1.97e-01	8.03e-01	1.38e-04	0.00e+00	0.00e+00	0.00e+00	0.00e+00	0.00e+00	0.00e+00
 1.68419e+13	2.34e-23	4.75e-13	1.14e-05	2.10e-01	7.89e-01	1.26e-04	0.00e+00	0.00e+00	0.00e+00	0.00e+00	0.00e+00	0.00e+00
 1.75455e+13	3.20e-23	5.99e-13	1.33e-05	2.24e-01	7.75e-01	1.14e-04	0.00e+00	0.00e+00	0.00e+00	0.00e+00	0.00e+00	0.00e+00
 1.82772e+13	4.37e-23	7.54e-13	1.54e-05	2.39e-01	7.61e-01	1.03e-04	0.00e+00	0.00e+00	0.00e+00	0.00e+00	0.00e+00	0.00e+00
 1.90383e+13	5.96e-23	9.48e-13	1.78e-05	2.54e-01	7.45e-01	9.37e-05	0.00e+00	0.00e+00	0.00e+00	0.00e+00	0.00e+00	0.00e+00
 1.98297e+13	8.11e-23	1.19e-12	2.06e-05	2.70e-01	7.30e-01	8.48e-05	0.00e+00	0.00e+00	0.00e+00	0.00e+00	0.00e+00	0.00e+00
 2.06528e+13	1.10e-22	1.49e-12	2.37e-05	2.87e-01	7.13e-01	7.66e-05	0.00e+00	0.00e+00	0.00e+00	0.00e+00	0.00e+00	0.00e+00
 2.15089e+13	1.49e-22	1.86e-12	2.73e-05	3.04e-01	6.96e-01	6.91e-05	0.00e+00	0.00e+00	0.00e+00	0.00e+00	0.00e+00	0.00e+00
 2.23991e+13	2.02e-22	2.33e-12	3.15e-05	3.21e-01	6.78e-01	6.22e-05	0.00e+00	0.00e+00	0.00e+00	0.00e+00	0.00e+00	0.00e+00
 2.33250e+13	2.74e-22	2.90e-12	3.61e-05	3.40e-01	6.60e-01	5.60e-05	0.00e+00	0.00e+00	0.00e+00	0.00e+00	0.00e+00	0.00e+00
 2.42880e+13	3.69e-22	3.61e-12	4.14e-05	3.58e-01	6.42e-01	5.03e-05	0.00e+00	0.00e+00	0.00e+00	0.00e+00	0.00e+00	0.00e+00
 2.52894e+13	4.97e-22	4.48e-12	4.74e-05	3.77e-01	6.23e-01	4.51e-05	0.00e+00	0.00e+00	0.00e+00	0.00e+00	0.00e+00	0.00e+00
 2.63309e+13	6.68e-22	5.55e-12	5.41e-05	3.96e-01	6.04e-01	4.04e-05	0.00e+00	0.00e+00	0.00e+00	0.00e+00	0.00e+00	0.00e+00
 2.74141e+13	8.97e-22	6.87e-12	6.17e-05	4.16e-01	5.84e-01	3.61e-05	0.00e+00	0.00e+00	0.00e+00	0.00e+00	0.00e+00	0.00e+00
 2.85406e+13	1.20e-21	8.48e-12	7.02e-05	4.36e-01	5.64e-01	3.23e-05	0.00e+00	0.00e+00	0.00e+00	0.00e+00	0.00e+00	0.00e+00
 2.97121e+13	1.61e-21	1.05e-11	7.99e-05	4.56e-01	5.44e-01	2.88e-05	0.00e+00	0.00e+00	0.00e+00	0.00e+00	0.00e+00	0.00e+00
 3.09305e+13	2.14e-21	1.29e-11	9.06e-05	4.76e-01	5.24e-01	2.56e-05	0.00e+00	0.00e+00	0.00e+00	0.00e+00	0.00e+00	0.00e+00
 3.21977e+13	2.86e-21	1.58e-11	1.03e-04	4.96e-01	5.03e-01	2.27e-05	0.00e+00	0.00e+00	0.00e+00	0.00e+00	0.00e+00	0.00e+00
 3.35155e+13	3.81e-21	1.94e-11	1.16e-04	5.17e-01	4.83e-01	2.02e-05	0.00e+00	0.00e+00	0.00e+00	0.00e+00	0.00e+00	0.00e+00
 3.48861e+13	5.06e-21	2.38e-11	1.31e-04	5.37e-01	4.63e-01	1.78e-05	0.00e+00	0.00e+00	0.00e+00	0.00e+00	0.00e+00	0.00e+00
 3.63114e+13	6.71e-21	2.91e-11	1.48e-04	5.57e-01	4.43e-01	1.58e-05	0.00e+00	0.00e+00	0.00e+00	0.00e+00	0.00e+00	0.00e+00
 3.77938e+13	8.88e-21	3.55e-11	1.66e-04	5.77e-01	4.23e-01	1.39e-05	0.00e+00	0.00e+00	0.00e+00	0.00e+00	0.00e+00	0.00e+00
 3.93355e+13	1.17e-20	4.32e-11	1.87e-04	5.97e-01	4.03e-01	1.23e-05	0.00e+00	0.00e+00	0.00e+00	0.00e+00	0.00e+00	0.00e+00
 4.09388e+13	1.55e-20	5.26e-11	2.09e-04	6.16e-01	3.84e-01	1.08e-05	0.00e+00	0.00e+00	0.00e+00	0.00e+00	0.00e+00	0.00e+00
 4.26063e+13	2.03e-20	6.37e-11	2.34e-04	6.35e-01	3.65e-01	9.48e-06	0.00e+00	0.00e+00	0.00e+00	0.00e+00	0.00e+00	0.00e+00
 4.43405e+13	2.67e-20	7.71e-11	2.61e-04	6.53e-01	3.46e-01	8.32e-06	0.00e+00	0.00e+00	0.00e+00	0.00e+00	0.00e+00	0.00e+00
 4.61441e+13	3.49e-20	9.31e-11	2.91e-04	6.71e-01	3.28e-01	7.29e-06	0.00e+00	0.00e+00	0.00e+00	0.00e+00	0.00e+00	0.00e+00
 4.80197e+13	4.55e-20	1.12e-10	3.24e-04	6.89e-01	3.11e-01	6.38e-06	0.00e+00	0.00e+00	0.00e+00	0.00e+00	0.00e+00	0.00e+00
 4.99705e+13	5.92e-20	1.35e-10	3.60e-04	7.05e-01	2.94e-01	5.58e-06	0.00e+00	0.00e+00	0.00e+00	0.00e+00	0.00e+00	0.00e+00
 5.19992e+13	7.69e-20	1.62e-10	3.99e-04	7.22e-01	2.78e-01	4.87e-06	0.00e+00	0.00e+00	0.00e+00	0.00e+00	0.00e+00	0.00e+00
 5.41091e+13	9.96e-20	1.94e-10	4.41e-04	7.37e-01	2.62e-01	4.25e-06	0.00e+00	0.00e+00	0.00e+00	0.00e+00	0.00e+00	0.00e+00
 5.63034e+13	1.29e-19	2.32e-10	4.88e-04	7.52e-01	2.47e-01	3.71e-06	0.00e+00	0.00e+00	0.00e+00	0.00e+00	0.00e+00	0.00e+00
 5.85854e+13	1.66e-19	2.76e-10	5.38e-04	7.66e-01	2.33e-01	3.23e-06	0.00e+00	0.00e+00	0.00e+00	0.00e+00	0.00e+00	0.00e+00
 6.09588e+13	2.14e-19	3.30e-10	5.93e-04	7.80e-01	2.19e-01	2.81e-06	0.00e+00	0.00e+00	0.00e+00	0.00e+00	0.00e+00	0.00e+00
 6.34271e+13	2.76e-19	3.92e-10	6.53e-04	7.93e-01	2.06e-01	2.44e-06	0.00e+00	0.00e+00	0.00e+00	0.00e+00	0.00e+00	0.00e+00
 6.59941e+13	3.55e-19	4.67e-10	7.18e-04	8.06e-01	1.93e-01	2.11e-06	0.00e+00	0.00e+00	0.00e+00	0.00e+00	0.00e+00	0.00e+00
 6.86638e+13	4.56e-19	5.54e-10	7.89e-04	8.18e-01	1.82e-01	1.83e-06	0.00e+00	0.00e+00	0.00e+00	0.00e+00	0.00e+00	0.00e+00
 7.14402e+13	5.86e-19	6.58e-10	8.66e-04	8.29e-01	1.70e-01	1.59e-06	0.00e+00	0.00e+00	0.00e+00	0.00e+00	0.00e+00	0.00e+00
 7.43278e+13	7.51e-19	7.80e-10	9.49e-04	8.40e-01	1.59e-01	1.37e-06	0.00e+00	0.00e+00	0.00e+00	0.00e+00	0.00e+00	0.00e+00
 7.73308e+13	9.61e-19	9.23e-10	1.04e-03	8.50e-01	1.49e-01	1.19e-06	0.00e+00	0.00e+00	0.00e+00	0.00e+00	0.00e+00	0.00e+00
 8.04540e+13	1.23e-18	1.09e-09	1.14e-03	8.60e-01	1.39e-01	1.03e-06	0.00e+00	0.00e+00	0.00e+00	0.00e+00	0.00e+00	0.00e+00
 8.37021e+13	1.57e-18	1.29e-09	1.24e-03	8.69e-01	1.30e-01	8.87e-07	0.00e+00	0.00e+00	0.00e+00	0.00e+00	0.00e+00	0.00e+00
 8.70801e+13	2.01e-18	1.53e-09	1.36e-03	8.77e-01	1.21e-01	0.00e+00	0.00e+00	0.00e+00	0.00e+00	0.00e+00	0.00e+00	0.00e+00
 9.05932e+13	2.56e-18	1.80e-09	1.48e-03	8.85e-01	1.13e-01	0.00e+00	0.00e+00	0.00e+00	0.00e+00	0.00e+00	0.00e+00	0.00e+00
 9.42469e+13	3.27e-18	2.13e-09	1.62e-03	8.93e-01	1.06e-01	0.00e+00	0.00e+00	0.00e+00	0.00e+00	0.00e+00	0.00e+00	0.00e+00
 9.78399e+13	4.12e-18	2.48e-09	1.76e-03	8.99e-01	9.88e-02	0.00e+00	0.00e+00	0.00e+00	0.00e+00	0.00e+00	0.00e+00	0.00e+00
 1.01282e+14	5.09e-18	2.87e-09	1.90e-03	9.05e-01	9.28e-02	0.00e+00	0.00e+00	0.00e+00	0.00e+00	0.00e+00	0.00e+00	0.00e+00
 1.05068e+14	6.38e-18	3.34e-09	2.06e-03	9.11e-01	8.68e-02	0.00e+00	0.00e+00	0.00e+00	0.00e+00	0.00e+00	0.00e+00	0.00e+00
 1.09301e+14	8.12e-18	3.93e-09	2.24e-03	9.17e-01	8.08e-02	0.00e+00	0.00e+00	0.00e+00	0.00e+00	0.00e+00	0.00e+00	0.00e+00
 1.13494e+14	1.02e-17	4.59e-09	2.43e-03	9.22e-01	7.53e-02	0.00e+00	0.00e+00	0.00e+00	0.00e+00	0.00e+00	0.00e+00	0.00e+00
 1.17560e+14	1.27e-17	5.31e-09	2.62e-03	9.27e-01	7.06e-02	0.00e+00	0.00e+00	0.00e+00	0.00e+00	0.00e+00	0.00e+00	0.00e+00
 1.21997e+14	1.59e-17	6.18e-09	2.83e-03	9.31e-01	6.59e-02	0.00e+00	0.00e+00	0.00e+00	0.00e+00	0.00e+00	0.00e+00	0.00e+00
 1.26907e+14	2.02e-17	7.27e-09	3.08e-03	9.36e-01	6.12e-02	0.00e+00	0.00e+00	0.00e+00	0.00e+00	0.00e+00	0.00e+00	0.00e+00
 1.31809e+14	2.54e-17	8.49e-09	3.33e-03	9.40e-01	5.69e-02	0.00e+00	0.00e+00	0.00e+00	0.00e+00	1.44e-17	7.89e-18	3.12e-18
 1.36907e+14	3.20e-17	9.91e-09	3.61e-03	9.43e-01	5.30e-02	0.00e+00	0.00e+00	0.00e+00	0.00e+00	1.78e-17	1.06e-17	3.53e-18
 1.42413e+14	4.07e-17	1.16e-08	3.92e-03	9.47e-01	4.91e-02	0.00e+00	0.00e+00	0.00e+00	0.00e+00	2.27e-17	1.35e-17	4.49e-18
 1.47951e+14	5.13e-17	1.36e-08	4.25e-03	9.50e-01	4.56e-02	0.00e+00	0.00e+00	0.00e+00	0.00e+00	2.86e-17	1.70e-17	5.66e-18
 1.53711e+14	6.47e-17	1.59e-08	4.60e-03	9.53e-01	4.24e-02	0.00e+00	0.00e+00	0.00e+00	0.00e+00	3.61e-17	2.15e-17	7.15e-18
 1.59889e+14	8.22e-17	1.87e-08	5.00e-03	9.56e-01	3.92e-02	0.00e+00	0.00e+00	0.00e+00	0.00e+00	4.58e-17	2.73e-17	9.08e-18
 1.66170e+14	1.04e-16	2.19e-08	5.41e-03	9.58e-01	3.64e-02	0.00e+00	0.00e+00	0.00e+00	0.00e+00	5.80e-17	3.45e-17	1.15e-17
 1.72702e+14	1.32e-16	2.56e-08	5.87e-03	9.60e-01	3.37e-02	0.00e+00	0.00e+00	0.00e+00	0.00e+00	7.34e-17	4.37e-17	1.45e-17
 1.79640e+14	1.67e-16	3.01e-08	6.37e-03	9.62e-01	3.12e-02	0.00e+00	0.00e+00	0.00e+00	0.00e+00	9.33e-17	5.55e-17	1.85e-17
 1.86856e+14	2.13e-16	3.54e-08	6.91e-03	9.64e-01	2.88e-02	0.00e+00	0.00e+00	0.00e+00	0.00e+00	1.19e-16	7.06e-17	2.35e-17
 1.94360e+14	2.71e-16	4.15e-08	7.50e-03	9.66e-01	2.66e-02	0.00e+00	0.00e+00	0.00e+00	0.00e+00	1.51e-16	8.98e-17	2.99e-17
 2.02165e+14	3.44e-16	4.88e-08	8.13e-03	9.67e-01	2.46e-02	0.00e+00	0.00e+00	0.00e+00	0.00e+00	1.92e-16	1.14e-16	3.80e-17
 2.10281e+14	4.37e-16	5.73e-08	8.82e-03	9.68e-01	2.27e-02	0.00e+00	0.00e+00	0.00e+00	0.00e+00	2.44e-16	1.45e-16	4.83e-17
 2.18722e+14	5.56e-16	6.73e-08	9.57e-03	9.69e-01	2.10e-02	0.00e+00	0.00e+00	0.00e+00	0.00e+00	3.10e-16	1.85e-16	6.15e-17
 2.27501e+14	7.08e-16	7.91e-08	1.04e-02	9.70e-01	1.94e-02	0.00e+00	0.00e+00	0.00e+00	0.00e+00	3.95e-16	2.35e-16	7.82e-17
 2.36631e+14	9.00e-16	9.29e-08	1.12e-02	9.71e-01	1.79e-02	0.00e+00	0.00e+00	0.00e+00	0.00e+00	5.02e-16	2.99e-16	9.94e-17
 2.46126e+14	1.14e-15	1.09e-07	1.22e-02	9.71e-01	1.65e-02	0.00e+00	0.00e+00	0.00e+00	0.00e+00	6.39e-16	3.80e-16	1.26e-16
 2.56001e+14	1.46e-15	1.28e-07	1.32e-02	9.72e-01	1.52e-02	0.00e+00	0.00e+00	0.00e+00	0.00e+00	8.12e-16	4.83e-16	1.61e-16
 2.66271e+14	1.85e-15	1.50e-07	1.43e-02	9.72e-01	1.40e-02	0.00e+00	0.00e+00	0.00e+00	0.00e+00	1.03e-15	6.15e-16	2.05e-16
 2.76952e+14	2.36e-15	1.77e-07	1.55e-02	9.72e-01	1.29e-02	0.00e+00	0.00e+00	0.00e+00	0.00e+00	1.31e-15	7.82e-16	2.60e-16
 2.88060e+14	3.00e-15	2.07e-07	1.68e-02	9.71e-01	1.19e-02	0.00e+00	0.00e+00	0.00e+00	0.00e+00	1.67e-15	9.95e-16	3.31e-16
 2.99612e+14	3.81e-15	2.43e-07	1.83e-02	9.71e-01	1.10e-02	0.00e+00	0.00e+00	0.00e+00	0.00e+00	2.13e-15	1.27e-15	4.21e-16
 3.11627e+14	4.85e-15	2.86e-07	1.98e-02	9.70e-01	1.01e-02	0.00e+00	0.00e+00	0.00e+00	0.00e+00	2.70e-15	1.61e-15	5.35e-16
 3.24122e+14	6.17e-15	3.36e-07	2.15e-02	9.69e-01	9.30e-03	0.00e+00	0.00e+00	0.00e+00	0.00e+00	3.44e-15	2.05e-15	6.81e-16
 3.37116e+14	7.85e-15	3.94e-07	2.33e-02	9.68e-01	8.55e-03	0.00e+00	0.00e+00	0.00e+00	0.00e+00	4.38e-15	2.60e-15	8.67e-16
 3.50631e+14	9.99e-15	4.63e-07	2.52e-02	9.67e-01	7.86e-03	0.00e+00	0.00e+00	0.00e+00	0.00e+00	5.57e-15	3.31e-15	1.10e-15
 3.64686e+14	1.27e-14	5.44e-07	2.73e-02	9.65e-01	7.23e-03	0.00e+00	0.00e+00	0.00e+00	0.00e+00	7.08e-15	4.21e-15	1.40e-15
 3.79303e+14	1.62e-14	6.38e-07	2.96e-02	9.64e-01	6.64e-03	0.00e+00	0.00e+00	0.00e+00	0.00e+00	9.01e-15	5.36e-15	1.78e-15
 3.94506e+14	2.06e-14	7.50e-07	3.21e-02	9.62e-01	6.10e-03	0.00e+00	0.00e+00	0.00e+00	0.00e+00	1.15e-14	6.82e-15	2.27e-15
 4.10316e+14	2.62e-14	8.81e-07	3.48e-02	9.60e-01	5.60e-03	0.00e+00	0.00e+00	0.00e+00	0.00e+00	1.46e-14	8.69e-15	2.89e-15
 4.26758e+14	3.33e-14	1.03e-06	3.77e-02	9.57e-01	5.14e-03	0.00e+00	0.00e+00	0.00e+00	0.00e+00	1.86e-14	1.11e-14	3.68e-15
 4.43859e+14	4.24e-14	1.22e-06	4.09e-02	9.54e-01	4.71e-03	0.00e+00	0.00e+00	0.00e+00	0.00e+00	2.37e-14	1.41e-14	4.69e-15
 4.61643e+14	5.41e-14	1.43e-06	4.44e-02	9.51e-01	4.31e-03	0.00e+00	0.00e+00	0.00e+00	0.00e+00	3.02e-14	1.79e-14	5.97e-15
 4.80138e+14	6.89e-14	1.68e-06	4.81e-02	9.48e-01	3.95e-03	0.00e+00	0.00e+00	0.00e+00	0.00e+00	3.85e-14	2.29e-14	7.61e-15
 4.99374e+14	8.79e-14	1.98e-06	5.22e-02	9.44e-01	3.61e-03	0.00e+00	0.00e+00	0.00e+00	0.00e+00	4.90e-14	2.92e-14	9.71e-15
 5.19379e+14	1.12e-13	2.33e-06	5.67e-02	9.40e-01	3.30e-03	0.00e+00	0.00e+00	0.00e+00	0.00e+00	6.26e-14	3.72e-14	1.24e-14
 5.40184e+14	1.43e-13	2.74e-06	6.15e-02	9.35e-01	3.01e-03	0.00e+00	0.00e+00	0.00e+00	0.00e+00	7.98e-14	4.75e-14	1.58e-14
 5.61821e+14	1.83e-13	3.23e-06	6.69e-02	9.30e-01	2.75e-03	0.00e+00	0.00e+00	0.00e+00	0.00e+00	1.02e-13	6.06e-14	2.02e-14
 5.84324e+14	2.34e-13	3.80e-06	7.27e-02	9.25e-01	2.50e-03	0.00e+00	0.00e+00	0.00e+00	0.00e+00	1.30e-13	7.74e-14	2.58e-14
 6.07727e+14	2.99e-13	4.49e-06	7.90e-02	9.19e-01	2.27e-03	0.00e+00	0.00e+00	0.00e+00	0.00e+00	1.67e-13	9.90e-14	3.30e-14
 6.32066e+14	3.82e-13	5.29e-06	8.60e-02	9.12e-01	2.06e-03	0.00e+00	0.00e+00	0.00e+00	0.00e+00	2.13e-13	1.27e-13	4.22e-14
 6.57378e+14	4.90e-13	6.25e-06	9.36e-02	9.05e-01	1.87e-03	0.00e+00	0.00e+00	0.00e+00	0.00e+00	2.73e-13	1.62e-13	5.41e-14
 6.83703e+14	6.29e-13	7.39e-06	1.02e-01	8.96e-01	1.69e-03	0.00e+00	0.00e+00	0.00e+00	0.00e+00	3.51e-13	2.08e-13	6.94e-14
 7.11081e+14	8.07e-13	8.75e-06	1.11e-01	8.87e-01	1.53e-03	0.00e+00	0.00e+00	0.00e+00	0.00e+00	4.51e-13	2.68e-13	8.92e-14
 7.39555e+14	1.04e-12	1.04e-05	1.22e-01	8.77e-01	1.37e-03	0.00e+00	0.00e+00	0.00e+00	0.00e+00	5.80e-13	3.44e-13	1.15e-13
 7.69167e+14	1.34e-12	1.23e-05	1.33e-01	8.66e-01	1.23e-03	0.00e+00	0.00e+00	0.00e+00	0.00e+00	7.47e-13	4.43e-13	1.48e-13
 7.99963e+14	1.73e-12	1.46e-05	1.46e-01	8.53e-01	1.10e-03	0.00e+00	0.00e+00	0.00e+00	0.00e+00	9.65e-13	5.73e-13	1.91e-13
 8.31992e+14	2.24e-12	1.74e-05	1.60e-01	8.39e-01	9.83e-04	0.00e+00	0.00e+00	0.00e+00	0.00e+00	1.25e-12	7.41e-13	2.47e-13
 8.65301e+14	2.90e-12	2.08e-05	1.75e-01	8.24e-01	8.72e-04	0.00e+00	0.00e+00	0.00e+00	0.00e+00	1.62e-12	9.61e-13	3.20e-13
 8.99943e+14	3.78e-12	2.49e-05	1.93e-01	8.06e-01	7.69e-04	0.00e+00	0.00e+00	0.00e+00	0.00e+00	2.11e-12	1.25e-12	4.17e-13
 9.35971e+14	4.93e-12	2.99e-05	2.13e-01	7.86e-01	6.75e-04	0.00e+00	0.00e+00	0.00e+00	0.00e+00	2.75e-12	1.63e-12	5.44e-13
 9.73440e+14	6.45e-12	3.59e-05	2.36e-01	7.63e-01	5.87e-04	0.00e+00	0.00e+00	0.00e+00	0.00e+00	3.60e-12	2.13e-12	7.12e-13
 1.01241e+15	8.48e-12	4.34e-05	2.62e-01	7.37e-01	5.06e-04	0.00e+00	0.00e+00	0.00e+00	0.00e+00	4.74e-12	2.80e-12	9.36e-13
 1.05293e+15	1.12e-11	5.27e-05	2.92e-01	7.07e-01	4.32e-04	0.00e+00	0.00e+00	0.00e+00	0.00e+00	6.27e-12	3.71e-12	1.24e-12
 1.09508e+15	1.49e-11	6.42e-05	3.27e-01	6.73e-01	3.63e-04	0.00e+00	0.00e+00	0.00e+00	0.00e+00	8.33e-12	4.92e-12	1.64e-12
 1.13891e+15	1.99e-11	7.85e-05	3.67e-01	6.33e-01	2.99e-04	0.00e+00	0.00e+00	0.00e+00	0.00e+00	1.11e-11	6.56e-12	2.19e-12
 1.18324e+15	2.65e-11	9.60e-05	4.12e-01	5.88e-01	2.43e-04	0.00e+00	0.00e+00	0.00e+00	0.00e+00	1.48e-11	8.73e-12	2.92e-12
 1.22564e+15	3.46e-11	1.16e-04	4.60e-01	5.39e-01	1.95e-04	0.00e+00	0.00e+00	0.00e+00	0.00e+00	1.94e-11	1.14e-11	3.81e-12
 1.26490e+15	4.42e-11	1.38e-04	5.10e-01	4.90e-01	1.56e-04	0.00e+00	0.00e+00	0.00e+00	0.00e+00	2.47e-11	1.45e-11	4.86e-12
 1.30162e+15	5.52e-11	1.62e-04	5.60e-01	4.40e-01	1.23e-04	0.00e+00	0.00e+00	0.00e+00	0.00e+00	3.09e-11	1.82e-11	6.08e-12
 1.33682e+15	6.80e-11	1.88e-04	6.12e-01	3.88e-01	9.55e-05	0.00e+00	0.00e+00	0.00e+00	0.00e+00	3.81e-11	2.24e-11	7.48e-12
 1.37100e+15	8.26e-11	2.15e-04	6.64e-01	3.36e-01	7.24e-05	0.00e+00	0.00e+00	0.00e+00	0.00e+00	4.63e-11	2.72e-11	9.09e-12
 1.40439e+15	9.91e-11	2.45e-04	7.16e-01	2.83e-01	5.32e-05	0.00e+00	0.00e+00	0.00e+00	0.00e+00	5.56e-11	3.26e-11	1.09e-11
 1.43739e+15	1.18e-10	2.77e-04	7.68e-01	2.32e-01	3.77e-05	0.00e+00	0.00e+00	0.00e+00	0.00e+00	6.60e-11	3.87e-11	1.29e-11
 1.47528e+15	1.41e-10	3.14e-04	8.23e-01	1.77e-01	2.38e-05	0.00e+00	0.00e+00	0.00e+00	0.00e+00	7.93e-11	4.64e-11	1.55e-11
 1.51698e+15	1.69e-10	3.55e-04	8.76e-01	1.24e-01	1.35e-05	0.00e+00	0.00e+00	0.00e+00	0.00e+00	9.50e-11	5.55e-11	1.86e-11
 1.55747e+15	1.98e-10	3.93e-04	9.17e-01	8.30e-02	7.16e-06	0.00e+00	0.00e+00	0.00e+00	0.00e+00	1.11e-10	6.48e-11	2.17e-11
 1.60393e+15	2.32e-10	4.33e-04	9.50e-01	4.99e-02	3.23e-06	0.00e+00	0.00e+00	0.00e+00	0.00e+00	1.30e-10	7.59e-11	2.55e-11
 1.66281e+15	2.76e-10	4.79e-04	9.74e-01	2.55e-02	1.13e-06	0.00e+00	0.00e+00	0.00e+00	0.00e+00	1.55e-10	9.03e-11	3.03e-11
 1.72935e+15	3.28e-10	5.25e-04	9.87e-01	1.24e-02	3.54e-07	0.00e+00	0.00e+00	0.00e+00	0.00e+00	1.85e-10	1.07e-10	3.60e-11
 1.79855e+15	3.87e-10	5.72e-04	9.93e-01	6.55e-03	0.00e+00	0.00e+00	0.00e+00	0.00e+00	0.00e+00	2.18e-10	1.26e-10	4.24e-11
 1.87052e+15	4.55e-10	6.21e-04	9.95e-01	4.01e-03	0.00e+00	0.00e+00	0.00e+00	0.00e+00	0.00e+00	2.57e-10	1.48e-10	4.98e-11
 1.94537e+15	5.34e-10	6.73e-04	9.96e-01	2.86e-03	0.00e+00	0.00e+00	0.00e+00	0.00e+00	0.00e+00	3.02e-10	1.74e-10	5.85e-11
 2.02322e+15	6.25e-10	7.27e-04	9.97e-01	2.30e-03	0.00e+00	0.00e+00	0.00e+00	0.00e+00	0.00e+00	3.53e-10	2.03e-10	6.84e-11
 2.10418e+15	7.32e-10	7.87e-04	9.97e-01	1.97e-03	0.00e+00	0.00e+00	0.00e+00	0.00e+00	0.00e+00	4.14e-10	2.37e-10	8.00e-11
 2.18837e+15	8.57e-10	8.51e-04	9.97e-01	1.75e-03	0.00e+00	0.00e+00	0.00e+00	0.00e+00	0.00e+00	4.86e-10	2.77e-10	9.36e-11
 2.27594e+15	1.00e-09	9.21e-04	9.97e-01	1.59e-03	0.00e+00	0.00e+00	0.00e+00	0.00e+00	0.00e+00	5.70e-10	3.24e-10	1.09e-10
 2.36701e+15	1.17e-09	9.95e-04	9.98e-01	1.45e-03	0.00e+00	0.00e+00	0.00e+00	0.00e+00	0.00e+00	6.68e-10	3.78e-10	1.28e-10
 2.46172e+15	1.37e-09	1.08e-03	9.98e-01	1.33e-03	0.00e+00	0.00e+00	0.00e+00	0.00e+00	0.00e+00	7.83e-10	4.41e-10	1.50e-10
 2.56022e+15	1.61e-09	1.16e-03	9.98e-01	1.21e-03	0.00e+00	0.00e+00	0.00e+00	0.00e+00	0.00e+00	9.18e-10	5.16e-10	1.75e-10
 2.66265e+15	1.89e-09	1.26e-03	9.98e-01	1.11e-03	0.00e+00	0.00e+00	0.00e+00	0.00e+00	0.00e+00	1.08e-09	6.02e-10	2.05e-10
 2.76919e+15	2.21e-09	1.36e-03	9.98e-01	1.02e-03	0.00e+00	0.00e+00	0.00e+00	0.00e+00	0.00e+00	1.26e-09	7.03e-10	2.39e-10
 2.87999e+15	2.59e-09	1.47e-03	9.98e-01	9.37e-04	0.00e+00	0.00e+00	0.00e+00	0.00e+00	0.00e+00	1.48e-09	8.22e-10	2.80e-10
 2.99522e+15	3.03e-09	1.59e-03	9.98e-01	8.58e-04	0.00e+00	0.00e+00	0.00e+00	0.00e+00	0.00e+00	1.74e-09	9.60e-10	3.28e-10
 3.11506e+15	3.55e-09	1.72e-03	9.97e-01	7.89e-04	0.00e+00	0.00e+00	0.00e+00	0.00e+00	0.00e+00	2.04e-09	1.12e-09	3.84e-10
 3.23969e+15	4.16e-09	1.87e-03	9.97e-01	7.22e-04	0.00e+00	0.00e+00	0.00e+00	0.00e+00	0.00e+00	2.39e-09	1.31e-09	4.49e-10
 3.36931e+15	4.88e-09	2.02e-03	9.97e-01	6.61e-04	0.00e+00	0.00e+00	0.00e+00	0.00e+00	0.00e+00	2.81e-09	1.54e-09	5.26e-10
 3.50411e+15	5.71e-09	2.18e-03	9.97e-01	6.04e-04	0.00e+00	0.00e+00	0.00e+00	0.00e+00	0.00e+00	3.30e-09	1.79e-09	6.16e-10
 3.64430e+15	6.71e-09	2.36e-03	9.97e-01	5.56e-04	0.00e+00	0.00e+00	0.00e+00	0.00e+00	0.00e+00	3.87e-09	2.10e-09	7.23e-10
 3.79010e+15	7.86e-09	2.56e-03	9.97e-01	5.07e-04	0.00e+00	0.00e+00	0.00e+00	0.00e+00	0.00e+00	4.55e-09	2.46e-09	8.47e-10
 3.94174e+15	9.23e-09	2.77e-03	9.97e-01	4.64e-04	0.00e+00	0.00e+00	0.00e+00	0.00e+00	0.00e+00	5.34e-09	2.89e-09	9.93e-10
 4.09944e+15	1.08e-08	2.99e-03	9.97e-01	4.23e-04	0.00e+00	0.00e+00	0.00e+00	0.00e+00	0.00e+00	6.26e-09	3.38e-09	1.16e-09
 4.26345e+15	1.27e-08	3.24e-03	9.96e-01	3.87e-04	0.00e+00	0.00e+00	0.00e+00	0.00e+00	0.00e+00	7.36e-09	3.97e-09	1.37e-09
 4.43401e+15	1.49e-08	3.51e-03	9.96e-01	3.52e-04	0.00e+00	0.00e+00	0.00e+00	0.00e+00	0.00e+00	8.65e-09	4.66e-09	1.61e-09
 4.61140e+15	1.75e-08	3.80e-03	9.96e-01	3.21e-04	0.00e+00	0.00e+00	0.00e+00	0.00e+00	0.00e+00	1.02e-08	5.47e-09	1.89e-09
 4.79589e+15	2.06e-08	4.12e-03	9.96e-01	2.93e-04	0.00e+00	0.00e+00	0.00e+00	0.00e+00	0.00e+00	1.20e-08	6.42e-09	2.22e-09
 4.98776e+15	2.43e-08	4.46e-03	9.95e-01	2.66e-04	0.00e+00	0.00e+00	0.00e+00	0.00e+00	0.00e+00	1.41e-08	7.55e-09	2.61e-09
 5.18730e+15	2.85e-08	4.83e-03	9.95e-01	2.42e-04	0.00e+00	0.00e+00	0.00e+00	0.00e+00	0.00e+00	1.66e-08	8.88e-09	3.07e-09
 5.39482e+15	3.36e-08	5.24e-03	9.95e-01	2.20e-04	0.00e+00	0.00e+00	0.00e+00	0.00e+00	0.00e+00	1.95e-08	1.05e-08	3.61e-09
 5.61064e+15	3.96e-08	5.67e-03	9.94e-01	1.99e-04	0.00e+00	0.00e+00	0.00e+00	0.00e+00	0.00e+00	2.30e-08	1.23e-08	4.25e-09
 5.83510e+15	4.66e-08	6.15e-03	9.94e-01	1.81e-04	0.00e+00	0.00e+00	0.00e+00	0.00e+00	0.00e+00	2.71e-08	1.45e-08	5.01e-09
 6.06853e+15	5.50e-08	6.67e-03	9.93e-01	1.64e-04	0.00e+00	0.00e+00	0.00e+00	0.00e+00	0.00e+00	3.19e-08	1.71e-08	5.90e-09
 6.31130e+15	6.49e-08	7.24e-03	9.93e-01	1.48e-04	0.00e+00	0.00e+00	0.00e+00	0.00e+00	0.00e+00	3.77e-08	2.02e-08	6.97e-09
 6.56378e+15	7.66e-08	7.85e-03	9.92e-01	1.34e-04	0.00e+00	0.00e+00	0.00e+00	0.00e+00	0.00e+00	4.45e-08	2.38e-08	8.22e-09
 6.82636e+15	9.07e-08	8.52e-03	9.91e-01	1.21e-04	0.00e+00	0.00e+00	0.00e+00	0.00e+00	0.00e+00	5.27e-08	2.81e-08	9.73e-09
 7.09945e+15	1.07e-07	9.24e-03	9.91e-01	1.09e-04	0.00e+00	0.00e+00	0.00e+00	0.00e+00	0.00e+00	6.22e-08	3.32e-08	1.15e-08
 7.38346e+15	1.27e-07	1.00e-02	9.90e-01	9.85e-05	0.00e+00	0.00e+00	0.00e+00	0.00e+00	0.00e+00	7.37e-08	3.94e-08	1.36e-08
 7.67882e+15	1.50e-07	1.09e-02	9.89e-01	8.83e-05	0.00e+00	0.00e+00	0.00e+00	0.00e+00	0.00e+00	8.73e-08	4.67e-08	1.61e-08
 7.98601e+15	1.78e-07	1.19e-02	9.88e-01	7.94e-05	0.00e+00	0.00e+00	0.00e+00	0.00e+00	0.00e+00	1.04e-07	5.54e-08	1.91e-08
 8.30548e+15	2.12e-07	1.29e-02	9.87e-01	7.10e-05	0.00e+00	0.00e+00	0.00e+00	0.00e+00	0.00e+00	1.23e-07	6.58e-08	2.27e-08
 8.63773e+15	2.52e-07	1.40e-02	9.86e-01	6.36e-05	0.00e+00	0.00e+00	0.00e+00	0.00e+00	0.00e+00	1.46e-07	7.83e-08	2.70e-08
 8.98326e+15	3.00e-07	1.53e-02	9.85e-01	5.67e-05	0.00e+00	0.00e+00	0.00e+00	0.00e+00	0.00e+00	1.74e-07	9.33e-08	3.22e-08
 9.34262e+15	3.59e-07	1.67e-02	9.83e-01	5.05e-05	0.00e+00	0.00e+00	0.00e+00	0.00e+00	0.00e+00	2.08e-07	1.11e-07	3.84e-08
 9.71636e+15	4.28e-07	1.81e-02	9.82e-01	4.48e-05	0.00e+00	0.00e+00	0.00e+00	0.00e+00	0.00e+00	2.48e-07	1.33e-07	4.59e-08
 1.01050e+16	5.11e-07	1.98e-02	9.80e-01	4.00e-05	0.00e+00	0.00e+00	0.00e+00	0.00e+00	0.00e+00	2.96e-07	1.59e-07	5.48e-08
 1.05093e+16	6.13e-07	2.16e-02	9.78e-01	3.53e-05	0.00e+00	0.00e+00	0.00e+00	0.00e+00	0.00e+00	3.55e-07	1.91e-07	6.57e-08
 1.09297e+16	7.37e-07	2.36e-02	9.76e-01	3.12e-05	0.00e+00	0.00e+00	0.00e+00	0.00e+00	0.00e+00	4.27e-07	2.30e-07	7.90e-08
 1.13669e+16	8.88e-07	2.58e-02	9.74e-01	2.74e-05	0.00e+00	0.00e+00	0.00e+00	0.00e+00	0.00e+00	5.14e-07	2.77e-07	9.52e-08
 1.18216e+16	1.08e-06	2.84e-02	9.72e-01	2.41e-05	0.00e+00	0.00e+00	0.00e+00	0.00e+00	0.00e+00	6.23e-07	3.37e-07	1.15e-07
 1.22945e+16	1.30e-06	3.11e-02	9.69e-01	2.12e-05	0.00e+00	0.00e+00	0.00e+00	0.00e+00	0.00e+00	7.53e-07	4.08e-07	1.40e-07
 1.27863e+16	1.59e-06	3.42e-02	9.66e-01	1.84e-05	0.00e+00	0.00e+00	0.00e+00	0.00e+00	0.00e+00	9.16e-07	4.98e-07	1.70e-07
 1.32978e+16	1.93e-06	3.76e-02	9.62e-01	1.59e-05	0.00e+00	0.00e+00	0.00e+00	0.00e+00	0.00e+00	1.11e-06	6.07e-07	2.07e-07
 1.38297e+16	2.38e-06	4.16e-02	9.58e-01	1.38e-05	0.00e+00	0.00e+00	0.00e+00	0.00e+00	0.00e+00	1.37e-06	7.49e-07	2.55e-07
 1.43829e+16	2.93e-06	4.60e-02	9.54e-01	1.19e-05	0.00e+00	0.00e+00	0.00e+00	0.00e+00	0.00e+00	1.69e-06	9.24e-07	3.14e-07
 1.49347e+16	3.59e-06	5.08e-02	9.49e-01	1.02e-05	0.00e+00	0.00e+00	0.00e+00	0.00e+00	0.00e+00	2.07e-06	1.13e-06	3.85e-07
 1.54707e+16	4.38e-06	5.59e-02	9.44e-01	8.87e-06	0.00e+00	0.00e+00	0.00e+00	0.00e+00	0.00e+00	2.52e-06	1.38e-06	4.70e-07
 1.60516e+16	5.44e-06	6.20e-02	9.38e-01	7.59e-06	0.00e+00	0.00e+00	0.00e+00	0.00e+00	0.00e+00	3.13e-06	1.72e-06	5.83e-07
 1.66648e+16	6.82e-06	6.92e-02	9.31e-01	6.44e-06	0.00e+00	0.00e+00	0.00e+00	0.00e+00	0.00e+00	3.92e-06	2.15e-06	7.31e-07
 1.72335e+16	8.42e-06	7.66e-02	9.23e-01	5.52e-06	0.00e+00	0.00e+00	0.00e+00	0.00e+00	0.00e+00	4.84e-06	2.66e-06	9.04e-07
 1.77707e+16	1.03e-05	8.44e-02	9.16e-01	4.77e-06	0.00e+00	0.00e+00	0.00e+00	0.00e+00	0.00e+00	5.92e-06	3.25e-06	1.11e-06
 1.83841e+16	1.30e-05	9.45e-02	9.05e-01	4.02e-06	0.00e+00	0.00e+00	0.00e+00	0.00e+00	0.00e+00	7.49e-06	4.11e-06	1.40e-06
 1.90425e+16	1.68e-05	1.07e-01	8.93e-01	3.35e-06	0.00e+00	0.00e+00	0.00e+00	0.00e+00	0.00e+00	9.67e-06	5.31e-06	1.81e-06
 1.96067e+16	2.10e-05	1.19e-01	8.81e-01	2.84e-06	0.00e+00	0.00e+00	0.00e+00	0.00e+00	0.00e+00	1.21e-05	6.63e-06	2.27e-06
 2.01022e+16	2.58e-05	1.32e-01	8.68e-01	2.46e-06	0.00e+00	0.00e+00	0.00e+00	0.00e+00	0.00e+00	1.48e-05	8.13e-06	2.79e-06
 2.06610e+16	3.29e-05	1.48e-01	8.52e-01	2.07e-06	0.00e+00	0.00e+00	0.00e+00	0.00e+00	0.00e+00	1.89e-05	1.04e-05	3.56e-06
 2.12640e+16	4.30e-05	1.68e-01	8.32e-01	1.71e-06	0.00e+00	0.00e+00	0.00e+00	0.00e+00	0.00e+00	2.48e-05	1.35e-05	4.67e-06
 2.17467e+16	5.39e-05	1.87e-01	8.12e-01	1.45e-06	0.00e+00	0.00e+00	0.00e+00	0.00e+00	0.00e+00	3.10e-05	1.69e-05	5.85e-06
 2.21063e+16	6.42e-05	2.04e-01	7.96e-01	1.28e-06	0.00e+00	0.00e+00	0.00e+00	0.00e+00	0.00e+00	3.70e-05	2.02e-05	6.99e-06
 2.24833e+16	7.81e-05	2.24e-01	7.76e-01	1.11e-06	0.00e+00	0.00e+00	0.00e+00	0.00e+00	0.00e+00	4.50e-05	2.45e-05	8.49e-06
 2.29072e+16	9.81e-05	2.50e-01	7.50e-01	9.38e-07	0.00e+00	0.00e+00	0.00e+00	0.00e+00	0.00e+00	5.65e-05	3.07e-05	1.07e-05
 2.32956e+16	1.22e-04	2.77e-01	7.22e-01	0.00e+00	0.00e+00	0.00e+00	0.00e+00	0.00e+00	0.00e+00	7.05e-05	3.83e-05	1.33e-05
 2.36137e+16	1.48e-04	3.04e-01	6.96e-01	0.00e+00	0.00e+00	0.00e+00	0.00e+00	0.00e+00	0.00e+00	8.53e-05	4.62e-05	1.61e-05
 2.38847e+16	1.75e-04	3.29e-01	6.70e-01	0.00e+00	0.00e+00	0.00e+00	0.00e+00	0.00e+00	0.00e+00	1.01e-04	5.48e-05	1.91e-05
 2.41849e+16	2.15e-04	3.62e-01	6.38e-01	0.00e+00	0.00e+00	0.00e+00	0.00e+00	0.00e+00	0.00e+00	1.24e-04	6.70e-05	2.34e-05
 2.44989e+16	2.67e-04	4.01e-01	5.99e-01	0.00e+00	0.00e+00	0.00e+00	0.00e+00	0.00e+00	0.00e+00	1.54e-04	8.32e-05	2.91e-05
 2.47549e+16	3.22e-04	4.37e-01	5.62e-01	0.00e+00	0.00e+00	0.00e+00	0.00e+00	0.00e+00	0.00e+00	1.86e-04	1.00e-04	3.50e-05
 2.49674e+16	3.79e-04	4.72e-01	5.28e-01	0.00e+00	0.00e+00	0.00e+00	0.00e+00	0.00e+00	0.00e+00	2.19e-04	1.18e-04	4.12e-05
 2.51993e+16	4.57e-04	5.13e-01	4.87e-01	0.00e+00	0.00e+00	0.00e+00	0.00e+00	0.00e+00	0.00e+00	2.64e-04	1.42e-04	4.96e-05
 2.54452e+16	5.62e-04	5.62e-01	4.37e-01	0.00e+00	0.00e+00	0.00e+00	0.00e+00	0.00e+00	0.00e+00	3.25e-04	1.75e-04	6.09e-05
 2.56492e+16	6.72e-04	6.08e-01	3.91e-01	0.00e+00	0.00e+00	0.00e+00	0.00e+00	0.00e+00	0.00e+00	3.89e-04	2.09e-04	7.28e-05
 2.58097e+16	7.77e-04	6.48e-01	3.52e-01	0.00e+00	0.00e+00	0.00e+00	0.00e+00	0.00e+00	0.00e+00	4.50e-04	2.41e-04	8.41e-05
 2.59476e+16	8.87e-04	6.84e-01	3.15e-01	0.00e+00	0.00e+00	0.00e+00	0.00e+00	0.00e+00	0.00e+00	5.14e-04	2.75e-04	9.59e-05
 2.60809e+16	1.01e-03	7.21e-01	2.78e-01	0.00e+00	0.00e+00	0.00e+00	0.00e+00	0.00e+00	0.00e+00	5.85e-04	3.13e-04	1.09e-04
 2.62120e+16	1.15e-03	7.59e-01	2.40e-01	0.00e+00	0.00e+00	0.00e+00	0.00e+00	0.00e+00	0.00e+00	6.68e-04	3.57e-04	1.24e-04
 2.63338e+16	1.30e-03	7.97e-01	2.02e-01	0.00e+00	0.00e+00	0.00e+00	0.00e+00	0.00e+00	0.00e+00	7.57e-04	4.04e-04	1.40e-04
 2.64278e+16	1.44e-03	8.27e-01	1.71e-01	0.00e+00	0.00e+00	0.00e+00	0.00e+00	0.00e+00	0.00e+00	8.37e-04	4.46e-04	1.55e-04
 2.64897e+16	1.54e-03	8.48e-01	1.51e-01	0.00e+00	0.00e+00	0.00e+00	0.00e+00	0.00e+00	0.00e+00	8.95e-04	4.77e-04	1.66e-04
 2.65386e+16	1.63e-03	8.65e-01	1.34e-01	0.00e+00	0.00e+00	0.00e+00	0.00e+00	0.00e+00	0.00e+00	9.45e-04	5.04e-04	1.75e-04
 2.65928e+16	1.73e-03	8.83e-01	1.15e-01	0.00e+00	0.00e+00	0.00e+00	0.00e+00	0.00e+00	0.00e+00	1.01e-03	5.36e-04	1.86e-04
 2.66483e+16	1.84e-03	9.02e-01	9.57e-02	0.00e+00	0.00e+00	0.00e+00	0.00e+00	0.00e+00	0.00e+00	1.07e-03	5.70e-04	1.97e-04
 2.66901e+16	1.94e-03	9.18e-01	8.05e-02	0.00e+00	0.00e+00	0.00e+00	0.00e+00	0.00e+00	0.00e+00	1.12e-03	5.98e-04	2.07e-04
 2.67199e+16	2.00e-03	9.28e-01	6.95e-02	0.00e+00	0.00e+00	0.00e+00	0.00e+00	0.00e+00	0.00e+00	1.16e-03	6.19e-04	2.14e-04
 2.67453e+16	2.06e-03	9.38e-01	6.02e-02	0.00e+00	0.00e+00	0.00e+00	0.00e+00	0.00e+00	0.00e+00	1.20e-03	6.38e-04	2.21e-04
 2.67738e+16	2.13e-03	9.48e-01	4.99e-02	0.00e+00	0.00e+00	0.00e+00	0.00e+00	0.00e+00	0.00e+00	1.24e-03	6.60e-04	2.28e-04
 2.68025e+16	2.21e-03	9.58e-01	3.96e-02	0.00e+00	0.00e+00	0.00e+00	0.00e+00	0.00e+00	0.00e+00	1.28e-03	6.82e-04	2.36e-04
 2.68234e+16	2.26e-03	9.66e-01	3.21e-02	0.00e+00	0.00e+00	0.00e+00	0.00e+00	0.00e+00	0.00e+00	1.31e-03	6.98e-04	2.41e-04
 2.68385e+16	2.30e-03	9.71e-01	2.69e-02	0.00e+00	0.00e+00	0.00e+00	0.00e+00	0.00e+00	0.00e+00	1.33e-03	7.09e-04	2.45e-04
 2.68540e+16	2.34e-03	9.76e-01	2.18e-02	0.00e+00	0.00e+00	0.00e+00	0.00e+00	0.00e+00	0.00e+00	1.36e-03	7.22e-04	2.49e-04
 2.68705e+16	2.38e-03	9.81e-01	1.68e-02	0.00e+00	0.00e+00	0.00e+00	0.00e+00	0.00e+00	0.00e+00	1.38e-03	7.34e-04	2.54e-04
 2.68844e+16	2.40e-03	9.85e-01	1.30e-02	0.00e+00	0.00e+00	0.00e+00	0.00e+00	0.00e+00	0.00e+00	1.40e-03	7.43e-04	2.56e-04
 2.68956e+16	2.43e-03	9.87e-01	1.02e-02	0.00e+00	0.00e+00	0.00e+00	0.00e+00	0.00e+00	0.00e+00	1.41e-03	7.51e-04	2.59e-04
 2.69075e+16	2.45e-03	9.90e-01	7.72e-03	0.00e+00	0.00e+00	0.00e+00	0.00e+00	0.00e+00	0.00e+00	1.43e-03	7.58e-04	2.62e-04
 2.69204e+16	2.48e-03	9.92e-01	5.48e-03	0.00e+00	0.00e+00	0.00e+00	0.00e+00	0.00e+00	0.00e+00	1.44e-03	7.67e-04	2.65e-04
 2.69322e+16	2.50e-03	9.94e-01	3.89e-03	0.00e+00	0.00e+00	0.00e+00	0.00e+00	0.00e+00	0.00e+00	1.45e-03	7.73e-04	2.67e-04
 2.69447e+16	2.53e-03	9.95e-01	2.64e-03	0.00e+00	0.00e+00	0.00e+00	0.00e+00	0.00e+00	0.00e+00	1.47e-03	7.80e-04	2.69e-04
 2.69611e+16	2.56e-03	9.96e-01	1.58e-03	0.00e+00	0.00e+00	0.00e+00	0.00e+00	0.00e+00	0.00e+00	1.49e-03	7.90e-04	2.73e-04
 2.69823e+16	2.59e-03	9.97e-01	7.99e-04	0.00e+00	0.00e+00	0.00e+00	0.00e+00	0.00e+00	0.00e+00	1.51e-03	8.01e-04	2.77e-04
 2.70099e+16	2.66e-03	9.97e-01	3.33e-04	0.00e+00	0.00e+00	0.00e+00	0.00e+00	0.00e+00	0.00e+00	1.54e-03	8.20e-04	2.83e-04
 2.70458e+16	2.74e-03	9.97e-01	1.11e-04	0.00e+00	0.00e+00	0.00e+00	0.00e+00	0.00e+00	0.00e+00	1.60e-03	8.48e-04	2.92e-04
 2.70925e+16	2.87e-03	9.97e-01	2.86e-05	0.00e+00	0.00e+00	0.00e+00	0.00e+00	0.00e+00	0.00e+00	1.67e-03	8.86e-04	3.05e-04
 2.71532e+16	3.04e-03	9.97e-01	5.43e-06	0.00e+00	0.00e+00	0.00e+00	0.00e+00	0.00e+00	0.00e+00	1.77e-03	9.40e-04	3.24e-04
 2.72320e+16	3.30e-03	9.97e-01	7.31e-07	0.00e+00	0.00e+00	0.00e+00	0.00e+00	0.00e+00	0.00e+00	1.92e-03	1.02e-03	3.51e-04
 2.73346e+16	3.68e-03	9.96e-01	6.65e-08	0.00e+00	0.00e+00	0.00e+00	0.00e+00	0.00e+00	0.00e+00	2.14e-03	1.14e-03	3.91e-04
 2.74679e+16	4.31e-03	9.96e-01	3.80e-09	0.00e+00	0.00e+00	0.00e+00	0.00e+00	0.00e+00	0.00e+00	2.51e-03	1.33e-03	4.57e-04
 2.76015e+16	5.12e-03	9.95e-01	1.96e-10	0.00e+00	0.00e+00	0.00e+00	0.00e+00	0.00e+00	0.00e+00	2.98e-03	1.58e-03	5.42e-04
 2.76999e+16	5.92e-03	9.94e-01	2.45e-11	0.00e+00	0.00e+00	0.00e+00	0.00e+00	0.00e+00	0.00e+00	3.44e-03	1.83e-03	6.26e-04
 2.77740e+16	6.67e-03	9.93e-01	5.51e-12	0.00e+00	0.00e+00	0.00e+00	0.00e+00	0.00e+00	0.00e+00	3.88e-03	2.06e-03	7.05e-04
 2.78520e+16	7.68e-03	9.92e-01	1.20e-12	0.00e+00	0.00e+00	0.00e+00	0.00e+00	0.00e+00	0.00e+00	4.47e-03	2.37e-03	8.11e-04
 2.79345e+16	9.04e-03	9.91e-01	2.33e-13	0.00e+00	0.00e+00	0.00e+00	0.00e+00	0.00e+00	0.00e+00	5.26e-03	2.79e-03	9.54e-04
 2.80022e+16	1.05e-02	9.89e-01	6.15e-14	0.00e+00	0.00e+00	0.00e+00	0.00e+00	0.00e+00	0.00e+00	6.11e-03	3.25e-03	1.11e-03
 2.80562e+16	1.20e-02	9.88e-01	2.15e-14	0.00e+00	0.00e+00	0.00e+00	0.00e+00	0.00e+00	0.00e+00	6.99e-03	3.71e-03	1.27e-03
 2.81054e+16	1.38e-02	9.86e-01	8.36e-15	0.00e+00	0.00e+00	0.00e+00	0.00e+00	0.00e+00	0.00e+00	8.02e-03	4.26e-03	1.45e-03
 2.81618e+16	1.64e-02	9.84e-01	2.94e-15	0.00e+00	0.00e+00	0.00e+00	0.00e+00	0.00e+00	0.00e+00	9.56e-03	5.07e-03	1.73e-03
 2.82195e+16	2.01e-02	9.80e-01	1.12e-15	0.00e+00	0.00e+00	0.00e+00	0.00e+00	0.00e+00	0.00e+00	1.17e-02	6.21e-03	2.12e-03
 2.82651e+16	2.43e-02	9.76e-01	5.65e-16	0.00e+00	0.00e+00	0.00e+00	0.00e+00	0.00e+00	0.00e+00	1.42e-02	7.51e-03	2.57e-03
 2.83008e+16	2.89e-02	9.71e-01	3.54e-16	0.00e+00	0.00e+00	0.00e+00	0.00e+00	0.00e+00	0.00e+00	1.68e-02	8.92e-03	3.05e-03
 2.83299e+16	3.39e-02	9.66e-01	2.41e-16	0.00e+00	0.00e+00	0.00e+00	0.00e+00	0.00e+00	0.00e+00	1.97e-02	1.05e-02	3.58e-03
 2.83546e+16	3.95e-02	9.60e-01	1.68e-16	0.00e+00	0.00e+00	0.00e+00	0.00e+00	0.00e+00	0.00e+00	2.30e-02	1.22e-02	4.17e-03
