#depth	He	He+	He+2
 1.49634e+10	3.06e-22	1.67e-11	1.00e+00
 4.54887e+10	3.49e-22	1.81e-11	1.00e+00
 7.72350e+10	3.96e-22	1.96e-11	1.00e+00
 1.10251e+11	4.50e-22	2.13e-11	1.00e+00
 1.43428e+11	5.11e-22	2.30e-11	1.00e+00
 1.77931e+11	5.79e-22	2.49e-11	1.00e+00
 2.14975e+11	6.61e-22	2.70e-11	1.00e+00
 2.53501e+11	7.55e-22	2.93e-11	1.00e+00
 2.93568e+11	8.63e-22	3.18e-11	1.00e+00
 3.35237e+11	9.89e-22	3.45e-11	1.00e+00
 3.78573e+11	1.13e-21	3.75e-11	1.00e+00
 4.23643e+11	1.30e-21	4.07e-11	1.00e+00
 4.70516e+11	1.50e-21	4.42e-11	1.00e+00
 5.19263e+11	1.73e-21	4.81e-11	1.00e+00
 5.65168e+11	1.97e-21	5.18e-11	1.00e+00
 6.06324e+11	2.20e-21	5.53e-11	1.00e+00
 6.52558e+11	2.48e-21	5.95e-11	1.00e+00
 7.07228e+11	2.86e-21	6.46e-11	1.00e+00
 7.61869e+11	3.28e-21	6.99e-11	1.00e+00
 8.13301e+11	3.72e-21	7.52e-11	1.00e+00
 8.70365e+11	4.24e-21	8.13e-11	1.00e+00
 9.35106e+11	4.93e-21	8.85e-11	1.00e+00
 9.99764e+11	5.69e-21	9.62e-11	1.00e+00
 1.06701e+12	6.55e-21	1.04e-10	1.00e+00
 1.13961e+12	7.62e-21	1.14e-10	1.00e+00
 1.20766e+12	8.74e-21	1.23e-10	1.00e+00
 1.26830e+12	9.81e-21	1.32e-10	1.00e+00
 1.33643e+12	1.11e-20	1.42e-10	1.00e+00
 1.41740e+12	1.29e-20	1.55e-10	1.00e+00
 1.49875e+12	1.49e-20	1.68e-10	1.00e+00
 1.57488e+12	1.69e-20	1.82e-10	1.00e+00
 1.65932e+12	1.94e-20	1.97e-10	1.00e+00
 1.75562e+12	2.26e-20	2.16e-10	1.00e+00
 1.84994e+12	2.60e-20	2.35e-10	1.00e+00
 1.94802e+12	3.00e-20	2.56e-10	1.00e+00
 2.05587e+12	3.48e-20	2.81e-10	1.00e+00
 2.16406e+12	4.03e-20	3.07e-10	1.00e+00
 2.27657e+12	4.65e-20	3.36e-10	1.00e+00
 2.39756e+12	5.39e-20	3.68e-10	1.00e+00
 2.51715e+12	6.21e-20	4.03e-10	1.00e+00
 2.64154e+12	7.13e-20	4.41e-10	1.00e+00
 2.77712e+12	8.26e-20	4.85e-10	1.00e+00
 2.91814e+12	9.54e-20	5.33e-10	1.00e+00
 3.06479e+12	1.10e-19	5.87e-10	1.00e+00
 3.21731e+12	1.27e-19	6.46e-10	1.00e+00
 3.37593e+12	1.46e-19	7.12e-10	1.00e+00
 3.51951e+12	1.65e-19	7.75e-10	1.00e+00
 3.63933e+12	1.82e-19	8.30e-10	1.00e+00
 3.77069e+12	2.01e-19	8.93e-10	1.00e+00
 3.93680e+12	2.28e-19	9.77e-10	1.00e+00
 4.10991e+12	2.59e-19	1.07e-09	1.00e+00
 4.25784e+12	2.87e-19	1.15e-09	1.00e+00
 4.41121e+12	3.18e-19	1.24e-09	1.00e+00
 4.60281e+12	3.60e-19	1.36e-09	1.00e+00
 4.79711e+12	4.07e-19	1.49e-09	1.00e+00
 4.96571e+12	4.51e-19	1.61e-09	1.00e+00
 5.14794e+12	5.01e-19	1.74e-09	1.00e+00
 5.37092e+12	5.68e-19	1.90e-09	1.00e+00
 5.59831e+12	6.43e-19	2.09e-09	1.00e+00
 5.80574e+12	7.17e-19	2.26e-09	1.00e+00
 6.03580e+12	8.05e-19	2.46e-09	1.00e+00
 6.30411e+12	9.19e-19	2.70e-09	1.00e+00
 6.57019e+12	1.04e-18	2.96e-09	1.00e+00
 6.82411e+12	1.18e-18	3.22e-09	1.00e+00
 7.10419e+12	1.34e-18	3.51e-09	1.00e+00
 7.41829e+12	1.54e-18	3.86e-09	1.00e+00
 7.73358e+12	1.76e-18	4.23e-09	1.00e+00
 8.01585e+12	1.98e-18	4.57e-09	1.00e+00
 8.26654e+12	2.20e-18	4.88e-09	1.00e+00
 8.55080e+12	2.47e-18	5.25e-09	1.00e+00
 8.86714e+12	2.80e-18	5.69e-09	1.00e+00
 9.16403e+12	3.14e-18	6.11e-09	1.00e+00
 9.48884e+12	3.55e-18	6.58e-09	1.00e+00
 9.85289e+12	4.07e-18	7.14e-09	1.00e+00
 1.01986e+13	4.61e-18	7.69e-09	1.00e+00
 1.05785e+13	5.27e-18	8.31e-09	1.00e+00
 1.10039e+13	6.10e-18	9.05e-09	1.00e+00
 1.14078e+13	6.98e-18	9.77e-09	1.00e+00
 1.17804e+13	7.88e-18	1.05e-08	1.00e+00
 1.21930e+13	8.97e-18	1.13e-08	1.00e+00
 1.26562e+13	1.03e-17	1.22e-08	1.00e+00
 1.30954e+13	1.18e-17	1.31e-08	1.00e+00
 1.35769e+13	1.36e-17	1.42e-08	1.00e+00
 1.41080e+13	1.57e-17	1.54e-08	1.00e+00
 1.45995e+13	1.80e-17	1.65e-08	1.00e+00
 1.51342e+13	2.07e-17	1.78e-08	1.00e+00
 1.57333e+13	2.42e-17	1.94e-08	1.00e+00
 1.63001e+13	2.78e-17	2.08e-08	1.00e+00
 1.69164e+13	3.22e-17	2.25e-08	1.00e+00
 1.76027e+13	3.77e-17	2.45e-08	1.00e+00
 1.82558e+13	4.36e-17	2.64e-08	1.00e+00
 1.89553e+13	5.07e-17	2.86e-08	1.00e+00
 1.97434e+13	5.97e-17	3.12e-08	1.00e+00
 2.05241e+13	6.98e-17	3.38e-08	1.00e+00
 2.13360e+13	8.15e-17	3.66e-08	1.00e+00
 2.22194e+13	9.60e-17	3.99e-08	1.00e+00
 2.31381e+13	1.13e-16	4.33e-08	1.00e+00
 2.40935e+13	1.33e-16	4.71e-08	1.00e+00
 2.50322e+13	1.55e-16	5.10e-08	1.00e+00
 2.59078e+13	1.78e-16	5.48e-08	1.00e+00
 2.68732e+13	2.07e-16	5.90e-08	1.00e+00
 2.78633e+13	2.39e-16	6.36e-08	1.00e+00
 2.86942e+13	2.69e-16	6.75e-08	1.00e+00
 2.95738e+13	3.04e-16	7.18e-08	1.00e+00
 3.06874e+13	3.52e-16	7.74e-08	1.00e+00
 3.18484e+13	4.09e-16	8.36e-08	1.00e+00
 3.28569e+13	4.63e-16	8.90e-08	1.00e+00
 3.39237e+13	5.26e-16	9.49e-08	1.00e+00
 3.52321e+13	6.13e-16	1.03e-07	1.00e+00
 3.65374e+13	7.09e-16	1.10e-07	1.00e+00
 3.76759e+13	8.01e-16	1.17e-07	1.00e+00
 3.89153e+13	9.11e-16	1.25e-07	1.00e+00
 4.04230e+13	1.06e-15	1.35e-07	1.00e+00
 4.19381e+13	1.23e-15	1.46e-07	1.00e+00
 4.32974e+13	1.39e-15	1.55e-07	1.00e+00
 4.47961e+13	1.59e-15	1.66e-07	1.00e+00
 4.65711e+13	1.86e-15	1.80e-07	1.00e+00
 4.83303e+13	2.16e-15	1.93e-07	1.00e+00
 4.99599e+13	2.46e-15	2.07e-07	1.00e+00
 5.17882e+13	2.83e-15	2.22e-07	1.00e+00
 5.38897e+13	3.32e-15	2.40e-07	1.00e+00
 5.59569e+13	3.85e-15	2.59e-07	1.00e+00
 5.81069e+13	4.47e-15	2.79e-07	1.00e+00
 6.04611e+13	5.23e-15	3.02e-07	1.00e+00
 6.28532e+13	6.09e-15	3.26e-07	1.00e+00
 6.53410e+13	7.10e-15	3.53e-07	1.00e+00
 6.78315e+13	8.24e-15	3.80e-07	1.00e+00
 7.01892e+13	9.43e-15	4.07e-07	1.00e+00
 7.27941e+13	1.09e-14	4.38e-07	1.00e+00
 7.54019e+13	1.25e-14	4.70e-07	1.00e+00
 7.75645e+13	1.40e-14	4.97e-07	1.00e+00
 7.98571e+13	1.57e-14	5.27e-07	1.00e+00
 8.27909e+13	1.81e-14	5.67e-07	1.00e+00
 8.58723e+13	2.10e-14	6.10e-07	1.00e+00
 8.85982e+13	2.37e-14	6.50e-07	1.00e+00
 9.15479e+13	2.71e-14	6.94e-07	1.00e+00
 9.50944e+13	3.15e-14	7.50e-07	1.00e+00
 9.86873e+13	3.65e-14	8.09e-07	1.00e+00
 1.02052e+14	4.17e-14	8.66e-07	1.00e+00
 1.05792e+14	4.82e-14	9.32e-07	1.00e+00
 1.09758e+14	5.58e-14	1.01e-06	1.00e+00
 1.13283e+14	6.33e-14	1.07e-06	1.00e+00
 1.17077e+14	7.22e-14	1.15e-06	1.00e+00
 1.21620e+14	8.42e-14	1.24e-06	1.00e+00
 1.26091e+14	9.73e-14	1.34e-06	1.00e+00
 1.30073e+14	1.10e-13	1.43e-06	1.00e+00
 1.34470e+14	1.26e-13	1.53e-06	1.00e+00
 1.39709e+14	1.47e-13	1.65e-06	1.00e+00
 1.44908e+14	1.70e-13	1.78e-06	1.00e+00
 1.49663e+14	1.93e-13	1.91e-06	1.00e+00
 1.54974e+14	2.22e-13	2.05e-06	1.00e+00
 1.61150e+14	2.59e-13	2.22e-06	1.00e+00
 1.67216e+14	3.00e-13	2.40e-06	1.00e+00
 1.72955e+14	3.42e-13	2.57e-06	1.00e+00
 1.79336e+14	3.95e-13	2.77e-06	1.00e+00
 1.86539e+14	4.61e-13	3.00e-06	1.00e+00
 1.93375e+14	5.31e-13	3.23e-06	1.00e+00
 1.99601e+14	6.00e-13	3.45e-06	1.00e+00
 2.06647e+14	6.87e-13	3.70e-06	1.00e+00
 2.14857e+14	8.00e-13	4.01e-06	1.00e+00
 2.22734e+14	9.19e-13	4.32e-06	1.00e+00
 2.29868e+14	1.04e-12	4.60e-06	1.00e+00
 2.36586e+14	1.16e-12	4.88e-06	1.00e+00
 2.44023e+14	1.30e-12	5.20e-06	1.00e+00
 2.52338e+14	1.48e-12	5.57e-06	1.00e+00
 2.60197e+14	1.66e-12	5.93e-06	1.00e+00
 2.68818e+14	1.88e-12	6.34e-06	1.00e+00
 2.78469e+14	2.15e-12	6.81e-06	1.00e+00
 2.87575e+14	2.43e-12	7.27e-06	1.00e+00
 2.97531e+14	2.76e-12	7.79e-06	1.00e+00
 3.08538e+14	3.16e-12	8.39e-06	1.00e+00
 3.18709e+14	3.57e-12	8.96e-06	1.00e+00
 3.29725e+14	4.05e-12	9.60e-06	1.00e+00
 3.42033e+14	4.64e-12	1.03e-05	1.00e+00
 3.53592e+14	5.25e-12	1.11e-05	1.00e+00
 3.66191e+14	5.98e-12	1.19e-05	1.00e+00
 3.80204e+14	6.88e-12	1.29e-05	1.00e+00
 3.93302e+14	7.79e-12	1.38e-05	1.00e+00
 4.07514e+14	8.89e-12	1.48e-05	1.00e+00
 4.23403e+14	1.02e-11	1.60e-05	1.00e+00
 4.38502e+14	1.17e-11	1.72e-05	1.00e+00
 4.54648e+14	1.34e-11	1.86e-05	1.00e+00
 4.72864e+14	1.55e-11	2.01e-05	1.00e+00
 4.90830e+14	1.78e-11	2.18e-05	1.00e+00
 5.09516e+14	2.05e-11	2.35e-05	1.00e+00
 5.29326e+14	2.37e-11	2.55e-05	1.00e+00
 5.45896e+14	2.66e-11	2.72e-05	1.00e+00
 5.58676e+14	2.90e-11	2.86e-05	1.00e+00
 5.72509e+14	3.19e-11	3.01e-05	1.00e+00
 5.90492e+14	3.60e-11	3.21e-05	1.00e+00
 6.10030e+14	4.08e-11	3.45e-05	1.00e+00
 6.27703e+14	4.56e-11	3.67e-05	1.00e+00
 6.46791e+14	5.13e-11	3.91e-05	1.00e+00
 6.70746e+14	5.93e-11	4.23e-05	1.00e+00
 6.94838e+14	6.82e-11	4.57e-05	1.00e+00
 7.15340e+14	7.66e-11	4.87e-05	1.00e+00
 7.37367e+14	8.67e-11	5.21e-05	1.00e+00
 7.64829e+14	1.01e-10	5.65e-05	1.00e+00
 7.93141e+14	1.17e-10	6.13e-05	1.00e+00
 8.18346e+14	1.33e-10	6.57e-05	1.00e+00
 8.45724e+14	1.52e-10	7.08e-05	1.00e+00
 8.78437e+14	1.78e-10	7.70e-05	1.00e+00
 9.10677e+14	2.07e-10	8.35e-05	1.00e+00
 9.39616e+14	2.36e-10	8.96e-05	1.00e+00
 9.71673e+14	2.72e-10	9.66e-05	1.00e+00
 1.00960e+15	3.20e-10	1.05e-04	1.00e+00
 1.04712e+15	3.74e-10	1.14e-04	1.00e+00
 1.08173e+15	4.30e-10	1.23e-04	1.00e+00
 1.12059e+15	5.00e-10	1.33e-04	1.00e+00
 1.16542e+15	5.92e-10	1.46e-04	1.00e+00
 1.20925e+15	6.94e-10	1.58e-04	1.00e+00
 1.25115e+15	8.03e-10	1.71e-04	1.00e+00
 1.29755e+15	9.40e-10	1.86e-04	1.00e+00
 1.34122e+15	1.08e-09	2.00e-04	1.00e+00
 1.37406e+15	1.20e-09	2.11e-04	1.00e+00
 1.40772e+15	1.34e-09	2.23e-04	1.00e+00
 1.45148e+15	1.53e-09	2.39e-04	1.00e+00
 1.49877e+15	1.76e-09	2.57e-04	1.00e+00
 1.54119e+15	1.98e-09	2.74e-04	1.00e+00
 1.58687e+15	2.25e-09	2.92e-04	1.00e+00
 1.64496e+15	2.63e-09	3.17e-04	1.00e+00
 1.70360e+15	3.06e-09	3.43e-04	1.00e+00
 1.75283e+15	3.46e-09	3.65e-04	1.00e+00
 1.80542e+15	3.94e-09	3.90e-04	1.00e+00
 1.87186e+15	4.61e-09	4.23e-04	1.00e+00
 1.94154e+15	5.40e-09	4.58e-04	1.00e+00
 2.00431e+15	6.19e-09	4.92e-04	1.00e+00
 2.07285e+15	7.16e-09	5.30e-04	9.99e-01
 2.15384e+15	8.45e-09	5.76e-04	9.99e-01
 2.23318e+15	9.87e-09	6.24e-04	9.99e-01
 2.30555e+15	1.13e-08	6.69e-04	9.99e-01
 2.38665e+15	1.31e-08	7.22e-04	9.99e-01
 2.48116e+15	1.55e-08	7.86e-04	9.99e-01
 2.57418e+15	1.81e-08	8.51e-04	9.99e-01
 2.66197e+15	2.09e-08	9.15e-04	9.99e-01
 2.75953e+15	2.44e-08	9.89e-04	9.99e-01
 2.85236e+15	2.80e-08	1.06e-03	9.99e-01
 2.92143e+15	3.10e-08	1.12e-03	9.99e-01
 2.99128e+15	3.43e-08	1.18e-03	9.99e-01
 3.08207e+15	3.89e-08	1.25e-03	9.99e-01
 3.18087e+15	4.44e-08	1.34e-03	9.99e-01
 3.27002e+15	4.98e-08	1.42e-03	9.99e-01
 3.36589e+15	5.62e-08	1.51e-03	9.98e-01
 3.48850e+15	6.53e-08	1.63e-03	9.98e-01
 3.61192e+15	7.54e-08	1.76e-03	9.98e-01
 3.71392e+15	8.46e-08	1.86e-03	9.98e-01
 3.82200e+15	9.52e-08	1.98e-03	9.98e-01
 3.96076e+15	1.11e-07	2.13e-03	9.98e-01
 4.10587e+15	1.28e-07	2.30e-03	9.98e-01
 4.23250e+15	1.45e-07	2.45e-03	9.98e-01
 4.36864e+15	1.66e-07	2.62e-03	9.97e-01
 4.53452e+15	1.94e-07	2.83e-03	9.97e-01
 4.69859e+15	2.24e-07	3.05e-03	9.97e-01
 4.84118e+15	2.53e-07	3.25e-03	9.97e-01
 4.99631e+15	2.88e-07	3.47e-03	9.97e-01
 5.16869e+15	3.32e-07	3.72e-03	9.96e-01
 5.32917e+15	3.75e-07	3.97e-03	9.96e-01
 5.46733e+15	4.16e-07	4.18e-03	9.96e-01
 5.61080e+15	4.64e-07	4.42e-03	9.96e-01
 5.77005e+15	5.20e-07	4.69e-03	9.95e-01
 5.92052e+15	5.77e-07	4.95e-03	9.95e-01
 6.08683e+15	6.49e-07	5.25e-03	9.95e-01
 6.26728e+15	7.31e-07	5.59e-03	9.94e-01
 6.43332e+15	8.12e-07	5.90e-03	9.94e-01
 6.61636e+15	9.15e-07	6.29e-03	9.94e-01
 6.81683e+15	1.03e-06	6.70e-03	9.93e-01
 7.00511e+15	1.15e-06	7.11e-03	9.93e-01
 7.21500e+15	1.31e-06	7.61e-03	9.92e-01
 7.43862e+15	1.48e-06	8.14e-03	9.92e-01
 7.63523e+15	1.65e-06	8.64e-03	9.91e-01
 7.84595e+15	1.86e-06	9.22e-03	9.91e-01
 8.07893e+15	2.11e-06	9.90e-03	9.90e-01
 8.29332e+15	2.35e-06	1.05e-02	9.89e-01
 8.52450e+15	2.67e-06	1.13e-02	9.89e-01
 8.77516e+15	3.03e-06	1.22e-02	9.88e-01
 8.98766e+15	3.36e-06	1.30e-02	9.87e-01
 9.16921e+15	3.68e-06	1.37e-02	9.86e-01
 9.37401e+15	4.10e-06	1.46e-02	9.85e-01
 9.60380e+15	4.62e-06	1.57e-02	9.84e-01
 9.81496e+15	5.12e-06	1.68e-02	9.83e-01
 1.00058e+16	5.65e-06	1.79e-02	9.82e-01
 1.02213e+16	6.37e-06	1.93e-02	9.81e-01
 1.04522e+16	7.20e-06	2.09e-02	9.79e-01
 1.06535e+16	8.01e-06	2.25e-02	9.78e-01
 1.08373e+16	8.88e-06	2.41e-02	9.76e-01
 1.10479e+16	1.01e-05	2.62e-02	9.74e-01
 1.12732e+16	1.15e-05	2.87e-02	9.71e-01
 1.14668e+16	1.29e-05	3.12e-02	9.69e-01
 1.16388e+16	1.45e-05	3.37e-02	9.66e-01
 1.18334e+16	1.65e-05	3.70e-02	9.63e-01
 1.20415e+16	1.92e-05	4.12e-02	9.59e-01
 1.22174e+16	2.18e-05	4.52e-02	9.55e-01
 1.23697e+16	2.46e-05	4.94e-02	9.51e-01
 1.25405e+16	2.80e-05	5.49e-02	9.45e-01
 1.27273e+16	3.29e-05	6.20e-02	9.38e-01
 1.28886e+16	3.84e-05	6.95e-02	9.30e-01
 1.30210e+16	4.44e-05	7.68e-02	9.23e-01
 1.31297e+16	4.97e-05	8.38e-02	9.16e-01
 1.32389e+16	5.57e-05	9.21e-02	9.08e-01
 1.33808e+16	6.58e-05	1.05e-01	8.95e-01
 1.35077e+16	7.72e-05	1.18e-01	8.82e-01
 1.35833e+16	8.63e-05	1.28e-01	8.72e-01
 1.36348e+16	9.26e-05	1.35e-01	8.65e-01
 1.36868e+16	9.91e-05	1.43e-01	8.57e-01
 1.37543e+16	1.11e-04	1.55e-01	8.45e-01
 1.38251e+16	1.22e-04	1.68e-01	8.32e-01
 1.39002e+16	1.38e-04	1.84e-01	8.16e-01
 1.39789e+16	1.57e-04	2.04e-01	7.96e-01
 1.40442e+16	1.77e-04	2.22e-01	7.78e-01
 1.40953e+16	1.91e-04	2.37e-01	7.63e-01
 1.41459e+16	2.12e-04	2.55e-01	7.45e-01
 1.42024e+16	2.33e-04	2.76e-01	7.24e-01
 1.42666e+16	2.64e-04	3.02e-01	6.97e-01
 1.43344e+16	3.00e-04	3.33e-01	6.67e-01
 1.43919e+16	3.35e-04	3.61e-01	6.38e-01
 1.44393e+16	3.65e-04	3.87e-01	6.13e-01
 1.44886e+16	4.03e-04	4.15e-01	5.85e-01
 1.45435e+16	4.47e-04	4.47e-01	5.52e-01
 1.46058e+16	5.01e-04	4.86e-01	5.13e-01
 1.46724e+16	5.65e-04	5.29e-01	4.71e-01
 1.47314e+16	6.25e-04	5.67e-01	4.32e-01
 1.47947e+16	6.96e-04	6.09e-01	3.90e-01
 1.48655e+16	7.75e-04	6.54e-01	3.45e-01
 1.49339e+16	8.53e-04	6.95e-01	3.05e-01
 1.50107e+16	9.44e-04	7.37e-01	2.62e-01
 1.51107e+16	1.06e-03	7.86e-01	2.13e-01
 1.51963e+16	1.15e-03	8.20e-01	1.79e-01
 1.52453e+16	1.21e-03	8.37e-01	1.62e-01
 1.52911e+16	1.26e-03	8.52e-01	1.47e-01
 1.53506e+16	1.33e-03	8.70e-01	1.29e-01
 1.54280e+16	1.41e-03	8.90e-01	1.09e-01
 1.55099e+16	1.50e-03	9.06e-01	9.22e-02
 1.55813e+16	1.58e-03	9.19e-01	7.99e-02
 1.56574e+16	1.67e-03	9.30e-01	6.82e-02
 1.57432e+16	1.77e-03	9.40e-01	5.78e-02
 1.58178e+16	1.85e-03	9.48e-01	5.04e-02
 1.58769e+16	1.93e-03	9.53e-01	4.52e-02
 1.59401e+16	2.01e-03	9.58e-01	4.01e-02
 1.60222e+16	2.12e-03	9.63e-01	3.45e-02
 1.61045e+16	2.24e-03	9.68e-01	3.01e-02
 1.61662e+16	2.34e-03	9.70e-01	2.72e-02
 1.62172e+16	2.42e-03	9.73e-01	2.50e-02
 1.62751e+16	2.53e-03	9.75e-01	2.27e-02
 1.63503e+16	2.67e-03	9.77e-01	2.00e-02
 1.64251e+16	2.82e-03	9.79e-01	1.79e-02
 1.64804e+16	2.95e-03	9.81e-01	1.65e-02
 1.65265e+16	3.06e-03	9.82e-01	1.54e-02
 1.65794e+16	3.20e-03	9.83e-01	1.42e-02
 1.66481e+16	3.39e-03	9.84e-01	1.28e-02
 1.67161e+16	3.61e-03	9.85e-01	1.16e-02
 1.67663e+16	3.78e-03	9.85e-01	1.09e-02
 1.68072e+16	3.93e-03	9.86e-01	1.03e-02
 1.68534e+16	4.12e-03	9.86e-01	9.61e-03
 1.69134e+16	4.38e-03	9.87e-01	8.83e-03
 1.69737e+16	4.68e-03	9.87e-01	8.16e-03
 1.70196e+16	4.92e-03	9.87e-01	7.71e-03
 1.70579e+16	5.15e-03	9.88e-01	7.33e-03
 1.71013e+16	5.43e-03	9.88e-01	6.91e-03
 1.71577e+16	5.83e-03	9.88e-01	6.41e-03
 1.72143e+16	6.30e-03	9.88e-01	5.97e-03
 1.72578e+16	6.72e-03	9.88e-01	5.67e-03
 1.73006e+16	7.15e-03	9.87e-01	5.36e-03
 1.73563e+16	7.81e-03	9.87e-01	4.99e-03
 1.74131e+16	8.60e-03	9.87e-01	4.66e-03
 1.74579e+16	9.35e-03	9.86e-01	4.42e-03
 1.74955e+16	1.00e-02	9.86e-01	4.23e-03
 1.75375e+16	1.09e-02	9.85e-01	4.01e-03
 1.75843e+16	1.21e-02	9.84e-01	3.79e-03
 1.76263e+16	1.34e-02	9.83e-01	3.61e-03
 1.76594e+16	1.46e-02	9.82e-01	3.48e-03
 1.76866e+16	1.57e-02	9.81e-01	3.37e-03
 1.77166e+16	1.71e-02	9.80e-01	3.25e-03
 1.77496e+16	1.89e-02	9.78e-01	3.13e-03
 1.77785e+16	2.08e-02	9.76e-01	3.03e-03
 1.78026e+16	2.26e-02	9.74e-01	2.95e-03
 1.78283e+16	2.49e-02	9.72e-01	2.86e-03
 1.78561e+16	2.77e-02	9.70e-01	2.78e-03
 1.78798e+16	3.07e-02	9.67e-01	2.71e-03
 1.78995e+16	3.35e-02	9.64e-01	2.66e-03
 1.79204e+16	3.69e-02	9.60e-01	2.61e-03
 1.79437e+16	4.14e-02	9.56e-01	2.55e-03
 1.79646e+16	4.64e-02	9.51e-01	2.51e-03
 1.79821e+16	5.12e-02	9.46e-01	2.48e-03
 1.80006e+16	5.71e-02	9.40e-01	2.44e-03
 1.80205e+16	6.45e-02	9.33e-01	2.42e-03
 1.80376e+16	7.22e-02	9.25e-01	2.41e-03
 1.80520e+16	7.97e-02	9.18e-01	2.40e-03
 1.80668e+16	8.85e-02	9.09e-01	2.40e-03
 1.80826e+16	9.93e-02	8.98e-01	2.40e-03
 1.80967e+16	1.11e-01	8.87e-01	2.41e-03
 1.81089e+16	1.22e-01	8.76e-01	2.42e-03
 1.81200e+16	1.33e-01	8.64e-01	2.44e-03
 1.81302e+16	1.45e-01	8.52e-01	2.45e-03
 1.81396e+16	1.57e-01	8.41e-01	2.48e-03
 1.81485e+16	1.69e-01	8.28e-01	2.49e-03
 1.81552e+16	1.79e-01	8.19e-01	2.51e-03
 1.81596e+16	1.86e-01	8.12e-01	2.53e-03
 1.81637e+16	1.93e-01	8.05e-01	2.54e-03
 1.81687e+16	2.01e-01	7.96e-01	2.55e-03
 1.81739e+16	2.11e-01	7.87e-01	2.56e-03
 1.81790e+16	2.20e-01	7.77e-01	2.58e-03
 1.81837e+16	2.29e-01	7.68e-01	2.60e-03
 1.81885e+16	2.39e-01	7.58e-01	2.61e-03
 1.81932e+16	2.49e-01	7.48e-01	2.62e-03
 1.81979e+16	2.60e-01	7.37e-01	2.64e-03
 1.82025e+16	2.71e-01	7.27e-01	2.66e-03
 1.82071e+16	2.82e-01	7.15e-01	2.67e-03
 1.82117e+16	2.94e-01	7.03e-01	2.68e-03
 1.82162e+16	3.06e-01	6.92e-01	2.69e-03
 1.82206e+16	3.17e-01	6.80e-01	2.71e-03
 1.82250e+16	3.30e-01	6.67e-01	2.72e-03
 1.82294e+16	3.43e-01	6.55e-01	2.73e-03
 1.82338e+16	3.56e-01	6.41e-01	2.74e-03
 1.82381e+16	3.69e-01	6.28e-01	2.76e-03
 1.82424e+16	3.83e-01	6.14e-01	2.76e-03
 1.82467e+16	3.97e-01	6.00e-01	2.77e-03
 1.82508e+16	4.11e-01	5.86e-01	2.77e-03
 1.82550e+16	4.25e-01	5.72e-01	2.78e-03
 1.82591e+16	4.40e-01	5.57e-01	2.78e-03
 1.82633e+16	4.54e-01	5.43e-01	2.78e-03
 1.82674e+16	4.70e-01	5.28e-01	2.78e-03
 1.82714e+16	4.84e-01	5.13e-01	2.78e-03
 1.82754e+16	4.99e-01	4.98e-01	2.77e-03
 1.82793e+16	5.14e-01	4.83e-01	2.77e-03
 1.82832e+16	5.29e-01	4.69e-01	2.76e-03
 1.82870e+16	5.44e-01	4.54e-01	2.74e-03
 1.82909e+16	5.59e-01	4.39e-01	2.73e-03
 1.82947e+16	5.73e-01	4.24e-01	2.71e-03
 1.82984e+16	5.88e-01	4.10e-01	2.69e-03
 1.83020e+16	6.02e-01	3.96e-01	2.67e-03
 1.83056e+16	6.15e-01	3.82e-01	2.66e-03
 1.83092e+16	6.29e-01	3.68e-01	2.63e-03
 1.83127e+16	6.42e-01	3.55e-01	2.60e-03
 1.83162e+16	6.56e-01	3.42e-01	2.57e-03
 1.83197e+16	6.69e-01	3.29e-01	2.54e-03
 1.83233e+16	6.82e-01	3.16e-01	2.50e-03
 1.83267e+16	6.94e-01	3.04e-01	2.46e-03
 1.83302e+16	7.06e-01	2.91e-01	2.43e-03
 1.83336e+16	7.18e-01	2.79e-01	2.38e-03
 1.83371e+16	7.30e-01	2.68e-01	2.34e-03
 1.83405e+16	7.41e-01	2.57e-01	2.30e-03
 1.83439e+16	7.52e-01	2.46e-01	2.25e-03
 1.83474e+16	7.63e-01	2.35e-01	2.20e-03
 1.83509e+16	7.73e-01	2.25e-01	2.15e-03
 1.83544e+16	7.83e-01	2.15e-01	2.10e-03
 1.83580e+16	7.93e-01	2.05e-01	2.05e-03
 1.83616e+16	8.03e-01	1.95e-01	1.99e-03
 1.83653e+16	8.12e-01	1.86e-01	1.93e-03
 1.83685e+16	8.20e-01	1.78e-01	1.88e-03
 1.83710e+16	8.26e-01	1.72e-01	1.84e-03
 1.83733e+16	8.31e-01	1.67e-01	1.80e-03
 1.83757e+16	8.37e-01	1.62e-01	1.76e-03
 1.83783e+16	8.42e-01	1.56e-01	1.72e-03
 1.83808e+16	8.47e-01	1.51e-01	1.68e-03
 1.83832e+16	8.52e-01	1.47e-01	1.64e-03
 1.83856e+16	8.56e-01	1.42e-01	1.61e-03
 1.83879e+16	8.60e-01	1.38e-01	1.57e-03
 1.83903e+16	8.64e-01	1.34e-01	1.54e-03
 1.83926e+16	8.68e-01	1.30e-01	1.50e-03
 1.83950e+16	8.72e-01	1.27e-01	1.47e-03
 1.83973e+16	8.75e-01	1.23e-01	1.44e-03
 1.83996e+16	8.79e-01	1.20e-01	1.41e-03
 1.84019e+16	8.82e-01	1.17e-01	1.38e-03
 1.84043e+16	8.85e-01	1.14e-01	1.35e-03
 1.84067e+16	8.88e-01	1.11e-01	1.32e-03
 1.84091e+16	8.91e-01	1.08e-01	1.29e-03
 1.84115e+16	8.93e-01	1.05e-01	1.26e-03
 1.84140e+16	8.96e-01	1.03e-01	1.24e-03
 1.84166e+16	8.99e-01	1.00e-01	1.21e-03
 1.84193e+16	9.01e-01	9.79e-02	1.18e-03
 1.84220e+16	9.03e-01	9.56e-02	1.16e-03
 1.84249e+16	9.06e-01	9.32e-02	1.13e-03
 1.84279e+16	9.08e-01	9.09e-02	1.11e-03
 1.84311e+16	9.10e-01	8.87e-02	1.08e-03
 1.84344e+16	9.12e-01	8.66e-02	1.06e-03
 1.84379e+16	9.14e-01	8.45e-02	1.03e-03
 1.84418e+16	9.17e-01	8.24e-02	1.00e-03
 1.84462e+16	9.19e-01	8.02e-02	9.79e-04
 1.84511e+16	9.21e-01	7.80e-02	9.50e-04
 1.84567e+16	9.23e-01	7.59e-02	9.23e-04
 1.84632e+16	9.25e-01	7.38e-02	8.95e-04
 1.84714e+16	9.28e-01	7.15e-02	8.64e-04
 1.84812e+16	9.30e-01	6.93e-02	8.33e-04
 1.84917e+16	9.32e-01	6.75e-02	8.04e-04
 1.85039e+16	9.34e-01	6.57e-02	7.74e-04
 1.85196e+16	9.35e-01	6.39e-02	7.43e-04
 1.85393e+16	9.37e-01	6.22e-02	7.10e-04
 1.85626e+16	9.39e-01	6.05e-02	6.76e-04
 1.85862e+16	9.40e-01	5.91e-02	6.46e-04
 1.86077e+16	9.41e-01	5.80e-02	6.20e-04
 1.86273e+16	9.42e-01	5.70e-02	5.99e-04
 1.86488e+16	9.44e-01	5.58e-02	5.74e-04
 1.86719e+16	9.45e-01	5.48e-02	5.51e-04
 1.86930e+16	9.46e-01	5.38e-02	5.30e-04
 1.87122e+16	9.47e-01	5.29e-02	5.13e-04
 1.87297e+16	9.47e-01	5.21e-02	4.95e-04
 1.87455e+16	9.48e-01	5.14e-02	4.82e-04
 1.87629e+16	9.49e-01	5.06e-02	4.66e-04
 1.87856e+16	9.50e-01	4.96e-02	4.47e-04
 1.88100e+16	9.51e-01	4.85e-02	4.27e-04
 1.88322e+16	9.52e-01	4.76e-02	4.10e-04
 1.88525e+16	9.53e-01	4.67e-02	3.95e-04
 1.88709e+16	9.54e-01	4.60e-02	3.81e-04
 1.88876e+16	9.54e-01	4.53e-02	3.69e-04
 1.89029e+16	9.55e-01	4.47e-02	3.59e-04
 1.89196e+16	9.56e-01	4.39e-02	3.47e-04
 1.89376e+16	9.56e-01	4.32e-02	3.35e-04
 1.89540e+16	9.57e-01	4.26e-02	3.25e-04
 1.89690e+16	9.58e-01	4.20e-02	3.16e-04
 1.89826e+16	9.58e-01	4.15e-02	3.07e-04
 1.89975e+16	9.59e-01	4.09e-02	2.98e-04
 1.90135e+16	9.59e-01	4.03e-02	2.89e-04
 1.90282e+16	9.60e-01	3.97e-02	2.81e-04
 1.90415e+16	9.61e-01	3.92e-02	2.73e-04
 1.90536e+16	9.61e-01	3.87e-02	2.67e-04
 1.90669e+16	9.62e-01	3.82e-02	2.59e-04
 1.90812e+16	9.62e-01	3.77e-02	2.52e-04
 1.90942e+16	9.63e-01	3.72e-02	2.46e-04
 1.91061e+16	9.63e-01	3.68e-02	2.40e-04
 1.91191e+16	9.63e-01	3.63e-02	2.33e-04
 1.91332e+16	9.64e-01	3.58e-02	2.27e-04
 1.91459e+16	9.64e-01	3.54e-02	2.21e-04
 1.91576e+16	9.65e-01	3.50e-02	2.16e-04
 1.91703e+16	9.65e-01	3.45e-02	2.10e-04
 1.91841e+16	9.66e-01	3.40e-02	2.04e-04
 1.91966e+16	9.66e-01	3.36e-02	1.99e-04
 1.92080e+16	9.67e-01	3.32e-02	1.95e-04
 1.92205e+16	9.67e-01	3.28e-02	1.89e-04
 1.92339e+16	9.67e-01	3.24e-02	1.84e-04
 1.92462e+16	9.68e-01	3.20e-02	1.80e-04
 1.92596e+16	9.68e-01	3.15e-02	1.75e-04
 1.92741e+16	9.69e-01	3.11e-02	1.70e-04
 1.92873e+16	9.69e-01	3.07e-02	1.65e-04
 1.92994e+16	9.70e-01	3.03e-02	1.62e-04
 1.93125e+16	9.70e-01	2.99e-02	1.57e-04
 1.93267e+16	9.70e-01	2.95e-02	1.53e-04
 1.93397e+16	9.71e-01	2.91e-02	1.49e-04
 1.93538e+16	9.71e-01	2.87e-02	1.45e-04
 1.93691e+16	9.72e-01	2.83e-02	1.41e-04
 1.93831e+16	9.72e-01	2.79e-02	1.37e-04
 1.93983e+16	9.72e-01	2.75e-02	1.33e-04
 1.94148e+16	9.73e-01	2.71e-02	1.29e-04
 1.94298e+16	9.73e-01	2.67e-02	1.25e-04
 1.94434e+16	9.73e-01	2.64e-02	1.22e-04
 1.94584e+16	9.74e-01	2.60e-02	1.18e-04
 1.94745e+16	9.74e-01	2.56e-02	1.15e-04
 1.94892e+16	9.75e-01	2.53e-02	1.12e-04
 1.95053e+16	9.75e-01	2.49e-02	1.08e-04
 1.95226e+16	9.75e-01	2.45e-02	1.05e-04
 1.95384e+16	9.76e-01	2.41e-02	1.02e-04
 1.95528e+16	9.76e-01	2.38e-02	9.96e-05
 1.95686e+16	9.76e-01	2.35e-02	9.66e-05
 1.95856e+16	9.77e-01	2.31e-02	9.38e-05
 1.96011e+16	9.77e-01	2.28e-02	9.12e-05
 1.96181e+16	9.77e-01	2.25e-02	8.84e-05
 1.96364e+16	9.78e-01	2.21e-02	8.56e-05
 1.96530e+16	9.78e-01	2.18e-02	8.32e-05
 1.96713e+16	9.79e-01	2.14e-02	8.04e-05
 1.96910e+16	9.79e-01	2.11e-02	7.78e-05
 1.97090e+16	9.79e-01	2.07e-02	7.54e-05
 1.97253e+16	9.79e-01	2.04e-02	7.34e-05
 1.97432e+16	9.80e-01	2.01e-02	7.11e-05
 1.97625e+16	9.80e-01	1.98e-02	6.88e-05
 1.97801e+16	9.80e-01	1.95e-02	6.69e-05
 1.97994e+16	9.81e-01	1.92e-02	6.46e-05
 1.98202e+16	9.81e-01	1.89e-02	6.25e-05
 1.98391e+16	9.81e-01	1.86e-02	6.06e-05
 1.98598e+16	9.82e-01	1.82e-02	5.85e-05
 1.98822e+16	9.82e-01	1.79e-02	5.64e-05
 1.99026e+16	9.82e-01	1.76e-02	5.46e-05
 1.99211e+16	9.83e-01	1.74e-02	5.31e-05
 1.99415e+16	9.83e-01	1.71e-02	5.13e-05
 1.99634e+16	9.83e-01	1.68e-02	4.96e-05
 1.99833e+16	9.83e-01	1.65e-02	4.81e-05
 2.00052e+16	9.84e-01	1.62e-02	4.64e-05
 2.00288e+16	9.84e-01	1.59e-02	4.48e-05
 2.00503e+16	9.84e-01	1.57e-02	4.33e-05
 2.00739e+16	9.85e-01	1.54e-02	4.17e-05
 2.00993e+16	9.85e-01	1.51e-02	4.02e-05
 2.01224e+16	9.85e-01	1.48e-02	3.88e-05
 2.01478e+16	9.85e-01	1.45e-02	3.73e-05
 2.01751e+16	9.86e-01	1.42e-02	3.59e-05
 2.02000e+16	9.86e-01	1.40e-02	3.46e-05
 2.02227e+16	9.86e-01	1.38e-02	3.35e-05
 2.02475e+16	9.86e-01	1.35e-02	3.23e-05
 2.02743e+16	9.87e-01	1.32e-02	3.11e-05
 2.02987e+16	9.87e-01	1.30e-02	3.00e-05
 2.03254e+16	9.87e-01	1.28e-02	2.89e-05
 2.03543e+16	9.87e-01	1.25e-02	2.78e-05
 2.03806e+16	9.88e-01	1.23e-02	2.68e-05
 2.04093e+16	9.88e-01	1.20e-02	2.57e-05
 2.04404e+16	9.88e-01	1.18e-02	2.46e-05
 2.04687e+16	9.88e-01	1.16e-02	2.37e-05
 2.04997e+16	9.89e-01	1.13e-02	2.27e-05
 2.05331e+16	9.89e-01	1.11e-02	2.17e-05
 2.05635e+16	9.89e-01	1.08e-02	2.09e-05
 2.05969e+16	9.89e-01	1.06e-02	2.00e-05
 2.06329e+16	9.90e-01	1.03e-02	1.91e-05
 2.06657e+16	9.90e-01	1.01e-02	1.83e-05
 2.07016e+16	9.90e-01	9.89e-03	1.74e-05
 2.07403e+16	9.90e-01	9.65e-03	1.66e-05
 2.07756e+16	9.91e-01	9.44e-03	1.59e-05
 2.08142e+16	9.91e-01	9.21e-03	1.51e-05
 2.08560e+16	9.91e-01	8.97e-03	1.44e-05
 2.08939e+16	9.91e-01	8.77e-03	1.38e-05
 2.09355e+16	9.91e-01	8.54e-03	1.31e-05
 2.09805e+16	9.92e-01	8.31e-03	1.24e-05
 2.10213e+16	9.92e-01	8.12e-03	1.18e-05
 2.10661e+16	9.92e-01	7.90e-03	1.12e-05
 2.11145e+16	9.92e-01	7.68e-03	1.06e-05
 2.11585e+16	9.93e-01	7.49e-03	1.01e-05
 2.12067e+16	9.93e-01	7.27e-03	9.51e-06
 2.12588e+16	9.93e-01	7.06e-03	8.97e-06
 2.13061e+16	9.93e-01	6.88e-03	8.51e-06
 2.13581e+16	9.93e-01	6.67e-03	8.02e-06
 2.14253e+16	9.94e-01	6.42e-03	7.42e-06
 2.15017e+16	9.94e-01	6.15e-03	6.83e-06
 2.15784e+16	9.94e-01	5.90e-03	6.29e-06
 2.16563e+16	9.94e-01	5.66e-03	5.79e-06
 2.17378e+16	9.95e-01	5.42e-03	5.32e-06
 2.18225e+16	9.95e-01	5.18e-03	4.87e-06
 2.19101e+16	9.95e-01	4.95e-03	4.45e-06
 2.20009e+16	9.95e-01	4.73e-03	4.06e-06
 2.20949e+16	9.95e-01	4.51e-03	3.70e-06
 2.21916e+16	9.96e-01	4.30e-03	3.36e-06
 2.22898e+16	9.96e-01	4.10e-03	3.06e-06
 2.23896e+16	9.96e-01	3.90e-03	2.78e-06
 2.24912e+16	9.96e-01	3.72e-03	2.52e-06
 2.25948e+16	9.96e-01	3.54e-03	2.29e-06
 2.27003e+16	9.97e-01	3.37e-03	2.08e-06
 2.28077e+16	9.97e-01	3.20e-03	1.88e-06
 2.29171e+16	9.97e-01	3.05e-03	1.71e-06
 2.30268e+16	9.97e-01	2.90e-03	1.55e-06
 2.31381e+16	9.97e-01	2.76e-03	1.40e-06
 2.32534e+16	9.97e-01	2.62e-03	1.27e-06
 2.33716e+16	9.98e-01	2.49e-03	1.14e-06
 2.34917e+16	9.98e-01	2.36e-03	1.03e-06
 2.36137e+16	9.98e-01	2.24e-03	9.27e-07
 2.37379e+16	9.98e-01	2.12e-03	8.34e-07
 2.38645e+16	9.98e-01	2.01e-03	7.50e-07
 2.39936e+16	9.98e-01	1.91e-03	6.74e-07
 2.41253e+16	9.98e-01	1.81e-03	6.04e-07
 2.42595e+16	9.98e-01	1.71e-03	5.41e-07
 2.43966e+16	9.98e-01	1.61e-03	4.84e-07
 2.45365e+16	9.98e-01	1.53e-03	4.32e-07
 2.46792e+16	9.99e-01	1.44e-03	3.86e-07
 2.48250e+16	9.99e-01	1.36e-03	3.43e-07
 2.49738e+16	9.99e-01	1.28e-03	3.05e-07
 2.51260e+16	9.99e-01	1.21e-03	2.71e-07
 2.52816e+16	9.99e-01	1.13e-03	2.40e-07
 2.54409e+16	9.99e-01	1.07e-03	2.12e-07
 2.56039e+16	9.99e-01	1.00e-03	1.87e-07
 2.57710e+16	9.99e-01	9.39e-04	1.65e-07
 2.59423e+16	9.99e-01	8.80e-04	1.45e-07
 2.61181e+16	9.99e-01	8.24e-04	1.27e-07
 2.62986e+16	9.99e-01	7.69e-04	1.11e-07
 2.64841e+16	9.99e-01	7.18e-04	9.66e-08
 2.66750e+16	9.99e-01	6.69e-04	8.39e-08
 2.68718e+16	9.99e-01	6.23e-04	7.28e-08
 2.70707e+16	9.99e-01	5.79e-04	6.30e-08
 2.72748e+16	9.99e-01	5.37e-04	5.42e-08
 2.74916e+16	1.00e+00	4.97e-04	4.63e-08
 2.77184e+16	1.00e+00	4.58e-04	3.94e-08
 2.79527e+16	1.00e+00	4.21e-04	3.33e-08
 2.81956e+16	1.00e+00	3.86e-04	2.80e-08
 2.84493e+16	1.00e+00	3.53e-04	2.34e-08
 2.87153e+16	1.00e+00	3.21e-04	1.94e-08
 2.89948e+16	1.00e+00	2.91e-04	1.59e-08
 2.92900e+16	1.00e+00	2.62e-04	1.30e-08
 2.96025e+16	1.00e+00	2.35e-04	1.04e-08
 2.99359e+16	1.00e+00	2.10e-04	8.27e-09
 3.02930e+16	1.00e+00	1.86e-04	6.47e-09
 3.06757e+16	1.00e+00	1.63e-04	4.97e-09
 3.10900e+16	1.00e+00	1.41e-04	3.75e-09
 3.15441e+16	1.00e+00	1.21e-04	2.75e-09
 3.20478e+16	1.00e+00	1.02e-04	1.96e-09
 3.26138e+16	1.00e+00	8.46e-05	1.34e-09
 3.32556e+16	1.00e+00	6.83e-05	8.77e-10
 3.39796e+16	1.00e+00	5.39e-05	5.46e-10
 3.47516e+16	1.00e+00	4.21e-05	3.34e-10
 3.55234e+16	1.00e+00	3.30e-05	2.06e-10
 3.62882e+16	1.00e+00	2.60e-05	1.28e-10
 3.70590e+16	1.00e+00	2.05e-05	8.01e-11
 3.78432e+16	1.00e+00	1.62e-05	5.00e-11
 3.86431e+16	1.00e+00	1.28e-05	3.11e-11
 3.94584e+16	1.00e+00	1.01e-05	1.94e-11
 4.02900e+16	1.00e+00	7.92e-06	1.21e-11
 4.11408e+16	1.00e+00	6.22e-06	7.48e-12
 4.20085e+16	1.00e+00	4.89e-06	4.64e-12
 4.28967e+16	1.00e+00	3.85e-06	2.88e-12
 4.38149e+16	1.00e+00	3.01e-06	1.77e-12
 4.47628e+16	1.00e+00	2.35e-06	1.08e-12
 4.57363e+16	1.00e+00	1.83e-06	6.57e-13
 4.67364e+16	1.00e+00	1.42e-06	3.99e-13
 4.77703e+16	1.00e+00	1.10e-06	2.40e-13
 4.88461e+16	1.00e+00	8.50e-07	1.43e-13
 4.99677e+16	1.00e+00	6.51e-07	8.40e-14
 5.11411e+16	1.00e+00	4.96e-07	4.89e-14
 5.23764e+16	1.00e+00	3.74e-07	2.79e-14
 5.36844e+16	1.00e+00	2.80e-07	1.56e-14
 5.50814e+16	1.00e+00	2.07e-07	8.52e-15
 5.65881e+16	1.00e+00	1.50e-07	4.50e-15
 5.81541e+16	1.00e+00	1.09e-07	2.37e-15
 5.97201e+16	1.00e+00	7.95e-08	1.27e-15
 6.12861e+16	1.00e+00	5.86e-08	6.89e-16
 6.28521e+16	1.00e+00	4.35e-08	3.80e-16
 6.44180e+16	1.00e+00	3.25e-08	2.12e-16
 6.59840e+16	1.00e+00	2.44e-08	1.20e-16
 6.77848e+16	1.00e+00	1.76e-08	6.25e-17
 6.98513e+16	1.00e+00	1.23e-08	3.07e-17
 7.20004e+16	1.00e+00	8.59e-09	1.49e-17
 7.42351e+16	1.00e+00	5.97e-09	7.21e-18
 7.65248e+16	1.00e+00	4.16e-09	3.50e-18
 7.88542e+16	1.00e+00	2.91e-09	1.72e-18
 8.12090e+16	1.00e+00	2.05e-09	8.54e-19
 8.35868e+16	1.00e+00	1.45e-09	4.29e-19
 8.59904e+16	1.00e+00	1.04e-09	2.18e-19
 8.84046e+16	1.00e+00	7.44e-10	1.13e-19
 9.08144e+16	1.00e+00	5.39e-10	5.92e-20
 9.32137e+16	1.00e+00	3.94e-10	3.17e-20
 9.55894e+16	1.00e+00	2.91e-10	1.73e-20
 9.79280e+16	1.00e+00	2.17e-10	9.65e-21
 1.00225e+17	1.00e+00	1.64e-10	0.00e+00
 1.02470e+17	1.00e+00	1.26e-10	0.00e+00
 1.04654e+17	1.00e+00	9.73e-11	0.00e+00
 1.06770e+17	1.00e+00	7.63e-11	0.00e+00
 1.08812e+17	1.00e+00	6.06e-11	0.00e+00
 1.10776e+17	1.00e+00	4.87e-11	0.00e+00
 1.12660e+17	1.00e+00	3.97e-11	0.00e+00
 1.14462e+17	1.00e+00	3.27e-11	0.00e+00
 1.16182e+17	1.00e+00	2.73e-11	0.00e+00
 1.17820e+17	1.00e+00	2.31e-11	0.00e+00
 1.19380e+17	1.00e+00	1.97e-11	0.00e+00
 1.20862e+17	1.00e+00	1.70e-11	0.00e+00
 1.22269e+17	1.00e+00	1.48e-11	0.00e+00
 1.23604e+17	1.00e+00	1.30e-11	0.00e+00
 1.24871e+17	1.00e+00	1.15e-11	0.00e+00
 1.26073e+17	1.00e+00	1.02e-11	0.00e+00
 1.27212e+17	1.00e+00	9.22e-12	0.00e+00
 1.28292e+17	1.00e+00	8.35e-12	0.00e+00
 1.29316e+17	1.00e+00	7.61e-12	0.00e+00
 1.30287e+17	1.00e+00	6.98e-12	0.00e+00
 1.31207e+17	1.00e+00	6.44e-12	0.00e+00
 1.32080e+17	1.00e+00	5.97e-12	0.00e+00
 1.32909e+17	1.00e+00	5.56e-12	0.00e+00
 1.33694e+17	1.00e+00	5.21e-12	0.00e+00
 1.34439e+17	1.00e+00	4.89e-12	0.00e+00
 1.35147e+17	1.00e+00	4.62e-12	0.00e+00
 1.35818e+17	1.00e+00	4.37e-12	0.00e+00
 1.36457e+17	1.00e+00	4.16e-12	0.00e+00
 1.37063e+17	1.00e+00	3.97e-12	0.00e+00
 1.37640e+17	1.00e+00	3.79e-12	0.00e+00
 1.38188e+17	1.00e+00	3.63e-12	0.00e+00
 1.38710e+17	1.00e+00	3.50e-12	0.00e+00
 1.39206e+17	1.00e+00	3.37e-12	0.00e+00
 1.39680e+17	1.00e+00	3.25e-12	0.00e+00
 1.40131e+17	1.00e+00	3.14e-12	0.00e+00
 1.40561e+17	1.00e+00	3.05e-12	0.00e+00
 1.40971e+17	1.00e+00	2.96e-12	0.00e+00
 1.41363e+17	1.00e+00	2.88e-12	0.00e+00
 1.41738e+17	1.00e+00	2.80e-12	0.00e+00
 1.42097e+17	1.00e+00	2.73e-12	0.00e+00
 1.42440e+17	1.00e+00	2.67e-12	0.00e+00
 1.42770e+17	1.00e+00	2.61e-12	0.00e+00
 1.43086e+17	1.00e+00	2.55e-12	0.00e+00
 1.43390e+17	1.00e+00	2.50e-12	0.00e+00
 1.43683e+17	1.00e+00	2.45e-12	0.00e+00
 1.43965e+17	1.00e+00	2.41e-12	0.00e+00
 1.44238e+17	1.00e+00	2.36e-12	0.00e+00
 1.44502e+17	1.00e+00	2.33e-12	0.00e+00
 1.44759e+17	1.00e+00	2.29e-12	0.00e+00
 1.45008e+17	1.00e+00	2.25e-12	0.00e+00
 1.45251e+17	1.00e+00	2.21e-12	0.00e+00
 1.45490e+17	1.00e+00	2.18e-12	0.00e+00
 1.45723e+17	1.00e+00	2.15e-12	0.00e+00
 1.45954e+17	1.00e+00	2.12e-12	0.00e+00
 1.46182e+17	1.00e+00	2.09e-12	0.00e+00
 1.46410e+17	1.00e+00	2.06e-12	0.00e+00
 1.46638e+17	1.00e+00	2.03e-12	0.00e+00
 1.46867e+17	1.00e+00	2.00e-12	0.00e+00
 1.47100e+17	1.00e+00	1.97e-12	0.00e+00
 1.47339e+17	1.00e+00	1.95e-12	0.00e+00
 1.47585e+17	1.00e+00	1.92e-12	0.00e+00
 1.47843e+17	1.00e+00	1.89e-12	0.00e+00
 1.48116e+17	1.00e+00	1.86e-12	0.00e+00
 1.48408e+17	1.00e+00	1.83e-12	0.00e+00
 1.48728e+17	1.00e+00	1.79e-12	0.00e+00
 1.49084e+17	1.00e+00	1.75e-12	0.00e+00
 1.49489e+17	1.00e+00	1.71e-12	0.00e+00
 1.49964e+17	1.00e+00	1.67e-12	0.00e+00
 1.50537e+17	1.00e+00	1.61e-12	0.00e+00
 1.51254e+17	1.00e+00	1.55e-12	0.00e+00
 1.52177e+17	1.00e+00	1.47e-12	0.00e+00
 1.53378e+17	1.00e+00	1.37e-12	0.00e+00
 1.54940e+17	1.00e+00	1.26e-12	0.00e+00
 1.56969e+17	1.00e+00	1.13e-12	0.00e+00
 1.59607e+17	1.00e+00	9.89e-13	0.00e+00
 1.63037e+17	1.00e+00	8.37e-13	0.00e+00
 1.67496e+17	1.00e+00	6.83e-13	0.00e+00
 1.73293e+17	1.00e+00	5.34e-13	0.00e+00
 1.80101e+17	1.00e+00	4.02e-13	0.00e+00
 1.87305e+17	1.00e+00	3.26e-13	0.00e+00
 1.94797e+17	1.00e+00	2.80e-13	0.00e+00
 2.02589e+17	1.00e+00	2.46e-13	0.00e+00
 2.10692e+17	1.00e+00	2.19e-13	0.00e+00
 2.19120e+17	1.00e+00	1.95e-13	0.00e+00
 2.27885e+17	1.00e+00	1.73e-13	0.00e+00
 2.37000e+17	1.00e+00	1.53e-13	0.00e+00
 2.46480e+17	1.00e+00	1.35e-13	0.00e+00
 2.56340e+17	1.00e+00	1.17e-13	0.00e+00
 2.66245e+17	1.00e+00	1.01e-13	0.00e+00
 2.75482e+17	1.00e+00	9.18e-14	0.00e+00
 2.83700e+17	1.00e+00	9.08e-14	0.00e+00
 2.91103e+17	1.00e+00	9.03e-14	0.00e+00
 2.98077e+17	1.00e+00	8.71e-14	0.00e+00
 3.04816e+17	1.00e+00	8.03e-14	0.00e+00
 3.11135e+17	1.00e+00	7.30e-14	0.00e+00
 3.16523e+17	1.00e+00	6.75e-14	0.00e+00
 3.20327e+17	1.00e+00	6.60e-14	0.00e+00
 3.22544e+17	1.00e+00	6.77e-14	0.00e+00
 3.23802e+17	1.00e+00	6.93e-14	0.00e+00
 3.24558e+17	1.00e+00	7.02e-14	0.00e+00
 3.25011e+17	1.00e+00	7.07e-14	0.00e+00
 3.25323e+17	1.00e+00	7.10e-14	0.00e+00
 3.25627e+17	1.00e+00	7.12e-14	0.00e+00
 3.25992e+17	1.00e+00	7.13e-14	0.00e+00
 3.26385e+17	1.00e+00	7.13e-14	0.00e+00
 3.26741e+17	1.00e+00	7.13e-14	0.00e+00
 3.27035e+17	1.00e+00	7.13e-14	0.00e+00
 3.27280e+17	1.00e+00	7.12e-14	0.00e+00
 3.27520e+17	1.00e+00	7.11e-14	0.00e+00
 3.27774e+17	1.00e+00	7.10e-14	0.00e+00
 3.28034e+17	1.00e+00	7.09e-14	0.00e+00
 3.28270e+17	1.00e+00	7.07e-14	0.00e+00
 3.28468e+17	1.00e+00	7.05e-14	0.00e+00
 3.28640e+17	1.00e+00	7.04e-14	0.00e+00
 3.28819e+17	1.00e+00	7.02e-14	0.00e+00
 3.29021e+17	1.00e+00	7.00e-14	0.00e+00
 3.29217e+17	1.00e+00	6.98e-14	0.00e+00
 3.29381e+17	1.00e+00	6.96e-14	0.00e+00
 3.29521e+17	1.00e+00	6.95e-14	0.00e+00
 3.29660e+17	1.00e+00	6.93e-14	0.00e+00
 3.29811e+17	1.00e+00	6.91e-14	0.00e+00
 3.29970e+17	1.00e+00	6.89e-14	0.00e+00
 3.30115e+17	1.00e+00	6.87e-14	0.00e+00
 3.30239e+17	1.00e+00	6.85e-14	0.00e+00
 3.30357e+17	1.00e+00	6.84e-14	0.00e+00
 3.30489e+17	1.00e+00	6.82e-14	0.00e+00
 3.30633e+17	1.00e+00	6.79e-14	0.00e+00
 3.30764e+17	1.00e+00	6.77e-14	0.00e+00
 3.30877e+17	1.00e+00	6.75e-14	0.00e+00
 3.30982e+17	1.00e+00	6.73e-14	0.00e+00
 3.31101e+17	1.00e+00	6.71e-14	0.00e+00
 3.31237e+17	1.00e+00	6.68e-14	0.00e+00
 3.31367e+17	1.00e+00	6.66e-14	0.00e+00
 3.31481e+17	1.00e+00	6.63e-14	0.00e+00
 3.31591e+17	1.00e+00	6.62e-14	0.00e+00
 3.31707e+17	1.00e+00	6.59e-14	0.00e+00
 3.31831e+17	1.00e+00	6.56e-14	0.00e+00
 3.31960e+17	1.00e+00	6.54e-14	0.00e+00
 3.32089e+17	1.00e+00	6.51e-14	0.00e+00
 3.32211e+17	1.00e+00	6.48e-14	0.00e+00
 3.32328e+17	1.00e+00	6.46e-14	0.00e+00
 3.32449e+17	1.00e+00	6.43e-14	0.00e+00
 3.32585e+17	1.00e+00	6.40e-14	0.00e+00
 3.32735e+17	1.00e+00	6.36e-14	0.00e+00
 3.32875e+17	1.00e+00	6.32e-14	0.00e+00
 3.33003e+17	1.00e+00	6.30e-14	0.00e+00
 3.33144e+17	1.00e+00	6.26e-14	0.00e+00
 3.33308e+17	1.00e+00	6.22e-14	0.00e+00
 3.33475e+17	1.00e+00	6.18e-14	0.00e+00
 3.33620e+17	1.00e+00	6.14e-14	0.00e+00
 3.33760e+17	1.00e+00	6.10e-14	0.00e+00
 3.33920e+17	1.00e+00	6.06e-14	0.00e+00
 3.34098e+17	1.00e+00	6.02e-14	0.00e+00
 3.34270e+17	1.00e+00	5.97e-14	0.00e+00
 3.34437e+17	1.00e+00	5.92e-14	0.00e+00
 3.34615e+17	1.00e+00	5.88e-14	0.00e+00
 3.34803e+17	1.00e+00	5.82e-14	0.00e+00
 3.34996e+17	1.00e+00	5.77e-14	0.00e+00
 3.35191e+17	1.00e+00	5.72e-14	0.00e+00
 3.35387e+17	1.00e+00	5.66e-14	0.00e+00
 3.35586e+17	1.00e+00	5.60e-14	0.00e+00
 3.35782e+17	1.00e+00	5.55e-14	0.00e+00
 3.35998e+17	1.00e+00	5.49e-14	0.00e+00
 3.36243e+17	1.00e+00	5.42e-14	0.00e+00
 3.36485e+17	1.00e+00	5.34e-14	0.00e+00
 3.36714e+17	1.00e+00	5.28e-14	0.00e+00
 3.36942e+17	1.00e+00	5.21e-14	0.00e+00
 3.37187e+17	1.00e+00	5.14e-14	0.00e+00
 3.37449e+17	1.00e+00	5.06e-14	0.00e+00
 3.37721e+17	1.00e+00	4.99e-14	0.00e+00
 3.37995e+17	1.00e+00	4.90e-14	0.00e+00
 3.38268e+17	1.00e+00	4.82e-14	0.00e+00
 3.38553e+17	1.00e+00	4.74e-14	0.00e+00
 3.38848e+17	1.00e+00	4.65e-14	0.00e+00
 3.39153e+17	1.00e+00	4.56e-14	0.00e+00
 3.39468e+17	1.00e+00	4.47e-14	0.00e+00
 3.39785e+17	1.00e+00	4.38e-14	0.00e+00
 3.40108e+17	1.00e+00	4.29e-14	0.00e+00
 3.40441e+17	1.00e+00	4.19e-14	0.00e+00
 3.40787e+17	1.00e+00	4.09e-14	0.00e+00
 3.41143e+17	1.00e+00	3.99e-14	0.00e+00
 3.41507e+17	1.00e+00	3.88e-14	0.00e+00
 3.41872e+17	1.00e+00	3.78e-14	0.00e+00
 3.42242e+17	1.00e+00	3.68e-14	0.00e+00
 3.42630e+17	1.00e+00	3.57e-14	0.00e+00
 3.43036e+17	1.00e+00	3.46e-14	0.00e+00
 3.43444e+17	1.00e+00	3.35e-14	0.00e+00
 3.43854e+17	1.00e+00	3.24e-14	0.00e+00
 3.44276e+17	1.00e+00	3.13e-14	0.00e+00
 3.44719e+17	1.00e+00	3.02e-14	0.00e+00
 3.45177e+17	1.00e+00	2.91e-14	0.00e+00
 3.45634e+17	1.00e+00	2.79e-14	0.00e+00
 3.46092e+17	1.00e+00	2.68e-14	0.00e+00
 3.46564e+17	1.00e+00	2.57e-14	0.00e+00
 3.47047e+17	1.00e+00	2.46e-14	0.00e+00
 3.47549e+17	1.00e+00	2.34e-14	0.00e+00
 3.48068e+17	1.00e+00	2.23e-14	0.00e+00
 3.48595e+17	1.00e+00	2.12e-14	0.00e+00
 3.49141e+17	1.00e+00	2.01e-14	0.00e+00
 3.49709e+17	1.00e+00	1.89e-14	0.00e+00
 3.50266e+17	1.00e+00	1.79e-14	0.00e+00
 3.50842e+17	1.00e+00	1.68e-14	0.00e+00
 3.51461e+17	1.00e+00	1.58e-14	0.00e+00
 3.52101e+17	1.00e+00	1.47e-14	0.00e+00
 3.52762e+17	1.00e+00	1.37e-14	0.00e+00
 3.53429e+17	1.00e+00	1.27e-14	0.00e+00
 3.54064e+17	1.00e+00	1.17e-14	0.00e+00
 3.54621e+17	1.00e+00	1.09e-14	0.00e+00
 3.55108e+17	1.00e+00	1.02e-14	0.00e+00
 3.55560e+17	1.00e+00	9.69e-15	0.00e+00
 3.56004e+17	1.00e+00	9.16e-15	0.00e+00
 3.56441e+17	1.00e+00	8.67e-15	0.00e+00
 3.56857e+17	1.00e+00	8.20e-15	0.00e+00
 3.57246e+17	1.00e+00	7.79e-15	0.00e+00
 3.57612e+17	1.00e+00	7.41e-15	0.00e+00
 3.57965e+17	1.00e+00	7.07e-15	0.00e+00
 3.58308e+17	1.00e+00	6.74e-15	0.00e+00
 3.58641e+17	1.00e+00	6.43e-15	0.00e+00
 3.58959e+17	1.00e+00	6.14e-15	0.00e+00
 3.59263e+17	1.00e+00	5.87e-15	0.00e+00
 3.59554e+17	1.00e+00	5.62e-15	0.00e+00
 3.59836e+17	1.00e+00	5.39e-15	0.00e+00
 3.60109e+17	1.00e+00	5.17e-15	0.00e+00
 3.60372e+17	1.00e+00	4.96e-15	0.00e+00
 3.60626e+17	1.00e+00	4.75e-15	0.00e+00
 3.60870e+17	1.00e+00	4.58e-15	0.00e+00
 3.61107e+17	1.00e+00	4.39e-15	0.00e+00
 3.61334e+17	1.00e+00	4.22e-15	0.00e+00
 3.61552e+17	1.00e+00	4.07e-15	0.00e+00
 3.61765e+17	1.00e+00	3.94e-15	0.00e+00
 3.61978e+17	1.00e+00	3.80e-15	0.00e+00
 3.62186e+17	1.00e+00	3.66e-15	0.00e+00
 3.62385e+17	1.00e+00	3.53e-15	0.00e+00
 3.62576e+17	1.00e+00	3.41e-15	0.00e+00
 3.62761e+17	1.00e+00	3.30e-15	0.00e+00
 3.62945e+17	1.00e+00	3.19e-15	0.00e+00
 3.63126e+17	1.00e+00	3.08e-15	0.00e+00
 3.63332e+17	1.00e+00	2.98e-15	0.00e+00
 3.63600e+17	1.00e+00	2.86e-15	0.00e+00
 3.63949e+17	1.00e+00	2.69e-15	0.00e+00
 3.64403e+17	1.00e+00	2.51e-15	0.00e+00
 3.64992e+17	1.00e+00	2.27e-15	0.00e+00
 3.65758e+17	1.00e+00	1.99e-15	0.00e+00
 3.66638e+17	1.00e+00	1.68e-15	0.00e+00
 3.67438e+17	1.00e+00	1.41e-15	0.00e+00
 3.68054e+17	1.00e+00	1.22e-15	0.00e+00
 3.68552e+17	1.00e+00	1.10e-15	0.00e+00
 3.69048e+17	1.00e+00	9.97e-16	0.00e+00
 3.69615e+17	1.00e+00	8.97e-16	0.00e+00
 3.70238e+17	1.00e+00	7.91e-16	0.00e+00
 3.70849e+17	1.00e+00	6.95e-16	0.00e+00
 3.71411e+17	1.00e+00	6.16e-16	0.00e+00
 3.71951e+17	1.00e+00	5.51e-16	0.00e+00
 3.72511e+17	1.00e+00	4.93e-16	0.00e+00
 3.73114e+17	1.00e+00	4.38e-16	0.00e+00
 3.73752e+17	1.00e+00	3.85e-16	0.00e+00
 3.74406e+17	1.00e+00	3.37e-16	0.00e+00
 3.75077e+17	1.00e+00	2.94e-16	0.00e+00
 3.75788e+17	1.00e+00	2.55e-16	0.00e+00
 3.76578e+17	1.00e+00	2.19e-16	0.00e+00
 3.77483e+17	1.00e+00	1.84e-16	0.00e+00
 3.78546e+17	1.00e+00	1.51e-16	0.00e+00
 3.79853e+17	1.00e+00	1.19e-16	0.00e+00
 3.81528e+17	1.00e+00	8.83e-17	0.00e+00
 3.83707e+17	1.00e+00	6.00e-17	0.00e+00
 3.86538e+17	1.00e+00	3.65e-17	0.00e+00
 3.90219e+17	1.00e+00	1.93e-17	0.00e+00
 3.95005e+17	1.00e+00	8.64e-18	0.00e+00
 4.01226e+17	1.00e+00	3.14e-18	0.00e+00
 4.09314e+17	1.00e+00	9.46e-19	0.00e+00
 4.19828e+17	1.00e+00	2.60e-19	0.00e+00
 4.33496e+17	1.00e+00	6.62e-20	0.00e+00
 4.50046e+17	1.00e+00	1.45e-20	0.00e+00
 4.68048e+17	1.00e+00	3.00e-21	0.00e+00
 4.84969e+17	1.00e+00	7.14e-22	0.00e+00
 4.98839e+17	1.00e+00	2.56e-22	0.00e+00
 5.10317e+17	1.00e+00	1.24e-22	0.00e+00
