#depth	C	C+	C+2	C+3	C+4	C+5	C+6	C[1]	C[2]	C[3]	C+[1]	C+[2]	CO
 1.49634e+10	0.00e+00	3.03e-32	1.62e-22	1.98e-13	1.26e-03	7.10e-01	2.89e-01	0.00e+00	0.00e+00	0.00e+00	0.00e+00	0.00e+00	3.23e-158
 4.54887e+10	1.10e-42	4.29e-32	2.12e-22	2.38e-13	1.41e-03	7.26e-01	2.73e-01	0.00e+00	0.00e+00	0.00e+00	0.00e+00	0.00e+00	4.62e-238
 7.72350e+10	0.00e+00	6.08e-32	2.77e-22	2.87e-13	1.56e-03	7.41e-01	2.57e-01	0.00e+00	0.00e+00	0.00e+00	0.00e+00	0.00e+00	4.37e-157
 1.10251e+11	2.60e-42	8.60e-32	3.61e-22	3.46e-13	1.74e-03	7.56e-01	2.42e-01	0.00e+00	0.00e+00	0.00e+00	0.00e+00	0.00e+00	1.71e-237
 1.43428e+11	0.00e+00	1.20e-31	4.68e-22	4.14e-13	1.92e-03	7.70e-01	2.28e-01	0.00e+00	0.00e+00	0.00e+00	0.00e+00	0.00e+00	5.64e-156
 1.77931e+11	5.94e-42	1.68e-31	6.05e-22	4.95e-13	2.13e-03	7.83e-01	2.15e-01	0.00e+00	0.00e+00	0.00e+00	0.00e+00	0.00e+00	1.95e-225
 2.14975e+11	0.00e+00	2.38e-31	7.89e-22	5.96e-13	2.36e-03	7.96e-01	2.01e-01	0.00e+00	0.00e+00	0.00e+00	0.00e+00	0.00e+00	7.32e-155
 2.53501e+11	1.40e-41	3.36e-31	1.03e-21	7.17e-13	2.62e-03	8.09e-01	1.89e-01	0.00e+00	0.00e+00	0.00e+00	0.00e+00	0.00e+00	5.29e-225
 2.93568e+11	0.00e+00	4.76e-31	1.34e-21	8.61e-13	2.90e-03	8.21e-01	1.76e-01	0.00e+00	0.00e+00	0.00e+00	0.00e+00	0.00e+00	9.92e-154
 3.35237e+11	3.28e-41	6.73e-31	1.75e-21	1.04e-12	3.21e-03	8.32e-01	1.65e-01	0.00e+00	0.00e+00	0.00e+00	0.00e+00	0.00e+00	0.00e+00
 3.78573e+11	0.00e+00	9.52e-31	2.28e-21	1.24e-12	3.55e-03	8.43e-01	1.54e-01	0.00e+00	0.00e+00	0.00e+00	0.00e+00	0.00e+00	1.35e-152
 4.23643e+11	7.74e-41	1.35e-30	2.98e-21	1.49e-12	3.93e-03	8.53e-01	1.43e-01	0.00e+00	0.00e+00	0.00e+00	0.00e+00	0.00e+00	0.00e+00
 4.70516e+11	0.00e+00	1.91e-30	3.89e-21	1.79e-12	4.35e-03	8.62e-01	1.34e-01	0.00e+00	0.00e+00	0.00e+00	0.00e+00	0.00e+00	1.85e-151
 5.19263e+11	1.83e-40	2.70e-30	5.07e-21	2.16e-12	4.81e-03	8.71e-01	1.24e-01	0.00e+00	0.00e+00	0.00e+00	0.00e+00	0.00e+00	0.00e+00
 5.65168e+11	0.00e+00	3.70e-30	6.45e-21	2.55e-12	5.27e-03	8.78e-01	1.16e-01	0.00e+00	0.00e+00	0.00e+00	0.00e+00	0.00e+00	2.26e-150
 6.06324e+11	3.79e-40	4.87e-30	7.96e-21	2.94e-12	5.70e-03	8.84e-01	1.10e-01	0.00e+00	0.00e+00	0.00e+00	0.00e+00	0.00e+00	0.00e+00
 6.52558e+11	0.00e+00	6.57e-30	1.00e-20	3.44e-12	6.21e-03	8.91e-01	1.03e-01	0.00e+00	0.00e+00	0.00e+00	0.00e+00	0.00e+00	1.96e-149
 7.07228e+11	8.38e-40	9.25e-30	1.30e-20	4.12e-12	6.85e-03	8.97e-01	9.57e-02	0.00e+00	0.00e+00	0.00e+00	0.00e+00	0.00e+00	0.00e+00
 7.61869e+11	0.00e+00	1.29e-29	1.67e-20	4.90e-12	7.52e-03	9.03e-01	8.91e-02	0.00e+00	0.00e+00	0.00e+00	0.00e+00	0.00e+00	2.46e-148
 8.13301e+11	1.82e-39	1.73e-29	2.10e-20	5.73e-12	8.19e-03	9.08e-01	8.35e-02	0.00e+00	0.00e+00	0.00e+00	0.00e+00	0.00e+00	0.00e+00
 8.70365e+11	0.00e+00	2.40e-29	2.69e-20	6.78e-12	8.97e-03	9.13e-01	7.77e-02	0.00e+00	0.00e+00	0.00e+00	0.00e+00	0.00e+00	2.55e-147
 9.35106e+11	4.20e-39	3.41e-29	3.52e-20	8.16e-12	9.91e-03	9.18e-01	7.18e-02	0.00e+00	0.00e+00	0.00e+00	0.00e+00	0.00e+00	0.00e+00
 9.99764e+11	0.00e+00	4.79e-29	4.56e-20	9.75e-12	1.09e-02	9.23e-01	6.65e-02	0.00e+00	0.00e+00	0.00e+00	0.00e+00	0.00e+00	3.45e-146
 1.06701e+12	9.76e-39	6.74e-29	5.92e-20	1.16e-11	1.20e-02	9.26e-01	6.16e-02	0.00e+00	0.00e+00	0.00e+00	0.00e+00	0.00e+00	0.00e+00
 1.13961e+12	0.00e+00	9.62e-29	7.77e-20	1.40e-11	1.33e-02	9.30e-01	5.68e-02	0.00e+00	0.00e+00	0.00e+00	0.00e+00	0.00e+00	4.70e-145
 1.20766e+12	2.26e-38	1.33e-28	9.92e-20	1.66e-11	1.45e-02	9.33e-01	5.27e-02	0.00e+00	0.00e+00	0.00e+00	0.00e+00	0.00e+00	0.00e+00
 1.26830e+12	0.00e+00	1.75e-28	1.23e-19	1.92e-11	1.57e-02	9.35e-01	4.94e-02	0.00e+00	0.00e+00	0.00e+00	0.00e+00	0.00e+00	4.42e-144
 1.33643e+12	4.64e-38	2.37e-28	1.55e-19	2.25e-11	1.70e-02	9.37e-01	4.60e-02	0.00e+00	0.00e+00	0.00e+00	0.00e+00	0.00e+00	7.24e-218
 1.41740e+12	0.00e+00	3.35e-28	2.01e-19	2.69e-11	1.87e-02	9.39e-01	4.24e-02	0.00e+00	0.00e+00	0.00e+00	0.00e+00	0.00e+00	5.03e-143
 1.49875e+12	1.08e-37	4.70e-28	2.61e-19	3.21e-11	2.06e-02	9.40e-01	3.92e-02	0.00e+00	0.00e+00	0.00e+00	0.00e+00	0.00e+00	0.00e+00
 1.57488e+12	0.00e+00	6.41e-28	3.30e-19	3.77e-11	2.24e-02	9.41e-01	3.64e-02	0.00e+00	0.00e+00	0.00e+00	0.00e+00	0.00e+00	5.62e-142
 1.65932e+12	2.37e-37	8.87e-28	4.23e-19	4.46e-11	2.45e-02	9.42e-01	3.36e-02	0.00e+00	0.00e+00	0.00e+00	0.00e+00	0.00e+00	0.00e+00
 1.75562e+12	0.00e+00	1.28e-27	5.60e-19	5.40e-11	2.71e-02	9.42e-01	3.08e-02	0.00e+00	0.00e+00	0.00e+00	0.00e+00	0.00e+00	7.37e-141
 1.84994e+12	5.70e-37	1.80e-27	7.28e-19	6.45e-11	2.97e-02	9.42e-01	2.83e-02	0.00e+00	0.00e+00	0.00e+00	0.00e+00	0.00e+00	0.00e+00
 1.94802e+12	0.00e+00	2.54e-27	9.46e-19	7.71e-11	3.26e-02	9.41e-01	2.60e-02	0.00e+00	0.00e+00	0.00e+00	0.00e+00	0.00e+00	9.44e-140
 2.05587e+12	1.37e-36	3.66e-27	1.25e-18	9.32e-11	3.59e-02	9.40e-01	2.38e-02	0.00e+00	0.00e+00	0.00e+00	0.00e+00	0.00e+00	0.00e+00
 2.16406e+12	0.00e+00	5.20e-27	1.64e-18	1.12e-10	3.95e-02	9.39e-01	2.18e-02	0.00e+00	0.00e+00	0.00e+00	0.00e+00	0.00e+00	1.35e-138
 2.27657e+12	3.28e-36	7.41e-27	2.14e-18	1.34e-10	4.34e-02	9.37e-01	1.99e-02	0.00e+00	0.00e+00	0.00e+00	0.00e+00	0.00e+00	0.00e+00
 2.39756e+12	0.00e+00	1.07e-26	2.84e-18	1.62e-10	4.79e-02	9.34e-01	1.81e-02	0.00e+00	0.00e+00	0.00e+00	0.00e+00	0.00e+00	1.94e-137
 2.51715e+12	7.96e-36	1.52e-26	3.71e-18	1.95e-10	5.25e-02	9.31e-01	1.66e-02	0.00e+00	0.00e+00	0.00e+00	0.00e+00	0.00e+00	0.00e+00
 2.64154e+12	0.00e+00	2.15e-26	4.85e-18	2.33e-10	5.75e-02	9.27e-01	1.51e-02	0.00e+00	0.00e+00	0.00e+00	0.00e+00	0.00e+00	2.56e-136
 2.77712e+12	1.93e-35	3.11e-26	6.43e-18	2.82e-10	6.33e-02	9.23e-01	1.37e-02	0.00e+00	0.00e+00	0.00e+00	0.00e+00	0.00e+00	0.00e+00
 2.91814e+12	0.00e+00	4.49e-26	8.52e-18	3.42e-10	6.97e-02	9.18e-01	1.24e-02	0.00e+00	0.00e+00	0.00e+00	0.00e+00	0.00e+00	3.85e-135
 3.06479e+12	4.79e-35	6.48e-26	1.13e-17	4.13e-10	7.66e-02	9.12e-01	1.13e-02	0.00e+00	0.00e+00	0.00e+00	0.00e+00	0.00e+00	0.00e+00
 3.21731e+12	0.00e+00	9.35e-26	1.50e-17	5.00e-10	8.41e-02	9.06e-01	1.02e-02	0.00e+00	0.00e+00	0.00e+00	0.00e+00	0.00e+00	5.75e-134
 3.37593e+12	1.19e-34	1.35e-25	1.98e-17	6.04e-10	9.24e-02	8.98e-01	9.20e-03	0.00e+00	0.00e+00	0.00e+00	0.00e+00	0.00e+00	3.62e-98
 3.51951e+12	1.76e-34	1.86e-25	2.54e-17	7.13e-10	1.00e-01	8.91e-01	8.40e-03	0.00e+00	0.00e+00	0.00e+00	0.00e+00	0.00e+00	0.00e+00
 3.63933e+12	2.42e-34	2.40e-25	3.09e-17	8.14e-10	1.07e-01	8.85e-01	7.81e-03	0.00e+00	0.00e+00	0.00e+00	0.00e+00	0.00e+00	1.22e-114
 3.77069e+12	3.39e-34	3.16e-25	3.81e-17	9.38e-10	1.14e-01	8.78e-01	7.21e-03	0.00e+00	0.00e+00	0.00e+00	0.00e+00	0.00e+00	3.78e-97
 3.93680e+12	5.11e-34	4.41e-25	4.93e-17	1.11e-09	1.24e-01	8.69e-01	6.54e-03	0.00e+00	0.00e+00	0.00e+00	0.00e+00	0.00e+00	4.32e-283
 4.10991e+12	7.73e-34	6.16e-25	6.38e-17	1.33e-09	1.35e-01	8.59e-01	5.92e-03	0.00e+00	0.00e+00	0.00e+00	0.00e+00	0.00e+00	2.65e-113
 4.25784e+12	1.08e-33	8.11e-25	7.89e-17	1.53e-09	1.44e-01	8.50e-01	5.45e-03	0.00e+00	0.00e+00	0.00e+00	0.00e+00	0.00e+00	5.06e-96
 4.41121e+12	1.52e-33	1.07e-24	9.75e-17	1.76e-09	1.54e-01	8.41e-01	5.01e-03	0.00e+00	0.00e+00	0.00e+00	0.00e+00	0.00e+00	0.00e+00
 4.60281e+12	2.29e-33	1.49e-24	1.26e-16	2.09e-09	1.67e-01	8.29e-01	4.51e-03	0.00e+00	0.00e+00	0.00e+00	0.00e+00	0.00e+00	4.74e-112
 4.79711e+12	3.40e-33	2.05e-24	1.61e-16	2.47e-09	1.80e-01	8.16e-01	4.07e-03	0.00e+00	0.00e+00	0.00e+00	0.00e+00	0.00e+00	6.44e-95
 4.96571e+12	4.72e-33	2.68e-24	1.98e-16	2.83e-09	1.92e-01	8.04e-01	3.73e-03	0.00e+00	0.00e+00	0.00e+00	0.00e+00	0.00e+00	3.29e-111
 5.14794e+12	6.64e-33	3.53e-24	2.46e-16	3.26e-09	2.05e-01	7.92e-01	3.41e-03	0.00e+00	0.00e+00	0.00e+00	0.00e+00	0.00e+00	2.88e-94
 5.37092e+12	9.93e-33	4.89e-24	3.16e-16	3.86e-09	2.20e-01	7.77e-01	3.05e-03	0.00e+00	0.00e+00	0.00e+00	0.00e+00	0.00e+00	2.42e-110
 5.59831e+12	1.47e-32	6.72e-24	4.04e-16	4.54e-09	2.37e-01	7.60e-01	2.74e-03	0.00e+00	0.00e+00	0.00e+00	0.00e+00	0.00e+00	1.70e-93
 5.80574e+12	2.06e-32	8.85e-24	5.00e-16	5.23e-09	2.52e-01	7.46e-01	2.48e-03	0.00e+00	0.00e+00	0.00e+00	0.00e+00	0.00e+00	1.75e-109
 6.03580e+12	2.96e-32	1.19e-23	6.27e-16	6.07e-09	2.68e-01	7.29e-01	2.23e-03	0.00e+00	0.00e+00	0.00e+00	0.00e+00	0.00e+00	8.25e-93
 6.30411e+12	4.43e-32	1.65e-23	8.06e-16	7.16e-09	2.88e-01	7.10e-01	1.98e-03	0.00e+00	0.00e+00	0.00e+00	0.00e+00	0.00e+00	1.41e-108
 6.57019e+12	6.49e-32	2.24e-23	1.02e-15	8.37e-09	3.07e-01	6.91e-01	1.77e-03	0.00e+00	0.00e+00	0.00e+00	0.00e+00	0.00e+00	4.85e-92
 6.82411e+12	9.17e-32	2.96e-23	1.27e-15	9.64e-09	3.25e-01	6.73e-01	1.59e-03	0.00e+00	0.00e+00	0.00e+00	0.00e+00	0.00e+00	1.04e-107
 7.10419e+12	1.32e-31	3.98e-23	1.59e-15	1.12e-08	3.45e-01	6.53e-01	1.41e-03	0.00e+00	0.00e+00	0.00e+00	0.00e+00	0.00e+00	2.45e-91
 7.41829e+12	1.95e-31	5.45e-23	2.02e-15	1.31e-08	3.67e-01	6.32e-01	1.24e-03	0.00e+00	0.00e+00	0.00e+00	0.00e+00	0.00e+00	8.49e-107
 7.73358e+12	2.83e-31	7.35e-23	2.55e-15	1.51e-08	3.89e-01	6.10e-01	1.10e-03	0.00e+00	0.00e+00	0.00e+00	0.00e+00	0.00e+00	1.41e-90
 8.01585e+12	3.88e-31	9.50e-23	3.10e-15	1.72e-08	4.08e-01	5.91e-01	9.88e-04	0.00e+00	0.00e+00	0.00e+00	0.00e+00	0.00e+00	5.91e-106
 8.26654e+12	5.10e-31	1.18e-22	3.66e-15	1.91e-08	4.24e-01	5.75e-01	9.00e-04	0.00e+00	0.00e+00	0.00e+00	0.00e+00	0.00e+00	5.54e-90
 8.55080e+12	6.85e-31	1.50e-22	4.38e-15	2.14e-08	4.42e-01	5.57e-01	8.11e-04	0.00e+00	0.00e+00	0.00e+00	0.00e+00	0.00e+00	2.96e-105
 8.86714e+12	9.40e-31	1.93e-22	5.32e-15	2.42e-08	4.62e-01	5.37e-01	7.24e-04	0.00e+00	0.00e+00	0.00e+00	0.00e+00	0.00e+00	2.32e-89
 9.16403e+12	1.25e-30	2.43e-22	6.33e-15	2.70e-08	4.80e-01	5.20e-01	6.53e-04	0.00e+00	0.00e+00	0.00e+00	0.00e+00	0.00e+00	1.66e-104
 9.48884e+12	1.69e-30	3.09e-22	7.58e-15	3.03e-08	4.99e-01	5.01e-01	5.84e-04	0.00e+00	0.00e+00	0.00e+00	0.00e+00	0.00e+00	9.26e-89
 9.85289e+12	2.33e-30	4.00e-22	9.21e-15	3.42e-08	5.19e-01	4.80e-01	5.18e-04	0.00e+00	0.00e+00	0.00e+00	0.00e+00	0.00e+00	1.01e-103
 1.01986e+13	3.12e-30	5.05e-22	1.10e-14	3.82e-08	5.38e-01	4.62e-01	4.63e-04	0.00e+00	0.00e+00	0.00e+00	0.00e+00	0.00e+00	4.01e-88
 1.05785e+13	4.26e-30	6.46e-22	1.32e-14	4.28e-08	5.57e-01	4.42e-01	4.10e-04	0.00e+00	0.00e+00	0.00e+00	0.00e+00	0.00e+00	5.86e-103
 1.10039e+13	5.93e-30	8.41e-22	1.61e-14	4.83e-08	5.78e-01	4.22e-01	3.60e-04	0.00e+00	0.00e+00	0.00e+00	0.00e+00	0.00e+00	1.87e-87
 1.14078e+13	8.01e-30	1.07e-21	1.93e-14	5.39e-08	5.97e-01	4.03e-01	3.18e-04	0.00e+00	0.00e+00	0.00e+00	0.00e+00	0.00e+00	3.79e-102
 1.17804e+13	1.05e-29	1.32e-21	2.26e-14	5.94e-08	6.13e-01	3.86e-01	2.85e-04	0.00e+00	0.00e+00	0.00e+00	0.00e+00	0.00e+00	7.45e-87
 1.21930e+13	1.39e-29	1.66e-21	2.67e-14	6.57e-08	6.31e-01	3.69e-01	2.54e-04	0.00e+00	0.00e+00	0.00e+00	0.00e+00	0.00e+00	1.97e-101
 1.26562e+13	1.89e-29	2.11e-21	3.19e-14	7.32e-08	6.49e-01	3.51e-01	2.23e-04	0.00e+00	0.00e+00	0.00e+00	0.00e+00	0.00e+00	3.19e-86
 1.30954e+13	2.50e-29	2.64e-21	3.76e-14	8.08e-08	6.65e-01	3.34e-01	1.98e-04	0.00e+00	0.00e+00	0.00e+00	0.00e+00	0.00e+00	1.15e-100
 1.35769e+13	3.36e-29	3.33e-21	4.47e-14	8.95e-08	6.82e-01	3.18e-01	1.74e-04	0.00e+00	0.00e+00	0.00e+00	0.00e+00	0.00e+00	1.32e-85
 1.41080e+13	4.59e-29	4.25e-21	5.35e-14	9.95e-08	7.00e-01	3.00e-01	1.52e-04	0.00e+00	0.00e+00	0.00e+00	0.00e+00	0.00e+00	7.22e-100
 1.45995e+13	6.06e-29	5.29e-21	6.28e-14	1.09e-07	7.15e-01	2.85e-01	1.34e-04	0.00e+00	0.00e+00	0.00e+00	0.00e+00	0.00e+00	5.71e-85
 1.51342e+13	8.10e-29	6.64e-21	7.42e-14	1.21e-07	7.30e-01	2.70e-01	1.18e-04	0.00e+00	0.00e+00	0.00e+00	0.00e+00	0.00e+00	4.09e-99
 1.57333e+13	1.11e-28	8.48e-21	8.87e-14	1.34e-07	7.46e-01	2.54e-01	1.02e-04	0.00e+00	0.00e+00	0.00e+00	0.00e+00	0.00e+00	2.59e-84
 1.63001e+13	1.47e-28	1.06e-20	1.04e-13	1.47e-07	7.60e-01	2.40e-01	8.98e-05	0.00e+00	0.00e+00	0.00e+00	0.00e+00	0.00e+00	2.56e-98
 1.69164e+13	1.98e-28	1.33e-20	1.23e-13	1.62e-07	7.74e-01	2.26e-01	7.82e-05	0.00e+00	0.00e+00	0.00e+00	0.00e+00	0.00e+00	1.13e-83
 1.76027e+13	2.71e-28	1.71e-20	1.47e-13	1.79e-07	7.88e-01	2.12e-01	6.74e-05	0.00e+00	0.00e+00	0.00e+00	0.00e+00	0.00e+00	1.71e-97
 1.82558e+13	3.62e-28	2.14e-20	1.73e-13	1.96e-07	8.01e-01	1.99e-01	5.88e-05	0.00e+00	0.00e+00	0.00e+00	0.00e+00	0.00e+00	5.30e-83
 1.89553e+13	4.87e-28	2.70e-20	2.05e-13	2.16e-07	8.13e-01	1.87e-01	5.11e-05	0.00e+00	0.00e+00	0.00e+00	0.00e+00	0.00e+00	1.07e-96
 1.97434e+13	6.72e-28	3.46e-20	2.45e-13	2.39e-07	8.26e-01	1.74e-01	4.37e-05	0.00e+00	0.00e+00	0.00e+00	0.00e+00	0.00e+00	2.60e-82
 2.05241e+13	9.12e-28	4.39e-20	2.90e-13	2.63e-07	8.37e-01	1.63e-01	3.78e-05	0.00e+00	0.00e+00	0.00e+00	0.00e+00	0.00e+00	7.65e-96
 2.13360e+13	1.24e-27	5.56e-20	3.43e-13	2.88e-07	8.48e-01	1.52e-01	3.26e-05	0.00e+00	0.00e+00	0.00e+00	0.00e+00	0.00e+00	1.27e-81
 2.22194e+13	1.70e-27	7.12e-20	4.09e-13	3.18e-07	8.58e-01	1.42e-01	2.79e-05	0.00e+00	0.00e+00	0.00e+00	0.00e+00	0.00e+00	5.48e-95
 2.31381e+13	2.34e-27	9.10e-20	4.87e-13	3.50e-07	8.68e-01	1.32e-01	2.38e-05	0.00e+00	0.00e+00	0.00e+00	0.00e+00	0.00e+00	6.67e-81
 2.40935e+13	3.21e-27	1.16e-19	5.78e-13	3.84e-07	8.77e-01	1.23e-01	2.04e-05	0.00e+00	0.00e+00	0.00e+00	0.00e+00	0.00e+00	4.11e-94
 2.50322e+13	4.33e-27	1.46e-19	6.80e-13	4.20e-07	8.86e-01	1.14e-01	1.76e-05	0.00e+00	0.00e+00	0.00e+00	0.00e+00	0.00e+00	3.36e-80
 2.59078e+13	5.67e-27	1.80e-19	7.87e-13	4.55e-07	8.93e-01	1.07e-01	1.54e-05	0.00e+00	0.00e+00	0.00e+00	0.00e+00	0.00e+00	2.51e-93
 2.68732e+13	7.54e-27	2.24e-19	9.18e-13	4.94e-07	9.00e-01	1.00e-01	1.33e-05	0.00e+00	0.00e+00	0.00e+00	0.00e+00	0.00e+00	1.46e-79
 2.78633e+13	1.00e-26	2.78e-19	1.07e-12	5.36e-07	9.06e-01	9.38e-02	1.16e-05	0.00e+00	0.00e+00	0.00e+00	0.00e+00	0.00e+00	1.55e-92
 2.86942e+13	1.26e-26	3.32e-19	1.21e-12	5.72e-07	9.11e-01	8.89e-02	1.03e-05	0.00e+00	0.00e+00	0.00e+00	0.00e+00	0.00e+00	5.66e-79
 2.95738e+13	1.59e-26	3.98e-19	1.37e-12	6.12e-07	9.16e-01	8.40e-02	9.18e-06	0.00e+00	0.00e+00	0.00e+00	0.00e+00	0.00e+00	6.90e-92
 3.06874e+13	2.13e-26	4.96e-19	1.60e-12	6.64e-07	9.22e-01	7.84e-02	7.95e-06	0.00e+00	0.00e+00	0.00e+00	0.00e+00	0.00e+00	2.30e-78
 3.18484e+13	2.85e-26	6.19e-19	1.86e-12	7.21e-07	9.27e-01	7.31e-02	6.87e-06	0.00e+00	0.00e+00	0.00e+00	0.00e+00	0.00e+00	4.43e-91
 3.28569e+13	3.63e-26	7.46e-19	2.12e-12	7.71e-07	9.31e-01	6.89e-02	6.08e-06	0.00e+00	0.00e+00	0.00e+00	0.00e+00	0.00e+00	9.62e-78
 3.39237e+13	4.67e-26	9.02e-19	2.41e-12	8.26e-07	9.35e-01	6.49e-02	5.37e-06	0.00e+00	0.00e+00	0.00e+00	0.00e+00	0.00e+00	2.18e-90
 3.52321e+13	6.27e-26	1.13e-18	2.82e-12	8.97e-07	9.40e-01	6.04e-02	4.63e-06	0.00e+00	0.00e+00	0.00e+00	0.00e+00	0.00e+00	4.17e-77
 3.65374e+13	8.34e-26	1.40e-18	3.27e-12	9.70e-07	9.44e-01	5.63e-02	4.01e-06	0.00e+00	0.00e+00	0.00e+00	0.00e+00	0.00e+00	1.42e-89
 3.76759e+13	1.06e-25	1.69e-18	3.70e-12	1.03e-06	9.47e-01	5.31e-02	3.56e-06	0.00e+00	0.00e+00	0.00e+00	0.00e+00	0.00e+00	1.72e-76
 3.89153e+13	1.37e-25	2.04e-18	4.23e-12	1.11e-06	9.50e-01	4.99e-02	3.13e-06	0.00e+00	0.00e+00	0.00e+00	0.00e+00	0.00e+00	3.42e-76
 4.04230e+13	1.84e-25	2.56e-18	4.93e-12	1.20e-06	9.54e-01	4.64e-02	2.70e-06	0.00e+00	0.00e+00	0.00e+00	0.00e+00	0.00e+00	7.65e-76
 4.19381e+13	2.46e-25	3.19e-18	5.73e-12	1.30e-06	9.57e-01	4.33e-02	2.34e-06	0.00e+00	0.00e+00	0.00e+00	0.00e+00	0.00e+00	1.67e-75
 4.32974e+13	3.17e-25	3.86e-18	6.51e-12	1.39e-06	9.59e-01	4.07e-02	2.06e-06	0.00e+00	0.00e+00	0.00e+00	0.00e+00	0.00e+00	3.32e-75
 4.47961e+13	4.14e-25	4.72e-18	7.47e-12	1.49e-06	9.62e-01	3.81e-02	1.80e-06	0.00e+00	0.00e+00	0.00e+00	0.00e+00	0.00e+00	6.86e-75
 4.65711e+13	5.62e-25	5.95e-18	8.74e-12	1.61e-06	9.65e-01	3.54e-02	1.55e-06	0.00e+00	0.00e+00	0.00e+00	0.00e+00	0.00e+00	1.57e-74
 4.83303e+13	7.52e-25	7.42e-18	1.02e-11	1.74e-06	9.67e-01	3.29e-02	1.34e-06	0.00e+00	0.00e+00	0.00e+00	0.00e+00	0.00e+00	3.48e-74
 4.99599e+13	9.77e-25	9.04e-18	1.16e-11	1.86e-06	9.69e-01	3.09e-02	1.18e-06	0.00e+00	0.00e+00	0.00e+00	0.00e+00	0.00e+00	7.10e-74
 5.17882e+13	1.30e-24	1.12e-17	1.34e-11	2.01e-06	9.71e-01	2.88e-02	1.02e-06	0.00e+00	0.00e+00	0.00e+00	0.00e+00	0.00e+00	1.54e-73
 5.38897e+13	1.77e-24	1.42e-17	1.57e-11	2.18e-06	9.73e-01	2.67e-02	8.72e-07	0.00e+00	0.00e+00	0.00e+00	0.00e+00	0.00e+00	3.61e-73
 5.59569e+13	2.39e-24	1.77e-17	1.83e-11	2.35e-06	9.75e-01	2.48e-02	0.00e+00	0.00e+00	0.00e+00	0.00e+00	0.00e+00	0.00e+00	8.13e-73
 5.81069e+13	3.22e-24	2.22e-17	2.13e-11	2.54e-06	9.77e-01	2.30e-02	0.00e+00	0.00e+00	0.00e+00	0.00e+00	0.00e+00	0.00e+00	1.83e-72
 6.04611e+13	4.40e-24	2.81e-17	2.49e-11	2.75e-06	9.79e-01	2.13e-02	0.00e+00	0.00e+00	0.00e+00	0.00e+00	0.00e+00	0.00e+00	4.31e-72
 6.28532e+13	5.98e-24	3.54e-17	2.91e-11	2.98e-06	9.80e-01	1.97e-02	0.00e+00	0.00e+00	0.00e+00	0.00e+00	0.00e+00	0.00e+00	9.96e-72
 6.53410e+13	8.12e-24	4.46e-17	3.40e-11	3.23e-06	9.82e-01	1.83e-02	0.00e+00	0.00e+00	0.00e+00	0.00e+00	0.00e+00	0.00e+00	2.30e-71
 6.78315e+13	1.09e-23	5.57e-17	3.95e-11	3.48e-06	9.83e-01	1.70e-02	0.00e+00	0.00e+00	0.00e+00	0.00e+00	1.78e-17	3.79e-17	5.15e-71
 7.01892e+13	1.43e-23	6.83e-17	4.53e-11	3.73e-06	9.84e-01	1.59e-02	0.00e+00	0.00e+00	0.00e+00	0.00e+00	2.27e-17	4.56e-17	1.08e-70
 7.27941e+13	1.90e-23	8.48e-17	5.24e-11	4.02e-06	9.85e-01	1.48e-02	0.00e+00	0.00e+00	0.00e+00	0.00e+00	2.81e-17	5.67e-17	2.36e-70
 7.54019e+13	2.51e-23	1.05e-16	6.04e-11	4.32e-06	9.86e-01	1.38e-02	0.00e+00	0.00e+00	0.00e+00	0.00e+00	3.47e-17	6.98e-17	5.03e-70
 7.75645e+13	3.14e-23	1.24e-16	6.76e-11	4.57e-06	9.87e-01	1.30e-02	0.00e+00	0.00e+00	0.00e+00	0.00e+00	4.10e-17	8.26e-17	9.25e-70
 7.98571e+13	3.95e-23	1.47e-16	7.60e-11	4.85e-06	9.88e-01	1.23e-02	0.00e+00	0.00e+00	0.00e+00	0.00e+00	4.88e-17	9.82e-17	1.73e-69
 8.27909e+13	5.25e-23	1.82e-16	8.78e-11	5.22e-06	9.89e-01	1.15e-02	0.00e+00	0.00e+00	0.00e+00	0.00e+00	6.04e-17	1.22e-16	3.75e-69
 8.58723e+13	6.99e-23	2.26e-16	1.02e-10	5.63e-06	9.89e-01	1.06e-02	0.00e+00	0.00e+00	0.00e+00	0.00e+00	7.51e-17	1.51e-16	8.29e-69
 8.85982e+13	8.94e-23	2.72e-16	1.15e-10	6.00e-06	9.90e-01	1.00e-02	0.00e+00	0.00e+00	0.00e+00	0.00e+00	9.04e-17	1.82e-16	1.61e-68
 9.15479e+13	1.16e-22	3.31e-16	1.31e-10	6.41e-06	9.91e-01	9.37e-03	0.00e+00	0.00e+00	0.00e+00	0.00e+00	1.10e-16	2.21e-16	3.24e-68
 9.50944e+13	1.56e-22	4.14e-16	1.53e-10	6.93e-06	9.91e-01	8.68e-03	0.00e+00	0.00e+00	0.00e+00	0.00e+00	1.38e-16	2.77e-16	7.29e-68
 9.86873e+13	2.08e-22	5.16e-16	1.78e-10	7.48e-06	9.92e-01	8.05e-03	0.00e+00	0.00e+00	0.00e+00	0.00e+00	1.71e-16	3.45e-16	1.61e-67
 1.02052e+14	2.71e-22	6.30e-16	2.04e-10	8.01e-06	9.92e-01	7.53e-03	0.00e+00	0.00e+00	0.00e+00	0.00e+00	2.09e-16	4.21e-16	3.30e-67
 1.05792e+14	3.59e-22	7.80e-16	2.35e-10	8.63e-06	9.93e-01	7.00e-03	0.00e+00	0.00e+00	0.00e+00	0.00e+00	2.59e-16	5.21e-16	7.09e-67
 1.09758e+14	4.79e-22	9.70e-16	2.73e-10	9.31e-06	9.93e-01	6.49e-03	0.00e+00	0.00e+00	0.00e+00	0.00e+00	3.22e-16	6.48e-16	1.55e-66
 1.13283e+14	6.14e-22	1.17e-15	3.10e-10	9.94e-06	9.94e-01	6.09e-03	0.00e+00	0.00e+00	0.00e+00	0.00e+00	3.88e-16	7.82e-16	3.05e-66
 1.17077e+14	7.95e-22	1.42e-15	3.55e-10	1.06e-05	9.94e-01	5.69e-03	0.00e+00	0.00e+00	0.00e+00	0.00e+00	4.72e-16	9.50e-16	6.13e-66
 1.21620e+14	1.07e-21	1.78e-15	4.14e-10	1.15e-05	9.95e-01	5.27e-03	0.00e+00	0.00e+00	0.00e+00	0.00e+00	5.91e-16	1.19e-15	1.38e-65
 1.26091e+14	1.42e-21	2.21e-15	4.79e-10	1.24e-05	9.95e-01	4.89e-03	0.00e+00	0.00e+00	0.00e+00	0.00e+00	7.32e-16	1.48e-15	2.96e-65
 1.30073e+14	1.81e-21	2.65e-15	5.43e-10	1.32e-05	9.95e-01	4.59e-03	0.00e+00	0.00e+00	0.00e+00	0.00e+00	8.80e-16	1.77e-15	5.73e-65
 1.34470e+14	2.34e-21	3.23e-15	6.21e-10	1.42e-05	9.96e-01	4.29e-03	0.00e+00	0.00e+00	0.00e+00	0.00e+00	1.07e-15	2.16e-15	1.16e-64
 1.39709e+14	3.16e-21	4.05e-15	7.25e-10	1.54e-05	9.96e-01	3.97e-03	0.00e+00	0.00e+00	0.00e+00	0.00e+00	1.34e-15	2.71e-15	2.60e-64
 1.44908e+14	4.20e-21	5.03e-15	8.41e-10	1.66e-05	9.96e-01	3.68e-03	0.00e+00	0.00e+00	0.00e+00	0.00e+00	1.67e-15	3.36e-15	5.64e-64
 1.49663e+14	5.41e-21	6.09e-15	9.58e-10	1.77e-05	9.97e-01	3.44e-03	0.00e+00	0.00e+00	0.00e+00	0.00e+00	2.02e-15	4.07e-15	1.12e-63
 1.54974e+14	7.09e-21	7.49e-15	1.10e-09	1.90e-05	9.97e-01	3.21e-03	0.00e+00	0.00e+00	0.00e+00	0.00e+00	2.48e-15	5.00e-15	2.34e-63
 1.61150e+14	9.61e-21	9.43e-15	1.29e-09	2.07e-05	9.97e-01	2.96e-03	0.00e+00	0.00e+00	0.00e+00	0.00e+00	3.13e-15	6.31e-15	5.36e-63
 1.67216e+14	1.28e-20	1.17e-14	1.50e-09	2.23e-05	9.97e-01	2.74e-03	0.00e+00	0.00e+00	0.00e+00	0.00e+00	3.89e-15	7.85e-15	1.17e-62
 1.72955e+14	1.67e-20	1.43e-14	1.72e-09	2.39e-05	9.97e-01	2.56e-03	0.00e+00	0.00e+00	0.00e+00	0.00e+00	4.75e-15	9.58e-15	2.40e-62
 1.79336e+14	2.21e-20	1.77e-14	1.99e-09	2.58e-05	9.98e-01	2.38e-03	0.00e+00	0.00e+00	0.00e+00	0.00e+00	5.88e-15	1.19e-14	5.18e-62
 1.86539e+14	3.01e-20	2.24e-14	2.33e-09	2.80e-05	9.98e-01	2.19e-03	0.00e+00	0.00e+00	0.00e+00	0.00e+00	7.42e-15	1.50e-14	1.19e-61
 1.93375e+14	3.98e-20	2.77e-14	2.70e-09	3.01e-05	9.98e-01	2.04e-03	0.00e+00	0.00e+00	0.00e+00	0.00e+00	9.18e-15	1.85e-14	2.57e-61
 1.99601e+14	5.10e-20	3.34e-14	3.07e-09	3.21e-05	9.98e-01	1.91e-03	0.00e+00	0.00e+00	0.00e+00	0.00e+00	1.11e-14	2.24e-14	5.05e-61
 2.06647e+14	6.69e-20	4.10e-14	3.52e-09	3.45e-05	9.98e-01	1.78e-03	0.00e+00	0.00e+00	0.00e+00	0.00e+00	1.36e-14	2.75e-14	1.06e-60
 2.14857e+14	9.07e-20	5.17e-14	4.12e-09	3.74e-05	9.98e-01	1.64e-03	0.00e+00	0.00e+00	0.00e+00	0.00e+00	1.71e-14	3.46e-14	2.42e-60
 2.22734e+14	1.20e-19	6.40e-14	4.77e-09	4.03e-05	9.98e-01	1.52e-03	0.00e+00	0.00e+00	0.00e+00	0.00e+00	2.12e-14	4.28e-14	5.24e-60
 2.29868e+14	1.54e-19	7.71e-14	5.41e-09	4.29e-05	9.99e-01	1.43e-03	0.00e+00	0.00e+00	0.00e+00	0.00e+00	2.55e-14	5.16e-14	1.03e-59
 2.36586e+14	1.93e-19	9.14e-14	6.07e-09	4.55e-05	9.99e-01	1.35e-03	0.00e+00	0.00e+00	0.00e+00	0.00e+00	3.02e-14	6.12e-14	1.91e-59
 2.44023e+14	2.45e-19	1.10e-13	6.88e-09	4.85e-05	9.99e-01	1.27e-03	0.00e+00	0.00e+00	0.00e+00	0.00e+00	3.63e-14	7.35e-14	3.69e-59
 2.52338e+14	3.19e-19	1.34e-13	7.87e-09	5.20e-05	9.99e-01	1.18e-03	0.00e+00	0.00e+00	0.00e+00	0.00e+00	4.43e-14	8.96e-14	7.57e-59
 2.60197e+14	4.06e-19	1.61e-13	8.90e-09	5.53e-05	9.99e-01	1.11e-03	0.00e+00	0.00e+00	0.00e+00	0.00e+00	5.31e-14	1.07e-13	1.46e-58
 2.68818e+14	5.24e-19	1.95e-13	1.01e-08	5.91e-05	9.99e-01	1.04e-03	0.00e+00	0.00e+00	0.00e+00	0.00e+00	6.44e-14	1.30e-13	2.95e-58
 2.78469e+14	6.91e-19	2.40e-13	1.17e-08	6.35e-05	9.99e-01	9.67e-04	0.00e+00	0.00e+00	0.00e+00	0.00e+00	7.93e-14	1.61e-13	6.29e-58
 2.87575e+14	8.89e-19	2.90e-13	1.33e-08	6.78e-05	9.99e-01	9.06e-04	0.00e+00	0.00e+00	0.00e+00	0.00e+00	9.60e-14	1.95e-13	1.26e-57
 2.97531e+14	1.16e-18	3.55e-13	1.53e-08	7.27e-05	9.99e-01	8.45e-04	0.00e+00	0.00e+00	0.00e+00	0.00e+00	1.17e-13	2.38e-13	2.62e-57
 3.08538e+14	1.54e-18	4.41e-13	1.77e-08	7.83e-05	9.99e-01	7.85e-04	0.00e+00	0.00e+00	0.00e+00	0.00e+00	1.46e-13	2.95e-13	5.72e-57
 3.18709e+14	1.99e-18	5.35e-13	2.01e-08	8.37e-05	9.99e-01	7.35e-04	0.00e+00	0.00e+00	0.00e+00	0.00e+00	1.76e-13	3.58e-13	1.15e-56
 3.29725e+14	2.60e-18	6.54e-13	2.30e-08	8.97e-05	9.99e-01	6.85e-04	0.00e+00	0.00e+00	0.00e+00	0.00e+00	2.16e-13	4.38e-13	2.39e-56
 3.42033e+14	3.47e-18	8.13e-13	2.67e-08	9.67e-05	9.99e-01	6.36e-04	0.00e+00	0.00e+00	0.00e+00	0.00e+00	2.68e-13	5.45e-13	5.29e-56
 3.53592e+14	4.50e-18	9.89e-13	3.05e-08	1.03e-04	9.99e-01	5.94e-04	0.00e+00	0.00e+00	0.00e+00	0.00e+00	3.26e-13	6.63e-13	1.08e-55
 3.66191e+14	5.92e-18	1.22e-12	3.51e-08	1.11e-04	9.99e-01	5.53e-04	0.00e+00	0.00e+00	0.00e+00	0.00e+00	4.01e-13	8.16e-13	2.30e-55
 3.80204e+14	7.92e-18	1.52e-12	4.09e-08	1.20e-04	9.99e-01	5.12e-04	0.00e+00	0.00e+00	0.00e+00	0.00e+00	5.00e-13	1.02e-12	5.11e-55
 3.93302e+14	1.03e-17	1.86e-12	4.68e-08	1.29e-04	9.99e-01	4.78e-04	0.00e+00	0.00e+00	0.00e+00	0.00e+00	6.11e-13	1.25e-12	1.07e-54
 4.07514e+14	1.36e-17	2.29e-12	5.40e-08	1.38e-04	9.99e-01	4.44e-04	0.00e+00	0.00e+00	0.00e+00	0.00e+00	7.54e-13	1.54e-12	2.28e-54
 4.23403e+14	1.83e-17	2.87e-12	6.30e-08	1.50e-04	9.99e-01	4.10e-04	0.00e+00	0.00e+00	0.00e+00	0.00e+00	9.44e-13	1.92e-12	5.16e-54
 4.38502e+14	2.41e-17	3.53e-12	7.25e-08	1.61e-04	9.99e-01	3.81e-04	0.00e+00	0.00e+00	0.00e+00	0.00e+00	1.16e-12	2.37e-12	1.09e-53
 4.54648e+14	3.18e-17	4.36e-12	8.39e-08	1.74e-04	9.99e-01	3.54e-04	0.00e+00	0.00e+00	0.00e+00	0.00e+00	1.43e-12	2.93e-12	2.37e-53
 4.72864e+14	4.31e-17	5.50e-12	9.83e-08	1.88e-04	9.99e-01	3.26e-04	0.00e+00	0.00e+00	0.00e+00	0.00e+00	1.81e-12	3.69e-12	5.45e-53
 4.90830e+14	5.74e-17	6.84e-12	1.14e-07	2.04e-04	9.99e-01	3.01e-04	0.00e+00	4.72e-18	1.42e-17	2.37e-17	2.25e-12	4.59e-12	1.20e-52
 5.09516e+14	7.63e-17	8.51e-12	1.33e-07	2.20e-04	1.00e+00	2.79e-04	0.00e+00	6.29e-18	1.89e-17	3.15e-17	2.79e-12	5.71e-12	2.66e-52
 5.29326e+14	1.02e-16	1.06e-11	1.55e-07	2.39e-04	1.00e+00	2.57e-04	0.00e+00	8.41e-18	2.53e-17	4.22e-17	3.49e-12	7.14e-12	5.95e-52
 5.45896e+14	1.29e-16	1.27e-11	1.76e-07	2.55e-04	1.00e+00	2.41e-04	0.00e+00	1.06e-17	3.20e-17	5.34e-17	4.17e-12	8.55e-12	1.14e-51
 5.58676e+14	1.54e-16	1.46e-11	1.93e-07	2.68e-04	1.00e+00	2.29e-04	0.00e+00	1.27e-17	3.81e-17	6.36e-17	4.77e-12	9.78e-12	1.85e-51
 5.72509e+14	1.85e-16	1.68e-11	2.13e-07	2.82e-04	1.00e+00	2.18e-04	0.00e+00	1.52e-17	4.58e-17	7.65e-17	5.50e-12	1.13e-11	3.09e-51
 5.90492e+14	2.33e-16	2.00e-11	2.42e-07	3.01e-04	9.99e-01	2.04e-04	0.00e+00	1.92e-17	5.77e-17	9.65e-17	6.57e-12	1.35e-11	5.88e-51
 6.10030e+14	2.97e-16	2.42e-11	2.76e-07	3.23e-04	9.99e-01	1.90e-04	0.00e+00	2.45e-17	7.37e-17	1.23e-16	7.93e-12	1.63e-11	1.16e-50
 6.27703e+14	3.67e-16	2.85e-11	3.10e-07	3.44e-04	9.99e-01	1.79e-04	0.00e+00	3.03e-17	9.11e-17	1.52e-16	9.34e-12	1.92e-11	2.09e-50
 6.46791e+14	4.59e-16	3.39e-11	3.50e-07	3.67e-04	9.99e-01	1.67e-04	0.00e+00	3.79e-17	1.14e-16	1.90e-16	1.11e-11	2.28e-11	3.88e-50
 6.70746e+14	5.99e-16	4.17e-11	4.07e-07	3.98e-04	9.99e-01	1.55e-04	0.00e+00	4.95e-17	1.49e-16	2.49e-16	1.37e-11	2.81e-11	8.23e-50
 6.94838e+14	7.76e-16	5.10e-11	4.70e-07	4.30e-04	9.99e-01	1.43e-04	0.00e+00	6.42e-17	1.93e-16	3.22e-16	1.67e-11	3.43e-11	1.70e-49
 7.15340e+14	9.60e-16	6.03e-11	5.29e-07	4.58e-04	9.99e-01	1.34e-04	0.00e+00	7.94e-17	2.39e-16	3.99e-16	1.97e-11	4.05e-11	3.10e-49
 7.37367e+14	1.19e-15	7.15e-11	5.99e-07	4.90e-04	9.99e-01	1.26e-04	0.00e+00	9.87e-17	2.96e-16	4.95e-16	2.34e-11	4.81e-11	5.71e-49
 7.64829e+14	1.55e-15	8.80e-11	6.96e-07	5.32e-04	9.99e-01	1.16e-04	0.00e+00	1.29e-16	3.86e-16	6.46e-16	2.88e-11	5.92e-11	1.21e-48
 7.93141e+14	2.01e-15	1.08e-10	8.08e-07	5.77e-04	9.99e-01	1.07e-04	0.00e+00	1.67e-16	5.01e-16	8.37e-16	3.53e-11	7.26e-11	2.54e-48
 8.18346e+14	2.51e-15	1.29e-10	9.18e-07	6.19e-04	9.99e-01	9.98e-05	0.00e+00	2.08e-16	6.26e-16	1.05e-15	4.20e-11	8.66e-11	4.79e-48
 8.45724e+14	3.15e-15	1.54e-10	1.05e-06	6.68e-04	9.99e-01	9.27e-05	0.00e+00	2.62e-16	7.87e-16	1.32e-15	5.04e-11	1.04e-10	9.25e-48
 8.78437e+14	4.12e-15	1.91e-10	1.23e-06	7.27e-04	9.99e-01	8.52e-05	0.00e+00	3.43e-16	1.03e-15	1.72e-15	6.23e-11	1.28e-10	2.01e-47
 9.10677e+14	5.28e-15	2.33e-10	1.42e-06	7.89e-04	9.99e-01	7.86e-05	0.00e+00	4.40e-16	1.32e-15	2.21e-15	7.61e-11	1.57e-10	4.16e-47
 9.39616e+14	6.54e-15	2.76e-10	1.62e-06	8.48e-04	9.99e-01	7.33e-05	0.00e+00	5.46e-16	1.64e-15	2.74e-15	9.03e-11	1.86e-10	7.81e-47
 9.71673e+14	8.23e-15	3.32e-10	1.85e-06	9.15e-04	9.99e-01	6.80e-05	0.00e+00	6.88e-16	2.07e-15	3.45e-15	1.09e-10	2.24e-10	1.54e-46
 1.00960e+15	1.07e-14	4.10e-10	2.16e-06	9.99e-04	9.99e-01	6.24e-05	0.00e+00	8.92e-16	2.68e-15	4.48e-15	1.34e-10	2.76e-10	3.34e-46
 1.04712e+15	1.36e-14	5.00e-10	2.51e-06	1.09e-03	9.99e-01	5.74e-05	0.00e+00	1.14e-15	3.43e-15	5.73e-15	1.63e-10	3.36e-10	7.00e-46
 1.08173e+15	1.70e-14	5.96e-10	2.86e-06	1.17e-03	9.99e-01	5.34e-05	0.00e+00	1.42e-15	4.27e-15	7.13e-15	1.95e-10	4.01e-10	1.35e-45
 1.12059e+15	2.15e-14	7.22e-10	3.30e-06	1.27e-03	9.99e-01	4.93e-05	0.00e+00	1.80e-15	5.41e-15	9.03e-15	2.36e-10	4.86e-10	2.77e-45
 1.16542e+15	2.78e-14	8.92e-10	3.87e-06	1.39e-03	9.99e-01	4.51e-05	0.00e+00	2.34e-15	7.02e-15	1.17e-14	2.92e-10	6.00e-10	6.15e-45
 1.20925e+15	3.55e-14	1.09e-09	4.49e-06	1.51e-03	9.98e-01	4.16e-05	0.00e+00	2.99e-15	8.97e-15	1.50e-14	3.56e-10	7.32e-10	1.30e-44
 1.25115e+15	4.28e-14	1.31e-09	5.16e-06	1.63e-03	9.98e-01	3.85e-05	0.00e+00	3.61e-15	1.08e-14	1.81e-14	4.28e-10	8.80e-10	2.58e-44
 1.29755e+15	5.41e-14	1.59e-09	5.97e-06	1.78e-03	9.98e-01	3.55e-05	0.00e+00	4.57e-15	1.37e-14	2.29e-14	5.21e-10	1.07e-09	5.45e-44
 1.34122e+15	6.67e-14	1.90e-09	6.82e-06	1.92e-03	9.98e-01	3.29e-05	0.00e+00	5.64e-15	1.69e-14	2.83e-14	6.22e-10	1.28e-09	1.07e-43
 1.37406e+15	7.79e-14	2.16e-09	7.52e-06	2.02e-03	9.98e-01	3.12e-05	0.00e+00	6.58e-15	1.98e-14	3.30e-14	7.09e-10	1.46e-09	1.77e-43
 1.40772e+15	9.07e-14	2.46e-09	8.29e-06	2.14e-03	9.98e-01	2.96e-05	0.00e+00	7.68e-15	2.31e-14	3.85e-14	8.07e-10	1.66e-09	2.90e-43
 1.45148e+15	1.10e-13	2.90e-09	9.37e-06	2.30e-03	9.98e-01	2.76e-05	0.00e+00	9.32e-15	2.80e-14	4.67e-14	9.51e-10	1.95e-09	5.45e-43
 1.49877e+15	1.34e-13	3.45e-09	1.07e-05	2.47e-03	9.97e-01	2.57e-05	0.00e+00	1.14e-14	3.42e-14	5.72e-14	1.13e-09	2.32e-09	1.07e-42
 1.54119e+15	1.60e-13	4.00e-09	1.19e-05	2.64e-03	9.97e-01	2.42e-05	0.00e+00	1.36e-14	4.08e-14	6.81e-14	1.31e-09	2.69e-09	1.91e-42
 1.58687e+15	1.92e-13	4.68e-09	1.34e-05	2.82e-03	9.97e-01	2.27e-05	0.00e+00	1.63e-14	4.89e-14	8.17e-14	1.53e-09	3.14e-09	3.52e-42
 1.64496e+15	2.40e-13	5.68e-09	1.55e-05	3.06e-03	9.97e-01	2.10e-05	0.00e+00	2.04e-14	6.14e-14	1.02e-13	1.86e-09	3.82e-09	7.61e-42
 1.70360e+15	2.97e-13	6.86e-09	1.78e-05	3.31e-03	9.97e-01	1.94e-05	0.00e+00	2.54e-14	7.62e-14	1.27e-13	2.25e-09	4.61e-09	1.61e-41
 1.75283e+15	3.54e-13	8.00e-09	1.99e-05	3.54e-03	9.96e-01	1.83e-05	0.00e+00	3.02e-14	9.07e-14	1.51e-13	2.63e-09	5.37e-09	2.95e-41
 1.80542e+15	4.25e-13	9.38e-09	2.24e-05	3.78e-03	9.96e-01	1.71e-05	0.00e+00	3.63e-14	1.09e-13	1.82e-13	3.08e-09	6.30e-09	5.55e-41
 1.87186e+15	5.30e-13	1.14e-08	2.59e-05	4.11e-03	9.96e-01	1.59e-05	0.00e+00	4.54e-14	1.36e-13	2.27e-13	3.75e-09	7.66e-09	1.21e-40
 1.94154e+15	6.61e-13	1.39e-08	3.00e-05	4.46e-03	9.95e-01	1.47e-05	0.00e+00	5.66e-14	1.70e-13	2.84e-13	4.57e-09	9.34e-09	2.65e-40
 2.00431e+15	8.01e-13	1.65e-08	3.40e-05	4.80e-03	9.95e-01	1.37e-05	0.00e+00	6.87e-14	2.06e-13	3.44e-13	5.42e-09	1.11e-08	5.18e-40
 2.07285e+15	9.83e-13	1.98e-08	3.89e-05	5.18e-03	9.95e-01	1.28e-05	0.00e+00	8.44e-14	2.53e-13	4.23e-13	6.52e-09	1.33e-08	1.07e-39
 2.15384e+15	1.24e-12	2.45e-08	4.53e-05	5.65e-03	9.94e-01	1.18e-05	0.00e+00	1.06e-13	3.19e-13	5.33e-13	8.04e-09	1.64e-08	2.44e-39
 2.23318e+15	1.53e-12	2.98e-08	5.23e-05	6.13e-03	9.94e-01	1.10e-05	0.00e+00	1.32e-13	3.96e-13	6.61e-13	9.80e-09	2.00e-08	5.32e-39
 2.30555e+15	1.86e-12	3.54e-08	5.94e-05	6.59e-03	9.93e-01	1.03e-05	0.00e+00	1.60e-13	4.81e-13	8.02e-13	1.17e-08	2.38e-08	1.05e-38
 2.38665e+15	2.28e-12	4.28e-08	6.82e-05	7.12e-03	9.93e-01	9.64e-06	0.00e+00	1.97e-13	5.92e-13	9.88e-13	1.41e-08	2.87e-08	2.22e-38
 2.48116e+15	2.88e-12	5.30e-08	7.96e-05	7.78e-03	9.92e-01	8.94e-06	0.00e+00	2.49e-13	7.47e-13	1.25e-12	1.75e-08	3.56e-08	5.12e-38
 2.57418e+15	3.58e-12	6.50e-08	9.22e-05	8.45e-03	9.91e-01	8.34e-06	0.00e+00	3.10e-13	9.29e-13	1.55e-12	2.14e-08	4.36e-08	1.13e-37
 2.66197e+15	4.35e-12	7.83e-08	1.05e-04	9.11e-03	9.91e-01	7.84e-06	0.00e+00	3.77e-13	1.13e-12	1.89e-12	2.58e-08	5.25e-08	2.31e-37
 2.75953e+15	5.39e-12	9.57e-08	1.22e-04	9.88e-03	9.90e-01	7.34e-06	0.00e+00	4.67e-13	1.40e-12	2.34e-12	3.15e-08	6.41e-08	4.96e-37
 2.85236e+15	6.47e-12	1.15e-07	1.39e-04	1.06e-02	9.89e-01	6.94e-06	0.00e+00	5.62e-13	1.69e-12	2.82e-12	3.80e-08	7.71e-08	9.96e-37
 2.92143e+15	7.38e-12	1.31e-07	1.53e-04	1.12e-02	9.89e-01	6.66e-06	0.00e+00	6.42e-13	1.93e-12	3.21e-12	4.33e-08	8.79e-08	1.65e-36
 2.99128e+15	8.49e-12	1.50e-07	1.68e-04	1.19e-02	9.88e-01	6.40e-06	0.00e+00	7.39e-13	2.22e-12	3.70e-12	4.94e-08	1.00e-07	2.72e-36
 3.08207e+15	1.02e-11	1.77e-07	1.90e-04	1.27e-02	9.87e-01	6.08e-06	0.00e+00	8.88e-13	2.66e-12	4.45e-12	5.84e-08	1.19e-07	5.13e-36
 3.18087e+15	1.22e-11	2.11e-07	2.15e-04	1.36e-02	9.86e-01	5.77e-06	0.00e+00	1.07e-12	3.20e-12	5.34e-12	6.96e-08	1.41e-07	9.90e-36
 3.27002e+15	1.43e-11	2.46e-07	2.40e-04	1.45e-02	9.85e-01	5.53e-06	0.00e+00	1.25e-12	3.75e-12	6.26e-12	8.13e-08	1.65e-07	1.76e-35
 3.36589e+15	1.70e-11	2.90e-07	2.70e-04	1.54e-02	9.84e-01	5.29e-06	0.00e+00	1.48e-12	4.45e-12	7.42e-12	9.57e-08	1.94e-07	3.23e-35
 3.48850e+15	2.10e-11	3.55e-07	3.12e-04	1.67e-02	9.83e-01	5.02e-06	0.00e+00	1.83e-12	5.50e-12	9.17e-12	1.17e-07	2.38e-07	6.83e-35
 3.61192e+15	2.56e-11	4.30e-07	3.59e-04	1.81e-02	9.82e-01	4.77e-06	0.00e+00	2.25e-12	6.74e-12	1.12e-11	1.42e-07	2.88e-07	1.38e-34
 3.71392e+15	3.00e-11	5.02e-07	4.01e-04	1.93e-02	9.80e-01	4.61e-06	0.00e+00	2.62e-12	7.88e-12	1.31e-11	1.66e-07	3.36e-07	2.43e-34
 3.82200e+15	3.59e-11	5.92e-07	4.51e-04	2.06e-02	9.79e-01	4.44e-06	0.00e+00	3.14e-12	9.44e-12	1.57e-11	1.96e-07	3.96e-07	4.40e-34
 3.96076e+15	4.47e-11	7.25e-07	5.21e-04	2.23e-02	9.77e-01	4.23e-06	0.00e+00	3.92e-12	1.18e-11	1.96e-11	2.40e-07	4.85e-07	9.18e-34
 4.10587e+15	5.54e-11	8.89e-07	6.03e-04	2.42e-02	9.75e-01	4.04e-06	0.00e+00	4.87e-12	1.46e-11	2.44e-11	2.94e-07	5.95e-07	1.89e-33
 4.23250e+15	6.65e-11	1.06e-06	6.82e-04	2.59e-02	9.73e-01	3.91e-06	0.00e+00	5.85e-12	1.76e-11	2.93e-11	3.50e-07	7.08e-07	3.50e-33
 4.36864e+15	8.07e-11	1.27e-06	7.76e-04	2.78e-02	9.71e-01	3.77e-06	0.00e+00	7.11e-12	2.13e-11	3.56e-11	4.20e-07	8.50e-07	6.67e-33
 4.53452e+15	1.01e-10	1.57e-06	9.03e-04	3.03e-02	9.69e-01	3.62e-06	0.00e+00	8.94e-12	2.68e-11	4.48e-11	5.20e-07	1.05e-06	1.42e-32
 4.69859e+15	1.26e-10	1.93e-06	1.04e-03	3.28e-02	9.66e-01	3.50e-06	0.00e+00	1.11e-11	3.33e-11	5.56e-11	6.38e-07	1.29e-06	2.85e-32
 4.84118e+15	1.51e-10	2.29e-06	1.18e-03	3.52e-02	9.64e-01	3.41e-06	0.00e+00	1.34e-11	4.01e-11	6.69e-11	7.57e-07	1.53e-06	5.12e-32
 4.99631e+15	1.85e-10	2.75e-06	1.34e-03	3.78e-02	9.61e-01	3.31e-06	0.00e+00	1.64e-11	4.91e-11	8.19e-11	9.11e-07	1.84e-06	9.60e-32
 5.16869e+15	2.28e-10	3.34e-06	1.55e-03	4.09e-02	9.58e-01	3.21e-06	0.00e+00	2.01e-11	6.04e-11	1.01e-10	1.11e-06	2.23e-06	1.86e-31
 5.32917e+15	2.77e-10	3.99e-06	1.75e-03	4.39e-02	9.54e-01	3.13e-06	0.00e+00	2.45e-11	7.36e-11	1.23e-10	1.32e-06	2.66e-06	3.34e-31
 5.46733e+15	3.25e-10	4.62e-06	1.95e-03	4.65e-02	9.51e-01	3.08e-06	0.00e+00	2.88e-11	8.64e-11	1.44e-10	1.53e-06	3.09e-06	5.41e-31
 5.61080e+15	3.85e-10	5.38e-06	2.17e-03	4.95e-02	9.48e-01	3.02e-06	0.00e+00	3.42e-11	1.03e-10	1.71e-10	1.78e-06	3.60e-06	9.00e-31
 5.77005e+15	4.60e-10	6.32e-06	2.44e-03	5.28e-02	9.45e-01	2.95e-06	0.00e+00	4.08e-11	1.23e-10	2.04e-10	2.10e-06	4.23e-06	1.53e-30
 5.92052e+15	5.45e-10	7.34e-06	2.72e-03	5.61e-02	9.41e-01	2.90e-06	0.00e+00	4.85e-11	1.45e-10	2.43e-10	2.44e-06	4.91e-06	2.48e-30
 6.08683e+15	6.55e-10	8.66e-06	3.06e-03	5.99e-02	9.37e-01	2.84e-06	0.00e+00	5.83e-11	1.75e-10	2.92e-10	2.87e-06	5.79e-06	4.24e-30
 6.26728e+15	7.93e-10	1.03e-05	3.46e-03	6.42e-02	9.32e-01	2.79e-06	0.00e+00	7.06e-11	2.12e-10	3.53e-10	3.41e-06	6.86e-06	7.26e-30
 6.43332e+15	9.44e-10	1.20e-05	3.87e-03	6.83e-02	9.28e-01	2.75e-06	0.00e+00	8.42e-11	2.53e-10	4.21e-10	3.97e-06	8.00e-06	1.14e-29
 6.61636e+15	1.15e-09	1.42e-05	4.37e-03	7.31e-02	9.23e-01	2.71e-06	0.00e+00	1.03e-10	3.09e-10	5.15e-10	4.70e-06	9.47e-06	1.97e-29
 6.81683e+15	1.40e-09	1.69e-05	4.97e-03	7.85e-02	9.17e-01	2.65e-06	0.00e+00	1.25e-10	3.75e-10	6.25e-10	5.61e-06	1.13e-05	3.38e-29
 7.00511e+15	1.68e-09	1.99e-05	5.59e-03	8.38e-02	9.11e-01	2.61e-06	0.00e+00	1.51e-10	4.52e-10	7.54e-10	6.59e-06	1.33e-05	5.54e-29
 7.21500e+15	2.10e-09	2.38e-05	6.38e-03	9.02e-02	9.03e-01	2.57e-06	0.00e+00	1.88e-10	5.64e-10	9.41e-10	7.91e-06	1.59e-05	9.71e-29
 7.43862e+15	2.56e-09	2.86e-05	7.29e-03	9.71e-02	8.96e-01	2.52e-06	0.00e+00	2.30e-10	6.89e-10	1.15e-09	9.49e-06	1.91e-05	1.67e-28
 7.63523e+15	3.11e-09	3.34e-05	8.19e-03	1.04e-01	8.88e-01	2.49e-06	0.00e+00	2.79e-10	8.38e-10	1.40e-09	1.11e-05	2.23e-05	2.64e-28
 7.84595e+15	3.78e-09	3.97e-05	9.29e-03	1.11e-01	8.80e-01	2.45e-06	0.00e+00	3.40e-10	1.02e-09	1.70e-09	1.32e-05	2.65e-05	4.42e-28
 8.07893e+15	4.70e-09	4.76e-05	1.06e-02	1.19e-01	8.70e-01	2.41e-06	0.00e+00	4.23e-10	1.27e-09	2.12e-09	1.58e-05	3.18e-05	7.49e-28
 8.29332e+15	5.71e-09	5.59e-05	1.20e-02	1.28e-01	8.60e-01	2.39e-06	0.00e+00	5.14e-10	1.54e-09	2.57e-09	1.86e-05	3.73e-05	1.18e-27
 8.52450e+15	7.03e-09	6.69e-05	1.37e-02	1.37e-01	8.49e-01	2.34e-06	0.00e+00	6.34e-10	1.90e-09	3.17e-09	2.22e-05	4.47e-05	1.99e-27
 8.77516e+15	8.84e-09	8.06e-05	1.58e-02	1.48e-01	8.37e-01	2.31e-06	0.00e+00	7.99e-10	2.40e-09	4.00e-09	2.68e-05	5.38e-05	3.35e-27
 8.98766e+15	1.06e-08	9.37e-05	1.77e-02	1.57e-01	8.25e-01	2.28e-06	0.00e+00	9.64e-10	2.89e-09	4.82e-09	3.12e-05	6.26e-05	5.04e-27
 9.16921e+15	1.25e-08	1.07e-04	1.96e-02	1.65e-01	8.15e-01	2.26e-06	0.00e+00	1.13e-09	3.39e-09	5.65e-09	3.56e-05	7.14e-05	7.28e-27
 9.37401e+15	1.50e-08	1.25e-04	2.20e-02	1.76e-01	8.02e-01	2.23e-06	0.00e+00	1.36e-09	4.07e-09	6.78e-09	4.15e-05	8.32e-05	1.12e-26
 9.60380e+15	1.85e-08	1.47e-04	2.49e-02	1.87e-01	7.87e-01	2.20e-06	0.00e+00	1.68e-09	5.03e-09	8.38e-09	4.91e-05	9.84e-05	1.77e-26
 9.81496e+15	2.20e-08	1.71e-04	2.80e-02	1.99e-01	7.73e-01	2.17e-06	0.00e+00	2.00e-09	5.99e-09	9.99e-09	5.69e-05	1.14e-04	2.61e-26
 1.00058e+16	2.61e-08	1.96e-04	3.11e-02	2.09e-01	7.59e-01	2.15e-06	0.00e+00	2.37e-09	7.11e-09	1.19e-08	6.53e-05	1.31e-04	3.79e-26
 1.02213e+16	3.19e-08	2.31e-04	3.52e-02	2.22e-01	7.42e-01	2.12e-06	0.00e+00	2.91e-09	8.72e-09	1.45e-08	7.68e-05	1.54e-04	5.92e-26
 1.04522e+16	3.97e-08	2.73e-04	4.00e-02	2.37e-01	7.23e-01	2.11e-06	0.00e+00	3.62e-09	1.09e-08	1.81e-08	9.09e-05	1.82e-04	9.29e-26
 1.06535e+16	4.77e-08	3.15e-04	4.48e-02	2.50e-01	7.05e-01	2.10e-06	0.00e+00	4.35e-09	1.30e-08	2.17e-08	1.05e-04	2.10e-04	1.35e-25
 1.08373e+16	5.68e-08	3.61e-04	4.97e-02	2.62e-01	6.88e-01	2.08e-06	0.00e+00	5.19e-09	1.56e-08	2.59e-08	1.20e-04	2.41e-04	1.94e-25
 1.10479e+16	6.90e-08	4.24e-04	5.62e-02	2.77e-01	6.66e-01	2.05e-06	0.00e+00	6.31e-09	1.89e-08	3.15e-08	1.41e-04	2.83e-04	3.00e-25
 1.12732e+16	8.63e-08	5.04e-04	6.42e-02	2.94e-01	6.42e-01	2.04e-06	0.00e+00	7.90e-09	2.37e-08	3.95e-08	1.68e-04	3.36e-04	4.76e-25
 1.14668e+16	1.04e-07	5.83e-04	7.19e-02	3.08e-01	6.19e-01	2.03e-06	0.00e+00	9.57e-09	2.87e-08	4.78e-08	1.94e-04	3.89e-04	6.97e-25
 1.16388e+16	1.24e-07	6.67e-04	7.97e-02	3.22e-01	5.98e-01	2.03e-06	0.00e+00	1.14e-08	3.42e-08	5.69e-08	2.22e-04	4.45e-04	1.00e-24
 1.18334e+16	1.51e-07	7.79e-04	8.99e-02	3.38e-01	5.72e-01	2.00e-06	0.00e+00	1.38e-08	4.15e-08	6.91e-08	2.59e-04	5.19e-04	1.53e-24
 1.20415e+16	1.90e-07	9.25e-04	1.02e-01	3.55e-01	5.41e-01	2.01e-06	0.00e+00	1.74e-08	5.22e-08	8.70e-08	3.08e-04	6.17e-04	2.48e-24
 1.22174e+16	2.28e-07	1.07e-03	1.14e-01	3.70e-01	5.15e-01	2.01e-06	0.00e+00	2.10e-08	6.28e-08	1.05e-07	3.55e-04	7.11e-04	3.63e-24
 1.23697e+16	2.70e-07	1.21e-03	1.26e-01	3.83e-01	4.90e-01	2.00e-06	0.00e+00	2.49e-08	7.45e-08	1.24e-07	4.03e-04	8.07e-04	5.16e-24
 1.25405e+16	3.26e-07	1.38e-03	1.40e-01	3.97e-01	4.61e-01	1.98e-06	0.00e+00	3.00e-08	9.01e-08	1.50e-07	4.59e-04	9.18e-04	7.29e-24
 1.27273e+16	4.04e-07	1.61e-03	1.58e-01	4.12e-01	4.28e-01	1.96e-06	0.00e+00	3.72e-08	1.12e-07	1.86e-07	5.38e-04	1.08e-03	1.14e-23
 1.28886e+16	4.88e-07	1.86e-03	1.76e-01	4.25e-01	3.97e-01	1.96e-06	0.00e+00	4.50e-08	1.35e-07	2.25e-07	6.21e-04	1.24e-03	1.73e-23
 1.30210e+16	5.82e-07	2.15e-03	1.93e-01	4.36e-01	3.68e-01	2.01e-06	0.00e+00	5.37e-08	1.61e-07	2.68e-07	7.17e-04	1.43e-03	2.76e-23
 1.31297e+16	6.58e-07	2.37e-03	2.08e-01	4.44e-01	3.46e-01	2.00e-06	7.68e-12	6.08e-08	1.82e-07	3.04e-07	7.90e-04	1.58e-03	3.67e-23
 1.32389e+16	7.56e-07	2.58e-03	2.23e-01	4.51e-01	3.23e-01	1.98e-06	0.00e+00	6.99e-08	2.09e-07	3.49e-07	8.62e-04	1.72e-03	4.72e-23
 1.33808e+16	9.12e-07	2.95e-03	2.45e-01	4.60e-01	2.91e-01	1.94e-06	0.00e+00	8.43e-08	2.53e-07	4.21e-07	9.83e-04	1.97e-03	7.12e-23
 1.35077e+16	1.08e-06	3.32e-03	2.67e-01	4.66e-01	2.63e-01	1.93e-06	0.00e+00	9.97e-08	2.99e-07	4.98e-07	1.11e-03	2.21e-03	1.05e-22
 1.35833e+16	1.20e-06	3.64e-03	2.82e-01	4.70e-01	2.45e-01	1.97e-06	0.00e+00	1.11e-07	3.34e-07	5.56e-07	1.22e-03	2.43e-03	1.47e-22
 1.36348e+16	1.28e-06	3.83e-03	2.92e-01	4.71e-01	2.33e-01	1.96e-06	1.13e-11	1.19e-07	3.57e-07	5.94e-07	1.28e-03	2.55e-03	1.73e-22
 1.36868e+16	1.39e-06	3.99e-03	3.02e-01	4.73e-01	2.21e-01	1.95e-06	0.00e+00	1.28e-07	3.85e-07	6.41e-07	1.33e-03	2.66e-03	1.97e-22
 1.37543e+16	1.55e-06	4.33e-03	3.16e-01	4.75e-01	2.04e-01	1.92e-06	0.00e+00	1.44e-07	4.31e-07	7.17e-07	1.44e-03	2.88e-03	2.68e-22
 1.38251e+16	1.70e-06	4.57e-03	3.30e-01	4.76e-01	1.89e-01	1.87e-06	0.00e+00	1.57e-07	4.71e-07	7.85e-07	1.52e-03	3.04e-03	3.16e-22
