#depth	C	C+	C+2	C+3	C+4	C+5	C+6	C[1]	C[2]	C[3]	C+[1]	C+[2]	CO
 1.49634e+10	0.00e+00	1.48e-30	2.57e-20	8.26e-11	6.56e-01	3.44e-01	2.19e-05	0.00e+00	0.00e+00	0.00e+00	0.00e+00	0.00e+00	4.79e-236
 4.54887e+10	7.58e-42	1.92e-30	3.09e-20	9.17e-11	6.72e-01	3.28e-01	1.92e-05	0.00e+00	0.00e+00	0.00e+00	0.00e+00	0.00e+00	2.16e-139
 7.72350e+10	0.00e+00	2.50e-30	3.72e-20	1.02e-10	6.90e-01	3.10e-01	1.68e-05	0.00e+00	0.00e+00	0.00e+00	0.00e+00	0.00e+00	3.26e-182
 1.10251e+11	1.50e-41	3.25e-30	4.46e-20	1.13e-10	7.07e-01	2.93e-01	1.47e-05	0.00e+00	0.00e+00	0.00e+00	0.00e+00	0.00e+00	1.73e-138
 1.44588e+11	0.00e+00	4.22e-30	5.35e-20	1.25e-10	7.23e-01	2.77e-01	1.28e-05	0.00e+00	0.00e+00	0.00e+00	0.00e+00	0.00e+00	1.38e-181
 1.80298e+11	2.96e-41	5.47e-30	6.41e-20	1.39e-10	7.39e-01	2.61e-01	1.11e-05	0.00e+00	0.00e+00	0.00e+00	0.00e+00	0.00e+00	1.38e-137
 2.17437e+11	0.00e+00	7.08e-30	7.67e-20	1.53e-10	7.55e-01	2.45e-01	9.67e-06	0.00e+00	0.00e+00	0.00e+00	0.00e+00	0.00e+00	5.86e-181
 2.56061e+11	5.82e-41	9.16e-30	9.18e-20	1.69e-10	7.69e-01	2.31e-01	8.40e-06	0.00e+00	0.00e+00	0.00e+00	0.00e+00	0.00e+00	1.10e-136
 2.96231e+11	0.00e+00	1.18e-29	1.10e-19	1.86e-10	7.84e-01	2.16e-01	7.28e-06	0.00e+00	0.00e+00	0.00e+00	0.00e+00	0.00e+00	2.48e-180
 3.38007e+11	1.14e-40	1.53e-29	1.31e-19	2.05e-10	7.97e-01	2.03e-01	6.30e-06	0.00e+00	0.00e+00	0.00e+00	0.00e+00	0.00e+00	8.83e-136
 3.79111e+11	0.00e+00	1.95e-29	1.55e-19	2.25e-10	8.09e-01	1.91e-01	5.49e-06	0.00e+00	0.00e+00	0.00e+00	0.00e+00	0.00e+00	1.05e-179
 4.21859e+11	2.15e-40	2.48e-29	1.83e-19	2.46e-10	8.21e-01	1.79e-01	4.77e-06	0.00e+00	0.00e+00	0.00e+00	0.00e+00	0.00e+00	6.35e-135
 4.68660e+11	0.00e+00	3.20e-29	2.17e-19	2.71e-10	8.33e-01	1.67e-01	4.11e-06	0.00e+00	0.00e+00	0.00e+00	0.00e+00	0.00e+00	4.08e-179
 5.15633e+11	4.14e-40	4.09e-29	2.57e-19	2.96e-10	8.44e-01	1.56e-01	3.56e-06	0.00e+00	0.00e+00	0.00e+00	0.00e+00	0.00e+00	4.91e-134
 5.64485e+11	0.00e+00	5.22e-29	3.04e-19	3.24e-10	8.54e-01	1.46e-01	3.07e-06	0.00e+00	0.00e+00	0.00e+00	0.00e+00	0.00e+00	1.67e-178
 6.16991e+11	7.97e-40	6.72e-29	3.62e-19	3.56e-10	8.64e-01	1.36e-01	2.64e-06	0.00e+00	0.00e+00	0.00e+00	0.00e+00	0.00e+00	3.81e-133
 6.71597e+11	0.00e+00	8.65e-29	4.30e-19	3.90e-10	8.74e-01	1.26e-01	2.27e-06	0.00e+00	0.00e+00	0.00e+00	0.00e+00	0.00e+00	6.77e-178
 7.28388e+11	1.55e-39	1.11e-28	5.10e-19	4.27e-10	8.83e-01	1.17e-01	1.94e-06	0.00e+00	0.00e+00	0.00e+00	0.00e+00	0.00e+00	3.07e-132
 7.87450e+11	0.00e+00	1.43e-28	6.06e-19	4.67e-10	8.91e-01	1.09e-01	1.66e-06	0.00e+00	0.00e+00	0.00e+00	0.00e+00	0.00e+00	2.80e-177
 8.48875e+11	3.01e-39	1.84e-28	7.19e-19	5.12e-10	8.99e-01	1.01e-01	1.42e-06	0.00e+00	0.00e+00	0.00e+00	0.00e+00	0.00e+00	2.47e-131
 9.12757e+11	0.00e+00	2.37e-28	8.54e-19	5.60e-10	9.07e-01	9.34e-02	1.21e-06	0.00e+00	0.00e+00	0.00e+00	0.00e+00	0.00e+00	1.14e-176
 9.79194e+11	5.85e-39	3.04e-28	1.01e-18	6.12e-10	9.14e-01	8.65e-02	1.03e-06	0.00e+00	0.00e+00	0.00e+00	0.00e+00	0.00e+00	2.00e-130
 1.04829e+12	0.00e+00	3.91e-28	1.20e-18	6.69e-10	9.20e-01	7.99e-02	8.80e-07	0.00e+00	0.00e+00	0.00e+00	0.00e+00	0.00e+00	4.59e-176
 1.12015e+12	1.14e-38	5.03e-28	1.43e-18	7.31e-10	9.26e-01	7.38e-02	0.00e+00	0.00e+00	0.00e+00	0.00e+00	0.00e+00	0.00e+00	1.63e-129
 1.19488e+12	0.00e+00	6.46e-28	1.69e-18	7.99e-10	9.32e-01	6.81e-02	0.00e+00	0.00e+00	0.00e+00	0.00e+00	0.00e+00	0.00e+00	1.80e-175
 1.26511e+12	2.14e-38	8.11e-28	1.97e-18	8.65e-10	9.37e-01	6.33e-02	0.00e+00	0.00e+00	0.00e+00	0.00e+00	0.00e+00	0.00e+00	1.20e-128
 1.32783e+12	0.00e+00	9.88e-28	2.26e-18	9.27e-10	9.41e-01	5.94e-02	0.00e+00	0.00e+00	0.00e+00	0.00e+00	0.00e+00	0.00e+00	2.28e-163
 1.39815e+12	3.69e-38	1.22e-27	2.61e-18	9.99e-10	9.45e-01	5.54e-02	0.00e+00	0.00e+00	0.00e+00	0.00e+00	0.00e+00	0.00e+00	6.70e-128
 1.48162e+12	0.00e+00	1.56e-27	3.08e-18	1.09e-09	9.49e-01	5.11e-02	0.00e+00	0.00e+00	0.00e+00	0.00e+00	0.00e+00	0.00e+00	4.41e-186
 1.56508e+12	6.99e-38	1.98e-27	3.62e-18	1.18e-09	9.53e-01	4.72e-02	0.00e+00	0.00e+00	0.00e+00	0.00e+00	0.00e+00	0.00e+00	5.03e-127
 1.64294e+12	0.00e+00	2.45e-27	4.18e-18	1.27e-09	9.56e-01	4.40e-02	0.00e+00	0.00e+00	0.00e+00	0.00e+00	0.00e+00	0.00e+00	2.43e-162
 1.72965e+12	1.26e-37	3.09e-27	4.89e-18	1.38e-09	9.59e-01	4.07e-02	0.00e+00	0.00e+00	0.00e+00	0.00e+00	0.00e+00	0.00e+00	3.20e-126
 1.82877e+12	0.00e+00	3.98e-27	5.81e-18	1.51e-09	9.63e-01	3.74e-02	0.00e+00	0.00e+00	0.00e+00	0.00e+00	0.00e+00	0.00e+00	8.43e-174
 1.92664e+12	2.42e-37	5.06e-27	6.85e-18	1.64e-09	9.66e-01	3.45e-02	0.00e+00	0.00e+00	0.00e+00	0.00e+00	0.00e+00	0.00e+00	2.53e-125
 2.02844e+12	0.00e+00	6.45e-27	8.07e-18	1.78e-09	9.68e-01	3.17e-02	0.00e+00	0.00e+00	0.00e+00	0.00e+00	0.00e+00	0.00e+00	0.00e+00
 2.13950e+12	4.68e-37	8.32e-27	9.60e-18	1.95e-09	9.71e-01	2.91e-02	0.00e+00	0.00e+00	0.00e+00	0.00e+00	0.00e+00	0.00e+00	2.01e-124
 2.25258e+12	0.00e+00	1.07e-26	1.14e-17	2.12e-09	9.73e-01	2.67e-02	0.00e+00	0.00e+00	0.00e+00	0.00e+00	0.00e+00	0.00e+00	0.00e+00
 2.37018e+12	9.09e-37	1.37e-26	1.35e-17	2.32e-09	9.76e-01	2.45e-02	0.00e+00	0.00e+00	0.00e+00	0.00e+00	0.00e+00	0.00e+00	1.62e-123
 2.49491e+12	0.00e+00	1.77e-26	1.61e-17	2.53e-09	9.78e-01	2.24e-02	0.00e+00	0.00e+00	0.00e+00	0.00e+00	0.00e+00	0.00e+00	0.00e+00
 2.62464e+12	1.79e-36	2.29e-26	1.92e-17	2.77e-09	9.80e-01	2.05e-02	0.00e+00	0.00e+00	0.00e+00	0.00e+00	0.00e+00	0.00e+00	1.37e-122
 2.75955e+12	0.00e+00	2.96e-26	2.28e-17	3.03e-09	9.81e-01	1.87e-02	0.00e+00	0.00e+00	0.00e+00	0.00e+00	0.00e+00	0.00e+00	0.00e+00
 2.89986e+12	3.55e-36	3.83e-26	2.72e-17	3.31e-09	9.83e-01	1.71e-02	0.00e+00	0.00e+00	0.00e+00	0.00e+00	0.00e+00	0.00e+00	1.16e-121
 3.04578e+12	0.00e+00	4.96e-26	3.25e-17	3.62e-09	9.84e-01	1.56e-02	0.00e+00	0.00e+00	0.00e+00	0.00e+00	0.00e+00	0.00e+00	0.00e+00
 3.19754e+12	7.04e-36	6.42e-26	3.88e-17	3.96e-09	9.86e-01	1.42e-02	0.00e+00	0.00e+00	0.00e+00	0.00e+00	0.00e+00	0.00e+00	9.88e-121
 3.35536e+12	0.00e+00	8.32e-26	4.63e-17	4.33e-09	9.87e-01	1.30e-02	0.00e+00	0.00e+00	0.00e+00	0.00e+00	0.00e+00	0.00e+00	0.00e+00
 3.51950e+12	1.40e-35	1.08e-25	5.53e-17	4.74e-09	9.88e-01	1.19e-02	0.00e+00	0.00e+00	0.00e+00	0.00e+00	0.00e+00	0.00e+00	8.42e-120
 3.69021e+12	0.00e+00	1.40e-25	6.61e-17	5.20e-09	9.89e-01	1.08e-02	0.00e+00	0.00e+00	0.00e+00	0.00e+00	0.00e+00	0.00e+00	2.10e-101
 3.86775e+12	2.78e-35	1.81e-25	7.91e-17	5.69e-09	9.90e-01	9.85e-03	0.00e+00	0.00e+00	0.00e+00	0.00e+00	0.00e+00	0.00e+00	0.00e+00
 4.05238e+12	0.00e+00	2.35e-25	9.46e-17	6.24e-09	9.91e-01	8.98e-03	0.00e+00	0.00e+00	0.00e+00	0.00e+00	0.00e+00	0.00e+00	1.98e-137
 4.24441e+12	5.52e-35	3.05e-25	1.13e-16	6.84e-09	9.92e-01	8.18e-03	0.00e+00	0.00e+00	0.00e+00	0.00e+00	0.00e+00	0.00e+00	7.70e-99
 4.44411e+12	7.79e-35	3.95e-25	1.36e-16	7.50e-09	9.93e-01	7.45e-03	0.00e+00	0.00e+00	0.00e+00	0.00e+00	0.00e+00	0.00e+00	0.00e+00
 4.65180e+12	1.10e-34	5.13e-25	1.63e-16	8.22e-09	9.93e-01	6.78e-03	0.00e+00	0.00e+00	0.00e+00	0.00e+00	0.00e+00	0.00e+00	5.20e-117
 4.86780e+12	1.55e-34	6.66e-25	1.95e-16	9.02e-09	9.94e-01	6.17e-03	0.00e+00	0.00e+00	0.00e+00	0.00e+00	0.00e+00	0.00e+00	1.09e-97
 5.09244e+12	2.18e-34	8.64e-25	2.34e-16	9.90e-09	9.94e-01	5.61e-03	0.00e+00	0.00e+00	0.00e+00	0.00e+00	0.00e+00	0.00e+00	4.39e-116
 5.31930e+12	3.05e-34	1.11e-24	2.79e-16	1.08e-08	9.95e-01	5.12e-03	0.00e+00	0.00e+00	0.00e+00	0.00e+00	0.00e+00	0.00e+00	6.11e-97
 5.55523e+12	4.25e-34	1.43e-24	3.33e-16	1.19e-08	9.95e-01	4.67e-03	0.00e+00	0.00e+00	0.00e+00	0.00e+00	0.00e+00	0.00e+00	3.48e-115
 5.80737e+12	5.99e-34	1.86e-24	4.00e-16	1.31e-08	9.96e-01	4.24e-03	0.00e+00	0.00e+00	0.00e+00	0.00e+00	0.00e+00	0.00e+00	3.39e-96
 6.06959e+12	8.42e-34	2.41e-24	4.80e-16	1.44e-08	9.96e-01	3.85e-03	0.00e+00	0.00e+00	0.00e+00	0.00e+00	0.00e+00	0.00e+00	2.90e-114
 6.34230e+12	1.18e-33	3.13e-24	5.77e-16	1.58e-08	9.96e-01	3.50e-03	0.00e+00	0.00e+00	0.00e+00	0.00e+00	0.00e+00	0.00e+00	1.89e-95
 6.62592e+12	1.66e-33	4.06e-24	6.94e-16	1.74e-08	9.97e-01	3.18e-03	0.00e+00	0.00e+00	0.00e+00	0.00e+00	0.00e+00	0.00e+00	2.39e-113
 6.92088e+12	2.34e-33	5.26e-24	8.35e-16	1.91e-08	9.97e-01	2.88e-03	0.00e+00	0.00e+00	0.00e+00	0.00e+00	0.00e+00	0.00e+00	1.04e-94
 7.22765e+12	3.27e-33	6.82e-24	1.00e-15	2.11e-08	9.97e-01	2.62e-03	0.00e+00	0.00e+00	0.00e+00	0.00e+00	0.00e+00	0.00e+00	1.95e-112
 7.54668e+12	4.58e-33	8.83e-24	1.21e-15	2.32e-08	9.98e-01	2.37e-03	0.00e+00	0.00e+00	0.00e+00	0.00e+00	0.00e+00	0.00e+00	5.53e-94
 7.83839e+12	6.15e-33	1.11e-23	1.42e-15	2.53e-08	9.98e-01	2.18e-03	0.00e+00	0.00e+00	0.00e+00	0.00e+00	0.00e+00	0.00e+00	1.37e-111
 8.08614e+12	7.83e-33	1.33e-23	1.63e-15	2.72e-08	9.98e-01	2.03e-03	0.00e+00	0.00e+00	0.00e+00	0.00e+00	0.00e+00	0.00e+00	2.08e-93
 8.35910e+12	1.01e-32	1.63e-23	1.88e-15	2.93e-08	9.98e-01	1.88e-03	0.00e+00	0.00e+00	0.00e+00	0.00e+00	0.00e+00	0.00e+00	6.45e-111
 8.69862e+12	1.38e-32	2.06e-23	2.24e-15	3.22e-08	9.98e-01	1.71e-03	0.00e+00	0.00e+00	0.00e+00	0.00e+00	0.00e+00	0.00e+00	8.31e-93
 9.04768e+12	1.86e-32	2.61e-23	2.66e-15	3.53e-08	9.98e-01	1.56e-03	0.00e+00	0.00e+00	0.00e+00	0.00e+00	0.00e+00	0.00e+00	4.29e-110
 9.35920e+12	2.41e-32	3.19e-23	3.08e-15	3.82e-08	9.99e-01	1.44e-03	0.00e+00	0.00e+00	0.00e+00	0.00e+00	0.00e+00	0.00e+00	3.26e-92
 9.69887e+12	3.16e-32	3.93e-23	3.60e-15	4.15e-08	9.99e-01	1.33e-03	0.00e+00	0.00e+00	0.00e+00	0.00e+00	0.00e+00	0.00e+00	2.24e-109
 1.01036e+13	4.30e-32	5.01e-23	4.31e-15	4.57e-08	9.99e-01	1.20e-03	0.00e+00	0.00e+00	0.00e+00	0.00e+00	0.00e+00	0.00e+00	1.33e-91
 1.05052e+13	5.76e-32	6.29e-23	5.11e-15	5.02e-08	9.99e-01	1.10e-03	0.00e+00	0.00e+00	0.00e+00	0.00e+00	0.00e+00	0.00e+00	1.47e-108
 1.08725e+13	7.44e-32	7.69e-23	5.94e-15	5.45e-08	9.99e-01	1.01e-03	0.00e+00	0.00e+00	0.00e+00	0.00e+00	0.00e+00	0.00e+00	5.03e-91
 1.12832e+13	9.79e-32	9.54e-23	6.98e-15	5.95e-08	9.99e-01	9.26e-04	0.00e+00	0.00e+00	0.00e+00	0.00e+00	0.00e+00	0.00e+00	7.83e-108
 1.17606e+13	1.33e-31	1.21e-22	8.36e-15	6.57e-08	9.99e-01	8.39e-04	0.00e+00	0.00e+00	0.00e+00	0.00e+00	0.00e+00	0.00e+00	2.04e-90
 1.22325e+13	1.76e-31	1.52e-22	9.92e-15	7.21e-08	9.99e-01	7.64e-04	0.00e+00	0.00e+00	0.00e+00	0.00e+00	0.00e+00	0.00e+00	5.10e-107
 1.26855e+13	2.29e-31	1.87e-22	1.16e-14	7.86e-08	9.99e-01	7.01e-04	0.00e+00	0.00e+00	0.00e+00	0.00e+00	0.00e+00	0.00e+00	7.73e-90
 1.31851e+13	3.02e-31	2.32e-22	1.37e-14	8.61e-08	9.99e-01	6.40e-04	0.00e+00	0.00e+00	0.00e+00	0.00e+00	0.00e+00	0.00e+00	2.88e-106
 1.37424e+13	4.05e-31	2.93e-22	1.63e-14	9.50e-08	9.99e-01	5.80e-04	0.00e+00	0.00e+00	0.00e+00	0.00e+00	0.00e+00	0.00e+00	3.14e-89
 1.43220e+13	5.42e-31	3.69e-22	1.95e-14	1.05e-07	9.99e-01	5.27e-04	0.00e+00	0.00e+00	0.00e+00	0.00e+00	0.00e+00	0.00e+00	1.93e-105
 1.49082e+13	7.19e-31	4.61e-22	2.30e-14	1.15e-07	1.00e+00	4.80e-04	0.00e+00	0.00e+00	0.00e+00	0.00e+00	0.00e+00	0.00e+00	1.31e-88
 1.55179e+13	9.53e-31	5.76e-22	2.72e-14	1.26e-07	1.00e+00	4.38e-04	0.00e+00	0.00e+00	0.00e+00	0.00e+00	0.00e+00	0.00e+00	1.23e-104
 1.61686e+13	1.27e-30	7.23e-22	3.23e-14	1.38e-07	1.00e+00	3.99e-04	0.00e+00	0.00e+00	0.00e+00	0.00e+00	0.00e+00	0.00e+00	5.54e-88
 1.68452e+13	1.69e-30	9.07e-22	3.83e-14	1.52e-07	1.00e+00	3.63e-04	0.00e+00	0.00e+00	0.00e+00	0.00e+00	0.00e+00	0.00e+00	8.22e-104
 1.75490e+13	2.26e-30	1.14e-21	4.53e-14	1.67e-07	1.00e+00	3.32e-04	0.00e+00	0.00e+00	0.00e+00	0.00e+00	0.00e+00	0.00e+00	2.42e-87
 1.82808e+13	3.01e-30	1.43e-21	5.36e-14	1.83e-07	1.00e+00	3.03e-04	0.00e+00	0.00e+00	0.00e+00	0.00e+00	0.00e+00	0.00e+00	5.54e-103
 1.90420e+13	4.01e-30	1.79e-21	6.32e-14	2.00e-07	1.00e+00	2.77e-04	0.00e+00	0.00e+00	0.00e+00	0.00e+00	0.00e+00	0.00e+00	1.08e-86
 1.98336e+13	5.35e-30	2.24e-21	7.46e-14	2.19e-07	1.00e+00	2.53e-04	0.00e+00	0.00e+00	0.00e+00	0.00e+00	0.00e+00	0.00e+00	3.77e-102
 2.06569e+13	7.15e-30	2.80e-21	8.79e-14	2.39e-07	1.00e+00	2.32e-04	0.00e+00	0.00e+00	0.00e+00	0.00e+00	0.00e+00	0.00e+00	4.93e-86
 2.15131e+13	9.55e-30	3.51e-21	1.04e-13	2.61e-07	1.00e+00	2.12e-04	0.00e+00	0.00e+00	0.00e+00	0.00e+00	0.00e+00	0.00e+00	2.60e-101
 2.23325e+13	1.25e-29	4.32e-21	1.20e-13	2.83e-07	1.00e+00	1.96e-04	0.00e+00	0.00e+00	0.00e+00	0.00e+00	0.00e+00	0.00e+00	2.16e-85
 2.30918e+13	1.59e-29	5.21e-21	1.38e-13	3.04e-07	1.00e+00	1.82e-04	0.00e+00	0.00e+00	0.00e+00	0.00e+00	0.00e+00	0.00e+00	1.42e-100
 2.39525e+13	2.07e-29	6.40e-21	1.59e-13	3.28e-07	1.00e+00	1.69e-04	0.00e+00	0.00e+00	0.00e+00	0.00e+00	0.00e+00	0.00e+00	8.43e-85
 2.49405e+13	2.77e-29	8.02e-21	1.87e-13	3.58e-07	1.00e+00	1.55e-04	0.00e+00	0.00e+00	0.00e+00	0.00e+00	0.00e+00	0.00e+00	9.10e-100
 2.59277e+13	3.68e-29	9.98e-21	2.18e-13	3.88e-07	1.00e+00	1.43e-04	0.00e+00	0.00e+00	0.00e+00	0.00e+00	0.00e+00	0.00e+00	3.95e-84
 2.69544e+13	4.89e-29	1.24e-20	2.55e-13	4.21e-07	1.00e+00	1.31e-04	0.00e+00	0.00e+00	0.00e+00	0.00e+00	0.00e+00	0.00e+00	6.02e-99
 2.80625e+13	6.58e-29	1.56e-20	2.99e-13	4.58e-07	1.00e+00	1.21e-04	0.00e+00	0.00e+00	0.00e+00	0.00e+00	0.00e+00	0.00e+00	1.90e-83
 2.92149e+13	8.86e-29	1.96e-20	3.51e-13	4.98e-07	1.00e+00	1.11e-04	0.00e+00	0.00e+00	0.00e+00	0.00e+00	0.00e+00	0.00e+00	4.34e-98
 3.04135e+13	1.19e-28	2.46e-20	4.12e-13	5.41e-07	1.00e+00	1.02e-04	0.00e+00	0.00e+00	0.00e+00	0.00e+00	0.00e+00	0.00e+00	9.60e-83
 3.16599e+13	1.61e-28	3.10e-20	4.83e-13	5.88e-07	1.00e+00	9.41e-05	0.00e+00	0.00e+00	0.00e+00	0.00e+00	0.00e+00	0.00e+00	3.14e-97
 3.29562e+13	2.17e-28	3.89e-20	5.66e-13	6.39e-07	1.00e+00	8.67e-05	0.00e+00	0.00e+00	0.00e+00	0.00e+00	0.00e+00	0.00e+00	4.90e-82
 3.43044e+13	2.93e-28	4.90e-20	6.63e-13	6.93e-07	1.00e+00	7.98e-05	0.00e+00	0.00e+00	0.00e+00	0.00e+00	0.00e+00	0.00e+00	2.29e-96
 3.57065e+13	3.96e-28	6.16e-20	7.77e-13	7.53e-07	1.00e+00	7.36e-05	0.00e+00	0.00e+00	0.00e+00	0.00e+00	0.00e+00	0.00e+00	2.53e-81
 3.70343e+13	5.22e-28	7.60e-20	8.98e-13	8.11e-07	1.00e+00	6.83e-05	0.00e+00	0.00e+00	0.00e+00	0.00e+00	0.00e+00	0.00e+00	1.54e-95
 3.82355e+13	6.65e-28	9.13e-20	1.02e-12	8.65e-07	1.00e+00	6.40e-05	0.00e+00	0.00e+00	0.00e+00	0.00e+00	0.00e+00	0.00e+00	1.04e-80
 3.95881e+13	8.65e-28	1.12e-19	1.17e-12	9.29e-07	1.00e+00	5.96e-05	0.00e+00	0.00e+00	0.00e+00	0.00e+00	0.00e+00	0.00e+00	8.17e-95
 4.11747e+13	1.16e-27	1.40e-19	1.37e-12	1.01e-06	1.00e+00	5.50e-05	0.00e+00	0.00e+00	0.00e+00	0.00e+00	0.00e+00	0.00e+00	4.82e-80
 4.27467e+13	1.55e-27	1.74e-19	1.58e-12	1.08e-06	1.00e+00	5.10e-05	0.00e+00	0.00e+00	0.00e+00	0.00e+00	0.00e+00	0.00e+00	5.61e-94
 4.42283e+13	2.01e-27	2.12e-19	1.81e-12	1.16e-06	1.00e+00	4.76e-05	0.00e+00	0.00e+00	0.00e+00	0.00e+00	0.00e+00	0.00e+00	2.16e-79
 4.58740e+13	2.66e-27	2.62e-19	2.09e-12	1.25e-06	1.00e+00	4.42e-05	0.00e+00	0.00e+00	0.00e+00	0.00e+00	0.00e+00	0.00e+00	3.31e-93
 4.77389e+13	3.61e-27	3.30e-19	2.45e-12	1.36e-06	1.00e+00	4.08e-05	0.00e+00	0.00e+00	0.00e+00	0.00e+00	0.00e+00	0.00e+00	1.08e-78
 4.95919e+13	4.84e-27	4.12e-19	2.85e-12	1.46e-06	1.00e+00	3.78e-05	0.00e+00	0.00e+00	0.00e+00	0.00e+00	0.00e+00	0.00e+00	2.40e-78
 5.15191e+13	6.49e-27	5.14e-19	3.31e-12	1.58e-06	1.00e+00	3.50e-05	0.00e+00	0.00e+00	0.00e+00	0.00e+00	0.00e+00	0.00e+00	5.38e-78
 5.36098e+13	8.83e-27	6.49e-19	3.87e-12	1.71e-06	1.00e+00	3.23e-05	0.00e+00	0.00e+00	0.00e+00	0.00e+00	0.00e+00	0.00e+00	1.25e-77
 5.57841e+13	1.20e-26	8.19e-19	4.53e-12	1.85e-06	1.00e+00	2.98e-05	0.00e+00	0.00e+00	0.00e+00	0.00e+00	0.00e+00	0.00e+00	2.92e-77
 5.80454e+13	1.64e-26	1.03e-18	5.30e-12	2.00e-06	1.00e+00	2.75e-05	0.00e+00	0.00e+00	0.00e+00	0.00e+00	0.00e+00	0.00e+00	6.81e-77
 6.03971e+13	2.23e-26	1.30e-18	6.20e-12	2.17e-06	1.00e+00	2.54e-05	0.00e+00	0.00e+00	0.00e+00	0.00e+00	0.00e+00	0.00e+00	1.59e-76
 6.28430e+13	3.03e-26	1.64e-18	7.25e-12	2.35e-06	1.00e+00	2.35e-05	0.00e+00	0.00e+00	0.00e+00	0.00e+00	0.00e+00	0.00e+00	3.72e-76
 6.53866e+13	4.13e-26	2.08e-18	8.48e-12	2.54e-06	1.00e+00	2.17e-05	0.00e+00	0.00e+00	0.00e+00	0.00e+00	0.00e+00	0.00e+00	8.70e-76
 6.80320e+13	5.63e-26	2.62e-18	9.92e-12	2.75e-06	1.00e+00	2.01e-05	0.00e+00	0.00e+00	0.00e+00	0.00e+00	0.00e+00	0.00e+00	2.04e-75
 7.07832e+13	7.68e-26	3.31e-18	1.16e-11	2.97e-06	1.00e+00	1.85e-05	0.00e+00	0.00e+00	0.00e+00	0.00e+00	0.00e+00	0.00e+00	4.80e-75
 7.35138e+13	1.03e-25	4.14e-18	1.35e-11	3.20e-06	1.00e+00	1.72e-05	0.00e+00	0.00e+00	0.00e+00	0.00e+00	0.00e+00	0.00e+00	1.08e-74
 7.63537e+13	1.39e-25	5.18e-18	1.56e-11	3.45e-06	1.00e+00	1.59e-05	0.00e+00	0.00e+00	0.00e+00	0.00e+00	0.00e+00	0.00e+00	2.46e-74
 7.94378e+13	1.90e-25	6.54e-18	1.83e-11	3.73e-06	1.00e+00	1.47e-05	0.00e+00	0.00e+00	0.00e+00	0.00e+00	0.00e+00	0.00e+00	5.78e-74
 8.25656e+13	2.57e-25	8.21e-18	2.13e-11	4.03e-06	1.00e+00	1.36e-05	0.00e+00	0.00e+00	0.00e+00	0.00e+00	0.00e+00	0.00e+00	1.33e-73
 8.58186e+13	3.48e-25	1.03e-17	2.48e-11	4.35e-06	1.00e+00	1.26e-05	0.00e+00	0.00e+00	0.00e+00	0.00e+00	0.00e+00	0.00e+00	3.08e-73
 8.92813e+13	4.76e-25	1.31e-17	2.91e-11	4.71e-06	1.00e+00	1.17e-05	0.00e+00	0.00e+00	0.00e+00	0.00e+00	0.00e+00	0.00e+00	7.27e-73
 9.28825e+13	6.50e-25	1.65e-17	3.40e-11	5.09e-06	1.00e+00	1.08e-05	0.00e+00	0.00e+00	0.00e+00	0.00e+00	0.00e+00	0.00e+00	1.71e-72
 9.66277e+13	8.88e-25	2.09e-17	3.98e-11	5.51e-06	1.00e+00	9.98e-06	0.00e+00	0.00e+00	0.00e+00	0.00e+00	0.00e+00	0.00e+00	4.04e-72
 1.00523e+14	1.21e-24	2.64e-17	4.65e-11	5.96e-06	1.00e+00	9.23e-06	0.00e+00	0.00e+00	0.00e+00	0.00e+00	0.00e+00	0.00e+00	9.53e-72
 1.04283e+14	1.62e-24	3.28e-17	5.39e-11	6.42e-06	1.00e+00	8.58e-06	0.00e+00	0.00e+00	0.00e+00	0.00e+00	0.00e+00	0.00e+00	2.11e-71
 1.07810e+14	2.11e-24	4.00e-17	6.15e-11	6.85e-06	1.00e+00	8.03e-06	0.00e+00	0.00e+00	0.00e+00	0.00e+00	0.00e+00	0.00e+00	4.36e-71
 1.11768e+14	2.80e-24	4.94e-17	7.10e-11	7.37e-06	1.00e+00	7.47e-06	0.00e+00	0.00e+00	0.00e+00	0.00e+00	1.60e-17	3.34e-17	9.45e-71
 1.16269e+14	3.82e-24	6.26e-17	8.31e-11	7.97e-06	1.00e+00	6.91e-06	0.00e+00	0.00e+00	0.00e+00	0.00e+00	2.08e-17	4.18e-17	2.24e-70
 1.20777e+14	5.14e-24	7.83e-17	9.68e-11	8.61e-06	1.00e+00	6.40e-06	0.00e+00	0.00e+00	0.00e+00	0.00e+00	2.60e-17	5.23e-17	5.04e-70
 1.25466e+14	6.96e-24	9.83e-17	1.13e-10	9.28e-06	1.00e+00	5.94e-06	0.00e+00	0.00e+00	0.00e+00	0.00e+00	3.26e-17	6.56e-17	1.16e-69
 1.30515e+14	9.44e-24	1.24e-16	1.32e-10	1.01e-05	1.00e+00	5.48e-06	0.00e+00	0.00e+00	0.00e+00	0.00e+00	4.11e-17	8.27e-17	2.68e-69
 1.35238e+14	1.25e-23	1.53e-16	1.52e-10	1.08e-05	1.00e+00	5.11e-06	0.00e+00	0.00e+00	0.00e+00	0.00e+00	5.08e-17	1.02e-16	5.81e-69
 1.39429e+14	1.58e-23	1.83e-16	1.72e-10	1.15e-05	1.00e+00	4.80e-06	0.00e+00	0.00e+00	0.00e+00	0.00e+00	6.07e-17	1.22e-16	1.11e-68
 1.44123e+14	2.04e-23	2.22e-16	1.96e-10	1.23e-05	1.00e+00	4.49e-06	0.00e+00	0.00e+00	0.00e+00	0.00e+00	7.37e-17	1.48e-16	2.23e-68
 1.49728e+14	2.75e-23	2.78e-16	2.28e-10	1.33e-05	1.00e+00	4.16e-06	0.00e+00	0.00e+00	0.00e+00	0.00e+00	9.22e-17	1.85e-16	5.05e-68
 1.55325e+14	3.66e-23	3.45e-16	2.64e-10	1.43e-05	1.00e+00	3.86e-06	0.00e+00	0.00e+00	0.00e+00	0.00e+00	1.15e-16	2.30e-16	1.11e-67
 1.60482e+14	4.69e-23	4.16e-16	3.01e-10	1.53e-05	1.00e+00	3.61e-06	0.00e+00	0.00e+00	0.00e+00	0.00e+00	1.38e-16	2.78e-16	2.19e-67
 1.66255e+14	6.18e-23	5.13e-16	3.46e-10	1.64e-05	1.00e+00	3.36e-06	0.00e+00	0.00e+00	0.00e+00	0.00e+00	1.70e-16	3.43e-16	4.69e-67
 1.72923e+14	8.31e-23	6.42e-16	4.05e-10	1.78e-05	1.00e+00	3.10e-06	0.00e+00	0.00e+00	0.00e+00	0.00e+00	2.13e-16	4.29e-16	1.05e-66
 1.79402e+14	1.10e-22	7.98e-16	4.69e-10	1.91e-05	1.00e+00	2.88e-06	0.00e+00	0.00e+00	0.00e+00	0.00e+00	2.65e-16	5.33e-16	2.31e-66
 1.85527e+14	1.42e-22	9.65e-16	5.37e-10	2.05e-05	1.00e+00	2.69e-06	0.00e+00	0.00e+00	0.00e+00	0.00e+00	3.20e-16	6.45e-16	4.56e-66
 1.92364e+14	1.87e-22	1.19e-15	6.21e-10	2.21e-05	1.00e+00	2.49e-06	0.00e+00	0.00e+00	0.00e+00	0.00e+00	3.96e-16	7.97e-16	9.82e-66
 2.00089e+14	2.50e-22	1.49e-15	7.27e-10	2.40e-05	1.00e+00	2.30e-06	0.00e+00	0.00e+00	0.00e+00	0.00e+00	4.94e-16	9.95e-16	2.16e-65
 2.07793e+14	3.33e-22	1.86e-15	8.46e-10	2.59e-05	1.00e+00	2.12e-06	0.00e+00	0.00e+00	0.00e+00	0.00e+00	6.16e-16	1.24e-15	4.78e-65
 2.15805e+14	4.39e-22	2.29e-15	9.84e-10	2.81e-05	1.00e+00	1.96e-06	0.00e+00	0.00e+00	0.00e+00	0.00e+00	7.61e-16	1.53e-15	1.01e-64
 2.24467e+14	5.86e-22	2.86e-15	1.15e-09	3.05e-05	1.00e+00	1.81e-06	0.00e+00	0.00e+00	0.00e+00	0.00e+00	9.51e-16	1.91e-15	2.24e-64
 2.33475e+14	7.81e-22	3.57e-15	1.35e-09	3.31e-05	1.00e+00	1.66e-06	0.00e+00	0.00e+00	0.00e+00	0.00e+00	1.19e-15	2.39e-15	4.91e-64
 2.42844e+14	1.05e-21	4.48e-15	1.58e-09	3.60e-05	1.00e+00	1.53e-06	0.00e+00	0.00e+00	0.00e+00	0.00e+00	1.49e-15	3.00e-15	1.11e-63
 2.52588e+14	1.38e-21	5.55e-15	1.85e-09	3.91e-05	1.00e+00	1.43e-06	0.00e+00	0.00e+00	0.00e+00	0.00e+00	1.84e-15	3.71e-15	2.35e-63
 2.62721e+14	1.82e-21	6.90e-15	2.17e-09	4.25e-05	1.00e+00	1.34e-06	0.00e+00	0.00e+00	0.00e+00	0.00e+00	2.29e-15	4.61e-15	5.05e-63
 2.73260e+14	2.40e-21	8.57e-15	2.54e-09	4.63e-05	1.00e+00	1.25e-06	0.00e+00	0.00e+00	0.00e+00	0.00e+00	2.84e-15	5.73e-15	1.09e-62
 2.83608e+14	3.15e-21	1.06e-14	2.95e-09	5.01e-05	1.00e+00	1.17e-06	0.00e+00	0.00e+00	0.00e+00	0.00e+00	3.52e-15	7.08e-15	2.30e-62
 2.94370e+14	4.04e-21	1.29e-14	3.43e-09	5.43e-05	1.00e+00	1.10e-06	0.00e+00	0.00e+00	0.00e+00	0.00e+00	4.27e-15	8.60e-15	4.55e-62
 3.06175e+14	5.28e-21	1.59e-14	4.02e-09	5.92e-05	1.00e+00	1.03e-06	0.00e+00	0.00e+00	0.00e+00	0.00e+00	5.28e-15	1.06e-14	9.56e-62
 3.17969e+14	6.88e-21	1.97e-14	4.68e-09	6.42e-05	1.00e+00	9.71e-07	0.00e+00	0.00e+00	0.00e+00	0.00e+00	6.52e-15	1.31e-14	2.01e-61
 3.28526e+14	8.53e-21	2.33e-14	5.33e-09	6.90e-05	1.00e+00	0.00e+00	0.00e+00	0.00e+00	0.00e+00	0.00e+00	7.74e-15	1.56e-14	3.66e-61
 3.38008e+14	1.02e-20	2.69e-14	5.98e-09	7.35e-05	1.00e+00	0.00e+00	0.00e+00	0.00e+00	0.00e+00	0.00e+00	8.94e-15	1.80e-14	6.02e-61
 3.48819e+14	1.27e-20	3.21e-14	6.79e-09	7.87e-05	1.00e+00	0.00e+00	0.00e+00	0.00e+00	0.00e+00	0.00e+00	1.06e-14	2.14e-14	1.11e-60
 3.62043e+14	1.60e-20	3.86e-14	7.88e-09	8.55e-05	1.00e+00	0.00e+00	0.00e+00	0.00e+00	0.00e+00	0.00e+00	1.28e-14	2.58e-14	2.12e-60
 3.75506e+14	2.01e-20	4.66e-14	9.13e-09	9.28e-05	1.00e+00	0.00e+00	0.00e+00	0.00e+00	0.00e+00	0.00e+00	1.55e-14	3.11e-14	4.08e-60
 3.87757e+14	2.51e-20	5.56e-14	1.04e-08	9.97e-05	1.00e+00	0.00e+00	0.00e+00	0.00e+00	0.00e+00	0.00e+00	1.84e-14	3.72e-14	7.61e-60
 4.01329e+14	3.08e-20	6.58e-14	1.19e-08	1.08e-04	1.00e+00	0.00e+00	0.00e+00	0.00e+00	0.00e+00	0.00e+00	2.18e-14	4.40e-14	1.37e-59
 4.17195e+14	3.92e-20	8.01e-14	1.39e-08	1.17e-04	1.00e+00	0.00e+00	0.00e+00	0.00e+00	0.00e+00	0.00e+00	2.66e-14	5.36e-14	2.72e-59
 4.32954e+14	4.94e-20	9.69e-14	1.61e-08	1.28e-04	1.00e+00	0.00e+00	0.00e+00	0.00e+00	0.00e+00	0.00e+00	3.21e-14	6.47e-14	5.30e-59
 4.47006e+14	6.12e-20	1.15e-13	1.83e-08	1.37e-04	1.00e+00	0.00e+00	0.00e+00	0.00e+00	0.00e+00	0.00e+00	3.83e-14	7.71e-14	9.86e-59
 4.61929e+14	7.39e-20	1.35e-13	2.09e-08	1.47e-04	1.00e+00	0.00e+00	0.00e+00	0.00e+00	0.00e+00	0.00e+00	4.47e-14	9.02e-14	1.70e-58
 4.78729e+14	9.21e-20	1.62e-13	2.41e-08	1.60e-04	1.00e+00	0.00e+00	0.00e+00	0.00e+00	0.00e+00	0.00e+00	5.36e-14	1.08e-13	3.23e-58
 4.94688e+14	1.15e-19	1.94e-13	2.75e-08	1.72e-04	1.00e+00	0.00e+00	0.00e+00	0.00e+00	0.00e+00	0.00e+00	6.42e-14	1.29e-13	6.15e-58
 5.12152e+14	1.41e-19	2.29e-13	3.15e-08	1.85e-04	1.00e+00	0.00e+00	0.00e+00	0.00e+00	0.00e+00	0.00e+00	7.59e-14	1.53e-13	1.11e-57
 5.31432e+14	1.76e-19	2.75e-13	3.65e-08	2.01e-04	1.00e+00	0.00e+00	0.00e+00	0.00e+00	0.00e+00	0.00e+00	9.12e-14	1.84e-13	2.14e-57
 5.49273e+14	2.19e-19	3.30e-13	4.16e-08	2.16e-04	1.00e+00	0.00e+00	0.00e+00	0.00e+00	0.00e+00	0.00e+00	1.09e-13	2.20e-13	4.09e-57
 5.68665e+14	2.67e-19	3.88e-13	4.78e-08	2.34e-04	1.00e+00	0.00e+00	0.00e+00	0.00e+00	0.00e+00	0.00e+00	1.29e-13	2.59e-13	7.30e-57
 5.90327e+14	3.43e-19	4.76e-13	5.54e-08	2.54e-04	1.00e+00	0.00e+00	0.00e+00	0.00e+00	0.00e+00	0.00e+00	1.58e-13	3.18e-13	1.52e-56
 6.10905e+14	4.16e-19	5.60e-13	6.36e-08	2.74e-04	1.00e+00	0.00e+00	0.00e+00	0.00e+00	0.00e+00	0.00e+00	1.86e-13	3.74e-13	2.71e-56
 6.33213e+14	5.29e-19	6.81e-13	7.33e-08	2.96e-04	1.00e+00	0.00e+00	0.00e+00	0.00e+00	0.00e+00	0.00e+00	2.26e-13	4.55e-13	5.48e-56
 6.57991e+14	6.62e-19	8.20e-13	8.53e-08	3.23e-04	1.00e+00	0.00e+00	0.00e+00	0.00e+00	0.00e+00	0.00e+00	2.72e-13	5.48e-13	1.07e-55
 6.81710e+14	8.32e-19	9.91e-13	9.82e-08	3.49e-04	1.00e+00	0.00e+00	0.00e+00	0.00e+00	0.00e+00	0.00e+00	3.28e-13	6.62e-13	2.12e-55
 7.06957e+14	1.02e-18	1.18e-12	1.13e-07	3.78e-04	1.00e+00	0.00e+00	0.00e+00	0.00e+00	0.00e+00	0.00e+00	3.91e-13	7.88e-13	3.96e-55
 7.35265e+14	1.33e-18	1.46e-12	1.33e-07	4.12e-04	1.00e+00	0.00e+00	0.00e+00	0.00e+00	0.00e+00	0.00e+00	4.84e-13	9.76e-13	8.62e-55
 7.63619e+14	1.66e-18	1.75e-12	1.54e-07	4.48e-04	1.00e+00	0.00e+00	0.00e+00	0.00e+00	0.00e+00	0.00e+00	5.81e-13	1.17e-12	1.67e-54
 7.93106e+14	2.12e-18	2.14e-12	1.79e-07	4.86e-04	1.00e+00	0.00e+00	0.00e+00	0.00e+00	0.00e+00	0.00e+00	7.10e-13	1.43e-12	3.48e-54
 8.24860e+14	2.72e-18	2.63e-12	2.09e-07	5.30e-04	9.99e-01	0.00e+00	0.00e+00	0.00e+00	0.00e+00	0.00e+00	8.73e-13	1.76e-12	7.38e-54
 8.57885e+14	3.43e-18	3.20e-12	2.44e-07	5.78e-04	9.99e-01	0.00e+00	0.00e+00	0.00e+00	0.00e+00	0.00e+00	1.06e-12	2.14e-12	1.50e-53
 8.92230e+14	4.46e-18	3.95e-12	2.85e-07	6.29e-04	9.99e-01	0.00e+00	0.00e+00	0.00e+00	0.00e+00	0.00e+00	1.31e-12	2.64e-12	3.26e-53
 9.27949e+14	5.70e-18	4.86e-12	3.33e-07	6.86e-04	9.99e-01	0.00e+00	0.00e+00	0.00e+00	0.00e+00	0.00e+00	1.61e-12	3.25e-12	6.94e-53
 9.65097e+14	7.27e-18	5.93e-12	3.89e-07	7.48e-04	9.99e-01	0.00e+00	0.00e+00	0.00e+00	0.00e+00	0.00e+00	1.96e-12	3.96e-12	1.45e-52
 1.00373e+15	9.47e-18	7.34e-12	4.55e-07	8.15e-04	9.99e-01	0.00e+00	0.00e+00	0.00e+00	0.00e+00	0.00e+00	2.43e-12	4.91e-12	3.19e-52
 1.04065e+15	1.19e-17	8.88e-12	5.25e-07	8.82e-04	9.99e-01	0.00e+00	0.00e+00	0.00e+00	0.00e+00	0.00e+00	2.94e-12	5.94e-12	6.45e-52
 1.07231e+15	1.45e-17	1.04e-11	5.93e-07	9.44e-04	9.99e-01	0.00e+00	0.00e+00	0.00e+00	0.00e+00	0.00e+00	3.46e-12	6.98e-12	1.17e-51
 1.10549e+15	1.77e-17	1.23e-11	6.70e-07	1.01e-03	9.99e-01	0.00e+00	0.00e+00	0.00e+00	0.00e+00	0.00e+00	4.07e-12	8.22e-12	2.16e-51
 1.14675e+15	2.24e-17	1.50e-11	7.74e-07	1.09e-03	9.99e-01	0.00e+00	0.00e+00	0.00e+00	0.00e+00	0.00e+00	4.95e-12	1.00e-11	4.47e-51
 1.18896e+15	2.85e-17	1.82e-11	8.96e-07	1.18e-03	9.99e-01	0.00e+00	0.00e+00	0.00e+00	0.00e+00	0.00e+00	6.02e-12	1.21e-11	9.27e-51
 1.22632e+15	3.52e-17	2.15e-11	1.01e-06	1.27e-03	9.99e-01	0.00e+00	0.00e+00	0.00e+00	0.00e+00	0.00e+00	7.14e-12	1.44e-11	1.76e-50
 1.26694e+15	4.40e-17	2.58e-11	1.15e-06	1.36e-03	9.99e-01	0.00e+00	0.00e+00	0.00e+00	0.00e+00	0.00e+00	8.55e-12	1.72e-11	3.47e-50
 1.31572e+15	5.62e-17	3.16e-11	1.34e-06	1.47e-03	9.99e-01	0.00e+00	0.00e+00	4.94e-18	1.48e-17	2.47e-17	1.05e-11	2.11e-11	7.41e-50
 1.36364e+15	7.20e-17	3.85e-11	1.55e-06	1.60e-03	9.98e-01	0.00e+00	0.00e+00	6.33e-18	1.90e-17	3.17e-17	1.28e-11	2.58e-11	1.58e-49
 1.40581e+15	8.91e-17	4.57e-11	1.75e-06	1.71e-03	9.98e-01	0.00e+00	0.00e+00	7.84e-18	2.35e-17	3.93e-17	1.51e-11	3.05e-11	3.02e-49
 1.45195e+15	1.11e-16	5.47e-11	1.99e-06	1.83e-03	9.98e-01	0.00e+00	0.00e+00	9.81e-18	2.94e-17	4.91e-17	1.81e-11	3.66e-11	5.98e-49
 1.50761e+15	1.43e-16	6.71e-11	2.31e-06	1.98e-03	9.98e-01	0.00e+00	0.00e+00	1.26e-17	3.78e-17	6.30e-17	2.22e-11	4.48e-11	1.29e-48
 1.56355e+15	1.86e-16	8.27e-11	2.68e-06	2.15e-03	9.98e-01	0.00e+00	0.00e+00	1.64e-17	4.93e-17	8.22e-17	2.74e-11	5.53e-11	2.89e-48
 1.61425e+15	2.33e-16	9.90e-11	3.04e-06	2.30e-03	9.98e-01	0.00e+00	0.00e+00	2.06e-17	6.18e-17	1.03e-16	3.28e-11	6.62e-11	5.76e-48
 1.67021e+15	2.97e-16	1.20e-10	3.48e-06	2.47e-03	9.98e-01	0.00e+00	0.00e+00	2.63e-17	7.88e-17	1.31e-16	3.98e-11	8.03e-11	1.20e-47
 1.73589e+15	3.84e-16	1.48e-10	4.06e-06	2.68e-03	9.97e-01	0.00e+00	0.00e+00	3.40e-17	1.02e-16	1.70e-16	4.91e-11	9.90e-11	2.66e-47
 1.80078e+15	5.04e-16	1.84e-10	4.71e-06	2.91e-03	9.97e-01	0.00e+00	0.00e+00	4.46e-17	1.34e-16	2.23e-16	6.09e-11	1.23e-10	6.10e-47
 1.86124e+15	6.41e-16	2.22e-10	5.37e-06	3.12e-03	9.97e-01	0.00e+00	0.00e+00	5.68e-17	1.70e-16	2.84e-16	7.36e-11	1.48e-10	1.25e-46
 1.92871e+15	8.31e-16	2.73e-10	6.19e-06	3.36e-03	9.97e-01	0.00e+00	0.00e+00	7.37e-17	2.21e-16	3.69e-16	9.04e-11	1.82e-10	2.74e-46
 2.00589e+15	1.08e-15	3.38e-10	7.24e-06	3.65e-03	9.96e-01	0.00e+00	0.00e+00	9.58e-17	2.87e-16	4.79e-16	1.12e-10	2.26e-10	6.15e-46
 2.08240e+15	1.44e-15	4.23e-10	8.41e-06	3.96e-03	9.96e-01	0.00e+00	0.00e+00	1.28e-16	3.84e-16	6.40e-16	1.40e-10	2.82e-10	1.46e-45
 2.16197e+15	1.90e-15	5.26e-10	9.78e-06	4.29e-03	9.96e-01	0.00e+00	0.00e+00	1.69e-16	5.07e-16	8.46e-16	1.74e-10	3.52e-10	3.33e-45
 2.24848e+15	2.53e-15	6.60e-10	1.14e-05	4.65e-03	9.95e-01	0.00e+00	0.00e+00	2.25e-16	6.76e-16	1.13e-15	2.19e-10	4.41e-10	7.80e-45
 2.33845e+15	3.31e-15	8.19e-10	1.34e-05	5.05e-03	9.95e-01	0.00e+00	0.00e+00	2.95e-16	8.84e-16	1.47e-15	2.72e-10	5.47e-10	1.77e-44
 2.43202e+15	4.50e-15	1.04e-09	1.57e-05	5.49e-03	9.94e-01	0.00e+00	0.00e+00	4.01e-16	1.20e-15	2.01e-15	3.45e-10	6.94e-10	4.33e-44
 2.52933e+15	6.06e-15	1.31e-09	1.83e-05	5.96e-03	9.94e-01	0.00e+00	0.00e+00	5.40e-16	1.62e-15	2.70e-15	4.35e-10	8.76e-10	1.03e-43
 2.63053e+15	8.10e-15	1.65e-09	2.14e-05	6.47e-03	9.94e-01	0.00e+00	0.00e+00	7.23e-16	2.17e-15	3.62e-15	5.47e-10	1.10e-09	2.40e-43
 2.73578e+15	1.09e-14	2.08e-09	2.51e-05	7.03e-03	9.93e-01	0.00e+00	0.00e+00	9.70e-16	2.91e-15	4.85e-15	6.89e-10	1.39e-09	5.61e-43
 2.84524e+15	1.45e-14	2.61e-09	2.94e-05	7.62e-03	9.92e-01	0.00e+00	0.00e+00	1.30e-15	3.89e-15	6.49e-15	8.67e-10	1.74e-09	1.29e-42
 2.95908e+15	1.91e-14	3.24e-09	3.43e-05	8.26e-03	9.92e-01	0.00e+00	0.00e+00	1.70e-15	5.11e-15	8.52e-15	1.08e-09	2.17e-09	2.83e-42
 3.06154e+15	2.47e-14	3.98e-09	3.94e-05	8.87e-03	9.91e-01	0.00e+00	0.00e+00	2.21e-15	6.63e-15	1.11e-14	1.32e-09	2.66e-09	5.94e-42
 3.14651e+15	3.05e-14	4.68e-09	4.39e-05	9.39e-03	9.91e-01	0.00e+00	0.00e+00	2.73e-15	8.18e-15	1.36e-14	1.55e-09	3.13e-09	1.07e-41
 3.23974e+15	3.85e-14	5.61e-09	4.94e-05	9.98e-03	9.90e-01	0.00e+00	0.00e+00	3.45e-15	1.04e-14	1.73e-14	1.86e-09	3.75e-09	2.07e-41
 3.35830e+15	4.94e-14	6.85e-09	5.71e-05	1.07e-02	9.89e-01	0.00e+00	0.00e+00	4.42e-15	1.33e-14	2.21e-14	2.27e-09	4.57e-09	4.18e-41
 3.48239e+15	6.51e-14	8.51e-09	6.60e-05	1.16e-02	9.88e-01	0.00e+00	0.00e+00	5.84e-15	1.75e-14	2.92e-14	2.82e-09	5.68e-09	9.01e-41
 3.59181e+15	8.26e-14	1.02e-08	7.48e-05	1.24e-02	9.88e-01	0.00e+00	0.00e+00	7.40e-15	2.22e-14	3.70e-14	3.40e-09	6.84e-09	1.74e-40
 3.70957e+15	1.05e-13	1.24e-08	8.51e-05	1.32e-02	9.87e-01	0.00e+00	0.00e+00	9.44e-15	2.83e-14	4.72e-14	4.12e-09	8.28e-09	3.39e-40
 3.85167e+15	1.39e-13	1.55e-08	9.90e-05	1.43e-02	9.86e-01	0.00e+00	0.00e+00	1.25e-14	3.75e-14	6.26e-14	5.14e-09	1.03e-08	7.35e-40
 3.99212e+15	1.83e-13	1.92e-08	1.14e-04	1.54e-02	9.85e-01	0.00e+00	0.00e+00	1.65e-14	4.94e-14	8.23e-14	6.37e-09	1.28e-08	1.54e-39
 4.11632e+15	2.32e-13	2.31e-08	1.29e-04	1.64e-02	9.83e-01	0.00e+00	0.00e+00	2.08e-14	6.24e-14	1.04e-13	7.66e-09	1.54e-08	2.81e-39
 4.25270e+15	2.96e-13	2.80e-08	1.48e-04	1.75e-02	9.82e-01	0.00e+00	0.00e+00	2.66e-14	7.98e-14	1.33e-13	9.30e-09	1.87e-08	5.44e-39
 4.41639e+15	3.93e-13	3.50e-08	1.72e-04	1.89e-02	9.81e-01	0.00e+00	0.00e+00	3.53e-14	1.06e-13	1.77e-13	1.16e-08	2.34e-08	1.16e-38
 4.57905e+15	5.17e-13	4.35e-08	1.99e-04	2.04e-02	9.79e-01	0.00e+00	0.00e+00	4.65e-14	1.40e-13	2.33e-13	1.45e-08	2.91e-08	2.43e-38
 4.72588e+15	6.59e-13	5.27e-08	2.26e-04	2.18e-02	9.78e-01	0.00e+00	0.00e+00	5.93e-14	1.78e-13	2.97e-13	1.75e-08	3.52e-08	4.66e-38
 4.88867e+15	8.69e-13	6.55e-08	2.60e-04	2.34e-02	9.76e-01	0.00e+00	0.00e+00	7.83e-14	2.35e-13	3.92e-13	2.18e-08	4.37e-08	9.70e-38
 5.08031e+15	1.16e-12	8.25e-08	3.04e-04	2.53e-02	9.74e-01	0.00e+00	0.00e+00	1.05e-13	3.14e-13	5.24e-13	2.74e-08	5.51e-08	2.10e-37
 5.26888e+15	1.53e-12	1.03e-07	3.53e-04	2.73e-02	9.72e-01	0.00e+00	0.00e+00	1.38e-13	4.15e-13	6.91e-13	3.42e-08	6.87e-08	4.24e-37
 5.44349e+15	1.97e-12	1.25e-07	4.03e-04	2.93e-02	9.70e-01	0.00e+00	0.00e+00	1.78e-13	5.33e-13	8.88e-13	4.17e-08	8.37e-08	8.15e-37
 5.63975e+15	2.58e-12	1.55e-07	4.66e-04	3.15e-02	9.68e-01	0.00e+00	0.00e+00	2.33e-13	6.98e-13	1.16e-12	5.17e-08	1.04e-07	1.65e-36
 5.85641e+15	3.36e-12	1.92e-07	5.44e-04	3.41e-02	9.65e-01	0.00e+00	0.00e+00	3.03e-13	9.09e-13	1.52e-12	6.39e-08	1.28e-07	3.20e-36
 6.06528e+15	4.49e-12	2.42e-07	6.29e-04	3.68e-02	9.63e-01	0.00e+00	0.00e+00	4.05e-13	1.22e-12	2.03e-12	8.06e-08	1.62e-07	6.73e-36
 6.26363e+15	5.75e-12	2.96e-07	7.19e-04	3.93e-02	9.60e-01	0.00e+00	0.00e+00	5.20e-13	1.56e-12	2.60e-12	9.83e-08	1.97e-07	1.27e-35
 6.48339e+15	7.48e-12	3.65e-07	8.30e-04	4.23e-02	9.57e-01	0.00e+00	0.00e+00	6.76e-13	2.03e-12	3.38e-12	1.21e-07	2.44e-07	2.48e-35
 6.73011e+15	9.75e-12	4.52e-07	9.69e-04	4.57e-02	9.53e-01	0.00e+00	0.00e+00	8.81e-13	2.64e-12	4.41e-12	1.50e-07	3.02e-07	4.85e-35
 6.96494e+15	1.30e-11	5.69e-07	1.12e-03	4.93e-02	9.50e-01	0.00e+00	0.00e+00	1.18e-12	3.53e-12	5.88e-12	1.89e-07	3.80e-07	1.00e-34
 7.18727e+15	1.66e-11	6.93e-07	1.28e-03	5.27e-02	9.46e-01	0.00e+00	0.00e+00	1.50e-12	4.50e-12	7.51e-12	2.30e-07	4.62e-07	1.87e-34
 7.44026e+15	2.17e-11	8.59e-07	1.48e-03	5.68e-02	9.42e-01	0.00e+00	0.00e+00	1.96e-12	5.89e-12	9.81e-12	2.86e-07	5.73e-07	3.62e-34
 7.71824e+15	2.82e-11	1.06e-06	1.73e-03	6.15e-02	9.37e-01	0.00e+00	0.00e+00	2.56e-12	7.67e-12	1.28e-11	3.54e-07	7.10e-07	6.87e-34
 7.98318e+15	3.77e-11	1.34e-06	2.01e-03	6.63e-02	9.32e-01	0.00e+00	0.00e+00	3.42e-12	1.02e-11	1.71e-11	4.47e-07	8.96e-07	1.43e-33
 8.21057e+15	4.69e-11	1.61e-06	2.27e-03	7.06e-02	9.27e-01	0.00e+00	0.00e+00	4.25e-12	1.28e-11	2.13e-11	5.34e-07	1.07e-06	2.47e-33
 8.43465e+15	5.82e-11	1.91e-06	2.56e-03	7.50e-02	9.22e-01	0.00e+00	0.00e+00	5.29e-12	1.59e-11	2.64e-11	6.36e-07	1.28e-06	4.17e-33
 8.72595e+15	7.64e-11	2.38e-06	2.97e-03	8.09e-02	9.16e-01	0.00e+00	0.00e+00	6.94e-12	2.08e-11	3.47e-11	7.92e-07	1.59e-06	8.08e-33
 9.03042e+15	1.01e-10	2.99e-06	3.47e-03	8.76e-02	9.09e-01	0.00e+00	0.00e+00	9.18e-12	2.75e-11	4.59e-11	9.94e-07	1.99e-06	1.60e-32
 9.28629e+15	1.27e-10	3.59e-06	3.94e-03	9.33e-02	9.03e-01	0.00e+00	0.00e+00	1.15e-11	3.46e-11	5.76e-11	1.20e-06	2.40e-06	2.73e-32
 9.55321e+15	1.60e-10	4.34e-06	4.49e-03	9.96e-02	8.96e-01	0.00e+00	0.00e+00	1.46e-11	4.37e-11	7.29e-11	1.44e-06	2.89e-06	4.76e-32
 9.89817e+15	2.11e-10	5.42e-06	5.30e-03	1.08e-01	8.86e-01	0.00e+00	0.00e+00	1.93e-11	5.78e-11	9.63e-11	1.80e-06	3.62e-06	8.98e-32
 1.02444e+16	2.90e-10	7.01e-06	6.25e-03	1.18e-01	8.76e-01	0.00e+00	0.00e+00	2.65e-11	7.94e-11	1.32e-10	2.33e-06	4.68e-06	1.93e-31
 1.05127e+16	3.63e-10	8.41e-06	7.08e-03	1.25e-01	8.68e-01	0.00e+00	0.00e+00	3.31e-11	9.93e-11	1.66e-10	2.80e-06	5.61e-06	3.26e-31
 1.07798e+16	4.56e-10	1.01e-05	8.03e-03	1.34e-01	8.58e-01	0.00e+00	0.00e+00	4.16e-11	1.25e-10	2.08e-10	3.36e-06	6.73e-06	5.48e-31
 1.11270e+16	6.11e-10	1.28e-05	9.45e-03	1.45e-01	8.46e-01	0.00e+00	0.00e+00	5.58e-11	1.67e-10	2.79e-10	4.25e-06	8.52e-06	1.08e-30
 1.14783e+16	7.88e-10	1.56e-05	1.11e-02	1.56e-01	8.33e-01	0.00e+00	0.00e+00	7.20e-11	2.16e-10	3.60e-10	5.21e-06	1.04e-05	1.85e-30
 1.17607e+16	1.02e-09	1.93e-05	1.26e-02	1.67e-01	8.20e-01	0.00e+00	0.00e+00	9.34e-11	2.80e-10	4.67e-10	6.43e-06	1.29e-05	3.41e-30
 1.20120e+16	1.25e-09	2.28e-05	1.42e-02	1.77e-01	8.09e-01	0.00e+00	0.00e+00	1.15e-10	3.44e-10	5.74e-10	7.59e-06	1.52e-05	5.39e-30
 1.22969e+16	1.59e-09	2.74e-05	1.62e-02	1.88e-01	7.95e-01	0.00e+00	0.00e+00	1.45e-10	4.35e-10	7.26e-10	9.14e-06	1.83e-05	9.06e-30
 1.26182e+16	2.02e-09	3.32e-05	1.87e-02	2.02e-01	7.79e-01	0.00e+00	0.00e+00	1.85e-10	5.54e-10	9.24e-10	1.11e-05	2.22e-05	1.51e-29
 1.29213e+16	2.67e-09	4.16e-05	2.16e-02	2.17e-01	7.61e-01	0.00e+00	0.00e+00	2.45e-10	7.36e-10	1.23e-09	1.39e-05	2.78e-05	2.89e-29
 1.31942e+16	3.37e-09	5.01e-05	2.46e-02	2.31e-01	7.45e-01	0.00e+00	0.00e+00	3.09e-10	9.27e-10	1.54e-09	1.67e-05	3.34e-05	4.81e-29
 1.34934e+16	4.38e-09	6.16e-05	2.84e-02	2.47e-01	7.25e-01	0.00e+00	0.00e+00	4.03e-10	1.21e-09	2.01e-09	2.05e-05	4.11e-05	8.59e-29
 1.38130e+16	5.57e-09	7.43e-05	3.30e-02	2.65e-01	7.02e-01	0.00e+00	0.00e+00	5.12e-10	1.54e-09	2.56e-09	2.48e-05	4.95e-05	1.38e-28
 1.40917e+16	7.41e-09	9.33e-05	3.80e-02	2.83e-01	6.79e-01	0.00e+00	0.00e+00	6.83e-10	2.05e-09	3.41e-09	3.11e-05	6.22e-05	2.69e-28
 1.43306e+16	9.10e-09	1.10e-04	4.28e-02	2.99e-01	6.59e-01	0.00e+00	0.00e+00	8.39e-10	2.51e-09	4.19e-09	3.66e-05	7.31e-05	4.13e-28
 1.45854e+16	1.17e-08	1.34e-04	4.89e-02	3.17e-01	6.34e-01	0.00e+00	0.00e+00	1.08e-09	3.25e-09	5.41e-09	4.46e-05	8.92e-05	7.37e-28
 1.48280e+16	1.47e-08	1.59e-04	5.53e-02	3.35e-01	6.09e-01	0.00e+00	0.00e+00	1.36e-09	4.07e-09	6.78e-09	5.32e-05	1.06e-04	1.19e-27
 1.50245e+16	1.73e-08	1.81e-04	6.13e-02	3.51e-01	5.87e-01	0.00e+00	0.00e+00	1.60e-09	4.79e-09	7.98e-09	6.02e-05	1.20e-04	1.64e-27
 1.52498e+16	2.26e-08	2.23e-04	6.96e-02	3.71e-01	5.59e-01	0.00e+00	0.00e+00	2.09e-09	6.26e-09	1.04e-08	7.42e-05	1.48e-04	3.12e-27
 1.54595e+16	2.78e-08	2.62e-04	7.80e-02	3.90e-01	5.32e-01	0.00e+00	0.00e+00	2.58e-09	7.72e-09	1.29e-08	8.73e-05	1.74e-04	4.92e-27
 1.56122e+16	3.18e-08	2.89e-04	8.49e-02	4.04e-01	5.11e-01	0.00e+00	0.00e+00	2.94e-09	8.83e-09	1.47e-08	9.65e-05	1.93e-04	6.39e-27
 1.57742e+16	3.79e-08	3.32e-04	9.33e-02	4.21e-01	4.86e-01	0.00e+00	0.00e+00	3.52e-09	1.05e-08	1.76e-08	1.11e-04	2.21e-04	9.60e-27
 1.59847e+16	4.94e-08	4.07e-04	1.06e-01	4.43e-01	4.50e-01	0.00e+00	0.00e+00	4.58e-09	1.37e-08	2.29e-08	1.36e-04	2.71e-04	1.83e-26
 1.61994e+16	6.39e-08	4.95e-04	1.20e-01	4.67e-01	4.12e-01	0.00e+00	0.00e+00	5.94e-09	1.78e-08	2.97e-08	1.65e-04	3.30e-04	3.39e-26
 1.63667e+16	7.84e-08	5.75e-04	1.33e-01	4.86e-01	3.80e-01	0.00e+00	0.00e+00	7.29e-09	2.19e-08	3.64e-08	1.92e-04	3.83e-04	5.42e-26
 1.65035e+16	9.24e-08	6.50e-04	1.45e-01	5.03e-01	3.52e-01	0.00e+00	0.00e+00	8.61e-09	2.58e-08	4.30e-08	2.17e-04	4.33e-04	7.93e-26
 1.66532e+16	1.14e-07	7.57e-04	1.59e-01	5.22e-01	3.18e-01	0.00e+00	0.00e+00	1.06e-08	3.18e-08	5.29e-08	2.53e-04	5.04e-04	1.35e-25
 1.68095e+16	1.40e-07	8.80e-04	1.76e-01	5.41e-01	2.82e-01	0.00e+00	0.00e+00	1.30e-08	3.91e-08	6.52e-08	2.94e-04	5.86e-04	2.25e-25
 1.69361e+16	1.65e-07	9.90e-04	1.90e-01	5.57e-01	2.52e-01	0.00e+00	0.00e+00	1.54e-08	4.63e-08	7.71e-08	3.30e-04	6.60e-04	3.35e-25
 1.70391e+16	1.93e-07	1.10e-03	2.03e-01	5.70e-01	2.26e-01	0.00e+00	0.00e+00	1.80e-08	5.41e-08	9.00e-08	3.68e-04	7.35e-04	5.01e-25
 1.71353e+16	2.20e-07	1.21e-03	2.15e-01	5.82e-01	2.01e-01	0.00e+00	0.00e+00	2.07e-08	6.19e-08	1.03e-07	4.04e-04	8.07e-04	7.05e-25
 1.72169e+16	2.43e-07	1.29e-03	2.26e-01	5.92e-01	1.80e-01	0.00e+00	0.00e+00	2.28e-08	6.83e-08	1.14e-07	4.32e-04	8.61e-04	8.91e-25
 1.72823e+16	2.73e-07	1.40e-03	2.35e-01	6.00e-01	1.63e-01	0.00e+00	0.00e+00	2.57e-08	7.71e-08	1.28e-07	4.68e-04	9.34e-04	1.24e-24
 1.73386e+16	2.96e-07	1.48e-03	2.43e-01	6.07e-01	1.48e-01	0.00e+00	0.00e+00	2.79e-08	8.37e-08	1.39e-07	4.94e-04	9.85e-04	1.53e-24
 1.73953e+16	3.18e-07	1.55e-03	2.52e-01	6.13e-01	1.33e-01	0.00e+00	0.00e+00	3.00e-08	8.98e-08	1.50e-07	5.18e-04	1.03e-03	1.83e-24
 1.74689e+16	3.63e-07	1.69e-03	2.63e-01	6.21e-01	1.14e-01	0.00e+00	0.00e+00	3.43e-08	1.03e-07	1.71e-07	5.63e-04	1.12e-03	2.61e-24
 1.75380e+16	3.97e-07	1.79e-03	2.72e-01	6.28e-01	9.82e-02	0.00e+00	0.00e+00	3.76e-08	1.13e-07	1.87e-07	5.99e-04	1.19e-03	3.33e-24
 1.75884e+16	4.24e-07	1.88e-03	2.80e-01	6.32e-01	8.65e-02	0.00e+00	0.00e+00	4.02e-08	1.21e-07	2.01e-07	6.28e-04	1.25e-03	4.06e-24
 1.76411e+16	4.54e-07	1.97e-03	2.87e-01	6.36e-01	7.48e-02	0.00e+00	0.00e+00	4.32e-08	1.29e-07	2.15e-07	6.59e-04	1.31e-03	4.95e-24
 1.77095e+16	4.98e-07	2.09e-03	2.97e-01	6.40e-01	6.12e-02	0.00e+00	0.00e+00	4.75e-08	1.42e-07	2.37e-07	6.98e-04	1.39e-03	6.29e-24
 1.77801e+16	5.41e-07	2.21e-03	3.06e-01	6.43e-01	4.90e-02	0.00e+00	0.00e+00	5.18e-08	1.55e-07	2.58e-07	7.39e-04	1.47e-03	7.94e-24
 1.78396e+16	5.80e-07	2.32e-03	3.13e-01	6.44e-01	4.01e-02	0.00e+00	0.00e+00	5.56e-08	1.67e-07	2.77e-07	7.74e-04	1.54e-03	9.57e-24
 1.79029e+16	6.23e-07	2.43e-03	3.21e-01	6.44e-01	3.18e-02	0.00e+00	0.00e+00	6.00e-08	1.80e-07	2.99e-07	8.13e-04	1.62e-03	1.17e-23
 1.79852e+16	6.82e-07	2.58e-03	3.31e-01	6.43e-01	2.34e-02	0.00e+00	0.00e+00	6.58e-08	1.97e-07	3.28e-07	8.63e-04	1.72e-03	1.47e-23
 1.80775e+16	7.46e-07	2.74e-03	3.41e-01	6.40e-01	1.66e-02	0.00e+00	0.00e+00	7.24e-08	2.17e-07	3.61e-07	9.16e-04	1.82e-03	1.85e-23
 1.81815e+16	8.21e-07	2.91e-03	3.51e-01	6.35e-01	1.13e-02	0.00e+00	0.00e+00	7.99e-08	2.39e-07	3.98e-07	9.74e-04	1.94e-03	2.33e-23
 1.83154e+16	9.14e-07	3.11e-03	3.61e-01	6.28e-01	7.04e-03	0.00e+00	0.00e+00	8.93e-08	2.67e-07	4.45e-07	1.04e-03	2.07e-03	3.01e-23
