#depth	O	O+	O+2	O+3	O+4	O+5	O+6	O+7	O+8	O[1]	O[2]	O[3]
 1.49634e+10	0.00e+00	0.00e+00	1.97e-27	2.51e-18	7.68e-11	1.77e-05	1.00e+00	0.00e+00	0.00e+00	0.00e+00	0.00e+00	0.00e+00
 4.54887e+10	0.00e+00	6.91e-38	2.70e-27	3.17e-18	9.00e-11	1.92e-05	1.00e+00	0.00e+00	0.00e+00	0.00e+00	0.00e+00	0.00e+00
 7.72350e+10	0.00e+00	0.00e+00	3.69e-27	4.02e-18	1.05e-10	2.08e-05	1.00e+00	0.00e+00	0.00e+00	0.00e+00	0.00e+00	0.00e+00
 1.10251e+11	0.00e+00	1.51e-37	5.04e-27	5.09e-18	1.24e-10	2.25e-05	1.00e+00	0.00e+00	0.00e+00	0.00e+00	0.00e+00	0.00e+00
 1.44588e+11	0.00e+00	0.00e+00	6.90e-27	6.44e-18	1.45e-10	2.44e-05	1.00e+00	0.00e+00	0.00e+00	0.00e+00	0.00e+00	0.00e+00
 1.80298e+11	0.00e+00	3.29e-37	9.43e-27	8.16e-18	1.70e-10	2.65e-05	1.00e+00	0.00e+00	0.00e+00	0.00e+00	0.00e+00	0.00e+00
 2.17437e+11	0.00e+00	0.00e+00	1.29e-26	1.03e-17	1.99e-10	2.87e-05	1.00e+00	0.00e+00	0.00e+00	0.00e+00	0.00e+00	0.00e+00
 2.56061e+11	0.00e+00	7.16e-37	1.76e-26	1.31e-17	2.33e-10	3.11e-05	1.00e+00	0.00e+00	0.00e+00	0.00e+00	0.00e+00	0.00e+00
 2.96231e+11	0.00e+00	0.00e+00	2.41e-26	1.66e-17	2.73e-10	3.37e-05	1.00e+00	0.00e+00	0.00e+00	0.00e+00	0.00e+00	0.00e+00
 3.38007e+11	0.00e+00	1.56e-36	3.29e-26	2.10e-17	3.20e-10	3.65e-05	1.00e+00	0.00e+00	0.00e+00	0.00e+00	0.00e+00	0.00e+00
 3.81454e+11	7.81e-48	2.30e-36	4.50e-26	2.66e-17	3.76e-10	3.95e-05	1.00e+00	0.00e+00	0.00e+00	0.00e+00	0.00e+00	0.00e+00
 4.26639e+11	0.00e+00	0.00e+00	6.15e-26	3.37e-17	4.40e-10	4.29e-05	1.00e+00	0.00e+00	0.00e+00	0.00e+00	0.00e+00	0.00e+00
 4.73631e+11	0.00e+00	4.99e-36	8.40e-26	4.26e-17	5.17e-10	4.65e-05	1.00e+00	0.00e+00	0.00e+00	0.00e+00	0.00e+00	0.00e+00
 5.22503e+11	3.15e-47	7.36e-36	1.15e-25	5.40e-17	6.06e-10	5.04e-05	1.00e+00	0.00e+00	0.00e+00	0.00e+00	0.00e+00	0.00e+00
 5.73330e+11	0.00e+00	0.00e+00	1.57e-25	6.84e-17	7.11e-10	5.47e-05	1.00e+00	0.00e+00	0.00e+00	0.00e+00	0.00e+00	0.00e+00
 6.26190e+11	0.00e+00	1.60e-35	2.14e-25	8.66e-17	8.34e-10	5.93e-05	1.00e+00	0.00e+00	0.00e+00	0.00e+00	0.00e+00	0.00e+00
 6.81164e+11	1.26e-46	2.35e-35	2.93e-25	1.10e-16	9.79e-10	6.43e-05	1.00e+00	0.00e+00	0.00e+00	0.00e+00	0.00e+00	0.00e+00
 7.38337e+11	0.00e+00	0.00e+00	4.00e-25	1.39e-16	1.15e-09	6.98e-05	1.00e+00	0.00e+00	0.00e+00	0.00e+00	0.00e+00	0.00e+00
 7.97798e+11	0.00e+00	5.08e-35	5.45e-25	1.76e-16	1.35e-09	7.57e-05	1.00e+00	0.00e+00	0.00e+00	0.00e+00	0.00e+00	0.00e+00
 8.59636e+11	5.03e-46	7.46e-35	7.44e-25	2.23e-16	1.58e-09	8.22e-05	1.00e+00	0.00e+00	0.00e+00	0.00e+00	0.00e+00	0.00e+00
 9.23949e+11	0.00e+00	1.10e-34	1.02e-24	2.83e-16	1.86e-09	8.93e-05	1.00e+00	0.00e+00	0.00e+00	0.00e+00	0.00e+00	0.00e+00
 9.90833e+11	1.26e-45	1.61e-34	1.39e-24	3.58e-16	2.18e-09	9.69e-05	1.00e+00	0.00e+00	0.00e+00	0.00e+00	0.00e+00	0.00e+00
 1.06039e+12	0.00e+00	2.36e-34	1.89e-24	4.54e-16	2.57e-09	1.05e-04	1.00e+00	0.00e+00	0.00e+00	0.00e+00	0.00e+00	0.00e+00
 1.13274e+12	3.15e-45	3.46e-34	2.58e-24	5.75e-16	3.02e-09	1.14e-04	1.00e+00	0.00e+00	0.00e+00	0.00e+00	0.00e+00	0.00e+00
 1.20797e+12	0.00e+00	5.08e-34	3.51e-24	7.28e-16	3.54e-09	1.24e-04	1.00e+00	0.00e+00	0.00e+00	0.00e+00	0.00e+00	0.00e+00
 1.28622e+12	7.82e-45	7.44e-34	4.79e-24	9.23e-16	4.17e-09	1.35e-04	1.00e+00	0.00e+00	0.00e+00	0.00e+00	0.00e+00	0.00e+00
 1.36759e+12	0.00e+00	1.09e-33	6.52e-24	1.17e-15	4.90e-09	1.47e-04	1.00e+00	0.00e+00	0.00e+00	0.00e+00	0.00e+00	0.00e+00
 1.45222e+12	1.94e-44	1.59e-33	8.88e-24	1.48e-15	5.76e-09	1.60e-04	1.00e+00	0.00e+00	0.00e+00	0.00e+00	0.00e+00	0.00e+00
 1.54024e+12	0.00e+00	2.32e-33	1.21e-23	1.88e-15	6.77e-09	1.74e-04	1.00e+00	0.00e+00	0.00e+00	0.00e+00	0.00e+00	0.00e+00
 1.63178e+12	4.78e-44	3.39e-33	1.64e-23	2.38e-15	7.96e-09	1.89e-04	1.00e+00	0.00e+00	0.00e+00	0.00e+00	0.00e+00	0.00e+00
 1.72697e+12	0.00e+00	4.95e-33	2.23e-23	3.01e-15	9.37e-09	2.06e-04	1.00e+00	0.00e+00	0.00e+00	0.00e+00	0.00e+00	0.00e+00
 1.82598e+12	1.17e-43	7.21e-33	3.04e-23	3.81e-15	1.10e-08	2.24e-04	1.00e+00	0.00e+00	0.00e+00	0.00e+00	0.00e+00	0.00e+00
 1.92895e+12	0.00e+00	1.05e-32	4.13e-23	4.83e-15	1.30e-08	2.44e-04	1.00e+00	0.00e+00	0.00e+00	0.00e+00	0.00e+00	0.00e+00
 2.03603e+12	2.86e-43	1.53e-32	5.60e-23	6.12e-15	1.53e-08	2.65e-04	1.00e+00	0.00e+00	0.00e+00	0.00e+00	0.00e+00	0.00e+00
 2.14740e+12	0.00e+00	2.22e-32	7.60e-23	7.75e-15	1.80e-08	2.89e-04	1.00e+00	0.00e+00	0.00e+00	0.00e+00	0.00e+00	0.00e+00
 2.26322e+12	6.92e-43	3.21e-32	1.03e-22	9.81e-15	2.11e-08	3.15e-04	1.00e+00	0.00e+00	0.00e+00	0.00e+00	0.00e+00	0.00e+00
 2.38368e+12	0.00e+00	4.66e-32	1.40e-22	1.24e-14	2.49e-08	3.43e-04	1.00e+00	0.00e+00	0.00e+00	0.00e+00	0.00e+00	0.00e+00
 2.50895e+12	1.67e-42	6.74e-32	1.89e-22	1.57e-14	2.93e-08	3.74e-04	1.00e+00	0.00e+00	0.00e+00	0.00e+00	0.00e+00	0.00e+00
 2.63924e+12	0.00e+00	9.74e-32	2.56e-22	1.99e-14	3.45e-08	4.08e-04	1.00e+00	0.00e+00	0.00e+00	0.00e+00	0.00e+00	0.00e+00
 2.77473e+12	3.98e-42	1.41e-31	3.47e-22	2.52e-14	4.06e-08	4.44e-04	1.00e+00	0.00e+00	0.00e+00	0.00e+00	0.00e+00	0.00e+00
 2.91565e+12	0.00e+00	2.03e-31	4.69e-22	3.19e-14	4.79e-08	4.85e-04	1.00e+00	0.00e+00	0.00e+00	0.00e+00	0.00e+00	0.00e+00
 3.06220e+12	9.42e-42	2.92e-31	6.33e-22	4.03e-14	5.63e-08	5.29e-04	9.99e-01	0.00e+00	0.00e+00	0.00e+00	0.00e+00	0.00e+00
 3.21461e+12	0.00e+00	4.20e-31	8.55e-22	5.10e-14	6.63e-08	5.77e-04	9.99e-01	0.00e+00	0.00e+00	0.00e+00	0.00e+00	0.00e+00
 3.37313e+12	2.22e-41	6.03e-31	1.15e-21	6.45e-14	7.81e-08	6.30e-04	9.99e-01	0.00e+00	0.00e+00	0.00e+00	0.00e+00	0.00e+00
 3.53798e+12	0.00e+00	8.64e-31	1.55e-21	8.16e-14	9.20e-08	6.87e-04	9.99e-01	0.00e+00	0.00e+00	0.00e+00	0.00e+00	0.00e+00
 3.70942e+12	5.18e-41	1.24e-30	2.09e-21	1.03e-13	1.08e-07	7.51e-04	9.99e-01	0.00e+00	0.00e+00	0.00e+00	0.00e+00	0.00e+00
 3.88773e+12	0.00e+00	1.77e-30	2.82e-21	1.30e-13	1.27e-07	8.20e-04	9.99e-01	0.00e+00	0.00e+00	0.00e+00	0.00e+00	0.00e+00
 4.07316e+12	1.20e-40	2.52e-30	3.79e-21	1.65e-13	1.50e-07	8.95e-04	9.99e-01	0.00e+00	0.00e+00	0.00e+00	0.00e+00	0.00e+00
 4.26602e+12	0.00e+00	3.60e-30	5.09e-21	2.08e-13	1.77e-07	9.78e-04	9.99e-01	0.00e+00	0.00e+00	0.00e+00	0.00e+00	0.00e+00
 4.46658e+12	2.74e-40	5.12e-30	6.84e-21	2.63e-13	2.08e-07	1.07e-03	9.99e-01	0.00e+00	0.00e+00	0.00e+00	0.00e+00	0.00e+00
 4.67517e+12	0.00e+00	7.27e-30	9.17e-21	3.32e-13	2.44e-07	1.17e-03	9.99e-01	0.00e+00	0.00e+00	0.00e+00	0.00e+00	0.00e+00
 4.89211e+12	6.23e-40	1.03e-29	1.23e-20	4.19e-13	2.88e-07	1.28e-03	9.99e-01	0.00e+00	0.00e+00	0.00e+00	0.00e+00	0.00e+00
 5.11772e+12	0.00e+00	1.46e-29	1.65e-20	5.29e-13	3.38e-07	1.39e-03	9.99e-01	0.00e+00	0.00e+00	0.00e+00	0.00e+00	0.00e+00
 5.35235e+12	1.40e-39	2.07e-29	2.21e-20	6.68e-13	3.98e-07	1.52e-03	9.98e-01	0.00e+00	0.00e+00	0.00e+00	0.00e+00	0.00e+00
 5.59638e+12	0.00e+00	2.92e-29	2.95e-20	8.43e-13	4.67e-07	1.67e-03	9.98e-01	0.00e+00	0.00e+00	0.00e+00	0.00e+00	0.00e+00
 5.85016e+12	3.13e-39	4.13e-29	3.95e-20	1.06e-12	5.49e-07	1.82e-03	9.98e-01	0.00e+00	0.00e+00	0.00e+00	0.00e+00	0.00e+00
 6.11409e+12	0.00e+00	5.82e-29	5.28e-20	1.34e-12	6.46e-07	1.99e-03	9.98e-01	0.00e+00	0.00e+00	0.00e+00	0.00e+00	0.00e+00
 6.38858e+12	6.93e-39	8.19e-29	7.05e-20	1.69e-12	7.58e-07	2.18e-03	9.98e-01	0.00e+00	0.00e+00	0.00e+00	0.00e+00	0.00e+00
 6.67405e+12	0.00e+00	1.15e-28	9.41e-20	2.13e-12	8.91e-07	2.38e-03	9.98e-01	0.00e+00	0.00e+00	0.00e+00	0.00e+00	0.00e+00
 6.97094e+12	1.52e-38	1.62e-28	1.26e-19	2.69e-12	1.05e-06	2.61e-03	9.97e-01	0.00e+00	0.00e+00	0.00e+00	0.00e+00	0.00e+00
 7.27970e+12	0.00e+00	2.27e-28	1.68e-19	3.39e-12	1.23e-06	2.85e-03	9.97e-01	0.00e+00	0.00e+00	0.00e+00	0.00e+00	0.00e+00
 7.60082e+12	3.31e-38	3.18e-28	2.23e-19	4.28e-12	1.44e-06	3.12e-03	9.97e-01	0.00e+00	0.00e+00	0.00e+00	0.00e+00	0.00e+00
 7.93478e+12	0.00e+00	4.45e-28	2.98e-19	5.39e-12	1.69e-06	3.41e-03	9.97e-01	0.00e+00	0.00e+00	0.00e+00	0.00e+00	0.00e+00
 8.28210e+12	7.16e-38	6.22e-28	3.97e-19	6.80e-12	1.98e-06	3.73e-03	9.96e-01	0.00e+00	0.00e+00	0.00e+00	0.00e+00	0.00e+00
 8.64331e+12	0.00e+00	8.69e-28	5.28e-19	8.57e-12	2.32e-06	4.08e-03	9.96e-01	0.00e+00	0.00e+00	0.00e+00	0.00e+00	0.00e+00
 9.01897e+12	1.54e-37	1.21e-27	7.04e-19	1.08e-11	2.72e-06	4.47e-03	9.96e-01	0.00e+00	0.00e+00	0.00e+00	0.00e+00	0.00e+00
 9.40965e+12	0.00e+00	1.69e-27	9.37e-19	1.36e-11	3.19e-06	4.89e-03	9.95e-01	0.00e+00	0.00e+00	0.00e+00	0.00e+00	0.00e+00
 9.81596e+12	3.29e-37	2.36e-27	1.25e-18	1.72e-11	3.73e-06	5.35e-03	9.95e-01	0.00e+00	0.00e+00	0.00e+00	0.00e+00	0.00e+00
 1.02385e+13	0.00e+00	3.30e-27	1.66e-18	2.16e-11	4.37e-06	5.85e-03	9.94e-01	0.00e+00	0.00e+00	0.00e+00	0.00e+00	0.00e+00
 1.06780e+13	6.99e-37	4.60e-27	2.21e-18	2.73e-11	5.11e-06	6.40e-03	9.94e-01	0.00e+00	0.00e+00	0.00e+00	0.00e+00	0.00e+00
 1.11350e+13	0.00e+00	6.42e-27	2.95e-18	3.44e-11	5.98e-06	7.01e-03	9.93e-01	0.00e+00	0.00e+00	0.00e+00	0.00e+00	0.00e+00
 1.16104e+13	1.48e-36	8.97e-27	3.93e-18	4.33e-11	7.00e-06	7.66e-03	9.92e-01	0.00e+00	0.00e+00	0.00e+00	0.00e+00	0.00e+00
 1.21047e+13	0.00e+00	1.25e-26	5.25e-18	5.46e-11	8.18e-06	8.38e-03	9.92e-01	0.00e+00	0.00e+00	0.00e+00	0.00e+00	0.00e+00
 1.26188e+13	3.15e-36	1.75e-26	7.00e-18	6.88e-11	9.56e-06	9.17e-03	9.91e-01	0.00e+00	0.00e+00	0.00e+00	0.00e+00	0.00e+00
 1.31535e+13	0.00e+00	2.45e-26	9.35e-18	8.68e-11	1.12e-05	1.00e-02	9.90e-01	0.00e+00	0.00e+00	0.00e+00	0.00e+00	0.00e+00
 1.37096e+13	6.67e-36	3.42e-26	1.25e-17	1.09e-10	1.30e-05	1.10e-02	9.89e-01	0.00e+00	0.00e+00	0.00e+00	0.00e+00	0.00e+00
 1.42879e+13	0.00e+00	4.80e-26	1.67e-17	1.38e-10	1.52e-05	1.20e-02	9.88e-01	0.00e+00	0.00e+00	0.00e+00	0.00e+00	0.00e+00
 1.48893e+13	1.42e-35	6.73e-26	2.23e-17	1.74e-10	1.78e-05	1.31e-02	9.87e-01	0.00e+00	0.00e+00	0.00e+00	0.00e+00	0.00e+00
 1.55148e+13	0.00e+00	9.45e-26	2.99e-17	2.20e-10	2.08e-05	1.43e-02	9.86e-01	0.00e+00	0.00e+00	0.00e+00	0.00e+00	0.00e+00
 1.61653e+13	3.03e-35	1.33e-25	4.01e-17	2.77e-10	2.42e-05	1.56e-02	9.84e-01	0.00e+00	0.00e+00	0.00e+00	0.00e+00	0.00e+00
 1.68419e+13	4.43e-35	1.87e-25	5.38e-17	3.50e-10	2.83e-05	1.71e-02	9.83e-01	0.00e+00	0.00e+00	0.00e+00	0.00e+00	0.00e+00
 1.75455e+13	6.50e-35	2.64e-25	7.22e-17	4.41e-10	3.30e-05	1.87e-02	9.81e-01	0.00e+00	0.00e+00	0.00e+00	0.00e+00	0.00e+00
 1.82772e+13	9.55e-35	3.74e-25	9.71e-17	5.57e-10	3.84e-05	2.04e-02	9.80e-01	0.00e+00	0.00e+00	0.00e+00	0.00e+00	0.00e+00
 1.90383e+13	1.41e-34	5.30e-25	1.31e-16	7.03e-10	4.48e-05	2.22e-02	9.78e-01	0.00e+00	0.00e+00	0.00e+00	0.00e+00	0.00e+00
 1.98297e+13	2.07e-34	7.52e-25	1.76e-16	8.88e-10	5.22e-05	2.43e-02	9.76e-01	0.00e+00	0.00e+00	0.00e+00	0.00e+00	0.00e+00
 2.06528e+13	3.07e-34	1.07e-24	2.37e-16	1.12e-09	6.08e-05	2.65e-02	9.73e-01	0.00e+00	0.00e+00	0.00e+00	0.00e+00	0.00e+00
 2.15089e+13	4.54e-34	1.53e-24	3.21e-16	1.41e-09	7.09e-05	2.89e-02	9.71e-01	0.00e+00	0.00e+00	0.00e+00	0.00e+00	0.00e+00
 2.23991e+13	6.75e-34	2.18e-24	4.33e-16	1.79e-09	8.26e-05	3.15e-02	9.68e-01	0.00e+00	0.00e+00	0.00e+00	0.00e+00	0.00e+00
 2.33250e+13	1.01e-33	3.12e-24	5.86e-16	2.26e-09	9.61e-05	3.43e-02	9.66e-01	0.00e+00	0.00e+00	0.00e+00	0.00e+00	0.00e+00
 2.42880e+13	1.50e-33	4.48e-24	7.93e-16	2.85e-09	1.12e-04	3.74e-02	9.63e-01	0.00e+00	0.00e+00	0.00e+00	0.00e+00	0.00e+00
 2.52894e+13	2.25e-33	6.45e-24	1.08e-15	3.60e-09	1.30e-04	4.07e-02	9.59e-01	0.00e+00	0.00e+00	0.00e+00	0.00e+00	0.00e+00
 2.63309e+13	3.37e-33	9.29e-24	1.46e-15	4.54e-09	1.52e-04	4.42e-02	9.56e-01	0.00e+00	0.00e+00	0.00e+00	0.00e+00	0.00e+00
 2.74141e+13	5.07e-33	1.34e-23	1.98e-15	5.73e-09	1.77e-04	4.81e-02	9.52e-01	0.00e+00	0.00e+00	0.00e+00	0.00e+00	0.00e+00
 2.85406e+13	7.65e-33	1.94e-23	2.69e-15	7.23e-09	2.05e-04	5.23e-02	9.47e-01	0.00e+00	0.00e+00	0.00e+00	0.00e+00	0.00e+00
 2.97121e+13	1.16e-32	2.81e-23	3.65e-15	9.13e-09	2.39e-04	5.68e-02	9.43e-01	0.00e+00	0.00e+00	0.00e+00	0.00e+00	0.00e+00
 3.09305e+13	1.75e-32	4.07e-23	4.97e-15	1.15e-08	2.78e-04	6.17e-02	9.38e-01	0.00e+00	0.00e+00	0.00e+00	0.00e+00	0.00e+00
 3.21977e+13	2.66e-32	5.92e-23	6.76e-15	1.45e-08	3.23e-04	6.70e-02	9.33e-01	0.00e+00	0.00e+00	0.00e+00	0.00e+00	0.00e+00
 3.35155e+13	4.05e-32	8.61e-23	9.19e-15	1.83e-08	3.75e-04	7.26e-02	9.27e-01	0.00e+00	0.00e+00	0.00e+00	0.00e+00	0.00e+00
 3.48861e+13	6.17e-32	1.25e-22	1.25e-14	2.31e-08	4.36e-04	7.87e-02	9.21e-01	0.00e+00	0.00e+00	0.00e+00	0.00e+00	0.00e+00
 3.63114e+13	9.41e-32	1.83e-22	1.70e-14	2.91e-08	5.06e-04	8.53e-02	9.14e-01	0.00e+00	0.00e+00	0.00e+00	0.00e+00	0.00e+00
 3.77938e+13	1.44e-31	2.66e-22	2.32e-14	3.67e-08	5.87e-04	9.23e-02	9.07e-01	0.00e+00	0.00e+00	0.00e+00	0.00e+00	0.00e+00
 3.93355e+13	2.20e-31	3.89e-22	3.16e-14	4.62e-08	6.81e-04	9.98e-02	8.99e-01	0.00e+00	0.00e+00	0.00e+00	0.00e+00	0.00e+00
 4.09388e+13	3.37e-31	5.68e-22	4.30e-14	5.82e-08	7.89e-04	1.08e-01	8.91e-01	0.00e+00	0.00e+00	0.00e+00	0.00e+00	0.00e+00
 4.26063e+13	5.17e-31	8.30e-22	5.85e-14	7.32e-08	9.15e-04	1.17e-01	8.82e-01	0.00e+00	0.00e+00	0.00e+00	0.00e+00	0.00e+00
 4.43405e+13	7.93e-31	1.21e-21	7.97e-14	9.20e-08	1.06e-03	1.26e-01	8.73e-01	0.00e+00	0.00e+00	0.00e+00	0.00e+00	0.00e+00
 4.61441e+13	1.22e-30	1.78e-21	1.08e-13	1.16e-07	1.23e-03	1.36e-01	8.63e-01	0.00e+00	0.00e+00	0.00e+00	0.00e+00	0.00e+00
 4.80197e+13	1.87e-30	2.60e-21	1.48e-13	1.45e-07	1.42e-03	1.46e-01	8.52e-01	0.00e+00	0.00e+00	0.00e+00	0.00e+00	0.00e+00
 4.98642e+13	2.82e-30	3.73e-21	1.97e-13	1.80e-07	1.62e-03	1.57e-01	8.42e-01	0.00e+00	0.00e+00	0.00e+00	0.00e+00	0.00e+00
 5.16399e+13	4.13e-30	5.22e-21	2.59e-13	2.20e-07	1.84e-03	1.67e-01	8.31e-01	0.00e+00	0.00e+00	0.00e+00	0.00e+00	0.00e+00
 5.35928e+13	6.18e-30	7.45e-21	3.44e-13	2.71e-07	2.11e-03	1.78e-01	8.19e-01	0.00e+00	0.00e+00	0.00e+00	0.00e+00	0.00e+00
 5.57664e+13	9.52e-30	1.09e-20	4.68e-13	3.40e-07	2.43e-03	1.92e-01	8.06e-01	0.00e+00	0.00e+00	0.00e+00	0.00e+00	0.00e+00
 5.79650e+13	1.45e-29	1.58e-20	6.30e-13	4.22e-07	2.79e-03	2.05e-01	7.92e-01	0.00e+00	0.00e+00	0.00e+00	0.00e+00	0.00e+00
 6.02516e+13	2.22e-29	2.29e-20	8.47e-13	5.25e-07	3.19e-03	2.19e-01	7.78e-01	0.00e+00	0.00e+00	0.00e+00	0.00e+00	0.00e+00
 6.26916e+13	3.43e-29	3.34e-20	1.15e-12	6.55e-07	3.67e-03	2.34e-01	7.63e-01	0.00e+00	0.00e+00	0.00e+00	0.00e+00	0.00e+00
 6.52292e+13	5.31e-29	4.88e-20	1.55e-12	8.16e-07	4.21e-03	2.49e-01	7.46e-01	0.00e+00	0.00e+00	0.00e+00	0.00e+00	0.00e+00
 6.78683e+13	8.17e-29	7.11e-20	2.10e-12	1.02e-06	4.82e-03	2.66e-01	7.29e-01	0.00e+00	0.00e+00	0.00e+00	0.00e+00	0.00e+00
 7.06129e+13	1.27e-28	1.04e-19	2.83e-12	1.26e-06	5.52e-03	2.83e-01	7.12e-01	0.00e+00	0.00e+00	0.00e+00	0.00e+00	0.00e+00
 7.34674e+13	1.95e-28	1.51e-19	3.82e-12	1.57e-06	6.31e-03	3.00e-01	6.94e-01	0.00e+00	0.00e+00	0.00e+00	0.00e+00	0.00e+00
 7.64360e+13	3.02e-28	2.20e-19	5.15e-12	1.94e-06	7.20e-03	3.18e-01	6.75e-01	0.00e+00	0.00e+00	0.00e+00	0.00e+00	0.00e+00
 7.95234e+13	4.65e-28	3.19e-19	6.93e-12	2.41e-06	8.20e-03	3.37e-01	6.55e-01	0.00e+00	0.00e+00	0.00e+00	0.00e+00	0.00e+00
 8.27342e+13	7.20e-28	4.64e-19	9.30e-12	2.97e-06	9.33e-03	3.56e-01	6.35e-01	0.00e+00	0.00e+00	0.00e+00	0.00e+00	0.00e+00
 8.60735e+13	1.10e-27	6.70e-19	1.25e-11	3.67e-06	1.06e-02	3.75e-01	6.14e-01	0.00e+00	0.00e+00	0.00e+00	0.00e+00	0.00e+00
 8.95464e+13	1.71e-27	9.72e-19	1.67e-11	4.52e-06	1.20e-02	3.95e-01	5.93e-01	0.00e+00	0.00e+00	0.00e+00	0.00e+00	0.00e+00
 9.31582e+13	2.62e-27	1.40e-18	2.23e-11	5.56e-06	1.36e-02	4.15e-01	5.72e-01	0.00e+00	0.00e+00	0.00e+00	0.00e+00	0.00e+00
 9.69144e+13	4.04e-27	2.02e-18	2.98e-11	6.82e-06	1.54e-02	4.35e-01	5.50e-01	0.00e+00	0.00e+00	0.00e+00	0.00e+00	0.00e+00
 1.00821e+14	6.20e-27	2.91e-18	3.97e-11	8.36e-06	1.73e-02	4.55e-01	5.28e-01	0.00e+00	0.00e+00	0.00e+00	0.00e+00	0.00e+00
 1.04884e+14	9.51e-27	4.18e-18	5.27e-11	1.02e-05	1.95e-02	4.75e-01	5.06e-01	0.00e+00	0.00e+00	0.00e+00	0.00e+00	0.00e+00
 1.09109e+14	1.46e-26	6.00e-18	7.00e-11	1.25e-05	2.19e-02	4.94e-01	4.84e-01	0.00e+00	0.00e+00	0.00e+00	0.00e+00	0.00e+00
 1.13503e+14	2.23e-26	8.58e-18	9.27e-11	1.52e-05	2.45e-02	5.14e-01	4.61e-01	0.00e+00	0.00e+00	0.00e+00	0.00e+00	0.00e+00
 1.18073e+14	3.38e-26	1.22e-17	1.23e-10	1.85e-05	2.75e-02	5.33e-01	4.39e-01	0.00e+00	0.00e+00	0.00e+00	0.00e+00	0.00e+00
 1.22826e+14	5.19e-26	1.74e-17	1.62e-10	2.24e-05	3.07e-02	5.52e-01	4.17e-01	0.00e+00	0.00e+00	0.00e+00	0.00e+00	0.00e+00
 1.27769e+14	7.90e-26	2.48e-17	2.13e-10	2.72e-05	3.42e-02	5.70e-01	3.96e-01	0.00e+00	0.00e+00	0.00e+00	0.00e+00	0.00e+00
 1.32910e+14	1.20e-25	3.51e-17	2.80e-10	3.28e-05	3.80e-02	5.88e-01	3.74e-01	0.00e+00	0.00e+00	0.00e+00	0.00e+00	0.00e+00
 1.38256e+14	1.80e-25	4.93e-17	3.68e-10	3.96e-05	4.22e-02	6.04e-01	3.53e-01	0.00e+00	0.00e+00	0.00e+00	0.00e+00	0.00e+00
 1.43816e+14	2.73e-25	6.95e-17	4.82e-10	4.77e-05	4.68e-02	6.20e-01	3.33e-01	0.00e+00	0.00e+00	0.00e+00	0.00e+00	0.00e+00
 1.49599e+14	4.17e-25	9.87e-17	6.29e-10	5.73e-05	5.17e-02	6.35e-01	3.13e-01	0.00e+00	0.00e+00	0.00e+00	0.00e+00	0.00e+00
 1.55613e+14	6.29e-25	1.39e-16	8.21e-10	6.88e-05	5.71e-02	6.49e-01	2.94e-01	0.00e+00	0.00e+00	0.00e+00	0.00e+00	0.00e+00
 1.61867e+14	9.47e-25	1.94e-16	1.07e-09	8.23e-05	6.29e-02	6.62e-01	2.75e-01	0.00e+00	0.00e+00	0.00e+00	0.00e+00	0.00e+00
 1.68372e+14	1.40e-24	2.67e-16	1.39e-09	9.83e-05	6.92e-02	6.74e-01	2.57e-01	0.00e+00	0.00e+00	0.00e+00	0.00e+00	0.00e+00
 1.75137e+14	2.13e-24	3.76e-16	1.80e-09	1.17e-04	7.59e-02	6.84e-01	2.40e-01	0.00e+00	0.00e+00	0.00e+00	0.00e+00	0.00e+00
 1.82172e+14	3.18e-24	5.23e-16	2.32e-09	1.39e-04	8.32e-02	6.94e-01	2.23e-01	0.00e+00	0.00e+00	0.00e+00	0.00e+00	0.00e+00
 1.89489e+14	4.73e-24	7.24e-16	3.00e-09	1.66e-04	9.09e-02	7.02e-01	2.07e-01	0.00e+00	0.00e+00	0.00e+00	0.00e+00	0.00e+00
 1.97098e+14	6.90e-24	9.83e-16	3.86e-09	1.96e-04	9.93e-02	7.08e-01	1.92e-01	0.00e+00	0.00e+00	0.00e+00	0.00e+00	0.00e+00
 2.05012e+14	1.04e-23	1.37e-15	4.96e-09	2.32e-04	1.08e-01	7.14e-01	1.78e-01	0.00e+00	0.00e+00	0.00e+00	0.00e+00	0.00e+00
 2.13243e+14	1.54e-23	1.88e-15	6.36e-09	2.74e-04	1.18e-01	7.18e-01	1.65e-01	0.00e+00	0.00e+00	0.00e+00	0.00e+00	0.00e+00
 2.21802e+14	2.27e-23	2.58e-15	8.15e-09	3.23e-04	1.28e-01	7.20e-01	1.52e-01	0.00e+00	0.00e+00	0.00e+00	0.00e+00	0.00e+00
 2.30704e+14	3.26e-23	3.46e-15	1.04e-08	3.79e-04	1.38e-01	7.21e-01	1.40e-01	0.00e+00	0.00e+00	0.00e+00	0.00e+00	0.00e+00
 2.39962e+14	4.88e-23	4.78e-15	1.32e-08	4.45e-04	1.49e-01	7.21e-01	1.29e-01	0.00e+00	0.00e+00	0.00e+00	0.00e+00	0.00e+00
 2.49591e+14	7.13e-23	6.49e-15	1.69e-08	5.22e-04	1.61e-01	7.20e-01	1.18e-01	0.00e+00	0.00e+00	0.00e+00	0.00e+00	0.00e+00
 2.59604e+14	1.04e-22	8.79e-15	2.14e-08	6.10e-04	1.74e-01	7.17e-01	1.08e-01	0.00e+00	0.00e+00	0.00e+00	0.00e+00	0.00e+00
 2.70018e+14	1.51e-22	1.19e-14	2.71e-08	7.12e-04	1.87e-01	7.13e-01	9.90e-02	0.00e+00	0.00e+00	0.00e+00	0.00e+00	0.00e+00
 2.80285e+14	2.10e-22	1.55e-14	3.38e-08	8.22e-04	2.00e-01	7.08e-01	9.09e-02	0.00e+00	0.00e+00	0.00e+00	0.00e+00	0.00e+00
 2.90962e+14	3.06e-22	2.08e-14	4.22e-08	9.49e-04	2.14e-01	7.02e-01	8.32e-02	0.00e+00	0.00e+00	0.00e+00	0.00e+00	0.00e+00
 3.02631e+14	4.32e-22	2.75e-14	5.33e-08	1.10e-03	2.29e-01	6.94e-01	7.57e-02	0.00e+00	0.00e+00	0.00e+00	0.00e+00	0.00e+00
 3.14403e+14	6.15e-22	3.64e-14	6.65e-08	1.27e-03	2.44e-01	6.86e-01	6.90e-02	0.00e+00	0.00e+00	0.00e+00	0.00e+00	0.00e+00
 3.26647e+14	8.94e-22	4.90e-14	8.28e-08	1.46e-03	2.59e-01	6.76e-01	6.28e-02	0.00e+00	0.00e+00	0.00e+00	0.00e+00	0.00e+00
 3.39743e+14	1.28e-21	6.52e-14	1.04e-07	1.69e-03	2.76e-01	6.65e-01	5.69e-02	0.00e+00	0.00e+00	0.00e+00	0.00e+00	0.00e+00
 3.53362e+14	1.83e-21	8.64e-14	1.29e-07	1.95e-03	2.93e-01	6.53e-01	5.15e-02	0.00e+00	0.00e+00	0.00e+00	0.00e+00	0.00e+00
 3.67527e+14	2.60e-21	1.14e-13	1.61e-07	2.24e-03	3.11e-01	6.40e-01	4.65e-02	0.00e+00	0.00e+00	0.00e+00	0.00e+00	0.00e+00
 3.82258e+14	3.69e-21	1.51e-13	2.01e-07	2.57e-03	3.29e-01	6.26e-01	4.19e-02	0.00e+00	0.00e+00	0.00e+00	0.00e+00	0.00e+00
 3.97578e+14	5.23e-21	1.99e-13	2.49e-07	2.94e-03	3.48e-01	6.11e-01	3.77e-02	0.00e+00	0.00e+00	0.00e+00	0.00e+00	0.00e+00
 4.13511e+14	7.39e-21	2.61e-13	3.08e-07	3.35e-03	3.67e-01	5.96e-01	3.38e-02	0.00e+00	0.00e+00	0.00e+00	0.00e+00	0.00e+00
 4.30081e+14	1.04e-20	3.42e-13	3.81e-07	3.82e-03	3.86e-01	5.80e-01	3.04e-02	0.00e+00	0.00e+00	0.00e+00	0.00e+00	0.00e+00
 4.47314e+14	1.46e-20	4.47e-13	4.69e-07	4.35e-03	4.06e-01	5.63e-01	2.72e-02	0.00e+00	0.00e+00	0.00e+00	0.00e+00	0.00e+00
 4.65237e+14	2.05e-20	5.84e-13	5.77e-07	4.94e-03	4.25e-01	5.45e-01	2.43e-02	0.00e+00	0.00e+00	0.00e+00	0.00e+00	0.00e+00
 4.83876e+14	2.87e-20	7.60e-13	7.08e-07	5.60e-03	4.45e-01	5.27e-01	2.17e-02	0.00e+00	0.00e+00	0.00e+00	0.00e+00	0.00e+00
 5.03261e+14	4.02e-20	9.89e-13	8.67e-07	6.33e-03	4.65e-01	5.09e-01	1.93e-02	0.00e+00	0.00e+00	0.00e+00	0.00e+00	0.00e+00
 5.23422e+14	5.61e-20	1.28e-12	1.06e-06	7.15e-03	4.85e-01	4.91e-01	1.71e-02	0.00e+00	0.00e+00	0.00e+00	0.00e+00	0.00e+00
 5.44389e+14	7.68e-20	1.64e-12	1.29e-06	8.04e-03	5.05e-01	4.72e-01	1.52e-02	0.00e+00	0.00e+00	0.00e+00	0.00e+00	0.00e+00
 5.66194e+14	1.07e-19	2.12e-12	1.57e-06	9.04e-03	5.25e-01	4.53e-01	1.35e-02	0.00e+00	0.00e+00	0.00e+00	0.00e+00	0.00e+00
 5.88872e+14	1.50e-19	2.77e-12	1.91e-06	1.01e-02	5.44e-01	4.34e-01	1.19e-02	0.00e+00	0.00e+00	0.00e+00	0.00e+00	0.00e+00
 6.12457e+14	2.05e-19	3.53e-12	2.31e-06	1.14e-02	5.63e-01	4.15e-01	1.05e-02	0.00e+00	0.00e+00	0.00e+00	0.00e+00	0.00e+00
 6.36985e+14	2.85e-19	4.55e-12	2.79e-06	1.27e-02	5.82e-01	3.96e-01	9.27e-03	0.00e+00	0.00e+00	0.00e+00	0.00e+00	0.00e+00
 6.62494e+14	3.98e-19	5.89e-12	3.37e-06	1.42e-02	6.00e-01	3.77e-01	8.16e-03	0.00e+00	0.00e+00	0.00e+00	0.00e+00	0.00e+00
 6.89024e+14	5.43e-19	7.50e-12	4.07e-06	1.58e-02	6.18e-01	3.59e-01	7.15e-03	0.00e+00	0.00e+00	0.00e+00	0.00e+00	0.00e+00
 7.16615e+14	7.51e-19	9.63e-12	4.89e-06	1.75e-02	6.35e-01	3.41e-01	6.27e-03	0.00e+00	0.00e+00	0.00e+00	0.00e+00	0.00e+00
 7.45309e+14	1.04e-18	1.24e-11	5.87e-06	1.95e-02	6.52e-01	3.23e-01	5.49e-03	0.00e+00	0.00e+00	0.00e+00	0.00e+00	0.00e+00
 7.75151e+14	1.42e-18	1.58e-11	7.05e-06	2.16e-02	6.68e-01	3.06e-01	4.78e-03	0.00e+00	0.00e+00	0.00e+00	0.00e+00	0.00e+00
 8.06187e+14	1.96e-18	2.02e-11	8.42e-06	2.39e-02	6.83e-01	2.89e-01	4.17e-03	0.00e+00	0.00e+00	0.00e+00	0.00e+00	0.00e+00
 8.38465e+14	2.70e-18	2.58e-11	1.01e-05	2.64e-02	6.98e-01	2.72e-01	3.63e-03	0.00e+00	0.00e+00	0.00e+00	0.00e+00	0.00e+00
 8.72033e+14	3.70e-18	3.28e-11	1.20e-05	2.91e-02	7.12e-01	2.56e-01	3.15e-03	0.00e+00	0.00e+00	0.00e+00	0.00e+00	0.00e+00
 9.06945e+14	5.09e-18	4.19e-11	1.43e-05	3.21e-02	7.24e-01	2.41e-01	2.74e-03	0.00e+00	0.00e+00	0.00e+00	0.00e+00	0.00e+00
 9.43252e+14	6.98e-18	5.33e-11	1.70e-05	3.52e-02	7.36e-01	2.26e-01	2.37e-03	0.00e+00	0.00e+00	0.00e+00	0.00e+00	0.00e+00
 9.81012e+14	9.56e-18	6.78e-11	2.02e-05	3.87e-02	7.47e-01	2.12e-01	2.05e-03	0.00e+00	0.00e+00	0.00e+00	0.00e+00	0.00e+00
 1.02028e+15	1.31e-17	8.63e-11	2.40e-05	4.24e-02	7.58e-01	1.98e-01	1.77e-03	0.00e+00	0.00e+00	0.00e+00	0.00e+00	0.00e+00
 1.06112e+15	1.79e-17	1.09e-10	2.84e-05	4.65e-02	7.67e-01	1.85e-01	1.52e-03	0.00e+00	0.00e+00	0.00e+00	0.00e+00	0.00e+00
 1.10360e+15	2.46e-17	1.39e-10	3.37e-05	5.09e-02	7.75e-01	1.73e-01	1.31e-03	0.00e+00	0.00e+00	1.39e-17	7.61e-18	3.07e-18
 1.14777e+15	3.37e-17	1.77e-10	3.97e-05	5.55e-02	7.83e-01	1.61e-01	1.12e-03	0.00e+00	0.00e+00	1.88e-17	1.10e-17	3.80e-18
 1.19371e+15	4.57e-17	2.22e-10	4.68e-05	6.05e-02	7.89e-01	1.49e-01	9.65e-04	0.00e+00	0.00e+00	2.55e-17	1.50e-17	5.16e-18
 1.24149e+15	6.28e-17	2.83e-10	5.53e-05	6.61e-02	7.94e-01	1.39e-01	8.24e-04	0.00e+00	0.00e+00	3.51e-17	2.05e-17	7.08e-18
 1.29118e+15	8.60e-17	3.58e-10	6.50e-05	7.18e-02	7.99e-01	1.29e-01	7.05e-04	0.00e+00	0.00e+00	4.81e-17	2.80e-17	9.71e-18
 1.33969e+15	1.14e-16	4.43e-10	7.57e-05	7.76e-02	8.02e-01	1.20e-01	6.08e-04	0.00e+00	0.00e+00	6.38e-17	3.71e-17	1.29e-17
 1.38580e+15	1.50e-16	5.46e-10	8.72e-05	8.35e-02	8.04e-01	1.12e-01	5.29e-04	0.00e+00	0.00e+00	8.41e-17	4.88e-17	1.70e-17
 1.43693e+15	2.00e-16	6.76e-10	1.01e-04	8.99e-02	8.06e-01	1.04e-01	4.56e-04	0.00e+00	0.00e+00	1.12e-16	6.48e-17	2.26e-17
 1.49444e+15	2.73e-16	8.55e-10	1.18e-04	9.74e-02	8.06e-01	9.59e-02	3.88e-04	0.00e+00	0.00e+00	1.53e-16	8.84e-17	3.09e-17
 1.55178e+15	3.63e-16	1.06e-09	1.37e-04	1.05e-01	8.06e-01	8.87e-02	3.31e-04	0.00e+00	0.00e+00	2.04e-16	1.17e-16	4.10e-17
 1.61140e+15	4.92e-16	1.33e-09	1.60e-04	1.13e-01	8.05e-01	8.18e-02	2.82e-04	0.00e+00	0.00e+00	2.76e-16	1.59e-16	5.56e-17
 1.67589e+15	6.71e-16	1.68e-09	1.87e-04	1.22e-01	8.02e-01	7.51e-02	2.39e-04	0.00e+00	0.00e+00	3.78e-16	2.16e-16	7.60e-17
 1.74160e+15	8.94e-16	2.08e-09	2.17e-04	1.32e-01	7.99e-01	6.90e-02	2.02e-04	0.00e+00	0.00e+00	5.03e-16	2.87e-16	1.01e-16
 1.80995e+15	1.22e-15	2.62e-09	2.53e-04	1.42e-01	7.95e-01	6.33e-02	1.71e-04	0.00e+00	0.00e+00	6.88e-16	3.91e-16	1.38e-16
 1.88238e+15	1.66e-15	3.30e-09	2.94e-04	1.52e-01	7.89e-01	5.78e-02	1.44e-04	0.00e+00	0.00e+00	9.38e-16	5.31e-16	1.88e-16
 1.95770e+15	2.22e-15	4.09e-09	3.42e-04	1.64e-01	7.83e-01	5.28e-02	1.21e-04	0.00e+00	0.00e+00	1.25e-15	7.07e-16	2.51e-16
 2.03604e+15	3.05e-15	5.18e-09	3.98e-04	1.76e-01	7.76e-01	4.81e-02	1.01e-04	0.00e+00	0.00e+00	1.72e-15	9.68e-16	3.44e-16
 2.11751e+15	4.14e-15	6.49e-09	4.61e-04	1.88e-01	7.67e-01	4.37e-02	8.45e-05	0.00e+00	0.00e+00	2.35e-15	1.31e-15	4.68e-16
 2.19617e+15	5.40e-15	7.90e-09	5.29e-04	2.01e-01	7.59e-01	4.00e-02	7.15e-05	0.00e+00	0.00e+00	3.06e-15	1.71e-15	6.09e-16
 2.26906e+15	7.03e-15	9.61e-09	5.99e-04	2.13e-01	7.50e-01	3.68e-02	6.13e-05	0.00e+00	0.00e+00	3.99e-15	2.22e-15	7.93e-16
 2.35094e+15	9.27e-15	1.18e-08	6.83e-04	2.26e-01	7.40e-01	3.36e-02	5.19e-05	0.00e+00	0.00e+00	5.27e-15	2.92e-15	1.04e-15
 2.44297e+15	1.22e-14	1.44e-08	7.85e-04	2.40e-01	7.29e-01	3.05e-02	4.33e-05	0.00e+00	0.00e+00	6.95e-15	3.84e-15	1.38e-15
 2.53078e+15	1.62e-14	1.78e-08	8.96e-04	2.55e-01	7.17e-01	2.77e-02	3.65e-05	0.00e+00	0.00e+00	9.25e-15	5.09e-15	1.83e-15
 2.61376e+15	2.09e-14	2.14e-08	1.01e-03	2.68e-01	7.05e-01	2.54e-02	3.12e-05	0.00e+00	0.00e+00	1.19e-14	6.52e-15	2.34e-15
 2.70798e+15	2.69e-14	2.58e-08	1.14e-03	2.83e-01	6.92e-01	2.31e-02	2.62e-05	0.00e+00	0.00e+00	1.53e-14	8.39e-15	3.01e-15
 2.81382e+15	3.65e-14	3.23e-08	1.32e-03	3.01e-01	6.77e-01	2.07e-02	2.16e-05	0.00e+00	0.00e+00	2.09e-14	1.14e-14	4.09e-15
 2.91382e+15	4.78e-14	3.92e-08	1.49e-03	3.17e-01	6.63e-01	1.88e-02	1.81e-05	0.00e+00	0.00e+00	2.73e-14	1.48e-14	5.34e-15
 3.02032e+15	6.16e-14	4.72e-08	1.69e-03	3.34e-01	6.47e-01	1.69e-02	1.51e-05	0.00e+00	0.00e+00	3.53e-14	1.91e-14	6.87e-15
 3.13741e+15	8.34e-14	5.89e-08	1.93e-03	3.53e-01	6.30e-01	1.51e-02	1.23e-05	0.00e+00	0.00e+00	4.78e-14	2.58e-14	9.29e-15
 3.24752e+15	1.09e-13	7.13e-08	2.18e-03	3.70e-01	6.14e-01	1.36e-02	1.03e-05	0.00e+00	0.00e+00	6.23e-14	3.36e-14	1.21e-14
 3.36579e+15	1.42e-13	8.67e-08	2.47e-03	3.89e-01	5.96e-01	1.22e-02	8.48e-06	0.00e+00	0.00e+00	8.15e-14	4.39e-14	1.57e-14
 3.49550e+15	1.90e-13	1.07e-07	2.80e-03	4.09e-01	5.77e-01	1.08e-02	6.92e-06	0.00e+00	0.00e+00	1.09e-13	5.85e-14	2.10e-14
 3.61795e+15	2.45e-13	1.29e-07	3.16e-03	4.28e-01	5.59e-01	9.66e-03	5.71e-06	0.00e+00	0.00e+00	1.41e-13	7.56e-14	2.71e-14
 3.75024e+15	3.23e-13	1.57e-07	3.56e-03	4.47e-01	5.41e-01	8.58e-03	4.68e-06	0.00e+00	0.00e+00	1.85e-13	9.94e-14	3.55e-14
 3.89531e+15	4.29e-13	1.92e-07	4.05e-03	4.69e-01	5.20e-01	7.54e-03	3.76e-06	0.00e+00	0.00e+00	2.47e-13	1.32e-13	4.71e-14
 4.03106e+15	5.56e-13	2.32e-07	4.54e-03	4.88e-01	5.01e-01	6.70e-03	3.09e-06	0.00e+00	0.00e+00	3.20e-13	1.71e-13	6.09e-14
 4.17722e+15	7.28e-13	2.81e-07	5.12e-03	5.08e-01	4.81e-01	5.90e-03	2.50e-06	0.00e+00	0.00e+00	4.19e-13	2.24e-13	7.95e-14
 4.33755e+15	9.69e-13	3.45e-07	5.78e-03	5.30e-01	4.60e-01	5.15e-03	1.99e-06	0.00e+00	0.00e+00	5.58e-13	2.98e-13	1.06e-13
 4.48768e+15	1.25e-12	4.14e-07	6.48e-03	5.49e-01	4.40e-01	4.53e-03	1.62e-06	0.00e+00	0.00e+00	7.20e-13	3.84e-13	1.36e-13
 4.65061e+15	1.64e-12	5.03e-07	7.29e-03	5.70e-01	4.19e-01	3.95e-03	1.29e-06	0.00e+00	0.00e+00	9.46e-13	5.05e-13	1.78e-13
 4.82864e+15	2.19e-12	6.16e-07	8.24e-03	5.91e-01	3.97e-01	3.41e-03	1.02e-06	0.00e+00	0.00e+00	1.26e-12	6.72e-13	2.36e-13
 4.99349e+15	2.83e-12	7.41e-07	9.19e-03	6.10e-01	3.78e-01	2.98e-03	8.21e-07	0.00e+00	0.00e+00	1.64e-12	8.71e-13	3.05e-13
 5.17294e+15	3.73e-12	9.01e-07	1.03e-02	6.30e-01	3.57e-01	2.58e-03	0.00e+00	0.00e+00	0.00e+00	2.15e-12	1.15e-12	4.01e-13
 5.37085e+15	4.99e-12	1.11e-06	1.17e-02	6.51e-01	3.36e-01	2.20e-03	0.00e+00	0.00e+00	0.00e+00	2.88e-12	1.53e-12	5.35e-13
 5.55184e+15	6.47e-12	1.33e-06	1.30e-02	6.68e-01	3.17e-01	1.90e-03	0.00e+00	0.00e+00	0.00e+00	3.74e-12	1.99e-12	6.92e-13
 5.74621e+15	8.52e-12	1.62e-06	1.46e-02	6.86e-01	2.97e-01	1.63e-03	0.00e+00	0.00e+00	0.00e+00	4.92e-12	2.61e-12	9.08e-13
 5.95665e+15	1.10e-11	1.94e-06	1.64e-02	7.05e-01	2.78e-01	1.38e-03	0.00e+00	0.00e+00	0.00e+00	6.36e-12	3.38e-12	1.17e-12
 6.14784e+15	1.46e-11	2.37e-06	1.83e-02	7.20e-01	2.60e-01	1.19e-03	0.00e+00	0.00e+00	0.00e+00	8.46e-12	4.49e-12	1.55e-12
 6.32341e+15	1.84e-11	2.79e-06	2.01e-02	7.34e-01	2.45e-01	1.04e-03	0.00e+00	0.00e+00	0.00e+00	1.07e-11	5.66e-12	1.95e-12
 6.51887e+15	2.38e-11	3.35e-06	2.24e-02	7.48e-01	2.29e-01	8.88e-04	0.00e+00	0.00e+00	0.00e+00	1.38e-11	7.31e-12	2.52e-12
 6.76195e+15	3.13e-11	4.07e-06	2.54e-02	7.64e-01	2.10e-01	7.34e-04	0.00e+00	0.00e+00	0.00e+00	1.81e-11	9.61e-12	3.30e-12
 7.01196e+15	4.46e-11	5.23e-06	2.90e-02	7.79e-01	1.92e-01	6.04e-04	0.00e+00	0.00e+00	0.00e+00	2.58e-11	1.37e-11	4.69e-12
 7.22262e+15	5.81e-11	6.31e-06	3.24e-02	7.90e-01	1.77e-01	5.13e-04	0.00e+00	0.00e+00	0.00e+00	3.36e-11	1.78e-11	6.10e-12
 7.40800e+15	7.33e-11	7.46e-06	3.57e-02	7.99e-01	1.65e-01	4.43e-04	0.00e+00	0.00e+00	0.00e+00	4.24e-11	2.25e-11	7.69e-12
 7.61987e+15	9.55e-11	9.03e-06	3.99e-02	8.08e-01	1.52e-01	3.74e-04	0.00e+00	0.00e+00	0.00e+00	5.53e-11	2.93e-11	1.00e-11
 7.89443e+15	1.28e-10	1.12e-05	4.62e-02	8.17e-01	1.36e-01	3.00e-04	0.00e+00	0.00e+00	0.00e+00	7.43e-11	3.94e-11	1.34e-11
 8.18252e+15	1.95e-10	1.51e-05	5.40e-02	8.25e-01	1.21e-01	2.37e-04	0.00e+00	0.00e+00	0.00e+00	1.13e-10	5.97e-11	2.03e-11
 8.40731e+15	2.59e-10	1.87e-05	6.12e-02	8.29e-01	1.10e-01	1.97e-04	0.00e+00	0.00e+00	0.00e+00	1.50e-10	7.94e-11	2.70e-11
 8.58696e+15	3.15e-10	2.16e-05	6.79e-02	8.31e-01	1.01e-01	1.69e-04	0.00e+00	0.00e+00	0.00e+00	1.83e-10	9.67e-11	3.28e-11
 8.78968e+15	4.13e-10	2.65e-05	7.69e-02	8.32e-01	9.15e-02	1.41e-04	0.00e+00	0.00e+00	0.00e+00	2.40e-10	1.27e-10	4.30e-11
 9.05322e+15	6.30e-10	3.64e-05	9.10e-02	8.29e-01	7.97e-02	1.11e-04	0.00e+00	0.00e+00	0.00e+00	3.65e-10	1.93e-10	6.55e-11
 9.30322e+15	8.37e-10	4.53e-05	1.07e-01	8.23e-01	6.95e-02	8.76e-05	0.00e+00	0.00e+00	0.00e+00	4.86e-10	2.57e-10	8.71e-11
 9.48424e+15	1.19e-09	5.93e-05	1.23e-01	8.15e-01	6.21e-02	7.28e-05	0.00e+00	0.00e+00	0.00e+00	6.90e-10	3.65e-10	1.24e-10
 9.62676e+15	1.49e-09	7.08e-05	1.37e-01	8.06e-01	5.65e-02	6.24e-05	0.00e+00	0.00e+00	0.00e+00	8.65e-10	4.58e-10	1.55e-10
 9.77061e+15	1.91e-09	8.61e-05	1.55e-01	7.94e-01	5.08e-02	5.27e-05	0.00e+00	0.00e+00	0.00e+00	1.11e-09	5.86e-10	1.98e-10
 9.95762e+15	2.67e-09	1.13e-04	1.83e-01	7.73e-01	4.35e-02	4.15e-05	0.00e+00	0.00e+00	0.00e+00	1.55e-09	8.20e-10	2.77e-10
 1.01476e+16	3.85e-09	1.51e-04	2.21e-01	7.42e-01	3.63e-02	3.17e-05	0.00e+00	0.00e+00	0.00e+00	2.23e-09	1.18e-09	4.00e-10
 1.02919e+16	4.85e-09	1.84e-04	2.59e-01	7.10e-01	3.07e-02	2.51e-05	0.00e+00	0.00e+00	0.00e+00	2.82e-09	1.49e-09	5.05e-10
 1.04028e+16	6.58e-09	2.36e-04	2.96e-01	6.77e-01	2.64e-02	2.03e-05	0.00e+00	0.00e+00	0.00e+00	3.82e-09	2.02e-09	6.85e-10
 1.04971e+16	8.20e-09	2.84e-04	3.35e-01	6.43e-01	2.26e-02	1.65e-05	0.00e+00	0.00e+00	0.00e+00	4.76e-09	2.52e-09	8.55e-10
 1.05792e+16	1.00e-08	3.37e-04	3.74e-01	6.06e-01	1.94e-02	1.35e-05	0.00e+00	0.00e+00	0.00e+00	5.82e-09	3.09e-09	1.05e-09
 1.06531e+16	1.21e-08	3.95e-04	4.17e-01	5.67e-01	1.64e-02	1.09e-05	0.00e+00	0.00e+00	0.00e+00	7.03e-09	3.73e-09	1.26e-09
 1.07219e+16	1.45e-08	4.61e-04	4.62e-01	5.24e-01	1.37e-02	8.71e-06	0.00e+00	0.00e+00	0.00e+00	8.43e-09	4.47e-09	1.52e-09
 1.07861e+16	1.72e-08	5.34e-04	5.10e-01	4.78e-01	1.13e-02	6.83e-06	0.00e+00	0.00e+00	0.00e+00	1.00e-08	5.31e-09	1.80e-09
 1.08460e+16	2.02e-08	6.14e-04	5.60e-01	4.30e-01	9.09e-03	5.24e-06	0.00e+00	0.00e+00	0.00e+00	1.18e-08	6.24e-09	2.12e-09
 1.09027e+16	2.36e-08	7.01e-04	6.12e-01	3.80e-01	7.14e-03	3.92e-06	0.00e+00	0.00e+00	0.00e+00	1.37e-08	7.27e-09	2.47e-09
 1.09579e+16	2.73e-08	7.94e-04	6.66e-01	3.28e-01	5.42e-03	2.82e-06	0.00e+00	0.00e+00	0.00e+00	1.59e-08	8.41e-09	2.86e-09
 1.10115e+16	3.12e-08	8.92e-04	7.19e-01	2.76e-01	3.97e-03	1.95e-06	0.00e+00	0.00e+00	0.00e+00	1.82e-08	9.63e-09	3.28e-09
 1.10638e+16	3.54e-08	9.91e-04	7.69e-01	2.27e-01	2.80e-03	1.29e-06	0.00e+00	0.00e+00	0.00e+00	2.06e-08	1.09e-08	3.72e-09
 1.11238e+16	4.04e-08	1.11e-03	8.23e-01	1.74e-01	1.76e-03	7.49e-07	0.00e+00	0.00e+00	0.00e+00	2.35e-08	1.25e-08	4.26e-09
 1.11963e+16	4.63e-08	1.23e-03	8.76e-01	1.22e-01	9.42e-04	0.00e+00	0.00e+00	0.00e+00	0.00e+00	2.69e-08	1.43e-08	4.89e-09
 1.12712e+16	5.17e-08	1.34e-03	9.17e-01	8.17e-02	4.70e-04	0.00e+00	0.00e+00	0.00e+00	0.00e+00	3.01e-08	1.60e-08	5.47e-09
 1.13451e+16	5.64e-08	1.42e-03	9.43e-01	5.54e-02	2.34e-04	0.00e+00	0.00e+00	0.00e+00	0.00e+00	3.28e-08	1.74e-08	5.97e-09
 1.14310e+16	6.11e-08	1.49e-03	9.62e-01	3.65e-02	1.07e-04	0.00e+00	0.00e+00	0.00e+00	0.00e+00	3.55e-08	1.89e-08	6.48e-09
 1.15428e+16	6.63e-08	1.56e-03	9.75e-01	2.35e-02	4.26e-05	0.00e+00	0.00e+00	0.00e+00	0.00e+00	3.85e-08	2.05e-08	7.03e-09
 1.16882e+16	7.19e-08	1.63e-03	9.83e-01	1.57e-02	1.57e-05	0.00e+00	0.00e+00	0.00e+00	0.00e+00	4.18e-08	2.22e-08	7.63e-09
 1.18771e+16	7.89e-08	1.70e-03	9.87e-01	1.15e-02	5.53e-06	0.00e+00	0.00e+00	0.00e+00	0.00e+00	4.59e-08	2.44e-08	8.37e-09
 1.21227e+16	8.78e-08	1.78e-03	9.89e-01	9.49e-03	1.91e-06	0.00e+00	0.00e+00	0.00e+00	0.00e+00	5.11e-08	2.71e-08	9.31e-09
 1.24420e+16	1.01e-07	1.88e-03	9.90e-01	8.33e-03	6.06e-07	0.00e+00	0.00e+00	0.00e+00	0.00e+00	5.86e-08	3.11e-08	1.07e-08
 1.28570e+16	1.20e-07	2.02e-03	9.90e-01	7.51e-03	0.00e+00	0.00e+00	0.00e+00	0.00e+00	0.00e+00	6.97e-08	3.70e-08	1.27e-08
 1.33139e+16	1.44e-07	2.18e-03	9.91e-01	6.87e-03	0.00e+00	0.00e+00	0.00e+00	0.00e+00	0.00e+00	8.40e-08	4.46e-08	1.53e-08
 1.37338e+16	1.71e-07	2.33e-03	9.91e-01	6.38e-03	0.00e+00	0.00e+00	0.00e+00	0.00e+00	0.00e+00	9.94e-08	5.28e-08	1.81e-08
 1.41885e+16	2.05e-07	2.50e-03	9.92e-01	5.89e-03	0.00e+00	0.00e+00	0.00e+00	0.00e+00	0.00e+00	1.19e-07	6.32e-08	2.17e-08
 1.46938e+16	2.51e-07	2.71e-03	9.92e-01	5.42e-03	0.00e+00	0.00e+00	0.00e+00	0.00e+00	0.00e+00	1.46e-07	7.75e-08	2.66e-08
 1.51565e+16	3.01e-07	2.91e-03	9.92e-01	5.03e-03	0.00e+00	0.00e+00	0.00e+00	0.00e+00	0.00e+00	1.75e-07	9.32e-08	3.19e-08
 1.55847e+16	3.58e-07	3.11e-03	9.92e-01	4.71e-03	0.00e+00	0.00e+00	0.00e+00	0.00e+00	0.00e+00	2.08e-07	1.11e-07	3.78e-08
 1.60768e+16	4.36e-07	3.35e-03	9.92e-01	4.35e-03	0.00e+00	0.00e+00	0.00e+00	0.00e+00	0.00e+00	2.54e-07	1.35e-07	4.62e-08
 1.66235e+16	5.45e-07	3.63e-03	9.92e-01	3.99e-03	0.00e+00	0.00e+00	0.00e+00	0.00e+00	0.00e+00	3.17e-07	1.68e-07	5.76e-08
 1.71303e+16	6.70e-07	3.92e-03	9.92e-01	3.70e-03	0.00e+00	0.00e+00	0.00e+00	0.00e+00	0.00e+00	3.90e-07	2.07e-07	7.09e-08
 1.76034e+16	8.17e-07	4.21e-03	9.92e-01	3.45e-03	0.00e+00	0.00e+00	0.00e+00	0.00e+00	0.00e+00	4.75e-07	2.53e-07	8.63e-08
 1.81440e+16	1.03e-06	4.57e-03	9.92e-01	3.18e-03	0.00e+00	0.00e+00	0.00e+00	0.00e+00	0.00e+00	5.99e-07	3.19e-07	1.09e-07
 1.87350e+16	1.34e-06	5.01e-03	9.92e-01	2.91e-03	0.00e+00	0.00e+00	0.00e+00	0.00e+00	0.00e+00	7.79e-07	4.15e-07	1.41e-07
 1.92300e+16	1.68e-06	5.41e-03	9.92e-01	2.71e-03	0.00e+00	0.00e+00	0.00e+00	0.00e+00	0.00e+00	9.74e-07	5.19e-07	1.77e-07
 1.97122e+16	2.11e-06	5.86e-03	9.92e-01	2.51e-03	0.00e+00	0.00e+00	0.00e+00	0.00e+00	0.00e+00	1.23e-06	6.53e-07	2.22e-07
 2.03390e+16	2.89e-06	6.52e-03	9.91e-01	2.28e-03	0.00e+00	0.00e+00	0.00e+00	0.00e+00	0.00e+00	1.68e-06	8.95e-07	3.05e-07
 2.09438e+16	3.98e-06	7.28e-03	9.91e-01	2.07e-03	0.00e+00	0.00e+00	0.00e+00	0.00e+00	0.00e+00	2.31e-06	1.23e-06	4.19e-07
 2.14015e+16	5.15e-06	7.96e-03	9.90e-01	1.91e-03	0.00e+00	0.00e+00	0.00e+00	0.00e+00	0.00e+00	2.99e-06	1.59e-06	5.42e-07
 2.18780e+16	6.91e-06	8.80e-03	9.89e-01	1.75e-03	0.00e+00	0.00e+00	0.00e+00	0.00e+00	0.00e+00	4.01e-06	2.14e-06	7.26e-07
 2.23990e+16	9.70e-06	9.93e-03	9.88e-01	1.58e-03	0.00e+00	0.00e+00	0.00e+00	0.00e+00	0.00e+00	5.63e-06	3.00e-06	1.02e-06
 2.28518e+16	1.34e-05	1.12e-02	9.87e-01	1.44e-03	0.00e+00	0.00e+00	0.00e+00	0.00e+00	0.00e+00	7.78e-06	4.14e-06	1.40e-06
 2.32247e+16	1.79e-05	1.25e-02	9.86e-01	1.32e-03	0.00e+00	0.00e+00	0.00e+00	0.00e+00	0.00e+00	1.04e-05	5.54e-06	1.88e-06
 2.35619e+16	2.39e-05	1.39e-02	9.85e-01	1.20e-03	0.00e+00	0.00e+00	0.00e+00	0.00e+00	0.00e+00	1.39e-05	7.38e-06	2.50e-06
 2.38915e+16	3.22e-05	1.57e-02	9.83e-01	1.09e-03	0.00e+00	0.00e+00	0.00e+00	0.00e+00	0.00e+00	1.87e-05	9.95e-06	3.37e-06
 2.42127e+16	4.44e-05	1.79e-02	9.81e-01	9.79e-04	0.00e+00	0.00e+00	0.00e+00	0.00e+00	0.00e+00	2.58e-05	1.37e-05	4.64e-06
 2.44336e+16	5.59e-05	1.97e-02	9.79e-01	9.06e-04	0.00e+00	0.00e+00	0.00e+00	0.00e+00	0.00e+00	3.25e-05	1.73e-05	5.84e-06
 2.45362e+16	6.26e-05	2.07e-02	9.78e-01	8.71e-04	0.00e+00	0.00e+00	0.00e+00	0.00e+00	0.00e+00	3.64e-05	1.93e-05	6.54e-06
 2.46251e+16	6.96e-05	2.17e-02	9.77e-01	8.38e-04	0.00e+00	0.00e+00	0.00e+00	0.00e+00	0.00e+00	4.05e-05	2.15e-05	7.27e-06
 2.47407e+16	8.02e-05	2.31e-02	9.76e-01	7.93e-04	0.00e+00	0.00e+00	0.00e+00	0.00e+00	0.00e+00	4.66e-05	2.48e-05	8.38e-06
 2.48909e+16	9.71e-05	2.51e-02	9.74e-01	7.38e-04	0.00e+00	0.00e+00	0.00e+00	0.00e+00	0.00e+00	5.64e-05	3.00e-05	1.01e-05
 2.50401e+16	1.18e-04	2.75e-02	9.72e-01	6.84e-04	0.00e+00	0.00e+00	0.00e+00	0.00e+00	0.00e+00	6.86e-05	3.65e-05	1.23e-05
 2.51460e+16	1.36e-04	2.93e-02	9.70e-01	6.49e-04	0.00e+00	0.00e+00	0.00e+00	0.00e+00	0.00e+00	7.91e-05	4.20e-05	1.42e-05
 2.52259e+16	1.53e-04	3.10e-02	9.68e-01	6.20e-04	0.00e+00	0.00e+00	0.00e+00	0.00e+00	0.00e+00	8.90e-05	4.72e-05	1.60e-05
 2.53139e+16	1.75e-04	3.29e-02	9.66e-01	5.86e-04	0.00e+00	0.00e+00	0.00e+00	0.00e+00	0.00e+00	1.02e-04	5.39e-05	1.82e-05
 2.54127e+16	2.04e-04	3.54e-02	9.64e-01	5.49e-04	0.00e+00	0.00e+00	0.00e+00	0.00e+00	0.00e+00	1.18e-04	6.28e-05	2.12e-05
 2.55038e+16	2.35e-04	3.80e-02	9.61e-01	5.18e-04	0.00e+00	0.00e+00	0.00e+00	0.00e+00	0.00e+00	1.37e-04	7.25e-05	2.45e-05
 2.55843e+16	2.69e-04	4.05e-02	9.59e-01	4.89e-04	0.00e+00	0.00e+00	0.00e+00	0.00e+00	0.00e+00	1.56e-04	8.29e-05	2.80e-05
 2.56611e+16	3.07e-04	4.32e-02	9.56e-01	4.62e-04	0.00e+00	0.00e+00	0.00e+00	0.00e+00	0.00e+00	1.78e-04	9.46e-05	3.20e-05
 2.57490e+16	3.60e-04	4.68e-02	9.52e-01	4.30e-04	0.00e+00	0.00e+00	0.00e+00	0.00e+00	0.00e+00	2.09e-04	1.11e-04	3.75e-05
 2.58392e+16	4.26e-04	5.08e-02	9.48e-01	3.98e-04	0.00e+00	0.00e+00	0.00e+00	0.00e+00	0.00e+00	2.47e-04	1.31e-04	4.43e-05
 2.59117e+16	4.89e-04	5.46e-02	9.45e-01	3.74e-04	0.00e+00	0.00e+00	0.00e+00	0.00e+00	0.00e+00	2.85e-04	1.51e-04	5.09e-05
 2.59744e+16	5.56e-04	5.82e-02	9.41e-01	3.52e-04	0.00e+00	0.00e+00	0.00e+00	0.00e+00	0.00e+00	3.23e-04	1.71e-04	5.79e-05
 2.60451e+16	6.47e-04	6.28e-02	9.36e-01	3.26e-04	0.00e+00	0.00e+00	0.00e+00	0.00e+00	0.00e+00	3.76e-04	1.99e-04	6.73e-05
 2.61206e+16	7.60e-04	6.83e-02	9.31e-01	3.02e-04	0.00e+00	0.00e+00	0.00e+00	0.00e+00	0.00e+00	4.42e-04	2.34e-04	7.91e-05
 2.61860e+16	8.80e-04	7.37e-02	9.25e-01	2.81e-04	0.00e+00	0.00e+00	0.00e+00	0.00e+00	0.00e+00	5.12e-04	2.71e-04	9.16e-05
 2.62435e+16	1.01e-03	7.90e-02	9.20e-01	2.62e-04	0.00e+00	0.00e+00	0.00e+00	0.00e+00	0.00e+00	5.86e-04	3.10e-04	1.05e-04
 2.63073e+16	1.18e-03	8.58e-02	9.13e-01	2.42e-04	0.00e+00	0.00e+00	0.00e+00	0.00e+00	0.00e+00	6.86e-04	3.63e-04	1.23e-04
 2.63748e+16	1.40e-03	9.37e-02	9.05e-01	2.21e-04	0.00e+00	0.00e+00	0.00e+00	0.00e+00	0.00e+00	8.12e-04	4.30e-04	1.45e-04
 2.64321e+16	1.62e-03	1.01e-01	8.97e-01	2.04e-04	0.00e+00	0.00e+00	0.00e+00	0.00e+00	0.00e+00	9.44e-04	5.00e-04	1.69e-04
 2.64822e+16	1.86e-03	1.09e-01	8.89e-01	1.89e-04	0.00e+00	0.00e+00	0.00e+00	0.00e+00	0.00e+00	1.08e-03	5.73e-04	1.93e-04
 2.65381e+16	2.19e-03	1.19e-01	8.79e-01	1.71e-04	0.00e+00	0.00e+00	0.00e+00	0.00e+00	0.00e+00	1.27e-03	6.74e-04	2.27e-04
 2.65980e+16	2.60e-03	1.30e-01	8.67e-01	1.55e-04	0.00e+00	0.00e+00	0.00e+00	0.00e+00	0.00e+00	1.51e-03	8.01e-04	2.70e-04
 2.66503e+16	3.05e-03	1.42e-01	8.55e-01	1.41e-04	0.00e+00	0.00e+00	0.00e+00	0.00e+00	0.00e+00	1.77e-03	9.39e-04	3.17e-04
 2.66966e+16	3.54e-03	1.53e-01	8.43e-01	1.28e-04	0.00e+00	0.00e+00	0.00e+00	0.00e+00	0.00e+00	2.06e-03	1.09e-03	3.68e-04
 2.67483e+16	4.20e-03	1.68e-01	8.28e-01	1.15e-04	0.00e+00	0.00e+00	0.00e+00	0.00e+00	0.00e+00	2.45e-03	1.29e-03	4.37e-04
