#depth	He	He+	He+2
 1.49634e+10	3.20e-23	1.25e-11	1.00e+00
 4.54887e+10	3.53e-23	1.35e-11	1.00e+00
 7.72350e+10	3.90e-23	1.46e-11	1.00e+00
 1.10251e+11	4.30e-23	1.58e-11	1.00e+00
 1.44588e+11	4.75e-23	1.71e-11	1.00e+00
 1.80298e+11	5.24e-23	1.86e-11	1.00e+00
 2.17437e+11	5.78e-23	2.01e-11	1.00e+00
 2.56061e+11	6.38e-23	2.18e-11	1.00e+00
 2.96231e+11	7.05e-23	2.36e-11	1.00e+00
 3.38007e+11	7.79e-23	2.56e-11	1.00e+00
 3.81454e+11	8.65e-23	2.77e-11	1.00e+00
 4.26639e+11	9.61e-23	3.01e-11	1.00e+00
 4.73631e+11	1.07e-22	3.26e-11	1.00e+00
 5.22503e+11	1.19e-22	3.54e-11	1.00e+00
 5.73330e+11	1.32e-22	3.84e-11	1.00e+00
 6.26190e+11	1.48e-22	4.17e-11	1.00e+00
 6.81164e+11	1.65e-22	4.52e-11	1.00e+00
 7.38337e+11	1.84e-22	4.92e-11	1.00e+00
 7.97798e+11	2.05e-22	5.34e-11	1.00e+00
 8.59636e+11	2.29e-22	5.81e-11	1.00e+00
 9.23949e+11	2.56e-22	6.33e-11	1.00e+00
 9.90833e+11	2.86e-22	6.89e-11	1.00e+00
 1.06039e+12	3.20e-22	7.51e-11	1.00e+00
 1.13274e+12	3.58e-22	8.18e-11	1.00e+00
 1.20797e+12	4.00e-22	8.93e-11	1.00e+00
 1.28622e+12	4.48e-22	9.75e-11	1.00e+00
 1.36759e+12	5.01e-22	1.07e-10	1.00e+00
 1.45222e+12	5.60e-22	1.16e-10	1.00e+00
 1.54024e+12	6.27e-22	1.27e-10	1.00e+00
 1.63178e+12	7.01e-22	1.40e-10	1.00e+00
 1.72697e+12	7.83e-22	1.53e-10	1.00e+00
 1.82598e+12	8.75e-22	1.68e-10	1.00e+00
 1.92895e+12	9.79e-22	1.84e-10	1.00e+00
 2.03603e+12	1.09e-21	2.02e-10	1.00e+00
 2.14740e+12	1.23e-21	2.22e-10	1.00e+00
 2.26322e+12	1.37e-21	2.44e-10	1.00e+00
 2.38368e+12	1.54e-21	2.69e-10	1.00e+00
 2.50895e+12	1.73e-21	2.95e-10	1.00e+00
 2.63924e+12	1.95e-21	3.25e-10	1.00e+00
 2.77473e+12	2.21e-21	3.58e-10	1.00e+00
 2.91565e+12	2.50e-21	3.94e-10	1.00e+00
 3.06220e+12	2.84e-21	4.33e-10	1.00e+00
 3.21461e+12	3.24e-21	4.77e-10	1.00e+00
 3.37313e+12	3.71e-21	5.25e-10	1.00e+00
 3.53798e+12	4.26e-21	5.77e-10	1.00e+00
 3.70942e+12	4.91e-21	6.35e-10	1.00e+00
 3.88067e+12	5.64e-21	6.96e-10	1.00e+00
 4.05877e+12	6.51e-21	7.62e-10	1.00e+00
 4.25105e+12	7.58e-21	8.38e-10	1.00e+00
 4.45102e+12	8.85e-21	9.21e-10	1.00e+00
 4.65899e+12	1.04e-20	1.01e-09	1.00e+00
 4.87527e+12	1.22e-20	1.11e-09	1.00e+00
 5.10021e+12	1.43e-20	1.22e-09	1.00e+00
 5.33415e+12	1.69e-20	1.34e-09	1.00e+00
 5.57744e+12	1.99e-20	1.47e-09	1.00e+00
 5.83046e+12	2.35e-20	1.61e-09	1.00e+00
 6.09361e+12	2.79e-20	1.77e-09	1.00e+00
 6.36728e+12	3.30e-20	1.94e-09	1.00e+00
 6.65190e+12	3.92e-20	2.12e-09	1.00e+00
 6.94790e+12	4.65e-20	2.32e-09	1.00e+00
 7.25574e+12	5.52e-20	2.55e-09	1.00e+00
 7.57590e+12	6.56e-20	2.79e-09	1.00e+00
 7.90886e+12	7.80e-20	3.05e-09	1.00e+00
 8.25514e+12	9.28e-20	3.34e-09	1.00e+00
 8.61528e+12	1.10e-19	3.65e-09	1.00e+00
 8.98981e+12	1.31e-19	3.99e-09	1.00e+00
 9.37933e+12	1.56e-19	4.36e-09	1.00e+00
 9.78443e+12	1.86e-19	4.76e-09	1.00e+00
 1.02057e+13	2.20e-19	5.20e-09	1.00e+00
 1.06439e+13	2.62e-19	5.68e-09	1.00e+00
 1.10996e+13	3.11e-19	6.20e-09	1.00e+00
 1.15735e+13	3.70e-19	6.77e-09	1.00e+00
 1.20664e+13	4.39e-19	7.39e-09	1.00e+00
 1.25789e+13	5.21e-19	8.05e-09	1.00e+00
 1.31120e+13	6.19e-19	8.78e-09	1.00e+00
 1.36664e+13	7.34e-19	9.58e-09	1.00e+00
 1.42430e+13	8.71e-19	1.04e-08	1.00e+00
 1.48427e+13	1.03e-18	1.14e-08	1.00e+00
 1.54663e+13	1.22e-18	1.24e-08	1.00e+00
 1.61149e+13	1.45e-18	1.35e-08	1.00e+00
 1.67894e+13	1.72e-18	1.47e-08	1.00e+00
 1.74909e+13	2.04e-18	1.60e-08	1.00e+00
 1.82205e+13	2.41e-18	1.74e-08	1.00e+00
 1.89792e+13	2.85e-18	1.90e-08	1.00e+00
 1.97683e+13	3.37e-18	2.06e-08	1.00e+00
 2.05890e+13	3.99e-18	2.25e-08	1.00e+00
 2.14424e+13	4.72e-18	2.44e-08	1.00e+00
 2.23301e+13	5.58e-18	2.66e-08	1.00e+00
 2.32532e+13	6.59e-18	2.89e-08	1.00e+00
 2.42132e+13	7.79e-18	3.14e-08	1.00e+00
 2.52117e+13	9.21e-18	3.42e-08	1.00e+00
 2.61868e+13	1.08e-17	3.70e-08	1.00e+00
 2.71159e+13	1.24e-17	3.97e-08	1.00e+00
 2.81455e+13	1.45e-17	4.29e-08	1.00e+00
 2.93012e+13	1.72e-17	4.67e-08	1.00e+00
 3.04615e+13	2.01e-17	5.06e-08	1.00e+00
 3.16681e+13	2.37e-17	5.49e-08	1.00e+00
 3.29647e+13	2.80e-17	5.96e-08	1.00e+00
 3.43133e+13	3.31e-17	6.49e-08	1.00e+00
 3.57157e+13	3.90e-17	7.05e-08	1.00e+00
 3.71743e+13	4.63e-17	7.68e-08	1.00e+00
 3.86912e+13	5.46e-17	8.34e-08	1.00e+00
 4.02688e+13	6.45e-17	9.07e-08	1.00e+00
 4.19094e+13	7.62e-17	9.86e-08	1.00e+00
 4.36157e+13	9.04e-17	1.07e-07	1.00e+00
 4.53903e+13	1.07e-16	1.17e-07	1.00e+00
 4.72358e+13	1.26e-16	1.27e-07	1.00e+00
 4.91552e+13	1.49e-16	1.38e-07	1.00e+00
 5.11513e+13	1.77e-16	1.50e-07	1.00e+00
 5.32273e+13	2.09e-16	1.64e-07	1.00e+00
 5.53863e+13	2.49e-16	1.78e-07	1.00e+00
 5.76317e+13	2.94e-16	1.94e-07	1.00e+00
 5.99669e+13	3.49e-16	2.11e-07	1.00e+00
 6.23955e+13	4.13e-16	2.30e-07	1.00e+00
 6.49212e+13	4.90e-16	2.50e-07	1.00e+00
 6.75480e+13	5.81e-16	2.73e-07	1.00e+00
 7.02799e+13	6.90e-16	2.97e-07	1.00e+00
 7.31210e+13	8.18e-16	3.23e-07	1.00e+00
 7.60758e+13	9.73e-16	3.53e-07	1.00e+00
 7.91487e+13	1.15e-15	3.84e-07	1.00e+00
 8.23446e+13	1.37e-15	4.19e-07	1.00e+00
 8.56683e+13	1.63e-15	4.57e-07	1.00e+00
 8.91250e+13	1.94e-15	4.98e-07	1.00e+00
 9.26232e+13	2.29e-15	5.42e-07	1.00e+00
 9.62613e+13	2.72e-15	5.91e-07	1.00e+00
 1.00142e+14	3.23e-15	6.44e-07	1.00e+00
 1.04177e+14	3.85e-15	7.03e-07	1.00e+00
 1.08374e+14	4.59e-15	7.67e-07	1.00e+00
 1.12739e+14	5.47e-15	8.38e-07	1.00e+00
 1.17279e+14	6.53e-15	9.15e-07	1.00e+00
 1.22000e+14	7.79e-15	9.99e-07	1.00e+00
 1.26910e+14	9.29e-15	1.09e-06	1.00e+00
 1.31555e+14	1.09e-14	1.18e-06	1.00e+00
 1.35748e+14	1.26e-14	1.27e-06	1.00e+00
 1.40464e+14	1.47e-14	1.37e-06	1.00e+00
 1.46008e+14	1.75e-14	1.50e-06	1.00e+00
 1.51510e+14	2.07e-14	1.63e-06	1.00e+00
 1.56673e+14	2.40e-14	1.76e-06	1.00e+00
 1.62412e+14	2.83e-14	1.91e-06	1.00e+00
 1.68938e+14	3.38e-14	2.09e-06	1.00e+00
 1.75389e+14	4.01e-14	2.28e-06	1.00e+00
 1.82097e+14	4.76e-14	2.48e-06	1.00e+00
 1.89411e+14	5.69e-14	2.72e-06	1.00e+00
 1.96826e+14	6.78e-14	2.96e-06	1.00e+00
 2.04538e+14	8.06e-14	3.24e-06	1.00e+00
 2.12750e+14	9.62e-14	3.54e-06	1.00e+00
 2.21290e+14	1.15e-13	3.87e-06	1.00e+00
 2.30171e+14	1.37e-13	4.23e-06	1.00e+00
 2.39408e+14	1.63e-13	4.62e-06	1.00e+00
 2.49014e+14	1.93e-13	5.04e-06	1.00e+00
 2.59005e+14	2.29e-13	5.50e-06	1.00e+00
 2.69395e+14	2.72e-13	6.00e-06	1.00e+00
 2.80201e+14	3.24e-13	6.54e-06	1.00e+00
 2.91439e+14	3.83e-13	7.13e-06	1.00e+00
 3.02718e+14	4.50e-13	7.74e-06	1.00e+00
 3.14448e+14	5.29e-13	8.41e-06	1.00e+00
 3.27056e+14	6.23e-13	9.15e-06	1.00e+00
 3.40168e+14	7.35e-13	9.96e-06	1.00e+00
 3.53804e+14	8.65e-13	1.08e-05	1.00e+00
 3.67987e+14	1.02e-12	1.18e-05	1.00e+00
 3.82736e+14	1.20e-12	1.28e-05	1.00e+00
 3.98075e+14	1.41e-12	1.39e-05	1.00e+00
 4.13177e+14	1.64e-12	1.51e-05	1.00e+00
 4.28882e+14	1.91e-12	1.63e-05	1.00e+00
 4.46067e+14	2.24e-12	1.77e-05	1.00e+00
 4.63488e+14	2.61e-12	1.92e-05	1.00e+00
 4.81606e+14	3.05e-12	2.08e-05	1.00e+00
 5.00900e+14	3.58e-12	2.26e-05	1.00e+00
 5.20966e+14	4.19e-12	2.46e-05	1.00e+00
 5.41835e+14	4.91e-12	2.67e-05	1.00e+00
 5.61825e+14	5.64e-12	2.88e-05	1.00e+00
 5.80348e+14	6.43e-12	3.08e-05	1.00e+00
 6.01326e+14	7.42e-12	3.33e-05	1.00e+00
 6.25409e+14	8.67e-12	3.61e-05	1.00e+00
 6.49035e+14	1.00e-11	3.90e-05	1.00e+00
 6.71705e+14	1.15e-11	4.19e-05	1.00e+00
 6.96702e+14	1.33e-11	4.52e-05	1.00e+00
 7.24600e+14	1.55e-11	4.90e-05	1.00e+00
 7.52711e+14	1.80e-11	5.31e-05	1.00e+00
 7.81946e+14	2.09e-11	5.75e-05	1.00e+00
 8.13254e+14	2.44e-11	6.24e-05	1.00e+00
 8.45814e+14	2.84e-11	6.77e-05	1.00e+00
 8.79677e+14	3.31e-11	7.33e-05	1.00e+00
 9.14894e+14	3.83e-11	7.94e-05	1.00e+00
 9.51519e+14	4.48e-11	8.63e-05	1.00e+00
 9.89610e+14	5.20e-11	9.34e-05	1.00e+00
 1.02922e+15	6.04e-11	1.01e-04	1.00e+00
 1.07042e+15	6.99e-11	1.10e-04	1.00e+00
 1.11327e+15	8.15e-11	1.19e-04	1.00e+00
 1.15783e+15	9.46e-11	1.29e-04	1.00e+00
 1.20417e+15	1.09e-10	1.39e-04	1.00e+00
 1.25237e+15	1.27e-10	1.51e-04	1.00e+00
 1.30250e+15	1.48e-10	1.64e-04	1.00e+00
 1.35257e+15	1.70e-10	1.77e-04	1.00e+00
 1.40464e+15	1.96e-10	1.91e-04	1.00e+00
 1.46085e+15	2.27e-10	2.07e-04	1.00e+00
 1.51932e+15	2.62e-10	2.23e-04	1.00e+00
 1.58012e+15	3.04e-10	2.42e-04	1.00e+00
 1.63952e+15	3.48e-10	2.61e-04	1.00e+00
 1.70131e+15	4.00e-10	2.81e-04	1.00e+00
 1.76939e+15	4.61e-10	3.04e-04	1.00e+00
 1.83803e+15	5.32e-10	3.29e-04	1.00e+00
 1.90942e+15	6.11e-10	3.55e-04	1.00e+00
 1.98583e+15	7.08e-10	3.85e-04	1.00e+00
 2.05776e+15	8.05e-10	4.13e-04	1.00e+00
 2.12265e+15	9.04e-10	4.41e-04	1.00e+00
 2.19602e+15	1.02e-09	4.71e-04	1.00e+00
 2.28225e+15	1.18e-09	5.10e-04	9.99e-01
 2.36721e+15	1.35e-09	5.49e-04	9.99e-01
 2.44653e+15	1.52e-09	5.88e-04	9.99e-01
 2.53538e+15	1.73e-09	6.31e-04	9.99e-01
 2.63683e+15	2.01e-09	6.85e-04	9.99e-01
 2.73617e+15	2.30e-09	7.37e-04	9.99e-01
 2.83948e+15	2.64e-09	7.97e-04	9.99e-01
 2.95308e+15	3.05e-09	8.62e-04	9.99e-01
 3.06723e+15	3.51e-09	9.33e-04	9.99e-01
 3.17445e+15	3.98e-09	9.99e-04	9.99e-01
 3.28997e+15	4.56e-09	1.08e-03	9.99e-01
 3.41687e+15	5.24e-09	1.16e-03	9.99e-01
 3.53635e+15	5.99e-09	1.25e-03	9.99e-01
 3.66534e+15	6.83e-09	1.34e-03	9.99e-01
 3.80716e+15	7.89e-09	1.46e-03	9.99e-01
 3.94012e+15	8.98e-09	1.56e-03	9.98e-01
 4.08322e+15	1.03e-08	1.69e-03	9.98e-01
 4.23993e+15	1.19e-08	1.82e-03	9.98e-01
 4.38667e+15	1.36e-08	1.96e-03	9.98e-01
 4.54594e+15	1.56e-08	2.11e-03	9.98e-01
 4.72104e+15	1.81e-08	2.29e-03	9.98e-01
 4.88385e+15	2.07e-08	2.46e-03	9.98e-01
 5.05995e+15	2.38e-08	2.66e-03	9.97e-01
 5.25345e+15	2.76e-08	2.88e-03	9.97e-01
 5.43271e+15	3.17e-08	3.11e-03	9.97e-01
 5.62805e+15	3.63e-08	3.36e-03	9.97e-01
 5.84375e+15	4.28e-08	3.66e-03	9.96e-01
 6.03450e+15	4.90e-08	3.94e-03	9.96e-01
 6.23101e+15	5.55e-08	4.23e-03	9.96e-01
 6.46893e+15	6.58e-08	4.63e-03	9.95e-01
 6.70270e+15	7.70e-08	5.05e-03	9.95e-01
 6.91155e+15	8.83e-08	5.44e-03	9.95e-01
 7.14599e+15	1.03e-07	5.92e-03	9.94e-01
 7.40413e+15	1.21e-07	6.47e-03	9.94e-01
 7.63510e+15	1.40e-07	7.03e-03	9.93e-01
 7.83968e+15	1.58e-07	7.54e-03	9.92e-01
 8.06791e+15	1.81e-07	8.17e-03	9.92e-01
 8.36087e+15	2.19e-07	9.09e-03	9.91e-01
 8.65669e+15	2.63e-07	1.01e-02	9.90e-01
 8.89539e+15	3.00e-07	1.10e-02	9.89e-01
 9.14111e+15	3.55e-07	1.20e-02	9.88e-01
 9.41631e+15	4.22e-07	1.33e-02	9.87e-01
 9.68003e+15	4.92e-07	1.47e-02	9.85e-01
 9.93225e+15	5.90e-07	1.63e-02	9.84e-01
 1.01739e+16	6.93e-07	1.80e-02	9.82e-01
 1.04427e+16	8.21e-07	2.03e-02	9.80e-01
 1.07404e+16	1.03e-06	2.33e-02	9.77e-01
 1.09938e+16	1.25e-06	2.63e-02	9.74e-01
 1.12065e+16	1.47e-06	2.93e-02	9.71e-01
 1.14483e+16	1.77e-06	3.35e-02	9.66e-01
 1.17104e+16	2.27e-06	3.93e-02	9.61e-01
 1.19255e+16	2.77e-06	4.52e-02	9.55e-01
 1.20994e+16	3.26e-06	5.12e-02	9.49e-01
 1.22929e+16	4.10e-06	5.98e-02	9.40e-01
 1.24896e+16	5.14e-06	7.08e-02	9.29e-01
 1.26488e+16	6.33e-06	8.28e-02	9.17e-01
 1.27880e+16	7.71e-06	9.63e-02	9.04e-01
 1.29212e+16	9.40e-06	1.13e-01	8.87e-01
 1.30495e+16	1.18e-05	1.34e-01	8.66e-01
 1.31629e+16	1.45e-05	1.59e-01	8.41e-01
 1.32615e+16	1.78e-05	1.88e-01	8.12e-01
 1.33551e+16	2.18e-05	2.23e-01	7.77e-01
 1.34446e+16	2.69e-05	2.67e-01	7.33e-01
 1.35171e+16	3.22e-05	3.12e-01	6.88e-01
 1.35698e+16	3.72e-05	3.51e-01	6.49e-01
 1.36242e+16	4.32e-05	4.00e-01	6.00e-01
 1.36949e+16	5.23e-05	4.72e-01	5.28e-01
 1.37653e+16	6.28e-05	5.53e-01	4.47e-01
 1.38205e+16	7.19e-05	6.21e-01	3.79e-01
 1.38773e+16	8.18e-05	6.92e-01	3.08e-01
 1.39511e+16	9.39e-05	7.75e-01	2.25e-01
 1.40362e+16	1.06e-04	8.50e-01	1.50e-01
 1.41231e+16	1.16e-04	9.04e-01	9.60e-02
 1.42200e+16	1.25e-04	9.42e-01	5.83e-02
 1.43428e+16	1.33e-04	9.68e-01	3.19e-02
 1.45025e+16	1.40e-04	9.84e-01	1.57e-02
 1.47100e+16	1.49e-04	9.93e-01	6.92e-03
 1.49798e+16	1.58e-04	9.97e-01	2.78e-03
 1.53305e+16	1.69e-04	9.99e-01	1.01e-03
 1.57864e+16	1.84e-04	9.99e-01	3.37e-04
 1.62909e+16	2.02e-04	1.00e+00	1.20e-04
 1.67552e+16	2.20e-04	1.00e+00	5.29e-05
 1.71860e+16	2.37e-04	1.00e+00	2.68e-05
 1.76769e+16	2.58e-04	1.00e+00	1.31e-05
 1.82134e+16	2.83e-04	1.00e+00	6.50e-06
 1.86917e+16	3.03e-04	1.00e+00	3.68e-06
 1.91248e+16	3.28e-04	1.00e+00	2.26e-06
 1.95486e+16	3.52e-04	1.00e+00	1.45e-06
 2.00313e+16	3.82e-04	1.00e+00	8.84e-07
 2.05579e+16	4.18e-04	1.00e+00	5.43e-07
 2.10214e+16	4.53e-04	1.00e+00	3.66e-07
 2.14175e+16	4.88e-04	1.00e+00	2.66e-07
 2.17874e+16	5.23e-04	9.99e-01	1.99e-07
 2.22094e+16	5.71e-04	9.99e-01	1.45e-07
 2.26377e+16	6.26e-04	9.99e-01	1.08e-07
 2.29669e+16	6.77e-04	9.99e-01	8.78e-08
 2.32316e+16	7.24e-04	9.99e-01	7.47e-08
 2.35198e+16	7.85e-04	9.99e-01	6.27e-08
 2.37562e+16	8.40e-04	9.99e-01	5.47e-08
 2.38699e+16	8.70e-04	9.99e-01	5.17e-08
 2.39627e+16	8.98e-04	9.99e-01	4.92e-08
 2.40833e+16	9.36e-04	9.99e-01	4.59e-08
 2.42195e+16	9.82e-04	9.99e-01	4.25e-08
 2.43460e+16	1.03e-03	9.99e-01	3.96e-08
 2.44568e+16	1.08e-03	9.99e-01	3.74e-08
 2.45533e+16	1.12e-03	9.99e-01	3.55e-08
 2.46390e+16	1.16e-03	9.99e-01	3.40e-08
 2.47345e+16	1.22e-03	9.99e-01	3.23e-08
 2.48352e+16	1.27e-03	9.99e-01	3.06e-08
 2.49196e+16	1.33e-03	9.99e-01	2.92e-08
 2.49929e+16	1.38e-03	9.99e-01	2.82e-08
 2.50749e+16	1.44e-03	9.99e-01	2.70e-08
 2.51628e+16	1.51e-03	9.98e-01	2.57e-08
 2.52378e+16	1.58e-03	9.98e-01	2.47e-08
 2.53027e+16	1.65e-03	9.98e-01	2.39e-08
 2.53750e+16	1.73e-03	9.98e-01	2.30e-08
 2.54523e+16	1.82e-03	9.98e-01	2.21e-08
 2.55184e+16	1.90e-03	9.98e-01	2.13e-08
 2.55761e+16	1.99e-03	9.98e-01	2.07e-08
 2.56407e+16	2.09e-03	9.98e-01	1.99e-08
 2.57097e+16	2.21e-03	9.98e-01	1.92e-08
 2.57690e+16	2.33e-03	9.98e-01	1.85e-08
 2.58211e+16	2.44e-03	9.98e-01	1.80e-08
 2.58793e+16	2.57e-03	9.97e-01	1.74e-08
 2.59417e+16	2.73e-03	9.97e-01	1.68e-08
 2.59954e+16	2.89e-03	9.97e-01	1.63e-08
 2.60427e+16	3.04e-03	9.97e-01	1.58e-08
 2.60959e+16	3.24e-03	9.97e-01	1.53e-08
 2.61533e+16	3.47e-03	9.97e-01	1.47e-08
 2.62035e+16	3.69e-03	9.96e-01	1.43e-08
 2.62486e+16	3.92e-03	9.96e-01	1.39e-08
 2.62994e+16	4.21e-03	9.96e-01	1.34e-08
 2.63545e+16	4.58e-03	9.95e-01	1.28e-08
 2.64039e+16	4.96e-03	9.95e-01	1.24e-08
 2.64490e+16	5.36e-03	9.95e-01	1.20e-08
 2.64999e+16	5.89e-03	9.94e-01	1.16e-08
 2.65530e+16	6.53e-03	9.93e-01	1.10e-08
 2.65961e+16	7.15e-03	9.93e-01	1.06e-08
 2.66324e+16	7.78e-03	9.92e-01	1.03e-08
 2.66727e+16	8.60e-03	9.91e-01	9.96e-09
 2.67164e+16	9.64e-03	9.90e-01	9.52e-09
 2.67512e+16	1.06e-02	9.89e-01	9.16e-09
 2.67758e+16	1.15e-02	9.89e-01	8.97e-09
 2.67963e+16	1.22e-02	9.88e-01	8.79e-09
 2.68183e+16	1.32e-02	9.87e-01	8.60e-09
 2.68469e+16	1.46e-02	9.85e-01	8.33e-09
 2.68761e+16	1.63e-02	9.84e-01	8.01e-09
 2.68988e+16	1.80e-02	9.82e-01	7.79e-09
 2.69173e+16	1.94e-02	9.81e-01	7.65e-09
 2.69374e+16	2.14e-02	9.79e-01	7.46e-09
 2.69594e+16	2.37e-02	9.76e-01	7.25e-09
 2.69792e+16	2.62e-02	9.74e-01	7.08e-09
 2.69967e+16	2.88e-02	9.71e-01	6.95e-09
 2.70161e+16	3.22e-02	9.68e-01	6.82e-09
 2.70367e+16	3.64e-02	9.64e-01	6.64e-09
 2.70542e+16	4.07e-02	9.59e-01	6.51e-09
 2.70692e+16	4.49e-02	9.55e-01	6.45e-09
 2.70856e+16	5.04e-02	9.50e-01	6.38e-09
 2.71033e+16	5.73e-02	9.43e-01	6.30e-09
 2.71188e+16	6.45e-02	9.36e-01	6.25e-09
 2.71321e+16	7.16e-02	9.28e-01	6.25e-09
 2.71447e+16	7.96e-02	9.20e-01	6.25e-09
 2.71575e+16	8.85e-02	9.11e-01	6.29e-09
 2.71694e+16	9.82e-02	9.02e-01	6.32e-09
 2.71796e+16	1.07e-01	8.93e-01	6.37e-09
 2.71888e+16	1.17e-01	8.83e-01	6.42e-09
 2.71978e+16	1.27e-01	8.73e-01	6.50e-09
 2.72049e+16	1.35e-01	8.65e-01	6.55e-09
 2.72096e+16	1.41e-01	8.59e-01	6.60e-09
 2.72138e+16	1.47e-01	8.53e-01	6.64e-09
 2.72187e+16	1.55e-01	8.45e-01	6.69e-09
 2.72240e+16	1.63e-01	8.37e-01	6.75e-09
 2.72291e+16	1.71e-01	8.29e-01	6.81e-09
 2.72339e+16	1.79e-01	8.21e-01	6.88e-09
 2.72387e+16	1.88e-01	8.12e-01	6.93e-09
 2.72434e+16	1.96e-01	8.04e-01	7.01e-09
 2.72482e+16	2.06e-01	7.94e-01	7.07e-09
 2.72529e+16	2.16e-01	7.84e-01	7.13e-09
 2.72575e+16	2.26e-01	7.74e-01	7.20e-09
 2.72620e+16	2.36e-01	7.64e-01	7.28e-09
 2.72665e+16	2.47e-01	7.53e-01	7.34e-09
 2.72710e+16	2.58e-01	7.42e-01	7.43e-09
 2.72754e+16	2.70e-01	7.30e-01	7.49e-09
 2.72798e+16	2.82e-01	7.18e-01	7.56e-09
 2.72841e+16	2.95e-01	7.05e-01	7.63e-09
 2.72884e+16	3.07e-01	6.93e-01	7.69e-09
 2.72926e+16	3.20e-01	6.80e-01	7.76e-09
 2.72968e+16	3.34e-01	6.66e-01	7.83e-09
 2.73009e+16	3.48e-01	6.52e-01	7.88e-09
 2.73050e+16	3.61e-01	6.39e-01	7.94e-09
 2.73090e+16	3.75e-01	6.25e-01	8.00e-09
 2.73130e+16	3.90e-01	6.10e-01	8.05e-09
 2.73169e+16	4.05e-01	5.95e-01	8.09e-09
 2.73208e+16	4.19e-01	5.81e-01	8.14e-09
 2.73246e+16	4.34e-01	5.66e-01	8.18e-09
 2.73283e+16	4.49e-01	5.51e-01	8.21e-09
 2.73321e+16	4.64e-01	5.36e-01	8.23e-09
 2.73357e+16	4.79e-01	5.21e-01	8.26e-09
 2.73393e+16	4.94e-01	5.06e-01	8.30e-09
 2.73428e+16	5.08e-01	4.92e-01	8.31e-09
 2.73462e+16	5.23e-01	4.77e-01	8.31e-09
 2.73496e+16	5.37e-01	4.63e-01	8.32e-09
 2.73529e+16	5.51e-01	4.49e-01	8.32e-09
 2.73561e+16	5.65e-01	4.35e-01	8.30e-09
 2.73593e+16	5.78e-01	4.22e-01	8.28e-09
 2.73624e+16	5.92e-01	4.08e-01	8.26e-09
 2.73654e+16	6.05e-01	3.95e-01	8.24e-09
 2.73684e+16	6.17e-01	3.83e-01	8.21e-09
 2.73713e+16	6.30e-01	3.70e-01	8.17e-09
 2.73741e+16	6.42e-01	3.58e-01	8.14e-09
 2.73769e+16	6.54e-01	3.46e-01	8.09e-09
 2.73797e+16	6.65e-01	3.35e-01	8.05e-09
 2.73824e+16	6.76e-01	3.24e-01	8.00e-09
 2.73851e+16	6.87e-01	3.13e-01	7.95e-09
 2.73877e+16	6.97e-01	3.03e-01	7.90e-09
 2.73903e+16	7.08e-01	2.92e-01	7.83e-09
 2.73928e+16	7.18e-01	2.82e-01	7.77e-09
 2.73953e+16	7.27e-01	2.73e-01	7.70e-09
 2.73978e+16	7.37e-01	2.63e-01	7.63e-09
 2.74003e+16	7.46e-01	2.54e-01	7.58e-09
 2.74026e+16	7.54e-01	2.46e-01	7.51e-09
 2.74050e+16	7.63e-01	2.37e-01	7.43e-09
 2.74071e+16	7.70e-01	2.30e-01	7.34e-09
 2.74087e+16	7.75e-01	2.25e-01	7.28e-09
 2.74102e+16	7.81e-01	2.19e-01	7.22e-09
 2.74119e+16	7.87e-01	2.13e-01	7.14e-09
 2.74136e+16	7.92e-01	2.08e-01	7.07e-09
 2.74153e+16	7.98e-01	2.02e-01	7.01e-09
 2.74169e+16	8.03e-01	1.97e-01	6.94e-09
 2.74185e+16	8.08e-01	1.92e-01	6.87e-09
 2.74202e+16	8.14e-01	1.86e-01	6.80e-09
 2.74219e+16	8.19e-01	1.81e-01	6.72e-09
 2.74236e+16	8.24e-01	1.76e-01	6.66e-09
 2.74255e+16	8.29e-01	1.71e-01	6.57e-09
 2.74275e+16	8.35e-01	1.65e-01	6.47e-09
 2.74295e+16	8.41e-01	1.59e-01	6.38e-09
 2.74316e+16	8.47e-01	1.53e-01	6.28e-09
 2.74337e+16	8.52e-01	1.48e-01	6.19e-09
 2.74357e+16	8.57e-01	1.43e-01	6.08e-09
 2.74377e+16	8.62e-01	1.38e-01	5.97e-09
 2.74397e+16	8.67e-01	1.33e-01	5.86e-09
 2.74417e+16	8.72e-01	1.28e-01	5.75e-09
 2.74436e+16	8.77e-01	1.23e-01	5.63e-09
 2.74454e+16	8.81e-01	1.19e-01	5.52e-09
 2.74472e+16	8.85e-01	1.15e-01	5.41e-09
 2.74489e+16	8.89e-01	1.11e-01	5.30e-09
 2.74505e+16	8.93e-01	1.07e-01	5.20e-09
 2.74520e+16	8.96e-01	1.04e-01	5.09e-09
 2.74533e+16	8.99e-01	1.01e-01	5.00e-09
 2.74545e+16	9.01e-01	9.89e-02	4.92e-09
 2.74556e+16	9.03e-01	9.67e-02	4.84e-09
 2.74566e+16	9.05e-01	9.47e-02	4.77e-09
 2.74575e+16	9.07e-01	9.28e-02	4.70e-09
 2.74584e+16	9.09e-01	9.11e-02	4.63e-09
 2.74591e+16	9.10e-01	8.96e-02	4.57e-09
 2.74599e+16	9.12e-01	8.78e-02	4.50e-09
 2.74608e+16	9.14e-01	8.62e-02	4.45e-09
 2.74616e+16	9.15e-01	8.46e-02	4.38e-09
 2.74624e+16	9.17e-01	8.32e-02	4.32e-09
 2.74632e+16	9.18e-01	8.16e-02	4.25e-09
 2.74641e+16	9.20e-01	8.00e-02	4.19e-09
 2.74649e+16	9.22e-01	7.85e-02	4.12e-09
 2.74656e+16	9.23e-01	7.71e-02	4.06e-09
 2.74662e+16	9.24e-01	7.60e-02	4.01e-09
 2.74668e+16	9.25e-01	7.48e-02	3.95e-09
 2.74674e+16	9.26e-01	7.38e-02	3.91e-09
 2.74680e+16	9.27e-01	7.27e-02	3.85e-09
 2.74686e+16	9.28e-01	7.15e-02	3.80e-09
 2.74692e+16	9.30e-01	7.05e-02	3.75e-09
 2.74697e+16	9.31e-01	6.95e-02	3.70e-09
 2.74702e+16	9.31e-01	6.86e-02	3.65e-09
 2.74708e+16	9.32e-01	6.76e-02	3.60e-09
 2.74713e+16	9.33e-01	6.66e-02	3.55e-09
 2.74719e+16	9.34e-01	6.57e-02	3.51e-09
 2.74723e+16	9.35e-01	6.48e-02	3.46e-09
 2.74728e+16	9.36e-01	6.41e-02	3.43e-09
 2.74732e+16	9.37e-01	6.32e-02	3.38e-09
 2.74737e+16	9.38e-01	6.23e-02	3.33e-09
 2.74742e+16	9.38e-01	6.16e-02	3.29e-09
 2.74746e+16	9.39e-01	6.08e-02	3.25e-09
 2.74750e+16	9.40e-01	6.01e-02	3.21e-09
 2.74754e+16	9.41e-01	5.94e-02	3.17e-09
 2.74760e+16	9.42e-01	5.84e-02	3.12e-09
 2.74766e+16	9.43e-01	5.74e-02	3.07e-09
 2.74771e+16	9.43e-01	5.65e-02	3.02e-09
 2.74776e+16	9.44e-01	5.57e-02	2.98e-09
 2.74781e+16	9.45e-01	5.50e-02	2.94e-09
 2.74785e+16	9.46e-01	5.43e-02	2.90e-09
 2.74788e+16	9.46e-01	5.37e-02	2.87e-09
 2.74793e+16	9.47e-01	5.31e-02	2.83e-09
 2.74798e+16	9.48e-01	5.22e-02	2.78e-09
 2.74803e+16	9.49e-01	5.13e-02	2.74e-09
 2.74809e+16	9.49e-01	5.06e-02	2.69e-09
 2.74813e+16	9.50e-01	4.98e-02	2.65e-09
 2.74818e+16	9.51e-01	4.92e-02	2.62e-09
 2.74822e+16	9.51e-01	4.86e-02	2.59e-09
 2.74825e+16	9.52e-01	4.81e-02	2.56e-09
 2.74829e+16	9.52e-01	4.75e-02	2.53e-09
 2.74834e+16	9.53e-01	4.68e-02	2.49e-09
 2.74840e+16	9.54e-01	4.61e-02	2.45e-09
 2.74845e+16	9.55e-01	4.54e-02	2.42e-09
 2.74849e+16	9.55e-01	4.48e-02	2.39e-09
 2.74854e+16	9.56e-01	4.41e-02	2.35e-09
 2.74859e+16	9.57e-01	4.35e-02	2.32e-09
 2.74864e+16	9.57e-01	4.29e-02	2.29e-09
 2.74869e+16	9.58e-01	4.23e-02	2.26e-09
 2.74873e+16	9.58e-01	4.18e-02	2.23e-09
 2.74877e+16	9.59e-01	4.12e-02	2.20e-09
 2.74883e+16	9.59e-01	4.05e-02	2.17e-09
 2.74889e+16	9.60e-01	3.98e-02	2.12e-09
 2.74895e+16	9.61e-01	3.92e-02	2.10e-09
 2.74900e+16	9.61e-01	3.86e-02	2.07e-09
 2.74905e+16	9.62e-01	3.81e-02	2.04e-09
 2.74910e+16	9.63e-01	3.75e-02	2.01e-09
 2.74915e+16	9.63e-01	3.69e-02	1.98e-09
 2.74920e+16	9.64e-01	3.64e-02	1.95e-09
 2.74925e+16	9.64e-01	3.59e-02	1.92e-09
 2.74930e+16	9.65e-01	3.54e-02	1.90e-09
 2.74936e+16	9.65e-01	3.47e-02	1.87e-09
 2.74943e+16	9.66e-01	3.40e-02	1.83e-09
 2.74950e+16	9.67e-01	3.34e-02	1.80e-09
 2.74956e+16	9.67e-01	3.29e-02	1.78e-09
 2.74961e+16	9.68e-01	3.24e-02	1.75e-09
 2.74967e+16	9.68e-01	3.18e-02	1.73e-09
 2.74973e+16	9.69e-01	3.13e-02	1.70e-09
 2.74979e+16	9.69e-01	3.08e-02	1.68e-09
 2.74984e+16	9.70e-01	3.03e-02	1.65e-09
 2.74990e+16	9.70e-01	2.99e-02	1.63e-09
 2.74997e+16	9.71e-01	2.92e-02	1.60e-09
 2.75005e+16	9.71e-01	2.86e-02	1.57e-09
 2.75012e+16	9.72e-01	2.80e-02	1.54e-09
 2.75019e+16	9.72e-01	2.76e-02	1.52e-09
 2.75025e+16	9.73e-01	2.71e-02	1.50e-09
 2.75032e+16	9.73e-01	2.66e-02	1.47e-09
 2.75039e+16	9.74e-01	2.61e-02	1.45e-09
 2.75045e+16	9.74e-01	2.57e-02	1.43e-09
 2.75051e+16	9.75e-01	2.53e-02	1.41e-09
 2.75058e+16	9.75e-01	2.48e-02	1.39e-09
 2.75065e+16	9.76e-01	2.44e-02	1.36e-09
 2.75071e+16	9.76e-01	2.40e-02	1.34e-09
 2.75078e+16	9.76e-01	2.35e-02	1.32e-09
 2.75086e+16	9.77e-01	2.31e-02	1.30e-09
 2.75092e+16	9.77e-01	2.27e-02	1.28e-09
 2.75100e+16	9.78e-01	2.22e-02	1.26e-09
 2.75108e+16	9.78e-01	2.18e-02	1.24e-09
 2.75115e+16	9.79e-01	2.14e-02	1.22e-09
 2.75122e+16	9.79e-01	2.10e-02	1.20e-09
 2.75129e+16	9.79e-01	2.06e-02	1.19e-09
 2.75137e+16	9.80e-01	2.02e-02	1.17e-09
 2.75145e+16	9.80e-01	1.99e-02	1.15e-09
 2.75152e+16	9.81e-01	1.95e-02	1.13e-09
 2.75161e+16	9.81e-01	1.91e-02	1.11e-09
 2.75169e+16	9.81e-01	1.87e-02	1.10e-09
 2.75177e+16	9.82e-01	1.83e-02	1.08e-09
 2.75186e+16	9.82e-01	1.79e-02	1.06e-09
 2.75195e+16	9.82e-01	1.76e-02	1.04e-09
 2.75204e+16	9.83e-01	1.72e-02	1.02e-09
 2.75214e+16	9.83e-01	1.68e-02	1.00e-09
 2.75223e+16	9.84e-01	1.64e-02	9.85e-10
 2.75231e+16	9.84e-01	1.61e-02	9.70e-10
 2.75240e+16	9.84e-01	1.57e-02	9.53e-10
 2.75250e+16	9.85e-01	1.54e-02	9.36e-10
 2.75259e+16	9.85e-01	1.51e-02	9.22e-10
 2.75268e+16	9.85e-01	1.47e-02	9.04e-10
 2.75279e+16	9.86e-01	1.44e-02	8.88e-10
 2.75288e+16	9.86e-01	1.41e-02	8.73e-10
 2.75299e+16	9.86e-01	1.37e-02	8.56e-10
 2.75310e+16	9.87e-01	1.34e-02	8.40e-10
 2.75320e+16	9.87e-01	1.31e-02	8.25e-10
 2.75331e+16	9.87e-01	1.28e-02	8.08e-10
 2.75343e+16	9.88e-01	1.24e-02	7.92e-10
 2.75354e+16	9.88e-01	1.22e-02	7.77e-10
 2.75366e+16	9.88e-01	1.18e-02	7.60e-10
 2.75382e+16	9.89e-01	1.14e-02	7.39e-10
 2.75400e+16	9.89e-01	1.10e-02	7.17e-10
 2.75419e+16	9.89e-01	1.06e-02	6.97e-10
 2.75436e+16	9.90e-01	1.02e-02	6.77e-10
 2.75454e+16	9.90e-01	9.80e-03	6.57e-10
 2.75473e+16	9.91e-01	9.42e-03	6.37e-10
 2.75493e+16	9.91e-01	9.05e-03	6.17e-10
 2.75513e+16	9.91e-01	8.69e-03	5.98e-10
 2.75534e+16	9.92e-01	8.34e-03	5.78e-10
 2.75555e+16	9.92e-01	8.00e-03	5.59e-10
 2.75576e+16	9.92e-01	7.67e-03	5.40e-10
 2.75599e+16	9.93e-01	7.34e-03	5.21e-10
 2.75622e+16	9.93e-01	7.02e-03	5.03e-10
 2.75646e+16	9.93e-01	6.71e-03	4.84e-10
 2.75671e+16	9.94e-01	6.41e-03	4.66e-10
 2.75696e+16	9.94e-01	6.11e-03	4.48e-10
 2.75722e+16	9.94e-01	5.83e-03	4.30e-10
 2.75749e+16	9.94e-01	5.54e-03	4.12e-10
 2.75777e+16	9.95e-01	5.26e-03	3.94e-10
 2.75806e+16	9.95e-01	4.99e-03	3.76e-10
 2.75836e+16	9.95e-01	4.71e-03	3.57e-10
 2.75867e+16	9.96e-01	4.42e-03	3.37e-10
 2.75899e+16	9.96e-01	4.12e-03	3.16e-10
 2.75933e+16	9.96e-01	3.80e-03	2.93e-10
 2.75968e+16	9.97e-01	3.47e-03	2.69e-10
 2.76005e+16	9.97e-01	3.14e-03	2.45e-10
 2.76044e+16	9.97e-01	2.81e-03	2.20e-10
 2.76085e+16	9.98e-01	2.48e-03	1.95e-10
 2.76129e+16	9.98e-01	2.17e-03	1.71e-10
 2.76176e+16	9.98e-01	1.88e-03	1.48e-10
 2.76226e+16	9.98e-01	1.60e-03	1.27e-10
 2.76281e+16	9.99e-01	1.35e-03	1.07e-10
 2.76341e+16	9.99e-01	1.11e-03	8.82e-11
 2.76407e+16	9.99e-01	8.98e-04	7.12e-11
 2.76483e+16	9.99e-01	7.04e-04	5.58e-11
 2.76569e+16	9.99e-01	5.32e-04	4.22e-11
 2.76666e+16	1.00e+00	3.92e-04	3.10e-11
 2.76765e+16	1.00e+00	2.86e-04	2.26e-11
 2.76865e+16	1.00e+00	2.09e-04	1.65e-11
 2.76964e+16	1.00e+00	1.52e-04	1.20e-11
 2.77064e+16	1.00e+00	1.12e-04	8.78e-12
 2.77163e+16	1.00e+00	8.17e-05	6.42e-12
 2.77263e+16	1.00e+00	5.99e-05	4.70e-12
 2.77362e+16	1.00e+00	4.41e-05	3.45e-12
 2.77462e+16	1.00e+00	3.25e-05	2.54e-12
 2.77561e+16	1.00e+00	2.40e-05	1.87e-12
 2.77661e+16	1.00e+00	1.78e-05	1.39e-12
 2.77760e+16	1.00e+00	1.33e-05	1.03e-12
 2.77860e+16	1.00e+00	1.00e-05	7.76e-13
 2.77960e+16	1.00e+00	7.60e-06	5.88e-13
 2.78059e+16	1.00e+00	5.83e-06	4.49e-13
 2.78159e+16	1.00e+00	4.53e-06	3.47e-13
 2.78258e+16	1.00e+00	3.59e-06	2.75e-13
 2.78358e+16	1.00e+00	2.89e-06	2.21e-13
 2.78457e+16	1.00e+00	2.37e-06	1.80e-13
 2.78557e+16	1.00e+00	2.00e-06	1.51e-13
 2.78656e+16	1.00e+00	1.73e-06	1.31e-13
 2.78756e+16	1.00e+00	1.52e-06	1.15e-13
 2.78855e+16	1.00e+00	1.37e-06	1.03e-13
 2.78955e+16	1.00e+00	1.26e-06	9.41e-14
 2.79054e+16	1.00e+00	1.18e-06	8.80e-14
 2.79154e+16	1.00e+00	1.12e-06	8.30e-14
 2.79253e+16	1.00e+00	1.07e-06	7.89e-14
 2.79353e+16	1.00e+00	1.03e-06	7.60e-14
 2.79452e+16	1.00e+00	1.01e-06	7.40e-14
 2.79552e+16	1.00e+00	9.85e-07	7.21e-14
 2.79651e+16	1.00e+00	9.66e-07	7.03e-14
 2.79766e+16	1.00e+00	9.51e-07	6.91e-14
 2.79915e+16	1.00e+00	9.34e-07	6.74e-14
 2.80108e+16	1.00e+00	9.17e-07	6.55e-14
 2.80359e+16	1.00e+00	8.99e-07	6.35e-14
 2.80686e+16	1.00e+00	8.79e-07	6.12e-14
 2.81111e+16	1.00e+00	8.55e-07	5.82e-14
 2.81664e+16	1.00e+00	8.25e-07	5.46e-14
 2.82382e+16	1.00e+00	7.88e-07	5.02e-14
 2.83315e+16	1.00e+00	7.42e-07	4.49e-14
 2.84428e+16	1.00e+00	6.91e-07	3.94e-14
 2.85623e+16	1.00e+00	6.40e-07	3.42e-14
 2.86886e+16	1.00e+00	5.90e-07	2.93e-14
 2.88284e+16	1.00e+00	5.38e-07	2.46e-14
 2.89883e+16	1.00e+00	4.84e-07	2.01e-14
 2.91699e+16	1.00e+00	4.29e-07	1.59e-14
 2.93742e+16	1.00e+00	3.75e-07	1.23e-14
 2.96010e+16	1.00e+00	3.23e-07	9.23e-15
 2.98505e+16	1.00e+00	2.75e-07	6.74e-15
 3.01260e+16	1.00e+00	2.30e-07	4.77e-15
 3.04342e+16	1.00e+00	1.88e-07	3.24e-15
 3.07857e+16	1.00e+00	1.51e-07	2.10e-15
 3.11863e+16	1.00e+00	1.17e-07	1.29e-15
 3.16365e+16	1.00e+00	8.90e-08	7.50e-16
 3.21499e+16	1.00e+00	6.53e-08	4.09e-16
 3.27041e+16	1.00e+00	4.74e-08	2.18e-16
 3.32610e+16	1.00e+00	3.46e-08	1.17e-16
 3.38179e+16	1.00e+00	2.55e-08	6.42e-17
 3.43748e+16	1.00e+00	1.89e-08	3.55e-17
 3.49699e+16	1.00e+00	1.37e-08	1.90e-17
 3.56128e+16	1.00e+00	9.84e-09	9.85e-18
 3.62750e+16	1.00e+00	7.06e-09	5.10e-18
 3.69538e+16	1.00e+00	5.06e-09	2.64e-18
 3.76497e+16	1.00e+00	3.63e-09	1.37e-18
 3.83559e+16	1.00e+00	2.61e-09	7.12e-19
 3.90621e+16	1.00e+00	1.90e-09	3.80e-19
 3.97683e+16	1.00e+00	1.39e-09	2.04e-19
 4.05106e+16	1.00e+00	9.99e-10	1.06e-19
 4.13008e+16	1.00e+00	7.14e-10	5.47e-20
 4.21106e+16	1.00e+00	5.10e-10	2.81e-20
 4.29408e+16	1.00e+00	3.65e-10	1.45e-20
 4.37832e+16	1.00e+00	2.62e-10	7.49e-21
 4.46457e+16	1.00e+00	1.87e-10	0.00e+00
 4.55371e+16	1.00e+00	1.33e-10	0.00e+00
 4.64417e+16	1.00e+00	9.56e-11	0.00e+00
 4.73507e+16	1.00e+00	6.88e-11	0.00e+00
 4.82924e+16	1.00e+00	4.91e-11	0.00e+00
 4.92763e+16	1.00e+00	3.48e-11	0.00e+00
 5.02850e+16	1.00e+00	2.47e-11	0.00e+00
 5.13189e+16	1.00e+00	1.75e-11	0.00e+00
 5.23734e+16	1.00e+00	1.24e-11	0.00e+00
 5.34383e+16	1.00e+00	8.79e-12	0.00e+00
 5.45303e+16	1.00e+00	6.22e-12	0.00e+00
 5.56604e+16	1.00e+00	4.38e-12	0.00e+00
 5.68132e+16	1.00e+00	3.08e-12	0.00e+00
 5.79889e+16	1.00e+00	2.17e-12	0.00e+00
 5.91763e+16	1.00e+00	1.53e-12	0.00e+00
 6.03696e+16	1.00e+00	1.08e-12	0.00e+00
 6.17488e+16	1.00e+00	7.22e-13	0.00e+00
 6.35416e+16	1.00e+00	4.31e-13	0.00e+00
 6.58461e+16	1.00e+00	2.25e-13	0.00e+00
 6.83538e+16	1.00e+00	1.14e-13	0.00e+00
 7.05802e+16	1.00e+00	6.37e-14	0.00e+00
 7.27203e+16	1.00e+00	3.67e-14	0.00e+00
 7.53200e+16	1.00e+00	1.87e-14	0.00e+00
 7.83251e+16	1.00e+00	8.76e-15	0.00e+00
 8.06509e+16	1.00e+00	5.04e-15	0.00e+00
 8.18750e+16	1.00e+00	3.83e-15	0.00e+00
 8.28735e+16	1.00e+00	3.00e-15	0.00e+00
 8.41714e+16	1.00e+00	2.21e-15	0.00e+00
 8.58587e+16	1.00e+00	1.49e-15	0.00e+00
 8.80523e+16	1.00e+00	9.00e-16	0.00e+00
 9.09038e+16	1.00e+00	4.74e-16	0.00e+00
 9.38479e+16	1.00e+00	2.56e-16	0.00e+00
 9.64668e+16	1.00e+00	1.51e-16	0.00e+00
 9.94260e+16	1.00e+00	8.29e-17	0.00e+00
 1.03121e+17	1.00e+00	3.98e-17	0.00e+00
 1.07160e+17	1.00e+00	1.90e-17	0.00e+00
 1.11071e+17	1.00e+00	9.62e-18	0.00e+00
 1.15224e+17	1.00e+00	4.93e-18	0.00e+00
 1.19833e+17	1.00e+00	2.52e-18	0.00e+00
 1.24626e+17	1.00e+00	1.39e-18	0.00e+00
 1.29611e+17	1.00e+00	8.60e-19	0.00e+00
 1.34795e+17	1.00e+00	6.03e-19	0.00e+00
 1.40187e+17	1.00e+00	4.76e-19	0.00e+00
 1.45795e+17	1.00e+00	4.10e-19	0.00e+00
 1.51627e+17	1.00e+00	3.74e-19	0.00e+00
 1.57214e+17	1.00e+00	3.52e-19	0.00e+00
 1.62418e+17	1.00e+00	3.59e-19	0.00e+00
 1.67751e+17	1.00e+00	3.61e-19	0.00e+00
 1.73359e+17	1.00e+00	3.51e-19	0.00e+00
 1.79155e+17	1.00e+00	3.40e-19	0.00e+00
 1.85066e+17	1.00e+00	3.32e-19	0.00e+00
 1.91093e+17	1.00e+00	3.25e-19	0.00e+00
 1.97228e+17	1.00e+00	3.17e-19	0.00e+00
 2.03457e+17	1.00e+00	3.11e-19	0.00e+00
 2.09742e+17	1.00e+00	3.05e-19	0.00e+00
 2.16051e+17	1.00e+00	3.01e-19	0.00e+00
 2.22373e+17	1.00e+00	2.97e-19	0.00e+00
 2.28673e+17	1.00e+00	2.94e-19	0.00e+00
 2.34908e+17	1.00e+00	2.91e-19	0.00e+00
 2.41051e+17	1.00e+00	2.91e-19	0.00e+00
 2.47058e+17	1.00e+00	2.90e-19	0.00e+00
 2.52890e+17	1.00e+00	2.92e-19	0.00e+00
 2.58546e+17	1.00e+00	2.94e-19	0.00e+00
 2.63991e+17	1.00e+00	2.97e-19	0.00e+00
 2.69205e+17	1.00e+00	3.00e-19	0.00e+00
 2.74175e+17	1.00e+00	3.04e-19	0.00e+00
 2.78893e+17	1.00e+00	3.09e-19	0.00e+00
 2.83359e+17	1.00e+00	3.13e-19	0.00e+00
 2.87583e+17	1.00e+00	3.18e-19	0.00e+00
 2.91571e+17	1.00e+00	3.23e-19	0.00e+00
 2.95329e+17	1.00e+00	3.28e-19	0.00e+00
 2.98865e+17	1.00e+00	3.32e-19	0.00e+00
 3.02193e+17	1.00e+00	3.37e-19	0.00e+00
 3.05324e+17	1.00e+00	3.41e-19	0.00e+00
 3.08270e+17	1.00e+00	3.45e-19	0.00e+00
 3.11044e+17	1.00e+00	3.49e-19	0.00e+00
 3.13655e+17	1.00e+00	3.52e-19	0.00e+00
 3.16114e+17	1.00e+00	3.55e-19	0.00e+00
 3.18431e+17	1.00e+00	3.58e-19	0.00e+00
 3.20615e+17	1.00e+00	3.61e-19	0.00e+00
 3.22673e+17	1.00e+00	3.64e-19	0.00e+00
 3.24613e+17	1.00e+00	3.66e-19	0.00e+00
 3.26442e+17	1.00e+00	3.68e-19	0.00e+00
 3.28172e+17	1.00e+00	3.71e-19	0.00e+00
 3.29810e+17	1.00e+00	3.72e-19	0.00e+00
 3.31360e+17	1.00e+00	3.74e-19	0.00e+00
 3.32826e+17	1.00e+00	3.76e-19	0.00e+00
 3.34213e+17	1.00e+00	3.77e-19	0.00e+00
 3.35527e+17	1.00e+00	3.78e-19	0.00e+00
 3.36772e+17	1.00e+00	3.80e-19	0.00e+00
 3.37954e+17	1.00e+00	3.81e-19	0.00e+00
 3.39076e+17	1.00e+00	3.82e-19	0.00e+00
 3.40141e+17	1.00e+00	3.83e-19	0.00e+00
 3.41152e+17	1.00e+00	3.84e-19	0.00e+00
 3.42113e+17	1.00e+00	3.85e-19	0.00e+00
 3.43027e+17	1.00e+00	3.86e-19	0.00e+00
 3.43897e+17	1.00e+00	3.86e-19	0.00e+00
 3.44726e+17	1.00e+00	3.87e-19	0.00e+00
 3.45516e+17	1.00e+00	3.88e-19	0.00e+00
 3.46269e+17	1.00e+00	3.88e-19	0.00e+00
 3.46988e+17	1.00e+00	3.89e-19	0.00e+00
 3.47674e+17	1.00e+00	3.89e-19	0.00e+00
 3.48330e+17	1.00e+00	3.90e-19	0.00e+00
 3.48958e+17	1.00e+00	3.90e-19	0.00e+00
 3.49559e+17	1.00e+00	3.91e-19	0.00e+00
 3.50136e+17	1.00e+00	3.91e-19	0.00e+00
 3.50689e+17	1.00e+00	3.91e-19	0.00e+00
 3.51221e+17	1.00e+00	3.92e-19	0.00e+00
 3.51734e+17	1.00e+00	3.92e-19	0.00e+00
 3.52228e+17	1.00e+00	3.92e-19	0.00e+00
 3.52706e+17	1.00e+00	3.93e-19	0.00e+00
 3.53168e+17	1.00e+00	3.93e-19	0.00e+00
 3.53616e+17	1.00e+00	3.93e-19	0.00e+00
 3.54052e+17	1.00e+00	3.93e-19	0.00e+00
 3.54476e+17	1.00e+00	3.93e-19	0.00e+00
 3.54892e+17	1.00e+00	3.93e-19	0.00e+00
 3.55299e+17	1.00e+00	3.93e-19	0.00e+00
 3.55700e+17	1.00e+00	3.94e-19	0.00e+00
 3.56096e+17	1.00e+00	3.94e-19	0.00e+00
 3.56489e+17	1.00e+00	3.94e-19	0.00e+00
 3.56882e+17	1.00e+00	3.94e-19	0.00e+00
 3.57275e+17	1.00e+00	3.93e-19	0.00e+00
 3.57672e+17	1.00e+00	3.93e-19	0.00e+00
 3.58076e+17	1.00e+00	3.93e-19	0.00e+00
 3.58490e+17	1.00e+00	3.93e-19	0.00e+00
 3.58918e+17	1.00e+00	3.93e-19	0.00e+00
 3.59365e+17	1.00e+00	3.92e-19	0.00e+00
 3.59837e+17	1.00e+00	3.92e-19	0.00e+00
 3.60342e+17	1.00e+00	3.91e-19	0.00e+00
 3.60890e+17	1.00e+00	3.90e-19	0.00e+00
 3.61496e+17	1.00e+00	3.89e-19	0.00e+00
 3.62179e+17	1.00e+00	3.88e-19	0.00e+00
 3.62964e+17	1.00e+00	3.85e-19	0.00e+00
 3.63890e+17	1.00e+00	3.83e-19	0.00e+00
 3.65014e+17	1.00e+00	3.79e-19	0.00e+00
 3.66417e+17	1.00e+00	3.73e-19	0.00e+00
 3.68223e+17	1.00e+00	3.64e-19	0.00e+00
 3.70570e+17	1.00e+00	3.50e-19	0.00e+00
 3.73622e+17	1.00e+00	3.30e-19	0.00e+00
 3.77588e+17	1.00e+00	3.02e-19	0.00e+00
 3.82745e+17	1.00e+00	2.67e-19	0.00e+00
 3.89449e+17	1.00e+00	2.25e-19	0.00e+00
 3.98164e+17	1.00e+00	1.78e-19	0.00e+00
 4.09494e+17	1.00e+00	1.29e-19	0.00e+00
 4.24215e+17	1.00e+00	8.34e-20	0.00e+00
 4.41184e+17	1.00e+00	4.61e-20	0.00e+00
 4.58384e+17	1.00e+00	3.54e-20	0.00e+00
 4.75318e+17	1.00e+00	3.31e-20	0.00e+00
 4.91958e+17	1.00e+00	3.13e-20	0.00e+00
 5.08176e+17	1.00e+00	2.92e-20	0.00e+00
 5.23625e+17	1.00e+00	2.80e-20	0.00e+00
 5.37951e+17	1.00e+00	2.79e-20	0.00e+00
 5.50966e+17	1.00e+00	2.87e-20	0.00e+00
 5.62680e+17	1.00e+00	2.93e-20	0.00e+00
 5.73111e+17	1.00e+00	2.94e-20	0.00e+00
 5.82228e+17	1.00e+00	2.93e-20	0.00e+00
 5.89177e+17	1.00e+00	2.89e-20	0.00e+00
 5.93294e+17	1.00e+00	3.26e-20	0.00e+00
 5.95456e+17	1.00e+00	3.61e-20	0.00e+00
 5.96689e+17	1.00e+00	3.81e-20	0.00e+00
 5.97428e+17	1.00e+00	3.93e-20	0.00e+00
 5.97928e+17	1.00e+00	4.02e-20	0.00e+00
 5.98366e+17	1.00e+00	4.09e-20	0.00e+00
 5.98811e+17	1.00e+00	4.13e-20	0.00e+00
 5.99268e+17	1.00e+00	4.14e-20	0.00e+00
 5.99682e+17	1.00e+00	4.16e-20	0.00e+00
 6.00039e+17	1.00e+00	4.20e-20	0.00e+00
 6.00340e+17	1.00e+00	4.22e-20	0.00e+00
 6.00643e+17	1.00e+00	4.25e-20	0.00e+00
 6.00978e+17	1.00e+00	4.23e-20	0.00e+00
 6.01297e+17	1.00e+00	4.23e-20	0.00e+00
 6.01575e+17	1.00e+00	4.23e-20	0.00e+00
 6.01819e+17	1.00e+00	4.25e-20	0.00e+00
 6.02052e+17	1.00e+00	4.20e-20	0.00e+00
 6.02289e+17	1.00e+00	4.20e-20	0.00e+00
 6.02521e+17	1.00e+00	4.18e-20	0.00e+00
 6.02729e+17	1.00e+00	4.19e-20	0.00e+00
 6.02925e+17	1.00e+00	4.22e-20	0.00e+00
 6.03126e+17	1.00e+00	4.24e-20	0.00e+00
 6.03324e+17	1.00e+00	4.18e-20	0.00e+00
 6.03502e+17	1.00e+00	4.27e-20	0.00e+00
 6.03669e+17	1.00e+00	4.52e-20	0.00e+00
 6.03842e+17	1.00e+00	4.76e-20	0.00e+00
 6.04010e+17	1.00e+00	4.27e-20	0.00e+00
 6.04163e+17	1.00e+00	5.61e-20	0.00e+00
 6.04317e+17	1.00e+00	5.59e-20	0.00e+00
 6.04474e+17	1.00e+00	5.34e-20	0.00e+00
 6.04630e+17	1.00e+00	4.91e-20	0.00e+00
 6.04779e+17	1.00e+00	5.73e-20	0.00e+00
 6.04923e+17	1.00e+00	6.49e-20	0.00e+00
 6.05068e+17	1.00e+00	7.19e-20	0.00e+00
 6.05212e+17	1.00e+00	6.50e-20	0.00e+00
 6.05354e+17	1.00e+00	7.43e-20	0.00e+00
 6.05497e+17	1.00e+00	7.27e-20	0.00e+00
 6.05642e+17	1.00e+00	7.09e-20	0.00e+00
 6.05787e+17	1.00e+00	6.22e-20	0.00e+00
 6.05932e+17	1.00e+00	6.72e-20	0.00e+00
 6.06072e+17	1.00e+00	6.58e-20	0.00e+00
 6.06221e+17	1.00e+00	9.20e-20	0.00e+00
 6.06374e+17	1.00e+00	4.54e-20	0.00e+00
 6.06519e+17	1.00e+00	6.66e-20	0.00e+00
 6.06670e+17	1.00e+00	5.84e-20	0.00e+00
 6.06827e+17	1.00e+00	5.11e-20	0.00e+00
 6.06987e+17	1.00e+00	4.47e-20	0.00e+00
 6.07147e+17	1.00e+00	4.52e-20	0.00e+00
 6.07304e+17	1.00e+00	4.43e-20	0.00e+00
 6.07476e+17	1.00e+00	4.91e-20	0.00e+00
 6.07671e+17	1.00e+00	3.79e-20	0.00e+00
 6.07856e+17	1.00e+00	3.73e-20	0.00e+00
 6.08018e+17	1.00e+00	3.91e-20	0.00e+00
 6.08185e+17	1.00e+00	5.02e-20	0.00e+00
 6.08379e+17	1.00e+00	3.73e-20	0.00e+00
 6.08580e+17	1.00e+00	3.61e-20	0.00e+00
 6.08771e+17	1.00e+00	3.60e-20	0.00e+00
 6.08966e+17	1.00e+00	3.61e-20	0.00e+00
 6.09175e+17	1.00e+00	3.52e-20	0.00e+00
 6.09390e+17	1.00e+00	3.47e-20	0.00e+00
 6.09598e+17	1.00e+00	3.44e-20	0.00e+00
 6.09810e+17	1.00e+00	3.42e-20	0.00e+00
 6.10032e+17	1.00e+00	3.37e-20	0.00e+00
 6.10265e+17	1.00e+00	3.32e-20	0.00e+00
 6.10508e+17	1.00e+00	3.27e-20	0.00e+00
 6.10750e+17	1.00e+00	3.23e-20	0.00e+00
 6.10994e+17	1.00e+00	3.19e-20	0.00e+00
 6.11245e+17	1.00e+00	3.15e-20	0.00e+00
 6.11504e+17	1.00e+00	3.10e-20	0.00e+00
 6.11770e+17	1.00e+00	3.06e-20	0.00e+00
 6.12039e+17	1.00e+00	3.01e-20	0.00e+00
 6.12323e+17	1.00e+00	2.96e-20	0.00e+00
 6.12617e+17	1.00e+00	2.90e-20	0.00e+00
 6.12914e+17	1.00e+00	2.85e-20	0.00e+00
 6.13210e+17	1.00e+00	2.80e-20	0.00e+00
 6.13508e+17	1.00e+00	2.76e-20	0.00e+00
 6.13828e+17	1.00e+00	2.70e-20	0.00e+00
 6.14161e+17	1.00e+00	2.63e-20	0.00e+00
 6.14485e+17	1.00e+00	2.58e-20	0.00e+00
 6.14813e+17	1.00e+00	2.53e-20	0.00e+00
 6.15157e+17	1.00e+00	2.46e-20	0.00e+00
 6.15504e+17	1.00e+00	2.40e-20	0.00e+00
 6.15862e+17	1.00e+00	2.34e-20	0.00e+00
 6.16237e+17	1.00e+00	2.28e-20	0.00e+00
 6.16617e+17	1.00e+00	2.21e-20	0.00e+00
 6.16996e+17	1.00e+00	2.15e-20	0.00e+00
 6.17379e+17	1.00e+00	2.09e-20	0.00e+00
 6.17769e+17	1.00e+00	2.03e-20	0.00e+00
 6.18172e+17	1.00e+00	1.96e-20	0.00e+00
 6.18586e+17	1.00e+00	1.90e-20	0.00e+00
 6.19011e+17	1.00e+00	1.83e-20	0.00e+00
 6.19440e+17	1.00e+00	1.77e-20	0.00e+00
 6.19873e+17	1.00e+00	1.70e-20	0.00e+00
 6.20308e+17	1.00e+00	1.64e-20	0.00e+00
 6.20762e+17	1.00e+00	1.58e-20	0.00e+00
 6.21230e+17	1.00e+00	1.50e-20	0.00e+00
 6.21698e+17	1.00e+00	1.44e-20	0.00e+00
 6.22172e+17	1.00e+00	1.38e-20	0.00e+00
 6.22675e+17	1.00e+00	1.32e-20	0.00e+00
 6.23189e+17	1.00e+00	1.24e-20	0.00e+00
 6.23705e+17	1.00e+00	1.19e-20	0.00e+00
 6.24239e+17	1.00e+00	1.12e-20	0.00e+00
 6.24773e+17	1.00e+00	1.06e-20	0.00e+00
 6.25300e+17	1.00e+00	1.01e-20	0.00e+00
 6.25868e+17	1.00e+00	9.49e-21	0.00e+00
 6.26472e+17	1.00e+00	8.80e-21	0.00e+00
 6.27073e+17	1.00e+00	8.25e-21	0.00e+00
 6.27685e+17	1.00e+00	7.70e-21	0.00e+00
 6.28318e+17	1.00e+00	7.16e-21	0.00e+00
 6.28958e+17	1.00e+00	6.63e-21	0.00e+00
 6.29563e+17	1.00e+00	6.16e-21	0.00e+00
 6.30104e+17	1.00e+00	5.81e-21	0.00e+00
 6.30595e+17	1.00e+00	5.53e-21	0.00e+00
 6.31057e+17	1.00e+00	5.28e-21	0.00e+00
 6.31503e+17	1.00e+00	5.03e-21	0.00e+00
 6.31931e+17	1.00e+00	4.80e-21	0.00e+00
 6.32339e+17	1.00e+00	4.60e-21	0.00e+00
 6.32727e+17	1.00e+00	4.41e-21	0.00e+00
 6.33099e+17	1.00e+00	4.25e-21	0.00e+00
 6.33457e+17	1.00e+00	4.09e-21	0.00e+00
 6.33801e+17	1.00e+00	3.95e-21	0.00e+00
 6.34131e+17	1.00e+00	3.81e-21	0.00e+00
 6.34448e+17	1.00e+00	3.69e-21	0.00e+00
 6.34752e+17	1.00e+00	3.58e-21	0.00e+00
 6.35045e+17	1.00e+00	3.48e-21	0.00e+00
 6.35327e+17	1.00e+00	3.38e-21	0.00e+00
 6.35599e+17	1.00e+00	3.29e-21	0.00e+00
 6.35860e+17	1.00e+00	3.20e-21	0.00e+00
 6.36111e+17	1.00e+00	3.12e-21	0.00e+00
 6.36353e+17	1.00e+00	3.06e-21	0.00e+00
 6.36585e+17	1.00e+00	2.99e-21	0.00e+00
 6.36810e+17	1.00e+00	2.92e-21	0.00e+00
 6.37028e+17	1.00e+00	2.86e-21	0.00e+00
 6.37238e+17	1.00e+00	2.81e-21	0.00e+00
 6.37443e+17	1.00e+00	2.75e-21	0.00e+00
 6.37643e+17	1.00e+00	2.70e-21	0.00e+00
 6.37838e+17	1.00e+00	2.65e-21	0.00e+00
 6.38028e+17	1.00e+00	2.61e-21	0.00e+00
 6.38213e+17	1.00e+00	2.56e-21	0.00e+00
 6.38394e+17	1.00e+00	2.52e-21	0.00e+00
 6.38571e+17	1.00e+00	2.48e-21	0.00e+00
 6.38745e+17	1.00e+00	2.44e-21	0.00e+00
 6.38915e+17	1.00e+00	2.40e-21	0.00e+00
 6.39110e+17	1.00e+00	2.36e-21	0.00e+00
 6.39362e+17	1.00e+00	2.19e-21	0.00e+00
 6.39690e+17	1.00e+00	1.94e-21	0.00e+00
 6.40117e+17	1.00e+00	1.66e-21	0.00e+00
 6.40672e+17	1.00e+00	1.37e-21	0.00e+00
 6.41364e+17	1.00e+00	1.12e-21	0.00e+00
 6.42103e+17	1.00e+00	9.18e-22	0.00e+00
 6.42769e+17	1.00e+00	8.24e-22	0.00e+00
 6.43349e+17	1.00e+00	7.95e-22	0.00e+00
 6.43891e+17	1.00e+00	7.82e-22	0.00e+00
 6.44443e+17	1.00e+00	7.31e-22	0.00e+00
