#depth	O	O+	O+2	O+3	O+4	O+5	O+6	O+7	O+8	O[1]	O[2]	O[3]
 1.49634e+10	0.00e+00	0.00e+00	5.49e-30	1.12e-20	9.49e-13	1.44e-06	1.00e+00	4.23e-22	0.00e+00	0.00e+00	0.00e+00	0.00e+00
 4.54887e+10	0.00e+00	1.76e-40	7.51e-30	1.42e-20	1.11e-12	1.55e-06	1.00e+00	0.00e+00	0.00e+00	0.00e+00	0.00e+00	0.00e+00
 7.72350e+10	0.00e+00	0.00e+00	1.03e-29	1.80e-20	1.30e-12	1.68e-06	1.00e+00	0.00e+00	0.00e+00	0.00e+00	0.00e+00	0.00e+00
 1.10251e+11	0.00e+00	3.85e-40	1.41e-29	2.27e-20	1.52e-12	1.82e-06	1.00e+00	0.00e+00	0.00e+00	0.00e+00	0.00e+00	0.00e+00
 1.44588e+11	0.00e+00	0.00e+00	1.93e-29	2.88e-20	1.78e-12	1.97e-06	1.00e+00	0.00e+00	0.00e+00	0.00e+00	0.00e+00	0.00e+00
 1.80298e+11	0.00e+00	8.43e-40	2.64e-29	3.65e-20	2.09e-12	2.13e-06	1.00e+00	0.00e+00	0.00e+00	0.00e+00	0.00e+00	0.00e+00
 2.17437e+11	0.00e+00	0.00e+00	3.61e-29	4.62e-20	2.45e-12	2.31e-06	1.00e+00	0.00e+00	0.00e+00	0.00e+00	0.00e+00	0.00e+00
 2.56061e+11	0.00e+00	1.85e-39	4.94e-29	5.85e-20	2.87e-12	2.50e-06	1.00e+00	0.00e+00	0.00e+00	0.00e+00	0.00e+00	0.00e+00
 2.96231e+11	0.00e+00	0.00e+00	6.77e-29	7.41e-20	3.36e-12	2.71e-06	1.00e+00	0.00e+00	0.00e+00	0.00e+00	0.00e+00	0.00e+00
 3.38007e+11	0.00e+00	4.04e-39	9.27e-29	9.39e-20	3.94e-12	2.94e-06	1.00e+00	0.00e+00	0.00e+00	0.00e+00	0.00e+00	0.00e+00
 3.81454e+11	0.00e+00	0.00e+00	1.27e-28	1.19e-19	4.62e-12	3.18e-06	1.00e+00	0.00e+00	0.00e+00	0.00e+00	0.00e+00	0.00e+00
 4.26639e+11	0.00e+00	8.84e-39	1.74e-28	1.51e-19	5.42e-12	3.45e-06	1.00e+00	0.00e+00	0.00e+00	0.00e+00	0.00e+00	0.00e+00
 4.73631e+11	0.00e+00	0.00e+00	2.38e-28	1.91e-19	6.36e-12	3.74e-06	1.00e+00	0.00e+00	0.00e+00	0.00e+00	0.00e+00	0.00e+00
 5.22503e+11	0.00e+00	1.93e-38	3.26e-28	2.43e-19	7.47e-12	4.05e-06	1.00e+00	0.00e+00	0.00e+00	0.00e+00	0.00e+00	0.00e+00
 5.73330e+11	0.00e+00	0.00e+00	4.46e-28	3.08e-19	8.77e-12	4.40e-06	1.00e+00	0.00e+00	0.00e+00	0.00e+00	0.00e+00	0.00e+00
 6.26190e+11	0.00e+00	4.22e-38	6.11e-28	3.90e-19	1.03e-11	4.77e-06	1.00e+00	0.00e+00	0.00e+00	0.00e+00	0.00e+00	0.00e+00
 6.81164e+11	0.00e+00	0.00e+00	8.37e-28	4.95e-19	1.21e-11	5.18e-06	1.00e+00	0.00e+00	0.00e+00	0.00e+00	0.00e+00	0.00e+00
 7.38337e+11	0.00e+00	9.22e-38	1.15e-27	6.28e-19	1.42e-11	5.62e-06	1.00e+00	0.00e+00	0.00e+00	0.00e+00	0.00e+00	0.00e+00
 7.97798e+11	0.00e+00	0.00e+00	1.57e-27	7.98e-19	1.67e-11	6.10e-06	1.00e+00	0.00e+00	0.00e+00	0.00e+00	0.00e+00	0.00e+00
 8.59636e+11	0.00e+00	2.01e-37	2.15e-27	1.01e-18	1.97e-11	6.63e-06	1.00e+00	0.00e+00	0.00e+00	0.00e+00	0.00e+00	0.00e+00
 9.23949e+11	0.00e+00	0.00e+00	2.94e-27	1.29e-18	2.32e-11	7.21e-06	1.00e+00	0.00e+00	0.00e+00	0.00e+00	0.00e+00	0.00e+00
 9.90833e+11	0.00e+00	4.37e-37	4.03e-27	1.64e-18	2.73e-11	7.84e-06	1.00e+00	0.00e+00	0.00e+00	0.00e+00	0.00e+00	0.00e+00
 1.06039e+12	0.00e+00	0.00e+00	5.51e-27	2.08e-18	3.22e-11	8.53e-06	1.00e+00	0.00e+00	0.00e+00	0.00e+00	0.00e+00	0.00e+00
 1.13274e+12	0.00e+00	9.49e-37	7.54e-27	2.64e-18	3.80e-11	9.29e-06	1.00e+00	0.00e+00	0.00e+00	0.00e+00	0.00e+00	0.00e+00
 1.20797e+12	0.00e+00	0.00e+00	1.03e-26	3.36e-18	4.48e-11	1.01e-05	1.00e+00	0.00e+00	0.00e+00	0.00e+00	0.00e+00	0.00e+00
 1.28622e+12	0.00e+00	2.05e-36	1.41e-26	4.28e-18	5.29e-11	1.10e-05	1.00e+00	0.00e+00	0.00e+00	0.00e+00	0.00e+00	0.00e+00
 1.36759e+12	4.33e-47	3.01e-36	1.93e-26	5.44e-18	6.25e-11	1.20e-05	1.00e+00	0.00e+00	0.00e+00	0.00e+00	0.00e+00	0.00e+00
 1.45222e+12	0.00e+00	0.00e+00	2.64e-26	6.93e-18	7.39e-11	1.31e-05	1.00e+00	0.00e+00	0.00e+00	0.00e+00	0.00e+00	0.00e+00
 1.54024e+12	0.00e+00	6.46e-36	3.60e-26	8.82e-18	8.75e-11	1.43e-05	1.00e+00	0.00e+00	0.00e+00	0.00e+00	0.00e+00	0.00e+00
 1.63178e+12	1.69e-46	9.44e-36	4.91e-26	1.12e-17	1.04e-10	1.57e-05	1.00e+00	0.00e+00	0.00e+00	0.00e+00	0.00e+00	0.00e+00
 1.72697e+12	0.00e+00	0.00e+00	6.69e-26	1.43e-17	1.23e-10	1.71e-05	1.00e+00	0.00e+00	0.00e+00	0.00e+00	0.00e+00	0.00e+00
 1.82598e+12	0.00e+00	2.00e-35	9.12e-26	1.82e-17	1.45e-10	1.87e-05	1.00e+00	0.00e+00	0.00e+00	0.00e+00	0.00e+00	0.00e+00
 1.92895e+12	6.44e-46	2.91e-35	1.24e-25	2.31e-17	1.72e-10	2.05e-05	1.00e+00	0.00e+00	0.00e+00	0.00e+00	0.00e+00	0.00e+00
 2.03603e+12	0.00e+00	4.22e-35	1.69e-25	2.95e-17	2.04e-10	2.25e-05	1.00e+00	0.00e+00	0.00e+00	0.00e+00	0.00e+00	0.00e+00
 2.14740e+12	1.55e-45	6.11e-35	2.29e-25	3.75e-17	2.42e-10	2.46e-05	1.00e+00	0.00e+00	0.00e+00	0.00e+00	0.00e+00	0.00e+00
 2.26322e+12	0.00e+00	8.81e-35	3.10e-25	4.76e-17	2.88e-10	2.70e-05	1.00e+00	0.00e+00	0.00e+00	0.00e+00	0.00e+00	0.00e+00
 2.38368e+12	3.67e-45	1.27e-34	4.20e-25	6.05e-17	3.41e-10	2.96e-05	1.00e+00	0.00e+00	0.00e+00	0.00e+00	0.00e+00	0.00e+00
 2.50895e+12	0.00e+00	1.82e-34	5.67e-25	7.69e-17	4.05e-10	3.25e-05	1.00e+00	0.00e+00	0.00e+00	0.00e+00	0.00e+00	0.00e+00
 2.63924e+12	8.58e-45	2.61e-34	7.66e-25	9.77e-17	4.80e-10	3.56e-05	1.00e+00	0.00e+00	0.00e+00	0.00e+00	0.00e+00	0.00e+00
 2.77473e+12	0.00e+00	3.73e-34	1.03e-24	1.24e-16	5.69e-10	3.91e-05	1.00e+00	0.00e+00	0.00e+00	0.00e+00	0.00e+00	0.00e+00
 2.91565e+12	1.98e-44	5.32e-34	1.39e-24	1.57e-16	6.74e-10	4.29e-05	1.00e+00	0.00e+00	0.00e+00	0.00e+00	0.00e+00	0.00e+00
 3.06220e+12	0.00e+00	7.58e-34	1.87e-24	1.99e-16	7.99e-10	4.71e-05	1.00e+00	0.00e+00	0.00e+00	0.00e+00	0.00e+00	0.00e+00
 3.21461e+12	4.53e-44	1.08e-33	2.51e-24	2.52e-16	9.46e-10	5.17e-05	1.00e+00	0.00e+00	0.00e+00	0.00e+00	0.00e+00	0.00e+00
 3.37313e+12	0.00e+00	1.53e-33	3.37e-24	3.20e-16	1.12e-09	5.67e-05	1.00e+00	0.00e+00	0.00e+00	0.00e+00	0.00e+00	0.00e+00
 3.53798e+12	1.03e-43	2.16e-33	4.52e-24	4.04e-16	1.32e-09	6.22e-05	1.00e+00	0.00e+00	0.00e+00	0.00e+00	0.00e+00	0.00e+00
 3.70942e+12	0.00e+00	3.06e-33	6.06e-24	5.12e-16	1.57e-09	6.82e-05	1.00e+00	0.00e+00	0.00e+00	0.00e+00	0.00e+00	0.00e+00
 3.88067e+12	2.27e-43	4.27e-33	8.02e-24	6.41e-16	1.84e-09	7.46e-05	1.00e+00	0.00e+00	0.00e+00	0.00e+00	0.00e+00	0.00e+00
 4.05877e+12	0.00e+00	5.95e-33	1.06e-23	8.03e-16	2.16e-09	8.15e-05	1.00e+00	0.00e+00	0.00e+00	0.00e+00	0.00e+00	0.00e+00
 4.25105e+12	4.99e-43	8.39e-33	1.42e-23	1.02e-15	2.55e-09	8.93e-05	1.00e+00	0.00e+00	0.00e+00	0.00e+00	0.00e+00	0.00e+00
 4.45102e+12	0.00e+00	1.18e-32	1.90e-23	1.28e-15	3.00e-09	9.79e-05	1.00e+00	0.00e+00	0.00e+00	0.00e+00	0.00e+00	0.00e+00
 4.65899e+12	1.11e-42	1.67e-32	2.54e-23	1.62e-15	3.54e-09	1.07e-04	1.00e+00	0.00e+00	0.00e+00	0.00e+00	0.00e+00	0.00e+00
 4.87527e+12	0.00e+00	2.35e-32	3.39e-23	2.04e-15	4.17e-09	1.17e-04	1.00e+00	0.00e+00	0.00e+00	0.00e+00	0.00e+00	0.00e+00
 5.10021e+12	2.46e-42	3.31e-32	4.53e-23	2.58e-15	4.91e-09	1.29e-04	1.00e+00	0.00e+00	0.00e+00	0.00e+00	0.00e+00	0.00e+00
 5.33415e+12	0.00e+00	4.66e-32	6.05e-23	3.26e-15	5.78e-09	1.41e-04	1.00e+00	0.00e+00	0.00e+00	0.00e+00	0.00e+00	0.00e+00
 5.57744e+12	5.46e-42	6.56e-32	8.08e-23	4.11e-15	6.81e-09	1.54e-04	1.00e+00	0.00e+00	0.00e+00	0.00e+00	0.00e+00	0.00e+00
 5.83046e+12	0.00e+00	9.25e-32	1.08e-22	5.19e-15	8.00e-09	1.69e-04	1.00e+00	0.00e+00	0.00e+00	0.00e+00	0.00e+00	0.00e+00
 6.09361e+12	1.21e-41	1.30e-31	1.44e-22	6.54e-15	9.41e-09	1.85e-04	1.00e+00	0.00e+00	0.00e+00	0.00e+00	0.00e+00	0.00e+00
 6.36728e+12	0.00e+00	1.84e-31	1.93e-22	8.26e-15	1.11e-08	2.02e-04	1.00e+00	0.00e+00	0.00e+00	0.00e+00	0.00e+00	0.00e+00
 6.65190e+12	2.69e-41	2.59e-31	2.58e-22	1.04e-14	1.30e-08	2.21e-04	1.00e+00	0.00e+00	0.00e+00	0.00e+00	0.00e+00	0.00e+00
 6.94790e+12	0.00e+00	3.66e-31	3.45e-22	1.31e-14	1.52e-08	2.41e-04	1.00e+00	0.00e+00	0.00e+00	0.00e+00	0.00e+00	0.00e+00
 7.25574e+12	6.00e-41	5.17e-31	4.62e-22	1.66e-14	1.79e-08	2.63e-04	1.00e+00	0.00e+00	0.00e+00	0.00e+00	0.00e+00	0.00e+00
 7.57590e+12	0.00e+00	7.31e-31	6.19e-22	2.09e-14	2.10e-08	2.88e-04	1.00e+00	0.00e+00	0.00e+00	0.00e+00	0.00e+00	0.00e+00
 7.90886e+12	1.34e-40	1.03e-30	8.29e-22	2.64e-14	2.46e-08	3.14e-04	1.00e+00	0.00e+00	0.00e+00	0.00e+00	0.00e+00	0.00e+00
 8.25514e+12	0.00e+00	1.47e-30	1.11e-21	3.33e-14	2.89e-08	3.43e-04	1.00e+00	0.00e+00	0.00e+00	0.00e+00	0.00e+00	0.00e+00
 8.61528e+12	3.01e-40	2.08e-30	1.49e-21	4.20e-14	3.39e-08	3.74e-04	1.00e+00	0.00e+00	0.00e+00	0.00e+00	0.00e+00	0.00e+00
 8.98981e+12	0.00e+00	2.95e-30	2.00e-21	5.30e-14	3.97e-08	4.08e-04	1.00e+00	0.00e+00	0.00e+00	0.00e+00	0.00e+00	0.00e+00
 9.37933e+12	6.80e-40	4.19e-30	2.68e-21	6.69e-14	4.65e-08	4.45e-04	1.00e+00	0.00e+00	0.00e+00	0.00e+00	0.00e+00	0.00e+00
 9.78443e+12	0.00e+00	5.95e-30	3.60e-21	8.45e-14	5.45e-08	4.86e-04	1.00e+00	0.00e+00	0.00e+00	0.00e+00	0.00e+00	0.00e+00
 1.02057e+13	1.54e-39	8.48e-30	4.84e-21	1.07e-13	6.38e-08	5.30e-04	9.99e-01	0.00e+00	0.00e+00	0.00e+00	0.00e+00	0.00e+00
 1.06439e+13	0.00e+00	1.21e-29	6.51e-21	1.35e-13	7.47e-08	5.77e-04	9.99e-01	0.00e+00	0.00e+00	0.00e+00	0.00e+00	0.00e+00
 1.10996e+13	3.52e-39	1.72e-29	8.76e-21	1.70e-13	8.75e-08	6.29e-04	9.99e-01	0.00e+00	0.00e+00	0.00e+00	0.00e+00	0.00e+00
 1.15735e+13	0.00e+00	2.46e-29	1.18e-20	2.15e-13	1.02e-07	6.85e-04	9.99e-01	0.00e+00	0.00e+00	0.00e+00	0.00e+00	0.00e+00
 1.20664e+13	8.09e-39	3.52e-29	1.59e-20	2.71e-13	1.20e-07	7.46e-04	9.99e-01	0.00e+00	0.00e+00	0.00e+00	0.00e+00	0.00e+00
 1.25789e+13	0.00e+00	5.04e-29	2.14e-20	3.42e-13	1.40e-07	8.12e-04	9.99e-01	0.00e+00	0.00e+00	0.00e+00	0.00e+00	0.00e+00
 1.31120e+13	1.87e-38	7.22e-29	2.89e-20	4.32e-13	1.64e-07	8.85e-04	9.99e-01	0.00e+00	0.00e+00	0.00e+00	0.00e+00	0.00e+00
 1.36664e+13	0.00e+00	1.04e-28	3.89e-20	5.46e-13	1.92e-07	9.63e-04	9.99e-01	0.00e+00	0.00e+00	0.00e+00	0.00e+00	0.00e+00
 1.42430e+13	4.34e-38	1.49e-28	5.26e-20	6.89e-13	2.25e-07	1.05e-03	9.99e-01	0.00e+00	0.00e+00	0.00e+00	0.00e+00	0.00e+00
 1.48427e+13	0.00e+00	2.14e-28	7.10e-20	8.70e-13	2.63e-07	1.14e-03	9.99e-01	0.00e+00	0.00e+00	0.00e+00	0.00e+00	0.00e+00
 1.54663e+13	1.01e-37	3.08e-28	9.60e-20	1.10e-12	3.08e-07	1.24e-03	9.99e-01	0.00e+00	0.00e+00	0.00e+00	0.00e+00	0.00e+00
 1.61149e+13	0.00e+00	4.43e-28	1.30e-19	1.39e-12	3.60e-07	1.35e-03	9.99e-01	0.00e+00	0.00e+00	0.00e+00	0.00e+00	0.00e+00
 1.67894e+13	2.38e-37	6.38e-28	1.75e-19	1.75e-12	4.21e-07	1.47e-03	9.99e-01	0.00e+00	0.00e+00	0.00e+00	0.00e+00	0.00e+00
 1.74909e+13	0.00e+00	9.21e-28	2.37e-19	2.22e-12	4.93e-07	1.59e-03	9.98e-01	0.00e+00	0.00e+00	0.00e+00	0.00e+00	0.00e+00
 1.82205e+13	5.61e-37	1.33e-27	3.21e-19	2.80e-12	5.76e-07	1.73e-03	9.98e-01	0.00e+00	0.00e+00	0.00e+00	0.00e+00	0.00e+00
 1.89792e+13	0.00e+00	1.92e-27	4.35e-19	3.54e-12	6.74e-07	1.88e-03	9.98e-01	0.00e+00	0.00e+00	0.00e+00	0.00e+00	0.00e+00
 1.97683e+13	1.33e-36	2.78e-27	5.90e-19	4.47e-12	7.88e-07	2.05e-03	9.98e-01	0.00e+00	0.00e+00	0.00e+00	0.00e+00	0.00e+00
 2.05890e+13	0.00e+00	4.02e-27	7.99e-19	5.65e-12	9.21e-07	2.22e-03	9.98e-01	0.00e+00	0.00e+00	0.00e+00	0.00e+00	0.00e+00
 2.14424e+13	3.16e-36	5.82e-27	1.08e-18	7.14e-12	1.08e-06	2.41e-03	9.98e-01	0.00e+00	0.00e+00	0.00e+00	0.00e+00	0.00e+00
 2.23301e+13	0.00e+00	8.43e-27	1.47e-18	9.02e-12	1.26e-06	2.62e-03	9.97e-01	0.00e+00	0.00e+00	0.00e+00	0.00e+00	0.00e+00
 2.32532e+13	7.52e-36	1.22e-26	1.99e-18	1.14e-11	1.47e-06	2.85e-03	9.97e-01	0.00e+00	0.00e+00	0.00e+00	0.00e+00	0.00e+00
 2.42132e+13	0.00e+00	1.77e-26	2.70e-18	1.44e-11	1.72e-06	3.09e-03	9.97e-01	0.00e+00	0.00e+00	0.00e+00	0.00e+00	0.00e+00
 2.52117e+13	1.80e-35	2.57e-26	3.66e-18	1.82e-11	2.01e-06	3.36e-03	9.97e-01	0.00e+00	0.00e+00	0.00e+00	0.00e+00	0.00e+00
 2.61868e+13	0.00e+00	3.64e-26	4.88e-18	2.27e-11	2.33e-06	3.63e-03	9.96e-01	0.00e+00	0.00e+00	0.00e+00	0.00e+00	0.00e+00
 2.71159e+13	3.95e-35	5.02e-26	6.36e-18	2.78e-11	2.67e-06	3.90e-03	9.96e-01	0.00e+00	0.00e+00	0.00e+00	0.00e+00	0.00e+00
 2.81455e+13	5.92e-35	7.09e-26	8.44e-18	3.45e-11	3.08e-06	4.21e-03	9.96e-01	0.00e+00	0.00e+00	0.00e+00	0.00e+00	0.00e+00
 2.93012e+13	9.12e-35	1.03e-25	1.14e-17	4.36e-11	3.60e-06	4.57e-03	9.95e-01	0.00e+00	0.00e+00	0.00e+00	0.00e+00	0.00e+00
 3.04615e+13	1.40e-34	1.48e-25	1.54e-17	5.47e-11	4.19e-06	4.94e-03	9.95e-01	0.00e+00	0.00e+00	0.00e+00	0.00e+00	0.00e+00
 3.16681e+13	2.12e-34	2.11e-25	2.07e-17	6.86e-11	4.87e-06	5.35e-03	9.95e-01	0.00e+00	0.00e+00	0.00e+00	0.00e+00	0.00e+00
 3.29647e+13	3.27e-34	3.05e-25	2.78e-17	8.67e-11	5.69e-06	5.81e-03	9.94e-01	0.00e+00	0.00e+00	0.00e+00	0.00e+00	0.00e+00
 3.43133e+13	5.06e-34	4.44e-25	3.80e-17	1.09e-10	6.65e-06	6.31e-03	9.94e-01	0.00e+00	0.00e+00	0.00e+00	0.00e+00	0.00e+00
 3.57157e+13	7.88e-34	6.47e-25	5.17e-17	1.38e-10	7.77e-06	6.85e-03	9.93e-01	0.00e+00	0.00e+00	0.00e+00	0.00e+00	0.00e+00
 3.71743e+13	1.20e-33	9.33e-25	7.00e-17	1.75e-10	9.07e-06	7.45e-03	9.93e-01	0.00e+00	0.00e+00	0.00e+00	0.00e+00	0.00e+00
 3.86912e+13	1.87e-33	1.36e-24	9.52e-17	2.21e-10	1.06e-05	8.07e-03	9.92e-01	0.00e+00	0.00e+00	0.00e+00	0.00e+00	0.00e+00
 4.02688e+13	2.89e-33	1.97e-24	1.29e-16	2.79e-10	1.24e-05	8.77e-03	9.91e-01	0.00e+00	0.00e+00	0.00e+00	0.00e+00	0.00e+00
 4.19094e+13	4.46e-33	2.86e-24	1.76e-16	3.53e-10	1.45e-05	9.52e-03	9.90e-01	0.00e+00	0.00e+00	0.00e+00	0.00e+00	0.00e+00
 4.36157e+13	6.81e-33	4.13e-24	2.38e-16	4.46e-10	1.69e-05	1.03e-02	9.90e-01	0.00e+00	0.00e+00	0.00e+00	0.00e+00	0.00e+00
 4.53903e+13	1.06e-32	6.00e-24	3.23e-16	5.63e-10	1.97e-05	1.12e-02	9.89e-01	0.00e+00	0.00e+00	0.00e+00	0.00e+00	0.00e+00
 4.72358e+13	1.62e-32	8.69e-24	4.38e-16	7.11e-10	2.30e-05	1.22e-02	9.88e-01	0.00e+00	0.00e+00	0.00e+00	0.00e+00	0.00e+00
 4.91552e+13	2.50e-32	1.26e-23	5.95e-16	8.99e-10	2.69e-05	1.32e-02	9.87e-01	0.00e+00	0.00e+00	0.00e+00	0.00e+00	0.00e+00
 5.11513e+13	3.81e-32	1.82e-23	8.07e-16	1.14e-09	3.14e-05	1.44e-02	9.86e-01	0.00e+00	0.00e+00	0.00e+00	0.00e+00	0.00e+00
 5.32273e+13	5.90e-32	2.65e-23	1.10e-15	1.43e-09	3.67e-05	1.56e-02	9.84e-01	0.00e+00	0.00e+00	0.00e+00	0.00e+00	0.00e+00
 5.53863e+13	8.93e-32	3.80e-23	1.48e-15	1.81e-09	4.28e-05	1.70e-02	9.83e-01	0.00e+00	0.00e+00	0.00e+00	0.00e+00	0.00e+00
 5.76317e+13	1.38e-31	5.53e-23	2.02e-15	2.29e-09	4.99e-05	1.84e-02	9.82e-01	0.00e+00	0.00e+00	0.00e+00	0.00e+00	0.00e+00
 5.99669e+13	2.11e-31	7.99e-23	2.74e-15	2.89e-09	5.82e-05	2.00e-02	9.80e-01	0.00e+00	0.00e+00	0.00e+00	0.00e+00	0.00e+00
 6.23955e+13	3.24e-31	1.16e-22	3.71e-15	3.65e-09	6.79e-05	2.17e-02	9.78e-01	0.00e+00	0.00e+00	0.00e+00	0.00e+00	0.00e+00
 6.49212e+13	4.93e-31	1.67e-22	5.04e-15	4.61e-09	7.92e-05	2.36e-02	9.76e-01	0.00e+00	0.00e+00	0.00e+00	0.00e+00	0.00e+00
 6.75480e+13	7.56e-31	2.42e-22	6.84e-15	5.82e-09	9.24e-05	2.56e-02	9.74e-01	0.00e+00	0.00e+00	0.00e+00	0.00e+00	0.00e+00
 7.02799e+13	1.15e-30	3.50e-22	9.28e-15	7.34e-09	1.08e-04	2.78e-02	9.72e-01	0.00e+00	0.00e+00	0.00e+00	0.00e+00	0.00e+00
 7.31210e+13	1.76e-30	5.08e-22	1.26e-14	9.27e-09	1.26e-04	3.02e-02	9.70e-01	0.00e+00	0.00e+00	0.00e+00	0.00e+00	0.00e+00
 7.60758e+13	2.67e-30	7.31e-22	1.71e-14	1.17e-08	1.46e-04	3.28e-02	9.67e-01	0.00e+00	0.00e+00	0.00e+00	0.00e+00	0.00e+00
 7.91487e+13	4.10e-30	1.06e-21	2.32e-14	1.48e-08	1.70e-04	3.56e-02	9.64e-01	0.00e+00	0.00e+00	0.00e+00	0.00e+00	0.00e+00
 8.23446e+13	6.20e-30	1.53e-21	3.15e-14	1.86e-08	1.98e-04	3.87e-02	9.61e-01	0.00e+00	0.00e+00	0.00e+00	0.00e+00	0.00e+00
 8.56683e+13	9.48e-30	2.22e-21	4.28e-14	2.35e-08	2.31e-04	4.20e-02	9.58e-01	0.00e+00	0.00e+00	0.00e+00	0.00e+00	0.00e+00
 8.91250e+13	1.43e-29	3.20e-21	5.81e-14	2.97e-08	2.69e-04	4.56e-02	9.54e-01	0.00e+00	0.00e+00	0.00e+00	0.00e+00	0.00e+00
 9.26232e+13	2.17e-29	4.61e-21	7.83e-14	3.72e-08	3.12e-04	4.93e-02	9.50e-01	0.00e+00	0.00e+00	0.00e+00	0.00e+00	0.00e+00
 9.62613e+13	3.21e-29	6.57e-21	1.05e-13	4.67e-08	3.61e-04	5.35e-02	9.46e-01	0.00e+00	0.00e+00	0.00e+00	0.00e+00	0.00e+00
 1.00142e+14	4.93e-29	9.55e-21	1.43e-13	5.89e-08	4.20e-04	5.80e-02	9.42e-01	0.00e+00	0.00e+00	0.00e+00	0.00e+00	0.00e+00
 1.04177e+14	7.42e-29	1.38e-20	1.95e-13	7.42e-08	4.88e-04	6.29e-02	9.37e-01	0.00e+00	0.00e+00	0.00e+00	0.00e+00	0.00e+00
 1.08374e+14	1.12e-28	1.99e-20	2.65e-13	9.36e-08	5.68e-04	6.82e-02	9.31e-01	0.00e+00	0.00e+00	0.00e+00	0.00e+00	0.00e+00
 1.12739e+14	1.70e-28	2.89e-20	3.60e-13	1.18e-07	6.59e-04	7.40e-02	9.25e-01	0.00e+00	0.00e+00	0.00e+00	0.00e+00	0.00e+00
 1.17279e+14	2.57e-28	4.19e-20	4.90e-13	1.49e-07	7.66e-04	8.02e-02	9.19e-01	0.00e+00	0.00e+00	0.00e+00	0.00e+00	0.00e+00
 1.22000e+14	3.90e-28	6.07e-20	6.67e-13	1.87e-07	8.89e-04	8.69e-02	9.12e-01	0.00e+00	0.00e+00	0.00e+00	0.00e+00	0.00e+00
 1.26910e+14	5.90e-28	8.81e-20	9.08e-13	2.36e-07	1.03e-03	9.42e-02	9.05e-01	0.00e+00	0.00e+00	0.00e+00	0.00e+00	0.00e+00
 1.31555e+14	8.60e-28	1.24e-19	1.20e-12	2.92e-07	1.18e-03	1.01e-01	8.98e-01	0.00e+00	0.00e+00	0.00e+00	0.00e+00	0.00e+00
 1.35748e+14	1.19e-27	1.66e-19	1.54e-12	3.50e-07	1.33e-03	1.08e-01	8.91e-01	0.00e+00	0.00e+00	0.00e+00	0.00e+00	0.00e+00
 1.40464e+14	1.71e-27	2.30e-19	2.01e-12	4.28e-07	1.51e-03	1.15e-01	8.83e-01	0.00e+00	0.00e+00	0.00e+00	0.00e+00	0.00e+00
 1.46008e+14	2.57e-27	3.32e-19	2.72e-12	5.36e-07	1.74e-03	1.25e-01	8.74e-01	0.00e+00	0.00e+00	0.00e+00	0.00e+00	0.00e+00
 1.51510e+14	3.79e-27	4.72e-19	3.64e-12	6.65e-07	2.00e-03	1.34e-01	8.64e-01	0.00e+00	0.00e+00	0.00e+00	0.00e+00	0.00e+00
 1.56673e+14	5.41e-27	6.48e-19	4.74e-12	8.07e-07	2.26e-03	1.43e-01	8.55e-01	0.00e+00	0.00e+00	0.00e+00	0.00e+00	0.00e+00
 1.62412e+14	7.89e-27	9.13e-19	6.29e-12	9.95e-07	2.58e-03	1.53e-01	8.44e-01	0.00e+00	0.00e+00	0.00e+00	0.00e+00	0.00e+00
 1.68938e+14	1.20e-26	1.33e-18	8.57e-12	1.25e-06	2.98e-03	1.65e-01	8.32e-01	0.00e+00	0.00e+00	0.00e+00	0.00e+00	0.00e+00
 1.75389e+14	1.78e-26	1.90e-18	1.15e-11	1.55e-06	3.42e-03	1.77e-01	8.19e-01	0.00e+00	0.00e+00	0.00e+00	0.00e+00	0.00e+00
 1.82097e+14	2.65e-26	2.72e-18	1.55e-11	1.93e-06	3.91e-03	1.90e-01	8.06e-01	0.00e+00	0.00e+00	0.00e+00	0.00e+00	0.00e+00
 1.89411e+14	4.02e-26	3.96e-18	2.11e-11	2.42e-06	4.51e-03	2.04e-01	7.92e-01	0.00e+00	0.00e+00	0.00e+00	0.00e+00	0.00e+00
 1.96826e+14	6.06e-26	5.71e-18	2.85e-11	3.01e-06	5.17e-03	2.18e-01	7.76e-01	0.00e+00	0.00e+00	0.00e+00	0.00e+00	0.00e+00
 2.04538e+14	9.13e-26	8.23e-18	3.85e-11	3.74e-06	5.93e-03	2.33e-01	7.61e-01	0.00e+00	0.00e+00	0.00e+00	0.00e+00	0.00e+00
 2.12750e+14	1.39e-25	1.20e-17	5.23e-11	4.68e-06	6.80e-03	2.49e-01	7.44e-01	0.00e+00	0.00e+00	0.00e+00	0.00e+00	0.00e+00
 2.21290e+14	2.12e-25	1.73e-17	7.10e-11	5.84e-06	7.80e-03	2.66e-01	7.26e-01	0.00e+00	0.00e+00	0.00e+00	0.00e+00	0.00e+00
 2.30171e+14	3.23e-25	2.51e-17	9.62e-11	7.27e-06	8.93e-03	2.83e-01	7.08e-01	0.00e+00	0.00e+00	0.00e+00	0.00e+00	0.00e+00
 2.39408e+14	4.93e-25	3.63e-17	1.30e-10	9.04e-06	1.02e-02	3.01e-01	6.89e-01	0.00e+00	0.00e+00	0.00e+00	0.00e+00	0.00e+00
 2.49014e+14	7.51e-25	5.23e-17	1.76e-10	1.12e-05	1.17e-02	3.19e-01	6.69e-01	0.00e+00	0.00e+00	0.00e+00	0.00e+00	0.00e+00
 2.59005e+14	1.14e-24	7.52e-17	2.37e-10	1.39e-05	1.33e-02	3.38e-01	6.49e-01	0.00e+00	0.00e+00	0.00e+00	0.00e+00	0.00e+00
 2.69395e+14	1.74e-24	1.08e-16	3.19e-10	1.72e-05	1.51e-02	3.57e-01	6.28e-01	0.00e+00	0.00e+00	0.00e+00	0.00e+00	0.00e+00
 2.80201e+14	2.64e-24	1.55e-16	4.28e-10	2.13e-05	1.72e-02	3.76e-01	6.07e-01	0.00e+00	0.00e+00	0.00e+00	0.00e+00	0.00e+00
 2.91439e+14	4.10e-24	2.24e-16	5.73e-10	2.62e-05	1.95e-02	3.95e-01	5.85e-01	0.00e+00	0.00e+00	0.00e+00	0.00e+00	0.00e+00
 3.02718e+14	6.10e-24	3.15e-16	7.58e-10	3.19e-05	2.19e-02	4.14e-01	5.64e-01	0.00e+00	0.00e+00	0.00e+00	0.00e+00	0.00e+00
 3.14448e+14	9.09e-24	4.42e-16	1.00e-09	3.89e-05	2.47e-02	4.32e-01	5.43e-01	0.00e+00	0.00e+00	0.00e+00	0.00e+00	0.00e+00
 3.27056e+14	1.37e-23	6.25e-16	1.33e-09	4.76e-05	2.78e-02	4.51e-01	5.21e-01	0.00e+00	0.00e+00	0.00e+00	0.00e+00	0.00e+00
 3.40168e+14	2.06e-23	8.81e-16	1.76e-09	5.81e-05	3.13e-02	4.70e-01	4.98e-01	0.00e+00	0.00e+00	0.00e+00	0.00e+00	0.00e+00
 3.53804e+14	3.09e-23	1.24e-15	2.33e-09	7.08e-05	3.51e-02	4.89e-01	4.76e-01	0.00e+00	0.00e+00	0.00e+00	0.00e+00	0.00e+00
 3.67987e+14	4.61e-23	1.74e-15	3.08e-09	8.61e-05	3.93e-02	5.07e-01	4.54e-01	0.00e+00	0.00e+00	0.00e+00	0.00e+00	0.00e+00
 3.82736e+14	6.87e-23	2.43e-15	4.06e-09	1.04e-04	4.39e-02	5.24e-01	4.32e-01	0.00e+00	0.00e+00	0.00e+00	0.00e+00	0.00e+00
 3.98075e+14	1.02e-22	3.38e-15	5.33e-09	1.26e-04	4.90e-02	5.41e-01	4.10e-01	0.00e+00	0.00e+00	0.00e+00	0.00e+00	0.00e+00
 4.13177e+14	1.49e-22	4.62e-15	6.89e-09	1.51e-04	5.42e-02	5.56e-01	3.89e-01	0.00e+00	0.00e+00	0.00e+00	0.00e+00	0.00e+00
 4.28882e+14	2.16e-22	6.30e-15	8.89e-09	1.80e-04	5.99e-02	5.71e-01	3.69e-01	0.00e+00	0.00e+00	0.00e+00	0.00e+00	0.00e+00
 4.46067e+14	3.19e-22	8.72e-15	1.16e-08	2.17e-04	6.64e-02	5.85e-01	3.48e-01	0.00e+00	0.00e+00	0.00e+00	0.00e+00	0.00e+00
 4.63488e+14	4.65e-22	1.19e-14	1.50e-08	2.59e-04	7.32e-02	5.99e-01	3.28e-01	0.00e+00	0.00e+00	0.00e+00	0.00e+00	0.00e+00
 4.81606e+14	6.78e-22	1.63e-14	1.94e-08	3.08e-04	8.06e-02	6.11e-01	3.08e-01	0.00e+00	0.00e+00	0.00e+00	0.00e+00	0.00e+00
 5.00900e+14	9.94e-22	2.24e-14	2.51e-08	3.68e-04	8.88e-02	6.22e-01	2.89e-01	0.00e+00	0.00e+00	0.00e+00	0.00e+00	0.00e+00
 5.20966e+14	1.46e-21	3.07e-14	3.25e-08	4.39e-04	9.75e-02	6.32e-01	2.70e-01	0.00e+00	0.00e+00	0.00e+00	0.00e+00	0.00e+00
 5.41835e+14	2.12e-21	4.19e-14	4.19e-08	5.21e-04	1.07e-01	6.40e-01	2.52e-01	0.00e+00	0.00e+00	0.00e+00	0.00e+00	0.00e+00
 5.61825e+14	2.93e-21	5.47e-14	5.28e-08	6.10e-04	1.16e-01	6.47e-01	2.36e-01	0.00e+00	0.00e+00	0.00e+00	0.00e+00	0.00e+00
 5.80348e+14	4.08e-21	7.16e-14	6.48e-08	7.01e-04	1.25e-01	6.52e-01	2.22e-01	0.00e+00	0.00e+00	0.00e+00	0.00e+00	0.00e+00
 6.01326e+14	5.62e-21	9.35e-14	8.13e-08	8.16e-04	1.35e-01	6.57e-01	2.07e-01	0.00e+00	0.00e+00	0.00e+00	0.00e+00	0.00e+00
 6.25409e+14	8.20e-21	1.27e-13	1.04e-07	9.61e-04	1.47e-01	6.60e-01	1.92e-01	0.00e+00	0.00e+00	0.00e+00	0.00e+00	0.00e+00
 6.49035e+14	1.18e-20	1.71e-13	1.31e-07	1.12e-03	1.58e-01	6.62e-01	1.78e-01	0.00e+00	0.00e+00	0.00e+00	0.00e+00	0.00e+00
 6.71705e+14	1.63e-20	2.22e-13	1.62e-07	1.29e-03	1.70e-01	6.63e-01	1.66e-01	0.00e+00	0.00e+00	0.00e+00	0.00e+00	0.00e+00
 6.96702e+14	2.29e-20	2.94e-13	2.02e-07	1.49e-03	1.83e-01	6.62e-01	1.54e-01	0.00e+00	0.00e+00	0.00e+00	0.00e+00	0.00e+00
 7.24600e+14	3.31e-20	3.96e-13	2.56e-07	1.74e-03	1.97e-01	6.60e-01	1.41e-01	0.00e+00	0.00e+00	0.00e+00	0.00e+00	0.00e+00
 7.52711e+14	4.71e-20	5.27e-13	3.21e-07	2.03e-03	2.11e-01	6.57e-01	1.30e-01	0.00e+00	0.00e+00	0.00e+00	0.00e+00	0.00e+00
 7.81946e+14	6.70e-20	7.01e-13	4.03e-07	2.35e-03	2.27e-01	6.52e-01	1.19e-01	0.00e+00	0.00e+00	0.00e+00	0.00e+00	0.00e+00
 8.13254e+14	9.62e-20	9.40e-13	5.08e-07	2.73e-03	2.43e-01	6.46e-01	1.08e-01	0.00e+00	0.00e+00	0.00e+00	0.00e+00	0.00e+00
 8.45814e+14	1.36e-19	1.25e-12	6.37e-07	3.16e-03	2.60e-01	6.38e-01	9.87e-02	0.00e+00	0.00e+00	0.00e+00	0.00e+00	0.00e+00
 8.79677e+14	1.96e-19	1.67e-12	7.97e-07	3.65e-03	2.77e-01	6.29e-01	8.97e-02	0.00e+00	0.00e+00	0.00e+00	0.00e+00	0.00e+00
 9.14894e+14	2.80e-19	2.22e-12	9.96e-07	4.20e-03	2.95e-01	6.19e-01	8.13e-02	0.00e+00	0.00e+00	0.00e+00	0.00e+00	0.00e+00
 9.51519e+14	3.98e-19	2.95e-12	1.24e-06	4.84e-03	3.14e-01	6.08e-01	7.35e-02	0.00e+00	0.00e+00	0.00e+00	0.00e+00	0.00e+00
 9.89610e+14	5.68e-19	3.91e-12	1.55e-06	5.56e-03	3.33e-01	5.96e-01	6.63e-02	0.00e+00	0.00e+00	0.00e+00	0.00e+00	0.00e+00
 1.02922e+15	8.14e-19	5.21e-12	1.92e-06	6.36e-03	3.52e-01	5.82e-01	5.98e-02	0.00e+00	0.00e+00	0.00e+00	0.00e+00	0.00e+00
 1.07042e+15	1.15e-18	6.86e-12	2.37e-06	7.27e-03	3.71e-01	5.68e-01	5.37e-02	0.00e+00	0.00e+00	0.00e+00	0.00e+00	0.00e+00
 1.11327e+15	1.63e-18	9.07e-12	2.93e-06	8.30e-03	3.91e-01	5.52e-01	4.81e-02	0.00e+00	0.00e+00	0.00e+00	0.00e+00	0.00e+00
 1.15783e+15	2.33e-18	1.20e-11	3.61e-06	9.44e-03	4.11e-01	5.36e-01	4.31e-02	0.00e+00	0.00e+00	0.00e+00	0.00e+00	0.00e+00
 1.20417e+15	3.26e-18	1.57e-11	4.44e-06	1.07e-02	4.31e-01	5.19e-01	3.85e-02	0.00e+00	0.00e+00	0.00e+00	0.00e+00	0.00e+00
 1.25237e+15	4.63e-18	2.06e-11	5.45e-06	1.21e-02	4.52e-01	5.02e-01	3.43e-02	0.00e+00	0.00e+00	0.00e+00	0.00e+00	0.00e+00
 1.30250e+15	6.56e-18	2.72e-11	6.68e-06	1.37e-02	4.72e-01	4.84e-01	3.04e-02	0.00e+00	0.00e+00	0.00e+00	0.00e+00	0.00e+00
 1.35257e+15	9.14e-18	3.53e-11	8.10e-06	1.54e-02	4.91e-01	4.67e-01	2.71e-02	0.00e+00	0.00e+00	0.00e+00	0.00e+00	0.00e+00
 1.40464e+15	1.27e-17	4.57e-11	9.80e-06	1.73e-02	5.10e-01	4.49e-01	2.41e-02	0.00e+00	0.00e+00	0.00e+00	0.00e+00	0.00e+00
 1.46085e+15	1.79e-17	5.97e-11	1.19e-05	1.94e-02	5.29e-01	4.30e-01	2.12e-02	0.00e+00	0.00e+00	0.00e+00	0.00e+00	0.00e+00
 1.51932e+15	2.53e-17	7.80e-11	1.45e-05	2.18e-02	5.48e-01	4.11e-01	1.87e-02	0.00e+00	0.00e+00	1.43e-17	7.83e-18	3.14e-18
 1.58012e+15	3.53e-17	1.01e-10	1.75e-05	2.44e-02	5.67e-01	3.92e-01	1.64e-02	0.00e+00	0.00e+00	1.98e-17	1.14e-17	4.06e-18
 1.63952e+15	4.88e-17	1.30e-10	2.09e-05	2.70e-02	5.84e-01	3.74e-01	1.45e-02	0.00e+00	0.00e+00	2.74e-17	1.57e-17	5.61e-18
 1.70131e+15	6.67e-17	1.66e-10	2.50e-05	3.00e-02	6.00e-01	3.57e-01	1.28e-02	0.00e+00	0.00e+00	3.74e-17	2.13e-17	7.66e-18
 1.76939e+15	9.38e-17	2.15e-10	3.01e-05	3.34e-02	6.17e-01	3.38e-01	1.12e-02	0.00e+00	0.00e+00	5.27e-17	3.00e-17	1.08e-17
 1.83803e+15	1.29e-16	2.75e-10	3.61e-05	3.70e-02	6.33e-01	3.21e-01	9.75e-03	0.00e+00	0.00e+00	7.26e-17	4.11e-17	1.48e-17
 1.90942e+15	1.79e-16	3.54e-10	4.30e-05	4.08e-02	6.47e-01	3.03e-01	8.52e-03	0.00e+00	0.00e+00	1.01e-16	5.70e-17	2.06e-17
 1.98583e+15	2.49e-16	4.57e-10	5.17e-05	4.52e-02	6.62e-01	2.86e-01	7.37e-03	0.00e+00	0.00e+00	1.40e-16	7.88e-17	2.85e-17
 2.05776e+15	3.38e-16	5.76e-10	6.06e-05	4.95e-02	6.74e-01	2.70e-01	6.47e-03	0.00e+00	0.00e+00	1.91e-16	1.07e-16	3.86e-17
 2.12265e+15	4.36e-16	7.02e-10	6.99e-05	5.35e-02	6.84e-01	2.57e-01	5.75e-03	0.00e+00	0.00e+00	2.47e-16	1.38e-16	4.99e-17
 2.19602e+15	5.83e-16	8.74e-10	8.13e-05	5.81e-02	6.94e-01	2.43e-01	5.06e-03	0.00e+00	0.00e+00	3.30e-16	1.83e-16	6.65e-17
 2.28225e+15	8.01e-16	1.12e-09	9.67e-05	6.39e-02	7.04e-01	2.27e-01	4.36e-03	0.00e+00	0.00e+00	4.55e-16	2.51e-16	9.12e-17
 2.36721e+15	1.09e-15	1.41e-09	1.13e-04	6.96e-02	7.13e-01	2.13e-01	3.78e-03	0.00e+00	0.00e+00	6.20e-16	3.42e-16	1.24e-16
 2.44653e+15	1.43e-15	1.73e-09	1.31e-04	7.53e-02	7.20e-01	2.01e-01	3.31e-03	0.00e+00	0.00e+00	8.14e-16	4.47e-16	1.62e-16
 2.53538e+15	1.93e-15	2.17e-09	1.53e-04	8.17e-02	7.27e-01	1.88e-01	2.87e-03	0.00e+00	0.00e+00	1.10e-15	6.02e-16	2.19e-16
 2.63683e+15	2.66e-15	2.77e-09	1.81e-04	8.94e-02	7.34e-01	1.74e-01	2.44e-03	0.00e+00	0.00e+00	1.52e-15	8.27e-16	3.00e-16
 2.73617e+15	3.63e-15	3.50e-09	2.12e-04	9.70e-02	7.39e-01	1.62e-01	2.10e-03	0.00e+00	0.00e+00	2.07e-15	1.13e-15	4.09e-16
 2.83948e+15	4.90e-15	4.39e-09	2.49e-04	1.05e-01	7.42e-01	1.51e-01	1.79e-03	0.00e+00	0.00e+00	2.80e-15	1.52e-15	5.50e-16
 2.95308e+15	6.80e-15	5.61e-09	2.92e-04	1.14e-01	7.45e-01	1.39e-01	1.52e-03	0.00e+00	0.00e+00	3.89e-15	2.10e-15	7.61e-16
 3.06723e+15	9.23e-15	7.06e-09	3.43e-04	1.24e-01	7.46e-01	1.28e-01	1.29e-03	0.00e+00	0.00e+00	5.28e-15	2.85e-15	1.03e-15
 3.17445e+15	1.23e-14	8.73e-09	3.95e-04	1.33e-01	7.46e-01	1.19e-01	1.11e-03	0.00e+00	0.00e+00	7.03e-15	3.78e-15	1.37e-15
 3.28997e+15	1.63e-14	1.08e-08	4.58e-04	1.43e-01	7.45e-01	1.10e-01	9.45e-04	0.00e+00	0.00e+00	9.37e-15	5.04e-15	1.81e-15
 3.41687e+15	2.24e-14	1.37e-08	5.33e-04	1.55e-01	7.43e-01	1.01e-01	7.98e-04	0.00e+00	0.00e+00	1.28e-14	6.88e-15	2.47e-15
 3.53635e+15	2.95e-14	1.68e-08	6.15e-04	1.66e-01	7.40e-01	9.30e-02	6.80e-04	0.00e+00	0.00e+00	1.69e-14	9.07e-15	3.25e-15
 3.66534e+15	3.96e-14	2.09e-08	7.08e-04	1.78e-01	7.36e-01	8.54e-02	5.77e-04	0.00e+00	0.00e+00	2.27e-14	1.22e-14	4.35e-15
 3.80716e+15	5.35e-14	2.61e-08	8.25e-04	1.91e-01	7.30e-01	7.78e-02	4.82e-04	0.00e+00	0.00e+00	3.08e-14	1.64e-14	5.87e-15
 3.94012e+15	7.09e-14	3.21e-08	9.43e-04	2.04e-01	7.24e-01	7.14e-02	4.09e-04	0.00e+00	0.00e+00	4.08e-14	2.18e-14	7.75e-15
 4.08322e+15	9.45e-14	3.98e-08	1.09e-03	2.18e-01	7.16e-01	6.51e-02	3.43e-04	0.00e+00	0.00e+00	5.44e-14	2.90e-14	1.03e-14
 4.23993e+15	1.28e-13	4.98e-08	1.26e-03	2.33e-01	7.07e-01	5.90e-02	2.86e-04	0.00e+00	0.00e+00	7.39e-14	3.94e-14	1.39e-14
 4.38667e+15	1.69e-13	6.10e-08	1.44e-03	2.47e-01	6.97e-01	5.38e-02	2.40e-04	0.00e+00	0.00e+00	9.74e-14	5.19e-14	1.83e-14
 4.54594e+15	2.25e-13	7.52e-08	1.65e-03	2.63e-01	6.86e-01	4.87e-02	2.01e-04	0.00e+00	0.00e+00	1.30e-13	6.91e-14	2.43e-14
 4.72104e+15	3.06e-13	9.41e-08	1.91e-03	2.81e-01	6.73e-01	4.38e-02	1.65e-04	0.00e+00	0.00e+00	1.76e-13	9.38e-14	3.29e-14
 4.88385e+15	4.01e-13	1.15e-07	2.17e-03	2.97e-01	6.61e-01	3.97e-02	1.38e-04	0.00e+00	0.00e+00	2.31e-13	1.23e-13	4.30e-14
 5.05995e+15	5.33e-13	1.41e-07	2.49e-03	3.15e-01	6.47e-01	3.57e-02	1.14e-04	0.00e+00	0.00e+00	3.08e-13	1.63e-13	5.70e-14
 5.25345e+15	7.19e-13	1.75e-07	2.86e-03	3.34e-01	6.31e-01	3.18e-02	9.27e-05	0.00e+00	0.00e+00	4.15e-13	2.20e-13	7.66e-14
 5.43271e+15	9.52e-13	2.15e-07	3.25e-03	3.52e-01	6.16e-01	2.86e-02	7.67e-05	0.00e+00	0.00e+00	5.50e-13	2.92e-13	1.01e-13
 5.62805e+15	1.23e-12	2.59e-07	3.71e-03	3.71e-01	5.99e-01	2.55e-02	6.28e-05	0.00e+00	0.00e+00	7.09e-13	3.76e-13	1.30e-13
 5.84375e+15	1.72e-12	3.29e-07	4.28e-03	3.93e-01	5.80e-01	2.25e-02	5.03e-05	0.00e+00	0.00e+00	9.93e-13	5.26e-13	1.81e-13
 6.03450e+15	2.24e-12	3.97e-07	4.82e-03	4.12e-01	5.63e-01	2.01e-02	4.16e-05	0.00e+00	0.00e+00	1.29e-12	6.85e-13	2.35e-13
 6.23101e+15	2.83e-12	4.72e-07	5.43e-03	4.31e-01	5.46e-01	1.80e-02	3.43e-05	0.00e+00	0.00e+00	1.64e-12	8.67e-13	2.97e-13
 6.46893e+15	3.97e-12	5.99e-07	6.25e-03	4.54e-01	5.24e-01	1.57e-02	2.71e-05	0.00e+00	0.00e+00	2.29e-12	1.21e-12	4.15e-13
 6.70270e+15	5.35e-12	7.43e-07	7.15e-03	4.76e-01	5.03e-01	1.37e-02	2.17e-05	0.00e+00	0.00e+00	3.10e-12	1.64e-12	5.59e-13
 6.91155e+15	6.92e-12	8.93e-07	8.03e-03	4.96e-01	4.84e-01	1.22e-02	1.77e-05	0.00e+00	0.00e+00	4.01e-12	2.12e-12	7.22e-13
 7.14599e+15	9.20e-12	1.09e-06	9.11e-03	5.17e-01	4.63e-01	1.06e-02	1.42e-05	0.00e+00	0.00e+00	5.33e-12	2.82e-12	9.57e-13
 7.40413e+15	1.25e-11	1.36e-06	1.04e-02	5.40e-01	4.41e-01	9.18e-03	1.12e-05	0.00e+00	0.00e+00	7.23e-12	3.82e-12	1.30e-12
 7.63510e+15	1.63e-11	1.64e-06	1.17e-02	5.60e-01	4.21e-01	8.04e-03	8.99e-06	0.00e+00	0.00e+00	9.43e-12	4.98e-12	1.69e-12
 7.83968e+15	2.05e-11	1.93e-06	1.30e-02	5.77e-01	4.03e-01	7.16e-03	7.45e-06	0.00e+00	0.00e+00	1.19e-11	6.29e-12	2.13e-12
 8.06791e+15	2.56e-11	2.27e-06	1.45e-02	5.95e-01	3.84e-01	6.27e-03	6.03e-06	0.00e+00	0.00e+00	1.49e-11	7.85e-12	2.65e-12
 8.36087e+15	3.69e-11	2.93e-06	1.68e-02	6.19e-01	3.59e-01	5.28e-03	4.58e-06	0.00e+00	0.00e+00	2.14e-11	1.13e-11	3.81e-12
 8.65669e+15	5.10e-11	3.69e-06	1.93e-02	6.41e-01	3.35e-01	4.46e-03	3.50e-06	0.00e+00	0.00e+00	2.96e-11	1.56e-11	5.25e-12
 8.89539e+15	6.30e-11	4.30e-06	2.15e-02	6.58e-01	3.17e-01	3.88e-03	2.82e-06	0.00e+00	0.00e+00	3.66e-11	1.93e-11	6.49e-12
 9.14111e+15	8.60e-11	5.36e-06	2.43e-02	6.75e-01	2.97e-01	3.35e-03	2.24e-06	0.00e+00	0.00e+00	4.99e-11	2.63e-11	8.84e-12
 9.41631e+15	1.16e-10	6.63e-06	2.76e-02	6.93e-01	2.77e-01	2.84e-03	1.74e-06	0.00e+00	0.00e+00	6.74e-11	3.56e-11	1.19e-11
 9.68003e+15	1.46e-10	7.85e-06	3.12e-02	7.08e-01	2.58e-01	2.42e-03	1.37e-06	0.00e+00	0.00e+00	8.49e-11	4.48e-11	1.50e-11
 9.93225e+15	2.03e-10	9.89e-06	3.53e-02	7.23e-01	2.40e-01	2.07e-03	1.07e-06	0.00e+00	0.00e+00	1.18e-10	6.21e-11	2.08e-11
 1.01739e+16	2.66e-10	1.20e-05	3.97e-02	7.35e-01	2.23e-01	1.78e-03	8.56e-07	0.00e+00	0.00e+00	1.54e-10	8.15e-11	2.73e-11
 1.04427e+16	3.38e-10	1.44e-05	4.53e-02	7.48e-01	2.05e-01	1.49e-03	0.00e+00	0.00e+00	0.00e+00	1.96e-10	1.04e-10	3.46e-11
 1.07404e+16	5.07e-10	1.92e-05	5.29e-02	7.60e-01	1.86e-01	1.22e-03	0.00e+00	0.00e+00	0.00e+00	2.94e-10	1.55e-10	5.19e-11
 1.09938e+16	6.83e-10	2.39e-05	6.04e-02	7.68e-01	1.70e-01	1.03e-03	0.00e+00	0.00e+00	0.00e+00	3.97e-10	2.09e-10	6.99e-11
 1.12065e+16	8.78e-10	2.88e-05	6.80e-02	7.74e-01	1.57e-01	8.85e-04	0.00e+00	0.00e+00	0.00e+00	5.10e-10	2.69e-10	8.99e-11
 1.14483e+16	1.12e-09	3.47e-05	7.83e-02	7.79e-01	1.42e-01	7.37e-04	0.00e+00	0.00e+00	0.00e+00	6.52e-10	3.44e-10	1.15e-10
 1.17104e+16	1.70e-09	4.71e-05	9.21e-02	7.81e-01	1.27e-01	6.00e-04	0.00e+00	0.00e+00	0.00e+00	9.88e-10	5.21e-10	1.74e-10
 1.19255e+16	2.30e-09	5.91e-05	1.06e-01	7.79e-01	1.14e-01	5.03e-04	0.00e+00	0.00e+00	0.00e+00	1.33e-09	7.04e-10	2.35e-10
 1.20994e+16	2.77e-09	6.86e-05	1.20e-01	7.75e-01	1.04e-01	4.30e-04	0.00e+00	0.00e+00	0.00e+00	1.61e-09	8.49e-10	2.83e-10
 1.22929e+16	4.02e-09	9.08e-05	1.39e-01	7.68e-01	9.28e-02	3.56e-04	0.00e+00	0.00e+00	0.00e+00	2.33e-09	1.23e-09	4.11e-10
 1.24896e+16	5.56e-09	1.17e-04	1.63e-01	7.55e-01	8.16e-02	2.90e-04	0.00e+00	0.00e+00	0.00e+00	3.23e-09	1.70e-09	5.69e-10
 1.26488e+16	7.32e-09	1.45e-04	1.87e-01	7.40e-01	7.22e-02	2.41e-04	0.00e+00	0.00e+00	0.00e+00	4.25e-09	2.25e-09	7.50e-10
 1.27880e+16	9.52e-09	1.79e-04	2.14e-01	7.21e-01	6.39e-02	2.01e-04	0.00e+00	0.00e+00	0.00e+00	5.53e-09	2.92e-09	9.77e-10
 1.29212e+16	1.16e-08	2.12e-04	2.46e-01	6.98e-01	5.58e-02	1.65e-04	0.00e+00	0.00e+00	0.00e+00	6.77e-09	3.57e-09	1.20e-09
 1.30495e+16	1.64e-08	2.77e-04	2.84e-01	6.68e-01	4.79e-02	1.34e-04	0.00e+00	0.00e+00	0.00e+00	9.54e-09	5.04e-09	1.69e-09
 1.31629e+16	2.11e-08	3.41e-04	3.25e-01	6.34e-01	4.08e-02	1.07e-04	0.00e+00	0.00e+00	0.00e+00	1.23e-08	6.49e-09	2.17e-09
 1.32615e+16	2.54e-08	3.99e-04	3.68e-01	5.97e-01	3.45e-02	8.60e-05	0.00e+00	0.00e+00	0.00e+00	1.48e-08	7.82e-09	2.62e-09
 1.33551e+16	3.39e-08	5.02e-04	4.18e-01	5.53e-01	2.85e-02	6.72e-05	0.00e+00	0.00e+00	0.00e+00	1.97e-08	1.04e-08	3.49e-09
 1.34446e+16	4.28e-08	6.08e-04	4.74e-01	5.03e-01	2.29e-02	5.09e-05	0.00e+00	0.00e+00	0.00e+00	2.49e-08	1.32e-08	4.42e-09
 1.35171e+16	5.16e-08	7.11e-04	5.25e-01	4.56e-01	1.85e-02	3.91e-05	0.00e+00	0.00e+00	0.00e+00	3.00e-08	1.59e-08	5.34e-09
 1.35698e+16	5.94e-08	7.99e-04	5.67e-01	4.17e-01	1.54e-02	3.13e-05	0.00e+00	0.00e+00	0.00e+00	3.45e-08	1.83e-08	6.16e-09
 1.36242e+16	6.89e-08	9.02e-04	6.13e-01	3.74e-01	1.24e-02	2.40e-05	0.00e+00	0.00e+00	0.00e+00	4.00e-08	2.12e-08	7.14e-09
 1.36949e+16	8.29e-08	1.05e-03	6.74e-01	3.16e-01	8.95e-03	1.62e-05	0.00e+00	0.00e+00	0.00e+00	4.82e-08	2.55e-08	8.62e-09
 1.37653e+16	9.82e-08	1.20e-03	7.35e-01	2.57e-01	6.13e-03	1.03e-05	0.00e+00	0.00e+00	0.00e+00	5.71e-08	3.03e-08	1.02e-08
 1.38205e+16	1.11e-07	1.33e-03	7.82e-01	2.13e-01	4.35e-03	6.84e-06	0.00e+00	0.00e+00	0.00e+00	6.47e-08	3.43e-08	1.16e-08
 1.38773e+16	1.26e-07	1.46e-03	8.25e-01	1.70e-01	2.91e-03	4.25e-06	0.00e+00	0.00e+00	0.00e+00	7.30e-08	3.87e-08	1.31e-08
 1.39511e+16	1.44e-07	1.61e-03	8.72e-01	1.25e-01	1.66e-03	2.18e-06	0.00e+00	0.00e+00	0.00e+00	8.35e-08	4.43e-08	1.51e-08
 1.40362e+16	1.63e-07	1.76e-03	9.12e-01	8.58e-02	8.38e-04	9.59e-07	0.00e+00	0.00e+00	0.00e+00	9.49e-08	5.04e-08	1.71e-08
 1.41231e+16	1.81e-07	1.88e-03	9.39e-01	5.89e-02	4.15e-04	0.00e+00	0.00e+00	0.00e+00	0.00e+00	1.05e-07	5.58e-08	1.90e-08
 1.42200e+16	1.98e-07	1.98e-03	9.58e-01	4.02e-02	1.95e-04	0.00e+00	0.00e+00	0.00e+00	0.00e+00	1.15e-07	6.10e-08	2.08e-08
 1.43428e+16	2.16e-07	2.07e-03	9.71e-01	2.68e-02	8.18e-05	0.00e+00	0.00e+00	0.00e+00	0.00e+00	1.26e-07	6.67e-08	2.28e-08
 1.45025e+16	2.37e-07	2.17e-03	9.80e-01	1.81e-02	3.12e-05	0.00e+00	0.00e+00	0.00e+00	0.00e+00	1.38e-07	7.32e-08	2.50e-08
 1.47100e+16	2.63e-07	2.26e-03	9.85e-01	1.31e-02	1.13e-05	0.00e+00	0.00e+00	0.00e+00	0.00e+00	1.53e-07	8.11e-08	2.77e-08
 1.49798e+16	2.97e-07	2.37e-03	9.87e-01	1.04e-02	3.98e-06	0.00e+00	0.00e+00	0.00e+00	0.00e+00	1.72e-07	9.16e-08	3.13e-08
 1.53305e+16	3.45e-07	2.51e-03	9.89e-01	8.81e-03	1.33e-06	0.00e+00	0.00e+00	0.00e+00	0.00e+00	2.01e-07	1.07e-07	3.64e-08
 1.57864e+16	4.19e-07	2.70e-03	9.89e-01	7.91e-03	4.24e-07	0.00e+00	0.00e+00	0.00e+00	0.00e+00	2.44e-07	1.30e-07	4.43e-08
 1.62909e+16	5.21e-07	2.92e-03	9.90e-01	7.21e-03	0.00e+00	0.00e+00	0.00e+00	0.00e+00	0.00e+00	3.03e-07	1.61e-07	5.49e-08
 1.67552e+16	6.37e-07	3.14e-03	9.90e-01	6.70e-03	0.00e+00	0.00e+00	0.00e+00	0.00e+00	0.00e+00	3.70e-07	1.97e-07	6.71e-08
 1.71860e+16	7.70e-07	3.35e-03	9.90e-01	6.26e-03	0.00e+00	0.00e+00	0.00e+00	0.00e+00	0.00e+00	4.47e-07	2.38e-07	8.11e-08
 1.76769e+16	9.62e-07	3.62e-03	9.91e-01	5.82e-03	0.00e+00	0.00e+00	0.00e+00	0.00e+00	0.00e+00	5.59e-07	2.98e-07	1.01e-07
 1.82134e+16	1.24e-06	3.96e-03	9.91e-01	5.39e-03	0.00e+00	0.00e+00	0.00e+00	0.00e+00	0.00e+00	7.20e-07	3.83e-07	1.30e-07
 1.86917e+16	1.56e-06	4.29e-03	9.91e-01	5.00e-03	0.00e+00	0.00e+00	0.00e+00	0.00e+00	0.00e+00	9.06e-07	4.82e-07	1.64e-07
 1.91248e+16	1.94e-06	4.63e-03	9.91e-01	4.70e-03	0.00e+00	0.00e+00	0.00e+00	0.00e+00	0.00e+00	1.13e-06	6.00e-07	2.04e-07
 1.95486e+16	2.42e-06	4.99e-03	9.91e-01	4.40e-03	0.00e+00	0.00e+00	0.00e+00	0.00e+00	0.00e+00	1.41e-06	7.50e-07	2.55e-07
 2.00313e+16	3.16e-06	5.48e-03	9.90e-01	4.07e-03	0.00e+00	0.00e+00	0.00e+00	0.00e+00	0.00e+00	1.84e-06	9.79e-07	3.32e-07
 2.05579e+16	4.30e-06	6.10e-03	9.90e-01	3.72e-03	0.00e+00	0.00e+00	0.00e+00	0.00e+00	0.00e+00	2.50e-06	1.33e-06	4.50e-07
 2.10214e+16	5.73e-06	6.76e-03	9.90e-01	3.43e-03	0.00e+00	0.00e+00	0.00e+00	0.00e+00	0.00e+00	3.33e-06	1.77e-06	6.00e-07
 2.14175e+16	7.46e-06	7.44e-03	9.89e-01	3.16e-03	0.00e+00	0.00e+00	0.00e+00	0.00e+00	0.00e+00	4.34e-06	2.31e-06	7.81e-07
 2.17874e+16	9.67e-06	8.20e-03	9.89e-01	2.93e-03	0.00e+00	0.00e+00	0.00e+00	0.00e+00	0.00e+00	5.62e-06	2.99e-06	1.01e-06
 2.22094e+16	1.34e-05	9.27e-03	9.88e-01	2.67e-03	0.00e+00	0.00e+00	0.00e+00	0.00e+00	0.00e+00	7.76e-06	4.13e-06	1.40e-06
 2.26377e+16	1.89e-05	1.06e-02	9.87e-01	2.38e-03	0.00e+00	0.00e+00	0.00e+00	0.00e+00	0.00e+00	1.10e-05	5.85e-06	1.98e-06
 2.29669e+16	2.54e-05	1.20e-02	9.86e-01	2.15e-03	0.00e+00	0.00e+00	0.00e+00	0.00e+00	0.00e+00	1.48e-05	7.86e-06	2.65e-06
 2.32316e+16	3.28e-05	1.34e-02	9.85e-01	1.98e-03	0.00e+00	0.00e+00	0.00e+00	0.00e+00	0.00e+00	1.90e-05	1.01e-05	3.41e-06
 2.35198e+16	4.41e-05	1.52e-02	9.83e-01	1.78e-03	0.00e+00	0.00e+00	0.00e+00	0.00e+00	0.00e+00	2.56e-05	1.36e-05	4.59e-06
 2.37562e+16	5.67e-05	1.70e-02	9.81e-01	1.63e-03	0.00e+00	0.00e+00	0.00e+00	0.00e+00	0.00e+00	3.30e-05	1.75e-05	5.91e-06
 2.38699e+16	6.45e-05	1.80e-02	9.80e-01	1.55e-03	0.00e+00	0.00e+00	0.00e+00	0.00e+00	0.00e+00	3.75e-05	1.99e-05	6.71e-06
 2.39627e+16	7.22e-05	1.90e-02	9.79e-01	1.49e-03	0.00e+00	0.00e+00	0.00e+00	0.00e+00	0.00e+00	4.20e-05	2.23e-05	7.51e-06
 2.40833e+16	8.38e-05	2.03e-02	9.78e-01	1.40e-03	0.00e+00	0.00e+00	0.00e+00	0.00e+00	0.00e+00	4.87e-05	2.59e-05	8.72e-06
 2.42195e+16	9.95e-05	2.20e-02	9.77e-01	1.31e-03	0.00e+00	0.00e+00	0.00e+00	0.00e+00	0.00e+00	5.79e-05	3.07e-05	1.03e-05
 2.43460e+16	1.18e-04	2.38e-02	9.75e-01	1.22e-03	0.00e+00	0.00e+00	0.00e+00	0.00e+00	0.00e+00	6.84e-05	3.63e-05	1.22e-05
 2.44568e+16	1.37e-04	2.56e-02	9.73e-01	1.15e-03	0.00e+00	0.00e+00	0.00e+00	0.00e+00	0.00e+00	7.95e-05	4.22e-05	1.42e-05
 2.45533e+16	1.57e-04	2.74e-02	9.71e-01	1.09e-03	0.00e+00	0.00e+00	0.00e+00	0.00e+00	0.00e+00	9.10e-05	4.83e-05	1.63e-05
 2.46390e+16	1.78e-04	2.91e-02	9.70e-01	1.03e-03	0.00e+00	0.00e+00	0.00e+00	0.00e+00	0.00e+00	1.03e-04	5.47e-05	1.84e-05
 2.47345e+16	2.06e-04	3.13e-02	9.68e-01	9.65e-04	0.00e+00	0.00e+00	0.00e+00	0.00e+00	0.00e+00	1.20e-04	6.34e-05	2.14e-05
 2.48352e+16	2.41e-04	3.39e-02	9.65e-01	9.00e-04	0.00e+00	0.00e+00	0.00e+00	0.00e+00	0.00e+00	1.40e-04	7.42e-05	2.50e-05
 2.49196e+16	2.76e-04	3.63e-02	9.63e-01	8.47e-04	0.00e+00	0.00e+00	0.00e+00	0.00e+00	0.00e+00	1.60e-04	8.50e-05	2.86e-05
 2.49929e+16	3.13e-04	3.87e-02	9.60e-01	8.00e-04	0.00e+00	0.00e+00	0.00e+00	0.00e+00	0.00e+00	1.82e-04	9.63e-05	3.24e-05
 2.50749e+16	3.61e-04	4.16e-02	9.57e-01	7.48e-04	0.00e+00	0.00e+00	0.00e+00	0.00e+00	0.00e+00	2.10e-04	1.11e-04	3.75e-05
 2.51628e+16	4.22e-04	4.52e-02	9.54e-01	6.94e-04	0.00e+00	0.00e+00	0.00e+00	0.00e+00	0.00e+00	2.46e-04	1.30e-04	4.38e-05
 2.52378e+16	4.86e-04	4.86e-02	9.50e-01	6.47e-04	0.00e+00	0.00e+00	0.00e+00	0.00e+00	0.00e+00	2.83e-04	1.50e-04	5.04e-05
 2.53027e+16	5.50e-04	5.19e-02	9.47e-01	6.11e-04	0.00e+00	0.00e+00	0.00e+00	0.00e+00	0.00e+00	3.20e-04	1.69e-04	5.71e-05
 2.53750e+16	6.37e-04	5.60e-02	9.43e-01	5.67e-04	0.00e+00	0.00e+00	0.00e+00	0.00e+00	0.00e+00	3.70e-04	1.96e-04	6.60e-05
 2.54523e+16	7.46e-04	6.09e-02	9.38e-01	5.24e-04	0.00e+00	0.00e+00	0.00e+00	0.00e+00	0.00e+00	4.34e-04	2.30e-04	7.74e-05
 2.55184e+16	8.59e-04	6.57e-02	9.33e-01	4.86e-04	0.00e+00	0.00e+00	0.00e+00	0.00e+00	0.00e+00	5.00e-04	2.65e-04	8.91e-05
 2.55761e+16	9.75e-04	7.03e-02	9.28e-01	4.56e-04	0.00e+00	0.00e+00	0.00e+00	0.00e+00	0.00e+00	5.67e-04	3.00e-04	1.01e-04
 2.56407e+16	1.13e-03	7.62e-02	9.22e-01	4.21e-04	0.00e+00	0.00e+00	0.00e+00	0.00e+00	0.00e+00	6.59e-04	3.49e-04	1.17e-04
 2.57097e+16	1.33e-03	8.31e-02	9.15e-01	3.85e-04	0.00e+00	0.00e+00	0.00e+00	0.00e+00	0.00e+00	7.75e-04	4.10e-04	1.38e-04
 2.57690e+16	1.54e-03	8.99e-02	9.08e-01	3.55e-04	0.00e+00	0.00e+00	0.00e+00	0.00e+00	0.00e+00	8.95e-04	4.74e-04	1.60e-04
 2.58211e+16	1.76e-03	9.66e-02	9.01e-01	3.30e-04	0.00e+00	0.00e+00	0.00e+00	0.00e+00	0.00e+00	1.02e-03	5.41e-04	1.82e-04
