#depth	C	C+	C+2	C+3	C+4	C+5	C+6	C[1]	C[2]	C[3]	C+[1]	C+[2]	CO
 1.49634e+10	0.00e+00	1.23e-30	2.58e-21	1.65e-12	3.57e-03	8.25e-01	1.72e-01	0.00e+00	0.00e+00	0.00e+00	0.00e+00	0.00e+00	2.10e-275
 4.54887e+10	7.45e-41	1.75e-30	3.38e-21	1.99e-12	3.95e-03	8.36e-01	1.60e-01	0.00e+00	0.00e+00	0.00e+00	0.00e+00	0.00e+00	8.55e-132
 7.72350e+10	0.00e+00	2.49e-30	4.45e-21	2.40e-12	4.39e-03	8.46e-01	1.49e-01	0.00e+00	0.00e+00	0.00e+00	0.00e+00	0.00e+00	0.00e+00
 1.10251e+11	1.80e-40	3.57e-30	5.85e-21	2.90e-12	4.88e-03	8.56e-01	1.39e-01	0.00e+00	0.00e+00	0.00e+00	0.00e+00	0.00e+00	8.88e-131
 1.41997e+11	0.00e+00	4.96e-30	7.54e-21	3.46e-12	5.38e-03	8.65e-01	1.30e-01	0.00e+00	0.00e+00	0.00e+00	0.00e+00	0.00e+00	0.00e+00
 1.71411e+11	3.90e-40	6.68e-30	9.47e-21	4.05e-12	5.87e-03	8.72e-01	1.22e-01	0.00e+00	0.00e+00	0.00e+00	0.00e+00	0.00e+00	6.95e-130
 2.04591e+11	0.00e+00	9.26e-30	1.22e-20	4.81e-12	6.47e-03	8.79e-01	1.14e-01	0.00e+00	0.00e+00	0.00e+00	0.00e+00	0.00e+00	0.00e+00
 2.42701e+11	9.12e-40	1.32e-29	1.60e-20	5.81e-12	7.17e-03	8.87e-01	1.06e-01	0.00e+00	0.00e+00	0.00e+00	0.00e+00	0.00e+00	6.58e-129
 2.80766e+11	0.00e+00	1.87e-29	2.09e-20	6.98e-12	7.93e-03	8.94e-01	9.82e-02	0.00e+00	0.00e+00	0.00e+00	0.00e+00	0.00e+00	0.00e+00
 3.20352e+11	2.15e-39	2.65e-29	2.73e-20	8.38e-12	8.77e-03	9.00e-01	9.11e-02	0.00e+00	0.00e+00	0.00e+00	0.00e+00	0.00e+00	6.41e-128
 3.63093e+11	0.00e+00	3.81e-29	3.60e-20	1.01e-11	9.73e-03	9.06e-01	8.41e-02	0.00e+00	0.00e+00	0.00e+00	0.00e+00	0.00e+00	0.00e+00
 4.06621e+11	5.23e-39	5.44e-29	4.72e-20	1.22e-11	1.08e-02	9.11e-01	7.78e-02	0.00e+00	0.00e+00	0.00e+00	0.00e+00	0.00e+00	6.74e-127
 4.47233e+11	0.00e+00	7.49e-29	6.03e-20	1.44e-11	1.18e-02	9.16e-01	7.24e-02	0.00e+00	0.00e+00	0.00e+00	0.00e+00	0.00e+00	0.00e+00
 4.84724e+11	1.11e-38	9.98e-29	7.52e-20	1.68e-11	1.28e-02	9.19e-01	6.78e-02	0.00e+00	0.00e+00	0.00e+00	0.00e+00	0.00e+00	4.95e-126
 5.27548e+11	0.00e+00	1.37e-28	9.60e-20	1.98e-11	1.40e-02	9.23e-01	6.31e-02	0.00e+00	0.00e+00	0.00e+00	0.00e+00	0.00e+00	0.00e+00
 5.77751e+11	2.58e-38	1.97e-28	1.26e-19	2.39e-11	1.55e-02	9.26e-01	5.81e-02	0.00e+00	0.00e+00	0.00e+00	0.00e+00	0.00e+00	4.59e-125
 6.27485e+11	0.00e+00	2.78e-28	1.65e-19	2.86e-11	1.70e-02	9.29e-01	5.36e-02	0.00e+00	0.00e+00	0.00e+00	0.00e+00	0.00e+00	0.00e+00
 6.74109e+11	5.83e-38	3.80e-28	2.09e-19	3.36e-11	1.86e-02	9.32e-01	4.99e-02	0.00e+00	0.00e+00	0.00e+00	0.00e+00	0.00e+00	3.95e-124
 7.25903e+11	0.00e+00	5.32e-28	2.71e-19	4.01e-11	2.04e-02	9.34e-01	4.61e-02	0.00e+00	0.00e+00	0.00e+00	0.00e+00	0.00e+00	0.00e+00
 7.84866e+11	1.40e-37	7.69e-28	3.59e-19	4.85e-11	2.26e-02	9.35e-01	4.22e-02	0.00e+00	0.00e+00	0.00e+00	0.00e+00	0.00e+00	3.99e-123
 8.43023e+11	0.00e+00	1.09e-27	4.70e-19	5.83e-11	2.49e-02	9.36e-01	3.88e-02	0.00e+00	0.00e+00	0.00e+00	0.00e+00	0.00e+00	0.00e+00
 9.03508e+11	3.36e-37	1.56e-27	6.16e-19	7.00e-11	2.74e-02	9.37e-01	3.56e-02	0.00e+00	0.00e+00	0.00e+00	0.00e+00	0.00e+00	4.00e-122
 9.69575e+11	0.00e+00	2.26e-27	8.19e-19	8.48e-11	3.03e-02	9.37e-01	3.25e-02	0.00e+00	0.00e+00	0.00e+00	0.00e+00	0.00e+00	0.00e+00
 1.03611e+12	8.36e-37	3.24e-27	1.08e-18	1.02e-10	3.34e-02	9.37e-01	2.97e-02	0.00e+00	0.00e+00	0.00e+00	0.00e+00	0.00e+00	4.40e-121
 1.10530e+12	0.00e+00	4.66e-27	1.43e-18	1.23e-10	3.68e-02	9.36e-01	2.71e-02	0.00e+00	0.00e+00	0.00e+00	0.00e+00	0.00e+00	0.00e+00
 1.17664e+12	2.05e-36	6.68e-27	1.88e-18	1.49e-10	4.05e-02	9.35e-01	2.48e-02	0.00e+00	0.00e+00	0.00e+00	0.00e+00	0.00e+00	4.66e-120
 1.24634e+12	0.00e+00	9.39e-27	2.44e-18	1.77e-10	4.44e-02	9.33e-01	2.27e-02	0.00e+00	0.00e+00	0.00e+00	0.00e+00	0.00e+00	0.00e+00
 1.32164e+12	4.87e-36	1.34e-26	3.21e-18	2.13e-10	4.87e-02	9.31e-01	2.07e-02	0.00e+00	0.00e+00	0.00e+00	0.00e+00	0.00e+00	4.49e-119
 1.40443e+12	0.00e+00	1.95e-26	4.28e-18	2.59e-10	5.38e-02	9.27e-01	1.88e-02	0.00e+00	0.00e+00	0.00e+00	0.00e+00	0.00e+00	0.00e+00
 1.49054e+12	1.24e-35	2.84e-26	5.72e-18	3.14e-10	5.93e-02	9.24e-01	1.70e-02	0.00e+00	0.00e+00	0.00e+00	0.00e+00	0.00e+00	5.19e-118
 1.58008e+12	0.00e+00	4.13e-26	7.64e-18	3.81e-10	6.54e-02	9.19e-01	1.54e-02	0.00e+00	0.00e+00	0.00e+00	0.00e+00	0.00e+00	0.00e+00
 1.67321e+12	3.15e-35	6.02e-26	1.02e-17	4.63e-10	7.21e-02	9.14e-01	1.39e-02	0.00e+00	0.00e+00	0.00e+00	0.00e+00	0.00e+00	5.98e-117
 1.75731e+12	0.00e+00	8.35e-26	1.31e-17	5.49e-10	7.84e-02	9.09e-01	1.27e-02	0.00e+00	0.00e+00	0.00e+00	0.00e+00	0.00e+00	5.88e-100
 1.82714e+12	6.55e-35	1.09e-25	1.61e-17	6.29e-10	8.39e-02	9.04e-01	1.18e-02	0.00e+00	0.00e+00	0.00e+00	0.00e+00	0.00e+00	0.00e+00
 1.90354e+12	9.25e-35	1.44e-25	2.00e-17	7.26e-10	9.01e-02	8.99e-01	1.09e-02	0.00e+00	0.00e+00	0.00e+00	0.00e+00	0.00e+00	1.00e-115
 2.00062e+12	1.41e-34	2.02e-25	2.60e-17	8.67e-10	9.83e-02	8.92e-01	9.89e-03	0.00e+00	0.00e+00	0.00e+00	0.00e+00	0.00e+00	1.62e-97
 2.10205e+12	2.17e-34	2.85e-25	3.40e-17	1.04e-09	1.07e-01	8.84e-01	8.95e-03	0.00e+00	0.00e+00	0.00e+00	0.00e+00	0.00e+00	0.00e+00
 2.19163e+12	3.11e-34	3.82e-25	4.26e-17	1.21e-09	1.15e-01	8.76e-01	8.21e-03	0.00e+00	0.00e+00	0.00e+00	0.00e+00	0.00e+00	2.42e-114
 2.27459e+12	4.31e-34	4.97e-25	5.22e-17	1.38e-09	1.23e-01	8.69e-01	7.59e-03	0.00e+00	0.00e+00	0.00e+00	0.00e+00	0.00e+00	1.86e-96
 2.36868e+12	6.14e-34	6.62e-25	6.53e-17	1.61e-09	1.32e-01	8.61e-01	6.96e-03	0.00e+00	0.00e+00	0.00e+00	0.00e+00	0.00e+00	0.00e+00
 2.48526e+12	9.38e-34	9.33e-25	8.52e-17	1.92e-09	1.44e-01	8.50e-01	6.26e-03	0.00e+00	0.00e+00	0.00e+00	0.00e+00	0.00e+00	4.38e-113
 2.60166e+12	1.41e-33	1.29e-24	1.10e-16	2.27e-09	1.56e-01	8.39e-01	5.65e-03	0.00e+00	0.00e+00	0.00e+00	0.00e+00	0.00e+00	2.45e-95
 2.70151e+12	1.96e-33	1.70e-24	1.36e-16	2.62e-09	1.66e-01	8.29e-01	5.18e-03	0.00e+00	0.00e+00	0.00e+00	0.00e+00	0.00e+00	3.07e-112
 2.80929e+12	2.77e-33	2.24e-24	1.69e-16	3.03e-09	1.78e-01	8.18e-01	4.73e-03	0.00e+00	0.00e+00	0.00e+00	0.00e+00	0.00e+00	1.08e-94
 2.94257e+12	4.18e-33	3.13e-24	2.19e-16	3.60e-09	1.92e-01	8.03e-01	4.24e-03	0.00e+00	0.00e+00	0.00e+00	0.00e+00	0.00e+00	2.28e-111
 3.07953e+12	6.25e-33	4.34e-24	2.82e-16	4.26e-09	2.08e-01	7.89e-01	3.79e-03	0.00e+00	0.00e+00	0.00e+00	0.00e+00	0.00e+00	6.36e-94
 3.20350e+12	8.86e-33	5.75e-24	3.52e-16	4.93e-09	2.22e-01	7.75e-01	3.44e-03	0.00e+00	0.00e+00	0.00e+00	0.00e+00	0.00e+00	1.69e-110
 3.34008e+12	1.28e-32	7.74e-24	4.44e-16	5.75e-09	2.37e-01	7.60e-01	3.10e-03	0.00e+00	0.00e+00	0.00e+00	0.00e+00	0.00e+00	3.04e-93
 3.50059e+12	1.93e-32	1.08e-23	5.77e-16	6.84e-09	2.56e-01	7.42e-01	2.74e-03	0.00e+00	0.00e+00	0.00e+00	0.00e+00	0.00e+00	1.37e-109
 3.66090e+12	2.85e-32	1.48e-23	7.39e-16	8.05e-09	2.74e-01	7.23e-01	2.44e-03	0.00e+00	0.00e+00	0.00e+00	0.00e+00	0.00e+00	1.77e-92
 3.81356e+12	4.06e-32	1.98e-23	9.25e-16	9.33e-09	2.92e-01	7.06e-01	2.19e-03	0.00e+00	0.00e+00	0.00e+00	0.00e+00	0.00e+00	1.03e-108
 3.98195e+12	5.89e-32	2.67e-23	1.17e-15	1.09e-08	3.11e-01	6.87e-01	1.95e-03	0.00e+00	0.00e+00	0.00e+00	0.00e+00	0.00e+00	8.84e-92
 4.17115e+12	8.78e-32	3.69e-23	1.51e-15	1.29e-08	3.33e-01	6.65e-01	1.71e-03	0.00e+00	0.00e+00	0.00e+00	0.00e+00	0.00e+00	8.57e-108
 4.34147e+12	1.24e-31	4.87e-23	1.87e-15	1.48e-08	3.52e-01	6.46e-01	1.53e-03	0.00e+00	0.00e+00	0.00e+00	0.00e+00	0.00e+00	4.58e-91
 4.48213e+12	1.62e-31	6.06e-23	2.22e-15	1.65e-08	3.68e-01	6.31e-01	1.40e-03	0.00e+00	0.00e+00	0.00e+00	0.00e+00	0.00e+00	4.66e-107
 4.63577e+12	2.15e-31	7.63e-23	2.65e-15	1.86e-08	3.85e-01	6.14e-01	1.27e-03	0.00e+00	0.00e+00	0.00e+00	0.00e+00	0.00e+00	1.59e-90
 4.83204e+12	3.04e-31	1.01e-22	3.30e-15	2.14e-08	4.06e-01	5.93e-01	1.12e-03	0.00e+00	0.00e+00	0.00e+00	0.00e+00	0.00e+00	2.74e-106
 5.03017e+12	4.25e-31	1.33e-22	4.08e-15	2.45e-08	4.27e-01	5.72e-01	9.95e-04	0.00e+00	0.00e+00	0.00e+00	0.00e+00	0.00e+00	7.42e-90
 5.19419e+12	5.55e-31	1.64e-22	4.82e-15	2.73e-08	4.44e-01	5.55e-01	9.02e-04	0.00e+00	0.00e+00	0.00e+00	0.00e+00	0.00e+00	1.50e-105
 5.36737e+12	7.27e-31	2.04e-22	5.70e-15	3.04e-08	4.61e-01	5.38e-01	8.16e-04	0.00e+00	0.00e+00	0.00e+00	0.00e+00	0.00e+00	2.52e-89
 5.58953e+12	1.01e-30	2.67e-22	7.02e-15	3.47e-08	4.83e-01	5.16e-01	7.19e-04	0.00e+00	0.00e+00	0.00e+00	0.00e+00	0.00e+00	8.38e-105
 5.82243e+12	1.41e-30	3.49e-22	8.64e-15	3.95e-08	5.05e-01	4.95e-01	6.32e-04	0.00e+00	0.00e+00	0.00e+00	0.00e+00	0.00e+00	1.16e-88
 6.02655e+12	1.87e-30	4.37e-22	1.03e-14	4.41e-08	5.23e-01	4.76e-01	5.66e-04	0.00e+00	0.00e+00	0.00e+00	0.00e+00	0.00e+00	4.90e-104
 6.24620e+12	2.49e-30	5.51e-22	1.23e-14	4.93e-08	5.42e-01	4.57e-01	5.04e-04	0.00e+00	0.00e+00	0.00e+00	0.00e+00	0.00e+00	4.32e-88
 6.48982e+12	3.37e-30	7.04e-22	1.48e-14	5.56e-08	5.63e-01	4.37e-01	4.44e-04	0.00e+00	0.00e+00	0.00e+00	0.00e+00	0.00e+00	2.78e-103
 6.71590e+12	4.43e-30	8.76e-22	1.76e-14	6.17e-08	5.81e-01	4.19e-01	3.96e-04	0.00e+00	0.00e+00	0.00e+00	0.00e+00	0.00e+00	1.67e-87
 6.96110e+12	5.88e-30	1.10e-21	2.09e-14	6.87e-08	5.99e-01	4.01e-01	3.51e-04	0.00e+00	0.00e+00	0.00e+00	0.00e+00	0.00e+00	1.44e-102
 7.23356e+12	7.94e-30	1.40e-21	2.51e-14	7.71e-08	6.19e-01	3.81e-01	3.07e-04	0.00e+00	0.00e+00	0.00e+00	0.00e+00	0.00e+00	6.65e-87
 7.48734e+12	1.04e-29	1.74e-21	2.97e-14	8.53e-08	6.36e-01	3.64e-01	2.73e-04	0.00e+00	0.00e+00	0.00e+00	0.00e+00	0.00e+00	7.91e-102
 7.76317e+12	1.38e-29	2.17e-21	3.52e-14	9.47e-08	6.54e-01	3.46e-01	2.40e-04	0.00e+00	0.00e+00	0.00e+00	0.00e+00	0.00e+00	2.48e-86
 8.07004e+12	1.85e-29	2.76e-21	4.22e-14	1.06e-07	6.72e-01	3.27e-01	2.10e-04	0.00e+00	0.00e+00	0.00e+00	0.00e+00	0.00e+00	4.57e-101
 8.35693e+12	2.43e-29	3.42e-21	4.97e-14	1.17e-07	6.89e-01	3.11e-01	1.85e-04	0.00e+00	0.00e+00	0.00e+00	0.00e+00	0.00e+00	9.77e-86
 8.66954e+12	3.21e-29	4.28e-21	5.89e-14	1.29e-07	7.05e-01	2.95e-01	1.62e-04	0.00e+00	0.00e+00	0.00e+00	0.00e+00	0.00e+00	2.45e-100
 9.01840e+12	4.33e-29	5.44e-21	7.06e-14	1.44e-07	7.22e-01	2.78e-01	1.40e-04	0.00e+00	0.00e+00	0.00e+00	0.00e+00	0.00e+00	4.03e-85
 9.34633e+12	5.68e-29	6.74e-21	8.30e-14	1.59e-07	7.37e-01	2.63e-01	1.23e-04	0.00e+00	0.00e+00	0.00e+00	0.00e+00	0.00e+00	1.43e-99
 9.70459e+12	7.55e-29	8.45e-21	9.83e-14	1.75e-07	7.52e-01	2.47e-01	1.07e-04	0.00e+00	0.00e+00	0.00e+00	0.00e+00	0.00e+00	1.59e-84
 1.01057e+13	1.02e-28	1.08e-20	1.18e-13	1.95e-07	7.68e-01	2.32e-01	9.21e-05	0.00e+00	0.00e+00	0.00e+00	0.00e+00	0.00e+00	8.96e-99
 1.04854e+13	1.35e-28	1.34e-20	1.39e-13	2.15e-07	7.82e-01	2.18e-01	8.02e-05	0.00e+00	0.00e+00	0.00e+00	0.00e+00	0.00e+00	6.77e-84
 1.08948e+13	1.79e-28	1.68e-20	1.64e-13	2.37e-07	7.95e-01	2.05e-01	6.95e-05	0.00e+00	0.00e+00	0.00e+00	0.00e+00	0.00e+00	5.28e-98
 1.13605e+13	2.45e-28	2.15e-20	1.97e-13	2.64e-07	8.09e-01	1.91e-01	5.92e-05	0.00e+00	0.00e+00	0.00e+00	0.00e+00	0.00e+00	3.07e-83
 1.18176e+13	3.28e-28	2.71e-20	2.34e-13	2.91e-07	8.22e-01	1.78e-01	5.09e-05	0.00e+00	0.00e+00	0.00e+00	0.00e+00	0.00e+00	3.61e-97
 1.22931e+13	4.40e-28	3.41e-20	2.77e-13	3.21e-07	8.34e-01	1.66e-01	4.38e-05	0.00e+00	0.00e+00	0.00e+00	0.00e+00	0.00e+00	1.37e-82
 1.28148e+13	5.98e-28	4.34e-20	3.31e-13	3.55e-07	8.46e-01	1.54e-01	3.73e-05	0.00e+00	0.00e+00	0.00e+00	0.00e+00	0.00e+00	2.47e-96
 1.33573e+13	8.15e-28	5.53e-20	3.95e-13	3.92e-07	8.56e-01	1.44e-01	3.18e-05	0.00e+00	0.00e+00	0.00e+00	0.00e+00	0.00e+00	6.76e-82
 1.39215e+13	1.10e-27	7.02e-20	4.71e-13	4.33e-07	8.67e-01	1.33e-01	2.71e-05	0.00e+00	0.00e+00	0.00e+00	0.00e+00	0.00e+00	1.78e-95
 1.44534e+13	1.46e-27	8.73e-20	5.51e-13	4.73e-07	8.76e-01	1.24e-01	2.34e-05	0.00e+00	0.00e+00	0.00e+00	0.00e+00	0.00e+00	3.07e-81
 1.49326e+13	1.86e-27	1.05e-19	6.31e-13	5.10e-07	8.83e-01	1.17e-01	2.06e-05	0.00e+00	0.00e+00	0.00e+00	0.00e+00	0.00e+00	9.60e-95
 1.53864e+13	2.32e-27	1.25e-19	7.15e-13	5.47e-07	8.89e-01	1.11e-01	1.83e-05	0.00e+00	0.00e+00	0.00e+00	0.00e+00	0.00e+00	1.04e-80
 1.58898e+13	2.95e-27	1.51e-19	8.17e-13	5.88e-07	8.95e-01	1.05e-01	1.62e-05	0.00e+00	0.00e+00	0.00e+00	0.00e+00	0.00e+00	4.30e-94
 1.64538e+13	3.83e-27	1.85e-19	9.44e-13	6.37e-07	9.02e-01	9.81e-02	1.41e-05	0.00e+00	0.00e+00	0.00e+00	0.00e+00	0.00e+00	3.91e-80
 1.69888e+13	4.86e-27	2.22e-19	1.08e-12	6.84e-07	9.08e-01	9.24e-02	1.25e-05	0.00e+00	0.00e+00	0.00e+00	0.00e+00	0.00e+00	2.17e-93
 1.75764e+13	6.26e-27	2.70e-19	1.24e-12	7.38e-07	9.13e-01	8.67e-02	1.09e-05	0.00e+00	0.00e+00	0.00e+00	0.00e+00	0.00e+00	1.44e-79
 1.82344e+13	8.25e-27	3.35e-19	1.44e-12	8.01e-07	9.19e-01	8.10e-02	9.46e-06	0.00e+00	0.00e+00	0.00e+00	0.00e+00	0.00e+00	1.22e-92
 1.88446e+13	1.06e-26	4.05e-19	1.65e-12	8.61e-07	9.24e-01	7.61e-02	8.32e-06	0.00e+00	0.00e+00	0.00e+00	0.00e+00	0.00e+00	5.83e-79
 1.94084e+13	1.32e-26	4.80e-19	1.85e-12	9.18e-07	9.28e-01	7.20e-02	7.41e-06	0.00e+00	0.00e+00	0.00e+00	0.00e+00	0.00e+00	5.61e-92
 2.00511e+13	1.68e-26	5.79e-19	2.12e-12	9.85e-07	9.32e-01	6.77e-02	6.53e-06	0.00e+00	0.00e+00	0.00e+00	0.00e+00	0.00e+00	2.04e-78
 2.08376e+13	2.25e-26	7.25e-19	2.47e-12	1.07e-06	9.37e-01	6.30e-02	5.62e-06	0.00e+00	0.00e+00	0.00e+00	0.00e+00	0.00e+00	3.23e-91
 2.16230e+13	2.97e-26	8.97e-19	2.87e-12	1.16e-06	9.41e-01	5.87e-02	4.86e-06	0.00e+00	0.00e+00	0.00e+00	0.00e+00	0.00e+00	9.47e-78
 2.23081e+13	3.77e-26	1.07e-18	3.26e-12	1.24e-06	9.45e-01	5.53e-02	4.30e-06	0.00e+00	0.00e+00	0.00e+00	0.00e+00	0.00e+00	1.74e-90
 2.30509e+13	4.84e-26	1.30e-18	3.71e-12	1.33e-06	9.48e-01	5.20e-02	3.79e-06	0.00e+00	0.00e+00	0.00e+00	0.00e+00	0.00e+00	3.55e-77
 2.39551e+13	6.51e-26	1.63e-18	4.33e-12	1.44e-06	9.52e-01	4.84e-02	3.27e-06	0.00e+00	0.00e+00	0.00e+00	0.00e+00	0.00e+00	1.03e-89
 2.48748e+13	8.66e-26	2.03e-18	5.04e-12	1.56e-06	9.55e-01	4.50e-02	2.82e-06	0.00e+00	0.00e+00	0.00e+00	0.00e+00	0.00e+00	1.72e-76
 2.57088e+13	1.12e-25	2.46e-18	5.74e-12	1.66e-06	9.58e-01	4.23e-02	2.48e-06	0.00e+00	0.00e+00	0.00e+00	0.00e+00	0.00e+00	3.44e-76
 2.66256e+13	1.46e-25	3.02e-18	6.60e-12	1.79e-06	9.60e-01	3.96e-02	2.16e-06	0.00e+00	0.00e+00	0.00e+00	0.00e+00	0.00e+00	7.20e-76
 2.77017e+13	1.99e-25	3.81e-18	7.73e-12	1.94e-06	9.63e-01	3.67e-02	1.86e-06	0.00e+00	0.00e+00	0.00e+00	0.00e+00	0.00e+00	1.67e-75
 2.87722e+13	2.67e-25	4.76e-18	8.99e-12	2.10e-06	9.66e-01	3.42e-02	1.60e-06	0.00e+00	0.00e+00	0.00e+00	0.00e+00	0.00e+00	3.72e-75
 2.97867e+13	3.49e-25	5.83e-18	1.03e-11	2.25e-06	9.68e-01	3.20e-02	1.40e-06	0.00e+00	0.00e+00	0.00e+00	0.00e+00	0.00e+00	7.74e-75
 3.09093e+13	4.65e-25	7.23e-18	1.19e-11	2.42e-06	9.70e-01	2.98e-02	1.22e-06	0.00e+00	0.00e+00	0.00e+00	0.00e+00	0.00e+00	1.70e-74
 3.21756e+13	6.36e-25	9.16e-18	1.40e-11	2.63e-06	9.72e-01	2.76e-02	1.04e-06	0.00e+00	0.00e+00	0.00e+00	0.00e+00	0.00e+00	4.01e-74
 3.34521e+13	8.63e-25	1.15e-17	1.63e-11	2.84e-06	9.74e-01	2.56e-02	8.96e-07	0.00e+00	0.00e+00	0.00e+00	0.00e+00	0.00e+00	9.28e-74
 3.47796e+13	1.17e-24	1.45e-17	1.90e-11	3.07e-06	9.76e-01	2.38e-02	0.00e+00	0.00e+00	0.00e+00	0.00e+00	0.00e+00	0.00e+00	2.14e-73
 3.62007e+13	1.60e-24	1.84e-17	2.23e-11	3.32e-06	9.78e-01	2.21e-02	0.00e+00	0.00e+00	0.00e+00	0.00e+00	0.00e+00	0.00e+00	5.06e-73
 3.76787e+13	2.19e-24	2.33e-17	2.61e-11	3.60e-06	9.80e-01	2.04e-02	0.00e+00	0.00e+00	0.00e+00	0.00e+00	0.00e+00	0.00e+00	1.20e-72
 3.91083e+13	2.93e-24	2.90e-17	3.03e-11	3.88e-06	9.81e-01	1.90e-02	0.00e+00	0.00e+00	0.00e+00	0.00e+00	0.00e+00	0.00e+00	2.67e-72
 4.04507e+13	3.81e-24	3.53e-17	3.46e-11	4.15e-06	9.82e-01	1.78e-02	0.00e+00	0.00e+00	0.00e+00	0.00e+00	0.00e+00	0.00e+00	5.52e-72
 4.17152e+13	4.86e-24	4.24e-17	3.90e-11	4.41e-06	9.83e-01	1.68e-02	0.00e+00	0.00e+00	0.00e+00	0.00e+00	0.00e+00	0.00e+00	1.07e-71
 4.30907e+13	6.27e-24	5.13e-17	4.44e-11	4.70e-06	9.84e-01	1.58e-02	0.00e+00	0.00e+00	0.00e+00	0.00e+00	1.66e-17	3.47e-17	2.17e-71
 4.46257e+13	8.25e-24	6.31e-17	5.09e-11	5.03e-06	9.85e-01	1.48e-02	0.00e+00	0.00e+00	0.00e+00	0.00e+00	2.09e-17	4.21e-17	4.62e-71
 4.60763e+13	1.06e-23	7.62e-17	5.78e-11	5.36e-06	9.86e-01	1.39e-02	0.00e+00	0.00e+00	0.00e+00	0.00e+00	2.53e-17	5.09e-17	9.24e-71
 4.76705e+13	1.39e-23	9.32e-17	6.61e-11	5.73e-06	9.87e-01	1.30e-02	0.00e+00	0.00e+00	0.00e+00	0.00e+00	3.09e-17	6.22e-17	1.93e-70
 4.94576e+13	1.84e-23	1.15e-16	7.65e-11	6.17e-06	9.88e-01	1.21e-02	0.00e+00	0.00e+00	0.00e+00	0.00e+00	3.83e-17	7.71e-17	4.20e-70
 5.11524e+13	2.40e-23	1.41e-16	8.73e-11	6.59e-06	9.89e-01	1.13e-02	0.00e+00	0.00e+00	0.00e+00	0.00e+00	4.67e-17	9.40e-17	8.73e-70
 5.30126e+13	3.18e-23	1.74e-16	1.01e-10	7.08e-06	9.89e-01	1.06e-02	0.00e+00	0.00e+00	0.00e+00	0.00e+00	5.78e-17	1.16e-16	1.90e-69
 5.51150e+13	4.31e-23	2.19e-16	1.17e-10	7.64e-06	9.90e-01	9.81e-03	0.00e+00	0.00e+00	0.00e+00	0.00e+00	7.26e-17	1.46e-16	4.38e-69
 5.71430e+13	5.68e-23	2.69e-16	1.35e-10	8.22e-06	9.91e-01	9.13e-03	0.00e+00	0.00e+00	0.00e+00	0.00e+00	8.94e-17	1.80e-16	9.33e-69
 5.92974e+13	7.59e-23	3.35e-16	1.57e-10	8.84e-06	9.91e-01	8.50e-03	0.00e+00	0.00e+00	0.00e+00	0.00e+00	1.11e-16	2.24e-16	2.08e-68
 6.16992e+13	1.04e-22	4.24e-16	1.83e-10	9.57e-06	9.92e-01	7.86e-03	0.00e+00	0.00e+00	0.00e+00	0.00e+00	1.41e-16	2.83e-16	4.90e-68
 6.39199e+13	1.35e-22	5.19e-16	2.11e-10	1.03e-05	9.93e-01	7.33e-03	0.00e+00	0.00e+00	0.00e+00	0.00e+00	1.72e-16	3.47e-16	1.02e-67
 6.58410e+13	1.71e-22	6.20e-16	2.37e-10	1.09e-05	9.93e-01	6.92e-03	0.00e+00	0.00e+00	0.00e+00	0.00e+00	2.06e-16	4.14e-16	1.95e-67
 6.79682e+13	2.18e-22	7.44e-16	2.69e-10	1.16e-05	9.93e-01	6.49e-03	0.00e+00	0.00e+00	0.00e+00	0.00e+00	2.47e-16	4.97e-16	3.77e-67
 7.05690e+13	2.92e-22	9.29e-16	3.13e-10	1.25e-05	9.94e-01	6.03e-03	0.00e+00	0.00e+00	0.00e+00	0.00e+00	3.08e-16	6.21e-16	8.49e-67
 7.32070e+13	3.85e-22	1.15e-15	3.62e-10	1.35e-05	9.94e-01	5.60e-03	0.00e+00	0.00e+00	0.00e+00	0.00e+00	3.80e-16	7.66e-16	1.80e-66
 7.55785e+13	4.94e-22	1.38e-15	4.11e-10	1.44e-05	9.95e-01	5.26e-03	0.00e+00	0.00e+00	0.00e+00	0.00e+00	4.59e-16	9.25e-16	3.60e-66
 7.81818e+13	6.35e-22	1.68e-15	4.71e-10	1.54e-05	9.95e-01	4.91e-03	0.00e+00	0.00e+00	0.00e+00	0.00e+00	5.56e-16	1.12e-15	7.14e-66
 8.12612e+13	8.60e-22	2.11e-15	5.49e-10	1.66e-05	9.95e-01	4.55e-03	0.00e+00	0.00e+00	0.00e+00	0.00e+00	7.00e-16	1.41e-15	1.66e-65
 8.42993e+13	1.13e-21	2.60e-15	6.36e-10	1.79e-05	9.96e-01	4.23e-03	0.00e+00	0.00e+00	0.00e+00	0.00e+00	8.62e-16	1.74e-15	3.50e-65
 8.70810e+13	1.44e-21	3.13e-15	7.24e-10	1.92e-05	9.96e-01	3.96e-03	0.00e+00	0.00e+00	0.00e+00	0.00e+00	1.04e-15	2.09e-15	6.84e-65
 9.01896e+13	1.90e-21	3.86e-15	8.32e-10	2.06e-05	9.96e-01	3.69e-03	0.00e+00	0.00e+00	0.00e+00	0.00e+00	1.28e-15	2.58e-15	1.46e-64
 9.38006e+13	2.53e-21	4.81e-15	9.74e-10	2.23e-05	9.97e-01	3.41e-03	0.00e+00	0.00e+00	0.00e+00	0.00e+00	1.59e-15	3.22e-15	3.22e-64
 9.73432e+13	3.35e-21	5.95e-15	1.13e-09	2.40e-05	9.97e-01	3.16e-03	0.00e+00	0.00e+00	0.00e+00	0.00e+00	1.97e-15	3.98e-15	6.93e-64
 1.00695e+14	4.36e-21	7.28e-15	1.29e-09	2.57e-05	9.97e-01	2.96e-03	0.00e+00	0.00e+00	0.00e+00	0.00e+00	2.41e-15	4.86e-15	1.44e-63
 1.04421e+14	5.66e-21	8.90e-15	1.50e-09	2.77e-05	9.97e-01	2.74e-03	0.00e+00	0.00e+00	0.00e+00	0.00e+00	2.95e-15	5.95e-15	2.95e-63
 1.08628e+14	7.65e-21	1.12e-14	1.75e-09	3.00e-05	9.97e-01	2.54e-03	0.00e+00	0.00e+00	0.00e+00	0.00e+00	3.71e-15	7.48e-15	6.75e-63
 1.12631e+14	9.99e-21	1.37e-14	2.02e-09	3.23e-05	9.98e-01	2.36e-03	0.00e+00	0.00e+00	0.00e+00	0.00e+00	4.55e-15	9.19e-15	1.41e-62
 1.16283e+14	1.28e-20	1.66e-14	2.30e-09	3.44e-05	9.98e-01	2.21e-03	0.00e+00	0.00e+00	0.00e+00	0.00e+00	5.50e-15	1.11e-14	2.81e-62
 1.20411e+14	1.64e-20	2.01e-14	2.64e-09	3.70e-05	9.98e-01	2.06e-03	0.00e+00	0.00e+00	0.00e+00	0.00e+00	6.66e-15	1.35e-14	5.58e-62
 1.25214e+14	2.20e-20	2.52e-14	3.09e-09	4.00e-05	9.98e-01	1.90e-03	0.00e+00	0.00e+00	0.00e+00	0.00e+00	8.33e-15	1.68e-14	1.25e-61
 1.29818e+14	2.90e-20	3.11e-14	3.57e-09	4.30e-05	9.98e-01	1.77e-03	0.00e+00	0.00e+00	0.00e+00	0.00e+00	1.03e-14	2.08e-14	2.69e-61
 1.33992e+14	3.65e-20	3.71e-14	4.05e-09	4.59e-05	9.98e-01	1.66e-03	0.00e+00	0.00e+00	0.00e+00	0.00e+00	1.23e-14	2.48e-14	5.10e-61
 1.37913e+14	4.51e-20	4.37e-14	4.54e-09	4.87e-05	9.98e-01	1.57e-03	0.00e+00	0.00e+00	0.00e+00	0.00e+00	1.45e-14	2.92e-14	9.18e-61
 1.42238e+14	5.67e-20	5.21e-14	5.14e-09	5.18e-05	9.98e-01	1.47e-03	0.00e+00	0.00e+00	0.00e+00	0.00e+00	1.72e-14	3.48e-14	1.73e-60
 1.47072e+14	7.25e-20	6.29e-14	5.88e-09	5.54e-05	9.99e-01	1.38e-03	0.00e+00	0.00e+00	0.00e+00	0.00e+00	2.08e-14	4.21e-14	3.42e-60
 1.51646e+14	9.07e-20	7.48e-14	6.64e-09	5.90e-05	9.99e-01	1.29e-03	0.00e+00	0.00e+00	0.00e+00	0.00e+00	2.47e-14	5.00e-14	6.35e-60
 1.56670e+14	1.15e-19	8.99e-14	7.56e-09	6.30e-05	9.99e-01	1.21e-03	0.00e+00	0.00e+00	0.00e+00	0.00e+00	2.97e-14	6.01e-14	1.23e-59
 1.62277e+14	1.49e-19	1.10e-13	8.70e-09	6.76e-05	9.99e-01	1.13e-03	0.00e+00	0.00e+00	0.00e+00	0.00e+00	3.62e-14	7.34e-14	2.53e-59
 1.67574e+14	1.86e-19	1.30e-13	9.90e-09	7.22e-05	9.99e-01	1.06e-03	0.00e+00	0.00e+00	0.00e+00	0.00e+00	4.31e-14	8.72e-14	4.68e-59
 1.73392e+14	2.41e-19	1.59e-13	1.13e-08	7.73e-05	9.99e-01	9.86e-04	0.00e+00	0.00e+00	0.00e+00	0.00e+00	5.26e-14	1.07e-13	9.68e-59
 1.79823e+14	3.12e-19	1.94e-13	1.31e-08	8.33e-05	9.99e-01	9.15e-04	0.00e+00	0.00e+00	0.00e+00	0.00e+00	6.40e-14	1.30e-13	1.96e-58
 1.85763e+14	3.96e-19	2.34e-13	1.49e-08	8.90e-05	9.99e-01	8.57e-04	0.00e+00	0.00e+00	0.00e+00	0.00e+00	7.72e-14	1.56e-13	3.86e-58
 1.92198e+14	5.03e-19	2.81e-13	1.71e-08	9.54e-05	9.99e-01	7.99e-04	0.00e+00	0.00e+00	0.00e+00	0.00e+00	9.28e-14	1.88e-13	7.46e-58
 1.99382e+14	6.59e-19	3.47e-13	1.98e-08	1.03e-04	9.99e-01	7.42e-04	0.00e+00	0.00e+00	0.00e+00	0.00e+00	1.14e-13	2.32e-13	1.59e-57
 2.06137e+14	8.31e-19	4.14e-13	2.27e-08	1.10e-04	9.99e-01	6.93e-04	0.00e+00	0.00e+00	0.00e+00	0.00e+00	1.37e-13	2.78e-13	3.02e-57
 2.13512e+14	1.07e-18	5.07e-13	2.61e-08	1.18e-04	9.99e-01	6.45e-04	0.00e+00	0.00e+00	0.00e+00	0.00e+00	1.67e-13	3.39e-13	6.23e-57
 2.21710e+14	1.39e-18	6.20e-13	3.03e-08	1.28e-04	9.99e-01	5.96e-04	0.00e+00	0.00e+00	0.00e+00	0.00e+00	2.05e-13	4.15e-13	1.28e-56
 2.29351e+14	1.78e-18	7.51e-13	3.47e-08	1.37e-04	9.99e-01	5.57e-04	0.00e+00	0.00e+00	0.00e+00	0.00e+00	2.48e-13	5.04e-13	2.56e-56
 2.37639e+14	2.26e-18	9.05e-13	4.01e-08	1.47e-04	9.99e-01	5.17e-04	0.00e+00	0.00e+00	0.00e+00	0.00e+00	2.99e-13	6.07e-13	4.98e-56
 2.46901e+14	2.98e-18	1.13e-12	4.67e-08	1.59e-04	9.99e-01	4.78e-04	0.00e+00	0.00e+00	0.00e+00	0.00e+00	3.71e-13	7.55e-13	1.09e-55
 2.55711e+14	3.76e-18	1.35e-12	5.38e-08	1.72e-04	9.99e-01	4.44e-04	0.00e+00	0.00e+00	0.00e+00	0.00e+00	4.45e-13	9.06e-13	2.08e-55
 2.65146e+14	4.88e-18	1.66e-12	6.22e-08	1.85e-04	9.99e-01	4.12e-04	0.00e+00	0.00e+00	0.00e+00	0.00e+00	5.47e-13	1.11e-12	4.39e-55
 2.75782e+14	6.34e-18	2.04e-12	7.28e-08	2.01e-04	9.99e-01	3.79e-04	0.00e+00	0.00e+00	0.00e+00	0.00e+00	6.71e-13	1.37e-12	9.09e-55
 2.86232e+14	8.23e-18	2.51e-12	8.45e-08	2.17e-04	9.99e-01	3.51e-04	0.00e+00	0.00e+00	0.00e+00	0.00e+00	8.27e-13	1.69e-12	1.92e-54
 2.97099e+14	1.05e-17	3.04e-12	9.83e-08	2.35e-04	9.99e-01	3.24e-04	0.00e+00	0.00e+00	0.00e+00	0.00e+00	1.00e-12	2.04e-12	3.79e-54
 3.09013e+14	1.38e-17	3.78e-12	1.15e-07	2.55e-04	9.99e-01	2.99e-04	0.00e+00	0.00e+00	0.00e+00	0.00e+00	1.24e-12	2.54e-12	8.29e-54
 3.20775e+14	1.76e-17	4.59e-12	1.34e-07	2.76e-04	9.99e-01	2.75e-04	0.00e+00	0.00e+00	0.00e+00	0.00e+00	1.51e-12	3.08e-12	1.65e-53
 3.30498e+14	2.15e-17	5.39e-12	1.51e-07	2.94e-04	9.99e-01	2.59e-04	0.00e+00	0.00e+00	0.00e+00	0.00e+00	1.77e-12	3.62e-12	2.93e-53
 3.38285e+14	2.52e-17	6.12e-12	1.66e-07	3.09e-04	9.99e-01	2.46e-04	0.00e+00	0.00e+00	0.00e+00	0.00e+00	2.01e-12	4.11e-12	4.60e-53
 3.46917e+14	2.98e-17	7.00e-12	1.84e-07	3.26e-04	9.99e-01	2.33e-04	0.00e+00	0.00e+00	0.00e+00	0.00e+00	2.30e-12	4.70e-12	7.45e-53
 3.58139e+14	3.67e-17	8.26e-12	2.09e-07	3.49e-04	9.99e-01	2.18e-04	0.00e+00	0.00e+00	0.00e+00	0.00e+00	2.71e-12	5.55e-12	1.35e-52
 3.70168e+14	4.54e-17	9.82e-12	2.39e-07	3.75e-04	9.99e-01	2.03e-04	0.00e+00	3.79e-18	1.14e-17	1.90e-17	3.22e-12	6.60e-12	2.50e-52
 3.80846e+14	5.47e-17	1.15e-11	2.68e-07	3.99e-04	9.99e-01	1.91e-04	0.00e+00	4.57e-18	1.37e-17	2.29e-17	3.76e-12	7.69e-12	4.34e-52
 3.92328e+14	6.62e-17	1.33e-11	3.02e-07	4.26e-04	9.99e-01	1.78e-04	0.00e+00	5.53e-18	1.66e-17	2.78e-17	4.38e-12	8.96e-12	7.48e-52
 4.06810e+14	8.35e-17	1.61e-11	3.50e-07	4.61e-04	9.99e-01	1.65e-04	0.00e+00	6.99e-18	2.10e-17	3.51e-17	5.29e-12	1.08e-11	1.48e-51
 4.21513e+14	1.05e-16	1.94e-11	4.04e-07	4.99e-04	9.99e-01	1.52e-04	0.00e+00	8.80e-18	2.64e-17	4.42e-17	6.37e-12	1.30e-11	2.89e-51
 4.34121e+14	1.28e-16	2.27e-11	4.55e-07	5.32e-04	9.99e-01	1.43e-04	0.00e+00	1.07e-17	3.21e-17	5.36e-17	7.45e-12	1.53e-11	5.12e-51
 4.47683e+14	1.54e-16	2.66e-11	5.15e-07	5.69e-04	9.99e-01	1.34e-04	0.00e+00	1.29e-17	3.88e-17	6.48e-17	8.72e-12	1.79e-11	9.05e-51
 4.64470e+14	1.96e-16	3.22e-11	5.98e-07	6.18e-04	9.99e-01	1.23e-04	0.00e+00	1.64e-17	4.93e-17	8.24e-17	1.06e-11	2.17e-11	1.83e-50
 4.81553e+14	2.47e-16	3.90e-11	6.92e-07	6.70e-04	9.99e-01	1.14e-04	0.00e+00	2.07e-17	6.22e-17	1.04e-16	1.28e-11	2.62e-11	3.65e-50
 4.96612e+14	2.99e-16	4.57e-11	7.84e-07	7.18e-04	9.99e-01	1.06e-04	0.00e+00	2.52e-17	7.56e-17	1.26e-16	1.50e-11	3.07e-11	6.56e-50
 5.12936e+14	3.63e-16	5.38e-11	8.93e-07	7.71e-04	9.99e-01	9.88e-05	0.00e+00	3.05e-17	9.17e-17	1.53e-16	1.76e-11	3.61e-11	1.19e-49
 5.32620e+14	4.63e-16	6.55e-11	1.04e-06	8.41e-04	9.99e-01	9.08e-05	0.00e+00	3.91e-17	1.17e-16	1.96e-16	2.15e-11	4.40e-11	2.48e-49
 5.52160e+14	5.83e-16	7.91e-11	1.20e-06	9.11e-04	9.99e-01	8.38e-05	0.00e+00	4.92e-17	1.48e-16	2.47e-16	2.60e-11	5.32e-11	5.02e-49
 5.69609e+14	7.00e-16	9.25e-11	1.36e-06	9.76e-04	9.99e-01	7.83e-05	0.00e+00	5.91e-17	1.78e-16	2.96e-16	3.03e-11	6.21e-11	8.98e-49
 5.88856e+14	8.71e-16	1.10e-10	1.56e-06	1.05e-03	9.99e-01	7.26e-05	0.00e+00	7.37e-17	2.21e-16	3.69e-16	3.62e-11	7.41e-11	1.75e-48
 6.11744e+14	1.11e-15	1.34e-10	1.82e-06	1.15e-03	9.99e-01	6.66e-05	0.00e+00	9.36e-17	2.81e-16	4.69e-16	4.41e-11	9.02e-11	3.68e-48
 6.34462e+14	1.39e-15	1.62e-10	2.11e-06	1.25e-03	9.99e-01	6.15e-05	0.00e+00	1.18e-16	3.55e-16	5.92e-16	5.33e-11	1.09e-10	7.60e-48
 6.55352e+14	1.68e-15	1.91e-10	2.40e-06	1.34e-03	9.99e-01	5.72e-05	0.00e+00	1.43e-16	4.28e-16	7.15e-16	6.27e-11	1.28e-10	1.40e-47
 6.78767e+14	2.14e-15	2.31e-10	2.76e-06	1.45e-03	9.98e-01	5.29e-05	0.00e+00	1.82e-16	5.46e-16	9.12e-16	7.59e-11	1.55e-10	2.95e-47
 7.05857e+14	2.72e-15	2.83e-10	3.23e-06	1.58e-03	9.98e-01	4.85e-05	0.00e+00	2.32e-16	6.96e-16	1.16e-15	9.30e-11	1.90e-10	6.52e-47
 7.32463e+14	3.45e-15	3.44e-10	3.75e-06	1.72e-03	9.98e-01	4.47e-05	0.00e+00	2.94e-16	8.82e-16	1.47e-15	1.13e-10	2.31e-10	1.40e-46
 7.60134e+14	4.36e-15	4.18e-10	4.35e-06	1.87e-03	9.98e-01	4.11e-05	0.00e+00	3.72e-16	1.12e-15	1.87e-15	1.37e-10	2.80e-10	3.02e-46
 7.85356e+14	5.34e-15	4.95e-10	4.95e-06	2.02e-03	9.98e-01	3.83e-05	0.00e+00	4.57e-16	1.37e-15	2.29e-15	1.63e-10	3.32e-10	5.94e-46
 8.03927e+14	6.26e-15	5.61e-10	5.43e-06	2.12e-03	9.98e-01	3.63e-05	0.00e+00	5.35e-16	1.61e-15	2.68e-15	1.85e-10	3.77e-10	9.79e-46
 8.22940e+14	7.27e-15	6.35e-10	5.97e-06	2.24e-03	9.98e-01	3.45e-05	0.00e+00	6.22e-16	1.87e-15	3.12e-15	2.09e-10	4.26e-10	1.60e-45
 8.47657e+14	8.59e-15	7.35e-10	6.71e-06	2.39e-03	9.98e-01	3.24e-05	0.00e+00	7.36e-16	2.21e-15	3.69e-15	2.42e-10	4.94e-10	2.86e-45
 8.74772e+14	1.08e-14	8.79e-10	7.61e-06	2.57e-03	9.97e-01	3.02e-05	0.00e+00	9.24e-16	2.77e-15	4.63e-15	2.89e-10	5.90e-10	5.87e-45
 8.99519e+14	1.28e-14	1.02e-09	8.51e-06	2.73e-03	9.97e-01	2.84e-05	0.00e+00	1.10e-15	3.31e-15	5.52e-15	3.35e-10	6.84e-10	1.06e-44
 9.26204e+14	1.52e-14	1.18e-09	9.55e-06	2.92e-03	9.97e-01	2.67e-05	0.00e+00	1.31e-15	3.93e-15	6.56e-15	3.88e-10	7.92e-10	1.90e-44
 9.60128e+14	1.95e-14	1.44e-09	1.10e-05	3.16e-03	9.97e-01	2.46e-05	0.00e+00	1.68e-15	5.04e-15	8.42e-15	4.75e-10	9.68e-10	4.27e-44
 9.94204e+14	2.40e-14	1.72e-09	1.27e-05	3.42e-03	9.97e-01	2.29e-05	0.00e+00	2.07e-15	6.21e-15	1.04e-14	5.68e-10	1.16e-09	8.62e-44
 1.02270e+15	2.90e-14	2.01e-09	1.42e-05	3.64e-03	9.96e-01	2.15e-05	0.00e+00	2.50e-15	7.50e-15	1.25e-14	6.63e-10	1.35e-09	1.60e-43
 1.05319e+15	3.51e-14	2.36e-09	1.59e-05	3.89e-03	9.96e-01	2.02e-05	0.00e+00	3.03e-15	9.10e-15	1.52e-14	7.77e-10	1.58e-09	3.03e-43
 1.09185e+15	4.53e-14	2.90e-09	1.84e-05	4.21e-03	9.96e-01	1.87e-05	0.00e+00	3.92e-15	1.18e-14	1.96e-14	9.55e-10	1.94e-09	6.90e-43
 1.13245e+15	5.65e-14	3.49e-09	2.13e-05	4.56e-03	9.95e-01	1.73e-05	0.00e+00	4.89e-15	1.47e-14	2.45e-14	1.15e-09	2.34e-09	1.47e-42
 1.16883e+15	6.98e-14	4.16e-09	2.41e-05	4.90e-03	9.95e-01	1.62e-05	0.00e+00	6.05e-15	1.82e-14	3.03e-14	1.37e-09	2.79e-09	2.93e-42
 1.20841e+15	8.70e-14	4.99e-09	2.75e-05	5.27e-03	9.95e-01	1.51e-05	0.00e+00	7.55e-15	2.27e-14	3.78e-14	1.65e-09	3.35e-09	6.03e-42
 1.25541e+15	1.16e-13	6.27e-09	3.20e-05	5.74e-03	9.94e-01	1.40e-05	0.00e+00	1.01e-14	3.03e-14	5.05e-14	2.07e-09	4.20e-09	1.49e-41
 1.30170e+15	1.46e-13	7.63e-09	3.70e-05	6.21e-03	9.94e-01	1.30e-05	0.00e+00	1.27e-14	3.83e-14	6.38e-14	2.52e-09	5.11e-09	3.21e-41
 1.34379e+15	1.82e-13	9.12e-09	4.20e-05	6.67e-03	9.93e-01	1.22e-05	0.00e+00	1.58e-14	4.75e-14	7.93e-14	3.01e-09	6.11e-09	6.44e-41
 1.39077e+15	2.24e-13	1.09e-08	4.81e-05	7.19e-03	9.93e-01	1.14e-05	0.00e+00	1.95e-14	5.87e-14	9.79e-14	3.60e-09	7.30e-09	1.28e-40
 1.44568e+15	2.97e-13	1.37e-08	5.61e-05	7.83e-03	9.92e-01	1.05e-05	0.00e+00	2.59e-14	7.78e-14	1.30e-13	4.53e-09	9.18e-09	3.16e-40
 1.49983e+15	3.83e-13	1.69e-08	6.50e-05	8.48e-03	9.91e-01	9.83e-06	0.00e+00	3.35e-14	1.00e-13	1.68e-13	5.58e-09	1.13e-08	7.01e-40
 1.55097e+15	4.81e-13	2.04e-08	7.43e-05	9.13e-03	9.91e-01	9.23e-06	0.00e+00	4.21e-14	1.26e-13	2.11e-13	6.75e-09	1.37e-08	1.45e-39
 1.60786e+15	6.02e-13	2.47e-08	8.57e-05	9.87e-03	9.90e-01	8.63e-06	0.00e+00	5.27e-14	1.58e-13	2.64e-13	8.16e-09	1.65e-08	2.98e-39
 1.67221e+15	8.13e-13	3.15e-08	1.00e-04	1.08e-02	9.89e-01	8.03e-06	0.00e+00	7.13e-14	2.14e-13	3.57e-13	1.04e-08	2.11e-08	7.58e-39
 1.72617e+15	1.01e-12	3.77e-08	1.14e-04	1.15e-02	9.88e-01	7.59e-06	0.00e+00	8.89e-14	2.67e-13	4.45e-13	1.25e-08	2.53e-08	1.50e-38
 1.76497e+15	1.18e-12	4.29e-08	1.24e-04	1.21e-02	9.88e-01	7.30e-06	0.00e+00	1.04e-13	3.11e-13	5.19e-13	1.42e-08	2.87e-08	2.42e-38
 1.80554e+15	1.38e-12	4.88e-08	1.36e-04	1.27e-02	9.87e-01	7.02e-06	0.00e+00	1.21e-13	3.64e-13	6.07e-13	1.62e-08	3.27e-08	3.94e-38
 1.85827e+15	1.64e-12	5.67e-08	1.53e-04	1.35e-02	9.86e-01	6.68e-06	0.00e+00	1.44e-13	4.33e-13	7.23e-13	1.88e-08	3.80e-08	6.68e-38
 1.91718e+15	2.08e-12	6.89e-08	1.73e-04	1.45e-02	9.85e-01	6.34e-06	0.00e+00	1.83e-13	5.50e-13	9.17e-13	2.28e-08	4.61e-08	1.40e-37
 1.97222e+15	2.54e-12	8.13e-08	1.94e-04	1.54e-02	9.84e-01	6.06e-06	0.00e+00	2.23e-13	6.70e-13	1.12e-12	2.69e-08	5.44e-08	2.54e-37
 2.03189e+15	3.05e-12	9.51e-08	2.19e-04	1.64e-02	9.83e-01	5.78e-06	0.00e+00	2.69e-13	8.07e-13	1.35e-12	3.15e-08	6.36e-08	4.46e-37
 2.09911e+15	3.91e-12	1.17e-07	2.49e-04	1.76e-02	9.82e-01	5.50e-06	0.00e+00	3.45e-13	1.04e-12	1.73e-12	3.87e-08	7.81e-08	9.57e-37
 2.16284e+15	4.77e-12	1.38e-07	2.81e-04	1.87e-02	9.81e-01	5.26e-06	0.00e+00	4.21e-13	1.26e-12	2.11e-12	4.58e-08	9.26e-08	1.76e-36
 2.23237e+15	5.85e-12	1.64e-07	3.19e-04	2.00e-02	9.80e-01	5.02e-06	0.00e+00	5.17e-13	1.55e-12	2.59e-12	5.44e-08	1.10e-07	3.24e-36
 2.31042e+15	7.61e-12	2.04e-07	3.66e-04	2.16e-02	9.78e-01	4.79e-06	0.00e+00	6.73e-13	2.02e-12	3.37e-12	6.77e-08	1.37e-07	7.21e-36
 2.38433e+15	9.37e-12	2.45e-07	4.16e-04	2.31e-02	9.76e-01	4.59e-06	0.00e+00	8.29e-13	2.49e-12	4.15e-12	8.11e-08	1.64e-07	1.36e-35
 2.46520e+15	1.16e-11	2.94e-07	4.75e-04	2.48e-02	9.75e-01	4.39e-06	0.00e+00	1.03e-12	3.10e-12	5.16e-12	9.73e-08	1.96e-07	2.56e-35
 2.55515e+15	1.53e-11	3.70e-07	5.50e-04	2.68e-02	9.73e-01	4.21e-06	0.00e+00	1.36e-12	4.08e-12	6.81e-12	1.22e-07	2.47e-07	5.80e-35
 2.63844e+15	1.90e-11	4.45e-07	6.26e-04	2.87e-02	9.71e-01	4.05e-06	0.00e+00	1.69e-12	5.06e-12	8.44e-12	1.47e-07	2.97e-07	1.10e-34
 2.72825e+15	2.37e-11	5.34e-07	7.17e-04	3.08e-02	9.69e-01	3.90e-06	0.00e+00	2.10e-12	6.31e-12	1.05e-11	1.77e-07	3.57e-07	2.04e-34
 2.82882e+15	3.12e-11	6.75e-07	8.31e-04	3.33e-02	9.66e-01	3.76e-06	0.00e+00	2.78e-12	8.33e-12	1.39e-11	2.24e-07	4.51e-07	4.67e-34
 2.92300e+15	3.89e-11	8.16e-07	9.49e-04	3.57e-02	9.63e-01	3.63e-06	0.00e+00	3.46e-12	1.04e-11	1.73e-11	2.71e-07	5.45e-07	8.86e-34
 3.02510e+15	4.88e-11	9.87e-07	1.09e-03	3.84e-02	9.61e-01	3.51e-06	0.00e+00	4.34e-12	1.30e-11	2.17e-11	3.27e-07	6.59e-07	1.66e-33
 3.13920e+15	6.46e-11	1.26e-06	1.27e-03	4.16e-02	9.57e-01	3.40e-06	0.00e+00	5.76e-12	1.73e-11	2.88e-11	4.16e-07	8.39e-07	3.85e-33
 3.24624e+15	8.15e-11	1.53e-06	1.46e-03	4.47e-02	9.54e-01	3.30e-06	0.00e+00	7.27e-12	2.18e-11	3.64e-11	5.09e-07	1.02e-06	7.49e-33
 3.34457e+15	9.98e-11	1.83e-06	1.65e-03	4.76e-02	9.51e-01	3.22e-06	0.00e+00	8.91e-12	2.67e-11	4.46e-11	6.06e-07	1.22e-06	1.32e-32
 3.45426e+15	1.24e-10	2.19e-06	1.88e-03	5.10e-02	9.47e-01	3.14e-06	0.00e+00	1.11e-11	3.32e-11	5.54e-11	7.26e-07	1.46e-06	2.37e-32
 3.57813e+15	1.61e-10	2.75e-06	2.18e-03	5.51e-02	9.43e-01	3.06e-06	0.00e+00	1.44e-11	4.33e-11	7.22e-11	9.14e-07	1.84e-06	5.21e-32
 3.69434e+15	2.02e-10	3.34e-06	2.49e-03	5.90e-02	9.39e-01	3.00e-06	0.00e+00	1.81e-11	5.42e-11	9.04e-11	1.11e-06	2.23e-06	9.66e-32
 3.79263e+15	2.43e-10	3.92e-06	2.78e-03	6.24e-02	9.35e-01	2.96e-06	0.00e+00	2.18e-11	6.52e-11	1.09e-10	1.30e-06	2.62e-06	1.61e-31
 3.89367e+15	2.94e-10	4.60e-06	3.10e-03	6.61e-02	9.31e-01	2.91e-06	0.00e+00	2.63e-11	7.90e-11	1.32e-10	1.53e-06	3.07e-06	2.69e-31
 4.00758e+15	3.56e-10	5.39e-06	3.50e-03	7.02e-02	9.26e-01	2.85e-06	0.00e+00	3.19e-11	9.58e-11	1.60e-10	1.79e-06	3.60e-06	4.36e-31
 4.13821e+15	4.60e-10	6.69e-06	4.01e-03	7.54e-02	9.21e-01	2.81e-06	0.00e+00	4.12e-11	1.24e-10	2.06e-10	2.22e-06	4.47e-06	8.90e-31
 4.26756e+15	5.62e-10	7.92e-06	4.56e-03	8.05e-02	9.15e-01	2.76e-06	0.00e+00	5.04e-11	1.51e-10	2.52e-10	2.63e-06	5.29e-06	1.46e-30
 4.37559e+15	6.83e-10	9.41e-06	5.08e-03	8.52e-02	9.10e-01	2.73e-06	0.00e+00	6.13e-11	1.84e-10	3.07e-10	3.13e-06	6.29e-06	2.57e-30
 4.49637e+15	8.32e-10	1.11e-05	5.71e-03	9.04e-02	9.04e-01	2.69e-06	0.00e+00	7.48e-11	2.25e-10	3.74e-10	3.69e-06	7.42e-06	4.23e-30
 4.65338e+15	1.09e-09	1.39e-05	6.64e-03	9.76e-02	8.96e-01	2.66e-06	0.00e+00	9.80e-11	2.94e-10	4.90e-10	4.61e-06	9.26e-06	8.56e-30
 4.81140e+15	1.37e-09	1.70e-05	7.66e-03	1.05e-01	8.87e-01	2.61e-06	0.00e+00	1.24e-10	3.71e-10	6.19e-10	5.64e-06	1.13e-05	1.54e-29
 4.93728e+15	1.65e-09	1.97e-05	8.57e-03	1.11e-01	8.80e-01	2.58e-06	0.00e+00	1.49e-10	4.47e-10	7.45e-10	6.56e-06	1.32e-05	2.40e-29
 5.06747e+15	2.01e-09	2.33e-05	9.62e-03	1.18e-01	8.73e-01	2.55e-06	0.00e+00	1.81e-10	5.44e-10	9.08e-10	7.74e-06	1.55e-05	3.84e-29
 5.23673e+15	2.66e-09	2.94e-05	1.12e-02	1.27e-01	8.62e-01	2.53e-06	0.00e+00	2.41e-10	7.21e-10	1.20e-09	9.78e-06	1.96e-05	7.96e-29
 5.40953e+15	3.38e-09	3.60e-05	1.29e-02	1.36e-01	8.51e-01	2.49e-06	0.00e+00	3.06e-10	9.17e-10	1.53e-09	1.20e-05	2.40e-05	1.40e-28
 5.55223e+15	4.11e-09	4.21e-05	1.45e-02	1.44e-01	8.41e-01	2.47e-06	0.00e+00	3.72e-10	1.12e-09	1.86e-09	1.40e-05	2.81e-05	2.18e-28
 5.70304e+15	5.09e-09	5.03e-05	1.65e-02	1.54e-01	8.30e-01	2.44e-06	0.00e+00	4.61e-10	1.38e-09	2.31e-09	1.67e-05	3.35e-05	3.63e-28
 5.86929e+15	6.60e-09	6.24e-05	1.89e-02	1.64e-01	8.17e-01	2.43e-06	0.00e+00	5.99e-10	1.80e-09	2.99e-09	2.08e-05	4.17e-05	7.03e-28
 6.01908e+15	8.13e-09	7.40e-05	2.13e-02	1.74e-01	8.05e-01	2.40e-06	0.00e+00	7.38e-10	2.21e-09	3.69e-09	2.46e-05	4.94e-05	1.13e-27
 6.17727e+15	1.01e-08	8.82e-05	2.41e-02	1.85e-01	7.91e-01	2.37e-06	0.00e+00	9.16e-10	2.75e-09	4.58e-09	2.93e-05	5.88e-05	1.83e-27
 6.34914e+15	1.26e-08	1.05e-04	2.75e-02	1.97e-01	7.76e-01	2.34e-06	0.00e+00	1.14e-09	3.43e-09	5.72e-09	3.49e-05	7.01e-05	2.93e-27
 6.50428e+15	1.59e-08	1.28e-04	3.12e-02	2.09e-01	7.60e-01	2.34e-06	0.00e+00	1.45e-09	4.35e-09	7.25e-09	4.26e-05	8.53e-05	5.27e-27
 6.62695e+15	1.87e-08	1.46e-04	3.42e-02	2.18e-01	7.48e-01	2.32e-06	0.00e+00	1.70e-09	5.10e-09	8.50e-09	4.85e-05	9.73e-05	7.47e-27
 6.74192e+15	2.20e-08	1.66e-04	3.74e-02	2.27e-01	7.36e-01	2.31e-06	0.00e+00	2.00e-09	6.01e-09	1.00e-08	5.53e-05	1.11e-04	1.08e-26
 6.89139e+15	2.66e-08	1.92e-04	4.19e-02	2.38e-01	7.19e-01	2.28e-06	0.00e+00	2.43e-09	7.29e-09	1.21e-08	6.39e-05	1.28e-04	1.56e-26
 7.05759e+15	3.44e-08	2.36e-04	4.78e-02	2.53e-01	6.99e-01	2.27e-06	0.00e+00	3.14e-09	9.42e-09	1.57e-08	7.87e-05	1.58e-04	2.88e-26
 7.20961e+15	4.18e-08	2.76e-04	5.35e-02	2.66e-01	6.81e-01	2.25e-06	0.00e+00	3.82e-09	1.14e-08	1.91e-08	9.19e-05	1.84e-04	4.29e-26
 7.34243e+15	4.95e-08	3.15e-04	5.91e-02	2.77e-01	6.64e-01	2.23e-06	0.00e+00	4.53e-09	1.36e-08	2.26e-08	1.05e-04	2.10e-04	6.06e-26
 7.48621e+15	6.04e-08	3.68e-04	6.60e-02	2.90e-01	6.43e-01	2.21e-06	0.00e+00	5.53e-09	1.66e-08	2.76e-08	1.23e-04	2.46e-04	9.28e-26
 7.63923e+15	7.74e-08	4.49e-04	7.46e-02	3.05e-01	6.20e-01	2.21e-06	0.00e+00	7.09e-09	2.13e-08	3.55e-08	1.50e-04	2.99e-04	1.68e-25
 7.77153e+15	9.28e-08	5.19e-04	8.25e-02	3.17e-01	6.00e-01	2.19e-06	0.00e+00	8.51e-09	2.55e-08	4.26e-08	1.73e-04	3.46e-04	2.47e-25
 7.89063e+15	1.10e-07	5.93e-04	9.05e-02	3.29e-01	5.80e-01	2.18e-06	0.00e+00	1.01e-08	3.04e-08	5.07e-08	1.98e-04	3.96e-04	3.59e-25
 8.02530e+15	1.35e-07	6.94e-04	1.01e-01	3.42e-01	5.57e-01	2.17e-06	0.00e+00	1.24e-08	3.73e-08	6.22e-08	2.31e-04	4.63e-04	5.59e-25
 8.16868e+15	1.63e-07	7.93e-04	1.12e-01	3.55e-01	5.32e-01	2.14e-06	0.00e+00	1.50e-08	4.50e-08	7.49e-08	2.64e-04	5.29e-04	7.80e-25
 8.32340e+15	2.13e-07	9.82e-04	1.27e-01	3.71e-01	5.01e-01	2.13e-06	0.00e+00	1.96e-08	5.88e-08	9.80e-08	3.27e-04	6.55e-04	1.50e-24
 8.48041e+15	2.62e-07	1.14e-03	1.43e-01	3.85e-01	4.71e-01	2.10e-06	0.00e+00	2.41e-08	7.24e-08	1.21e-07	3.79e-04	7.58e-04	2.16e-24
 8.61386e+15	3.29e-07	1.37e-03	1.60e-01	3.97e-01	4.42e-01	2.09e-06	0.00e+00	3.04e-08	9.10e-08	1.52e-07	4.56e-04	9.12e-04	3.81e-24
 8.73506e+15	4.08e-07	1.60e-03	1.76e-01	4.08e-01	4.14e-01	2.09e-06	0.00e+00	3.77e-08	1.13e-07	1.88e-07	5.34e-04	1.07e-03	6.19e-24
 8.84520e+15	4.86e-07	1.83e-03	1.92e-01	4.17e-01	3.89e-01	2.07e-06	0.00e+00	4.49e-08	1.35e-07	2.24e-07	6.10e-04	1.22e-03	9.16e-24
 8.94837e+15	5.78e-07	2.08e-03	2.09e-01	4.25e-01	3.64e-01	2.05e-06	0.00e+00	5.34e-08	1.60e-07	2.67e-07	6.94e-04	1.39e-03	1.35e-23
 9.04487e+15	6.78e-07	2.33e-03	2.25e-01	4.32e-01	3.41e-01	2.03e-06	0.00e+00	6.27e-08	1.88e-07	3.13e-07	7.76e-04	1.55e-03	1.88e-23
 9.15105e+15	7.98e-07	2.61e-03	2.45e-01	4.38e-01	3.15e-01	1.98e-06	0.00e+00	7.38e-08	2.21e-07	3.69e-07	8.71e-04	1.74e-03	2.64e-23
 9.28908e+15	1.04e-06	3.20e-03	2.74e-01	4.45e-01	2.78e-01	1.94e-06	0.00e+00	9.66e-08	2.90e-07	4.82e-07	1.07e-03	2.13e-03	5.21e-23
 9.40678e+15	1.29e-06	3.71e-03	3.00e-01	4.48e-01	2.48e-01	1.90e-06	0.00e+00	1.19e-07	3.58e-07	5.97e-07	1.24e-03	2.47e-03	8.47e-23
 9.46683e+15	1.46e-06	4.04e-03	3.15e-01	4.49e-01	2.32e-01	1.89e-06	0.00e+00	1.35e-07	4.05e-07	6.75e-07	1.35e-03	2.69e-03	1.15e-22
 9.50577e+15	1.57e-06	4.26e-03	3.25e-01	4.50e-01	2.22e-01	1.88e-06	0.00e+00	1.46e-07	4.36e-07	7.27e-07	1.42e-03	2.84e-03	1.37e-22
 9.54849e+15	1.71e-06	4.51e-03	3.36e-01	4.50e-01	2.10e-01	1.85e-06	0.00e+00	1.59e-07	4.76e-07	7.94e-07	1.51e-03	3.01e-03	1.69e-22
 9.60402e+15	1.88e-06	4.78e-03	3.49e-01	4.50e-01	1.96e-01	1.81e-06	0.00e+00	1.74e-07	5.23e-07	8.71e-07	1.59e-03	3.18e-03	2.01e-22
 9.67622e+15	2.19e-06	5.35e-03	3.70e-01	4.48e-01	1.77e-01	1.74e-06	0.00e+00	2.04e-07	6.11e-07	1.02e-06	1.78e-03	3.56e-03	3.08e-22
 9.74246e+15	2.46e-06	5.74e-03	3.87e-01	4.46e-01	1.61e-01	1.69e-06	0.00e+00	2.29e-07	6.88e-07	1.15e-06	1.91e-03	3.82e-03	3.91e-22
 9.79280e+15	2.75e-06	6.16e-03	4.02e-01	4.44e-01	1.48e-01	1.65e-06	0.00e+00	2.56e-07	7.68e-07	1.28e-06	2.06e-03	4.11e-03	5.10e-22
 9.84161e+15	3.05e-06	6.59e-03	4.16e-01	4.41e-01	1.36e-01	1.60e-06	0.00e+00	2.84e-07	8.52e-07	1.42e-06	2.20e-03	4.39e-03	6.59e-22
 9.89659e+15	3.43e-06	7.10e-03	4.32e-01	4.37e-01	1.23e-01	1.53e-06	0.00e+00	3.20e-07	9.59e-07	1.60e-06	2.37e-03	4.73e-03	8.73e-22
 9.95485e+15	3.89e-06	7.67e-03	4.50e-01	4.32e-01	1.10e-01	1.45e-06	0.00e+00	3.64e-07	1.09e-06	1.82e-06	2.56e-03	5.11e-03	1.18e-21
 1.00039e+16	4.37e-06	8.21e-03	4.65e-01	4.28e-01	9.95e-02	1.39e-06	0.00e+00	4.09e-07	1.22e-06	2.04e-06	2.74e-03	5.47e-03	1.56e-21
 1.00457e+16	4.82e-06	8.70e-03	4.77e-01	4.23e-01	9.07e-02	1.33e-06	0.00e+00	4.51e-07	1.35e-06	2.25e-06	2.91e-03	5.80e-03	1.97e-21
 1.00914e+16	5.37e-06	9.26e-03	4.92e-01	4.18e-01	8.13e-02	1.26e-06	0.00e+00	5.02e-07	1.51e-06	2.51e-06	3.09e-03	6.17e-03	2.54e-21
 1.01427e+16	6.05e-06	9.90e-03	5.07e-01	4.11e-01	7.18e-02	1.17e-06	0.00e+00	5.67e-07	1.70e-06	2.83e-06	3.30e-03	6.59e-03	3.35e-21
 1.01902e+16	6.81e-06	1.05e-02	5.21e-01	4.05e-01	6.34e-02	1.08e-06	0.00e+00	6.39e-07	1.92e-06	3.19e-06	3.52e-03	7.02e-03	4.39e-21
