#depth	N	N+	N+2	N+3	N+4	N+5	N+6	N+7
 1.49634e+10	6.58e-46	1.82e-35	5.83e-26	4.33e-17	3.69e-09	9.87e-01	1.34e-02	0.00e+00
 4.54887e+10	0.00e+00	2.53e-35	7.47e-26	5.12e-17	4.02e-09	9.88e-01	1.24e-02	7.60e-08
 7.72350e+10	1.50e-45	3.53e-35	9.58e-26	6.05e-17	4.37e-09	9.89e-01	1.14e-02	0.00e+00
 1.10251e+11	0.00e+00	4.91e-35	1.23e-25	7.15e-17	4.76e-09	9.90e-01	1.04e-02	0.00e+00
 1.41997e+11	3.32e-45	6.68e-35	1.55e-25	8.35e-17	5.15e-09	9.90e-01	9.65e-03	0.00e+00
 1.71411e+11	0.00e+00	8.79e-35	1.91e-25	9.59e-17	5.52e-09	9.91e-01	8.99e-03	0.00e+00
 2.04591e+11	6.83e-45	1.19e-34	2.40e-25	1.12e-16	5.97e-09	9.92e-01	8.32e-03	0.00e+00
 2.42701e+11	0.00e+00	1.66e-34	3.08e-25	1.32e-16	6.50e-09	9.92e-01	7.64e-03	0.00e+00
 2.80766e+11	1.55e-44	2.29e-34	3.93e-25	1.56e-16	7.06e-09	9.93e-01	7.03e-03	0.00e+00
 3.20352e+11	0.00e+00	3.17e-34	5.02e-25	1.84e-16	7.67e-09	9.94e-01	6.48e-03	0.00e+00
 3.63093e+11	3.53e-44	4.44e-34	6.48e-25	2.18e-16	8.36e-09	9.94e-01	5.94e-03	0.00e+00
 4.06621e+11	0.00e+00	6.17e-34	8.32e-25	2.58e-16	9.11e-09	9.95e-01	5.45e-03	0.00e+00
 4.47233e+11	7.72e-44	8.32e-34	1.04e-24	3.00e-16	9.83e-09	9.95e-01	5.05e-03	0.00e+00
 4.84724e+11	0.00e+00	1.09e-33	1.28e-24	3.44e-16	1.05e-08	9.95e-01	4.71e-03	0.00e+00
 5.27548e+11	1.56e-43	1.46e-33	1.60e-24	4.00e-16	1.14e-08	9.96e-01	4.36e-03	0.00e+00
 5.77751e+11	0.00e+00	2.05e-33	2.06e-24	4.75e-16	1.24e-08	9.96e-01	4.00e-03	0.00e+00
 6.27485e+11	3.53e-43	2.82e-33	2.63e-24	5.60e-16	1.35e-08	9.96e-01	3.68e-03	0.00e+00
 6.74109e+11	0.00e+00	3.77e-33	3.28e-24	6.50e-16	1.46e-08	9.97e-01	3.41e-03	0.00e+00
 7.25903e+11	7.50e-43	5.16e-33	4.16e-24	7.63e-16	1.58e-08	9.97e-01	3.14e-03	0.00e+00
 7.84866e+11	0.00e+00	7.28e-33	5.41e-24	9.11e-16	1.73e-08	9.97e-01	2.87e-03	0.00e+00
 8.43023e+11	1.73e-42	1.01e-32	6.94e-24	1.08e-15	1.88e-08	9.97e-01	2.64e-03	0.00e+00
 9.03508e+11	0.00e+00	1.40e-32	8.91e-24	1.28e-15	2.06e-08	9.98e-01	2.42e-03	0.00e+00
 9.69575e+11	3.99e-42	1.98e-32	1.16e-23	1.53e-15	2.25e-08	9.98e-01	2.21e-03	0.00e+00
 1.03611e+12	0.00e+00	2.78e-32	1.50e-23	1.82e-15	2.46e-08	9.98e-01	2.02e-03	0.00e+00
 1.10530e+12	9.20e-42	3.89e-32	1.94e-23	2.17e-15	2.70e-08	9.98e-01	1.84e-03	0.00e+00
 1.17664e+12	0.00e+00	5.43e-32	2.51e-23	2.59e-15	2.95e-08	9.98e-01	1.69e-03	0.00e+00
 1.24634e+12	2.06e-41	7.45e-32	3.19e-23	3.05e-15	3.21e-08	9.98e-01	1.55e-03	0.00e+00
 1.32164e+12	0.00e+00	1.03e-31	4.11e-23	3.63e-15	3.51e-08	9.99e-01	1.42e-03	0.00e+00
 1.40443e+12	4.74e-41	1.46e-31	5.37e-23	4.36e-15	3.86e-08	9.99e-01	1.29e-03	0.00e+00
 1.49054e+12	0.00e+00	2.07e-31	7.02e-23	5.25e-15	4.25e-08	9.99e-01	1.17e-03	0.00e+00
 1.58008e+12	1.12e-40	2.93e-31	9.18e-23	6.32e-15	4.68e-08	9.99e-01	1.06e-03	0.00e+00
 1.67321e+12	0.00e+00	4.14e-31	1.20e-22	7.61e-15	5.16e-08	9.99e-01	9.66e-04	0.00e+00
 1.75731e+12	2.47e-40	5.59e-31	1.52e-22	8.95e-15	5.62e-08	9.99e-01	8.88e-04	0.00e+00
 1.82714e+12	0.00e+00	7.12e-31	1.83e-22	1.02e-14	6.02e-08	9.99e-01	8.30e-04	0.00e+00
 1.90354e+12	4.55e-40	9.19e-31	2.23e-22	1.17e-14	6.47e-08	9.99e-01	7.71e-04	0.00e+00
 2.00062e+12	0.00e+00	1.26e-30	2.85e-22	1.39e-14	7.08e-08	9.99e-01	7.05e-04	0.00e+00
 2.10205e+12	9.81e-40	1.72e-30	3.65e-22	1.66e-14	7.76e-08	9.99e-01	6.44e-04	0.00e+00
 2.19163e+12	0.00e+00	2.25e-30	4.50e-22	1.92e-14	8.40e-08	9.99e-01	5.96e-04	0.00e+00
 2.27459e+12	1.82e-39	2.86e-30	5.42e-22	2.19e-14	9.01e-08	9.99e-01	5.55e-04	0.00e+00
 2.36868e+12	0.00e+00	3.71e-30	6.66e-22	2.54e-14	9.74e-08	9.99e-01	5.14e-04	0.00e+00
 2.48526e+12	3.65e-39	5.07e-30	8.52e-22	3.02e-14	1.07e-07	1.00e+00	4.69e-04	0.00e+00
 2.60166e+12	0.00e+00	6.82e-30	1.08e-21	3.58e-14	1.17e-07	1.00e+00	4.28e-04	0.00e+00
 2.70151e+12	7.04e-39	8.72e-30	1.31e-21	4.11e-14	1.26e-07	1.00e+00	3.98e-04	0.00e+00
 2.80929e+12	0.00e+00	1.13e-29	1.60e-21	4.75e-14	1.36e-07	1.00e+00	3.68e-04	0.00e+00
 2.94257e+12	1.38e-38	1.52e-29	2.04e-21	5.66e-14	1.50e-07	1.00e+00	3.36e-04	0.00e+00
 3.07953e+12	0.00e+00	2.05e-29	2.59e-21	6.71e-14	1.64e-07	1.00e+00	3.06e-04	0.00e+00
 3.20350e+12	2.69e-38	2.66e-29	3.18e-21	7.79e-14	1.78e-07	1.00e+00	2.82e-04	0.00e+00
 3.34008e+12	0.00e+00	3.49e-29	3.95e-21	9.13e-14	1.94e-07	1.00e+00	2.59e-04	0.00e+00
 3.50059e+12	5.41e-38	4.74e-29	5.05e-21	1.09e-13	2.14e-07	1.00e+00	2.36e-04	0.00e+00
 3.66090e+12	0.00e+00	6.35e-29	6.39e-21	1.29e-13	2.35e-07	1.00e+00	2.15e-04	0.00e+00
 3.81356e+12	1.06e-37	8.29e-29	7.91e-21	1.51e-13	2.56e-07	1.00e+00	1.97e-04	0.00e+00
 3.98195e+12	0.00e+00	1.10e-28	9.92e-21	1.79e-13	2.80e-07	1.00e+00	1.81e-04	0.00e+00
 4.17115e+12	2.13e-37	1.49e-28	1.27e-20	2.13e-13	3.08e-07	1.00e+00	1.64e-04	0.00e+00
 4.34147e+12	0.00e+00	1.93e-28	1.56e-20	2.49e-13	3.36e-07	1.00e+00	1.51e-04	0.00e+00
 4.48213e+12	3.74e-37	2.38e-28	1.85e-20	2.81e-13	3.59e-07	1.00e+00	1.41e-04	0.00e+00
 4.63577e+12	0.00e+00	2.96e-28	2.20e-20	3.20e-13	3.85e-07	1.00e+00	1.32e-04	0.00e+00
 4.83204e+12	6.73e-37	3.88e-28	2.74e-20	3.75e-13	4.20e-07	1.00e+00	1.21e-04	0.00e+00
 5.03017e+12	0.00e+00	5.05e-28	3.38e-20	4.38e-13	4.58e-07	1.00e+00	1.11e-04	0.00e+00
 5.19419e+12	1.18e-36	6.22e-28	4.00e-20	4.96e-13	4.90e-07	1.00e+00	1.04e-04	0.00e+00
 5.36737e+12	0.00e+00	7.71e-28	4.76e-20	5.62e-13	5.25e-07	1.00e+00	9.67e-05	0.00e+00
 5.58953e+12	2.10e-36	1.01e-27	5.89e-20	6.58e-13	5.72e-07	1.00e+00	8.88e-05	0.00e+00
 5.82243e+12	0.00e+00	1.31e-27	7.30e-20	7.70e-13	6.25e-07	1.00e+00	8.14e-05	0.00e+00
 6.02655e+12	3.79e-36	1.64e-27	8.76e-20	8.79e-13	6.72e-07	1.00e+00	7.57e-05	0.00e+00
 6.24620e+12	0.00e+00	2.08e-27	1.06e-19	1.01e-12	7.25e-07	1.00e+00	7.02e-05	0.00e+00
 6.48982e+12	6.78e-36	2.67e-27	1.30e-19	1.17e-12	7.87e-07	1.00e+00	6.48e-05	0.00e+00
 6.71590e+12	0.00e+00	3.35e-27	1.55e-19	1.34e-12	8.46e-07	1.00e+00	6.02e-05	0.00e+00
 6.96110e+12	1.18e-35	4.24e-27	1.88e-19	1.53e-12	9.13e-07	1.00e+00	5.58e-05	0.00e+00
 7.23356e+12	0.00e+00	5.46e-27	2.30e-19	1.78e-12	9.92e-07	1.00e+00	5.15e-05	0.00e+00
 7.48734e+12	2.10e-35	6.86e-27	2.77e-19	2.03e-12	1.07e-06	1.00e+00	4.79e-05	0.00e+00
 7.76317e+12	0.00e+00	8.71e-27	3.35e-19	2.34e-12	1.15e-06	1.00e+00	4.43e-05	0.00e+00
 8.07004e+12	3.80e-35	1.13e-26	4.12e-19	2.72e-12	1.25e-06	1.00e+00	4.08e-05	0.00e+00
 8.35693e+12	0.00e+00	1.42e-26	4.97e-19	3.11e-12	1.35e-06	1.00e+00	3.79e-05	0.00e+00
 8.66954e+12	6.74e-35	1.82e-26	6.05e-19	3.58e-12	1.46e-06	1.00e+00	3.51e-05	0.00e+00
 9.01840e+12	0.00e+00	2.36e-26	7.48e-19	4.18e-12	1.59e-06	1.00e+00	3.23e-05	0.00e+00
 9.34633e+12	1.23e-34	3.00e-26	9.06e-19	4.79e-12	1.71e-06	1.00e+00	2.99e-05	0.00e+00
 9.70459e+12	0.00e+00	3.87e-26	1.11e-18	5.54e-12	1.85e-06	1.00e+00	2.76e-05	0.00e+00
 1.01057e+13	2.32e-34	5.08e-26	1.38e-18	6.49e-12	2.02e-06	1.00e+00	2.54e-05	0.00e+00
 1.04854e+13	3.13e-34	6.53e-26	1.69e-18	7.48e-12	2.19e-06	1.00e+00	2.35e-05	0.00e+00
 1.08948e+13	4.29e-34	8.48e-26	2.08e-18	8.67e-12	2.37e-06	1.00e+00	2.17e-05	0.00e+00
 1.13605e+13	6.05e-34	1.13e-25	2.61e-18	1.02e-11	2.59e-06	1.00e+00	1.98e-05	0.00e+00
 1.18176e+13	8.38e-34	1.48e-25	3.24e-18	1.19e-11	2.82e-06	1.00e+00	1.83e-05	0.00e+00
 1.22931e+13	1.16e-33	1.94e-25	4.02e-18	1.38e-11	3.06e-06	1.00e+00	1.68e-05	0.00e+00
 1.28148e+13	1.65e-33	2.59e-25	5.05e-18	1.63e-11	3.34e-06	1.00e+00	1.54e-05	0.00e+00
 1.33573e+13	2.35e-33	3.47e-25	6.35e-18	1.91e-11	3.64e-06	1.00e+00	1.42e-05	0.00e+00
 1.39215e+13	3.32e-33	4.61e-25	7.98e-18	2.24e-11	3.97e-06	1.00e+00	1.30e-05	0.00e+00
 1.44534e+13	4.59e-33	6.02e-25	9.83e-18	2.59e-11	4.29e-06	1.00e+00	1.20e-05	0.00e+00
 1.49326e+13	6.08e-33	7.58e-25	1.18e-17	2.94e-11	4.59e-06	1.00e+00	1.12e-05	0.00e+00
 1.53864e+13	7.87e-33	9.38e-25	1.39e-17	3.30e-11	4.89e-06	1.00e+00	1.06e-05	0.00e+00
 1.58898e+13	1.04e-32	1.18e-24	1.67e-17	3.74e-11	5.22e-06	1.00e+00	9.88e-06	0.00e+00
 1.64538e+13	1.42e-32	1.52e-24	2.03e-17	4.28e-11	5.61e-06	1.00e+00	9.20e-06	0.00e+00
 1.69888e+13	1.88e-32	1.91e-24	2.43e-17	4.85e-11	5.99e-06	1.00e+00	8.61e-06	0.00e+00
 1.75764e+13	2.54e-32	2.45e-24	2.94e-17	5.53e-11	6.42e-06	1.00e+00	8.04e-06	0.00e+00
 1.82344e+13	3.53e-32	3.21e-24	3.62e-17	6.38e-11	6.92e-06	1.00e+00	7.46e-06	0.00e+00
 1.88446e+13	4.74e-32	4.07e-24	4.36e-17	7.25e-11	7.40e-06	1.00e+00	6.97e-06	0.00e+00
 1.94084e+13	6.18e-32	5.06e-24	5.16e-17	8.13e-11	7.86e-06	1.00e+00	6.57e-06	0.00e+00
 2.00511e+13	8.30e-32	6.43e-24	6.21e-17	9.23e-11	8.40e-06	1.00e+00	6.15e-06	0.00e+00
 2.08376e+13	1.18e-31	8.57e-24	7.74e-17	1.07e-10	9.07e-06	1.00e+00	5.70e-06	0.00e+00
 2.16230e+13	1.65e-31	1.12e-23	9.56e-17	1.24e-10	9.78e-06	1.00e+00	5.28e-06	0.00e+00
 2.23081e+13	2.20e-31	1.42e-23	1.14e-16	1.40e-10	1.04e-05	1.00e+00	4.96e-06	0.00e+00
 2.30509e+13	2.99e-31	1.82e-23	1.38e-16	1.59e-10	1.11e-05	1.00e+00	4.65e-06	0.00e+00
 2.39551e+13	4.31e-31	2.44e-23	1.72e-16	1.84e-10	1.20e-05	1.00e+00	4.31e-06	0.00e+00
 2.48748e+13	6.09e-31	3.23e-23	2.14e-16	2.14e-10	1.29e-05	1.00e+00	3.99e-06	0.00e+00
 2.57088e+13	8.33e-31	4.16e-23	2.59e-16	2.43e-10	1.38e-05	1.00e+00	3.74e-06	0.00e+00
 2.66256e+13	1.16e-30	5.44e-23	3.18e-16	2.78e-10	1.48e-05	1.00e+00	3.49e-06	0.00e+00
 2.77017e+13	1.70e-30	7.39e-23	4.00e-16	3.25e-10	1.60e-05	1.00e+00	3.23e-06	0.00e+00
 2.87722e+13	2.45e-30	9.89e-23	4.99e-16	3.77e-10	1.72e-05	1.00e+00	3.00e-06	0.00e+00
 2.97867e+13	3.41e-30	1.29e-22	6.11e-16	4.31e-10	1.85e-05	1.00e+00	2.80e-06	0.00e+00
 3.09093e+13	4.86e-30	1.72e-22	7.58e-16	4.98e-10	1.99e-05	1.00e+00	2.60e-06	0.00e+00
 3.21756e+13	7.18e-30	2.35e-22	9.59e-16	5.83e-10	2.15e-05	1.00e+00	2.41e-06	0.00e+00
 3.34521e+13	1.05e-29	3.18e-22	1.21e-15	6.79e-10	2.32e-05	1.00e+00	2.23e-06	0.00e+00
 3.47796e+13	1.54e-29	4.31e-22	1.51e-15	7.91e-10	2.50e-05	1.00e+00	2.07e-06	0.00e+00
 3.62007e+13	2.27e-29	5.89e-22	1.92e-15	9.25e-10	2.70e-05	1.00e+00	1.91e-06	0.00e+00
 3.76787e+13	3.35e-29	8.06e-22	2.42e-15	1.08e-09	2.92e-05	1.00e+00	1.77e-06	0.00e+00
 3.91083e+13	4.83e-29	1.08e-21	3.02e-15	1.25e-09	3.14e-05	1.00e+00	1.64e-06	0.00e+00
 4.04507e+13	6.71e-29	1.41e-21	3.68e-15	1.43e-09	3.36e-05	1.00e+00	1.54e-06	0.00e+00
 4.17152e+13	9.08e-29	1.79e-21	4.42e-15	1.61e-09	3.56e-05	1.00e+00	1.45e-06	0.00e+00
 4.30907e+13	1.25e-28	2.31e-21	5.35e-15	1.83e-09	3.80e-05	1.00e+00	1.36e-06	0.00e+00
 4.46257e+13	1.76e-28	3.04e-21	6.58e-15	2.10e-09	4.07e-05	1.00e+00	1.27e-06	0.00e+00
 4.60763e+13	2.41e-28	3.91e-21	7.95e-15	2.38e-09	4.33e-05	1.00e+00	1.19e-06	0.00e+00
 4.76705e+13	3.37e-28	5.11e-21	9.72e-15	2.72e-09	4.62e-05	1.00e+00	1.12e-06	0.00e+00
 4.94576e+13	4.79e-28	6.79e-21	1.21e-14	3.15e-09	4.97e-05	1.00e+00	1.04e-06	0.00e+00
 5.11524e+13	6.68e-28	8.85e-21	1.47e-14	3.59e-09	5.31e-05	1.00e+00	9.73e-07	0.00e+00
 5.30126e+13	9.53e-28	1.18e-20	1.82e-14	4.14e-09	5.69e-05	1.00e+00	0.00e+00	0.00e+00
 5.51150e+13	1.39e-27	1.59e-20	2.29e-14	4.82e-09	6.15e-05	1.00e+00	0.00e+00	0.00e+00
 5.71430e+13	1.96e-27	2.10e-20	2.84e-14	5.56e-09	6.61e-05	1.00e+00	0.00e+00	0.00e+00
 5.92974e+13	2.81e-27	2.81e-20	3.53e-14	6.44e-09	7.10e-05	1.00e+00	0.00e+00	0.00e+00
 6.16992e+13	4.16e-27	3.84e-20	4.47e-14	7.53e-09	7.68e-05	1.00e+00	0.00e+00	0.00e+00
 6.39199e+13	5.78e-27	5.02e-20	5.51e-14	8.66e-09	8.25e-05	1.00e+00	0.00e+00	0.00e+00
 6.58410e+13	7.77e-27	6.36e-20	6.57e-14	9.73e-09	8.74e-05	1.00e+00	0.00e+00	0.00e+00
 6.79682e+13	1.04e-26	8.09e-20	7.92e-14	1.10e-08	9.32e-05	1.00e+00	0.00e+00	0.00e+00
 7.05690e+13	1.51e-26	1.09e-19	9.90e-14	1.28e-08	1.00e-04	1.00e+00	0.00e+00	0.00e+00
 7.32070e+13	2.12e-26	1.43e-19	1.23e-13	1.48e-08	1.08e-04	1.00e+00	0.00e+00	0.00e+00
 7.55785e+13	2.91e-26	1.85e-19	1.49e-13	1.68e-08	1.15e-04	1.00e+00	0.00e+00	0.00e+00
 7.81818e+13	3.95e-26	2.38e-19	1.81e-13	1.92e-08	1.23e-04	1.00e+00	0.00e+00	0.00e+00
 8.12612e+13	5.80e-26	3.23e-19	2.28e-13	2.24e-08	1.33e-04	1.00e+00	0.00e+00	0.00e+00
 8.42993e+13	8.11e-26	4.25e-19	2.84e-13	2.59e-08	1.43e-04	1.00e+00	0.00e+00	0.00e+00
 8.70810e+13	1.10e-25	5.44e-19	3.43e-13	2.95e-08	1.53e-04	1.00e+00	0.00e+00	0.00e+00
 9.01896e+13	1.55e-25	7.18e-19	4.23e-13	3.39e-08	1.64e-04	1.00e+00	0.00e+00	0.00e+00
 9.38006e+13	2.21e-25	9.60e-19	5.34e-13	3.97e-08	1.78e-04	1.00e+00	0.00e+00	0.00e+00
 9.73432e+13	3.12e-25	1.27e-18	6.64e-13	4.60e-08	1.92e-04	1.00e+00	0.00e+00	0.00e+00
 1.00695e+14	4.35e-25	1.66e-18	8.13e-13	5.26e-08	2.05e-04	1.00e+00	0.00e+00	0.00e+00
 1.04421e+14	5.99e-25	2.17e-18	1.01e-12	6.08e-08	2.21e-04	1.00e+00	0.00e+00	0.00e+00
 1.08628e+14	8.71e-25	2.94e-18	1.27e-12	7.11e-08	2.39e-04	1.00e+00	0.00e+00	0.00e+00
 1.12631e+14	1.21e-24	3.86e-18	1.58e-12	8.21e-08	2.57e-04	1.00e+00	0.00e+00	0.00e+00
 1.16283e+14	1.66e-24	4.96e-18	1.91e-12	9.32e-08	2.74e-04	1.00e+00	0.00e+00	0.00e+00
 1.20411e+14	2.25e-24	6.39e-18	2.34e-12	1.07e-07	2.95e-04	1.00e+00	0.00e+00	0.00e+00
 1.25214e+14	3.25e-24	8.61e-18	2.95e-12	1.25e-07	3.19e-04	1.00e+00	0.00e+00	0.00e+00
 1.29818e+14	4.59e-24	1.14e-17	3.66e-12	1.44e-07	3.43e-04	1.00e+00	0.00e+00	0.00e+00
 1.33992e+14	6.12e-24	1.44e-17	4.42e-12	1.64e-07	3.65e-04	1.00e+00	0.00e+00	0.00e+00
 1.37913e+14	7.96e-24	1.79e-17	5.24e-12	1.84e-07	3.87e-04	1.00e+00	0.00e+00	0.00e+00
 1.42238e+14	1.06e-23	2.26e-17	6.29e-12	2.08e-07	4.12e-04	1.00e+00	0.00e+00	0.00e+00
 1.47072e+14	1.44e-23	2.91e-17	7.67e-12	2.37e-07	4.41e-04	1.00e+00	0.00e+00	0.00e+00
 1.51646e+14	1.90e-23	3.65e-17	9.20e-12	2.68e-07	4.69e-04	1.00e+00	0.00e+00	0.00e+00
 1.56670e+14	2.56e-23	4.67e-17	1.12e-11	3.05e-07	5.01e-04	9.99e-01	0.00e+00	0.00e+00
 1.62277e+14	3.53e-23	6.08e-17	1.38e-11	3.51e-07	5.38e-04	9.99e-01	0.00e+00	0.00e+00
 1.67574e+14	4.64e-23	7.65e-17	1.66e-11	3.99e-07	5.74e-04	9.99e-01	0.00e+00	0.00e+00
 1.73392e+14	6.45e-23	9.98e-17	2.04e-11	4.58e-07	6.15e-04	9.99e-01	0.00e+00	0.00e+00
 1.79823e+14	8.80e-23	1.30e-16	2.53e-11	5.29e-07	6.62e-04	9.99e-01	0.00e+00	0.00e+00
 1.85763e+14	1.20e-22	1.66e-16	3.07e-11	6.02e-07	7.07e-04	9.99e-01	0.00e+00	0.00e+00
 1.92198e+14	1.60e-22	2.12e-16	3.75e-11	6.90e-07	7.58e-04	9.99e-01	0.00e+00	0.00e+00
 1.99382e+14	2.26e-22	2.81e-16	4.66e-11	7.98e-07	8.16e-04	9.99e-01	0.00e+00	0.00e+00
 2.06137e+14	2.99e-22	3.56e-16	5.68e-11	9.12e-07	8.74e-04	9.99e-01	0.00e+00	0.00e+00
 2.13512e+14	4.14e-22	4.65e-16	7.00e-11	1.05e-06	9.39e-04	9.99e-01	0.00e+00	0.00e+00
 2.21710e+14	5.68e-22	6.08e-16	8.74e-11	1.22e-06	1.01e-03	9.99e-01	0.00e+00	0.00e+00
 2.29351e+14	7.76e-22	7.85e-16	1.07e-10	1.40e-06	1.09e-03	9.99e-01	0.00e+00	0.00e+00
 2.37639e+14	1.04e-21	1.01e-15	1.32e-10	1.61e-06	1.17e-03	9.99e-01	0.00e+00	0.00e+00
 2.46901e+14	1.48e-21	1.34e-15	1.65e-10	1.87e-06	1.26e-03	9.99e-01	0.00e+00	0.00e+00
 2.55711e+14	1.95e-21	1.71e-15	2.03e-10	2.16e-06	1.36e-03	9.99e-01	0.00e+00	0.00e+00
 2.65146e+14	2.73e-21	2.25e-15	2.52e-10	2.49e-06	1.47e-03	9.99e-01	0.00e+00	0.00e+00
 2.75782e+14	3.74e-21	2.95e-15	3.17e-10	2.91e-06	1.59e-03	9.98e-01	0.00e+00	0.00e+00
 2.86232e+14	5.22e-21	3.88e-15	3.95e-10	3.38e-06	1.72e-03	9.98e-01	0.00e+00	0.00e+00
 2.97099e+14	6.99e-21	5.00e-15	4.91e-10	3.93e-06	1.86e-03	9.98e-01	0.00e+00	0.00e+00
 3.09013e+14	9.87e-21	6.67e-15	6.19e-10	4.59e-06	2.02e-03	9.98e-01	0.00e+00	0.00e+00
 3.20775e+14	1.33e-20	8.62e-15	7.70e-10	5.34e-06	2.19e-03	9.98e-01	0.00e+00	0.00e+00
 3.30498e+14	1.71e-20	1.07e-14	9.18e-10	6.01e-06	2.33e-03	9.98e-01	0.00e+00	0.00e+00
 3.38285e+14	2.08e-20	1.26e-14	1.05e-09	6.60e-06	2.45e-03	9.98e-01	0.00e+00	0.00e+00
 3.46917e+14	2.56e-20	1.50e-14	1.22e-09	7.30e-06	2.58e-03	9.97e-01	0.00e+00	0.00e+00
 3.58139e+14	3.30e-20	1.87e-14	1.47e-09	8.29e-06	2.77e-03	9.97e-01	0.00e+00	0.00e+00
 3.70168e+14	4.30e-20	2.35e-14	1.78e-09	9.46e-06	2.97e-03	9.97e-01	0.00e+00	0.00e+00
 3.80846e+14	5.46e-20	2.88e-14	2.11e-09	1.06e-05	3.16e-03	9.97e-01	0.00e+00	0.00e+00
 3.92328e+14	6.86e-20	3.51e-14	2.50e-09	1.19e-05	3.37e-03	9.97e-01	0.00e+00	0.00e+00
 4.06810e+14	9.17e-20	4.51e-14	3.09e-09	1.38e-05	3.65e-03	9.96e-01	0.00e+00	0.00e+00
 4.21513e+14	1.22e-19	5.76e-14	3.81e-09	1.59e-05	3.94e-03	9.96e-01	0.00e+00	0.00e+00
 4.34121e+14	1.55e-19	7.09e-14	4.52e-09	1.79e-05	4.20e-03	9.96e-01	0.00e+00	0.00e+00
 4.47683e+14	1.97e-19	8.74e-14	5.42e-09	2.03e-05	4.50e-03	9.95e-01	0.00e+00	0.00e+00
 4.64470e+14	2.64e-19	1.13e-13	6.72e-09	2.35e-05	4.88e-03	9.95e-01	0.00e+00	0.00e+00
 4.81553e+14	3.53e-19	1.45e-13	8.30e-09	2.71e-05	5.28e-03	9.95e-01	0.00e+00	0.00e+00
 4.96612e+14	4.50e-19	1.78e-13	9.94e-09	3.07e-05	5.65e-03	9.94e-01	0.00e+00	0.00e+00
 5.12936e+14	5.77e-19	2.22e-13	1.20e-08	3.49e-05	6.07e-03	9.94e-01	0.00e+00	0.00e+00
 5.32620e+14	7.78e-19	2.88e-13	1.50e-08	4.06e-05	6.61e-03	9.93e-01	0.00e+00	0.00e+00
 5.52160e+14	1.04e-18	3.70e-13	1.85e-08	4.68e-05	7.16e-03	9.93e-01	0.00e+00	0.00e+00
 5.69609e+14	1.32e-18	4.56e-13	2.23e-08	5.30e-05	7.67e-03	9.92e-01	0.00e+00	0.00e+00
 5.88856e+14	1.73e-18	5.76e-13	2.71e-08	6.05e-05	8.27e-03	9.92e-01	0.00e+00	0.00e+00
 6.11744e+14	2.34e-18	7.50e-13	3.39e-08	7.05e-05	9.00e-03	9.91e-01	0.00e+00	0.00e+00
 6.34462e+14	3.15e-18	9.68e-13	4.20e-08	8.15e-05	9.76e-03	9.90e-01	0.00e+00	0.00e+00
 6.55352e+14	4.04e-18	1.21e-12	5.09e-08	9.28e-05	1.05e-02	9.89e-01	0.00e+00	0.00e+00
 6.78767e+14	5.46e-18	1.56e-12	6.27e-08	1.07e-04	1.13e-02	9.89e-01	0.00e+00	0.00e+00
 7.05857e+14	7.50e-18	2.05e-12	7.92e-08	1.25e-04	1.24e-02	9.88e-01	0.00e+00	0.00e+00
 7.32463e+14	1.02e-17	2.67e-12	9.87e-08	1.45e-04	1.34e-02	9.86e-01	0.00e+00	0.00e+00
 7.60134e+14	1.38e-17	3.47e-12	1.23e-07	1.68e-04	1.46e-02	9.85e-01	0.00e+00	0.00e+00
 7.85356e+14	1.80e-17	4.37e-12	1.50e-07	1.91e-04	1.57e-02	9.84e-01	0.00e+00	0.00e+00
 8.03927e+14	2.20e-17	5.18e-12	1.72e-07	2.09e-04	1.65e-02	9.83e-01	0.00e+00	0.00e+00
 8.22940e+14	2.68e-17	6.14e-12	1.98e-07	2.30e-04	1.74e-02	9.82e-01	0.00e+00	0.00e+00
 8.47657e+14	3.37e-17	7.51e-12	2.36e-07	2.59e-04	1.85e-02	9.81e-01	0.00e+00	0.00e+00
 8.74772e+14	4.50e-17	9.56e-12	2.86e-07	2.93e-04	1.99e-02	9.80e-01	0.00e+00	0.00e+00
 8.99519e+14	5.69e-17	1.17e-11	3.38e-07	3.28e-04	2.11e-02	9.79e-01	0.00e+00	0.00e+00
 9.26204e+14	7.17e-17	1.43e-11	4.03e-07	3.68e-04	2.25e-02	9.77e-01	0.00e+00	0.00e+00
 9.60128e+14	9.95e-17	1.88e-11	5.01e-07	4.25e-04	2.44e-02	9.75e-01	0.00e+00	0.00e+00
 9.94204e+14	1.32e-16	2.41e-11	6.18e-07	4.88e-04	2.63e-02	9.73e-01	0.00e+00	0.00e+00
 1.02270e+15	1.84e-16	2.97e-11	7.33e-07	5.46e-04	2.79e-02	9.72e-01	0.00e+00	0.00e+00
 1.05319e+15	2.38e-16	3.70e-11	8.76e-07	6.14e-04	2.98e-02	9.70e-01	0.00e+00	0.00e+00
 1.09185e+15	3.36e-16	4.89e-11	1.09e-06	7.09e-04	3.22e-02	9.67e-01	0.00e+00	0.00e+00
 1.13245e+15	4.54e-16	6.34e-11	1.36e-06	8.19e-04	3.48e-02	9.64e-01	0.00e+00	0.00e+00
 1.16883e+15	6.06e-16	8.06e-11	1.65e-06	9.29e-04	3.73e-02	9.62e-01	0.00e+00	0.00e+00
 1.20841e+15	8.17e-16	1.03e-10	2.02e-06	1.06e-03	4.00e-02	9.59e-01	0.00e+00	0.00e+00
 1.25541e+15	1.20e-15	1.41e-10	2.54e-06	1.23e-03	4.35e-02	9.55e-01	0.00e+00	0.00e+00
 1.30170e+15	1.66e-15	1.84e-10	3.17e-06	1.42e-03	4.69e-02	9.52e-01	0.00e+00	0.00e+00
 1.34379e+15	2.23e-15	2.35e-10	3.85e-06	1.62e-03	5.01e-02	9.48e-01	0.00e+00	0.00e+00
 1.39077e+15	2.98e-15	3.01e-10	4.74e-06	1.85e-03	5.39e-02	9.44e-01	0.00e+00	0.00e+00
 1.44568e+15	4.39e-15	4.11e-10	6.00e-06	2.16e-03	5.85e-02	9.39e-01	0.00e+00	0.00e+00
 1.49983e+15	6.21e-15	5.46e-10	7.50e-06	2.50e-03	6.31e-02	9.34e-01	0.00e+00	0.00e+00
 1.55097e+15	8.51e-15	7.07e-10	9.19e-06	2.85e-03	6.76e-02	9.30e-01	0.00e+00	0.00e+00
 1.60786e+15	1.16e-14	9.18e-10	1.14e-05	3.28e-03	7.28e-02	9.24e-01	0.00e+00	0.00e+00
 1.67221e+15	1.75e-14	1.27e-09	1.45e-05	3.83e-03	7.89e-02	9.17e-01	0.00e+00	0.00e+00
 1.72617e+15	2.37e-14	1.63e-09	1.76e-05	4.34e-03	8.41e-02	9.12e-01	0.00e+00	0.00e+00
 1.76497e+15	2.93e-14	1.93e-09	2.01e-05	4.74e-03	8.80e-02	9.07e-01	0.00e+00	0.00e+00
 1.80554e+15	3.64e-14	2.31e-09	2.31e-05	5.18e-03	9.20e-02	9.03e-01	0.00e+00	0.00e+00
 1.85827e+15	4.62e-14	2.83e-09	2.75e-05	5.79e-03	9.74e-02	8.97e-01	0.00e+00	0.00e+00
 1.91718e+15	6.44e-14	3.68e-09	3.32e-05	6.54e-03	1.04e-01	8.90e-01	0.00e+00	0.00e+00
 1.97222e+15	8.45e-14	4.59e-09	3.94e-05	7.30e-03	1.10e-01	8.83e-01	0.00e+00	0.00e+00
 2.03189e+15	1.09e-13	5.68e-09	4.71e-05	8.19e-03	1.16e-01	8.76e-01	0.00e+00	0.00e+00
 2.09911e+15	1.54e-13	7.46e-09	5.73e-05	9.30e-03	1.24e-01	8.67e-01	0.00e+00	0.00e+00
 2.16284e+15	2.03e-13	9.37e-09	6.85e-05	1.04e-02	1.31e-01	8.59e-01	0.00e+00	0.00e+00
 2.23237e+15	2.67e-13	1.18e-08	8.27e-05	1.18e-02	1.39e-01	8.49e-01	0.00e+00	0.00e+00
 2.31042e+15	3.88e-13	1.58e-08	1.02e-04	1.34e-02	1.48e-01	8.38e-01	0.00e+00	0.00e+00
 2.38433e+15	5.19e-13	2.00e-08	1.23e-04	1.51e-02	1.57e-01	8.28e-01	0.00e+00	0.00e+00
 2.46520e+15	6.93e-13	2.55e-08	1.49e-04	1.72e-02	1.66e-01	8.16e-01	0.00e+00	0.00e+00
 2.55515e+15	1.02e-12	3.45e-08	1.85e-04	1.96e-02	1.78e-01	8.03e-01	0.00e+00	0.00e+00
 2.63844e+15	1.37e-12	4.40e-08	2.23e-04	2.21e-02	1.88e-01	7.90e-01	0.00e+00	0.00e+00
 2.72825e+15	1.84e-12	5.61e-08	2.72e-04	2.51e-02	1.99e-01	7.76e-01	0.00e+00	0.00e+00
 2.82882e+15	2.71e-12	7.60e-08	3.37e-04	2.87e-02	2.12e-01	7.59e-01	0.00e+00	0.00e+00
 2.92300e+15	3.67e-12	9.73e-08	4.08e-04	3.23e-02	2.23e-01	7.44e-01	0.00e+00	0.00e+00
 3.02510e+15	4.93e-12	1.25e-07	4.97e-04	3.66e-02	2.36e-01	7.27e-01	0.00e+00	0.00e+00
 3.13920e+15	7.34e-12	1.70e-07	6.18e-04	4.19e-02	2.51e-01	7.07e-01	0.00e+00	0.00e+00
 3.24624e+15	1.01e-11	2.20e-07	7.50e-04	4.72e-02	2.64e-01	6.89e-01	0.00e+00	0.00e+00
 3.34457e+15	1.32e-11	2.74e-07	8.89e-04	5.24e-02	2.75e-01	6.71e-01	0.00e+00	0.00e+00
 3.45426e+15	1.74e-11	3.45e-07	1.07e-03	5.86e-02	2.88e-01	6.52e-01	0.00e+00	0.00e+00
 3.57813e+15	2.54e-11	4.63e-07	1.31e-03	6.63e-02	3.03e-01	6.29e-01	0.00e+00	0.00e+00
 3.69434e+15	3.42e-11	5.89e-07	1.57e-03	7.39e-02	3.16e-01	6.08e-01	0.00e+00	0.00e+00
 3.79263e+15	4.38e-11	7.19e-07	1.82e-03	8.07e-02	3.27e-01	5.91e-01	0.00e+00	0.00e+00
 3.89367e+15	5.61e-11	8.78e-07	2.11e-03	8.81e-02	3.38e-01	5.72e-01	0.00e+00	0.00e+00
 4.00758e+15	7.07e-11	1.07e-06	2.46e-03	9.67e-02	3.49e-01	5.52e-01	0.00e+00	0.00e+00
 4.13821e+15	9.97e-11	1.39e-06	2.96e-03	1.08e-01	3.62e-01	5.28e-01	0.00e+00	0.00e+00
 4.26756e+15	1.27e-10	1.71e-06	3.49e-03	1.18e-01	3.73e-01	5.06e-01	0.00e+00	0.00e+00
 4.37559e+15	1.66e-10	2.11e-06	4.01e-03	1.28e-01	3.82e-01	4.86e-01	0.00e+00	0.00e+00
 4.49637e+15	2.13e-10	2.57e-06	4.65e-03	1.39e-01	3.91e-01	4.65e-01	0.00e+00	0.00e+00
 4.65338e+15	2.97e-10	3.35e-06	5.62e-03	1.55e-01	4.03e-01	4.37e-01	0.00e+00	0.00e+00
 4.81140e+15	3.97e-10	4.24e-06	6.70e-03	1.71e-01	4.12e-01	4.11e-01	0.00e+00	0.00e+00
 4.93728e+15	4.92e-10	5.05e-06	7.68e-03	1.84e-01	4.18e-01	3.90e-01	0.00e+00	0.00e+00
 5.06747e+15	6.24e-10	6.12e-06	8.82e-03	1.98e-01	4.24e-01	3.69e-01	0.00e+00	0.00e+00
 5.23673e+15	8.89e-10	8.02e-06	1.06e-02	2.17e-01	4.31e-01	3.41e-01	0.00e+00	0.00e+00
 5.40953e+15	1.18e-09	1.01e-05	1.25e-02	2.37e-01	4.35e-01	3.16e-01	0.00e+00	0.00e+00
 5.55223e+15	1.46e-09	1.20e-05	1.43e-02	2.53e-01	4.37e-01	2.96e-01	0.00e+00	0.00e+00
 5.70304e+15	1.86e-09	1.46e-05	1.64e-02	2.71e-01	4.38e-01	2.75e-01	0.00e+00	0.00e+00
 5.86929e+15	2.56e-09	1.86e-05	1.91e-02	2.92e-01	4.38e-01	2.51e-01	0.00e+00	0.00e+00
 6.01908e+15	3.24e-09	2.24e-05	2.18e-02	3.10e-01	4.36e-01	2.33e-01	0.00e+00	0.00e+00
 6.17727e+15	4.10e-09	2.69e-05	2.49e-02	3.29e-01	4.33e-01	2.14e-01	0.00e+00	0.00e+00
 6.34914e+15	5.14e-09	3.24e-05	2.86e-02	3.49e-01	4.27e-01	1.95e-01	0.00e+00	0.00e+00
 6.50428e+15	6.84e-09	4.01e-05	3.25e-02	3.69e-01	4.22e-01	1.77e-01	0.00e+00	0.00e+00
 6.62695e+15	8.13e-09	4.59e-05	3.57e-02	3.83e-01	4.16e-01	1.65e-01	0.00e+00	0.00e+00
 6.74192e+15	9.69e-09	5.26e-05	3.91e-02	3.97e-01	4.10e-01	1.53e-01	0.00e+00	0.00e+00
 6.89139e+15	1.16e-08	6.08e-05	4.37e-02	4.15e-01	4.01e-01	1.40e-01	0.00e+00	0.00e+00
 7.05759e+15	1.55e-08	7.57e-05	4.98e-02	4.34e-01	3.91e-01	1.25e-01	0.00e+00	0.00e+00
 7.20961e+15	1.90e-08	8.85e-05	5.55e-02	4.51e-01	3.80e-01	1.13e-01	0.00e+00	0.00e+00
 7.34243e+15	2.23e-08	1.01e-04	6.10e-02	4.66e-01	3.70e-01	1.03e-01	0.00e+00	0.00e+00
 7.48621e+15	2.73e-08	1.18e-04	6.78e-02	4.81e-01	3.58e-01	9.32e-02	0.00e+00	0.00e+00
 7.63923e+15	3.63e-08	1.45e-04	7.60e-02	4.97e-01	3.44e-01	8.24e-02	0.00e+00	0.00e+00
 7.77153e+15	4.38e-08	1.68e-04	8.34e-02	5.10e-01	3.32e-01	7.43e-02	0.00e+00	0.00e+00
 7.89063e+15	5.23e-08	1.92e-04	9.08e-02	5.21e-01	3.21e-01	6.74e-02	0.00e+00	0.00e+00
 8.02530e+15	6.44e-08	2.24e-04	1.00e-01	5.33e-01	3.07e-01	6.00e-02	0.00e+00	0.00e+00
 8.16868e+15	7.53e-08	2.55e-04	1.10e-01	5.44e-01	2.93e-01	5.34e-02	0.00e+00	0.00e+00
 8.32340e+15	1.02e-07	3.18e-04	1.23e-01	5.55e-01	2.75e-01	4.56e-02	0.00e+00	0.00e+00
 8.48041e+15	1.22e-07	3.65e-04	1.37e-01	5.65e-01	2.58e-01	3.96e-02	0.00e+00	0.00e+00
 8.61386e+15	1.59e-07	4.43e-04	1.51e-01	5.72e-01	2.42e-01	3.41e-02	0.00e+00	0.00e+00
 8.73506e+15	2.00e-07	5.22e-04	1.65e-01	5.77e-01	2.28e-01	2.96e-02	0.00e+00	0.00e+00
 8.84520e+15	2.40e-07	5.99e-04	1.78e-01	5.80e-01	2.14e-01	2.60e-02	0.00e+00	0.00e+00
 8.94837e+15	2.88e-07	6.85e-04	1.92e-01	5.83e-01	2.02e-01	2.29e-02	0.00e+00	0.00e+00
 9.04487e+15	3.36e-07	7.69e-04	2.06e-01	5.84e-01	1.90e-01	2.02e-02	0.00e+00	0.00e+00
 9.15105e+15	3.91e-07	8.64e-04	2.22e-01	5.84e-01	1.77e-01	1.75e-02	0.00e+00	0.00e+00
 9.28908e+15	5.35e-07	1.08e-03	2.46e-01	5.81e-01	1.58e-01	1.40e-02	0.00e+00	0.00e+00
 9.40678e+15	6.72e-07	1.27e-03	2.67e-01	5.76e-01	1.44e-01	1.16e-02	0.00e+00	0.00e+00
 9.46683e+15	7.75e-07	1.41e-03	2.80e-01	5.73e-01	1.36e-01	1.04e-02	0.00e+00	0.00e+00
 9.50577e+15	8.40e-07	1.49e-03	2.87e-01	5.71e-01	1.31e-01	9.68e-03	0.00e+00	0.00e+00
 9.54849e+15	9.24e-07	1.60e-03	2.97e-01	5.68e-01	1.25e-01	8.89e-03	0.00e+00	0.00e+00
 9.60402e+15	1.00e-06	1.70e-03	3.08e-01	5.64e-01	1.18e-01	8.03e-03	0.00e+00	0.00e+00
 9.67622e+15	1.22e-06	1.95e-03	3.26e-01	5.57e-01	1.09e-01	6.82e-03	0.00e+00	0.00e+00
 9.74246e+15	1.36e-06	2.12e-03	3.41e-01	5.51e-01	1.01e-01	5.95e-03	0.00e+00	0.00e+00
 9.79280e+15	1.54e-06	2.31e-03	3.53e-01	5.45e-01	9.42e-02	5.27e-03	0.00e+00	0.00e+00
 9.84161e+15	1.73e-06	2.52e-03	3.66e-01	5.39e-01	8.82e-02	4.66e-03	0.00e+00	0.00e+00
 9.89659e+15	1.98e-06	2.76e-03	3.80e-01	5.31e-01	8.13e-02	4.02e-03	0.00e+00	0.00e+00
 9.95485e+15	2.28e-06	3.06e-03	3.96e-01	5.23e-01	7.44e-02	3.42e-03	0.00e+00	0.00e+00
 1.00039e+16	2.60e-06	3.35e-03	4.10e-01	5.15e-01	6.87e-02	2.95e-03	0.00e+00	0.00e+00
 1.00457e+16	2.91e-06	3.62e-03	4.22e-01	5.08e-01	6.39e-02	2.59e-03	0.00e+00	0.00e+00
 1.00914e+16	3.28e-06	3.94e-03	4.35e-01	5.00e-01	5.87e-02	2.22e-03	0.00e+00	0.00e+00
 1.01427e+16	3.76e-06	4.33e-03	4.50e-01	4.91e-01	5.32e-02	1.86e-03	0.00e+00	0.00e+00
 1.01902e+16	4.28e-06	4.75e-03	4.63e-01	4.82e-01	4.84e-02	1.56e-03	0.00e+00	0.00e+00
 1.02328e+16	4.96e-06	5.24e-03	4.77e-01	4.73e-01	4.40e-02	1.31e-03	0.00e+00	0.00e+00
 1.02713e+16	5.51e-06	5.64e-03	4.88e-01	4.65e-01	4.04e-02	1.13e-03	0.00e+00	0.00e+00
 1.03128e+16	6.23e-06	6.14e-03	5.00e-01	4.56e-01	3.66e-02	9.39e-04	0.00e+00	0.00e+00
 1.03668e+16	7.25e-06	6.81e-03	5.16e-01	4.44e-01	3.20e-02	7.38e-04	0.00e+00	0.00e+00
 1.04222e+16	8.43e-06	7.56e-03	5.32e-01	4.33e-01	2.78e-02	5.73e-04	0.00e+00	0.00e+00
 1.04681e+16	9.55e-06	8.24e-03	5.44e-01	4.23e-01	2.46e-02	4.59e-04	0.00e+00	0.00e+00
 1.05164e+16	1.10e-05	9.05e-03	5.58e-01	4.12e-01	2.14e-02	3.57e-04	0.00e+00	0.00e+00
 1.05791e+16	1.30e-05	1.02e-02	5.74e-01	3.98e-01	1.77e-02	2.56e-04	0.00e+00	0.00e+00
 1.06432e+16	1.55e-05	1.14e-02	5.90e-01	3.83e-01	1.46e-02	1.81e-04	0.00e+00	0.00e+00
 1.06969e+16	1.78e-05	1.26e-02	6.03e-01	3.72e-01	1.24e-02	1.34e-04	0.00e+00	0.00e+00
 1.07392e+16	1.99e-05	1.35e-02	6.13e-01	3.63e-01	1.09e-02	1.06e-04	0.00e+00	0.00e+00
 1.07730e+16	2.17e-05	1.43e-02	6.21e-01	3.55e-01	9.74e-03	8.69e-05	0.00e+00	0.00e+00
 1.08111e+16	2.40e-05	1.53e-02	6.29e-01	3.47e-01	8.58e-03	6.90e-05	0.00e+00	0.00e+00
 1.08607e+16	2.72e-05	1.67e-02	6.40e-01	3.36e-01	7.27e-03	5.11e-05	0.00e+00	0.00e+00
 1.09133e+16	3.11e-05	1.82e-02	6.51e-01	3.25e-01	6.11e-03	3.73e-05	0.00e+00	0.00e+00
 1.09593e+16	3.48e-05	1.97e-02	6.60e-01	3.15e-01	5.24e-03	2.83e-05	0.00e+00	0.00e+00
 1.10086e+16	3.94e-05	2.13e-02	6.69e-01	3.05e-01	4.43e-03	2.09e-05	0.00e+00	0.00e+00
 1.10632e+16	4.50e-05	2.33e-02	6.79e-01	2.94e-01	3.69e-03	1.50e-05	0.00e+00	0.00e+00
 1.11134e+16	5.09e-05	2.52e-02	6.88e-01	2.84e-01	3.12e-03	1.11e-05	0.00e+00	0.00e+00
 1.11599e+16	5.70e-05	2.71e-02	6.96e-01	2.74e-01	2.67e-03	8.33e-06	0.00e+00	0.00e+00
 1.12127e+16	6.47e-05	2.95e-02	7.05e-01	2.64e-01	2.23e-03	6.00e-06	0.00e+00	0.00e+00
 1.12713e+16	7.48e-05	3.24e-02	7.14e-01	2.52e-01	1.83e-03	4.19e-06	0.00e+00	0.00e+00
 1.13233e+16	8.50e-05	3.53e-02	7.22e-01	2.41e-01	1.54e-03	3.06e-06	0.00e+00	0.00e+00
 1.13685e+16	9.51e-05	3.79e-02	7.28e-01	2.32e-01	1.32e-03	2.32e-06	0.00e+00	0.00e+00
 1.14190e+16	1.08e-04	4.12e-02	7.36e-01	2.22e-01	1.11e-03	1.69e-06	0.00e+00	0.00e+00
 1.14745e+16	1.24e-04	4.52e-02	7.43e-01	2.11e-01	9.14e-04	1.20e-06	0.00e+00	0.00e+00
 1.15249e+16	1.42e-04	4.92e-02	7.49e-01	2.01e-01	7.69e-04	8.82e-07	0.00e+00	0.00e+00
 1.15708e+16	1.60e-04	5.32e-02	7.54e-01	1.92e-01	6.55e-04	0.00e+00	0.00e+00	0.00e+00
 1.16229e+16	1.84e-04	5.82e-02	7.60e-01	1.81e-01	5.43e-04	0.00e+00	0.00e+00	0.00e+00
 1.16788e+16	2.13e-04	6.41e-02	7.65e-01	1.71e-01	4.45e-04	0.00e+00	0.00e+00	0.00e+00
 1.17273e+16	2.44e-04	7.00e-02	7.68e-01	1.61e-01	3.74e-04	0.00e+00	0.00e+00	0.00e+00
 1.17696e+16	2.75e-04	7.56e-02	7.71e-01	1.53e-01	3.20e-04	0.00e+00	0.00e+00	0.00e+00
 1.18162e+16	3.14e-04	8.23e-02	7.73e-01	1.44e-01	2.68e-04	0.00e+00	0.00e+00	0.00e+00
 1.18674e+16	3.65e-04	9.07e-02	7.75e-01	1.34e-01	2.20e-04	0.00e+00	0.00e+00	0.00e+00
 1.19135e+16	4.18e-04	9.90e-02	7.75e-01	1.26e-01	1.85e-04	0.00e+00	0.00e+00	0.00e+00
 1.19550e+16	4.74e-04	1.07e-01	7.74e-01	1.18e-01	1.56e-04	0.00e+00	0.00e+00	0.00e+00
 1.20015e+16	5.48e-04	1.18e-01	7.72e-01	1.09e-01	1.29e-04	0.00e+00	0.00e+00	0.00e+00
 1.20518e+16	6.43e-04	1.30e-01	7.69e-01	1.00e-01	1.05e-04	0.00e+00	0.00e+00	0.00e+00
 1.20959e+16	7.42e-04	1.43e-01	7.64e-01	9.25e-02	8.65e-05	0.00e+00	0.00e+00	0.00e+00
 1.21346e+16	8.45e-04	1.55e-01	7.59e-01	8.58e-02	7.28e-05	0.00e+00	0.00e+00	0.00e+00
 1.21775e+16	9.77e-04	1.69e-01	7.51e-01	7.86e-02	5.97e-05	0.00e+00	0.00e+00	0.00e+00
 1.22253e+16	1.15e-03	1.88e-01	7.40e-01	7.08e-02	4.75e-05	0.00e+00	0.00e+00	0.00e+00
 1.22689e+16	1.35e-03	2.07e-01	7.28e-01	6.38e-02	3.83e-05	0.00e+00	0.00e+00	0.00e+00
 1.23076e+16	1.55e-03	2.26e-01	7.15e-01	5.79e-02	3.13e-05	0.00e+00	0.00e+00	0.00e+00
 1.23505e+16	1.82e-03	2.49e-01	6.98e-01	5.14e-02	2.48e-05	0.00e+00	0.00e+00	0.00e+00
 1.23982e+16	2.18e-03	2.77e-01	6.76e-01	4.47e-02	1.89e-05	0.00e+00	0.00e+00	0.00e+00
 1.24420e+16	2.59e-03	3.07e-01	6.52e-01	3.88e-02	1.45e-05	0.00e+00	0.00e+00	0.00e+00
 1.24822e+16	3.05e-03	3.37e-01	6.26e-01	3.37e-02	1.12e-05	0.00e+00	0.00e+00	0.00e+00
 1.25278e+16	3.68e-03	3.75e-01	5.94e-01	2.82e-02	8.21e-06	0.00e+00	0.00e+00	0.00e+00
 1.25770e+16	4.52e-03	4.20e-01	5.53e-01	2.28e-02	5.72e-06	0.00e+00	0.00e+00	0.00e+00
 1.26190e+16	5.42e-03	4.63e-01	5.13e-01	1.86e-02	4.08e-06	0.00e+00	0.00e+00	0.00e+00
 1.26546e+16	6.34e-03	5.02e-01	4.77e-01	1.53e-02	3.00e-06	0.00e+00	0.00e+00	0.00e+00
 1.26934e+16	7.52e-03	5.46e-01	4.34e-01	1.21e-02	2.08e-06	0.00e+00	0.00e+00	0.00e+00
 1.27360e+16	9.12e-03	5.98e-01	3.84e-01	9.10e-03	1.34e-06	0.00e+00	0.00e+00	0.00e+00
 1.27704e+16	1.07e-02	6.41e-01	3.41e-01	7.01e-03	9.10e-07	0.00e+00	0.00e+00	0.00e+00
 1.27949e+16	1.20e-02	6.72e-01	3.10e-01	5.73e-03	0.00e+00	0.00e+00	0.00e+00	0.00e+00
 1.28195e+16	1.35e-02	7.03e-01	2.79e-01	4.59e-03	0.00e+00	0.00e+00	0.00e+00	0.00e+00
 1.28514e+16	1.57e-02	7.41e-01	2.40e-01	3.37e-03	0.00e+00	0.00e+00	0.00e+00	0.00e+00
 1.28833e+16	1.83e-02	7.77e-01	2.02e-01	2.39e-03	0.00e+00	0.00e+00	0.00e+00	0.00e+00
 1.29067e+16	2.06e-02	8.03e-01	1.74e-01	1.80e-03	0.00e+00	0.00e+00	0.00e+00	0.00e+00
 1.29251e+16	2.26e-02	8.22e-01	1.54e-01	1.42e-03	0.00e+00	0.00e+00	0.00e+00	0.00e+00
 1.29451e+16	2.50e-02	8.40e-01	1.34e-01	1.08e-03	0.00e+00	0.00e+00	0.00e+00	0.00e+00
 1.29711e+16	2.86e-02	8.61e-01	1.09e-01	7.43e-04	0.00e+00	0.00e+00	0.00e+00	0.00e+00
 1.29972e+16	3.29e-02	8.79e-01	8.74e-02	4.92e-04	0.00e+00	0.00e+00	0.00e+00	0.00e+00
 1.30167e+16	3.66e-02	8.90e-01	7.26e-02	3.52e-04	0.00e+00	0.00e+00	0.00e+00	0.00e+00
 1.30325e+16	4.00e-02	8.98e-01	6.19e-02	2.63e-04	0.00e+00	0.00e+00	0.00e+00	0.00e+00
 1.30499e+16	4.41e-02	9.04e-01	5.15e-02	1.89e-04	0.00e+00	0.00e+00	0.00e+00	0.00e+00
 1.30727e+16	5.03e-02	9.09e-01	4.00e-02	1.20e-04	0.00e+00	0.00e+00	0.00e+00	0.00e+00
 1.30955e+16	5.77e-02	9.12e-01	3.04e-02	7.32e-05	0.00e+00	0.00e+00	0.00e+00	0.00e+00
 1.31128e+16	6.42e-02	9.12e-01	2.42e-02	4.89e-05	0.00e+00	0.00e+00	0.00e+00	0.00e+00
 1.31268e+16	7.01e-02	9.10e-01	2.00e-02	3.50e-05	0.00e+00	0.00e+00	0.00e+00	0.00e+00
 1.31420e+16	7.73e-02	9.07e-01	1.61e-02	2.38e-05	0.00e+00	0.00e+00	0.00e+00	0.00e+00
 1.31590e+16	8.62e-02	9.01e-01	1.25e-02	1.53e-05	0.00e+00	0.00e+00	0.00e+00	0.00e+00
 1.31744e+16	9.52e-02	8.95e-01	9.86e-03	1.00e-05	0.00e+00	0.00e+00	0.00e+00	0.00e+00
 1.31880e+16	1.04e-01	8.88e-01	7.91e-03	6.80e-06	0.00e+00	0.00e+00	0.00e+00	0.00e+00
 1.32006e+16	1.13e-01	8.80e-01	6.41e-03	4.70e-06	0.00e+00	0.00e+00	0.00e+00	0.00e+00
 1.32122e+16	1.22e-01	8.73e-01	5.26e-03	3.32e-06	0.00e+00	0.00e+00	0.00e+00	0.00e+00
 1.32226e+16	1.31e-01	8.65e-01	4.37e-03	2.40e-06	0.00e+00	0.00e+00	0.00e+00	0.00e+00
 1.32324e+16	1.39e-01	8.57e-01	3.67e-03	1.76e-06	0.00e+00	0.00e+00	0.00e+00	0.00e+00
 1.32398e+16	1.46e-01	8.51e-01	3.21e-03	1.39e-06	0.00e+00	0.00e+00	0.00e+00	0.00e+00
 1.32446e+16	1.50e-01	8.47e-01	2.94e-03	1.19e-06	0.00e+00	0.00e+00	0.00e+00	0.00e+00
 1.32490e+16	1.55e-01	8.43e-01	2.70e-03	1.03e-06	0.00e+00	0.00e+00	0.00e+00	0.00e+00
 1.32543e+16	1.60e-01	8.37e-01	2.44e-03	8.60e-07	0.00e+00	0.00e+00	0.00e+00	0.00e+00
 1.32600e+16	1.66e-01	8.32e-01	2.19e-03	0.00e+00	0.00e+00	0.00e+00	0.00e+00	0.00e+00
 1.32655e+16	1.72e-01	8.26e-01	1.96e-03	0.00e+00	0.00e+00	0.00e+00	0.00e+00	0.00e+00
 1.32706e+16	1.78e-01	8.21e-01	1.78e-03	0.00e+00	0.00e+00	0.00e+00	0.00e+00	0.00e+00
 1.32758e+16	1.83e-01	8.15e-01	1.60e-03	0.00e+00	0.00e+00	0.00e+00	0.00e+00	0.00e+00
 1.32809e+16	1.89e-01	8.09e-01	1.44e-03	0.00e+00	0.00e+00	0.00e+00	0.00e+00	0.00e+00
 1.32860e+16	1.96e-01	8.03e-01	1.30e-03	0.00e+00	0.00e+00	0.00e+00	0.00e+00	0.00e+00
 1.32911e+16	2.02e-01	7.97e-01	1.17e-03	0.00e+00	0.00e+00	0.00e+00	0.00e+00	0.00e+00
 1.32961e+16	2.08e-01	7.91e-01	1.05e-03	0.00e+00	0.00e+00	0.00e+00	0.00e+00	0.00e+00
 1.33010e+16	2.14e-01	7.85e-01	9.50e-04	0.00e+00	0.00e+00	0.00e+00	0.00e+00	0.00e+00
 1.33060e+16	2.21e-01	7.78e-01	8.54e-04	0.00e+00	0.00e+00	0.00e+00	0.00e+00	0.00e+00
 1.33109e+16	2.28e-01	7.71e-01	7.68e-04	0.00e+00	0.00e+00	0.00e+00	0.00e+00	0.00e+00
 1.33157e+16	2.35e-01	7.65e-01	6.91e-04	0.00e+00	0.00e+00	0.00e+00	0.00e+00	0.00e+00
 1.33205e+16	2.42e-01	7.58e-01	6.21e-04	0.00e+00	0.00e+00	0.00e+00	0.00e+00	0.00e+00
 1.33253e+16	2.49e-01	7.50e-01	5.58e-04	0.00e+00	0.00e+00	0.00e+00	0.00e+00	0.00e+00
 1.33301e+16	2.56e-01	7.43e-01	5.01e-04	0.00e+00	0.00e+00	0.00e+00	0.00e+00	0.00e+00
 1.33347e+16	2.64e-01	7.36e-01	4.50e-04	0.00e+00	0.00e+00	0.00e+00	0.00e+00	0.00e+00
 1.33393e+16	2.71e-01	7.28e-01	4.04e-04	0.00e+00	0.00e+00	0.00e+00	0.00e+00	0.00e+00
 1.33440e+16	2.79e-01	7.20e-01	3.63e-04	0.00e+00	0.00e+00	0.00e+00	0.00e+00	0.00e+00
 1.33486e+16	2.87e-01	7.12e-01	3.25e-04	0.00e+00	0.00e+00	0.00e+00	0.00e+00	0.00e+00
 1.33532e+16	2.96e-01	7.04e-01	2.91e-04	0.00e+00	0.00e+00	0.00e+00	0.00e+00	0.00e+00
 1.33577e+16	3.05e-01	6.95e-01	2.61e-04	0.00e+00	0.00e+00	0.00e+00	0.00e+00	0.00e+00
 1.33621e+16	3.13e-01	6.86e-01	2.33e-04	0.00e+00	0.00e+00	0.00e+00	0.00e+00	0.00e+00
 1.33666e+16	3.23e-01	6.77e-01	2.09e-04	0.00e+00	0.00e+00	0.00e+00	0.00e+00	0.00e+00
 1.33710e+16	3.33e-01	6.67e-01	1.87e-04	0.00e+00	0.00e+00	0.00e+00	0.00e+00	0.00e+00
 1.33755e+16	3.43e-01	6.57e-01	1.67e-04	0.00e+00	0.00e+00	0.00e+00	0.00e+00	0.00e+00
 1.33798e+16	3.53e-01	6.47e-01	1.49e-04	0.00e+00	0.00e+00	0.00e+00	0.00e+00	0.00e+00
 1.33842e+16	3.64e-01	6.36e-01	1.33e-04	0.00e+00	0.00e+00	0.00e+00	0.00e+00	0.00e+00
 1.33884e+16	3.75e-01	6.25e-01	1.19e-04	0.00e+00	0.00e+00	0.00e+00	0.00e+00	0.00e+00
 1.33926e+16	3.87e-01	6.13e-01	1.06e-04	0.00e+00	0.00e+00	0.00e+00	0.00e+00	0.00e+00
 1.33968e+16	3.99e-01	6.01e-01	9.45e-05	0.00e+00	0.00e+00	0.00e+00	0.00e+00	0.00e+00
 1.34008e+16	4.11e-01	5.89e-01	8.44e-05	0.00e+00	0.00e+00	0.00e+00	0.00e+00	0.00e+00
 1.34049e+16	4.25e-01	5.75e-01	7.53e-05	0.00e+00	0.00e+00	0.00e+00	0.00e+00	0.00e+00
 1.34089e+16	4.38e-01	5.62e-01	6.73e-05	0.00e+00	0.00e+00	0.00e+00	0.00e+00	0.00e+00
 1.34128e+16	4.51e-01	5.49e-01	6.02e-05	0.00e+00	0.00e+00	0.00e+00	0.00e+00	0.00e+00
 1.34167e+16	4.67e-01	5.33e-01	5.35e-05	0.00e+00	0.00e+00	0.00e+00	0.00e+00	0.00e+00
 1.34207e+16	4.81e-01	5.19e-01	4.77e-05	0.00e+00	0.00e+00	0.00e+00	0.00e+00	0.00e+00
 1.34246e+16	4.97e-01	5.03e-01	4.24e-05	0.00e+00	0.00e+00	0.00e+00	0.00e+00	0.00e+00
 1.34285e+16	5.13e-01	4.87e-01	3.77e-05	0.00e+00	0.00e+00	0.00e+00	0.00e+00	0.00e+00
 1.34324e+16	5.30e-01	4.70e-01	3.35e-05	0.00e+00	0.00e+00	0.00e+00	0.00e+00	0.00e+00
 1.34363e+16	5.47e-01	4.53e-01	2.97e-05	0.00e+00	0.00e+00	0.00e+00	0.00e+00	0.00e+00
 1.34402e+16	5.68e-01	4.32e-01	2.61e-05	0.00e+00	0.00e+00	0.00e+00	0.00e+00	0.00e+00
 1.34442e+16	5.87e-01	4.13e-01	2.30e-05	0.00e+00	0.00e+00	0.00e+00	0.00e+00	0.00e+00
 1.34481e+16	6.06e-01	3.94e-01	2.03e-05	0.00e+00	0.00e+00	0.00e+00	0.00e+00	0.00e+00
 1.34521e+16	6.26e-01	3.74e-01	1.78e-05	0.00e+00	0.00e+00	0.00e+00	0.00e+00	0.00e+00
 1.34562e+16	6.47e-01	3.53e-01	1.56e-05	0.00e+00	0.00e+00	0.00e+00	0.00e+00	0.00e+00
 1.34604e+16	6.68e-01	3.32e-01	1.36e-05	0.00e+00	0.00e+00	0.00e+00	0.00e+00	0.00e+00
 1.34643e+16	6.87e-01	3.13e-01	1.20e-05	0.00e+00	0.00e+00	0.00e+00	0.00e+00	0.00e+00
 1.34676e+16	7.01e-01	2.99e-01	1.08e-05	0.00e+00	0.00e+00	0.00e+00	0.00e+00	0.00e+00
 1.34708e+16	7.16e-01	2.84e-01	9.77e-06	0.00e+00	0.00e+00	0.00e+00	0.00e+00	0.00e+00
 1.34741e+16	7.33e-01	2.67e-01	8.72e-06	0.00e+00	0.00e+00	0.00e+00	0.00e+00	0.00e+00
 1.34774e+16	7.47e-01	2.53e-01	7.90e-06	0.00e+00	0.00e+00	0.00e+00	0.00e+00	0.00e+00
 1.34806e+16	7.60e-01	2.40e-01	7.14e-06	0.00e+00	0.00e+00	0.00e+00	0.00e+00	0.00e+00
 1.34838e+16	7.74e-01	2.26e-01	6.43e-06	0.00e+00	0.00e+00	0.00e+00	0.00e+00	0.00e+00
 1.34871e+16	7.87e-01	2.13e-01	5.81e-06	0.00e+00	0.00e+00	0.00e+00	0.00e+00	0.00e+00
 1.34903e+16	8.00e-01	2.00e-01	5.26e-06	0.00e+00	0.00e+00	0.00e+00	0.00e+00	0.00e+00
 1.34935e+16	8.11e-01	1.89e-01	4.78e-06	0.00e+00	0.00e+00	0.00e+00	0.00e+00	0.00e+00
 1.34967e+16	8.22e-01	1.78e-01	4.34e-06	0.00e+00	0.00e+00	0.00e+00	0.00e+00	0.00e+00
 1.35000e+16	8.33e-01	1.67e-01	3.95e-06	0.00e+00	0.00e+00	0.00e+00	0.00e+00	0.00e+00
 1.35033e+16	8.42e-01	1.58e-01	3.60e-06	0.00e+00	0.00e+00	0.00e+00	0.00e+00	0.00e+00
 1.35066e+16	8.52e-01	1.48e-01	3.28e-06	0.00e+00	0.00e+00	0.00e+00	0.00e+00	0.00e+00
 1.35100e+16	8.61e-01	1.39e-01	2.98e-06	0.00e+00	0.00e+00	0.00e+00	0.00e+00	0.00e+00
 1.35136e+16	8.69e-01	1.31e-01	2.73e-06	0.00e+00	0.00e+00	0.00e+00	0.00e+00	0.00e+00
 1.35173e+16	8.78e-01	1.22e-01	2.49e-06	0.00e+00	0.00e+00	0.00e+00	0.00e+00	0.00e+00
 1.35209e+16	8.85e-01	1.15e-01	2.28e-06	0.00e+00	0.00e+00	0.00e+00	0.00e+00	0.00e+00
 1.35248e+16	8.92e-01	1.08e-01	2.09e-06	0.00e+00	0.00e+00	0.00e+00	0.00e+00	0.00e+00
 1.35288e+16	8.98e-01	1.02e-01	1.92e-06	0.00e+00	0.00e+00	0.00e+00	0.00e+00	0.00e+00
 1.35330e+16	9.04e-01	9.61e-02	1.76e-06	0.00e+00	0.00e+00	0.00e+00	0.00e+00	0.00e+00
 1.35373e+16	9.09e-01	9.05e-02	1.62e-06	0.00e+00	0.00e+00	0.00e+00	0.00e+00	0.00e+00
 1.35419e+16	9.15e-01	8.53e-02	1.50e-06	0.00e+00	0.00e+00	0.00e+00	0.00e+00	0.00e+00
 1.35467e+16	9.20e-01	8.04e-02	1.38e-06	0.00e+00	0.00e+00	0.00e+00	0.00e+00	0.00e+00
 1.35519e+16	9.24e-01	7.58e-02	1.27e-06	0.00e+00	0.00e+00	0.00e+00	0.00e+00	0.00e+00
 1.35574e+16	9.29e-01	7.15e-02	1.18e-06	0.00e+00	0.00e+00	0.00e+00	0.00e+00	0.00e+00
 1.35634e+16	9.33e-01	6.74e-02	1.09e-06	0.00e+00	0.00e+00	0.00e+00	0.00e+00	0.00e+00
 1.35698e+16	9.36e-01	6.36e-02	1.01e-06	0.00e+00	0.00e+00	0.00e+00	0.00e+00	0.00e+00
 1.35769e+16	9.40e-01	6.00e-02	9.30e-07	0.00e+00	0.00e+00	0.00e+00	0.00e+00	0.00e+00
 1.35845e+16	9.43e-01	5.65e-02	8.59e-07	0.00e+00	0.00e+00	0.00e+00	0.00e+00	0.00e+00
 1.35930e+16	9.47e-01	5.33e-02	7.94e-07	0.00e+00	0.00e+00	0.00e+00	0.00e+00	0.00e+00
 1.36022e+16	9.50e-01	5.02e-02	7.33e-07	0.00e+00	0.00e+00	0.00e+00	0.00e+00	0.00e+00
 1.36125e+16	9.53e-01	4.72e-02	6.76e-07	0.00e+00	0.00e+00	0.00e+00	0.00e+00	0.00e+00
 1.36237e+16	9.56e-01	4.44e-02	6.22e-07	0.00e+00	0.00e+00	0.00e+00	0.00e+00	0.00e+00
 1.36361e+16	9.58e-01	4.16e-02	5.71e-07	0.00e+00	0.00e+00	0.00e+00	0.00e+00	0.00e+00
