#depth	N	N+	N+2	N+3	N+4	N+5	N+6	N+7
 1.49634e+10	0.00e+00	0.00e+00	5.33e-31	1.96e-21	1.99e-12	8.41e-03	8.49e-01	1.42e-01
 4.54887e+10	0.00e+00	5.02e-41	7.42e-31	2.53e-21	2.37e-12	9.25e-03	8.58e-01	1.33e-01
 7.72350e+10	0.00e+00	0.00e+00	1.03e-30	3.25e-21	2.81e-12	1.02e-02	8.66e-01	1.24e-01
 1.10251e+11	0.00e+00	1.14e-40	1.44e-30	4.18e-21	3.34e-12	1.12e-02	8.73e-01	1.16e-01
 1.42275e+11	0.00e+00	0.00e+00	1.95e-30	5.28e-21	3.93e-12	1.22e-02	8.80e-01	1.08e-01
 1.72480e+11	0.00e+00	2.36e-40	2.59e-30	6.54e-21	4.55e-12	1.32e-02	8.85e-01	1.02e-01
 2.06207e+11	0.00e+00	0.00e+00	3.50e-30	8.22e-21	5.32e-12	1.44e-02	8.90e-01	9.53e-02
 2.44382e+11	0.00e+00	5.14e-40	4.86e-30	1.06e-20	6.31e-12	1.57e-02	8.96e-01	8.86e-02
 2.82467e+11	0.00e+00	0.00e+00	6.65e-30	1.34e-20	7.43e-12	1.72e-02	9.00e-01	8.25e-02
 3.16233e+11	0.00e+00	1.06e-39	8.71e-30	1.65e-20	8.54e-12	1.85e-02	9.04e-01	7.77e-02
 3.46311e+11	0.00e+00	0.00e+00	1.10e-29	1.96e-20	9.63e-12	1.97e-02	9.07e-01	7.37e-02
 3.80664e+11	0.00e+00	1.95e-39	1.42e-29	2.39e-20	1.10e-11	2.12e-02	9.09e-01	6.94e-02
 4.23046e+11	0.00e+00	0.00e+00	1.93e-29	3.01e-20	1.29e-11	2.31e-02	9.12e-01	6.47e-02
 4.66772e+11	0.00e+00	4.17e-39	2.62e-29	3.80e-20	1.51e-11	2.51e-02	9.15e-01	6.02e-02
 5.06891e+11	0.00e+00	0.00e+00	3.44e-29	4.66e-20	1.73e-11	2.70e-02	9.17e-01	5.65e-02
 5.51414e+11	0.00e+00	8.37e-39	4.59e-29	5.80e-20	2.01e-11	2.92e-02	9.18e-01	5.28e-02
 6.03073e+11	0.00e+00	0.00e+00	6.35e-29	7.42e-20	2.38e-11	3.18e-02	9.19e-01	4.88e-02
 6.54342e+11	0.00e+00	1.84e-38	8.66e-29	9.37e-20	2.79e-11	3.46e-02	9.20e-01	4.53e-02
 7.07662e+11	0.00e+00	0.00e+00	1.18e-28	1.18e-19	3.26e-11	3.76e-02	9.20e-01	4.20e-02
 7.65895e+11	0.00e+00	4.06e-38	1.63e-28	1.51e-19	3.85e-11	4.09e-02	9.20e-01	3.88e-02
 8.26458e+11	0.00e+00	0.00e+00	2.26e-28	1.94e-19	4.55e-11	4.46e-02	9.20e-01	3.58e-02
 8.89443e+11	0.00e+00	9.12e-38	3.13e-28	2.47e-19	5.36e-11	4.86e-02	9.18e-01	3.30e-02
 9.47376e+11	0.00e+00	0.00e+00	4.18e-28	3.08e-19	6.21e-11	5.23e-02	9.17e-01	3.07e-02
 9.97085e+11	0.00e+00	1.76e-37	5.31e-28	3.69e-19	7.01e-11	5.57e-02	9.15e-01	2.89e-02
 1.05202e+12	0.00e+00	0.00e+00	6.87e-28	4.47e-19	7.98e-11	5.95e-02	9.13e-01	2.70e-02
 1.11970e+12	0.00e+00	3.57e-37	9.35e-28	5.64e-19	9.32e-11	6.43e-02	9.11e-01	2.50e-02
 1.18855e+12	0.00e+00	0.00e+00	1.26e-27	7.08e-19	1.08e-10	6.95e-02	9.07e-01	2.31e-02
 1.24898e+12	0.00e+00	7.15e-37	1.63e-27	8.58e-19	1.23e-10	7.41e-02	9.04e-01	2.16e-02
 1.31386e+12	0.00e+00	0.00e+00	2.13e-27	1.05e-18	1.41e-10	7.92e-02	9.01e-01	2.01e-02
 1.39250e+12	0.00e+00	1.48e-36	2.92e-27	1.33e-18	1.65e-10	8.56e-02	8.96e-01	1.85e-02
 1.47114e+12	1.38e-46	2.16e-36	3.96e-27	1.67e-18	1.92e-10	9.22e-02	8.91e-01	1.71e-02
 1.54162e+12	0.00e+00	0.00e+00	5.14e-27	2.03e-18	2.18e-10	9.83e-02	8.86e-01	1.59e-02
 1.61941e+12	0.00e+00	4.27e-36	6.82e-27	2.51e-18	2.51e-10	1.05e-01	8.80e-01	1.47e-02
 1.71161e+12	5.11e-46	6.40e-36	9.43e-27	3.19e-18	2.95e-10	1.14e-01	8.73e-01	1.34e-02
 1.80291e+12	0.00e+00	0.00e+00	1.29e-26	4.03e-18	3.44e-10	1.22e-01	8.65e-01	1.23e-02
 1.88499e+12	0.00e+00	1.32e-35	1.69e-26	4.94e-18	3.93e-10	1.31e-01	8.58e-01	1.14e-02
 1.97470e+12	1.89e-45	1.90e-35	2.25e-26	6.12e-18	4.52e-10	1.40e-01	8.50e-01	1.05e-02
 2.08087e+12	0.00e+00	0.00e+00	3.13e-26	7.83e-18	5.31e-10	1.51e-01	8.40e-01	9.54e-03
 2.18588e+12	0.00e+00	4.26e-35	4.29e-26	9.91e-18	6.19e-10	1.62e-01	8.30e-01	8.69e-03
 2.28270e+12	7.68e-45	6.08e-35	5.69e-26	1.22e-17	7.11e-10	1.72e-01	8.20e-01	7.98e-03
 2.39144e+12	0.00e+00	0.00e+00	7.74e-26	1.54e-17	8.25e-10	1.84e-01	8.08e-01	7.27e-03
 2.51692e+12	0.00e+00	1.37e-34	1.09e-25	1.99e-17	9.73e-10	1.99e-01	7.95e-01	6.54e-03
 2.63981e+12	3.35e-44	2.07e-34	1.51e-25	2.53e-17	1.14e-09	2.13e-01	7.81e-01	5.91e-03
 2.75737e+12	0.00e+00	3.01e-34	2.04e-25	3.17e-17	1.31e-09	2.27e-01	7.67e-01	5.37e-03
 2.88736e+12	8.60e-44	4.50e-34	2.81e-25	4.02e-17	1.53e-09	2.43e-01	7.52e-01	4.83e-03
 3.01522e+12	0.00e+00	6.60e-34	3.81e-25	5.04e-17	1.77e-09	2.59e-01	7.37e-01	4.37e-03
 3.12050e+12	1.97e-43	8.95e-34	4.86e-25	6.04e-17	1.99e-09	2.72e-01	7.24e-01	4.03e-03
 3.23250e+12	0.00e+00	1.23e-33	6.24e-25	7.27e-17	2.24e-09	2.86e-01	7.11e-01	3.69e-03
 3.37668e+12	4.64e-43	1.81e-33	8.53e-25	9.16e-17	2.59e-09	3.04e-01	6.93e-01	3.31e-03
 3.52940e+12	0.00e+00	2.71e-33	1.17e-24	1.16e-16	3.01e-09	3.23e-01	6.74e-01	2.96e-03
 3.65623e+12	1.11e-42	3.72e-33	1.51e-24	1.40e-16	3.39e-09	3.39e-01	6.59e-01	2.70e-03
 3.76515e+12	0.00e+00	4.86e-33	1.87e-24	1.64e-16	3.74e-09	3.52e-01	6.46e-01	2.49e-03
 3.88919e+12	2.18e-42	6.51e-33	2.36e-24	1.94e-16	4.16e-09	3.67e-01	6.31e-01	2.28e-03
 4.05044e+12	0.00e+00	9.42e-33	3.16e-24	2.41e-16	4.76e-09	3.87e-01	6.11e-01	2.04e-03
 4.21820e+12	5.33e-42	1.36e-32	4.23e-24	2.99e-16	5.45e-09	4.07e-01	5.91e-01	1.82e-03
 4.35948e+12	0.00e+00	1.83e-32	5.36e-24	3.56e-16	6.07e-09	4.23e-01	5.75e-01	1.66e-03
 4.50817e+12	1.11e-41	2.48e-32	6.81e-24	4.25e-16	6.77e-09	4.40e-01	5.58e-01	1.50e-03
 4.69902e+12	0.00e+00	3.61e-32	9.16e-24	5.28e-16	7.74e-09	4.62e-01	5.37e-01	1.33e-03
 4.89514e+12	2.72e-41	5.21e-32	1.23e-23	6.54e-16	8.83e-09	4.83e-01	5.16e-01	1.17e-03
 5.06090e+12	0.00e+00	7.03e-32	1.55e-23	7.78e-16	9.81e-09	5.00e-01	4.99e-01	1.06e-03
 5.23676e+12	5.68e-41	9.54e-32	1.98e-23	9.28e-16	1.09e-08	5.18e-01	4.81e-01	9.51e-04
 5.45784e+12	0.00e+00	1.38e-31	2.64e-23	1.15e-15	1.24e-08	5.40e-01	4.59e-01	8.33e-04
 5.68563e+12	1.38e-40	1.98e-31	3.52e-23	1.42e-15	1.41e-08	5.61e-01	4.38e-01	7.30e-04
 5.88676e+12	0.00e+00	2.69e-31	4.49e-23	1.69e-15	1.57e-08	5.79e-01	4.20e-01	6.51e-04
 6.10533e+12	2.97e-40	3.71e-31	5.78e-23	2.03e-15	1.75e-08	5.98e-01	4.01e-01	5.77e-04
 6.34856e+12	0.00e+00	5.23e-31	7.58e-23	2.47e-15	1.96e-08	6.18e-01	3.82e-01	5.05e-04
 6.58675e+12	6.68e-40	7.22e-31	9.76e-23	2.97e-15	2.19e-08	6.36e-01	3.63e-01	4.45e-04
 6.81995e+12	0.00e+00	9.75e-31	1.24e-22	3.52e-15	2.42e-08	6.53e-01	3.47e-01	3.95e-04
 7.08374e+12	1.44e-39	1.36e-30	1.60e-22	4.25e-15	2.70e-08	6.71e-01	3.28e-01	3.45e-04
 7.35930e+12	0.00e+00	1.89e-30	2.08e-22	5.12e-15	3.01e-08	6.89e-01	3.11e-01	3.01e-04
 7.59421e+12	3.00e-39	2.47e-30	2.57e-22	5.97e-15	3.29e-08	7.03e-01	2.96e-01	2.69e-04
 7.80258e+12	0.00e+00	3.12e-30	3.08e-22	6.79e-15	3.55e-08	7.15e-01	2.84e-01	2.44e-04
 8.03240e+12	5.39e-39	4.00e-30	3.75e-22	7.83e-15	3.85e-08	7.28e-01	2.72e-01	2.19e-04
 8.33116e+12	0.00e+00	5.46e-30	4.78e-22	9.33e-15	4.25e-08	7.43e-01	2.57e-01	1.91e-04
 8.63808e+12	1.15e-38	7.42e-30	6.08e-22	1.11e-14	4.70e-08	7.58e-01	2.42e-01	1.67e-04
 8.89236e+12	0.00e+00	9.47e-30	7.36e-22	1.27e-14	5.07e-08	7.69e-01	2.31e-01	1.50e-04
 9.15972e+12	2.10e-38	1.22e-29	8.97e-22	1.46e-14	5.50e-08	7.80e-01	2.19e-01	1.33e-04
 9.50728e+12	0.00e+00	1.67e-29	1.15e-21	1.75e-14	6.08e-08	7.94e-01	2.06e-01	1.15e-04
 9.87364e+12	4.55e-38	2.29e-29	1.47e-21	2.09e-14	6.72e-08	8.07e-01	1.93e-01	9.95e-05
 1.01913e+13	0.00e+00	2.98e-29	1.81e-21	2.42e-14	7.30e-08	8.18e-01	1.82e-01	8.78e-05
 1.05311e+13	8.78e-38	3.92e-29	2.24e-21	2.82e-14	7.95e-08	8.28e-01	1.72e-01	7.71e-05
 1.09525e+13	0.00e+00	5.43e-29	2.89e-21	3.39e-14	8.80e-08	8.40e-01	1.60e-01	6.59e-05
 1.13870e+13	1.94e-37	7.49e-29	3.72e-21	4.06e-14	9.74e-08	8.51e-01	1.49e-01	5.62e-05
 1.17815e+13	0.00e+00	9.91e-29	4.63e-21	4.74e-14	1.06e-07	8.61e-01	1.39e-01	4.90e-05
 1.22173e+13	3.93e-37	1.34e-28	5.86e-21	5.62e-14	1.17e-07	8.70e-01	1.30e-01	4.21e-05
 1.27280e+13	0.00e+00	1.87e-28	7.63e-21	6.78e-14	1.29e-07	8.80e-01	1.20e-01	3.55e-05
 1.32400e+13	8.77e-37	2.58e-28	9.83e-21	8.13e-14	1.43e-07	8.89e-01	1.11e-01	3.01e-05
 1.37030e+13	0.00e+00	3.41e-28	1.22e-20	9.52e-14	1.56e-07	8.96e-01	1.03e-01	2.60e-05
 1.41981e+13	1.75e-36	4.55e-28	1.53e-20	1.12e-13	1.70e-07	9.04e-01	9.63e-02	2.24e-05
 1.47546e+13	0.00e+00	6.20e-28	1.96e-20	1.33e-13	1.88e-07	9.11e-01	8.90e-02	1.90e-05
 1.52834e+13	3.59e-36	8.23e-28	2.45e-20	1.57e-13	2.05e-07	9.17e-01	8.28e-02	1.63e-05
 1.57298e+13	0.00e+00	1.04e-27	2.94e-20	1.79e-13	2.20e-07	9.22e-01	7.79e-02	1.44e-05
 1.61132e+13	6.00e-36	1.25e-27	3.41e-20	1.99e-13	2.33e-07	9.26e-01	7.42e-02	1.30e-05
 1.65483e+13	0.00e+00	1.55e-27	4.03e-20	2.25e-13	2.50e-07	9.30e-01	7.01e-02	1.15e-05
 1.71138e+13	1.07e-35	2.02e-27	4.98e-20	2.62e-13	2.71e-07	9.35e-01	6.52e-02	9.94e-06
 1.77051e+13	0.00e+00	2.64e-27	6.16e-20	3.05e-13	2.95e-07	9.39e-01	6.06e-02	8.55e-06
 1.82067e+13	1.93e-35	3.29e-27	7.32e-20	3.46e-13	3.16e-07	9.43e-01	5.71e-02	7.56e-06
 1.87354e+13	0.00e+00	4.12e-27	8.74e-20	3.93e-13	3.39e-07	9.46e-01	5.37e-02	6.66e-06
 1.94227e+13	3.56e-35	5.45e-27	1.09e-19	4.62e-13	3.70e-07	9.50e-01	4.97e-02	5.68e-06
 2.01367e+13	0.00e+00	7.21e-27	1.36e-19	5.43e-13	4.04e-07	9.54e-01	4.59e-02	4.83e-06
 2.07376e+13	6.56e-35	9.04e-27	1.63e-19	6.18e-13	4.34e-07	9.57e-01	4.30e-02	4.24e-06
 2.13710e+13	0.00e+00	1.14e-26	1.96e-19	7.06e-13	4.66e-07	9.60e-01	4.03e-02	3.71e-06
 2.21785e+13	1.22e-34	1.51e-26	2.45e-19	8.31e-13	5.10e-07	9.63e-01	3.72e-02	3.15e-06
 2.30252e+13	0.00e+00	2.02e-26	3.08e-19	9.80e-13	5.58e-07	9.66e-01	3.42e-02	2.66e-06
 2.37765e+13	2.33e-34	2.57e-26	3.74e-19	1.13e-12	6.02e-07	9.68e-01	3.19e-02	2.31e-06
 2.45912e+13	3.17e-34	3.32e-26	4.57e-19	1.30e-12	6.51e-07	9.70e-01	2.97e-02	1.99e-06
 2.55676e+13	4.54e-34	4.47e-26	5.77e-19	1.54e-12	7.13e-07	9.73e-01	2.73e-02	1.68e-06
 2.65710e+13	6.46e-34	5.97e-26	7.26e-19	1.82e-12	7.80e-07	9.75e-01	2.51e-02	1.42e-06
 2.74320e+13	8.66e-34	7.60e-26	8.78e-19	2.08e-12	8.39e-07	9.77e-01	2.34e-02	1.23e-06
 2.81657e+13	1.11e-33	9.29e-26	1.03e-18	2.33e-12	8.90e-07	9.78e-01	2.21e-02	1.10e-06
 2.89943e+13	1.44e-33	1.16e-25	1.22e-18	2.63e-12	9.51e-07	9.79e-01	2.08e-02	9.71e-07
 3.00668e+13	2.02e-33	1.52e-25	1.51e-18	3.07e-12	1.03e-06	9.81e-01	1.92e-02	0.00e+00
 3.12056e+13	2.84e-33	2.01e-25	1.88e-18	3.59e-12	1.12e-06	9.82e-01	1.78e-02	0.00e+00
 3.21930e+13	3.80e-33	2.55e-25	2.26e-18	4.08e-12	1.20e-06	9.83e-01	1.66e-02	0.00e+00
 3.30786e+13	4.88e-33	3.13e-25	2.66e-18	4.57e-12	1.28e-06	9.84e-01	1.57e-02	0.00e+00
 3.40739e+13	6.44e-33	3.93e-25	3.16e-18	5.17e-12	1.36e-06	9.85e-01	1.48e-02	0.00e+00
 3.53442e+13	9.05e-33	5.18e-25	3.93e-18	6.01e-12	1.47e-06	9.86e-01	1.37e-02	0.00e+00
 3.66502e+13	1.27e-32	6.83e-25	4.86e-18	6.98e-12	1.59e-06	9.87e-01	1.27e-02	0.00e+00
 3.77740e+13	1.69e-32	8.60e-25	5.81e-18	7.90e-12	1.70e-06	9.88e-01	1.19e-02	0.00e+00
 3.89826e+13	2.27e-32	1.10e-24	6.99e-18	8.98e-12	1.82e-06	9.89e-01	1.12e-02	0.00e+00
 4.04739e+13	3.23e-32	1.46e-24	8.72e-18	1.05e-11	1.97e-06	9.90e-01	1.03e-02	0.00e+00
 4.20080e+13	4.60e-32	1.94e-24	1.09e-17	1.22e-11	2.13e-06	9.90e-01	9.55e-03	0.00e+00
 4.33997e+13	6.26e-32	2.49e-24	1.32e-17	1.39e-11	2.28e-06	9.91e-01	8.94e-03	0.00e+00
 4.49311e+13	8.71e-32	3.26e-24	1.61e-17	1.60e-11	2.45e-06	9.92e-01	8.32e-03	0.00e+00
 4.67276e+13	1.26e-31	4.40e-24	2.03e-17	1.88e-11	2.67e-06	9.92e-01	7.68e-03	0.00e+00
 4.84458e+13	1.78e-31	5.81e-24	2.52e-17	2.17e-11	2.87e-06	9.93e-01	7.13e-03	0.00e+00
 4.99397e+13	2.38e-31	7.35e-24	3.01e-17	2.46e-11	3.06e-06	9.93e-01	6.70e-03	0.00e+00
 5.15649e+13	3.24e-31	9.42e-24	3.64e-17	2.79e-11	3.27e-06	9.94e-01	6.28e-03	0.00e+00
 5.35482e+13	4.64e-31	1.26e-23	4.54e-17	3.25e-11	3.54e-06	9.94e-01	5.81e-03	0.00e+00
 5.55527e+13	6.60e-31	1.67e-23	5.64e-17	3.78e-11	3.82e-06	9.95e-01	5.39e-03	0.00e+00
 5.72516e+13	8.82e-31	2.11e-23	6.74e-17	4.26e-11	4.07e-06	9.95e-01	5.07e-03	0.00e+00
 5.86890e+13	1.12e-30	2.56e-23	7.80e-17	4.71e-11	4.28e-06	9.95e-01	4.82e-03	0.00e+00
 6.02493e+13	1.44e-30	3.14e-23	9.11e-17	5.24e-11	4.52e-06	9.95e-01	4.57e-03	0.00e+00
 6.22778e+13	1.98e-30	4.06e-23	1.11e-16	5.99e-11	4.84e-06	9.96e-01	4.27e-03	0.00e+00
 6.43768e+13	2.71e-30	5.24e-23	1.35e-16	6.84e-11	5.19e-06	9.96e-01	3.99e-03	0.00e+00
 6.61294e+13	3.52e-30	6.46e-23	1.58e-16	7.62e-11	5.48e-06	9.96e-01	3.76e-03	0.00e+00
 6.79699e+13	4.58e-30	7.99e-23	1.86e-16	8.52e-11	5.80e-06	9.96e-01	3.56e-03	0.00e+00
 7.03626e+13	6.38e-30	1.04e-22	2.28e-16	9.80e-11	6.24e-06	9.97e-01	3.31e-03	0.00e+00
 7.28514e+13	8.90e-30	1.37e-22	2.80e-16	1.13e-10	6.70e-06	9.97e-01	3.08e-03	0.00e+00
 7.49580e+13	1.17e-29	1.71e-22	3.31e-16	1.26e-10	7.11e-06	9.97e-01	2.91e-03	0.00e+00
 7.71891e+13	1.55e-29	2.14e-22	3.94e-16	1.42e-10	7.55e-06	9.97e-01	2.74e-03	0.00e+00
 8.00342e+13	2.19e-29	2.83e-22	4.88e-16	1.65e-10	8.15e-06	9.97e-01	2.54e-03	0.00e+00
 8.29839e+13	3.10e-29	3.75e-22	6.04e-16	1.91e-10	8.78e-06	9.98e-01	2.36e-03	0.00e+00
 8.55531e+13	4.16e-29	4.75e-22	7.24e-16	2.16e-10	9.35e-06	9.98e-01	2.22e-03	0.00e+00
 8.83210e+13	5.65e-29	6.08e-22	8.74e-16	2.45e-10	9.99e-06	9.98e-01	2.08e-03	0.00e+00
 9.16982e+13	8.09e-29	8.12e-22	1.09e-15	2.86e-10	1.08e-05	9.98e-01	1.92e-03	0.00e+00
 9.50709e+13	1.14e-28	1.08e-21	1.35e-15	3.30e-10	1.16e-05	9.98e-01	1.78e-03	0.00e+00
 9.80456e+13	1.54e-28	1.37e-21	1.62e-15	3.74e-10	1.24e-05	9.98e-01	1.67e-03	0.00e+00
 1.01299e+14	2.11e-28	1.76e-21	1.97e-15	4.27e-10	1.33e-05	9.98e-01	1.56e-03	0.00e+00
 1.05216e+14	3.03e-28	2.36e-21	2.46e-15	4.98e-10	1.44e-05	9.99e-01	1.45e-03	0.00e+00
 1.09120e+14	4.30e-28	3.13e-21	3.05e-15	5.77e-10	1.55e-05	9.99e-01	1.34e-03	0.00e+00
 1.12647e+14	5.84e-28	4.01e-21	3.68e-15	6.55e-10	1.66e-05	9.99e-01	1.26e-03	0.00e+00
 1.16561e+14	8.11e-28	5.22e-21	4.51e-15	7.52e-10	1.78e-05	9.99e-01	1.17e-03	0.00e+00
 1.21163e+14	1.18e-27	7.05e-21	5.67e-15	8.80e-10	1.93e-05	9.99e-01	1.08e-03	0.00e+00
 1.25706e+14	1.68e-27	9.40e-21	7.05e-15	1.02e-09	2.08e-05	9.99e-01	1.00e-03	0.00e+00
 1.29950e+14	2.31e-27	1.22e-20	8.58e-15	1.17e-09	2.22e-05	9.99e-01	9.37e-04	0.00e+00
 1.34697e+14	3.27e-27	1.61e-20	1.06e-14	1.35e-09	2.39e-05	9.99e-01	8.71e-04	0.00e+00
 1.39614e+14	4.63e-27	2.13e-20	1.31e-14	1.56e-09	2.58e-05	9.99e-01	8.09e-04	0.00e+00
 1.43847e+14	6.18e-27	2.69e-20	1.57e-14	1.76e-09	2.74e-05	9.99e-01	7.61e-04	0.00e+00
 1.47581e+14	7.94e-27	3.28e-20	1.82e-14	1.95e-09	2.89e-05	9.99e-01	7.23e-04	0.00e+00
 1.51636e+14	1.03e-26	4.06e-20	2.14e-14	2.17e-09	3.05e-05	9.99e-01	6.84e-04	0.00e+00
 1.56908e+14	1.44e-26	5.31e-20	2.62e-14	2.49e-09	3.27e-05	9.99e-01	6.38e-04	0.00e+00
 1.62277e+14	2.00e-26	6.91e-20	3.21e-14	2.85e-09	3.51e-05	9.99e-01	5.95e-04	0.00e+00
 1.66649e+14	2.60e-26	8.53e-20	3.76e-14	3.17e-09	3.70e-05	9.99e-01	5.64e-04	0.00e+00
 1.71208e+14	3.38e-26	1.05e-19	4.41e-14	3.53e-09	3.91e-05	9.99e-01	5.34e-04	0.00e+00
 1.77134e+14	4.73e-26	1.38e-19	5.40e-14	4.05e-09	4.19e-05	9.99e-01	4.99e-04	0.00e+00
 1.83390e+14	6.65e-26	1.81e-19	6.64e-14	4.65e-09	4.49e-05	9.99e-01	4.65e-04	0.00e+00
 1.88809e+14	8.87e-26	2.28e-19	7.90e-14	5.22e-09	4.76e-05	1.00e+00	4.38e-04	0.00e+00
 1.94590e+14	1.19e-25	2.90e-19	9.45e-14	5.90e-09	5.06e-05	1.00e+00	4.13e-04	0.00e+00
 2.01830e+14	1.71e-25	3.87e-19	1.18e-13	6.82e-09	5.45e-05	1.00e+00	3.83e-04	0.00e+00
 2.09297e+14	2.45e-25	5.16e-19	1.46e-13	7.89e-09	5.86e-05	1.00e+00	3.56e-04	0.00e+00
 2.15910e+14	3.34e-25	6.61e-19	1.76e-13	8.93e-09	6.24e-05	1.00e+00	3.35e-04	0.00e+00
 2.23083e+14	4.62e-25	8.57e-19	2.14e-13	1.02e-08	6.66e-05	1.00e+00	3.14e-04	0.00e+00
 2.31694e+14	6.74e-25	1.16e-18	2.68e-13	1.18e-08	7.18e-05	1.00e+00	2.91e-04	0.00e+00
 2.40266e+14	9.68e-25	1.55e-18	3.33e-13	1.37e-08	7.72e-05	1.00e+00	2.70e-04	0.00e+00
 2.48013e+14	1.33e-24	2.00e-18	4.03e-13	1.55e-08	8.23e-05	1.00e+00	2.54e-04	0.00e+00
 2.56599e+14	1.87e-24	2.62e-18	4.94e-13	1.78e-08	8.81e-05	1.00e+00	2.37e-04	0.00e+00
 2.66696e+14	2.74e-24	3.57e-18	6.23e-13	2.07e-08	9.51e-05	1.00e+00	2.19e-04	0.00e+00
 2.76695e+14	3.96e-24	4.79e-18	7.77e-13	2.40e-08	1.02e-04	1.00e+00	2.04e-04	0.00e+00
 2.86066e+14	5.52e-24	6.25e-18	9.48e-13	2.74e-08	1.09e-04	1.00e+00	1.91e-04	0.00e+00
 2.96511e+14	7.89e-24	8.31e-18	1.17e-12	3.16e-08	1.18e-04	1.00e+00	1.78e-04	0.00e+00
 3.08401e+14	1.17e-23	1.14e-17	1.49e-12	3.70e-08	1.27e-04	1.00e+00	1.64e-04	0.00e+00
 3.18397e+14	1.61e-23	1.47e-17	1.80e-12	4.21e-08	1.36e-04	1.00e+00	1.54e-04	0.00e+00
 3.25609e+14	2.01e-23	1.75e-17	2.06e-12	4.60e-08	1.42e-04	1.00e+00	1.47e-04	0.00e+00
 3.33146e+14	2.52e-23	2.10e-17	2.36e-12	5.04e-08	1.48e-04	1.00e+00	1.41e-04	0.00e+00
 3.42945e+14	3.35e-23	2.65e-17	2.81e-12	5.66e-08	1.57e-04	1.00e+00	1.33e-04	0.00e+00
 3.53817e+14	4.57e-23	3.39e-17	3.38e-12	6.41e-08	1.67e-04	1.00e+00	1.25e-04	0.00e+00
 3.63947e+14	6.04e-23	4.25e-17	4.00e-12	7.18e-08	1.77e-04	1.00e+00	1.18e-04	0.00e+00
 3.74976e+14	8.11e-23	5.38e-17	4.78e-12	8.09e-08	1.88e-04	1.00e+00	1.11e-04	0.00e+00
 3.87329e+14	1.12e-22	6.95e-17	5.80e-12	9.22e-08	2.01e-04	1.00e+00	1.04e-04	0.00e+00
 3.99014e+14	1.50e-22	8.79e-17	6.93e-12	1.04e-07	2.14e-04	1.00e+00	9.76e-05	0.00e+00
 4.11817e+14	2.04e-22	1.13e-16	8.37e-12	1.18e-07	2.28e-04	1.00e+00	9.15e-05	0.00e+00
 4.26147e+14	2.85e-22	1.48e-16	1.03e-11	1.35e-07	2.44e-04	1.00e+00	8.53e-05	0.00e+00
 4.39741e+14	3.87e-22	1.89e-16	1.24e-11	1.54e-07	2.61e-04	1.00e+00	8.00e-05	0.00e+00
 4.54691e+14	5.36e-22	2.46e-16	1.51e-11	1.76e-07	2.79e-04	1.00e+00	7.47e-05	0.00e+00
 4.71285e+14	7.60e-22	3.25e-16	1.87e-11	2.03e-07	3.01e-04	1.00e+00	6.94e-05	0.00e+00
 4.86641e+14	1.04e-21	4.18e-16	2.26e-11	2.31e-07	3.21e-04	1.00e+00	6.49e-05	0.00e+00
 5.03229e+14	1.43e-21	5.43e-16	2.76e-11	2.65e-07	3.44e-04	1.00e+00	6.06e-05	0.00e+00
 5.21784e+14	2.03e-21	7.20e-16	3.42e-11	3.06e-07	3.71e-04	1.00e+00	5.62e-05	0.00e+00
 5.39167e+14	2.79e-21	9.29e-16	4.15e-11	3.50e-07	3.97e-04	1.00e+00	5.25e-05	0.00e+00
 5.58038e+14	3.87e-21	1.21e-15	5.09e-11	4.02e-07	4.27e-04	1.00e+00	4.88e-05	0.00e+00
 5.79087e+14	5.52e-21	1.62e-15	6.34e-11	4.68e-07	4.62e-04	9.99e-01	4.52e-05	0.00e+00
 5.98680e+14	7.58e-21	2.09e-15	7.73e-11	5.35e-07	4.95e-04	9.99e-01	4.21e-05	0.00e+00
 6.19864e+14	1.06e-20	2.73e-15	9.49e-11	6.16e-07	5.33e-04	9.99e-01	3.92e-05	0.00e+00
 6.43405e+14	1.50e-20	3.63e-15	1.18e-10	7.18e-07	5.77e-04	9.99e-01	3.62e-05	0.00e+00
 6.65366e+14	2.07e-20	4.71e-15	1.44e-10	8.22e-07	6.19e-04	9.99e-01	3.37e-05	0.00e+00
 6.89271e+14	2.88e-20	6.17e-15	1.78e-10	9.49e-07	6.67e-04	9.99e-01	3.13e-05	0.00e+00
 7.14153e+14	4.02e-20	8.10e-15	2.19e-10	1.10e-06	7.19e-04	9.99e-01	2.90e-05	0.00e+00
 7.35189e+14	5.28e-20	1.01e-14	2.60e-10	1.23e-06	7.65e-04	9.99e-01	2.73e-05	0.00e+00
 7.53481e+14	6.65e-20	1.22e-14	3.00e-10	1.36e-06	8.06e-04	9.99e-01	2.59e-05	0.00e+00
 7.73320e+14	8.49e-20	1.49e-14	3.50e-10	1.52e-06	8.52e-04	9.99e-01	2.45e-05	0.00e+00
 7.99112e+14	1.15e-19	1.91e-14	4.25e-10	1.73e-06	9.14e-04	9.99e-01	2.28e-05	0.00e+00
 8.25384e+14	1.56e-19	2.44e-14	5.14e-10	1.98e-06	9.79e-04	9.99e-01	2.13e-05	0.00e+00
 8.46719e+14	1.98e-19	2.97e-14	5.97e-10	2.19e-06	1.03e-03	9.99e-01	2.02e-05	0.00e+00
 8.68890e+14	2.52e-19	3.61e-14	6.95e-10	2.44e-06	1.09e-03	9.99e-01	1.91e-05	0.00e+00
 8.97714e+14	3.42e-19	4.63e-14	8.43e-10	2.78e-06	1.17e-03	9.99e-01	1.78e-05	0.00e+00
 9.27994e+14	4.65e-19	5.95e-14	1.02e-09	3.19e-06	1.26e-03	9.99e-01	1.66e-05	0.00e+00
 9.53974e+14	6.02e-19	7.34e-14	1.20e-09	3.56e-06	1.33e-03	9.99e-01	1.56e-05	0.00e+00
 9.81554e+14	7.85e-19	9.12e-14	1.42e-09	4.00e-06	1.42e-03	9.99e-01	1.47e-05	0.00e+00
 1.01710e+15	1.09e-18	1.19e-13	1.76e-09	4.62e-06	1.53e-03	9.98e-01	1.36e-05	0.00e+00
 1.05395e+15	1.52e-18	1.56e-13	2.16e-09	5.35e-06	1.65e-03	9.98e-01	1.26e-05	0.00e+00
 1.08550e+15	2.00e-18	1.95e-13	2.57e-09	6.02e-06	1.76e-03	9.98e-01	1.19e-05	0.00e+00
 1.11920e+15	2.65e-18	2.46e-13	3.08e-09	6.82e-06	1.88e-03	9.98e-01	1.11e-05	0.00e+00
 1.16103e+15	3.72e-18	3.25e-13	3.82e-09	7.92e-06	2.03e-03	9.98e-01	1.03e-05	0.00e+00
 1.20406e+15	5.18e-18	4.27e-13	4.72e-09	9.18e-06	2.20e-03	9.98e-01	9.48e-06	0.00e+00
 1.24274e+15	6.96e-18	5.43e-13	5.69e-09	1.04e-05	2.35e-03	9.98e-01	8.86e-06	0.00e+00
 1.28515e+15	9.45e-18	6.98e-13	6.93e-09	1.20e-05	2.53e-03	9.97e-01	8.23e-06	0.00e+00
 1.33532e+15	1.34e-17	9.30e-13	8.67e-09	1.40e-05	2.75e-03	9.97e-01	7.58e-06	0.00e+00
 1.38465e+15	1.87e-17	1.22e-12	1.07e-08	1.62e-05	2.97e-03	9.97e-01	7.00e-06	0.00e+00
 1.42962e+15	2.51e-17	1.55e-12	1.29e-08	1.85e-05	3.19e-03	9.97e-01	6.53e-06	0.00e+00
 1.46828e+15	3.19e-17	1.90e-12	1.51e-08	2.06e-05	3.38e-03	9.97e-01	6.16e-06	0.00e+00
 1.50102e+15	3.89e-17	2.23e-12	1.72e-08	2.25e-05	3.55e-03	9.96e-01	5.87e-06	0.00e+00
 1.53762e+15	4.84e-17	2.67e-12	1.98e-08	2.48e-05	3.74e-03	9.96e-01	5.57e-06	0.00e+00
 1.58520e+15	6.37e-17	3.35e-12	2.37e-08	2.81e-05	4.00e-03	9.96e-01	5.20e-06	0.00e+00
 1.63457e+15	8.38e-17	4.21e-12	2.83e-08	3.19e-05	4.28e-03	9.96e-01	4.86e-06	0.00e+00
 1.67587e+15	1.05e-16	5.05e-12	3.28e-08	3.53e-05	4.52e-03	9.95e-01	4.60e-06	0.00e+00
 1.71919e+15	2.37e-16	6.09e-12	3.80e-08	3.92e-05	4.78e-03	9.95e-01	4.34e-06	0.00e+00
 1.77550e+15	2.19e-16	7.72e-12	4.59e-08	4.47e-05	5.14e-03	9.95e-01	4.04e-06	0.00e+00
 1.83366e+15	2.85e-16	9.77e-12	5.54e-08	5.11e-05	5.53e-03	9.94e-01	3.76e-06	0.00e+00
 1.88206e+15	3.58e-16	1.18e-11	6.44e-08	5.68e-05	5.86e-03	9.94e-01	3.54e-06	0.00e+00
 1.93284e+15	4.52e-16	1.43e-11	7.53e-08	6.33e-05	6.23e-03	9.94e-01	3.34e-06	0.00e+00
 1.99885e+15	6.05e-16	1.83e-11	9.15e-08	7.27e-05	6.72e-03	9.93e-01	3.09e-06	0.00e+00
 2.06790e+15	8.09e-16	2.33e-11	1.12e-07	8.36e-05	7.27e-03	9.93e-01	2.86e-06	0.00e+00
 2.12673e+15	1.03e-15	2.85e-11	1.31e-07	9.37e-05	7.75e-03	9.92e-01	2.68e-06	0.00e+00
 2.18903e+15	1.31e-15	3.50e-11	1.55e-07	1.06e-04	8.28e-03	9.92e-01	2.52e-06	0.00e+00
 2.26874e+15	1.78e-15	4.52e-11	1.91e-07	1.22e-04	8.99e-03	9.91e-01	2.41e-06	0.00e+00
 2.35199e+15	2.40e-15	5.83e-11	2.36e-07	1.42e-04	9.78e-03	9.90e-01	2.28e-06	0.00e+00
 2.42495e+15	3.09e-15	7.23e-11	2.81e-07	1.61e-04	1.05e-02	9.89e-01	2.19e-06	0.00e+00
 2.50363e+15	4.03e-15	9.06e-11	3.39e-07	1.83e-04	1.13e-02	9.88e-01	2.09e-06	0.00e+00
 2.59907e+15	5.47e-15	1.18e-10	4.22e-07	2.14e-04	1.24e-02	9.87e-01	1.99e-06	0.00e+00
 2.69456e+15	7.32e-15	1.52e-10	5.20e-07	2.48e-04	1.35e-02	9.86e-01	1.90e-06	0.00e+00
 2.77972e+15	9.46e-15	1.90e-10	6.24e-07	2.81e-04	1.45e-02	9.85e-01	1.83e-06	0.00e+00
 2.87322e+15	1.23e-14	2.38e-10	7.57e-07	3.22e-04	1.57e-02	9.84e-01	1.76e-06	0.00e+00
 2.96522e+15	1.57e-14	2.97e-10	9.11e-07	3.67e-04	1.69e-02	9.83e-01	1.70e-06	0.00e+00
 3.03435e+15	1.88e-14	3.48e-10	1.04e-06	4.03e-04	1.78e-02	9.82e-01	1.66e-06	0.00e+00
 3.10332e+15	2.26e-14	4.08e-10	1.19e-06	4.42e-04	1.88e-02	9.81e-01	1.63e-06	0.00e+00
 3.19297e+15	2.84e-14	4.98e-10	1.41e-06	4.97e-04	2.01e-02	9.79e-01	1.59e-06	0.00e+00
 3.28845e+15	3.58e-14	6.12e-10	1.68e-06	5.61e-04	2.16e-02	9.78e-01	1.55e-06	0.00e+00
 3.37154e+15	4.34e-14	7.28e-10	1.94e-06	6.21e-04	2.29e-02	9.76e-01	1.52e-06	0.00e+00
 3.45958e+15	5.33e-14	8.73e-10	2.27e-06	6.91e-04	2.44e-02	9.75e-01	1.50e-06	0.00e+00
 3.57402e+15	6.93e-14	1.10e-09	2.76e-06	7.90e-04	2.64e-02	9.73e-01	1.48e-06	0.00e+00
 3.68998e+15	8.90e-14	1.38e-09	3.34e-06	9.01e-04	2.85e-02	9.71e-01	1.46e-06	0.00e+00
 3.78339e+15	1.08e-13	1.64e-09	3.87e-06	9.97e-04	3.02e-02	9.69e-01	1.44e-06	0.00e+00
 3.88028e+15	1.32e-13	1.97e-09	4.51e-06	1.11e-03	3.21e-02	9.67e-01	1.43e-06	0.00e+00
 4.00624e+15	1.71e-13	2.48e-09	5.48e-06	1.26e-03	3.46e-02	9.64e-01	1.43e-06	0.00e+00
 4.13898e+15	2.22e-13	3.12e-09	6.67e-06	1.44e-03	3.74e-02	9.61e-01	1.42e-06	0.00e+00
 4.25393e+15	2.75e-13	3.80e-09	7.87e-06	1.62e-03	3.99e-02	9.58e-01	1.42e-06	0.00e+00
 4.37679e+15	3.47e-13	4.66e-09	9.37e-06	1.82e-03	4.27e-02	9.55e-01	1.42e-06	0.00e+00
 4.53517e+15	4.63e-13	6.03e-09	1.17e-05	2.10e-03	4.65e-02	9.51e-01	1.43e-06	0.00e+00
 4.70003e+15	6.15e-13	7.80e-09	1.45e-05	2.44e-03	5.06e-02	9.47e-01	1.43e-06	0.00e+00
 4.84162e+15	7.79e-13	9.65e-09	1.74e-05	2.75e-03	5.42e-02	9.43e-01	1.44e-06	0.00e+00
 4.99269e+15	1.00e-12	1.21e-08	2.10e-05	3.12e-03	5.82e-02	9.39e-01	1.45e-06	0.00e+00
 5.17964e+15	1.36e-12	1.58e-08	2.64e-05	3.63e-03	6.34e-02	9.33e-01	1.47e-06	0.00e+00
 5.37006e+15	1.82e-12	2.06e-08	3.30e-05	4.21e-03	6.90e-02	9.27e-01	1.48e-06	1.26e-12
 5.51549e+15	2.24e-12	2.49e-08	3.88e-05	4.69e-03	7.33e-02	9.22e-01	1.48e-06	0.00e+00
 5.62371e+15	2.64e-12	2.87e-08	4.38e-05	5.09e-03	7.66e-02	9.18e-01	1.50e-06	0.00e+00
 5.74245e+15	3.16e-12	3.36e-08	4.99e-05	5.54e-03	8.04e-02	9.14e-01	1.51e-06	1.39e-12
 5.89682e+15	3.96e-12	4.11e-08	5.89e-05	6.18e-03	8.54e-02	9.08e-01	1.51e-06	0.00e+00
 6.06558e+15	5.04e-12	5.08e-08	7.03e-05	6.95e-03	9.11e-02	9.02e-01	1.53e-06	0.00e+00
 6.21737e+15	6.20e-12	6.10e-08	8.20e-05	7.69e-03	9.63e-02	8.96e-01	1.54e-06	1.53e-12
 6.37900e+15	7.76e-12	7.42e-08	9.64e-05	8.55e-03	1.02e-01	8.89e-01	1.55e-06	0.00e+00
 6.58911e+15	1.03e-11	9.52e-08	1.18e-04	9.78e-03	1.10e-01	8.80e-01	1.58e-06	0.00e+00
 6.79942e+15	1.35e-11	1.20e-07	1.44e-04	1.11e-02	1.18e-01	8.71e-01	1.60e-06	1.75e-12
 6.96427e+15	1.65e-11	1.44e-07	1.67e-04	1.23e-02	1.24e-01	8.64e-01	1.61e-06	0.00e+00
 7.13287e+15	2.04e-11	1.73e-07	1.94e-04	1.35e-02	1.31e-01	8.56e-01	1.62e-06	0.00e+00
 7.35205e+15	2.67e-11	2.19e-07	2.35e-04	1.53e-02	1.40e-01	8.45e-01	1.62e-06	0.00e+00
 7.58371e+15	3.50e-11	2.77e-07	2.86e-04	1.74e-02	1.49e-01	8.33e-01	1.64e-06	0.00e+00
 7.78420e+15	4.39e-11	3.38e-07	3.36e-04	1.93e-02	1.57e-01	8.23e-01	1.65e-06	2.06e-12
 7.99743e+15	5.61e-11	4.17e-07	3.99e-04	2.16e-02	1.67e-01	8.11e-01	1.65e-06	0.00e+00
 8.27463e+15	7.65e-11	5.46e-07	4.97e-04	2.49e-02	1.79e-01	7.96e-01	1.66e-06	0.00e+00
 8.55312e+15	1.01e-10	6.99e-07	6.10e-04	2.84e-02	1.91e-01	7.80e-01	1.65e-06	0.00e+00
 8.77918e+15	1.28e-10	8.53e-07	7.19e-04	3.15e-02	2.01e-01	7.66e-01	1.67e-06	0.00e+00
 9.01893e+15	1.64e-10	1.06e-06	8.54e-04	3.52e-02	2.12e-01	7.51e-01	1.66e-06	0.00e+00
 9.33062e+15	2.24e-10	1.38e-06	1.06e-03	4.04e-02	2.27e-01	7.32e-01	1.64e-06	0.00e+00
 9.61091e+15	2.86e-10	1.71e-06	1.27e-03	4.53e-02	2.39e-01	7.14e-01	1.63e-06	0.00e+00
 9.80006e+15	3.39e-10	1.99e-06	1.44e-03	4.90e-02	2.48e-01	7.02e-01	1.64e-06	0.00e+00
 9.99564e+15	4.08e-10	2.33e-06	1.63e-03	5.31e-02	2.57e-01	6.88e-01	1.62e-06	0.00e+00
 1.02499e+16	5.16e-10	2.85e-06	1.92e-03	5.88e-02	2.69e-01	6.70e-01	1.60e-06	0.00e+00
 1.05114e+16	6.41e-10	3.44e-06	2.25e-03	6.48e-02	2.81e-01	6.52e-01	1.58e-06	0.00e+00
 1.07447e+16	7.84e-10	4.08e-06	2.58e-03	7.07e-02	2.91e-01	6.35e-01	1.56e-06	0.00e+00
 1.10105e+16	9.88e-10	4.97e-06	3.03e-03	7.79e-02	3.03e-01	6.16e-01	1.53e-06	0.00e+00
 1.12913e+16	1.24e-09	6.04e-06	3.56e-03	8.60e-02	3.15e-01	5.95e-01	1.51e-06	0.00e+00
 1.15483e+16	1.52e-09	7.20e-06	4.11e-03	9.39e-02	3.26e-01	5.76e-01	1.48e-06	0.00e+00
 1.18392e+16	1.93e-09	8.82e-06	4.84e-03	1.04e-01	3.38e-01	5.53e-01	1.44e-06	0.00e+00
 1.21463e+16	2.43e-09	1.08e-05	5.71e-03	1.14e-01	3.50e-01	5.30e-01	1.42e-06	0.00e+00
 1.24181e+16	2.98e-09	1.28e-05	6.59e-03	1.24e-01	3.60e-01	5.09e-01	1.38e-06	0.00e+00
 1.27150e+16	3.77e-09	1.56e-05	7.73e-03	1.36e-01	3.70e-01	4.86e-01	1.33e-06	0.00e+00
 1.30405e+16	4.80e-09	1.92e-05	9.15e-03	1.50e-01	3.81e-01	4.60e-01	1.29e-06	0.00e+00
 1.33322e+16	5.90e-09	2.30e-05	1.06e-02	1.63e-01	3.89e-01	4.37e-01	1.25e-06	0.00e+00
 1.35986e+16	7.15e-09	2.70e-05	1.21e-02	1.76e-01	3.96e-01	4.16e-01	1.21e-06	0.00e+00
 1.39031e+16	9.07e-09	3.30e-05	1.42e-02	1.91e-01	4.03e-01	3.91e-01	1.17e-06	0.00e+00
 1.42315e+16	1.15e-08	4.02e-05	1.66e-02	2.09e-01	4.09e-01	3.66e-01	1.12e-06	0.00e+00
 1.45244e+16	1.40e-08	4.77e-05	1.91e-02	2.25e-01	4.13e-01	3.43e-01	1.07e-06	0.00e+00
 1.47821e+16	1.68e-08	5.57e-05	2.17e-02	2.39e-01	4.15e-01	3.23e-01	1.03e-06	0.00e+00
 1.50233e+16	2.01e-08	6.46e-05	2.44e-02	2.54e-01	4.17e-01	3.05e-01	9.97e-07	0.00e+00
 1.52994e+16	2.51e-08	7.76e-05	2.81e-02	2.72e-01	4.17e-01	2.83e-01	0.00e+00	0.00e+00
 1.55897e+16	3.07e-08	9.18e-05	3.23e-02	2.90e-01	4.16e-01	2.62e-01	0.00e+00	0.00e+00
 1.58399e+16	3.69e-08	1.07e-04	3.65e-02	3.07e-01	4.13e-01	2.43e-01	0.00e+00	0.00e+00
 1.60636e+16	4.43e-08	1.24e-04	4.08e-02	3.23e-01	4.10e-01	2.26e-01	0.00e+00	0.00e+00
 1.62775e+16	5.23e-08	1.42e-04	4.54e-02	3.38e-01	4.06e-01	2.11e-01	0.00e+00	0.00e+00
 1.65219e+16	6.34e-08	1.66e-04	5.13e-02	3.55e-01	4.00e-01	1.93e-01	0.00e+00	0.00e+00
 1.67817e+16	7.93e-08	1.99e-04	5.87e-02	3.75e-01	3.92e-01	1.75e-01	0.00e+00	0.00e+00
 1.69983e+16	9.40e-08	2.29e-04	6.54e-02	3.90e-01	3.84e-01	1.61e-01	0.00e+00	0.00e+00
 1.71869e+16	1.11e-07	2.61e-04	7.21e-02	4.04e-01	3.75e-01	1.48e-01	0.00e+00	0.00e+00
 1.74025e+16	1.28e-07	2.96e-04	8.03e-02	4.20e-01	3.65e-01	1.35e-01	0.00e+00	0.00e+00
 1.76400e+16	1.57e-07	3.48e-04	9.08e-02	4.37e-01	3.52e-01	1.20e-01	0.00e+00	0.00e+00
 1.78479e+16	1.98e-07	4.16e-04	1.02e-01	4.53e-01	3.38e-01	1.07e-01	0.00e+00	0.00e+00
 1.80149e+16	2.36e-07	4.77e-04	1.12e-01	4.65e-01	3.27e-01	9.65e-02	0.00e+00	0.00e+00
 1.81866e+16	2.68e-07	5.30e-04	1.22e-01	4.76e-01	3.14e-01	8.73e-02	0.00e+00	0.00e+00
 1.84099e+16	3.31e-07	6.27e-04	1.38e-01	4.90e-01	2.95e-01	7.53e-02	0.00e+00	0.00e+00
 1.86257e+16	4.13e-07	7.45e-04	1.56e-01	5.03e-01	2.76e-01	6.43e-02	0.00e+00	0.00e+00
 1.87772e+16	5.16e-07	8.79e-04	1.71e-01	5.11e-01	2.61e-01	5.60e-02	0.00e+00	0.00e+00
 1.88844e+16	5.84e-07	9.66e-04	1.82e-01	5.16e-01	2.50e-01	5.09e-02	0.00e+00	0.00e+00
 1.89886e+16	6.44e-07	1.05e-03	1.93e-01	5.20e-01	2.39e-01	4.63e-02	0.00e+00	0.00e+00
 1.91239e+16	7.49e-07	1.17e-03	2.08e-01	5.26e-01	2.25e-01	4.05e-02	0.00e+00	0.00e+00
 1.92737e+16	8.95e-07	1.35e-03	2.27e-01	5.30e-01	2.08e-01	3.44e-02	0.00e+00	0.00e+00
 1.94062e+16	1.06e-06	1.53e-03	2.45e-01	5.32e-01	1.92e-01	2.93e-02	0.00e+00	0.00e+00
 1.95160e+16	1.32e-06	1.79e-03	2.64e-01	5.32e-01	1.78e-01	2.47e-02	0.00e+00	0.00e+00
 1.95920e+16	1.45e-06	1.92e-03	2.75e-01	5.32e-01	1.69e-01	2.24e-02	0.00e+00	0.00e+00
 1.96508e+16	1.58e-06	2.05e-03	2.85e-01	5.31e-01	1.62e-01	2.04e-02	0.00e+00	0.00e+00
 1.97272e+16	1.71e-06	2.17e-03	2.96e-01	5.31e-01	1.53e-01	1.83e-02	0.00e+00	0.00e+00
 1.98266e+16	1.95e-06	2.40e-03	3.13e-01	5.28e-01	1.40e-01	1.56e-02	0.00e+00	0.00e+00
 1.99228e+16	2.25e-06	2.67e-03	3.30e-01	5.25e-01	1.29e-01	1.32e-02	0.00e+00	0.00e+00
 1.99900e+16	2.63e-06	2.98e-03	3.45e-01	5.21e-01	1.20e-01	1.14e-02	0.00e+00	0.00e+00
 2.00367e+16	2.75e-06	3.09e-03	3.53e-01	5.19e-01	1.14e-01	1.05e-02	0.00e+00	0.00e+00
 2.00814e+16	2.96e-06	3.25e-03	3.62e-01	5.16e-01	1.09e-01	9.54e-03	0.00e+00	0.00e+00
 2.01396e+16	3.32e-06	3.54e-03	3.75e-01	5.12e-01	1.02e-01	8.31e-03	0.00e+00	0.00e+00
 2.02024e+16	3.60e-06	3.75e-03	3.87e-01	5.08e-01	9.45e-02	7.28e-03	0.00e+00	0.00e+00
 2.02710e+16	4.03e-06	4.07e-03	4.01e-01	5.02e-01	8.66e-02	6.17e-03	0.00e+00	0.00e+00
 2.03435e+16	4.57e-06	4.45e-03	4.16e-01	4.96e-01	7.87e-02	5.15e-03	0.00e+00	0.00e+00
 2.04046e+16	5.24e-06	4.91e-03	4.31e-01	4.88e-01	7.18e-02	4.31e-03	0.00e+00	0.00e+00
 2.04536e+16	5.72e-06	5.22e-03	4.41e-01	4.83e-01	6.68e-02	3.76e-03	0.00e+00	0.00e+00
 2.05038e+16	6.15e-06	5.51e-03	4.52e-01	4.78e-01	6.20e-02	3.27e-03	0.00e+00	0.00e+00
 2.05690e+16	7.10e-06	6.09e-03	4.67e-01	4.68e-01	5.54e-02	2.65e-03	0.00e+00	0.00e+00
 2.06349e+16	8.02e-06	6.64e-03	4.82e-01	4.60e-01	4.96e-02	2.15e-03	0.00e+00	0.00e+00
 2.06911e+16	8.93e-06	7.17e-03	4.94e-01	4.52e-01	4.49e-02	1.79e-03	0.00e+00	0.00e+00
 2.07531e+16	1.01e-05	7.81e-03	5.08e-01	4.42e-01	4.00e-02	1.44e-03	0.00e+00	0.00e+00
 2.08225e+16	1.16e-05	8.62e-03	5.24e-01	4.31e-01	3.49e-02	1.12e-03	0.00e+00	0.00e+00
 2.08871e+16	1.31e-05	9.38e-03	5.38e-01	4.21e-01	3.08e-02	8.82e-04	0.00e+00	0.00e+00
 2.09567e+16	1.51e-05	1.03e-02	5.53e-01	4.10e-01	2.66e-02	6.71e-04	0.00e+00	0.00e+00
 2.10332e+16	1.75e-05	1.15e-02	5.69e-01	3.96e-01	2.26e-02	4.96e-04	0.00e+00	0.00e+00
 2.11044e+16	2.03e-05	1.27e-02	5.84e-01	3.84e-01	1.93e-02	3.71e-04	0.00e+00	0.00e+00
 2.11603e+16	2.26e-05	1.37e-02	5.95e-01	3.74e-01	1.71e-02	2.96e-04	0.00e+00	0.00e+00
 2.12020e+16	2.46e-05	1.45e-02	6.03e-01	3.67e-01	1.56e-02	2.49e-04	0.00e+00	0.00e+00
 2.12475e+16	2.69e-05	1.55e-02	6.12e-01	3.58e-01	1.40e-02	2.04e-04	0.00e+00	0.00e+00
 2.13066e+16	3.04e-05	1.69e-02	6.23e-01	3.48e-01	1.22e-02	1.57e-04	0.00e+00	0.00e+00
 2.13693e+16	3.45e-05	1.84e-02	6.35e-01	3.36e-01	1.05e-02	1.19e-04	0.00e+00	0.00e+00
 2.14240e+16	3.85e-05	1.98e-02	6.45e-01	3.26e-01	9.24e-03	9.41e-05	0.00e+00	0.00e+00
 2.14823e+16	4.33e-05	2.15e-02	6.55e-01	3.15e-01	8.01e-03	7.22e-05	0.00e+00	0.00e+00
 2.15474e+16	4.95e-05	2.36e-02	6.66e-01	3.03e-01	6.84e-03	5.40e-05	0.00e+00	0.00e+00
 2.16071e+16	5.59e-05	2.56e-02	6.76e-01	2.92e-01	5.91e-03	4.13e-05	0.00e+00	0.00e+00
 2.16611e+16	6.24e-05	2.77e-02	6.84e-01	2.83e-01	5.18e-03	3.24e-05	0.00e+00	0.00e+00
 2.17221e+16	7.08e-05	3.01e-02	6.94e-01	2.71e-01	4.44e-03	2.44e-05	0.00e+00	0.00e+00
 2.17894e+16	8.14e-05	3.31e-02	7.04e-01	2.59e-01	3.75e-03	1.80e-05	0.00e+00	0.00e+00
 2.18499e+16	9.26e-05	3.62e-02	7.12e-01	2.48e-01	3.22e-03	1.36e-05	0.00e+00	0.00e+00
 2.19035e+16	1.04e-04	3.91e-02	7.20e-01	2.38e-01	2.81e-03	1.07e-05	0.00e+00	0.00e+00
 2.19635e+16	1.17e-04	4.25e-02	7.27e-01	2.28e-01	2.41e-03	8.08e-06	0.00e+00	0.00e+00
 2.20414e+16	1.39e-04	4.77e-02	7.37e-01	2.14e-01	1.96e-03	5.57e-06	0.00e+00	0.00e+00
 2.21159e+16	1.65e-04	5.34e-02	7.45e-01	2.00e-01	1.61e-03	3.94e-06	0.00e+00	0.00e+00
 2.21681e+16	1.86e-04	5.79e-02	7.50e-01	1.91e-01	1.40e-03	3.09e-06	0.00e+00	0.00e+00
 2.22180e+16	2.08e-04	6.25e-02	7.54e-01	1.82e-01	1.22e-03	2.42e-06	0.00e+00	0.00e+00
 2.22830e+16	2.41e-04	6.89e-02	7.59e-01	1.71e-01	1.02e-03	1.77e-06	0.00e+00	0.00e+00
 2.23513e+16	2.84e-04	7.70e-02	7.63e-01	1.59e-01	8.41e-04	1.27e-06	0.00e+00	0.00e+00
 2.24066e+16	3.26e-04	8.45e-02	7.65e-01	1.49e-01	7.15e-04	9.65e-07	0.00e+00	0.00e+00
 2.24513e+16	3.66e-04	9.12e-02	7.67e-01	1.41e-01	6.25e-04	0.00e+00	0.00e+00	0.00e+00
 2.24998e+16	4.13e-04	9.87e-02	7.67e-01	1.33e-01	5.39e-04	0.00e+00	0.00e+00	0.00e+00
 2.25628e+16	4.84e-04	1.10e-01	7.67e-01	1.23e-01	4.43e-04	0.00e+00	0.00e+00	0.00e+00
 2.26269e+16	5.77e-04	1.23e-01	7.64e-01	1.12e-01	3.59e-04	0.00e+00	0.00e+00	0.00e+00
 2.26762e+16	6.64e-04	1.35e-01	7.60e-01	1.04e-01	3.03e-04	0.00e+00	0.00e+00	0.00e+00
 2.27161e+16	7.44e-04	1.45e-01	7.57e-01	9.71e-02	2.64e-04	0.00e+00	0.00e+00	0.00e+00
 2.27603e+16	8.42e-04	1.58e-01	7.51e-01	9.01e-02	2.25e-04	0.00e+00	0.00e+00	0.00e+00
 2.28176e+16	9.93e-04	1.75e-01	7.42e-01	8.12e-02	1.82e-04	0.00e+00	0.00e+00	0.00e+00
 2.28766e+16	1.19e-03	1.97e-01	7.29e-01	7.21e-02	1.44e-04	0.00e+00	0.00e+00	0.00e+00
 2.29231e+16	1.39e-03	2.17e-01	7.17e-01	6.52e-02	1.19e-04	0.00e+00	0.00e+00	0.00e+00
 2.29622e+16	1.57e-03	2.35e-01	7.04e-01	5.94e-02	9.98e-05	0.00e+00	0.00e+00	0.00e+00
 2.30066e+16	1.81e-03	2.56e-01	6.88e-01	5.33e-02	8.17e-05	0.00e+00	0.00e+00	0.00e+00
 2.30642e+16	2.19e-03	2.88e-01	6.64e-01	4.57e-02	6.19e-05	0.00e+00	0.00e+00	0.00e+00
 2.31233e+16	2.71e-03	3.27e-01	6.32e-01	3.81e-02	4.53e-05	0.00e+00	0.00e+00	0.00e+00
 2.31699e+16	3.21e-03	3.62e-01	6.02e-01	3.24e-02	3.46e-05	0.00e+00	0.00e+00	0.00e+00
 2.32093e+16	3.72e-03	3.94e-01	5.74e-01	2.79e-02	2.72e-05	0.00e+00	0.00e+00	0.00e+00
 2.32534e+16	4.36e-03	4.32e-01	5.40e-01	2.33e-02	2.03e-05	0.00e+00	0.00e+00	0.00e+00
 2.33108e+16	5.40e-03	4.85e-01	4.91e-01	1.79e-02	1.35e-05	0.00e+00	0.00e+00	0.00e+00
 2.33669e+16	6.79e-03	5.47e-01	4.33e-01	1.31e-02	8.51e-06	0.00e+00	0.00e+00	0.00e+00
 2.34047e+16	8.00e-03	5.93e-01	3.89e-01	1.02e-02	5.92e-06	0.00e+00	0.00e+00	0.00e+00
 2.34303e+16	8.90e-03	6.23e-01	3.59e-01	8.56e-03	4.58e-06	0.00e+00	0.00e+00	0.00e+00
 2.34567e+16	9.94e-03	6.54e-01	3.29e-01	7.05e-03	3.47e-06	0.00e+00	0.00e+00	0.00e+00
 2.34910e+16	1.14e-02	6.93e-01	2.90e-01	5.36e-03	2.36e-06	0.00e+00	0.00e+00	0.00e+00
 2.35278e+16	1.34e-02	7.36e-01	2.46e-01	3.83e-03	1.48e-06	0.00e+00	0.00e+00	0.00e+00
 2.35581e+16	1.54e-02	7.72e-01	2.10e-01	2.78e-03	9.60e-07	0.00e+00	0.00e+00	0.00e+00
 2.35816e+16	1.71e-02	7.97e-01	1.83e-01	2.13e-03	0.00e+00	0.00e+00	0.00e+00	0.00e+00
 2.36059e+16	1.91e-02	8.22e-01	1.58e-01	1.59e-03	0.00e+00	0.00e+00	0.00e+00	0.00e+00
 2.36375e+16	2.20e-02	8.49e-01	1.28e-01	1.06e-03	0.00e+00	0.00e+00	0.00e+00	0.00e+00
 2.36691e+16	2.56e-02	8.75e-01	9.92e-02	6.62e-04	0.00e+00	0.00e+00	0.00e+00	0.00e+00
 2.36918e+16	2.88e-02	8.90e-01	8.05e-02	4.52e-04	0.00e+00	0.00e+00	0.00e+00	0.00e+00
 2.37088e+16	3.14e-02	9.00e-01	6.84e-02	3.35e-04	0.00e+00	0.00e+00	0.00e+00	0.00e+00
 2.37269e+16	3.43e-02	9.08e-01	5.72e-02	2.42e-04	0.00e+00	0.00e+00	0.00e+00	0.00e+00
 2.37505e+16	3.87e-02	9.16e-01	4.48e-02	1.54e-04	0.00e+00	0.00e+00	0.00e+00	0.00e+00
 2.37744e+16	4.40e-02	9.22e-01	3.37e-02	9.28e-05	0.00e+00	0.00e+00	0.00e+00	0.00e+00
 2.37923e+16	4.86e-02	9.25e-01	2.66e-02	6.12e-05	0.00e+00	0.00e+00	0.00e+00	0.00e+00
 2.38059e+16	5.26e-02	9.25e-01	2.22e-02	4.43e-05	0.00e+00	0.00e+00	0.00e+00	0.00e+00
 2.38202e+16	5.69e-02	9.25e-01	1.83e-02	3.11e-05	0.00e+00	0.00e+00	0.00e+00	0.00e+00
 2.38388e+16	6.32e-02	9.23e-01	1.40e-02	1.94e-05	0.00e+00	0.00e+00	0.00e+00	0.00e+00
 2.38576e+16	7.04e-02	9.19e-01	1.05e-02	1.16e-05	0.00e+00	0.00e+00	0.00e+00	0.00e+00
 2.38717e+16	7.66e-02	9.15e-01	8.30e-03	7.71e-06	0.00e+00	0.00e+00	0.00e+00	0.00e+00
 2.38829e+16	8.16e-02	9.12e-01	6.89e-03	5.56e-06	0.00e+00	0.00e+00	0.00e+00	0.00e+00
 2.38932e+16	8.66e-02	9.08e-01	5.78e-03	4.07e-06	0.00e+00	0.00e+00	0.00e+00	0.00e+00
 2.39034e+16	9.18e-02	9.03e-01	4.84e-03	2.98e-06	0.00e+00	0.00e+00	0.00e+00	0.00e+00
 2.39136e+16	9.73e-02	8.99e-01	4.03e-03	2.16e-06	0.00e+00	0.00e+00	0.00e+00	0.00e+00
 2.39233e+16	1.03e-01	8.94e-01	3.38e-03	1.59e-06	0.00e+00	0.00e+00	0.00e+00	0.00e+00
 2.39308e+16	1.07e-01	8.90e-01	2.94e-03	1.25e-06	0.00e+00	0.00e+00	0.00e+00	0.00e+00
 2.39355e+16	1.10e-01	8.87e-01	2.70e-03	1.08e-06	0.00e+00	0.00e+00	0.00e+00	0.00e+00
 2.39397e+16	1.12e-01	8.85e-01	2.49e-03	9.39e-07	0.00e+00	0.00e+00	0.00e+00	0.00e+00
 2.39448e+16	1.16e-01	8.82e-01	2.26e-03	0.00e+00	0.00e+00	0.00e+00	0.00e+00	0.00e+00
 2.39506e+16	1.19e-01	8.79e-01	2.03e-03	0.00e+00	0.00e+00	0.00e+00	0.00e+00	0.00e+00
 2.39563e+16	1.23e-01	8.75e-01	1.82e-03	0.00e+00	0.00e+00	0.00e+00	0.00e+00	0.00e+00
 2.39614e+16	1.26e-01	8.72e-01	1.65e-03	0.00e+00	0.00e+00	0.00e+00	0.00e+00	0.00e+00
 2.39664e+16	1.29e-01	8.69e-01	1.49e-03	0.00e+00	0.00e+00	0.00e+00	0.00e+00	0.00e+00
 2.39716e+16	1.33e-01	8.66e-01	1.35e-03	0.00e+00	0.00e+00	0.00e+00	0.00e+00	0.00e+00
 2.39769e+16	1.37e-01	8.62e-01	1.22e-03	0.00e+00	0.00e+00	0.00e+00	0.00e+00	0.00e+00
 2.39821e+16	1.40e-01	8.59e-01	1.10e-03	0.00e+00	0.00e+00	0.00e+00	0.00e+00	0.00e+00
 2.39873e+16	1.44e-01	8.55e-01	9.93e-04	0.00e+00	0.00e+00	0.00e+00	0.00e+00	0.00e+00
 2.39925e+16	1.48e-01	8.51e-01	8.97e-04	0.00e+00	0.00e+00	0.00e+00	0.00e+00	0.00e+00
 2.39978e+16	1.51e-01	8.48e-01	8.08e-04	0.00e+00	0.00e+00	0.00e+00	0.00e+00	0.00e+00
 2.40030e+16	1.55e-01	8.44e-01	7.29e-04	0.00e+00	0.00e+00	0.00e+00	0.00e+00	0.00e+00
 2.40083e+16	1.59e-01	8.40e-01	6.58e-04	0.00e+00	0.00e+00	0.00e+00	0.00e+00	0.00e+00
 2.40136e+16	1.64e-01	8.36e-01	5.93e-04	0.00e+00	0.00e+00	0.00e+00	0.00e+00	0.00e+00
 2.40190e+16	1.67e-01	8.32e-01	5.34e-04	0.00e+00	0.00e+00	0.00e+00	0.00e+00	0.00e+00
 2.40245e+16	1.72e-01	8.28e-01	4.81e-04	0.00e+00	0.00e+00	0.00e+00	0.00e+00	0.00e+00
 2.40300e+16	1.77e-01	8.23e-01	4.32e-04	0.00e+00	0.00e+00	0.00e+00	0.00e+00	0.00e+00
 2.40357e+16	1.81e-01	8.19e-01	3.89e-04	0.00e+00	0.00e+00	0.00e+00	0.00e+00	0.00e+00
 2.40413e+16	1.86e-01	8.14e-01	3.50e-04	0.00e+00	0.00e+00	0.00e+00	0.00e+00	0.00e+00
 2.40471e+16	1.90e-01	8.09e-01	3.15e-04	0.00e+00	0.00e+00	0.00e+00	0.00e+00	0.00e+00
 2.40531e+16	1.95e-01	8.05e-01	2.83e-04	0.00e+00	0.00e+00	0.00e+00	0.00e+00	0.00e+00
 2.40592e+16	2.01e-01	7.99e-01	2.54e-04	0.00e+00	0.00e+00	0.00e+00	0.00e+00	0.00e+00
 2.40654e+16	2.06e-01	7.94e-01	2.29e-04	0.00e+00	0.00e+00	0.00e+00	0.00e+00	0.00e+00
 2.40717e+16	2.11e-01	7.89e-01	2.07e-04	0.00e+00	0.00e+00	0.00e+00	0.00e+00	0.00e+00
 2.40781e+16	2.17e-01	7.83e-01	1.87e-04	0.00e+00	0.00e+00	0.00e+00	0.00e+00	0.00e+00
 2.40848e+16	2.22e-01	7.78e-01	1.69e-04	0.00e+00	0.00e+00	0.00e+00	0.00e+00	0.00e+00
 2.40918e+16	2.28e-01	7.72e-01	1.53e-04	0.00e+00	0.00e+00	0.00e+00	0.00e+00	0.00e+00
 2.40991e+16	2.34e-01	7.66e-01	1.39e-04	0.00e+00	0.00e+00	0.00e+00	0.00e+00	0.00e+00
 2.41069e+16	2.41e-01	7.59e-01	1.27e-04	0.00e+00	0.00e+00	0.00e+00	0.00e+00	0.00e+00
 2.41152e+16	2.47e-01	7.53e-01	1.16e-04	0.00e+00	0.00e+00	0.00e+00	0.00e+00	0.00e+00
 2.41244e+16	2.54e-01	7.46e-01	1.06e-04	0.00e+00	0.00e+00	0.00e+00	0.00e+00	0.00e+00
 2.41346e+16	2.61e-01	7.39e-01	9.67e-05	0.00e+00	0.00e+00	0.00e+00	0.00e+00	0.00e+00
 2.41462e+16	2.69e-01	7.31e-01	8.88e-05	0.00e+00	0.00e+00	0.00e+00	0.00e+00	0.00e+00
 2.41587e+16	2.76e-01	7.24e-01	8.24e-05	0.00e+00	0.00e+00	0.00e+00	0.00e+00	0.00e+00
 2.41713e+16	2.83e-01	7.17e-01	7.74e-05	0.00e+00	0.00e+00	0.00e+00	0.00e+00	0.00e+00
 2.41837e+16	2.87e-01	7.13e-01	7.37e-05	0.00e+00	0.00e+00	0.00e+00	0.00e+00	0.00e+00
 2.41960e+16	2.92e-01	7.08e-01	7.06e-05	0.00e+00	0.00e+00	0.00e+00	0.00e+00	0.00e+00
 2.42083e+16	2.97e-01	7.03e-01	6.81e-05	0.00e+00	0.00e+00	0.00e+00	0.00e+00	0.00e+00
