#depth	C	C+	C+2	C+3	C+4	C+5	C+6	C[1]	C[2]	C[3]	C+[1]	C+[2]	CO
 1.49634e+10	0.00e+00	0.00e+00	9.33e-28	5.16e-18	1.06e-07	7.20e-03	9.93e-01	0.00e+00	0.00e+00	0.00e+00	0.00e+00	0.00e+00	6.10e-294
 4.54887e+10	0.00e+00	9.54e-38	1.28e-27	6.53e-18	1.24e-07	7.81e-03	9.92e-01	0.00e+00	0.00e+00	0.00e+00	0.00e+00	0.00e+00	0.00e+00
 7.72350e+10	0.00e+00	0.00e+00	1.76e-27	8.30e-18	1.46e-07	8.46e-03	9.92e-01	0.00e+00	0.00e+00	0.00e+00	0.00e+00	0.00e+00	0.00e+00
 1.10251e+11	0.00e+00	2.12e-37	2.42e-27	1.06e-17	1.71e-07	9.17e-03	9.91e-01	0.00e+00	0.00e+00	0.00e+00	0.00e+00	0.00e+00	0.00e+00
 1.40753e+11	0.00e+00	0.00e+00	3.21e-27	1.31e-17	1.97e-07	9.85e-03	9.90e-01	0.00e+00	0.00e+00	0.00e+00	0.00e+00	0.00e+00	4.77e-209
 1.67179e+11	0.00e+00	4.07e-37	4.08e-27	1.57e-17	2.23e-07	1.05e-02	9.90e-01	0.00e+00	0.00e+00	0.00e+00	0.00e+00	0.00e+00	3.97e-226
 1.96517e+11	0.00e+00	0.00e+00	5.30e-27	1.90e-17	2.54e-07	1.11e-02	9.89e-01	0.00e+00	0.00e+00	0.00e+00	0.00e+00	0.00e+00	5.59e-257
 2.32324e+11	0.00e+00	8.23e-37	7.19e-27	2.40e-17	2.97e-07	1.20e-02	9.88e-01	0.00e+00	0.00e+00	0.00e+00	0.00e+00	0.00e+00	0.00e+00
 2.68507e+11	0.00e+00	0.00e+00	9.66e-27	2.99e-17	3.44e-07	1.29e-02	9.87e-01	0.00e+00	0.00e+00	0.00e+00	0.00e+00	0.00e+00	1.40e-255
 3.01085e+11	0.00e+00	1.65e-36	1.25e-26	3.64e-17	3.93e-07	1.38e-02	9.86e-01	0.00e+00	0.00e+00	0.00e+00	0.00e+00	0.00e+00	2.15e-212
 3.37011e+11	3.02e-47	2.33e-36	1.66e-26	4.49e-17	4.53e-07	1.48e-02	9.85e-01	0.00e+00	0.00e+00	0.00e+00	0.00e+00	0.00e+00	1.14e-143
 3.79427e+11	0.00e+00	0.00e+00	2.27e-26	5.70e-17	5.31e-07	1.60e-02	9.84e-01	0.00e+00	0.00e+00	0.00e+00	0.00e+00	0.00e+00	1.27e-189
 4.21440e+11	0.00e+00	5.05e-36	3.07e-26	7.14e-17	6.18e-07	1.72e-02	9.83e-01	0.00e+00	0.00e+00	0.00e+00	0.00e+00	0.00e+00	3.24e-163
 4.60051e+11	1.14e-46	7.06e-36	4.02e-26	8.75e-17	7.09e-07	1.84e-02	9.82e-01	0.00e+00	0.00e+00	0.00e+00	0.00e+00	0.00e+00	2.08e-209
 5.03080e+11	0.00e+00	0.00e+00	5.41e-26	1.09e-16	8.24e-07	1.97e-02	9.80e-01	0.00e+00	0.00e+00	0.00e+00	0.00e+00	0.00e+00	3.55e-196
 5.52912e+11	0.00e+00	1.53e-35	7.47e-26	1.39e-16	9.70e-07	2.13e-02	9.79e-01	0.00e+00	0.00e+00	0.00e+00	0.00e+00	0.00e+00	3.51e-209
 6.01417e+11	4.57e-46	2.25e-35	1.02e-25	1.76e-16	1.13e-06	2.30e-02	9.77e-01	0.00e+00	0.00e+00	0.00e+00	0.00e+00	0.00e+00	9.26e-141
 6.46483e+11	0.00e+00	0.00e+00	1.34e-25	2.16e-16	1.30e-06	2.46e-02	9.75e-01	0.00e+00	0.00e+00	0.00e+00	0.00e+00	0.00e+00	2.94e-199
 6.96889e+11	0.00e+00	4.59e-35	1.81e-25	2.71e-16	1.52e-06	2.64e-02	9.74e-01	0.00e+00	0.00e+00	0.00e+00	0.00e+00	0.00e+00	5.10e-160
 7.54691e+11	1.76e-45	6.95e-35	2.52e-25	3.48e-16	1.80e-06	2.86e-02	9.71e-01	0.00e+00	0.00e+00	0.00e+00	0.00e+00	0.00e+00	0.00e+00
 8.11352e+11	0.00e+00	1.03e-34	3.45e-25	4.40e-16	2.11e-06	3.09e-02	9.69e-01	0.00e+00	0.00e+00	0.00e+00	0.00e+00	0.00e+00	7.45e-159
 8.65698e+11	4.36e-45	1.48e-34	4.62e-25	5.48e-16	2.44e-06	3.31e-02	9.67e-01	0.00e+00	0.00e+00	0.00e+00	0.00e+00	0.00e+00	7.54e-206
 9.25671e+11	0.00e+00	2.20e-34	6.35e-25	6.96e-16	2.87e-06	3.57e-02	9.64e-01	0.00e+00	0.00e+00	0.00e+00	0.00e+00	0.00e+00	9.15e-158
 9.92625e+11	1.16e-44	3.33e-34	8.88e-25	8.95e-16	3.40e-06	3.86e-02	9.61e-01	0.00e+00	0.00e+00	0.00e+00	0.00e+00	0.00e+00	4.42e-229
 1.06024e+12	0.00e+00	5.03e-34	1.23e-24	1.15e-15	4.01e-06	4.17e-02	9.58e-01	0.00e+00	0.00e+00	0.00e+00	0.00e+00	0.00e+00	1.42e-156
 1.13056e+12	3.11e-44	7.61e-34	1.72e-24	1.47e-15	4.75e-06	4.51e-02	9.55e-01	0.00e+00	0.00e+00	0.00e+00	0.00e+00	0.00e+00	2.28e-203
 1.20570e+12	0.00e+00	1.17e-33	2.43e-24	1.90e-15	5.65e-06	4.89e-02	9.51e-01	0.00e+00	0.00e+00	0.00e+00	0.00e+00	0.00e+00	2.27e-155
 1.27537e+12	8.20e-44	1.71e-33	3.29e-24	2.39e-15	6.59e-06	5.25e-02	9.47e-01	0.00e+00	0.00e+00	0.00e+00	0.00e+00	0.00e+00	5.25e-203
 1.33674e+12	0.00e+00	2.37e-33	4.29e-24	2.92e-15	7.53e-06	5.58e-02	9.44e-01	0.00e+00	0.00e+00	0.00e+00	0.00e+00	0.00e+00	2.34e-154
 1.40578e+12	1.89e-43	3.41e-33	5.74e-24	3.63e-15	8.72e-06	5.97e-02	9.40e-01	0.00e+00	0.00e+00	0.00e+00	0.00e+00	0.00e+00	1.44e-226
 1.48866e+12	0.00e+00	5.17e-33	8.02e-24	4.66e-15	1.03e-05	6.44e-02	9.36e-01	0.00e+00	0.00e+00	0.00e+00	0.00e+00	0.00e+00	3.00e-153
 1.57207e+12	5.04e-43	7.76e-33	1.11e-23	5.94e-15	1.22e-05	6.94e-02	9.31e-01	0.00e+00	0.00e+00	0.00e+00	0.00e+00	0.00e+00	3.61e-200
 1.64404e+12	0.00e+00	1.09e-32	1.46e-23	7.28e-15	1.39e-05	7.39e-02	9.26e-01	0.00e+00	0.00e+00	0.00e+00	0.00e+00	0.00e+00	3.44e-152
 1.71861e+12	1.15e-42	1.54e-32	1.92e-23	8.97e-15	1.60e-05	7.86e-02	9.21e-01	0.00e+00	0.00e+00	0.00e+00	0.00e+00	0.00e+00	0.00e+00
 1.80287e+12	0.00e+00	2.24e-32	2.60e-23	1.12e-14	1.87e-05	8.42e-02	9.16e-01	0.00e+00	0.00e+00	0.00e+00	0.00e+00	0.00e+00	3.63e-151
 1.88325e+12	2.73e-42	3.17e-32	3.44e-23	1.38e-14	2.14e-05	8.96e-02	9.10e-01	0.00e+00	0.00e+00	0.00e+00	0.00e+00	0.00e+00	2.03e-198
 1.97127e+12	0.00e+00	4.61e-32	4.64e-23	1.73e-14	2.49e-05	9.59e-02	9.04e-01	0.00e+00	0.00e+00	0.00e+00	0.00e+00	0.00e+00	3.81e-150
 2.06823e+12	6.87e-42	6.83e-32	6.36e-23	2.19e-14	2.92e-05	1.03e-01	8.97e-01	0.00e+00	0.00e+00	0.00e+00	0.00e+00	0.00e+00	0.00e+00
 2.15695e+12	0.00e+00	9.69e-32	8.42e-23	2.70e-14	3.36e-05	1.09e-01	8.91e-01	0.00e+00	0.00e+00	0.00e+00	0.00e+00	0.00e+00	4.32e-149
 2.25241e+12	1.64e-41	1.40e-31	1.13e-22	3.37e-14	3.89e-05	1.17e-01	8.83e-01	0.00e+00	0.00e+00	0.00e+00	0.00e+00	0.00e+00	5.06e-222
 2.35983e+12	0.00e+00	2.09e-31	1.56e-22	4.27e-14	4.56e-05	1.25e-01	8.75e-01	0.00e+00	0.00e+00	0.00e+00	0.00e+00	0.00e+00	5.25e-148
 2.46121e+12	4.09e-41	3.01e-31	2.09e-22	5.31e-14	5.27e-05	1.33e-01	8.67e-01	0.00e+00	0.00e+00	0.00e+00	0.00e+00	0.00e+00	6.51e-195
 2.57141e+12	0.00e+00	4.42e-31	2.84e-22	6.68e-14	6.14e-05	1.42e-01	8.58e-01	0.00e+00	0.00e+00	0.00e+00	0.00e+00	0.00e+00	6.01e-147
 2.69472e+12	1.07e-40	6.70e-31	3.97e-22	8.56e-14	7.23e-05	1.53e-01	8.47e-01	0.00e+00	0.00e+00	0.00e+00	0.00e+00	0.00e+00	0.00e+00
 2.81075e+12	0.00e+00	9.78e-31	5.37e-22	1.07e-13	8.39e-05	1.63e-01	8.37e-01	0.00e+00	0.00e+00	0.00e+00	0.00e+00	0.00e+00	7.97e-146
 2.93727e+12	2.74e-40	1.46e-30	7.40e-22	1.36e-13	9.82e-05	1.74e-01	8.26e-01	0.00e+00	0.00e+00	0.00e+00	0.00e+00	0.00e+00	0.00e+00
 3.07883e+12	0.00e+00	2.24e-30	1.04e-21	1.75e-13	1.16e-04	1.87e-01	8.13e-01	0.00e+00	0.00e+00	0.00e+00	0.00e+00	0.00e+00	1.18e-144
 3.21311e+12	7.39e-40	3.32e-30	1.43e-21	2.21e-13	1.35e-04	1.99e-01	8.00e-01	0.00e+00	0.00e+00	0.00e+00	0.00e+00	0.00e+00	0.00e+00
 3.33548e+12	0.00e+00	4.70e-30	1.89e-21	2.72e-13	1.55e-04	2.11e-01	7.89e-01	0.00e+00	0.00e+00	0.00e+00	0.00e+00	0.00e+00	1.32e-143
 3.46923e+12	1.75e-39	6.79e-30	2.53e-21	3.38e-13	1.79e-04	2.24e-01	7.76e-01	0.00e+00	0.00e+00	0.00e+00	0.00e+00	0.00e+00	0.00e+00
 3.61902e+12	0.00e+00	1.01e-29	3.48e-21	4.27e-13	2.08e-04	2.38e-01	7.62e-01	0.00e+00	0.00e+00	0.00e+00	0.00e+00	0.00e+00	1.59e-142
 3.76066e+12	4.37e-39	1.45e-29	4.65e-21	5.29e-13	2.39e-04	2.52e-01	7.48e-01	0.00e+00	0.00e+00	0.00e+00	0.00e+00	0.00e+00	1.19e-202
 3.91582e+12	0.00e+00	2.13e-29	6.31e-21	6.63e-13	2.77e-04	2.67e-01	7.33e-01	0.00e+00	0.00e+00	0.00e+00	0.00e+00	0.00e+00	1.81e-141
 4.08370e+12	1.13e-38	3.18e-29	8.69e-21	8.38e-13	3.22e-04	2.83e-01	7.16e-01	0.00e+00	0.00e+00	0.00e+00	0.00e+00	0.00e+00	3.71e-228
 4.23412e+12	0.00e+00	4.49e-29	1.15e-20	1.03e-12	3.67e-04	2.98e-01	7.01e-01	0.00e+00	0.00e+00	0.00e+00	0.00e+00	0.00e+00	2.08e-140
 4.36805e+12	2.46e-38	6.05e-29	1.45e-20	1.22e-12	4.11e-04	3.11e-01	6.88e-01	0.00e+00	0.00e+00	0.00e+00	0.00e+00	0.00e+00	0.00e+00
 4.51458e+12	0.00e+00	8.31e-29	1.87e-20	1.47e-12	4.62e-04	3.26e-01	6.74e-01	0.00e+00	0.00e+00	0.00e+00	0.00e+00	0.00e+00	1.56e-139
 4.70431e+12	5.82e-38	1.23e-28	2.57e-20	1.85e-12	5.36e-04	3.44e-01	6.55e-01	0.00e+00	0.00e+00	0.00e+00	0.00e+00	0.00e+00	0.00e+00
 4.89919e+12	0.00e+00	1.83e-28	3.51e-20	2.33e-12	6.19e-04	3.63e-01	6.36e-01	0.00e+00	0.00e+00	0.00e+00	0.00e+00	0.00e+00	2.08e-138
 5.06190e+12	1.37e-37	2.51e-28	4.51e-20	2.80e-12	6.95e-04	3.79e-01	6.20e-01	0.00e+00	0.00e+00	0.00e+00	0.00e+00	0.00e+00	1.89e-199
 5.23379e+12	0.00e+00	3.46e-28	5.83e-20	3.37e-12	7.82e-04	3.95e-01	6.04e-01	0.00e+00	0.00e+00	0.00e+00	0.00e+00	0.00e+00	1.70e-137
 5.45253e+12	3.28e-37	5.14e-28	7.99e-20	4.24e-12	9.02e-04	4.16e-01	5.83e-01	0.00e+00	0.00e+00	0.00e+00	0.00e+00	0.00e+00	7.41e-227
 5.68232e+12	0.00e+00	7.67e-28	1.10e-19	5.34e-12	1.04e-03	4.37e-01	5.62e-01	0.00e+00	0.00e+00	0.00e+00	0.00e+00	0.00e+00	2.35e-136
 5.88783e+12	8.08e-37	1.08e-27	1.44e-19	6.50e-12	1.18e-03	4.55e-01	5.44e-01	0.00e+00	0.00e+00	0.00e+00	0.00e+00	0.00e+00	0.00e+00
 6.11160e+12	0.00e+00	1.55e-27	1.92e-19	8.00e-12	1.34e-03	4.75e-01	5.24e-01	0.00e+00	0.00e+00	0.00e+00	0.00e+00	0.00e+00	2.43e-135
 6.37781e+12	2.07e-36	2.34e-27	2.67e-19	1.01e-11	1.55e-03	4.97e-01	5.01e-01	0.00e+00	0.00e+00	0.00e+00	0.00e+00	0.00e+00	0.00e+00
 6.64647e+12	0.00e+00	3.49e-27	3.66e-19	1.27e-11	1.78e-03	5.19e-01	4.79e-01	0.00e+00	0.00e+00	0.00e+00	0.00e+00	0.00e+00	3.61e-134
 6.90080e+12	5.22e-36	5.02e-27	4.88e-19	1.56e-11	2.01e-03	5.39e-01	4.59e-01	0.00e+00	0.00e+00	0.00e+00	0.00e+00	0.00e+00	5.51e-99
 7.18167e+12	0.00e+00	7.38e-27	6.61e-19	1.94e-11	2.29e-03	5.61e-01	4.37e-01	0.00e+00	0.00e+00	0.00e+00	0.00e+00	0.00e+00	0.00e+00
 7.49886e+12	1.38e-35	1.12e-26	9.20e-19	2.46e-11	2.64e-03	5.84e-01	4.14e-01	0.00e+00	0.00e+00	0.00e+00	0.00e+00	0.00e+00	3.08e-115
 7.79522e+12	0.00e+00	1.63e-26	1.24e-18	3.04e-11	2.99e-03	6.04e-01	3.93e-01	0.00e+00	0.00e+00	0.00e+00	0.00e+00	0.00e+00	4.63e-99
 8.05729e+12	3.21e-35	2.23e-26	1.59e-18	3.64e-11	3.32e-03	6.21e-01	3.76e-01	0.00e+00	0.00e+00	0.00e+00	0.00e+00	0.00e+00	0.00e+00
 8.35035e+12	0.00e+00	3.14e-26	2.08e-18	4.41e-11	3.72e-03	6.39e-01	3.57e-01	0.00e+00	0.00e+00	0.00e+00	0.00e+00	0.00e+00	5.66e-131
 8.70128e+12	7.88e-35	4.67e-26	2.85e-18	5.50e-11	4.23e-03	6.60e-01	3.36e-01	0.00e+00	0.00e+00	0.00e+00	0.00e+00	0.00e+00	1.76e-96
 9.05518e+12	1.25e-34	6.84e-26	3.85e-18	6.82e-11	4.78e-03	6.79e-01	3.16e-01	0.00e+00	0.00e+00	0.00e+00	0.00e+00	0.00e+00	0.00e+00
 9.38457e+12	1.90e-34	9.62e-26	5.05e-18	8.25e-11	5.34e-03	6.96e-01	2.99e-01	0.00e+00	0.00e+00	0.00e+00	0.00e+00	0.00e+00	2.16e-112
 9.75121e+12	2.96e-34	1.38e-25	6.74e-18	1.01e-10	5.99e-03	7.13e-01	2.81e-01	0.00e+00	0.00e+00	0.00e+00	0.00e+00	0.00e+00	2.93e-95
 1.01126e+13	4.53e-34	1.96e-25	8.88e-18	1.23e-10	6.69e-03	7.29e-01	2.64e-01	0.00e+00	0.00e+00	0.00e+00	0.00e+00	0.00e+00	1.92e-111
 1.03923e+13	6.21e-34	2.54e-25	1.09e-17	1.42e-10	7.25e-03	7.41e-01	2.52e-01	0.00e+00	0.00e+00	0.00e+00	0.00e+00	0.00e+00	1.40e-94
 1.06781e+13	8.48e-34	3.28e-25	1.33e-17	1.64e-10	7.85e-03	7.52e-01	2.40e-01	0.00e+00	0.00e+00	0.00e+00	0.00e+00	0.00e+00	9.35e-111
 1.10497e+13	1.26e-33	4.54e-25	1.73e-17	1.96e-10	8.68e-03	7.66e-01	2.26e-01	0.00e+00	0.00e+00	0.00e+00	0.00e+00	0.00e+00	6.27e-94
 1.14453e+13	1.89e-33	6.33e-25	2.25e-17	2.36e-10	9.62e-03	7.79e-01	2.11e-01	0.00e+00	0.00e+00	0.00e+00	0.00e+00	0.00e+00	7.07e-110
 1.17907e+13	2.65e-33	8.38e-25	2.81e-17	2.76e-10	1.05e-02	7.90e-01	2.00e-01	0.00e+00	0.00e+00	0.00e+00	0.00e+00	0.00e+00	3.04e-93
 1.21579e+13	3.76e-33	1.12e-24	3.53e-17	3.24e-10	1.14e-02	8.00e-01	1.88e-01	0.00e+00	0.00e+00	0.00e+00	0.00e+00	0.00e+00	4.07e-109
 1.26278e+13	5.79e-33	1.59e-24	4.69e-17	3.95e-10	1.27e-02	8.12e-01	1.75e-01	0.00e+00	0.00e+00	0.00e+00	0.00e+00	0.00e+00	1.58e-92
 1.31061e+13	8.85e-33	2.26e-24	6.19e-17	4.81e-10	1.42e-02	8.24e-01	1.62e-01	0.00e+00	0.00e+00	0.00e+00	0.00e+00	0.00e+00	3.57e-108
 1.35054e+13	1.24e-32	2.98e-24	7.73e-17	5.62e-10	1.54e-02	8.32e-01	1.53e-01	0.00e+00	0.00e+00	0.00e+00	0.00e+00	0.00e+00	7.82e-92
 1.39265e+13	1.75e-32	3.96e-24	9.69e-17	6.58e-10	1.67e-02	8.40e-01	1.43e-01	0.00e+00	0.00e+00	0.00e+00	0.00e+00	0.00e+00	2.04e-107
 1.44628e+13	2.67e-32	5.61e-24	1.28e-16	8.00e-10	1.86e-02	8.49e-01	1.32e-01	0.00e+00	0.00e+00	0.00e+00	0.00e+00	0.00e+00	3.91e-91
 1.50238e+13	4.07e-32	7.96e-24	1.70e-16	9.74e-10	2.06e-02	8.58e-01	1.22e-01	0.00e+00	0.00e+00	0.00e+00	0.00e+00	0.00e+00	1.77e-106
 1.55194e+13	5.82e-32	1.07e-23	2.15e-16	1.15e-09	2.25e-02	8.64e-01	1.13e-01	0.00e+00	0.00e+00	0.00e+00	0.00e+00	0.00e+00	2.01e-90
 1.60547e+13	8.41e-32	1.45e-23	2.75e-16	1.36e-09	2.46e-02	8.70e-01	1.05e-01	0.00e+00	0.00e+00	0.00e+00	0.00e+00	0.00e+00	1.15e-105
 1.66994e+13	1.29e-31	2.07e-23	3.65e-16	1.66e-09	2.73e-02	8.76e-01	9.65e-02	0.00e+00	0.00e+00	0.00e+00	0.00e+00	0.00e+00	1.07e-89
 1.73087e+13	1.90e-31	2.85e-23	4.73e-16	1.99e-09	2.99e-02	8.81e-01	8.90e-02	0.00e+00	0.00e+00	0.00e+00	0.00e+00	0.00e+00	9.42e-105
 1.78103e+13	2.57e-31	3.66e-23	5.78e-16	2.30e-09	3.22e-02	8.84e-01	8.35e-02	0.00e+00	0.00e+00	0.00e+00	0.00e+00	0.00e+00	4.59e-89
 1.83496e+13	3.52e-31	4.74e-23	7.12e-16	2.66e-09	3.47e-02	8.87e-01	7.81e-02	0.00e+00	0.00e+00	0.00e+00	0.00e+00	0.00e+00	4.73e-104
 1.90425e+13	5.19e-31	6.55e-23	9.23e-16	3.18e-09	3.80e-02	8.90e-01	7.18e-02	0.00e+00	0.00e+00	0.00e+00	0.00e+00	0.00e+00	2.04e-88
 1.97758e+13	7.69e-31	9.08e-23	1.20e-15	3.83e-09	4.18e-02	8.92e-01	6.58e-02	0.00e+00	0.00e+00	0.00e+00	0.00e+00	0.00e+00	3.69e-103
 2.04057e+13	1.06e-30	1.19e-22	1.49e-15	4.44e-09	4.50e-02	8.94e-01	6.12e-02	0.00e+00	0.00e+00	0.00e+00	0.00e+00	0.00e+00	9.42e-88
 2.09464e+13	1.39e-30	1.48e-22	1.78e-15	5.02e-09	4.79e-02	8.94e-01	5.77e-02	0.00e+00	0.00e+00	0.00e+00	0.00e+00	0.00e+00	1.77e-102
 2.15354e+13	1.84e-30	1.87e-22	2.14e-15	5.71e-09	5.11e-02	8.95e-01	5.42e-02	0.00e+00	0.00e+00	0.00e+00	0.00e+00	0.00e+00	3.09e-87
 2.23010e+13	2.62e-30	2.50e-22	2.70e-15	6.72e-09	5.54e-02	8.95e-01	5.00e-02	0.00e+00	0.00e+00	0.00e+00	0.00e+00	0.00e+00	9.64e-102
 2.31030e+13	3.74e-30	3.36e-22	3.42e-15	7.92e-09	6.01e-02	8.94e-01	4.60e-02	0.00e+00	0.00e+00	0.00e+00	0.00e+00	0.00e+00	1.44e-86
 2.37890e+13	5.01e-30	4.27e-22	4.14e-15	9.03e-09	6.42e-02	8.93e-01	4.30e-02	0.00e+00	0.00e+00	0.00e+00	0.00e+00	0.00e+00	5.50e-101
 2.45178e+13	6.76e-30	5.46e-22	5.03e-15	1.03e-08	6.86e-02	8.91e-01	4.02e-02	0.00e+00	0.00e+00	0.00e+00	0.00e+00	0.00e+00	5.31e-86
 2.54432e+13	9.74e-30	7.38e-22	6.40e-15	1.22e-08	7.44e-02	8.89e-01	3.69e-02	0.00e+00	0.00e+00	0.00e+00	0.00e+00	0.00e+00	3.34e-100
 2.64114e+13	1.41e-29	9.99e-22	8.13e-15	1.44e-08	8.07e-02	8.86e-01	3.38e-02	0.00e+00	0.00e+00	0.00e+00	0.00e+00	0.00e+00	2.70e-85
 2.72746e+13	1.93e-29	1.29e-21	9.97e-15	1.65e-08	8.64e-02	8.82e-01	3.13e-02	0.00e+00	0.00e+00	0.00e+00	0.00e+00	0.00e+00	2.15e-99
 2.82143e+13	2.68e-29	1.69e-21	1.23e-14	1.91e-08	9.27e-02	8.78e-01	2.90e-02	0.00e+00	0.00e+00	0.00e+00	0.00e+00	0.00e+00	1.15e-84
 2.93354e+13	3.91e-29	2.31e-21	1.57e-14	2.26e-08	1.00e-01	8.73e-01	2.64e-02	0.00e+00	0.00e+00	0.00e+00	0.00e+00	0.00e+00	1.51e-98
 3.04622e+13	5.64e-29	3.11e-21	1.99e-14	2.65e-08	1.08e-01	8.67e-01	2.42e-02	0.00e+00	0.00e+00	0.00e+00	0.00e+00	0.00e+00	6.18e-84
 3.14676e+13	7.70e-29	4.02e-21	2.42e-14	3.03e-08	1.16e-01	8.62e-01	2.24e-02	0.00e+00	0.00e+00	0.00e+00	0.00e+00	0.00e+00	9.88e-98
 3.25450e+13	1.06e-28	5.23e-21	2.98e-14	3.48e-08	1.23e-01	8.56e-01	2.07e-02	0.00e+00	0.00e+00	0.00e+00	0.00e+00	0.00e+00	2.66e-83
 3.38321e+13	1.54e-28	7.09e-21	3.78e-14	4.09e-08	1.33e-01	8.48e-01	1.88e-02	0.00e+00	0.00e+00	0.00e+00	0.00e+00	0.00e+00	6.81e-97
 3.51029e+13	2.19e-28	9.43e-21	4.71e-14	4.74e-08	1.43e-01	8.40e-01	1.72e-02	0.00e+00	0.00e+00	0.00e+00	0.00e+00	0.00e+00	1.40e-82
 3.62528e+13	2.98e-28	1.21e-20	5.72e-14	5.41e-08	1.52e-01	8.32e-01	1.59e-02	0.00e+00	0.00e+00	0.00e+00	0.00e+00	0.00e+00	4.31e-96
 3.73347e+13	3.93e-28	1.52e-20	6.83e-14	6.09e-08	1.60e-01	8.25e-01	1.48e-02	0.00e+00	0.00e+00	0.00e+00	0.00e+00	0.00e+00	5.41e-82
 3.83422e+13	5.06e-28	1.86e-20	8.00e-14	6.77e-08	1.68e-01	8.18e-01	1.39e-02	0.00e+00	0.00e+00	0.00e+00	0.00e+00	0.00e+00	1.92e-95
 3.94524e+13	6.62e-28	2.32e-20	9.46e-14	7.57e-08	1.77e-01	8.10e-01	1.29e-02	0.00e+00	0.00e+00	0.00e+00	0.00e+00	0.00e+00	1.82e-81
 4.06969e+13	8.86e-28	2.94e-20	1.14e-13	8.56e-08	1.87e-01	8.01e-01	1.20e-02	0.00e+00	0.00e+00	0.00e+00	0.00e+00	0.00e+00	9.36e-95
 4.18698e+13	1.16e-27	3.64e-20	1.34e-13	9.55e-08	1.97e-01	7.92e-01	1.11e-02	0.00e+00	0.00e+00	0.00e+00	0.00e+00	0.00e+00	6.75e-81
 4.31481e+13	1.53e-27	4.58e-20	1.60e-13	1.07e-07	2.07e-01	7.82e-01	1.03e-02	0.00e+00	0.00e+00	0.00e+00	0.00e+00	0.00e+00	4.43e-94
 4.45649e+13	2.07e-27	5.84e-20	1.93e-13	1.22e-07	2.19e-01	7.71e-01	9.50e-03	0.00e+00	0.00e+00	0.00e+00	0.00e+00	0.00e+00	2.65e-80
 4.58914e+13	2.72e-27	7.28e-20	2.29e-13	1.36e-07	2.30e-01	7.61e-01	8.80e-03	0.00e+00	0.00e+00	0.00e+00	0.00e+00	0.00e+00	2.27e-93
 4.73457e+13	3.63e-27	9.19e-20	2.73e-13	1.53e-07	2.42e-01	7.49e-01	8.11e-03	0.00e+00	0.00e+00	0.00e+00	0.00e+00	0.00e+00	9.94e-80
 4.89739e+13	4.95e-27	1.18e-19	3.32e-13	1.74e-07	2.56e-01	7.36e-01	7.41e-03	0.00e+00	0.00e+00	0.00e+00	0.00e+00	0.00e+00	1.27e-92
 5.05061e+13	6.57e-27	1.49e-19	3.96e-13	1.95e-07	2.69e-01	7.24e-01	6.83e-03	0.00e+00	0.00e+00	0.00e+00	0.00e+00	0.00e+00	4.06e-79
 5.21761e+13	8.86e-27	1.89e-19	4.75e-13	2.20e-07	2.83e-01	7.11e-01	6.26e-03	0.00e+00	0.00e+00	0.00e+00	0.00e+00	0.00e+00	6.83e-92
 5.40444e+13	1.22e-26	2.45e-19	5.80e-13	2.51e-07	2.99e-01	6.96e-01	5.67e-03	0.00e+00	0.00e+00	0.00e+00	0.00e+00	0.00e+00	1.77e-78
 5.57889e+13	1.63e-26	3.09e-19	6.92e-13	2.81e-07	3.13e-01	6.82e-01	5.20e-03	0.00e+00	0.00e+00	0.00e+00	0.00e+00	0.00e+00	3.98e-91
 5.76749e+13	2.20e-26	3.94e-19	8.32e-13	3.17e-07	3.29e-01	6.67e-01	4.74e-03	0.00e+00	0.00e+00	0.00e+00	0.00e+00	0.00e+00	7.32e-78
 5.97738e+13	3.03e-26	5.10e-19	1.02e-12	3.61e-07	3.46e-01	6.49e-01	4.27e-03	0.00e+00	0.00e+00	0.00e+00	0.00e+00	0.00e+00	2.44e-90
 6.17237e+13	4.04e-26	6.43e-19	1.21e-12	4.04e-07	3.62e-01	6.34e-01	3.90e-03	0.00e+00	0.00e+00	0.00e+00	0.00e+00	0.00e+00	3.15e-77
 6.38325e+13	5.45e-26	8.18e-19	1.45e-12	4.53e-07	3.79e-01	6.18e-01	3.54e-03	0.00e+00	0.00e+00	0.00e+00	0.00e+00	0.00e+00	1.37e-89
 6.61914e+13	7.50e-26	1.06e-18	1.77e-12	5.15e-07	3.98e-01	5.99e-01	3.17e-03	0.00e+00	0.00e+00	0.00e+00	0.00e+00	0.00e+00	1.40e-76
 6.83994e+13	1.00e-25	1.34e-18	2.11e-12	5.76e-07	4.14e-01	5.83e-01	2.88e-03	0.00e+00	0.00e+00	0.00e+00	0.00e+00	0.00e+00	8.32e-89
 7.07939e+13	1.36e-25	1.70e-18	2.53e-12	6.46e-07	4.32e-01	5.65e-01	2.59e-03	0.00e+00	0.00e+00	0.00e+00	0.00e+00	0.00e+00	6.02e-76
 7.34763e+13	1.87e-25	2.21e-18	3.08e-12	7.33e-07	4.52e-01	5.45e-01	2.31e-03	0.00e+00	0.00e+00	0.00e+00	0.00e+00	0.00e+00	1.31e-75
 7.59938e+13	2.51e-25	2.79e-18	3.67e-12	8.18e-07	4.70e-01	5.28e-01	2.08e-03	0.00e+00	0.00e+00	0.00e+00	0.00e+00	0.00e+00	2.72e-75
 7.87271e+13	3.41e-25	3.56e-18	4.41e-12	9.16e-07	4.89e-01	5.09e-01	1.87e-03	0.00e+00	0.00e+00	0.00e+00	0.00e+00	0.00e+00	5.83e-75
 8.18042e+13	4.74e-25	4.63e-18	5.38e-12	1.04e-06	5.09e-01	4.89e-01	1.65e-03	0.00e+00	0.00e+00	0.00e+00	0.00e+00	0.00e+00	1.30e-74
 8.47267e+13	6.40e-25	5.88e-18	6.43e-12	1.16e-06	5.28e-01	4.71e-01	1.47e-03	0.00e+00	0.00e+00	0.00e+00	0.00e+00	0.00e+00	2.77e-74
 8.78545e+13	8.73e-25	7.53e-18	7.72e-12	1.30e-06	5.47e-01	4.52e-01	1.31e-03	0.00e+00	0.00e+00	0.00e+00	0.00e+00	0.00e+00	6.04e-74
 9.13986e+13	1.22e-24	9.83e-18	9.40e-12	1.46e-06	5.68e-01	4.31e-01	1.15e-03	0.00e+00	0.00e+00	0.00e+00	0.00e+00	0.00e+00	1.40e-73
 9.49001e+13	1.67e-24	1.26e-17	1.13e-11	1.64e-06	5.87e-01	4.12e-01	1.02e-03	0.00e+00	0.00e+00	0.00e+00	0.00e+00	0.00e+00	3.12e-73
 9.80194e+13	2.19e-24	1.56e-17	1.33e-11	1.80e-06	6.04e-01	3.95e-01	9.10e-04	0.00e+00	0.00e+00	0.00e+00	0.00e+00	0.00e+00	6.15e-73
 1.00609e+14	2.73e-24	1.86e-17	1.51e-11	1.94e-06	6.17e-01	3.82e-01	8.34e-04	0.00e+00	0.00e+00	0.00e+00	0.00e+00	0.00e+00	1.07e-72
 1.03288e+14	3.40e-24	2.21e-17	1.71e-11	2.10e-06	6.30e-01	3.70e-01	7.63e-04	0.00e+00	0.00e+00	0.00e+00	0.00e+00	0.00e+00	1.89e-72
 1.06771e+14	4.50e-24	2.75e-17	2.00e-11	2.30e-06	6.45e-01	3.54e-01	6.82e-04	0.00e+00	0.00e+00	0.00e+00	0.00e+00	0.00e+00	3.88e-72
 1.10400e+14	5.90e-24	3.41e-17	2.35e-11	2.53e-06	6.62e-01	3.38e-01	6.06e-04	0.00e+00	0.00e+00	0.00e+00	0.00e+00	0.00e+00	7.73e-72
 1.13440e+14	7.42e-24	4.08e-17	2.67e-11	2.73e-06	6.74e-01	3.26e-01	5.53e-04	0.00e+00	0.00e+00	0.00e+00	0.00e+00	0.00e+00	1.40e-71
 1.16612e+14	9.33e-24	4.87e-17	3.04e-11	2.94e-06	6.86e-01	3.13e-01	5.03e-04	0.00e+00	0.00e+00	0.00e+00	1.57e-17	3.30e-17	2.54e-71
 1.20735e+14	1.25e-23	6.11e-17	3.57e-11	3.22e-06	7.01e-01	2.98e-01	4.46e-04	0.00e+00	0.00e+00	0.00e+00	2.03e-17	4.09e-17	5.44e-71
 1.25085e+14	1.66e-23	7.65e-17	4.20e-11	3.55e-06	7.17e-01	2.83e-01	3.93e-04	0.00e+00	0.00e+00	0.00e+00	2.54e-17	5.11e-17	1.15e-70
 1.28834e+14	2.12e-23	9.24e-17	4.81e-11	3.83e-06	7.29e-01	2.71e-01	3.55e-04	0.00e+00	0.00e+00	0.00e+00	3.07e-17	6.18e-17	2.17e-70
 1.32811e+14	2.73e-23	1.12e-16	5.52e-11	4.14e-06	7.41e-01	2.59e-01	3.19e-04	0.00e+00	0.00e+00	0.00e+00	3.73e-17	7.50e-17	4.21e-70
 1.37774e+14	3.70e-23	1.42e-16	6.51e-11	4.54e-06	7.55e-01	2.45e-01	2.80e-04	0.00e+00	0.00e+00	0.00e+00	4.72e-17	9.50e-17	9.43e-70
 1.42890e+14	4.96e-23	1.78e-16	7.68e-11	4.98e-06	7.68e-01	2.32e-01	2.46e-04	0.00e+00	0.00e+00	0.00e+00	5.92e-17	1.19e-16	2.04e-69
 1.47402e+14	6.41e-23	2.17e-16	8.81e-11	5.37e-06	7.79e-01	2.21e-01	2.20e-04	0.00e+00	0.00e+00	0.00e+00	7.21e-17	1.45e-16	4.02e-69
 1.52260e+14	8.37e-23	2.67e-16	1.02e-10	5.81e-06	7.90e-01	2.10e-01	1.96e-04	0.00e+00	0.00e+00	0.00e+00	8.84e-17	1.78e-16	8.18e-69
 1.58120e+14	1.14e-22	3.39e-16	1.20e-10	6.36e-06	8.02e-01	1.98e-01	1.71e-04	0.00e+00	0.00e+00	0.00e+00	1.12e-16	2.27e-16	1.89e-68
 1.64022e+14	1.53e-22	4.24e-16	1.41e-10	6.95e-06	8.14e-01	1.86e-01	1.50e-04	0.00e+00	0.00e+00	0.00e+00	1.41e-16	2.84e-16	4.11e-68
 1.69372e+14	1.99e-22	5.19e-16	1.62e-10	7.49e-06	8.23e-01	1.77e-01	1.33e-04	0.00e+00	0.00e+00	0.00e+00	1.72e-16	3.47e-16	8.36e-68
 1.75270e+14	2.64e-22	6.44e-16	1.87e-10	8.10e-06	8.33e-01	1.67e-01	1.18e-04	0.00e+00	0.00e+00	0.00e+00	2.14e-16	4.30e-16	1.80e-67
 1.82190e+14	3.61e-22	8.19e-16	2.21e-10	8.86e-06	8.43e-01	1.57e-01	1.02e-04	0.00e+00	0.00e+00	0.00e+00	2.71e-16	5.47e-16	4.18e-67
 1.89071e+14	4.88e-22	1.03e-15	2.59e-10	9.63e-06	8.53e-01	1.47e-01	8.94e-05	0.00e+00	0.00e+00	0.00e+00	3.41e-16	6.88e-16	9.42e-67
 1.95596e+14	6.41e-22	1.27e-15	2.99e-10	1.04e-05	8.61e-01	1.39e-01	7.90e-05	0.00e+00	0.00e+00	0.00e+00	4.20e-16	8.47e-16	1.97e-66
 2.02818e+14	8.58e-22	1.58e-15	3.48e-10	1.13e-05	8.69e-01	1.31e-01	6.91e-05	0.00e+00	0.00e+00	0.00e+00	5.25e-16	1.06e-15	4.36e-66
 2.10961e+14	1.17e-21	2.01e-15	4.12e-10	1.23e-05	8.78e-01	1.22e-01	5.97e-05	0.00e+00	0.00e+00	0.00e+00	6.66e-16	1.34e-15	1.01e-65
 2.19149e+14	1.60e-21	2.54e-15	4.83e-10	1.34e-05	8.86e-01	1.14e-01	5.19e-05	0.00e+00	0.00e+00	0.00e+00	8.41e-16	1.70e-15	2.35e-65
 2.27664e+14	2.17e-21	3.21e-15	5.66e-10	1.45e-05	8.93e-01	1.07e-01	4.51e-05	0.00e+00	0.00e+00	0.00e+00	1.06e-15	2.15e-15	5.49e-65
 2.35336e+14	2.81e-21	3.91e-15	6.51e-10	1.56e-05	8.99e-01	1.01e-01	3.98e-05	0.00e+00	0.00e+00	0.00e+00	1.30e-15	2.62e-15	1.10e-64
 2.41214e+14	3.44e-21	4.56e-15	7.21e-10	1.65e-05	9.03e-01	9.65e-02	3.63e-05	0.00e+00	0.00e+00	0.00e+00	1.51e-15	3.05e-15	1.92e-64
 2.47390e+14	4.18e-21	5.30e-15	8.01e-10	1.74e-05	9.08e-01	9.22e-02	3.30e-05	0.00e+00	0.00e+00	0.00e+00	1.75e-15	3.54e-15	3.27e-64
 2.55419e+14	5.40e-21	6.43e-15	9.14e-10	1.86e-05	9.13e-01	8.71e-02	2.93e-05	0.00e+00	0.00e+00	0.00e+00	2.13e-15	4.30e-15	6.59e-64
 2.64173e+14	7.07e-21	7.90e-15	1.05e-09	2.00e-05	9.18e-01	8.20e-02	2.58e-05	0.00e+00	0.00e+00	0.00e+00	2.62e-15	5.29e-15	1.39e-63
 2.72134e+14	8.87e-21	9.40e-15	1.19e-09	2.13e-05	9.22e-01	7.77e-02	2.30e-05	0.00e+00	0.00e+00	0.00e+00	3.11e-15	6.29e-15	2.58e-63
 2.80750e+14	1.14e-20	1.14e-14	1.35e-09	2.27e-05	9.27e-01	7.34e-02	2.05e-05	0.00e+00	0.00e+00	0.00e+00	3.77e-15	7.62e-15	5.18e-63
 2.91347e+14	1.51e-20	1.41e-14	1.58e-09	2.46e-05	9.31e-01	6.85e-02	1.78e-05	0.00e+00	0.00e+00	0.00e+00	4.67e-15	9.45e-15	1.11e-62
 3.01896e+14	1.99e-20	1.75e-14	1.82e-09	2.65e-05	9.36e-01	6.42e-02	1.55e-05	0.00e+00	0.00e+00	0.00e+00	5.77e-15	1.17e-14	2.39e-62
 3.11136e+14	2.53e-20	2.10e-14	2.06e-09	2.82e-05	9.39e-01	6.07e-02	1.38e-05	0.00e+00	0.00e+00	0.00e+00	6.93e-15	1.40e-14	4.67e-62
 3.21296e+14	3.24e-20	2.53e-14	2.35e-09	3.02e-05	9.43e-01	5.72e-02	1.22e-05	0.00e+00	0.00e+00	0.00e+00	8.38e-15	1.70e-14	9.23e-62
 3.33594e+14	4.29e-20	3.14e-14	2.74e-09	3.27e-05	9.47e-01	5.32e-02	1.06e-05	0.00e+00	0.00e+00	0.00e+00	1.04e-14	2.10e-14	1.99e-61
 3.45697e+14	5.69e-20	3.90e-14	3.17e-09	3.52e-05	9.50e-01	4.98e-02	9.20e-06	0.00e+00	0.00e+00	0.00e+00	1.29e-14	2.61e-14	4.37e-61
 3.56244e+14	7.10e-20	4.62e-14	3.59e-09	3.75e-05	9.53e-01	4.70e-02	8.17e-06	0.00e+00	0.00e+00	0.00e+00	1.53e-14	3.10e-14	8.00e-61
 3.67744e+14	9.07e-20	5.59e-14	4.08e-09	4.01e-05	9.56e-01	4.43e-02	7.22e-06	0.00e+00	0.00e+00	0.00e+00	1.85e-14	3.74e-14	1.59e-60
 3.81744e+14	1.19e-19	6.89e-14	4.76e-09	4.34e-05	9.59e-01	4.11e-02	6.22e-06	0.00e+00	0.00e+00	0.00e+00	2.28e-14	4.62e-14	3.35e-60
 3.95772e+14	1.58e-19	8.56e-14	5.51e-09	4.67e-05	9.62e-01	3.84e-02	5.41e-06	0.00e+00	0.00e+00	0.00e+00	2.83e-14	5.73e-14	7.34e-60
 4.08244e+14	1.96e-19	1.01e-13	6.26e-09	4.99e-05	9.64e-01	3.61e-02	4.77e-06	0.00e+00	0.00e+00	0.00e+00	3.35e-14	6.80e-14	1.34e-59
 4.21914e+14	2.53e-19	1.24e-13	7.15e-09	5.34e-05	9.66e-01	3.39e-02	4.19e-06	0.00e+00	0.00e+00	0.00e+00	4.08e-14	8.28e-14	2.74e-59
 4.38248e+14	3.32e-19	1.53e-13	8.36e-09	5.78e-05	9.69e-01	3.14e-02	3.60e-06	0.00e+00	0.00e+00	0.00e+00	5.03e-14	1.02e-13	5.78e-59
 4.54429e+14	4.34e-19	1.88e-13	9.69e-09	6.24e-05	9.71e-01	2.93e-02	3.11e-06	0.00e+00	0.00e+00	0.00e+00	6.18e-14	1.26e-13	1.21e-58
 4.69076e+14	5.47e-19	2.25e-13	1.10e-08	6.67e-05	9.72e-01	2.75e-02	2.74e-06	0.00e+00	0.00e+00	0.00e+00	7.40e-14	1.51e-13	2.31e-58
 4.85348e+14	7.07e-19	2.75e-13	1.27e-08	7.16e-05	9.74e-01	2.57e-02	2.39e-06	0.00e+00	0.00e+00	0.00e+00	9.04e-14	1.84e-13	4.76e-58
 5.04451e+14	9.31e-19	3.40e-13	1.48e-08	7.77e-05	9.76e-01	2.38e-02	2.04e-06	0.00e+00	0.00e+00	0.00e+00	1.12e-13	2.28e-13	1.01e-57
 5.23243e+14	1.22e-18	4.20e-13	1.72e-08	8.37e-05	9.78e-01	2.21e-02	1.76e-06	0.00e+00	0.00e+00	0.00e+00	1.38e-13	2.82e-13	2.17e-57
 5.40820e+14	1.54e-18	5.03e-13	1.97e-08	8.99e-05	9.79e-01	2.06e-02	1.54e-06	0.00e+00	0.00e+00	0.00e+00	1.65e-13	3.37e-13	4.10e-57
 5.57663e+14	1.92e-18	5.97e-13	2.23e-08	9.57e-05	9.80e-01	1.94e-02	1.36e-06	0.00e+00	0.00e+00	0.00e+00	1.96e-13	4.01e-13	7.62e-57
 5.76412e+14	2.41e-18	7.16e-13	2.55e-08	1.03e-04	9.82e-01	1.81e-02	1.18e-06	0.00e+00	0.00e+00	0.00e+00	2.35e-13	4.81e-13	1.45e-56
 5.97298e+14	3.13e-18	8.81e-13	2.94e-08	1.10e-04	9.83e-01	1.69e-02	1.03e-06	0.00e+00	0.00e+00	0.00e+00	2.89e-13	5.91e-13	3.06e-56
 6.17010e+14	3.91e-18	1.05e-12	3.36e-08	1.18e-04	9.84e-01	1.58e-02	8.96e-07	0.00e+00	0.00e+00	0.00e+00	3.44e-13	7.04e-13	5.67e-56
 6.34100e+14	4.77e-18	1.23e-12	3.75e-08	1.25e-04	9.85e-01	1.50e-02	0.00e+00	0.00e+00	0.00e+00	0.00e+00	4.02e-13	8.24e-13	9.98e-56
 6.51735e+14	5.78e-18	1.42e-12	4.19e-08	1.33e-04	9.86e-01	1.41e-02	0.00e+00	0.00e+00	0.00e+00	0.00e+00	4.67e-13	9.56e-13	1.70e-55
 6.74661e+14	7.40e-18	1.73e-12	4.82e-08	1.43e-04	9.87e-01	1.32e-02	0.00e+00	0.00e+00	0.00e+00	0.00e+00	5.68e-13	1.16e-12	3.43e-55
 6.97996e+14	9.36e-18	2.08e-12	5.54e-08	1.53e-04	9.88e-01	1.23e-02	0.00e+00	0.00e+00	0.00e+00	0.00e+00	6.82e-13	1.40e-12	6.59e-55
 7.16879e+14	1.13e-17	2.42e-12	6.17e-08	1.62e-04	9.88e-01	1.16e-02	0.00e+00	0.00e+00	0.00e+00	0.00e+00	7.92e-13	1.62e-12	1.13e-54
 7.36443e+14	1.37e-17	2.81e-12	6.88e-08	1.71e-04	9.89e-01	1.10e-02	0.00e+00	0.00e+00	0.00e+00	0.00e+00	9.19e-13	1.89e-12	1.94e-54
 7.61876e+14	1.73e-17	3.37e-12	7.90e-08	1.84e-04	9.90e-01	1.02e-02	0.00e+00	0.00e+00	0.00e+00	0.00e+00	1.10e-12	2.27e-12	3.75e-54
 7.88754e+14	2.21e-17	4.10e-12	9.09e-08	1.98e-04	9.90e-01	9.54e-03	0.00e+00	0.00e+00	0.00e+00	0.00e+00	1.34e-12	2.76e-12	7.58e-54
 8.12214e+14	2.70e-17	4.80e-12	1.02e-07	2.10e-04	9.91e-01	8.97e-03	0.00e+00	0.00e+00	0.00e+00	0.00e+00	1.57e-12	3.23e-12	1.33e-53
 8.37416e+14	3.35e-17	5.70e-12	1.16e-07	2.24e-04	9.91e-01	8.43e-03	0.00e+00	0.00e+00	0.00e+00	0.00e+00	1.86e-12	3.84e-12	2.49e-53
 8.68709e+14	4.32e-17	6.95e-12	1.34e-07	2.42e-04	9.92e-01	7.80e-03	0.00e+00	0.00e+00	0.00e+00	0.00e+00	2.27e-12	4.68e-12	5.09e-53
 9.00652e+14	5.55e-17	8.50e-12	1.56e-07	2.61e-04	9.92e-01	7.24e-03	0.00e+00	4.58e-18	1.38e-17	2.30e-17	2.78e-12	5.72e-12	1.06e-52
 9.28908e+14	6.88e-17	1.01e-11	1.76e-07	2.79e-04	9.93e-01	6.78e-03	0.00e+00	5.69e-18	1.71e-17	2.85e-17	3.28e-12	6.77e-12	1.93e-52
 9.59635e+14	8.69e-17	1.21e-11	2.01e-07	2.99e-04	9.93e-01	6.34e-03	0.00e+00	7.18e-18	2.16e-17	3.60e-17	3.94e-12	8.13e-12	3.76e-52
 9.96557e+14	1.13e-16	1.49e-11	2.35e-07	3.23e-04	9.94e-01	5.86e-03	0.00e+00	9.33e-18	2.80e-17	4.68e-17	4.85e-12	1.00e-11	7.99e-52
 1.03319e+15	1.44e-16	1.81e-11	2.71e-07	3.49e-04	9.94e-01	5.43e-03	0.00e+00	1.19e-17	3.57e-17	5.97e-17	5.89e-12	1.22e-11	1.63e-51
 1.06617e+15	1.80e-16	2.15e-11	3.08e-07	3.73e-04	9.95e-01	5.08e-03	0.00e+00	1.49e-17	4.48e-17	7.48e-17	7.02e-12	1.45e-11	3.08e-51
 1.10273e+15	2.25e-16	2.58e-11	3.53e-07	4.00e-04	9.95e-01	4.73e-03	0.00e+00	1.86e-17	5.60e-17	9.36e-17	8.42e-12	1.74e-11	5.96e-51
 1.14588e+15	2.97e-16	3.19e-11	4.13e-07	4.34e-04	9.95e-01	4.36e-03	0.00e+00	2.46e-17	7.38e-17	1.23e-16	1.04e-11	2.15e-11	1.30e-50
 1.18849e+15	3.76e-16	3.88e-11	4.79e-07	4.69e-04	9.95e-01	4.04e-03	0.00e+00	3.12e-17	9.36e-17	1.56e-16	1.27e-11	2.62e-11	2.64e-50
 1.22811e+15	4.77e-16	4.66e-11	5.48e-07	5.04e-04	9.96e-01	3.76e-03	0.00e+00	3.95e-17	1.19e-16	1.98e-16	1.52e-11	3.14e-11	5.15e-50
 1.27258e+15	6.01e-16	5.64e-11	6.33e-07	5.43e-04	9.96e-01	3.49e-03	0.00e+00	4.99e-17	1.50e-16	2.50e-16	1.84e-11	3.80e-11	1.03e-49
 1.31523e+15	7.64e-16	6.80e-11	7.25e-07	5.83e-04	9.96e-01	3.25e-03	0.00e+00	6.34e-17	1.90e-16	3.18e-16	2.21e-11	4.58e-11	2.03e-49
 1.34643e+15	8.96e-16	7.71e-11	7.97e-07	6.13e-04	9.96e-01	3.09e-03	0.00e+00	7.44e-17	2.23e-16	3.73e-16	2.51e-11	5.20e-11	3.24e-49
 1.37753e+15	1.05e-15	8.74e-11	8.74e-07	6.44e-04	9.96e-01	2.94e-03	0.00e+00	8.69e-17	2.61e-16	4.36e-16	2.85e-11	5.89e-11	5.11e-49
 1.41795e+15	1.27e-15	1.02e-10	9.84e-07	6.86e-04	9.97e-01	2.76e-03	0.00e+00	1.06e-16	3.18e-16	5.31e-16	3.33e-11	6.90e-11	9.08e-49
 1.46190e+15	1.56e-15	1.21e-10	1.11e-06	7.34e-04	9.97e-01	2.58e-03	0.00e+00	1.30e-16	3.90e-16	6.52e-16	3.93e-11	8.14e-11	1.66e-48
 1.50159e+15	1.86e-15	1.39e-10	1.24e-06	7.77e-04	9.97e-01	2.44e-03	0.00e+00	1.54e-16	4.64e-16	7.75e-16	4.53e-11	9.38e-11	2.79e-48
 1.54433e+15	2.27e-15	1.63e-10	1.39e-06	8.27e-04	9.97e-01	2.29e-03	0.00e+00	1.89e-16	5.68e-16	9.49e-16	5.30e-11	1.10e-10	4.98e-48
 1.59263e+15	2.77e-15	1.92e-10	1.58e-06	8.85e-04	9.97e-01	2.13e-03	0.00e+00	2.31e-16	6.93e-16	1.16e-15	6.25e-11	1.29e-10	9.06e-48
 1.63876e+15	3.37e-15	2.24e-10	1.78e-06	9.42e-04	9.97e-01	2.01e-03	0.00e+00	2.81e-16	8.43e-16	1.41e-15	7.30e-11	1.51e-10	1.61e-47
 1.68933e+15	4.13e-15	2.64e-10	2.01e-06	1.01e-03	9.97e-01	1.87e-03	0.00e+00	3.45e-16	1.03e-15	1.73e-15	8.61e-11	1.78e-10	2.94e-47
 1.74551e+15	5.13e-15	3.15e-10	2.30e-06	1.08e-03	9.97e-01	1.74e-03	0.00e+00	4.28e-16	1.29e-15	2.15e-15	1.03e-10	2.12e-10	5.62e-47
 1.79813e+15	6.10e-15	3.66e-10	2.59e-06	1.16e-03	9.97e-01	1.63e-03	0.00e+00	5.09e-16	1.53e-15	2.56e-15	1.19e-10	2.47e-10	9.74e-47
 1.85568e+15	7.65e-15	4.37e-10	2.95e-06	1.24e-03	9.97e-01	1.52e-03	0.00e+00	6.39e-16	1.92e-15	3.21e-15	1.43e-10	2.95e-10	1.88e-46
 1.92032e+15	9.33e-15	5.19e-10	3.39e-06	1.34e-03	9.97e-01	1.40e-03	0.00e+00	7.81e-16	2.34e-15	3.92e-15	1.69e-10	3.50e-10	3.53e-46
 1.98237e+15	1.18e-14	6.22e-10	3.86e-06	1.44e-03	9.97e-01	1.30e-03	0.00e+00	9.85e-16	2.96e-15	4.94e-15	2.03e-10	4.19e-10	6.93e-46
 2.05122e+15	1.47e-14	7.47e-10	4.44e-06	1.56e-03	9.97e-01	1.21e-03	0.00e+00	1.23e-15	3.70e-15	6.17e-15	2.44e-10	5.03e-10	1.36e-45
 2.12768e+15	1.85e-14	9.07e-10	5.15e-06	1.69e-03	9.97e-01	1.11e-03	0.00e+00	1.55e-15	4.67e-15	7.80e-15	2.96e-10	6.11e-10	2.80e-45
 2.19822e+15	2.23e-14	1.07e-09	5.88e-06	1.82e-03	9.97e-01	1.03e-03	0.00e+00	1.87e-15	5.62e-15	9.39e-15	3.48e-10	7.18e-10	5.09e-45
 2.27412e+15	2.84e-14	1.29e-09	6.76e-06	1.97e-03	9.97e-01	9.52e-04	0.00e+00	2.39e-15	7.18e-15	1.20e-14	4.22e-10	8.71e-10	1.05e-44
 2.35953e+15	3.55e-14	1.57e-09	7.85e-06	2.14e-03	9.97e-01	8.74e-04	0.00e+00	2.99e-15	8.98e-15	1.50e-14	5.12e-10	1.05e-09	2.15e-44
 2.44018e+15	4.39e-14	1.87e-09	8.99e-06	2.31e-03	9.97e-01	8.09e-04	0.00e+00	3.70e-15	1.11e-14	1.86e-14	6.12e-10	1.26e-09	4.20e-44
 2.52791e+15	5.53e-14	2.27e-09	1.04e-05	2.51e-03	9.97e-01	7.45e-04	0.00e+00	4.67e-15	1.40e-14	2.34e-14	7.40e-10	1.52e-09	8.61e-44
 2.62611e+15	7.01e-14	2.77e-09	1.21e-05	2.74e-03	9.97e-01	6.81e-04	0.00e+00	5.93e-15	1.78e-14	2.98e-14	9.07e-10	1.87e-09	1.84e-43
 2.70502e+15	8.42e-14	3.24e-09	1.36e-05	2.93e-03	9.96e-01	6.36e-04	0.00e+00	7.13e-15	2.14e-14	3.58e-14	1.06e-09	2.18e-09	3.33e-43
 2.76074e+15	9.58e-14	3.62e-09	1.48e-05	3.07e-03	9.96e-01	6.06e-04	0.00e+00	8.12e-15	2.44e-14	4.07e-14	1.18e-09	2.43e-09	5.03e-43
 2.81923e+15	1.09e-13	4.04e-09	1.61e-05	3.22e-03	9.96e-01	5.77e-04	0.00e+00	9.27e-15	2.78e-14	4.65e-14	1.32e-09	2.72e-09	7.67e-43
 2.89527e+15	1.29e-13	4.65e-09	1.79e-05	3.42e-03	9.96e-01	5.42e-04	0.00e+00	1.09e-14	3.28e-14	5.47e-14	1.52e-09	3.13e-09	1.31e-42
 2.97983e+15	1.52e-13	5.40e-09	2.02e-05	3.65e-03	9.96e-01	5.07e-04	0.00e+00	1.29e-14	3.89e-14	6.49e-14	1.77e-09	3.63e-09	2.32e-42
 3.05871e+15	1.76e-13	6.16e-09	2.24e-05	3.88e-03	9.96e-01	4.77e-04	0.00e+00	1.50e-14	4.51e-14	7.53e-14	2.02e-09	4.14e-09	3.85e-42
 3.14448e+15	2.14e-13	7.22e-09	2.50e-05	4.14e-03	9.95e-01	4.47e-04	0.00e+00	1.82e-14	5.46e-14	9.12e-14	2.37e-09	4.85e-09	7.33e-42
 3.23978e+15	2.51e-13	8.36e-09	2.82e-05	4.42e-03	9.95e-01	4.17e-04	0.00e+00	2.14e-14	6.42e-14	1.07e-13	2.74e-09	5.62e-09	1.29e-41
 3.32903e+15	3.04e-13	9.81e-09	3.15e-05	4.71e-03	9.95e-01	3.91e-04	0.00e+00	2.59e-14	7.79e-14	1.30e-13	3.22e-09	6.59e-09	2.44e-41
 3.42662e+15	3.53e-13	1.13e-08	3.53e-05	5.03e-03	9.95e-01	3.65e-04	0.00e+00	3.02e-14	9.07e-14	1.52e-13	3.70e-09	7.58e-09	4.18e-41
 3.53587e+15	4.38e-13	1.35e-08	4.01e-05	5.40e-03	9.94e-01	3.39e-04	0.00e+00	3.75e-14	1.13e-13	1.88e-13	4.45e-09	9.10e-09	8.63e-41
 3.63845e+15	5.09e-13	1.56e-08	4.49e-05	5.76e-03	9.94e-01	3.17e-04	0.00e+00	4.36e-14	1.31e-13	2.19e-13	5.12e-09	1.05e-08	1.48e-40
 3.75000e+15	6.21e-13	1.85e-08	5.07e-05	6.19e-03	9.93e-01	2.95e-04	0.00e+00	5.34e-14	1.60e-13	2.67e-13	6.09e-09	1.24e-08	2.97e-40
 3.87487e+15	7.44e-13	2.18e-08	5.78e-05	6.65e-03	9.93e-01	2.74e-04	0.00e+00	6.40e-14	1.92e-13	3.21e-13	7.18e-09	1.47e-08	5.42e-40
 3.99462e+15	9.01e-13	2.60e-08	6.54e-05	7.14e-03	9.93e-01	2.54e-04	0.00e+00	7.75e-14	2.33e-13	3.89e-13	8.55e-09	1.75e-08	1.08e-39
 4.12788e+15	1.09e-12	3.07e-08	7.45e-05	7.68e-03	9.92e-01	2.35e-04	0.00e+00	9.37e-14	2.81e-13	4.70e-13	1.01e-08	2.06e-08	2.04e-39
 4.27762e+15	1.39e-12	3.81e-08	8.60e-05	8.34e-03	9.91e-01	2.16e-04	0.00e+00	1.20e-13	3.59e-13	5.99e-13	1.25e-08	2.55e-08	4.73e-39
 4.41943e+15	1.64e-12	4.46e-08	9.80e-05	8.97e-03	9.91e-01	2.00e-04	0.00e+00	1.42e-13	4.25e-13	7.10e-13	1.47e-08	2.99e-08	8.66e-39
 4.57444e+15	2.06e-12	5.48e-08	1.13e-04	9.71e-03	9.90e-01	1.84e-04	0.00e+00	1.78e-13	5.34e-13	8.91e-13	1.81e-08	3.68e-08	1.94e-38
 4.74609e+15	2.55e-12	6.71e-08	1.31e-04	1.06e-02	9.89e-01	1.69e-04	0.00e+00	2.21e-13	6.63e-13	1.11e-12	2.21e-08	4.50e-08	4.21e-38
 4.90564e+15	3.09e-12	8.03e-08	1.49e-04	1.14e-02	9.88e-01	1.56e-04	0.00e+00	2.68e-13	8.04e-13	1.34e-12	2.65e-08	5.39e-08	8.26e-38
 5.07932e+15	3.83e-12	9.79e-08	1.72e-04	1.23e-02	9.87e-01	1.44e-04	0.00e+00	3.33e-13	1.00e-12	1.67e-12	3.23e-08	6.56e-08	1.77e-37
 5.27348e+15	4.72e-12	1.18e-07	2.00e-04	1.34e-02	9.86e-01	1.32e-04	0.00e+00	4.11e-13	1.23e-12	2.06e-12	3.90e-08	7.93e-08	3.52e-37
 5.43036e+15	5.58e-12	1.40e-07	2.25e-04	1.43e-02	9.85e-01	1.23e-04	0.00e+00	4.86e-13	1.46e-12	2.43e-12	4.61e-08	9.35e-08	6.49e-37
 5.54228e+15	6.41e-12	1.60e-07	2.44e-04	1.50e-02	9.85e-01	1.17e-04	0.00e+00	5.59e-13	1.68e-12	2.80e-12	5.27e-08	1.07e-07	1.08e-36
 5.65967e+15	7.31e-12	1.80e-07	2.66e-04	1.57e-02	9.84e-01	1.11e-04	0.00e+00	6.38e-13	1.91e-12	3.19e-12	5.94e-08	1.20e-07	1.68e-36
 5.81227e+15	8.50e-12	2.06e-07	2.96e-04	1.66e-02	9.83e-01	1.04e-04	0.00e+00	7.42e-13	2.23e-12	3.72e-12	6.80e-08	1.38e-07	2.73e-36
 5.98277e+15	1.03e-11	2.46e-07	3.33e-04	1.78e-02	9.82e-01	9.74e-05	0.00e+00	8.96e-13	2.69e-12	4.49e-12	8.13e-08	1.65e-07	5.32e-36
 6.14122e+15	1.19e-11	2.82e-07	3.70e-04	1.88e-02	9.81e-01	9.16e-05	0.00e+00	1.04e-12	3.13e-12	5.23e-12	9.30e-08	1.89e-07	8.52e-36
 6.31185e+15	1.42e-11	3.34e-07	4.15e-04	2.01e-02	9.79e-01	8.56e-05	0.00e+00	1.24e-12	3.73e-12	6.23e-12	1.10e-07	2.23e-07	1.61e-35
 6.50262e+15	1.71e-11	3.96e-07	4.68e-04	2.15e-02	9.78e-01	7.98e-05	0.00e+00	1.50e-12	4.50e-12	7.51e-12	1.31e-07	2.65e-07	2.96e-35
 6.68138e+15	2.01e-11	4.61e-07	5.23e-04	2.28e-02	9.77e-01	7.48e-05	0.00e+00	1.76e-12	5.29e-12	8.83e-12	1.52e-07	3.09e-07	4.96e-35
 6.87556e+15	2.40e-11	5.38e-07	5.89e-04	2.43e-02	9.75e-01	6.99e-05	0.00e+00	2.11e-12	6.34e-12	1.06e-11	1.78e-07	3.60e-07	8.47e-35
 7.09268e+15	2.93e-11	6.54e-07	6.70e-04	2.61e-02	9.73e-01	6.47e-05	0.00e+00	2.58e-12	7.74e-12	1.29e-11	2.16e-07	4.38e-07	1.72e-34
 7.29548e+15	3.51e-11	7.71e-07	7.53e-04	2.78e-02	9.71e-01	6.05e-05	0.00e+00	3.09e-12	9.27e-12	1.55e-11	2.55e-07	5.16e-07	3.01e-34
 7.51497e+15	4.25e-11	9.14e-07	8.52e-04	2.97e-02	9.69e-01	5.64e-05	0.00e+00	3.74e-12	1.12e-11	1.87e-11	3.02e-07	6.12e-07	5.40e-34
 7.76057e+15	5.21e-11	1.09e-06	9.74e-04	3.19e-02	9.67e-01	5.23e-05	0.00e+00	4.60e-12	1.38e-11	2.30e-11	3.60e-07	7.29e-07	9.67e-34
 7.99325e+15	6.39e-11	1.32e-06	1.10e-03	3.42e-02	9.65e-01	4.86e-05	0.00e+00	5.64e-12	1.69e-11	2.82e-11	4.38e-07	8.85e-07	1.90e-33
 8.21515e+15	7.61e-11	1.55e-06	1.24e-03	3.64e-02	9.62e-01	4.55e-05	0.00e+00	6.72e-12	2.02e-11	3.37e-11	5.15e-07	1.04e-06	3.23e-33
 8.46991e+15	9.32e-11	1.86e-06	1.41e-03	3.90e-02	9.60e-01	4.23e-05	0.00e+00	8.24e-12	2.47e-11	4.12e-11	6.15e-07	1.24e-06	5.81e-33
 8.74863e+15	1.16e-10	2.22e-06	1.62e-03	4.20e-02	9.56e-01	3.92e-05	0.00e+00	1.02e-11	3.07e-11	5.11e-11	7.37e-07	1.49e-06	1.03e-32
 9.00897e+15	1.42e-10	2.71e-06	1.84e-03	4.50e-02	9.53e-01	3.64e-05	0.00e+00	1.26e-11	3.77e-11	6.30e-11	8.99e-07	1.81e-06	2.00e-32
 9.25580e+15	1.71e-10	3.20e-06	2.07e-03	4.79e-02	9.50e-01	3.42e-05	0.00e+00	1.51e-11	4.54e-11	7.57e-11	1.06e-06	2.14e-06	3.38e-32
 9.53456e+15	2.09e-10	3.81e-06	2.36e-03	5.13e-02	9.46e-01	3.18e-05	0.00e+00	1.85e-11	5.56e-11	9.27e-11	1.26e-06	2.55e-06	5.84e-32
 9.84557e+15	2.61e-10	4.58e-06	2.72e-03	5.53e-02	9.42e-01	2.95e-05	0.00e+00	2.32e-11	6.95e-11	1.16e-10	1.52e-06	3.06e-06	1.02e-31
 1.01334e+16	3.22e-10	5.60e-06	3.10e-03	5.93e-02	9.38e-01	2.75e-05	0.00e+00	2.86e-11	8.58e-11	1.43e-10	1.86e-06	3.75e-06	1.95e-31
 1.03672e+16	3.77e-10	6.45e-06	3.43e-03	6.25e-02	9.34e-01	2.60e-05	0.00e+00	3.35e-11	1.01e-10	1.68e-10	2.14e-06	4.31e-06	2.96e-31
 1.05958e+16	4.41e-10	7.41e-06	3.79e-03	6.59e-02	9.30e-01	2.47e-05	0.00e+00	3.92e-11	1.18e-10	1.96e-10	2.46e-06	4.95e-06	4.51e-31
 1.08929e+16	5.42e-10	8.70e-06	4.31e-03	7.04e-02	9.25e-01	2.32e-05	0.00e+00	4.83e-11	1.45e-10	2.42e-10	2.88e-06	5.81e-06	7.13e-31
 1.12007e+16	6.64e-10	1.06e-05	4.91e-03	7.55e-02	9.20e-01	2.16e-05	0.00e+00	5.92e-11	1.78e-10	2.96e-10	3.51e-06	7.08e-06	1.30e-30
 1.14516e+16	7.80e-10	1.22e-05	5.45e-03	7.96e-02	9.15e-01	2.05e-05	0.00e+00	6.96e-11	2.09e-10	3.48e-10	4.04e-06	8.13e-06	1.93e-30
 1.17067e+16	9.27e-10	1.39e-05	6.06e-03	8.41e-02	9.10e-01	1.95e-05	0.00e+00	8.28e-11	2.48e-10	4.14e-10	4.63e-06	9.31e-06	2.84e-30
 1.20383e+16	1.16e-09	1.71e-05	6.97e-03	9.06e-02	9.02e-01	1.82e-05	0.00e+00	1.04e-10	3.11e-10	5.18e-10	5.69e-06	1.15e-05	5.34e-30
 1.23612e+16	1.42e-09	2.04e-05	7.92e-03	9.67e-02	8.95e-01	1.71e-05	0.00e+00	1.27e-10	3.81e-10	6.35e-10	6.76e-06	1.36e-05	8.46e-30
 1.26188e+16	1.68e-09	2.32e-05	8.78e-03	1.02e-01	8.89e-01	1.63e-05	0.00e+00	1.50e-10	4.50e-10	7.51e-10	7.71e-06	1.55e-05	1.21e-29
 1.28995e+16	2.01e-09	2.71e-05	9.85e-03	1.08e-01	8.82e-01	1.55e-05	0.00e+00	1.80e-10	5.39e-10	8.99e-10	8.99e-06	1.81e-05	1.86e-29
 1.32645e+16	2.60e-09	3.41e-05	1.15e-02	1.17e-01	8.71e-01	1.44e-05	0.00e+00	2.34e-10	7.01e-10	1.17e-09	1.13e-05	2.28e-05	3.75e-29
 1.36180e+16	3.25e-09	4.12e-05	1.32e-02	1.26e-01	8.61e-01	1.36e-05	0.00e+00	2.92e-10	8.75e-10	1.46e-09	1.37e-05	2.75e-05	6.24e-29
 1.38857e+16	3.81e-09	4.75e-05	1.47e-02	1.33e-01	8.53e-01	1.30e-05	0.00e+00	3.42e-10	1.03e-09	1.71e-09	1.58e-05	3.17e-05	9.06e-29
 1.41627e+16	4.60e-09	5.56e-05	1.65e-02	1.41e-01	8.43e-01	1.24e-05	0.00e+00	4.14e-10	1.24e-09	2.07e-09	1.85e-05	3.71e-05	1.41e-28
