#depth	He	He+	He+2
 1.49634e+10	4.33e-23	2.89e-12	1.00e+00
 4.54887e+10	4.84e-23	3.13e-12	1.00e+00
 7.72350e+10	5.41e-23	3.38e-12	1.00e+00
 1.10251e+11	6.05e-23	3.66e-12	1.00e+00
 1.40753e+11	6.69e-23	3.93e-12	1.00e+00
 1.67179e+11	7.28e-23	4.17e-12	1.00e+00
 1.96517e+11	7.98e-23	4.45e-12	1.00e+00
 2.32324e+11	8.91e-23	4.79e-12	1.00e+00
 2.68507e+11	9.94e-23	5.16e-12	1.00e+00
 3.01085e+11	1.09e-22	5.50e-12	1.00e+00
 3.37011e+11	1.21e-22	5.90e-12	1.00e+00
 3.79427e+11	1.36e-22	6.38e-12	1.00e+00
 4.21440e+11	1.53e-22	6.87e-12	1.00e+00
 4.60051e+11	1.70e-22	7.35e-12	1.00e+00
 5.03080e+11	1.90e-22	7.90e-12	1.00e+00
 5.52912e+11	2.15e-22	8.56e-12	1.00e+00
 6.01417e+11	2.43e-22	9.25e-12	1.00e+00
 6.46483e+11	2.71e-22	9.89e-12	1.00e+00
 6.96889e+11	3.04e-22	1.07e-11	1.00e+00
 7.54691e+11	3.48e-22	1.16e-11	1.00e+00
 8.11352e+11	3.95e-22	1.25e-11	1.00e+00
 8.65698e+11	4.45e-22	1.35e-11	1.00e+00
 9.25671e+11	5.05e-22	1.46e-11	1.00e+00
 9.92625e+11	5.81e-22	1.58e-11	1.00e+00
 1.06024e+12	6.65e-22	1.72e-11	1.00e+00
 1.13056e+12	7.63e-22	1.87e-11	1.00e+00
 1.20570e+12	8.80e-22	2.03e-11	1.00e+00
 1.27537e+12	1.00e-21	2.19e-11	1.00e+00
 1.33674e+12	1.12e-21	2.34e-11	1.00e+00
 1.40578e+12	1.26e-21	2.52e-11	1.00e+00
 1.48866e+12	1.45e-21	2.74e-11	1.00e+00
 1.57207e+12	1.67e-21	2.97e-11	1.00e+00
 1.64404e+12	1.88e-21	3.18e-11	1.00e+00
 1.71861e+12	2.10e-21	3.41e-11	1.00e+00
 1.80287e+12	2.40e-21	3.68e-11	1.00e+00
 1.88325e+12	2.70e-21	3.95e-11	1.00e+00
 1.97127e+12	3.06e-21	4.26e-11	1.00e+00
 2.06823e+12	3.53e-21	4.62e-11	1.00e+00
 2.15695e+12	4.00e-21	4.96e-11	1.00e+00
 2.25241e+12	4.54e-21	5.35e-11	1.00e+00
 2.35983e+12	5.24e-21	5.80e-11	1.00e+00
 2.46121e+12	5.97e-21	6.25e-11	1.00e+00
 2.57141e+12	6.83e-21	6.77e-11	1.00e+00
 2.69472e+12	7.93e-21	7.38e-11	1.00e+00
 2.81075e+12	9.08e-21	7.98e-11	1.00e+00
 2.93727e+12	1.04e-20	8.67e-11	1.00e+00
 3.07883e+12	1.22e-20	9.48e-11	1.00e+00
 3.21311e+12	1.40e-20	1.03e-10	1.00e+00
 3.33548e+12	1.58e-20	1.11e-10	1.00e+00
 3.46923e+12	1.80e-20	1.20e-10	1.00e+00
 3.61902e+12	2.07e-20	1.30e-10	1.00e+00
 3.76066e+12	2.36e-20	1.41e-10	1.00e+00
 3.91582e+12	2.69e-20	1.53e-10	1.00e+00
 4.08370e+12	3.11e-20	1.66e-10	1.00e+00
 4.23412e+12	3.52e-20	1.79e-10	1.00e+00
 4.36805e+12	3.91e-20	1.91e-10	1.00e+00
 4.51458e+12	4.36e-20	2.05e-10	1.00e+00
 4.70431e+12	5.02e-20	2.23e-10	1.00e+00
 4.89919e+12	5.78e-20	2.44e-10	1.00e+00
 5.06190e+12	6.45e-20	2.61e-10	1.00e+00
 5.23379e+12	7.21e-20	2.81e-10	1.00e+00
 5.45253e+12	8.29e-20	3.06e-10	1.00e+00
 5.68232e+12	9.57e-20	3.35e-10	1.00e+00
 5.88783e+12	1.08e-19	3.62e-10	1.00e+00
 6.11160e+12	1.22e-19	3.93e-10	1.00e+00
 6.37781e+12	1.41e-19	4.32e-10	1.00e+00
 6.64647e+12	1.63e-19	4.74e-10	1.00e+00
 6.90080e+12	1.84e-19	5.16e-10	1.00e+00
 7.18167e+12	2.11e-19	5.64e-10	1.00e+00
 7.49886e+12	2.43e-19	6.23e-10	1.00e+00
 7.79522e+12	2.77e-19	6.81e-10	1.00e+00
 8.05729e+12	3.09e-19	7.34e-10	1.00e+00
 8.35035e+12	3.47e-19	7.97e-10	1.00e+00
 8.70128e+12	3.97e-19	8.78e-10	1.00e+00
 9.05518e+12	4.52e-19	9.64e-10	1.00e+00
 9.38457e+12	5.07e-19	1.05e-09	1.00e+00
 9.75121e+12	5.72e-19	1.15e-09	1.00e+00
 1.01126e+13	6.43e-19	1.25e-09	1.00e+00
 1.03923e+13	7.01e-19	1.34e-09	1.00e+00
 1.06781e+13	7.62e-19	1.43e-09	1.00e+00
 1.10497e+13	8.48e-19	1.55e-09	1.00e+00
 1.14453e+13	9.45e-19	1.69e-09	1.00e+00
 1.17907e+13	1.03e-18	1.82e-09	1.00e+00
 1.21579e+13	1.13e-18	1.96e-09	1.00e+00
 1.26278e+13	1.27e-18	2.15e-09	1.00e+00
 1.31061e+13	1.42e-18	2.36e-09	1.00e+00
 1.35054e+13	1.55e-18	2.54e-09	1.00e+00
 1.39265e+13	1.69e-18	2.75e-09	1.00e+00
 1.44628e+13	1.89e-18	3.02e-09	1.00e+00
 1.50238e+13	2.12e-18	3.32e-09	1.00e+00
 1.55194e+13	2.34e-18	3.60e-09	1.00e+00
 1.60547e+13	2.60e-18	3.92e-09	1.00e+00
 1.66994e+13	2.94e-18	4.32e-09	1.00e+00
 1.73087e+13	3.30e-18	4.73e-09	1.00e+00
 1.78103e+13	3.62e-18	5.07e-09	1.00e+00
 1.83496e+13	4.01e-18	5.45e-09	1.00e+00
 1.90425e+13	4.55e-18	5.97e-09	1.00e+00
 1.97758e+13	5.20e-18	6.55e-09	1.00e+00
 2.04057e+13	5.82e-18	7.06e-09	1.00e+00
 2.09464e+13	6.41e-18	7.52e-09	1.00e+00
 2.15354e+13	7.11e-18	8.02e-09	1.00e+00
 2.23010e+13	8.11e-18	8.72e-09	1.00e+00
 2.31030e+13	9.29e-18	9.48e-09	1.00e+00
 2.37890e+13	1.04e-17	1.01e-08	1.00e+00
 2.45178e+13	1.17e-17	1.09e-08	1.00e+00
 2.54432e+13	1.36e-17	1.18e-08	1.00e+00
 2.64114e+13	1.58e-17	1.29e-08	1.00e+00
 2.72746e+13	1.79e-17	1.39e-08	1.00e+00
 2.82143e+13	2.06e-17	1.49e-08	1.00e+00
 2.93354e+13	2.41e-17	1.63e-08	1.00e+00
 3.04622e+13	2.81e-17	1.77e-08	1.00e+00
 3.14676e+13	3.21e-17	1.90e-08	1.00e+00
 3.25450e+13	3.68e-17	2.05e-08	1.00e+00
 3.38321e+13	4.32e-17	2.23e-08	1.00e+00
 3.51029e+13	5.03e-17	2.42e-08	1.00e+00
 3.62528e+13	5.74e-17	2.60e-08	1.00e+00
 3.73347e+13	6.49e-17	2.77e-08	1.00e+00
 3.83422e+13	7.25e-17	2.93e-08	1.00e+00
 3.94524e+13	8.15e-17	3.12e-08	1.00e+00
 4.06969e+13	9.28e-17	3.34e-08	1.00e+00
 4.18698e+13	1.04e-16	3.55e-08	1.00e+00
 4.31481e+13	1.18e-16	3.79e-08	1.00e+00
 4.45649e+13	1.35e-16	4.06e-08	1.00e+00
 4.58914e+13	1.53e-16	4.33e-08	1.00e+00
 4.73457e+13	1.74e-16	4.63e-08	1.00e+00
 4.89739e+13	2.01e-16	4.98e-08	1.00e+00
 5.05061e+13	2.28e-16	5.32e-08	1.00e+00
 5.21761e+13	2.61e-16	5.70e-08	1.00e+00
 5.40444e+13	3.03e-16	6.16e-08	1.00e+00
 5.57889e+13	3.46e-16	6.60e-08	1.00e+00
 5.76749e+13	3.97e-16	7.08e-08	1.00e+00
 5.97738e+13	4.62e-16	7.66e-08	1.00e+00
 6.17237e+13	5.29e-16	8.21e-08	1.00e+00
 6.38325e+13	6.08e-16	8.82e-08	1.00e+00
 6.61914e+13	7.11e-16	9.55e-08	1.00e+00
 6.83994e+13	8.15e-16	1.02e-07	1.00e+00
 7.07939e+13	9.40e-16	1.10e-07	1.00e+00
 7.34763e+13	1.10e-15	1.20e-07	1.00e+00
 7.59938e+13	1.27e-15	1.28e-07	1.00e+00
 7.87271e+13	1.47e-15	1.39e-07	1.00e+00
 8.18042e+13	1.73e-15	1.51e-07	1.00e+00
 8.47267e+13	2.00e-15	1.62e-07	1.00e+00
 8.78545e+13	2.33e-15	1.75e-07	1.00e+00
 9.13986e+13	2.74e-15	1.91e-07	1.00e+00
 9.49001e+13	3.21e-15	2.06e-07	1.00e+00
 9.80194e+13	3.68e-15	2.21e-07	1.00e+00
 1.00609e+14	4.09e-15	2.34e-07	1.00e+00
 1.03288e+14	4.56e-15	2.47e-07	1.00e+00
 1.06771e+14	5.21e-15	2.64e-07	1.00e+00
 1.10400e+14	6.00e-15	2.84e-07	1.00e+00
 1.13440e+14	6.69e-15	3.00e-07	1.00e+00
 1.16612e+14	7.47e-15	3.18e-07	1.00e+00
 1.20735e+14	8.58e-15	3.41e-07	1.00e+00
 1.25085e+14	9.91e-15	3.68e-07	1.00e+00
 1.28834e+14	1.11e-14	3.90e-07	1.00e+00
 1.32811e+14	1.26e-14	4.15e-07	1.00e+00
 1.37774e+14	1.45e-14	4.47e-07	1.00e+00
 1.42890e+14	1.67e-14	4.82e-07	1.00e+00
 1.47402e+14	1.89e-14	5.12e-07	1.00e+00
 1.52260e+14	2.14e-14	5.47e-07	1.00e+00
 1.58120e+14	2.47e-14	5.89e-07	1.00e+00
 1.64022e+14	2.85e-14	6.35e-07	1.00e+00
 1.69372e+14	3.21e-14	6.76e-07	1.00e+00
 1.75270e+14	3.65e-14	7.22e-07	1.00e+00
 1.82190e+14	4.22e-14	7.80e-07	1.00e+00
 1.89071e+14	4.85e-14	8.39e-07	1.00e+00
 1.95596e+14	5.50e-14	8.96e-07	1.00e+00
 2.02818e+14	6.29e-14	9.63e-07	1.00e+00
 2.10961e+14	7.27e-14	1.04e-06	1.00e+00
 2.19149e+14	8.36e-14	1.12e-06	1.00e+00
 2.27664e+14	9.60e-14	1.21e-06	1.00e+00
 2.35336e+14	1.08e-13	1.29e-06	1.00e+00
 2.41214e+14	1.18e-13	1.35e-06	1.00e+00
 2.47390e+14	1.30e-13	1.42e-06	1.00e+00
 2.55419e+14	1.46e-13	1.51e-06	1.00e+00
 2.64173e+14	1.64e-13	1.62e-06	1.00e+00
 2.72134e+14	1.83e-13	1.71e-06	1.00e+00
 2.80750e+14	2.04e-13	1.82e-06	1.00e+00
 2.91347e+14	2.33e-13	1.96e-06	1.00e+00
 3.01896e+14	2.65e-13	2.10e-06	1.00e+00
 3.11136e+14	2.94e-13	2.23e-06	1.00e+00
 3.21296e+14	3.30e-13	2.38e-06	1.00e+00
 3.33594e+14	3.76e-13	2.57e-06	1.00e+00
 3.45697e+14	4.27e-13	2.75e-06	1.00e+00
 3.56244e+14	4.75e-13	2.93e-06	1.00e+00
 3.67744e+14	5.30e-13	3.12e-06	1.00e+00
 3.81744e+14	6.04e-13	3.36e-06	1.00e+00
 3.95772e+14	6.85e-13	3.61e-06	1.00e+00
 4.08244e+14	7.63e-13	3.85e-06	1.00e+00
 4.21914e+14	8.54e-13	4.11e-06	1.00e+00
 4.38248e+14	9.74e-13	4.44e-06	1.00e+00
 4.54429e+14	1.10e-12	4.79e-06	1.00e+00
 4.69076e+14	1.23e-12	5.11e-06	1.00e+00
 4.85348e+14	1.38e-12	5.47e-06	1.00e+00
 5.04451e+14	1.58e-12	5.93e-06	1.00e+00
 5.23243e+14	1.79e-12	6.38e-06	1.00e+00
 5.40820e+14	2.01e-12	6.84e-06	1.00e+00
 5.57663e+14	2.22e-12	7.28e-06	1.00e+00
 5.76412e+14	2.48e-12	7.80e-06	1.00e+00
 5.97298e+14	2.80e-12	8.38e-06	1.00e+00
 6.17010e+14	3.12e-12	8.97e-06	1.00e+00
 6.34100e+14	3.42e-12	9.49e-06	1.00e+00
 6.51735e+14	3.76e-12	1.01e-05	1.00e+00
 6.74661e+14	4.21e-12	1.08e-05	1.00e+00
 6.97996e+14	4.72e-12	1.16e-05	1.00e+00
 7.16879e+14	5.16e-12	1.22e-05	1.00e+00
 7.36443e+14	5.64e-12	1.29e-05	1.00e+00
 7.61876e+14	6.32e-12	1.39e-05	1.00e+00
 7.88754e+14	7.07e-12	1.49e-05	1.00e+00
 8.12214e+14	7.80e-12	1.59e-05	1.00e+00
 8.37416e+14	8.62e-12	1.69e-05	1.00e+00
 8.68709e+14	9.74e-12	1.83e-05	1.00e+00
 9.00652e+14	1.10e-11	1.97e-05	1.00e+00
 9.28908e+14	1.22e-11	2.10e-05	1.00e+00
 9.59635e+14	1.36e-11	2.25e-05	1.00e+00
 9.96557e+14	1.54e-11	2.44e-05	1.00e+00
 1.03319e+15	1.72e-11	2.63e-05	1.00e+00
 1.06617e+15	1.92e-11	2.81e-05	1.00e+00
 1.10273e+15	2.14e-11	3.01e-05	1.00e+00
 1.14588e+15	2.45e-11	3.27e-05	1.00e+00
 1.18849e+15	2.75e-11	3.53e-05	1.00e+00
 1.22811e+15	3.10e-11	3.79e-05	1.00e+00
 1.27258e+15	3.48e-11	4.09e-05	1.00e+00
 1.31523e+15	3.93e-11	4.40e-05	1.00e+00
 1.34643e+15	4.25e-11	4.62e-05	1.00e+00
 1.37753e+15	4.60e-11	4.86e-05	1.00e+00
 1.41795e+15	5.11e-11	5.18e-05	1.00e+00
 1.46190e+15	5.69e-11	5.53e-05	1.00e+00
 1.50159e+15	6.22e-11	5.86e-05	1.00e+00
 1.54433e+15	6.93e-11	6.24e-05	1.00e+00
 1.59263e+15	7.76e-11	6.68e-05	1.00e+00
 1.63876e+15	8.60e-11	7.11e-05	1.00e+00
 1.68933e+15	9.66e-11	7.61e-05	1.00e+00
 1.74551e+15	1.09e-10	8.19e-05	1.00e+00
 1.79813e+15	1.21e-10	8.75e-05	1.00e+00
 1.85568e+15	1.38e-10	9.40e-05	1.00e+00
 1.92032e+15	1.56e-10	1.01e-04	1.00e+00
 1.98237e+15	1.78e-10	1.09e-04	1.00e+00
 2.05122e+15	2.04e-10	1.18e-04	1.00e+00
 2.12768e+15	2.36e-10	1.28e-04	1.00e+00
 2.19822e+15	2.66e-10	1.38e-04	1.00e+00
 2.27412e+15	3.09e-10	1.49e-04	1.00e+00
 2.35953e+15	3.57e-10	1.63e-04	1.00e+00
 2.44018e+15	4.11e-10	1.76e-04	1.00e+00
 2.52791e+15	4.77e-10	1.91e-04	1.00e+00
 2.62611e+15	5.60e-10	2.08e-04	1.00e+00
 2.70502e+15	6.34e-10	2.23e-04	1.00e+00
 2.76074e+15	6.91e-10	2.34e-04	1.00e+00
 2.81923e+15	7.55e-10	2.45e-04	1.00e+00
 2.89527e+15	8.45e-10	2.61e-04	1.00e+00
 2.97983e+15	9.51e-10	2.79e-04	1.00e+00
 3.05871e+15	1.05e-09	2.96e-04	1.00e+00
 3.14448e+15	1.20e-09	3.16e-04	1.00e+00
 3.23978e+15	1.35e-09	3.38e-04	1.00e+00
 3.32903e+15	1.54e-09	3.60e-04	1.00e+00
 3.42662e+15	1.72e-09	3.84e-04	1.00e+00
 3.53587e+15	1.99e-09	4.13e-04	1.00e+00
 3.63845e+15	2.23e-09	4.41e-04	1.00e+00
 3.75000e+15	2.58e-09	4.74e-04	1.00e+00
 3.87487e+15	2.92e-09	5.09e-04	9.99e-01
 3.99462e+15	3.38e-09	5.47e-04	9.99e-01
 4.12788e+15	3.85e-09	5.89e-04	9.99e-01
 4.27762e+15	4.58e-09	6.40e-04	9.99e-01
 4.41943e+15	5.18e-09	6.89e-04	9.99e-01
 4.57444e+15	6.13e-09	7.46e-04	9.99e-01
 4.74609e+15	7.21e-09	8.12e-04	9.99e-01
 4.90564e+15	8.27e-09	8.74e-04	9.99e-01
 5.07932e+15	9.70e-09	9.48e-04	9.99e-01
 5.27348e+15	1.12e-08	1.03e-03	9.99e-01
 5.43036e+15	1.28e-08	1.10e-03	9.99e-01
 5.54228e+15	1.42e-08	1.16e-03	9.99e-01
 5.65967e+15	1.56e-08	1.21e-03	9.99e-01
 5.81227e+15	1.72e-08	1.29e-03	9.99e-01
 5.98277e+15	1.99e-08	1.38e-03	9.99e-01
 6.14122e+15	2.20e-08	1.46e-03	9.99e-01
 6.31185e+15	2.52e-08	1.56e-03	9.98e-01
 6.50262e+15	2.86e-08	1.67e-03	9.98e-01
 6.68138e+15	3.21e-08	1.77e-03	9.98e-01
 6.87556e+15	3.60e-08	1.89e-03	9.98e-01
 7.09268e+15	4.20e-08	2.04e-03	9.98e-01
 7.29548e+15	4.75e-08	2.17e-03	9.98e-01
 7.51497e+15	5.38e-08	2.33e-03	9.98e-01
 7.76057e+15	6.12e-08	2.51e-03	9.97e-01
 7.99325e+15	7.12e-08	2.69e-03	9.97e-01
 8.21515e+15	8.01e-08	2.87e-03	9.97e-01
 8.46991e+15	9.12e-08	3.08e-03	9.97e-01
 8.74863e+15	1.04e-07	3.32e-03	9.97e-01
 9.00897e+15	1.21e-07	3.57e-03	9.96e-01
 9.25580e+15	1.36e-07	3.81e-03	9.96e-01
 9.53456e+15	1.55e-07	4.10e-03	9.96e-01
 9.84557e+15	1.76e-07	4.43e-03	9.96e-01
 1.01334e+16	2.05e-07	4.77e-03	9.95e-01
 1.03672e+16	2.27e-07	5.05e-03	9.95e-01
 1.05958e+16	2.51e-07	5.34e-03	9.95e-01
 1.08929e+16	2.81e-07	5.73e-03	9.94e-01
 1.12007e+16	3.26e-07	6.17e-03	9.94e-01
 1.14516e+16	3.59e-07	6.54e-03	9.93e-01
 1.17067e+16	3.96e-07	6.95e-03	9.93e-01
 1.20383e+16	4.63e-07	7.54e-03	9.92e-01
 1.23612e+16	5.22e-07	8.11e-03	9.92e-01
 1.26188e+16	5.75e-07	8.61e-03	9.91e-01
 1.28995e+16	6.43e-07	9.21e-03	9.91e-01
 1.32645e+16	7.64e-07	1.01e-02	9.90e-01
 1.36180e+16	8.78e-07	1.09e-02	9.89e-01
 1.38857e+16	9.74e-07	1.17e-02	9.88e-01
 1.41627e+16	1.10e-06	1.25e-02	9.87e-01
 1.45228e+16	1.25e-06	1.37e-02	9.86e-01
 1.48909e+16	1.50e-06	1.51e-02	9.85e-01
 1.51704e+16	1.67e-06	1.62e-02	9.84e-01
 1.53995e+16	1.85e-06	1.73e-02	9.83e-01
 1.56620e+16	2.10e-06	1.87e-02	9.81e-01
 1.59567e+16	2.36e-06	2.03e-02	9.80e-01
 1.62367e+16	2.75e-06	2.21e-02	9.78e-01
 1.64817e+16	3.05e-06	2.39e-02	9.76e-01
 1.67372e+16	3.48e-06	2.61e-02	9.74e-01
 1.70138e+16	4.02e-06	2.87e-02	9.71e-01
 1.72554e+16	4.76e-06	3.14e-02	9.69e-01
 1.74556e+16	5.34e-06	3.39e-02	9.66e-01
 1.76644e+16	6.10e-06	3.70e-02	9.63e-01
 1.78972e+16	6.93e-06	4.07e-02	9.59e-01
 1.81180e+16	8.17e-06	4.51e-02	9.55e-01
 1.83120e+16	9.29e-06	4.94e-02	9.51e-01
 1.84876e+16	1.08e-05	5.41e-02	9.46e-01
 1.86585e+16	1.22e-05	5.93e-02	9.41e-01
 1.88502e+16	1.43e-05	6.63e-02	9.34e-01
 1.90493e+16	1.77e-05	7.50e-02	9.25e-01
 1.92013e+16	2.05e-05	8.27e-02	9.17e-01
 1.93209e+16	2.32e-05	9.00e-02	9.10e-01
 1.94552e+16	2.68e-05	9.93e-02	9.01e-01
 1.96009e+16	3.08e-05	1.11e-01	8.89e-01
 1.97369e+16	3.62e-05	1.24e-01	8.76e-01
 1.98563e+16	4.21e-05	1.37e-01	8.63e-01
 1.99546e+16	4.88e-05	1.50e-01	8.50e-01
 2.00359e+16	5.48e-05	1.62e-01	8.38e-01
 2.01193e+16	6.07e-05	1.75e-01	8.24e-01
 2.02277e+16	7.25e-05	1.96e-01	8.04e-01
 2.03166e+16	8.12e-05	2.14e-01	7.86e-01
 2.03707e+16	8.97e-05	2.27e-01	7.73e-01
 2.04184e+16	9.68e-05	2.39e-01	7.61e-01
 2.04675e+16	1.05e-04	2.52e-01	7.48e-01
 2.05313e+16	1.16e-04	2.70e-01	7.29e-01
 2.06006e+16	1.30e-04	2.92e-01	7.08e-01
 2.06604e+16	1.43e-04	3.12e-01	6.88e-01
 2.07213e+16	1.58e-04	3.34e-01	6.65e-01
 2.07859e+16	1.77e-04	3.59e-01	6.41e-01
 2.08413e+16	1.95e-04	3.82e-01	6.18e-01
 2.08865e+16	2.10e-04	4.01e-01	5.99e-01
 2.09323e+16	2.28e-04	4.21e-01	5.78e-01
 2.09919e+16	2.52e-04	4.49e-01	5.50e-01
 2.10562e+16	2.79e-04	4.80e-01	5.20e-01
 2.11138e+16	3.05e-04	5.08e-01	4.92e-01
 2.11761e+16	3.37e-04	5.40e-01	4.60e-01
 2.12446e+16	3.73e-04	5.74e-01	4.26e-01
 2.13083e+16	4.09e-04	6.05e-01	3.95e-01
 2.13781e+16	4.50e-04	6.39e-01	3.61e-01
 2.14556e+16	4.97e-04	6.75e-01	3.25e-01
 2.15294e+16	5.42e-04	7.07e-01	2.93e-01
 2.16115e+16	5.96e-04	7.41e-01	2.59e-01
 2.17042e+16	6.54e-04	7.75e-01	2.25e-01
 2.17960e+16	7.13e-04	8.05e-01	1.95e-01
 2.18702e+16	7.59e-04	8.25e-01	1.74e-01
 2.19235e+16	7.92e-04	8.39e-01	1.60e-01
 2.19800e+16	8.29e-04	8.53e-01	1.46e-01
 2.20535e+16	8.77e-04	8.69e-01	1.30e-01
 2.21344e+16	9.27e-04	8.84e-01	1.15e-01
 2.22086e+16	9.76e-04	8.97e-01	1.02e-01
 2.22889e+16	1.03e-03	9.08e-01	9.06e-02
 2.23759e+16	1.09e-03	9.19e-01	7.97e-02
 2.24505e+16	1.14e-03	9.27e-01	7.18e-02
 2.25135e+16	1.18e-03	9.33e-01	6.57e-02
 2.25828e+16	1.23e-03	9.39e-01	5.94e-02
 2.26729e+16	1.30e-03	9.46e-01	5.24e-02
 2.27609e+16	1.38e-03	9.52e-01	4.67e-02
 2.28249e+16	1.43e-03	9.55e-01	4.31e-02
 2.28867e+16	1.49e-03	9.59e-01	3.97e-02
 2.29671e+16	1.57e-03	9.63e-01	3.57e-02
 2.30481e+16	1.66e-03	9.66e-01	3.24e-02
 2.31106e+16	1.73e-03	9.68e-01	3.02e-02
 2.31624e+16	1.80e-03	9.70e-01	2.84e-02
 2.32199e+16	1.87e-03	9.72e-01	2.64e-02
 2.32947e+16	1.98e-03	9.74e-01	2.42e-02
 2.33698e+16	2.10e-03	9.76e-01	2.23e-02
 2.34258e+16	2.20e-03	9.77e-01	2.10e-02
 2.34711e+16	2.29e-03	9.78e-01	1.99e-02
 2.35222e+16	2.39e-03	9.79e-01	1.88e-02
 2.35886e+16	2.54e-03	9.80e-01	1.75e-02
 2.36555e+16	2.71e-03	9.81e-01	1.63e-02
 2.37063e+16	2.85e-03	9.82e-01	1.55e-02
 2.37482e+16	2.98e-03	9.82e-01	1.49e-02
 2.37952e+16	3.13e-03	9.83e-01	1.41e-02
 2.38564e+16	3.35e-03	9.83e-01	1.33e-02
 2.39180e+16	3.60e-03	9.84e-01	1.25e-02
 2.39652e+16	3.83e-03	9.84e-01	1.19e-02
 2.40054e+16	4.03e-03	9.84e-01	1.15e-02
 2.40515e+16	4.29e-03	9.85e-01	1.10e-02
 2.41113e+16	4.66e-03	9.85e-01	1.03e-02
 2.41722e+16	5.12e-03	9.85e-01	9.76e-03
 2.42200e+16	5.56e-03	9.85e-01	9.32e-03
 2.42613e+16	5.97e-03	9.85e-01	8.99e-03
 2.43083e+16	6.50e-03	9.85e-01	8.59e-03
 2.43603e+16	7.20e-03	9.85e-01	8.19e-03
 2.44065e+16	7.96e-03	9.84e-01	7.86e-03
 2.44431e+16	8.65e-03	9.84e-01	7.65e-03
 2.44737e+16	9.32e-03	9.83e-01	7.44e-03
 2.45078e+16	1.02e-02	9.83e-01	7.22e-03
 2.45451e+16	1.12e-02	9.82e-01	7.01e-03
 2.45779e+16	1.24e-02	9.81e-01	6.82e-03
 2.46047e+16	1.35e-02	9.80e-01	6.70e-03
 2.46329e+16	1.48e-02	9.79e-01	6.55e-03
 2.46639e+16	1.65e-02	9.77e-01	6.41e-03
 2.46912e+16	1.83e-02	9.75e-01	6.31e-03
 2.47139e+16	2.02e-02	9.74e-01	6.21e-03
 2.47349e+16	2.20e-02	9.72e-01	6.16e-03
 2.47588e+16	2.45e-02	9.69e-01	6.08e-03
 2.47850e+16	2.77e-02	9.66e-01	6.03e-03
 2.48078e+16	3.12e-02	9.63e-01	5.99e-03
 2.48268e+16	3.46e-02	9.59e-01	5.99e-03
 2.48472e+16	3.88e-02	9.55e-01	5.97e-03
 2.48689e+16	4.42e-02	9.50e-01	6.00e-03
 2.48872e+16	4.99e-02	9.44e-01	6.02e-03
 2.49023e+16	5.50e-02	9.39e-01	6.09e-03
 2.49177e+16	6.12e-02	9.33e-01	6.15e-03
 2.49352e+16	6.93e-02	9.24e-01	6.24e-03
 2.49522e+16	7.87e-02	9.15e-01	6.36e-03
 2.49661e+16	8.79e-02	9.06e-01	6.46e-03
 2.49780e+16	9.65e-02	8.97e-01	6.58e-03
 2.49890e+16	1.06e-01	8.88e-01	6.70e-03
 2.49993e+16	1.15e-01	8.78e-01	6.80e-03
 2.50095e+16	1.25e-01	8.68e-01	6.94e-03
 2.50176e+16	1.34e-01	8.58e-01	7.04e-03
 2.50228e+16	1.41e-01	8.52e-01	7.11e-03
 2.50274e+16	1.46e-01	8.46e-01	7.17e-03
 2.50327e+16	1.54e-01	8.39e-01	7.25e-03
 2.50387e+16	1.62e-01	8.31e-01	7.33e-03
 2.50446e+16	1.71e-01	8.22e-01	7.41e-03
 2.50500e+16	1.79e-01	8.14e-01	7.50e-03
 2.50552e+16	1.88e-01	8.04e-01	7.57e-03
 2.50605e+16	1.97e-01	7.95e-01	7.66e-03
 2.50659e+16	2.07e-01	7.85e-01	7.73e-03
 2.50712e+16	2.17e-01	7.75e-01	7.82e-03
 2.50765e+16	2.28e-01	7.64e-01	7.89e-03
 2.50817e+16	2.39e-01	7.53e-01	7.99e-03
 2.50869e+16	2.51e-01	7.41e-01	8.06e-03
 2.50921e+16	2.63e-01	7.28e-01	8.13e-03
 2.50972e+16	2.76e-01	7.16e-01	8.20e-03
 2.51022e+16	2.89e-01	7.03e-01	8.27e-03
 2.51073e+16	3.03e-01	6.89e-01	8.32e-03
 2.51123e+16	3.16e-01	6.75e-01	8.40e-03
 2.51173e+16	3.31e-01	6.60e-01	8.43e-03
 2.51223e+16	3.46e-01	6.46e-01	8.49e-03
 2.51273e+16	3.61e-01	6.30e-01	8.53e-03
 2.51323e+16	3.78e-01	6.14e-01	8.55e-03
 2.51372e+16	3.94e-01	5.98e-01	8.57e-03
 2.51421e+16	4.10e-01	5.81e-01	8.59e-03
 2.51471e+16	4.28e-01	5.64e-01	8.59e-03
 2.51521e+16	4.45e-01	5.46e-01	8.59e-03
 2.51570e+16	4.63e-01	5.28e-01	8.56e-03
 2.51619e+16	4.81e-01	5.10e-01	8.53e-03
 2.51668e+16	4.99e-01	4.93e-01	8.49e-03
 2.51716e+16	5.17e-01	4.75e-01	8.44e-03
 2.51763e+16	5.34e-01	4.57e-01	8.37e-03
 2.51811e+16	5.52e-01	4.40e-01	8.29e-03
 2.51858e+16	5.69e-01	4.22e-01	8.18e-03
 2.51905e+16	5.87e-01	4.05e-01	8.09e-03
 2.51953e+16	6.04e-01	3.88e-01	7.96e-03
 2.52001e+16	6.21e-01	3.72e-01	7.84e-03
 2.52049e+16	6.37e-01	3.55e-01	7.70e-03
 2.52098e+16	6.54e-01	3.39e-01	7.53e-03
 2.52149e+16	6.70e-01	3.23e-01	7.36e-03
 2.52200e+16	6.86e-01	3.07e-01	7.17e-03
 2.52253e+16	7.01e-01	2.92e-01	6.98e-03
 2.52308e+16	7.17e-01	2.77e-01	6.77e-03
 2.52365e+16	7.31e-01	2.62e-01	6.56e-03
 2.52425e+16	7.46e-01	2.48e-01	6.34e-03
 2.52488e+16	7.60e-01	2.34e-01	6.11e-03
 2.52556e+16	7.73e-01	2.21e-01	5.88e-03
 2.52629e+16	7.86e-01	2.09e-01	5.64e-03
 2.52710e+16	7.98e-01	1.97e-01	5.39e-03
 2.52801e+16	8.10e-01	1.85e-01	5.15e-03
 2.52906e+16	8.20e-01	1.75e-01	4.90e-03
 2.53020e+16	8.29e-01	1.66e-01	4.68e-03
 2.53134e+16	8.37e-01	1.59e-01	4.50e-03
 2.53248e+16	8.42e-01	1.53e-01	4.35e-03
 2.53361e+16	8.46e-01	1.49e-01	4.22e-03
 2.53474e+16	8.50e-01	1.46e-01	4.12e-03
 2.53604e+16	8.53e-01	1.43e-01	4.00e-03
 2.53772e+16	8.56e-01	1.40e-01	3.88e-03
 2.53991e+16	8.60e-01	1.37e-01	3.75e-03
 2.54276e+16	8.63e-01	1.33e-01	3.59e-03
 2.54601e+16	8.66e-01	1.30e-01	3.43e-03
 2.54930e+16	8.69e-01	1.28e-01	3.29e-03
 2.55261e+16	8.72e-01	1.25e-01	3.16e-03
 2.55591e+16	8.74e-01	1.23e-01	3.03e-03
 2.55918e+16	8.77e-01	1.20e-01	2.91e-03
 2.56240e+16	8.79e-01	1.18e-01	2.79e-03
 2.56559e+16	8.81e-01	1.16e-01	2.68e-03
 2.56873e+16	8.84e-01	1.14e-01	2.58e-03
 2.57182e+16	8.86e-01	1.12e-01	2.49e-03
 2.57486e+16	8.88e-01	1.10e-01	2.40e-03
 2.57786e+16	8.90e-01	1.08e-01	2.31e-03
 2.58080e+16	8.92e-01	1.06e-01	2.23e-03
 2.58372e+16	8.94e-01	1.04e-01	2.15e-03
 2.58661e+16	8.95e-01	1.03e-01	2.08e-03
 2.58947e+16	8.97e-01	1.01e-01	2.01e-03
 2.59230e+16	8.99e-01	9.93e-02	1.94e-03
 2.59511e+16	9.00e-01	9.78e-02	1.88e-03
 2.59791e+16	9.02e-01	9.62e-02	1.82e-03
 2.60071e+16	9.04e-01	9.47e-02	1.76e-03
 2.60350e+16	9.05e-01	9.33e-02	1.70e-03
 2.60629e+16	9.07e-01	9.18e-02	1.64e-03
 2.60909e+16	9.08e-01	9.04e-02	1.59e-03
 2.61192e+16	9.10e-01	8.90e-02	1.54e-03
 2.61478e+16	9.11e-01	8.76e-02	1.49e-03
 2.61768e+16	9.12e-01	8.62e-02	1.44e-03
 2.62066e+16	9.14e-01	8.47e-02	1.39e-03
 2.62378e+16	9.15e-01	8.33e-02	1.34e-03
 2.62704e+16	9.17e-01	8.18e-02	1.29e-03
 2.63046e+16	9.19e-01	8.03e-02	1.23e-03
 2.63409e+16	9.20e-01	7.87e-02	1.18e-03
 2.63801e+16	9.22e-01	7.70e-02	1.13e-03
 2.64234e+16	9.24e-01	7.51e-02	1.07e-03
 2.64729e+16	9.26e-01	7.31e-02	1.01e-03
 2.65266e+16	9.28e-01	7.10e-02	9.51e-04
 2.65800e+16	9.30e-01	6.89e-02	8.94e-04
 2.66318e+16	9.32e-01	6.70e-02	8.42e-04
 2.66804e+16	9.34e-01	6.53e-02	7.97e-04
 2.67246e+16	9.35e-01	6.38e-02	7.58e-04
 2.67649e+16	9.37e-01	6.24e-02	7.24e-04
 2.68015e+16	9.38e-01	6.12e-02	6.94e-04
 2.68349e+16	9.39e-01	6.01e-02	6.68e-04
 2.68652e+16	9.40e-01	5.91e-02	6.46e-04
 2.68985e+16	9.41e-01	5.81e-02	6.21e-04
 2.69344e+16	9.42e-01	5.69e-02	5.95e-04
 2.69670e+16	9.44e-01	5.59e-02	5.73e-04
 2.69968e+16	9.45e-01	5.49e-02	5.52e-04
 2.70238e+16	9.45e-01	5.41e-02	5.35e-04
 2.70535e+16	9.46e-01	5.32e-02	5.17e-04
 2.70855e+16	9.47e-01	5.23e-02	4.98e-04
 2.71146e+16	9.48e-01	5.14e-02	4.80e-04
 2.71411e+16	9.49e-01	5.06e-02	4.65e-04
 2.71652e+16	9.50e-01	4.99e-02	4.52e-04
 2.71916e+16	9.50e-01	4.91e-02	4.36e-04
 2.72201e+16	9.51e-01	4.83e-02	4.22e-04
 2.72461e+16	9.52e-01	4.76e-02	4.08e-04
 2.72697e+16	9.53e-01	4.70e-02	3.97e-04
 2.72956e+16	9.53e-01	4.62e-02	3.83e-04
 2.73236e+16	9.54e-01	4.54e-02	3.70e-04
 2.73490e+16	9.55e-01	4.47e-02	3.59e-04
 2.73721e+16	9.56e-01	4.41e-02	3.48e-04
 2.73932e+16	9.56e-01	4.36e-02	3.39e-04
 2.74163e+16	9.57e-01	4.29e-02	3.29e-04
 2.74412e+16	9.57e-01	4.23e-02	3.18e-04
 2.74639e+16	9.58e-01	4.17e-02	3.09e-04
 2.74845e+16	9.59e-01	4.11e-02	3.01e-04
 2.75071e+16	9.59e-01	4.05e-02	2.92e-04
 2.75315e+16	9.60e-01	3.99e-02	2.83e-04
 2.75537e+16	9.60e-01	3.94e-02	2.75e-04
 2.75739e+16	9.61e-01	3.89e-02	2.68e-04
 2.75961e+16	9.61e-01	3.83e-02	2.60e-04
 2.76200e+16	9.62e-01	3.77e-02	2.52e-04
 2.76418e+16	9.63e-01	3.72e-02	2.45e-04
 2.76616e+16	9.63e-01	3.68e-02	2.39e-04
 2.76833e+16	9.64e-01	3.62e-02	2.32e-04
 2.77067e+16	9.64e-01	3.57e-02	2.25e-04
 2.77280e+16	9.65e-01	3.52e-02	2.19e-04
 2.77474e+16	9.65e-01	3.48e-02	2.14e-04
 2.77686e+16	9.65e-01	3.43e-02	2.08e-04
 2.77916e+16	9.66e-01	3.38e-02	2.02e-04
 2.78125e+16	9.66e-01	3.34e-02	1.97e-04
 2.78354e+16	9.67e-01	3.29e-02	1.91e-04
 2.78601e+16	9.67e-01	3.24e-02	1.85e-04
 2.78825e+16	9.68e-01	3.19e-02	1.80e-04
 2.79030e+16	9.68e-01	3.15e-02	1.75e-04
 2.79254e+16	9.69e-01	3.11e-02	1.70e-04
 2.79496e+16	9.69e-01	3.06e-02	1.65e-04
 2.79716e+16	9.70e-01	3.02e-02	1.61e-04
 2.79958e+16	9.70e-01	2.98e-02	1.56e-04
 2.80218e+16	9.71e-01	2.93e-02	1.51e-04
 2.80455e+16	9.71e-01	2.89e-02	1.47e-04
 2.80715e+16	9.71e-01	2.84e-02	1.42e-04
 2.80995e+16	9.72e-01	2.79e-02	1.38e-04
 2.81251e+16	9.72e-01	2.75e-02	1.33e-04
 2.81483e+16	9.73e-01	2.72e-02	1.30e-04
 2.81737e+16	9.73e-01	2.67e-02	1.26e-04
 2.82012e+16	9.74e-01	2.63e-02	1.22e-04
 2.82262e+16	9.74e-01	2.60e-02	1.19e-04
 2.82536e+16	9.74e-01	2.55e-02	1.15e-04
 2.82832e+16	9.75e-01	2.51e-02	1.11e-04
 2.83101e+16	9.75e-01	2.47e-02	1.08e-04
 2.83346e+16	9.76e-01	2.44e-02	1.05e-04
 2.83614e+16	9.76e-01	2.40e-02	1.01e-04
 2.83904e+16	9.76e-01	2.36e-02	9.82e-05
 2.84168e+16	9.77e-01	2.33e-02	9.54e-05
 2.84457e+16	9.77e-01	2.29e-02	9.23e-05
 2.84769e+16	9.77e-01	2.25e-02	8.92e-05
 2.85053e+16	9.78e-01	2.21e-02	8.65e-05
 2.85364e+16	9.78e-01	2.18e-02	8.35e-05
 2.85699e+16	9.79e-01	2.14e-02	8.05e-05
 2.86005e+16	9.79e-01	2.10e-02	7.80e-05
 2.86340e+16	9.79e-01	2.06e-02	7.51e-05
 2.86701e+16	9.80e-01	2.02e-02	7.23e-05
 2.87030e+16	9.80e-01	1.99e-02	7.00e-05
 2.87330e+16	9.80e-01	1.96e-02	6.79e-05
 2.87658e+16	9.81e-01	1.92e-02	6.55e-05
 2.88012e+16	9.81e-01	1.89e-02	6.32e-05
 2.88334e+16	9.81e-01	1.86e-02	6.12e-05
 2.88687e+16	9.82e-01	1.82e-02	5.89e-05
 2.89068e+16	9.82e-01	1.79e-02	5.67e-05
 2.89415e+16	9.82e-01	1.76e-02	5.48e-05
 2.89796e+16	9.83e-01	1.72e-02	5.27e-05
 2.90206e+16	9.83e-01	1.69e-02	5.06e-05
 2.90579e+16	9.83e-01	1.66e-02	4.89e-05
 2.90989e+16	9.84e-01	1.62e-02	4.69e-05
 2.91431e+16	9.84e-01	1.59e-02	4.49e-05
 2.91833e+16	9.84e-01	1.56e-02	4.33e-05
 2.92198e+16	9.85e-01	1.53e-02	4.19e-05
 2.92599e+16	9.85e-01	1.50e-02	4.02e-05
 2.93032e+16	9.85e-01	1.47e-02	3.87e-05
 2.93426e+16	9.85e-01	1.45e-02	3.73e-05
 2.93858e+16	9.86e-01	1.42e-02	3.58e-05
 2.94324e+16	9.86e-01	1.39e-02	3.44e-05
 2.94748e+16	9.86e-01	1.36e-02	3.31e-05
 2.95212e+16	9.87e-01	1.33e-02	3.17e-05
 2.95714e+16	9.87e-01	1.30e-02	3.03e-05
 2.96170e+16	9.87e-01	1.28e-02	2.92e-05
 2.96671e+16	9.87e-01	1.25e-02	2.79e-05
 2.97211e+16	9.88e-01	1.22e-02	2.66e-05
 2.97702e+16	9.88e-01	1.19e-02	2.56e-05
 2.98241e+16	9.88e-01	1.17e-02	2.44e-05
 2.98822e+16	9.89e-01	1.14e-02	2.32e-05
 2.99351e+16	9.89e-01	1.11e-02	2.23e-05
 2.99931e+16	9.89e-01	1.09e-02	2.12e-05
 3.00556e+16	9.89e-01	1.06e-02	2.01e-05
 3.01126e+16	9.90e-01	1.03e-02	1.92e-05
 3.01750e+16	9.90e-01	1.01e-02	1.83e-05
 3.02424e+16	9.90e-01	9.80e-03	1.73e-05
 3.03037e+16	9.90e-01	9.57e-03	1.65e-05
 3.03709e+16	9.91e-01	9.31e-03	1.56e-05
 3.04434e+16	9.91e-01	9.05e-03	1.48e-05
 3.05094e+16	9.91e-01	8.83e-03	1.41e-05
 3.05817e+16	9.91e-01	8.58e-03	1.33e-05
 3.06598e+16	9.92e-01	8.33e-03	1.26e-05
 3.07308e+16	9.92e-01	8.12e-03	1.19e-05
 3.08087e+16	9.92e-01	7.88e-03	1.13e-05
 3.08927e+16	9.92e-01	7.64e-03	1.06e-05
 3.09692e+16	9.93e-01	7.43e-03	1.00e-05
 3.10531e+16	9.93e-01	7.20e-03	9.43e-06
 3.11435e+16	9.93e-01	6.97e-03	8.86e-06
 3.12259e+16	9.93e-01	6.78e-03	8.38e-06
 3.13161e+16	9.93e-01	6.56e-03	7.85e-06
 3.14284e+16	9.94e-01	6.30e-03	7.24e-06
 3.15527e+16	9.94e-01	6.03e-03	6.66e-06
 3.16818e+16	9.94e-01	5.77e-03	6.10e-06
 3.18167e+16	9.94e-01	5.52e-03	5.58e-06
 3.19569e+16	9.95e-01	5.27e-03	5.09e-06
 3.21023e+16	9.95e-01	5.02e-03	4.64e-06
 3.22522e+16	9.95e-01	4.79e-03	4.21e-06
 3.24052e+16	9.95e-01	4.56e-03	3.83e-06
 3.25605e+16	9.96e-01	4.34e-03	3.48e-06
 3.27184e+16	9.96e-01	4.13e-03	3.16e-06
 3.28793e+16	9.96e-01	3.93e-03	2.86e-06
 3.30433e+16	9.96e-01	3.74e-03	2.60e-06
 3.32102e+16	9.96e-01	3.56e-03	2.35e-06
 3.33801e+16	9.97e-01	3.39e-03	2.13e-06
 3.35530e+16	9.97e-01	3.22e-03	1.92e-06
 3.37290e+16	9.97e-01	3.06e-03	1.74e-06
 3.39080e+16	9.97e-01	2.91e-03	1.57e-06
 3.40873e+16	9.97e-01	2.76e-03	1.42e-06
 3.42691e+16	9.97e-01	2.62e-03	1.28e-06
 3.44581e+16	9.98e-01	2.49e-03	1.16e-06
 3.46514e+16	9.98e-01	2.36e-03	1.04e-06
 3.48472e+16	9.98e-01	2.23e-03	9.35e-07
 3.50462e+16	9.98e-01	2.11e-03	8.39e-07
 3.52489e+16	9.98e-01	2.00e-03	7.53e-07
 3.54557e+16	9.98e-01	1.89e-03	6.74e-07
 3.56662e+16	9.98e-01	1.79e-03	6.03e-07
 3.58808e+16	9.98e-01	1.69e-03	5.39e-07
 3.60995e+16	9.98e-01	1.60e-03	4.81e-07
 3.63225e+16	9.98e-01	1.51e-03	4.29e-07
 3.65501e+16	9.99e-01	1.42e-03	3.81e-07
 3.67824e+16	9.99e-01	1.34e-03	3.39e-07
 3.70194e+16	9.99e-01	1.26e-03	3.00e-07
 3.72615e+16	9.99e-01	1.18e-03	2.66e-07
 3.75088e+16	9.99e-01	1.11e-03	2.35e-07
 3.77616e+16	9.99e-01	1.04e-03	2.07e-07
 3.80202e+16	9.99e-01	9.78e-04	1.82e-07
 3.82850e+16	9.99e-01	9.16e-04	1.60e-07
 3.85562e+16	9.99e-01	8.56e-04	1.40e-07
 3.88341e+16	9.99e-01	8.00e-04	1.22e-07
 3.91191e+16	9.99e-01	7.46e-04	1.06e-07
 3.94122e+16	9.99e-01	6.95e-04	9.22e-08
 3.97091e+16	9.99e-01	6.47e-04	7.99e-08
 4.00136e+16	9.99e-01	6.01e-04	6.91e-08
 4.03313e+16	9.99e-01	5.57e-04	5.93e-08
 4.06608e+16	9.99e-01	5.15e-04	5.07e-08
 4.10028e+16	1.00e+00	4.74e-04	4.31e-08
 4.13571e+16	1.00e+00	4.36e-04	3.64e-08
 4.17247e+16	1.00e+00	4.00e-04	3.06e-08
 4.21073e+16	1.00e+00	3.65e-04	2.56e-08
 4.25068e+16	1.00e+00	3.33e-04	2.12e-08
 4.29251e+16	1.00e+00	3.02e-04	1.74e-08
 4.33657e+16	1.00e+00	2.72e-04	1.42e-08
 4.38311e+16	1.00e+00	2.44e-04	1.14e-08
 4.43228e+16	1.00e+00	2.18e-04	9.12e-09
 4.48493e+16	1.00e+00	1.93e-04	7.15e-09
 4.54157e+16	1.00e+00	1.70e-04	5.51e-09
 4.60243e+16	1.00e+00	1.48e-04	4.17e-09
 4.66856e+16	1.00e+00	1.27e-04	3.08e-09
 4.74146e+16	1.00e+00	1.08e-04	2.21e-09
 4.82294e+16	1.00e+00	8.94e-05	1.53e-09
 4.91790e+16	1.00e+00	7.21e-05	9.95e-10
 5.02738e+16	1.00e+00	5.66e-05	6.15e-10
 5.14313e+16	1.00e+00	4.41e-05	3.72e-10
 5.25738e+16	1.00e+00	3.45e-05	2.29e-10
 5.36917e+16	1.00e+00	2.73e-05	1.43e-10
 5.48181e+16	1.00e+00	2.15e-05	8.97e-11
 5.59684e+16	1.00e+00	1.70e-05	5.61e-11
 5.71408e+16	1.00e+00	1.34e-05	3.50e-11
 5.83316e+16	1.00e+00	1.06e-05	2.19e-11
 5.95433e+16	1.00e+00	8.36e-06	1.37e-11
 6.07840e+16	1.00e+00	6.58e-06	8.51e-12
 6.20472e+16	1.00e+00	5.19e-06	5.31e-12
 6.33322e+16	1.00e+00	4.10e-06	3.32e-12
 6.46517e+16	1.00e+00	3.23e-06	2.07e-12
 6.60183e+16	1.00e+00	2.54e-06	1.28e-12
 6.74298e+16	1.00e+00	1.99e-06	7.92e-13
 6.88781e+16	1.00e+00	1.56e-06	4.87e-13
 7.03675e+16	1.00e+00	1.22e-06	2.99e-13
 7.19081e+16	1.00e+00	9.51e-07	1.82e-13
 7.35099e+16	1.00e+00	7.39e-07	1.10e-13
 7.51809e+16	1.00e+00	5.71e-07	6.60e-14
 7.69260e+16	1.00e+00	4.40e-07	3.92e-14
 7.87581e+16	1.00e+00	3.36e-07	2.29e-14
 8.06938e+16	1.00e+00	2.55e-07	1.32e-14
 8.27540e+16	1.00e+00	1.91e-07	7.42e-15
 8.49667e+16	1.00e+00	1.41e-07	4.07e-15
 8.73714e+16	1.00e+00	1.03e-07	2.15e-15
 8.99483e+16	1.00e+00	7.37e-08	1.11e-15
 9.25903e+16	1.00e+00	5.30e-08	5.77e-16
 9.52438e+16	1.00e+00	3.84e-08	3.04e-16
 9.79218e+16	1.00e+00	2.80e-08	1.62e-16
 1.00633e+17	1.00e+00	2.05e-08	8.67e-17
 1.03372e+17	1.00e+00	1.51e-08	4.70e-17
 1.06115e+17	1.00e+00	1.12e-08	2.58e-17
 1.08850e+17	1.00e+00	8.34e-09	1.44e-17
 1.11574e+17	1.00e+00	6.28e-09	8.15e-18
 1.14279e+17	1.00e+00	4.76e-09	4.69e-18
 1.16954e+17	1.00e+00	3.64e-09	2.75e-18
 1.19584e+17	1.00e+00	2.81e-09	1.64e-18
 1.22158e+17	1.00e+00	2.20e-09	1.00e-18
 1.24667e+17	1.00e+00	1.73e-09	6.24e-19
 1.27102e+17	1.00e+00	1.38e-09	3.98e-19
 1.29456e+17	1.00e+00	1.12e-09	2.59e-19
 1.31725e+17	1.00e+00	9.09e-10	1.72e-19
 1.33908e+17	1.00e+00	7.50e-10	1.17e-19
 1.35998e+17	1.00e+00	6.25e-10	8.13e-20
 1.37996e+17	1.00e+00	5.26e-10	5.77e-20
 1.39902e+17	1.00e+00	4.47e-10	4.17e-20
 1.41717e+17	1.00e+00	3.84e-10	3.08e-20
 1.43445e+17	1.00e+00	3.32e-10	2.31e-20
 1.45088e+17	1.00e+00	2.90e-10	1.76e-20
 1.46648e+17	1.00e+00	2.56e-10	1.37e-20
 1.48129e+17	1.00e+00	2.27e-10	1.08e-20
 1.49534e+17	1.00e+00	2.03e-10	8.61e-21
 1.50867e+17	1.00e+00	1.82e-10	0.00e+00
 1.52131e+17	1.00e+00	1.65e-10	0.00e+00
 1.53330e+17	1.00e+00	1.50e-10	0.00e+00
 1.54468e+17	1.00e+00	1.38e-10	0.00e+00
 1.55546e+17	1.00e+00	1.27e-10	0.00e+00
 1.56568e+17	1.00e+00	1.17e-10	0.00e+00
 1.57538e+17	1.00e+00	1.09e-10	0.00e+00
 1.58458e+17	1.00e+00	1.02e-10	0.00e+00
 1.59332e+17	1.00e+00	9.52e-11	0.00e+00
 1.60162e+17	1.00e+00	8.97e-11	0.00e+00
 1.60949e+17	1.00e+00	8.45e-11	0.00e+00
 1.61697e+17	1.00e+00	7.99e-11	0.00e+00
 1.62408e+17	1.00e+00	7.59e-11	0.00e+00
 1.63084e+17	1.00e+00	7.22e-11	0.00e+00
 1.63727e+17	1.00e+00	6.89e-11	0.00e+00
 1.64339e+17	1.00e+00	6.60e-11	0.00e+00
 1.64921e+17	1.00e+00	6.33e-11	0.00e+00
 1.65476e+17	1.00e+00	6.08e-11	0.00e+00
 1.66005e+17	1.00e+00	5.86e-11	0.00e+00
 1.66509e+17	1.00e+00	5.65e-11	0.00e+00
 1.66990e+17	1.00e+00	5.46e-11	0.00e+00
 1.67450e+17	1.00e+00	5.29e-11	0.00e+00
 1.67889e+17	1.00e+00	5.13e-11	0.00e+00
 1.68310e+17	1.00e+00	4.98e-11	0.00e+00
 1.68712e+17	1.00e+00	4.85e-11	0.00e+00
 1.69099e+17	1.00e+00	4.72e-11	0.00e+00
 1.69469e+17	1.00e+00	4.60e-11	0.00e+00
 1.69826e+17	1.00e+00	4.49e-11	0.00e+00
 1.70168e+17	1.00e+00	4.39e-11	0.00e+00
 1.70499e+17	1.00e+00	4.29e-11	0.00e+00
 1.70818e+17	1.00e+00	4.20e-11	0.00e+00
 1.71128e+17	1.00e+00	4.11e-11	0.00e+00
 1.71428e+17	1.00e+00	4.03e-11	0.00e+00
 1.71719e+17	1.00e+00	3.95e-11	0.00e+00
 1.72004e+17	1.00e+00	3.87e-11	0.00e+00
 1.72282e+17	1.00e+00	3.80e-11	0.00e+00
 1.72555e+17	1.00e+00	3.73e-11	0.00e+00
 1.72824e+17	1.00e+00	3.67e-11	0.00e+00
 1.73090e+17	1.00e+00	3.61e-11	0.00e+00
 1.73355e+17	1.00e+00	3.54e-11	0.00e+00
 1.73619e+17	1.00e+00	3.48e-11	0.00e+00
 1.73886e+17	1.00e+00	3.42e-11	0.00e+00
 1.74155e+17	1.00e+00	3.36e-11	0.00e+00
 1.74431e+17	1.00e+00	3.30e-11	0.00e+00
 1.74715e+17	1.00e+00	3.24e-11	0.00e+00
 1.75011e+17	1.00e+00	3.18e-11	0.00e+00
 1.75323e+17	1.00e+00	3.11e-11	0.00e+00
 1.75657e+17	1.00e+00	3.04e-11	0.00e+00
 1.76019e+17	1.00e+00	2.97e-11	0.00e+00
 1.76420e+17	1.00e+00	2.90e-11	0.00e+00
 1.76873e+17	1.00e+00	2.81e-11	0.00e+00
 1.77398e+17	1.00e+00	2.71e-11	0.00e+00
 1.78026e+17	1.00e+00	2.61e-11	0.00e+00
 1.78800e+17	1.00e+00	2.48e-11	0.00e+00
 1.79790e+17	1.00e+00	2.32e-11	0.00e+00
 1.81078e+17	1.00e+00	2.13e-11	0.00e+00
 1.82752e+17	1.00e+00	1.92e-11	0.00e+00
 1.84928e+17	1.00e+00	1.67e-11	0.00e+00
 1.87757e+17	1.00e+00	1.41e-11	0.00e+00
 1.91435e+17	1.00e+00	1.13e-11	0.00e+00
 1.96216e+17	1.00e+00	8.57e-12	0.00e+00
 2.02051e+17	1.00e+00	6.22e-12	0.00e+00
 2.08376e+17	1.00e+00	4.56e-12	0.00e+00
 2.14854e+17	1.00e+00	3.53e-12	0.00e+00
 2.21457e+17	1.00e+00	2.85e-12	0.00e+00
 2.28091e+17	1.00e+00	2.41e-12	0.00e+00
 2.34726e+17	1.00e+00	2.12e-12	0.00e+00
 2.41360e+17	1.00e+00	1.92e-12	0.00e+00
 2.47994e+17	1.00e+00	1.78e-12	0.00e+00
 2.54629e+17	1.00e+00	1.67e-12	0.00e+00
 2.61263e+17	1.00e+00	1.59e-12	0.00e+00
 2.67897e+17	1.00e+00	1.52e-12	0.00e+00
 2.75527e+17	1.00e+00	1.46e-12	0.00e+00
 2.85436e+17	1.00e+00	1.17e-12	0.00e+00
 2.96854e+17	1.00e+00	8.19e-13	0.00e+00
 3.08728e+17	1.00e+00	7.05e-13	0.00e+00
 3.21077e+17	1.00e+00	6.21e-13	0.00e+00
 3.33920e+17	1.00e+00	5.45e-13	0.00e+00
 3.47277e+17	1.00e+00	4.74e-13	0.00e+00
 3.61168e+17	1.00e+00	4.07e-13	0.00e+00
 3.74968e+17	1.00e+00	3.45e-13	0.00e+00
 3.87483e+17	1.00e+00	3.36e-13	0.00e+00
 3.98333e+17	1.00e+00	3.74e-13	0.00e+00
 4.08076e+17	1.00e+00	4.02e-13	0.00e+00
 4.17441e+17	1.00e+00	3.99e-13	0.00e+00
 4.26687e+17	1.00e+00	3.64e-13	0.00e+00
 4.35353e+17	1.00e+00	3.29e-13	0.00e+00
 4.42629e+17	1.00e+00	3.17e-13	0.00e+00
 4.47666e+17	1.00e+00	3.30e-13	0.00e+00
 4.50471e+17	1.00e+00	3.64e-13	0.00e+00
 4.51984e+17	1.00e+00	3.87e-13	0.00e+00
 4.52885e+17	1.00e+00	4.00e-13	0.00e+00
 4.53425e+17	1.00e+00	4.07e-13	0.00e+00
 4.53763e+17	1.00e+00	4.11e-13	0.00e+00
 4.54074e+17	1.00e+00	4.14e-13	0.00e+00
 4.54478e+17	1.00e+00	4.17e-13	0.00e+00
 4.54987e+17	1.00e+00	4.20e-13	0.00e+00
 4.55494e+17	1.00e+00	4.21e-13	0.00e+00
 4.55905e+17	1.00e+00	4.23e-13	0.00e+00
 4.56211e+17	1.00e+00	4.23e-13	0.00e+00
 4.56491e+17	1.00e+00	4.24e-13	0.00e+00
 4.56852e+17	1.00e+00	4.24e-13	0.00e+00
 4.57243e+17	1.00e+00	4.24e-13	0.00e+00
 4.57550e+17	1.00e+00	4.23e-13	0.00e+00
 4.57765e+17	1.00e+00	4.23e-13	0.00e+00
 4.57965e+17	1.00e+00	4.23e-13	0.00e+00
 4.58193e+17	1.00e+00	4.22e-13	0.00e+00
 4.58455e+17	1.00e+00	4.21e-13	0.00e+00
 4.58716e+17	1.00e+00	4.20e-13	0.00e+00
 4.58931e+17	1.00e+00	4.19e-13	0.00e+00
 4.59102e+17	1.00e+00	4.19e-13	0.00e+00
 4.59263e+17	1.00e+00	4.18e-13	0.00e+00
 4.59452e+17	1.00e+00	4.17e-13	0.00e+00
 4.59666e+17	1.00e+00	4.16e-13	0.00e+00
 4.59866e+17	1.00e+00	4.15e-13	0.00e+00
 4.60028e+17	1.00e+00	4.14e-13	0.00e+00
 4.60174e+17	1.00e+00	4.13e-13	0.00e+00
 4.60336e+17	1.00e+00	4.12e-13	0.00e+00
 4.60513e+17	1.00e+00	4.10e-13	0.00e+00
 4.60683e+17	1.00e+00	4.09e-13	0.00e+00
 4.60834e+17	1.00e+00	4.08e-13	0.00e+00
 4.60978e+17	1.00e+00	4.07e-13	0.00e+00
 4.61128e+17	1.00e+00	4.06e-13	0.00e+00
 4.61287e+17	1.00e+00	4.04e-13	0.00e+00
 4.61452e+17	1.00e+00	4.03e-13	0.00e+00
 4.61610e+17	1.00e+00	4.01e-13	0.00e+00
 4.61759e+17	1.00e+00	4.00e-13	0.00e+00
 4.61904e+17	1.00e+00	3.98e-13	0.00e+00
 4.62054e+17	1.00e+00	3.97e-13	0.00e+00
 4.62217e+17	1.00e+00	3.95e-13	0.00e+00
 4.62389e+17	1.00e+00	3.93e-13	0.00e+00
 4.62552e+17	1.00e+00	3.91e-13	0.00e+00
 4.62707e+17	1.00e+00	3.90e-13	0.00e+00
 4.62872e+17	1.00e+00	3.88e-13	0.00e+00
 4.63048e+17	1.00e+00	3.86e-13	0.00e+00
 4.63235e+17	1.00e+00	3.84e-13	0.00e+00
 4.63428e+17	1.00e+00	3.82e-13	0.00e+00
 4.63615e+17	1.00e+00	3.79e-13	0.00e+00
 4.63793e+17	1.00e+00	3.77e-13	0.00e+00
 4.63970e+17	1.00e+00	3.75e-13	0.00e+00
 4.64164e+17	1.00e+00	3.73e-13	0.00e+00
 4.64383e+17	1.00e+00	3.70e-13	0.00e+00
 4.64604e+17	1.00e+00	3.67e-13	0.00e+00
 4.64799e+17	1.00e+00	3.64e-13	0.00e+00
 4.64993e+17	1.00e+00	3.62e-13	0.00e+00
 4.65227e+17	1.00e+00	3.59e-13	0.00e+00
 4.65491e+17	1.00e+00	3.55e-13	0.00e+00
 4.65742e+17	1.00e+00	3.51e-13	0.00e+00
 4.65964e+17	1.00e+00	3.48e-13	0.00e+00
 4.66187e+17	1.00e+00	3.45e-13	0.00e+00
 4.66450e+17	1.00e+00	3.42e-13	0.00e+00
 4.66755e+17	1.00e+00	3.38e-13	0.00e+00
 4.67047e+17	1.00e+00	3.33e-13	0.00e+00
 4.67305e+17	1.00e+00	3.29e-13	0.00e+00
 4.67566e+17	1.00e+00	3.26e-13	0.00e+00
 4.67863e+17	1.00e+00	3.22e-13	0.00e+00
 4.68195e+17	1.00e+00	3.17e-13	0.00e+00
 4.68529e+17	1.00e+00	3.12e-13	0.00e+00
 4.68850e+17	1.00e+00	3.07e-13	0.00e+00
 4.69165e+17	1.00e+00	3.02e-13	0.00e+00
 4.69509e+17	1.00e+00	2.97e-13	0.00e+00
 4.69885e+17	1.00e+00	2.92e-13	0.00e+00
 4.70256e+17	1.00e+00	2.86e-13	0.00e+00
 4.70618e+17	1.00e+00	2.81e-13	0.00e+00
 4.70994e+17	1.00e+00	2.76e-13	0.00e+00
 4.71392e+17	1.00e+00	2.70e-13	0.00e+00
 4.71802e+17	1.00e+00	2.64e-13	0.00e+00
 4.72220e+17	1.00e+00	2.58e-13	0.00e+00
 4.72646e+17	1.00e+00	2.52e-13	0.00e+00
 4.73086e+17	1.00e+00	2.46e-13	0.00e+00
 4.73535e+17	1.00e+00	2.39e-13	0.00e+00
 4.73981e+17	1.00e+00	2.33e-13	0.00e+00
 4.74442e+17	1.00e+00	2.27e-13	0.00e+00
 4.74934e+17	1.00e+00	2.20e-13	0.00e+00
 4.75443e+17	1.00e+00	2.13e-13	0.00e+00
 4.75953e+17	1.00e+00	2.06e-13	0.00e+00
 4.76454e+17	1.00e+00	1.99e-13	0.00e+00
 4.76962e+17	1.00e+00	1.93e-13	0.00e+00
 4.77500e+17	1.00e+00	1.86e-13	0.00e+00
 4.78070e+17	1.00e+00	1.79e-13	0.00e+00
 4.78646e+17	1.00e+00	1.72e-13	0.00e+00
 4.79216e+17	1.00e+00	1.65e-13	0.00e+00
 4.79787e+17	1.00e+00	1.58e-13	0.00e+00
 4.80385e+17	1.00e+00	1.51e-13	0.00e+00
 4.81007e+17	1.00e+00	1.44e-13	0.00e+00
 4.81633e+17	1.00e+00	1.37e-13	0.00e+00
 4.82254e+17	1.00e+00	1.30e-13	0.00e+00
 4.82908e+17	1.00e+00	1.24e-13	0.00e+00
 4.83598e+17	1.00e+00	1.17e-13	0.00e+00
 4.84283e+17	1.00e+00	1.10e-13	0.00e+00
 4.84950e+17	1.00e+00	1.04e-13	0.00e+00
 4.85659e+17	1.00e+00	9.75e-14	0.00e+00
 4.86433e+17	1.00e+00	9.09e-14	0.00e+00
 4.87220e+17	1.00e+00	8.43e-14	0.00e+00
 4.88001e+17	1.00e+00	7.81e-14	0.00e+00
 4.88783e+17	1.00e+00	7.22e-14	0.00e+00
 4.89545e+17	1.00e+00	6.67e-14	0.00e+00
 4.90223e+17	1.00e+00	6.18e-14	0.00e+00
 4.90801e+17	1.00e+00	5.79e-14	0.00e+00
 4.91311e+17	1.00e+00	5.46e-14	0.00e+00
 4.91796e+17	1.00e+00	5.19e-14	0.00e+00
 4.92282e+17	1.00e+00	4.92e-14	0.00e+00
 4.92767e+17	1.00e+00	4.66e-14	0.00e+00
 4.93225e+17	1.00e+00	4.41e-14	0.00e+00
 4.93641e+17	1.00e+00	4.20e-14	0.00e+00
 4.94026e+17	1.00e+00	4.01e-14	0.00e+00
 4.94398e+17	1.00e+00	3.83e-14	0.00e+00
 4.94767e+17	1.00e+00	3.67e-14	0.00e+00
 4.95131e+17	1.00e+00	3.51e-14	0.00e+00
 4.95479e+17	1.00e+00	3.36e-14	0.00e+00
 4.95808e+17	1.00e+00	3.22e-14	0.00e+00
 4.96121e+17	1.00e+00	3.09e-14	0.00e+00
 4.96425e+17	1.00e+00	2.97e-14	0.00e+00
 4.96724e+17	1.00e+00	2.86e-14	0.00e+00
 4.97016e+17	1.00e+00	2.75e-14	0.00e+00
 4.97296e+17	1.00e+00	2.64e-14	0.00e+00
 4.97565e+17	1.00e+00	2.55e-14	0.00e+00
 4.97825e+17	1.00e+00	2.45e-14	0.00e+00
 4.98078e+17	1.00e+00	2.36e-14	0.00e+00
 4.98325e+17	1.00e+00	2.28e-14	0.00e+00
 4.98565e+17	1.00e+00	2.20e-14	0.00e+00
 4.98799e+17	1.00e+00	2.13e-14	0.00e+00
 4.99026e+17	1.00e+00	2.05e-14	0.00e+00
 4.99242e+17	1.00e+00	1.99e-14	0.00e+00
 4.99453e+17	1.00e+00	1.92e-14	0.00e+00
 4.99663e+17	1.00e+00	1.86e-14	0.00e+00
 4.99904e+17	1.00e+00	1.80e-14	0.00e+00
 5.00216e+17	1.00e+00	1.72e-14	0.00e+00
 5.00622e+17	1.00e+00	1.62e-14	0.00e+00
 5.01150e+17	1.00e+00	1.50e-14	0.00e+00
 5.01836e+17	1.00e+00	1.36e-14	0.00e+00
 5.02728e+17	1.00e+00	1.18e-14	0.00e+00
 5.03835e+17	1.00e+00	9.80e-15	0.00e+00
 5.04920e+17	1.00e+00	7.80e-15	0.00e+00
 5.05701e+17	1.00e+00	6.49e-15	0.00e+00
