#depth	N	N+	N+2	N+3	N+4	N+5	N+6	N+7
 1.49634e+10	0.00e+00	4.02e-31	1.17e-22	7.48e-15	5.12e-08	9.99e-01	9.75e-04	0.00e+00
 4.54887e+10	2.52e-40	5.68e-31	1.53e-22	9.02e-15	5.64e-08	9.99e-01	8.88e-04	3.97e-10
 7.72350e+10	0.00e+00	8.01e-31	2.00e-22	1.09e-14	6.22e-08	9.99e-01	8.02e-04	0.00e+00
 1.10251e+11	5.85e-40	1.13e-30	2.62e-22	1.31e-14	6.87e-08	9.99e-01	7.28e-04	0.00e+00
 1.40492e+11	0.00e+00	1.53e-30	3.31e-22	1.55e-14	7.49e-08	9.99e-01	6.67e-04	0.00e+00
 1.66316e+11	1.14e-39	1.95e-30	4.02e-22	1.77e-14	8.06e-08	9.99e-01	6.21e-04	0.00e+00
 1.94869e+11	0.00e+00	2.55e-30	4.95e-22	2.05e-14	8.71e-08	9.99e-01	5.75e-04	0.00e+00
 2.26938e+11	2.24e-39	3.39e-30	6.20e-22	2.41e-14	9.48e-08	9.99e-01	5.28e-04	0.00e+00
 2.57324e+11	0.00e+00	4.40e-30	7.62e-22	2.79e-14	1.03e-07	1.00e+00	4.89e-04	0.00e+00
 2.90571e+11	4.29e-39	5.79e-30	9.47e-22	3.26e-14	1.11e-07	1.00e+00	4.50e-04	0.00e+00
 3.27524e+11	0.00e+00	7.77e-30	1.19e-21	3.85e-14	1.22e-07	1.00e+00	4.12e-04	0.00e+00
 3.62083e+11	8.41e-39	1.01e-29	1.47e-21	4.47e-14	1.32e-07	1.00e+00	3.80e-04	0.00e+00
 3.99796e+11	0.00e+00	1.33e-29	1.83e-21	5.23e-14	1.44e-07	1.00e+00	3.50e-04	0.00e+00
 4.42162e+11	1.68e-38	1.79e-29	2.32e-21	6.21e-14	1.58e-07	1.00e+00	3.19e-04	0.00e+00
 4.82491e+11	0.00e+00	2.35e-29	2.88e-21	7.26e-14	1.71e-07	1.00e+00	2.93e-04	0.00e+00
 5.26262e+11	3.26e-38	3.11e-29	3.61e-21	8.54e-14	1.87e-07	1.00e+00	2.69e-04	0.00e+00
 5.75218e+11	0.00e+00	4.21e-29	4.59e-21	1.02e-13	2.06e-07	1.00e+00	2.45e-04	0.00e+00
 6.22583e+11	6.54e-38	5.56e-29	5.74e-21	1.20e-13	2.25e-07	1.00e+00	2.24e-04	0.00e+00
 6.73360e+11	0.00e+00	7.40e-29	7.22e-21	1.42e-13	2.46e-07	1.00e+00	2.05e-04	0.00e+00
 7.30221e+11	1.33e-37	1.00e-28	9.23e-21	1.69e-13	2.72e-07	1.00e+00	1.86e-04	0.00e+00
 7.86580e+11	0.00e+00	1.34e-28	1.16e-20	2.01e-13	2.98e-07	1.00e+00	1.69e-04	0.00e+00
 8.45194e+11	2.66e-37	1.79e-28	1.47e-20	2.38e-13	3.27e-07	1.00e+00	1.55e-04	0.00e+00
 9.01801e+11	0.00e+00	2.34e-28	1.82e-20	2.78e-13	3.57e-07	1.00e+00	1.42e-04	0.00e+00
 9.47521e+11	4.69e-37	2.87e-28	2.15e-20	3.15e-13	3.82e-07	1.00e+00	1.33e-04	0.00e+00
 9.94341e+11	0.00e+00	3.53e-28	2.54e-20	3.55e-13	4.08e-07	1.00e+00	1.24e-04	0.00e+00
 1.05521e+12	8.18e-37	4.57e-28	3.12e-20	4.14e-13	4.44e-07	1.00e+00	1.14e-04	0.00e+00
 1.11919e+12	0.00e+00	5.94e-28	3.86e-20	4.83e-13	4.83e-07	1.00e+00	1.05e-04	0.00e+00
 1.17421e+12	1.45e-36	7.37e-28	4.59e-20	5.48e-13	5.18e-07	1.00e+00	9.80e-05	0.00e+00
 1.23270e+12	0.00e+00	9.22e-28	5.49e-20	6.25e-13	5.57e-07	1.00e+00	9.12e-05	0.00e+00
 1.30603e+12	2.61e-36	1.21e-27	6.83e-20	7.33e-13	6.08e-07	1.00e+00	8.36e-05	0.00e+00
 1.38127e+12	0.00e+00	1.57e-27	8.45e-20	8.57e-13	6.63e-07	1.00e+00	7.68e-05	0.00e+00
 1.44751e+12	4.70e-36	1.97e-27	1.01e-19	9.79e-13	7.13e-07	1.00e+00	7.14e-05	0.00e+00
 1.51946e+12	0.00e+00	2.50e-27	1.23e-19	1.12e-12	7.70e-07	1.00e+00	6.62e-05	0.00e+00
 1.59897e+12	8.45e-36	3.21e-27	1.50e-19	1.30e-12	8.36e-07	1.00e+00	6.10e-05	0.00e+00
 1.67237e+12	0.00e+00	4.02e-27	1.80e-19	1.49e-12	8.99e-07	1.00e+00	5.67e-05	0.00e+00
 1.75187e+12	1.47e-35	5.09e-27	2.18e-19	1.71e-12	9.70e-07	1.00e+00	5.26e-05	0.00e+00
 1.84045e+12	0.00e+00	6.56e-27	2.67e-19	1.98e-12	1.05e-06	1.00e+00	4.85e-05	0.00e+00
 1.92334e+12	2.62e-35	8.25e-27	3.21e-19	2.27e-12	1.13e-06	1.00e+00	4.51e-05	0.00e+00
 2.01358e+12	0.00e+00	1.05e-26	3.90e-19	2.61e-12	1.23e-06	1.00e+00	4.17e-05	0.00e+00
 2.11389e+12	4.76e-35	1.36e-26	4.80e-19	3.03e-12	1.33e-06	1.00e+00	3.84e-05	0.00e+00
 2.20759e+12	0.00e+00	1.72e-26	5.79e-19	3.47e-12	1.43e-06	1.00e+00	3.57e-05	0.00e+00
 2.30970e+12	8.48e-35	2.20e-26	7.06e-19	4.01e-12	1.55e-06	1.00e+00	3.30e-05	0.00e+00
 2.42384e+12	0.00e+00	2.87e-26	8.74e-19	4.67e-12	1.69e-06	1.00e+00	3.03e-05	0.00e+00
 2.53144e+12	1.56e-34	3.65e-26	1.06e-18	5.37e-12	1.82e-06	1.00e+00	2.81e-05	0.00e+00
 2.64915e+12	2.12e-34	4.73e-26	1.30e-18	6.22e-12	1.98e-06	1.00e+00	2.60e-05	0.00e+00
 2.78099e+12	2.96e-34	6.23e-26	1.62e-18	7.28e-12	2.16e-06	1.00e+00	2.38e-05	0.00e+00
 2.90595e+12	4.01e-34	8.02e-26	1.99e-18	8.41e-12	2.33e-06	1.00e+00	2.20e-05	0.00e+00
 3.03989e+12	5.52e-34	1.04e-25	2.45e-18	9.76e-12	2.53e-06	1.00e+00	2.03e-05	0.00e+00
 3.19141e+12	7.78e-34	1.39e-25	3.08e-18	1.15e-11	2.76e-06	1.00e+00	1.86e-05	0.00e+00
 3.34143e+12	1.08e-33	1.83e-25	3.83e-18	1.34e-11	3.00e-06	1.00e+00	1.71e-05	0.00e+00
 3.49744e+12	1.51e-33	2.41e-25	4.76e-18	1.56e-11	3.26e-06	1.00e+00	1.58e-05	0.00e+00
 3.66726e+12	2.14e-33	3.21e-25	5.98e-18	1.83e-11	3.56e-06	1.00e+00	1.45e-05	0.00e+00
 3.84388e+12	3.05e-33	4.30e-25	7.53e-18	2.15e-11	3.88e-06	1.00e+00	1.33e-05	0.00e+00
 4.01121e+12	4.22e-33	5.61e-25	9.28e-18	2.49e-11	4.20e-06	1.00e+00	1.23e-05	0.00e+00
 4.16188e+12	5.60e-33	7.08e-25	1.11e-17	2.83e-11	4.49e-06	1.00e+00	1.15e-05	0.00e+00
 4.30304e+12	7.21e-33	8.73e-25	1.31e-17	3.17e-11	4.78e-06	1.00e+00	1.08e-05	0.00e+00
 4.45893e+12	9.52e-33	1.10e-24	1.57e-17	3.59e-11	5.10e-06	1.00e+00	1.01e-05	0.00e+00
 4.63377e+12	1.29e-32	1.41e-24	1.91e-17	4.10e-11	5.48e-06	1.00e+00	9.41e-06	0.00e+00
 4.80008e+12	1.70e-32	1.77e-24	2.28e-17	4.64e-11	5.85e-06	1.00e+00	8.82e-06	0.00e+00
 4.98310e+12	2.30e-32	2.26e-24	2.76e-17	5.29e-11	6.28e-06	1.00e+00	8.23e-06	0.00e+00
 5.18754e+12	3.18e-32	2.95e-24	3.39e-17	6.10e-11	6.76e-06	1.00e+00	7.64e-06	0.00e+00
 5.37667e+12	4.26e-32	3.73e-24	4.08e-17	6.93e-11	7.23e-06	1.00e+00	7.14e-06	0.00e+00
 5.55205e+12	5.54e-32	4.63e-24	4.82e-17	7.76e-11	7.67e-06	1.00e+00	6.73e-06	0.00e+00
 5.75268e+12	7.45e-32	5.89e-24	5.81e-17	8.81e-11	8.19e-06	1.00e+00	6.31e-06	0.00e+00
 5.99836e+12	1.06e-31	7.85e-24	7.23e-17	1.02e-10	8.85e-06	1.00e+00	5.84e-06	0.00e+00
 6.24356e+12	1.48e-31	1.03e-23	8.93e-17	1.18e-10	9.55e-06	1.00e+00	5.41e-06	0.00e+00
 6.45641e+12	1.97e-31	1.30e-23	1.07e-16	1.33e-10	1.02e-05	1.00e+00	5.09e-06	0.00e+00
 6.68625e+12	2.67e-31	1.66e-23	1.29e-16	1.51e-10	1.08e-05	1.00e+00	4.77e-06	0.00e+00
 6.96745e+12	3.83e-31	2.22e-23	1.60e-16	1.76e-10	1.17e-05	1.00e+00	4.42e-06	0.00e+00
 7.25472e+12	5.40e-31	2.94e-23	1.99e-16	2.03e-10	1.26e-05	1.00e+00	4.10e-06	0.00e+00
 7.51385e+12	7.39e-31	3.78e-23	2.41e-16	2.31e-10	1.35e-05	1.00e+00	3.84e-06	0.00e+00
 7.79710e+12	1.03e-30	4.93e-23	2.95e-16	2.65e-10	1.44e-05	1.00e+00	3.59e-06	0.00e+00
 8.13130e+12	1.50e-30	6.68e-23	3.71e-16	3.08e-10	1.56e-05	1.00e+00	3.32e-06	0.00e+00
 8.46548e+12	2.14e-30	8.90e-23	4.62e-16	3.58e-10	1.68e-05	1.00e+00	3.08e-06	0.00e+00
 8.77917e+12	2.99e-30	1.16e-22	5.65e-16	4.09e-10	1.80e-05	1.00e+00	2.88e-06	0.00e+00
 9.12639e+12	4.27e-30	1.55e-22	7.00e-16	4.72e-10	1.93e-05	1.00e+00	2.68e-06	0.00e+00
 9.52138e+12	6.32e-30	2.12e-22	8.86e-16	5.52e-10	2.09e-05	1.00e+00	2.48e-06	0.00e+00
 9.91830e+12	9.15e-30	2.85e-22	1.11e-15	6.43e-10	2.26e-05	1.00e+00	2.29e-06	0.00e+00
 1.03311e+13	1.34e-29	3.87e-22	1.40e-15	7.48e-10	2.43e-05	1.00e+00	2.13e-06	0.00e+00
 1.07743e+13	1.99e-29	5.30e-22	1.77e-15	8.75e-10	2.63e-05	1.00e+00	1.97e-06	0.00e+00
 1.12352e+13	2.94e-29	7.25e-22	2.24e-15	1.02e-09	2.84e-05	1.00e+00	1.82e-06	0.00e+00
 1.16797e+13	4.20e-29	9.66e-22	2.78e-15	1.18e-09	3.06e-05	1.00e+00	1.69e-06	0.00e+00
 1.20949e+13	5.85e-29	1.26e-21	3.39e-15	1.35e-09	3.26e-05	1.00e+00	1.59e-06	0.00e+00
 1.24866e+13	7.93e-29	1.60e-21	4.06e-15	1.52e-09	3.46e-05	1.00e+00	1.49e-06	0.00e+00
 1.29142e+13	1.09e-28	2.07e-21	4.92e-15	1.73e-09	3.69e-05	1.00e+00	1.40e-06	0.00e+00
 1.33896e+13	1.52e-28	2.71e-21	6.03e-15	1.98e-09	3.95e-05	1.00e+00	1.31e-06	0.00e+00
 1.38349e+13	2.08e-28	3.47e-21	7.27e-15	2.24e-09	4.20e-05	1.00e+00	1.23e-06	0.00e+00
 1.43212e+13	2.90e-28	4.53e-21	8.86e-15	2.56e-09	4.48e-05	1.00e+00	1.15e-06	0.00e+00
 1.48706e+13	4.14e-28	6.02e-21	1.10e-14	2.95e-09	4.81e-05	1.00e+00	1.08e-06	0.00e+00
 1.53979e+13	5.71e-28	7.81e-21	1.34e-14	3.37e-09	5.14e-05	1.00e+00	1.01e-06	0.00e+00
 1.59788e+13	8.14e-28	1.04e-20	1.66e-14	3.88e-09	5.51e-05	1.00e+00	9.38e-07	0.00e+00
 1.66308e+13	1.20e-27	1.41e-20	2.09e-14	4.52e-09	5.95e-05	1.00e+00	0.00e+00	0.00e+00
 1.72546e+13	1.69e-27	1.86e-20	2.58e-14	5.20e-09	6.38e-05	1.00e+00	0.00e+00	0.00e+00
 1.79204e+13	2.40e-27	2.47e-20	3.20e-14	6.02e-09	6.87e-05	1.00e+00	0.00e+00	0.00e+00
 1.86671e+13	3.57e-27	3.39e-20	4.05e-14	7.04e-09	7.42e-05	1.00e+00	0.00e+00	0.00e+00
 1.93575e+13	4.95e-27	4.43e-20	4.99e-14	8.10e-09	7.97e-05	1.00e+00	0.00e+00	0.00e+00
 1.99536e+13	6.65e-27	5.60e-20	5.95e-14	9.10e-09	8.44e-05	1.00e+00	0.00e+00	0.00e+00
 2.06122e+13	8.91e-27	7.11e-20	7.17e-14	1.03e-08	9.00e-05	1.00e+00	0.00e+00	0.00e+00
 2.14191e+13	1.30e-26	9.60e-20	8.97e-14	1.20e-08	9.69e-05	1.00e+00	0.00e+00	0.00e+00
 2.22393e+13	1.82e-26	1.27e-19	1.11e-13	1.38e-08	1.04e-04	1.00e+00	0.00e+00	0.00e+00
 2.29753e+13	2.46e-26	1.62e-19	1.34e-13	1.57e-08	1.11e-04	1.00e+00	0.00e+00	0.00e+00
 2.37813e+13	3.44e-26	2.11e-19	1.64e-13	1.80e-08	1.19e-04	1.00e+00	0.00e+00	0.00e+00
 2.47366e+13	4.87e-26	2.81e-19	2.06e-13	2.09e-08	1.29e-04	1.00e+00	0.00e+00	0.00e+00
 2.56760e+13	7.02e-26	3.76e-19	2.56e-13	2.42e-08	1.38e-04	1.00e+00	0.00e+00	0.00e+00
 2.65344e+13	9.39e-26	4.78e-19	3.10e-13	2.75e-08	1.48e-04	1.00e+00	0.00e+00	0.00e+00
 2.74973e+13	1.30e-25	6.24e-19	3.81e-13	3.16e-08	1.58e-04	1.00e+00	0.00e+00	0.00e+00
 2.86173e+13	1.91e-25	8.50e-19	4.81e-13	3.69e-08	1.71e-04	1.00e+00	0.00e+00	0.00e+00
 2.97172e+13	2.66e-25	1.12e-18	5.99e-13	4.28e-08	1.85e-04	1.00e+00	0.00e+00	0.00e+00
 3.07533e+13	3.65e-25	1.44e-18	7.31e-13	4.89e-08	1.98e-04	1.00e+00	0.00e+00	0.00e+00
 3.19056e+13	5.12e-25	1.90e-18	9.06e-13	5.65e-08	2.13e-04	1.00e+00	0.00e+00	0.00e+00
 3.32117e+13	7.54e-25	2.60e-18	1.15e-12	6.61e-08	2.30e-04	1.00e+00	0.00e+00	0.00e+00
 3.45170e+13	1.05e-24	3.43e-18	1.43e-12	7.69e-08	2.49e-04	1.00e+00	0.00e+00	0.00e+00
 3.57364e+13	1.47e-24	4.48e-18	1.76e-12	8.81e-08	2.66e-04	1.00e+00	0.00e+00	0.00e+00
 3.70577e+13	2.02e-24	5.83e-18	2.17e-12	1.02e-07	2.87e-04	1.00e+00	0.00e+00	0.00e+00
 3.85382e+13	2.93e-24	7.88e-18	2.73e-12	1.19e-07	3.10e-04	1.00e+00	0.00e+00	0.00e+00
 3.99220e+13	3.97e-24	1.01e-17	3.36e-12	1.36e-07	3.33e-04	1.00e+00	0.00e+00	0.00e+00
 4.12026e+13	5.37e-24	1.29e-17	4.04e-12	1.54e-07	3.54e-04	1.00e+00	0.00e+00	0.00e+00
 4.24318e+13	6.87e-24	1.59e-17	4.80e-12	1.73e-07	3.76e-04	1.00e+00	0.00e+00	0.00e+00
 4.37962e+13	9.22e-24	2.02e-17	5.78e-12	1.96e-07	4.00e-04	1.00e+00	0.00e+00	0.00e+00
 4.53073e+13	1.27e-23	2.62e-17	7.05e-12	2.24e-07	4.28e-04	1.00e+00	0.00e+00	0.00e+00
 4.67154e+13	1.67e-23	3.29e-17	8.43e-12	2.53e-07	4.55e-04	1.00e+00	0.00e+00	0.00e+00
 4.82523e+13	2.20e-23	4.14e-17	1.02e-11	2.87e-07	4.86e-04	1.00e+00	0.00e+00	0.00e+00
 4.99759e+13	3.09e-23	5.44e-17	1.25e-11	3.30e-07	5.21e-04	9.99e-01	0.00e+00	0.00e+00
 5.16195e+13	4.06e-23	6.84e-17	1.52e-11	3.75e-07	5.56e-04	9.99e-01	0.00e+00	0.00e+00
 5.34334e+13	5.63e-23	8.91e-17	1.86e-11	4.30e-07	5.95e-04	9.99e-01	0.00e+00	0.00e+00
 5.54336e+13	7.70e-23	1.16e-16	2.31e-11	4.97e-07	6.41e-04	9.99e-01	0.00e+00	0.00e+00
 5.72753e+13	1.05e-22	1.49e-16	2.80e-11	5.65e-07	6.85e-04	9.99e-01	0.00e+00	0.00e+00
 5.92686e+13	1.40e-22	1.90e-16	3.42e-11	6.47e-07	7.34e-04	9.99e-01	0.00e+00	0.00e+00
 6.14962e+13	1.97e-22	2.51e-16	4.25e-11	7.49e-07	7.90e-04	9.99e-01	0.00e+00	0.00e+00
 6.35923e+13	2.61e-22	3.18e-16	5.17e-11	8.55e-07	8.46e-04	9.99e-01	0.00e+00	0.00e+00
 6.58810e+13	3.62e-22	4.16e-16	6.37e-11	9.84e-07	9.08e-04	9.99e-01	0.00e+00	0.00e+00
 6.84230e+13	4.97e-22	5.43e-16	7.95e-11	1.14e-06	9.81e-04	9.99e-01	0.00e+00	0.00e+00
 7.07929e+13	6.71e-22	6.97e-16	9.72e-11	1.31e-06	1.05e-03	9.99e-01	0.00e+00	0.00e+00
 7.33677e+13	9.10e-22	8.99e-16	1.20e-10	1.51e-06	1.13e-03	9.99e-01	0.00e+00	0.00e+00
 7.62485e+13	1.30e-21	1.20e-15	1.50e-10	1.76e-06	1.22e-03	9.99e-01	0.00e+00	0.00e+00
 7.89815e+13	1.72e-21	1.53e-15	1.85e-10	2.02e-06	1.32e-03	9.99e-01	0.00e+00	0.00e+00
 8.19077e+13	2.40e-21	2.01e-15	2.29e-10	2.33e-06	1.42e-03	9.99e-01	0.00e+00	0.00e+00
 8.52139e+13	3.29e-21	2.64e-15	2.89e-10	2.73e-06	1.54e-03	9.98e-01	0.00e+00	0.00e+00
 8.84588e+13	4.60e-21	3.48e-15	3.59e-10	3.17e-06	1.66e-03	9.98e-01	0.00e+00	0.00e+00
 9.18335e+13	6.17e-21	4.49e-15	4.47e-10	3.68e-06	1.80e-03	9.98e-01	0.00e+00	0.00e+00
 9.55367e+13	8.78e-21	6.01e-15	5.64e-10	4.31e-06	1.95e-03	9.98e-01	0.00e+00	0.00e+00
 9.91910e+13	1.18e-20	7.75e-15	7.02e-10	5.00e-06	2.11e-03	9.98e-01	0.00e+00	0.00e+00
 1.02203e+14	1.52e-20	9.60e-15	8.36e-10	5.63e-06	2.25e-03	9.98e-01	0.00e+00	0.00e+00
 1.04604e+14	1.83e-20	1.13e-14	9.57e-10	6.18e-06	2.36e-03	9.98e-01	0.00e+00	0.00e+00
 1.07259e+14	2.26e-20	1.35e-14	1.11e-09	6.83e-06	2.49e-03	9.98e-01	0.00e+00	0.00e+00
 1.10711e+14	2.90e-20	1.67e-14	1.33e-09	7.75e-06	2.67e-03	9.97e-01	0.00e+00	0.00e+00
 1.14420e+14	3.79e-20	2.10e-14	1.62e-09	8.84e-06	2.86e-03	9.97e-01	0.00e+00	0.00e+00
 1.17719e+14	4.80e-20	2.57e-14	1.91e-09	9.90e-06	3.04e-03	9.97e-01	0.00e+00	0.00e+00
 1.21266e+14	6.03e-20	3.13e-14	2.26e-09	1.11e-05	3.24e-03	9.97e-01	0.00e+00	0.00e+00
 1.25752e+14	8.06e-20	4.02e-14	2.80e-09	1.29e-05	3.51e-03	9.96e-01	0.00e+00	0.00e+00
 1.30294e+14	1.08e-19	5.15e-14	3.44e-09	1.48e-05	3.79e-03	9.96e-01	0.00e+00	0.00e+00
 1.34170e+14	1.36e-19	6.30e-14	4.08e-09	1.67e-05	4.04e-03	9.96e-01	0.00e+00	0.00e+00
 1.38345e+14	1.73e-19	7.76e-14	4.88e-09	1.88e-05	4.32e-03	9.96e-01	0.00e+00	0.00e+00
 1.43533e+14	2.30e-19	9.96e-14	6.05e-09	2.18e-05	4.69e-03	9.95e-01	0.00e+00	0.00e+00
 1.48833e+14	3.06e-19	1.28e-13	7.47e-09	2.52e-05	5.07e-03	9.95e-01	0.00e+00	0.00e+00
 1.53503e+14	3.93e-19	1.58e-13	8.95e-09	2.85e-05	5.43e-03	9.95e-01	0.00e+00	0.00e+00
 1.58562e+14	5.03e-19	1.97e-13	1.08e-08	3.25e-05	5.83e-03	9.94e-01	0.00e+00	0.00e+00
 1.64664e+14	6.79e-19	2.55e-13	1.35e-08	3.77e-05	6.35e-03	9.94e-01	0.00e+00	0.00e+00
 1.70720e+14	9.02e-19	3.27e-13	1.66e-08	4.36e-05	6.88e-03	9.93e-01	0.00e+00	0.00e+00
 1.76113e+14	1.16e-18	4.05e-13	2.00e-08	4.93e-05	7.36e-03	9.93e-01	0.00e+00	0.00e+00
 1.82052e+14	1.50e-18	5.08e-13	2.43e-08	5.63e-05	7.93e-03	9.92e-01	0.00e+00	0.00e+00
 1.89132e+14	2.04e-18	6.62e-13	3.04e-08	6.55e-05	8.63e-03	9.91e-01	0.00e+00	0.00e+00
 1.96175e+14	2.73e-18	8.53e-13	3.77e-08	7.58e-05	9.36e-03	9.91e-01	0.00e+00	0.00e+00
 2.02635e+14	3.51e-18	1.06e-12	4.56e-08	8.62e-05	1.01e-02	9.90e-01	0.00e+00	0.00e+00
 2.09856e+14	4.61e-18	1.35e-12	5.61e-08	9.91e-05	1.09e-02	9.89e-01	0.00e+00	0.00e+00
 2.18230e+14	6.42e-18	1.79e-12	7.07e-08	1.16e-04	1.19e-02	9.88e-01	0.00e+00	0.00e+00
 2.26445e+14	8.65e-18	2.32e-12	8.80e-08	1.34e-04	1.29e-02	9.87e-01	0.00e+00	0.00e+00
 2.34256e+14	1.13e-17	2.93e-12	1.08e-07	1.53e-04	1.39e-02	9.86e-01	0.00e+00	0.00e+00
 2.41123e+14	1.46e-17	3.63e-12	1.28e-07	1.72e-04	1.48e-02	9.85e-01	0.00e+00	0.00e+00
 2.46815e+14	1.77e-17	4.29e-12	1.47e-07	1.89e-04	1.56e-02	9.84e-01	0.00e+00	0.00e+00
 2.53060e+14	2.17e-17	5.13e-12	1.71e-07	2.08e-04	1.65e-02	9.83e-01	0.00e+00	0.00e+00
 2.61179e+14	2.82e-17	6.42e-12	2.06e-07	2.36e-04	1.77e-02	9.82e-01	0.00e+00	0.00e+00
 2.69714e+14	3.64e-17	8.03e-12	2.50e-07	2.69e-04	1.89e-02	9.81e-01	0.00e+00	0.00e+00
 2.77078e+14	4.59e-17	9.78e-12	2.94e-07	2.99e-04	2.01e-02	9.80e-01	0.00e+00	0.00e+00
 2.84937e+14	5.95e-17	1.21e-11	3.47e-07	3.34e-04	2.13e-02	9.78e-01	0.00e+00	0.00e+00
 2.95155e+14	8.04e-17	1.57e-11	4.29e-07	3.84e-04	2.31e-02	9.77e-01	0.00e+00	0.00e+00
 3.05648e+14	1.05e-16	1.99e-11	5.29e-07	4.41e-04	2.49e-02	9.75e-01	0.00e+00	0.00e+00
 3.14388e+14	2.16e-16	2.49e-11	6.28e-07	4.94e-04	2.64e-02	9.73e-01	0.00e+00	0.00e+00
 3.23639e+14	1.90e-16	3.05e-11	7.48e-07	5.54e-04	2.82e-02	9.71e-01	0.00e+00	0.00e+00
 3.35459e+14	2.69e-16	4.04e-11	9.29e-07	6.39e-04	3.04e-02	9.69e-01	0.00e+00	0.00e+00
 3.47871e+14	3.72e-16	5.29e-11	1.16e-06	7.38e-04	3.29e-02	9.66e-01	0.00e+00	0.00e+00
 3.58904e+14	4.93e-16	6.69e-11	1.40e-06	8.35e-04	3.52e-02	9.64e-01	0.00e+00	0.00e+00
 3.70896e+14	6.59e-16	8.52e-11	1.70e-06	9.51e-04	3.78e-02	9.61e-01	0.00e+00	0.00e+00
 3.85243e+14	9.37e-16	1.14e-10	2.15e-06	1.11e-03	4.10e-02	9.58e-01	0.00e+00	0.00e+00
 3.99481e+14	1.30e-15	1.49e-10	2.67e-06	1.28e-03	4.42e-02	9.55e-01	0.00e+00	0.00e+00
 4.12385e+14	1.74e-15	1.90e-10	3.24e-06	1.45e-03	4.73e-02	9.51e-01	0.00e+00	0.00e+00
 4.26726e+14	2.31e-15	2.43e-10	3.99e-06	1.66e-03	5.08e-02	9.48e-01	0.00e+00	0.00e+00
 4.43543e+14	3.40e-15	3.31e-10	5.04e-06	1.93e-03	5.51e-02	9.43e-01	0.00e+00	0.00e+00
 4.60130e+14	4.81e-15	4.39e-10	6.30e-06	2.23e-03	5.94e-02	9.38e-01	0.00e+00	0.00e+00
 4.75685e+14	6.57e-15	5.66e-10	7.70e-06	2.54e-03	6.37e-02	9.34e-01	0.00e+00	0.00e+00
 4.93047e+14	8.91e-15	7.34e-10	9.56e-06	2.93e-03	6.85e-02	9.29e-01	0.00e+00	0.00e+00
 5.12799e+14	1.35e-14	1.02e-09	1.22e-05	3.42e-03	7.44e-02	9.22e-01	0.00e+00	0.00e+00
 5.32331e+14	1.93e-14	1.36e-09	1.52e-05	3.96e-03	8.01e-02	9.16e-01	0.00e+00	0.00e+00
 5.48353e+14	2.56e-14	1.71e-09	1.82e-05	4.44e-03	8.50e-02	9.10e-01	0.00e+00	0.00e+00
 5.60870e+14	3.17e-14	2.03e-09	2.09e-05	4.85e-03	8.90e-02	9.06e-01	0.00e+00	0.00e+00
 5.74573e+14	3.96e-14	2.44e-09	2.41e-05	5.33e-03	9.33e-02	9.01e-01	0.00e+00	0.00e+00
 5.92386e+14	5.29e-14	3.09e-09	2.90e-05	6.00e-03	9.91e-02	8.95e-01	0.00e+00	0.00e+00
 6.11690e+14	7.27e-14	3.98e-09	3.52e-05	6.80e-03	1.06e-01	8.88e-01	0.00e+00	0.00e+00
 6.29039e+14	9.51e-14	4.95e-09	4.16e-05	7.57e-03	1.11e-01	8.81e-01	0.00e+00	0.00e+00
 6.47699e+14	1.25e-13	6.18e-09	4.95e-05	8.47e-03	1.18e-01	8.74e-01	0.00e+00	0.00e+00
 6.71425e+14	1.78e-13	8.22e-09	6.14e-05	9.74e-03	1.26e-01	8.64e-01	0.00e+00	0.00e+00
 6.95443e+14	2.48e-13	1.07e-08	7.56e-05	1.11e-02	1.35e-01	8.54e-01	0.00e+00	0.00e+00
 7.15673e+14	3.18e-13	1.32e-08	8.96e-05	1.24e-02	1.42e-01	8.45e-01	0.00e+00	0.00e+00
 7.37273e+14	4.23e-13	1.67e-08	1.07e-04	1.39e-02	1.50e-01	8.36e-01	0.00e+00	0.00e+00
 7.64487e+14	6.23e-13	2.25e-08	1.33e-04	1.59e-02	1.61e-01	8.23e-01	0.00e+00	0.00e+00
 7.92703e+14	8.85e-13	2.98e-08	1.64e-04	1.82e-02	1.71e-01	8.10e-01	0.00e+00	0.00e+00
 8.17590e+14	1.18e-12	3.77e-08	1.97e-04	2.05e-02	1.81e-01	7.99e-01	0.00e+00	0.00e+00
 8.44442e+14	1.56e-12	4.75e-08	2.37e-04	2.30e-02	1.91e-01	7.86e-01	0.00e+00	0.00e+00
 8.76827e+14	2.31e-12	6.45e-08	2.96e-04	2.65e-02	2.04e-01	7.70e-01	0.00e+00	0.00e+00
 9.08933e+14	3.26e-12	8.51e-08	3.64e-04	3.02e-02	2.16e-01	7.54e-01	0.00e+00	0.00e+00
 9.37651e+14	4.27e-12	1.06e-07	4.34e-04	3.37e-02	2.27e-01	7.39e-01	0.00e+00	0.00e+00
 9.69436e+14	5.83e-12	1.37e-07	5.25e-04	3.80e-02	2.39e-01	7.22e-01	0.00e+00	0.00e+00
 1.00716e+15	8.80e-12	1.88e-07	6.55e-04	4.35e-02	2.54e-01	7.02e-01	0.00e+00	0.00e+00
 1.04291e+15	1.22e-11	2.44e-07	7.97e-04	4.91e-02	2.67e-01	6.83e-01	0.00e+00	0.00e+00
 1.07364e+15	1.61e-11	3.04e-07	9.39e-04	5.43e-02	2.79e-01	6.66e-01	0.00e+00	0.00e+00
 1.10755e+15	2.13e-11	3.82e-07	1.12e-03	6.03e-02	2.91e-01	6.48e-01	0.00e+00	0.00e+00
 1.14926e+15	3.05e-11	5.08e-07	1.37e-03	6.83e-02	3.06e-01	6.25e-01	0.00e+00	0.00e+00
 1.19148e+15	4.22e-11	6.60e-07	1.67e-03	7.69e-02	3.20e-01	6.02e-01	0.00e+00	0.00e+00
 1.22552e+15	5.35e-11	8.02e-07	1.94e-03	8.42e-02	3.31e-01	5.83e-01	0.00e+00	0.00e+00
 1.25856e+15	6.84e-11	9.77e-07	2.24e-03	9.17e-02	3.41e-01	5.65e-01	0.00e+00	0.00e+00
 1.30151e+15	9.70e-11	1.28e-06	2.69e-03	1.02e-01	3.54e-01	5.41e-01	0.00e+00	0.00e+00
 1.34382e+15	1.28e-10	1.60e-06	3.19e-03	1.13e-01	3.66e-01	5.18e-01	0.00e+00	0.00e+00
 1.37803e+15	1.58e-10	1.90e-06	3.63e-03	1.21e-01	3.75e-01	5.00e-01	0.00e+00	0.00e+00
 1.41526e+15	2.00e-10	2.30e-06	4.17e-03	1.31e-01	3.84e-01	4.81e-01	0.00e+00	0.00e+00
 1.46367e+15	2.82e-10	2.99e-06	4.98e-03	1.45e-01	3.95e-01	4.55e-01	0.00e+00	0.00e+00
 1.51269e+15	3.63e-10	3.69e-06	5.87e-03	1.59e-01	4.04e-01	4.31e-01	0.00e+00	0.00e+00
 1.55436e+15	4.83e-10	4.59e-06	6.77e-03	1.72e-01	4.12e-01	4.09e-01	0.00e+00	0.00e+00
 1.60037e+15	6.27e-10	5.64e-06	7.82e-03	1.86e-01	4.19e-01	3.87e-01	0.00e+00	0.00e+00
 1.65892e+15	8.20e-10	7.04e-06	9.29e-03	2.04e-01	4.26e-01	3.61e-01	0.00e+00	0.00e+00
 1.71834e+15	1.17e-09	9.26e-06	1.11e-02	2.23e-01	4.32e-01	3.34e-01	0.00e+00	0.00e+00
 1.76718e+15	1.49e-09	1.12e-05	1.27e-02	2.39e-01	4.36e-01	3.13e-01	0.00e+00	0.00e+00
 1.81769e+15	1.89e-09	1.35e-05	1.45e-02	2.55e-01	4.38e-01	2.93e-01	0.00e+00	0.00e+00
 1.88319e+15	2.48e-09	1.68e-05	1.70e-02	2.76e-01	4.39e-01	2.68e-01	0.00e+00	0.00e+00
 1.95013e+15	3.52e-09	2.19e-05	2.00e-02	2.98e-01	4.38e-01	2.43e-01	0.00e+00	0.00e+00
 2.00370e+15	4.42e-09	2.62e-05	2.26e-02	3.15e-01	4.37e-01	2.25e-01	0.00e+00	0.00e+00
 2.05790e+15	5.57e-09	3.14e-05	2.55e-02	3.33e-01	4.34e-01	2.08e-01	0.00e+00	0.00e+00
 2.12836e+15	7.34e-09	3.90e-05	2.96e-02	3.55e-01	4.28e-01	1.88e-01	0.00e+00	0.00e+00
 2.20003e+15	9.83e-09	4.89e-05	3.42e-02	3.77e-01	4.21e-01	1.68e-01	0.00e+00	0.00e+00
 2.25732e+15	1.22e-08	5.78e-05	3.82e-02	3.94e-01	4.14e-01	1.54e-01	0.00e+00	0.00e+00
 2.30473e+15	1.46e-08	6.61e-05	4.17e-02	4.07e-01	4.08e-01	1.43e-01	0.00e+00	0.00e+00
 2.35525e+15	1.76e-08	7.64e-05	4.57e-02	4.21e-01	4.01e-01	1.32e-01	0.00e+00	0.00e+00
 2.42093e+15	2.13e-08	8.91e-05	5.11e-02	4.39e-01	3.91e-01	1.19e-01	0.00e+00	0.00e+00
 2.49163e+15	2.84e-08	1.10e-04	5.78e-02	4.57e-01	3.79e-01	1.06e-01	0.00e+00	0.00e+00
 2.55232e+15	3.45e-08	1.28e-04	6.36e-02	4.72e-01	3.69e-01	9.57e-02	0.00e+00	0.00e+00
 2.60603e+15	4.02e-08	1.45e-04	6.91e-02	4.84e-01	3.59e-01	8.77e-02	0.00e+00	0.00e+00
 2.66723e+15	4.89e-08	1.68e-04	7.59e-02	4.97e-01	3.47e-01	7.90e-02	0.00e+00	0.00e+00
 2.73446e+15	6.38e-08	2.04e-04	8.43e-02	5.11e-01	3.34e-01	6.98e-02	0.00e+00	0.00e+00
 2.79674e+15	7.74e-08	2.36e-04	9.22e-02	5.23e-01	3.22e-01	6.26e-02	0.00e+00	0.00e+00
 2.85484e+15	9.28e-08	2.70e-04	1.00e-01	5.33e-01	3.10e-01	5.64e-02	0.00e+00	0.00e+00
 2.92033e+15	1.13e-07	3.13e-04	1.09e-01	5.43e-01	2.97e-01	5.01e-02	0.00e+00	0.00e+00
 2.99252e+15	1.43e-07	3.73e-04	1.21e-01	5.53e-01	2.82e-01	4.37e-02	0.00e+00	0.00e+00
 3.06250e+15	1.74e-07	4.33e-04	1.32e-01	5.61e-01	2.68e-01	3.84e-02	0.00e+00	0.00e+00
 3.12979e+15	2.06e-07	4.92e-04	1.43e-01	5.68e-01	2.54e-01	3.40e-02	0.00e+00	0.00e+00
 3.20450e+15	2.73e-07	6.03e-04	1.58e-01	5.74e-01	2.38e-01	2.89e-02	0.00e+00	0.00e+00
 3.27965e+15	3.34e-07	7.01e-04	1.73e-01	5.78e-01	2.23e-01	2.50e-02	0.00e+00	0.00e+00
 3.34162e+15	3.89e-07	7.88e-04	1.86e-01	5.80e-01	2.11e-01	2.21e-02	0.00e+00	0.00e+00
 3.40842e+15	4.73e-07	9.10e-04	2.01e-01	5.81e-01	1.98e-01	1.91e-02	0.00e+00	0.00e+00
 3.47981e+15	6.26e-07	1.11e-03	2.20e-01	5.80e-01	1.83e-01	1.61e-02	0.00e+00	0.00e+00
 3.53526e+15	7.33e-07	1.24e-03	2.34e-01	5.78e-01	1.73e-01	1.42e-02	0.00e+00	0.00e+00
 3.58540e+15	8.61e-07	1.40e-03	2.48e-01	5.75e-01	1.63e-01	1.26e-02	0.00e+00	0.00e+00
 3.63852e+15	1.01e-06	1.57e-03	2.63e-01	5.71e-01	1.53e-01	1.11e-02	0.00e+00	0.00e+00
 3.68438e+15	1.17e-06	1.75e-03	2.77e-01	5.67e-01	1.45e-01	9.88e-03	0.00e+00	0.00e+00
 3.72615e+15	1.33e-06	1.92e-03	2.90e-01	5.62e-01	1.37e-01	8.86e-03	0.00e+00	0.00e+00
 3.77376e+15	1.49e-06	2.09e-03	3.04e-01	5.57e-01	1.29e-01	7.89e-03	0.00e+00	0.00e+00
 3.83565e+15	1.94e-06	2.51e-03	3.28e-01	5.46e-01	1.17e-01	6.51e-03	0.00e+00	0.00e+00
 3.88881e+15	2.27e-06	2.82e-03	3.46e-01	5.37e-01	1.08e-01	5.63e-03	0.00e+00	0.00e+00
 3.92227e+15	2.54e-06	3.05e-03	3.58e-01	5.31e-01	1.03e-01	5.09e-03	0.00e+00	0.00e+00
 3.95740e+15	2.88e-06	3.34e-03	3.72e-01	5.23e-01	9.68e-02	4.55e-03	0.00e+00	0.00e+00
 4.00308e+15	3.22e-06	3.63e-03	3.89e-01	5.13e-01	8.97e-02	3.98e-03	0.00e+00	0.00e+00
 4.06246e+15	4.22e-06	4.39e-03	4.16e-01	4.97e-01	7.98e-02	3.19e-03	0.00e+00	0.00e+00
 4.11258e+15	4.75e-06	4.78e-03	4.35e-01	4.84e-01	7.30e-02	2.73e-03	0.00e+00	0.00e+00
 4.15066e+15	5.84e-06	5.51e-03	4.54e-01	4.71e-01	6.68e-02	2.31e-03	0.00e+00	0.00e+00
 4.18716e+15	6.67e-06	6.06e-03	4.71e-01	4.60e-01	6.18e-02	2.01e-03	0.00e+00	0.00e+00
 4.22161e+15	7.58e-06	6.63e-03	4.87e-01	4.48e-01	5.70e-02	1.74e-03	0.00e+00	0.00e+00
 4.26639e+15	9.10e-06	7.54e-03	5.08e-01	4.32e-01	5.10e-02	1.43e-03	0.00e+00	0.00e+00
 4.31086e+15	1.04e-05	8.31e-03	5.28e-01	4.17e-01	4.58e-02	1.19e-03	0.00e+00	0.00e+00
 4.34821e+15	1.29e-05	9.62e-03	5.48e-01	4.00e-01	4.09e-02	9.72e-04	0.00e+00	0.00e+00
 4.37901e+15	1.47e-05	1.05e-02	5.63e-01	3.88e-01	3.75e-02	8.37e-04	0.00e+00	0.00e+00
 4.40803e+15	1.66e-05	1.14e-02	5.78e-01	3.76e-01	3.43e-02	7.19e-04	0.00e+00	0.00e+00
 4.44575e+15	1.99e-05	1.30e-02	5.97e-01	3.59e-01	3.03e-02	5.78e-04	0.00e+00	0.00e+00
 4.48401e+15	2.33e-05	1.45e-02	6.15e-01	3.43e-01	2.68e-02	4.69e-04	0.00e+00	0.00e+00
 4.51632e+15	2.62e-05	1.57e-02	6.29e-01	3.30e-01	2.40e-02	3.91e-04	0.00e+00	0.00e+00
 4.55166e+15	3.25e-05	1.82e-02	6.48e-01	3.13e-01	2.08e-02	3.04e-04	0.00e+00	0.00e+00
 4.58042e+15	3.69e-05	1.98e-02	6.60e-01	3.01e-01	1.87e-02	2.54e-04	0.00e+00	0.00e+00
 4.59608e+15	3.97e-05	2.08e-02	6.67e-01	2.94e-01	1.76e-02	2.29e-04	0.00e+00	0.00e+00
 4.61193e+15	4.29e-05	2.20e-02	6.75e-01	2.87e-01	1.65e-02	2.04e-04	0.00e+00	0.00e+00
 4.63253e+15	4.74e-05	2.35e-02	6.84e-01	2.78e-01	1.51e-02	1.76e-04	0.00e+00	0.00e+00
 4.65931e+15	5.45e-05	2.58e-02	6.95e-01	2.65e-01	1.34e-02	1.44e-04	0.00e+00	0.00e+00
 4.68554e+15	6.15e-05	2.81e-02	7.05e-01	2.54e-01	1.19e-02	1.19e-04	0.00e+00	0.00e+00
 4.70621e+15	6.81e-05	3.00e-02	7.13e-01	2.46e-01	1.09e-02	1.01e-04	0.00e+00	0.00e+00
 4.72824e+15	7.62e-05	3.24e-02	7.22e-01	2.36e-01	9.74e-03	8.45e-05	0.00e+00	0.00e+00
 4.75276e+15	8.61e-05	3.52e-02	7.30e-01	2.26e-01	8.64e-03	6.91e-05	0.00e+00	0.00e+00
 4.77556e+15	9.63e-05	3.79e-02	7.38e-01	2.17e-01	7.72e-03	5.71e-05	0.00e+00	0.00e+00
 4.79668e+15	1.07e-04	4.07e-02	7.44e-01	2.08e-01	6.92e-03	4.76e-05	0.00e+00	0.00e+00
 4.82056e+15	1.21e-04	4.41e-02	7.51e-01	1.99e-01	6.09e-03	3.84e-05	0.00e+00	0.00e+00
 4.84636e+15	1.38e-04	4.81e-02	7.58e-01	1.89e-01	5.30e-03	3.05e-05	0.00e+00	0.00e+00
 4.86908e+15	1.54e-04	5.18e-02	7.63e-01	1.80e-01	4.69e-03	2.48e-05	0.00e+00	0.00e+00
 4.89308e+15	1.73e-04	5.60e-02	7.68e-01	1.71e-01	4.08e-03	1.98e-05	0.00e+00	0.00e+00
 4.91943e+15	1.97e-04	6.10e-02	7.73e-01	1.62e-01	3.51e-03	1.54e-05	0.00e+00	0.00e+00
 4.94327e+15	2.22e-04	6.59e-02	7.77e-01	1.54e-01	3.06e-03	1.22e-05	0.00e+00	0.00e+00
 4.96507e+15	2.47e-04	7.06e-02	7.80e-01	1.47e-01	2.69e-03	9.87e-06	0.00e+00	0.00e+00
 4.98981e+15	2.79e-04	7.66e-02	7.82e-01	1.38e-01	2.30e-03	7.66e-06	0.00e+00	0.00e+00
 5.01700e+15	3.19e-04	8.34e-02	7.84e-01	1.30e-01	1.95e-03	5.82e-06	0.00e+00	0.00e+00
 5.04194e+15	3.60e-04	9.02e-02	7.85e-01	1.23e-01	1.67e-03	4.51e-06	0.00e+00	0.00e+00
 5.06507e+15	4.03e-04	9.69e-02	7.85e-01	1.16e-01	1.44e-03	3.54e-06	0.00e+00	0.00e+00
 5.09127e+15	4.58e-04	1.05e-01	7.85e-01	1.08e-01	1.21e-03	2.66e-06	0.00e+00	0.00e+00
 5.12011e+15	5.27e-04	1.15e-01	7.83e-01	1.01e-01	9.98e-04	1.95e-06	0.00e+00	0.00e+00
 5.14622e+15	5.98e-04	1.25e-01	7.80e-01	9.37e-02	8.37e-04	1.47e-06	0.00e+00	0.00e+00
 5.17021e+15	6.73e-04	1.34e-01	7.77e-01	8.77e-02	7.10e-04	1.13e-06	0.00e+00	0.00e+00
 5.19760e+15	7.71e-04	1.46e-01	7.72e-01	8.10e-02	5.83e-04	8.23e-07	0.00e+00	0.00e+00
 5.22784e+15	8.93e-04	1.60e-01	7.65e-01	7.40e-02	4.70e-04	0.00e+00	0.00e+00	0.00e+00
 5.25543e+15	1.03e-03	1.74e-01	7.56e-01	6.79e-02	3.84e-04	0.00e+00	0.00e+00	0.00e+00
 5.28083e+15	1.16e-03	1.88e-01	7.48e-01	6.25e-02	3.17e-04	0.00e+00	0.00e+00	0.00e+00
 5.30974e+15	1.35e-03	2.05e-01	7.36e-01	5.66e-02	2.53e-04	0.00e+00	0.00e+00	0.00e+00
 5.34181e+15	1.58e-03	2.26e-01	7.21e-01	5.05e-02	1.96e-04	0.00e+00	0.00e+00	0.00e+00
 5.37135e+15	1.84e-03	2.48e-01	7.05e-01	4.51e-02	1.54e-04	0.00e+00	0.00e+00	0.00e+00
 5.39874e+15	2.12e-03	2.69e-01	6.88e-01	4.05e-02	1.23e-04	0.00e+00	0.00e+00	0.00e+00
 5.43000e+15	2.49e-03	2.96e-01	6.66e-01	3.54e-02	9.28e-05	0.00e+00	0.00e+00	0.00e+00
 5.46469e+15	3.00e-03	3.28e-01	6.39e-01	3.02e-02	6.76e-05	0.00e+00	0.00e+00	0.00e+00
 5.49707e+15	3.56e-03	3.61e-01	6.10e-01	2.58e-02	4.98e-05	0.00e+00	0.00e+00	0.00e+00
 5.52747e+15	4.20e-03	3.94e-01	5.80e-01	2.19e-02	3.67e-05	0.00e+00	0.00e+00	0.00e+00
 5.56209e+15	5.07e-03	4.35e-01	5.42e-01	1.79e-02	2.53e-05	0.00e+00	0.00e+00	0.00e+00
 5.59874e+15	6.23e-03	4.83e-01	4.96e-01	1.41e-02	1.66e-05	0.00e+00	0.00e+00	0.00e+00
 5.62920e+15	7.37e-03	5.25e-01	4.56e-01	1.14e-02	1.16e-05	0.00e+00	0.00e+00	0.00e+00
 5.65554e+15	8.57e-03	5.63e-01	4.20e-01	9.28e-03	8.22e-06	0.00e+00	0.00e+00	0.00e+00
 5.68537e+15	1.02e-02	6.06e-01	3.76e-01	7.20e-03	5.43e-06	0.00e+00	0.00e+00	0.00e+00
 5.71839e+15	1.23e-02	6.55e-01	3.28e-01	5.30e-03	3.34e-06	0.00e+00	0.00e+00	0.00e+00
 5.74829e+15	1.46e-02	6.99e-01	2.83e-01	3.88e-03	2.06e-06	0.00e+00	0.00e+00	0.00e+00
 5.77152e+15	1.68e-02	7.32e-01	2.48e-01	2.97e-03	1.38e-06	0.00e+00	0.00e+00	0.00e+00
 5.78905e+15	1.87e-02	7.56e-01	2.23e-01	2.40e-03	1.01e-06	0.00e+00	0.00e+00	0.00e+00
 5.80755e+15	2.09e-02	7.80e-01	1.97e-01	1.88e-03	7.02e-07	0.00e+00	0.00e+00	0.00e+00
 5.82844e+15	2.38e-02	8.06e-01	1.69e-01	1.40e-03	0.00e+00	0.00e+00	0.00e+00	0.00e+00
 5.84764e+15	2.68e-02	8.27e-01	1.45e-01	1.05e-03	0.00e+00	0.00e+00	0.00e+00	0.00e+00
 5.86412e+15	2.97e-02	8.43e-01	1.26e-01	8.12e-04	0.00e+00	0.00e+00	0.00e+00	0.00e+00
 5.88189e+15	3.32e-02	8.59e-01	1.07e-01	6.02e-04	0.00e+00	0.00e+00	0.00e+00	0.00e+00
 5.90107e+15	3.76e-02	8.73e-01	8.90e-02	4.27e-04	0.00e+00	0.00e+00	0.00e+00	0.00e+00
 5.91754e+15	4.20e-02	8.83e-01	7.46e-02	3.11e-04	0.00e+00	0.00e+00	0.00e+00	0.00e+00
 5.93145e+15	4.61e-02	8.90e-01	6.39e-02	2.36e-04	0.00e+00	0.00e+00	0.00e+00	0.00e+00
 5.94657e+15	5.12e-02	8.95e-01	5.34e-02	1.71e-04	0.00e+00	0.00e+00	0.00e+00	0.00e+00
 5.96330e+15	5.76e-02	8.99e-01	4.33e-02	1.18e-04	0.00e+00	0.00e+00	0.00e+00	0.00e+00
 5.97840e+15	6.42e-02	9.00e-01	3.55e-02	8.36e-05	0.00e+00	0.00e+00	0.00e+00	0.00e+00
 5.99180e+15	7.08e-02	9.00e-01	2.95e-02	6.06e-05	0.00e+00	0.00e+00	0.00e+00	0.00e+00
 6.00670e+15	7.92e-02	8.97e-01	2.38e-02	4.17e-05	0.00e+00	0.00e+00	0.00e+00	0.00e+00
 6.02317e+15	8.97e-02	8.92e-01	1.86e-02	2.71e-05	0.00e+00	0.00e+00	0.00e+00	0.00e+00
 6.03808e+15	1.01e-01	8.85e-01	1.47e-02	1.80e-05	0.00e+00	0.00e+00	0.00e+00	0.00e+00
 6.05134e+15	1.12e-01	8.76e-01	1.18e-02	1.24e-05	0.00e+00	0.00e+00	0.00e+00	0.00e+00
 6.06451e+15	1.24e-01	8.67e-01	9.39e-03	8.39e-06	0.00e+00	0.00e+00	0.00e+00	0.00e+00
 6.07783e+15	1.38e-01	8.55e-01	7.43e-03	5.61e-06	0.00e+00	0.00e+00	0.00e+00	0.00e+00
 6.09006e+15	1.52e-01	8.42e-01	5.93e-03	3.83e-06	0.00e+00	0.00e+00	0.00e+00	0.00e+00
 6.10077e+15	1.65e-01	8.31e-01	4.86e-03	2.72e-06	0.00e+00	0.00e+00	0.00e+00	0.00e+00
 6.11047e+15	1.78e-01	8.18e-01	4.03e-03	1.98e-06	0.00e+00	0.00e+00	0.00e+00	0.00e+00
 6.11975e+15	1.91e-01	8.06e-01	3.36e-03	1.46e-06	0.00e+00	0.00e+00	0.00e+00	0.00e+00
 6.12704e+15	2.01e-01	7.96e-01	2.92e-03	1.15e-06	0.00e+00	0.00e+00	0.00e+00	0.00e+00
 6.13172e+15	2.08e-01	7.89e-01	2.66e-03	9.81e-07	0.00e+00	0.00e+00	0.00e+00	0.00e+00
 6.13601e+15	2.15e-01	7.83e-01	2.43e-03	0.00e+00	0.00e+00	0.00e+00	0.00e+00	0.00e+00
 6.14102e+15	2.23e-01	7.75e-01	2.19e-03	0.00e+00	0.00e+00	0.00e+00	0.00e+00	0.00e+00
 6.14654e+15	2.32e-01	7.66e-01	1.96e-03	0.00e+00	0.00e+00	0.00e+00	0.00e+00	0.00e+00
 6.15191e+15	2.41e-01	7.58e-01	1.75e-03	0.00e+00	0.00e+00	0.00e+00	0.00e+00	0.00e+00
 6.15704e+15	2.49e-01	7.49e-01	1.57e-03	0.00e+00	0.00e+00	0.00e+00	0.00e+00	0.00e+00
 6.16205e+15	2.58e-01	7.41e-01	1.41e-03	0.00e+00	0.00e+00	0.00e+00	0.00e+00	0.00e+00
 6.16710e+15	2.67e-01	7.31e-01	1.27e-03	0.00e+00	0.00e+00	0.00e+00	0.00e+00	0.00e+00
 6.17226e+15	2.77e-01	7.22e-01	1.13e-03	0.00e+00	0.00e+00	0.00e+00	0.00e+00	0.00e+00
 6.17731e+15	2.86e-01	7.13e-01	1.02e-03	0.00e+00	0.00e+00	0.00e+00	0.00e+00	0.00e+00
 6.18229e+15	2.95e-01	7.04e-01	9.12e-04	0.00e+00	0.00e+00	0.00e+00	0.00e+00	0.00e+00
 6.18734e+15	3.05e-01	6.94e-01	8.15e-04	0.00e+00	0.00e+00	0.00e+00	0.00e+00	0.00e+00
 6.19239e+15	3.15e-01	6.85e-01	7.29e-04	0.00e+00	0.00e+00	0.00e+00	0.00e+00	0.00e+00
 6.19741e+15	3.24e-01	6.75e-01	6.51e-04	0.00e+00	0.00e+00	0.00e+00	0.00e+00	0.00e+00
 6.20241e+15	3.34e-01	6.65e-01	5.83e-04	0.00e+00	0.00e+00	0.00e+00	0.00e+00	0.00e+00
 6.20743e+15	3.45e-01	6.55e-01	5.20e-04	0.00e+00	0.00e+00	0.00e+00	0.00e+00	0.00e+00
 6.21250e+15	3.55e-01	6.45e-01	4.63e-04	0.00e+00	0.00e+00	0.00e+00	0.00e+00	0.00e+00
 6.21750e+15	3.65e-01	6.35e-01	4.14e-04	0.00e+00	0.00e+00	0.00e+00	0.00e+00	0.00e+00
 6.22246e+15	3.75e-01	6.25e-01	3.70e-04	0.00e+00	0.00e+00	0.00e+00	0.00e+00	0.00e+00
 6.22753e+15	3.85e-01	6.14e-01	3.29e-04	0.00e+00	0.00e+00	0.00e+00	0.00e+00	0.00e+00
 6.23260e+15	3.96e-01	6.04e-01	2.93e-04	0.00e+00	0.00e+00	0.00e+00	0.00e+00	0.00e+00
 6.23769e+15	4.07e-01	5.93e-01	2.60e-04	0.00e+00	0.00e+00	0.00e+00	0.00e+00	0.00e+00
 6.24284e+15	4.18e-01	5.82e-01	2.31e-04	0.00e+00	0.00e+00	0.00e+00	0.00e+00	0.00e+00
 6.24797e+15	4.29e-01	5.71e-01	2.06e-04	0.00e+00	0.00e+00	0.00e+00	0.00e+00	0.00e+00
 6.25312e+15	4.40e-01	5.60e-01	1.83e-04	0.00e+00	0.00e+00	0.00e+00	0.00e+00	0.00e+00
 6.25838e+15	4.51e-01	5.49e-01	1.62e-04	0.00e+00	0.00e+00	0.00e+00	0.00e+00	0.00e+00
 6.26371e+15	4.63e-01	5.37e-01	1.44e-04	0.00e+00	0.00e+00	0.00e+00	0.00e+00	0.00e+00
 6.26906e+15	4.75e-01	5.25e-01	1.27e-04	0.00e+00	0.00e+00	0.00e+00	0.00e+00	0.00e+00
 6.27438e+15	4.86e-01	5.13e-01	1.13e-04	0.00e+00	0.00e+00	0.00e+00	0.00e+00	0.00e+00
 6.27967e+15	4.98e-01	5.02e-01	1.01e-04	0.00e+00	0.00e+00	0.00e+00	0.00e+00	0.00e+00
 6.28500e+15	5.10e-01	4.90e-01	8.95e-05	0.00e+00	0.00e+00	0.00e+00	0.00e+00	0.00e+00
 6.29040e+15	5.22e-01	4.78e-01	7.96e-05	0.00e+00	0.00e+00	0.00e+00	0.00e+00	0.00e+00
 6.29588e+15	5.34e-01	4.65e-01	7.09e-05	0.00e+00	0.00e+00	0.00e+00	0.00e+00	0.00e+00
 6.30145e+15	5.47e-01	4.53e-01	6.32e-05	0.00e+00	0.00e+00	0.00e+00	0.00e+00	0.00e+00
 6.30712e+15	5.59e-01	4.41e-01	5.63e-05	0.00e+00	0.00e+00	0.00e+00	0.00e+00	0.00e+00
 6.31296e+15	5.72e-01	4.28e-01	5.03e-05	0.00e+00	0.00e+00	0.00e+00	0.00e+00	0.00e+00
 6.31900e+15	5.85e-01	4.15e-01	4.48e-05	0.00e+00	0.00e+00	0.00e+00	0.00e+00	0.00e+00
 6.32529e+15	5.99e-01	4.01e-01	3.99e-05	0.00e+00	0.00e+00	0.00e+00	0.00e+00	0.00e+00
 6.33181e+15	6.13e-01	3.87e-01	3.56e-05	0.00e+00	0.00e+00	0.00e+00	0.00e+00	0.00e+00
 6.33862e+15	6.27e-01	3.73e-01	3.18e-05	0.00e+00	0.00e+00	0.00e+00	0.00e+00	0.00e+00
 6.34593e+15	6.41e-01	3.59e-01	2.83e-05	0.00e+00	0.00e+00	0.00e+00	0.00e+00	0.00e+00
 6.35382e+15	6.54e-01	3.46e-01	2.53e-05	0.00e+00	0.00e+00	0.00e+00	0.00e+00	0.00e+00
 6.36244e+15	6.69e-01	3.31e-01	2.24e-05	0.00e+00	0.00e+00	0.00e+00	0.00e+00	0.00e+00
 6.37191e+15	6.84e-01	3.16e-01	1.99e-05	0.00e+00	0.00e+00	0.00e+00	0.00e+00	0.00e+00
 6.38233e+15	7.00e-01	3.00e-01	1.77e-05	0.00e+00	0.00e+00	0.00e+00	0.00e+00	0.00e+00
 6.39301e+15	7.14e-01	2.86e-01	1.59e-05	0.00e+00	0.00e+00	0.00e+00	0.00e+00	0.00e+00
 6.40346e+15	7.28e-01	2.72e-01	1.43e-05	0.00e+00	0.00e+00	0.00e+00	0.00e+00	0.00e+00
 6.41465e+15	7.39e-01	2.61e-01	1.31e-05	0.00e+00	0.00e+00	0.00e+00	0.00e+00	0.00e+00
 6.42683e+15	7.52e-01	2.48e-01	1.18e-05	0.00e+00	0.00e+00	0.00e+00	0.00e+00	0.00e+00
 6.43999e+15	7.63e-01	2.37e-01	1.08e-05	0.00e+00	0.00e+00	0.00e+00	0.00e+00	0.00e+00
 6.45393e+15	7.75e-01	2.25e-01	9.78e-06	0.00e+00	0.00e+00	0.00e+00	0.00e+00	0.00e+00
 6.46833e+15	7.87e-01	2.13e-01	8.87e-06	0.00e+00	0.00e+00	0.00e+00	0.00e+00	0.00e+00
 6.48372e+15	7.97e-01	2.03e-01	8.08e-06	0.00e+00	0.00e+00	0.00e+00	0.00e+00	0.00e+00
 6.49959e+15	8.08e-01	1.92e-01	7.33e-06	0.00e+00	0.00e+00	0.00e+00	0.00e+00	0.00e+00
 6.51532e+15	8.18e-01	1.82e-01	6.66e-06	0.00e+00	0.00e+00	0.00e+00	0.00e+00	0.00e+00
 6.53121e+15	8.28e-01	1.72e-01	6.05e-06	0.00e+00	0.00e+00	0.00e+00	0.00e+00	0.00e+00
 6.54726e+15	8.38e-01	1.62e-01	5.49e-06	0.00e+00	0.00e+00	0.00e+00	0.00e+00	0.00e+00
 6.56325e+15	8.47e-01	1.53e-01	4.99e-06	0.00e+00	0.00e+00	0.00e+00	0.00e+00	0.00e+00
 6.57903e+15	8.56e-01	1.44e-01	4.52e-06	0.00e+00	0.00e+00	0.00e+00	0.00e+00	0.00e+00
 6.59493e+15	8.64e-01	1.36e-01	4.11e-06	0.00e+00	0.00e+00	0.00e+00	0.00e+00	0.00e+00
 6.61044e+15	8.72e-01	1.28e-01	3.73e-06	0.00e+00	0.00e+00	0.00e+00	0.00e+00	0.00e+00
 6.62544e+15	8.79e-01	1.21e-01	3.40e-06	0.00e+00	0.00e+00	0.00e+00	0.00e+00	0.00e+00
 6.64051e+15	8.87e-01	1.13e-01	3.09e-06	0.00e+00	0.00e+00	0.00e+00	0.00e+00	0.00e+00
 6.65527e+15	8.93e-01	1.07e-01	2.82e-06	0.00e+00	0.00e+00	0.00e+00	0.00e+00	0.00e+00
 6.66959e+15	8.99e-01	1.01e-01	2.57e-06	0.00e+00	0.00e+00	0.00e+00	0.00e+00	0.00e+00
 6.68359e+15	9.05e-01	9.51e-02	2.35e-06	0.00e+00	0.00e+00	0.00e+00	0.00e+00	0.00e+00
 6.69733e+15	9.10e-01	8.97e-02	2.15e-06	0.00e+00	0.00e+00	0.00e+00	0.00e+00	0.00e+00
 6.71088e+15	9.15e-01	8.46e-02	1.97e-06	0.00e+00	0.00e+00	0.00e+00	0.00e+00	0.00e+00
 6.72437e+15	9.20e-01	7.97e-02	1.80e-06	0.00e+00	0.00e+00	0.00e+00	0.00e+00	0.00e+00
 6.73773e+15	9.25e-01	7.51e-02	1.65e-06	0.00e+00	0.00e+00	0.00e+00	0.00e+00	0.00e+00
 6.75086e+15	9.29e-01	7.08e-02	1.52e-06	0.00e+00	0.00e+00	0.00e+00	0.00e+00	0.00e+00
 6.76376e+15	9.33e-01	6.68e-02	1.39e-06	0.00e+00	0.00e+00	0.00e+00	0.00e+00	0.00e+00
 6.77648e+15	9.37e-01	6.30e-02	1.28e-06	0.00e+00	0.00e+00	0.00e+00	0.00e+00	0.00e+00
 6.78905e+15	9.41e-01	5.95e-02	1.18e-06	0.00e+00	0.00e+00	0.00e+00	0.00e+00	0.00e+00
 6.80146e+15	9.44e-01	5.62e-02	1.08e-06	0.00e+00	0.00e+00	0.00e+00	0.00e+00	0.00e+00
 6.81371e+15	9.47e-01	5.31e-02	9.98e-07	0.00e+00	0.00e+00	0.00e+00	0.00e+00	0.00e+00
 6.82577e+15	9.50e-01	5.02e-02	9.21e-07	0.00e+00	0.00e+00	0.00e+00	0.00e+00	0.00e+00
 6.83766e+15	9.53e-01	4.75e-02	8.51e-07	0.00e+00	0.00e+00	0.00e+00	0.00e+00	0.00e+00
 6.84947e+15	9.55e-01	4.49e-02	7.86e-07	0.00e+00	0.00e+00	0.00e+00	0.00e+00	0.00e+00
 6.86121e+15	9.57e-01	4.25e-02	7.27e-07	0.00e+00	0.00e+00	0.00e+00	0.00e+00	0.00e+00
 6.87285e+15	9.60e-01	4.03e-02	6.73e-07	0.00e+00	0.00e+00	0.00e+00	0.00e+00	0.00e+00
 6.88436e+15	9.62e-01	3.82e-02	6.24e-07	0.00e+00	0.00e+00	0.00e+00	0.00e+00	0.00e+00
 6.89578e+15	9.64e-01	3.62e-02	5.79e-07	0.00e+00	0.00e+00	0.00e+00	0.00e+00	0.00e+00
 6.90713e+15	9.66e-01	3.43e-02	5.37e-07	0.00e+00	0.00e+00	0.00e+00	0.00e+00	0.00e+00
 6.91843e+15	9.67e-01	3.26e-02	4.99e-07	0.00e+00	0.00e+00	0.00e+00	0.00e+00	0.00e+00
 6.92966e+15	9.69e-01	3.09e-02	4.63e-07	0.00e+00	0.00e+00	0.00e+00	0.00e+00	0.00e+00
 6.94086e+15	9.71e-01	2.94e-02	4.31e-07	0.00e+00	0.00e+00	0.00e+00	0.00e+00	0.00e+00
 6.95205e+15	9.72e-01	2.79e-02	4.01e-07	0.00e+00	0.00e+00	0.00e+00	0.00e+00	0.00e+00
 6.96323e+15	9.73e-01	2.65e-02	3.73e-07	0.00e+00	0.00e+00	0.00e+00	0.00e+00	0.00e+00
 6.97456e+15	9.75e-01	2.52e-02	3.47e-07	0.00e+00	0.00e+00	0.00e+00	0.00e+00	0.00e+00
 6.98613e+15	9.76e-01	2.39e-02	3.22e-07	0.00e+00	0.00e+00	0.00e+00	0.00e+00	0.00e+00
 6.99799e+15	9.77e-01	2.27e-02	2.99e-07	0.00e+00	0.00e+00	0.00e+00	0.00e+00	0.00e+00
 7.00996e+15	9.78e-01	2.15e-02	2.78e-07	0.00e+00	0.00e+00	0.00e+00	0.00e+00	0.00e+00
 7.02195e+15	9.80e-01	2.04e-02	2.58e-07	0.00e+00	0.00e+00	0.00e+00	0.00e+00	0.00e+00
 7.03419e+15	9.81e-01	1.94e-02	2.39e-07	0.00e+00	0.00e+00	0.00e+00	0.00e+00	0.00e+00
 7.04683e+15	9.82e-01	1.84e-02	2.22e-07	0.00e+00	0.00e+00	0.00e+00	0.00e+00	0.00e+00
 7.05999e+15	9.83e-01	1.74e-02	2.05e-07	0.00e+00	0.00e+00	0.00e+00	0.00e+00	0.00e+00
 7.07379e+15	9.84e-01	1.64e-02	1.89e-07	0.00e+00	0.00e+00	0.00e+00	0.00e+00	0.00e+00
 7.08839e+15	9.85e-01	1.55e-02	1.73e-07	0.00e+00	0.00e+00	0.00e+00	0.00e+00	0.00e+00
 7.10436e+15	9.85e-01	1.45e-02	1.58e-07	0.00e+00	0.00e+00	0.00e+00	0.00e+00	0.00e+00
 7.12183e+15	9.86e-01	1.35e-02	1.43e-07	0.00e+00	0.00e+00	0.00e+00	0.00e+00	0.00e+00
 7.14104e+15	9.87e-01	1.26e-02	1.28e-07	0.00e+00	0.00e+00	0.00e+00	0.00e+00	0.00e+00
 7.16316e+15	9.88e-01	1.16e-02	1.14e-07	0.00e+00	0.00e+00	0.00e+00	0.00e+00	0.00e+00
 7.18598e+15	9.89e-01	1.07e-02	1.01e-07	0.00e+00	0.00e+00	0.00e+00	0.00e+00	0.00e+00
 7.20674e+15	9.90e-01	9.99e-03	9.15e-08	0.00e+00	0.00e+00	0.00e+00	0.00e+00	0.00e+00
 7.22564e+15	9.91e-01	9.41e-03	8.36e-08	0.00e+00	0.00e+00	0.00e+00	0.00e+00	0.00e+00
 7.24283e+15	9.91e-01	8.93e-03	7.71e-08	0.00e+00	0.00e+00	0.00e+00	0.00e+00	0.00e+00
 7.25848e+15	9.91e-01	8.53e-03	7.18e-08	0.00e+00	0.00e+00	0.00e+00	0.00e+00	0.00e+00
 7.27272e+15	9.92e-01	8.19e-03	6.74e-08	0.00e+00	0.00e+00	0.00e+00	0.00e+00	0.00e+00
 7.28567e+15	9.92e-01	7.89e-03	6.37e-08	0.00e+00	0.00e+00	0.00e+00	0.00e+00	0.00e+00
 7.29987e+15	9.92e-01	7.59e-03	5.98e-08	0.00e+00	0.00e+00	0.00e+00	0.00e+00	0.00e+00
 7.31520e+15	9.93e-01	7.28e-03	5.61e-08	0.00e+00	0.00e+00	0.00e+00	0.00e+00	0.00e+00
 7.32915e+15	9.93e-01	7.02e-03	5.29e-08	0.00e+00	0.00e+00	0.00e+00	0.00e+00	0.00e+00
 7.34184e+15	9.93e-01	6.81e-03	5.04e-08	0.00e+00	0.00e+00	0.00e+00	0.00e+00	0.00e+00
 7.35575e+15	9.93e-01	6.59e-03	4.76e-08	0.00e+00	0.00e+00	0.00e+00	0.00e+00	0.00e+00
 7.37077e+15	9.94e-01	6.36e-03	4.49e-08	0.00e+00	0.00e+00	0.00e+00	0.00e+00	0.00e+00
 7.38443e+15	9.94e-01	6.17e-03	4.27e-08	0.00e+00	0.00e+00	0.00e+00	0.00e+00	0.00e+00
