#depth	O	O+	O+2	O+3	O+4	O+5	O+6	O+7	O+8	O[1]	O[2]	O[3]
 1.49634e+10	4.17e-46	1.50e-36	9.69e-28	6.24e-20	5.65e-13	5.78e-07	1.00e+00	0.00e+00	0.00e+00	0.00e+00	0.00e+00	0.00e+00
 4.54887e+10	0.00e+00	2.24e-36	1.35e-27	8.09e-20	6.80e-13	6.38e-07	1.00e+00	1.55e-08	0.00e+00	0.00e+00	0.00e+00	0.00e+00
 7.72350e+10	1.09e-45	3.35e-36	1.88e-27	1.05e-19	8.18e-13	7.03e-07	1.00e+00	0.00e+00	0.00e+00	0.00e+00	0.00e+00	0.00e+00
 1.10251e+11	0.00e+00	5.00e-36	2.61e-27	1.36e-19	9.84e-13	7.75e-07	1.00e+00	0.00e+00	0.00e+00	0.00e+00	0.00e+00	0.00e+00
 1.40492e+11	2.67e-45	7.09e-36	3.47e-27	1.70e-19	1.16e-12	8.46e-07	1.00e+00	0.00e+00	0.00e+00	0.00e+00	0.00e+00	0.00e+00
 1.66316e+11	0.00e+00	9.45e-36	4.40e-27	2.05e-19	1.33e-12	9.09e-07	1.00e+00	0.00e+00	0.00e+00	0.00e+00	0.00e+00	0.00e+00
 1.94869e+11	5.41e-45	1.28e-35	5.67e-27	2.51e-19	1.53e-12	9.82e-07	1.00e+00	0.00e+00	0.00e+00	0.00e+00	0.00e+00	0.00e+00
 2.26938e+11	0.00e+00	1.79e-35	7.46e-27	3.11e-19	1.79e-12	1.07e-06	1.00e+00	0.00e+00	0.00e+00	0.00e+00	0.00e+00	0.00e+00
 2.57324e+11	1.15e-44	2.42e-35	9.58e-27	3.80e-19	2.07e-12	1.16e-06	1.00e+00	0.00e+00	0.00e+00	0.00e+00	0.00e+00	0.00e+00
 2.90571e+11	0.00e+00	3.32e-35	1.25e-26	4.68e-19	2.41e-12	1.25e-06	1.00e+00	0.00e+00	0.00e+00	0.00e+00	0.00e+00	0.00e+00
 3.27524e+11	2.49e-44	4.65e-35	1.65e-26	5.86e-19	2.84e-12	1.37e-06	1.00e+00	0.00e+00	0.00e+00	0.00e+00	0.00e+00	0.00e+00
 3.62083e+11	0.00e+00	6.29e-35	2.12e-26	7.18e-19	3.29e-12	1.49e-06	1.00e+00	0.00e+00	0.00e+00	0.00e+00	0.00e+00	0.00e+00
 3.99796e+11	5.19e-44	8.64e-35	2.77e-26	8.87e-19	3.84e-12	1.62e-06	1.00e+00	0.00e+00	0.00e+00	0.00e+00	0.00e+00	0.00e+00
 4.42162e+11	0.00e+00	1.21e-34	3.68e-26	1.12e-18	4.54e-12	1.77e-06	1.00e+00	0.00e+00	0.00e+00	0.00e+00	0.00e+00	0.00e+00
 4.82491e+11	1.12e-43	1.66e-34	4.78e-26	1.38e-18	5.30e-12	1.93e-06	1.00e+00	0.00e+00	0.00e+00	0.00e+00	0.00e+00	0.00e+00
 5.26262e+11	0.00e+00	2.29e-34	6.27e-26	1.71e-18	6.22e-12	2.11e-06	1.00e+00	0.00e+00	0.00e+00	0.00e+00	0.00e+00	0.00e+00
 5.75218e+11	2.45e-43	3.23e-34	8.38e-26	2.17e-18	7.38e-12	2.32e-06	1.00e+00	0.00e+00	0.00e+00	0.00e+00	0.00e+00	0.00e+00
 6.22583e+11	0.00e+00	4.45e-34	1.10e-25	2.69e-18	8.66e-12	2.53e-06	1.00e+00	0.00e+00	0.00e+00	0.00e+00	0.00e+00	0.00e+00
 6.73360e+11	5.25e-43	6.18e-34	1.45e-25	3.37e-18	1.02e-11	2.77e-06	1.00e+00	0.00e+00	0.00e+00	0.00e+00	0.00e+00	0.00e+00
 7.30221e+11	0.00e+00	8.78e-34	1.95e-25	4.29e-18	1.22e-11	3.05e-06	1.00e+00	0.00e+00	0.00e+00	0.00e+00	0.00e+00	0.00e+00
 7.86580e+11	1.17e-42	1.22e-33	2.58e-25	5.39e-18	1.44e-11	3.35e-06	1.00e+00	0.00e+00	0.00e+00	0.00e+00	0.00e+00	0.00e+00
 8.45194e+11	0.00e+00	1.71e-33	3.42e-25	6.77e-18	1.70e-11	3.68e-06	1.00e+00	0.00e+00	0.00e+00	0.00e+00	0.00e+00	0.00e+00
 9.01801e+11	2.46e-42	2.32e-33	4.43e-25	8.36e-18	1.98e-11	4.01e-06	1.00e+00	0.00e+00	0.00e+00	0.00e+00	0.00e+00	0.00e+00
 9.47521e+11	0.00e+00	2.95e-33	5.43e-25	9.87e-18	2.23e-11	4.28e-06	1.00e+00	0.00e+00	0.00e+00	0.00e+00	0.00e+00	0.00e+00
 9.94341e+11	4.30e-42	3.74e-33	6.64e-25	1.16e-17	2.51e-11	4.58e-06	1.00e+00	0.00e+00	0.00e+00	0.00e+00	0.00e+00	0.00e+00
 1.05521e+12	0.00e+00	5.04e-33	8.56e-25	1.43e-17	2.91e-11	4.98e-06	1.00e+00	0.00e+00	0.00e+00	0.00e+00	0.00e+00	0.00e+00
 1.11919e+12	8.65e-42	6.81e-33	1.11e-24	1.76e-17	3.39e-11	5.42e-06	1.00e+00	0.00e+00	0.00e+00	0.00e+00	0.00e+00	0.00e+00
 1.17421e+12	0.00e+00	8.76e-33	1.37e-24	2.10e-17	3.84e-11	5.81e-06	1.00e+00	0.00e+00	0.00e+00	0.00e+00	0.00e+00	0.00e+00
 1.23270e+12	1.57e-41	1.14e-32	1.71e-24	2.51e-17	4.37e-11	6.24e-06	1.00e+00	0.00e+00	0.00e+00	0.00e+00	0.00e+00	0.00e+00
 1.30603e+12	0.00e+00	1.55e-32	2.23e-24	3.12e-17	5.10e-11	6.81e-06	1.00e+00	0.00e+00	0.00e+00	0.00e+00	0.00e+00	0.00e+00
 1.38127e+12	3.22e-41	2.11e-32	2.90e-24	3.86e-17	5.94e-11	7.43e-06	1.00e+00	0.00e+00	0.00e+00	0.00e+00	0.00e+00	0.00e+00
 1.44751e+12	0.00e+00	2.75e-32	3.63e-24	4.63e-17	6.77e-11	7.99e-06	1.00e+00	0.00e+00	0.00e+00	0.00e+00	0.00e+00	0.00e+00
 1.51946e+12	6.02e-41	3.62e-32	4.59e-24	5.61e-17	7.75e-11	8.62e-06	1.00e+00	0.00e+00	0.00e+00	0.00e+00	0.00e+00	0.00e+00
 1.59897e+12	0.00e+00	4.86e-32	5.91e-24	6.88e-17	8.96e-11	9.36e-06	1.00e+00	0.00e+00	0.00e+00	0.00e+00	0.00e+00	0.00e+00
 1.67237e+12	1.15e-40	6.33e-32	7.39e-24	8.26e-17	1.02e-10	1.01e-05	1.00e+00	0.00e+00	0.00e+00	0.00e+00	0.00e+00	0.00e+00
 1.75187e+12	0.00e+00	8.35e-32	9.36e-24	1.00e-16	1.17e-10	1.09e-05	1.00e+00	0.00e+00	0.00e+00	0.00e+00	0.00e+00	0.00e+00
 1.84045e+12	2.23e-40	1.12e-31	1.21e-23	1.23e-16	1.35e-10	1.18e-05	1.00e+00	0.00e+00	0.00e+00	0.00e+00	0.00e+00	0.00e+00
 1.92334e+12	0.00e+00	1.47e-31	1.52e-23	1.48e-16	1.54e-10	1.27e-05	1.00e+00	0.00e+00	0.00e+00	0.00e+00	0.00e+00	0.00e+00
 2.01358e+12	4.23e-40	1.96e-31	1.94e-23	1.80e-16	1.76e-10	1.37e-05	1.00e+00	0.00e+00	0.00e+00	0.00e+00	0.00e+00	0.00e+00
 2.11389e+12	0.00e+00	2.66e-31	2.51e-23	2.23e-16	2.05e-10	1.49e-05	1.00e+00	0.00e+00	0.00e+00	0.00e+00	0.00e+00	0.00e+00
 2.20759e+12	8.29e-40	3.51e-31	3.18e-23	2.70e-16	2.34e-10	1.60e-05	1.00e+00	0.00e+00	0.00e+00	0.00e+00	0.00e+00	0.00e+00
 2.30970e+12	0.00e+00	4.71e-31	4.09e-23	3.30e-16	2.68e-10	1.73e-05	1.00e+00	0.00e+00	0.00e+00	0.00e+00	0.00e+00	0.00e+00
 2.42384e+12	1.67e-39	6.44e-31	5.34e-23	4.09e-16	3.12e-10	1.89e-05	1.00e+00	0.00e+00	0.00e+00	0.00e+00	0.00e+00	0.00e+00
 2.53144e+12	0.00e+00	8.61e-31	6.83e-23	4.99e-16	3.58e-10	2.04e-05	1.00e+00	0.00e+00	0.00e+00	0.00e+00	0.00e+00	0.00e+00
 2.64915e+12	3.33e-39	1.17e-30	8.87e-23	6.14e-16	4.13e-10	2.21e-05	1.00e+00	0.00e+00	0.00e+00	0.00e+00	0.00e+00	0.00e+00
 2.78099e+12	0.00e+00	1.63e-30	1.17e-22	7.70e-16	4.82e-10	2.41e-05	1.00e+00	0.00e+00	0.00e+00	0.00e+00	0.00e+00	0.00e+00
 2.90595e+12	6.93e-39	2.21e-30	1.52e-22	9.46e-16	5.55e-10	2.61e-05	1.00e+00	0.00e+00	0.00e+00	0.00e+00	0.00e+00	0.00e+00
 3.03989e+12	0.00e+00	3.04e-30	1.99e-22	1.17e-15	6.43e-10	2.82e-05	1.00e+00	0.00e+00	0.00e+00	0.00e+00	0.00e+00	0.00e+00
 3.19141e+12	1.49e-38	4.29e-30	2.66e-22	1.48e-15	7.53e-10	3.09e-05	1.00e+00	0.00e+00	0.00e+00	0.00e+00	0.00e+00	0.00e+00
 3.34143e+12	0.00e+00	5.97e-30	3.52e-22	1.84e-15	8.76e-10	3.35e-05	1.00e+00	0.00e+00	0.00e+00	0.00e+00	0.00e+00	0.00e+00
 3.49744e+12	3.23e-38	8.35e-30	4.66e-22	2.30e-15	1.02e-09	3.64e-05	1.00e+00	0.00e+00	0.00e+00	0.00e+00	0.00e+00	0.00e+00
 3.66726e+12	0.00e+00	1.18e-29	6.25e-22	2.91e-15	1.19e-09	3.98e-05	1.00e+00	0.00e+00	0.00e+00	0.00e+00	0.00e+00	0.00e+00
 3.84388e+12	7.33e-38	1.69e-29	8.42e-22	3.67e-15	1.40e-09	4.33e-05	1.00e+00	0.00e+00	0.00e+00	0.00e+00	0.00e+00	0.00e+00
 4.01121e+12	0.00e+00	2.34e-29	1.10e-21	4.54e-15	1.61e-09	4.68e-05	1.00e+00	0.00e+00	0.00e+00	0.00e+00	0.00e+00	0.00e+00
 4.16188e+12	1.49e-37	3.12e-29	1.40e-21	5.47e-15	1.83e-09	5.01e-05	1.00e+00	0.00e+00	0.00e+00	0.00e+00	0.00e+00	0.00e+00
 4.30304e+12	0.00e+00	4.03e-29	1.74e-21	6.47e-15	2.05e-09	5.33e-05	1.00e+00	0.00e+00	0.00e+00	0.00e+00	0.00e+00	0.00e+00
 4.45893e+12	2.78e-37	5.33e-29	2.19e-21	7.76e-15	2.32e-09	5.70e-05	1.00e+00	0.00e+00	0.00e+00	0.00e+00	0.00e+00	0.00e+00
 4.63377e+12	0.00e+00	7.24e-29	2.82e-21	9.45e-15	2.64e-09	6.12e-05	1.00e+00	0.00e+00	0.00e+00	0.00e+00	0.00e+00	0.00e+00
 4.80008e+12	5.52e-37	9.58e-29	3.56e-21	1.13e-14	2.99e-09	6.53e-05	1.00e+00	0.00e+00	0.00e+00	0.00e+00	0.00e+00	0.00e+00
 4.98310e+12	0.00e+00	1.30e-28	4.58e-21	1.37e-14	3.40e-09	7.00e-05	1.00e+00	0.00e+00	0.00e+00	0.00e+00	0.00e+00	0.00e+00
 5.18754e+12	1.16e-36	1.80e-28	6.00e-21	1.69e-14	3.91e-09	7.54e-05	1.00e+00	0.00e+00	0.00e+00	0.00e+00	0.00e+00	0.00e+00
 5.37667e+12	0.00e+00	2.42e-28	7.64e-21	2.04e-14	4.44e-09	8.06e-05	1.00e+00	0.00e+00	0.00e+00	0.00e+00	0.00e+00	0.00e+00
 5.55205e+12	2.23e-36	3.15e-28	9.51e-21	2.42e-14	4.97e-09	8.56e-05	1.00e+00	0.00e+00	0.00e+00	0.00e+00	0.00e+00	0.00e+00
 5.75268e+12	0.00e+00	4.25e-28	1.22e-20	2.92e-14	5.63e-09	9.14e-05	1.00e+00	0.00e+00	0.00e+00	0.00e+00	0.00e+00	0.00e+00
 5.99836e+12	4.83e-36	6.07e-28	1.62e-20	3.64e-14	6.53e-09	9.87e-05	1.00e+00	0.00e+00	0.00e+00	0.00e+00	0.00e+00	0.00e+00
 6.24356e+12	0.00e+00	8.48e-28	2.14e-20	4.51e-14	7.54e-09	1.07e-04	1.00e+00	0.00e+00	0.00e+00	0.00e+00	0.00e+00	0.00e+00
 6.45641e+12	1.01e-35	1.13e-27	2.71e-20	5.39e-14	8.50e-09	1.13e-04	1.00e+00	0.00e+00	0.00e+00	0.00e+00	0.00e+00	0.00e+00
 6.68625e+12	0.00e+00	1.54e-27	3.47e-20	6.51e-14	9.64e-09	1.21e-04	1.00e+00	0.00e+00	0.00e+00	0.00e+00	0.00e+00	0.00e+00
 6.96745e+12	2.23e-35	2.21e-27	4.66e-20	8.13e-14	1.12e-08	1.30e-04	1.00e+00	0.00e+00	0.00e+00	0.00e+00	0.00e+00	0.00e+00
 7.25472e+12	0.00e+00	3.13e-27	6.19e-20	1.01e-13	1.29e-08	1.41e-04	1.00e+00	0.00e+00	0.00e+00	0.00e+00	0.00e+00	0.00e+00
 7.51385e+12	4.88e-35	4.28e-27	7.98e-20	1.22e-13	1.47e-08	1.50e-04	1.00e+00	0.00e+00	0.00e+00	0.00e+00	0.00e+00	0.00e+00
 7.79710e+12	7.26e-35	5.97e-27	1.04e-19	1.50e-13	1.68e-08	1.61e-04	1.00e+00	0.00e+00	0.00e+00	0.00e+00	0.00e+00	0.00e+00
 8.13130e+12	1.14e-34	8.73e-27	1.42e-19	1.89e-13	1.96e-08	1.74e-04	1.00e+00	0.00e+00	0.00e+00	0.00e+00	0.00e+00	0.00e+00
 8.46548e+12	1.74e-34	1.25e-26	1.89e-19	2.35e-13	2.27e-08	1.87e-04	1.00e+00	0.00e+00	0.00e+00	0.00e+00	0.00e+00	0.00e+00
 8.77917e+12	2.60e-34	1.74e-26	2.48e-19	2.88e-13	2.60e-08	2.00e-04	1.00e+00	0.00e+00	0.00e+00	0.00e+00	0.00e+00	0.00e+00
 9.12639e+12	3.99e-34	2.49e-26	3.30e-19	3.56e-13	3.00e-08	2.15e-04	1.00e+00	0.00e+00	0.00e+00	0.00e+00	0.00e+00	0.00e+00
 9.52138e+12	6.39e-34	3.68e-26	4.51e-19	4.51e-13	3.51e-08	2.33e-04	1.00e+00	0.00e+00	0.00e+00	0.00e+00	0.00e+00	0.00e+00
 9.91830e+12	9.95e-34	5.34e-26	6.10e-19	5.66e-13	4.08e-08	2.51e-04	1.00e+00	0.00e+00	0.00e+00	0.00e+00	0.00e+00	0.00e+00
 1.03311e+13	1.57e-33	7.82e-26	8.27e-19	7.11e-13	4.75e-08	2.71e-04	1.00e+00	0.00e+00	0.00e+00	0.00e+00	0.00e+00	0.00e+00
 1.07743e+13	2.53e-33	1.16e-25	1.13e-18	9.00e-13	5.56e-08	2.93e-04	1.00e+00	0.00e+00	0.00e+00	0.00e+00	0.00e+00	0.00e+00
 1.12352e+13	4.05e-33	1.72e-25	1.55e-18	1.14e-12	6.50e-08	3.17e-04	1.00e+00	0.00e+00	0.00e+00	0.00e+00	0.00e+00	0.00e+00
 1.16797e+13	6.22e-33	2.46e-25	2.08e-18	1.42e-12	7.52e-08	3.41e-04	1.00e+00	0.00e+00	0.00e+00	0.00e+00	0.00e+00	0.00e+00
 1.20949e+13	9.26e-33	3.42e-25	2.70e-18	1.73e-12	8.57e-08	3.63e-04	1.00e+00	0.00e+00	0.00e+00	0.00e+00	0.00e+00	0.00e+00
 1.24866e+13	1.33e-32	4.64e-25	3.44e-18	2.07e-12	9.67e-08	3.86e-04	1.00e+00	0.00e+00	0.00e+00	0.00e+00	0.00e+00	0.00e+00
 1.29142e+13	1.96e-32	6.38e-25	4.45e-18	2.50e-12	1.10e-07	4.11e-04	1.00e+00	0.00e+00	0.00e+00	0.00e+00	0.00e+00	0.00e+00
 1.33896e+13	2.93e-32	8.94e-25	5.84e-18	3.07e-12	1.26e-07	4.40e-04	1.00e+00	0.00e+00	0.00e+00	0.00e+00	0.00e+00	0.00e+00
 1.38349e+13	4.26e-32	1.22e-24	7.50e-18	3.70e-12	1.42e-07	4.68e-04	1.00e+00	0.00e+00	0.00e+00	0.00e+00	0.00e+00	0.00e+00
 1.43212e+13	6.35e-32	1.70e-24	9.77e-18	4.50e-12	1.62e-07	4.99e-04	1.00e+00	0.00e+00	0.00e+00	0.00e+00	0.00e+00	0.00e+00
 1.48706e+13	9.74e-32	2.43e-24	1.30e-17	5.58e-12	1.87e-07	5.36e-04	9.99e-01	0.00e+00	0.00e+00	0.00e+00	0.00e+00	0.00e+00
 1.53979e+13	1.43e-31	3.36e-24	1.69e-17	6.81e-12	2.14e-07	5.73e-04	9.99e-01	0.00e+00	0.00e+00	0.00e+00	0.00e+00	0.00e+00
 1.59788e+13	2.19e-31	4.79e-24	2.25e-17	8.42e-12	2.47e-07	6.14e-04	9.99e-01	0.00e+00	0.00e+00	0.00e+00	0.00e+00	0.00e+00
 1.66308e+13	3.48e-31	7.03e-24	3.06e-17	1.06e-11	2.87e-07	6.62e-04	9.99e-01	0.00e+00	0.00e+00	0.00e+00	0.00e+00	0.00e+00
 1.72546e+13	5.28e-31	9.97e-24	4.06e-17	1.31e-11	3.31e-07	7.11e-04	9.99e-01	0.00e+00	0.00e+00	0.00e+00	0.00e+00	0.00e+00
 1.79204e+13	8.02e-31	1.42e-23	5.42e-17	1.63e-11	3.82e-07	7.65e-04	9.99e-01	0.00e+00	0.00e+00	0.00e+00	0.00e+00	0.00e+00
 1.86671e+13	1.29e-30	2.11e-23	7.43e-17	2.06e-11	4.47e-07	8.26e-04	9.99e-01	0.00e+00	0.00e+00	0.00e+00	0.00e+00	0.00e+00
 1.93575e+13	1.92e-30	2.94e-23	9.79e-17	2.54e-11	5.14e-07	8.87e-04	9.99e-01	0.00e+00	0.00e+00	0.00e+00	0.00e+00	0.00e+00
 1.99536e+13	2.73e-30	3.95e-23	1.24e-16	3.02e-11	5.78e-07	9.40e-04	9.99e-01	0.00e+00	0.00e+00	0.00e+00	0.00e+00	0.00e+00
 2.06122e+13	3.88e-30	5.31e-23	1.59e-16	3.65e-11	6.55e-07	1.00e-03	9.99e-01	0.00e+00	0.00e+00	0.00e+00	0.00e+00	0.00e+00
 2.14191e+13	6.09e-30	7.73e-23	2.14e-16	4.55e-11	7.59e-07	1.08e-03	9.99e-01	0.00e+00	0.00e+00	0.00e+00	0.00e+00	0.00e+00
 2.22393e+13	9.14e-30	1.09e-22	2.85e-16	5.66e-11	8.78e-07	1.16e-03	9.99e-01	0.00e+00	0.00e+00	0.00e+00	0.00e+00	0.00e+00
 2.29753e+13	1.31e-29	1.48e-22	3.66e-16	6.83e-11	9.96e-07	1.24e-03	9.99e-01	0.00e+00	0.00e+00	0.00e+00	0.00e+00	0.00e+00
 2.37813e+13	1.96e-29	2.07e-22	4.78e-16	8.35e-11	1.14e-06	1.32e-03	9.99e-01	0.00e+00	0.00e+00	0.00e+00	0.00e+00	0.00e+00
 2.47366e+13	2.97e-29	2.95e-22	6.45e-16	1.05e-10	1.33e-06	1.43e-03	9.99e-01	0.00e+00	0.00e+00	0.00e+00	0.00e+00	0.00e+00
 2.56760e+13	4.61e-29	4.25e-22	8.63e-16	1.30e-10	1.53e-06	1.54e-03	9.98e-01	0.00e+00	0.00e+00	0.00e+00	0.00e+00	0.00e+00
 2.65344e+13	6.53e-29	5.73e-22	1.11e-15	1.58e-10	1.74e-06	1.64e-03	9.98e-01	0.00e+00	0.00e+00	0.00e+00	0.00e+00	0.00e+00
 2.74973e+13	9.65e-29	7.98e-22	1.46e-15	1.94e-10	2.00e-06	1.76e-03	9.98e-01	0.00e+00	0.00e+00	0.00e+00	0.00e+00	0.00e+00
 2.86173e+13	1.53e-28	1.17e-21	1.99e-15	2.45e-10	2.33e-06	1.90e-03	9.98e-01	0.00e+00	0.00e+00	0.00e+00	0.00e+00	0.00e+00
 2.97172e+13	2.27e-28	1.65e-21	2.66e-15	3.05e-10	2.70e-06	2.05e-03	9.98e-01	0.00e+00	0.00e+00	0.00e+00	0.00e+00	0.00e+00
 3.07533e+13	3.33e-28	2.27e-21	3.47e-15	3.73e-10	3.09e-06	2.20e-03	9.98e-01	0.00e+00	0.00e+00	0.00e+00	0.00e+00	0.00e+00
 3.19056e+13	4.99e-28	3.21e-21	4.61e-15	4.63e-10	3.56e-06	2.36e-03	9.98e-01	0.00e+00	0.00e+00	0.00e+00	0.00e+00	0.00e+00
 3.32117e+13	7.93e-28	4.73e-21	6.30e-15	5.85e-10	4.17e-06	2.56e-03	9.97e-01	0.00e+00	0.00e+00	0.00e+00	0.00e+00	0.00e+00
 3.45170e+13	1.18e-27	6.68e-21	8.47e-15	7.33e-10	4.84e-06	2.76e-03	9.97e-01	0.00e+00	0.00e+00	0.00e+00	0.00e+00	0.00e+00
 3.57364e+13	1.77e-27	9.34e-21	1.11e-14	8.98e-10	5.55e-06	2.96e-03	9.97e-01	0.00e+00	0.00e+00	0.00e+00	0.00e+00	0.00e+00
 3.70577e+13	2.58e-27	1.30e-20	1.47e-14	1.11e-09	6.39e-06	3.18e-03	9.97e-01	0.00e+00	0.00e+00	0.00e+00	0.00e+00	0.00e+00
 3.85382e+13	4.05e-27	1.89e-20	1.99e-14	1.40e-09	7.45e-06	3.43e-03	9.97e-01	0.00e+00	0.00e+00	0.00e+00	0.00e+00	0.00e+00
 3.99220e+13	5.83e-27	2.59e-20	2.62e-14	1.72e-09	8.55e-06	3.68e-03	9.96e-01	0.00e+00	0.00e+00	0.00e+00	0.00e+00	0.00e+00
 4.12026e+13	8.37e-27	3.51e-20	3.35e-14	2.07e-09	9.68e-06	3.92e-03	9.96e-01	0.00e+00	0.00e+00	0.00e+00	0.00e+00	0.00e+00
 4.24318e+13	1.13e-26	4.54e-20	4.21e-14	2.46e-09	1.09e-05	4.16e-03	9.96e-01	0.00e+00	0.00e+00	0.00e+00	0.00e+00	0.00e+00
 4.37962e+13	1.60e-26	6.12e-20	5.39e-14	2.96e-09	1.23e-05	4.43e-03	9.96e-01	0.00e+00	0.00e+00	0.00e+00	0.00e+00	0.00e+00
 4.53073e+13	2.35e-26	8.47e-20	7.02e-14	3.61e-09	1.40e-05	4.74e-03	9.95e-01	0.00e+00	0.00e+00	0.00e+00	0.00e+00	0.00e+00
 4.67154e+13	3.27e-26	1.12e-19	8.91e-14	4.33e-09	1.58e-05	5.03e-03	9.95e-01	0.00e+00	0.00e+00	0.00e+00	0.00e+00	0.00e+00
 4.82523e+13	4.56e-26	1.50e-19	1.15e-13	5.23e-09	1.80e-05	5.37e-03	9.95e-01	0.00e+00	0.00e+00	0.00e+00	0.00e+00	0.00e+00
 4.99759e+13	6.84e-26	2.11e-19	1.51e-13	6.44e-09	2.06e-05	5.75e-03	9.94e-01	0.00e+00	0.00e+00	0.00e+00	0.00e+00	0.00e+00
 5.16195e+13	9.51e-26	2.81e-19	1.94e-13	7.78e-09	2.34e-05	6.14e-03	9.94e-01	0.00e+00	0.00e+00	0.00e+00	0.00e+00	0.00e+00
 5.34334e+13	1.41e-25	3.90e-19	2.54e-13	9.54e-09	2.68e-05	6.57e-03	9.93e-01	0.00e+00	0.00e+00	0.00e+00	0.00e+00	0.00e+00
 5.54336e+13	2.05e-25	5.42e-19	3.38e-13	1.18e-08	3.09e-05	7.08e-03	9.93e-01	0.00e+00	0.00e+00	0.00e+00	0.00e+00	0.00e+00
 5.72753e+13	2.97e-25	7.40e-19	4.36e-13	1.44e-08	3.52e-05	7.55e-03	9.92e-01	0.00e+00	0.00e+00	0.00e+00	0.00e+00	0.00e+00
 5.92686e+13	4.21e-25	1.00e-18	5.69e-13	1.76e-08	4.02e-05	8.08e-03	9.92e-01	0.00e+00	0.00e+00	0.00e+00	0.00e+00	0.00e+00
 6.14962e+13	6.36e-25	1.42e-18	7.60e-13	2.18e-08	4.65e-05	8.70e-03	9.91e-01	0.00e+00	0.00e+00	0.00e+00	0.00e+00	0.00e+00
 6.35923e+13	8.92e-25	1.91e-18	9.85e-13	2.66e-08	5.30e-05	9.31e-03	9.91e-01	0.00e+00	0.00e+00	0.00e+00	0.00e+00	0.00e+00
 6.58810e+13	1.32e-24	2.68e-18	1.30e-12	3.28e-08	6.09e-05	9.98e-03	9.90e-01	0.00e+00	0.00e+00	0.00e+00	0.00e+00	0.00e+00
 6.84230e+13	1.93e-24	3.73e-18	1.74e-12	4.09e-08	7.07e-05	1.08e-02	9.89e-01	0.00e+00	0.00e+00	0.00e+00	0.00e+00	0.00e+00
 7.07929e+13	2.78e-24	5.10e-18	2.27e-12	5.01e-08	8.08e-05	1.15e-02	9.88e-01	0.00e+00	0.00e+00	0.00e+00	0.00e+00	0.00e+00
 7.33677e+13	4.01e-24	7.02e-18	3.00e-12	6.18e-08	9.29e-05	1.24e-02	9.88e-01	0.00e+00	0.00e+00	0.00e+00	0.00e+00	0.00e+00
 7.62485e+13	6.14e-24	1.01e-17	4.05e-12	7.75e-08	1.08e-04	1.34e-02	9.87e-01	0.00e+00	0.00e+00	0.00e+00	0.00e+00	0.00e+00
 7.89815e+13	8.60e-24	1.36e-17	5.31e-12	9.54e-08	1.24e-04	1.44e-02	9.85e-01	0.00e+00	0.00e+00	0.00e+00	0.00e+00	0.00e+00
 8.19077e+13	1.28e-23	1.92e-17	7.05e-12	1.18e-07	1.43e-04	1.55e-02	9.84e-01	0.00e+00	0.00e+00	0.00e+00	0.00e+00	0.00e+00
 8.52139e+13	1.88e-23	2.70e-17	9.56e-12	1.49e-07	1.67e-04	1.68e-02	9.83e-01	0.00e+00	0.00e+00	0.00e+00	0.00e+00	0.00e+00
 8.84588e+13	2.81e-23	3.81e-17	1.28e-11	1.86e-07	1.93e-04	1.81e-02	9.82e-01	0.00e+00	0.00e+00	0.00e+00	0.00e+00	0.00e+00
 9.18335e+13	4.01e-23	5.24e-17	1.70e-11	2.32e-07	2.24e-04	1.96e-02	9.80e-01	0.00e+00	0.00e+00	0.00e+00	0.00e+00	0.00e+00
 9.55367e+13	6.11e-23	7.55e-17	2.31e-11	2.93e-07	2.61e-04	2.12e-02	9.79e-01	0.00e+00	0.00e+00	0.00e+00	0.00e+00	0.00e+00
 9.91910e+13	8.70e-23	1.04e-16	3.08e-11	3.65e-07	3.03e-04	2.29e-02	9.77e-01	0.00e+00	0.00e+00	0.00e+00	0.00e+00	0.00e+00
 1.02203e+14	1.18e-22	1.36e-16	3.87e-11	4.35e-07	3.40e-04	2.44e-02	9.75e-01	0.00e+00	0.00e+00	0.00e+00	0.00e+00	0.00e+00
 1.04604e+14	1.48e-22	1.66e-16	4.62e-11	4.99e-07	3.72e-04	2.56e-02	9.74e-01	0.00e+00	0.00e+00	0.00e+00	0.00e+00	0.00e+00
 1.07259e+14	1.90e-22	2.07e-16	5.60e-11	5.78e-07	4.10e-04	2.69e-02	9.73e-01	0.00e+00	0.00e+00	0.00e+00	0.00e+00	0.00e+00
 1.10711e+14	2.57e-22	2.72e-16	7.13e-11	6.97e-07	4.64e-04	2.88e-02	9.71e-01	0.00e+00	0.00e+00	0.00e+00	0.00e+00	0.00e+00
 1.14420e+14	3.54e-22	3.62e-16	9.17e-11	8.45e-07	5.28e-04	3.08e-02	9.69e-01	0.00e+00	0.00e+00	0.00e+00	0.00e+00	0.00e+00
 1.17719e+14	4.69e-22	4.65e-16	1.14e-10	9.99e-07	5.89e-04	3.27e-02	9.67e-01	0.00e+00	0.00e+00	0.00e+00	0.00e+00	0.00e+00
 1.21266e+14	6.18e-22	5.98e-16	1.43e-10	1.19e-06	6.61e-04	3.48e-02	9.65e-01	0.00e+00	0.00e+00	0.00e+00	0.00e+00	0.00e+00
 1.25752e+14	8.75e-22	8.19e-16	1.88e-10	1.47e-06	7.60e-04	3.76e-02	9.62e-01	0.00e+00	0.00e+00	0.00e+00	0.00e+00	0.00e+00
 1.30294e+14	1.24e-21	1.12e-15	2.47e-10	1.81e-06	8.72e-04	4.04e-02	9.59e-01	0.00e+00	0.00e+00	0.00e+00	0.00e+00	0.00e+00
 1.34170e+14	1.64e-21	1.44e-15	3.08e-10	2.15e-06	9.77e-04	4.30e-02	9.56e-01	0.00e+00	0.00e+00	0.00e+00	0.00e+00	0.00e+00
 1.38345e+14	2.19e-21	1.88e-15	3.89e-10	2.58e-06	1.10e-03	4.58e-02	9.53e-01	0.00e+00	0.00e+00	0.00e+00	0.00e+00	0.00e+00
 1.43533e+14	3.09e-21	2.57e-15	5.15e-10	3.20e-06	1.27e-03	4.96e-02	9.49e-01	0.00e+00	0.00e+00	0.00e+00	0.00e+00	0.00e+00
 1.48833e+14	4.36e-21	3.52e-15	6.78e-10	3.95e-06	1.45e-03	5.35e-02	9.45e-01	0.00e+00	0.00e+00	0.00e+00	0.00e+00	0.00e+00
 1.53503e+14	5.89e-21	4.62e-15	8.58e-10	4.74e-06	1.64e-03	5.70e-02	9.41e-01	0.00e+00	0.00e+00	0.00e+00	0.00e+00	0.00e+00
 1.58562e+14	7.95e-21	6.10e-15	1.10e-09	5.72e-06	1.85e-03	6.10e-02	9.37e-01	0.00e+00	0.00e+00	0.00e+00	0.00e+00	0.00e+00
 1.64664e+14	1.14e-20	8.51e-15	1.46e-09	7.14e-06	2.14e-03	6.61e-02	9.32e-01	0.00e+00	0.00e+00	0.00e+00	0.00e+00	0.00e+00
 1.70720e+14	1.61e-20	1.17e-14	1.93e-09	8.82e-06	2.45e-03	7.13e-02	9.26e-01	0.00e+00	0.00e+00	0.00e+00	0.00e+00	0.00e+00
 1.76113e+14	2.18e-20	1.54e-14	2.45e-09	1.06e-05	2.76e-03	7.59e-02	9.21e-01	0.00e+00	0.00e+00	0.00e+00	0.00e+00	0.00e+00
 1.82052e+14	2.99e-20	2.06e-14	3.15e-09	1.28e-05	3.13e-03	8.13e-02	9.16e-01	0.00e+00	0.00e+00	0.00e+00	0.00e+00	0.00e+00
 1.89132e+14	4.34e-20	2.89e-14	4.22e-09	1.60e-05	3.61e-03	8.79e-02	9.08e-01	0.00e+00	0.00e+00	0.00e+00	0.00e+00	0.00e+00
 1.96175e+14	6.20e-20	4.00e-14	5.58e-09	1.98e-05	4.14e-03	9.46e-02	9.01e-01	0.00e+00	0.00e+00	0.00e+00	0.00e+00	0.00e+00
 2.02635e+14	8.44e-20	5.33e-14	7.15e-09	2.39e-05	4.67e-03	1.01e-01	8.94e-01	0.00e+00	0.00e+00	0.00e+00	0.00e+00	0.00e+00
 2.09856e+14	1.18e-19	7.24e-14	9.35e-09	2.93e-05	5.32e-03	1.08e-01	8.86e-01	0.00e+00	0.00e+00	0.00e+00	0.00e+00	0.00e+00
 2.18230e+14	1.76e-19	1.04e-13	1.26e-08	3.67e-05	6.15e-03	1.17e-01	8.77e-01	0.00e+00	0.00e+00	0.00e+00	0.00e+00	0.00e+00
 2.26445e+14	2.54e-19	1.46e-13	1.68e-08	4.54e-05	7.04e-03	1.26e-01	8.67e-01	0.00e+00	0.00e+00	0.00e+00	0.00e+00	0.00e+00
 2.34256e+14	3.51e-19	1.96e-13	2.17e-08	5.51e-05	7.97e-03	1.34e-01	8.58e-01	0.00e+00	0.00e+00	0.00e+00	0.00e+00	0.00e+00
 2.41123e+14	4.80e-19	2.58e-13	2.71e-08	6.51e-05	8.86e-03	1.42e-01	8.49e-01	0.00e+00	0.00e+00	0.00e+00	0.00e+00	0.00e+00
 2.46815e+14	6.09e-19	3.20e-13	3.25e-08	7.44e-05	9.64e-03	1.48e-01	8.42e-01	0.00e+00	0.00e+00	0.00e+00	0.00e+00	0.00e+00
 2.53060e+14	7.83e-19	4.03e-13	3.93e-08	8.58e-05	1.06e-02	1.55e-01	8.34e-01	0.00e+00	0.00e+00	0.00e+00	0.00e+00	0.00e+00
 2.61179e+14	1.08e-18	5.39e-13	5.01e-08	1.03e-04	1.18e-02	1.65e-01	8.23e-01	0.00e+00	0.00e+00	0.00e+00	0.00e+00	0.00e+00
 2.69714e+14	1.47e-18	7.17e-13	6.40e-08	1.23e-04	1.33e-02	1.74e-01	8.12e-01	0.00e+00	0.00e+00	0.00e+00	0.00e+00	0.00e+00
 2.77078e+14	1.95e-18	9.22e-13	7.87e-08	1.43e-04	1.46e-02	1.83e-01	8.02e-01	0.00e+00	0.00e+00	0.00e+00	0.00e+00	0.00e+00
 2.84937e+14	2.67e-18	1.21e-12	9.75e-08	1.68e-04	1.61e-02	1.92e-01	7.91e-01	0.00e+00	0.00e+00	0.00e+00	0.00e+00	0.00e+00
 2.95155e+14	3.86e-18	1.68e-12	1.28e-07	2.05e-04	1.82e-02	2.05e-01	7.77e-01	0.00e+00	0.00e+00	0.00e+00	0.00e+00	0.00e+00
 3.05648e+14	5.39e-18	2.29e-12	1.66e-07	2.49e-04	2.06e-02	2.17e-01	7.62e-01	0.00e+00	0.00e+00	0.00e+00	0.00e+00	0.00e+00
 3.14388e+14	7.48e-18	3.03e-12	2.06e-07	2.91e-04	2.27e-02	2.27e-01	7.50e-01	0.00e+00	0.00e+00	0.00e+00	0.00e+00	0.00e+00
 3.23639e+14	9.92e-18	3.92e-12	2.57e-07	3.42e-04	2.51e-02	2.38e-01	7.36e-01	0.00e+00	0.00e+00	0.00e+00	0.00e+00	0.00e+00
 3.35459e+14	1.50e-17	5.57e-12	3.37e-07	4.16e-04	2.83e-02	2.52e-01	7.19e-01	0.00e+00	0.00e+00	0.00e+00	0.00e+00	0.00e+00
 3.47871e+14	2.20e-17	7.82e-12	4.43e-07	5.08e-04	3.20e-02	2.67e-01	7.01e-01	0.00e+00	0.00e+00	0.00e+00	0.00e+00	0.00e+00
 3.58904e+14	3.11e-17	1.05e-11	5.60e-07	6.01e-04	3.55e-02	2.79e-01	6.85e-01	0.00e+00	0.00e+00	1.79e-17	9.44e-18	3.32e-18
 3.70896e+14	4.39e-17	1.42e-11	7.15e-07	7.17e-04	3.95e-02	2.93e-01	6.67e-01	0.00e+00	0.00e+00	2.52e-17	1.34e-17	4.66e-18
 3.85243e+14	6.66e-17	2.03e-11	9.48e-07	8.79e-04	4.46e-02	3.09e-01	6.46e-01	0.00e+00	0.00e+00	3.82e-17	2.03e-17	7.01e-18
 3.99481e+14	9.75e-17	2.82e-11	1.24e-06	1.06e-03	5.01e-02	3.24e-01	6.25e-01	0.00e+00	0.00e+00	5.60e-17	2.97e-17	1.02e-17
 4.12385e+14	1.38e-16	3.79e-11	1.56e-06	1.26e-03	5.53e-02	3.37e-01	6.07e-01	0.00e+00	0.00e+00	7.90e-17	4.18e-17	1.44e-17
 4.26726e+14	1.93e-16	5.11e-11	2.00e-06	1.50e-03	6.15e-02	3.51e-01	5.86e-01	0.00e+00	0.00e+00	1.11e-16	5.86e-17	2.01e-17
 4.43543e+14	3.02e-16	7.42e-11	2.66e-06	1.83e-03	6.91e-02	3.67e-01	5.62e-01	0.00e+00	0.00e+00	1.74e-16	9.16e-17	3.12e-17
 4.60130e+14	4.49e-16	1.04e-10	3.45e-06	2.20e-03	7.70e-02	3.82e-01	5.39e-01	0.00e+00	0.00e+00	2.59e-16	1.36e-16	4.62e-17
 4.75685e+14	6.44e-16	1.41e-10	4.38e-06	2.60e-03	8.48e-02	3.95e-01	5.18e-01	0.00e+00	0.00e+00	3.71e-16	1.96e-16	6.60e-17
 4.93047e+14	9.17e-16	1.91e-10	5.63e-06	3.11e-03	9.39e-02	4.08e-01	4.95e-01	0.00e+00	0.00e+00	5.29e-16	2.78e-16	9.37e-17
 5.12799e+14	1.46e-15	2.79e-10	7.43e-06	3.77e-03	1.05e-01	4.23e-01	4.69e-01	0.00e+00	0.00e+00	8.45e-16	4.45e-16	1.49e-16
 5.32331e+14	2.20e-15	3.90e-10	9.62e-06	4.50e-03	1.16e-01	4.35e-01	4.45e-01	0.00e+00	0.00e+00	1.27e-15	6.66e-16	2.22e-16
 5.48353e+14	3.02e-15	5.08e-10	1.18e-05	5.18e-03	1.25e-01	4.44e-01	4.25e-01	0.00e+00	0.00e+00	1.75e-15	9.16e-16	3.05e-16
 5.60870e+14	3.85e-15	6.20e-10	1.37e-05	5.76e-03	1.33e-01	4.51e-01	4.11e-01	0.00e+00	0.00e+00	2.23e-15	1.17e-15	3.88e-16
 5.74573e+14	4.95e-15	7.63e-10	1.62e-05	6.44e-03	1.41e-01	4.57e-01	3.95e-01	0.00e+00	0.00e+00	2.86e-15	1.50e-15	4.98e-16
 5.92386e+14	6.86e-15	9.96e-10	1.99e-05	7.41e-03	1.52e-01	4.65e-01	3.76e-01	0.00e+00	0.00e+00	3.97e-15	2.08e-15	6.89e-16
 6.11690e+14	9.77e-15	1.32e-09	2.46e-05	8.56e-03	1.65e-01	4.72e-01	3.55e-01	0.00e+00	0.00e+00	5.65e-15	2.96e-15	9.78e-16
 6.29039e+14	1.32e-14	1.69e-09	2.95e-05	9.69e-03	1.76e-01	4.77e-01	3.38e-01	0.00e+00	0.00e+00	7.62e-15	3.99e-15	1.32e-15
 6.47699e+14	1.78e-14	2.15e-09	3.57e-05	1.10e-02	1.88e-01	4.81e-01	3.20e-01	0.00e+00	0.00e+00	1.03e-14	5.40e-15	1.78e-15
 6.71425e+14	2.64e-14	2.95e-09	4.50e-05	1.29e-02	2.03e-01	4.86e-01	2.98e-01	0.00e+00	0.00e+00	1.53e-14	8.00e-15	2.63e-15
 6.95443e+14	3.78e-14	3.93e-09	5.62e-05	1.49e-02	2.19e-01	4.88e-01	2.77e-01	0.00e+00	0.00e+00	2.19e-14	1.15e-14	3.76e-15
 7.15673e+14	4.98e-14	4.93e-09	6.73e-05	1.68e-02	2.32e-01	4.90e-01	2.61e-01	0.00e+00	0.00e+00	2.89e-14	1.51e-14	4.95e-15
 7.37273e+14	6.79e-14	6.30e-09	8.10e-05	1.90e-02	2.47e-01	4.90e-01	2.45e-01	0.00e+00	0.00e+00	3.94e-14	2.06e-14	6.74e-15
 7.64487e+14	1.04e-13	8.71e-09	1.01e-04	2.19e-02	2.64e-01	4.89e-01	2.25e-01	0.00e+00	0.00e+00	6.02e-14	3.15e-14	1.03e-14
 7.92703e+14	1.51e-13	1.17e-08	1.26e-04	2.53e-02	2.83e-01	4.86e-01	2.06e-01	0.00e+00	0.00e+00	8.79e-14	4.59e-14	1.50e-14
 8.17590e+14	2.07e-13	1.49e-08	1.52e-04	2.85e-02	2.98e-01	4.82e-01	1.91e-01	0.00e+00	0.00e+00	1.20e-13	6.27e-14	2.04e-14
 8.44442e+14	2.79e-13	1.90e-08	1.83e-04	3.21e-02	3.15e-01	4.76e-01	1.76e-01	0.00e+00	0.00e+00	1.62e-13	8.47e-14	2.75e-14
 8.76827e+14	4.26e-13	2.61e-08	2.29e-04	3.69e-02	3.34e-01	4.69e-01	1.59e-01	0.00e+00	0.00e+00	2.47e-13	1.29e-13	4.20e-14
 9.08933e+14	6.17e-13	3.46e-08	2.81e-04	4.20e-02	3.53e-01	4.60e-01	1.44e-01	0.00e+00	0.00e+00	3.58e-13	1.87e-13	6.07e-14
 9.37651e+14	8.22e-13	4.33e-08	3.35e-04	4.68e-02	3.69e-01	4.52e-01	1.32e-01	0.00e+00	0.00e+00	4.78e-13	2.50e-13	8.09e-14
 9.69436e+14	1.15e-12	5.59e-08	4.04e-04	5.25e-02	3.86e-01	4.41e-01	1.20e-01	0.00e+00	0.00e+00	6.68e-13	3.49e-13	1.13e-13
 1.00716e+15	1.79e-12	7.71e-08	5.00e-04	5.98e-02	4.05e-01	4.28e-01	1.07e-01	0.00e+00	0.00e+00	1.04e-12	5.43e-13	1.76e-13
 1.04291e+15	2.54e-12	1.00e-07	6.05e-04	6.69e-02	4.22e-01	4.15e-01	9.56e-02	0.00e+00	0.00e+00	1.48e-12	7.71e-13	2.49e-13
 1.07364e+15	3.41e-12	1.25e-07	7.07e-04	7.34e-02	4.35e-01	4.04e-01	8.70e-02	0.00e+00	0.00e+00	1.98e-12	1.03e-12	3.34e-13
 1.10755e+15	4.60e-12	1.56e-07	8.33e-04	8.09e-02	4.49e-01	3.91e-01	7.85e-02	0.00e+00	0.00e+00	2.68e-12	1.40e-12	4.52e-13
 1.14926e+15	6.76e-12	2.07e-07	1.01e-03	9.05e-02	4.65e-01	3.74e-01	6.91e-02	0.00e+00	0.00e+00	3.93e-12	2.05e-12	6.63e-13
 1.19148e+15	9.54e-12	2.67e-07	1.22e-03	1.01e-01	4.79e-01	3.58e-01	6.09e-02	0.00e+00	0.00e+00	5.55e-12	2.90e-12	9.35e-13
 1.22552e+15	1.23e-11	3.24e-07	1.40e-03	1.09e-01	4.90e-01	3.45e-01	5.50e-02	0.00e+00	0.00e+00	7.14e-12	3.73e-12	1.20e-12
 1.25856e+15	1.60e-11	3.92e-07	1.61e-03	1.18e-01	4.99e-01	3.32e-01	4.98e-02	0.00e+00	0.00e+00	9.30e-12	4.86e-12	1.57e-12
 1.30151e+15	2.34e-11	5.11e-07	1.90e-03	1.29e-01	5.09e-01	3.16e-01	4.37e-02	0.00e+00	0.00e+00	1.36e-11	7.10e-12	2.29e-12
 1.34382e+15	3.15e-11	6.36e-07	2.23e-03	1.41e-01	5.18e-01	3.00e-01	3.86e-02	0.00e+00	0.00e+00	1.83e-11	9.56e-12	3.09e-12
 1.37803e+15	3.93e-11	7.51e-07	2.51e-03	1.50e-01	5.24e-01	2.88e-01	3.49e-02	0.00e+00	0.00e+00	2.28e-11	1.19e-11	3.85e-12
 1.41526e+15	5.08e-11	9.04e-07	2.86e-03	1.61e-01	5.30e-01	2.75e-01	3.13e-02	0.00e+00	0.00e+00	2.95e-11	1.54e-11	4.98e-12
 1.46367e+15	7.39e-11	1.17e-06	3.37e-03	1.75e-01	5.36e-01	2.59e-01	2.71e-02	0.00e+00	0.00e+00	4.30e-11	2.25e-11	7.25e-12
 1.51269e+15	9.64e-11	1.43e-06	3.92e-03	1.89e-01	5.41e-01	2.43e-01	2.36e-02	0.00e+00	0.00e+00	5.61e-11	2.93e-11	9.46e-12
 1.55436e+15	1.33e-10	1.78e-06	4.47e-03	2.02e-01	5.43e-01	2.30e-01	2.08e-02	0.00e+00	0.00e+00	7.73e-11	4.04e-11	1.31e-11
 1.60037e+15	1.76e-10	2.17e-06	5.11e-03	2.15e-01	5.45e-01	2.16e-01	1.82e-02	0.00e+00	0.00e+00	1.03e-10	5.37e-11	1.73e-11
 1.65892e+15	2.35e-10	2.69e-06	6.00e-03	2.33e-01	5.45e-01	2.00e-01	1.55e-02	0.00e+00	0.00e+00	1.36e-10	7.14e-11	2.31e-11
 1.71834e+15	3.51e-10	3.53e-06	7.06e-03	2.52e-01	5.44e-01	1.84e-01	1.30e-02	0.00e+00	0.00e+00	2.04e-10	1.07e-10	3.45e-11
 1.76718e+15	4.58e-10	4.26e-06	8.00e-03	2.66e-01	5.42e-01	1.72e-01	1.14e-02	0.00e+00	0.00e+00	2.66e-10	1.39e-10	4.50e-11
 1.81769e+15	5.93e-10	5.13e-06	9.06e-03	2.82e-01	5.39e-01	1.61e-01	9.89e-03	0.00e+00	0.00e+00	3.45e-10	1.81e-10	5.84e-11
 1.88319e+15	7.95e-10	6.35e-06	1.06e-02	3.02e-01	5.33e-01	1.47e-01	8.27e-03	0.00e+00	0.00e+00	4.63e-10	2.42e-10	7.83e-11
 1.95013e+15	1.18e-09	8.30e-06	1.23e-02	3.22e-01	5.25e-01	1.33e-01	6.84e-03	0.00e+00	0.00e+00	6.89e-10	3.61e-10	1.17e-10
 2.00370e+15	1.53e-09	9.92e-06	1.39e-02	3.38e-01	5.18e-01	1.24e-01	5.91e-03	0.00e+00	0.00e+00	8.89e-10	4.65e-10	1.51e-10
 2.05790e+15	1.98e-09	1.19e-05	1.56e-02	3.54e-01	5.11e-01	1.14e-01	5.10e-03	0.00e+00	0.00e+00	1.15e-09	6.03e-10	1.95e-10
 2.12836e+15	2.69e-09	1.48e-05	1.80e-02	3.75e-01	5.00e-01	1.03e-01	4.22e-03	0.00e+00	0.00e+00	1.57e-09	8.21e-10	2.66e-10
 2.20003e+15	3.76e-09	1.86e-05	2.07e-02	3.95e-01	4.88e-01	9.30e-02	3.47e-03	0.00e+00	0.00e+00	2.19e-09	1.15e-09	3.72e-10
 2.25732e+15	4.81e-09	2.21e-05	2.31e-02	4.11e-01	4.77e-01	8.56e-02	2.98e-03	0.00e+00	0.00e+00	2.80e-09	1.47e-09	4.76e-10
 2.30473e+15	5.85e-09	2.54e-05	2.52e-02	4.24e-01	4.69e-01	7.98e-02	2.63e-03	0.00e+00	0.00e+00	3.41e-09	1.79e-09	5.79e-10
 2.35525e+15	7.24e-09	2.94e-05	2.76e-02	4.37e-01	4.59e-01	7.40e-02	2.30e-03	0.00e+00	0.00e+00	4.22e-09	2.21e-09	7.17e-10
 2.42093e+15	8.97e-09	3.45e-05	3.09e-02	4.54e-01	4.46e-01	6.73e-02	1.94e-03	0.00e+00	0.00e+00	5.22e-09	2.74e-09	8.89e-10
 2.49163e+15	1.25e-08	4.32e-05	3.50e-02	4.72e-01	4.31e-01	6.04e-02	1.60e-03	0.00e+00	0.00e+00	7.30e-09	3.83e-09	1.24e-09
 2.55232e+15	1.56e-08	5.04e-05	3.87e-02	4.86e-01	4.19e-01	5.52e-02	1.37e-03	0.00e+00	0.00e+00	9.08e-09	4.76e-09	1.55e-09
 2.60603e+15	1.86e-08	5.73e-05	4.22e-02	4.98e-01	4.08e-01	5.09e-02	1.19e-03	0.00e+00	0.00e+00	1.08e-08	5.68e-09	1.85e-09
 2.66723e+15	2.33e-08	6.71e-05	4.66e-02	5.12e-01	3.94e-01	4.64e-02	1.02e-03	0.00e+00	0.00e+00	1.36e-08	7.11e-09	2.31e-09
 2.73446e+15	3.17e-08	8.26e-05	5.20e-02	5.26e-01	3.80e-01	4.16e-02	8.42e-04	0.00e+00	0.00e+00	1.85e-08	9.69e-09	3.16e-09
 2.79674e+15	3.96e-08	9.66e-05	5.72e-02	5.38e-01	3.66e-01	3.78e-02	7.16e-04	0.00e+00	0.00e+00	2.31e-08	1.21e-08	3.94e-09
 2.85484e+15	4.89e-08	1.12e-04	6.26e-02	5.49e-01	3.54e-01	3.45e-02	6.14e-04	0.00e+00	0.00e+00	2.85e-08	1.50e-08	4.87e-09
 2.92033e+15	6.12e-08	1.31e-04	6.90e-02	5.60e-01	3.39e-01	3.11e-02	5.17e-04	0.00e+00	0.00e+00	3.56e-08	1.87e-08	6.10e-09
 2.99252e+15	8.05e-08	1.59e-04	7.70e-02	5.71e-01	3.24e-01	2.76e-02	4.25e-04	0.00e+00	0.00e+00	4.69e-08	2.46e-08	8.03e-09
 3.06250e+15	1.01e-07	1.87e-04	8.52e-02	5.81e-01	3.09e-01	2.47e-02	3.54e-04	0.00e+00	0.00e+00	5.89e-08	3.10e-08	1.01e-08
 3.12979e+15	1.23e-07	2.16e-04	9.36e-02	5.90e-01	2.94e-01	2.21e-02	2.97e-04	0.00e+00	0.00e+00	7.17e-08	3.77e-08	1.23e-08
 3.20450e+15	1.73e-07	2.72e-04	1.05e-01	5.97e-01	2.78e-01	1.93e-02	2.38e-04	0.00e+00	0.00e+00	1.00e-07	5.28e-08	1.72e-08
 3.27965e+15	2.18e-07	3.22e-04	1.17e-01	6.04e-01	2.62e-01	1.70e-02	1.95e-04	0.00e+00	0.00e+00	1.27e-07	6.66e-08	2.18e-08
 3.34162e+15	2.61e-07	3.68e-04	1.27e-01	6.08e-01	2.49e-01	1.53e-02	1.65e-04	0.00e+00	0.00e+00	1.52e-07	8.00e-08	2.62e-08
 3.40842e+15	3.30e-07	4.35e-04	1.40e-01	6.11e-01	2.35e-01	1.35e-02	1.36e-04	0.00e+00	0.00e+00	1.92e-07	1.01e-07	3.30e-08
 3.47981e+15	4.61e-07	5.45e-04	1.56e-01	6.12e-01	2.19e-01	1.17e-02	1.08e-04	0.00e+00	0.00e+00	2.68e-07	1.41e-07	4.63e-08
 3.53526e+15	5.58e-07	6.25e-04	1.69e-01	6.12e-01	2.08e-01	1.05e-02	9.22e-05	0.00e+00	0.00e+00	3.24e-07	1.71e-07	5.60e-08
 3.58540e+15	6.77e-07	7.17e-04	1.82e-01	6.10e-01	1.97e-01	9.50e-03	7.87e-05	0.00e+00	0.00e+00	3.94e-07	2.07e-07	6.80e-08
 3.63852e+15	8.25e-07	8.25e-04	1.96e-01	6.08e-01	1.87e-01	8.52e-03	6.67e-05	0.00e+00	0.00e+00	4.80e-07	2.53e-07	8.29e-08
 3.68438e+15	9.81e-07	9.33e-04	2.10e-01	6.04e-01	1.77e-01	7.72e-03	5.75e-05	0.00e+00	0.00e+00	5.71e-07	3.01e-07	9.86e-08
 3.72615e+15	1.15e-06	1.05e-03	2.23e-01	6.00e-01	1.69e-01	7.04e-03	5.01e-05	0.00e+00	0.00e+00	6.71e-07	3.54e-07	1.16e-07
 3.77376e+15	1.32e-06	1.16e-03	2.38e-01	5.95e-01	1.59e-01	6.35e-03	4.32e-05	0.00e+00	0.00e+00	7.68e-07	4.05e-07	1.33e-07
 3.83565e+15	1.82e-06	1.44e-03	2.63e-01	5.84e-01	1.46e-01	5.41e-03	3.39e-05	0.00e+00	0.00e+00	1.06e-06	5.59e-07	1.84e-07
 3.88881e+15	2.22e-06	1.66e-03	2.84e-01	5.74e-01	1.36e-01	4.76e-03	2.82e-05	0.00e+00	0.00e+00	1.29e-06	6.80e-07	2.24e-07
 3.92227e+15	2.56e-06	1.83e-03	2.98e-01	5.66e-01	1.29e-01	4.36e-03	2.48e-05	0.00e+00	0.00e+00	1.49e-06	7.84e-07	2.58e-07
 3.95740e+15	2.99e-06	2.05e-03	3.15e-01	5.57e-01	1.22e-01	3.95e-03	2.15e-05	0.00e+00	0.00e+00	1.74e-06	9.16e-07	3.01e-07
 4.00308e+15	3.44e-06	2.27e-03	3.36e-01	5.45e-01	1.13e-01	3.50e-03	1.82e-05	0.00e+00	0.00e+00	2.00e-06	1.05e-06	3.47e-07
 4.06246e+15	4.82e-06	2.86e-03	3.70e-01	5.23e-01	1.01e-01	2.88e-03	1.37e-05	0.00e+00	0.00e+00	2.80e-06	1.48e-06	4.87e-07
 4.11258e+15	5.59e-06	3.20e-03	3.96e-01	5.06e-01	9.25e-02	2.50e-03	1.13e-05	0.00e+00	0.00e+00	3.25e-06	1.72e-06	5.65e-07
 4.15066e+15	7.24e-06	3.80e-03	4.22e-01	4.87e-01	8.46e-02	2.15e-03	9.11e-06	0.00e+00	0.00e+00	4.21e-06	2.22e-06	7.32e-07
 4.18716e+15	8.55e-06	4.27e-03	4.45e-01	4.71e-01	7.81e-02	1.89e-03	7.63e-06	0.00e+00	0.00e+00	4.97e-06	2.63e-06	8.66e-07
 4.22161e+15	1.00e-05	4.77e-03	4.68e-01	4.54e-01	7.18e-02	1.66e-03	6.38e-06	0.00e+00	0.00e+00	5.84e-06	3.09e-06	1.02e-06
 4.26639e+15	1.26e-05	5.59e-03	5.00e-01	4.29e-01	6.37e-02	1.38e-03	4.95e-06	0.00e+00	0.00e+00	7.35e-06	3.88e-06	1.28e-06
 4.31086e+15	1.50e-05	6.31e-03	5.30e-01	4.06e-01	5.66e-02	1.16e-03	3.90e-06	0.00e+00	0.00e+00	8.74e-06	4.62e-06	1.53e-06
 4.34821e+15	1.96e-05	7.53e-03	5.61e-01	3.80e-01	5.01e-02	9.53e-04	2.99e-06	0.00e+00	0.00e+00	1.14e-05	6.03e-06	2.00e-06
 4.37901e+15	2.30e-05	8.38e-03	5.84e-01	3.61e-01	4.54e-02	8.22e-04	2.45e-06	0.00e+00	0.00e+00	1.34e-05	7.07e-06	2.34e-06
 4.40803e+15	2.68e-05	9.29e-03	6.07e-01	3.42e-01	4.10e-02	7.07e-04	2.01e-06	0.00e+00	0.00e+00	1.56e-05	8.24e-06	2.73e-06
 4.44575e+15	3.37e-05	1.08e-02	6.38e-01	3.15e-01	3.54e-02	5.68e-04	1.50e-06	0.00e+00	0.00e+00	1.96e-05	1.04e-05	3.43e-06
 4.48401e+15	4.10e-05	1.23e-02	6.67e-01	2.90e-01	3.05e-02	4.58e-04	1.13e-06	0.00e+00	0.00e+00	2.38e-05	1.26e-05	4.18e-06
 4.51632e+15	4.75e-05	1.36e-02	6.90e-01	2.69e-01	2.67e-02	3.78e-04	8.83e-07	0.00e+00	0.00e+00	2.76e-05	1.46e-05	4.84e-06
 4.55166e+15	6.17e-05	1.60e-02	7.19e-01	2.42e-01	2.24e-02	2.92e-04	0.00e+00	0.00e+00	0.00e+00	3.59e-05	1.90e-05	6.30e-06
 4.58042e+15	7.19e-05	1.77e-02	7.39e-01	2.24e-01	1.97e-02	2.42e-04	0.00e+00	0.00e+00	0.00e+00	4.18e-05	2.21e-05	7.35e-06
 4.59608e+15	7.87e-05	1.87e-02	7.49e-01	2.13e-01	1.82e-02	2.17e-04	0.00e+00	0.00e+00	0.00e+00	4.57e-05	2.42e-05	8.04e-06
 4.61193e+15	8.66e-05	1.99e-02	7.60e-01	2.03e-01	1.68e-02	1.92e-04	0.00e+00	0.00e+00	0.00e+00	5.04e-05	2.66e-05	8.85e-06
 4.63253e+15	9.76e-05	2.15e-02	7.74e-01	1.89e-01	1.50e-02	1.63e-04	0.00e+00	0.00e+00	0.00e+00	5.67e-05	3.00e-05	9.99e-06
 4.65931e+15	1.15e-04	2.38e-02	7.91e-01	1.72e-01	1.28e-02	1.31e-04	0.00e+00	0.00e+00	0.00e+00	6.71e-05	3.55e-05	1.18e-05
 4.68554e+15	1.34e-04	2.61e-02	8.06e-01	1.57e-01	1.11e-02	1.06e-04	0.00e+00	0.00e+00	0.00e+00	7.76e-05	4.11e-05	1.37e-05
 4.70621e+15	1.51e-04	2.81e-02	8.17e-01	1.45e-01	9.79e-03	8.93e-05	0.00e+00	0.00e+00	0.00e+00	8.76e-05	4.64e-05	1.54e-05
 4.72824e+15	1.72e-04	3.05e-02	8.28e-01	1.33e-01	8.51e-03	7.31e-05	0.00e+00	0.00e+00	0.00e+00	1.00e-04	5.30e-05	1.77e-05
 4.75276e+15	1.99e-04	3.33e-02	8.39e-01	1.20e-01	7.27e-03	5.85e-05	0.00e+00	0.00e+00	0.00e+00	1.16e-04	6.12e-05	2.04e-05
 4.77556e+15	2.27e-04	3.60e-02	8.48e-01	1.10e-01	6.27e-03	4.74e-05	0.00e+00	0.00e+00	0.00e+00	1.32e-04	7.00e-05	2.34e-05
 4.79668e+15	2.57e-04	3.88e-02	8.55e-01	1.00e-01	5.43e-03	3.88e-05	0.00e+00	0.00e+00	0.00e+00	1.50e-04	7.92e-05	2.64e-05
 4.82056e+15	2.97e-04	4.21e-02	8.63e-01	8.98e-02	4.58e-03	3.05e-05	0.00e+00	0.00e+00	0.00e+00	1.72e-04	9.13e-05	3.05e-05
 4.84636e+15	3.45e-04	4.60e-02	8.70e-01	7.99e-02	3.82e-03	2.36e-05	0.00e+00	0.00e+00	0.00e+00	2.00e-04	1.06e-04	3.54e-05
 4.86908e+15	3.92e-04	4.96e-02	8.75e-01	7.21e-02	3.25e-03	1.88e-05	0.00e+00	0.00e+00	0.00e+00	2.28e-04	1.21e-04	4.03e-05
 4.89308e+15	4.50e-04	5.37e-02	8.79e-01	6.42e-02	2.71e-03	1.45e-05	0.00e+00	0.00e+00	0.00e+00	2.62e-04	1.38e-04	4.63e-05
 4.91943e+15	5.22e-04	5.84e-02	8.82e-01	5.66e-02	2.23e-03	1.10e-05	0.00e+00	0.00e+00	0.00e+00	3.04e-04	1.61e-04	5.38e-05
 4.94327e+15	5.97e-04	6.30e-02	8.84e-01	5.04e-02	1.86e-03	8.52e-06	0.00e+00	0.00e+00	0.00e+00	3.47e-04	1.84e-04	6.16e-05
 4.96507e+15	6.74e-04	6.75e-02	8.85e-01	4.52e-02	1.58e-03	6.72e-06	0.00e+00	0.00e+00	0.00e+00	3.92e-04	2.08e-04	6.95e-05
 4.98981e+15	7.76e-04	7.29e-02	8.85e-01	3.98e-02	1.29e-03	5.07e-06	0.00e+00	0.00e+00	0.00e+00	4.51e-04	2.39e-04	8.00e-05
 5.01700e+15	9.00e-04	7.91e-02	8.84e-01	3.47e-02	1.04e-03	3.75e-06	0.00e+00	0.00e+00	0.00e+00	5.23e-04	2.77e-04	9.29e-05
 5.04194e+15	1.03e-03	8.53e-02	8.82e-01	3.06e-02	8.59e-04	2.83e-06	0.00e+00	0.00e+00	0.00e+00	6.00e-04	3.18e-04	1.07e-04
 5.06507e+15	1.17e-03	9.14e-02	8.80e-01	2.72e-02	7.14e-04	2.18e-06	0.00e+00	0.00e+00	0.00e+00	6.81e-04	3.60e-04	1.21e-04
 5.09127e+15	1.35e-03	9.88e-02	8.76e-01	2.36e-02	5.75e-04	1.60e-06	0.00e+00	0.00e+00	0.00e+00	7.86e-04	4.16e-04	1.40e-04
 5.12011e+15	1.58e-03	1.07e-01	8.70e-01	2.03e-02	4.56e-04	1.14e-06	0.00e+00	0.00e+00	0.00e+00	9.19e-04	4.86e-04	1.63e-04
 5.14622e+15	1.82e-03	1.16e-01	8.64e-01	1.77e-02	3.70e-04	8.46e-07	0.00e+00	0.00e+00	0.00e+00	1.06e-03	5.60e-04	1.88e-04
 5.17021e+15	2.07e-03	1.24e-01	8.58e-01	1.56e-02	3.04e-04	0.00e+00	0.00e+00	0.00e+00	0.00e+00	1.20e-03	6.37e-04	2.14e-04
 5.19760e+15	2.40e-03	1.34e-01	8.50e-01	1.34e-02	2.41e-04	0.00e+00	0.00e+00	0.00e+00	0.00e+00	1.40e-03	7.40e-04	2.48e-04
 5.22784e+15	2.82e-03	1.46e-01	8.39e-01	1.14e-02	1.88e-04	0.00e+00	0.00e+00	0.00e+00	0.00e+00	1.64e-03	8.70e-04	2.92e-04
 5.25543e+15	3.29e-03	1.58e-01	8.28e-01	9.83e-03	1.49e-04	0.00e+00	0.00e+00	0.00e+00	0.00e+00	1.91e-03	1.01e-03	3.40e-04
 5.28083e+15	3.77e-03	1.70e-01	8.17e-01	8.55e-03	1.21e-04	0.00e+00	0.00e+00	0.00e+00	0.00e+00	2.19e-03	1.16e-03	3.90e-04
 5.30974e+15	4.42e-03	1.85e-01	8.03e-01	7.25e-03	9.41e-05	0.00e+00	0.00e+00	0.00e+00	0.00e+00	2.57e-03	1.36e-03	4.57e-04
 5.34181e+15	5.28e-03	2.03e-01	7.86e-01	6.05e-03	7.16e-05	0.00e+00	0.00e+00	0.00e+00	0.00e+00	3.07e-03	1.62e-03	5.46e-04
 5.37135e+15	6.22e-03	2.20e-01	7.68e-01	5.10e-03	5.55e-05	0.00e+00	0.00e+00	0.00e+00	0.00e+00	3.62e-03	1.92e-03	6.44e-04
 5.39874e+15	7.23e-03	2.38e-01	7.51e-01	4.35e-03	4.37e-05	0.00e+00	0.00e+00	0.00e+00	0.00e+00	4.21e-03	2.23e-03	7.49e-04
 5.43000e+15	8.66e-03	2.60e-01	7.27e-01	3.58e-03	3.29e-05	0.00e+00	0.00e+00	0.00e+00	0.00e+00	5.04e-03	2.67e-03	8.97e-04
 5.46469e+15	1.06e-02	2.87e-01	6.99e-01	2.89e-03	2.40e-05	0.00e+00	0.00e+00	0.00e+00	0.00e+00	6.16e-03	3.26e-03	1.10e-03
 5.49707e+15	1.27e-02	3.14e-01	6.70e-01	2.35e-03	1.78e-05	0.00e+00	0.00e+00	0.00e+00	0.00e+00	7.42e-03	3.92e-03	1.32e-03
 5.52747e+15	1.53e-02	3.43e-01	6.40e-01	1.92e-03	1.32e-05	0.00e+00	0.00e+00	0.00e+00	0.00e+00	8.89e-03	4.69e-03	1.58e-03
 5.56209e+15	1.88e-02	3.77e-01	6.03e-01	1.50e-03	9.33e-06	0.00e+00	0.00e+00	0.00e+00	0.00e+00	1.09e-02	5.77e-03	1.94e-03
 5.59874e+15	2.35e-02	4.18e-01	5.58e-01	1.14e-03	6.36e-06	0.00e+00	0.00e+00	0.00e+00	0.00e+00	1.37e-02	7.24e-03	2.44e-03
 5.62920e+15	2.84e-02	4.53e-01	5.18e-01	8.96e-04	4.59e-06	0.00e+00	0.00e+00	0.00e+00	0.00e+00	1.65e-02	8.73e-03	2.94e-03
 5.65554e+15	3.36e-02	4.85e-01	4.81e-01	7.17e-04	3.38e-06	0.00e+00	0.00e+00	0.00e+00	0.00e+00	1.96e-02	1.03e-02	3.48e-03
 5.68537e+15	4.06e-02	5.22e-01	4.37e-01	5.47e-04	2.34e-06	0.00e+00	0.00e+00	0.00e+00	0.00e+00	2.37e-02	1.25e-02	4.21e-03
 5.71839e+15	5.01e-02	5.64e-01	3.86e-01	3.98e-04	1.53e-06	0.00e+00	0.00e+00	0.00e+00	0.00e+00	2.92e-02	1.54e-02	5.20e-03
 5.74829e+15	6.09e-02	6.01e-01	3.38e-01	2.90e-04	1.01e-06	0.00e+00	0.00e+00	0.00e+00	0.00e+00	3.55e-02	1.87e-02	6.32e-03
 5.77152e+15	7.11e-02	6.29e-01	3.00e-01	2.23e-04	7.16e-07	0.00e+00	0.00e+00	0.00e+00	0.00e+00	4.15e-02	2.18e-02	7.38e-03
 5.78905e+15	7.97e-02	6.48e-01	2.72e-01	1.80e-04	0.00e+00	0.00e+00	0.00e+00	0.00e+00	0.00e+00	4.65e-02	2.45e-02	8.28e-03
