#depth	C	C+	C+2	C+3	C+4	C+5	C+6	C[1]	C[2]	C[3]	C+[1]	C+[2]	CO
 1.49634e+10	0.00e+00	3.18e-30	5.37e-21	2.74e-12	4.74e-03	8.53e-01	1.42e-01	0.00e+00	0.00e+00	0.00e+00	0.00e+00	0.00e+00	0.00e+00
 4.54887e+10	2.42e-40	4.53e-30	7.03e-21	3.30e-12	5.24e-03	8.62e-01	1.32e-01	0.00e+00	0.00e+00	0.00e+00	0.00e+00	0.00e+00	1.95e-130
 7.72350e+10	0.00e+00	6.49e-30	9.26e-21	3.99e-12	5.82e-03	8.71e-01	1.23e-01	0.00e+00	0.00e+00	0.00e+00	0.00e+00	0.00e+00	0.00e+00
 1.10251e+11	5.88e-40	9.29e-30	1.22e-20	4.82e-12	6.47e-03	8.80e-01	1.14e-01	0.00e+00	0.00e+00	0.00e+00	0.00e+00	0.00e+00	2.05e-129
 1.42776e+11	0.00e+00	1.31e-29	1.58e-20	5.77e-12	7.14e-03	8.87e-01	1.06e-01	0.00e+00	0.00e+00	0.00e+00	0.00e+00	0.00e+00	0.00e+00
 1.74148e+11	1.33e-39	1.79e-29	2.02e-20	6.82e-12	7.83e-03	8.93e-01	9.91e-02	0.00e+00	0.00e+00	0.00e+00	0.00e+00	0.00e+00	1.78e-128
 2.08588e+11	0.00e+00	2.52e-29	2.62e-20	8.15e-12	8.64e-03	8.99e-01	9.21e-02	0.00e+00	0.00e+00	0.00e+00	0.00e+00	0.00e+00	0.00e+00
 2.46858e+11	3.16e-39	3.61e-29	3.45e-20	9.85e-12	9.58e-03	9.05e-01	8.51e-02	0.00e+00	0.00e+00	0.00e+00	0.00e+00	0.00e+00	1.77e-127
 2.85806e+11	0.00e+00	5.16e-29	4.54e-20	1.19e-11	1.06e-02	9.11e-01	7.87e-02	0.00e+00	0.00e+00	0.00e+00	0.00e+00	0.00e+00	0.00e+00
 3.21854e+11	7.25e-39	7.07e-29	5.78e-20	1.40e-11	1.16e-02	9.15e-01	7.33e-02	0.00e+00	0.00e+00	0.00e+00	0.00e+00	0.00e+00	1.60e-126
 3.55045e+11	0.00e+00	9.40e-29	7.18e-20	1.62e-11	1.26e-02	9.19e-01	6.88e-02	0.00e+00	0.00e+00	0.00e+00	0.00e+00	0.00e+00	0.00e+00
 3.93178e+11	1.53e-38	1.29e-28	9.16e-20	1.92e-11	1.38e-02	9.22e-01	6.40e-02	0.00e+00	0.00e+00	0.00e+00	0.00e+00	0.00e+00	1.15e-125
 4.37990e+11	0.00e+00	1.85e-28	1.21e-19	2.31e-11	1.52e-02	9.26e-01	5.89e-02	0.00e+00	0.00e+00	0.00e+00	0.00e+00	0.00e+00	0.00e+00
 4.82479e+11	3.66e-38	2.61e-28	1.57e-19	2.77e-11	1.67e-02	9.29e-01	5.44e-02	0.00e+00	0.00e+00	0.00e+00	0.00e+00	0.00e+00	1.16e-124
 5.24137e+11	0.00e+00	3.57e-28	1.99e-19	3.26e-11	1.83e-02	9.31e-01	5.06e-02	0.00e+00	0.00e+00	0.00e+00	0.00e+00	0.00e+00	0.00e+00
 5.70420e+11	8.19e-38	4.99e-28	2.58e-19	3.88e-11	2.01e-02	9.33e-01	4.67e-02	0.00e+00	0.00e+00	0.00e+00	0.00e+00	0.00e+00	9.67e-124
 6.23163e+11	0.00e+00	7.22e-28	3.42e-19	4.70e-11	2.22e-02	9.35e-01	4.28e-02	0.00e+00	0.00e+00	0.00e+00	0.00e+00	0.00e+00	0.00e+00
 6.75126e+11	2.00e-37	1.03e-27	4.48e-19	5.64e-11	2.44e-02	9.36e-01	3.94e-02	0.00e+00	0.00e+00	0.00e+00	0.00e+00	0.00e+00	1.02e-122
 7.29166e+11	0.00e+00	1.46e-27	5.87e-19	6.77e-11	2.69e-02	9.37e-01	3.61e-02	0.00e+00	0.00e+00	0.00e+00	0.00e+00	0.00e+00	0.00e+00
 7.88260e+11	4.93e-37	2.12e-27	7.80e-19	8.21e-11	2.98e-02	9.37e-01	3.30e-02	0.00e+00	0.00e+00	0.00e+00	0.00e+00	0.00e+00	1.10e-121
 8.47695e+11	0.00e+00	3.04e-27	1.03e-18	9.89e-11	3.28e-02	9.37e-01	3.02e-02	0.00e+00	0.00e+00	0.00e+00	0.00e+00	0.00e+00	0.00e+00
 9.09508e+11	1.21e-36	4.36e-27	1.36e-18	1.19e-10	3.62e-02	9.36e-01	2.76e-02	0.00e+00	0.00e+00	0.00e+00	0.00e+00	0.00e+00	1.16e-120
 9.75815e+11	0.00e+00	6.34e-27	1.81e-18	1.45e-10	4.00e-02	9.35e-01	2.51e-02	0.00e+00	0.00e+00	0.00e+00	0.00e+00	0.00e+00	0.00e+00
 1.04168e+12	3.00e-36	9.08e-27	2.38e-18	1.74e-10	4.40e-02	9.33e-01	2.29e-02	0.00e+00	0.00e+00	0.00e+00	0.00e+00	0.00e+00	1.27e-119
 1.11018e+12	0.00e+00	1.30e-26	3.14e-18	2.10e-10	4.83e-02	9.31e-01	2.09e-02	0.00e+00	0.00e+00	0.00e+00	0.00e+00	0.00e+00	0.00e+00
 1.18452e+12	7.49e-36	1.89e-26	4.19e-18	2.55e-10	5.34e-02	9.28e-01	1.89e-02	0.00e+00	0.00e+00	0.00e+00	0.00e+00	0.00e+00	1.39e-118
 1.26182e+12	0.00e+00	2.76e-26	5.59e-18	3.09e-10	5.89e-02	9.24e-01	1.71e-02	0.00e+00	0.00e+00	0.00e+00	0.00e+00	0.00e+00	0.00e+00
 1.34222e+12	1.91e-35	4.02e-26	7.47e-18	3.76e-10	6.49e-02	9.20e-01	1.55e-02	0.00e+00	0.00e+00	0.00e+00	0.00e+00	0.00e+00	1.61e-117
 1.42584e+12	0.00e+00	5.85e-26	9.98e-18	4.56e-10	7.16e-02	9.14e-01	1.40e-02	0.00e+00	0.00e+00	0.00e+00	0.00e+00	0.00e+00	0.00e+00
 1.50132e+12	4.56e-35	8.12e-26	1.28e-17	5.41e-10	7.79e-02	9.09e-01	1.28e-02	0.00e+00	0.00e+00	0.00e+00	0.00e+00	0.00e+00	1.58e-116
 1.56396e+12	0.00e+00	1.06e-25	1.57e-17	6.19e-10	8.33e-02	9.05e-01	1.19e-02	0.00e+00	0.00e+00	0.00e+00	0.00e+00	0.00e+00	1.11e-99
 1.63247e+12	8.92e-35	1.39e-25	1.95e-17	7.15e-10	8.94e-02	9.00e-01	1.10e-02	0.00e+00	0.00e+00	0.00e+00	0.00e+00	0.00e+00	0.00e+00
 1.71959e+12	1.36e-34	1.96e-25	2.54e-17	8.54e-10	9.75e-02	8.92e-01	9.97e-03	0.00e+00	0.00e+00	0.00e+00	0.00e+00	0.00e+00	2.78e-115
 1.81062e+12	2.09e-34	2.77e-25	3.32e-17	1.02e-09	1.06e-01	8.85e-01	9.02e-03	0.00e+00	0.00e+00	0.00e+00	0.00e+00	0.00e+00	3.82e-97
 1.89097e+12	3.00e-34	3.71e-25	4.17e-17	1.19e-09	1.14e-01	8.77e-01	8.28e-03	0.00e+00	0.00e+00	0.00e+00	0.00e+00	0.00e+00	0.00e+00
 1.96534e+12	4.15e-34	4.83e-25	5.10e-17	1.36e-09	1.22e-01	8.70e-01	7.66e-03	0.00e+00	0.00e+00	0.00e+00	0.00e+00	0.00e+00	5.14e-114
 2.04967e+12	5.92e-34	6.43e-25	6.38e-17	1.58e-09	1.31e-01	8.62e-01	7.02e-03	0.00e+00	0.00e+00	0.00e+00	0.00e+00	0.00e+00	3.72e-96
 2.15426e+12	9.04e-34	9.05e-25	8.33e-17	1.89e-09	1.43e-01	8.51e-01	6.32e-03	0.00e+00	0.00e+00	0.00e+00	0.00e+00	0.00e+00	0.00e+00
 2.25870e+12	1.36e-33	1.26e-24	1.07e-16	2.24e-09	1.55e-01	8.40e-01	5.70e-03	0.00e+00	0.00e+00	0.00e+00	0.00e+00	0.00e+00	1.16e-112
 2.34821e+12	1.89e-33	1.65e-24	1.33e-16	2.58e-09	1.65e-01	8.30e-01	5.23e-03	0.00e+00	0.00e+00	0.00e+00	0.00e+00	0.00e+00	4.68e-95
 2.44476e+12	2.67e-33	2.18e-24	1.65e-16	2.98e-09	1.76e-01	8.19e-01	4.78e-03	0.00e+00	0.00e+00	0.00e+00	0.00e+00	0.00e+00	6.95e-112
 2.56428e+12	4.03e-33	3.04e-24	2.14e-16	3.54e-09	1.91e-01	8.05e-01	4.28e-03	0.00e+00	0.00e+00	0.00e+00	0.00e+00	0.00e+00	2.44e-94
 2.68715e+12	6.03e-33	4.21e-24	2.76e-16	4.20e-09	2.06e-01	7.90e-01	3.83e-03	0.00e+00	0.00e+00	0.00e+00	0.00e+00	0.00e+00	6.04e-111
 2.79823e+12	8.53e-33	5.58e-24	3.44e-16	4.86e-09	2.20e-01	7.76e-01	3.48e-03	0.00e+00	0.00e+00	0.00e+00	0.00e+00	0.00e+00	1.25e-93
 2.92050e+12	1.23e-32	7.51e-24	4.34e-16	5.66e-09	2.36e-01	7.61e-01	3.13e-03	0.00e+00	0.00e+00	0.00e+00	0.00e+00	0.00e+00	4.09e-110
 3.06436e+12	1.86e-32	1.05e-23	5.63e-16	6.73e-09	2.54e-01	7.43e-01	2.78e-03	0.00e+00	0.00e+00	0.00e+00	0.00e+00	0.00e+00	6.90e-93
 3.20814e+12	2.75e-32	1.44e-23	7.22e-16	7.93e-09	2.72e-01	7.25e-01	2.47e-03	0.00e+00	0.00e+00	0.00e+00	0.00e+00	0.00e+00	3.56e-109
 3.34490e+12	3.91e-32	1.92e-23	9.03e-16	9.19e-09	2.90e-01	7.08e-01	2.21e-03	0.00e+00	0.00e+00	0.00e+00	0.00e+00	0.00e+00	3.56e-92
 3.49586e+12	5.68e-32	2.59e-23	1.14e-15	1.07e-08	3.09e-01	6.89e-01	1.97e-03	0.00e+00	0.00e+00	0.00e+00	0.00e+00	0.00e+00	2.59e-108
 3.66563e+12	8.46e-32	3.58e-23	1.47e-15	1.27e-08	3.31e-01	6.67e-01	1.73e-03	0.00e+00	0.00e+00	0.00e+00	0.00e+00	0.00e+00	1.97e-91
 3.81837e+12	1.19e-31	4.73e-23	1.83e-15	1.46e-08	3.50e-01	6.48e-01	1.55e-03	0.00e+00	0.00e+00	0.00e+00	0.00e+00	0.00e+00	1.99e-107
 3.94442e+12	1.56e-31	5.88e-23	2.17e-15	1.63e-08	3.66e-01	6.33e-01	1.41e-03	0.00e+00	0.00e+00	0.00e+00	0.00e+00	0.00e+00	7.72e-91
 4.08205e+12	2.07e-31	7.40e-23	2.59e-15	1.83e-08	3.83e-01	6.16e-01	1.28e-03	0.00e+00	0.00e+00	0.00e+00	0.00e+00	0.00e+00	9.31e-107
 4.25801e+12	2.93e-31	9.81e-23	3.23e-15	2.11e-08	4.04e-01	5.95e-01	1.14e-03	0.00e+00	0.00e+00	0.00e+00	0.00e+00	0.00e+00	3.21e-90
 4.43565e+12	4.10e-31	1.29e-22	3.99e-15	2.42e-08	4.25e-01	5.74e-01	1.01e-03	0.00e+00	0.00e+00	0.00e+00	0.00e+00	0.00e+00	6.36e-106
 4.58250e+12	5.35e-31	1.60e-22	4.71e-15	2.69e-08	4.42e-01	5.58e-01	9.15e-04	0.00e+00	0.00e+00	0.00e+00	0.00e+00	0.00e+00	1.25e-89
 4.73742e+12	7.01e-31	1.98e-22	5.57e-15	2.99e-08	4.59e-01	5.40e-01	8.28e-04	0.00e+00	0.00e+00	0.00e+00	0.00e+00	0.00e+00	2.91e-105
 4.93645e+12	9.77e-31	2.59e-22	6.86e-15	3.42e-08	4.80e-01	5.19e-01	7.30e-04	0.00e+00	0.00e+00	0.00e+00	0.00e+00	0.00e+00	4.96e-89
 5.14526e+12	1.36e-30	3.39e-22	8.45e-15	3.90e-08	5.02e-01	4.97e-01	6.41e-04	0.00e+00	0.00e+00	0.00e+00	0.00e+00	0.00e+00	1.96e-104
 5.32802e+12	1.80e-30	4.24e-22	1.00e-14	4.35e-08	5.21e-01	4.79e-01	5.74e-04	0.00e+00	0.00e+00	0.00e+00	0.00e+00	0.00e+00	2.03e-88
 5.52448e+12	2.40e-30	5.34e-22	1.20e-14	4.86e-08	5.40e-01	4.60e-01	5.11e-04	0.00e+00	0.00e+00	0.00e+00	0.00e+00	0.00e+00	1.02e-103
 5.76319e+12	3.34e-30	6.99e-22	1.48e-14	5.54e-08	5.62e-01	4.38e-01	4.46e-04	0.00e+00	0.00e+00	0.00e+00	0.00e+00	0.00e+00	8.63e-88
 5.99437e+12	4.55e-30	8.96e-22	1.79e-14	6.24e-08	5.82e-01	4.17e-01	3.91e-04	0.00e+00	0.00e+00	0.00e+00	0.00e+00	0.00e+00	6.72e-103
 6.18886e+12	5.84e-30	1.09e-21	2.08e-14	6.86e-08	5.99e-01	4.01e-01	3.52e-04	0.00e+00	0.00e+00	0.00e+00	0.00e+00	0.00e+00	3.21e-87
 6.39814e+12	7.56e-30	1.35e-21	2.44e-14	7.56e-08	6.15e-01	3.84e-01	3.14e-04	0.00e+00	0.00e+00	0.00e+00	0.00e+00	0.00e+00	3.04e-102
 6.66172e+12	1.03e-29	1.73e-21	2.95e-14	8.50e-08	6.36e-01	3.64e-01	2.74e-04	0.00e+00	0.00e+00	0.00e+00	0.00e+00	0.00e+00	1.24e-86
 6.93228e+12	1.40e-29	2.20e-21	3.56e-14	9.53e-08	6.55e-01	3.45e-01	2.38e-04	0.00e+00	0.00e+00	0.00e+00	0.00e+00	0.00e+00	1.94e-101
 7.16766e+12	1.81e-29	2.70e-21	4.16e-14	1.05e-07	6.71e-01	3.29e-01	2.12e-04	0.00e+00	0.00e+00	0.00e+00	0.00e+00	0.00e+00	4.78e-86
 7.42092e+12	2.35e-29	3.34e-21	4.88e-14	1.15e-07	6.87e-01	3.13e-01	1.88e-04	0.00e+00	0.00e+00	0.00e+00	0.00e+00	0.00e+00	9.44e-101
 7.73031e+12	3.20e-29	4.27e-21	5.88e-14	1.29e-07	7.05e-01	2.95e-01	1.62e-04	0.00e+00	0.00e+00	0.00e+00	0.00e+00	0.00e+00	1.93e-85
 8.04156e+12	4.31e-29	5.42e-21	7.04e-14	1.44e-07	7.22e-01	2.78e-01	1.41e-04	0.00e+00	0.00e+00	0.00e+00	0.00e+00	0.00e+00	6.08e-100
 8.31915e+12	5.56e-29	6.63e-21	8.20e-14	1.58e-07	7.36e-01	2.64e-01	1.24e-04	0.00e+00	0.00e+00	0.00e+00	0.00e+00	0.00e+00	7.47e-85
 8.62409e+12	7.29e-29	8.22e-21	9.63e-14	1.73e-07	7.51e-01	2.49e-01	1.09e-04	0.00e+00	0.00e+00	0.00e+00	0.00e+00	0.00e+00	3.10e-99
 8.98734e+12	9.90e-29	1.05e-20	1.16e-13	1.93e-07	7.67e-01	2.33e-01	9.36e-05	0.00e+00	0.00e+00	0.00e+00	0.00e+00	0.00e+00	3.13e-84
 9.35021e+12	1.33e-28	1.32e-20	1.38e-13	2.14e-07	7.81e-01	2.19e-01	8.08e-05	0.00e+00	0.00e+00	0.00e+00	0.00e+00	0.00e+00	2.05e-98
 9.68722e+12	1.73e-28	1.63e-20	1.61e-13	2.34e-07	7.94e-01	2.06e-01	7.08e-05	0.00e+00	0.00e+00	0.00e+00	0.00e+00	0.00e+00	1.27e-83
 1.00642e+13	2.29e-28	2.04e-20	1.90e-13	2.58e-07	8.06e-01	1.94e-01	6.13e-05	0.00e+00	0.00e+00	0.00e+00	0.00e+00	0.00e+00	1.15e-97
 1.04967e+13	3.12e-28	2.60e-20	2.27e-13	2.86e-07	8.20e-01	1.80e-01	5.23e-05	0.00e+00	0.00e+00	0.00e+00	0.00e+00	0.00e+00	5.70e-83
 1.09255e+13	4.20e-28	3.28e-20	2.70e-13	3.16e-07	8.32e-01	1.68e-01	4.49e-05	0.00e+00	0.00e+00	0.00e+00	0.00e+00	0.00e+00	7.91e-97
 1.13714e+13	5.63e-28	4.14e-20	3.20e-13	3.48e-07	8.43e-01	1.57e-01	3.85e-05	0.00e+00	0.00e+00	0.00e+00	0.00e+00	0.00e+00	2.59e-82
 1.18561e+13	7.67e-28	5.27e-20	3.82e-13	3.84e-07	8.54e-01	1.46e-01	3.29e-05	0.00e+00	0.00e+00	0.00e+00	0.00e+00	0.00e+00	5.48e-96
 1.23603e+13	1.04e-27	6.70e-20	4.55e-13	4.25e-07	8.65e-01	1.35e-01	2.79e-05	0.00e+00	0.00e+00	0.00e+00	0.00e+00	0.00e+00	1.27e-81
 1.28345e+13	1.37e-27	8.32e-20	5.32e-13	4.64e-07	8.74e-01	1.26e-01	2.42e-05	0.00e+00	0.00e+00	0.00e+00	0.00e+00	0.00e+00	3.60e-95
 1.32609e+13	1.75e-27	1.00e-19	6.10e-13	5.00e-07	8.81e-01	1.19e-01	2.13e-05	0.00e+00	0.00e+00	0.00e+00	0.00e+00	0.00e+00	4.93e-81
 1.36645e+13	2.18e-27	1.19e-19	6.91e-13	5.36e-07	8.87e-01	1.13e-01	1.90e-05	0.00e+00	0.00e+00	0.00e+00	0.00e+00	0.00e+00	1.61e-94
 1.41114e+13	2.77e-27	1.44e-19	7.88e-13	5.77e-07	8.94e-01	1.06e-01	1.68e-05	0.00e+00	0.00e+00	0.00e+00	0.00e+00	0.00e+00	1.66e-80
 1.46125e+13	3.59e-27	1.76e-19	9.10e-13	6.24e-07	9.00e-01	9.97e-02	1.46e-05	0.00e+00	0.00e+00	0.00e+00	0.00e+00	0.00e+00	8.09e-94
 1.50880e+13	4.54e-27	2.11e-19	1.04e-12	6.71e-07	9.06e-01	9.40e-02	1.29e-05	0.00e+00	0.00e+00	0.00e+00	0.00e+00	0.00e+00	6.15e-80
 1.56104e+13	5.85e-27	2.57e-19	1.19e-12	7.24e-07	9.12e-01	8.82e-02	1.13e-05	0.00e+00	0.00e+00	0.00e+00	0.00e+00	0.00e+00	3.99e-93
 1.61947e+13	7.70e-27	3.17e-19	1.39e-12	7.84e-07	9.18e-01	8.24e-02	9.82e-06	0.00e+00	0.00e+00	0.00e+00	0.00e+00	0.00e+00	2.52e-79
 1.67369e+13	9.84e-27	3.83e-19	1.58e-12	8.44e-07	9.23e-01	7.75e-02	8.63e-06	0.00e+00	0.00e+00	0.00e+00	0.00e+00	0.00e+00	2.17e-92
 1.72394e+13	1.23e-26	4.54e-19	1.79e-12	9.00e-07	9.27e-01	7.33e-02	7.69e-06	0.00e+00	0.00e+00	0.00e+00	0.00e+00	0.00e+00	8.74e-79
 1.78130e+13	1.57e-26	5.49e-19	2.04e-12	9.66e-07	9.31e-01	6.90e-02	6.77e-06	0.00e+00	0.00e+00	0.00e+00	0.00e+00	0.00e+00	9.92e-92
 1.85148e+13	2.10e-26	6.86e-19	2.38e-12	1.05e-06	9.36e-01	6.41e-02	5.83e-06	0.00e+00	0.00e+00	0.00e+00	0.00e+00	0.00e+00	3.71e-78
 1.92148e+13	2.77e-26	8.49e-19	2.77e-12	1.14e-06	9.40e-01	5.98e-02	5.04e-06	0.00e+00	0.00e+00	0.00e+00	0.00e+00	0.00e+00	6.35e-91
 1.98236e+13	3.51e-26	1.02e-18	3.13e-12	1.21e-06	9.44e-01	5.64e-02	4.46e-06	0.00e+00	0.00e+00	0.00e+00	0.00e+00	0.00e+00	1.48e-77
 2.04828e+13	4.50e-26	1.23e-18	3.57e-12	1.30e-06	9.47e-01	5.30e-02	3.93e-06	0.00e+00	0.00e+00	0.00e+00	0.00e+00	0.00e+00	3.08e-90
 2.12874e+13	6.04e-26	1.54e-18	4.16e-12	1.41e-06	9.51e-01	4.93e-02	3.39e-06	0.00e+00	0.00e+00	0.00e+00	0.00e+00	0.00e+00	6.49e-77
 2.21074e+13	8.03e-26	1.91e-18	4.84e-12	1.52e-06	9.54e-01	4.59e-02	2.92e-06	0.00e+00	0.00e+00	0.00e+00	0.00e+00	0.00e+00	2.04e-89
 2.28487e+13	1.03e-25	2.32e-18	5.52e-12	1.63e-06	9.57e-01	4.31e-02	2.58e-06	0.00e+00	0.00e+00	0.00e+00	0.00e+00	0.00e+00	2.79e-76
 2.36615e+13	1.35e-25	2.84e-18	6.34e-12	1.75e-06	9.60e-01	4.04e-02	2.25e-06	0.00e+00	0.00e+00	0.00e+00	0.00e+00	0.00e+00	5.82e-76
 2.46183e+13	1.84e-25	3.59e-18	7.42e-12	1.90e-06	9.63e-01	3.74e-02	1.93e-06	0.00e+00	0.00e+00	0.00e+00	0.00e+00	0.00e+00	1.35e-75
 2.55724e+13	2.46e-25	4.47e-18	8.63e-12	2.05e-06	9.65e-01	3.48e-02	1.67e-06	0.00e+00	0.00e+00	0.00e+00	0.00e+00	0.00e+00	2.97e-75
 2.64707e+13	3.22e-25	5.48e-18	9.89e-12	2.20e-06	9.67e-01	3.26e-02	1.46e-06	0.00e+00	0.00e+00	0.00e+00	0.00e+00	0.00e+00	6.19e-75
 2.74655e+13	4.29e-25	6.81e-18	1.14e-11	2.37e-06	9.70e-01	3.04e-02	1.27e-06	0.00e+00	0.00e+00	0.00e+00	0.00e+00	0.00e+00	1.37e-74
 2.85940e+13	5.85e-25	8.60e-18	1.34e-11	2.57e-06	9.72e-01	2.82e-02	1.08e-06	0.00e+00	0.00e+00	0.00e+00	0.00e+00	0.00e+00	3.18e-74
 2.97223e+13	7.94e-25	1.08e-17	1.56e-11	2.78e-06	9.74e-01	2.62e-02	9.36e-07	0.00e+00	0.00e+00	0.00e+00	0.00e+00	0.00e+00	7.38e-74
 3.08958e+13	1.07e-24	1.36e-17	1.82e-11	3.00e-06	9.76e-01	2.43e-02	0.00e+00	0.00e+00	0.00e+00	0.00e+00	0.00e+00	0.00e+00	1.67e-73
 3.21616e+13	1.47e-24	1.72e-17	2.13e-11	3.25e-06	9.77e-01	2.25e-02	0.00e+00	0.00e+00	0.00e+00	0.00e+00	0.00e+00	0.00e+00	3.96e-73
 3.34779e+13	2.01e-24	2.18e-17	2.50e-11	3.52e-06	9.79e-01	2.09e-02	0.00e+00	0.00e+00	0.00e+00	0.00e+00	0.00e+00	0.00e+00	9.46e-73
 3.47481e+13	2.69e-24	2.71e-17	2.89e-11	3.79e-06	9.81e-01	1.95e-02	0.00e+00	0.00e+00	0.00e+00	0.00e+00	0.00e+00	0.00e+00	2.10e-72
 3.59365e+13	3.48e-24	3.30e-17	3.30e-11	4.05e-06	9.82e-01	1.82e-02	0.00e+00	0.00e+00	0.00e+00	0.00e+00	0.00e+00	0.00e+00	4.29e-72
 3.70522e+13	4.43e-24	3.95e-17	3.73e-11	4.30e-06	9.83e-01	1.72e-02	0.00e+00	0.00e+00	0.00e+00	0.00e+00	0.00e+00	0.00e+00	8.33e-72
 3.82631e+13	5.71e-24	4.78e-17	4.23e-11	4.58e-06	9.84e-01	1.62e-02	0.00e+00	0.00e+00	0.00e+00	0.00e+00	1.54e-17	3.24e-17	1.68e-71
 3.96201e+13	7.50e-24	5.87e-17	4.85e-11	4.91e-06	9.85e-01	1.51e-02	0.00e+00	0.00e+00	0.00e+00	0.00e+00	1.95e-17	3.92e-17	3.56e-71
 4.09057e+13	9.60e-24	7.07e-17	5.51e-11	5.23e-06	9.86e-01	1.42e-02	0.00e+00	0.00e+00	0.00e+00	0.00e+00	2.35e-17	4.72e-17	6.99e-71
 4.23157e+13	1.25e-23	8.64e-17	6.29e-11	5.59e-06	9.87e-01	1.33e-02	0.00e+00	0.00e+00	0.00e+00	0.00e+00	2.87e-17	5.77e-17	1.46e-70
 4.38995e+13	1.68e-23	1.07e-16	7.27e-11	6.01e-06	9.88e-01	1.24e-02	0.00e+00	0.00e+00	0.00e+00	0.00e+00	3.57e-17	7.18e-17	3.25e-70
 4.54090e+13	2.18e-23	1.31e-16	8.31e-11	6.43e-06	9.88e-01	1.16e-02	0.00e+00	0.00e+00	0.00e+00	0.00e+00	4.35e-17	8.75e-17	6.72e-70
 4.70693e+13	2.88e-23	1.61e-16	9.57e-11	6.91e-06	9.89e-01	1.08e-02	0.00e+00	0.00e+00	0.00e+00	0.00e+00	5.35e-17	1.08e-16	1.43e-69
 4.89248e+13	3.89e-23	2.03e-16	1.12e-10	7.45e-06	9.90e-01	1.01e-02	0.00e+00	0.00e+00	0.00e+00	0.00e+00	6.72e-17	1.35e-16	3.30e-69
 5.06992e+13	5.15e-23	2.50e-16	1.28e-10	8.00e-06	9.91e-01	9.39e-03	0.00e+00	0.00e+00	0.00e+00	0.00e+00	8.30e-17	1.67e-16	7.15e-69
 5.26018e+13	6.85e-23	3.10e-16	1.48e-10	8.61e-06	9.91e-01	8.74e-03	0.00e+00	0.00e+00	0.00e+00	0.00e+00	1.03e-16	2.07e-16	1.57e-68
 5.47358e+13	9.29e-23	3.91e-16	1.74e-10	9.32e-06	9.92e-01	8.08e-03	0.00e+00	0.00e+00	0.00e+00	0.00e+00	1.30e-16	2.61e-16	3.62e-68
 5.67075e+13	1.23e-22	4.82e-16	2.00e-10	1.00e-05	9.92e-01	7.54e-03	0.00e+00	0.00e+00	0.00e+00	0.00e+00	1.60e-16	3.22e-16	7.80e-68
 5.84130e+13	1.53e-22	5.71e-16	2.25e-10	1.06e-05	9.93e-01	7.10e-03	0.00e+00	0.00e+00	0.00e+00	0.00e+00	1.89e-16	3.81e-16	1.44e-67
 6.03029e+13	1.97e-22	6.90e-16	2.55e-10	1.13e-05	9.93e-01	6.68e-03	0.00e+00	0.00e+00	0.00e+00	0.00e+00	2.29e-16	4.61e-16	2.88e-67
 6.26135e+13	2.62e-22	8.55e-16	2.96e-10	1.22e-05	9.94e-01	6.19e-03	0.00e+00	0.00e+00	0.00e+00	0.00e+00	2.84e-16	5.71e-16	6.24e-67
 6.49521e+13	3.49e-22	1.06e-15	3.43e-10	1.31e-05	9.94e-01	5.76e-03	0.00e+00	0.00e+00	0.00e+00	0.00e+00	3.53e-16	7.10e-16	1.38e-66
 6.70524e+13	4.43e-22	1.27e-15	3.89e-10	1.40e-05	9.95e-01	5.40e-03	0.00e+00	0.00e+00	0.00e+00	0.00e+00	4.23e-16	8.51e-16	2.65e-66
 6.93618e+13	5.73e-22	1.55e-15	4.46e-10	1.50e-05	9.95e-01	5.05e-03	0.00e+00	0.00e+00	0.00e+00	0.00e+00	5.14e-16	1.04e-15	5.40e-66
 7.20954e+13	7.71e-22	1.94e-15	5.20e-10	1.62e-05	9.95e-01	4.68e-03	0.00e+00	0.00e+00	0.00e+00	0.00e+00	6.44e-16	1.30e-15	1.21e-65
 7.47840e+13	1.02e-21	2.41e-15	6.01e-10	1.74e-05	9.96e-01	4.35e-03	0.00e+00	0.00e+00	0.00e+00	0.00e+00	7.99e-16	1.61e-15	2.67e-65
 7.72416e+13	1.30e-21	2.89e-15	6.84e-10	1.86e-05	9.96e-01	4.07e-03	0.00e+00	0.00e+00	0.00e+00	0.00e+00	9.59e-16	1.93e-15	5.13e-65
 7.99953e+13	1.71e-21	3.56e-15	7.86e-10	2.00e-05	9.96e-01	3.80e-03	0.00e+00	0.00e+00	0.00e+00	0.00e+00	1.18e-15	2.38e-15	1.09e-64
 8.31978e+13	2.28e-21	4.44e-15	9.21e-10	2.17e-05	9.96e-01	3.51e-03	0.00e+00	0.00e+00	0.00e+00	0.00e+00	1.47e-15	2.97e-15	2.40e-64
 8.63352e+13	3.02e-21	5.49e-15	1.07e-09	2.33e-05	9.97e-01	3.26e-03	0.00e+00	0.00e+00	0.00e+00	0.00e+00	1.82e-15	3.67e-15	5.21e-64
 8.92963e+13	3.91e-21	6.70e-15	1.22e-09	2.50e-05	9.97e-01	3.05e-03	0.00e+00	0.00e+00	0.00e+00	0.00e+00	2.22e-15	4.48e-15	1.07e-63
 9.25963e+13	5.13e-21	8.25e-15	1.41e-09	2.69e-05	9.97e-01	2.83e-03	0.00e+00	0.00e+00	0.00e+00	0.00e+00	2.73e-15	5.52e-15	2.26e-63
 9.63300e+13	6.84e-21	1.03e-14	1.65e-09	2.91e-05	9.97e-01	2.61e-03	0.00e+00	0.00e+00	0.00e+00	0.00e+00	3.41e-15	6.87e-15	4.97e-63
 1.00061e+14	9.12e-21	1.28e-14	1.92e-09	3.15e-05	9.98e-01	2.42e-03	0.00e+00	0.00e+00	0.00e+00	0.00e+00	4.24e-15	8.56e-15	1.10e-62
 1.03557e+14	1.18e-20	1.56e-14	2.21e-09	3.37e-05	9.98e-01	2.26e-03	0.00e+00	0.00e+00	0.00e+00	0.00e+00	5.18e-15	1.05e-14	2.27e-62
 1.07345e+14	1.55e-20	1.92e-14	2.55e-09	3.63e-05	9.98e-01	2.10e-03	0.00e+00	0.00e+00	0.00e+00	0.00e+00	6.36e-15	1.28e-14	4.75e-62
 1.11579e+14	2.04e-20	2.38e-14	2.97e-09	3.92e-05	9.98e-01	1.94e-03	0.00e+00	0.00e+00	0.00e+00	0.00e+00	7.87e-15	1.59e-14	1.02e-61
 1.15534e+14	2.65e-20	2.90e-14	3.42e-09	4.21e-05	9.98e-01	1.81e-03	0.00e+00	0.00e+00	0.00e+00	0.00e+00	9.61e-15	1.94e-14	2.10e-61
 1.19198e+14	3.36e-20	3.48e-14	3.87e-09	4.48e-05	9.98e-01	1.70e-03	0.00e+00	0.00e+00	0.00e+00	0.00e+00	1.15e-14	2.33e-14	4.05e-61
 1.22724e+14	4.16e-20	4.10e-14	4.35e-09	4.76e-05	9.98e-01	1.60e-03	0.00e+00	0.00e+00	0.00e+00	0.00e+00	1.36e-14	2.74e-14	7.32e-61
 1.26637e+14	5.20e-20	4.87e-14	4.93e-09	5.07e-05	9.98e-01	1.50e-03	0.00e+00	0.00e+00	0.00e+00	0.00e+00	1.61e-14	3.26e-14	1.35e-60
 1.30960e+14	6.72e-20	5.94e-14	5.63e-09	5.42e-05	9.99e-01	1.41e-03	0.00e+00	0.00e+00	0.00e+00	0.00e+00	1.96e-14	3.97e-14	2.77e-60
 1.34983e+14	8.28e-20	6.98e-14	6.36e-09	5.77e-05	9.99e-01	1.32e-03	0.00e+00	0.00e+00	0.00e+00	0.00e+00	2.31e-14	4.67e-14	4.93e-60
 1.39383e+14	1.05e-19	8.38e-14	7.22e-09	6.15e-05	9.99e-01	1.24e-03	0.00e+00	0.00e+00	0.00e+00	0.00e+00	2.77e-14	5.61e-14	9.60e-60
 1.44331e+14	1.37e-19	1.03e-13	8.30e-09	6.60e-05	9.99e-01	1.16e-03	0.00e+00	0.00e+00	0.00e+00	0.00e+00	3.39e-14	6.87e-14	1.99e-59
 1.49054e+14	1.71e-19	1.22e-13	9.44e-09	7.05e-05	9.99e-01	1.08e-03	0.00e+00	0.00e+00	0.00e+00	0.00e+00	4.03e-14	8.16e-14	3.70e-59
 1.54257e+14	2.22e-19	1.49e-13	1.08e-08	7.55e-05	9.99e-01	1.01e-03	0.00e+00	0.00e+00	0.00e+00	0.00e+00	4.93e-14	9.98e-14	7.67e-59
 1.59990e+14	2.85e-19	1.81e-13	1.25e-08	8.15e-05	9.99e-01	9.37e-04	0.00e+00	0.00e+00	0.00e+00	0.00e+00	5.98e-14	1.21e-13	1.53e-58
 1.65254e+14	3.63e-19	2.18e-13	1.43e-08	8.69e-05	9.99e-01	8.78e-04	0.00e+00	0.00e+00	0.00e+00	0.00e+00	7.20e-14	1.46e-13	2.99e-58
 1.70944e+14	4.65e-19	2.65e-13	1.63e-08	9.31e-05	9.99e-01	8.20e-04	0.00e+00	0.00e+00	0.00e+00	0.00e+00	8.74e-14	1.77e-13	6.03e-58
 1.77313e+14	5.97e-19	3.21e-13	1.89e-08	1.00e-04	9.99e-01	7.60e-04	0.00e+00	0.00e+00	0.00e+00	0.00e+00	1.06e-13	2.15e-13	1.21e-57
 1.83314e+14	7.68e-19	3.90e-13	2.16e-08	1.07e-04	9.99e-01	7.11e-04	0.00e+00	0.00e+00	0.00e+00	0.00e+00	1.29e-13	2.61e-13	2.44e-57
 1.89864e+14	9.72e-19	4.69e-13	2.49e-08	1.15e-04	9.99e-01	6.61e-04	0.00e+00	0.00e+00	0.00e+00	0.00e+00	1.55e-13	3.14e-13	4.69e-57
 1.97126e+14	1.28e-18	5.80e-13	2.89e-08	1.25e-04	9.99e-01	6.12e-04	0.00e+00	0.00e+00	0.00e+00	0.00e+00	1.91e-13	3.89e-13	1.01e-56
 2.03895e+14	1.61e-18	6.96e-13	3.31e-08	1.34e-04	9.99e-01	5.71e-04	0.00e+00	0.00e+00	0.00e+00	0.00e+00	2.30e-13	4.66e-13	1.94e-56
 2.11260e+14	2.09e-18	8.54e-13	3.81e-08	1.44e-04	9.99e-01	5.31e-04	0.00e+00	0.00e+00	0.00e+00	0.00e+00	2.82e-13	5.72e-13	4.05e-56
 2.19508e+14	2.71e-18	1.04e-12	4.44e-08	1.55e-04	9.99e-01	4.91e-04	0.00e+00	0.00e+00	0.00e+00	0.00e+00	3.44e-13	7.00e-13	8.29e-56
 2.27313e+14	3.48e-18	1.27e-12	5.11e-08	1.67e-04	9.99e-01	4.57e-04	0.00e+00	0.00e+00	0.00e+00	0.00e+00	4.20e-13	8.54e-13	1.70e-55
 2.35663e+14	4.42e-18	1.54e-12	5.91e-08	1.80e-04	9.99e-01	4.23e-04	0.00e+00	0.00e+00	0.00e+00	0.00e+00	5.06e-13	1.03e-12	3.30e-55
 2.44932e+14	5.84e-18	1.91e-12	6.90e-08	1.95e-04	9.99e-01	3.91e-04	0.00e+00	0.00e+00	0.00e+00	0.00e+00	6.30e-13	1.28e-12	7.27e-55
 2.53971e+14	7.41e-18	2.31e-12	7.98e-08	2.10e-04	9.99e-01	3.62e-04	0.00e+00	0.00e+00	0.00e+00	0.00e+00	7.60e-13	1.55e-12	1.42e-54
 2.63558e+14	9.61e-18	2.84e-12	9.26e-08	2.27e-04	9.99e-01	3.35e-04	0.00e+00	0.00e+00	0.00e+00	0.00e+00	9.34e-13	1.91e-12	2.97e-54
 2.74130e+14	1.24e-17	3.48e-12	1.09e-07	2.47e-04	9.99e-01	3.08e-04	0.00e+00	0.00e+00	0.00e+00	0.00e+00	1.14e-12	2.34e-12	6.14e-54
 2.84520e+14	1.61e-17	4.28e-12	1.26e-07	2.67e-04	9.99e-01	2.85e-04	0.00e+00	0.00e+00	0.00e+00	0.00e+00	1.41e-12	2.87e-12	1.29e-53
 2.93093e+14	1.95e-17	4.98e-12	1.42e-07	2.85e-04	9.99e-01	2.67e-04	0.00e+00	0.00e+00	0.00e+00	0.00e+00	1.64e-12	3.34e-12	2.20e-53
 2.99959e+14	2.28e-17	5.64e-12	1.56e-07	2.99e-04	9.99e-01	2.54e-04	0.00e+00	0.00e+00	0.00e+00	0.00e+00	1.85e-12	3.78e-12	3.43e-53
 3.07531e+14	2.69e-17	6.46e-12	1.73e-07	3.16e-04	9.99e-01	2.41e-04	0.00e+00	0.00e+00	0.00e+00	0.00e+00	2.12e-12	4.34e-12	5.58e-53
 3.17374e+14	3.31e-17	7.61e-12	1.96e-07	3.38e-04	9.99e-01	2.25e-04	0.00e+00	0.00e+00	0.00e+00	0.00e+00	2.50e-12	5.11e-12	1.00e-52
 3.27943e+14	4.09e-17	9.03e-12	2.24e-07	3.63e-04	9.99e-01	2.10e-04	0.00e+00	0.00e+00	0.00e+00	0.00e+00	2.97e-12	6.07e-12	1.85e-52
 3.37345e+14	4.93e-17	1.05e-11	2.51e-07	3.85e-04	9.99e-01	1.98e-04	0.00e+00	4.12e-18	1.24e-17	2.07e-17	3.46e-12	7.07e-12	3.20e-52
 3.47460e+14	5.97e-17	1.22e-11	2.83e-07	4.11e-04	9.99e-01	1.85e-04	0.00e+00	4.99e-18	1.50e-17	2.50e-17	4.02e-12	8.23e-12	5.52e-52
 3.60256e+14	7.57e-17	1.49e-11	3.27e-07	4.45e-04	9.99e-01	1.71e-04	0.00e+00	6.33e-18	1.90e-17	3.18e-17	4.88e-12	9.98e-12	1.10e-51
 3.73230e+14	9.46e-17	1.78e-11	3.77e-07	4.81e-04	9.99e-01	1.58e-04	0.00e+00	7.92e-18	2.38e-17	3.97e-17	5.85e-12	1.20e-11	2.12e-51
 3.84257e+14	1.14e-16	2.08e-11	4.25e-07	5.12e-04	9.99e-01	1.49e-04	0.00e+00	9.57e-18	2.87e-17	4.80e-17	6.81e-12	1.39e-11	3.69e-51
 3.96060e+14	1.38e-16	2.43e-11	4.80e-07	5.47e-04	9.99e-01	1.39e-04	0.00e+00	1.16e-17	3.47e-17	5.80e-17	7.97e-12	1.63e-11	6.53e-51
 4.10800e+14	1.75e-16	2.94e-11	5.56e-07	5.94e-04	9.99e-01	1.28e-04	0.00e+00	1.46e-17	4.40e-17	7.35e-17	9.63e-12	1.97e-11	1.30e-50
 4.25951e+14	2.20e-16	3.55e-11	6.44e-07	6.44e-04	9.99e-01	1.18e-04	0.00e+00	1.85e-17	5.56e-17	9.29e-17	1.16e-11	2.39e-11	2.60e-50
 4.39315e+14	2.68e-16	4.17e-11	7.30e-07	6.90e-04	9.99e-01	1.11e-04	0.00e+00	2.25e-17	6.77e-17	1.13e-16	1.37e-11	2.80e-11	4.70e-50
 4.53767e+14	3.25e-16	4.91e-11	8.32e-07	7.41e-04	9.99e-01	1.03e-04	0.00e+00	2.74e-17	8.21e-17	1.37e-16	1.61e-11	3.30e-11	8.55e-50
 4.71190e+14	4.16e-16	5.99e-11	9.70e-07	8.08e-04	9.99e-01	9.45e-05	0.00e+00	3.51e-17	1.05e-16	1.76e-16	1.97e-11	4.03e-11	1.78e-49
 4.88451e+14	5.22e-16	7.22e-11	1.12e-06	8.76e-04	9.99e-01	8.73e-05	0.00e+00	4.40e-17	1.32e-16	2.21e-16	2.37e-11	4.85e-11	3.57e-49
 5.03816e+14	6.27e-16	8.44e-11	1.27e-06	9.38e-04	9.99e-01	8.15e-05	0.00e+00	5.29e-17	1.59e-16	2.65e-16	2.77e-11	5.67e-11	6.38e-49
 5.20737e+14	7.82e-16	1.01e-10	1.45e-06	1.01e-03	9.99e-01	7.57e-05	0.00e+00	6.61e-17	1.98e-16	3.31e-16	3.30e-11	6.76e-11	1.24e-48
 5.40923e+14	9.90e-16	1.23e-10	1.69e-06	1.10e-03	9.99e-01	6.95e-05	0.00e+00	8.38e-17	2.52e-16	4.20e-16	4.02e-11	8.24e-11	2.61e-48
 5.61001e+14	1.25e-15	1.48e-10	1.96e-06	1.20e-03	9.99e-01	6.41e-05	0.00e+00	1.06e-16	3.17e-16	5.30e-16	4.86e-11	9.96e-11	5.35e-48
 5.79397e+14	1.52e-15	1.75e-10	2.23e-06	1.29e-03	9.99e-01	5.96e-05	0.00e+00	1.29e-16	3.87e-16	6.46e-16	5.73e-11	1.17e-10	1.00e-47
 5.99954e+14	1.87e-15	2.08e-10	2.56e-06	1.39e-03	9.99e-01	5.52e-05	0.00e+00	1.58e-16	4.76e-16	7.94e-16	6.83e-11	1.40e-10	1.95e-47
 6.23820e+14	2.43e-15	2.57e-10	3.00e-06	1.52e-03	9.98e-01	5.06e-05	0.00e+00	2.07e-16	6.21e-16	1.04e-15	8.44e-11	1.73e-10	4.47e-47
 6.47231e+14	3.06e-15	3.11e-10	3.48e-06	1.65e-03	9.98e-01	4.66e-05	0.00e+00	2.61e-16	7.83e-16	1.31e-15	1.02e-10	2.09e-10	9.51e-47
 6.69476e+14	3.72e-15	3.69e-10	3.98e-06	1.78e-03	9.98e-01	4.33e-05	0.00e+00	3.17e-16	9.53e-16	1.59e-15	1.21e-10	2.48e-10	1.83e-46
 6.89036e+14	4.48e-15	4.29e-10	4.46e-06	1.90e-03	9.98e-01	4.06e-05	0.00e+00	3.83e-16	1.15e-15	1.92e-15	1.41e-10	2.88e-10	3.36e-46
 7.05288e+14	5.31e-15	4.90e-10	4.90e-06	2.00e-03	9.98e-01	3.86e-05	0.00e+00	4.53e-16	1.36e-15	2.27e-15	1.61e-10	3.29e-10	5.68e-46
 7.23164e+14	6.20e-15	5.58e-10	5.41e-06	2.12e-03	9.98e-01	3.65e-05	0.00e+00	5.31e-16	1.59e-15	2.66e-15	1.83e-10	3.75e-10	9.56e-46
 7.46402e+14	7.55e-15	6.58e-10	6.14e-06	2.28e-03	9.98e-01	3.40e-05	0.00e+00	6.47e-16	1.94e-15	3.24e-15	2.16e-10	4.42e-10	1.85e-45
 7.70763e+14	9.17e-15	7.75e-10	6.98e-06	2.44e-03	9.98e-01	3.17e-05	0.00e+00	7.86e-16	2.36e-15	3.94e-15	2.55e-10	5.20e-10	3.53e-45
 7.91716e+14	1.09e-14	8.95e-10	7.77e-06	2.60e-03	9.97e-01	2.99e-05	0.00e+00	9.37e-16	2.81e-15	4.69e-15	2.94e-10	6.01e-10	6.29e-45
 8.14087e+14	1.33e-14	1.05e-09	8.68e-06	2.76e-03	9.97e-01	2.82e-05	0.00e+00	1.14e-15	3.43e-15	5.73e-15	3.45e-10	7.03e-10	1.19e-44
 8.43169e+14	1.68e-14	1.27e-09	9.98e-06	2.99e-03	9.97e-01	2.61e-05	0.00e+00	1.44e-15	4.33e-15	7.23e-15	4.17e-10	8.49e-10	2.54e-44
 8.73057e+14	2.05e-14	1.51e-09	1.15e-05	3.23e-03	9.97e-01	2.42e-05	0.00e+00	1.76e-15	5.29e-15	8.83e-15	4.96e-10	1.01e-09	5.03e-44
 8.98008e+14	2.47e-14	1.76e-09	1.28e-05	3.44e-03	9.97e-01	2.28e-05	0.00e+00	2.13e-15	6.39e-15	1.07e-14	5.79e-10	1.18e-09	9.36e-44
 9.24458e+14	2.98e-14	2.05e-09	1.44e-05	3.67e-03	9.96e-01	2.14e-05	0.00e+00	2.57e-15	7.71e-15	1.29e-14	6.77e-10	1.38e-09	1.75e-43
 9.58211e+14	3.84e-14	2.52e-09	1.66e-05	3.98e-03	9.96e-01	1.98e-05	0.00e+00	3.31e-15	9.95e-15	1.66e-14	8.30e-10	1.69e-09	3.97e-43
 9.93586e+14	4.77e-14	3.03e-09	1.92e-05	4.31e-03	9.96e-01	1.84e-05	0.00e+00	4.13e-15	1.24e-14	2.07e-14	1.00e-09	2.03e-09	8.25e-43
 1.02505e+15	5.88e-14	3.60e-09	2.17e-05	4.62e-03	9.95e-01	1.72e-05	0.00e+00	5.09e-15	1.53e-14	2.55e-14	1.19e-09	2.42e-09	1.67e-42
 1.05931e+15	7.30e-14	4.31e-09	2.47e-05	4.97e-03	9.95e-01	1.60e-05	0.00e+00	6.33e-15	1.90e-14	3.17e-14	1.42e-09	2.89e-09	3.38e-42
 1.10026e+15	9.71e-14	5.39e-09	2.88e-05	5.41e-03	9.95e-01	1.48e-05	0.00e+00	8.44e-15	2.53e-14	4.23e-14	1.78e-09	3.61e-09	8.31e-42
 1.14083e+15	1.23e-13	6.57e-09	3.32e-05	5.85e-03	9.94e-01	1.38e-05	0.00e+00	1.07e-14	3.20e-14	5.35e-14	2.17e-09	4.40e-09	1.79e-41
 1.17755e+15	1.52e-13	7.84e-09	3.77e-05	6.28e-03	9.94e-01	1.29e-05	0.00e+00	1.32e-14	3.97e-14	6.63e-14	2.59e-09	5.25e-09	3.58e-41
 1.21836e+15	1.87e-13	9.35e-09	4.31e-05	6.76e-03	9.93e-01	1.21e-05	0.00e+00	1.63e-14	4.89e-14	8.17e-14	3.09e-09	6.26e-09	7.11e-41
 1.26627e+15	2.48e-13	1.17e-08	5.03e-05	7.37e-03	9.93e-01	1.12e-05	0.00e+00	2.16e-14	6.49e-14	1.08e-13	3.88e-09	7.86e-09	1.74e-40
 1.31356e+15	3.19e-13	1.44e-08	5.82e-05	7.98e-03	9.92e-01	1.04e-05	0.00e+00	2.79e-14	8.36e-14	1.40e-13	4.77e-09	9.67e-09	3.87e-40
 1.35786e+15	4.00e-13	1.74e-08	6.64e-05	8.58e-03	9.91e-01	9.76e-06	0.00e+00	3.50e-14	1.05e-13	1.75e-13	5.75e-09	1.17e-08	7.97e-40
 1.40732e+15	5.00e-13	2.10e-08	7.65e-05	9.28e-03	9.91e-01	9.12e-06	0.00e+00	4.38e-14	1.31e-13	2.19e-13	6.95e-09	1.41e-08	1.63e-39
 1.46364e+15	6.74e-13	2.67e-08	8.95e-05	1.01e-02	9.90e-01	8.47e-06	0.00e+00	5.91e-14	1.77e-13	2.96e-13	8.84e-09	1.79e-08	4.14e-39
 1.51929e+15	8.76e-13	3.31e-08	1.04e-04	1.10e-02	9.89e-01	7.93e-06	0.00e+00	7.69e-14	2.31e-13	3.85e-13	1.10e-08	2.22e-08	9.29e-39
 1.56486e+15	1.07e-12	3.92e-08	1.17e-04	1.17e-02	9.88e-01	7.52e-06	0.00e+00	9.42e-14	2.83e-13	4.71e-13	1.30e-08	2.63e-08	1.75e-38
 1.60044e+15	1.25e-12	4.46e-08	1.28e-04	1.23e-02	9.88e-01	7.23e-06	0.00e+00	1.10e-13	3.30e-13	5.51e-13	1.48e-08	2.99e-08	2.84e-38
 1.63941e+15	1.48e-12	5.12e-08	1.41e-04	1.29e-02	9.87e-01	6.94e-06	0.00e+00	1.30e-13	3.90e-13	6.50e-13	1.69e-08	3.43e-08	4.75e-38
 1.69007e+15	1.78e-12	6.00e-08	1.59e-04	1.38e-02	9.86e-01	6.59e-06	0.00e+00	1.56e-13	4.69e-13	7.83e-13	1.99e-08	4.02e-08	8.49e-38
 1.74514e+15	2.27e-12	7.34e-08	1.81e-04	1.48e-02	9.85e-01	6.25e-06	0.00e+00	2.00e-13	6.01e-13	1.00e-12	2.43e-08	4.91e-08	1.79e-37
 1.79456e+15	2.77e-12	8.64e-08	2.02e-04	1.57e-02	9.84e-01	5.98e-06	0.00e+00	2.44e-13	7.33e-13	1.22e-12	2.86e-08	5.78e-08	3.23e-37
 1.84744e+15	3.36e-12	1.02e-07	2.27e-04	1.67e-02	9.83e-01	5.71e-06	0.00e+00	2.97e-13	8.90e-13	1.48e-12	3.37e-08	6.81e-08	5.85e-37
 1.91489e+15	4.36e-12	1.26e-07	2.62e-04	1.81e-02	9.82e-01	5.41e-06	0.00e+00	3.85e-13	1.16e-12	1.93e-12	4.17e-08	8.43e-08	1.28e-36
 1.98331e+15	5.40e-12	1.52e-07	3.02e-04	1.95e-02	9.80e-01	5.14e-06	0.00e+00	4.78e-13	1.43e-12	2.39e-12	5.02e-08	1.01e-07	2.45e-36
 2.04092e+15	6.61e-12	1.80e-07	3.39e-04	2.07e-02	9.79e-01	4.93e-06	0.00e+00	5.84e-13	1.75e-12	2.92e-12	5.95e-08	1.20e-07	4.55e-36
 2.10244e+15	8.12e-12	2.14e-07	3.81e-04	2.21e-02	9.78e-01	4.73e-06	0.00e+00	7.19e-13	2.16e-12	3.60e-12	7.08e-08	1.43e-07	8.49e-36
 2.17998e+15	1.08e-11	2.69e-07	4.42e-04	2.38e-02	9.76e-01	4.52e-06	0.00e+00	9.53e-13	2.86e-12	4.77e-12	8.91e-08	1.80e-07	1.95e-35
 2.25970e+15	1.36e-11	3.30e-07	5.10e-04	2.57e-02	9.74e-01	4.32e-06	0.00e+00	1.21e-12	3.63e-12	6.05e-12	1.09e-07	2.21e-07	4.00e-35
 2.32954e+15	1.66e-11	3.91e-07	5.77e-04	2.74e-02	9.72e-01	4.16e-06	0.00e+00	1.48e-12	4.43e-12	7.39e-12	1.29e-07	2.61e-07	7.16e-35
 2.40515e+15	2.08e-11	4.71e-07	6.56e-04	2.94e-02	9.70e-01	4.00e-06	0.00e+00	1.84e-12	5.53e-12	9.23e-12	1.56e-07	3.15e-07	1.36e-34
 2.49685e+15	2.78e-11	5.99e-07	7.65e-04	3.19e-02	9.67e-01	3.85e-06	0.00e+00	2.47e-12	7.40e-12	1.23e-11	1.99e-07	4.01e-07	3.20e-34
 2.58754e+15	3.53e-11	7.36e-07	8.84e-04	3.44e-02	9.65e-01	3.70e-06	0.00e+00	3.13e-12	9.40e-12	1.57e-11	2.44e-07	4.92e-07	6.41e-34
 2.66812e+15	4.32e-11	8.73e-07	1.00e-03	3.66e-02	9.62e-01	3.59e-06	0.00e+00	3.84e-12	1.15e-11	1.92e-11	2.89e-07	5.83e-07	1.14e-33
 2.75749e+15	5.42e-11	1.06e-06	1.14e-03	3.93e-02	9.60e-01	3.48e-06	0.00e+00	4.83e-12	1.45e-11	2.42e-11	3.51e-07	7.08e-07	2.20e-33
 2.86418e+15	7.27e-11	1.36e-06	1.34e-03	4.27e-02	9.56e-01	3.37e-06	0.00e+00	6.48e-12	1.94e-11	3.24e-11	4.50e-07	9.06e-07	5.19e-33
 2.96526e+15	9.22e-11	1.67e-06	1.54e-03	4.60e-02	9.52e-01	3.28e-06	0.00e+00	8.23e-12	2.47e-11	4.12e-11	5.53e-07	1.11e-06	1.03e-32
 3.05118e+15	1.13e-10	1.98e-06	1.73e-03	4.89e-02	9.49e-01	3.20e-06	0.00e+00	1.01e-11	3.02e-11	5.03e-11	6.56e-07	1.32e-06	1.82e-32
 3.14550e+15	1.40e-10	2.38e-06	1.96e-03	5.22e-02	9.46e-01	3.13e-06	0.00e+00	1.25e-11	3.75e-11	6.25e-11	7.89e-07	1.59e-06	3.34e-32
 3.26281e+15	1.78e-10	2.90e-06	2.28e-03	5.63e-02	9.41e-01	3.04e-06	0.00e+00	1.59e-11	4.77e-11	7.95e-11	9.63e-07	1.94e-06	6.26e-32
 3.38355e+15	2.36e-10	3.70e-06	2.66e-03	6.10e-02	9.36e-01	2.99e-06	0.00e+00	2.11e-11	6.32e-11	1.05e-10	1.23e-06	2.47e-06	1.41e-31
 3.47665e+15	2.82e-10	4.34e-06	2.97e-03	6.46e-02	9.32e-01	2.93e-06	0.00e+00	2.53e-11	7.58e-11	1.26e-10	1.44e-06	2.90e-06	2.37e-31
 3.56025e+15	3.35e-10	5.02e-06	3.28e-03	6.80e-02	9.29e-01	2.89e-06	0.00e+00	3.00e-11	9.01e-11	1.50e-10	1.67e-06	3.36e-06	3.80e-31
 3.66893e+15	4.14e-10	6.01e-06	3.73e-03	7.26e-02	9.24e-01	2.84e-06	0.00e+00	3.71e-11	1.11e-10	1.86e-10	2.00e-06	4.01e-06	6.67e-31
 3.78511e+15	5.21e-10	7.31e-06	4.25e-03	7.77e-02	9.18e-01	2.79e-06	0.00e+00	4.67e-11	1.40e-10	2.34e-10	2.43e-06	4.88e-06	1.26e-30
 3.88662e+15	6.31e-10	8.59e-06	4.75e-03	8.22e-02	9.13e-01	2.76e-06	0.00e+00	5.67e-11	1.70e-10	2.83e-10	2.85e-06	5.74e-06	2.08e-30
 3.99416e+15	7.66e-10	1.01e-05	5.33e-03	8.72e-02	9.07e-01	2.72e-06	0.00e+00	6.88e-11	2.06e-10	3.44e-10	3.36e-06	6.76e-06	3.43e-30
 4.13396e+15	9.96e-10	1.26e-05	6.19e-03	9.41e-02	9.00e-01	2.68e-06	0.00e+00	8.96e-11	2.69e-10	4.48e-10	4.19e-06	8.43e-06	6.95e-30
 4.27449e+15	1.26e-09	1.54e-05	7.13e-03	1.01e-01	8.92e-01	2.63e-06	0.00e+00	1.13e-10	3.40e-10	5.66e-10	5.12e-06	1.03e-05	1.25e-29
 4.38662e+15	1.51e-09	1.79e-05	7.97e-03	1.07e-01	8.85e-01	2.60e-06	0.00e+00	1.36e-10	4.08e-10	6.81e-10	5.95e-06	1.20e-05	1.95e-29
 4.50300e+15	1.84e-09	2.11e-05	8.94e-03	1.13e-01	8.78e-01	2.57e-06	0.00e+00	1.66e-10	4.97e-10	8.28e-10	7.01e-06	1.41e-05	3.21e-29
 4.65429e+15	2.42e-09	2.66e-05	1.04e-02	1.22e-01	8.67e-01	2.55e-06	0.00e+00	2.19e-10	6.55e-10	1.09e-09	8.84e-06	1.78e-05	6.69e-29
 4.80905e+15	3.09e-09	3.27e-05	1.20e-02	1.31e-01	8.57e-01	2.51e-06	0.00e+00	2.79e-10	8.36e-10	1.39e-09	1.09e-05	2.18e-05	1.22e-28
 4.93710e+15	3.78e-09	3.87e-05	1.35e-02	1.39e-01	8.47e-01	2.48e-06	0.00e+00	3.42e-10	1.03e-09	1.71e-09	1.29e-05	2.58e-05	1.95e-28
 5.07237e+15	4.70e-09	4.63e-05	1.52e-02	1.48e-01	8.37e-01	2.46e-06	0.00e+00	4.25e-10	1.28e-09	2.13e-09	1.54e-05	3.09e-05	3.31e-28
 5.22212e+15	5.83e-09	5.48e-05	1.74e-02	1.57e-01	8.25e-01	2.42e-06	0.00e+00	5.28e-10	1.58e-09	2.64e-09	1.82e-05	3.66e-05	5.23e-28
 5.36272e+15	7.33e-09	6.68e-05	1.97e-02	1.68e-01	8.13e-01	2.40e-06	0.00e+00	6.65e-10	1.99e-09	3.32e-09	2.22e-05	4.46e-05	9.54e-28
 5.49323e+15	8.93e-09	7.86e-05	2.20e-02	1.77e-01	8.01e-01	2.38e-06	0.00e+00	8.10e-10	2.43e-09	4.05e-09	2.61e-05	5.24e-05	1.51e-27
 5.63856e+15	1.10e-08	9.21e-05	2.49e-02	1.87e-01	7.88e-01	2.35e-06	0.00e+00	9.97e-10	2.99e-09	4.98e-09	3.06e-05	6.15e-05	2.30e-27
 5.79927e+15	1.42e-08	1.14e-04	2.86e-02	2.00e-01	7.71e-01	2.33e-06	0.00e+00	1.29e-09	3.87e-09	6.44e-09	3.81e-05	7.63e-05	4.40e-27
 5.94170e+15	1.74e-08	1.35e-04	3.22e-02	2.11e-01	7.56e-01	2.31e-06	0.00e+00	1.59e-09	4.76e-09	7.94e-09	4.51e-05	9.04e-05	7.00e-27
 6.06870e+15	2.11e-08	1.58e-04	3.57e-02	2.22e-01	7.42e-01	2.29e-06	0.00e+00	1.92e-09	5.76e-09	9.61e-09	5.25e-05	1.05e-04	1.07e-26
 6.18963e+15	2.52e-08	1.82e-04	3.95e-02	2.32e-01	7.28e-01	2.28e-06	0.00e+00	2.30e-09	6.89e-09	1.15e-08	6.05e-05	1.21e-04	1.58e-26
 6.30397e+15	2.97e-08	2.07e-04	4.33e-02	2.42e-01	7.15e-01	2.26e-06	0.00e+00	2.71e-09	8.14e-09	1.36e-08	6.89e-05	1.38e-04	2.23e-26
 6.43401e+15	3.65e-08	2.44e-04	4.83e-02	2.54e-01	6.98e-01	2.25e-06	0.00e+00	3.34e-09	1.00e-08	1.67e-08	8.11e-05	1.63e-04	3.59e-26
 6.56971e+15	4.35e-08	2.78e-04	5.37e-02	2.65e-01	6.81e-01	2.22e-06	0.00e+00	3.98e-09	1.19e-08	1.99e-08	9.27e-05	1.86e-04	4.98e-26
 6.71279e+15	5.52e-08	3.38e-04	6.07e-02	2.80e-01	6.59e-01	2.20e-06	0.00e+00	5.05e-09	1.51e-08	2.52e-08	1.13e-04	2.26e-04	8.87e-26
 6.86841e+15	6.78e-08	3.95e-04	6.85e-02	2.94e-01	6.37e-01	2.17e-06	0.00e+00	6.21e-09	1.86e-08	3.10e-08	1.31e-04	2.63e-04	1.30e-25
 7.01375e+15	8.72e-08	4.83e-04	7.74e-02	3.09e-01	6.13e-01	2.17e-06	0.00e+00	7.99e-09	2.40e-08	3.99e-08	1.61e-04	3.22e-04	2.37e-25
 7.14600e+15	1.05e-07	5.62e-04	8.61e-02	3.22e-01	5.91e-01	2.14e-06	0.00e+00	9.67e-09	2.90e-08	4.83e-08	1.87e-04	3.75e-04	3.58e-25
 7.26841e+15	1.27e-07	6.51e-04	9.52e-02	3.34e-01	5.70e-01	2.13e-06	0.00e+00	1.17e-08	3.51e-08	5.85e-08	2.17e-04	4.34e-04	5.40e-25
 7.38685e+15	1.53e-07	7.50e-04	1.05e-01	3.46e-01	5.48e-01	2.11e-06	0.00e+00	1.41e-08	4.22e-08	7.03e-08	2.50e-04	5.00e-04	8.00e-25
 7.50134e+15	1.83e-07	8.56e-04	1.15e-01	3.57e-01	5.27e-01	2.09e-06	0.00e+00	1.68e-08	5.04e-08	8.39e-08	2.85e-04	5.70e-04	1.14e-24
 7.63196e+15	2.25e-07	1.01e-03	1.28e-01	3.71e-01	5.00e-01	2.07e-06	0.00e+00	2.07e-08	6.20e-08	1.03e-07	3.35e-04	6.71e-04	1.81e-24
 7.77818e+15	2.90e-07	1.22e-03	1.45e-01	3.85e-01	4.69e-01	2.06e-06	0.00e+00	2.68e-08	8.02e-08	1.34e-07	4.06e-04	8.12e-04	3.20e-24
 7.91041e+15	3.54e-07	1.42e-03	1.61e-01	3.97e-01	4.41e-01	2.03e-06	0.00e+00	3.27e-08	9.80e-08	1.63e-07	4.72e-04	9.44e-04	4.80e-24
 8.02611e+15	4.22e-07	1.61e-03	1.77e-01	4.07e-01	4.15e-01	2.00e-06	0.00e+00	3.89e-08	1.17e-07	1.95e-07	5.35e-04	1.07e-03	6.82e-24
 8.15457e+15	5.46e-07	1.96e-03	1.98e-01	4.18e-01	3.82e-01	1.97e-06	0.00e+00	5.05e-08	1.51e-07	2.52e-07	6.54e-04	1.31e-03	1.30e-23
 8.27075e+15	6.61e-07	2.26e-03	2.17e-01	4.26e-01	3.54e-01	1.95e-06	0.00e+00	6.12e-08	1.83e-07	3.06e-07	7.55e-04	1.51e-03	1.99e-23
 8.34962e+15	7.62e-07	2.51e-03	2.32e-01	4.32e-01	3.34e-01	1.93e-06	0.00e+00	7.05e-08	2.11e-07	3.52e-07	8.36e-04	1.67e-03	2.72e-23
 8.43085e+15	8.89e-07	2.80e-03	2.49e-01	4.36e-01	3.12e-01	1.90e-06	0.00e+00	8.23e-08	2.47e-07	4.11e-07	9.35e-04	1.87e-03	3.88e-23
 8.53644e+15	1.09e-06	3.24e-03	2.72e-01	4.41e-01	2.84e-01	1.87e-06	0.00e+00	1.01e-07	3.04e-07	5.07e-07	1.08e-03	2.16e-03	6.27e-23
 8.64040e+15	1.27e-06	3.59e-03	2.93e-01	4.44e-01	2.59e-01	1.81e-06	0.00e+00	1.18e-07	3.54e-07	5.91e-07	1.20e-03	2.39e-03	8.26e-23
 8.72094e+15	1.55e-06	4.15e-03	3.15e-01	4.46e-01	2.35e-01	1.78e-06	0.00e+00	1.44e-07	4.30e-07	7.17e-07	1.38e-03	2.76e-03	1.40e-22
 8.77647e+15	1.71e-06	4.45e-03	3.29e-01	4.46e-01	2.21e-01	1.76e-06	0.00e+00	1.58e-07	4.75e-07	7.92e-07	1.48e-03	2.97e-03	1.77e-22
 8.82078e+15	1.87e-06	4.74e-03	3.41e-01	4.46e-01	2.09e-01	1.73e-06	0.00e+00	1.74e-07	5.21e-07	8.69e-07	1.58e-03	3.16e-03	2.20e-22
 8.87837e+15	2.07e-06	5.04e-03	3.56e-01	4.45e-01	1.94e-01	1.69e-06	0.00e+00	1.92e-07	5.76e-07	9.60e-07	1.68e-03	3.36e-03	2.65e-22
 8.95325e+15	2.44e-06	5.69e-03	3.78e-01	4.43e-01	1.74e-01	1.62e-06	0.00e+00	2.27e-07	6.80e-07	1.13e-06	1.90e-03	3.79e-03	4.15e-22
 9.02024e+15	2.81e-06	6.22e-03	3.97e-01	4.40e-01	1.57e-01	1.57e-06	0.00e+00	2.61e-07	7.83e-07	1.31e-06	2.08e-03	4.15e-03	5.75e-22
 9.06385e+15	3.06e-06	6.54e-03	4.10e-01	4.37e-01	1.46e-01	1.54e-06	0.00e+00	2.85e-07	8.54e-07	1.42e-06	2.18e-03	4.36e-03	6.86e-22
 9.10741e+15	3.36e-06	6.96e-03	4.23e-01	4.34e-01	1.36e-01	1.49e-06	0.00e+00	3.13e-07	9.39e-07	1.56e-06	2.32e-03	4.64e-03	8.62e-22
 9.16404e+15	3.87e-06	7.65e-03	4.42e-01	4.29e-01	1.21e-01	1.42e-06	0.00e+00	3.61e-07	1.08e-06	1.81e-06	2.55e-03	5.10e-03	1.26e-21
 9.21828e+15	4.30e-06	8.11e-03	4.58e-01	4.25e-01	1.10e-01	1.35e-06	0.00e+00	4.02e-07	1.20e-06	2.01e-06	2.71e-03	5.41e-03	1.55e-21
 9.26942e+15	4.85e-06	8.73e-03	4.74e-01	4.19e-01	9.80e-02	1.28e-06	0.00e+00	4.54e-07	1.36e-06	2.27e-06	2.91e-03	5.82e-03	2.07e-21
 9.32307e+15	5.62e-06	9.55e-03	4.92e-01	4.12e-01	8.63e-02	1.20e-06	0.00e+00	5.26e-07	1.58e-06	2.63e-06	3.19e-03	6.36e-03	3.03e-21
 9.36473e+15	6.27e-06	1.01e-02	5.06e-01	4.06e-01	7.81e-02	1.14e-06	0.00e+00	5.87e-07	1.76e-06	2.93e-06	3.38e-03	6.75e-03	3.86e-21
 9.40364e+15	6.77e-06	1.06e-02	5.17e-01	4.01e-01	7.11e-02	1.08e-06	0.00e+00	6.35e-07	1.90e-06	3.17e-06	3.52e-03	7.03e-03	4.50e-21
 9.45423e+15	8.00e-06	1.15e-02	5.34e-01	3.93e-01	6.15e-02	9.89e-07	0.00e+00	7.51e-07	2.25e-06	3.75e-06	3.83e-03	7.64e-03	6.51e-21
 9.50292e+15	9.03e-06	1.22e-02	5.49e-01	3.85e-01	5.38e-02	0.00e+00	0.00e+00	8.48e-07	2.54e-06	4.24e-06	4.08e-03	8.14e-03	8.52e-21
 9.54147e+15	9.70e-06	1.29e-02	5.61e-01	3.78e-01	4.80e-02	0.00e+00	0.00e+00	9.12e-07	2.73e-06	4.55e-06	4.29e-03	8.56e-03	1.06e-20
