#depth	N	N+	N+2	N+3	N+4	N+5	N+6	N+7
 1.49634e+10	1.98e-45	4.41e-35	1.13e-25	6.76e-17	4.63e-09	9.89e-01	1.07e-02	0.00e+00
 4.54887e+10	0.00e+00	6.14e-35	1.45e-25	8.00e-17	5.04e-09	9.90e-01	9.90e-03	4.86e-08
 7.72350e+10	4.53e-45	8.56e-35	1.87e-25	9.46e-17	5.48e-09	9.91e-01	9.05e-03	0.00e+00
 1.10251e+11	0.00e+00	1.19e-34	2.40e-25	1.12e-16	5.97e-09	9.92e-01	8.31e-03	0.00e+00
 1.42776e+11	1.02e-44	1.64e-34	3.05e-25	1.32e-16	6.48e-09	9.92e-01	7.67e-03	0.00e+00
 1.74148e+11	0.00e+00	2.20e-34	3.82e-25	1.53e-16	6.99e-09	9.93e-01	7.11e-03	0.00e+00
 2.08588e+11	2.18e-44	3.02e-34	4.84e-25	1.79e-16	7.57e-09	9.93e-01	6.56e-03	0.00e+00
 2.46858e+11	0.00e+00	4.22e-34	6.24e-25	2.13e-16	8.26e-09	9.94e-01	6.01e-03	0.00e+00
 2.85806e+11	5.01e-44	5.88e-34	8.02e-25	2.52e-16	8.99e-09	9.94e-01	5.52e-03	0.00e+00
 3.21854e+11	0.00e+00	7.89e-34	1.00e-24	2.92e-16	9.70e-09	9.95e-01	5.12e-03	0.00e+00
 3.55045e+11	1.01e-43	1.03e-33	1.22e-24	3.34e-16	1.04e-08	9.95e-01	4.78e-03	0.00e+00
 3.93178e+11	0.00e+00	1.38e-33	1.53e-24	3.89e-16	1.12e-08	9.96e-01	4.43e-03	0.00e+00
 4.37990e+11	2.21e-43	1.93e-33	1.97e-24	4.61e-16	1.22e-08	9.96e-01	4.06e-03	0.00e+00
 4.82479e+11	0.00e+00	2.66e-33	2.52e-24	5.43e-16	1.33e-08	9.96e-01	3.74e-03	0.00e+00
 5.24137e+11	4.72e-43	3.56e-33	3.14e-24	6.31e-16	1.43e-08	9.97e-01	3.46e-03	0.00e+00
 5.70420e+11	0.00e+00	4.87e-33	3.98e-24	7.40e-16	1.56e-08	9.97e-01	3.19e-03	0.00e+00
 6.23163e+11	1.07e-42	6.87e-33	5.17e-24	8.84e-16	1.70e-08	9.97e-01	2.92e-03	0.00e+00
 6.75126e+11	0.00e+00	9.53e-33	6.63e-24	1.05e-15	1.86e-08	9.97e-01	2.68e-03	0.00e+00
 7.29166e+11	2.41e-42	1.32e-32	8.52e-24	1.24e-15	2.02e-08	9.98e-01	2.46e-03	0.00e+00
 7.88260e+11	0.00e+00	1.87e-32	1.11e-23	1.48e-15	2.22e-08	9.98e-01	2.24e-03	0.00e+00
 8.47695e+11	5.62e-42	2.61e-32	1.43e-23	1.77e-15	2.42e-08	9.98e-01	2.05e-03	0.00e+00
 9.09508e+11	0.00e+00	3.66e-32	1.85e-23	2.10e-15	2.65e-08	9.98e-01	1.87e-03	0.00e+00
 9.75815e+11	1.31e-41	5.18e-32	2.42e-23	2.52e-15	2.91e-08	9.98e-01	1.71e-03	0.00e+00
 1.04168e+12	0.00e+00	7.22e-32	3.12e-23	3.00e-15	3.19e-08	9.98e-01	1.56e-03	0.00e+00
 1.11018e+12	2.99e-41	1.01e-31	4.03e-23	3.58e-15	3.49e-08	9.99e-01	1.43e-03	0.00e+00
 1.18452e+12	0.00e+00	1.43e-31	5.26e-23	4.30e-15	3.84e-08	9.99e-01	1.30e-03	0.00e+00
 1.26182e+12	7.05e-41	2.02e-31	6.88e-23	5.17e-15	4.22e-08	9.99e-01	1.18e-03	0.00e+00
 1.34222e+12	0.00e+00	2.85e-31	9.00e-23	6.23e-15	4.65e-08	9.99e-01	1.07e-03	0.00e+00
 1.42584e+12	1.65e-40	4.03e-31	1.18e-22	7.50e-15	5.12e-08	9.99e-01	9.73e-04	0.00e+00
 1.50132e+12	0.00e+00	5.45e-31	1.49e-22	8.82e-15	5.58e-08	9.99e-01	8.95e-04	0.00e+00
 1.56396e+12	3.22e-40	6.93e-31	1.79e-22	1.01e-14	5.97e-08	9.99e-01	8.36e-04	0.00e+00
 1.63247e+12	0.00e+00	8.95e-31	2.19e-22	1.16e-14	6.42e-08	9.99e-01	7.77e-04	0.00e+00
 1.71959e+12	6.47e-40	1.22e-30	2.79e-22	1.37e-14	7.03e-08	9.99e-01	7.11e-04	0.00e+00
 1.81062e+12	0.00e+00	1.68e-30	3.57e-22	1.63e-14	7.70e-08	9.99e-01	6.49e-04	0.00e+00
 1.89097e+12	1.32e-39	2.19e-30	4.40e-22	1.89e-14	8.33e-08	9.99e-01	6.00e-04	0.00e+00
 1.96534e+12	0.00e+00	2.78e-30	5.31e-22	2.16e-14	8.94e-08	9.99e-01	5.60e-04	0.00e+00
 2.04967e+12	2.42e-39	3.61e-30	6.52e-22	2.50e-14	9.66e-08	9.99e-01	5.18e-04	0.00e+00
 2.15426e+12	0.00e+00	4.93e-30	8.34e-22	2.98e-14	1.06e-07	1.00e+00	4.72e-04	0.00e+00
 2.25870e+12	5.06e-39	6.64e-30	1.06e-21	3.52e-14	1.16e-07	1.00e+00	4.32e-04	0.00e+00
 2.34821e+12	0.00e+00	8.49e-30	1.28e-21	4.05e-14	1.25e-07	1.00e+00	4.01e-04	0.00e+00
 2.44476e+12	9.27e-39	1.10e-29	1.57e-21	4.68e-14	1.35e-07	1.00e+00	3.71e-04	0.00e+00
 2.56428e+12	0.00e+00	1.48e-29	2.00e-21	5.57e-14	1.48e-07	1.00e+00	3.38e-04	0.00e+00
 2.68715e+12	1.91e-38	2.00e-29	2.53e-21	6.61e-14	1.63e-07	1.00e+00	3.09e-04	0.00e+00
 2.79823e+12	0.00e+00	2.58e-29	3.11e-21	7.67e-14	1.77e-07	1.00e+00	2.85e-04	0.00e+00
 2.92050e+12	3.62e-38	3.39e-29	3.87e-21	8.98e-14	1.92e-07	1.00e+00	2.62e-04	0.00e+00
 3.06436e+12	0.00e+00	4.61e-29	4.94e-21	1.07e-13	2.12e-07	1.00e+00	2.38e-04	0.00e+00
 3.20814e+12	7.42e-38	6.17e-29	6.25e-21	1.27e-13	2.33e-07	1.00e+00	2.17e-04	0.00e+00
 3.34490e+12	0.00e+00	8.06e-29	7.73e-21	1.49e-13	2.53e-07	1.00e+00	1.99e-04	0.00e+00
 3.49586e+12	1.43e-37	1.07e-28	9.70e-21	1.76e-13	2.77e-07	1.00e+00	1.82e-04	0.00e+00
 3.66563e+12	0.00e+00	1.45e-28	1.24e-20	2.10e-13	3.06e-07	1.00e+00	1.65e-04	0.00e+00
 3.81837e+12	2.82e-37	1.88e-28	1.53e-20	2.45e-13	3.33e-07	1.00e+00	1.52e-04	0.00e+00
 3.94442e+12	0.00e+00	2.31e-28	1.80e-20	2.76e-13	3.56e-07	1.00e+00	1.42e-04	0.00e+00
 4.08205e+12	4.70e-37	2.88e-28	2.15e-20	3.15e-13	3.82e-07	1.00e+00	1.33e-04	0.00e+00
 4.25801e+12	0.00e+00	3.77e-28	2.68e-20	3.69e-13	4.17e-07	1.00e+00	1.22e-04	0.00e+00
 4.43565e+12	8.89e-37	4.90e-28	3.30e-20	4.31e-13	4.54e-07	1.00e+00	1.12e-04	0.00e+00
 4.58250e+12	0.00e+00	6.05e-28	3.91e-20	4.87e-13	4.86e-07	1.00e+00	1.05e-04	0.00e+00
 4.73742e+12	1.48e-36	7.49e-28	4.65e-20	5.53e-13	5.20e-07	1.00e+00	9.76e-05	0.00e+00
 4.93645e+12	0.00e+00	9.76e-28	5.75e-20	6.46e-13	5.67e-07	1.00e+00	8.96e-05	0.00e+00
 5.14526e+12	2.79e-36	1.27e-27	7.13e-20	7.57e-13	6.19e-07	1.00e+00	8.22e-05	0.00e+00
 5.32802e+12	0.00e+00	1.60e-27	8.55e-20	8.64e-13	6.66e-07	1.00e+00	7.65e-05	0.00e+00
 5.52448e+12	4.84e-36	2.02e-27	1.03e-19	9.91e-13	7.18e-07	1.00e+00	7.09e-05	0.00e+00
 5.76319e+12	0.00e+00	2.65e-27	1.29e-19	1.17e-12	7.85e-07	1.00e+00	6.49e-05	0.00e+00
 5.99437e+12	9.12e-36	3.42e-27	1.58e-19	1.35e-12	8.53e-07	1.00e+00	5.98e-05	0.00e+00
 6.18886e+12	0.00e+00	4.22e-27	1.87e-19	1.53e-12	9.12e-07	1.00e+00	5.59e-05	0.00e+00
 6.39814e+12	1.52e-35	5.24e-27	2.23e-19	1.74e-12	9.78e-07	1.00e+00	5.22e-05	0.00e+00
 6.66172e+12	0.00e+00	6.82e-27	2.75e-19	2.03e-12	1.07e-06	1.00e+00	4.80e-05	0.00e+00
 6.93228e+12	2.84e-35	8.84e-27	3.39e-19	2.36e-12	1.16e-06	1.00e+00	4.41e-05	0.00e+00
 7.16766e+12	0.00e+00	1.10e-26	4.05e-19	2.68e-12	1.24e-06	1.00e+00	4.11e-05	0.00e+00
 7.42092e+12	4.87e-35	1.38e-26	4.87e-19	3.06e-12	1.34e-06	1.00e+00	3.83e-05	0.00e+00
 7.73031e+12	0.00e+00	1.81e-26	6.04e-19	3.58e-12	1.46e-06	1.00e+00	3.51e-05	0.00e+00
 8.04156e+12	9.18e-35	2.35e-26	7.45e-19	4.17e-12	1.59e-06	1.00e+00	3.23e-05	0.00e+00
 8.31915e+12	0.00e+00	2.95e-26	8.93e-19	4.74e-12	1.70e-06	1.00e+00	3.01e-05	0.00e+00
 8.62409e+12	1.61e-34	3.75e-26	1.08e-18	5.44e-12	1.84e-06	1.00e+00	2.79e-05	0.00e+00
 8.98734e+12	2.24e-34	4.94e-26	1.35e-18	6.38e-12	2.00e-06	1.00e+00	2.56e-05	0.00e+00
 9.35021e+12	3.09e-34	6.44e-26	1.67e-18	7.43e-12	2.18e-06	1.00e+00	2.36e-05	0.00e+00
 9.68722e+12	4.11e-34	8.18e-26	2.02e-18	8.51e-12	2.35e-06	1.00e+00	2.19e-05	0.00e+00
 1.00642e+13	5.62e-34	1.06e-25	2.48e-18	9.85e-12	2.54e-06	1.00e+00	2.02e-05	0.00e+00
 1.04967e+13	7.94e-34	1.41e-25	3.12e-18	1.16e-11	2.78e-06	1.00e+00	1.85e-05	0.00e+00
 1.09255e+13	1.10e-33	1.86e-25	3.88e-18	1.35e-11	3.02e-06	1.00e+00	1.70e-05	0.00e+00
 1.13714e+13	1.54e-33	2.44e-25	4.83e-18	1.58e-11	3.28e-06	1.00e+00	1.57e-05	0.00e+00
 1.18561e+13	2.20e-33	3.27e-25	6.07e-18	1.85e-11	3.58e-06	1.00e+00	1.44e-05	0.00e+00
 1.23603e+13	3.10e-33	4.36e-25	7.62e-18	2.17e-11	3.90e-06	1.00e+00	1.32e-05	0.00e+00
 1.28345e+13	4.28e-33	5.68e-25	9.39e-18	2.51e-11	4.22e-06	1.00e+00	1.22e-05	0.00e+00
 1.32609e+13	5.66e-33	7.15e-25	1.12e-17	2.85e-11	4.51e-06	1.00e+00	1.14e-05	0.00e+00
 1.36645e+13	7.32e-33	8.83e-25	1.33e-17	3.20e-11	4.80e-06	1.00e+00	1.07e-05	0.00e+00
 1.41114e+13	9.69e-33	1.11e-24	1.59e-17	3.62e-11	5.13e-06	1.00e+00	1.01e-05	0.00e+00
 1.46125e+13	1.31e-32	1.43e-24	1.93e-17	4.14e-11	5.51e-06	1.00e+00	9.37e-06	0.00e+00
 1.50880e+13	1.74e-32	1.79e-24	2.31e-17	4.69e-11	5.88e-06	1.00e+00	8.77e-06	0.00e+00
 1.56104e+13	2.34e-32	2.29e-24	2.80e-17	5.34e-11	6.31e-06	1.00e+00	8.19e-06	0.00e+00
 1.61947e+13	3.26e-32	3.00e-24	3.44e-17	6.16e-11	6.79e-06	1.00e+00	7.60e-06	0.00e+00
 1.67369e+13	4.35e-32	3.80e-24	4.14e-17	6.99e-11	7.26e-06	1.00e+00	7.11e-06	0.00e+00
 1.72394e+13	5.68e-32	4.72e-24	4.89e-17	7.84e-11	7.71e-06	1.00e+00	6.70e-06	0.00e+00
 1.78130e+13	7.62e-32	6.00e-24	5.89e-17	8.90e-11	8.24e-06	1.00e+00	6.27e-06	0.00e+00
 1.85148e+13	1.09e-31	7.99e-24	7.34e-17	1.03e-10	8.90e-06	1.00e+00	5.80e-06	0.00e+00
 1.92148e+13	1.51e-31	1.05e-23	9.06e-17	1.19e-10	9.60e-06	1.00e+00	5.38e-06	0.00e+00
 1.98236e+13	2.02e-31	1.32e-23	1.08e-16	1.35e-10	1.02e-05	1.00e+00	5.06e-06	0.00e+00
 2.04828e+13	2.73e-31	1.69e-23	1.31e-16	1.53e-10	1.09e-05	1.00e+00	4.74e-06	0.00e+00
 2.12874e+13	3.93e-31	2.27e-23	1.63e-16	1.78e-10	1.18e-05	1.00e+00	4.39e-06	0.00e+00
 2.21074e+13	5.55e-31	3.00e-23	2.02e-16	2.06e-10	1.27e-05	1.00e+00	4.07e-06	0.00e+00
 2.28487e+13	7.58e-31	3.86e-23	2.45e-16	2.34e-10	1.35e-05	1.00e+00	3.82e-06	0.00e+00
 2.36615e+13	1.06e-30	5.04e-23	3.00e-16	2.68e-10	1.45e-05	1.00e+00	3.56e-06	0.00e+00
 2.46183e+13	1.55e-30	6.83e-23	3.77e-16	3.12e-10	1.57e-05	1.00e+00	3.30e-06	0.00e+00
 2.55724e+13	2.21e-30	9.11e-23	4.70e-16	3.62e-10	1.69e-05	1.00e+00	3.06e-06	0.00e+00
 2.64707e+13	3.08e-30	1.19e-22	5.75e-16	4.14e-10	1.81e-05	1.00e+00	2.86e-06	0.00e+00
 2.74655e+13	4.41e-30	1.59e-22	7.13e-16	4.78e-10	1.94e-05	1.00e+00	2.66e-06	0.00e+00
 2.85940e+13	6.46e-30	2.16e-22	9.01e-16	5.60e-10	2.10e-05	1.00e+00	2.46e-06	0.00e+00
 2.97223e+13	9.48e-30	2.93e-22	1.13e-15	6.50e-10	2.27e-05	1.00e+00	2.28e-06	0.00e+00
 3.08958e+13	1.37e-29	3.94e-22	1.42e-15	7.57e-10	2.45e-05	1.00e+00	2.11e-06	0.00e+00
 3.21616e+13	2.03e-29	5.39e-22	1.79e-15	8.85e-10	2.64e-05	1.00e+00	1.96e-06	0.00e+00
 3.34779e+13	3.01e-29	7.40e-22	2.27e-15	1.04e-09	2.86e-05	1.00e+00	1.81e-06	0.00e+00
 3.47481e+13	4.33e-29	9.89e-22	2.83e-15	1.20e-09	3.07e-05	1.00e+00	1.68e-06	0.00e+00
 3.59365e+13	5.98e-29	1.28e-21	3.44e-15	1.37e-09	3.28e-05	1.00e+00	1.57e-06	0.00e+00
 3.70522e+13	8.08e-29	1.63e-21	4.12e-15	1.54e-09	3.48e-05	1.00e+00	1.48e-06	0.00e+00
 3.82631e+13	1.11e-28	2.10e-21	4.98e-15	1.75e-09	3.71e-05	1.00e+00	1.39e-06	0.00e+00
 3.96201e+13	1.57e-28	2.76e-21	6.12e-15	2.00e-09	3.97e-05	1.00e+00	1.30e-06	0.00e+00
 4.09057e+13	2.12e-28	3.54e-21	7.38e-15	2.27e-09	4.23e-05	1.00e+00	1.22e-06	0.00e+00
 4.23157e+13	2.97e-28	4.62e-21	9.02e-15	2.59e-09	4.51e-05	1.00e+00	1.15e-06	0.00e+00
 4.38995e+13	4.28e-28	6.18e-21	1.12e-14	2.99e-09	4.85e-05	1.00e+00	1.07e-06	0.00e+00
 4.54090e+13	5.94e-28	8.05e-21	1.37e-14	3.42e-09	5.18e-05	1.00e+00	9.98e-07	0.00e+00
 4.70693e+13	8.37e-28	1.06e-20	1.69e-14	3.94e-09	5.56e-05	1.00e+00	0.00e+00	0.00e+00
 4.89248e+13	1.22e-27	1.44e-20	2.13e-14	4.58e-09	5.99e-05	1.00e+00	0.00e+00	0.00e+00
 5.06992e+13	1.74e-27	1.90e-20	2.62e-14	5.27e-09	6.43e-05	1.00e+00	0.00e+00	0.00e+00
 5.26018e+13	2.48e-27	2.54e-20	3.26e-14	6.10e-09	6.91e-05	1.00e+00	0.00e+00	0.00e+00
 5.47358e+13	3.62e-27	3.44e-20	4.12e-14	7.14e-09	7.48e-05	1.00e+00	0.00e+00	0.00e+00
 5.67075e+13	5.13e-27	4.55e-20	5.09e-14	8.20e-09	8.02e-05	1.00e+00	0.00e+00	0.00e+00
 5.84130e+13	6.76e-27	5.69e-20	6.06e-14	9.22e-09	8.51e-05	1.00e+00	0.00e+00	0.00e+00
 6.03029e+13	9.27e-27	7.33e-20	7.32e-14	1.05e-08	9.06e-05	1.00e+00	0.00e+00	0.00e+00
 6.26135e+13	1.31e-26	9.73e-20	9.13e-14	1.21e-08	9.77e-05	1.00e+00	0.00e+00	0.00e+00
 6.49521e+13	1.89e-26	1.30e-19	1.13e-13	1.40e-08	1.05e-04	1.00e+00	0.00e+00	0.00e+00
 6.70524e+13	2.53e-26	1.65e-19	1.37e-13	1.59e-08	1.12e-04	1.00e+00	0.00e+00	0.00e+00
 6.93618e+13	3.49e-26	2.14e-19	1.67e-13	1.82e-08	1.20e-04	1.00e+00	0.00e+00	0.00e+00
 7.20954e+13	5.03e-26	2.88e-19	2.10e-13	2.12e-08	1.30e-04	1.00e+00	0.00e+00	0.00e+00
 7.47840e+13	7.21e-26	3.85e-19	2.61e-13	2.45e-08	1.39e-04	1.00e+00	0.00e+00	0.00e+00
 7.72416e+13	9.64e-26	4.89e-19	3.16e-13	2.79e-08	1.49e-04	1.00e+00	0.00e+00	0.00e+00
 7.99953e+13	1.36e-25	6.45e-19	3.89e-13	3.20e-08	1.59e-04	1.00e+00	0.00e+00	0.00e+00
 8.31978e+13	1.93e-25	8.62e-19	4.90e-13	3.75e-08	1.73e-04	1.00e+00	0.00e+00	0.00e+00
 8.63352e+13	2.74e-25	1.15e-18	6.11e-13	4.34e-08	1.86e-04	1.00e+00	0.00e+00	0.00e+00
 8.92963e+13	3.80e-25	1.49e-18	7.46e-13	4.96e-08	1.99e-04	1.00e+00	0.00e+00	0.00e+00
 9.25963e+13	5.34e-25	1.96e-18	9.24e-13	5.73e-08	2.14e-04	1.00e+00	0.00e+00	0.00e+00
 9.63300e+13	7.59e-25	2.63e-18	1.17e-12	6.71e-08	2.32e-04	1.00e+00	0.00e+00	0.00e+00
 1.00061e+14	1.08e-24	3.51e-18	1.46e-12	7.80e-08	2.51e-04	1.00e+00	0.00e+00	0.00e+00
 1.03557e+14	1.51e-24	4.58e-18	1.79e-12	8.94e-08	2.69e-04	1.00e+00	0.00e+00	0.00e+00
 1.07345e+14	2.10e-24	6.01e-18	2.22e-12	1.03e-07	2.89e-04	1.00e+00	0.00e+00	0.00e+00
 1.11579e+14	2.95e-24	7.98e-18	2.79e-12	1.20e-07	3.12e-04	1.00e+00	0.00e+00	0.00e+00
 1.15534e+14	4.09e-24	1.04e-17	3.43e-12	1.38e-07	3.35e-04	1.00e+00	0.00e+00	0.00e+00
 1.19198e+14	5.52e-24	1.32e-17	4.12e-12	1.56e-07	3.57e-04	1.00e+00	0.00e+00	0.00e+00
 1.22724e+14	7.19e-24	1.65e-17	4.90e-12	1.76e-07	3.78e-04	1.00e+00	0.00e+00	0.00e+00
 1.26637e+14	9.45e-24	2.07e-17	5.90e-12	1.99e-07	4.03e-04	1.00e+00	0.00e+00	0.00e+00
 1.30960e+14	1.31e-23	2.69e-17	7.20e-12	2.28e-07	4.31e-04	1.00e+00	0.00e+00	0.00e+00
 1.34983e+14	1.69e-23	3.33e-17	8.61e-12	2.57e-07	4.59e-04	1.00e+00	0.00e+00	0.00e+00
 1.39383e+14	2.28e-23	4.26e-17	1.04e-11	2.92e-07	4.89e-04	1.00e+00	0.00e+00	0.00e+00
 1.44331e+14	3.18e-23	5.57e-17	1.28e-11	3.35e-07	5.25e-04	9.99e-01	0.00e+00	0.00e+00
 1.49054e+14	4.17e-23	7.01e-17	1.55e-11	3.81e-07	5.61e-04	9.99e-01	0.00e+00	0.00e+00
 1.54257e+14	5.81e-23	9.16e-17	1.90e-11	4.37e-07	6.01e-04	9.99e-01	0.00e+00	0.00e+00
 1.59990e+14	7.87e-23	1.18e-16	2.36e-11	5.05e-07	6.47e-04	9.99e-01	0.00e+00	0.00e+00
 1.65254e+14	1.06e-22	1.51e-16	2.86e-11	5.75e-07	6.91e-04	9.99e-01	0.00e+00	0.00e+00
 1.70944e+14	1.46e-22	1.96e-16	3.50e-11	6.58e-07	7.40e-04	9.99e-01	0.00e+00	0.00e+00
 1.77313e+14	1.98e-22	2.54e-16	4.34e-11	7.61e-07	7.97e-04	9.99e-01	0.00e+00	0.00e+00
 1.83314e+14	2.73e-22	3.29e-16	5.29e-11	8.69e-07	8.52e-04	9.99e-01	0.00e+00	0.00e+00
 1.89864e+14	3.63e-22	4.20e-16	6.51e-11	1.00e-06	9.17e-04	9.99e-01	0.00e+00	0.00e+00
 1.97126e+14	5.12e-22	5.57e-16	8.13e-11	1.16e-06	9.89e-04	9.99e-01	0.00e+00	0.00e+00
 2.03895e+14	6.83e-22	7.09e-16	9.92e-11	1.33e-06	1.06e-03	9.99e-01	0.00e+00	0.00e+00
 2.11260e+14	9.52e-22	9.30e-16	1.22e-10	1.53e-06	1.14e-03	9.99e-01	0.00e+00	0.00e+00
 2.19508e+14	1.30e-21	1.21e-15	1.53e-10	1.78e-06	1.23e-03	9.99e-01	0.00e+00	0.00e+00
 2.27313e+14	1.79e-21	1.58e-15	1.89e-10	2.05e-06	1.32e-03	9.99e-01	0.00e+00	0.00e+00
 2.35663e+14	2.39e-21	2.03e-15	2.33e-10	2.37e-06	1.43e-03	9.99e-01	0.00e+00	0.00e+00
 2.44932e+14	3.41e-21	2.71e-15	2.93e-10	2.76e-06	1.55e-03	9.98e-01	0.00e+00	0.00e+00
 2.53971e+14	4.55e-21	3.47e-15	3.62e-10	3.19e-06	1.67e-03	9.98e-01	0.00e+00	0.00e+00
 2.63558e+14	6.33e-21	4.57e-15	4.51e-10	3.70e-06	1.80e-03	9.98e-01	0.00e+00	0.00e+00
 2.74130e+14	8.64e-21	5.98e-15	5.68e-10	4.33e-06	1.96e-03	9.98e-01	0.00e+00	0.00e+00
 2.84520e+14	1.20e-20	7.85e-15	7.07e-10	5.03e-06	2.12e-03	9.98e-01	0.00e+00	0.00e+00
 2.93093e+14	1.51e-20	9.59e-15	8.41e-10	5.66e-06	2.26e-03	9.98e-01	0.00e+00	0.00e+00
 2.99959e+14	1.83e-20	1.13e-14	9.63e-10	6.21e-06	2.37e-03	9.98e-01	0.00e+00	0.00e+00
 3.07531e+14	2.26e-20	1.35e-14	1.11e-09	6.86e-06	2.50e-03	9.97e-01	0.00e+00	0.00e+00
 3.17374e+14	2.90e-20	1.68e-14	1.34e-09	7.79e-06	2.68e-03	9.97e-01	0.00e+00	0.00e+00
 3.27943e+14	3.78e-20	2.10e-14	1.62e-09	8.88e-06	2.87e-03	9.97e-01	0.00e+00	0.00e+00
 3.37345e+14	4.80e-20	2.57e-14	1.92e-09	9.94e-06	3.05e-03	9.97e-01	0.00e+00	0.00e+00
 3.47460e+14	6.03e-20	3.14e-14	2.28e-09	1.12e-05	3.25e-03	9.97e-01	0.00e+00	0.00e+00
 3.60256e+14	8.12e-20	4.05e-14	2.81e-09	1.29e-05	3.52e-03	9.96e-01	0.00e+00	0.00e+00
 3.73230e+14	1.07e-19	5.14e-14	3.46e-09	1.49e-05	3.80e-03	9.96e-01	0.00e+00	0.00e+00
 3.84257e+14	1.35e-19	6.30e-14	4.10e-09	1.67e-05	4.05e-03	9.96e-01	0.00e+00	0.00e+00
 3.96060e+14	1.72e-19	7.76e-14	4.89e-09	1.89e-05	4.33e-03	9.96e-01	0.00e+00	0.00e+00
 4.10800e+14	2.29e-19	9.95e-14	6.06e-09	2.19e-05	4.69e-03	9.95e-01	0.00e+00	0.00e+00
 4.25951e+14	3.06e-19	1.28e-13	7.49e-09	2.53e-05	5.08e-03	9.95e-01	0.00e+00	0.00e+00
 4.39315e+14	3.92e-19	1.58e-13	8.97e-09	2.86e-05	5.44e-03	9.95e-01	0.00e+00	0.00e+00
 4.53767e+14	5.02e-19	1.97e-13	1.08e-08	3.25e-05	5.84e-03	9.94e-01	0.00e+00	0.00e+00
 4.71190e+14	6.79e-19	2.56e-13	1.35e-08	3.78e-05	6.36e-03	9.94e-01	0.00e+00	0.00e+00
 4.88451e+14	9.04e-19	3.27e-13	1.67e-08	4.37e-05	6.89e-03	9.93e-01	0.00e+00	0.00e+00
 5.03816e+14	1.15e-18	4.04e-13	2.01e-08	4.94e-05	7.37e-03	9.93e-01	0.00e+00	0.00e+00
 5.20737e+14	1.51e-18	5.10e-13	2.44e-08	5.64e-05	7.94e-03	9.92e-01	0.00e+00	0.00e+00
 5.40923e+14	2.04e-18	6.64e-13	3.05e-08	6.56e-05	8.64e-03	9.91e-01	0.00e+00	0.00e+00
 5.61001e+14	2.74e-18	8.56e-13	3.78e-08	7.59e-05	9.37e-03	9.91e-01	0.00e+00	0.00e+00
 5.79397e+14	3.52e-18	1.07e-12	4.57e-08	8.63e-05	1.01e-02	9.90e-01	0.00e+00	0.00e+00
 5.99954e+14	4.62e-18	1.36e-12	5.62e-08	9.92e-05	1.09e-02	9.89e-01	0.00e+00	0.00e+00
 6.23820e+14	6.44e-18	1.80e-12	7.09e-08	1.16e-04	1.19e-02	9.88e-01	0.00e+00	0.00e+00
 6.47231e+14	8.68e-18	2.33e-12	8.83e-08	1.34e-04	1.29e-02	9.87e-01	0.00e+00	0.00e+00
 6.69476e+14	1.13e-17	2.94e-12	1.08e-07	1.53e-04	1.39e-02	9.86e-01	0.00e+00	0.00e+00
 6.89036e+14	1.44e-17	3.61e-12	1.28e-07	1.72e-04	1.48e-02	9.85e-01	0.00e+00	0.00e+00
 7.05288e+14	1.77e-17	4.30e-12	1.47e-07	1.89e-04	1.56e-02	9.84e-01	0.00e+00	0.00e+00
 7.23164e+14	2.18e-17	5.15e-12	1.71e-07	2.09e-04	1.65e-02	9.83e-01	0.00e+00	0.00e+00
 7.46402e+14	2.83e-17	6.45e-12	2.07e-07	2.37e-04	1.77e-02	9.82e-01	0.00e+00	0.00e+00
 7.70763e+14	3.66e-17	8.07e-12	2.51e-07	2.69e-04	1.89e-02	9.81e-01	0.00e+00	0.00e+00
 7.91716e+14	4.61e-17	9.82e-12	2.95e-07	2.99e-04	2.01e-02	9.80e-01	0.00e+00	0.00e+00
 8.14087e+14	5.96e-17	1.22e-11	3.49e-07	3.34e-04	2.14e-02	9.78e-01	0.00e+00	0.00e+00
 8.43169e+14	8.07e-17	1.57e-11	4.31e-07	3.85e-04	2.31e-02	9.77e-01	0.00e+00	0.00e+00
 8.73057e+14	1.06e-16	2.00e-11	5.31e-07	4.42e-04	2.49e-02	9.75e-01	0.00e+00	0.00e+00
 8.98008e+14	1.36e-16	2.47e-11	6.30e-07	4.94e-04	2.65e-02	9.73e-01	0.00e+00	0.00e+00
 9.24458e+14	1.91e-16	3.06e-11	7.51e-07	5.55e-04	2.82e-02	9.71e-01	0.00e+00	0.00e+00
 9.58211e+14	2.67e-16	4.04e-11	9.33e-07	6.40e-04	3.05e-02	9.69e-01	0.00e+00	0.00e+00
 9.93586e+14	3.60e-16	5.22e-11	1.16e-06	7.39e-04	3.29e-02	9.66e-01	0.00e+00	0.00e+00
 1.02505e+15	4.78e-16	6.61e-11	1.40e-06	8.37e-04	3.52e-02	9.64e-01	0.00e+00	0.00e+00
 1.05931e+15	6.42e-16	8.46e-11	1.71e-06	9.53e-04	3.78e-02	9.61e-01	0.00e+00	0.00e+00
 1.10026e+15	9.40e-16	1.15e-10	2.16e-06	1.11e-03	4.10e-02	9.58e-01	0.00e+00	0.00e+00
 1.14083e+15	1.30e-15	1.50e-10	2.69e-06	1.28e-03	4.43e-02	9.54e-01	0.00e+00	0.00e+00
 1.17755e+15	1.74e-15	1.91e-10	3.26e-06	1.45e-03	4.74e-02	9.51e-01	0.00e+00	0.00e+00
 1.21836e+15	2.31e-15	2.44e-10	4.01e-06	1.66e-03	5.09e-02	9.47e-01	0.00e+00	0.00e+00
 1.26627e+15	3.40e-15	3.33e-10	5.07e-06	1.94e-03	5.52e-02	9.43e-01	0.00e+00	0.00e+00
 1.31356e+15	4.80e-15	4.41e-10	6.33e-06	2.24e-03	5.95e-02	9.38e-01	0.00e+00	0.00e+00
 1.35786e+15	6.55e-15	5.69e-10	7.75e-06	2.55e-03	6.38e-02	9.34e-01	0.00e+00	0.00e+00
 1.40732e+15	8.87e-15	7.38e-10	9.62e-06	2.94e-03	6.86e-02	9.28e-01	0.00e+00	0.00e+00
 1.46364e+15	1.34e-14	1.02e-09	1.22e-05	3.43e-03	7.45e-02	9.22e-01	0.00e+00	0.00e+00
 1.51929e+15	1.91e-14	1.36e-09	1.53e-05	3.97e-03	8.03e-02	9.16e-01	0.00e+00	0.00e+00
 1.56486e+15	2.53e-14	1.72e-09	1.83e-05	4.46e-03	8.53e-02	9.10e-01	0.00e+00	0.00e+00
 1.60044e+15	3.14e-14	2.04e-09	2.10e-05	4.87e-03	8.92e-02	9.06e-01	0.00e+00	0.00e+00
 1.63941e+15	3.94e-14	2.46e-09	2.43e-05	5.35e-03	9.36e-02	9.01e-01	0.00e+00	0.00e+00
 1.69007e+15	5.08e-14	3.06e-09	2.92e-05	6.02e-03	9.93e-02	8.95e-01	0.00e+00	0.00e+00
 1.74514e+15	7.17e-14	4.00e-09	3.55e-05	6.83e-03	1.06e-01	8.87e-01	0.00e+00	0.00e+00
 1.79456e+15	9.39e-14	4.98e-09	4.19e-05	7.60e-03	1.12e-01	8.81e-01	0.00e+00	0.00e+00
 1.84744e+15	1.23e-13	6.21e-09	4.99e-05	8.50e-03	1.18e-01	8.73e-01	0.00e+00	0.00e+00
 1.91489e+15	1.75e-13	8.26e-09	6.19e-05	9.77e-03	1.27e-01	8.64e-01	0.00e+00	0.00e+00
 1.98331e+15	2.35e-13	1.06e-08	7.62e-05	1.12e-02	1.35e-01	8.54e-01	0.00e+00	0.00e+00
 2.04092e+15	3.11e-13	1.33e-08	9.05e-05	1.25e-02	1.43e-01	8.45e-01	0.00e+00	0.00e+00
 2.10244e+15	4.13e-13	1.68e-08	1.08e-04	1.40e-02	1.51e-01	8.35e-01	0.00e+00	0.00e+00
 2.17998e+15	6.10e-13	2.27e-08	1.34e-04	1.60e-02	1.61e-01	8.23e-01	0.00e+00	0.00e+00
 2.25970e+15	8.50e-13	2.98e-08	1.66e-04	1.83e-02	1.72e-01	8.10e-01	0.00e+00	0.00e+00
 2.32954e+15	1.11e-12	3.72e-08	1.98e-04	2.05e-02	1.81e-01	7.98e-01	0.00e+00	0.00e+00
 2.40515e+15	1.50e-12	4.75e-08	2.39e-04	2.31e-02	1.92e-01	7.85e-01	0.00e+00	0.00e+00
 2.49685e+15	2.25e-12	6.51e-08	2.99e-04	2.66e-02	2.05e-01	7.69e-01	0.00e+00	0.00e+00
 2.58754e+15	3.12e-12	8.51e-08	3.68e-04	3.03e-02	2.17e-01	7.52e-01	0.00e+00	0.00e+00
 2.66812e+15	4.07e-12	1.06e-07	4.39e-04	3.39e-02	2.28e-01	7.38e-01	0.00e+00	0.00e+00
 2.75749e+15	5.55e-12	1.37e-07	5.31e-04	3.81e-02	2.40e-01	7.21e-01	0.00e+00	0.00e+00
 2.86418e+15	8.36e-12	1.88e-07	6.64e-04	4.38e-02	2.55e-01	7.00e-01	0.00e+00	0.00e+00
 2.96526e+15	1.16e-11	2.44e-07	8.10e-04	4.95e-02	2.69e-01	6.81e-01	0.00e+00	0.00e+00
 3.05118e+15	1.52e-11	3.04e-07	9.53e-04	5.47e-02	2.80e-01	6.64e-01	0.00e+00	0.00e+00
 3.14550e+15	2.03e-11	3.83e-07	1.13e-03	6.08e-02	2.93e-01	6.45e-01	0.00e+00	0.00e+00
 3.26281e+15	2.73e-11	4.93e-07	1.39e-03	6.88e-02	3.07e-01	6.23e-01	0.00e+00	0.00e+00
 3.38355e+15	4.04e-11	6.68e-07	1.71e-03	7.79e-02	3.22e-01	5.98e-01	0.00e+00	0.00e+00
 3.47665e+15	5.17e-11	8.17e-07	1.99e-03	8.52e-02	3.33e-01	5.79e-01	0.00e+00	0.00e+00
 3.56025e+15	6.47e-11	9.78e-07	2.27e-03	9.22e-02	3.43e-01	5.63e-01	0.00e+00	0.00e+00
 3.66893e+15	8.49e-11	1.22e-06	2.68e-03	1.02e-01	3.55e-01	5.41e-01	0.00e+00	0.00e+00
 3.78511e+15	1.15e-10	1.55e-06	3.19e-03	1.12e-01	3.67e-01	5.18e-01	0.00e+00	0.00e+00
 3.88662e+15	1.46e-10	1.89e-06	3.68e-03	1.22e-01	3.76e-01	4.98e-01	0.00e+00	0.00e+00
 3.99416e+15	1.87e-10	2.30e-06	4.27e-03	1.33e-01	3.86e-01	4.77e-01	0.00e+00	0.00e+00
 4.13396e+15	2.61e-10	2.99e-06	5.15e-03	1.48e-01	3.98e-01	4.50e-01	0.00e+00	0.00e+00
 4.27449e+15	3.48e-10	3.78e-06	6.14e-03	1.63e-01	4.07e-01	4.24e-01	0.00e+00	0.00e+00
 4.38662e+15	4.31e-10	4.51e-06	7.03e-03	1.75e-01	4.14e-01	4.04e-01	0.00e+00	0.00e+00
 4.50300e+15	5.47e-10	5.46e-06	8.08e-03	1.89e-01	4.21e-01	3.83e-01	0.00e+00	0.00e+00
 4.65429e+15	7.77e-10	7.15e-06	9.66e-03	2.07e-01	4.28e-01	3.55e-01	0.00e+00	0.00e+00
 4.80905e+15	1.04e-09	9.04e-06	1.14e-02	2.26e-01	4.33e-01	3.29e-01	0.00e+00	0.00e+00
 4.93710e+15	1.32e-09	1.09e-05	1.31e-02	2.42e-01	4.36e-01	3.08e-01	0.00e+00	0.00e+00
 5.07237e+15	1.71e-09	1.34e-05	1.51e-02	2.60e-01	4.38e-01	2.87e-01	0.00e+00	0.00e+00
 5.22212e+15	2.13e-09	1.61e-05	1.74e-02	2.79e-01	4.38e-01	2.66e-01	0.00e+00	0.00e+00
 5.36272e+15	2.85e-09	2.00e-05	2.00e-02	2.98e-01	4.37e-01	2.45e-01	0.00e+00	0.00e+00
 5.49323e+15	3.56e-09	2.39e-05	2.26e-02	3.15e-01	4.35e-01	2.27e-01	0.00e+00	0.00e+00
 5.63856e+15	4.36e-09	2.82e-05	2.57e-02	3.34e-01	4.31e-01	2.09e-01	0.00e+00	0.00e+00
 5.79927e+15	5.95e-09	3.57e-05	2.98e-02	3.55e-01	4.26e-01	1.89e-01	0.00e+00	0.00e+00
 5.94170e+15	7.47e-09	4.26e-05	3.36e-02	3.74e-01	4.20e-01	1.73e-01	0.00e+00	0.00e+00
 6.06870e+15	9.17e-09	4.99e-05	3.74e-02	3.90e-01	4.14e-01	1.59e-01	0.00e+00	0.00e+00
 6.18963e+15	1.11e-08	5.79e-05	4.13e-02	4.06e-01	4.07e-01	1.46e-01	0.00e+00	0.00e+00
 6.30397e+15	1.31e-08	6.61e-05	4.53e-02	4.20e-01	3.99e-01	1.36e-01	0.00e+00	0.00e+00
 6.43401e+15	1.64e-08	7.83e-05	5.04e-02	4.36e-01	3.90e-01	1.23e-01	0.00e+00	0.00e+00
 6.56971e+15	1.93e-08	8.93e-05	5.58e-02	4.52e-01	3.80e-01	1.13e-01	0.00e+00	0.00e+00
 6.71279e+15	2.53e-08	1.09e-04	6.27e-02	4.69e-01	3.68e-01	1.00e-01	0.00e+00	0.00e+00
 6.86841e+15	3.05e-08	1.27e-04	7.02e-02	4.86e-01	3.54e-01	8.95e-02	0.00e+00	0.00e+00
 7.01375e+15	4.06e-08	1.57e-04	7.88e-02	5.02e-01	3.40e-01	7.88e-02	0.00e+00	0.00e+00
 7.14600e+15	4.96e-08	1.82e-04	8.69e-02	5.15e-01	3.27e-01	7.06e-02	0.00e+00	0.00e+00
 7.26841e+15	6.02e-08	2.11e-04	9.53e-02	5.27e-01	3.15e-01	6.33e-02	0.00e+00	0.00e+00
 7.38685e+15	7.27e-08	2.44e-04	1.04e-01	5.37e-01	3.02e-01	5.69e-02	0.00e+00	0.00e+00
 7.50134e+15	8.61e-08	2.77e-04	1.13e-01	5.46e-01	2.89e-01	5.12e-02	0.00e+00	0.00e+00
 7.63196e+15	1.07e-07	3.26e-04	1.25e-01	5.56e-01	2.74e-01	4.49e-02	0.00e+00	0.00e+00
 7.77818e+15	1.40e-07	3.97e-04	1.39e-01	5.65e-01	2.57e-01	3.83e-02	0.00e+00	0.00e+00
 7.91041e+15	1.70e-07	4.61e-04	1.53e-01	5.72e-01	2.41e-01	3.34e-02	0.00e+00	0.00e+00
 8.02611e+15	1.99e-07	5.22e-04	1.66e-01	5.77e-01	2.27e-01	2.93e-02	0.00e+00	0.00e+00
 8.15457e+15	2.70e-07	6.46e-04	1.84e-01	5.81e-01	2.10e-01	2.46e-02	0.00e+00	0.00e+00
 8.27075e+15	3.30e-07	7.50e-04	2.00e-01	5.82e-01	1.96e-01	2.12e-02	0.00e+00	0.00e+00
 8.34962e+15	3.83e-07	8.36e-04	2.12e-01	5.82e-01	1.86e-01	1.90e-02	0.00e+00	0.00e+00
 8.43085e+15	4.50e-07	9.42e-04	2.25e-01	5.82e-01	1.75e-01	1.68e-02	0.00e+00	0.00e+00
 8.53644e+15	5.61e-07	1.10e-03	2.44e-01	5.79e-01	1.61e-01	1.42e-02	0.00e+00	0.00e+00
 8.64040e+15	6.38e-07	1.22e-03	2.62e-01	5.76e-01	1.48e-01	1.22e-02	0.00e+00	0.00e+00
 8.72094e+15	8.17e-07	1.45e-03	2.80e-01	5.71e-01	1.37e-01	1.04e-02	0.00e+00	0.00e+00
 8.77647e+15	9.13e-07	1.57e-03	2.92e-01	5.67e-01	1.30e-01	9.39e-03	0.00e+00	0.00e+00
 8.82078e+15	1.01e-06	1.69e-03	3.02e-01	5.64e-01	1.24e-01	8.58e-03	0.00e+00	0.00e+00
 8.87837e+15	1.10e-06	1.81e-03	3.14e-01	5.60e-01	1.17e-01	7.70e-03	0.00e+00	0.00e+00
 8.95325e+15	1.36e-06	2.10e-03	3.33e-01	5.52e-01	1.06e-01	6.47e-03	0.00e+00	0.00e+00
 9.02024e+15	1.58e-06	2.34e-03	3.50e-01	5.44e-01	9.81e-02	5.56e-03	0.00e+00	0.00e+00
 9.06385e+15	1.72e-06	2.48e-03	3.61e-01	5.39e-01	9.28e-02	5.03e-03	0.00e+00	0.00e+00
 9.10741e+15	1.92e-06	2.68e-03	3.73e-01	5.33e-01	8.72e-02	4.49e-03	0.00e+00	0.00e+00
 9.16404e+15	2.29e-06	3.03e-03	3.90e-01	5.24e-01	7.98e-02	3.81e-03	0.00e+00	0.00e+00
 9.21828e+15	2.53e-06	3.27e-03	4.04e-01	5.16e-01	7.37e-02	3.30e-03	0.00e+00	0.00e+00
 9.26942e+15	2.91e-06	3.60e-03	4.19e-01	5.07e-01	6.75e-02	2.82e-03	0.00e+00	0.00e+00
 9.32307e+15	3.49e-06	4.08e-03	4.36e-01	4.96e-01	6.11e-02	2.34e-03	0.00e+00	0.00e+00
 9.36473e+15	3.92e-06	4.43e-03	4.49e-01	4.88e-01	5.66e-02	2.04e-03	0.00e+00	0.00e+00
 9.40364e+15	4.24e-06	4.68e-03	4.60e-01	4.81e-01	5.25e-02	1.79e-03	0.00e+00	0.00e+00
 9.45423e+15	5.08e-06	5.30e-03	4.77e-01	4.70e-01	4.70e-02	1.46e-03	0.00e+00	0.00e+00
 9.50292e+15	5.80e-06	5.81e-03	4.91e-01	4.59e-01	4.23e-02	1.21e-03	0.00e+00	0.00e+00
 9.54147e+15	6.47e-06	6.27e-03	5.03e-01	4.51e-01	3.87e-02	1.03e-03	0.00e+00	0.00e+00
 9.58391e+15	7.35e-06	6.85e-03	5.16e-01	4.41e-01	3.48e-02	8.53e-04	0.00e+00	0.00e+00
 9.63181e+15	8.49e-06	7.57e-03	5.31e-01	4.30e-01	3.08e-02	6.84e-04	0.00e+00	0.00e+00
 9.67713e+15	9.66e-06	8.27e-03	5.45e-01	4.19e-01	2.74e-02	5.53e-04	0.00e+00	0.00e+00
 9.72636e+15	1.12e-05	9.17e-03	5.60e-01	4.07e-01	2.38e-02	4.30e-04	0.00e+00	0.00e+00
 9.77902e+15	1.31e-05	1.02e-02	5.75e-01	3.94e-01	2.04e-02	3.28e-04	0.00e+00	0.00e+00
 9.82677e+15	1.50e-05	1.12e-02	5.88e-01	3.83e-01	1.77e-02	2.54e-04	0.00e+00	0.00e+00
 9.87951e+15	1.75e-05	1.24e-02	6.02e-01	3.70e-01	1.50e-02	1.87e-04	0.00e+00	0.00e+00
 9.92720e+15	2.00e-05	1.35e-02	6.14e-01	3.59e-01	1.29e-02	1.44e-04	0.00e+00	0.00e+00
 9.95866e+15	2.18e-05	1.43e-02	6.22e-01	3.52e-01	1.17e-02	1.20e-04	0.00e+00	0.00e+00
 9.98988e+15	2.38e-05	1.52e-02	6.30e-01	3.44e-01	1.05e-02	9.95e-05	0.00e+00	0.00e+00
 1.00305e+16	2.67e-05	1.65e-02	6.40e-01	3.35e-01	9.12e-03	7.73e-05	0.00e+00	0.00e+00
 1.00750e+16	3.02e-05	1.79e-02	6.50e-01	3.24e-01	7.84e-03	5.89e-05	0.00e+00	0.00e+00
 1.01162e+16	3.37e-05	1.92e-02	6.59e-01	3.15e-01	6.82e-03	4.58e-05	0.00e+00	0.00e+00
 1.01611e+16	3.81e-05	2.08e-02	6.68e-01	3.05e-01	5.81e-03	3.43e-05	0.00e+00	0.00e+00
 1.02108e+16	4.33e-05	2.27e-02	6.78e-01	2.94e-01	4.89e-03	2.52e-05	0.00e+00	0.00e+00
 1.02564e+16	4.89e-05	2.46e-02	6.87e-01	2.84e-01	4.16e-03	1.89e-05	0.00e+00	0.00e+00
 1.02986e+16	5.46e-05	2.64e-02	6.95e-01	2.75e-01	3.59e-03	1.45e-05	0.00e+00	0.00e+00
 1.03467e+16	6.20e-05	2.87e-02	7.04e-01	2.64e-01	3.01e-03	1.06e-05	0.00e+00	0.00e+00
 1.03993e+16	7.11e-05	3.14e-02	7.13e-01	2.53e-01	2.50e-03	7.56e-06	0.00e+00	0.00e+00
 1.04466e+16	8.03e-05	3.41e-02	7.21e-01	2.43e-01	2.12e-03	5.60e-06	0.00e+00	0.00e+00
 1.04970e+16	9.19e-05	3.72e-02	7.29e-01	2.32e-01	1.76e-03	4.02e-06	0.00e+00	0.00e+00
 1.05506e+16	1.06e-04	4.07e-02	7.36e-01	2.21e-01	1.45e-03	2.86e-06	0.00e+00	0.00e+00
 1.05976e+16	1.20e-04	4.42e-02	7.43e-01	2.11e-01	1.23e-03	2.11e-06	0.00e+00	0.00e+00
 1.06402e+16	1.35e-04	4.77e-02	7.49e-01	2.03e-01	1.05e-03	1.60e-06	0.00e+00	0.00e+00
 1.06878e+16	1.53e-04	5.19e-02	7.54e-01	1.93e-01	8.77e-04	1.16e-06	0.00e+00	0.00e+00
 1.07404e+16	1.77e-04	5.69e-02	7.60e-01	1.82e-01	7.23e-04	8.26e-07	0.00e+00	0.00e+00
 1.07882e+16	2.02e-04	6.21e-02	7.65e-01	1.72e-01	6.04e-04	0.00e+00	0.00e+00	0.00e+00
 1.08304e+16	2.28e-04	6.72e-02	7.68e-01	1.64e-01	5.15e-04	0.00e+00	0.00e+00	0.00e+00
 1.08765e+16	2.61e-04	7.31e-02	7.72e-01	1.55e-01	4.30e-04	0.00e+00	0.00e+00	0.00e+00
 1.09278e+16	3.03e-04	8.05e-02	7.74e-01	1.45e-01	3.52e-04	0.00e+00	0.00e+00	0.00e+00
 1.09739e+16	3.48e-04	8.81e-02	7.76e-01	1.35e-01	2.93e-04	0.00e+00	0.00e+00	0.00e+00
 1.10138e+16	3.93e-04	9.52e-02	7.76e-01	1.28e-01	2.50e-04	0.00e+00	0.00e+00	0.00e+00
 1.10573e+16	4.50e-04	1.04e-01	7.76e-01	1.19e-01	2.08e-04	0.00e+00	0.00e+00	0.00e+00
 1.11051e+16	5.24e-04	1.14e-01	7.74e-01	1.11e-01	1.70e-04	0.00e+00	0.00e+00	0.00e+00
 1.11484e+16	6.03e-04	1.25e-01	7.72e-01	1.03e-01	1.41e-04	0.00e+00	0.00e+00	0.00e+00
 1.11874e+16	6.86e-04	1.36e-01	7.68e-01	9.56e-02	1.18e-04	0.00e+00	0.00e+00	0.00e+00
 1.12314e+16	7.96e-04	1.49e-01	7.62e-01	8.77e-02	9.65e-05	0.00e+00	0.00e+00	0.00e+00
 1.12789e+16	9.38e-04	1.65e-01	7.54e-01	7.96e-02	7.73e-05	0.00e+00	0.00e+00	0.00e+00
 1.13209e+16	1.09e-03	1.81e-01	7.45e-01	7.26e-02	6.30e-05	0.00e+00	0.00e+00	0.00e+00
 1.13583e+16	1.24e-03	1.97e-01	7.36e-01	6.65e-02	5.21e-05	0.00e+00	0.00e+00	0.00e+00
 1.14001e+16	1.45e-03	2.16e-01	7.22e-01	5.98e-02	4.17e-05	0.00e+00	0.00e+00	0.00e+00
 1.14463e+16	1.73e-03	2.40e-01	7.05e-01	5.28e-02	3.24e-05	0.00e+00	0.00e+00	0.00e+00
 1.14885e+16	2.04e-03	2.65e-01	6.86e-01	4.67e-02	2.54e-05	0.00e+00	0.00e+00	0.00e+00
 1.15271e+16	2.37e-03	2.90e-01	6.66e-01	4.13e-02	2.01e-05	0.00e+00	0.00e+00	0.00e+00
 1.15708e+16	2.83e-03	3.22e-01	6.40e-01	3.55e-02	1.52e-05	0.00e+00	0.00e+00	0.00e+00
 1.16196e+16	3.45e-03	3.61e-01	6.06e-01	2.95e-02	1.09e-05	0.00e+00	0.00e+00	0.00e+00
 1.16637e+16	4.17e-03	4.01e-01	5.70e-01	2.45e-02	7.88e-06	0.00e+00	0.00e+00	0.00e+00
 1.17015e+16	4.93e-03	4.38e-01	5.36e-01	2.05e-02	5.85e-06	0.00e+00	0.00e+00	0.00e+00
 1.17425e+16	5.91e-03	4.82e-01	4.96e-01	1.66e-02	4.11e-06	0.00e+00	0.00e+00	0.00e+00
 1.17868e+16	7.21e-03	5.33e-01	4.47e-01	1.28e-02	2.72e-06	0.00e+00	0.00e+00	0.00e+00
 1.18248e+16	8.58e-03	5.79e-01	4.02e-01	9.97e-03	1.85e-06	0.00e+00	0.00e+00	0.00e+00
 1.18573e+16	1.00e-02	6.20e-01	3.62e-01	7.85e-03	1.29e-06	0.00e+00	0.00e+00	0.00e+00
 1.18861e+16	1.15e-02	6.57e-01	3.26e-01	6.23e-03	9.15e-07	0.00e+00	0.00e+00	0.00e+00
 1.19113e+16	1.29e-02	6.88e-01	2.94e-01	5.01e-03	0.00e+00	0.00e+00	0.00e+00	0.00e+00
 1.19391e+16	1.48e-02	7.23e-01	2.59e-01	3.84e-03	0.00e+00	0.00e+00	0.00e+00	0.00e+00
 1.19684e+16	1.71e-02	7.58e-01	2.22e-01	2.83e-03	0.00e+00	0.00e+00	0.00e+00	0.00e+00
 1.19928e+16	1.93e-02	7.86e-01	1.92e-01	2.14e-03	0.00e+00	0.00e+00	0.00e+00	0.00e+00
 1.20129e+16	2.14e-02	8.07e-01	1.70e-01	1.68e-03	0.00e+00	0.00e+00	0.00e+00	0.00e+00
 1.20345e+16	2.39e-02	8.29e-01	1.46e-01	1.26e-03	0.00e+00	0.00e+00	0.00e+00	0.00e+00
 1.20582e+16	2.70e-02	8.50e-01	1.22e-01	8.99e-04	0.00e+00	0.00e+00	0.00e+00	0.00e+00
 1.20793e+16	3.02e-02	8.67e-01	1.03e-01	6.52e-04	0.00e+00	0.00e+00	0.00e+00	0.00e+00
 1.20976e+16	3.34e-02	8.79e-01	8.74e-02	4.86e-04	0.00e+00	0.00e+00	0.00e+00	0.00e+00
 1.21176e+16	3.73e-02	8.90e-01	7.24e-02	3.44e-04	0.00e+00	0.00e+00	0.00e+00	0.00e+00
 1.21393e+16	4.22e-02	8.99e-01	5.81e-02	2.31e-04	0.00e+00	0.00e+00	0.00e+00	0.00e+00
 1.21580e+16	4.71e-02	9.06e-01	4.72e-02	1.59e-04	0.00e+00	0.00e+00	0.00e+00	0.00e+00
 1.21740e+16	5.18e-02	9.09e-01	3.93e-02	1.15e-04	0.00e+00	0.00e+00	0.00e+00	0.00e+00
 1.21914e+16	5.76e-02	9.11e-01	3.17e-02	7.83e-05	0.00e+00	0.00e+00	0.00e+00	0.00e+00
 1.22106e+16	6.48e-02	9.10e-01	2.48e-02	5.06e-05	0.00e+00	0.00e+00	0.00e+00	0.00e+00
 1.22282e+16	7.28e-02	9.08e-01	1.95e-02	3.30e-05	0.00e+00	0.00e+00	0.00e+00	0.00e+00
 1.22435e+16	8.04e-02	9.04e-01	1.56e-02	2.23e-05	0.00e+00	0.00e+00	0.00e+00	0.00e+00
 1.22575e+16	8.81e-02	8.99e-01	1.27e-02	1.55e-05	0.00e+00	0.00e+00	0.00e+00	0.00e+00
 1.22714e+16	9.67e-02	8.93e-01	1.02e-02	1.06e-05	0.00e+00	0.00e+00	0.00e+00	0.00e+00
 1.22855e+16	1.06e-01	8.86e-01	8.13e-03	7.08e-06	0.00e+00	0.00e+00	0.00e+00	0.00e+00
 1.22987e+16	1.16e-01	8.78e-01	6.50e-03	4.79e-06	0.00e+00	0.00e+00	0.00e+00	0.00e+00
 1.23106e+16	1.26e-01	8.69e-01	5.30e-03	3.34e-06	0.00e+00	0.00e+00	0.00e+00	0.00e+00
 1.23212e+16	1.35e-01	8.61e-01	4.40e-03	2.41e-06	0.00e+00	0.00e+00	0.00e+00	0.00e+00
 1.23306e+16	1.43e-01	8.53e-01	3.71e-03	1.78e-06	0.00e+00	0.00e+00	0.00e+00	0.00e+00
 1.23379e+16	1.50e-01	8.47e-01	3.25e-03	1.42e-06	0.00e+00	0.00e+00	0.00e+00	0.00e+00
 1.23427e+16	1.54e-01	8.43e-01	2.97e-03	1.21e-06	0.00e+00	0.00e+00	0.00e+00	0.00e+00
 1.23472e+16	1.59e-01	8.38e-01	2.73e-03	1.04e-06	0.00e+00	0.00e+00	0.00e+00	0.00e+00
 1.23524e+16	1.65e-01	8.33e-01	2.46e-03	8.73e-07	0.00e+00	0.00e+00	0.00e+00	0.00e+00
 1.23581e+16	1.71e-01	8.27e-01	2.21e-03	0.00e+00	0.00e+00	0.00e+00	0.00e+00	0.00e+00
 1.23636e+16	1.77e-01	8.21e-01	1.98e-03	0.00e+00	0.00e+00	0.00e+00	0.00e+00	0.00e+00
 1.23687e+16	1.83e-01	8.15e-01	1.79e-03	0.00e+00	0.00e+00	0.00e+00	0.00e+00	0.00e+00
 1.23739e+16	1.89e-01	8.09e-01	1.61e-03	0.00e+00	0.00e+00	0.00e+00	0.00e+00	0.00e+00
 1.23790e+16	1.95e-01	8.03e-01	1.46e-03	0.00e+00	0.00e+00	0.00e+00	0.00e+00	0.00e+00
 1.23841e+16	2.02e-01	7.97e-01	1.31e-03	0.00e+00	0.00e+00	0.00e+00	0.00e+00	0.00e+00
 1.23892e+16	2.08e-01	7.91e-01	1.18e-03	0.00e+00	0.00e+00	0.00e+00	0.00e+00	0.00e+00
 1.23942e+16	2.15e-01	7.84e-01	1.06e-03	0.00e+00	0.00e+00	0.00e+00	0.00e+00	0.00e+00
 1.23992e+16	2.22e-01	7.78e-01	9.53e-04	0.00e+00	0.00e+00	0.00e+00	0.00e+00	0.00e+00
 1.24041e+16	2.28e-01	7.71e-01	8.59e-04	0.00e+00	0.00e+00	0.00e+00	0.00e+00	0.00e+00
 1.24090e+16	2.35e-01	7.64e-01	7.74e-04	0.00e+00	0.00e+00	0.00e+00	0.00e+00	0.00e+00
 1.24138e+16	2.42e-01	7.57e-01	6.94e-04	0.00e+00	0.00e+00	0.00e+00	0.00e+00	0.00e+00
 1.24187e+16	2.49e-01	7.50e-01	6.24e-04	0.00e+00	0.00e+00	0.00e+00	0.00e+00	0.00e+00
 1.24235e+16	2.57e-01	7.43e-01	5.60e-04	0.00e+00	0.00e+00	0.00e+00	0.00e+00	0.00e+00
 1.24282e+16	2.64e-01	7.35e-01	5.04e-04	0.00e+00	0.00e+00	0.00e+00	0.00e+00	0.00e+00
 1.24329e+16	2.72e-01	7.27e-01	4.52e-04	0.00e+00	0.00e+00	0.00e+00	0.00e+00	0.00e+00
 1.24377e+16	2.80e-01	7.20e-01	4.04e-04	0.00e+00	0.00e+00	0.00e+00	0.00e+00	0.00e+00
 1.24423e+16	2.88e-01	7.11e-01	3.63e-04	0.00e+00	0.00e+00	0.00e+00	0.00e+00	0.00e+00
 1.24469e+16	2.96e-01	7.03e-01	3.26e-04	0.00e+00	0.00e+00	0.00e+00	0.00e+00	0.00e+00
 1.24515e+16	3.05e-01	6.94e-01	2.91e-04	0.00e+00	0.00e+00	0.00e+00	0.00e+00	0.00e+00
 1.24561e+16	3.14e-01	6.86e-01	2.61e-04	0.00e+00	0.00e+00	0.00e+00	0.00e+00	0.00e+00
 1.24606e+16	3.23e-01	6.76e-01	2.33e-04	0.00e+00	0.00e+00	0.00e+00	0.00e+00	0.00e+00
 1.24651e+16	3.33e-01	6.67e-01	2.09e-04	0.00e+00	0.00e+00	0.00e+00	0.00e+00	0.00e+00
 1.24696e+16	3.42e-01	6.57e-01	1.87e-04	0.00e+00	0.00e+00	0.00e+00	0.00e+00	0.00e+00
 1.24741e+16	3.53e-01	6.47e-01	1.66e-04	0.00e+00	0.00e+00	0.00e+00	0.00e+00	0.00e+00
 1.24786e+16	3.63e-01	6.37e-01	1.48e-04	0.00e+00	0.00e+00	0.00e+00	0.00e+00	0.00e+00
 1.24830e+16	3.75e-01	6.25e-01	1.32e-04	0.00e+00	0.00e+00	0.00e+00	0.00e+00	0.00e+00
 1.24873e+16	3.86e-01	6.14e-01	1.18e-04	0.00e+00	0.00e+00	0.00e+00	0.00e+00	0.00e+00
 1.24915e+16	3.97e-01	6.03e-01	1.05e-04	0.00e+00	0.00e+00	0.00e+00	0.00e+00	0.00e+00
 1.24958e+16	4.10e-01	5.90e-01	9.39e-05	0.00e+00	0.00e+00	0.00e+00	0.00e+00	0.00e+00
 1.24999e+16	4.21e-01	5.79e-01	8.41e-05	0.00e+00	0.00e+00	0.00e+00	0.00e+00	0.00e+00
 1.25041e+16	4.35e-01	5.65e-01	7.48e-05	0.00e+00	0.00e+00	0.00e+00	0.00e+00	0.00e+00
 1.25082e+16	4.49e-01	5.51e-01	6.68e-05	0.00e+00	0.00e+00	0.00e+00	0.00e+00	0.00e+00
 1.25122e+16	4.61e-01	5.39e-01	5.98e-05	0.00e+00	0.00e+00	0.00e+00	0.00e+00	0.00e+00
 1.25163e+16	4.77e-01	5.23e-01	5.31e-05	0.00e+00	0.00e+00	0.00e+00	0.00e+00	0.00e+00
 1.25203e+16	4.91e-01	5.09e-01	4.74e-05	0.00e+00	0.00e+00	0.00e+00	0.00e+00	0.00e+00
 1.25243e+16	5.07e-01	4.93e-01	4.21e-05	0.00e+00	0.00e+00	0.00e+00	0.00e+00	0.00e+00
 1.25284e+16	5.23e-01	4.77e-01	3.74e-05	0.00e+00	0.00e+00	0.00e+00	0.00e+00	0.00e+00
 1.25324e+16	5.39e-01	4.61e-01	3.32e-05	0.00e+00	0.00e+00	0.00e+00	0.00e+00	0.00e+00
 1.25365e+16	5.57e-01	4.43e-01	2.94e-05	0.00e+00	0.00e+00	0.00e+00	0.00e+00	0.00e+00
 1.25406e+16	5.77e-01	4.23e-01	2.59e-05	0.00e+00	0.00e+00	0.00e+00	0.00e+00	0.00e+00
 1.25447e+16	5.96e-01	4.04e-01	2.29e-05	0.00e+00	0.00e+00	0.00e+00	0.00e+00	0.00e+00
 1.25489e+16	6.15e-01	3.85e-01	2.01e-05	0.00e+00	0.00e+00	0.00e+00	0.00e+00	0.00e+00
 1.25531e+16	6.34e-01	3.66e-01	1.77e-05	0.00e+00	0.00e+00	0.00e+00	0.00e+00	0.00e+00
 1.25575e+16	6.55e-01	3.45e-01	1.55e-05	0.00e+00	0.00e+00	0.00e+00	0.00e+00	0.00e+00
 1.25620e+16	6.76e-01	3.24e-01	1.35e-05	0.00e+00	0.00e+00	0.00e+00	0.00e+00	0.00e+00
 1.25663e+16	6.94e-01	3.06e-01	1.19e-05	0.00e+00	0.00e+00	0.00e+00	0.00e+00	0.00e+00
 1.25699e+16	7.08e-01	2.92e-01	1.08e-05	0.00e+00	0.00e+00	0.00e+00	0.00e+00	0.00e+00
 1.25733e+16	7.23e-01	2.77e-01	9.73e-06	0.00e+00	0.00e+00	0.00e+00	0.00e+00	0.00e+00
 1.25769e+16	7.38e-01	2.62e-01	8.76e-06	0.00e+00	0.00e+00	0.00e+00	0.00e+00	0.00e+00
 1.25806e+16	7.54e-01	2.46e-01	7.83e-06	0.00e+00	0.00e+00	0.00e+00	0.00e+00	0.00e+00
 1.25842e+16	7.66e-01	2.34e-01	7.11e-06	0.00e+00	0.00e+00	0.00e+00	0.00e+00	0.00e+00
 1.25877e+16	7.79e-01	2.21e-01	6.45e-06	0.00e+00	0.00e+00	0.00e+00	0.00e+00	0.00e+00
 1.25914e+16	7.92e-01	2.08e-01	5.83e-06	0.00e+00	0.00e+00	0.00e+00	0.00e+00	0.00e+00
 1.25952e+16	8.04e-01	1.96e-01	5.28e-06	0.00e+00	0.00e+00	0.00e+00	0.00e+00	0.00e+00
 1.25989e+16	8.15e-01	1.85e-01	4.80e-06	0.00e+00	0.00e+00	0.00e+00	0.00e+00	0.00e+00
 1.26027e+16	8.26e-01	1.74e-01	4.37e-06	0.00e+00	0.00e+00	0.00e+00	0.00e+00	0.00e+00
 1.26065e+16	8.36e-01	1.64e-01	3.98e-06	0.00e+00	0.00e+00	0.00e+00	0.00e+00	0.00e+00
 1.26105e+16	8.45e-01	1.55e-01	3.63e-06	0.00e+00	0.00e+00	0.00e+00	0.00e+00	0.00e+00
 1.26146e+16	8.55e-01	1.45e-01	3.30e-06	0.00e+00	0.00e+00	0.00e+00	0.00e+00	0.00e+00
 1.26189e+16	8.63e-01	1.37e-01	3.03e-06	0.00e+00	0.00e+00	0.00e+00	0.00e+00	0.00e+00
 1.26234e+16	8.72e-01	1.28e-01	2.76e-06	0.00e+00	0.00e+00	0.00e+00	0.00e+00	0.00e+00
 1.26280e+16	8.79e-01	1.21e-01	2.53e-06	0.00e+00	0.00e+00	0.00e+00	0.00e+00	0.00e+00
 1.26329e+16	8.86e-01	1.14e-01	2.32e-06	0.00e+00	0.00e+00	0.00e+00	0.00e+00	0.00e+00
 1.26380e+16	8.93e-01	1.07e-01	2.13e-06	0.00e+00	0.00e+00	0.00e+00	0.00e+00	0.00e+00
 1.26434e+16	8.99e-01	1.01e-01	1.96e-06	0.00e+00	0.00e+00	0.00e+00	0.00e+00	0.00e+00
 1.26491e+16	9.05e-01	9.50e-02	1.81e-06	0.00e+00	0.00e+00	0.00e+00	0.00e+00	0.00e+00
 1.26552e+16	9.10e-01	8.95e-02	1.66e-06	0.00e+00	0.00e+00	0.00e+00	0.00e+00	0.00e+00
 1.26618e+16	9.16e-01	8.44e-02	1.53e-06	0.00e+00	0.00e+00	0.00e+00	0.00e+00	0.00e+00
 1.26689e+16	9.20e-01	7.96e-02	1.42e-06	0.00e+00	0.00e+00	0.00e+00	0.00e+00	0.00e+00
 1.26766e+16	9.25e-01	7.50e-02	1.31e-06	0.00e+00	0.00e+00	0.00e+00	0.00e+00	0.00e+00
 1.26850e+16	9.29e-01	7.07e-02	1.21e-06	0.00e+00	0.00e+00	0.00e+00	0.00e+00	0.00e+00
 1.26941e+16	9.33e-01	6.66e-02	1.11e-06	0.00e+00	0.00e+00	0.00e+00	0.00e+00	0.00e+00
 1.27040e+16	9.37e-01	6.28e-02	1.03e-06	0.00e+00	0.00e+00	0.00e+00	0.00e+00	0.00e+00
 1.27147e+16	9.41e-01	5.91e-02	9.46e-07	0.00e+00	0.00e+00	0.00e+00	0.00e+00	0.00e+00
 1.27262e+16	9.44e-01	5.56e-02	8.71e-07	0.00e+00	0.00e+00	0.00e+00	0.00e+00	0.00e+00
 1.27385e+16	9.48e-01	5.22e-02	8.01e-07	0.00e+00	0.00e+00	0.00e+00	0.00e+00	0.00e+00
 1.27516e+16	9.51e-01	4.91e-02	7.36e-07	0.00e+00	0.00e+00	0.00e+00	0.00e+00	0.00e+00
 1.27653e+16	9.54e-01	4.60e-02	6.75e-07	0.00e+00	0.00e+00	0.00e+00	0.00e+00	0.00e+00
 1.27795e+16	9.57e-01	4.32e-02	6.19e-07	0.00e+00	0.00e+00	0.00e+00	0.00e+00	0.00e+00
 1.27943e+16	9.60e-01	4.04e-02	5.67e-07	0.00e+00	0.00e+00	0.00e+00	0.00e+00	0.00e+00
 1.28096e+16	9.62e-01	3.79e-02	5.18e-07	0.00e+00	0.00e+00	0.00e+00	0.00e+00	0.00e+00
 1.28257e+16	9.65e-01	3.54e-02	4.73e-07	0.00e+00	0.00e+00	0.00e+00	0.00e+00	0.00e+00
