#depth	O	O+	O+2	O+3	O+4	O+5	O+6	O+7	O+8	O[1]	O[2]	O[3]
 1.49634e+10	0.00e+00	0.00e+00	1.37e-31	7.08e-23	5.34e-15	5.31e-08	1.00e+00	0.00e+00	0.00e+00	0.00e+00	0.00e+00	0.00e+00
 4.54887e+10	0.00e+00	3.80e-41	1.90e-31	9.06e-23	6.30e-15	5.77e-08	1.00e+00	1.70e-07	0.00e+00	0.00e+00	0.00e+00	0.00e+00
 7.72350e+10	0.00e+00	0.00e+00	2.64e-31	1.16e-22	7.44e-15	6.28e-08	1.00e+00	0.00e+00	0.00e+00	0.00e+00	0.00e+00	0.00e+00
 1.10251e+11	0.00e+00	8.58e-41	3.66e-31	1.49e-22	8.80e-15	6.83e-08	1.00e+00	0.00e+00	0.00e+00	0.00e+00	0.00e+00	0.00e+00
 1.42776e+11	0.00e+00	0.00e+00	4.99e-31	1.88e-22	1.03e-14	7.40e-08	1.00e+00	0.00e+00	0.00e+00	0.00e+00	0.00e+00	0.00e+00
 1.74148e+11	0.00e+00	1.81e-40	6.66e-31	2.34e-22	1.20e-14	7.98e-08	1.00e+00	0.00e+00	0.00e+00	0.00e+00	0.00e+00	0.00e+00
 2.08588e+11	0.00e+00	0.00e+00	9.07e-31	2.96e-22	1.40e-14	8.65e-08	1.00e+00	0.00e+00	0.00e+00	0.00e+00	0.00e+00	0.00e+00
 2.46858e+11	0.00e+00	4.02e-40	1.26e-30	3.80e-22	1.66e-14	9.42e-08	1.00e+00	0.00e+00	0.00e+00	0.00e+00	0.00e+00	0.00e+00
 2.85806e+11	0.00e+00	0.00e+00	1.74e-30	4.86e-22	1.96e-14	1.03e-07	1.00e+00	0.00e+00	0.00e+00	0.00e+00	0.00e+00	0.00e+00
 3.21854e+11	0.00e+00	8.61e-40	2.32e-30	6.05e-22	2.28e-14	1.11e-07	1.00e+00	0.00e+00	0.00e+00	0.00e+00	0.00e+00	0.00e+00
 3.55045e+11	0.00e+00	0.00e+00	3.01e-30	7.36e-22	2.60e-14	1.18e-07	1.00e+00	0.00e+00	0.00e+00	0.00e+00	0.00e+00	0.00e+00
 3.93178e+11	0.00e+00	1.70e-39	4.02e-30	9.16e-22	3.02e-14	1.28e-07	1.00e+00	0.00e+00	0.00e+00	0.00e+00	0.00e+00	0.00e+00
 4.37990e+11	0.00e+00	0.00e+00	5.56e-30	1.17e-21	3.58e-14	1.39e-07	1.00e+00	0.00e+00	0.00e+00	0.00e+00	0.00e+00	0.00e+00
 4.82479e+11	0.00e+00	3.76e-39	7.61e-30	1.49e-21	4.21e-14	1.51e-07	1.00e+00	0.00e+00	0.00e+00	0.00e+00	0.00e+00	0.00e+00
 5.24137e+11	0.00e+00	0.00e+00	1.01e-29	1.85e-21	4.88e-14	1.63e-07	1.00e+00	0.00e+00	0.00e+00	0.00e+00	0.00e+00	0.00e+00
 5.70420e+11	0.00e+00	7.80e-39	1.37e-29	2.33e-21	5.73e-14	1.77e-07	1.00e+00	0.00e+00	0.00e+00	0.00e+00	0.00e+00	0.00e+00
 6.23163e+11	0.00e+00	0.00e+00	1.91e-29	3.01e-21	6.82e-14	1.93e-07	1.00e+00	0.00e+00	0.00e+00	0.00e+00	0.00e+00	0.00e+00
 6.75126e+11	0.00e+00	1.75e-38	2.63e-29	3.84e-21	8.06e-14	2.11e-07	1.00e+00	0.00e+00	0.00e+00	0.00e+00	0.00e+00	0.00e+00
 7.29166e+11	0.00e+00	0.00e+00	3.61e-29	4.90e-21	9.54e-14	2.30e-07	1.00e+00	0.00e+00	0.00e+00	0.00e+00	0.00e+00	0.00e+00
 7.88260e+11	0.00e+00	3.93e-38	5.05e-29	6.34e-21	1.14e-13	2.52e-07	1.00e+00	0.00e+00	0.00e+00	0.00e+00	0.00e+00	0.00e+00
 8.47695e+11	0.00e+00	0.00e+00	6.98e-29	8.13e-21	1.35e-13	2.75e-07	1.00e+00	0.00e+00	0.00e+00	0.00e+00	0.00e+00	0.00e+00
 9.09508e+11	0.00e+00	8.78e-38	9.66e-29	1.04e-20	1.61e-13	3.01e-07	1.00e+00	0.00e+00	0.00e+00	0.00e+00	0.00e+00	0.00e+00
 9.75815e+11	0.00e+00	0.00e+00	1.35e-28	1.35e-20	1.93e-13	3.30e-07	1.00e+00	0.00e+00	0.00e+00	0.00e+00	0.00e+00	0.00e+00
 1.04168e+12	0.00e+00	1.97e-37	1.86e-28	1.73e-20	2.29e-13	3.61e-07	1.00e+00	0.00e+00	0.00e+00	0.00e+00	0.00e+00	0.00e+00
 1.11018e+12	0.00e+00	0.00e+00	2.56e-28	2.22e-20	2.73e-13	3.95e-07	1.00e+00	0.00e+00	0.00e+00	0.00e+00	0.00e+00	0.00e+00
 1.18452e+12	0.00e+00	4.42e-37	3.58e-28	2.88e-20	3.27e-13	4.34e-07	1.00e+00	0.00e+00	0.00e+00	0.00e+00	0.00e+00	0.00e+00
 1.26182e+12	0.00e+00	0.00e+00	5.00e-28	3.73e-20	3.93e-13	4.78e-07	1.00e+00	0.00e+00	0.00e+00	0.00e+00	0.00e+00	0.00e+00
 1.34222e+12	0.00e+00	1.00e-36	6.98e-28	4.83e-20	4.72e-13	5.26e-07	1.00e+00	0.00e+00	0.00e+00	0.00e+00	0.00e+00	0.00e+00
 1.42584e+12	0.00e+00	0.00e+00	9.73e-28	6.26e-20	5.67e-13	5.79e-07	1.00e+00	0.00e+00	0.00e+00	0.00e+00	0.00e+00	0.00e+00
 1.50132e+12	0.00e+00	2.14e-36	1.30e-27	7.84e-20	6.65e-13	6.30e-07	1.00e+00	0.00e+00	0.00e+00	0.00e+00	0.00e+00	0.00e+00
 1.56396e+12	8.93e-46	2.83e-36	1.63e-27	9.40e-20	7.57e-13	6.75e-07	1.00e+00	0.00e+00	0.00e+00	0.00e+00	0.00e+00	0.00e+00
 1.63247e+12	0.00e+00	0.00e+00	2.09e-27	1.14e-19	8.68e-13	7.25e-07	1.00e+00	0.00e+00	0.00e+00	0.00e+00	0.00e+00	0.00e+00
 1.71959e+12	0.00e+00	5.50e-36	2.82e-27	1.44e-19	1.03e-12	7.94e-07	1.00e+00	0.00e+00	0.00e+00	0.00e+00	0.00e+00	0.00e+00
 1.81062e+12	3.04e-45	7.92e-36	3.81e-27	1.83e-19	1.22e-12	8.70e-07	1.00e+00	0.00e+00	0.00e+00	0.00e+00	0.00e+00	0.00e+00
 1.89097e+12	0.00e+00	0.00e+00	4.91e-27	2.24e-19	1.41e-12	9.40e-07	1.00e+00	0.00e+00	0.00e+00	0.00e+00	0.00e+00	0.00e+00
 1.96534e+12	0.00e+00	1.42e-35	6.18e-27	2.68e-19	1.61e-12	1.01e-06	1.00e+00	0.00e+00	0.00e+00	0.00e+00	0.00e+00	0.00e+00
 2.04967e+12	8.75e-45	1.93e-35	7.93e-27	3.27e-19	1.86e-12	1.09e-06	1.00e+00	0.00e+00	0.00e+00	0.00e+00	0.00e+00	0.00e+00
 2.15426e+12	0.00e+00	0.00e+00	1.07e-26	4.14e-19	2.21e-12	1.20e-06	1.00e+00	0.00e+00	0.00e+00	0.00e+00	0.00e+00	0.00e+00
 2.25870e+12	0.00e+00	3.88e-35	1.42e-26	5.20e-19	2.60e-12	1.31e-06	1.00e+00	0.00e+00	0.00e+00	0.00e+00	0.00e+00	0.00e+00
 2.34821e+12	2.81e-44	5.15e-35	1.80e-26	6.28e-19	2.99e-12	1.41e-06	1.00e+00	0.00e+00	0.00e+00	0.00e+00	0.00e+00	0.00e+00
 2.44476e+12	0.00e+00	6.91e-35	2.30e-26	7.64e-19	3.44e-12	1.52e-06	1.00e+00	0.00e+00	0.00e+00	0.00e+00	0.00e+00	0.00e+00
 2.56428e+12	6.00e-44	9.78e-35	3.07e-26	9.64e-19	4.08e-12	1.67e-06	1.00e+00	0.00e+00	0.00e+00	0.00e+00	0.00e+00	0.00e+00
 2.68715e+12	0.00e+00	1.38e-34	4.09e-26	1.21e-18	4.83e-12	1.83e-06	1.00e+00	0.00e+00	0.00e+00	0.00e+00	0.00e+00	0.00e+00
 2.79823e+12	1.27e-43	1.85e-34	5.24e-26	1.48e-18	5.59e-12	1.99e-06	1.00e+00	0.00e+00	0.00e+00	0.00e+00	0.00e+00	0.00e+00
 2.92050e+12	0.00e+00	2.53e-34	6.81e-26	1.83e-18	6.53e-12	2.16e-06	1.00e+00	0.00e+00	0.00e+00	0.00e+00	0.00e+00	0.00e+00
 3.06436e+12	2.78e-43	3.59e-34	9.16e-26	2.33e-18	7.78e-12	2.38e-06	1.00e+00	0.00e+00	0.00e+00	0.00e+00	0.00e+00	0.00e+00
 3.20814e+12	0.00e+00	5.02e-34	1.21e-25	2.93e-18	9.20e-12	2.61e-06	1.00e+00	0.00e+00	0.00e+00	0.00e+00	0.00e+00	0.00e+00
 3.34490e+12	5.90e-43	6.82e-34	1.57e-25	3.61e-18	1.07e-11	2.85e-06	1.00e+00	0.00e+00	0.00e+00	0.00e+00	0.00e+00	0.00e+00
 3.49586e+12	0.00e+00	9.44e-34	2.07e-25	4.50e-18	1.26e-11	3.11e-06	1.00e+00	0.00e+00	0.00e+00	0.00e+00	0.00e+00	0.00e+00
 3.66563e+12	1.30e-42	1.34e-33	2.78e-25	5.72e-18	1.50e-11	3.43e-06	1.00e+00	0.00e+00	0.00e+00	0.00e+00	0.00e+00	0.00e+00
 3.81837e+12	0.00e+00	1.80e-33	3.58e-25	7.04e-18	1.74e-11	3.73e-06	1.00e+00	0.00e+00	0.00e+00	0.00e+00	0.00e+00	0.00e+00
 3.94442e+12	2.44e-42	2.29e-33	4.39e-25	8.30e-18	1.97e-11	3.99e-06	1.00e+00	0.00e+00	0.00e+00	0.00e+00	0.00e+00	0.00e+00
 4.08205e+12	0.00e+00	2.96e-33	5.44e-25	9.88e-18	2.23e-11	4.28e-06	1.00e+00	0.00e+00	0.00e+00	0.00e+00	0.00e+00	0.00e+00
 4.25801e+12	4.71e-42	4.04e-33	7.10e-25	1.23e-17	2.61e-11	4.67e-06	1.00e+00	0.00e+00	0.00e+00	0.00e+00	0.00e+00	0.00e+00
 4.43565e+12	0.00e+00	5.47e-33	9.18e-25	1.51e-17	3.03e-11	5.09e-06	1.00e+00	0.00e+00	0.00e+00	0.00e+00	0.00e+00	0.00e+00
 4.58250e+12	8.88e-42	6.97e-33	1.13e-24	1.79e-17	3.42e-11	5.44e-06	1.00e+00	0.00e+00	0.00e+00	0.00e+00	0.00e+00	0.00e+00
 4.73742e+12	0.00e+00	8.93e-33	1.39e-24	2.12e-17	3.87e-11	5.83e-06	1.00e+00	0.00e+00	0.00e+00	0.00e+00	0.00e+00	0.00e+00
 4.93645e+12	1.70e-41	1.21e-32	1.81e-24	2.63e-17	4.51e-11	6.36e-06	1.00e+00	0.00e+00	0.00e+00	0.00e+00	0.00e+00	0.00e+00
 5.14526e+12	0.00e+00	1.66e-32	2.36e-24	3.26e-17	5.26e-11	6.93e-06	1.00e+00	0.00e+00	0.00e+00	0.00e+00	0.00e+00	0.00e+00
 5.32802e+12	3.29e-41	2.15e-32	2.94e-24	3.91e-17	5.99e-11	7.46e-06	1.00e+00	0.00e+00	0.00e+00	0.00e+00	0.00e+00	0.00e+00
 5.52448e+12	0.00e+00	2.83e-32	3.72e-24	4.72e-17	6.85e-11	8.04e-06	1.00e+00	0.00e+00	0.00e+00	0.00e+00	0.00e+00	0.00e+00
 5.76319e+12	6.55e-41	3.90e-32	4.88e-24	5.89e-17	8.02e-11	8.79e-06	1.00e+00	0.00e+00	0.00e+00	0.00e+00	0.00e+00	0.00e+00
 5.99437e+12	0.00e+00	5.24e-32	6.30e-24	7.25e-17	9.29e-11	9.55e-06	1.00e+00	0.00e+00	0.00e+00	0.00e+00	0.00e+00	0.00e+00
 6.18886e+12	1.22e-40	6.69e-32	7.75e-24	8.58e-17	1.05e-10	1.02e-05	1.00e+00	0.00e+00	0.00e+00	0.00e+00	0.00e+00	0.00e+00
 6.39814e+12	0.00e+00	8.64e-32	9.63e-24	1.02e-16	1.19e-10	1.09e-05	1.00e+00	0.00e+00	0.00e+00	0.00e+00	0.00e+00	0.00e+00
 6.66172e+12	2.35e-40	1.18e-31	1.25e-23	1.27e-16	1.38e-10	1.19e-05	1.00e+00	0.00e+00	0.00e+00	0.00e+00	0.00e+00	0.00e+00
 6.93228e+12	0.00e+00	1.60e-31	1.63e-23	1.57e-16	1.60e-10	1.30e-05	1.00e+00	0.00e+00	0.00e+00	0.00e+00	0.00e+00	0.00e+00
 7.16766e+12	4.52e-40	2.07e-31	2.03e-23	1.87e-16	1.81e-10	1.39e-05	1.00e+00	0.00e+00	0.00e+00	0.00e+00	0.00e+00	0.00e+00
 7.42092e+12	0.00e+00	2.72e-31	2.56e-23	2.26e-16	2.06e-10	1.50e-05	1.00e+00	0.00e+00	0.00e+00	0.00e+00	0.00e+00	0.00e+00
 7.73031e+12	8.92e-40	3.74e-31	3.36e-23	2.81e-16	2.41e-10	1.63e-05	1.00e+00	0.00e+00	0.00e+00	0.00e+00	0.00e+00	0.00e+00
 8.04156e+12	0.00e+00	5.09e-31	4.37e-23	3.48e-16	2.79e-10	1.77e-05	1.00e+00	0.00e+00	0.00e+00	0.00e+00	0.00e+00	0.00e+00
 8.31915e+12	1.74e-39	6.66e-31	5.50e-23	4.19e-16	3.17e-10	1.90e-05	1.00e+00	0.00e+00	0.00e+00	0.00e+00	0.00e+00	0.00e+00
 8.62409e+12	0.00e+00	8.89e-31	7.02e-23	5.09e-16	3.63e-10	2.05e-05	1.00e+00	0.00e+00	0.00e+00	0.00e+00	0.00e+00	0.00e+00
 8.98734e+12	3.54e-39	1.23e-30	9.28e-23	6.38e-16	4.24e-10	2.24e-05	1.00e+00	0.00e+00	0.00e+00	0.00e+00	0.00e+00	0.00e+00
 9.35021e+12	0.00e+00	1.70e-30	1.22e-22	7.92e-16	4.92e-10	2.43e-05	1.00e+00	0.00e+00	0.00e+00	0.00e+00	0.00e+00	0.00e+00
 9.68722e+12	7.13e-39	2.26e-30	1.55e-22	9.62e-16	5.62e-10	2.62e-05	1.00e+00	0.00e+00	0.00e+00	0.00e+00	0.00e+00	0.00e+00
 1.00642e+13	0.00e+00	3.10e-30	2.02e-22	1.19e-15	6.49e-10	2.84e-05	1.00e+00	0.00e+00	0.00e+00	0.00e+00	0.00e+00	0.00e+00
 1.04967e+13	1.53e-38	4.37e-30	2.70e-22	1.50e-15	7.60e-10	3.10e-05	1.00e+00	0.00e+00	0.00e+00	0.00e+00	0.00e+00	0.00e+00
 1.09255e+13	0.00e+00	6.09e-30	3.58e-22	1.87e-15	8.84e-10	3.37e-05	1.00e+00	0.00e+00	0.00e+00	0.00e+00	0.00e+00	0.00e+00
 1.13714e+13	3.30e-38	8.51e-30	4.74e-22	2.34e-15	1.03e-09	3.66e-05	1.00e+00	0.00e+00	0.00e+00	0.00e+00	0.00e+00	0.00e+00
 1.18561e+13	0.00e+00	1.22e-29	6.38e-22	2.95e-15	1.20e-09	3.99e-05	1.00e+00	0.00e+00	0.00e+00	0.00e+00	0.00e+00	0.00e+00
 1.23603e+13	7.45e-38	1.72e-29	8.55e-22	3.72e-15	1.41e-09	4.36e-05	1.00e+00	0.00e+00	0.00e+00	0.00e+00	0.00e+00	0.00e+00
 1.28345e+13	0.00e+00	2.38e-29	1.12e-21	4.60e-15	1.63e-09	4.71e-05	1.00e+00	0.00e+00	0.00e+00	0.00e+00	0.00e+00	0.00e+00
 1.32609e+13	1.51e-37	3.15e-29	1.42e-21	5.53e-15	1.84e-09	5.04e-05	1.00e+00	0.00e+00	0.00e+00	0.00e+00	0.00e+00	0.00e+00
 1.36645e+13	0.00e+00	4.09e-29	1.76e-21	6.55e-15	2.07e-09	5.36e-05	1.00e+00	0.00e+00	0.00e+00	0.00e+00	0.00e+00	0.00e+00
 1.41114e+13	2.84e-37	5.42e-29	2.22e-21	7.85e-15	2.33e-09	5.72e-05	1.00e+00	0.00e+00	0.00e+00	0.00e+00	0.00e+00	0.00e+00
 1.46125e+13	0.00e+00	7.38e-29	2.87e-21	9.57e-15	2.67e-09	6.14e-05	1.00e+00	0.00e+00	0.00e+00	0.00e+00	0.00e+00	0.00e+00
 1.50880e+13	5.65e-37	9.77e-29	3.62e-21	1.15e-14	3.01e-09	6.56e-05	1.00e+00	0.00e+00	0.00e+00	0.00e+00	0.00e+00	0.00e+00
 1.56104e+13	0.00e+00	1.32e-28	4.65e-21	1.39e-14	3.43e-09	7.03e-05	1.00e+00	0.00e+00	0.00e+00	0.00e+00	0.00e+00	0.00e+00
 1.61947e+13	1.19e-36	1.84e-28	6.11e-21	1.72e-14	3.95e-09	7.57e-05	1.00e+00	0.00e+00	0.00e+00	0.00e+00	0.00e+00	0.00e+00
 1.67369e+13	0.00e+00	2.47e-28	7.78e-21	2.07e-14	4.48e-09	8.10e-05	1.00e+00	0.00e+00	0.00e+00	0.00e+00	0.00e+00	0.00e+00
 1.72394e+13	2.29e-36	3.23e-28	9.70e-21	2.45e-14	5.02e-09	8.60e-05	1.00e+00	0.00e+00	0.00e+00	0.00e+00	0.00e+00	0.00e+00
 1.78130e+13	0.00e+00	4.35e-28	1.24e-20	2.96e-14	5.69e-09	9.19e-05	1.00e+00	0.00e+00	0.00e+00	0.00e+00	0.00e+00	0.00e+00
 1.85148e+13	4.96e-36	6.21e-28	1.66e-20	3.70e-14	6.60e-09	9.92e-05	1.00e+00	0.00e+00	0.00e+00	0.00e+00	0.00e+00	0.00e+00
 1.92148e+13	0.00e+00	8.69e-28	2.18e-20	4.57e-14	7.61e-09	1.07e-04	1.00e+00	0.00e+00	0.00e+00	0.00e+00	0.00e+00	0.00e+00
 1.98236e+13	1.04e-35	1.16e-27	2.76e-20	5.48e-14	8.58e-09	1.14e-04	1.00e+00	0.00e+00	0.00e+00	0.00e+00	0.00e+00	0.00e+00
 2.04828e+13	0.00e+00	1.57e-27	3.54e-20	6.61e-14	9.74e-09	1.22e-04	1.00e+00	0.00e+00	0.00e+00	0.00e+00	0.00e+00	0.00e+00
 2.12874e+13	2.30e-35	2.27e-27	4.75e-20	8.26e-14	1.13e-08	1.31e-04	1.00e+00	0.00e+00	0.00e+00	0.00e+00	0.00e+00	0.00e+00
 2.21074e+13	0.00e+00	3.21e-27	6.33e-20	1.03e-13	1.31e-08	1.41e-04	1.00e+00	0.00e+00	0.00e+00	0.00e+00	0.00e+00	0.00e+00
 2.28487e+13	5.03e-35	4.39e-27	8.15e-20	1.24e-13	1.49e-08	1.51e-04	1.00e+00	0.00e+00	0.00e+00	0.00e+00	0.00e+00	0.00e+00
 2.36615e+13	7.49e-35	6.13e-27	1.07e-19	1.52e-13	1.70e-08	1.62e-04	1.00e+00	0.00e+00	0.00e+00	0.00e+00	0.00e+00	0.00e+00
 2.46183e+13	1.18e-34	8.98e-27	1.45e-19	1.92e-13	1.98e-08	1.75e-04	1.00e+00	0.00e+00	0.00e+00	0.00e+00	0.00e+00	0.00e+00
 2.55724e+13	1.81e-34	1.28e-26	1.94e-19	2.39e-13	2.30e-08	1.88e-04	1.00e+00	0.00e+00	0.00e+00	0.00e+00	0.00e+00	0.00e+00
 2.64707e+13	2.69e-34	1.79e-26	2.53e-19	2.93e-13	2.63e-08	2.02e-04	1.00e+00	0.00e+00	0.00e+00	0.00e+00	0.00e+00	0.00e+00
 2.74655e+13	4.15e-34	2.57e-26	3.38e-19	3.63e-13	3.03e-08	2.16e-04	1.00e+00	0.00e+00	0.00e+00	0.00e+00	0.00e+00	0.00e+00
 2.85940e+13	6.55e-34	3.77e-26	4.61e-19	4.59e-13	3.55e-08	2.34e-04	1.00e+00	0.00e+00	0.00e+00	0.00e+00	0.00e+00	0.00e+00
 2.97223e+13	1.04e-33	5.53e-26	6.25e-19	5.76e-13	4.13e-08	2.52e-04	1.00e+00	0.00e+00	0.00e+00	0.00e+00	0.00e+00	0.00e+00
 3.08958e+13	1.61e-33	8.00e-26	8.44e-19	7.22e-13	4.80e-08	2.73e-04	1.00e+00	0.00e+00	0.00e+00	0.00e+00	0.00e+00	0.00e+00
 3.21616e+13	2.59e-33	1.19e-25	1.16e-18	9.14e-13	5.61e-08	2.95e-04	1.00e+00	0.00e+00	0.00e+00	0.00e+00	0.00e+00	0.00e+00
 3.34779e+13	4.17e-33	1.76e-25	1.58e-18	1.16e-12	6.57e-08	3.18e-04	1.00e+00	0.00e+00	0.00e+00	0.00e+00	0.00e+00	0.00e+00
 3.47481e+13	6.45e-33	2.53e-25	2.12e-18	1.44e-12	7.60e-08	3.42e-04	1.00e+00	0.00e+00	0.00e+00	0.00e+00	0.00e+00	0.00e+00
 3.59365e+13	9.50e-33	3.50e-25	2.76e-18	1.75e-12	8.67e-08	3.66e-04	1.00e+00	0.00e+00	0.00e+00	0.00e+00	0.00e+00	0.00e+00
 3.70522e+13	1.36e-32	4.73e-25	3.51e-18	2.10e-12	9.77e-08	3.88e-04	1.00e+00	0.00e+00	0.00e+00	0.00e+00	0.00e+00	0.00e+00
 3.82631e+13	2.01e-32	6.51e-25	4.53e-18	2.54e-12	1.11e-07	4.13e-04	1.00e+00	0.00e+00	0.00e+00	0.00e+00	0.00e+00	0.00e+00
 3.96201e+13	3.02e-32	9.16e-25	5.95e-18	3.11e-12	1.27e-07	4.42e-04	1.00e+00	0.00e+00	0.00e+00	0.00e+00	0.00e+00	0.00e+00
 4.09057e+13	4.35e-32	1.25e-24	7.64e-18	3.76e-12	1.44e-07	4.70e-04	1.00e+00	0.00e+00	0.00e+00	0.00e+00	0.00e+00	0.00e+00
 4.23157e+13	6.52e-32	1.74e-24	9.99e-18	4.59e-12	1.64e-07	5.02e-04	9.99e-01	0.00e+00	0.00e+00	0.00e+00	0.00e+00	0.00e+00
 4.38995e+13	1.01e-31	2.51e-24	1.34e-17	5.70e-12	1.90e-07	5.39e-04	9.99e-01	0.00e+00	0.00e+00	0.00e+00	0.00e+00	0.00e+00
 4.54090e+13	1.50e-31	3.49e-24	1.74e-17	6.95e-12	2.17e-07	5.76e-04	9.99e-01	0.00e+00	0.00e+00	0.00e+00	0.00e+00	0.00e+00
 4.70693e+13	2.26e-31	4.92e-24	2.31e-17	8.59e-12	2.50e-07	6.18e-04	9.99e-01	0.00e+00	0.00e+00	0.00e+00	0.00e+00	0.00e+00
 4.89248e+13	3.57e-31	7.19e-24	3.13e-17	1.08e-11	2.91e-07	6.67e-04	9.99e-01	0.00e+00	0.00e+00	0.00e+00	0.00e+00	0.00e+00
 5.06992e+13	5.44e-31	1.02e-23	4.15e-17	1.33e-11	3.35e-07	7.15e-04	9.99e-01	0.00e+00	0.00e+00	0.00e+00	0.00e+00	0.00e+00
 5.26018e+13	8.36e-31	1.46e-23	5.55e-17	1.66e-11	3.87e-07	7.68e-04	9.99e-01	0.00e+00	0.00e+00	0.00e+00	0.00e+00	0.00e+00
 5.47358e+13	1.31e-30	2.14e-23	7.58e-17	2.09e-11	4.52e-07	8.31e-04	9.99e-01	0.00e+00	0.00e+00	0.00e+00	0.00e+00	0.00e+00
 5.67075e+13	2.00e-30	3.04e-23	1.00e-16	2.58e-11	5.20e-07	8.91e-04	9.99e-01	0.00e+00	0.00e+00	0.00e+00	0.00e+00	0.00e+00
 5.84130e+13	2.78e-30	4.02e-23	1.26e-16	3.08e-11	5.84e-07	9.45e-04	9.99e-01	0.00e+00	0.00e+00	0.00e+00	0.00e+00	0.00e+00
 6.03029e+13	4.06e-30	5.51e-23	1.63e-16	3.71e-11	6.62e-07	1.01e-03	9.99e-01	0.00e+00	0.00e+00	0.00e+00	0.00e+00	0.00e+00
 6.26135e+13	6.16e-30	7.84e-23	2.18e-16	4.64e-11	7.68e-07	1.09e-03	9.99e-01	0.00e+00	0.00e+00	0.00e+00	0.00e+00	0.00e+00
 6.49521e+13	9.52e-30	1.13e-22	2.91e-16	5.76e-11	8.88e-07	1.17e-03	9.99e-01	0.00e+00	0.00e+00	0.00e+00	0.00e+00	0.00e+00
 6.70524e+13	1.35e-29	1.52e-22	3.74e-16	6.95e-11	1.01e-06	1.24e-03	9.99e-01	0.00e+00	0.00e+00	0.00e+00	0.00e+00	0.00e+00
 6.93618e+13	1.98e-29	2.10e-22	4.88e-16	8.50e-11	1.15e-06	1.33e-03	9.99e-01	0.00e+00	0.00e+00	0.00e+00	0.00e+00	0.00e+00
 7.20954e+13	3.08e-29	3.04e-22	6.60e-16	1.07e-10	1.34e-06	1.44e-03	9.99e-01	0.00e+00	0.00e+00	0.00e+00	0.00e+00	0.00e+00
 7.47840e+13	4.74e-29	4.36e-22	8.82e-16	1.33e-10	1.55e-06	1.55e-03	9.98e-01	0.00e+00	0.00e+00	0.00e+00	0.00e+00	0.00e+00
 7.72416e+13	6.71e-29	5.87e-22	1.13e-15	1.61e-10	1.76e-06	1.65e-03	9.98e-01	0.00e+00	0.00e+00	0.00e+00	0.00e+00	0.00e+00
 7.99953e+13	1.01e-28	8.29e-22	1.50e-15	1.98e-10	2.02e-06	1.77e-03	9.98e-01	0.00e+00	0.00e+00	0.00e+00	0.00e+00	0.00e+00
 8.31978e+13	1.55e-28	1.19e-21	2.03e-15	2.50e-10	2.36e-06	1.92e-03	9.98e-01	0.00e+00	0.00e+00	0.00e+00	0.00e+00	0.00e+00
 8.63352e+13	2.35e-28	1.70e-21	2.72e-15	3.11e-10	2.73e-06	2.06e-03	9.98e-01	0.00e+00	0.00e+00	0.00e+00	0.00e+00	0.00e+00
 8.92963e+13	3.48e-28	2.36e-21	3.55e-15	3.80e-10	3.12e-06	2.21e-03	9.98e-01	0.00e+00	0.00e+00	0.00e+00	0.00e+00	0.00e+00
 9.25963e+13	5.22e-28	3.32e-21	4.72e-15	4.71e-10	3.60e-06	2.37e-03	9.98e-01	0.00e+00	0.00e+00	0.00e+00	0.00e+00	0.00e+00
 9.63300e+13	7.96e-28	4.77e-21	6.43e-15	5.95e-10	4.21e-06	2.57e-03	9.97e-01	0.00e+00	0.00e+00	0.00e+00	0.00e+00	0.00e+00
 1.00061e+14	1.22e-27	6.86e-21	8.67e-15	7.45e-10	4.89e-06	2.77e-03	9.97e-01	0.00e+00	0.00e+00	0.00e+00	0.00e+00	0.00e+00
 1.03557e+14	1.81e-27	9.57e-21	1.14e-14	9.14e-10	5.60e-06	2.97e-03	9.97e-01	0.00e+00	0.00e+00	0.00e+00	0.00e+00	0.00e+00
 1.07345e+14	2.70e-27	1.34e-20	1.51e-14	1.13e-09	6.46e-06	3.19e-03	9.97e-01	0.00e+00	0.00e+00	0.00e+00	0.00e+00	0.00e+00
 1.11579e+14	4.06e-27	1.91e-20	2.04e-14	1.42e-09	7.53e-06	3.45e-03	9.97e-01	0.00e+00	0.00e+00	0.00e+00	0.00e+00	0.00e+00
 1.15534e+14	6.00e-27	2.66e-20	2.68e-14	1.75e-09	8.64e-06	3.70e-03	9.96e-01	0.00e+00	0.00e+00	0.00e+00	0.00e+00	0.00e+00
 1.19198e+14	8.60e-27	3.60e-20	3.43e-14	2.11e-09	9.77e-06	3.94e-03	9.96e-01	0.00e+00	0.00e+00	0.00e+00	0.00e+00	0.00e+00
 1.22724e+14	1.18e-26	4.72e-20	4.31e-14	2.50e-09	1.10e-05	4.18e-03	9.96e-01	0.00e+00	0.00e+00	0.00e+00	0.00e+00	0.00e+00
 1.26637e+14	1.64e-26	6.27e-20	5.52e-14	3.02e-09	1.24e-05	4.45e-03	9.96e-01	0.00e+00	0.00e+00	0.00e+00	0.00e+00	0.00e+00
 1.30960e+14	2.43e-26	8.71e-20	7.19e-14	3.68e-09	1.42e-05	4.76e-03	9.95e-01	0.00e+00	0.00e+00	0.00e+00	0.00e+00	0.00e+00
 1.34983e+14	3.30e-26	1.14e-19	9.11e-14	4.41e-09	1.60e-05	5.06e-03	9.95e-01	0.00e+00	0.00e+00	0.00e+00	0.00e+00	0.00e+00
 1.39383e+14	4.73e-26	1.55e-19	1.17e-13	5.33e-09	1.81e-05	5.39e-03	9.95e-01	0.00e+00	0.00e+00	0.00e+00	0.00e+00	0.00e+00
 1.44331e+14	7.04e-26	2.16e-19	1.55e-13	6.56e-09	2.08e-05	5.78e-03	9.94e-01	0.00e+00	0.00e+00	0.00e+00	0.00e+00	0.00e+00
 1.49054e+14	9.79e-26	2.88e-19	1.99e-13	7.94e-09	2.37e-05	6.17e-03	9.94e-01	0.00e+00	0.00e+00	0.00e+00	0.00e+00	0.00e+00
 1.54257e+14	1.46e-25	4.02e-19	2.61e-13	9.74e-09	2.71e-05	6.61e-03	9.93e-01	0.00e+00	0.00e+00	0.00e+00	0.00e+00	0.00e+00
 1.59990e+14	2.10e-25	5.55e-19	3.47e-13	1.21e-08	3.13e-05	7.12e-03	9.93e-01	0.00e+00	0.00e+00	0.00e+00	0.00e+00	0.00e+00
 1.65254e+14	3.02e-25	7.55e-19	4.48e-13	1.47e-08	3.56e-05	7.59e-03	9.92e-01	0.00e+00	0.00e+00	0.00e+00	0.00e+00	0.00e+00
 1.70944e+14	4.42e-25	1.04e-18	5.85e-13	1.79e-08	4.07e-05	8.13e-03	9.92e-01	0.00e+00	0.00e+00	0.00e+00	0.00e+00	0.00e+00
 1.77313e+14	6.39e-25	1.44e-18	7.78e-13	2.23e-08	4.70e-05	8.75e-03	9.91e-01	0.00e+00	0.00e+00	0.00e+00	0.00e+00	0.00e+00
 1.83314e+14	9.37e-25	1.99e-18	1.01e-12	2.71e-08	5.37e-05	9.35e-03	9.91e-01	0.00e+00	0.00e+00	0.00e+00	0.00e+00	0.00e+00
 1.89864e+14	1.32e-24	2.70e-18	1.33e-12	3.34e-08	6.16e-05	1.00e-02	9.90e-01	0.00e+00	0.00e+00	0.00e+00	0.00e+00	0.00e+00
 1.97126e+14	2.00e-24	3.85e-18	1.79e-12	4.18e-08	7.15e-05	1.08e-02	9.89e-01	0.00e+00	0.00e+00	0.00e+00	0.00e+00	0.00e+00
 2.03895e+14	2.83e-24	5.21e-18	2.33e-12	5.10e-08	8.17e-05	1.16e-02	9.88e-01	0.00e+00	0.00e+00	0.00e+00	0.00e+00	0.00e+00
 2.11260e+14	4.22e-24	7.30e-18	3.07e-12	6.30e-08	9.40e-05	1.25e-02	9.87e-01	0.00e+00	0.00e+00	0.00e+00	0.00e+00	0.00e+00
 2.19508e+14	6.14e-24	1.02e-17	4.14e-12	7.90e-08	1.09e-04	1.35e-02	9.86e-01	0.00e+00	0.00e+00	0.00e+00	0.00e+00	0.00e+00
 2.27313e+14	9.03e-24	1.42e-17	5.44e-12	9.72e-08	1.25e-04	1.45e-02	9.85e-01	0.00e+00	0.00e+00	0.00e+00	0.00e+00	0.00e+00
 2.35663e+14	1.28e-23	1.93e-17	7.19e-12	1.20e-07	1.45e-04	1.56e-02	9.84e-01	0.00e+00	0.00e+00	0.00e+00	0.00e+00	0.00e+00
 2.44932e+14	1.96e-23	2.78e-17	9.72e-12	1.51e-07	1.68e-04	1.68e-02	9.83e-01	0.00e+00	0.00e+00	0.00e+00	0.00e+00	0.00e+00
 2.53971e+14	2.77e-23	3.79e-17	1.29e-11	1.87e-07	1.94e-04	1.82e-02	9.82e-01	0.00e+00	0.00e+00	0.00e+00	0.00e+00	0.00e+00
 2.63558e+14	4.11e-23	5.34e-17	1.72e-11	2.33e-07	2.25e-04	1.96e-02	9.80e-01	0.00e+00	0.00e+00	0.00e+00	0.00e+00	0.00e+00
 2.74130e+14	5.98e-23	7.48e-17	2.32e-11	2.95e-07	2.62e-04	2.13e-02	9.78e-01	0.00e+00	0.00e+00	0.00e+00	0.00e+00	0.00e+00
 2.84520e+14	8.86e-23	1.05e-16	3.10e-11	3.67e-07	3.03e-04	2.30e-02	9.77e-01	0.00e+00	0.00e+00	0.00e+00	0.00e+00	0.00e+00
 2.93093e+14	1.17e-22	1.35e-16	3.89e-11	4.37e-07	3.41e-04	2.44e-02	9.75e-01	0.00e+00	0.00e+00	0.00e+00	0.00e+00	0.00e+00
 2.99959e+14	1.47e-22	1.66e-16	4.64e-11	5.02e-07	3.73e-04	2.56e-02	9.74e-01	0.00e+00	0.00e+00	0.00e+00	0.00e+00	0.00e+00
 3.07531e+14	1.90e-22	2.08e-16	5.63e-11	5.81e-07	4.11e-04	2.70e-02	9.73e-01	0.00e+00	0.00e+00	0.00e+00	0.00e+00	0.00e+00
 3.17374e+14	2.56e-22	2.72e-16	7.16e-11	7.00e-07	4.65e-04	2.88e-02	9.71e-01	0.00e+00	0.00e+00	0.00e+00	0.00e+00	0.00e+00
 3.27943e+14	3.52e-22	3.62e-16	9.21e-11	8.49e-07	5.28e-04	3.09e-02	9.69e-01	0.00e+00	0.00e+00	0.00e+00	0.00e+00	0.00e+00
 3.37345e+14	4.69e-22	4.66e-16	1.14e-10	1.00e-06	5.90e-04	3.28e-02	9.67e-01	0.00e+00	0.00e+00	0.00e+00	0.00e+00	0.00e+00
 3.47460e+14	6.17e-22	5.99e-16	1.43e-10	1.19e-06	6.62e-04	3.49e-02	9.64e-01	0.00e+00	0.00e+00	0.00e+00	0.00e+00	0.00e+00
 3.60256e+14	8.80e-22	8.24e-16	1.89e-10	1.48e-06	7.61e-04	3.76e-02	9.62e-01	0.00e+00	0.00e+00	0.00e+00	0.00e+00	0.00e+00
 3.73230e+14	1.23e-21	1.12e-15	2.47e-10	1.82e-06	8.73e-04	4.06e-02	9.59e-01	0.00e+00	0.00e+00	0.00e+00	0.00e+00	0.00e+00
 3.84257e+14	1.63e-21	1.44e-15	3.09e-10	2.16e-06	9.78e-04	4.31e-02	9.56e-01	0.00e+00	0.00e+00	0.00e+00	0.00e+00	0.00e+00
 3.96060e+14	2.18e-21	1.87e-15	3.90e-10	2.58e-06	1.10e-03	4.59e-02	9.53e-01	0.00e+00	0.00e+00	0.00e+00	0.00e+00	0.00e+00
 4.10800e+14	3.07e-21	2.57e-15	5.15e-10	3.20e-06	1.27e-03	4.96e-02	9.49e-01	0.00e+00	0.00e+00	0.00e+00	0.00e+00	0.00e+00
 4.25951e+14	4.36e-21	3.53e-15	6.79e-10	3.96e-06	1.45e-03	5.36e-02	9.45e-01	0.00e+00	0.00e+00	0.00e+00	0.00e+00	0.00e+00
 4.39315e+14	5.88e-21	4.63e-15	8.60e-10	4.74e-06	1.64e-03	5.71e-02	9.41e-01	0.00e+00	0.00e+00	0.00e+00	0.00e+00	0.00e+00
 4.53767e+14	7.94e-21	6.11e-15	1.10e-09	5.74e-06	1.85e-03	6.11e-02	9.37e-01	0.00e+00	0.00e+00	0.00e+00	0.00e+00	0.00e+00
 4.71190e+14	1.14e-20	8.53e-15	1.47e-09	7.16e-06	2.14e-03	6.62e-02	9.32e-01	0.00e+00	0.00e+00	0.00e+00	0.00e+00	0.00e+00
 4.88451e+14	1.62e-20	1.17e-14	1.94e-09	8.84e-06	2.46e-03	7.14e-02	9.26e-01	0.00e+00	0.00e+00	0.00e+00	0.00e+00	0.00e+00
 5.03816e+14	2.16e-20	1.53e-14	2.45e-09	1.06e-05	2.76e-03	7.60e-02	9.21e-01	0.00e+00	0.00e+00	0.00e+00	0.00e+00	0.00e+00
 5.20737e+14	3.00e-20	2.06e-14	3.16e-09	1.28e-05	3.13e-03	8.14e-02	9.15e-01	0.00e+00	0.00e+00	0.00e+00	0.00e+00	0.00e+00
 5.40923e+14	4.35e-20	2.90e-14	4.23e-09	1.60e-05	3.61e-03	8.80e-02	9.08e-01	0.00e+00	0.00e+00	0.00e+00	0.00e+00	0.00e+00
 5.61001e+14	6.22e-20	4.01e-14	5.60e-09	1.98e-05	4.14e-03	9.48e-02	9.01e-01	0.00e+00	0.00e+00	0.00e+00	0.00e+00	0.00e+00
 5.79397e+14	8.48e-20	5.35e-14	7.17e-09	2.39e-05	4.67e-03	1.01e-01	8.94e-01	0.00e+00	0.00e+00	0.00e+00	0.00e+00	0.00e+00
 5.99954e+14	1.18e-19	7.27e-14	9.38e-09	2.93e-05	5.32e-03	1.08e-01	8.86e-01	0.00e+00	0.00e+00	0.00e+00	0.00e+00	0.00e+00
 6.23820e+14	1.77e-19	1.05e-13	1.27e-08	3.68e-05	6.16e-03	1.17e-01	8.77e-01	0.00e+00	0.00e+00	0.00e+00	0.00e+00	0.00e+00
 6.47231e+14	2.56e-19	1.46e-13	1.68e-08	4.55e-05	7.05e-03	1.26e-01	8.67e-01	0.00e+00	0.00e+00	0.00e+00	0.00e+00	0.00e+00
 6.69476e+14	3.53e-19	1.97e-13	2.18e-08	5.53e-05	7.99e-03	1.34e-01	8.58e-01	0.00e+00	0.00e+00	0.00e+00	0.00e+00	0.00e+00
 6.89036e+14	4.74e-19	2.57e-13	2.72e-08	6.52e-05	8.87e-03	1.42e-01	8.49e-01	0.00e+00	0.00e+00	0.00e+00	0.00e+00	0.00e+00
 7.05288e+14	6.12e-19	3.22e-13	3.26e-08	7.46e-05	9.66e-03	1.49e-01	8.42e-01	0.00e+00	0.00e+00	0.00e+00	0.00e+00	0.00e+00
 7.23164e+14	7.88e-19	4.05e-13	3.95e-08	8.61e-05	1.06e-02	1.56e-01	8.34e-01	0.00e+00	0.00e+00	0.00e+00	0.00e+00	0.00e+00
 7.46402e+14	1.09e-18	5.43e-13	5.04e-08	1.03e-04	1.19e-02	1.65e-01	8.23e-01	0.00e+00	0.00e+00	0.00e+00	0.00e+00	0.00e+00
 7.70763e+14	1.49e-18	7.23e-13	6.45e-08	1.24e-04	1.33e-02	1.75e-01	8.12e-01	0.00e+00	0.00e+00	0.00e+00	0.00e+00	0.00e+00
 7.91716e+14	1.97e-18	9.30e-13	7.93e-08	1.44e-04	1.47e-02	1.84e-01	8.02e-01	0.00e+00	0.00e+00	0.00e+00	0.00e+00	0.00e+00
 8.14087e+14	2.69e-18	1.22e-12	9.82e-08	1.69e-04	1.62e-02	1.93e-01	7.91e-01	0.00e+00	0.00e+00	0.00e+00	0.00e+00	0.00e+00
 8.43169e+14	3.89e-18	1.70e-12	1.29e-07	2.06e-04	1.83e-02	2.05e-01	7.76e-01	0.00e+00	0.00e+00	0.00e+00	0.00e+00	0.00e+00
 8.73057e+14	5.44e-18	2.31e-12	1.68e-07	2.50e-04	2.07e-02	2.17e-01	7.62e-01	0.00e+00	0.00e+00	0.00e+00	0.00e+00	0.00e+00
 8.98008e+14	7.37e-18	3.02e-12	2.08e-07	2.93e-04	2.28e-02	2.28e-01	7.49e-01	0.00e+00	0.00e+00	0.00e+00	0.00e+00	0.00e+00
 9.24458e+14	1.00e-17	3.96e-12	2.59e-07	3.44e-04	2.52e-02	2.39e-01	7.35e-01	0.00e+00	0.00e+00	0.00e+00	0.00e+00	0.00e+00
 9.58211e+14	1.50e-17	5.61e-12	3.40e-07	4.19e-04	2.85e-02	2.53e-01	7.18e-01	0.00e+00	0.00e+00	0.00e+00	0.00e+00	0.00e+00
 9.93586e+14	2.15e-17	7.74e-12	4.47e-07	5.11e-04	3.22e-02	2.67e-01	7.00e-01	0.00e+00	0.00e+00	0.00e+00	0.00e+00	0.00e+00
 1.02505e+15	3.06e-17	1.04e-11	5.65e-07	6.06e-04	3.57e-02	2.80e-01	6.84e-01	0.00e+00	0.00e+00	1.76e-17	9.29e-18	3.28e-18
 1.05931e+15	4.33e-17	1.41e-11	7.23e-07	7.23e-04	3.98e-02	2.94e-01	6.66e-01	0.00e+00	0.00e+00	2.48e-17	1.32e-17	4.60e-18
 1.10026e+15	6.75e-17	2.06e-11	9.60e-07	8.87e-04	4.50e-02	3.10e-01	6.44e-01	0.00e+00	0.00e+00	3.87e-17	2.05e-17	7.13e-18
 1.14083e+15	9.88e-17	2.86e-11	1.25e-06	1.07e-03	5.05e-02	3.25e-01	6.24e-01	0.00e+00	0.00e+00	5.67e-17	3.00e-17	1.04e-17
 1.17755e+15	1.39e-16	3.84e-11	1.58e-06	1.27e-03	5.58e-02	3.38e-01	6.05e-01	0.00e+00	0.00e+00	8.01e-17	4.24e-17	1.46e-17
 1.21836e+15	1.95e-16	5.18e-11	2.03e-06	1.51e-03	6.19e-02	3.52e-01	5.84e-01	0.00e+00	0.00e+00	1.12e-16	5.93e-17	2.04e-17
 1.26627e+15	3.05e-16	7.52e-11	2.69e-06	1.85e-03	6.96e-02	3.69e-01	5.60e-01	0.00e+00	0.00e+00	1.76e-16	9.27e-17	3.17e-17
 1.31356e+15	4.55e-16	1.05e-10	3.50e-06	2.22e-03	7.77e-02	3.83e-01	5.37e-01	0.00e+00	0.00e+00	2.62e-16	1.38e-16	4.69e-17
 1.35786e+15	6.52e-16	1.43e-10	4.43e-06	2.63e-03	8.55e-02	3.96e-01	5.15e-01	0.00e+00	0.00e+00	3.76e-16	1.98e-16	6.71e-17
 1.40732e+15	9.28e-16	1.94e-10	5.71e-06	3.14e-03	9.47e-02	4.10e-01	4.92e-01	0.00e+00	0.00e+00	5.35e-16	2.82e-16	9.52e-17
 1.46364e+15	1.48e-15	2.83e-10	7.54e-06	3.81e-03	1.06e-01	4.24e-01	4.66e-01	0.00e+00	0.00e+00	8.56e-16	4.50e-16	1.51e-16
 1.51929e+15	2.22e-15	3.96e-10	9.76e-06	4.55e-03	1.17e-01	4.37e-01	4.42e-01	0.00e+00	0.00e+00	1.28e-15	6.75e-16	2.26e-16
 1.56486e+15	3.06e-15	5.15e-10	1.20e-05	5.24e-03	1.26e-01	4.46e-01	4.22e-01	0.00e+00	0.00e+00	1.77e-15	9.27e-16	3.10e-16
 1.60044e+15	3.90e-15	6.29e-10	1.39e-05	5.82e-03	1.34e-01	4.52e-01	4.08e-01	0.00e+00	0.00e+00	2.25e-15	1.18e-15	3.95e-16
 1.63941e+15	5.04e-15	7.77e-10	1.64e-05	6.51e-03	1.43e-01	4.59e-01	3.92e-01	0.00e+00	0.00e+00	2.92e-15	1.53e-15	5.10e-16
 1.69007e+15	6.72e-15	9.94e-10	2.01e-05	7.48e-03	1.54e-01	4.66e-01	3.72e-01	0.00e+00	0.00e+00	3.89e-15	2.04e-15	6.79e-16
 1.74514e+15	9.88e-15	1.35e-09	2.50e-05	8.66e-03	1.66e-01	4.74e-01	3.51e-01	0.00e+00	0.00e+00	5.72e-15	3.00e-15	9.94e-16
 1.79456e+15	1.33e-14	1.71e-09	3.00e-05	9.81e-03	1.78e-01	4.79e-01	3.34e-01	0.00e+00	0.00e+00	7.71e-15	4.04e-15	1.34e-15
 1.84744e+15	1.80e-14	2.19e-09	3.63e-05	1.11e-02	1.90e-01	4.83e-01	3.16e-01	0.00e+00	0.00e+00	1.04e-14	5.45e-15	1.80e-15
 1.91489e+15	2.66e-14	2.99e-09	4.58e-05	1.30e-02	2.06e-01	4.87e-01	2.94e-01	0.00e+00	0.00e+00	1.54e-14	8.08e-15	2.67e-15
 1.98331e+15	3.68e-14	3.92e-09	5.72e-05	1.51e-02	2.22e-01	4.90e-01	2.74e-01	0.00e+00	0.00e+00	2.13e-14	1.12e-14	3.68e-15
 2.04092e+15	5.02e-14	5.01e-09	6.86e-05	1.70e-02	2.35e-01	4.91e-01	2.57e-01	0.00e+00	0.00e+00	2.91e-14	1.52e-14	5.02e-15
 2.10244e+15	6.87e-14	6.42e-09	8.27e-05	1.92e-02	2.50e-01	4.91e-01	2.40e-01	0.00e+00	0.00e+00	3.98e-14	2.08e-14	6.85e-15
 2.17998e+15	1.05e-13	8.86e-09	1.04e-04	2.23e-02	2.68e-01	4.89e-01	2.21e-01	0.00e+00	0.00e+00	6.08e-14	3.18e-14	1.04e-14
 2.25970e+15	1.51e-13	1.18e-08	1.29e-04	2.56e-02	2.86e-01	4.86e-01	2.02e-01	0.00e+00	0.00e+00	8.73e-14	4.57e-14	1.50e-14
 2.32954e+15	2.01e-13	1.49e-08	1.55e-04	2.88e-02	3.02e-01	4.82e-01	1.87e-01	0.00e+00	0.00e+00	1.17e-13	6.10e-14	2.00e-14
 2.40515e+15	2.79e-13	1.92e-08	1.87e-04	3.25e-02	3.19e-01	4.77e-01	1.72e-01	0.00e+00	0.00e+00	1.62e-13	8.47e-14	2.77e-14
 2.49685e+15	4.33e-13	2.67e-08	2.34e-04	3.75e-02	3.38e-01	4.69e-01	1.55e-01	0.00e+00	0.00e+00	2.51e-13	1.31e-13	4.29e-14
 2.58754e+15	6.15e-13	3.50e-08	2.88e-04	4.26e-02	3.57e-01	4.59e-01	1.40e-01	0.00e+00	0.00e+00	3.57e-13	1.87e-13	6.09e-14
 2.66812e+15	8.17e-13	4.39e-08	3.43e-04	4.75e-02	3.73e-01	4.51e-01	1.28e-01	0.00e+00	0.00e+00	4.74e-13	2.48e-13	8.09e-14
 2.75749e+15	1.14e-12	5.66e-08	4.13e-04	5.32e-02	3.90e-01	4.40e-01	1.16e-01	0.00e+00	0.00e+00	6.61e-13	3.46e-13	1.13e-13
 2.86418e+15	1.77e-12	7.82e-08	5.13e-04	6.07e-02	4.10e-01	4.26e-01	1.03e-01	0.00e+00	0.00e+00	1.03e-12	5.39e-13	1.75e-13
 2.96526e+15	2.51e-12	1.02e-07	6.21e-04	6.80e-02	4.27e-01	4.13e-01	9.18e-02	0.00e+00	0.00e+00	1.46e-12	7.63e-13	2.48e-13
 3.05118e+15	3.36e-12	1.26e-07	7.26e-04	7.46e-02	4.41e-01	4.01e-01	8.33e-02	0.00e+00	0.00e+00	1.95e-12	1.02e-12	3.31e-13
 3.14550e+15	4.57e-12	1.59e-07	8.57e-04	8.22e-02	4.55e-01	3.87e-01	7.49e-02	0.00e+00	0.00e+00	2.66e-12	1.39e-12	4.51e-13
 3.26281e+15	6.25e-12	2.03e-07	1.04e-03	9.20e-02	4.71e-01	3.71e-01	6.59e-02	0.00e+00	0.00e+00	3.63e-12	1.90e-12	6.16e-13
 3.38355e+15	9.56e-12	2.75e-07	1.26e-03	1.03e-01	4.85e-01	3.53e-01	5.74e-02	0.00e+00	0.00e+00	5.55e-12	2.90e-12	9.42e-13
 3.47665e+15	1.25e-11	3.35e-07	1.46e-03	1.11e-01	4.96e-01	3.40e-01	5.17e-02	0.00e+00	0.00e+00	7.25e-12	3.79e-12	1.23e-12
 3.56025e+15	1.59e-11	4.00e-07	1.65e-03	1.19e-01	5.04e-01	3.28e-01	4.71e-02	0.00e+00	0.00e+00	9.21e-12	4.82e-12	1.56e-12
 3.66893e+15	2.12e-11	4.96e-07	1.93e-03	1.30e-01	5.14e-01	3.13e-01	4.17e-02	0.00e+00	0.00e+00	1.23e-11	6.43e-12	2.09e-12
 3.78511e+15	2.94e-11	6.29e-07	2.26e-03	1.42e-01	5.23e-01	2.97e-01	3.66e-02	0.00e+00	0.00e+00	1.71e-11	8.93e-12	2.90e-12
 3.88662e+15	3.81e-11	7.60e-07	2.58e-03	1.52e-01	5.29e-01	2.83e-01	3.27e-02	0.00e+00	0.00e+00	2.21e-11	1.16e-11	3.75e-12
 3.99416e+15	4.93e-11	9.20e-07	2.96e-03	1.64e-01	5.35e-01	2.69e-01	2.91e-02	0.00e+00	0.00e+00	2.87e-11	1.50e-11	4.86e-12
 4.13396e+15	7.08e-11	1.19e-06	3.53e-03	1.79e-01	5.41e-01	2.51e-01	2.49e-02	0.00e+00	0.00e+00	4.12e-11	2.16e-11	6.99e-12
 4.27449e+15	9.63e-11	1.50e-06	4.16e-03	1.94e-01	5.46e-01	2.35e-01	2.13e-02	0.00e+00	0.00e+00	5.60e-11	2.93e-11	9.50e-12
 4.38662e+15	1.21e-10	1.78e-06	4.72e-03	2.07e-01	5.48e-01	2.22e-01	1.89e-02	0.00e+00	0.00e+00	7.04e-11	3.68e-11	1.19e-11
 4.50300e+15	1.57e-10	2.15e-06	5.37e-03	2.21e-01	5.49e-01	2.09e-01	1.66e-02	0.00e+00	0.00e+00	9.11e-11	4.77e-11	1.55e-11
 4.65429e+15	2.31e-10	2.81e-06	6.35e-03	2.39e-01	5.48e-01	1.93e-01	1.40e-02	0.00e+00	0.00e+00	1.34e-10	7.04e-11	2.28e-11
 4.80905e+15	3.18e-10	3.53e-06	7.43e-03	2.57e-01	5.46e-01	1.77e-01	1.18e-02	0.00e+00	0.00e+00	1.85e-10	9.67e-11	3.14e-11
 4.93710e+15	4.13e-10	4.27e-06	8.45e-03	2.73e-01	5.43e-01	1.65e-01	1.03e-02	0.00e+00	0.00e+00	2.40e-10	1.26e-10	4.08e-11
 5.07237e+15	5.45e-10	5.21e-06	9.65e-03	2.89e-01	5.39e-01	1.53e-01	8.85e-03	0.00e+00	0.00e+00	3.17e-10	1.66e-10	5.39e-11
 5.22212e+15	6.90e-10	6.24e-06	1.11e-02	3.07e-01	5.33e-01	1.41e-01	7.55e-03	0.00e+00	0.00e+00	4.02e-10	2.10e-10	6.82e-11
 5.36272e+15	9.60e-10	7.82e-06	1.27e-02	3.25e-01	5.26e-01	1.30e-01	6.43e-03	0.00e+00	0.00e+00	5.58e-10	2.92e-10	9.49e-11
 5.49323e+15	1.23e-09	9.32e-06	1.43e-02	3.41e-01	5.19e-01	1.21e-01	5.57e-03	0.00e+00	0.00e+00	7.13e-10	3.74e-10	1.21e-10
 5.63856e+15	1.53e-09	1.10e-05	1.62e-02	3.58e-01	5.10e-01	1.11e-01	4.76e-03	0.00e+00	0.00e+00	8.88e-10	4.65e-10	1.51e-10
 5.79927e+15	2.18e-09	1.41e-05	1.87e-02	3.78e-01	4.99e-01	1.00e-01	3.96e-03	0.00e+00	0.00e+00	1.27e-09	6.65e-10	2.16e-10
 5.94170e+15	2.81e-09	1.69e-05	2.11e-02	3.96e-01	4.88e-01	9.20e-02	3.38e-03	0.00e+00	0.00e+00	1.63e-09	8.57e-10	2.78e-10
 6.06870e+15	3.54e-09	1.99e-05	2.35e-02	4.11e-01	4.78e-01	8.49e-02	2.93e-03	0.00e+00	0.00e+00	2.06e-09	1.08e-09	3.51e-10
 6.18963e+15	4.39e-09	2.33e-05	2.60e-02	4.25e-01	4.67e-01	7.86e-02	2.56e-03	0.00e+00	0.00e+00	2.55e-09	1.34e-09	4.35e-10
 6.30397e+15	5.31e-09	2.67e-05	2.86e-02	4.39e-01	4.57e-01	7.31e-02	2.25e-03	0.00e+00	0.00e+00	3.09e-09	1.62e-09	5.26e-10
 6.43401e+15	6.87e-09	3.20e-05	3.20e-02	4.54e-01	4.45e-01	6.69e-02	1.93e-03	0.00e+00	0.00e+00	4.00e-09	2.10e-09	6.82e-10
 6.56971e+15	8.19e-09	3.67e-05	3.56e-02	4.69e-01	4.32e-01	6.13e-02	1.66e-03	0.00e+00	0.00e+00	4.76e-09	2.50e-09	8.13e-10
 6.71279e+15	1.13e-08	4.57e-05	4.03e-02	4.86e-01	4.17e-01	5.53e-02	1.39e-03	0.00e+00	0.00e+00	6.57e-09	3.45e-09	1.12e-09
 6.86841e+15	1.39e-08	5.38e-05	4.56e-02	5.02e-01	4.01e-01	4.97e-02	1.17e-03	0.00e+00	0.00e+00	8.09e-09	4.25e-09	1.38e-09
 7.01375e+15	1.96e-08	6.78e-05	5.17e-02	5.18e-01	3.85e-01	4.45e-02	9.68e-04	0.00e+00	0.00e+00	1.14e-08	5.97e-09	1.95e-09
 7.14600e+15	2.47e-08	8.04e-05	5.77e-02	5.31e-01	3.70e-01	4.03e-02	8.23e-04	0.00e+00	0.00e+00	1.44e-08	7.55e-09	2.46e-09
 7.26841e+15	3.11e-08	9.49e-05	6.40e-02	5.43e-01	3.56e-01	3.66e-02	7.04e-04	0.00e+00	0.00e+00	1.81e-08	9.52e-09	3.10e-09
 7.38685e+15	3.90e-08	1.11e-04	7.09e-02	5.53e-01	3.42e-01	3.33e-02	6.04e-04	0.00e+00	0.00e+00	2.27e-08	1.19e-08	3.88e-09
 7.50134e+15	4.76e-08	1.29e-04	7.81e-02	5.63e-01	3.28e-01	3.03e-02	5.21e-04	0.00e+00	0.00e+00	2.77e-08	1.46e-08	4.75e-09
 7.63196e+15	6.19e-08	1.56e-04	8.79e-02	5.73e-01	3.12e-01	2.70e-02	4.34e-04	0.00e+00	0.00e+00	3.60e-08	1.89e-08	6.18e-09
 7.77818e+15	8.59e-08	1.96e-04	1.00e-01	5.83e-01	2.93e-01	2.36e-02	3.51e-04	0.00e+00	0.00e+00	5.00e-08	2.63e-08	8.58e-09
 7.91041e+15	1.09e-07	2.35e-04	1.13e-01	5.90e-01	2.76e-01	2.09e-02	2.92e-04	0.00e+00	0.00e+00	6.35e-08	3.34e-08	1.09e-08
 8.02611e+15	1.34e-07	2.74e-04	1.26e-01	5.95e-01	2.60e-01	1.86e-02	2.46e-04	0.00e+00	0.00e+00	7.77e-08	4.08e-08	1.33e-08
 8.15457e+15	1.95e-07	3.55e-04	1.44e-01	5.98e-01	2.42e-01	1.61e-02	1.96e-04	0.00e+00	0.00e+00	1.13e-07	5.96e-08	1.95e-08
 8.27075e+15	2.52e-07	4.27e-04	1.61e-01	5.99e-01	2.26e-01	1.41e-02	1.62e-04	0.00e+00	0.00e+00	1.47e-07	7.71e-08	2.52e-08
 8.34962e+15	3.04e-07	4.90e-04	1.75e-01	5.98e-01	2.14e-01	1.28e-02	1.41e-04	0.00e+00	0.00e+00	1.77e-07	9.32e-08	3.05e-08
 8.43085e+15	3.76e-07	5.69e-04	1.91e-01	5.95e-01	2.02e-01	1.15e-02	1.20e-04	0.00e+00	0.00e+00	2.19e-07	1.15e-07	3.77e-08
 8.53644e+15	5.00e-07	6.98e-04	2.14e-01	5.90e-01	1.86e-01	9.93e-03	9.70e-05	0.00e+00	0.00e+00	2.91e-07	1.53e-07	5.02e-08
 8.64040e+15	5.97e-07	8.03e-04	2.38e-01	5.82e-01	1.70e-01	8.61e-03	7.98e-05	0.00e+00	0.00e+00	3.47e-07	1.83e-07	5.99e-08
 8.72094e+15	8.23e-07	9.97e-04	2.63e-01	5.72e-01	1.57e-01	7.48e-03	6.51e-05	0.00e+00	0.00e+00	4.79e-07	2.52e-07	8.26e-08
 8.77647e+15	9.54e-07	1.11e-03	2.79e-01	5.64e-01	1.48e-01	6.83e-03	5.73e-05	0.00e+00	0.00e+00	5.55e-07	2.92e-07	9.59e-08
 8.82078e+15	1.09e-06	1.22e-03	2.95e-01	5.57e-01	1.41e-01	6.29e-03	5.11e-05	0.00e+00	0.00e+00	6.36e-07	3.35e-07	1.10e-07
 8.87837e+15	1.23e-06	1.34e-03	3.14e-01	5.47e-01	1.32e-01	5.66e-03	4.44e-05	0.00e+00	0.00e+00	7.17e-07	3.77e-07	1.24e-07
 8.95325e+15	1.63e-06	1.63e-03	3.45e-01	5.30e-01	1.19e-01	4.81e-03	3.55e-05	0.00e+00	0.00e+00	9.48e-07	4.99e-07	1.64e-07
 9.02024e+15	2.01e-06	1.89e-03	3.73e-01	5.13e-01	1.08e-01	4.16e-03	2.92e-05	0.00e+00	0.00e+00	1.17e-06	6.16e-07	2.02e-07
 9.06385e+15	2.25e-06	2.05e-03	3.93e-01	5.00e-01	1.01e-01	3.77e-03	2.56e-05	0.00e+00	0.00e+00	1.31e-06	6.91e-07	2.27e-07
 9.10741e+15	2.61e-06	2.27e-03	4.14e-01	4.86e-01	9.39e-02	3.36e-03	2.20e-05	0.00e+00	0.00e+00	1.52e-06	8.01e-07	2.63e-07
 9.16404e+15	3.31e-06	2.67e-03	4.45e-01	4.65e-01	8.43e-02	2.86e-03	1.77e-05	0.00e+00	0.00e+00	1.93e-06	1.02e-06	3.34e-07
 9.21828e+15	3.83e-06	2.96e-03	4.73e-01	4.45e-01	7.60e-02	2.46e-03	1.46e-05	0.00e+00	0.00e+00	2.23e-06	1.17e-06	3.87e-07
 9.26942e+15	4.62e-06	3.37e-03	5.03e-01	4.23e-01	6.78e-02	2.09e-03	1.18e-05	0.00e+00	0.00e+00	2.69e-06	1.42e-06	4.67e-07
 9.32307e+15	5.89e-06	3.96e-03	5.37e-01	3.98e-01	5.96e-02	1.73e-03	9.13e-06	0.00e+00	0.00e+00	3.43e-06	1.81e-06	5.96e-07
 9.36473e+15	6.92e-06	4.41e-03	5.62e-01	3.78e-01	5.37e-02	1.48e-03	7.51e-06	0.00e+00	0.00e+00	4.02e-06	2.12e-06	7.00e-07
 9.40364e+15	7.70e-06	4.76e-03	5.86e-01	3.59e-01	4.83e-02	1.28e-03	6.26e-06	0.00e+00	0.00e+00	4.48e-06	2.37e-06	7.80e-07
 9.45423e+15	9.79e-06	5.55e-03	6.21e-01	3.32e-01	4.13e-02	1.03e-03	4.68e-06	0.00e+00	0.00e+00	5.69e-06	3.01e-06	9.92e-07
 9.50292e+15	1.17e-05	6.25e-03	6.51e-01	3.06e-01	3.55e-02	8.30e-04	3.58e-06	0.00e+00	0.00e+00	6.81e-06	3.60e-06	1.19e-06
 9.54147e+15	1.35e-05	6.87e-03	6.76e-01	2.86e-01	3.11e-02	6.91e-04	2.83e-06	0.00e+00	0.00e+00	7.87e-06	4.16e-06	1.37e-06
 9.58391e+15	1.60e-05	7.65e-03	7.03e-01	2.62e-01	2.65e-02	5.55e-04	2.15e-06	0.00e+00	0.00e+00	9.31e-06	4.92e-06	1.63e-06
 9.63181e+15	1.93e-05	8.62e-03	7.32e-01	2.37e-01	2.20e-02	4.29e-04	1.55e-06	0.00e+00	0.00e+00	1.12e-05	5.95e-06	1.97e-06
 9.67713e+15	2.28e-05	9.56e-03	7.58e-01	2.14e-01	1.83e-02	3.32e-04	1.13e-06	0.00e+00	0.00e+00	1.33e-05	7.02e-06	2.33e-06
 9.72636e+15	2.77e-05	1.08e-02	7.85e-01	1.89e-01	1.47e-02	2.45e-04	7.72e-07	0.00e+00	0.00e+00	1.61e-05	8.52e-06	2.83e-06
 9.77902e+15	3.35e-05	1.21e-02	8.11e-01	1.65e-01	1.15e-02	1.77e-04	0.00e+00	0.00e+00	0.00e+00	1.95e-05	1.03e-05	3.42e-06
 9.82677e+15	3.98e-05	1.34e-02	8.32e-01	1.45e-01	9.15e-03	1.29e-04	0.00e+00	0.00e+00	0.00e+00	2.31e-05	1.22e-05	4.07e-06
 9.87951e+15	4.82e-05	1.49e-02	8.54e-01	1.24e-01	6.97e-03	8.88e-05	0.00e+00	0.00e+00	0.00e+00	2.80e-05	1.48e-05	4.94e-06
 9.92720e+15	5.64e-05	1.63e-02	8.70e-01	1.08e-01	5.50e-03	6.42e-05	0.00e+00	0.00e+00	0.00e+00	3.28e-05	1.74e-05	5.78e-06
 9.95866e+15	6.25e-05	1.73e-02	8.79e-01	9.87e-02	4.67e-03	5.14e-05	0.00e+00	0.00e+00	0.00e+00	3.63e-05	1.92e-05	6.41e-06
 9.98988e+15	6.95e-05	1.84e-02	8.88e-01	8.94e-02	3.93e-03	4.05e-05	0.00e+00	0.00e+00	0.00e+00	4.04e-05	2.14e-05	7.14e-06
 1.00305e+16	7.95e-05	1.98e-02	8.98e-01	7.86e-02	3.13e-03	2.96e-05	0.00e+00	0.00e+00	0.00e+00	4.62e-05	2.45e-05	8.17e-06
 1.00750e+16	9.15e-05	2.14e-02	9.08e-01	6.84e-02	2.46e-03	2.12e-05	0.00e+00	0.00e+00	0.00e+00	5.32e-05	2.82e-05	9.42e-06
 1.01162e+16	1.04e-04	2.29e-02	9.15e-01	6.01e-02	1.96e-03	1.55e-05	0.00e+00	0.00e+00	0.00e+00	6.04e-05	3.20e-05	1.07e-05
 1.01611e+16	1.19e-04	2.46e-02	9.22e-01	5.19e-02	1.52e-03	1.09e-05	0.00e+00	0.00e+00	0.00e+00	6.94e-05	3.68e-05	1.23e-05
 1.02108e+16	1.38e-04	2.66e-02	9.28e-01	4.44e-02	1.16e-03	7.43e-06	0.00e+00	0.00e+00	0.00e+00	8.03e-05	4.26e-05	1.43e-05
 1.02564e+16	1.58e-04	2.86e-02	9.32e-01	3.85e-02	9.00e-04	5.23e-06	0.00e+00	0.00e+00	0.00e+00	9.19e-05	4.87e-05	1.63e-05
 1.02986e+16	1.78e-04	3.04e-02	9.35e-01	3.37e-02	7.15e-04	3.78e-06	0.00e+00	0.00e+00	0.00e+00	1.04e-04	5.50e-05	1.84e-05
 1.03467e+16	2.05e-04	3.27e-02	9.38e-01	2.89e-02	5.46e-04	2.58e-06	0.00e+00	0.00e+00	0.00e+00	1.19e-04	6.32e-05	2.12e-05
 1.03993e+16	2.38e-04	3.53e-02	9.39e-01	2.46e-02	4.11e-04	1.72e-06	0.00e+00	0.00e+00	0.00e+00	1.38e-04	7.33e-05	2.46e-05
 1.04466e+16	2.71e-04	3.78e-02	9.40e-01	2.13e-02	3.21e-04	1.21e-06	0.00e+00	0.00e+00	0.00e+00	1.58e-04	8.36e-05	2.81e-05
 1.04970e+16	3.13e-04	4.07e-02	9.41e-01	1.82e-02	2.44e-04	8.13e-07	0.00e+00	0.00e+00	0.00e+00	1.82e-04	9.66e-05	3.24e-05
 1.05506e+16	3.64e-04	4.39e-02	9.40e-01	1.55e-02	1.85e-04	0.00e+00	0.00e+00	0.00e+00	0.00e+00	2.12e-04	1.12e-04	3.76e-05
 1.05976e+16	4.17e-04	4.71e-02	9.39e-01	1.35e-02	1.46e-04	0.00e+00	0.00e+00	0.00e+00	0.00e+00	2.42e-04	1.28e-04	4.31e-05
 1.06402e+16	4.71e-04	5.02e-02	9.37e-01	1.19e-02	1.17e-04	0.00e+00	0.00e+00	0.00e+00	0.00e+00	2.74e-04	1.45e-04	4.87e-05
