#depth	C	C+	C+2	C+3	C+4	C+5	C+6	C[1]	C[2]	C[3]	C+[1]	C+[2]	CO
 1.49634e+10	0.00e+00	0.00e+00	3.07e-29	2.13e-18	9.12e-07	3.54e-02	9.65e-01	0.00e+00	0.00e+00	0.00e+00	0.00e+00	0.00e+00	0.00e+00
 4.54887e+10	0.00e+00	1.51e-40	4.20e-29	2.69e-18	1.06e-06	3.82e-02	9.62e-01	0.00e+00	0.00e+00	0.00e+00	0.00e+00	0.00e+00	0.00e+00
 7.72350e+10	0.00e+00	0.00e+00	5.74e-29	3.40e-18	1.24e-06	4.12e-02	9.59e-01	0.00e+00	0.00e+00	0.00e+00	0.00e+00	0.00e+00	0.00e+00
 1.10251e+11	0.00e+00	3.30e-40	7.85e-29	4.30e-18	1.46e-06	4.44e-02	9.56e-01	0.00e+00	0.00e+00	0.00e+00	0.00e+00	0.00e+00	0.00e+00
 1.43564e+11	0.00e+00	0.00e+00	1.06e-28	5.40e-18	1.69e-06	4.78e-02	9.52e-01	0.00e+00	0.00e+00	0.00e+00	0.00e+00	0.00e+00	0.00e+00
 1.78210e+11	0.00e+00	7.06e-40	1.44e-28	6.78e-18	1.97e-06	5.14e-02	9.49e-01	0.00e+00	0.00e+00	0.00e+00	0.00e+00	0.00e+00	0.00e+00
 2.14374e+11	0.00e+00	0.00e+00	1.96e-28	8.52e-18	2.30e-06	5.53e-02	9.45e-01	0.00e+00	0.00e+00	0.00e+00	0.00e+00	0.00e+00	0.00e+00
 2.50349e+11	0.00e+00	1.49e-39	2.62e-28	1.06e-17	2.66e-06	5.92e-02	9.41e-01	0.00e+00	0.00e+00	0.00e+00	0.00e+00	0.00e+00	0.00e+00
 2.88653e+11	0.00e+00	0.00e+00	3.54e-28	1.33e-17	3.08e-06	6.36e-02	9.36e-01	0.00e+00	0.00e+00	0.00e+00	0.00e+00	0.00e+00	0.00e+00
 3.30126e+11	0.00e+00	3.21e-39	4.84e-28	1.68e-17	3.60e-06	6.84e-02	9.32e-01	0.00e+00	0.00e+00	0.00e+00	0.00e+00	0.00e+00	0.00e+00
 3.73258e+11	0.00e+00	0.00e+00	6.62e-28	2.12e-17	4.21e-06	7.36e-02	9.26e-01	0.00e+00	0.00e+00	0.00e+00	0.00e+00	0.00e+00	0.00e+00
 4.18115e+11	0.00e+00	7.02e-39	9.05e-28	2.68e-17	4.92e-06	7.91e-02	9.21e-01	0.00e+00	0.00e+00	0.00e+00	0.00e+00	0.00e+00	0.00e+00
 4.63215e+11	0.00e+00	0.00e+00	1.22e-27	3.36e-17	5.71e-06	8.49e-02	9.15e-01	0.00e+00	0.00e+00	0.00e+00	0.00e+00	0.00e+00	0.00e+00
 5.10118e+11	0.00e+00	1.50e-38	1.66e-27	4.21e-17	6.64e-06	9.10e-02	9.09e-01	0.00e+00	0.00e+00	0.00e+00	0.00e+00	0.00e+00	0.00e+00
 5.60450e+11	0.00e+00	0.00e+00	2.26e-27	5.32e-17	7.75e-06	9.77e-02	9.02e-01	0.00e+00	0.00e+00	0.00e+00	0.00e+00	0.00e+00	0.00e+00
 6.12794e+11	0.00e+00	3.26e-38	3.09e-27	6.72e-17	9.04e-06	1.05e-01	8.95e-01	0.00e+00	0.00e+00	0.00e+00	0.00e+00	0.00e+00	0.00e+00
 6.67233e+11	0.00e+00	0.00e+00	4.22e-27	8.47e-17	1.05e-05	1.12e-01	8.88e-01	0.00e+00	0.00e+00	0.00e+00	0.00e+00	0.00e+00	0.00e+00
 7.23849e+11	0.00e+00	7.11e-38	5.75e-27	1.07e-16	1.23e-05	1.21e-01	8.79e-01	0.00e+00	0.00e+00	0.00e+00	0.00e+00	0.00e+00	0.00e+00
 7.82730e+11	0.00e+00	0.00e+00	7.85e-27	1.35e-16	1.43e-05	1.29e-01	8.71e-01	0.00e+00	0.00e+00	0.00e+00	0.00e+00	0.00e+00	0.00e+00
 8.43966e+11	0.00e+00	1.55e-37	1.07e-26	1.70e-16	1.67e-05	1.38e-01	8.62e-01	0.00e+00	0.00e+00	0.00e+00	0.00e+00	0.00e+00	0.00e+00
 9.07651e+11	0.00e+00	0.00e+00	1.46e-26	2.14e-16	1.95e-05	1.48e-01	8.52e-01	0.00e+00	0.00e+00	0.00e+00	0.00e+00	0.00e+00	0.00e+00
 9.73884e+11	0.00e+00	3.37e-37	1.99e-26	2.70e-16	2.27e-05	1.58e-01	8.42e-01	0.00e+00	0.00e+00	0.00e+00	0.00e+00	0.00e+00	0.00e+00
 1.04277e+12	0.00e+00	0.00e+00	2.71e-26	3.40e-16	2.64e-05	1.69e-01	8.31e-01	0.00e+00	0.00e+00	0.00e+00	0.00e+00	0.00e+00	0.00e+00
 1.11440e+12	0.00e+00	7.31e-37	3.69e-26	4.27e-16	3.07e-05	1.80e-01	8.20e-01	0.00e+00	0.00e+00	0.00e+00	0.00e+00	0.00e+00	0.00e+00
 1.18891e+12	0.00e+00	0.00e+00	5.02e-26	5.38e-16	3.57e-05	1.92e-01	8.08e-01	0.00e+00	0.00e+00	0.00e+00	0.00e+00	0.00e+00	0.00e+00
 1.26639e+12	0.00e+00	1.58e-36	6.82e-26	6.76e-16	4.15e-05	2.04e-01	7.96e-01	0.00e+00	0.00e+00	0.00e+00	0.00e+00	0.00e+00	0.00e+00
 1.34697e+12	6.88e-48	2.33e-36	9.27e-26	8.49e-16	4.81e-05	2.18e-01	7.82e-01	0.00e+00	0.00e+00	0.00e+00	0.00e+00	0.00e+00	0.00e+00
 1.43078e+12	0.00e+00	0.00e+00	1.26e-25	1.07e-15	5.58e-05	2.31e-01	7.69e-01	0.00e+00	0.00e+00	0.00e+00	0.00e+00	0.00e+00	0.00e+00
 1.50881e+12	0.00e+00	4.82e-36	1.65e-25	1.31e-15	6.38e-05	2.44e-01	7.56e-01	0.00e+00	0.00e+00	0.00e+00	0.00e+00	0.00e+00	0.00e+00
 1.57727e+12	2.36e-47	6.45e-36	2.09e-25	1.55e-15	7.13e-05	2.55e-01	7.45e-01	0.00e+00	0.00e+00	0.00e+00	0.00e+00	0.00e+00	0.00e+00
 1.65356e+12	0.00e+00	0.00e+00	2.68e-25	1.86e-15	8.04e-05	2.68e-01	7.32e-01	0.00e+00	0.00e+00	0.00e+00	0.00e+00	0.00e+00	0.00e+00
 1.74557e+12	0.00e+00	1.27e-35	3.58e-25	2.31e-15	9.25e-05	2.83e-01	7.17e-01	0.00e+00	0.00e+00	0.00e+00	0.00e+00	0.00e+00	0.00e+00
 1.83826e+12	8.21e-47	1.82e-35	4.75e-25	2.85e-15	1.06e-04	2.98e-01	7.02e-01	0.00e+00	0.00e+00	0.00e+00	0.00e+00	0.00e+00	0.00e+00
 1.92304e+12	0.00e+00	0.00e+00	6.08e-25	3.42e-15	1.19e-04	3.12e-01	6.88e-01	0.00e+00	0.00e+00	0.00e+00	0.00e+00	0.00e+00	0.00e+00
 2.01731e+12	0.00e+00	3.47e-35	7.92e-25	4.15e-15	1.35e-04	3.27e-01	6.73e-01	0.00e+00	0.00e+00	0.00e+00	0.00e+00	0.00e+00	0.00e+00
 2.12696e+12	2.82e-46	5.05e-35	1.07e-24	5.17e-15	1.55e-04	3.44e-01	6.56e-01	0.00e+00	0.00e+00	0.00e+00	0.00e+00	0.00e+00	0.00e+00
 2.23438e+12	0.00e+00	0.00e+00	1.41e-24	6.35e-15	1.77e-04	3.61e-01	6.39e-01	0.00e+00	0.00e+00	0.00e+00	0.00e+00	0.00e+00	0.00e+00
 2.33549e+12	0.00e+00	9.89e-35	1.81e-24	7.64e-15	1.99e-04	3.77e-01	6.23e-01	0.00e+00	0.00e+00	0.00e+00	0.00e+00	0.00e+00	0.00e+00
 2.44822e+12	9.63e-46	1.39e-34	2.38e-24	9.31e-15	2.26e-04	3.94e-01	6.06e-01	0.00e+00	0.00e+00	0.00e+00	0.00e+00	0.00e+00	1.24e-305
 2.57608e+12	0.00e+00	0.00e+00	3.19e-24	1.16e-14	2.59e-04	4.13e-01	5.87e-01	0.00e+00	0.00e+00	0.00e+00	0.00e+00	0.00e+00	6.96e-207
 2.70375e+12	0.00e+00	2.89e-34	4.23e-24	1.42e-14	2.95e-04	4.31e-01	5.69e-01	0.00e+00	0.00e+00	0.00e+00	0.00e+00	0.00e+00	0.00e+00
 2.83653e+12	3.60e-45	4.13e-34	5.60e-24	1.74e-14	3.35e-04	4.50e-01	5.50e-01	0.00e+00	0.00e+00	0.00e+00	0.00e+00	0.00e+00	0.00e+00
 2.97992e+12	0.00e+00	0.00e+00	7.49e-24	2.15e-14	3.83e-04	4.69e-01	5.30e-01	0.00e+00	0.00e+00	0.00e+00	0.00e+00	0.00e+00	0.00e+00
 3.12904e+12	0.00e+00	8.64e-34	9.99e-24	2.65e-14	4.36e-04	4.89e-01	5.10e-01	0.00e+00	0.00e+00	0.00e+00	0.00e+00	0.00e+00	1.83e-235
 3.28413e+12	1.38e-44	1.25e-33	1.33e-23	3.26e-14	4.96e-04	5.09e-01	4.91e-01	0.00e+00	0.00e+00	0.00e+00	0.00e+00	0.00e+00	0.00e+00
 3.44542e+12	0.00e+00	0.00e+00	1.77e-23	4.01e-14	5.63e-04	5.29e-01	4.71e-01	0.00e+00	0.00e+00	0.00e+00	0.00e+00	0.00e+00	2.49e-205
 3.61317e+12	0.00e+00	2.58e-33	2.36e-23	4.92e-14	6.38e-04	5.48e-01	4.51e-01	0.00e+00	0.00e+00	0.00e+00	0.00e+00	0.00e+00	0.00e+00
 3.78762e+12	5.20e-44	3.71e-33	3.12e-23	6.03e-14	7.22e-04	5.68e-01	4.32e-01	0.00e+00	0.00e+00	0.00e+00	0.00e+00	0.00e+00	1.44e-302
 3.96905e+12	0.00e+00	5.32e-33	4.14e-23	7.38e-14	8.16e-04	5.87e-01	4.12e-01	0.00e+00	0.00e+00	0.00e+00	0.00e+00	0.00e+00	1.01e-161
 4.15774e+12	1.25e-43	7.62e-33	5.48e-23	9.01e-14	9.20e-04	6.06e-01	3.93e-01	0.00e+00	0.00e+00	0.00e+00	0.00e+00	0.00e+00	1.17e-228
 4.35398e+12	0.00e+00	1.09e-32	7.23e-23	1.10e-13	1.04e-03	6.25e-01	3.74e-01	0.00e+00	0.00e+00	0.00e+00	0.00e+00	0.00e+00	9.16e-296
 4.55806e+12	3.00e-43	1.56e-32	9.54e-23	1.34e-13	1.16e-03	6.43e-01	3.56e-01	0.00e+00	0.00e+00	0.00e+00	0.00e+00	0.00e+00	7.43e-139
 4.77031e+12	0.00e+00	2.22e-32	1.26e-22	1.63e-13	1.31e-03	6.61e-01	3.38e-01	0.00e+00	0.00e+00	0.00e+00	0.00e+00	0.00e+00	1.93e-206
 4.97776e+12	6.98e-43	3.10e-32	1.63e-22	1.95e-13	1.45e-03	6.78e-01	3.21e-01	0.00e+00	0.00e+00	0.00e+00	0.00e+00	0.00e+00	3.67e-274
 5.16909e+12	0.00e+00	4.16e-32	2.04e-22	2.29e-13	1.60e-03	6.92e-01	3.06e-01	0.00e+00	0.00e+00	0.00e+00	0.00e+00	0.00e+00	1.87e-158
 5.38090e+12	1.48e-42	5.71e-32	2.61e-22	2.72e-13	1.77e-03	7.07e-01	2.91e-01	0.00e+00	0.00e+00	0.00e+00	0.00e+00	0.00e+00	1.21e-226
 5.62560e+12	0.00e+00	8.11e-32	3.42e-22	3.29e-13	1.97e-03	7.23e-01	2.75e-01	0.00e+00	0.00e+00	0.00e+00	0.00e+00	0.00e+00	2.20e-157
 5.86624e+12	3.41e-42	1.13e-31	4.41e-22	3.94e-13	2.18e-03	7.38e-01	2.60e-01	0.00e+00	0.00e+00	0.00e+00	0.00e+00	0.00e+00	5.12e-226
 6.11652e+12	0.00e+00	1.57e-31	5.69e-22	4.70e-13	2.41e-03	7.52e-01	2.46e-01	0.00e+00	0.00e+00	0.00e+00	0.00e+00	0.00e+00	2.56e-156
 6.39111e+12	7.87e-42	2.22e-31	7.43e-22	5.67e-13	2.68e-03	7.66e-01	2.31e-01	0.00e+00	0.00e+00	0.00e+00	0.00e+00	0.00e+00	1.81e-225
 6.66906e+12	0.00e+00	3.12e-31	9.64e-22	6.79e-13	2.97e-03	7.80e-01	2.17e-01	0.00e+00	0.00e+00	0.00e+00	0.00e+00	0.00e+00	3.32e-155
 6.95814e+12	1.81e-41	4.38e-31	1.25e-21	8.13e-13	3.29e-03	7.93e-01	2.04e-01	0.00e+00	0.00e+00	0.00e+00	0.00e+00	0.00e+00	7.18e-225
 7.26639e+12	0.00e+00	6.19e-31	1.63e-21	9.77e-13	3.64e-03	8.05e-01	1.91e-01	0.00e+00	0.00e+00	0.00e+00	0.00e+00	0.00e+00	4.32e-154
 7.58697e+12	4.26e-41	8.74e-31	2.12e-21	1.17e-12	4.03e-03	8.17e-01	1.79e-01	0.00e+00	0.00e+00	0.00e+00	0.00e+00	0.00e+00	1.72e-224
 7.92038e+12	0.00e+00	1.24e-30	2.76e-21	1.41e-12	4.45e-03	8.28e-01	1.67e-01	0.00e+00	0.00e+00	0.00e+00	0.00e+00	0.00e+00	5.80e-153
 8.26712e+12	1.00e-40	1.74e-30	3.60e-21	1.69e-12	4.91e-03	8.39e-01	1.56e-01	0.00e+00	0.00e+00	0.00e+00	0.00e+00	0.00e+00	0.00e+00
 8.62773e+12	0.00e+00	2.46e-30	4.68e-21	2.02e-12	5.42e-03	8.49e-01	1.46e-01	0.00e+00	0.00e+00	0.00e+00	0.00e+00	0.00e+00	7.80e-152
 9.00276e+12	2.35e-40	3.48e-30	6.09e-21	2.42e-12	5.97e-03	8.58e-01	1.36e-01	0.00e+00	0.00e+00	0.00e+00	0.00e+00	0.00e+00	0.00e+00
 9.39280e+12	0.00e+00	4.91e-30	7.92e-21	2.89e-12	6.57e-03	8.67e-01	1.26e-01	0.00e+00	0.00e+00	0.00e+00	0.00e+00	0.00e+00	1.05e-150
 9.75953e+12	5.31e-40	6.71e-30	1.00e-20	3.40e-12	7.17e-03	8.75e-01	1.18e-01	0.00e+00	0.00e+00	0.00e+00	0.00e+00	0.00e+00	0.00e+00
 1.00874e+13	0.00e+00	8.79e-30	1.23e-20	3.91e-12	7.72e-03	8.81e-01	1.11e-01	0.00e+00	0.00e+00	0.00e+00	0.00e+00	0.00e+00	9.50e-150
 1.04554e+13	1.07e-39	1.18e-29	1.54e-20	4.56e-12	8.37e-03	8.87e-01	1.04e-01	0.00e+00	0.00e+00	0.00e+00	0.00e+00	0.00e+00	0.00e+00
 1.08916e+13	0.00e+00	1.65e-29	1.99e-20	5.42e-12	9.18e-03	8.94e-01	9.71e-02	0.00e+00	0.00e+00	0.00e+00	0.00e+00	0.00e+00	1.03e-148
 1.13283e+13	2.44e-39	2.29e-29	2.56e-20	6.41e-12	1.00e-02	9.00e-01	9.03e-02	0.00e+00	0.00e+00	0.00e+00	0.00e+00	0.00e+00	0.00e+00
 1.17382e+13	0.00e+00	3.08e-29	3.19e-20	7.45e-12	1.08e-02	9.05e-01	8.45e-02	0.00e+00	0.00e+00	0.00e+00	0.00e+00	0.00e+00	1.07e-147
 1.21934e+13	5.21e-39	4.23e-29	4.07e-20	8.78e-12	1.18e-02	9.10e-01	7.87e-02	0.00e+00	0.00e+00	0.00e+00	0.00e+00	0.00e+00	0.00e+00
 1.27111e+13	0.00e+00	5.99e-29	5.29e-20	1.05e-11	1.30e-02	9.14e-01	7.27e-02	0.00e+00	0.00e+00	0.00e+00	0.00e+00	0.00e+00	1.32e-146
 1.32268e+13	1.22e-38	8.37e-29	6.82e-20	1.24e-11	1.42e-02	9.19e-01	6.73e-02	0.00e+00	0.00e+00	0.00e+00	0.00e+00	0.00e+00	0.00e+00
 1.37631e+13	0.00e+00	1.17e-28	8.81e-20	1.48e-11	1.55e-02	9.22e-01	6.22e-02	0.00e+00	0.00e+00	0.00e+00	0.00e+00	0.00e+00	1.65e-145
 1.43436e+13	2.86e-38	1.66e-28	1.15e-19	1.77e-11	1.69e-02	9.26e-01	5.73e-02	0.00e+00	0.00e+00	0.00e+00	0.00e+00	0.00e+00	0.00e+00
 1.49473e+13	0.00e+00	2.37e-28	1.50e-19	2.11e-11	1.86e-02	9.29e-01	5.27e-02	0.00e+00	0.00e+00	0.00e+00	0.00e+00	0.00e+00	2.31e-144
 1.55138e+13	6.58e-38	3.25e-28	1.91e-19	2.49e-11	2.02e-02	9.31e-01	4.89e-02	0.00e+00	0.00e+00	0.00e+00	0.00e+00	0.00e+00	1.62e-217
 1.60190e+13	0.00e+00	4.28e-28	2.35e-19	2.86e-11	2.17e-02	9.33e-01	4.58e-02	0.00e+00	0.00e+00	0.00e+00	0.00e+00	0.00e+00	2.13e-143
 1.65858e+13	1.35e-37	5.79e-28	2.96e-19	3.33e-11	2.34e-02	9.34e-01	4.26e-02	0.00e+00	0.00e+00	0.00e+00	0.00e+00	0.00e+00	0.00e+00
 1.72592e+13	0.00e+00	8.17e-28	3.84e-19	3.97e-11	2.56e-02	9.35e-01	3.91e-02	0.00e+00	0.00e+00	0.00e+00	0.00e+00	0.00e+00	2.38e-142
 1.79338e+13	3.14e-37	1.14e-27	4.95e-19	4.70e-11	2.78e-02	9.36e-01	3.61e-02	0.00e+00	0.00e+00	0.00e+00	0.00e+00	0.00e+00	0.00e+00
 1.85629e+13	0.00e+00	1.54e-27	6.20e-19	5.47e-11	3.00e-02	9.36e-01	3.35e-02	0.00e+00	0.00e+00	0.00e+00	0.00e+00	0.00e+00	2.52e-141
 1.92628e+13	6.84e-37	2.14e-27	7.96e-19	6.46e-11	3.26e-02	9.37e-01	3.09e-02	0.00e+00	0.00e+00	0.00e+00	0.00e+00	0.00e+00	0.00e+00
 2.00633e+13	0.00e+00	3.06e-27	1.05e-18	7.75e-11	3.57e-02	9.36e-01	2.82e-02	0.00e+00	0.00e+00	0.00e+00	0.00e+00	0.00e+00	3.23e-140
 2.08487e+13	1.63e-36	4.31e-27	1.36e-18	9.21e-11	3.89e-02	9.35e-01	2.59e-02	0.00e+00	0.00e+00	0.00e+00	0.00e+00	0.00e+00	0.00e+00
 2.16028e+13	0.00e+00	5.91e-27	1.72e-18	1.08e-10	4.21e-02	9.34e-01	2.39e-02	0.00e+00	0.00e+00	0.00e+00	0.00e+00	0.00e+00	3.66e-139
 2.24341e+13	3.68e-36	8.28e-27	2.23e-18	1.28e-10	4.58e-02	9.32e-01	2.19e-02	0.00e+00	0.00e+00	0.00e+00	0.00e+00	0.00e+00	0.00e+00
 2.33614e+13	0.00e+00	1.19e-26	2.94e-18	1.54e-10	5.02e-02	9.30e-01	1.99e-02	0.00e+00	0.00e+00	0.00e+00	0.00e+00	0.00e+00	4.84e-138
 2.42956e+13	8.95e-36	1.69e-26	3.84e-18	1.85e-10	5.48e-02	9.27e-01	1.82e-02	0.00e+00	0.00e+00	0.00e+00	0.00e+00	0.00e+00	0.00e+00
 2.52672e+13	0.00e+00	2.41e-26	5.03e-18	2.21e-10	5.98e-02	9.24e-01	1.65e-02	0.00e+00	0.00e+00	0.00e+00	0.00e+00	0.00e+00	6.48e-137
 2.62814e+13	2.16e-35	3.45e-26	6.61e-18	2.65e-10	6.53e-02	9.20e-01	1.50e-02	0.00e+00	0.00e+00	0.00e+00	0.00e+00	0.00e+00	0.00e+00
 2.73362e+13	0.00e+00	4.92e-26	8.68e-18	3.18e-10	7.13e-02	9.15e-01	1.36e-02	0.00e+00	0.00e+00	0.00e+00	0.00e+00	0.00e+00	8.78e-136
 2.84595e+13	5.29e-35	7.10e-26	1.15e-17	3.83e-10	7.79e-02	9.10e-01	1.23e-02	0.00e+00	0.00e+00	0.00e+00	0.00e+00	0.00e+00	0.00e+00
 2.96278e+13	0.00e+00	1.02e-25	1.52e-17	4.61e-10	8.52e-02	9.04e-01	1.12e-02	0.00e+00	0.00e+00	0.00e+00	0.00e+00	0.00e+00	1.26e-134
 3.08429e+13	1.31e-34	1.47e-25	2.01e-17	5.56e-10	9.31e-02	8.97e-01	1.01e-02	0.00e+00	0.00e+00	0.00e+00	0.00e+00	0.00e+00	0.00e+00
 3.21065e+13	0.00e+00	2.12e-25	2.66e-17	6.70e-10	1.02e-01	8.89e-01	9.07e-03	0.00e+00	0.00e+00	0.00e+00	0.00e+00	0.00e+00	1.80e-133
 3.32477e+13	3.04e-34	2.92e-25	3.40e-17	7.88e-10	1.10e-01	8.82e-01	8.27e-03	0.00e+00	0.00e+00	0.00e+00	0.00e+00	0.00e+00	1.63e-97
 3.41960e+13	0.00e+00	3.76e-25	4.13e-17	8.98e-10	1.17e-01	8.76e-01	7.68e-03	0.00e+00	0.00e+00	0.00e+00	0.00e+00	0.00e+00	0.00e+00
 3.52342e+13	5.80e-34	4.92e-25	5.08e-17	1.03e-09	1.24e-01	8.68e-01	7.09e-03	0.00e+00	0.00e+00	0.00e+00	0.00e+00	0.00e+00	5.09e-114
 3.65524e+13	0.00e+00	6.85e-25	6.56e-17	1.22e-09	1.35e-01	8.59e-01	6.42e-03	0.00e+00	0.00e+00	0.00e+00	0.00e+00	0.00e+00	8.56e-98
 3.79298e+13	1.31e-33	9.54e-25	8.48e-17	1.45e-09	1.46e-01	8.49e-01	5.80e-03	0.00e+00	0.00e+00	0.00e+00	0.00e+00	0.00e+00	0.00e+00
 3.90955e+13	1.83e-33	1.25e-24	1.04e-16	1.66e-09	1.55e-01	8.40e-01	5.33e-03	0.00e+00	0.00e+00	0.00e+00	0.00e+00	0.00e+00	1.08e-112
 4.02909e+13	2.54e-33	1.63e-24	1.28e-16	1.91e-09	1.65e-01	8.30e-01	4.90e-03	0.00e+00	0.00e+00	0.00e+00	0.00e+00	0.00e+00	1.82e-95
 4.18008e+13	3.78e-33	2.25e-24	1.65e-16	2.26e-09	1.78e-01	8.18e-01	4.41e-03	0.00e+00	0.00e+00	0.00e+00	0.00e+00	0.00e+00	0.00e+00
 4.33412e+13	5.59e-33	3.09e-24	2.11e-16	2.65e-09	1.91e-01	8.05e-01	3.98e-03	0.00e+00	0.00e+00	0.00e+00	0.00e+00	0.00e+00	2.12e-111
 4.46659e+13	7.70e-33	4.01e-24	2.58e-16	3.03e-09	2.03e-01	7.93e-01	3.65e-03	0.00e+00	0.00e+00	0.00e+00	0.00e+00	0.00e+00	2.13e-94
 4.60887e+13	1.07e-32	5.25e-24	3.18e-16	3.48e-09	2.16e-01	7.81e-01	3.33e-03	0.00e+00	0.00e+00	0.00e+00	0.00e+00	0.00e+00	0.00e+00
 4.78457e+13	1.59e-32	7.21e-24	4.07e-16	4.10e-09	2.31e-01	7.66e-01	2.98e-03	0.00e+00	0.00e+00	0.00e+00	0.00e+00	0.00e+00	3.53e-110
 4.96500e+13	2.33e-32	9.85e-24	5.18e-16	4.82e-09	2.48e-01	7.50e-01	2.67e-03	0.00e+00	0.00e+00	0.00e+00	0.00e+00	0.00e+00	2.51e-93
 5.12882e+13	3.24e-32	1.29e-23	6.39e-16	5.53e-09	2.63e-01	7.35e-01	2.42e-03	0.00e+00	0.00e+00	0.00e+00	0.00e+00	0.00e+00	0.00e+00
 5.30977e+13	4.61e-32	1.72e-23	7.97e-16	6.40e-09	2.79e-01	7.19e-01	2.18e-03	0.00e+00	0.00e+00	0.00e+00	0.00e+00	0.00e+00	6.48e-109
 5.52179e+13	6.83e-32	2.36e-23	1.02e-15	7.52e-09	2.99e-01	7.00e-01	1.94e-03	0.00e+00	0.00e+00	0.00e+00	0.00e+00	0.00e+00	2.81e-92
 5.73271e+13	9.91e-32	3.19e-23	1.29e-15	8.77e-09	3.18e-01	6.81e-01	1.72e-03	0.00e+00	0.00e+00	0.00e+00	0.00e+00	0.00e+00	0.00e+00
 5.93313e+13	1.39e-31	4.19e-23	1.59e-15	1.01e-08	3.36e-01	6.63e-01	1.55e-03	0.00e+00	0.00e+00	0.00e+00	0.00e+00	0.00e+00	1.36e-107
 6.15452e+13	1.98e-31	5.59e-23	1.99e-15	1.16e-08	3.55e-01	6.43e-01	1.38e-03	0.00e+00	0.00e+00	0.00e+00	0.00e+00	0.00e+00	3.16e-91
 6.40369e+13	2.90e-31	7.62e-23	2.52e-15	1.36e-08	3.77e-01	6.22e-01	1.22e-03	0.00e+00	0.00e+00	0.00e+00	0.00e+00	0.00e+00	1.07e-106
 6.65286e+13	4.17e-31	1.02e-22	3.16e-15	1.57e-08	3.98e-01	6.01e-01	1.07e-03	0.00e+00	0.00e+00	0.00e+00	0.00e+00	0.00e+00	1.74e-90
 6.87410e+13	5.68e-31	1.31e-22	3.83e-15	1.77e-08	4.17e-01	5.82e-01	9.66e-04	0.00e+00	0.00e+00	0.00e+00	0.00e+00	0.00e+00	7.17e-106
 7.06954e+13	7.38e-31	1.62e-22	4.50e-15	1.97e-08	4.32e-01	5.67e-01	8.81e-04	0.00e+00	0.00e+00	0.00e+00	0.00e+00	0.00e+00	6.50e-90
 7.29113e+13	9.82e-31	2.03e-22	5.37e-15	2.20e-08	4.50e-01	5.49e-01	7.95e-04	0.00e+00	0.00e+00	0.00e+00	0.00e+00	0.00e+00	3.43e-105
 7.53790e+13	1.33e-30	2.60e-22	6.47e-15	2.48e-08	4.69e-01	5.30e-01	7.12e-04	0.00e+00	0.00e+00	0.00e+00	0.00e+00	0.00e+00	2.60e-89
 7.77052e+13	1.76e-30	3.25e-22	7.68e-15	2.76e-08	4.87e-01	5.13e-01	6.41e-04	0.00e+00	0.00e+00	0.00e+00	0.00e+00	0.00e+00	1.84e-104
 8.02605e+13	2.36e-30	4.11e-22	9.18e-15	3.09e-08	5.05e-01	4.94e-01	5.74e-04	0.00e+00	0.00e+00	0.00e+00	0.00e+00	0.00e+00	9.88e-89
 8.31079e+13	3.22e-30	5.28e-22	1.11e-14	3.49e-08	5.25e-01	4.74e-01	5.09e-04	0.00e+00	0.00e+00	0.00e+00	0.00e+00	0.00e+00	1.07e-103
 8.57875e+13	4.27e-30	6.62e-22	1.32e-14	3.88e-08	5.43e-01	4.56e-01	4.56e-04	0.00e+00	0.00e+00	0.00e+00	0.00e+00	0.00e+00	4.05e-88
 8.87234e+13	5.75e-30	8.39e-22	1.58e-14	4.34e-08	5.62e-01	4.38e-01	4.05e-04	0.00e+00	0.00e+00	0.00e+00	0.00e+00	0.00e+00	5.87e-103
 9.20164e+13	7.91e-30	1.08e-21	1.91e-14	4.89e-08	5.82e-01	4.17e-01	3.56e-04	0.00e+00	0.00e+00	0.00e+00	0.00e+00	0.00e+00	1.77e-87
 9.51485e+13	1.06e-29	1.37e-21	2.28e-14	5.45e-08	6.01e-01	3.99e-01	3.16e-04	0.00e+00	0.00e+00	0.00e+00	0.00e+00	0.00e+00	3.58e-102
 9.80475e+13	1.37e-29	1.68e-21	2.66e-14	5.99e-08	6.17e-01	3.83e-01	2.83e-04	0.00e+00	0.00e+00	0.00e+00	0.00e+00	0.00e+00	6.68e-87
 1.01269e+14	1.81e-29	2.09e-21	3.14e-14	6.63e-08	6.34e-01	3.66e-01	2.52e-04	0.00e+00	0.00e+00	0.00e+00	0.00e+00	0.00e+00	1.78e-101
 1.04879e+14	2.43e-29	2.65e-21	3.75e-14	7.38e-08	6.52e-01	3.48e-01	2.21e-04	0.00e+00	0.00e+00	0.00e+00	0.00e+00	0.00e+00	2.71e-86
 1.08289e+14	3.19e-29	3.29e-21	4.41e-14	8.13e-08	6.68e-01	3.32e-01	1.96e-04	0.00e+00	0.00e+00	0.00e+00	0.00e+00	0.00e+00	9.94e-101
 1.12014e+14	4.24e-29	4.12e-21	5.21e-14	8.99e-08	6.85e-01	3.15e-01	1.73e-04	0.00e+00	0.00e+00	0.00e+00	0.00e+00	0.00e+00	1.06e-85
 1.16134e+14	5.73e-29	5.22e-21	6.23e-14	1.00e-07	7.02e-01	2.98e-01	1.51e-04	0.00e+00	0.00e+00	0.00e+00	0.00e+00	0.00e+00	5.93e-100
 1.19958e+14	7.50e-29	6.46e-21	7.29e-14	1.10e-07	7.17e-01	2.83e-01	1.34e-04	0.00e+00	0.00e+00	0.00e+00	0.00e+00	0.00e+00	4.36e-85
 1.24115e+14	9.94e-29	8.07e-21	8.59e-14	1.21e-07	7.32e-01	2.68e-01	1.17e-04	0.00e+00	0.00e+00	0.00e+00	0.00e+00	0.00e+00	3.22e-99
 1.28767e+14	1.35e-28	1.02e-20	1.02e-13	1.34e-07	7.47e-01	2.53e-01	1.02e-04	0.00e+00	0.00e+00	0.00e+00	0.00e+00	0.00e+00	1.89e-84
 1.33163e+14	1.77e-28	1.27e-20	1.20e-13	1.47e-07	7.61e-01	2.39e-01	8.96e-05	0.00e+00	0.00e+00	0.00e+00	0.00e+00	0.00e+00	1.93e-98
 1.37976e+14	2.37e-28	1.59e-20	1.42e-13	1.62e-07	7.75e-01	2.25e-01	7.82e-05	0.00e+00	0.00e+00	0.00e+00	0.00e+00	0.00e+00	7.88e-84
 1.43345e+14	3.22e-28	2.03e-20	1.69e-13	1.80e-07	7.89e-01	2.11e-01	6.74e-05	0.00e+00	0.00e+00	0.00e+00	0.00e+00	0.00e+00	1.25e-97
 1.48406e+14	4.27e-28	2.53e-20	1.98e-13	1.97e-07	8.01e-01	1.99e-01	5.89e-05	0.00e+00	0.00e+00	0.00e+00	0.00e+00	0.00e+00	3.56e-83
 1.53849e+14	5.71e-28	3.17e-20	2.34e-13	2.16e-07	8.13e-01	1.87e-01	5.12e-05	0.00e+00	0.00e+00	0.00e+00	0.00e+00	0.00e+00	7.56e-97
 1.60033e+14	7.85e-28	4.06e-20	2.79e-13	2.39e-07	8.26e-01	1.74e-01	4.39e-05	0.00e+00	0.00e+00	0.00e+00	0.00e+00	0.00e+00	1.71e-82
 1.66124e+14	1.06e-27	5.13e-20	3.30e-13	2.62e-07	8.37e-01	1.63e-01	3.80e-05	0.00e+00	0.00e+00	0.00e+00	0.00e+00	0.00e+00	5.33e-96
 1.72459e+14	1.43e-27	6.47e-20	3.89e-13	2.88e-07	8.47e-01	1.52e-01	3.28e-05	0.00e+00	0.00e+00	0.00e+00	0.00e+00	0.00e+00	8.19e-82
 1.79387e+14	1.96e-27	8.26e-20	4.63e-13	3.17e-07	8.58e-01	1.42e-01	2.81e-05	0.00e+00	0.00e+00	0.00e+00	0.00e+00	0.00e+00	3.77e-95
 1.86448e+14	2.67e-27	1.05e-19	5.48e-13	3.47e-07	8.68e-01	1.32e-01	2.42e-05	0.00e+00	0.00e+00	0.00e+00	0.00e+00	0.00e+00	4.23e-81
 1.93791e+14	3.64e-27	1.33e-19	6.48e-13	3.81e-07	8.77e-01	1.23e-01	2.08e-05	0.00e+00	0.00e+00	0.00e+00	0.00e+00	0.00e+00	2.72e-94
 2.01573e+14	5.00e-27	1.70e-19	7.67e-13	4.17e-07	8.85e-01	1.15e-01	1.78e-05	0.00e+00	0.00e+00	0.00e+00	0.00e+00	0.00e+00	2.21e-80
 2.09039e+14	6.69e-27	2.12e-19	8.97e-13	4.54e-07	8.93e-01	1.07e-01	1.54e-05	0.00e+00	0.00e+00	0.00e+00	0.00e+00	0.00e+00	1.90e-93
 2.15941e+14	8.67e-27	2.59e-19	1.03e-12	4.89e-07	8.99e-01	1.01e-01	1.36e-05	0.00e+00	0.00e+00	0.00e+00	0.00e+00	0.00e+00	9.59e-80
 2.22447e+14	1.10e-26	3.10e-19	1.17e-12	5.23e-07	9.04e-01	9.56e-02	1.21e-05	0.00e+00	0.00e+00	0.00e+00	0.00e+00	0.00e+00	9.35e-93
 2.29585e+14	1.42e-26	3.76e-19	1.33e-12	5.62e-07	9.10e-01	9.02e-02	1.07e-05	0.00e+00	0.00e+00	0.00e+00	0.00e+00	0.00e+00	3.59e-79
 2.37585e+14	1.87e-26	4.64e-19	1.54e-12	6.07e-07	9.15e-01	8.46e-02	9.36e-06	0.00e+00	0.00e+00	0.00e+00	0.00e+00	0.00e+00	5.10e-92
 2.45164e+14	2.40e-26	5.62e-19	1.76e-12	6.50e-07	9.20e-01	7.98e-02	8.28e-06	0.00e+00	0.00e+00	0.00e+00	0.00e+00	0.00e+00	1.48e-78
 2.53477e+14	3.14e-26	6.89e-19	2.02e-12	6.99e-07	9.25e-01	7.49e-02	7.27e-06	0.00e+00	0.00e+00	0.00e+00	0.00e+00	0.00e+00	2.72e-91
 2.62796e+14	4.20e-26	8.58e-19	2.35e-12	7.57e-07	9.30e-01	7.00e-02	6.31e-06	0.00e+00	0.00e+00	0.00e+00	0.00e+00	0.00e+00	6.67e-78
 2.71467e+14	5.45e-26	1.05e-18	2.69e-12	8.11e-07	9.34e-01	6.59e-02	5.56e-06	0.00e+00	0.00e+00	0.00e+00	0.00e+00	0.00e+00	1.61e-90
 2.79540e+14	6.90e-26	1.25e-18	3.03e-12	8.64e-07	9.38e-01	6.23e-02	4.96e-06	0.00e+00	0.00e+00	0.00e+00	0.00e+00	0.00e+00	2.57e-77
 2.88791e+14	8.97e-26	1.52e-18	3.47e-12	9.26e-07	9.41e-01	5.86e-02	4.37e-06	0.00e+00	0.00e+00	0.00e+00	0.00e+00	0.00e+00	7.99e-90
 2.99916e+14	1.22e-25	1.92e-18	4.05e-12	1.00e-06	9.45e-01	5.45e-02	3.77e-06	0.00e+00	0.00e+00	0.00e+00	0.00e+00	0.00e+00	1.20e-76
 3.10878e+14	1.62e-25	2.39e-18	4.69e-12	1.08e-06	9.49e-01	5.09e-02	3.27e-06	0.00e+00	0.00e+00	0.00e+00	0.00e+00	0.00e+00	5.43e-89
 3.20602e+14	2.08e-25	2.88e-18	5.32e-12	1.15e-06	9.52e-01	4.81e-02	2.90e-06	0.00e+00	0.00e+00	0.00e+00	0.00e+00	0.00e+00	5.18e-76
 3.31311e+14	2.71e-25	3.51e-18	6.09e-12	1.24e-06	9.55e-01	4.51e-02	2.55e-06	0.00e+00	0.00e+00	0.00e+00	0.00e+00	0.00e+00	2.85e-88
 3.44126e+14	3.68e-25	4.42e-18	7.11e-12	1.34e-06	9.58e-01	4.20e-02	2.20e-06	0.00e+00	0.00e+00	0.00e+00	0.00e+00	0.00e+00	2.46e-75
 3.56906e+14	4.94e-25	5.52e-18	8.24e-12	1.44e-06	9.61e-01	3.92e-02	1.91e-06	0.00e+00	0.00e+00	0.00e+00	0.00e+00	0.00e+00	1.98e-87
 3.68588e+14	6.41e-25	6.71e-18	9.39e-12	1.54e-06	9.63e-01	3.68e-02	1.68e-06	0.00e+00	0.00e+00	0.00e+00	0.00e+00	0.00e+00	1.12e-74
 3.81618e+14	8.49e-25	8.28e-18	1.08e-11	1.66e-06	9.66e-01	3.44e-02	1.47e-06	0.00e+00	0.00e+00	0.00e+00	0.00e+00	0.00e+00	1.13e-86
 3.96776e+14	1.16e-24	1.05e-17	1.27e-11	1.80e-06	9.68e-01	3.20e-02	1.26e-06	0.00e+00	0.00e+00	0.00e+00	0.00e+00	0.00e+00	5.70e-74
 4.11659e+14	1.56e-24	1.31e-17	1.47e-11	1.94e-06	9.70e-01	2.98e-02	1.09e-06	0.00e+00	0.00e+00	0.00e+00	0.00e+00	0.00e+00	1.29e-73
 4.25721e+14	2.05e-24	1.61e-17	1.68e-11	2.07e-06	9.72e-01	2.79e-02	9.59e-07	0.00e+00	0.00e+00	0.00e+00	0.00e+00	0.00e+00	2.70e-73
 4.41363e+14	2.74e-24	2.00e-17	1.95e-11	2.23e-06	9.74e-01	2.60e-02	0.00e+00	0.00e+00	0.00e+00	0.00e+00	0.00e+00	0.00e+00	6.00e-73
 4.59048e+14	3.76e-24	2.53e-17	2.28e-11	2.42e-06	9.76e-01	2.41e-02	0.00e+00	0.00e+00	0.00e+00	0.00e+00	0.00e+00	0.00e+00	1.43e-72
 4.76762e+14	5.10e-24	3.18e-17	2.66e-11	2.61e-06	9.78e-01	2.24e-02	0.00e+00	0.00e+00	0.00e+00	0.00e+00	0.00e+00	0.00e+00	3.30e-72
 4.95186e+14	6.92e-24	4.00e-17	3.10e-11	2.82e-06	9.79e-01	2.08e-02	0.00e+00	0.00e+00	0.00e+00	0.00e+00	0.00e+00	0.00e+00	7.61e-72
 5.15023e+14	9.49e-24	5.07e-17	3.63e-11	3.05e-06	9.81e-01	1.93e-02	0.00e+00	0.00e+00	0.00e+00	0.00e+00	1.65e-17	3.42e-17	1.81e-71
 5.35654e+14	1.30e-23	6.43e-17	4.25e-11	3.31e-06	9.82e-01	1.78e-02	0.00e+00	0.00e+00	0.00e+00	0.00e+00	2.13e-17	4.29e-17	4.30e-71
 5.55663e+14	1.75e-23	8.01e-17	4.93e-11	3.56e-06	9.83e-01	1.66e-02	0.00e+00	0.00e+00	0.00e+00	0.00e+00	2.66e-17	5.35e-17	9.64e-71
 5.74527e+14	2.28e-23	9.80e-17	5.63e-11	3.81e-06	9.84e-01	1.56e-02	0.00e+00	0.00e+00	0.00e+00	0.00e+00	3.25e-17	6.55e-17	2.01e-70
 5.95594e+14	3.04e-23	1.22e-16	6.51e-11	4.10e-06	9.86e-01	1.45e-02	0.00e+00	0.00e+00	0.00e+00	0.00e+00	4.04e-17	8.13e-17	4.43e-70
 6.16864e+14	4.03e-23	1.50e-16	7.50e-11	4.40e-06	9.86e-01	1.35e-02	0.00e+00	0.00e+00	0.00e+00	0.00e+00	4.99e-17	1.00e-16	9.55e-70
 6.34669e+14	5.06e-23	1.78e-16	8.41e-11	4.67e-06	9.87e-01	1.28e-02	0.00e+00	0.00e+00	0.00e+00	0.00e+00	5.92e-17	1.19e-16	1.78e-69
 6.53592e+14	6.40e-23	2.13e-16	9.47e-11	4.95e-06	9.88e-01	1.21e-02	0.00e+00	0.00e+00	0.00e+00	0.00e+00	7.06e-17	1.42e-16	3.38e-69
 6.77588e+14	8.53e-23	2.64e-16	1.10e-10	5.33e-06	9.89e-01	1.12e-02	0.00e+00	0.00e+00	0.00e+00	0.00e+00	8.77e-17	1.76e-16	7.43e-69
 7.02639e+14	1.14e-22	3.28e-16	1.27e-10	5.74e-06	9.90e-01	1.04e-02	0.00e+00	0.00e+00	0.00e+00	0.00e+00	1.09e-16	2.19e-16	1.64e-68
 7.24935e+14	1.46e-22	3.96e-16	1.44e-10	6.12e-06	9.90e-01	9.80e-03	0.00e+00	0.00e+00	0.00e+00	0.00e+00	1.31e-16	2.64e-16	3.24e-68
 7.49190e+14	1.90e-22	4.82e-16	1.64e-10	6.55e-06	9.91e-01	9.17e-03	0.00e+00	0.00e+00	0.00e+00	0.00e+00	1.60e-16	3.22e-16	6.61e-68
 7.78173e+14	2.56e-22	6.05e-16	1.91e-10	7.08e-06	9.91e-01	8.50e-03	0.00e+00	0.00e+00	0.00e+00	0.00e+00	2.01e-16	4.04e-16	1.50e-67
 8.07433e+14	3.43e-22	7.54e-16	2.22e-10	7.63e-06	9.92e-01	7.89e-03	0.00e+00	0.00e+00	0.00e+00	0.00e+00	2.50e-16	5.04e-16	3.34e-67
 8.35000e+14	4.48e-22	9.22e-16	2.55e-10	8.18e-06	9.93e-01	7.37e-03	0.00e+00	0.00e+00	0.00e+00	0.00e+00	3.06e-16	6.16e-16	6.91e-67
 8.61595e+14	5.73e-22	1.11e-15	2.89e-10	8.72e-06	9.93e-01	6.92e-03	0.00e+00	0.00e+00	0.00e+00	0.00e+00	3.69e-16	7.43e-16	1.36e-66
 8.91530e+14	7.51e-22	1.36e-15	3.32e-10	9.36e-06	9.94e-01	6.45e-03	0.00e+00	0.00e+00	0.00e+00	0.00e+00	4.52e-16	9.10e-16	2.83e-66
 9.24525e+14	1.00e-21	1.69e-15	3.84e-10	1.01e-05	9.94e-01	5.99e-03	0.00e+00	0.00e+00	0.00e+00	0.00e+00	5.62e-16	1.13e-15	6.17e-66
 9.54928e+14	1.29e-21	2.05e-15	4.38e-10	1.08e-05	9.94e-01	5.61e-03	0.00e+00	0.00e+00	0.00e+00	0.00e+00	6.81e-16	1.37e-15	1.24e-65
 9.87881e+14	1.68e-21	2.51e-15	5.03e-10	1.16e-05	9.95e-01	5.24e-03	0.00e+00	0.00e+00	0.00e+00	0.00e+00	8.33e-16	1.68e-15	2.56e-65
 1.02469e+15	2.24e-21	3.12e-15	5.83e-10	1.25e-05	9.95e-01	4.86e-03	0.00e+00	0.00e+00	0.00e+00	0.00e+00	1.04e-15	2.09e-15	5.59e-65
 1.05931e+15	2.91e-21	3.80e-15	6.67e-10	1.34e-05	9.95e-01	4.54e-03	0.00e+00	0.00e+00	0.00e+00	0.00e+00	1.26e-15	2.54e-15	1.14e-64
 1.09712e+15	3.84e-21	4.68e-15	7.68e-10	1.44e-05	9.96e-01	4.22e-03	0.00e+00	0.00e+00	0.00e+00	0.00e+00	1.55e-15	3.13e-15	2.40e-64
 1.13910e+15	5.15e-21	5.85e-15	8.95e-10	1.55e-05	9.96e-01	3.91e-03	0.00e+00	0.00e+00	0.00e+00	0.00e+00	1.94e-15	3.91e-15	5.35e-64
 1.17832e+15	6.71e-21	7.15e-15	1.03e-09	1.67e-05	9.96e-01	3.65e-03	0.00e+00	0.00e+00	0.00e+00	0.00e+00	2.37e-15	4.78e-15	1.10e-63
 1.22087e+15	8.86e-21	8.83e-15	1.18e-09	1.79e-05	9.97e-01	3.39e-03	0.00e+00	0.00e+00	0.00e+00	0.00e+00	2.93e-15	5.90e-15	2.34e-63
 1.26842e+15	1.19e-20	1.11e-14	1.38e-09	1.94e-05	9.97e-01	3.14e-03	0.00e+00	0.00e+00	0.00e+00	0.00e+00	3.67e-15	7.40e-15	5.28e-63
 1.31368e+15	1.57e-20	1.36e-14	1.59e-09	2.09e-05	9.97e-01	2.92e-03	0.00e+00	0.00e+00	0.00e+00	0.00e+00	4.52e-15	9.11e-15	1.12e-62
 1.36207e+15	2.08e-20	1.69e-14	1.84e-09	2.25e-05	9.97e-01	2.71e-03	0.00e+00	0.00e+00	0.00e+00	0.00e+00	5.60e-15	1.13e-14	2.41e-62
 1.41658e+15	2.83e-20	2.13e-14	2.16e-09	2.44e-05	9.97e-01	2.50e-03	0.00e+00	0.00e+00	0.00e+00	0.00e+00	7.07e-15	1.42e-14	5.55e-62
 1.47037e+15	3.79e-20	2.66e-14	2.51e-09	2.64e-05	9.98e-01	2.31e-03	0.00e+00	0.00e+00	0.00e+00	0.00e+00	8.81e-15	1.78e-14	1.23e-61
 1.52631e+15	5.08e-20	3.32e-14	2.92e-09	2.85e-05	9.98e-01	2.14e-03	0.00e+00	0.00e+00	0.00e+00	0.00e+00	1.10e-14	2.22e-14	2.72e-61
 1.58368e+15	6.78e-20	4.13e-14	3.39e-09	3.08e-05	9.98e-01	1.99e-03	0.00e+00	0.00e+00	0.00e+00	0.00e+00	1.37e-14	2.76e-14	5.99e-61
 1.63694e+15	8.78e-20	5.02e-14	3.88e-09	3.29e-05	9.98e-01	1.86e-03	0.00e+00	0.00e+00	0.00e+00	0.00e+00	1.66e-14	3.36e-14	1.21e-60
 1.69604e+15	1.16e-19	6.19e-14	4.47e-09	3.54e-05	9.98e-01	1.73e-03	0.00e+00	0.00e+00	0.00e+00	0.00e+00	2.05e-14	4.14e-14	2.59e-60
 1.76087e+15	1.56e-19	7.74e-14	5.21e-09	3.83e-05	9.98e-01	1.60e-03	0.00e+00	0.00e+00	0.00e+00	0.00e+00	2.56e-14	5.17e-14	5.78e-60
 1.82091e+15	2.02e-19	9.44e-14	5.96e-09	4.10e-05	9.98e-01	1.49e-03	0.00e+00	0.00e+00	0.00e+00	0.00e+00	3.13e-14	6.31e-14	1.19e-59
 1.87366e+15	2.53e-19	1.12e-13	6.69e-09	4.35e-05	9.99e-01	1.41e-03	0.00e+00	0.00e+00	0.00e+00	0.00e+00	3.71e-14	7.48e-14	2.19e-59
 1.92948e+15	3.19e-19	1.33e-13	7.53e-09	4.62e-05	9.99e-01	1.33e-03	0.00e+00	0.00e+00	0.00e+00	0.00e+00	4.41e-14	8.90e-14	4.11e-59
 2.00026e+15	4.23e-19	1.65e-13	8.70e-09	4.98e-05	9.99e-01	1.23e-03	0.00e+00	0.00e+00	0.00e+00	0.00e+00	5.46e-14	1.10e-13	8.90e-59
 2.07199e+15	5.58e-19	2.03e-13	1.00e-08	5.35e-05	9.99e-01	1.15e-03	0.00e+00	0.00e+00	0.00e+00	0.00e+00	6.73e-14	1.36e-13	1.90e-58
 2.13265e+15	7.01e-19	2.41e-13	1.13e-08	5.67e-05	9.99e-01	1.08e-03	0.00e+00	0.00e+00	0.00e+00	0.00e+00	7.99e-14	1.61e-13	3.55e-58
 2.19746e+15	8.86e-19	2.88e-13	1.27e-08	6.03e-05	9.99e-01	1.02e-03	0.00e+00	0.00e+00	0.00e+00	0.00e+00	9.55e-14	1.93e-13	6.74e-58
 2.27879e+15	1.18e-18	3.58e-13	1.47e-08	6.50e-05	9.99e-01	9.44e-04	0.00e+00	0.00e+00	0.00e+00	0.00e+00	1.18e-13	2.39e-13	1.47e-57
 2.36272e+15	1.57e-18	4.44e-13	1.70e-08	7.00e-05	9.99e-01	8.77e-04	0.00e+00	0.00e+00	0.00e+00	0.00e+00	1.47e-13	2.97e-13	3.22e-57
 2.43672e+15	2.00e-18	5.33e-13	1.93e-08	7.45e-05	9.99e-01	8.24e-04	0.00e+00	0.00e+00	0.00e+00	0.00e+00	1.76e-13	3.57e-13	6.28e-57
 2.51665e+15	2.58e-18	6.46e-13	2.19e-08	7.96e-05	9.99e-01	7.71e-04	0.00e+00	0.00e+00	0.00e+00	0.00e+00	2.14e-13	4.32e-13	1.26e-56
 2.61308e+15	3.46e-18	8.07e-13	2.55e-08	8.60e-05	9.99e-01	7.14e-04	0.00e+00	0.00e+00	0.00e+00	0.00e+00	2.67e-13	5.40e-13	2.83e-56
 2.70869e+15	4.59e-18	9.99e-13	2.95e-08	9.26e-05	9.99e-01	6.64e-04	0.00e+00	0.00e+00	0.00e+00	0.00e+00	3.31e-13	6.69e-13	6.16e-56
 2.79370e+15	5.86e-18	1.20e-12	3.34e-08	9.86e-05	9.99e-01	6.23e-04	0.00e+00	0.00e+00	0.00e+00	0.00e+00	3.97e-13	8.04e-13	1.20e-55
 2.88721e+15	7.58e-18	1.46e-12	3.81e-08	1.06e-04	9.99e-01	5.82e-04	0.00e+00	0.00e+00	0.00e+00	0.00e+00	4.83e-13	9.77e-13	2.44e-55
 2.99888e+15	1.02e-17	1.83e-12	4.44e-08	1.14e-04	9.99e-01	5.39e-04	0.00e+00	0.00e+00	0.00e+00	0.00e+00	6.04e-13	1.22e-12	5.52e-55
 3.10977e+15	1.36e-17	2.27e-12	5.14e-08	1.23e-04	9.99e-01	5.00e-04	0.00e+00	0.00e+00	0.00e+00	0.00e+00	7.49e-13	1.52e-12	1.21e-54
 3.21076e+15	1.74e-17	2.74e-12	5.85e-08	1.31e-04	9.99e-01	4.68e-04	0.00e+00	0.00e+00	0.00e+00	0.00e+00	9.05e-13	1.83e-12	2.40e-54
 3.32328e+15	2.28e-17	3.35e-12	6.72e-08	1.41e-04	9.99e-01	4.36e-04	0.00e+00	0.00e+00	0.00e+00	0.00e+00	1.11e-12	2.25e-12	5.02e-54
 3.45463e+15	3.07e-17	4.22e-12	7.86e-08	1.53e-04	9.99e-01	4.03e-04	0.00e+00	0.00e+00	0.00e+00	0.00e+00	1.39e-12	2.82e-12	1.15e-53
 3.58381e+15	4.09e-17	5.24e-12	9.11e-08	1.65e-04	9.99e-01	3.73e-04	0.00e+00	0.00e+00	0.00e+00	0.00e+00	1.73e-12	3.51e-12	2.52e-53
 3.70533e+15	5.29e-17	6.37e-12	1.04e-07	1.77e-04	9.99e-01	3.48e-04	0.00e+00	5.30e-18	1.60e-17	2.74e-17	2.10e-12	4.27e-12	5.12e-53
 3.84075e+15	6.97e-17	7.86e-12	1.21e-07	1.90e-04	9.99e-01	3.23e-04	0.00e+00	6.99e-18	2.12e-17	3.61e-17	2.60e-12	5.27e-12	1.10e-52
 3.99441e+15	9.42e-17	9.89e-12	1.41e-07	2.07e-04	9.99e-01	2.98e-04	0.00e+00	9.45e-18	2.86e-17	4.88e-17	3.26e-12	6.63e-12	2.52e-52
 4.14540e+15	1.25e-16	1.23e-11	1.64e-07	2.24e-04	1.00e+00	2.75e-04	0.00e+00	1.25e-17	3.80e-17	6.47e-17	4.05e-12	8.23e-12	5.49e-52
 4.29071e+15	1.63e-16	1.50e-11	1.89e-07	2.41e-04	1.00e+00	2.56e-04	0.00e+00	1.63e-17	4.94e-17	8.41e-17	4.95e-12	1.01e-11	1.14e-51
 4.41974e+15	2.03e-16	1.78e-11	2.13e-07	2.56e-04	1.00e+00	2.40e-04	0.00e+00	2.04e-17	6.18e-17	1.05e-16	5.88e-12	1.19e-11	2.11e-51
 4.52850e+15	2.44e-16	2.05e-11	2.35e-07	2.70e-04	1.00e+00	2.28e-04	0.00e+00	2.45e-17	7.42e-17	1.26e-16	6.77e-12	1.38e-11	3.51e-51
 4.64898e+15	2.97e-16	2.39e-11	2.61e-07	2.86e-04	9.99e-01	2.16e-04	0.00e+00	2.98e-17	9.03e-17	1.54e-16	7.87e-12	1.60e-11	6.05e-51
 4.80559e+15	3.81e-16	2.89e-11	2.99e-07	3.07e-04	9.99e-01	2.01e-04	0.00e+00	3.81e-17	1.16e-16	1.97e-16	9.53e-12	1.94e-11	1.20e-50
 4.96990e+15	4.89e-16	3.50e-11	3.43e-07	3.30e-04	9.99e-01	1.87e-04	0.00e+00	4.89e-17	1.48e-16	2.53e-16	1.16e-11	2.35e-11	2.41e-50
 5.11060e+15	6.00e-16	4.11e-11	3.84e-07	3.51e-04	9.99e-01	1.76e-04	0.00e+00	6.01e-17	1.82e-16	3.11e-16	1.35e-11	2.75e-11	4.29e-50
 5.25989e+15	7.41e-16	4.84e-11	4.32e-07	3.73e-04	9.99e-01	1.65e-04	0.00e+00	7.42e-17	2.25e-16	3.84e-16	1.60e-11	3.24e-11	7.72e-50
 5.45117e+15	9.62e-16	5.93e-11	4.99e-07	4.04e-04	9.99e-01	1.53e-04	0.00e+00	9.64e-17	2.92e-16	4.98e-16	1.95e-11	3.97e-11	1.60e-49
 5.64869e+15	1.24e-15	7.25e-11	5.77e-07	4.37e-04	9.99e-01	1.41e-04	0.00e+00	1.25e-16	3.78e-16	6.44e-16	2.39e-11	4.86e-11	3.31e-49
 5.81807e+15	1.54e-15	8.56e-11	6.51e-07	4.66e-04	9.99e-01	1.33e-04	0.00e+00	1.54e-16	4.68e-16	7.97e-16	2.82e-11	5.74e-11	6.05e-49
 5.99923e+15	1.91e-15	1.02e-10	7.37e-07	5.00e-04	9.99e-01	1.24e-04	0.00e+00	1.92e-16	5.81e-16	9.90e-16	3.35e-11	6.81e-11	1.12e-48
 6.22367e+15	2.48e-15	1.25e-10	8.56e-07	5.42e-04	9.99e-01	1.14e-04	0.00e+00	2.49e-16	7.54e-16	1.29e-15	4.11e-11	8.36e-11	2.35e-48
 6.45359e+15	3.21e-15	1.52e-10	9.93e-07	5.88e-04	9.99e-01	1.05e-04	0.00e+00	3.21e-16	9.73e-16	1.66e-15	5.02e-11	1.02e-10	4.88e-48
 6.65839e+15	3.98e-15	1.81e-10	1.13e-06	6.31e-04	9.99e-01	9.84e-05	0.00e+00	3.99e-16	1.21e-15	2.06e-15	5.97e-11	1.21e-10	9.13e-48
 6.88134e+15	5.01e-15	2.17e-10	1.29e-06	6.80e-04	9.99e-01	9.14e-05	0.00e+00	5.02e-16	1.52e-15	2.59e-15	7.15e-11	1.45e-10	1.77e-47
 7.14752e+15	6.50e-15	2.67e-10	1.50e-06	7.41e-04	9.99e-01	8.40e-05	0.00e+00	6.51e-16	1.97e-15	3.36e-15	8.80e-11	1.79e-10	3.78e-47
 7.41010e+15	8.30e-15	3.25e-10	1.74e-06	8.04e-04	9.99e-01	7.75e-05	0.00e+00	8.32e-16	2.52e-15	4.30e-15	1.07e-10	2.18e-10	7.77e-47
 7.64651e+15	1.03e-14	3.85e-10	1.97e-06	8.64e-04	9.99e-01	7.22e-05	0.00e+00	1.03e-15	3.12e-15	5.32e-15	1.27e-10	2.58e-10	1.45e-46
 7.90867e+15	1.29e-14	4.61e-10	2.26e-06	9.33e-04	9.99e-01	6.69e-05	0.00e+00	1.29e-15	3.91e-15	6.67e-15	1.52e-10	3.09e-10	2.85e-46
 8.21800e+15	1.66e-14	5.67e-10	2.64e-06	1.02e-03	9.99e-01	6.14e-05	0.00e+00	1.67e-15	5.05e-15	8.62e-15	1.87e-10	3.80e-10	6.15e-46
 8.52341e+15	2.12e-14	6.89e-10	3.06e-06	1.11e-03	9.99e-01	5.65e-05	0.00e+00	2.12e-15	6.44e-15	1.10e-14	2.27e-10	4.62e-10	1.28e-45
 8.80582e+15	2.63e-14	8.20e-10	3.49e-06	1.19e-03	9.99e-01	5.25e-05	0.00e+00	2.64e-15	7.98e-15	1.36e-14	2.71e-10	5.49e-10	2.46e-45
 9.12287e+15	3.31e-14	9.89e-10	4.02e-06	1.29e-03	9.99e-01	4.85e-05	0.00e+00	3.32e-15	1.01e-14	1.72e-14	3.27e-10	6.63e-10	5.00e-45
 9.48781e+15	4.28e-14	1.22e-09	4.70e-06	1.42e-03	9.99e-01	4.44e-05	0.00e+00	4.29e-15	1.30e-14	2.22e-14	4.02e-10	8.16e-10	1.10e-44
 9.84517e+15	5.44e-14	1.48e-09	5.45e-06	1.54e-03	9.98e-01	4.09e-05	0.00e+00	5.46e-15	1.65e-14	2.82e-14	4.89e-10	9.92e-10	2.33e-44
 1.02168e+16	6.92e-14	1.80e-09	6.32e-06	1.68e-03	9.98e-01	3.76e-05	0.00e+00	6.94e-15	2.10e-14	3.59e-14	5.95e-10	1.21e-09	4.93e-44
 1.05564e+16	8.54e-14	2.14e-09	7.20e-06	1.81e-03	9.98e-01	3.50e-05	0.00e+00	8.57e-15	2.60e-14	4.43e-14	7.08e-10	1.43e-09	9.58e-44
 1.08078e+16	9.95e-14	2.43e-09	7.90e-06	1.91e-03	9.98e-01	3.32e-05	0.00e+00	9.99e-15	3.03e-14	5.16e-14	8.02e-10	1.62e-09	1.55e-43
 1.10659e+16	1.16e-13	2.74e-09	8.68e-06	2.02e-03	9.98e-01	3.15e-05	0.00e+00	1.16e-14	3.52e-14	6.00e-14	9.08e-10	1.84e-09	2.51e-43
 1.14013e+16	1.40e-13	3.21e-09	9.77e-06	2.16e-03	9.98e-01	2.95e-05	0.00e+00	1.41e-14	4.26e-14	7.26e-14	1.06e-09	2.15e-09	4.61e-43
 1.17662e+16	1.71e-13	3.79e-09	1.11e-05	2.32e-03	9.98e-01	2.75e-05	0.00e+00	1.72e-14	5.20e-14	8.87e-14	1.25e-09	2.54e-09	8.80e-43
 1.20963e+16	2.04e-13	4.38e-09	1.24e-05	2.47e-03	9.97e-01	2.59e-05	0.00e+00	2.05e-14	6.21e-14	1.06e-13	1.45e-09	2.93e-09	1.56e-42
 1.24525e+16	2.45e-13	5.11e-09	1.39e-05	2.65e-03	9.97e-01	2.43e-05	0.00e+00	2.47e-14	7.47e-14	1.27e-13	1.69e-09	3.41e-09	2.88e-42
 1.29069e+16	3.09e-13	6.18e-09	1.60e-05	2.87e-03	9.97e-01	2.24e-05	0.00e+00	3.11e-14	9.41e-14	1.60e-13	2.05e-09	4.13e-09	6.17e-42
 1.33646e+16	3.86e-13	7.42e-09	1.83e-05	3.11e-03	9.97e-01	2.08e-05	0.00e+00	3.88e-14	1.18e-13	2.00e-13	2.46e-09	4.96e-09	1.30e-41
 1.37434e+16	4.61e-13	8.61e-09	2.05e-05	3.31e-03	9.97e-01	1.96e-05	0.00e+00	4.64e-14	1.41e-13	2.39e-13	2.85e-09	5.75e-09	2.36e-41
 1.41442e+16	5.54e-13	1.00e-08	2.29e-05	3.54e-03	9.96e-01	1.84e-05	0.00e+00	5.58e-14	1.69e-13	2.88e-13	3.32e-09	6.70e-09	4.37e-41
 1.46581e+16	6.50e-13	1.21e-08	2.64e-05	3.84e-03	9.96e-01	1.70e-05	0.00e+00	6.55e-14	1.98e-13	3.38e-13	4.02e-09	8.09e-09	9.30e-41
 1.52013e+16	8.15e-13	1.47e-08	3.05e-05	4.17e-03	9.96e-01	1.58e-05	0.00e+00	8.20e-14	2.48e-13	4.23e-13	4.88e-09	9.82e-09	2.04e-40
 1.56863e+16	9.88e-13	1.74e-08	3.45e-05	4.48e-03	9.95e-01	1.48e-05	0.00e+00	9.95e-14	3.01e-13	5.13e-13	5.77e-09	1.16e-08	4.01e-40
 1.62134e+16	1.22e-12	2.07e-08	3.93e-05	4.83e-03	9.95e-01	1.38e-05	0.00e+00	1.22e-13	3.71e-13	6.31e-13	6.88e-09	1.38e-08	8.18e-40
 1.68415e+16	1.54e-12	2.54e-08	4.57e-05	5.27e-03	9.95e-01	1.27e-05	0.00e+00	1.55e-13	4.71e-13	8.01e-13	8.46e-09	1.70e-08	1.87e-39
 1.74630e+16	1.93e-12	3.09e-08	5.27e-05	5.72e-03	9.94e-01	1.18e-05	0.00e+00	1.95e-13	5.89e-13	1.00e-12	1.03e-08	2.06e-08	4.11e-39
 1.80283e+16	2.35e-12	3.67e-08	5.98e-05	6.14e-03	9.94e-01	1.11e-05	0.00e+00	2.37e-13	7.17e-13	1.22e-12	1.22e-08	2.45e-08	8.21e-39
 1.86589e+16	2.91e-12	4.42e-08	6.85e-05	6.64e-03	9.93e-01	1.04e-05	0.00e+00	2.94e-13	8.90e-13	1.51e-12	1.47e-08	2.95e-08	1.74e-38
 1.93957e+16	3.71e-12	5.47e-08	7.98e-05	7.25e-03	9.93e-01	9.62e-06	0.00e+00	3.74e-13	1.13e-12	1.93e-12	1.82e-08	3.65e-08	4.04e-38
 2.01198e+16	4.64e-12	6.67e-08	9.22e-05	7.87e-03	9.92e-01	8.96e-06	0.00e+00	4.69e-13	1.42e-12	2.41e-12	2.22e-08	4.45e-08	8.96e-38
 2.08024e+16	5.73e-12	8.01e-08	1.05e-04	8.49e-03	9.91e-01	8.42e-06	0.00e+00	5.78e-13	1.75e-12	2.98e-12	2.67e-08	5.34e-08	1.86e-37
 2.15642e+16	7.15e-12	9.75e-08	1.21e-04	9.21e-03	9.91e-01	7.88e-06	0.00e+00	7.22e-13	2.18e-12	3.72e-12	3.25e-08	6.50e-08	4.07e-37
 2.24016e+16	9.05e-12	1.20e-07	1.41e-04	1.00e-02	9.90e-01	7.36e-06	0.00e+00	9.14e-13	2.77e-12	4.71e-12	4.01e-08	8.02e-08	9.27e-37
 2.30931e+16	1.09e-11	1.43e-07	1.59e-04	1.07e-02	9.89e-01	6.99e-06	0.00e+00	1.10e-12	3.32e-12	5.65e-12	4.75e-08	9.50e-08	1.79e-36
 2.36100e+16	1.24e-11	1.61e-07	1.74e-04	1.13e-02	9.89e-01	6.74e-06	0.00e+00	1.26e-12	3.80e-12	6.46e-12	5.37e-08	1.07e-07	2.90e-36
 2.41620e+16	1.44e-11	1.83e-07	1.91e-04	1.19e-02	9.88e-01	6.48e-06	0.00e+00	1.45e-12	4.39e-12	7.47e-12	6.11e-08	1.22e-07	4.79e-36
 2.48796e+16	1.72e-11	2.15e-07	2.14e-04	1.27e-02	9.87e-01	6.16e-06	0.00e+00	1.74e-12	5.27e-12	8.97e-12	7.19e-08	1.44e-07	9.06e-36
 2.56704e+16	2.09e-11	2.57e-07	2.43e-04	1.36e-02	9.86e-01	5.86e-06	0.00e+00	2.11e-12	6.39e-12	1.09e-11	8.56e-08	1.71e-07	1.78e-35
 2.63981e+16	2.49e-11	3.00e-07	2.71e-04	1.45e-02	9.85e-01	5.61e-06	0.00e+00	2.51e-12	7.61e-12	1.29e-11	1.00e-07	2.00e-07	3.26e-35
 2.71858e+16	2.98e-11	3.55e-07	3.05e-04	1.55e-02	9.84e-01	5.37e-06	0.00e+00	3.01e-12	9.12e-12	1.55e-11	1.18e-07	2.36e-07	6.18e-35
 2.80721e+16	3.62e-11	4.24e-07	3.47e-04	1.67e-02	9.83e-01	5.13e-06	0.00e+00	3.66e-12	1.11e-11	1.88e-11	1.42e-07	2.83e-07	1.24e-34
 2.89154e+16	4.36e-11	5.02e-07	3.90e-04	1.78e-02	9.82e-01	4.92e-06	0.00e+00	4.42e-12	1.34e-11	2.27e-11	1.68e-07	3.34e-07	2.33e-34
 2.98404e+16	5.29e-11	5.99e-07	4.43e-04	1.91e-02	9.80e-01	4.70e-06	0.00e+00	5.36e-12	1.62e-11	2.76e-11	2.00e-07	3.99e-07	4.57e-34
 3.08737e+16	6.53e-11	7.27e-07	5.08e-04	2.06e-02	9.79e-01	4.50e-06	0.00e+00	6.61e-12	2.00e-11	3.40e-11	2.43e-07	4.84e-07	9.44e-34
 3.18501e+16	7.89e-11	8.68e-07	5.75e-04	2.21e-02	9.77e-01	4.33e-06	0.00e+00	7.99e-12	2.42e-11	4.11e-11	2.90e-07	5.78e-07	1.83e-33
 3.29218e+16	9.71e-11	1.05e-06	6.58e-04	2.39e-02	9.75e-01	4.16e-06	0.00e+00	9.84e-12	2.98e-11	5.06e-11	3.50e-07	6.98e-07	3.71e-33
 3.41169e+16	1.20e-10	1.28e-06	7.59e-04	2.59e-02	9.73e-01	3.99e-06	0.00e+00	1.22e-11	3.69e-11	6.28e-11	4.29e-07	8.55e-07	7.88e-33
