#depth	He	He+	He+2
 1.49634e+10	1.27e-25	2.49e-13	1.00e+00
 4.54887e+10	1.43e-25	2.70e-13	1.00e+00
 7.72350e+10	1.59e-25	2.92e-13	1.00e+00
 1.10251e+11	1.78e-25	3.16e-13	1.00e+00
 1.43564e+11	1.99e-25	3.41e-13	1.00e+00
 1.78210e+11	2.22e-25	3.68e-13	1.00e+00
 2.14374e+11	2.48e-25	3.97e-13	1.00e+00
 2.50349e+11	2.76e-25	4.27e-13	1.00e+00
 2.88653e+11	3.08e-25	4.61e-13	1.00e+00
 3.30126e+11	3.47e-25	4.98e-13	1.00e+00
 3.73258e+11	3.91e-25	5.39e-13	1.00e+00
 4.18115e+11	4.41e-25	5.83e-13	1.00e+00
 4.63215e+11	4.96e-25	6.29e-13	1.00e+00
 5.10118e+11	5.58e-25	6.79e-13	1.00e+00
 5.60450e+11	6.32e-25	7.35e-13	1.00e+00
 6.12794e+11	7.17e-25	7.95e-13	1.00e+00
 6.67233e+11	8.13e-25	8.60e-13	1.00e+00
 7.23849e+11	9.25e-25	9.31e-13	1.00e+00
 7.82730e+11	1.05e-24	1.01e-12	1.00e+00
 8.43966e+11	1.20e-24	1.09e-12	1.00e+00
 9.07651e+11	1.37e-24	1.18e-12	1.00e+00
 9.73884e+11	1.56e-24	1.28e-12	1.00e+00
 1.04277e+12	1.79e-24	1.38e-12	1.00e+00
 1.11440e+12	2.05e-24	1.49e-12	1.00e+00
 1.18891e+12	2.35e-24	1.62e-12	1.00e+00
 1.26639e+12	2.70e-24	1.75e-12	1.00e+00
 1.34697e+12	3.10e-24	1.89e-12	1.00e+00
 1.43078e+12	3.57e-24	2.05e-12	1.00e+00
 1.50881e+12	4.06e-24	2.20e-12	1.00e+00
 1.57727e+12	4.52e-24	2.34e-12	1.00e+00
 1.65356e+12	5.07e-24	2.50e-12	1.00e+00
 1.74557e+12	5.82e-24	2.69e-12	1.00e+00
 1.83826e+12	6.68e-24	2.90e-12	1.00e+00
 1.92304e+12	7.52e-24	3.09e-12	1.00e+00
 2.01731e+12	8.53e-24	3.32e-12	1.00e+00
 2.12696e+12	9.89e-24	3.59e-12	1.00e+00
 2.23438e+12	1.14e-23	3.87e-12	1.00e+00
 2.33549e+12	1.29e-23	4.14e-12	1.00e+00
 2.44822e+12	1.47e-23	4.45e-12	1.00e+00
 2.57608e+12	1.71e-23	4.82e-12	1.00e+00
 2.70375e+12	1.98e-23	5.21e-12	1.00e+00
 2.83653e+12	2.29e-23	5.62e-12	1.00e+00
 2.97992e+12	2.66e-23	6.09e-12	1.00e+00
 3.12904e+12	3.10e-23	6.60e-12	1.00e+00
 3.28413e+12	3.61e-23	7.15e-12	1.00e+00
 3.44542e+12	4.20e-23	7.75e-12	1.00e+00
 3.61317e+12	4.90e-23	8.39e-12	1.00e+00
 3.78762e+12	5.71e-23	9.10e-12	1.00e+00
 3.96905e+12	6.66e-23	9.86e-12	1.00e+00
 4.15774e+12	7.77e-23	1.07e-11	1.00e+00
 4.35398e+12	9.07e-23	1.16e-11	1.00e+00
 4.55806e+12	1.06e-22	1.26e-11	1.00e+00
 4.77031e+12	1.24e-22	1.36e-11	1.00e+00
 4.97776e+12	1.43e-22	1.47e-11	1.00e+00
 5.16909e+12	1.63e-22	1.57e-11	1.00e+00
 5.38090e+12	1.87e-22	1.69e-11	1.00e+00
 5.62560e+12	2.19e-22	1.83e-11	1.00e+00
 5.86624e+12	2.55e-22	1.98e-11	1.00e+00
 6.11652e+12	2.95e-22	2.14e-11	1.00e+00
 6.39111e+12	3.45e-22	2.32e-11	1.00e+00
 6.66906e+12	4.03e-22	2.51e-11	1.00e+00
 6.95814e+12	4.69e-22	2.72e-11	1.00e+00
 7.26639e+12	5.49e-22	2.95e-11	1.00e+00
 7.58697e+12	6.43e-22	3.21e-11	1.00e+00
 7.92038e+12	7.53e-22	3.48e-11	1.00e+00
 8.26712e+12	8.82e-22	3.78e-11	1.00e+00
 8.62773e+12	1.03e-21	4.11e-11	1.00e+00
 9.00276e+12	1.21e-21	4.47e-11	1.00e+00
 9.39280e+12	1.42e-21	4.86e-11	1.00e+00
 9.75953e+12	1.64e-21	5.24e-11	1.00e+00
 1.00874e+13	1.86e-21	5.60e-11	1.00e+00
 1.04554e+13	2.12e-21	6.02e-11	1.00e+00
 1.08916e+13	2.48e-21	6.53e-11	1.00e+00
 1.13283e+13	2.88e-21	7.08e-11	1.00e+00
 1.17382e+13	3.30e-21	7.61e-11	1.00e+00
 1.21934e+13	3.80e-21	8.23e-11	1.00e+00
 1.27111e+13	4.46e-21	8.96e-11	1.00e+00
 1.32268e+13	5.20e-21	9.74e-11	1.00e+00
 1.37631e+13	6.04e-21	1.06e-10	1.00e+00
 1.43436e+13	7.09e-21	1.16e-10	1.00e+00
 1.49473e+13	8.30e-21	1.26e-10	1.00e+00
 1.55138e+13	9.60e-21	1.37e-10	1.00e+00
 1.60190e+13	1.08e-20	1.46e-10	1.00e+00
 1.65858e+13	1.23e-20	1.58e-10	1.00e+00
 1.72592e+13	1.44e-20	1.72e-10	1.00e+00
 1.79338e+13	1.67e-20	1.87e-10	1.00e+00
 1.85629e+13	1.90e-20	2.02e-10	1.00e+00
 1.92628e+13	2.19e-20	2.19e-10	1.00e+00
 2.00633e+13	2.56e-20	2.40e-10	1.00e+00
 2.08487e+13	2.96e-20	2.62e-10	1.00e+00
 2.16028e+13	3.38e-20	2.84e-10	1.00e+00
 2.24341e+13	3.88e-20	3.10e-10	1.00e+00
 2.33614e+13	4.52e-20	3.41e-10	1.00e+00
 2.42956e+13	5.22e-20	3.73e-10	1.00e+00
 2.52672e+13	6.02e-20	4.09e-10	1.00e+00
 2.62814e+13	6.94e-20	4.49e-10	1.00e+00
 2.73362e+13	7.98e-20	4.93e-10	1.00e+00
 2.84595e+13	9.21e-20	5.43e-10	1.00e+00
 2.96278e+13	1.06e-19	5.98e-10	1.00e+00
 3.08429e+13	1.22e-19	6.60e-10	1.00e+00
 3.21065e+13	1.40e-19	7.27e-10	1.00e+00
 3.32477e+13	1.57e-19	7.92e-10	1.00e+00
 3.41960e+13	1.73e-19	8.49e-10	1.00e+00
 3.52342e+13	1.90e-19	9.14e-10	1.00e+00
 3.65524e+13	2.14e-19	1.00e-09	1.00e+00
 3.79298e+13	2.42e-19	1.10e-09	1.00e+00
 3.90955e+13	2.68e-19	1.18e-09	1.00e+00
 4.02909e+13	2.96e-19	1.27e-09	1.00e+00
 4.18008e+13	3.34e-19	1.40e-09	1.00e+00
 4.33412e+13	3.77e-19	1.53e-09	1.00e+00
 4.46659e+13	4.16e-19	1.64e-09	1.00e+00
 4.60887e+13	4.61e-19	1.78e-09	1.00e+00
 4.78457e+13	5.21e-19	1.95e-09	1.00e+00
 4.96500e+13	5.89e-19	2.13e-09	1.00e+00
 5.12882e+13	6.56e-19	2.31e-09	1.00e+00
 5.30977e+13	7.36e-19	2.51e-09	1.00e+00
 5.52179e+13	8.40e-19	2.76e-09	1.00e+00
 5.73271e+13	9.56e-19	3.02e-09	1.00e+00
 5.93313e+13	1.08e-18	3.28e-09	1.00e+00
 6.15452e+13	1.23e-18	3.58e-09	1.00e+00
 6.40369e+13	1.41e-18	3.93e-09	1.00e+00
 6.65286e+13	1.62e-18	4.30e-09	1.00e+00
 6.87410e+13	1.83e-18	4.65e-09	1.00e+00
 7.06954e+13	2.04e-18	4.97e-09	1.00e+00
 7.29113e+13	2.29e-18	5.34e-09	1.00e+00
 7.53790e+13	2.60e-18	5.76e-09	1.00e+00
 7.77052e+13	2.92e-18	6.19e-09	1.00e+00
 8.02605e+13	3.31e-18	6.67e-09	1.00e+00
 8.31079e+13	3.80e-18	7.23e-09	1.00e+00
 8.57875e+13	4.31e-18	7.77e-09	1.00e+00
 8.87234e+13	4.93e-18	8.40e-09	1.00e+00
 9.20164e+13	5.71e-18	9.13e-09	1.00e+00
 9.51485e+13	6.54e-18	9.85e-09	1.00e+00
 9.80475e+13	7.40e-18	1.05e-08	1.00e+00
 1.01269e+14	8.45e-18	1.13e-08	1.00e+00
 1.04879e+14	9.76e-18	1.23e-08	1.00e+00
 1.08289e+14	1.12e-17	1.32e-08	1.00e+00
 1.12014e+14	1.28e-17	1.42e-08	1.00e+00
 1.16134e+14	1.49e-17	1.54e-08	1.00e+00
 1.19958e+14	1.71e-17	1.66e-08	1.00e+00
 1.24115e+14	1.97e-17	1.79e-08	1.00e+00
 1.28767e+14	2.30e-17	1.94e-08	1.00e+00
 1.33163e+14	2.65e-17	2.09e-08	1.00e+00
 1.37976e+14	3.08e-17	2.26e-08	1.00e+00
 1.43345e+14	3.62e-17	2.46e-08	1.00e+00
 1.48406e+14	4.19e-17	2.65e-08	1.00e+00
 1.53849e+14	4.87e-17	2.87e-08	1.00e+00
 1.60033e+14	5.75e-17	3.12e-08	1.00e+00
 1.66124e+14	6.72e-17	3.38e-08	1.00e+00
 1.72459e+14	7.86e-17	3.66e-08	1.00e+00
 1.79387e+14	9.26e-17	3.98e-08	1.00e+00
 1.86448e+14	1.09e-16	4.32e-08	1.00e+00
 1.93791e+14	1.28e-16	4.69e-08	1.00e+00
 2.01573e+14	1.50e-16	5.09e-08	1.00e+00
 2.09039e+14	1.74e-16	5.49e-08	1.00e+00
 2.15941e+14	1.99e-16	5.87e-08	1.00e+00
 2.22447e+14	2.25e-16	6.24e-08	1.00e+00
 2.29585e+14	2.56e-16	6.66e-08	1.00e+00
 2.37585e+14	2.94e-16	7.14e-08	1.00e+00
 2.45164e+14	3.34e-16	7.61e-08	1.00e+00
 2.53477e+14	3.82e-16	8.15e-08	1.00e+00
 2.62796e+14	4.42e-16	8.77e-08	1.00e+00
 2.71467e+14	5.04e-16	9.36e-08	1.00e+00
 2.79540e+14	5.66e-16	9.93e-08	1.00e+00
 2.88791e+14	6.45e-16	1.06e-07	1.00e+00
 2.99916e+14	7.51e-16	1.14e-07	1.00e+00
 3.10878e+14	8.66e-16	1.23e-07	1.00e+00
 3.20602e+14	9.79e-16	1.31e-07	1.00e+00
 3.31311e+14	1.12e-15	1.40e-07	1.00e+00
 3.44126e+14	1.30e-15	1.51e-07	1.00e+00
 3.56906e+14	1.50e-15	1.62e-07	1.00e+00
 3.68588e+14	1.70e-15	1.73e-07	1.00e+00
 3.81618e+14	1.96e-15	1.85e-07	1.00e+00
 3.96776e+14	2.28e-15	2.00e-07	1.00e+00
 4.11659e+14	2.64e-15	2.15e-07	1.00e+00
 4.25721e+14	3.01e-15	2.30e-07	1.00e+00
 4.41363e+14	3.48e-15	2.47e-07	1.00e+00
 4.59048e+14	4.06e-15	2.67e-07	1.00e+00
 4.76762e+14	4.71e-15	2.88e-07	1.00e+00
 4.95186e+14	5.48e-15	3.10e-07	1.00e+00
 5.15023e+14	6.40e-15	3.36e-07	1.00e+00
 5.35654e+14	7.47e-15	3.63e-07	1.00e+00
 5.55663e+14	8.64e-15	3.90e-07	1.00e+00
 5.74527e+14	9.86e-15	4.17e-07	1.00e+00
 5.95594e+14	1.14e-14	4.49e-07	1.00e+00
 6.16864e+14	1.31e-14	4.81e-07	1.00e+00
 6.34669e+14	1.46e-14	5.10e-07	1.00e+00
 6.53592e+14	1.64e-14	5.41e-07	1.00e+00
 6.77588e+14	1.90e-14	5.81e-07	1.00e+00
 7.02639e+14	2.19e-14	6.26e-07	1.00e+00
 7.24935e+14	2.48e-14	6.66e-07	1.00e+00
 7.49190e+14	2.83e-14	7.12e-07	1.00e+00
 7.78173e+14	3.29e-14	7.70e-07	1.00e+00
 8.07433e+14	3.81e-14	8.30e-07	1.00e+00
 8.35000e+14	4.35e-14	8.88e-07	1.00e+00
 8.61595e+14	4.93e-14	9.47e-07	1.00e+00
 8.91530e+14	5.66e-14	1.02e-06	1.00e+00
 9.24525e+14	6.54e-14	1.09e-06	1.00e+00
 9.54928e+14	7.44e-14	1.17e-06	1.00e+00
 9.87881e+14	8.52e-14	1.25e-06	1.00e+00
 1.02469e+15	9.85e-14	1.35e-06	1.00e+00
 1.05931e+15	1.12e-13	1.45e-06	1.00e+00
 1.09712e+15	1.29e-13	1.56e-06	1.00e+00
 1.13910e+15	1.50e-13	1.68e-06	1.00e+00
 1.17832e+15	1.72e-13	1.80e-06	1.00e+00
 1.22087e+15	1.98e-13	1.94e-06	1.00e+00
 1.26842e+15	2.30e-13	2.10e-06	1.00e+00
 1.31368e+15	2.64e-13	2.26e-06	1.00e+00
 1.36207e+15	3.05e-13	2.43e-06	1.00e+00
 1.41658e+15	3.56e-13	2.64e-06	1.00e+00
 1.47037e+15	4.11e-13	2.85e-06	1.00e+00
 1.52631e+15	4.76e-13	3.08e-06	1.00e+00
 1.58368e+15	5.50e-13	3.32e-06	1.00e+00
 1.63694e+15	6.25e-13	3.55e-06	1.00e+00
 1.69604e+15	7.17e-13	3.82e-06	1.00e+00
 1.76087e+15	8.29e-13	4.13e-06	1.00e+00
 1.82091e+15	9.43e-13	4.42e-06	1.00e+00
 1.87366e+15	1.05e-12	4.69e-06	1.00e+00
 1.92948e+15	1.18e-12	4.98e-06	1.00e+00
 2.00026e+15	1.35e-12	5.36e-06	1.00e+00
 2.07199e+15	1.54e-12	5.76e-06	1.00e+00
 2.13265e+15	1.72e-12	6.11e-06	1.00e+00
 2.19746e+15	1.92e-12	6.50e-06	1.00e+00
 2.27879e+15	2.21e-12	7.00e-06	1.00e+00
 2.36272e+15	2.53e-12	7.53e-06	1.00e+00
 2.43672e+15	2.83e-12	8.02e-06	1.00e+00
 2.51665e+15	3.20e-12	8.57e-06	1.00e+00
 2.61308e+15	3.68e-12	9.25e-06	1.00e+00
 2.70869e+15	4.20e-12	9.96e-06	1.00e+00
 2.79370e+15	4.71e-12	1.06e-05	1.00e+00
 2.88721e+15	5.32e-12	1.13e-05	1.00e+00
 2.99888e+15	6.12e-12	1.23e-05	1.00e+00
 3.10977e+15	7.01e-12	1.32e-05	1.00e+00
 3.21076e+15	7.88e-12	1.41e-05	1.00e+00
 3.32328e+15	8.96e-12	1.51e-05	1.00e+00
 3.45463e+15	1.04e-11	1.64e-05	1.00e+00
 3.58381e+15	1.19e-11	1.77e-05	1.00e+00
 3.70533e+15	1.34e-11	1.90e-05	1.00e+00
 3.84075e+15	1.54e-11	2.04e-05	1.00e+00
 3.99441e+15	1.78e-11	2.22e-05	1.00e+00
 4.14540e+15	2.05e-11	2.40e-05	1.00e+00
 4.29071e+15	2.34e-11	2.58e-05	1.00e+00
 4.41974e+15	2.62e-11	2.75e-05	1.00e+00
 4.52850e+15	2.88e-11	2.89e-05	1.00e+00
 4.64898e+15	3.19e-11	3.06e-05	1.00e+00
 4.80559e+15	3.63e-11	3.29e-05	1.00e+00
 4.96990e+15	4.14e-11	3.53e-05	1.00e+00
 5.11060e+15	4.63e-11	3.75e-05	1.00e+00
 5.25989e+15	5.19e-11	4.00e-05	1.00e+00
 5.45117e+15	5.98e-11	4.32e-05	1.00e+00
 5.64869e+15	6.91e-11	4.67e-05	1.00e+00
 5.81807e+15	7.79e-11	4.98e-05	1.00e+00
 5.99923e+15	8.83e-11	5.34e-05	1.00e+00
 6.22367e+15	1.03e-10	5.79e-05	1.00e+00
 6.45359e+15	1.19e-10	6.28e-05	1.00e+00
 6.65839e+15	1.36e-10	6.73e-05	1.00e+00
 6.88134e+15	1.56e-10	7.24e-05	1.00e+00
 7.14752e+15	1.83e-10	7.89e-05	1.00e+00
 7.41010e+15	2.14e-10	8.56e-05	1.00e+00
 7.64651e+15	2.44e-10	9.19e-05	1.00e+00
 7.90867e+15	2.82e-10	9.92e-05	1.00e+00
 8.21800e+15	3.33e-10	1.08e-04	1.00e+00
 8.52341e+15	3.90e-10	1.18e-04	1.00e+00
 8.80582e+15	4.49e-10	1.27e-04	1.00e+00
 9.12287e+15	5.24e-10	1.37e-04	1.00e+00
 9.48781e+15	6.21e-10	1.50e-04	1.00e+00
 9.84517e+15	7.30e-10	1.63e-04	1.00e+00
 1.02168e+16	8.59e-10	1.77e-04	1.00e+00
 1.05564e+16	9.91e-10	1.91e-04	1.00e+00
 1.08078e+16	1.10e-09	2.01e-04	1.00e+00
 1.10659e+16	1.22e-09	2.12e-04	1.00e+00
 1.14013e+16	1.39e-09	2.27e-04	1.00e+00
 1.17662e+16	1.60e-09	2.44e-04	1.00e+00
 1.20963e+16	1.80e-09	2.60e-04	1.00e+00
 1.24525e+16	2.05e-09	2.78e-04	1.00e+00
 1.29069e+16	2.40e-09	3.01e-04	1.00e+00
 1.33646e+16	2.80e-09	3.25e-04	1.00e+00
 1.37434e+16	3.16e-09	3.47e-04	1.00e+00
 1.41442e+16	3.59e-09	3.70e-04	1.00e+00
 1.46581e+16	4.19e-09	4.01e-04	1.00e+00
 1.52013e+16	4.92e-09	4.34e-04	1.00e+00
 1.56863e+16	5.65e-09	4.66e-04	1.00e+00
 1.62134e+16	6.53e-09	5.02e-04	9.99e-01
 1.68415e+16	7.71e-09	5.46e-04	9.99e-01
 1.74630e+16	9.04e-09	5.92e-04	9.99e-01
 1.80283e+16	1.04e-08	6.35e-04	9.99e-01
 1.86589e+16	1.21e-08	6.85e-04	9.99e-01
 1.93957e+16	1.43e-08	7.46e-04	9.99e-01
 2.01198e+16	1.68e-08	8.09e-04	9.99e-01
 2.08024e+16	1.94e-08	8.70e-04	9.99e-01
 2.15642e+16	2.27e-08	9.42e-04	9.99e-01
 2.24016e+16	2.68e-08	1.02e-03	9.99e-01
 2.30931e+16	3.05e-08	1.09e-03	9.99e-01
 2.36100e+16	3.36e-08	1.15e-03	9.99e-01
 2.41620e+16	3.71e-08	1.21e-03	9.99e-01
 2.48796e+16	4.21e-08	1.29e-03	9.99e-01
 2.56704e+16	4.82e-08	1.38e-03	9.99e-01
 2.63981e+16	5.43e-08	1.46e-03	9.99e-01
 2.71858e+16	6.16e-08	1.56e-03	9.98e-01
 2.80721e+16	7.08e-08	1.67e-03	9.98e-01
 2.89154e+16	8.02e-08	1.78e-03	9.98e-01
 2.98404e+16	9.18e-08	1.90e-03	9.98e-01
 3.08737e+16	1.06e-07	2.05e-03	9.98e-01
 3.18501e+16	1.21e-07	2.19e-03	9.98e-01
 3.29218e+16	1.39e-07	2.35e-03	9.98e-01
 3.41169e+16	1.62e-07	2.53e-03	9.97e-01
 3.52317e+16	1.86e-07	2.71e-03	9.97e-01
 3.64403e+16	2.14e-07	2.92e-03	9.97e-01
 3.77894e+16	2.50e-07	3.15e-03	9.97e-01
 3.90511e+16	2.87e-07	3.38e-03	9.97e-01
 4.04209e+16	3.31e-07	3.63e-03	9.96e-01
 4.18782e+16	3.84e-07	3.92e-03	9.96e-01
 4.31528e+16	4.35e-07	4.17e-03	9.96e-01
 4.42443e+16	4.84e-07	4.40e-03	9.96e-01
 4.53938e+16	5.39e-07	4.64e-03	9.95e-01
 4.68882e+16	6.19e-07	4.98e-03	9.95e-01
 4.83849e+16	7.06e-07	5.32e-03	9.95e-01
 4.95813e+16	7.82e-07	5.60e-03	9.94e-01
 5.08331e+16	8.70e-07	5.90e-03	9.94e-01
 5.24604e+16	9.95e-07	6.32e-03	9.94e-01
 5.41548e+16	1.14e-06	6.75e-03	9.93e-01
 5.56052e+16	1.27e-06	7.14e-03	9.93e-01
 5.71595e+16	1.43e-06	7.58e-03	9.92e-01
 5.91801e+16	1.66e-06	8.17e-03	9.92e-01
 6.12403e+16	1.91e-06	8.78e-03	9.91e-01
 6.29085e+16	2.14e-06	9.30e-03	9.91e-01
 6.46339e+16	2.41e-06	9.86e-03	9.90e-01
 6.68768e+16	2.79e-06	1.06e-02	9.89e-01
 6.91906e+16	3.22e-06	1.14e-02	9.89e-01
 7.11288e+16	3.61e-06	1.21e-02	9.88e-01
 7.28942e+16	4.01e-06	1.28e-02	9.87e-01
 7.49027e+16	4.51e-06	1.36e-02	9.86e-01
 7.71517e+16	5.13e-06	1.46e-02	9.85e-01
 7.92216e+16	5.73e-06	1.55e-02	9.85e-01
 8.11175e+16	6.34e-06	1.63e-02	9.84e-01
 8.29670e+16	6.99e-06	1.72e-02	9.83e-01
 8.50592e+16	7.81e-06	1.82e-02	9.82e-01
 8.72869e+16	8.74e-06	1.94e-02	9.81e-01
 8.93660e+16	9.68e-06	2.05e-02	9.79e-01
 9.13949e+16	1.07e-05	2.17e-02	9.78e-01
 9.36833e+16	1.20e-05	2.31e-02	9.77e-01
 9.62649e+16	1.35e-05	2.47e-02	9.75e-01
 9.87170e+16	1.51e-05	2.64e-02	9.74e-01
 1.01039e+17	1.69e-05	2.81e-02	9.72e-01
 1.03292e+17	1.87e-05	2.99e-02	9.70e-01
 1.05476e+17	2.06e-05	3.17e-02	9.68e-01
 1.07984e+17	2.32e-05	3.40e-02	9.66e-01
 1.10795e+17	2.65e-05	3.69e-02	9.63e-01
 1.13422e+17	2.98e-05	3.97e-02	9.60e-01
 1.15784e+17	3.31e-05	4.25e-02	9.57e-01
 1.18377e+17	3.76e-05	4.61e-02	9.54e-01
 1.21084e+17	4.26e-05	5.00e-02	9.50e-01
 1.23440e+17	4.77e-05	5.39e-02	9.46e-01
 1.25657e+17	5.32e-05	5.80e-02	9.42e-01
 1.27630e+17	5.87e-05	6.20e-02	9.38e-01
 1.29281e+17	6.39e-05	6.57e-02	9.34e-01
 1.31078e+17	7.06e-05	7.02e-02	9.30e-01
 1.33017e+17	7.81e-05	7.54e-02	9.24e-01
 1.34786e+17	8.58e-05	8.09e-02	9.19e-01
 1.36730e+17	9.71e-05	8.75e-02	9.12e-01
 1.38602e+17	1.07e-04	9.46e-02	9.05e-01
 1.40379e+17	1.21e-04	1.02e-01	8.97e-01
 1.42101e+17	1.34e-04	1.11e-01	8.89e-01
 1.43751e+17	1.52e-04	1.20e-01	8.80e-01
 1.45366e+17	1.67e-04	1.30e-01	8.70e-01
 1.46937e+17	1.90e-04	1.41e-01	8.59e-01
 1.48474e+17	2.12e-04	1.53e-01	8.47e-01
 1.49769e+17	2.35e-04	1.64e-01	8.36e-01
 1.51253e+17	2.65e-04	1.79e-01	8.21e-01
 1.52848e+17	3.00e-04	1.97e-01	8.03e-01
 1.54321e+17	3.43e-04	2.15e-01	7.85e-01
 1.55557e+17	3.79e-04	2.33e-01	7.67e-01
 1.56750e+17	4.27e-04	2.51e-01	7.48e-01
 1.57992e+17	4.78e-04	2.73e-01	7.27e-01
 1.59297e+17	5.40e-04	2.98e-01	7.01e-01
 1.60994e+17	6.44e-04	3.35e-01	6.65e-01
 1.62508e+17	7.38e-04	3.70e-01	6.29e-01
 1.63404e+17	8.08e-04	3.92e-01	6.07e-01
 1.63978e+17	8.52e-04	4.07e-01	5.92e-01
 1.64517e+17	9.00e-04	4.22e-01	5.77e-01
 1.65218e+17	9.66e-04	4.42e-01	5.57e-01
 1.66128e+17	1.06e-03	4.69e-01	5.30e-01
 1.67067e+17	1.16e-03	4.96e-01	5.02e-01
 1.67846e+17	1.24e-03	5.19e-01	4.79e-01
 1.68663e+17	1.34e-03	5.45e-01	4.54e-01
 1.69559e+17	1.46e-03	5.73e-01	4.26e-01
 1.70386e+17	1.57e-03	5.97e-01	4.01e-01
 1.71159e+17	1.68e-03	6.21e-01	3.78e-01
 1.72036e+17	1.81e-03	6.47e-01	3.51e-01
 1.72972e+17	1.95e-03	6.73e-01	3.25e-01
 1.73791e+17	2.07e-03	6.95e-01	3.03e-01
 1.74663e+17	2.22e-03	7.18e-01	2.79e-01
 1.75607e+17	2.38e-03	7.41e-01	2.56e-01
 1.76454e+17	2.53e-03	7.60e-01	2.37e-01
 1.77235e+17	2.67e-03	7.77e-01	2.20e-01
 1.78127e+17	2.84e-03	7.96e-01	2.01e-01
 1.79099e+17	3.03e-03	8.14e-01	1.83e-01
 1.79972e+17	3.20e-03	8.28e-01	1.68e-01
 1.80771e+17	3.36e-03	8.41e-01	1.56e-01
 1.81679e+17	3.57e-03	8.55e-01	1.42e-01
 1.82672e+17	3.79e-03	8.67e-01	1.29e-01
 1.83564e+17	4.01e-03	8.78e-01	1.18e-01
 1.84372e+17	4.20e-03	8.86e-01	1.09e-01
 1.85283e+17	4.45e-03	8.96e-01	9.98e-02
 1.86286e+17	4.74e-03	9.05e-01	9.07e-02
 1.87191e+17	5.02e-03	9.12e-01	8.33e-02
 1.88015e+17	5.29e-03	9.18e-01	7.72e-02
 1.88951e+17	5.63e-03	9.24e-01	7.04e-02
 1.89975e+17	6.04e-03	9.30e-01	6.41e-02
 1.90898e+17	6.43e-03	9.35e-01	5.91e-02
 1.91731e+17	6.83e-03	9.38e-01	5.47e-02
 1.92661e+17	7.31e-03	9.42e-01	5.03e-02
 1.93706e+17	7.92e-03	9.46e-01	4.59e-02
 1.94691e+17	8.58e-03	9.49e-01	4.21e-02
 1.95589e+17	9.27e-03	9.52e-01	3.90e-02
 1.96452e+17	1.00e-02	9.54e-01	3.62e-02
 1.97444e+17	1.10e-02	9.56e-01	3.32e-02
 1.98487e+17	1.22e-02	9.57e-01	3.04e-02
 1.99341e+17	1.34e-02	9.58e-01	2.85e-02
 2.00043e+17	1.46e-02	9.59e-01	2.69e-02
 2.00683e+17	1.57e-02	9.59e-01	2.55e-02
 2.01397e+17	1.72e-02	9.59e-01	2.41e-02
 2.02146e+17	1.90e-02	9.58e-01	2.27e-02
 2.02752e+17	2.08e-02	9.58e-01	2.16e-02
 2.03239e+17	2.24e-02	9.57e-01	2.09e-02
 2.03762e+17	2.43e-02	9.56e-01	2.00e-02
 2.04348e+17	2.68e-02	9.54e-01	1.91e-02
 2.04877e+17	2.95e-02	9.52e-01	1.84e-02
 2.05321e+17	3.19e-02	9.50e-01	1.79e-02
 2.05791e+17	3.50e-02	9.48e-01	1.73e-02
 2.06312e+17	3.89e-02	9.44e-01	1.66e-02
 2.06773e+17	4.30e-02	9.41e-01	1.62e-02
 2.07161e+17	4.69e-02	9.37e-01	1.58e-02
 2.07578e+17	5.18e-02	9.33e-01	1.54e-02
 2.08040e+17	5.81e-02	9.27e-01	1.50e-02
 2.08455e+17	6.47e-02	9.21e-01	1.47e-02
 2.08814e+17	7.11e-02	9.14e-01	1.45e-02
 2.09200e+17	7.91e-02	9.07e-01	1.42e-02
 2.09585e+17	8.83e-02	8.98e-01	1.40e-02
 2.09893e+17	9.69e-02	8.89e-01	1.39e-02
 2.10165e+17	1.05e-01	8.81e-01	1.38e-02
 2.10460e+17	1.16e-01	8.71e-01	1.37e-02
 2.10777e+17	1.28e-01	8.59e-01	1.37e-02
 2.11061e+17	1.40e-01	8.46e-01	1.36e-02
 2.11301e+17	1.52e-01	8.35e-01	1.36e-02
 2.11515e+17	1.63e-01	8.23e-01	1.36e-02
 2.11679e+17	1.72e-01	8.14e-01	1.36e-02
 2.11792e+17	1.79e-01	8.07e-01	1.36e-02
 2.11904e+17	1.86e-01	8.00e-01	1.36e-02
 2.12037e+17	1.95e-01	7.91e-01	1.36e-02
 2.12177e+17	2.05e-01	7.82e-01	1.36e-02
 2.12304e+17	2.14e-01	7.73e-01	1.36e-02
 2.12424e+17	2.23e-01	7.63e-01	1.36e-02
 2.12545e+17	2.32e-01	7.54e-01	1.36e-02
 2.12669e+17	2.43e-01	7.44e-01	1.36e-02
 2.12794e+17	2.53e-01	7.33e-01	1.36e-02
 2.12914e+17	2.64e-01	7.23e-01	1.36e-02
 2.13031e+17	2.74e-01	7.12e-01	1.36e-02
 2.13151e+17	2.86e-01	7.00e-01	1.36e-02
 2.13271e+17	2.98e-01	6.89e-01	1.36e-02
 2.13390e+17	3.10e-01	6.76e-01	1.35e-02
 2.13507e+17	3.22e-01	6.64e-01	1.36e-02
 2.13625e+17	3.35e-01	6.51e-01	1.35e-02
 2.13744e+17	3.49e-01	6.37e-01	1.35e-02
 2.13861e+17	3.63e-01	6.24e-01	1.34e-02
 2.13976e+17	3.76e-01	6.10e-01	1.34e-02
 2.14093e+17	3.91e-01	5.96e-01	1.33e-02
 2.14212e+17	4.06e-01	5.81e-01	1.32e-02
 2.14330e+17	4.21e-01	5.66e-01	1.31e-02
 2.14447e+17	4.36e-01	5.51e-01	1.30e-02
 2.14565e+17	4.52e-01	5.35e-01	1.29e-02
 2.14686e+17	4.68e-01	5.20e-01	1.28e-02
 2.14805e+17	4.84e-01	5.03e-01	1.26e-02
 2.14924e+17	5.00e-01	4.87e-01	1.25e-02
 2.15044e+17	5.17e-01	4.71e-01	1.23e-02
 2.15165e+17	5.34e-01	4.54e-01	1.21e-02
 2.15285e+17	5.50e-01	4.38e-01	1.18e-02
 2.15405e+17	5.67e-01	4.22e-01	1.16e-02
 2.15526e+17	5.83e-01	4.05e-01	1.13e-02
 2.15647e+17	6.00e-01	3.89e-01	1.11e-02
 2.15760e+17	6.14e-01	3.75e-01	1.08e-02
 2.15861e+17	6.27e-01	3.62e-01	1.06e-02
 2.15957e+17	6.40e-01	3.50e-01	1.03e-02
 2.16052e+17	6.52e-01	3.38e-01	1.01e-02
 2.16146e+17	6.63e-01	3.27e-01	9.82e-03
 2.16237e+17	6.74e-01	3.17e-01	9.59e-03
 2.16326e+17	6.84e-01	3.07e-01	9.35e-03
 2.16414e+17	6.94e-01	2.97e-01	9.13e-03
 2.16500e+17	7.03e-01	2.88e-01	8.90e-03
 2.16585e+17	7.12e-01	2.80e-01	8.69e-03
 2.16669e+17	7.20e-01	2.72e-01	8.47e-03
 2.16752e+17	7.28e-01	2.64e-01	8.27e-03
 2.16834e+17	7.35e-01	2.57e-01	8.07e-03
 2.16916e+17	7.43e-01	2.49e-01	7.87e-03
 2.16998e+17	7.50e-01	2.43e-01	7.68e-03
 2.17080e+17	7.56e-01	2.36e-01	7.49e-03
 2.17162e+17	7.62e-01	2.30e-01	7.31e-03
 2.17244e+17	7.68e-01	2.25e-01	7.14e-03
 2.17327e+17	7.74e-01	2.19e-01	6.97e-03
 2.17410e+17	7.79e-01	2.14e-01	6.80e-03
 2.17493e+17	7.84e-01	2.09e-01	6.65e-03
 2.17578e+17	7.89e-01	2.04e-01	6.49e-03
 2.17663e+17	7.94e-01	2.00e-01	6.34e-03
 2.17750e+17	7.99e-01	1.95e-01	6.20e-03
 2.17838e+17	8.03e-01	1.91e-01	6.06e-03
 2.17928e+17	8.07e-01	1.87e-01	5.92e-03
 2.18020e+17	8.11e-01	1.83e-01	5.79e-03
 2.18115e+17	8.14e-01	1.80e-01	5.67e-03
 2.18214e+17	8.18e-01	1.76e-01	5.52e-03
 2.18316e+17	8.22e-01	1.73e-01	5.42e-03
 2.18417e+17	8.25e-01	1.70e-01	5.28e-03
 2.18518e+17	8.28e-01	1.67e-01	5.18e-03
 2.18624e+17	8.31e-01	1.64e-01	5.06e-03
 2.18741e+17	8.34e-01	1.61e-01	4.94e-03
 2.18859e+17	8.37e-01	1.59e-01	4.85e-03
 2.18980e+17	8.39e-01	1.56e-01	4.73e-03
 2.19102e+17	8.42e-01	1.54e-01	4.64e-03
 2.19228e+17	8.44e-01	1.51e-01	4.53e-03
 2.19368e+17	8.47e-01	1.49e-01	4.43e-03
 2.19510e+17	8.49e-01	1.47e-01	4.34e-03
 2.19659e+17	8.51e-01	1.45e-01	4.23e-03
 2.19807e+17	8.53e-01	1.43e-01	4.14e-03
 2.19956e+17	8.55e-01	1.41e-01	4.05e-03
 2.20125e+17	8.57e-01	1.39e-01	3.97e-03
 2.20302e+17	8.59e-01	1.37e-01	3.87e-03
 2.20488e+17	8.61e-01	1.35e-01	3.77e-03
 2.20684e+17	8.63e-01	1.33e-01	3.67e-03
 2.20885e+17	8.65e-01	1.31e-01	3.57e-03
 2.21106e+17	8.67e-01	1.30e-01	3.48e-03
 2.21339e+17	8.69e-01	1.28e-01	3.38e-03
 2.21589e+17	8.71e-01	1.26e-01	3.27e-03
 2.21870e+17	8.73e-01	1.24e-01	3.16e-03
 2.22177e+17	8.76e-01	1.21e-01	3.04e-03
 2.22522e+17	8.78e-01	1.19e-01	2.92e-03
 2.22910e+17	8.81e-01	1.16e-01	2.78e-03
 2.23309e+17	8.84e-01	1.14e-01	2.65e-03
 2.23687e+17	8.87e-01	1.11e-01	2.52e-03
 2.24036e+17	8.89e-01	1.09e-01	2.42e-03
 2.24354e+17	8.91e-01	1.07e-01	2.32e-03
 2.24643e+17	8.93e-01	1.05e-01	2.24e-03
 2.24906e+17	8.95e-01	1.03e-01	2.16e-03
 2.25145e+17	8.96e-01	1.02e-01	2.09e-03
 2.25363e+17	8.98e-01	1.00e-01	2.03e-03
 2.25561e+17	8.99e-01	9.89e-02	1.98e-03
 2.25778e+17	9.01e-01	9.75e-02	1.92e-03
 2.26013e+17	9.02e-01	9.62e-02	1.87e-03
 2.26226e+17	9.03e-01	9.49e-02	1.81e-03
 2.26420e+17	9.05e-01	9.37e-02	1.77e-03
 2.26633e+17	9.06e-01	9.24e-02	1.71e-03
 2.26863e+17	9.07e-01	9.11e-02	1.67e-03
 2.27072e+17	9.08e-01	8.99e-02	1.62e-03
 2.27262e+17	9.10e-01	8.87e-02	1.58e-03
 2.27435e+17	9.11e-01	8.77e-02	1.54e-03
 2.27625e+17	9.12e-01	8.65e-02	1.49e-03
 2.27830e+17	9.13e-01	8.55e-02	1.46e-03
 2.28016e+17	9.14e-01	8.45e-02	1.42e-03
 2.28220e+17	9.15e-01	8.33e-02	1.38e-03
 2.28440e+17	9.16e-01	8.22e-02	1.34e-03
 2.28641e+17	9.18e-01	8.11e-02	1.31e-03
 2.28824e+17	9.19e-01	8.01e-02	1.27e-03
 2.28990e+17	9.20e-01	7.92e-02	1.24e-03
 2.29172e+17	9.21e-01	7.82e-02	1.21e-03
 2.29368e+17	9.22e-01	7.73e-02	1.18e-03
 2.29547e+17	9.22e-01	7.64e-02	1.15e-03
 2.29710e+17	9.23e-01	7.55e-02	1.13e-03
 2.29888e+17	9.24e-01	7.45e-02	1.10e-03
 2.30081e+17	9.25e-01	7.37e-02	1.07e-03
 2.30256e+17	9.26e-01	7.28e-02	1.05e-03
 2.30415e+17	9.27e-01	7.20e-02	1.02e-03
 2.30590e+17	9.28e-01	7.11e-02	9.95e-04
 2.30778e+17	9.29e-01	7.03e-02	9.73e-04
 2.30950e+17	9.30e-01	6.95e-02	9.49e-04
 2.31106e+17	9.30e-01	6.87e-02	9.27e-04
 2.31277e+17	9.31e-01	6.78e-02	9.04e-04
 2.31462e+17	9.32e-01	6.71e-02	8.84e-04
 2.31630e+17	9.33e-01	6.63e-02	8.63e-04
 2.31814e+17	9.34e-01	6.54e-02	8.40e-04
 2.32013e+17	9.35e-01	6.46e-02	8.19e-04
 2.32194e+17	9.35e-01	6.39e-02	8.00e-04
 2.32393e+17	9.36e-01	6.30e-02	7.77e-04
 2.32607e+17	9.37e-01	6.21e-02	7.56e-04
 2.32802e+17	9.38e-01	6.14e-02	7.37e-04
 2.32979e+17	9.39e-01	6.06e-02	7.20e-04
 2.33173e+17	9.39e-01	5.98e-02	7.00e-04
 2.33383e+17	9.40e-01	5.91e-02	6.83e-04
 2.33574e+17	9.41e-01	5.83e-02	6.66e-04
 2.33747e+17	9.42e-01	5.77e-02	6.50e-04
 2.33938e+17	9.42e-01	5.69e-02	6.34e-04
 2.34185e+17	9.43e-01	5.62e-02	6.16e-04
 2.34452e+17	9.44e-01	5.54e-02	5.99e-04
 2.34695e+17	9.45e-01	5.45e-02	5.81e-04
 2.34917e+17	9.46e-01	5.38e-02	5.65e-04
 2.35159e+17	9.46e-01	5.30e-02	5.48e-04
 2.35421e+17	9.47e-01	5.23e-02	5.33e-04
 2.35659e+17	9.48e-01	5.15e-02	5.18e-04
 2.35876e+17	9.49e-01	5.09e-02	5.05e-04
 2.36113e+17	9.49e-01	5.01e-02	4.90e-04
 2.36369e+17	9.50e-01	4.95e-02	4.77e-04
 2.36603e+17	9.51e-01	4.88e-02	4.64e-04
 2.36858e+17	9.52e-01	4.80e-02	4.50e-04
 2.37134e+17	9.52e-01	4.74e-02	4.37e-04
 2.37385e+17	9.53e-01	4.67e-02	4.25e-04
 2.37661e+17	9.54e-01	4.59e-02	4.11e-04
 2.37958e+17	9.54e-01	4.52e-02	3.99e-04
 2.38228e+17	9.55e-01	4.46e-02	3.87e-04
 2.38474e+17	9.56e-01	4.40e-02	3.77e-04
 2.38744e+17	9.56e-01	4.33e-02	3.65e-04
 2.39035e+17	9.57e-01	4.27e-02	3.55e-04
 2.39300e+17	9.58e-01	4.21e-02	3.45e-04
 2.39590e+17	9.58e-01	4.14e-02	3.34e-04
 2.39903e+17	9.59e-01	4.08e-02	3.24e-04
 2.40188e+17	9.60e-01	4.02e-02	3.15e-04
 2.40501e+17	9.60e-01	3.95e-02	3.04e-04
 2.40838e+17	9.61e-01	3.89e-02	2.95e-04
 2.41145e+17	9.61e-01	3.83e-02	2.86e-04
 2.41481e+17	9.62e-01	3.76e-02	2.76e-04
 2.41844e+17	9.63e-01	3.70e-02	2.66e-04
 2.42175e+17	9.63e-01	3.64e-02	2.58e-04
 2.42537e+17	9.64e-01	3.57e-02	2.48e-04
 2.42928e+17	9.65e-01	3.51e-02	2.40e-04
 2.43283e+17	9.65e-01	3.45e-02	2.32e-04
 2.43607e+17	9.66e-01	3.39e-02	2.25e-04
 2.43962e+17	9.66e-01	3.33e-02	2.17e-04
 2.44345e+17	9.67e-01	3.28e-02	2.10e-04
 2.44693e+17	9.68e-01	3.22e-02	2.03e-04
 2.45075e+17	9.68e-01	3.16e-02	1.95e-04
 2.45487e+17	9.69e-01	3.11e-02	1.89e-04
 2.45863e+17	9.69e-01	3.06e-02	1.82e-04
 2.46274e+17	9.70e-01	3.00e-02	1.75e-04
 2.46717e+17	9.70e-01	2.94e-02	1.69e-04
 2.47121e+17	9.71e-01	2.89e-02	1.63e-04
 2.47564e+17	9.72e-01	2.83e-02	1.57e-04
 2.48042e+17	9.72e-01	2.78e-02	1.51e-04
 2.48476e+17	9.73e-01	2.72e-02	1.45e-04
 2.48953e+17	9.73e-01	2.67e-02	1.39e-04
 2.49467e+17	9.74e-01	2.61e-02	1.33e-04
 2.49935e+17	9.74e-01	2.56e-02	1.28e-04
 2.50448e+17	9.75e-01	2.51e-02	1.23e-04
 2.51002e+17	9.75e-01	2.45e-02	1.18e-04
 2.51506e+17	9.76e-01	2.40e-02	1.13e-04
 2.52058e+17	9.76e-01	2.35e-02	1.08e-04
 2.52654e+17	9.77e-01	2.29e-02	1.03e-04
 2.53196e+17	9.77e-01	2.25e-02	9.89e-05
 2.53690e+17	9.78e-01	2.21e-02	9.53e-05
 2.54231e+17	9.78e-01	2.16e-02	9.12e-05
 2.54815e+17	9.79e-01	2.11e-02	8.73e-05
 2.55346e+17	9.79e-01	2.07e-02	8.39e-05
 2.55928e+17	9.80e-01	2.02e-02	8.02e-05
 2.56557e+17	9.80e-01	1.98e-02	7.66e-05
 2.57129e+17	9.81e-01	1.94e-02	7.35e-05
 2.57756e+17	9.81e-01	1.89e-02	7.01e-05
 2.58432e+17	9.81e-01	1.84e-02	6.68e-05
 2.59048e+17	9.82e-01	1.80e-02	6.39e-05
 2.59723e+17	9.82e-01	1.76e-02	6.08e-05
 2.60451e+17	9.83e-01	1.72e-02	5.78e-05
 2.61114e+17	9.83e-01	1.68e-02	5.53e-05
 2.61841e+17	9.84e-01	1.63e-02	5.25e-05
 2.62625e+17	9.84e-01	1.59e-02	4.98e-05
 2.63339e+17	9.84e-01	1.55e-02	4.75e-05
 2.64121e+17	9.85e-01	1.51e-02	4.50e-05
 2.64965e+17	9.85e-01	1.47e-02	4.25e-05
 2.65733e+17	9.86e-01	1.43e-02	4.05e-05
 2.66575e+17	9.86e-01	1.39e-02	3.82e-05
 2.67484e+17	9.86e-01	1.35e-02	3.61e-05
 2.68311e+17	9.87e-01	1.32e-02	3.42e-05
 2.69218e+17	9.87e-01	1.28e-02	3.23e-05
 2.70396e+17	9.88e-01	1.23e-02	2.99e-05
 2.71759e+17	9.88e-01	1.18e-02	2.74e-05
 2.73122e+17	9.89e-01	1.13e-02	2.52e-05
 2.74452e+17	9.89e-01	1.08e-02	2.33e-05
 2.75809e+17	9.90e-01	1.04e-02	2.15e-05
 2.77220e+17	9.90e-01	9.98e-03	1.97e-05
 2.78667e+17	9.90e-01	9.56e-03	1.81e-05
 2.80140e+17	9.91e-01	9.16e-03	1.66e-05
 2.81639e+17	9.91e-01	8.77e-03	1.53e-05
 2.83169e+17	9.92e-01	8.40e-03	1.40e-05
 2.84734e+17	9.92e-01	8.03e-03	1.28e-05
 2.86332e+17	9.92e-01	7.68e-03	1.17e-05
 2.87955e+17	9.93e-01	7.34e-03	1.07e-05
 2.89603e+17	9.93e-01	7.02e-03	9.79e-06
 2.91274e+17	9.93e-01	6.70e-03	8.95e-06
 2.92970e+17	9.94e-01	6.41e-03	8.17e-06
 2.94688e+17	9.94e-01	6.12e-03	7.46e-06
 2.96426e+17	9.94e-01	5.83e-03	6.77e-06
 2.98185e+17	9.94e-01	5.58e-03	6.21e-06
 2.99903e+17	9.95e-01	5.33e-03	5.68e-06
 3.01621e+17	9.95e-01	5.10e-03	5.19e-06
 3.03431e+17	9.95e-01	4.87e-03	4.73e-06
 3.05283e+17	9.95e-01	4.65e-03	4.32e-06
 3.07108e+17	9.96e-01	4.44e-03	3.95e-06
 3.08933e+17	9.96e-01	4.24e-03	3.60e-06
 3.10808e+17	9.96e-01	4.05e-03	3.28e-06
 3.12709e+17	9.96e-01	3.86e-03	2.99e-06
 3.14614e+17	9.96e-01	3.69e-03	2.73e-06
 3.16528e+17	9.96e-01	3.52e-03	2.49e-06
 3.18459e+17	9.97e-01	3.36e-03	2.27e-06
 3.20407e+17	9.97e-01	3.20e-03	2.06e-06
 3.22372e+17	9.97e-01	3.06e-03	1.88e-06
 3.24357e+17	9.97e-01	2.92e-03	1.71e-06
 3.26363e+17	9.97e-01	2.78e-03	1.56e-06
 3.28370e+17	9.97e-01	2.66e-03	1.42e-06
 3.30399e+17	9.97e-01	2.53e-03	1.29e-06
 3.32478e+17	9.98e-01	2.42e-03	1.18e-06
 3.34589e+17	9.98e-01	2.30e-03	1.07e-06
 3.36734e+17	9.98e-01	2.19e-03	9.70e-07
 3.38925e+17	9.98e-01	2.09e-03	8.79e-07
 3.41165e+17	9.98e-01	1.98e-03	7.96e-07
 3.43461e+17	9.98e-01	1.89e-03	7.19e-07
 3.45820e+17	9.98e-01	1.79e-03	6.48e-07
 3.48248e+17	9.98e-01	1.70e-03	5.84e-07
 3.50756e+17	9.98e-01	1.61e-03	5.24e-07
 3.53343e+17	9.98e-01	1.52e-03	4.69e-07
 3.55997e+17	9.99e-01	1.44e-03	4.20e-07
 3.58708e+17	9.99e-01	1.36e-03	3.75e-07
 3.61483e+17	9.99e-01	1.28e-03	3.34e-07
 3.64329e+17	9.99e-01	1.21e-03	2.97e-07
 3.67249e+17	9.99e-01	1.14e-03	2.64e-07
 3.70252e+17	9.99e-01	1.07e-03	2.34e-07
 3.73337e+17	9.99e-01	1.01e-03	2.07e-07
 3.76493e+17	9.99e-01	9.47e-04	1.83e-07
 3.79734e+17	9.99e-01	8.88e-04	1.61e-07
 3.83067e+17	9.99e-01	8.33e-04	1.41e-07
 3.86507e+17	9.99e-01	7.79e-04	1.24e-07
 3.90066e+17	9.99e-01	7.28e-04	1.08e-07
 3.93739e+17	9.99e-01	6.79e-04	9.41e-08
 3.97532e+17	9.99e-01	6.32e-04	8.16e-08
 4.01458e+17	9.99e-01	5.86e-04	7.04e-08
 4.05528e+17	9.99e-01	5.44e-04	6.06e-08
 4.09756e+17	9.99e-01	5.03e-04	5.18e-08
 4.14130e+17	1.00e+00	4.65e-04	4.43e-08
 4.18613e+17	1.00e+00	4.28e-04	3.76e-08
 4.23310e+17	1.00e+00	3.93e-04	3.17e-08
 4.28349e+17	1.00e+00	3.59e-04	2.65e-08
 4.33654e+17	1.00e+00	3.27e-04	2.19e-08
 4.39216e+17	1.00e+00	2.96e-04	1.80e-08
 4.45108e+17	1.00e+00	2.66e-04	1.46e-08
 4.51361e+17	1.00e+00	2.39e-04	1.17e-08
 4.58095e+17	1.00e+00	2.12e-04	9.28e-09
 4.65252e+17	1.00e+00	1.87e-04	7.24e-09
 4.72915e+17	1.00e+00	1.64e-04	5.56e-09
 4.81435e+17	1.00e+00	1.42e-04	4.15e-09
 4.90841e+17	1.00e+00	1.21e-04	3.02e-09
 5.01484e+17	1.00e+00	1.01e-04	2.10e-09
 5.13429e+17	1.00e+00	8.28e-05	1.42e-09
 5.26932e+17	1.00e+00	6.63e-05	9.09e-10
 5.41877e+17	1.00e+00	5.22e-05	5.64e-10
 5.57013e+17	1.00e+00	4.12e-05	3.52e-10
 5.71906e+17	1.00e+00	3.28e-05	2.23e-10
 5.86823e+17	1.00e+00	2.62e-05	1.42e-10
 6.02032e+17	1.00e+00	2.09e-05	9.03e-11
 6.17570e+17	1.00e+00	1.66e-05	5.75e-11
 6.33382e+17	1.00e+00	1.33e-05	3.66e-11
 6.49487e+17	1.00e+00	1.06e-05	2.33e-11
 6.65919e+17	1.00e+00	8.46e-06	1.49e-11
 6.82696e+17	1.00e+00	6.74e-06	9.45e-12
 6.99777e+17	1.00e+00	5.38e-06	6.03e-12
 7.17221e+17	1.00e+00	4.30e-06	3.85e-12
 7.35168e+17	1.00e+00	3.43e-06	2.44e-12
 7.53621e+17	1.00e+00	2.72e-06	1.55e-12
 7.72514e+17	1.00e+00	2.17e-06	9.77e-13
 7.91885e+17	1.00e+00	1.72e-06	6.16e-13
 8.11556e+17	1.00e+00	1.37e-06	3.90e-13
 8.30956e+17	1.00e+00	1.10e-06	2.51e-13
 8.49681e+17	1.00e+00	8.89e-07	1.65e-13
 8.67723e+17	1.00e+00	7.29e-07	1.11e-13
 8.85245e+17	1.00e+00	6.03e-07	7.60e-14
 9.02332e+17	1.00e+00	5.02e-07	5.28e-14
 9.18933e+17	1.00e+00	4.22e-07	3.73e-14
 9.34954e+17	1.00e+00	3.57e-07	2.68e-14
 9.50326e+17	1.00e+00	3.05e-07	1.96e-14
 9.65031e+17	1.00e+00	2.63e-07	1.46e-14
 9.79123e+17	1.00e+00	2.29e-07	1.10e-14
 9.92677e+17	1.00e+00	2.00e-07	8.42e-15
 1.00572e+18	1.00e+00	1.76e-07	6.53e-15
 1.01824e+18	1.00e+00	1.56e-07	5.13e-15
 1.03021e+18	1.00e+00	1.39e-07	4.08e-15
 1.04164e+18	1.00e+00	1.25e-07	3.29e-15
 1.05256e+18	1.00e+00	1.13e-07	2.68e-15
 1.06302e+18	1.00e+00	1.02e-07	2.20e-15
 1.07303e+18	1.00e+00	9.31e-08	1.83e-15
 1.08260e+18	1.00e+00	8.52e-08	1.53e-15
 1.09175e+18	1.00e+00	7.84e-08	1.30e-15
 1.10049e+18	1.00e+00	7.24e-08	1.11e-15
 1.10884e+18	1.00e+00	6.71e-08	9.53e-16
 1.11684e+18	1.00e+00	6.24e-08	8.26e-16
 1.12449e+18	1.00e+00	5.83e-08	7.20e-16
 1.13183e+18	1.00e+00	5.46e-08	6.32e-16
 1.13886e+18	1.00e+00	5.13e-08	5.59e-16
 1.14561e+18	1.00e+00	4.84e-08	4.96e-16
 1.15208e+18	1.00e+00	4.57e-08	4.43e-16
 1.15830e+18	1.00e+00	4.33e-08	3.97e-16
 1.16428e+18	1.00e+00	4.11e-08	3.58e-16
 1.17004e+18	1.00e+00	3.91e-08	3.24e-16
 1.17560e+18	1.00e+00	3.72e-08	2.95e-16
 1.18099e+18	1.00e+00	3.55e-08	2.69e-16
 1.18621e+18	1.00e+00	3.40e-08	2.46e-16
 1.19127e+18	1.00e+00	3.25e-08	2.25e-16
 1.19620e+18	1.00e+00	3.12e-08	2.07e-16
 1.20100e+18	1.00e+00	3.00e-08	1.91e-16
 1.20571e+18	1.00e+00	2.88e-08	1.76e-16
 1.21034e+18	1.00e+00	2.77e-08	1.63e-16
 1.21491e+18	1.00e+00	2.66e-08	1.51e-16
 1.21945e+18	1.00e+00	2.56e-08	1.40e-16
 1.22396e+18	1.00e+00	2.47e-08	1.30e-16
 1.22848e+18	1.00e+00	2.38e-08	1.20e-16
 1.23306e+18	1.00e+00	2.29e-08	1.11e-16
 1.23771e+18	1.00e+00	2.20e-08	1.03e-16
 1.24249e+18	1.00e+00	2.11e-08	9.53e-17
 1.24744e+18	1.00e+00	2.03e-08	8.78e-17
 1.25264e+18	1.00e+00	1.94e-08	8.05e-17
 1.25816e+18	1.00e+00	1.85e-08	7.35e-17
 1.26414e+18	1.00e+00	1.76e-08	6.65e-17
 1.27072e+18	1.00e+00	1.67e-08	5.97e-17
 1.27812e+18	1.00e+00	1.57e-08	5.28e-17
 1.28665e+18	1.00e+00	1.46e-08	4.59e-17
 1.29681e+18	1.00e+00	1.35e-08	3.89e-17
 1.30932e+18	1.00e+00	1.22e-08	3.17e-17
 1.32533e+18	1.00e+00	1.07e-08	2.44e-17
 1.34615e+18	1.00e+00	9.01e-09	1.75e-17
 1.37321e+18	1.00e+00	7.27e-09	1.14e-17
 1.40839e+18	1.00e+00	5.53e-09	6.60e-18
 1.44889e+18	1.00e+00	4.10e-09	3.63e-18
 1.49013e+18	1.00e+00	3.04e-09	2.01e-18
 1.53136e+18	1.00e+00	2.28e-09	1.13e-18
 1.57878e+18	1.00e+00	1.63e-09	5.80e-19
 1.63573e+18	1.00e+00	1.11e-09	2.70e-19
 1.69633e+18	1.00e+00	7.50e-10	1.24e-19
 1.75863e+18	1.00e+00	5.06e-10	5.68e-20
 1.82298e+18	1.00e+00	3.42e-10	2.61e-20
 1.88795e+18	1.00e+00	2.34e-10	1.22e-20
 1.95511e+18	1.00e+00	1.59e-10	5.68e-21
 2.02550e+18	1.00e+00	1.07e-10	0.00e+00
 2.09795e+18	1.00e+00	7.26e-11	0.00e+00
 2.17216e+18	1.00e+00	4.92e-11	0.00e+00
 2.24709e+18	1.00e+00	3.36e-11	0.00e+00
 2.32202e+18	1.00e+00	2.32e-11	0.00e+00
 2.40075e+18	1.00e+00	1.58e-11	0.00e+00
 2.48327e+18	1.00e+00	1.08e-11	0.00e+00
 2.56579e+18	1.00e+00	7.39e-12	0.00e+00
 2.64831e+18	1.00e+00	5.13e-12	0.00e+00
 2.73084e+18	1.00e+00	3.59e-12	0.00e+00
 2.81296e+18	1.00e+00	2.54e-12	0.00e+00
 2.89177e+18	1.00e+00	1.85e-12	0.00e+00
 2.96316e+18	1.00e+00	1.39e-12	0.00e+00
 3.02631e+18	1.00e+00	1.09e-12	0.00e+00
 3.08358e+18	1.00e+00	8.81e-13	0.00e+00
 3.13752e+18	1.00e+00	7.21e-13	0.00e+00
 3.18152e+18	1.00e+00	6.17e-13	0.00e+00
 3.20838e+18	1.00e+00	5.64e-13	0.00e+00
 3.22225e+18	1.00e+00	5.40e-13	0.00e+00
 3.23058e+18	1.00e+00	5.25e-13	0.00e+00
 3.23850e+18	1.00e+00	5.10e-13	0.00e+00
 3.24526e+18	1.00e+00	4.98e-13	0.00e+00
 3.24932e+18	1.00e+00	4.92e-13	0.00e+00
 3.25189e+18	1.00e+00	4.88e-13	0.00e+00
 3.25413e+18	1.00e+00	4.84e-13	0.00e+00
 3.25682e+18	1.00e+00	4.79e-13	0.00e+00
 3.25963e+18	1.00e+00	4.74e-13	0.00e+00
 3.26187e+18	1.00e+00	4.71e-13	0.00e+00
 3.26370e+18	1.00e+00	4.68e-13	0.00e+00
 3.26569e+18	1.00e+00	4.65e-13	0.00e+00
 3.26777e+18	1.00e+00	4.61e-13	0.00e+00
 3.26957e+18	1.00e+00	4.59e-13	0.00e+00
 3.27121e+18	1.00e+00	4.56e-13	0.00e+00
 3.27287e+18	1.00e+00	4.53e-13	0.00e+00
 3.27443e+18	1.00e+00	4.51e-13	0.00e+00
 3.27582e+18	1.00e+00	4.49e-13	0.00e+00
 3.27712e+18	1.00e+00	4.47e-13	0.00e+00
 3.27846e+18	1.00e+00	4.45e-13	0.00e+00
 3.27981e+18	1.00e+00	4.43e-13	0.00e+00
 3.28105e+18	1.00e+00	4.41e-13	0.00e+00
 3.28220e+18	1.00e+00	4.39e-13	0.00e+00
 3.28334e+18	1.00e+00	4.38e-13	0.00e+00
 3.28445e+18	1.00e+00	4.36e-13	0.00e+00
 3.28553e+18	1.00e+00	4.34e-13	0.00e+00
 3.28657e+18	1.00e+00	4.33e-13	0.00e+00
 3.28759e+18	1.00e+00	4.31e-13	0.00e+00
 3.28854e+18	1.00e+00	4.30e-13	0.00e+00
 3.28946e+18	1.00e+00	4.29e-13	0.00e+00
 3.29050e+18	1.00e+00	4.27e-13	0.00e+00
 3.29154e+18	1.00e+00	4.25e-13	0.00e+00
 3.29244e+18	1.00e+00	4.24e-13	0.00e+00
 3.29325e+18	1.00e+00	4.23e-13	0.00e+00
 3.29412e+18	1.00e+00	4.22e-13	0.00e+00
 3.29507e+18	1.00e+00	4.20e-13	0.00e+00
 3.29597e+18	1.00e+00	4.18e-13	0.00e+00
 3.29679e+18	1.00e+00	4.17e-13	0.00e+00
 3.29768e+18	1.00e+00	4.16e-13	0.00e+00
 3.29861e+18	1.00e+00	4.14e-13	0.00e+00
 3.29945e+18	1.00e+00	4.13e-13	0.00e+00
 3.30035e+18	1.00e+00	4.12e-13	0.00e+00
 3.30143e+18	1.00e+00	4.09e-13	0.00e+00
 3.30250e+18	1.00e+00	4.07e-13	0.00e+00
 3.30345e+18	1.00e+00	4.06e-13	0.00e+00
 3.30443e+18	1.00e+00	4.05e-13	0.00e+00
 3.30544e+18	1.00e+00	4.03e-13	0.00e+00
 3.30651e+18	1.00e+00	4.01e-13	0.00e+00
 3.30755e+18	1.00e+00	3.99e-13	0.00e+00
 3.30851e+18	1.00e+00	3.98e-13	0.00e+00
 3.30950e+18	1.00e+00	3.97e-13	0.00e+00
 3.31066e+18	1.00e+00	3.94e-13	0.00e+00
 3.31192e+18	1.00e+00	3.92e-13	0.00e+00
 3.31303e+18	1.00e+00	3.90e-13	0.00e+00
 3.31402e+18	1.00e+00	3.89e-13	0.00e+00
 3.31508e+18	1.00e+00	3.87e-13	0.00e+00
 3.31636e+18	1.00e+00	3.85e-13	0.00e+00
 3.31779e+18	1.00e+00	3.82e-13	0.00e+00
 3.31912e+18	1.00e+00	3.80e-13	0.00e+00
 3.32026e+18	1.00e+00	3.79e-13	0.00e+00
 3.32149e+18	1.00e+00	3.77e-13	0.00e+00
 3.32297e+18	1.00e+00	3.74e-13	0.00e+00
 3.32445e+18	1.00e+00	3.72e-13	0.00e+00
 3.32578e+18	1.00e+00	3.70e-13	0.00e+00
 3.32723e+18	1.00e+00	3.67e-13	0.00e+00
 3.32890e+18	1.00e+00	3.64e-13	0.00e+00
 3.33055e+18	1.00e+00	3.62e-13	0.00e+00
 3.33212e+18	1.00e+00	3.60e-13	0.00e+00
 3.33371e+18	1.00e+00	3.57e-13	0.00e+00
 3.33539e+18	1.00e+00	3.55e-13	0.00e+00
 3.33722e+18	1.00e+00	3.52e-13	0.00e+00
 3.33892e+18	1.00e+00	3.49e-13	0.00e+00
 3.34065e+18	1.00e+00	3.47e-13	0.00e+00
 3.34276e+18	1.00e+00	3.43e-13	0.00e+00
 3.34495e+18	1.00e+00	3.40e-13	0.00e+00
 3.34690e+18	1.00e+00	3.37e-13	0.00e+00
 3.34888e+18	1.00e+00	3.34e-13	0.00e+00
 3.35110e+18	1.00e+00	3.31e-13	0.00e+00
 3.35345e+18	1.00e+00	3.27e-13	0.00e+00
 3.35584e+18	1.00e+00	3.24e-13	0.00e+00
 3.35818e+18	1.00e+00	3.21e-13	0.00e+00
 3.36055e+18	1.00e+00	3.17e-13	0.00e+00
 3.36310e+18	1.00e+00	3.14e-13	0.00e+00
 3.36578e+18	1.00e+00	3.10e-13	0.00e+00
 3.36854e+18	1.00e+00	3.06e-13	0.00e+00
 3.37129e+18	1.00e+00	3.03e-13	0.00e+00
 3.37412e+18	1.00e+00	2.99e-13	0.00e+00
 3.37720e+18	1.00e+00	2.95e-13	0.00e+00
 3.38036e+18	1.00e+00	2.91e-13	0.00e+00
 3.38356e+18	1.00e+00	2.87e-13	0.00e+00
 3.38686e+18	1.00e+00	2.83e-13	0.00e+00
 3.39033e+18	1.00e+00	2.78e-13	0.00e+00
 3.39403e+18	1.00e+00	2.74e-13	0.00e+00
 3.39783e+18	1.00e+00	2.69e-13	0.00e+00
 3.40174e+18	1.00e+00	2.65e-13	0.00e+00
 3.40574e+18	1.00e+00	2.60e-13	0.00e+00
 3.40990e+18	1.00e+00	2.56e-13	0.00e+00
 3.41424e+18	1.00e+00	2.51e-13	0.00e+00
 3.41880e+18	1.00e+00	2.46e-13	0.00e+00
 3.42353e+18	1.00e+00	2.41e-13	0.00e+00
 3.42846e+18	1.00e+00	2.36e-13	0.00e+00
 3.43380e+18	1.00e+00	2.31e-13	0.00e+00
 3.43908e+18	1.00e+00	2.26e-13	0.00e+00
 3.44436e+18	1.00e+00	2.21e-13	0.00e+00
 3.44997e+18	1.00e+00	2.17e-13	0.00e+00
 3.45620e+18	1.00e+00	2.11e-13	0.00e+00
 3.46303e+18	1.00e+00	2.06e-13	0.00e+00
 3.46983e+18	1.00e+00	2.00e-13	0.00e+00
 3.47636e+18	1.00e+00	1.95e-13	0.00e+00
 3.48297e+18	1.00e+00	1.90e-13	0.00e+00
 3.49011e+18	1.00e+00	1.85e-13	0.00e+00
 3.49787e+18	1.00e+00	1.80e-13	0.00e+00
 3.50594e+18	1.00e+00	1.75e-13	0.00e+00
 3.51401e+18	1.00e+00	1.70e-13	0.00e+00
 3.52213e+18	1.00e+00	1.65e-13	0.00e+00
 3.53056e+18	1.00e+00	1.60e-13	0.00e+00
 3.53952e+18	1.00e+00	1.55e-13	0.00e+00
 3.54893e+18	1.00e+00	1.50e-13	0.00e+00
 3.55848e+18	1.00e+00	1.45e-13	0.00e+00
 3.56817e+18	1.00e+00	1.40e-13	0.00e+00
 3.57819e+18	1.00e+00	1.35e-13	0.00e+00
 3.58795e+18	1.00e+00	1.31e-13	0.00e+00
 3.59637e+18	1.00e+00	1.27e-13	0.00e+00
 3.60334e+18	1.00e+00	1.24e-13	0.00e+00
 3.60959e+18	1.00e+00	1.21e-13	0.00e+00
 3.61576e+18	1.00e+00	1.18e-13	0.00e+00
 3.62197e+18	1.00e+00	1.15e-13	0.00e+00
 3.62794e+18	1.00e+00	1.13e-13	0.00e+00
 3.63348e+18	1.00e+00	1.11e-13	0.00e+00
 3.63869e+18	1.00e+00	1.08e-13	0.00e+00
 3.64371e+18	1.00e+00	1.06e-13	0.00e+00
 3.64865e+18	1.00e+00	1.04e-13	0.00e+00
 3.65354e+18	1.00e+00	1.02e-13	0.00e+00
 3.65827e+18	1.00e+00	1.00e-13	0.00e+00
 3.66284e+18	1.00e+00	9.87e-14	0.00e+00
 3.66727e+18	1.00e+00	9.70e-14	0.00e+00
 3.67161e+18	1.00e+00	9.54e-14	0.00e+00
 3.67592e+18	1.00e+00	9.38e-14	0.00e+00
 3.68020e+18	1.00e+00	9.22e-14	0.00e+00
 3.68441e+18	1.00e+00	9.07e-14	0.00e+00
 3.68851e+18	1.00e+00	8.93e-14	0.00e+00
 3.69254e+18	1.00e+00	8.79e-14	0.00e+00
 3.69653e+18	1.00e+00	8.65e-14	0.00e+00
 3.70049e+18	1.00e+00	8.52e-14	0.00e+00
 3.70442e+18	1.00e+00	8.39e-14	0.00e+00
 3.70830e+18	1.00e+00	8.26e-14	0.00e+00
 3.71212e+18	1.00e+00	8.14e-14	0.00e+00
 3.71591e+18	1.00e+00	8.02e-14	0.00e+00
 3.72024e+18	1.00e+00	7.88e-14	0.00e+00
 3.72588e+18	1.00e+00	7.71e-14	0.00e+00
