#depth	N	N+	N+2	N+3	N+4	N+5	N+6	N+7
 1.49634e+10	0.00e+00	0.00e+00	4.74e-33	3.87e-22	5.73e-12	3.03e-01	6.96e-01	6.20e-04
 4.54887e+10	0.00e+00	1.43e-44	6.35e-33	4.79e-22	6.55e-12	3.21e-01	6.79e-01	5.59e-04
 7.72350e+10	0.00e+00	0.00e+00	8.48e-33	5.92e-22	7.49e-12	3.39e-01	6.61e-01	5.03e-04
 1.10251e+11	0.00e+00	2.99e-44	1.13e-32	7.30e-22	8.54e-12	3.58e-01	6.42e-01	4.52e-04
 1.43564e+11	0.00e+00	0.00e+00	1.50e-32	8.94e-22	9.70e-12	3.76e-01	6.24e-01	4.06e-04
 1.78210e+11	0.00e+00	6.07e-44	1.98e-32	1.09e-21	1.10e-11	3.95e-01	6.05e-01	3.65e-04
 2.14374e+11	0.00e+00	0.00e+00	2.61e-32	1.34e-21	1.25e-11	4.14e-01	5.85e-01	3.27e-04
 2.50349e+11	0.00e+00	1.21e-43	3.40e-32	1.62e-21	1.40e-11	4.33e-01	5.67e-01	2.95e-04
 2.88653e+11	0.00e+00	0.00e+00	4.45e-32	1.97e-21	1.58e-11	4.53e-01	5.47e-01	2.64e-04
 3.30126e+11	0.00e+00	2.45e-43	5.89e-32	2.41e-21	1.78e-11	4.73e-01	5.27e-01	2.35e-04
 3.73258e+11	0.00e+00	0.00e+00	7.78e-32	2.94e-21	2.01e-11	4.94e-01	5.06e-01	2.09e-04
 4.18115e+11	0.00e+00	4.99e-43	1.03e-31	3.58e-21	2.27e-11	5.14e-01	4.86e-01	1.85e-04
 4.63215e+11	0.00e+00	0.00e+00	1.34e-31	4.33e-21	2.54e-11	5.34e-01	4.66e-01	1.64e-04
 5.10118e+11	0.00e+00	9.87e-43	1.74e-31	5.23e-21	2.85e-11	5.54e-01	4.46e-01	1.46e-04
 5.60450e+11	0.00e+00	0.00e+00	2.29e-31	6.34e-21	3.19e-11	5.74e-01	4.26e-01	1.29e-04
 6.12794e+11	0.00e+00	1.98e-42	2.99e-31	7.68e-21	3.57e-11	5.94e-01	4.06e-01	1.13e-04
 6.67233e+11	0.00e+00	0.00e+00	3.91e-31	9.28e-21	3.99e-11	6.14e-01	3.86e-01	9.98e-05
 7.23849e+11	0.00e+00	3.96e-42	5.11e-31	1.12e-20	4.45e-11	6.33e-01	3.67e-01	8.77e-05
 7.82730e+11	0.00e+00	0.00e+00	6.66e-31	1.35e-20	4.96e-11	6.52e-01	3.48e-01	7.69e-05
 8.43966e+11	0.00e+00	7.87e-42	8.67e-31	1.62e-20	5.52e-11	6.70e-01	3.30e-01	6.73e-05
 9.07651e+11	0.00e+00	0.00e+00	1.13e-30	1.95e-20	6.13e-11	6.88e-01	3.12e-01	5.89e-05
 9.73884e+11	0.00e+00	1.55e-41	1.46e-30	2.34e-20	6.79e-11	7.06e-01	2.94e-01	5.14e-05
 1.04277e+12	0.00e+00	0.00e+00	1.89e-30	2.80e-20	7.52e-11	7.22e-01	2.78e-01	4.48e-05
 1.11440e+12	0.00e+00	3.05e-41	2.45e-30	3.35e-20	8.32e-11	7.38e-01	2.62e-01	3.90e-05
 1.18891e+12	0.00e+00	0.00e+00	3.17e-30	4.01e-20	9.19e-11	7.54e-01	2.46e-01	3.39e-05
 1.26639e+12	0.00e+00	5.95e-41	4.09e-30	4.78e-20	1.01e-10	7.69e-01	2.31e-01	2.95e-05
 1.34697e+12	0.00e+00	0.00e+00	5.27e-30	5.70e-20	1.12e-10	7.83e-01	2.17e-01	2.56e-05
 1.43078e+12	0.00e+00	1.16e-40	6.79e-30	6.79e-20	1.23e-10	7.96e-01	2.04e-01	2.22e-05
 1.50881e+12	0.00e+00	0.00e+00	8.52e-30	7.93e-20	1.34e-10	8.08e-01	1.92e-01	1.95e-05
 1.57727e+12	0.00e+00	2.00e-40	1.03e-29	9.05e-20	1.44e-10	8.17e-01	1.83e-01	1.75e-05
 1.65356e+12	0.00e+00	0.00e+00	1.27e-29	1.04e-19	1.55e-10	8.27e-01	1.73e-01	1.55e-05
 1.74557e+12	0.00e+00	3.59e-40	1.61e-29	1.23e-19	1.70e-10	8.38e-01	1.62e-01	1.35e-05
 1.83826e+12	0.00e+00	0.00e+00	2.03e-29	1.44e-19	1.85e-10	8.48e-01	1.52e-01	1.17e-05
 1.92304e+12	0.00e+00	6.37e-40	2.49e-29	1.65e-19	1.99e-10	8.56e-01	1.44e-01	1.04e-05
 2.01731e+12	0.00e+00	0.00e+00	3.10e-29	1.92e-19	2.15e-10	8.65e-01	1.35e-01	9.12e-06
 2.12696e+12	0.00e+00	1.17e-39	3.96e-29	2.27e-19	2.35e-10	8.74e-01	1.26e-01	7.87e-06
 2.23438e+12	0.00e+00	0.00e+00	4.99e-29	2.65e-19	2.56e-10	8.82e-01	1.18e-01	6.84e-06
 2.33549e+12	0.00e+00	2.10e-39	6.14e-29	3.06e-19	2.76e-10	8.89e-01	1.11e-01	6.02e-06
 2.44822e+12	0.00e+00	0.00e+00	7.69e-29	3.56e-19	2.99e-10	8.96e-01	1.04e-01	5.25e-06
 2.57608e+12	0.00e+00	3.90e-39	9.83e-29	4.21e-19	3.26e-10	9.03e-01	9.67e-02	4.51e-06
 2.70375e+12	0.00e+00	0.00e+00	1.24e-28	4.93e-19	3.54e-10	9.10e-01	9.02e-02	3.90e-06
 2.83653e+12	0.00e+00	7.26e-39	1.57e-28	5.78e-19	3.85e-10	9.16e-01	8.40e-02	3.37e-06
 2.97992e+12	0.00e+00	0.00e+00	2.01e-28	6.82e-19	4.19e-10	9.22e-01	7.81e-02	2.89e-06
 3.12904e+12	0.00e+00	1.38e-38	2.56e-28	8.04e-19	4.57e-10	9.28e-01	7.25e-02	2.48e-06
 3.28413e+12	0.00e+00	0.00e+00	3.26e-28	9.47e-19	4.97e-10	9.33e-01	6.73e-02	2.12e-06
 3.44542e+12	0.00e+00	2.63e-38	4.16e-28	1.12e-18	5.41e-10	9.38e-01	6.24e-02	1.82e-06
 3.61317e+12	0.00e+00	0.00e+00	5.30e-28	1.31e-18	5.88e-10	9.42e-01	5.79e-02	1.56e-06
 3.78762e+12	0.00e+00	5.01e-38	6.76e-28	1.55e-18	6.40e-10	9.46e-01	5.36e-02	1.34e-06
 3.96905e+12	0.00e+00	0.00e+00	8.61e-28	1.82e-18	6.96e-10	9.50e-01	4.97e-02	1.14e-06
 4.15774e+12	0.00e+00	9.53e-38	1.10e-27	2.14e-18	7.56e-10	9.54e-01	4.60e-02	9.78e-07
 4.35398e+12	0.00e+00	0.00e+00	1.40e-27	2.52e-18	8.22e-10	9.57e-01	4.26e-02	0.00e+00
 4.55806e+12	0.00e+00	1.81e-37	1.78e-27	2.97e-18	8.93e-10	9.61e-01	3.95e-02	0.00e+00
 4.77031e+12	0.00e+00	0.00e+00	2.27e-27	3.50e-18	9.70e-10	9.63e-01	3.65e-02	0.00e+00
 4.97776e+12	0.00e+00	3.38e-37	2.85e-27	4.07e-18	1.05e-09	9.66e-01	3.40e-02	0.00e+00
 5.16909e+12	0.00e+00	0.00e+00	3.49e-27	4.67e-18	1.12e-09	9.68e-01	3.18e-02	0.00e+00
 5.38090e+12	0.00e+00	5.91e-37	4.34e-27	5.40e-18	1.21e-09	9.70e-01	2.97e-02	0.00e+00
 5.62560e+12	0.00e+00	0.00e+00	5.53e-27	6.36e-18	1.32e-09	9.73e-01	2.74e-02	0.00e+00
 5.86624e+12	0.00e+00	1.11e-36	6.96e-27	7.42e-18	1.42e-09	9.75e-01	2.55e-02	0.00e+00
 6.11652e+12	0.00e+00	0.00e+00	8.76e-27	8.66e-18	1.54e-09	9.76e-01	2.36e-02	0.00e+00
 6.39111e+12	0.00e+00	2.08e-36	1.12e-26	1.02e-17	1.67e-09	9.78e-01	2.18e-02	0.00e+00
 6.66906e+12	5.68e-47	2.84e-36	1.42e-26	1.20e-17	1.81e-09	9.80e-01	2.02e-02	0.00e+00
 6.95814e+12	0.00e+00	0.00e+00	1.80e-26	1.40e-17	1.96e-09	9.81e-01	1.87e-02	0.00e+00
 7.26639e+12	0.00e+00	5.40e-36	2.30e-26	1.65e-17	2.13e-09	9.83e-01	1.73e-02	0.00e+00
 7.58697e+12	1.90e-46	7.47e-36	2.93e-26	1.95e-17	2.32e-09	9.84e-01	1.59e-02	0.00e+00
 7.92038e+12	0.00e+00	0.00e+00	3.75e-26	2.30e-17	2.52e-09	9.85e-01	1.47e-02	0.00e+00
 8.26712e+12	0.00e+00	1.43e-35	4.79e-26	2.71e-17	2.74e-09	9.86e-01	1.36e-02	0.00e+00
 8.62773e+12	6.43e-46	1.99e-35	6.13e-26	3.20e-17	2.98e-09	9.88e-01	1.25e-02	0.00e+00
 9.00276e+12	0.00e+00	0.00e+00	7.85e-26	3.78e-17	3.24e-09	9.88e-01	1.15e-02	0.00e+00
 9.39280e+12	0.00e+00	3.83e-35	1.01e-25	4.47e-17	3.52e-09	9.89e-01	1.06e-02	0.00e+00
 9.75953e+12	2.11e-45	5.16e-35	1.26e-25	5.20e-17	3.80e-09	9.90e-01	9.85e-03	0.00e+00
 1.00874e+13	0.00e+00	0.00e+00	1.53e-25	5.92e-17	4.06e-09	9.91e-01	9.24e-03	0.00e+00
 1.04554e+13	0.00e+00	8.85e-35	1.89e-25	6.84e-17	4.36e-09	9.91e-01	8.61e-03	0.00e+00
 1.08916e+13	6.19e-45	1.22e-34	2.41e-25	8.05e-17	4.73e-09	9.92e-01	7.94e-03	0.00e+00
 1.13283e+13	0.00e+00	0.00e+00	3.06e-25	9.45e-17	5.13e-09	9.93e-01	7.34e-03	0.00e+00
 1.17382e+13	0.00e+00	2.21e-34	3.79e-25	1.09e-16	5.51e-09	9.93e-01	6.84e-03	0.00e+00
 1.21934e+13	1.90e-44	3.01e-34	4.77e-25	1.28e-16	5.97e-09	9.94e-01	6.33e-03	0.00e+00
 1.27111e+13	0.00e+00	0.00e+00	6.14e-25	1.51e-16	6.50e-09	9.94e-01	5.82e-03	0.00e+00
 1.32268e+13	0.00e+00	5.79e-34	7.84e-25	1.78e-16	7.06e-09	9.95e-01	5.36e-03	0.00e+00
 1.37631e+13	6.44e-44	8.01e-34	1.00e-24	2.10e-16	7.68e-09	9.95e-01	4.94e-03	0.00e+00
 1.43436e+13	0.00e+00	0.00e+00	1.29e-24	2.50e-16	8.38e-09	9.95e-01	4.53e-03	0.00e+00
 1.49473e+13	0.00e+00	1.57e-33	1.67e-24	2.98e-16	9.15e-09	9.96e-01	4.16e-03	0.00e+00
 1.55138e+13	2.19e-43	2.14e-33	2.11e-24	3.49e-16	9.91e-09	9.96e-01	3.85e-03	0.00e+00
 1.60190e+13	0.00e+00	0.00e+00	2.58e-24	4.00e-16	1.06e-08	9.96e-01	3.59e-03	0.00e+00
 1.65858e+13	0.00e+00	3.72e-33	3.22e-24	4.65e-16	1.15e-08	9.97e-01	3.34e-03	0.00e+00
 1.72592e+13	6.58e-43	5.19e-33	4.14e-24	5.52e-16	1.25e-08	9.97e-01	3.06e-03	0.00e+00
 1.79338e+13	0.00e+00	7.15e-33	5.28e-24	6.52e-16	1.36e-08	9.97e-01	2.82e-03	0.00e+00
 1.85629e+13	1.40e-42	9.53e-33	6.57e-24	7.56e-16	1.47e-08	9.97e-01	2.62e-03	0.00e+00
 1.92628e+13	0.00e+00	1.31e-32	8.36e-24	8.92e-16	1.59e-08	9.98e-01	2.41e-03	0.00e+00
 2.00633e+13	3.18e-42	1.84e-32	1.09e-23	1.07e-15	1.75e-08	9.98e-01	2.21e-03	0.00e+00
 2.08487e+13	0.00e+00	2.55e-32	1.40e-23	1.27e-15	1.90e-08	9.98e-01	2.02e-03	0.00e+00
 2.16028e+13	6.92e-42	3.45e-32	1.76e-23	1.49e-15	2.06e-08	9.98e-01	1.87e-03	0.00e+00
 2.24341e+13	0.00e+00	4.76e-32	2.25e-23	1.76e-15	2.25e-08	9.98e-01	1.72e-03	0.00e+00
 2.33614e+13	1.58e-41	6.73e-32	2.94e-23	2.12e-15	2.47e-08	9.98e-01	1.57e-03	0.00e+00
 2.42956e+13	0.00e+00	9.42e-32	3.80e-23	2.53e-15	2.71e-08	9.99e-01	1.43e-03	0.00e+00
 2.52672e+13	3.63e-41	1.32e-31	4.92e-23	3.03e-15	2.97e-08	9.99e-01	1.31e-03	0.00e+00
 2.62814e+13	0.00e+00	1.85e-31	6.38e-23	3.63e-15	3.26e-08	9.99e-01	1.19e-03	0.00e+00
 2.73362e+13	8.35e-41	2.58e-31	8.28e-23	4.35e-15	3.58e-08	9.99e-01	1.09e-03	0.00e+00
 2.84595e+13	0.00e+00	3.65e-31	1.08e-22	5.24e-15	3.94e-08	9.99e-01	9.91e-04	0.00e+00
 2.96278e+13	1.95e-40	5.15e-31	1.41e-22	6.33e-15	4.35e-08	9.99e-01	9.01e-04	0.00e+00
 3.08429e+13	0.00e+00	7.25e-31	1.84e-22	7.63e-15	4.79e-08	9.99e-01	8.19e-04	0.00e+00
 3.21065e+13	4.52e-40	1.02e-30	2.41e-22	9.21e-15	5.29e-08	9.99e-01	7.44e-04	0.00e+00
 3.32477e+13	0.00e+00	1.37e-30	3.03e-22	1.09e-14	5.76e-08	9.99e-01	6.84e-04	0.00e+00
 3.41960e+13	8.69e-40	1.74e-30	3.65e-22	1.24e-14	6.17e-08	9.99e-01	6.39e-04	0.00e+00
 3.52342e+13	0.00e+00	2.23e-30	4.44e-22	1.42e-14	6.65e-08	9.99e-01	5.95e-04	0.00e+00
 3.65524e+13	1.72e-39	3.04e-30	5.65e-22	1.69e-14	7.28e-08	9.99e-01	5.44e-04	0.00e+00
 3.79298e+13	0.00e+00	4.13e-30	7.20e-22	2.01e-14	7.98e-08	1.00e+00	4.97e-04	0.00e+00
 3.90955e+13	3.40e-39	5.30e-30	8.77e-22	2.32e-14	8.60e-08	1.00e+00	4.62e-04	0.00e+00
 4.02909e+13	0.00e+00	6.79e-30	1.07e-21	2.67e-14	9.27e-08	1.00e+00	4.29e-04	0.00e+00
 4.18008e+13	6.63e-39	9.16e-30	1.35e-21	3.17e-14	1.02e-07	1.00e+00	3.93e-04	0.00e+00
 4.33412e+13	0.00e+00	1.23e-29	1.70e-21	3.75e-14	1.11e-07	1.00e+00	3.60e-04	0.00e+00
 4.46659e+13	1.27e-38	1.57e-29	2.07e-21	4.31e-14	1.20e-07	1.00e+00	3.34e-04	0.00e+00
 4.60887e+13	0.00e+00	2.01e-29	2.52e-21	4.98e-14	1.29e-07	1.00e+00	3.10e-04	0.00e+00
 4.78457e+13	2.48e-38	2.71e-29	3.19e-21	5.92e-14	1.42e-07	1.00e+00	2.83e-04	0.00e+00
 4.96500e+13	0.00e+00	3.62e-29	4.02e-21	7.01e-14	1.55e-07	1.00e+00	2.59e-04	0.00e+00
 5.12882e+13	4.80e-38	4.67e-29	4.92e-21	8.12e-14	1.68e-07	1.00e+00	2.39e-04	0.00e+00
 5.30977e+13	0.00e+00	6.12e-29	6.10e-21	9.50e-14	1.83e-07	1.00e+00	2.20e-04	0.00e+00
 5.52179e+13	9.62e-38	8.28e-29	7.77e-21	1.13e-13	2.01e-07	1.00e+00	2.01e-04	0.00e+00
 5.73271e+13	0.00e+00	1.10e-28	9.77e-21	1.34e-13	2.21e-07	1.00e+00	1.84e-04	0.00e+00
 5.93313e+13	1.88e-37	1.44e-28	1.20e-20	1.56e-13	2.40e-07	1.00e+00	1.69e-04	0.00e+00
 6.15452e+13	0.00e+00	1.90e-28	1.50e-20	1.83e-13	2.61e-07	1.00e+00	1.55e-04	0.00e+00
 6.40369e+13	3.79e-37	2.57e-28	1.91e-20	2.18e-13	2.87e-07	1.00e+00	1.42e-04	0.00e+00
 6.65286e+13	0.00e+00	3.42e-28	2.40e-20	2.58e-13	3.15e-07	1.00e+00	1.29e-04	0.00e+00
 6.87410e+13	7.24e-37	4.38e-28	2.92e-20	2.98e-13	3.40e-07	1.00e+00	1.20e-04	0.00e+00
 7.06954e+13	0.00e+00	5.40e-28	3.45e-20	3.36e-13	3.63e-07	1.00e+00	1.12e-04	0.00e+00
 7.29113e+13	1.24e-36	6.81e-28	4.14e-20	3.84e-13	3.90e-07	1.00e+00	1.05e-04	0.00e+00
 7.53790e+13	0.00e+00	8.74e-28	5.05e-20	4.43e-13	4.22e-07	1.00e+00	9.71e-05	0.00e+00
 7.77052e+13	2.20e-36	1.09e-27	6.04e-20	5.05e-13	4.53e-07	1.00e+00	9.05e-05	0.00e+00
 8.02605e+13	0.00e+00	1.39e-27	7.31e-20	5.80e-13	4.88e-07	1.00e+00	8.40e-05	0.00e+00
 8.31079e+13	4.03e-36	1.80e-27	8.98e-20	6.73e-13	5.29e-07	1.00e+00	7.76e-05	0.00e+00
 8.57875e+13	0.00e+00	2.28e-27	1.08e-19	7.70e-13	5.69e-07	1.00e+00	7.22e-05	0.00e+00
 8.87234e+13	7.26e-36	2.93e-27	1.32e-19	8.88e-13	6.15e-07	1.00e+00	6.69e-05	0.00e+00
 9.20164e+13	0.00e+00	3.83e-27	1.63e-19	1.04e-12	6.69e-07	1.00e+00	6.16e-05	0.00e+00
 9.51485e+13	1.36e-35	4.91e-27	1.98e-19	1.19e-12	7.22e-07	1.00e+00	5.71e-05	0.00e+00
 9.80475e+13	0.00e+00	6.12e-27	2.36e-19	1.35e-12	7.73e-07	1.00e+00	5.34e-05	0.00e+00
 1.01269e+14	2.37e-35	7.77e-27	2.85e-19	1.55e-12	8.32e-07	1.00e+00	4.96e-05	0.00e+00
 1.04879e+14	0.00e+00	1.01e-26	3.50e-19	1.80e-12	9.01e-07	1.00e+00	4.59e-05	0.00e+00
 1.08289e+14	4.31e-35	1.27e-26	4.21e-19	2.05e-12	9.69e-07	1.00e+00	4.27e-05	0.00e+00
 1.12014e+14	0.00e+00	1.63e-26	5.13e-19	2.36e-12	1.05e-06	1.00e+00	3.96e-05	0.00e+00
 1.16134e+14	8.07e-35	2.13e-26	6.33e-19	2.75e-12	1.13e-06	1.00e+00	3.66e-05	0.00e+00
 1.19958e+14	0.00e+00	2.70e-26	7.63e-19	3.14e-12	1.22e-06	1.00e+00	3.40e-05	0.00e+00
 1.24115e+14	1.46e-34	3.48e-26	9.31e-19	3.62e-12	1.32e-06	1.00e+00	3.16e-05	0.00e+00
 1.28767e+14	0.00e+00	4.56e-26	1.15e-18	4.21e-12	1.43e-06	1.00e+00	2.91e-05	0.00e+00
 1.33163e+14	2.76e-34	5.85e-26	1.40e-18	4.84e-12	1.54e-06	1.00e+00	2.70e-05	0.00e+00
 1.37976e+14	0.00e+00	7.62e-26	1.72e-18	5.59e-12	1.66e-06	1.00e+00	2.50e-05	0.00e+00
 1.43345e+14	5.37e-34	1.01e-25	2.15e-18	6.54e-12	1.81e-06	1.00e+00	2.30e-05	0.00e+00
 1.48406e+14	0.00e+00	1.31e-25	2.63e-18	7.54e-12	1.95e-06	1.00e+00	2.14e-05	0.00e+00
 1.53849e+14	1.03e-33	1.72e-25	3.24e-18	8.74e-12	2.11e-06	1.00e+00	1.98e-05	0.00e+00
 1.60033e+14	0.00e+00	2.31e-25	4.08e-18	1.03e-11	2.30e-06	1.00e+00	1.82e-05	0.00e+00
 1.66124e+14	2.08e-33	3.06e-25	5.08e-18	1.19e-11	2.49e-06	1.00e+00	1.68e-05	0.00e+00
 1.72459e+14	0.00e+00	4.06e-25	6.32e-18	1.39e-11	2.70e-06	1.00e+00	1.55e-05	0.00e+00
 1.79387e+14	4.26e-33	5.47e-25	7.96e-18	1.63e-11	2.93e-06	1.00e+00	1.43e-05	0.00e+00
 1.86448e+14	6.12e-33	7.34e-25	9.98e-18	1.91e-11	3.18e-06	1.00e+00	1.31e-05	0.00e+00
 1.93791e+14	8.80e-33	9.86e-25	1.25e-17	2.23e-11	3.45e-06	1.00e+00	1.21e-05	0.00e+00
 2.01573e+14	1.28e-32	1.33e-24	1.58e-17	2.61e-11	3.75e-06	1.00e+00	1.12e-05	0.00e+00
 2.09039e+14	1.81e-32	1.77e-24	1.96e-17	3.02e-11	4.04e-06	1.00e+00	1.04e-05	0.00e+00
 2.15941e+14	2.47e-32	2.27e-24	2.37e-17	3.45e-11	4.33e-06	1.00e+00	9.69e-06	0.00e+00
 2.22447e+14	3.28e-32	2.86e-24	2.82e-17	3.88e-11	4.60e-06	1.00e+00	9.11e-06	0.00e+00
 2.29585e+14	4.46e-32	3.66e-24	3.40e-17	4.41e-11	4.91e-06	1.00e+00	8.54e-06	0.00e+00
 2.37585e+14	6.20e-32	4.77e-24	4.17e-17	5.06e-11	5.27e-06	1.00e+00	7.96e-06	0.00e+00
 2.45164e+14	8.42e-32	6.10e-24	5.02e-17	5.74e-11	5.61e-06	1.00e+00	7.47e-06	0.00e+00
 2.53477e+14	1.17e-31	7.93e-24	6.12e-17	6.56e-11	6.01e-06	1.00e+00	6.98e-06	0.00e+00
 2.62796e+14	1.66e-31	1.05e-23	7.59e-17	7.58e-11	6.47e-06	1.00e+00	6.49e-06	0.00e+00
 2.71467e+14	2.28e-31	1.36e-23	9.21e-17	8.63e-11	6.91e-06	1.00e+00	6.07e-06	0.00e+00
 2.79540e+14	3.05e-31	1.71e-23	1.10e-16	9.70e-11	7.33e-06	1.00e+00	5.73e-06	0.00e+00
 2.88791e+14	4.20e-31	2.22e-23	1.33e-16	1.11e-10	7.82e-06	1.00e+00	5.36e-06	0.00e+00
 2.99916e+14	6.10e-31	2.99e-23	1.67e-16	1.29e-10	8.44e-06	1.00e+00	4.97e-06	0.00e+00
 3.10878e+14	8.72e-31	3.98e-23	2.07e-16	1.48e-10	9.07e-06	1.00e+00	4.63e-06	0.00e+00
 3.20602e+14	1.18e-30	5.09e-23	2.49e-16	1.68e-10	9.65e-06	1.00e+00	4.35e-06	0.00e+00
 3.31311e+14	1.64e-30	6.61e-23	3.03e-16	1.91e-10	1.03e-05	1.00e+00	4.07e-06	0.00e+00
 3.44126e+14	2.40e-30	8.95e-23	3.80e-16	2.23e-10	1.11e-05	1.00e+00	3.78e-06	0.00e+00
 3.56906e+14	3.45e-30	1.20e-22	4.72e-16	2.57e-10	1.19e-05	1.00e+00	3.51e-06	0.00e+00
 3.68588e+14	4.76e-30	1.55e-22	5.73e-16	2.93e-10	1.27e-05	1.00e+00	3.29e-06	0.00e+00
 3.81618e+14	6.75e-30	2.05e-22	7.06e-16	3.36e-10	1.36e-05	1.00e+00	3.07e-06	0.00e+00
 3.96776e+14	9.97e-30	2.80e-22	8.91e-16	3.93e-10	1.47e-05	1.00e+00	2.84e-06	0.00e+00
 4.11659e+14	1.44e-29	3.76e-22	1.11e-15	4.55e-10	1.59e-05	1.00e+00	2.64e-06	0.00e+00
 4.25721e+14	2.02e-29	4.91e-22	1.36e-15	5.20e-10	1.70e-05	1.00e+00	2.47e-06	0.00e+00
 4.41363e+14	2.90e-29	6.56e-22	1.69e-15	6.01e-10	1.82e-05	1.00e+00	2.30e-06	0.00e+00
 4.59048e+14	4.30e-29	8.99e-22	2.14e-15	7.02e-10	1.97e-05	1.00e+00	2.13e-06	0.00e+00
 4.76762e+14	6.28e-29	1.22e-21	2.68e-15	8.17e-10	2.12e-05	1.00e+00	1.97e-06	0.00e+00
 4.95186e+14	9.19e-29	1.65e-21	3.37e-15	9.50e-10	2.29e-05	1.00e+00	1.83e-06	0.00e+00
 5.15023e+14	1.36e-28	2.26e-21	4.26e-15	1.11e-09	2.48e-05	1.00e+00	1.69e-06	0.00e+00
 5.35654e+14	2.02e-28	3.09e-21	5.39e-15	1.30e-09	2.68e-05	1.00e+00	1.57e-06	0.00e+00
 5.55663e+14	2.91e-28	4.15e-21	6.72e-15	1.51e-09	2.88e-05	1.00e+00	1.45e-06	0.00e+00
 5.74527e+14	4.06e-28	5.41e-21	8.20e-15	1.72e-09	3.08e-05	1.00e+00	1.36e-06	0.00e+00
 5.95594e+14	5.81e-28	7.21e-21	1.02e-14	1.99e-09	3.31e-05	1.00e+00	1.27e-06	0.00e+00
 6.16864e+14	8.23e-28	9.54e-21	1.26e-14	2.29e-09	3.55e-05	1.00e+00	1.18e-06	0.00e+00
 6.34669e+14	1.09e-27	1.20e-20	1.49e-14	2.56e-09	3.76e-05	1.00e+00	1.11e-06	0.00e+00
 6.53592e+14	1.46e-27	1.51e-20	1.77e-14	2.88e-09	3.99e-05	1.00e+00	1.05e-06	0.00e+00
 6.77588e+14	2.09e-27	2.01e-20	2.20e-14	3.33e-09	4.29e-05	1.00e+00	9.77e-07	0.00e+00
 7.02639e+14	2.99e-27	2.68e-20	2.73e-14	3.85e-09	4.62e-05	1.00e+00	0.00e+00	0.00e+00
 7.24935e+14	4.07e-27	3.43e-20	3.29e-14	4.36e-09	4.92e-05	1.00e+00	0.00e+00	0.00e+00
 7.49190e+14	5.63e-27	4.45e-20	4.01e-14	4.98e-09	5.26e-05	1.00e+00	0.00e+00	0.00e+00
 7.78173e+14	8.17e-27	6.01e-20	5.03e-14	5.79e-09	5.68e-05	1.00e+00	0.00e+00	0.00e+00
 8.07433e+14	1.17e-26	8.04e-20	6.26e-14	6.72e-09	6.12e-05	1.00e+00	0.00e+00	0.00e+00
 8.35000e+14	1.63e-26	1.05e-19	7.65e-14	7.69e-09	6.56e-05	1.00e+00	0.00e+00	0.00e+00
 8.61595e+14	2.21e-26	1.34e-19	9.22e-14	8.72e-09	6.99e-05	1.00e+00	0.00e+00	0.00e+00
 8.91530e+14	3.08e-26	1.75e-19	1.13e-13	1.00e-08	7.50e-05	1.00e+00	0.00e+00	0.00e+00
 9.24525e+14	4.39e-26	2.33e-19	1.40e-13	1.16e-08	8.08e-05	1.00e+00	0.00e+00	0.00e+00
 9.54928e+14	6.02e-26	3.00e-19	1.70e-13	1.32e-08	8.63e-05	1.00e+00	0.00e+00	0.00e+00
 9.87881e+14	8.36e-26	3.91e-19	2.08e-13	1.51e-08	9.25e-05	1.00e+00	0.00e+00	0.00e+00
 1.02469e+15	1.19e-25	5.20e-19	2.58e-13	1.75e-08	9.98e-05	1.00e+00	0.00e+00	0.00e+00
 1.05931e+15	1.64e-25	6.73e-19	3.14e-13	2.00e-08	1.07e-04	1.00e+00	0.00e+00	0.00e+00
 1.09712e+15	2.30e-25	8.85e-19	3.87e-13	2.30e-08	1.15e-04	1.00e+00	0.00e+00	0.00e+00
 1.13910e+15	3.31e-25	1.19e-18	4.83e-13	2.68e-08	1.24e-04	1.00e+00	0.00e+00	0.00e+00
 1.17832e+15	4.59e-25	1.54e-18	5.91e-13	3.07e-08	1.33e-04	1.00e+00	0.00e+00	0.00e+00
 1.22087e+15	6.45e-25	2.03e-18	7.29e-13	3.54e-08	1.43e-04	1.00e+00	0.00e+00	0.00e+00
 1.26842e+15	9.32e-25	2.73e-18	9.14e-13	4.13e-08	1.55e-04	1.00e+00	0.00e+00	0.00e+00
 1.31368e+15	1.31e-24	3.59e-18	1.12e-12	4.75e-08	1.67e-04	1.00e+00	0.00e+00	0.00e+00
 1.36207e+15	1.85e-24	4.76e-18	1.39e-12	5.50e-08	1.80e-04	1.00e+00	0.00e+00	0.00e+00
 1.41658e+15	2.70e-24	6.45e-18	1.76e-12	6.44e-08	1.95e-04	1.00e+00	0.00e+00	0.00e+00
 1.47037e+15	3.87e-24	8.63e-18	2.19e-12	7.48e-08	2.10e-04	1.00e+00	0.00e+00	0.00e+00
 1.52631e+15	5.54e-24	1.15e-17	2.74e-12	8.69e-08	2.27e-04	1.00e+00	0.00e+00	0.00e+00
 1.58368e+15	7.92e-24	1.54e-17	3.40e-12	1.01e-07	2.45e-04	1.00e+00	0.00e+00	0.00e+00
 1.63694e+15	1.09e-23	1.99e-17	4.14e-12	1.15e-07	2.62e-04	1.00e+00	0.00e+00	0.00e+00
 1.69604e+15	1.54e-23	2.62e-17	5.11e-12	1.33e-07	2.82e-04	1.00e+00	0.00e+00	0.00e+00
 1.76087e+15	2.21e-23	3.52e-17	6.39e-12	1.54e-07	3.05e-04	1.00e+00	0.00e+00	0.00e+00
 1.82091e+15	3.06e-23	4.57e-17	7.79e-12	1.77e-07	3.27e-04	1.00e+00	0.00e+00	0.00e+00
 1.87366e+15	4.03e-23	5.72e-17	9.23e-12	1.98e-07	3.46e-04	1.00e+00	0.00e+00	0.00e+00
 1.92948e+15	5.36e-23	7.19e-17	1.10e-11	2.23e-07	3.68e-04	1.00e+00	0.00e+00	0.00e+00
 2.00026e+15	7.60e-23	9.53e-17	1.36e-11	2.57e-07	3.96e-04	1.00e+00	0.00e+00	0.00e+00
 2.07199e+15	1.07e-22	1.26e-16	1.68e-11	2.96e-07	4.26e-04	1.00e+00	0.00e+00	0.00e+00
 2.13265e+15	1.42e-22	1.58e-16	1.99e-11	3.33e-07	4.51e-04	1.00e+00	0.00e+00	0.00e+00
 2.19746e+15	1.90e-22	1.99e-16	2.38e-11	3.75e-07	4.80e-04	1.00e+00	0.00e+00	0.00e+00
 2.27879e+15	2.71e-22	2.65e-16	2.95e-11	4.34e-07	5.17e-04	9.99e-01	0.00e+00	0.00e+00
 2.36272e+15	3.85e-22	3.52e-16	3.66e-11	5.02e-07	5.56e-04	9.99e-01	0.00e+00	0.00e+00
 2.43672e+15	5.21e-22	4.48e-16	4.40e-11	5.68e-07	5.92e-04	9.99e-01	0.00e+00	0.00e+00
 2.51665e+15	7.13e-22	5.77e-16	5.33e-11	6.46e-07	6.33e-04	9.99e-01	0.00e+00	0.00e+00
 2.61308e+15	1.03e-21	7.75e-16	6.67e-11	7.51e-07	6.83e-04	9.99e-01	0.00e+00	0.00e+00
 2.70869e+15	1.46e-21	1.03e-15	8.25e-11	8.68e-07	7.35e-04	9.99e-01	0.00e+00	0.00e+00
 2.79370e+15	1.97e-21	1.31e-15	9.92e-11	9.82e-07	7.83e-04	9.99e-01	0.00e+00	0.00e+00
 2.88721e+15	2.71e-21	1.69e-15	1.21e-10	1.12e-06	8.38e-04	9.99e-01	0.00e+00	0.00e+00
 2.99888e+15	3.92e-21	2.28e-15	1.51e-10	1.30e-06	9.06e-04	9.99e-01	0.00e+00	0.00e+00
 3.10977e+15	5.57e-21	3.03e-15	1.87e-10	1.51e-06	9.76e-04	9.99e-01	0.00e+00	0.00e+00
 3.21076e+15	7.60e-21	3.88e-15	2.26e-10	1.72e-06	1.04e-03	9.99e-01	0.00e+00	0.00e+00
 3.32328e+15	1.06e-20	5.07e-15	2.78e-10	1.97e-06	1.12e-03	9.99e-01	0.00e+00	0.00e+00
 3.45463e+15	1.53e-20	6.84e-15	3.49e-10	2.30e-06	1.21e-03	9.99e-01	0.00e+00	0.00e+00
 3.58381e+15	2.18e-20	9.10e-15	4.34e-10	2.67e-06	1.31e-03	9.99e-01	0.00e+00	0.00e+00
 3.70533e+15	2.99e-20	1.18e-14	5.28e-10	3.05e-06	1.40e-03	9.99e-01	0.00e+00	0.00e+00
 3.84075e+15	4.20e-20	1.55e-14	6.52e-10	3.52e-06	1.51e-03	9.98e-01	0.00e+00	0.00e+00
 3.99441e+15	6.08e-20	2.09e-14	8.22e-10	4.12e-06	1.64e-03	9.98e-01	0.00e+00	0.00e+00
 4.14540e+15	8.59e-20	2.77e-14	1.02e-09	4.78e-06	1.77e-03	9.98e-01	0.00e+00	0.00e+00
 4.29071e+15	1.19e-19	3.60e-14	1.25e-09	5.49e-06	1.91e-03	9.98e-01	0.00e+00	0.00e+00
 4.41974e+15	1.56e-19	4.50e-14	1.49e-09	6.19e-06	2.03e-03	9.98e-01	0.00e+00	0.00e+00
 4.52850e+15	1.95e-19	5.41e-14	1.71e-09	6.82e-06	2.14e-03	9.98e-01	0.00e+00	0.00e+00
 4.64898e+15	2.48e-19	6.58e-14	2.00e-09	7.58e-06	2.26e-03	9.98e-01	0.00e+00	0.00e+00
 4.80559e+15	3.35e-19	8.43e-14	2.42e-09	8.67e-06	2.43e-03	9.98e-01	0.00e+00	0.00e+00
 4.96990e+15	4.54e-19	1.08e-13	2.94e-09	9.92e-06	2.61e-03	9.97e-01	0.00e+00	0.00e+00
 5.11060e+15	5.84e-19	1.33e-13	3.46e-09	1.11e-05	2.77e-03	9.97e-01	0.00e+00	0.00e+00
 5.25989e+15	7.54e-19	1.64e-13	4.09e-09	1.25e-05	2.95e-03	9.97e-01	0.00e+00	0.00e+00
 5.45117e+15	1.03e-18	2.13e-13	5.03e-09	1.44e-05	3.19e-03	9.97e-01	0.00e+00	0.00e+00
 5.64869e+15	1.41e-18	2.76e-13	6.17e-09	1.66e-05	3.45e-03	9.97e-01	0.00e+00	0.00e+00
 5.81807e+15	1.83e-18	3.42e-13	7.32e-09	1.87e-05	3.68e-03	9.96e-01	0.00e+00	0.00e+00
 5.99923e+15	2.38e-18	4.26e-13	8.73e-09	2.11e-05	3.94e-03	9.96e-01	0.00e+00	0.00e+00
 6.22367e+15	3.27e-18	5.55e-13	1.08e-08	2.45e-05	4.28e-03	9.96e-01	0.00e+00	0.00e+00
 6.45359e+15	4.46e-18	7.20e-13	1.33e-08	2.83e-05	4.64e-03	9.95e-01	0.00e+00	0.00e+00
 6.65839e+15	5.81e-18	8.98e-13	1.59e-08	3.21e-05	4.98e-03	9.95e-01	0.00e+00	0.00e+00
 6.88134e+15	7.67e-18	1.13e-12	1.92e-08	3.67e-05	5.36e-03	9.95e-01	0.00e+00	0.00e+00
 7.14752e+15	1.05e-17	1.48e-12	2.38e-08	4.27e-05	5.84e-03	9.94e-01	0.00e+00	0.00e+00
 7.41010e+15	1.42e-17	1.91e-12	2.93e-08	4.93e-05	6.33e-03	9.94e-01	0.00e+00	0.00e+00
 7.64651e+15	1.85e-17	2.38e-12	3.51e-08	5.59e-05	6.80e-03	9.93e-01	0.00e+00	0.00e+00
 7.90867e+15	2.44e-17	3.01e-12	4.25e-08	6.40e-05	7.34e-03	9.93e-01	0.00e+00	0.00e+00
 8.21800e+15	3.35e-17	3.94e-12	5.30e-08	7.46e-05	8.01e-03	9.92e-01	0.00e+00	0.00e+00
 8.52341e+15	4.52e-17	5.08e-12	6.53e-08	8.63e-05	8.70e-03	9.91e-01	0.00e+00	0.00e+00
 8.80582e+15	5.91e-17	6.38e-12	7.88e-08	9.82e-05	9.37e-03	9.91e-01	0.00e+00	0.00e+00
 9.12287e+15	7.90e-17	8.17e-12	9.66e-08	1.13e-04	1.02e-02	9.90e-01	0.00e+00	0.00e+00
 9.48781e+15	1.09e-16	1.08e-11	1.21e-07	1.32e-04	1.11e-02	9.89e-01	0.00e+00	0.00e+00
 9.84517e+15	1.72e-16	1.39e-11	1.50e-07	1.53e-04	1.21e-02	9.88e-01	0.00e+00	0.00e+00
 1.02168e+16	2.36e-16	1.81e-11	1.86e-07	1.78e-04	1.32e-02	9.87e-01	0.00e+00	0.00e+00
 1.05564e+16	3.10e-16	2.27e-11	2.25e-07	2.02e-04	1.42e-02	9.86e-01	0.00e+00	0.00e+00
 1.08078e+16	3.79e-16	2.69e-11	2.58e-07	2.22e-04	1.49e-02	9.85e-01	0.00e+00	0.00e+00
 1.10659e+16	4.61e-16	3.17e-11	2.96e-07	2.44e-04	1.58e-02	9.84e-01	0.00e+00	0.00e+00
 1.14013e+16	5.93e-16	3.91e-11	3.52e-07	2.75e-04	1.69e-02	9.83e-01	0.00e+00	0.00e+00
 1.17662e+16	7.74e-16	4.90e-11	4.24e-07	3.11e-04	1.81e-02	9.82e-01	0.00e+00	0.00e+00
 1.20963e+16	9.78e-16	5.96e-11	4.98e-07	3.47e-04	1.93e-02	9.80e-01	0.00e+00	0.00e+00
 1.24525e+16	1.25e-15	7.33e-11	5.91e-07	3.90e-04	2.06e-02	9.79e-01	0.00e+00	0.00e+00
 1.29069e+16	1.70e-15	9.48e-11	7.31e-07	4.50e-04	2.23e-02	9.77e-01	0.00e+00	0.00e+00
 1.33646e+16	2.29e-15	1.22e-10	8.98e-07	5.16e-04	2.42e-02	9.75e-01	0.00e+00	0.00e+00
 1.37434e+16	2.91e-15	1.49e-10	1.06e-06	5.77e-04	2.57e-02	9.74e-01	0.00e+00	0.00e+00
 1.41442e+16	3.73e-15	1.83e-10	1.26e-06	6.47e-04	2.75e-02	9.72e-01	0.00e+00	0.00e+00
 1.46581e+16	4.98e-15	2.38e-10	1.55e-06	7.46e-04	2.97e-02	9.70e-01	0.00e+00	0.00e+00
 1.52013e+16	6.82e-15	3.10e-10	1.93e-06	8.62e-04	3.23e-02	9.67e-01	0.00e+00	0.00e+00
 1.56863e+16	8.95e-15	3.90e-10	2.33e-06	9.77e-04	3.46e-02	9.64e-01	0.00e+00	0.00e+00
 1.62134e+16	1.19e-14	4.97e-10	2.84e-06	1.11e-03	3.72e-02	9.62e-01	0.00e+00	0.00e+00
 1.68415e+16	1.67e-14	6.60e-10	3.57e-06	1.30e-03	4.05e-02	9.58e-01	0.00e+00	0.00e+00
 1.74630e+16	2.30e-14	8.64e-10	4.44e-06	1.50e-03	4.39e-02	9.55e-01	0.00e+00	0.00e+00
 1.80283e+16	3.04e-14	1.09e-09	5.38e-06	1.70e-03	4.71e-02	9.51e-01	0.00e+00	0.00e+00
 1.86589e+16	4.13e-14	1.41e-09	6.62e-06	1.95e-03	5.08e-02	9.47e-01	0.00e+00	0.00e+00
 1.93957e+16	5.85e-14	1.90e-09	8.38e-06	2.28e-03	5.53e-02	9.42e-01	0.00e+00	0.00e+00
 2.01198e+16	8.10e-14	2.49e-09	1.05e-05	2.63e-03	5.99e-02	9.37e-01	0.00e+00	0.00e+00
 2.08024e+16	1.10e-13	3.21e-09	1.28e-05	3.01e-03	6.43e-02	9.33e-01	0.00e+00	0.00e+00
 2.15642e+16	1.51e-13	4.22e-09	1.59e-05	3.47e-03	6.96e-02	9.27e-01	0.00e+00	0.00e+00
 2.24016e+16	2.14e-13	5.64e-09	2.01e-05	4.04e-03	7.55e-02	9.20e-01	0.00e+00	0.00e+00
 2.30931e+16	2.82e-13	7.12e-09	2.42e-05	4.56e-03	8.06e-02	9.15e-01	0.00e+00	0.00e+00
 2.36100e+16	3.45e-13	8.43e-09	2.77e-05	4.98e-03	8.45e-02	9.10e-01	0.00e+00	0.00e+00
 2.41620e+16	4.26e-13	1.01e-08	3.18e-05	5.46e-03	8.87e-02	9.06e-01	0.00e+00	0.00e+00
 2.48796e+16	5.56e-13	1.26e-08	3.80e-05	6.13e-03	9.44e-02	8.99e-01	0.00e+00	0.00e+00
 2.56704e+16	7.41e-13	1.60e-08	4.60e-05	6.94e-03	1.01e-01	8.92e-01	0.00e+00	0.00e+00
 2.63981e+16	9.59e-13	1.99e-08	5.46e-05	7.75e-03	1.07e-01	8.85e-01	0.00e+00	0.00e+00
 2.71858e+16	1.26e-12	2.50e-08	6.53e-05	8.71e-03	1.14e-01	8.78e-01	0.00e+00	0.00e+00
 2.80721e+16	1.69e-12	3.20e-08	7.94e-05	9.89e-03	1.21e-01	8.69e-01	0.00e+00	0.00e+00
 2.89154e+16	2.22e-12	4.02e-08	9.50e-05	1.11e-02	1.29e-01	8.60e-01	0.00e+00	0.00e+00
 2.98404e+16	2.97e-12	5.13e-08	1.15e-04	1.26e-02	1.37e-01	8.50e-01	0.00e+00	0.00e+00
 3.08737e+16	4.07e-12	6.68e-08	1.41e-04	1.43e-02	1.47e-01	8.39e-01	0.00e+00	0.00e+00
 3.18501e+16	5.42e-12	8.50e-08	1.71e-04	1.62e-02	1.56e-01	8.27e-01	0.00e+00	0.00e+00
 3.29218e+16	7.37e-12	1.10e-07	2.09e-04	1.84e-02	1.67e-01	8.15e-01	0.00e+00	0.00e+00
 3.41169e+16	1.02e-11	1.45e-07	2.59e-04	2.11e-02	1.79e-01	8.00e-01	0.00e+00	0.00e+00
 3.52317e+16	1.38e-11	1.86e-07	3.14e-04	2.39e-02	1.90e-01	7.86e-01	0.00e+00	0.00e+00
 3.64403e+16	1.88e-11	2.41e-07	3.84e-04	2.72e-02	2.02e-01	7.70e-01	0.00e+00	0.00e+00
 3.77894e+16	2.62e-11	3.19e-07	4.77e-04	3.12e-02	2.16e-01	7.52e-01	0.00e+00	0.00e+00
 3.90511e+16	3.54e-11	4.10e-07	5.80e-04	3.53e-02	2.29e-01	7.35e-01	0.00e+00	0.00e+00
 4.04209e+16	4.86e-11	5.34e-07	7.11e-04	4.01e-02	2.43e-01	7.16e-01	0.00e+00	0.00e+00
 4.18782e+16	6.69e-11	6.98e-07	8.75e-04	4.56e-02	2.58e-01	6.95e-01	0.00e+00	0.00e+00
 4.31528e+16	8.79e-11	8.77e-07	1.04e-03	5.09e-02	2.71e-01	6.77e-01	0.00e+00	0.00e+00
 4.42443e+16	1.10e-10	1.06e-06	1.21e-03	5.57e-02	2.82e-01	6.61e-01	0.00e+00	0.00e+00
 4.53938e+16	1.40e-10	1.29e-06	1.40e-03	6.10e-02	2.94e-01	6.44e-01	0.00e+00	0.00e+00
 4.68882e+16	1.88e-10	1.65e-06	1.69e-03	6.84e-02	3.08e-01	6.22e-01	0.00e+00	0.00e+00
 4.83849e+16	2.50e-10	2.09e-06	2.02e-03	7.63e-02	3.22e-01	5.99e-01	0.00e+00	0.00e+00
 4.95813e+16	3.11e-10	2.51e-06	2.32e-03	8.29e-02	3.33e-01	5.82e-01	0.00e+00	0.00e+00
 5.08331e+16	3.90e-10	3.03e-06	2.67e-03	9.02e-02	3.44e-01	5.63e-01	0.00e+00	0.00e+00
 5.24604e+16	5.20e-10	3.83e-06	3.18e-03	1.00e-01	3.58e-01	5.38e-01	0.00e+00	0.00e+00
 5.41548e+16	6.90e-10	4.84e-06	3.79e-03	1.11e-01	3.72e-01	5.13e-01	0.00e+00	0.00e+00
 5.56052e+16	8.71e-10	5.87e-06	4.37e-03	1.21e-01	3.82e-01	4.92e-01	0.00e+00	0.00e+00
 5.71595e+16	1.12e-09	7.20e-06	5.08e-03	1.32e-01	3.93e-01	4.70e-01	0.00e+00	0.00e+00
 5.91801e+16	1.53e-09	9.30e-06	6.13e-03	1.46e-01	4.06e-01	4.41e-01	0.00e+00	0.00e+00
 6.12403e+16	2.05e-09	1.19e-05	7.34e-03	1.62e-01	4.18e-01	4.13e-01	0.00e+00	0.00e+00
 6.29085e+16	2.59e-09	1.43e-05	8.42e-03	1.75e-01	4.26e-01	3.91e-01	0.00e+00	0.00e+00
 6.46339e+16	3.30e-09	1.74e-05	9.70e-03	1.89e-01	4.33e-01	3.69e-01	0.00e+00	0.00e+00
 6.68768e+16	4.46e-09	2.22e-05	1.16e-02	2.07e-01	4.41e-01	3.40e-01	0.00e+00	0.00e+00
 6.91906e+16	5.95e-09	2.80e-05	1.37e-02	2.26e-01	4.46e-01	3.13e-01	0.00e+00	0.00e+00
 7.11288e+16	7.51e-09	3.38e-05	1.56e-02	2.43e-01	4.50e-01	2.92e-01	0.00e+00	0.00e+00
 7.28942e+16	9.26e-09	3.99e-05	1.76e-02	2.58e-01	4.52e-01	2.73e-01	0.00e+00	0.00e+00
 7.49027e+16	1.17e-08	4.82e-05	2.01e-02	2.75e-01	4.52e-01	2.52e-01	0.00e+00	0.00e+00
 7.71517e+16	1.51e-08	5.88e-05	2.31e-02	2.94e-01	4.52e-01	2.31e-01	0.00e+00	0.00e+00
 7.92216e+16	1.88e-08	6.98e-05	2.61e-02	3.12e-01	4.49e-01	2.13e-01	0.00e+00	0.00e+00
 8.11175e+16	2.29e-08	8.16e-05	2.91e-02	3.28e-01	4.46e-01	1.97e-01	0.00e+00	0.00e+00
 8.29670e+16	2.76e-08	9.45e-05	3.22e-02	3.43e-01	4.42e-01	1.82e-01	0.00e+00	0.00e+00
 8.50592e+16	3.42e-08	1.12e-04	3.61e-02	3.61e-01	4.37e-01	1.67e-01	0.00e+00	0.00e+00
 8.72869e+16	4.23e-08	1.32e-04	4.05e-02	3.78e-01	4.30e-01	1.51e-01	0.00e+00	0.00e+00
 8.93660e+16	5.14e-08	1.53e-04	4.49e-02	3.95e-01	4.22e-01	1.38e-01	0.00e+00	0.00e+00
 9.13949e+16	6.19e-08	1.77e-04	4.95e-02	4.10e-01	4.14e-01	1.26e-01	0.00e+00	0.00e+00
 9.36833e+16	7.64e-08	2.08e-04	5.52e-02	4.27e-01	4.04e-01	1.14e-01	0.00e+00	0.00e+00
 9.62649e+16	9.58e-08	2.47e-04	6.20e-02	4.46e-01	3.91e-01	1.01e-01	0.00e+00	0.00e+00
 9.87170e+16	1.17e-07	2.88e-04	6.88e-02	4.62e-01	3.79e-01	9.01e-02	0.00e+00	0.00e+00
 1.01039e+17	1.42e-07	3.34e-04	7.59e-02	4.77e-01	3.66e-01	8.07e-02	0.00e+00	0.00e+00
 1.03292e+17	1.71e-07	3.83e-04	8.33e-02	4.90e-01	3.54e-01	7.23e-02	0.00e+00	0.00e+00
 1.05476e+17	2.04e-07	4.38e-04	9.08e-02	5.03e-01	3.41e-01	6.49e-02	0.00e+00	0.00e+00
 1.07984e+17	2.50e-07	5.10e-04	1.00e-01	5.16e-01	3.26e-01	5.71e-02	0.00e+00	0.00e+00
 1.10795e+17	3.12e-07	6.02e-04	1.12e-01	5.29e-01	3.09e-01	4.93e-02	0.00e+00	0.00e+00
 1.13422e+17	3.79e-07	6.98e-04	1.23e-01	5.40e-01	2.93e-01	4.30e-02	0.00e+00	0.00e+00
 1.15784e+17	4.52e-07	7.96e-04	1.34e-01	5.49e-01	2.78e-01	3.78e-02	0.00e+00	0.00e+00
 1.18377e+17	5.56e-07	9.28e-04	1.47e-01	5.57e-01	2.62e-01	3.26e-02	0.00e+00	0.00e+00
 1.21084e+17	6.72e-07	1.07e-03	1.62e-01	5.64e-01	2.45e-01	2.80e-02	0.00e+00	0.00e+00
 1.23440e+17	7.99e-07	1.22e-03	1.76e-01	5.68e-01	2.31e-01	2.44e-02	0.00e+00	0.00e+00
 1.25657e+17	9.44e-07	1.38e-03	1.89e-01	5.71e-01	2.17e-01	2.13e-02	0.00e+00	0.00e+00
 1.27630e+17	1.09e-06	1.54e-03	2.02e-01	5.72e-01	2.05e-01	1.88e-02	0.00e+00	0.00e+00
 1.29281e+17	1.24e-06	1.69e-03	2.14e-01	5.73e-01	1.95e-01	1.69e-02	0.00e+00	0.00e+00
 1.31078e+17	1.43e-06	1.88e-03	2.28e-01	5.72e-01	1.83e-01	1.49e-02	0.00e+00	0.00e+00
 1.33017e+17	1.64e-06	2.08e-03	2.43e-01	5.70e-01	1.72e-01	1.31e-02	0.00e+00	0.00e+00
 1.34786e+17	1.85e-06	2.28e-03	2.57e-01	5.67e-01	1.62e-01	1.16e-02	0.00e+00	0.00e+00
 1.36730e+17	2.23e-06	2.61e-03	2.75e-01	5.63e-01	1.50e-01	9.88e-03	0.00e+00	0.00e+00
 1.38602e+17	2.49e-06	2.84e-03	2.92e-01	5.57e-01	1.39e-01	8.64e-03	0.00e+00	0.00e+00
 1.40379e+17	3.00e-06	3.25e-03	3.11e-01	5.50e-01	1.28e-01	7.36e-03	0.00e+00	0.00e+00
 1.42101e+17	3.33e-06	3.52e-03	3.27e-01	5.43e-01	1.19e-01	6.44e-03	0.00e+00	0.00e+00
 1.43751e+17	3.99e-06	4.00e-03	3.47e-01	5.34e-01	1.10e-01	5.46e-03	0.00e+00	0.00e+00
 1.45366e+17	4.41e-06	4.32e-03	3.64e-01	5.25e-01	1.01e-01	4.76e-03	0.00e+00	0.00e+00
 1.46937e+17	5.28e-06	4.92e-03	3.85e-01	5.14e-01	9.24e-02	4.00e-03	0.00e+00	0.00e+00
 1.48474e+17	5.98e-06	5.39e-03	4.03e-01	5.03e-01	8.48e-02	3.43e-03	0.00e+00	0.00e+00
 1.49769e+17	6.82e-06	5.92e-03	4.21e-01	4.92e-01	7.81e-02	2.95e-03	0.00e+00	0.00e+00
 1.51253e+17	7.86e-06	6.57e-03	4.41e-01	4.79e-01	7.07e-02	2.48e-03	0.00e+00	0.00e+00
 1.52848e+17	8.91e-06	7.20e-03	4.62e-01	4.65e-01	6.35e-02	2.06e-03	0.00e+00	0.00e+00
 1.54321e+17	1.07e-05	8.22e-03	4.84e-01	4.49e-01	5.65e-02	1.67e-03	0.00e+00	0.00e+00
 1.55557e+17	1.18e-05	8.81e-03	5.01e-01	4.37e-01	5.15e-02	1.43e-03	0.00e+00	0.00e+00
 1.56750e+17	1.39e-05	9.89e-03	5.20e-01	4.22e-01	4.61e-02	1.17e-03	0.00e+00	0.00e+00
 1.57992e+17	1.59e-05	1.09e-02	5.39e-01	4.08e-01	4.13e-02	9.70e-04	0.00e+00	0.00e+00
 1.59297e+17	1.80e-05	1.19e-02	5.58e-01	3.93e-01	3.65e-02	7.88e-04	0.00e+00	0.00e+00
 1.60994e+17	2.28e-05	1.40e-02	5.85e-01	3.70e-01	3.03e-02	5.69e-04	0.00e+00	0.00e+00
 1.62508e+17	2.63e-05	1.55e-02	6.06e-01	3.52e-01	2.59e-02	4.37e-04	0.00e+00	0.00e+00
 1.63404e+17	3.03e-05	1.71e-02	6.20e-01	3.39e-01	2.32e-02	3.59e-04	0.00e+00	0.00e+00
 1.63978e+17	3.24e-05	1.79e-02	6.28e-01	3.32e-01	2.17e-02	3.21e-04	0.00e+00	0.00e+00
 1.64517e+17	3.47e-05	1.88e-02	6.36e-01	3.25e-01	2.02e-02	2.85e-04	0.00e+00	0.00e+00
 1.65218e+17	3.83e-05	2.01e-02	6.46e-01	3.15e-01	1.84e-02	2.42e-04	0.00e+00	0.00e+00
 1.66128e+17	4.33e-05	2.19e-02	6.59e-01	3.03e-01	1.62e-02	1.95e-04	0.00e+00	0.00e+00
 1.67067e+17	4.90e-05	2.38e-02	6.71e-01	2.91e-01	1.42e-02	1.57e-04	0.00e+00	0.00e+00
 1.67846e+17	5.42e-05	2.55e-02	6.81e-01	2.80e-01	1.27e-02	1.30e-04	0.00e+00	0.00e+00
 1.68663e+17	6.09e-05	2.76e-02	6.92e-01	2.69e-01	1.12e-02	1.05e-04	0.00e+00	0.00e+00
 1.69559e+17	6.88e-05	3.00e-02	7.02e-01	2.58e-01	9.78e-03	8.29e-05	0.00e+00	0.00e+00
 1.70386e+17	7.70e-05	3.24e-02	7.11e-01	2.48e-01	8.59e-03	6.65e-05	0.00e+00	0.00e+00
 1.71159e+17	8.59e-05	3.49e-02	7.20e-01	2.38e-01	7.57e-03	5.37e-05	0.00e+00	0.00e+00
 1.72036e+17	9.74e-05	3.80e-02	7.29e-01	2.27e-01	6.51e-03	4.16e-05	0.00e+00	0.00e+00
 1.72972e+17	1.11e-04	4.15e-02	7.37e-01	2.15e-01	5.55e-03	3.17e-05	0.00e+00	0.00e+00
 1.73791e+17	1.24e-04	4.48e-02	7.44e-01	2.06e-01	4.82e-03	2.50e-05	0.00e+00	0.00e+00
 1.74663e+17	1.41e-04	4.88e-02	7.51e-01	1.96e-01	4.10e-03	1.91e-05	0.00e+00	0.00e+00
 1.75607e+17	1.62e-04	5.33e-02	7.58e-01	1.85e-01	3.46e-03	1.43e-05	0.00e+00	0.00e+00
 1.76454e+17	1.82e-04	5.78e-02	7.63e-01	1.76e-01	2.96e-03	1.10e-05	0.00e+00	0.00e+00
 1.77235e+17	2.04e-04	6.22e-02	7.68e-01	1.68e-01	2.55e-03	8.58e-06	0.00e+00	0.00e+00
 1.78127e+17	2.33e-04	6.78e-02	7.72e-01	1.58e-01	2.14e-03	6.39e-06	0.00e+00	0.00e+00
 1.79099e+17	2.68e-04	7.44e-02	7.75e-01	1.48e-01	1.77e-03	4.66e-06	0.00e+00	0.00e+00
 1.79972e+17	3.04e-04	8.08e-02	7.78e-01	1.40e-01	1.49e-03	3.50e-06	0.00e+00	0.00e+00
 1.80771e+17	3.42e-04	8.72e-02	7.79e-01	1.32e-01	1.27e-03	2.68e-06	0.00e+00	0.00e+00
 1.81679e+17	3.92e-04	9.52e-02	7.80e-01	1.23e-01	1.05e-03	1.96e-06	0.00e+00	0.00e+00
 1.82672e+17	4.55e-04	1.05e-01	7.80e-01	1.15e-01	8.55e-04	1.39e-06	0.00e+00	0.00e+00
 1.83564e+17	5.21e-04	1.14e-01	7.78e-01	1.07e-01	7.08e-04	1.02e-06	0.00e+00	0.00e+00
 1.84372e+17	5.88e-04	1.23e-01	7.76e-01	9.99e-02	5.95e-04	7.71e-07	0.00e+00	0.00e+00
 1.85283e+17	6.79e-04	1.35e-01	7.72e-01	9.23e-02	4.85e-04	0.00e+00	0.00e+00	0.00e+00
 1.86286e+17	7.95e-04	1.49e-01	7.66e-01	8.43e-02	3.87e-04	0.00e+00	0.00e+00	0.00e+00
 1.87191e+17	9.17e-04	1.63e-01	7.59e-01	7.74e-02	3.15e-04	0.00e+00	0.00e+00	0.00e+00
 1.88015e+17	1.05e-03	1.77e-01	7.51e-01	7.12e-02	2.58e-04	0.00e+00	0.00e+00	0.00e+00
 1.88951e+17	1.22e-03	1.94e-01	7.40e-01	6.44e-02	2.05e-04	0.00e+00	0.00e+00	0.00e+00
 1.89975e+17	1.45e-03	2.15e-01	7.26e-01	5.74e-02	1.59e-04	0.00e+00	0.00e+00	0.00e+00
 1.90898e+17	1.70e-03	2.37e-01	7.10e-01	5.13e-02	1.25e-04	0.00e+00	0.00e+00	0.00e+00
 1.91731e+17	1.97e-03	2.58e-01	6.94e-01	4.61e-02	9.95e-05	0.00e+00	0.00e+00	0.00e+00
 1.92661e+17	2.32e-03	2.84e-01	6.73e-01	4.05e-02	7.63e-05	0.00e+00	0.00e+00	0.00e+00
 1.93706e+17	2.80e-03	3.17e-01	6.46e-01	3.46e-02	5.60e-05	0.00e+00	0.00e+00	0.00e+00
 1.94691e+17	3.36e-03	3.51e-01	6.16e-01	2.94e-02	4.11e-05	0.00e+00	0.00e+00	0.00e+00
 1.95589e+17	3.99e-03	3.85e-01	5.86e-01	2.50e-02	3.05e-05	0.00e+00	0.00e+00	0.00e+00
 1.96452e+17	4.72e-03	4.21e-01	5.53e-01	2.10e-02	2.24e-05	0.00e+00	0.00e+00	0.00e+00
 1.97444e+17	5.73e-03	4.66e-01	5.12e-01	1.70e-02	1.54e-05	0.00e+00	0.00e+00	0.00e+00
 1.98487e+17	7.08e-03	5.17e-01	4.63e-01	1.31e-02	1.00e-05	0.00e+00	0.00e+00	0.00e+00
 1.99341e+17	8.44e-03	5.61e-01	4.20e-01	1.04e-02	6.89e-06	0.00e+00	0.00e+00	0.00e+00
 2.00043e+17	9.79e-03	5.99e-01	3.83e-01	8.39e-03	4.92e-06	0.00e+00	0.00e+00	0.00e+00
 2.00683e+17	1.12e-02	6.33e-01	3.49e-01	6.81e-03	3.56e-06	0.00e+00	0.00e+00	0.00e+00
 2.01397e+17	1.30e-02	6.71e-01	3.11e-01	5.29e-03	2.42e-06	0.00e+00	0.00e+00	0.00e+00
 2.02146e+17	1.53e-02	7.11e-01	2.69e-01	3.93e-03	1.56e-06	0.00e+00	0.00e+00	0.00e+00
 2.02752e+17	1.76e-02	7.44e-01	2.36e-01	3.01e-03	1.05e-06	0.00e+00	0.00e+00	0.00e+00
 2.03239e+17	1.95e-02	7.68e-01	2.11e-01	2.40e-03	7.62e-07	0.00e+00	0.00e+00	0.00e+00
 2.03762e+17	2.20e-02	7.92e-01	1.84e-01	1.85e-03	0.00e+00	0.00e+00	0.00e+00	0.00e+00
 2.04348e+17	2.52e-02	8.17e-01	1.56e-01	1.35e-03	0.00e+00	0.00e+00	0.00e+00	0.00e+00
 2.04877e+17	2.86e-02	8.38e-01	1.32e-01	9.85e-04	0.00e+00	0.00e+00	0.00e+00	0.00e+00
 2.05321e+17	3.17e-02	8.53e-01	1.14e-01	7.51e-04	0.00e+00	0.00e+00	0.00e+00	0.00e+00
 2.05791e+17	3.56e-02	8.67e-01	9.67e-02	5.52e-04	0.00e+00	0.00e+00	0.00e+00	0.00e+00
 2.06312e+17	4.06e-02	8.80e-01	7.89e-02	3.82e-04	0.00e+00	0.00e+00	0.00e+00	0.00e+00
 2.06773e+17	4.59e-02	8.89e-01	6.49e-02	2.68e-04	0.00e+00	0.00e+00	0.00e+00	0.00e+00
 2.07161e+17	5.09e-02	8.94e-01	5.45e-02	1.97e-04	0.00e+00	0.00e+00	0.00e+00	0.00e+00
 2.07578e+17	5.71e-02	8.98e-01	4.48e-02	1.38e-04	0.00e+00	0.00e+00	0.00e+00	0.00e+00
 2.08040e+17	6.52e-02	8.99e-01	3.54e-02	9.13e-05	0.00e+00	0.00e+00	0.00e+00	0.00e+00
 2.08455e+17	7.38e-02	8.98e-01	2.83e-02	6.16e-05	0.00e+00	0.00e+00	0.00e+00	0.00e+00
 2.08814e+17	8.23e-02	8.95e-01	2.31e-02	4.32e-05	0.00e+00	0.00e+00	0.00e+00	0.00e+00
 2.09200e+17	9.29e-02	8.89e-01	1.84e-02	2.90e-05	0.00e+00	0.00e+00	0.00e+00	0.00e+00
 2.09585e+17	1.05e-01	8.80e-01	1.44e-02	1.90e-05	0.00e+00	0.00e+00	0.00e+00	0.00e+00
 2.09893e+17	1.17e-01	8.72e-01	1.18e-02	1.34e-05	0.00e+00	0.00e+00	0.00e+00	0.00e+00
 2.10165e+17	1.28e-01	8.62e-01	9.77e-03	9.76e-06	0.00e+00	0.00e+00	0.00e+00	0.00e+00
 2.10460e+17	1.41e-01	8.51e-01	7.94e-03	6.83e-06	0.00e+00	0.00e+00	0.00e+00	0.00e+00
 2.10777e+17	1.58e-01	8.36e-01	6.30e-03	4.59e-06	0.00e+00	0.00e+00	0.00e+00	0.00e+00
 2.11061e+17	1.74e-01	8.21e-01	5.06e-03	3.17e-06	0.00e+00	0.00e+00	0.00e+00	0.00e+00
 2.11301e+17	1.90e-01	8.06e-01	4.20e-03	2.31e-06	0.00e+00	0.00e+00	0.00e+00	0.00e+00
 2.11515e+17	2.05e-01	7.92e-01	3.53e-03	1.73e-06	0.00e+00	0.00e+00	0.00e+00	0.00e+00
 2.11679e+17	2.16e-01	7.80e-01	3.09e-03	1.38e-06	0.00e+00	0.00e+00	0.00e+00	0.00e+00
 2.11792e+17	2.25e-01	7.72e-01	2.82e-03	1.18e-06	0.00e+00	0.00e+00	0.00e+00	0.00e+00
 2.11904e+17	2.34e-01	7.63e-01	2.57e-03	1.01e-06	0.00e+00	0.00e+00	0.00e+00	0.00e+00
 2.12037e+17	2.45e-01	7.52e-01	2.29e-03	8.34e-07	0.00e+00	0.00e+00	0.00e+00	0.00e+00
 2.12177e+17	2.58e-01	7.40e-01	2.02e-03	0.00e+00	0.00e+00	0.00e+00	0.00e+00	0.00e+00
 2.12304e+17	2.69e-01	7.29e-01	1.81e-03	0.00e+00	0.00e+00	0.00e+00	0.00e+00	0.00e+00
 2.12424e+17	2.81e-01	7.18e-01	1.63e-03	0.00e+00	0.00e+00	0.00e+00	0.00e+00	0.00e+00
 2.12545e+17	2.92e-01	7.06e-01	1.46e-03	0.00e+00	0.00e+00	0.00e+00	0.00e+00	0.00e+00
 2.12669e+17	3.05e-01	6.93e-01	1.30e-03	0.00e+00	0.00e+00	0.00e+00	0.00e+00	0.00e+00
 2.12794e+17	3.19e-01	6.80e-01	1.16e-03	0.00e+00	0.00e+00	0.00e+00	0.00e+00	0.00e+00
 2.12914e+17	3.32e-01	6.67e-01	1.03e-03	0.00e+00	0.00e+00	0.00e+00	0.00e+00	0.00e+00
 2.13031e+17	3.45e-01	6.54e-01	9.23e-04	0.00e+00	0.00e+00	0.00e+00	0.00e+00	0.00e+00
 2.13151e+17	3.59e-01	6.40e-01	8.21e-04	0.00e+00	0.00e+00	0.00e+00	0.00e+00	0.00e+00
 2.13271e+17	3.73e-01	6.26e-01	7.29e-04	0.00e+00	0.00e+00	0.00e+00	0.00e+00	0.00e+00
 2.13390e+17	3.88e-01	6.12e-01	6.47e-04	0.00e+00	0.00e+00	0.00e+00	0.00e+00	0.00e+00
 2.13507e+17	4.03e-01	5.97e-01	5.75e-04	0.00e+00	0.00e+00	0.00e+00	0.00e+00	0.00e+00
 2.13625e+17	4.18e-01	5.81e-01	5.09e-04	0.00e+00	0.00e+00	0.00e+00	0.00e+00	0.00e+00
 2.13744e+17	4.34e-01	5.66e-01	4.50e-04	0.00e+00	0.00e+00	0.00e+00	0.00e+00	0.00e+00
 2.13861e+17	4.50e-01	5.50e-01	3.98e-04	0.00e+00	0.00e+00	0.00e+00	0.00e+00	0.00e+00
 2.13976e+17	4.66e-01	5.34e-01	3.52e-04	0.00e+00	0.00e+00	0.00e+00	0.00e+00	0.00e+00
 2.14093e+17	4.82e-01	5.18e-01	3.10e-04	0.00e+00	0.00e+00	0.00e+00	0.00e+00	0.00e+00
 2.14212e+17	4.99e-01	5.01e-01	2.72e-04	0.00e+00	0.00e+00	0.00e+00	0.00e+00	0.00e+00
 2.14330e+17	5.16e-01	4.83e-01	2.39e-04	0.00e+00	0.00e+00	0.00e+00	0.00e+00	0.00e+00
 2.14447e+17	5.34e-01	4.66e-01	2.10e-04	0.00e+00	0.00e+00	0.00e+00	0.00e+00	0.00e+00
