#depth	N	N+	N+2	N+3	N+4	N+5	N+6	N+7
 1.49634e+10	0.00e+00	1.59e-33	1.65e-24	3.07e-16	9.95e-09	9.96e-01	3.92e-03	0.00e+00
 4.54887e+10	2.48e-43	2.22e-33	2.13e-24	3.65e-16	1.09e-08	9.96e-01	3.59e-03	5.65e-09
 7.72350e+10	0.00e+00	3.11e-33	2.75e-24	4.34e-16	1.19e-08	9.97e-01	3.29e-03	0.00e+00
 1.10251e+11	5.76e-43	4.37e-33	3.56e-24	5.17e-16	1.30e-08	9.97e-01	3.01e-03	0.00e+00
 1.42166e+11	0.00e+00	5.99e-33	4.52e-24	6.08e-16	1.41e-08	9.97e-01	2.77e-03	0.00e+00
 1.72074e+11	1.22e-42	7.97e-33	5.62e-24	7.05e-16	1.52e-08	9.97e-01	2.57e-03	0.00e+00
 2.05600e+11	0.00e+00	1.09e-32	7.11e-24	8.28e-16	1.65e-08	9.98e-01	2.37e-03	0.00e+00
 2.43751e+11	2.74e-42	1.53e-32	9.22e-24	9.89e-16	1.80e-08	9.98e-01	2.17e-03	0.00e+00
 2.81575e+11	0.00e+00	2.12e-32	1.18e-23	1.17e-15	1.97e-08	9.98e-01	1.99e-03	0.00e+00
 3.20913e+11	6.16e-42	2.94e-32	1.52e-23	1.39e-15	2.14e-08	9.98e-01	1.82e-03	0.00e+00
 3.63676e+11	0.00e+00	4.14e-32	1.97e-23	1.66e-15	2.35e-08	9.98e-01	1.66e-03	0.00e+00
 4.07008e+11	1.43e-41	5.77e-32	2.54e-23	1.98e-15	2.57e-08	9.98e-01	1.52e-03	0.00e+00
 4.52073e+11	0.00e+00	8.07e-32	3.29e-23	2.36e-15	2.82e-08	9.99e-01	1.39e-03	0.00e+00
 4.98491e+11	3.26e-41	1.12e-31	4.24e-23	2.82e-15	3.08e-08	9.99e-01	1.27e-03	0.00e+00
 5.46766e+11	0.00e+00	1.57e-31	5.47e-23	3.36e-15	3.38e-08	9.99e-01	1.16e-03	0.00e+00
 5.98563e+11	7.52e-41	2.21e-31	7.12e-23	4.04e-15	3.71e-08	9.99e-01	1.06e-03	0.00e+00
 6.52432e+11	0.00e+00	3.11e-31	9.27e-23	4.85e-15	4.08e-08	9.99e-01	9.65e-04	0.00e+00
 7.08456e+11	1.75e-40	4.38e-31	1.21e-22	5.83e-15	4.49e-08	9.99e-01	8.78e-04	0.00e+00
 7.66721e+11	0.00e+00	6.16e-31	1.57e-22	7.01e-15	4.94e-08	9.99e-01	7.99e-04	0.00e+00
 8.27317e+11	4.06e-40	8.66e-31	2.05e-22	8.43e-15	5.44e-08	9.99e-01	7.27e-04	0.00e+00
 8.82254e+11	0.00e+00	1.16e-30	2.58e-22	9.92e-15	5.92e-08	9.99e-01	6.68e-04	0.00e+00
 9.28244e+11	7.85e-40	1.48e-30	3.11e-22	1.13e-14	6.34e-08	9.99e-01	6.25e-04	0.00e+00
 9.78721e+11	0.00e+00	1.91e-30	3.79e-22	1.30e-14	6.83e-08	9.99e-01	5.81e-04	0.00e+00
 1.04236e+12	1.57e-39	2.60e-30	4.83e-22	1.54e-14	7.47e-08	9.99e-01	5.32e-04	0.00e+00
 1.10859e+12	0.00e+00	3.55e-30	6.15e-22	1.83e-14	8.18e-08	1.00e+00	4.87e-04	0.00e+00
 1.16538e+12	3.14e-39	4.58e-30	7.51e-22	2.11e-14	8.82e-08	1.00e+00	4.52e-04	0.00e+00
 1.22439e+12	0.00e+00	5.92e-30	9.18e-22	2.44e-14	9.51e-08	1.00e+00	4.20e-04	0.00e+00
 1.29787e+12	6.23e-39	8.04e-30	1.17e-21	2.90e-14	1.04e-07	1.00e+00	3.84e-04	0.00e+00
 1.37228e+12	0.00e+00	1.08e-29	1.48e-21	3.43e-14	1.14e-07	1.00e+00	3.51e-04	0.00e+00
 1.43714e+12	1.21e-38	1.39e-29	1.80e-21	3.95e-14	1.23e-07	1.00e+00	3.26e-04	0.00e+00
 1.50745e+12	0.00e+00	1.80e-29	2.21e-21	4.58e-14	1.33e-07	1.00e+00	3.02e-04	0.00e+00
 1.59309e+12	2.41e-38	2.45e-29	2.81e-21	5.45e-14	1.46e-07	1.00e+00	2.76e-04	0.00e+00
 1.68027e+12	0.00e+00	3.30e-29	3.56e-21	6.46e-14	1.60e-07	1.00e+00	2.52e-04	0.00e+00
 1.76024e+12	4.74e-38	4.28e-29	4.37e-21	7.50e-14	1.73e-07	1.00e+00	2.33e-04	0.00e+00
 1.84925e+12	0.00e+00	5.66e-29	5.46e-21	8.80e-14	1.88e-07	1.00e+00	2.14e-04	0.00e+00
 1.95252e+12	9.70e-38	7.73e-29	6.99e-21	1.05e-13	2.07e-07	1.00e+00	1.95e-04	0.00e+00
 2.05443e+12	0.00e+00	1.04e-28	8.82e-21	1.24e-13	2.27e-07	1.00e+00	1.79e-04	0.00e+00
 2.15201e+12	1.92e-37	1.36e-28	1.09e-20	1.45e-13	2.47e-07	1.00e+00	1.65e-04	0.00e+00
 2.25959e+12	0.00e+00	1.81e-28	1.37e-20	1.71e-13	2.69e-07	1.00e+00	1.51e-04	0.00e+00
 2.37990e+12	3.92e-37	2.45e-28	1.75e-20	2.04e-13	2.96e-07	1.00e+00	1.38e-04	0.00e+00
 2.48925e+12	0.00e+00	3.20e-28	2.16e-20	2.38e-13	3.21e-07	1.00e+00	1.27e-04	0.00e+00
 2.58122e+12	7.05e-37	3.98e-28	2.56e-20	2.69e-13	3.44e-07	1.00e+00	1.19e-04	0.00e+00
 2.68233e+12	0.00e+00	5.02e-28	3.07e-20	3.07e-13	3.69e-07	1.00e+00	1.11e-04	0.00e+00
 2.79647e+12	1.27e-36	6.46e-28	3.75e-20	3.55e-13	3.98e-07	1.00e+00	1.03e-04	0.00e+00
 2.90577e+12	0.00e+00	8.15e-28	4.51e-20	4.05e-13	4.28e-07	1.00e+00	9.57e-05	0.00e+00
 3.02607e+12	2.27e-36	1.05e-27	5.49e-20	4.67e-13	4.62e-07	1.00e+00	8.88e-05	0.00e+00
 3.15968e+12	0.00e+00	1.36e-27	6.78e-20	5.43e-13	5.01e-07	1.00e+00	8.20e-05	0.00e+00
 3.28489e+12	4.20e-36	1.74e-27	8.20e-20	6.22e-13	5.39e-07	1.00e+00	7.62e-05	0.00e+00
 3.42192e+12	0.00e+00	2.24e-27	1.00e-19	7.19e-13	5.82e-07	1.00e+00	7.07e-05	0.00e+00
 3.57603e+12	8.02e-36	2.95e-27	1.25e-19	8.40e-13	6.33e-07	1.00e+00	6.51e-05	0.00e+00
 3.72325e+12	0.00e+00	3.81e-27	1.52e-19	9.69e-13	6.83e-07	1.00e+00	6.04e-05	0.00e+00
 3.88465e+12	1.52e-35	4.99e-27	1.88e-19	1.13e-12	7.41e-07	1.00e+00	5.57e-05	0.00e+00
 4.05535e+12	0.00e+00	6.56e-27	2.34e-19	1.32e-12	8.05e-07	1.00e+00	5.13e-05	0.00e+00
 4.20453e+12	2.81e-35	8.27e-27	2.80e-19	1.50e-12	8.63e-07	1.00e+00	4.79e-05	0.00e+00
 4.36396e+12	0.00e+00	1.05e-26	3.39e-19	1.71e-12	9.26e-07	1.00e+00	4.46e-05	0.00e+00
 4.55812e+12	5.33e-35	1.40e-26	4.23e-19	2.01e-12	1.01e-06	1.00e+00	4.11e-05	0.00e+00
 4.75206e+12	0.00e+00	1.83e-26	5.23e-19	2.33e-12	1.09e-06	1.00e+00	3.79e-05	0.00e+00
 4.92310e+12	9.83e-35	2.31e-26	6.27e-19	2.66e-12	1.17e-06	1.00e+00	3.55e-05	0.00e+00
 5.10974e+12	0.00e+00	2.96e-26	7.60e-19	3.04e-12	1.26e-06	1.00e+00	3.30e-05	0.00e+00
 5.33450e+12	1.88e-34	3.93e-26	9.50e-19	3.56e-12	1.37e-06	1.00e+00	3.04e-05	0.00e+00
 5.55962e+12	2.63e-34	5.17e-26	1.18e-18	4.15e-12	1.48e-06	1.00e+00	2.80e-05	0.00e+00
 5.76443e+12	3.54e-34	6.60e-26	1.42e-18	4.74e-12	1.59e-06	1.00e+00	2.62e-05	0.00e+00
 5.99201e+12	4.87e-34	8.57e-26	1.74e-18	5.46e-12	1.71e-06	1.00e+00	2.43e-05	0.00e+00
 6.25802e+12	6.97e-34	1.15e-25	2.19e-18	6.42e-12	1.87e-06	1.00e+00	2.23e-05	0.00e+00
 6.52050e+12	9.82e-34	1.52e-25	2.72e-18	7.47e-12	2.02e-06	1.00e+00	2.06e-05	0.00e+00
 6.76854e+12	1.34e-33	1.96e-25	3.32e-18	8.58e-12	2.18e-06	1.00e+00	1.92e-05	0.00e+00
 7.04426e+12	1.88e-33	2.58e-25	4.11e-18	9.96e-12	2.35e-06	1.00e+00	1.77e-05	0.00e+00
 7.35596e+12	2.71e-33	3.48e-25	5.18e-18	1.17e-11	2.56e-06	1.00e+00	1.63e-05	0.00e+00
 7.66916e+12	3.87e-33	4.65e-25	6.49e-18	1.37e-11	2.78e-06	1.00e+00	1.50e-05	0.00e+00
 7.99489e+12	5.53e-33	6.22e-25	8.12e-18	1.60e-11	3.02e-06	1.00e+00	1.39e-05	0.00e+00
 8.34461e+12	7.99e-33	8.39e-25	1.02e-17	1.88e-11	3.28e-06	1.00e+00	1.27e-05	0.00e+00
 8.70832e+12	1.16e-32	1.13e-24	1.29e-17	2.21e-11	3.57e-06	1.00e+00	1.17e-05	0.00e+00
 9.06635e+12	1.65e-32	1.51e-24	1.61e-17	2.57e-11	3.86e-06	1.00e+00	1.08e-05	0.00e+00
 9.39947e+12	2.26e-32	1.95e-24	1.96e-17	2.94e-11	4.15e-06	1.00e+00	1.01e-05	0.00e+00
 9.70017e+12	2.98e-32	2.44e-24	2.33e-17	3.32e-11	4.41e-06	1.00e+00	9.49e-06	0.00e+00
 1.00226e+13	3.98e-32	3.09e-24	2.79e-17	3.75e-11	4.71e-06	1.00e+00	8.91e-06	0.00e+00
 1.04239e+13	5.64e-32	4.10e-24	3.47e-17	4.35e-11	5.08e-06	1.00e+00	8.25e-06	0.00e+00
 1.08262e+13	7.90e-32	5.38e-24	4.27e-17	5.03e-11	5.48e-06	1.00e+00	7.66e-06	0.00e+00
 1.11723e+13	1.05e-31	6.77e-24	5.09e-17	5.67e-11	5.83e-06	1.00e+00	7.21e-06	0.00e+00
 1.15466e+13	1.41e-31	8.61e-24	6.12e-17	6.42e-11	6.21e-06	1.00e+00	6.76e-06	0.00e+00
 1.20084e+13	2.02e-31	1.15e-23	7.62e-17	7.46e-11	6.71e-06	1.00e+00	6.26e-06	0.00e+00
 1.24698e+13	2.84e-31	1.51e-23	9.41e-17	8.61e-11	7.22e-06	1.00e+00	5.82e-06	0.00e+00
 1.28682e+13	3.79e-31	1.91e-23	1.12e-16	9.71e-11	7.68e-06	1.00e+00	5.47e-06	0.00e+00
 1.32988e+13	5.13e-31	2.44e-23	1.35e-16	1.10e-10	8.19e-06	1.00e+00	5.13e-06	0.00e+00
 1.38279e+13	7.34e-31	3.25e-23	1.68e-16	1.28e-10	8.84e-06	1.00e+00	4.76e-06	0.00e+00
 1.43620e+13	1.04e-30	4.32e-23	2.09e-16	1.48e-10	9.52e-06	1.00e+00	4.42e-06	0.00e+00
 1.48354e+13	1.41e-30	5.51e-23	2.51e-16	1.67e-10	1.01e-05	1.00e+00	4.15e-06	0.00e+00
 1.53530e+13	1.94e-30	7.12e-23	3.05e-16	1.91e-10	1.08e-05	1.00e+00	3.88e-06	0.00e+00
 1.59735e+13	2.81e-30	9.59e-23	3.82e-16	2.22e-10	1.17e-05	1.00e+00	3.59e-06	0.00e+00
 1.65918e+13	4.02e-30	1.28e-22	4.74e-16	2.57e-10	1.26e-05	1.00e+00	3.34e-06	0.00e+00
 1.71553e+13	5.51e-30	1.65e-22	5.74e-16	2.92e-10	1.35e-05	1.00e+00	3.13e-06	0.00e+00
 1.77835e+13	7.74e-30	2.16e-22	7.06e-16	3.36e-10	1.44e-05	1.00e+00	2.92e-06	0.00e+00
 1.85163e+13	1.13e-29	2.94e-22	8.90e-16	3.93e-10	1.56e-05	1.00e+00	2.70e-06	0.00e+00
 1.92384e+13	1.63e-29	3.93e-22	1.11e-15	4.55e-10	1.68e-05	1.00e+00	2.50e-06	0.00e+00
 1.99224e+13	2.28e-29	5.14e-22	1.36e-15	5.21e-10	1.80e-05	1.00e+00	2.34e-06	0.00e+00
 2.06822e+13	3.25e-29	6.84e-22	1.68e-15	6.02e-10	1.94e-05	1.00e+00	2.17e-06	0.00e+00
 2.15394e+13	4.79e-29	9.34e-22	2.13e-15	7.05e-10	2.10e-05	1.00e+00	2.01e-06	0.00e+00
 2.24012e+13	6.98e-29	1.26e-21	2.67e-15	8.20e-10	2.26e-05	1.00e+00	1.86e-06	0.00e+00
 2.32976e+13	1.02e-28	1.71e-21	3.35e-15	9.55e-10	2.44e-05	1.00e+00	1.72e-06	0.00e+00
 2.42594e+13	1.50e-28	2.33e-21	4.24e-15	1.12e-09	2.65e-05	1.00e+00	1.59e-06	0.00e+00
 2.51913e+13	2.15e-28	3.11e-21	5.27e-15	1.30e-09	2.85e-05	1.00e+00	1.48e-06	0.00e+00
 2.60685e+13	2.99e-28	4.05e-21	6.43e-15	1.48e-09	3.05e-05	1.00e+00	1.38e-06	0.00e+00
 2.70492e+13	4.26e-28	5.39e-21	7.97e-15	1.71e-09	3.28e-05	1.00e+00	1.28e-06	0.00e+00
 2.80374e+13	6.00e-28	7.10e-21	9.82e-15	1.97e-09	3.52e-05	1.00e+00	1.20e-06	0.00e+00
 2.88589e+13	7.93e-28	8.88e-21	1.16e-14	2.20e-09	3.72e-05	1.00e+00	1.13e-06	0.00e+00
 2.97292e+13	1.05e-27	1.12e-20	1.38e-14	2.47e-09	3.95e-05	1.00e+00	1.07e-06	0.00e+00
 3.08405e+13	1.50e-27	1.48e-20	1.71e-14	2.86e-09	4.25e-05	1.00e+00	9.91e-07	0.00e+00
 3.20057e+13	2.14e-27	1.97e-20	2.12e-14	3.31e-09	4.58e-05	1.00e+00	0.00e+00	0.00e+00
 3.30379e+13	2.90e-27	2.52e-20	2.56e-14	3.74e-09	4.87e-05	1.00e+00	0.00e+00	0.00e+00
 3.41568e+13	3.99e-27	3.25e-20	3.10e-14	4.27e-09	5.21e-05	1.00e+00	0.00e+00	0.00e+00
 3.54999e+13	5.76e-27	4.37e-20	3.89e-14	4.97e-09	5.63e-05	1.00e+00	0.00e+00	0.00e+00
 3.68595e+13	8.25e-27	5.84e-20	4.84e-14	5.76e-09	6.07e-05	1.00e+00	0.00e+00	0.00e+00
 3.81351e+13	1.14e-26	7.59e-20	5.90e-14	6.59e-09	6.50e-05	1.00e+00	0.00e+00	0.00e+00
 3.93660e+13	1.55e-26	9.68e-20	7.11e-14	7.48e-09	6.93e-05	1.00e+00	0.00e+00	0.00e+00
 4.07555e+13	2.15e-26	1.26e-19	8.70e-14	8.58e-09	7.44e-05	1.00e+00	0.00e+00	0.00e+00
 4.22884e+13	3.05e-26	1.68e-19	1.08e-13	9.93e-09	8.02e-05	1.00e+00	0.00e+00	0.00e+00
 4.37026e+13	4.18e-26	2.16e-19	1.31e-13	1.13e-08	8.57e-05	1.00e+00	0.00e+00	0.00e+00
 4.52361e+13	5.80e-26	2.81e-19	1.60e-13	1.30e-08	9.19e-05	1.00e+00	0.00e+00	0.00e+00
 4.69482e+13	8.25e-26	3.74e-19	1.99e-13	1.50e-08	9.92e-05	1.00e+00	0.00e+00	0.00e+00
 4.85575e+13	1.14e-25	4.85e-19	2.42e-13	1.72e-08	1.06e-04	1.00e+00	0.00e+00	0.00e+00
 5.03141e+13	1.59e-25	6.36e-19	2.98e-13	1.98e-08	1.14e-04	1.00e+00	0.00e+00	0.00e+00
 5.22656e+13	2.28e-25	8.52e-19	3.73e-13	2.30e-08	1.23e-04	1.00e+00	0.00e+00	0.00e+00
 5.40894e+13	3.17e-25	1.11e-18	4.56e-13	2.64e-08	1.32e-04	1.00e+00	0.00e+00	0.00e+00
 5.60686e+13	4.45e-25	1.46e-18	5.62e-13	3.04e-08	1.43e-04	1.00e+00	0.00e+00	0.00e+00
 5.82797e+13	6.42e-25	1.96e-18	7.05e-13	3.55e-08	1.54e-04	1.00e+00	0.00e+00	0.00e+00
 6.03843e+13	9.00e-25	2.58e-18	8.68e-13	4.09e-08	1.66e-04	1.00e+00	0.00e+00	0.00e+00
 6.26346e+13	1.27e-24	3.42e-18	1.08e-12	4.73e-08	1.79e-04	1.00e+00	0.00e+00	0.00e+00
 6.51699e+13	1.86e-24	4.64e-18	1.36e-12	5.54e-08	1.94e-04	1.00e+00	0.00e+00	0.00e+00
 6.76714e+13	2.66e-24	6.20e-18	1.69e-12	6.44e-08	2.09e-04	1.00e+00	0.00e+00	0.00e+00
 7.02730e+13	3.82e-24	8.29e-18	2.11e-12	7.49e-08	2.26e-04	1.00e+00	0.00e+00	0.00e+00
 7.29398e+13	5.44e-24	1.10e-17	2.63e-12	8.69e-08	2.44e-04	1.00e+00	0.00e+00	0.00e+00
 7.54130e+13	7.49e-24	1.43e-17	3.20e-12	9.92e-08	2.61e-04	1.00e+00	0.00e+00	0.00e+00
 7.81592e+13	1.05e-23	1.88e-17	3.95e-12	1.14e-07	2.81e-04	1.00e+00	0.00e+00	0.00e+00
 8.11741e+13	1.52e-23	2.52e-17	4.94e-12	1.33e-07	3.04e-04	1.00e+00	0.00e+00	0.00e+00
 8.39647e+13	2.10e-23	3.28e-17	6.03e-12	1.52e-07	3.25e-04	1.00e+00	0.00e+00	0.00e+00
 8.64160e+13	2.77e-23	4.10e-17	7.14e-12	1.71e-07	3.45e-04	1.00e+00	0.00e+00	0.00e+00
 8.90116e+13	3.68e-23	5.16e-17	8.50e-12	1.92e-07	3.66e-04	1.00e+00	0.00e+00	0.00e+00
 9.23031e+13	5.22e-23	6.84e-17	1.05e-11	2.22e-07	3.94e-04	1.00e+00	0.00e+00	0.00e+00
 9.56380e+13	7.36e-23	9.02e-17	1.30e-11	2.56e-07	4.24e-04	1.00e+00	0.00e+00	0.00e+00
 9.84587e+13	9.74e-23	1.13e-16	1.54e-11	2.87e-07	4.50e-04	1.00e+00	0.00e+00	0.00e+00
 1.01472e+14	1.30e-22	1.43e-16	1.84e-11	3.24e-07	4.78e-04	1.00e+00	0.00e+00	0.00e+00
 1.05254e+14	1.86e-22	1.90e-16	2.29e-11	3.75e-07	5.15e-04	9.99e-01	0.00e+00	0.00e+00
 1.09157e+14	2.64e-22	2.53e-16	2.84e-11	4.33e-07	5.54e-04	9.99e-01	0.00e+00	0.00e+00
 1.12598e+14	3.57e-22	3.22e-16	3.41e-11	4.90e-07	5.90e-04	9.99e-01	0.00e+00	0.00e+00
 1.16315e+14	4.89e-22	4.15e-16	4.13e-11	5.58e-07	6.30e-04	9.99e-01	0.00e+00	0.00e+00
 1.20799e+14	7.04e-22	5.56e-16	5.17e-11	6.49e-07	6.81e-04	9.99e-01	0.00e+00	0.00e+00
 1.25245e+14	1.00e-21	7.38e-16	6.40e-11	7.49e-07	7.32e-04	9.99e-01	0.00e+00	0.00e+00
 1.29197e+14	1.35e-21	9.40e-16	7.69e-11	8.48e-07	7.80e-04	9.99e-01	0.00e+00	0.00e+00
 1.33544e+14	1.86e-21	1.22e-15	9.36e-11	9.68e-07	8.34e-04	9.99e-01	0.00e+00	0.00e+00
 1.38735e+14	2.69e-21	1.64e-15	1.17e-10	1.13e-06	9.02e-04	9.99e-01	0.00e+00	0.00e+00
 1.43891e+14	3.83e-21	2.17e-15	1.45e-10	1.30e-06	9.72e-04	9.99e-01	0.00e+00	0.00e+00
 1.48585e+14	5.21e-21	2.79e-15	1.76e-10	1.48e-06	1.04e-03	9.99e-01	0.00e+00	0.00e+00
 1.53814e+14	7.26e-21	3.65e-15	2.16e-10	1.70e-06	1.11e-03	9.99e-01	0.00e+00	0.00e+00
 1.59920e+14	1.05e-20	4.93e-15	2.71e-10	1.99e-06	1.21e-03	9.99e-01	0.00e+00	0.00e+00
 1.65925e+14	1.50e-20	6.55e-15	3.37e-10	2.30e-06	1.30e-03	9.99e-01	0.00e+00	0.00e+00
 1.71572e+14	2.06e-20	8.47e-15	4.11e-10	2.64e-06	1.39e-03	9.99e-01	0.00e+00	0.00e+00
 1.77865e+14	2.88e-20	1.11e-14	5.07e-10	3.05e-06	1.50e-03	9.98e-01	0.00e+00	0.00e+00
 1.85010e+14	4.19e-20	1.51e-14	6.40e-10	3.57e-06	1.63e-03	9.98e-01	0.00e+00	0.00e+00
 1.92143e+14	5.97e-20	2.01e-14	7.99e-10	4.15e-06	1.77e-03	9.98e-01	0.00e+00	0.00e+00
 1.99027e+14	8.29e-20	2.63e-14	9.82e-10	4.78e-06	1.90e-03	9.98e-01	0.00e+00	0.00e+00
 2.05001e+14	1.09e-19	3.29e-14	1.17e-09	5.38e-06	2.02e-03	9.98e-01	0.00e+00	0.00e+00
 2.09993e+14	1.36e-19	3.94e-14	1.34e-09	5.93e-06	2.13e-03	9.98e-01	0.00e+00	0.00e+00
 2.15543e+14	1.73e-19	4.79e-14	1.56e-09	6.59e-06	2.25e-03	9.98e-01	0.00e+00	0.00e+00
 2.22758e+14	2.34e-19	6.13e-14	1.90e-09	7.52e-06	2.42e-03	9.98e-01	0.00e+00	0.00e+00
 2.30366e+14	3.17e-19	7.87e-14	2.31e-09	8.61e-06	2.60e-03	9.97e-01	0.00e+00	0.00e+00
 2.36933e+14	4.08e-19	9.70e-14	2.72e-09	9.64e-06	2.76e-03	9.97e-01	0.00e+00	0.00e+00
 2.43918e+14	5.29e-19	1.20e-13	3.21e-09	1.08e-05	2.94e-03	9.97e-01	0.00e+00	0.00e+00
 2.52838e+14	7.29e-19	1.57e-13	3.96e-09	1.25e-05	3.18e-03	9.97e-01	0.00e+00	0.00e+00
 2.62016e+14	9.99e-19	2.03e-13	4.87e-09	1.45e-05	3.44e-03	9.97e-01	0.00e+00	0.00e+00
 2.69883e+14	1.30e-18	2.52e-13	5.78e-09	1.63e-05	3.66e-03	9.96e-01	0.00e+00	0.00e+00
 2.78304e+14	1.69e-18	3.15e-13	6.90e-09	1.84e-05	3.92e-03	9.96e-01	0.00e+00	0.00e+00
 2.88740e+14	2.33e-18	4.11e-13	8.54e-09	2.14e-05	4.26e-03	9.96e-01	0.00e+00	0.00e+00
 2.99432e+14	3.19e-18	5.34e-13	1.05e-08	2.48e-05	4.61e-03	9.95e-01	0.00e+00	0.00e+00
 3.08955e+14	4.17e-18	6.68e-13	1.26e-08	2.81e-05	4.95e-03	9.95e-01	0.00e+00	0.00e+00
 3.19321e+14	5.51e-18	8.45e-13	1.53e-08	3.21e-05	5.33e-03	9.95e-01	0.00e+00	0.00e+00
 3.31700e+14	7.62e-18	1.11e-12	1.90e-08	3.74e-05	5.80e-03	9.94e-01	0.00e+00	0.00e+00
 3.43909e+14	1.03e-17	1.43e-12	2.34e-08	4.33e-05	6.29e-03	9.94e-01	0.00e+00	0.00e+00
 3.54898e+14	1.34e-17	1.79e-12	2.81e-08	4.91e-05	6.76e-03	9.93e-01	0.00e+00	0.00e+00
 3.67085e+14	1.79e-17	2.28e-12	3.42e-08	5.63e-05	7.29e-03	9.93e-01	0.00e+00	0.00e+00
 3.81468e+14	2.46e-17	2.99e-12	4.27e-08	6.57e-05	7.95e-03	9.92e-01	0.00e+00	0.00e+00
 3.95674e+14	3.34e-17	3.87e-12	5.27e-08	7.61e-05	8.64e-03	9.91e-01	0.00e+00	0.00e+00
 4.08809e+14	4.39e-17	4.87e-12	6.37e-08	8.68e-05	9.30e-03	9.91e-01	0.00e+00	0.00e+00
 4.23554e+14	5.89e-17	6.26e-12	7.83e-08	1.00e-04	1.01e-02	9.90e-01	0.00e+00	0.00e+00
 4.40526e+14	8.17e-17	8.27e-12	9.84e-08	1.17e-04	1.10e-02	9.89e-01	0.00e+00	0.00e+00
 4.57148e+14	1.11e-16	1.08e-11	1.22e-07	1.36e-04	1.20e-02	9.88e-01	0.00e+00	0.00e+00
 4.74435e+14	1.80e-16	1.40e-11	1.52e-07	1.58e-04	1.30e-02	9.87e-01	0.00e+00	0.00e+00
 4.93442e+14	2.53e-16	1.85e-11	1.91e-07	1.85e-04	1.43e-02	9.86e-01	0.00e+00	0.00e+00
 5.09527e+14	3.33e-16	2.33e-11	2.30e-07	2.10e-04	1.53e-02	9.84e-01	0.00e+00	0.00e+00
 5.21295e+14	4.05e-16	2.74e-11	2.63e-07	2.30e-04	1.61e-02	9.84e-01	0.00e+00	0.00e+00
 5.33652e+14	4.95e-16	3.24e-11	3.02e-07	2.53e-04	1.70e-02	9.83e-01	0.00e+00	0.00e+00
 5.49715e+14	6.39e-16	4.01e-11	3.60e-07	2.85e-04	1.82e-02	9.82e-01	0.00e+00	0.00e+00
 5.67428e+14	8.41e-16	5.04e-11	4.35e-07	3.23e-04	1.96e-02	9.80e-01	0.00e+00	0.00e+00
 5.83814e+14	1.08e-15	6.19e-11	5.15e-07	3.62e-04	2.08e-02	9.79e-01	0.00e+00	0.00e+00
 6.01642e+14	1.40e-15	7.69e-11	6.15e-07	4.09e-04	2.23e-02	9.77e-01	0.00e+00	0.00e+00
 6.21690e+14	1.86e-15	9.77e-11	7.48e-07	4.66e-04	2.40e-02	9.76e-01	0.00e+00	0.00e+00
 6.40790e+14	2.38e-15	1.22e-10	8.96e-07	5.26e-04	2.57e-02	9.74e-01	0.00e+00	0.00e+00
 6.61786e+14	3.16e-15	1.54e-10	1.09e-06	5.99e-04	2.76e-02	9.72e-01	0.00e+00	0.00e+00
 6.85265e+14	4.29e-15	1.99e-10	1.34e-06	6.89e-04	2.99e-02	9.69e-01	0.00e+00	0.00e+00
 7.07569e+14	5.68e-15	2.52e-10	1.62e-06	7.83e-04	3.21e-02	9.67e-01	0.00e+00	0.00e+00
 7.32162e+14	7.69e-15	3.25e-10	1.99e-06	8.98e-04	3.46e-02	9.64e-01	0.00e+00	0.00e+00
 7.59712e+14	1.07e-14	4.28e-10	2.49e-06	1.04e-03	3.75e-02	9.61e-01	0.00e+00	0.00e+00
 7.85700e+14	1.44e-14	5.49e-10	3.05e-06	1.19e-03	4.04e-02	9.58e-01	0.00e+00	0.00e+00
 8.14014e+14	1.97e-14	7.15e-10	3.78e-06	1.37e-03	4.37e-02	9.55e-01	0.00e+00	0.00e+00
 8.45488e+14	2.77e-14	9.51e-10	4.75e-06	1.60e-03	4.75e-02	9.51e-01	0.00e+00	0.00e+00
 8.75022e+14	3.79e-14	1.23e-09	5.85e-06	1.83e-03	5.12e-02	9.47e-01	0.00e+00	0.00e+00
 9.06854e+14	5.23e-14	1.62e-09	7.27e-06	2.12e-03	5.53e-02	9.43e-01	0.00e+00	0.00e+00
 9.42326e+14	7.41e-14	2.16e-09	9.18e-06	2.47e-03	6.01e-02	9.37e-01	0.00e+00	0.00e+00
 9.76468e+14	1.03e-13	2.84e-09	1.14e-05	2.85e-03	6.49e-02	9.32e-01	0.00e+00	0.00e+00
 1.01281e+15	1.44e-13	3.76e-09	1.43e-05	3.30e-03	7.02e-02	9.26e-01	0.00e+00	0.00e+00
 1.05335e+15	2.05e-13	5.07e-09	1.81e-05	3.85e-03	7.63e-02	9.20e-01	0.00e+00	0.00e+00
 1.08750e+15	2.75e-13	6.49e-09	2.20e-05	4.38e-03	8.17e-02	9.14e-01	0.00e+00	0.00e+00
 1.11211e+15	3.38e-13	7.70e-09	2.52e-05	4.79e-03	8.57e-02	9.10e-01	0.00e+00	0.00e+00
 1.13769e+15	4.17e-13	9.18e-09	2.90e-05	5.24e-03	8.99e-02	9.05e-01	0.00e+00	0.00e+00
 1.17094e+15	5.44e-13	1.15e-08	3.45e-05	5.88e-03	9.54e-02	8.99e-01	0.00e+00	0.00e+00
 1.20801e+15	7.25e-13	1.46e-08	4.18e-05	6.65e-03	1.02e-01	8.91e-01	0.00e+00	0.00e+00
 1.24271e+15	9.44e-13	1.82e-08	4.96e-05	7.44e-03	1.08e-01	8.85e-01	0.00e+00	0.00e+00
 1.28048e+15	1.25e-12	2.29e-08	5.95e-05	8.38e-03	1.15e-01	8.77e-01	0.00e+00	0.00e+00
 1.32275e+15	1.68e-12	2.95e-08	7.25e-05	9.53e-03	1.23e-01	8.68e-01	0.00e+00	0.00e+00
 1.36265e+15	2.22e-12	3.71e-08	8.69e-05	1.07e-02	1.30e-01	8.59e-01	0.00e+00	0.00e+00
 1.40631e+15	2.98e-12	4.74e-08	1.05e-04	1.21e-02	1.39e-01	8.49e-01	0.00e+00	0.00e+00
 1.45524e+15	4.08e-12	6.18e-08	1.30e-04	1.39e-02	1.48e-01	8.38e-01	0.00e+00	0.00e+00
 1.50166e+15	5.46e-12	7.88e-08	1.57e-04	1.57e-02	1.58e-01	8.26e-01	0.00e+00	0.00e+00
 1.55266e+15	7.46e-12	1.02e-07	1.92e-04	1.78e-02	1.68e-01	8.14e-01	0.00e+00	0.00e+00
 1.60940e+15	1.04e-11	1.35e-07	2.38e-04	2.05e-02	1.80e-01	7.99e-01	0.00e+00	0.00e+00
 1.66209e+15	1.40e-11	1.73e-07	2.89e-04	2.32e-02	1.91e-01	7.85e-01	0.00e+00	0.00e+00
 1.71906e+15	1.91e-11	2.24e-07	3.53e-04	2.64e-02	2.04e-01	7.70e-01	0.00e+00	0.00e+00
 1.78270e+15	2.66e-11	2.96e-07	4.38e-04	3.03e-02	2.18e-01	7.52e-01	0.00e+00	0.00e+00
 1.84227e+15	3.58e-11	3.80e-07	5.32e-04	3.42e-02	2.30e-01	7.35e-01	0.00e+00	0.00e+00
 1.90697e+15	4.92e-11	4.95e-07	6.53e-04	3.89e-02	2.44e-01	7.16e-01	0.00e+00	0.00e+00
 1.97581e+15	6.79e-11	6.49e-07	8.04e-04	4.43e-02	2.59e-01	6.96e-01	0.00e+00	0.00e+00
 2.03604e+15	8.93e-11	8.15e-07	9.57e-04	4.94e-02	2.72e-01	6.77e-01	0.00e+00	0.00e+00
 2.08773e+15	1.12e-10	9.86e-07	1.11e-03	5.41e-02	2.83e-01	6.62e-01	0.00e+00	0.00e+00
 2.14230e+15	1.42e-10	1.20e-06	1.29e-03	5.94e-02	2.95e-01	6.45e-01	0.00e+00	0.00e+00
 2.20395e+15	1.83e-10	1.49e-06	1.51e-03	6.56e-02	3.07e-01	6.26e-01	0.00e+00	0.00e+00
 2.26305e+15	2.33e-10	1.81e-06	1.76e-03	7.19e-02	3.19e-01	6.07e-01	0.00e+00	0.00e+00
 2.32815e+15	3.01e-10	2.24e-06	2.07e-03	7.93e-02	3.32e-01	5.87e-01	0.00e+00	0.00e+00
 2.39914e+15	3.93e-10	2.80e-06	2.45e-03	8.78e-02	3.45e-01	5.65e-01	0.00e+00	0.00e+00
 2.46419e+15	4.99e-10	3.41e-06	2.84e-03	9.59e-02	3.57e-01	5.45e-01	0.00e+00	0.00e+00
 2.53517e+15	6.44e-10	4.21e-06	3.32e-03	1.05e-01	3.69e-01	5.23e-01	0.00e+00	0.00e+00
 2.61424e+15	8.43e-10	5.27e-06	3.93e-03	1.16e-01	3.81e-01	4.98e-01	0.00e+00	0.00e+00
 2.68924e+15	1.08e-09	6.46e-06	4.58e-03	1.27e-01	3.92e-01	4.76e-01	0.00e+00	0.00e+00
 2.77219e+15	1.41e-09	8.06e-06	5.40e-03	1.40e-01	4.04e-01	4.51e-01	0.00e+00	0.00e+00
 2.86259e+15	1.86e-09	1.01e-05	6.39e-03	1.54e-01	4.15e-01	4.25e-01	0.00e+00	0.00e+00
 2.94414e+15	2.37e-09	1.23e-05	7.39e-03	1.67e-01	4.23e-01	4.02e-01	0.00e+00	0.00e+00
 3.03160e+15	3.06e-09	1.52e-05	8.62e-03	1.81e-01	4.32e-01	3.78e-01	0.00e+00	0.00e+00
 3.12874e+15	3.99e-09	1.89e-05	1.01e-02	1.98e-01	4.39e-01	3.53e-01	0.00e+00	0.00e+00
 3.21999e+15	5.08e-09	2.30e-05	1.17e-02	2.14e-01	4.45e-01	3.30e-01	0.00e+00	0.00e+00
 3.32016e+15	6.62e-09	2.84e-05	1.36e-02	2.32e-01	4.49e-01	3.05e-01	0.00e+00	0.00e+00
 3.42936e+15	8.64e-09	3.53e-05	1.60e-02	2.51e-01	4.52e-01	2.80e-01	0.00e+00	0.00e+00
 3.52371e+15	1.08e-08	4.21e-05	1.82e-02	2.68e-01	4.53e-01	2.60e-01	0.00e+00	0.00e+00
 3.60612e+15	1.30e-08	4.91e-05	2.03e-02	2.83e-01	4.53e-01	2.43e-01	0.00e+00	0.00e+00
 3.69960e+15	1.62e-08	5.84e-05	2.29e-02	3.00e-01	4.52e-01	2.25e-01	0.00e+00	0.00e+00
 3.79894e+15	2.00e-08	6.94e-05	2.60e-02	3.18e-01	4.49e-01	2.07e-01	0.00e+00	0.00e+00
 3.88893e+15	2.42e-08	8.06e-05	2.89e-02	3.34e-01	4.45e-01	1.91e-01	0.00e+00	0.00e+00
 3.97574e+15	2.89e-08	9.30e-05	3.20e-02	3.50e-01	4.41e-01	1.77e-01	0.00e+00	0.00e+00
 4.07537e+15	3.56e-08	1.10e-04	3.59e-02	3.68e-01	4.35e-01	1.62e-01	0.00e+00	0.00e+00
 4.18628e+15	4.43e-08	1.30e-04	4.05e-02	3.87e-01	4.26e-01	1.46e-01	0.00e+00	0.00e+00
 4.28977e+15	5.37e-08	1.51e-04	4.52e-02	4.04e-01	4.18e-01	1.33e-01	0.00e+00	0.00e+00
 4.38478e+15	6.42e-08	1.74e-04	4.98e-02	4.20e-01	4.09e-01	1.21e-01	0.00e+00	0.00e+00
 4.49087e+15	7.87e-08	2.04e-04	5.55e-02	4.37e-01	3.98e-01	1.09e-01	0.00e+00	0.00e+00
 4.60871e+15	9.71e-08	2.40e-04	6.23e-02	4.55e-01	3.86e-01	9.69e-02	0.00e+00	0.00e+00
 4.71850e+15	1.17e-07	2.79e-04	6.90e-02	4.71e-01	3.73e-01	8.67e-02	0.00e+00	0.00e+00
 4.82192e+15	1.41e-07	3.20e-04	7.60e-02	4.85e-01	3.61e-01	7.78e-02	0.00e+00	0.00e+00
 4.94036e+15	1.75e-07	3.79e-04	8.49e-02	5.01e-01	3.45e-01	6.82e-02	0.00e+00	0.00e+00
 5.06605e+15	2.16e-07	4.45e-04	9.48e-02	5.16e-01	3.29e-01	5.94e-02	0.00e+00	0.00e+00
 5.17605e+15	2.59e-07	5.12e-04	1.04e-01	5.28e-01	3.14e-01	5.25e-02	0.00e+00	0.00e+00
 5.27767e+15	3.07e-07	5.84e-04	1.14e-01	5.39e-01	3.00e-01	4.66e-02	0.00e+00	0.00e+00
 5.39355e+15	3.76e-07	6.80e-04	1.26e-01	5.49e-01	2.84e-01	4.04e-02	0.00e+00	0.00e+00
 5.51484e+15	4.61e-07	7.95e-04	1.39e-01	5.59e-01	2.67e-01	3.47e-02	0.00e+00	0.00e+00
 5.61654e+15	5.45e-07	9.02e-04	1.52e-01	5.65e-01	2.52e-01	3.05e-02	0.00e+00	0.00e+00
 5.70817e+15	6.38e-07	1.02e-03	1.64e-01	5.70e-01	2.39e-01	2.69e-02	0.00e+00	0.00e+00
 5.81330e+15	7.67e-07	1.17e-03	1.79e-01	5.74e-01	2.23e-01	2.32e-02	0.00e+00	0.00e+00
 5.92542e+15	9.37e-07	1.36e-03	1.96e-01	5.76e-01	2.07e-01	1.96e-02	0.00e+00	0.00e+00
 6.02067e+15	1.10e-06	1.54e-03	2.12e-01	5.77e-01	1.93e-01	1.70e-02	0.00e+00	0.00e+00
 6.09505e+15	1.25e-06	1.69e-03	2.25e-01	5.76e-01	1.82e-01	1.51e-02	0.00e+00	0.00e+00
 6.15774e+15	1.41e-06	1.85e-03	2.37e-01	5.74e-01	1.73e-01	1.36e-02	0.00e+00	0.00e+00
 6.22874e+15	1.57e-06	2.01e-03	2.51e-01	5.72e-01	1.63e-01	1.21e-02	0.00e+00	0.00e+00
 6.32104e+15	1.95e-06	2.35e-03	2.72e-01	5.67e-01	1.49e-01	1.01e-02	0.00e+00	0.00e+00
 6.40258e+15	2.23e-06	2.60e-03	2.90e-01	5.61e-01	1.38e-01	8.72e-03	0.00e+00	0.00e+00
 6.45773e+15	2.50e-06	2.83e-03	3.03e-01	5.56e-01	1.30e-01	7.78e-03	0.00e+00	0.00e+00
 6.51702e+15	2.84e-06	3.11e-03	3.19e-01	5.50e-01	1.21e-01	6.84e-03	0.00e+00	0.00e+00
 6.58295e+15	3.16e-06	3.38e-03	3.36e-01	5.43e-01	1.13e-01	5.96e-03	0.00e+00	0.00e+00
 6.65748e+15	3.85e-06	3.89e-03	3.58e-01	5.31e-01	1.02e-01	4.93e-03	0.00e+00	0.00e+00
 6.72599e+15	4.43e-06	4.32e-03	3.78e-01	5.21e-01	9.29e-02	4.18e-03	0.00e+00	0.00e+00
 6.77443e+15	4.95e-06	4.68e-03	3.93e-01	5.12e-01	8.65e-02	3.67e-03	0.00e+00	0.00e+00
 6.82520e+15	5.60e-06	5.12e-03	4.10e-01	5.02e-01	7.98e-02	3.17e-03	0.00e+00	0.00e+00
 6.88239e+15	6.43e-06	5.66e-03	4.29e-01	4.90e-01	7.26e-02	2.68e-03	0.00e+00	0.00e+00
 6.93622e+15	7.33e-06	6.22e-03	4.47e-01	4.78e-01	6.60e-02	2.27e-03	0.00e+00	0.00e+00
 6.98513e+15	8.08e-06	6.69e-03	4.63e-01	4.68e-01	6.05e-02	1.95e-03	0.00e+00	0.00e+00
 7.03937e+15	9.69e-06	7.59e-03	4.85e-01	4.52e-01	5.38e-02	1.58e-03	0.00e+00	0.00e+00
 7.09200e+15	1.10e-05	8.31e-03	5.03e-01	4.39e-01	4.83e-02	1.31e-03	0.00e+00	0.00e+00
 7.13498e+15	1.21e-05	8.91e-03	5.18e-01	4.28e-01	4.40e-02	1.12e-03	0.00e+00	0.00e+00
 7.18333e+15	1.39e-05	9.82e-03	5.36e-01	4.14e-01	3.91e-02	9.10e-04	0.00e+00	0.00e+00
 7.23593e+15	1.61e-05	1.09e-02	5.56e-01	3.98e-01	3.42e-02	7.22e-04	0.00e+00	0.00e+00
 7.28269e+15	1.90e-05	1.22e-02	5.74e-01	3.83e-01	3.00e-02	5.72e-04	0.00e+00	0.00e+00
 7.32202e+15	2.13e-05	1.33e-02	5.89e-01	3.71e-01	2.68e-02	4.72e-04	0.00e+00	0.00e+00
 7.36309e+15	2.44e-05	1.46e-02	6.04e-01	3.57e-01	2.36e-02	3.78e-04	0.00e+00	0.00e+00
 7.40206e+15	2.73e-05	1.58e-02	6.17e-01	3.45e-01	2.10e-02	3.09e-04	0.00e+00	0.00e+00
 7.43094e+15	2.94e-05	1.66e-02	6.27e-01	3.37e-01	1.92e-02	2.66e-04	0.00e+00	0.00e+00
 7.46110e+15	3.30e-05	1.80e-02	6.38e-01	3.26e-01	1.72e-02	2.20e-04	0.00e+00	0.00e+00
 7.49302e+15	3.65e-05	1.93e-02	6.49e-01	3.16e-01	1.55e-02	1.83e-04	0.00e+00	0.00e+00
 7.52725e+15	4.09e-05	2.09e-02	6.60e-01	3.05e-01	1.36e-02	1.47e-04	0.00e+00	0.00e+00
 7.56384e+15	4.60e-05	2.26e-02	6.71e-01	2.94e-01	1.19e-02	1.17e-04	0.00e+00	0.00e+00
 7.59628e+15	5.10e-05	2.43e-02	6.81e-01	2.84e-01	1.06e-02	9.49e-05	0.00e+00	0.00e+00
 7.63122e+15	5.74e-05	2.63e-02	6.91e-01	2.73e-01	9.18e-03	7.46e-05	0.00e+00	0.00e+00
 7.66918e+15	6.50e-05	2.86e-02	7.02e-01	2.62e-01	7.91e-03	5.77e-05	0.00e+00	0.00e+00
 7.70348e+15	7.27e-05	3.09e-02	7.11e-01	2.52e-01	6.88e-03	4.55e-05	0.00e+00	0.00e+00
 7.73535e+15	8.08e-05	3.32e-02	7.18e-01	2.42e-01	6.03e-03	3.63e-05	0.00e+00	0.00e+00
 7.77166e+15	9.13e-05	3.60e-02	7.27e-01	2.32e-01	5.15e-03	2.77e-05	0.00e+00	0.00e+00
 7.81100e+15	1.04e-04	3.93e-02	7.36e-01	2.21e-01	4.35e-03	2.08e-05	0.00e+00	0.00e+00
 7.84621e+15	1.17e-04	4.25e-02	7.43e-01	2.11e-01	3.74e-03	1.60e-05	0.00e+00	0.00e+00
 7.87890e+15	1.30e-04	4.57e-02	7.49e-01	2.02e-01	3.23e-03	1.25e-05	0.00e+00	0.00e+00
 7.91641e+15	1.48e-04	4.97e-02	7.55e-01	1.92e-01	2.72e-03	9.32e-06	0.00e+00	0.00e+00
 7.95725e+15	1.69e-04	5.44e-02	7.61e-01	1.82e-01	2.26e-03	6.80e-06	0.00e+00	0.00e+00
 7.99373e+15	1.91e-04	5.90e-02	7.66e-01	1.73e-01	1.92e-03	5.13e-06	0.00e+00	0.00e+00
 8.02710e+15	2.14e-04	6.34e-02	7.70e-01	1.65e-01	1.64e-03	3.95e-06	0.00e+00	0.00e+00
 8.06513e+15	2.44e-04	6.92e-02	7.74e-01	1.55e-01	1.37e-03	2.89e-06	0.00e+00	0.00e+00
 8.10608e+15	2.81e-04	7.58e-02	7.77e-01	1.46e-01	1.12e-03	2.08e-06	0.00e+00	0.00e+00
 8.14245e+15	3.18e-04	8.23e-02	7.79e-01	1.37e-01	9.44e-04	1.56e-06	0.00e+00	0.00e+00
 8.17614e+15	3.58e-04	8.88e-02	7.80e-01	1.30e-01	8.00e-04	1.18e-06	0.00e+00	0.00e+00
 8.21470e+15	4.09e-04	9.68e-02	7.81e-01	1.21e-01	6.60e-04	8.53e-07	0.00e+00	0.00e+00
 8.25731e+15	4.77e-04	1.07e-01	7.80e-01	1.12e-01	5.31e-04	0.00e+00	0.00e+00	0.00e+00
 8.29503e+15	5.47e-04	1.17e-01	7.78e-01	1.04e-01	4.39e-04	0.00e+00	0.00e+00	0.00e+00
 8.32828e+15	6.19e-04	1.26e-01	7.75e-01	9.75e-02	3.68e-04	0.00e+00	0.00e+00	0.00e+00
 8.36586e+15	7.12e-04	1.38e-01	7.71e-01	9.01e-02	3.00e-04	0.00e+00	0.00e+00	0.00e+00
 8.40728e+15	8.32e-04	1.52e-01	7.65e-01	8.23e-02	2.39e-04	0.00e+00	0.00e+00	0.00e+00
 8.44498e+15	9.63e-04	1.67e-01	7.57e-01	7.52e-02	1.93e-04	0.00e+00	0.00e+00	0.00e+00
 8.47864e+15	1.10e-03	1.81e-01	7.48e-01	6.91e-02	1.59e-04	0.00e+00	0.00e+00	0.00e+00
 8.51576e+15	1.28e-03	1.98e-01	7.38e-01	6.27e-02	1.27e-04	0.00e+00	0.00e+00	0.00e+00
 8.55745e+15	1.51e-03	2.20e-01	7.23e-01	5.57e-02	9.86e-05	0.00e+00	0.00e+00	0.00e+00
 8.59590e+15	1.77e-03	2.43e-01	7.06e-01	4.95e-02	7.70e-05	0.00e+00	0.00e+00	0.00e+00
 8.63011e+15	2.06e-03	2.65e-01	6.89e-01	4.43e-02	6.12e-05	0.00e+00	0.00e+00	0.00e+00
 8.66798e+15	2.42e-03	2.92e-01	6.67e-01	3.88e-02	4.70e-05	0.00e+00	0.00e+00	0.00e+00
 8.71721e+15	3.01e-03	3.30e-01	6.34e-01	3.22e-02	3.27e-05	0.00e+00	0.00e+00	0.00e+00
 8.76663e+15	3.78e-03	3.76e-01	5.95e-01	2.60e-02	2.21e-05	0.00e+00	0.00e+00	0.00e+00
 8.80373e+15	4.49e-03	4.14e-01	5.60e-01	2.17e-02	1.61e-05	0.00e+00	0.00e+00	0.00e+00
 8.83388e+15	5.19e-03	4.47e-01	5.29e-01	1.85e-02	1.22e-05	0.00e+00	0.00e+00	0.00e+00
 8.86756e+15	6.10e-03	4.86e-01	4.93e-01	1.53e-02	8.83e-06	0.00e+00	0.00e+00	0.00e+00
 8.91135e+15	7.54e-03	5.40e-01	4.41e-01	1.15e-02	5.57e-06	0.00e+00	0.00e+00	0.00e+00
 8.95461e+15	9.36e-03	5.97e-01	3.85e-01	8.41e-03	3.40e-06	0.00e+00	0.00e+00	0.00e+00
 8.98422e+15	1.10e-02	6.39e-01	3.44e-01	6.54e-03	2.32e-06	0.00e+00	0.00e+00	0.00e+00
 9.00436e+15	1.22e-02	6.66e-01	3.16e-01	5.45e-03	1.76e-06	0.00e+00	0.00e+00	0.00e+00
 9.02514e+15	1.35e-02	6.94e-01	2.88e-01	4.47e-03	1.31e-06	0.00e+00	0.00e+00	0.00e+00
 9.05214e+15	1.56e-02	7.29e-01	2.52e-01	3.38e-03	8.70e-07	0.00e+00	0.00e+00	0.00e+00
 9.08017e+15	1.81e-02	7.65e-01	2.14e-01	2.45e-03	0.00e+00	0.00e+00	0.00e+00	0.00e+00
 9.10241e+15	2.06e-02	7.93e-01	1.85e-01	1.84e-03	0.00e+00	0.00e+00	0.00e+00	0.00e+00
 9.12014e+15	2.27e-02	8.13e-01	1.63e-01	1.45e-03	0.00e+00	0.00e+00	0.00e+00	0.00e+00
 9.13911e+15	2.52e-02	8.33e-01	1.41e-01	1.10e-03	0.00e+00	0.00e+00	0.00e+00	0.00e+00
 9.16041e+15	2.85e-02	8.52e-01	1.18e-01	7.91e-04	0.00e+00	0.00e+00	0.00e+00	0.00e+00
 9.18002e+15	3.20e-02	8.68e-01	9.91e-02	5.69e-04	0.00e+00	0.00e+00	0.00e+00	0.00e+00
 9.19704e+15	3.55e-02	8.80e-01	8.40e-02	4.21e-04	0.00e+00	0.00e+00	0.00e+00	0.00e+00
 9.21540e+15	3.97e-02	8.90e-01	6.96e-02	2.99e-04	0.00e+00	0.00e+00	0.00e+00	0.00e+00
 9.23529e+15	4.50e-02	8.99e-01	5.57e-02	2.00e-04	0.00e+00	0.00e+00	0.00e+00	0.00e+00
 9.25239e+15	5.03e-02	9.04e-01	4.52e-02	1.38e-04	0.00e+00	0.00e+00	0.00e+00	0.00e+00
 9.26664e+15	5.54e-02	9.07e-01	3.77e-02	9.98e-05	0.00e+00	0.00e+00	0.00e+00	0.00e+00
 9.28198e+15	6.14e-02	9.08e-01	3.07e-02	6.92e-05	0.00e+00	0.00e+00	0.00e+00	0.00e+00
 9.29923e+15	6.93e-02	9.07e-01	2.41e-02	4.51e-05	0.00e+00	0.00e+00	0.00e+00	0.00e+00
 9.31534e+15	7.78e-02	9.03e-01	1.89e-02	2.94e-05	0.00e+00	0.00e+00	0.00e+00	0.00e+00
 9.32947e+15	8.62e-02	8.99e-01	1.50e-02	1.98e-05	0.00e+00	0.00e+00	0.00e+00	0.00e+00
 9.34229e+15	9.47e-02	8.93e-01	1.22e-02	1.37e-05	0.00e+00	0.00e+00	0.00e+00	0.00e+00
 9.35395e+15	1.03e-01	8.87e-01	9.96e-03	9.63e-06	0.00e+00	0.00e+00	0.00e+00	0.00e+00
 9.36462e+15	1.12e-01	8.80e-01	8.23e-03	6.91e-06	0.00e+00	0.00e+00	0.00e+00	0.00e+00
 9.37549e+15	1.21e-01	8.72e-01	6.74e-03	4.88e-06	0.00e+00	0.00e+00	0.00e+00	0.00e+00
 9.38663e+15	1.32e-01	8.63e-01	5.46e-03	3.38e-06	0.00e+00	0.00e+00	0.00e+00	0.00e+00
 9.39688e+15	1.42e-01	8.53e-01	4.47e-03	2.39e-06	0.00e+00	0.00e+00	0.00e+00	0.00e+00
 9.40593e+15	1.52e-01	8.44e-01	3.73e-03	1.75e-06	0.00e+00	0.00e+00	0.00e+00	0.00e+00
 9.41409e+15	1.62e-01	8.35e-01	3.16e-03	1.31e-06	0.00e+00	0.00e+00	0.00e+00	0.00e+00
 9.42031e+15	1.69e-01	8.28e-01	2.78e-03	1.05e-06	0.00e+00	0.00e+00	0.00e+00	0.00e+00
 9.42460e+15	1.74e-01	8.24e-01	2.54e-03	9.00e-07	0.00e+00	0.00e+00	0.00e+00	0.00e+00
 9.42869e+15	1.79e-01	8.18e-01	2.33e-03	0.00e+00	0.00e+00	0.00e+00	0.00e+00	0.00e+00
 9.43344e+15	1.85e-01	8.13e-01	2.10e-03	0.00e+00	0.00e+00	0.00e+00	0.00e+00	0.00e+00
 9.43856e+15	1.92e-01	8.06e-01	1.88e-03	0.00e+00	0.00e+00	0.00e+00	0.00e+00	0.00e+00
 9.44349e+15	1.99e-01	8.00e-01	1.69e-03	0.00e+00	0.00e+00	0.00e+00	0.00e+00	0.00e+00
 9.44816e+15	2.05e-01	7.93e-01	1.53e-03	0.00e+00	0.00e+00	0.00e+00	0.00e+00	0.00e+00
 9.45281e+15	2.12e-01	7.87e-01	1.37e-03	0.00e+00	0.00e+00	0.00e+00	0.00e+00	0.00e+00
 9.45747e+15	2.18e-01	7.80e-01	1.24e-03	0.00e+00	0.00e+00	0.00e+00	0.00e+00	0.00e+00
 9.46212e+15	2.25e-01	7.74e-01	1.11e-03	0.00e+00	0.00e+00	0.00e+00	0.00e+00	0.00e+00
 9.46674e+15	2.32e-01	7.67e-01	1.00e-03	0.00e+00	0.00e+00	0.00e+00	0.00e+00	0.00e+00
 9.47135e+15	2.39e-01	7.60e-01	9.01e-04	0.00e+00	0.00e+00	0.00e+00	0.00e+00	0.00e+00
 9.47599e+15	2.47e-01	7.53e-01	8.09e-04	0.00e+00	0.00e+00	0.00e+00	0.00e+00	0.00e+00
 9.48049e+15	2.54e-01	7.45e-01	7.29e-04	0.00e+00	0.00e+00	0.00e+00	0.00e+00	0.00e+00
 9.48494e+15	2.61e-01	7.38e-01	6.56e-04	0.00e+00	0.00e+00	0.00e+00	0.00e+00	0.00e+00
 9.48949e+15	2.68e-01	7.31e-01	5.89e-04	0.00e+00	0.00e+00	0.00e+00	0.00e+00	0.00e+00
 9.49403e+15	2.76e-01	7.23e-01	5.29e-04	0.00e+00	0.00e+00	0.00e+00	0.00e+00	0.00e+00
 9.49852e+15	2.84e-01	7.16e-01	4.75e-04	0.00e+00	0.00e+00	0.00e+00	0.00e+00	0.00e+00
 9.50300e+15	2.92e-01	7.08e-01	4.26e-04	0.00e+00	0.00e+00	0.00e+00	0.00e+00	0.00e+00
 9.50750e+15	3.00e-01	7.00e-01	3.82e-04	0.00e+00	0.00e+00	0.00e+00	0.00e+00	0.00e+00
 9.51206e+15	3.08e-01	6.92e-01	3.42e-04	0.00e+00	0.00e+00	0.00e+00	0.00e+00	0.00e+00
 9.51653e+15	3.16e-01	6.83e-01	3.07e-04	0.00e+00	0.00e+00	0.00e+00	0.00e+00	0.00e+00
 9.52097e+15	3.25e-01	6.75e-01	2.75e-04	0.00e+00	0.00e+00	0.00e+00	0.00e+00	0.00e+00
 9.52552e+15	3.33e-01	6.67e-01	2.46e-04	0.00e+00	0.00e+00	0.00e+00	0.00e+00	0.00e+00
 9.53010e+15	3.43e-01	6.57e-01	2.20e-04	0.00e+00	0.00e+00	0.00e+00	0.00e+00	0.00e+00
 9.53461e+15	3.52e-01	6.48e-01	1.97e-04	0.00e+00	0.00e+00	0.00e+00	0.00e+00	0.00e+00
 9.53915e+15	3.61e-01	6.39e-01	1.76e-04	0.00e+00	0.00e+00	0.00e+00	0.00e+00	0.00e+00
 9.54372e+15	3.71e-01	6.29e-01	1.57e-04	0.00e+00	0.00e+00	0.00e+00	0.00e+00	0.00e+00
 9.54828e+15	3.81e-01	6.19e-01	1.41e-04	0.00e+00	0.00e+00	0.00e+00	0.00e+00	0.00e+00
 9.55281e+15	3.91e-01	6.08e-01	1.26e-04	0.00e+00	0.00e+00	0.00e+00	0.00e+00	0.00e+00
 9.55731e+15	4.02e-01	5.98e-01	1.13e-04	0.00e+00	0.00e+00	0.00e+00	0.00e+00	0.00e+00
 9.56183e+15	4.13e-01	5.87e-01	1.01e-04	0.00e+00	0.00e+00	0.00e+00	0.00e+00	0.00e+00
 9.56640e+15	4.24e-01	5.76e-01	9.07e-05	0.00e+00	0.00e+00	0.00e+00	0.00e+00	0.00e+00
 9.57101e+15	4.36e-01	5.64e-01	8.12e-05	0.00e+00	0.00e+00	0.00e+00	0.00e+00	0.00e+00
 9.57568e+15	4.47e-01	5.53e-01	7.28e-05	0.00e+00	0.00e+00	0.00e+00	0.00e+00	0.00e+00
 9.58040e+15	4.62e-01	5.38e-01	6.50e-05	0.00e+00	0.00e+00	0.00e+00	0.00e+00	0.00e+00
 9.58516e+15	4.73e-01	5.26e-01	5.84e-05	0.00e+00	0.00e+00	0.00e+00	0.00e+00	0.00e+00
 9.59003e+15	4.87e-01	5.13e-01	5.23e-05	0.00e+00	0.00e+00	0.00e+00	0.00e+00	0.00e+00
 9.59513e+15	5.02e-01	4.98e-01	4.67e-05	0.00e+00	0.00e+00	0.00e+00	0.00e+00	0.00e+00
 9.60038e+15	5.15e-01	4.85e-01	4.18e-05	0.00e+00	0.00e+00	0.00e+00	0.00e+00	0.00e+00
 9.60583e+15	5.31e-01	4.69e-01	3.73e-05	0.00e+00	0.00e+00	0.00e+00	0.00e+00	0.00e+00
 9.61152e+15	5.47e-01	4.53e-01	3.32e-05	0.00e+00	0.00e+00	0.00e+00	0.00e+00	0.00e+00
 9.61750e+15	5.64e-01	4.36e-01	2.96e-05	0.00e+00	0.00e+00	0.00e+00	0.00e+00	0.00e+00
 9.62383e+15	5.81e-01	4.19e-01	2.63e-05	0.00e+00	0.00e+00	0.00e+00	0.00e+00	0.00e+00
 9.63062e+15	6.02e-01	3.98e-01	2.32e-05	0.00e+00	0.00e+00	0.00e+00	0.00e+00	0.00e+00
 9.63787e+15	6.20e-01	3.80e-01	2.06e-05	0.00e+00	0.00e+00	0.00e+00	0.00e+00	0.00e+00
 9.64572e+15	6.39e-01	3.61e-01	1.82e-05	0.00e+00	0.00e+00	0.00e+00	0.00e+00	0.00e+00
 9.65454e+15	6.59e-01	3.41e-01	1.61e-05	0.00e+00	0.00e+00	0.00e+00	0.00e+00	0.00e+00
 9.66455e+15	6.80e-01	3.20e-01	1.41e-05	0.00e+00	0.00e+00	0.00e+00	0.00e+00	0.00e+00
 9.67458e+15	6.97e-01	3.03e-01	1.27e-05	0.00e+00	0.00e+00	0.00e+00	0.00e+00	0.00e+00
 9.68355e+15	7.10e-01	2.90e-01	1.16e-05	0.00e+00	0.00e+00	0.00e+00	0.00e+00	0.00e+00
 9.69289e+15	7.23e-01	2.77e-01	1.07e-05	0.00e+00	0.00e+00	0.00e+00	0.00e+00	0.00e+00
 9.70361e+15	7.36e-01	2.64e-01	9.75e-06	0.00e+00	0.00e+00	0.00e+00	0.00e+00	0.00e+00
 9.71550e+15	7.49e-01	2.51e-01	8.90e-06	0.00e+00	0.00e+00	0.00e+00	0.00e+00	0.00e+00
 9.72865e+15	7.62e-01	2.38e-01	8.12e-06	0.00e+00	0.00e+00	0.00e+00	0.00e+00	0.00e+00
 9.74303e+15	7.75e-01	2.25e-01	7.41e-06	0.00e+00	0.00e+00	0.00e+00	0.00e+00	0.00e+00
 9.75850e+15	7.87e-01	2.13e-01	6.75e-06	0.00e+00	0.00e+00	0.00e+00	0.00e+00	0.00e+00
 9.77491e+15	7.99e-01	2.01e-01	6.15e-06	0.00e+00	0.00e+00	0.00e+00	0.00e+00	0.00e+00
 9.79205e+15	8.11e-01	1.89e-01	5.59e-06	0.00e+00	0.00e+00	0.00e+00	0.00e+00	0.00e+00
 9.80964e+15	8.22e-01	1.78e-01	5.07e-06	0.00e+00	0.00e+00	0.00e+00	0.00e+00	0.00e+00
 9.82741e+15	8.33e-01	1.67e-01	4.60e-06	0.00e+00	0.00e+00	0.00e+00	0.00e+00	0.00e+00
 9.84517e+15	8.43e-01	1.57e-01	4.18e-06	0.00e+00	0.00e+00	0.00e+00	0.00e+00	0.00e+00
 9.86278e+15	8.52e-01	1.48e-01	3.79e-06	0.00e+00	0.00e+00	0.00e+00	0.00e+00	0.00e+00
 9.88018e+15	8.61e-01	1.39e-01	3.45e-06	0.00e+00	0.00e+00	0.00e+00	0.00e+00	0.00e+00
 9.89733e+15	8.71e-01	1.29e-01	3.12e-06	0.00e+00	0.00e+00	0.00e+00	0.00e+00	0.00e+00
 9.91461e+15	8.78e-01	1.22e-01	2.84e-06	0.00e+00	0.00e+00	0.00e+00	0.00e+00	0.00e+00
 9.93144e+15	8.87e-01	1.13e-01	2.57e-06	0.00e+00	0.00e+00	0.00e+00	0.00e+00	0.00e+00
 9.94775e+15	8.94e-01	1.06e-01	2.34e-06	0.00e+00	0.00e+00	0.00e+00	0.00e+00	0.00e+00
 9.96418e+15	9.01e-01	9.94e-02	2.12e-06	0.00e+00	0.00e+00	0.00e+00	0.00e+00	0.00e+00
 9.98025e+15	9.07e-01	9.31e-02	1.93e-06	0.00e+00	0.00e+00	0.00e+00	0.00e+00	0.00e+00
 9.99584e+15	9.13e-01	8.72e-02	1.76e-06	0.00e+00	0.00e+00	0.00e+00	0.00e+00	0.00e+00
 1.00109e+16	9.18e-01	8.19e-02	1.61e-06	0.00e+00	0.00e+00	0.00e+00	0.00e+00	0.00e+00
 1.00257e+16	9.23e-01	7.69e-02	1.48e-06	0.00e+00	0.00e+00	0.00e+00	0.00e+00	0.00e+00
 1.00406e+16	9.28e-01	7.22e-02	1.35e-06	0.00e+00	0.00e+00	0.00e+00	0.00e+00	0.00e+00
 1.00555e+16	9.32e-01	6.76e-02	1.23e-06	0.00e+00	0.00e+00	0.00e+00	0.00e+00	0.00e+00
 1.00703e+16	9.37e-01	6.34e-02	1.13e-06	0.00e+00	0.00e+00	0.00e+00	0.00e+00	0.00e+00
 1.00848e+16	9.40e-01	5.95e-02	1.03e-06	0.00e+00	0.00e+00	0.00e+00	0.00e+00	0.00e+00
 1.00991e+16	9.44e-01	5.59e-02	9.49e-07	0.00e+00	0.00e+00	0.00e+00	0.00e+00	0.00e+00
 1.01134e+16	9.48e-01	5.25e-02	8.70e-07	0.00e+00	0.00e+00	0.00e+00	0.00e+00	0.00e+00
 1.01276e+16	9.51e-01	4.93e-02	7.98e-07	0.00e+00	0.00e+00	0.00e+00	0.00e+00	0.00e+00
 1.01417e+16	9.54e-01	4.63e-02	7.33e-07	0.00e+00	0.00e+00	0.00e+00	0.00e+00	0.00e+00
 1.01558e+16	9.56e-01	4.35e-02	6.73e-07	0.00e+00	0.00e+00	0.00e+00	0.00e+00	0.00e+00
 1.01698e+16	9.59e-01	4.09e-02	6.19e-07	0.00e+00	0.00e+00	0.00e+00	0.00e+00	0.00e+00
 1.01839e+16	9.62e-01	3.84e-02	5.69e-07	0.00e+00	0.00e+00	0.00e+00	0.00e+00	0.00e+00
 1.01980e+16	9.64e-01	3.61e-02	5.23e-07	0.00e+00	0.00e+00	0.00e+00	0.00e+00	0.00e+00
 1.02121e+16	9.66e-01	3.40e-02	4.81e-07	0.00e+00	0.00e+00	0.00e+00	0.00e+00	0.00e+00
 1.02265e+16	9.68e-01	3.19e-02	4.42e-07	0.00e+00	0.00e+00	0.00e+00	0.00e+00	0.00e+00
 1.02412e+16	9.70e-01	3.00e-02	4.05e-07	0.00e+00	0.00e+00	0.00e+00	0.00e+00	0.00e+00
 1.02565e+16	9.72e-01	2.81e-02	3.71e-07	0.00e+00	0.00e+00	0.00e+00	0.00e+00	0.00e+00
 1.02722e+16	9.74e-01	2.63e-02	3.39e-07	0.00e+00	0.00e+00	0.00e+00	0.00e+00	0.00e+00
 1.02884e+16	9.75e-01	2.46e-02	3.09e-07	0.00e+00	0.00e+00	0.00e+00	0.00e+00	0.00e+00
 1.03053e+16	9.77e-01	2.30e-02	2.81e-07	0.00e+00	0.00e+00	0.00e+00	0.00e+00	0.00e+00
 1.03231e+16	9.79e-01	2.14e-02	2.55e-07	0.00e+00	0.00e+00	0.00e+00	0.00e+00	0.00e+00
 1.03422e+16	9.80e-01	1.98e-02	2.30e-07	0.00e+00	0.00e+00	0.00e+00	0.00e+00	0.00e+00
 1.03631e+16	9.82e-01	1.83e-02	2.06e-07	0.00e+00	0.00e+00	0.00e+00	0.00e+00	0.00e+00
 1.03866e+16	9.83e-01	1.68e-02	1.82e-07	0.00e+00	0.00e+00	0.00e+00	0.00e+00	0.00e+00
 1.04136e+16	9.85e-01	1.53e-02	1.59e-07	0.00e+00	0.00e+00	0.00e+00	0.00e+00	0.00e+00
 1.04423e+16	9.86e-01	1.39e-02	1.39e-07	0.00e+00	0.00e+00	0.00e+00	0.00e+00	0.00e+00
 1.04695e+16	9.87e-01	1.28e-02	1.23e-07	0.00e+00	0.00e+00	0.00e+00	0.00e+00	0.00e+00
 1.04942e+16	9.88e-01	1.19e-02	1.11e-07	0.00e+00	0.00e+00	0.00e+00	0.00e+00	0.00e+00
 1.05167e+16	9.89e-01	1.12e-02	1.01e-07	0.00e+00	0.00e+00	0.00e+00	0.00e+00	0.00e+00
 1.05372e+16	9.89e-01	1.06e-02	9.32e-08	0.00e+00	0.00e+00	0.00e+00	0.00e+00	0.00e+00
 1.05558e+16	9.90e-01	1.02e-02	8.69e-08	0.00e+00	0.00e+00	0.00e+00	0.00e+00	0.00e+00
