#depth	O	O+	O+2	O+3	O+4	O+5	O+6	O+7	O+8	O[1]	O[2]	O[3]
 1.49634e+10	0.00e+00	0.00e+00	2.55e-30	6.48e-22	2.39e-14	1.13e-07	1.00e+00	0.00e+00	0.00e+00	0.00e+00	0.00e+00	0.00e+00
 4.54887e+10	0.00e+00	1.87e-39	3.55e-30	8.34e-22	2.83e-14	1.24e-07	1.00e+00	6.31e-08	0.00e+00	0.00e+00	0.00e+00	0.00e+00
 7.72350e+10	0.00e+00	0.00e+00	4.95e-30	1.07e-21	3.37e-14	1.35e-07	1.00e+00	0.00e+00	0.00e+00	0.00e+00	0.00e+00	0.00e+00
 1.10251e+11	0.00e+00	4.25e-39	6.90e-30	1.38e-21	4.00e-14	1.47e-07	1.00e+00	0.00e+00	0.00e+00	0.00e+00	0.00e+00	0.00e+00
 1.42166e+11	0.00e+00	0.00e+00	9.41e-30	1.75e-21	4.71e-14	1.60e-07	1.00e+00	0.00e+00	0.00e+00	0.00e+00	0.00e+00	0.00e+00
 1.72074e+11	0.00e+00	8.85e-39	1.25e-29	2.17e-21	5.45e-14	1.72e-07	1.00e+00	0.00e+00	0.00e+00	0.00e+00	0.00e+00	0.00e+00
 2.05600e+11	0.00e+00	0.00e+00	1.69e-29	2.74e-21	6.39e-14	1.87e-07	1.00e+00	0.00e+00	0.00e+00	0.00e+00	0.00e+00	0.00e+00
 2.43751e+11	0.00e+00	1.95e-38	2.36e-29	3.54e-21	7.62e-14	2.05e-07	1.00e+00	0.00e+00	0.00e+00	0.00e+00	0.00e+00	0.00e+00
 2.81575e+11	0.00e+00	0.00e+00	3.25e-29	4.52e-21	9.02e-14	2.23e-07	1.00e+00	0.00e+00	0.00e+00	0.00e+00	0.00e+00	0.00e+00
 3.20913e+11	0.00e+00	4.29e-38	4.47e-29	5.78e-21	1.07e-13	2.43e-07	1.00e+00	0.00e+00	0.00e+00	0.00e+00	0.00e+00	0.00e+00
 3.63676e+11	0.00e+00	0.00e+00	6.25e-29	7.47e-21	1.28e-13	2.67e-07	1.00e+00	0.00e+00	0.00e+00	0.00e+00	0.00e+00	0.00e+00
 4.07008e+11	0.00e+00	9.70e-38	8.67e-29	9.60e-21	1.52e-13	2.92e-07	1.00e+00	0.00e+00	0.00e+00	0.00e+00	0.00e+00	0.00e+00
 4.52073e+11	0.00e+00	0.00e+00	1.20e-28	1.23e-20	1.81e-13	3.19e-07	1.00e+00	0.00e+00	0.00e+00	0.00e+00	0.00e+00	0.00e+00
 4.98491e+11	0.00e+00	2.16e-37	1.66e-28	1.59e-20	2.15e-13	3.49e-07	1.00e+00	0.00e+00	0.00e+00	0.00e+00	0.00e+00	0.00e+00
 5.46766e+11	0.00e+00	0.00e+00	2.30e-28	2.04e-20	2.56e-13	3.82e-07	1.00e+00	0.00e+00	0.00e+00	0.00e+00	0.00e+00	0.00e+00
 5.98563e+11	0.00e+00	4.85e-37	3.21e-28	2.64e-20	3.07e-13	4.20e-07	1.00e+00	0.00e+00	0.00e+00	0.00e+00	0.00e+00	0.00e+00
 6.52432e+11	0.00e+00	0.00e+00	4.48e-28	3.41e-20	3.68e-13	4.62e-07	1.00e+00	0.00e+00	0.00e+00	0.00e+00	0.00e+00	0.00e+00
 7.08456e+11	0.00e+00	1.10e-36	6.25e-28	4.42e-20	4.42e-13	5.08e-07	1.00e+00	0.00e+00	0.00e+00	0.00e+00	0.00e+00	0.00e+00
 7.66721e+11	0.00e+00	0.00e+00	8.71e-28	5.73e-20	5.30e-13	5.59e-07	1.00e+00	0.00e+00	0.00e+00	0.00e+00	0.00e+00	0.00e+00
 8.27317e+11	0.00e+00	2.46e-36	1.21e-27	7.41e-20	6.37e-13	6.15e-07	1.00e+00	0.00e+00	0.00e+00	0.00e+00	0.00e+00	0.00e+00
 8.82254e+11	1.22e-45	3.49e-36	1.62e-27	9.28e-20	7.47e-13	6.69e-07	1.00e+00	0.00e+00	0.00e+00	0.00e+00	0.00e+00	0.00e+00
 9.28244e+11	0.00e+00	0.00e+00	2.04e-27	1.11e-19	8.51e-13	7.16e-07	1.00e+00	0.00e+00	0.00e+00	0.00e+00	0.00e+00	0.00e+00
 9.78721e+11	0.00e+00	6.27e-36	2.62e-27	1.35e-19	9.77e-13	7.71e-07	1.00e+00	0.00e+00	0.00e+00	0.00e+00	0.00e+00	0.00e+00
 1.04236e+12	3.78e-45	9.02e-36	3.54e-27	1.71e-19	1.16e-12	8.43e-07	1.00e+00	0.00e+00	0.00e+00	0.00e+00	0.00e+00	0.00e+00
 1.10859e+12	0.00e+00	0.00e+00	4.78e-27	2.17e-19	1.37e-12	9.23e-07	1.00e+00	0.00e+00	0.00e+00	0.00e+00	0.00e+00	0.00e+00
 1.16538e+12	0.00e+00	1.75e-35	6.12e-27	2.64e-19	1.58e-12	9.95e-07	1.00e+00	0.00e+00	0.00e+00	0.00e+00	0.00e+00	0.00e+00
 1.22439e+12	1.19e-44	2.37e-35	7.85e-27	3.21e-19	1.82e-12	1.07e-06	1.00e+00	0.00e+00	0.00e+00	0.00e+00	0.00e+00	0.00e+00
 1.29787e+12	0.00e+00	0.00e+00	1.06e-26	4.07e-19	2.15e-12	1.17e-06	1.00e+00	0.00e+00	0.00e+00	0.00e+00	0.00e+00	0.00e+00
 1.37228e+12	0.00e+00	4.80e-35	1.41e-26	5.12e-19	2.54e-12	1.28e-06	1.00e+00	0.00e+00	0.00e+00	0.00e+00	0.00e+00	0.00e+00
 1.43714e+12	3.89e-44	6.43e-35	1.80e-26	6.21e-19	2.92e-12	1.38e-06	1.00e+00	0.00e+00	0.00e+00	0.00e+00	0.00e+00	0.00e+00
 1.50745e+12	0.00e+00	8.72e-35	2.32e-26	7.59e-19	3.38e-12	1.50e-06	1.00e+00	0.00e+00	0.00e+00	0.00e+00	0.00e+00	0.00e+00
 1.59309e+12	8.52e-44	1.25e-34	3.13e-26	9.62e-19	4.01e-12	1.64e-06	1.00e+00	0.00e+00	0.00e+00	0.00e+00	0.00e+00	0.00e+00
 1.68027e+12	0.00e+00	1.76e-34	4.18e-26	1.21e-18	4.74e-12	1.80e-06	1.00e+00	0.00e+00	0.00e+00	0.00e+00	0.00e+00	0.00e+00
 1.76024e+12	1.84e-43	2.39e-34	5.40e-26	1.48e-18	5.49e-12	1.95e-06	1.00e+00	0.00e+00	0.00e+00	0.00e+00	0.00e+00	0.00e+00
 1.84925e+12	0.00e+00	3.32e-34	7.09e-26	1.85e-18	6.43e-12	2.12e-06	1.00e+00	0.00e+00	0.00e+00	0.00e+00	0.00e+00	0.00e+00
 1.95252e+12	4.17e-43	4.78e-34	9.62e-26	2.35e-18	7.66e-12	2.33e-06	1.00e+00	0.00e+00	0.00e+00	0.00e+00	0.00e+00	0.00e+00
 2.05443e+12	0.00e+00	6.74e-34	1.28e-25	2.96e-18	9.04e-12	2.55e-06	1.00e+00	0.00e+00	0.00e+00	0.00e+00	0.00e+00	0.00e+00
 2.15201e+12	9.09e-43	9.25e-34	1.67e-25	3.66e-18	1.05e-11	2.77e-06	1.00e+00	0.00e+00	0.00e+00	0.00e+00	0.00e+00	0.00e+00
 2.25959e+12	0.00e+00	1.29e-33	2.21e-25	4.58e-18	1.24e-11	3.03e-06	1.00e+00	0.00e+00	0.00e+00	0.00e+00	0.00e+00	0.00e+00
 2.37990e+12	2.06e-42	1.85e-33	2.99e-25	5.82e-18	1.47e-11	3.33e-06	1.00e+00	0.00e+00	0.00e+00	0.00e+00	0.00e+00	0.00e+00
 2.48925e+12	0.00e+00	2.54e-33	3.89e-25	7.18e-18	1.71e-11	3.61e-06	1.00e+00	0.00e+00	0.00e+00	0.00e+00	0.00e+00	0.00e+00
 2.58122e+12	4.04e-42	3.28e-33	4.82e-25	8.52e-18	1.93e-11	3.86e-06	1.00e+00	0.00e+00	0.00e+00	0.00e+00	0.00e+00	0.00e+00
 2.68233e+12	0.00e+00	4.31e-33	6.06e-25	1.02e-17	2.20e-11	4.14e-06	1.00e+00	0.00e+00	0.00e+00	0.00e+00	0.00e+00	0.00e+00
 2.79647e+12	7.91e-42	5.81e-33	7.78e-25	1.25e-17	2.53e-11	4.47e-06	1.00e+00	0.00e+00	0.00e+00	0.00e+00	0.00e+00	0.00e+00
 2.90577e+12	0.00e+00	7.65e-33	9.80e-25	1.50e-17	2.89e-11	4.80e-06	1.00e+00	0.00e+00	0.00e+00	0.00e+00	0.00e+00	0.00e+00
 3.02607e+12	1.55e-41	1.03e-32	1.25e-24	1.82e-17	3.32e-11	5.18e-06	1.00e+00	0.00e+00	0.00e+00	0.00e+00	0.00e+00	0.00e+00
 3.15968e+12	0.00e+00	1.41e-32	1.63e-24	2.25e-17	3.85e-11	5.62e-06	1.00e+00	0.00e+00	0.00e+00	0.00e+00	0.00e+00	0.00e+00
 3.28489e+12	3.14e-41	1.88e-32	2.07e-24	2.72e-17	4.40e-11	6.04e-06	1.00e+00	0.00e+00	0.00e+00	0.00e+00	0.00e+00	0.00e+00
 3.42192e+12	0.00e+00	2.54e-32	2.67e-24	3.32e-17	5.07e-11	6.53e-06	1.00e+00	0.00e+00	0.00e+00	0.00e+00	0.00e+00	0.00e+00
 3.57603e+12	6.61e-41	3.53e-32	3.52e-24	4.13e-17	5.92e-11	7.10e-06	1.00e+00	0.00e+00	0.00e+00	0.00e+00	0.00e+00	0.00e+00
 3.72325e+12	0.00e+00	4.80e-32	4.54e-24	5.05e-17	6.81e-11	7.65e-06	1.00e+00	0.00e+00	0.00e+00	0.00e+00	0.00e+00	0.00e+00
 3.88465e+12	1.38e-40	6.61e-32	5.93e-24	6.25e-17	7.91e-11	8.31e-06	1.00e+00	0.00e+00	0.00e+00	0.00e+00	0.00e+00	0.00e+00
 4.05535e+12	0.00e+00	9.18e-32	7.79e-24	7.76e-17	9.21e-11	9.02e-06	1.00e+00	0.00e+00	0.00e+00	0.00e+00	0.00e+00	0.00e+00
 4.20453e+12	2.81e-40	1.21e-31	9.82e-24	9.31e-17	1.05e-10	9.67e-06	1.00e+00	0.00e+00	0.00e+00	0.00e+00	0.00e+00	0.00e+00
 4.36396e+12	0.00e+00	1.62e-31	1.25e-23	1.13e-16	1.19e-10	1.04e-05	1.00e+00	0.00e+00	0.00e+00	0.00e+00	0.00e+00	0.00e+00
 4.55812e+12	5.92e-40	2.28e-31	1.66e-23	1.41e-16	1.39e-10	1.13e-05	1.00e+00	0.00e+00	0.00e+00	0.00e+00	0.00e+00	0.00e+00
 4.75206e+12	0.00e+00	3.15e-31	2.18e-23	1.74e-16	1.62e-10	1.22e-05	1.00e+00	0.00e+00	0.00e+00	0.00e+00	0.00e+00	0.00e+00
 4.92310e+12	1.20e-39	4.17e-31	2.74e-23	2.09e-16	1.84e-10	1.31e-05	1.00e+00	0.00e+00	0.00e+00	0.00e+00	0.00e+00	0.00e+00
 5.10974e+12	0.00e+00	5.61e-31	3.51e-23	2.54e-16	2.10e-10	1.41e-05	1.00e+00	0.00e+00	0.00e+00	0.00e+00	0.00e+00	0.00e+00
 5.33450e+12	2.56e-39	7.91e-31	4.67e-23	3.18e-16	2.46e-10	1.53e-05	1.00e+00	0.00e+00	0.00e+00	0.00e+00	0.00e+00	0.00e+00
 5.55962e+12	0.00e+00	1.10e-30	6.15e-23	3.95e-16	2.85e-10	1.66e-05	1.00e+00	0.00e+00	0.00e+00	0.00e+00	0.00e+00	0.00e+00
 5.76443e+12	5.34e-39	1.48e-30	7.85e-23	4.78e-16	3.25e-10	1.78e-05	1.00e+00	0.00e+00	0.00e+00	0.00e+00	0.00e+00	0.00e+00
 5.99201e+12	0.00e+00	2.03e-30	1.02e-22	5.86e-16	3.75e-10	1.92e-05	1.00e+00	0.00e+00	0.00e+00	0.00e+00	0.00e+00	0.00e+00
 6.25802e+12	1.18e-38	2.90e-30	1.37e-22	7.38e-16	4.39e-10	2.09e-05	1.00e+00	0.00e+00	0.00e+00	0.00e+00	0.00e+00	0.00e+00
 6.52050e+12	0.00e+00	4.07e-30	1.81e-22	9.19e-16	5.11e-10	2.26e-05	1.00e+00	0.00e+00	0.00e+00	0.00e+00	0.00e+00	0.00e+00
 6.76854e+12	2.54e-38	5.55e-30	2.34e-22	1.12e-15	5.86e-10	2.44e-05	1.00e+00	0.00e+00	0.00e+00	0.00e+00	0.00e+00	0.00e+00
 7.04426e+12	0.00e+00	7.75e-30	3.09e-22	1.39e-15	6.79e-10	2.63e-05	1.00e+00	0.00e+00	0.00e+00	0.00e+00	0.00e+00	0.00e+00
 7.35596e+12	5.79e-38	1.12e-29	4.17e-22	1.76e-15	7.96e-10	2.87e-05	1.00e+00	0.00e+00	0.00e+00	0.00e+00	0.00e+00	0.00e+00
 7.66916e+12	0.00e+00	1.59e-29	5.58e-22	2.20e-15	9.29e-10	3.11e-05	1.00e+00	0.00e+00	0.00e+00	0.00e+00	0.00e+00	0.00e+00
 7.99489e+12	1.34e-37	2.27e-29	7.47e-22	2.76e-15	1.08e-09	3.38e-05	1.00e+00	0.00e+00	0.00e+00	0.00e+00	0.00e+00	0.00e+00
 8.34461e+12	0.00e+00	3.27e-29	1.01e-21	3.49e-15	1.27e-09	3.67e-05	1.00e+00	0.00e+00	0.00e+00	0.00e+00	0.00e+00	0.00e+00
 8.70832e+12	3.19e-37	4.73e-29	1.37e-21	4.41e-15	1.49e-09	3.99e-05	1.00e+00	0.00e+00	0.00e+00	0.00e+00	0.00e+00	0.00e+00
 9.06635e+12	0.00e+00	6.72e-29	1.82e-21	5.51e-15	1.73e-09	4.32e-05	1.00e+00	0.00e+00	0.00e+00	0.00e+00	0.00e+00	0.00e+00
 9.39947e+12	7.01e-37	9.20e-29	2.36e-21	6.72e-15	1.98e-09	4.64e-05	1.00e+00	0.00e+00	0.00e+00	0.00e+00	0.00e+00	0.00e+00
 9.70017e+12	0.00e+00	1.21e-28	2.96e-21	8.00e-15	2.23e-09	4.94e-05	1.00e+00	0.00e+00	0.00e+00	0.00e+00	0.00e+00	0.00e+00
 1.00226e+13	1.37e-36	1.62e-28	3.74e-21	9.59e-15	2.52e-09	5.26e-05	1.00e+00	0.00e+00	0.00e+00	0.00e+00	0.00e+00	0.00e+00
 1.04239e+13	0.00e+00	2.29e-28	4.97e-21	1.19e-14	2.93e-09	5.68e-05	1.00e+00	0.00e+00	0.00e+00	0.00e+00	0.00e+00	0.00e+00
 1.08262e+13	3.09e-36	3.21e-28	6.55e-21	1.47e-14	3.37e-09	6.12e-05	1.00e+00	0.00e+00	0.00e+00	0.00e+00	0.00e+00	0.00e+00
 1.11723e+13	0.00e+00	4.26e-28	8.24e-21	1.76e-14	3.80e-09	6.51e-05	1.00e+00	0.00e+00	0.00e+00	0.00e+00	0.00e+00	0.00e+00
 1.15466e+13	6.15e-36	5.74e-28	1.05e-20	2.12e-14	4.30e-09	6.94e-05	1.00e+00	0.00e+00	0.00e+00	0.00e+00	0.00e+00	0.00e+00
 1.20084e+13	0.00e+00	8.18e-28	1.40e-20	2.64e-14	4.99e-09	7.50e-05	1.00e+00	0.00e+00	0.00e+00	0.00e+00	0.00e+00	0.00e+00
 1.24698e+13	1.41e-35	1.15e-27	1.85e-20	3.26e-14	5.76e-09	8.07e-05	1.00e+00	0.00e+00	0.00e+00	0.00e+00	0.00e+00	0.00e+00
 1.28682e+13	0.00e+00	1.54e-27	2.34e-20	3.89e-14	6.49e-09	8.58e-05	1.00e+00	0.00e+00	0.00e+00	0.00e+00	0.00e+00	0.00e+00
 1.32988e+13	2.85e-35	2.08e-27	2.98e-20	4.69e-14	7.35e-09	9.15e-05	1.00e+00	0.00e+00	0.00e+00	0.00e+00	0.00e+00	0.00e+00
 1.38279e+13	4.36e-35	2.98e-27	3.99e-20	5.85e-14	8.53e-09	9.88e-05	1.00e+00	0.00e+00	0.00e+00	0.00e+00	0.00e+00	0.00e+00
 1.43620e+13	6.62e-35	4.22e-27	5.29e-20	7.26e-14	9.86e-09	1.06e-04	1.00e+00	0.00e+00	0.00e+00	0.00e+00	0.00e+00	0.00e+00
 1.48354e+13	9.51e-35	5.72e-27	6.76e-20	8.73e-14	1.12e-08	1.13e-04	1.00e+00	0.00e+00	0.00e+00	0.00e+00	0.00e+00	0.00e+00
 1.53530e+13	1.39e-34	7.87e-27	8.74e-20	1.06e-13	1.27e-08	1.21e-04	1.00e+00	0.00e+00	0.00e+00	0.00e+00	0.00e+00	0.00e+00
 1.59735e+13	2.16e-34	1.14e-26	1.18e-19	1.33e-13	1.48e-08	1.31e-04	1.00e+00	0.00e+00	0.00e+00	0.00e+00	0.00e+00	0.00e+00
 1.65918e+13	3.31e-34	1.63e-26	1.57e-19	1.65e-13	1.71e-08	1.41e-04	1.00e+00	0.00e+00	0.00e+00	0.00e+00	0.00e+00	0.00e+00
 1.71553e+13	4.83e-34	2.23e-26	2.02e-19	2.00e-13	1.95e-08	1.50e-04	1.00e+00	0.00e+00	0.00e+00	0.00e+00	0.00e+00	0.00e+00
 1.77835e+13	7.25e-34	3.13e-26	2.66e-19	2.46e-13	2.24e-08	1.61e-04	1.00e+00	0.00e+00	0.00e+00	0.00e+00	0.00e+00	0.00e+00
 1.85163e+13	1.14e-33	4.59e-26	3.62e-19	3.11e-13	2.61e-08	1.74e-04	1.00e+00	0.00e+00	0.00e+00	0.00e+00	0.00e+00	0.00e+00
 1.92384e+13	1.77e-33	6.60e-26	4.85e-19	3.87e-13	3.03e-08	1.88e-04	1.00e+00	0.00e+00	0.00e+00	0.00e+00	0.00e+00	0.00e+00
 1.99224e+13	2.63e-33	9.21e-26	6.33e-19	4.74e-13	3.46e-08	2.01e-04	1.00e+00	0.00e+00	0.00e+00	0.00e+00	0.00e+00	0.00e+00
 2.06822e+13	4.04e-33	1.32e-25	8.44e-19	5.88e-13	4.00e-08	2.16e-04	1.00e+00	0.00e+00	0.00e+00	0.00e+00	0.00e+00	0.00e+00
 2.15394e+13	6.42e-33	1.94e-25	1.15e-18	7.44e-13	4.68e-08	2.34e-04	1.00e+00	0.00e+00	0.00e+00	0.00e+00	0.00e+00	0.00e+00
 2.24012e+13	1.01e-32	2.82e-25	1.56e-18	9.34e-13	5.45e-08	2.53e-04	1.00e+00	0.00e+00	0.00e+00	0.00e+00	0.00e+00	0.00e+00
 2.32976e+13	1.58e-32	4.11e-25	2.11e-18	1.17e-12	6.34e-08	2.73e-04	1.00e+00	0.00e+00	0.00e+00	0.00e+00	0.00e+00	0.00e+00
 2.42594e+13	2.51e-32	6.06e-25	2.88e-18	1.48e-12	7.42e-08	2.95e-04	1.00e+00	0.00e+00	0.00e+00	0.00e+00	0.00e+00	0.00e+00
 2.51913e+13	3.87e-32	8.70e-25	3.85e-18	1.85e-12	8.59e-08	3.18e-04	1.00e+00	0.00e+00	0.00e+00	0.00e+00	0.00e+00	0.00e+00
 2.60685e+13	5.74e-32	1.21e-24	5.01e-18	2.25e-12	9.81e-08	3.40e-04	1.00e+00	0.00e+00	0.00e+00	0.00e+00	0.00e+00	0.00e+00
 2.70492e+13	8.77e-32	1.72e-24	6.66e-18	2.79e-12	1.13e-07	3.66e-04	1.00e+00	0.00e+00	0.00e+00	0.00e+00	0.00e+00	0.00e+00
 2.80374e+13	1.32e-31	2.43e-24	8.79e-18	3.44e-12	1.30e-07	3.93e-04	1.00e+00	0.00e+00	0.00e+00	0.00e+00	0.00e+00	0.00e+00
 2.88589e+13	1.84e-31	3.21e-24	1.10e-17	4.08e-12	1.46e-07	4.16e-04	1.00e+00	0.00e+00	0.00e+00	0.00e+00	0.00e+00	0.00e+00
 2.97292e+13	2.59e-31	4.27e-24	1.38e-17	4.85e-12	1.64e-07	4.41e-04	1.00e+00	0.00e+00	0.00e+00	0.00e+00	0.00e+00	0.00e+00
 3.08405e+13	3.94e-31	6.06e-24	1.83e-17	6.01e-12	1.89e-07	4.74e-04	1.00e+00	0.00e+00	0.00e+00	0.00e+00	0.00e+00	0.00e+00
 3.20057e+13	6.08e-31	8.73e-24	2.47e-17	7.46e-12	2.19e-07	5.10e-04	9.99e-01	0.00e+00	0.00e+00	0.00e+00	0.00e+00	0.00e+00
 3.30379e+13	8.67e-31	1.17e-23	3.13e-17	8.98e-12	2.48e-07	5.44e-04	9.99e-01	0.00e+00	0.00e+00	0.00e+00	0.00e+00	0.00e+00
 3.41568e+13	1.27e-30	1.61e-23	4.04e-17	1.09e-11	2.82e-07	5.81e-04	9.99e-01	0.00e+00	0.00e+00	0.00e+00	0.00e+00	0.00e+00
 3.54999e+13	1.97e-30	2.33e-23	5.44e-17	1.37e-11	3.28e-07	6.28e-04	9.99e-01	0.00e+00	0.00e+00	0.00e+00	0.00e+00	0.00e+00
 3.68595e+13	3.02e-30	3.34e-23	7.28e-17	1.71e-11	3.80e-07	6.77e-04	9.99e-01	0.00e+00	0.00e+00	0.00e+00	0.00e+00	0.00e+00
 3.81351e+13	4.44e-30	4.62e-23	9.46e-17	2.08e-11	4.35e-07	7.25e-04	9.99e-01	0.00e+00	0.00e+00	0.00e+00	0.00e+00	0.00e+00
 3.93660e+13	6.37e-30	6.25e-23	1.21e-16	2.51e-11	4.93e-07	7.73e-04	9.99e-01	0.00e+00	0.00e+00	0.00e+00	0.00e+00	0.00e+00
 4.07555e+13	9.44e-30	8.70e-23	1.58e-16	3.07e-11	5.65e-07	8.29e-04	9.99e-01	0.00e+00	0.00e+00	0.00e+00	0.00e+00	0.00e+00
 4.22884e+13	1.43e-29	1.24e-22	2.10e-16	3.82e-11	6.53e-07	8.93e-04	9.99e-01	0.00e+00	0.00e+00	0.00e+00	0.00e+00	0.00e+00
 4.37026e+13	2.08e-29	1.69e-22	2.71e-16	4.63e-11	7.43e-07	9.54e-04	9.99e-01	0.00e+00	0.00e+00	0.00e+00	0.00e+00	0.00e+00
 4.52361e+13	3.07e-29	2.35e-22	3.53e-16	5.67e-11	8.51e-07	1.02e-03	9.99e-01	0.00e+00	0.00e+00	0.00e+00	0.00e+00	0.00e+00
 4.69482e+13	4.67e-29	3.34e-22	4.70e-16	7.05e-11	9.86e-07	1.10e-03	9.99e-01	0.00e+00	0.00e+00	0.00e+00	0.00e+00	0.00e+00
 4.85575e+13	6.84e-29	4.60e-22	6.10e-16	8.60e-11	1.13e-06	1.18e-03	9.99e-01	0.00e+00	0.00e+00	0.00e+00	0.00e+00	0.00e+00
 5.03141e+13	1.02e-28	6.45e-22	8.03e-16	1.06e-10	1.30e-06	1.27e-03	9.99e-01	0.00e+00	0.00e+00	0.00e+00	0.00e+00	0.00e+00
 5.22656e+13	1.57e-28	9.25e-22	1.08e-15	1.33e-10	1.51e-06	1.37e-03	9.99e-01	0.00e+00	0.00e+00	0.00e+00	0.00e+00	0.00e+00
 5.40894e+13	2.31e-28	1.28e-21	1.40e-15	1.62e-10	1.72e-06	1.47e-03	9.99e-01	0.00e+00	0.00e+00	0.00e+00	0.00e+00	0.00e+00
 5.60686e+13	3.47e-28	1.80e-21	1.85e-15	2.00e-10	1.99e-06	1.58e-03	9.98e-01	0.00e+00	0.00e+00	0.00e+00	0.00e+00	0.00e+00
 5.82797e+13	5.36e-28	2.60e-21	2.50e-15	2.52e-10	2.31e-06	1.71e-03	9.98e-01	0.00e+00	0.00e+00	0.00e+00	0.00e+00	0.00e+00
 6.03843e+13	8.01e-28	3.65e-21	3.28e-15	3.10e-10	2.66e-06	1.84e-03	9.98e-01	0.00e+00	0.00e+00	0.00e+00	0.00e+00	0.00e+00
 6.26346e+13	1.21e-27	5.17e-21	4.36e-15	3.85e-10	3.08e-06	1.99e-03	9.98e-01	0.00e+00	0.00e+00	0.00e+00	0.00e+00	0.00e+00
 6.51699e+13	1.90e-27	7.55e-21	5.93e-15	4.86e-10	3.60e-06	2.15e-03	9.98e-01	0.00e+00	0.00e+00	0.00e+00	0.00e+00	0.00e+00
 6.76714e+13	2.91e-27	1.08e-20	7.93e-15	6.08e-10	4.18e-06	2.32e-03	9.98e-01	0.00e+00	0.00e+00	0.00e+00	0.00e+00	0.00e+00
 7.02730e+13	4.46e-27	1.55e-20	1.06e-14	7.59e-10	4.85e-06	2.51e-03	9.97e-01	0.00e+00	0.00e+00	0.00e+00	0.00e+00	0.00e+00
 7.29398e+13	6.81e-27	2.21e-20	1.42e-14	9.46e-10	5.62e-06	2.71e-03	9.97e-01	0.00e+00	0.00e+00	0.00e+00	0.00e+00	0.00e+00
 7.54130e+13	9.97e-27	3.05e-20	1.84e-14	1.15e-09	6.41e-06	2.90e-03	9.97e-01	0.00e+00	0.00e+00	0.00e+00	0.00e+00	0.00e+00
 7.81592e+13	1.50e-26	4.29e-20	2.43e-14	1.42e-09	7.38e-06	3.12e-03	9.97e-01	0.00e+00	0.00e+00	0.00e+00	0.00e+00	0.00e+00
 8.11741e+13	2.31e-26	6.18e-20	3.26e-14	1.78e-09	8.58e-06	3.36e-03	9.97e-01	0.00e+00	0.00e+00	0.00e+00	0.00e+00	0.00e+00
 8.39647e+13	3.40e-26	8.56e-20	4.24e-14	2.17e-09	9.80e-06	3.60e-03	9.96e-01	0.00e+00	0.00e+00	0.00e+00	0.00e+00	0.00e+00
 8.64160e+13	4.73e-26	1.13e-19	5.31e-14	2.58e-09	1.10e-05	3.82e-03	9.96e-01	0.00e+00	0.00e+00	0.00e+00	0.00e+00	0.00e+00
 8.90116e+13	6.64e-26	1.50e-19	6.69e-14	3.07e-09	1.23e-05	4.05e-03	9.96e-01	0.00e+00	0.00e+00	0.00e+00	0.00e+00	0.00e+00
 9.23031e+13	1.01e-25	2.13e-19	8.88e-14	3.80e-09	1.43e-05	4.36e-03	9.96e-01	0.00e+00	0.00e+00	0.00e+00	0.00e+00	0.00e+00
 9.56380e+13	1.52e-25	3.00e-19	1.17e-13	4.69e-09	1.64e-05	4.69e-03	9.95e-01	0.00e+00	0.00e+00	0.00e+00	0.00e+00	0.00e+00
 9.84587e+13	2.12e-25	3.98e-19	1.47e-13	5.58e-09	1.84e-05	4.97e-03	9.95e-01	0.00e+00	0.00e+00	0.00e+00	0.00e+00	0.00e+00
 1.01472e+14	3.00e-25	5.33e-19	1.86e-13	6.66e-09	2.07e-05	5.28e-03	9.95e-01	0.00e+00	0.00e+00	0.00e+00	0.00e+00	0.00e+00
 1.05254e+14	4.58e-25	7.59e-19	2.48e-13	8.28e-09	2.40e-05	5.68e-03	9.94e-01	0.00e+00	0.00e+00	0.00e+00	0.00e+00	0.00e+00
 1.09157e+14	6.97e-25	1.08e-18	3.30e-13	1.03e-08	2.77e-05	6.12e-03	9.94e-01	0.00e+00	0.00e+00	0.00e+00	0.00e+00	0.00e+00
 1.12598e+14	9.99e-25	1.46e-18	4.21e-13	1.23e-08	3.13e-05	6.51e-03	9.93e-01	0.00e+00	0.00e+00	0.00e+00	0.00e+00	0.00e+00
 1.16315e+14	1.45e-24	2.00e-18	5.42e-13	1.50e-08	3.56e-05	6.95e-03	9.93e-01	0.00e+00	0.00e+00	0.00e+00	0.00e+00	0.00e+00
 1.20799e+14	2.24e-24	2.88e-18	7.29e-13	1.87e-08	4.13e-05	7.50e-03	9.92e-01	0.00e+00	0.00e+00	0.00e+00	0.00e+00	0.00e+00
 1.25245e+14	3.42e-24	4.10e-18	9.69e-13	2.32e-08	4.77e-05	8.06e-03	9.92e-01	0.00e+00	0.00e+00	0.00e+00	0.00e+00	0.00e+00
 1.29197e+14	4.89e-24	5.54e-18	1.23e-12	2.79e-08	5.39e-05	8.58e-03	9.91e-01	0.00e+00	0.00e+00	0.00e+00	0.00e+00	0.00e+00
 1.33544e+14	7.17e-24	7.64e-18	1.60e-12	3.39e-08	6.15e-05	9.17e-03	9.91e-01	0.00e+00	0.00e+00	0.00e+00	0.00e+00	0.00e+00
 1.38735e+14	1.11e-23	1.10e-17	2.16e-12	4.25e-08	7.15e-05	9.91e-03	9.90e-01	0.00e+00	0.00e+00	0.00e+00	0.00e+00	0.00e+00
 1.43891e+14	1.69e-23	1.57e-17	2.87e-12	5.28e-08	8.26e-05	1.07e-02	9.89e-01	0.00e+00	0.00e+00	0.00e+00	0.00e+00	0.00e+00
 1.48585e+14	2.44e-23	2.14e-17	3.68e-12	6.38e-08	9.37e-05	1.14e-02	9.89e-01	0.00e+00	0.00e+00	0.00e+00	0.00e+00	0.00e+00
 1.53814e+14	3.62e-23	2.98e-17	4.82e-12	7.83e-08	1.07e-04	1.22e-02	9.88e-01	0.00e+00	0.00e+00	0.00e+00	0.00e+00	0.00e+00
 1.59920e+14	5.64e-23	4.33e-17	6.53e-12	9.86e-08	1.25e-04	1.32e-02	9.87e-01	0.00e+00	0.00e+00	0.00e+00	0.00e+00	0.00e+00
 1.65925e+14	8.56e-23	6.16e-17	8.69e-12	1.23e-07	1.45e-04	1.42e-02	9.86e-01	0.00e+00	0.00e+00	0.00e+00	0.00e+00	0.00e+00
 1.71572e+14	1.25e-22	8.48e-17	1.13e-11	1.50e-07	1.66e-04	1.52e-02	9.85e-01	0.00e+00	0.00e+00	0.00e+00	0.00e+00	0.00e+00
 1.77865e+14	1.86e-22	1.19e-16	1.49e-11	1.85e-07	1.91e-04	1.64e-02	9.83e-01	0.00e+00	0.00e+00	0.00e+00	0.00e+00	0.00e+00
 1.85010e+14	2.90e-22	1.73e-16	2.02e-11	2.34e-07	2.23e-04	1.78e-02	9.82e-01	0.00e+00	0.00e+00	0.00e+00	0.00e+00	0.00e+00
 1.92143e+14	4.42e-22	2.47e-16	2.70e-11	2.92e-07	2.59e-04	1.92e-02	9.81e-01	0.00e+00	0.00e+00	0.00e+00	0.00e+00	0.00e+00
 1.99027e+14	6.51e-22	3.44e-16	3.54e-11	3.59e-07	2.97e-04	2.07e-02	9.79e-01	0.00e+00	0.00e+00	0.00e+00	0.00e+00	0.00e+00
 2.05001e+14	9.02e-22	4.54e-16	4.44e-11	4.28e-07	3.34e-04	2.20e-02	9.78e-01	0.00e+00	0.00e+00	0.00e+00	0.00e+00	0.00e+00
 2.09993e+14	1.17e-21	5.67e-16	5.33e-11	4.93e-07	3.67e-04	2.31e-02	9.77e-01	0.00e+00	0.00e+00	0.00e+00	0.00e+00	0.00e+00
 2.15543e+14	1.55e-21	7.20e-16	6.50e-11	5.75e-07	4.07e-04	2.44e-02	9.75e-01	0.00e+00	0.00e+00	0.00e+00	0.00e+00	0.00e+00
 2.22758e+14	2.21e-21	9.77e-16	8.36e-11	6.98e-07	4.63e-04	2.61e-02	9.73e-01	0.00e+00	0.00e+00	0.00e+00	0.00e+00	0.00e+00
 2.30366e+14	3.17e-21	1.33e-15	1.08e-10	8.50e-07	5.28e-04	2.81e-02	9.71e-01	0.00e+00	0.00e+00	0.00e+00	0.00e+00	0.00e+00
 2.36933e+14	4.27e-21	1.72e-15	1.34e-10	1.00e-06	5.90e-04	2.97e-02	9.70e-01	0.00e+00	0.00e+00	0.00e+00	0.00e+00	0.00e+00
 2.43918e+14	5.79e-21	2.23e-15	1.66e-10	1.19e-06	6.61e-04	3.16e-02	9.68e-01	0.00e+00	0.00e+00	0.00e+00	0.00e+00	0.00e+00
 2.52838e+14	8.44e-21	3.10e-15	2.18e-10	1.47e-06	7.61e-04	3.41e-02	9.65e-01	0.00e+00	0.00e+00	0.00e+00	0.00e+00	0.00e+00
 2.62016e+14	1.22e-20	4.27e-15	2.85e-10	1.81e-06	8.75e-04	3.68e-02	9.62e-01	0.00e+00	0.00e+00	0.00e+00	0.00e+00	0.00e+00
 2.69883e+14	1.66e-20	5.57e-15	3.56e-10	2.15e-06	9.81e-04	3.92e-02	9.60e-01	0.00e+00	0.00e+00	0.00e+00	0.00e+00	0.00e+00
 2.78304e+14	2.27e-20	7.31e-15	4.48e-10	2.58e-06	1.11e-03	4.18e-02	9.57e-01	0.00e+00	0.00e+00	0.00e+00	0.00e+00	0.00e+00
 2.88740e+14	3.31e-20	1.02e-14	5.91e-10	3.20e-06	1.28e-03	4.52e-02	9.54e-01	0.00e+00	0.00e+00	0.00e+00	0.00e+00	0.00e+00
 2.99432e+14	4.78e-20	1.40e-14	7.75e-10	3.95e-06	1.47e-03	4.88e-02	9.50e-01	0.00e+00	0.00e+00	0.00e+00	0.00e+00	0.00e+00
 3.08955e+14	6.55e-20	1.85e-14	9.80e-10	4.75e-06	1.66e-03	5.22e-02	9.46e-01	0.00e+00	0.00e+00	0.00e+00	0.00e+00	0.00e+00
 3.19321e+14	9.07e-20	2.47e-14	1.25e-09	5.76e-06	1.88e-03	5.60e-02	9.42e-01	0.00e+00	0.00e+00	0.00e+00	0.00e+00	0.00e+00
 3.31700e+14	1.33e-19	3.46e-14	1.66e-09	7.19e-06	2.18e-03	6.07e-02	9.37e-01	0.00e+00	0.00e+00	0.00e+00	0.00e+00	0.00e+00
 3.43909e+14	1.91e-19	4.76e-14	2.18e-09	8.87e-06	2.50e-03	6.56e-02	9.32e-01	0.00e+00	0.00e+00	0.00e+00	0.00e+00	0.00e+00
 3.54898e+14	2.59e-19	6.27e-14	2.75e-09	1.07e-05	2.82e-03	7.01e-02	9.27e-01	0.00e+00	0.00e+00	0.00e+00	0.00e+00	0.00e+00
 3.67085e+14	3.63e-19	8.45e-14	3.54e-09	1.30e-05	3.21e-03	7.52e-02	9.22e-01	0.00e+00	0.00e+00	0.00e+00	0.00e+00	0.00e+00
 3.81468e+14	5.31e-19	1.19e-13	4.72e-09	1.62e-05	3.71e-03	8.15e-02	9.15e-01	0.00e+00	0.00e+00	0.00e+00	0.00e+00	0.00e+00
 3.95674e+14	7.62e-19	1.64e-13	6.20e-09	2.00e-05	4.26e-03	8.79e-02	9.08e-01	0.00e+00	0.00e+00	0.00e+00	0.00e+00	0.00e+00
 4.08809e+14	1.05e-18	2.18e-13	7.91e-09	2.42e-05	4.82e-03	9.41e-02	9.01e-01	0.00e+00	0.00e+00	0.00e+00	0.00e+00	0.00e+00
 4.23554e+14	1.50e-18	2.99e-13	1.03e-08	2.97e-05	5.50e-03	1.01e-01	8.93e-01	0.00e+00	0.00e+00	0.00e+00	0.00e+00	0.00e+00
 4.40526e+14	2.21e-18	4.24e-13	1.38e-08	3.72e-05	6.36e-03	1.10e-01	8.84e-01	0.00e+00	0.00e+00	0.00e+00	0.00e+00	0.00e+00
 4.57148e+14	3.19e-18	5.90e-13	1.83e-08	4.61e-05	7.30e-03	1.18e-01	8.75e-01	0.00e+00	0.00e+00	0.00e+00	0.00e+00	0.00e+00
 4.74435e+14	4.63e-18	8.22e-13	2.41e-08	5.70e-05	8.37e-03	1.27e-01	8.64e-01	0.00e+00	0.00e+00	0.00e+00	0.00e+00	0.00e+00
 4.93442e+14	6.87e-18	1.17e-12	3.24e-08	7.14e-05	9.66e-03	1.37e-01	8.53e-01	0.00e+00	0.00e+00	0.00e+00	0.00e+00	0.00e+00
 5.09527e+14	9.49e-18	1.56e-12	4.12e-08	8.57e-05	1.09e-02	1.46e-01	8.43e-01	0.00e+00	0.00e+00	0.00e+00	0.00e+00	0.00e+00
 5.21295e+14	1.20e-17	1.92e-12	4.89e-08	9.76e-05	1.18e-02	1.53e-01	8.36e-01	0.00e+00	0.00e+00	0.00e+00	0.00e+00	0.00e+00
 5.33652e+14	1.52e-17	2.37e-12	5.83e-08	1.11e-04	1.28e-02	1.60e-01	8.28e-01	0.00e+00	0.00e+00	0.00e+00	0.00e+00	0.00e+00
 5.49715e+14	2.05e-17	3.10e-12	7.29e-08	1.32e-04	1.43e-02	1.69e-01	8.17e-01	0.00e+00	0.00e+00	0.00e+00	0.00e+00	0.00e+00
 5.67428e+14	2.89e-17	4.14e-12	9.26e-08	1.58e-04	1.60e-02	1.79e-01	8.05e-01	0.00e+00	0.00e+00	1.67e-17	8.70e-18	2.92e-18
 5.83814e+14	3.87e-17	5.37e-12	1.15e-07	1.85e-04	1.77e-02	1.88e-01	7.94e-01	0.00e+00	0.00e+00	2.23e-17	1.17e-17	3.92e-18
 6.01642e+14	5.29e-17	7.07e-12	1.44e-07	2.19e-04	1.97e-02	1.99e-01	7.82e-01	0.00e+00	0.00e+00	3.04e-17	1.60e-17	5.33e-18
 6.21690e+14	7.44e-17	9.56e-12	1.84e-07	2.63e-04	2.20e-02	2.10e-01	7.67e-01	0.00e+00	0.00e+00	4.28e-17	2.25e-17	7.46e-18
 6.40790e+14	1.02e-16	1.26e-11	2.31e-07	3.12e-04	2.45e-02	2.22e-01	7.54e-01	0.00e+00	0.00e+00	5.87e-17	3.08e-17	1.02e-17
 6.61786e+14	1.43e-16	1.70e-11	2.94e-07	3.72e-04	2.73e-02	2.34e-01	7.38e-01	0.00e+00	0.00e+00	8.23e-17	4.31e-17	1.43e-17
 6.85265e+14	2.07e-16	2.34e-11	3.82e-07	4.51e-04	3.08e-02	2.47e-01	7.21e-01	0.00e+00	0.00e+00	1.19e-16	6.23e-17	2.06e-17
 7.07569e+14	2.90e-16	3.14e-11	4.85e-07	5.37e-04	3.43e-02	2.60e-01	7.05e-01	0.00e+00	0.00e+00	1.67e-16	8.74e-17	2.88e-17
 7.32162e+14	4.17e-16	4.31e-11	6.25e-07	6.47e-04	3.84e-02	2.74e-01	6.87e-01	0.00e+00	0.00e+00	2.41e-16	1.26e-16	4.13e-17
 7.59712e+14	6.19e-16	6.05e-11	8.22e-07	7.89e-04	4.33e-02	2.90e-01	6.66e-01	0.00e+00	0.00e+00	3.58e-16	1.87e-16	6.11e-17
 7.85700e+14	8.87e-16	8.24e-11	1.05e-06	9.44e-04	4.83e-02	3.04e-01	6.47e-01	0.00e+00	0.00e+00	5.13e-16	2.67e-16	8.73e-17
 8.14014e+14	1.30e-15	1.14e-10	1.36e-06	1.14e-03	5.41e-02	3.19e-01	6.26e-01	0.00e+00	0.00e+00	7.52e-16	3.92e-16	1.28e-16
 8.45488e+14	1.96e-15	1.62e-10	1.80e-06	1.39e-03	6.09e-02	3.35e-01	6.03e-01	0.00e+00	0.00e+00	1.13e-15	5.90e-16	1.92e-16
 8.75022e+14	2.85e-15	2.21e-10	2.31e-06	1.66e-03	6.77e-02	3.50e-01	5.81e-01	0.00e+00	0.00e+00	1.65e-15	8.58e-16	2.79e-16
 9.06854e+14	4.20e-15	3.07e-10	2.99e-06	1.99e-03	7.54e-02	3.64e-01	5.58e-01	0.00e+00	0.00e+00	2.43e-15	1.27e-15	4.10e-16
 9.42326e+14	6.39e-15	4.35e-10	3.94e-06	2.42e-03	8.45e-02	3.80e-01	5.33e-01	0.00e+00	0.00e+00	3.70e-15	1.92e-15	6.23e-16
 9.76468e+14	9.43e-15	6.01e-10	5.08e-06	2.89e-03	9.37e-02	3.94e-01	5.09e-01	0.00e+00	0.00e+00	5.47e-15	2.84e-15	9.19e-16
 1.01281e+15	1.41e-14	8.37e-10	6.58e-06	3.47e-03	1.04e-01	4.08e-01	4.85e-01	0.00e+00	0.00e+00	8.18e-15	4.25e-15	1.37e-15
 1.05335e+15	2.17e-14	1.19e-09	8.65e-06	4.20e-03	1.16e-01	4.22e-01	4.58e-01	0.00e+00	0.00e+00	1.26e-14	6.54e-15	2.11e-15
 1.08750e+15	3.08e-14	1.58e-09	1.08e-05	4.89e-03	1.26e-01	4.33e-01	4.36e-01	0.00e+00	0.00e+00	1.79e-14	9.29e-15	2.99e-15
 1.11211e+15	3.93e-14	1.93e-09	1.26e-05	5.44e-03	1.34e-01	4.40e-01	4.21e-01	0.00e+00	0.00e+00	2.28e-14	1.19e-14	3.82e-15
 1.13769e+15	5.05e-14	2.36e-09	1.47e-05	6.06e-03	1.42e-01	4.47e-01	4.05e-01	0.00e+00	0.00e+00	2.93e-14	1.52e-14	4.90e-15
 1.17094e+15	6.93e-14	3.05e-09	1.79e-05	6.92e-03	1.53e-01	4.54e-01	3.86e-01	0.00e+00	0.00e+00	4.02e-14	2.09e-14	6.72e-15
 1.20801e+15	9.75e-14	4.01e-09	2.21e-05	7.98e-03	1.65e-01	4.62e-01	3.65e-01	0.00e+00	0.00e+00	5.66e-14	2.94e-14	9.46e-15
 1.24271e+15	1.33e-13	5.13e-09	2.67e-05	9.07e-03	1.77e-01	4.68e-01	3.46e-01	0.00e+00	0.00e+00	7.72e-14	4.02e-14	1.29e-14
 1.28048e+15	1.85e-13	6.65e-09	3.26e-05	1.04e-02	1.90e-01	4.73e-01	3.27e-01	0.00e+00	0.00e+00	1.07e-13	5.58e-14	1.79e-14
 1.32275e+15	2.63e-13	8.79e-09	4.04e-05	1.20e-02	2.04e-01	4.78e-01	3.06e-01	0.00e+00	0.00e+00	1.53e-13	7.95e-14	2.55e-14
 1.36265e+15	3.64e-13	1.13e-08	4.90e-05	1.36e-02	2.18e-01	4.81e-01	2.87e-01	0.00e+00	0.00e+00	2.11e-13	1.10e-13	3.52e-14
 1.40631e+15	5.13e-13	1.48e-08	6.01e-05	1.55e-02	2.33e-01	4.84e-01	2.68e-01	0.00e+00	0.00e+00	2.98e-13	1.55e-13	4.97e-14
 1.45524e+15	7.42e-13	1.98e-08	7.47e-05	1.79e-02	2.50e-01	4.84e-01	2.47e-01	0.00e+00	0.00e+00	4.31e-13	2.24e-13	7.19e-14
 1.50166e+15	1.04e-12	2.57e-08	9.11e-05	2.04e-02	2.66e-01	4.84e-01	2.30e-01	0.00e+00	0.00e+00	6.05e-13	3.15e-13	1.01e-13
 1.55266e+15	1.49e-12	3.39e-08	1.12e-04	2.33e-02	2.84e-01	4.82e-01	2.11e-01	0.00e+00	0.00e+00	8.67e-13	4.51e-13	1.45e-13
 1.60940e+15	2.19e-12	4.55e-08	1.40e-04	2.68e-02	3.03e-01	4.78e-01	1.92e-01	0.00e+00	0.00e+00	1.27e-12	6.61e-13	2.12e-13
 1.66209e+15	3.07e-12	5.91e-08	1.70e-04	3.04e-02	3.20e-01	4.73e-01	1.76e-01	0.00e+00	0.00e+00	1.79e-12	9.30e-13	2.98e-13
 1.71906e+15	4.40e-12	7.76e-08	2.09e-04	3.45e-02	3.38e-01	4.67e-01	1.60e-01	0.00e+00	0.00e+00	2.56e-12	1.33e-12	4.26e-13
 1.78270e+15	6.43e-12	1.04e-07	2.59e-04	3.95e-02	3.58e-01	4.58e-01	1.44e-01	0.00e+00	0.00e+00	3.74e-12	1.95e-12	6.23e-13
 1.84227e+15	9.03e-12	1.34e-07	3.15e-04	4.44e-02	3.76e-01	4.49e-01	1.30e-01	0.00e+00	0.00e+00	5.25e-12	2.73e-12	8.75e-13
 1.90697e+15	1.29e-11	1.76e-07	3.85e-04	5.02e-02	3.94e-01	4.38e-01	1.17e-01	0.00e+00	0.00e+00	7.52e-12	3.91e-12	1.25e-12
 1.97581e+15	1.87e-11	2.33e-07	4.72e-04	5.67e-02	4.13e-01	4.26e-01	1.04e-01	0.00e+00	0.00e+00	1.09e-11	5.65e-12	1.81e-12
 2.03604e+15	2.54e-11	2.93e-07	5.59e-04	6.27e-02	4.28e-01	4.14e-01	9.42e-02	0.00e+00	0.00e+00	1.48e-11	7.70e-12	2.47e-12
 2.08773e+15	3.29e-11	3.56e-07	6.45e-04	6.82e-02	4.41e-01	4.04e-01	8.63e-02	0.00e+00	0.00e+00	1.91e-11	9.96e-12	3.19e-12
 2.14230e+15	4.29e-11	4.35e-07	7.45e-04	7.41e-02	4.53e-01	3.93e-01	7.87e-02	0.00e+00	0.00e+00	2.50e-11	1.30e-11	4.17e-12
 2.20395e+15	5.73e-11	5.40e-07	8.71e-04	8.11e-02	4.67e-01	3.80e-01	7.09e-02	0.00e+00	0.00e+00	3.33e-11	1.74e-11	5.56e-12
 2.26305e+15	7.48e-11	6.59e-07	1.01e-03	8.81e-02	4.78e-01	3.68e-01	6.42e-02	0.00e+00	0.00e+00	4.35e-11	2.27e-11	7.27e-12
 2.32815e+15	9.99e-11	8.18e-07	1.18e-03	9.61e-02	4.90e-01	3.55e-01	5.76e-02	0.00e+00	0.00e+00	5.81e-11	3.03e-11	9.71e-12
 2.39914e+15	1.35e-10	1.02e-06	1.38e-03	1.05e-01	5.02e-01	3.40e-01	5.11e-02	0.00e+00	0.00e+00	7.85e-11	4.09e-11	1.31e-11
 2.46419e+15	1.76e-10	1.25e-06	1.59e-03	1.14e-01	5.12e-01	3.27e-01	4.59e-02	0.00e+00	0.00e+00	1.02e-10	5.33e-11	1.71e-11
 2.53517e+15	2.34e-10	1.54e-06	1.85e-03	1.23e-01	5.22e-01	3.12e-01	4.07e-02	0.00e+00	0.00e+00	1.36e-10	7.10e-11	2.28e-11
 2.61424e+15	3.16e-10	1.93e-06	2.18e-03	1.34e-01	5.31e-01	2.97e-01	3.57e-02	0.00e+00	0.00e+00	1.84e-10	9.60e-11	3.08e-11
 2.68924e+15	4.16e-10	2.38e-06	2.52e-03	1.45e-01	5.38e-01	2.82e-01	3.16e-02	0.00e+00	0.00e+00	2.42e-10	1.26e-10	4.05e-11
 2.77219e+15	5.63e-10	2.97e-06	2.95e-03	1.58e-01	5.45e-01	2.67e-01	2.75e-02	0.00e+00	0.00e+00	3.27e-10	1.71e-10	5.48e-11
 2.86259e+15	7.65e-10	3.74e-06	3.48e-03	1.71e-01	5.51e-01	2.50e-01	2.37e-02	0.00e+00	0.00e+00	4.45e-10	2.32e-10	7.46e-11
 2.94414e+15	9.97e-10	4.56e-06	4.01e-03	1.84e-01	5.55e-01	2.36e-01	2.08e-02	0.00e+00	0.00e+00	5.80e-10	3.03e-10	9.73e-11
 3.03160e+15	1.33e-09	5.65e-06	4.65e-03	1.98e-01	5.58e-01	2.22e-01	1.80e-02	0.00e+00	0.00e+00	7.73e-10	4.04e-10	1.30e-10
 3.12874e+15	1.79e-09	7.05e-06	5.45e-03	2.14e-01	5.59e-01	2.06e-01	1.54e-02	0.00e+00	0.00e+00	1.04e-09	5.43e-10	1.75e-10
 3.21999e+15	2.33e-09	8.61e-06	6.28e-03	2.28e-01	5.59e-01	1.93e-01	1.33e-02	0.00e+00	0.00e+00	1.36e-09	7.09e-10	2.28e-10
 3.32016e+15	3.13e-09	1.07e-05	7.31e-03	2.45e-01	5.58e-01	1.78e-01	1.13e-02	0.00e+00	0.00e+00	1.82e-09	9.53e-10	3.07e-10
 3.42936e+15	4.21e-09	1.34e-05	8.57e-03	2.63e-01	5.55e-01	1.64e-01	9.50e-03	0.00e+00	0.00e+00	2.45e-09	1.28e-09	4.13e-10
 3.52371e+15	5.36e-09	1.61e-05	9.76e-03	2.79e-01	5.51e-01	1.52e-01	8.19e-03	0.00e+00	0.00e+00	3.12e-09	1.63e-09	5.26e-10
 3.60612e+15	6.62e-09	1.89e-05	1.09e-02	2.93e-01	5.46e-01	1.43e-01	7.19e-03	0.00e+00	0.00e+00	3.85e-09	2.01e-09	6.50e-10
 3.69960e+15	8.44e-09	2.26e-05	1.24e-02	3.09e-01	5.40e-01	1.32e-01	6.19e-03	0.00e+00	0.00e+00	4.91e-09	2.57e-09	8.29e-10
 3.79894e+15	1.07e-08	2.71e-05	1.41e-02	3.26e-01	5.33e-01	1.22e-01	5.29e-03	0.00e+00	0.00e+00	6.24e-09	3.27e-09	1.06e-09
 3.88893e+15	1.32e-08	3.18e-05	1.58e-02	3.41e-01	5.26e-01	1.13e-01	4.60e-03	0.00e+00	0.00e+00	7.68e-09	4.02e-09	1.30e-09
 3.97574e+15	1.61e-08	3.70e-05	1.75e-02	3.55e-01	5.18e-01	1.05e-01	4.01e-03	0.00e+00	0.00e+00	9.39e-09	4.92e-09	1.59e-09
 4.07537e+15	2.03e-08	4.40e-05	1.98e-02	3.72e-01	5.08e-01	9.68e-02	3.43e-03	0.00e+00	0.00e+00	1.18e-08	6.20e-09	2.01e-09
 4.18628e+15	2.60e-08	5.29e-05	2.26e-02	3.90e-01	4.97e-01	8.80e-02	2.88e-03	0.00e+00	0.00e+00	1.51e-08	7.92e-09	2.57e-09
 4.28977e+15	3.22e-08	6.24e-05	2.54e-02	4.06e-01	4.85e-01	8.06e-02	2.45e-03	0.00e+00	0.00e+00	1.87e-08	9.82e-09	3.18e-09
 4.38478e+15	3.93e-08	7.26e-05	2.82e-02	4.21e-01	4.74e-01	7.41e-02	2.11e-03	0.00e+00	0.00e+00	2.29e-08	1.20e-08	3.89e-09
 4.49087e+15	4.94e-08	8.63e-05	3.18e-02	4.38e-01	4.61e-01	6.74e-02	1.78e-03	0.00e+00	0.00e+00	2.88e-08	1.51e-08	4.89e-09
 4.60871e+15	6.27e-08	1.03e-04	3.62e-02	4.56e-01	4.46e-01	6.06e-02	1.48e-03	0.00e+00	0.00e+00	3.65e-08	1.91e-08	6.21e-09
 4.71850e+15	7.76e-08	1.22e-04	4.07e-02	4.72e-01	4.31e-01	5.48e-02	1.25e-03	0.00e+00	0.00e+00	4.52e-08	2.37e-08	7.70e-09
 4.82192e+15	9.54e-08	1.42e-04	4.54e-02	4.87e-01	4.17e-01	4.97e-02	1.06e-03	0.00e+00	0.00e+00	5.55e-08	2.91e-08	9.47e-09
 4.94036e+15	1.23e-07	1.72e-04	5.16e-02	5.03e-01	4.00e-01	4.43e-02	8.68e-04	0.00e+00	0.00e+00	7.14e-08	3.74e-08	1.22e-08
 5.06605e+15	1.56e-07	2.06e-04	5.88e-02	5.19e-01	3.82e-01	3.92e-02	7.08e-04	0.00e+00	0.00e+00	9.06e-08	4.76e-08	1.55e-08
 5.17605e+15	1.92e-07	2.42e-04	6.58e-02	5.32e-01	3.66e-01	3.52e-02	5.92e-04	0.00e+00	0.00e+00	1.12e-07	5.87e-08	1.91e-08
 5.27767e+15	2.35e-07	2.82e-04	7.32e-02	5.43e-01	3.51e-01	3.17e-02	4.99e-04	0.00e+00	0.00e+00	1.37e-07	7.17e-08	2.34e-08
 5.39355e+15	2.97e-07	3.37e-04	8.27e-02	5.55e-01	3.33e-01	2.80e-02	4.09e-04	0.00e+00	0.00e+00	1.73e-07	9.06e-08	2.96e-08
 5.51484e+15	3.78e-07	4.05e-04	9.39e-02	5.66e-01	3.15e-01	2.45e-02	3.31e-04	0.00e+00	0.00e+00	2.20e-07	1.16e-07	3.78e-08
 5.61654e+15	4.61e-07	4.70e-04	1.04e-01	5.74e-01	2.99e-01	2.19e-02	2.77e-04	0.00e+00	0.00e+00	2.68e-07	1.41e-07	4.60e-08
 5.70817e+15	5.56e-07	5.43e-04	1.15e-01	5.80e-01	2.85e-01	1.97e-02	2.34e-04	0.00e+00	0.00e+00	3.24e-07	1.70e-07	5.56e-08
 5.81330e+15	6.94e-07	6.42e-04	1.29e-01	5.86e-01	2.68e-01	1.73e-02	1.92e-04	0.00e+00	0.00e+00	4.04e-07	2.12e-07	6.94e-08
 5.92542e+15	8.88e-07	7.71e-04	1.46e-01	5.89e-01	2.49e-01	1.50e-02	1.54e-04	0.00e+00	0.00e+00	5.16e-07	2.72e-07	8.89e-08
 6.02067e+15	1.09e-06	8.99e-04	1.61e-01	5.90e-01	2.34e-01	1.32e-02	1.28e-04	0.00e+00	0.00e+00	6.32e-07	3.32e-07	1.09e-07
 6.09505e+15	1.27e-06	1.01e-03	1.75e-01	5.90e-01	2.22e-01	1.19e-02	1.10e-04	0.00e+00	0.00e+00	7.41e-07	3.90e-07	1.28e-07
 6.15774e+15	1.47e-06	1.13e-03	1.88e-01	5.88e-01	2.11e-01	1.09e-02	9.56e-05	0.00e+00	0.00e+00	8.57e-07	4.51e-07	1.48e-07
 6.22874e+15	1.69e-06	1.26e-03	2.04e-01	5.86e-01	2.00e-01	9.81e-03	8.22e-05	0.00e+00	0.00e+00	9.81e-07	5.16e-07	1.69e-07
 6.32104e+15	2.22e-06	1.53e-03	2.28e-01	5.79e-01	1.83e-01	8.37e-03	6.50e-05	0.00e+00	0.00e+00	1.29e-06	6.81e-07	2.23e-07
 6.40258e+15	2.64e-06	1.75e-03	2.50e-01	5.71e-01	1.70e-01	7.35e-03	5.41e-05	0.00e+00	0.00e+00	1.53e-06	8.08e-07	2.65e-07
 6.45773e+15	3.05e-06	1.94e-03	2.67e-01	5.64e-01	1.61e-01	6.65e-03	4.68e-05	0.00e+00	0.00e+00	1.77e-06	9.34e-07	3.06e-07
 6.51702e+15	3.59e-06	2.19e-03	2.87e-01	5.55e-01	1.50e-01	5.92e-03	3.97e-05	0.00e+00	0.00e+00	2.09e-06	1.10e-06	3.62e-07
 6.58295e+15	4.15e-06	2.45e-03	3.10e-01	5.43e-01	1.39e-01	5.21e-03	3.33e-05	0.00e+00	0.00e+00	2.42e-06	1.27e-06	4.18e-07
 6.65748e+15	5.35e-06	2.93e-03	3.42e-01	5.26e-01	1.25e-01	4.39e-03	2.61e-05	0.00e+00	0.00e+00	3.11e-06	1.64e-06	5.39e-07
 6.72599e+15	6.44e-06	3.36e-03	3.71e-01	5.08e-01	1.14e-01	3.76e-03	2.11e-05	0.00e+00	0.00e+00	3.75e-06	1.98e-06	6.49e-07
 6.77443e+15	7.45e-06	3.72e-03	3.94e-01	4.94e-01	1.05e-01	3.33e-03	1.79e-05	0.00e+00	0.00e+00	4.34e-06	2.29e-06	7.52e-07
 6.82520e+15	8.78e-06	4.18e-03	4.20e-01	4.77e-01	9.63e-02	2.90e-03	1.48e-05	0.00e+00	0.00e+00	5.10e-06	2.69e-06	8.85e-07
 6.88239e+15	1.05e-05	4.76e-03	4.51e-01	4.56e-01	8.65e-02	2.46e-03	1.19e-05	0.00e+00	0.00e+00	6.12e-06	3.23e-06	1.06e-06
 6.93622e+15	1.25e-05	5.37e-03	4.81e-01	4.34e-01	7.75e-02	2.08e-03	9.52e-06	0.00e+00	0.00e+00	7.28e-06	3.84e-06	1.26e-06
 6.98513e+15	1.43e-05	5.90e-03	5.09e-01	4.13e-01	6.97e-02	1.78e-03	7.78e-06	0.00e+00	0.00e+00	8.30e-06	4.38e-06	1.44e-06
 7.03937e+15	1.81e-05	6.90e-03	5.45e-01	3.86e-01	6.07e-02	1.44e-03	5.85e-06	0.00e+00	0.00e+00	1.05e-05	5.55e-06	1.83e-06
 7.09200e+15	2.13e-05	7.74e-03	5.78e-01	3.60e-01	5.30e-02	1.19e-03	4.56e-06	0.00e+00	0.00e+00	1.24e-05	6.54e-06	2.16e-06
 7.13498e+15	2.42e-05	8.44e-03	6.05e-01	3.39e-01	4.70e-02	1.00e-03	3.65e-06	0.00e+00	0.00e+00	1.41e-05	7.42e-06	2.45e-06
 7.18333e+15	2.88e-05	9.50e-03	6.37e-01	3.12e-01	4.03e-02	8.03e-04	2.75e-06	0.00e+00	0.00e+00	1.68e-05	8.86e-06	2.92e-06
 7.23593e+15	3.50e-05	1.08e-02	6.72e-01	2.83e-01	3.37e-02	6.24e-04	1.99e-06	0.00e+00	0.00e+00	2.03e-05	1.07e-05	3.55e-06
 7.28269e+15	4.32e-05	1.23e-02	7.03e-01	2.56e-01	2.83e-02	4.85e-04	1.43e-06	0.00e+00	0.00e+00	2.51e-05	1.33e-05	4.38e-06
 7.32202e+15	4.99e-05	1.35e-02	7.27e-01	2.35e-01	2.43e-02	3.91e-04	1.09e-06	0.00e+00	0.00e+00	2.90e-05	1.53e-05	5.07e-06
 7.36309e+15	5.91e-05	1.50e-02	7.53e-01	2.11e-01	2.03e-02	3.04e-04	7.92e-07	0.00e+00	0.00e+00	3.44e-05	1.82e-05	6.01e-06
 7.40206e+15	6.79e-05	1.63e-02	7.74e-01	1.92e-01	1.72e-02	2.42e-04	0.00e+00	0.00e+00	0.00e+00	3.95e-05	2.09e-05	6.91e-06
 7.43094e+15	7.45e-05	1.73e-02	7.89e-01	1.78e-01	1.51e-02	2.03e-04	0.00e+00	0.00e+00	0.00e+00	4.33e-05	2.29e-05	7.59e-06
 7.46110e+15	8.56e-05	1.88e-02	8.06e-01	1.62e-01	1.30e-02	1.63e-04	0.00e+00	0.00e+00	0.00e+00	4.98e-05	2.63e-05	8.72e-06
 7.49302e+15	9.66e-05	2.02e-02	8.21e-01	1.48e-01	1.11e-02	1.31e-04	0.00e+00	0.00e+00	0.00e+00	5.62e-05	2.97e-05	9.85e-06
 7.52725e+15	1.11e-04	2.19e-02	8.36e-01	1.33e-01	9.25e-03	1.02e-04	0.00e+00	0.00e+00	0.00e+00	6.44e-05	3.40e-05	1.13e-05
 7.56384e+15	1.27e-04	2.38e-02	8.50e-01	1.18e-01	7.62e-03	7.79e-05	0.00e+00	0.00e+00	0.00e+00	7.40e-05	3.91e-05	1.30e-05
 7.59628e+15	1.44e-04	2.55e-02	8.62e-01	1.06e-01	6.39e-03	6.09e-05	0.00e+00	0.00e+00	0.00e+00	8.37e-05	4.43e-05	1.47e-05
 7.63122e+15	1.65e-04	2.76e-02	8.73e-01	9.39e-02	5.21e-03	4.59e-05	0.00e+00	0.00e+00	0.00e+00	9.60e-05	5.08e-05	1.69e-05
 7.66918e+15	1.90e-04	2.99e-02	8.83e-01	8.23e-02	4.19e-03	3.39e-05	0.00e+00	0.00e+00	0.00e+00	1.11e-04	5.85e-05	1.95e-05
 7.70348e+15	2.16e-04	3.22e-02	8.91e-01	7.29e-02	3.43e-03	2.56e-05	0.00e+00	0.00e+00	0.00e+00	1.26e-04	6.66e-05	2.22e-05
 7.73535e+15	2.44e-04	3.44e-02	8.98e-01	6.49e-02	2.83e-03	1.96e-05	0.00e+00	0.00e+00	0.00e+00	1.42e-04	7.50e-05	2.50e-05
 7.77166e+15	2.80e-04	3.71e-02	9.04e-01	5.66e-02	2.25e-03	1.43e-05	0.00e+00	0.00e+00	0.00e+00	1.63e-04	8.61e-05	2.87e-05
 7.81100e+15	3.24e-04	4.02e-02	9.09e-01	4.89e-02	1.77e-03	1.02e-05	0.00e+00	0.00e+00	0.00e+00	1.88e-04	9.96e-05	3.32e-05
 7.84621e+15	3.68e-04	4.31e-02	9.12e-01	4.30e-02	1.43e-03	7.53e-06	0.00e+00	0.00e+00	0.00e+00	2.14e-04	1.13e-04	3.78e-05
 7.87890e+15	4.15e-04	4.60e-02	9.14e-01	3.80e-02	1.16e-03	5.65e-06	0.00e+00	0.00e+00	0.00e+00	2.41e-04	1.28e-04	4.26e-05
 7.91641e+15	4.76e-04	4.96e-02	9.16e-01	3.29e-02	9.13e-04	4.01e-06	0.00e+00	0.00e+00	0.00e+00	2.77e-04	1.47e-04	4.90e-05
 7.95725e+15	5.52e-04	5.37e-02	9.17e-01	2.82e-02	7.08e-04	2.80e-06	0.00e+00	0.00e+00	0.00e+00	3.21e-04	1.70e-04	5.68e-05
 7.99373e+15	6.30e-04	5.77e-02	9.17e-01	2.46e-02	5.65e-04	2.03e-06	0.00e+00	0.00e+00	0.00e+00	3.67e-04	1.94e-04	6.49e-05
 8.02710e+15	7.09e-04	6.15e-02	9.16e-01	2.17e-02	4.58e-04	1.51e-06	0.00e+00	0.00e+00	0.00e+00	4.13e-04	2.18e-04	7.30e-05
 8.06513e+15	8.17e-04	6.64e-02	9.14e-01	1.87e-02	3.59e-04	1.06e-06	0.00e+00	0.00e+00	0.00e+00	4.75e-04	2.52e-04	8.42e-05
 8.10608e+15	9.49e-04	7.19e-02	9.11e-01	1.60e-02	2.78e-04	7.35e-07	0.00e+00	0.00e+00	0.00e+00	5.52e-04	2.92e-04	9.78e-05
 8.14245e+15	1.08e-03	7.73e-02	9.07e-01	1.40e-02	2.23e-04	0.00e+00	0.00e+00	0.00e+00	0.00e+00	6.31e-04	3.34e-04	1.12e-04
 8.17614e+15	1.23e-03	8.27e-02	9.04e-01	1.23e-02	1.80e-04	0.00e+00	0.00e+00	0.00e+00	0.00e+00	7.15e-04	3.78e-04	1.27e-04
 8.21470e+15	1.41e-03	8.91e-02	8.99e-01	1.06e-02	1.41e-04	0.00e+00	0.00e+00	0.00e+00	0.00e+00	8.23e-04	4.35e-04	1.46e-04
 8.25731e+15	1.66e-03	9.73e-02	8.92e-01	9.03e-03	1.09e-04	0.00e+00	0.00e+00	0.00e+00	0.00e+00	9.68e-04	5.12e-04	1.72e-04
 8.29503e+15	1.92e-03	1.05e-01	8.85e-01	7.84e-03	8.63e-05	0.00e+00	0.00e+00	0.00e+00	0.00e+00	1.12e-03	5.90e-04	1.98e-04
 8.32828e+15	2.19e-03	1.13e-01	8.78e-01	6.89e-03	7.02e-05	0.00e+00	0.00e+00	0.00e+00	0.00e+00	1.27e-03	6.72e-04	2.26e-04
 8.36586e+15	2.53e-03	1.22e-01	8.69e-01	5.94e-03	5.53e-05	0.00e+00	0.00e+00	0.00e+00	0.00e+00	1.47e-03	7.79e-04	2.61e-04
 8.40728e+15	2.98e-03	1.33e-01	8.59e-01	5.07e-03	4.28e-05	0.00e+00	0.00e+00	0.00e+00	0.00e+00	1.73e-03	9.16e-04	3.07e-04
 8.44498e+15	3.48e-03	1.45e-01	8.47e-01	4.37e-03	3.39e-05	0.00e+00	0.00e+00	0.00e+00	0.00e+00	2.02e-03	1.07e-03	3.59e-04
 8.47864e+15	4.00e-03	1.56e-01	8.36e-01	3.82e-03	2.74e-05	0.00e+00	0.00e+00	0.00e+00	0.00e+00	2.33e-03	1.23e-03	4.13e-04
 8.51576e+15	4.66e-03	1.69e-01	8.23e-01	3.28e-03	2.16e-05	0.00e+00	0.00e+00	0.00e+00	0.00e+00	2.71e-03	1.43e-03	4.81e-04
 8.55745e+15	5.57e-03	1.86e-01	8.05e-01	2.76e-03	1.65e-05	0.00e+00	0.00e+00	0.00e+00	0.00e+00	3.24e-03	1.71e-03	5.76e-04
