#depth	C	C+	C+2	C+3	C+4	C+5	C+6	C[1]	C[2]	C[3]	C+[1]	C+[2]	CO
 1.49634e+10	0.00e+00	1.82e-28	1.26e-19	1.96e-11	1.58e-02	9.35e-01	4.89e-02	0.00e+00	0.00e+00	0.00e+00	0.00e+00	0.00e+00	0.00e+00
 4.54887e+10	5.23e-38	2.61e-28	1.67e-19	2.36e-11	1.75e-02	9.37e-01	4.50e-02	0.00e+00	0.00e+00	0.00e+00	0.00e+00	0.00e+00	2.38e-124
 7.72350e+10	0.00e+00	3.74e-28	2.19e-19	2.85e-11	1.93e-02	9.39e-01	4.13e-02	0.00e+00	0.00e+00	0.00e+00	0.00e+00	0.00e+00	0.00e+00
 1.10251e+11	1.27e-37	5.37e-28	2.89e-19	3.44e-11	2.13e-02	9.41e-01	3.80e-02	0.00e+00	0.00e+00	0.00e+00	0.00e+00	0.00e+00	2.54e-123
 1.42166e+11	0.00e+00	7.51e-28	3.73e-19	4.09e-11	2.34e-02	9.42e-01	3.50e-02	0.00e+00	0.00e+00	0.00e+00	0.00e+00	0.00e+00	0.00e+00
 1.72074e+11	2.82e-37	1.02e-27	4.71e-19	4.80e-11	2.54e-02	9.42e-01	3.25e-02	0.00e+00	0.00e+00	0.00e+00	0.00e+00	0.00e+00	2.10e-122
 2.05600e+11	0.00e+00	1.42e-27	6.06e-19	5.69e-11	2.78e-02	9.42e-01	3.00e-02	0.00e+00	0.00e+00	0.00e+00	0.00e+00	0.00e+00	0.00e+00
 2.43751e+11	6.65e-37	2.04e-27	8.00e-19	6.88e-11	3.07e-02	9.42e-01	2.75e-02	0.00e+00	0.00e+00	0.00e+00	0.00e+00	0.00e+00	2.05e-121
 2.81575e+11	0.00e+00	2.89e-27	1.04e-18	8.24e-11	3.37e-02	9.41e-01	2.52e-02	0.00e+00	0.00e+00	0.00e+00	0.00e+00	0.00e+00	0.00e+00
 3.20913e+11	1.57e-36	4.09e-27	1.36e-18	9.87e-11	3.70e-02	9.40e-01	2.31e-02	0.00e+00	0.00e+00	0.00e+00	0.00e+00	0.00e+00	2.02e-120
 3.63676e+11	0.00e+00	5.90e-27	1.80e-18	1.19e-10	4.09e-02	9.38e-01	2.11e-02	0.00e+00	0.00e+00	0.00e+00	0.00e+00	0.00e+00	0.00e+00
 4.07008e+11	3.85e-36	8.43e-27	2.37e-18	1.44e-10	4.49e-02	9.36e-01	1.93e-02	0.00e+00	0.00e+00	0.00e+00	0.00e+00	0.00e+00	2.16e-119
 4.52073e+11	0.00e+00	1.21e-26	3.11e-18	1.73e-10	4.94e-02	9.33e-01	1.76e-02	0.00e+00	0.00e+00	0.00e+00	0.00e+00	0.00e+00	0.00e+00
 4.98491e+11	9.30e-36	1.72e-26	4.08e-18	2.08e-10	5.42e-02	9.30e-01	1.60e-02	0.00e+00	0.00e+00	0.00e+00	0.00e+00	0.00e+00	2.23e-118
 5.46766e+11	0.00e+00	2.45e-26	5.36e-18	2.50e-10	5.95e-02	9.26e-01	1.46e-02	0.00e+00	0.00e+00	0.00e+00	0.00e+00	0.00e+00	0.00e+00
 5.98563e+11	2.27e-35	3.55e-26	7.11e-18	3.02e-10	6.55e-02	9.21e-01	1.33e-02	0.00e+00	0.00e+00	0.00e+00	0.00e+00	0.00e+00	2.37e-117
 6.52432e+11	0.00e+00	5.12e-26	9.42e-18	3.66e-10	7.21e-02	9.16e-01	1.20e-02	0.00e+00	0.00e+00	0.00e+00	0.00e+00	0.00e+00	0.00e+00
 7.08456e+11	5.64e-35	7.39e-26	1.25e-17	4.42e-10	7.92e-02	9.10e-01	1.09e-02	0.00e+00	0.00e+00	0.00e+00	0.00e+00	0.00e+00	2.61e-116
 7.66721e+11	8.87e-35	1.07e-25	1.66e-17	5.35e-10	8.70e-02	9.03e-01	9.82e-03	0.00e+00	0.00e+00	0.00e+00	0.00e+00	0.00e+00	0.00e+00
 8.27317e+11	1.40e-34	1.54e-25	2.19e-17	6.47e-10	9.55e-02	8.96e-01	8.86e-03	0.00e+00	0.00e+00	0.00e+00	0.00e+00	0.00e+00	2.86e-115
 8.82254e+11	2.07e-34	2.12e-25	2.81e-17	7.63e-10	1.04e-01	8.88e-01	8.10e-03	0.00e+00	0.00e+00	0.00e+00	0.00e+00	0.00e+00	1.26e-97
 9.28244e+11	2.85e-34	2.74e-25	3.42e-17	8.72e-10	1.10e-01	8.82e-01	7.52e-03	0.00e+00	0.00e+00	0.00e+00	0.00e+00	0.00e+00	4.39e-275
 9.78721e+11	4.00e-34	3.61e-25	4.23e-17	1.00e-09	1.18e-01	8.75e-01	6.94e-03	0.00e+00	0.00e+00	0.00e+00	0.00e+00	0.00e+00	4.62e-114
 1.04236e+12	6.03e-34	5.04e-25	5.47e-17	1.19e-09	1.28e-01	8.65e-01	6.29e-03	0.00e+00	0.00e+00	0.00e+00	0.00e+00	0.00e+00	1.37e-96
 1.10859e+12	9.12e-34	7.05e-25	7.08e-17	1.42e-09	1.39e-01	8.55e-01	5.69e-03	0.00e+00	0.00e+00	0.00e+00	0.00e+00	0.00e+00	0.00e+00
 1.16538e+12	1.28e-33	9.28e-25	8.76e-17	1.64e-09	1.49e-01	8.46e-01	5.23e-03	0.00e+00	0.00e+00	0.00e+00	0.00e+00	0.00e+00	1.01e-112
 1.22439e+12	1.80e-33	1.22e-24	1.08e-16	1.89e-09	1.59e-01	8.36e-01	4.80e-03	0.00e+00	0.00e+00	0.00e+00	0.00e+00	0.00e+00	1.56e-95
 1.29787e+12	2.70e-33	1.70e-24	1.40e-16	2.24e-09	1.72e-01	8.23e-01	4.32e-03	0.00e+00	0.00e+00	0.00e+00	0.00e+00	0.00e+00	0.00e+00
 1.37228e+12	4.01e-33	2.34e-24	1.79e-16	2.64e-09	1.86e-01	8.10e-01	3.90e-03	0.00e+00	0.00e+00	0.00e+00	0.00e+00	0.00e+00	2.12e-111
 1.43714e+12	5.58e-33	3.06e-24	2.20e-16	3.03e-09	1.98e-01	7.98e-01	3.57e-03	0.00e+00	0.00e+00	0.00e+00	0.00e+00	0.00e+00	1.95e-94
 1.50745e+12	7.87e-33	4.05e-24	2.73e-16	3.50e-09	2.11e-01	7.86e-01	3.25e-03	0.00e+00	0.00e+00	0.00e+00	0.00e+00	0.00e+00	1.29e-110
 1.59309e+12	1.18e-32	5.61e-24	3.51e-16	4.14e-09	2.27e-01	7.70e-01	2.91e-03	0.00e+00	0.00e+00	0.00e+00	0.00e+00	0.00e+00	1.03e-93
 1.68027e+12	1.74e-32	7.70e-24	4.49e-16	4.87e-09	2.44e-01	7.53e-01	2.61e-03	0.00e+00	0.00e+00	0.00e+00	0.00e+00	0.00e+00	1.09e-109
 1.76024e+12	2.44e-32	1.02e-23	5.56e-16	5.61e-09	2.60e-01	7.38e-01	2.36e-03	0.00e+00	0.00e+00	0.00e+00	0.00e+00	0.00e+00	5.33e-93
 1.84925e+12	3.52e-32	1.36e-23	6.98e-16	6.51e-09	2.77e-01	7.21e-01	2.12e-03	0.00e+00	0.00e+00	0.00e+00	0.00e+00	0.00e+00	7.47e-109
 1.95252e+12	5.26e-32	1.89e-23	8.98e-16	7.69e-09	2.97e-01	7.02e-01	1.88e-03	0.00e+00	0.00e+00	0.00e+00	0.00e+00	0.00e+00	3.01e-92
 2.05443e+12	7.68e-32	2.57e-23	1.14e-15	8.97e-09	3.16e-01	6.82e-01	1.68e-03	0.00e+00	0.00e+00	0.00e+00	0.00e+00	0.00e+00	6.38e-108
 2.15201e+12	1.09e-31	3.40e-23	1.41e-15	1.03e-08	3.35e-01	6.64e-01	1.50e-03	0.00e+00	0.00e+00	0.00e+00	0.00e+00	0.00e+00	1.56e-91
 2.25959e+12	1.56e-31	4.56e-23	1.77e-15	1.19e-08	3.55e-01	6.44e-01	1.34e-03	0.00e+00	0.00e+00	0.00e+00	0.00e+00	0.00e+00	4.57e-107
 2.37990e+12	2.30e-31	6.23e-23	2.24e-15	1.40e-08	3.77e-01	6.22e-01	1.18e-03	0.00e+00	0.00e+00	0.00e+00	0.00e+00	0.00e+00	8.76e-91
 2.48925e+12	3.22e-31	8.17e-23	2.76e-15	1.60e-08	3.97e-01	6.02e-01	1.05e-03	0.00e+00	0.00e+00	0.00e+00	0.00e+00	0.00e+00	3.47e-106
 2.58122e+12	4.22e-31	1.02e-22	3.26e-15	1.77e-08	4.13e-01	5.86e-01	9.60e-04	0.00e+00	0.00e+00	0.00e+00	0.00e+00	0.00e+00	3.57e-90
 2.68233e+12	5.63e-31	1.28e-22	3.89e-15	1.99e-08	4.30e-01	5.69e-01	8.69e-04	0.00e+00	0.00e+00	0.00e+00	0.00e+00	0.00e+00	1.68e-105
 2.79647e+12	7.68e-31	1.64e-22	4.71e-15	2.24e-08	4.49e-01	5.50e-01	7.78e-04	0.00e+00	0.00e+00	0.00e+00	0.00e+00	0.00e+00	1.44e-89
 2.90577e+12	1.02e-30	2.07e-22	5.60e-15	2.50e-08	4.67e-01	5.32e-01	7.02e-04	0.00e+00	0.00e+00	0.00e+00	0.00e+00	0.00e+00	9.30e-105
 3.02607e+12	1.38e-30	2.64e-22	6.73e-15	2.81e-08	4.86e-01	5.13e-01	6.29e-04	0.00e+00	0.00e+00	0.00e+00	0.00e+00	0.00e+00	5.77e-89
 3.15968e+12	1.91e-30	3.41e-22	8.19e-15	3.18e-08	5.07e-01	4.93e-01	5.57e-04	0.00e+00	0.00e+00	0.00e+00	0.00e+00	0.00e+00	5.65e-104
 3.28489e+12	2.56e-30	4.31e-22	9.75e-15	3.54e-08	5.25e-01	4.74e-01	4.99e-04	0.00e+00	0.00e+00	0.00e+00	0.00e+00	0.00e+00	2.47e-88
 3.42192e+12	3.46e-30	5.49e-22	1.17e-14	3.97e-08	5.44e-01	4.55e-01	4.44e-04	0.00e+00	0.00e+00	0.00e+00	0.00e+00	0.00e+00	3.19e-103
 3.57603e+12	4.81e-30	7.13e-22	1.42e-14	4.48e-08	5.65e-01	4.35e-01	3.91e-04	0.00e+00	0.00e+00	0.00e+00	0.00e+00	0.00e+00	1.13e-87
 3.72325e+12	6.49e-30	9.04e-22	1.70e-14	4.99e-08	5.84e-01	4.16e-01	3.47e-04	0.00e+00	0.00e+00	0.00e+00	0.00e+00	0.00e+00	2.03e-102
 3.88465e+12	8.90e-30	1.16e-21	2.05e-14	5.60e-08	6.03e-01	3.96e-01	3.05e-04	0.00e+00	0.00e+00	0.00e+00	0.00e+00	0.00e+00	5.01e-87
 4.05535e+12	1.23e-29	1.50e-21	2.48e-14	6.28e-08	6.23e-01	3.77e-01	2.67e-04	0.00e+00	0.00e+00	0.00e+00	0.00e+00	0.00e+00	1.34e-101
 4.20453e+12	1.60e-29	1.85e-21	2.90e-14	6.91e-08	6.39e-01	3.61e-01	2.39e-04	0.00e+00	0.00e+00	0.00e+00	0.00e+00	0.00e+00	2.10e-86
 4.36396e+12	2.11e-29	2.30e-21	3.41e-14	7.61e-08	6.55e-01	3.44e-01	2.13e-04	0.00e+00	0.00e+00	0.00e+00	0.00e+00	0.00e+00	6.84e-101
 4.55812e+12	2.92e-29	2.97e-21	4.11e-14	8.51e-08	6.74e-01	3.26e-01	1.85e-04	0.00e+00	0.00e+00	0.00e+00	0.00e+00	0.00e+00	9.25e-86
 4.75206e+12	3.97e-29	3.79e-21	4.92e-14	9.48e-08	6.92e-01	3.08e-01	1.62e-04	0.00e+00	0.00e+00	0.00e+00	0.00e+00	0.00e+00	4.62e-100
 4.92310e+12	5.16e-29	4.66e-21	5.73e-14	1.04e-07	7.06e-01	2.94e-01	1.44e-04	0.00e+00	0.00e+00	0.00e+00	0.00e+00	0.00e+00	3.81e-85
 5.10974e+12	6.79e-29	5.78e-21	6.71e-14	1.14e-07	7.21e-01	2.79e-01	1.28e-04	0.00e+00	0.00e+00	0.00e+00	0.00e+00	0.00e+00	2.37e-99
 5.33450e+12	9.33e-29	7.43e-21	8.05e-14	1.26e-07	7.37e-01	2.63e-01	1.10e-04	0.00e+00	0.00e+00	0.00e+00	0.00e+00	0.00e+00	1.69e-84
 5.55962e+12	1.27e-28	9.44e-21	9.59e-14	1.40e-07	7.53e-01	2.47e-01	9.60e-05	0.00e+00	0.00e+00	0.00e+00	0.00e+00	0.00e+00	1.61e-98
 5.76443e+12	1.65e-28	1.16e-20	1.12e-13	1.53e-07	7.66e-01	2.34e-01	8.49e-05	0.00e+00	0.00e+00	0.00e+00	0.00e+00	0.00e+00	7.17e-84
 5.99201e+12	2.20e-28	1.45e-20	1.31e-13	1.68e-07	7.79e-01	2.21e-01	7.44e-05	0.00e+00	0.00e+00	0.00e+00	0.00e+00	0.00e+00	8.96e-98
 6.25802e+12	3.04e-28	1.87e-20	1.57e-13	1.86e-07	7.93e-01	2.07e-01	6.40e-05	0.00e+00	0.00e+00	0.00e+00	0.00e+00	0.00e+00	3.37e-83
 6.52050e+12	4.11e-28	2.37e-20	1.86e-13	2.05e-07	8.06e-01	1.94e-01	5.54e-05	0.00e+00	0.00e+00	0.00e+00	0.00e+00	0.00e+00	6.26e-97
 6.76854e+12	5.42e-28	2.93e-20	2.17e-13	2.23e-07	8.17e-01	1.83e-01	4.86e-05	0.00e+00	0.00e+00	0.00e+00	0.00e+00	0.00e+00	1.49e-82
 7.04426e+12	7.28e-28	3.69e-20	2.56e-13	2.45e-07	8.28e-01	1.71e-01	4.21e-05	0.00e+00	0.00e+00	0.00e+00	0.00e+00	0.00e+00	3.75e-96
 7.35596e+12	1.00e-27	4.73e-20	3.06e-13	2.70e-07	8.40e-01	1.60e-01	3.61e-05	0.00e+00	0.00e+00	0.00e+00	0.00e+00	0.00e+00	7.31e-82
 7.66916e+12	1.37e-27	6.01e-20	3.63e-13	2.97e-07	8.51e-01	1.49e-01	3.11e-05	0.00e+00	0.00e+00	0.00e+00	0.00e+00	0.00e+00	2.72e-95
 7.99489e+12	1.86e-27	7.62e-20	4.29e-13	3.26e-07	8.61e-01	1.39e-01	2.67e-05	0.00e+00	0.00e+00	0.00e+00	0.00e+00	0.00e+00	3.65e-81
 8.34461e+12	2.55e-27	9.74e-20	5.11e-13	3.59e-07	8.71e-01	1.29e-01	2.29e-05	0.00e+00	0.00e+00	0.00e+00	0.00e+00	0.00e+00	1.98e-94
 8.70832e+12	3.51e-27	1.24e-19	6.07e-13	3.95e-07	8.80e-01	1.20e-01	1.95e-05	0.00e+00	0.00e+00	0.00e+00	0.00e+00	0.00e+00	1.93e-80
 9.06635e+12	4.73e-27	1.57e-19	7.14e-13	4.31e-07	8.88e-01	1.12e-01	1.69e-05	0.00e+00	0.00e+00	0.00e+00	0.00e+00	0.00e+00	1.41e-93
 9.39947e+12	6.19e-27	1.93e-19	8.25e-13	4.66e-07	8.95e-01	1.05e-01	1.47e-05	0.00e+00	0.00e+00	0.00e+00	0.00e+00	0.00e+00	8.60e-80
 9.70017e+12	7.83e-27	2.31e-19	9.37e-13	4.99e-07	9.00e-01	9.96e-02	1.31e-05	0.00e+00	0.00e+00	0.00e+00	0.00e+00	0.00e+00	7.02e-93
 1.00226e+13	9.99e-27	2.78e-19	1.07e-12	5.36e-07	9.06e-01	9.40e-02	1.16e-05	0.00e+00	0.00e+00	0.00e+00	0.00e+00	0.00e+00	3.06e-79
 1.04239e+13	1.34e-26	3.48e-19	1.25e-12	5.83e-07	9.12e-01	8.76e-02	1.00e-05	0.00e+00	0.00e+00	0.00e+00	0.00e+00	0.00e+00	3.93e-92
 1.08262e+13	1.78e-26	4.33e-19	1.45e-12	6.32e-07	9.18e-01	8.19e-02	8.70e-06	0.00e+00	0.00e+00	0.00e+00	0.00e+00	0.00e+00	1.42e-78
 1.11723e+13	2.25e-26	5.18e-19	1.65e-12	6.75e-07	9.23e-01	7.74e-02	7.74e-06	0.00e+00	0.00e+00	0.00e+00	0.00e+00	0.00e+00	2.08e-91
 1.15466e+13	2.89e-26	6.26e-19	1.87e-12	7.23e-07	9.27e-01	7.29e-02	6.84e-06	0.00e+00	0.00e+00	0.00e+00	0.00e+00	0.00e+00	5.19e-78
 1.20084e+13	3.88e-26	7.84e-19	2.19e-12	7.85e-07	9.32e-01	6.79e-02	5.90e-06	0.00e+00	0.00e+00	0.00e+00	0.00e+00	0.00e+00	1.20e-90
 1.24698e+13	5.15e-26	9.74e-19	2.54e-12	8.50e-07	9.37e-01	6.34e-02	5.11e-06	0.00e+00	0.00e+00	0.00e+00	0.00e+00	0.00e+00	2.45e-77
 1.28682e+13	6.54e-26	1.17e-18	2.88e-12	9.07e-07	9.40e-01	5.98e-02	4.54e-06	0.00e+00	0.00e+00	0.00e+00	0.00e+00	0.00e+00	6.44e-90
 1.32988e+13	8.39e-26	1.41e-18	3.28e-12	9.70e-07	9.44e-01	5.63e-02	4.01e-06	0.00e+00	0.00e+00	0.00e+00	0.00e+00	0.00e+00	9.12e-77
 1.38279e+13	1.13e-25	1.77e-18	3.82e-12	1.05e-06	9.48e-01	5.24e-02	3.46e-06	0.00e+00	0.00e+00	0.00e+00	0.00e+00	0.00e+00	2.02e-76
 1.43620e+13	1.50e-25	2.20e-18	4.44e-12	1.14e-06	9.51e-01	4.88e-02	3.00e-06	0.00e+00	0.00e+00	0.00e+00	0.00e+00	0.00e+00	4.40e-76
 1.48354e+13	1.93e-25	2.65e-18	5.04e-12	1.21e-06	9.54e-01	4.60e-02	2.65e-06	0.00e+00	0.00e+00	0.00e+00	0.00e+00	0.00e+00	8.61e-76
 1.53530e+13	2.50e-25	3.23e-18	5.77e-12	1.30e-06	9.57e-01	4.32e-02	2.33e-06	0.00e+00	0.00e+00	0.00e+00	0.00e+00	0.00e+00	1.75e-75
 1.59735e+13	3.38e-25	4.06e-18	6.74e-12	1.41e-06	9.60e-01	4.01e-02	2.00e-06	0.00e+00	0.00e+00	0.00e+00	0.00e+00	0.00e+00	3.96e-75
 1.65918e+13	4.53e-25	5.06e-18	7.83e-12	1.52e-06	9.63e-01	3.73e-02	1.73e-06	0.00e+00	0.00e+00	0.00e+00	0.00e+00	0.00e+00	8.73e-75
 1.71553e+13	5.85e-25	6.14e-18	8.92e-12	1.63e-06	9.65e-01	3.51e-02	1.52e-06	0.00e+00	0.00e+00	0.00e+00	0.00e+00	0.00e+00	1.76e-74
 1.77835e+13	7.71e-25	7.56e-18	1.03e-11	1.75e-06	9.67e-01	3.28e-02	1.33e-06	0.00e+00	0.00e+00	0.00e+00	0.00e+00	0.00e+00	3.72e-74
 1.85163e+13	1.05e-24	9.56e-18	1.20e-11	1.90e-06	9.70e-01	3.04e-02	1.14e-06	0.00e+00	0.00e+00	0.00e+00	0.00e+00	0.00e+00	8.65e-74
 1.92384e+13	1.41e-24	1.19e-17	1.40e-11	2.05e-06	9.72e-01	2.82e-02	9.82e-07	0.00e+00	0.00e+00	0.00e+00	0.00e+00	0.00e+00	1.93e-73
 1.99224e+13	1.85e-24	1.46e-17	1.60e-11	2.20e-06	9.74e-01	2.64e-02	0.00e+00	0.00e+00	0.00e+00	0.00e+00	0.00e+00	0.00e+00	4.03e-73
 2.06822e+13	2.47e-24	1.82e-17	1.86e-11	2.37e-06	9.75e-01	2.46e-02	0.00e+00	0.00e+00	0.00e+00	0.00e+00	0.00e+00	0.00e+00	8.88e-73
 2.15394e+13	3.38e-24	2.30e-17	2.18e-11	2.57e-06	9.77e-01	2.28e-02	0.00e+00	0.00e+00	0.00e+00	0.00e+00	0.00e+00	0.00e+00	2.09e-72
 2.24012e+13	4.57e-24	2.89e-17	2.54e-11	2.78e-06	9.79e-01	2.11e-02	0.00e+00	0.00e+00	0.00e+00	0.00e+00	0.00e+00	0.00e+00	4.79e-72
 2.32976e+13	6.20e-24	3.64e-17	2.96e-11	3.01e-06	9.80e-01	1.96e-02	0.00e+00	0.00e+00	0.00e+00	0.00e+00	0.00e+00	0.00e+00	1.10e-71
 2.42594e+13	8.48e-24	4.61e-17	3.47e-11	3.26e-06	9.82e-01	1.81e-02	0.00e+00	0.00e+00	0.00e+00	0.00e+00	1.48e-17	3.13e-17	2.58e-71
 2.51913e+13	1.14e-23	5.74e-17	4.03e-11	3.51e-06	9.83e-01	1.69e-02	0.00e+00	0.00e+00	0.00e+00	0.00e+00	1.91e-17	3.84e-17	5.73e-71
 2.60685e+13	1.48e-23	7.01e-17	4.61e-11	3.76e-06	9.84e-01	1.58e-02	0.00e+00	0.00e+00	0.00e+00	0.00e+00	2.33e-17	4.69e-17	1.19e-70
 2.70492e+13	1.97e-23	8.70e-17	5.33e-11	4.05e-06	9.85e-01	1.47e-02	0.00e+00	0.00e+00	0.00e+00	0.00e+00	2.89e-17	5.81e-17	2.59e-70
 2.80374e+13	2.60e-23	1.07e-16	6.14e-11	4.35e-06	9.86e-01	1.37e-02	0.00e+00	0.00e+00	0.00e+00	0.00e+00	3.56e-17	7.17e-17	5.53e-70
 2.88589e+13	3.26e-23	1.27e-16	6.88e-11	4.61e-06	9.87e-01	1.30e-02	0.00e+00	0.00e+00	0.00e+00	0.00e+00	4.22e-17	8.49e-17	1.02e-69
 2.97292e+13	4.10e-23	1.51e-16	7.74e-11	4.89e-06	9.88e-01	1.22e-02	0.00e+00	0.00e+00	0.00e+00	0.00e+00	5.02e-17	1.01e-16	1.92e-69
 3.08405e+13	5.45e-23	1.87e-16	8.95e-11	5.27e-06	9.89e-01	1.14e-02	0.00e+00	0.00e+00	0.00e+00	0.00e+00	6.22e-17	1.25e-16	4.16e-69
 3.20057e+13	7.27e-23	2.33e-16	1.04e-10	5.68e-06	9.89e-01	1.06e-02	0.00e+00	0.00e+00	0.00e+00	0.00e+00	7.73e-17	1.56e-16	9.21e-69
 3.30379e+13	9.30e-23	2.80e-16	1.17e-10	6.05e-06	9.90e-01	9.93e-03	0.00e+00	0.00e+00	0.00e+00	0.00e+00	9.31e-17	1.87e-16	1.79e-68
 3.41568e+13	1.20e-22	3.41e-16	1.34e-10	6.47e-06	9.91e-01	9.30e-03	0.00e+00	0.00e+00	0.00e+00	0.00e+00	1.13e-16	2.28e-16	3.61e-68
 3.54999e+13	1.62e-22	4.27e-16	1.56e-10	7.00e-06	9.91e-01	8.61e-03	0.00e+00	0.00e+00	0.00e+00	0.00e+00	1.42e-16	2.85e-16	8.15e-68
 3.68595e+13	2.17e-22	5.33e-16	1.82e-10	7.56e-06	9.92e-01	7.99e-03	0.00e+00	0.00e+00	0.00e+00	0.00e+00	1.77e-16	3.56e-16	1.80e-67
 3.81351e+13	2.83e-22	6.50e-16	2.08e-10	8.09e-06	9.93e-01	7.47e-03	0.00e+00	0.00e+00	0.00e+00	0.00e+00	2.16e-16	4.34e-16	3.69e-67
 3.93660e+13	3.61e-22	7.83e-16	2.36e-10	8.63e-06	9.93e-01	7.01e-03	0.00e+00	0.00e+00	0.00e+00	0.00e+00	2.60e-16	5.23e-16	7.21e-67
 4.07555e+13	4.73e-22	9.59e-16	2.71e-10	9.27e-06	9.93e-01	6.54e-03	0.00e+00	0.00e+00	0.00e+00	0.00e+00	3.18e-16	6.41e-16	1.50e-66
 4.22884e+13	6.29e-22	1.19e-15	3.14e-10	9.99e-06	9.94e-01	6.07e-03	0.00e+00	0.00e+00	0.00e+00	0.00e+00	3.95e-16	7.96e-16	3.25e-66
 4.37026e+13	8.11e-22	1.44e-15	3.58e-10	1.07e-05	9.94e-01	5.68e-03	0.00e+00	0.00e+00	0.00e+00	0.00e+00	4.79e-16	9.66e-16	6.51e-66
 4.52361e+13	1.06e-21	1.77e-15	4.11e-10	1.15e-05	9.95e-01	5.30e-03	0.00e+00	0.00e+00	0.00e+00	0.00e+00	5.87e-16	1.18e-15	1.34e-65
 4.69482e+13	1.41e-21	2.20e-15	4.77e-10	1.24e-05	9.95e-01	4.92e-03	0.00e+00	0.00e+00	0.00e+00	0.00e+00	7.29e-16	1.47e-15	2.93e-65
 4.85575e+13	1.83e-21	2.68e-15	5.46e-10	1.33e-05	9.95e-01	4.59e-03	0.00e+00	0.00e+00	0.00e+00	0.00e+00	8.89e-16	1.79e-15	5.95e-65
 5.03141e+13	2.41e-21	3.30e-15	6.29e-10	1.43e-05	9.96e-01	4.27e-03	0.00e+00	0.00e+00	0.00e+00	0.00e+00	1.09e-15	2.21e-15	1.25e-64
 5.22656e+13	3.23e-21	4.12e-15	7.33e-10	1.54e-05	9.96e-01	3.95e-03	0.00e+00	0.00e+00	0.00e+00	0.00e+00	1.37e-15	2.76e-15	2.79e-64
 5.40894e+13	4.22e-21	5.04e-15	8.41e-10	1.66e-05	9.96e-01	3.69e-03	0.00e+00	0.00e+00	0.00e+00	0.00e+00	1.67e-15	3.37e-15	5.74e-64
 5.60686e+13	5.57e-21	6.23e-15	9.71e-10	1.78e-05	9.97e-01	3.43e-03	0.00e+00	0.00e+00	0.00e+00	0.00e+00	2.06e-15	4.16e-15	1.22e-63
 5.82797e+13	7.51e-21	7.81e-15	1.13e-09	1.93e-05	9.97e-01	3.17e-03	0.00e+00	0.00e+00	0.00e+00	0.00e+00	2.59e-15	5.22e-15	2.75e-63
 6.03843e+13	9.88e-21	9.62e-15	1.31e-09	2.08e-05	9.97e-01	2.95e-03	0.00e+00	0.00e+00	0.00e+00	0.00e+00	3.19e-15	6.43e-15	5.80e-63
 6.26346e+13	1.31e-20	1.19e-14	1.51e-09	2.24e-05	9.97e-01	2.74e-03	0.00e+00	0.00e+00	0.00e+00	0.00e+00	3.95e-15	7.97e-15	1.25e-62
 6.51699e+13	1.78e-20	1.51e-14	1.78e-09	2.43e-05	9.97e-01	2.52e-03	0.00e+00	0.00e+00	0.00e+00	0.00e+00	4.99e-15	1.01e-14	2.88e-62
 6.76714e+13	2.39e-20	1.88e-14	2.06e-09	2.62e-05	9.98e-01	2.34e-03	0.00e+00	0.00e+00	0.00e+00	0.00e+00	6.22e-15	1.26e-14	6.38e-62
 7.02730e+13	3.20e-20	2.34e-14	2.40e-09	2.84e-05	9.98e-01	2.16e-03	0.00e+00	0.00e+00	0.00e+00	0.00e+00	7.76e-15	1.57e-14	1.42e-61
 7.29398e+13	4.26e-20	2.92e-14	2.79e-09	3.06e-05	9.98e-01	2.01e-03	0.00e+00	0.00e+00	0.00e+00	0.00e+00	9.66e-15	1.95e-14	3.11e-61
 7.54130e+13	5.52e-20	3.55e-14	3.19e-09	3.28e-05	9.98e-01	1.88e-03	0.00e+00	0.00e+00	0.00e+00	0.00e+00	1.18e-14	2.37e-14	6.30e-61
 7.81592e+13	7.29e-20	4.38e-14	3.68e-09	3.53e-05	9.98e-01	1.74e-03	0.00e+00	0.00e+00	0.00e+00	0.00e+00	1.45e-14	2.93e-14	1.34e-60
 8.11741e+13	9.78e-20	5.47e-14	4.28e-09	3.81e-05	9.98e-01	1.61e-03	0.00e+00	0.00e+00	0.00e+00	0.00e+00	1.81e-14	3.66e-14	3.00e-60
 8.39647e+13	1.27e-19	6.68e-14	4.90e-09	4.08e-05	9.98e-01	1.51e-03	0.00e+00	0.00e+00	0.00e+00	0.00e+00	2.21e-14	4.47e-14	6.15e-60
 8.64160e+13	1.59e-19	7.91e-14	5.50e-09	4.33e-05	9.99e-01	1.42e-03	0.00e+00	0.00e+00	0.00e+00	0.00e+00	2.62e-14	5.30e-14	1.13e-59
 8.90116e+13	2.01e-19	9.42e-14	6.19e-09	4.60e-05	9.99e-01	1.34e-03	0.00e+00	0.00e+00	0.00e+00	0.00e+00	3.12e-14	6.30e-14	2.13e-59
 9.23031e+13	2.66e-19	1.17e-13	7.16e-09	4.95e-05	9.99e-01	1.24e-03	0.00e+00	0.00e+00	0.00e+00	0.00e+00	3.86e-14	7.81e-14	4.61e-59
 9.56380e+13	3.51e-19	1.44e-13	8.25e-09	5.32e-05	9.99e-01	1.16e-03	0.00e+00	0.00e+00	0.00e+00	0.00e+00	4.76e-14	9.63e-14	9.86e-59
 9.84587e+13	4.40e-19	1.71e-13	9.27e-09	5.65e-05	9.99e-01	1.09e-03	0.00e+00	0.00e+00	0.00e+00	0.00e+00	5.65e-14	1.14e-13	1.84e-58
 1.01472e+14	5.58e-19	2.04e-13	1.05e-08	6.00e-05	9.99e-01	1.03e-03	0.00e+00	0.00e+00	0.00e+00	0.00e+00	6.74e-14	1.37e-13	3.50e-58
 1.05254e+14	7.42e-19	2.53e-13	1.21e-08	6.47e-05	9.99e-01	9.53e-04	0.00e+00	0.00e+00	0.00e+00	0.00e+00	8.37e-14	1.70e-13	7.65e-58
 1.09157e+14	9.86e-19	3.14e-13	1.40e-08	6.96e-05	9.99e-01	8.85e-04	0.00e+00	0.00e+00	0.00e+00	0.00e+00	1.04e-13	2.10e-13	1.67e-57
 1.12598e+14	1.26e-18	3.77e-13	1.59e-08	7.42e-05	9.99e-01	8.32e-04	0.00e+00	0.00e+00	0.00e+00	0.00e+00	1.25e-13	2.53e-13	3.26e-57
 1.16315e+14	1.62e-18	4.57e-13	1.81e-08	7.92e-05	9.99e-01	7.78e-04	0.00e+00	0.00e+00	0.00e+00	0.00e+00	1.51e-13	3.06e-13	6.54e-57
 1.20799e+14	2.18e-18	5.71e-13	2.10e-08	8.56e-05	9.99e-01	7.21e-04	0.00e+00	0.00e+00	0.00e+00	0.00e+00	1.89e-13	3.83e-13	1.47e-56
 1.25245e+14	2.89e-18	7.08e-13	2.43e-08	9.21e-05	9.99e-01	6.70e-04	0.00e+00	0.00e+00	0.00e+00	0.00e+00	2.33e-13	4.74e-13	3.21e-56
 1.29197e+14	3.68e-18	8.50e-13	2.75e-08	9.81e-05	9.99e-01	6.29e-04	0.00e+00	0.00e+00	0.00e+00	0.00e+00	2.80e-13	5.70e-13	6.24e-56
 1.33544e+14	4.77e-18	1.03e-12	3.14e-08	1.05e-04	9.99e-01	5.88e-04	0.00e+00	0.00e+00	0.00e+00	0.00e+00	3.41e-13	6.93e-13	1.27e-55
 1.38735e+14	6.42e-18	1.29e-12	3.66e-08	1.13e-04	9.99e-01	5.44e-04	0.00e+00	0.00e+00	0.00e+00	0.00e+00	4.27e-13	8.68e-13	2.88e-55
 1.43891e+14	8.54e-18	1.61e-12	4.23e-08	1.22e-04	9.99e-01	5.05e-04	0.00e+00	0.00e+00	0.00e+00	0.00e+00	5.29e-13	1.08e-12	6.30e-55
 1.48585e+14	1.10e-17	1.94e-12	4.81e-08	1.31e-04	9.99e-01	4.73e-04	0.00e+00	0.00e+00	0.00e+00	0.00e+00	6.39e-13	1.30e-12	1.25e-54
 1.53814e+14	1.43e-17	2.38e-12	5.53e-08	1.40e-04	9.99e-01	4.41e-04	0.00e+00	0.00e+00	0.00e+00	0.00e+00	7.83e-13	1.60e-12	2.62e-54
 1.59920e+14	1.94e-17	2.99e-12	6.47e-08	1.52e-04	9.99e-01	4.07e-04	0.00e+00	0.00e+00	0.00e+00	0.00e+00	9.84e-13	2.01e-12	6.03e-54
 1.65925e+14	2.58e-17	3.71e-12	7.50e-08	1.64e-04	9.99e-01	3.77e-04	0.00e+00	0.00e+00	0.00e+00	0.00e+00	1.22e-12	2.49e-12	1.32e-53
 1.71572e+14	3.34e-17	4.52e-12	8.58e-08	1.76e-04	9.99e-01	3.52e-04	0.00e+00	0.00e+00	0.00e+00	0.00e+00	1.49e-12	3.03e-12	2.70e-53
 1.77865e+14	4.39e-17	5.58e-12	9.93e-08	1.89e-04	9.99e-01	3.26e-04	0.00e+00	0.00e+00	0.00e+00	0.00e+00	1.83e-12	3.75e-12	5.76e-53
 1.85010e+14	5.95e-17	7.03e-12	1.16e-07	2.06e-04	9.99e-01	3.01e-04	0.00e+00	4.90e-18	1.47e-17	2.46e-17	2.31e-12	4.72e-12	1.33e-52
 1.92143e+14	7.95e-17	8.77e-12	1.36e-07	2.23e-04	9.99e-01	2.78e-04	0.00e+00	6.54e-18	1.96e-17	3.28e-17	2.88e-12	5.89e-12	2.97e-52
 1.99027e+14	1.04e-16	1.08e-11	1.56e-07	2.40e-04	1.00e+00	2.58e-04	0.00e+00	8.55e-18	2.57e-17	4.29e-17	3.53e-12	7.23e-12	6.22e-52
 2.05001e+14	1.30e-16	1.28e-11	1.76e-07	2.55e-04	1.00e+00	2.42e-04	0.00e+00	1.07e-17	3.22e-17	5.38e-17	4.19e-12	8.59e-12	1.16e-51
 2.09993e+14	1.56e-16	1.47e-11	1.94e-07	2.68e-04	1.00e+00	2.30e-04	0.00e+00	1.28e-17	3.86e-17	6.45e-17	4.82e-12	9.88e-12	1.92e-51
 2.15543e+14	1.89e-16	1.71e-11	2.16e-07	2.84e-04	9.99e-01	2.18e-04	0.00e+00	1.56e-17	4.69e-17	7.84e-17	5.60e-12	1.15e-11	3.30e-51
 2.22758e+14	2.43e-16	2.07e-11	2.47e-07	3.05e-04	9.99e-01	2.03e-04	0.00e+00	2.00e-17	6.01e-17	1.00e-16	6.77e-12	1.39e-11	6.56e-51
 2.30366e+14	3.12e-16	2.51e-11	2.83e-07	3.27e-04	9.99e-01	1.89e-04	0.00e+00	2.57e-17	7.72e-17	1.29e-16	8.21e-12	1.69e-11	1.32e-50
 2.36933e+14	3.84e-16	2.95e-11	3.17e-07	3.48e-04	9.99e-01	1.78e-04	0.00e+00	3.17e-17	9.52e-17	1.59e-16	9.65e-12	1.98e-11	2.36e-50
 2.43918e+14	4.75e-16	3.48e-11	3.57e-07	3.71e-04	9.99e-01	1.67e-04	0.00e+00	3.92e-17	1.18e-16	1.97e-16	1.14e-11	2.34e-11	4.28e-50
 2.52838e+14	6.19e-16	4.27e-11	4.13e-07	4.01e-04	9.99e-01	1.54e-04	0.00e+00	5.12e-17	1.54e-16	2.57e-16	1.40e-11	2.87e-11	8.98e-50
 2.62016e+14	8.02e-16	5.23e-11	4.78e-07	4.33e-04	9.99e-01	1.43e-04	0.00e+00	6.64e-17	1.99e-16	3.33e-16	1.71e-11	3.52e-11	1.86e-49
 2.69883e+14	9.95e-16	6.19e-11	5.39e-07	4.63e-04	9.99e-01	1.34e-04	0.00e+00	8.24e-17	2.47e-16	4.13e-16	2.02e-11	4.16e-11	3.42e-49
 2.78304e+14	1.24e-15	7.35e-11	6.11e-07	4.95e-04	9.99e-01	1.25e-04	0.00e+00	1.03e-16	3.08e-16	5.15e-16	2.40e-11	4.95e-11	6.36e-49
 2.88740e+14	1.61e-15	9.05e-11	7.10e-07	5.37e-04	9.99e-01	1.16e-04	0.00e+00	1.34e-16	4.02e-16	6.72e-16	2.96e-11	6.09e-11	1.35e-48
 2.99432e+14	2.09e-15	1.11e-10	8.24e-07	5.83e-04	9.99e-01	1.07e-04	0.00e+00	1.74e-16	5.21e-16	8.71e-16	3.63e-11	7.47e-11	2.83e-48
 3.08955e+14	2.61e-15	1.32e-10	9.36e-07	6.26e-04	9.99e-01	9.95e-05	0.00e+00	2.17e-16	6.51e-16	1.09e-15	4.32e-11	8.89e-11	5.33e-48
 3.19321e+14	3.28e-15	1.59e-10	1.07e-06	6.74e-04	9.99e-01	9.25e-05	0.00e+00	2.73e-16	8.19e-16	1.37e-15	5.18e-11	1.07e-10	1.03e-47
 3.31700e+14	4.28e-15	1.96e-10	1.25e-06	7.35e-04	9.99e-01	8.50e-05	0.00e+00	3.57e-16	1.07e-15	1.79e-15	6.41e-11	1.32e-10	2.24e-47
 3.43909e+14	5.50e-15	2.39e-10	1.45e-06	7.97e-04	9.99e-01	7.84e-05	0.00e+00	4.59e-16	1.38e-15	2.30e-15	7.82e-11	1.61e-10	4.65e-47
 3.54898e+14	6.82e-15	2.84e-10	1.65e-06	8.57e-04	9.99e-01	7.31e-05	0.00e+00	5.69e-16	1.71e-15	2.86e-15	9.29e-11	1.91e-10	8.75e-47
 3.67085e+14	8.61e-15	3.42e-10	1.89e-06	9.25e-04	9.99e-01	6.78e-05	0.00e+00	7.19e-16	2.16e-15	3.61e-15	1.12e-10	2.30e-10	1.74e-46
 3.81468e+14	1.12e-14	4.22e-10	2.21e-06	1.01e-03	9.99e-01	6.22e-05	0.00e+00	9.35e-16	2.81e-15	4.69e-15	1.38e-10	2.84e-10	3.78e-46
 3.95674e+14	1.43e-14	5.15e-10	2.56e-06	1.10e-03	9.99e-01	5.73e-05	0.00e+00	1.20e-15	3.60e-15	6.01e-15	1.68e-10	3.47e-10	7.92e-46
 4.08809e+14	1.78e-14	6.15e-10	2.93e-06	1.18e-03	9.99e-01	5.33e-05	0.00e+00	1.49e-15	4.49e-15	7.50e-15	2.01e-10	4.14e-10	1.54e-45
 4.23554e+14	2.26e-14	7.45e-10	3.38e-06	1.28e-03	9.99e-01	4.92e-05	0.00e+00	1.90e-15	5.70e-15	9.52e-15	2.44e-10	5.01e-10	3.15e-45
 4.40526e+14	2.94e-14	9.21e-10	3.96e-06	1.40e-03	9.99e-01	4.51e-05	0.00e+00	2.47e-15	7.41e-15	1.24e-14	3.01e-10	6.20e-10	7.02e-45
 4.57148e+14	3.75e-14	1.12e-09	4.60e-06	1.53e-03	9.98e-01	4.15e-05	0.00e+00	3.16e-15	9.49e-15	1.59e-14	3.68e-10	7.56e-10	1.49e-44
 4.74435e+14	4.80e-14	1.37e-09	5.34e-06	1.66e-03	9.98e-01	3.82e-05	0.00e+00	4.05e-15	1.21e-14	2.03e-14	4.49e-10	9.23e-10	3.19e-44
 4.93442e+14	6.22e-14	1.70e-09	6.25e-06	1.82e-03	9.98e-01	3.50e-05	0.00e+00	5.25e-15	1.58e-14	2.63e-14	5.55e-10	1.14e-09	7.14e-44
 5.09527e+14	7.67e-14	2.01e-09	7.11e-06	1.96e-03	9.98e-01	3.26e-05	0.00e+00	6.48e-15	1.95e-14	3.25e-14	6.59e-10	1.35e-09	1.38e-43
 5.21295e+14	8.90e-14	2.28e-09	7.80e-06	2.06e-03	9.98e-01	3.10e-05	0.00e+00	7.53e-15	2.26e-14	3.78e-14	7.45e-10	1.53e-09	2.21e-43
 5.33652e+14	1.04e-13	2.58e-09	8.56e-06	2.18e-03	9.98e-01	2.94e-05	0.00e+00	8.79e-15	2.64e-14	4.41e-14	8.45e-10	1.74e-09	3.58e-43
 5.49715e+14	1.26e-13	3.03e-09	9.64e-06	2.33e-03	9.98e-01	2.75e-05	0.00e+00	1.07e-14	3.21e-14	5.36e-14	9.91e-10	2.03e-09	6.60e-43
 5.67428e+14	1.55e-13	3.59e-09	1.10e-05	2.51e-03	9.97e-01	2.57e-05	0.00e+00	1.32e-14	3.96e-14	6.61e-14	1.18e-09	2.41e-09	1.30e-42
 5.83814e+14	1.87e-13	4.18e-09	1.23e-05	2.67e-03	9.97e-01	2.41e-05	0.00e+00	1.59e-14	4.77e-14	7.96e-14	1.37e-09	2.81e-09	2.34e-42
 6.01642e+14	2.28e-13	4.92e-09	1.38e-05	2.86e-03	9.97e-01	2.26e-05	0.00e+00	1.94e-14	5.81e-14	9.70e-14	1.61e-09	3.30e-09	4.43e-42
 6.21690e+14	2.82e-13	5.87e-09	1.58e-05	3.09e-03	9.97e-01	2.11e-05	0.00e+00	2.40e-14	7.21e-14	1.20e-13	1.92e-09	3.94e-09	8.95e-42
 6.40790e+14	3.28e-13	6.90e-09	1.78e-05	3.31e-03	9.97e-01	1.97e-05	0.00e+00	2.80e-14	8.40e-14	1.40e-13	2.27e-09	4.64e-09	1.70e-41
 6.61786e+14	4.04e-13	8.21e-09	2.03e-05	3.56e-03	9.96e-01	1.84e-05	0.00e+00	3.45e-14	1.03e-13	1.73e-13	2.70e-09	5.52e-09	3.39e-41
 6.85265e+14	5.05e-13	9.92e-09	2.33e-05	3.85e-03	9.96e-01	1.71e-05	0.00e+00	4.32e-14	1.30e-13	2.17e-13	3.26e-09	6.67e-09	7.19e-41
 7.07569e+14	6.19e-13	1.18e-08	2.64e-05	4.14e-03	9.96e-01	1.60e-05	0.00e+00	5.30e-14	1.59e-13	2.66e-13	3.88e-09	7.92e-09	1.44e-40
 7.32162e+14	7.71e-13	1.42e-08	3.03e-05	4.48e-03	9.95e-01	1.49e-05	0.00e+00	6.61e-14	1.98e-13	3.31e-13	4.67e-09	9.54e-09	3.01e-40
 7.59712e+14	9.77e-13	1.74e-08	3.51e-05	4.87e-03	9.95e-01	1.38e-05	0.00e+00	8.39e-14	2.52e-13	4.20e-13	5.71e-09	1.17e-08	6.70e-40
 7.85700e+14	1.21e-12	2.09e-08	4.01e-05	5.25e-03	9.95e-01	1.28e-05	0.00e+00	1.04e-13	3.12e-13	5.21e-13	6.86e-09	1.40e-08	1.39e-39
 8.14014e+14	1.52e-12	2.53e-08	4.62e-05	5.68e-03	9.94e-01	1.19e-05	0.00e+00	1.31e-13	3.92e-13	6.55e-13	8.33e-09	1.70e-08	2.99e-39
 8.45488e+14	1.93e-12	3.12e-08	5.38e-05	6.19e-03	9.94e-01	1.11e-05	0.00e+00	1.66e-13	5.00e-13	8.34e-13	1.03e-08	2.09e-08	6.82e-39
 8.75022e+14	2.41e-12	3.77e-08	6.17e-05	6.69e-03	9.93e-01	1.03e-05	0.00e+00	2.08e-13	6.24e-13	1.04e-12	1.24e-08	2.53e-08	1.44e-38
 9.06854e+14	3.03e-12	4.59e-08	7.11e-05	7.25e-03	9.93e-01	9.65e-06	0.00e+00	2.61e-13	7.84e-13	1.31e-12	1.51e-08	3.08e-08	3.13e-38
 9.42326e+14	3.86e-12	5.68e-08	8.29e-05	7.90e-03	9.92e-01	8.97e-06	0.00e+00	3.34e-13	1.00e-12	1.67e-12	1.87e-08	3.81e-08	7.21e-38
 9.76468e+14	4.85e-12	6.93e-08	9.56e-05	8.56e-03	9.91e-01	8.39e-06	0.00e+00	4.20e-13	1.26e-12	2.10e-12	2.28e-08	4.64e-08	1.55e-37
 1.01281e+15	6.11e-12	8.50e-08	1.11e-04	9.29e-03	9.91e-01	7.86e-06	0.00e+00	5.30e-13	1.59e-12	2.65e-12	2.80e-08	5.70e-08	3.44e-37
 1.05335e+15	7.86e-12	1.06e-07	1.29e-04	1.01e-02	9.90e-01	7.32e-06	0.00e+00	6.82e-13	2.05e-12	3.41e-12	3.49e-08	7.09e-08	8.04e-37
 1.08750e+15	9.54e-12	1.27e-07	1.47e-04	1.09e-02	9.89e-01	6.94e-06	0.00e+00	8.29e-13	2.49e-12	4.15e-12	4.17e-08	8.49e-08	1.60e-36
 1.11211e+15	1.10e-11	1.44e-07	1.61e-04	1.15e-02	9.88e-01	6.68e-06	0.00e+00	9.53e-13	2.86e-12	4.77e-12	4.73e-08	9.62e-08	2.60e-36
 1.13769e+15	1.27e-11	1.63e-07	1.76e-04	1.21e-02	9.88e-01	6.43e-06	0.00e+00	1.10e-12	3.31e-12	5.52e-12	5.38e-08	1.09e-07	4.25e-36
 1.17094e+15	1.53e-11	1.92e-07	1.98e-04	1.28e-02	9.87e-01	6.13e-06	0.00e+00	1.33e-12	3.99e-12	6.65e-12	6.33e-08	1.29e-07	7.91e-36
 1.20801e+15	1.86e-11	2.29e-07	2.24e-04	1.38e-02	9.86e-01	5.82e-06	0.00e+00	1.62e-12	4.85e-12	8.10e-12	7.55e-08	1.53e-07	1.55e-35
 1.24271e+15	2.22e-11	2.69e-07	2.51e-04	1.47e-02	9.85e-01	5.58e-06	0.00e+00	1.94e-12	5.81e-12	9.70e-12	8.88e-08	1.80e-07	2.84e-35
 1.28048e+15	2.68e-11	3.19e-07	2.84e-04	1.57e-02	9.84e-01	5.33e-06	0.00e+00	2.34e-12	7.03e-12	1.17e-11	1.05e-07	2.14e-07	5.41e-35
 1.32275e+15	3.29e-11	3.84e-07	3.23e-04	1.69e-02	9.83e-01	5.08e-06	0.00e+00	2.88e-12	8.63e-12	1.44e-11	1.27e-07	2.57e-07	1.08e-34
 1.36265e+15	3.96e-11	4.54e-07	3.64e-04	1.80e-02	9.82e-01	4.88e-06	0.00e+00	3.46e-12	1.04e-11	1.73e-11	1.50e-07	3.04e-07	2.03e-34
 1.40631e+15	4.83e-11	5.44e-07	4.14e-04	1.93e-02	9.80e-01	4.67e-06	0.00e+00	4.23e-12	1.27e-11	2.12e-11	1.80e-07	3.65e-07	3.95e-34
 1.45524e+15	5.98e-11	6.62e-07	4.75e-04	2.09e-02	9.79e-01	4.47e-06	0.00e+00	5.24e-12	1.57e-11	2.62e-11	2.19e-07	4.43e-07	8.14e-34
 1.50166e+15	7.27e-11	7.93e-07	5.40e-04	2.24e-02	9.77e-01	4.30e-06	0.00e+00	6.38e-12	1.91e-11	3.19e-11	2.62e-07	5.31e-07	1.57e-33
 1.55266e+15	8.96e-11	9.60e-07	6.18e-04	2.41e-02	9.75e-01	4.13e-06	0.00e+00	7.87e-12	2.36e-11	3.94e-11	3.17e-07	6.43e-07	3.17e-33
 1.60940e+15	1.12e-10	1.18e-06	7.15e-04	2.61e-02	9.73e-01	3.96e-06	0.00e+00	9.84e-12	2.95e-11	4.93e-11	3.90e-07	7.90e-07	6.70e-33
 1.66209e+15	1.37e-10	1.42e-06	8.15e-04	2.81e-02	9.71e-01	3.83e-06	0.00e+00	1.20e-11	3.60e-11	6.01e-11	4.70e-07	9.50e-07	1.30e-32
 1.71906e+15	1.69e-10	1.73e-06	9.35e-04	3.03e-02	9.69e-01	3.70e-06	0.00e+00	1.48e-11	4.45e-11	7.43e-11	5.71e-07	1.15e-06	2.61e-32
 1.78270e+15	2.11e-10	2.12e-06	1.08e-03	3.28e-02	9.66e-01	3.57e-06	0.00e+00	1.86e-11	5.57e-11	9.30e-11	7.03e-07	1.42e-06	5.49e-32
 1.84227e+15	2.58e-10	2.57e-06	1.24e-03	3.53e-02	9.63e-01	3.47e-06	0.00e+00	2.27e-11	6.83e-11	1.14e-10	8.50e-07	1.72e-06	1.07e-31
 1.90697e+15	3.20e-10	3.13e-06	1.43e-03	3.82e-02	9.60e-01	3.36e-06	0.00e+00	2.82e-11	8.47e-11	1.41e-10	1.04e-06	2.10e-06	2.15e-31
 1.97581e+15	3.98e-10	3.85e-06	1.65e-03	4.13e-02	9.57e-01	3.27e-06	0.00e+00	3.52e-11	1.06e-10	1.76e-10	1.27e-06	2.57e-06	4.40e-31
 2.03604e+15	4.80e-10	4.58e-06	1.87e-03	4.42e-02	9.54e-01	3.20e-06	0.00e+00	4.24e-11	1.27e-10	2.12e-10	1.52e-06	3.06e-06	8.01e-31
 2.08773e+15	5.57e-10	5.30e-06	2.07e-03	4.68e-02	9.51e-01	3.15e-06	0.00e+00	4.93e-11	1.48e-10	2.47e-10	1.75e-06	3.54e-06	1.32e-30
 2.14230e+15	6.59e-10	6.16e-06	2.30e-03	4.96e-02	9.48e-01	3.09e-06	0.00e+00	5.84e-11	1.75e-10	2.92e-10	2.04e-06	4.12e-06	2.23e-30
 2.20395e+15	7.88e-10	7.27e-06	2.58e-03	5.29e-02	9.45e-01	3.02e-06	0.00e+00	6.98e-11	2.09e-10	3.49e-10	2.41e-06	4.86e-06	3.91e-30
 2.26305e+15	9.33e-10	8.48e-06	2.88e-03	5.61e-02	9.41e-01	2.97e-06	0.00e+00	8.28e-11	2.48e-10	4.14e-10	2.81e-06	5.67e-06	6.59e-30
 2.32815e+15	1.12e-09	1.00e-05	3.24e-03	5.99e-02	9.37e-01	2.91e-06	0.00e+00	9.97e-11	2.99e-10	4.99e-10	3.32e-06	6.70e-06	1.16e-29
 2.39914e+15	1.36e-09	1.19e-05	3.67e-03	6.41e-02	9.32e-01	2.86e-06	0.00e+00	1.21e-10	3.63e-10	6.05e-10	3.96e-06	7.98e-06	2.09e-29
 2.46419e+15	1.62e-09	1.40e-05	4.10e-03	6.80e-02	9.28e-01	2.82e-06	0.00e+00	1.44e-10	4.32e-10	7.20e-10	4.63e-06	9.33e-06	3.49e-29
 2.53517e+15	1.95e-09	1.65e-05	4.61e-03	7.26e-02	9.23e-01	2.77e-06	0.00e+00	1.74e-10	5.21e-10	8.69e-10	5.48e-06	1.10e-05	6.13e-29
 2.61424e+15	2.38e-09	1.98e-05	5.24e-03	7.79e-02	9.17e-01	2.72e-06	0.00e+00	2.12e-10	6.36e-10	1.06e-09	6.55e-06	1.32e-05	1.10e-28
 2.68924e+15	2.87e-09	2.33e-05	5.89e-03	8.30e-02	9.11e-01	2.68e-06	0.00e+00	2.56e-10	7.68e-10	1.28e-09	7.74e-06	1.56e-05	1.89e-28
 2.77219e+15	3.52e-09	2.79e-05	6.69e-03	8.90e-02	9.04e-01	2.63e-06	0.00e+00	3.14e-10	9.43e-10	1.57e-09	9.27e-06	1.87e-05	3.41e-28
 2.86259e+15	4.34e-09	3.37e-05	7.65e-03	9.57e-02	8.97e-01	2.58e-06	0.00e+00	3.88e-10	1.16e-09	1.94e-09	1.12e-05	2.25e-05	6.22e-28
 2.94414e+15	5.24e-09	3.97e-05	8.59e-03	1.02e-01	8.89e-01	2.55e-06	0.00e+00	4.69e-10	1.41e-09	2.35e-09	1.32e-05	2.65e-05	1.04e-27
 3.03160e+15	6.45e-09	4.74e-05	9.73e-03	1.09e-01	8.81e-01	2.52e-06	0.00e+00	5.78e-10	1.74e-09	2.89e-09	1.57e-05	3.17e-05	1.83e-27
 3.12874e+15	7.92e-09	5.70e-05	1.11e-02	1.17e-01	8.72e-01	2.47e-06	0.00e+00	7.11e-10	2.13e-09	3.56e-09	1.89e-05	3.81e-05	3.26e-27
 3.21999e+15	9.63e-09	6.76e-05	1.25e-02	1.25e-01	8.62e-01	2.43e-06	0.00e+00	8.66e-10	2.60e-09	4.33e-09	2.24e-05	4.51e-05	5.48e-27
 3.32016e+15	1.21e-08	8.14e-05	1.43e-02	1.34e-01	8.52e-01	2.40e-06	0.00e+00	1.09e-09	3.26e-09	5.44e-09	2.70e-05	5.43e-05	9.77e-27
 3.42936e+15	1.49e-08	9.84e-05	1.64e-02	1.44e-01	8.39e-01	2.34e-06	0.00e+00	1.35e-09	4.04e-09	6.73e-09	3.27e-05	6.57e-05	1.74e-26
 3.52371e+15	1.80e-08	1.15e-04	1.84e-02	1.53e-01	8.28e-01	2.30e-06	0.00e+00	1.63e-09	4.88e-09	8.14e-09	3.84e-05	7.70e-05	2.78e-26
 3.60612e+15	2.12e-08	1.32e-04	2.03e-02	1.61e-01	8.18e-01	2.27e-06	0.00e+00	1.92e-09	5.75e-09	9.59e-09	4.40e-05	8.84e-05	4.20e-26
 3.69960e+15	2.56e-08	1.55e-04	2.27e-02	1.71e-01	8.06e-01	2.23e-06	0.00e+00	2.32e-09	6.95e-09	1.16e-08	5.15e-05	1.03e-04	6.75e-26
 3.79894e+15	3.12e-08	1.81e-04	2.54e-02	1.81e-01	7.93e-01	2.19e-06	0.00e+00	2.82e-09	8.46e-09	1.41e-08	6.04e-05	1.21e-04	1.07e-25
 3.88893e+15	3.70e-08	2.09e-04	2.82e-02	1.91e-01	7.81e-01	2.17e-06	0.00e+00	3.35e-09	1.00e-08	1.68e-08	6.95e-05	1.39e-04	1.61e-25
 3.97574e+15	4.36e-08	2.39e-04	3.10e-02	2.00e-01	7.68e-01	2.13e-06	0.00e+00	3.96e-09	1.19e-08	1.98e-08	7.94e-05	1.59e-04	2.36e-25
 4.07537e+15	5.22e-08	2.79e-04	3.47e-02	2.12e-01	7.53e-01	2.08e-06	0.00e+00	4.74e-09	1.42e-08	2.37e-08	9.27e-05	1.86e-04	3.71e-25
 4.18628e+15	6.46e-08	3.29e-04	3.91e-02	2.25e-01	7.36e-01	2.05e-06	0.00e+00	5.87e-09	1.76e-08	2.94e-08	1.09e-04	2.19e-04	5.93e-25
 4.28977e+15	7.67e-08	3.81e-04	4.35e-02	2.37e-01	7.20e-01	1.99e-06	0.00e+00	6.99e-09	2.10e-08	3.49e-08	1.27e-04	2.54e-04	8.95e-25
 4.38478e+15	9.20e-08	4.36e-04	4.81e-02	2.48e-01	7.04e-01	1.96e-06	0.00e+00	8.38e-09	2.51e-08	4.19e-08	1.45e-04	2.91e-04	1.31e-24
 4.49087e+15	1.10e-07	5.09e-04	5.37e-02	2.61e-01	6.85e-01	1.91e-06	0.00e+00	1.01e-08	3.02e-08	5.03e-08	1.69e-04	3.39e-04	2.03e-24
 4.60871e+15	1.35e-07	5.99e-04	6.05e-02	2.76e-01	6.63e-01	1.85e-06	0.00e+00	1.24e-08	3.71e-08	6.19e-08	1.99e-04	3.99e-04	3.19e-24
 4.71850e+15	1.64e-07	6.94e-04	6.75e-02	2.89e-01	6.43e-01	1.82e-06	0.00e+00	1.50e-08	4.50e-08	7.50e-08	2.31e-04	4.63e-04	4.76e-24
 4.82192e+15	1.96e-07	7.98e-04	7.48e-02	3.02e-01	6.22e-01	1.77e-06	0.00e+00	1.79e-08	5.38e-08	8.97e-08	2.66e-04	5.32e-04	7.00e-24
 4.94036e+15	2.46e-07	9.42e-04	8.43e-02	3.17e-01	5.97e-01	1.74e-06	0.00e+00	2.26e-08	6.76e-08	1.13e-07	3.14e-04	6.28e-04	1.09e-23
 5.06605e+15	3.04e-07	1.11e-03	9.50e-02	3.33e-01	5.71e-01	1.69e-06	0.00e+00	2.79e-08	8.38e-08	1.40e-07	3.69e-04	7.39e-04	1.69e-23
 5.17605e+15	3.67e-07	1.28e-03	1.05e-01	3.46e-01	5.47e-01	1.64e-06	0.00e+00	3.37e-08	1.01e-07	1.68e-07	4.26e-04	8.52e-04	2.48e-23
 5.27767e+15	4.37e-07	1.46e-03	1.16e-01	3.59e-01	5.24e-01	1.60e-06	0.00e+00	4.02e-08	1.21e-07	2.01e-07	4.86e-04	9.73e-04	3.57e-23
 5.39355e+15	5.32e-07	1.70e-03	1.30e-01	3.72e-01	4.96e-01	1.53e-06	0.00e+00	4.90e-08	1.47e-07	2.45e-07	5.67e-04	1.13e-03	5.49e-23
 5.51484e+15	6.60e-07	1.99e-03	1.46e-01	3.86e-01	4.66e-01	1.50e-06	0.00e+00	6.09e-08	1.83e-07	3.04e-07	6.63e-04	1.33e-03	8.47e-23
 5.61654e+15	7.84e-07	2.26e-03	1.60e-01	3.97e-01	4.41e-01	1.46e-06	0.00e+00	7.24e-08	2.17e-07	3.62e-07	7.53e-04	1.51e-03	1.20e-22
 5.70817e+15	9.23e-07	2.54e-03	1.74e-01	4.06e-01	4.18e-01	1.41e-06	0.00e+00	8.52e-08	2.56e-07	4.26e-07	8.47e-04	1.69e-03	1.67e-22
 5.81330e+15	1.11e-06	2.92e-03	1.92e-01	4.15e-01	3.90e-01	1.36e-06	0.00e+00	1.02e-07	3.06e-07	5.10e-07	9.72e-04	1.94e-03	2.47e-22
 5.92542e+15	1.35e-06	3.37e-03	2.13e-01	4.24e-01	3.59e-01	1.31e-06	0.00e+00	1.25e-07	3.75e-07	6.25e-07	1.13e-03	2.25e-03	3.77e-22
 6.02067e+15	1.60e-06	3.80e-03	2.32e-01	4.30e-01	3.34e-01	1.27e-06	0.00e+00	1.48e-07	4.45e-07	7.42e-07	1.27e-03	2.53e-03	5.30e-22
 6.09505e+15	1.82e-06	4.17e-03	2.48e-01	4.34e-01	3.14e-01	1.24e-06	0.00e+00	1.69e-07	5.07e-07	8.44e-07	1.39e-03	2.78e-03	6.93e-22
 6.15774e+15	2.04e-06	4.53e-03	2.62e-01	4.37e-01	2.96e-01	1.21e-06	0.00e+00	1.89e-07	5.68e-07	9.46e-07	1.51e-03	3.02e-03	8.83e-22
 6.22874e+15	2.32e-06	4.91e-03	2.79e-01	4.39e-01	2.77e-01	1.17e-06	0.00e+00	2.15e-07	6.45e-07	1.07e-06	1.64e-03	3.27e-03	1.11e-21
 6.32104e+15	2.80e-06	5.65e-03	3.04e-01	4.40e-01	2.49e-01	1.12e-06	0.00e+00	2.60e-07	7.81e-07	1.30e-06	1.88e-03	3.76e-03	1.76e-21
 6.40258e+15	3.18e-06	6.20e-03	3.25e-01	4.40e-01	2.29e-01	1.07e-06	0.00e+00	2.96e-07	8.87e-07	1.48e-06	2.07e-03	4.13e-03	2.29e-21
 6.45773e+15	3.56e-06	6.67e-03	3.42e-01	4.39e-01	2.13e-01	1.05e-06	0.00e+00	3.31e-07	9.93e-07	1.65e-06	2.23e-03	4.45e-03	2.90e-21
 6.51702e+15	4.01e-06	7.24e-03	3.60e-01	4.36e-01	1.97e-01	1.01e-06	0.00e+00	3.74e-07	1.12e-06	1.87e-06	2.41e-03	4.82e-03	3.78e-21
 6.58295e+15	4.50e-06	7.80e-03	3.79e-01	4.33e-01	1.80e-01	9.65e-07	0.00e+00	4.19e-07	1.26e-06	2.09e-06	2.60e-03	5.19e-03	4.74e-21
 6.65748e+15	5.29e-06	8.74e-03	4.05e-01	4.27e-01	1.59e-01	0.00e+00	0.00e+00	4.93e-07	1.48e-06	2.46e-06	2.92e-03	5.82e-03	7.08e-21
 6.72599e+15	6.05e-06	9.51e-03	4.28e-01	4.21e-01	1.42e-01	0.00e+00	0.00e+00	5.64e-07	1.69e-06	2.82e-06	3.17e-03	6.34e-03	9.36e-21
 6.77443e+15	6.67e-06	1.01e-02	4.44e-01	4.15e-01	1.30e-01	0.00e+00	0.00e+00	6.22e-07	1.87e-06	3.11e-06	3.38e-03	6.76e-03	1.17e-20
 6.82520e+15	7.44e-06	1.09e-02	4.63e-01	4.09e-01	1.18e-01	0.00e+00	0.00e+00	6.94e-07	2.08e-06	3.47e-06	3.63e-03	7.25e-03	1.50e-20
 6.88239e+15	8.36e-06	1.17e-02	4.84e-01	4.00e-01	1.04e-01	0.00e+00	0.00e+00	7.82e-07	2.34e-06	3.90e-06	3.92e-03	7.82e-03	1.97e-20
 6.93622e+15	9.43e-06	1.26e-02	5.03e-01	3.91e-01	9.28e-02	0.00e+00	0.00e+00	8.82e-07	2.64e-06	4.40e-06	4.21e-03	8.40e-03	2.55e-20
 6.98513e+15	1.04e-05	1.33e-02	5.20e-01	3.83e-01	8.32e-02	0.00e+00	0.00e+00	9.70e-07	2.91e-06	4.85e-06	4.44e-03	8.87e-03	3.09e-20
 7.03937e+15	1.21e-05	1.45e-02	5.42e-01	3.72e-01	7.15e-02	0.00e+00	0.00e+00	1.13e-06	3.40e-06	5.67e-06	4.85e-03	9.68e-03	4.42e-20
 7.09200e+15	1.35e-05	1.55e-02	5.61e-01	3.61e-01	6.25e-02	0.00e+00	0.00e+00	1.26e-06	3.79e-06	6.31e-06	5.17e-03	1.03e-02	5.57e-20
 7.13498e+15	1.47e-05	1.63e-02	5.76e-01	3.52e-01	5.55e-02	0.00e+00	0.00e+00	1.38e-06	4.15e-06	6.91e-06	5.43e-03	1.08e-02	6.67e-20
 7.18333e+15	1.66e-05	1.73e-02	5.94e-01	3.41e-01	4.78e-02	0.00e+00	0.00e+00	1.56e-06	4.68e-06	7.79e-06	5.79e-03	1.16e-02	8.61e-20
 7.23593e+15	1.90e-05	1.86e-02	6.13e-01	3.28e-01	4.04e-02	0.00e+00	0.00e+00	1.78e-06	5.34e-06	8.89e-06	6.20e-03	1.24e-02	1.14e-19
 7.28269e+15	2.19e-05	1.99e-02	6.31e-01	3.15e-01	3.41e-02	0.00e+00	0.00e+00	2.06e-06	6.18e-06	1.03e-05	6.66e-03	1.33e-02	1.57e-19
 7.32202e+15	2.43e-05	2.09e-02	6.44e-01	3.05e-01	2.97e-02	0.00e+00	0.00e+00	2.29e-06	6.86e-06	1.14e-05	6.99e-03	1.39e-02	1.96e-19
 7.36309e+15	2.71e-05	2.22e-02	6.58e-01	2.94e-01	2.52e-02	0.00e+00	0.00e+00	2.56e-06	7.66e-06	1.28e-05	7.40e-03	1.48e-02	2.56e-19
 7.40206e+15	2.98e-05	2.32e-02	6.71e-01	2.84e-01	2.18e-02	0.00e+00	0.00e+00	2.81e-06	8.42e-06	1.40e-05	7.75e-03	1.55e-02	3.15e-19
 7.43094e+15	3.20e-05	2.39e-02	6.79e-01	2.77e-01	1.95e-02	0.00e+00	0.00e+00	3.02e-06	9.04e-06	1.51e-05	8.00e-03	1.59e-02	3.61e-19
 7.46110e+15	3.53e-05	2.50e-02	6.90e-01	2.68e-01	1.70e-02	0.00e+00	0.00e+00	3.33e-06	9.98e-06	1.66e-05	8.36e-03	1.67e-02	4.54e-19
 7.49302e+15	3.76e-05	2.60e-02	6.99e-01	2.60e-01	1.49e-02	0.00e+00	0.00e+00	3.55e-06	1.06e-05	1.77e-05	8.69e-03	1.73e-02	5.44e-19
 7.52725e+15	4.10e-05	2.72e-02	7.10e-01	2.51e-01	1.27e-02	0.00e+00	0.00e+00	3.88e-06	1.16e-05	1.94e-05	9.09e-03	1.81e-02	6.74e-19
 7.56384e+15	4.47e-05	2.84e-02	7.20e-01	2.41e-01	1.08e-02	0.00e+00	0.00e+00	4.23e-06	1.27e-05	2.11e-05	9.50e-03	1.89e-02	8.39e-19
 7.59628e+15	4.85e-05	2.95e-02	7.29e-01	2.32e-01	9.30e-03	0.00e+00	0.00e+00	4.60e-06	1.38e-05	2.29e-05	9.87e-03	1.97e-02	1.02e-18
 7.63122e+15	5.25e-05	3.09e-02	7.38e-01	2.23e-01	7.85e-03	0.00e+00	0.00e+00	4.98e-06	1.49e-05	2.48e-05	1.03e-02	2.05e-02	1.27e-18
 7.66918e+15	5.68e-05	3.23e-02	7.47e-01	2.14e-01	6.55e-03	0.00e+00	0.00e+00	5.39e-06	1.62e-05	2.69e-05	1.08e-02	2.15e-02	1.59e-18
 7.70348e+15	6.13e-05	3.36e-02	7.56e-01	2.05e-01	5.55e-03	0.00e+00	0.00e+00	5.82e-06	1.75e-05	2.91e-05	1.12e-02	2.24e-02	1.95e-18
