#depth	O	O+	O+2	O+3	O+4	O+5	O+6	O+7	O+8	O[1]	O[2]	O[3]
 1.49634e+10	0.00e+00	4.20e-33	1.37e-22	6.44e-14	2.66e-07	1.85e-03	9.98e-01	0.00e+00	0.00e+00	0.00e+00	0.00e+00	0.00e+00
 4.54887e+10	7.47e-45	6.20e-33	1.87e-22	8.15e-14	3.11e-07	2.00e-03	9.98e-01	3.32e-08	0.00e+00	0.00e+00	0.00e+00	0.00e+00
 7.72350e+10	0.00e+00	9.16e-33	2.56e-22	1.03e-13	3.64e-07	2.16e-03	9.98e-01	0.00e+00	0.00e+00	0.00e+00	0.00e+00	0.00e+00
 1.10251e+11	1.90e-44	1.35e-32	3.49e-22	1.30e-13	4.26e-07	2.34e-03	9.98e-01	0.00e+00	0.00e+00	0.00e+00	0.00e+00	0.00e+00
 1.44588e+11	0.00e+00	2.00e-32	4.78e-22	1.65e-13	4.98e-07	2.53e-03	9.97e-01	0.00e+00	0.00e+00	0.00e+00	0.00e+00	0.00e+00
 1.80298e+11	4.84e-44	2.95e-32	6.53e-22	2.09e-13	5.83e-07	2.74e-03	9.97e-01	0.00e+00	0.00e+00	0.00e+00	0.00e+00	0.00e+00
 2.17437e+11	0.00e+00	4.35e-32	8.92e-22	2.64e-13	6.82e-07	2.97e-03	9.97e-01	0.00e+00	0.00e+00	0.00e+00	0.00e+00	0.00e+00
 2.56061e+11	1.23e-43	6.41e-32	1.22e-21	3.34e-13	7.98e-07	3.21e-03	9.97e-01	0.00e+00	0.00e+00	0.00e+00	0.00e+00	0.00e+00
 2.96231e+11	0.00e+00	9.46e-32	1.66e-21	4.22e-13	9.34e-07	3.48e-03	9.97e-01	0.00e+00	0.00e+00	0.00e+00	0.00e+00	0.00e+00
 3.38007e+11	3.11e-43	1.39e-31	2.27e-21	5.34e-13	1.09e-06	3.77e-03	9.96e-01	0.00e+00	0.00e+00	0.00e+00	0.00e+00	0.00e+00
 3.81454e+11	0.00e+00	2.05e-31	3.10e-21	6.76e-13	1.28e-06	4.08e-03	9.96e-01	0.00e+00	0.00e+00	0.00e+00	0.00e+00	0.00e+00
 4.26639e+11	7.86e-43	3.02e-31	4.23e-21	8.55e-13	1.50e-06	4.42e-03	9.96e-01	0.00e+00	0.00e+00	0.00e+00	0.00e+00	0.00e+00
 4.73631e+11	0.00e+00	4.45e-31	5.78e-21	1.08e-12	1.75e-06	4.78e-03	9.95e-01	0.00e+00	0.00e+00	0.00e+00	0.00e+00	0.00e+00
 5.22503e+11	1.98e-42	6.55e-31	7.88e-21	1.37e-12	2.05e-06	5.18e-03	9.95e-01	0.00e+00	0.00e+00	0.00e+00	0.00e+00	0.00e+00
 5.73330e+11	0.00e+00	9.62e-31	1.07e-20	1.73e-12	2.41e-06	5.61e-03	9.94e-01	0.00e+00	0.00e+00	0.00e+00	0.00e+00	0.00e+00
 6.26190e+11	4.98e-42	1.41e-30	1.47e-20	2.19e-12	2.82e-06	6.08e-03	9.94e-01	0.00e+00	0.00e+00	0.00e+00	0.00e+00	0.00e+00
 6.81164e+11	0.00e+00	2.08e-30	2.00e-20	2.76e-12	3.30e-06	6.58e-03	9.93e-01	0.00e+00	0.00e+00	0.00e+00	0.00e+00	0.00e+00
 7.38337e+11	1.25e-41	3.05e-30	2.72e-20	3.49e-12	3.86e-06	7.13e-03	9.93e-01	0.00e+00	0.00e+00	0.00e+00	0.00e+00	0.00e+00
 7.97798e+11	0.00e+00	4.47e-30	3.71e-20	4.42e-12	4.52e-06	7.73e-03	9.92e-01	0.00e+00	0.00e+00	0.00e+00	0.00e+00	0.00e+00
 8.59636e+11	3.10e-41	6.54e-30	5.04e-20	5.59e-12	5.30e-06	8.38e-03	9.92e-01	0.00e+00	0.00e+00	0.00e+00	0.00e+00	0.00e+00
 9.23949e+11	0.00e+00	9.57e-30	6.86e-20	7.06e-12	6.21e-06	9.08e-03	9.91e-01	0.00e+00	0.00e+00	0.00e+00	0.00e+00	0.00e+00
 9.90833e+11	7.68e-41	1.40e-29	9.33e-20	8.92e-12	7.27e-06	9.85e-03	9.90e-01	0.00e+00	0.00e+00	0.00e+00	0.00e+00	0.00e+00
 1.06039e+12	0.00e+00	2.04e-29	1.27e-19	1.13e-11	8.52e-06	1.07e-02	9.89e-01	0.00e+00	0.00e+00	0.00e+00	0.00e+00	0.00e+00
 1.13274e+12	1.89e-40	2.97e-29	1.72e-19	1.42e-11	9.98e-06	1.16e-02	9.88e-01	0.00e+00	0.00e+00	0.00e+00	0.00e+00	0.00e+00
 1.20797e+12	0.00e+00	4.33e-29	2.34e-19	1.80e-11	1.17e-05	1.26e-02	9.87e-01	0.00e+00	0.00e+00	0.00e+00	0.00e+00	0.00e+00
 1.28622e+12	4.60e-40	6.29e-29	3.17e-19	2.27e-11	1.37e-05	1.37e-02	9.86e-01	0.00e+00	0.00e+00	0.00e+00	0.00e+00	0.00e+00
 1.36759e+12	0.00e+00	9.13e-29	4.29e-19	2.87e-11	1.61e-05	1.48e-02	9.85e-01	0.00e+00	0.00e+00	0.00e+00	0.00e+00	0.00e+00
 1.45222e+12	1.11e-39	1.32e-28	5.81e-19	3.63e-11	1.88e-05	1.61e-02	9.84e-01	0.00e+00	0.00e+00	0.00e+00	0.00e+00	0.00e+00
 1.54024e+12	0.00e+00	1.91e-28	7.85e-19	4.58e-11	2.21e-05	1.75e-02	9.82e-01	0.00e+00	0.00e+00	0.00e+00	0.00e+00	0.00e+00
 1.63178e+12	2.64e-39	2.75e-28	1.06e-18	5.78e-11	2.59e-05	1.90e-02	9.81e-01	0.00e+00	0.00e+00	0.00e+00	0.00e+00	0.00e+00
 1.72697e+12	0.00e+00	3.95e-28	1.43e-18	7.29e-11	3.03e-05	2.07e-02	9.79e-01	0.00e+00	0.00e+00	0.00e+00	0.00e+00	0.00e+00
 1.82598e+12	6.20e-39	5.66e-28	1.92e-18	9.19e-11	3.56e-05	2.25e-02	9.77e-01	0.00e+00	0.00e+00	0.00e+00	0.00e+00	0.00e+00
 1.92895e+12	0.00e+00	8.08e-28	2.58e-18	1.16e-10	4.17e-05	2.45e-02	9.75e-01	0.00e+00	0.00e+00	0.00e+00	0.00e+00	0.00e+00
 2.03603e+12	1.43e-38	1.15e-27	3.46e-18	1.46e-10	4.89e-05	2.66e-02	9.73e-01	0.00e+00	0.00e+00	0.00e+00	0.00e+00	0.00e+00
 2.14740e+12	0.00e+00	1.63e-27	4.64e-18	1.84e-10	5.73e-05	2.90e-02	9.71e-01	0.00e+00	0.00e+00	0.00e+00	0.00e+00	0.00e+00
 2.26322e+12	3.21e-38	2.30e-27	6.19e-18	2.31e-10	6.72e-05	3.16e-02	9.68e-01	0.00e+00	0.00e+00	0.00e+00	0.00e+00	0.00e+00
 2.38368e+12	0.00e+00	3.23e-27	8.25e-18	2.91e-10	7.88e-05	3.45e-02	9.65e-01	0.00e+00	0.00e+00	0.00e+00	0.00e+00	0.00e+00
 2.50895e+12	7.01e-38	4.52e-27	1.10e-17	3.66e-10	9.23e-05	3.77e-02	9.62e-01	0.00e+00	0.00e+00	0.00e+00	0.00e+00	0.00e+00
 2.63924e+12	0.00e+00	6.28e-27	1.45e-17	4.60e-10	1.08e-04	4.11e-02	9.59e-01	0.00e+00	0.00e+00	0.00e+00	0.00e+00	0.00e+00
 2.77473e+12	1.48e-37	8.67e-27	1.92e-17	5.77e-10	1.27e-04	4.50e-02	9.55e-01	0.00e+00	0.00e+00	0.00e+00	0.00e+00	0.00e+00
 2.91565e+12	0.00e+00	1.19e-26	2.53e-17	7.24e-10	1.48e-04	4.91e-02	9.51e-01	0.00e+00	0.00e+00	0.00e+00	0.00e+00	0.00e+00
 3.06220e+12	3.01e-37	1.62e-26	3.32e-17	9.07e-10	1.73e-04	5.38e-02	9.46e-01	0.00e+00	0.00e+00	0.00e+00	0.00e+00	0.00e+00
 3.21461e+12	0.00e+00	2.20e-26	4.34e-17	1.14e-09	2.02e-04	5.88e-02	9.41e-01	0.00e+00	0.00e+00	0.00e+00	0.00e+00	0.00e+00
 3.37313e+12	5.90e-37	2.97e-26	5.68e-17	1.42e-09	2.36e-04	6.44e-02	9.35e-01	0.00e+00	0.00e+00	0.00e+00	0.00e+00	0.00e+00
 3.53798e+12	0.00e+00	3.98e-26	7.40e-17	1.78e-09	2.75e-04	7.05e-02	9.29e-01	0.00e+00	0.00e+00	0.00e+00	0.00e+00	0.00e+00
 3.70942e+12	1.11e-36	5.31e-26	9.62e-17	2.22e-09	3.21e-04	7.72e-02	9.22e-01	0.00e+00	0.00e+00	0.00e+00	0.00e+00	0.00e+00
 3.88773e+12	0.00e+00	7.06e-26	1.25e-16	2.77e-09	3.73e-04	8.46e-02	9.15e-01	0.00e+00	0.00e+00	0.00e+00	0.00e+00	0.00e+00
 4.07316e+12	2.03e-36	9.35e-26	1.62e-16	3.46e-09	4.33e-04	9.26e-02	9.07e-01	0.00e+00	0.00e+00	0.00e+00	0.00e+00	0.00e+00
 4.26573e+12	0.00e+00	1.24e-25	2.10e-16	4.31e-09	5.01e-04	1.01e-01	8.98e-01	0.00e+00	0.00e+00	0.00e+00	0.00e+00	0.00e+00
 4.46327e+12	3.61e-36	1.63e-25	2.71e-16	5.36e-09	5.78e-04	1.11e-01	8.89e-01	0.00e+00	0.00e+00	0.00e+00	0.00e+00	0.00e+00
 4.66350e+12	0.00e+00	2.13e-25	3.49e-16	6.62e-09	6.64e-04	1.21e-01	8.79e-01	0.00e+00	0.00e+00	0.00e+00	0.00e+00	0.00e+00
 4.86783e+12	6.23e-36	2.79e-25	4.47e-16	8.15e-09	7.60e-04	1.31e-01	8.68e-01	0.00e+00	0.00e+00	0.00e+00	0.00e+00	0.00e+00
 5.07960e+12	0.00e+00	3.65e-25	5.74e-16	1.00e-08	8.68e-04	1.42e-01	8.57e-01	0.00e+00	0.00e+00	0.00e+00	0.00e+00	0.00e+00
 5.30118e+12	1.08e-35	4.82e-25	7.40e-16	1.23e-08	9.91e-04	1.54e-01	8.45e-01	0.00e+00	0.00e+00	0.00e+00	0.00e+00	0.00e+00
 5.53349e+12	0.00e+00	6.42e-25	9.60e-16	1.52e-08	1.13e-03	1.67e-01	8.32e-01	0.00e+00	0.00e+00	0.00e+00	0.00e+00	0.00e+00
 5.77745e+12	1.93e-35	8.63e-25	1.25e-15	1.88e-08	1.29e-03	1.81e-01	8.18e-01	0.00e+00	0.00e+00	0.00e+00	0.00e+00	0.00e+00
 6.03495e+12	0.00e+00	1.17e-24	1.64e-15	2.33e-08	1.48e-03	1.96e-01	8.03e-01	0.00e+00	0.00e+00	0.00e+00	0.00e+00	0.00e+00
 6.30569e+12	3.62e-35	1.61e-24	2.17e-15	2.90e-08	1.69e-03	2.12e-01	7.86e-01	0.00e+00	0.00e+00	0.00e+00	0.00e+00	0.00e+00
 6.58785e+12	5.04e-35	2.23e-24	2.88e-15	3.60e-08	1.93e-03	2.29e-01	7.69e-01	0.00e+00	0.00e+00	0.00e+00	0.00e+00	0.00e+00
 6.88129e+12	7.07e-35	3.11e-24	3.83e-15	4.48e-08	2.20e-03	2.46e-01	7.52e-01	0.00e+00	0.00e+00	0.00e+00	0.00e+00	0.00e+00
 7.18647e+12	1.00e-34	4.37e-24	5.11e-15	5.55e-08	2.50e-03	2.64e-01	7.33e-01	0.00e+00	0.00e+00	0.00e+00	0.00e+00	0.00e+00
 7.50385e+12	1.43e-34	6.17e-24	6.82e-15	6.88e-08	2.85e-03	2.83e-01	7.14e-01	0.00e+00	0.00e+00	0.00e+00	0.00e+00	0.00e+00
 7.83393e+12	2.06e-34	8.74e-24	9.11e-15	8.52e-08	3.24e-03	3.03e-01	6.94e-01	0.00e+00	0.00e+00	0.00e+00	0.00e+00	0.00e+00
 8.17722e+12	2.99e-34	1.25e-23	1.22e-14	1.05e-07	3.68e-03	3.23e-01	6.73e-01	0.00e+00	0.00e+00	0.00e+00	0.00e+00	0.00e+00
 8.53423e+12	4.37e-34	1.78e-23	1.63e-14	1.30e-07	4.17e-03	3.44e-01	6.52e-01	0.00e+00	0.00e+00	0.00e+00	0.00e+00	0.00e+00
 8.90553e+12	6.43e-34	2.55e-23	2.18e-14	1.61e-07	4.72e-03	3.65e-01	6.30e-01	0.00e+00	0.00e+00	0.00e+00	0.00e+00	0.00e+00
 9.29168e+12	9.51e-34	3.66e-23	2.91e-14	1.98e-07	5.34e-03	3.87e-01	6.08e-01	0.00e+00	0.00e+00	0.00e+00	0.00e+00	0.00e+00
 9.69327e+12	1.41e-33	5.26e-23	3.89e-14	2.44e-07	6.03e-03	4.08e-01	5.86e-01	0.00e+00	0.00e+00	0.00e+00	0.00e+00	0.00e+00
 1.01109e+13	2.11e-33	7.56e-23	5.20e-14	2.99e-07	6.80e-03	4.30e-01	5.63e-01	0.00e+00	0.00e+00	0.00e+00	0.00e+00	0.00e+00
 1.05453e+13	3.16e-33	1.09e-22	6.93e-14	3.67e-07	7.65e-03	4.52e-01	5.40e-01	0.00e+00	0.00e+00	0.00e+00	0.00e+00	0.00e+00
 1.09970e+13	4.76e-33	1.56e-22	9.22e-14	4.49e-07	8.60e-03	4.74e-01	5.18e-01	0.00e+00	0.00e+00	0.00e+00	0.00e+00	0.00e+00
 1.14668e+13	7.17e-33	2.25e-22	1.23e-13	5.48e-07	9.65e-03	4.96e-01	4.95e-01	0.00e+00	0.00e+00	0.00e+00	0.00e+00	0.00e+00
 1.19554e+13	1.08e-32	3.23e-22	1.63e-13	6.69e-07	1.08e-02	5.17e-01	4.72e-01	0.00e+00	0.00e+00	0.00e+00	0.00e+00	0.00e+00
 1.24636e+13	1.64e-32	4.63e-22	2.15e-13	8.14e-07	1.21e-02	5.38e-01	4.50e-01	0.00e+00	0.00e+00	0.00e+00	0.00e+00	0.00e+00
 1.29921e+13	2.48e-32	6.64e-22	2.85e-13	9.89e-07	1.35e-02	5.59e-01	4.28e-01	0.00e+00	0.00e+00	0.00e+00	0.00e+00	0.00e+00
 1.35417e+13	3.76e-32	9.50e-22	3.76e-13	1.20e-06	1.51e-02	5.79e-01	4.06e-01	0.00e+00	0.00e+00	0.00e+00	0.00e+00	0.00e+00
 1.41133e+13	5.70e-32	1.36e-21	4.95e-13	1.45e-06	1.67e-02	5.99e-01	3.84e-01	0.00e+00	0.00e+00	0.00e+00	0.00e+00	0.00e+00
 1.47077e+13	8.64e-32	1.93e-21	6.51e-13	1.75e-06	1.86e-02	6.18e-01	3.64e-01	0.00e+00	0.00e+00	0.00e+00	0.00e+00	0.00e+00
 1.53259e+13	1.31e-31	2.75e-21	8.54e-13	2.12e-06	2.06e-02	6.36e-01	3.43e-01	0.00e+00	0.00e+00	0.00e+00	0.00e+00	0.00e+00
 1.59689e+13	1.99e-31	3.92e-21	1.12e-12	2.55e-06	2.28e-02	6.54e-01	3.23e-01	0.00e+00	0.00e+00	0.00e+00	0.00e+00	0.00e+00
 1.66376e+13	3.01e-31	5.56e-21	1.46e-12	3.06e-06	2.53e-02	6.71e-01	3.04e-01	0.00e+00	0.00e+00	0.00e+00	0.00e+00	0.00e+00
 1.73330e+13	4.56e-31	7.88e-21	1.91e-12	3.67e-06	2.79e-02	6.86e-01	2.86e-01	0.00e+00	0.00e+00	0.00e+00	0.00e+00	0.00e+00
 1.80563e+13	6.90e-31	1.11e-20	2.49e-12	4.40e-06	3.07e-02	7.01e-01	2.68e-01	0.00e+00	0.00e+00	0.00e+00	0.00e+00	0.00e+00
 1.88084e+13	1.04e-30	1.57e-20	3.24e-12	5.26e-06	3.38e-02	7.15e-01	2.51e-01	0.00e+00	0.00e+00	0.00e+00	0.00e+00	0.00e+00
 1.95907e+13	1.58e-30	2.21e-20	4.20e-12	6.27e-06	3.71e-02	7.28e-01	2.34e-01	0.00e+00	0.00e+00	0.00e+00	0.00e+00	0.00e+00
 2.04043e+13	2.38e-30	3.12e-20	5.45e-12	7.48e-06	4.07e-02	7.40e-01	2.19e-01	0.00e+00	0.00e+00	0.00e+00	0.00e+00	0.00e+00
 2.12504e+13	3.60e-30	4.38e-20	7.05e-12	8.90e-06	4.46e-02	7.51e-01	2.04e-01	0.00e+00	0.00e+00	0.00e+00	0.00e+00	0.00e+00
 2.21303e+13	5.43e-30	6.15e-20	9.11e-12	1.06e-05	4.88e-02	7.61e-01	1.90e-01	0.00e+00	0.00e+00	0.00e+00	0.00e+00	0.00e+00
 2.30454e+13	8.18e-30	8.62e-20	1.18e-11	1.26e-05	5.33e-02	7.70e-01	1.76e-01	0.00e+00	0.00e+00	0.00e+00	0.00e+00	0.00e+00
 2.39972e+13	1.23e-29	1.21e-19	1.51e-11	1.49e-05	5.81e-02	7.78e-01	1.64e-01	0.00e+00	0.00e+00	0.00e+00	0.00e+00	0.00e+00
 2.49870e+13	1.85e-29	1.69e-19	1.95e-11	1.76e-05	6.33e-02	7.85e-01	1.52e-01	0.00e+00	0.00e+00	0.00e+00	0.00e+00	0.00e+00
 2.60164e+13	2.79e-29	2.35e-19	2.50e-11	2.08e-05	6.89e-02	7.91e-01	1.40e-01	0.00e+00	0.00e+00	0.00e+00	0.00e+00	0.00e+00
 2.70870e+13	4.19e-29	3.28e-19	3.21e-11	2.46e-05	7.48e-02	7.96e-01	1.30e-01	0.00e+00	0.00e+00	0.00e+00	0.00e+00	0.00e+00
 2.82004e+13	6.29e-29	4.56e-19	4.12e-11	2.90e-05	8.12e-02	7.99e-01	1.20e-01	0.00e+00	0.00e+00	0.00e+00	0.00e+00	0.00e+00
 2.93583e+13	9.43e-29	6.34e-19	5.27e-11	3.41e-05	8.80e-02	8.02e-01	1.10e-01	0.00e+00	0.00e+00	0.00e+00	0.00e+00	0.00e+00
 3.05626e+13	1.41e-28	8.80e-19	6.74e-11	4.01e-05	9.53e-02	8.03e-01	1.01e-01	0.00e+00	0.00e+00	0.00e+00	0.00e+00	0.00e+00
 3.18150e+13	2.12e-28	1.22e-18	8.61e-11	4.71e-05	1.03e-01	8.04e-01	9.33e-02	0.00e+00	0.00e+00	0.00e+00	0.00e+00	0.00e+00
 3.31176e+13	3.16e-28	1.69e-18	1.10e-10	5.52e-05	1.11e-01	8.03e-01	8.57e-02	0.00e+00	0.00e+00	0.00e+00	0.00e+00	0.00e+00
 3.44722e+13	4.73e-28	2.33e-18	1.40e-10	6.47e-05	1.20e-01	8.01e-01	7.86e-02	0.00e+00	0.00e+00	0.00e+00	0.00e+00	0.00e+00
 3.58810e+13	7.05e-28	3.22e-18	1.78e-10	7.57e-05	1.29e-01	7.99e-01	7.20e-02	0.00e+00	0.00e+00	0.00e+00	0.00e+00	0.00e+00
 3.73462e+13	1.05e-27	4.44e-18	2.26e-10	8.85e-05	1.39e-01	7.95e-01	6.58e-02	0.00e+00	0.00e+00	0.00e+00	0.00e+00	0.00e+00
 3.88700e+13	1.56e-27	6.10e-18	2.86e-10	1.03e-04	1.50e-01	7.90e-01	6.02e-02	0.00e+00	0.00e+00	0.00e+00	0.00e+00	0.00e+00
 4.04547e+13	2.32e-27	8.38e-18	3.62e-10	1.20e-04	1.61e-01	7.84e-01	5.49e-02	0.00e+00	0.00e+00	0.00e+00	0.00e+00	0.00e+00
 4.21028e+13	3.44e-27	1.15e-17	4.58e-10	1.40e-04	1.72e-01	7.78e-01	5.01e-02	0.00e+00	0.00e+00	0.00e+00	0.00e+00	0.00e+00
 4.38168e+13	5.10e-27	1.57e-17	5.78e-10	1.63e-04	1.84e-01	7.70e-01	4.56e-02	0.00e+00	0.00e+00	0.00e+00	0.00e+00	0.00e+00
 4.55994e+13	7.53e-27	2.14e-17	7.28e-10	1.89e-04	1.97e-01	7.61e-01	4.15e-02	0.00e+00	0.00e+00	0.00e+00	0.00e+00	0.00e+00
 4.74533e+13	1.11e-26	2.92e-17	9.15e-10	2.19e-04	2.10e-01	7.52e-01	3.77e-02	0.00e+00	0.00e+00	0.00e+00	0.00e+00	0.00e+00
 4.93814e+13	1.63e-26	3.97e-17	1.15e-09	2.53e-04	2.24e-01	7.41e-01	3.42e-02	0.00e+00	0.00e+00	0.00e+00	0.00e+00	0.00e+00
 5.13866e+13	2.40e-26	5.39e-17	1.44e-09	2.92e-04	2.39e-01	7.30e-01	3.10e-02	0.00e+00	0.00e+00	0.00e+00	0.00e+00	0.00e+00
 5.34720e+13	3.52e-26	7.29e-17	1.80e-09	3.37e-04	2.54e-01	7.17e-01	2.81e-02	0.00e+00	0.00e+00	0.00e+00	0.00e+00	0.00e+00
 5.56408e+13	5.15e-26	9.85e-17	2.25e-09	3.88e-04	2.70e-01	7.04e-01	2.54e-02	0.00e+00	0.00e+00	0.00e+00	0.00e+00	0.00e+00
 5.78963e+13	7.52e-26	1.33e-16	2.80e-09	4.46e-04	2.86e-01	6.90e-01	2.30e-02	0.00e+00	0.00e+00	0.00e+00	0.00e+00	0.00e+00
 6.02421e+13	1.09e-25	1.79e-16	3.49e-09	5.12e-04	3.03e-01	6.76e-01	2.07e-02	0.00e+00	0.00e+00	0.00e+00	0.00e+00	0.00e+00
 6.26817e+13	1.59e-25	2.40e-16	4.34e-09	5.87e-04	3.20e-01	6.60e-01	1.86e-02	0.00e+00	0.00e+00	0.00e+00	0.00e+00	0.00e+00
 6.52189e+13	2.31e-25	3.22e-16	5.38e-09	6.71e-04	3.38e-01	6.44e-01	1.68e-02	0.00e+00	0.00e+00	0.00e+00	0.00e+00	0.00e+00
 6.78576e+13	3.35e-25	4.31e-16	6.67e-09	7.67e-04	3.56e-01	6.28e-01	1.51e-02	0.00e+00	0.00e+00	0.00e+00	0.00e+00	0.00e+00
 7.06018e+13	4.84e-25	5.75e-16	8.24e-09	8.75e-04	3.75e-01	6.11e-01	1.35e-02	0.00e+00	0.00e+00	0.00e+00	0.00e+00	0.00e+00
 7.34558e+13	6.98e-25	7.67e-16	1.02e-08	9.96e-04	3.94e-01	5.93e-01	1.21e-02	0.00e+00	0.00e+00	0.00e+00	0.00e+00	0.00e+00
 7.64240e+13	9.97e-25	1.01e-15	1.25e-08	1.13e-03	4.13e-01	5.75e-01	1.08e-02	0.00e+00	0.00e+00	0.00e+00	0.00e+00	0.00e+00
 7.95109e+13	1.44e-24	1.35e-15	1.54e-08	1.28e-03	4.33e-01	5.57e-01	9.63e-03	0.00e+00	0.00e+00	0.00e+00	0.00e+00	0.00e+00
 8.27212e+13	2.06e-24	1.79e-15	1.89e-08	1.45e-03	4.52e-01	5.38e-01	8.58e-03	0.00e+00	0.00e+00	0.00e+00	0.00e+00	0.00e+00
 8.60600e+13	2.94e-24	2.35e-15	2.32e-08	1.65e-03	4.72e-01	5.19e-01	7.62e-03	0.00e+00	0.00e+00	0.00e+00	0.00e+00	0.00e+00
 8.95323e+13	4.18e-24	3.10e-15	2.84e-08	1.86e-03	4.92e-01	5.00e-01	6.77e-03	0.00e+00	0.00e+00	0.00e+00	0.00e+00	0.00e+00
 9.31436e+13	6.00e-24	4.10e-15	3.47e-08	2.09e-03	5.11e-01	4.80e-01	6.01e-03	0.00e+00	0.00e+00	0.00e+00	0.00e+00	0.00e+00
 9.68992e+13	8.52e-24	5.38e-15	4.23e-08	2.36e-03	5.31e-01	4.61e-01	5.32e-03	0.00e+00	0.00e+00	0.00e+00	0.00e+00	0.00e+00
 1.00805e+14	1.20e-23	6.99e-15	5.14e-08	2.65e-03	5.51e-01	4.42e-01	4.70e-03	0.00e+00	0.00e+00	0.00e+00	0.00e+00	0.00e+00
 1.04867e+14	1.71e-23	9.21e-15	6.25e-08	2.97e-03	5.70e-01	4.23e-01	4.14e-03	0.00e+00	0.00e+00	0.00e+00	0.00e+00	0.00e+00
 1.09092e+14	2.39e-23	1.19e-14	7.59e-08	3.32e-03	5.89e-01	4.04e-01	3.65e-03	0.00e+00	0.00e+00	0.00e+00	0.00e+00	0.00e+00
 1.13485e+14	3.40e-23	1.56e-14	9.19e-08	3.72e-03	6.08e-01	3.85e-01	3.21e-03	0.00e+00	0.00e+00	0.00e+00	0.00e+00	0.00e+00
 1.18055e+14	4.74e-23	2.02e-14	1.11e-07	4.15e-03	6.26e-01	3.67e-01	2.81e-03	0.00e+00	0.00e+00	0.00e+00	0.00e+00	0.00e+00
 1.22807e+14	6.71e-23	2.64e-14	1.34e-07	4.62e-03	6.44e-01	3.49e-01	2.47e-03	0.00e+00	0.00e+00	0.00e+00	0.00e+00	0.00e+00
 1.27749e+14	9.39e-23	3.41e-14	1.62e-07	5.15e-03	6.62e-01	3.31e-01	2.16e-03	0.00e+00	0.00e+00	0.00e+00	0.00e+00	0.00e+00
 1.32889e+14	1.30e-22	4.36e-14	1.95e-07	5.72e-03	6.79e-01	3.14e-01	1.89e-03	0.00e+00	0.00e+00	0.00e+00	0.00e+00	0.00e+00
 1.38235e+14	1.83e-22	5.68e-14	2.34e-07	6.34e-03	6.95e-01	2.97e-01	1.65e-03	0.00e+00	0.00e+00	0.00e+00	0.00e+00	0.00e+00
 1.43794e+14	2.52e-22	7.23e-14	2.82e-07	7.03e-03	7.11e-01	2.81e-01	1.44e-03	0.00e+00	0.00e+00	0.00e+00	0.00e+00	0.00e+00
 1.49576e+14	3.54e-22	9.39e-14	3.38e-07	7.78e-03	7.26e-01	2.65e-01	1.25e-03	0.00e+00	0.00e+00	0.00e+00	0.00e+00	0.00e+00
 1.55588e+14	4.84e-22	1.19e-13	4.04e-07	8.60e-03	7.40e-01	2.50e-01	1.09e-03	0.00e+00	0.00e+00	0.00e+00	0.00e+00	0.00e+00
 1.61842e+14	6.79e-22	1.54e-13	4.83e-07	9.49e-03	7.54e-01	2.35e-01	9.43e-04	0.00e+00	0.00e+00	0.00e+00	0.00e+00	0.00e+00
 1.68346e+14	9.25e-22	1.94e-13	5.77e-07	1.05e-02	7.68e-01	2.21e-01	8.17e-04	0.00e+00	0.00e+00	0.00e+00	0.00e+00	0.00e+00
 1.75109e+14	1.29e-21	2.51e-13	6.88e-07	1.15e-02	7.80e-01	2.08e-01	7.08e-04	0.00e+00	0.00e+00	0.00e+00	0.00e+00	0.00e+00
 1.82144e+14	1.75e-21	3.15e-13	8.20e-07	1.27e-02	7.92e-01	1.95e-01	6.12e-04	0.00e+00	0.00e+00	0.00e+00	0.00e+00	0.00e+00
 1.89459e+14	2.44e-21	4.06e-13	9.75e-07	1.39e-02	8.03e-01	1.83e-01	5.29e-04	0.00e+00	0.00e+00	0.00e+00	0.00e+00	0.00e+00
 1.97068e+14	3.31e-21	5.08e-13	1.16e-06	1.52e-02	8.13e-01	1.71e-01	4.57e-04	0.00e+00	0.00e+00	0.00e+00	0.00e+00	0.00e+00
 2.04980e+14	4.60e-21	6.53e-13	1.38e-06	1.67e-02	8.23e-01	1.60e-01	3.94e-04	0.00e+00	0.00e+00	0.00e+00	0.00e+00	0.00e+00
 2.13209e+14	6.19e-21	8.15e-13	1.63e-06	1.83e-02	8.32e-01	1.49e-01	3.39e-04	0.00e+00	0.00e+00	0.00e+00	0.00e+00	0.00e+00
 2.21768e+14	8.59e-21	1.04e-12	1.93e-06	2.00e-02	8.40e-01	1.39e-01	2.92e-04	0.00e+00	0.00e+00	0.00e+00	0.00e+00	0.00e+00
 2.30668e+14	1.15e-20	1.30e-12	2.28e-06	2.19e-02	8.48e-01	1.30e-01	2.51e-04	0.00e+00	0.00e+00	0.00e+00	0.00e+00	0.00e+00
 2.39925e+14	1.59e-20	1.66e-12	2.70e-06	2.38e-02	8.55e-01	1.21e-01	2.16e-04	0.00e+00	0.00e+00	0.00e+00	0.00e+00	0.00e+00
 2.49552e+14	2.14e-20	2.07e-12	3.19e-06	2.60e-02	8.61e-01	1.13e-01	1.85e-04	0.00e+00	0.00e+00	0.00e+00	0.00e+00	0.00e+00
 2.59564e+14	2.95e-20	2.63e-12	3.76e-06	2.83e-02	8.67e-01	1.05e-01	1.59e-04	0.00e+00	0.00e+00	0.00e+00	0.00e+00	0.00e+00
 2.69976e+14	4.01e-20	3.31e-12	4.43e-06	3.08e-02	8.72e-01	9.74e-02	1.36e-04	0.00e+00	0.00e+00	0.00e+00	0.00e+00	0.00e+00
 2.80805e+14	5.44e-20	4.16e-12	5.21e-06	3.36e-02	8.76e-01	9.04e-02	1.17e-04	0.00e+00	0.00e+00	0.00e+00	0.00e+00	0.00e+00
 2.92067e+14	7.38e-20	5.22e-12	6.13e-06	3.65e-02	8.80e-01	8.39e-02	1.00e-04	0.00e+00	0.00e+00	0.00e+00	0.00e+00	0.00e+00
 3.03780e+14	9.84e-20	6.47e-12	7.20e-06	3.96e-02	8.83e-01	7.78e-02	8.57e-05	0.00e+00	0.00e+00	0.00e+00	0.00e+00	0.00e+00
 3.15961e+14	1.33e-19	8.11e-12	8.46e-06	4.30e-02	8.85e-01	7.20e-02	7.33e-05	0.00e+00	0.00e+00	0.00e+00	0.00e+00	0.00e+00
 3.28630e+14	1.82e-19	1.03e-11	9.91e-06	4.66e-02	8.87e-01	6.67e-02	6.27e-05	0.00e+00	0.00e+00	0.00e+00	0.00e+00	0.00e+00
 3.41805e+14	2.46e-19	1.28e-11	1.16e-05	5.05e-02	8.88e-01	6.17e-02	5.35e-05	0.00e+00	0.00e+00	0.00e+00	0.00e+00	0.00e+00
 3.55507e+14	3.33e-19	1.61e-11	1.36e-05	5.46e-02	8.88e-01	5.70e-02	4.57e-05	0.00e+00	0.00e+00	0.00e+00	0.00e+00	0.00e+00
 3.69757e+14	4.50e-19	2.01e-11	1.59e-05	5.91e-02	8.88e-01	5.27e-02	3.90e-05	0.00e+00	0.00e+00	0.00e+00	0.00e+00	0.00e+00
 3.84577e+14	5.99e-19	2.49e-11	1.86e-05	6.39e-02	8.87e-01	4.86e-02	3.32e-05	0.00e+00	0.00e+00	0.00e+00	0.00e+00	0.00e+00
 3.99990e+14	8.16e-19	3.13e-11	2.17e-05	6.90e-02	8.86e-01	4.48e-02	2.83e-05	0.00e+00	0.00e+00	0.00e+00	0.00e+00	0.00e+00
 4.16020e+14	1.09e-18	3.88e-11	2.54e-05	7.45e-02	8.84e-01	4.13e-02	2.41e-05	0.00e+00	0.00e+00	0.00e+00	0.00e+00	0.00e+00
 4.32690e+14	1.48e-18	4.88e-11	2.96e-05	8.03e-02	8.82e-01	3.80e-02	2.05e-05	0.00e+00	0.00e+00	0.00e+00	0.00e+00	0.00e+00
 4.50028e+14	1.98e-18	6.05e-11	3.45e-05	8.66e-02	8.78e-01	3.50e-02	1.74e-05	0.00e+00	0.00e+00	0.00e+00	0.00e+00	0.00e+00
 4.68059e+14	2.66e-18	7.55e-11	4.02e-05	9.33e-02	8.74e-01	3.22e-02	1.48e-05	0.00e+00	0.00e+00	0.00e+00	0.00e+00	0.00e+00
 4.86811e+14	3.61e-18	9.46e-11	4.67e-05	1.00e-01	8.70e-01	2.96e-02	1.26e-05	0.00e+00	0.00e+00	0.00e+00	0.00e+00	0.00e+00
 5.06314e+14	4.85e-18	1.18e-10	5.43e-05	1.08e-01	8.65e-01	2.71e-02	1.06e-05	0.00e+00	0.00e+00	0.00e+00	0.00e+00	0.00e+00
 5.26596e+14	6.52e-18	1.47e-10	6.31e-05	1.16e-01	8.59e-01	2.49e-02	9.02e-06	0.00e+00	0.00e+00	0.00e+00	0.00e+00	0.00e+00
 5.47690e+14	8.75e-18	1.82e-10	7.32e-05	1.24e-01	8.53e-01	2.28e-02	7.64e-06	0.00e+00	0.00e+00	0.00e+00	0.00e+00	0.00e+00
 5.69627e+14	1.17e-17	2.27e-10	8.49e-05	1.33e-01	8.46e-01	2.09e-02	6.46e-06	0.00e+00	0.00e+00	0.00e+00	0.00e+00	0.00e+00
 5.92442e+14	1.58e-17	2.82e-10	9.84e-05	1.43e-01	8.38e-01	1.91e-02	5.46e-06	0.00e+00	0.00e+00	0.00e+00	0.00e+00	0.00e+00
 6.16170e+14	2.12e-17	3.50e-10	1.14e-04	1.53e-01	8.29e-01	1.74e-02	4.60e-06	0.00e+00	0.00e+00	0.00e+00	0.00e+00	0.00e+00
 6.40847e+14	2.85e-17	4.35e-10	1.32e-04	1.64e-01	8.20e-01	1.59e-02	3.88e-06	0.00e+00	0.00e+00	1.61e-17	8.84e-18	3.53e-18
 6.66511e+14	3.80e-17	5.40e-10	1.52e-04	1.75e-01	8.10e-01	1.45e-02	3.27e-06	0.00e+00	0.00e+00	2.12e-17	1.26e-17	4.22e-18
 6.93201e+14	5.10e-17	6.71e-10	1.76e-04	1.87e-01	8.00e-01	1.32e-02	2.75e-06	0.00e+00	0.00e+00	2.84e-17	1.69e-17	5.66e-18
 7.20959e+14	6.83e-17	8.31e-10	2.03e-04	1.99e-01	7.88e-01	1.20e-02	2.31e-06	0.00e+00	0.00e+00	3.81e-17	2.26e-17	7.58e-18
 7.49827e+14	9.14e-17	1.03e-09	2.34e-04	2.13e-01	7.76e-01	1.09e-02	1.93e-06	0.00e+00	0.00e+00	5.09e-17	3.02e-17	1.01e-17
 7.79850e+14	1.22e-16	1.28e-09	2.69e-04	2.26e-01	7.64e-01	9.90e-03	1.62e-06	0.00e+00	0.00e+00	6.81e-17	4.04e-17	1.36e-17
 8.11074e+14	1.63e-16	1.58e-09	3.10e-04	2.41e-01	7.50e-01	8.96e-03	1.35e-06	0.00e+00	0.00e+00	9.11e-17	5.40e-17	1.81e-17
 8.43547e+14	2.18e-16	1.95e-09	3.56e-04	2.56e-01	7.36e-01	8.11e-03	1.13e-06	0.00e+00	0.00e+00	1.22e-16	7.22e-17	2.43e-17
 8.77319e+14	2.91e-16	2.41e-09	4.08e-04	2.71e-01	7.21e-01	7.33e-03	9.43e-07	0.00e+00	0.00e+00	1.62e-16	9.62e-17	3.24e-17
 9.12442e+14	3.88e-16	2.98e-09	4.67e-04	2.87e-01	7.06e-01	6.61e-03	0.00e+00	0.00e+00	0.00e+00	2.17e-16	1.28e-16	4.32e-17
 9.48969e+14	5.18e-16	3.67e-09	5.36e-04	3.04e-01	6.89e-01	5.95e-03	0.00e+00	0.00e+00	0.00e+00	2.89e-16	1.71e-16	5.76e-17
 9.86958e+14	6.90e-16	4.53e-09	6.12e-04	3.21e-01	6.73e-01	5.35e-03	0.00e+00	0.00e+00	0.00e+00	3.85e-16	2.28e-16	7.68e-17
 1.02647e+15	9.16e-16	5.56e-09	6.98e-04	3.39e-01	6.56e-01	4.80e-03	0.00e+00	0.00e+00	0.00e+00	5.12e-16	3.02e-16	1.02e-16
 1.06755e+15	1.22e-15	6.84e-09	7.96e-04	3.57e-01	6.38e-01	4.30e-03	0.00e+00	0.00e+00	0.00e+00	6.80e-16	4.01e-16	1.36e-16
 1.11029e+15	1.62e-15	8.41e-09	9.07e-04	3.76e-01	6.19e-01	3.85e-03	0.00e+00	0.00e+00	0.00e+00	9.05e-16	5.33e-16	1.80e-16
 1.15149e+15	2.11e-15	1.02e-08	1.02e-03	3.94e-01	6.02e-01	3.46e-03	0.00e+00	0.00e+00	0.00e+00	1.18e-15	6.92e-16	2.35e-16
 1.18985e+15	2.66e-15	1.20e-08	1.14e-03	4.10e-01	5.86e-01	3.15e-03	0.00e+00	0.00e+00	0.00e+00	1.49e-15	8.73e-16	2.96e-16
 1.23299e+15	3.43e-15	1.45e-08	1.27e-03	4.28e-01	5.68e-01	2.83e-03	0.00e+00	0.00e+00	0.00e+00	1.92e-15	1.12e-15	3.82e-16
 1.28132e+15	4.52e-15	1.77e-08	1.44e-03	4.48e-01	5.49e-01	2.52e-03	0.00e+00	0.00e+00	0.00e+00	2.53e-15	1.48e-15	5.04e-16
 1.32745e+15	5.81e-15	2.11e-08	1.61e-03	4.65e-01	5.31e-01	2.26e-03	0.00e+00	0.00e+00	0.00e+00	3.25e-15	1.90e-15	6.48e-16
 1.37645e+15	7.48e-15	2.53e-08	1.80e-03	4.84e-01	5.12e-01	2.02e-03	0.00e+00	0.00e+00	0.00e+00	4.19e-15	2.45e-15	8.34e-16
 1.43004e+15	9.83e-15	3.08e-08	2.03e-03	5.04e-01	4.92e-01	1.79e-03	0.00e+00	0.00e+00	0.00e+00	5.51e-15	3.21e-15	1.10e-15
 1.48111e+15	1.25e-14	3.66e-08	2.25e-03	5.22e-01	4.74e-01	1.60e-03	0.00e+00	0.00e+00	0.00e+00	7.02e-15	4.08e-15	1.40e-15
 1.53573e+15	1.62e-14	4.41e-08	2.51e-03	5.41e-01	4.55e-01	1.42e-03	0.00e+00	0.00e+00	0.00e+00	9.10e-15	5.28e-15	1.81e-15
 1.59528e+15	2.10e-14	5.30e-08	2.81e-03	5.60e-01	4.36e-01	1.25e-03	0.00e+00	0.00e+00	0.00e+00	1.18e-14	6.83e-15	2.34e-15
 1.65249e+15	2.70e-14	6.34e-08	3.12e-03	5.79e-01	4.17e-01	1.11e-03	0.00e+00	0.00e+00	0.00e+00	1.52e-14	8.77e-15	3.01e-15
 1.71390e+15	3.47e-14	7.58e-08	3.47e-03	5.97e-01	3.98e-01	9.78e-04	0.00e+00	0.00e+00	0.00e+00	1.96e-14	1.13e-14	3.88e-15
 1.78082e+15	4.53e-14	9.14e-08	3.88e-03	6.16e-01	3.79e-01	8.55e-04	0.00e+00	0.00e+00	0.00e+00	2.55e-14	1.47e-14	5.06e-15
 1.84487e+15	5.74e-14	1.08e-07	4.28e-03	6.33e-01	3.62e-01	7.55e-04	0.00e+00	0.00e+00	0.00e+00	3.24e-14	1.85e-14	6.41e-15
 1.91314e+15	7.41e-14	1.29e-07	4.75e-03	6.51e-01	3.43e-01	6.62e-04	0.00e+00	0.00e+00	0.00e+00	4.18e-14	2.39e-14	8.26e-15
 1.98737e+15	9.63e-14	1.56e-07	5.29e-03	6.69e-01	3.25e-01	5.76e-04	0.00e+00	0.00e+00	0.00e+00	5.44e-14	3.09e-14	1.07e-14
 2.05845e+15	1.22e-13	1.83e-07	5.82e-03	6.85e-01	3.09e-01	5.06e-04	0.00e+00	0.00e+00	0.00e+00	6.89e-14	3.90e-14	1.36e-14
 2.13470e+15	1.57e-13	2.19e-07	6.44e-03	7.02e-01	2.91e-01	4.40e-04	0.00e+00	0.00e+00	0.00e+00	8.89e-14	5.03e-14	1.75e-14
 2.21747e+15	2.02e-13	2.62e-07	7.13e-03	7.18e-01	2.75e-01	3.81e-04	0.00e+00	0.00e+00	0.00e+00	1.15e-13	6.45e-14	2.25e-14
 2.29754e+15	2.59e-13	3.11e-07	7.86e-03	7.33e-01	2.59e-01	3.31e-04	0.00e+00	0.00e+00	0.00e+00	1.47e-13	8.25e-14	2.88e-14
 2.38346e+15	3.33e-13	3.71e-07	8.67e-03	7.48e-01	2.43e-01	2.86e-04	0.00e+00	0.00e+00	0.00e+00	1.89e-13	1.06e-13	3.71e-14
 2.47620e+15	4.32e-13	4.44e-07	9.60e-03	7.63e-01	2.28e-01	2.46e-04	0.00e+00	0.00e+00	0.00e+00	2.46e-13	1.37e-13	4.80e-14
 2.56569e+15	5.45e-13	5.23e-07	1.05e-02	7.76e-01	2.14e-01	2.13e-04	0.00e+00	0.00e+00	0.00e+00	3.11e-13	1.72e-13	6.06e-14
 2.66138e+15	7.06e-13	6.26e-07	1.16e-02	7.89e-01	2.00e-01	1.82e-04	0.00e+00	0.00e+00	0.00e+00	4.03e-13	2.23e-13	7.83e-14
 2.76473e+15	9.08e-13	7.45e-07	1.28e-02	8.01e-01	1.86e-01	1.55e-04	0.00e+00	0.00e+00	0.00e+00	5.18e-13	2.85e-13	1.01e-13
 2.86509e+15	1.17e-12	8.90e-07	1.41e-02	8.13e-01	1.73e-01	1.33e-04	0.00e+00	0.00e+00	0.00e+00	6.70e-13	3.68e-13	1.30e-13
 2.97260e+15	1.50e-12	1.06e-06	1.56e-02	8.23e-01	1.61e-01	1.13e-04	0.00e+00	0.00e+00	0.00e+00	8.61e-13	4.71e-13	1.66e-13
 3.08907e+15	1.94e-12	1.26e-06	1.72e-02	8.34e-01	1.49e-01	9.58e-05	0.00e+00	0.00e+00	0.00e+00	1.11e-12	6.07e-13	2.15e-13
 3.20282e+15	2.52e-12	1.52e-06	1.89e-02	8.43e-01	1.38e-01	8.13e-05	0.00e+00	0.00e+00	0.00e+00	1.45e-12	7.86e-13	2.78e-13
 3.31396e+15	3.20e-12	1.79e-06	2.07e-02	8.51e-01	1.28e-01	6.96e-05	0.00e+00	0.00e+00	0.00e+00	1.84e-12	9.95e-13	3.53e-13
 3.43694e+15	4.13e-12	2.14e-06	2.29e-02	8.59e-01	1.18e-01	5.86e-05	0.00e+00	0.00e+00	0.00e+00	2.37e-12	1.28e-12	4.55e-13
 3.57070e+15	5.41e-12	2.59e-06	2.53e-02	8.67e-01	1.08e-01	4.89e-05	0.00e+00	0.00e+00	0.00e+00	3.11e-12	1.68e-12	5.95e-13
 3.69880e+15	6.95e-12	3.08e-06	2.79e-02	8.73e-01	9.92e-02	4.12e-05	0.00e+00	0.00e+00	0.00e+00	4.00e-12	2.16e-12	7.64e-13
 3.83577e+15	8.92e-12	3.66e-06	3.08e-02	8.78e-01	9.08e-02	3.44e-05	0.00e+00	0.00e+00	0.00e+00	5.14e-12	2.76e-12	9.78e-13
 3.98923e+15	1.21e-11	4.54e-06	3.45e-02	8.83e-01	8.22e-02	2.82e-05	0.00e+00	0.00e+00	0.00e+00	6.95e-12	3.73e-12	1.32e-12
 4.13671e+15	1.55e-11	5.41e-06	3.82e-02	8.87e-01	7.48e-02	2.34e-05	0.00e+00	0.00e+00	0.00e+00	8.95e-12	4.80e-12	1.70e-12
 4.27489e+15	2.03e-11	6.57e-06	4.22e-02	8.89e-01	6.83e-02	1.96e-05	0.00e+00	0.00e+00	0.00e+00	1.17e-11	6.28e-12	2.22e-12
 4.43070e+15	2.68e-11	8.01e-06	4.71e-02	8.91e-01	6.17e-02	1.61e-05	0.00e+00	0.00e+00	0.00e+00	1.55e-11	8.28e-12	2.92e-12
 4.60423e+15	3.64e-11	9.98e-06	5.32e-02	8.92e-01	5.51e-02	1.30e-05	0.00e+00	0.00e+00	0.00e+00	2.10e-11	1.12e-11	3.96e-12
 4.76962e+15	4.84e-11	1.23e-05	5.98e-02	8.91e-01	4.94e-02	1.06e-05	0.00e+00	0.00e+00	0.00e+00	2.80e-11	1.49e-11	5.26e-12
 4.92416e+15	6.33e-11	1.49e-05	6.68e-02	8.89e-01	4.45e-02	8.73e-06	0.00e+00	0.00e+00	0.00e+00	3.66e-11	1.95e-11	6.87e-12
 5.09844e+15	8.33e-11	1.82e-05	7.59e-02	8.85e-01	3.95e-02	7.01e-06	0.00e+00	0.00e+00	0.00e+00	4.81e-11	2.57e-11	9.02e-12
 5.30089e+15	1.22e-10	2.44e-05	8.85e-02	8.77e-01	3.41e-02	5.41e-06	0.00e+00	0.00e+00	0.00e+00	7.08e-11	3.78e-11	1.32e-11
 5.48175e+15	1.63e-10	3.01e-05	1.02e-01	8.68e-01	2.99e-02	4.29e-06	0.00e+00	0.00e+00	0.00e+00	9.40e-11	5.01e-11	1.75e-11
 5.63486e+15	2.23e-10	3.84e-05	1.16e-01	8.58e-01	2.65e-02	3.49e-06	0.00e+00	0.00e+00	0.00e+00	1.29e-10	6.87e-11	2.40e-11
 5.77804e+15	2.91e-10	4.72e-05	1.31e-01	8.45e-01	2.35e-02	2.87e-06	0.00e+00	0.00e+00	0.00e+00	1.68e-10	8.96e-11	3.13e-11
 5.93207e+15	3.93e-10	5.98e-05	1.51e-01	8.28e-01	2.04e-02	2.28e-06	0.00e+00	0.00e+00	0.00e+00	2.27e-10	1.21e-10	4.22e-11
 6.09362e+15	5.43e-10	7.73e-05	1.78e-01	8.05e-01	1.74e-02	1.78e-06	0.00e+00	0.00e+00	0.00e+00	3.14e-10	1.67e-10	5.83e-11
 6.23720e+15	7.35e-10	9.87e-05	2.07e-01	7.78e-01	1.48e-02	1.39e-06	0.00e+00	0.00e+00	0.00e+00	4.26e-10	2.27e-10	7.88e-11
 6.37195e+15	9.93e-10	1.26e-04	2.43e-01	7.44e-01	1.25e-02	1.08e-06	0.00e+00	0.00e+00	0.00e+00	5.75e-10	3.06e-10	1.06e-10
 6.49817e+15	1.34e-09	1.62e-04	2.86e-01	7.03e-01	1.03e-02	8.25e-07	0.00e+00	0.00e+00	0.00e+00	7.76e-10	4.13e-10	1.43e-10
 6.59894e+15	1.72e-09	2.00e-04	3.29e-01	6.62e-01	8.61e-03	0.00e+00	0.00e+00	0.00e+00	0.00e+00	9.97e-10	5.30e-10	1.84e-10
 6.66933e+15	2.07e-09	2.33e-04	3.66e-01	6.26e-01	7.43e-03	0.00e+00	0.00e+00	0.00e+00	0.00e+00	1.20e-09	6.37e-10	2.21e-10
 6.72902e+15	2.43e-09	2.68e-04	4.03e-01	5.91e-01	6.43e-03	0.00e+00	0.00e+00	0.00e+00	0.00e+00	1.41e-09	7.50e-10	2.60e-10
 6.79688e+15	2.95e-09	3.17e-04	4.51e-01	5.43e-01	5.30e-03	0.00e+00	0.00e+00	0.00e+00	0.00e+00	1.71e-09	9.10e-10	3.16e-10
 6.86738e+15	3.61e-09	3.77e-04	5.08e-01	4.87e-01	4.19e-03	0.00e+00	0.00e+00	0.00e+00	0.00e+00	2.09e-09	1.11e-09	3.86e-10
 6.93029e+15	4.33e-09	4.43e-04	5.68e-01	4.28e-01	3.24e-03	0.00e+00	0.00e+00	0.00e+00	0.00e+00	2.51e-09	1.34e-09	4.63e-10
 6.99010e+15	5.16e-09	5.16e-04	6.31e-01	3.66e-01	2.40e-03	0.00e+00	0.00e+00	0.00e+00	0.00e+00	2.99e-09	1.59e-09	5.52e-10
 7.04521e+15	6.01e-09	5.92e-04	6.93e-01	3.05e-01	1.73e-03	0.00e+00	0.00e+00	0.00e+00	0.00e+00	3.49e-09	1.85e-09	6.43e-10
 7.09662e+15	6.83e-09	6.64e-04	7.52e-01	2.46e-01	1.19e-03	0.00e+00	0.00e+00	0.00e+00	0.00e+00	3.96e-09	2.11e-09	7.31e-10
 7.14464e+15	7.67e-09	7.36e-04	8.04e-01	1.94e-01	7.99e-04	0.00e+00	0.00e+00	0.00e+00	0.00e+00	4.46e-09	2.37e-09	8.22e-10
 7.19546e+15	8.56e-09	8.09e-04	8.54e-01	1.45e-01	4.89e-04	0.00e+00	0.00e+00	0.00e+00	0.00e+00	4.97e-09	2.64e-09	9.17e-10
 7.25891e+15	9.62e-09	8.89e-04	9.03e-01	9.59e-02	2.47e-04	0.00e+00	0.00e+00	0.00e+00	0.00e+00	5.59e-09	2.97e-09	1.03e-09
 7.33103e+15	1.08e-08	9.67e-04	9.40e-01	5.84e-02	1.08e-04	0.00e+00	0.00e+00	0.00e+00	0.00e+00	6.28e-09	3.33e-09	1.16e-09
 7.40764e+15	1.18e-08	1.03e-03	9.64e-01	3.52e-02	4.48e-05	0.00e+00	0.00e+00	0.00e+00	0.00e+00	6.85e-09	3.64e-09	1.26e-09
 7.49908e+15	1.28e-08	1.08e-03	9.78e-01	2.10e-02	1.70e-05	0.00e+00	0.00e+00	0.00e+00	0.00e+00	7.42e-09	3.94e-09	1.37e-09
 7.61796e+15	1.39e-08	1.13e-03	9.86e-01	1.31e-02	5.94e-06	0.00e+00	0.00e+00	0.00e+00	0.00e+00	8.07e-09	4.28e-09	1.48e-09
 7.77250e+15	1.53e-08	1.18e-03	9.90e-01	9.20e-03	2.03e-06	0.00e+00	0.00e+00	0.00e+00	0.00e+00	8.90e-09	4.72e-09	1.64e-09
 7.97340e+15	1.72e-08	1.25e-03	9.91e-01	7.43e-03	6.71e-07	0.00e+00	0.00e+00	0.00e+00	0.00e+00	9.99e-09	5.29e-09	1.83e-09
 8.23457e+15	1.95e-08	1.33e-03	9.92e-01	6.58e-03	0.00e+00	0.00e+00	0.00e+00	0.00e+00	0.00e+00	1.14e-08	6.03e-09	2.09e-09
 8.54985e+15	2.30e-08	1.43e-03	9.93e-01	5.90e-03	0.00e+00	0.00e+00	0.00e+00	0.00e+00	0.00e+00	1.34e-08	7.11e-09	2.46e-09
 8.89187e+15	2.80e-08	1.56e-03	9.93e-01	5.37e-03	0.00e+00	0.00e+00	0.00e+00	0.00e+00	0.00e+00	1.63e-08	8.64e-09	2.99e-09
 9.18486e+15	3.15e-08	1.65e-03	9.93e-01	5.01e-03	0.00e+00	0.00e+00	0.00e+00	0.00e+00	0.00e+00	1.83e-08	9.72e-09	3.36e-09
 9.45769e+15	3.58e-08	1.75e-03	9.94e-01	4.69e-03	0.00e+00	0.00e+00	0.00e+00	0.00e+00	0.00e+00	2.09e-08	1.11e-08	3.82e-09
 9.80416e+15	4.23e-08	1.89e-03	9.94e-01	4.27e-03	0.00e+00	0.00e+00	0.00e+00	0.00e+00	0.00e+00	2.46e-08	1.30e-08	4.51e-09
 1.01964e+16	5.15e-08	2.05e-03	9.94e-01	3.92e-03	0.00e+00	0.00e+00	0.00e+00	0.00e+00	0.00e+00	3.00e-08	1.59e-08	5.49e-09
 1.05453e+16	5.90e-08	2.19e-03	9.94e-01	3.63e-03	0.00e+00	0.00e+00	0.00e+00	0.00e+00	0.00e+00	3.44e-08	1.82e-08	6.29e-09
 1.08880e+16	6.95e-08	2.35e-03	9.94e-01	3.36e-03	0.00e+00	0.00e+00	0.00e+00	0.00e+00	0.00e+00	4.05e-08	2.14e-08	7.40e-09
 1.12680e+16	8.06e-08	2.52e-03	9.94e-01	3.09e-03	0.00e+00	0.00e+00	0.00e+00	0.00e+00	0.00e+00	4.69e-08	2.49e-08	8.58e-09
 1.16835e+16	9.68e-08	2.72e-03	9.94e-01	2.84e-03	0.00e+00	0.00e+00	0.00e+00	0.00e+00	0.00e+00	5.64e-08	2.99e-08	1.03e-08
 1.21233e+16	1.15e-07	2.94e-03	9.94e-01	2.61e-03	0.00e+00	0.00e+00	0.00e+00	0.00e+00	0.00e+00	6.71e-08	3.55e-08	1.23e-08
 1.25372e+16	1.36e-07	3.16e-03	9.94e-01	2.39e-03	0.00e+00	0.00e+00	0.00e+00	0.00e+00	0.00e+00	7.93e-08	4.20e-08	1.45e-08
 1.29952e+16	1.63e-07	3.41e-03	9.94e-01	2.18e-03	0.00e+00	0.00e+00	0.00e+00	0.00e+00	0.00e+00	9.51e-08	5.04e-08	1.74e-08
 1.34987e+16	1.98e-07	3.71e-03	9.94e-01	1.99e-03	0.00e+00	0.00e+00	0.00e+00	0.00e+00	0.00e+00	1.15e-07	6.12e-08	2.11e-08
 1.39789e+16	2.38e-07	4.00e-03	9.94e-01	1.82e-03	0.00e+00	0.00e+00	0.00e+00	0.00e+00	0.00e+00	1.38e-07	7.34e-08	2.53e-08
 1.44946e+16	2.89e-07	4.34e-03	9.94e-01	1.65e-03	0.00e+00	0.00e+00	0.00e+00	0.00e+00	0.00e+00	1.68e-07	8.94e-08	3.07e-08
 1.50554e+16	3.56e-07	4.73e-03	9.94e-01	1.49e-03	0.00e+00	0.00e+00	0.00e+00	0.00e+00	0.00e+00	2.07e-07	1.10e-07	3.79e-08
 1.55917e+16	4.36e-07	5.13e-03	9.94e-01	1.36e-03	0.00e+00	0.00e+00	0.00e+00	0.00e+00	0.00e+00	2.54e-07	1.35e-07	4.63e-08
 1.60701e+16	5.21e-07	5.50e-03	9.93e-01	1.25e-03	0.00e+00	0.00e+00	0.00e+00	0.00e+00	0.00e+00	3.03e-07	1.61e-07	5.53e-08
 1.65730e+16	6.30e-07	5.92e-03	9.93e-01	1.14e-03	0.00e+00	0.00e+00	0.00e+00	0.00e+00	0.00e+00	3.66e-07	1.95e-07	6.69e-08
 1.71065e+16	7.67e-07	6.40e-03	9.93e-01	1.04e-03	0.00e+00	0.00e+00	0.00e+00	0.00e+00	0.00e+00	4.46e-07	2.37e-07	8.14e-08
 1.76797e+16	9.56e-07	6.95e-03	9.92e-01	9.52e-04	0.00e+00	0.00e+00	0.00e+00	0.00e+00	0.00e+00	5.56e-07	2.96e-07	1.01e-07
 1.82418e+16	1.18e-06	7.53e-03	9.92e-01	8.66e-04	0.00e+00	0.00e+00	0.00e+00	0.00e+00	0.00e+00	6.88e-07	3.66e-07	1.26e-07
 1.87896e+16	1.47e-06	8.15e-03	9.91e-01	7.91e-04	0.00e+00	0.00e+00	0.00e+00	0.00e+00	0.00e+00	8.54e-07	4.55e-07	1.56e-07
 1.94054e+16	1.88e-06	8.91e-03	9.90e-01	7.15e-04	0.00e+00	0.00e+00	0.00e+00	0.00e+00	0.00e+00	1.09e-06	5.84e-07	2.00e-07
 2.01059e+16	2.54e-06	9.90e-03	9.89e-01	6.39e-04	0.00e+00	0.00e+00	0.00e+00	0.00e+00	0.00e+00	1.48e-06	7.88e-07	2.69e-07
 2.07458e+16	3.35e-06	1.09e-02	9.89e-01	5.77e-04	0.00e+00	0.00e+00	0.00e+00	0.00e+00	0.00e+00	1.95e-06	1.04e-06	3.55e-07
 2.12318e+16	4.19e-06	1.18e-02	9.88e-01	5.32e-04	0.00e+00	0.00e+00	0.00e+00	0.00e+00	0.00e+00	2.43e-06	1.30e-06	4.43e-07
 2.17843e+16	5.49e-06	1.29e-02	9.87e-01	4.85e-04	0.00e+00	0.00e+00	0.00e+00	0.00e+00	0.00e+00	3.19e-06	1.70e-06	5.81e-07
 2.24018e+16	7.59e-06	1.44e-02	9.85e-01	4.37e-04	0.00e+00	0.00e+00	0.00e+00	0.00e+00	0.00e+00	4.41e-06	2.35e-06	8.03e-07
 2.29286e+16	1.02e-05	1.59e-02	9.84e-01	3.98e-04	0.00e+00	0.00e+00	0.00e+00	0.00e+00	0.00e+00	5.93e-06	3.17e-06	1.08e-06
 2.33473e+16	1.32e-05	1.73e-02	9.82e-01	3.67e-04	0.00e+00	0.00e+00	0.00e+00	0.00e+00	0.00e+00	7.63e-06	4.08e-06	1.39e-06
 2.38002e+16	1.78e-05	1.92e-02	9.80e-01	3.34e-04	0.00e+00	0.00e+00	0.00e+00	0.00e+00	0.00e+00	1.03e-05	5.52e-06	1.88e-06
 2.42784e+16	2.53e-05	2.17e-02	9.78e-01	3.02e-04	0.00e+00	0.00e+00	0.00e+00	0.00e+00	0.00e+00	1.47e-05	7.83e-06	2.67e-06
 2.47072e+16	3.59e-05	2.47e-02	9.75e-01	2.70e-04	0.00e+00	0.00e+00	0.00e+00	0.00e+00	0.00e+00	2.08e-05	1.11e-05	3.79e-06
 2.51066e+16	5.18e-05	2.83e-02	9.71e-01	2.41e-04	0.00e+00	0.00e+00	0.00e+00	0.00e+00	0.00e+00	3.01e-05	1.60e-05	5.46e-06
 2.53665e+16	6.70e-05	3.13e-02	9.68e-01	2.20e-04	0.00e+00	0.00e+00	0.00e+00	0.00e+00	0.00e+00	3.89e-05	2.07e-05	7.06e-06
 2.54695e+16	7.47e-05	3.26e-02	9.67e-01	2.14e-04	0.00e+00	0.00e+00	0.00e+00	0.00e+00	0.00e+00	4.34e-05	2.31e-05	7.87e-06
 2.55520e+16	8.21e-05	3.39e-02	9.66e-01	2.07e-04	0.00e+00	0.00e+00	0.00e+00	0.00e+00	0.00e+00	4.77e-05	2.54e-05	8.65e-06
 2.56592e+16	9.33e-05	3.56e-02	9.64e-01	1.98e-04	0.00e+00	0.00e+00	0.00e+00	0.00e+00	0.00e+00	5.42e-05	2.89e-05	9.82e-06
 2.57986e+16	1.11e-04	3.82e-02	9.61e-01	1.88e-04	0.00e+00	0.00e+00	0.00e+00	0.00e+00	0.00e+00	6.44e-05	3.43e-05	1.17e-05
 2.59383e+16	1.32e-04	4.11e-02	9.59e-01	1.76e-04	0.00e+00	0.00e+00	0.00e+00	0.00e+00	0.00e+00	7.68e-05	4.09e-05	1.39e-05
 2.60452e+16	1.53e-04	4.37e-02	9.56e-01	1.66e-04	0.00e+00	0.00e+00	0.00e+00	0.00e+00	0.00e+00	8.87e-05	4.72e-05	1.61e-05
 2.61350e+16	1.74e-04	4.62e-02	9.54e-01	1.59e-04	0.00e+00	0.00e+00	0.00e+00	0.00e+00	0.00e+00	1.01e-04	5.37e-05	1.83e-05
 2.62358e+16	2.02e-04	4.93e-02	9.50e-01	1.50e-04	0.00e+00	0.00e+00	0.00e+00	0.00e+00	0.00e+00	1.17e-04	6.25e-05	2.13e-05
 2.63436e+16	2.39e-04	5.30e-02	9.47e-01	1.41e-04	0.00e+00	0.00e+00	0.00e+00	0.00e+00	0.00e+00	1.39e-04	7.39e-05	2.51e-05
 2.64351e+16	2.78e-04	5.67e-02	9.43e-01	1.32e-04	0.00e+00	0.00e+00	0.00e+00	0.00e+00	0.00e+00	1.61e-04	8.58e-05	2.92e-05
 2.65129e+16	3.17e-04	6.02e-02	9.39e-01	1.26e-04	0.00e+00	0.00e+00	0.00e+00	0.00e+00	0.00e+00	1.84e-04	9.80e-05	3.33e-05
 2.65988e+16	3.72e-04	6.47e-02	9.35e-01	1.18e-04	0.00e+00	0.00e+00	0.00e+00	0.00e+00	0.00e+00	2.16e-04	1.15e-04	3.90e-05
 2.66888e+16	4.40e-04	6.99e-02	9.30e-01	1.10e-04	0.00e+00	0.00e+00	0.00e+00	0.00e+00	0.00e+00	2.56e-04	1.36e-04	4.62e-05
 2.67640e+16	5.11e-04	7.49e-02	9.25e-01	1.03e-04	0.00e+00	0.00e+00	0.00e+00	0.00e+00	0.00e+00	2.97e-04	1.58e-04	5.36e-05
 2.68291e+16	5.85e-04	7.98e-02	9.20e-01	9.70e-05	0.00e+00	0.00e+00	0.00e+00	0.00e+00	0.00e+00	3.40e-04	1.81e-04	6.14e-05
 2.69010e+16	6.87e-04	8.60e-02	9.13e-01	9.02e-05	0.00e+00	0.00e+00	0.00e+00	0.00e+00	0.00e+00	3.99e-04	2.12e-04	7.20e-05
 2.69773e+16	8.17e-04	9.35e-02	9.06e-01	8.32e-05	0.00e+00	0.00e+00	0.00e+00	0.00e+00	0.00e+00	4.75e-04	2.52e-04	8.56e-05
 2.70414e+16	9.52e-04	1.01e-01	8.98e-01	7.72e-05	0.00e+00	0.00e+00	0.00e+00	0.00e+00	0.00e+00	5.53e-04	2.94e-04	9.98e-05
 2.70964e+16	1.09e-03	1.07e-01	8.91e-01	7.25e-05	0.00e+00	0.00e+00	0.00e+00	0.00e+00	0.00e+00	6.35e-04	3.37e-04	1.14e-04
 2.71577e+16	1.29e-03	1.16e-01	8.82e-01	6.66e-05	0.00e+00	0.00e+00	0.00e+00	0.00e+00	0.00e+00	7.49e-04	3.97e-04	1.35e-04
 2.72226e+16	1.54e-03	1.27e-01	8.71e-01	6.09e-05	0.00e+00	0.00e+00	0.00e+00	0.00e+00	0.00e+00	8.93e-04	4.74e-04	1.61e-04
 2.72774e+16	1.80e-03	1.37e-01	8.61e-01	5.59e-05	0.00e+00	0.00e+00	0.00e+00	0.00e+00	0.00e+00	1.05e-03	5.55e-04	1.88e-04
 2.73253e+16	2.08e-03	1.47e-01	8.51e-01	5.16e-05	0.00e+00	0.00e+00	0.00e+00	0.00e+00	0.00e+00	1.21e-03	6.42e-04	2.18e-04
 2.73788e+16	2.47e-03	1.60e-01	8.37e-01	4.69e-05	0.00e+00	0.00e+00	0.00e+00	0.00e+00	0.00e+00	1.44e-03	7.62e-04	2.59e-04
 2.74359e+16	2.98e-03	1.76e-01	8.21e-01	4.20e-05	0.00e+00	0.00e+00	0.00e+00	0.00e+00	0.00e+00	1.73e-03	9.19e-04	3.12e-04
 2.74846e+16	3.53e-03	1.91e-01	8.05e-01	3.78e-05	0.00e+00	0.00e+00	0.00e+00	0.00e+00	0.00e+00	2.05e-03	1.09e-03	3.69e-04
 2.75272e+16	4.11e-03	2.06e-01	7.90e-01	3.45e-05	0.00e+00	0.00e+00	0.00e+00	0.00e+00	0.00e+00	2.39e-03	1.27e-03	4.30e-04
 2.75751e+16	4.95e-03	2.26e-01	7.69e-01	3.05e-05	0.00e+00	0.00e+00	0.00e+00	0.00e+00	0.00e+00	2.88e-03	1.52e-03	5.17e-04
 2.76264e+16	6.05e-03	2.49e-01	7.45e-01	2.65e-05	0.00e+00	0.00e+00	0.00e+00	0.00e+00	0.00e+00	3.52e-03	1.87e-03	6.32e-04
 2.76711e+16	7.29e-03	2.72e-01	7.20e-01	2.31e-05	0.00e+00	0.00e+00	0.00e+00	0.00e+00	0.00e+00	4.24e-03	2.25e-03	7.61e-04
 2.77112e+16	8.70e-03	2.96e-01	6.95e-01	2.02e-05	0.00e+00	0.00e+00	0.00e+00	0.00e+00	0.00e+00	5.06e-03	2.68e-03	9.08e-04
 2.77567e+16	1.07e-02	3.27e-01	6.62e-01	1.71e-05	0.00e+00	0.00e+00	0.00e+00	0.00e+00	0.00e+00	6.25e-03	3.31e-03	1.12e-03
 2.78044e+16	1.35e-02	3.63e-01	6.23e-01	1.40e-05	0.00e+00	0.00e+00	0.00e+00	0.00e+00	0.00e+00	7.84e-03	4.15e-03	1.40e-03
 2.78436e+16	1.64e-02	3.97e-01	5.87e-01	1.16e-05	0.00e+00	0.00e+00	0.00e+00	0.00e+00	0.00e+00	9.55e-03	5.05e-03	1.71e-03
 2.78768e+16	1.95e-02	4.28e-01	5.53e-01	9.76e-06	0.00e+00	0.00e+00	0.00e+00	0.00e+00	0.00e+00	1.14e-02	6.00e-03	2.03e-03
 2.79132e+16	2.39e-02	4.65e-01	5.11e-01	7.84e-06	0.00e+00	0.00e+00	0.00e+00	0.00e+00	0.00e+00	1.39e-02	7.35e-03	2.49e-03
