#depth	N	N+	N+2	N+3	N+4	N+5	N+6	N+7
 1.49634e+10	0.00e+00	1.69e-30	3.44e-22	1.22e-14	6.59e-08	9.99e-01	6.02e-04	0.00e+00
 4.54887e+10	1.40e-39	2.37e-30	4.48e-22	1.47e-14	7.27e-08	9.99e-01	5.47e-04	1.34e-10
 7.72350e+10	0.00e+00	3.31e-30	5.82e-22	1.76e-14	8.01e-08	1.00e+00	4.97e-04	0.00e+00
 1.10251e+11	3.16e-39	4.62e-30	7.55e-22	2.12e-14	8.84e-08	1.00e+00	4.51e-04	0.00e+00
 1.39996e+11	0.00e+00	6.15e-30	9.47e-22	2.49e-14	9.62e-08	1.00e+00	4.15e-04	0.00e+00
 1.64662e+11	5.95e-39	7.74e-30	1.13e-21	2.84e-14	1.03e-07	1.00e+00	3.88e-04	0.00e+00
 1.91695e+11	0.00e+00	9.88e-30	1.37e-21	3.25e-14	1.11e-07	1.00e+00	3.61e-04	0.00e+00
 2.26078e+11	1.15e-38	1.33e-29	1.74e-21	3.85e-14	1.21e-07	1.00e+00	3.31e-04	0.00e+00
 2.62352e+11	0.00e+00	1.80e-29	2.20e-21	4.57e-14	1.33e-07	1.00e+00	3.02e-04	0.00e+00
 2.94936e+11	2.27e-38	2.33e-29	2.71e-21	5.30e-14	1.44e-07	1.00e+00	2.80e-04	0.00e+00
 3.30386e+11	0.00e+00	3.06e-29	3.35e-21	6.19e-14	1.56e-07	1.00e+00	2.58e-04	0.00e+00
 3.72394e+11	4.59e-38	4.17e-29	4.28e-21	7.38e-14	1.72e-07	1.00e+00	2.35e-04	0.00e+00
 4.14346e+11	0.00e+00	5.60e-29	5.41e-21	8.74e-14	1.88e-07	1.00e+00	2.15e-04	0.00e+00
 4.53743e+11	9.06e-38	7.30e-29	6.68e-21	1.02e-13	2.04e-07	1.00e+00	1.98e-04	0.00e+00
 4.97587e+11	0.00e+00	9.71e-29	8.37e-21	1.20e-13	2.22e-07	1.00e+00	1.82e-04	0.00e+00
 5.47417e+11	1.86e-37	1.32e-28	1.07e-20	1.43e-13	2.45e-07	1.00e+00	1.66e-04	0.00e+00
 5.96792e+11	0.00e+00	1.77e-28	1.35e-20	1.69e-13	2.68e-07	1.00e+00	1.52e-04	0.00e+00
 6.48142e+11	3.77e-37	2.38e-28	1.70e-20	2.00e-13	2.93e-07	1.00e+00	1.39e-04	0.00e+00
 6.98066e+11	0.00e+00	3.12e-28	2.11e-20	2.34e-13	3.19e-07	1.00e+00	1.28e-04	0.00e+00
 7.40728e+11	6.91e-37	3.91e-28	2.52e-20	2.66e-13	3.42e-07	1.00e+00	1.19e-04	0.00e+00
 7.86998e+11	0.00e+00	4.96e-28	3.05e-20	3.05e-13	3.67e-07	1.00e+00	1.11e-04	0.00e+00
 8.38411e+11	1.25e-36	6.39e-28	3.72e-20	3.53e-13	3.97e-07	1.00e+00	1.03e-04	0.00e+00
 8.86663e+11	0.00e+00	8.04e-28	4.47e-20	4.02e-13	4.26e-07	1.00e+00	9.60e-05	0.00e+00
 9.39544e+11	2.22e-36	1.03e-27	5.42e-20	4.62e-13	4.59e-07	1.00e+00	8.92e-05	0.00e+00
 9.98796e+11	0.00e+00	1.34e-27	6.67e-20	5.37e-13	4.98e-07	1.00e+00	8.24e-05	0.00e+00
 1.05502e+12	4.11e-36	1.70e-27	8.08e-20	6.16e-13	5.36e-07	1.00e+00	7.67e-05	0.00e+00
 1.11679e+12	0.00e+00	2.20e-27	9.89e-20	7.12e-13	5.79e-07	1.00e+00	7.10e-05	0.00e+00
 1.18591e+12	7.86e-36	2.90e-27	1.23e-19	8.33e-13	6.30e-07	1.00e+00	6.54e-05	0.00e+00
 1.25144e+12	0.00e+00	3.74e-27	1.50e-19	9.61e-13	6.80e-07	1.00e+00	6.06e-05	0.00e+00
 1.32340e+12	1.49e-35	4.91e-27	1.86e-19	1.12e-12	7.36e-07	1.00e+00	5.60e-05	0.00e+00
 1.40013e+12	0.00e+00	6.45e-27	2.31e-19	1.30e-12	8.01e-07	1.00e+00	5.16e-05	0.00e+00
 1.46725e+12	2.75e-35	8.15e-27	2.77e-19	1.49e-12	8.59e-07	1.00e+00	4.81e-05	0.00e+00
 1.53860e+12	0.00e+00	1.04e-26	3.35e-19	1.70e-12	9.22e-07	1.00e+00	4.48e-05	0.00e+00
 1.62546e+12	5.22e-35	1.38e-26	4.18e-19	1.99e-12	1.00e-06	1.00e+00	4.13e-05	0.00e+00
 1.71204e+12	0.00e+00	1.80e-26	5.17e-19	2.32e-12	1.09e-06	1.00e+00	3.81e-05	0.00e+00
 1.78841e+12	9.64e-35	2.28e-26	6.19e-19	2.63e-12	1.16e-06	1.00e+00	3.56e-05	0.00e+00
 1.87196e+12	0.00e+00	2.91e-26	7.51e-19	3.02e-12	1.25e-06	1.00e+00	3.32e-05	0.00e+00
 1.97253e+12	1.84e-34	3.87e-26	9.38e-19	3.53e-12	1.36e-06	1.00e+00	3.05e-05	0.00e+00
 2.07317e+12	2.58e-34	5.09e-26	1.16e-18	4.11e-12	1.48e-06	1.00e+00	2.82e-05	0.00e+00
 2.16466e+12	3.47e-34	6.49e-26	1.41e-18	4.69e-12	1.58e-06	1.00e+00	2.63e-05	0.00e+00
 2.26631e+12	4.78e-34	8.43e-26	1.72e-18	5.41e-12	1.71e-06	1.00e+00	2.44e-05	0.00e+00
 2.38520e+12	6.83e-34	1.13e-25	2.16e-18	6.36e-12	1.86e-06	1.00e+00	2.24e-05	0.00e+00
 2.50257e+12	9.62e-34	1.49e-25	2.69e-18	7.40e-12	2.01e-06	1.00e+00	2.07e-05	0.00e+00
 2.61340e+12	1.31e-33	1.93e-25	3.28e-18	8.51e-12	2.17e-06	1.00e+00	1.92e-05	0.00e+00
 2.73663e+12	1.84e-33	2.54e-25	4.06e-18	9.87e-12	2.34e-06	1.00e+00	1.78e-05	0.00e+00
 2.87603e+12	2.65e-33	3.42e-25	5.12e-18	1.16e-11	2.55e-06	1.00e+00	1.64e-05	0.00e+00
 3.01600e+12	3.79e-33	4.57e-25	6.40e-18	1.36e-11	2.77e-06	1.00e+00	1.51e-05	0.00e+00
 3.16156e+12	5.42e-33	6.11e-25	8.01e-18	1.58e-11	3.00e-06	1.00e+00	1.39e-05	0.00e+00
 3.31795e+12	7.83e-33	8.25e-25	1.01e-17	1.86e-11	3.27e-06	1.00e+00	1.28e-05	0.00e+00
 3.48060e+12	1.13e-32	1.11e-24	1.27e-17	2.19e-11	3.55e-06	1.00e+00	1.18e-05	0.00e+00
 3.64062e+12	1.61e-32	1.48e-24	1.59e-17	2.54e-11	3.85e-06	1.00e+00	1.09e-05	0.00e+00
 3.78939e+12	2.21e-32	1.92e-24	1.93e-17	2.91e-11	4.13e-06	1.00e+00	1.01e-05	0.00e+00
 3.92364e+12	2.91e-32	2.40e-24	2.30e-17	3.28e-11	4.39e-06	1.00e+00	9.54e-06	0.00e+00
 4.06757e+12	3.89e-32	3.03e-24	2.75e-17	3.71e-11	4.68e-06	1.00e+00	8.95e-06	0.00e+00
 4.24687e+12	5.51e-32	4.02e-24	3.42e-17	4.31e-11	5.06e-06	1.00e+00	8.29e-06	0.00e+00
 4.42668e+12	7.72e-32	5.29e-24	4.21e-17	4.98e-11	5.45e-06	1.00e+00	7.70e-06	0.00e+00
 4.58118e+12	1.02e-31	6.64e-24	5.02e-17	5.61e-11	5.79e-06	1.00e+00	7.24e-06	0.00e+00
 4.74820e+12	1.38e-31	8.45e-24	6.03e-17	6.35e-11	6.18e-06	1.00e+00	6.79e-06	0.00e+00
 4.95443e+12	1.97e-31	1.13e-23	7.50e-17	7.38e-11	6.67e-06	1.00e+00	6.29e-06	0.00e+00
 5.16072e+12	2.77e-31	1.48e-23	9.27e-17	8.52e-11	7.18e-06	1.00e+00	5.85e-06	0.00e+00
 5.33881e+12	3.70e-31	1.87e-23	1.11e-16	9.60e-11	7.64e-06	1.00e+00	5.50e-06	0.00e+00
 5.53112e+12	5.00e-31	2.39e-23	1.33e-16	1.09e-10	8.14e-06	1.00e+00	5.16e-06	0.00e+00
 5.76758e+12	7.16e-31	3.19e-23	1.66e-16	1.26e-10	8.79e-06	1.00e+00	4.78e-06	0.00e+00
 6.00627e+12	1.02e-30	4.23e-23	2.05e-16	1.46e-10	9.47e-06	1.00e+00	4.44e-06	0.00e+00
 6.21767e+12	1.38e-30	5.40e-23	2.47e-16	1.65e-10	1.01e-05	1.00e+00	4.17e-06	0.00e+00
 6.44874e+12	1.89e-30	6.98e-23	3.00e-16	1.89e-10	1.08e-05	1.00e+00	3.90e-06	0.00e+00
 6.72590e+12	2.74e-30	9.39e-23	3.76e-16	2.20e-10	1.16e-05	1.00e+00	3.61e-06	0.00e+00
 7.00221e+12	3.91e-30	1.25e-22	4.67e-16	2.54e-10	1.25e-05	1.00e+00	3.36e-06	0.00e+00
 7.25387e+12	5.37e-30	1.61e-22	5.65e-16	2.89e-10	1.34e-05	1.00e+00	3.15e-06	0.00e+00
 7.53423e+12	7.54e-30	2.12e-22	6.94e-16	3.32e-10	1.43e-05	1.00e+00	2.93e-06	0.00e+00
 7.86151e+12	1.10e-29	2.88e-22	8.75e-16	3.88e-10	1.55e-05	1.00e+00	2.71e-06	0.00e+00
 8.18414e+12	1.59e-29	3.85e-22	1.09e-15	4.50e-10	1.67e-05	1.00e+00	2.52e-06	0.00e+00
 8.48944e+12	2.21e-29	5.03e-22	1.33e-15	5.15e-10	1.79e-05	1.00e+00	2.35e-06	0.00e+00
 8.82870e+12	3.17e-29	6.69e-22	1.65e-15	5.95e-10	1.92e-05	1.00e+00	2.19e-06	0.00e+00
 9.21177e+12	4.66e-29	9.14e-22	2.09e-15	6.96e-10	2.08e-05	1.00e+00	2.02e-06	0.00e+00
 9.59657e+12	6.79e-29	1.23e-21	2.62e-15	8.11e-10	2.25e-05	1.00e+00	1.87e-06	0.00e+00
 9.99675e+12	9.89e-29	1.67e-21	3.29e-15	9.44e-10	2.43e-05	1.00e+00	1.73e-06	0.00e+00
 1.04266e+13	1.46e-28	2.28e-21	4.16e-15	1.10e-09	2.63e-05	1.00e+00	1.60e-06	0.00e+00
 1.08427e+13	2.09e-28	3.04e-21	5.18e-15	1.28e-09	2.83e-05	1.00e+00	1.49e-06	0.00e+00
 1.12339e+13	2.91e-28	3.96e-21	6.32e-15	1.46e-09	3.03e-05	1.00e+00	1.39e-06	0.00e+00
 1.16717e+13	4.14e-28	5.27e-21	7.83e-15	1.69e-09	3.26e-05	1.00e+00	1.29e-06	0.00e+00
 1.21129e+13	5.84e-28	6.94e-21	9.65e-15	1.94e-09	3.50e-05	1.00e+00	1.20e-06	0.00e+00
 1.24793e+13	7.71e-28	8.67e-21	1.14e-14	2.17e-09	3.70e-05	1.00e+00	1.14e-06	0.00e+00
 1.28672e+13	1.02e-27	1.09e-20	1.36e-14	2.44e-09	3.92e-05	1.00e+00	1.07e-06	0.00e+00
 1.33631e+13	1.45e-27	1.45e-20	1.68e-14	2.82e-09	4.22e-05	1.00e+00	9.98e-07	0.00e+00
 1.38833e+13	2.07e-27	1.92e-20	2.08e-14	3.26e-09	4.55e-05	1.00e+00	0.00e+00	0.00e+00
 1.43435e+13	2.81e-27	2.46e-20	2.51e-14	3.69e-09	4.84e-05	1.00e+00	0.00e+00	0.00e+00
 1.48420e+13	3.87e-27	3.17e-20	3.04e-14	4.21e-09	5.17e-05	1.00e+00	0.00e+00	0.00e+00
 1.54411e+13	5.58e-27	4.26e-20	3.81e-14	4.90e-09	5.59e-05	1.00e+00	0.00e+00	0.00e+00
 1.60480e+13	8.00e-27	5.69e-20	4.74e-14	5.68e-09	6.03e-05	1.00e+00	0.00e+00	0.00e+00
 1.66164e+13	1.11e-26	7.39e-20	5.79e-14	6.50e-09	6.45e-05	1.00e+00	0.00e+00	0.00e+00
 1.72483e+13	1.57e-26	9.78e-20	7.16e-14	7.51e-09	6.95e-05	1.00e+00	0.00e+00	0.00e+00
 1.79177e+13	2.23e-26	1.30e-19	8.89e-14	8.70e-09	7.49e-05	1.00e+00	0.00e+00	0.00e+00
 1.85126e+13	3.03e-26	1.66e-19	1.07e-13	9.87e-09	7.99e-05	1.00e+00	0.00e+00	0.00e+00
 1.91529e+13	4.15e-26	2.15e-19	1.30e-13	1.13e-08	8.55e-05	1.00e+00	0.00e+00	0.00e+00
 1.99201e+13	5.98e-26	2.88e-19	1.63e-13	1.31e-08	9.25e-05	1.00e+00	0.00e+00	0.00e+00
 2.06752e+13	8.45e-26	3.82e-19	2.02e-13	1.52e-08	9.96e-05	1.00e+00	0.00e+00	0.00e+00
 2.13479e+13	1.14e-25	4.86e-19	2.42e-13	1.72e-08	1.06e-04	1.00e+00	0.00e+00	0.00e+00
 2.20906e+13	1.57e-25	6.28e-19	2.95e-13	1.96e-08	1.14e-04	1.00e+00	0.00e+00	0.00e+00
 2.29755e+13	2.26e-25	8.44e-19	3.70e-13	2.29e-08	1.23e-04	1.00e+00	0.00e+00	0.00e+00
 2.38543e+13	3.21e-25	1.12e-18	4.59e-13	2.65e-08	1.33e-04	1.00e+00	0.00e+00	0.00e+00
 2.46588e+13	4.38e-25	1.44e-18	5.55e-13	3.02e-08	1.42e-04	1.00e+00	0.00e+00	0.00e+00
 2.55578e+13	6.11e-25	1.89e-18	6.83e-13	3.47e-08	1.52e-04	1.00e+00	0.00e+00	0.00e+00
 2.66022e+13	8.88e-25	2.55e-18	8.60e-13	4.06e-08	1.65e-04	1.00e+00	0.00e+00	0.00e+00
 2.76270e+13	1.27e-24	3.40e-18	1.07e-12	4.71e-08	1.78e-04	1.00e+00	0.00e+00	0.00e+00
 2.85972e+13	1.75e-24	4.42e-18	1.31e-12	5.40e-08	1.91e-04	1.00e+00	0.00e+00	0.00e+00
 2.96754e+13	2.48e-24	5.84e-18	1.62e-12	6.24e-08	2.06e-04	1.00e+00	0.00e+00	0.00e+00
 3.08923e+13	3.61e-24	7.93e-18	2.04e-12	7.31e-08	2.24e-04	1.00e+00	0.00e+00	0.00e+00
 3.20478e+13	5.11e-24	1.05e-17	2.53e-12	8.45e-08	2.41e-04	1.00e+00	0.00e+00	0.00e+00
 3.31008e+13	6.94e-24	1.34e-17	3.05e-12	9.59e-08	2.57e-04	1.00e+00	0.00e+00	0.00e+00
 3.42923e+13	9.69e-24	1.76e-17	3.75e-12	1.10e-07	2.76e-04	1.00e+00	0.00e+00	0.00e+00
 3.56800e+13	1.41e-23	2.38e-17	4.72e-12	1.29e-07	2.99e-04	1.00e+00	0.00e+00	0.00e+00
 3.70119e+13	2.00e-23	3.15e-17	5.84e-12	1.49e-07	3.22e-04	1.00e+00	0.00e+00	0.00e+00
 3.81152e+13	2.65e-23	3.95e-17	6.94e-12	1.67e-07	3.41e-04	1.00e+00	0.00e+00	0.00e+00
 3.92320e+13	3.48e-23	4.93e-17	8.21e-12	1.87e-07	3.62e-04	1.00e+00	0.00e+00	0.00e+00
 4.06755e+13	4.91e-23	6.51e-17	1.01e-11	2.16e-07	3.89e-04	1.00e+00	0.00e+00	0.00e+00
 4.21692e+13	6.94e-23	8.60e-17	1.25e-11	2.49e-07	4.18e-04	1.00e+00	0.00e+00	0.00e+00
 4.34357e+13	9.21e-23	1.08e-16	1.49e-11	2.80e-07	4.44e-04	1.00e+00	0.00e+00	0.00e+00
 4.47814e+13	1.23e-22	1.37e-16	1.78e-11	3.16e-07	4.72e-04	1.00e+00	0.00e+00	0.00e+00
 4.64678e+13	1.76e-22	1.82e-16	2.21e-11	3.66e-07	5.09e-04	9.99e-01	0.00e+00	0.00e+00
 4.82043e+13	2.50e-22	2.42e-16	2.74e-11	4.23e-07	5.48e-04	9.99e-01	0.00e+00	0.00e+00
 4.97333e+13	3.38e-22	3.08e-16	3.29e-11	4.78e-07	5.83e-04	9.99e-01	0.00e+00	0.00e+00
 5.13853e+13	4.63e-22	3.96e-16	3.99e-11	5.44e-07	6.23e-04	9.99e-01	0.00e+00	0.00e+00
 5.33803e+13	6.67e-22	5.32e-16	4.99e-11	6.33e-07	6.72e-04	9.99e-01	0.00e+00	0.00e+00
 5.53600e+13	9.47e-22	7.05e-16	6.18e-11	7.31e-07	7.24e-04	9.99e-01	0.00e+00	0.00e+00
 5.71188e+13	1.28e-21	8.99e-16	7.42e-11	8.28e-07	7.70e-04	9.99e-01	0.00e+00	0.00e+00
 5.90521e+13	1.76e-21	1.16e-15	9.03e-11	9.44e-07	8.24e-04	9.99e-01	0.00e+00	0.00e+00
 6.13626e+13	2.54e-21	1.56e-15	1.13e-10	1.10e-06	8.91e-04	9.99e-01	0.00e+00	0.00e+00
 6.36582e+13	3.62e-21	2.08e-15	1.40e-10	1.27e-06	9.60e-04	9.99e-01	0.00e+00	0.00e+00
 6.57472e+13	4.93e-21	2.67e-15	1.70e-10	1.45e-06	1.02e-03	9.99e-01	0.00e+00	0.00e+00
 6.80733e+13	6.87e-21	3.49e-15	2.08e-10	1.66e-06	1.10e-03	9.99e-01	0.00e+00	0.00e+00
 7.07907e+13	9.96e-21	4.71e-15	2.62e-10	1.94e-06	1.19e-03	9.99e-01	0.00e+00	0.00e+00
 7.34645e+13	1.42e-20	6.26e-15	3.25e-10	2.25e-06	1.29e-03	9.99e-01	0.00e+00	0.00e+00
 7.59772e+13	1.95e-20	8.10e-15	3.96e-10	2.57e-06	1.38e-03	9.99e-01	0.00e+00	0.00e+00
 7.87782e+13	2.74e-20	1.07e-14	4.90e-10	2.97e-06	1.49e-03	9.99e-01	0.00e+00	0.00e+00
 8.19592e+13	3.97e-20	1.44e-14	6.18e-10	3.48e-06	1.61e-03	9.98e-01	0.00e+00	0.00e+00
 8.51333e+13	5.66e-20	1.92e-14	7.71e-10	4.05e-06	1.74e-03	9.98e-01	0.00e+00	0.00e+00
 8.81950e+13	7.87e-20	2.52e-14	9.48e-10	4.67e-06	1.88e-03	9.98e-01	0.00e+00	0.00e+00
 9.08522e+13	1.03e-19	3.15e-14	1.13e-09	5.25e-06	2.00e-03	9.98e-01	0.00e+00	0.00e+00
 9.30725e+13	1.30e-19	3.78e-14	1.30e-09	5.78e-06	2.10e-03	9.98e-01	0.00e+00	0.00e+00
 9.55391e+13	1.64e-19	4.59e-14	1.51e-09	6.43e-06	2.22e-03	9.98e-01	0.00e+00	0.00e+00
 9.87458e+13	2.22e-19	5.87e-14	1.83e-09	7.34e-06	2.38e-03	9.98e-01	0.00e+00	0.00e+00
 1.02126e+14	3.01e-19	7.54e-14	2.23e-09	8.40e-06	2.56e-03	9.97e-01	0.00e+00	0.00e+00
 1.05044e+14	3.88e-19	9.29e-14	2.62e-09	9.40e-06	2.72e-03	9.97e-01	0.00e+00	0.00e+00
 1.08146e+14	5.02e-19	1.15e-13	3.10e-09	1.06e-05	2.90e-03	9.97e-01	0.00e+00	0.00e+00
 1.12113e+14	6.92e-19	1.50e-13	3.82e-09	1.22e-05	3.13e-03	9.97e-01	0.00e+00	0.00e+00
 1.16193e+14	9.48e-19	1.94e-13	4.70e-09	1.41e-05	3.39e-03	9.97e-01	0.00e+00	0.00e+00
 1.19683e+14	1.23e-18	2.41e-13	5.57e-09	1.59e-05	3.61e-03	9.96e-01	0.00e+00	0.00e+00
 1.23415e+14	1.60e-18	3.01e-13	6.65e-09	1.80e-05	3.87e-03	9.96e-01	0.00e+00	0.00e+00
 1.28049e+14	2.21e-18	3.93e-13	8.23e-09	2.08e-05	4.19e-03	9.96e-01	0.00e+00	0.00e+00
 1.32810e+14	3.02e-18	5.11e-13	1.02e-08	2.41e-05	4.55e-03	9.95e-01	0.00e+00	0.00e+00
 1.37051e+14	3.96e-18	6.39e-13	1.22e-08	2.74e-05	4.87e-03	9.95e-01	0.00e+00	0.00e+00
 1.41665e+14	5.22e-18	8.07e-13	1.47e-08	3.13e-05	5.25e-03	9.95e-01	0.00e+00	0.00e+00
 1.47174e+14	7.24e-18	1.06e-12	1.83e-08	3.65e-05	5.72e-03	9.94e-01	0.00e+00	0.00e+00
 1.52604e+14	9.81e-18	1.37e-12	2.26e-08	4.22e-05	6.20e-03	9.94e-01	0.00e+00	0.00e+00
 1.57488e+14	1.28e-17	1.71e-12	2.71e-08	4.79e-05	6.66e-03	9.93e-01	0.00e+00	0.00e+00
 1.62902e+14	1.69e-17	2.18e-12	3.29e-08	5.48e-05	7.18e-03	9.93e-01	0.00e+00	0.00e+00
 1.69296e+14	2.34e-17	2.86e-12	4.11e-08	6.40e-05	7.84e-03	9.92e-01	0.00e+00	0.00e+00
 1.75615e+14	3.17e-17	3.70e-12	5.08e-08	7.41e-05	8.51e-03	9.91e-01	0.00e+00	0.00e+00
 1.81454e+14	4.16e-17	4.66e-12	6.13e-08	8.45e-05	9.17e-03	9.91e-01	0.00e+00	0.00e+00
 1.88009e+14	5.58e-17	5.98e-12	7.53e-08	9.74e-05	9.93e-03	9.90e-01	0.00e+00	0.00e+00
 1.95560e+14	7.74e-17	7.90e-12	9.47e-08	1.14e-04	1.09e-02	9.89e-01	0.00e+00	0.00e+00
 2.02949e+14	1.05e-16	1.03e-11	1.17e-07	1.32e-04	1.18e-02	9.88e-01	0.00e+00	0.00e+00
 2.10634e+14	1.71e-16	1.34e-11	1.46e-07	1.54e-04	1.28e-02	9.87e-01	0.00e+00	0.00e+00
 2.19089e+14	2.40e-16	1.77e-11	1.84e-07	1.80e-04	1.40e-02	9.86e-01	0.00e+00	0.00e+00
 2.26240e+14	3.15e-16	2.22e-11	2.22e-07	2.04e-04	1.51e-02	9.85e-01	0.00e+00	0.00e+00
 2.31464e+14	3.83e-16	2.61e-11	2.53e-07	2.24e-04	1.59e-02	9.84e-01	0.00e+00	0.00e+00
 2.36946e+14	4.69e-16	3.09e-11	2.91e-07	2.46e-04	1.68e-02	9.83e-01	0.00e+00	0.00e+00
 2.44072e+14	6.04e-16	3.82e-11	3.46e-07	2.77e-04	1.79e-02	9.82e-01	0.00e+00	0.00e+00
 2.51934e+14	7.96e-16	4.80e-11	4.17e-07	3.14e-04	1.92e-02	9.80e-01	0.00e+00	0.00e+00
 2.59210e+14	1.02e-15	5.89e-11	4.94e-07	3.52e-04	2.05e-02	9.79e-01	0.00e+00	0.00e+00
 2.67126e+14	1.32e-15	7.32e-11	5.90e-07	3.97e-04	2.20e-02	9.78e-01	0.00e+00	0.00e+00
 2.76020e+14	1.76e-15	9.29e-11	7.17e-07	4.53e-04	2.36e-02	9.76e-01	0.00e+00	0.00e+00
 2.84483e+14	2.29e-15	1.16e-10	8.58e-07	5.11e-04	2.53e-02	9.74e-01	0.00e+00	0.00e+00
 2.93782e+14	3.03e-15	1.46e-10	1.04e-06	5.81e-04	2.72e-02	9.72e-01	0.00e+00	0.00e+00
 3.04180e+14	4.13e-15	1.89e-10	1.28e-06	6.68e-04	2.93e-02	9.70e-01	0.00e+00	0.00e+00
 3.14055e+14	5.48e-15	2.39e-10	1.55e-06	7.59e-04	3.15e-02	9.68e-01	0.00e+00	0.00e+00
 3.24938e+14	7.42e-15	3.07e-10	1.90e-06	8.70e-04	3.40e-02	9.65e-01	0.00e+00	0.00e+00
 3.37157e+14	1.03e-14	4.04e-10	2.38e-06	1.01e-03	3.69e-02	9.62e-01	0.00e+00	0.00e+00
 3.48719e+14	1.40e-14	5.20e-10	2.91e-06	1.15e-03	3.97e-02	9.59e-01	0.00e+00	0.00e+00
 3.61312e+14	1.93e-14	6.78e-10	3.61e-06	1.33e-03	4.29e-02	9.56e-01	0.00e+00	0.00e+00
 3.75290e+14	2.66e-14	9.01e-10	4.54e-06	1.55e-03	4.67e-02	9.52e-01	0.00e+00	0.00e+00
 3.88384e+14	3.64e-14	1.17e-09	5.58e-06	1.78e-03	5.03e-02	9.48e-01	0.00e+00	0.00e+00
 4.02507e+14	5.04e-14	1.53e-09	6.93e-06	2.05e-03	5.43e-02	9.44e-01	0.00e+00	0.00e+00
 4.18273e+14	7.16e-14	2.05e-09	8.76e-06	2.39e-03	5.90e-02	9.39e-01	0.00e+00	0.00e+00
 4.33431e+14	9.94e-14	2.69e-09	1.09e-05	2.75e-03	6.37e-02	9.34e-01	0.00e+00	0.00e+00
 4.49559e+14	1.39e-13	3.56e-09	1.36e-05	3.19e-03	6.89e-02	9.28e-01	0.00e+00	0.00e+00
 4.67571e+14	2.00e-13	4.81e-09	1.73e-05	3.73e-03	7.50e-02	9.21e-01	0.00e+00	0.00e+00
 4.82701e+14	2.69e-13	6.14e-09	2.09e-05	4.23e-03	8.02e-02	9.16e-01	0.00e+00	0.00e+00
 4.93581e+14	3.30e-13	7.29e-09	2.40e-05	4.63e-03	8.40e-02	9.11e-01	0.00e+00	0.00e+00
 5.04922e+14	4.08e-13	8.69e-09	2.75e-05	5.07e-03	8.81e-02	9.07e-01	0.00e+00	0.00e+00
 5.19666e+14	5.33e-13	1.09e-08	3.28e-05	5.68e-03	9.36e-02	9.01e-01	0.00e+00	0.00e+00
 5.36090e+14	7.13e-13	1.38e-08	3.97e-05	6.42e-03	9.99e-02	8.94e-01	0.00e+00	0.00e+00
 5.51441e+14	9.30e-13	1.72e-08	4.71e-05	7.19e-03	1.06e-01	8.87e-01	0.00e+00	0.00e+00
 5.68142e+14	1.23e-12	2.17e-08	5.65e-05	8.09e-03	1.13e-01	8.79e-01	0.00e+00	0.00e+00
 5.86837e+14	1.67e-12	2.79e-08	6.88e-05	9.19e-03	1.20e-01	8.71e-01	0.00e+00	0.00e+00
 6.04485e+14	2.20e-12	3.52e-08	8.24e-05	1.03e-02	1.28e-01	8.62e-01	0.00e+00	0.00e+00
 6.23789e+14	2.96e-12	4.50e-08	9.97e-05	1.17e-02	1.36e-01	8.52e-01	0.00e+00	0.00e+00
 6.45418e+14	4.08e-12	5.87e-08	1.23e-04	1.34e-02	1.45e-01	8.41e-01	0.00e+00	0.00e+00
 6.65921e+14	5.48e-12	7.50e-08	1.48e-04	1.51e-02	1.55e-01	8.30e-01	0.00e+00	0.00e+00
 6.88428e+14	7.49e-12	9.73e-08	1.81e-04	1.72e-02	1.65e-01	8.18e-01	0.00e+00	0.00e+00
 7.13559e+14	1.05e-11	1.29e-07	2.25e-04	1.97e-02	1.77e-01	8.03e-01	0.00e+00	0.00e+00
 7.36981e+14	1.42e-11	1.66e-07	2.73e-04	2.23e-02	1.88e-01	7.90e-01	0.00e+00	0.00e+00
 7.62309e+14	1.95e-11	2.16e-07	3.35e-04	2.54e-02	2.00e-01	7.74e-01	0.00e+00	0.00e+00
 7.90696e+14	2.75e-11	2.86e-07	4.16e-04	2.92e-02	2.14e-01	7.57e-01	0.00e+00	0.00e+00
 8.17305e+14	3.74e-11	3.70e-07	5.07e-04	3.31e-02	2.26e-01	7.40e-01	0.00e+00	0.00e+00
 8.46141e+14	5.18e-11	4.85e-07	6.23e-04	3.76e-02	2.41e-01	7.21e-01	0.00e+00	0.00e+00
 8.76712e+14	7.18e-11	6.37e-07	7.67e-04	4.29e-02	2.55e-01	7.01e-01	0.00e+00	0.00e+00
 9.03303e+14	9.45e-11	8.01e-07	9.13e-04	4.78e-02	2.68e-01	6.83e-01	0.00e+00	0.00e+00
 9.26047e+14	1.19e-10	9.68e-07	1.06e-03	5.23e-02	2.79e-01	6.68e-01	0.00e+00	0.00e+00
 9.50024e+14	1.50e-10	1.18e-06	1.22e-03	5.72e-02	2.90e-01	6.51e-01	0.00e+00	0.00e+00
 9.81194e+14	2.02e-10	1.51e-06	1.47e-03	6.42e-02	3.05e-01	6.30e-01	0.00e+00	0.00e+00
 1.01264e+15	2.68e-10	1.91e-06	1.76e-03	7.15e-02	3.19e-01	6.08e-01	0.00e+00	0.00e+00
 1.03798e+15	3.34e-10	2.29e-06	2.03e-03	7.79e-02	3.30e-01	5.90e-01	0.00e+00	0.00e+00
 1.06446e+15	4.20e-10	2.77e-06	2.34e-03	8.48e-02	3.41e-01	5.72e-01	0.00e+00	0.00e+00
 1.09889e+15	5.60e-10	3.51e-06	2.79e-03	9.42e-02	3.55e-01	5.48e-01	0.00e+00	0.00e+00
 1.13482e+15	7.45e-10	4.45e-06	3.33e-03	1.05e-01	3.69e-01	5.23e-01	0.00e+00	0.00e+00
 1.16546e+15	9.44e-10	5.41e-06	3.85e-03	1.14e-01	3.80e-01	5.03e-01	0.00e+00	0.00e+00
 1.19807e+15	1.21e-09	6.63e-06	4.47e-03	1.24e-01	3.91e-01	4.81e-01	0.00e+00	0.00e+00
 1.24046e+15	1.65e-09	8.56e-06	5.39e-03	1.38e-01	4.04e-01	4.53e-01	0.00e+00	0.00e+00
 1.28391e+15	2.22e-09	1.10e-05	6.45e-03	1.53e-01	4.16e-01	4.25e-01	0.00e+00	0.00e+00
 1.31930e+15	2.81e-09	1.33e-05	7.41e-03	1.65e-01	4.24e-01	4.03e-01	0.00e+00	0.00e+00
 1.35590e+15	3.57e-09	1.61e-05	8.53e-03	1.78e-01	4.32e-01	3.81e-01	0.00e+00	0.00e+00
 1.40349e+15	4.82e-09	2.06e-05	1.02e-02	1.96e-01	4.41e-01	3.53e-01	0.00e+00	0.00e+00
 1.45269e+15	6.43e-09	2.61e-05	1.20e-02	2.14e-01	4.48e-01	3.26e-01	0.00e+00	0.00e+00
 1.49410e+15	8.13e-09	3.16e-05	1.38e-02	2.30e-01	4.52e-01	3.05e-01	0.00e+00	0.00e+00
 1.53803e+15	1.04e-08	3.85e-05	1.59e-02	2.47e-01	4.55e-01	2.83e-01	0.00e+00	0.00e+00
 1.59413e+15	1.41e-08	4.92e-05	1.88e-02	2.68e-01	4.57e-01	2.56e-01	0.00e+00	0.00e+00
 1.64809e+15	1.84e-08	6.10e-05	2.18e-02	2.88e-01	4.56e-01	2.33e-01	0.00e+00	0.00e+00
 1.68918e+15	2.24e-08	7.15e-05	2.44e-02	3.04e-01	4.55e-01	2.17e-01	0.00e+00	0.00e+00
 1.72545e+15	2.66e-08	8.20e-05	2.68e-02	3.17e-01	4.53e-01	2.03e-01	0.00e+00	0.00e+00
 1.76658e+15	3.24e-08	9.56e-05	2.97e-02	3.32e-01	4.49e-01	1.88e-01	0.00e+00	0.00e+00
 1.81283e+15	3.98e-08	1.13e-04	3.33e-02	3.49e-01	4.45e-01	1.73e-01	0.00e+00	0.00e+00
 1.85690e+15	4.82e-08	1.31e-04	3.68e-02	3.65e-01	4.39e-01	1.59e-01	0.00e+00	0.00e+00
 1.90537e+15	5.95e-08	1.54e-04	4.11e-02	3.81e-01	4.32e-01	1.45e-01	0.00e+00	0.00e+00
 1.95993e+15	7.43e-08	1.84e-04	4.62e-02	4.00e-01	4.24e-01	1.30e-01	0.00e+00	0.00e+00
 2.01198e+15	9.10e-08	2.15e-04	5.13e-02	4.16e-01	4.14e-01	1.18e-01	0.00e+00	0.00e+00
 2.05961e+15	1.09e-07	2.48e-04	5.63e-02	4.31e-01	4.05e-01	1.08e-01	0.00e+00	0.00e+00
 2.11197e+15	1.33e-07	2.89e-04	6.22e-02	4.46e-01	3.94e-01	9.69e-02	0.00e+00	0.00e+00
 2.16895e+15	1.64e-07	3.39e-04	6.90e-02	4.62e-01	3.82e-01	8.65e-02	0.00e+00	0.00e+00
 2.22309e+15	1.98e-07	3.92e-04	7.58e-02	4.76e-01	3.70e-01	7.77e-02	0.00e+00	0.00e+00
 2.27608e+15	2.37e-07	4.49e-04	8.28e-02	4.89e-01	3.58e-01	6.99e-02	0.00e+00	0.00e+00
 2.33645e+15	2.92e-07	5.28e-04	9.17e-02	5.03e-01	3.43e-01	6.15e-02	0.00e+00	0.00e+00
 2.40302e+15	3.61e-07	6.19e-04	1.02e-01	5.17e-01	3.28e-01	5.37e-02	0.00e+00	0.00e+00
 2.46540e+15	4.38e-07	7.17e-04	1.11e-01	5.28e-01	3.13e-01	4.72e-02	0.00e+00	0.00e+00
 2.52268e+15	5.22e-07	8.17e-04	1.21e-01	5.38e-01	2.99e-01	4.18e-02	0.00e+00	0.00e+00
 2.58557e+15	6.38e-07	9.49e-04	1.33e-01	5.47e-01	2.83e-01	3.64e-02	0.00e+00	0.00e+00
 2.65226e+15	7.70e-07	1.09e-03	1.45e-01	5.55e-01	2.67e-01	3.16e-02	0.00e+00	0.00e+00
 2.71203e+15	9.14e-07	1.24e-03	1.57e-01	5.61e-01	2.53e-01	2.77e-02	0.00e+00	0.00e+00
 2.77787e+15	1.11e-06	1.44e-03	1.71e-01	5.66e-01	2.37e-01	2.38e-02	0.00e+00	0.00e+00
 2.84766e+15	1.35e-06	1.66e-03	1.87e-01	5.70e-01	2.21e-01	2.03e-02	0.00e+00	0.00e+00
 2.90186e+15	1.55e-06	1.84e-03	1.99e-01	5.71e-01	2.10e-01	1.80e-02	0.00e+00	0.00e+00
 2.94406e+15	1.74e-06	2.01e-03	2.10e-01	5.72e-01	2.00e-01	1.63e-02	0.00e+00	0.00e+00
 2.99140e+15	2.00e-06	2.23e-03	2.22e-01	5.72e-01	1.90e-01	1.45e-02	0.00e+00	0.00e+00
 3.04397e+15	2.31e-06	2.48e-03	2.36e-01	5.70e-01	1.78e-01	1.27e-02	0.00e+00	0.00e+00
 3.09340e+15	2.63e-06	2.73e-03	2.50e-01	5.68e-01	1.68e-01	1.12e-02	0.00e+00	0.00e+00
 3.14773e+15	3.10e-06	3.07e-03	2.67e-01	5.64e-01	1.57e-01	9.70e-03	0.00e+00	0.00e+00
 3.20308e+15	3.58e-06	3.42e-03	2.83e-01	5.59e-01	1.46e-01	8.41e-03	0.00e+00	0.00e+00
 3.24960e+15	4.04e-06	3.74e-03	2.98e-01	5.54e-01	1.37e-01	7.43e-03	0.00e+00	0.00e+00
 3.29992e+15	4.71e-06	4.19e-03	3.16e-01	5.47e-01	1.27e-01	6.40e-03	0.00e+00	0.00e+00
 3.35280e+15	5.41e-06	4.64e-03	3.34e-01	5.39e-01	1.17e-01	5.51e-03	0.00e+00	0.00e+00
 3.39974e+15	6.18e-06	5.12e-03	3.51e-01	5.30e-01	1.09e-01	4.78e-03	0.00e+00	0.00e+00
 3.44438e+15	7.07e-06	5.65e-03	3.69e-01	5.21e-01	1.01e-01	4.15e-03	0.00e+00	0.00e+00
 3.48835e+15	7.98e-06	6.18e-03	3.86e-01	5.11e-01	9.34e-02	3.61e-03	0.00e+00	0.00e+00
 3.53854e+15	9.34e-06	6.93e-03	4.07e-01	4.98e-01	8.49e-02	3.03e-03	0.00e+00	0.00e+00
 3.59068e+15	1.06e-05	7.63e-03	4.28e-01	4.84e-01	7.70e-02	2.55e-03	0.00e+00	0.00e+00
 3.63741e+15	1.26e-05	8.61e-03	4.50e-01	4.70e-01	6.96e-02	2.12e-03	0.00e+00	0.00e+00
 3.67905e+15	1.40e-05	9.31e-03	4.68e-01	4.57e-01	6.38e-02	1.83e-03	0.00e+00	0.00e+00
 3.72198e+15	1.66e-05	1.05e-02	4.90e-01	4.41e-01	5.74e-02	1.51e-03	0.00e+00	0.00e+00
 3.76638e+15	1.86e-05	1.14e-02	5.10e-01	4.26e-01	5.18e-02	1.27e-03	0.00e+00	0.00e+00
 3.81270e+15	2.26e-05	1.31e-02	5.34e-01	4.07e-01	4.55e-02	1.01e-03	0.00e+00	0.00e+00
 3.85789e+15	2.62e-05	1.46e-02	5.56e-01	3.89e-01	4.02e-02	8.21e-04	0.00e+00	0.00e+00
 3.89394e+15	2.98e-05	1.60e-02	5.74e-01	3.73e-01	3.62e-02	6.85e-04	0.00e+00	0.00e+00
 3.93311e+15	3.47e-05	1.78e-02	5.94e-01	3.56e-01	3.19e-02	5.54e-04	0.00e+00	0.00e+00
 3.96888e+15	3.95e-05	1.95e-02	6.11e-01	3.40e-01	2.84e-02	4.57e-04	0.00e+00	0.00e+00
 3.99233e+15	4.31e-05	2.08e-02	6.23e-01	3.30e-01	2.62e-02	4.00e-04	0.00e+00	0.00e+00
 4.01489e+15	4.71e-05	2.21e-02	6.34e-01	3.20e-01	2.42e-02	3.49e-04	0.00e+00	0.00e+00
 4.04421e+15	5.20e-05	2.37e-02	6.47e-01	3.07e-01	2.18e-02	2.94e-04	0.00e+00	0.00e+00
 4.07696e+15	5.94e-05	2.60e-02	6.63e-01	2.92e-01	1.92e-02	2.39e-04	0.00e+00	0.00e+00
 4.10504e+15	6.81e-05	2.86e-02	6.76e-01	2.78e-01	1.70e-02	1.96e-04	0.00e+00	0.00e+00
 4.12576e+15	7.41e-05	3.03e-02	6.85e-01	2.69e-01	1.56e-02	1.70e-04	0.00e+00	0.00e+00
 4.14603e+15	8.11e-05	3.22e-02	6.94e-01	2.59e-01	1.43e-02	1.46e-04	0.00e+00	0.00e+00
 4.17238e+15	9.14e-05	3.50e-02	7.06e-01	2.47e-01	1.26e-02	1.20e-04	0.00e+00	0.00e+00
 4.20035e+15	1.01e-04	3.76e-02	7.16e-01	2.35e-01	1.12e-02	9.82e-05	0.00e+00	0.00e+00
 4.22638e+15	1.16e-04	4.13e-02	7.27e-01	2.22e-01	9.76e-03	7.85e-05	0.00e+00	0.00e+00
 4.24913e+15	1.27e-04	4.38e-02	7.34e-01	2.13e-01	8.79e-03	6.64e-05	0.00e+00	0.00e+00
 4.27164e+15	1.41e-04	4.71e-02	7.42e-01	2.03e-01	7.80e-03	5.46e-05	0.00e+00	0.00e+00
 4.30092e+15	1.65e-04	5.23e-02	7.51e-01	1.90e-01	6.59e-03	4.15e-05	0.00e+00	0.00e+00
 4.32854e+15	1.87e-04	5.70e-02	7.58e-01	1.79e-01	5.68e-03	3.26e-05	0.00e+00	0.00e+00
 4.34887e+15	2.06e-04	6.07e-02	7.63e-01	1.71e-01	5.07e-03	2.71e-05	0.00e+00	0.00e+00
 4.37016e+15	2.29e-04	6.52e-02	7.68e-01	1.62e-01	4.46e-03	2.20e-05	0.00e+00	0.00e+00
 4.39784e+15	2.63e-04	7.15e-02	7.73e-01	1.51e-01	3.76e-03	1.67e-05	0.00e+00	0.00e+00
 4.42584e+15	3.02e-04	7.83e-02	7.77e-01	1.41e-01	3.17e-03	1.27e-05	0.00e+00	0.00e+00
 4.44822e+15	3.36e-04	8.41e-02	7.80e-01	1.33e-01	2.75e-03	1.02e-05	0.00e+00	0.00e+00
 4.47123e+15	3.78e-04	9.08e-02	7.81e-01	1.25e-01	2.36e-03	7.93e-06	0.00e+00	0.00e+00
 4.49702e+15	4.31e-04	9.88e-02	7.82e-01	1.17e-01	1.99e-03	6.03e-06	0.00e+00	0.00e+00
 4.52135e+15	4.86e-04	1.07e-01	7.82e-01	1.09e-01	1.69e-03	4.64e-06	0.00e+00	0.00e+00
 4.54399e+15	5.45e-04	1.15e-01	7.81e-01	1.02e-01	1.44e-03	3.61e-06	0.00e+00	0.00e+00
 4.56949e+15	6.22e-04	1.25e-01	7.78e-01	9.46e-02	1.20e-03	2.69e-06	0.00e+00	0.00e+00
 4.59717e+15	7.17e-04	1.37e-01	7.74e-01	8.69e-02	9.79e-04	1.96e-06	0.00e+00	0.00e+00
 4.62191e+15	8.13e-04	1.49e-01	7.69e-01	8.04e-02	8.16e-04	1.47e-06	0.00e+00	0.00e+00
 4.64828e+15	9.33e-04	1.62e-01	7.63e-01	7.36e-02	6.64e-04	1.06e-06	0.00e+00	0.00e+00
 4.67708e+15	1.08e-03	1.78e-01	7.54e-01	6.68e-02	5.31e-04	7.50e-07	0.00e+00	0.00e+00
 4.70316e+15	1.24e-03	1.93e-01	7.44e-01	6.08e-02	4.31e-04	0.00e+00	0.00e+00	0.00e+00
 4.72741e+15	1.41e-03	2.09e-01	7.33e-01	5.56e-02	3.53e-04	0.00e+00	0.00e+00	0.00e+00
 4.75516e+15	1.64e-03	2.29e-01	7.20e-01	4.99e-02	2.79e-04	0.00e+00	0.00e+00	0.00e+00
 4.78595e+15	1.93e-03	2.52e-01	7.01e-01	4.40e-02	2.13e-04	0.00e+00	0.00e+00	0.00e+00
 4.81458e+15	2.25e-03	2.76e-01	6.82e-01	3.89e-02	1.65e-04	0.00e+00	0.00e+00	0.00e+00
 4.84158e+15	2.61e-03	3.01e-01	6.62e-01	3.43e-02	1.28e-04	0.00e+00	0.00e+00	0.00e+00
 4.87258e+15	3.10e-03	3.32e-01	6.36e-01	2.94e-02	9.43e-05	0.00e+00	0.00e+00	0.00e+00
 4.90723e+15	3.76e-03	3.70e-01	6.02e-01	2.45e-02	6.62e-05	0.00e+00	0.00e+00	0.00e+00
 4.93890e+15	4.48e-03	4.07e-01	5.68e-01	2.04e-02	4.72e-05	0.00e+00	0.00e+00	0.00e+00
 4.96689e+15	5.27e-03	4.43e-01	5.35e-01	1.71e-02	3.44e-05	0.00e+00	0.00e+00	0.00e+00
 4.99781e+15	6.30e-03	4.85e-01	4.95e-01	1.39e-02	2.36e-05	0.00e+00	0.00e+00	0.00e+00
 5.03142e+15	7.65e-03	5.33e-01	4.49e-01	1.08e-02	1.54e-05	0.00e+00	0.00e+00	0.00e+00
 5.06055e+15	9.09e-03	5.77e-01	4.06e-01	8.48e-03	1.03e-05	0.00e+00	0.00e+00	0.00e+00
 5.08582e+15	1.06e-02	6.16e-01	3.67e-01	6.73e-03	7.09e-06	0.00e+00	0.00e+00	0.00e+00
 5.11407e+15	1.25e-02	6.59e-01	3.23e-01	5.08e-03	4.53e-06	0.00e+00	0.00e+00	0.00e+00
 5.14208e+15	1.49e-02	7.02e-01	2.79e-01	3.72e-03	2.81e-06	0.00e+00	0.00e+00	0.00e+00
 5.16261e+15	1.69e-02	7.33e-01	2.47e-01	2.91e-03	1.94e-06	0.00e+00	0.00e+00	0.00e+00
 5.17925e+15	1.87e-02	7.57e-01	2.22e-01	2.35e-03	1.41e-06	0.00e+00	0.00e+00	0.00e+00
 5.19798e+15	2.11e-02	7.82e-01	1.95e-01	1.82e-03	9.64e-07	0.00e+00	0.00e+00	0.00e+00
 5.21885e+15	2.40e-02	8.08e-01	1.67e-01	1.34e-03	0.00e+00	0.00e+00	0.00e+00	0.00e+00
 5.23761e+15	2.72e-02	8.30e-01	1.42e-01	9.95e-04	0.00e+00	0.00e+00	0.00e+00	0.00e+00
 5.25342e+15	3.02e-02	8.46e-01	1.23e-01	7.62e-04	0.00e+00	0.00e+00	0.00e+00	0.00e+00
 5.27027e+15	3.37e-02	8.61e-01	1.05e-01	5.64e-04	0.00e+00	0.00e+00	0.00e+00	0.00e+00
 5.28854e+15	3.82e-02	8.75e-01	8.66e-02	3.98e-04	0.00e+00	0.00e+00	0.00e+00	0.00e+00
 5.30434e+15	4.26e-02	8.85e-01	7.25e-02	2.89e-04	0.00e+00	0.00e+00	0.00e+00	0.00e+00
 5.31775e+15	4.69e-02	8.91e-01	6.19e-02	2.18e-04	0.00e+00	0.00e+00	0.00e+00	0.00e+00
 5.33009e+15	5.15e-02	8.96e-01	5.28e-02	1.65e-04	0.00e+00	0.00e+00	0.00e+00	0.00e+00
 5.34381e+15	5.68e-02	8.99e-01	4.43e-02	1.20e-04	0.00e+00	0.00e+00	0.00e+00	0.00e+00
 5.35904e+15	6.38e-02	9.00e-01	3.59e-02	8.33e-05	0.00e+00	0.00e+00	0.00e+00	0.00e+00
 5.37315e+15	7.12e-02	9.00e-01	2.91e-02	5.79e-05	0.00e+00	0.00e+00	0.00e+00	0.00e+00
 5.38587e+15	7.88e-02	8.97e-01	2.40e-02	4.13e-05	0.00e+00	0.00e+00	0.00e+00	0.00e+00
 5.39986e+15	8.81e-02	8.93e-01	1.92e-02	2.81e-05	0.00e+00	0.00e+00	0.00e+00	0.00e+00
 5.41534e+15	1.00e-01	8.85e-01	1.48e-02	1.79e-05	0.00e+00	0.00e+00	0.00e+00	0.00e+00
 5.42932e+15	1.12e-01	8.76e-01	1.16e-02	1.17e-05	0.00e+00	0.00e+00	0.00e+00	0.00e+00
 5.44054e+15	1.24e-01	8.67e-01	9.39e-03	8.23e-06	0.00e+00	0.00e+00	0.00e+00	0.00e+00
 5.44984e+15	1.34e-01	8.58e-01	7.87e-03	6.09e-06	0.00e+00	0.00e+00	0.00e+00	0.00e+00
 5.45952e+15	1.45e-01	8.48e-01	6.53e-03	4.42e-06	0.00e+00	0.00e+00	0.00e+00	0.00e+00
 5.47020e+15	1.59e-01	8.36e-01	5.28e-03	3.08e-06	0.00e+00	0.00e+00	0.00e+00	0.00e+00
 5.48052e+15	1.73e-01	8.23e-01	4.27e-03	2.15e-06	0.00e+00	0.00e+00	0.00e+00	0.00e+00
 5.48942e+15	1.86e-01	8.10e-01	3.54e-03	1.57e-06	0.00e+00	0.00e+00	0.00e+00	0.00e+00
 5.49722e+15	1.98e-01	7.99e-01	2.99e-03	1.18e-06	0.00e+00	0.00e+00	0.00e+00	0.00e+00
 5.50331e+15	2.08e-01	7.90e-01	2.63e-03	9.52e-07	0.00e+00	0.00e+00	0.00e+00	0.00e+00
 5.50755e+15	2.15e-01	7.83e-01	2.39e-03	0.00e+00	0.00e+00	0.00e+00	0.00e+00	0.00e+00
 5.51158e+15	2.22e-01	7.76e-01	2.19e-03	0.00e+00	0.00e+00	0.00e+00	0.00e+00	0.00e+00
 5.51626e+15	2.30e-01	7.68e-01	1.97e-03	0.00e+00	0.00e+00	0.00e+00	0.00e+00	0.00e+00
 5.52134e+15	2.39e-01	7.59e-01	1.76e-03	0.00e+00	0.00e+00	0.00e+00	0.00e+00	0.00e+00
 5.52625e+15	2.48e-01	7.51e-01	1.57e-03	0.00e+00	0.00e+00	0.00e+00	0.00e+00	0.00e+00
 5.53091e+15	2.56e-01	7.42e-01	1.42e-03	0.00e+00	0.00e+00	0.00e+00	0.00e+00	0.00e+00
 5.53557e+15	2.65e-01	7.34e-01	1.27e-03	0.00e+00	0.00e+00	0.00e+00	0.00e+00	0.00e+00
 5.54027e+15	2.74e-01	7.25e-01	1.14e-03	0.00e+00	0.00e+00	0.00e+00	0.00e+00	0.00e+00
 5.54500e+15	2.83e-01	7.16e-01	1.02e-03	0.00e+00	0.00e+00	0.00e+00	0.00e+00	0.00e+00
 5.54970e+15	2.92e-01	7.07e-01	9.18e-04	0.00e+00	0.00e+00	0.00e+00	0.00e+00	0.00e+00
 5.55439e+15	3.02e-01	6.98e-01	8.22e-04	0.00e+00	0.00e+00	0.00e+00	0.00e+00	0.00e+00
 5.55913e+15	3.11e-01	6.88e-01	7.36e-04	0.00e+00	0.00e+00	0.00e+00	0.00e+00	0.00e+00
 5.56381e+15	3.20e-01	6.79e-01	6.60e-04	0.00e+00	0.00e+00	0.00e+00	0.00e+00	0.00e+00
 5.56848e+15	3.30e-01	6.70e-01	5.91e-04	0.00e+00	0.00e+00	0.00e+00	0.00e+00	0.00e+00
 5.57324e+15	3.39e-01	6.60e-01	5.28e-04	0.00e+00	0.00e+00	0.00e+00	0.00e+00	0.00e+00
 5.57801e+15	3.49e-01	6.51e-01	4.73e-04	0.00e+00	0.00e+00	0.00e+00	0.00e+00	0.00e+00
 5.58280e+15	3.59e-01	6.41e-01	4.22e-04	0.00e+00	0.00e+00	0.00e+00	0.00e+00	0.00e+00
 5.58762e+15	3.68e-01	6.31e-01	3.78e-04	0.00e+00	0.00e+00	0.00e+00	0.00e+00	0.00e+00
 5.59250e+15	3.79e-01	6.21e-01	3.37e-04	0.00e+00	0.00e+00	0.00e+00	0.00e+00	0.00e+00
 5.59748e+15	3.89e-01	6.11e-01	3.00e-04	0.00e+00	0.00e+00	0.00e+00	0.00e+00	0.00e+00
 5.60246e+15	3.99e-01	6.01e-01	2.68e-04	0.00e+00	0.00e+00	0.00e+00	0.00e+00	0.00e+00
 5.60747e+15	4.09e-01	5.91e-01	2.39e-04	0.00e+00	0.00e+00	0.00e+00	0.00e+00	0.00e+00
 5.61263e+15	4.19e-01	5.81e-01	2.13e-04	0.00e+00	0.00e+00	0.00e+00	0.00e+00	0.00e+00
 5.61793e+15	4.30e-01	5.70e-01	1.89e-04	0.00e+00	0.00e+00	0.00e+00	0.00e+00	0.00e+00
 5.62330e+15	4.41e-01	5.59e-01	1.68e-04	0.00e+00	0.00e+00	0.00e+00	0.00e+00	0.00e+00
 5.62869e+15	4.51e-01	5.49e-01	1.50e-04	0.00e+00	0.00e+00	0.00e+00	0.00e+00	0.00e+00
 5.63409e+15	4.62e-01	5.38e-01	1.34e-04	0.00e+00	0.00e+00	0.00e+00	0.00e+00	0.00e+00
 5.63959e+15	4.72e-01	5.27e-01	1.20e-04	0.00e+00	0.00e+00	0.00e+00	0.00e+00	0.00e+00
 5.64522e+15	4.83e-01	5.17e-01	1.07e-04	0.00e+00	0.00e+00	0.00e+00	0.00e+00	0.00e+00
 5.65102e+15	4.94e-01	5.06e-01	9.57e-05	0.00e+00	0.00e+00	0.00e+00	0.00e+00	0.00e+00
 5.65698e+15	5.05e-01	4.95e-01	8.57e-05	0.00e+00	0.00e+00	0.00e+00	0.00e+00	0.00e+00
 5.66316e+15	5.16e-01	4.84e-01	7.68e-05	0.00e+00	0.00e+00	0.00e+00	0.00e+00	0.00e+00
 5.66961e+15	5.28e-01	4.72e-01	6.89e-05	0.00e+00	0.00e+00	0.00e+00	0.00e+00	0.00e+00
 5.67640e+15	5.40e-01	4.60e-01	6.17e-05	0.00e+00	0.00e+00	0.00e+00	0.00e+00	0.00e+00
 5.68357e+15	5.52e-01	4.48e-01	5.54e-05	0.00e+00	0.00e+00	0.00e+00	0.00e+00	0.00e+00
 5.69121e+15	5.64e-01	4.36e-01	4.97e-05	0.00e+00	0.00e+00	0.00e+00	0.00e+00	0.00e+00
 5.69949e+15	5.78e-01	4.22e-01	4.45e-05	0.00e+00	0.00e+00	0.00e+00	0.00e+00	0.00e+00
 5.70848e+15	5.91e-01	4.09e-01	4.00e-05	0.00e+00	0.00e+00	0.00e+00	0.00e+00	0.00e+00
 5.71834e+15	6.04e-01	3.96e-01	3.59e-05	0.00e+00	0.00e+00	0.00e+00	0.00e+00	0.00e+00
 5.72939e+15	6.19e-01	3.81e-01	3.21e-05	0.00e+00	0.00e+00	0.00e+00	0.00e+00	0.00e+00
 5.74135e+15	6.33e-01	3.67e-01	2.89e-05	0.00e+00	0.00e+00	0.00e+00	0.00e+00	0.00e+00
 5.75348e+15	6.45e-01	3.54e-01	2.63e-05	0.00e+00	0.00e+00	0.00e+00	0.00e+00	0.00e+00
 5.76550e+15	6.57e-01	3.43e-01	2.41e-05	0.00e+00	0.00e+00	0.00e+00	0.00e+00	0.00e+00
 5.77927e+15	6.70e-01	3.30e-01	2.19e-05	0.00e+00	0.00e+00	0.00e+00	0.00e+00	0.00e+00
 5.79718e+15	6.84e-01	3.16e-01	1.96e-05	0.00e+00	0.00e+00	0.00e+00	0.00e+00	0.00e+00
 5.81986e+15	7.05e-01	2.95e-01	1.70e-05	0.00e+00	0.00e+00	0.00e+00	0.00e+00	0.00e+00
 5.84263e+15	7.21e-01	2.78e-01	1.51e-05	0.00e+00	0.00e+00	0.00e+00	0.00e+00	0.00e+00
 5.86123e+15	7.34e-01	2.66e-01	1.36e-05	0.00e+00	0.00e+00	0.00e+00	0.00e+00	0.00e+00
 5.87852e+15	7.47e-01	2.53e-01	1.24e-05	0.00e+00	0.00e+00	0.00e+00	0.00e+00	0.00e+00
 5.89683e+15	7.60e-01	2.40e-01	1.12e-05	0.00e+00	0.00e+00	0.00e+00	0.00e+00	0.00e+00
 5.91567e+15	7.72e-01	2.28e-01	1.01e-05	0.00e+00	0.00e+00	0.00e+00	0.00e+00	0.00e+00
 5.93409e+15	7.85e-01	2.15e-01	9.11e-06	0.00e+00	0.00e+00	0.00e+00	0.00e+00	0.00e+00
 5.95183e+15	7.96e-01	2.04e-01	8.25e-06	0.00e+00	0.00e+00	0.00e+00	0.00e+00	0.00e+00
 5.96913e+15	8.07e-01	1.93e-01	7.47e-06	0.00e+00	0.00e+00	0.00e+00	0.00e+00	0.00e+00
 5.98616e+15	8.18e-01	1.82e-01	6.77e-06	0.00e+00	0.00e+00	0.00e+00	0.00e+00	0.00e+00
 6.00292e+15	8.28e-01	1.72e-01	6.14e-06	0.00e+00	0.00e+00	0.00e+00	0.00e+00	0.00e+00
 6.01937e+15	8.38e-01	1.62e-01	5.57e-06	0.00e+00	0.00e+00	0.00e+00	0.00e+00	0.00e+00
 6.03549e+15	8.47e-01	1.53e-01	5.06e-06	0.00e+00	0.00e+00	0.00e+00	0.00e+00	0.00e+00
 6.05130e+15	8.56e-01	1.44e-01	4.59e-06	0.00e+00	0.00e+00	0.00e+00	0.00e+00	0.00e+00
 6.06681e+15	8.64e-01	1.36e-01	4.16e-06	0.00e+00	0.00e+00	0.00e+00	0.00e+00	0.00e+00
 6.08243e+15	8.72e-01	1.28e-01	3.79e-06	0.00e+00	0.00e+00	0.00e+00	0.00e+00	0.00e+00
 6.09760e+15	8.80e-01	1.20e-01	3.44e-06	0.00e+00	0.00e+00	0.00e+00	0.00e+00	0.00e+00
 6.11222e+15	8.87e-01	1.13e-01	3.14e-06	0.00e+00	0.00e+00	0.00e+00	0.00e+00	0.00e+00
 6.12688e+15	8.93e-01	1.07e-01	2.86e-06	0.00e+00	0.00e+00	0.00e+00	0.00e+00	0.00e+00
 6.14121e+15	8.99e-01	1.01e-01	2.61e-06	0.00e+00	0.00e+00	0.00e+00	0.00e+00	0.00e+00
 6.15511e+15	9.05e-01	9.49e-02	2.38e-06	0.00e+00	0.00e+00	0.00e+00	0.00e+00	0.00e+00
 6.16871e+15	9.10e-01	8.96e-02	2.18e-06	0.00e+00	0.00e+00	0.00e+00	0.00e+00	0.00e+00
 6.18213e+15	9.16e-01	8.45e-02	2.00e-06	0.00e+00	0.00e+00	0.00e+00	0.00e+00	0.00e+00
 6.19534e+15	9.20e-01	7.97e-02	1.83e-06	0.00e+00	0.00e+00	0.00e+00	0.00e+00	0.00e+00
 6.20836e+15	9.25e-01	7.51e-02	1.68e-06	0.00e+00	0.00e+00	0.00e+00	0.00e+00	0.00e+00
 6.22125e+15	9.29e-01	7.08e-02	1.54e-06	0.00e+00	0.00e+00	0.00e+00	0.00e+00	0.00e+00
 6.23399e+15	9.33e-01	6.68e-02	1.42e-06	0.00e+00	0.00e+00	0.00e+00	0.00e+00	0.00e+00
 6.24654e+15	9.37e-01	6.30e-02	1.30e-06	0.00e+00	0.00e+00	0.00e+00	0.00e+00	0.00e+00
 6.25881e+15	9.40e-01	5.96e-02	1.20e-06	0.00e+00	0.00e+00	0.00e+00	0.00e+00	0.00e+00
 6.27085e+15	9.44e-01	5.63e-02	1.10e-06	0.00e+00	0.00e+00	0.00e+00	0.00e+00	0.00e+00
 6.28283e+15	9.47e-01	5.32e-02	1.02e-06	0.00e+00	0.00e+00	0.00e+00	0.00e+00	0.00e+00
 6.29476e+15	9.50e-01	5.03e-02	9.40e-07	0.00e+00	0.00e+00	0.00e+00	0.00e+00	0.00e+00
 6.30654e+15	9.52e-01	4.76e-02	8.68e-07	0.00e+00	0.00e+00	0.00e+00	0.00e+00	0.00e+00
 6.31817e+15	9.55e-01	4.51e-02	8.03e-07	0.00e+00	0.00e+00	0.00e+00	0.00e+00	0.00e+00
 6.32966e+15	9.57e-01	4.27e-02	7.43e-07	0.00e+00	0.00e+00	0.00e+00	0.00e+00	0.00e+00
 6.34104e+15	9.60e-01	4.04e-02	6.88e-07	0.00e+00	0.00e+00	0.00e+00	0.00e+00	0.00e+00
 6.35233e+15	9.62e-01	3.83e-02	6.38e-07	0.00e+00	0.00e+00	0.00e+00	0.00e+00	0.00e+00
 6.36351e+15	9.64e-01	3.64e-02	5.92e-07	0.00e+00	0.00e+00	0.00e+00	0.00e+00	0.00e+00
 6.37461e+15	9.65e-01	3.45e-02	5.50e-07	0.00e+00	0.00e+00	0.00e+00	0.00e+00	0.00e+00
 6.38563e+15	9.67e-01	3.28e-02	5.11e-07	0.00e+00	0.00e+00	0.00e+00	0.00e+00	0.00e+00
 6.39660e+15	9.69e-01	3.11e-02	4.75e-07	0.00e+00	0.00e+00	0.00e+00	0.00e+00	0.00e+00
 6.40752e+15	9.70e-01	2.96e-02	4.42e-07	0.00e+00	0.00e+00	0.00e+00	0.00e+00	0.00e+00
 6.41840e+15	9.72e-01	2.81e-02	4.12e-07	0.00e+00	0.00e+00	0.00e+00	0.00e+00	0.00e+00
 6.42928e+15	9.73e-01	2.68e-02	3.84e-07	0.00e+00	0.00e+00	0.00e+00	0.00e+00	0.00e+00
 6.44016e+15	9.75e-01	2.55e-02	3.57e-07	0.00e+00	0.00e+00	0.00e+00	0.00e+00	0.00e+00
 6.45120e+15	9.76e-01	2.42e-02	3.33e-07	0.00e+00	0.00e+00	0.00e+00	0.00e+00	0.00e+00
 6.46250e+15	9.77e-01	2.30e-02	3.10e-07	0.00e+00	0.00e+00	0.00e+00	0.00e+00	0.00e+00
 6.47397e+15	9.78e-01	2.18e-02	2.88e-07	0.00e+00	0.00e+00	0.00e+00	0.00e+00	0.00e+00
 6.48556e+15	9.79e-01	2.07e-02	2.68e-07	0.00e+00	0.00e+00	0.00e+00	0.00e+00	0.00e+00
 6.49733e+15	9.80e-01	1.97e-02	2.49e-07	0.00e+00	0.00e+00	0.00e+00	0.00e+00	0.00e+00
 6.50938e+15	9.81e-01	1.87e-02	2.31e-07	0.00e+00	0.00e+00	0.00e+00	0.00e+00	0.00e+00
 6.52181e+15	9.82e-01	1.77e-02	2.14e-07	0.00e+00	0.00e+00	0.00e+00	0.00e+00	0.00e+00
 6.53473e+15	9.83e-01	1.68e-02	1.98e-07	0.00e+00	0.00e+00	0.00e+00	0.00e+00	0.00e+00
 6.54829e+15	9.84e-01	1.59e-02	1.82e-07	0.00e+00	0.00e+00	0.00e+00	0.00e+00	0.00e+00
 6.56271e+15	9.85e-01	1.49e-02	1.68e-07	0.00e+00	0.00e+00	0.00e+00	0.00e+00	0.00e+00
 6.57832e+15	9.86e-01	1.40e-02	1.53e-07	0.00e+00	0.00e+00	0.00e+00	0.00e+00	0.00e+00
 6.59564e+15	9.87e-01	1.31e-02	1.38e-07	0.00e+00	0.00e+00	0.00e+00	0.00e+00	0.00e+00
 6.61550e+15	9.88e-01	1.21e-02	1.23e-07	0.00e+00	0.00e+00	0.00e+00	0.00e+00	0.00e+00
 6.63755e+15	9.89e-01	1.11e-02	1.10e-07	0.00e+00	0.00e+00	0.00e+00	0.00e+00	0.00e+00
 6.65925e+15	9.90e-01	1.03e-02	9.79e-08	0.00e+00	0.00e+00	0.00e+00	0.00e+00	0.00e+00
 6.67899e+15	9.90e-01	9.67e-03	8.87e-08	0.00e+00	0.00e+00	0.00e+00	0.00e+00	0.00e+00
 6.69696e+15	9.91e-01	9.13e-03	8.13e-08	0.00e+00	0.00e+00	0.00e+00	0.00e+00	0.00e+00
 6.71330e+15	9.91e-01	8.67e-03	7.52e-08	0.00e+00	0.00e+00	0.00e+00	0.00e+00	0.00e+00
 6.72818e+15	9.92e-01	8.29e-03	7.02e-08	0.00e+00	0.00e+00	0.00e+00	0.00e+00	0.00e+00
 6.74172e+15	9.92e-01	7.97e-03	6.60e-08	0.00e+00	0.00e+00	0.00e+00	0.00e+00	0.00e+00
 6.75404e+15	9.92e-01	7.69e-03	6.24e-08	0.00e+00	0.00e+00	0.00e+00	0.00e+00	0.00e+00
 6.76525e+15	9.93e-01	7.46e-03	5.95e-08	0.00e+00	0.00e+00	0.00e+00	0.00e+00	0.00e+00
 6.77754e+15	9.93e-01	7.21e-03	5.64e-08	0.00e+00	0.00e+00	0.00e+00	0.00e+00	0.00e+00
 6.79351e+15	9.93e-01	6.89e-03	5.24e-08	0.00e+00	0.00e+00	0.00e+00	0.00e+00	0.00e+00
 6.81075e+15	9.93e-01	6.59e-03	4.88e-08	0.00e+00	0.00e+00	0.00e+00	0.00e+00	0.00e+00
 6.82644e+15	9.94e-01	6.34e-03	4.59e-08	0.00e+00	0.00e+00	0.00e+00	0.00e+00	0.00e+00
 6.84071e+15	9.94e-01	6.14e-03	4.34e-08	0.00e+00	0.00e+00	0.00e+00	0.00e+00	0.00e+00
 6.85371e+15	9.94e-01	5.96e-03	4.14e-08	0.00e+00	0.00e+00	0.00e+00	0.00e+00	0.00e+00
 6.86553e+15	9.94e-01	5.82e-03	3.97e-08	0.00e+00	0.00e+00	0.00e+00	0.00e+00	0.00e+00
 6.87629e+15	9.94e-01	5.69e-03	3.82e-08	0.00e+00	0.00e+00	0.00e+00	0.00e+00	0.00e+00
 6.88608e+15	9.94e-01	5.59e-03	3.69e-08	0.00e+00	0.00e+00	0.00e+00	0.00e+00	0.00e+00
 6.89681e+15	9.95e-01	5.47e-03	3.56e-08	0.00e+00	0.00e+00	0.00e+00	0.00e+00	0.00e+00
 6.90839e+15	9.95e-01	5.35e-03	3.42e-08	0.00e+00	0.00e+00	0.00e+00	0.00e+00	0.00e+00
 6.91893e+15	9.95e-01	5.26e-03	3.31e-08	0.00e+00	0.00e+00	0.00e+00	0.00e+00	0.00e+00
 6.92852e+15	9.95e-01	5.17e-03	3.21e-08	0.00e+00	0.00e+00	0.00e+00	0.00e+00	0.00e+00
