#depth	C	C+	C+2	C+3	C+4	C+5	C+6	C[1]	C[2]	C[3]	C+[1]	C+[2]	CO
 3.74085e+09	1.05e-34	1.21e-25	1.91e-17	6.44e-10	7.35e-02	9.20e-01	7.02e-03	0.00e+00	0.00e+00	0.00e+00	0.00e+00	0.00e+00	6.78e-98
 2.24451e+10	1.38e-34	1.51e-25	2.26e-17	7.21e-10	7.76e-02	9.16e-01	6.61e-03	0.00e+00	0.00e+00	0.00e+00	0.00e+00	0.00e+00	1.52e-114
 5.31200e+10	2.13e-34	2.15e-25	2.96e-17	8.63e-10	8.46e-02	9.09e-01	5.99e-03	0.00e+00	0.00e+00	0.00e+00	0.00e+00	0.00e+00	3.36e-97
 8.51716e+10	3.29e-34	3.06e-25	3.87e-17	1.03e-09	9.23e-02	9.02e-01	5.43e-03	0.00e+00	0.00e+00	0.00e+00	0.00e+00	0.00e+00	1.53e-113
 1.14681e+11	4.82e-34	4.17e-25	4.90e-17	1.21e-09	9.96e-02	8.95e-01	4.97e-03	0.00e+00	0.00e+00	0.00e+00	0.00e+00	0.00e+00	2.12e-96
 1.40149e+11	6.64e-34	5.40e-25	5.97e-17	1.38e-09	1.06e-01	8.89e-01	4.61e-03	0.00e+00	0.00e+00	0.00e+00	0.00e+00	0.00e+00	9.97e-113
 1.68435e+11	9.35e-34	7.12e-25	7.38e-17	1.59e-09	1.14e-01	8.82e-01	4.26e-03	0.00e+00	0.00e+00	0.00e+00	0.00e+00	0.00e+00	9.40e-96
 2.03074e+11	1.40e-33	9.89e-25	9.48e-17	1.88e-09	1.23e-01	8.73e-01	3.86e-03	0.00e+00	0.00e+00	0.00e+00	0.00e+00	0.00e+00	7.33e-112
 2.38767e+11	2.09e-33	1.37e-24	1.22e-16	2.22e-09	1.33e-01	8.63e-01	3.51e-03	0.00e+00	0.00e+00	0.00e+00	0.00e+00	0.00e+00	5.84e-95
 2.71657e+11	2.98e-33	1.82e-24	1.51e-16	2.57e-09	1.43e-01	8.54e-01	3.22e-03	0.00e+00	0.00e+00	0.00e+00	0.00e+00	0.00e+00	5.57e-111
 3.08107e+11	4.35e-33	2.48e-24	1.91e-16	3.01e-09	1.53e-01	8.44e-01	2.93e-03	0.00e+00	0.00e+00	0.00e+00	0.00e+00	0.00e+00	3.05e-94
 3.50246e+11	6.62e-33	3.48e-24	2.48e-16	3.57e-09	1.66e-01	8.31e-01	2.64e-03	0.00e+00	0.00e+00	0.00e+00	0.00e+00	0.00e+00	4.77e-110
 3.91266e+11	9.78e-33	4.78e-24	3.16e-16	4.20e-09	1.79e-01	8.18e-01	2.39e-03	0.00e+00	0.00e+00	0.00e+00	0.00e+00	0.00e+00	1.94e-93
 4.29973e+11	1.39e-32	6.36e-24	3.93e-16	4.85e-09	1.92e-01	8.06e-01	2.18e-03	0.00e+00	0.00e+00	0.00e+00	0.00e+00	0.00e+00	3.58e-109
 4.73145e+11	2.03e-32	8.65e-24	4.96e-16	5.66e-09	2.06e-01	7.92e-01	1.97e-03	0.00e+00	0.00e+00	0.00e+00	0.00e+00	0.00e+00	1.03e-92
 5.21997e+11	3.07e-32	1.21e-23	6.40e-16	6.70e-09	2.22e-01	7.76e-01	1.76e-03	0.00e+00	0.00e+00	0.00e+00	0.00e+00	0.00e+00	3.10e-108
 5.70602e+11	4.54e-32	1.66e-23	8.15e-16	7.86e-09	2.38e-01	7.60e-01	1.59e-03	0.00e+00	0.00e+00	0.00e+00	0.00e+00	0.00e+00	6.58e-92
 6.21151e+11	6.69e-32	2.27e-23	1.04e-15	9.20e-09	2.56e-01	7.43e-01	1.42e-03	0.00e+00	0.00e+00	0.00e+00	0.00e+00	0.00e+00	2.64e-107
 6.70799e+11	9.67e-32	3.06e-23	1.30e-15	1.07e-08	2.73e-01	7.26e-01	1.28e-03	0.00e+00	0.00e+00	0.00e+00	0.00e+00	0.00e+00	3.79e-91
 7.14192e+11	1.31e-31	3.93e-23	1.57e-15	1.21e-08	2.88e-01	7.10e-01	1.17e-03	0.00e+00	0.00e+00	0.00e+00	0.00e+00	0.00e+00	1.71e-106
 7.61561e+11	1.81e-31	5.10e-23	1.91e-15	1.38e-08	3.05e-01	6.94e-01	1.06e-03	0.00e+00	0.00e+00	0.00e+00	0.00e+00	0.00e+00	1.64e-90
 8.14525e+11	2.57e-31	6.77e-23	2.37e-15	1.58e-08	3.24e-01	6.75e-01	9.57e-04	0.00e+00	0.00e+00	0.00e+00	0.00e+00	0.00e+00	1.12e-105
 8.64351e+11	3.53e-31	8.74e-23	2.88e-15	1.80e-08	3.41e-01	6.58e-01	8.68e-04	0.00e+00	0.00e+00	0.00e+00	0.00e+00	0.00e+00	7.83e-90
 9.18715e+11	4.90e-31	1.14e-22	3.52e-15	2.04e-08	3.60e-01	6.39e-01	7.82e-04	0.00e+00	0.00e+00	0.00e+00	0.00e+00	0.00e+00	6.87e-105
 9.80012e+11	7.02e-31	1.52e-22	4.39e-15	2.36e-08	3.82e-01	6.18e-01	6.96e-04	0.00e+00	0.00e+00	0.00e+00	0.00e+00	0.00e+00	3.99e-89
 1.03831e+12	9.72e-31	1.98e-22	5.35e-15	2.68e-08	4.02e-01	5.98e-01	6.25e-04	0.00e+00	0.00e+00	0.00e+00	0.00e+00	0.00e+00	4.82e-104
 1.10207e+12	1.37e-30	2.61e-22	6.58e-15	3.05e-08	4.23e-01	5.76e-01	5.57e-04	0.00e+00	0.00e+00	0.00e+00	0.00e+00	0.00e+00	1.96e-88
 1.17371e+12	1.97e-30	3.52e-22	8.23e-15	3.52e-08	4.47e-01	5.53e-01	4.90e-04	0.00e+00	0.00e+00	0.00e+00	0.00e+00	0.00e+00	3.71e-103
 1.24186e+12	2.75e-30	4.60e-22	1.01e-14	4.00e-08	4.69e-01	5.31e-01	4.35e-04	0.00e+00	0.00e+00	0.00e+00	0.00e+00	0.00e+00	1.07e-87
 1.30346e+12	3.68e-30	5.81e-22	1.20e-14	4.47e-08	4.88e-01	5.11e-01	3.92e-04	0.00e+00	0.00e+00	0.00e+00	0.00e+00	0.00e+00	2.26e-102
 1.37027e+12	4.97e-30	7.40e-22	1.44e-14	5.00e-08	5.08e-01	4.91e-01	3.51e-04	0.00e+00	0.00e+00	0.00e+00	0.00e+00	0.00e+00	4.50e-87
 1.45115e+12	7.04e-30	9.81e-22	1.77e-14	5.70e-08	5.32e-01	4.67e-01	3.07e-04	0.00e+00	0.00e+00	0.00e+00	0.00e+00	0.00e+00	1.55e-101
 1.53120e+12	9.80e-30	1.28e-21	2.16e-14	6.45e-08	5.55e-01	4.44e-01	2.70e-04	0.00e+00	0.00e+00	0.00e+00	0.00e+00	0.00e+00	2.46e-86
 1.60131e+12	1.29e-29	1.60e-21	2.54e-14	7.13e-08	5.74e-01	4.26e-01	2.42e-04	0.00e+00	0.00e+00	0.00e+00	0.00e+00	0.00e+00	9.46e-101
 1.67765e+12	1.73e-29	2.02e-21	3.02e-14	7.91e-08	5.94e-01	4.06e-01	2.15e-04	0.00e+00	0.00e+00	0.00e+00	0.00e+00	0.00e+00	1.01e-85
 1.77018e+12	2.42e-29	2.65e-21	3.69e-14	8.94e-08	6.17e-01	3.83e-01	1.87e-04	0.00e+00	0.00e+00	0.00e+00	0.00e+00	0.00e+00	6.36e-100
 1.86373e+12	3.35e-29	3.44e-21	4.47e-14	1.00e-07	6.39e-01	3.61e-01	1.62e-04	0.00e+00	0.00e+00	0.00e+00	0.00e+00	0.00e+00	5.47e-85
 1.94839e+12	4.44e-29	4.31e-21	5.27e-14	1.11e-07	6.57e-01	3.43e-01	1.44e-04	0.00e+00	0.00e+00	0.00e+00	0.00e+00	0.00e+00	4.07e-99
 2.04152e+12	5.97e-29	5.47e-21	6.26e-14	1.23e-07	6.76e-01	3.24e-01	1.26e-04	0.00e+00	0.00e+00	0.00e+00	0.00e+00	0.00e+00	2.41e-84
 2.15101e+12	8.37e-29	7.16e-21	7.62e-14	1.38e-07	6.97e-01	3.03e-01	1.09e-04	0.00e+00	0.00e+00	0.00e+00	0.00e+00	0.00e+00	2.87e-98
 2.25924e+12	1.15e-28	9.22e-21	9.15e-14	1.53e-07	7.16e-01	2.84e-01	9.40e-05	0.00e+00	0.00e+00	0.00e+00	0.00e+00	0.00e+00	1.29e-83
 2.36055e+12	1.52e-28	1.16e-20	1.08e-13	1.69e-07	7.33e-01	2.67e-01	8.24e-05	0.00e+00	0.00e+00	0.00e+00	0.00e+00	0.00e+00	1.85e-97
 2.47365e+12	2.06e-28	1.47e-20	1.28e-13	1.87e-07	7.50e-01	2.50e-01	7.14e-05	0.00e+00	0.00e+00	0.00e+00	0.00e+00	0.00e+00	5.98e-83
 2.60252e+12	2.88e-28	1.92e-20	1.55e-13	2.08e-07	7.68e-01	2.32e-01	6.09e-05	0.00e+00	0.00e+00	0.00e+00	0.00e+00	0.00e+00	1.35e-96
 2.73078e+12	3.94e-28	2.47e-20	1.85e-13	2.30e-07	7.84e-01	2.16e-01	5.22e-05	0.00e+00	0.00e+00	0.00e+00	0.00e+00	0.00e+00	3.23e-82
 2.86418e+12	5.39e-28	3.16e-20	2.21e-13	2.55e-07	8.00e-01	2.00e-01	4.48e-05	0.00e+00	0.00e+00	0.00e+00	0.00e+00	0.00e+00	9.75e-96
 3.00867e+12	7.46e-28	4.10e-20	2.66e-13	2.82e-07	8.15e-01	1.85e-01	3.80e-05	0.00e+00	0.00e+00	0.00e+00	0.00e+00	0.00e+00	1.74e-81
 3.15895e+12	1.03e-27	5.29e-20	3.18e-13	3.13e-07	8.29e-01	1.71e-01	3.23e-05	0.00e+00	0.00e+00	0.00e+00	0.00e+00	0.00e+00	7.62e-95
 3.31523e+12	1.42e-27	6.83e-20	3.81e-13	3.45e-07	8.42e-01	1.58e-01	2.74e-05	0.00e+00	0.00e+00	0.00e+00	0.00e+00	0.00e+00	9.62e-81
 3.46868e+12	1.93e-27	8.68e-20	4.51e-13	3.79e-07	8.54e-01	1.46e-01	2.34e-05	0.00e+00	0.00e+00	0.00e+00	0.00e+00	0.00e+00	2.15e-80
 3.61087e+12	2.53e-27	1.07e-19	5.24e-13	4.12e-07	8.64e-01	1.36e-01	2.04e-05	0.00e+00	0.00e+00	0.00e+00	0.00e+00	0.00e+00	4.42e-80
 3.76784e+12	3.37e-27	1.35e-19	6.14e-13	4.49e-07	8.74e-01	1.26e-01	1.76e-05	0.00e+00	0.00e+00	0.00e+00	0.00e+00	0.00e+00	9.51e-80
 3.93096e+12	4.53e-27	1.69e-19	7.21e-13	4.90e-07	8.83e-01	1.17e-01	1.51e-05	0.00e+00	0.00e+00	0.00e+00	0.00e+00	0.00e+00	2.06e-79
 4.06993e+12	5.75e-27	2.03e-19	8.20e-13	5.26e-07	8.90e-01	1.10e-01	1.33e-05	0.00e+00	0.00e+00	0.00e+00	0.00e+00	0.00e+00	3.86e-79
 4.21803e+12	7.34e-27	2.46e-19	9.37e-13	5.65e-07	8.97e-01	1.03e-01	1.17e-05	0.00e+00	0.00e+00	0.00e+00	0.00e+00	0.00e+00	7.41e-79
 4.40274e+12	9.79e-27	3.10e-19	1.10e-12	6.16e-07	9.05e-01	9.51e-02	9.98e-06	0.00e+00	0.00e+00	0.00e+00	0.00e+00	0.00e+00	1.61e-78
 4.59080e+12	1.32e-26	3.89e-19	1.29e-12	6.71e-07	9.12e-01	8.79e-02	8.54e-06	0.00e+00	0.00e+00	0.00e+00	0.00e+00	0.00e+00	3.52e-78
 4.75776e+12	1.69e-26	4.71e-19	1.48e-12	7.21e-07	9.18e-01	8.22e-02	7.48e-06	0.00e+00	0.00e+00	0.00e+00	0.00e+00	0.00e+00	6.79e-78
 4.94154e+12	2.19e-26	5.79e-19	1.70e-12	7.78e-07	9.23e-01	7.65e-02	6.50e-06	0.00e+00	0.00e+00	0.00e+00	0.00e+00	0.00e+00	1.37e-77
 5.14419e+12	2.93e-26	7.20e-19	1.98e-12	8.45e-07	9.29e-01	7.08e-02	5.57e-06	0.00e+00	0.00e+00	0.00e+00	0.00e+00	0.00e+00	2.91e-77
 5.33069e+12	3.73e-26	8.74e-19	2.27e-12	9.08e-07	9.34e-01	6.61e-02	4.87e-06	0.00e+00	0.00e+00	0.00e+00	0.00e+00	0.00e+00	5.61e-77
 5.53245e+12	4.87e-26	1.07e-18	2.62e-12	9.79e-07	9.38e-01	6.15e-02	4.23e-06	0.00e+00	0.00e+00	0.00e+00	0.00e+00	0.00e+00	1.13e-76
 5.75855e+12	6.48e-26	1.33e-18	3.05e-12	1.06e-06	9.43e-01	5.68e-02	3.62e-06	0.00e+00	0.00e+00	0.00e+00	0.00e+00	0.00e+00	2.40e-76
 5.96980e+12	8.35e-26	1.63e-18	3.51e-12	1.14e-06	9.47e-01	5.29e-02	3.14e-06	0.00e+00	0.00e+00	0.00e+00	0.00e+00	0.00e+00	4.71e-76
 6.16770e+12	1.04e-25	1.95e-18	3.97e-12	1.22e-06	9.50e-01	4.96e-02	2.77e-06	0.00e+00	0.00e+00	0.00e+00	0.00e+00	0.00e+00	8.67e-76
 6.39468e+12	1.36e-25	2.37e-18	4.57e-12	1.32e-06	9.54e-01	4.61e-02	2.40e-06	0.00e+00	0.00e+00	0.00e+00	0.00e+00	0.00e+00	1.72e-75
 6.66840e+12	1.83e-25	2.99e-18	5.37e-12	1.43e-06	9.58e-01	4.24e-02	2.04e-06	0.00e+00	0.00e+00	0.00e+00	0.00e+00	0.00e+00	3.78e-75
 6.93832e+12	2.43e-25	3.73e-18	6.27e-12	1.56e-06	9.61e-01	3.91e-02	1.74e-06	0.00e+00	0.00e+00	0.00e+00	0.00e+00	0.00e+00	8.03e-75
 7.17590e+12	3.09e-25	4.50e-18	7.15e-12	1.67e-06	9.63e-01	3.65e-02	1.52e-06	0.00e+00	0.00e+00	0.00e+00	0.00e+00	0.00e+00	1.52e-74
 7.43599e+12	3.98e-25	5.48e-18	8.20e-12	1.79e-06	9.66e-01	3.40e-02	1.32e-06	0.00e+00	0.00e+00	0.00e+00	0.00e+00	0.00e+00	2.99e-74
 7.74962e+12	5.35e-25	6.90e-18	9.64e-12	1.95e-06	9.69e-01	3.13e-02	1.12e-06	0.00e+00	0.00e+00	0.00e+00	0.00e+00	0.00e+00	6.57e-74
 8.06660e+12	7.05e-25	8.62e-18	1.13e-11	2.12e-06	9.71e-01	2.88e-02	9.51e-07	0.00e+00	0.00e+00	0.00e+00	0.00e+00	0.00e+00	1.40e-73
 8.35901e+12	9.23e-25	1.05e-17	1.29e-11	2.28e-06	9.73e-01	2.68e-02	0.00e+00	0.00e+00	0.00e+00	0.00e+00	0.00e+00	0.00e+00	2.80e-73
 8.68575e+12	1.21e-24	1.30e-17	1.50e-11	2.47e-06	9.75e-01	2.48e-02	0.00e+00	0.00e+00	0.00e+00	0.00e+00	0.00e+00	0.00e+00	5.87e-73
 9.06280e+12	1.65e-24	1.65e-17	1.77e-11	2.69e-06	9.77e-01	2.27e-02	0.00e+00	0.00e+00	0.00e+00	0.00e+00	0.00e+00	0.00e+00	1.34e-72
 9.43533e+12	2.21e-24	2.07e-17	2.07e-11	2.92e-06	9.79e-01	2.10e-02	0.00e+00	0.00e+00	0.00e+00	0.00e+00	0.00e+00	0.00e+00	2.94e-72
 9.82276e+12	2.96e-24	2.60e-17	2.42e-11	3.16e-06	9.81e-01	1.93e-02	0.00e+00	0.00e+00	0.00e+00	0.00e+00	0.00e+00	0.00e+00	6.45e-72
 1.02260e+13	3.92e-24	3.26e-17	2.83e-11	3.43e-06	9.82e-01	1.78e-02	0.00e+00	0.00e+00	0.00e+00	0.00e+00	0.00e+00	0.00e+00	1.41e-71
 1.06045e+13	5.12e-24	4.00e-17	3.26e-11	3.69e-06	9.83e-01	1.66e-02	0.00e+00	0.00e+00	0.00e+00	0.00e+00	0.00e+00	0.00e+00	2.90e-71
 1.10178e+13	6.83e-24	4.95e-17	3.78e-11	3.99e-06	9.85e-01	1.53e-02	0.00e+00	0.00e+00	0.00e+00	0.00e+00	1.58e-17	3.36e-17	6.22e-71
 1.14884e+13	9.28e-24	6.28e-17	4.45e-11	4.34e-06	9.86e-01	1.41e-02	0.00e+00	0.00e+00	0.00e+00	0.00e+00	2.08e-17	4.18e-17	1.43e-70
 1.19013e+13	1.20e-23	7.67e-17	5.11e-11	4.65e-06	9.87e-01	1.31e-02	0.00e+00	0.00e+00	0.00e+00	0.00e+00	2.54e-17	5.11e-17	2.89e-70
 1.22283e+13	1.47e-23	8.93e-17	5.67e-11	4.91e-06	9.88e-01	1.24e-02	0.00e+00	0.00e+00	0.00e+00	0.00e+00	2.96e-17	5.96e-17	4.96e-70
 1.25825e+13	1.81e-23	1.05e-16	6.33e-11	5.20e-06	9.88e-01	1.17e-02	0.00e+00	0.00e+00	0.00e+00	0.00e+00	3.48e-17	7.00e-17	8.78e-70
 1.30430e+13	2.33e-23	1.29e-16	7.28e-11	5.59e-06	9.89e-01	1.09e-02	0.00e+00	0.00e+00	0.00e+00	0.00e+00	4.26e-17	8.58e-17	1.79e-69
 1.35419e+13	3.05e-23	1.59e-16	8.43e-11	6.03e-06	9.90e-01	1.01e-02	0.00e+00	0.00e+00	0.00e+00	0.00e+00	5.28e-17	1.06e-16	3.78e-69
 1.39944e+13	3.92e-23	1.92e-16	9.58e-11	6.43e-06	9.91e-01	9.48e-03	0.00e+00	0.00e+00	0.00e+00	0.00e+00	6.37e-17	1.28e-16	8.13e-69
 1.44864e+13	5.08e-23	2.34e-16	1.10e-10	6.89e-06	9.91e-01	8.83e-03	0.00e+00	0.00e+00	0.00e+00	0.00e+00	7.74e-17	1.56e-16	1.48e-68
 1.50747e+13	6.73e-23	2.94e-16	1.28e-10	7.46e-06	9.92e-01	8.15e-03	0.00e+00	0.00e+00	0.00e+00	0.00e+00	9.72e-17	1.96e-16	3.30e-68
 1.56646e+13	9.06e-23	3.66e-16	1.49e-10	8.07e-06	9.92e-01	7.53e-03	0.00e+00	0.00e+00	0.00e+00	0.00e+00	1.21e-16	2.44e-16	7.18e-68
 1.62103e+13	1.17e-22	4.44e-16	1.70e-10	8.64e-06	9.93e-01	7.03e-03	0.00e+00	0.00e+00	0.00e+00	0.00e+00	1.47e-16	2.96e-16	1.44e-67
 1.67368e+13	1.46e-22	5.34e-16	1.93e-10	9.21e-06	9.93e-01	6.59e-03	0.00e+00	0.00e+00	0.00e+00	0.00e+00	1.77e-16	3.56e-16	2.74e-67
 1.73358e+13	1.91e-22	6.52e-16	2.21e-10	9.88e-06	9.94e-01	6.14e-03	0.00e+00	0.00e+00	0.00e+00	0.00e+00	2.16e-16	4.35e-16	5.59e-67
 1.79986e+13	2.52e-22	8.09e-16	2.57e-10	1.07e-05	9.94e-01	5.68e-03	0.00e+00	0.00e+00	0.00e+00	0.00e+00	2.68e-16	5.39e-16	1.19e-66
 1.86080e+13	3.23e-22	9.79e-16	2.92e-10	1.14e-05	9.95e-01	5.31e-03	0.00e+00	0.00e+00	0.00e+00	0.00e+00	3.24e-16	6.53e-16	2.35e-66
 1.92640e+13	4.13e-22	1.20e-15	3.35e-10	1.22e-05	9.95e-01	4.95e-03	0.00e+00	0.00e+00	0.00e+00	0.00e+00	3.96e-16	7.97e-16	4.72e-66
 1.99982e+13	5.49e-22	1.48e-15	3.89e-10	1.32e-05	9.95e-01	4.58e-03	0.00e+00	0.00e+00	0.00e+00	0.00e+00	4.90e-16	9.88e-16	1.01e-65
 2.06902e+13	6.99e-22	1.80e-15	4.44e-10	1.41e-05	9.96e-01	4.28e-03	0.00e+00	0.00e+00	0.00e+00	0.00e+00	5.96e-16	1.20e-15	2.02e-65
 2.14459e+13	9.20e-22	2.21e-15	5.12e-10	1.52e-05	9.96e-01	3.97e-03	0.00e+00	0.00e+00	0.00e+00	0.00e+00	7.33e-16	1.48e-15	4.20e-65
 2.22841e+13	1.20e-21	2.76e-15	5.95e-10	1.64e-05	9.96e-01	3.67e-03	0.00e+00	0.00e+00	0.00e+00	0.00e+00	9.14e-16	1.84e-15	9.06e-65
 2.30693e+13	1.58e-21	3.37e-15	6.83e-10	1.76e-05	9.97e-01	3.42e-03	0.00e+00	0.00e+00	0.00e+00	0.00e+00	1.12e-15	2.25e-15	1.86e-64
 2.39273e+13	2.07e-21	4.16e-15	7.88e-10	1.90e-05	9.97e-01	3.17e-03	0.00e+00	0.00e+00	0.00e+00	0.00e+00	1.38e-15	2.78e-15	3.92e-64
 2.48844e+13	2.76e-21	5.22e-15	9.22e-10	2.06e-05	9.97e-01	2.92e-03	0.00e+00	0.00e+00	0.00e+00	0.00e+00	1.73e-15	3.49e-15	8.68e-64
 2.57849e+13	3.60e-21	6.42e-15	1.06e-09	2.21e-05	9.97e-01	2.72e-03	0.00e+00	0.00e+00	0.00e+00	0.00e+00	2.12e-15	4.28e-15	1.81e-63
 2.67514e+13	4.67e-21	7.95e-15	1.23e-09	2.38e-05	9.97e-01	2.52e-03	0.00e+00	0.00e+00	0.00e+00	0.00e+00	2.63e-15	5.30e-15	3.82e-63
 2.78514e+13	6.37e-21	1.00e-14	1.44e-09	2.58e-05	9.98e-01	2.32e-03	0.00e+00	0.00e+00	0.00e+00	0.00e+00	3.32e-15	6.70e-15	8.81e-63
 2.89261e+13	8.43e-21	1.25e-14	1.67e-09	2.79e-05	9.98e-01	2.15e-03	0.00e+00	0.00e+00	0.00e+00	0.00e+00	4.13e-15	8.35e-15	1.92e-62
 3.00437e+13	1.11e-20	1.56e-14	1.94e-09	3.01e-05	9.98e-01	1.99e-03	0.00e+00	0.00e+00	0.00e+00	0.00e+00	5.15e-15	1.04e-14	4.19e-62
 3.12055e+13	1.48e-20	1.94e-14	2.26e-09	3.25e-05	9.98e-01	1.84e-03	0.00e+00	0.00e+00	0.00e+00	0.00e+00	6.42e-15	1.30e-14	9.17e-62
 3.22834e+13	1.90e-20	2.37e-14	2.59e-09	3.48e-05	9.98e-01	1.71e-03	0.00e+00	0.00e+00	0.00e+00	0.00e+00	7.82e-15	1.58e-14	1.85e-61
 3.34744e+13	2.48e-20	2.92e-14	2.98e-09	3.75e-05	9.98e-01	1.59e-03	0.00e+00	0.00e+00	0.00e+00	0.00e+00	9.65e-15	1.95e-14	3.91e-61
 3.47750e+13	3.29e-20	3.65e-14	3.47e-09	4.05e-05	9.98e-01	1.47e-03	0.00e+00	0.00e+00	0.00e+00	0.00e+00	1.21e-14	2.44e-14	8.64e-61
 3.59653e+13	4.22e-20	4.44e-14	3.96e-09	4.33e-05	9.99e-01	1.37e-03	0.00e+00	0.00e+00	0.00e+00	0.00e+00	1.47e-14	2.96e-14	1.74e-60
 3.70132e+13	5.22e-20	5.25e-14	4.44e-09	4.58e-05	9.99e-01	1.29e-03	0.00e+00	0.00e+00	0.00e+00	0.00e+00	1.73e-14	3.50e-14	3.16e-60
 3.81336e+13	6.49e-20	6.24e-14	4.99e-09	4.87e-05	9.99e-01	1.22e-03	0.00e+00	0.00e+00	0.00e+00	0.00e+00	2.06e-14	4.17e-14	5.86e-60
 3.95572e+13	8.50e-20	7.74e-14	5.77e-09	5.24e-05	9.99e-01	1.13e-03	0.00e+00	0.00e+00	0.00e+00	0.00e+00	2.55e-14	5.17e-14	1.26e-59
 4.10013e+13	1.11e-19	9.55e-14	6.65e-09	5.63e-05	9.99e-01	1.05e-03	0.00e+00	0.00e+00	0.00e+00	0.00e+00	3.15e-14	6.38e-14	2.67e-59
 4.22217e+13	1.38e-19	1.13e-13	7.46e-09	5.97e-05	9.99e-01	9.85e-04	0.00e+00	0.00e+00	0.00e+00	0.00e+00	3.73e-14	7.57e-14	4.92e-59
 4.35251e+13	1.72e-19	1.35e-13	8.41e-09	6.34e-05	9.99e-01	9.25e-04	0.00e+00	0.00e+00	0.00e+00	0.00e+00	4.46e-14	9.04e-14	9.28e-59
 4.51619e+13	2.26e-19	1.68e-13	9.74e-09	6.83e-05	9.99e-01	8.57e-04	0.00e+00	0.00e+00	0.00e+00	0.00e+00	5.54e-14	1.12e-13	2.01e-58
 4.68414e+13	2.96e-19	2.08e-13	1.13e-08	7.34e-05	9.99e-01	7.95e-04	0.00e+00	0.00e+00	0.00e+00	0.00e+00	6.86e-14	1.39e-13	4.35e-58
 4.83047e+13	3.71e-19	2.49e-13	1.27e-08	7.81e-05	9.99e-01	7.46e-04	0.00e+00	0.00e+00	0.00e+00	0.00e+00	8.21e-14	1.67e-13	8.27e-58
 4.98779e+13	4.68e-19	3.01e-13	1.44e-08	8.32e-05	9.99e-01	6.98e-04	0.00e+00	0.00e+00	0.00e+00	0.00e+00	9.90e-14	2.01e-13	1.62e-57
 5.17974e+13	6.17e-19	3.75e-13	1.67e-08	8.98e-05	9.99e-01	6.45e-04	0.00e+00	0.00e+00	0.00e+00	0.00e+00	1.24e-13	2.51e-13	3.58e-57
 5.37191e+13	8.07e-19	4.65e-13	1.93e-08	9.66e-05	9.99e-01	5.98e-04	0.00e+00	0.00e+00	0.00e+00	0.00e+00	1.53e-13	3.11e-13	7.72e-57
 5.54178e+13	1.01e-18	5.58e-13	2.19e-08	1.03e-04	9.99e-01	5.60e-04	0.00e+00	0.00e+00	0.00e+00	0.00e+00	1.84e-13	3.73e-13	1.48e-56
 5.72745e+13	1.29e-18	6.78e-13	2.49e-08	1.10e-04	9.99e-01	5.23e-04	0.00e+00	0.00e+00	0.00e+00	0.00e+00	2.23e-13	4.53e-13	2.96e-56
 5.95054e+13	1.69e-18	8.49e-13	2.90e-08	1.19e-04	9.99e-01	4.83e-04	0.00e+00	0.00e+00	0.00e+00	0.00e+00	2.79e-13	5.68e-13	6.57e-56
 6.17273e+13	2.21e-18	1.05e-12	3.36e-08	1.28e-04	9.99e-01	4.47e-04	0.00e+00	0.00e+00	0.00e+00	0.00e+00	3.46e-13	7.06e-13	1.43e-55
 6.37394e+13	2.78e-18	1.27e-12	3.82e-08	1.36e-04	9.99e-01	4.17e-04	0.00e+00	0.00e+00	0.00e+00	0.00e+00	4.18e-13	8.52e-13	2.77e-55
 6.59743e+13	3.56e-18	1.56e-12	4.37e-08	1.46e-04	9.99e-01	3.88e-04	0.00e+00	0.00e+00	0.00e+00	0.00e+00	5.12e-13	1.04e-12	5.72e-55
 6.85971e+13	4.69e-18	1.96e-12	5.12e-08	1.58e-04	9.99e-01	3.57e-04	0.00e+00	0.00e+00	0.00e+00	0.00e+00	6.44e-13	1.32e-12	1.29e-54
 7.11805e+13	6.10e-18	2.44e-12	5.93e-08	1.71e-04	9.99e-01	3.30e-04	0.00e+00	0.00e+00	0.00e+00	0.00e+00	8.01e-13	1.64e-12	2.77e-54
 7.35905e+13	7.71e-18	2.97e-12	6.78e-08	1.82e-04	1.00e+00	3.07e-04	0.00e+00	0.00e+00	0.00e+00	0.00e+00	9.74e-13	1.99e-12	5.52e-54
 7.62874e+13	9.87e-18	3.67e-12	7.83e-08	1.97e-04	1.00e+00	2.84e-04	0.00e+00	0.00e+00	0.00e+00	0.00e+00	1.20e-12	2.46e-12	1.15e-53
 7.93688e+13	1.30e-17	4.64e-12	9.20e-08	2.13e-04	1.00e+00	2.60e-04	0.00e+00	0.00e+00	0.00e+00	0.00e+00	1.52e-12	3.11e-12	2.60e-53
 8.24274e+13	1.68e-17	5.79e-12	1.07e-07	2.31e-04	1.00e+00	2.40e-04	0.00e+00	0.00e+00	0.00e+00	0.00e+00	1.90e-12	3.88e-12	5.67e-53
 8.56083e+13	2.16e-17	7.23e-12	1.25e-07	2.50e-04	1.00e+00	2.20e-04	0.00e+00	0.00e+00	0.00e+00	0.00e+00	2.37e-12	4.85e-12	1.22e-52
 8.84931e+13	2.69e-17	8.79e-12	1.43e-07	2.68e-04	1.00e+00	2.05e-04	0.00e+00	0.00e+00	0.00e+00	0.00e+00	2.87e-12	5.90e-12	2.39e-52
 9.06709e+13	3.15e-17	1.01e-11	1.57e-07	2.82e-04	1.00e+00	1.94e-04	0.00e+00	0.00e+00	0.00e+00	0.00e+00	3.31e-12	6.79e-12	3.88e-52
 9.29392e+13	3.70e-17	1.17e-11	1.74e-07	2.97e-04	1.00e+00	1.84e-04	0.00e+00	0.00e+00	0.00e+00	0.00e+00	3.82e-12	7.85e-12	6.37e-52
 9.58880e+13	4.51e-17	1.41e-11	1.98e-07	3.17e-04	1.00e+00	1.71e-04	0.00e+00	3.55e-18	1.07e-17	1.77e-17	4.59e-12	9.43e-12	1.19e-51
 9.90923e+13	5.56e-17	1.70e-11	2.26e-07	3.40e-04	1.00e+00	1.59e-04	0.00e+00	4.38e-18	1.31e-17	2.19e-17	5.56e-12	1.14e-11	2.29e-51
 1.01991e+14	6.65e-17	2.01e-11	2.55e-07	3.62e-04	9.99e-01	1.49e-04	0.00e+00	5.24e-18	1.57e-17	2.62e-17	6.57e-12	1.35e-11	4.04e-51
 1.05121e+14	8.01e-17	2.40e-11	2.88e-07	3.87e-04	9.99e-01	1.38e-04	0.00e+00	6.32e-18	1.89e-17	3.16e-17	7.83e-12	1.61e-11	7.31e-51
 1.09043e+14	1.01e-16	2.97e-11	3.35e-07	4.19e-04	9.99e-01	1.27e-04	0.00e+00	7.94e-18	2.38e-17	3.97e-17	9.69e-12	1.99e-11	1.51e-50
 1.12994e+14	1.25e-16	3.65e-11	3.88e-07	4.53e-04	9.99e-01	1.17e-04	0.00e+00	9.90e-18	2.97e-17	4.94e-17	1.19e-11	2.45e-11	3.03e-50
 1.16376e+14	1.50e-16	4.33e-11	4.38e-07	4.83e-04	9.99e-01	1.09e-04	0.00e+00	1.18e-17	3.55e-17	5.91e-17	1.41e-11	2.91e-11	5.39e-50
 1.20019e+14	1.79e-16	5.17e-11	4.99e-07	5.18e-04	9.99e-01	1.01e-04	0.00e+00	1.42e-17	4.25e-17	7.08e-17	1.68e-11	3.47e-11	9.72e-50
 1.24534e+14	2.23e-16	6.40e-11	5.81e-07	5.63e-04	9.99e-01	9.29e-05	0.00e+00	1.77e-17	5.30e-17	8.82e-17	2.09e-11	4.30e-11	2.00e-49
 1.29109e+14	2.75e-16	7.87e-11	6.76e-07	6.10e-04	9.99e-01	8.52e-05	0.00e+00	2.18e-17	6.55e-17	1.09e-16	2.57e-11	5.29e-11	4.01e-49
 1.33115e+14	3.27e-16	9.37e-11	7.67e-07	6.54e-04	9.99e-01	7.92e-05	0.00e+00	2.60e-17	7.80e-17	1.30e-16	3.05e-11	6.30e-11	7.20e-49
 1.37456e+14	3.91e-16	1.12e-10	8.78e-07	7.04e-04	9.99e-01	7.31e-05	0.00e+00	3.11e-17	9.32e-17	1.55e-16	3.66e-11	7.55e-11	1.32e-48
 1.42722e+14	4.83e-16	1.39e-10	1.03e-06	7.67e-04	9.99e-01	6.67e-05	0.00e+00	3.85e-17	1.16e-16	1.92e-16	4.54e-11	9.36e-11	2.73e-48
 1.47969e+14	5.90e-16	1.71e-10	1.19e-06	8.33e-04	9.99e-01	6.10e-05	0.00e+00	4.71e-17	1.41e-16	2.35e-16	5.56e-11	1.15e-10	5.42e-48
 1.52638e+14	6.97e-16	2.03e-10	1.36e-06	8.95e-04	9.99e-01	5.65e-05	0.00e+00	5.57e-17	1.67e-16	2.78e-16	6.62e-11	1.37e-10	9.74e-48
 1.57778e+14	7.89e-16	2.45e-10	1.56e-06	9.66e-04	9.99e-01	5.20e-05	0.00e+00	6.32e-17	1.89e-16	3.15e-16	7.98e-11	1.65e-10	1.80e-47
 1.63912e+14	9.80e-16	3.03e-10	1.83e-06	1.06e-03	9.99e-01	4.73e-05	0.00e+00	7.86e-17	2.36e-16	3.92e-16	9.87e-11	2.04e-10	3.73e-47
 1.69998e+14	1.20e-15	3.71e-10	2.13e-06	1.15e-03	9.99e-01	4.31e-05	0.00e+00	9.63e-17	2.89e-16	4.81e-16	1.21e-10	2.49e-10	7.48e-47
 1.75553e+14	1.42e-15	4.43e-10	2.43e-06	1.24e-03	9.99e-01	3.97e-05	0.00e+00	1.15e-16	3.43e-16	5.72e-16	1.44e-10	2.97e-10	1.38e-46
 1.81760e+14	1.72e-15	5.36e-10	2.81e-06	1.34e-03	9.99e-01	3.64e-05	0.00e+00	1.38e-16	4.15e-16	6.91e-16	1.75e-10	3.60e-10	2.68e-46
 1.88989e+14	2.12e-15	6.64e-10	3.31e-06	1.47e-03	9.98e-01	3.29e-05	0.00e+00	1.72e-16	5.14e-16	8.56e-16	2.16e-10	4.46e-10	5.65e-46
 1.96092e+14	2.57e-15	8.10e-10	3.86e-06	1.61e-03	9.98e-01	2.99e-05	0.00e+00	2.08e-16	6.24e-16	1.04e-15	2.64e-10	5.44e-10	1.13e-45
 2.02811e+14	3.08e-15	9.74e-10	4.44e-06	1.74e-03	9.98e-01	2.75e-05	0.00e+00	2.49e-16	7.47e-16	1.24e-15	3.18e-10	6.54e-10	2.16e-45
 2.10285e+14	3.72e-15	1.18e-09	5.16e-06	1.90e-03	9.98e-01	2.50e-05	0.00e+00	3.02e-16	9.06e-16	1.51e-15	3.87e-10	7.96e-10	4.33e-45
 2.17433e+14	4.44e-15	1.42e-09	5.93e-06	2.05e-03	9.98e-01	2.29e-05	0.00e+00	3.61e-16	1.08e-15	1.80e-15	4.62e-10	9.51e-10	8.13e-45
 2.22880e+14	5.03e-15	1.61e-09	6.56e-06	2.18e-03	9.98e-01	2.15e-05	0.00e+00	4.10e-16	1.23e-15	2.05e-15	5.27e-10	1.08e-09	1.30e-44
 2.28485e+14	5.73e-15	1.84e-09	7.27e-06	2.31e-03	9.98e-01	2.02e-05	0.00e+00	4.68e-16	1.40e-15	2.33e-15	6.02e-10	1.24e-09	2.09e-44
 2.35771e+14	6.76e-15	2.18e-09	8.29e-06	2.49e-03	9.97e-01	1.86e-05	0.00e+00	5.52e-16	1.66e-15	2.76e-15	7.12e-10	1.46e-09	3.81e-44
 2.43561e+14	8.04e-15	2.59e-09	9.48e-06	2.69e-03	9.97e-01	1.71e-05	0.00e+00	6.58e-16	1.97e-15	3.28e-15	8.47e-10	1.74e-09	7.10e-44
 2.50460e+14	9.28e-15	3.00e-09	1.06e-05	2.87e-03	9.97e-01	1.59e-05	0.00e+00	7.61e-16	2.28e-15	3.80e-15	9.80e-10	2.01e-09	1.19e-43
 2.57882e+14	1.08e-14	3.50e-09	1.20e-05	3.08e-03	9.97e-01	1.47e-05	0.00e+00	8.87e-16	2.66e-15	4.43e-15	1.14e-09	2.35e-09	2.09e-43
 2.67334e+14	1.31e-14	4.23e-09	1.39e-05	3.35e-03	9.97e-01	1.34e-05	0.00e+00	1.08e-15	3.23e-15	5.37e-15	1.38e-09	2.84e-09	4.16e-43
 2.76933e+14	1.57e-14	5.07e-09	1.61e-05	3.65e-03	9.96e-01	1.23e-05	0.00e+00	1.29e-15	3.88e-15	6.46e-15	1.66e-09	3.40e-09	8.03e-43
 2.85051e+14	1.83e-14	5.90e-09	1.81e-05	3.91e-03	9.96e-01	1.14e-05	0.00e+00	1.51e-15	4.53e-15	7.53e-15	1.93e-09	3.96e-09	1.41e-42
 2.93737e+14	2.15e-14	6.94e-09	2.05e-05	4.20e-03	9.96e-01	1.05e-05	0.00e+00	1.78e-15	5.34e-15	8.88e-15	2.28e-09	4.65e-09	2.56e-42
 3.04634e+14	2.63e-14	8.44e-09	2.38e-05	4.58e-03	9.95e-01	9.60e-06	0.00e+00	2.18e-15	6.53e-15	1.09e-14	2.77e-09	5.66e-09	5.26e-42
 3.15759e+14	3.19e-14	1.02e-08	2.76e-05	4.99e-03	9.95e-01	8.78e-06	0.00e+00	2.64e-15	7.93e-15	1.32e-14	3.35e-09	6.84e-09	1.06e-41
 3.25304e+14	3.75e-14	1.19e-08	3.12e-05	5.35e-03	9.95e-01	8.14e-06	0.00e+00	3.12e-15	9.35e-15	1.56e-14	3.91e-09	7.99e-09	1.89e-41
 3.35443e+14	4.45e-14	1.41e-08	3.54e-05	5.76e-03	9.94e-01	7.54e-06	0.00e+00	3.70e-15	1.11e-14	1.85e-14	4.63e-09	9.44e-09	3.51e-41
 3.48012e+14	5.52e-14	1.73e-08	4.13e-05	6.30e-03	9.94e-01	6.90e-06	0.00e+00	4.60e-15	1.38e-14	2.30e-14	5.67e-09	1.16e-08	7.41e-41
 3.60507e+14	6.83e-14	2.08e-08	4.78e-05	6.86e-03	9.93e-01	6.35e-06	0.00e+00	5.70e-15	1.71e-14	2.85e-14	6.85e-09	1.39e-08	1.48e-40
 3.71198e+14	8.16e-14	2.43e-08	5.39e-05	7.35e-03	9.93e-01	5.92e-06	0.00e+00	6.83e-15	2.05e-14	3.41e-14	7.98e-09	1.62e-08	2.60e-40
 3.82779e+14	9.92e-14	2.87e-08	6.13e-05	7.92e-03	9.92e-01	5.51e-06	0.00e+00	8.31e-15	2.49e-14	4.15e-14	9.46e-09	1.92e-08	4.86e-40
 3.97126e+14	1.26e-13	3.53e-08	7.18e-05	8.67e-03	9.91e-01	5.08e-06	0.00e+00	1.05e-14	3.16e-14	5.26e-14	1.16e-08	2.37e-08	1.03e-39
 4.11492e+14	1.57e-13	4.28e-08	8.33e-05	9.46e-03	9.90e-01	4.71e-06	0.00e+00	1.32e-14	3.95e-14	6.57e-14	1.41e-08	2.86e-08	2.07e-39
 4.23750e+14	1.89e-13	5.00e-08	9.41e-05	1.02e-02	9.90e-01	4.42e-06	0.00e+00	1.59e-14	4.77e-14	7.94e-14	1.65e-08	3.35e-08	3.61e-39
 4.34230e+14	2.19e-13	5.72e-08	1.05e-04	1.08e-02	9.89e-01	4.21e-06	0.00e+00	1.84e-14	5.53e-14	9.20e-14	1.89e-08	3.83e-08	5.83e-39
 4.45239e+14	2.59e-13	6.59e-08	1.17e-04	1.15e-02	9.88e-01	4.00e-06	0.00e+00	2.18e-14	6.54e-14	1.09e-13	2.17e-08	4.41e-08	9.67e-39
 4.57591e+14	3.12e-13	7.65e-08	1.31e-04	1.23e-02	9.88e-01	3.79e-06	0.00e+00	2.64e-14	7.90e-14	1.31e-13	2.53e-08	5.12e-08	1.65e-38
 4.69308e+14	3.67e-13	8.80e-08	1.46e-04	1.31e-02	9.87e-01	3.61e-06	0.00e+00	3.11e-14	9.31e-14	1.55e-13	2.91e-08	5.89e-08	2.68e-38
 4.80419e+14	4.30e-13	1.00e-07	1.62e-04	1.39e-02	9.86e-01	3.46e-06	0.00e+00	3.64e-14	1.09e-13	1.82e-13	3.32e-08	6.72e-08	4.24e-38
 4.93123e+14	5.18e-13	1.17e-07	1.82e-04	1.49e-02	9.85e-01	3.30e-06	0.00e+00	4.39e-14	1.32e-13	2.19e-13	3.86e-08	7.83e-08	7.22e-38
 5.07154e+14	6.27e-13	1.38e-07	2.07e-04	1.60e-02	9.84e-01	3.15e-06	0.00e+00	5.33e-14	1.60e-13	2.66e-13	4.54e-08	9.20e-08	1.25e-37
 5.20057e+14	7.50e-13	1.59e-07	2.32e-04	1.71e-02	9.83e-01	3.03e-06	0.00e+00	6.37e-14	1.91e-13	3.18e-13	5.25e-08	1.06e-07	2.04e-37
 5.32102e+14	8.84e-13	1.81e-07	2.58e-04	1.82e-02	9.82e-01	2.92e-06	0.00e+00	7.52e-14	2.25e-13	3.75e-13	5.99e-08	1.21e-07	3.18e-37
 5.45886e+14	1.08e-12	2.12e-07	2.91e-04	1.95e-02	9.80e-01	2.81e-06	0.00e+00	9.16e-14	2.74e-13	4.57e-13	6.99e-08	1.41e-07	5.26e-37
 5.61128e+14	1.31e-12	2.50e-07	3.32e-04	2.10e-02	9.79e-01	2.71e-06	0.00e+00	1.12e-13	3.35e-13	5.57e-13	8.26e-08	1.67e-07	9.07e-37
 5.75041e+14	1.58e-12	2.88e-07	3.73e-04	2.24e-02	9.77e-01	2.61e-06	0.00e+00	1.35e-13	4.05e-13	6.74e-13	9.52e-08	1.93e-07	1.43e-36
 5.89906e+14	1.94e-12	3.40e-07	4.25e-04	2.42e-02	9.75e-01	2.52e-06	0.00e+00	1.66e-13	4.97e-13	8.27e-13	1.12e-07	2.27e-07	2.42e-36
 6.06082e+14	2.40e-12	4.02e-07	4.87e-04	2.61e-02	9.73e-01	2.43e-06	0.00e+00	2.06e-13	6.16e-13	1.02e-12	1.33e-07	2.69e-07	4.10e-36
 6.20698e+14	2.91e-12	4.69e-07	5.52e-04	2.81e-02	9.71e-01	2.38e-06	0.00e+00	2.49e-13	7.46e-13	1.24e-12	1.55e-07	3.13e-07	6.58e-36
 6.34276e+14	3.51e-12	5.41e-07	6.19e-04	3.00e-02	9.69e-01	2.31e-06	0.00e+00	3.01e-13	9.02e-13	1.50e-12	1.79e-07	3.62e-07	1.03e-35
 6.49773e+14	4.37e-12	6.39e-07	7.09e-04	3.24e-02	9.67e-01	2.25e-06	0.00e+00	3.75e-13	1.12e-12	1.87e-12	2.11e-07	4.27e-07	1.70e-35
 6.66409e+14	5.46e-12	7.62e-07	8.19e-04	3.52e-02	9.64e-01	2.19e-06	0.00e+00	4.69e-13	1.41e-12	2.34e-12	2.52e-07	5.10e-07	2.89e-35
 6.80443e+14	6.68e-12	8.81e-07	9.23e-04	3.77e-02	9.61e-01	2.15e-06	0.00e+00	5.74e-13	1.72e-12	2.86e-12	2.91e-07	5.89e-07	4.42e-35
 6.92578e+14	8.00e-12	1.00e-06	1.03e-03	4.01e-02	9.59e-01	2.12e-06	0.00e+00	6.88e-13	2.06e-12	3.43e-12	3.32e-07	6.71e-07	6.44e-35
 7.06323e+14	9.83e-12	1.17e-06	1.17e-03	4.30e-02	9.56e-01	2.08e-06	0.00e+00	8.46e-13	2.54e-12	4.22e-12	3.87e-07	7.82e-07	1.00e-34
 7.21657e+14	1.25e-11	1.39e-06	1.34e-03	4.67e-02	9.52e-01	2.04e-06	0.00e+00	1.08e-12	3.24e-12	5.39e-12	4.61e-07	9.31e-07	1.68e-34
 7.35816e+14	1.57e-11	1.63e-06	1.53e-03	5.03e-02	9.48e-01	2.02e-06	0.00e+00	1.36e-12	4.07e-12	6.77e-12	5.40e-07	1.09e-06	2.63e-34
 7.48818e+14	1.92e-11	1.89e-06	1.74e-03	5.40e-02	9.44e-01	1.99e-06	0.00e+00	1.66e-12	4.96e-12	8.26e-12	6.25e-07	1.26e-06	3.90e-34
 7.63554e+14	2.51e-11	2.29e-06	2.02e-03	5.90e-02	9.39e-01	1.98e-06	0.00e+00	2.17e-12	6.50e-12	1.08e-11	7.58e-07	1.53e-06	6.91e-34
 7.78958e+14	3.25e-11	2.74e-06	2.36e-03	6.44e-02	9.33e-01	1.96e-06	0.00e+00	2.81e-12	8.43e-12	1.40e-11	9.07e-07	1.83e-06	1.11e-33
 7.91804e+14	4.14e-11	3.25e-06	2.71e-03	6.97e-02	9.28e-01	1.96e-06	0.00e+00	3.58e-12	1.07e-11	1.79e-11	1.08e-06	2.17e-06	1.81e-33
 8.02750e+14	5.12e-11	3.77e-06	3.06e-03	7.48e-02	9.22e-01	1.96e-06	0.00e+00	4.43e-12	1.33e-11	2.21e-11	1.25e-06	2.52e-06	2.74e-33
 8.14653e+14	6.50e-11	4.44e-06	3.52e-03	8.10e-02	9.16e-01	1.96e-06	0.00e+00	5.63e-12	1.69e-11	2.81e-11	1.47e-06	2.97e-06	4.20e-33
 8.27781e+14	8.65e-11	5.44e-06	4.13e-03	8.89e-02	9.07e-01	1.98e-06	0.00e+00	7.50e-12	2.25e-11	3.74e-11	1.80e-06	3.64e-06	7.66e-33
 8.39236e+14	1.12e-10	6.48e-06	4.77e-03	9.65e-02	8.99e-01	2.00e-06	2.23e-12	9.70e-12	2.91e-11	4.84e-11	2.15e-06	4.33e-06	1.24e-32
 8.49150e+14	1.43e-10	7.61e-06	5.45e-03	1.04e-01	8.90e-01	2.02e-06	0.00e+00	1.24e-11	3.72e-11	6.19e-11	2.52e-06	5.08e-06	1.92e-32
 8.60329e+14	1.87e-10	9.19e-06	6.39e-03	1.14e-01	8.79e-01	2.05e-06	2.43e-12	1.63e-11	4.87e-11	8.11e-11	3.04e-06	6.13e-06	3.17e-32
 8.71101e+14	2.56e-10	1.13e-05	7.50e-03	1.25e-01	8.67e-01	2.12e-06	0.00e+00	2.23e-11	6.69e-11	1.11e-10	3.74e-06	7.53e-06	5.78e-32
 8.78676e+14	3.20e-10	1.30e-05	8.45e-03	1.34e-01	8.57e-01	2.17e-06	2.87e-12	2.79e-11	8.36e-11	1.39e-10	4.33e-06	8.71e-06	8.80e-32
 8.84866e+14	3.90e-10	1.48e-05	9.36e-03	1.43e-01	8.48e-01	2.21e-06	0.00e+00	3.39e-11	1.02e-10	1.69e-10	4.90e-06	9.87e-06	1.24e-31
 8.91924e+14	4.62e-10	1.67e-05	1.05e-02	1.54e-01	8.36e-01	2.23e-06	3.17e-12	4.03e-11	1.21e-10	2.01e-10	5.56e-06	1.12e-05	1.71e-31
 8.99762e+14	6.02e-10	1.99e-05	1.21e-02	1.67e-01	8.21e-01	2.29e-06	0.00e+00	5.25e-11	1.57e-10	2.62e-10	6.59e-06	1.33e-05	2.75e-31
 9.06763e+14	7.80e-10	2.35e-05	1.39e-02	1.81e-01	8.05e-01	2.38e-06	3.80e-12	6.81e-11	2.04e-10	3.40e-10	7.81e-06	1.57e-05	4.56e-31
 9.12156e+14	1.04e-09	2.80e-05	1.56e-02	1.94e-01	7.90e-01	2.54e-06	0.00e+00	9.05e-11	2.71e-10	4.51e-10	9.30e-06	1.87e-05	8.09e-31
 9.16325e+14	1.22e-09	3.13e-05	1.70e-02	2.05e-01	7.78e-01	2.62e-06	4.85e-12	1.07e-10	3.20e-10	5.33e-10	1.04e-05	2.09e-05	1.11e-30
 9.20754e+14	1.40e-09	3.45e-05	1.87e-02	2.18e-01	7.64e-01	2.67e-06	0.00e+00	1.22e-10	3.66e-10	6.10e-10	1.15e-05	2.30e-05	1.44e-30
 9.25680e+14	1.73e-09	3.97e-05	2.09e-02	2.34e-01	7.45e-01	2.77e-06	5.69e-12	1.51e-10	4.53e-10	7.53e-10	1.32e-05	2.65e-05	2.15e-30
 9.30068e+14	2.12e-09	4.55e-05	2.33e-02	2.50e-01	7.27e-01	2.89e-06	0.00e+00	1.86e-10	5.56e-10	9.26e-10	1.51e-05	3.04e-05	3.32e-30
 9.33703e+14	2.68e-09	5.29e-05	2.56e-02	2.65e-01	7.09e-01	3.12e-06	7.74e-12	2.35e-10	7.05e-10	1.17e-09	1.76e-05	3.53e-05	5.49e-30
 9.36924e+14	3.12e-09	5.84e-05	2.79e-02	2.80e-01	6.92e-01	3.23e-06	0.00e+00	2.73e-10	8.19e-10	1.36e-09	1.94e-05	3.90e-05	7.38e-30
 9.40491e+14	3.60e-09	6.51e-05	3.07e-02	2.98e-01	6.71e-01	3.31e-06	9.28e-12	3.16e-10	9.48e-10	1.58e-09	2.16e-05	4.34e-05	1.02e-29
 9.44245e+14	4.39e-09	7.43e-05	3.41e-02	3.20e-01	6.46e-01	3.47e-06	0.00e+00	3.86e-10	1.16e-09	1.92e-09	2.47e-05	4.96e-05	1.54e-29
 9.47305e+14	5.56e-09	8.68e-05	3.75e-02	3.40e-01	6.23e-01	3.81e-06	1.35e-11	4.88e-10	1.46e-09	2.43e-09	2.88e-05	5.79e-05	2.69e-29
 9.49716e+14	6.32e-09	9.47e-05	4.03e-02	3.57e-01	6.02e-01	3.96e-06	0.00e+00	5.56e-10	1.67e-09	2.77e-09	3.15e-05	6.32e-05	3.52e-29
 9.52221e+14	7.13e-09	1.04e-04	4.36e-02	3.78e-01	5.79e-01	4.06e-06	1.66e-11	6.28e-10	1.88e-09	3.13e-09	3.44e-05	6.91e-05	4.70e-29
 9.54956e+14	8.42e-09	1.16e-04	4.77e-02	4.01e-01	5.51e-01	4.26e-06	0.00e+00	7.42e-10	2.22e-09	3.70e-09	3.86e-05	7.74e-05	6.81e-29
 9.57319e+14	1.03e-08	1.33e-04	5.18e-02	4.24e-01	5.24e-01	4.68e-06	2.48e-11	9.10e-10	2.73e-09	4.54e-09	4.42e-05	8.88e-05	1.14e-28
 9.59199e+14	1.16e-08	1.44e-04	5.52e-02	4.44e-01	5.00e-01	4.85e-06	0.00e+00	1.02e-09	3.06e-09	5.09e-09	4.79e-05	9.62e-05	1.48e-28
 9.61121e+14	1.33e-08	1.59e-04	5.92e-02	4.67e-01	4.74e-01	5.06e-06	3.22e-11	1.17e-09	3.51e-09	5.84e-09	5.27e-05	1.06e-04	2.11e-28
 9.63165e+14	1.53e-08	1.75e-04	6.37e-02	4.92e-01	4.44e-01	5.22e-06	0.00e+00	1.35e-09	4.05e-09	6.74e-09	5.83e-05	1.17e-04	3.00e-28
 9.64871e+14	1.74e-08	1.92e-04	6.78e-02	5.15e-01	4.17e-01	5.61e-06	4.57e-11	1.54e-09	4.61e-09	7.67e-09	6.38e-05	1.28e-04	4.23e-28
 9.66262e+14	1.91e-08	2.05e-04	7.14e-02	5.35e-01	3.93e-01	5.75e-06	0.00e+00	1.69e-09	5.07e-09	8.43e-09	6.82e-05	1.37e-04	5.38e-28
 9.67744e+14	2.09e-08	2.19e-04	7.54e-02	5.58e-01	3.67e-01	5.79e-06	5.58e-11	1.85e-09	5.53e-09	9.19e-09	7.26e-05	1.46e-04	6.76e-28
 9.69324e+14	2.34e-08	2.37e-04	8.00e-02	5.83e-01	3.37e-01	5.93e-06	0.00e+00	2.07e-09	6.21e-09	1.03e-08	7.88e-05	1.58e-04	9.18e-28
 9.70635e+14	2.66e-08	2.59e-04	8.41e-02	6.04e-01	3.11e-01	6.33e-06	7.94e-11	2.35e-09	7.05e-09	1.17e-08	8.60e-05	1.73e-04	1.34e-27
 9.71672e+14	2.80e-08	2.69e-04	8.73e-02	6.22e-01	2.90e-01	6.28e-06	0.00e+00	2.48e-09	7.44e-09	1.24e-08	8.95e-05	1.80e-04	1.53e-27
 9.72752e+14	3.04e-08	2.85e-04	9.09e-02	6.42e-01	2.67e-01	6.28e-06	0.00e+00	2.70e-09	8.08e-09	1.34e-08	9.49e-05	1.90e-04	1.96e-27
 9.73926e+14	3.31e-08	3.03e-04	9.48e-02	6.62e-01	2.43e-01	6.25e-06	0.00e+00	2.94e-09	8.80e-09	1.46e-08	1.01e-04	2.02e-04	2.53e-27
 9.74948e+14	3.56e-08	3.20e-04	9.82e-02	6.81e-01	2.21e-01	6.21e-06	0.00e+00	3.16e-09	9.48e-09	1.58e-08	1.06e-04	2.13e-04	3.17e-27
 9.75813e+14	3.79e-08	3.34e-04	1.01e-01	6.97e-01	2.02e-01	6.15e-06	0.00e+00	3.37e-09	1.01e-08	1.68e-08	1.11e-04	2.23e-04	3.87e-27
 9.76748e+14	4.09e-08	3.53e-04	1.04e-01	7.14e-01	1.82e-01	6.10e-06	0.00e+00	3.64e-09	1.09e-08	1.81e-08	1.17e-04	2.36e-04	5.04e-27
 9.77730e+14	4.35e-08	3.69e-04	1.08e-01	7.31e-01	1.61e-01	5.76e-06	0.00e+00	3.87e-09	1.16e-08	1.93e-08	1.23e-04	2.46e-04	6.16e-27
 9.78559e+14	4.57e-08	3.83e-04	1.10e-01	7.45e-01	1.44e-01	5.49e-06	0.00e+00	4.07e-09	1.22e-08	2.03e-08	1.27e-04	2.55e-04	7.36e-27
 9.79294e+14	4.77e-08	3.95e-04	1.12e-01	7.57e-01	1.30e-01	5.20e-06	0.00e+00	4.25e-09	1.27e-08	2.12e-08	1.31e-04	2.63e-04	8.60e-27
 9.80122e+14	4.99e-08	4.08e-04	1.15e-01	7.71e-01	1.14e-01	4.82e-06	0.00e+00	4.46e-09	1.34e-08	2.22e-08	1.36e-04	2.72e-04	1.03e-26
 9.81021e+14	5.22e-08	4.22e-04	1.17e-01	7.84e-01	9.87e-02	4.36e-06	0.00e+00	4.67e-09	1.40e-08	2.33e-08	1.40e-04	2.81e-04	1.21e-26
 9.81828e+14	5.41e-08	4.34e-04	1.19e-01	7.95e-01	8.57e-02	3.86e-06	0.00e+00	4.84e-09	1.45e-08	2.41e-08	1.44e-04	2.89e-04	1.44e-26
 9.82513e+14	5.57e-08	4.44e-04	1.21e-01	8.03e-01	7.55e-02	3.42e-06	0.00e+00	4.99e-09	1.50e-08	2.49e-08	1.48e-04	2.96e-04	1.61e-26
 9.83221e+14	5.74e-08	4.54e-04	1.22e-01	8.11e-01	6.57e-02	2.96e-06	0.00e+00	5.15e-09	1.54e-08	2.56e-08	1.51e-04	3.03e-04	1.86e-26
 9.84022e+14	5.92e-08	4.65e-04	1.24e-01	8.20e-01	5.59e-02	2.47e-06	0.00e+00	5.32e-09	1.59e-08	2.65e-08	1.55e-04	3.10e-04	2.13e-26
 9.84806e+14	6.08e-08	4.75e-04	1.25e-01	8.27e-01	4.75e-02	2.04e-06	0.00e+00	5.47e-09	1.64e-08	2.73e-08	1.58e-04	3.17e-04	2.42e-26
 9.85691e+14	6.26e-08	4.86e-04	1.27e-01	8.33e-01	3.92e-02	1.60e-06	0.00e+00	5.64e-09	1.69e-08	2.81e-08	1.62e-04	3.24e-04	2.78e-26
 9.86668e+14	6.44e-08	4.98e-04	1.28e-01	8.39e-01	3.17e-02	1.20e-06	0.00e+00	5.82e-09	1.74e-08	2.90e-08	1.66e-04	3.32e-04	3.20e-26
 9.87616e+14	6.62e-08	5.08e-04	1.30e-01	8.44e-01	2.57e-02	8.89e-07	0.00e+00	5.99e-09	1.79e-08	2.98e-08	1.69e-04	3.39e-04	3.61e-26
 9.88698e+14	6.80e-08	5.20e-04	1.31e-01	8.48e-01	2.01e-02	0.00e+00	0.00e+00	6.17e-09	1.85e-08	3.07e-08	1.73e-04	3.47e-04	4.13e-26
 9.90106e+14	7.05e-08	5.35e-04	1.33e-01	8.52e-01	1.47e-02	0.00e+00	0.00e+00	6.40e-09	1.92e-08	3.19e-08	1.78e-04	3.56e-04	4.81e-26
 9.91935e+14	7.35e-08	5.52e-04	1.35e-01	8.55e-01	9.93e-03	0.00e+00	0.00e+00	6.69e-09	2.01e-08	3.33e-08	1.84e-04	3.68e-04	5.70e-26
 9.94313e+14	7.72e-08	5.73e-04	1.37e-01	8.56e-01	6.12e-03	0.00e+00	0.00e+00	7.04e-09	2.11e-08	3.51e-08	1.91e-04	3.82e-04	6.86e-26
 9.97405e+14	8.20e-08	5.98e-04	1.40e-01	8.56e-01	3.44e-03	0.00e+00	0.00e+00	7.49e-09	2.24e-08	3.73e-08	1.99e-04	3.98e-04	8.40e-26
 1.00142e+15	8.79e-08	6.29e-04	1.43e-01	8.55e-01	1.78e-03	0.00e+00	0.00e+00	8.03e-09	2.41e-08	4.00e-08	2.10e-04	4.19e-04	1.05e-25
 1.00665e+15	9.61e-08	6.69e-04	1.47e-01	8.51e-01	8.63e-04	0.00e+00	0.00e+00	8.78e-09	2.63e-08	4.37e-08	2.23e-04	4.46e-04	1.38e-25
 1.01344e+15	1.08e-07	7.26e-04	1.53e-01	8.46e-01	4.02e-04	0.00e+00	0.00e+00	9.84e-09	2.95e-08	4.90e-08	2.42e-04	4.84e-04	1.95e-25
 1.02227e+15	1.26e-07	8.09e-04	1.60e-01	8.39e-01	1.82e-04	0.00e+00	0.00e+00	1.15e-08	3.44e-08	5.71e-08	2.70e-04	5.39e-04	3.20e-25
 1.03375e+15	1.54e-07	9.39e-04	1.72e-01	8.27e-01	8.03e-05	0.00e+00	0.00e+00	1.40e-08	4.20e-08	6.98e-08	3.13e-04	6.26e-04	5.78e-25
 1.04495e+15	1.89e-07	1.10e-03	1.84e-01	8.15e-01	4.19e-05	0.00e+00	0.00e+00	1.73e-08	5.17e-08	8.60e-08	3.65e-04	7.30e-04	1.18e-24
 1.05296e+15	2.21e-07	1.24e-03	1.95e-01	8.04e-01	2.81e-05	0.00e+00	0.00e+00	2.01e-08	6.03e-08	1.00e-07	4.12e-04	8.24e-04	1.89e-24
 1.05936e+15	2.53e-07	1.37e-03	2.04e-01	7.95e-01	2.08e-05	0.00e+00	0.00e+00	2.30e-08	6.89e-08	1.14e-07	4.57e-04	9.14e-04	2.78e-24
 1.06653e+15	2.95e-07	1.55e-03	2.15e-01	7.83e-01	1.50e-05	0.00e+00	0.00e+00	2.68e-08	8.04e-08	1.34e-07	5.17e-04	1.03e-03	4.53e-24
 1.07459e+15	3.53e-07	1.80e-03	2.30e-01	7.68e-01	1.06e-05	0.00e+00	0.00e+00	3.21e-08	9.62e-08	1.60e-07	5.99e-04	1.20e-03	8.69e-24
 1.08196e+15	4.22e-07	2.07e-03	2.45e-01	7.53e-01	7.98e-06	0.00e+00	0.00e+00	3.84e-08	1.15e-07	1.91e-07	6.91e-04	1.38e-03	1.44e-23
 1.08829e+15	4.95e-07	2.37e-03	2.60e-01	7.38e-01	6.29e-06	0.00e+00	0.00e+00	4.50e-08	1.35e-07	2.24e-07	7.91e-04	1.58e-03	2.43e-23
 1.09413e+15	5.79e-07	2.71e-03	2.75e-01	7.22e-01	5.07e-06	0.00e+00	0.00e+00	5.26e-08	1.58e-07	2.62e-07	9.02e-04	1.80e-03	4.05e-23
 1.09977e+15	6.78e-07	3.10e-03	2.92e-01	7.05e-01	4.13e-06	0.00e+00	0.00e+00	6.16e-08	1.85e-07	3.07e-07	1.03e-03	2.07e-03	6.63e-23
 1.10516e+15	7.96e-07	3.56e-03	3.10e-01	6.86e-01	3.40e-06	0.00e+00	0.00e+00	7.23e-08	2.17e-07	3.60e-07	1.19e-03	2.37e-03	1.12e-22
 1.11013e+15	9.32e-07	4.08e-03	3.29e-01	6.67e-01	2.85e-06	0.00e+00	0.00e+00	8.47e-08	2.54e-07	4.22e-07	1.36e-03	2.72e-03	1.85e-22
 1.11468e+15	1.09e-06	4.66e-03	3.48e-01	6.48e-01	2.43e-06	0.00e+00	0.00e+00	9.87e-08	2.96e-07	4.91e-07	1.55e-03	3.11e-03	3.01e-22
 1.11888e+15	1.26e-06	5.31e-03	3.67e-01	6.27e-01	2.09e-06	0.00e+00	0.00e+00	1.15e-07	3.43e-07	5.70e-07	1.77e-03	3.54e-03	4.87e-22
 1.12285e+15	1.46e-06	6.05e-03	3.88e-01	6.06e-01	1.81e-06	0.00e+00	0.00e+00	1.33e-07	3.98e-07	6.62e-07	2.02e-03	4.03e-03	7.85e-22
 1.12660e+15	1.70e-06	6.89e-03	4.09e-01	5.84e-01	1.58e-06	0.00e+00	0.00e+00	1.54e-07	4.62e-07	7.67e-07	2.30e-03	4.59e-03	1.27e-21
 1.13010e+15	1.96e-06	7.84e-03	4.31e-01	5.61e-01	1.38e-06	0.00e+00	0.00e+00	1.78e-07	5.35e-07	8.89e-07	2.61e-03	5.23e-03	2.03e-21
 1.13284e+15	2.21e-06	8.71e-03	4.49e-01	5.42e-01	1.25e-06	0.00e+00	0.00e+00	2.01e-07	6.03e-07	1.00e-06	2.90e-03	5.80e-03	2.98e-21
 1.13472e+15	2.42e-06	9.39e-03	4.63e-01	5.28e-01	1.16e-06	0.00e+00	0.00e+00	2.20e-07	6.59e-07	1.10e-06	3.13e-03	6.26e-03	3.91e-21
 1.13662e+15	2.64e-06	1.02e-02	4.77e-01	5.12e-01	1.08e-06	0.00e+00	0.00e+00	2.40e-07	7.19e-07	1.20e-06	3.39e-03	6.78e-03	5.26e-21
 1.13908e+15	2.98e-06	1.13e-02	4.98e-01	4.91e-01	9.73e-07	0.00e+00	0.00e+00	2.72e-07	8.14e-07	1.35e-06	3.78e-03	7.55e-03	7.96e-21
 1.14153e+15	3.38e-06	1.26e-02	5.18e-01	4.69e-01	0.00e+00	0.00e+00	0.00e+00	3.07e-07	9.21e-07	1.53e-06	4.21e-03	8.42e-03	1.18e-20
 1.14336e+15	3.74e-06	1.38e-02	5.35e-01	4.51e-01	0.00e+00	0.00e+00	0.00e+00	3.40e-07	1.02e-06	1.69e-06	4.59e-03	9.17e-03	1.62e-20
 1.14487e+15	4.05e-06	1.48e-02	5.49e-01	4.36e-01	0.00e+00	0.00e+00	0.00e+00	3.69e-07	1.10e-06	1.84e-06	4.94e-03	9.87e-03	2.16e-20
 1.14656e+15	4.47e-06	1.61e-02	5.66e-01	4.18e-01	0.00e+00	0.00e+00	0.00e+00	4.07e-07	1.22e-06	2.03e-06	5.38e-03	1.08e-02	3.02e-20
 1.14842e+15	5.00e-06	1.78e-02	5.85e-01	3.97e-01	0.00e+00	0.00e+00	0.00e+00	4.56e-07	1.37e-06	2.27e-06	5.93e-03	1.19e-02	4.37e-20
 1.15006e+15	5.51e-06	1.94e-02	6.03e-01	3.78e-01	0.00e+00	0.00e+00	0.00e+00	5.03e-07	1.51e-06	2.50e-06	6.47e-03	1.29e-02	6.06e-20
 1.15130e+15	5.98e-06	2.08e-02	6.16e-01	3.63e-01	0.00e+00	0.00e+00	0.00e+00	5.46e-07	1.64e-06	2.72e-06	6.93e-03	1.39e-02	7.98e-20
 1.15224e+15	6.34e-06	2.19e-02	6.27e-01	3.51e-01	0.00e+00	0.00e+00	0.00e+00	5.79e-07	1.73e-06	2.88e-06	7.31e-03	1.46e-02	9.72e-20
 1.15326e+15	6.81e-06	2.33e-02	6.39e-01	3.38e-01	0.00e+00	0.00e+00	0.00e+00	6.22e-07	1.86e-06	3.10e-06	7.77e-03	1.55e-02	1.24e-19
 1.15439e+15	7.33e-06	2.49e-02	6.52e-01	3.23e-01	0.00e+00	0.00e+00	0.00e+00	6.70e-07	2.01e-06	3.34e-06	8.32e-03	1.66e-02	1.62e-19
