#depth	O	O+	O+2	O+3	O+4	O+5	O+6	O+7	O+8	O[1]	O[2]	O[3]
 3.74085e+09	1.04e-45	2.93e-36	1.32e-27	7.34e-20	6.15e-13	6.44e-07	1.00e+00	0.00e+00	0.00e+00	0.00e+00	0.00e+00	0.00e+00
 2.24451e+10	0.00e+00	3.74e-36	1.60e-27	8.54e-20	6.83e-13	6.79e-07	1.00e+00	9.71e-09	0.00e+00	0.00e+00	0.00e+00	0.00e+00
 5.31200e+10	2.25e-45	5.56e-36	2.21e-27	1.10e-19	8.14e-13	7.44e-07	1.00e+00	0.00e+00	0.00e+00	0.00e+00	0.00e+00	0.00e+00
 8.51716e+10	0.00e+00	8.18e-36	3.03e-27	1.40e-19	9.61e-13	8.10e-07	1.00e+00	0.00e+00	0.00e+00	0.00e+00	0.00e+00	0.00e+00
 1.14681e+11	5.40e-45	1.16e-35	4.02e-27	1.74e-19	1.12e-12	8.75e-07	1.00e+00	0.00e+00	0.00e+00	0.00e+00	0.00e+00	0.00e+00
 1.40149e+11	0.00e+00	1.53e-35	5.06e-27	2.07e-19	1.26e-12	9.31e-07	1.00e+00	0.00e+00	0.00e+00	0.00e+00	0.00e+00	0.00e+00
 1.68435e+11	1.09e-44	2.08e-35	6.48e-27	2.51e-19	1.44e-12	9.95e-07	1.00e+00	0.00e+00	0.00e+00	0.00e+00	0.00e+00	0.00e+00
 2.03074e+11	0.00e+00	2.99e-35	8.74e-27	3.16e-19	1.69e-12	1.08e-06	1.00e+00	0.00e+00	0.00e+00	0.00e+00	0.00e+00	0.00e+00
 2.38767e+11	2.61e-44	4.31e-35	1.18e-26	3.98e-19	1.99e-12	1.18e-06	1.00e+00	0.00e+00	0.00e+00	0.00e+00	0.00e+00	0.00e+00
 2.71657e+11	0.00e+00	5.93e-35	1.53e-26	4.87e-19	2.29e-12	1.26e-06	1.00e+00	0.00e+00	0.00e+00	0.00e+00	0.00e+00	0.00e+00
 3.08107e+11	5.74e-44	8.32e-35	2.01e-26	6.03e-19	2.65e-12	1.36e-06	1.00e+00	0.00e+00	0.00e+00	0.00e+00	0.00e+00	0.00e+00
 3.50246e+11	0.00e+00	1.22e-34	2.76e-26	7.71e-19	3.16e-12	1.49e-06	1.00e+00	0.00e+00	0.00e+00	0.00e+00	0.00e+00	0.00e+00
 3.91266e+11	1.40e-43	1.75e-34	3.71e-26	9.70e-19	3.71e-12	1.62e-06	1.00e+00	0.00e+00	0.00e+00	0.00e+00	0.00e+00	0.00e+00
 4.29973e+11	0.00e+00	2.42e-34	4.84e-26	1.19e-18	4.28e-12	1.75e-06	1.00e+00	0.00e+00	0.00e+00	0.00e+00	0.00e+00	0.00e+00
 4.73145e+11	3.11e-43	3.43e-34	6.43e-26	1.49e-18	4.99e-12	1.89e-06	1.00e+00	0.00e+00	0.00e+00	0.00e+00	0.00e+00	0.00e+00
 5.21997e+11	0.00e+00	5.04e-34	8.83e-26	1.90e-18	5.95e-12	2.08e-06	1.00e+00	0.00e+00	0.00e+00	0.00e+00	0.00e+00	0.00e+00
 5.70602e+11	7.59e-43	7.27e-34	1.19e-25	2.41e-18	7.02e-12	2.27e-06	1.00e+00	0.00e+00	0.00e+00	0.00e+00	0.00e+00	0.00e+00
 6.21151e+11	0.00e+00	1.05e-33	1.61e-25	3.04e-18	8.27e-12	2.47e-06	1.00e+00	0.00e+00	0.00e+00	0.00e+00	0.00e+00	0.00e+00
 6.70799e+11	1.77e-42	1.48e-33	2.15e-25	3.82e-18	9.71e-12	2.69e-06	1.00e+00	0.00e+00	0.00e+00	0.00e+00	0.00e+00	0.00e+00
 7.14192e+11	0.00e+00	1.99e-33	2.73e-25	4.61e-18	1.11e-11	2.88e-06	1.00e+00	0.00e+00	0.00e+00	0.00e+00	0.00e+00	0.00e+00
 7.61561e+11	3.61e-42	2.70e-33	3.52e-25	5.61e-18	1.27e-11	3.10e-06	1.00e+00	0.00e+00	0.00e+00	0.00e+00	0.00e+00	0.00e+00
 8.14525e+11	0.00e+00	3.79e-33	4.66e-25	7.00e-18	1.49e-11	3.38e-06	1.00e+00	0.00e+00	0.00e+00	0.00e+00	0.00e+00	0.00e+00
 8.64351e+11	7.74e-42	5.15e-33	6.00e-25	8.55e-18	1.72e-11	3.64e-06	1.00e+00	0.00e+00	0.00e+00	0.00e+00	0.00e+00	0.00e+00
 9.18715e+11	0.00e+00	7.11e-33	7.83e-25	1.05e-17	1.99e-11	3.94e-06	1.00e+00	0.00e+00	0.00e+00	0.00e+00	0.00e+00	0.00e+00
 9.80012e+11	1.73e-41	1.01e-32	1.05e-24	1.33e-17	2.36e-11	4.32e-06	1.00e+00	0.00e+00	0.00e+00	0.00e+00	0.00e+00	0.00e+00
 1.03831e+12	0.00e+00	1.41e-32	1.38e-24	1.65e-17	2.74e-11	4.69e-06	1.00e+00	0.00e+00	0.00e+00	0.00e+00	0.00e+00	0.00e+00
 1.10207e+12	3.80e-41	1.98e-32	1.83e-24	2.06e-17	3.21e-11	5.10e-06	1.00e+00	0.00e+00	0.00e+00	0.00e+00	0.00e+00	0.00e+00
 1.17371e+12	0.00e+00	2.89e-32	2.50e-24	2.64e-17	3.85e-11	5.64e-06	1.00e+00	0.00e+00	0.00e+00	0.00e+00	0.00e+00	0.00e+00
 1.24186e+12	8.88e-41	4.07e-32	3.33e-24	3.31e-17	4.51e-11	6.15e-06	1.00e+00	0.00e+00	0.00e+00	0.00e+00	0.00e+00	0.00e+00
 1.30346e+12	0.00e+00	5.45e-32	4.23e-24	3.99e-17	5.15e-11	6.59e-06	1.00e+00	0.00e+00	0.00e+00	0.00e+00	0.00e+00	0.00e+00
 1.37027e+12	1.82e-40	7.48e-32	5.50e-24	4.91e-17	5.96e-11	7.14e-06	1.00e+00	0.00e+00	0.00e+00	0.00e+00	0.00e+00	0.00e+00
 1.45115e+12	0.00e+00	1.10e-31	7.59e-24	6.36e-17	7.20e-11	7.94e-06	1.00e+00	0.00e+00	0.00e+00	0.00e+00	0.00e+00	0.00e+00
 1.53120e+12	4.35e-40	1.57e-31	1.02e-23	8.06e-17	8.53e-11	8.73e-06	1.00e+00	0.00e+00	0.00e+00	0.00e+00	0.00e+00	0.00e+00
 1.60131e+12	0.00e+00	2.10e-31	1.29e-23	9.68e-17	9.69e-11	9.33e-06	1.00e+00	0.00e+00	0.00e+00	0.00e+00	0.00e+00	0.00e+00
 1.67765e+12	8.91e-40	2.88e-31	1.68e-23	1.19e-16	1.12e-10	1.01e-05	1.00e+00	0.00e+00	0.00e+00	0.00e+00	0.00e+00	0.00e+00
 1.77018e+12	0.00e+00	4.24e-31	2.33e-23	1.54e-16	1.36e-10	1.13e-05	1.00e+00	0.00e+00	0.00e+00	0.00e+00	0.00e+00	0.00e+00
 1.86373e+12	2.15e-39	6.10e-31	3.14e-23	1.96e-16	1.61e-10	1.24e-05	1.00e+00	0.00e+00	0.00e+00	0.00e+00	0.00e+00	0.00e+00
 1.94839e+12	0.00e+00	8.38e-31	4.09e-23	2.41e-16	1.86e-10	1.34e-05	1.00e+00	0.00e+00	0.00e+00	0.00e+00	0.00e+00	0.00e+00
 2.04152e+12	4.64e-39	1.17e-30	5.39e-23	2.99e-16	2.17e-10	1.46e-05	1.00e+00	0.00e+00	0.00e+00	0.00e+00	0.00e+00	0.00e+00
 2.15101e+12	0.00e+00	1.72e-30	7.41e-23	3.84e-16	2.59e-10	1.60e-05	1.00e+00	0.00e+00	0.00e+00	0.00e+00	0.00e+00	0.00e+00
 2.25924e+12	1.11e-38	2.45e-30	9.87e-23	4.80e-16	3.02e-10	1.74e-05	1.00e+00	0.00e+00	0.00e+00	0.00e+00	0.00e+00	0.00e+00
 2.36055e+12	0.00e+00	3.43e-30	1.31e-22	6.00e-16	3.54e-10	1.90e-05	1.00e+00	0.00e+00	0.00e+00	0.00e+00	0.00e+00	0.00e+00
 2.47365e+12	2.49e-38	4.87e-30	1.74e-22	7.51e-16	4.14e-10	2.06e-05	1.00e+00	0.00e+00	0.00e+00	0.00e+00	0.00e+00	0.00e+00
 2.60252e+12	0.00e+00	7.16e-30	2.39e-22	9.62e-16	4.92e-10	2.27e-05	1.00e+00	0.00e+00	0.00e+00	0.00e+00	0.00e+00	0.00e+00
 2.73078e+12	6.02e-38	1.03e-29	3.21e-22	1.21e-15	5.75e-10	2.46e-05	1.00e+00	0.00e+00	0.00e+00	0.00e+00	0.00e+00	0.00e+00
 2.86418e+12	0.00e+00	1.49e-29	4.35e-22	1.53e-15	6.77e-10	2.68e-05	1.00e+00	0.00e+00	0.00e+00	0.00e+00	0.00e+00	0.00e+00
 3.00867e+12	1.46e-37	2.17e-29	5.94e-22	1.95e-15	8.01e-10	2.93e-05	1.00e+00	0.00e+00	0.00e+00	0.00e+00	0.00e+00	0.00e+00
 3.15895e+12	0.00e+00	3.19e-29	8.12e-22	2.48e-15	9.48e-10	3.21e-05	1.00e+00	0.00e+00	0.00e+00	0.00e+00	0.00e+00	0.00e+00
 3.31523e+12	3.62e-37	4.67e-29	1.11e-21	3.16e-15	1.12e-09	3.50e-05	1.00e+00	0.00e+00	0.00e+00	0.00e+00	0.00e+00	0.00e+00
 3.46868e+12	5.54e-37	6.69e-29	1.49e-21	3.97e-15	1.31e-09	3.80e-05	1.00e+00	0.00e+00	0.00e+00	0.00e+00	0.00e+00	0.00e+00
 3.61087e+12	8.12e-37	9.23e-29	1.94e-21	4.87e-15	1.51e-09	4.10e-05	1.00e+00	0.00e+00	0.00e+00	0.00e+00	0.00e+00	0.00e+00
 3.76784e+12	1.22e-36	1.30e-28	2.56e-21	6.04e-15	1.75e-09	4.43e-05	1.00e+00	0.00e+00	0.00e+00	0.00e+00	0.00e+00	0.00e+00
 3.93096e+12	1.82e-36	1.83e-28	3.39e-21	7.51e-15	2.03e-09	4.80e-05	1.00e+00	0.00e+00	0.00e+00	0.00e+00	0.00e+00	0.00e+00
 4.06993e+12	2.55e-36	2.42e-28	4.26e-21	8.97e-15	2.30e-09	5.11e-05	1.00e+00	0.00e+00	0.00e+00	0.00e+00	0.00e+00	0.00e+00
 4.21803e+12	3.60e-36	3.24e-28	5.41e-21	1.08e-14	2.60e-09	5.46e-05	1.00e+00	0.00e+00	0.00e+00	0.00e+00	0.00e+00	0.00e+00
 4.40274e+12	5.44e-36	4.59e-28	7.19e-21	1.34e-14	3.03e-09	5.91e-05	1.00e+00	0.00e+00	0.00e+00	0.00e+00	0.00e+00	0.00e+00
 4.59080e+12	8.19e-36	6.49e-28	9.54e-21	1.67e-14	3.52e-09	6.40e-05	1.00e+00	0.00e+00	0.00e+00	0.00e+00	0.00e+00	0.00e+00
 4.75776e+12	1.16e-35	8.72e-28	1.21e-20	2.01e-14	3.99e-09	6.83e-05	1.00e+00	0.00e+00	0.00e+00	0.00e+00	0.00e+00	0.00e+00
 4.94154e+12	1.69e-35	1.19e-27	1.57e-20	2.46e-14	4.57e-09	7.33e-05	1.00e+00	0.00e+00	0.00e+00	0.00e+00	0.00e+00	0.00e+00
 5.14419e+12	2.50e-35	1.66e-27	2.06e-20	3.03e-14	5.29e-09	7.92e-05	1.00e+00	0.00e+00	0.00e+00	0.00e+00	0.00e+00	0.00e+00
 5.33069e+12	3.56e-35	2.24e-27	2.63e-20	3.66e-14	6.01e-09	8.47e-05	1.00e+00	0.00e+00	0.00e+00	0.00e+00	0.00e+00	0.00e+00
 5.53245e+12	5.14e-35	3.05e-27	3.39e-20	4.45e-14	6.87e-09	9.08e-05	1.00e+00	0.00e+00	0.00e+00	0.00e+00	0.00e+00	0.00e+00
 5.75855e+12	7.62e-35	4.27e-27	4.46e-20	5.52e-14	7.96e-09	9.82e-05	1.00e+00	0.00e+00	0.00e+00	0.00e+00	0.00e+00	0.00e+00
 5.96980e+12	1.09e-34	5.77e-27	5.71e-20	6.69e-14	9.09e-09	1.05e-04	1.00e+00	0.00e+00	0.00e+00	0.00e+00	0.00e+00	0.00e+00
 6.16770e+12	1.51e-34	7.60e-27	7.16e-20	7.98e-14	1.02e-08	1.12e-04	1.00e+00	0.00e+00	0.00e+00	0.00e+00	0.00e+00	0.00e+00
 6.39468e+12	2.15e-34	1.03e-26	9.17e-20	9.67e-14	1.17e-08	1.20e-04	1.00e+00	0.00e+00	0.00e+00	0.00e+00	0.00e+00	0.00e+00
 6.66840e+12	3.26e-34	1.46e-26	1.23e-19	1.21e-13	1.37e-08	1.31e-04	1.00e+00	0.00e+00	0.00e+00	0.00e+00	0.00e+00	0.00e+00
 6.93832e+12	4.84e-34	2.04e-26	1.62e-19	1.51e-13	1.58e-08	1.41e-04	1.00e+00	0.00e+00	0.00e+00	0.00e+00	0.00e+00	0.00e+00
 7.17590e+12	6.77e-34	2.72e-26	2.04e-19	1.81e-13	1.79e-08	1.51e-04	1.00e+00	0.00e+00	0.00e+00	0.00e+00	0.00e+00	0.00e+00
 7.43599e+12	9.68e-34	3.68e-26	2.62e-19	2.19e-13	2.05e-08	1.62e-04	1.00e+00	0.00e+00	0.00e+00	0.00e+00	0.00e+00	0.00e+00
 7.74962e+12	1.47e-33	5.23e-26	3.51e-19	2.75e-13	2.39e-08	1.76e-04	1.00e+00	0.00e+00	0.00e+00	0.00e+00	0.00e+00	0.00e+00
 8.06660e+12	2.20e-33	7.37e-26	4.65e-19	3.43e-13	2.78e-08	1.90e-04	1.00e+00	0.00e+00	0.00e+00	0.00e+00	0.00e+00	0.00e+00
 8.35901e+12	3.15e-33	1.00e-25	5.98e-19	4.17e-13	3.18e-08	2.04e-04	1.00e+00	0.00e+00	0.00e+00	0.00e+00	0.00e+00	0.00e+00
 8.68575e+12	4.67e-33	1.40e-25	7.86e-19	5.15e-13	3.67e-08	2.20e-04	1.00e+00	0.00e+00	0.00e+00	0.00e+00	0.00e+00	0.00e+00
 9.06280e+12	7.20e-33	2.02e-25	1.06e-18	6.53e-13	4.31e-08	2.40e-04	1.00e+00	0.00e+00	0.00e+00	0.00e+00	0.00e+00	0.00e+00
 9.43533e+12	1.10e-32	2.87e-25	1.42e-18	8.16e-13	5.01e-08	2.59e-04	1.00e+00	0.00e+00	0.00e+00	0.00e+00	0.00e+00	0.00e+00
 9.82276e+12	1.67e-32	4.10e-25	1.90e-18	1.02e-12	5.83e-08	2.80e-04	1.00e+00	0.00e+00	0.00e+00	0.00e+00	0.00e+00	0.00e+00
 1.02260e+13	2.55e-32	5.86e-25	2.55e-18	1.28e-12	6.80e-08	3.04e-04	1.00e+00	0.00e+00	0.00e+00	0.00e+00	0.00e+00	0.00e+00
 1.06045e+13	3.74e-32	8.11e-25	3.32e-18	1.57e-12	7.80e-08	3.26e-04	1.00e+00	0.00e+00	0.00e+00	0.00e+00	0.00e+00	0.00e+00
 1.10178e+13	5.61e-32	1.14e-24	4.38e-18	1.94e-12	9.00e-08	3.51e-04	1.00e+00	0.00e+00	0.00e+00	0.00e+00	0.00e+00	0.00e+00
 1.14884e+13	8.73e-32	1.66e-24	5.94e-18	2.46e-12	1.06e-07	3.82e-04	1.00e+00	0.00e+00	0.00e+00	0.00e+00	0.00e+00	0.00e+00
 1.19013e+13	1.28e-31	2.28e-24	7.71e-18	3.00e-12	1.21e-07	4.09e-04	1.00e+00	0.00e+00	0.00e+00	0.00e+00	0.00e+00	0.00e+00
 1.22283e+13	1.71e-31	2.91e-24	9.40e-18	3.49e-12	1.34e-07	4.31e-04	1.00e+00	0.00e+00	0.00e+00	0.00e+00	0.00e+00	0.00e+00
 1.25825e+13	2.32e-31	3.77e-24	1.16e-17	4.10e-12	1.49e-07	4.56e-04	1.00e+00	0.00e+00	0.00e+00	0.00e+00	0.00e+00	0.00e+00
 1.30430e+13	3.42e-31	5.23e-24	1.51e-17	5.03e-12	1.71e-07	4.90e-04	1.00e+00	0.00e+00	0.00e+00	0.00e+00	0.00e+00	0.00e+00
 1.35419e+13	5.12e-31	7.35e-24	2.00e-17	6.22e-12	1.97e-07	5.28e-04	9.99e-01	0.00e+00	0.00e+00	0.00e+00	0.00e+00	0.00e+00
 1.39944e+13	8.06e-31	1.09e-23	2.80e-17	7.50e-12	2.24e-07	5.63e-04	9.99e-01	0.00e+00	0.00e+00	0.00e+00	0.00e+00	0.00e+00
 1.44864e+13	1.06e-30	1.36e-23	3.29e-17	9.11e-12	2.55e-07	6.03e-04	9.99e-01	0.00e+00	0.00e+00	0.00e+00	0.00e+00	0.00e+00
 1.50747e+13	1.64e-30	1.96e-23	4.44e-17	1.14e-11	2.98e-07	6.52e-04	9.99e-01	0.00e+00	0.00e+00	0.00e+00	0.00e+00	0.00e+00
 1.56646e+13	2.47e-30	2.77e-23	5.90e-17	1.43e-11	3.45e-07	7.05e-04	9.99e-01	0.00e+00	0.00e+00	0.00e+00	0.00e+00	0.00e+00
 1.62103e+13	3.61e-30	3.81e-23	7.62e-17	1.73e-11	3.93e-07	7.53e-04	9.99e-01	0.00e+00	0.00e+00	0.00e+00	0.00e+00	0.00e+00
 1.67368e+13	5.12e-30	5.12e-23	9.70e-17	2.08e-11	4.45e-07	8.03e-04	9.99e-01	0.00e+00	0.00e+00	0.00e+00	0.00e+00	0.00e+00
 1.73358e+13	7.48e-30	7.04e-23	1.26e-16	2.54e-11	5.09e-07	8.61e-04	9.99e-01	0.00e+00	0.00e+00	0.00e+00	0.00e+00	0.00e+00
 1.79986e+13	1.12e-29	9.93e-23	1.67e-16	3.16e-11	5.89e-07	9.30e-04	9.99e-01	0.00e+00	0.00e+00	0.00e+00	0.00e+00	0.00e+00
 1.86080e+13	1.62e-29	1.35e-22	2.14e-16	3.82e-11	6.70e-07	9.93e-04	9.99e-01	0.00e+00	0.00e+00	0.00e+00	0.00e+00	0.00e+00
 1.92640e+13	2.37e-29	1.87e-22	2.78e-16	4.67e-11	7.67e-07	1.06e-03	9.99e-01	0.00e+00	0.00e+00	0.00e+00	0.00e+00	0.00e+00
 1.99982e+13	3.55e-29	2.62e-22	3.68e-16	5.79e-11	8.86e-07	1.15e-03	9.99e-01	0.00e+00	0.00e+00	0.00e+00	0.00e+00	0.00e+00
 2.06902e+13	5.19e-29	3.61e-22	4.76e-16	7.05e-11	1.01e-06	1.23e-03	9.99e-01	0.00e+00	0.00e+00	0.00e+00	0.00e+00	0.00e+00
 2.14459e+13	7.66e-29	5.01e-22	6.23e-16	8.66e-11	1.16e-06	1.32e-03	9.99e-01	0.00e+00	0.00e+00	0.00e+00	0.00e+00	0.00e+00
 2.22841e+13	1.17e-28	7.16e-22	8.33e-16	1.08e-10	1.35e-06	1.43e-03	9.99e-01	0.00e+00	0.00e+00	0.00e+00	0.00e+00	0.00e+00
 2.30693e+13	1.71e-28	9.86e-22	1.08e-15	1.32e-10	1.54e-06	1.53e-03	9.98e-01	0.00e+00	0.00e+00	0.00e+00	0.00e+00	0.00e+00
 2.39273e+13	2.56e-28	1.39e-21	1.43e-15	1.63e-10	1.78e-06	1.65e-03	9.98e-01	0.00e+00	0.00e+00	0.00e+00	0.00e+00	0.00e+00
 2.48844e+13	3.92e-28	1.99e-21	1.92e-15	2.05e-10	2.07e-06	1.78e-03	9.98e-01	0.00e+00	0.00e+00	0.00e+00	0.00e+00	0.00e+00
 2.57849e+13	5.84e-28	2.78e-21	2.52e-15	2.52e-10	2.38e-06	1.92e-03	9.98e-01	0.00e+00	0.00e+00	0.00e+00	0.00e+00	0.00e+00
 2.67514e+13	8.81e-28	3.93e-21	3.34e-15	3.13e-10	2.75e-06	2.06e-03	9.98e-01	0.00e+00	0.00e+00	0.00e+00	0.00e+00	0.00e+00
 2.78514e+13	1.38e-27	5.73e-21	4.53e-15	3.95e-10	3.22e-06	2.24e-03	9.98e-01	0.00e+00	0.00e+00	0.00e+00	0.00e+00	0.00e+00
 2.89261e+13	2.10e-27	8.19e-21	6.05e-15	4.92e-10	3.73e-06	2.42e-03	9.98e-01	0.00e+00	0.00e+00	0.00e+00	0.00e+00	0.00e+00
 3.00437e+13	3.21e-27	1.17e-20	8.08e-15	6.14e-10	4.32e-06	2.61e-03	9.97e-01	0.00e+00	0.00e+00	0.00e+00	0.00e+00	0.00e+00
 3.12055e+13	4.91e-27	1.67e-20	1.08e-14	7.66e-10	5.02e-06	2.82e-03	9.97e-01	0.00e+00	0.00e+00	0.00e+00	0.00e+00	0.00e+00
 3.22834e+13	7.19e-27	2.31e-20	1.40e-14	9.33e-10	5.73e-06	3.01e-03	9.97e-01	0.00e+00	0.00e+00	0.00e+00	0.00e+00	0.00e+00
 3.34744e+13	1.08e-26	3.25e-20	1.85e-14	1.15e-09	6.60e-06	3.24e-03	9.97e-01	0.00e+00	0.00e+00	0.00e+00	0.00e+00	0.00e+00
 3.47750e+13	1.67e-26	4.67e-20	2.48e-14	1.44e-09	7.66e-06	3.50e-03	9.96e-01	0.00e+00	0.00e+00	0.00e+00	0.00e+00	0.00e+00
 3.59653e+13	2.44e-26	6.43e-20	3.22e-14	1.75e-09	8.74e-06	3.74e-03	9.96e-01	0.00e+00	0.00e+00	0.00e+00	0.00e+00	0.00e+00
 3.70132e+13	3.38e-26	8.47e-20	4.02e-14	2.07e-09	9.78e-06	3.96e-03	9.96e-01	0.00e+00	0.00e+00	0.00e+00	0.00e+00	0.00e+00
 3.81336e+13	4.74e-26	1.12e-19	5.05e-14	2.47e-09	1.10e-05	4.21e-03	9.96e-01	0.00e+00	0.00e+00	0.00e+00	0.00e+00	0.00e+00
 3.95572e+13	7.20e-26	1.60e-19	6.72e-14	3.06e-09	1.27e-05	4.53e-03	9.95e-01	0.00e+00	0.00e+00	0.00e+00	0.00e+00	0.00e+00
 4.10013e+13	1.09e-25	2.26e-19	8.88e-14	3.78e-09	1.46e-05	4.87e-03	9.95e-01	0.00e+00	0.00e+00	0.00e+00	0.00e+00	0.00e+00
 4.22217e+13	1.52e-25	2.99e-19	1.11e-13	4.49e-09	1.64e-05	5.16e-03	9.95e-01	0.00e+00	0.00e+00	0.00e+00	0.00e+00	0.00e+00
 4.35251e+13	2.16e-25	4.01e-19	1.41e-13	5.37e-09	1.85e-05	5.48e-03	9.94e-01	0.00e+00	0.00e+00	0.00e+00	0.00e+00	0.00e+00
 4.51619e+13	3.30e-25	5.72e-19	1.88e-13	6.67e-09	2.14e-05	5.91e-03	9.94e-01	0.00e+00	0.00e+00	0.00e+00	0.00e+00	0.00e+00
 4.68414e+13	5.05e-25	8.17e-19	2.50e-13	8.27e-09	2.47e-05	6.35e-03	9.94e-01	0.00e+00	0.00e+00	0.00e+00	0.00e+00	0.00e+00
 4.83047e+13	7.18e-25	1.10e-18	3.18e-13	9.91e-09	2.78e-05	6.75e-03	9.93e-01	0.00e+00	0.00e+00	0.00e+00	0.00e+00	0.00e+00
 4.98779e+13	1.04e-24	1.50e-18	4.08e-13	1.20e-08	3.16e-05	7.20e-03	9.93e-01	0.00e+00	0.00e+00	0.00e+00	0.00e+00	0.00e+00
 5.17974e+13	1.61e-24	2.16e-18	5.49e-13	1.50e-08	3.67e-05	7.77e-03	9.92e-01	0.00e+00	0.00e+00	0.00e+00	0.00e+00	0.00e+00
 5.37191e+13	2.46e-24	3.09e-18	7.31e-13	1.86e-08	4.23e-05	8.36e-03	9.92e-01	0.00e+00	0.00e+00	0.00e+00	0.00e+00	0.00e+00
 5.54178e+13	3.52e-24	4.17e-18	9.31e-13	2.23e-08	4.78e-05	8.89e-03	9.91e-01	0.00e+00	0.00e+00	0.00e+00	0.00e+00	0.00e+00
 5.72745e+13	5.17e-24	5.74e-18	1.21e-12	2.71e-08	5.45e-05	9.50e-03	9.90e-01	0.00e+00	0.00e+00	0.00e+00	0.00e+00	0.00e+00
 5.95054e+13	8.03e-24	8.31e-18	1.63e-12	3.40e-08	6.34e-05	1.03e-02	9.90e-01	0.00e+00	0.00e+00	0.00e+00	0.00e+00	0.00e+00
 6.17273e+13	1.23e-23	1.19e-17	2.17e-12	4.22e-08	7.33e-05	1.11e-02	9.89e-01	0.00e+00	0.00e+00	0.00e+00	0.00e+00	0.00e+00
 6.37394e+13	1.77e-23	1.62e-17	2.79e-12	5.10e-08	8.33e-05	1.18e-02	9.88e-01	0.00e+00	0.00e+00	0.00e+00	0.00e+00	0.00e+00
 6.59743e+13	2.66e-23	2.27e-17	3.66e-12	6.25e-08	9.54e-05	1.26e-02	9.87e-01	0.00e+00	0.00e+00	0.00e+00	0.00e+00	0.00e+00
 6.85971e+13	4.15e-23	3.31e-17	4.97e-12	7.90e-08	1.12e-04	1.37e-02	9.86e-01	0.00e+00	0.00e+00	0.00e+00	0.00e+00	0.00e+00
 7.11805e+13	6.34e-23	4.72e-17	6.64e-12	9.84e-08	1.29e-04	1.48e-02	9.85e-01	0.00e+00	0.00e+00	0.00e+00	0.00e+00	0.00e+00
 7.35905e+13	9.30e-23	6.51e-17	8.62e-12	1.20e-07	1.47e-04	1.58e-02	9.84e-01	0.00e+00	0.00e+00	0.00e+00	0.00e+00	0.00e+00
 7.62874e+13	1.40e-22	9.19e-17	1.14e-11	1.48e-07	1.70e-04	1.70e-02	9.83e-01	0.00e+00	0.00e+00	0.00e+00	0.00e+00	0.00e+00
 7.93688e+13	2.19e-22	1.34e-16	1.56e-11	1.88e-07	2.00e-04	1.85e-02	9.81e-01	0.00e+00	0.00e+00	0.00e+00	0.00e+00	0.00e+00
 8.24274e+13	3.37e-22	1.93e-16	2.09e-11	2.36e-07	2.32e-04	2.00e-02	9.80e-01	0.00e+00	0.00e+00	0.00e+00	0.00e+00	0.00e+00
 8.56083e+13	5.13e-22	2.76e-16	2.81e-11	2.95e-07	2.70e-04	2.17e-02	9.78e-01	0.00e+00	0.00e+00	0.00e+00	0.00e+00	0.00e+00
 8.84931e+13	7.46e-22	3.80e-16	3.64e-11	3.60e-07	3.08e-04	2.32e-02	9.76e-01	0.00e+00	0.00e+00	0.00e+00	0.00e+00	0.00e+00
 9.06709e+13	9.74e-22	4.76e-16	4.40e-11	4.16e-07	3.40e-04	2.44e-02	9.75e-01	0.00e+00	0.00e+00	0.00e+00	0.00e+00	0.00e+00
 9.29392e+13	1.28e-21	6.01e-16	5.32e-11	4.82e-07	3.75e-04	2.57e-02	9.74e-01	0.00e+00	0.00e+00	0.00e+00	0.00e+00	0.00e+00
 9.58880e+13	1.80e-21	8.07e-16	6.79e-11	5.81e-07	4.25e-04	2.75e-02	9.72e-01	0.00e+00	0.00e+00	0.00e+00	0.00e+00	0.00e+00
 9.90923e+13	2.59e-21	1.10e-15	8.78e-11	7.08e-07	4.86e-04	2.95e-02	9.70e-01	0.00e+00	0.00e+00	0.00e+00	0.00e+00	0.00e+00
 1.01991e+14	3.53e-21	1.43e-15	1.10e-10	8.41e-07	5.45e-04	3.13e-02	9.68e-01	0.00e+00	0.00e+00	0.00e+00	0.00e+00	0.00e+00
 1.05121e+14	4.88e-21	1.90e-15	1.38e-10	1.01e-06	6.16e-04	3.34e-02	9.66e-01	0.00e+00	0.00e+00	0.00e+00	0.00e+00	0.00e+00
 1.09043e+14	7.25e-21	2.67e-15	1.84e-10	1.26e-06	7.14e-04	3.62e-02	9.63e-01	0.00e+00	0.00e+00	0.00e+00	0.00e+00	0.00e+00
 1.12994e+14	1.06e-20	3.70e-15	2.42e-10	1.56e-06	8.24e-04	3.91e-02	9.60e-01	0.00e+00	0.00e+00	0.00e+00	0.00e+00	0.00e+00
 1.16376e+14	1.45e-20	4.84e-15	3.04e-10	1.86e-06	9.27e-04	4.16e-02	9.57e-01	0.00e+00	0.00e+00	0.00e+00	0.00e+00	0.00e+00
 1.20019e+14	1.99e-20	6.40e-15	3.85e-10	2.23e-06	1.05e-03	4.45e-02	9.54e-01	0.00e+00	0.00e+00	0.00e+00	0.00e+00	0.00e+00
 1.24534e+14	2.93e-20	8.97e-15	5.12e-10	2.79e-06	1.22e-03	4.82e-02	9.51e-01	0.00e+00	0.00e+00	0.00e+00	0.00e+00	0.00e+00
 1.29109e+14	4.25e-20	1.24e-14	6.76e-10	3.47e-06	1.41e-03	5.22e-02	9.46e-01	0.00e+00	0.00e+00	0.00e+00	0.00e+00	0.00e+00
 1.33115e+14	5.81e-20	1.64e-14	8.54e-10	4.16e-06	1.59e-03	5.57e-02	9.43e-01	0.00e+00	0.00e+00	0.00e+00	0.00e+00	0.00e+00
 1.37456e+14	8.00e-20	2.17e-14	1.09e-09	5.04e-06	1.81e-03	5.98e-02	9.38e-01	0.00e+00	0.00e+00	0.00e+00	0.00e+00	0.00e+00
 1.42722e+14	1.18e-19	3.06e-14	1.46e-09	6.33e-06	2.10e-03	6.49e-02	9.33e-01	0.00e+00	0.00e+00	0.00e+00	0.00e+00	0.00e+00
 1.47969e+14	1.69e-19	4.21e-14	1.92e-09	7.86e-06	2.43e-03	7.02e-02	9.27e-01	0.00e+00	0.00e+00	0.00e+00	0.00e+00	0.00e+00
 1.52638e+14	2.30e-19	5.54e-14	2.44e-09	9.46e-06	2.74e-03	7.52e-02	9.22e-01	0.00e+00	0.00e+00	0.00e+00	0.00e+00	0.00e+00
 1.57778e+14	3.21e-19	7.45e-14	3.14e-09	1.15e-05	3.13e-03	8.08e-02	9.16e-01	0.00e+00	0.00e+00	0.00e+00	0.00e+00	0.00e+00
 1.63912e+14	4.69e-19	1.05e-13	4.21e-09	1.45e-05	3.64e-03	8.78e-02	9.09e-01	0.00e+00	0.00e+00	0.00e+00	0.00e+00	0.00e+00
 1.69998e+14	6.71e-19	1.44e-13	5.58e-09	1.81e-05	4.20e-03	9.50e-02	9.01e-01	0.00e+00	0.00e+00	0.00e+00	0.00e+00	0.00e+00
 1.75553e+14	9.21e-19	1.92e-13	7.14e-09	2.19e-05	4.77e-03	1.02e-01	8.93e-01	0.00e+00	0.00e+00	0.00e+00	0.00e+00	0.00e+00
 1.81760e+14	1.30e-18	2.62e-13	9.33e-09	2.70e-05	5.47e-03	1.10e-01	8.85e-01	0.00e+00	0.00e+00	0.00e+00	0.00e+00	0.00e+00
 1.88989e+14	1.90e-18	3.70e-13	1.26e-08	3.41e-05	6.37e-03	1.19e-01	8.74e-01	0.00e+00	0.00e+00	0.00e+00	0.00e+00	0.00e+00
 1.96092e+14	2.72e-18	5.12e-13	1.68e-08	4.25e-05	7.36e-03	1.29e-01	8.64e-01	0.00e+00	0.00e+00	0.00e+00	0.00e+00	0.00e+00
 2.02811e+14	3.80e-18	6.93e-13	2.18e-08	5.20e-05	8.39e-03	1.38e-01	8.53e-01	0.00e+00	0.00e+00	0.00e+00	0.00e+00	0.00e+00
 2.10285e+14	5.42e-18	9.58e-13	2.89e-08	6.46e-05	9.65e-03	1.49e-01	8.41e-01	0.00e+00	0.00e+00	0.00e+00	0.00e+00	0.00e+00
 2.17433e+14	7.49e-18	1.29e-12	3.75e-08	7.88e-05	1.10e-02	1.60e-01	8.29e-01	0.00e+00	0.00e+00	0.00e+00	0.00e+00	0.00e+00
 2.22880e+14	9.51e-18	1.60e-12	4.54e-08	9.13e-05	1.21e-02	1.68e-01	8.20e-01	0.00e+00	0.00e+00	0.00e+00	0.00e+00	0.00e+00
 2.28485e+14	1.22e-17	2.01e-12	5.52e-08	1.06e-04	1.33e-02	1.77e-01	8.10e-01	0.00e+00	0.00e+00	0.00e+00	0.00e+00	0.00e+00
 2.35771e+14	1.65e-17	2.66e-12	7.06e-08	1.28e-04	1.50e-02	1.88e-01	7.97e-01	0.00e+00	0.00e+00	0.00e+00	0.00e+00	0.00e+00
 2.43561e+14	2.28e-17	3.57e-12	9.12e-08	1.55e-04	1.69e-02	2.00e-01	7.82e-01	0.00e+00	0.00e+00	1.02e-17	5.99e-18	1.95e-18
 2.50460e+14	2.96e-17	4.57e-12	1.14e-07	1.83e-04	1.88e-02	2.12e-01	7.69e-01	0.00e+00	0.00e+00	1.56e-17	9.51e-18	4.21e-18
 2.57882e+14	3.96e-17	5.96e-12	1.43e-07	2.18e-04	2.10e-02	2.24e-01	7.55e-01	0.00e+00	0.00e+00	2.09e-17	1.27e-17	5.61e-18
 2.67334e+14	5.66e-17	8.26e-12	1.90e-07	2.70e-04	2.41e-02	2.40e-01	7.36e-01	0.00e+00	0.00e+00	2.98e-17	1.81e-17	8.01e-18
 2.76933e+14	7.95e-17	1.13e-11	2.51e-07	3.32e-04	2.75e-02	2.56e-01	7.17e-01	0.00e+00	0.00e+00	4.19e-17	2.55e-17	1.12e-17
 2.85051e+14	1.06e-16	1.47e-11	3.15e-07	3.94e-04	3.06e-02	2.69e-01	7.00e-01	0.00e+00	0.00e+00	5.60e-17	3.41e-17	1.50e-17
 2.93737e+14	1.45e-16	1.95e-11	4.00e-07	4.70e-04	3.42e-02	2.84e-01	6.81e-01	0.00e+00	0.00e+00	7.65e-17	4.66e-17	2.05e-17
 3.04634e+14	2.12e-16	2.74e-11	5.35e-07	5.82e-04	3.92e-02	3.02e-01	6.58e-01	0.00e+00	0.00e+00	1.12e-16	6.81e-17	2.99e-17
 3.15759e+14	3.07e-16	3.83e-11	7.11e-07	7.18e-04	4.46e-02	3.21e-01	6.34e-01	0.00e+00	0.00e+00	1.61e-16	9.84e-17	4.31e-17
 3.25304e+14	4.14e-16	5.03e-11	8.97e-07	8.52e-04	4.96e-02	3.37e-01	6.13e-01	0.00e+00	0.00e+00	2.18e-16	1.33e-16	5.81e-17
 3.35443e+14	5.74e-16	6.72e-11	1.15e-06	1.02e-03	5.55e-02	3.53e-01	5.90e-01	0.00e+00	0.00e+00	3.02e-16	1.84e-16	8.04e-17
 3.48012e+14	8.53e-16	9.56e-11	1.54e-06	1.27e-03	6.34e-02	3.73e-01	5.62e-01	0.00e+00	0.00e+00	4.50e-16	2.74e-16	1.19e-16
 3.60507e+14	1.23e-15	1.33e-10	2.04e-06	1.55e-03	7.17e-02	3.93e-01	5.34e-01	0.00e+00	0.00e+00	6.48e-16	3.95e-16	1.72e-16
 3.71198e+14	1.66e-15	1.74e-10	2.57e-06	1.83e-03	7.94e-02	4.08e-01	5.10e-01	0.00e+00	0.00e+00	8.75e-16	5.33e-16	2.31e-16
 3.82779e+14	2.32e-15	2.33e-10	3.28e-06	2.18e-03	8.84e-02	4.25e-01	4.84e-01	0.00e+00	0.00e+00	1.22e-15	7.44e-16	3.22e-16
 3.97126e+14	3.47e-15	3.32e-10	4.42e-06	2.70e-03	1.00e-01	4.44e-01	4.53e-01	0.00e+00	0.00e+00	1.83e-15	1.11e-15	4.80e-16
 4.11492e+14	5.04e-15	4.63e-10	5.86e-06	3.30e-03	1.13e-01	4.62e-01	4.22e-01	0.00e+00	0.00e+00	2.65e-15	1.61e-15	6.95e-16
 4.23750e+14	6.82e-15	6.05e-10	7.37e-06	3.88e-03	1.25e-01	4.76e-01	3.96e-01	0.00e+00	0.00e+00	3.59e-15	2.19e-15	9.39e-16
 4.34230e+14	8.85e-15	7.62e-10	8.97e-06	4.45e-03	1.35e-01	4.86e-01	3.74e-01	0.00e+00	0.00e+00	4.66e-15	2.84e-15	1.22e-15
 4.45239e+14	1.17e-14	9.69e-10	1.10e-05	5.13e-03	1.47e-01	4.97e-01	3.51e-01	0.00e+00	0.00e+00	6.14e-15	3.73e-15	1.60e-15
 4.57591e+14	1.55e-14	1.25e-09	1.36e-05	5.96e-03	1.61e-01	5.07e-01	3.27e-01	0.00e+00	0.00e+00	8.18e-15	4.97e-15	2.12e-15
 4.69308e+14	2.03e-14	1.58e-09	1.67e-05	6.86e-03	1.74e-01	5.15e-01	3.04e-01	0.00e+00	0.00e+00	1.07e-14	6.50e-15	2.77e-15
 4.80419e+14	2.61e-14	1.97e-09	2.01e-05	7.81e-03	1.87e-01	5.21e-01	2.84e-01	0.00e+00	0.00e+00	1.37e-14	8.35e-15	3.55e-15
 4.93123e+14	3.49e-14	2.53e-09	2.48e-05	9.02e-03	2.04e-01	5.27e-01	2.61e-01	0.00e+00	0.00e+00	1.83e-14	1.12e-14	4.73e-15
 5.07154e+14	4.73e-14	3.31e-09	3.12e-05	1.05e-02	2.22e-01	5.31e-01	2.37e-01	0.00e+00	0.00e+00	2.49e-14	1.51e-14	6.40e-15
 5.20057e+14	6.17e-14	4.17e-09	3.81e-05	1.21e-02	2.39e-01	5.33e-01	2.16e-01	0.00e+00	0.00e+00	3.25e-14	1.97e-14	8.33e-15
 5.32102e+14	7.90e-14	5.18e-09	4.58e-05	1.37e-02	2.56e-01	5.33e-01	1.97e-01	0.00e+00	0.00e+00	4.15e-14	2.52e-14	1.06e-14
 5.45886e+14	1.05e-13	6.61e-09	5.64e-05	1.57e-02	2.76e-01	5.31e-01	1.77e-01	0.00e+00	0.00e+00	5.51e-14	3.34e-14	1.41e-14
 5.61128e+14	1.42e-13	8.62e-09	7.08e-05	1.83e-02	2.98e-01	5.27e-01	1.57e-01	0.00e+00	0.00e+00	7.45e-14	4.52e-14	1.90e-14
 5.75041e+14	1.83e-13	1.08e-08	8.62e-05	2.08e-02	3.19e-01	5.20e-01	1.40e-01	0.00e+00	0.00e+00	9.59e-14	5.82e-14	2.43e-14
 5.89906e+14	2.45e-13	1.39e-08	1.07e-04	2.40e-02	3.42e-01	5.11e-01	1.22e-01	0.00e+00	0.00e+00	1.29e-13	7.81e-14	3.26e-14
 6.06082e+14	3.29e-13	1.80e-08	1.34e-04	2.77e-02	3.67e-01	4.99e-01	1.06e-01	0.00e+00	0.00e+00	1.72e-13	1.05e-13	4.35e-14
 6.20698e+14	4.30e-13	2.27e-08	1.64e-04	3.16e-02	3.90e-01	4.86e-01	9.19e-02	0.00e+00	0.00e+00	2.26e-13	1.37e-13	5.68e-14
 6.34276e+14	5.50e-13	2.81e-08	1.97e-04	3.55e-02	4.12e-01	4.72e-01	8.03e-02	0.00e+00	0.00e+00	2.88e-13	1.75e-13	7.23e-14
 6.49773e+14	7.29e-13	3.59e-08	2.43e-04	4.05e-02	4.37e-01	4.54e-01	6.83e-02	0.00e+00	0.00e+00	3.82e-13	2.31e-13	9.55e-14
 6.66409e+14	9.82e-13	4.65e-08	3.04e-04	4.65e-02	4.63e-01	4.33e-01	5.72e-02	0.00e+00	0.00e+00	5.14e-13	3.11e-13	1.28e-13
 6.80443e+14	1.24e-12	5.72e-08	3.64e-04	5.21e-02	4.84e-01	4.15e-01	4.90e-02	0.00e+00	0.00e+00	6.50e-13	3.93e-13	1.61e-13
 6.92578e+14	1.54e-12	6.90e-08	4.28e-04	5.74e-02	5.02e-01	3.98e-01	4.26e-02	0.00e+00	0.00e+00	8.04e-13	4.87e-13	1.99e-13
 7.06323e+14	1.97e-12	8.54e-08	5.15e-04	6.40e-02	5.22e-01	3.77e-01	3.61e-02	0.00e+00	0.00e+00	1.03e-12	6.21e-13	2.54e-13
 7.21657e+14	2.62e-12	1.09e-07	6.33e-04	7.23e-02	5.43e-01	3.54e-01	2.98e-02	0.00e+00	0.00e+00	1.36e-12	8.25e-13	3.35e-13
 7.35816e+14	3.36e-12	1.35e-07	7.63e-04	8.05e-02	5.62e-01	3.32e-01	2.49e-02	0.00e+00	0.00e+00	1.75e-12	1.06e-12	4.27e-13
 7.48818e+14	4.20e-12	1.65e-07	9.09e-04	8.89e-02	5.78e-01	3.11e-01	2.10e-02	0.00e+00	0.00e+00	2.18e-12	1.32e-12	5.31e-13
 7.63554e+14	5.74e-12	2.13e-07	1.12e-03	9.99e-02	5.95e-01	2.87e-01	1.70e-02	0.00e+00	0.00e+00	2.98e-12	1.80e-12	7.22e-13
 7.78958e+14	7.45e-12	2.69e-07	1.38e-03	1.12e-01	6.10e-01	2.63e-01	1.37e-02	0.00e+00	0.00e+00	3.86e-12	2.33e-12	9.31e-13
 7.91804e+14	9.78e-12	3.38e-07	1.66e-03	1.23e-01	6.21e-01	2.43e-01	1.13e-02	0.00e+00	0.00e+00	5.06e-12	3.05e-12	1.21e-12
 8.02750e+14	1.22e-11	4.09e-07	1.96e-03	1.34e-01	6.28e-01	2.26e-01	9.57e-03	0.00e+00	0.00e+00	6.32e-12	3.81e-12	1.51e-12
 8.14653e+14	1.56e-11	5.04e-07	2.35e-03	1.47e-01	6.35e-01	2.07e-01	7.89e-03	0.00e+00	0.00e+00	8.04e-12	4.84e-12	1.91e-12
 8.27781e+14	2.16e-11	6.57e-07	2.89e-03	1.63e-01	6.40e-01	1.88e-01	6.33e-03	0.00e+00	0.00e+00	1.11e-11	6.68e-12	2.62e-12
 8.39236e+14	2.80e-11	8.19e-07	3.48e-03	1.78e-01	6.42e-01	1.71e-01	5.21e-03	0.00e+00	0.00e+00	1.44e-11	8.65e-12	3.37e-12
 8.49150e+14	3.58e-11	1.01e-06	4.13e-03	1.93e-01	6.42e-01	1.57e-01	4.36e-03	0.00e+00	0.00e+00	1.83e-11	1.10e-11	4.26e-12
 8.60329e+14	4.73e-11	1.28e-06	5.06e-03	2.11e-01	6.39e-01	1.41e-01	3.52e-03	0.00e+00	0.00e+00	2.42e-11	1.45e-11	5.59e-12
 8.71101e+14	6.58e-11	1.66e-06	6.22e-03	2.31e-01	6.34e-01	1.27e-01	2.86e-03	0.00e+00	0.00e+00	3.36e-11	2.01e-11	7.69e-12
 8.78676e+14	8.25e-11	2.00e-06	7.24e-03	2.46e-01	6.28e-01	1.17e-01	2.45e-03	0.00e+00	0.00e+00	4.20e-11	2.52e-11	9.56e-12
 8.84866e+14	1.00e-10	2.35e-06	8.25e-03	2.59e-01	6.22e-01	1.09e-01	2.15e-03	0.00e+00	0.00e+00	5.09e-11	3.05e-11	1.15e-11
 8.91924e+14	1.19e-10	2.76e-06	9.65e-03	2.76e-01	6.13e-01	9.97e-02	1.83e-03	0.00e+00	0.00e+00	6.06e-11	3.63e-11	1.36e-11
 8.99762e+14	1.56e-10	3.45e-06	1.16e-02	2.96e-01	6.01e-01	9.00e-02	1.52e-03	0.00e+00	0.00e+00	7.89e-11	4.72e-11	1.77e-11
 9.06763e+14	2.06e-10	4.31e-06	1.38e-02	3.16e-01	5.87e-01	8.16e-02	1.28e-03	0.00e+00	0.00e+00	1.04e-10	6.21e-11	2.30e-11
 9.12156e+14	2.84e-10	5.43e-06	1.60e-02	3.33e-01	5.75e-01	7.51e-02	1.11e-03	0.00e+00	0.00e+00	1.43e-10	8.54e-11	3.15e-11
 9.16325e+14	3.40e-10	6.29e-06	1.80e-02	3.46e-01	5.65e-01	7.02e-02	9.92e-04	0.00e+00	0.00e+00	1.71e-10	1.02e-10	3.75e-11
 9.20754e+14	3.93e-10	7.19e-06	2.06e-02	3.62e-01	5.51e-01	6.49e-02	8.71e-04	0.00e+00	0.00e+00	1.97e-10	1.18e-10	4.31e-11
 9.25680e+14	4.96e-10	8.70e-06	2.40e-02	3.81e-01	5.35e-01	5.92e-02	7.50e-04	0.00e+00	0.00e+00	2.49e-10	1.48e-10	5.40e-11
 9.30068e+14	6.30e-10	1.05e-05	2.78e-02	3.98e-01	5.19e-01	5.41e-02	6.51e-04	0.00e+00	0.00e+00	3.16e-10	1.88e-10	6.82e-11
 9.33703e+14	8.47e-10	1.30e-05	3.17e-02	4.14e-01	5.04e-01	4.99e-02	5.72e-04	0.00e+00	0.00e+00	4.24e-10	2.52e-10	9.09e-11
 9.36924e+14	1.00e-09	1.50e-05	3.58e-02	4.28e-01	4.89e-01	4.62e-02	5.09e-04	0.00e+00	0.00e+00	5.01e-10	2.99e-10	1.07e-10
 9.40491e+14	1.20e-09	1.76e-05	4.12e-02	4.46e-01	4.70e-01	4.21e-02	4.41e-04	0.00e+00	0.00e+00	6.01e-10	3.58e-10	1.28e-10
 9.44245e+14	1.54e-09	2.14e-05	4.82e-02	4.64e-01	4.49e-01	3.78e-02	3.77e-04	0.00e+00	0.00e+00	7.67e-10	4.56e-10	1.62e-10
 9.47305e+14	2.13e-09	2.69e-05	5.54e-02	4.80e-01	4.30e-01	3.43e-02	3.26e-04	0.00e+00	0.00e+00	1.06e-09	6.30e-10	2.23e-10
 9.49716e+14	2.50e-09	3.09e-05	6.22e-02	4.93e-01	4.13e-01	3.16e-02	2.90e-04	0.00e+00	0.00e+00	1.24e-09	7.39e-10	2.61e-10
 9.52221e+14	2.95e-09	3.55e-05	7.04e-02	5.07e-01	3.94e-01	2.87e-02	2.52e-04	0.00e+00	0.00e+00	1.47e-09	8.71e-10	3.07e-10
 9.54956e+14	3.69e-09	4.26e-05	8.12e-02	5.22e-01	3.71e-01	2.56e-02	2.15e-04	0.00e+00	0.00e+00	1.84e-09	1.09e-09	3.84e-10
 9.57319e+14	5.02e-09	5.30e-05	9.28e-02	5.34e-01	3.50e-01	2.29e-02	1.84e-04	0.00e+00	0.00e+00	2.49e-09	1.48e-09	5.19e-10
 9.59199e+14	5.91e-09	6.07e-05	1.04e-01	5.44e-01	3.31e-01	2.08e-02	1.62e-04	0.00e+00	0.00e+00	2.94e-09	1.74e-09	6.10e-10
 9.61121e+14	7.29e-09	7.14e-05	1.17e-01	5.54e-01	3.11e-01	1.85e-02	1.39e-04	0.00e+00	0.00e+00	3.62e-09	2.15e-09	7.49e-10
 9.63165e+14	9.07e-09	8.48e-05	1.33e-01	5.63e-01	2.88e-01	1.63e-02	1.17e-04	0.00e+00	0.00e+00	4.50e-09	2.67e-09	9.29e-10
 9.64871e+14	1.12e-08	9.93e-05	1.48e-01	5.69e-01	2.68e-01	1.44e-02	9.96e-05	0.00e+00	0.00e+00	5.56e-09	3.30e-09	1.14e-09
 9.66262e+14	1.30e-08	1.12e-04	1.63e-01	5.74e-01	2.50e-01	1.29e-02	8.63e-05	0.00e+00	0.00e+00	6.46e-09	3.83e-09	1.33e-09
 9.67744e+14	1.50e-08	1.26e-04	1.81e-01	5.77e-01	2.30e-01	1.13e-02	7.28e-05	0.00e+00	0.00e+00	7.43e-09	4.41e-09	1.53e-09
 9.69324e+14	1.82e-08	1.47e-04	2.03e-01	5.79e-01	2.08e-01	9.66e-03	5.98e-05	0.00e+00	0.00e+00	9.03e-09	5.36e-09	1.85e-09
 9.70635e+14	2.30e-08	1.74e-04	2.23e-01	5.78e-01	1.90e-01	8.36e-03	4.98e-05	0.00e+00	0.00e+00	1.14e-08	6.78e-09	2.34e-09
 9.71672e+14	2.53e-08	1.89e-04	2.41e-01	5.77e-01	1.75e-01	7.37e-03	4.26e-05	0.00e+00	0.00e+00	1.25e-08	7.43e-09	2.56e-09
 9.72752e+14	2.95e-08	2.12e-04	2.62e-01	5.73e-01	1.59e-01	6.36e-03	3.55e-05	0.00e+00	0.00e+00	1.46e-08	8.66e-09	2.98e-09
 9.73926e+14	3.46e-08	2.39e-04	2.85e-01	5.68e-01	1.41e-01	5.36e-03	2.87e-05	0.00e+00	0.00e+00	1.72e-08	1.02e-08	3.49e-09
 9.74948e+14	4.02e-08	2.68e-04	3.08e-01	5.61e-01	1.26e-01	4.54e-03	2.34e-05	0.00e+00	0.00e+00	1.99e-08	1.18e-08	4.06e-09
 9.75813e+14	4.57e-08	2.95e-04	3.28e-01	5.54e-01	1.14e-01	3.89e-03	1.94e-05	0.00e+00	0.00e+00	2.27e-08	1.35e-08	4.61e-09
 9.76748e+14	5.44e-08	3.32e-04	3.52e-01	5.44e-01	1.01e-01	3.24e-03	1.55e-05	0.00e+00	0.00e+00	2.70e-08	1.60e-08	5.48e-09
 9.77730e+14	6.21e-08	3.67e-04	3.77e-01	5.33e-01	8.73e-02	2.64e-03	1.21e-05	0.00e+00	0.00e+00	3.09e-08	1.83e-08	6.26e-09
 9.78559e+14	6.99e-08	3.99e-04	3.99e-01	5.22e-01	7.66e-02	2.18e-03	9.59e-06	0.00e+00	0.00e+00	3.48e-08	2.06e-08	7.04e-09
 9.79294e+14	7.75e-08	4.30e-04	4.19e-01	5.11e-01	6.76e-02	1.82e-03	7.70e-06	0.00e+00	0.00e+00	3.86e-08	2.28e-08	7.80e-09
 9.80122e+14	8.74e-08	4.68e-04	4.42e-01	4.98e-01	5.81e-02	1.46e-03	5.89e-06	0.00e+00	0.00e+00	4.35e-08	2.58e-08	8.80e-09
 9.81021e+14	9.82e-08	5.07e-04	4.66e-01	4.84e-01	4.89e-02	1.14e-03	4.35e-06	0.00e+00	0.00e+00	4.90e-08	2.90e-08	9.88e-09
 9.81828e+14	1.09e-07	5.46e-04	4.88e-01	4.69e-01	4.14e-02	8.94e-04	3.24e-06	0.00e+00	0.00e+00	5.45e-08	3.22e-08	1.10e-08
 9.82513e+14	1.19e-07	5.79e-04	5.06e-01	4.57e-01	3.57e-02	7.21e-04	2.50e-06	0.00e+00	0.00e+00	5.93e-08	3.51e-08	1.19e-08
 9.83221e+14	1.30e-07	6.14e-04	5.24e-01	4.45e-01	3.03e-02	5.67e-04	1.87e-06	0.00e+00	0.00e+00	6.49e-08	3.84e-08	1.31e-08
 9.84022e+14	1.42e-07	6.53e-04	5.43e-01	4.31e-01	2.51e-02	4.31e-04	1.33e-06	0.00e+00	0.00e+00	7.12e-08	4.21e-08	1.43e-08
 9.84806e+14	1.55e-07	6.91e-04	5.61e-01	4.17e-01	2.08e-02	3.26e-04	9.48e-07	0.00e+00	0.00e+00	7.76e-08	4.59e-08	1.56e-08
 9.85691e+14	1.70e-07	7.33e-04	5.80e-01	4.02e-01	1.66e-02	2.34e-04	0.00e+00	0.00e+00	0.00e+00	8.52e-08	5.04e-08	1.71e-08
 9.86668e+14	1.85e-07	7.75e-04	5.99e-01	3.87e-01	1.30e-02	1.62e-04	0.00e+00	0.00e+00	0.00e+00	9.33e-08	5.52e-08	1.87e-08
 9.87616e+14	2.00e-07	8.14e-04	6.15e-01	3.74e-01	1.02e-02	1.13e-04	0.00e+00	0.00e+00	0.00e+00	1.01e-07	5.97e-08	2.02e-08
 9.88698e+14	2.17e-07	8.56e-04	6.31e-01	3.60e-01	7.78e-03	7.41e-05	0.00e+00	0.00e+00	0.00e+00	1.10e-07	6.49e-08	2.20e-08
 9.90106e+14	2.38e-07	9.03e-04	6.48e-01	3.45e-01	5.49e-03	4.31e-05	0.00e+00	0.00e+00	0.00e+00	1.20e-07	7.12e-08	2.41e-08
 9.91935e+14	2.63e-07	9.55e-04	6.66e-01	3.30e-01	3.57e-03	2.17e-05	0.00e+00	0.00e+00	0.00e+00	1.33e-07	7.86e-08	2.66e-08
 9.94313e+14	2.91e-07	1.01e-03	6.82e-01	3.15e-01	2.11e-03	9.24e-06	0.00e+00	0.00e+00	0.00e+00	1.47e-07	8.71e-08	2.94e-08
 9.97405e+14	3.23e-07	1.06e-03	6.95e-01	3.02e-01	1.15e-03	3.32e-06	0.00e+00	0.00e+00	0.00e+00	1.64e-07	9.68e-08	3.27e-08
 1.00142e+15	3.61e-07	1.12e-03	7.07e-01	2.91e-01	5.78e-04	1.01e-06	0.00e+00	0.00e+00	0.00e+00	1.83e-07	1.08e-07	3.66e-08
 1.00665e+15	4.12e-07	1.18e-03	7.17e-01	2.81e-01	2.73e-04	2.61e-07	0.00e+00	0.00e+00	0.00e+00	2.09e-07	1.24e-07	4.17e-08
 1.01344e+15	4.87e-07	1.26e-03	7.28e-01	2.70e-01	1.24e-04	0.00e+00	0.00e+00	0.00e+00	0.00e+00	2.47e-07	1.46e-07	4.92e-08
 1.02227e+15	6.06e-07	1.38e-03	7.41e-01	2.58e-01	5.40e-05	0.00e+00	0.00e+00	0.00e+00	0.00e+00	3.07e-07	1.81e-07	6.11e-08
 1.03375e+15	8.17e-07	1.56e-03	7.59e-01	2.40e-01	2.24e-05	0.00e+00	0.00e+00	0.00e+00	0.00e+00	4.13e-07	2.44e-07	8.21e-08
 1.04495e+15	1.12e-06	1.77e-03	7.75e-01	2.23e-01	1.10e-05	0.00e+00	0.00e+00	0.00e+00	0.00e+00	5.65e-07	3.34e-07	1.12e-07
 1.05296e+15	1.43e-06	1.96e-03	7.88e-01	2.10e-01	6.95e-06	0.00e+00	0.00e+00	0.00e+00	0.00e+00	7.21e-07	4.27e-07	1.43e-07
 1.05936e+15	1.75e-06	2.13e-03	7.98e-01	1.99e-01	4.90e-06	0.00e+00	0.00e+00	0.00e+00	0.00e+00	8.82e-07	5.22e-07	1.75e-07
 1.06653e+15	2.22e-06	2.37e-03	8.11e-01	1.87e-01	3.32e-06	0.00e+00	0.00e+00	0.00e+00	0.00e+00	1.12e-06	6.62e-07	2.22e-07
 1.07459e+15	2.95e-06	2.68e-03	8.26e-01	1.72e-01	2.18e-06	0.00e+00	0.00e+00	0.00e+00	0.00e+00	1.48e-06	8.78e-07	2.94e-07
 1.08196e+15	3.86e-06	3.04e-03	8.39e-01	1.58e-01	1.52e-06	0.00e+00	0.00e+00	0.00e+00	0.00e+00	1.94e-06	1.15e-06	3.85e-07
 1.08829e+15	4.96e-06	3.41e-03	8.50e-01	1.46e-01	1.11e-06	0.00e+00	0.00e+00	0.00e+00	0.00e+00	2.49e-06	1.48e-06	4.94e-07
 1.09413e+15	6.32e-06	3.83e-03	8.61e-01	1.35e-01	8.33e-07	0.00e+00	0.00e+00	0.00e+00	0.00e+00	3.17e-06	1.88e-06	6.29e-07
 1.09977e+15	8.11e-06	4.32e-03	8.72e-01	1.24e-01	0.00e+00	0.00e+00	0.00e+00	0.00e+00	0.00e+00	4.07e-06	2.41e-06	8.06e-07
 1.10516e+15	1.04e-05	4.89e-03	8.82e-01	1.13e-01	0.00e+00	0.00e+00	0.00e+00	0.00e+00	0.00e+00	5.23e-06	3.11e-06	1.04e-06
 1.11013e+15	1.34e-05	5.54e-03	8.91e-01	1.03e-01	0.00e+00	0.00e+00	0.00e+00	0.00e+00	0.00e+00	6.69e-06	3.98e-06	1.33e-06
 1.11468e+15	1.70e-05	6.26e-03	9.00e-01	9.37e-02	0.00e+00	0.00e+00	0.00e+00	0.00e+00	0.00e+00	8.50e-06	5.05e-06	1.69e-06
 1.11888e+15	2.14e-05	7.06e-03	9.08e-01	8.54e-02	0.00e+00	0.00e+00	0.00e+00	0.00e+00	0.00e+00	1.07e-05	6.38e-06	2.13e-06
 1.12285e+15	2.71e-05	7.98e-03	9.14e-01	7.75e-02	0.00e+00	0.00e+00	0.00e+00	0.00e+00	0.00e+00	1.36e-05	8.06e-06	2.69e-06
 1.12660e+15	3.42e-05	9.04e-03	9.21e-01	7.02e-02	0.00e+00	0.00e+00	0.00e+00	0.00e+00	0.00e+00	1.71e-05	1.02e-05	3.40e-06
 1.13010e+15	4.31e-05	1.02e-02	9.26e-01	6.33e-02	0.00e+00	0.00e+00	0.00e+00	0.00e+00	0.00e+00	2.16e-05	1.29e-05	4.29e-06
 1.13284e+15	5.22e-05	1.13e-02	9.30e-01	5.81e-02	0.00e+00	0.00e+00	0.00e+00	0.00e+00	0.00e+00	2.61e-05	1.55e-05	5.19e-06
 1.13472e+15	5.99e-05	1.22e-02	9.33e-01	5.46e-02	0.00e+00	0.00e+00	0.00e+00	0.00e+00	0.00e+00	3.00e-05	1.79e-05	5.96e-06
 1.13662e+15	6.92e-05	1.32e-02	9.36e-01	5.11e-02	0.00e+00	0.00e+00	0.00e+00	0.00e+00	0.00e+00	3.47e-05	2.06e-05	6.90e-06
 1.13908e+15	8.42e-05	1.48e-02	9.39e-01	4.64e-02	0.00e+00	0.00e+00	0.00e+00	0.00e+00	0.00e+00	4.22e-05	2.51e-05	8.39e-06
 1.14153e+15	1.03e-04	1.65e-02	9.41e-01	4.22e-02	0.00e+00	0.00e+00	0.00e+00	0.00e+00	0.00e+00	5.17e-05	3.07e-05	1.03e-05
 1.14336e+15	1.21e-04	1.81e-02	9.43e-01	3.89e-02	0.00e+00	0.00e+00	0.00e+00	0.00e+00	0.00e+00	6.07e-05	3.61e-05	1.21e-05
 1.14487e+15	1.39e-04	1.95e-02	9.44e-01	3.64e-02	0.00e+00	0.00e+00	0.00e+00	0.00e+00	0.00e+00	6.97e-05	4.14e-05	1.39e-05
 1.14656e+15	1.63e-04	2.14e-02	9.45e-01	3.34e-02	0.00e+00	0.00e+00	0.00e+00	0.00e+00	0.00e+00	8.20e-05	4.88e-05	1.63e-05
 1.14842e+15	1.97e-04	2.38e-02	9.46e-01	3.04e-02	0.00e+00	0.00e+00	0.00e+00	0.00e+00	0.00e+00	9.89e-05	5.88e-05	1.97e-05
 1.15006e+15	2.33e-04	2.63e-02	9.46e-01	2.78e-02	0.00e+00	0.00e+00	0.00e+00	0.00e+00	0.00e+00	1.17e-04	6.96e-05	2.33e-05
 1.15130e+15	2.67e-04	2.84e-02	9.45e-01	2.59e-02	0.00e+00	0.00e+00	0.00e+00	0.00e+00	0.00e+00	1.34e-04	7.97e-05	2.66e-05
 1.15224e+15	2.96e-04	3.01e-02	9.45e-01	2.45e-02	0.00e+00	0.00e+00	0.00e+00	0.00e+00	0.00e+00	1.49e-04	8.85e-05	2.96e-05
 1.15326e+15	3.35e-04	3.23e-02	9.44e-01	2.29e-02	0.00e+00	0.00e+00	0.00e+00	0.00e+00	0.00e+00	1.68e-04	9.99e-05	3.34e-05
 1.15439e+15	3.83e-04	3.50e-02	9.43e-01	2.13e-02	0.00e+00	0.00e+00	0.00e+00	0.00e+00	0.00e+00	1.92e-04	1.14e-04	3.83e-05
 1.15543e+15	4.36e-04	3.77e-02	9.42e-01	1.98e-02	0.00e+00	0.00e+00	0.00e+00	0.00e+00	0.00e+00	2.20e-04	1.30e-04	4.36e-05
 1.15636e+15	4.92e-04	4.05e-02	9.41e-01	1.85e-02	0.00e+00	0.00e+00	0.00e+00	0.00e+00	0.00e+00	2.48e-04	1.47e-04	4.92e-05
 1.15737e+15	5.65e-04	4.39e-02	9.39e-01	1.71e-02	0.00e+00	0.00e+00	0.00e+00	0.00e+00	0.00e+00	2.84e-04	1.69e-04	5.65e-05
 1.15842e+15	6.54e-04	4.78e-02	9.36e-01	1.57e-02	0.00e+00	0.00e+00	0.00e+00	0.00e+00	0.00e+00	3.30e-04	1.96e-04	6.55e-05
 1.15928e+15	7.41e-04	5.14e-02	9.33e-01	1.46e-02	0.00e+00	0.00e+00	0.00e+00	0.00e+00	0.00e+00	3.73e-04	2.22e-04	7.42e-05
 1.16004e+15	8.29e-04	5.49e-02	9.31e-01	1.36e-02	0.00e+00	0.00e+00	0.00e+00	0.00e+00	0.00e+00	4.18e-04	2.48e-04	8.30e-05
 1.16089e+15	9.51e-04	5.95e-02	9.27e-01	1.25e-02	0.00e+00	0.00e+00	0.00e+00	0.00e+00	0.00e+00	4.80e-04	2.85e-04	9.53e-05
 1.16179e+15	1.10e-03	6.48e-02	9.23e-01	1.15e-02	0.00e+00	0.00e+00	0.00e+00	0.00e+00	0.00e+00	5.54e-04	3.29e-04	1.10e-04
 1.16256e+15	1.25e-03	6.98e-02	9.18e-01	1.06e-02	0.00e+00	0.00e+00	0.00e+00	0.00e+00	0.00e+00	6.30e-04	3.74e-04	1.25e-04
 1.16324e+15	1.41e-03	7.49e-02	9.14e-01	9.86e-03	0.00e+00	0.00e+00	0.00e+00	0.00e+00	0.00e+00	7.11e-04	4.22e-04	1.41e-04
 1.16399e+15	1.62e-03	8.13e-02	9.08e-01	9.03e-03	0.00e+00	0.00e+00	0.00e+00	0.00e+00	0.00e+00	8.17e-04	4.84e-04	1.62e-04
 1.16480e+15	1.88e-03	8.88e-02	9.01e-01	8.19e-03	0.00e+00	0.00e+00	0.00e+00	0.00e+00	0.00e+00	9.50e-04	5.63e-04	1.88e-04
 1.16548e+15	2.14e-03	9.60e-02	8.94e-01	7.50e-03	0.00e+00	0.00e+00	0.00e+00	0.00e+00	0.00e+00	1.09e-03	6.43e-04	2.15e-04
 1.16607e+15	2.41e-03	1.03e-01	8.88e-01	6.93e-03	0.00e+00	0.00e+00	0.00e+00	0.00e+00	0.00e+00	1.22e-03	7.25e-04	2.42e-04
 1.16672e+15	2.78e-03	1.12e-01	8.79e-01	6.29e-03	0.00e+00	0.00e+00	0.00e+00	0.00e+00	0.00e+00	1.41e-03	8.34e-04	2.79e-04
 1.16742e+15	3.23e-03	1.22e-01	8.69e-01	5.66e-03	0.00e+00	0.00e+00	0.00e+00	0.00e+00	0.00e+00	1.64e-03	9.72e-04	3.25e-04
 1.16803e+15	3.71e-03	1.32e-01	8.59e-01	5.12e-03	0.00e+00	0.00e+00	0.00e+00	0.00e+00	0.00e+00	1.88e-03	1.12e-03	3.73e-04
 1.16857e+15	4.22e-03	1.43e-01	8.49e-01	4.67e-03	0.00e+00	0.00e+00	0.00e+00	0.00e+00	0.00e+00	2.14e-03	1.27e-03	4.24e-04
 1.16918e+15	4.91e-03	1.56e-01	8.35e-01	4.17e-03	0.00e+00	0.00e+00	0.00e+00	0.00e+00	0.00e+00	2.50e-03	1.48e-03	4.93e-04
 1.16982e+15	5.78e-03	1.71e-01	8.19e-01	3.67e-03	0.00e+00	0.00e+00	0.00e+00	0.00e+00	0.00e+00	2.94e-03	1.74e-03	5.82e-04
 1.17038e+15	6.72e-03	1.86e-01	8.04e-01	3.26e-03	0.00e+00	0.00e+00	0.00e+00	0.00e+00	0.00e+00	3.42e-03	2.02e-03	6.76e-04
 1.17089e+15	7.71e-03	2.02e-01	7.88e-01	2.91e-03	0.00e+00	0.00e+00	0.00e+00	0.00e+00	0.00e+00	3.93e-03	2.32e-03	7.76e-04
 1.17145e+15	9.12e-03	2.22e-01	7.67e-01	2.52e-03	0.00e+00	0.00e+00	0.00e+00	0.00e+00	0.00e+00	4.66e-03	2.75e-03	9.18e-04
