#depth	He	He+	He+2
 1.49634e+10	1.35e-22	8.37e-12	1.00e+00
 4.54887e+10	1.53e-22	9.06e-12	1.00e+00
 7.72350e+10	1.73e-22	9.83e-12	1.00e+00
 1.10251e+11	1.95e-22	1.07e-11	1.00e+00
 1.43268e+11	2.20e-22	1.15e-11	1.00e+00
 1.77605e+11	2.48e-22	1.25e-11	1.00e+00
 2.14636e+11	2.82e-22	1.35e-11	1.00e+00
 2.53148e+11	3.21e-22	1.47e-11	1.00e+00
 2.93201e+11	3.66e-22	1.60e-11	1.00e+00
 3.34856e+11	4.18e-22	1.73e-11	1.00e+00
 3.78177e+11	4.78e-22	1.88e-11	1.00e+00
 4.23231e+11	5.46e-22	2.05e-11	1.00e+00
 4.70087e+11	6.26e-22	2.23e-11	1.00e+00
 5.18817e+11	7.19e-22	2.42e-11	1.00e+00
 5.64605e+11	8.16e-22	2.61e-11	1.00e+00
 6.05501e+11	9.09e-22	2.79e-11	1.00e+00
 6.51390e+11	1.02e-21	3.00e-11	1.00e+00
 7.05837e+11	1.18e-21	3.26e-11	1.00e+00
 7.60587e+11	1.35e-21	3.54e-11	1.00e+00
 8.11899e+11	1.52e-21	3.81e-11	1.00e+00
 8.68673e+11	1.73e-21	4.12e-11	1.00e+00
 9.33347e+11	2.01e-21	4.50e-11	1.00e+00
 9.97793e+11	2.31e-21	4.89e-11	1.00e+00
 1.06482e+12	2.66e-21	5.32e-11	1.00e+00
 1.13734e+12	3.08e-21	5.81e-11	1.00e+00
 1.21276e+12	3.58e-21	6.35e-11	1.00e+00
 1.28383e+12	4.10e-21	6.89e-11	1.00e+00
 1.34773e+12	4.61e-21	7.40e-11	1.00e+00
 1.41966e+12	5.23e-21	8.00e-11	1.00e+00
 1.50449e+12	6.07e-21	8.74e-11	1.00e+00
 1.58932e+12	7.00e-21	9.53e-11	1.00e+00
 1.66913e+12	7.95e-21	1.03e-10	1.00e+00
 1.75741e+12	9.11e-21	1.12e-10	1.00e+00
 1.85764e+12	1.06e-20	1.23e-10	1.00e+00
 1.95666e+12	1.22e-20	1.35e-10	1.00e+00
 2.05964e+12	1.41e-20	1.47e-10	1.00e+00
 2.17196e+12	1.63e-20	1.62e-10	1.00e+00
 2.28523e+12	1.89e-20	1.78e-10	1.00e+00
 2.40303e+12	2.18e-20	1.95e-10	1.00e+00
 2.52451e+12	2.51e-20	2.15e-10	1.00e+00
 2.64358e+12	2.87e-20	2.35e-10	1.00e+00
 2.77198e+12	3.28e-20	2.58e-10	1.00e+00
 2.91279e+12	3.79e-20	2.85e-10	1.00e+00
 3.05922e+12	4.37e-20	3.14e-10	1.00e+00
 3.21152e+12	5.03e-20	3.48e-10	1.00e+00
 3.36991e+12	5.77e-20	3.85e-10	1.00e+00
 3.51305e+12	6.51e-20	4.20e-10	1.00e+00
 3.63213e+12	7.16e-20	4.52e-10	1.00e+00
 3.76251e+12	7.90e-20	4.87e-10	1.00e+00
 3.92788e+12	8.93e-20	5.36e-10	1.00e+00
 4.10054e+12	1.01e-19	5.89e-10	1.00e+00
 4.24684e+12	1.11e-19	6.38e-10	1.00e+00
 4.39712e+12	1.23e-19	6.89e-10	1.00e+00
 4.58666e+12	1.38e-19	7.59e-10	1.00e+00
 4.77935e+12	1.55e-19	8.34e-10	1.00e+00
 4.94423e+12	1.70e-19	9.01e-10	1.00e+00
 5.12086e+12	1.87e-19	9.77e-10	1.00e+00
 5.34008e+12	2.10e-19	1.08e-09	1.00e+00
 5.56509e+12	2.36e-19	1.18e-09	1.00e+00
 5.76704e+12	2.60e-19	1.29e-09	1.00e+00
 5.98855e+12	2.89e-19	1.40e-09	1.00e+00
 6.25098e+12	3.26e-19	1.55e-09	1.00e+00
 6.51423e+12	3.68e-19	1.71e-09	1.00e+00
 6.76331e+12	4.11e-19	1.87e-09	1.00e+00
 7.03907e+12	4.64e-19	2.05e-09	1.00e+00
 7.35056e+12	5.30e-19	2.26e-09	1.00e+00
 7.66100e+12	6.05e-19	2.49e-09	1.00e+00
 7.93481e+12	6.78e-19	2.70e-09	1.00e+00
 8.17561e+12	7.49e-19	2.90e-09	1.00e+00
 8.44846e+12	8.37e-19	3.13e-09	1.00e+00
 8.75267e+12	9.46e-19	3.39e-09	1.00e+00
 9.03850e+12	1.06e-18	3.65e-09	1.00e+00
 9.35097e+12	1.20e-18	3.95e-09	1.00e+00
 9.70010e+12	1.37e-18	4.30e-09	1.00e+00
 1.00296e+13	1.55e-18	4.64e-09	1.00e+00
 1.03906e+13	1.77e-18	5.03e-09	1.00e+00
 1.07946e+13	2.05e-18	5.49e-09	1.00e+00
 1.11773e+13	2.35e-18	5.95e-09	1.00e+00
 1.15315e+13	2.66e-18	6.39e-09	1.00e+00
 1.19261e+13	3.05e-18	6.89e-09	1.00e+00
 1.23685e+13	3.53e-18	7.49e-09	1.00e+00
 1.27860e+13	4.05e-18	8.08e-09	1.00e+00
 1.32416e+13	4.67e-18	8.74e-09	1.00e+00
 1.37455e+13	5.46e-18	9.52e-09	1.00e+00
 1.42123e+13	6.28e-18	1.03e-08	1.00e+00
 1.47191e+13	7.28e-18	1.11e-08	1.00e+00
 1.52859e+13	8.54e-18	1.21e-08	1.00e+00
 1.58204e+13	9.88e-18	1.31e-08	1.00e+00
 1.64052e+13	1.15e-17	1.42e-08	1.00e+00
 1.70578e+13	1.36e-17	1.54e-08	1.00e+00
 1.76726e+13	1.59e-17	1.67e-08	1.00e+00
 1.83394e+13	1.86e-17	1.81e-08	1.00e+00
 1.90874e+13	2.20e-17	1.98e-08	1.00e+00
 1.98086e+13	2.59e-17	2.15e-08	1.00e+00
 2.05743e+13	3.03e-17	2.33e-08	1.00e+00
 2.14271e+13	3.61e-17	2.55e-08	1.00e+00
 2.22850e+13	4.28e-17	2.78e-08	1.00e+00
 2.31771e+13	5.05e-17	3.02e-08	1.00e+00
 2.41341e+13	6.00e-17	3.30e-08	1.00e+00
 2.50399e+13	7.01e-17	3.57e-08	1.00e+00
 2.58589e+13	8.04e-17	3.83e-08	1.00e+00
 2.66311e+13	9.10e-17	4.08e-08	1.00e+00
 2.74846e+13	1.04e-16	4.36e-08	1.00e+00
 2.84425e+13	1.20e-16	4.68e-08	1.00e+00
 2.93549e+13	1.37e-16	5.00e-08	1.00e+00
 3.03597e+13	1.57e-16	5.37e-08	1.00e+00
 3.14573e+13	1.82e-16	5.79e-08	1.00e+00
 3.24560e+13	2.07e-16	6.17e-08	1.00e+00
 3.35352e+13	2.37e-16	6.61e-08	1.00e+00
 3.47494e+13	2.74e-16	7.11e-08	1.00e+00
 3.59038e+13	3.14e-16	7.61e-08	1.00e+00
 3.71691e+13	3.61e-16	8.17e-08	1.00e+00
 3.85668e+13	4.19e-16	8.81e-08	1.00e+00
 3.98645e+13	4.80e-16	9.42e-08	1.00e+00
 4.12794e+13	5.51e-16	1.01e-07	1.00e+00
 4.28703e+13	6.41e-16	1.09e-07	1.00e+00
 4.43862e+13	7.37e-16	1.17e-07	1.00e+00
 4.60281e+13	8.51e-16	1.26e-07	1.00e+00
 4.78480e+13	9.92e-16	1.36e-07	1.00e+00
 4.95922e+13	1.14e-15	1.46e-07	1.00e+00
 5.14573e+13	1.32e-15	1.57e-07	1.00e+00
 5.35455e+13	1.54e-15	1.70e-07	1.00e+00
 5.56386e+13	1.79e-15	1.83e-07	1.00e+00
 5.78155e+13	2.08e-15	1.98e-07	1.00e+00
 6.01580e+13	2.43e-15	2.14e-07	1.00e+00
 6.25943e+13	2.83e-15	2.31e-07	1.00e+00
 6.51280e+13	3.30e-15	2.50e-07	1.00e+00
 6.75870e+13	3.81e-15	2.69e-07	1.00e+00
 6.99091e+13	4.34e-15	2.87e-07	1.00e+00
 7.21033e+13	4.89e-15	3.05e-07	1.00e+00
 7.44942e+13	5.54e-15	3.25e-07	1.00e+00
 7.71589e+13	6.36e-15	3.48e-07	1.00e+00
 7.96644e+13	7.19e-15	3.71e-07	1.00e+00
 8.24062e+13	8.18e-15	3.96e-07	1.00e+00
 8.54984e+13	9.43e-15	4.26e-07	1.00e+00
 8.84657e+13	1.08e-14	4.55e-07	1.00e+00
 9.17033e+13	1.24e-14	4.89e-07	1.00e+00
 9.54014e+13	1.44e-14	5.28e-07	1.00e+00
 9.90238e+13	1.66e-14	5.69e-07	1.00e+00
 1.02791e+14	1.92e-14	6.13e-07	1.00e+00
 1.06580e+14	2.21e-14	6.59e-07	1.00e+00
 1.09920e+14	2.49e-14	7.00e-07	1.00e+00
 1.13555e+14	2.83e-14	7.48e-07	1.00e+00
 1.17938e+14	3.27e-14	8.07e-07	1.00e+00
 1.22291e+14	3.77e-14	8.69e-07	1.00e+00
 1.26180e+14	4.25e-14	9.25e-07	1.00e+00
 1.30465e+14	4.83e-14	9.89e-07	1.00e+00
 1.35560e+14	5.61e-14	1.07e-06	1.00e+00
 1.40596e+14	6.45e-14	1.15e-06	1.00e+00
 1.45202e+14	7.31e-14	1.23e-06	1.00e+00
 1.50360e+14	8.35e-14	1.32e-06	1.00e+00
 1.56355e+14	9.73e-14	1.43e-06	1.00e+00
 1.62226e+14	1.12e-13	1.54e-06	1.00e+00
 1.67762e+14	1.27e-13	1.65e-06	1.00e+00
 1.73934e+14	1.46e-13	1.77e-06	1.00e+00
 1.80921e+14	1.69e-13	1.92e-06	1.00e+00
 1.87904e+14	1.95e-13	2.07e-06	1.00e+00
 1.94449e+14	2.22e-13	2.23e-06	1.00e+00
 2.01540e+14	2.54e-13	2.39e-06	1.00e+00
 2.09631e+14	2.94e-13	2.59e-06	1.00e+00
 2.17256e+14	3.36e-13	2.79e-06	1.00e+00
 2.24117e+14	3.77e-13	2.97e-06	1.00e+00
 2.30618e+14	4.18e-13	3.15e-06	1.00e+00
 2.37842e+14	4.68e-13	3.35e-06	1.00e+00
 2.45890e+14	5.28e-13	3.58e-06	1.00e+00
 2.53444e+14	5.90e-13	3.81e-06	1.00e+00
 2.61700e+14	6.62e-13	4.07e-06	1.00e+00
 2.70931e+14	7.51e-13	4.36e-06	1.00e+00
 2.79703e+14	8.42e-13	4.65e-06	1.00e+00
 2.89383e+14	9.49e-13	4.99e-06	1.00e+00
 3.00070e+14	1.08e-12	5.37e-06	1.00e+00
 3.09941e+14	1.21e-12	5.74e-06	1.00e+00
 3.20650e+14	1.37e-12	6.15e-06	1.00e+00
 3.32602e+14	1.56e-12	6.63e-06	1.00e+00
 3.43793e+14	1.75e-12	7.09e-06	1.00e+00
 3.55963e+14	1.97e-12	7.61e-06	1.00e+00
 3.69524e+14	2.25e-12	8.23e-06	1.00e+00
 3.82201e+14	2.53e-12	8.81e-06	1.00e+00
 3.95977e+14	2.87e-12	9.48e-06	1.00e+00
 4.11354e+14	3.27e-12	1.03e-05	1.00e+00
 4.25921e+14	3.69e-12	1.10e-05	1.00e+00
 4.41563e+14	4.19e-12	1.19e-05	1.00e+00
 4.59255e+14	4.81e-12	1.29e-05	1.00e+00
 4.76583e+14	5.47e-12	1.40e-05	1.00e+00
 4.94603e+14	6.23e-12	1.51e-05	1.00e+00
 5.14417e+14	7.15e-12	1.64e-05	1.00e+00
 5.33920e+14	8.17e-12	1.78e-05	1.00e+00
 5.49971e+14	9.05e-12	1.89e-05	1.00e+00
 5.62808e+14	9.80e-12	1.99e-05	1.00e+00
 5.77040e+14	1.07e-11	2.10e-05	1.00e+00
 5.95541e+14	1.20e-11	2.25e-05	1.00e+00
 6.15358e+14	1.35e-11	2.41e-05	1.00e+00
 6.32948e+14	1.49e-11	2.56e-05	1.00e+00
 6.51876e+14	1.67e-11	2.74e-05	1.00e+00
 6.75841e+14	1.90e-11	2.97e-05	1.00e+00
 7.00160e+14	2.15e-11	3.20e-05	1.00e+00
 7.20922e+14	2.40e-11	3.42e-05	1.00e+00
 7.43253e+14	2.69e-11	3.66e-05	1.00e+00
 7.71008e+14	3.09e-11	3.98e-05	1.00e+00
 7.99335e+14	3.51e-11	4.31e-05	1.00e+00
 8.24315e+14	3.95e-11	4.62e-05	1.00e+00
 8.51420e+14	4.46e-11	4.97e-05	1.00e+00
 8.84091e+14	5.17e-11	5.41e-05	1.00e+00
 9.16419e+14	5.94e-11	5.87e-05	1.00e+00
 9.45160e+14	6.63e-11	6.29e-05	1.00e+00
 9.76812e+14	7.58e-11	6.79e-05	1.00e+00
 1.01461e+15	8.76e-11	7.40e-05	1.00e+00
 1.05225e+15	1.01e-10	8.04e-05	1.00e+00
 1.08669e+15	1.13e-10	8.64e-05	1.00e+00
 1.12512e+15	1.31e-10	9.36e-05	1.00e+00
 1.16978e+15	1.52e-10	1.02e-04	1.00e+00
 1.21374e+15	1.76e-10	1.11e-04	1.00e+00
 1.25553e+15	2.01e-10	1.20e-04	1.00e+00
 1.29204e+15	2.25e-10	1.28e-04	1.00e+00
 1.32230e+15	2.47e-10	1.35e-04	1.00e+00
 1.35575e+15	2.72e-10	1.43e-04	1.00e+00
 1.39923e+15	3.08e-10	1.54e-04	1.00e+00
 1.44493e+15	3.50e-10	1.65e-04	1.00e+00
 1.48405e+15	3.90e-10	1.75e-04	1.00e+00
 1.52541e+15	4.35e-10	1.87e-04	1.00e+00
 1.57919e+15	5.00e-10	2.02e-04	1.00e+00
 1.63476e+15	5.65e-10	2.18e-04	1.00e+00
 1.68169e+15	6.35e-10	2.32e-04	1.00e+00
 1.73170e+15	7.15e-10	2.48e-04	1.00e+00
 1.79518e+15	8.33e-10	2.69e-04	1.00e+00
 1.86127e+15	9.52e-10	2.92e-04	1.00e+00
 1.91991e+15	1.08e-09	3.13e-04	1.00e+00
 1.98379e+15	1.23e-09	3.37e-04	1.00e+00
 2.06031e+15	1.46e-09	3.67e-04	1.00e+00
 2.13627e+15	1.68e-09	3.97e-04	1.00e+00
 2.20495e+15	1.90e-09	4.26e-04	1.00e+00
 2.28117e+15	2.18e-09	4.59e-04	1.00e+00
 2.37076e+15	2.60e-09	5.01e-04	9.99e-01
 2.45915e+15	3.01e-09	5.43e-04	9.99e-01
 2.54179e+15	3.45e-09	5.84e-04	9.99e-01
 2.63421e+15	4.00e-09	6.32e-04	9.99e-01
 2.73960e+15	4.61e-09	6.89e-04	9.99e-01
 2.84414e+15	5.49e-09	7.49e-04	9.99e-01
 2.92954e+15	6.20e-09	7.99e-04	9.99e-01
 2.99546e+15	6.79e-09	8.39e-04	9.99e-01
 3.06752e+15	7.50e-09	8.84e-04	9.99e-01
 3.16119e+15	8.35e-09	9.43e-04	9.99e-01
 3.26338e+15	9.70e-09	1.01e-03	9.99e-01
 3.35564e+15	1.09e-08	1.08e-03	9.99e-01
 3.45460e+15	1.21e-08	1.15e-03	9.99e-01
 3.58075e+15	1.42e-08	1.24e-03	9.99e-01
 3.70816e+15	1.62e-08	1.34e-03	9.99e-01
 3.81474e+15	1.85e-08	1.42e-03	9.99e-01
 3.92836e+15	2.10e-08	1.52e-03	9.98e-01
 4.07244e+15	2.39e-08	1.64e-03	9.98e-01
 4.22109e+15	2.83e-08	1.78e-03	9.98e-01
 4.35014e+15	3.21e-08	1.90e-03	9.98e-01
 4.48878e+15	3.64e-08	2.04e-03	9.98e-01
 4.65849e+15	4.19e-08	2.21e-03	9.98e-01
 4.82785e+15	4.98e-08	2.39e-03	9.98e-01
 4.97669e+15	5.66e-08	2.56e-03	9.97e-01
 5.13966e+15	6.45e-08	2.75e-03	9.97e-01
 5.33641e+15	7.45e-08	2.99e-03	9.97e-01
 5.52664e+15	8.86e-08	3.24e-03	9.97e-01
 5.68551e+15	9.99e-08	3.45e-03	9.97e-01
 5.85412e+15	1.13e-07	3.69e-03	9.96e-01
 6.06842e+15	1.30e-07	4.00e-03	9.96e-01
 6.29154e+15	1.55e-07	4.36e-03	9.96e-01
 6.46142e+15	1.74e-07	4.64e-03	9.95e-01
 6.61267e+15	1.93e-07	4.90e-03	9.95e-01
 6.80929e+15	2.19e-07	5.26e-03	9.95e-01
 7.01855e+15	2.53e-07	5.66e-03	9.94e-01
 7.20065e+15	2.82e-07	6.02e-03	9.94e-01
 7.39381e+15	3.18e-07	6.43e-03	9.94e-01
 7.64493e+15	3.75e-07	7.02e-03	9.93e-01
 7.89485e+15	4.30e-07	7.61e-03	9.92e-01
 8.08934e+15	4.79e-07	8.11e-03	9.92e-01
 8.28827e+15	5.39e-07	8.67e-03	9.91e-01
 8.54688e+15	6.42e-07	9.46e-03	9.91e-01
 8.80929e+15	7.38e-07	1.03e-02	9.90e-01
 9.02336e+15	8.27e-07	1.10e-02	9.89e-01
 9.24836e+15	9.41e-07	1.19e-02	9.88e-01
 9.49398e+15	1.11e-06	1.29e-02	9.87e-01
 9.71155e+15	1.25e-06	1.39e-02	9.86e-01
 9.93957e+15	1.43e-06	1.51e-02	9.85e-01
 1.01858e+16	1.63e-06	1.64e-02	9.84e-01
 1.04053e+16	1.90e-06	1.78e-02	9.82e-01
 1.06004e+16	2.14e-06	1.91e-02	9.81e-01
 1.07783e+16	2.39e-06	2.05e-02	9.80e-01
 1.09472e+16	2.66e-06	2.19e-02	9.78e-01
 1.11402e+16	2.97e-06	2.36e-02	9.76e-01
 1.13910e+16	3.62e-06	2.63e-02	9.74e-01
 1.16352e+16	4.15e-06	2.92e-02	9.71e-01
 1.18248e+16	4.90e-06	3.19e-02	9.68e-01
 1.19895e+16	5.54e-06	3.45e-02	9.65e-01
 1.21438e+16	6.26e-06	3.73e-02	9.63e-01
 1.23204e+16	7.26e-06	4.10e-02	9.59e-01
 1.25168e+16	8.36e-06	4.57e-02	9.54e-01
 1.27015e+16	9.86e-06	5.09e-02	9.49e-01
 1.28672e+16	1.16e-05	5.66e-02	9.43e-01
 1.30165e+16	1.35e-05	6.25e-02	9.37e-01
 1.31591e+16	1.60e-05	6.93e-02	9.31e-01
 1.32959e+16	1.84e-05	7.68e-02	9.23e-01
 1.34474e+16	2.28e-05	8.72e-02	9.13e-01
 1.35939e+16	2.73e-05	9.88e-02	9.01e-01
 1.36983e+16	3.14e-05	1.09e-01	8.91e-01
 1.37848e+16	3.56e-05	1.19e-01	8.81e-01
 1.38840e+16	4.05e-05	1.31e-01	8.69e-01
 1.40129e+16	5.11e-05	1.52e-01	8.48e-01
 1.41128e+16	5.97e-05	1.70e-01	8.30e-01
 1.41576e+16	6.46e-05	1.79e-01	8.21e-01
 1.41984e+16	6.95e-05	1.88e-01	8.11e-01
 1.42513e+16	7.59e-05	2.02e-01	7.98e-01
 1.43202e+16	8.74e-05	2.21e-01	7.79e-01
 1.43855e+16	9.89e-05	2.41e-01	7.59e-01
 1.44340e+16	1.09e-04	2.57e-01	7.42e-01
 1.44850e+16	1.20e-04	2.77e-01	7.23e-01
 1.45513e+16	1.39e-04	3.05e-01	6.95e-01
 1.46119e+16	1.57e-04	3.32e-01	6.68e-01
 1.46557e+16	1.72e-04	3.53e-01	6.46e-01
 1.47031e+16	1.90e-04	3.79e-01	6.21e-01
 1.47648e+16	2.18e-04	4.14e-01	5.86e-01
 1.48234e+16	2.46e-04	4.49e-01	5.51e-01
 1.48686e+16	2.69e-04	4.77e-01	5.23e-01
 1.49178e+16	2.98e-04	5.10e-01	4.90e-01
 1.49818e+16	3.38e-04	5.52e-01	4.47e-01
 1.50479e+16	3.81e-04	5.96e-01	4.04e-01
 1.51037e+16	4.19e-04	6.32e-01	3.67e-01
 1.51630e+16	4.63e-04	6.70e-01	3.29e-01
 1.52403e+16	5.20e-04	7.16e-01	2.83e-01
 1.53223e+16	5.79e-04	7.60e-01	2.40e-01
 1.53966e+16	6.32e-04	7.94e-01	2.05e-01
 1.54791e+16	6.91e-04	8.29e-01	1.71e-01
 1.55863e+16	7.63e-04	8.65e-01	1.34e-01
 1.56802e+16	8.21e-04	8.88e-01	1.11e-01
 1.57369e+16	8.55e-04	9.01e-01	9.86e-02
 1.57907e+16	8.88e-04	9.11e-01	8.78e-02
 1.58606e+16	9.30e-04	9.23e-01	7.57e-02
 1.59515e+16	9.85e-04	9.36e-01	6.26e-02
 1.60457e+16	1.04e-03	9.47e-01	5.23e-02
 1.61237e+16	1.09e-03	9.54e-01	4.53e-02
 1.62046e+16	1.14e-03	9.60e-01	3.88e-02
 1.62959e+16	1.20e-03	9.66e-01	3.30e-02
 1.63752e+16	1.25e-03	9.70e-01	2.89e-02
 1.64374e+16	1.29e-03	9.73e-01	2.61e-02
 1.65029e+16	1.34e-03	9.75e-01	2.33e-02
 1.65880e+16	1.41e-03	9.78e-01	2.02e-02
 1.66722e+16	1.48e-03	9.81e-01	1.78e-02
 1.67345e+16	1.53e-03	9.82e-01	1.63e-02
 1.67868e+16	1.58e-03	9.83e-01	1.50e-02
 1.68466e+16	1.64e-03	9.85e-01	1.38e-02
 1.69141e+16	1.72e-03	9.86e-01	1.25e-02
 1.69769e+16	1.79e-03	9.87e-01	1.14e-02
 1.70325e+16	1.87e-03	9.88e-01	1.06e-02
 1.70933e+16	1.95e-03	9.88e-01	9.70e-03
 1.71584e+16	2.05e-03	9.89e-01	8.89e-03
 1.72143e+16	2.14e-03	9.90e-01	8.28e-03
 1.72631e+16	2.24e-03	9.90e-01	7.76e-03
 1.73175e+16	2.34e-03	9.90e-01	7.23e-03
 1.73768e+16	2.47e-03	9.91e-01	6.70e-03
 1.74291e+16	2.59e-03	9.91e-01	6.28e-03
 1.74754e+16	2.71e-03	9.91e-01	5.94e-03
 1.75270e+16	2.85e-03	9.92e-01	5.56e-03
 1.75830e+16	3.03e-03	9.92e-01	5.19e-03
 1.76322e+16	3.20e-03	9.92e-01	4.90e-03
 1.76755e+16	3.36e-03	9.92e-01	4.66e-03
 1.77235e+16	3.56e-03	9.92e-01	4.40e-03
 1.77763e+16	3.81e-03	9.92e-01	4.14e-03
 1.78237e+16	4.06e-03	9.92e-01	3.92e-03
 1.78660e+16	4.31e-03	9.92e-01	3.74e-03
 1.79133e+16	4.62e-03	9.92e-01	3.53e-03
 1.79660e+16	5.01e-03	9.92e-01	3.33e-03
 1.80146e+16	5.44e-03	9.91e-01	3.16e-03
 1.80587e+16	5.88e-03	9.91e-01	3.01e-03
 1.81079e+16	6.44e-03	9.91e-01	2.85e-03
 1.81601e+16	7.16e-03	9.90e-01	2.70e-03
 1.82034e+16	7.88e-03	9.90e-01	2.58e-03
 1.82393e+16	8.55e-03	9.89e-01	2.50e-03
 1.82723e+16	9.29e-03	9.88e-01	2.41e-03
 1.83032e+16	1.01e-02	9.88e-01	2.34e-03
 1.83331e+16	1.09e-02	9.87e-01	2.28e-03
 1.83624e+16	1.20e-02	9.86e-01	2.21e-03
 1.83903e+16	1.31e-02	9.85e-01	2.15e-03
 1.84163e+16	1.42e-02	9.84e-01	2.10e-03
 1.84412e+16	1.55e-02	9.82e-01	2.05e-03
 1.84654e+16	1.70e-02	9.81e-01	2.01e-03
 1.84890e+16	1.87e-02	9.79e-01	1.97e-03
 1.85116e+16	2.05e-02	9.78e-01	1.94e-03
 1.85335e+16	2.26e-02	9.75e-01	1.92e-03
 1.85551e+16	2.50e-02	9.73e-01	1.89e-03
 1.85758e+16	2.77e-02	9.70e-01	1.87e-03
 1.85956e+16	3.07e-02	9.67e-01	1.86e-03
 1.86149e+16	3.42e-02	9.64e-01	1.84e-03
 1.86340e+16	3.82e-02	9.60e-01	1.84e-03
 1.86525e+16	4.27e-02	9.55e-01	1.84e-03
 1.86699e+16	4.77e-02	9.50e-01	1.84e-03
 1.86862e+16	5.31e-02	9.45e-01	1.86e-03
 1.87021e+16	5.94e-02	9.39e-01	1.87e-03
 1.87175e+16	6.65e-02	9.32e-01	1.88e-03
 1.87320e+16	7.41e-02	9.24e-01	1.91e-03
 1.87456e+16	8.24e-02	9.16e-01	1.93e-03
 1.87586e+16	9.14e-02	9.07e-01	1.96e-03
 1.87704e+16	1.00e-01	8.98e-01	2.00e-03
 1.87809e+16	1.10e-01	8.88e-01	2.03e-03
 1.87904e+16	1.19e-01	8.79e-01	2.06e-03
 1.87980e+16	1.27e-01	8.71e-01	2.09e-03
 1.88029e+16	1.33e-01	8.65e-01	2.11e-03
 1.88075e+16	1.38e-01	8.60e-01	2.12e-03
 1.88129e+16	1.45e-01	8.53e-01	2.14e-03
 1.88186e+16	1.53e-01	8.45e-01	2.17e-03
 1.88242e+16	1.61e-01	8.37e-01	2.19e-03
 1.88294e+16	1.69e-01	8.29e-01	2.22e-03
 1.88346e+16	1.77e-01	8.21e-01	2.24e-03
 1.88398e+16	1.86e-01	8.12e-01	2.26e-03
 1.88450e+16	1.95e-01	8.03e-01	2.28e-03
 1.88500e+16	2.04e-01	7.94e-01	2.31e-03
 1.88551e+16	2.14e-01	7.84e-01	2.33e-03
 1.88601e+16	2.25e-01	7.73e-01	2.35e-03
 1.88650e+16	2.35e-01	7.62e-01	2.38e-03
 1.88699e+16	2.46e-01	7.52e-01	2.40e-03
 1.88747e+16	2.58e-01	7.40e-01	2.42e-03
 1.88795e+16	2.69e-01	7.28e-01	2.45e-03
 1.88843e+16	2.82e-01	7.16e-01	2.46e-03
 1.88890e+16	2.95e-01	7.03e-01	2.48e-03
 1.88936e+16	3.08e-01	6.90e-01	2.50e-03
 1.88982e+16	3.21e-01	6.76e-01	2.52e-03
 1.89027e+16	3.35e-01	6.62e-01	2.54e-03
 1.89072e+16	3.49e-01	6.48e-01	2.55e-03
 1.89117e+16	3.64e-01	6.33e-01	2.56e-03
 1.89161e+16	3.78e-01	6.19e-01	2.58e-03
 1.89204e+16	3.94e-01	6.04e-01	2.58e-03
 1.89248e+16	4.09e-01	5.89e-01	2.60e-03
 1.89290e+16	4.24e-01	5.73e-01	2.61e-03
 1.89333e+16	4.40e-01	5.57e-01	2.61e-03
 1.89374e+16	4.56e-01	5.41e-01	2.61e-03
 1.89416e+16	4.72e-01	5.25e-01	2.61e-03
 1.89456e+16	4.88e-01	5.09e-01	2.61e-03
 1.89496e+16	5.04e-01	4.94e-01	2.60e-03
 1.89535e+16	5.19e-01	4.78e-01	2.60e-03
 1.89574e+16	5.35e-01	4.63e-01	2.59e-03
 1.89611e+16	5.50e-01	4.48e-01	2.58e-03
 1.89648e+16	5.65e-01	4.33e-01	2.57e-03
 1.89685e+16	5.79e-01	4.18e-01	2.55e-03
 1.89721e+16	5.94e-01	4.03e-01	2.53e-03
 1.89756e+16	6.08e-01	3.89e-01	2.51e-03
 1.89791e+16	6.22e-01	3.75e-01	2.49e-03
 1.89826e+16	6.36e-01	3.61e-01	2.46e-03
 1.89860e+16	6.50e-01	3.48e-01	2.43e-03
 1.89894e+16	6.63e-01	3.35e-01	2.41e-03
 1.89927e+16	6.75e-01	3.22e-01	2.37e-03
 1.89960e+16	6.88e-01	3.10e-01	2.34e-03
 1.89993e+16	7.00e-01	2.98e-01	2.31e-03
 1.90026e+16	7.12e-01	2.86e-01	2.27e-03
 1.90058e+16	7.23e-01	2.74e-01	2.23e-03
 1.90091e+16	7.35e-01	2.63e-01	2.19e-03
 1.90124e+16	7.45e-01	2.52e-01	2.15e-03
 1.90157e+16	7.56e-01	2.42e-01	2.11e-03
 1.90186e+16	7.65e-01	2.33e-01	2.07e-03
 1.90209e+16	7.72e-01	2.26e-01	2.03e-03
 1.90231e+16	7.79e-01	2.19e-01	2.00e-03
 1.90254e+16	7.86e-01	2.12e-01	1.96e-03
 1.90277e+16	7.92e-01	2.06e-01	1.93e-03
 1.90299e+16	7.99e-01	1.99e-01	1.90e-03
 1.90320e+16	8.04e-01	1.94e-01	1.86e-03
 1.90341e+16	8.10e-01	1.88e-01	1.83e-03
 1.90362e+16	8.15e-01	1.83e-01	1.80e-03
 1.90382e+16	8.20e-01	1.78e-01	1.77e-03
 1.90402e+16	8.25e-01	1.73e-01	1.74e-03
 1.90421e+16	8.30e-01	1.69e-01	1.71e-03
 1.90440e+16	8.34e-01	1.64e-01	1.68e-03
 1.90459e+16	8.38e-01	1.60e-01	1.65e-03
 1.90477e+16	8.42e-01	1.56e-01	1.62e-03
 1.90495e+16	8.46e-01	1.52e-01	1.59e-03
 1.90514e+16	8.50e-01	1.49e-01	1.56e-03
 1.90532e+16	8.53e-01	1.45e-01	1.54e-03
 1.90550e+16	8.57e-01	1.42e-01	1.51e-03
 1.90568e+16	8.60e-01	1.38e-01	1.48e-03
 1.90587e+16	8.63e-01	1.35e-01	1.46e-03
 1.90605e+16	8.67e-01	1.32e-01	1.43e-03
 1.90623e+16	8.70e-01	1.29e-01	1.40e-03
 1.90642e+16	8.73e-01	1.26e-01	1.38e-03
 1.90661e+16	8.76e-01	1.23e-01	1.35e-03
 1.90681e+16	8.79e-01	1.20e-01	1.32e-03
 1.90701e+16	8.82e-01	1.17e-01	1.30e-03
 1.90721e+16	8.84e-01	1.14e-01	1.27e-03
 1.90743e+16	8.87e-01	1.11e-01	1.25e-03
 1.90766e+16	8.90e-01	1.09e-01	1.22e-03
 1.90790e+16	8.93e-01	1.06e-01	1.19e-03
 1.90817e+16	8.96e-01	1.03e-01	1.16e-03
 1.90848e+16	8.99e-01	9.95e-02	1.13e-03
 1.90882e+16	9.03e-01	9.62e-02	1.09e-03
 1.90922e+16	9.06e-01	9.26e-02	1.06e-03
 1.90968e+16	9.10e-01	8.90e-02	1.02e-03
 1.91016e+16	9.13e-01	8.56e-02	9.82e-04
 1.91064e+16	9.17e-01	8.25e-02	9.46e-04
 1.91114e+16	9.19e-01	7.96e-02	9.11e-04
 1.91164e+16	9.22e-01	7.72e-02	8.82e-04
 1.91210e+16	9.24e-01	7.51e-02	8.56e-04
 1.91251e+16	9.26e-01	7.34e-02	8.34e-04
 1.91297e+16	9.28e-01	7.17e-02	8.11e-04
 1.91356e+16	9.29e-01	6.97e-02	7.86e-04
 1.91419e+16	9.31e-01	6.81e-02	7.65e-04
 1.91477e+16	9.33e-01	6.67e-02	7.46e-04
 1.91541e+16	9.34e-01	6.53e-02	7.25e-04
 1.91623e+16	9.35e-01	6.38e-02	7.04e-04
 1.91712e+16	9.37e-01	6.26e-02	6.85e-04
 1.91793e+16	9.38e-01	6.15e-02	6.68e-04
 1.91882e+16	9.39e-01	6.04e-02	6.49e-04
 1.91998e+16	9.40e-01	5.93e-02	6.31e-04
 1.92122e+16	9.41e-01	5.83e-02	6.13e-04
 1.92236e+16	9.42e-01	5.75e-02	5.97e-04
 1.92360e+16	9.43e-01	5.66e-02	5.79e-04
 1.92522e+16	9.44e-01	5.56e-02	5.59e-04
 1.92696e+16	9.45e-01	5.46e-02	5.40e-04
 1.92855e+16	9.46e-01	5.37e-02	5.22e-04
 1.92999e+16	9.47e-01	5.29e-02	5.07e-04
 1.93158e+16	9.48e-01	5.20e-02	4.89e-04
 1.93329e+16	9.48e-01	5.11e-02	4.73e-04
 1.93484e+16	9.49e-01	5.03e-02	4.58e-04
 1.93626e+16	9.50e-01	4.96e-02	4.45e-04
 1.93755e+16	9.51e-01	4.90e-02	4.33e-04
 1.93896e+16	9.51e-01	4.82e-02	4.19e-04
 1.94048e+16	9.52e-01	4.75e-02	4.07e-04
 1.94187e+16	9.53e-01	4.68e-02	3.94e-04
 1.94313e+16	9.53e-01	4.62e-02	3.84e-04
 1.94451e+16	9.54e-01	4.55e-02	3.72e-04
 1.94600e+16	9.55e-01	4.48e-02	3.61e-04
 1.94736e+16	9.55e-01	4.42e-02	3.51e-04
 1.94860e+16	9.56e-01	4.36e-02	3.42e-04
 1.94995e+16	9.57e-01	4.30e-02	3.31e-04
 1.95142e+16	9.57e-01	4.23e-02	3.21e-04
 1.95275e+16	9.58e-01	4.17e-02	3.12e-04
 1.95396e+16	9.59e-01	4.12e-02	3.04e-04
 1.95528e+16	9.59e-01	4.06e-02	2.95e-04
 1.95672e+16	9.60e-01	4.00e-02	2.86e-04
 1.95802e+16	9.60e-01	3.94e-02	2.78e-04
 1.95921e+16	9.61e-01	3.89e-02	2.71e-04
 1.96051e+16	9.61e-01	3.84e-02	2.63e-04
 1.96191e+16	9.62e-01	3.78e-02	2.56e-04
 1.96319e+16	9.62e-01	3.73e-02	2.49e-04
 1.96435e+16	9.63e-01	3.68e-02	2.43e-04
 1.96562e+16	9.63e-01	3.63e-02	2.36e-04
 1.96700e+16	9.64e-01	3.58e-02	2.29e-04
 1.96825e+16	9.64e-01	3.53e-02	2.23e-04
 1.96962e+16	9.65e-01	3.48e-02	2.17e-04
 1.97110e+16	9.66e-01	3.43e-02	2.10e-04
 1.97245e+16	9.66e-01	3.38e-02	2.04e-04
 1.97367e+16	9.66e-01	3.34e-02	1.99e-04
 1.97502e+16	9.67e-01	3.29e-02	1.94e-04
 1.97647e+16	9.67e-01	3.25e-02	1.88e-04
 1.97778e+16	9.68e-01	3.20e-02	1.83e-04
 1.97923e+16	9.68e-01	3.15e-02	1.78e-04
 1.98079e+16	9.69e-01	3.11e-02	1.73e-04
 1.98221e+16	9.69e-01	3.06e-02	1.68e-04
 1.98377e+16	9.70e-01	3.01e-02	1.63e-04
 1.98545e+16	9.70e-01	2.97e-02	1.57e-04
 1.98698e+16	9.71e-01	2.92e-02	1.53e-04
 1.98837e+16	9.71e-01	2.88e-02	1.49e-04
 1.98989e+16	9.71e-01	2.84e-02	1.44e-04
 1.99154e+16	9.72e-01	2.79e-02	1.40e-04
 1.99304e+16	9.72e-01	2.75e-02	1.36e-04
 1.99468e+16	9.73e-01	2.71e-02	1.32e-04
 1.99645e+16	9.73e-01	2.67e-02	1.27e-04
 1.99806e+16	9.74e-01	2.63e-02	1.24e-04
 1.99953e+16	9.74e-01	2.59e-02	1.20e-04
 2.00114e+16	9.74e-01	2.55e-02	1.17e-04
 2.00288e+16	9.75e-01	2.51e-02	1.13e-04
 2.00446e+16	9.75e-01	2.47e-02	1.10e-04
 2.00619e+16	9.76e-01	2.43e-02	1.06e-04
 2.00806e+16	9.76e-01	2.39e-02	1.03e-04
 2.00976e+16	9.76e-01	2.36e-02	1.00e-04
 2.01162e+16	9.77e-01	2.32e-02	9.66e-05
 2.01363e+16	9.77e-01	2.28e-02	9.33e-05
 2.01546e+16	9.78e-01	2.24e-02	9.04e-05
 2.01747e+16	9.78e-01	2.20e-02	8.72e-05
 2.01964e+16	9.78e-01	2.16e-02	8.41e-05
 2.02161e+16	9.79e-01	2.12e-02	8.13e-05
 2.02340e+16	9.79e-01	2.09e-02	7.89e-05
 2.02537e+16	9.79e-01	2.05e-02	7.63e-05
 2.02749e+16	9.80e-01	2.02e-02	7.37e-05
 2.02942e+16	9.80e-01	1.99e-02	7.13e-05
 2.03153e+16	9.80e-01	1.95e-02	6.88e-05
 2.03382e+16	9.81e-01	1.91e-02	6.63e-05
 2.03590e+16	9.81e-01	1.88e-02	6.42e-05
 2.03817e+16	9.81e-01	1.85e-02	6.18e-05
 2.04063e+16	9.82e-01	1.81e-02	5.94e-05
 2.04287e+16	9.82e-01	1.78e-02	5.74e-05
 2.04491e+16	9.82e-01	1.75e-02	5.56e-05
 2.04714e+16	9.83e-01	1.72e-02	5.36e-05
 2.04955e+16	9.83e-01	1.69e-02	5.17e-05
 2.05174e+16	9.83e-01	1.66e-02	5.00e-05
 2.05414e+16	9.84e-01	1.63e-02	4.81e-05
 2.05673e+16	9.84e-01	1.59e-02	4.63e-05
 2.05909e+16	9.84e-01	1.57e-02	4.47e-05
 2.06168e+16	9.85e-01	1.54e-02	4.30e-05
 2.06447e+16	9.85e-01	1.50e-02	4.13e-05
 2.06701e+16	9.85e-01	1.48e-02	3.98e-05
 2.06980e+16	9.86e-01	1.45e-02	3.82e-05
 2.07280e+16	9.86e-01	1.41e-02	3.66e-05
 2.07554e+16	9.86e-01	1.39e-02	3.52e-05
 2.07853e+16	9.86e-01	1.36e-02	3.37e-05
 2.08177e+16	9.87e-01	1.33e-02	3.22e-05
 2.08471e+16	9.87e-01	1.30e-02	3.10e-05
 2.08794e+16	9.87e-01	1.27e-02	2.96e-05
 2.09142e+16	9.88e-01	1.24e-02	2.82e-05
 2.09459e+16	9.88e-01	1.21e-02	2.71e-05
 2.09807e+16	9.88e-01	1.18e-02	2.58e-05
 2.10182e+16	9.88e-01	1.15e-02	2.45e-05
 2.10523e+16	9.89e-01	1.13e-02	2.35e-05
 2.10897e+16	9.89e-01	1.10e-02	2.23e-05
 2.11300e+16	9.89e-01	1.07e-02	2.12e-05
 2.11668e+16	9.90e-01	1.05e-02	2.03e-05
 2.12002e+16	9.90e-01	1.03e-02	1.94e-05
 2.12368e+16	9.90e-01	1.00e-02	1.85e-05
 2.12764e+16	9.90e-01	9.77e-03	1.77e-05
 2.13123e+16	9.90e-01	9.56e-03	1.69e-05
 2.13518e+16	9.91e-01	9.32e-03	1.61e-05
 2.13943e+16	9.91e-01	9.08e-03	1.53e-05
 2.14331e+16	9.91e-01	8.88e-03	1.46e-05
 2.14755e+16	9.91e-01	8.65e-03	1.39e-05
 2.15214e+16	9.92e-01	8.41e-03	1.31e-05
 2.15631e+16	9.92e-01	8.21e-03	1.25e-05
 2.16088e+16	9.92e-01	7.99e-03	1.19e-05
 2.16581e+16	9.92e-01	7.76e-03	1.12e-05
 2.17030e+16	9.92e-01	7.57e-03	1.07e-05
 2.17522e+16	9.93e-01	7.35e-03	1.01e-05
 2.18161e+16	9.93e-01	7.08e-03	9.36e-06
 2.18915e+16	9.93e-01	6.78e-03	8.60e-06
 2.19701e+16	9.93e-01	6.50e-03	7.90e-06
 2.20499e+16	9.94e-01	6.22e-03	7.25e-06
 2.21326e+16	9.94e-01	5.95e-03	6.64e-06
 2.22188e+16	9.94e-01	5.68e-03	6.06e-06
 2.23081e+16	9.95e-01	5.42e-03	5.53e-06
 2.24006e+16	9.95e-01	5.17e-03	5.03e-06
 2.24957e+16	9.95e-01	4.93e-03	4.57e-06
 2.25923e+16	9.95e-01	4.69e-03	4.15e-06
 2.26906e+16	9.96e-01	4.47e-03	3.77e-06
 2.27908e+16	9.96e-01	4.26e-03	3.42e-06
 2.28928e+16	9.96e-01	4.05e-03	3.10e-06
 2.29967e+16	9.96e-01	3.85e-03	2.81e-06
 2.31025e+16	9.96e-01	3.67e-03	2.55e-06
 2.32102e+16	9.97e-01	3.49e-03	2.31e-06
 2.33184e+16	9.97e-01	3.32e-03	2.09e-06
 2.34281e+16	9.97e-01	3.15e-03	1.89e-06
 2.35417e+16	9.97e-01	3.00e-03	1.71e-06
 2.36581e+16	9.97e-01	2.84e-03	1.54e-06
 2.37763e+16	9.97e-01	2.70e-03	1.39e-06
 2.38964e+16	9.97e-01	2.56e-03	1.25e-06
 2.40190e+16	9.98e-01	2.43e-03	1.12e-06
 2.41438e+16	9.98e-01	2.30e-03	1.01e-06
 2.42709e+16	9.98e-01	2.18e-03	9.06e-07
 2.44005e+16	9.98e-01	2.06e-03	8.12e-07
 2.45328e+16	9.98e-01	1.95e-03	7.27e-07
 2.46677e+16	9.98e-01	1.84e-03	6.50e-07
 2.48054e+16	9.98e-01	1.74e-03	5.81e-07
 2.49459e+16	9.98e-01	1.64e-03	5.18e-07
 2.50894e+16	9.98e-01	1.55e-03	4.61e-07
 2.52359e+16	9.99e-01	1.46e-03	4.10e-07
 2.53857e+16	9.99e-01	1.37e-03	3.64e-07
 2.55388e+16	9.99e-01	1.29e-03	3.22e-07
 2.56954e+16	9.99e-01	1.22e-03	2.85e-07
 2.58556e+16	9.99e-01	1.14e-03	2.52e-07
 2.60198e+16	9.99e-01	1.07e-03	2.21e-07
 2.61880e+16	9.99e-01	1.00e-03	1.95e-07
 2.63606e+16	9.99e-01	9.40e-04	1.71e-07
 2.65378e+16	9.99e-01	8.78e-04	1.49e-07
 2.67197e+16	9.99e-01	8.20e-04	1.30e-07
 2.69068e+16	9.99e-01	7.64e-04	1.13e-07
 2.70996e+16	9.99e-01	7.12e-04	9.79e-08
 2.72943e+16	9.99e-01	6.63e-04	8.49e-08
 2.74941e+16	9.99e-01	6.15e-04	7.32e-08
 2.77060e+16	9.99e-01	5.69e-04	6.26e-08
 2.79273e+16	9.99e-01	5.25e-04	5.33e-08
 2.81557e+16	1.00e+00	4.83e-04	4.52e-08
 2.83922e+16	1.00e+00	4.44e-04	3.81e-08
 2.86389e+16	1.00e+00	4.06e-04	3.19e-08
 2.88971e+16	1.00e+00	3.71e-04	2.65e-08
 2.91677e+16	1.00e+00	3.37e-04	2.19e-08
 2.94530e+16	1.00e+00	3.05e-04	1.79e-08
 2.97543e+16	1.00e+00	2.74e-04	1.45e-08
 3.00730e+16	1.00e+00	2.45e-04	1.16e-08
 3.04144e+16	1.00e+00	2.18e-04	9.14e-09
 3.07815e+16	1.00e+00	1.92e-04	7.09e-09
 3.11757e+16	1.00e+00	1.68e-04	5.41e-09
 3.16037e+16	1.00e+00	1.45e-04	4.04e-09
 3.20747e+16	1.00e+00	1.24e-04	2.93e-09
 3.25998e+16	1.00e+00	1.04e-04	2.06e-09
 3.31831e+16	1.00e+00	8.54e-05	1.39e-09
 3.38578e+16	1.00e+00	6.82e-05	8.89e-10
 3.46208e+16	1.00e+00	5.32e-05	5.42e-10
 3.54016e+16	1.00e+00	4.15e-05	3.31e-10
 3.61683e+16	1.00e+00	3.27e-05	2.05e-10
 3.69325e+16	1.00e+00	2.58e-05	1.28e-10
 3.77092e+16	1.00e+00	2.03e-05	7.97e-11
 3.85013e+16	1.00e+00	1.60e-05	4.97e-11
 3.93090e+16	1.00e+00	1.26e-05	3.08e-11
 4.01311e+16	1.00e+00	9.90e-06	1.92e-11
 4.09695e+16	1.00e+00	7.79e-06	1.19e-11
 4.18303e+16	1.00e+00	6.11e-06	7.37e-12
 4.27112e+16	1.00e+00	4.79e-06	4.55e-12
 4.36102e+16	1.00e+00	3.76e-06	2.81e-12
 4.45363e+16	1.00e+00	2.94e-06	1.72e-12
 4.54926e+16	1.00e+00	2.29e-06	1.05e-12
 4.64750e+16	1.00e+00	1.78e-06	6.39e-13
 4.74909e+16	1.00e+00	1.38e-06	3.85e-13
 4.85462e+16	1.00e+00	1.07e-06	2.30e-13
 4.96429e+16	1.00e+00	8.19e-07	1.36e-13
 5.07859e+16	1.00e+00	6.25e-07	7.97e-14
 5.19837e+16	1.00e+00	4.74e-07	4.60e-14
 5.32488e+16	1.00e+00	3.56e-07	2.60e-14
 5.45943e+16	1.00e+00	2.65e-07	1.44e-14
 5.60356e+16	1.00e+00	1.94e-07	7.74e-15
 5.75655e+16	1.00e+00	1.41e-07	4.08e-15
 5.91315e+16	1.00e+00	1.02e-07	2.16e-15
 6.06975e+16	1.00e+00	7.50e-08	1.16e-15
 6.22634e+16	1.00e+00	5.54e-08	6.35e-16
 6.38294e+16	1.00e+00	4.12e-08	3.52e-16
 6.53954e+16	1.00e+00	3.09e-08	1.98e-16
 6.71962e+16	1.00e+00	2.21e-08	1.02e-16
 6.92627e+16	1.00e+00	1.54e-08	4.93e-17
 7.14008e+16	1.00e+00	1.07e-08	2.39e-17
 7.36080e+16	1.00e+00	7.43e-09	1.15e-17
 7.58627e+16	1.00e+00	5.18e-09	5.61e-18
 7.81540e+16	1.00e+00	3.63e-09	2.75e-18
 8.04786e+16	1.00e+00	2.55e-09	1.37e-18
 8.28348e+16	1.00e+00	1.81e-09	6.85e-19
 8.52186e+16	1.00e+00	1.29e-09	3.47e-19
 8.76167e+16	1.00e+00	9.21e-10	1.78e-19
 9.00200e+16	1.00e+00	6.65e-10	9.31e-20
 9.24188e+16	1.00e+00	4.84e-10	4.94e-20
 9.48039e+16	1.00e+00	3.56e-10	2.67e-20
 9.71614e+16	1.00e+00	2.65e-10	1.48e-20
 9.94788e+16	1.00e+00	1.99e-10	8.35e-21
 1.01753e+17	1.00e+00	1.51e-10	0.00e+00
 1.03971e+17	1.00e+00	1.16e-10	0.00e+00
 1.06123e+17	1.00e+00	9.06e-11	0.00e+00
 1.08204e+17	1.00e+00	7.15e-11	0.00e+00
 1.10210e+17	1.00e+00	5.71e-11	0.00e+00
 1.12138e+17	1.00e+00	4.63e-11	0.00e+00
 1.13984e+17	1.00e+00	3.79e-11	0.00e+00
 1.15749e+17	1.00e+00	3.15e-11	0.00e+00
 1.17431e+17	1.00e+00	2.64e-11	0.00e+00
 1.19033e+17	1.00e+00	2.24e-11	0.00e+00
 1.20557e+17	1.00e+00	1.92e-11	0.00e+00
 1.22005e+17	1.00e+00	1.67e-11	0.00e+00
 1.23380e+17	1.00e+00	1.46e-11	0.00e+00
 1.24684e+17	1.00e+00	1.29e-11	0.00e+00
 1.25921e+17	1.00e+00	1.14e-11	0.00e+00
 1.27094e+17	1.00e+00	1.03e-11	0.00e+00
 1.28206e+17	1.00e+00	9.26e-12	0.00e+00
 1.29260e+17	1.00e+00	8.42e-12	0.00e+00
 1.30260e+17	1.00e+00	7.70e-12	0.00e+00
 1.31208e+17	1.00e+00	7.09e-12	0.00e+00
 1.32106e+17	1.00e+00	6.56e-12	0.00e+00
 1.32959e+17	1.00e+00	6.10e-12	0.00e+00
 1.33768e+17	1.00e+00	5.71e-12	0.00e+00
 1.34535e+17	1.00e+00	5.35e-12	0.00e+00
 1.35263e+17	1.00e+00	5.04e-12	0.00e+00
 1.35954e+17	1.00e+00	4.77e-12	0.00e+00
 1.36611e+17	1.00e+00	4.52e-12	0.00e+00
 1.37235e+17	1.00e+00	4.31e-12	0.00e+00
 1.37828e+17	1.00e+00	4.12e-12	0.00e+00
 1.38391e+17	1.00e+00	3.94e-12	0.00e+00
 1.38927e+17	1.00e+00	3.79e-12	0.00e+00
 1.39438e+17	1.00e+00	3.64e-12	0.00e+00
 1.39924e+17	1.00e+00	3.52e-12	0.00e+00
 1.40387e+17	1.00e+00	3.40e-12	0.00e+00
 1.40829e+17	1.00e+00	3.29e-12	0.00e+00
 1.41250e+17	1.00e+00	3.20e-12	0.00e+00
 1.41652e+17	1.00e+00	3.11e-12	0.00e+00
 1.42036e+17	1.00e+00	3.03e-12	0.00e+00
 1.42404e+17	1.00e+00	2.95e-12	0.00e+00
 1.42756e+17	1.00e+00	2.88e-12	0.00e+00
 1.43093e+17	1.00e+00	2.81e-12	0.00e+00
 1.43416e+17	1.00e+00	2.76e-12	0.00e+00
 1.43727e+17	1.00e+00	2.70e-12	0.00e+00
 1.44026e+17	1.00e+00	2.65e-12	0.00e+00
 1.44314e+17	1.00e+00	2.60e-12	0.00e+00
 1.44592e+17	1.00e+00	2.55e-12	0.00e+00
 1.44861e+17	1.00e+00	2.51e-12	0.00e+00
 1.45122e+17	1.00e+00	2.47e-12	0.00e+00
 1.45375e+17	1.00e+00	2.43e-12	0.00e+00
 1.45621e+17	1.00e+00	2.39e-12	0.00e+00
 1.45862e+17	1.00e+00	2.35e-12	0.00e+00
 1.46099e+17	1.00e+00	2.32e-12	0.00e+00
 1.46331e+17	1.00e+00	2.29e-12	0.00e+00
 1.46561e+17	1.00e+00	2.25e-12	0.00e+00
 1.46789e+17	1.00e+00	2.22e-12	0.00e+00
 1.47016e+17	1.00e+00	2.19e-12	0.00e+00
 1.47245e+17	1.00e+00	2.16e-12	0.00e+00
 1.47476e+17	1.00e+00	2.13e-12	0.00e+00
 1.47711e+17	1.00e+00	2.10e-12	0.00e+00
 1.47953e+17	1.00e+00	2.07e-12	0.00e+00
 1.48205e+17	1.00e+00	2.04e-12	0.00e+00
 1.48469e+17	1.00e+00	2.01e-12	0.00e+00
 1.48750e+17	1.00e+00	1.98e-12	0.00e+00
 1.49055e+17	1.00e+00	1.94e-12	0.00e+00
 1.49390e+17	1.00e+00	1.91e-12	0.00e+00
 1.49767e+17	1.00e+00	1.87e-12	0.00e+00
 1.50202e+17	1.00e+00	1.82e-12	0.00e+00
 1.50718e+17	1.00e+00	1.77e-12	0.00e+00
 1.51352e+17	1.00e+00	1.70e-12	0.00e+00
 1.52161e+17	1.00e+00	1.63e-12	0.00e+00
 1.53212e+17	1.00e+00	1.54e-12	0.00e+00
 1.54578e+17	1.00e+00	1.43e-12	0.00e+00
 1.56354e+17	1.00e+00	1.30e-12	0.00e+00
 1.58663e+17	1.00e+00	1.16e-12	0.00e+00
 1.61665e+17	1.00e+00	9.98e-13	0.00e+00
 1.65567e+17	1.00e+00	8.33e-13	0.00e+00
 1.70639e+17	1.00e+00	6.68e-13	0.00e+00
 1.76977e+17	1.00e+00	5.15e-13	0.00e+00
 1.84056e+17	1.00e+00	3.97e-13	0.00e+00
 1.91418e+17	1.00e+00	3.34e-13	0.00e+00
 1.99075e+17	1.00e+00	2.91e-13	0.00e+00
 2.07038e+17	1.00e+00	2.58e-13	0.00e+00
 2.15319e+17	1.00e+00	2.30e-13	0.00e+00
 2.23932e+17	1.00e+00	2.05e-13	0.00e+00
 2.32890e+17	1.00e+00	1.82e-13	0.00e+00
 2.42205e+17	1.00e+00	1.61e-13	0.00e+00
 2.51893e+17	1.00e+00	1.40e-13	0.00e+00
 2.61969e+17	1.00e+00	1.21e-13	0.00e+00
 2.71915e+17	1.00e+00	1.04e-13	0.00e+00
 2.80864e+17	1.00e+00	9.76e-14	0.00e+00
 2.88668e+17	1.00e+00	9.94e-14	0.00e+00
 2.95794e+17	1.00e+00	9.90e-14	0.00e+00
 3.02675e+17	1.00e+00	9.37e-14	0.00e+00
 3.09354e+17	1.00e+00	8.49e-14	0.00e+00
 3.15493e+17	1.00e+00	7.70e-14	0.00e+00
 3.20378e+17	1.00e+00	7.20e-14	0.00e+00
 3.23487e+17	1.00e+00	7.25e-14	0.00e+00
 3.25194e+17	1.00e+00	7.48e-14	0.00e+00
 3.26159e+17	1.00e+00	7.62e-14	0.00e+00
 3.26738e+17	1.00e+00	7.71e-14	0.00e+00
 3.27113e+17	1.00e+00	7.75e-14	0.00e+00
 3.27432e+17	1.00e+00	7.78e-14	0.00e+00
 3.27781e+17	1.00e+00	7.80e-14	0.00e+00
 3.28160e+17	1.00e+00	7.82e-14	0.00e+00
 3.28521e+17	1.00e+00	7.82e-14	0.00e+00
 3.28823e+17	1.00e+00	7.82e-14	0.00e+00
 3.29087e+17	1.00e+00	7.82e-14	0.00e+00
 3.29351e+17	1.00e+00	7.81e-14	0.00e+00
 3.29618e+17	1.00e+00	7.80e-14	0.00e+00
 3.29862e+17	1.00e+00	7.78e-14	0.00e+00
 3.30083e+17	1.00e+00	7.77e-14	0.00e+00
 3.30293e+17	1.00e+00	7.75e-14	0.00e+00
 3.30498e+17	1.00e+00	7.74e-14	0.00e+00
 3.30699e+17	1.00e+00	7.72e-14	0.00e+00
 3.30882e+17	1.00e+00	7.70e-14	0.00e+00
 3.31053e+17	1.00e+00	7.68e-14	0.00e+00
 3.31227e+17	1.00e+00	7.66e-14	0.00e+00
 3.31398e+17	1.00e+00	7.64e-14	0.00e+00
 3.31554e+17	1.00e+00	7.62e-14	0.00e+00
 3.31699e+17	1.00e+00	7.60e-14	0.00e+00
 3.31839e+17	1.00e+00	7.58e-14	0.00e+00
 3.31978e+17	1.00e+00	7.56e-14	0.00e+00
 3.32116e+17	1.00e+00	7.54e-14	0.00e+00
 3.32253e+17	1.00e+00	7.51e-14	0.00e+00
 3.32388e+17	1.00e+00	7.49e-14	0.00e+00
 3.32513e+17	1.00e+00	7.47e-14	0.00e+00
 3.32631e+17	1.00e+00	7.45e-14	0.00e+00
 3.32754e+17	1.00e+00	7.43e-14	0.00e+00
 3.32881e+17	1.00e+00	7.40e-14	0.00e+00
 3.33005e+17	1.00e+00	7.38e-14	0.00e+00
 3.33123e+17	1.00e+00	7.35e-14	0.00e+00
 3.33242e+17	1.00e+00	7.33e-14	0.00e+00
 3.33364e+17	1.00e+00	7.30e-14	0.00e+00
 3.33482e+17	1.00e+00	7.28e-14	0.00e+00
 3.33597e+17	1.00e+00	7.25e-14	0.00e+00
 3.33718e+17	1.00e+00	7.23e-14	0.00e+00
 3.33844e+17	1.00e+00	7.19e-14	0.00e+00
 3.33967e+17	1.00e+00	7.16e-14	0.00e+00
 3.34087e+17	1.00e+00	7.14e-14	0.00e+00
 3.34211e+17	1.00e+00	7.11e-14	0.00e+00
 3.34342e+17	1.00e+00	7.07e-14	0.00e+00
 3.34475e+17	1.00e+00	7.04e-14	0.00e+00
 3.34608e+17	1.00e+00	7.00e-14	0.00e+00
 3.34736e+17	1.00e+00	6.97e-14	0.00e+00
 3.34875e+17	1.00e+00	6.94e-14	0.00e+00
 3.35029e+17	1.00e+00	6.89e-14	0.00e+00
 3.35182e+17	1.00e+00	6.85e-14	0.00e+00
 3.35322e+17	1.00e+00	6.81e-14	0.00e+00
 3.35463e+17	1.00e+00	6.77e-14	0.00e+00
 3.35617e+17	1.00e+00	6.73e-14	0.00e+00
 3.35777e+17	1.00e+00	6.68e-14	0.00e+00
 3.35945e+17	1.00e+00	6.63e-14	0.00e+00
 3.36115e+17	1.00e+00	6.58e-14	0.00e+00
 3.36284e+17	1.00e+00	6.53e-14	0.00e+00
 3.36455e+17	1.00e+00	6.48e-14	0.00e+00
 3.36630e+17	1.00e+00	6.43e-14	0.00e+00
 3.36820e+17	1.00e+00	6.37e-14	0.00e+00
 3.37013e+17	1.00e+00	6.31e-14	0.00e+00
 3.37208e+17	1.00e+00	6.25e-14	0.00e+00
 3.37405e+17	1.00e+00	6.19e-14	0.00e+00
 3.37609e+17	1.00e+00	6.12e-14	0.00e+00
 3.37827e+17	1.00e+00	6.05e-14	0.00e+00
 3.38050e+17	1.00e+00	5.98e-14	0.00e+00
 3.38276e+17	1.00e+00	5.91e-14	0.00e+00
 3.38503e+17	1.00e+00	5.83e-14	0.00e+00
 3.38737e+17	1.00e+00	5.76e-14	0.00e+00
 3.38979e+17	1.00e+00	5.68e-14	0.00e+00
 3.39224e+17	1.00e+00	5.60e-14	0.00e+00
 3.39489e+17	1.00e+00	5.52e-14	0.00e+00
 3.39774e+17	1.00e+00	5.42e-14	0.00e+00
 3.40051e+17	1.00e+00	5.33e-14	0.00e+00
 3.40312e+17	1.00e+00	5.24e-14	0.00e+00
 3.40592e+17	1.00e+00	5.16e-14	0.00e+00
 3.40913e+17	1.00e+00	5.06e-14	0.00e+00
 3.41237e+17	1.00e+00	4.94e-14	0.00e+00
 3.41536e+17	1.00e+00	4.85e-14	0.00e+00
 3.41838e+17	1.00e+00	4.75e-14	0.00e+00
 3.42171e+17	1.00e+00	4.65e-14	0.00e+00
 3.42528e+17	1.00e+00	4.53e-14	0.00e+00
 3.42885e+17	1.00e+00	4.42e-14	0.00e+00
 3.43226e+17	1.00e+00	4.31e-14	0.00e+00
 3.43573e+17	1.00e+00	4.20e-14	0.00e+00
 3.43952e+17	1.00e+00	4.09e-14	0.00e+00
 3.44353e+17	1.00e+00	3.96e-14	0.00e+00
 3.44752e+17	1.00e+00	3.84e-14	0.00e+00
 3.45144e+17	1.00e+00	3.72e-14	0.00e+00
 3.45543e+17	1.00e+00	3.60e-14	0.00e+00
 3.45964e+17	1.00e+00	3.49e-14	0.00e+00
 3.46403e+17	1.00e+00	3.36e-14	0.00e+00
 3.46847e+17	1.00e+00	3.23e-14	0.00e+00
 3.47286e+17	1.00e+00	3.11e-14	0.00e+00
 3.47745e+17	1.00e+00	2.99e-14	0.00e+00
 3.48229e+17	1.00e+00	2.86e-14	0.00e+00
 3.48715e+17	1.00e+00	2.74e-14	0.00e+00
 3.49194e+17	1.00e+00	2.62e-14	0.00e+00
 3.49702e+17	1.00e+00	2.50e-14	0.00e+00
 3.50236e+17	1.00e+00	2.36e-14	0.00e+00
 3.50759e+17	1.00e+00	2.24e-14	0.00e+00
 3.51277e+17	1.00e+00	2.13e-14	0.00e+00
 3.51841e+17	1.00e+00	2.02e-14	0.00e+00
 3.52463e+17	1.00e+00	1.89e-14	0.00e+00
 3.53090e+17	1.00e+00	1.77e-14	0.00e+00
 3.53698e+17	1.00e+00	1.65e-14	0.00e+00
 3.54303e+17	1.00e+00	1.54e-14	0.00e+00
 3.54942e+17	1.00e+00	1.44e-14	0.00e+00
 3.55618e+17	1.00e+00	1.33e-14	0.00e+00
 3.56262e+17	1.00e+00	1.23e-14	0.00e+00
 3.56813e+17	1.00e+00	1.14e-14	0.00e+00
 3.57282e+17	1.00e+00	1.07e-14	0.00e+00
 3.57719e+17	1.00e+00	1.02e-14	0.00e+00
 3.58158e+17	1.00e+00	9.61e-15	0.00e+00
 3.58596e+17	1.00e+00	9.08e-15	0.00e+00
 3.59012e+17	1.00e+00	8.59e-15	0.00e+00
 3.59397e+17	1.00e+00	8.15e-15	0.00e+00
 3.59756e+17	1.00e+00	7.76e-15	0.00e+00
 3.60104e+17	1.00e+00	7.40e-15	0.00e+00
 3.60445e+17	1.00e+00	7.06e-15	0.00e+00
 3.60776e+17	1.00e+00	6.73e-15	0.00e+00
 3.61092e+17	1.00e+00	6.43e-15	0.00e+00
 3.61393e+17	1.00e+00	6.15e-15	0.00e+00
 3.61682e+17	1.00e+00	5.88e-15	0.00e+00
 3.61961e+17	1.00e+00	5.64e-15	0.00e+00
 3.62233e+17	1.00e+00	5.41e-15	0.00e+00
 3.62495e+17	1.00e+00	5.19e-15	0.00e+00
 3.62746e+17	1.00e+00	4.97e-15	0.00e+00
 3.62990e+17	1.00e+00	4.79e-15	0.00e+00
 3.63224e+17	1.00e+00	4.59e-15	0.00e+00
 3.63450e+17	1.00e+00	4.43e-15	0.00e+00
 3.63669e+17	1.00e+00	4.27e-15	0.00e+00
 3.63886e+17	1.00e+00	4.11e-15	0.00e+00
 3.64096e+17	1.00e+00	3.96e-15	0.00e+00
 3.64298e+17	1.00e+00	3.82e-15	0.00e+00
 3.64492e+17	1.00e+00	3.69e-15	0.00e+00
 3.64682e+17	1.00e+00	3.57e-15	0.00e+00
 3.64871e+17	1.00e+00	3.45e-15	0.00e+00
 3.65056e+17	1.00e+00	3.33e-15	0.00e+00
 3.65268e+17	1.00e+00	3.22e-15	0.00e+00
 3.65543e+17	1.00e+00	3.09e-15	0.00e+00
 3.65900e+17	1.00e+00	2.91e-15	0.00e+00
 3.66364e+17	1.00e+00	2.70e-15	0.00e+00
 3.66968e+17	1.00e+00	2.44e-15	0.00e+00
 3.67752e+17	1.00e+00	2.13e-15	0.00e+00
 3.68643e+17	1.00e+00	1.79e-15	0.00e+00
 3.69441e+17	1.00e+00	1.50e-15	0.00e+00
 3.70053e+17	1.00e+00	1.30e-15	0.00e+00
 3.70554e+17	1.00e+00	1.17e-15	0.00e+00
 3.71058e+17	1.00e+00	1.06e-15	0.00e+00
 3.71631e+17	1.00e+00	9.53e-16	0.00e+00
 3.72249e+17	1.00e+00	8.41e-16	0.00e+00
 3.72852e+17	1.00e+00	7.41e-16	0.00e+00
 3.73411e+17	1.00e+00	6.57e-16	0.00e+00
 3.73950e+17	1.00e+00	5.88e-16	0.00e+00
 3.74511e+17	1.00e+00	5.26e-16	0.00e+00
 3.75114e+17	1.00e+00	4.67e-16	0.00e+00
 3.75747e+17	1.00e+00	4.11e-16	0.00e+00
 3.76394e+17	1.00e+00	3.60e-16	0.00e+00
 3.77055e+17	1.00e+00	3.15e-16	0.00e+00
 3.77757e+17	1.00e+00	2.74e-16	0.00e+00
 3.78533e+17	1.00e+00	2.35e-16	0.00e+00
 3.79415e+17	1.00e+00	1.99e-16	0.00e+00
 3.80442e+17	1.00e+00	1.64e-16	0.00e+00
 3.81689e+17	1.00e+00	1.30e-16	0.00e+00
 3.83279e+17	1.00e+00	9.81e-17	0.00e+00
 3.85347e+17	1.00e+00	6.79e-17	0.00e+00
 3.88035e+17	1.00e+00	4.23e-17	0.00e+00
 3.91530e+17	1.00e+00	2.31e-17	0.00e+00
 3.96073e+17	1.00e+00	1.07e-17	0.00e+00
 4.01979e+17	1.00e+00	4.03e-18	0.00e+00
 4.09657e+17	1.00e+00	1.25e-18	0.00e+00
 4.19638e+17	1.00e+00	3.48e-19	0.00e+00
 4.32613e+17	1.00e+00	8.96e-20	0.00e+00
