#depth	N	N+	N+2	N+3	N+4	N+5	N+6	N+7
 1.49634e+10	0.00e+00	0.00e+00	2.22e-27	4.84e-18	1.21e-09	9.60e-01	4.00e-02	0.00e+00
 4.54887e+10	0.00e+00	3.29e-37	2.83e-27	5.70e-18	1.32e-09	9.63e-01	3.71e-02	6.73e-07
 7.72350e+10	0.00e+00	0.00e+00	3.61e-27	6.71e-18	1.44e-09	9.66e-01	3.41e-02	0.00e+00
 1.10251e+11	0.00e+00	6.28e-37	4.61e-27	7.91e-18	1.56e-09	9.69e-01	3.14e-02	0.00e+00
 1.43268e+11	0.00e+00	0.00e+00	5.82e-27	9.26e-18	1.69e-09	9.71e-01	2.91e-02	0.00e+00
 1.77605e+11	0.00e+00	1.17e-36	7.37e-27	1.08e-17	1.83e-09	9.73e-01	2.69e-02	0.00e+00
 2.14636e+11	0.00e+00	0.00e+00	9.42e-27	1.28e-17	1.99e-09	9.75e-01	2.48e-02	0.00e+00
 2.53148e+11	0.00e+00	2.25e-36	1.20e-26	1.51e-17	2.16e-09	9.77e-01	2.28e-02	0.00e+00
 2.93201e+11	7.24e-47	3.11e-36	1.54e-26	1.77e-17	2.35e-09	9.79e-01	2.10e-02	0.00e+00
 3.34856e+11	0.00e+00	0.00e+00	1.97e-26	2.09e-17	2.56e-09	9.81e-01	1.94e-02	0.00e+00
 3.78177e+11	0.00e+00	5.97e-36	2.51e-26	2.47e-17	2.78e-09	9.82e-01	1.78e-02	0.00e+00
 4.23231e+11	2.46e-46	8.29e-36	3.22e-26	2.91e-17	3.02e-09	9.84e-01	1.64e-02	0.00e+00
 4.70087e+11	0.00e+00	0.00e+00	4.12e-26	3.43e-17	3.28e-09	9.85e-01	1.51e-02	0.00e+00
 5.18817e+11	0.00e+00	1.60e-35	5.27e-26	4.05e-17	3.57e-09	9.86e-01	1.39e-02	0.00e+00
 5.64605e+11	8.09e-46	2.15e-35	6.60e-26	4.71e-17	3.85e-09	9.87e-01	1.29e-02	0.00e+00
 6.05501e+11	0.00e+00	0.00e+00	8.02e-26	5.37e-17	4.12e-09	9.88e-01	1.21e-02	0.00e+00
 6.51390e+11	0.00e+00	3.69e-35	9.91e-26	6.19e-17	4.42e-09	9.89e-01	1.12e-02	0.00e+00
 7.05837e+11	2.37e-45	5.09e-35	1.26e-25	7.28e-17	4.80e-09	9.90e-01	1.03e-02	0.00e+00
 7.60587e+11	0.00e+00	0.00e+00	1.60e-25	8.53e-17	5.20e-09	9.90e-01	9.54e-03	0.00e+00
 8.11899e+11	0.00e+00	9.24e-35	1.98e-25	9.84e-17	5.59e-09	9.91e-01	8.88e-03	0.00e+00
 8.68673e+11	7.29e-45	1.25e-34	2.49e-25	1.15e-16	6.05e-09	9.92e-01	8.21e-03	0.00e+00
 9.33347e+11	0.00e+00	0.00e+00	3.21e-25	1.36e-16	6.59e-09	9.92e-01	7.54e-03	0.00e+00
 9.97793e+11	0.00e+00	2.41e-34	4.09e-25	1.60e-16	7.15e-09	9.93e-01	6.94e-03	0.00e+00
 1.06482e+12	2.47e-44	3.33e-34	5.22e-25	1.89e-16	7.77e-09	9.94e-01	6.39e-03	0.00e+00
 1.13734e+12	0.00e+00	4.67e-34	6.74e-25	2.24e-16	8.48e-09	9.94e-01	5.86e-03	0.00e+00
 1.21276e+12	5.73e-44	6.55e-34	8.70e-25	2.66e-16	9.25e-09	9.95e-01	5.37e-03	0.00e+00
 1.28383e+12	0.00e+00	8.90e-34	1.10e-24	3.11e-16	1.00e-08	9.95e-01	4.96e-03	0.00e+00
 1.34773e+12	1.17e-43	1.16e-33	1.34e-24	3.56e-16	1.07e-08	9.95e-01	4.63e-03	0.00e+00
 1.41966e+12	0.00e+00	1.56e-33	1.68e-24	4.14e-16	1.16e-08	9.96e-01	4.29e-03	0.00e+00
 1.50449e+12	2.56e-43	2.18e-33	2.16e-24	4.91e-16	1.26e-08	9.96e-01	3.94e-03	0.00e+00
 1.58932e+12	0.00e+00	3.01e-33	2.76e-24	5.79e-16	1.37e-08	9.96e-01	3.62e-03	0.00e+00
 1.66913e+12	5.52e-43	4.04e-33	3.45e-24	6.73e-16	1.48e-08	9.97e-01	3.35e-03	0.00e+00
 1.75741e+12	0.00e+00	5.53e-33	4.38e-24	7.90e-16	1.61e-08	9.97e-01	3.09e-03	0.00e+00
 1.85764e+12	1.25e-42	7.80e-33	5.70e-24	9.44e-16	1.76e-08	9.97e-01	2.82e-03	0.00e+00
 1.95666e+12	0.00e+00	1.08e-32	7.32e-24	1.12e-15	1.92e-08	9.97e-01	2.59e-03	0.00e+00
 2.05964e+12	2.83e-42	1.51e-32	9.40e-24	1.33e-15	2.09e-08	9.98e-01	2.37e-03	0.00e+00
 2.17196e+12	0.00e+00	2.13e-32	1.22e-23	1.59e-15	2.30e-08	9.98e-01	2.17e-03	0.00e+00
 2.28523e+12	6.61e-42	2.98e-32	1.58e-23	1.89e-15	2.51e-08	9.98e-01	1.98e-03	0.00e+00
 2.40303e+12	0.00e+00	4.17e-32	2.05e-23	2.25e-15	2.75e-08	9.98e-01	1.81e-03	0.00e+00
 2.52451e+12	1.52e-41	5.84e-32	2.65e-23	2.69e-15	3.01e-08	9.98e-01	1.65e-03	0.00e+00
 2.64358e+12	0.00e+00	8.01e-32	3.38e-23	3.17e-15	3.28e-08	9.98e-01	1.52e-03	0.00e+00
 2.77198e+12	3.38e-41	1.11e-31	4.35e-23	3.77e-15	3.59e-08	9.99e-01	1.39e-03	0.00e+00
 2.91279e+12	0.00e+00	1.58e-31	5.69e-23	4.54e-15	3.94e-08	9.99e-01	1.26e-03	0.00e+00
 3.05922e+12	7.97e-41	2.23e-31	7.44e-23	5.46e-15	4.34e-08	9.99e-01	1.15e-03	0.00e+00
 3.21152e+12	0.00e+00	3.15e-31	9.72e-23	6.57e-15	4.78e-08	9.99e-01	1.04e-03	0.00e+00
 3.36991e+12	1.87e-40	4.46e-31	1.27e-22	7.91e-15	5.27e-08	9.99e-01	9.47e-04	0.00e+00
 3.51305e+12	0.00e+00	6.02e-31	1.61e-22	9.31e-15	5.74e-08	9.99e-01	8.70e-04	0.00e+00
 3.63213e+12	3.64e-40	7.66e-31	1.94e-22	1.06e-14	6.14e-08	9.99e-01	8.12e-04	0.00e+00
 3.76251e+12	0.00e+00	9.90e-31	2.36e-22	1.22e-14	6.61e-08	9.99e-01	7.55e-04	0.00e+00
 3.92788e+12	7.32e-40	1.35e-30	3.02e-22	1.45e-14	7.24e-08	9.99e-01	6.90e-04	0.00e+00
 4.10054e+12	0.00e+00	1.86e-30	3.86e-22	1.72e-14	7.94e-08	9.99e-01	6.30e-04	0.00e+00
 4.24684e+12	1.47e-39	2.40e-30	4.72e-22	1.99e-14	8.56e-08	9.99e-01	5.85e-04	0.00e+00
 4.39712e+12	0.00e+00	3.09e-30	5.77e-22	2.29e-14	9.22e-08	9.99e-01	5.43e-04	0.00e+00
 4.58666e+12	2.91e-39	4.20e-30	7.35e-22	2.72e-14	1.01e-07	1.00e+00	4.95e-04	0.00e+00
 4.77935e+12	0.00e+00	5.68e-30	9.32e-22	3.22e-14	1.11e-07	1.00e+00	4.53e-04	0.00e+00
 4.94423e+12	5.64e-39	7.26e-30	1.13e-21	3.71e-14	1.19e-07	1.00e+00	4.20e-04	0.00e+00
 5.12086e+12	0.00e+00	9.37e-30	1.39e-21	4.28e-14	1.29e-07	1.00e+00	3.89e-04	0.00e+00
 5.34008e+12	1.11e-38	1.27e-29	1.76e-21	5.09e-14	1.42e-07	1.00e+00	3.55e-04	0.00e+00
 5.56509e+12	0.00e+00	1.71e-29	2.24e-21	6.05e-14	1.55e-07	1.00e+00	3.24e-04	0.00e+00
 5.76704e+12	2.16e-38	2.21e-29	2.74e-21	7.01e-14	1.68e-07	1.00e+00	2.99e-04	0.00e+00
 5.98855e+12	0.00e+00	2.89e-29	3.40e-21	8.19e-14	1.83e-07	1.00e+00	2.75e-04	0.00e+00
 6.25098e+12	4.32e-38	3.93e-29	4.35e-21	9.78e-14	2.02e-07	1.00e+00	2.50e-04	0.00e+00
 6.51423e+12	0.00e+00	5.27e-29	5.50e-21	1.16e-13	2.21e-07	1.00e+00	2.28e-04	0.00e+00
 6.76331e+12	8.44e-38	6.87e-29	6.80e-21	1.36e-13	2.41e-07	1.00e+00	2.10e-04	0.00e+00
 7.03907e+12	0.00e+00	9.11e-29	8.53e-21	1.60e-13	2.63e-07	1.00e+00	1.92e-04	0.00e+00
 7.35056e+12	1.70e-37	1.23e-28	1.09e-20	1.91e-13	2.90e-07	1.00e+00	1.74e-04	0.00e+00
 7.66100e+12	0.00e+00	1.65e-28	1.37e-20	2.27e-13	3.19e-07	1.00e+00	1.59e-04	0.00e+00
 7.93481e+12	3.23e-37	2.11e-28	1.67e-20	2.62e-13	3.45e-07	1.00e+00	1.47e-04	0.00e+00
 8.17561e+12	0.00e+00	2.60e-28	1.98e-20	2.96e-13	3.69e-07	1.00e+00	1.37e-04	0.00e+00
 8.44846e+12	5.46e-37	3.26e-28	2.38e-20	3.38e-13	3.97e-07	1.00e+00	1.28e-04	0.00e+00
 8.75267e+12	0.00e+00	4.17e-28	2.90e-20	3.91e-13	4.30e-07	1.00e+00	1.18e-04	0.00e+00
 9.03850e+12	9.56e-37	5.21e-28	3.47e-20	4.46e-13	4.62e-07	1.00e+00	1.10e-04	0.00e+00
 9.35097e+12	0.00e+00	6.59e-28	4.19e-20	5.12e-13	4.99e-07	1.00e+00	1.02e-04	0.00e+00
 9.70010e+12	1.72e-36	8.49e-28	5.14e-20	5.95e-13	5.42e-07	1.00e+00	9.38e-05	0.00e+00
 1.00296e+13	0.00e+00	1.07e-27	6.18e-20	6.82e-13	5.84e-07	1.00e+00	8.71e-05	0.00e+00
 1.03906e+13	3.03e-36	1.36e-27	7.53e-20	7.87e-13	6.32e-07	1.00e+00	8.05e-05	0.00e+00
 1.07946e+13	0.00e+00	1.77e-27	9.30e-20	9.18e-13	6.88e-07	1.00e+00	7.40e-05	0.00e+00
 1.11773e+13	5.53e-36	2.25e-27	1.13e-19	1.06e-12	7.44e-07	1.00e+00	6.85e-05	0.00e+00
 1.15315e+13	0.00e+00	2.79e-27	1.34e-19	1.20e-12	7.97e-07	1.00e+00	6.39e-05	0.00e+00
 1.19261e+13	9.44e-36	3.52e-27	1.62e-19	1.37e-12	8.59e-07	1.00e+00	5.93e-05	0.00e+00
 1.23685e+13	0.00e+00	4.52e-27	1.98e-19	1.59e-12	9.32e-07	1.00e+00	5.47e-05	0.00e+00
 1.27860e+13	1.67e-35	5.68e-27	2.38e-19	1.82e-12	1.00e-06	1.00e+00	5.08e-05	0.00e+00
 1.32416e+13	0.00e+00	7.23e-27	2.88e-19	2.10e-12	1.08e-06	1.00e+00	4.71e-05	0.00e+00
 1.37455e+13	3.04e-35	9.34e-27	3.55e-19	2.44e-12	1.18e-06	1.00e+00	4.34e-05	0.00e+00
 1.42123e+13	0.00e+00	1.18e-26	4.27e-19	2.78e-12	1.27e-06	1.00e+00	4.03e-05	0.00e+00
 1.47191e+13	5.35e-35	1.50e-26	5.18e-19	3.20e-12	1.37e-06	1.00e+00	3.73e-05	0.00e+00
 1.52859e+13	0.00e+00	1.94e-26	6.39e-19	3.73e-12	1.49e-06	1.00e+00	3.43e-05	0.00e+00
 1.58204e+13	9.72e-35	2.46e-26	7.73e-19	4.28e-12	1.61e-06	1.00e+00	3.18e-05	0.00e+00
 1.64052e+13	0.00e+00	3.17e-26	9.46e-19	4.94e-12	1.74e-06	1.00e+00	2.94e-05	0.00e+00
 1.70578e+13	1.82e-34	4.15e-26	1.18e-18	5.78e-12	1.90e-06	1.00e+00	2.70e-05	0.00e+00
 1.76726e+13	2.45e-34	5.31e-26	1.43e-18	6.66e-12	2.05e-06	1.00e+00	2.50e-05	0.00e+00
 1.83394e+13	3.35e-34	6.89e-26	1.76e-18	7.71e-12	2.22e-06	1.00e+00	2.31e-05	0.00e+00
 1.90874e+13	4.67e-34	9.10e-26	2.20e-18	9.04e-12	2.43e-06	1.00e+00	2.12e-05	0.00e+00
 1.98086e+13	6.36e-34	1.18e-25	2.71e-18	1.05e-11	2.63e-06	1.00e+00	1.95e-05	0.00e+00
 2.05743e+13	8.89e-34	1.55e-25	3.35e-18	1.22e-11	2.85e-06	1.00e+00	1.80e-05	0.00e+00
 2.14271e+13	1.25e-33	2.06e-25	4.21e-18	1.43e-11	3.12e-06	1.00e+00	1.65e-05	0.00e+00
 2.22850e+13	1.75e-33	2.71e-25	5.25e-18	1.67e-11	3.39e-06	1.00e+00	1.52e-05	0.00e+00
 2.31771e+13	2.47e-33	3.60e-25	6.56e-18	1.95e-11	3.69e-06	1.00e+00	1.40e-05	0.00e+00
 2.41341e+13	3.50e-33	4.81e-25	8.24e-18	2.29e-11	4.02e-06	1.00e+00	1.28e-05	0.00e+00
 2.50399e+13	4.83e-33	6.28e-25	1.02e-17	2.65e-11	4.35e-06	1.00e+00	1.19e-05	0.00e+00
 2.58589e+13	6.40e-33	7.92e-25	1.22e-17	3.01e-11	4.65e-06	1.00e+00	1.11e-05	0.00e+00
 2.66311e+13	8.30e-33	9.81e-25	1.44e-17	3.39e-11	4.95e-06	1.00e+00	1.04e-05	0.00e+00
 2.74846e+13	1.10e-32	1.24e-24	1.73e-17	3.84e-11	5.29e-06	1.00e+00	9.75e-06	0.00e+00
 2.84425e+13	1.50e-32	1.59e-24	2.10e-17	4.39e-11	5.68e-06	1.00e+00	9.08e-06	0.00e+00
 2.93549e+13	1.99e-32	2.00e-24	2.52e-17	4.97e-11	6.07e-06	1.00e+00	8.50e-06	0.00e+00
 3.03597e+13	2.69e-32	2.57e-24	3.05e-17	5.68e-11	6.51e-06	1.00e+00	7.92e-06	0.00e+00
 3.14573e+13	3.71e-32	3.34e-24	3.75e-17	6.54e-11	7.01e-06	1.00e+00	7.36e-06	0.00e+00
 3.24560e+13	4.94e-32	4.21e-24	4.49e-17	7.40e-11	7.48e-06	1.00e+00	6.90e-06	0.00e+00
 3.35352e+13	6.67e-32	5.38e-24	5.42e-17	8.41e-11	8.00e-06	1.00e+00	6.45e-06	0.00e+00
 3.47494e+13	9.28e-32	7.04e-24	6.66e-17	9.68e-11	8.61e-06	1.00e+00	6.00e-06	0.00e+00
 3.59038e+13	1.25e-31	8.99e-24	8.05e-17	1.10e-10	9.21e-06	1.00e+00	5.61e-06	0.00e+00
 3.71691e+13	1.73e-31	1.17e-23	9.84e-17	1.26e-10	9.88e-06	1.00e+00	5.23e-06	0.00e+00
 3.85668e+13	2.45e-31	1.55e-23	1.22e-16	1.46e-10	1.07e-05	1.00e+00	4.85e-06	0.00e+00
 3.98645e+13	3.34e-31	1.99e-23	1.48e-16	1.66e-10	1.14e-05	1.00e+00	4.54e-06	0.00e+00
 4.12794e+13	4.65e-31	2.60e-23	1.81e-16	1.91e-10	1.22e-05	1.00e+00	4.23e-06	0.00e+00
 4.28703e+13	6.68e-31	3.48e-23	2.26e-16	2.22e-10	1.32e-05	1.00e+00	3.92e-06	0.00e+00
 4.43862e+13	9.30e-31	4.54e-23	2.77e-16	2.54e-10	1.41e-05	1.00e+00	3.66e-06	0.00e+00
 4.60281e+13	1.32e-30	6.02e-23	3.43e-16	2.93e-10	1.52e-05	1.00e+00	3.40e-06	0.00e+00
 4.78480e+13	1.91e-30	8.13e-23	4.31e-16	3.42e-10	1.64e-05	1.00e+00	3.15e-06	0.00e+00
 4.95922e+13	2.71e-30	1.07e-22	5.32e-16	3.94e-10	1.77e-05	1.00e+00	2.93e-06	0.00e+00
 5.14573e+13	3.88e-30	1.43e-22	6.62e-16	4.56e-10	1.90e-05	1.00e+00	2.72e-06	0.00e+00
 5.35455e+13	5.73e-30	1.96e-22	8.37e-16	5.33e-10	2.05e-05	1.00e+00	2.52e-06	0.00e+00
 5.56386e+13	8.34e-30	2.65e-22	1.05e-15	6.20e-10	2.22e-05	1.00e+00	2.33e-06	0.00e+00
 5.78155e+13	1.21e-29	3.58e-22	1.32e-15	7.21e-10	2.39e-05	1.00e+00	2.16e-06	0.00e+00
 6.01580e+13	1.79e-29	4.89e-22	1.67e-15	8.44e-10	2.58e-05	1.00e+00	2.00e-06	0.00e+00
 6.25943e+13	2.65e-29	6.68e-22	2.11e-15	9.87e-10	2.79e-05	1.00e+00	1.85e-06	0.00e+00
 6.51280e+13	3.92e-29	9.14e-22	2.67e-15	1.15e-09	3.02e-05	1.00e+00	1.71e-06	0.00e+00
 6.75870e+13	5.65e-29	1.22e-21	3.33e-15	1.34e-09	3.25e-05	1.00e+00	1.59e-06	0.00e+00
 6.99091e+13	7.89e-29	1.60e-21	4.06e-15	1.53e-09	3.47e-05	1.00e+00	1.49e-06	0.00e+00
 7.21033e+13	1.07e-28	2.04e-21	4.88e-15	1.73e-09	3.69e-05	1.00e+00	1.40e-06	0.00e+00
 7.44942e+13	1.48e-28	2.65e-21	5.93e-15	1.96e-09	3.93e-05	1.00e+00	1.31e-06	0.00e+00
 7.71589e+13	2.08e-28	3.48e-21	7.31e-15	2.26e-09	4.22e-05	1.00e+00	1.23e-06	0.00e+00
 7.96644e+13	2.86e-28	4.48e-21	8.84e-15	2.56e-09	4.49e-05	1.00e+00	1.15e-06	0.00e+00
 8.24062e+13	4.01e-28	5.88e-21	1.08e-14	2.93e-09	4.79e-05	1.00e+00	1.08e-06	0.00e+00
 8.54984e+13	5.76e-28	7.85e-21	1.35e-14	3.39e-09	5.16e-05	1.00e+00	1.00e-06	0.00e+00
 8.84657e+13	7.98e-28	1.02e-20	1.65e-14	3.88e-09	5.52e-05	1.00e+00	9.36e-07	0.00e+00
 9.17033e+13	1.14e-27	1.36e-20	2.04e-14	4.47e-09	5.92e-05	1.00e+00	0.00e+00	0.00e+00
 9.54014e+13	1.69e-27	1.86e-20	2.58e-14	5.23e-09	6.40e-05	1.00e+00	0.00e+00	0.00e+00
 9.90238e+13	2.40e-27	2.48e-20	3.22e-14	6.06e-09	6.90e-05	1.00e+00	0.00e+00	0.00e+00
 1.02791e+14	3.49e-27	3.34e-20	4.03e-14	7.03e-09	7.42e-05	1.00e+00	0.00e+00	0.00e+00
 1.06580e+14	4.91e-27	4.40e-20	4.99e-14	8.12e-09	7.99e-05	1.00e+00	0.00e+00	0.00e+00
 1.09920e+14	6.67e-27	5.63e-20	6.00e-14	9.18e-09	8.49e-05	1.00e+00	0.00e+00	0.00e+00
 1.13555e+14	9.05e-27	7.21e-20	7.27e-14	1.04e-08	9.06e-05	1.00e+00	0.00e+00	0.00e+00
 1.17938e+14	1.30e-26	9.68e-20	9.11e-14	1.21e-08	9.78e-05	1.00e+00	0.00e+00	0.00e+00
 1.22291e+14	1.84e-26	1.28e-19	1.13e-13	1.40e-08	1.05e-04	1.00e+00	0.00e+00	0.00e+00
 1.26180e+14	2.49e-26	1.64e-19	1.36e-13	1.59e-08	1.12e-04	1.00e+00	0.00e+00	0.00e+00
 1.30465e+14	3.46e-26	2.13e-19	1.66e-13	1.81e-08	1.20e-04	1.00e+00	0.00e+00	0.00e+00
 1.35560e+14	4.93e-26	2.84e-19	2.08e-13	2.11e-08	1.29e-04	1.00e+00	0.00e+00	0.00e+00
 1.40596e+14	7.07e-26	3.80e-19	2.59e-13	2.44e-08	1.39e-04	1.00e+00	0.00e+00	0.00e+00
 1.45202e+14	9.47e-26	4.83e-19	3.14e-13	2.78e-08	1.49e-04	1.00e+00	0.00e+00	0.00e+00
 1.50360e+14	1.33e-25	6.36e-19	3.86e-13	3.19e-08	1.59e-04	1.00e+00	0.00e+00	0.00e+00
 1.56355e+14	1.90e-25	8.52e-19	4.87e-13	3.73e-08	1.73e-04	1.00e+00	0.00e+00	0.00e+00
 1.62226e+14	2.70e-25	1.13e-18	6.06e-13	4.32e-08	1.86e-04	1.00e+00	0.00e+00	0.00e+00
 1.67762e+14	3.74e-25	1.47e-18	7.40e-13	4.94e-08	1.99e-04	1.00e+00	0.00e+00	0.00e+00
 1.73934e+14	5.24e-25	1.94e-18	9.18e-13	5.71e-08	2.14e-04	1.00e+00	0.00e+00	0.00e+00
 1.80921e+14	7.47e-25	2.60e-18	1.16e-12	6.68e-08	2.32e-04	1.00e+00	0.00e+00	0.00e+00
 1.87904e+14	1.08e-24	3.50e-18	1.45e-12	7.77e-08	2.50e-04	1.00e+00	0.00e+00	0.00e+00
 1.94449e+14	1.46e-24	4.49e-18	1.78e-12	8.91e-08	2.68e-04	1.00e+00	0.00e+00	0.00e+00
 2.01540e+14	2.08e-24	5.95e-18	2.20e-12	1.03e-07	2.88e-04	1.00e+00	0.00e+00	0.00e+00
 2.09631e+14	2.93e-24	7.94e-18	2.78e-12	1.20e-07	3.13e-04	1.00e+00	0.00e+00	0.00e+00
 2.17256e+14	4.09e-24	1.04e-17	3.44e-12	1.39e-07	3.36e-04	1.00e+00	0.00e+00	0.00e+00
 2.24117e+14	5.52e-24	1.33e-17	4.14e-12	1.57e-07	3.58e-04	1.00e+00	0.00e+00	0.00e+00
 2.30618e+14	7.16e-24	1.64e-17	4.90e-12	1.76e-07	3.79e-04	1.00e+00	0.00e+00	0.00e+00
 2.37842e+14	9.53e-24	2.08e-17	5.89e-12	1.99e-07	4.03e-04	1.00e+00	0.00e+00	0.00e+00
 2.45890e+14	1.27e-23	2.64e-17	7.18e-12	2.27e-07	4.31e-04	1.00e+00	0.00e+00	0.00e+00
 2.53444e+14	1.71e-23	3.35e-17	8.59e-12	2.56e-07	4.58e-04	1.00e+00	0.00e+00	0.00e+00
 2.61700e+14	2.24e-23	4.21e-17	1.04e-11	2.91e-07	4.90e-04	1.00e+00	0.00e+00	0.00e+00
 2.70931e+14	3.10e-23	5.48e-17	1.28e-11	3.35e-07	5.25e-04	9.99e-01	0.00e+00	0.00e+00
 2.79703e+14	4.19e-23	7.01e-17	1.54e-11	3.80e-07	5.60e-04	9.99e-01	0.00e+00	0.00e+00
 2.89383e+14	5.60e-23	8.95e-17	1.89e-11	4.35e-07	6.00e-04	9.99e-01	0.00e+00	0.00e+00
 3.00070e+14	7.94e-23	1.19e-16	2.34e-11	5.03e-07	6.46e-04	9.99e-01	0.00e+00	0.00e+00
 3.09941e+14	1.04e-22	1.49e-16	2.84e-11	5.72e-07	6.90e-04	9.99e-01	0.00e+00	0.00e+00
 3.20650e+14	1.44e-22	1.94e-16	3.47e-11	6.55e-07	7.38e-04	9.99e-01	0.00e+00	0.00e+00
 3.32602e+14	1.96e-22	2.52e-16	4.31e-11	7.58e-07	7.97e-04	9.99e-01	0.00e+00	0.00e+00
 3.43793e+14	2.64e-22	3.22e-16	5.25e-11	8.65e-07	8.52e-04	9.99e-01	0.00e+00	0.00e+00
 3.55963e+14	3.65e-22	4.19e-16	6.45e-11	9.94e-07	9.14e-04	9.99e-01	0.00e+00	0.00e+00
 3.69524e+14	4.97e-22	5.46e-16	8.05e-11	1.15e-06	9.87e-04	9.99e-01	0.00e+00	0.00e+00
 3.82201e+14	6.83e-22	7.07e-16	9.83e-11	1.32e-06	1.06e-03	9.99e-01	0.00e+00	0.00e+00
 3.95977e+14	9.19e-22	9.08e-16	1.21e-10	1.52e-06	1.14e-03	9.99e-01	0.00e+00	0.00e+00
 4.11354e+14	1.30e-21	1.21e-15	1.52e-10	1.77e-06	1.23e-03	9.99e-01	0.00e+00	0.00e+00
 4.25921e+14	1.72e-21	1.54e-15	1.86e-10	2.04e-06	1.32e-03	9.99e-01	0.00e+00	0.00e+00
 4.41563e+14	2.37e-21	2.01e-15	2.31e-10	2.35e-06	1.42e-03	9.99e-01	0.00e+00	0.00e+00
 4.59255e+14	3.27e-21	2.64e-15	2.91e-10	2.75e-06	1.55e-03	9.98e-01	0.00e+00	0.00e+00
 4.76583e+14	4.55e-21	3.47e-15	3.62e-10	3.19e-06	1.67e-03	9.98e-01	0.00e+00	0.00e+00
 4.94603e+14	6.15e-21	4.49e-15	4.50e-10	3.70e-06	1.81e-03	9.98e-01	0.00e+00	0.00e+00
 5.14417e+14	8.69e-21	5.99e-15	5.67e-10	4.33e-06	1.96e-03	9.98e-01	0.00e+00	0.00e+00
 5.33920e+14	1.18e-20	7.78e-15	7.06e-10	5.03e-06	2.12e-03	9.98e-01	0.00e+00	0.00e+00
 5.49971e+14	1.51e-20	9.59e-15	8.40e-10	5.66e-06	2.26e-03	9.98e-01	0.00e+00	0.00e+00
 5.62808e+14	1.83e-20	1.13e-14	9.62e-10	6.21e-06	2.37e-03	9.98e-01	0.00e+00	0.00e+00
 5.77040e+14	2.25e-20	1.35e-14	1.11e-09	6.86e-06	2.50e-03	9.97e-01	0.00e+00	0.00e+00
 5.95541e+14	2.88e-20	1.67e-14	1.34e-09	7.79e-06	2.68e-03	9.97e-01	0.00e+00	0.00e+00
 6.15358e+14	3.76e-20	2.10e-14	1.62e-09	8.88e-06	2.87e-03	9.97e-01	0.00e+00	0.00e+00
 6.32948e+14	4.78e-20	2.57e-14	1.91e-09	9.94e-06	3.05e-03	9.97e-01	0.00e+00	0.00e+00
 6.51876e+14	6.03e-20	3.14e-14	2.27e-09	1.12e-05	3.25e-03	9.97e-01	0.00e+00	0.00e+00
 6.75841e+14	8.07e-20	4.03e-14	2.81e-09	1.29e-05	3.52e-03	9.96e-01	0.00e+00	0.00e+00
 7.00160e+14	1.07e-19	5.15e-14	3.45e-09	1.49e-05	3.80e-03	9.96e-01	0.00e+00	0.00e+00
 7.20922e+14	1.35e-19	6.29e-14	4.10e-09	1.67e-05	4.05e-03	9.96e-01	0.00e+00	0.00e+00
 7.43253e+14	1.72e-19	7.75e-14	4.90e-09	1.89e-05	4.33e-03	9.96e-01	0.00e+00	0.00e+00
 7.71008e+14	2.29e-19	9.96e-14	6.07e-09	2.19e-05	4.70e-03	9.95e-01	0.00e+00	0.00e+00
 7.99335e+14	3.06e-19	1.28e-13	7.50e-09	2.53e-05	5.08e-03	9.95e-01	0.00e+00	0.00e+00
 8.24315e+14	3.91e-19	1.58e-13	8.99e-09	2.86e-05	5.44e-03	9.95e-01	0.00e+00	0.00e+00
 8.51420e+14	5.04e-19	1.97e-13	1.09e-08	3.26e-05	5.85e-03	9.94e-01	0.00e+00	0.00e+00
 8.84091e+14	6.78e-19	2.56e-13	1.36e-08	3.79e-05	6.36e-03	9.94e-01	0.00e+00	0.00e+00
 9.16419e+14	9.06e-19	3.28e-13	1.67e-08	4.37e-05	6.89e-03	9.93e-01	0.00e+00	0.00e+00
 9.45160e+14	1.15e-18	4.05e-13	2.01e-08	4.94e-05	7.37e-03	9.93e-01	0.00e+00	0.00e+00
 9.76812e+14	1.50e-18	5.10e-13	2.44e-08	5.64e-05	7.94e-03	9.92e-01	0.00e+00	0.00e+00
 1.01461e+15	2.03e-18	6.63e-13	3.05e-08	6.56e-05	8.64e-03	9.91e-01	0.00e+00	0.00e+00
 1.05225e+15	2.72e-18	8.54e-13	3.78e-08	7.59e-05	9.38e-03	9.91e-01	0.00e+00	0.00e+00
 1.08669e+15	3.50e-18	1.06e-12	4.58e-08	8.63e-05	1.01e-02	9.90e-01	0.00e+00	0.00e+00
 1.12512e+15	4.69e-18	1.37e-12	5.63e-08	9.91e-05	1.09e-02	9.89e-01	0.00e+00	0.00e+00
 1.16978e+15	6.44e-18	1.80e-12	7.09e-08	1.16e-04	1.19e-02	9.88e-01	0.00e+00	0.00e+00
 1.21374e+15	8.72e-18	2.34e-12	8.83e-08	1.34e-04	1.29e-02	9.87e-01	0.00e+00	0.00e+00
 1.25553e+15	1.15e-17	2.97e-12	1.08e-07	1.54e-04	1.39e-02	9.86e-01	0.00e+00	0.00e+00
 1.29204e+15	1.46e-17	3.64e-12	1.28e-07	1.72e-04	1.48e-02	9.85e-01	0.00e+00	0.00e+00
 1.32230e+15	1.77e-17	4.30e-12	1.47e-07	1.89e-04	1.56e-02	9.84e-01	0.00e+00	0.00e+00
 1.35575e+15	2.18e-17	5.15e-12	1.71e-07	2.08e-04	1.65e-02	9.83e-01	0.00e+00	0.00e+00
 1.39923e+15	2.85e-17	6.47e-12	2.07e-07	2.36e-04	1.76e-02	9.82e-01	0.00e+00	0.00e+00
 1.44493e+15	3.70e-17	8.12e-12	2.51e-07	2.69e-04	1.90e-02	9.81e-01	0.00e+00	0.00e+00
 1.48405e+15	4.69e-17	9.91e-12	2.95e-07	2.99e-04	2.01e-02	9.80e-01	0.00e+00	0.00e+00
 1.52541e+15	5.94e-17	1.21e-11	3.48e-07	3.33e-04	2.13e-02	9.78e-01	0.00e+00	0.00e+00
 1.57919e+15	7.97e-17	1.56e-11	4.29e-07	3.83e-04	2.30e-02	9.77e-01	0.00e+00	0.00e+00
 1.63476e+15	1.05e-16	1.98e-11	5.28e-07	4.39e-04	2.48e-02	9.75e-01	0.00e+00	0.00e+00
 1.68169e+15	1.35e-16	2.45e-11	6.26e-07	4.92e-04	2.64e-02	9.73e-01	0.00e+00	0.00e+00
 1.73170e+15	1.88e-16	3.04e-11	7.48e-07	5.53e-04	2.81e-02	9.71e-01	0.00e+00	0.00e+00
 1.79518e+15	2.65e-16	4.02e-11	9.31e-07	6.38e-04	3.04e-02	9.69e-01	0.00e+00	0.00e+00
 1.86127e+15	3.56e-16	5.19e-11	1.16e-06	7.37e-04	3.29e-02	9.66e-01	0.00e+00	0.00e+00
 1.91991e+15	4.72e-16	6.57e-11	1.40e-06	8.34e-04	3.52e-02	9.64e-01	0.00e+00	0.00e+00
 1.98379e+15	6.33e-16	8.39e-11	1.71e-06	9.50e-04	3.77e-02	9.61e-01	0.00e+00	0.00e+00
 2.06031e+15	9.26e-16	1.14e-10	2.15e-06	1.10e-03	4.09e-02	9.58e-01	0.00e+00	0.00e+00
 2.13627e+15	1.28e-15	1.49e-10	2.68e-06	1.27e-03	4.42e-02	9.55e-01	0.00e+00	0.00e+00
 2.20495e+15	1.67e-15	1.87e-10	3.24e-06	1.45e-03	4.73e-02	9.51e-01	0.00e+00	0.00e+00
 2.28117e+15	2.27e-15	2.42e-10	3.99e-06	1.65e-03	5.08e-02	9.48e-01	0.00e+00	0.00e+00
 2.37076e+15	3.36e-15	3.31e-10	5.05e-06	1.93e-03	5.52e-02	9.43e-01	0.00e+00	0.00e+00
 2.45915e+15	4.75e-15	4.40e-10	6.31e-06	2.23e-03	5.95e-02	9.38e-01	0.00e+00	0.00e+00
 2.54179e+15	6.47e-15	5.67e-10	7.72e-06	2.54e-03	6.37e-02	9.34e-01	0.00e+00	0.00e+00
 2.63421e+15	9.04e-15	7.47e-10	9.59e-06	2.93e-03	6.86e-02	9.28e-01	0.00e+00	0.00e+00
 2.73960e+15	1.25e-14	9.88e-10	1.22e-05	3.41e-03	7.43e-02	9.22e-01	0.00e+00	0.00e+00
 2.84414e+15	1.87e-14	1.35e-09	1.53e-05	3.96e-03	8.03e-02	9.16e-01	0.00e+00	0.00e+00
 2.92954e+15	2.47e-14	1.70e-09	1.83e-05	4.45e-03	8.52e-02	9.10e-01	0.00e+00	0.00e+00
 2.99546e+15	3.05e-14	2.02e-09	2.09e-05	4.85e-03	8.91e-02	9.06e-01	0.00e+00	0.00e+00
 3.06752e+15	3.83e-14	2.44e-09	2.42e-05	5.32e-03	9.35e-02	9.01e-01	0.00e+00	0.00e+00
 3.16119e+15	4.91e-14	3.02e-09	2.90e-05	5.99e-03	9.91e-02	8.95e-01	0.00e+00	0.00e+00
 3.26338e+15	6.91e-14	3.95e-09	3.52e-05	6.78e-03	1.06e-01	8.87e-01	0.00e+00	0.00e+00
 3.35564e+15	9.02e-14	4.90e-09	4.17e-05	7.56e-03	1.12e-01	8.81e-01	0.00e+00	0.00e+00
 3.45460e+15	1.15e-13	6.04e-09	4.96e-05	8.46e-03	1.18e-01	8.74e-01	0.00e+00	0.00e+00
 3.58075e+15	1.66e-13	8.11e-09	6.17e-05	9.73e-03	1.27e-01	8.64e-01	0.00e+00	0.00e+00
 3.70816e+15	2.26e-13	1.05e-08	7.60e-05	1.11e-02	1.35e-01	8.54e-01	0.00e+00	0.00e+00
 3.81474e+15	3.09e-13	1.34e-08	9.03e-05	1.24e-02	1.43e-01	8.45e-01	0.00e+00	0.00e+00
 3.92836e+15	4.11e-13	1.68e-08	1.08e-04	1.39e-02	1.51e-01	8.35e-01	0.00e+00	0.00e+00
 4.07244e+15	5.55e-13	2.18e-08	1.33e-04	1.59e-02	1.61e-01	8.23e-01	0.00e+00	0.00e+00
 4.22109e+15	8.22e-13	2.96e-08	1.66e-04	1.83e-02	1.72e-01	8.09e-01	0.00e+00	0.00e+00
 4.35014e+15	1.09e-12	3.74e-08	1.98e-04	2.05e-02	1.82e-01	7.98e-01	0.00e+00	0.00e+00
 4.48878e+15	1.47e-12	4.75e-08	2.39e-04	2.31e-02	1.92e-01	7.85e-01	0.00e+00	0.00e+00
 4.65849e+15	2.02e-12	6.23e-08	2.97e-04	2.65e-02	2.04e-01	7.69e-01	0.00e+00	0.00e+00
 4.82785e+15	2.99e-12	8.45e-08	3.69e-04	3.03e-02	2.18e-01	7.52e-01	0.00e+00	0.00e+00
 4.97669e+15	3.99e-12	1.07e-07	4.41e-04	3.39e-02	2.29e-01	7.37e-01	0.00e+00	0.00e+00
 5.13966e+15	5.39e-12	1.37e-07	5.33e-04	3.82e-02	2.41e-01	7.20e-01	0.00e+00	0.00e+00
 5.33641e+15	7.45e-12	1.79e-07	6.64e-04	4.37e-02	2.56e-01	7.00e-01	0.00e+00	0.00e+00
 5.52664e+15	1.10e-11	2.42e-07	8.19e-04	4.97e-02	2.70e-01	6.79e-01	0.00e+00	0.00e+00
 5.68551e+15	1.43e-11	3.02e-07	9.66e-04	5.50e-02	2.82e-01	6.62e-01	0.00e+00	0.00e+00
 5.85412e+15	1.90e-11	3.79e-07	1.15e-03	6.11e-02	2.94e-01	6.44e-01	0.00e+00	0.00e+00
 6.06842e+15	2.56e-11	4.87e-07	1.41e-03	6.92e-02	3.09e-01	6.21e-01	0.00e+00	0.00e+00
 6.29154e+15	3.80e-11	6.63e-07	1.74e-03	7.86e-02	3.25e-01	5.95e-01	0.00e+00	0.00e+00
 6.46142e+15	4.86e-11	8.11e-07	2.03e-03	8.61e-02	3.36e-01	5.76e-01	0.00e+00	0.00e+00
 6.61267e+15	6.08e-11	9.72e-07	2.32e-03	9.33e-02	3.45e-01	5.59e-01	0.00e+00	0.00e+00
 6.80929e+15	7.99e-11	1.21e-06	2.75e-03	1.03e-01	3.57e-01	5.37e-01	0.00e+00	0.00e+00
 7.01855e+15	1.08e-10	1.54e-06	3.28e-03	1.14e-01	3.70e-01	5.13e-01	0.00e+00	0.00e+00
 7.20065e+15	1.37e-10	1.88e-06	3.79e-03	1.24e-01	3.79e-01	4.93e-01	0.00e+00	0.00e+00
 7.39381e+15	1.76e-10	2.29e-06	4.41e-03	1.35e-01	3.89e-01	4.72e-01	0.00e+00	0.00e+00
 7.64493e+15	2.47e-10	3.00e-06	5.36e-03	1.51e-01	4.01e-01	4.43e-01	0.00e+00	0.00e+00
 7.89485e+15	3.29e-10	3.80e-06	6.41e-03	1.67e-01	4.10e-01	4.17e-01	0.00e+00	0.00e+00
 8.08934e+15	4.06e-10	4.53e-06	7.35e-03	1.79e-01	4.17e-01	3.96e-01	0.00e+00	0.00e+00
 8.28827e+15	5.13e-10	5.47e-06	8.45e-03	1.93e-01	4.23e-01	3.75e-01	0.00e+00	0.00e+00
 8.54688e+15	7.31e-10	7.17e-06	1.01e-02	2.13e-01	4.30e-01	3.47e-01	0.00e+00	0.00e+00
 8.80929e+15	9.63e-10	8.97e-06	1.20e-02	2.32e-01	4.34e-01	3.22e-01	0.00e+00	0.00e+00
 9.02336e+15	1.19e-09	1.07e-05	1.37e-02	2.48e-01	4.36e-01	3.02e-01	0.00e+00	0.00e+00
 9.24836e+15	1.51e-09	1.30e-05	1.58e-02	2.66e-01	4.37e-01	2.80e-01	0.00e+00	0.00e+00
 9.49398e+15	2.09e-09	1.65e-05	1.85e-02	2.87e-01	4.38e-01	2.57e-01	0.00e+00	0.00e+00
 9.71155e+15	2.62e-09	1.98e-05	2.10e-02	3.05e-01	4.36e-01	2.38e-01	0.00e+00	0.00e+00
 9.93957e+15	3.31e-09	2.39e-05	2.41e-02	3.25e-01	4.33e-01	2.19e-01	0.00e+00	0.00e+00
 1.01858e+16	4.13e-09	2.86e-05	2.77e-02	3.45e-01	4.27e-01	2.00e-01	0.00e+00	0.00e+00
 1.04053e+16	5.50e-09	3.55e-05	3.16e-02	3.65e-01	4.22e-01	1.82e-01	0.00e+00	0.00e+00
 1.06004e+16	6.73e-09	4.16e-05	3.53e-02	3.82e-01	4.15e-01	1.67e-01	0.00e+00	0.00e+00
 1.07783e+16	8.12e-09	4.82e-05	3.91e-02	3.98e-01	4.08e-01	1.55e-01	0.00e+00	0.00e+00
 1.09472e+16	9.72e-09	5.54e-05	4.30e-02	4.12e-01	4.01e-01	1.43e-01	0.00e+00	0.00e+00
 1.11402e+16	1.14e-08	6.33e-05	4.78e-02	4.29e-01	3.92e-01	1.31e-01	0.00e+00	0.00e+00
 1.13910e+16	1.60e-08	8.13e-05	5.54e-02	4.52e-01	3.78e-01	1.15e-01	0.00e+00	0.00e+00
 1.16352e+16	1.93e-08	9.52e-05	6.30e-02	4.72e-01	3.64e-01	1.02e-01	0.00e+00	0.00e+00
 1.18248e+16	2.56e-08	1.17e-04	7.05e-02	4.88e-01	3.51e-01	9.07e-02	0.00e+00	0.00e+00
 1.19895e+16	3.07e-08	1.34e-04	7.73e-02	5.01e-01	3.39e-01	8.23e-02	0.00e+00	0.00e+00
 1.21438e+16	3.68e-08	1.54e-04	8.44e-02	5.13e-01	3.28e-01	7.47e-02	0.00e+00	0.00e+00
 1.23204e+16	4.57e-08	1.82e-04	9.35e-02	5.27e-01	3.13e-01	6.63e-02	0.00e+00	0.00e+00
 1.25168e+16	5.39e-08	2.08e-04	1.04e-01	5.41e-01	2.97e-01	5.83e-02	0.00e+00	0.00e+00
 1.27015e+16	6.74e-08	2.46e-04	1.16e-01	5.53e-01	2.80e-01	5.09e-02	0.00e+00	0.00e+00
 1.28672e+16	8.38e-08	2.90e-04	1.27e-01	5.63e-01	2.65e-01	4.45e-02	0.00e+00	0.00e+00
 1.30165e+16	1.03e-07	3.37e-04	1.39e-01	5.71e-01	2.50e-01	3.91e-02	0.00e+00	0.00e+00
 1.31591e+16	1.32e-07	4.03e-04	1.52e-01	5.78e-01	2.35e-01	3.40e-02	0.00e+00	0.00e+00
 1.32959e+16	1.52e-07	4.51e-04	1.65e-01	5.84e-01	2.21e-01	2.99e-02	0.00e+00	0.00e+00
 1.34474e+16	2.06e-07	5.59e-04	1.82e-01	5.89e-01	2.04e-01	2.49e-02	0.00e+00	0.00e+00
 1.35939e+16	2.56e-07	6.56e-04	1.99e-01	5.92e-01	1.87e-01	2.11e-02	0.00e+00	0.00e+00
 1.36983e+16	3.01e-07	7.37e-04	2.12e-01	5.93e-01	1.76e-01	1.85e-02	0.00e+00	0.00e+00
 1.37848e+16	3.48e-07	8.19e-04	2.24e-01	5.94e-01	1.65e-01	1.64e-02	0.00e+00	0.00e+00
 1.38840e+16	3.86e-07	8.90e-04	2.37e-01	5.94e-01	1.54e-01	1.43e-02	0.00e+00	0.00e+00
 1.40129e+16	5.22e-07	1.10e-03	2.59e-01	5.91e-01	1.38e-01	1.15e-02	0.00e+00	0.00e+00
 1.41128e+16	6.13e-07	1.23e-03	2.74e-01	5.89e-01	1.26e-01	9.75e-03	0.00e+00	0.00e+00
 1.41576e+16	6.65e-07	1.31e-03	2.82e-01	5.87e-01	1.21e-01	8.96e-03	0.00e+00	0.00e+00
 1.41984e+16	7.19e-07	1.38e-03	2.89e-01	5.85e-01	1.16e-01	8.27e-03	0.00e+00	0.00e+00
 1.42513e+16	7.68e-07	1.46e-03	2.98e-01	5.83e-01	1.09e-01	7.48e-03	0.00e+00	0.00e+00
 1.43202e+16	9.07e-07	1.63e-03	3.12e-01	5.79e-01	1.01e-01	6.39e-03	0.00e+00	0.00e+00
 1.43855e+16	1.03e-06	1.79e-03	3.24e-01	5.75e-01	9.32e-02	5.52e-03	0.00e+00	0.00e+00
 1.44340e+16	1.13e-06	1.92e-03	3.34e-01	5.72e-01	8.75e-02	4.91e-03	0.00e+00	0.00e+00
 1.44850e+16	1.23e-06	2.03e-03	3.44e-01	5.68e-01	8.16e-02	4.33e-03	0.00e+00	0.00e+00
 1.45513e+16	1.47e-06	2.29e-03	3.59e-01	5.62e-01	7.37e-02	3.57e-03	0.00e+00	0.00e+00
 1.46119e+16	1.64e-06	2.49e-03	3.71e-01	5.57e-01	6.72e-02	3.02e-03	0.00e+00	0.00e+00
 1.46557e+16	1.77e-06	2.62e-03	3.79e-01	5.53e-01	6.26e-02	2.65e-03	0.00e+00	0.00e+00
 1.47031e+16	1.96e-06	2.82e-03	3.90e-01	5.48e-01	5.75e-02	2.27e-03	0.00e+00	0.00e+00
 1.47648e+16	2.31e-06	3.15e-03	4.04e-01	5.40e-01	5.11e-02	1.82e-03	0.00e+00	0.00e+00
 1.48234e+16	2.61e-06	3.43e-03	4.16e-01	5.33e-01	4.57e-02	1.48e-03	0.00e+00	0.00e+00
 1.48686e+16	2.87e-06	3.66e-03	4.25e-01	5.28e-01	4.16e-02	1.25e-03	0.00e+00	0.00e+00
 1.49178e+16	3.20e-06	3.95e-03	4.36e-01	5.21e-01	3.73e-02	1.02e-03	0.00e+00	0.00e+00
 1.49818e+16	3.67e-06	4.34e-03	4.49e-01	5.13e-01	3.23e-02	7.84e-04	0.00e+00	0.00e+00
 1.50479e+16	4.22e-06	4.78e-03	4.63e-01	5.04e-01	2.77e-02	5.90e-04	0.00e+00	0.00e+00
 1.51037e+16	4.74e-06	5.17e-03	4.74e-01	4.96e-01	2.41e-02	4.59e-04	0.00e+00	0.00e+00
 1.51630e+16	5.37e-06	5.63e-03	4.86e-01	4.88e-01	2.07e-02	3.45e-04	0.00e+00	0.00e+00
 1.52403e+16	6.26e-06	6.25e-03	5.00e-01	4.77e-01	1.69e-02	2.37e-04	0.00e+00	0.00e+00
 1.53223e+16	7.34e-06	6.95e-03	5.14e-01	4.65e-01	1.36e-02	1.59e-04	0.00e+00	0.00e+00
 1.53966e+16	8.42e-06	7.62e-03	5.27e-01	4.54e-01	1.11e-02	1.10e-04	0.00e+00	0.00e+00
 1.54791e+16	9.83e-06	8.45e-03	5.40e-01	4.42e-01	8.84e-03	7.16e-05	0.00e+00	0.00e+00
 1.55863e+16	1.19e-05	9.59e-03	5.57e-01	4.27e-01	6.58e-03	4.12e-05	0.00e+00	0.00e+00
 1.56802e+16	1.40e-05	1.07e-02	5.71e-01	4.13e-01	5.17e-03	2.62e-05	0.00e+00	0.00e+00
 1.57369e+16	1.54e-05	1.14e-02	5.79e-01	4.05e-01	4.47e-03	1.99e-05	0.00e+00	0.00e+00
 1.57907e+16	1.69e-05	1.21e-02	5.87e-01	3.97e-01	3.87e-03	1.52e-05	0.00e+00	0.00e+00
 1.58606e+16	1.91e-05	1.31e-02	5.97e-01	3.87e-01	3.22e-03	1.07e-05	0.00e+00	0.00e+00
 1.59515e+16	2.23e-05	1.45e-02	6.10e-01	3.73e-01	2.53e-03	6.79e-06	0.00e+00	0.00e+00
 1.60457e+16	2.62e-05	1.61e-02	6.23e-01	3.59e-01	2.01e-03	4.35e-06	0.00e+00	0.00e+00
 1.61237e+16	3.00e-05	1.76e-02	6.34e-01	3.47e-01	1.65e-03	3.02e-06	0.00e+00	0.00e+00
 1.62046e+16	3.45e-05	1.93e-02	6.45e-01	3.34e-01	1.35e-03	2.04e-06	0.00e+00	0.00e+00
 1.62959e+16	4.06e-05	2.14e-02	6.57e-01	3.20e-01	1.07e-03	1.33e-06	0.00e+00	0.00e+00
 1.63752e+16	4.69e-05	2.36e-02	6.68e-01	3.07e-01	8.88e-04	9.28e-07	0.00e+00	0.00e+00
 1.64374e+16	5.27e-05	2.54e-02	6.77e-01	2.97e-01	7.64e-04	0.00e+00	0.00e+00	0.00e+00
 1.65029e+16	5.95e-05	2.75e-02	6.85e-01	2.86e-01	6.47e-04	0.00e+00	0.00e+00	0.00e+00
 1.65880e+16	7.01e-05	3.07e-02	6.97e-01	2.72e-01	5.21e-04	0.00e+00	0.00e+00	0.00e+00
 1.66722e+16	8.28e-05	3.42e-02	7.08e-01	2.58e-01	4.24e-04	0.00e+00	0.00e+00	0.00e+00
 1.67345e+16	9.39e-05	3.72e-02	7.15e-01	2.47e-01	3.64e-04	0.00e+00	0.00e+00	0.00e+00
 1.67868e+16	1.05e-04	3.99e-02	7.22e-01	2.38e-01	3.18e-04	0.00e+00	0.00e+00	0.00e+00
 1.68466e+16	1.18e-04	4.33e-02	7.29e-01	2.28e-01	2.72e-04	0.00e+00	0.00e+00	0.00e+00
 1.69141e+16	1.37e-04	4.77e-02	7.36e-01	2.16e-01	2.27e-04	0.00e+00	0.00e+00	0.00e+00
 1.69769e+16	1.57e-04	5.23e-02	7.43e-01	2.05e-01	1.93e-04	0.00e+00	0.00e+00	0.00e+00
 1.70325e+16	1.79e-04	5.68e-02	7.48e-01	1.95e-01	1.66e-04	0.00e+00	0.00e+00	0.00e+00
 1.70933e+16	2.06e-04	6.23e-02	7.54e-01	1.84e-01	1.40e-04	0.00e+00	0.00e+00	0.00e+00
 1.71584e+16	2.40e-04	6.90e-02	7.58e-01	1.72e-01	1.16e-04	0.00e+00	0.00e+00	0.00e+00
 1.72143e+16	2.75e-04	7.54e-02	7.62e-01	1.62e-01	9.91e-05	0.00e+00	0.00e+00	0.00e+00
 1.72631e+16	3.11e-04	8.17e-02	7.64e-01	1.54e-01	8.58e-05	0.00e+00	0.00e+00	0.00e+00
 1.73175e+16	3.57e-04	8.94e-02	7.66e-01	1.44e-01	7.25e-05	0.00e+00	0.00e+00	0.00e+00
 1.73768e+16	4.17e-04	9.90e-02	7.67e-01	1.34e-01	6.02e-05	0.00e+00	0.00e+00	0.00e+00
 1.74291e+16	4.81e-04	1.08e-01	7.66e-01	1.25e-01	5.10e-05	0.00e+00	0.00e+00	0.00e+00
 1.74754e+16	5.45e-04	1.18e-01	7.65e-01	1.17e-01	4.37e-05	0.00e+00	0.00e+00	0.00e+00
 1.75270e+16	6.31e-04	1.29e-01	7.62e-01	1.08e-01	3.64e-05	0.00e+00	0.00e+00	0.00e+00
 1.75830e+16	7.43e-04	1.44e-01	7.57e-01	9.86e-02	2.99e-05	0.00e+00	0.00e+00	0.00e+00
 1.76322e+16	8.61e-04	1.58e-01	7.51e-01	9.05e-02	2.49e-05	0.00e+00	0.00e+00	0.00e+00
 1.76755e+16	9.81e-04	1.72e-01	7.44e-01	8.35e-02	2.11e-05	0.00e+00	0.00e+00	0.00e+00
 1.77235e+16	1.14e-03	1.89e-01	7.34e-01	7.58e-02	1.73e-05	0.00e+00	0.00e+00	0.00e+00
 1.77763e+16	1.35e-03	2.10e-01	7.21e-01	6.77e-02	1.38e-05	0.00e+00	0.00e+00	0.00e+00
 1.78237e+16	1.58e-03	2.32e-01	7.06e-01	6.06e-02	1.12e-05	0.00e+00	0.00e+00	0.00e+00
 1.78660e+16	1.83e-03	2.53e-01	6.90e-01	5.45e-02	9.20e-06	0.00e+00	0.00e+00	0.00e+00
 1.79133e+16	2.15e-03	2.80e-01	6.70e-01	4.79e-02	7.26e-06	0.00e+00	0.00e+00	0.00e+00
 1.79660e+16	2.60e-03	3.13e-01	6.43e-01	4.09e-02	5.50e-06	0.00e+00	0.00e+00	0.00e+00
 1.80146e+16	3.11e-03	3.48e-01	6.14e-01	3.48e-02	4.17e-06	0.00e+00	0.00e+00	0.00e+00
 1.80587e+16	3.67e-03	3.83e-01	5.84e-01	2.95e-02	3.18e-06	0.00e+00	0.00e+00	0.00e+00
 1.81079e+16	4.43e-03	4.26e-01	5.46e-01	2.42e-02	2.29e-06	0.00e+00	0.00e+00	0.00e+00
 1.81601e+16	5.45e-03	4.76e-01	4.99e-01	1.90e-02	1.56e-06	0.00e+00	0.00e+00	0.00e+00
 1.82034e+16	6.50e-03	5.22e-01	4.57e-01	1.51e-02	1.10e-06	0.00e+00	0.00e+00	0.00e+00
 1.82393e+16	7.50e-03	5.61e-01	4.19e-01	1.22e-02	8.05e-07	0.00e+00	0.00e+00	0.00e+00
 1.82723e+16	8.62e-03	6.00e-01	3.82e-01	9.89e-03	0.00e+00	0.00e+00	0.00e+00	0.00e+00
 1.83032e+16	9.86e-03	6.36e-01	3.46e-01	7.95e-03	0.00e+00	0.00e+00	0.00e+00	0.00e+00
 1.83331e+16	1.12e-02	6.71e-01	3.11e-01	6.31e-03	0.00e+00	0.00e+00	0.00e+00	0.00e+00
 1.83624e+16	1.27e-02	7.06e-01	2.76e-01	4.91e-03	0.00e+00	0.00e+00	0.00e+00	0.00e+00
 1.83903e+16	1.44e-02	7.38e-01	2.43e-01	3.79e-03	0.00e+00	0.00e+00	0.00e+00	0.00e+00
 1.84163e+16	1.61e-02	7.67e-01	2.14e-01	2.91e-03	0.00e+00	0.00e+00	0.00e+00	0.00e+00
 1.84412e+16	1.80e-02	7.94e-01	1.86e-01	2.21e-03	0.00e+00	0.00e+00	0.00e+00	0.00e+00
 1.84654e+16	2.02e-02	8.18e-01	1.60e-01	1.66e-03	0.00e+00	0.00e+00	0.00e+00	0.00e+00
 1.84890e+16	2.25e-02	8.40e-01	1.37e-01	1.23e-03	0.00e+00	0.00e+00	0.00e+00	0.00e+00
 1.85116e+16	2.50e-02	8.58e-01	1.16e-01	9.01e-04	0.00e+00	0.00e+00	0.00e+00	0.00e+00
 1.85335e+16	2.79e-02	8.74e-01	9.76e-02	6.53e-04	0.00e+00	0.00e+00	0.00e+00	0.00e+00
 1.85551e+16	3.09e-02	8.87e-01	8.12e-02	4.64e-04	0.00e+00	0.00e+00	0.00e+00	0.00e+00
 1.85758e+16	3.43e-02	8.98e-01	6.71e-02	3.27e-04	0.00e+00	0.00e+00	0.00e+00	0.00e+00
 1.85956e+16	3.80e-02	9.07e-01	5.52e-02	2.29e-04	0.00e+00	0.00e+00	0.00e+00	0.00e+00
 1.86149e+16	4.21e-02	9.13e-01	4.50e-02	1.59e-04	0.00e+00	0.00e+00	0.00e+00	0.00e+00
 1.86340e+16	4.67e-02	9.17e-01	3.64e-02	1.08e-04	0.00e+00	0.00e+00	0.00e+00	0.00e+00
 1.86525e+16	5.18e-02	9.19e-01	2.92e-02	7.26e-05	0.00e+00	0.00e+00	0.00e+00	0.00e+00
 1.86699e+16	5.71e-02	9.19e-01	2.35e-02	4.91e-05	0.00e+00	0.00e+00	0.00e+00	0.00e+00
 1.86862e+16	6.27e-02	9.18e-01	1.90e-02	3.35e-05	0.00e+00	0.00e+00	0.00e+00	0.00e+00
 1.87021e+16	6.89e-02	9.16e-01	1.52e-02	2.26e-05	0.00e+00	0.00e+00	0.00e+00	0.00e+00
 1.87175e+16	7.53e-02	9.13e-01	1.22e-02	1.52e-05	0.00e+00	0.00e+00	0.00e+00	0.00e+00
 1.87320e+16	8.21e-02	9.08e-01	9.79e-03	1.03e-05	0.00e+00	0.00e+00	0.00e+00	0.00e+00
 1.87456e+16	8.91e-02	9.03e-01	7.92e-03	7.06e-06	0.00e+00	0.00e+00	0.00e+00	0.00e+00
 1.87586e+16	9.63e-02	8.97e-01	6.43e-03	4.87e-06	0.00e+00	0.00e+00	0.00e+00	0.00e+00
 1.87704e+16	1.03e-01	8.91e-01	5.28e-03	3.43e-06	0.00e+00	0.00e+00	0.00e+00	0.00e+00
 1.87809e+16	1.10e-01	8.86e-01	4.42e-03	2.50e-06	0.00e+00	0.00e+00	0.00e+00	0.00e+00
 1.87904e+16	1.16e-01	8.80e-01	3.74e-03	1.85e-06	0.00e+00	0.00e+00	0.00e+00	0.00e+00
 1.87980e+16	1.22e-01	8.75e-01	3.28e-03	1.47e-06	0.00e+00	0.00e+00	0.00e+00	0.00e+00
 1.88029e+16	1.25e-01	8.72e-01	3.00e-03	1.26e-06	0.00e+00	0.00e+00	0.00e+00	0.00e+00
 1.88075e+16	1.29e-01	8.69e-01	2.76e-03	1.08e-06	0.00e+00	0.00e+00	0.00e+00	0.00e+00
 1.88129e+16	1.33e-01	8.64e-01	2.49e-03	9.02e-07	0.00e+00	0.00e+00	0.00e+00	0.00e+00
 1.88186e+16	1.38e-01	8.60e-01	2.24e-03	0.00e+00	0.00e+00	0.00e+00	0.00e+00	0.00e+00
 1.88242e+16	1.42e-01	8.56e-01	2.02e-03	0.00e+00	0.00e+00	0.00e+00	0.00e+00	0.00e+00
 1.88294e+16	1.47e-01	8.51e-01	1.82e-03	0.00e+00	0.00e+00	0.00e+00	0.00e+00	0.00e+00
 1.88346e+16	1.51e-01	8.47e-01	1.65e-03	0.00e+00	0.00e+00	0.00e+00	0.00e+00	0.00e+00
 1.88398e+16	1.56e-01	8.42e-01	1.49e-03	0.00e+00	0.00e+00	0.00e+00	0.00e+00	0.00e+00
 1.88450e+16	1.61e-01	8.38e-01	1.34e-03	0.00e+00	0.00e+00	0.00e+00	0.00e+00	0.00e+00
 1.88500e+16	1.66e-01	8.33e-01	1.21e-03	0.00e+00	0.00e+00	0.00e+00	0.00e+00	0.00e+00
 1.88551e+16	1.71e-01	8.28e-01	1.09e-03	0.00e+00	0.00e+00	0.00e+00	0.00e+00	0.00e+00
 1.88601e+16	1.76e-01	8.23e-01	9.84e-04	0.00e+00	0.00e+00	0.00e+00	0.00e+00	0.00e+00
 1.88650e+16	1.82e-01	8.17e-01	8.88e-04	0.00e+00	0.00e+00	0.00e+00	0.00e+00	0.00e+00
 1.88699e+16	1.87e-01	8.12e-01	8.02e-04	0.00e+00	0.00e+00	0.00e+00	0.00e+00	0.00e+00
 1.88747e+16	1.93e-01	8.07e-01	7.22e-04	0.00e+00	0.00e+00	0.00e+00	0.00e+00	0.00e+00
 1.88795e+16	1.98e-01	8.01e-01	6.51e-04	0.00e+00	0.00e+00	0.00e+00	0.00e+00	0.00e+00
 1.88843e+16	2.05e-01	7.95e-01	5.86e-04	0.00e+00	0.00e+00	0.00e+00	0.00e+00	0.00e+00
 1.88890e+16	2.11e-01	7.89e-01	5.27e-04	0.00e+00	0.00e+00	0.00e+00	0.00e+00	0.00e+00
 1.88936e+16	2.17e-01	7.83e-01	4.75e-04	0.00e+00	0.00e+00	0.00e+00	0.00e+00	0.00e+00
 1.88982e+16	2.24e-01	7.76e-01	4.27e-04	0.00e+00	0.00e+00	0.00e+00	0.00e+00	0.00e+00
 1.89027e+16	2.30e-01	7.69e-01	3.85e-04	0.00e+00	0.00e+00	0.00e+00	0.00e+00	0.00e+00
 1.89072e+16	2.37e-01	7.62e-01	3.46e-04	0.00e+00	0.00e+00	0.00e+00	0.00e+00	0.00e+00
 1.89117e+16	2.44e-01	7.55e-01	3.10e-04	0.00e+00	0.00e+00	0.00e+00	0.00e+00	0.00e+00
 1.89161e+16	2.52e-01	7.48e-01	2.79e-04	0.00e+00	0.00e+00	0.00e+00	0.00e+00	0.00e+00
 1.89204e+16	2.60e-01	7.40e-01	2.50e-04	0.00e+00	0.00e+00	0.00e+00	0.00e+00	0.00e+00
 1.89248e+16	2.69e-01	7.31e-01	2.25e-04	0.00e+00	0.00e+00	0.00e+00	0.00e+00	0.00e+00
 1.89290e+16	2.78e-01	7.22e-01	2.01e-04	0.00e+00	0.00e+00	0.00e+00	0.00e+00	0.00e+00
 1.89333e+16	2.86e-01	7.14e-01	1.80e-04	0.00e+00	0.00e+00	0.00e+00	0.00e+00	0.00e+00
 1.89374e+16	2.96e-01	7.04e-01	1.62e-04	0.00e+00	0.00e+00	0.00e+00	0.00e+00	0.00e+00
 1.89416e+16	3.06e-01	6.94e-01	1.45e-04	0.00e+00	0.00e+00	0.00e+00	0.00e+00	0.00e+00
 1.89456e+16	3.17e-01	6.83e-01	1.29e-04	0.00e+00	0.00e+00	0.00e+00	0.00e+00	0.00e+00
 1.89496e+16	3.27e-01	6.72e-01	1.16e-04	0.00e+00	0.00e+00	0.00e+00	0.00e+00	0.00e+00
 1.89535e+16	3.39e-01	6.61e-01	1.04e-04	0.00e+00	0.00e+00	0.00e+00	0.00e+00	0.00e+00
 1.89574e+16	3.51e-01	6.49e-01	9.28e-05	0.00e+00	0.00e+00	0.00e+00	0.00e+00	0.00e+00
 1.89611e+16	3.63e-01	6.37e-01	8.32e-05	0.00e+00	0.00e+00	0.00e+00	0.00e+00	0.00e+00
 1.89648e+16	3.77e-01	6.23e-01	7.43e-05	0.00e+00	0.00e+00	0.00e+00	0.00e+00	0.00e+00
 1.89685e+16	3.90e-01	6.10e-01	6.66e-05	0.00e+00	0.00e+00	0.00e+00	0.00e+00	0.00e+00
 1.89721e+16	4.05e-01	5.95e-01	5.95e-05	0.00e+00	0.00e+00	0.00e+00	0.00e+00	0.00e+00
 1.89756e+16	4.20e-01	5.80e-01	5.31e-05	0.00e+00	0.00e+00	0.00e+00	0.00e+00	0.00e+00
 1.89791e+16	4.35e-01	5.65e-01	4.73e-05	0.00e+00	0.00e+00	0.00e+00	0.00e+00	0.00e+00
 1.89826e+16	4.51e-01	5.49e-01	4.22e-05	0.00e+00	0.00e+00	0.00e+00	0.00e+00	0.00e+00
 1.89860e+16	4.69e-01	5.31e-01	3.75e-05	0.00e+00	0.00e+00	0.00e+00	0.00e+00	0.00e+00
 1.89894e+16	4.89e-01	5.11e-01	3.32e-05	0.00e+00	0.00e+00	0.00e+00	0.00e+00	0.00e+00
 1.89927e+16	5.05e-01	4.95e-01	2.96e-05	0.00e+00	0.00e+00	0.00e+00	0.00e+00	0.00e+00
 1.89960e+16	5.27e-01	4.73e-01	2.61e-05	0.00e+00	0.00e+00	0.00e+00	0.00e+00	0.00e+00
 1.89993e+16	5.47e-01	4.53e-01	2.30e-05	0.00e+00	0.00e+00	0.00e+00	0.00e+00	0.00e+00
 1.90026e+16	5.68e-01	4.32e-01	2.03e-05	0.00e+00	0.00e+00	0.00e+00	0.00e+00	0.00e+00
 1.90058e+16	5.89e-01	4.11e-01	1.78e-05	0.00e+00	0.00e+00	0.00e+00	0.00e+00	0.00e+00
 1.90091e+16	6.11e-01	3.89e-01	1.56e-05	0.00e+00	0.00e+00	0.00e+00	0.00e+00	0.00e+00
 1.90124e+16	6.34e-01	3.66e-01	1.36e-05	0.00e+00	0.00e+00	0.00e+00	0.00e+00	0.00e+00
 1.90157e+16	6.56e-01	3.44e-01	1.18e-05	0.00e+00	0.00e+00	0.00e+00	0.00e+00	0.00e+00
 1.90186e+16	6.76e-01	3.24e-01	1.04e-05	0.00e+00	0.00e+00	0.00e+00	0.00e+00	0.00e+00
 1.90209e+16	6.92e-01	3.08e-01	9.43e-06	0.00e+00	0.00e+00	0.00e+00	0.00e+00	0.00e+00
 1.90231e+16	7.06e-01	2.94e-01	8.57e-06	0.00e+00	0.00e+00	0.00e+00	0.00e+00	0.00e+00
 1.90254e+16	7.23e-01	2.77e-01	7.68e-06	0.00e+00	0.00e+00	0.00e+00	0.00e+00	0.00e+00
 1.90277e+16	7.37e-01	2.63e-01	6.93e-06	0.00e+00	0.00e+00	0.00e+00	0.00e+00	0.00e+00
 1.90299e+16	7.53e-01	2.47e-01	6.21e-06	0.00e+00	0.00e+00	0.00e+00	0.00e+00	0.00e+00
 1.90320e+16	7.65e-01	2.35e-01	5.64e-06	0.00e+00	0.00e+00	0.00e+00	0.00e+00	0.00e+00
 1.90341e+16	7.78e-01	2.22e-01	5.11e-06	0.00e+00	0.00e+00	0.00e+00	0.00e+00	0.00e+00
 1.90362e+16	7.91e-01	2.09e-01	4.62e-06	0.00e+00	0.00e+00	0.00e+00	0.00e+00	0.00e+00
 1.90382e+16	8.03e-01	1.97e-01	4.19e-06	0.00e+00	0.00e+00	0.00e+00	0.00e+00	0.00e+00
 1.90402e+16	8.15e-01	1.85e-01	3.80e-06	0.00e+00	0.00e+00	0.00e+00	0.00e+00	0.00e+00
 1.90421e+16	8.25e-01	1.75e-01	3.45e-06	0.00e+00	0.00e+00	0.00e+00	0.00e+00	0.00e+00
 1.90440e+16	8.36e-01	1.64e-01	3.14e-06	0.00e+00	0.00e+00	0.00e+00	0.00e+00	0.00e+00
 1.90459e+16	8.45e-01	1.55e-01	2.86e-06	0.00e+00	0.00e+00	0.00e+00	0.00e+00	0.00e+00
 1.90477e+16	8.54e-01	1.46e-01	2.61e-06	0.00e+00	0.00e+00	0.00e+00	0.00e+00	0.00e+00
 1.90495e+16	8.63e-01	1.37e-01	2.38e-06	0.00e+00	0.00e+00	0.00e+00	0.00e+00	0.00e+00
 1.90514e+16	8.70e-01	1.30e-01	2.17e-06	0.00e+00	0.00e+00	0.00e+00	0.00e+00	0.00e+00
 1.90532e+16	8.78e-01	1.22e-01	1.99e-06	0.00e+00	0.00e+00	0.00e+00	0.00e+00	0.00e+00
