#depth	He	He+	He+2
 1.49634e+10	1.77e-19	8.19e-10	1.00e+00
 4.54887e+10	2.05e-19	9.04e-10	1.00e+00
 7.72350e+10	2.35e-19	9.97e-10	1.00e+00
 1.10251e+11	2.69e-19	1.10e-09	1.00e+00
 1.39813e+11	3.02e-19	1.20e-09	1.00e+00
 1.64033e+11	3.31e-19	1.28e-09	1.00e+00
 1.90462e+11	3.64e-19	1.38e-09	1.00e+00
 2.24471e+11	4.11e-19	1.50e-09	1.00e+00
 2.60549e+11	4.66e-19	1.65e-09	1.00e+00
 2.92584e+11	5.19e-19	1.78e-09	1.00e+00
 3.27147e+11	5.78e-19	1.93e-09	1.00e+00
 3.68580e+11	6.57e-19	2.12e-09	1.00e+00
 4.10165e+11	7.44e-19	2.32e-09	1.00e+00
 4.48631e+11	8.32e-19	2.52e-09	1.00e+00
 4.91720e+11	9.38e-19	2.75e-09	1.00e+00
 5.41316e+11	1.07e-18	3.02e-09	1.00e+00
 5.90083e+11	1.22e-18	3.31e-09	1.00e+00
 6.40801e+11	1.39e-18	3.62e-09	1.00e+00
 6.96360e+11	1.60e-18	3.98e-09	1.00e+00
 7.52265e+11	1.84e-18	4.36e-09	1.00e+00
 8.02444e+11	2.08e-18	4.71e-09	1.00e+00
 8.44989e+11	2.30e-18	5.02e-09	1.00e+00
 8.90867e+11	2.55e-18	5.37e-09	1.00e+00
 9.50098e+11	2.91e-18	5.84e-09	1.00e+00
 1.01186e+12	3.34e-18	6.35e-09	1.00e+00
 1.06496e+12	3.75e-18	6.79e-09	1.00e+00
 1.12161e+12	4.22e-18	7.30e-09	1.00e+00
 1.19167e+12	4.87e-18	7.95e-09	1.00e+00
 1.26352e+12	5.62e-18	8.65e-09	1.00e+00
 1.32844e+12	6.38e-18	9.30e-09	1.00e+00
 1.39030e+12	7.17e-18	9.94e-09	1.00e+00
 1.46108e+12	8.17e-18	1.07e-08	1.00e+00
 1.54013e+12	9.42e-18	1.16e-08	1.00e+00
 1.61453e+12	1.07e-17	1.25e-08	1.00e+00
 1.69583e+12	1.23e-17	1.34e-08	1.00e+00
 1.78573e+12	1.43e-17	1.46e-08	1.00e+00
 1.86918e+12	1.63e-17	1.57e-08	1.00e+00
 1.96004e+12	1.88e-17	1.69e-08	1.00e+00
 2.06161e+12	2.19e-17	1.84e-08	1.00e+00
 2.15736e+12	2.51e-17	1.98e-08	1.00e+00
 2.26192e+12	2.90e-17	2.14e-08	1.00e+00
 2.37854e+12	3.40e-17	2.32e-08	1.00e+00
 2.48876e+12	3.93e-17	2.50e-08	1.00e+00
 2.60716e+12	4.56e-17	2.71e-08	1.00e+00
 2.74137e+12	5.37e-17	2.95e-08	1.00e+00
 2.87341e+12	6.27e-17	3.20e-08	1.00e+00
 3.01073e+12	7.32e-17	3.47e-08	1.00e+00
 3.16109e+12	8.62e-17	3.77e-08	1.00e+00
 3.31395e+12	1.01e-16	4.10e-08	1.00e+00
 3.47293e+12	1.19e-16	4.45e-08	1.00e+00
 3.64177e+12	1.40e-16	4.83e-08	1.00e+00
 3.80253e+12	1.62e-16	5.22e-08	1.00e+00
 3.94918e+12	1.85e-16	5.58e-08	1.00e+00
 4.08760e+12	2.09e-16	5.94e-08	1.00e+00
 4.24043e+12	2.37e-16	6.34e-08	1.00e+00
 4.41172e+12	2.73e-16	6.81e-08	1.00e+00
 4.57375e+12	3.10e-16	7.26e-08	1.00e+00
 4.75112e+12	3.55e-16	7.77e-08	1.00e+00
 4.94997e+12	4.10e-16	8.37e-08	1.00e+00
 5.13452e+12	4.68e-16	8.95e-08	1.00e+00
 5.30572e+12	5.26e-16	9.49e-08	1.00e+00
 5.50184e+12	5.99e-16	1.01e-07	1.00e+00
 5.73990e+12	6.98e-16	1.10e-07	1.00e+00
 5.97511e+12	8.07e-16	1.18e-07	1.00e+00
 6.18099e+12	9.12e-16	1.25e-07	1.00e+00
 6.40616e+12	1.04e-15	1.34e-07	1.00e+00
 6.67907e+12	1.21e-15	1.45e-07	1.00e+00
 6.95310e+12	1.40e-15	1.56e-07	1.00e+00
 7.20063e+12	1.59e-15	1.66e-07	1.00e+00
 7.47462e+12	1.82e-15	1.78e-07	1.00e+00
 7.79704e+12	2.13e-15	1.92e-07	1.00e+00
 8.11568e+12	2.47e-15	2.07e-07	1.00e+00
 8.41343e+12	2.82e-15	2.21e-07	1.00e+00
 8.74627e+12	3.25e-15	2.38e-07	1.00e+00
 9.12605e+12	3.81e-15	2.58e-07	1.00e+00
 9.50289e+12	4.42e-15	2.78e-07	1.00e+00
 9.89481e+12	5.14e-15	3.00e-07	1.00e+00
 1.03205e+13	6.01e-15	3.24e-07	1.00e+00
 1.07633e+13	7.03e-15	3.51e-07	1.00e+00
 1.11916e+13	8.14e-15	3.78e-07	1.00e+00
 1.15937e+13	9.29e-15	4.04e-07	1.00e+00
 1.20441e+13	1.07e-14	4.35e-07	1.00e+00
 1.24982e+13	1.23e-14	4.67e-07	1.00e+00
 1.28746e+13	1.38e-14	4.94e-07	1.00e+00
 1.32726e+13	1.55e-14	5.24e-07	1.00e+00
 1.37825e+13	1.79e-14	5.63e-07	1.00e+00
 1.43177e+13	2.07e-14	6.06e-07	1.00e+00
 1.47902e+13	2.34e-14	6.45e-07	1.00e+00
 1.53013e+13	2.66e-14	6.89e-07	1.00e+00
 1.59170e+13	3.10e-14	7.45e-07	1.00e+00
 1.65411e+13	3.59e-14	8.03e-07	1.00e+00
 1.71242e+13	4.10e-14	8.59e-07	1.00e+00
 1.77731e+13	4.73e-14	9.25e-07	1.00e+00
 1.84625e+13	5.49e-14	9.97e-07	1.00e+00
 1.90752e+13	6.22e-14	1.06e-06	1.00e+00
 1.97340e+13	7.10e-14	1.14e-06	1.00e+00
 2.05235e+13	8.27e-14	1.23e-06	1.00e+00
 2.13003e+13	9.55e-14	1.33e-06	1.00e+00
 2.19916e+13	1.08e-13	1.41e-06	1.00e+00
 2.27545e+13	1.23e-13	1.51e-06	1.00e+00
 2.36644e+13	1.44e-13	1.64e-06	1.00e+00
 2.45683e+13	1.66e-13	1.76e-06	1.00e+00
 2.53949e+13	1.89e-13	1.89e-06	1.00e+00
 2.63178e+13	2.17e-13	2.03e-06	1.00e+00
 2.73912e+13	2.54e-13	2.20e-06	1.00e+00
 2.84449e+13	2.94e-13	2.37e-06	1.00e+00
 2.94407e+13	3.36e-13	2.54e-06	1.00e+00
 3.05483e+13	3.87e-13	2.74e-06	1.00e+00
 3.18001e+13	4.52e-13	2.97e-06	1.00e+00
 3.30546e+13	5.24e-13	3.21e-06	1.00e+00
 3.42327e+13	6.00e-13	3.45e-06	1.00e+00
 3.55053e+13	6.90e-13	3.71e-06	1.00e+00
 3.69268e+13	8.02e-13	4.01e-06	1.00e+00
 3.82584e+13	9.17e-13	4.31e-06	1.00e+00
 3.93857e+13	1.02e-12	4.57e-06	1.00e+00
 4.05506e+13	1.14e-12	4.85e-06	1.00e+00
 4.20481e+13	1.31e-12	5.22e-06	1.00e+00
 4.35871e+13	1.50e-12	5.61e-06	1.00e+00
 4.48889e+13	1.68e-12	5.95e-06	1.00e+00
 4.62735e+13	1.88e-12	6.32e-06	1.00e+00
 4.80121e+13	2.15e-12	6.81e-06	1.00e+00
 4.98068e+13	2.47e-12	7.33e-06	1.00e+00
 5.13874e+13	2.77e-12	7.81e-06	1.00e+00
 5.30941e+13	3.13e-12	8.34e-06	1.00e+00
 5.51549e+13	3.60e-12	9.00e-06	1.00e+00
 5.71989e+13	4.12e-12	9.69e-06	1.00e+00
 5.90141e+13	4.62e-12	1.03e-05	1.00e+00
 6.10091e+13	5.22e-12	1.10e-05	1.00e+00
 6.33944e+13	6.01e-12	1.19e-05	1.00e+00
 6.57647e+13	6.88e-12	1.28e-05	1.00e+00
 6.79207e+13	7.74e-12	1.37e-05	1.00e+00
 7.03207e+13	8.79e-12	1.47e-05	1.00e+00
 7.31257e+13	1.02e-11	1.59e-05	1.00e+00
 7.58861e+13	1.16e-11	1.72e-05	1.00e+00
 7.84783e+13	1.32e-11	1.84e-05	1.00e+00
 8.13687e+13	1.51e-11	1.99e-05	1.00e+00
 8.46534e+13	1.75e-11	2.15e-05	1.00e+00
 8.79285e+13	2.01e-11	2.33e-05	1.00e+00
 9.13347e+13	2.32e-11	2.52e-05	1.00e+00
 9.49176e+13	2.69e-11	2.74e-05	1.00e+00
 9.79403e+13	3.02e-11	2.92e-05	1.00e+00
 1.00303e+14	3.31e-11	3.07e-05	1.00e+00
 1.02871e+14	3.65e-11	3.24e-05	1.00e+00
 1.06211e+14	4.13e-11	3.47e-05	1.00e+00
 1.09826e+14	4.71e-11	3.73e-05	1.00e+00
 1.13081e+14	5.28e-11	3.97e-05	1.00e+00
 1.16596e+14	5.95e-11	4.25e-05	1.00e+00
 1.20968e+14	6.89e-11	4.60e-05	1.00e+00
 1.25371e+14	7.94e-11	4.97e-05	1.00e+00
 1.29186e+14	8.95e-11	5.31e-05	1.00e+00
 1.33324e+14	1.02e-10	5.69e-05	1.00e+00
 1.38391e+14	1.18e-10	6.18e-05	1.00e+00
 1.43517e+14	1.38e-10	6.70e-05	1.00e+00
 1.48092e+14	1.57e-10	7.19e-05	1.00e+00
 1.53098e+14	1.80e-10	7.74e-05	1.00e+00
 1.59060e+14	2.11e-10	8.43e-05	1.00e+00
 1.64949e+14	2.46e-10	9.15e-05	1.00e+00
 1.70285e+14	2.81e-10	9.82e-05	1.00e+00
 1.76223e+14	3.25e-10	1.06e-04	1.00e+00
 1.83185e+14	3.83e-10	1.16e-04	1.00e+00
 1.90041e+14	4.48e-10	1.26e-04	1.00e+00
 1.96438e+14	5.16e-10	1.36e-04	1.00e+00
 2.03593e+14	6.01e-10	1.47e-04	1.00e+00
 2.11766e+14	7.12e-10	1.61e-04	1.00e+00
 2.19849e+14	8.37e-10	1.75e-04	1.00e+00
 2.28254e+14	9.84e-10	1.90e-04	1.00e+00
 2.35886e+14	1.13e-09	2.05e-04	1.00e+00
 2.41600e+14	1.26e-09	2.16e-04	1.00e+00
 2.47516e+14	1.40e-09	2.28e-04	1.00e+00
 2.55207e+14	1.60e-09	2.45e-04	1.00e+00
 2.63567e+14	1.83e-09	2.63e-04	1.00e+00
 2.71136e+14	2.07e-09	2.80e-04	1.00e+00
 2.79315e+14	2.36e-09	2.99e-04	1.00e+00
 2.89632e+14	2.76e-09	3.25e-04	1.00e+00
 3.00022e+14	3.22e-09	3.51e-04	1.00e+00
 3.08812e+14	3.65e-09	3.74e-04	1.00e+00
 3.18227e+14	4.16e-09	4.00e-04	1.00e+00
 3.30035e+14	4.87e-09	4.34e-04	1.00e+00
 3.42411e+14	5.71e-09	4.71e-04	1.00e+00
 3.53625e+14	6.57e-09	5.06e-04	9.99e-01
 3.65872e+14	7.61e-09	5.46e-04	9.99e-01
 3.80265e+14	8.98e-09	5.94e-04	9.99e-01
 3.94340e+14	1.05e-08	6.43e-04	9.99e-01
 4.07251e+14	1.21e-08	6.90e-04	9.99e-01
 4.21758e+14	1.40e-08	7.45e-04	9.99e-01
 4.38571e+14	1.66e-08	8.12e-04	9.99e-01
 4.55068e+14	1.95e-08	8.80e-04	9.99e-01
 4.70753e+14	2.25e-08	9.47e-04	9.99e-01
 4.84521e+14	2.55e-08	1.01e-03	9.99e-01
 4.95936e+14	2.81e-08	1.06e-03	9.99e-01
 5.08472e+14	3.13e-08	1.12e-03	9.99e-01
 5.24768e+14	3.59e-08	1.20e-03	9.99e-01
 5.41955e+14	4.11e-08	1.28e-03	9.99e-01
 5.56717e+14	4.61e-08	1.36e-03	9.99e-01
 5.72325e+14	5.18e-08	1.44e-03	9.99e-01
 5.92615e+14	6.01e-08	1.55e-03	9.98e-01
 6.13517e+14	6.97e-08	1.67e-03	9.98e-01
 6.30928e+14	7.84e-08	1.78e-03	9.98e-01
 6.49274e+14	8.85e-08	1.89e-03	9.98e-01
 6.72852e+14	1.03e-07	2.04e-03	9.98e-01
 6.97643e+14	1.20e-07	2.20e-03	9.98e-01
 7.19270e+14	1.36e-07	2.34e-03	9.98e-01
 7.42371e+14	1.56e-07	2.51e-03	9.97e-01
 7.70552e+14	1.82e-07	2.71e-03	9.97e-01
 7.98711e+14	2.12e-07	2.93e-03	9.97e-01
 8.23532e+14	2.41e-07	3.12e-03	9.97e-01
 8.50638e+14	2.75e-07	3.34e-03	9.97e-01
 8.83293e+14	3.22e-07	3.61e-03	9.96e-01
 9.14449e+14	3.72e-07	3.89e-03	9.96e-01
 9.40589e+14	4.18e-07	4.12e-03	9.96e-01
 9.64083e+14	4.63e-07	4.34e-03	9.96e-01
 9.89789e+14	5.17e-07	4.58e-03	9.95e-01
 1.01866e+15	5.82e-07	4.87e-03	9.95e-01
 1.04597e+15	6.49e-07	5.14e-03	9.95e-01
 1.07579e+15	7.29e-07	5.46e-03	9.95e-01
 1.10869e+15	8.25e-07	5.81e-03	9.94e-01
 1.13914e+15	9.23e-07	6.14e-03	9.94e-01
 1.17226e+15	1.04e-06	6.52e-03	9.93e-01
 1.20910e+15	1.18e-06	6.96e-03	9.93e-01
 1.24378e+15	1.33e-06	7.38e-03	9.93e-01
 1.28189e+15	1.51e-06	7.86e-03	9.92e-01
 1.32393e+15	1.73e-06	8.41e-03	9.92e-01
 1.36232e+15	1.94e-06	8.92e-03	9.91e-01
 1.40348e+15	2.20e-06	9.49e-03	9.91e-01
 1.44922e+15	2.52e-06	1.02e-02	9.90e-01
 1.49212e+15	2.84e-06	1.08e-02	9.89e-01
 1.53908e+15	3.23e-06	1.15e-02	9.88e-01
 1.59091e+15	3.71e-06	1.23e-02	9.88e-01
 1.63897e+15	4.19e-06	1.31e-02	9.87e-01
 1.68240e+15	4.67e-06	1.39e-02	9.86e-01
 1.72175e+15	5.14e-06	1.46e-02	9.85e-01
 1.76476e+15	5.70e-06	1.54e-02	9.85e-01
 1.81197e+15	6.36e-06	1.62e-02	9.84e-01
 1.85738e+15	7.05e-06	1.71e-02	9.83e-01
 1.90144e+15	7.77e-06	1.80e-02	9.82e-01
 1.95103e+15	8.67e-06	1.91e-02	9.81e-01
 2.00678e+15	9.76e-06	2.03e-02	9.80e-01
 2.05999e+15	1.09e-05	2.14e-02	9.79e-01
 2.10877e+15	1.20e-05	2.26e-02	9.77e-01
 2.16234e+15	1.34e-05	2.39e-02	9.76e-01
 2.22062e+15	1.50e-05	2.54e-02	9.75e-01
 2.27592e+15	1.66e-05	2.69e-02	9.73e-01
 2.32999e+15	1.83e-05	2.84e-02	9.72e-01
 2.39158e+15	2.06e-05	3.03e-02	9.70e-01
 2.45954e+15	2.33e-05	3.24e-02	9.68e-01
 2.52303e+15	2.60e-05	3.45e-02	9.65e-01
 2.58258e+15	2.88e-05	3.66e-02	9.63e-01
 2.64095e+15	3.19e-05	3.89e-02	9.61e-01
 2.70802e+15	3.60e-05	4.17e-02	9.58e-01
 2.77786e+15	4.04e-05	4.47e-02	9.55e-01
 2.83907e+15	4.48e-05	4.76e-02	9.52e-01
 2.90642e+15	5.06e-05	5.11e-02	9.49e-01
 2.96979e+15	5.60e-05	5.46e-02	9.45e-01
 3.01583e+15	6.05e-05	5.73e-02	9.43e-01
 3.06352e+15	6.61e-05	6.05e-02	9.39e-01
 3.11721e+15	7.27e-05	6.42e-02	9.36e-01
 3.16784e+15	7.94e-05	6.80e-02	9.32e-01
 3.22277e+15	8.83e-05	7.27e-02	9.27e-01
 3.27904e+15	9.75e-05	7.77e-02	9.22e-01
 3.32731e+15	1.07e-04	8.24e-02	9.17e-01
 3.38034e+15	1.19e-04	8.83e-02	9.12e-01
 3.43579e+15	1.32e-04	9.49e-02	9.05e-01
 3.48279e+15	1.45e-04	1.01e-01	8.99e-01
 3.53229e+15	1.61e-04	1.08e-01	8.91e-01
 3.59664e+15	1.85e-04	1.19e-01	8.81e-01
 3.65780e+15	2.13e-04	1.31e-01	8.69e-01
 3.69842e+15	2.33e-04	1.39e-01	8.61e-01
 3.73488e+15	2.55e-04	1.48e-01	8.52e-01
 3.78227e+15	2.84e-04	1.60e-01	8.40e-01
 3.84387e+15	3.37e-04	1.78e-01	8.22e-01
 3.89847e+15	3.83e-04	1.96e-01	8.04e-01
 3.93580e+15	4.28e-04	2.10e-01	7.90e-01
 3.96898e+15	4.69e-04	2.23e-01	7.76e-01
 4.00493e+15	5.16e-04	2.39e-01	7.60e-01
 4.05167e+15	5.99e-04	2.63e-01	7.37e-01
 4.08980e+15	6.64e-04	2.83e-01	7.17e-01
 4.10998e+15	7.04e-04	2.94e-01	7.05e-01
 4.12948e+15	7.51e-04	3.06e-01	6.93e-01
 4.15482e+15	8.10e-04	3.23e-01	6.76e-01
 4.18777e+15	9.00e-04	3.46e-01	6.53e-01
 4.22011e+15	9.94e-04	3.69e-01	6.30e-01
 4.24408e+15	1.07e-03	3.86e-01	6.12e-01
 4.26315e+15	1.13e-03	4.01e-01	5.97e-01
 4.28341e+15	1.21e-03	4.18e-01	5.80e-01
 4.30975e+15	1.32e-03	4.41e-01	5.58e-01
 4.33814e+15	1.44e-03	4.66e-01	5.33e-01
 4.36277e+15	1.56e-03	4.87e-01	5.11e-01
 4.38315e+15	1.65e-03	5.05e-01	4.93e-01
 4.40441e+15	1.77e-03	5.25e-01	4.73e-01
 4.43205e+15	1.93e-03	5.51e-01	4.47e-01
 4.46021e+15	2.09e-03	5.77e-01	4.21e-01
 4.48297e+15	2.23e-03	5.97e-01	4.01e-01
 4.50650e+15	2.39e-03	6.19e-01	3.79e-01
 4.53280e+15	2.56e-03	6.42e-01	3.56e-01
 4.55711e+15	2.74e-03	6.63e-01	3.35e-01
 4.57942e+15	2.90e-03	6.81e-01	3.16e-01
 4.60468e+15	3.11e-03	7.02e-01	2.95e-01
 4.63205e+15	3.33e-03	7.23e-01	2.74e-01
 4.65634e+15	3.53e-03	7.41e-01	2.56e-01
 4.68207e+15	3.76e-03	7.59e-01	2.38e-01
 4.71003e+15	4.02e-03	7.77e-01	2.19e-01
 4.73514e+15	4.26e-03	7.92e-01	2.04e-01
 4.75851e+15	4.51e-03	8.05e-01	1.90e-01
 4.78536e+15	4.79e-03	8.20e-01	1.75e-01
 4.81479e+15	5.13e-03	8.34e-01	1.61e-01
 4.84155e+15	5.45e-03	8.46e-01	1.49e-01
 4.86651e+15	5.78e-03	8.56e-01	1.38e-01
 4.89516e+15	6.17e-03	8.67e-01	1.26e-01
 4.92694e+15	6.65e-03	8.78e-01	1.15e-01
 4.95648e+15	7.14e-03	8.87e-01	1.05e-01
 4.98435e+15	7.63e-03	8.95e-01	9.73e-02
 5.01637e+15	8.28e-03	9.03e-01	8.83e-02
 5.05160e+15	9.07e-03	9.11e-01	7.98e-02
 5.08301e+15	9.87e-03	9.17e-01	7.31e-02
 5.11050e+15	1.07e-02	9.22e-01	6.76e-02
 5.14087e+15	1.16e-02	9.26e-01	6.19e-02
 5.17403e+15	1.29e-02	9.31e-01	5.65e-02
 5.20342e+15	1.43e-02	9.34e-01	5.22e-02
 5.22910e+15	1.56e-02	9.36e-01	4.87e-02
 5.25216e+15	1.70e-02	9.37e-01	4.58e-02
 5.27264e+15	1.84e-02	9.38e-01	4.34e-02
 5.29503e+15	2.01e-02	9.39e-01	4.08e-02
 5.31861e+15	2.23e-02	9.39e-01	3.83e-02
 5.33793e+15	2.43e-02	9.39e-01	3.65e-02
 5.35379e+15	2.62e-02	9.39e-01	3.51e-02
 5.37097e+15	2.86e-02	9.38e-01	3.35e-02
 5.38984e+15	3.15e-02	9.37e-01	3.20e-02
 5.40668e+15	3.45e-02	9.35e-01	3.07e-02
 5.42128e+15	3.75e-02	9.33e-01	2.97e-02
 5.43433e+15	4.06e-02	9.31e-01	2.87e-02
 5.44841e+15	4.42e-02	9.28e-01	2.78e-02
 5.46671e+15	4.96e-02	9.24e-01	2.66e-02
 5.48449e+15	5.59e-02	9.18e-01	2.57e-02
 5.49746e+15	6.13e-02	9.14e-01	2.51e-02
 5.51020e+15	6.74e-02	9.08e-01	2.45e-02
 5.52676e+15	7.61e-02	9.00e-01	2.37e-02
 5.54375e+15	8.69e-02	8.90e-01	2.31e-02
 5.55717e+15	9.73e-02	8.80e-01	2.27e-02
 5.56739e+15	1.06e-01	8.72e-01	2.24e-02
 5.57663e+15	1.14e-01	8.63e-01	2.22e-02
 5.58724e+15	1.26e-01	8.52e-01	2.19e-02
 5.59896e+15	1.39e-01	8.39e-01	2.17e-02
 5.60942e+15	1.53e-01	8.26e-01	2.15e-02
 5.61780e+15	1.65e-01	8.14e-01	2.14e-02
 5.62538e+15	1.77e-01	8.02e-01	2.13e-02
 5.63159e+15	1.87e-01	7.92e-01	2.12e-02
 5.63598e+15	1.94e-01	7.84e-01	2.12e-02
 5.64003e+15	2.02e-01	7.77e-01	2.11e-02
 5.64467e+15	2.11e-01	7.68e-01	2.10e-02
 5.64972e+15	2.21e-01	7.58e-01	2.09e-02
 5.65467e+15	2.31e-01	7.48e-01	2.09e-02
 5.65939e+15	2.41e-01	7.38e-01	2.08e-02
 5.66400e+15	2.51e-01	7.28e-01	2.08e-02
 5.66866e+15	2.63e-01	7.17e-01	2.06e-02
 5.67337e+15	2.74e-01	7.06e-01	2.06e-02
 5.67810e+15	2.86e-01	6.94e-01	2.05e-02
 5.68285e+15	2.98e-01	6.81e-01	2.04e-02
 5.68750e+15	3.11e-01	6.69e-01	2.03e-02
 5.69213e+15	3.24e-01	6.56e-01	2.02e-02
 5.69686e+15	3.37e-01	6.42e-01	2.01e-02
 5.70161e+15	3.51e-01	6.29e-01	2.00e-02
 5.70636e+15	3.66e-01	6.14e-01	1.98e-02
 5.71111e+15	3.80e-01	6.00e-01	1.97e-02
 5.71593e+15	3.96e-01	5.85e-01	1.95e-02
 5.72084e+15	4.12e-01	5.69e-01	1.93e-02
 5.72572e+15	4.28e-01	5.53e-01	1.90e-02
 5.73062e+15	4.44e-01	5.37e-01	1.88e-02
 5.73567e+15	4.61e-01	5.20e-01	1.85e-02
 5.74080e+15	4.78e-01	5.03e-01	1.83e-02
 5.74593e+15	4.96e-01	4.86e-01	1.79e-02
 5.75116e+15	5.14e-01	4.69e-01	1.76e-02
 5.75647e+15	5.32e-01	4.51e-01	1.72e-02
 5.76186e+15	5.49e-01	4.34e-01	1.69e-02
 5.76733e+15	5.67e-01	4.16e-01	1.65e-02
 5.77287e+15	5.85e-01	3.99e-01	1.60e-02
 5.77855e+15	6.02e-01	3.82e-01	1.56e-02
 5.78441e+15	6.19e-01	3.65e-01	1.51e-02
 5.79048e+15	6.37e-01	3.49e-01	1.46e-02
 5.79672e+15	6.53e-01	3.33e-01	1.41e-02
 5.80331e+15	6.70e-01	3.17e-01	1.36e-02
 5.81033e+15	6.86e-01	3.01e-01	1.30e-02
 5.81777e+15	7.02e-01	2.86e-01	1.25e-02
 5.82574e+15	7.17e-01	2.71e-01	1.19e-02
 5.83432e+15	7.31e-01	2.58e-01	1.14e-02
 5.84374e+15	7.45e-01	2.45e-01	1.08e-02
 5.85427e+15	7.58e-01	2.32e-01	1.02e-02
 5.86595e+15	7.70e-01	2.21e-01	9.62e-03
 5.87810e+15	7.80e-01	2.11e-01	9.11e-03
 5.89014e+15	7.88e-01	2.03e-01	8.65e-03
 5.90392e+15	7.96e-01	1.95e-01	8.18e-03
 5.92184e+15	8.05e-01	1.87e-01	7.61e-03
 5.94435e+15	8.14e-01	1.79e-01	7.04e-03
 5.96679e+15	8.21e-01	1.72e-01	6.54e-03
 5.98522e+15	8.27e-01	1.67e-01	6.18e-03
 6.00254e+15	8.31e-01	1.63e-01	5.85e-03
 6.02102e+15	8.36e-01	1.58e-01	5.52e-03
 6.04004e+15	8.41e-01	1.54e-01	5.21e-03
 6.05862e+15	8.45e-01	1.50e-01	4.93e-03
 6.07654e+15	8.49e-01	1.46e-01	4.67e-03
 6.09401e+15	8.53e-01	1.43e-01	4.44e-03
 6.11122e+15	8.56e-01	1.39e-01	4.22e-03
 6.12817e+15	8.60e-01	1.36e-01	4.01e-03
 6.14479e+15	8.63e-01	1.33e-01	3.82e-03
 6.16108e+15	8.66e-01	1.30e-01	3.65e-03
 6.17706e+15	8.69e-01	1.27e-01	3.48e-03
 6.19273e+15	8.72e-01	1.25e-01	3.33e-03
 6.20813e+15	8.75e-01	1.22e-01	3.19e-03
 6.22360e+15	8.78e-01	1.19e-01	3.05e-03
 6.23863e+15	8.80e-01	1.17e-01	2.92e-03
 6.25314e+15	8.82e-01	1.15e-01	2.81e-03
 6.26769e+15	8.85e-01	1.13e-01	2.69e-03
 6.28191e+15	8.87e-01	1.10e-01	2.59e-03
 6.29571e+15	8.89e-01	1.08e-01	2.49e-03
 6.30921e+15	8.91e-01	1.06e-01	2.39e-03
 6.32249e+15	8.93e-01	1.05e-01	2.31e-03
 6.33561e+15	8.95e-01	1.03e-01	2.22e-03
 6.34864e+15	8.97e-01	1.01e-01	2.15e-03
 6.36151e+15	8.99e-01	9.93e-02	2.07e-03
 6.37407e+15	9.00e-01	9.76e-02	2.00e-03
 6.38638e+15	9.02e-01	9.61e-02	1.93e-03
 6.39861e+15	9.04e-01	9.45e-02	1.87e-03
 6.41079e+15	9.05e-01	9.30e-02	1.81e-03
 6.42283e+15	9.07e-01	9.16e-02	1.75e-03
 6.43470e+15	9.08e-01	9.01e-02	1.69e-03
 6.44642e+15	9.10e-01	8.88e-02	1.64e-03
 6.45802e+15	9.11e-01	8.75e-02	1.59e-03
 6.46952e+15	9.12e-01	8.62e-02	1.54e-03
 6.48090e+15	9.14e-01	8.49e-02	1.49e-03
 6.49219e+15	9.15e-01	8.37e-02	1.45e-03
 6.50340e+15	9.16e-01	8.25e-02	1.40e-03
 6.51453e+15	9.17e-01	8.13e-02	1.36e-03
 6.52562e+15	9.19e-01	8.01e-02	1.32e-03
 6.53665e+15	9.20e-01	7.90e-02	1.29e-03
 6.54766e+15	9.21e-01	7.79e-02	1.25e-03
 6.55866e+15	9.22e-01	7.68e-02	1.21e-03
 6.56967e+15	9.23e-01	7.58e-02	1.18e-03
 6.58088e+15	9.24e-01	7.47e-02	1.14e-03
 6.59237e+15	9.25e-01	7.36e-02	1.11e-03
 6.60402e+15	9.26e-01	7.25e-02	1.07e-03
 6.61579e+15	9.27e-01	7.15e-02	1.04e-03
 6.62776e+15	9.29e-01	7.04e-02	1.01e-03
 6.64005e+15	9.30e-01	6.93e-02	9.77e-04
 6.65276e+15	9.31e-01	6.82e-02	9.45e-04
 6.66600e+15	9.32e-01	6.71e-02	9.13e-04
 6.67994e+15	9.33e-01	6.60e-02	8.80e-04
 6.69484e+15	9.34e-01	6.47e-02	8.46e-04
 6.71108e+15	9.36e-01	6.34e-02	8.10e-04
 6.72923e+15	9.37e-01	6.20e-02	7.72e-04
 6.74983e+15	9.39e-01	6.04e-02	7.31e-04
 6.77074e+15	9.40e-01	5.89e-02	6.93e-04
 6.78977e+15	9.42e-01	5.75e-02	6.60e-04
 6.80709e+15	9.43e-01	5.63e-02	6.31e-04
 6.82285e+15	9.44e-01	5.52e-02	6.05e-04
 6.83719e+15	9.45e-01	5.42e-02	5.83e-04
 6.85024e+15	9.46e-01	5.33e-02	5.62e-04
 6.86212e+15	9.47e-01	5.25e-02	5.45e-04
 6.87513e+15	9.48e-01	5.17e-02	5.27e-04
 6.89205e+15	9.49e-01	5.06e-02	5.03e-04
 6.91032e+15	9.50e-01	4.94e-02	4.80e-04
 6.92694e+15	9.51e-01	4.84e-02	4.59e-04
 6.94206e+15	9.52e-01	4.74e-02	4.41e-04
 6.95582e+15	9.53e-01	4.66e-02	4.25e-04
 6.96835e+15	9.54e-01	4.58e-02	4.10e-04
 6.97975e+15	9.54e-01	4.51e-02	3.98e-04
 6.99012e+15	9.55e-01	4.45e-02	3.86e-04
 7.00148e+15	9.56e-01	4.39e-02	3.74e-04
 7.01375e+15	9.56e-01	4.31e-02	3.62e-04
 7.02492e+15	9.57e-01	4.25e-02	3.50e-04
 7.03508e+15	9.58e-01	4.19e-02	3.40e-04
 7.04433e+15	9.58e-01	4.14e-02	3.32e-04
 7.05446e+15	9.59e-01	4.08e-02	3.21e-04
 7.06540e+15	9.59e-01	4.02e-02	3.12e-04
 7.07535e+15	9.60e-01	3.96e-02	3.03e-04
 7.08441e+15	9.61e-01	3.91e-02	2.95e-04
 7.09433e+15	9.61e-01	3.85e-02	2.86e-04
 7.10505e+15	9.62e-01	3.80e-02	2.78e-04
 7.11480e+15	9.62e-01	3.75e-02	2.70e-04
 7.12367e+15	9.63e-01	3.70e-02	2.63e-04
 7.13340e+15	9.63e-01	3.65e-02	2.55e-04
 7.14389e+15	9.64e-01	3.59e-02	2.48e-04
 7.15345e+15	9.64e-01	3.54e-02	2.41e-04
 7.16214e+15	9.65e-01	3.50e-02	2.34e-04
 7.17167e+15	9.65e-01	3.45e-02	2.27e-04
 7.18195e+15	9.66e-01	3.40e-02	2.21e-04
 7.19131e+15	9.66e-01	3.35e-02	2.15e-04
 7.19982e+15	9.67e-01	3.31e-02	2.09e-04
 7.20915e+15	9.67e-01	3.26e-02	2.03e-04
 7.21923e+15	9.68e-01	3.22e-02	1.98e-04
 7.22840e+15	9.68e-01	3.17e-02	1.92e-04
 7.23674e+15	9.68e-01	3.14e-02	1.88e-04
 7.24588e+15	9.69e-01	3.09e-02	1.82e-04
 7.25575e+15	9.69e-01	3.05e-02	1.77e-04
 7.26473e+15	9.70e-01	3.01e-02	1.73e-04
 7.27290e+15	9.70e-01	2.97e-02	1.68e-04
 7.28186e+15	9.71e-01	2.93e-02	1.64e-04
 7.29153e+15	9.71e-01	2.90e-02	1.59e-04
 7.30033e+15	9.71e-01	2.86e-02	1.55e-04
 7.30997e+15	9.72e-01	2.82e-02	1.51e-04
 7.32038e+15	9.72e-01	2.78e-02	1.47e-04
 7.32985e+15	9.72e-01	2.74e-02	1.43e-04
 7.34023e+15	9.73e-01	2.70e-02	1.38e-04
 7.35143e+15	9.73e-01	2.66e-02	1.34e-04
 7.36163e+15	9.74e-01	2.62e-02	1.31e-04
 7.37091e+15	9.74e-01	2.59e-02	1.27e-04
 7.38107e+15	9.74e-01	2.55e-02	1.24e-04
 7.39205e+15	9.75e-01	2.52e-02	1.20e-04
 7.40204e+15	9.75e-01	2.48e-02	1.17e-04
 7.41298e+15	9.75e-01	2.44e-02	1.13e-04
 7.42480e+15	9.76e-01	2.41e-02	1.10e-04
 7.43555e+15	9.76e-01	2.37e-02	1.07e-04
 7.44534e+15	9.76e-01	2.34e-02	1.04e-04
 7.45606e+15	9.77e-01	2.30e-02	1.01e-04
 7.46764e+15	9.77e-01	2.27e-02	9.83e-05
 7.47817e+15	9.78e-01	2.24e-02	9.53e-05
 7.48972e+15	9.78e-01	2.20e-02	9.23e-05
 7.50218e+15	9.78e-01	2.17e-02	8.96e-05
 7.51352e+15	9.79e-01	2.14e-02	8.70e-05
 7.52595e+15	9.79e-01	2.10e-02	8.41e-05
 7.53936e+15	9.79e-01	2.07e-02	8.14e-05
 7.55157e+15	9.80e-01	2.04e-02	7.89e-05
 7.56268e+15	9.80e-01	2.01e-02	7.67e-05
 7.57485e+15	9.80e-01	1.98e-02	7.43e-05
 7.58800e+15	9.80e-01	1.95e-02	7.22e-05
 7.59996e+15	9.81e-01	1.92e-02	6.99e-05
 7.61306e+15	9.81e-01	1.88e-02	6.76e-05
 7.62721e+15	9.81e-01	1.85e-02	6.54e-05
 7.64009e+15	9.82e-01	1.82e-02	6.34e-05
 7.65419e+15	9.82e-01	1.79e-02	6.12e-05
 7.66943e+15	9.82e-01	1.76e-02	5.91e-05
 7.68329e+15	9.83e-01	1.73e-02	5.72e-05
 7.69590e+15	9.83e-01	1.71e-02	5.55e-05
 7.70972e+15	9.83e-01	1.68e-02	5.36e-05
 7.72464e+15	9.83e-01	1.65e-02	5.19e-05
 7.73822e+15	9.84e-01	1.62e-02	5.03e-05
 7.75310e+15	9.84e-01	1.59e-02	4.85e-05
 7.76916e+15	9.84e-01	1.57e-02	4.68e-05
 7.78378e+15	9.85e-01	1.54e-02	4.53e-05
 7.79980e+15	9.85e-01	1.51e-02	4.37e-05
 7.81709e+15	9.85e-01	1.48e-02	4.21e-05
 7.83283e+15	9.85e-01	1.46e-02	4.06e-05
 7.84715e+15	9.86e-01	1.43e-02	3.94e-05
 7.86284e+15	9.86e-01	1.41e-02	3.80e-05
 7.87978e+15	9.86e-01	1.38e-02	3.67e-05
 7.89519e+15	9.86e-01	1.36e-02	3.55e-05
 7.91209e+15	9.87e-01	1.33e-02	3.42e-05
 7.93032e+15	9.87e-01	1.31e-02	3.29e-05
 7.94692e+15	9.87e-01	1.29e-02	3.18e-05
 7.96510e+15	9.87e-01	1.26e-02	3.06e-05
 7.98474e+15	9.88e-01	1.24e-02	2.94e-05
 8.00260e+15	9.88e-01	1.21e-02	2.84e-05
 8.02218e+15	9.88e-01	1.19e-02	2.72e-05
 8.04331e+15	9.88e-01	1.16e-02	2.61e-05
 8.06255e+15	9.89e-01	1.14e-02	2.51e-05
 8.08362e+15	9.89e-01	1.12e-02	2.40e-05
 8.10638e+15	9.89e-01	1.09e-02	2.30e-05
 8.12708e+15	9.89e-01	1.07e-02	2.21e-05
 8.14977e+15	9.90e-01	1.05e-02	2.11e-05
 8.17426e+15	9.90e-01	1.02e-02	2.02e-05
 8.19655e+15	9.90e-01	1.00e-02	1.94e-05
 8.21683e+15	9.90e-01	9.82e-03	1.86e-05
 8.23906e+15	9.90e-01	9.61e-03	1.79e-05
 8.26306e+15	9.91e-01	9.40e-03	1.71e-05
 8.28489e+15	9.91e-01	9.21e-03	1.64e-05
 8.30882e+15	9.91e-01	9.00e-03	1.57e-05
 8.33465e+15	9.91e-01	8.79e-03	1.50e-05
 8.35816e+15	9.91e-01	8.61e-03	1.44e-05
 8.38392e+15	9.92e-01	8.41e-03	1.37e-05
 8.41172e+15	9.92e-01	8.20e-03	1.31e-05
 8.43703e+15	9.92e-01	8.02e-03	1.25e-05
 8.46476e+15	9.92e-01	7.82e-03	1.19e-05
 8.49470e+15	9.92e-01	7.62e-03	1.13e-05
 8.52194e+15	9.93e-01	7.45e-03	1.08e-05
 8.55179e+15	9.93e-01	7.26e-03	1.03e-05
 8.58402e+15	9.93e-01	7.06e-03	9.72e-06
 8.61334e+15	9.93e-01	6.89e-03	9.26e-06
 8.64548e+15	9.93e-01	6.70e-03	8.77e-06
 8.68726e+15	9.94e-01	6.47e-03	8.17e-06
 8.73659e+15	9.94e-01	6.21e-03	7.53e-06
 8.78764e+15	9.94e-01	5.96e-03	6.94e-06
 8.83860e+15	9.94e-01	5.72e-03	6.41e-06
 8.89111e+15	9.95e-01	5.49e-03	5.90e-06
 8.94605e+15	9.95e-01	5.26e-03	5.42e-06
 9.00304e+15	9.95e-01	5.03e-03	4.97e-06
 9.06181e+15	9.95e-01	4.81e-03	4.55e-06
 9.12255e+15	9.95e-01	4.59e-03	4.16e-06
 9.18548e+15	9.96e-01	4.38e-03	3.79e-06
 9.25047e+15	9.96e-01	4.18e-03	3.45e-06
 9.31688e+15	9.96e-01	3.98e-03	3.13e-06
 9.38424e+15	9.96e-01	3.80e-03	2.85e-06
 9.45191e+15	9.96e-01	3.62e-03	2.59e-06
 9.52057e+15	9.97e-01	3.45e-03	2.36e-06
 9.59144e+15	9.97e-01	3.28e-03	2.14e-06
 9.66395e+15	9.97e-01	3.13e-03	1.94e-06
 9.73750e+15	9.97e-01	2.97e-03	1.76e-06
 9.81214e+15	9.97e-01	2.83e-03	1.59e-06
 9.88815e+15	9.97e-01	2.69e-03	1.44e-06
 9.96561e+15	9.97e-01	2.55e-03	1.30e-06
 1.00445e+16	9.98e-01	2.43e-03	1.17e-06
 1.01248e+16	9.98e-01	2.30e-03	1.06e-06
 1.02066e+16	9.98e-01	2.19e-03	9.55e-07
 1.02900e+16	9.98e-01	2.07e-03	8.60e-07
 1.03749e+16	9.98e-01	1.97e-03	7.74e-07
 1.04614e+16	9.98e-01	1.86e-03	6.95e-07
 1.05496e+16	9.98e-01	1.76e-03	6.24e-07
 1.06396e+16	9.98e-01	1.67e-03	5.59e-07
 1.07314e+16	9.98e-01	1.58e-03	5.00e-07
 1.08251e+16	9.99e-01	1.49e-03	4.47e-07
 1.09207e+16	9.99e-01	1.41e-03	3.99e-07
 1.10183e+16	9.99e-01	1.33e-03	3.55e-07
 1.11180e+16	9.99e-01	1.25e-03	3.16e-07
 1.12199e+16	9.99e-01	1.18e-03	2.81e-07
 1.13241e+16	9.99e-01	1.11e-03	2.49e-07
 1.14308e+16	9.99e-01	1.04e-03	2.20e-07
 1.15400e+16	9.99e-01	9.80e-04	1.94e-07
 1.16519e+16	9.99e-01	9.19e-04	1.71e-07
 1.17667e+16	9.99e-01	8.61e-04	1.50e-07
 1.18846e+16	9.99e-01	8.06e-04	1.32e-07
 1.20057e+16	9.99e-01	7.53e-04	1.15e-07
 1.21303e+16	9.99e-01	7.02e-04	1.00e-07
 1.22584e+16	9.99e-01	6.54e-04	8.72e-08
 1.23898e+16	9.99e-01	6.09e-04	7.57e-08
 1.25231e+16	9.99e-01	5.67e-04	6.55e-08
 1.26613e+16	9.99e-01	5.26e-04	5.64e-08
 1.28077e+16	1.00e+00	4.85e-04	4.82e-08
 1.29606e+16	1.00e+00	4.47e-04	4.09e-08
 1.31186e+16	1.00e+00	4.11e-04	3.46e-08
 1.32829e+16	1.00e+00	3.77e-04	2.91e-08
 1.34547e+16	1.00e+00	3.44e-04	2.43e-08
 1.36352e+16	1.00e+00	3.13e-04	2.01e-08
 1.38252e+16	1.00e+00	2.83e-04	1.65e-08
 1.40259e+16	1.00e+00	2.55e-04	1.34e-08
 1.42395e+16	1.00e+00	2.29e-04	1.08e-08
 1.44663e+16	1.00e+00	2.04e-04	8.54e-09
 1.47115e+16	1.00e+00	1.80e-04	6.66e-09
 1.49764e+16	1.00e+00	1.57e-04	5.10e-09
 1.52603e+16	1.00e+00	1.36e-04	3.84e-09
 1.55734e+16	1.00e+00	1.16e-04	2.81e-09
 1.59442e+16	1.00e+00	9.69e-05	1.95e-09
 1.63523e+16	1.00e+00	7.96e-05	1.32e-09
 1.67948e+16	1.00e+00	6.43e-05	8.60e-10
 1.72961e+16	1.00e+00	5.08e-05	5.37e-10
 1.78190e+16	1.00e+00	4.00e-05	3.34e-10
 1.83366e+16	1.00e+00	3.17e-05	2.10e-10
 1.88514e+16	1.00e+00	2.53e-05	1.34e-10
 1.93731e+16	1.00e+00	2.02e-05	8.53e-11
 1.99065e+16	1.00e+00	1.61e-05	5.44e-11
 2.04525e+16	1.00e+00	1.28e-05	3.45e-11
 2.10078e+16	1.00e+00	1.02e-05	2.20e-11
 2.15736e+16	1.00e+00	8.16e-06	1.41e-11
 2.21547e+16	1.00e+00	6.50e-06	8.94e-12
 2.27491e+16	1.00e+00	5.17e-06	5.68e-12
 2.33549e+16	1.00e+00	4.13e-06	3.63e-12
 2.39692e+16	1.00e+00	3.29e-06	2.31e-12
 2.45691e+16	1.00e+00	2.66e-06	1.51e-12
 2.51424e+16	1.00e+00	2.18e-06	1.01e-12
 2.56961e+16	1.00e+00	1.80e-06	6.95e-13
 2.62347e+16	1.00e+00	1.50e-06	4.83e-13
 2.67608e+16	1.00e+00	1.26e-06	3.41e-13
 2.72710e+16	1.00e+00	1.06e-06	2.44e-13
 2.77616e+16	1.00e+00	9.08e-07	1.78e-13
 2.82330e+16	1.00e+00	7.81e-07	1.32e-13
 2.86877e+16	1.00e+00	6.76e-07	9.93e-14
 2.91251e+16	1.00e+00	5.90e-07	7.58e-14
 2.95449e+16	1.00e+00	5.19e-07	5.86e-14
 2.99471e+16	1.00e+00	4.59e-07	4.59e-14
 3.03318e+16	1.00e+00	4.09e-07	3.65e-14
 3.06996e+16	1.00e+00	3.66e-07	2.93e-14
 3.10511e+16	1.00e+00	3.30e-07	2.38e-14
 3.13870e+16	1.00e+00	2.99e-07	1.96e-14
 3.17079e+16	1.00e+00	2.72e-07	1.63e-14
 3.20144e+16	1.00e+00	2.49e-07	1.37e-14
 3.23070e+16	1.00e+00	2.29e-07	1.16e-14
 3.25861e+16	1.00e+00	2.11e-07	9.87e-15
 3.28524e+16	1.00e+00	1.96e-07	8.49e-15
 3.31062e+16	1.00e+00	1.82e-07	7.37e-15
 3.33484e+16	1.00e+00	1.70e-07	6.44e-15
 3.35798e+16	1.00e+00	1.60e-07	5.66e-15
 3.38010e+16	1.00e+00	1.50e-07	5.01e-15
 3.40126e+16	1.00e+00	1.42e-07	4.47e-15
 3.42150e+16	1.00e+00	1.34e-07	4.00e-15
 3.44087e+16	1.00e+00	1.27e-07	3.60e-15
 3.45940e+16	1.00e+00	1.21e-07	3.25e-15
 3.47714e+16	1.00e+00	1.15e-07	2.96e-15
 3.49417e+16	1.00e+00	1.10e-07	2.70e-15
 3.51056e+16	1.00e+00	1.05e-07	2.47e-15
 3.52634e+16	1.00e+00	1.01e-07	2.27e-15
 3.54153e+16	1.00e+00	9.68e-08	2.10e-15
 3.55618e+16	1.00e+00	9.30e-08	1.94e-15
 3.57034e+16	1.00e+00	8.96e-08	1.80e-15
 3.58408e+16	1.00e+00	8.64e-08	1.67e-15
 3.59742e+16	1.00e+00	8.34e-08	1.56e-15
 3.61043e+16	1.00e+00	8.05e-08	1.46e-15
 3.62314e+16	1.00e+00	7.79e-08	1.36e-15
 3.63559e+16	1.00e+00	7.54e-08	1.28e-15
 3.64785e+16	1.00e+00	7.30e-08	1.20e-15
 3.65998e+16	1.00e+00	7.07e-08	1.12e-15
 3.67204e+16	1.00e+00	6.85e-08	1.06e-15
 3.68410e+16	1.00e+00	6.63e-08	9.92e-16
 3.69624e+16	1.00e+00	6.43e-08	9.31e-16
 3.70854e+16	1.00e+00	6.22e-08	8.74e-16
 3.72111e+16	1.00e+00	6.02e-08	8.19e-16
 3.73409e+16	1.00e+00	5.82e-08	7.66e-16
 3.74766e+16	1.00e+00	5.62e-08	7.14e-16
 3.76204e+16	1.00e+00	5.41e-08	6.63e-16
 3.77749e+16	1.00e+00	5.20e-08	6.12e-16
 3.79440e+16	1.00e+00	4.97e-08	5.61e-16
 3.81332e+16	1.00e+00	4.74e-08	5.09e-16
 3.83502e+16	1.00e+00	4.48e-08	4.55e-16
 3.86069e+16	1.00e+00	4.19e-08	3.99e-16
 3.89214e+16	1.00e+00	3.86e-08	3.39e-16
 3.93227e+16	1.00e+00	3.48e-08	2.76e-16
 3.98444e+16	1.00e+00	3.04e-08	2.12e-16
 4.05227e+16	1.00e+00	2.56e-08	1.51e-16
 4.14044e+16	1.00e+00	2.06e-08	9.78e-17
 4.25507e+16	1.00e+00	1.56e-08	5.62e-17
 4.39804e+16	1.00e+00	1.11e-08	2.88e-17
 4.55439e+16	1.00e+00	7.81e-09	1.43e-17
 4.71073e+16	1.00e+00	5.54e-09	7.28e-18
 4.86704e+16	1.00e+00	3.96e-09	3.75e-18
 5.02333e+16	1.00e+00	2.86e-09	1.97e-18
 5.17959e+16	1.00e+00	2.08e-09	1.05e-18
 5.33584e+16	1.00e+00	1.52e-09	5.70e-19
 5.49205e+16	1.00e+00	1.12e-09	3.14e-19
 5.67168e+16	1.00e+00	7.94e-10	1.58e-19
 5.88538e+16	1.00e+00	5.34e-10	7.24e-20
 6.11303e+16	1.00e+00	3.56e-10	3.25e-20
 6.34397e+16	1.00e+00	2.39e-10	1.49e-20
 6.58134e+16	1.00e+00	1.60e-10	6.80e-21
 6.82632e+16	1.00e+00	1.08e-10	0.00e+00
 7.07245e+16	1.00e+00	7.34e-11	0.00e+00
 7.32965e+16	1.00e+00	4.95e-11	0.00e+00
 7.60052e+16	1.00e+00	3.32e-11	0.00e+00
 7.87801e+16	1.00e+00	2.23e-11	0.00e+00
 8.12941e+16	1.00e+00	1.58e-11	0.00e+00
 8.30565e+16	1.00e+00	1.26e-11	0.00e+00
 8.40719e+16	1.00e+00	1.12e-11	0.00e+00
 8.46472e+16	1.00e+00	1.04e-11	0.00e+00
 8.49924e+16	1.00e+00	9.95e-12	0.00e+00
 8.52153e+16	1.00e+00	9.68e-12	0.00e+00
 8.54047e+16	1.00e+00	9.44e-12	0.00e+00
 8.56057e+16	1.00e+00	9.19e-12	0.00e+00
 8.58205e+16	1.00e+00	8.94e-12	0.00e+00
 8.60227e+16	1.00e+00	8.70e-12	0.00e+00
 8.61893e+16	1.00e+00	8.53e-12	0.00e+00
 8.63482e+16	1.00e+00	8.35e-12	0.00e+00
 8.65308e+16	1.00e+00	8.14e-12	0.00e+00
 8.67073e+16	1.00e+00	7.97e-12	0.00e+00
 8.68441e+16	1.00e+00	7.83e-12	0.00e+00
 8.69528e+16	1.00e+00	7.72e-12	0.00e+00
 8.70681e+16	1.00e+00	7.61e-12	0.00e+00
 8.72046e+16	1.00e+00	7.47e-12	0.00e+00
 8.73371e+16	1.00e+00	7.34e-12	0.00e+00
 8.74401e+16	1.00e+00	7.25e-12	0.00e+00
 8.75304e+16	1.00e+00	7.17e-12	0.00e+00
 8.76328e+16	1.00e+00	7.07e-12	0.00e+00
 8.77378e+16	1.00e+00	6.97e-12	0.00e+00
 8.78303e+16	1.00e+00	6.89e-12	0.00e+00
 8.79116e+16	1.00e+00	6.82e-12	0.00e+00
 8.79901e+16	1.00e+00	6.75e-12	0.00e+00
 8.80693e+16	1.00e+00	6.68e-12	0.00e+00
 8.81503e+16	1.00e+00	6.61e-12	0.00e+00
 8.82314e+16	1.00e+00	6.54e-12	0.00e+00
 8.83062e+16	1.00e+00	6.48e-12	0.00e+00
 8.83749e+16	1.00e+00	6.42e-12	0.00e+00
 8.84440e+16	1.00e+00	6.36e-12	0.00e+00
 8.85151e+16	1.00e+00	6.30e-12	0.00e+00
 8.85842e+16	1.00e+00	6.25e-12	0.00e+00
 8.86504e+16	1.00e+00	6.19e-12	0.00e+00
 8.87180e+16	1.00e+00	6.14e-12	0.00e+00
 8.87868e+16	1.00e+00	6.08e-12	0.00e+00
 8.88525e+16	1.00e+00	6.03e-12	0.00e+00
 8.89152e+16	1.00e+00	5.98e-12	0.00e+00
 8.89800e+16	1.00e+00	5.93e-12	0.00e+00
 8.90479e+16	1.00e+00	5.87e-12	0.00e+00
 8.91143e+16	1.00e+00	5.82e-12	0.00e+00
 8.91786e+16	1.00e+00	5.77e-12	0.00e+00
 8.92451e+16	1.00e+00	5.72e-12	0.00e+00
 8.93145e+16	1.00e+00	5.66e-12	0.00e+00
 8.93824e+16	1.00e+00	5.61e-12	0.00e+00
 8.94486e+16	1.00e+00	5.56e-12	0.00e+00
 8.95182e+16	1.00e+00	5.51e-12	0.00e+00
 8.95917e+16	1.00e+00	5.45e-12	0.00e+00
 8.96666e+16	1.00e+00	5.40e-12	0.00e+00
 8.97403e+16	1.00e+00	5.34e-12	0.00e+00
 8.98134e+16	1.00e+00	5.29e-12	0.00e+00
 8.98932e+16	1.00e+00	5.23e-12	0.00e+00
 8.99787e+16	1.00e+00	5.17e-12	0.00e+00
 9.00607e+16	1.00e+00	5.11e-12	0.00e+00
 9.01388e+16	1.00e+00	5.06e-12	0.00e+00
 9.02168e+16	1.00e+00	5.00e-12	0.00e+00
 9.03020e+16	1.00e+00	4.94e-12	0.00e+00
 9.03976e+16	1.00e+00	4.87e-12	0.00e+00
 9.04938e+16	1.00e+00	4.81e-12	0.00e+00
 9.05830e+16	1.00e+00	4.75e-12	0.00e+00
 9.06699e+16	1.00e+00	4.69e-12	0.00e+00
 9.07660e+16	1.00e+00	4.63e-12	0.00e+00
 9.08750e+16	1.00e+00	4.56e-12	0.00e+00
 9.09844e+16	1.00e+00	4.49e-12	0.00e+00
 9.10870e+16	1.00e+00	4.42e-12	0.00e+00
 9.11913e+16	1.00e+00	4.36e-12	0.00e+00
 9.13041e+16	1.00e+00	4.29e-12	0.00e+00
 9.14238e+16	1.00e+00	4.22e-12	0.00e+00
 9.15463e+16	1.00e+00	4.14e-12	0.00e+00
 9.16692e+16	1.00e+00	4.07e-12	0.00e+00
 9.17924e+16	1.00e+00	4.00e-12	0.00e+00
 9.19189e+16	1.00e+00	3.93e-12	0.00e+00
 9.20530e+16	1.00e+00	3.86e-12	0.00e+00
 9.21946e+16	1.00e+00	3.78e-12	0.00e+00
 9.23377e+16	1.00e+00	3.70e-12	0.00e+00
 9.24834e+16	1.00e+00	3.63e-12	0.00e+00
 9.26353e+16	1.00e+00	3.55e-12	0.00e+00
 9.27917e+16	1.00e+00	3.47e-12	0.00e+00
 9.29531e+16	1.00e+00	3.39e-12	0.00e+00
 9.31199e+16	1.00e+00	3.31e-12	0.00e+00
 9.32909e+16	1.00e+00	3.23e-12	0.00e+00
 9.34698e+16	1.00e+00	3.15e-12	0.00e+00
 9.36555e+16	1.00e+00	3.07e-12	0.00e+00
 9.38460e+16	1.00e+00	2.98e-12	0.00e+00
 9.40423e+16	1.00e+00	2.90e-12	0.00e+00
 9.42374e+16	1.00e+00	2.82e-12	0.00e+00
 9.44416e+16	1.00e+00	2.74e-12	0.00e+00
 9.46591e+16	1.00e+00	2.65e-12	0.00e+00
 9.48837e+16	1.00e+00	2.57e-12	0.00e+00
 9.51111e+16	1.00e+00	2.49e-12	0.00e+00
 9.53407e+16	1.00e+00	2.41e-12	0.00e+00
 9.55770e+16	1.00e+00	2.33e-12	0.00e+00
 9.58184e+16	1.00e+00	2.25e-12	0.00e+00
 9.60702e+16	1.00e+00	2.17e-12	0.00e+00
 9.63375e+16	1.00e+00	2.09e-12	0.00e+00
 9.66213e+16	1.00e+00	2.00e-12	0.00e+00
 9.69095e+16	1.00e+00	1.92e-12	0.00e+00
 9.71904e+16	1.00e+00	1.85e-12	0.00e+00
 9.74721e+16	1.00e+00	1.77e-12	0.00e+00
 9.77814e+16	1.00e+00	1.70e-12	0.00e+00
 9.81167e+16	1.00e+00	1.62e-12	0.00e+00
 9.84461e+16	1.00e+00	1.54e-12	0.00e+00
 9.87668e+16	1.00e+00	1.47e-12	0.00e+00
 9.91007e+16	1.00e+00	1.41e-12	0.00e+00
 9.94642e+16	1.00e+00	1.34e-12	0.00e+00
 9.98489e+16	1.00e+00	1.27e-12	0.00e+00
 1.00237e+17	1.00e+00	1.20e-12	0.00e+00
 1.00632e+17	1.00e+00	1.14e-12	0.00e+00
 1.01039e+17	1.00e+00	1.07e-12	0.00e+00
 1.01457e+17	1.00e+00	1.02e-12	0.00e+00
 1.01906e+17	1.00e+00	9.57e-13	0.00e+00
 1.02387e+17	1.00e+00	8.98e-13	0.00e+00
 1.02878e+17	1.00e+00	8.42e-13	0.00e+00
 1.03370e+17	1.00e+00	7.91e-13	0.00e+00
 1.03884e+17	1.00e+00	7.40e-13	0.00e+00
 1.04435e+17	1.00e+00	6.91e-13	0.00e+00
 1.04999e+17	1.00e+00	6.45e-13	0.00e+00
 1.05526e+17	1.00e+00	6.05e-13	0.00e+00
 1.05997e+17	1.00e+00	5.72e-13	0.00e+00
 1.06437e+17	1.00e+00	5.43e-13	0.00e+00
 1.06885e+17	1.00e+00	5.14e-13	0.00e+00
 1.07364e+17	1.00e+00	4.85e-13	0.00e+00
 1.07865e+17	1.00e+00	4.56e-13	0.00e+00
 1.08362e+17	1.00e+00	4.29e-13	0.00e+00
 1.08814e+17	1.00e+00	4.06e-13	0.00e+00
 1.09193e+17	1.00e+00	3.87e-13	0.00e+00
 1.09512e+17	1.00e+00	3.72e-13	0.00e+00
 1.09798e+17	1.00e+00	3.59e-13	0.00e+00
 1.10071e+17	1.00e+00	3.46e-13	0.00e+00
 1.10332e+17	1.00e+00	3.35e-13	0.00e+00
 1.10578e+17	1.00e+00	3.25e-13	0.00e+00
 1.10805e+17	1.00e+00	3.15e-13	0.00e+00
 1.11016e+17	1.00e+00	3.07e-13	0.00e+00
 1.11218e+17	1.00e+00	2.99e-13	0.00e+00
 1.11415e+17	1.00e+00	2.92e-13	0.00e+00
 1.11607e+17	1.00e+00	2.84e-13	0.00e+00
 1.11792e+17	1.00e+00	2.78e-13	0.00e+00
 1.11970e+17	1.00e+00	2.72e-13	0.00e+00
 1.12142e+17	1.00e+00	2.66e-13	0.00e+00
 1.12311e+17	1.00e+00	2.60e-13	0.00e+00
 1.12478e+17	1.00e+00	2.55e-13	0.00e+00
 1.12641e+17	1.00e+00	2.50e-13	0.00e+00
 1.12800e+17	1.00e+00	2.45e-13	0.00e+00
 1.12956e+17	1.00e+00	2.40e-13	0.00e+00
 1.13110e+17	1.00e+00	2.36e-13	0.00e+00
 1.13262e+17	1.00e+00	2.31e-13	0.00e+00
 1.13412e+17	1.00e+00	2.27e-13	0.00e+00
 1.13560e+17	1.00e+00	2.23e-13	0.00e+00
 1.13706e+17	1.00e+00	2.19e-13	0.00e+00
 1.13851e+17	1.00e+00	2.15e-13	0.00e+00
 1.13994e+17	1.00e+00	2.12e-13	0.00e+00
 1.14158e+17	1.00e+00	2.07e-13	0.00e+00
 1.14371e+17	1.00e+00	2.02e-13	0.00e+00
 1.14648e+17	1.00e+00	1.95e-13	0.00e+00
 1.15008e+17	1.00e+00	1.87e-13	0.00e+00
 1.15476e+17	1.00e+00	1.76e-13	0.00e+00
 1.16056e+17	1.00e+00	1.65e-13	0.00e+00
 1.16673e+17	1.00e+00	1.53e-13	0.00e+00
 1.17235e+17	1.00e+00	1.44e-13	0.00e+00
 1.17730e+17	1.00e+00	1.36e-13	0.00e+00
 1.18212e+17	1.00e+00	1.29e-13	0.00e+00
 1.18729e+17	1.00e+00	1.21e-13	0.00e+00
 1.19288e+17	1.00e+00	1.14e-13	0.00e+00
 1.19861e+17	1.00e+00	1.07e-13	0.00e+00
 1.20428e+17	1.00e+00	1.00e-13	0.00e+00
 1.20993e+17	1.00e+00	9.41e-14	0.00e+00
 1.21581e+17	1.00e+00	8.82e-14	0.00e+00
 1.22214e+17	1.00e+00	8.22e-14	0.00e+00
 1.22902e+17	1.00e+00	7.62e-14	0.00e+00
 1.23651e+17	1.00e+00	7.02e-14	0.00e+00
 1.24476e+17	1.00e+00	6.41e-14	0.00e+00
 1.25421e+17	1.00e+00	5.78e-14	0.00e+00
 1.26571e+17	1.00e+00	5.10e-14	0.00e+00
 1.28043e+17	1.00e+00	4.35e-14	0.00e+00
 1.29957e+17	1.00e+00	3.54e-14	0.00e+00
 1.32445e+17	1.00e+00	2.72e-14	0.00e+00
 1.35679e+17	1.00e+00	1.94e-14	0.00e+00
 1.39883e+17	1.00e+00	1.26e-14	0.00e+00
 1.45105e+17	1.00e+00	7.52e-15	0.00e+00
 1.50909e+17	1.00e+00	4.29e-15	0.00e+00
 1.56488e+17	1.00e+00	2.52e-15	0.00e+00
 1.61430e+17	1.00e+00	1.58e-15	0.00e+00
 1.65145e+17	1.00e+00	1.11e-15	0.00e+00
 1.67374e+17	1.00e+00	8.99e-16	0.00e+00
 1.68711e+17	1.00e+00	7.87e-16	0.00e+00
 1.69513e+17	1.00e+00	7.25e-16	0.00e+00
 1.69995e+17	1.00e+00	6.89e-16	0.00e+00
 1.70283e+17	1.00e+00	6.68e-16	0.00e+00
 1.70473e+17	1.00e+00	6.55e-16	0.00e+00
 1.70655e+17	1.00e+00	6.42e-16	0.00e+00
 1.70884e+17	1.00e+00	6.26e-16	0.00e+00
 1.71180e+17	1.00e+00	6.06e-16	0.00e+00
 1.71507e+17	1.00e+00	5.85e-16	0.00e+00
 1.71789e+17	1.00e+00	5.67e-16	0.00e+00
 1.72003e+17	1.00e+00	5.53e-16	0.00e+00
 1.72194e+17	1.00e+00	5.41e-16	0.00e+00
 1.72416e+17	1.00e+00	5.28e-16	0.00e+00
 1.72697e+17	1.00e+00	5.11e-16	0.00e+00
 1.72997e+17	1.00e+00	4.93e-16	0.00e+00
 1.73257e+17	1.00e+00	4.78e-16	0.00e+00
 1.73459e+17	1.00e+00	4.67e-16	0.00e+00
 1.73641e+17	1.00e+00	4.57e-16	0.00e+00
 1.73845e+17	1.00e+00	4.45e-16	0.00e+00
 1.74094e+17	1.00e+00	4.32e-16	0.00e+00
 1.74363e+17	1.00e+00	4.18e-16	0.00e+00
 1.74600e+17	1.00e+00	4.05e-16	0.00e+00
 1.74788e+17	1.00e+00	3.95e-16	0.00e+00
 1.74957e+17	1.00e+00	3.86e-16	0.00e+00
 1.75142e+17	1.00e+00	3.77e-16	0.00e+00
 1.75364e+17	1.00e+00	3.66e-16	0.00e+00
 1.75604e+17	1.00e+00	3.54e-16	0.00e+00
 1.75819e+17	1.00e+00	3.43e-16	0.00e+00
 1.75994e+17	1.00e+00	3.34e-16	0.00e+00
 1.76149e+17	1.00e+00	3.26e-16	0.00e+00
 1.76317e+17	1.00e+00	3.18e-16	0.00e+00
 1.76516e+17	1.00e+00	3.09e-16	0.00e+00
 1.76730e+17	1.00e+00	2.99e-16	0.00e+00
 1.76925e+17	1.00e+00	2.89e-16	0.00e+00
 1.77086e+17	1.00e+00	2.81e-16	0.00e+00
 1.77230e+17	1.00e+00	2.75e-16	0.00e+00
 1.77384e+17	1.00e+00	2.68e-16	0.00e+00
 1.77563e+17	1.00e+00	2.60e-16	0.00e+00
 1.77755e+17	1.00e+00	2.51e-16	0.00e+00
 1.77932e+17	1.00e+00	2.42e-16	0.00e+00
 1.78084e+17	1.00e+00	2.35e-16	0.00e+00
 1.78220e+17	1.00e+00	2.29e-16	0.00e+00
 1.78363e+17	1.00e+00	2.23e-16	0.00e+00
 1.78528e+17	1.00e+00	2.16e-16	0.00e+00
 1.78704e+17	1.00e+00	2.08e-16	0.00e+00
 1.78869e+17	1.00e+00	2.01e-16	0.00e+00
 1.79011e+17	1.00e+00	1.94e-16	0.00e+00
 1.79141e+17	1.00e+00	1.89e-16	0.00e+00
 1.79278e+17	1.00e+00	1.83e-16	0.00e+00
 1.79434e+17	1.00e+00	1.77e-16	0.00e+00
 1.79600e+17	1.00e+00	1.70e-16	0.00e+00
 1.79757e+17	1.00e+00	1.64e-16	0.00e+00
 1.79894e+17	1.00e+00	1.58e-16	0.00e+00
 1.80021e+17	1.00e+00	1.53e-16	0.00e+00
 1.80156e+17	1.00e+00	1.48e-16	0.00e+00
 1.80308e+17	1.00e+00	1.43e-16	0.00e+00
 1.80468e+17	1.00e+00	1.37e-16	0.00e+00
 1.80620e+17	1.00e+00	1.31e-16	0.00e+00
 1.80756e+17	1.00e+00	1.26e-16	0.00e+00
 1.80884e+17	1.00e+00	1.22e-16	0.00e+00
 1.81019e+17	1.00e+00	1.17e-16	0.00e+00
 1.81170e+17	1.00e+00	1.13e-16	0.00e+00
 1.81328e+17	1.00e+00	1.08e-16	0.00e+00
 1.81480e+17	1.00e+00	1.03e-16	0.00e+00
 1.81618e+17	1.00e+00	9.89e-17	0.00e+00
 1.81751e+17	1.00e+00	9.52e-17	0.00e+00
 1.81890e+17	1.00e+00	9.14e-17	0.00e+00
 1.82044e+17	1.00e+00	8.75e-17	0.00e+00
 1.82205e+17	1.00e+00	8.33e-17	0.00e+00
 1.82360e+17	1.00e+00	7.95e-17	0.00e+00
 1.82504e+17	1.00e+00	7.60e-17	0.00e+00
 1.82645e+17	1.00e+00	7.28e-17	0.00e+00
 1.82794e+17	1.00e+00	6.97e-17	0.00e+00
 1.82956e+17	1.00e+00	6.65e-17	0.00e+00
 1.83125e+17	1.00e+00	6.31e-17	0.00e+00
 1.83290e+17	1.00e+00	6.00e-17	0.00e+00
 1.83446e+17	1.00e+00	5.72e-17	0.00e+00
 1.83602e+17	1.00e+00	5.46e-17	0.00e+00
 1.83767e+17	1.00e+00	5.21e-17	0.00e+00
 1.83945e+17	1.00e+00	4.95e-17	0.00e+00
 1.84132e+17	1.00e+00	4.68e-17	0.00e+00
