#depth	O	O+	O+2	O+3	O+4	O+5	O+6	O+7	O+8	O[1]	O[2]	O[3]
 1.49634e+10	1.10e-34	2.60e-22	3.39e-12	7.50e-05	7.17e-01	2.83e-01	3.51e-04	0.00e+00	0.00e+00	0.00e+00	0.00e+00	0.00e+00
 4.54887e+10	1.52e-34	3.34e-22	4.04e-12	8.28e-05	7.32e-01	2.68e-01	3.07e-04	1.57e-11	0.00e+00	0.00e+00	0.00e+00	0.00e+00
 7.72350e+10	2.09e-34	4.27e-22	4.80e-12	9.14e-05	7.47e-01	2.53e-01	2.68e-04	0.00e+00	0.00e+00	0.00e+00	0.00e+00	0.00e+00
 1.10251e+11	2.87e-34	5.46e-22	5.71e-12	1.01e-04	7.61e-01	2.39e-01	2.33e-04	0.00e+00	0.00e+00	0.00e+00	0.00e+00	0.00e+00
 1.44588e+11	3.93e-34	6.96e-22	6.77e-12	1.11e-04	7.74e-01	2.25e-01	2.03e-04	0.00e+00	0.00e+00	0.00e+00	0.00e+00	0.00e+00
 1.80298e+11	5.38e-34	8.87e-22	8.02e-12	1.22e-04	7.87e-01	2.12e-01	1.76e-04	0.00e+00	0.00e+00	0.00e+00	0.00e+00	0.00e+00
 2.17437e+11	7.33e-34	1.13e-21	9.49e-12	1.34e-04	8.00e-01	2.00e-01	1.53e-04	0.00e+00	0.00e+00	0.00e+00	0.00e+00	0.00e+00
 2.56061e+11	9.98e-34	1.43e-21	1.12e-11	1.47e-04	8.12e-01	1.88e-01	1.33e-04	0.00e+00	0.00e+00	0.00e+00	0.00e+00	0.00e+00
 2.96231e+11	1.36e-33	1.82e-21	1.32e-11	1.61e-04	8.23e-01	1.77e-01	1.15e-04	0.00e+00	0.00e+00	0.00e+00	0.00e+00	0.00e+00
 3.38007e+11	1.84e-33	2.30e-21	1.56e-11	1.76e-04	8.33e-01	1.66e-01	9.98e-05	0.00e+00	0.00e+00	0.00e+00	0.00e+00	0.00e+00
 3.81454e+11	2.48e-33	2.90e-21	1.84e-11	1.93e-04	8.44e-01	1.56e-01	8.63e-05	0.00e+00	0.00e+00	0.00e+00	0.00e+00	0.00e+00
 4.26639e+11	3.35e-33	3.66e-21	2.17e-11	2.11e-04	8.53e-01	1.47e-01	7.47e-05	0.00e+00	0.00e+00	0.00e+00	0.00e+00	0.00e+00
 4.73631e+11	4.52e-33	4.62e-21	2.55e-11	2.31e-04	8.62e-01	1.37e-01	6.45e-05	0.00e+00	0.00e+00	0.00e+00	0.00e+00	0.00e+00
 5.22503e+11	6.07e-33	5.81e-21	2.99e-11	2.52e-04	8.71e-01	1.29e-01	5.57e-05	0.00e+00	0.00e+00	0.00e+00	0.00e+00	0.00e+00
 5.73330e+11	8.14e-33	7.31e-21	3.51e-11	2.75e-04	8.79e-01	1.21e-01	4.81e-05	0.00e+00	0.00e+00	0.00e+00	0.00e+00	0.00e+00
 6.26190e+11	1.09e-32	9.17e-21	4.12e-11	3.00e-04	8.87e-01	1.13e-01	4.15e-05	0.00e+00	0.00e+00	0.00e+00	0.00e+00	0.00e+00
 6.81164e+11	1.45e-32	1.15e-20	4.83e-11	3.27e-04	8.94e-01	1.06e-01	3.58e-05	0.00e+00	0.00e+00	0.00e+00	0.00e+00	0.00e+00
 7.38337e+11	1.94e-32	1.44e-20	5.65e-11	3.57e-04	9.00e-01	9.92e-02	3.08e-05	0.00e+00	0.00e+00	0.00e+00	0.00e+00	0.00e+00
 7.97798e+11	2.58e-32	1.80e-20	6.61e-11	3.89e-04	9.07e-01	9.29e-02	2.65e-05	0.00e+00	0.00e+00	0.00e+00	0.00e+00	0.00e+00
 8.59636e+11	3.42e-32	2.25e-20	7.74e-11	4.23e-04	9.13e-01	8.69e-02	2.29e-05	0.00e+00	0.00e+00	0.00e+00	0.00e+00	0.00e+00
 9.23949e+11	4.53e-32	2.81e-20	9.04e-11	4.61e-04	9.18e-01	8.13e-02	1.97e-05	0.00e+00	0.00e+00	0.00e+00	0.00e+00	0.00e+00
 9.90833e+11	5.98e-32	3.50e-20	1.06e-10	5.01e-04	9.23e-01	7.61e-02	1.69e-05	0.00e+00	0.00e+00	0.00e+00	0.00e+00	0.00e+00
 1.06039e+12	7.89e-32	4.36e-20	1.23e-10	5.46e-04	9.28e-01	7.12e-02	1.45e-05	0.00e+00	0.00e+00	0.00e+00	0.00e+00	0.00e+00
 1.13274e+12	1.04e-31	5.42e-20	1.44e-10	5.93e-04	9.33e-01	6.66e-02	1.25e-05	0.00e+00	0.00e+00	0.00e+00	0.00e+00	0.00e+00
 1.20797e+12	1.36e-31	6.75e-20	1.68e-10	6.45e-04	9.37e-01	6.23e-02	1.07e-05	0.00e+00	0.00e+00	0.00e+00	0.00e+00	0.00e+00
 1.28622e+12	1.79e-31	8.38e-20	1.96e-10	7.02e-04	9.41e-01	5.83e-02	9.23e-06	0.00e+00	0.00e+00	0.00e+00	0.00e+00	0.00e+00
 1.36759e+12	2.34e-31	1.04e-19	2.29e-10	7.63e-04	9.45e-01	5.45e-02	7.93e-06	0.00e+00	0.00e+00	0.00e+00	0.00e+00	0.00e+00
 1.45222e+12	3.06e-31	1.29e-19	2.67e-10	8.29e-04	9.48e-01	5.10e-02	6.81e-06	0.00e+00	0.00e+00	0.00e+00	0.00e+00	0.00e+00
 1.54024e+12	4.00e-31	1.61e-19	3.12e-10	9.01e-04	9.51e-01	4.77e-02	5.85e-06	0.00e+00	0.00e+00	0.00e+00	0.00e+00	0.00e+00
 1.63178e+12	5.21e-31	1.99e-19	3.64e-10	9.79e-04	9.54e-01	4.47e-02	5.02e-06	0.00e+00	0.00e+00	0.00e+00	0.00e+00	0.00e+00
 1.72697e+12	6.78e-31	2.47e-19	4.25e-10	1.06e-03	9.57e-01	4.18e-02	4.31e-06	0.00e+00	0.00e+00	0.00e+00	0.00e+00	0.00e+00
 1.82598e+12	8.82e-31	3.07e-19	4.96e-10	1.16e-03	9.60e-01	3.91e-02	3.70e-06	0.00e+00	0.00e+00	0.00e+00	0.00e+00	0.00e+00
 1.92895e+12	1.15e-30	3.82e-19	5.79e-10	1.26e-03	9.62e-01	3.66e-02	3.17e-06	0.00e+00	0.00e+00	0.00e+00	0.00e+00	0.00e+00
 2.03603e+12	1.49e-30	4.75e-19	6.76e-10	1.37e-03	9.64e-01	3.43e-02	2.72e-06	0.00e+00	0.00e+00	0.00e+00	0.00e+00	0.00e+00
 2.14740e+12	1.93e-30	5.90e-19	7.91e-10	1.49e-03	9.66e-01	3.21e-02	2.33e-06	0.00e+00	0.00e+00	0.00e+00	0.00e+00	0.00e+00
 2.26322e+12	2.51e-30	7.35e-19	9.25e-10	1.61e-03	9.68e-01	3.01e-02	2.00e-06	0.00e+00	0.00e+00	0.00e+00	0.00e+00	0.00e+00
 2.38368e+12	3.26e-30	9.16e-19	1.08e-09	1.76e-03	9.70e-01	2.81e-02	1.71e-06	0.00e+00	0.00e+00	0.00e+00	0.00e+00	0.00e+00
 2.50895e+12	4.23e-30	1.14e-18	1.27e-09	1.91e-03	9.72e-01	2.63e-02	1.47e-06	0.00e+00	0.00e+00	0.00e+00	0.00e+00	0.00e+00
 2.63924e+12	5.50e-30	1.43e-18	1.49e-09	2.08e-03	9.73e-01	2.47e-02	1.26e-06	0.00e+00	0.00e+00	0.00e+00	0.00e+00	0.00e+00
 2.77473e+12	7.15e-30	1.79e-18	1.74e-09	2.26e-03	9.75e-01	2.31e-02	1.08e-06	0.00e+00	0.00e+00	0.00e+00	0.00e+00	0.00e+00
 2.91565e+12	9.30e-30	2.24e-18	2.05e-09	2.46e-03	9.76e-01	2.16e-02	9.23e-07	0.00e+00	0.00e+00	0.00e+00	0.00e+00	0.00e+00
 3.06220e+12	1.21e-29	2.82e-18	2.41e-09	2.67e-03	9.77e-01	2.02e-02	0.00e+00	0.00e+00	0.00e+00	0.00e+00	0.00e+00	0.00e+00
 3.21461e+12	1.58e-29	3.55e-18	2.83e-09	2.91e-03	9.78e-01	1.90e-02	0.00e+00	0.00e+00	0.00e+00	0.00e+00	0.00e+00	0.00e+00
 3.37313e+12	2.07e-29	4.47e-18	3.34e-09	3.17e-03	9.79e-01	1.77e-02	0.00e+00	0.00e+00	0.00e+00	0.00e+00	0.00e+00	0.00e+00
 3.53798e+12	2.72e-29	5.66e-18	3.94e-09	3.45e-03	9.80e-01	1.66e-02	0.00e+00	0.00e+00	0.00e+00	0.00e+00	0.00e+00	0.00e+00
 3.70942e+12	3.58e-29	7.17e-18	4.65e-09	3.76e-03	9.81e-01	1.55e-02	0.00e+00	0.00e+00	0.00e+00	0.00e+00	0.00e+00	0.00e+00
 3.88773e+12	4.72e-29	9.10e-18	5.49e-09	4.09e-03	9.81e-01	1.45e-02	0.00e+00	0.00e+00	0.00e+00	0.00e+00	0.00e+00	0.00e+00
 4.07316e+12	6.24e-29	1.16e-17	6.49e-09	4.46e-03	9.82e-01	1.36e-02	0.00e+00	0.00e+00	0.00e+00	0.00e+00	0.00e+00	0.00e+00
 4.26602e+12	8.28e-29	1.48e-17	7.69e-09	4.85e-03	9.82e-01	1.27e-02	0.00e+00	0.00e+00	0.00e+00	0.00e+00	0.00e+00	0.00e+00
 4.46658e+12	1.10e-28	1.89e-17	9.11e-09	5.29e-03	9.83e-01	1.18e-02	0.00e+00	0.00e+00	0.00e+00	0.00e+00	0.00e+00	0.00e+00
 4.67517e+12	1.47e-28	2.42e-17	1.08e-08	5.76e-03	9.83e-01	1.10e-02	0.00e+00	0.00e+00	0.00e+00	0.00e+00	0.00e+00	0.00e+00
 4.89211e+12	1.97e-28	3.10e-17	1.28e-08	6.28e-03	9.83e-01	1.03e-02	0.00e+00	0.00e+00	0.00e+00	0.00e+00	0.00e+00	0.00e+00
 5.11772e+12	2.66e-28	3.99e-17	1.52e-08	6.85e-03	9.84e-01	9.61e-03	0.00e+00	0.00e+00	0.00e+00	0.00e+00	0.00e+00	0.00e+00
 5.35235e+12	3.59e-28	5.14e-17	1.81e-08	7.46e-03	9.84e-01	8.95e-03	0.00e+00	0.00e+00	0.00e+00	0.00e+00	0.00e+00	0.00e+00
 5.59638e+12	4.86e-28	6.62e-17	2.15e-08	8.13e-03	9.84e-01	8.34e-03	0.00e+00	0.00e+00	0.00e+00	0.00e+00	0.00e+00	0.00e+00
 5.85016e+12	6.61e-28	8.55e-17	2.55e-08	8.86e-03	9.83e-01	7.76e-03	0.00e+00	0.00e+00	0.00e+00	0.00e+00	0.00e+00	0.00e+00
 6.11409e+12	9.03e-28	1.10e-16	3.04e-08	9.66e-03	9.83e-01	7.22e-03	0.00e+00	0.00e+00	0.00e+00	0.00e+00	0.00e+00	0.00e+00
 6.38858e+12	1.24e-27	1.43e-16	3.61e-08	1.05e-02	9.83e-01	6.71e-03	0.00e+00	0.00e+00	0.00e+00	0.00e+00	0.00e+00	0.00e+00
 6.67405e+12	1.70e-27	1.85e-16	4.30e-08	1.15e-02	9.82e-01	6.23e-03	0.00e+00	0.00e+00	0.00e+00	0.00e+00	0.00e+00	0.00e+00
 6.97094e+12	2.34e-27	2.39e-16	5.11e-08	1.25e-02	9.82e-01	5.78e-03	0.00e+00	0.00e+00	0.00e+00	0.00e+00	0.00e+00	0.00e+00
 7.27970e+12	3.22e-27	3.09e-16	6.07e-08	1.36e-02	9.81e-01	5.36e-03	0.00e+00	0.00e+00	0.00e+00	0.00e+00	0.00e+00	0.00e+00
 7.60082e+12	4.46e-27	4.00e-16	7.22e-08	1.48e-02	9.80e-01	4.97e-03	0.00e+00	0.00e+00	0.00e+00	0.00e+00	0.00e+00	0.00e+00
 7.93478e+12	6.17e-27	5.18e-16	8.58e-08	1.61e-02	9.79e-01	4.61e-03	0.00e+00	0.00e+00	0.00e+00	0.00e+00	0.00e+00	0.00e+00
 8.28210e+12	8.57e-27	6.70e-16	1.02e-07	1.75e-02	9.78e-01	4.27e-03	0.00e+00	0.00e+00	0.00e+00	0.00e+00	0.00e+00	0.00e+00
 8.64331e+12	1.19e-26	8.67e-16	1.21e-07	1.91e-02	9.77e-01	3.95e-03	0.00e+00	0.00e+00	0.00e+00	0.00e+00	0.00e+00	0.00e+00
 9.01897e+12	1.65e-26	1.12e-15	1.44e-07	2.08e-02	9.76e-01	3.65e-03	0.00e+00	0.00e+00	0.00e+00	0.00e+00	0.00e+00	0.00e+00
 9.40965e+12	2.30e-26	1.45e-15	1.70e-07	2.26e-02	9.74e-01	3.38e-03	0.00e+00	0.00e+00	0.00e+00	0.00e+00	0.00e+00	0.00e+00
 9.81596e+12	3.21e-26	1.87e-15	2.02e-07	2.45e-02	9.72e-01	3.12e-03	0.00e+00	0.00e+00	0.00e+00	0.00e+00	0.00e+00	0.00e+00
 1.02385e+13	4.47e-26	2.41e-15	2.39e-07	2.67e-02	9.70e-01	2.89e-03	0.00e+00	0.00e+00	0.00e+00	0.00e+00	0.00e+00	0.00e+00
 1.06780e+13	6.22e-26	3.11e-15	2.83e-07	2.90e-02	9.68e-01	2.67e-03	0.00e+00	0.00e+00	0.00e+00	0.00e+00	0.00e+00	0.00e+00
 1.11350e+13	8.67e-26	4.01e-15	3.35e-07	3.14e-02	9.66e-01	2.46e-03	0.00e+00	0.00e+00	0.00e+00	0.00e+00	0.00e+00	0.00e+00
 1.16104e+13	1.21e-25	5.16e-15	3.97e-07	3.41e-02	9.64e-01	2.27e-03	0.00e+00	0.00e+00	0.00e+00	0.00e+00	0.00e+00	0.00e+00
 1.21047e+13	1.68e-25	6.64e-15	4.69e-07	3.70e-02	9.61e-01	2.09e-03	0.00e+00	0.00e+00	0.00e+00	0.00e+00	0.00e+00	0.00e+00
 1.26188e+13	2.34e-25	8.53e-15	5.53e-07	4.01e-02	9.58e-01	1.93e-03	0.00e+00	0.00e+00	0.00e+00	0.00e+00	0.00e+00	0.00e+00
 1.31535e+13	3.25e-25	1.09e-14	6.53e-07	4.34e-02	9.55e-01	1.78e-03	0.00e+00	0.00e+00	0.00e+00	0.00e+00	0.00e+00	0.00e+00
 1.37096e+13	4.52e-25	1.40e-14	7.70e-07	4.70e-02	9.51e-01	1.64e-03	0.00e+00	0.00e+00	0.00e+00	0.00e+00	0.00e+00	0.00e+00
 1.42879e+13	6.27e-25	1.80e-14	9.07e-07	5.09e-02	9.48e-01	1.51e-03	0.00e+00	0.00e+00	0.00e+00	0.00e+00	0.00e+00	0.00e+00
 1.48893e+13	8.71e-25	2.30e-14	1.07e-06	5.51e-02	9.44e-01	1.39e-03	0.00e+00	0.00e+00	0.00e+00	0.00e+00	0.00e+00	0.00e+00
 1.55148e+13	1.21e-24	2.95e-14	1.26e-06	5.96e-02	9.39e-01	1.28e-03	0.00e+00	0.00e+00	0.00e+00	0.00e+00	0.00e+00	0.00e+00
 1.61653e+13	1.67e-24	3.77e-14	1.48e-06	6.44e-02	9.34e-01	1.18e-03	0.00e+00	0.00e+00	0.00e+00	0.00e+00	0.00e+00	0.00e+00
 1.68419e+13	2.32e-24	4.81e-14	1.73e-06	6.95e-02	9.29e-01	1.08e-03	0.00e+00	0.00e+00	0.00e+00	0.00e+00	0.00e+00	0.00e+00
 1.75455e+13	3.20e-24	6.13e-14	2.04e-06	7.51e-02	9.24e-01	9.95e-04	0.00e+00	0.00e+00	0.00e+00	0.00e+00	0.00e+00	0.00e+00
 1.82772e+13	4.43e-24	7.82e-14	2.39e-06	8.10e-02	9.18e-01	9.14e-04	0.00e+00	0.00e+00	0.00e+00	0.00e+00	0.00e+00	0.00e+00
 1.90383e+13	6.11e-24	9.95e-14	2.80e-06	8.73e-02	9.12e-01	8.39e-04	0.00e+00	0.00e+00	0.00e+00	0.00e+00	0.00e+00	0.00e+00
 1.98297e+13	8.43e-24	1.26e-13	3.28e-06	9.41e-02	9.05e-01	7.70e-04	0.00e+00	0.00e+00	0.00e+00	0.00e+00	0.00e+00	0.00e+00
 2.06528e+13	1.16e-23	1.61e-13	3.84e-06	1.01e-01	8.98e-01	7.06e-04	0.00e+00	0.00e+00	0.00e+00	0.00e+00	0.00e+00	0.00e+00
 2.15089e+13	1.60e-23	2.04e-13	4.48e-06	1.09e-01	8.90e-01	6.47e-04	0.00e+00	0.00e+00	0.00e+00	0.00e+00	0.00e+00	0.00e+00
 2.23991e+13	2.19e-23	2.58e-13	5.23e-06	1.17e-01	8.82e-01	5.93e-04	0.00e+00	0.00e+00	0.00e+00	0.00e+00	0.00e+00	0.00e+00
 2.33250e+13	3.01e-23	3.27e-13	6.10e-06	1.26e-01	8.74e-01	5.42e-04	0.00e+00	0.00e+00	0.00e+00	0.00e+00	0.00e+00	0.00e+00
 2.42880e+13	4.12e-23	4.13e-13	7.11e-06	1.35e-01	8.64e-01	4.96e-04	0.00e+00	0.00e+00	0.00e+00	0.00e+00	0.00e+00	0.00e+00
 2.52894e+13	5.64e-23	5.21e-13	8.28e-06	1.45e-01	8.55e-01	4.53e-04	0.00e+00	0.00e+00	0.00e+00	0.00e+00	0.00e+00	0.00e+00
 2.63309e+13	7.70e-23	6.57e-13	9.62e-06	1.55e-01	8.45e-01	4.14e-04	0.00e+00	0.00e+00	0.00e+00	0.00e+00	0.00e+00	0.00e+00
 2.74141e+13	1.05e-22	8.27e-13	1.12e-05	1.66e-01	8.34e-01	3.78e-04	0.00e+00	0.00e+00	0.00e+00	0.00e+00	0.00e+00	0.00e+00
 2.85406e+13	1.43e-22	1.04e-12	1.30e-05	1.77e-01	8.22e-01	3.44e-04	0.00e+00	0.00e+00	0.00e+00	0.00e+00	0.00e+00	0.00e+00
 2.97121e+13	1.95e-22	1.31e-12	1.50e-05	1.89e-01	8.10e-01	3.14e-04	0.00e+00	0.00e+00	0.00e+00	0.00e+00	0.00e+00	0.00e+00
 3.09305e+13	2.65e-22	1.64e-12	1.74e-05	2.02e-01	7.98e-01	2.85e-04	0.00e+00	0.00e+00	0.00e+00	0.00e+00	0.00e+00	0.00e+00
 3.21977e+13	3.59e-22	2.05e-12	2.01e-05	2.15e-01	7.84e-01	2.59e-04	0.00e+00	0.00e+00	0.00e+00	0.00e+00	0.00e+00	0.00e+00
 3.35155e+13	4.87e-22	2.57e-12	2.32e-05	2.29e-01	7.70e-01	2.36e-04	0.00e+00	0.00e+00	0.00e+00	0.00e+00	0.00e+00	0.00e+00
 3.48861e+13	6.60e-22	3.21e-12	2.68e-05	2.44e-01	7.56e-01	2.14e-04	0.00e+00	0.00e+00	0.00e+00	0.00e+00	0.00e+00	0.00e+00
 3.63114e+13	8.92e-22	4.01e-12	3.08e-05	2.59e-01	7.41e-01	1.94e-04	0.00e+00	0.00e+00	0.00e+00	0.00e+00	0.00e+00	0.00e+00
 3.77938e+13	1.20e-21	5.00e-12	3.55e-05	2.75e-01	7.25e-01	1.75e-04	0.00e+00	0.00e+00	0.00e+00	0.00e+00	0.00e+00	0.00e+00
 3.93355e+13	1.62e-21	6.22e-12	4.08e-05	2.91e-01	7.09e-01	1.58e-04	0.00e+00	0.00e+00	0.00e+00	0.00e+00	0.00e+00	0.00e+00
 4.09388e+13	2.19e-21	7.73e-12	4.68e-05	3.08e-01	6.92e-01	1.43e-04	0.00e+00	0.00e+00	0.00e+00	0.00e+00	0.00e+00	0.00e+00
 4.26063e+13	2.94e-21	9.60e-12	5.36e-05	3.25e-01	6.75e-01	1.29e-04	0.00e+00	0.00e+00	0.00e+00	0.00e+00	0.00e+00	0.00e+00
 4.43405e+13	3.95e-21	1.19e-11	6.13e-05	3.43e-01	6.57e-01	1.16e-04	0.00e+00	0.00e+00	0.00e+00	0.00e+00	0.00e+00	0.00e+00
 4.61441e+13	5.30e-21	1.47e-11	7.00e-05	3.61e-01	6.39e-01	1.04e-04	0.00e+00	0.00e+00	0.00e+00	0.00e+00	0.00e+00	0.00e+00
 4.80197e+13	7.10e-21	1.82e-11	7.99e-05	3.80e-01	6.20e-01	9.33e-05	0.00e+00	0.00e+00	0.00e+00	0.00e+00	0.00e+00	0.00e+00
 4.99705e+13	9.50e-21	2.25e-11	9.11e-05	3.99e-01	6.01e-01	8.35e-05	0.00e+00	0.00e+00	0.00e+00	0.00e+00	0.00e+00	0.00e+00
 5.19992e+13	1.27e-20	2.77e-11	1.04e-04	4.19e-01	5.81e-01	7.47e-05	0.00e+00	0.00e+00	0.00e+00	0.00e+00	0.00e+00	0.00e+00
 5.41091e+13	1.69e-20	3.41e-11	1.18e-04	4.38e-01	5.61e-01	6.67e-05	0.00e+00	0.00e+00	0.00e+00	0.00e+00	0.00e+00	0.00e+00
 5.63034e+13	2.25e-20	4.19e-11	1.33e-04	4.58e-01	5.42e-01	5.95e-05	0.00e+00	0.00e+00	0.00e+00	0.00e+00	0.00e+00	0.00e+00
 5.85854e+13	2.99e-20	5.14e-11	1.51e-04	4.78e-01	5.22e-01	5.29e-05	0.00e+00	0.00e+00	0.00e+00	0.00e+00	0.00e+00	0.00e+00
 6.09588e+13	3.96e-20	6.29e-11	1.70e-04	4.98e-01	5.01e-01	4.70e-05	0.00e+00	0.00e+00	0.00e+00	0.00e+00	0.00e+00	0.00e+00
 6.34271e+13	5.24e-20	7.68e-11	1.92e-04	5.18e-01	4.81e-01	4.17e-05	0.00e+00	0.00e+00	0.00e+00	0.00e+00	0.00e+00	0.00e+00
 6.59941e+13	6.91e-20	9.35e-11	2.16e-04	5.38e-01	4.62e-01	3.70e-05	0.00e+00	0.00e+00	0.00e+00	0.00e+00	0.00e+00	0.00e+00
 6.86638e+13	9.10e-20	1.14e-10	2.43e-04	5.58e-01	4.42e-01	3.27e-05	0.00e+00	0.00e+00	0.00e+00	0.00e+00	0.00e+00	0.00e+00
 7.14402e+13	1.19e-19	1.38e-10	2.72e-04	5.77e-01	4.22e-01	2.89e-05	0.00e+00	0.00e+00	0.00e+00	0.00e+00	0.00e+00	0.00e+00
 7.43278e+13	1.56e-19	1.67e-10	3.04e-04	5.96e-01	4.03e-01	2.55e-05	0.00e+00	0.00e+00	0.00e+00	0.00e+00	0.00e+00	0.00e+00
 7.73308e+13	2.05e-19	2.02e-10	3.40e-04	6.15e-01	3.84e-01	2.25e-05	0.00e+00	0.00e+00	0.00e+00	0.00e+00	0.00e+00	0.00e+00
 8.04540e+13	2.67e-19	2.43e-10	3.79e-04	6.34e-01	3.66e-01	1.98e-05	0.00e+00	0.00e+00	0.00e+00	0.00e+00	0.00e+00	0.00e+00
 8.37021e+13	3.48e-19	2.93e-10	4.22e-04	6.52e-01	3.48e-01	1.74e-05	0.00e+00	0.00e+00	0.00e+00	0.00e+00	0.00e+00	0.00e+00
 8.70801e+13	4.52e-19	3.52e-10	4.69e-04	6.70e-01	3.30e-01	1.52e-05	0.00e+00	0.00e+00	0.00e+00	0.00e+00	0.00e+00	0.00e+00
 9.05932e+13	5.87e-19	4.23e-10	5.20e-04	6.87e-01	3.13e-01	1.33e-05	0.00e+00	0.00e+00	0.00e+00	0.00e+00	0.00e+00	0.00e+00
 9.42469e+13	7.61e-19	5.07e-10	5.77e-04	7.03e-01	2.96e-01	1.17e-05	0.00e+00	0.00e+00	0.00e+00	0.00e+00	0.00e+00	0.00e+00
 9.80467e+13	9.86e-19	6.07e-10	6.38e-04	7.20e-01	2.80e-01	1.02e-05	0.00e+00	0.00e+00	0.00e+00	0.00e+00	0.00e+00	0.00e+00
 1.01998e+14	1.27e-18	7.25e-10	7.06e-04	7.35e-01	2.64e-01	8.90e-06	0.00e+00	0.00e+00	0.00e+00	0.00e+00	0.00e+00	0.00e+00
 1.06108e+14	1.65e-18	8.66e-10	7.79e-04	7.50e-01	2.49e-01	7.75e-06	0.00e+00	0.00e+00	0.00e+00	0.00e+00	0.00e+00	0.00e+00
 1.10383e+14	2.12e-18	1.03e-09	8.59e-04	7.64e-01	2.35e-01	6.75e-06	0.00e+00	0.00e+00	0.00e+00	0.00e+00	0.00e+00	0.00e+00
 1.14828e+14	2.73e-18	1.23e-09	9.47e-04	7.78e-01	2.21e-01	5.87e-06	0.00e+00	0.00e+00	0.00e+00	0.00e+00	0.00e+00	0.00e+00
 1.19451e+14	3.52e-18	1.46e-09	1.04e-03	7.91e-01	2.08e-01	5.10e-06	0.00e+00	0.00e+00	0.00e+00	0.00e+00	0.00e+00	0.00e+00
 1.24259e+14	4.52e-18	1.74e-09	1.15e-03	8.04e-01	1.95e-01	4.42e-06	0.00e+00	0.00e+00	0.00e+00	0.00e+00	0.00e+00	0.00e+00
 1.29259e+14	5.80e-18	2.06e-09	1.26e-03	8.16e-01	1.83e-01	3.83e-06	0.00e+00	0.00e+00	0.00e+00	0.00e+00	0.00e+00	0.00e+00
 1.34459e+14	7.46e-18	2.45e-09	1.38e-03	8.27e-01	1.71e-01	3.32e-06	0.00e+00	0.00e+00	0.00e+00	0.00e+00	0.00e+00	0.00e+00
 1.39868e+14	9.55e-18	2.90e-09	1.51e-03	8.38e-01	1.60e-01	2.87e-06	0.00e+00	0.00e+00	0.00e+00	0.00e+00	0.00e+00	0.00e+00
 1.45492e+14	1.22e-17	3.44e-09	1.66e-03	8.48e-01	1.50e-01	2.48e-06	0.00e+00	0.00e+00	0.00e+00	0.00e+00	0.00e+00	0.00e+00
 1.51009e+14	1.54e-17	4.03e-09	1.80e-03	8.57e-01	1.41e-01	2.16e-06	0.00e+00	0.00e+00	0.00e+00	0.00e+00	0.00e+00	0.00e+00
 1.56271e+14	1.91e-17	4.66e-09	1.95e-03	8.65e-01	1.33e-01	1.90e-06	0.00e+00	0.00e+00	0.00e+00	0.00e+00	0.00e+00	0.00e+00
 1.62077e+14	2.40e-17	5.43e-09	2.11e-03	8.73e-01	1.24e-01	1.66e-06	0.00e+00	0.00e+00	0.00e+00	1.36e-17	7.45e-18	2.96e-18
 1.68590e+14	3.06e-17	6.42e-09	2.31e-03	8.82e-01	1.16e-01	1.43e-06	0.00e+00	0.00e+00	0.00e+00	1.70e-17	1.01e-17	3.38e-18
 1.75010e+14	3.85e-17	7.51e-09	2.51e-03	8.89e-01	1.09e-01	1.24e-06	0.00e+00	0.00e+00	0.00e+00	2.15e-17	1.28e-17	4.26e-18
 1.81187e+14	4.78e-17	8.69e-09	2.71e-03	8.95e-01	1.02e-01	1.08e-06	0.00e+00	0.00e+00	0.00e+00	2.66e-17	1.59e-17	5.28e-18
 1.87964e+14	5.99e-17	1.01e-08	2.94e-03	9.02e-01	9.54e-02	9.42e-07	0.00e+00	0.00e+00	0.00e+00	3.34e-17	1.99e-17	6.62e-18
 1.95512e+14	7.64e-17	1.19e-08	3.20e-03	9.08e-01	8.87e-02	0.00e+00	0.00e+00	0.00e+00	0.00e+00	4.26e-17	2.54e-17	8.44e-18
 2.02999e+14	9.63e-17	1.40e-08	3.47e-03	9.14e-01	8.27e-02	0.00e+00	0.00e+00	0.00e+00	0.00e+00	5.37e-17	3.20e-17	1.06e-17
 2.10786e+14	1.21e-16	1.63e-08	3.77e-03	9.19e-01	7.71e-02	0.00e+00	0.00e+00	0.00e+00	0.00e+00	6.77e-17	4.03e-17	1.34e-17
 2.19248e+14	1.55e-16	1.92e-08	4.10e-03	9.24e-01	7.16e-02	0.00e+00	0.00e+00	0.00e+00	0.00e+00	8.63e-17	5.14e-17	1.71e-17
 2.27699e+14	1.95e-16	2.25e-08	4.45e-03	9.29e-01	6.66e-02	0.00e+00	0.00e+00	0.00e+00	0.00e+00	1.09e-16	6.48e-17	2.16e-17
 2.36488e+14	2.47e-16	2.64e-08	4.82e-03	9.33e-01	6.20e-02	0.00e+00	0.00e+00	0.00e+00	0.00e+00	1.38e-16	8.19e-17	2.73e-17
 2.45978e+14	3.14e-16	3.10e-08	5.25e-03	9.37e-01	5.74e-02	0.00e+00	0.00e+00	0.00e+00	0.00e+00	1.75e-16	1.04e-16	3.47e-17
 2.55539e+14	3.97e-16	3.63e-08	5.69e-03	9.41e-01	5.34e-02	0.00e+00	0.00e+00	0.00e+00	0.00e+00	2.22e-16	1.32e-16	4.39e-17
 2.65483e+14	5.02e-16	4.25e-08	6.17e-03	9.44e-01	4.95e-02	0.00e+00	0.00e+00	0.00e+00	0.00e+00	2.80e-16	1.67e-16	5.55e-17
 2.76132e+14	6.40e-16	5.00e-08	6.70e-03	9.47e-01	4.58e-02	0.00e+00	0.00e+00	0.00e+00	0.00e+00	3.57e-16	2.12e-16	7.07e-17
 2.86969e+14	8.10e-16	5.87e-08	7.27e-03	9.50e-01	4.25e-02	0.00e+00	0.00e+00	0.00e+00	0.00e+00	4.52e-16	2.69e-16	8.95e-17
 2.98239e+14	1.03e-15	6.88e-08	7.88e-03	9.53e-01	3.93e-02	0.00e+00	0.00e+00	0.00e+00	0.00e+00	5.73e-16	3.41e-16	1.13e-16
 3.10198e+14	1.31e-15	8.09e-08	8.56e-03	9.55e-01	3.64e-02	0.00e+00	0.00e+00	0.00e+00	0.00e+00	7.29e-16	4.34e-16	1.44e-16
 3.22636e+14	1.66e-15	9.51e-08	9.30e-03	9.57e-01	3.36e-02	0.00e+00	0.00e+00	0.00e+00	0.00e+00	9.28e-16	5.53e-16	1.84e-16
 3.35571e+14	2.12e-15	1.12e-07	1.01e-02	9.59e-01	3.10e-02	0.00e+00	0.00e+00	0.00e+00	0.00e+00	1.18e-15	7.03e-16	2.34e-16
 3.49024e+14	2.70e-15	1.31e-07	1.10e-02	9.60e-01	2.87e-02	0.00e+00	0.00e+00	0.00e+00	0.00e+00	1.51e-15	8.96e-16	2.98e-16
 3.63015e+14	3.43e-15	1.54e-07	1.19e-02	9.62e-01	2.65e-02	0.00e+00	0.00e+00	0.00e+00	0.00e+00	1.91e-15	1.14e-15	3.79e-16
 3.77565e+14	4.37e-15	1.82e-07	1.29e-02	9.63e-01	2.44e-02	0.00e+00	0.00e+00	0.00e+00	0.00e+00	2.44e-15	1.45e-15	4.83e-16
 3.92698e+14	5.57e-15	2.13e-07	1.40e-02	9.63e-01	2.25e-02	0.00e+00	0.00e+00	0.00e+00	0.00e+00	3.10e-15	1.85e-15	6.15e-16
 4.08436e+14	7.09e-15	2.51e-07	1.52e-02	9.64e-01	2.07e-02	0.00e+00	0.00e+00	0.00e+00	0.00e+00	3.95e-15	2.35e-15	7.83e-16
 4.24803e+14	9.02e-15	2.95e-07	1.65e-02	9.64e-01	1.91e-02	0.00e+00	0.00e+00	0.00e+00	0.00e+00	5.03e-15	2.99e-15	9.97e-16
 4.41825e+14	1.15e-14	3.47e-07	1.79e-02	9.65e-01	1.76e-02	0.00e+00	0.00e+00	0.00e+00	0.00e+00	6.41e-15	3.81e-15	1.27e-15
 4.59528e+14	1.46e-14	4.08e-07	1.94e-02	9.64e-01	1.62e-02	0.00e+00	0.00e+00	0.00e+00	0.00e+00	8.16e-15	4.86e-15	1.62e-15
 4.77939e+14	1.86e-14	4.79e-07	2.11e-02	9.64e-01	1.49e-02	0.00e+00	0.00e+00	0.00e+00	0.00e+00	1.04e-14	6.18e-15	2.06e-15
 4.97087e+14	2.37e-14	5.63e-07	2.29e-02	9.63e-01	1.37e-02	0.00e+00	0.00e+00	0.00e+00	0.00e+00	1.32e-14	7.87e-15	2.62e-15
 5.17000e+14	3.03e-14	6.62e-07	2.48e-02	9.63e-01	1.26e-02	0.00e+00	0.00e+00	0.00e+00	0.00e+00	1.69e-14	1.00e-14	3.34e-15
 5.37710e+14	3.85e-14	7.79e-07	2.70e-02	9.61e-01	1.16e-02	0.00e+00	0.00e+00	0.00e+00	0.00e+00	2.15e-14	1.28e-14	4.26e-15
 5.59248e+14	4.91e-14	9.16e-07	2.93e-02	9.60e-01	1.06e-02	0.00e+00	0.00e+00	0.00e+00	0.00e+00	2.74e-14	1.63e-14	5.43e-15
 5.81648e+14	6.26e-14	1.08e-06	3.18e-02	9.59e-01	9.73e-03	0.00e+00	0.00e+00	0.00e+00	0.00e+00	3.49e-14	2.08e-14	6.91e-15
 6.04944e+14	7.99e-14	1.27e-06	3.45e-02	9.57e-01	8.92e-03	0.00e+00	0.00e+00	0.00e+00	0.00e+00	4.46e-14	2.65e-14	8.83e-15
 6.29172e+14	1.02e-13	1.49e-06	3.75e-02	9.54e-01	8.17e-03	0.00e+00	0.00e+00	0.00e+00	0.00e+00	5.68e-14	3.38e-14	1.13e-14
 6.54369e+14	1.30e-13	1.76e-06	4.07e-02	9.52e-01	7.48e-03	0.00e+00	0.00e+00	0.00e+00	0.00e+00	7.26e-14	4.31e-14	1.44e-14
 6.80573e+14	1.66e-13	2.07e-06	4.43e-02	9.49e-01	6.84e-03	0.00e+00	0.00e+00	0.00e+00	0.00e+00	9.27e-14	5.51e-14	1.84e-14
 7.07826e+14	2.12e-13	2.44e-06	4.81e-02	9.46e-01	6.25e-03	0.00e+00	0.00e+00	0.00e+00	0.00e+00	1.18e-13	7.04e-14	2.35e-14
 7.36169e+14	2.72e-13	2.88e-06	5.24e-02	9.42e-01	5.70e-03	0.00e+00	0.00e+00	0.00e+00	0.00e+00	1.52e-13	9.00e-14	3.00e-14
 7.65646e+14	3.48e-13	3.40e-06	5.70e-02	9.38e-01	5.19e-03	0.00e+00	0.00e+00	0.00e+00	0.00e+00	1.94e-13	1.15e-13	3.84e-14
 7.96302e+14	4.45e-13	4.02e-06	6.21e-02	9.33e-01	4.73e-03	0.00e+00	0.00e+00	0.00e+00	0.00e+00	2.48e-13	1.47e-13	4.92e-14
 8.28184e+14	5.71e-13	4.75e-06	6.77e-02	9.28e-01	4.30e-03	0.00e+00	0.00e+00	0.00e+00	0.00e+00	3.19e-13	1.89e-13	6.31e-14
 8.61341e+14	7.32e-13	5.62e-06	7.39e-02	9.22e-01	3.90e-03	0.00e+00	0.00e+00	0.00e+00	0.00e+00	4.09e-13	2.42e-13	8.09e-14
 8.95824e+14	9.41e-13	6.65e-06	8.07e-02	9.16e-01	3.53e-03	0.00e+00	0.00e+00	0.00e+00	0.00e+00	5.26e-13	3.12e-13	1.04e-13
 9.31687e+14	1.21e-12	7.89e-06	8.83e-02	9.09e-01	3.19e-03	0.00e+00	0.00e+00	0.00e+00	0.00e+00	6.76e-13	4.01e-13	1.34e-13
 9.68985e+14	1.56e-12	9.37e-06	9.67e-02	9.00e-01	2.88e-03	0.00e+00	0.00e+00	0.00e+00	0.00e+00	8.72e-13	5.16e-13	1.72e-13
 1.00777e+15	2.02e-12	1.12e-05	1.06e-01	8.91e-01	2.59e-03	0.00e+00	0.00e+00	0.00e+00	0.00e+00	1.13e-12	6.67e-13	2.23e-13
 1.04812e+15	2.61e-12	1.33e-05	1.17e-01	8.81e-01	2.32e-03	0.00e+00	0.00e+00	0.00e+00	0.00e+00	1.46e-12	8.63e-13	2.88e-13
 1.09007e+15	3.39e-12	1.59e-05	1.28e-01	8.70e-01	2.07e-03	0.00e+00	0.00e+00	0.00e+00	0.00e+00	1.89e-12	1.12e-12	3.74e-13
 1.13370e+15	4.41e-12	1.90e-05	1.42e-01	8.57e-01	1.84e-03	0.00e+00	0.00e+00	0.00e+00	0.00e+00	2.47e-12	1.46e-12	4.87e-13
 1.17908e+15	5.76e-12	2.29e-05	1.57e-01	8.42e-01	1.63e-03	0.00e+00	0.00e+00	0.00e+00	0.00e+00	3.22e-12	1.90e-12	6.36e-13
 1.22627e+15	7.54e-12	2.76e-05	1.74e-01	8.25e-01	1.43e-03	0.00e+00	0.00e+00	0.00e+00	0.00e+00	4.22e-12	2.48e-12	8.32e-13
 1.27535e+15	9.93e-12	3.34e-05	1.94e-01	8.05e-01	1.25e-03	0.00e+00	0.00e+00	0.00e+00	0.00e+00	5.56e-12	3.27e-12	1.09e-12
 1.32640e+15	1.32e-11	4.06e-05	2.17e-01	7.82e-01	1.08e-03	0.00e+00	0.00e+00	0.00e+00	0.00e+00	7.37e-12	4.33e-12	1.45e-12
 1.37948e+15	1.75e-11	4.97e-05	2.44e-01	7.55e-01	9.26e-04	0.00e+00	0.00e+00	0.00e+00	0.00e+00	9.83e-12	5.76e-12	1.93e-12
 1.43469e+15	2.35e-11	6.12e-05	2.76e-01	7.24e-01	7.81e-04	0.00e+00	0.00e+00	0.00e+00	0.00e+00	1.32e-11	7.73e-12	2.59e-12
 1.49211e+15	3.18e-11	7.58e-05	3.14e-01	6.86e-01	6.47e-04	0.00e+00	0.00e+00	0.00e+00	0.00e+00	1.79e-11	1.04e-11	3.50e-12
 1.54827e+15	4.26e-11	9.35e-05	3.56e-01	6.43e-01	5.30e-04	0.00e+00	0.00e+00	0.00e+00	0.00e+00	2.39e-11	1.40e-11	4.69e-12
 1.59902e+15	5.54e-11	1.13e-04	4.00e-01	5.99e-01	4.34e-04	0.00e+00	0.00e+00	0.00e+00	0.00e+00	3.11e-11	1.81e-11	6.09e-12
 1.64485e+15	7.01e-11	1.34e-04	4.46e-01	5.54e-01	3.56e-04	0.00e+00	0.00e+00	0.00e+00	0.00e+00	3.94e-11	2.29e-11	7.71e-12
 1.68779e+15	8.73e-11	1.57e-04	4.93e-01	5.06e-01	2.89e-04	0.00e+00	0.00e+00	0.00e+00	0.00e+00	4.91e-11	2.85e-11	9.59e-12
 1.72886e+15	1.07e-10	1.83e-04	5.43e-01	4.57e-01	2.31e-04	0.00e+00	0.00e+00	0.00e+00	0.00e+00	6.05e-11	3.50e-11	1.18e-11
 1.76799e+15	1.30e-10	2.12e-04	5.95e-01	4.05e-01	1.81e-04	0.00e+00	0.00e+00	0.00e+00	0.00e+00	7.35e-11	4.25e-11	1.43e-11
 1.80502e+15	1.56e-10	2.42e-04	6.47e-01	3.53e-01	1.39e-04	0.00e+00	0.00e+00	0.00e+00	0.00e+00	8.80e-11	5.09e-11	1.71e-11
 1.84039e+15	1.84e-10	2.73e-04	6.99e-01	3.01e-01	1.04e-04	0.00e+00	0.00e+00	0.00e+00	0.00e+00	1.04e-10	6.00e-11	2.02e-11
 1.87497e+15	2.15e-10	3.06e-04	7.50e-01	2.50e-01	7.54e-05	0.00e+00	0.00e+00	0.00e+00	0.00e+00	1.21e-10	7.00e-11	2.36e-11
 1.91454e+15	2.54e-10	3.45e-04	8.06e-01	1.93e-01	4.91e-05	0.00e+00	0.00e+00	0.00e+00	0.00e+00	1.44e-10	8.26e-11	2.79e-11
 1.95762e+15	2.99e-10	3.87e-04	8.61e-01	1.39e-01	2.88e-05	0.00e+00	0.00e+00	0.00e+00	0.00e+00	1.69e-10	9.72e-11	3.28e-11
 1.99826e+15	3.44e-10	4.25e-04	9.03e-01	9.64e-02	1.61e-05	0.00e+00	0.00e+00	0.00e+00	0.00e+00	1.94e-10	1.11e-10	3.76e-11
 2.04406e+15	3.93e-10	4.64e-04	9.39e-01	6.08e-02	7.83e-06	0.00e+00	0.00e+00	0.00e+00	0.00e+00	2.23e-10	1.27e-10	4.30e-11
 2.10361e+15	4.58e-10	5.08e-04	9.67e-01	3.25e-02	2.91e-06	0.00e+00	0.00e+00	0.00e+00	0.00e+00	2.59e-10	1.48e-10	5.00e-11
 2.18002e+15	5.40e-10	5.56e-04	9.84e-01	1.50e-02	8.35e-07	0.00e+00	0.00e+00	0.00e+00	0.00e+00	3.07e-10	1.74e-10	5.90e-11
 2.26725e+15	6.40e-10	6.07e-04	9.92e-01	7.39e-03	0.00e+00	0.00e+00	0.00e+00	0.00e+00	0.00e+00	3.64e-10	2.06e-10	6.98e-11
 2.35797e+15	7.53e-10	6.59e-04	9.95e-01	4.55e-03	0.00e+00	0.00e+00	0.00e+00	0.00e+00	0.00e+00	4.28e-10	2.42e-10	8.20e-11
 2.45232e+15	8.83e-10	7.14e-04	9.96e-01	3.40e-03	0.00e+00	0.00e+00	0.00e+00	0.00e+00	0.00e+00	5.04e-10	2.83e-10	9.61e-11
 2.55045e+15	1.04e-09	7.73e-04	9.96e-01	2.84e-03	0.00e+00	0.00e+00	0.00e+00	0.00e+00	0.00e+00	5.92e-10	3.31e-10	1.13e-10
 2.65249e+15	1.21e-09	8.36e-04	9.97e-01	2.51e-03	0.00e+00	0.00e+00	0.00e+00	0.00e+00	0.00e+00	6.94e-10	3.86e-10	1.32e-10
 2.75862e+15	1.42e-09	9.04e-04	9.97e-01	2.27e-03	0.00e+00	0.00e+00	0.00e+00	0.00e+00	0.00e+00	8.14e-10	4.51e-10	1.54e-10
 2.86900e+15	1.66e-09	9.78e-04	9.97e-01	2.07e-03	0.00e+00	0.00e+00	0.00e+00	0.00e+00	0.00e+00	9.55e-10	5.27e-10	1.80e-10
 2.98379e+15	1.95e-09	1.06e-03	9.97e-01	1.90e-03	0.00e+00	0.00e+00	0.00e+00	0.00e+00	0.00e+00	1.12e-09	6.16e-10	2.11e-10
 3.10317e+15	2.28e-09	1.14e-03	9.97e-01	1.73e-03	0.00e+00	0.00e+00	0.00e+00	0.00e+00	0.00e+00	1.31e-09	7.19e-10	2.47e-10
 3.22733e+15	2.68e-09	1.24e-03	9.97e-01	1.59e-03	0.00e+00	0.00e+00	0.00e+00	0.00e+00	0.00e+00	1.54e-09	8.42e-10	2.89e-10
 3.35645e+15	3.14e-09	1.34e-03	9.97e-01	1.46e-03	0.00e+00	0.00e+00	0.00e+00	0.00e+00	0.00e+00	1.81e-09	9.84e-10	3.38e-10
 3.49074e+15	3.68e-09	1.45e-03	9.97e-01	1.34e-03	0.00e+00	0.00e+00	0.00e+00	0.00e+00	0.00e+00	2.12e-09	1.15e-09	3.96e-10
 3.63040e+15	4.31e-09	1.57e-03	9.97e-01	1.23e-03	0.00e+00	0.00e+00	0.00e+00	0.00e+00	0.00e+00	2.49e-09	1.35e-09	4.64e-10
 3.77564e+15	5.06e-09	1.69e-03	9.97e-01	1.12e-03	0.00e+00	0.00e+00	0.00e+00	0.00e+00	0.00e+00	2.93e-09	1.58e-09	5.44e-10
 3.92670e+15	5.93e-09	1.83e-03	9.97e-01	1.03e-03	0.00e+00	0.00e+00	0.00e+00	0.00e+00	0.00e+00	3.43e-09	1.85e-09	6.38e-10
 4.08380e+15	6.96e-09	1.98e-03	9.97e-01	9.43e-04	0.00e+00	0.00e+00	0.00e+00	0.00e+00	0.00e+00	4.03e-09	2.17e-09	7.49e-10
 4.24718e+15	8.17e-09	2.15e-03	9.97e-01	8.61e-04	0.00e+00	0.00e+00	0.00e+00	0.00e+00	0.00e+00	4.73e-09	2.54e-09	8.78e-10
 4.41709e+15	9.59e-09	2.32e-03	9.97e-01	7.87e-04	0.00e+00	0.00e+00	0.00e+00	0.00e+00	0.00e+00	5.56e-09	2.99e-09	1.03e-09
 4.59381e+15	1.13e-08	2.51e-03	9.97e-01	7.18e-04	0.00e+00	0.00e+00	0.00e+00	0.00e+00	0.00e+00	6.54e-09	3.51e-09	1.21e-09
 4.77759e+15	1.32e-08	2.72e-03	9.97e-01	6.57e-04	0.00e+00	0.00e+00	0.00e+00	0.00e+00	0.00e+00	7.69e-09	4.12e-09	1.42e-09
 4.96872e+15	1.56e-08	2.95e-03	9.96e-01	5.98e-04	0.00e+00	0.00e+00	0.00e+00	0.00e+00	0.00e+00	9.04e-09	4.84e-09	1.67e-09
 5.16750e+15	1.83e-08	3.19e-03	9.96e-01	5.45e-04	0.00e+00	0.00e+00	0.00e+00	0.00e+00	0.00e+00	1.06e-08	5.69e-09	1.97e-09
 5.37423e+15	2.16e-08	3.46e-03	9.96e-01	4.96e-04	0.00e+00	0.00e+00	0.00e+00	0.00e+00	0.00e+00	1.25e-08	6.69e-09	2.32e-09
 5.58923e+15	2.54e-08	3.75e-03	9.96e-01	4.51e-04	0.00e+00	0.00e+00	0.00e+00	0.00e+00	0.00e+00	1.48e-08	7.89e-09	2.73e-09
 5.81283e+15	2.99e-08	4.06e-03	9.96e-01	4.10e-04	0.00e+00	0.00e+00	0.00e+00	0.00e+00	0.00e+00	1.74e-08	9.28e-09	3.21e-09
 6.04537e+15	3.53e-08	4.40e-03	9.95e-01	3.73e-04	0.00e+00	0.00e+00	0.00e+00	0.00e+00	0.00e+00	2.05e-08	1.09e-08	3.79e-09
 6.28722e+15	4.17e-08	4.77e-03	9.95e-01	3.38e-04	0.00e+00	0.00e+00	0.00e+00	0.00e+00	0.00e+00	2.42e-08	1.29e-08	4.47e-09
 6.53874e+15	4.92e-08	5.18e-03	9.95e-01	3.06e-04	0.00e+00	0.00e+00	0.00e+00	0.00e+00	0.00e+00	2.86e-08	1.53e-08	5.28e-09
 6.80032e+15	5.82e-08	5.62e-03	9.94e-01	2.76e-04	0.00e+00	0.00e+00	0.00e+00	0.00e+00	0.00e+00	3.38e-08	1.80e-08	6.24e-09
 7.07236e+15	6.89e-08	6.10e-03	9.94e-01	2.50e-04	0.00e+00	0.00e+00	0.00e+00	0.00e+00	0.00e+00	4.00e-08	2.13e-08	7.38e-09
 7.35528e+15	8.14e-08	6.62e-03	9.93e-01	2.25e-04	0.00e+00	0.00e+00	0.00e+00	0.00e+00	0.00e+00	4.73e-08	2.52e-08	8.73e-09
 7.64953e+15	9.66e-08	7.19e-03	9.93e-01	2.03e-04	0.00e+00	0.00e+00	0.00e+00	0.00e+00	0.00e+00	5.62e-08	2.99e-08	1.03e-08
 7.95554e+15	1.15e-07	7.81e-03	9.92e-01	1.83e-04	0.00e+00	0.00e+00	0.00e+00	0.00e+00	0.00e+00	6.66e-08	3.55e-08	1.23e-08
 8.27379e+15	1.36e-07	8.49e-03	9.91e-01	1.64e-04	0.00e+00	0.00e+00	0.00e+00	0.00e+00	0.00e+00	7.92e-08	4.22e-08	1.46e-08
 8.60477e+15	1.62e-07	9.23e-03	9.91e-01	1.47e-04	0.00e+00	0.00e+00	0.00e+00	0.00e+00	0.00e+00	9.41e-08	5.01e-08	1.73e-08
 8.94899e+15	1.93e-07	1.00e-02	9.90e-01	1.32e-04	0.00e+00	0.00e+00	0.00e+00	0.00e+00	0.00e+00	1.12e-07	5.98e-08	2.07e-08
 9.30698e+15	2.30e-07	1.09e-02	9.89e-01	1.17e-04	0.00e+00	0.00e+00	0.00e+00	0.00e+00	0.00e+00	1.34e-07	7.12e-08	2.46e-08
 9.67929e+15	2.74e-07	1.19e-02	9.88e-01	1.05e-04	0.00e+00	0.00e+00	0.00e+00	0.00e+00	0.00e+00	1.59e-07	8.50e-08	2.94e-08
 1.00665e+16	3.28e-07	1.30e-02	9.87e-01	9.35e-05	0.00e+00	0.00e+00	0.00e+00	0.00e+00	0.00e+00	1.91e-07	1.02e-07	3.51e-08
 1.04692e+16	3.95e-07	1.42e-02	9.86e-01	8.30e-05	0.00e+00	0.00e+00	0.00e+00	0.00e+00	0.00e+00	2.29e-07	1.23e-07	4.23e-08
 1.08880e+16	4.74e-07	1.55e-02	9.84e-01	7.37e-05	0.00e+00	0.00e+00	0.00e+00	0.00e+00	0.00e+00	2.75e-07	1.47e-07	5.08e-08
 1.13235e+16	5.71e-07	1.69e-02	9.83e-01	6.50e-05	0.00e+00	0.00e+00	0.00e+00	0.00e+00	0.00e+00	3.32e-07	1.78e-07	6.12e-08
 1.17765e+16	6.90e-07	1.85e-02	9.81e-01	5.77e-05	0.00e+00	0.00e+00	0.00e+00	0.00e+00	0.00e+00	4.00e-07	2.15e-07	7.38e-08
 1.22476e+16	8.34e-07	2.03e-02	9.80e-01	5.04e-05	0.00e+00	0.00e+00	0.00e+00	0.00e+00	0.00e+00	4.84e-07	2.60e-07	8.93e-08
 1.27375e+16	1.01e-06	2.23e-02	9.78e-01	4.42e-05	0.00e+00	0.00e+00	0.00e+00	0.00e+00	0.00e+00	5.87e-07	3.16e-07	1.08e-07
 1.32471e+16	1.24e-06	2.45e-02	9.75e-01	3.85e-05	0.00e+00	0.00e+00	0.00e+00	0.00e+00	0.00e+00	7.18e-07	3.87e-07	1.33e-07
 1.37770e+16	1.51e-06	2.69e-02	9.73e-01	3.35e-05	0.00e+00	0.00e+00	0.00e+00	0.00e+00	0.00e+00	8.76e-07	4.73e-07	1.62e-07
 1.43281e+16	1.87e-06	2.98e-02	9.70e-01	2.91e-05	0.00e+00	0.00e+00	0.00e+00	0.00e+00	0.00e+00	1.08e-06	5.85e-07	2.00e-07
 1.49012e+16	2.31e-06	3.29e-02	9.67e-01	2.54e-05	0.00e+00	0.00e+00	0.00e+00	0.00e+00	0.00e+00	1.34e-06	7.24e-07	2.47e-07
 1.54973e+16	2.87e-06	3.64e-02	9.64e-01	2.17e-05	0.00e+00	0.00e+00	0.00e+00	0.00e+00	0.00e+00	1.66e-06	9.02e-07	3.07e-07
 1.61172e+16	3.61e-06	4.05e-02	9.59e-01	1.86e-05	0.00e+00	0.00e+00	0.00e+00	0.00e+00	0.00e+00	2.08e-06	1.13e-06	3.86e-07
 1.67619e+16	4.57e-06	4.53e-02	9.55e-01	1.58e-05	0.00e+00	0.00e+00	0.00e+00	0.00e+00	0.00e+00	2.64e-06	1.44e-06	4.89e-07
 1.73744e+16	5.71e-06	5.03e-02	9.50e-01	1.36e-05	0.00e+00	0.00e+00	0.00e+00	0.00e+00	0.00e+00	3.29e-06	1.80e-06	6.11e-07
 1.79199e+16	6.98e-06	5.52e-02	9.45e-01	1.18e-05	0.00e+00	0.00e+00	0.00e+00	0.00e+00	0.00e+00	4.03e-06	2.20e-06	7.47e-07
 1.85220e+16	8.77e-06	6.13e-02	9.39e-01	1.02e-05	0.00e+00	0.00e+00	0.00e+00	0.00e+00	0.00e+00	5.06e-06	2.76e-06	9.39e-07
 1.91793e+16	1.13e-05	6.88e-02	9.31e-01	8.70e-06	0.00e+00	0.00e+00	0.00e+00	0.00e+00	0.00e+00	6.51e-06	3.55e-06	1.21e-06
 1.97637e+16	1.42e-05	7.64e-02	9.24e-01	7.48e-06	0.00e+00	0.00e+00	0.00e+00	0.00e+00	0.00e+00	8.18e-06	4.45e-06	1.52e-06
 2.02850e+16	1.75e-05	8.41e-02	9.16e-01	6.55e-06	0.00e+00	0.00e+00	0.00e+00	0.00e+00	0.00e+00	1.01e-05	5.51e-06	1.88e-06
 2.08690e+16	2.25e-05	9.42e-02	9.06e-01	5.65e-06	0.00e+00	0.00e+00	0.00e+00	0.00e+00	0.00e+00	1.30e-05	7.07e-06	2.42e-06
 2.14813e+16	2.95e-05	1.06e-01	8.94e-01	4.77e-06	0.00e+00	0.00e+00	0.00e+00	0.00e+00	0.00e+00	1.71e-05	9.26e-06	3.18e-06
 2.19858e+16	3.74e-05	1.18e-01	8.82e-01	4.15e-06	0.00e+00	0.00e+00	0.00e+00	0.00e+00	0.00e+00	2.16e-05	1.17e-05	4.03e-06
 2.24138e+16	4.62e-05	1.30e-01	8.70e-01	3.68e-06	0.00e+00	0.00e+00	0.00e+00	0.00e+00	0.00e+00	2.67e-05	1.45e-05	4.99e-06
 2.27932e+16	5.63e-05	1.42e-01	8.58e-01	3.27e-06	0.00e+00	0.00e+00	0.00e+00	0.00e+00	0.00e+00	3.25e-05	1.76e-05	6.08e-06
 2.31261e+16	6.76e-05	1.54e-01	8.46e-01	2.95e-06	0.00e+00	0.00e+00	0.00e+00	0.00e+00	0.00e+00	3.90e-05	2.11e-05	7.30e-06
 2.34439e+16	8.12e-05	1.67e-01	8.33e-01	2.66e-06	0.00e+00	0.00e+00	0.00e+00	0.00e+00	0.00e+00	4.69e-05	2.53e-05	8.77e-06
 2.37595e+16	9.85e-05	1.81e-01	8.19e-01	2.38e-06	0.00e+00	0.00e+00	0.00e+00	0.00e+00	0.00e+00	5.69e-05	3.07e-05	1.06e-05
 2.40641e+16	1.20e-04	1.98e-01	8.02e-01	2.13e-06	0.00e+00	0.00e+00	0.00e+00	0.00e+00	0.00e+00	6.93e-05	3.74e-05	1.30e-05
 2.43369e+16	1.44e-04	2.14e-01	7.86e-01	1.92e-06	0.00e+00	0.00e+00	0.00e+00	0.00e+00	0.00e+00	8.36e-05	4.50e-05	1.56e-05
 2.45744e+16	1.72e-04	2.31e-01	7.69e-01	1.74e-06	0.00e+00	0.00e+00	0.00e+00	0.00e+00	0.00e+00	9.93e-05	5.34e-05	1.85e-05
 2.47946e+16	2.03e-04	2.49e-01	7.51e-01	1.57e-06	0.00e+00	0.00e+00	0.00e+00	0.00e+00	0.00e+00	1.18e-04	6.32e-05	2.20e-05
 2.50081e+16	2.42e-04	2.68e-01	7.32e-01	1.42e-06	0.00e+00	0.00e+00	0.00e+00	0.00e+00	0.00e+00	1.40e-04	7.51e-05	2.61e-05
 2.52126e+16	2.88e-04	2.89e-01	7.10e-01	1.27e-06	0.00e+00	0.00e+00	0.00e+00	0.00e+00	0.00e+00	1.66e-04	8.94e-05	3.11e-05
 2.54034e+16	3.42e-04	3.12e-01	6.88e-01	1.14e-06	0.00e+00	0.00e+00	0.00e+00	0.00e+00	0.00e+00	1.98e-04	1.06e-04	3.69e-05
 2.55806e+16	4.04e-04	3.35e-01	6.64e-01	1.02e-06	0.00e+00	0.00e+00	0.00e+00	0.00e+00	0.00e+00	2.34e-04	1.26e-04	4.36e-05
 2.57466e+16	4.78e-04	3.60e-01	6.39e-01	9.10e-07	0.00e+00	0.00e+00	0.00e+00	0.00e+00	0.00e+00	2.77e-04	1.48e-04	5.15e-05
 2.59033e+16	5.64e-04	3.87e-01	6.13e-01	0.00e+00	0.00e+00	0.00e+00	0.00e+00	0.00e+00	0.00e+00	3.27e-04	1.75e-04	6.08e-05
 2.60514e+16	6.65e-04	4.15e-01	5.84e-01	0.00e+00	0.00e+00	0.00e+00	0.00e+00	0.00e+00	0.00e+00	3.85e-04	2.06e-04	7.16e-05
 2.61911e+16	7.83e-04	4.45e-01	5.55e-01	0.00e+00	0.00e+00	0.00e+00	0.00e+00	0.00e+00	0.00e+00	4.54e-04	2.43e-04	8.43e-05
 2.63227e+16	9.21e-04	4.76e-01	5.23e-01	0.00e+00	0.00e+00	0.00e+00	0.00e+00	0.00e+00	0.00e+00	5.34e-04	2.85e-04	9.90e-05
 2.64470e+16	1.08e-03	5.08e-01	4.90e-01	0.00e+00	0.00e+00	0.00e+00	0.00e+00	0.00e+00	0.00e+00	6.28e-04	3.35e-04	1.16e-04
 2.65647e+16	1.27e-03	5.42e-01	4.56e-01	0.00e+00	0.00e+00	0.00e+00	0.00e+00	0.00e+00	0.00e+00	7.36e-04	3.92e-04	1.36e-04
 2.66761e+16	1.49e-03	5.78e-01	4.21e-01	0.00e+00	0.00e+00	0.00e+00	0.00e+00	0.00e+00	0.00e+00	8.63e-04	4.60e-04	1.59e-04
 2.67818e+16	1.74e-03	6.14e-01	3.84e-01	0.00e+00	0.00e+00	0.00e+00	0.00e+00	0.00e+00	0.00e+00	1.01e-03	5.37e-04	1.86e-04
 2.68819e+16	2.03e-03	6.51e-01	3.47e-01	0.00e+00	0.00e+00	0.00e+00	0.00e+00	0.00e+00	0.00e+00	1.18e-03	6.28e-04	2.17e-04
 2.69766e+16	2.37e-03	6.89e-01	3.09e-01	0.00e+00	0.00e+00	0.00e+00	0.00e+00	0.00e+00	0.00e+00	1.38e-03	7.32e-04	2.52e-04
 2.70666e+16	2.76e-03	7.26e-01	2.71e-01	0.00e+00	0.00e+00	0.00e+00	0.00e+00	0.00e+00	0.00e+00	1.60e-03	8.52e-04	2.94e-04
 2.71522e+16	3.21e-03	7.64e-01	2.33e-01	0.00e+00	0.00e+00	0.00e+00	0.00e+00	0.00e+00	0.00e+00	1.87e-03	9.92e-04	3.41e-04
 2.72318e+16	3.72e-03	8.00e-01	1.97e-01	0.00e+00	0.00e+00	0.00e+00	0.00e+00	0.00e+00	0.00e+00	2.16e-03	1.15e-03	3.95e-04
 2.73045e+16	4.28e-03	8.33e-01	1.63e-01	0.00e+00	0.00e+00	0.00e+00	0.00e+00	0.00e+00	0.00e+00	2.49e-03	1.32e-03	4.54e-04
 2.73620e+16	4.80e-03	8.60e-01	1.36e-01	0.00e+00	0.00e+00	0.00e+00	0.00e+00	0.00e+00	0.00e+00	2.79e-03	1.48e-03	5.08e-04
 2.74017e+16	5.21e-03	8.78e-01	1.17e-01	0.00e+00	0.00e+00	0.00e+00	0.00e+00	0.00e+00	0.00e+00	3.03e-03	1.61e-03	5.51e-04
 2.74342e+16	5.58e-03	8.93e-01	1.02e-01	0.00e+00	0.00e+00	0.00e+00	0.00e+00	0.00e+00	0.00e+00	3.25e-03	1.72e-03	5.90e-04
 2.74703e+16	6.05e-03	9.09e-01	8.49e-02	0.00e+00	0.00e+00	0.00e+00	0.00e+00	0.00e+00	0.00e+00	3.52e-03	1.87e-03	6.39e-04
 2.75067e+16	6.54e-03	9.25e-01	6.86e-02	0.00e+00	0.00e+00	0.00e+00	0.00e+00	0.00e+00	0.00e+00	3.81e-03	2.02e-03	6.91e-04
 2.75337e+16	6.95e-03	9.36e-01	5.67e-02	0.00e+00	0.00e+00	0.00e+00	0.00e+00	0.00e+00	0.00e+00	4.05e-03	2.15e-03	7.34e-04
 2.75534e+16	7.27e-03	9.45e-01	4.82e-02	0.00e+00	0.00e+00	0.00e+00	0.00e+00	0.00e+00	0.00e+00	4.23e-03	2.25e-03	7.67e-04
 2.75736e+16	7.63e-03	9.53e-01	3.99e-02	0.00e+00	0.00e+00	0.00e+00	0.00e+00	0.00e+00	0.00e+00	4.44e-03	2.36e-03	8.05e-04
 2.75949e+16	8.01e-03	9.60e-01	3.16e-02	0.00e+00	0.00e+00	0.00e+00	0.00e+00	0.00e+00	0.00e+00	4.66e-03	2.47e-03	8.45e-04
 2.76122e+16	8.33e-03	9.66e-01	2.52e-02	0.00e+00	0.00e+00	0.00e+00	0.00e+00	0.00e+00	0.00e+00	4.85e-03	2.57e-03	8.79e-04
 2.76257e+16	8.59e-03	9.71e-01	2.06e-02	0.00e+00	0.00e+00	0.00e+00	0.00e+00	0.00e+00	0.00e+00	5.00e-03	2.65e-03	9.06e-04
 2.76378e+16	8.83e-03	9.74e-01	1.68e-02	0.00e+00	0.00e+00	0.00e+00	0.00e+00	0.00e+00	0.00e+00	5.14e-03	2.73e-03	9.32e-04
 2.76515e+16	9.10e-03	9.78e-01	1.29e-02	0.00e+00	0.00e+00	0.00e+00	0.00e+00	0.00e+00	0.00e+00	5.30e-03	2.81e-03	9.60e-04
 2.76661e+16	9.42e-03	9.81e-01	9.40e-03	0.00e+00	0.00e+00	0.00e+00	0.00e+00	0.00e+00	0.00e+00	5.48e-03	2.91e-03	9.94e-04
 2.76785e+16	9.68e-03	9.83e-01	6.92e-03	0.00e+00	0.00e+00	0.00e+00	0.00e+00	0.00e+00	0.00e+00	5.63e-03	2.99e-03	1.02e-03
 2.76893e+16	9.90e-03	9.85e-01	5.16e-03	0.00e+00	0.00e+00	0.00e+00	0.00e+00	0.00e+00	0.00e+00	5.76e-03	3.06e-03	1.04e-03
 2.77016e+16	1.02e-02	9.86e-01	3.63e-03	0.00e+00	0.00e+00	0.00e+00	0.00e+00	0.00e+00	0.00e+00	5.92e-03	3.15e-03	1.07e-03
 2.77175e+16	1.06e-02	9.87e-01	2.25e-03	0.00e+00	0.00e+00	0.00e+00	0.00e+00	0.00e+00	0.00e+00	6.15e-03	3.26e-03	1.11e-03
 2.77382e+16	1.11e-02	9.88e-01	1.18e-03	0.00e+00	0.00e+00	0.00e+00	0.00e+00	0.00e+00	0.00e+00	6.45e-03	3.43e-03	1.17e-03
 2.77651e+16	1.18e-02	9.88e-01	5.09e-04	0.00e+00	0.00e+00	0.00e+00	0.00e+00	0.00e+00	0.00e+00	6.89e-03	3.66e-03	1.25e-03
 2.78001e+16	1.30e-02	9.87e-01	1.75e-04	0.00e+00	0.00e+00	0.00e+00	0.00e+00	0.00e+00	0.00e+00	7.56e-03	4.01e-03	1.37e-03
 2.78456e+16	1.48e-02	9.85e-01	4.59e-05	0.00e+00	0.00e+00	0.00e+00	0.00e+00	0.00e+00	0.00e+00	8.61e-03	4.57e-03	1.56e-03
 2.79048e+16	1.79e-02	9.82e-01	8.79e-06	0.00e+00	0.00e+00	0.00e+00	0.00e+00	0.00e+00	0.00e+00	1.04e-02	5.54e-03	1.89e-03
 2.79637e+16	2.23e-02	9.78e-01	1.69e-06	0.00e+00	0.00e+00	0.00e+00	0.00e+00	0.00e+00	0.00e+00	1.30e-02	6.89e-03	2.35e-03
 2.80052e+16	2.68e-02	9.73e-01	5.62e-07	0.00e+00	0.00e+00	0.00e+00	0.00e+00	0.00e+00	0.00e+00	1.56e-02	8.28e-03	2.83e-03
 2.80352e+16	3.13e-02	9.69e-01	2.55e-07	0.00e+00	0.00e+00	0.00e+00	0.00e+00	0.00e+00	0.00e+00	1.82e-02	9.67e-03	3.31e-03
 2.80622e+16	3.66e-02	9.63e-01	1.25e-07	0.00e+00	0.00e+00	0.00e+00	0.00e+00	0.00e+00	0.00e+00	2.13e-02	1.13e-02	3.86e-03
 2.80868e+16	4.29e-02	9.57e-01	6.48e-08	0.00e+00	0.00e+00	0.00e+00	0.00e+00	0.00e+00	0.00e+00	2.50e-02	1.32e-02	4.53e-03
 2.81088e+16	5.05e-02	9.49e-01	3.56e-08	0.00e+00	0.00e+00	0.00e+00	0.00e+00	0.00e+00	0.00e+00	2.94e-02	1.56e-02	5.34e-03
 2.81280e+16	5.93e-02	9.41e-01	2.08e-08	0.00e+00	0.00e+00	0.00e+00	0.00e+00	0.00e+00	0.00e+00	3.46e-02	1.83e-02	6.26e-03
 2.81445e+16	6.93e-02	9.31e-01	1.29e-08	0.00e+00	0.00e+00	0.00e+00	0.00e+00	0.00e+00	0.00e+00	4.05e-02	2.14e-02	7.33e-03
