#depth	He	He+	He+2
 1.49634e+10	3.68e-23	3.41e-12	1.00e+00
 4.54887e+10	4.11e-23	3.69e-12	1.00e+00
 7.72350e+10	4.56e-23	3.99e-12	1.00e+00
 1.10251e+11	5.08e-23	4.32e-12	1.00e+00
 1.42491e+11	5.62e-23	4.65e-12	1.00e+00
 1.72751e+11	6.17e-23	4.98e-12	1.00e+00
 2.06319e+11	6.81e-23	5.36e-12	1.00e+00
 2.44499e+11	7.62e-23	5.81e-12	1.00e+00
 2.82549e+11	8.49e-23	6.27e-12	1.00e+00
 3.22121e+11	9.46e-23	6.77e-12	1.00e+00
 3.64932e+11	1.06e-22	7.34e-12	1.00e+00
 4.09457e+11	1.19e-22	7.95e-12	1.00e+00
 4.55762e+11	1.34e-22	8.62e-12	1.00e+00
 5.03919e+11	1.51e-22	9.35e-12	1.00e+00
 5.54002e+11	1.70e-22	1.01e-11	1.00e+00
 6.06089e+11	1.93e-22	1.10e-11	1.00e+00
 6.60260e+11	2.18e-22	1.19e-11	1.00e+00
 7.16597e+11	2.47e-22	1.29e-11	1.00e+00
 7.75187e+11	2.80e-22	1.40e-11	1.00e+00
 8.36122e+11	3.19e-22	1.53e-11	1.00e+00
 8.93689e+11	3.59e-22	1.64e-11	1.00e+00
 9.45598e+11	3.98e-22	1.75e-11	1.00e+00
 1.00403e+12	4.45e-22	1.89e-11	1.00e+00
 1.07276e+12	5.08e-22	2.05e-11	1.00e+00
 1.14124e+12	5.77e-22	2.21e-11	1.00e+00
 1.20609e+12	6.48e-22	2.38e-11	1.00e+00
 1.27789e+12	7.34e-22	2.57e-11	1.00e+00
 1.35893e+12	8.43e-22	2.80e-11	1.00e+00
 1.44029e+12	9.65e-22	3.04e-11	1.00e+00
 1.52491e+12	1.10e-21	3.30e-11	1.00e+00
 1.61583e+12	1.27e-21	3.59e-11	1.00e+00
 1.71039e+12	1.47e-21	3.91e-11	1.00e+00
 1.80060e+12	1.68e-21	4.24e-11	1.00e+00
 1.88339e+12	1.88e-21	4.55e-11	1.00e+00
 1.97722e+12	2.14e-21	4.92e-11	1.00e+00
 2.08582e+12	2.48e-21	5.37e-11	1.00e+00
 2.19252e+12	2.85e-21	5.84e-11	1.00e+00
 2.29375e+12	3.23e-21	6.30e-11	1.00e+00
 2.40569e+12	3.69e-21	6.85e-11	1.00e+00
 2.53184e+12	4.29e-21	7.49e-11	1.00e+00
 2.65904e+12	4.96e-21	8.18e-11	1.00e+00
 2.79133e+12	5.72e-21	8.94e-11	1.00e+00
 2.93291e+12	6.64e-21	9.80e-11	1.00e+00
 3.08015e+12	7.70e-21	1.08e-10	1.00e+00
 3.23328e+12	8.93e-21	1.18e-10	1.00e+00
 3.39254e+12	1.04e-20	1.30e-10	1.00e+00
 3.55212e+12	1.20e-20	1.42e-10	1.00e+00
 3.71808e+12	1.38e-20	1.56e-10	1.00e+00
 3.89673e+12	1.59e-20	1.72e-10	1.00e+00
 4.08252e+12	1.85e-20	1.89e-10	1.00e+00
 4.27575e+12	2.13e-20	2.09e-10	1.00e+00
 4.47671e+12	2.46e-20	2.30e-10	1.00e+00
 4.68570e+12	2.84e-20	2.54e-10	1.00e+00
 4.87554e+12	3.22e-20	2.77e-10	1.00e+00
 5.03499e+12	3.55e-20	2.98e-10	1.00e+00
 5.21015e+12	3.94e-20	3.22e-10	1.00e+00
 5.43031e+12	4.47e-20	3.53e-10	1.00e+00
 5.65900e+12	5.08e-20	3.88e-10	1.00e+00
 5.85628e+12	5.64e-20	4.20e-10	1.00e+00
 6.06268e+12	6.25e-20	4.55e-10	1.00e+00
 6.31789e+12	7.07e-20	5.01e-10	1.00e+00
 6.57467e+12	7.98e-20	5.51e-10	1.00e+00
 6.79852e+12	8.81e-20	5.96e-10	1.00e+00
 7.04145e+12	9.76e-20	6.48e-10	1.00e+00
 7.33730e+12	1.10e-19	7.14e-10	1.00e+00
 7.63704e+12	1.24e-19	7.86e-10	1.00e+00
 7.90958e+12	1.38e-19	8.55e-10	1.00e+00
 8.21167e+12	1.53e-19	9.35e-10	1.00e+00
 8.56503e+12	1.73e-19	1.04e-09	1.00e+00
 8.91579e+12	1.95e-19	1.14e-09	1.00e+00
 9.25037e+12	2.17e-19	1.25e-09	1.00e+00
 9.62010e+12	2.44e-19	1.37e-09	1.00e+00
 1.00348e+13	2.78e-19	1.52e-09	1.00e+00
 1.04529e+13	3.15e-19	1.67e-09	1.00e+00
 1.08273e+13	3.51e-19	1.82e-09	1.00e+00
 1.11566e+13	3.87e-19	1.95e-09	1.00e+00
 1.15278e+13	4.30e-19	2.11e-09	1.00e+00
 1.19424e+13	4.83e-19	2.30e-09	1.00e+00
 1.23331e+13	5.38e-19	2.48e-09	1.00e+00
 1.27607e+13	6.05e-19	2.69e-09	1.00e+00
 1.32376e+13	6.88e-19	2.94e-09	1.00e+00
 1.36868e+13	7.76e-19	3.19e-09	1.00e+00
 1.41786e+13	8.82e-19	3.46e-09	1.00e+00
 1.47290e+13	1.02e-18	3.79e-09	1.00e+00
 1.52503e+13	1.16e-18	4.12e-09	1.00e+00
 1.57303e+13	1.31e-18	4.43e-09	1.00e+00
 1.62618e+13	1.49e-18	4.79e-09	1.00e+00
 1.68581e+13	1.72e-18	5.22e-09	1.00e+00
 1.74213e+13	1.97e-18	5.64e-09	1.00e+00
 1.80361e+13	2.27e-18	6.12e-09	1.00e+00
 1.87158e+13	2.65e-18	6.67e-09	1.00e+00
 1.93448e+13	3.04e-18	7.21e-09	1.00e+00
 2.00277e+13	3.52e-18	7.82e-09	1.00e+00
 2.07918e+13	4.13e-18	8.53e-09	1.00e+00
 2.15129e+13	4.78e-18	9.23e-09	1.00e+00
 2.23019e+13	5.58e-18	1.00e-08	1.00e+00
 2.31821e+13	6.61e-18	1.10e-08	1.00e+00
 2.40116e+13	7.70e-18	1.19e-08	1.00e+00
 2.49099e+13	9.03e-18	1.29e-08	1.00e+00
 2.59159e+13	1.07e-17	1.41e-08	1.00e+00
 2.68895e+13	1.26e-17	1.54e-08	1.00e+00
 2.79225e+13	1.48e-17	1.67e-08	1.00e+00
 2.90693e+13	1.77e-17	1.83e-08	1.00e+00
 3.02292e+13	2.10e-17	2.00e-08	1.00e+00
 3.14354e+13	2.49e-17	2.18e-08	1.00e+00
 3.27228e+13	2.96e-17	2.38e-08	1.00e+00
 3.39430e+13	3.46e-17	2.58e-08	1.00e+00
 3.50484e+13	3.98e-17	2.76e-08	1.00e+00
 3.60915e+13	4.51e-17	2.95e-08	1.00e+00
 3.72447e+13	5.16e-17	3.15e-08	1.00e+00
 3.85385e+13	5.96e-17	3.39e-08	1.00e+00
 3.97701e+13	6.82e-17	3.63e-08	1.00e+00
 4.11265e+13	7.86e-17	3.90e-08	1.00e+00
 4.26418e+13	9.16e-17	4.21e-08	1.00e+00
 4.40317e+13	1.05e-16	4.51e-08	1.00e+00
 4.53047e+13	1.18e-16	4.79e-08	1.00e+00
 4.67577e+13	1.35e-16	5.12e-08	1.00e+00
 4.85455e+13	1.57e-16	5.53e-08	1.00e+00
 5.03394e+13	1.83e-16	5.97e-08	1.00e+00
 5.18998e+13	2.08e-16	6.36e-08	1.00e+00
 5.35860e+13	2.37e-16	6.79e-08	1.00e+00
 5.56448e+13	2.76e-16	7.34e-08	1.00e+00
 5.77413e+13	3.21e-16	7.93e-08	1.00e+00
 5.96340e+13	3.66e-16	8.46e-08	1.00e+00
 6.17085e+13	4.19e-16	9.06e-08	1.00e+00
 6.41536e+13	4.90e-16	9.80e-08	1.00e+00
 6.65965e+13	5.70e-16	1.06e-07	1.00e+00
 6.88931e+13	6.52e-16	1.13e-07	1.00e+00
 7.14348e+13	7.52e-16	1.22e-07	1.00e+00
 7.43222e+13	8.79e-16	1.32e-07	1.00e+00
 7.72294e+13	1.02e-15	1.42e-07	1.00e+00
 8.02529e+13	1.19e-15	1.53e-07	1.00e+00
 8.34929e+13	1.39e-15	1.66e-07	1.00e+00
 8.68626e+13	1.62e-15	1.79e-07	1.00e+00
 9.03670e+13	1.89e-15	1.94e-07	1.00e+00
 9.37918e+13	2.19e-15	2.08e-07	1.00e+00
 9.70604e+13	2.50e-15	2.23e-07	1.00e+00
 1.00142e+14	2.82e-15	2.37e-07	1.00e+00
 1.03479e+14	3.21e-15	2.53e-07	1.00e+00
 1.07196e+14	3.68e-15	2.71e-07	1.00e+00
 1.10702e+14	4.17e-15	2.89e-07	1.00e+00
 1.14556e+14	4.76e-15	3.09e-07	1.00e+00
 1.18894e+14	5.50e-15	3.33e-07	1.00e+00
 1.23055e+14	6.30e-15	3.57e-07	1.00e+00
 1.27573e+14	7.24e-15	3.83e-07	1.00e+00
 1.32706e+14	8.44e-15	4.14e-07	1.00e+00
 1.37758e+14	9.78e-15	4.46e-07	1.00e+00
 1.43012e+14	1.13e-14	4.80e-07	1.00e+00
 1.48762e+14	1.32e-14	5.20e-07	1.00e+00
 1.54083e+14	1.51e-14	5.57e-07	1.00e+00
 1.58712e+14	1.70e-14	5.92e-07	1.00e+00
 1.63862e+14	1.93e-14	6.31e-07	1.00e+00
 1.70124e+14	2.23e-14	6.81e-07	1.00e+00
 1.76439e+14	2.57e-14	7.33e-07	1.00e+00
 1.82136e+14	2.92e-14	7.83e-07	1.00e+00
 1.88419e+14	3.33e-14	8.38e-07	1.00e+00
 1.95825e+14	3.88e-14	9.07e-07	1.00e+00
 2.03098e+14	4.46e-14	9.75e-07	1.00e+00
 2.09793e+14	5.08e-14	1.04e-06	1.00e+00
 2.17331e+14	5.82e-14	1.12e-06	1.00e+00
 2.26038e+14	6.77e-14	1.21e-06	1.00e+00
 2.34548e+14	7.81e-14	1.31e-06	1.00e+00
 2.42661e+14	8.92e-14	1.40e-06	1.00e+00
 2.51661e+14	1.02e-13	1.51e-06	1.00e+00
 2.61757e+14	1.19e-13	1.63e-06	1.00e+00
 2.71434e+14	1.37e-13	1.76e-06	1.00e+00
 2.80369e+14	1.55e-13	1.88e-06	1.00e+00
 2.90486e+14	1.77e-13	2.02e-06	1.00e+00
 3.02135e+14	2.05e-13	2.19e-06	1.00e+00
 3.13182e+14	2.35e-13	2.35e-06	1.00e+00
 3.23249e+14	2.64e-13	2.51e-06	1.00e+00
 3.32792e+14	2.95e-13	2.66e-06	1.00e+00
 3.43337e+14	3.31e-13	2.83e-06	1.00e+00
 3.55112e+14	3.74e-13	3.04e-06	1.00e+00
 3.66199e+14	4.19e-13	3.23e-06	1.00e+00
 3.78323e+14	4.72e-13	3.45e-06	1.00e+00
 3.91884e+14	5.38e-13	3.70e-06	1.00e+00
 4.04695e+14	6.05e-13	3.96e-06	1.00e+00
 4.18734e+14	6.84e-13	4.24e-06	1.00e+00
 4.34231e+14	7.79e-13	4.57e-06	1.00e+00
 4.48503e+14	8.77e-13	4.87e-06	1.00e+00
 4.63937e+14	9.91e-13	5.23e-06	1.00e+00
 4.81162e+14	1.13e-12	5.63e-06	1.00e+00
 4.97388e+14	1.27e-12	6.03e-06	1.00e+00
 5.15153e+14	1.44e-12	6.47e-06	1.00e+00
 5.34887e+14	1.64e-12	6.99e-06	1.00e+00
 5.53237e+14	1.85e-12	7.49e-06	1.00e+00
 5.73148e+14	2.11e-12	8.06e-06	1.00e+00
 5.95412e+14	2.40e-12	8.71e-06	1.00e+00
 6.16565e+14	2.73e-12	9.38e-06	1.00e+00
 6.39257e+14	3.09e-12	1.01e-05	1.00e+00
 6.64857e+14	3.56e-12	1.10e-05	1.00e+00
 6.89996e+14	4.05e-12	1.19e-05	1.00e+00
 7.16141e+14	4.62e-12	1.28e-05	1.00e+00
 7.44817e+14	5.31e-12	1.39e-05	1.00e+00
 7.73186e+14	6.07e-12	1.51e-05	1.00e+00
 7.96663e+14	6.76e-12	1.61e-05	1.00e+00
 8.15374e+14	7.34e-12	1.69e-05	1.00e+00
 8.36034e+14	8.02e-12	1.78e-05	1.00e+00
 8.62893e+14	9.00e-12	1.91e-05	1.00e+00
 8.91703e+14	1.01e-11	2.05e-05	1.00e+00
 9.17304e+14	1.12e-11	2.18e-05	1.00e+00
 9.44835e+14	1.25e-11	2.33e-05	1.00e+00
 9.79620e+14	1.42e-11	2.52e-05	1.00e+00
 1.01503e+15	1.63e-11	2.73e-05	1.00e+00
 1.04522e+15	1.82e-11	2.91e-05	1.00e+00
 1.07741e+15	2.02e-11	3.12e-05	1.00e+00
 1.11753e+15	2.33e-11	3.38e-05	1.00e+00
 1.15857e+15	2.67e-11	3.67e-05	1.00e+00
 1.19460e+15	2.99e-11	3.93e-05	1.00e+00
 1.23353e+15	3.36e-11	4.22e-05	1.00e+00
 1.28066e+15	3.89e-11	4.60e-05	1.00e+00
 1.32750e+15	4.46e-11	4.99e-05	1.00e+00
 1.36908e+15	5.01e-11	5.35e-05	1.00e+00
 1.41478e+15	5.68e-11	5.76e-05	1.00e+00
 1.46944e+15	6.57e-11	6.28e-05	1.00e+00
 1.52381e+15	7.56e-11	6.82e-05	1.00e+00
 1.57337e+15	8.47e-11	7.32e-05	1.00e+00
 1.62860e+15	9.76e-11	7.93e-05	1.00e+00
 1.69302e+15	1.13e-10	8.66e-05	1.00e+00
 1.75649e+15	1.31e-10	9.43e-05	1.00e+00
 1.81652e+15	1.48e-10	1.02e-04	1.00e+00
 1.88322e+15	1.72e-10	1.10e-04	1.00e+00
 1.95858e+15	2.00e-10	1.21e-04	1.00e+00
 2.02218e+15	2.24e-10	1.30e-04	1.00e+00
 2.06859e+15	2.48e-10	1.36e-04	1.00e+00
 2.11743e+15	2.71e-10	1.44e-04	1.00e+00
 2.18092e+15	3.02e-10	1.54e-04	1.00e+00
 2.25121e+15	3.46e-10	1.65e-04	1.00e+00
 2.31635e+15	3.82e-10	1.76e-04	1.00e+00
 2.38701e+15	4.37e-10	1.89e-04	1.00e+00
 2.46616e+15	4.96e-10	2.03e-04	1.00e+00
 2.54184e+15	5.52e-10	2.17e-04	1.00e+00
 2.62572e+15	6.36e-10	2.34e-04	1.00e+00
 2.71918e+15	7.21e-10	2.52e-04	1.00e+00
 2.80809e+15	8.31e-10	2.72e-04	1.00e+00
 2.90666e+15	9.51e-10	2.93e-04	1.00e+00
 3.01650e+15	1.11e-09	3.19e-04	1.00e+00
 3.11879e+15	1.27e-09	3.43e-04	1.00e+00
 3.22957e+15	1.45e-09	3.71e-04	1.00e+00
 3.35401e+15	1.67e-09	4.03e-04	1.00e+00
 3.47161e+15	1.93e-09	4.35e-04	1.00e+00
 3.59795e+15	2.23e-09	4.71e-04	1.00e+00
 3.73863e+15	2.60e-09	5.13e-04	9.99e-01
 3.87385e+15	3.04e-09	5.55e-04	9.99e-01
 4.01774e+15	3.52e-09	6.01e-04	9.99e-01
 4.17848e+15	4.17e-09	6.57e-04	9.99e-01
 4.33776e+15	4.85e-09	7.13e-04	9.99e-01
 4.46859e+15	5.47e-09	7.61e-04	9.99e-01
 4.57062e+15	6.00e-09	8.00e-04	9.99e-01
 4.68222e+15	6.60e-09	8.43e-04	9.99e-01
 4.82730e+15	7.53e-09	9.02e-04	9.99e-01
 4.98408e+15	8.43e-09	9.66e-04	9.99e-01
 5.12533e+15	9.63e-09	1.03e-03	9.99e-01
 5.27822e+15	1.09e-08	1.10e-03	9.99e-01
 5.47194e+15	1.24e-08	1.19e-03	9.99e-01
 5.66753e+15	1.46e-08	1.28e-03	9.99e-01
 5.83112e+15	1.64e-08	1.37e-03	9.99e-01
 6.00432e+15	1.85e-08	1.46e-03	9.99e-01
 6.22428e+15	2.11e-08	1.58e-03	9.98e-01
 6.45045e+15	2.51e-08	1.71e-03	9.98e-01
 6.64601e+15	2.84e-08	1.83e-03	9.98e-01
 6.85634e+15	3.22e-08	1.96e-03	9.98e-01
 7.11475e+15	3.70e-08	2.12e-03	9.98e-01
 7.37263e+15	4.40e-08	2.31e-03	9.98e-01
 7.59816e+15	5.00e-08	2.47e-03	9.98e-01
 7.84465e+15	5.70e-08	2.65e-03	9.97e-01
 8.14367e+15	6.59e-08	2.89e-03	9.97e-01
 8.43200e+15	7.82e-08	3.13e-03	9.97e-01
 8.66979e+15	8.81e-08	3.34e-03	9.97e-01
 8.92083e+15	1.00e-07	3.58e-03	9.96e-01
 9.24400e+15	1.15e-07	3.89e-03	9.96e-01
 9.58076e+15	1.37e-07	4.25e-03	9.96e-01
 9.83319e+15	1.54e-07	4.52e-03	9.95e-01
 1.00562e+16	1.70e-07	4.79e-03	9.95e-01
 1.03460e+16	1.93e-07	5.14e-03	9.95e-01
 1.06547e+16	2.23e-07	5.55e-03	9.94e-01
 1.09230e+16	2.50e-07	5.92e-03	9.94e-01
 1.12070e+16	2.82e-07	6.35e-03	9.94e-01
 1.15761e+16	3.34e-07	6.95e-03	9.93e-01
 1.19401e+16	3.84e-07	7.57e-03	9.92e-01
 1.22170e+16	4.28e-07	8.09e-03	9.92e-01
 1.24962e+16	4.81e-07	8.67e-03	9.91e-01
 1.28593e+16	5.75e-07	9.51e-03	9.90e-01
 1.32248e+16	6.67e-07	1.04e-02	9.90e-01
 1.35175e+16	7.55e-07	1.12e-02	9.89e-01
 1.37791e+16	8.46e-07	1.20e-02	9.88e-01
 1.40766e+16	9.48e-07	1.30e-02	9.87e-01
 1.44062e+16	1.12e-06	1.42e-02	9.86e-01
 1.47003e+16	1.25e-06	1.54e-02	9.85e-01
 1.49620e+16	1.45e-06	1.66e-02	9.83e-01
 1.52193e+16	1.64e-06	1.79e-02	9.82e-01
 1.55146e+16	1.86e-06	1.97e-02	9.80e-01
 1.58316e+16	2.23e-06	2.18e-02	9.78e-01
 1.60980e+16	2.56e-06	2.39e-02	9.76e-01
 1.63239e+16	2.88e-06	2.59e-02	9.74e-01
 1.65756e+16	3.43e-06	2.86e-02	9.71e-01
 1.68405e+16	3.92e-06	3.18e-02	9.68e-01
 1.70744e+16	4.69e-06	3.52e-02	9.65e-01
 1.72825e+16	5.40e-06	3.87e-02	9.61e-01
 1.74723e+16	6.20e-06	4.24e-02	9.58e-01
 1.76538e+16	7.14e-06	4.66e-02	9.53e-01
 1.78281e+16	8.01e-06	5.12e-02	9.49e-01
 1.80249e+16	9.76e-06	5.76e-02	9.42e-01
 1.82265e+16	1.14e-05	6.52e-02	9.35e-01
 1.83962e+16	1.37e-05	7.33e-02	9.27e-01
 1.85438e+16	1.61e-05	8.16e-02	9.18e-01
 1.86780e+16	1.87e-05	9.06e-02	9.09e-01
 1.88291e+16	2.23e-05	1.03e-01	8.97e-01
 1.89879e+16	2.73e-05	1.19e-01	8.81e-01
 1.91171e+16	3.21e-05	1.35e-01	8.65e-01
 1.92243e+16	3.81e-05	1.51e-01	8.49e-01
 1.93154e+16	4.33e-05	1.66e-01	8.34e-01
 1.94064e+16	5.02e-05	1.85e-01	8.15e-01
 1.94944e+16	5.89e-05	2.05e-01	7.95e-01
 1.95522e+16	6.48e-05	2.20e-01	7.80e-01
 1.96007e+16	7.02e-05	2.35e-01	7.65e-01
 1.96638e+16	7.95e-05	2.55e-01	7.45e-01
 1.97280e+16	8.93e-05	2.78e-01	7.22e-01
 1.97826e+16	9.84e-05	2.99e-01	7.01e-01
 1.98426e+16	1.11e-04	3.25e-01	6.75e-01
 1.99076e+16	1.26e-04	3.56e-01	6.44e-01
 1.99607e+16	1.40e-04	3.82e-01	6.18e-01
 2.00117e+16	1.55e-04	4.11e-01	5.89e-01
 2.00780e+16	1.76e-04	4.49e-01	5.51e-01
 2.01459e+16	1.99e-04	4.90e-01	5.10e-01
 2.02022e+16	2.21e-04	5.26e-01	4.74e-01
 2.02615e+16	2.46e-04	5.65e-01	4.35e-01
 2.03284e+16	2.74e-04	6.07e-01	3.92e-01
 2.03937e+16	3.03e-04	6.48e-01	3.51e-01
 2.04671e+16	3.38e-04	6.93e-01	3.06e-01
 2.05485e+16	3.75e-04	7.38e-01	2.61e-01
 2.06272e+16	4.11e-04	7.77e-01	2.22e-01
 2.07169e+16	4.50e-04	8.16e-01	1.83e-01
 2.08334e+16	4.98e-04	8.58e-01	1.42e-01
 2.09633e+16	5.45e-04	8.92e-01	1.07e-01
 2.11106e+16	5.94e-04	9.21e-01	7.80e-02
 2.13020e+16	6.50e-04	9.47e-01	5.27e-02
 2.15153e+16	7.08e-04	9.64e-01	3.53e-02
 2.17216e+16	7.61e-04	9.75e-01	2.47e-02
 2.19541e+16	8.25e-04	9.82e-01	1.69e-02
 2.21470e+16	8.82e-04	9.86e-01	1.29e-02
 2.22418e+16	9.11e-04	9.88e-01	1.14e-02
 2.23185e+16	9.37e-04	9.89e-01	1.03e-02
 2.24183e+16	9.73e-04	9.90e-01	8.92e-03
 2.25479e+16	1.02e-03	9.91e-01	7.49e-03
 2.26829e+16	1.08e-03	9.93e-01	6.36e-03
 2.27912e+16	1.13e-03	9.93e-01	5.59e-03
 2.28735e+16	1.17e-03	9.94e-01	5.09e-03
 2.29552e+16	1.22e-03	9.94e-01	4.62e-03
 2.30474e+16	1.27e-03	9.95e-01	4.15e-03
 2.31324e+16	1.32e-03	9.95e-01	3.79e-03
 2.32063e+16	1.37e-03	9.95e-01	3.50e-03
 2.32866e+16	1.43e-03	9.95e-01	3.20e-03
 2.33733e+16	1.50e-03	9.96e-01	2.92e-03
 2.34475e+16	1.57e-03	9.96e-01	2.71e-03
 2.35114e+16	1.63e-03	9.96e-01	2.54e-03
 2.35826e+16	1.70e-03	9.96e-01	2.35e-03
 2.36601e+16	1.79e-03	9.96e-01	2.18e-03
 2.37277e+16	1.87e-03	9.96e-01	2.04e-03
 2.37857e+16	1.95e-03	9.96e-01	1.93e-03
 2.38492e+16	2.05e-03	9.96e-01	1.81e-03
 2.39191e+16	2.16e-03	9.96e-01	1.69e-03
 2.39811e+16	2.26e-03	9.96e-01	1.60e-03
 2.40342e+16	2.37e-03	9.96e-01	1.53e-03
 2.40919e+16	2.49e-03	9.96e-01	1.44e-03
 2.41555e+16	2.63e-03	9.96e-01	1.36e-03
 2.42121e+16	2.78e-03	9.96e-01	1.29e-03
 2.42609e+16	2.91e-03	9.96e-01	1.24e-03
 2.43145e+16	3.08e-03	9.96e-01	1.18e-03
 2.43731e+16	3.28e-03	9.96e-01	1.12e-03
 2.44251e+16	3.48e-03	9.95e-01	1.07e-03
 2.44710e+16	3.67e-03	9.95e-01	1.03e-03
 2.45222e+16	3.91e-03	9.95e-01	9.81e-04
 2.45783e+16	4.20e-03	9.95e-01	9.34e-04
 2.46286e+16	4.50e-03	9.95e-01	8.95e-04
 2.46737e+16	4.80e-03	9.94e-01	8.63e-04
 2.47243e+16	5.19e-03	9.94e-01	8.25e-04
 2.47808e+16	5.68e-03	9.94e-01	7.87e-04
 2.48324e+16	6.23e-03	9.93e-01	7.54e-04
 2.48769e+16	6.75e-03	9.93e-01	7.29e-04
 2.49251e+16	7.43e-03	9.92e-01	7.00e-04
 2.49765e+16	8.30e-03	9.91e-01	6.72e-04
 2.50175e+16	9.15e-03	9.90e-01	6.51e-04
 2.50477e+16	9.86e-03	9.90e-01	6.38e-04
 2.50786e+16	1.07e-02	9.89e-01	6.22e-04
 2.51189e+16	1.19e-02	9.87e-01	6.04e-04
 2.51585e+16	1.35e-02	9.86e-01	5.88e-04
 2.51870e+16	1.48e-02	9.85e-01	5.77e-04
 2.52089e+16	1.60e-02	9.83e-01	5.70e-04
 2.52327e+16	1.75e-02	9.82e-01	5.60e-04
 2.52637e+16	1.97e-02	9.80e-01	5.52e-04
 2.52950e+16	2.24e-02	9.77e-01	5.45e-04
 2.53184e+16	2.50e-02	9.74e-01	5.39e-04
 2.53369e+16	2.73e-02	9.72e-01	5.37e-04
 2.53571e+16	3.02e-02	9.69e-01	5.35e-04
 2.53833e+16	3.46e-02	9.65e-01	5.33e-04
 2.54090e+16	4.01e-02	9.59e-01	5.35e-04
 2.54274e+16	4.50e-02	9.54e-01	5.37e-04
 2.54416e+16	4.91e-02	9.50e-01	5.42e-04
 2.54572e+16	5.45e-02	9.45e-01	5.46e-04
 2.54770e+16	6.24e-02	9.37e-01	5.54e-04
 2.54963e+16	7.17e-02	9.28e-01	5.65e-04
 2.55106e+16	8.00e-02	9.19e-01	5.74e-04
 2.55224e+16	8.76e-02	9.12e-01	5.85e-04
 2.55338e+16	9.59e-02	9.04e-01	5.95e-04
 2.55450e+16	1.05e-01	8.94e-01	6.06e-04
 2.55560e+16	1.15e-01	8.84e-01	6.17e-04
 2.55662e+16	1.26e-01	8.74e-01	6.31e-04
 2.55739e+16	1.34e-01	8.65e-01	6.40e-04
 2.55789e+16	1.40e-01	8.59e-01	6.47e-04
 2.55834e+16	1.46e-01	8.53e-01	6.53e-04
 2.55888e+16	1.53e-01	8.46e-01	6.59e-04
 2.55945e+16	1.61e-01	8.38e-01	6.69e-04
 2.56001e+16	1.70e-01	8.30e-01	6.76e-04
 2.56053e+16	1.78e-01	8.22e-01	6.85e-04
 2.56105e+16	1.86e-01	8.13e-01	6.92e-04
 2.56156e+16	1.95e-01	8.04e-01	7.02e-04
 2.56208e+16	2.05e-01	7.94e-01	7.10e-04
 2.56259e+16	2.15e-01	7.84e-01	7.17e-04
 2.56309e+16	2.25e-01	7.74e-01	7.26e-04
 2.56358e+16	2.35e-01	7.64e-01	7.35e-04
 2.56407e+16	2.47e-01	7.52e-01	7.42e-04
 2.56455e+16	2.58e-01	7.41e-01	7.51e-04
 2.56503e+16	2.70e-01	7.29e-01	7.58e-04
 2.56550e+16	2.82e-01	7.17e-01	7.67e-04
 2.56597e+16	2.95e-01	7.05e-01	7.74e-04
 2.56644e+16	3.08e-01	6.91e-01	7.80e-04
 2.56689e+16	3.21e-01	6.78e-01	7.87e-04
 2.56733e+16	3.34e-01	6.65e-01	7.94e-04
 2.56778e+16	3.48e-01	6.51e-01	8.00e-04
 2.56822e+16	3.62e-01	6.37e-01	8.07e-04
 2.56866e+16	3.77e-01	6.22e-01	8.11e-04
 2.56908e+16	3.91e-01	6.08e-01	8.18e-04
 2.56950e+16	4.06e-01	5.93e-01	8.21e-04
 2.56993e+16	4.22e-01	5.77e-01	8.24e-04
 2.57034e+16	4.37e-01	5.62e-01	8.28e-04
 2.57074e+16	4.52e-01	5.47e-01	8.31e-04
 2.57114e+16	4.68e-01	5.32e-01	8.32e-04
 2.57154e+16	4.83e-01	5.16e-01	8.33e-04
 2.57192e+16	4.98e-01	5.01e-01	8.34e-04
 2.57230e+16	5.13e-01	4.86e-01	8.37e-04
 2.57267e+16	5.28e-01	4.71e-01	8.36e-04
 2.57302e+16	5.42e-01	4.57e-01	8.35e-04
 2.57337e+16	5.57e-01	4.43e-01	8.33e-04
 2.57372e+16	5.71e-01	4.28e-01	8.30e-04
 2.57407e+16	5.85e-01	4.14e-01	8.27e-04
 2.57440e+16	5.99e-01	4.01e-01	8.23e-04
 2.57473e+16	6.12e-01	3.87e-01	8.19e-04
 2.57505e+16	6.25e-01	3.74e-01	8.14e-04
 2.57536e+16	6.38e-01	3.62e-01	8.09e-04
 2.57568e+16	6.50e-01	3.49e-01	8.04e-04
 2.57598e+16	6.62e-01	3.37e-01	7.98e-04
 2.57628e+16	6.74e-01	3.26e-01	7.91e-04
 2.57657e+16	6.85e-01	3.14e-01	7.84e-04
 2.57687e+16	6.96e-01	3.03e-01	7.77e-04
 2.57716e+16	7.07e-01	2.92e-01	7.69e-04
 2.57744e+16	7.18e-01	2.82e-01	7.60e-04
 2.57772e+16	7.28e-01	2.71e-01	7.51e-04
 2.57800e+16	7.38e-01	2.61e-01	7.43e-04
 2.57828e+16	7.47e-01	2.52e-01	7.34e-04
 2.57855e+16	7.57e-01	2.42e-01	7.24e-04
 2.57879e+16	7.65e-01	2.35e-01	7.14e-04
 2.57897e+16	7.71e-01	2.29e-01	7.06e-04
 2.57914e+16	7.76e-01	2.23e-01	6.98e-04
 2.57931e+16	7.82e-01	2.17e-01	6.91e-04
 2.57950e+16	7.88e-01	2.11e-01	6.82e-04
 2.57967e+16	7.93e-01	2.06e-01	6.75e-04
 2.57984e+16	7.98e-01	2.01e-01	6.67e-04
 2.58000e+16	8.03e-01	1.96e-01	6.60e-04
 2.58015e+16	8.08e-01	1.92e-01	6.52e-04
 2.58031e+16	8.12e-01	1.87e-01	6.44e-04
 2.58046e+16	8.17e-01	1.83e-01	6.37e-04
 2.58061e+16	8.21e-01	1.79e-01	6.29e-04
 2.58075e+16	8.25e-01	1.75e-01	6.22e-04
 2.58090e+16	8.29e-01	1.71e-01	6.15e-04
 2.58104e+16	8.32e-01	1.67e-01	6.07e-04
 2.58118e+16	8.36e-01	1.63e-01	6.00e-04
 2.58131e+16	8.40e-01	1.60e-01	5.93e-04
 2.58145e+16	8.43e-01	1.56e-01	5.85e-04
 2.58159e+16	8.47e-01	1.53e-01	5.78e-04
 2.58172e+16	8.50e-01	1.50e-01	5.70e-04
 2.58186e+16	8.53e-01	1.46e-01	5.63e-04
 2.58200e+16	8.57e-01	1.43e-01	5.55e-04
 2.58215e+16	8.60e-01	1.40e-01	5.47e-04
 2.58230e+16	8.63e-01	1.36e-01	5.39e-04
 2.58245e+16	8.67e-01	1.33e-01	5.30e-04
 2.58261e+16	8.70e-01	1.29e-01	5.22e-04
 2.58280e+16	8.74e-01	1.25e-01	5.11e-04
 2.58300e+16	8.78e-01	1.21e-01	5.00e-04
 2.58323e+16	8.83e-01	1.17e-01	4.88e-04
 2.58347e+16	8.87e-01	1.12e-01	4.75e-04
 2.58369e+16	8.91e-01	1.08e-01	4.62e-04
 2.58390e+16	8.95e-01	1.04e-01	4.50e-04
 2.58411e+16	8.99e-01	1.01e-01	4.38e-04
 2.58431e+16	9.02e-01	9.74e-02	4.26e-04
 2.58449e+16	9.05e-01	9.45e-02	4.16e-04
 2.58465e+16	9.08e-01	9.19e-02	4.06e-04
 2.58480e+16	9.10e-01	8.96e-02	3.97e-04
 2.58493e+16	9.12e-01	8.75e-02	3.89e-04
 2.58505e+16	9.14e-01	8.56e-02	3.81e-04
 2.58519e+16	9.16e-01	8.36e-02	3.73e-04
 2.58533e+16	9.18e-01	8.16e-02	3.65e-04
 2.58547e+16	9.20e-01	7.98e-02	3.58e-04
 2.58559e+16	9.21e-01	7.82e-02	3.51e-04
 2.58570e+16	9.23e-01	7.67e-02	3.44e-04
 2.58582e+16	9.25e-01	7.50e-02	3.37e-04
 2.58595e+16	9.26e-01	7.34e-02	3.30e-04
 2.58606e+16	9.28e-01	7.19e-02	3.24e-04
 2.58617e+16	9.29e-01	7.06e-02	3.18e-04
 2.58627e+16	9.30e-01	6.94e-02	3.12e-04
 2.58638e+16	9.32e-01	6.81e-02	3.06e-04
 2.58649e+16	9.33e-01	6.68e-02	3.00e-04
 2.58660e+16	9.34e-01	6.56e-02	2.95e-04
 2.58669e+16	9.35e-01	6.45e-02	2.89e-04
 2.58680e+16	9.36e-01	6.33e-02	2.84e-04
 2.58691e+16	9.38e-01	6.21e-02	2.78e-04
 2.58701e+16	9.39e-01	6.10e-02	2.73e-04
 2.58711e+16	9.40e-01	6.00e-02	2.68e-04
 2.58719e+16	9.41e-01	5.92e-02	2.64e-04
 2.58729e+16	9.42e-01	5.82e-02	2.59e-04
 2.58739e+16	9.43e-01	5.72e-02	2.54e-04
 2.58748e+16	9.43e-01	5.63e-02	2.49e-04
 2.58756e+16	9.44e-01	5.55e-02	2.46e-04
 2.58765e+16	9.45e-01	5.46e-02	2.41e-04
 2.58775e+16	9.46e-01	5.37e-02	2.37e-04
 2.58784e+16	9.47e-01	5.29e-02	2.33e-04
 2.58794e+16	9.48e-01	5.20e-02	2.28e-04
 2.58805e+16	9.49e-01	5.11e-02	2.24e-04
 2.58814e+16	9.49e-01	5.03e-02	2.19e-04
 2.58823e+16	9.50e-01	4.96e-02	2.16e-04
 2.58833e+16	9.51e-01	4.88e-02	2.12e-04
 2.58843e+16	9.52e-01	4.80e-02	2.08e-04
 2.58853e+16	9.53e-01	4.73e-02	2.04e-04
 2.58861e+16	9.53e-01	4.66e-02	2.01e-04
 2.58871e+16	9.54e-01	4.59e-02	1.97e-04
 2.58881e+16	9.55e-01	4.52e-02	1.94e-04
 2.58890e+16	9.55e-01	4.46e-02	1.90e-04
 2.58901e+16	9.56e-01	4.38e-02	1.87e-04
 2.58911e+16	9.57e-01	4.31e-02	1.83e-04
 2.58921e+16	9.57e-01	4.25e-02	1.80e-04
 2.58932e+16	9.58e-01	4.18e-02	1.76e-04
 2.58944e+16	9.59e-01	4.11e-02	1.73e-04
 2.58955e+16	9.59e-01	4.05e-02	1.70e-04
 2.58967e+16	9.60e-01	3.98e-02	1.67e-04
 2.58980e+16	9.61e-01	3.92e-02	1.63e-04
 2.58991e+16	9.61e-01	3.86e-02	1.61e-04
 2.59004e+16	9.62e-01	3.79e-02	1.57e-04
 2.59018e+16	9.63e-01	3.73e-02	1.54e-04
 2.59030e+16	9.63e-01	3.68e-02	1.52e-04
 2.59044e+16	9.64e-01	3.61e-02	1.49e-04
 2.59058e+16	9.64e-01	3.56e-02	1.46e-04
 2.59072e+16	9.65e-01	3.50e-02	1.43e-04
 2.59087e+16	9.65e-01	3.45e-02	1.41e-04
 2.59106e+16	9.66e-01	3.37e-02	1.37e-04
 2.59126e+16	9.67e-01	3.31e-02	1.34e-04
 2.59145e+16	9.67e-01	3.25e-02	1.31e-04
 2.59162e+16	9.68e-01	3.20e-02	1.29e-04
 2.59181e+16	9.68e-01	3.14e-02	1.26e-04
 2.59201e+16	9.69e-01	3.09e-02	1.24e-04
 2.59220e+16	9.69e-01	3.04e-02	1.21e-04
 2.59240e+16	9.70e-01	2.99e-02	1.19e-04
 2.59266e+16	9.71e-01	2.93e-02	1.16e-04
 2.59294e+16	9.71e-01	2.88e-02	1.14e-04
 2.59320e+16	9.72e-01	2.83e-02	1.11e-04
 2.59348e+16	9.72e-01	2.78e-02	1.09e-04
 2.59379e+16	9.73e-01	2.73e-02	1.07e-04
 2.59407e+16	9.73e-01	2.69e-02	1.05e-04
 2.59437e+16	9.73e-01	2.65e-02	1.03e-04
 2.59477e+16	9.74e-01	2.60e-02	1.00e-04
 2.59519e+16	9.74e-01	2.55e-02	9.81e-05
 2.59558e+16	9.75e-01	2.52e-02	9.63e-05
 2.59601e+16	9.75e-01	2.48e-02	9.42e-05
 2.59656e+16	9.76e-01	2.43e-02	9.21e-05
 2.59716e+16	9.76e-01	2.39e-02	9.03e-05
 2.59770e+16	9.76e-01	2.36e-02	8.86e-05
 2.59830e+16	9.77e-01	2.33e-02	8.67e-05
 2.59907e+16	9.77e-01	2.29e-02	8.48e-05
 2.60008e+16	9.77e-01	2.25e-02	8.28e-05
 2.60116e+16	9.78e-01	2.22e-02	8.08e-05
 2.60235e+16	9.78e-01	2.18e-02	7.87e-05
 2.60390e+16	9.78e-01	2.14e-02	7.62e-05
 2.60557e+16	9.79e-01	2.11e-02	7.39e-05
 2.60709e+16	9.79e-01	2.08e-02	7.20e-05
 2.60876e+16	9.80e-01	2.04e-02	6.98e-05
 2.61092e+16	9.80e-01	2.00e-02	6.73e-05
 2.61326e+16	9.80e-01	1.96e-02	6.48e-05
 2.61539e+16	9.81e-01	1.93e-02	6.26e-05
 2.61772e+16	9.81e-01	1.89e-02	6.02e-05
 2.62024e+16	9.81e-01	1.85e-02	5.79e-05
 2.62253e+16	9.82e-01	1.82e-02	5.58e-05
 2.62504e+16	9.82e-01	1.78e-02	5.36e-05
 2.62775e+16	9.83e-01	1.74e-02	5.15e-05
 2.63021e+16	9.83e-01	1.71e-02	4.96e-05
 2.63291e+16	9.83e-01	1.67e-02	4.75e-05
 2.63583e+16	9.84e-01	1.63e-02	4.55e-05
 2.63849e+16	9.84e-01	1.60e-02	4.38e-05
 2.64090e+16	9.84e-01	1.57e-02	4.23e-05
 2.64355e+16	9.85e-01	1.54e-02	4.07e-05
 2.64641e+16	9.85e-01	1.51e-02	3.90e-05
 2.64901e+16	9.85e-01	1.48e-02	3.76e-05
 2.65186e+16	9.85e-01	1.45e-02	3.61e-05
 2.65493e+16	9.86e-01	1.42e-02	3.46e-05
 2.65773e+16	9.86e-01	1.39e-02	3.33e-05
 2.66080e+16	9.86e-01	1.36e-02	3.18e-05
 2.66411e+16	9.87e-01	1.33e-02	3.04e-05
 2.66712e+16	9.87e-01	1.30e-02	2.93e-05
 2.67043e+16	9.87e-01	1.27e-02	2.79e-05
 2.67399e+16	9.88e-01	1.24e-02	2.67e-05
 2.67724e+16	9.88e-01	1.21e-02	2.56e-05
 2.68079e+16	9.88e-01	1.18e-02	2.44e-05
 2.68463e+16	9.88e-01	1.15e-02	2.32e-05
 2.68812e+16	9.89e-01	1.13e-02	2.22e-05
 2.69195e+16	9.89e-01	1.10e-02	2.11e-05
 2.69608e+16	9.89e-01	1.07e-02	2.00e-05
 2.69984e+16	9.90e-01	1.05e-02	1.92e-05
 2.70396e+16	9.90e-01	1.02e-02	1.82e-05
 2.70841e+16	9.90e-01	9.91e-03	1.72e-05
 2.71245e+16	9.90e-01	9.68e-03	1.64e-05
 2.71689e+16	9.91e-01	9.41e-03	1.55e-05
 2.72168e+16	9.91e-01	9.14e-03	1.47e-05
 2.72604e+16	9.91e-01	8.92e-03	1.40e-05
 2.73081e+16	9.91e-01	8.66e-03	1.32e-05
 2.73597e+16	9.92e-01	8.40e-03	1.25e-05
 2.74066e+16	9.92e-01	8.18e-03	1.18e-05
 2.74580e+16	9.92e-01	7.94e-03	1.11e-05
 2.75248e+16	9.92e-01	7.63e-03	1.03e-05
 2.76017e+16	9.93e-01	7.31e-03	9.46e-06
 2.76798e+16	9.93e-01	7.00e-03	8.70e-06
 2.77592e+16	9.93e-01	6.70e-03	7.99e-06
 2.78420e+16	9.94e-01	6.41e-03	7.32e-06
 2.79283e+16	9.94e-01	6.13e-03	6.69e-06
 2.80176e+16	9.94e-01	5.85e-03	6.10e-06
 2.81101e+16	9.94e-01	5.58e-03	5.55e-06
 2.82054e+16	9.95e-01	5.31e-03	5.05e-06
 2.83027e+16	9.95e-01	5.06e-03	4.59e-06
 2.84015e+16	9.95e-01	4.82e-03	4.17e-06
 2.85023e+16	9.95e-01	4.59e-03	3.78e-06
 2.86050e+16	9.96e-01	4.37e-03	3.43e-06
 2.87097e+16	9.96e-01	4.16e-03	3.11e-06
 2.88163e+16	9.96e-01	3.96e-03	2.82e-06
 2.89249e+16	9.96e-01	3.77e-03	2.56e-06
 2.90340e+16	9.96e-01	3.58e-03	2.32e-06
 2.91447e+16	9.97e-01	3.41e-03	2.10e-06
 2.92594e+16	9.97e-01	3.24e-03	1.89e-06
 2.93770e+16	9.97e-01	3.08e-03	1.71e-06
 2.94963e+16	9.97e-01	2.92e-03	1.54e-06
 2.96178e+16	9.97e-01	2.77e-03	1.39e-06
 2.97417e+16	9.97e-01	2.63e-03	1.25e-06
 2.98679e+16	9.98e-01	2.49e-03	1.12e-06
 2.99965e+16	9.98e-01	2.36e-03	1.01e-06
 3.01277e+16	9.98e-01	2.23e-03	9.05e-07
 3.02615e+16	9.98e-01	2.12e-03	8.11e-07
 3.03981e+16	9.98e-01	2.00e-03	7.26e-07
 3.05375e+16	9.98e-01	1.89e-03	6.49e-07
 3.06799e+16	9.98e-01	1.79e-03	5.79e-07
 3.08253e+16	9.98e-01	1.69e-03	5.16e-07
 3.09738e+16	9.98e-01	1.59e-03	4.60e-07
 3.11256e+16	9.98e-01	1.50e-03	4.08e-07
 3.12808e+16	9.99e-01	1.41e-03	3.62e-07
 3.14396e+16	9.99e-01	1.33e-03	3.21e-07
 3.16022e+16	9.99e-01	1.25e-03	2.84e-07
 3.17687e+16	9.99e-01	1.17e-03	2.50e-07
 3.19395e+16	9.99e-01	1.10e-03	2.20e-07
 3.21145e+16	9.99e-01	1.03e-03	1.93e-07
 3.22941e+16	9.99e-01	9.67e-04	1.69e-07
 3.24789e+16	9.99e-01	9.05e-04	1.48e-07
 3.26689e+16	9.99e-01	8.45e-04	1.29e-07
 3.28646e+16	9.99e-01	7.88e-04	1.12e-07
 3.30662e+16	9.99e-01	7.34e-04	9.70e-08
 3.32701e+16	9.99e-01	6.84e-04	8.40e-08
 3.34796e+16	9.99e-01	6.35e-04	7.24e-08
 3.37020e+16	9.99e-01	5.88e-04	6.19e-08
 3.39345e+16	9.99e-01	5.43e-04	5.26e-08
 3.41748e+16	9.99e-01	5.00e-04	4.45e-08
 3.44240e+16	1.00e+00	4.60e-04	3.75e-08
 3.46844e+16	1.00e+00	4.22e-04	3.14e-08
 3.49574e+16	1.00e+00	3.85e-04	2.61e-08
 3.52448e+16	1.00e+00	3.50e-04	2.15e-08
 3.55475e+16	1.00e+00	3.17e-04	1.75e-08
 3.58668e+16	1.00e+00	2.85e-04	1.41e-08
 3.62079e+16	1.00e+00	2.55e-04	1.13e-08
 3.65734e+16	1.00e+00	2.27e-04	8.85e-09
 3.69642e+16	1.00e+00	2.00e-04	6.85e-09
 3.73861e+16	1.00e+00	1.75e-04	5.20e-09
 3.78472e+16	1.00e+00	1.51e-04	3.85e-09
 3.83568e+16	1.00e+00	1.29e-04	2.77e-09
 3.89267e+16	1.00e+00	1.08e-04	1.92e-09
 3.95784e+16	1.00e+00	8.79e-05	1.27e-09
 4.03129e+16	1.00e+00	6.99e-05	8.01e-10
 4.11123e+16	1.00e+00	5.46e-05	4.88e-10
 4.19492e+16	1.00e+00	4.23e-05	2.92e-10
 4.27925e+16	1.00e+00	3.27e-05	1.76e-10
 4.36404e+16	1.00e+00	2.54e-05	1.06e-10
 4.45065e+16	1.00e+00	1.96e-05	6.37e-11
 4.53993e+16	1.00e+00	1.50e-05	3.78e-11
 4.63170e+16	1.00e+00	1.15e-05	2.24e-11
 4.72637e+16	1.00e+00	8.78e-06	1.32e-11
 4.82495e+16	1.00e+00	6.65e-06	7.66e-12
 4.92744e+16	1.00e+00	5.01e-06	4.41e-12
 5.03400e+16	1.00e+00	3.76e-06	2.51e-12
 5.14544e+16	1.00e+00	2.80e-06	1.41e-12
 5.26282e+16	1.00e+00	2.07e-06	7.76e-13
 5.38728e+16	1.00e+00	1.51e-06	4.19e-13
 5.51969e+16	1.00e+00	1.09e-06	2.21e-13
 5.66111e+16	1.00e+00	7.76e-07	1.13e-13
 5.81252e+16	1.00e+00	5.46e-07	5.65e-14
 5.96912e+16	1.00e+00	3.83e-07	2.82e-14
 6.12573e+16	1.00e+00	2.72e-07	1.43e-14
 6.28233e+16	1.00e+00	1.95e-07	7.40e-15
 6.43894e+16	1.00e+00	1.41e-07	3.89e-15
 6.59554e+16	1.00e+00	1.03e-07	2.08e-15
 6.75215e+16	1.00e+00	7.54e-08	1.13e-15
 6.90875e+16	1.00e+00	5.58e-08	6.19e-16
 7.06535e+16	1.00e+00	4.16e-08	3.45e-16
 7.22196e+16	1.00e+00	3.12e-08	1.95e-16
 7.40205e+16	1.00e+00	2.24e-08	1.01e-16
 7.60871e+16	1.00e+00	1.56e-08	4.93e-17
 7.81843e+16	1.00e+00	1.10e-08	2.44e-17
 8.04099e+16	1.00e+00	7.59e-09	1.17e-17
 8.28220e+16	1.00e+00	5.16e-09	5.42e-18
 8.52922e+16	1.00e+00	3.53e-09	2.54e-18
 8.77624e+16	1.00e+00	2.44e-09	1.22e-18
 9.03387e+16	1.00e+00	1.67e-09	5.73e-19
 9.30471e+16	1.00e+00	1.14e-09	2.67e-19
 9.58217e+16	1.00e+00	7.80e-10	1.25e-19
 9.86501e+16	1.00e+00	5.35e-10	5.89e-20
 1.01492e+17	1.00e+00	3.70e-10	2.83e-20
 1.04334e+17	1.00e+00	2.59e-10	1.39e-20
 1.07176e+17	1.00e+00	1.83e-10	6.91e-21
 1.10018e+17	1.00e+00	1.30e-10	0.00e+00
 1.12860e+17	1.00e+00	9.35e-11	0.00e+00
 1.15702e+17	1.00e+00	6.77e-11	0.00e+00
 1.18544e+17	1.00e+00	4.94e-11	0.00e+00
 1.21530e+17	1.00e+00	3.57e-11	0.00e+00
 1.24660e+17	1.00e+00	2.57e-11	0.00e+00
 1.27790e+17	1.00e+00	1.87e-11	0.00e+00
 1.30920e+17	1.00e+00	1.37e-11	0.00e+00
 1.34050e+17	1.00e+00	1.02e-11	0.00e+00
 1.37180e+17	1.00e+00	7.68e-12	0.00e+00
 1.40309e+17	1.00e+00	5.86e-12	0.00e+00
 1.43439e+17	1.00e+00	4.53e-12	0.00e+00
 1.46658e+17	1.00e+00	3.53e-12	0.00e+00
 1.49967e+17	1.00e+00	2.78e-12	0.00e+00
 1.53206e+17	1.00e+00	2.25e-12	0.00e+00
 1.56281e+17	1.00e+00	1.88e-12	0.00e+00
 1.59199e+17	1.00e+00	1.62e-12	0.00e+00
 1.62004e+17	1.00e+00	1.43e-12	0.00e+00
 1.64709e+17	1.00e+00	1.28e-12	0.00e+00
 1.67301e+17	1.00e+00	1.17e-12	0.00e+00
 1.69767e+17	1.00e+00	1.09e-12	0.00e+00
 1.72102e+17	1.00e+00	1.03e-12	0.00e+00
 1.74312e+17	1.00e+00	9.80e-13	0.00e+00
 1.76409e+17	1.00e+00	9.43e-13	0.00e+00
 1.78401e+17	1.00e+00	9.15e-13	0.00e+00
 1.80289e+17	1.00e+00	8.92e-13	0.00e+00
 1.82075e+17	1.00e+00	8.74e-13	0.00e+00
 1.83763e+17	1.00e+00	8.60e-13	0.00e+00
 1.85360e+17	1.00e+00	8.49e-13	0.00e+00
 1.86871e+17	1.00e+00	8.39e-13	0.00e+00
 1.88303e+17	1.00e+00	8.32e-13	0.00e+00
 1.89658e+17	1.00e+00	8.26e-13	0.00e+00
 1.90941e+17	1.00e+00	8.21e-13	0.00e+00
 1.92155e+17	1.00e+00	8.17e-13	0.00e+00
 1.93306e+17	1.00e+00	8.14e-13	0.00e+00
 1.94396e+17	1.00e+00	8.11e-13	0.00e+00
 1.95429e+17	1.00e+00	8.09e-13	0.00e+00
 1.96409e+17	1.00e+00	8.07e-13	0.00e+00
 1.97339e+17	1.00e+00	8.06e-13	0.00e+00
 1.98221e+17	1.00e+00	8.04e-13	0.00e+00
 1.99059e+17	1.00e+00	8.03e-13	0.00e+00
 1.99854e+17	1.00e+00	8.03e-13	0.00e+00
 2.00610e+17	1.00e+00	8.02e-13	0.00e+00
 2.01328e+17	1.00e+00	8.01e-13	0.00e+00
 2.02012e+17	1.00e+00	8.01e-13	0.00e+00
 2.02662e+17	1.00e+00	8.00e-13	0.00e+00
 2.03281e+17	1.00e+00	8.00e-13	0.00e+00
 2.03871e+17	1.00e+00	7.99e-13	0.00e+00
 2.04434e+17	1.00e+00	7.99e-13	0.00e+00
 2.04970e+17	1.00e+00	7.99e-13	0.00e+00
 2.05483e+17	1.00e+00	7.99e-13	0.00e+00
 2.05972e+17	1.00e+00	7.98e-13	0.00e+00
 2.06441e+17	1.00e+00	7.98e-13	0.00e+00
 2.06889e+17	1.00e+00	7.98e-13	0.00e+00
 2.07319e+17	1.00e+00	7.98e-13	0.00e+00
 2.07731e+17	1.00e+00	7.98e-13	0.00e+00
 2.08127e+17	1.00e+00	7.98e-13	0.00e+00
 2.08508e+17	1.00e+00	7.98e-13	0.00e+00
 2.08875e+17	1.00e+00	7.97e-13	0.00e+00
 2.09230e+17	1.00e+00	7.97e-13	0.00e+00
 2.09572e+17	1.00e+00	7.97e-13	0.00e+00
 2.09905e+17	1.00e+00	7.97e-13	0.00e+00
 2.10227e+17	1.00e+00	7.97e-13	0.00e+00
 2.10542e+17	1.00e+00	7.97e-13	0.00e+00
 2.10849e+17	1.00e+00	7.96e-13	0.00e+00
 2.11150e+17	1.00e+00	7.96e-13	0.00e+00
 2.11446e+17	1.00e+00	7.96e-13	0.00e+00
 2.11738e+17	1.00e+00	7.96e-13	0.00e+00
 2.12028e+17	1.00e+00	7.95e-13	0.00e+00
 2.12317e+17	1.00e+00	7.95e-13	0.00e+00
 2.12607e+17	1.00e+00	7.95e-13	0.00e+00
 2.12899e+17	1.00e+00	7.94e-13	0.00e+00
 2.13197e+17	1.00e+00	7.94e-13	0.00e+00
 2.13502e+17	1.00e+00	7.93e-13	0.00e+00
 2.13818e+17	1.00e+00	7.93e-13	0.00e+00
 2.14149e+17	1.00e+00	7.92e-13	0.00e+00
 2.14499e+17	1.00e+00	7.91e-13	0.00e+00
 2.14876e+17	1.00e+00	7.90e-13	0.00e+00
 2.15288e+17	1.00e+00	7.89e-13	0.00e+00
 2.15747e+17	1.00e+00	7.87e-13	0.00e+00
 2.16269e+17	1.00e+00	7.85e-13	0.00e+00
 2.16880e+17	1.00e+00	7.82e-13	0.00e+00
 2.17615e+17	1.00e+00	7.78e-13	0.00e+00
 2.18530e+17	1.00e+00	7.72e-13	0.00e+00
 2.19705e+17	1.00e+00	7.62e-13	0.00e+00
 2.21232e+17	1.00e+00	7.47e-13	0.00e+00
 2.23218e+17	1.00e+00	7.23e-13	0.00e+00
 2.25799e+17	1.00e+00	6.89e-13	0.00e+00
 2.29155e+17	1.00e+00	6.43e-13	0.00e+00
 2.33518e+17	1.00e+00	5.82e-13	0.00e+00
 2.39189e+17	1.00e+00	5.06e-13	0.00e+00
 2.46562e+17	1.00e+00	4.19e-13	0.00e+00
 2.55743e+17	1.00e+00	3.23e-13	0.00e+00
 2.65973e+17	1.00e+00	2.49e-13	0.00e+00
 2.76612e+17	1.00e+00	2.20e-13	0.00e+00
 2.87677e+17	1.00e+00	1.99e-13	0.00e+00
 2.99184e+17	1.00e+00	1.79e-13	0.00e+00
 3.11151e+17	1.00e+00	1.60e-13	0.00e+00
 3.23597e+17	1.00e+00	1.41e-13	0.00e+00
 3.36541e+17	1.00e+00	1.24e-13	0.00e+00
 3.50003e+17	1.00e+00	1.07e-13	0.00e+00
 3.64003e+17	1.00e+00	9.19e-14	0.00e+00
 3.77781e+17	1.00e+00	7.73e-14	0.00e+00
 3.90128e+17	1.00e+00	7.78e-14	0.00e+00
 4.00860e+17	1.00e+00	8.72e-14	0.00e+00
 4.10664e+17	1.00e+00	9.27e-14	0.00e+00
 4.20166e+17	1.00e+00	8.97e-14	0.00e+00
 4.29384e+17	1.00e+00	8.17e-14	0.00e+00
 4.37832e+17	1.00e+00	7.57e-14	0.00e+00
 4.45138e+17	1.00e+00	7.41e-14	0.00e+00
 4.51223e+17	1.00e+00	7.38e-14	0.00e+00
 4.55737e+17	1.00e+00	7.40e-14	0.00e+00
 4.58527e+17	1.00e+00	7.74e-14	0.00e+00
 4.60141e+17	1.00e+00	8.04e-14	0.00e+00
 4.61109e+17	1.00e+00	8.23e-14	0.00e+00
 4.61691e+17	1.00e+00	8.34e-14	0.00e+00
 4.62077e+17	1.00e+00	8.40e-14	0.00e+00
 4.62433e+17	1.00e+00	8.44e-14	0.00e+00
 4.62842e+17	1.00e+00	8.48e-14	0.00e+00
 4.63290e+17	1.00e+00	8.50e-14	0.00e+00
 4.63702e+17	1.00e+00	8.51e-14	0.00e+00
 4.64029e+17	1.00e+00	8.52e-14	0.00e+00
 4.64309e+17	1.00e+00	8.52e-14	0.00e+00
 4.64589e+17	1.00e+00	8.52e-14	0.00e+00
 4.64882e+17	1.00e+00	8.51e-14	0.00e+00
 4.65162e+17	1.00e+00	8.50e-14	0.00e+00
 4.65409e+17	1.00e+00	8.48e-14	0.00e+00
 4.65632e+17	1.00e+00	8.47e-14	0.00e+00
 4.65855e+17	1.00e+00	8.45e-14	0.00e+00
 4.66080e+17	1.00e+00	8.43e-14	0.00e+00
 4.66295e+17	1.00e+00	8.41e-14	0.00e+00
 4.66494e+17	1.00e+00	8.39e-14	0.00e+00
 4.66677e+17	1.00e+00	8.37e-14	0.00e+00
 4.66853e+17	1.00e+00	8.35e-14	0.00e+00
 4.67028e+17	1.00e+00	8.33e-14	0.00e+00
 4.67201e+17	1.00e+00	8.31e-14	0.00e+00
 4.67368e+17	1.00e+00	8.28e-14	0.00e+00
 4.67529e+17	1.00e+00	8.26e-14	0.00e+00
 4.67684e+17	1.00e+00	8.24e-14	0.00e+00
 4.67835e+17	1.00e+00	8.21e-14	0.00e+00
 4.67980e+17	1.00e+00	8.19e-14	0.00e+00
 4.68124e+17	1.00e+00	8.16e-14	0.00e+00
 4.68268e+17	1.00e+00	8.14e-14	0.00e+00
 4.68412e+17	1.00e+00	8.11e-14	0.00e+00
 4.68552e+17	1.00e+00	8.08e-14	0.00e+00
 4.68691e+17	1.00e+00	8.06e-14	0.00e+00
 4.68829e+17	1.00e+00	8.03e-14	0.00e+00
 4.68961e+17	1.00e+00	8.00e-14	0.00e+00
 4.69092e+17	1.00e+00	7.97e-14	0.00e+00
 4.69232e+17	1.00e+00	7.94e-14	0.00e+00
 4.69379e+17	1.00e+00	7.91e-14	0.00e+00
 4.69523e+17	1.00e+00	7.87e-14	0.00e+00
 4.69661e+17	1.00e+00	7.84e-14	0.00e+00
 4.69797e+17	1.00e+00	7.81e-14	0.00e+00
 4.69944e+17	1.00e+00	7.78e-14	0.00e+00
 4.70104e+17	1.00e+00	7.73e-14	0.00e+00
 4.70254e+17	1.00e+00	7.69e-14	0.00e+00
 4.70393e+17	1.00e+00	7.66e-14	0.00e+00
 4.70543e+17	1.00e+00	7.62e-14	0.00e+00
 4.70723e+17	1.00e+00	7.58e-14	0.00e+00
 4.70912e+17	1.00e+00	7.52e-14	0.00e+00
 4.71073e+17	1.00e+00	7.47e-14	0.00e+00
 4.71223e+17	1.00e+00	7.43e-14	0.00e+00
 4.71396e+17	1.00e+00	7.39e-14	0.00e+00
 4.71582e+17	1.00e+00	7.33e-14	0.00e+00
 4.71761e+17	1.00e+00	7.28e-14	0.00e+00
 4.71944e+17	1.00e+00	7.23e-14	0.00e+00
 4.72146e+17	1.00e+00	7.17e-14	0.00e+00
 4.72349e+17	1.00e+00	7.10e-14	0.00e+00
 4.72548e+17	1.00e+00	7.04e-14	0.00e+00
 4.72755e+17	1.00e+00	6.98e-14	0.00e+00
 4.72969e+17	1.00e+00	6.92e-14	0.00e+00
 4.73188e+17	1.00e+00	6.84e-14	0.00e+00
 4.73402e+17	1.00e+00	6.78e-14	0.00e+00
 4.73622e+17	1.00e+00	6.71e-14	0.00e+00
 4.73871e+17	1.00e+00	6.63e-14	0.00e+00
 4.74134e+17	1.00e+00	6.55e-14	0.00e+00
 4.74387e+17	1.00e+00	6.46e-14	0.00e+00
 4.74632e+17	1.00e+00	6.38e-14	0.00e+00
 4.74885e+17	1.00e+00	6.30e-14	0.00e+00
 4.75157e+17	1.00e+00	6.22e-14	0.00e+00
 4.75453e+17	1.00e+00	6.12e-14	0.00e+00
 4.75753e+17	1.00e+00	6.02e-14	0.00e+00
 4.76042e+17	1.00e+00	5.92e-14	0.00e+00
 4.76331e+17	1.00e+00	5.83e-14	0.00e+00
 4.76650e+17	1.00e+00	5.73e-14	0.00e+00
 4.76988e+17	1.00e+00	5.61e-14	0.00e+00
 4.77313e+17	1.00e+00	5.51e-14	0.00e+00
 4.77643e+17	1.00e+00	5.40e-14	0.00e+00
 4.77992e+17	1.00e+00	5.29e-14	0.00e+00
 4.78358e+17	1.00e+00	5.17e-14	0.00e+00
 4.78722e+17	1.00e+00	5.05e-14	0.00e+00
 4.79082e+17	1.00e+00	4.93e-14	0.00e+00
 4.79464e+17	1.00e+00	4.82e-14	0.00e+00
 4.79867e+17	1.00e+00	4.69e-14	0.00e+00
 4.80272e+17	1.00e+00	4.56e-14	0.00e+00
 4.80679e+17	1.00e+00	4.43e-14	0.00e+00
 4.81090e+17	1.00e+00	4.30e-14	0.00e+00
 4.81509e+17	1.00e+00	4.18e-14	0.00e+00
 4.81949e+17	1.00e+00	4.05e-14	0.00e+00
 4.82411e+17	1.00e+00	3.91e-14	0.00e+00
 4.82880e+17	1.00e+00	3.77e-14	0.00e+00
 4.83346e+17	1.00e+00	3.63e-14	0.00e+00
 4.83816e+17	1.00e+00	3.50e-14	0.00e+00
 4.84299e+17	1.00e+00	3.37e-14	0.00e+00
 4.84804e+17	1.00e+00	3.23e-14	0.00e+00
 4.85315e+17	1.00e+00	3.10e-14	0.00e+00
 4.85839e+17	1.00e+00	2.96e-14	0.00e+00
 4.86378e+17	1.00e+00	2.82e-14	0.00e+00
 4.86918e+17	1.00e+00	2.69e-14	0.00e+00
 4.87457e+17	1.00e+00	2.56e-14	0.00e+00
 4.88033e+17	1.00e+00	2.43e-14	0.00e+00
 4.88641e+17	1.00e+00	2.29e-14	0.00e+00
 4.89241e+17	1.00e+00	2.16e-14	0.00e+00
 4.89835e+17	1.00e+00	2.04e-14	0.00e+00
 4.90453e+17	1.00e+00	1.92e-14	0.00e+00
 4.91117e+17	1.00e+00	1.79e-14	0.00e+00
 4.91804e+17	1.00e+00	1.67e-14	0.00e+00
 4.92493e+17	1.00e+00	1.55e-14	0.00e+00
 4.93183e+17	1.00e+00	1.43e-14	0.00e+00
 4.93846e+17	1.00e+00	1.33e-14	0.00e+00
 4.94435e+17	1.00e+00	1.23e-14	0.00e+00
 4.94945e+17	1.00e+00	1.16e-14	0.00e+00
 4.95410e+17	1.00e+00	1.09e-14	0.00e+00
 4.95862e+17	1.00e+00	1.04e-14	0.00e+00
 4.96306e+17	1.00e+00	9.81e-15	0.00e+00
 4.96734e+17	1.00e+00	9.30e-15	0.00e+00
 4.97133e+17	1.00e+00	8.83e-15	0.00e+00
 4.97506e+17	1.00e+00	8.42e-15	0.00e+00
 4.97864e+17	1.00e+00	8.03e-15	0.00e+00
 4.98213e+17	1.00e+00	7.68e-15	0.00e+00
 4.98553e+17	1.00e+00	7.34e-15	0.00e+00
 4.98879e+17	1.00e+00	7.02e-15	0.00e+00
 4.99191e+17	1.00e+00	6.72e-15	0.00e+00
 4.99490e+17	1.00e+00	6.44e-15	0.00e+00
 4.99780e+17	1.00e+00	6.19e-15	0.00e+00
 5.00061e+17	1.00e+00	5.94e-15	0.00e+00
 5.00333e+17	1.00e+00	5.71e-15	0.00e+00
 5.00596e+17	1.00e+00	5.49e-15	0.00e+00
 5.00850e+17	1.00e+00	5.27e-15	0.00e+00
 5.01095e+17	1.00e+00	5.08e-15	0.00e+00
 5.01333e+17	1.00e+00	4.89e-15	0.00e+00
 5.01565e+17	1.00e+00	4.72e-15	0.00e+00
 5.01791e+17	1.00e+00	4.55e-15	0.00e+00
 5.02012e+17	1.00e+00	4.39e-15	0.00e+00
 5.02227e+17	1.00e+00	4.24e-15	0.00e+00
 5.02434e+17	1.00e+00	4.09e-15	0.00e+00
 5.02634e+17	1.00e+00	3.95e-15	0.00e+00
 5.02828e+17	1.00e+00	3.82e-15	0.00e+00
 5.03020e+17	1.00e+00	3.70e-15	0.00e+00
 5.03240e+17	1.00e+00	3.58e-15	0.00e+00
 5.03525e+17	1.00e+00	3.43e-15	0.00e+00
 5.03896e+17	1.00e+00	3.24e-15	0.00e+00
 5.04378e+17	1.00e+00	3.00e-15	0.00e+00
 5.05005e+17	1.00e+00	2.72e-15	0.00e+00
 5.05820e+17	1.00e+00	2.37e-15	0.00e+00
 5.06784e+17	1.00e+00	1.99e-15	0.00e+00
 5.07693e+17	1.00e+00	1.63e-15	0.00e+00
 5.08386e+17	1.00e+00	1.39e-15	0.00e+00
 5.08907e+17	1.00e+00	1.24e-15	0.00e+00
 5.09392e+17	1.00e+00	1.13e-15	0.00e+00
 5.09940e+17	1.00e+00	1.02e-15	0.00e+00
 5.10555e+17	1.00e+00	9.03e-16	0.00e+00
 5.11180e+17	1.00e+00	7.94e-16	0.00e+00
 5.11760e+17	1.00e+00	7.00e-16	0.00e+00
 5.12295e+17	1.00e+00	6.26e-16	0.00e+00
 5.12831e+17	1.00e+00	5.63e-16	0.00e+00
 5.13409e+17	1.00e+00	5.03e-16	0.00e+00
 5.14028e+17	1.00e+00	4.44e-16	0.00e+00
