#depth	C	C+	C+2	C+3	C+4	C+5	C+6	C[1]	C[2]	C[3]	C+[1]	C+[2]	CO
 1.49634e+10	2.38e-45	4.67e-34	7.36e-24	3.46e-14	5.32e-04	5.73e-01	4.27e-01	0.00e+00	0.00e+00	0.00e+00	0.00e+00	0.00e+00	2.83e-144
 4.54887e+10	0.00e+00	6.57e-34	9.57e-24	4.16e-14	5.91e-04	5.92e-01	4.07e-01	0.00e+00	0.00e+00	0.00e+00	0.00e+00	0.00e+00	4.27e-188
 7.72350e+10	5.56e-45	9.32e-34	1.25e-23	5.03e-14	6.61e-04	6.11e-01	3.88e-01	0.00e+00	0.00e+00	0.00e+00	0.00e+00	0.00e+00	2.70e-143
 1.10251e+11	0.00e+00	1.32e-33	1.64e-23	6.09e-14	7.38e-04	6.30e-01	3.69e-01	0.00e+00	0.00e+00	0.00e+00	0.00e+00	0.00e+00	2.16e-187
 1.42491e+11	1.27e-44	1.83e-33	2.11e-23	7.26e-14	8.17e-04	6.47e-01	3.52e-01	0.00e+00	0.00e+00	0.00e+00	0.00e+00	0.00e+00	2.43e-142
 1.72751e+11	0.00e+00	2.46e-33	2.65e-23	8.54e-14	8.98e-04	6.62e-01	3.37e-01	0.00e+00	0.00e+00	0.00e+00	0.00e+00	0.00e+00	1.07e-186
 2.06319e+11	2.71e-44	3.39e-33	3.40e-23	1.02e-13	9.93e-04	6.78e-01	3.21e-01	0.00e+00	0.00e+00	0.00e+00	0.00e+00	0.00e+00	1.81e-141
 2.44499e+11	0.00e+00	4.78e-33	4.43e-23	1.22e-13	1.10e-03	6.95e-01	3.04e-01	0.00e+00	0.00e+00	0.00e+00	0.00e+00	0.00e+00	4.38e-186
 2.82549e+11	6.23e-44	6.66e-33	5.71e-23	1.46e-13	1.22e-03	7.11e-01	2.88e-01	0.00e+00	0.00e+00	0.00e+00	0.00e+00	0.00e+00	1.66e-140
 3.22121e+11	0.00e+00	9.29e-33	7.38e-23	1.75e-13	1.35e-03	7.26e-01	2.72e-01	0.00e+00	0.00e+00	0.00e+00	0.00e+00	0.00e+00	2.15e-185
 3.64932e+11	1.43e-43	1.31e-32	9.62e-23	2.10e-13	1.50e-03	7.42e-01	2.57e-01	0.00e+00	0.00e+00	0.00e+00	0.00e+00	0.00e+00	1.54e-139
 4.09457e+11	0.00e+00	1.85e-32	1.25e-22	2.52e-13	1.67e-03	7.57e-01	2.42e-01	0.00e+00	0.00e+00	0.00e+00	0.00e+00	0.00e+00	1.04e-184
 4.55762e+11	3.36e-43	2.61e-32	1.63e-22	3.03e-13	1.85e-03	7.71e-01	2.27e-01	0.00e+00	0.00e+00	0.00e+00	0.00e+00	0.00e+00	1.49e-138
 5.03919e+11	0.00e+00	3.68e-32	2.12e-22	3.64e-13	2.05e-03	7.84e-01	2.13e-01	0.00e+00	0.00e+00	0.00e+00	0.00e+00	0.00e+00	5.17e-184
 5.54002e+11	7.84e-43	5.19e-32	2.77e-22	4.37e-13	2.27e-03	7.98e-01	2.00e-01	0.00e+00	0.00e+00	0.00e+00	0.00e+00	0.00e+00	1.45e-137
 6.06089e+11	0.00e+00	7.33e-32	3.60e-22	5.25e-13	2.51e-03	8.10e-01	1.88e-01	0.00e+00	0.00e+00	0.00e+00	0.00e+00	0.00e+00	2.54e-183
 6.60260e+11	1.83e-42	1.03e-31	4.68e-22	6.30e-13	2.78e-03	8.22e-01	1.76e-01	0.00e+00	0.00e+00	0.00e+00	0.00e+00	0.00e+00	1.42e-136
 7.16597e+11	0.00e+00	1.46e-31	6.10e-22	7.56e-13	3.08e-03	8.33e-01	1.64e-01	0.00e+00	0.00e+00	0.00e+00	0.00e+00	0.00e+00	1.23e-182
 7.75187e+11	4.29e-42	2.06e-31	7.93e-22	9.06e-13	3.40e-03	8.43e-01	1.53e-01	0.00e+00	0.00e+00	0.00e+00	0.00e+00	0.00e+00	1.39e-135
 8.36122e+11	0.00e+00	2.90e-31	1.03e-21	1.09e-12	3.76e-03	8.53e-01	1.43e-01	0.00e+00	0.00e+00	0.00e+00	0.00e+00	0.00e+00	5.76e-182
 8.93689e+11	9.68e-42	3.97e-31	1.31e-21	1.28e-12	4.12e-03	8.62e-01	1.34e-01	0.00e+00	0.00e+00	0.00e+00	0.00e+00	0.00e+00	1.24e-134
 9.45598e+11	0.00e+00	5.22e-31	1.62e-21	1.48e-12	4.46e-03	8.69e-01	1.27e-01	0.00e+00	0.00e+00	0.00e+00	0.00e+00	0.00e+00	5.80e-193
 1.00403e+12	1.97e-41	7.05e-31	2.04e-21	1.73e-12	4.87e-03	8.76e-01	1.19e-01	0.00e+00	0.00e+00	0.00e+00	0.00e+00	0.00e+00	8.33e-134
 1.07276e+12	0.00e+00	9.90e-31	2.64e-21	2.07e-12	5.36e-03	8.84e-01	1.11e-01	0.00e+00	0.00e+00	0.00e+00	0.00e+00	0.00e+00	7.72e-181
 1.14124e+12	4.49e-41	1.37e-30	3.38e-21	2.46e-12	5.88e-03	8.91e-01	1.03e-01	0.00e+00	0.00e+00	0.00e+00	0.00e+00	0.00e+00	7.60e-133
 1.20609e+12	0.00e+00	1.85e-30	4.25e-21	2.87e-12	6.41e-03	8.97e-01	9.69e-02	0.00e+00	0.00e+00	0.00e+00	0.00e+00	0.00e+00	2.58e-180
 1.27789e+12	9.67e-41	2.55e-30	5.43e-21	3.40e-12	7.03e-03	9.03e-01	9.04e-02	0.00e+00	0.00e+00	0.00e+00	0.00e+00	0.00e+00	5.95e-132
 1.35893e+12	0.00e+00	3.61e-30	7.09e-21	4.08e-12	7.76e-03	9.08e-01	8.38e-02	0.00e+00	0.00e+00	0.00e+00	0.00e+00	0.00e+00	3.05e-180
 1.44029e+12	2.26e-40	5.05e-30	9.16e-21	4.86e-12	8.54e-03	9.14e-01	7.77e-02	0.00e+00	0.00e+00	0.00e+00	0.00e+00	0.00e+00	5.81e-131
 1.52491e+12	0.00e+00	7.10e-30	1.19e-20	5.81e-12	9.40e-03	9.19e-01	7.21e-02	0.00e+00	0.00e+00	0.00e+00	0.00e+00	0.00e+00	0.00e+00
 1.61583e+12	5.32e-40	1.01e-29	1.55e-20	6.97e-12	1.04e-02	9.23e-01	6.66e-02	0.00e+00	0.00e+00	0.00e+00	0.00e+00	0.00e+00	5.75e-130
 1.71039e+12	0.00e+00	1.43e-29	2.03e-20	8.38e-12	1.15e-02	9.27e-01	6.15e-02	0.00e+00	0.00e+00	0.00e+00	0.00e+00	0.00e+00	0.00e+00
 1.80060e+12	1.23e-39	1.98e-29	2.60e-20	9.91e-12	1.25e-02	9.30e-01	5.71e-02	0.00e+00	0.00e+00	0.00e+00	0.00e+00	0.00e+00	5.41e-129
 1.88339e+12	0.00e+00	2.64e-29	3.24e-20	1.15e-11	1.36e-02	9.33e-01	5.35e-02	0.00e+00	0.00e+00	0.00e+00	0.00e+00	0.00e+00	0.00e+00
 1.97722e+12	2.61e-39	3.64e-29	4.13e-20	1.36e-11	1.49e-02	9.35e-01	4.97e-02	0.00e+00	0.00e+00	0.00e+00	0.00e+00	0.00e+00	4.05e-128
 2.08582e+12	0.00e+00	5.18e-29	5.42e-20	1.63e-11	1.64e-02	9.38e-01	4.57e-02	0.00e+00	0.00e+00	0.00e+00	0.00e+00	0.00e+00	0.00e+00
 2.19252e+12	6.15e-39	7.26e-29	7.01e-20	1.95e-11	1.80e-02	9.40e-01	4.22e-02	0.00e+00	0.00e+00	0.00e+00	0.00e+00	0.00e+00	3.99e-127
 2.29375e+12	0.00e+00	9.87e-29	8.86e-20	2.28e-11	1.96e-02	9.41e-01	3.93e-02	0.00e+00	0.00e+00	0.00e+00	0.00e+00	0.00e+00	0.00e+00
 2.40569e+12	1.36e-38	1.38e-28	1.14e-19	2.71e-11	2.15e-02	9.42e-01	3.63e-02	0.00e+00	0.00e+00	0.00e+00	0.00e+00	0.00e+00	3.32e-126
 2.53184e+12	0.00e+00	1.97e-28	1.50e-19	3.27e-11	2.37e-02	9.43e-01	3.33e-02	0.00e+00	0.00e+00	0.00e+00	0.00e+00	0.00e+00	0.00e+00
 2.65904e+12	3.30e-38	2.80e-28	1.96e-19	3.91e-11	2.61e-02	9.43e-01	3.06e-02	0.00e+00	0.00e+00	0.00e+00	0.00e+00	0.00e+00	3.48e-125
 2.79133e+12	0.00e+00	3.99e-28	2.57e-19	4.70e-11	2.87e-02	9.43e-01	2.80e-02	0.00e+00	0.00e+00	0.00e+00	0.00e+00	0.00e+00	0.00e+00
 2.93291e+12	8.04e-38	5.74e-28	3.39e-19	5.67e-11	3.17e-02	9.43e-01	2.56e-02	0.00e+00	0.00e+00	0.00e+00	0.00e+00	0.00e+00	3.70e-124
 3.08015e+12	0.00e+00	8.26e-28	4.49e-19	6.84e-11	3.50e-02	9.42e-01	2.34e-02	0.00e+00	0.00e+00	0.00e+00	0.00e+00	0.00e+00	0.00e+00
 3.23328e+12	1.99e-37	1.19e-27	5.93e-19	8.26e-11	3.86e-02	9.40e-01	2.14e-02	0.00e+00	0.00e+00	0.00e+00	0.00e+00	0.00e+00	4.12e-123
 3.39254e+12	0.00e+00	1.72e-27	7.86e-19	9.98e-11	4.26e-02	9.38e-01	1.95e-02	0.00e+00	0.00e+00	0.00e+00	0.00e+00	0.00e+00	0.00e+00
 3.55212e+12	4.90e-37	2.45e-27	1.03e-18	1.20e-10	4.68e-02	9.35e-01	1.78e-02	0.00e+00	0.00e+00	0.00e+00	0.00e+00	0.00e+00	4.44e-122
 3.71808e+12	0.00e+00	3.50e-27	1.35e-18	1.44e-10	5.14e-02	9.32e-01	1.62e-02	0.00e+00	0.00e+00	0.00e+00	0.00e+00	0.00e+00	0.00e+00
 3.89673e+12	1.21e-36	5.07e-27	1.80e-18	1.74e-10	5.66e-02	9.29e-01	1.47e-02	0.00e+00	0.00e+00	0.00e+00	0.00e+00	0.00e+00	4.83e-121
 4.08252e+12	0.00e+00	7.35e-27	2.38e-18	2.10e-10	6.24e-02	9.24e-01	1.34e-02	0.00e+00	0.00e+00	0.00e+00	0.00e+00	0.00e+00	0.00e+00
 4.27575e+12	3.04e-36	1.07e-26	3.17e-18	2.54e-10	6.87e-02	9.19e-01	1.21e-02	0.00e+00	0.00e+00	0.00e+00	0.00e+00	0.00e+00	5.52e-120
 4.47671e+12	0.00e+00	1.55e-26	4.21e-18	3.08e-10	7.56e-02	9.13e-01	1.09e-02	0.00e+00	0.00e+00	0.00e+00	0.00e+00	0.00e+00	0.00e+00
 4.68570e+12	7.68e-36	2.24e-26	5.60e-18	3.73e-10	8.31e-02	9.07e-01	9.89e-03	0.00e+00	0.00e+00	0.00e+00	0.00e+00	0.00e+00	6.32e-119
 4.87554e+12	0.00e+00	3.11e-26	7.20e-18	4.40e-10	9.03e-02	9.01e-01	9.03e-03	0.00e+00	0.00e+00	0.00e+00	0.00e+00	0.00e+00	0.00e+00
 5.03499e+12	1.60e-35	4.05e-26	8.82e-18	5.04e-10	9.66e-02	8.95e-01	8.38e-03	0.00e+00	0.00e+00	0.00e+00	0.00e+00	0.00e+00	4.38e-118
 5.21015e+12	0.00e+00	5.37e-26	1.10e-17	5.83e-10	1.04e-01	8.89e-01	7.74e-03	0.00e+00	0.00e+00	0.00e+00	0.00e+00	0.00e+00	0.00e+00
 5.43031e+12	3.48e-35	7.57e-26	1.43e-17	6.95e-10	1.13e-01	8.80e-01	7.01e-03	0.00e+00	0.00e+00	0.00e+00	0.00e+00	0.00e+00	3.40e-117
 5.65900e+12	0.00e+00	1.07e-25	1.86e-17	8.28e-10	1.23e-01	8.71e-01	6.34e-03	0.00e+00	0.00e+00	0.00e+00	0.00e+00	0.00e+00	4.67e-100
 5.85628e+12	7.61e-35	1.42e-25	2.31e-17	9.58e-10	1.32e-01	8.62e-01	5.82e-03	0.00e+00	0.00e+00	0.00e+00	0.00e+00	0.00e+00	0.00e+00
 6.06268e+12	1.09e-34	1.89e-25	2.89e-17	1.11e-09	1.41e-01	8.53e-01	5.33e-03	0.00e+00	0.00e+00	0.00e+00	0.00e+00	0.00e+00	6.86e-116
 6.31789e+12	1.67e-34	2.67e-25	3.76e-17	1.32e-09	1.54e-01	8.41e-01	4.80e-03	0.00e+00	0.00e+00	0.00e+00	0.00e+00	0.00e+00	1.44e-97
 6.57467e+12	2.52e-34	3.72e-25	4.86e-17	1.57e-09	1.66e-01	8.29e-01	4.33e-03	0.00e+00	0.00e+00	0.00e+00	0.00e+00	0.00e+00	0.00e+00
 6.79852e+12	3.56e-34	4.91e-25	6.03e-17	1.81e-09	1.78e-01	8.18e-01	3.96e-03	0.00e+00	0.00e+00	0.00e+00	0.00e+00	0.00e+00	1.57e-114
 7.04145e+12	5.10e-34	6.56e-25	7.54e-17	2.10e-09	1.90e-01	8.06e-01	3.60e-03	0.00e+00	0.00e+00	0.00e+00	0.00e+00	0.00e+00	1.69e-96
 7.33730e+12	7.78e-34	9.22e-25	9.81e-17	2.49e-09	2.06e-01	7.91e-01	3.22e-03	0.00e+00	0.00e+00	0.00e+00	0.00e+00	0.00e+00	0.00e+00
 7.63704e+12	1.17e-33	1.28e-24	1.26e-16	2.95e-09	2.22e-01	7.75e-01	2.88e-03	0.00e+00	0.00e+00	0.00e+00	0.00e+00	0.00e+00	3.73e-113
 7.90958e+12	1.67e-33	1.71e-24	1.58e-16	3.41e-09	2.37e-01	7.61e-01	2.61e-03	0.00e+00	0.00e+00	0.00e+00	0.00e+00	0.00e+00	2.31e-95
 8.21167e+12	2.43e-33	2.31e-24	2.00e-16	3.98e-09	2.53e-01	7.44e-01	2.34e-03	0.00e+00	0.00e+00	0.00e+00	0.00e+00	0.00e+00	2.65e-112
 8.56503e+12	3.71e-33	3.24e-24	2.60e-16	4.73e-09	2.73e-01	7.25e-01	2.07e-03	0.00e+00	0.00e+00	0.00e+00	0.00e+00	0.00e+00	1.35e-94
 8.91579e+12	5.52e-33	4.47e-24	3.33e-16	5.56e-09	2.92e-01	7.06e-01	1.84e-03	0.00e+00	0.00e+00	0.00e+00	0.00e+00	0.00e+00	2.42e-111
 9.25037e+12	7.92e-33	5.98e-24	4.17e-16	6.44e-09	3.11e-01	6.87e-01	1.64e-03	0.00e+00	0.00e+00	0.00e+00	0.00e+00	0.00e+00	7.26e-94
 9.62010e+12	1.16e-32	8.13e-24	5.29e-16	7.52e-09	3.31e-01	6.67e-01	1.46e-03	0.00e+00	0.00e+00	0.00e+00	0.00e+00	0.00e+00	1.83e-110
 1.00348e+13	1.74e-32	1.13e-23	6.82e-16	8.87e-09	3.54e-01	6.45e-01	1.28e-03	0.00e+00	0.00e+00	0.00e+00	0.00e+00	0.00e+00	4.21e-93
 1.04529e+13	2.57e-32	1.55e-23	8.70e-16	1.04e-08	3.76e-01	6.23e-01	1.12e-03	0.00e+00	0.00e+00	0.00e+00	0.00e+00	0.00e+00	1.63e-109
 1.08273e+13	3.59e-32	2.02e-23	1.07e-15	1.18e-08	3.96e-01	6.03e-01	1.00e-03	0.00e+00	0.00e+00	0.00e+00	0.00e+00	0.00e+00	2.13e-92
 1.11566e+13	4.75e-32	2.53e-23	1.27e-15	1.33e-08	4.13e-01	5.86e-01	9.09e-04	0.00e+00	0.00e+00	0.00e+00	0.00e+00	0.00e+00	8.96e-109
 1.15278e+13	6.44e-32	3.23e-23	1.54e-15	1.50e-08	4.32e-01	5.67e-01	8.16e-04	0.00e+00	0.00e+00	0.00e+00	0.00e+00	0.00e+00	7.95e-92
 1.19424e+13	8.92e-32	4.20e-23	1.88e-15	1.70e-08	4.53e-01	5.47e-01	7.25e-04	0.00e+00	0.00e+00	0.00e+00	0.00e+00	0.00e+00	5.23e-108
 1.23331e+13	1.20e-31	5.32e-23	2.26e-15	1.91e-08	4.72e-01	5.28e-01	6.50e-04	0.00e+00	0.00e+00	0.00e+00	0.00e+00	0.00e+00	3.24e-91
 1.27607e+13	1.63e-31	6.82e-23	2.74e-15	2.16e-08	4.92e-01	5.08e-01	5.78e-04	0.00e+00	0.00e+00	0.00e+00	0.00e+00	0.00e+00	2.87e-107
 1.32376e+13	2.26e-31	8.88e-23	3.36e-15	2.45e-08	5.13e-01	4.86e-01	5.09e-04	0.00e+00	0.00e+00	0.00e+00	0.00e+00	0.00e+00	1.39e-90
 1.36868e+13	3.04e-31	1.13e-22	4.03e-15	2.75e-08	5.33e-01	4.67e-01	4.52e-04	0.00e+00	0.00e+00	0.00e+00	0.00e+00	0.00e+00	1.72e-106
 1.41786e+13	4.14e-31	1.44e-22	4.88e-15	3.10e-08	5.53e-01	4.46e-01	3.99e-04	0.00e+00	0.00e+00	0.00e+00	0.00e+00	0.00e+00	5.59e-90
 1.47290e+13	5.77e-31	1.88e-22	5.99e-15	3.52e-08	5.75e-01	4.25e-01	3.48e-04	0.00e+00	0.00e+00	0.00e+00	0.00e+00	0.00e+00	1.10e-105
 1.52503e+13	7.78e-31	2.40e-22	7.20e-15	3.95e-08	5.95e-01	4.05e-01	3.06e-04	0.00e+00	0.00e+00	0.00e+00	0.00e+00	0.00e+00	2.41e-89
 1.57303e+13	1.01e-30	2.96e-22	8.47e-15	4.36e-08	6.12e-01	3.88e-01	2.73e-04	0.00e+00	0.00e+00	0.00e+00	0.00e+00	0.00e+00	5.71e-105
 1.62618e+13	1.34e-30	3.71e-22	1.01e-14	4.85e-08	6.30e-01	3.70e-01	2.41e-04	0.00e+00	0.00e+00	0.00e+00	0.00e+00	0.00e+00	8.63e-89
 1.68581e+13	1.82e-30	4.72e-22	1.21e-14	5.43e-08	6.49e-01	3.50e-01	2.10e-04	0.00e+00	0.00e+00	0.00e+00	0.00e+00	0.00e+00	3.21e-104
 1.74213e+13	2.39e-30	5.88e-22	1.43e-14	6.02e-08	6.67e-01	3.33e-01	1.86e-04	0.00e+00	0.00e+00	0.00e+00	0.00e+00	0.00e+00	3.34e-88
 1.80361e+13	3.17e-30	7.38e-22	1.70e-14	6.69e-08	6.84e-01	3.16e-01	1.63e-04	0.00e+00	0.00e+00	0.00e+00	0.00e+00	0.00e+00	1.71e-103
 1.87158e+13	4.29e-30	9.40e-22	2.05e-14	7.48e-08	7.02e-01	2.98e-01	1.41e-04	0.00e+00	0.00e+00	0.00e+00	0.00e+00	0.00e+00	1.35e-87
 1.93448e+13	5.61e-30	1.16e-21	2.41e-14	8.24e-08	7.18e-01	2.82e-01	1.24e-04	0.00e+00	0.00e+00	0.00e+00	0.00e+00	0.00e+00	9.59e-103
 2.00277e+13	7.41e-30	1.45e-21	2.86e-14	9.12e-08	7.34e-01	2.66e-01	1.08e-04	0.00e+00	0.00e+00	0.00e+00	0.00e+00	0.00e+00	5.04e-87
 2.07918e+13	9.98e-30	1.84e-21	3.42e-14	1.02e-07	7.50e-01	2.50e-01	9.31e-05	0.00e+00	0.00e+00	0.00e+00	0.00e+00	0.00e+00	5.62e-102
 2.15129e+13	1.31e-29	2.29e-21	4.03e-14	1.12e-07	7.64e-01	2.35e-01	8.12e-05	0.00e+00	0.00e+00	0.00e+00	0.00e+00	0.00e+00	2.00e-86
 2.23019e+13	1.73e-29	2.86e-21	4.77e-14	1.24e-07	7.79e-01	2.21e-01	7.04e-05	0.00e+00	0.00e+00	0.00e+00	0.00e+00	0.00e+00	3.12e-101
 2.31821e+13	2.35e-29	3.64e-21	5.72e-14	1.38e-07	7.94e-01	2.06e-01	6.02e-05	0.00e+00	0.00e+00	0.00e+00	0.00e+00	0.00e+00	8.44e-86
 2.40116e+13	3.08e-29	4.52e-21	6.73e-14	1.51e-07	8.06e-01	1.94e-01	5.22e-05	0.00e+00	0.00e+00	0.00e+00	0.00e+00	0.00e+00	1.89e-100
 2.49099e+13	4.09e-29	5.66e-21	7.97e-14	1.67e-07	8.19e-01	1.81e-01	4.50e-05	0.00e+00	0.00e+00	0.00e+00	0.00e+00	0.00e+00	3.37e-85
 2.59159e+13	5.54e-29	7.20e-21	9.54e-14	1.85e-07	8.32e-01	1.68e-01	3.83e-05	0.00e+00	0.00e+00	0.00e+00	0.00e+00	0.00e+00	1.21e-99
 2.68895e+13	7.36e-29	9.00e-21	1.13e-13	2.04e-07	8.43e-01	1.57e-01	3.30e-05	0.00e+00	0.00e+00	0.00e+00	0.00e+00	0.00e+00	1.47e-84
 2.79225e+13	9.81e-29	1.13e-20	1.33e-13	2.24e-07	8.54e-01	1.46e-01	2.83e-05	0.00e+00	0.00e+00	0.00e+00	0.00e+00	0.00e+00	7.46e-99
 2.90693e+13	1.33e-28	1.44e-20	1.59e-13	2.48e-07	8.64e-01	1.36e-01	2.40e-05	0.00e+00	0.00e+00	0.00e+00	0.00e+00	0.00e+00	6.67e-84
 3.02292e+13	1.79e-28	1.81e-20	1.89e-13	2.74e-07	8.74e-01	1.26e-01	2.04e-05	0.00e+00	0.00e+00	0.00e+00	0.00e+00	0.00e+00	5.17e-98
 3.14354e+13	2.41e-28	2.29e-20	2.24e-13	3.01e-07	8.83e-01	1.17e-01	1.74e-05	0.00e+00	0.00e+00	0.00e+00	0.00e+00	0.00e+00	3.07e-83
 3.27228e+13	3.26e-28	2.90e-20	2.67e-13	3.32e-07	8.92e-01	1.08e-01	1.48e-05	0.00e+00	0.00e+00	0.00e+00	0.00e+00	0.00e+00	3.60e-97
 3.39430e+13	4.30e-28	3.60e-20	3.12e-13	3.63e-07	8.99e-01	1.01e-01	1.27e-05	0.00e+00	0.00e+00	0.00e+00	0.00e+00	0.00e+00	1.39e-82
 3.50484e+13	5.47e-28	4.35e-20	3.58e-13	3.91e-07	9.05e-01	9.45e-02	1.11e-05	0.00e+00	0.00e+00	0.00e+00	0.00e+00	0.00e+00	1.94e-96
 3.60915e+13	6.82e-28	5.17e-20	4.06e-13	4.19e-07	9.11e-01	8.93e-02	9.87e-06	0.00e+00	0.00e+00	0.00e+00	0.00e+00	0.00e+00	4.66e-82
 3.72447e+13	8.66e-28	6.22e-20	4.63e-13	4.51e-07	9.16e-01	8.39e-02	8.68e-06	0.00e+00	0.00e+00	0.00e+00	0.00e+00	0.00e+00	8.65e-96
 3.85385e+13	1.12e-27	7.61e-20	5.35e-13	4.88e-07	9.21e-01	7.85e-02	7.55e-06	0.00e+00	0.00e+00	0.00e+00	0.00e+00	0.00e+00	1.73e-81
 3.97701e+13	1.42e-27	9.15e-20	6.11e-13	5.24e-07	9.26e-01	7.38e-02	6.64e-06	0.00e+00	0.00e+00	0.00e+00	0.00e+00	0.00e+00	4.38e-95
 4.11265e+13	1.83e-27	1.11e-19	7.03e-13	5.66e-07	9.31e-01	6.91e-02	5.79e-06	0.00e+00	0.00e+00	0.00e+00	0.00e+00	0.00e+00	6.39e-81
 4.26418e+13	2.41e-27	1.38e-19	8.17e-13	6.14e-07	9.36e-01	6.43e-02	5.00e-06	0.00e+00	0.00e+00	0.00e+00	0.00e+00	0.00e+00	2.47e-94
 4.40317e+13	3.08e-27	1.66e-19	9.33e-13	6.60e-07	9.40e-01	6.04e-02	4.39e-06	0.00e+00	0.00e+00	0.00e+00	0.00e+00	0.00e+00	2.55e-80
 4.53047e+13	3.82e-27	1.96e-19	1.05e-12	7.03e-07	9.43e-01	5.71e-02	3.90e-06	0.00e+00	0.00e+00	0.00e+00	0.00e+00	0.00e+00	1.11e-93
 4.67577e+13	4.86e-27	2.36e-19	1.20e-12	7.53e-07	9.46e-01	5.36e-02	3.44e-06	0.00e+00	0.00e+00	0.00e+00	0.00e+00	0.00e+00	8.70e-80
 4.85455e+13	6.48e-27	2.95e-19	1.40e-12	8.17e-07	9.50e-01	4.98e-02	2.96e-06	0.00e+00	0.00e+00	0.00e+00	0.00e+00	0.00e+00	6.29e-93
 5.03394e+13	8.53e-27	3.64e-19	1.62e-12	8.85e-07	9.54e-01	4.64e-02	2.55e-06	0.00e+00	0.00e+00	0.00e+00	0.00e+00	0.00e+00	3.96e-79
 5.18998e+13	1.08e-26	4.36e-19	1.83e-12	9.45e-07	9.56e-01	4.37e-02	2.25e-06	0.00e+00	0.00e+00	0.00e+00	0.00e+00	0.00e+00	3.35e-92
 5.35860e+13	1.38e-26	5.26e-19	2.09e-12	1.01e-06	9.59e-01	4.10e-02	1.98e-06	0.00e+00	0.00e+00	0.00e+00	0.00e+00	0.00e+00	1.46e-78
 5.56448e+13	1.85e-26	6.58e-19	2.44e-12	1.10e-06	9.62e-01	3.81e-02	1.71e-06	0.00e+00	0.00e+00	0.00e+00	0.00e+00	0.00e+00	1.95e-91
 5.77413e+13	2.45e-26	8.16e-19	2.83e-12	1.19e-06	9.65e-01	3.54e-02	1.47e-06	0.00e+00	0.00e+00	0.00e+00	0.00e+00	0.00e+00	6.93e-78
 5.96340e+13	3.15e-26	9.88e-19	3.23e-12	1.27e-06	9.67e-01	3.32e-02	1.29e-06	0.00e+00	0.00e+00	0.00e+00	0.00e+00	0.00e+00	1.12e-90
 6.17085e+13	4.12e-26	1.21e-18	3.70e-12	1.36e-06	9.69e-01	3.11e-02	1.13e-06	0.00e+00	0.00e+00	0.00e+00	0.00e+00	0.00e+00	2.85e-77
 6.41536e+13	5.58e-26	1.52e-18	4.33e-12	1.48e-06	9.71e-01	2.88e-02	9.67e-07	0.00e+00	0.00e+00	0.00e+00	0.00e+00	0.00e+00	7.19e-90
 6.65965e+13	7.44e-26	1.90e-18	5.03e-12	1.60e-06	9.73e-01	2.67e-02	0.00e+00	0.00e+00	0.00e+00	0.00e+00	0.00e+00	0.00e+00	1.43e-76
 6.88931e+13	9.72e-26	2.32e-18	5.77e-12	1.71e-06	9.75e-01	2.50e-02	0.00e+00	0.00e+00	0.00e+00	0.00e+00	0.00e+00	0.00e+00	2.97e-76
 7.14348e+13	1.29e-25	2.88e-18	6.67e-12	1.84e-06	9.77e-01	2.33e-02	0.00e+00	0.00e+00	0.00e+00	0.00e+00	0.00e+00	0.00e+00	6.50e-76
 7.43222e+13	1.77e-25	3.64e-18	7.81e-12	2.00e-06	9.78e-01	2.16e-02	0.00e+00	0.00e+00	0.00e+00	0.00e+00	0.00e+00	0.00e+00	1.54e-75
 7.72294e+13	2.38e-25	4.57e-18	9.11e-12	2.16e-06	9.80e-01	2.00e-02	0.00e+00	0.00e+00	0.00e+00	0.00e+00	0.00e+00	0.00e+00	3.48e-75
 8.02529e+13	3.23e-25	5.74e-18	1.06e-11	2.33e-06	9.81e-01	1.86e-02	0.00e+00	0.00e+00	0.00e+00	0.00e+00	0.00e+00	0.00e+00	8.03e-75
 8.34929e+13	4.43e-25	7.28e-18	1.24e-11	2.53e-06	9.83e-01	1.72e-02	0.00e+00	0.00e+00	0.00e+00	0.00e+00	0.00e+00	0.00e+00	1.91e-74
 8.68626e+13	6.05e-25	9.21e-18	1.46e-11	2.73e-06	9.84e-01	1.59e-02	0.00e+00	0.00e+00	0.00e+00	0.00e+00	0.00e+00	0.00e+00	4.51e-74
 9.03670e+13	8.27e-25	1.16e-17	1.70e-11	2.96e-06	9.85e-01	1.48e-02	0.00e+00	0.00e+00	0.00e+00	0.00e+00	0.00e+00	0.00e+00	1.07e-73
 9.37918e+13	1.11e-24	1.45e-17	1.98e-11	3.19e-06	9.86e-01	1.37e-02	0.00e+00	0.00e+00	0.00e+00	0.00e+00	0.00e+00	0.00e+00	2.39e-73
 9.70604e+13	1.45e-24	1.78e-17	2.26e-11	3.41e-06	9.87e-01	1.28e-02	0.00e+00	0.00e+00	0.00e+00	0.00e+00	0.00e+00	0.00e+00	5.04e-73
 1.00142e+14	1.86e-24	2.14e-17	2.56e-11	3.63e-06	9.88e-01	1.21e-02	0.00e+00	0.00e+00	0.00e+00	0.00e+00	0.00e+00	0.00e+00	9.93e-73
 1.03479e+14	2.41e-24	2.61e-17	2.92e-11	3.88e-06	9.89e-01	1.13e-02	0.00e+00	0.00e+00	0.00e+00	0.00e+00	0.00e+00	0.00e+00	2.03e-72
 1.07196e+14	3.19e-24	3.21e-17	3.36e-11	4.16e-06	9.89e-01	1.06e-02	0.00e+00	0.00e+00	0.00e+00	0.00e+00	0.00e+00	0.00e+00	4.36e-72
 1.10702e+14	4.11e-24	3.89e-17	3.82e-11	4.44e-06	9.90e-01	9.92e-03	0.00e+00	0.00e+00	0.00e+00	0.00e+00	0.00e+00	0.00e+00	8.78e-72
 1.14556e+14	5.38e-24	4.76e-17	4.38e-11	4.75e-06	9.91e-01	9.27e-03	0.00e+00	0.00e+00	0.00e+00	0.00e+00	1.54e-17	3.22e-17	1.84e-71
 1.18894e+14	7.23e-24	5.95e-17	5.07e-11	5.11e-06	9.91e-01	8.63e-03	0.00e+00	0.00e+00	0.00e+00	0.00e+00	1.97e-17	3.97e-17	4.17e-71
 1.23055e+14	9.43e-24	7.27e-17	5.82e-11	5.48e-06	9.92e-01	8.05e-03	0.00e+00	0.00e+00	0.00e+00	0.00e+00	2.41e-17	4.85e-17	8.62e-71
 1.27573e+14	1.26e-23	9.00e-17	6.71e-11	5.88e-06	9.92e-01	7.50e-03	0.00e+00	0.00e+00	0.00e+00	0.00e+00	2.99e-17	6.01e-17	1.90e-70
 1.32706e+14	1.71e-23	1.14e-16	7.85e-11	6.37e-06	9.93e-01	6.94e-03	0.00e+00	0.00e+00	0.00e+00	0.00e+00	3.78e-17	7.61e-17	4.49e-70
 1.37758e+14	2.29e-23	1.42e-16	9.11e-11	6.87e-06	9.94e-01	6.44e-03	0.00e+00	0.00e+00	0.00e+00	0.00e+00	4.70e-17	9.46e-17	9.88e-70
 1.43012e+14	3.08e-23	1.77e-16	1.06e-10	7.40e-06	9.94e-01	5.98e-03	0.00e+00	0.00e+00	0.00e+00	0.00e+00	5.88e-17	1.18e-16	2.25e-69
 1.48762e+14	4.16e-23	2.22e-16	1.24e-10	8.02e-06	9.94e-01	5.52e-03	0.00e+00	0.00e+00	0.00e+00	0.00e+00	7.38e-17	1.49e-16	5.10e-69
 1.54083e+14	5.50e-23	2.75e-16	1.42e-10	8.59e-06	9.95e-01	5.16e-03	0.00e+00	0.00e+00	0.00e+00	0.00e+00	9.12e-17	1.84e-16	1.11e-68
 1.58712e+14	6.90e-23	3.26e-16	1.60e-10	9.13e-06	9.95e-01	4.86e-03	0.00e+00	0.00e+00	0.00e+00	0.00e+00	1.08e-16	2.18e-16	2.06e-68
 1.63862e+14	8.83e-23	3.93e-16	1.82e-10	9.74e-06	9.95e-01	4.55e-03	0.00e+00	0.00e+00	0.00e+00	0.00e+00	1.31e-16	2.63e-16	4.06e-68
 1.70124e+14	1.18e-22	4.90e-16	2.12e-10	1.05e-05	9.96e-01	4.22e-03	0.00e+00	0.00e+00	0.00e+00	0.00e+00	1.63e-16	3.28e-16	9.05e-68
 1.76439e+14	1.57e-22	6.09e-16	2.45e-10	1.13e-05	9.96e-01	3.93e-03	0.00e+00	0.00e+00	0.00e+00	0.00e+00	2.02e-16	4.07e-16	1.99e-67
 1.82136e+14	2.00e-22	7.31e-16	2.79e-10	1.21e-05	9.96e-01	3.68e-03	0.00e+00	0.00e+00	0.00e+00	0.00e+00	2.43e-16	4.89e-16	3.83e-67
 1.88419e+14	2.61e-22	8.93e-16	3.19e-10	1.29e-05	9.97e-01	3.44e-03	0.00e+00	0.00e+00	0.00e+00	0.00e+00	2.96e-16	5.97e-16	7.93e-67
 1.95825e+14	3.50e-22	1.12e-15	3.73e-10	1.40e-05	9.97e-01	3.18e-03	0.00e+00	0.00e+00	0.00e+00	0.00e+00	3.71e-16	7.47e-16	1.78e-66
 2.03098e+14	4.66e-22	1.39e-15	4.31e-10	1.50e-05	9.97e-01	2.96e-03	0.00e+00	0.00e+00	0.00e+00	0.00e+00	4.61e-16	9.28e-16	3.94e-66
 2.09793e+14	5.94e-22	1.67e-15	4.92e-10	1.61e-05	9.97e-01	2.77e-03	0.00e+00	0.00e+00	0.00e+00	0.00e+00	5.54e-16	1.12e-15	7.62e-66
 2.17331e+14	7.80e-22	2.06e-15	5.67e-10	1.73e-05	9.97e-01	2.58e-03	0.00e+00	0.00e+00	0.00e+00	0.00e+00	6.82e-16	1.37e-15	1.61e-65
 2.26038e+14	1.05e-21	2.58e-15	6.64e-10	1.87e-05	9.98e-01	2.38e-03	0.00e+00	0.00e+00	0.00e+00	0.00e+00	8.57e-16	1.73e-15	3.67e-65
 2.34548e+14	1.40e-21	3.22e-15	7.69e-10	2.02e-05	9.98e-01	2.21e-03	0.00e+00	0.00e+00	0.00e+00	0.00e+00	1.07e-15	2.15e-15	8.17e-65
 2.42661e+14	1.81e-21	3.90e-15	8.83e-10	2.16e-05	9.98e-01	2.06e-03	0.00e+00	0.00e+00	0.00e+00	0.00e+00	1.29e-15	2.61e-15	1.62e-64
 2.51661e+14	2.39e-21	4.82e-15	1.02e-09	2.33e-05	9.98e-01	1.92e-03	0.00e+00	0.00e+00	0.00e+00	0.00e+00	1.60e-15	3.22e-15	3.50e-64
 2.61757e+14	3.23e-21	6.08e-15	1.20e-09	2.52e-05	9.98e-01	1.77e-03	0.00e+00	0.00e+00	0.00e+00	0.00e+00	2.02e-15	4.06e-15	8.12e-64
 2.71434e+14	4.25e-21	7.49e-15	1.38e-09	2.72e-05	9.98e-01	1.64e-03	0.00e+00	0.00e+00	0.00e+00	0.00e+00	2.48e-15	5.01e-15	1.73e-63
 2.80369e+14	5.39e-21	8.98e-15	1.58e-09	2.90e-05	9.98e-01	1.54e-03	0.00e+00	0.00e+00	0.00e+00	0.00e+00	2.98e-15	6.01e-15	3.31e-63
 2.90486e+14	7.11e-21	1.11e-14	1.81e-09	3.11e-05	9.99e-01	1.43e-03	0.00e+00	0.00e+00	0.00e+00	0.00e+00	3.68e-15	7.41e-15	7.12e-63
 3.02135e+14	9.48e-21	1.38e-14	2.13e-09	3.38e-05	9.99e-01	1.32e-03	0.00e+00	0.00e+00	0.00e+00	0.00e+00	4.58e-15	9.24e-15	1.57e-62
 3.13182e+14	1.25e-20	1.71e-14	2.45e-09	3.63e-05	9.99e-01	1.23e-03	0.00e+00	0.00e+00	0.00e+00	0.00e+00	5.66e-15	1.14e-14	3.38e-62
 3.23249e+14	1.57e-20	2.03e-14	2.79e-09	3.87e-05	9.99e-01	1.15e-03	0.00e+00	0.00e+00	0.00e+00	0.00e+00	6.73e-15	1.36e-14	6.29e-62
 3.32792e+14	1.95e-20	2.40e-14	3.13e-09	4.11e-05	9.99e-01	1.09e-03	0.00e+00	0.00e+00	0.00e+00	0.00e+00	7.96e-15	1.61e-14	1.16e-61
 3.43337e+14	2.48e-20	2.89e-14	3.54e-09	4.37e-05	9.99e-01	1.02e-03	0.00e+00	0.00e+00	0.00e+00	0.00e+00	9.56e-15	1.93e-14	2.25e-61
 3.55112e+14	3.16e-20	3.47e-14	4.06e-09	4.68e-05	9.99e-01	9.53e-04	0.00e+00	0.00e+00	0.00e+00	0.00e+00	1.15e-14	2.32e-14	4.38e-61
 3.66199e+14	4.00e-20	4.17e-14	4.59e-09	4.98e-05	9.99e-01	8.96e-04	0.00e+00	0.00e+00	0.00e+00	0.00e+00	1.38e-14	2.79e-14	8.48e-61
 3.78323e+14	5.04e-20	4.97e-14	5.23e-09	5.32e-05	9.99e-01	8.38e-04	0.00e+00	0.00e+00	0.00e+00	0.00e+00	1.65e-14	3.33e-14	1.60e-60
 3.91884e+14	6.61e-20	6.13e-14	6.01e-09	5.71e-05	9.99e-01	7.81e-04	0.00e+00	0.00e+00	0.00e+00	0.00e+00	2.03e-14	4.10e-14	3.41e-60
 4.04695e+14	8.30e-20	7.30e-14	6.84e-09	6.10e-05	9.99e-01	7.31e-04	0.00e+00	0.00e+00	0.00e+00	0.00e+00	2.41e-14	4.88e-14	6.37e-60
 4.18734e+14	1.07e-19	8.85e-14	7.84e-09	6.54e-05	9.99e-01	6.82e-04	0.00e+00	0.00e+00	0.00e+00	0.00e+00	2.93e-14	5.92e-14	1.28e-59
 4.34231e+14	1.38e-19	1.08e-13	9.07e-09	7.04e-05	9.99e-01	6.33e-04	0.00e+00	0.00e+00	0.00e+00	0.00e+00	3.59e-14	7.25e-14	2.65e-59
 4.48503e+14	1.77e-19	1.31e-13	1.03e-08	7.51e-05	9.99e-01	5.93e-04	0.00e+00	0.00e+00	0.00e+00	0.00e+00	4.34e-14	8.77e-14	5.29e-59
 4.63937e+14	2.25e-19	1.57e-13	1.18e-08	8.06e-05	9.99e-01	5.53e-04	0.00e+00	0.00e+00	0.00e+00	0.00e+00	5.20e-14	1.05e-13	1.01e-58
 4.81162e+14	2.95e-19	1.94e-13	1.37e-08	8.67e-05	9.99e-01	5.14e-04	0.00e+00	0.00e+00	0.00e+00	0.00e+00	6.43e-14	1.30e-13	2.18e-58
 4.97388e+14	3.71e-19	2.32e-13	1.56e-08	9.29e-05	9.99e-01	4.79e-04	0.00e+00	0.00e+00	0.00e+00	0.00e+00	7.67e-14	1.55e-13	4.11e-58
 5.15153e+14	4.82e-19	2.84e-13	1.80e-08	9.97e-05	9.99e-01	4.46e-04	0.00e+00	0.00e+00	0.00e+00	0.00e+00	9.39e-14	1.90e-13	8.54e-58
 5.34887e+14	6.22e-19	3.47e-13	2.09e-08	1.08e-04	9.99e-01	4.13e-04	0.00e+00	0.00e+00	0.00e+00	0.00e+00	1.15e-13	2.32e-13	1.74e-57
 5.53237e+14	8.00e-19	4.22e-13	2.39e-08	1.15e-04	9.99e-01	3.85e-04	0.00e+00	0.00e+00	0.00e+00	0.00e+00	1.39e-13	2.83e-13	3.52e-57
 5.73148e+14	1.02e-18	5.10e-13	2.76e-08	1.24e-04	1.00e+00	3.58e-04	0.00e+00	0.00e+00	0.00e+00	0.00e+00	1.68e-13	3.41e-13	6.90e-57
 5.95412e+14	1.34e-18	6.33e-13	3.21e-08	1.34e-04	1.00e+00	3.31e-04	0.00e+00	0.00e+00	0.00e+00	0.00e+00	2.09e-13	4.24e-13	1.51e-56
 6.16565e+14	1.70e-18	7.61e-13	3.70e-08	1.44e-04	1.00e+00	3.07e-04	0.00e+00	0.00e+00	0.00e+00	0.00e+00	2.51e-13	5.10e-13	2.90e-56
 6.39257e+14	2.20e-18	9.29e-13	4.27e-08	1.55e-04	1.00e+00	2.85e-04	0.00e+00	0.00e+00	0.00e+00	0.00e+00	3.07e-13	6.23e-13	5.94e-56
 6.64857e+14	2.89e-18	1.15e-12	5.00e-08	1.69e-04	1.00e+00	2.63e-04	0.00e+00	0.00e+00	0.00e+00	0.00e+00	3.80e-13	7.72e-13	1.27e-55
 6.89996e+14	3.74e-18	1.41e-12	5.80e-08	1.82e-04	1.00e+00	2.43e-04	0.00e+00	0.00e+00	0.00e+00	0.00e+00	4.66e-13	9.49e-13	2.66e-55
 7.16141e+14	4.78e-18	1.72e-12	6.74e-08	1.97e-04	1.00e+00	2.25e-04	0.00e+00	0.00e+00	0.00e+00	0.00e+00	5.65e-13	1.15e-12	5.27e-55
 7.44817e+14	6.23e-18	2.12e-12	7.90e-08	2.14e-04	1.00e+00	2.07e-04	0.00e+00	0.00e+00	0.00e+00	0.00e+00	6.98e-13	1.42e-12	1.12e-54
 7.73186e+14	8.02e-18	2.59e-12	9.19e-08	2.32e-04	1.00e+00	1.91e-04	0.00e+00	0.00e+00	0.00e+00	0.00e+00	8.53e-13	1.74e-12	2.28e-54
 7.96663e+14	9.87e-18	3.05e-12	1.04e-07	2.47e-04	1.00e+00	1.79e-04	0.00e+00	0.00e+00	0.00e+00	0.00e+00	1.00e-12	2.05e-12	4.10e-54
 8.15374e+14	1.15e-17	3.45e-12	1.14e-07	2.59e-04	1.00e+00	1.70e-04	0.00e+00	0.00e+00	0.00e+00	0.00e+00	1.14e-12	2.31e-12	6.33e-54
 8.36034e+14	1.36e-17	3.95e-12	1.26e-07	2.74e-04	1.00e+00	1.61e-04	0.00e+00	0.00e+00	0.00e+00	0.00e+00	1.30e-12	2.65e-12	1.02e-53
 8.62893e+14	1.67e-17	4.65e-12	1.43e-07	2.93e-04	1.00e+00	1.51e-04	0.00e+00	0.00e+00	0.00e+00	0.00e+00	1.53e-12	3.12e-12	1.83e-53
 8.91703e+14	2.07e-17	5.54e-12	1.64e-07	3.15e-04	1.00e+00	1.40e-04	0.00e+00	0.00e+00	0.00e+00	0.00e+00	1.82e-12	3.72e-12	3.40e-53
 9.17304e+14	2.50e-17	6.45e-12	1.83e-07	3.34e-04	1.00e+00	1.32e-04	0.00e+00	0.00e+00	0.00e+00	0.00e+00	2.12e-12	4.33e-12	5.87e-53
 9.44835e+14	3.01e-17	7.50e-12	2.07e-07	3.57e-04	1.00e+00	1.24e-04	0.00e+00	0.00e+00	0.00e+00	0.00e+00	2.46e-12	5.03e-12	9.99e-53
 9.79620e+14	3.82e-17	9.11e-12	2.39e-07	3.86e-04	9.99e-01	1.14e-04	0.00e+00	0.00e+00	0.00e+00	0.00e+00	2.99e-12	6.12e-12	2.01e-52
 1.01503e+15	4.79e-17	1.09e-11	2.76e-07	4.17e-04	9.99e-01	1.06e-04	0.00e+00	4.01e-18	1.20e-17	2.01e-17	3.59e-12	7.34e-12	3.85e-52
 1.04522e+15	5.81e-17	1.28e-11	3.11e-07	4.45e-04	9.99e-01	9.91e-05	0.00e+00	4.87e-18	1.46e-17	2.44e-17	4.20e-12	8.58e-12	6.76e-52
 1.07741e+15	7.01e-17	1.50e-11	3.52e-07	4.76e-04	9.99e-01	9.27e-05	0.00e+00	5.88e-18	1.77e-17	2.95e-17	4.91e-12	1.00e-11	1.19e-51
 1.11753e+15	8.85e-17	1.80e-11	4.08e-07	5.16e-04	9.99e-01	8.54e-05	0.00e+00	7.43e-18	2.23e-17	3.73e-17	5.93e-12	1.21e-11	2.33e-51
 1.15857e+15	1.11e-16	2.17e-11	4.72e-07	5.60e-04	9.99e-01	7.88e-05	0.00e+00	9.33e-18	2.80e-17	4.68e-17	7.14e-12	1.46e-11	4.58e-51
 1.19460e+15	1.35e-16	2.55e-11	5.35e-07	5.99e-04	9.99e-01	7.37e-05	0.00e+00	1.14e-17	3.41e-17	5.69e-17	8.38e-12	1.71e-11	8.21e-51
 1.23353e+15	1.64e-16	3.01e-11	6.09e-07	6.43e-04	9.99e-01	6.87e-05	0.00e+00	1.38e-17	4.16e-17	6.94e-17	9.89e-12	2.02e-11	1.50e-50
 1.28066e+15	2.10e-16	3.67e-11	7.09e-07	7.00e-04	9.99e-01	6.31e-05	0.00e+00	1.77e-17	5.31e-17	8.87e-17	1.20e-11	2.46e-11	3.09e-50
 1.32750e+15	2.62e-16	4.42e-11	8.20e-07	7.59e-04	9.99e-01	5.82e-05	0.00e+00	2.22e-17	6.65e-17	1.11e-16	1.45e-11	2.97e-11	6.15e-50
 1.36908e+15	3.19e-16	5.18e-11	9.29e-07	8.13e-04	9.99e-01	5.44e-05	0.00e+00	2.69e-17	8.08e-17	1.35e-16	1.70e-11	3.48e-11	1.11e-49
 1.41478e+15	3.91e-16	6.13e-11	1.06e-06	8.76e-04	9.99e-01	5.05e-05	0.00e+00	3.30e-17	9.92e-17	1.66e-16	2.01e-11	4.12e-11	2.08e-49
 1.46944e+15	4.94e-16	7.45e-11	1.24e-06	9.55e-04	9.99e-01	4.64e-05	0.00e+00	4.18e-17	1.26e-16	2.10e-16	2.45e-11	5.00e-11	4.32e-49
 1.52381e+15	6.19e-16	9.00e-11	1.43e-06	1.04e-03	9.99e-01	4.28e-05	0.00e+00	5.25e-17	1.58e-16	2.63e-16	2.96e-11	6.04e-11	8.80e-49
 1.57337e+15	7.50e-16	1.06e-10	1.63e-06	1.11e-03	9.99e-01	3.99e-05	0.00e+00	6.37e-17	1.91e-16	3.19e-16	3.48e-11	7.11e-11	1.62e-48
 1.62860e+15	9.40e-16	1.27e-10	1.87e-06	1.20e-03	9.99e-01	3.69e-05	0.00e+00	7.99e-17	2.40e-16	4.01e-16	4.17e-11	8.53e-11	3.26e-48
 1.69302e+15	1.20e-15	1.55e-10	2.18e-06	1.31e-03	9.99e-01	3.38e-05	0.00e+00	1.02e-16	3.06e-16	5.11e-16	5.11e-11	1.04e-10	7.12e-48
 1.75649e+15	1.51e-15	1.88e-10	2.53e-06	1.43e-03	9.99e-01	3.11e-05	0.00e+00	1.28e-16	3.86e-16	6.44e-16	6.18e-11	1.26e-10	1.50e-47
 1.81652e+15	1.83e-15	2.23e-10	2.89e-06	1.54e-03	9.98e-01	2.89e-05	0.00e+00	1.56e-16	4.69e-16	7.84e-16	7.32e-11	1.50e-10	2.89e-47
 1.88322e+15	2.35e-15	2.72e-10	3.35e-06	1.67e-03	9.98e-01	2.67e-05	0.00e+00	2.01e-16	6.03e-16	1.01e-15	8.93e-11	1.82e-10	6.35e-47
 1.95858e+15	2.99e-15	3.33e-10	3.91e-06	1.82e-03	9.98e-01	2.45e-05	0.00e+00	2.56e-16	7.67e-16	1.28e-15	1.10e-10	2.24e-10	1.42e-46
 2.02218e+15	3.60e-15	3.91e-10	4.44e-06	1.96e-03	9.98e-01	2.28e-05	0.00e+00	3.08e-16	9.26e-16	1.55e-15	1.29e-10	2.63e-10	2.67e-46
 2.06859e+15	4.24e-15	4.45e-10	4.87e-06	2.06e-03	9.98e-01	2.17e-05	0.00e+00	3.64e-16	1.09e-15	1.82e-15	1.46e-10	2.99e-10	4.49e-46
 2.11743e+15	4.92e-15	5.04e-10	5.34e-06	2.17e-03	9.98e-01	2.06e-05	0.00e+00	4.22e-16	1.27e-15	2.12e-15	1.66e-10	3.38e-10	7.34e-46
 2.18092e+15	5.82e-15	5.83e-10	6.01e-06	2.32e-03	9.98e-01	1.93e-05	0.00e+00	4.99e-16	1.50e-15	2.50e-15	1.92e-10	3.91e-10	1.31e-45
 2.25121e+15	7.29e-15	6.98e-10	6.82e-06	2.49e-03	9.97e-01	1.81e-05	0.00e+00	6.26e-16	1.88e-15	3.14e-15	2.30e-10	4.68e-10	2.70e-45
 2.31635e+15	8.58e-15	8.06e-10	7.64e-06	2.65e-03	9.97e-01	1.70e-05	0.00e+00	7.38e-16	2.22e-15	3.70e-15	2.65e-10	5.40e-10	4.75e-45
 2.38701e+15	1.06e-14	9.55e-10	8.62e-06	2.84e-03	9.97e-01	1.59e-05	0.00e+00	9.11e-16	2.74e-15	4.57e-15	3.14e-10	6.40e-10	9.48e-45
 2.46616e+15	1.31e-14	1.14e-09	9.81e-06	3.06e-03	9.97e-01	1.48e-05	0.00e+00	1.13e-15	3.40e-15	5.67e-15	3.76e-10	7.65e-10	1.92e-44
 2.54184e+15	1.56e-14	1.33e-09	1.11e-05	3.27e-03	9.97e-01	1.39e-05	0.00e+00	1.35e-15	4.04e-15	6.74e-15	4.37e-10	8.90e-10	3.48e-44
 2.62572e+15	1.97e-14	1.60e-09	1.26e-05	3.52e-03	9.96e-01	1.30e-05	0.00e+00	1.70e-15	5.11e-15	8.53e-15	5.27e-10	1.07e-09	7.41e-44
 2.71918e+15	2.40e-14	1.91e-09	1.45e-05	3.80e-03	9.96e-01	1.21e-05	0.00e+00	2.08e-15	6.25e-15	1.04e-14	6.29e-10	1.28e-09	1.48e-43
 2.80809e+15	3.05e-14	2.31e-09	1.65e-05	4.08e-03	9.96e-01	1.13e-05	0.00e+00	2.64e-15	7.93e-15	1.32e-14	7.62e-10	1.55e-09	3.17e-43
 2.90666e+15	3.80e-14	2.79e-09	1.89e-05	4.40e-03	9.96e-01	1.05e-05	0.00e+00	3.30e-15	9.90e-15	1.65e-14	9.19e-10	1.87e-09	6.75e-43
 3.01650e+15	4.88e-14	3.43e-09	2.19e-05	4.79e-03	9.95e-01	9.77e-06	0.00e+00	4.24e-15	1.27e-14	2.12e-14	1.13e-09	2.30e-09	1.53e-42
 3.11879e+15	6.07e-14	4.12e-09	2.50e-05	5.15e-03	9.95e-01	9.14e-06	0.00e+00	5.28e-15	1.59e-14	2.65e-14	1.36e-09	2.76e-09	3.15e-42
 3.22957e+15	7.60e-14	4.99e-09	2.87e-05	5.56e-03	9.94e-01	8.53e-06	0.00e+00	6.61e-15	1.98e-14	3.31e-14	1.65e-09	3.34e-09	6.61e-42
 3.35401e+15	9.53e-14	6.07e-09	3.34e-05	6.04e-03	9.94e-01	7.93e-06	0.00e+00	8.31e-15	2.49e-14	4.16e-14	2.00e-09	4.07e-09	1.41e-41
 3.47161e+15	1.20e-13	7.37e-09	3.83e-05	6.52e-03	9.93e-01	7.42e-06	0.00e+00	1.05e-14	3.14e-14	5.24e-14	2.43e-09	4.94e-09	3.00e-41
 3.59795e+15	1.52e-13	9.00e-09	4.42e-05	7.05e-03	9.93e-01	6.94e-06	0.00e+00	1.33e-14	3.98e-14	6.65e-14	2.97e-09	6.03e-09	6.50e-41
 3.73863e+15	1.96e-13	1.12e-08	5.15e-05	7.67e-03	9.92e-01	6.47e-06	0.00e+00	1.71e-14	5.14e-14	8.58e-14	3.69e-09	7.47e-09	1.48e-40
 3.87385e+15	2.54e-13	1.39e-08	5.94e-05	8.30e-03	9.92e-01	6.08e-06	0.00e+00	2.22e-14	6.67e-14	1.11e-13	4.59e-09	9.29e-09	3.30e-40
 4.01774e+15	3.25e-13	1.71e-08	6.87e-05	8.98e-03	9.91e-01	5.71e-06	0.00e+00	2.85e-14	8.56e-14	1.43e-13	5.65e-09	1.14e-08	7.25e-40
 4.17848e+15	4.24e-13	2.14e-08	8.04e-05	9.80e-03	9.90e-01	5.34e-06	0.00e+00	3.72e-14	1.12e-13	1.86e-13	7.08e-09	1.43e-08	1.71e-39
 4.33776e+15	5.48e-13	2.66e-08	9.34e-05	1.06e-02	9.89e-01	5.03e-06	0.00e+00	4.82e-14	1.45e-13	2.41e-13	8.80e-09	1.78e-08	3.81e-39
 4.46859e+15	6.68e-13	3.15e-08	1.05e-04	1.13e-02	9.89e-01	4.80e-06	0.00e+00	5.88e-14	1.76e-13	2.94e-13	1.04e-08	2.11e-08	7.16e-39
 4.57062e+15	7.77e-13	3.59e-08	1.15e-04	1.19e-02	9.88e-01	4.64e-06	0.00e+00	6.84e-14	2.05e-13	3.42e-13	1.19e-08	2.40e-08	1.16e-38
 4.68222e+15	9.10e-13	4.12e-08	1.27e-04	1.25e-02	9.87e-01	4.47e-06	0.00e+00	8.02e-14	2.41e-13	4.01e-13	1.36e-08	2.75e-08	1.90e-38
 4.82730e+15	1.13e-12	4.93e-08	1.44e-04	1.34e-02	9.86e-01	4.27e-06	0.00e+00	9.92e-14	2.98e-13	4.97e-13	1.63e-08	3.30e-08	3.70e-38
 4.98408e+15	1.37e-12	5.84e-08	1.63e-04	1.43e-02	9.85e-01	4.08e-06	0.00e+00	1.21e-13	3.63e-13	6.06e-13	1.93e-08	3.91e-08	6.73e-38
 5.12533e+15	1.69e-12	6.98e-08	1.83e-04	1.53e-02	9.85e-01	3.94e-06	0.00e+00	1.49e-13	4.47e-13	7.46e-13	2.31e-08	4.67e-08	1.31e-37
 5.27822e+15	2.07e-12	8.30e-08	2.06e-04	1.63e-02	9.84e-01	3.79e-06	0.00e+00	1.83e-13	5.48e-13	9.14e-13	2.75e-08	5.55e-08	2.42e-37
 5.47194e+15	2.59e-12	1.00e-07	2.38e-04	1.76e-02	9.82e-01	3.62e-06	0.00e+00	2.29e-13	6.86e-13	1.14e-12	3.33e-08	6.72e-08	4.65e-37
 5.66753e+15	3.36e-12	1.26e-07	2.75e-04	1.90e-02	9.81e-01	3.48e-06	0.00e+00	2.98e-13	8.93e-13	1.49e-12	4.17e-08	8.42e-08	1.04e-36
 5.83112e+15	4.08e-12	1.49e-07	3.09e-04	2.02e-02	9.80e-01	3.37e-06	0.00e+00	3.61e-13	1.08e-12	1.81e-12	4.94e-08	9.96e-08	1.86e-36
 6.00432e+15	4.97e-12	1.77e-07	3.48e-04	2.15e-02	9.78e-01	3.26e-06	0.00e+00	4.41e-13	1.32e-12	2.21e-12	5.85e-08	1.18e-07	3.34e-36
 6.22428e+15	6.28e-12	2.15e-07	4.03e-04	2.32e-02	9.76e-01	3.14e-06	0.00e+00	5.57e-13	1.67e-12	2.79e-12	7.13e-08	1.44e-07	6.46e-36
 6.45045e+15	8.21e-12	2.72e-07	4.67e-04	2.51e-02	9.74e-01	3.04e-06	0.00e+00	7.29e-13	2.19e-12	3.65e-12	9.00e-08	1.81e-07	1.45e-35
 6.64601e+15	1.01e-11	3.25e-07	5.28e-04	2.68e-02	9.73e-01	2.97e-06	0.00e+00	8.97e-13	2.69e-12	4.49e-12	1.08e-07	2.17e-07	2.63e-35
 6.85634e+15	1.25e-11	3.90e-07	6.01e-04	2.87e-02	9.71e-01	2.89e-06	0.00e+00	1.11e-12	3.33e-12	5.55e-12	1.29e-07	2.60e-07	4.84e-35
 7.11475e+15	1.60e-11	4.79e-07	7.00e-04	3.11e-02	9.68e-01	2.80e-06	0.00e+00	1.42e-12	4.26e-12	7.11e-12	1.59e-07	3.20e-07	9.47e-35
 7.37263e+15	2.09e-11	6.07e-07	8.14e-04	3.36e-02	9.66e-01	2.74e-06	0.00e+00	1.86e-12	5.58e-12	9.31e-12	2.01e-07	4.05e-07	2.12e-34
 7.59816e+15	2.58e-11	7.28e-07	9.23e-04	3.59e-02	9.63e-01	2.68e-06	0.00e+00	2.30e-12	6.91e-12	1.15e-11	2.42e-07	4.87e-07	3.84e-34
 7.84465e+15	3.23e-11	8.81e-07	1.06e-03	3.85e-02	9.60e-01	2.63e-06	0.00e+00	2.88e-12	8.64e-12	1.44e-11	2.92e-07	5.89e-07	7.03e-34
 8.14367e+15	4.17e-11	1.09e-06	1.24e-03	4.18e-02	9.57e-01	2.56e-06	0.00e+00	3.72e-12	1.12e-11	1.86e-11	3.61e-07	7.28e-07	1.37e-33
 8.43200e+15	5.44e-11	1.38e-06	1.44e-03	4.53e-02	9.53e-01	2.53e-06	0.00e+00	4.86e-12	1.46e-11	2.43e-11	4.58e-07	9.22e-07	2.97e-33
 8.66979e+15	6.62e-11	1.64e-06	1.62e-03	4.82e-02	9.50e-01	2.49e-06	0.00e+00	5.92e-12	1.78e-11	2.96e-11	5.43e-07	1.09e-06	5.07e-33
 8.92083e+15	8.19e-11	1.96e-06	1.84e-03	5.14e-02	9.47e-01	2.46e-06	0.00e+00	7.33e-12	2.20e-11	3.67e-11	6.50e-07	1.31e-06	8.87e-33
 9.24400e+15	1.05e-10	2.40e-06	2.14e-03	5.57e-02	9.42e-01	2.41e-06	0.00e+00	9.42e-12	2.83e-11	4.71e-11	7.96e-07	1.60e-06	1.62e-32
 9.58076e+15	1.40e-10	3.08e-06	2.52e-03	6.06e-02	9.37e-01	2.39e-06	0.00e+00	1.26e-11	3.77e-11	6.28e-11	1.02e-06	2.06e-06	3.60e-32
 9.83319e+15	1.68e-10	3.62e-06	2.82e-03	6.43e-02	9.33e-01	2.37e-06	0.00e+00	1.50e-11	4.51e-11	7.52e-11	1.20e-06	2.42e-06	5.74e-32
 1.00562e+16	2.00e-10	4.19e-06	3.12e-03	6.78e-02	9.29e-01	2.35e-06	0.00e+00	1.79e-11	5.38e-11	8.97e-11	1.39e-06	2.80e-06	8.93e-32
 1.03460e+16	2.49e-10	5.03e-06	3.56e-03	7.25e-02	9.24e-01	2.33e-06	0.00e+00	2.23e-11	6.70e-11	1.12e-10	1.67e-06	3.36e-06	1.53e-31
 1.06547e+16	3.13e-10	6.13e-06	4.08e-03	7.79e-02	9.18e-01	2.31e-06	0.00e+00	2.82e-11	8.45e-11	1.41e-10	2.04e-06	4.09e-06	2.78e-31
 1.09230e+16	3.79e-10	7.21e-06	4.58e-03	8.27e-02	9.13e-01	2.30e-06	0.00e+00	3.41e-11	1.02e-10	1.71e-10	2.40e-06	4.82e-06	4.41e-31
 1.12070e+16	4.67e-10	8.55e-06	5.18e-03	8.80e-02	9.07e-01	2.28e-06	0.00e+00	4.20e-11	1.26e-10	2.10e-10	2.84e-06	5.71e-06	7.18e-31
 1.15761e+16	6.16e-10	1.08e-05	6.08e-03	9.57e-02	8.98e-01	2.27e-06	0.00e+00	5.55e-11	1.67e-10	2.78e-10	3.58e-06	7.20e-06	1.44e-30
 1.19401e+16	7.86e-10	1.32e-05	7.07e-03	1.03e-01	8.90e-01	2.25e-06	0.00e+00	7.09e-11	2.13e-10	3.55e-10	4.40e-06	8.83e-06	2.47e-30
 1.22170e+16	9.47e-10	1.54e-05	7.92e-03	1.09e-01	8.83e-01	2.24e-06	0.00e+00	8.55e-11	2.56e-10	4.28e-10	5.11e-06	1.03e-05	3.72e-30
 1.24962e+16	1.15e-09	1.81e-05	8.91e-03	1.16e-01	8.75e-01	2.23e-06	0.00e+00	1.04e-10	3.12e-10	5.20e-10	6.01e-06	1.21e-05	5.86e-30
 1.28593e+16	1.53e-09	2.29e-05	1.04e-02	1.26e-01	8.64e-01	2.23e-06	0.00e+00	1.38e-10	4.14e-10	6.91e-10	7.63e-06	1.53e-05	1.20e-29
 1.32248e+16	1.95e-09	2.82e-05	1.21e-02	1.36e-01	8.52e-01	2.23e-06	0.00e+00	1.77e-10	5.30e-10	8.84e-10	9.39e-06	1.88e-05	2.07e-29
 1.35175e+16	2.40e-09	3.34e-05	1.37e-02	1.44e-01	8.42e-01	2.23e-06	0.00e+00	2.17e-10	6.52e-10	1.09e-09	1.11e-05	2.23e-05	3.27e-29
 1.37791e+16	2.89e-09	3.89e-05	1.53e-02	1.52e-01	8.32e-01	2.23e-06	0.00e+00	2.62e-10	7.87e-10	1.31e-09	1.30e-05	2.60e-05	4.95e-29
 1.40766e+16	3.56e-09	4.55e-05	1.73e-02	1.62e-01	8.21e-01	2.22e-06	0.00e+00	3.23e-10	9.67e-10	1.61e-09	1.51e-05	3.03e-05	7.34e-29
 1.44062e+16	4.59e-09	5.66e-05	2.00e-02	1.74e-01	8.06e-01	2.23e-06	0.00e+00	4.17e-10	1.25e-09	2.08e-09	1.88e-05	3.78e-05	1.37e-28
 1.47003e+16	5.59e-09	6.58e-05	2.26e-02	1.85e-01	7.93e-01	2.23e-06	0.00e+00	5.08e-10	1.52e-09	2.54e-09	2.19e-05	4.39e-05	1.98e-28
 1.49620e+16	6.90e-09	7.90e-05	2.54e-02	1.96e-01	7.79e-01	2.25e-06	0.00e+00	6.28e-10	1.88e-09	3.14e-09	2.63e-05	5.27e-05	3.37e-28
 1.52193e+16	8.39e-09	9.26e-05	2.85e-02	2.07e-01	7.65e-01	2.26e-06	0.00e+00	7.64e-10	2.29e-09	3.82e-09	3.08e-05	6.17e-05	5.13e-28
 1.55146e+16	1.04e-08	1.09e-04	3.25e-02	2.20e-01	7.47e-01	2.26e-06	0.00e+00	9.50e-10	2.85e-09	4.75e-09	3.61e-05	7.24e-05	7.64e-28
 1.58316e+16	1.35e-08	1.35e-04	3.76e-02	2.36e-01	7.26e-01	2.29e-06	0.00e+00	1.23e-09	3.69e-09	6.16e-09	4.51e-05	9.04e-05	1.42e-27
 1.60980e+16	1.69e-08	1.61e-04	4.26e-02	2.50e-01	7.07e-01	2.31e-06	4.98e-12	1.54e-09	4.61e-09	7.69e-09	5.37e-05	1.07e-04	2.26e-27
 1.63239e+16	2.01e-08	1.84e-04	4.74e-02	2.62e-01	6.90e-01	2.33e-06	0.00e+00	1.84e-09	5.51e-09	9.19e-09	6.13e-05	1.23e-04	3.19e-27
 1.65756e+16	2.58e-08	2.26e-04	5.40e-02	2.78e-01	6.68e-01	2.38e-06	0.00e+00	2.36e-09	7.08e-09	1.18e-08	7.54e-05	1.51e-04	5.93e-27
 1.68405e+16	3.16e-08	2.62e-04	6.12e-02	2.94e-01	6.44e-01	2.39e-06	5.93e-12	2.89e-09	8.68e-09	1.45e-08	8.74e-05	1.75e-04	8.39e-27
 1.70744e+16	4.02e-08	3.22e-04	6.94e-02	3.11e-01	6.19e-01	2.46e-06	0.00e+00	3.68e-09	1.10e-08	1.84e-08	1.07e-04	2.15e-04	1.56e-26
 1.72825e+16	4.88e-08	3.75e-04	7.74e-02	3.26e-01	5.96e-01	2.50e-06	7.08e-12	4.47e-09	1.34e-08	2.23e-08	1.25e-04	2.50e-04	2.39e-26
 1.74723e+16	5.88e-08	4.34e-04	8.58e-02	3.41e-01	5.73e-01	2.54e-06	0.00e+00	5.39e-09	1.62e-08	2.69e-08	1.45e-04	2.90e-04	3.63e-26
 1.76538e+16	7.12e-08	5.02e-04	9.49e-02	3.55e-01	5.50e-01	2.60e-06	8.38e-12	6.53e-09	1.96e-08	3.27e-08	1.67e-04	3.35e-04	5.54e-26
 1.78281e+16	8.32e-08	5.59e-04	1.04e-01	3.69e-01	5.27e-01	2.62e-06	0.00e+00	7.63e-09	2.29e-08	3.82e-08	1.86e-04	3.73e-04	7.23e-26
 1.80249e+16	1.06e-07	6.82e-04	1.17e-01	3.87e-01	4.96e-01	2.69e-06	0.00e+00	9.72e-09	2.92e-08	4.86e-08	2.27e-04	4.54e-04	1.37e-25
 1.82265e+16	1.28e-07	7.76e-04	1.31e-01	4.04e-01	4.65e-01	2.71e-06	1.09e-11	1.18e-08	3.53e-08	5.88e-08	2.59e-04	5.18e-04	1.92e-25
 1.83962e+16	1.58e-07	9.27e-04	1.45e-01	4.20e-01	4.34e-01	2.81e-06	0.00e+00	1.46e-08	4.37e-08	7.28e-08	3.09e-04	6.18e-04	3.42e-25
