#depth	O	O+	O+2	O+3	O+4	O+5	O+6	O+7	O+8	O[1]	O[2]	O[3]
 1.49634e+10	0.00e+00	5.92e-46	2.90e-35	1.31e-25	8.32e-17	6.72e-09	1.00e+00	0.00e+00	0.00e+00	0.00e+00	0.00e+00	0.00e+00
 4.54887e+10	0.00e+00	0.00e+00	3.98e-35	1.66e-25	9.75e-17	7.28e-09	1.00e+00	5.19e-07	0.00e+00	0.00e+00	0.00e+00	0.00e+00
 7.72350e+10	0.00e+00	1.30e-45	5.46e-35	2.10e-25	1.14e-16	7.88e-09	1.00e+00	0.00e+00	0.00e+00	0.00e+00	0.00e+00	0.00e+00
 1.10251e+11	0.00e+00	0.00e+00	7.49e-35	2.66e-25	1.34e-16	8.53e-09	1.00e+00	0.00e+00	0.00e+00	0.00e+00	0.00e+00	0.00e+00
 1.42491e+11	0.00e+00	2.80e-45	1.01e-34	3.33e-25	1.55e-16	9.19e-09	1.00e+00	0.00e+00	0.00e+00	0.00e+00	0.00e+00	0.00e+00
 1.72751e+11	0.00e+00	0.00e+00	1.32e-34	4.07e-25	1.78e-16	9.83e-09	1.00e+00	0.00e+00	0.00e+00	0.00e+00	0.00e+00	0.00e+00
 2.06319e+11	0.00e+00	5.63e-45	1.76e-34	5.06e-25	2.06e-16	1.06e-08	1.00e+00	0.00e+00	0.00e+00	0.00e+00	0.00e+00	0.00e+00
 2.44499e+11	0.00e+00	0.00e+00	2.42e-34	6.42e-25	2.41e-16	1.14e-08	1.00e+00	0.00e+00	0.00e+00	0.00e+00	0.00e+00	0.00e+00
 2.82549e+11	0.00e+00	1.22e-44	3.27e-34	8.07e-25	2.81e-16	1.24e-08	1.00e+00	0.00e+00	0.00e+00	0.00e+00	0.00e+00	0.00e+00
 3.22121e+11	0.00e+00	0.00e+00	4.44e-34	1.01e-24	3.27e-16	1.33e-08	1.00e+00	0.00e+00	0.00e+00	0.00e+00	0.00e+00	0.00e+00
 3.64932e+11	0.00e+00	2.66e-44	6.10e-34	1.29e-24	3.84e-16	1.45e-08	1.00e+00	0.00e+00	0.00e+00	0.00e+00	0.00e+00	0.00e+00
 4.09457e+11	0.00e+00	0.00e+00	8.38e-34	1.63e-24	4.50e-16	1.57e-08	1.00e+00	0.00e+00	0.00e+00	0.00e+00	0.00e+00	0.00e+00
 4.55762e+11	0.00e+00	5.89e-44	1.15e-33	2.08e-24	5.28e-16	1.70e-08	1.00e+00	0.00e+00	0.00e+00	0.00e+00	0.00e+00	0.00e+00
 5.03919e+11	0.00e+00	0.00e+00	1.58e-33	2.64e-24	6.20e-16	1.84e-08	1.00e+00	0.00e+00	0.00e+00	0.00e+00	0.00e+00	0.00e+00
 5.54002e+11	0.00e+00	1.30e-43	2.18e-33	3.35e-24	7.27e-16	1.99e-08	1.00e+00	0.00e+00	0.00e+00	0.00e+00	0.00e+00	0.00e+00
 6.06089e+11	0.00e+00	0.00e+00	2.99e-33	4.26e-24	8.54e-16	2.16e-08	1.00e+00	0.00e+00	0.00e+00	0.00e+00	0.00e+00	0.00e+00
 6.60260e+11	0.00e+00	2.89e-43	4.12e-33	5.41e-24	1.00e-15	2.34e-08	1.00e+00	0.00e+00	0.00e+00	0.00e+00	0.00e+00	0.00e+00
 7.16597e+11	0.00e+00	0.00e+00	5.67e-33	6.89e-24	1.18e-15	2.54e-08	1.00e+00	0.00e+00	0.00e+00	0.00e+00	0.00e+00	0.00e+00
 7.75187e+11	0.00e+00	6.43e-43	7.81e-33	8.76e-24	1.38e-15	2.75e-08	1.00e+00	0.00e+00	0.00e+00	0.00e+00	0.00e+00	0.00e+00
 8.36122e+11	0.00e+00	0.00e+00	1.08e-32	1.12e-23	1.63e-15	2.98e-08	1.00e+00	0.00e+00	0.00e+00	0.00e+00	0.00e+00	0.00e+00
 8.93689e+11	0.00e+00	1.38e-42	1.44e-32	1.39e-23	1.89e-15	3.21e-08	1.00e+00	0.00e+00	0.00e+00	0.00e+00	0.00e+00	0.00e+00
 9.45598e+11	0.00e+00	0.00e+00	1.86e-32	1.68e-23	2.15e-15	3.43e-08	1.00e+00	0.00e+00	0.00e+00	0.00e+00	0.00e+00	0.00e+00
 1.00403e+12	0.00e+00	2.69e-42	2.45e-32	2.08e-23	2.47e-15	3.68e-08	1.00e+00	0.00e+00	0.00e+00	0.00e+00	0.00e+00	0.00e+00
 1.07276e+12	0.00e+00	0.00e+00	3.36e-32	2.63e-23	2.90e-15	3.99e-08	1.00e+00	0.00e+00	0.00e+00	0.00e+00	0.00e+00	0.00e+00
 1.14124e+12	0.00e+00	5.82e-42	4.56e-32	3.31e-23	3.38e-15	4.31e-08	1.00e+00	0.00e+00	0.00e+00	0.00e+00	0.00e+00	0.00e+00
 1.20609e+12	0.00e+00	0.00e+00	6.01e-32	4.08e-23	3.89e-15	4.62e-08	1.00e+00	0.00e+00	0.00e+00	0.00e+00	0.00e+00	0.00e+00
 1.27789e+12	0.00e+00	1.19e-41	8.10e-32	5.11e-23	4.53e-15	4.99e-08	1.00e+00	0.00e+00	0.00e+00	0.00e+00	0.00e+00	0.00e+00
 1.35893e+12	0.00e+00	0.00e+00	1.12e-31	6.53e-23	5.34e-15	5.42e-08	1.00e+00	0.00e+00	0.00e+00	0.00e+00	0.00e+00	0.00e+00
 1.44029e+12	0.00e+00	2.64e-41	1.53e-31	8.27e-23	6.26e-15	5.88e-08	1.00e+00	0.00e+00	0.00e+00	0.00e+00	0.00e+00	0.00e+00
 1.52491e+12	0.00e+00	0.00e+00	2.10e-31	1.05e-22	7.35e-15	6.37e-08	1.00e+00	0.00e+00	0.00e+00	0.00e+00	0.00e+00	0.00e+00
 1.61583e+12	0.00e+00	5.88e-41	2.91e-31	1.34e-22	8.68e-15	6.93e-08	1.00e+00	0.00e+00	0.00e+00	0.00e+00	0.00e+00	0.00e+00
 1.71039e+12	0.00e+00	0.00e+00	4.03e-31	1.72e-22	1.02e-14	7.54e-08	1.00e+00	0.00e+00	0.00e+00	0.00e+00	0.00e+00	0.00e+00
 1.80060e+12	0.00e+00	1.28e-40	5.44e-31	2.16e-22	1.19e-14	8.14e-08	1.00e+00	0.00e+00	0.00e+00	0.00e+00	0.00e+00	0.00e+00
 1.88339e+12	0.00e+00	0.00e+00	7.09e-31	2.64e-22	1.37e-14	8.72e-08	1.00e+00	0.00e+00	0.00e+00	0.00e+00	0.00e+00	0.00e+00
 1.97722e+12	0.00e+00	2.58e-40	9.52e-31	3.30e-22	1.59e-14	9.42e-08	1.00e+00	0.00e+00	0.00e+00	0.00e+00	0.00e+00	0.00e+00
 2.08582e+12	0.00e+00	0.00e+00	1.32e-30	4.23e-22	1.88e-14	1.03e-07	1.00e+00	0.00e+00	0.00e+00	0.00e+00	0.00e+00	0.00e+00
 2.19252e+12	0.00e+00	5.71e-40	1.80e-30	5.35e-22	2.21e-14	1.11e-07	1.00e+00	0.00e+00	0.00e+00	0.00e+00	0.00e+00	0.00e+00
 2.29375e+12	0.00e+00	0.00e+00	2.39e-30	6.64e-22	2.56e-14	1.20e-07	1.00e+00	0.00e+00	0.00e+00	0.00e+00	0.00e+00	0.00e+00
 2.40569e+12	0.00e+00	1.19e-39	3.25e-30	8.37e-22	3.00e-14	1.30e-07	1.00e+00	0.00e+00	0.00e+00	0.00e+00	0.00e+00	0.00e+00
 2.53184e+12	0.00e+00	0.00e+00	4.52e-30	1.08e-21	3.56e-14	1.42e-07	1.00e+00	0.00e+00	0.00e+00	0.00e+00	0.00e+00	0.00e+00
 2.65904e+12	0.00e+00	2.68e-39	6.24e-30	1.38e-21	4.21e-14	1.54e-07	1.00e+00	0.00e+00	0.00e+00	0.00e+00	0.00e+00	0.00e+00
 2.79133e+12	0.00e+00	0.00e+00	8.62e-30	1.76e-21	4.98e-14	1.68e-07	1.00e+00	0.00e+00	0.00e+00	0.00e+00	0.00e+00	0.00e+00
 2.93291e+12	0.00e+00	6.05e-39	1.20e-29	2.27e-21	5.93e-14	1.84e-07	1.00e+00	0.00e+00	0.00e+00	0.00e+00	0.00e+00	0.00e+00
 3.08015e+12	0.00e+00	0.00e+00	1.68e-29	2.93e-21	7.06e-14	2.01e-07	1.00e+00	0.00e+00	0.00e+00	0.00e+00	0.00e+00	0.00e+00
 3.23328e+12	0.00e+00	1.38e-38	2.34e-29	3.78e-21	8.42e-14	2.20e-07	1.00e+00	0.00e+00	0.00e+00	0.00e+00	0.00e+00	0.00e+00
 3.39254e+12	0.00e+00	0.00e+00	3.27e-29	4.89e-21	1.00e-13	2.41e-07	1.00e+00	0.00e+00	0.00e+00	0.00e+00	0.00e+00	0.00e+00
 3.55212e+12	0.00e+00	3.12e-38	4.52e-29	6.26e-21	1.19e-13	2.63e-07	1.00e+00	0.00e+00	0.00e+00	0.00e+00	0.00e+00	0.00e+00
 3.71808e+12	0.00e+00	0.00e+00	6.25e-29	8.02e-21	1.42e-13	2.87e-07	1.00e+00	0.00e+00	0.00e+00	0.00e+00	0.00e+00	0.00e+00
 3.89673e+12	0.00e+00	7.04e-38	8.73e-29	1.04e-20	1.69e-13	3.15e-07	1.00e+00	0.00e+00	0.00e+00	0.00e+00	0.00e+00	0.00e+00
 4.08252e+12	0.00e+00	0.00e+00	1.22e-28	1.34e-20	2.03e-13	3.46e-07	1.00e+00	0.00e+00	0.00e+00	0.00e+00	0.00e+00	0.00e+00
 4.27575e+12	0.00e+00	1.61e-37	1.71e-28	1.74e-20	2.43e-13	3.80e-07	1.00e+00	0.00e+00	0.00e+00	0.00e+00	0.00e+00	0.00e+00
 4.47671e+12	0.00e+00	0.00e+00	2.38e-28	2.26e-20	2.91e-13	4.17e-07	1.00e+00	0.00e+00	0.00e+00	0.00e+00	0.00e+00	0.00e+00
 4.68570e+12	0.00e+00	3.66e-37	3.33e-28	2.92e-20	3.49e-13	4.59e-07	1.00e+00	0.00e+00	0.00e+00	0.00e+00	0.00e+00	0.00e+00
 4.87554e+12	0.00e+00	0.00e+00	4.45e-28	3.67e-20	4.10e-13	4.99e-07	1.00e+00	0.00e+00	0.00e+00	0.00e+00	0.00e+00	0.00e+00
 5.03499e+12	0.00e+00	7.00e-37	5.65e-28	4.41e-20	4.67e-13	5.34e-07	1.00e+00	0.00e+00	0.00e+00	0.00e+00	0.00e+00	0.00e+00
 5.21015e+12	0.00e+00	0.00e+00	7.27e-28	5.37e-20	5.37e-13	5.74e-07	1.00e+00	0.00e+00	0.00e+00	0.00e+00	0.00e+00	0.00e+00
 5.43031e+12	0.00e+00	1.39e-36	9.87e-28	6.82e-20	6.36e-13	6.28e-07	1.00e+00	0.00e+00	0.00e+00	0.00e+00	0.00e+00	0.00e+00
 5.65900e+12	5.40e-46	2.01e-36	1.34e-27	8.66e-20	7.55e-13	6.88e-07	1.00e+00	0.00e+00	0.00e+00	0.00e+00	0.00e+00	0.00e+00
 5.85628e+12	0.00e+00	0.00e+00	1.73e-27	1.06e-19	8.70e-13	7.41e-07	1.00e+00	0.00e+00	0.00e+00	0.00e+00	0.00e+00	0.00e+00
 6.06268e+12	0.00e+00	3.75e-36	2.23e-27	1.29e-19	1.01e-12	8.00e-07	1.00e+00	0.00e+00	0.00e+00	0.00e+00	0.00e+00	0.00e+00
 6.31789e+12	1.76e-45	5.43e-36	3.03e-27	1.64e-19	1.19e-12	8.78e-07	1.00e+00	0.00e+00	0.00e+00	0.00e+00	0.00e+00	0.00e+00
 6.57467e+12	0.00e+00	0.00e+00	4.06e-27	2.08e-19	1.41e-12	9.60e-07	1.00e+00	0.00e+00	0.00e+00	0.00e+00	0.00e+00	0.00e+00
 6.79852e+12	0.00e+00	1.05e-35	5.20e-27	2.52e-19	1.63e-12	1.04e-06	1.00e+00	0.00e+00	0.00e+00	0.00e+00	0.00e+00	0.00e+00
 7.04145e+12	5.58e-45	1.43e-35	6.74e-27	3.10e-19	1.89e-12	1.12e-06	1.00e+00	0.00e+00	0.00e+00	0.00e+00	0.00e+00	0.00e+00
 7.33730e+12	0.00e+00	0.00e+00	9.12e-27	3.94e-19	2.25e-12	1.23e-06	1.00e+00	0.00e+00	0.00e+00	0.00e+00	0.00e+00	0.00e+00
 7.63704e+12	0.00e+00	2.93e-35	1.22e-26	4.98e-19	2.66e-12	1.35e-06	1.00e+00	0.00e+00	0.00e+00	0.00e+00	0.00e+00	0.00e+00
 7.90958e+12	1.88e-44	3.99e-35	1.58e-26	6.10e-19	3.09e-12	1.46e-06	1.00e+00	0.00e+00	0.00e+00	0.00e+00	0.00e+00	0.00e+00
 8.21167e+12	0.00e+00	5.53e-35	2.07e-26	7.59e-19	3.62e-12	1.59e-06	1.00e+00	0.00e+00	0.00e+00	0.00e+00	0.00e+00	0.00e+00
 8.56503e+12	4.27e-44	7.98e-35	2.82e-26	9.70e-19	4.32e-12	1.76e-06	1.00e+00	0.00e+00	0.00e+00	0.00e+00	0.00e+00	0.00e+00
 8.91579e+12	0.00e+00	1.13e-34	3.76e-26	1.22e-18	5.12e-12	1.93e-06	1.00e+00	0.00e+00	0.00e+00	0.00e+00	0.00e+00	0.00e+00
 9.25037e+12	9.35e-44	1.55e-34	4.91e-26	1.51e-18	5.98e-12	2.10e-06	1.00e+00	0.00e+00	0.00e+00	0.00e+00	0.00e+00	0.00e+00
 9.62010e+12	0.00e+00	2.17e-34	6.50e-26	1.90e-18	7.06e-12	2.30e-06	1.00e+00	0.00e+00	0.00e+00	0.00e+00	0.00e+00	0.00e+00
 1.00348e+13	2.12e-43	3.10e-34	8.79e-26	2.42e-18	8.43e-12	2.53e-06	1.00e+00	0.00e+00	0.00e+00	0.00e+00	0.00e+00	0.00e+00
 1.04529e+13	0.00e+00	4.38e-34	1.18e-25	3.06e-18	1.00e-11	2.79e-06	1.00e+00	0.00e+00	0.00e+00	0.00e+00	0.00e+00	0.00e+00
 1.08273e+13	4.50e-43	5.89e-34	1.51e-25	3.75e-18	1.16e-11	3.02e-06	1.00e+00	0.00e+00	0.00e+00	0.00e+00	0.00e+00	0.00e+00
 1.11566e+13	0.00e+00	7.58e-34	1.87e-25	4.45e-18	1.31e-11	3.24e-06	1.00e+00	0.00e+00	0.00e+00	0.00e+00	0.00e+00	0.00e+00
 1.15278e+13	8.33e-43	9.97e-34	2.35e-25	5.37e-18	1.50e-11	3.49e-06	1.00e+00	0.00e+00	0.00e+00	0.00e+00	0.00e+00	0.00e+00
 1.19424e+13	0.00e+00	1.34e-33	3.02e-25	6.57e-18	1.74e-11	3.79e-06	1.00e+00	0.00e+00	0.00e+00	0.00e+00	0.00e+00	0.00e+00
 1.23331e+13	1.60e-42	1.75e-33	3.78e-25	7.90e-18	1.99e-11	4.09e-06	1.00e+00	0.00e+00	0.00e+00	0.00e+00	0.00e+00	0.00e+00
 1.27607e+13	0.00e+00	2.32e-33	4.81e-25	9.59e-18	2.29e-11	4.42e-06	1.00e+00	0.00e+00	0.00e+00	0.00e+00	0.00e+00	0.00e+00
 1.32376e+13	3.17e-42	3.14e-33	6.22e-25	1.18e-17	2.67e-11	4.81e-06	1.00e+00	0.00e+00	0.00e+00	0.00e+00	0.00e+00	0.00e+00
 1.36868e+13	0.00e+00	4.13e-33	7.85e-25	1.43e-17	3.06e-11	5.20e-06	1.00e+00	0.00e+00	0.00e+00	0.00e+00	0.00e+00	0.00e+00
 1.41786e+13	6.12e-42	5.52e-33	1.00e-24	1.75e-17	3.54e-11	5.64e-06	1.00e+00	0.00e+00	0.00e+00	0.00e+00	0.00e+00	0.00e+00
 1.47290e+13	0.00e+00	7.53e-33	1.31e-24	2.17e-17	4.14e-11	6.16e-06	1.00e+00	0.00e+00	0.00e+00	0.00e+00	0.00e+00	0.00e+00
 1.52503e+13	1.22e-41	1.00e-32	1.67e-24	2.65e-17	4.77e-11	6.67e-06	1.00e+00	0.00e+00	0.00e+00	0.00e+00	0.00e+00	0.00e+00
 1.57303e+13	0.00e+00	1.29e-32	2.07e-24	3.16e-17	5.42e-11	7.17e-06	1.00e+00	0.00e+00	0.00e+00	0.00e+00	0.00e+00	0.00e+00
 1.62618e+13	2.24e-41	1.69e-32	2.61e-24	3.81e-17	6.20e-11	7.74e-06	1.00e+00	0.00e+00	0.00e+00	0.00e+00	0.00e+00	0.00e+00
 1.68581e+13	0.00e+00	2.26e-32	3.35e-24	4.68e-17	7.18e-11	8.40e-06	1.00e+00	0.00e+00	0.00e+00	0.00e+00	0.00e+00	0.00e+00
 1.74213e+13	4.27e-41	2.95e-32	4.21e-24	5.64e-17	8.20e-11	9.06e-06	1.00e+00	0.00e+00	0.00e+00	0.00e+00	0.00e+00	0.00e+00
 1.80361e+13	0.00e+00	3.92e-32	5.37e-24	6.87e-17	9.43e-11	9.81e-06	1.00e+00	0.00e+00	0.00e+00	0.00e+00	0.00e+00	0.00e+00
 1.87158e+13	8.37e-41	5.29e-32	6.94e-24	8.48e-17	1.10e-10	1.07e-05	1.00e+00	0.00e+00	0.00e+00	0.00e+00	0.00e+00	0.00e+00
 1.93448e+13	0.00e+00	6.92e-32	8.74e-24	1.02e-16	1.25e-10	1.15e-05	1.00e+00	0.00e+00	0.00e+00	0.00e+00	0.00e+00	0.00e+00
 2.00277e+13	1.58e-40	9.18e-32	1.11e-23	1.25e-16	1.44e-10	1.25e-05	1.00e+00	0.00e+00	0.00e+00	0.00e+00	0.00e+00	0.00e+00
 2.07918e+13	0.00e+00	1.25e-31	1.45e-23	1.55e-16	1.67e-10	1.36e-05	1.00e+00	0.00e+00	0.00e+00	0.00e+00	0.00e+00	0.00e+00
 2.15129e+13	3.09e-40	1.65e-31	1.84e-23	1.88e-16	1.92e-10	1.47e-05	1.00e+00	0.00e+00	0.00e+00	0.00e+00	0.00e+00	0.00e+00
 2.23019e+13	0.00e+00	2.21e-31	2.37e-23	2.31e-16	2.21e-10	1.59e-05	1.00e+00	0.00e+00	0.00e+00	0.00e+00	0.00e+00	0.00e+00
 2.31821e+13	6.27e-40	3.04e-31	3.11e-23	2.88e-16	2.58e-10	1.74e-05	1.00e+00	0.00e+00	0.00e+00	0.00e+00	0.00e+00	0.00e+00
 2.40116e+13	0.00e+00	4.07e-31	3.99e-23	3.52e-16	2.97e-10	1.88e-05	1.00e+00	0.00e+00	0.00e+00	0.00e+00	0.00e+00	0.00e+00
 2.49099e+13	1.25e-39	5.53e-31	5.18e-23	4.35e-16	3.43e-10	2.04e-05	1.00e+00	0.00e+00	0.00e+00	0.00e+00	0.00e+00	0.00e+00
 2.59159e+13	0.00e+00	7.69e-31	6.87e-23	5.46e-16	4.02e-10	2.23e-05	1.00e+00	0.00e+00	0.00e+00	0.00e+00	0.00e+00	0.00e+00
 2.68895e+13	2.61e-39	1.05e-30	8.94e-23	6.75e-16	4.65e-10	2.42e-05	1.00e+00	0.00e+00	0.00e+00	0.00e+00	0.00e+00	0.00e+00
 2.79225e+13	0.00e+00	1.45e-30	1.17e-22	8.38e-16	5.40e-10	2.63e-05	1.00e+00	0.00e+00	0.00e+00	0.00e+00	0.00e+00	0.00e+00
 2.90693e+13	5.59e-39	2.03e-30	1.57e-22	1.06e-15	6.33e-10	2.87e-05	1.00e+00	0.00e+00	0.00e+00	0.00e+00	0.00e+00	0.00e+00
 3.02292e+13	0.00e+00	2.85e-30	2.08e-22	1.33e-15	7.38e-10	3.13e-05	1.00e+00	0.00e+00	0.00e+00	0.00e+00	0.00e+00	0.00e+00
 3.14354e+13	1.22e-38	3.99e-30	2.77e-22	1.66e-15	8.61e-10	3.41e-05	1.00e+00	0.00e+00	0.00e+00	0.00e+00	0.00e+00	0.00e+00
 3.27228e+13	0.00e+00	5.66e-30	3.72e-22	2.10e-15	1.01e-09	3.72e-05	1.00e+00	0.00e+00	0.00e+00	0.00e+00	0.00e+00	0.00e+00
 3.39430e+13	2.65e-38	7.82e-30	4.87e-22	2.60e-15	1.17e-09	4.02e-05	1.00e+00	0.00e+00	0.00e+00	0.00e+00	0.00e+00	0.00e+00
 3.50484e+13	0.00e+00	1.04e-29	6.17e-22	3.13e-15	1.32e-09	4.31e-05	1.00e+00	0.00e+00	0.00e+00	0.00e+00	0.00e+00	0.00e+00
 3.60915e+13	4.95e-38	1.34e-29	7.66e-22	3.71e-15	1.48e-09	4.59e-05	1.00e+00	0.00e+00	0.00e+00	0.00e+00	0.00e+00	0.00e+00
 3.72447e+13	0.00e+00	1.78e-29	9.68e-22	4.46e-15	1.68e-09	4.91e-05	1.00e+00	0.00e+00	0.00e+00	0.00e+00	0.00e+00	0.00e+00
 3.85385e+13	9.84e-38	2.42e-29	1.25e-21	5.44e-15	1.92e-09	5.28e-05	1.00e+00	0.00e+00	0.00e+00	0.00e+00	0.00e+00	0.00e+00
 3.97701e+13	0.00e+00	3.21e-29	1.58e-21	6.54e-15	2.17e-09	5.65e-05	1.00e+00	0.00e+00	0.00e+00	0.00e+00	0.00e+00	0.00e+00
 4.11265e+13	1.95e-37	4.35e-29	2.04e-21	7.96e-15	2.48e-09	6.06e-05	1.00e+00	0.00e+00	0.00e+00	0.00e+00	0.00e+00	0.00e+00
 4.26418e+13	0.00e+00	6.05e-29	2.67e-21	9.83e-15	2.86e-09	6.54e-05	1.00e+00	0.00e+00	0.00e+00	0.00e+00	0.00e+00	0.00e+00
 4.40317e+13	4.04e-37	8.10e-29	3.41e-21	1.19e-14	3.24e-09	7.00e-05	1.00e+00	0.00e+00	0.00e+00	0.00e+00	0.00e+00	0.00e+00
 4.53047e+13	0.00e+00	1.05e-28	4.23e-21	1.40e-14	3.63e-09	7.43e-05	1.00e+00	0.00e+00	0.00e+00	0.00e+00	0.00e+00	0.00e+00
 4.67577e+13	7.74e-37	1.41e-28	5.38e-21	1.69e-14	4.11e-09	7.94e-05	1.00e+00	0.00e+00	0.00e+00	0.00e+00	0.00e+00	0.00e+00
 4.85455e+13	0.00e+00	2.01e-28	7.18e-21	2.11e-14	4.77e-09	8.58e-05	1.00e+00	0.00e+00	0.00e+00	0.00e+00	0.00e+00	0.00e+00
 5.03394e+13	1.73e-36	2.80e-28	9.46e-21	2.61e-14	5.50e-09	9.25e-05	1.00e+00	0.00e+00	0.00e+00	0.00e+00	0.00e+00	0.00e+00
 5.18998e+13	0.00e+00	3.74e-28	1.20e-20	3.12e-14	6.20e-09	9.85e-05	1.00e+00	0.00e+00	0.00e+00	0.00e+00	0.00e+00	0.00e+00
 5.35860e+13	3.48e-36	5.06e-28	1.53e-20	3.77e-14	7.03e-09	1.05e-04	1.00e+00	0.00e+00	0.00e+00	0.00e+00	0.00e+00	0.00e+00
 5.56448e+13	0.00e+00	7.27e-28	2.05e-20	4.70e-14	8.16e-09	1.14e-04	1.00e+00	0.00e+00	0.00e+00	0.00e+00	0.00e+00	0.00e+00
 5.77413e+13	8.04e-36	1.03e-27	2.73e-20	5.85e-14	9.44e-09	1.23e-04	1.00e+00	0.00e+00	0.00e+00	0.00e+00	0.00e+00	0.00e+00
 5.96340e+13	0.00e+00	1.40e-27	3.51e-20	7.08e-14	1.07e-08	1.31e-04	1.00e+00	0.00e+00	0.00e+00	0.00e+00	0.00e+00	0.00e+00
 6.17085e+13	1.72e-35	1.95e-27	4.59e-20	8.67e-14	1.23e-08	1.40e-04	1.00e+00	0.00e+00	0.00e+00	0.00e+00	0.00e+00	0.00e+00
 6.41536e+13	0.00e+00	2.85e-27	6.22e-20	1.09e-13	1.43e-08	1.51e-04	1.00e+00	0.00e+00	0.00e+00	0.00e+00	0.00e+00	0.00e+00
 6.65965e+13	4.12e-35	4.06e-27	8.31e-20	1.36e-13	1.66e-08	1.63e-04	1.00e+00	0.00e+00	0.00e+00	0.00e+00	0.00e+00	0.00e+00
 6.88931e+13	6.13e-35	5.66e-27	1.09e-19	1.66e-13	1.90e-08	1.75e-04	1.00e+00	0.00e+00	0.00e+00	0.00e+00	0.00e+00	0.00e+00
 7.14348e+13	9.37e-35	8.07e-27	1.44e-19	2.06e-13	2.19e-08	1.88e-04	1.00e+00	0.00e+00	0.00e+00	0.00e+00	0.00e+00	0.00e+00
 7.43222e+13	1.50e-34	1.19e-26	1.98e-19	2.61e-13	2.56e-08	2.03e-04	1.00e+00	0.00e+00	0.00e+00	0.00e+00	0.00e+00	0.00e+00
 7.72294e+13	2.33e-34	1.73e-26	2.67e-19	3.27e-13	2.98e-08	2.20e-04	1.00e+00	0.00e+00	0.00e+00	0.00e+00	0.00e+00	0.00e+00
 8.02529e+13	3.68e-34	2.53e-26	3.62e-19	4.11e-13	3.47e-08	2.37e-04	1.00e+00	0.00e+00	0.00e+00	0.00e+00	0.00e+00	0.00e+00
 8.34929e+13	5.90e-34	3.75e-26	4.96e-19	5.20e-13	4.05e-08	2.56e-04	1.00e+00	0.00e+00	0.00e+00	0.00e+00	0.00e+00	0.00e+00
 8.68626e+13	9.42e-34	5.54e-26	6.78e-19	6.58e-13	4.74e-08	2.77e-04	1.00e+00	0.00e+00	0.00e+00	0.00e+00	0.00e+00	0.00e+00
 9.03670e+13	1.51e-33	8.19e-26	9.28e-19	8.32e-13	5.54e-08	2.99e-04	1.00e+00	0.00e+00	0.00e+00	0.00e+00	0.00e+00	0.00e+00
 9.37918e+13	2.34e-33	1.18e-25	1.25e-18	1.04e-12	6.42e-08	3.22e-04	1.00e+00	0.00e+00	0.00e+00	0.00e+00	0.00e+00	0.00e+00
 9.70604e+13	3.51e-33	1.66e-25	1.64e-18	1.27e-12	7.36e-08	3.44e-04	1.00e+00	0.00e+00	0.00e+00	0.00e+00	0.00e+00	0.00e+00
 1.00142e+14	5.09e-33	2.26e-25	2.10e-18	1.53e-12	8.33e-08	3.66e-04	1.00e+00	0.00e+00	0.00e+00	0.00e+00	0.00e+00	0.00e+00
 1.03479e+14	7.51e-33	3.13e-25	2.72e-18	1.86e-12	9.48e-08	3.91e-04	1.00e+00	0.00e+00	0.00e+00	0.00e+00	0.00e+00	0.00e+00
 1.07196e+14	1.14e-32	4.43e-25	3.60e-18	2.30e-12	1.09e-07	4.19e-04	1.00e+00	0.00e+00	0.00e+00	0.00e+00	0.00e+00	0.00e+00
 1.10702e+14	1.67e-32	6.09e-25	4.65e-18	2.78e-12	1.24e-07	4.46e-04	1.00e+00	0.00e+00	0.00e+00	0.00e+00	0.00e+00	0.00e+00
 1.14556e+14	2.50e-32	8.53e-25	6.10e-18	3.41e-12	1.42e-07	4.78e-04	1.00e+00	0.00e+00	0.00e+00	0.00e+00	0.00e+00	0.00e+00
 1.18894e+14	3.92e-32	1.24e-24	8.21e-18	4.26e-12	1.64e-07	5.14e-04	9.99e-01	0.00e+00	0.00e+00	0.00e+00	0.00e+00	0.00e+00
 1.23055e+14	5.79e-32	1.72e-24	1.08e-17	5.22e-12	1.88e-07	5.50e-04	9.99e-01	0.00e+00	0.00e+00	0.00e+00	0.00e+00	0.00e+00
 1.27573e+14	8.92e-32	2.47e-24	1.43e-17	6.47e-12	2.17e-07	5.91e-04	9.99e-01	0.00e+00	0.00e+00	0.00e+00	0.00e+00	0.00e+00
 1.32706e+14	1.43e-31	3.65e-24	1.96e-17	8.19e-12	2.54e-07	6.39e-04	9.99e-01	0.00e+00	0.00e+00	0.00e+00	0.00e+00	0.00e+00
 1.37758e+14	2.19e-31	5.23e-24	2.63e-17	1.02e-11	2.95e-07	6.88e-04	9.99e-01	0.00e+00	0.00e+00	0.00e+00	0.00e+00	0.00e+00
 1.43012e+14	3.43e-31	7.60e-24	3.55e-17	1.28e-11	3.42e-07	7.41e-04	9.99e-01	0.00e+00	0.00e+00	0.00e+00	0.00e+00	0.00e+00
 1.48762e+14	5.33e-31	1.10e-23	4.83e-17	1.62e-11	4.00e-07	8.03e-04	9.99e-01	0.00e+00	0.00e+00	0.00e+00	0.00e+00	0.00e+00
 1.54083e+14	8.17e-31	1.57e-23	6.41e-17	1.99e-11	4.60e-07	8.60e-04	9.99e-01	0.00e+00	0.00e+00	0.00e+00	0.00e+00	0.00e+00
 1.58712e+14	1.14e-30	2.08e-23	8.08e-17	2.37e-11	5.17e-07	9.13e-04	9.99e-01	0.00e+00	0.00e+00	0.00e+00	0.00e+00	0.00e+00
 1.63862e+14	1.65e-30	2.84e-23	1.04e-16	2.87e-11	5.87e-07	9.73e-04	9.99e-01	0.00e+00	0.00e+00	0.00e+00	0.00e+00	0.00e+00
 1.70124e+14	2.54e-30	4.09e-23	1.40e-16	3.59e-11	6.81e-07	1.05e-03	9.99e-01	0.00e+00	0.00e+00	0.00e+00	0.00e+00	0.00e+00
 1.76439e+14	3.91e-30	5.86e-23	1.87e-16	4.46e-11	7.87e-07	1.13e-03	9.99e-01	0.00e+00	0.00e+00	0.00e+00	0.00e+00	0.00e+00
 1.82136e+14	5.55e-30	7.90e-23	2.40e-16	5.39e-11	8.92e-07	1.20e-03	9.99e-01	0.00e+00	0.00e+00	0.00e+00	0.00e+00	0.00e+00
 1.88419e+14	8.24e-30	1.10e-22	3.14e-16	6.60e-11	1.02e-06	1.29e-03	9.99e-01	0.00e+00	0.00e+00	0.00e+00	0.00e+00	0.00e+00
 1.95825e+14	1.28e-29	1.59e-22	4.25e-16	8.30e-11	1.19e-06	1.39e-03	9.99e-01	0.00e+00	0.00e+00	0.00e+00	0.00e+00	0.00e+00
 2.03098e+14	1.97e-29	2.29e-22	5.68e-16	1.03e-10	1.38e-06	1.50e-03	9.99e-01	0.00e+00	0.00e+00	0.00e+00	0.00e+00	0.00e+00
 2.09793e+14	2.80e-29	3.09e-22	7.33e-16	1.25e-10	1.56e-06	1.60e-03	9.98e-01	0.00e+00	0.00e+00	0.00e+00	0.00e+00	0.00e+00
 2.17331e+14	4.21e-29	4.36e-22	9.70e-16	1.54e-10	1.80e-06	1.72e-03	9.98e-01	0.00e+00	0.00e+00	0.00e+00	0.00e+00	0.00e+00
 2.26038e+14	6.56e-29	6.35e-22	1.32e-15	1.95e-10	2.10e-06	1.86e-03	9.98e-01	0.00e+00	0.00e+00	0.00e+00	0.00e+00	0.00e+00
 2.34548e+14	1.02e-28	9.14e-22	1.77e-15	2.43e-10	2.44e-06	2.00e-03	9.98e-01	0.00e+00	0.00e+00	0.00e+00	0.00e+00	0.00e+00
 2.42661e+14	1.47e-28	1.25e-21	2.32e-15	2.98e-10	2.79e-06	2.14e-03	9.98e-01	0.00e+00	0.00e+00	0.00e+00	0.00e+00	0.00e+00
 2.51661e+14	2.22e-28	1.78e-21	3.09e-15	3.70e-10	3.22e-06	2.31e-03	9.98e-01	0.00e+00	0.00e+00	0.00e+00	0.00e+00	0.00e+00
 2.61757e+14	3.52e-28	2.61e-21	4.22e-15	4.68e-10	3.77e-06	2.50e-03	9.98e-01	0.00e+00	0.00e+00	0.00e+00	0.00e+00	0.00e+00
 2.71434e+14	5.29e-28	3.69e-21	5.62e-15	5.81e-10	4.35e-06	2.68e-03	9.97e-01	0.00e+00	0.00e+00	0.00e+00	0.00e+00	0.00e+00
 2.80369e+14	7.49e-28	4.98e-21	7.25e-15	7.05e-10	4.95e-06	2.87e-03	9.97e-01	0.00e+00	0.00e+00	0.00e+00	0.00e+00	0.00e+00
 2.90486e+14	1.14e-27	7.07e-21	9.61e-15	8.71e-10	5.70e-06	3.08e-03	9.97e-01	0.00e+00	0.00e+00	0.00e+00	0.00e+00	0.00e+00
 3.02135e+14	1.74e-27	1.02e-20	1.31e-14	1.10e-09	6.66e-06	3.33e-03	9.97e-01	0.00e+00	0.00e+00	0.00e+00	0.00e+00	0.00e+00
 3.13182e+14	2.64e-27	1.45e-20	1.74e-14	1.36e-09	7.68e-06	3.58e-03	9.96e-01	0.00e+00	0.00e+00	0.00e+00	0.00e+00	0.00e+00
 3.23249e+14	3.68e-27	1.93e-20	2.23e-14	1.65e-09	8.71e-06	3.82e-03	9.96e-01	0.00e+00	0.00e+00	0.00e+00	0.00e+00	0.00e+00
 3.32792e+14	5.12e-27	2.54e-20	2.81e-14	1.96e-09	9.78e-06	4.05e-03	9.96e-01	0.00e+00	0.00e+00	0.00e+00	0.00e+00	0.00e+00
 3.43337e+14	7.36e-27	3.45e-20	3.60e-14	2.36e-09	1.11e-05	4.31e-03	9.96e-01	0.00e+00	0.00e+00	0.00e+00	0.00e+00	0.00e+00
 3.55112e+14	1.05e-26	4.70e-20	4.70e-14	2.88e-09	1.27e-05	4.61e-03	9.95e-01	0.00e+00	0.00e+00	0.00e+00	0.00e+00	0.00e+00
 3.66199e+14	1.51e-26	6.35e-20	6.00e-14	3.46e-09	1.43e-05	4.90e-03	9.95e-01	0.00e+00	0.00e+00	0.00e+00	0.00e+00	0.00e+00
 3.78323e+14	2.11e-26	8.52e-20	7.74e-14	4.20e-09	1.63e-05	5.24e-03	9.95e-01	0.00e+00	0.00e+00	0.00e+00	0.00e+00	0.00e+00
 3.91884e+14	3.20e-26	1.21e-19	1.02e-13	5.18e-09	1.87e-05	5.62e-03	9.94e-01	0.00e+00	0.00e+00	0.00e+00	0.00e+00	0.00e+00
 4.04695e+14	4.46e-26	1.61e-19	1.32e-13	6.28e-09	2.13e-05	6.00e-03	9.94e-01	0.00e+00	0.00e+00	0.00e+00	0.00e+00	0.00e+00
 4.18734e+14	6.51e-26	2.22e-19	1.73e-13	7.69e-09	2.43e-05	6.42e-03	9.94e-01	0.00e+00	0.00e+00	0.00e+00	0.00e+00	0.00e+00
 4.34231e+14	9.63e-26	3.11e-19	2.30e-13	9.55e-09	2.81e-05	6.91e-03	9.93e-01	0.00e+00	0.00e+00	0.00e+00	0.00e+00	0.00e+00
 4.48503e+14	1.40e-25	4.26e-19	2.97e-13	1.16e-08	3.20e-05	7.37e-03	9.93e-01	0.00e+00	0.00e+00	0.00e+00	0.00e+00	0.00e+00
 4.63937e+14	1.98e-25	5.77e-19	3.87e-13	1.42e-08	3.65e-05	7.90e-03	9.92e-01	0.00e+00	0.00e+00	0.00e+00	0.00e+00	0.00e+00
 4.81162e+14	3.01e-25	8.20e-19	5.16e-13	1.76e-08	4.22e-05	8.49e-03	9.91e-01	0.00e+00	0.00e+00	0.00e+00	0.00e+00	0.00e+00
 4.97388e+14	4.20e-25	1.10e-18	6.69e-13	2.14e-08	4.82e-05	9.09e-03	9.91e-01	0.00e+00	0.00e+00	0.00e+00	0.00e+00	0.00e+00
 5.15153e+14	6.27e-25	1.54e-18	8.83e-13	2.64e-08	5.53e-05	9.75e-03	9.90e-01	0.00e+00	0.00e+00	0.00e+00	0.00e+00	0.00e+00
 5.34887e+14	9.12e-25	2.15e-18	1.18e-12	3.30e-08	6.42e-05	1.05e-02	9.89e-01	0.00e+00	0.00e+00	0.00e+00	0.00e+00	0.00e+00
 5.53237e+14	1.34e-24	2.97e-18	1.55e-12	4.04e-08	7.34e-05	1.13e-02	9.89e-01	0.00e+00	0.00e+00	0.00e+00	0.00e+00	0.00e+00
 5.73148e+14	1.91e-24	4.06e-18	2.03e-12	4.98e-08	8.44e-05	1.21e-02	9.88e-01	0.00e+00	0.00e+00	0.00e+00	0.00e+00	0.00e+00
 5.95412e+14	2.92e-24	5.82e-18	2.75e-12	6.24e-08	9.81e-05	1.31e-02	9.87e-01	0.00e+00	0.00e+00	0.00e+00	0.00e+00	0.00e+00
 6.16565e+14	4.11e-24	7.89e-18	3.60e-12	7.68e-08	1.13e-04	1.41e-02	9.86e-01	0.00e+00	0.00e+00	0.00e+00	0.00e+00	0.00e+00
 6.39257e+14	6.03e-24	1.10e-17	4.78e-12	9.52e-08	1.30e-04	1.51e-02	9.85e-01	0.00e+00	0.00e+00	0.00e+00	0.00e+00	0.00e+00
 6.64857e+14	9.04e-24	1.57e-17	6.48e-12	1.20e-07	1.52e-04	1.64e-02	9.83e-01	0.00e+00	0.00e+00	0.00e+00	0.00e+00	0.00e+00
 6.89996e+14	1.34e-23	2.20e-17	8.66e-12	1.50e-07	1.76e-04	1.77e-02	9.82e-01	0.00e+00	0.00e+00	0.00e+00	0.00e+00	0.00e+00
 7.16141e+14	1.92e-23	3.03e-17	1.15e-11	1.87e-07	2.03e-04	1.91e-02	9.81e-01	0.00e+00	0.00e+00	0.00e+00	0.00e+00	0.00e+00
 7.44817e+14	2.85e-23	4.30e-17	1.56e-11	2.36e-07	2.37e-04	2.07e-02	9.79e-01	0.00e+00	0.00e+00	0.00e+00	0.00e+00	0.00e+00
 7.73186e+14	4.15e-23	5.99e-17	2.09e-11	2.94e-07	2.75e-04	2.24e-02	9.77e-01	0.00e+00	0.00e+00	0.00e+00	0.00e+00	0.00e+00
 7.96663e+14	5.64e-23	7.85e-17	2.63e-11	3.51e-07	3.09e-04	2.38e-02	9.76e-01	0.00e+00	0.00e+00	0.00e+00	0.00e+00	0.00e+00
 8.15374e+14	7.09e-23	9.62e-17	3.15e-11	4.02e-07	3.38e-04	2.50e-02	9.75e-01	0.00e+00	0.00e+00	0.00e+00	0.00e+00	0.00e+00
 8.36034e+14	9.14e-23	1.20e-16	3.82e-11	4.67e-07	3.73e-04	2.63e-02	9.73e-01	0.00e+00	0.00e+00	0.00e+00	0.00e+00	0.00e+00
 8.62893e+14	1.23e-22	1.58e-16	4.87e-11	5.63e-07	4.22e-04	2.82e-02	9.71e-01	0.00e+00	0.00e+00	0.00e+00	0.00e+00	0.00e+00
 8.91703e+14	1.70e-22	2.10e-16	6.27e-11	6.83e-07	4.80e-04	3.02e-02	9.69e-01	0.00e+00	0.00e+00	0.00e+00	0.00e+00	0.00e+00
 9.17304e+14	2.27e-22	2.71e-16	7.80e-11	8.08e-07	5.36e-04	3.20e-02	9.67e-01	0.00e+00	0.00e+00	0.00e+00	0.00e+00	0.00e+00
 9.44835e+14	2.97e-22	3.48e-16	9.76e-11	9.61e-07	6.01e-04	3.41e-02	9.65e-01	0.00e+00	0.00e+00	0.00e+00	0.00e+00	0.00e+00
 9.79620e+14	4.28e-22	4.81e-16	1.29e-10	1.19e-06	6.93e-04	3.67e-02	9.63e-01	0.00e+00	0.00e+00	0.00e+00	0.00e+00	0.00e+00
 1.01503e+15	5.95e-22	6.51e-16	1.69e-10	1.47e-06	7.95e-04	3.96e-02	9.60e-01	0.00e+00	0.00e+00	0.00e+00	0.00e+00	0.00e+00
 1.04522e+15	7.96e-22	8.44e-16	2.12e-10	1.75e-06	8.91e-04	4.22e-02	9.57e-01	0.00e+00	0.00e+00	0.00e+00	0.00e+00	0.00e+00
 1.07741e+15	1.06e-21	1.10e-15	2.68e-10	2.09e-06	1.00e-03	4.49e-02	9.54e-01	0.00e+00	0.00e+00	0.00e+00	0.00e+00	0.00e+00
 1.11753e+15	1.50e-21	1.50e-15	3.54e-10	2.59e-06	1.15e-03	4.86e-02	9.50e-01	0.00e+00	0.00e+00	0.00e+00	0.00e+00	0.00e+00
 1.15857e+15	2.11e-21	2.06e-15	4.67e-10	3.21e-06	1.33e-03	5.25e-02	9.46e-01	0.00e+00	0.00e+00	0.00e+00	0.00e+00	0.00e+00
 1.19460e+15	2.83e-21	2.69e-15	5.91e-10	3.84e-06	1.49e-03	5.59e-02	9.43e-01	0.00e+00	0.00e+00	0.00e+00	0.00e+00	0.00e+00
 1.23353e+15	3.86e-21	3.57e-15	7.56e-10	4.64e-06	1.69e-03	5.98e-02	9.39e-01	0.00e+00	0.00e+00	0.00e+00	0.00e+00	0.00e+00
 1.28066e+15	5.54e-21	4.97e-15	1.01e-09	5.78e-06	1.95e-03	6.47e-02	9.33e-01	0.00e+00	0.00e+00	0.00e+00	0.00e+00	0.00e+00
 1.32750e+15	7.84e-21	6.83e-15	1.33e-09	7.14e-06	2.24e-03	6.98e-02	9.28e-01	0.00e+00	0.00e+00	0.00e+00	0.00e+00	0.00e+00
 1.36908e+15	1.06e-20	8.97e-15	1.69e-09	8.56e-06	2.52e-03	7.44e-02	9.23e-01	0.00e+00	0.00e+00	0.00e+00	0.00e+00	0.00e+00
 1.41478e+15	1.45e-20	1.20e-14	2.17e-09	1.04e-05	2.85e-03	7.97e-02	9.17e-01	0.00e+00	0.00e+00	0.00e+00	0.00e+00	0.00e+00
 1.46944e+15	2.08e-20	1.68e-14	2.91e-09	1.30e-05	3.30e-03	8.62e-02	9.11e-01	0.00e+00	0.00e+00	0.00e+00	0.00e+00	0.00e+00
 1.52381e+15	2.98e-20	2.33e-14	3.85e-09	1.60e-05	3.78e-03	9.28e-02	9.03e-01	0.00e+00	0.00e+00	0.00e+00	0.00e+00	0.00e+00
 1.57337e+15	4.05e-20	3.08e-14	4.93e-09	1.93e-05	4.27e-03	9.89e-02	8.97e-01	0.00e+00	0.00e+00	0.00e+00	0.00e+00	0.00e+00
 1.62860e+15	5.72e-20	4.23e-14	6.43e-09	2.36e-05	4.85e-03	1.06e-01	8.89e-01	0.00e+00	0.00e+00	0.00e+00	0.00e+00	0.00e+00
 1.69302e+15	8.41e-20	6.02e-14	8.69e-09	2.96e-05	5.61e-03	1.15e-01	8.80e-01	0.00e+00	0.00e+00	0.00e+00	0.00e+00	0.00e+00
 1.75649e+15	1.21e-19	8.42e-14	1.15e-08	3.67e-05	6.44e-03	1.23e-01	8.70e-01	0.00e+00	0.00e+00	0.00e+00	0.00e+00	0.00e+00
 1.81652e+15	1.68e-19	1.13e-13	1.50e-08	4.46e-05	7.29e-03	1.32e-01	8.61e-01	0.00e+00	0.00e+00	0.00e+00	0.00e+00	0.00e+00
 1.88322e+15	2.47e-19	1.60e-13	1.98e-08	5.50e-05	8.33e-03	1.41e-01	8.50e-01	0.00e+00	0.00e+00	0.00e+00	0.00e+00	0.00e+00
 1.95858e+15	3.66e-19	2.29e-13	2.68e-08	6.89e-05	9.62e-03	1.52e-01	8.38e-01	0.00e+00	0.00e+00	0.00e+00	0.00e+00	0.00e+00
 2.02218e+15	4.99e-19	3.05e-13	3.43e-08	8.27e-05	1.08e-02	1.61e-01	8.28e-01	0.00e+00	0.00e+00	0.00e+00	0.00e+00	0.00e+00
 2.06859e+15	6.43e-19	3.81e-13	4.09e-08	9.42e-05	1.17e-02	1.68e-01	8.20e-01	0.00e+00	0.00e+00	0.00e+00	0.00e+00	0.00e+00
 2.11743e+15	8.18e-19	4.73e-13	4.89e-08	1.08e-04	1.28e-02	1.76e-01	8.11e-01	0.00e+00	0.00e+00	0.00e+00	0.00e+00	0.00e+00
 2.18092e+15	1.09e-18	6.15e-13	6.14e-08	1.27e-04	1.42e-02	1.85e-01	8.01e-01	0.00e+00	0.00e+00	0.00e+00	0.00e+00	0.00e+00
 2.25121e+15	1.55e-18	8.39e-13	7.85e-08	1.53e-04	1.59e-02	1.96e-01	7.88e-01	0.00e+00	0.00e+00	0.00e+00	0.00e+00	0.00e+00
 2.31635e+15	2.04e-18	1.08e-12	9.76e-08	1.79e-04	1.76e-02	2.06e-01	7.76e-01	0.00e+00	0.00e+00	0.00e+00	0.00e+00	0.00e+00
 2.38701e+15	2.86e-18	1.45e-12	1.23e-07	2.12e-04	1.95e-02	2.17e-01	7.63e-01	0.00e+00	0.00e+00	0.00e+00	0.00e+00	0.00e+00
 2.46616e+15	4.05e-18	1.97e-12	1.58e-07	2.55e-04	2.19e-02	2.29e-01	7.49e-01	0.00e+00	0.00e+00	0.00e+00	0.00e+00	0.00e+00
 2.54184e+15	5.43e-18	2.58e-12	1.99e-07	3.01e-04	2.43e-02	2.40e-01	7.35e-01	0.00e+00	0.00e+00	0.00e+00	0.00e+00	0.00e+00
 2.62572e+15	7.87e-18	3.56e-12	2.55e-07	3.61e-04	2.72e-02	2.54e-01	7.19e-01	0.00e+00	0.00e+00	0.00e+00	0.00e+00	0.00e+00
 2.71918e+15	1.11e-17	4.84e-12	3.32e-07	4.37e-04	3.06e-02	2.67e-01	7.02e-01	0.00e+00	0.00e+00	0.00e+00	0.00e+00	0.00e+00
 2.80809e+15	1.61e-17	6.68e-12	4.23e-07	5.22e-04	3.41e-02	2.81e-01	6.84e-01	0.00e+00	0.00e+00	0.00e+00	0.00e+00	0.00e+00
 2.90666e+15	2.37e-17	9.19e-12	5.48e-07	6.29e-04	3.82e-02	2.95e-01	6.66e-01	0.00e+00	0.00e+00	1.35e-17	7.19e-18	2.57e-18
 3.01650e+15	3.54e-17	1.31e-11	7.25e-07	7.69e-04	4.32e-02	3.11e-01	6.45e-01	0.00e+00	0.00e+00	2.02e-17	1.08e-17	3.81e-18
 3.11879e+15	5.07e-17	1.79e-11	9.28e-07	9.18e-04	4.80e-02	3.26e-01	6.25e-01	0.00e+00	0.00e+00	2.90e-17	1.54e-17	5.44e-18
 3.22957e+15	7.33e-17	2.46e-11	1.20e-06	1.10e-03	5.37e-02	3.41e-01	6.05e-01	0.00e+00	0.00e+00	4.20e-17	2.23e-17	7.83e-18
 3.35401e+15	1.07e-16	3.43e-11	1.59e-06	1.35e-03	6.04e-02	3.57e-01	5.82e-01	0.00e+00	0.00e+00	6.12e-17	3.24e-17	1.13e-17
 3.47161e+15	1.55e-16	4.72e-11	2.04e-06	1.61e-03	6.71e-02	3.71e-01	5.60e-01	0.00e+00	0.00e+00	8.92e-17	4.72e-17	1.64e-17
 3.59795e+15	2.28e-16	6.56e-11	2.64e-06	1.93e-03	7.48e-02	3.86e-01	5.37e-01	0.00e+00	0.00e+00	1.31e-16	6.94e-17	2.41e-17
 3.73863e+15	3.45e-16	9.31e-11	3.48e-06	2.35e-03	8.37e-02	4.02e-01	5.12e-01	0.00e+00	0.00e+00	1.98e-16	1.05e-16	3.62e-17
 3.87385e+15	5.26e-16	1.32e-10	4.49e-06	2.80e-03	9.28e-02	4.16e-01	4.89e-01	0.00e+00	0.00e+00	3.03e-16	1.60e-16	5.50e-17
 4.01774e+15	7.80e-16	1.83e-10	5.81e-06	3.36e-03	1.03e-01	4.29e-01	4.65e-01	0.00e+00	0.00e+00	4.49e-16	2.37e-16	8.13e-17
 4.17848e+15	1.20e-15	2.63e-10	7.67e-06	4.07e-03	1.15e-01	4.43e-01	4.38e-01	0.00e+00	0.00e+00	6.94e-16	3.66e-16	1.25e-16
 4.33776e+15	1.81e-15	3.67e-10	9.94e-06	4.86e-03	1.27e-01	4.55e-01	4.13e-01	0.00e+00	0.00e+00	1.04e-15	5.48e-16	1.87e-16
 4.46859e+15	2.48e-15	4.78e-10	1.22e-05	5.60e-03	1.37e-01	4.64e-01	3.94e-01	0.00e+00	0.00e+00	1.43e-15	7.54e-16	2.56e-16
 4.57062e+15	3.17e-15	5.84e-10	1.42e-05	6.22e-03	1.45e-01	4.70e-01	3.79e-01	0.00e+00	0.00e+00	1.83e-15	9.61e-16	3.26e-16
 4.68222e+15	4.07e-15	7.19e-10	1.67e-05	6.95e-03	1.54e-01	4.76e-01	3.63e-01	0.00e+00	0.00e+00	2.35e-15	1.24e-15	4.18e-16
 4.82730e+15	5.70e-15	9.46e-10	2.06e-05	8.00e-03	1.66e-01	4.83e-01	3.43e-01	0.00e+00	0.00e+00	3.29e-15	1.73e-15	5.84e-16
 4.98408e+15	7.69e-15	1.22e-09	2.54e-05	9.23e-03	1.80e-01	4.88e-01	3.23e-01	0.00e+00	0.00e+00	4.44e-15	2.34e-15	7.87e-16
 5.12533e+15	1.08e-14	1.59e-09	3.06e-05	1.05e-02	1.92e-01	4.93e-01	3.05e-01	0.00e+00	0.00e+00	6.25e-15	3.28e-15	1.10e-15
 5.27822e+15	1.48e-14	2.05e-09	3.71e-05	1.19e-02	2.05e-01	4.96e-01	2.87e-01	0.00e+00	0.00e+00	8.55e-15	4.49e-15	1.51e-15
 5.47194e+15	2.07e-14	2.72e-09	4.69e-05	1.39e-02	2.22e-01	4.99e-01	2.65e-01	0.00e+00	0.00e+00	1.20e-14	6.28e-15	2.10e-15
 5.66753e+15	3.15e-14	3.76e-09	5.88e-05	1.61e-02	2.39e-01	5.00e-01	2.45e-01	0.00e+00	0.00e+00	1.82e-14	9.57e-15	3.20e-15
 5.83112e+15	4.25e-14	4.78e-09	7.05e-05	1.82e-02	2.54e-01	4.99e-01	2.29e-01	0.00e+00	0.00e+00	2.46e-14	1.29e-14	4.31e-15
 6.00432e+15	5.73e-14	6.08e-09	8.47e-05	2.05e-02	2.69e-01	4.98e-01	2.13e-01	0.00e+00	0.00e+00	3.32e-14	1.74e-14	5.80e-15
 6.22428e+15	8.05e-14	8.03e-09	1.06e-04	2.37e-02	2.88e-01	4.94e-01	1.94e-01	0.00e+00	0.00e+00	4.66e-14	2.45e-14	8.14e-15
 6.45045e+15	1.23e-13	1.11e-08	1.32e-04	2.73e-02	3.07e-01	4.89e-01	1.76e-01	0.00e+00	0.00e+00	7.14e-14	3.75e-14	1.24e-14
 6.64601e+15	1.68e-13	1.41e-08	1.59e-04	3.07e-02	3.24e-01	4.83e-01	1.62e-01	0.00e+00	0.00e+00	9.74e-14	5.11e-14	1.69e-14
 6.85634e+15	2.30e-13	1.81e-08	1.92e-04	3.46e-02	3.41e-01	4.76e-01	1.48e-01	0.00e+00	0.00e+00	1.33e-13	6.99e-14	2.31e-14
 7.11475e+15	3.24e-13	2.39e-08	2.39e-04	3.97e-02	3.62e-01	4.66e-01	1.32e-01	0.00e+00	0.00e+00	1.88e-13	9.85e-14	3.26e-14
 7.37263e+15	4.96e-13	3.28e-08	2.96e-04	4.53e-02	3.82e-01	4.54e-01	1.18e-01	0.00e+00	0.00e+00	2.87e-13	1.51e-13	4.98e-14
 7.59816e+15	6.76e-13	4.17e-08	3.53e-04	5.05e-02	3.99e-01	4.43e-01	1.07e-01	0.00e+00	0.00e+00	3.92e-13	2.05e-13	6.77e-14
 7.84465e+15	9.28e-13	5.33e-08	4.25e-04	5.65e-02	4.16e-01	4.31e-01	9.58e-02	0.00e+00	0.00e+00	5.38e-13	2.82e-13	9.29e-14
 8.14367e+15	1.31e-12	7.01e-08	5.27e-04	6.43e-02	4.37e-01	4.15e-01	8.39e-02	0.00e+00	0.00e+00	7.58e-13	3.97e-13	1.31e-13
 8.43200e+15	1.98e-12	9.50e-08	6.45e-04	7.24e-02	4.55e-01	3.99e-01	7.36e-02	0.00e+00	0.00e+00	1.15e-12	6.02e-13	1.98e-13
 8.66979e+15	2.62e-12	1.18e-07	7.55e-04	7.95e-02	4.69e-01	3.85e-01	6.62e-02	0.00e+00	0.00e+00	1.52e-12	7.98e-13	2.62e-13
 8.92083e+15	3.53e-12	1.48e-07	8.89e-04	8.73e-02	4.82e-01	3.70e-01	5.90e-02	0.00e+00	0.00e+00	2.05e-12	1.07e-12	3.52e-13
 9.24400e+15	4.82e-12	1.89e-07	1.08e-03	9.78e-02	4.98e-01	3.52e-01	5.11e-02	0.00e+00	0.00e+00	2.79e-12	1.46e-12	4.80e-13
 9.58076e+15	7.40e-12	2.58e-07	1.33e-03	1.10e-01	5.13e-01	3.32e-01	4.37e-02	0.00e+00	0.00e+00	4.30e-12	2.25e-12	7.37e-13
 9.83319e+15	9.58e-12	3.14e-07	1.53e-03	1.19e-01	5.23e-01	3.17e-01	3.90e-02	0.00e+00	0.00e+00	5.56e-12	2.91e-12	9.54e-13
 1.00562e+16	1.21e-11	3.75e-07	1.74e-03	1.27e-01	5.31e-01	3.05e-01	3.51e-02	0.00e+00	0.00e+00	7.04e-12	3.69e-12	1.21e-12
 1.03460e+16	1.61e-11	4.65e-07	2.04e-03	1.39e-01	5.40e-01	2.88e-01	3.07e-02	0.00e+00	0.00e+00	9.36e-12	4.91e-12	1.60e-12
 1.06547e+16	2.23e-11	5.90e-07	2.41e-03	1.51e-01	5.48e-01	2.71e-01	2.65e-02	0.00e+00	0.00e+00	1.29e-11	6.78e-12	2.22e-12
 1.09230e+16	2.87e-11	7.14e-07	2.76e-03	1.63e-01	5.54e-01	2.57e-01	2.34e-02	0.00e+00	0.00e+00	1.67e-11	8.74e-12	2.86e-12
 1.12070e+16	3.73e-11	8.71e-07	3.19e-03	1.75e-01	5.59e-01	2.42e-01	2.05e-02	0.00e+00	0.00e+00	2.17e-11	1.14e-11	3.71e-12
 1.15761e+16	5.42e-11	1.14e-06	3.85e-03	1.92e-01	5.63e-01	2.23e-01	1.71e-02	0.00e+00	0.00e+00	3.15e-11	1.65e-11	5.38e-12
 1.19401e+16	7.33e-11	1.44e-06	4.57e-03	2.10e-01	5.66e-01	2.06e-01	1.44e-02	0.00e+00	0.00e+00	4.26e-11	2.23e-11	7.28e-12
 1.22170e+16	9.12e-11	1.71e-06	5.20e-03	2.23e-01	5.66e-01	1.93e-01	1.27e-02	0.00e+00	0.00e+00	5.30e-11	2.78e-11	9.06e-12
 1.24962e+16	1.17e-10	2.06e-06	5.94e-03	2.37e-01	5.65e-01	1.81e-01	1.10e-02	0.00e+00	0.00e+00	6.80e-11	3.56e-11	1.16e-11
 1.28593e+16	1.73e-10	2.71e-06	7.08e-03	2.57e-01	5.62e-01	1.65e-01	9.16e-03	0.00e+00	0.00e+00	1.01e-10	5.27e-11	1.72e-11
 1.32248e+16	2.36e-10	3.42e-06	8.34e-03	2.77e-01	5.57e-01	1.51e-01	7.65e-03	0.00e+00	0.00e+00	1.37e-10	7.18e-11	2.34e-11
 1.35175e+16	3.04e-10	4.13e-06	9.52e-03	2.93e-01	5.51e-01	1.40e-01	6.60e-03	0.00e+00	0.00e+00	1.77e-10	9.27e-11	3.02e-11
 1.37791e+16	3.83e-10	4.91e-06	1.07e-02	3.08e-01	5.46e-01	1.30e-01	5.77e-03	0.00e+00	0.00e+00	2.23e-10	1.17e-10	3.81e-11
 1.40766e+16	4.72e-10	5.80e-06	1.23e-02	3.25e-01	5.38e-01	1.20e-01	4.95e-03	0.00e+00	0.00e+00	2.74e-10	1.44e-10	4.69e-11
 1.44062e+16	6.73e-10	7.44e-06	1.43e-02	3.45e-01	5.27e-01	1.09e-01	4.14e-03	0.00e+00	0.00e+00	3.91e-10	2.05e-10	6.69e-11
 1.47003e+16	8.21e-10	8.74e-06	1.63e-02	3.63e-01	5.17e-01	9.98e-02	3.55e-03	0.00e+00	0.00e+00	4.78e-10	2.50e-10	8.16e-11
 1.49620e+16	1.11e-09	1.08e-05	1.85e-02	3.80e-01	5.07e-01	9.19e-02	3.06e-03	0.00e+00	0.00e+00	6.47e-10	3.39e-10	1.11e-10
 1.52193e+16	1.41e-09	1.29e-05	2.09e-02	3.96e-01	4.95e-01	8.46e-02	2.65e-03	0.00e+00	0.00e+00	8.20e-10	4.30e-10	1.40e-10
 1.55146e+16	1.74e-09	1.53e-05	2.40e-02	4.16e-01	4.81e-01	7.67e-02	2.24e-03	0.00e+00	0.00e+00	1.01e-09	5.32e-10	1.73e-10
 1.58316e+16	2.49e-09	1.97e-05	2.81e-02	4.37e-01	4.65e-01	6.86e-02	1.85e-03	0.00e+00	0.00e+00	1.45e-09	7.60e-10	2.48e-10
 1.60980e+16	3.24e-09	2.39e-05	3.21e-02	4.54e-01	4.50e-01	6.23e-02	1.57e-03	0.00e+00	0.00e+00	1.89e-09	9.90e-10	3.23e-10
 1.63239e+16	3.92e-09	2.78e-05	3.60e-02	4.69e-01	4.36e-01	5.72e-02	1.37e-03	0.00e+00	0.00e+00	2.28e-09	1.20e-09	3.90e-10
 1.65756e+16	5.57e-09	3.54e-05	4.14e-02	4.86e-01	4.20e-01	5.15e-02	1.15e-03	0.00e+00	0.00e+00	3.24e-09	1.70e-09	5.55e-10
 1.68405e+16	6.78e-09	4.17e-05	4.76e-02	5.04e-01	4.02e-01	4.62e-02	9.67e-04	0.00e+00	0.00e+00	3.94e-09	2.07e-09	6.75e-10
 1.70744e+16	9.69e-09	5.34e-05	5.47e-02	5.19e-01	3.84e-01	4.14e-02	8.12e-04	0.00e+00	0.00e+00	5.64e-09	2.96e-09	9.66e-10
 1.72825e+16	1.24e-08	6.42e-05	6.19e-02	5.32e-01	3.68e-01	3.75e-02	6.95e-04	0.00e+00	0.00e+00	7.23e-09	3.79e-09	1.24e-09
 1.74723e+16	1.58e-08	7.66e-05	6.96e-02	5.44e-01	3.52e-01	3.41e-02	5.99e-04	0.00e+00	0.00e+00	9.18e-09	4.82e-09	1.57e-09
 1.76538e+16	2.01e-08	9.14e-05	7.82e-02	5.54e-01	3.36e-01	3.09e-02	5.16e-04	0.00e+00	0.00e+00	1.17e-08	6.15e-09	2.01e-09
 1.78281e+16	2.35e-08	1.04e-04	8.74e-02	5.64e-01	3.20e-01	2.81e-02	4.48e-04	0.00e+00	0.00e+00	1.37e-08	7.18e-09	2.34e-09
 1.80249e+16	3.41e-08	1.35e-04	1.01e-01	5.73e-01	3.01e-01	2.47e-02	3.69e-04	0.00e+00	0.00e+00	1.98e-08	1.04e-08	3.40e-09
 1.82265e+16	4.16e-08	1.59e-04	1.16e-01	5.81e-01	2.80e-01	2.17e-02	3.07e-04	0.00e+00	0.00e+00	2.42e-08	1.27e-08	4.16e-09
 1.83962e+16	5.88e-08	2.03e-04	1.33e-01	5.86e-01	2.61e-01	1.91e-02	2.55e-04	0.00e+00	0.00e+00	3.42e-08	1.80e-08	5.88e-09
 1.85438e+16	7.76e-08	2.47e-04	1.50e-01	5.88e-01	2.44e-01	1.69e-02	2.14e-04	0.00e+00	0.00e+00	4.51e-08	2.37e-08	7.76e-09
 1.86780e+16	9.83e-08	2.95e-04	1.68e-01	5.88e-01	2.28e-01	1.50e-02	1.82e-04	0.00e+00	0.00e+00	5.72e-08	3.01e-08	9.83e-09
 1.88291e+16	1.28e-07	3.60e-04	1.92e-01	5.86e-01	2.09e-01	1.29e-02	1.48e-04	0.00e+00	0.00e+00	7.44e-08	3.91e-08	1.28e-08
 1.89879e+16	1.75e-07	4.53e-04	2.22e-01	5.79e-01	1.87e-01	1.09e-02	1.17e-04	0.00e+00	0.00e+00	1.02e-07	5.35e-08	1.75e-08
 1.91171e+16	2.15e-07	5.32e-04	2.51e-01	5.70e-01	1.69e-01	9.31e-03	9.55e-05	0.00e+00	0.00e+00	1.25e-07	6.59e-08	2.16e-08
 1.92243e+16	2.93e-07	6.58e-04	2.80e-01	5.58e-01	1.54e-01	7.99e-03	7.77e-05	0.00e+00	0.00e+00	1.70e-07	8.95e-08	2.93e-08
 1.93154e+16	3.42e-07	7.42e-04	3.06e-01	5.46e-01	1.40e-01	6.98e-03	6.53e-05	0.00e+00	0.00e+00	1.99e-07	1.05e-07	3.43e-08
 1.94064e+16	4.24e-07	8.68e-04	3.37e-01	5.30e-01	1.26e-01	5.97e-03	5.33e-05	0.00e+00	0.00e+00	2.47e-07	1.30e-07	4.26e-08
 1.94944e+16	5.62e-07	1.05e-03	3.70e-01	5.11e-01	1.12e-01	5.05e-03	4.28e-05	0.00e+00	0.00e+00	3.27e-07	1.72e-07	5.65e-08
 1.95522e+16	6.42e-07	1.16e-03	3.93e-01	4.97e-01	1.04e-01	4.51e-03	3.71e-05	0.00e+00	0.00e+00	3.74e-07	1.97e-07	6.46e-08
 1.96007e+16	7.02e-07	1.24e-03	4.14e-01	4.85e-01	9.63e-02	4.06e-03	3.25e-05	0.00e+00	0.00e+00	4.08e-07	2.15e-07	7.06e-08
 1.96638e+16	8.56e-07	1.42e-03	4.43e-01	4.65e-01	8.64e-02	3.48e-03	2.67e-05	0.00e+00	0.00e+00	4.98e-07	2.62e-07	8.63e-08
 1.97280e+16	1.01e-06	1.59e-03	4.74e-01	4.45e-01	7.69e-02	2.97e-03	2.19e-05	0.00e+00	0.00e+00	5.86e-07	3.09e-07	1.02e-07
 1.97826e+16	1.13e-06	1.73e-03	5.01e-01	4.26e-01	6.91e-02	2.56e-03	1.83e-05	0.00e+00	0.00e+00	6.56e-07	3.46e-07	1.14e-07
 1.98426e+16	1.32e-06	1.93e-03	5.32e-01	4.03e-01	6.05e-02	2.14e-03	1.46e-05	0.00e+00	0.00e+00	7.70e-07	4.06e-07	1.34e-07
 1.99076e+16	1.64e-06	2.22e-03	5.68e-01	3.76e-01	5.18e-02	1.73e-03	1.12e-05	0.00e+00	0.00e+00	9.54e-07	5.03e-07	1.66e-07
 1.99607e+16	1.87e-06	2.43e-03	5.97e-01	3.54e-01	4.53e-02	1.45e-03	8.99e-06	0.00e+00	0.00e+00	1.09e-06	5.73e-07	1.89e-07
 2.00117e+16	2.16e-06	2.68e-03	6.26e-01	3.31e-01	3.92e-02	1.19e-03	7.06e-06	0.00e+00	0.00e+00	1.26e-06	6.63e-07	2.19e-07
 2.00780e+16	2.57e-06	3.00e-03	6.63e-01	3.01e-01	3.21e-02	9.09e-04	5.09e-06	0.00e+00	0.00e+00	1.50e-06	7.90e-07	2.61e-07
 2.01459e+16	3.04e-06	3.35e-03	6.99e-01	2.71e-01	2.58e-02	6.82e-04	3.59e-06	0.00e+00	0.00e+00	1.77e-06	9.35e-07	3.09e-07
 2.02022e+16	3.50e-06	3.66e-03	7.28e-01	2.46e-01	2.12e-02	5.27e-04	2.63e-06	0.00e+00	0.00e+00	2.03e-06	1.08e-06	3.56e-07
 2.02615e+16	4.06e-06	4.01e-03	7.58e-01	2.21e-01	1.70e-02	3.91e-04	1.83e-06	0.00e+00	0.00e+00	2.36e-06	1.25e-06	4.13e-07
 2.03284e+16	4.73e-06	4.40e-03	7.88e-01	1.94e-01	1.31e-02	2.78e-04	1.22e-06	0.00e+00	0.00e+00	2.75e-06	1.45e-06	4.83e-07
 2.03937e+16	5.46e-06	4.79e-03	8.15e-01	1.70e-01	1.01e-02	1.96e-04	7.98e-07	0.00e+00	0.00e+00	3.17e-06	1.68e-06	5.58e-07
