#depth	O	O+	O+2	O+3	O+4	O+5	O+6	O+7	O+8	O[1]	O[2]	O[3]
 1.49634e+10	0.00e+00	0.00e+00	6.05e-31	1.46e-21	1.81e-13	5.56e-07	1.00e+00	0.00e+00	0.00e+00	0.00e+00	0.00e+00	0.00e+00
 4.54887e+10	0.00e+00	2.13e-41	8.29e-31	1.85e-21	2.12e-13	6.02e-07	1.00e+00	1.16e-19	0.00e+00	0.00e+00	0.00e+00	0.00e+00
 7.72350e+10	0.00e+00	0.00e+00	1.13e-30	2.35e-21	2.48e-13	6.51e-07	1.00e+00	0.00e+00	0.00e+00	0.00e+00	0.00e+00	0.00e+00
 1.10251e+11	0.00e+00	4.66e-41	1.55e-30	2.97e-21	2.90e-13	7.05e-07	1.00e+00	0.00e+00	0.00e+00	0.00e+00	0.00e+00	0.00e+00
 1.44588e+11	0.00e+00	0.00e+00	2.13e-30	3.76e-21	3.40e-13	7.63e-07	1.00e+00	0.00e+00	0.00e+00	0.00e+00	0.00e+00	0.00e+00
 1.80298e+11	0.00e+00	1.02e-40	2.91e-30	4.76e-21	3.98e-13	8.26e-07	1.00e+00	0.00e+00	0.00e+00	0.00e+00	0.00e+00	0.00e+00
 2.17437e+11	0.00e+00	0.00e+00	3.99e-30	6.03e-21	4.66e-13	8.94e-07	1.00e+00	0.00e+00	0.00e+00	0.00e+00	0.00e+00	0.00e+00
 2.56061e+11	0.00e+00	2.24e-40	5.46e-30	7.64e-21	5.46e-13	9.67e-07	1.00e+00	0.00e+00	0.00e+00	0.00e+00	0.00e+00	0.00e+00
 2.96231e+11	0.00e+00	0.00e+00	7.48e-30	9.68e-21	6.39e-13	1.05e-06	1.00e+00	0.00e+00	0.00e+00	0.00e+00	0.00e+00	0.00e+00
 3.38007e+11	0.00e+00	4.91e-40	1.02e-29	1.23e-20	7.49e-13	1.13e-06	1.00e+00	0.00e+00	0.00e+00	0.00e+00	0.00e+00	0.00e+00
 3.81454e+11	0.00e+00	0.00e+00	1.40e-29	1.55e-20	8.77e-13	1.23e-06	1.00e+00	0.00e+00	0.00e+00	0.00e+00	0.00e+00	0.00e+00
 4.26639e+11	0.00e+00	1.08e-39	1.92e-29	1.97e-20	1.03e-12	1.33e-06	1.00e+00	0.00e+00	0.00e+00	0.00e+00	0.00e+00	0.00e+00
 4.73631e+11	0.00e+00	0.00e+00	2.63e-29	2.49e-20	1.21e-12	1.44e-06	1.00e+00	0.00e+00	0.00e+00	0.00e+00	0.00e+00	0.00e+00
 5.22503e+11	0.00e+00	2.36e-39	3.60e-29	3.16e-20	1.41e-12	1.56e-06	1.00e+00	0.00e+00	0.00e+00	0.00e+00	0.00e+00	0.00e+00
 5.73330e+11	0.00e+00	0.00e+00	4.93e-29	4.01e-20	1.66e-12	1.69e-06	1.00e+00	0.00e+00	0.00e+00	0.00e+00	0.00e+00	0.00e+00
 6.22401e+11	0.00e+00	5.03e-39	6.61e-29	4.99e-20	1.92e-12	1.82e-06	1.00e+00	0.00e+00	0.00e+00	0.00e+00	0.00e+00	0.00e+00
 6.68302e+11	0.00e+00	0.00e+00	8.61e-29	6.09e-20	2.20e-12	1.95e-06	1.00e+00	0.00e+00	0.00e+00	0.00e+00	0.00e+00	0.00e+00
 7.19827e+11	0.00e+00	9.99e-39	1.15e-28	7.57e-20	2.54e-12	2.10e-06	1.00e+00	0.00e+00	0.00e+00	0.00e+00	0.00e+00	0.00e+00
 7.78547e+11	0.00e+00	0.00e+00	1.57e-28	9.60e-20	2.98e-12	2.27e-06	1.00e+00	0.00e+00	0.00e+00	0.00e+00	0.00e+00	0.00e+00
 8.36820e+11	0.00e+00	2.15e-38	2.12e-28	1.20e-19	3.47e-12	2.45e-06	1.00e+00	0.00e+00	0.00e+00	0.00e+00	0.00e+00	0.00e+00
 8.97425e+11	0.00e+00	0.00e+00	2.87e-28	1.51e-19	4.05e-12	2.65e-06	1.00e+00	0.00e+00	0.00e+00	0.00e+00	0.00e+00	0.00e+00
 9.63248e+11	0.00e+00	4.63e-38	3.94e-28	1.92e-19	4.76e-12	2.88e-06	1.00e+00	0.00e+00	0.00e+00	0.00e+00	0.00e+00	0.00e+00
 1.03171e+12	0.00e+00	0.00e+00	5.40e-28	2.44e-19	5.59e-12	3.12e-06	1.00e+00	0.00e+00	0.00e+00	0.00e+00	0.00e+00	0.00e+00
 1.10290e+12	0.00e+00	1.01e-37	7.40e-28	3.09e-19	6.57e-12	3.39e-06	1.00e+00	0.00e+00	0.00e+00	0.00e+00	0.00e+00	0.00e+00
 1.17694e+12	0.00e+00	0.00e+00	1.01e-27	3.93e-19	7.73e-12	3.68e-06	1.00e+00	0.00e+00	0.00e+00	0.00e+00	0.00e+00	0.00e+00
 1.25395e+12	0.00e+00	2.22e-37	1.39e-27	5.00e-19	9.09e-12	4.00e-06	1.00e+00	0.00e+00	0.00e+00	0.00e+00	0.00e+00	0.00e+00
 1.33403e+12	0.00e+00	0.00e+00	1.91e-27	6.35e-19	1.07e-11	4.34e-06	1.00e+00	0.00e+00	0.00e+00	0.00e+00	0.00e+00	0.00e+00
 1.41732e+12	0.00e+00	4.85e-37	2.61e-27	8.07e-19	1.26e-11	4.72e-06	1.00e+00	0.00e+00	0.00e+00	0.00e+00	0.00e+00	0.00e+00
 1.50394e+12	0.00e+00	0.00e+00	3.59e-27	1.03e-18	1.49e-11	5.14e-06	1.00e+00	0.00e+00	0.00e+00	0.00e+00	0.00e+00	0.00e+00
 1.59402e+12	0.00e+00	1.06e-36	4.92e-27	1.31e-18	1.75e-11	5.59e-06	1.00e+00	0.00e+00	0.00e+00	0.00e+00	0.00e+00	0.00e+00
 1.68771e+12	0.00e+00	0.00e+00	6.74e-27	1.66e-18	2.07e-11	6.09e-06	1.00e+00	0.00e+00	0.00e+00	0.00e+00	0.00e+00	0.00e+00
 1.78515e+12	0.00e+00	2.31e-36	9.24e-27	2.12e-18	2.44e-11	6.63e-06	1.00e+00	0.00e+00	0.00e+00	0.00e+00	0.00e+00	0.00e+00
 1.88648e+12	8.60e-47	3.40e-36	1.27e-26	2.70e-18	2.89e-11	7.23e-06	1.00e+00	0.00e+00	0.00e+00	0.00e+00	0.00e+00	0.00e+00
 1.99187e+12	0.00e+00	0.00e+00	1.74e-26	3.44e-18	3.42e-11	7.89e-06	1.00e+00	0.00e+00	0.00e+00	0.00e+00	0.00e+00	0.00e+00
 2.10147e+12	0.00e+00	7.36e-36	2.38e-26	4.39e-18	4.05e-11	8.62e-06	1.00e+00	0.00e+00	0.00e+00	0.00e+00	0.00e+00	0.00e+00
 2.21545e+12	3.42e-46	1.08e-35	3.26e-26	5.60e-18	4.80e-11	9.42e-06	1.00e+00	0.00e+00	0.00e+00	0.00e+00	0.00e+00	0.00e+00
 2.33400e+12	0.00e+00	0.00e+00	4.46e-26	7.14e-18	5.70e-11	1.03e-05	1.00e+00	0.00e+00	0.00e+00	0.00e+00	0.00e+00	0.00e+00
 2.45728e+12	0.00e+00	2.32e-35	6.09e-26	9.12e-18	6.76e-11	1.13e-05	1.00e+00	0.00e+00	0.00e+00	0.00e+00	0.00e+00	0.00e+00
 2.58550e+12	1.33e-45	3.38e-35	8.32e-26	1.16e-17	8.04e-11	1.24e-05	1.00e+00	0.00e+00	0.00e+00	0.00e+00	0.00e+00	0.00e+00
 2.71885e+12	0.00e+00	4.92e-35	1.14e-25	1.49e-17	9.57e-11	1.36e-05	1.00e+00	0.00e+00	0.00e+00	0.00e+00	0.00e+00	0.00e+00
 2.85753e+12	3.22e-45	7.13e-35	1.55e-25	1.90e-17	1.14e-10	1.49e-05	1.00e+00	0.00e+00	0.00e+00	0.00e+00	0.00e+00	0.00e+00
 3.00176e+12	0.00e+00	1.03e-34	2.10e-25	2.42e-17	1.36e-10	1.64e-05	1.00e+00	0.00e+00	0.00e+00	0.00e+00	0.00e+00	0.00e+00
 3.15176e+12	7.65e-45	1.48e-34	2.85e-25	3.09e-17	1.62e-10	1.80e-05	1.00e+00	0.00e+00	0.00e+00	0.00e+00	0.00e+00	0.00e+00
 3.30775e+12	0.00e+00	2.13e-34	3.86e-25	3.93e-17	1.93e-10	1.98e-05	1.00e+00	0.00e+00	0.00e+00	0.00e+00	0.00e+00	0.00e+00
 3.46999e+12	1.78e-44	3.04e-34	5.21e-25	5.01e-17	2.30e-10	2.19e-05	1.00e+00	0.00e+00	0.00e+00	0.00e+00	0.00e+00	0.00e+00
 3.63872e+12	0.00e+00	4.33e-34	7.03e-25	6.38e-17	2.74e-10	2.41e-05	1.00e+00	0.00e+00	0.00e+00	0.00e+00	0.00e+00	0.00e+00
 3.81419e+12	4.04e-44	6.13e-34	9.44e-25	8.11e-17	3.26e-10	2.66e-05	1.00e+00	0.00e+00	0.00e+00	0.00e+00	0.00e+00	0.00e+00
 3.99669e+12	0.00e+00	8.65e-34	1.27e-24	1.03e-16	3.89e-10	2.93e-05	1.00e+00	0.00e+00	0.00e+00	0.00e+00	0.00e+00	0.00e+00
 4.18648e+12	8.97e-44	1.22e-33	1.69e-24	1.31e-16	4.63e-10	3.23e-05	1.00e+00	0.00e+00	0.00e+00	0.00e+00	0.00e+00	0.00e+00
 4.38387e+12	0.00e+00	1.70e-33	2.26e-24	1.66e-16	5.50e-10	3.56e-05	1.00e+00	0.00e+00	0.00e+00	0.00e+00	0.00e+00	0.00e+00
 4.58915e+12	1.95e-43	2.38e-33	3.02e-24	2.10e-16	6.54e-10	3.93e-05	1.00e+00	0.00e+00	0.00e+00	0.00e+00	0.00e+00	0.00e+00
 4.80264e+12	0.00e+00	3.32e-33	4.02e-24	2.65e-16	7.76e-10	4.33e-05	1.00e+00	0.00e+00	0.00e+00	0.00e+00	0.00e+00	0.00e+00
 5.02467e+12	4.20e-43	4.61e-33	5.34e-24	3.36e-16	9.20e-10	4.77e-05	1.00e+00	0.00e+00	0.00e+00	0.00e+00	0.00e+00	0.00e+00
 5.25559e+12	0.00e+00	6.41e-33	7.09e-24	4.24e-16	1.09e-09	5.26e-05	1.00e+00	0.00e+00	0.00e+00	0.00e+00	0.00e+00	0.00e+00
 5.49574e+12	8.96e-43	8.90e-33	9.41e-24	5.36e-16	1.29e-09	5.78e-05	1.00e+00	0.00e+00	0.00e+00	0.00e+00	0.00e+00	0.00e+00
 5.74549e+12	0.00e+00	1.24e-32	1.25e-23	6.76e-16	1.52e-09	6.36e-05	1.00e+00	0.00e+00	0.00e+00	0.00e+00	0.00e+00	0.00e+00
 6.00524e+12	1.91e-42	1.72e-32	1.66e-23	8.53e-16	1.80e-09	7.00e-05	1.00e+00	0.00e+00	0.00e+00	0.00e+00	0.00e+00	0.00e+00
 6.27537e+12	0.00e+00	2.38e-32	2.20e-23	1.08e-15	2.12e-09	7.69e-05	1.00e+00	0.00e+00	0.00e+00	0.00e+00	0.00e+00	0.00e+00
 6.55632e+12	4.07e-42	3.31e-32	2.92e-23	1.36e-15	2.50e-09	8.44e-05	1.00e+00	0.00e+00	0.00e+00	0.00e+00	0.00e+00	0.00e+00
 6.84850e+12	0.00e+00	4.61e-32	3.89e-23	1.71e-15	2.95e-09	9.26e-05	1.00e+00	0.00e+00	0.00e+00	0.00e+00	0.00e+00	0.00e+00
 7.15236e+12	8.73e-42	6.44e-32	5.17e-23	2.16e-15	3.47e-09	1.01e-04	1.00e+00	0.00e+00	0.00e+00	0.00e+00	0.00e+00	0.00e+00
 7.46838e+12	0.00e+00	9.00e-32	6.88e-23	2.72e-15	4.08e-09	1.11e-04	1.00e+00	0.00e+00	0.00e+00	0.00e+00	0.00e+00	0.00e+00
 7.79705e+12	1.90e-41	1.26e-31	9.18e-23	3.43e-15	4.79e-09	1.22e-04	1.00e+00	0.00e+00	0.00e+00	0.00e+00	0.00e+00	0.00e+00
 8.12067e+12	0.00e+00	1.74e-31	1.21e-22	4.28e-15	5.58e-09	1.33e-04	1.00e+00	0.00e+00	0.00e+00	0.00e+00	0.00e+00	0.00e+00
 8.45724e+12	4.00e-41	2.40e-31	1.59e-22	5.33e-15	6.50e-09	1.44e-04	1.00e+00	0.00e+00	0.00e+00	0.00e+00	0.00e+00	0.00e+00
 8.82546e+12	0.00e+00	3.39e-31	2.12e-22	6.73e-15	7.62e-09	1.58e-04	1.00e+00	0.00e+00	0.00e+00	0.00e+00	0.00e+00	0.00e+00
 9.19623e+12	8.78e-41	4.74e-31	2.82e-22	8.42e-15	8.90e-09	1.72e-04	1.00e+00	0.00e+00	0.00e+00	0.00e+00	0.00e+00	0.00e+00
 9.58184e+12	0.00e+00	6.65e-31	3.75e-22	1.06e-14	1.04e-08	1.87e-04	1.00e+00	0.00e+00	0.00e+00	0.00e+00	0.00e+00	0.00e+00
 9.99504e+12	1.96e-40	9.44e-31	5.03e-22	1.33e-14	1.22e-08	2.04e-04	1.00e+00	0.00e+00	0.00e+00	0.00e+00	0.00e+00	0.00e+00
 1.04248e+13	0.00e+00	1.34e-30	6.76e-22	1.68e-14	1.43e-08	2.22e-04	1.00e+00	0.00e+00	0.00e+00	0.00e+00	0.00e+00	0.00e+00
 1.08717e+13	4.47e-40	1.92e-30	9.10e-22	2.12e-14	1.67e-08	2.42e-04	1.00e+00	0.00e+00	0.00e+00	0.00e+00	0.00e+00	0.00e+00
 1.13365e+13	0.00e+00	2.75e-30	1.23e-21	2.68e-14	1.96e-08	2.64e-04	1.00e+00	0.00e+00	0.00e+00	0.00e+00	0.00e+00	0.00e+00
 1.18199e+13	1.04e-39	3.95e-30	1.65e-21	3.39e-14	2.29e-08	2.87e-04	1.00e+00	0.00e+00	0.00e+00	0.00e+00	0.00e+00	0.00e+00
 1.23226e+13	0.00e+00	5.67e-30	2.23e-21	4.28e-14	2.68e-08	3.12e-04	1.00e+00	0.00e+00	0.00e+00	0.00e+00	0.00e+00	0.00e+00
 1.28454e+13	2.44e-39	8.18e-30	3.02e-21	5.40e-14	3.14e-08	3.39e-04	1.00e+00	0.00e+00	0.00e+00	0.00e+00	0.00e+00	0.00e+00
 1.33892e+13	0.00e+00	1.18e-29	4.08e-21	6.82e-14	3.67e-08	3.69e-04	1.00e+00	0.00e+00	0.00e+00	0.00e+00	0.00e+00	0.00e+00
 1.39547e+13	5.81e-39	1.71e-29	5.53e-21	8.62e-14	4.30e-08	4.01e-04	1.00e+00	0.00e+00	0.00e+00	0.00e+00	0.00e+00	0.00e+00
 1.45428e+13	0.00e+00	2.48e-29	7.50e-21	1.09e-13	5.03e-08	4.35e-04	1.00e+00	0.00e+00	0.00e+00	0.00e+00	0.00e+00	0.00e+00
 1.51544e+13	1.40e-38	3.59e-29	1.02e-20	1.38e-13	5.89e-08	4.73e-04	1.00e+00	0.00e+00	0.00e+00	0.00e+00	0.00e+00	0.00e+00
 1.57905e+13	0.00e+00	5.23e-29	1.38e-20	1.74e-13	6.89e-08	5.13e-04	9.99e-01	0.00e+00	0.00e+00	0.00e+00	0.00e+00	0.00e+00
 1.64521e+13	3.40e-38	7.62e-29	1.88e-20	2.20e-13	8.06e-08	5.56e-04	9.99e-01	0.00e+00	0.00e+00	0.00e+00	0.00e+00	0.00e+00
 1.71401e+13	0.00e+00	1.11e-28	2.55e-20	2.78e-13	9.43e-08	6.03e-04	9.99e-01	0.00e+00	0.00e+00	0.00e+00	0.00e+00	0.00e+00
 1.78556e+13	8.34e-38	1.62e-28	3.47e-20	3.51e-13	1.10e-07	6.54e-04	9.99e-01	0.00e+00	0.00e+00	0.00e+00	0.00e+00	0.00e+00
 1.85998e+13	0.00e+00	2.37e-28	4.72e-20	4.44e-13	1.29e-07	7.09e-04	9.99e-01	0.00e+00	0.00e+00	0.00e+00	0.00e+00	0.00e+00
 1.93737e+13	2.06e-37	3.47e-28	6.43e-20	5.61e-13	1.51e-07	7.69e-04	9.99e-01	0.00e+00	0.00e+00	0.00e+00	0.00e+00	0.00e+00
 2.01785e+13	0.00e+00	5.09e-28	8.76e-20	7.10e-13	1.76e-07	8.33e-04	9.99e-01	0.00e+00	0.00e+00	0.00e+00	0.00e+00	0.00e+00
 2.10156e+13	5.13e-37	7.47e-28	1.19e-19	8.97e-13	2.06e-07	9.02e-04	9.99e-01	0.00e+00	0.00e+00	0.00e+00	0.00e+00	0.00e+00
 2.18862e+13	0.00e+00	1.10e-27	1.63e-19	1.13e-12	2.41e-07	9.77e-04	9.99e-01	0.00e+00	0.00e+00	0.00e+00	0.00e+00	0.00e+00
 2.27915e+13	1.28e-36	1.61e-27	2.22e-19	1.43e-12	2.82e-07	1.06e-03	9.99e-01	0.00e+00	0.00e+00	0.00e+00	0.00e+00	0.00e+00
 2.37331e+13	0.00e+00	2.37e-27	3.03e-19	1.81e-12	3.30e-07	1.15e-03	9.99e-01	0.00e+00	0.00e+00	0.00e+00	0.00e+00	0.00e+00
 2.47124e+13	3.22e-36	3.48e-27	4.13e-19	2.29e-12	3.86e-07	1.24e-03	9.99e-01	0.00e+00	0.00e+00	0.00e+00	0.00e+00	0.00e+00
 2.57308e+13	0.00e+00	5.12e-27	5.63e-19	2.90e-12	4.52e-07	1.34e-03	9.99e-01	0.00e+00	0.00e+00	0.00e+00	0.00e+00	0.00e+00
 2.67900e+13	8.10e-36	7.54e-27	7.69e-19	3.67e-12	5.28e-07	1.45e-03	9.99e-01	0.00e+00	0.00e+00	0.00e+00	0.00e+00	0.00e+00
 2.78915e+13	0.00e+00	1.11e-26	1.05e-18	4.64e-12	6.18e-07	1.57e-03	9.98e-01	0.00e+00	0.00e+00	0.00e+00	0.00e+00	0.00e+00
 2.90371e+13	2.04e-35	1.63e-26	1.43e-18	5.87e-12	7.23e-07	1.70e-03	9.98e-01	0.00e+00	0.00e+00	0.00e+00	0.00e+00	0.00e+00
 3.02285e+13	0.00e+00	2.40e-26	1.96e-18	7.42e-12	8.45e-07	1.84e-03	9.98e-01	0.00e+00	0.00e+00	0.00e+00	0.00e+00	0.00e+00
 3.14675e+13	5.14e-35	3.54e-26	2.67e-18	9.38e-12	9.88e-07	2.00e-03	9.98e-01	0.00e+00	0.00e+00	0.00e+00	0.00e+00	0.00e+00
 3.27562e+13	8.16e-35	5.21e-26	3.64e-18	1.19e-11	1.16e-06	2.16e-03	9.98e-01	0.00e+00	0.00e+00	0.00e+00	0.00e+00	0.00e+00
 3.40963e+13	1.29e-34	7.67e-26	4.97e-18	1.50e-11	1.35e-06	2.34e-03	9.98e-01	0.00e+00	0.00e+00	0.00e+00	0.00e+00	0.00e+00
 3.54901e+13	2.05e-34	1.13e-25	6.79e-18	1.90e-11	1.58e-06	2.53e-03	9.97e-01	0.00e+00	0.00e+00	0.00e+00	0.00e+00	0.00e+00
 3.69397e+13	3.26e-34	1.66e-25	9.26e-18	2.40e-11	1.85e-06	2.74e-03	9.97e-01	0.00e+00	0.00e+00	0.00e+00	0.00e+00	0.00e+00
 3.84472e+13	5.16e-34	2.44e-25	1.26e-17	3.03e-11	2.16e-06	2.96e-03	9.97e-01	0.00e+00	0.00e+00	0.00e+00	0.00e+00	0.00e+00
 4.00150e+13	8.18e-34	3.59e-25	1.72e-17	3.83e-11	2.53e-06	3.21e-03	9.97e-01	0.00e+00	0.00e+00	0.00e+00	0.00e+00	0.00e+00
 4.15164e+13	1.25e-33	5.12e-25	2.29e-17	4.76e-11	2.92e-06	3.45e-03	9.97e-01	0.00e+00	0.00e+00	0.00e+00	0.00e+00	0.00e+00
 4.29006e+13	1.82e-33	7.03e-25	2.96e-17	5.77e-11	3.32e-06	3.68e-03	9.96e-01	0.00e+00	0.00e+00	0.00e+00	0.00e+00	0.00e+00
 4.44690e+13	2.75e-33	9.93e-25	3.91e-17	7.12e-11	3.82e-06	3.96e-03	9.96e-01	0.00e+00	0.00e+00	0.00e+00	0.00e+00	0.00e+00
 4.62776e+13	4.34e-33	1.46e-24	5.33e-17	9.00e-11	4.47e-06	4.29e-03	9.96e-01	0.00e+00	0.00e+00	0.00e+00	0.00e+00	0.00e+00
 4.80484e+13	6.68e-33	2.09e-24	7.14e-17	1.12e-10	5.18e-06	4.62e-03	9.95e-01	0.00e+00	0.00e+00	0.00e+00	0.00e+00	0.00e+00
 4.97433e+13	9.93e-33	2.92e-24	9.35e-17	1.38e-10	5.93e-06	4.95e-03	9.95e-01	0.00e+00	0.00e+00	0.00e+00	0.00e+00	0.00e+00
 5.16161e+13	1.51e-32	4.16e-24	1.24e-16	1.71e-10	6.86e-06	5.33e-03	9.95e-01	0.00e+00	0.00e+00	0.00e+00	0.00e+00	0.00e+00
 5.37107e+13	2.38e-32	6.09e-24	1.69e-16	2.16e-10	8.02e-06	5.78e-03	9.94e-01	0.00e+00	0.00e+00	0.00e+00	0.00e+00	0.00e+00
 5.58221e+13	3.69e-32	8.81e-24	2.29e-16	2.71e-10	9.33e-06	6.24e-03	9.94e-01	0.00e+00	0.00e+00	0.00e+00	0.00e+00	0.00e+00
 5.80180e+13	5.72e-32	1.27e-23	3.08e-16	3.40e-10	1.09e-05	6.75e-03	9.93e-01	0.00e+00	0.00e+00	0.00e+00	0.00e+00	0.00e+00
 6.03687e+13	8.95e-32	1.86e-23	4.19e-16	4.30e-10	1.27e-05	7.31e-03	9.93e-01	0.00e+00	0.00e+00	0.00e+00	0.00e+00	0.00e+00
 6.28133e+13	1.40e-31	2.71e-23	5.70e-16	5.43e-10	1.48e-05	7.92e-03	9.92e-01	0.00e+00	0.00e+00	0.00e+00	0.00e+00	0.00e+00
 6.53558e+13	2.19e-31	3.95e-23	7.74e-16	6.86e-10	1.73e-05	8.59e-03	9.91e-01	0.00e+00	0.00e+00	0.00e+00	0.00e+00	0.00e+00
 6.80000e+13	3.41e-31	5.76e-23	1.05e-15	8.67e-10	2.02e-05	9.31e-03	9.91e-01	0.00e+00	0.00e+00	0.00e+00	0.00e+00	0.00e+00
 7.07499e+13	5.31e-31	8.38e-23	1.43e-15	1.09e-09	2.37e-05	1.01e-02	9.90e-01	0.00e+00	0.00e+00	0.00e+00	0.00e+00	0.00e+00
 7.36098e+13	8.26e-31	1.22e-22	1.94e-15	1.38e-09	2.76e-05	1.09e-02	9.89e-01	0.00e+00	0.00e+00	0.00e+00	0.00e+00	0.00e+00
 7.65841e+13	1.28e-30	1.77e-22	2.63e-15	1.75e-09	3.23e-05	1.19e-02	9.88e-01	0.00e+00	0.00e+00	0.00e+00	0.00e+00	0.00e+00
 7.96774e+13	1.98e-30	2.57e-22	3.56e-15	2.20e-09	3.77e-05	1.29e-02	9.87e-01	0.00e+00	0.00e+00	0.00e+00	0.00e+00	0.00e+00
 8.28944e+13	3.06e-30	3.71e-22	4.83e-15	2.78e-09	4.41e-05	1.40e-02	9.86e-01	0.00e+00	0.00e+00	0.00e+00	0.00e+00	0.00e+00
 8.62402e+13	4.73e-30	5.38e-22	6.54e-15	3.51e-09	5.15e-05	1.52e-02	9.85e-01	0.00e+00	0.00e+00	0.00e+00	0.00e+00	0.00e+00
 8.97197e+13	7.26e-30	7.77e-22	8.85e-15	4.43e-09	6.01e-05	1.65e-02	9.83e-01	0.00e+00	0.00e+00	0.00e+00	0.00e+00	0.00e+00
 9.33384e+13	1.12e-29	1.12e-21	1.20e-14	5.59e-09	7.02e-05	1.79e-02	9.82e-01	0.00e+00	0.00e+00	0.00e+00	0.00e+00	0.00e+00
 9.71019e+13	1.71e-29	1.62e-21	1.62e-14	7.06e-09	8.19e-05	1.94e-02	9.81e-01	0.00e+00	0.00e+00	0.00e+00	0.00e+00	0.00e+00
 1.01016e+14	2.63e-29	2.34e-21	2.19e-14	8.90e-09	9.56e-05	2.10e-02	9.79e-01	0.00e+00	0.00e+00	0.00e+00	0.00e+00	0.00e+00
 1.05086e+14	4.00e-29	3.36e-21	2.96e-14	1.12e-08	1.12e-04	2.29e-02	9.77e-01	0.00e+00	0.00e+00	0.00e+00	0.00e+00	0.00e+00
 1.09320e+14	6.10e-29	4.83e-21	4.00e-14	1.42e-08	1.30e-04	2.48e-02	9.75e-01	0.00e+00	0.00e+00	0.00e+00	0.00e+00	0.00e+00
 1.13723e+14	9.28e-29	6.95e-21	5.41e-14	1.79e-08	1.52e-04	2.69e-02	9.73e-01	0.00e+00	0.00e+00	0.00e+00	0.00e+00	0.00e+00
 1.18301e+14	1.41e-28	9.97e-21	7.30e-14	2.25e-08	1.77e-04	2.93e-02	9.71e-01	0.00e+00	0.00e+00	0.00e+00	0.00e+00	0.00e+00
 1.23063e+14	2.12e-28	1.43e-20	9.84e-14	2.84e-08	2.06e-04	3.18e-02	9.68e-01	0.00e+00	0.00e+00	0.00e+00	0.00e+00	0.00e+00
 1.28016e+14	3.22e-28	2.05e-20	1.33e-13	3.58e-08	2.40e-04	3.45e-02	9.65e-01	0.00e+00	0.00e+00	0.00e+00	0.00e+00	0.00e+00
 1.32931e+14	4.75e-28	2.88e-20	1.77e-13	4.46e-08	2.78e-04	3.74e-02	9.62e-01	0.00e+00	0.00e+00	0.00e+00	0.00e+00	0.00e+00
 1.38043e+14	7.04e-28	4.06e-20	2.35e-13	5.56e-08	3.21e-04	4.04e-02	9.59e-01	0.00e+00	0.00e+00	0.00e+00	0.00e+00	0.00e+00
 1.43595e+14	1.05e-27	5.79e-20	3.17e-13	7.00e-08	3.74e-04	4.39e-02	9.56e-01	0.00e+00	0.00e+00	0.00e+00	0.00e+00	0.00e+00
 1.49218e+14	1.56e-27	8.19e-20	4.23e-13	8.77e-08	4.33e-04	4.76e-02	9.52e-01	0.00e+00	0.00e+00	0.00e+00	0.00e+00	0.00e+00
 1.55067e+14	2.31e-27	1.16e-19	5.66e-13	1.10e-07	5.02e-04	5.16e-02	9.48e-01	0.00e+00	0.00e+00	0.00e+00	0.00e+00	0.00e+00
 1.61299e+14	3.44e-27	1.65e-19	7.63e-13	1.38e-07	5.84e-04	5.61e-02	9.43e-01	0.00e+00	0.00e+00	0.00e+00	0.00e+00	0.00e+00
 1.67781e+14	5.12e-27	2.36e-19	1.03e-12	1.74e-07	6.78e-04	6.10e-02	9.38e-01	0.00e+00	0.00e+00	0.00e+00	0.00e+00	0.00e+00
 1.74522e+14	7.61e-27	3.36e-19	1.38e-12	2.19e-07	7.88e-04	6.62e-02	9.33e-01	0.00e+00	0.00e+00	0.00e+00	0.00e+00	0.00e+00
 1.81533e+14	1.13e-26	4.79e-19	1.87e-12	2.75e-07	9.15e-04	7.19e-02	9.27e-01	0.00e+00	0.00e+00	0.00e+00	0.00e+00	0.00e+00
 1.88136e+14	1.61e-26	6.62e-19	2.45e-12	3.39e-07	1.05e-03	7.75e-02	9.21e-01	0.00e+00	0.00e+00	0.00e+00	0.00e+00	0.00e+00
 1.94044e+14	2.20e-26	8.75e-19	3.09e-12	4.06e-07	1.18e-03	8.27e-02	9.16e-01	0.00e+00	0.00e+00	0.00e+00	0.00e+00	0.00e+00
 2.00663e+14	3.08e-26	1.19e-18	3.99e-12	4.94e-07	1.33e-03	8.86e-02	9.10e-01	0.00e+00	0.00e+00	0.00e+00	0.00e+00	0.00e+00
 2.08508e+14	4.51e-26	1.68e-18	5.35e-12	6.17e-07	1.54e-03	9.59e-02	9.03e-01	0.00e+00	0.00e+00	0.00e+00	0.00e+00	0.00e+00
 2.16297e+14	6.52e-26	2.35e-18	7.07e-12	7.64e-07	1.77e-03	1.03e-01	8.95e-01	0.00e+00	0.00e+00	0.00e+00	0.00e+00	0.00e+00
 2.23498e+14	9.05e-26	3.17e-18	9.08e-12	9.23e-07	1.99e-03	1.11e-01	8.87e-01	0.00e+00	0.00e+00	0.00e+00	0.00e+00	0.00e+00
 2.31568e+14	1.30e-25	4.39e-18	1.19e-11	1.13e-06	2.27e-03	1.19e-01	8.79e-01	0.00e+00	0.00e+00	0.00e+00	0.00e+00	0.00e+00
 2.40860e+14	1.93e-25	6.32e-18	1.61e-11	1.42e-06	2.63e-03	1.29e-01	8.69e-01	0.00e+00	0.00e+00	0.00e+00	0.00e+00	0.00e+00
 2.49927e+14	2.81e-25	8.90e-18	2.14e-11	1.76e-06	3.01e-03	1.38e-01	8.59e-01	0.00e+00	0.00e+00	0.00e+00	0.00e+00	0.00e+00
 2.58562e+14	3.98e-25	1.22e-17	2.78e-11	2.14e-06	3.40e-03	1.48e-01	8.49e-01	0.00e+00	0.00e+00	0.00e+00	0.00e+00	0.00e+00
 2.68141e+14	5.81e-25	1.72e-17	3.67e-11	2.64e-06	3.88e-03	1.58e-01	8.38e-01	0.00e+00	0.00e+00	0.00e+00	0.00e+00	0.00e+00
 2.78896e+14	8.74e-25	2.49e-17	4.96e-11	3.30e-06	4.48e-03	1.71e-01	8.25e-01	0.00e+00	0.00e+00	0.00e+00	0.00e+00	0.00e+00
 2.89721e+14	1.30e-24	3.56e-17	6.65e-11	4.10e-06	5.13e-03	1.83e-01	8.12e-01	0.00e+00	0.00e+00	0.00e+00	0.00e+00	0.00e+00
 3.00980e+14	1.95e-24	5.11e-17	8.90e-11	5.09e-06	5.87e-03	1.96e-01	7.98e-01	0.00e+00	0.00e+00	0.00e+00	0.00e+00	0.00e+00
 3.13049e+14	2.96e-24	7.41e-17	1.20e-10	6.35e-06	6.75e-03	2.10e-01	7.83e-01	0.00e+00	0.00e+00	0.00e+00	0.00e+00	0.00e+00
 3.25601e+14	4.50e-24	1.08e-16	1.62e-10	7.91e-06	7.75e-03	2.25e-01	7.67e-01	0.00e+00	0.00e+00	0.00e+00	0.00e+00	0.00e+00
 3.38654e+14	6.85e-24	1.56e-16	2.19e-10	9.85e-06	8.88e-03	2.40e-01	7.51e-01	0.00e+00	0.00e+00	0.00e+00	0.00e+00	0.00e+00
 3.52231e+14	1.04e-23	2.27e-16	2.95e-10	1.22e-05	1.02e-02	2.56e-01	7.34e-01	0.00e+00	0.00e+00	0.00e+00	0.00e+00	0.00e+00
 3.66350e+14	1.59e-23	3.29e-16	3.97e-10	1.52e-05	1.16e-02	2.73e-01	7.16e-01	0.00e+00	0.00e+00	0.00e+00	0.00e+00	0.00e+00
 3.81034e+14	2.44e-23	4.77e-16	5.34e-10	1.89e-05	1.33e-02	2.90e-01	6.97e-01	0.00e+00	0.00e+00	0.00e+00	0.00e+00	0.00e+00
 3.96305e+14	3.73e-23	6.91e-16	7.17e-10	2.33e-05	1.51e-02	3.07e-01	6.78e-01	0.00e+00	0.00e+00	0.00e+00	0.00e+00	0.00e+00
 4.12187e+14	5.72e-23	1.00e-15	9.60e-10	2.88e-05	1.72e-02	3.25e-01	6.58e-01	0.00e+00	0.00e+00	0.00e+00	0.00e+00	0.00e+00
 4.28704e+14	8.75e-23	1.45e-15	1.29e-09	3.56e-05	1.95e-02	3.43e-01	6.37e-01	0.00e+00	0.00e+00	0.00e+00	0.00e+00	0.00e+00
 4.45080e+14	1.31e-22	2.05e-15	1.70e-09	4.34e-05	2.20e-02	3.61e-01	6.17e-01	0.00e+00	0.00e+00	0.00e+00	0.00e+00	0.00e+00
 4.62111e+14	1.97e-22	2.92e-15	2.23e-09	5.28e-05	2.48e-02	3.78e-01	5.97e-01	0.00e+00	0.00e+00	0.00e+00	0.00e+00	0.00e+00
 4.80625e+14	3.02e-22	4.20e-15	2.98e-09	6.48e-05	2.80e-02	3.97e-01	5.75e-01	0.00e+00	0.00e+00	0.00e+00	0.00e+00	0.00e+00
 4.99381e+14	4.57e-22	5.98e-15	3.93e-09	7.90e-05	3.15e-02	4.15e-01	5.53e-01	0.00e+00	0.00e+00	0.00e+00	0.00e+00	0.00e+00
 5.18887e+14	6.91e-22	8.51e-15	5.17e-09	9.60e-05	3.54e-02	4.33e-01	5.31e-01	0.00e+00	0.00e+00	0.00e+00	0.00e+00	0.00e+00
 5.39672e+14	1.05e-21	1.22e-14	6.84e-09	1.17e-04	3.98e-02	4.51e-01	5.09e-01	0.00e+00	0.00e+00	0.00e+00	0.00e+00	0.00e+00
 5.59659e+14	1.56e-21	1.70e-14	8.85e-09	1.40e-04	4.42e-02	4.68e-01	4.88e-01	0.00e+00	0.00e+00	0.00e+00	0.00e+00	0.00e+00
 5.78302e+14	2.21e-21	2.28e-14	1.11e-08	1.65e-04	4.86e-02	4.83e-01	4.69e-01	0.00e+00	0.00e+00	0.00e+00	0.00e+00	0.00e+00
 5.99321e+14	3.24e-21	3.14e-14	1.43e-08	1.97e-04	5.37e-02	4.98e-01	4.48e-01	0.00e+00	0.00e+00	0.00e+00	0.00e+00	0.00e+00
 6.23324e+14	4.93e-21	4.47e-14	1.88e-08	2.38e-04	5.99e-02	5.15e-01	4.25e-01	0.00e+00	0.00e+00	0.00e+00	0.00e+00	0.00e+00
 6.47273e+14	7.36e-21	6.26e-14	2.43e-08	2.85e-04	6.63e-02	5.30e-01	4.04e-01	0.00e+00	0.00e+00	0.00e+00	0.00e+00	0.00e+00
 6.72179e+14	1.10e-20	8.74e-14	3.14e-08	3.40e-04	7.32e-02	5.44e-01	3.82e-01	0.00e+00	0.00e+00	0.00e+00	0.00e+00	0.00e+00
 6.99096e+14	1.66e-20	1.23e-13	4.10e-08	4.09e-04	8.11e-02	5.58e-01	3.61e-01	0.00e+00	0.00e+00	0.00e+00	0.00e+00	0.00e+00
 7.24469e+14	2.42e-20	1.69e-13	5.20e-08	4.81e-04	8.87e-02	5.70e-01	3.41e-01	0.00e+00	0.00e+00	0.00e+00	0.00e+00	0.00e+00
 7.47233e+14	3.34e-20	2.20e-13	6.39e-08	5.54e-04	9.58e-02	5.79e-01	3.25e-01	0.00e+00	0.00e+00	0.00e+00	0.00e+00	0.00e+00
 7.72793e+14	4.74e-20	2.95e-13	7.97e-08	6.44e-04	1.04e-01	5.88e-01	3.07e-01	0.00e+00	0.00e+00	0.00e+00	0.00e+00	0.00e+00
 8.02999e+14	7.07e-20	4.10e-13	1.03e-07	7.64e-04	1.14e-01	5.98e-01	2.87e-01	0.00e+00	0.00e+00	0.00e+00	0.00e+00	0.00e+00
 8.33035e+14	1.03e-19	5.60e-13	1.30e-07	8.98e-04	1.24e-01	6.06e-01	2.69e-01	0.00e+00	0.00e+00	0.00e+00	0.00e+00	0.00e+00
 8.61114e+14	1.45e-19	7.41e-13	1.61e-07	1.04e-03	1.34e-01	6.12e-01	2.54e-01	0.00e+00	0.00e+00	0.00e+00	0.00e+00	0.00e+00
 8.92430e+14	2.10e-19	1.00e-12	2.02e-07	1.21e-03	1.45e-01	6.17e-01	2.37e-01	0.00e+00	0.00e+00	0.00e+00	0.00e+00	0.00e+00
 9.28157e+14	3.13e-19	1.39e-12	2.58e-07	1.42e-03	1.57e-01	6.21e-01	2.20e-01	0.00e+00	0.00e+00	0.00e+00	0.00e+00	0.00e+00
 9.63395e+14	4.57e-19	1.89e-12	3.25e-07	1.66e-03	1.70e-01	6.24e-01	2.04e-01	0.00e+00	0.00e+00	0.00e+00	0.00e+00	0.00e+00
 1.00004e+15	6.66e-19	2.57e-12	4.10e-07	1.94e-03	1.84e-01	6.25e-01	1.89e-01	0.00e+00	0.00e+00	0.00e+00	0.00e+00	0.00e+00
 1.04007e+15	9.87e-19	3.53e-12	5.21e-07	2.27e-03	1.99e-01	6.25e-01	1.74e-01	0.00e+00	0.00e+00	0.00e+00	0.00e+00	0.00e+00
 1.08062e+15	1.45e-18	4.81e-12	6.56e-07	2.64e-03	2.14e-01	6.24e-01	1.60e-01	0.00e+00	0.00e+00	0.00e+00	0.00e+00	0.00e+00
 1.12279e+15	2.11e-18	6.53e-12	8.24e-07	3.07e-03	2.30e-01	6.21e-01	1.47e-01	0.00e+00	0.00e+00	0.00e+00	0.00e+00	0.00e+00
 1.16773e+15	3.12e-18	8.92e-12	1.04e-06	3.57e-03	2.46e-01	6.16e-01	1.34e-01	0.00e+00	0.00e+00	0.00e+00	0.00e+00	0.00e+00
 1.21447e+15	4.58e-18	1.22e-11	1.31e-06	4.14e-03	2.64e-01	6.10e-01	1.22e-01	0.00e+00	0.00e+00	0.00e+00	0.00e+00	0.00e+00
 1.26307e+15	6.71e-18	1.65e-11	1.64e-06	4.79e-03	2.82e-01	6.02e-01	1.11e-01	0.00e+00	0.00e+00	0.00e+00	0.00e+00	0.00e+00
 1.31363e+15	9.82e-18	2.24e-11	2.05e-06	5.53e-03	3.00e-01	5.93e-01	1.01e-01	0.00e+00	0.00e+00	0.00e+00	0.00e+00	0.00e+00
 1.36620e+15	1.43e-17	3.03e-11	2.56e-06	6.37e-03	3.20e-01	5.83e-01	9.10e-02	0.00e+00	0.00e+00	0.00e+00	0.00e+00	0.00e+00
 1.42088e+15	2.09e-17	4.08e-11	3.19e-06	7.32e-03	3.39e-01	5.72e-01	8.21e-02	0.00e+00	0.00e+00	0.00e+00	0.00e+00	0.00e+00
 1.47775e+15	3.08e-17	5.49e-11	3.96e-06	8.39e-03	3.59e-01	5.59e-01	7.39e-02	0.00e+00	0.00e+00	1.73e-17	9.47e-18	3.78e-18
 1.53689e+15	4.42e-17	7.37e-11	4.91e-06	9.60e-03	3.79e-01	5.45e-01	6.63e-02	0.00e+00	0.00e+00	2.48e-17	1.41e-17	5.08e-18
 1.59839e+15	6.40e-17	9.86e-11	6.07e-06	1.10e-02	3.99e-01	5.31e-01	5.94e-02	0.00e+00	0.00e+00	3.59e-17	2.04e-17	7.33e-18
 1.66236e+15	9.25e-17	1.32e-10	7.49e-06	1.25e-02	4.19e-01	5.15e-01	5.31e-02	0.00e+00	0.00e+00	5.20e-17	2.93e-17	1.06e-17
 1.72538e+15	1.31e-16	1.73e-10	9.12e-06	1.41e-02	4.39e-01	5.00e-01	4.75e-02	0.00e+00	0.00e+00	7.37e-17	4.13e-17	1.49e-17
 1.79092e+15	1.85e-16	2.26e-10	1.11e-05	1.58e-02	4.58e-01	4.83e-01	4.25e-02	0.00e+00	0.00e+00	1.04e-16	5.82e-17	2.10e-17
 1.86259e+15	2.65e-16	3.00e-10	1.36e-05	1.79e-02	4.78e-01	4.66e-01	3.77e-02	0.00e+00	0.00e+00	1.50e-16	8.32e-17	3.01e-17
 1.93066e+15	3.69e-16	3.88e-10	1.63e-05	2.00e-02	4.97e-01	4.50e-01	3.37e-02	0.00e+00	0.00e+00	2.09e-16	1.15e-16	4.17e-17
 1.99279e+15	4.92e-16	4.86e-10	1.92e-05	2.20e-02	5.13e-01	4.35e-01	3.04e-02	0.00e+00	0.00e+00	2.79e-16	1.53e-16	5.55e-17
 2.06318e+15	6.75e-16	6.20e-10	2.28e-05	2.44e-02	5.30e-01	4.18e-01	2.72e-02	0.00e+00	0.00e+00	3.83e-16	2.10e-16	7.59e-17
 2.14503e+15	9.60e-16	8.15e-10	2.77e-05	2.74e-02	5.49e-01	4.00e-01	2.39e-02	0.00e+00	0.00e+00	5.46e-16	2.97e-16	1.08e-16
 2.22656e+15	1.34e-15	1.05e-09	3.33e-05	3.05e-02	5.66e-01	3.82e-01	2.11e-02	0.00e+00	0.00e+00	7.65e-16	4.15e-16	1.50e-16
 2.31134e+15	1.87e-15	1.36e-09	4.00e-05	3.39e-02	5.83e-01	3.64e-01	1.85e-02	0.00e+00	0.00e+00	1.07e-15	5.78e-16	2.09e-16
 2.39661e+15	2.59e-15	1.75e-09	4.77e-05	3.75e-02	5.99e-01	3.47e-01	1.63e-02	0.00e+00	0.00e+00	1.48e-15	7.97e-16	2.87e-16
 2.47323e+15	3.42e-15	2.16e-09	5.54e-05	4.09e-02	6.12e-01	3.32e-01	1.46e-02	0.00e+00	0.00e+00	1.96e-15	1.05e-15	3.78e-16
 2.55758e+15	4.60e-15	2.72e-09	6.50e-05	4.48e-02	6.26e-01	3.16e-01	1.29e-02	0.00e+00	0.00e+00	2.63e-15	1.41e-15	5.07e-16
 2.65737e+15	6.45e-15	3.51e-09	7.79e-05	4.96e-02	6.40e-01	2.99e-01	1.12e-02	0.00e+00	0.00e+00	3.69e-15	1.98e-15	7.08e-16
 2.75551e+15	8.85e-15	4.47e-09	9.22e-05	5.45e-02	6.53e-01	2.82e-01	9.78e-03	0.00e+00	0.00e+00	5.07e-15	2.71e-15	9.69e-16
 2.84522e+15	1.17e-14	5.52e-09	1.07e-04	5.91e-02	6.64e-01	2.68e-01	8.65e-03	0.00e+00	0.00e+00	6.71e-15	3.58e-15	1.28e-15
 2.94570e+15	1.58e-14	6.94e-09	1.25e-04	6.45e-02	6.75e-01	2.53e-01	7.56e-03	0.00e+00	0.00e+00	9.08e-15	4.84e-15	1.72e-15
 3.06256e+15	2.22e-14	8.96e-09	1.50e-04	7.11e-02	6.85e-01	2.37e-01	6.48e-03	0.00e+00	0.00e+00	1.27e-14	6.78e-15	2.40e-15
 3.17690e+15	3.04e-14	1.14e-08	1.77e-04	7.77e-02	6.95e-01	2.22e-01	5.60e-03	0.00e+00	0.00e+00	1.75e-14	9.29e-15	3.28e-15
 3.28437e+15	4.04e-14	1.41e-08	2.05e-04	8.42e-02	7.02e-01	2.09e-01	4.89e-03	0.00e+00	0.00e+00	2.32e-14	1.23e-14	4.35e-15
 3.40432e+15	5.48e-14	1.77e-08	2.40e-04	9.15e-02	7.09e-01	1.95e-01	4.21e-03	0.00e+00	0.00e+00	3.15e-14	1.67e-14	5.88e-15
 3.53636e+15	7.58e-14	2.25e-08	2.84e-04	1.00e-01	7.15e-01	1.81e-01	3.59e-03	0.00e+00	0.00e+00	4.36e-14	2.31e-14	8.10e-15
 3.66550e+15	1.03e-13	2.83e-08	3.33e-04	1.09e-01	7.19e-01	1.69e-01	3.08e-03	0.00e+00	0.00e+00	5.92e-14	3.14e-14	1.09e-14
 3.79133e+15	1.37e-13	3.50e-08	3.85e-04	1.17e-01	7.23e-01	1.57e-01	2.65e-03	0.00e+00	0.00e+00	7.90e-14	4.18e-14	1.46e-14
 3.93037e+15	1.86e-13	4.39e-08	4.50e-04	1.27e-01	7.25e-01	1.46e-01	2.26e-03	0.00e+00	0.00e+00	1.07e-13	5.67e-14	1.97e-14
 4.08213e+15	2.56e-13	5.57e-08	5.30e-04	1.38e-01	7.26e-01	1.34e-01	1.91e-03	0.00e+00	0.00e+00	1.48e-13	7.82e-14	2.70e-14
 4.22878e+15	3.46e-13	6.95e-08	6.16e-04	1.48e-01	7.25e-01	1.24e-01	1.62e-03	0.00e+00	0.00e+00	1.99e-13	1.05e-13	3.63e-14
 4.37151e+15	4.58e-13	8.55e-08	7.09e-04	1.59e-01	7.24e-01	1.15e-01	1.39e-03	0.00e+00	0.00e+00	2.65e-13	1.40e-13	4.80e-14
 4.53111e+15	6.20e-13	1.07e-07	8.25e-04	1.71e-01	7.21e-01	1.05e-01	1.17e-03	0.00e+00	0.00e+00	3.58e-13	1.89e-13	6.48e-14
 4.70587e+15	8.53e-13	1.35e-07	9.67e-04	1.85e-01	7.17e-01	9.60e-02	9.74e-04	0.00e+00	0.00e+00	4.93e-13	2.60e-13	8.88e-14
 4.86987e+15	1.14e-12	1.66e-07	1.12e-03	1.98e-01	7.12e-01	8.81e-02	8.23e-04	0.00e+00	0.00e+00	6.58e-13	3.47e-13	1.18e-13
 5.04696e+15	1.54e-12	2.07e-07	1.30e-03	2.13e-01	7.05e-01	8.03e-02	6.87e-04	0.00e+00	0.00e+00	8.91e-13	4.70e-13	1.60e-13
 5.24077e+15	2.11e-12	2.61e-07	1.51e-03	2.29e-01	6.97e-01	7.26e-02	5.67e-04	0.00e+00	0.00e+00	1.22e-12	6.44e-13	2.18e-13
 5.42207e+15	2.81e-12	3.20e-07	1.74e-03	2.44e-01	6.88e-01	6.61e-02	4.75e-04	0.00e+00	0.00e+00	1.62e-12	8.56e-13	2.90e-13
 5.58681e+15	3.61e-12	3.84e-07	1.97e-03	2.58e-01	6.79e-01	6.08e-02	4.05e-04	0.00e+00	0.00e+00	2.09e-12	1.10e-12	3.71e-13
 5.76685e+15	4.71e-12	4.66e-07	2.24e-03	2.73e-01	6.69e-01	5.54e-02	3.41e-04	0.00e+00	0.00e+00	2.73e-12	1.44e-12	4.85e-13
 5.97008e+15	6.31e-12	5.75e-07	2.58e-03	2.91e-01	6.56e-01	5.00e-02	2.81e-04	0.00e+00	0.00e+00	3.65e-12	1.92e-12	6.47e-13
 6.16590e+15	8.26e-12	6.98e-07	2.95e-03	3.08e-01	6.44e-01	4.53e-02	2.35e-04	0.00e+00	0.00e+00	4.79e-12	2.52e-12	8.46e-13
 6.38292e+15	1.11e-11	8.62e-07	3.40e-03	3.27e-01	6.29e-01	4.05e-02	1.92e-04	0.00e+00	0.00e+00	6.43e-12	3.38e-12	1.13e-12
 6.61785e+15	1.50e-11	1.07e-06	3.94e-03	3.47e-01	6.13e-01	3.60e-02	1.55e-04	0.00e+00	0.00e+00	8.69e-12	4.57e-12	1.53e-12
 6.82981e+15	1.95e-11	1.29e-06	4.48e-03	3.66e-01	5.97e-01	3.24e-02	1.28e-04	0.00e+00	0.00e+00	1.13e-11	5.96e-12	1.99e-12
 7.05910e+15	2.59e-11	1.58e-06	5.13e-03	3.86e-01	5.80e-01	2.88e-02	1.05e-04	0.00e+00	0.00e+00	1.50e-11	7.90e-12	2.64e-12
 7.31154e+15	3.48e-11	1.95e-06	5.93e-03	4.08e-01	5.60e-01	2.54e-02	8.37e-05	0.00e+00	0.00e+00	2.02e-11	1.06e-11	3.54e-12
 7.54429e+15	4.54e-11	2.35e-06	6.75e-03	4.29e-01	5.42e-01	2.26e-02	6.83e-05	0.00e+00	0.00e+00	2.63e-11	1.38e-11	4.61e-12
 7.79710e+15	6.02e-11	2.88e-06	7.74e-03	4.51e-01	5.22e-01	1.99e-02	5.48e-05	0.00e+00	0.00e+00	3.49e-11	1.84e-11	6.11e-12
 8.07390e+15	8.13e-11	3.57e-06	8.98e-03	4.75e-01	4.99e-01	1.72e-02	4.31e-05	0.00e+00	0.00e+00	4.72e-11	2.48e-11	8.25e-12
 8.32450e+15	1.05e-10	4.29e-06	1.02e-02	4.96e-01	4.79e-01	1.52e-02	3.48e-05	0.00e+00	0.00e+00	6.10e-11	3.21e-11	1.07e-11
 8.59289e+15	1.39e-10	5.23e-06	1.17e-02	5.18e-01	4.57e-01	1.32e-02	2.76e-05	0.00e+00	0.00e+00	8.06e-11	4.24e-11	1.41e-11
 8.88740e+15	1.86e-10	6.45e-06	1.35e-02	5.42e-01	4.33e-01	1.13e-02	2.14e-05	0.00e+00	0.00e+00	1.08e-10	5.70e-11	1.89e-11
 9.15473e+15	2.41e-10	7.75e-06	1.54e-02	5.63e-01	4.11e-01	9.87e-03	1.71e-05	0.00e+00	0.00e+00	1.40e-10	7.35e-11	2.44e-11
 9.40330e+15	3.05e-10	9.20e-06	1.74e-02	5.83e-01	3.91e-01	8.66e-03	1.38e-05	0.00e+00	0.00e+00	1.77e-10	9.33e-11	3.09e-11
 9.68862e+15	4.03e-10	1.12e-05	2.00e-02	6.04e-01	3.68e-01	7.41e-03	1.08e-05	0.00e+00	0.00e+00	2.34e-10	1.23e-10	4.08e-11
 9.99802e+15	5.37e-10	1.38e-05	2.32e-02	6.27e-01	3.44e-01	6.27e-03	8.27e-06	0.00e+00	0.00e+00	3.12e-10	1.64e-10	5.43e-11
 1.02739e+16	6.88e-10	1.66e-05	2.64e-02	6.46e-01	3.22e-01	5.39e-03	6.52e-06	0.00e+00	0.00e+00	4.00e-10	2.11e-10	6.97e-11
 1.05271e+16	8.71e-10	1.97e-05	2.98e-02	6.63e-01	3.03e-01	4.67e-03	5.22e-06	0.00e+00	0.00e+00	5.06e-10	2.66e-10	8.81e-11
 1.08158e+16	1.15e-09	2.40e-05	3.44e-02	6.81e-01	2.81e-01	3.94e-03	4.02e-06	0.00e+00	0.00e+00	6.65e-10	3.50e-10	1.16e-10
 1.11254e+16	1.52e-09	2.97e-05	4.01e-02	6.99e-01	2.58e-01	3.28e-03	3.05e-06	0.00e+00	0.00e+00	8.84e-10	4.66e-10	1.54e-10
 1.13946e+16	1.94e-09	3.56e-05	4.60e-02	7.13e-01	2.39e-01	2.79e-03	2.39e-06	0.00e+00	0.00e+00	1.13e-09	5.95e-10	1.97e-10
 1.16352e+16	2.44e-09	4.23e-05	5.21e-02	7.24e-01	2.21e-01	2.40e-03	1.91e-06	0.00e+00	0.00e+00	1.42e-09	7.47e-10	2.47e-10
 1.19064e+16	3.19e-09	5.17e-05	6.05e-02	7.35e-01	2.02e-01	2.00e-03	1.47e-06	0.00e+00	0.00e+00	1.85e-09	9.76e-10	3.23e-10
 1.21941e+16	4.24e-09	6.43e-05	7.11e-02	7.45e-01	1.82e-01	1.65e-03	1.10e-06	0.00e+00	0.00e+00	2.47e-09	1.30e-09	4.30e-10
 1.24358e+16	5.39e-09	7.76e-05	8.20e-02	7.50e-01	1.66e-01	1.39e-03	8.65e-07	0.00e+00	0.00e+00	3.14e-09	1.65e-09	5.47e-10
 1.26411e+16	6.73e-09	9.22e-05	9.34e-02	7.53e-01	1.52e-01	1.19e-03	0.00e+00	0.00e+00	0.00e+00	3.91e-09	2.06e-09	6.83e-10
 1.28292e+16	8.31e-09	1.09e-04	1.06e-01	7.53e-01	1.40e-01	1.02e-03	0.00e+00	0.00e+00	0.00e+00	4.83e-09	2.55e-09	8.44e-10
 1.30089e+16	1.03e-08	1.29e-04	1.20e-01	7.51e-01	1.27e-01	8.75e-04	0.00e+00	0.00e+00	0.00e+00	5.97e-09	3.14e-09	1.04e-09
 1.32152e+16	1.34e-08	1.59e-04	1.40e-01	7.45e-01	1.13e-01	7.20e-04	0.00e+00	0.00e+00	0.00e+00	7.80e-09	4.11e-09	1.36e-09
 1.34286e+16	1.77e-08	1.99e-04	1.67e-01	7.34e-01	9.88e-02	5.81e-04	0.00e+00	0.00e+00	0.00e+00	1.03e-08	5.43e-09	1.80e-09
 1.35974e+16	2.24e-08	2.41e-04	1.94e-01	7.18e-01	8.72e-02	4.80e-04	0.00e+00	0.00e+00	0.00e+00	1.30e-08	6.87e-09	2.28e-09
 1.37319e+16	2.75e-08	2.84e-04	2.20e-01	7.01e-01	7.76e-02	4.04e-04	0.00e+00	0.00e+00	0.00e+00	1.60e-08	8.42e-09	2.80e-09
 1.38549e+16	3.25e-08	3.28e-04	2.50e-01	6.81e-01	6.86e-02	3.39e-04	0.00e+00	0.00e+00	0.00e+00	1.89e-08	9.98e-09	3.32e-09
 1.39733e+16	4.11e-08	3.96e-04	2.84e-01	6.55e-01	5.99e-02	2.80e-04	0.00e+00	0.00e+00	0.00e+00	2.39e-08	1.26e-08	4.20e-09
 1.40879e+16	5.07e-08	4.71e-04	3.25e-01	6.23e-01	5.13e-02	2.26e-04	0.00e+00	0.00e+00	0.00e+00	2.95e-08	1.56e-08	5.18e-09
 1.41968e+16	6.27e-08	5.61e-04	3.71e-01	5.85e-01	4.30e-02	1.79e-04	0.00e+00	0.00e+00	0.00e+00	3.64e-08	1.92e-08	6.41e-09
 1.42886e+16	7.38e-08	6.44e-04	4.18e-01	5.45e-01	3.60e-02	1.42e-04	0.00e+00	0.00e+00	0.00e+00	4.29e-08	2.27e-08	7.57e-09
 1.43627e+16	8.71e-08	7.37e-04	4.62e-01	5.07e-01	3.04e-02	1.14e-04	0.00e+00	0.00e+00	0.00e+00	5.06e-08	2.67e-08	8.93e-09
 1.44289e+16	1.01e-07	8.31e-04	5.06e-01	4.68e-01	2.55e-02	9.14e-05	0.00e+00	0.00e+00	0.00e+00	5.87e-08	3.10e-08	1.04e-08
 1.44922e+16	1.18e-07	9.42e-04	5.51e-01	4.27e-01	2.09e-02	7.18e-05	0.00e+00	0.00e+00	0.00e+00	6.88e-08	3.64e-08	1.22e-08
 1.45541e+16	1.36e-07	1.05e-03	5.99e-01	3.83e-01	1.68e-02	5.49e-05	0.00e+00	0.00e+00	0.00e+00	7.90e-08	4.18e-08	1.40e-08
 1.46236e+16	1.59e-07	1.19e-03	6.56e-01	3.30e-01	1.26e-02	3.85e-05	0.00e+00	0.00e+00	0.00e+00	9.26e-08	4.90e-08	1.64e-08
 1.46966e+16	1.86e-07	1.35e-03	7.15e-01	2.74e-01	8.87e-03	2.52e-05	0.00e+00	0.00e+00	0.00e+00	1.08e-07	5.73e-08	1.93e-08
 1.47586e+16	2.11e-07	1.48e-03	7.65e-01	2.28e-01	6.28e-03	1.66e-05	0.00e+00	0.00e+00	0.00e+00	1.23e-07	6.51e-08	2.19e-08
 1.48141e+16	2.35e-07	1.60e-03	8.05e-01	1.89e-01	4.44e-03	1.10e-05	0.00e+00	0.00e+00	0.00e+00	1.37e-07	7.25e-08	2.44e-08
 1.48764e+16	2.63e-07	1.73e-03	8.46e-01	1.50e-01	2.90e-03	6.59e-06	0.00e+00	0.00e+00	0.00e+00	1.53e-07	8.11e-08	2.74e-08
 1.49574e+16	2.98e-07	1.88e-03	8.87e-01	1.09e-01	1.62e-03	3.24e-06	0.00e+00	0.00e+00	0.00e+00	1.73e-07	9.19e-08	3.11e-08
 1.50564e+16	3.37e-07	2.03e-03	9.23e-01	7.39e-02	7.74e-04	1.32e-06	0.00e+00	0.00e+00	0.00e+00	1.96e-07	1.04e-07	3.52e-08
 1.51683e+16	3.76e-07	2.17e-03	9.49e-01	4.90e-02	3.44e-04	4.85e-07	0.00e+00	0.00e+00	0.00e+00	2.18e-07	1.16e-07	3.93e-08
 1.53025e+16	4.16e-07	2.28e-03	9.65e-01	3.22e-02	1.40e-04	0.00e+00	0.00e+00	0.00e+00	0.00e+00	2.42e-07	1.28e-07	4.36e-08
 1.54760e+16	4.62e-07	2.40e-03	9.76e-01	2.14e-02	5.18e-05	0.00e+00	0.00e+00	0.00e+00	0.00e+00	2.68e-07	1.43e-07	4.85e-08
 1.57016e+16	5.18e-07	2.53e-03	9.82e-01	1.51e-02	1.81e-05	0.00e+00	0.00e+00	0.00e+00	0.00e+00	3.01e-07	1.60e-07	5.45e-08
 1.59948e+16	5.95e-07	2.67e-03	9.86e-01	1.16e-02	6.16e-06	0.00e+00	0.00e+00	0.00e+00	0.00e+00	3.46e-07	1.84e-07	6.25e-08
 1.63760e+16	7.08e-07	2.86e-03	9.87e-01	9.71e-03	2.04e-06	0.00e+00	0.00e+00	0.00e+00	0.00e+00	4.12e-07	2.19e-07	7.44e-08
 1.68716e+16	8.89e-07	3.11e-03	9.88e-01	8.46e-03	6.39e-07	0.00e+00	0.00e+00	0.00e+00	0.00e+00	5.17e-07	2.75e-07	9.34e-08
 1.73890e+16	1.13e-06	3.41e-03	9.89e-01	7.63e-03	0.00e+00	0.00e+00	0.00e+00	0.00e+00	0.00e+00	6.57e-07	3.49e-07	1.19e-07
 1.78220e+16	1.39e-06	3.68e-03	9.89e-01	7.04e-03	0.00e+00	0.00e+00	0.00e+00	0.00e+00	0.00e+00	8.11e-07	4.31e-07	1.46e-07
 1.82723e+16	1.75e-06	4.00e-03	9.89e-01	6.51e-03	0.00e+00	0.00e+00	0.00e+00	0.00e+00	0.00e+00	1.02e-06	5.42e-07	1.84e-07
 1.87690e+16	2.28e-06	4.40e-03	9.90e-01	5.98e-03	0.00e+00	0.00e+00	0.00e+00	0.00e+00	0.00e+00	1.33e-06	7.05e-07	2.39e-07
 1.92181e+16	2.93e-06	4.83e-03	9.90e-01	5.54e-03	0.00e+00	0.00e+00	0.00e+00	0.00e+00	0.00e+00	1.70e-06	9.07e-07	3.07e-07
 1.96196e+16	3.72e-06	5.26e-03	9.90e-01	5.15e-03	0.00e+00	0.00e+00	0.00e+00	0.00e+00	0.00e+00	2.16e-06	1.15e-06	3.90e-07
 2.00674e+16	4.93e-06	5.84e-03	9.89e-01	4.72e-03	0.00e+00	0.00e+00	0.00e+00	0.00e+00	0.00e+00	2.87e-06	1.52e-06	5.16e-07
 2.05412e+16	6.79e-06	6.58e-03	9.89e-01	4.30e-03	0.00e+00	0.00e+00	0.00e+00	0.00e+00	0.00e+00	3.94e-06	2.10e-06	7.09e-07
 2.09309e+16	9.04e-06	7.35e-03	9.89e-01	3.93e-03	0.00e+00	0.00e+00	0.00e+00	0.00e+00	0.00e+00	5.25e-06	2.79e-06	9.43e-07
 2.12479e+16	1.15e-05	8.10e-03	9.88e-01	3.66e-03	0.00e+00	0.00e+00	0.00e+00	0.00e+00	0.00e+00	6.71e-06	3.57e-06	1.20e-06
 2.15880e+16	1.53e-05	9.07e-03	9.88e-01	3.34e-03	0.00e+00	0.00e+00	0.00e+00	0.00e+00	0.00e+00	8.90e-06	4.73e-06	1.59e-06
 2.19524e+16	2.11e-05	1.04e-02	9.87e-01	3.00e-03	0.00e+00	0.00e+00	0.00e+00	0.00e+00	0.00e+00	1.23e-05	6.53e-06	2.20e-06
 2.22582e+16	2.84e-05	1.18e-02	9.85e-01	2.72e-03	0.00e+00	0.00e+00	0.00e+00	0.00e+00	0.00e+00	1.65e-05	8.77e-06	2.96e-06
 2.25076e+16	3.67e-05	1.32e-02	9.84e-01	2.48e-03	0.00e+00	0.00e+00	0.00e+00	0.00e+00	0.00e+00	2.13e-05	1.13e-05	3.82e-06
 2.26853e+16	4.45e-05	1.44e-02	9.83e-01	2.31e-03	0.00e+00	0.00e+00	0.00e+00	0.00e+00	0.00e+00	2.59e-05	1.37e-05	4.63e-06
 2.27938e+16	5.03e-05	1.52e-02	9.83e-01	2.21e-03	0.00e+00	0.00e+00	0.00e+00	0.00e+00	0.00e+00	2.92e-05	1.55e-05	5.23e-06
 2.29007e+16	5.71e-05	1.61e-02	9.82e-01	2.11e-03	0.00e+00	0.00e+00	0.00e+00	0.00e+00	0.00e+00	3.32e-05	1.76e-05	5.93e-06
 2.30397e+16	6.75e-05	1.74e-02	9.81e-01	1.97e-03	0.00e+00	0.00e+00	0.00e+00	0.00e+00	0.00e+00	3.92e-05	2.08e-05	7.01e-06
 2.31872e+16	8.11e-05	1.90e-02	9.79e-01	1.83e-03	0.00e+00	0.00e+00	0.00e+00	0.00e+00	0.00e+00	4.72e-05	2.50e-05	8.42e-06
 2.33107e+16	9.54e-05	2.05e-02	9.78e-01	1.71e-03	0.00e+00	0.00e+00	0.00e+00	0.00e+00	0.00e+00	5.55e-05	2.94e-05	9.90e-06
 2.34156e+16	1.10e-04	2.19e-02	9.76e-01	1.62e-03	0.00e+00	0.00e+00	0.00e+00	0.00e+00	0.00e+00	6.39e-05	3.39e-05	1.14e-05
 2.35314e+16	1.30e-04	2.38e-02	9.75e-01	1.51e-03	0.00e+00	0.00e+00	0.00e+00	0.00e+00	0.00e+00	7.53e-05	3.99e-05	1.34e-05
 2.36461e+16	1.53e-04	2.58e-02	9.73e-01	1.41e-03	0.00e+00	0.00e+00	0.00e+00	0.00e+00	0.00e+00	8.90e-05	4.72e-05	1.59e-05
 2.37316e+16	1.74e-04	2.76e-02	9.71e-01	1.33e-03	0.00e+00	0.00e+00	0.00e+00	0.00e+00	0.00e+00	1.01e-04	5.37e-05	1.81e-05
 2.38040e+16	1.95e-04	2.92e-02	9.69e-01	1.27e-03	0.00e+00	0.00e+00	0.00e+00	0.00e+00	0.00e+00	1.13e-04	6.01e-05	2.02e-05
 2.38869e+16	2.23e-04	3.12e-02	9.67e-01	1.19e-03	0.00e+00	0.00e+00	0.00e+00	0.00e+00	0.00e+00	1.30e-04	6.88e-05	2.31e-05
 2.39778e+16	2.60e-04	3.37e-02	9.65e-01	1.11e-03	0.00e+00	0.00e+00	0.00e+00	0.00e+00	0.00e+00	1.51e-04	8.00e-05	2.69e-05
 2.40583e+16	2.98e-04	3.62e-02	9.62e-01	1.04e-03	0.00e+00	0.00e+00	0.00e+00	0.00e+00	0.00e+00	1.73e-04	9.19e-05	3.09e-05
 2.41283e+16	3.37e-04	3.86e-02	9.60e-01	9.84e-04	0.00e+00	0.00e+00	0.00e+00	0.00e+00	0.00e+00	1.96e-04	1.04e-04	3.49e-05
 2.42056e+16	3.90e-04	4.17e-02	9.57e-01	9.17e-04	0.00e+00	0.00e+00	0.00e+00	0.00e+00	0.00e+00	2.27e-04	1.20e-04	4.03e-05
 2.42880e+16	4.56e-04	4.52e-02	9.53e-01	8.51e-04	0.00e+00	0.00e+00	0.00e+00	0.00e+00	0.00e+00	2.65e-04	1.40e-04	4.72e-05
 2.43577e+16	5.23e-04	4.87e-02	9.50e-01	7.93e-04	0.00e+00	0.00e+00	0.00e+00	0.00e+00	0.00e+00	3.04e-04	1.61e-04	5.41e-05
 2.44181e+16	5.91e-04	5.19e-02	9.47e-01	7.48e-04	0.00e+00	0.00e+00	0.00e+00	0.00e+00	0.00e+00	3.44e-04	1.82e-04	6.11e-05
 2.44855e+16	6.82e-04	5.61e-02	9.43e-01	6.95e-04	0.00e+00	0.00e+00	0.00e+00	0.00e+00	0.00e+00	3.97e-04	2.10e-04	7.06e-05
 2.45579e+16	7.98e-04	6.10e-02	9.38e-01	6.41e-04	0.00e+00	0.00e+00	0.00e+00	0.00e+00	0.00e+00	4.64e-04	2.46e-04	8.25e-05
 2.46202e+16	9.18e-04	6.58e-02	9.33e-01	5.94e-04	0.00e+00	0.00e+00	0.00e+00	0.00e+00	0.00e+00	5.34e-04	2.83e-04	9.50e-05
 2.46743e+16	1.04e-03	7.05e-02	9.28e-01	5.56e-04	0.00e+00	0.00e+00	0.00e+00	0.00e+00	0.00e+00	6.05e-04	3.20e-04	1.08e-04
 2.47347e+16	1.20e-03	7.63e-02	9.22e-01	5.14e-04	0.00e+00	0.00e+00	0.00e+00	0.00e+00	0.00e+00	7.01e-04	3.71e-04	1.25e-04
