#depth	C	C+	C+2	C+3	C+4	C+5	C+6	C[1]	C[2]	C[3]	C+[1]	C+[2]	CO
 1.49634e+10	0.00e+00	1.27e-31	1.91e-21	4.93e-12	5.51e-02	9.41e-01	3.86e-03	0.00e+00	0.00e+00	0.00e+00	0.00e+00	0.00e+00	2.15e-162
 4.54887e+10	1.40e-42	1.74e-31	2.41e-21	5.75e-12	5.94e-02	9.37e-01	3.55e-03	0.00e+00	0.00e+00	0.00e+00	0.00e+00	0.00e+00	3.29e-227
 7.72350e+10	0.00e+00	2.38e-31	3.05e-21	6.72e-12	6.41e-02	9.33e-01	3.27e-03	0.00e+00	0.00e+00	0.00e+00	0.00e+00	0.00e+00	2.67e-161
 1.10251e+11	3.07e-42	3.26e-31	3.86e-21	7.85e-12	6.92e-02	9.28e-01	3.00e-03	0.00e+00	0.00e+00	0.00e+00	0.00e+00	0.00e+00	1.57e-226
 1.44588e+11	0.00e+00	4.46e-31	4.88e-21	9.17e-12	7.47e-02	9.23e-01	2.76e-03	0.00e+00	0.00e+00	0.00e+00	0.00e+00	0.00e+00	3.30e-160
 1.80298e+11	6.74e-42	6.10e-31	6.17e-21	1.07e-11	8.05e-02	9.17e-01	2.53e-03	0.00e+00	0.00e+00	0.00e+00	0.00e+00	0.00e+00	7.41e-226
 2.17437e+11	0.00e+00	8.35e-31	7.80e-21	1.25e-11	8.69e-02	9.11e-01	2.32e-03	0.00e+00	0.00e+00	0.00e+00	0.00e+00	0.00e+00	4.10e-159
 2.56061e+11	1.48e-41	1.14e-30	9.86e-21	1.46e-11	9.36e-02	9.04e-01	2.13e-03	0.00e+00	0.00e+00	0.00e+00	0.00e+00	0.00e+00	3.50e-225
 2.96231e+11	0.00e+00	1.56e-30	1.25e-20	1.70e-11	1.01e-01	8.97e-01	1.95e-03	0.00e+00	0.00e+00	0.00e+00	0.00e+00	0.00e+00	5.09e-158
 3.38007e+11	3.25e-41	2.14e-30	1.57e-20	1.99e-11	1.09e-01	8.90e-01	1.79e-03	0.00e+00	0.00e+00	0.00e+00	0.00e+00	0.00e+00	1.64e-224
 3.81454e+11	0.00e+00	2.93e-30	1.99e-20	2.32e-11	1.17e-01	8.81e-01	1.63e-03	0.00e+00	0.00e+00	0.00e+00	0.00e+00	0.00e+00	6.35e-157
 4.26639e+11	7.13e-41	4.01e-30	2.51e-20	2.71e-11	1.26e-01	8.73e-01	1.49e-03	0.00e+00	0.00e+00	0.00e+00	0.00e+00	0.00e+00	7.60e-224
 4.73631e+11	0.00e+00	5.48e-30	3.18e-20	3.16e-11	1.36e-01	8.63e-01	1.36e-03	0.00e+00	0.00e+00	0.00e+00	0.00e+00	0.00e+00	7.94e-156
 5.22503e+11	1.57e-40	7.50e-30	4.01e-20	3.68e-11	1.46e-01	8.53e-01	1.24e-03	0.00e+00	0.00e+00	0.00e+00	0.00e+00	0.00e+00	3.50e-223
 5.73330e+11	0.00e+00	1.03e-29	5.07e-20	4.29e-11	1.57e-01	8.42e-01	1.13e-03	0.00e+00	0.00e+00	0.00e+00	0.00e+00	0.00e+00	9.96e-155
 6.26190e+11	3.44e-40	1.40e-29	6.40e-20	4.99e-11	1.68e-01	8.31e-01	1.03e-03	0.00e+00	0.00e+00	0.00e+00	0.00e+00	0.00e+00	1.54e-222
 6.81164e+11	0.00e+00	1.92e-29	8.07e-20	5.81e-11	1.81e-01	8.19e-01	9.36e-04	0.00e+00	0.00e+00	0.00e+00	0.00e+00	0.00e+00	1.25e-153
 7.32959e+11	7.28e-40	2.55e-29	9.97e-20	6.66e-11	1.92e-01	8.07e-01	8.57e-04	0.00e+00	0.00e+00	0.00e+00	0.00e+00	0.00e+00	7.03e-222
 7.79411e+11	0.00e+00	3.26e-29	1.20e-19	7.50e-11	2.03e-01	7.96e-01	7.93e-04	0.00e+00	0.00e+00	0.00e+00	0.00e+00	0.00e+00	1.07e-152
 8.31583e+11	1.39e-39	4.26e-29	1.46e-19	8.54e-11	2.15e-01	7.84e-01	7.28e-04	0.00e+00	0.00e+00	0.00e+00	0.00e+00	0.00e+00	2.32e-221
 8.93256e+11	0.00e+00	5.78e-29	1.83e-19	9.88e-11	2.30e-01	7.69e-01	6.60e-04	0.00e+00	0.00e+00	0.00e+00	0.00e+00	0.00e+00	1.10e-151
 9.54727e+11	2.95e-39	7.74e-29	2.27e-19	1.14e-10	2.45e-01	7.54e-01	6.00e-04	0.00e+00	0.00e+00	0.00e+00	0.00e+00	0.00e+00	7.89e-221
 1.01232e+12	0.00e+00	1.01e-28	2.76e-19	1.29e-10	2.59e-01	7.40e-01	5.49e-04	0.00e+00	0.00e+00	0.00e+00	0.00e+00	0.00e+00	1.07e-150
 1.07641e+12	5.88e-39	1.34e-28	3.41e-19	1.48e-10	2.75e-01	7.25e-01	4.98e-04	0.00e+00	0.00e+00	0.00e+00	0.00e+00	0.00e+00	1.44e-220
 1.14940e+12	0.00e+00	1.83e-28	4.29e-19	1.71e-10	2.93e-01	7.06e-01	4.47e-04	0.00e+00	0.00e+00	0.00e+00	0.00e+00	0.00e+00	1.22e-149
 1.22173e+12	1.27e-38	2.46e-28	5.33e-19	1.96e-10	3.11e-01	6.89e-01	4.03e-04	0.00e+00	0.00e+00	0.00e+00	0.00e+00	0.00e+00	0.00e+00
 1.29124e+12	0.00e+00	3.23e-28	6.52e-19	2.23e-10	3.28e-01	6.71e-01	3.65e-04	0.00e+00	0.00e+00	0.00e+00	0.00e+00	0.00e+00	1.27e-148
 1.36711e+12	2.58e-38	4.31e-28	8.06e-19	2.55e-10	3.47e-01	6.52e-01	3.28e-04	0.00e+00	0.00e+00	0.00e+00	0.00e+00	0.00e+00	0.00e+00
 1.45173e+12	0.00e+00	5.86e-28	1.01e-18	2.95e-10	3.68e-01	6.32e-01	2.92e-04	0.00e+00	0.00e+00	0.00e+00	0.00e+00	0.00e+00	1.49e-147
 1.53639e+12	5.54e-38	7.88e-28	1.26e-18	3.37e-10	3.89e-01	6.11e-01	2.61e-04	0.00e+00	0.00e+00	0.00e+00	0.00e+00	0.00e+00	0.00e+00
 1.62443e+12	0.00e+00	1.06e-27	1.56e-18	3.86e-10	4.10e-01	5.90e-01	2.32e-04	0.00e+00	0.00e+00	0.00e+00	0.00e+00	0.00e+00	1.74e-146
 1.71934e+12	1.19e-37	1.44e-27	1.95e-18	4.44e-10	4.33e-01	5.67e-01	2.05e-04	0.00e+00	0.00e+00	0.00e+00	0.00e+00	0.00e+00	0.00e+00
 1.81804e+12	0.00e+00	1.95e-27	2.44e-18	5.09e-10	4.55e-01	5.44e-01	1.81e-04	0.00e+00	0.00e+00	0.00e+00	0.00e+00	0.00e+00	2.25e-145
 1.92068e+12	2.58e-37	2.64e-27	3.04e-18	5.84e-10	4.79e-01	5.21e-01	1.59e-04	0.00e+00	0.00e+00	0.00e+00	0.00e+00	0.00e+00	0.00e+00
 2.02744e+12	0.00e+00	3.57e-27	3.78e-18	6.67e-10	5.02e-01	4.98e-01	1.39e-04	0.00e+00	0.00e+00	0.00e+00	0.00e+00	0.00e+00	2.89e-144
 2.13846e+12	5.57e-37	4.83e-27	4.70e-18	7.62e-10	5.26e-01	4.74e-01	1.22e-04	0.00e+00	0.00e+00	0.00e+00	0.00e+00	0.00e+00	0.00e+00
 2.25393e+12	0.00e+00	6.52e-27	5.84e-18	8.69e-10	5.49e-01	4.51e-01	1.06e-04	0.00e+00	0.00e+00	0.00e+00	0.00e+00	0.00e+00	3.72e-143
 2.37401e+12	1.20e-36	8.77e-27	7.24e-18	9.89e-10	5.72e-01	4.28e-01	9.25e-05	0.00e+00	0.00e+00	0.00e+00	0.00e+00	0.00e+00	0.00e+00
 2.49890e+12	0.00e+00	1.18e-26	8.97e-18	1.12e-09	5.95e-01	4.05e-01	8.03e-05	0.00e+00	0.00e+00	0.00e+00	0.00e+00	0.00e+00	4.75e-142
 2.62878e+12	2.55e-36	1.59e-26	1.11e-17	1.27e-09	6.18e-01	3.82e-01	6.94e-05	0.00e+00	0.00e+00	0.00e+00	0.00e+00	0.00e+00	0.00e+00
 2.75419e+12	0.00e+00	2.08e-26	1.35e-17	1.43e-09	6.39e-01	3.61e-01	6.05e-05	0.00e+00	0.00e+00	0.00e+00	0.00e+00	0.00e+00	5.54e-141
 2.87132e+12	4.98e-36	2.67e-26	1.61e-17	1.59e-09	6.57e-01	3.43e-01	5.34e-05	0.00e+00	0.00e+00	0.00e+00	0.00e+00	0.00e+00	0.00e+00
 3.00282e+12	0.00e+00	3.47e-26	1.94e-17	1.77e-09	6.77e-01	3.23e-01	4.65e-05	0.00e+00	0.00e+00	0.00e+00	0.00e+00	0.00e+00	5.11e-140
 3.15286e+12	1.02e-35	4.64e-26	2.39e-17	2.00e-09	6.97e-01	3.03e-01	3.99e-05	0.00e+00	0.00e+00	0.00e+00	0.00e+00	0.00e+00	0.00e+00
 3.30072e+12	0.00e+00	6.10e-26	2.91e-17	2.23e-09	7.16e-01	2.84e-01	3.44e-05	0.00e+00	0.00e+00	0.00e+00	0.00e+00	0.00e+00	6.04e-139
 3.44192e+12	2.00e-35	7.83e-26	3.47e-17	2.47e-09	7.33e-01	2.67e-01	2.99e-05	0.00e+00	0.00e+00	0.00e+00	0.00e+00	0.00e+00	0.00e+00
 3.59695e+12	0.00e+00	1.02e-25	4.19e-17	2.75e-09	7.50e-01	2.50e-01	2.58e-05	0.00e+00	0.00e+00	0.00e+00	0.00e+00	0.00e+00	5.88e-138
 3.77075e+12	4.06e-35	1.36e-25	5.13e-17	3.09e-09	7.68e-01	2.32e-01	2.19e-05	0.00e+00	0.00e+00	0.00e+00	0.00e+00	0.00e+00	0.00e+00
 3.94490e+12	0.00e+00	1.78e-25	6.22e-17	3.44e-09	7.84e-01	2.16e-01	1.87e-05	0.00e+00	0.00e+00	0.00e+00	0.00e+00	0.00e+00	6.98e-137
 4.12602e+12	8.21e-35	2.34e-25	7.54e-17	3.83e-09	7.99e-01	2.01e-01	1.59e-05	0.00e+00	0.00e+00	0.00e+00	0.00e+00	0.00e+00	0.00e+00
 4.32099e+12	1.18e-34	3.09e-25	9.20e-17	4.28e-09	8.15e-01	1.85e-01	1.35e-05	0.00e+00	0.00e+00	0.00e+00	0.00e+00	0.00e+00	3.82e-117
 4.52376e+12	1.69e-34	4.08e-25	1.12e-16	4.78e-09	8.29e-01	1.71e-01	1.13e-05	0.00e+00	0.00e+00	0.00e+00	0.00e+00	0.00e+00	1.26e-98
 4.73463e+12	2.43e-34	5.39e-25	1.36e-16	5.32e-09	8.42e-01	1.58e-01	9.56e-06	0.00e+00	0.00e+00	0.00e+00	0.00e+00	0.00e+00	0.00e+00
 4.92881e+12	3.34e-34	6.89e-25	1.62e-16	5.86e-09	8.53e-01	1.47e-01	8.20e-06	0.00e+00	0.00e+00	0.00e+00	0.00e+00	0.00e+00	8.78e-116
 5.09605e+12	4.34e-34	8.44e-25	1.87e-16	6.34e-09	8.62e-01	1.38e-01	7.21e-06	0.00e+00	0.00e+00	0.00e+00	0.00e+00	0.00e+00	1.35e-97
 5.28137e+12	5.76e-34	1.05e-24	2.18e-16	6.90e-09	8.71e-01	1.29e-01	6.27e-06	0.00e+00	0.00e+00	0.00e+00	0.00e+00	0.00e+00	0.00e+00
 5.50879e+12	8.05e-34	1.36e-24	2.62e-16	7.62e-09	8.81e-01	1.19e-01	5.31e-06	0.00e+00	0.00e+00	0.00e+00	0.00e+00	0.00e+00	1.27e-114
 5.74132e+12	1.12e-33	1.75e-24	3.13e-16	8.40e-09	8.90e-01	1.10e-01	4.50e-06	0.00e+00	0.00e+00	0.00e+00	0.00e+00	0.00e+00	1.46e-96
 5.95243e+12	1.49e-33	2.18e-24	3.66e-16	9.15e-09	8.98e-01	1.02e-01	3.89e-06	0.00e+00	0.00e+00	0.00e+00	0.00e+00	0.00e+00	0.00e+00
 6.18534e+12	2.02e-33	2.76e-24	4.32e-16	1.00e-08	9.05e-01	9.50e-02	3.33e-06	0.00e+00	0.00e+00	0.00e+00	0.00e+00	0.00e+00	2.09e-113
 6.45829e+12	2.84e-33	3.59e-24	5.21e-16	1.11e-08	9.13e-01	8.71e-02	2.79e-06	0.00e+00	0.00e+00	0.00e+00	0.00e+00	0.00e+00	1.53e-95
 6.72734e+12	3.93e-33	4.61e-24	6.23e-16	1.22e-08	9.20e-01	8.02e-02	2.35e-06	0.00e+00	0.00e+00	0.00e+00	0.00e+00	0.00e+00	1.60e-112
 6.97953e+12	5.25e-33	5.77e-24	7.30e-16	1.33e-08	9.26e-01	7.44e-02	2.02e-06	0.00e+00	0.00e+00	0.00e+00	0.00e+00	0.00e+00	7.20e-95
 7.26102e+12	7.18e-33	7.34e-24	8.67e-16	1.46e-08	9.31e-01	6.85e-02	1.71e-06	0.00e+00	0.00e+00	0.00e+00	0.00e+00	0.00e+00	1.02e-111
 7.58139e+12	1.01e-32	9.56e-24	1.05e-15	1.61e-08	9.37e-01	6.26e-02	1.42e-06	0.00e+00	0.00e+00	0.00e+00	0.00e+00	0.00e+00	3.73e-94
 7.90071e+12	1.40e-32	1.23e-23	1.25e-15	1.78e-08	9.43e-01	5.74e-02	1.19e-06	0.00e+00	0.00e+00	0.00e+00	0.00e+00	0.00e+00	7.89e-111
 8.23281e+12	1.93e-32	1.58e-23	1.50e-15	1.96e-08	9.47e-01	5.26e-02	1.00e-06	0.00e+00	0.00e+00	0.00e+00	0.00e+00	0.00e+00	1.91e-93
 8.59205e+12	2.70e-32	2.05e-23	1.80e-15	2.16e-08	9.52e-01	4.80e-02	8.33e-07	0.00e+00	0.00e+00	0.00e+00	0.00e+00	0.00e+00	6.02e-110
 8.96566e+12	3.77e-32	2.65e-23	2.16e-15	2.39e-08	9.56e-01	4.38e-02	0.00e+00	0.00e+00	0.00e+00	0.00e+00	0.00e+00	0.00e+00	1.02e-92
 9.35421e+12	5.24e-32	3.42e-23	2.60e-15	2.64e-08	9.60e-01	3.99e-02	0.00e+00	0.00e+00	0.00e+00	0.00e+00	0.00e+00	0.00e+00	4.70e-109
 9.75831e+12	7.28e-32	4.41e-23	3.12e-15	2.91e-08	9.64e-01	3.64e-02	0.00e+00	0.00e+00	0.00e+00	0.00e+00	0.00e+00	0.00e+00	5.36e-92
 1.01786e+13	1.01e-31	5.68e-23	3.75e-15	3.21e-08	9.67e-01	3.32e-02	0.00e+00	0.00e+00	0.00e+00	0.00e+00	0.00e+00	0.00e+00	3.61e-108
 1.06156e+13	1.40e-31	7.31e-23	4.49e-15	3.54e-08	9.70e-01	3.03e-02	0.00e+00	0.00e+00	0.00e+00	0.00e+00	0.00e+00	0.00e+00	2.76e-91
 1.10702e+13	1.93e-31	9.39e-23	5.37e-15	3.90e-08	9.72e-01	2.77e-02	0.00e+00	0.00e+00	0.00e+00	0.00e+00	0.00e+00	0.00e+00	2.72e-107
 1.15300e+13	2.63e-31	1.20e-22	6.40e-15	4.28e-08	9.75e-01	2.53e-02	0.00e+00	0.00e+00	0.00e+00	0.00e+00	0.00e+00	0.00e+00	1.36e-90
 1.20083e+13	3.59e-31	1.52e-22	7.61e-15	4.70e-08	9.77e-01	2.31e-02	0.00e+00	0.00e+00	0.00e+00	0.00e+00	0.00e+00	0.00e+00	1.91e-106
 1.24924e+13	4.85e-31	1.92e-22	9.01e-15	5.15e-08	9.79e-01	2.12e-02	0.00e+00	0.00e+00	0.00e+00	0.00e+00	0.00e+00	0.00e+00	6.40e-90
 1.29553e+13	6.38e-31	2.38e-22	1.05e-14	5.60e-08	9.80e-01	1.96e-02	0.00e+00	0.00e+00	0.00e+00	0.00e+00	0.00e+00	0.00e+00	1.18e-105
 1.34630e+13	8.54e-31	2.99e-22	1.24e-14	6.11e-08	9.82e-01	1.80e-02	0.00e+00	0.00e+00	0.00e+00	0.00e+00	0.00e+00	0.00e+00	2.70e-89
 1.40198e+13	1.16e-30	3.79e-22	1.47e-14	6.70e-08	9.84e-01	1.65e-02	0.00e+00	0.00e+00	0.00e+00	0.00e+00	0.00e+00	0.00e+00	7.81e-105
 1.45358e+13	1.52e-30	4.68e-22	1.71e-14	7.27e-08	9.85e-01	1.52e-02	0.00e+00	0.00e+00	0.00e+00	0.00e+00	0.00e+00	0.00e+00	1.18e-88
 1.50081e+13	1.93e-30	5.63e-22	1.95e-14	7.81e-08	9.86e-01	1.42e-02	0.00e+00	0.00e+00	0.00e+00	0.00e+00	0.00e+00	0.00e+00	3.98e-104
 1.55476e+13	2.52e-30	6.92e-22	2.27e-14	8.46e-08	9.87e-01	1.31e-02	0.00e+00	0.00e+00	0.00e+00	0.00e+00	0.00e+00	0.00e+00	4.29e-88
 1.61846e+13	3.40e-30	8.74e-22	2.68e-14	9.25e-08	9.88e-01	1.20e-02	0.00e+00	0.00e+00	0.00e+00	0.00e+00	0.00e+00	0.00e+00	2.43e-103
 1.68230e+13	4.54e-30	1.09e-21	3.15e-14	1.01e-07	9.89e-01	1.11e-02	0.00e+00	0.00e+00	0.00e+00	0.00e+00	0.00e+00	0.00e+00	1.96e-87
 1.74296e+13	5.91e-30	1.34e-21	3.65e-14	1.09e-07	9.90e-01	1.02e-02	0.00e+00	0.00e+00	0.00e+00	0.00e+00	0.00e+00	0.00e+00	1.43e-102
 1.80994e+13	7.83e-30	1.67e-21	4.26e-14	1.19e-07	9.91e-01	9.45e-03	0.00e+00	0.00e+00	0.00e+00	0.00e+00	0.00e+00	0.00e+00	8.06e-87
 1.87809e+13	1.03e-29	2.07e-21	4.96e-14	1.29e-07	9.91e-01	8.72e-03	0.00e+00	0.00e+00	0.00e+00	0.00e+00	0.00e+00	0.00e+00	8.63e-102
 1.93631e+13	1.30e-29	2.46e-21	5.63e-14	1.38e-07	9.92e-01	8.17e-03	0.00e+00	0.00e+00	0.00e+00	0.00e+00	0.00e+00	0.00e+00	2.99e-86
 1.99849e+13	1.64e-29	2.96e-21	6.40e-14	1.47e-07	9.92e-01	7.63e-03	0.00e+00	0.00e+00	0.00e+00	0.00e+00	0.00e+00	0.00e+00	3.86e-101
 2.07580e+13	2.18e-29	3.68e-21	7.48e-14	1.60e-07	9.93e-01	7.04e-03	0.00e+00	0.00e+00	0.00e+00	0.00e+00	0.00e+00	0.00e+00	1.16e-85
 2.15448e+13	2.87e-29	4.56e-21	8.72e-14	1.74e-07	9.94e-01	6.50e-03	0.00e+00	0.00e+00	0.00e+00	0.00e+00	0.00e+00	0.00e+00	2.37e-100
 2.22359e+13	3.64e-29	5.47e-21	9.91e-14	1.86e-07	9.94e-01	6.08e-03	0.00e+00	0.00e+00	0.00e+00	0.00e+00	0.00e+00	0.00e+00	4.49e-85
 2.29858e+13	4.66e-29	6.62e-21	1.13e-13	1.99e-07	9.94e-01	5.67e-03	0.00e+00	0.00e+00	0.00e+00	0.00e+00	0.00e+00	0.00e+00	1.14e-99
 2.38928e+13	6.22e-29	8.27e-21	1.33e-13	2.17e-07	9.95e-01	5.22e-03	0.00e+00	0.00e+00	0.00e+00	0.00e+00	0.00e+00	0.00e+00	1.86e-84
 2.48068e+13	8.24e-29	1.03e-20	1.55e-13	2.35e-07	9.95e-01	4.82e-03	0.00e+00	0.00e+00	0.00e+00	0.00e+00	0.00e+00	0.00e+00	7.31e-99
 2.56420e+13	1.06e-28	1.24e-20	1.77e-13	2.52e-07	9.95e-01	4.50e-03	0.00e+00	0.00e+00	0.00e+00	0.00e+00	0.00e+00	0.00e+00	7.61e-84
 2.65721e+13	1.38e-28	1.53e-20	2.04e-13	2.72e-07	9.96e-01	4.18e-03	0.00e+00	0.00e+00	0.00e+00	0.00e+00	0.00e+00	0.00e+00	3.94e-98
 2.76548e+13	1.87e-28	1.92e-20	2.40e-13	2.96e-07	9.96e-01	3.84e-03	0.00e+00	0.00e+00	0.00e+00	0.00e+00	0.00e+00	0.00e+00	3.47e-83
 2.87266e+13	2.49e-28	2.39e-20	2.79e-13	3.20e-07	9.96e-01	3.55e-03	0.00e+00	0.00e+00	0.00e+00	0.00e+00	0.00e+00	0.00e+00	2.67e-97
 2.98412e+13	3.32e-28	2.98e-20	3.25e-13	3.47e-07	9.97e-01	3.28e-03	0.00e+00	0.00e+00	0.00e+00	0.00e+00	0.00e+00	0.00e+00	1.62e-82
 3.10648e+13	4.50e-28	3.76e-20	3.82e-13	3.77e-07	9.97e-01	3.02e-03	0.00e+00	0.00e+00	0.00e+00	0.00e+00	0.00e+00	0.00e+00	1.84e-96
 3.23028e+13	6.05e-28	4.72e-20	4.47e-13	4.09e-07	9.97e-01	2.79e-03	0.00e+00	0.00e+00	0.00e+00	0.00e+00	0.00e+00	0.00e+00	8.15e-82
 3.35903e+13	8.14e-28	5.92e-20	5.23e-13	4.43e-07	9.97e-01	2.57e-03	0.00e+00	0.00e+00	0.00e+00	0.00e+00	0.00e+00	0.00e+00	1.28e-95
 3.49639e+13	1.10e-27	7.47e-20	6.14e-13	4.82e-07	9.98e-01	2.37e-03	0.00e+00	0.00e+00	0.00e+00	0.00e+00	0.00e+00	0.00e+00	4.13e-81
 3.63924e+13	1.50e-27	9.43e-20	7.21e-13	5.23e-07	9.98e-01	2.18e-03	0.00e+00	0.00e+00	0.00e+00	0.00e+00	0.00e+00	0.00e+00	9.40e-95
 3.78262e+13	2.01e-27	1.18e-19	8.41e-13	5.67e-07	9.98e-01	2.01e-03	0.00e+00	0.00e+00	0.00e+00	0.00e+00	0.00e+00	0.00e+00	2.10e-80
 3.93173e+13	2.71e-27	1.48e-19	9.82e-13	6.14e-07	9.98e-01	1.86e-03	0.00e+00	0.00e+00	0.00e+00	0.00e+00	0.00e+00	0.00e+00	6.48e-94
 4.09199e+13	3.68e-27	1.86e-19	1.15e-12	6.66e-07	9.98e-01	1.71e-03	0.00e+00	0.00e+00	0.00e+00	0.00e+00	0.00e+00	0.00e+00	1.07e-79
 4.25867e+13	5.00e-27	2.35e-19	1.35e-12	7.23e-07	9.98e-01	1.58e-03	0.00e+00	0.00e+00	0.00e+00	0.00e+00	0.00e+00	0.00e+00	4.79e-93
 4.43201e+13	6.79e-27	2.97e-19	1.58e-12	7.85e-07	9.99e-01	1.46e-03	0.00e+00	0.00e+00	0.00e+00	0.00e+00	0.00e+00	0.00e+00	5.65e-79
 4.61228e+13	9.22e-27	3.75e-19	1.86e-12	8.51e-07	9.99e-01	1.34e-03	0.00e+00	0.00e+00	0.00e+00	0.00e+00	0.00e+00	0.00e+00	3.55e-92
 4.78023e+13	1.21e-26	4.62e-19	2.14e-12	9.16e-07	9.99e-01	1.25e-03	0.00e+00	0.00e+00	0.00e+00	0.00e+00	0.00e+00	0.00e+00	2.74e-78
 4.92882e+13	1.54e-26	5.52e-19	2.42e-12	9.75e-07	9.99e-01	1.17e-03	0.00e+00	0.00e+00	0.00e+00	0.00e+00	0.00e+00	0.00e+00	1.88e-91
 5.09568e+13	1.98e-26	6.70e-19	2.77e-12	1.04e-06	9.99e-01	1.10e-03	0.00e+00	0.00e+00	0.00e+00	0.00e+00	0.00e+00	0.00e+00	1.04e-77
 5.29529e+13	2.67e-26	8.39e-19	3.22e-12	1.13e-06	9.99e-01	1.01e-03	0.00e+00	0.00e+00	0.00e+00	0.00e+00	0.00e+00	0.00e+00	2.33e-77
 5.49911e+13	3.57e-26	1.05e-18	3.75e-12	1.22e-06	9.99e-01	9.37e-04	0.00e+00	0.00e+00	0.00e+00	0.00e+00	0.00e+00	0.00e+00	5.13e-77
 5.69405e+13	4.67e-26	1.28e-18	4.31e-12	1.31e-06	9.99e-01	8.73e-04	0.00e+00	0.00e+00	0.00e+00	0.00e+00	0.00e+00	0.00e+00	1.07e-76
 5.90778e+13	6.20e-26	1.59e-18	4.99e-12	1.41e-06	9.99e-01	8.10e-04	0.00e+00	0.00e+00	0.00e+00	0.00e+00	0.00e+00	0.00e+00	2.31e-76
 6.14708e+13	8.42e-26	2.01e-18	5.85e-12	1.53e-06	9.99e-01	7.46e-04	0.00e+00	0.00e+00	0.00e+00	0.00e+00	0.00e+00	0.00e+00	5.29e-76
 6.38959e+13	1.13e-25	2.52e-18	6.83e-12	1.66e-06	9.99e-01	6.90e-04	0.00e+00	0.00e+00	0.00e+00	0.00e+00	0.00e+00	0.00e+00	1.19e-75
 6.64181e+13	1.53e-25	3.16e-18	7.97e-12	1.80e-06	9.99e-01	6.37e-04	0.00e+00	0.00e+00	0.00e+00	0.00e+00	0.00e+00	0.00e+00	2.69e-75
 6.91048e+13	2.07e-25	3.98e-18	9.34e-12	1.95e-06	9.99e-01	5.87e-04	0.00e+00	0.00e+00	0.00e+00	0.00e+00	0.00e+00	0.00e+00	6.17e-75
 7.18989e+13	2.82e-25	5.02e-18	1.09e-11	2.11e-06	9.99e-01	5.42e-04	0.00e+00	0.00e+00	0.00e+00	0.00e+00	0.00e+00	0.00e+00	1.42e-74
 7.45046e+13	3.71e-25	6.18e-18	1.26e-11	2.27e-06	9.99e-01	5.04e-04	0.00e+00	0.00e+00	0.00e+00	0.00e+00	0.00e+00	0.00e+00	3.00e-74
 7.67976e+13	4.68e-25	7.38e-18	1.42e-11	2.42e-06	1.00e+00	4.73e-04	0.00e+00	0.00e+00	0.00e+00	0.00e+00	0.00e+00	0.00e+00	5.67e-74
 7.93546e+13	6.03e-25	8.94e-18	1.62e-11	2.59e-06	1.00e+00	4.43e-04	0.00e+00	0.00e+00	0.00e+00	0.00e+00	0.00e+00	0.00e+00	1.13e-73
 8.24308e+13	8.09e-25	1.12e-17	1.89e-11	2.80e-06	1.00e+00	4.09e-04	0.00e+00	0.00e+00	0.00e+00	0.00e+00	0.00e+00	0.00e+00	2.51e-73
 8.55216e+13	1.08e-24	1.39e-17	2.19e-11	3.02e-06	1.00e+00	3.80e-04	0.00e+00	0.00e+00	0.00e+00	0.00e+00	0.00e+00	0.00e+00	5.45e-73
 8.83514e+13	1.38e-24	1.68e-17	2.50e-11	3.22e-06	1.00e+00	3.55e-04	0.00e+00	0.00e+00	0.00e+00	0.00e+00	0.00e+00	0.00e+00	1.08e-72
 9.15023e+13	1.81e-24	2.06e-17	2.87e-11	3.46e-06	1.00e+00	3.31e-04	0.00e+00	0.00e+00	0.00e+00	0.00e+00	0.00e+00	0.00e+00	2.27e-72
 9.51639e+13	2.46e-24	2.59e-17	3.36e-11	3.75e-06	1.00e+00	3.05e-04	0.00e+00	0.00e+00	0.00e+00	0.00e+00	0.00e+00	0.00e+00	5.20e-72
 9.87442e+13	3.27e-24	3.22e-17	3.89e-11	4.04e-06	1.00e+00	2.83e-04	0.00e+00	0.00e+00	0.00e+00	0.00e+00	0.00e+00	0.00e+00	1.14e-71
 1.02110e+14	4.25e-24	3.92e-17	4.45e-11	4.33e-06	1.00e+00	2.64e-04	0.00e+00	0.00e+00	0.00e+00	0.00e+00	0.00e+00	0.00e+00	2.32e-71
 1.05867e+14	5.63e-24	4.85e-17	5.15e-11	4.66e-06	1.00e+00	2.46e-04	0.00e+00	0.00e+00	0.00e+00	0.00e+00	1.56e-17	3.29e-17	5.04e-71
 1.10131e+14	7.65e-24	6.13e-17	6.03e-11	5.05e-06	1.00e+00	2.27e-04	0.00e+00	0.00e+00	0.00e+00	0.00e+00	2.03e-17	4.09e-17	1.16e-70
 1.14375e+14	1.03e-23	7.66e-17	7.01e-11	5.46e-06	1.00e+00	2.10e-04	0.00e+00	0.00e+00	0.00e+00	0.00e+00	2.54e-17	5.12e-17	2.60e-70
 1.18788e+14	1.38e-23	9.58e-17	8.16e-11	5.89e-06	1.00e+00	1.94e-04	0.00e+00	0.00e+00	0.00e+00	0.00e+00	3.18e-17	6.40e-17	5.83e-70
 1.23569e+14	1.88e-23	1.21e-16	9.55e-11	6.38e-06	1.00e+00	1.79e-04	0.00e+00	0.00e+00	0.00e+00	0.00e+00	4.02e-17	8.08e-17	1.36e-69
 1.28542e+14	2.57e-23	1.53e-16	1.12e-10	6.92e-06	1.00e+00	1.66e-04	0.00e+00	0.00e+00	0.00e+00	0.00e+00	5.08e-17	1.02e-16	3.17e-69
 1.33713e+14	3.50e-23	1.93e-16	1.31e-10	7.49e-06	1.00e+00	1.53e-04	0.00e+00	0.00e+00	0.00e+00	0.00e+00	6.42e-17	1.29e-16	7.42e-69
 1.39092e+14	4.78e-23	2.44e-16	1.54e-10	8.12e-06	1.00e+00	1.41e-04	0.00e+00	0.00e+00	0.00e+00	0.00e+00	8.11e-17	1.63e-16	1.74e-68
 1.44539e+14	6.47e-23	3.07e-16	1.79e-10	8.77e-06	1.00e+00	1.31e-04	0.00e+00	0.00e+00	0.00e+00	0.00e+00	1.02e-16	2.05e-16	3.98e-68
 1.49760e+14	8.57e-23	3.79e-16	2.06e-10	9.42e-06	1.00e+00	1.22e-04	0.00e+00	0.00e+00	0.00e+00	0.00e+00	1.26e-16	2.53e-16	8.60e-68
 1.55336e+14	1.14e-22	4.72e-16	2.39e-10	1.01e-05	1.00e+00	1.13e-04	0.00e+00	0.00e+00	0.00e+00	0.00e+00	1.57e-16	3.15e-16	1.90e-67
 1.61580e+14	1.56e-22	5.96e-16	2.80e-10	1.10e-05	1.00e+00	1.05e-04	0.00e+00	0.00e+00	0.00e+00	0.00e+00	1.98e-16	3.98e-16	4.48e-67
 1.67759e+14	2.11e-22	7.46e-16	3.25e-10	1.19e-05	1.00e+00	9.70e-05	0.00e+00	0.00e+00	0.00e+00	0.00e+00	2.48e-16	4.98e-16	1.01e-66
 1.74185e+14	2.84e-22	9.34e-16	3.78e-10	1.28e-05	1.00e+00	9.00e-05	0.00e+00	0.00e+00	0.00e+00	0.00e+00	3.10e-16	6.24e-16	2.30e-66
 1.81182e+14	3.88e-22	1.18e-15	4.42e-10	1.38e-05	1.00e+00	8.32e-05	0.00e+00	0.00e+00	0.00e+00	0.00e+00	3.92e-16	7.89e-16	5.43e-66
 1.87662e+14	5.13e-22	1.46e-15	5.09e-10	1.48e-05	1.00e+00	7.75e-05	0.00e+00	0.00e+00	0.00e+00	0.00e+00	4.84e-16	9.73e-16	1.17e-65
 1.93331e+14	6.50e-22	1.74e-15	5.73e-10	1.57e-05	1.00e+00	7.30e-05	0.00e+00	0.00e+00	0.00e+00	0.00e+00	5.77e-16	1.16e-15	2.24e-65
 1.99672e+14	8.41e-22	2.11e-15	6.52e-10	1.68e-05	1.00e+00	6.85e-05	0.00e+00	0.00e+00	0.00e+00	0.00e+00	7.00e-16	1.41e-15	4.54e-65
 2.07336e+14	1.13e-21	2.64e-15	7.58e-10	1.81e-05	1.00e+00	6.35e-05	0.00e+00	0.00e+00	0.00e+00	0.00e+00	8.76e-16	1.76e-15	1.03e-64
 2.15204e+14	1.53e-21	3.30e-15	8.79e-10	1.95e-05	1.00e+00	5.90e-05	0.00e+00	0.00e+00	0.00e+00	0.00e+00	1.09e-15	2.20e-15	2.33e-64
 2.22639e+14	2.00e-21	4.04e-15	1.01e-09	2.09e-05	1.00e+00	5.51e-05	0.00e+00	0.00e+00	0.00e+00	0.00e+00	1.34e-15	2.70e-15	4.88e-64
 2.29789e+14	2.57e-21	4.88e-15	1.14e-09	2.22e-05	1.00e+00	5.17e-05	0.00e+00	0.00e+00	0.00e+00	0.00e+00	1.62e-15	3.26e-15	9.74e-64
 2.37848e+14	3.37e-21	5.99e-15	1.31e-09	2.38e-05	1.00e+00	4.83e-05	0.00e+00	0.00e+00	0.00e+00	0.00e+00	1.99e-15	4.00e-15	2.06e-63
 2.46754e+14	4.52e-21	7.45e-15	1.52e-09	2.56e-05	1.00e+00	4.48e-05	0.00e+00	0.00e+00	0.00e+00	0.00e+00	2.47e-15	4.98e-15	4.60e-63
 2.54995e+14	5.85e-21	9.05e-15	1.73e-09	2.74e-05	1.00e+00	4.20e-05	0.00e+00	0.00e+00	0.00e+00	0.00e+00	3.00e-15	6.05e-15	9.34e-63
 2.63940e+14	7.69e-21	1.11e-14	1.98e-09	2.93e-05	1.00e+00	3.92e-05	0.00e+00	0.00e+00	0.00e+00	0.00e+00	3.69e-15	7.43e-15	1.99e-62
 2.73937e+14	1.03e-20	1.39e-14	2.30e-09	3.16e-05	1.00e+00	3.63e-05	0.00e+00	0.00e+00	0.00e+00	0.00e+00	4.60e-15	9.26e-15	4.43e-62
 2.83339e+14	1.34e-20	1.69e-14	2.63e-09	3.39e-05	1.00e+00	3.39e-05	0.00e+00	0.00e+00	0.00e+00	0.00e+00	5.61e-15	1.13e-14	9.15e-62
 2.93571e+14	1.78e-20	2.09e-14	3.03e-09	3.64e-05	1.00e+00	3.16e-05	0.00e+00	0.00e+00	0.00e+00	0.00e+00	6.93e-15	1.40e-14	1.97e-61
 3.04957e+14	2.39e-20	2.62e-14	3.53e-09	3.93e-05	1.00e+00	2.92e-05	0.00e+00	0.00e+00	0.00e+00	0.00e+00	8.67e-15	1.75e-14	4.46e-61
 3.15674e+14	3.14e-20	3.21e-14	4.06e-09	4.21e-05	1.00e+00	2.73e-05	0.00e+00	0.00e+00	0.00e+00	0.00e+00	1.06e-14	2.15e-14	9.36e-61
 3.27207e+14	4.15e-20	3.96e-14	4.68e-09	4.53e-05	1.00e+00	2.53e-05	0.00e+00	0.00e+00	0.00e+00	0.00e+00	1.31e-14	2.65e-14	2.01e-60
 3.40052e+14	5.60e-20	4.97e-14	5.47e-09	4.90e-05	1.00e+00	2.34e-05	0.00e+00	0.00e+00	0.00e+00	0.00e+00	1.65e-14	3.32e-14	4.56e-60
 3.52459e+14	7.38e-20	6.14e-14	6.31e-09	5.28e-05	1.00e+00	2.17e-05	0.00e+00	0.00e+00	0.00e+00	0.00e+00	2.03e-14	4.10e-14	9.72e-60
 3.65635e+14	9.80e-20	7.61e-14	7.31e-09	5.69e-05	1.00e+00	2.02e-05	0.00e+00	0.00e+00	0.00e+00	0.00e+00	2.52e-14	5.09e-14	2.11e-59
 3.80290e+14	1.33e-19	9.58e-14	8.57e-09	6.18e-05	1.00e+00	1.86e-05	0.00e+00	0.00e+00	0.00e+00	0.00e+00	3.17e-14	6.41e-14	4.82e-59
 3.94944e+14	1.77e-19	1.20e-13	9.98e-09	6.68e-05	1.00e+00	1.72e-05	0.00e+00	0.00e+00	0.00e+00	0.00e+00	3.96e-14	7.99e-14	1.06e-58
 4.10184e+14	2.37e-19	1.49e-13	1.16e-08	7.23e-05	1.00e+00	1.59e-05	0.00e+00	0.00e+00	0.00e+00	0.00e+00	4.94e-14	9.97e-14	2.34e-58
 4.26621e+14	3.20e-19	1.88e-13	1.36e-08	7.85e-05	1.00e+00	1.46e-05	0.00e+00	0.00e+00	0.00e+00	0.00e+00	6.21e-14	1.25e-13	5.31e-58
 4.43716e+14	4.31e-19	2.36e-13	1.60e-08	8.53e-05	1.00e+00	1.34e-05	0.00e+00	0.00e+00	0.00e+00	0.00e+00	7.80e-14	1.58e-13	1.19e-57
 4.61495e+14	5.80e-19	2.96e-13	1.87e-08	9.27e-05	1.00e+00	1.24e-05	0.00e+00	0.00e+00	0.00e+00	0.00e+00	9.80e-14	1.98e-13	2.68e-57
 4.79984e+14	7.78e-19	3.71e-13	2.19e-08	1.01e-04	1.00e+00	1.14e-05	0.00e+00	0.00e+00	0.00e+00	0.00e+00	1.23e-13	2.48e-13	5.97e-57
 4.97759e+14	1.02e-18	4.58e-13	2.54e-08	1.09e-04	1.00e+00	1.05e-05	0.00e+00	0.00e+00	0.00e+00	0.00e+00	1.52e-13	3.06e-13	1.26e-56
 5.12821e+14	1.27e-18	5.43e-13	2.87e-08	1.16e-04	1.00e+00	9.91e-06	0.00e+00	0.00e+00	0.00e+00	0.00e+00	1.80e-13	3.63e-13	2.29e-56
 5.28261e+14	1.59e-18	6.44e-13	3.23e-08	1.24e-04	1.00e+00	9.32e-06	0.00e+00	0.00e+00	0.00e+00	0.00e+00	2.13e-13	4.31e-13	4.18e-56
 5.47743e+14	2.07e-18	7.92e-13	3.75e-08	1.34e-04	1.00e+00	8.64e-06	0.00e+00	0.00e+00	0.00e+00	0.00e+00	2.62e-13	5.30e-13	8.64e-56
 5.67640e+14	2.69e-18	9.71e-13	4.33e-08	1.45e-04	1.00e+00	8.02e-06	0.00e+00	0.00e+00	0.00e+00	0.00e+00	3.21e-13	6.50e-13	1.77e-55
 5.84836e+14	3.36e-18	1.15e-12	4.89e-08	1.54e-04	1.00e+00	7.54e-06	0.00e+00	0.00e+00	0.00e+00	0.00e+00	3.81e-13	7.71e-13	3.21e-55
 6.03359e+14	4.19e-18	1.37e-12	5.55e-08	1.65e-04	1.00e+00	7.06e-06	0.00e+00	0.00e+00	0.00e+00	0.00e+00	4.53e-13	9.18e-13	5.91e-55
 6.26120e+14	5.49e-18	1.69e-12	6.45e-08	1.80e-04	1.00e+00	6.53e-06	0.00e+00	0.00e+00	0.00e+00	0.00e+00	5.59e-13	1.13e-12	1.23e-54
 6.49009e+14	7.10e-18	2.07e-12	7.47e-08	1.94e-04	1.00e+00	6.07e-06	0.00e+00	0.00e+00	0.00e+00	0.00e+00	6.84e-13	1.39e-12	2.51e-54
 6.69101e+14	8.83e-18	2.46e-12	8.45e-08	2.08e-04	1.00e+00	5.70e-06	0.00e+00	0.00e+00	0.00e+00	0.00e+00	8.12e-13	1.65e-12	4.56e-54
 6.90936e+14	1.11e-17	2.94e-12	9.63e-08	2.23e-04	1.00e+00	5.33e-06	0.00e+00	0.00e+00	0.00e+00	0.00e+00	9.72e-13	1.97e-12	8.58e-54
 7.17358e+14	1.45e-17	3.63e-12	1.12e-07	2.43e-04	1.00e+00	4.94e-06	0.00e+00	0.00e+00	0.00e+00	0.00e+00	1.20e-12	2.43e-12	1.78e-53
 7.43623e+14	1.86e-17	4.43e-12	1.30e-07	2.63e-04	1.00e+00	4.58e-06	0.00e+00	0.00e+00	0.00e+00	0.00e+00	1.46e-12	2.96e-12	3.59e-53
 7.66928e+14	2.31e-17	5.26e-12	1.47e-07	2.82e-04	1.00e+00	4.31e-06	0.00e+00	0.00e+00	0.00e+00	0.00e+00	1.74e-12	3.52e-12	6.60e-53
 7.92501e+14	2.90e-17	6.29e-12	1.68e-07	3.03e-04	1.00e+00	4.03e-06	0.00e+00	0.00e+00	0.00e+00	0.00e+00	2.08e-12	4.22e-12	1.24e-52
 8.23110e+14	3.77e-17	7.75e-12	1.96e-07	3.30e-04	1.00e+00	3.74e-06	0.00e+00	0.00e+00	0.00e+00	0.00e+00	2.56e-12	5.19e-12	2.60e-52
 8.53447e+14	4.83e-17	9.45e-12	2.26e-07	3.58e-04	1.00e+00	3.48e-06	0.00e+00	4.05e-18	1.22e-17	2.03e-17	3.12e-12	6.33e-12	5.26e-52
 8.80858e+14	6.00e-17	1.12e-11	2.57e-07	3.85e-04	1.00e+00	3.27e-06	0.00e+00	5.03e-18	1.51e-17	2.52e-17	3.71e-12	7.53e-12	9.73e-52
 9.11282e+14	7.57e-17	1.35e-11	2.95e-07	4.15e-04	1.00e+00	3.07e-06	0.00e+00	6.36e-18	1.91e-17	3.19e-17	4.46e-12	9.07e-12	1.89e-51
 9.47062e+14	9.84e-17	1.67e-11	3.45e-07	4.53e-04	1.00e+00	2.85e-06	0.00e+00	8.28e-18	2.49e-17	4.15e-17	5.51e-12	1.12e-11	4.02e-51
 9.82270e+14	1.26e-16	2.04e-11	3.99e-07	4.92e-04	1.00e+00	2.66e-06	0.00e+00	1.06e-17	3.19e-17	5.32e-17	6.72e-12	1.37e-11	8.22e-51
 1.01488e+15	1.57e-16	2.43e-11	4.55e-07	5.30e-04	9.99e-01	2.51e-06	0.00e+00	1.32e-17	3.97e-17	6.64e-17	8.02e-12	1.63e-11	1.56e-50
 1.05150e+15	2.00e-16	2.95e-11	5.25e-07	5.74e-04	9.99e-01	2.36e-06	0.00e+00	1.69e-17	5.06e-17	8.45e-17	9.73e-12	1.98e-11	3.15e-50
 1.09359e+15	2.60e-16	3.65e-11	6.15e-07	6.28e-04	9.99e-01	2.20e-06	0.00e+00	2.20e-17	6.60e-17	1.10e-16	1.20e-11	2.45e-11	6.87e-50
 1.13489e+15	3.34e-16	4.47e-11	7.14e-07	6.83e-04	9.99e-01	2.07e-06	0.00e+00	2.83e-17	8.48e-17	1.42e-16	1.47e-11	2.99e-11	1.44e-49
 1.17785e+15	4.28e-16	5.46e-11	8.29e-07	7.43e-04	9.99e-01	1.95e-06	0.00e+00	3.63e-17	1.09e-16	1.82e-16	1.80e-11	3.66e-11	3.03e-49
 1.22500e+15	5.57e-16	6.76e-11	9.70e-07	8.12e-04	9.99e-01	1.83e-06	0.00e+00	4.73e-17	1.42e-16	2.37e-16	2.23e-11	4.53e-11	6.70e-49
 1.27264e+15	7.19e-16	8.31e-11	1.13e-06	8.86e-04	9.99e-01	1.73e-06	0.00e+00	6.11e-17	1.83e-16	3.06e-16	2.74e-11	5.57e-11	1.45e-48
 1.32218e+15	9.28e-16	1.02e-10	1.32e-06	9.65e-04	9.99e-01	1.63e-06	0.00e+00	7.90e-17	2.37e-16	3.96e-16	3.37e-11	6.85e-11	3.17e-48
 1.37510e+15	1.21e-15	1.26e-10	1.54e-06	1.05e-03	9.99e-01	1.55e-06	0.00e+00	1.03e-16	3.08e-16	5.15e-16	4.17e-11	8.48e-11	7.15e-48
 1.42867e+15	1.56e-15	1.56e-10	1.79e-06	1.15e-03	9.99e-01	1.47e-06	0.00e+00	1.33e-16	3.99e-16	6.66e-16	5.13e-11	1.04e-10	1.59e-47
 1.47466e+15	1.92e-15	1.85e-10	2.03e-06	1.23e-03	9.99e-01	1.42e-06	0.00e+00	1.64e-16	4.93e-16	8.23e-16	6.09e-11	1.24e-10	3.08e-47
 1.51184e+15	2.27e-15	2.11e-10	2.24e-06	1.31e-03	9.99e-01	1.38e-06	0.00e+00	1.94e-16	5.82e-16	9.72e-16	6.97e-11	1.42e-10	5.21e-47
 1.55273e+15	2.67e-15	2.45e-10	2.50e-06	1.39e-03	9.99e-01	1.34e-06	0.00e+00	2.29e-16	6.87e-16	1.15e-15	8.06e-11	1.64e-10	9.10e-47
 1.60589e+15	3.35e-15	2.94e-10	2.85e-06	1.50e-03	9.99e-01	1.29e-06	0.00e+00	2.87e-16	8.61e-16	1.44e-15	9.69e-11	1.97e-10	1.87e-46
 1.66290e+15	4.22e-15	3.56e-10	3.28e-06	1.62e-03	9.98e-01	1.25e-06	0.00e+00	3.62e-16	1.09e-15	1.81e-15	1.17e-10	2.38e-10	3.94e-46
 1.71366e+15	5.17e-15	4.20e-10	3.69e-06	1.73e-03	9.98e-01	1.22e-06	0.00e+00	4.43e-16	1.33e-15	2.22e-15	1.38e-10	2.81e-10	7.52e-46
 1.76837e+15	6.36e-15	4.98e-10	4.18e-06	1.85e-03	9.98e-01	1.19e-06	0.00e+00	5.46e-16	1.64e-15	2.74e-15	1.64e-10	3.34e-10	1.48e-45
 1.83529e+15	8.10e-15	6.09e-10	4.85e-06	2.02e-03	9.98e-01	1.16e-06	0.00e+00	6.97e-16	2.09e-15	3.49e-15	2.01e-10	4.08e-10	3.29e-45
 1.90274e+15	1.04e-14	7.45e-10	5.60e-06	2.18e-03	9.98e-01	1.13e-06	0.00e+00	8.92e-16	2.68e-15	4.47e-15	2.46e-10	5.00e-10	7.25e-45
 1.96273e+15	1.27e-14	8.84e-10	6.33e-06	2.34e-03	9.98e-01	1.11e-06	0.00e+00	1.10e-15	3.29e-15	5.50e-15	2.92e-10	5.93e-10	1.42e-44
 2.02838e+15	1.59e-14	1.06e-09	7.21e-06	2.51e-03	9.97e-01	1.09e-06	0.00e+00	1.37e-15	4.12e-15	6.88e-15	3.50e-10	7.12e-10	2.93e-44
 2.10681e+15	2.05e-14	1.31e-09	8.38e-06	2.74e-03	9.97e-01	1.08e-06	0.00e+00	1.77e-15	5.30e-15	8.85e-15	4.32e-10	8.78e-10	6.72e-44
 2.18441e+15	2.60e-14	1.60e-09	9.67e-06	2.96e-03	9.97e-01	1.06e-06	0.00e+00	2.25e-15	6.76e-15	1.13e-14	5.28e-10	1.07e-09	1.51e-43
 2.25457e+15	3.22e-14	1.91e-09	1.10e-05	3.17e-03	9.97e-01	1.06e-06	0.00e+00	2.79e-15	8.38e-15	1.40e-14	6.31e-10	1.28e-09	3.01e-43
 2.33251e+15	4.04e-14	2.31e-09	1.25e-05	3.42e-03	9.97e-01	1.05e-06	0.00e+00	3.50e-15	1.05e-14	1.75e-14	7.62e-10	1.55e-09	6.33e-43
 2.42411e+15	5.20e-14	2.86e-09	1.46e-05	3.73e-03	9.96e-01	1.04e-06	0.00e+00	4.52e-15	1.36e-14	2.26e-14	9.44e-10	1.92e-09	1.47e-42
 2.51439e+15	6.66e-14	3.52e-09	1.69e-05	4.04e-03	9.96e-01	1.04e-06	0.00e+00	5.79e-15	1.74e-14	2.90e-14	1.16e-09	2.36e-09	3.28e-42
 2.59839e+15	8.29e-14	4.23e-09	1.92e-05	4.34e-03	9.96e-01	1.04e-06	0.00e+00	7.21e-15	2.16e-14	3.61e-14	1.40e-09	2.83e-09	6.74e-42
 2.69247e+15	1.05e-13	5.17e-09	2.21e-05	4.68e-03	9.95e-01	1.04e-06	0.00e+00	9.18e-15	2.76e-14	4.60e-14	1.71e-09	3.46e-09	1.47e-41
 2.80020e+15	1.37e-13	6.46e-09	2.59e-05	5.11e-03	9.95e-01	1.05e-06	0.00e+00	1.19e-14	3.57e-14	5.97e-14	2.13e-09	4.33e-09	3.46e-41
 2.90596e+15	1.75e-13	7.96e-09	3.00e-05	5.53e-03	9.94e-01	1.05e-06	0.00e+00	1.53e-14	4.59e-14	7.66e-14	2.63e-09	5.33e-09	7.58e-41
 3.01595e+15	2.25e-13	9.84e-09	3.48e-05	6.00e-03	9.94e-01	1.05e-06	0.00e+00	1.96e-14	5.89e-14	9.83e-14	3.25e-09	6.59e-09	1.70e-40
 3.13661e+15	2.91e-13	1.23e-08	4.06e-05	6.53e-03	9.93e-01	1.06e-06	0.00e+00	2.55e-14	7.64e-14	1.27e-13	4.06e-09	8.23e-09	3.96e-40
 3.25932e+15	3.75e-13	1.53e-08	4.74e-05	7.10e-03	9.93e-01	1.07e-06	0.00e+00	3.28e-14	9.86e-14	1.64e-13	5.07e-09	1.03e-08	9.08e-40
 3.38693e+15	4.85e-13	1.91e-08	5.52e-05	7.72e-03	9.92e-01	1.09e-06	6.11e-13	4.25e-14	1.28e-13	2.13e-13	6.31e-09	1.28e-08	2.07e-39
 3.52244e+15	6.29e-13	2.39e-08	6.45e-05	8.40e-03	9.92e-01	1.10e-06	0.00e+00	5.51e-14	1.65e-13	2.76e-13	7.90e-09	1.60e-08	4.80e-39
 3.63991e+15	7.80e-13	2.88e-08	7.35e-05	9.02e-03	9.91e-01	1.11e-06	0.00e+00	6.84e-14	2.05e-13	3.42e-13	9.54e-09	1.93e-08	9.60e-39
 3.73052e+15	9.14e-13	3.32e-08	8.11e-05	9.51e-03	9.90e-01	1.12e-06	6.71e-13	8.03e-14	2.41e-13	4.02e-13	1.10e-08	2.22e-08	1.61e-38
 3.82764e+15	1.09e-12	3.85e-08	8.98e-05	1.01e-02	9.90e-01	1.13e-06	0.00e+00	9.54e-14	2.86e-13	4.78e-13	1.27e-08	2.57e-08	2.78e-38
 3.95388e+15	1.35e-12	4.63e-08	1.02e-04	1.08e-02	9.89e-01	1.13e-06	0.00e+00	1.19e-13	3.56e-13	5.94e-13	1.53e-08	3.10e-08	5.51e-38
 4.09151e+15	1.69e-12	5.64e-08	1.17e-04	1.16e-02	9.88e-01	1.14e-06	0.00e+00	1.49e-13	4.46e-13	7.45e-13	1.87e-08	3.77e-08	1.11e-37
 4.21657e+15	2.06e-12	6.71e-08	1.32e-04	1.24e-02	9.87e-01	1.15e-06	0.00e+00	1.81e-13	5.44e-13	9.08e-13	2.22e-08	4.49e-08	2.06e-37
 4.35176e+15	2.54e-12	8.05e-08	1.50e-04	1.33e-02	9.87e-01	1.16e-06	7.50e-13	2.23e-13	6.71e-13	1.12e-12	2.66e-08	5.38e-08	3.97e-37
 4.51675e+15	3.23e-12	9.97e-08	1.74e-04	1.44e-02	9.85e-01	1.17e-06	0.00e+00	2.85e-13	8.55e-13	1.43e-12	3.30e-08	6.67e-08	8.57e-37
 4.68057e+15	4.08e-12	1.22e-07	2.01e-04	1.55e-02	9.84e-01	1.18e-06	0.00e+00	3.60e-13	1.08e-12	1.80e-12	4.05e-08	8.19e-08	1.77e-36
 4.82354e+15	4.97e-12	1.46e-07	2.27e-04	1.66e-02	9.83e-01	1.19e-06	8.14e-13	4.38e-13	1.32e-12	2.19e-12	4.82e-08	9.74e-08	3.22e-36
 4.97931e+15	6.14e-12	1.75e-07	2.58e-04	1.78e-02	9.82e-01	1.21e-06	0.00e+00	5.42e-13	1.63e-12	2.72e-12	5.81e-08	1.17e-07	6.20e-36
 5.16872e+15	7.84e-12	2.18e-07	3.00e-04	1.93e-02	9.80e-01	1.22e-06	8.56e-13	6.93e-13	2.08e-12	3.47e-12	7.22e-08	1.46e-07	1.33e-35
 5.35728e+15	9.94e-12	2.68e-07	3.46e-04	2.08e-02	9.79e-01	1.22e-06	0.00e+00	8.80e-13	2.64e-12	4.40e-12	8.88e-08	1.79e-07	2.70e-35
 5.52516e+15	1.21e-11	3.21e-07	3.92e-04	2.23e-02	9.77e-01	1.23e-06	0.00e+00	1.07e-12	3.22e-12	5.38e-12	1.06e-07	2.15e-07	5.02e-35
 5.71071e+15	1.51e-11	3.89e-07	4.48e-04	2.40e-02	9.76e-01	1.24e-06	0.00e+00	1.34e-12	4.02e-12	6.71e-12	1.29e-07	2.60e-07	9.77e-35
 5.93191e+15	1.95e-11	4.87e-07	5.24e-04	2.61e-02	9.73e-01	1.25e-06	0.00e+00	1.73e-12	5.19e-12	8.65e-12	1.61e-07	3.26e-07	2.08e-34
 6.14893e+15	2.46e-11	5.99e-07	6.05e-04	2.83e-02	9.71e-01	1.25e-06	0.00e+00	2.18e-12	6.54e-12	1.09e-11	1.99e-07	4.01e-07	4.16e-34
 6.34623e+15	3.03e-11	7.22e-07	6.89e-04	3.03e-02	9.69e-01	1.26e-06	0.00e+00	2.69e-12	8.08e-12	1.35e-11	2.39e-07	4.82e-07	7.76e-34
 6.56845e+15	3.82e-11	8.85e-07	7.94e-04	3.28e-02	9.66e-01	1.27e-06	0.00e+00	3.40e-12	1.02e-11	1.70e-11	2.93e-07	5.91e-07	1.53e-33
 6.81952e+15	4.89e-11	1.10e-06	9.26e-04	3.57e-02	9.63e-01	1.27e-06	0.00e+00	4.35e-12	1.31e-11	2.18e-11	3.66e-07	7.37e-07	3.18e-33
 7.04900e+15	6.09e-11	1.34e-06	1.06e-03	3.84e-02	9.61e-01	1.27e-06	0.00e+00	5.42e-12	1.63e-11	2.71e-11	4.44e-07	8.94e-07	5.80e-33
 7.25310e+15	7.37e-11	1.58e-06	1.19e-03	4.10e-02	9.58e-01	1.28e-06	0.00e+00	6.57e-12	1.97e-11	3.29e-11	5.25e-07	1.06e-06	1.00e-32
 7.48328e+15	9.13e-11	1.91e-06	1.36e-03	4.41e-02	9.55e-01	1.28e-06	0.00e+00	8.15e-12	2.44e-11	4.08e-11	6.34e-07	1.28e-06	1.85e-32
 7.76566e+15	1.18e-10	2.39e-06	1.59e-03	4.81e-02	9.50e-01	1.29e-06	0.00e+00	1.06e-11	3.17e-11	5.28e-11	7.92e-07	1.59e-06	3.77e-32
 8.02281e+15	1.45e-10	2.88e-06	1.82e-03	5.18e-02	9.46e-01	1.28e-06	0.00e+00	1.30e-11	3.90e-11	6.50e-11	9.56e-07	1.92e-06	6.84e-32
 8.21722e+15	1.72e-10	3.32e-06	2.02e-03	5.48e-02	9.43e-01	1.29e-06	0.00e+00	1.54e-11	4.61e-11	7.69e-11	1.10e-06	2.22e-06	1.06e-31
 8.42320e+15	2.05e-10	3.86e-06	2.24e-03	5.81e-02	9.40e-01	1.29e-06	0.00e+00	1.83e-11	5.50e-11	9.18e-11	1.28e-06	2.58e-06	1.71e-31
 8.69097e+15	2.55e-10	4.68e-06	2.57e-03	6.27e-02	9.35e-01	1.28e-06	0.00e+00	2.28e-11	6.85e-11	1.14e-10	1.55e-06	3.12e-06	3.12e-31
 8.97390e+15	3.19e-10	5.67e-06	2.95e-03	6.77e-02	9.29e-01	1.28e-06	0.00e+00	2.87e-11	8.60e-11	1.43e-10	1.88e-06	3.79e-06	5.62e-31
 9.22198e+15	3.84e-10	6.69e-06	3.32e-03	7.23e-02	9.24e-01	1.28e-06	0.00e+00	3.45e-11	1.04e-10	1.73e-10	2.22e-06	4.46e-06	9.25e-31
 9.48993e+15	4.78e-10	8.00e-06	3.78e-03	7.76e-02	9.19e-01	1.28e-06	0.00e+00	4.30e-11	1.29e-10	2.15e-10	2.66e-06	5.34e-06	1.60e-30
 9.79099e+15	5.93e-10	9.70e-06	4.34e-03	8.38e-02	9.12e-01	1.26e-06	0.00e+00	5.34e-11	1.60e-10	2.67e-10	3.22e-06	6.47e-06	2.84e-30
 1.00695e+16	7.27e-10	1.15e-05	4.92e-03	8.99e-02	9.05e-01	1.26e-06	0.00e+00	6.55e-11	1.97e-10	3.28e-10	3.83e-06	7.70e-06	4.72e-30
 1.03228e+16	8.73e-10	1.35e-05	5.52e-03	9.58e-02	8.99e-01	1.25e-06	0.00e+00	7.88e-11	2.36e-10	3.94e-10	4.48e-06	9.00e-06	7.46e-30
 1.06089e+16	1.08e-09	1.61e-05	6.29e-03	1.03e-01	8.91e-01	1.25e-06	0.00e+00	9.77e-11	2.93e-10	4.88e-10	5.35e-06	1.08e-05	1.26e-29
 1.09251e+16	1.37e-09	1.95e-05	7.23e-03	1.11e-01	8.82e-01	1.25e-06	0.00e+00	1.24e-10	3.71e-10	6.18e-10	6.47e-06	1.30e-05	2.17e-29
 1.12162e+16	1.65e-09	2.30e-05	8.19e-03	1.19e-01	8.73e-01	1.23e-06	0.00e+00	1.50e-10	4.49e-10	7.49e-10	7.66e-06	1.54e-05	3.48e-29
 1.14889e+16	2.00e-09	2.70e-05	9.23e-03	1.27e-01	8.64e-01	1.23e-06	0.00e+00	1.82e-10	5.44e-10	9.08e-10	8.99e-06	1.80e-05	5.48e-29
 1.17588e+16	2.42e-09	3.16e-05	1.04e-02	1.35e-01	8.55e-01	1.22e-06	0.00e+00	2.20e-10	6.58e-10	1.10e-09	1.05e-05	2.11e-05	8.49e-29
 1.20667e+16	3.04e-09	3.79e-05	1.19e-02	1.45e-01	8.43e-01	1.21e-06	0.00e+00	2.76e-10	8.29e-10	1.38e-09	1.26e-05	2.53e-05	1.42e-28
 1.23901e+16	3.79e-09	4.55e-05	1.36e-02	1.56e-01	8.30e-01	1.20e-06	0.00e+00	3.45e-10	1.04e-09	1.73e-09	1.52e-05	3.04e-05	2.33e-28
 1.26654e+16	4.58e-09	5.31e-05	1.54e-02	1.66e-01	8.18e-01	1.20e-06	0.00e+00	4.17e-10	1.25e-09	2.09e-09	1.77e-05	3.54e-05	3.52e-28
 1.29547e+16	5.62e-09	6.29e-05	1.75e-02	1.78e-01	8.05e-01	1.19e-06	0.00e+00	5.12e-10	1.54e-09	2.56e-09	2.10e-05	4.20e-05	5.65e-28
 1.32693e+16	7.04e-09	7.54e-05	2.00e-02	1.91e-01	7.89e-01	1.18e-06	0.00e+00	6.42e-10	1.93e-09	3.21e-09	2.51e-05	5.03e-05	9.14e-28
 1.35494e+16	8.59e-09	8.83e-05	2.26e-02	2.03e-01	7.74e-01	1.18e-06	0.00e+00	7.85e-10	2.35e-09	3.92e-09	2.94e-05	5.89e-05	1.39e-27
 1.38044e+16	1.02e-08	1.02e-04	2.54e-02	2.15e-01	7.59e-01	1.17e-06	0.00e+00	9.36e-10	2.81e-09	4.68e-09	3.41e-05	6.82e-05	2.04e-27
 1.40939e+16	1.29e-08	1.22e-04	2.90e-02	2.30e-01	7.40e-01	1.18e-06	0.00e+00	1.18e-09	3.53e-09	5.89e-09	4.07e-05	8.14e-05	3.33e-27
 1.44012e+16	1.60e-08	1.46e-04	3.34e-02	2.47e-01	7.20e-01	1.16e-06	0.00e+00	1.46e-09	4.39e-09	7.31e-09	4.86e-05	9.72e-05	5.26e-27
 1.46666e+16	1.95e-08	1.71e-04	3.78e-02	2.62e-01	7.00e-01	1.16e-06	0.00e+00	1.78e-09	5.35e-09	8.92e-09	5.69e-05	1.14e-04	7.95e-27
 1.49058e+16	2.37e-08	1.98e-04	4.24e-02	2.77e-01	6.81e-01	1.18e-06	0.00e+00	2.18e-09	6.53e-09	1.09e-08	6.61e-05	1.32e-04	1.19e-26
 1.51323e+16	2.81e-08	2.27e-04	4.73e-02	2.91e-01	6.62e-01	1.18e-06	1.30e-12	2.58e-09	7.73e-09	1.29e-08	7.58e-05	1.52e-04	1.69e-26
 1.53832e+16	3.49e-08	2.69e-04	5.37e-02	3.09e-01	6.37e-01	1.18e-06	0.00e+00	3.21e-09	9.61e-09	1.60e-08	8.97e-05	1.79e-04	2.72e-26
 1.56527e+16	4.37e-08	3.20e-04	6.15e-02	3.28e-01	6.10e-01	1.20e-06	0.00e+00	4.02e-09	1.21e-08	2.01e-08	1.07e-04	2.13e-04	4.29e-26
 1.58874e+16	5.27e-08	3.72e-04	6.94e-02	3.46e-01	5.84e-01	1.21e-06	1.55e-12	4.85e-09	1.46e-08	2.43e-08	1.24e-04	2.48e-04	6.37e-26
 1.60950e+16	6.33e-08	4.29e-04	7.76e-02	3.63e-01	5.59e-01	1.22e-06	0.00e+00	5.83e-09	1.75e-08	2.92e-08	1.43e-04	2.86e-04	9.43e-26
 1.62945e+16	7.59e-08	4.93e-04	8.64e-02	3.80e-01	5.33e-01	1.24e-06	1.81e-12	7.00e-09	2.10e-08	3.50e-08	1.64e-04	3.29e-04	1.39e-25
 1.65216e+16	9.43e-08	5.73e-04	9.80e-02	4.01e-01	5.01e-01	1.25e-06	0.00e+00	8.70e-09	2.61e-08	4.35e-08	1.91e-04	3.82e-04	2.09e-25
 1.67566e+16	1.20e-07	6.95e-04	1.12e-01	4.23e-01	4.64e-01	1.31e-06	0.00e+00	1.11e-08	3.32e-08	5.53e-08	2.32e-04	4.63e-04	3.73e-25
 1.69401e+16	1.43e-07	7.95e-04	1.25e-01	4.40e-01	4.34e-01	1.35e-06	2.69e-12	1.32e-08	3.96e-08	6.60e-08	2.65e-04	5.30e-04	5.45e-25
 1.70882e+16	1.67e-07	8.90e-04	1.36e-01	4.55e-01	4.08e-01	1.39e-06	0.00e+00	1.54e-08	4.63e-08	7.71e-08	2.97e-04	5.93e-04	7.56e-25
 1.72520e+16	1.97e-07	1.00e-03	1.50e-01	4.72e-01	3.77e-01	1.40e-06	3.31e-12	1.83e-08	5.48e-08	9.14e-08	3.34e-04	6.67e-04	1.07e-24
 1.74290e+16	2.40e-07	1.15e-03	1.67e-01	4.91e-01	3.41e-01	1.42e-06	0.00e+00	2.22e-08	6.66e-08	1.11e-07	3.84e-04	7.67e-04	1.64e-24
 1.75792e+16	2.85e-07	1.30e-03	1.83e-01	5.06e-01	3.09e-01	1.48e-06	4.54e-12	2.64e-08	7.92e-08	1.32e-07	4.35e-04	8.70e-04	2.46e-24
 1.77008e+16	3.35e-07	1.47e-03	1.98e-01	5.19e-01	2.82e-01	1.58e-06	0.00e+00	3.11e-08	9.32e-08	1.55e-07	4.91e-04	9.80e-04	3.74e-24
 1.78063e+16	3.74e-07	1.58e-03	2.10e-01	5.30e-01	2.58e-01	1.59e-06	6.36e-12	3.48e-08	1.04e-07	1.74e-07	5.28e-04	1.06e-03	4.70e-24
 1.79042e+16	4.31e-07	1.75e-03	2.24e-01	5.40e-01	2.34e-01	1.65e-06	0.00e+00	4.01e-08	1.20e-07	2.00e-07	5.84e-04	1.17e-03	6.81e-24
 1.79856e+16	4.71e-07	1.85e-03	2.34e-01	5.48e-01	2.16e-01	1.65e-06	8.33e-12	4.39e-08	1.32e-07	2.19e-07	6.17e-04	1.23e-03	8.11e-24
 1.80617e+16	5.28e-07	2.00e-03	2.46e-01	5.56e-01	1.97e-01	1.68e-06	0.00e+00	4.92e-08	1.48e-07	2.46e-07	6.68e-04	1.33e-03	1.10e-23
 1.81398e+16	5.81e-07	2.12e-03	2.57e-01	5.63e-01	1.78e-01	1.67e-06	1.04e-11	5.42e-08	1.63e-07	2.71e-07	7.07e-04	1.41e-03	1.33e-23
 1.82203e+16	6.51e-07	2.28e-03	2.70e-01	5.70e-01	1.58e-01	1.66e-06	0.00e+00	6.08e-08	1.82e-07	3.04e-07	7.60e-04	1.52e-03	1.75e-23
 1.83026e+16	7.38e-07	2.46e-03	2.82e-01	5.76e-01	1.39e-01	1.67e-06	0.00e+00	6.90e-08	2.07e-07	3.45e-07	8.22e-04	1.64e-03	2.41e-23
 1.83651e+16	8.19e-07	2.59e-03	2.92e-01	5.81e-01	1.25e-01	1.68e-06	0.00e+00	7.67e-08	2.30e-07	3.83e-07	8.65e-04	1.73e-03	2.94e-23
 1.84245e+16	8.78e-07	2.73e-03	3.02e-01	5.85e-01	1.11e-01	1.60e-06	0.00e+00	8.23e-08	2.47e-07	4.11e-07	9.12e-04	1.82e-03	3.63e-23
