#depth	O	O+	O+2	O+3	O+4	O+5	O+6	O+7	O+8	O[1]	O[2]	O[3]
 1.49634e+10	0.00e+00	7.73e-45	3.12e-34	1.25e-24	5.45e-16	1.99e-08	1.00e+00	0.00e+00	0.00e+00	0.00e+00	0.00e+00	0.00e+00
 4.54887e+10	0.00e+00	0.00e+00	4.28e-34	1.59e-24	6.39e-16	2.15e-08	1.00e+00	2.47e-10	0.00e+00	0.00e+00	0.00e+00	0.00e+00
 7.72350e+10	0.00e+00	1.70e-44	5.86e-34	2.01e-24	7.48e-16	2.33e-08	1.00e+00	0.00e+00	0.00e+00	0.00e+00	0.00e+00	0.00e+00
 1.10251e+11	0.00e+00	0.00e+00	8.03e-34	2.55e-24	8.76e-16	2.52e-08	1.00e+00	0.00e+00	0.00e+00	0.00e+00	0.00e+00	0.00e+00
 1.44588e+11	0.00e+00	3.74e-44	1.10e-33	3.23e-24	1.03e-15	2.73e-08	1.00e+00	0.00e+00	0.00e+00	0.00e+00	0.00e+00	0.00e+00
 1.80298e+11	0.00e+00	0.00e+00	1.51e-33	4.10e-24	1.20e-15	2.96e-08	1.00e+00	0.00e+00	0.00e+00	0.00e+00	0.00e+00	0.00e+00
 2.17437e+11	0.00e+00	8.23e-44	2.07e-33	5.19e-24	1.41e-15	3.20e-08	1.00e+00	0.00e+00	0.00e+00	0.00e+00	0.00e+00	0.00e+00
 2.56061e+11	0.00e+00	0.00e+00	2.84e-33	6.59e-24	1.65e-15	3.47e-08	1.00e+00	0.00e+00	0.00e+00	0.00e+00	0.00e+00	0.00e+00
 2.96231e+11	0.00e+00	1.81e-43	3.90e-33	8.35e-24	1.94e-15	3.76e-08	1.00e+00	0.00e+00	0.00e+00	0.00e+00	0.00e+00	0.00e+00
 3.38007e+11	0.00e+00	0.00e+00	5.35e-33	1.06e-23	2.27e-15	4.07e-08	1.00e+00	0.00e+00	0.00e+00	0.00e+00	0.00e+00	0.00e+00
 3.81454e+11	0.00e+00	4.00e-43	7.35e-33	1.35e-23	2.67e-15	4.41e-08	1.00e+00	0.00e+00	0.00e+00	0.00e+00	0.00e+00	0.00e+00
 4.26639e+11	0.00e+00	0.00e+00	1.01e-32	1.71e-23	3.13e-15	4.77e-08	1.00e+00	0.00e+00	0.00e+00	0.00e+00	0.00e+00	0.00e+00
 4.73631e+11	0.00e+00	8.82e-43	1.39e-32	2.17e-23	3.67e-15	5.17e-08	1.00e+00	0.00e+00	0.00e+00	0.00e+00	0.00e+00	0.00e+00
 5.22503e+11	0.00e+00	0.00e+00	1.90e-32	2.75e-23	4.31e-15	5.61e-08	1.00e+00	0.00e+00	0.00e+00	0.00e+00	0.00e+00	0.00e+00
 5.73330e+11	0.00e+00	1.95e-42	2.62e-32	3.50e-23	5.06e-15	6.08e-08	1.00e+00	0.00e+00	0.00e+00	0.00e+00	0.00e+00	0.00e+00
 6.26190e+11	0.00e+00	0.00e+00	3.60e-32	4.45e-23	5.94e-15	6.59e-08	1.00e+00	0.00e+00	0.00e+00	0.00e+00	0.00e+00	0.00e+00
 6.81164e+11	0.00e+00	4.31e-42	4.95e-32	5.65e-23	6.98e-15	7.15e-08	1.00e+00	0.00e+00	0.00e+00	0.00e+00	0.00e+00	0.00e+00
 7.32959e+11	0.00e+00	0.00e+00	6.61e-32	7.03e-23	8.09e-15	7.70e-08	1.00e+00	0.00e+00	0.00e+00	0.00e+00	0.00e+00	0.00e+00
 7.79411e+11	0.00e+00	8.47e-42	8.50e-32	8.50e-23	9.18e-15	8.20e-08	1.00e+00	0.00e+00	0.00e+00	0.00e+00	0.00e+00	0.00e+00
 8.31583e+11	0.00e+00	0.00e+00	1.12e-31	1.05e-22	1.06e-14	8.80e-08	1.00e+00	0.00e+00	0.00e+00	0.00e+00	0.00e+00	0.00e+00
 8.93256e+11	0.00e+00	1.76e-41	1.53e-31	1.32e-22	1.24e-14	9.53e-08	1.00e+00	0.00e+00	0.00e+00	0.00e+00	0.00e+00	0.00e+00
 9.54727e+11	0.00e+00	0.00e+00	2.06e-31	1.66e-22	1.44e-14	1.03e-07	1.00e+00	0.00e+00	0.00e+00	0.00e+00	0.00e+00	0.00e+00
 1.01232e+12	0.00e+00	3.59e-41	2.71e-31	2.04e-22	1.66e-14	1.10e-07	1.00e+00	0.00e+00	0.00e+00	0.00e+00	0.00e+00	0.00e+00
 1.07641e+12	0.00e+00	0.00e+00	3.63e-31	2.55e-22	1.92e-14	1.19e-07	1.00e+00	0.00e+00	0.00e+00	0.00e+00	0.00e+00	0.00e+00
 1.14940e+12	0.00e+00	7.71e-41	5.01e-31	3.25e-22	2.27e-14	1.29e-07	1.00e+00	0.00e+00	0.00e+00	0.00e+00	0.00e+00	0.00e+00
 1.22173e+12	0.00e+00	0.00e+00	6.81e-31	4.10e-22	2.65e-14	1.40e-07	1.00e+00	0.00e+00	0.00e+00	0.00e+00	0.00e+00	0.00e+00
 1.29124e+12	0.00e+00	1.61e-40	9.06e-31	5.08e-22	3.07e-14	1.51e-07	1.00e+00	0.00e+00	0.00e+00	0.00e+00	0.00e+00	0.00e+00
 1.36711e+12	0.00e+00	0.00e+00	1.22e-30	6.39e-22	3.58e-14	1.63e-07	1.00e+00	0.00e+00	0.00e+00	0.00e+00	0.00e+00	0.00e+00
 1.45173e+12	0.00e+00	3.50e-40	1.69e-30	8.16e-22	4.23e-14	1.77e-07	1.00e+00	0.00e+00	0.00e+00	0.00e+00	0.00e+00	0.00e+00
 1.53639e+12	0.00e+00	0.00e+00	2.31e-30	1.03e-21	4.97e-14	1.92e-07	1.00e+00	0.00e+00	0.00e+00	0.00e+00	0.00e+00	0.00e+00
 1.62443e+12	0.00e+00	7.60e-40	3.16e-30	1.31e-21	5.84e-14	2.09e-07	1.00e+00	0.00e+00	0.00e+00	0.00e+00	0.00e+00	0.00e+00
 1.71934e+12	0.00e+00	0.00e+00	4.37e-30	1.68e-21	6.90e-14	2.28e-07	1.00e+00	0.00e+00	0.00e+00	0.00e+00	0.00e+00	0.00e+00
 1.81804e+12	0.00e+00	1.70e-39	6.04e-30	2.15e-21	8.17e-14	2.48e-07	1.00e+00	0.00e+00	0.00e+00	0.00e+00	0.00e+00	0.00e+00
 1.92068e+12	0.00e+00	0.00e+00	8.37e-30	2.75e-21	9.67e-14	2.70e-07	1.00e+00	0.00e+00	0.00e+00	0.00e+00	0.00e+00	0.00e+00
 2.02744e+12	0.00e+00	3.81e-39	1.16e-29	3.52e-21	1.15e-13	2.94e-07	1.00e+00	0.00e+00	0.00e+00	0.00e+00	0.00e+00	0.00e+00
 2.13846e+12	0.00e+00	0.00e+00	1.60e-29	4.52e-21	1.36e-13	3.21e-07	1.00e+00	0.00e+00	0.00e+00	0.00e+00	0.00e+00	0.00e+00
 2.25393e+12	0.00e+00	8.53e-39	2.22e-29	5.79e-21	1.61e-13	3.50e-07	1.00e+00	0.00e+00	0.00e+00	0.00e+00	0.00e+00	0.00e+00
 2.37401e+12	0.00e+00	0.00e+00	3.08e-29	7.43e-21	1.91e-13	3.82e-07	1.00e+00	0.00e+00	0.00e+00	0.00e+00	0.00e+00	0.00e+00
 2.49890e+12	0.00e+00	1.91e-38	4.26e-29	9.53e-21	2.27e-13	4.17e-07	1.00e+00	0.00e+00	0.00e+00	0.00e+00	0.00e+00	0.00e+00
 2.62878e+12	0.00e+00	0.00e+00	5.91e-29	1.22e-20	2.69e-13	4.56e-07	1.00e+00	0.00e+00	0.00e+00	0.00e+00	0.00e+00	0.00e+00
 2.75419e+12	0.00e+00	4.15e-38	8.00e-29	1.54e-20	3.16e-13	4.95e-07	1.00e+00	0.00e+00	0.00e+00	0.00e+00	0.00e+00	0.00e+00
 2.87132e+12	0.00e+00	0.00e+00	1.05e-28	1.90e-20	3.65e-13	5.33e-07	1.00e+00	0.00e+00	0.00e+00	0.00e+00	0.00e+00	0.00e+00
 3.00282e+12	0.00e+00	8.38e-38	1.41e-28	2.39e-20	4.27e-13	5.78e-07	1.00e+00	0.00e+00	0.00e+00	0.00e+00	0.00e+00	0.00e+00
 3.15286e+12	0.00e+00	0.00e+00	1.96e-28	3.07e-20	5.08e-13	6.32e-07	1.00e+00	0.00e+00	0.00e+00	0.00e+00	0.00e+00	0.00e+00
 3.30072e+12	0.00e+00	1.83e-37	2.67e-28	3.89e-20	5.99e-13	6.88e-07	1.00e+00	0.00e+00	0.00e+00	0.00e+00	0.00e+00	0.00e+00
 3.44192e+12	0.00e+00	0.00e+00	3.54e-28	4.84e-20	6.97e-13	7.45e-07	1.00e+00	0.00e+00	0.00e+00	0.00e+00	0.00e+00	0.00e+00
 3.59695e+12	0.00e+00	3.75e-37	4.79e-28	6.10e-20	8.19e-13	8.10e-07	1.00e+00	0.00e+00	0.00e+00	0.00e+00	0.00e+00	0.00e+00
 3.77075e+12	0.00e+00	0.00e+00	6.62e-28	7.84e-20	9.75e-13	8.86e-07	1.00e+00	0.00e+00	0.00e+00	0.00e+00	0.00e+00	0.00e+00
 3.94490e+12	0.00e+00	8.19e-37	9.05e-28	9.98e-20	1.15e-12	9.68e-07	1.00e+00	0.00e+00	0.00e+00	0.00e+00	0.00e+00	0.00e+00
 4.12602e+12	0.00e+00	0.00e+00	1.24e-27	1.27e-19	1.37e-12	1.06e-06	1.00e+00	0.00e+00	0.00e+00	0.00e+00	0.00e+00	0.00e+00
 4.32099e+12	0.00e+00	1.78e-36	1.71e-27	1.63e-19	1.63e-12	1.16e-06	1.00e+00	0.00e+00	0.00e+00	0.00e+00	0.00e+00	0.00e+00
 4.52376e+12	4.16e-46	2.64e-36	2.35e-27	2.09e-19	1.94e-12	1.27e-06	1.00e+00	0.00e+00	0.00e+00	0.00e+00	0.00e+00	0.00e+00
 4.73463e+12	0.00e+00	0.00e+00	3.25e-27	2.69e-19	2.31e-12	1.39e-06	1.00e+00	0.00e+00	0.00e+00	0.00e+00	0.00e+00	0.00e+00
 4.92881e+12	0.00e+00	5.52e-36	4.31e-27	3.35e-19	2.70e-12	1.51e-06	1.00e+00	0.00e+00	0.00e+00	0.00e+00	0.00e+00	0.00e+00
 5.09605e+12	1.41e-45	7.36e-36	5.46e-27	4.03e-19	3.08e-12	1.62e-06	1.00e+00	0.00e+00	0.00e+00	0.00e+00	0.00e+00	0.00e+00
 5.28137e+12	0.00e+00	0.00e+00	7.04e-27	4.91e-19	3.54e-12	1.74e-06	1.00e+00	0.00e+00	0.00e+00	0.00e+00	0.00e+00	0.00e+00
 5.50879e+12	0.00e+00	1.44e-35	9.50e-27	6.21e-19	4.18e-12	1.90e-06	1.00e+00	0.00e+00	0.00e+00	0.00e+00	0.00e+00	0.00e+00
 5.74132e+12	4.82e-45	2.06e-35	1.28e-26	7.82e-19	4.93e-12	2.07e-06	1.00e+00	0.00e+00	0.00e+00	0.00e+00	0.00e+00	0.00e+00
 5.95243e+12	0.00e+00	0.00e+00	1.65e-26	9.57e-19	5.69e-12	2.24e-06	1.00e+00	0.00e+00	0.00e+00	0.00e+00	0.00e+00	0.00e+00
 6.18534e+12	0.00e+00	3.93e-35	2.17e-26	1.19e-18	6.63e-12	2.43e-06	1.00e+00	0.00e+00	0.00e+00	0.00e+00	0.00e+00	0.00e+00
 6.45829e+12	1.61e-44	5.70e-35	2.95e-26	1.51e-18	7.88e-12	2.66e-06	1.00e+00	0.00e+00	0.00e+00	0.00e+00	0.00e+00	0.00e+00
 6.72734e+12	0.00e+00	8.11e-35	3.95e-26	1.90e-18	9.29e-12	2.91e-06	1.00e+00	0.00e+00	0.00e+00	0.00e+00	0.00e+00	0.00e+00
 6.97953e+12	3.57e-44	1.11e-34	5.14e-26	2.34e-18	1.08e-11	3.15e-06	1.00e+00	0.00e+00	0.00e+00	0.00e+00	0.00e+00	0.00e+00
 7.26102e+12	0.00e+00	1.56e-34	6.82e-26	2.93e-18	1.26e-11	3.43e-06	1.00e+00	0.00e+00	0.00e+00	0.00e+00	0.00e+00	0.00e+00
 7.58139e+12	8.26e-44	2.26e-34	9.28e-26	3.74e-18	1.51e-11	3.77e-06	1.00e+00	0.00e+00	0.00e+00	0.00e+00	0.00e+00	0.00e+00
 7.90071e+12	0.00e+00	3.22e-34	1.24e-25	4.72e-18	1.78e-11	4.13e-06	1.00e+00	0.00e+00	0.00e+00	0.00e+00	0.00e+00	0.00e+00
 8.23281e+12	1.90e-43	4.58e-34	1.67e-25	5.95e-18	2.10e-11	4.52e-06	1.00e+00	0.00e+00	0.00e+00	0.00e+00	0.00e+00	0.00e+00
 8.59205e+12	0.00e+00	6.58e-34	2.26e-25	7.58e-18	2.50e-11	4.96e-06	1.00e+00	0.00e+00	0.00e+00	0.00e+00	0.00e+00	0.00e+00
 8.96566e+12	4.45e-43	9.43e-34	3.06e-25	9.65e-18	2.98e-11	5.46e-06	1.00e+00	0.00e+00	0.00e+00	0.00e+00	0.00e+00	0.00e+00
 9.35421e+12	0.00e+00	1.35e-33	4.13e-25	1.23e-17	3.54e-11	6.00e-06	1.00e+00	0.00e+00	0.00e+00	0.00e+00	0.00e+00	0.00e+00
 9.75831e+12	1.03e-42	1.93e-33	5.57e-25	1.56e-17	4.21e-11	6.59e-06	1.00e+00	0.00e+00	0.00e+00	0.00e+00	0.00e+00	0.00e+00
 1.01786e+13	0.00e+00	2.75e-33	7.50e-25	1.98e-17	4.99e-11	7.24e-06	1.00e+00	0.00e+00	0.00e+00	0.00e+00	0.00e+00	0.00e+00
 1.06156e+13	2.37e-42	3.91e-33	1.01e-24	2.51e-17	5.93e-11	7.96e-06	1.00e+00	0.00e+00	0.00e+00	0.00e+00	0.00e+00	0.00e+00
 1.10702e+13	0.00e+00	5.55e-33	1.36e-24	3.19e-17	7.03e-11	8.74e-06	1.00e+00	0.00e+00	0.00e+00	0.00e+00	0.00e+00	0.00e+00
 1.15300e+13	5.31e-42	7.79e-33	1.81e-24	4.01e-17	8.29e-11	9.57e-06	1.00e+00	0.00e+00	0.00e+00	0.00e+00	0.00e+00	0.00e+00
 1.20083e+13	0.00e+00	1.09e-32	2.41e-24	5.05e-17	9.77e-11	1.05e-05	1.00e+00	0.00e+00	0.00e+00	0.00e+00	0.00e+00	0.00e+00
 1.24924e+13	1.16e-41	1.52e-32	3.18e-24	6.32e-17	1.15e-10	1.15e-05	1.00e+00	0.00e+00	0.00e+00	0.00e+00	0.00e+00	0.00e+00
 1.29553e+13	0.00e+00	2.06e-32	4.11e-24	7.76e-17	1.33e-10	1.24e-05	1.00e+00	0.00e+00	0.00e+00	0.00e+00	0.00e+00	0.00e+00
 1.34630e+13	2.41e-41	2.84e-32	5.39e-24	9.65e-17	1.55e-10	1.35e-05	1.00e+00	0.00e+00	0.00e+00	0.00e+00	0.00e+00	0.00e+00
 1.40198e+13	0.00e+00	3.98e-32	7.17e-24	1.21e-16	1.83e-10	1.48e-05	1.00e+00	0.00e+00	0.00e+00	0.00e+00	0.00e+00	0.00e+00
 1.45358e+13	5.08e-41	5.39e-32	9.25e-24	1.49e-16	2.11e-10	1.60e-05	1.00e+00	0.00e+00	0.00e+00	0.00e+00	0.00e+00	0.00e+00
 1.50081e+13	0.00e+00	7.05e-32	1.16e-23	1.79e-16	2.40e-10	1.72e-05	1.00e+00	0.00e+00	0.00e+00	0.00e+00	0.00e+00	0.00e+00
 1.55476e+13	9.85e-41	9.49e-32	1.49e-23	2.18e-16	2.76e-10	1.86e-05	1.00e+00	0.00e+00	0.00e+00	0.00e+00	0.00e+00	0.00e+00
 1.61846e+13	0.00e+00	1.33e-31	1.98e-23	2.74e-16	3.24e-10	2.03e-05	1.00e+00	0.00e+00	0.00e+00	0.00e+00	0.00e+00	0.00e+00
 1.68230e+13	2.14e-40	1.85e-31	2.61e-23	3.42e-16	3.79e-10	2.21e-05	1.00e+00	0.00e+00	0.00e+00	0.00e+00	0.00e+00	0.00e+00
 1.74296e+13	0.00e+00	2.49e-31	3.36e-23	4.19e-16	4.36e-10	2.39e-05	1.00e+00	0.00e+00	0.00e+00	0.00e+00	0.00e+00	0.00e+00
 1.80994e+13	4.43e-40	3.44e-31	4.41e-23	5.19e-16	5.06e-10	2.60e-05	1.00e+00	0.00e+00	0.00e+00	0.00e+00	0.00e+00	0.00e+00
 1.87809e+13	0.00e+00	4.71e-31	5.74e-23	6.41e-16	5.87e-10	2.82e-05	1.00e+00	0.00e+00	0.00e+00	0.00e+00	0.00e+00	0.00e+00
 1.93631e+13	8.70e-40	6.13e-31	7.16e-23	7.63e-16	6.62e-10	3.01e-05	1.00e+00	0.00e+00	0.00e+00	0.00e+00	0.00e+00	0.00e+00
 1.99849e+13	0.00e+00	8.07e-31	9.00e-23	9.15e-16	7.50e-10	3.22e-05	1.00e+00	0.00e+00	0.00e+00	0.00e+00	0.00e+00	0.00e+00
 2.07580e+13	1.76e-39	1.12e-30	1.18e-22	1.14e-15	8.72e-10	3.49e-05	1.00e+00	0.00e+00	0.00e+00	0.00e+00	0.00e+00	0.00e+00
 2.15448e+13	0.00e+00	1.55e-30	1.55e-22	1.41e-15	1.01e-09	3.79e-05	1.00e+00	0.00e+00	0.00e+00	0.00e+00	0.00e+00	0.00e+00
 2.22359e+13	3.55e-39	2.04e-30	1.95e-22	1.69e-15	1.14e-09	4.05e-05	1.00e+00	0.00e+00	0.00e+00	0.00e+00	0.00e+00	0.00e+00
 2.29858e+13	0.00e+00	2.74e-30	2.49e-22	2.04e-15	1.31e-09	4.35e-05	1.00e+00	0.00e+00	0.00e+00	0.00e+00	0.00e+00	0.00e+00
 2.38928e+13	7.47e-39	3.85e-30	3.31e-22	2.55e-15	1.52e-09	4.72e-05	1.00e+00	0.00e+00	0.00e+00	0.00e+00	0.00e+00	0.00e+00
 2.48068e+13	0.00e+00	5.37e-30	4.37e-22	3.17e-15	1.76e-09	5.11e-05	1.00e+00	0.00e+00	0.00e+00	0.00e+00	0.00e+00	0.00e+00
 2.56420e+13	1.57e-38	7.22e-30	5.58e-22	3.84e-15	2.01e-09	5.48e-05	1.00e+00	0.00e+00	0.00e+00	0.00e+00	0.00e+00	0.00e+00
 2.65721e+13	0.00e+00	9.95e-30	7.27e-22	4.72e-15	2.31e-09	5.91e-05	1.00e+00	0.00e+00	0.00e+00	0.00e+00	0.00e+00	0.00e+00
 2.76548e+13	3.48e-38	1.43e-29	9.79e-22	5.95e-15	2.71e-09	6.42e-05	1.00e+00	0.00e+00	0.00e+00	0.00e+00	0.00e+00	0.00e+00
 2.87266e+13	0.00e+00	2.01e-29	1.30e-21	7.42e-15	3.14e-09	6.95e-05	1.00e+00	0.00e+00	0.00e+00	0.00e+00	0.00e+00	0.00e+00
 2.98412e+13	7.89e-38	2.85e-29	1.73e-21	9.25e-15	3.65e-09	7.53e-05	1.00e+00	0.00e+00	0.00e+00	0.00e+00	0.00e+00	0.00e+00
 3.10648e+13	0.00e+00	4.11e-29	2.34e-21	1.17e-14	4.28e-09	8.18e-05	1.00e+00	0.00e+00	0.00e+00	0.00e+00	0.00e+00	0.00e+00
 3.23028e+13	1.86e-37	5.90e-29	3.14e-21	1.47e-14	4.99e-09	8.87e-05	1.00e+00	0.00e+00	0.00e+00	0.00e+00	0.00e+00	0.00e+00
 3.35903e+13	0.00e+00	8.46e-29	4.23e-21	1.84e-14	5.82e-09	9.62e-05	1.00e+00	0.00e+00	0.00e+00	0.00e+00	0.00e+00	0.00e+00
 3.49639e+13	4.42e-37	1.23e-28	5.73e-21	2.33e-14	6.82e-09	1.04e-04	1.00e+00	0.00e+00	0.00e+00	0.00e+00	0.00e+00	0.00e+00
 3.63924e+13	0.00e+00	1.78e-28	7.76e-21	2.94e-14	7.98e-09	1.13e-04	1.00e+00	0.00e+00	0.00e+00	0.00e+00	0.00e+00	0.00e+00
 3.78262e+13	1.05e-36	2.55e-28	1.04e-20	3.69e-14	9.29e-09	1.23e-04	1.00e+00	0.00e+00	0.00e+00	0.00e+00	0.00e+00	0.00e+00
 3.93173e+13	0.00e+00	3.67e-28	1.40e-20	4.63e-14	1.08e-08	1.33e-04	1.00e+00	0.00e+00	0.00e+00	0.00e+00	0.00e+00	0.00e+00
 4.09199e+13	2.52e-36	5.33e-28	1.90e-20	5.85e-14	1.27e-08	1.44e-04	1.00e+00	0.00e+00	0.00e+00	0.00e+00	0.00e+00	0.00e+00
 4.25867e+13	0.00e+00	7.76e-28	2.58e-20	7.39e-14	1.48e-08	1.57e-04	1.00e+00	0.00e+00	0.00e+00	0.00e+00	0.00e+00	0.00e+00
 4.43201e+13	6.15e-36	1.13e-27	3.50e-20	9.34e-14	1.74e-08	1.70e-04	1.00e+00	0.00e+00	0.00e+00	0.00e+00	0.00e+00	0.00e+00
 4.61228e+13	0.00e+00	1.65e-27	4.76e-20	1.18e-13	2.03e-08	1.84e-04	1.00e+00	0.00e+00	0.00e+00	0.00e+00	0.00e+00	0.00e+00
 4.78023e+13	1.44e-35	2.31e-27	6.27e-20	1.46e-13	2.34e-08	1.98e-04	1.00e+00	0.00e+00	0.00e+00	0.00e+00	0.00e+00	0.00e+00
 4.92882e+13	0.00e+00	3.09e-27	7.94e-20	1.74e-13	2.64e-08	2.11e-04	1.00e+00	0.00e+00	0.00e+00	0.00e+00	0.00e+00	0.00e+00
 5.09568e+13	2.94e-35	4.23e-27	1.02e-19	2.12e-13	3.01e-08	2.26e-04	1.00e+00	0.00e+00	0.00e+00	0.00e+00	0.00e+00	0.00e+00
 5.29529e+13	4.53e-35	6.08e-27	1.38e-19	2.66e-13	3.51e-08	2.44e-04	1.00e+00	0.00e+00	0.00e+00	0.00e+00	0.00e+00	0.00e+00
 5.49911e+13	6.93e-35	8.70e-27	1.84e-19	3.32e-13	4.07e-08	2.64e-04	1.00e+00	0.00e+00	0.00e+00	0.00e+00	0.00e+00	0.00e+00
 5.69405e+13	1.03e-34	1.21e-26	2.41e-19	4.08e-13	4.67e-08	2.83e-04	1.00e+00	0.00e+00	0.00e+00	0.00e+00	0.00e+00	0.00e+00
 5.90778e+13	1.55e-34	1.72e-26	3.21e-19	5.07e-13	5.40e-08	3.06e-04	1.00e+00	0.00e+00	0.00e+00	0.00e+00	0.00e+00	0.00e+00
 6.14708e+13	2.43e-34	2.50e-26	4.35e-19	6.41e-13	6.32e-08	3.32e-04	1.00e+00	0.00e+00	0.00e+00	0.00e+00	0.00e+00	0.00e+00
 6.38959e+13	3.76e-34	3.62e-26	5.87e-19	8.05e-13	7.37e-08	3.59e-04	1.00e+00	0.00e+00	0.00e+00	0.00e+00	0.00e+00	0.00e+00
 6.64181e+13	5.82e-34	5.23e-26	7.92e-19	1.01e-12	8.59e-08	3.88e-04	1.00e+00	0.00e+00	0.00e+00	0.00e+00	0.00e+00	0.00e+00
 6.91048e+13	9.10e-34	7.62e-26	1.08e-18	1.28e-12	1.00e-07	4.21e-04	1.00e+00	0.00e+00	0.00e+00	0.00e+00	0.00e+00	0.00e+00
 7.18989e+13	1.42e-33	1.11e-25	1.46e-18	1.62e-12	1.18e-07	4.57e-04	1.00e+00	0.00e+00	0.00e+00	0.00e+00	0.00e+00	0.00e+00
 7.45046e+13	2.13e-33	1.56e-25	1.93e-18	1.99e-12	1.35e-07	4.91e-04	1.00e+00	0.00e+00	0.00e+00	0.00e+00	0.00e+00	0.00e+00
 7.67976e+13	3.00e-33	2.08e-25	2.44e-18	2.38e-12	1.53e-07	5.23e-04	9.99e-01	0.00e+00	0.00e+00	0.00e+00	0.00e+00	0.00e+00
 7.93546e+13	4.34e-33	2.84e-25	3.14e-18	2.89e-12	1.74e-07	5.59e-04	9.99e-01	0.00e+00	0.00e+00	0.00e+00	0.00e+00	0.00e+00
 8.24308e+13	6.67e-33	4.08e-25	4.21e-18	3.62e-12	2.02e-07	6.04e-04	9.99e-01	0.00e+00	0.00e+00	0.00e+00	0.00e+00	0.00e+00
 8.55216e+13	1.01e-32	5.81e-25	5.61e-18	4.51e-12	2.34e-07	6.51e-04	9.99e-01	0.00e+00	0.00e+00	0.00e+00	0.00e+00	0.00e+00
 8.83514e+13	1.47e-32	7.94e-25	7.23e-18	5.46e-12	2.66e-07	6.96e-04	9.99e-01	0.00e+00	0.00e+00	0.00e+00	0.00e+00	0.00e+00
 9.15023e+13	2.19e-32	1.11e-24	9.49e-18	6.72e-12	3.05e-07	7.48e-04	9.99e-01	0.00e+00	0.00e+00	0.00e+00	0.00e+00	0.00e+00
 9.51639e+13	3.42e-32	1.62e-24	1.29e-17	8.48e-12	3.57e-07	8.10e-04	9.99e-01	0.00e+00	0.00e+00	0.00e+00	0.00e+00	0.00e+00
 9.87442e+13	5.22e-32	2.31e-24	1.72e-17	1.06e-11	4.13e-07	8.73e-04	9.99e-01	0.00e+00	0.00e+00	0.00e+00	0.00e+00	0.00e+00
 1.02110e+14	7.66e-32	3.19e-24	2.23e-17	1.29e-11	4.72e-07	9.35e-04	9.99e-01	0.00e+00	0.00e+00	0.00e+00	0.00e+00	0.00e+00
 1.05867e+14	1.17e-31	4.55e-24	2.98e-17	1.60e-11	5.44e-07	1.01e-03	9.99e-01	0.00e+00	0.00e+00	0.00e+00	0.00e+00	0.00e+00
 1.10131e+14	1.82e-31	6.61e-24	4.03e-17	2.02e-11	6.36e-07	1.09e-03	9.99e-01	0.00e+00	0.00e+00	0.00e+00	0.00e+00	0.00e+00
 1.14375e+14	2.83e-31	9.54e-24	5.42e-17	2.52e-11	7.39e-07	1.18e-03	9.99e-01	0.00e+00	0.00e+00	0.00e+00	0.00e+00	0.00e+00
 1.18788e+14	4.38e-31	1.38e-23	7.29e-17	3.16e-11	8.59e-07	1.27e-03	9.99e-01	0.00e+00	0.00e+00	0.00e+00	0.00e+00	0.00e+00
 1.23569e+14	6.92e-31	2.02e-23	9.94e-17	4.00e-11	1.00e-06	1.38e-03	9.99e-01	0.00e+00	0.00e+00	0.00e+00	0.00e+00	0.00e+00
 1.28542e+14	1.09e-30	2.97e-23	1.36e-16	5.05e-11	1.17e-06	1.49e-03	9.99e-01	0.00e+00	0.00e+00	0.00e+00	0.00e+00	0.00e+00
 1.33713e+14	1.73e-30	4.37e-23	1.85e-16	6.38e-11	1.37e-06	1.61e-03	9.98e-01	0.00e+00	0.00e+00	0.00e+00	0.00e+00	0.00e+00
 1.39092e+14	2.75e-30	6.43e-23	2.52e-16	8.07e-11	1.61e-06	1.74e-03	9.98e-01	0.00e+00	0.00e+00	0.00e+00	0.00e+00	0.00e+00
 1.44539e+14	4.32e-30	9.37e-23	3.42e-16	1.01e-10	1.87e-06	1.88e-03	9.98e-01	0.00e+00	0.00e+00	0.00e+00	0.00e+00	0.00e+00
 1.49760e+14	6.56e-30	1.33e-22	4.53e-16	1.25e-10	2.15e-06	2.02e-03	9.98e-01	0.00e+00	0.00e+00	0.00e+00	0.00e+00	0.00e+00
 1.55336e+14	1.01e-29	1.91e-22	6.04e-16	1.56e-10	2.49e-06	2.18e-03	9.98e-01	0.00e+00	0.00e+00	0.00e+00	0.00e+00	0.00e+00
 1.61580e+14	1.61e-29	2.81e-22	8.26e-16	1.97e-10	2.91e-06	2.35e-03	9.98e-01	0.00e+00	0.00e+00	0.00e+00	0.00e+00	0.00e+00
 1.67759e+14	2.51e-29	4.08e-22	1.11e-15	2.46e-10	3.38e-06	2.54e-03	9.97e-01	0.00e+00	0.00e+00	0.00e+00	0.00e+00	0.00e+00
 1.74185e+14	3.92e-29	5.91e-22	1.50e-15	3.08e-10	3.92e-06	2.73e-03	9.97e-01	0.00e+00	0.00e+00	0.00e+00	0.00e+00	0.00e+00
 1.81182e+14	6.25e-29	8.74e-22	2.05e-15	3.89e-10	4.58e-06	2.96e-03	9.97e-01	0.00e+00	0.00e+00	0.00e+00	0.00e+00	0.00e+00
 1.87662e+14	9.49e-29	1.24e-21	2.71e-15	4.80e-10	5.27e-06	3.17e-03	9.97e-01	0.00e+00	0.00e+00	0.00e+00	0.00e+00	0.00e+00
 1.93331e+14	1.35e-28	1.66e-21	3.43e-15	5.73e-10	5.93e-06	3.36e-03	9.97e-01	0.00e+00	0.00e+00	0.00e+00	0.00e+00	0.00e+00
 1.99672e+14	1.99e-28	2.29e-21	4.44e-15	6.94e-10	6.74e-06	3.58e-03	9.96e-01	0.00e+00	0.00e+00	0.00e+00	0.00e+00	0.00e+00
 2.07336e+14	3.11e-28	3.33e-21	5.98e-15	8.69e-10	7.83e-06	3.86e-03	9.96e-01	0.00e+00	0.00e+00	0.00e+00	0.00e+00	0.00e+00
 2.15204e+14	4.84e-28	4.82e-21	8.04e-15	1.09e-09	9.08e-06	4.16e-03	9.96e-01	0.00e+00	0.00e+00	0.00e+00	0.00e+00	0.00e+00
 2.22639e+14	7.24e-28	6.74e-21	1.05e-14	1.33e-09	1.04e-05	4.45e-03	9.96e-01	0.00e+00	0.00e+00	0.00e+00	0.00e+00	0.00e+00
 2.29789e+14	1.06e-27	9.22e-21	1.35e-14	1.60e-09	1.18e-05	4.73e-03	9.95e-01	0.00e+00	0.00e+00	0.00e+00	0.00e+00	0.00e+00
 2.37848e+14	1.59e-27	1.30e-20	1.78e-14	1.97e-09	1.35e-05	5.07e-03	9.95e-01	0.00e+00	0.00e+00	0.00e+00	0.00e+00	0.00e+00
 2.46754e+14	2.46e-27	1.87e-20	2.38e-14	2.45e-09	1.56e-05	5.45e-03	9.95e-01	0.00e+00	0.00e+00	0.00e+00	0.00e+00	0.00e+00
 2.54995e+14	3.61e-27	2.58e-20	3.09e-14	2.98e-09	1.78e-05	5.82e-03	9.94e-01	0.00e+00	0.00e+00	0.00e+00	0.00e+00	0.00e+00
 2.63940e+14	5.44e-27	3.63e-20	4.06e-14	3.66e-09	2.04e-05	6.23e-03	9.94e-01	0.00e+00	0.00e+00	0.00e+00	0.00e+00	0.00e+00
 2.73937e+14	8.41e-27	5.22e-20	5.45e-14	4.56e-09	2.36e-05	6.71e-03	9.93e-01	0.00e+00	0.00e+00	0.00e+00	0.00e+00	0.00e+00
 2.83339e+14	1.25e-26	7.26e-20	7.11e-14	5.58e-09	2.70e-05	7.19e-03	9.93e-01	0.00e+00	0.00e+00	0.00e+00	0.00e+00	0.00e+00
 2.93571e+14	1.89e-26	1.03e-19	9.40e-14	6.89e-09	3.11e-05	7.71e-03	9.92e-01	0.00e+00	0.00e+00	0.00e+00	0.00e+00	0.00e+00
 3.04957e+14	2.94e-26	1.49e-19	1.27e-13	8.64e-09	3.62e-05	8.33e-03	9.92e-01	0.00e+00	0.00e+00	0.00e+00	0.00e+00	0.00e+00
 3.15674e+14	4.39e-26	2.09e-19	1.66e-13	1.06e-08	4.15e-05	8.93e-03	9.91e-01	0.00e+00	0.00e+00	0.00e+00	0.00e+00	0.00e+00
 3.27207e+14	6.62e-26	2.95e-19	2.20e-13	1.31e-08	4.78e-05	9.60e-03	9.90e-01	0.00e+00	0.00e+00	0.00e+00	0.00e+00	0.00e+00
 3.40052e+14	1.03e-25	4.28e-19	2.98e-13	1.65e-08	5.57e-05	1.04e-02	9.90e-01	0.00e+00	0.00e+00	0.00e+00	0.00e+00	0.00e+00
 3.52459e+14	1.55e-25	6.03e-19	3.94e-13	2.04e-08	6.42e-05	1.12e-02	9.89e-01	0.00e+00	0.00e+00	0.00e+00	0.00e+00	0.00e+00
 3.65635e+14	2.35e-25	8.58e-19	5.25e-13	2.54e-08	7.42e-05	1.20e-02	9.88e-01	0.00e+00	0.00e+00	0.00e+00	0.00e+00	0.00e+00
 3.80290e+14	3.66e-25	1.25e-18	7.12e-13	3.20e-08	8.67e-05	1.30e-02	9.87e-01	0.00e+00	0.00e+00	0.00e+00	0.00e+00	0.00e+00
 3.94944e+14	5.60e-25	1.79e-18	9.55e-13	4.01e-08	1.01e-04	1.41e-02	9.86e-01	0.00e+00	0.00e+00	0.00e+00	0.00e+00	0.00e+00
 4.10184e+14	8.55e-25	2.56e-18	1.28e-12	5.01e-08	1.17e-04	1.52e-02	9.85e-01	0.00e+00	0.00e+00	0.00e+00	0.00e+00	0.00e+00
 4.26621e+14	1.32e-24	3.71e-18	1.73e-12	6.32e-08	1.37e-04	1.65e-02	9.83e-01	0.00e+00	0.00e+00	0.00e+00	0.00e+00	0.00e+00
 4.43716e+14	2.04e-24	5.36e-18	2.34e-12	7.98e-08	1.59e-04	1.79e-02	9.82e-01	0.00e+00	0.00e+00	0.00e+00	0.00e+00	0.00e+00
 4.61495e+14	3.14e-24	7.74e-18	3.17e-12	1.01e-07	1.86e-04	1.94e-02	9.80e-01	0.00e+00	0.00e+00	0.00e+00	0.00e+00	0.00e+00
 4.79984e+14	4.79e-24	1.11e-17	4.28e-12	1.27e-07	2.17e-04	2.11e-02	9.79e-01	0.00e+00	0.00e+00	0.00e+00	0.00e+00	0.00e+00
 4.97759e+14	7.13e-24	1.56e-17	5.65e-12	1.57e-07	2.51e-04	2.28e-02	9.77e-01	0.00e+00	0.00e+00	0.00e+00	0.00e+00	0.00e+00
 5.12821e+14	9.79e-24	2.05e-17	7.09e-12	1.87e-07	2.82e-04	2.42e-02	9.75e-01	0.00e+00	0.00e+00	0.00e+00	0.00e+00	0.00e+00
 5.28261e+14	1.34e-23	2.70e-17	8.88e-12	2.23e-07	3.16e-04	2.58e-02	9.74e-01	0.00e+00	0.00e+00	0.00e+00	0.00e+00	0.00e+00
 5.47743e+14	1.97e-23	3.76e-17	1.17e-11	2.76e-07	3.65e-04	2.78e-02	9.72e-01	0.00e+00	0.00e+00	0.00e+00	0.00e+00	0.00e+00
 5.67640e+14	2.87e-23	5.20e-17	1.53e-11	3.41e-07	4.19e-04	3.00e-02	9.70e-01	0.00e+00	0.00e+00	0.00e+00	0.00e+00	0.00e+00
 5.84836e+14	3.94e-23	6.83e-17	1.92e-11	4.06e-07	4.71e-04	3.20e-02	9.68e-01	0.00e+00	0.00e+00	0.00e+00	0.00e+00	0.00e+00
 6.03359e+14	5.41e-23	9.03e-17	2.43e-11	4.88e-07	5.32e-04	3.42e-02	9.65e-01	0.00e+00	0.00e+00	0.00e+00	0.00e+00	0.00e+00
 6.26120e+14	7.96e-23	1.26e-16	3.22e-11	6.07e-07	6.15e-04	3.70e-02	9.62e-01	0.00e+00	0.00e+00	0.00e+00	0.00e+00	0.00e+00
 6.49009e+14	1.15e-22	1.75e-16	4.22e-11	7.49e-07	7.07e-04	3.99e-02	9.59e-01	0.00e+00	0.00e+00	0.00e+00	0.00e+00	0.00e+00
 6.69101e+14	1.58e-22	2.30e-16	5.31e-11	8.96e-07	7.96e-04	4.26e-02	9.57e-01	0.00e+00	0.00e+00	0.00e+00	0.00e+00	0.00e+00
 6.90936e+14	2.20e-22	3.07e-16	6.77e-11	1.08e-06	9.02e-04	4.56e-02	9.53e-01	0.00e+00	0.00e+00	0.00e+00	0.00e+00	0.00e+00
 7.17358e+14	3.21e-22	4.30e-16	8.98e-11	1.35e-06	1.04e-03	4.94e-02	9.50e-01	0.00e+00	0.00e+00	0.00e+00	0.00e+00	0.00e+00
 7.43623e+14	4.63e-22	5.93e-16	1.18e-10	1.67e-06	1.20e-03	5.33e-02	9.45e-01	0.00e+00	0.00e+00	0.00e+00	0.00e+00	0.00e+00
 7.66928e+14	6.35e-22	7.84e-16	1.49e-10	1.99e-06	1.35e-03	5.69e-02	9.42e-01	0.00e+00	0.00e+00	0.00e+00	0.00e+00	0.00e+00
 7.92501e+14	8.82e-22	1.05e-15	1.90e-10	2.42e-06	1.53e-03	6.10e-02	9.37e-01	0.00e+00	0.00e+00	0.00e+00	0.00e+00	0.00e+00
 8.23110e+14	1.29e-21	1.47e-15	2.53e-10	3.02e-06	1.77e-03	6.61e-02	9.32e-01	0.00e+00	0.00e+00	0.00e+00	0.00e+00	0.00e+00
 8.53447e+14	1.86e-21	2.04e-15	3.33e-10	3.73e-06	2.03e-03	7.13e-02	9.27e-01	0.00e+00	0.00e+00	0.00e+00	0.00e+00	0.00e+00
 8.80858e+14	2.56e-21	2.71e-15	4.22e-10	4.48e-06	2.29e-03	7.62e-02	9.22e-01	0.00e+00	0.00e+00	0.00e+00	0.00e+00	0.00e+00
 9.11282e+14	3.61e-21	3.68e-15	5.46e-10	5.46e-06	2.60e-03	8.17e-02	9.16e-01	0.00e+00	0.00e+00	0.00e+00	0.00e+00	0.00e+00
 9.47062e+14	5.33e-21	5.20e-15	7.31e-10	6.83e-06	3.01e-03	8.85e-02	9.09e-01	0.00e+00	0.00e+00	0.00e+00	0.00e+00	0.00e+00
 9.82270e+14	7.71e-21	7.24e-15	9.63e-10	8.45e-06	3.46e-03	9.53e-02	9.01e-01	0.00e+00	0.00e+00	0.00e+00	0.00e+00	0.00e+00
 1.01488e+15	1.07e-20	9.72e-15	1.23e-09	1.02e-05	3.91e-03	1.02e-01	8.94e-01	0.00e+00	0.00e+00	0.00e+00	0.00e+00	0.00e+00
 1.05150e+15	1.54e-20	1.34e-14	1.61e-09	1.25e-05	4.46e-03	1.09e-01	8.86e-01	0.00e+00	0.00e+00	0.00e+00	0.00e+00	0.00e+00
 1.09359e+15	2.29e-20	1.92e-14	2.17e-09	1.57e-05	5.16e-03	1.18e-01	8.76e-01	0.00e+00	0.00e+00	0.00e+00	0.00e+00	0.00e+00
 1.13489e+15	3.35e-20	2.69e-14	2.88e-09	1.95e-05	5.92e-03	1.27e-01	8.67e-01	0.00e+00	0.00e+00	0.00e+00	0.00e+00	0.00e+00
 1.17785e+15	4.89e-20	3.79e-14	3.82e-09	2.41e-05	6.78e-03	1.37e-01	8.56e-01	0.00e+00	0.00e+00	0.00e+00	0.00e+00	0.00e+00
 1.22500e+15	7.32e-20	5.43e-14	5.15e-09	3.02e-05	7.83e-03	1.48e-01	8.45e-01	0.00e+00	0.00e+00	0.00e+00	0.00e+00	0.00e+00
 1.27264e+15	1.08e-19	7.71e-14	6.88e-09	3.75e-05	8.99e-03	1.59e-01	8.32e-01	0.00e+00	0.00e+00	0.00e+00	0.00e+00	0.00e+00
 1.32218e+15	1.61e-19	1.10e-13	9.19e-09	4.66e-05	1.03e-02	1.70e-01	8.19e-01	0.00e+00	0.00e+00	0.00e+00	0.00e+00	0.00e+00
 1.37510e+15	2.42e-19	1.58e-13	1.24e-08	5.82e-05	1.19e-02	1.83e-01	8.05e-01	0.00e+00	0.00e+00	0.00e+00	0.00e+00	0.00e+00
 1.42867e+15	3.60e-19	2.25e-13	1.65e-08	7.22e-05	1.36e-02	1.96e-01	7.90e-01	0.00e+00	0.00e+00	0.00e+00	0.00e+00	0.00e+00
 1.47466e+15	5.00e-19	3.01e-13	2.10e-08	8.62e-05	1.52e-02	2.07e-01	7.78e-01	0.00e+00	0.00e+00	0.00e+00	0.00e+00	0.00e+00
 1.51184e+15	6.49e-19	3.80e-13	2.53e-08	9.91e-05	1.66e-02	2.16e-01	7.67e-01	0.00e+00	0.00e+00	0.00e+00	0.00e+00	0.00e+00
 1.55273e+15	8.59e-19	4.86e-13	3.10e-08	1.15e-04	1.82e-02	2.26e-01	7.56e-01	0.00e+00	0.00e+00	0.00e+00	0.00e+00	0.00e+00
 1.60589e+15	1.22e-18	6.65e-13	4.00e-08	1.39e-04	2.04e-02	2.39e-01	7.40e-01	0.00e+00	0.00e+00	0.00e+00	0.00e+00	0.00e+00
 1.66290e+15	1.77e-18	9.20e-13	5.19e-08	1.68e-04	2.30e-02	2.53e-01	7.24e-01	0.00e+00	0.00e+00	0.00e+00	0.00e+00	0.00e+00
 1.71366e+15	2.43e-18	1.22e-12	6.50e-08	1.98e-04	2.55e-02	2.65e-01	7.09e-01	0.00e+00	0.00e+00	0.00e+00	0.00e+00	0.00e+00
 1.76837e+15	3.39e-18	1.63e-12	8.22e-08	2.35e-04	2.83e-02	2.78e-01	6.93e-01	0.00e+00	0.00e+00	0.00e+00	0.00e+00	0.00e+00
 1.83529e+15	5.00e-18	2.30e-12	1.08e-07	2.87e-04	3.20e-02	2.94e-01	6.74e-01	0.00e+00	0.00e+00	0.00e+00	0.00e+00	0.00e+00
 1.90274e+15	7.37e-18	3.21e-12	1.41e-07	3.48e-04	3.60e-02	3.10e-01	6.54e-01	0.00e+00	0.00e+00	0.00e+00	0.00e+00	0.00e+00
 1.96273e+15	1.02e-17	4.27e-12	1.78e-07	4.11e-04	3.98e-02	3.23e-01	6.37e-01	0.00e+00	0.00e+00	0.00e+00	0.00e+00	0.00e+00
 2.02838e+15	1.46e-17	5.79e-12	2.26e-07	4.89e-04	4.41e-02	3.37e-01	6.18e-01	0.00e+00	0.00e+00	0.00e+00	0.00e+00	0.00e+00
 2.10681e+15	2.18e-17	8.20e-12	2.98e-07	5.96e-04	4.97e-02	3.54e-01	5.95e-01	0.00e+00	0.00e+00	0.00e+00	0.00e+00	0.00e+00
 2.18441e+15	3.26e-17	1.14e-11	3.88e-07	7.19e-04	5.55e-02	3.70e-01	5.74e-01	0.00e+00	0.00e+00	1.87e-17	9.91e-18	3.55e-18
 2.25457e+15	4.55e-17	1.52e-11	4.87e-07	8.45e-04	6.11e-02	3.84e-01	5.54e-01	0.00e+00	0.00e+00	2.59e-17	1.39e-17	4.91e-18
 2.33251e+15	6.52e-17	2.07e-11	6.21e-07	1.00e-03	6.76e-02	3.98e-01	5.33e-01	0.00e+00	0.00e+00	3.73e-17	1.99e-17	7.00e-18
 2.42411e+15	9.82e-17	2.94e-11	8.17e-07	1.22e-03	7.56e-02	4.15e-01	5.08e-01	0.00e+00	0.00e+00	5.62e-17	2.99e-17	1.05e-17
 2.51439e+15	1.45e-16	4.09e-11	1.06e-06	1.46e-03	8.40e-02	4.29e-01	4.85e-01	0.00e+00	0.00e+00	8.31e-17	4.41e-17	1.54e-17
 2.59839e+15	2.06e-16	5.48e-11	1.33e-06	1.71e-03	9.21e-02	4.42e-01	4.64e-01	0.00e+00	0.00e+00	1.18e-16	6.25e-17	2.17e-17
 2.69247e+15	2.99e-16	7.51e-11	1.70e-06	2.03e-03	1.01e-01	4.55e-01	4.41e-01	0.00e+00	0.00e+00	1.72e-16	9.09e-17	3.15e-17
 2.80020e+15	4.55e-16	1.07e-10	2.23e-06	2.46e-03	1.13e-01	4.69e-01	4.16e-01	0.00e+00	0.00e+00	2.61e-16	1.38e-16	4.77e-17
 2.90596e+15	6.71e-16	1.47e-10	2.86e-06	2.92e-03	1.24e-01	4.81e-01	3.92e-01	0.00e+00	0.00e+00	3.86e-16	2.04e-16	7.01e-17
 3.01595e+15	9.94e-16	2.04e-10	3.68e-06	3.47e-03	1.36e-01	4.91e-01	3.69e-01	0.00e+00	0.00e+00	5.72e-16	3.01e-16	1.03e-16
 3.13661e+15	1.50e-15	2.86e-10	4.78e-06	4.15e-03	1.50e-01	5.01e-01	3.44e-01	0.00e+00	0.00e+00	8.65e-16	4.55e-16	1.56e-16
 3.25932e+15	2.25e-15	3.98e-10	6.16e-06	4.93e-03	1.65e-01	5.09e-01	3.21e-01	0.00e+00	0.00e+00	1.30e-15	6.82e-16	2.32e-16
 3.38693e+15	3.36e-15	5.52e-10	7.92e-06	5.84e-03	1.80e-01	5.16e-01	2.98e-01	0.00e+00	0.00e+00	1.94e-15	1.02e-15	3.46e-16
 3.52244e+15	5.05e-15	7.69e-10	1.02e-05	6.92e-03	1.97e-01	5.21e-01	2.75e-01	0.00e+00	0.00e+00	2.91e-15	1.53e-15	5.19e-16
 3.63991e+15	7.08e-15	1.01e-09	1.26e-05	7.96e-03	2.11e-01	5.24e-01	2.57e-01	0.00e+00	0.00e+00	4.09e-15	2.15e-15	7.26e-16
 3.73052e+15	9.11e-15	1.24e-09	1.47e-05	8.82e-03	2.22e-01	5.25e-01	2.44e-01	0.00e+00	0.00e+00	5.26e-15	2.76e-15	9.33e-16
 3.82764e+15	1.19e-14	1.53e-09	1.73e-05	9.82e-03	2.34e-01	5.26e-01	2.30e-01	0.00e+00	0.00e+00	6.86e-15	3.60e-15	1.21e-15
 3.95388e+15	1.66e-14	2.00e-09	2.11e-05	1.12e-02	2.50e-01	5.26e-01	2.13e-01	0.00e+00	0.00e+00	9.57e-15	5.02e-15	1.69e-15
 4.09151e+15	2.35e-14	2.64e-09	2.61e-05	1.29e-02	2.67e-01	5.24e-01	1.96e-01	0.00e+00	0.00e+00	1.36e-14	7.12e-15	2.39e-15
 4.21657e+15	3.19e-14	3.36e-09	3.14e-05	1.45e-02	2.83e-01	5.21e-01	1.82e-01	0.00e+00	0.00e+00	1.84e-14	9.66e-15	3.24e-15
 4.35176e+15	4.39e-14	4.32e-09	3.80e-05	1.64e-02	2.99e-01	5.17e-01	1.68e-01	0.00e+00	0.00e+00	2.54e-14	1.33e-14	4.45e-15
 4.51675e+15	6.38e-14	5.81e-09	4.75e-05	1.89e-02	3.19e-01	5.10e-01	1.52e-01	0.00e+00	0.00e+00	3.69e-14	1.94e-14	6.46e-15
 4.68057e+15	9.10e-14	7.67e-09	5.86e-05	2.16e-02	3.38e-01	5.02e-01	1.38e-01	0.00e+00	0.00e+00	5.26e-14	2.76e-14	9.19e-15
 4.82354e+15	1.23e-13	9.69e-09	6.99e-05	2.41e-02	3.55e-01	4.95e-01	1.26e-01	0.00e+00	0.00e+00	7.10e-14	3.72e-14	1.24e-14
 4.97931e+15	1.69e-13	1.24e-08	8.42e-05	2.71e-02	3.72e-01	4.86e-01	1.15e-01	0.00e+00	0.00e+00	9.79e-14	5.13e-14	1.70e-14
 5.16872e+15	2.46e-13	1.66e-08	1.05e-04	3.10e-02	3.93e-01	4.74e-01	1.02e-01	0.00e+00	0.00e+00	1.42e-13	7.46e-14	2.47e-14
 5.35728e+15	3.50e-13	2.18e-08	1.28e-04	3.51e-02	4.13e-01	4.61e-01	9.14e-02	0.00e+00	0.00e+00	2.03e-13	1.06e-13	3.51e-14
 5.52516e+15	4.75e-13	2.76e-08	1.52e-04	3.90e-02	4.30e-01	4.49e-01	8.26e-02	0.00e+00	0.00e+00	2.75e-13	1.44e-13	4.76e-14
 5.71071e+15	6.59e-13	3.55e-08	1.83e-04	4.37e-02	4.47e-01	4.35e-01	7.38e-02	0.00e+00	0.00e+00	3.82e-13	2.00e-13	6.60e-14
 5.93191e+15	9.60e-13	4.73e-08	2.27e-04	4.96e-02	4.67e-01	4.18e-01	6.46e-02	0.00e+00	0.00e+00	5.56e-13	2.91e-13	9.61e-14
 6.14893e+15	1.36e-12	6.17e-08	2.76e-04	5.57e-02	4.86e-01	4.02e-01	5.67e-02	0.00e+00	0.00e+00	7.89e-13	4.13e-13	1.36e-13
 6.34623e+15	1.85e-12	7.79e-08	3.28e-04	6.16e-02	5.01e-01	3.86e-01	5.04e-02	0.00e+00	0.00e+00	1.07e-12	5.62e-13	1.85e-13
 6.56845e+15	2.59e-12	1.01e-07	3.95e-04	6.86e-02	5.18e-01	3.69e-01	4.41e-02	0.00e+00	0.00e+00	1.50e-12	7.88e-13	2.59e-13
 6.81952e+15	3.73e-12	1.33e-07	4.84e-04	7.70e-02	5.35e-01	3.50e-01	3.80e-02	0.00e+00	0.00e+00	2.16e-12	1.13e-12	3.72e-13
 7.04900e+15	5.12e-12	1.68e-07	5.77e-04	8.51e-02	5.48e-01	3.33e-01	3.32e-02	0.00e+00	0.00e+00	2.97e-12	1.55e-12	5.10e-13
 7.25310e+15	6.73e-12	2.07e-07	6.71e-04	9.26e-02	5.60e-01	3.18e-01	2.94e-02	0.00e+00	0.00e+00	3.90e-12	2.04e-12	6.70e-13
 7.48328e+15	9.12e-12	2.60e-07	7.92e-04	1.01e-01	5.71e-01	3.01e-01	2.56e-02	0.00e+00	0.00e+00	5.29e-12	2.77e-12	9.07e-13
 7.76566e+15	1.30e-11	3.40e-07	9.64e-04	1.13e-01	5.83e-01	2.82e-01	2.17e-02	0.00e+00	0.00e+00	7.57e-12	3.96e-12	1.30e-12
 8.02281e+15	1.76e-11	4.27e-07	1.14e-03	1.24e-01	5.92e-01	2.65e-01	1.87e-02	0.00e+00	0.00e+00	1.02e-11	5.36e-12	1.75e-12
 8.21722e+15	2.21e-11	5.06e-07	1.29e-03	1.32e-01	5.98e-01	2.52e-01	1.67e-02	0.00e+00	0.00e+00	1.28e-11	6.71e-12	2.20e-12
 8.42320e+15	2.80e-11	6.05e-07	1.47e-03	1.41e-01	6.03e-01	2.39e-01	1.48e-02	0.00e+00	0.00e+00	1.63e-11	8.53e-12	2.79e-12
 8.69097e+15	3.79e-11	7.57e-07	1.73e-03	1.54e-01	6.09e-01	2.23e-01	1.26e-02	0.00e+00	0.00e+00	2.20e-11	1.15e-11	3.76e-12
 8.97390e+15	5.11e-11	9.48e-07	2.05e-03	1.68e-01	6.12e-01	2.07e-01	1.07e-02	0.00e+00	0.00e+00	2.97e-11	1.55e-11	5.08e-12
 9.22198e+15	6.58e-11	1.15e-06	2.36e-03	1.80e-01	6.15e-01	1.94e-01	9.28e-03	0.00e+00	0.00e+00	3.82e-11	2.00e-11	6.53e-12
 9.48993e+15	8.68e-11	1.41e-06	2.74e-03	1.94e-01	6.15e-01	1.80e-01	7.93e-03	0.00e+00	0.00e+00	5.04e-11	2.64e-11	8.62e-12
 9.79099e+15	1.16e-10	1.76e-06	3.22e-03	2.10e-01	6.15e-01	1.66e-01	6.66e-03	0.00e+00	0.00e+00	6.75e-11	3.54e-11	1.15e-11
 1.00695e+16	1.50e-10	2.13e-06	3.73e-03	2.25e-01	6.13e-01	1.53e-01	5.67e-03	0.00e+00	0.00e+00	8.74e-11	4.58e-11	1.50e-11
 1.03228e+16	1.90e-10	2.54e-06	4.25e-03	2.39e-01	6.09e-01	1.43e-01	4.89e-03	0.00e+00	0.00e+00	1.10e-10	5.78e-11	1.89e-11
 1.06089e+16	2.48e-10	3.11e-06	4.92e-03	2.55e-01	6.05e-01	1.31e-01	4.14e-03	0.00e+00	0.00e+00	1.44e-10	7.55e-11	2.47e-11
 1.09251e+16	3.28e-10	3.83e-06	5.75e-03	2.74e-01	5.98e-01	1.19e-01	3.44e-03	0.00e+00	0.00e+00	1.90e-10	9.98e-11	3.26e-11
 1.12162e+16	4.18e-10	4.61e-06	6.62e-03	2.91e-01	5.90e-01	1.09e-01	2.90e-03	0.00e+00	0.00e+00	2.43e-10	1.27e-10	4.16e-11
 1.14889e+16	5.27e-10	5.49e-06	7.54e-03	3.08e-01	5.82e-01	1.00e-01	2.47e-03	0.00e+00	0.00e+00	3.06e-10	1.61e-10	5.24e-11
 1.17588e+16	6.59e-10	6.51e-06	8.57e-03	3.25e-01	5.72e-01	9.21e-02	2.11e-03	0.00e+00	0.00e+00	3.83e-10	2.01e-10	6.56e-11
 1.20667e+16	8.61e-10	7.95e-06	9.93e-03	3.45e-01	5.60e-01	8.32e-02	1.75e-03	0.00e+00	0.00e+00	5.00e-10	2.62e-10	8.57e-11
 1.23901e+16	1.11e-09	9.68e-06	1.15e-02	3.65e-01	5.47e-01	7.48e-02	1.44e-03	0.00e+00	0.00e+00	6.46e-10	3.39e-10	1.11e-10
 1.26654e+16	1.38e-09	1.14e-05	1.31e-02	3.83e-01	5.34e-01	6.82e-02	1.22e-03	0.00e+00	0.00e+00	8.02e-10	4.21e-10	1.37e-10
 1.29547e+16	1.75e-09	1.37e-05	1.50e-02	4.03e-01	5.20e-01	6.16e-02	1.02e-03	0.00e+00	0.00e+00	1.02e-09	5.35e-10	1.75e-10
 1.32693e+16	2.26e-09	1.66e-05	1.74e-02	4.24e-01	5.03e-01	5.51e-02	8.41e-04	0.00e+00	0.00e+00	1.31e-09	6.90e-10	2.25e-10
 1.35494e+16	2.81e-09	1.97e-05	1.97e-02	4.42e-01	4.87e-01	4.97e-02	7.07e-04	0.00e+00	0.00e+00	1.64e-09	8.59e-10	2.81e-10
 1.38044e+16	3.44e-09	2.30e-05	2.23e-02	4.59e-01	4.72e-01	4.52e-02	6.01e-04	0.00e+00	0.00e+00	2.00e-09	1.05e-09	3.43e-10
 1.40939e+16	4.44e-09	2.79e-05	2.56e-02	4.79e-01	4.54e-01	4.02e-02	4.95e-04	0.00e+00	0.00e+00	2.58e-09	1.36e-09	4.43e-10
 1.44012e+16	5.65e-09	3.36e-05	2.97e-02	5.00e-01	4.34e-01	3.56e-02	4.05e-04	0.00e+00	0.00e+00	3.29e-09	1.73e-09	5.64e-10
 1.46666e+16	7.05e-09	3.99e-05	3.39e-02	5.18e-01	4.16e-01	3.19e-02	3.38e-04	0.00e+00	0.00e+00	4.10e-09	2.15e-09	7.04e-10
 1.49058e+16	8.75e-09	4.71e-05	3.83e-02	5.33e-01	3.99e-01	2.87e-02	2.86e-04	0.00e+00	0.00e+00	5.09e-09	2.67e-09	8.74e-10
 1.51323e+16	1.06e-08	5.47e-05	4.30e-02	5.48e-01	3.83e-01	2.59e-02	2.44e-04	0.00e+00	0.00e+00	6.16e-09	3.23e-09	1.06e-09
 1.53832e+16	1.36e-08	6.62e-05	4.94e-02	5.64e-01	3.63e-01	2.29e-02	2.01e-04	0.00e+00	0.00e+00	7.93e-09	4.17e-09	1.36e-09
 1.56527e+16	1.75e-08	8.04e-05	5.73e-02	5.80e-01	3.42e-01	2.00e-02	1.64e-04	0.00e+00	0.00e+00	1.02e-08	5.36e-09	1.75e-09
 1.58874e+16	2.17e-08	9.54e-05	6.55e-02	5.93e-01	3.23e-01	1.77e-02	1.36e-04	0.00e+00	0.00e+00	1.26e-08	6.65e-09	2.18e-09
 1.60950e+16	2.70e-08	1.13e-04	7.43e-02	6.04e-01	3.05e-01	1.58e-02	1.14e-04	0.00e+00	0.00e+00	1.57e-08	8.25e-09	2.70e-09
 1.62945e+16	3.35e-08	1.33e-04	8.43e-02	6.14e-01	2.87e-01	1.40e-02	9.58e-05	0.00e+00	0.00e+00	1.95e-08	1.02e-08	3.35e-09
 1.65216e+16	4.18e-08	1.59e-04	9.80e-02	6.23e-01	2.66e-01	1.21e-02	7.75e-05	0.00e+00	0.00e+00	2.43e-08	1.28e-08	4.19e-09
 1.67566e+16	5.86e-08	2.05e-04	1.16e-01	6.30e-01	2.44e-01	1.03e-02	6.10e-05	0.00e+00	0.00e+00	3.41e-08	1.79e-08	5.88e-09
 1.69401e+16	7.34e-08	2.45e-04	1.33e-01	6.33e-01	2.25e-01	8.94e-03	5.04e-05	0.00e+00	0.00e+00	4.27e-08	2.24e-08	7.36e-09
 1.70882e+16	8.88e-08	2.85e-04	1.49e-01	6.33e-01	2.10e-01	7.91e-03	4.25e-05	0.00e+00	0.00e+00	5.17e-08	2.72e-08	8.91e-09
 1.72520e+16	1.08e-07	3.34e-04	1.71e-01	6.31e-01	1.91e-01	6.80e-03	3.46e-05	0.00e+00	0.00e+00	6.30e-08	3.31e-08	1.09e-08
 1.74290e+16	1.41e-07	4.10e-04	1.99e-01	6.24e-01	1.71e-01	5.68e-03	2.72e-05	0.00e+00	0.00e+00	8.18e-08	4.30e-08	1.41e-08
 1.75792e+16	1.80e-07	4.97e-04	2.29e-01	6.13e-01	1.53e-01	4.78e-03	2.17e-05	0.00e+00	0.00e+00	1.05e-07	5.52e-08	1.81e-08
 1.77008e+16	2.35e-07	6.02e-04	2.59e-01	5.99e-01	1.38e-01	4.07e-03	1.75e-05	0.00e+00	0.00e+00	1.37e-07	7.19e-08	2.36e-08
 1.78063e+16	2.72e-07	6.80e-04	2.88e-01	5.84e-01	1.24e-01	3.50e-03	1.45e-05	0.00e+00	0.00e+00	1.58e-07	8.32e-08	2.74e-08
 1.79042e+16	3.43e-07	8.05e-04	3.19e-01	5.66e-01	1.11e-01	2.98e-03	1.17e-05	0.00e+00	0.00e+00	2.00e-07	1.05e-07	3.46e-08
 1.79856e+16	3.87e-07	8.88e-04	3.48e-01	5.48e-01	1.00e-01	2.58e-03	9.83e-06	0.00e+00	0.00e+00	2.25e-07	1.18e-07	3.90e-08
 1.80617e+16	4.70e-07	1.02e-03	3.79e-01	5.28e-01	8.98e-02	2.21e-03	8.06e-06	0.00e+00	0.00e+00	2.73e-07	1.44e-07	4.74e-08
 1.81398e+16	5.35e-07	1.13e-03	4.13e-01	5.05e-01	7.94e-02	1.87e-03	6.56e-06	0.00e+00	0.00e+00	3.11e-07	1.64e-07	5.41e-08
 1.82203e+16	6.41e-07	1.29e-03	4.53e-01	4.76e-01	6.84e-02	1.52e-03	5.11e-06	0.00e+00	0.00e+00	3.73e-07	1.97e-07	6.48e-08
 1.83026e+16	7.94e-07	1.50e-03	4.96e-01	4.43e-01	5.78e-02	1.21e-03	3.87e-06	0.00e+00	0.00e+00	4.62e-07	2.43e-07	8.03e-08
 1.83651e+16	9.12e-07	1.66e-03	5.31e-01	4.16e-01	5.01e-02	1.00e-03	3.08e-06	0.00e+00	0.00e+00	5.30e-07	2.80e-07	9.24e-08
 1.84245e+16	1.05e-06	1.84e-03	5.67e-01	3.87e-01	4.27e-02	8.15e-04	2.39e-06	0.00e+00	0.00e+00	6.11e-07	3.22e-07	1.07e-07
 1.85016e+16	1.26e-06	2.08e-03	6.15e-01	3.49e-01	3.41e-02	6.07e-04	1.68e-06	0.00e+00	0.00e+00	7.33e-07	3.87e-07	1.28e-07
 1.85785e+16	1.49e-06	2.34e-03	6.61e-01	3.09e-01	2.66e-02	4.42e-04	1.15e-06	0.00e+00	0.00e+00	8.68e-07	4.59e-07	1.52e-07
 1.86382e+16	1.71e-06	2.56e-03	6.98e-01	2.78e-01	2.15e-02	3.34e-04	8.27e-07	0.00e+00	0.00e+00	9.92e-07	5.24e-07	1.74e-07
 1.86990e+16	1.96e-06	2.79e-03	7.34e-01	2.46e-01	1.68e-02	2.44e-04	0.00e+00	0.00e+00	0.00e+00	1.14e-06	6.02e-07	2.00e-07
 1.87781e+16	2.31e-06	3.10e-03	7.78e-01	2.07e-01	1.19e-02	1.58e-04	0.00e+00	0.00e+00	0.00e+00	1.34e-06	7.11e-07	2.36e-07
 1.88588e+16	2.70e-06	3.41e-03	8.17e-01	1.71e-01	8.26e-03	9.85e-05	0.00e+00	0.00e+00	0.00e+00	1.57e-06	8.32e-07	2.77e-07
 1.89264e+16	3.06e-06	3.66e-03	8.46e-01	1.44e-01	5.94e-03	6.46e-05	0.00e+00	0.00e+00	0.00e+00	1.78e-06	9.41e-07	3.14e-07
 1.89990e+16	3.47e-06	3.93e-03	8.73e-01	1.19e-01	4.08e-03	3.98e-05	0.00e+00	0.00e+00	0.00e+00	2.02e-06	1.07e-06	3.57e-07
 1.90933e+16	4.03e-06	4.26e-03	9.01e-01	9.27e-02	2.49e-03	2.10e-05	0.00e+00	0.00e+00	0.00e+00	2.34e-06	1.24e-06	4.15e-07
 1.92160e+16	4.78e-06	4.66e-03	9.27e-01	6.72e-02	1.31e-03	9.04e-06	0.00e+00	0.00e+00	0.00e+00	2.78e-06	1.47e-06	4.94e-07
 1.93514e+16	5.63e-06	5.04e-03	9.46e-01	4.81e-02	6.65e-04	3.69e-06	0.00e+00	0.00e+00	0.00e+00	3.27e-06	1.74e-06	5.82e-07
 1.95034e+16	6.63e-06	5.44e-03	9.60e-01	3.40e-02	3.21e-04	1.38e-06	0.00e+00	0.00e+00	0.00e+00	3.86e-06	2.05e-06	6.87e-07
 1.97010e+16	8.05e-06	5.93e-03	9.71e-01	2.30e-02	1.37e-04	4.19e-07	0.00e+00	0.00e+00	0.00e+00	4.68e-06	2.48e-06	8.35e-07
 1.99578e+16	1.02e-05	6.56e-03	9.78e-01	1.52e-02	5.21e-05	0.00e+00	0.00e+00	0.00e+00	0.00e+00	5.91e-06	3.14e-06	1.06e-06
 2.02918e+16	1.37e-05	7.46e-03	9.82e-01	1.01e-02	1.84e-05	0.00e+00	0.00e+00	0.00e+00	0.00e+00	7.96e-06	4.23e-06	1.42e-06
 2.06304e+16	1.88e-05	8.56e-03	9.84e-01	7.42e-03	7.81e-06	0.00e+00	0.00e+00	0.00e+00	0.00e+00	1.10e-05	5.81e-06	1.95e-06
 2.08927e+16	2.45e-05	9.61e-03	9.84e-01	6.12e-03	4.40e-06	0.00e+00	0.00e+00	0.00e+00	0.00e+00	1.42e-05	7.54e-06	2.53e-06
 2.11109e+16	3.07e-05	1.06e-02	9.84e-01	5.29e-03	2.81e-06	0.00e+00	0.00e+00	0.00e+00	0.00e+00	1.78e-05	9.46e-06	3.18e-06
 2.13543e+16	3.96e-05	1.20e-02	9.83e-01	4.55e-03	1.75e-06	0.00e+00	0.00e+00	0.00e+00	0.00e+00	2.30e-05	1.22e-05	4.10e-06
 2.15658e+16	5.05e-05	1.34e-02	9.82e-01	4.03e-03	1.22e-06	0.00e+00	0.00e+00	0.00e+00	0.00e+00	2.94e-05	1.56e-05	5.23e-06
 2.16815e+16	5.81e-05	1.44e-02	9.82e-01	3.77e-03	1.00e-06	0.00e+00	0.00e+00	0.00e+00	0.00e+00	3.38e-05	1.79e-05	6.01e-06
 2.17777e+16	6.52e-05	1.52e-02	9.81e-01	3.55e-03	8.40e-07	0.00e+00	0.00e+00	0.00e+00	0.00e+00	3.79e-05	2.01e-05	6.74e-06
 2.19027e+16	7.60e-05	1.64e-02	9.80e-01	3.28e-03	0.00e+00	0.00e+00	0.00e+00	0.00e+00	0.00e+00	4.42e-05	2.34e-05	7.86e-06
 2.20421e+16	9.08e-05	1.79e-02	9.79e-01	3.01e-03	0.00e+00	0.00e+00	0.00e+00	0.00e+00	0.00e+00	5.28e-05	2.80e-05	9.38e-06
