#depth	O	O+	O+2	O+3	O+4	O+5	O+6	O+7	O+8	O[1]	O[2]	O[3]
 1.49634e+10	0.00e+00	0.00e+00	9.01e-29	9.89e-21	1.55e-13	2.95e-07	1.00e+00	0.00e+00	0.00e+00	0.00e+00	0.00e+00	0.00e+00
 4.54887e+10	0.00e+00	1.54e-37	1.26e-28	1.28e-20	1.85e-13	3.23e-07	1.00e+00	2.44e-08	0.00e+00	0.00e+00	0.00e+00	0.00e+00
 7.72350e+10	0.00e+00	0.00e+00	1.76e-28	1.66e-20	2.22e-13	3.55e-07	1.00e+00	0.00e+00	0.00e+00	0.00e+00	0.00e+00	0.00e+00
 1.10251e+11	0.00e+00	3.50e-37	2.46e-28	2.15e-20	2.66e-13	3.90e-07	1.00e+00	0.00e+00	0.00e+00	0.00e+00	0.00e+00	0.00e+00
 1.43796e+11	0.00e+00	0.00e+00	3.41e-28	2.76e-20	3.17e-13	4.27e-07	1.00e+00	0.00e+00	0.00e+00	0.00e+00	0.00e+00	0.00e+00
 1.78682e+11	0.00e+00	7.78e-37	4.72e-28	3.56e-20	3.79e-13	4.69e-07	1.00e+00	0.00e+00	0.00e+00	0.00e+00	0.00e+00	0.00e+00
 2.15756e+11	0.00e+00	0.00e+00	6.59e-28	4.61e-20	4.55e-13	5.15e-07	1.00e+00	0.00e+00	0.00e+00	0.00e+00	0.00e+00	0.00e+00
 2.54313e+11	0.00e+00	1.75e-36	9.18e-28	5.96e-20	5.46e-13	5.67e-07	1.00e+00	0.00e+00	0.00e+00	0.00e+00	0.00e+00	0.00e+00
 2.89143e+11	8.13e-46	2.49e-36	1.22e-27	7.47e-20	6.40e-13	6.17e-07	1.00e+00	0.00e+00	0.00e+00	0.00e+00	0.00e+00	0.00e+00
 3.18092e+11	0.00e+00	0.00e+00	1.54e-27	8.95e-20	7.28e-13	6.60e-07	1.00e+00	0.00e+00	0.00e+00	0.00e+00	0.00e+00	0.00e+00
 3.49778e+11	0.00e+00	4.45e-36	1.97e-27	1.08e-19	8.34e-13	7.09e-07	1.00e+00	0.00e+00	0.00e+00	0.00e+00	0.00e+00	0.00e+00
 3.90005e+11	2.51e-45	6.41e-36	2.66e-27	1.37e-19	9.87e-13	7.75e-07	1.00e+00	0.00e+00	0.00e+00	0.00e+00	0.00e+00	0.00e+00
 4.31997e+11	0.00e+00	0.00e+00	3.60e-27	1.74e-19	1.17e-12	8.48e-07	1.00e+00	0.00e+00	0.00e+00	0.00e+00	0.00e+00	0.00e+00
 4.69095e+11	0.00e+00	1.26e-35	4.65e-27	2.13e-19	1.35e-12	9.16e-07	1.00e+00	0.00e+00	0.00e+00	0.00e+00	0.00e+00	0.00e+00
 5.03686e+11	7.82e-45	1.66e-35	5.86e-27	2.55e-19	1.54e-12	9.82e-07	1.00e+00	0.00e+00	0.00e+00	0.00e+00	0.00e+00	0.00e+00
 5.43170e+11	0.00e+00	0.00e+00	7.56e-27	3.12e-19	1.78e-12	1.06e-06	1.00e+00	0.00e+00	0.00e+00	0.00e+00	0.00e+00	0.00e+00
 5.91760e+11	0.00e+00	3.25e-35	1.02e-26	3.96e-19	2.11e-12	1.16e-06	1.00e+00	0.00e+00	0.00e+00	0.00e+00	0.00e+00	0.00e+00
 6.40195e+11	2.62e-44	4.60e-35	1.36e-26	4.98e-19	2.49e-12	1.27e-06	1.00e+00	0.00e+00	0.00e+00	0.00e+00	0.00e+00	0.00e+00
 6.82200e+11	0.00e+00	6.14e-35	1.73e-26	6.02e-19	2.86e-12	1.37e-06	1.00e+00	0.00e+00	0.00e+00	0.00e+00	0.00e+00	0.00e+00
 7.27840e+11	5.28e-44	8.31e-35	2.23e-26	7.35e-19	3.30e-12	1.48e-06	1.00e+00	0.00e+00	0.00e+00	0.00e+00	0.00e+00	0.00e+00
 7.83672e+11	0.00e+00	1.19e-34	3.00e-26	9.31e-19	3.92e-12	1.62e-06	1.00e+00	0.00e+00	0.00e+00	0.00e+00	0.00e+00	0.00e+00
 8.40742e+11	1.21e-43	1.68e-34	4.01e-26	1.17e-18	4.63e-12	1.78e-06	1.00e+00	0.00e+00	0.00e+00	0.00e+00	0.00e+00	0.00e+00
 8.93028e+11	0.00e+00	2.28e-34	5.18e-26	1.44e-18	5.36e-12	1.92e-06	1.00e+00	0.00e+00	0.00e+00	0.00e+00	0.00e+00	0.00e+00
 9.51109e+11	2.56e-43	3.16e-34	6.81e-26	1.79e-18	6.28e-12	2.09e-06	1.00e+00	0.00e+00	0.00e+00	0.00e+00	0.00e+00	0.00e+00
 1.01858e+12	0.00e+00	4.55e-34	9.23e-26	2.28e-18	7.48e-12	2.30e-06	1.00e+00	0.00e+00	0.00e+00	0.00e+00	0.00e+00	0.00e+00
 1.08523e+12	5.91e-43	6.42e-34	1.23e-25	2.87e-18	8.83e-12	2.52e-06	1.00e+00	0.00e+00	0.00e+00	0.00e+00	0.00e+00	0.00e+00
 1.14896e+12	0.00e+00	8.80e-34	1.60e-25	3.54e-18	1.03e-11	2.74e-06	1.00e+00	0.00e+00	0.00e+00	0.00e+00	0.00e+00	0.00e+00
 1.21926e+12	1.27e-42	1.23e-33	2.12e-25	4.43e-18	1.21e-11	2.99e-06	1.00e+00	0.00e+00	0.00e+00	0.00e+00	0.00e+00	0.00e+00
 1.29796e+12	0.00e+00	1.76e-33	2.87e-25	5.63e-18	1.44e-11	3.28e-06	1.00e+00	0.00e+00	0.00e+00	0.00e+00	0.00e+00	0.00e+00
 1.37713e+12	2.93e-42	2.50e-33	3.84e-25	7.10e-18	1.70e-11	3.60e-06	1.00e+00	0.00e+00	0.00e+00	0.00e+00	0.00e+00	0.00e+00
 1.44819e+12	0.00e+00	3.37e-33	4.94e-25	8.68e-18	1.96e-11	3.89e-06	1.00e+00	0.00e+00	0.00e+00	0.00e+00	0.00e+00	0.00e+00
 1.50843e+12	5.58e-42	4.32e-33	6.07e-25	1.02e-17	2.20e-11	4.15e-06	1.00e+00	0.00e+00	0.00e+00	0.00e+00	0.00e+00	0.00e+00
 1.57340e+12	0.00e+00	5.59e-33	7.54e-25	1.22e-17	2.49e-11	4.43e-06	1.00e+00	0.00e+00	0.00e+00	0.00e+00	0.00e+00	0.00e+00
 1.65729e+12	1.11e-41	7.73e-33	9.88e-25	1.51e-17	2.90e-11	4.82e-06	1.00e+00	0.00e+00	0.00e+00	0.00e+00	0.00e+00	0.00e+00
 1.74476e+12	0.00e+00	1.07e-32	1.30e-24	1.87e-17	3.38e-11	5.24e-06	1.00e+00	0.00e+00	0.00e+00	0.00e+00	0.00e+00	0.00e+00
 1.81994e+12	2.23e-41	1.40e-32	1.63e-24	2.24e-17	3.84e-11	5.60e-06	1.00e+00	0.00e+00	0.00e+00	0.00e+00	0.00e+00	0.00e+00
 1.90014e+12	0.00e+00	1.85e-32	2.05e-24	2.69e-17	4.38e-11	6.02e-06	1.00e+00	0.00e+00	0.00e+00	0.00e+00	0.00e+00	0.00e+00
 1.99935e+12	4.58e-41	2.58e-32	2.71e-24	3.36e-17	5.12e-11	6.56e-06	1.00e+00	0.00e+00	0.00e+00	0.00e+00	0.00e+00	0.00e+00
 2.10112e+12	0.00e+00	3.59e-32	3.57e-24	4.18e-17	5.97e-11	7.13e-06	1.00e+00	0.00e+00	0.00e+00	0.00e+00	0.00e+00	0.00e+00
 2.19303e+12	9.46e-41	4.79e-32	4.54e-24	5.06e-17	6.82e-11	7.67e-06	1.00e+00	0.00e+00	0.00e+00	0.00e+00	0.00e+00	0.00e+00
 2.29427e+12	0.00e+00	6.54e-32	5.87e-24	6.19e-17	7.86e-11	8.27e-06	1.00e+00	0.00e+00	0.00e+00	0.00e+00	0.00e+00	0.00e+00
 2.40486e+12	1.98e-40	9.00e-32	7.67e-24	7.67e-17	9.14e-11	8.99e-06	1.00e+00	0.00e+00	0.00e+00	0.00e+00	0.00e+00	0.00e+00
 2.50494e+12	0.00e+00	1.20e-31	9.73e-24	9.24e-17	1.04e-10	9.64e-06	1.00e+00	0.00e+00	0.00e+00	0.00e+00	0.00e+00	0.00e+00
 2.61239e+12	3.93e-40	1.61e-31	1.25e-23	1.12e-16	1.19e-10	1.04e-05	1.00e+00	0.00e+00	0.00e+00	0.00e+00	0.00e+00	0.00e+00
 2.73341e+12	0.00e+00	2.22e-31	1.63e-23	1.39e-16	1.38e-10	1.12e-05	1.00e+00	0.00e+00	0.00e+00	0.00e+00	0.00e+00	0.00e+00
 2.84867e+12	8.14e-40	2.99e-31	2.08e-23	1.68e-16	1.58e-10	1.21e-05	1.00e+00	0.00e+00	0.00e+00	0.00e+00	0.00e+00	0.00e+00
 2.97511e+12	0.00e+00	4.10e-31	2.71e-23	2.07e-16	1.83e-10	1.31e-05	1.00e+00	0.00e+00	0.00e+00	0.00e+00	0.00e+00	0.00e+00
 3.11485e+12	1.75e-39	5.74e-31	3.58e-23	2.58e-16	2.13e-10	1.42e-05	1.00e+00	0.00e+00	0.00e+00	0.00e+00	0.00e+00	0.00e+00
 3.24447e+12	0.00e+00	7.77e-31	4.60e-23	3.14e-16	2.44e-10	1.52e-05	1.00e+00	0.00e+00	0.00e+00	0.00e+00	0.00e+00	0.00e+00
 3.38556e+12	3.65e-39	1.07e-30	6.00e-23	3.86e-16	2.81e-10	1.65e-05	1.00e+00	0.00e+00	0.00e+00	0.00e+00	0.00e+00	0.00e+00
 3.54379e+12	0.00e+00	1.51e-30	7.97e-23	4.83e-16	3.28e-10	1.79e-05	1.00e+00	0.00e+00	0.00e+00	0.00e+00	0.00e+00	0.00e+00
 3.69391e+12	7.95e-39	2.07e-30	1.04e-22	5.94e-16	3.78e-10	1.93e-05	1.00e+00	0.00e+00	0.00e+00	0.00e+00	0.00e+00	0.00e+00
 3.85581e+12	0.00e+00	2.88e-30	1.36e-22	7.35e-16	4.38e-10	2.09e-05	1.00e+00	0.00e+00	0.00e+00	0.00e+00	0.00e+00	0.00e+00
 4.03591e+12	1.78e-38	4.10e-30	1.82e-22	9.24e-16	5.12e-10	2.27e-05	1.00e+00	0.00e+00	0.00e+00	0.00e+00	0.00e+00	0.00e+00
 4.20986e+12	0.00e+00	5.71e-30	2.40e-22	1.14e-15	5.93e-10	2.45e-05	1.00e+00	0.00e+00	0.00e+00	0.00e+00	0.00e+00	0.00e+00
 4.39484e+12	3.92e-38	8.02e-30	3.18e-22	1.42e-15	6.88e-10	2.65e-05	1.00e+00	0.00e+00	0.00e+00	0.00e+00	0.00e+00	0.00e+00
 4.60056e+12	0.00e+00	1.15e-29	4.29e-22	1.80e-15	8.08e-10	2.89e-05	1.00e+00	0.00e+00	0.00e+00	0.00e+00	0.00e+00	0.00e+00
 4.80741e+12	9.15e-38	1.64e-29	5.74e-22	2.25e-15	9.43e-10	3.14e-05	1.00e+00	0.00e+00	0.00e+00	0.00e+00	0.00e+00	0.00e+00
 5.02255e+12	0.00e+00	2.35e-29	7.68e-22	2.82e-15	1.10e-09	3.40e-05	1.00e+00	0.00e+00	0.00e+00	0.00e+00	0.00e+00	0.00e+00
 5.25337e+12	2.15e-37	3.39e-29	1.04e-21	3.57e-15	1.29e-09	3.70e-05	1.00e+00	0.00e+00	0.00e+00	0.00e+00	0.00e+00	0.00e+00
 5.49344e+12	0.00e+00	4.90e-29	1.41e-21	4.51e-15	1.51e-09	4.02e-05	1.00e+00	0.00e+00	0.00e+00	0.00e+00	0.00e+00	0.00e+00
 5.72230e+12	4.97e-37	6.88e-29	1.86e-21	5.59e-15	1.75e-09	4.35e-05	1.00e+00	0.00e+00	0.00e+00	0.00e+00	0.00e+00	0.00e+00
 5.93140e+12	0.00e+00	9.28e-29	2.37e-21	6.76e-15	1.99e-09	4.65e-05	1.00e+00	0.00e+00	0.00e+00	0.00e+00	0.00e+00	0.00e+00
 6.12865e+12	9.82e-37	1.22e-28	2.98e-21	8.04e-15	2.24e-09	4.94e-05	1.00e+00	0.00e+00	0.00e+00	0.00e+00	0.00e+00	0.00e+00
 6.34630e+12	0.00e+00	1.65e-28	3.79e-21	9.69e-15	2.54e-09	5.28e-05	1.00e+00	0.00e+00	0.00e+00	0.00e+00	0.00e+00	0.00e+00
 6.59030e+12	2.04e-36	2.27e-28	4.93e-21	1.19e-14	2.91e-09	5.67e-05	1.00e+00	0.00e+00	0.00e+00	0.00e+00	0.00e+00	0.00e+00
 6.82121e+12	0.00e+00	3.05e-28	6.28e-21	1.43e-14	3.30e-09	6.05e-05	1.00e+00	0.00e+00	0.00e+00	0.00e+00	0.00e+00	0.00e+00
 7.07404e+12	4.22e-36	4.18e-28	8.11e-21	1.74e-14	3.77e-09	6.48e-05	1.00e+00	0.00e+00	0.00e+00	0.00e+00	0.00e+00	0.00e+00
 7.35749e+12	0.00e+00	5.88e-28	1.07e-20	2.15e-14	4.35e-09	6.98e-05	1.00e+00	0.00e+00	0.00e+00	0.00e+00	0.00e+00	0.00e+00
 7.62035e+12	9.12e-36	7.99e-28	1.37e-20	2.60e-14	4.94e-09	7.46e-05	1.00e+00	0.00e+00	0.00e+00	0.00e+00	0.00e+00	0.00e+00
 7.86393e+12	0.00e+00	1.06e-27	1.72e-20	3.08e-14	5.55e-09	7.92e-05	1.00e+00	0.00e+00	0.00e+00	0.00e+00	0.00e+00	0.00e+00
 8.14284e+12	1.83e-35	1.44e-27	2.21e-20	3.73e-14	6.31e-09	8.46e-05	1.00e+00	0.00e+00	0.00e+00	0.00e+00	0.00e+00	0.00e+00
 8.48146e+12	0.00e+00	2.06e-27	2.96e-20	4.67e-14	7.33e-09	9.14e-05	1.00e+00	0.00e+00	0.00e+00	0.00e+00	0.00e+00	0.00e+00
 8.81625e+12	4.25e-35	2.91e-27	3.92e-20	5.77e-14	8.46e-09	9.83e-05	1.00e+00	0.00e+00	0.00e+00	0.00e+00	0.00e+00	0.00e+00
 9.10956e+12	6.05e-35	3.92e-27	4.98e-20	6.92e-14	9.55e-09	1.05e-04	1.00e+00	0.00e+00	0.00e+00	0.00e+00	0.00e+00	0.00e+00
 9.43042e+12	8.79e-35	5.35e-27	6.40e-20	8.38e-14	1.09e-08	1.12e-04	1.00e+00	0.00e+00	0.00e+00	0.00e+00	0.00e+00	0.00e+00
 9.81897e+12	1.36e-34	7.71e-27	8.60e-20	1.05e-13	1.26e-08	1.21e-04	1.00e+00	0.00e+00	0.00e+00	0.00e+00	0.00e+00	0.00e+00
 1.02090e+13	2.08e-34	1.10e-26	1.15e-19	1.30e-13	1.46e-08	1.30e-04	1.00e+00	0.00e+00	0.00e+00	0.00e+00	0.00e+00	0.00e+00
 1.05615e+13	3.01e-34	1.50e-26	1.47e-19	1.58e-13	1.66e-08	1.38e-04	1.00e+00	0.00e+00	0.00e+00	0.00e+00	0.00e+00	0.00e+00
 1.09520e+13	4.49e-34	2.10e-26	1.93e-19	1.93e-13	1.90e-08	1.48e-04	1.00e+00	0.00e+00	0.00e+00	0.00e+00	0.00e+00	0.00e+00
 1.14111e+13	7.06e-34	3.06e-26	2.61e-19	2.43e-13	2.22e-08	1.60e-04	1.00e+00	0.00e+00	0.00e+00	0.00e+00	0.00e+00	0.00e+00
 1.18647e+13	1.09e-33	4.40e-26	3.50e-19	3.03e-13	2.57e-08	1.73e-04	1.00e+00	0.00e+00	0.00e+00	0.00e+00	0.00e+00	0.00e+00
 1.22891e+13	1.61e-33	6.10e-26	4.55e-19	3.69e-13	2.93e-08	1.85e-04	1.00e+00	0.00e+00	0.00e+00	0.00e+00	0.00e+00	0.00e+00
 1.27632e+13	2.46e-33	8.69e-26	6.04e-19	4.57e-13	3.38e-08	1.99e-04	1.00e+00	0.00e+00	0.00e+00	0.00e+00	0.00e+00	0.00e+00
 1.33037e+13	3.90e-33	1.28e-25	8.25e-19	5.78e-13	3.95e-08	2.15e-04	1.00e+00	0.00e+00	0.00e+00	0.00e+00	0.00e+00	0.00e+00
 1.38405e+13	6.09e-33	1.86e-25	1.11e-18	7.24e-13	4.60e-08	2.32e-04	1.00e+00	0.00e+00	0.00e+00	0.00e+00	0.00e+00	0.00e+00
 1.43989e+13	9.51e-33	2.69e-25	1.50e-18	9.07e-13	5.34e-08	2.50e-04	1.00e+00	0.00e+00	0.00e+00	0.00e+00	0.00e+00	0.00e+00
 1.50048e+13	1.51e-32	3.97e-25	2.05e-18	1.15e-12	6.25e-08	2.71e-04	1.00e+00	0.00e+00	0.00e+00	0.00e+00	0.00e+00	0.00e+00
 1.56349e+13	2.41e-32	5.85e-25	2.79e-18	1.45e-12	7.31e-08	2.93e-04	1.00e+00	0.00e+00	0.00e+00	0.00e+00	0.00e+00	0.00e+00
 1.62449e+13	3.71e-32	8.39e-25	3.74e-18	1.81e-12	8.46e-08	3.16e-04	1.00e+00	0.00e+00	0.00e+00	0.00e+00	0.00e+00	0.00e+00
 1.68185e+13	5.49e-32	1.17e-24	4.86e-18	2.20e-12	9.67e-08	3.38e-04	1.00e+00	0.00e+00	0.00e+00	0.00e+00	0.00e+00	0.00e+00
 1.74603e+13	8.39e-32	1.66e-24	6.47e-18	2.73e-12	1.12e-07	3.63e-04	1.00e+00	0.00e+00	0.00e+00	0.00e+00	0.00e+00	0.00e+00
 1.81071e+13	1.26e-31	2.34e-24	8.53e-18	3.37e-12	1.28e-07	3.90e-04	1.00e+00	0.00e+00	0.00e+00	0.00e+00	0.00e+00	0.00e+00
 1.86440e+13	1.76e-31	3.09e-24	1.07e-17	3.98e-12	1.44e-07	4.12e-04	1.00e+00	0.00e+00	0.00e+00	0.00e+00	0.00e+00	0.00e+00
 1.92124e+13	2.48e-31	4.11e-24	1.34e-17	4.73e-12	1.61e-07	4.37e-04	1.00e+00	0.00e+00	0.00e+00	0.00e+00	0.00e+00	0.00e+00
 1.99393e+13	3.76e-31	5.83e-24	1.78e-17	5.86e-12	1.86e-07	4.70e-04	1.00e+00	0.00e+00	0.00e+00	0.00e+00	0.00e+00	0.00e+00
 2.07018e+13	5.81e-31	8.40e-24	2.39e-17	7.28e-12	2.15e-07	5.06e-04	9.99e-01	0.00e+00	0.00e+00	0.00e+00	0.00e+00	0.00e+00
 2.13762e+13	8.28e-31	1.13e-23	3.03e-17	8.77e-12	2.44e-07	5.39e-04	9.99e-01	0.00e+00	0.00e+00	0.00e+00	0.00e+00	0.00e+00
 2.21065e+13	1.21e-30	1.55e-23	3.91e-17	1.06e-11	2.77e-07	5.76e-04	9.99e-01	0.00e+00	0.00e+00	0.00e+00	0.00e+00	0.00e+00
 2.29847e+13	1.87e-30	2.24e-23	5.26e-17	1.33e-11	3.23e-07	6.22e-04	9.99e-01	0.00e+00	0.00e+00	0.00e+00	0.00e+00	0.00e+00
 2.38741e+13	2.87e-30	3.20e-23	7.04e-17	1.66e-11	3.74e-07	6.71e-04	9.99e-01	0.00e+00	0.00e+00	0.00e+00	0.00e+00	0.00e+00
 2.47069e+13	4.23e-30	4.43e-23	9.15e-17	2.03e-11	4.27e-07	7.18e-04	9.99e-01	0.00e+00	0.00e+00	0.00e+00	0.00e+00	0.00e+00
 2.56329e+13	6.40e-30	6.27e-23	1.21e-16	2.51e-11	4.93e-07	7.73e-04	9.99e-01	0.00e+00	0.00e+00	0.00e+00	0.00e+00	0.00e+00
 2.66144e+13	9.75e-30	8.93e-23	1.61e-16	3.12e-11	5.71e-07	8.34e-04	9.99e-01	0.00e+00	0.00e+00	0.00e+00	0.00e+00	0.00e+00
 2.74867e+13	1.40e-29	1.21e-22	2.07e-16	3.77e-11	6.47e-07	8.89e-04	9.99e-01	0.00e+00	0.00e+00	0.00e+00	0.00e+00	0.00e+00
 2.84254e+13	2.04e-29	1.66e-22	2.67e-16	4.58e-11	7.38e-07	9.51e-04	9.99e-01	0.00e+00	0.00e+00	0.00e+00	0.00e+00	0.00e+00
 2.95501e+13	3.15e-29	2.40e-22	3.59e-16	5.74e-11	8.59e-07	1.03e-03	9.99e-01	0.00e+00	0.00e+00	0.00e+00	0.00e+00	0.00e+00
 3.06570e+13	4.76e-29	3.39e-22	4.76e-16	7.11e-11	9.92e-07	1.11e-03	9.99e-01	0.00e+00	0.00e+00	0.00e+00	0.00e+00	0.00e+00
 3.16430e+13	6.80e-29	4.57e-22	6.07e-16	8.56e-11	1.12e-06	1.18e-03	9.99e-01	0.00e+00	0.00e+00	0.00e+00	0.00e+00	0.00e+00
 3.27314e+13	9.92e-29	6.29e-22	7.86e-16	1.04e-10	1.28e-06	1.26e-03	9.99e-01	0.00e+00	0.00e+00	0.00e+00	0.00e+00	0.00e+00
 3.40285e+13	1.53e-28	9.06e-22	1.06e-15	1.31e-10	1.49e-06	1.37e-03	9.99e-01	0.00e+00	0.00e+00	0.00e+00	0.00e+00	0.00e+00
 3.53166e+13	2.32e-28	1.29e-21	1.41e-15	1.63e-10	1.73e-06	1.47e-03	9.99e-01	0.00e+00	0.00e+00	0.00e+00	0.00e+00	0.00e+00
 3.64954e+13	3.36e-28	1.76e-21	1.81e-15	1.97e-10	1.96e-06	1.58e-03	9.98e-01	0.00e+00	0.00e+00	0.00e+00	0.00e+00	0.00e+00
 3.78124e+13	4.99e-28	2.45e-21	2.38e-15	2.42e-10	2.26e-06	1.69e-03	9.98e-01	0.00e+00	0.00e+00	0.00e+00	0.00e+00	0.00e+00
 3.93430e+13	7.78e-28	3.57e-21	3.22e-15	3.06e-10	2.64e-06	1.83e-03	9.98e-01	0.00e+00	0.00e+00	0.00e+00	0.00e+00	0.00e+00
 4.08450e+13	1.19e-27	5.09e-21	4.30e-15	3.81e-10	3.06e-06	1.98e-03	9.98e-01	0.00e+00	0.00e+00	0.00e+00	0.00e+00	0.00e+00
 4.22666e+13	1.75e-27	7.04e-21	5.59e-15	4.65e-10	3.50e-06	2.12e-03	9.98e-01	0.00e+00	0.00e+00	0.00e+00	0.00e+00	0.00e+00
 4.38468e+13	2.64e-27	9.96e-21	7.42e-15	5.77e-10	4.04e-06	2.29e-03	9.98e-01	0.00e+00	0.00e+00	0.00e+00	0.00e+00	0.00e+00
 4.56306e+13	4.13e-27	1.45e-20	1.01e-14	7.29e-10	4.72e-06	2.48e-03	9.98e-01	0.00e+00	0.00e+00	0.00e+00	0.00e+00	0.00e+00
 4.73241e+13	6.25e-27	2.06e-20	1.34e-14	9.03e-10	5.45e-06	2.67e-03	9.97e-01	0.00e+00	0.00e+00	0.00e+00	0.00e+00	0.00e+00
 4.88671e+13	8.99e-27	2.79e-20	1.71e-14	1.09e-09	6.19e-06	2.85e-03	9.97e-01	0.00e+00	0.00e+00	0.00e+00	0.00e+00	0.00e+00
 5.06123e+13	1.34e-26	3.90e-20	2.25e-14	1.34e-09	7.10e-06	3.05e-03	9.97e-01	0.00e+00	0.00e+00	0.00e+00	0.00e+00	0.00e+00
 5.26456e+13	2.09e-26	5.68e-20	3.05e-14	1.69e-09	8.29e-06	3.31e-03	9.97e-01	0.00e+00	0.00e+00	0.00e+00	0.00e+00	0.00e+00
 5.45978e+13	3.17e-26	8.06e-20	4.04e-14	2.09e-09	9.57e-06	3.56e-03	9.96e-01	0.00e+00	0.00e+00	0.00e+00	0.00e+00	0.00e+00
 5.62144e+13	4.42e-26	1.07e-19	5.07e-14	2.49e-09	1.07e-05	3.77e-03	9.96e-01	0.00e+00	0.00e+00	0.00e+00	0.00e+00	0.00e+00
 5.78505e+13	6.13e-26	1.40e-19	6.33e-14	2.94e-09	1.20e-05	4.00e-03	9.96e-01	0.00e+00	0.00e+00	0.00e+00	0.00e+00	0.00e+00
 5.99658e+13	9.24e-26	1.98e-19	8.37e-14	3.64e-09	1.38e-05	4.30e-03	9.96e-01	0.00e+00	0.00e+00	0.00e+00	0.00e+00	0.00e+00
 6.21545e+13	1.39e-25	2.80e-19	1.11e-13	4.50e-09	1.59e-05	4.62e-03	9.95e-01	0.00e+00	0.00e+00	0.00e+00	0.00e+00	0.00e+00
 6.40094e+13	1.95e-25	3.72e-19	1.39e-13	5.35e-09	1.79e-05	4.90e-03	9.95e-01	0.00e+00	0.00e+00	0.00e+00	0.00e+00	0.00e+00
 6.59796e+13	2.77e-25	4.98e-19	1.76e-13	6.39e-09	2.02e-05	5.21e-03	9.95e-01	0.00e+00	0.00e+00	0.00e+00	0.00e+00	0.00e+00
 6.84501e+13	4.22e-25	7.10e-19	2.35e-13	7.94e-09	2.33e-05	5.61e-03	9.94e-01	0.00e+00	0.00e+00	0.00e+00	0.00e+00	0.00e+00
 7.09958e+13	6.44e-25	1.01e-18	3.12e-13	9.85e-09	2.69e-05	6.03e-03	9.94e-01	0.00e+00	0.00e+00	0.00e+00	0.00e+00	0.00e+00
 7.32375e+13	9.22e-25	1.37e-18	3.98e-13	1.18e-08	3.04e-05	6.42e-03	9.94e-01	0.00e+00	0.00e+00	0.00e+00	0.00e+00	0.00e+00
 7.56591e+13	1.34e-24	1.87e-18	5.13e-13	1.43e-08	3.46e-05	6.85e-03	9.93e-01	0.00e+00	0.00e+00	0.00e+00	0.00e+00	0.00e+00
 7.85834e+13	2.07e-24	2.70e-18	6.90e-13	1.79e-08	4.02e-05	7.40e-03	9.93e-01	0.00e+00	0.00e+00	0.00e+00	0.00e+00	0.00e+00
 8.14844e+13	3.15e-24	3.83e-18	9.15e-13	2.22e-08	4.64e-05	7.95e-03	9.92e-01	0.00e+00	0.00e+00	0.00e+00	0.00e+00	0.00e+00
 8.40614e+13	4.51e-24	5.18e-18	1.17e-12	2.67e-08	5.24e-05	8.46e-03	9.91e-01	0.00e+00	0.00e+00	0.00e+00	0.00e+00	0.00e+00
 8.68938e+13	6.60e-24	7.12e-18	1.51e-12	3.25e-08	5.98e-05	9.05e-03	9.91e-01	0.00e+00	0.00e+00	0.00e+00	0.00e+00	0.00e+00
 9.02796e+13	1.02e-23	1.03e-17	2.04e-12	4.07e-08	6.95e-05	9.77e-03	9.90e-01	0.00e+00	0.00e+00	0.00e+00	0.00e+00	0.00e+00
 9.36430e+13	1.56e-23	1.47e-17	2.71e-12	5.06e-08	8.03e-05	1.05e-02	9.89e-01	0.00e+00	0.00e+00	0.00e+00	0.00e+00	0.00e+00
 9.67023e+13	2.25e-23	2.00e-17	3.48e-12	6.11e-08	9.11e-05	1.12e-02	9.89e-01	0.00e+00	0.00e+00	0.00e+00	0.00e+00	0.00e+00
 1.00108e+14	3.34e-23	2.78e-17	4.55e-12	7.50e-08	1.04e-04	1.20e-02	9.88e-01	0.00e+00	0.00e+00	0.00e+00	0.00e+00	0.00e+00
 1.04088e+14	5.19e-23	4.04e-17	6.16e-12	9.44e-08	1.22e-04	1.30e-02	9.87e-01	0.00e+00	0.00e+00	0.00e+00	0.00e+00	0.00e+00
 1.08006e+14	7.89e-23	5.75e-17	8.21e-12	1.17e-07	1.41e-04	1.40e-02	9.86e-01	0.00e+00	0.00e+00	0.00e+00	0.00e+00	0.00e+00
 1.11684e+14	1.15e-22	7.91e-17	1.06e-11	1.43e-07	1.61e-04	1.50e-02	9.85e-01	0.00e+00	0.00e+00	0.00e+00	0.00e+00	0.00e+00
 1.15785e+14	1.73e-22	1.11e-16	1.41e-11	1.77e-07	1.85e-04	1.62e-02	9.84e-01	0.00e+00	0.00e+00	0.00e+00	0.00e+00	0.00e+00
 1.20447e+14	2.68e-22	1.62e-16	1.91e-11	2.23e-07	2.17e-04	1.75e-02	9.82e-01	0.00e+00	0.00e+00	0.00e+00	0.00e+00	0.00e+00
 1.25094e+14	4.07e-22	2.30e-16	2.55e-11	2.79e-07	2.51e-04	1.89e-02	9.81e-01	0.00e+00	0.00e+00	0.00e+00	0.00e+00	0.00e+00
 1.29928e+14	6.19e-22	3.29e-16	3.41e-11	3.49e-07	2.92e-04	2.05e-02	9.79e-01	0.00e+00	0.00e+00	0.00e+00	0.00e+00	0.00e+00
 1.35012e+14	9.42e-22	4.70e-16	4.57e-11	4.38e-07	3.39e-04	2.22e-02	9.77e-01	0.00e+00	0.00e+00	0.00e+00	0.00e+00	0.00e+00
 1.39302e+14	1.32e-21	6.29e-16	5.81e-11	5.26e-07	3.84e-04	2.37e-02	9.76e-01	0.00e+00	0.00e+00	0.00e+00	0.00e+00	0.00e+00
 1.42654e+14	1.71e-21	7.83e-16	6.96e-11	6.05e-07	4.21e-04	2.48e-02	9.75e-01	0.00e+00	0.00e+00	0.00e+00	0.00e+00	0.00e+00
 1.46296e+14	2.24e-21	9.87e-16	8.43e-11	7.02e-07	4.65e-04	2.62e-02	9.73e-01	0.00e+00	0.00e+00	0.00e+00	0.00e+00	0.00e+00
 1.51031e+14	3.15e-21	1.32e-15	1.07e-10	8.46e-07	5.27e-04	2.80e-02	9.71e-01	0.00e+00	0.00e+00	0.00e+00	0.00e+00	0.00e+00
 1.56159e+14	4.48e-21	1.79e-15	1.38e-10	1.03e-06	6.00e-04	3.00e-02	9.69e-01	0.00e+00	0.00e+00	0.00e+00	0.00e+00	0.00e+00
 1.60779e+14	6.08e-21	2.33e-15	1.72e-10	1.22e-06	6.73e-04	3.19e-02	9.67e-01	0.00e+00	0.00e+00	0.00e+00	0.00e+00	0.00e+00
 1.65768e+14	8.37e-21	3.07e-15	2.17e-10	1.46e-06	7.58e-04	3.40e-02	9.65e-01	0.00e+00	0.00e+00	0.00e+00	0.00e+00	0.00e+00
 1.71975e+14	1.23e-20	4.28e-15	2.86e-10	1.81e-06	8.75e-04	3.68e-02	9.62e-01	0.00e+00	0.00e+00	0.00e+00	0.00e+00	0.00e+00
 1.78221e+14	1.77e-20	5.88e-15	3.73e-10	2.23e-06	1.01e-03	3.97e-02	9.59e-01	0.00e+00	0.00e+00	0.00e+00	0.00e+00	0.00e+00
 1.83634e+14	2.41e-20	7.69e-15	4.67e-10	2.66e-06	1.13e-03	4.23e-02	9.57e-01	0.00e+00	0.00e+00	0.00e+00	0.00e+00	0.00e+00
 1.89505e+14	3.30e-20	1.01e-14	5.90e-10	3.19e-06	1.28e-03	4.52e-02	9.54e-01	0.00e+00	0.00e+00	0.00e+00	0.00e+00	0.00e+00
 1.96695e+14	4.82e-20	1.41e-14	7.80e-10	3.97e-06	1.47e-03	4.89e-02	9.50e-01	0.00e+00	0.00e+00	0.00e+00	0.00e+00	0.00e+00
 2.03968e+14	6.94e-20	1.95e-14	1.02e-09	4.91e-06	1.70e-03	5.28e-02	9.45e-01	0.00e+00	0.00e+00	0.00e+00	0.00e+00	0.00e+00
 2.10456e+14	9.48e-20	2.57e-14	1.29e-09	5.89e-06	1.91e-03	5.65e-02	9.42e-01	0.00e+00	0.00e+00	0.00e+00	0.00e+00	0.00e+00
 2.17555e+14	1.32e-19	3.44e-14	1.65e-09	7.15e-06	2.17e-03	6.06e-02	9.37e-01	0.00e+00	0.00e+00	0.00e+00	0.00e+00	0.00e+00
 2.26014e+14	1.93e-19	4.80e-14	2.20e-09	8.93e-06	2.51e-03	6.57e-02	9.32e-01	0.00e+00	0.00e+00	0.00e+00	0.00e+00	0.00e+00
 2.34371e+14	2.76e-19	6.61e-14	2.88e-09	1.10e-05	2.89e-03	7.09e-02	9.26e-01	0.00e+00	0.00e+00	0.00e+00	0.00e+00	0.00e+00
 2.41945e+14	3.77e-19	8.74e-14	3.64e-09	1.33e-05	3.26e-03	7.58e-02	9.21e-01	0.00e+00	0.00e+00	0.00e+00	0.00e+00	0.00e+00
 2.50372e+14	5.29e-19	1.18e-13	4.70e-09	1.62e-05	3.71e-03	8.14e-02	9.15e-01	0.00e+00	0.00e+00	0.00e+00	0.00e+00	0.00e+00
 2.60252e+14	7.75e-19	1.66e-13	6.27e-09	2.02e-05	4.29e-03	8.82e-02	9.07e-01	0.00e+00	0.00e+00	0.00e+00	0.00e+00	0.00e+00
 2.69980e+14	1.11e-18	2.30e-13	8.25e-09	2.50e-05	4.92e-03	9.51e-02	9.00e-01	0.00e+00	0.00e+00	0.00e+00	0.00e+00	0.00e+00
 2.79056e+14	1.54e-18	3.08e-13	1.06e-08	3.02e-05	5.57e-03	1.02e-01	8.93e-01	0.00e+00	0.00e+00	0.00e+00	0.00e+00	0.00e+00
 2.89207e+14	2.20e-18	4.22e-13	1.38e-08	3.71e-05	6.36e-03	1.09e-01	8.84e-01	0.00e+00	0.00e+00	0.00e+00	0.00e+00	0.00e+00
 3.00806e+14	3.25e-18	6.00e-13	1.85e-08	4.66e-05	7.35e-03	1.18e-01	8.74e-01	0.00e+00	0.00e+00	0.00e+00	0.00e+00	0.00e+00
 3.12273e+14	4.73e-18	8.38e-13	2.45e-08	5.77e-05	8.43e-03	1.28e-01	8.64e-01	0.00e+00	0.00e+00	0.00e+00	0.00e+00	0.00e+00
 3.24199e+14	6.89e-18	1.17e-12	3.24e-08	7.15e-05	9.67e-03	1.37e-01	8.53e-01	0.00e+00	0.00e+00	0.00e+00	0.00e+00	0.00e+00
 3.35029e+14	9.59e-18	1.58e-12	4.15e-08	8.62e-05	1.09e-02	1.46e-01	8.43e-01	0.00e+00	0.00e+00	0.00e+00	0.00e+00	0.00e+00
 3.43137e+14	1.22e-17	1.95e-12	4.97e-08	9.87e-05	1.19e-02	1.53e-01	8.35e-01	0.00e+00	0.00e+00	0.00e+00	0.00e+00	0.00e+00
 3.51531e+14	1.56e-17	2.43e-12	5.95e-08	1.13e-04	1.30e-02	1.60e-01	8.27e-01	0.00e+00	0.00e+00	0.00e+00	0.00e+00	0.00e+00
 3.62444e+14	2.13e-17	3.21e-12	7.49e-08	1.35e-04	1.45e-02	1.70e-01	8.16e-01	0.00e+00	0.00e+00	0.00e+00	0.00e+00	0.00e+00
 3.74305e+14	3.02e-17	4.30e-12	9.54e-08	1.61e-04	1.62e-02	1.80e-01	8.04e-01	0.00e+00	0.00e+00	1.74e-17	9.08e-18	3.04e-18
 3.85044e+14	4.04e-17	5.57e-12	1.18e-07	1.89e-04	1.79e-02	1.89e-01	7.93e-01	0.00e+00	0.00e+00	2.32e-17	1.22e-17	4.08e-18
 3.96648e+14	5.49e-17	7.30e-12	1.47e-07	2.23e-04	1.99e-02	2.00e-01	7.80e-01	0.00e+00	0.00e+00	3.15e-17	1.66e-17	5.52e-18
 4.11286e+14	8.00e-17	1.02e-11	1.94e-07	2.73e-04	2.26e-02	2.13e-01	7.65e-01	0.00e+00	0.00e+00	4.61e-17	2.42e-17	8.01e-18
 4.26026e+14	1.16e-16	1.41e-11	2.52e-07	3.32e-04	2.55e-02	2.26e-01	7.48e-01	0.00e+00	0.00e+00	6.66e-17	3.49e-17	1.15e-17
 4.38495e+14	1.57e-16	1.83e-11	3.13e-07	3.89e-04	2.81e-02	2.37e-01	7.35e-01	0.00e+00	0.00e+00	9.03e-17	4.73e-17	1.56e-17
 4.51854e+14	2.15e-16	2.41e-11	3.91e-07	4.59e-04	3.11e-02	2.49e-01	7.20e-01	0.00e+00	0.00e+00	1.24e-16	6.47e-17	2.13e-17
 4.68607e+14	3.16e-16	3.38e-11	5.13e-07	5.60e-04	3.51e-02	2.63e-01	7.01e-01	0.00e+00	0.00e+00	1.83e-16	9.53e-17	3.12e-17
 4.86168e+14	4.68e-16	4.74e-11	6.74e-07	6.83e-04	3.97e-02	2.78e-01	6.81e-01	0.00e+00	0.00e+00	2.70e-16	1.41e-16	4.62e-17
 5.02080e+14	6.60e-16	6.37e-11	8.55e-07	8.12e-04	4.41e-02	2.92e-01	6.63e-01	0.00e+00	0.00e+00	3.81e-16	1.99e-16	6.50e-17
 5.19452e+14	9.50e-16	8.71e-11	1.10e-06	9.73e-04	4.92e-02	3.06e-01	6.44e-01	0.00e+00	0.00e+00	5.49e-16	2.86e-16	9.33e-17
 5.39871e+14	1.44e-15	1.24e-10	1.46e-06	1.19e-03	5.56e-02	3.22e-01	6.21e-01	0.00e+00	0.00e+00	8.34e-16	4.34e-16	1.41e-16
 5.59836e+14	2.14e-15	1.73e-10	1.90e-06	1.44e-03	6.23e-02	3.38e-01	5.99e-01	0.00e+00	0.00e+00	1.24e-15	6.44e-16	2.09e-16
 5.78140e+14	3.03e-15	2.32e-10	2.39e-06	1.70e-03	6.87e-02	3.51e-01	5.78e-01	0.00e+00	0.00e+00	1.76e-15	9.13e-16	2.96e-16
 5.98700e+14	4.43e-15	3.20e-10	3.08e-06	2.03e-03	7.63e-02	3.66e-01	5.56e-01	0.00e+00	0.00e+00	2.57e-15	1.34e-15	4.32e-16
 6.22542e+14	6.80e-15	4.57e-10	4.08e-06	2.48e-03	8.57e-02	3.82e-01	5.30e-01	0.00e+00	0.00e+00	3.95e-15	2.05e-15	6.62e-16
 6.45901e+14	1.02e-14	6.37e-10	5.29e-06	2.98e-03	9.52e-02	3.96e-01	5.06e-01	0.00e+00	0.00e+00	5.91e-15	3.07e-15	9.89e-16
 6.68133e+14	1.48e-14	8.65e-10	6.72e-06	3.52e-03	1.05e-01	4.09e-01	4.83e-01	0.00e+00	0.00e+00	8.57e-15	4.46e-15	1.43e-15
 6.87679e+14	2.03e-14	1.12e-09	8.23e-06	4.05e-03	1.13e-01	4.19e-01	4.63e-01	0.00e+00	0.00e+00	1.18e-14	6.12e-15	1.97e-15
 7.03845e+14	2.62e-14	1.38e-09	9.67e-06	4.53e-03	1.21e-01	4.27e-01	4.48e-01	0.00e+00	0.00e+00	1.52e-14	7.90e-15	2.54e-15
 7.21588e+14	3.45e-14	1.72e-09	1.15e-05	5.10e-03	1.29e-01	4.35e-01	4.31e-01	0.00e+00	0.00e+00	2.00e-14	1.04e-14	3.34e-15
 7.44655e+14	4.87e-14	2.28e-09	1.43e-05	5.92e-03	1.40e-01	4.45e-01	4.09e-01	0.00e+00	0.00e+00	2.83e-14	1.47e-14	4.71e-15
 7.69010e+14	6.94e-14	3.03e-09	1.77e-05	6.87e-03	1.52e-01	4.53e-01	3.88e-01	0.00e+00	0.00e+00	4.03e-14	2.09e-14	6.71e-15
 7.89966e+14	9.34e-14	3.84e-09	2.13e-05	7.78e-03	1.63e-01	4.60e-01	3.69e-01	0.00e+00	0.00e+00	5.42e-14	2.82e-14	9.03e-15
 8.12134e+14	1.27e-13	4.88e-09	2.56e-05	8.81e-03	1.74e-01	4.66e-01	3.51e-01	0.00e+00	0.00e+00	7.35e-14	3.82e-14	1.22e-14
 8.40953e+14	1.86e-13	6.62e-09	3.23e-05	1.03e-02	1.89e-01	4.73e-01	3.28e-01	0.00e+00	0.00e+00	1.08e-13	5.62e-14	1.80e-14
 8.70618e+14	2.72e-13	8.92e-09	4.05e-05	1.20e-02	2.04e-01	4.78e-01	3.06e-01	0.00e+00	0.00e+00	1.58e-13	8.20e-14	2.62e-14
 8.95301e+14	3.69e-13	1.13e-08	4.86e-05	1.35e-02	2.17e-01	4.81e-01	2.89e-01	0.00e+00	0.00e+00	2.14e-13	1.11e-13	3.56e-14
 9.21308e+14	5.05e-13	1.45e-08	5.84e-05	1.53e-02	2.31e-01	4.83e-01	2.71e-01	0.00e+00	0.00e+00	2.93e-13	1.53e-13	4.87e-14
 9.54743e+14	7.45e-13	1.96e-08	7.33e-05	1.77e-02	2.48e-01	4.84e-01	2.50e-01	0.00e+00	0.00e+00	4.33e-13	2.25e-13	7.19e-14
 9.89913e+14	1.10e-12	2.65e-08	9.21e-05	2.05e-02	2.67e-01	4.83e-01	2.29e-01	0.00e+00	0.00e+00	6.41e-13	3.33e-13	1.06e-13
 1.02061e+15	1.53e-12	3.41e-08	1.11e-04	2.32e-02	2.83e-01	4.81e-01	2.13e-01	0.00e+00	0.00e+00	8.92e-13	4.64e-13	1.48e-13
 1.05342e+15	2.16e-12	4.43e-08	1.35e-04	2.63e-02	3.00e-01	4.78e-01	1.96e-01	0.00e+00	0.00e+00	1.26e-12	6.53e-13	2.08e-13
 1.09342e+15	3.22e-12	6.02e-08	1.70e-04	3.03e-02	3.20e-01	4.73e-01	1.77e-01	0.00e+00	0.00e+00	1.88e-12	9.75e-13	3.11e-13
 1.13331e+15	4.72e-12	8.04e-08	2.11e-04	3.47e-02	3.39e-01	4.66e-01	1.60e-01	0.00e+00	0.00e+00	2.75e-12	1.43e-12	4.56e-13
 1.16842e+15	6.52e-12	1.03e-07	2.52e-04	3.88e-02	3.56e-01	4.59e-01	1.47e-01	0.00e+00	0.00e+00	3.79e-12	1.97e-12	6.29e-13
 1.20674e+15	9.18e-12	1.33e-07	3.05e-04	4.36e-02	3.73e-01	4.50e-01	1.33e-01	0.00e+00	0.00e+00	5.34e-12	2.78e-12	8.87e-13
 1.25299e+15	1.36e-11	1.79e-07	3.80e-04	4.97e-02	3.93e-01	4.39e-01	1.18e-01	0.00e+00	0.00e+00	7.93e-12	4.12e-12	1.32e-12
 1.29733e+15	1.95e-11	2.34e-07	4.63e-04	5.60e-02	4.11e-01	4.27e-01	1.06e-01	0.00e+00	0.00e+00	1.13e-11	5.90e-12	1.88e-12
 1.33463e+15	2.61e-11	2.91e-07	5.44e-04	6.16e-02	4.26e-01	4.16e-01	9.63e-02	0.00e+00	0.00e+00	1.52e-11	7.91e-12	2.52e-12
 1.36806e+15	3.36e-11	3.52e-07	6.24e-04	6.68e-02	4.38e-01	4.06e-01	8.85e-02	0.00e+00	0.00e+00	1.95e-11	1.02e-11	3.25e-12
 1.40464e+15	4.40e-11	4.30e-07	7.23e-04	7.28e-02	4.51e-01	3.95e-01	8.06e-02	0.00e+00	0.00e+00	2.56e-11	1.33e-11	4.26e-12
 1.44567e+15	5.91e-11	5.36e-07	8.47e-04	7.97e-02	4.64e-01	3.83e-01	7.26e-02	0.00e+00	0.00e+00	3.44e-11	1.79e-11	5.72e-12
 1.48440e+15	7.74e-11	6.55e-07	9.78e-04	8.65e-02	4.76e-01	3.71e-01	6.59e-02	0.00e+00	0.00e+00	4.50e-11	2.34e-11	7.49e-12
 1.52667e+15	1.03e-10	8.11e-07	1.14e-03	9.43e-02	4.88e-01	3.57e-01	5.92e-02	0.00e+00	0.00e+00	6.01e-11	3.13e-11	1.00e-11
 1.57314e+15	1.40e-10	1.02e-06	1.34e-03	1.03e-01	5.00e-01	3.43e-01	5.27e-02	0.00e+00	0.00e+00	8.14e-11	4.24e-11	1.35e-11
 1.61602e+15	1.83e-10	1.24e-06	1.54e-03	1.11e-01	5.10e-01	3.30e-01	4.73e-02	0.00e+00	0.00e+00	1.06e-10	5.55e-11	1.77e-11
 1.66272e+15	2.44e-10	1.53e-06	1.79e-03	1.21e-01	5.20e-01	3.16e-01	4.21e-02	0.00e+00	0.00e+00	1.42e-10	7.41e-11	2.37e-11
 1.71472e+15	3.32e-10	1.92e-06	2.10e-03	1.32e-01	5.29e-01	3.00e-01	3.69e-02	0.00e+00	0.00e+00	1.93e-10	1.01e-10	3.22e-11
 1.76395e+15	4.38e-10	2.36e-06	2.43e-03	1.42e-01	5.37e-01	2.86e-01	3.27e-02	0.00e+00	0.00e+00	2.55e-10	1.33e-10	4.25e-11
 1.81828e+15	5.93e-10	2.95e-06	2.84e-03	1.54e-01	5.44e-01	2.71e-01	2.86e-02	0.00e+00	0.00e+00	3.45e-10	1.80e-10	5.76e-11
 1.87787e+15	8.11e-10	3.73e-06	3.34e-03	1.67e-01	5.50e-01	2.54e-01	2.47e-02	0.00e+00	0.00e+00	4.72e-10	2.46e-10	7.88e-11
 1.93198e+15	1.06e-09	4.56e-06	3.85e-03	1.80e-01	5.54e-01	2.40e-01	2.17e-02	0.00e+00	0.00e+00	6.19e-10	3.23e-10	1.04e-10
 1.99002e+15	1.42e-09	5.65e-06	4.46e-03	1.93e-01	5.58e-01	2.26e-01	1.88e-02	0.00e+00	0.00e+00	8.28e-10	4.32e-10	1.39e-10
 2.05458e+15	1.93e-09	7.09e-06	5.22e-03	2.08e-01	5.60e-01	2.10e-01	1.61e-02	0.00e+00	0.00e+00	1.12e-09	5.87e-10	1.88e-10
 2.11515e+15	2.53e-09	8.66e-06	6.00e-03	2.23e-01	5.60e-01	1.97e-01	1.39e-02	0.00e+00	0.00e+00	1.47e-09	7.69e-10	2.47e-10
 2.18141e+15	3.41e-09	1.08e-05	6.98e-03	2.39e-01	5.60e-01	1.83e-01	1.19e-02	0.00e+00	0.00e+00	1.98e-09	1.04e-09	3.33e-10
 2.25426e+15	4.62e-09	1.35e-05	8.16e-03	2.56e-01	5.57e-01	1.68e-01	1.00e-02	0.00e+00	0.00e+00	2.69e-09	1.41e-09	4.52e-10
 2.32152e+15	6.05e-09	1.65e-05	9.38e-03	2.73e-01	5.54e-01	1.56e-01	8.55e-03	0.00e+00	0.00e+00	3.52e-09	1.84e-09	5.92e-10
 2.38228e+15	7.65e-09	1.97e-05	1.06e-02	2.87e-01	5.49e-01	1.45e-01	7.42e-03	0.00e+00	0.00e+00	4.45e-09	2.33e-09	7.49e-10
 2.43769e+15	9.42e-09	2.30e-05	1.18e-02	3.01e-01	5.45e-01	1.36e-01	6.53e-03	0.00e+00	0.00e+00	5.48e-09	2.87e-09	9.24e-10
 2.49863e+15	1.19e-08	2.73e-05	1.32e-02	3.16e-01	5.39e-01	1.27e-01	5.67e-03	0.00e+00	0.00e+00	6.90e-09	3.61e-09	1.16e-09
 2.56524e+15	1.50e-08	3.26e-05	1.49e-02	3.32e-01	5.31e-01	1.17e-01	4.86e-03	0.00e+00	0.00e+00	8.74e-09	4.57e-09	1.47e-09
 2.62873e+15	1.87e-08	3.84e-05	1.67e-02	3.47e-01	5.24e-01	1.09e-01	4.21e-03	0.00e+00	0.00e+00	1.09e-08	5.69e-09	1.84e-09
 2.69026e+15	2.29e-08	4.48e-05	1.86e-02	3.61e-01	5.16e-01	1.01e-01	3.66e-03	0.00e+00	0.00e+00	1.33e-08	6.99e-09	2.26e-09
 2.75973e+15	2.91e-08	5.35e-05	2.09e-02	3.78e-01	5.06e-01	9.26e-02	3.12e-03	0.00e+00	0.00e+00	1.69e-08	8.86e-09	2.86e-09
 2.83727e+15	3.71e-08	6.42e-05	2.38e-02	3.95e-01	4.94e-01	8.42e-02	2.62e-03	0.00e+00	0.00e+00	2.16e-08	1.13e-08	3.66e-09
 2.91054e+15	4.63e-08	7.59e-05	2.67e-02	4.12e-01	4.82e-01	7.70e-02	2.23e-03	0.00e+00	0.00e+00	2.69e-08	1.41e-08	4.57e-09
 2.97794e+15	5.65e-08	8.83e-05	2.96e-02	4.26e-01	4.71e-01	7.08e-02	1.92e-03	0.00e+00	0.00e+00	3.29e-08	1.72e-08	5.58e-09
 3.05244e+15	7.10e-08	1.05e-04	3.32e-02	4.42e-01	4.58e-01	6.44e-02	1.62e-03	0.00e+00	0.00e+00	4.13e-08	2.17e-08	7.02e-09
 3.13633e+15	9.05e-08	1.26e-04	3.76e-02	4.60e-01	4.43e-01	5.79e-02	1.34e-03	0.00e+00	0.00e+00	5.27e-08	2.76e-08	8.96e-09
 3.21605e+15	1.12e-07	1.48e-04	4.21e-02	4.75e-01	4.29e-01	5.23e-02	1.13e-03	0.00e+00	0.00e+00	6.54e-08	3.43e-08	1.11e-08
 3.28950e+15	1.37e-07	1.72e-04	4.67e-02	4.89e-01	4.16e-01	4.76e-02	9.57e-04	0.00e+00	0.00e+00	7.95e-08	4.17e-08	1.35e-08
 3.37115e+15	1.73e-07	2.05e-04	5.24e-02	5.04e-01	4.00e-01	4.27e-02	7.94e-04	0.00e+00	0.00e+00	1.01e-07	5.27e-08	1.71e-08
 3.46149e+15	2.19e-07	2.45e-04	5.93e-02	5.19e-01	3.83e-01	3.79e-02	6.49e-04	0.00e+00	0.00e+00	1.27e-07	6.69e-08	2.18e-08
 3.54575e+15	2.71e-07	2.88e-04	6.63e-02	5.33e-01	3.66e-01	3.38e-02	5.38e-04	0.00e+00	0.00e+00	1.58e-07	8.28e-08	2.70e-08
 3.62444e+15	3.32e-07	3.36e-04	7.36e-02	5.44e-01	3.51e-01	3.04e-02	4.50e-04	0.00e+00	0.00e+00	1.93e-07	1.01e-07	3.30e-08
 3.70147e+15	4.02e-07	3.89e-04	8.13e-02	5.54e-01	3.36e-01	2.73e-02	3.78e-04	0.00e+00	0.00e+00	2.34e-07	1.23e-07	4.00e-08
 3.78988e+15	5.13e-07	4.66e-04	9.16e-02	5.65e-01	3.19e-01	2.40e-02	3.07e-04	0.00e+00	0.00e+00	2.98e-07	1.57e-07	5.12e-08
 3.88055e+15	6.34e-07	5.49e-04	1.03e-01	5.74e-01	3.01e-01	2.11e-02	2.50e-04	0.00e+00	0.00e+00	3.69e-07	1.94e-07	6.34e-08
 3.95802e+15	7.75e-07	6.39e-04	1.13e-01	5.81e-01	2.86e-01	1.88e-02	2.08e-04	0.00e+00	0.00e+00	4.51e-07	2.37e-07	7.75e-08
 4.03152e+15	9.37e-07	7.37e-04	1.25e-01	5.86e-01	2.71e-01	1.68e-02	1.74e-04	0.00e+00	0.00e+00	5.45e-07	2.87e-07	9.37e-08
 4.11602e+15	1.17e-06	8.72e-04	1.39e-01	5.91e-01	2.55e-01	1.46e-02	1.41e-04	0.00e+00	0.00e+00	6.82e-07	3.59e-07	1.17e-07
 4.19572e+15	1.42e-06	1.01e-03	1.54e-01	5.93e-01	2.39e-01	1.29e-02	1.16e-04	0.00e+00	0.00e+00	8.25e-07	4.34e-07	1.42e-07
 4.25258e+15	1.65e-06	1.13e-03	1.65e-01	5.93e-01	2.28e-01	1.17e-02	1.00e-04	0.00e+00	0.00e+00	9.59e-07	5.05e-07	1.65e-07
 4.30990e+15	1.93e-06	1.27e-03	1.78e-01	5.93e-01	2.17e-01	1.06e-02	8.61e-05	0.00e+00	0.00e+00	1.12e-06	5.90e-07	1.93e-07
 4.38441e+15	2.41e-06	1.50e-03	1.97e-01	5.90e-01	2.02e-01	9.22e-03	6.96e-05	0.00e+00	0.00e+00	1.40e-06	7.39e-07	2.42e-07
 4.45557e+15	2.89e-06	1.72e-03	2.16e-01	5.86e-01	1.89e-01	8.10e-03	5.75e-05	0.00e+00	0.00e+00	1.68e-06	8.87e-07	2.91e-07
 4.50877e+15	3.35e-06	1.92e-03	2.32e-01	5.81e-01	1.78e-01	7.31e-03	4.94e-05	0.00e+00	0.00e+00	1.95e-06	1.03e-06	3.37e-07
 4.56433e+15	3.97e-06	2.17e-03	2.50e-01	5.74e-01	1.67e-01	6.50e-03	4.16e-05	0.00e+00	0.00e+00	2.31e-06	1.22e-06	4.00e-07
 4.62512e+15	4.58e-06	2.42e-03	2.70e-01	5.66e-01	1.56e-01	5.75e-03	3.49e-05	0.00e+00	0.00e+00	2.66e-06	1.40e-06	4.61e-07
 4.69273e+15	5.63e-06	2.82e-03	2.96e-01	5.54e-01	1.43e-01	4.92e-03	2.79e-05	0.00e+00	0.00e+00	3.28e-06	1.73e-06	5.67e-07
 4.75956e+15	6.90e-06	3.27e-03	3.23e-01	5.39e-01	1.30e-01	4.20e-03	2.23e-05	0.00e+00	0.00e+00	4.01e-06	2.12e-06	6.96e-07
 4.81020e+15	8.36e-06	3.75e-03	3.47e-01	5.25e-01	1.20e-01	3.68e-03	1.85e-05	0.00e+00	0.00e+00	4.86e-06	2.56e-06	8.43e-07
 4.85136e+15	9.55e-06	4.13e-03	3.66e-01	5.13e-01	1.13e-01	3.30e-03	1.58e-05	0.00e+00	0.00e+00	5.55e-06	2.93e-06	9.63e-07
 4.89538e+15	1.08e-05	4.53e-03	3.89e-01	5.00e-01	1.04e-01	2.92e-03	1.34e-05	0.00e+00	0.00e+00	6.31e-06	3.33e-06	1.09e-06
 4.95261e+15	1.32e-05	5.21e-03	4.20e-01	4.79e-01	9.36e-02	2.46e-03	1.06e-05	0.00e+00	0.00e+00	7.66e-06	4.04e-06	1.33e-06
 5.01183e+15	1.62e-05	6.04e-03	4.54e-01	4.55e-01	8.30e-02	2.03e-03	8.15e-06	0.00e+00	0.00e+00	9.42e-06	4.97e-06	1.64e-06
 5.05971e+15	2.02e-05	7.01e-03	4.85e-01	4.32e-01	7.44e-02	1.71e-03	6.39e-06	0.00e+00	0.00e+00	1.17e-05	6.19e-06	2.04e-06
 5.09737e+15	2.29e-05	7.68e-03	5.09e-01	4.14e-01	6.81e-02	1.49e-03	5.34e-06	0.00e+00	0.00e+00	1.33e-05	7.05e-06	2.32e-06
 5.13569e+15	2.68e-05	8.53e-03	5.35e-01	3.94e-01	6.15e-02	1.28e-03	4.34e-06	0.00e+00	0.00e+00	1.56e-05	8.22e-06	2.71e-06
 5.18550e+15	3.31e-05	9.86e-03	5.70e-01	3.66e-01	5.33e-02	1.03e-03	3.25e-06	0.00e+00	0.00e+00	1.93e-05	1.02e-05	3.36e-06
 5.23585e+15	3.85e-05	1.09e-02	6.03e-01	3.39e-01	4.60e-02	8.34e-04	2.47e-06	0.00e+00	0.00e+00	2.24e-05	1.18e-05	3.90e-06
 5.28692e+15	4.77e-05	1.26e-02	6.39e-01	3.09e-01	3.87e-02	6.46e-04	1.77e-06	0.00e+00	0.00e+00	2.77e-05	1.46e-05	4.84e-06
 5.33818e+15	5.91e-05	1.46e-02	6.75e-01	2.78e-01	3.21e-02	4.94e-04	1.25e-06	0.00e+00	0.00e+00	3.44e-05	1.81e-05	6.01e-06
 5.37212e+15	7.05e-05	1.63e-02	6.99e-01	2.56e-01	2.81e-02	4.05e-04	9.61e-07	0.00e+00	0.00e+00	4.10e-05	2.17e-05	7.18e-06
 5.39129e+15	7.51e-05	1.70e-02	7.11e-01	2.45e-01	2.61e-02	3.65e-04	0.00e+00	0.00e+00	0.00e+00	4.37e-05	2.31e-05	7.64e-06
 5.40886e+15	8.14e-05	1.79e-02	7.23e-01	2.35e-01	2.41e-02	3.27e-04	0.00e+00	0.00e+00	0.00e+00	4.73e-05	2.50e-05	8.29e-06
 5.43169e+15	9.18e-05	1.93e-02	7.39e-01	2.20e-01	2.17e-02	2.80e-04	0.00e+00	0.00e+00	0.00e+00	5.34e-05	2.82e-05	9.35e-06
 5.46138e+15	1.03e-04	2.07e-02	7.57e-01	2.03e-01	1.89e-02	2.31e-04	0.00e+00	0.00e+00	0.00e+00	5.98e-05	3.16e-05	1.05e-05
 5.49997e+15	1.26e-04	2.35e-02	7.81e-01	1.79e-01	1.55e-02	1.74e-04	0.00e+00	0.00e+00	0.00e+00	7.36e-05	3.89e-05	1.29e-05
 5.53410e+15	1.46e-04	2.57e-02	7.99e-01	1.62e-01	1.31e-02	1.37e-04	0.00e+00	0.00e+00	0.00e+00	8.49e-05	4.48e-05	1.49e-05
 5.55685e+15	1.59e-04	2.70e-02	8.10e-01	1.51e-01	1.17e-02	1.17e-04	0.00e+00	0.00e+00	0.00e+00	9.24e-05	4.88e-05	1.62e-05
 5.58085e+15	1.78e-04	2.90e-02	8.22e-01	1.39e-01	1.02e-02	9.64e-05	0.00e+00	0.00e+00	0.00e+00	1.03e-04	5.47e-05	1.82e-05
 5.61205e+15	2.11e-04	3.20e-02	8.36e-01	1.23e-01	8.42e-03	7.35e-05	0.00e+00	0.00e+00	0.00e+00	1.22e-04	6.47e-05	2.15e-05
 5.64270e+15	2.41e-04	3.47e-02	8.48e-01	1.10e-01	7.06e-03	5.75e-05	0.00e+00	0.00e+00	0.00e+00	1.40e-04	7.41e-05	2.47e-05
 5.66744e+15	2.70e-04	3.70e-02	8.56e-01	1.00e-01	6.06e-03	4.64e-05	0.00e+00	0.00e+00	0.00e+00	1.57e-04	8.31e-05	2.77e-05
 5.69442e+15	3.07e-04	3.99e-02	8.65e-01	8.97e-02	5.09e-03	3.64e-05	0.00e+00	0.00e+00	0.00e+00	1.79e-04	9.45e-05	3.15e-05
 5.72442e+15	3.54e-04	4.33e-02	8.73e-01	7.94e-02	4.19e-03	2.77e-05	0.00e+00	0.00e+00	0.00e+00	2.06e-04	1.09e-04	3.62e-05
 5.75238e+15	4.02e-04	4.65e-02	8.79e-01	7.07e-02	3.49e-03	2.14e-05	0.00e+00	0.00e+00	0.00e+00	2.34e-04	1.24e-04	4.12e-05
 5.77858e+15	4.54e-04	4.99e-02	8.83e-01	6.33e-02	2.93e-03	1.67e-05	0.00e+00	0.00e+00	0.00e+00	2.64e-04	1.40e-04	4.66e-05
 5.80844e+15	5.22e-04	5.40e-02	8.88e-01	5.54e-02	2.37e-03	1.24e-05	0.00e+00	0.00e+00	0.00e+00	3.04e-04	1.61e-04	5.36e-05
 5.84038e+15	6.06e-04	5.86e-02	8.91e-01	4.82e-02	1.90e-03	9.10e-06	0.00e+00	0.00e+00	0.00e+00	3.52e-04	1.86e-04	6.22e-05
 5.86834e+15	6.88e-04	6.29e-02	8.92e-01	4.26e-02	1.57e-03	6.92e-06	0.00e+00	0.00e+00	0.00e+00	4.00e-04	2.12e-04	7.07e-05
 5.89800e+15	7.92e-04	6.80e-02	8.93e-01	3.72e-02	1.26e-03	5.08e-06	0.00e+00	0.00e+00	0.00e+00	4.61e-04	2.44e-04	8.14e-05
 5.93027e+15	9.17e-04	7.37e-02	8.92e-01	3.21e-02	9.99e-04	3.66e-06	0.00e+00	0.00e+00	0.00e+00	5.34e-04	2.82e-04	9.43e-05
 5.95930e+15	1.05e-03	7.93e-02	8.91e-01	2.81e-02	8.10e-04	2.72e-06	0.00e+00	0.00e+00	0.00e+00	6.10e-04	3.23e-04	1.08e-04
 5.98614e+15	1.19e-03	8.49e-02	8.88e-01	2.49e-02	6.66e-04	2.06e-06	0.00e+00	0.00e+00	0.00e+00	6.91e-04	3.65e-04	1.22e-04
 6.01675e+15	1.37e-03	9.18e-02	8.85e-01	2.15e-02	5.28e-04	1.48e-06	0.00e+00	0.00e+00	0.00e+00	7.97e-04	4.22e-04	1.41e-04
 6.05015e+15	1.60e-03	9.98e-02	8.80e-01	1.84e-02	4.13e-04	1.04e-06	0.00e+00	0.00e+00	0.00e+00	9.30e-04	4.92e-04	1.65e-04
 6.08017e+15	1.84e-03	1.08e-01	8.74e-01	1.60e-02	3.31e-04	7.58e-07	0.00e+00	0.00e+00	0.00e+00	1.07e-03	5.66e-04	1.89e-04
 6.10766e+15	2.08e-03	1.15e-01	8.69e-01	1.41e-02	2.70e-04	0.00e+00	0.00e+00	0.00e+00	0.00e+00	1.21e-03	6.40e-04	2.15e-04
 6.13887e+15	2.42e-03	1.25e-01	8.61e-01	1.21e-02	2.13e-04	0.00e+00	0.00e+00	0.00e+00	0.00e+00	1.41e-03	7.44e-04	2.49e-04
 6.17262e+15	2.84e-03	1.36e-01	8.51e-01	1.03e-02	1.65e-04	0.00e+00	0.00e+00	0.00e+00	0.00e+00	1.65e-03	8.74e-04	2.93e-04
 6.20296e+15	3.28e-03	1.47e-01	8.41e-01	8.88e-03	1.32e-04	0.00e+00	0.00e+00	0.00e+00	0.00e+00	1.91e-03	1.01e-03	3.38e-04
 6.23135e+15	3.77e-03	1.58e-01	8.30e-01	7.72e-03	1.06e-04	0.00e+00	0.00e+00	0.00e+00	0.00e+00	2.19e-03	1.16e-03	3.89e-04
 6.26394e+15	4.39e-03	1.72e-01	8.17e-01	6.56e-03	8.21e-05	0.00e+00	0.00e+00	0.00e+00	0.00e+00	2.56e-03	1.35e-03	4.54e-04
 6.30030e+15	5.25e-03	1.89e-01	8.01e-01	5.46e-03	6.19e-05	0.00e+00	0.00e+00	0.00e+00	0.00e+00	3.06e-03	1.62e-03	5.43e-04
 6.33355e+15	6.23e-03	2.06e-01	7.83e-01	4.60e-03	4.78e-05	0.00e+00	0.00e+00	0.00e+00	0.00e+00	3.63e-03	1.92e-03	6.43e-04
 6.36313e+15	7.26e-03	2.23e-01	7.66e-01	3.94e-03	3.78e-05	0.00e+00	0.00e+00	0.00e+00	0.00e+00	4.22e-03	2.23e-03	7.50e-04
 6.39594e+15	8.56e-03	2.43e-01	7.45e-01	3.30e-03	2.89e-05	0.00e+00	0.00e+00	0.00e+00	0.00e+00	4.99e-03	2.63e-03	8.85e-04
 6.43860e+15	1.07e-02	2.73e-01	7.14e-01	2.59e-03	2.01e-05	0.00e+00	0.00e+00	0.00e+00	0.00e+00	6.25e-03	3.30e-03	1.11e-03
 6.48171e+15	1.35e-02	3.07e-01	6.78e-01	2.02e-03	1.40e-05	0.00e+00	0.00e+00	0.00e+00	0.00e+00	7.87e-03	4.16e-03	1.40e-03
 6.51536e+15	1.64e-02	3.37e-01	6.45e-01	1.64e-03	1.04e-05	0.00e+00	0.00e+00	0.00e+00	0.00e+00	9.53e-03	5.03e-03	1.69e-03
 6.54394e+15	1.93e-02	3.64e-01	6.15e-01	1.36e-03	7.98e-06	0.00e+00	0.00e+00	0.00e+00	0.00e+00	1.12e-02	5.92e-03	1.99e-03
 6.57599e+15	2.32e-02	3.97e-01	5.79e-01	1.09e-03	5.83e-06	0.00e+00	0.00e+00	0.00e+00	0.00e+00	1.35e-02	7.12e-03	2.40e-03
 6.61206e+15	2.86e-02	4.36e-01	5.34e-01	8.40e-04	4.05e-06	0.00e+00	0.00e+00	0.00e+00	0.00e+00	1.67e-02	8.80e-03	2.96e-03
 6.64523e+15	3.49e-02	4.76e-01	4.89e-01	6.49e-04	2.84e-06	0.00e+00	0.00e+00	0.00e+00	0.00e+00	2.04e-02	1.07e-02	3.62e-03
 6.67427e+15	4.18e-02	5.12e-01	4.46e-01	5.06e-04	2.04e-06	0.00e+00	0.00e+00	0.00e+00	0.00e+00	2.44e-02	1.28e-02	4.33e-03
 6.69964e+15	4.90e-02	5.44e-01	4.07e-01	4.02e-04	1.50e-06	0.00e+00	0.00e+00	0.00e+00	0.00e+00	2.86e-02	1.51e-02	5.08e-03
