#depth	N	N+	N+2	N+3	N+4	N+5	N+6	N+7
 1.49634e+10	0.00e+00	6.00e-32	2.62e-23	2.02e-15	2.60e-08	9.98e-01	1.51e-03	0.00e+00
 4.54887e+10	2.29e-41	8.46e-32	3.41e-23	2.42e-15	2.85e-08	9.99e-01	1.37e-03	8.40e-10
 7.72350e+10	0.00e+00	1.19e-31	4.43e-23	2.91e-15	3.13e-08	9.99e-01	1.25e-03	0.00e+00
 1.10251e+11	5.36e-41	1.68e-31	5.77e-23	3.49e-15	3.44e-08	9.99e-01	1.14e-03	0.00e+00
 1.43796e+11	0.00e+00	2.35e-31	7.47e-23	4.17e-15	3.77e-08	9.99e-01	1.04e-03	0.00e+00
 1.78682e+11	1.23e-40	3.28e-31	9.67e-23	4.99e-15	4.14e-08	9.99e-01	9.50e-04	0.00e+00
 2.15756e+11	0.00e+00	4.62e-31	1.26e-22	6.00e-15	4.56e-08	9.99e-01	8.65e-04	0.00e+00
 2.54313e+11	2.85e-40	6.50e-31	1.64e-22	7.22e-15	5.02e-08	9.99e-01	7.87e-04	0.00e+00
 2.89143e+11	0.00e+00	8.75e-31	2.06e-22	8.48e-15	5.46e-08	9.99e-01	7.24e-04	0.00e+00
 3.18092e+11	5.51e-40	1.11e-30	2.48e-22	9.66e-15	5.84e-08	9.99e-01	6.78e-04	0.00e+00
 3.49778e+11	0.00e+00	1.43e-30	3.02e-22	1.11e-14	6.28e-08	9.99e-01	6.31e-04	0.00e+00
 3.90005e+11	1.10e-39	1.95e-30	3.85e-22	1.31e-14	6.86e-08	9.99e-01	5.78e-04	0.00e+00
 4.31997e+11	0.00e+00	2.65e-30	4.90e-22	1.56e-14	7.51e-08	9.99e-01	5.29e-04	0.00e+00
 4.69095e+11	2.22e-39	3.46e-30	6.02e-22	1.81e-14	8.11e-08	1.00e+00	4.90e-04	0.00e+00
 5.03686e+11	0.00e+00	4.38e-30	7.25e-22	2.06e-14	8.70e-08	1.00e+00	4.58e-04	0.00e+00
 5.43170e+11	4.09e-39	5.70e-30	8.91e-22	2.39e-14	9.40e-08	1.00e+00	4.24e-04	0.00e+00
 5.91760e+11	0.00e+00	7.77e-30	1.14e-21	2.84e-14	1.03e-07	1.00e+00	3.88e-04	0.00e+00
 6.40195e+11	8.57e-39	1.04e-29	1.44e-21	3.36e-14	1.13e-07	1.00e+00	3.55e-04	0.00e+00
 6.82200e+11	0.00e+00	1.34e-29	1.74e-21	3.86e-14	1.21e-07	1.00e+00	3.30e-04	0.00e+00
 7.27840e+11	1.58e-38	1.73e-29	2.14e-21	4.47e-14	1.31e-07	1.00e+00	3.06e-04	0.00e+00
 7.83672e+11	0.00e+00	2.35e-29	2.72e-21	5.32e-14	1.44e-07	1.00e+00	2.79e-04	0.00e+00
 8.40742e+11	3.29e-38	3.16e-29	3.44e-21	6.31e-14	1.58e-07	1.00e+00	2.55e-04	0.00e+00
 8.93028e+11	0.00e+00	4.11e-29	4.23e-21	7.32e-14	1.71e-07	1.00e+00	2.36e-04	0.00e+00
 9.51109e+11	6.33e-38	5.43e-29	5.28e-21	8.59e-14	1.86e-07	1.00e+00	2.17e-04	0.00e+00
 1.01858e+12	0.00e+00	7.41e-29	6.76e-21	1.03e-13	2.05e-07	1.00e+00	1.98e-04	0.00e+00
 1.08523e+12	1.31e-37	9.94e-29	8.53e-21	1.22e-13	2.24e-07	1.00e+00	1.81e-04	0.00e+00
 1.14896e+12	0.00e+00	1.30e-28	1.06e-20	1.42e-13	2.44e-07	1.00e+00	1.67e-04	0.00e+00
 1.21926e+12	2.57e-37	1.73e-28	1.32e-20	1.67e-13	2.66e-07	1.00e+00	1.53e-04	0.00e+00
 1.29796e+12	0.00e+00	2.35e-28	1.69e-20	1.99e-13	2.92e-07	1.00e+00	1.39e-04	0.00e+00
 1.37713e+12	5.33e-37	3.16e-28	2.13e-20	2.36e-13	3.20e-07	1.00e+00	1.27e-04	0.00e+00
 1.44819e+12	0.00e+00	4.08e-28	2.61e-20	2.73e-13	3.46e-07	1.00e+00	1.18e-04	0.00e+00
 1.50843e+12	9.35e-37	5.03e-28	3.08e-20	3.08e-13	3.69e-07	1.00e+00	1.11e-04	0.00e+00
 1.57340e+12	0.00e+00	6.26e-28	3.66e-20	3.48e-13	3.95e-07	1.00e+00	1.04e-04	0.00e+00
 1.65729e+12	1.70e-36	8.22e-28	4.54e-20	4.07e-13	4.29e-07	1.00e+00	9.54e-05	0.00e+00
 1.74476e+12	0.00e+00	1.08e-27	5.64e-20	4.76e-13	4.67e-07	1.00e+00	8.79e-05	0.00e+00
 1.81994e+12	3.12e-36	1.36e-27	6.75e-20	5.41e-13	4.99e-07	1.00e+00	8.22e-05	0.00e+00
 1.90014e+12	0.00e+00	1.72e-27	8.12e-20	6.18e-13	5.37e-07	1.00e+00	7.65e-05	0.00e+00
 1.99935e+12	5.83e-36	2.27e-27	1.01e-19	7.25e-13	5.85e-07	1.00e+00	7.03e-05	0.00e+00
 2.10112e+12	0.00e+00	3.00e-27	1.26e-19	8.47e-13	6.36e-07	1.00e+00	6.48e-05	0.00e+00
 2.19303e+12	1.09e-35	3.81e-27	1.52e-19	9.71e-13	6.84e-07	1.00e+00	6.03e-05	0.00e+00
 2.29427e+12	0.00e+00	4.94e-27	1.87e-19	1.12e-12	7.38e-07	1.00e+00	5.59e-05	0.00e+00
 2.40486e+12	2.08e-35	6.46e-27	2.31e-19	1.31e-12	8.02e-07	1.00e+00	5.15e-05	0.00e+00
 2.50494e+12	0.00e+00	8.20e-27	2.78e-19	1.49e-12	8.60e-07	1.00e+00	4.80e-05	0.00e+00
 2.61239e+12	3.75e-35	1.05e-26	3.38e-19	1.71e-12	9.26e-07	1.00e+00	4.47e-05	0.00e+00
 2.73341e+12	0.00e+00	1.37e-26	4.17e-19	1.99e-12	1.00e-06	1.00e+00	4.13e-05	0.00e+00
 2.84867e+12	7.02e-35	1.76e-26	5.06e-19	2.28e-12	1.08e-06	1.00e+00	3.84e-05	0.00e+00
 2.97511e+12	0.00e+00	2.28e-26	6.21e-19	2.64e-12	1.16e-06	1.00e+00	3.56e-05	0.00e+00
 3.11485e+12	1.36e-34	3.02e-26	7.72e-19	3.08e-12	1.26e-06	1.00e+00	3.28e-05	0.00e+00
 3.24447e+12	0.00e+00	3.87e-26	9.39e-19	3.53e-12	1.36e-06	1.00e+00	3.05e-05	0.00e+00
 3.38556e+12	2.55e-34	5.04e-26	1.15e-18	4.08e-12	1.47e-06	1.00e+00	2.83e-05	0.00e+00
 3.54379e+12	3.60e-34	6.70e-26	1.44e-18	4.78e-12	1.60e-06	1.00e+00	2.60e-05	0.00e+00
 3.69391e+12	4.97e-34	8.71e-26	1.77e-18	5.51e-12	1.72e-06	1.00e+00	2.42e-05	0.00e+00
 3.85581e+12	6.93e-34	1.14e-25	2.18e-18	6.39e-12	1.86e-06	1.00e+00	2.24e-05	0.00e+00
 4.03591e+12	9.89e-34	1.53e-25	2.74e-18	7.50e-12	2.03e-06	1.00e+00	2.06e-05	0.00e+00
 4.20986e+12	1.38e-33	2.01e-25	3.38e-18	8.69e-12	2.19e-06	1.00e+00	1.90e-05	0.00e+00
 4.39484e+12	1.95e-33	2.65e-25	4.20e-18	1.01e-11	2.37e-06	1.00e+00	1.76e-05	0.00e+00
 4.60056e+12	2.80e-33	3.58e-25	5.29e-18	1.19e-11	2.58e-06	1.00e+00	1.62e-05	0.00e+00
 4.80741e+12	4.00e-33	4.78e-25	6.63e-18	1.39e-11	2.80e-06	1.00e+00	1.49e-05	0.00e+00
 5.02255e+12	5.73e-33	6.39e-25	8.30e-18	1.62e-11	3.04e-06	1.00e+00	1.37e-05	0.00e+00
 5.25337e+12	8.28e-33	8.63e-25	1.05e-17	1.91e-11	3.31e-06	1.00e+00	1.26e-05	0.00e+00
 5.49344e+12	1.20e-32	1.17e-24	1.32e-17	2.24e-11	3.60e-06	1.00e+00	1.16e-05	0.00e+00
 5.72230e+12	1.69e-32	1.54e-24	1.63e-17	2.59e-11	3.89e-06	1.00e+00	1.08e-05	0.00e+00
 5.93140e+12	2.28e-32	1.96e-24	1.97e-17	2.95e-11	4.16e-06	1.00e+00	1.01e-05	0.00e+00
 6.12865e+12	3.00e-32	2.46e-24	2.34e-17	3.33e-11	4.42e-06	1.00e+00	9.48e-06	0.00e+00
 6.34630e+12	4.05e-32	3.13e-24	2.82e-17	3.77e-11	4.72e-06	1.00e+00	8.88e-06	0.00e+00
 6.59030e+12	5.57e-32	4.06e-24	3.44e-17	4.33e-11	5.07e-06	1.00e+00	8.27e-06	0.00e+00
 6.82121e+12	7.51e-32	5.16e-24	4.14e-17	4.91e-11	5.41e-06	1.00e+00	7.75e-06	0.00e+00
 7.07404e+12	1.03e-31	6.66e-24	5.03e-17	5.61e-11	5.80e-06	1.00e+00	7.24e-06	0.00e+00
 7.35749e+12	1.45e-31	8.78e-24	6.21e-17	6.49e-11	6.25e-06	1.00e+00	6.72e-06	0.00e+00
 7.62035e+12	1.97e-31	1.13e-23	7.51e-17	7.38e-11	6.67e-06	1.00e+00	6.29e-06	0.00e+00
 7.86393e+12	2.60e-31	1.41e-23	8.91e-17	8.29e-11	7.08e-06	1.00e+00	5.93e-06	0.00e+00
 8.14284e+12	3.54e-31	1.81e-23	1.08e-16	9.43e-11	7.57e-06	1.00e+00	5.55e-06	0.00e+00
 8.48146e+12	5.08e-31	2.42e-23	1.34e-16	1.10e-10	8.18e-06	1.00e+00	5.14e-06	0.00e+00
 8.81625e+12	7.19e-31	3.20e-23	1.66e-16	1.27e-10	8.80e-06	1.00e+00	4.78e-06	0.00e+00
 9.10956e+12	9.66e-31	4.06e-23	1.99e-16	1.43e-10	9.36e-06	1.00e+00	4.49e-06	0.00e+00
 9.43042e+12	1.32e-30	5.22e-23	2.41e-16	1.63e-10	9.99e-06	1.00e+00	4.21e-06	0.00e+00
 9.81897e+12	1.90e-30	7.01e-23	3.01e-16	1.89e-10	1.08e-05	1.00e+00	3.90e-06	0.00e+00
 1.02090e+13	2.72e-30	9.32e-23	3.74e-16	2.19e-10	1.16e-05	1.00e+00	3.62e-06	0.00e+00
 1.05615e+13	3.71e-30	1.20e-22	4.52e-16	2.49e-10	1.24e-05	1.00e+00	3.39e-06	0.00e+00
 1.09520e+13	5.18e-30	1.57e-22	5.53e-16	2.85e-10	1.33e-05	1.00e+00	3.17e-06	0.00e+00
 1.14111e+13	7.56e-30	2.12e-22	6.96e-16	3.33e-10	1.44e-05	1.00e+00	2.93e-06	0.00e+00
 1.18647e+13	1.09e-29	2.84e-22	8.67e-16	3.86e-10	1.55e-05	1.00e+00	2.72e-06	0.00e+00
 1.22891e+13	1.51e-29	3.69e-22	1.06e-15	4.40e-10	1.65e-05	1.00e+00	2.54e-06	0.00e+00
 1.27632e+13	2.15e-29	4.90e-22	1.31e-15	5.08e-10	1.78e-05	1.00e+00	2.37e-06	0.00e+00
 1.33037e+13	3.16e-29	6.69e-22	1.65e-15	5.95e-10	1.93e-05	1.00e+00	2.19e-06	0.00e+00
 1.38405e+13	4.58e-29	9.01e-22	2.07e-15	6.91e-10	2.08e-05	1.00e+00	2.03e-06	0.00e+00
 1.43989e+13	6.65e-29	1.21e-21	2.59e-15	8.04e-10	2.24e-05	1.00e+00	1.88e-06	0.00e+00
 1.50048e+13	9.79e-29	1.66e-21	3.28e-15	9.41e-10	2.43e-05	1.00e+00	1.74e-06	0.00e+00
 1.56349e+13	1.44e-28	2.26e-21	4.14e-15	1.10e-09	2.63e-05	1.00e+00	1.60e-06	0.00e+00
 1.62449e+13	2.07e-28	3.02e-21	5.15e-15	1.28e-09	2.83e-05	1.00e+00	1.49e-06	0.00e+00
 1.68185e+13	2.88e-28	3.93e-21	6.29e-15	1.46e-09	3.02e-05	1.00e+00	1.39e-06	0.00e+00
 1.74603e+13	4.10e-28	5.23e-21	7.79e-15	1.68e-09	3.25e-05	1.00e+00	1.30e-06	0.00e+00
 1.81071e+13	5.78e-28	6.89e-21	9.60e-15	1.94e-09	3.49e-05	1.00e+00	1.21e-06	0.00e+00
 1.86440e+13	7.64e-28	8.61e-21	1.14e-14	2.17e-09	3.69e-05	1.00e+00	1.14e-06	0.00e+00
 1.92124e+13	1.01e-27	1.08e-20	1.35e-14	2.43e-09	3.92e-05	1.00e+00	1.08e-06	0.00e+00
 1.99393e+13	1.44e-27	1.43e-20	1.67e-14	2.81e-09	4.21e-05	1.00e+00	1.00e-06	0.00e+00
 2.07018e+13	2.05e-27	1.91e-20	2.07e-14	3.25e-09	4.54e-05	1.00e+00	0.00e+00	0.00e+00
 2.13762e+13	2.79e-27	2.44e-20	2.49e-14	3.68e-09	4.83e-05	1.00e+00	0.00e+00	0.00e+00
 2.21065e+13	3.83e-27	3.15e-20	3.03e-14	4.19e-09	5.16e-05	1.00e+00	0.00e+00	0.00e+00
 2.29847e+13	5.53e-27	4.23e-20	3.79e-14	4.88e-09	5.58e-05	1.00e+00	0.00e+00	0.00e+00
 2.38741e+13	7.91e-27	5.65e-20	4.72e-14	5.66e-09	6.02e-05	1.00e+00	0.00e+00	0.00e+00
 2.47069e+13	1.09e-26	7.33e-20	5.75e-14	6.47e-09	6.44e-05	1.00e+00	0.00e+00	0.00e+00
 2.56329e+13	1.55e-26	9.70e-20	7.11e-14	7.48e-09	6.93e-05	1.00e+00	0.00e+00	0.00e+00
 2.66144e+13	2.21e-26	1.29e-19	8.84e-14	8.66e-09	7.48e-05	1.00e+00	0.00e+00	0.00e+00
 2.74867e+13	2.99e-26	1.65e-19	1.07e-13	9.83e-09	7.97e-05	1.00e+00	0.00e+00	0.00e+00
 2.84254e+13	4.11e-26	2.13e-19	1.29e-13	1.12e-08	8.53e-05	1.00e+00	0.00e+00	0.00e+00
 2.95501e+13	5.92e-26	2.86e-19	1.62e-13	1.31e-08	9.23e-05	1.00e+00	0.00e+00	0.00e+00
 3.06570e+13	8.37e-26	3.78e-19	2.01e-13	1.51e-08	9.94e-05	1.00e+00	0.00e+00	0.00e+00
 3.16430e+13	1.13e-25	4.82e-19	2.41e-13	1.71e-08	1.06e-04	1.00e+00	0.00e+00	0.00e+00
 3.27314e+13	1.55e-25	6.23e-19	2.93e-13	1.96e-08	1.13e-04	1.00e+00	0.00e+00	0.00e+00
 3.40285e+13	2.23e-25	8.37e-19	3.67e-13	2.28e-08	1.23e-04	1.00e+00	0.00e+00	0.00e+00
 3.53166e+13	3.17e-25	1.11e-18	4.56e-13	2.64e-08	1.32e-04	1.00e+00	0.00e+00	0.00e+00
 3.64954e+13	4.33e-25	1.43e-18	5.52e-13	3.01e-08	1.42e-04	1.00e+00	0.00e+00	0.00e+00
 3.78124e+13	6.04e-25	1.87e-18	6.78e-13	3.46e-08	1.52e-04	1.00e+00	0.00e+00	0.00e+00
 3.93430e+13	8.78e-25	2.53e-18	8.55e-13	4.05e-08	1.65e-04	1.00e+00	0.00e+00	0.00e+00
 4.08450e+13	1.25e-24	3.37e-18	1.06e-12	4.69e-08	1.78e-04	1.00e+00	0.00e+00	0.00e+00
 4.22666e+13	1.73e-24	4.38e-18	1.30e-12	5.37e-08	1.91e-04	1.00e+00	0.00e+00	0.00e+00
 4.38468e+13	2.45e-24	5.79e-18	1.61e-12	6.22e-08	2.06e-04	1.00e+00	0.00e+00	0.00e+00
 4.56306e+13	3.57e-24	7.86e-18	2.03e-12	7.28e-08	2.23e-04	1.00e+00	0.00e+00	0.00e+00
 4.73241e+13	5.05e-24	1.04e-17	2.51e-12	8.41e-08	2.40e-04	1.00e+00	0.00e+00	0.00e+00
 4.88671e+13	6.86e-24	1.33e-17	3.03e-12	9.55e-08	2.56e-04	1.00e+00	0.00e+00	0.00e+00
 5.06123e+13	9.57e-24	1.74e-17	3.72e-12	1.10e-07	2.75e-04	1.00e+00	0.00e+00	0.00e+00
 5.26456e+13	1.39e-23	2.36e-17	4.69e-12	1.28e-07	2.98e-04	1.00e+00	0.00e+00	0.00e+00
 5.45978e+13	1.98e-23	3.12e-17	5.80e-12	1.48e-07	3.21e-04	1.00e+00	0.00e+00	0.00e+00
 5.62144e+13	2.61e-23	3.91e-17	6.89e-12	1.67e-07	3.41e-04	1.00e+00	0.00e+00	0.00e+00
 5.78505e+13	3.44e-23	4.88e-17	8.15e-12	1.87e-07	3.61e-04	1.00e+00	0.00e+00	0.00e+00
 5.99658e+13	4.85e-23	6.44e-17	1.01e-11	2.15e-07	3.88e-04	1.00e+00	0.00e+00	0.00e+00
 6.21545e+13	6.85e-23	8.51e-17	1.24e-11	2.48e-07	4.17e-04	1.00e+00	0.00e+00	0.00e+00
 6.40094e+13	9.09e-23	1.07e-16	1.48e-11	2.79e-07	4.43e-04	1.00e+00	0.00e+00	0.00e+00
 6.59796e+13	1.22e-22	1.35e-16	1.77e-11	3.14e-07	4.71e-04	1.00e+00	0.00e+00	0.00e+00
 6.84501e+13	1.73e-22	1.80e-16	2.19e-11	3.64e-07	5.07e-04	9.99e-01	0.00e+00	0.00e+00
 7.09958e+13	2.47e-22	2.39e-16	2.72e-11	4.21e-07	5.46e-04	9.99e-01	0.00e+00	0.00e+00
 7.32375e+13	3.34e-22	3.04e-16	3.27e-11	4.76e-07	5.81e-04	9.99e-01	0.00e+00	0.00e+00
 7.56591e+13	4.56e-22	3.92e-16	3.96e-11	5.42e-07	6.21e-04	9.99e-01	0.00e+00	0.00e+00
 7.85834e+13	6.58e-22	5.26e-16	4.95e-11	6.30e-07	6.71e-04	9.99e-01	0.00e+00	0.00e+00
 8.14844e+13	9.34e-22	6.97e-16	6.13e-11	7.27e-07	7.22e-04	9.99e-01	0.00e+00	0.00e+00
 8.40614e+13	1.26e-21	8.89e-16	7.37e-11	8.23e-07	7.68e-04	9.99e-01	0.00e+00	0.00e+00
 8.68938e+13	1.74e-21	1.15e-15	8.95e-11	9.39e-07	8.22e-04	9.99e-01	0.00e+00	0.00e+00
 9.02796e+13	2.51e-21	1.55e-15	1.12e-10	1.09e-06	8.88e-04	9.99e-01	0.00e+00	0.00e+00
 9.36430e+13	3.57e-21	2.05e-15	1.39e-10	1.27e-06	9.57e-04	9.99e-01	0.00e+00	0.00e+00
 9.67023e+13	4.86e-21	2.64e-15	1.68e-10	1.44e-06	1.02e-03	9.99e-01	0.00e+00	0.00e+00
 1.00108e+14	6.77e-21	3.44e-15	2.06e-10	1.65e-06	1.10e-03	9.99e-01	0.00e+00	0.00e+00
 1.04088e+14	9.81e-21	4.65e-15	2.59e-10	1.93e-06	1.19e-03	9.99e-01	0.00e+00	0.00e+00
 1.08006e+14	1.40e-20	6.18e-15	3.22e-10	2.24e-06	1.28e-03	9.99e-01	0.00e+00	0.00e+00
 1.11684e+14	1.92e-20	8.00e-15	3.93e-10	2.56e-06	1.37e-03	9.99e-01	0.00e+00	0.00e+00
 1.15785e+14	2.70e-20	1.05e-14	4.85e-10	2.95e-06	1.48e-03	9.99e-01	0.00e+00	0.00e+00
 1.20447e+14	3.91e-20	1.43e-14	6.12e-10	3.46e-06	1.61e-03	9.98e-01	0.00e+00	0.00e+00
 1.25094e+14	5.56e-20	1.90e-14	7.64e-10	4.02e-06	1.74e-03	9.98e-01	0.00e+00	0.00e+00
 1.29928e+14	7.93e-20	2.53e-14	9.54e-10	4.68e-06	1.88e-03	9.98e-01	0.00e+00	0.00e+00
 1.35012e+14	1.13e-19	3.39e-14	1.19e-09	5.46e-06	2.04e-03	9.98e-01	0.00e+00	0.00e+00
 1.39302e+14	1.51e-19	4.28e-14	1.43e-09	6.20e-06	2.18e-03	9.98e-01	0.00e+00	0.00e+00
 1.42654e+14	1.88e-19	5.12e-14	1.65e-09	6.82e-06	2.29e-03	9.98e-01	0.00e+00	0.00e+00
 1.46296e+14	2.36e-19	6.18e-14	1.91e-09	7.54e-06	2.42e-03	9.98e-01	0.00e+00	0.00e+00
 1.51031e+14	3.15e-19	7.83e-14	2.29e-09	8.57e-06	2.59e-03	9.97e-01	0.00e+00	0.00e+00
 1.56159e+14	4.25e-19	1.00e-13	2.78e-09	9.81e-06	2.78e-03	9.97e-01	0.00e+00	0.00e+00
 1.60779e+14	5.51e-19	1.24e-13	3.30e-09	1.10e-05	2.97e-03	9.97e-01	0.00e+00	0.00e+00
 1.65768e+14	7.23e-19	1.55e-13	3.94e-09	1.25e-05	3.17e-03	9.97e-01	0.00e+00	0.00e+00
 1.71975e+14	1.00e-18	2.03e-13	4.87e-09	1.45e-05	3.43e-03	9.97e-01	0.00e+00	0.00e+00
 1.78221e+14	1.37e-18	2.64e-13	5.99e-09	1.67e-05	3.71e-03	9.96e-01	0.00e+00	0.00e+00
 1.83634e+14	1.78e-18	3.28e-13	7.12e-09	1.88e-05	3.97e-03	9.96e-01	0.00e+00	0.00e+00
 1.89505e+14	2.32e-18	4.10e-13	8.53e-09	2.14e-05	4.25e-03	9.96e-01	0.00e+00	0.00e+00
 1.96695e+14	3.21e-18	5.37e-13	1.06e-08	2.48e-05	4.62e-03	9.95e-01	0.00e+00	0.00e+00
 2.03968e+14	4.38e-18	6.96e-13	1.30e-08	2.88e-05	5.01e-03	9.95e-01	0.00e+00	0.00e+00
 2.10456e+14	5.71e-18	8.70e-13	1.56e-08	3.26e-05	5.37e-03	9.95e-01	0.00e+00	0.00e+00
 2.17555e+14	7.56e-18	1.10e-12	1.89e-08	3.73e-05	5.79e-03	9.94e-01	0.00e+00	0.00e+00
 2.26014e+14	1.04e-17	1.44e-12	2.36e-08	4.35e-05	6.31e-03	9.94e-01	0.00e+00	0.00e+00
 2.34371e+14	1.41e-17	1.87e-12	2.91e-08	5.03e-05	6.84e-03	9.93e-01	0.00e+00	0.00e+00
 2.41945e+14	1.84e-17	2.34e-12	3.49e-08	5.72e-05	7.35e-03	9.93e-01	0.00e+00	0.00e+00
 2.50372e+14	2.45e-17	2.98e-12	4.25e-08	6.56e-05	7.94e-03	9.92e-01	0.00e+00	0.00e+00
 2.60252e+14	3.39e-17	3.92e-12	5.32e-08	7.66e-05	8.67e-03	9.91e-01	0.00e+00	0.00e+00
 2.69980e+14	4.60e-17	5.07e-12	6.58e-08	8.88e-05	9.42e-03	9.90e-01	0.00e+00	0.00e+00
 2.79056e+14	6.05e-17	6.41e-12	7.98e-08	1.01e-04	1.02e-02	9.90e-01	0.00e+00	0.00e+00
 2.89207e+14	8.15e-17	8.25e-12	9.82e-08	1.17e-04	1.10e-02	9.89e-01	0.00e+00	0.00e+00
 3.00806e+14	1.13e-16	1.09e-11	1.23e-07	1.37e-04	1.20e-02	9.88e-01	0.00e+00	0.00e+00
 3.12273e+14	1.84e-16	1.42e-11	1.54e-07	1.59e-04	1.31e-02	9.87e-01	0.00e+00	0.00e+00
 3.24199e+14	2.54e-16	1.86e-11	1.91e-07	1.85e-04	1.43e-02	9.86e-01	0.00e+00	0.00e+00
 3.35029e+14	3.37e-16	2.35e-11	2.32e-07	2.11e-04	1.54e-02	9.84e-01	0.00e+00	0.00e+00
 3.43137e+14	4.13e-16	2.78e-11	2.67e-07	2.32e-04	1.62e-02	9.84e-01	0.00e+00	0.00e+00
 3.51531e+14	5.09e-16	3.31e-11	3.08e-07	2.56e-04	1.71e-02	9.83e-01	0.00e+00	0.00e+00
 3.62444e+14	6.62e-16	4.12e-11	3.68e-07	2.89e-04	1.84e-02	9.81e-01	0.00e+00	0.00e+00
 3.74305e+14	8.75e-16	5.20e-11	4.46e-07	3.29e-04	1.97e-02	9.80e-01	0.00e+00	0.00e+00
 3.85044e+14	1.12e-15	6.38e-11	5.27e-07	3.68e-04	2.10e-02	9.79e-01	0.00e+00	0.00e+00
 3.96648e+14	1.45e-15	7.90e-11	6.29e-07	4.14e-04	2.25e-02	9.77e-01	0.00e+00	0.00e+00
 4.11286e+14	1.99e-15	1.03e-10	7.80e-07	4.79e-04	2.44e-02	9.75e-01	0.00e+00	0.00e+00
 4.26026e+14	2.70e-15	1.33e-10	9.63e-07	5.52e-04	2.64e-02	9.73e-01	0.00e+00	0.00e+00
 4.38495e+14	3.49e-15	1.64e-10	1.14e-06	6.19e-04	2.81e-02	9.71e-01	0.00e+00	0.00e+00
 4.51854e+14	4.54e-15	2.05e-10	1.37e-06	6.98e-04	3.01e-02	9.69e-01	0.00e+00	0.00e+00
 4.68607e+14	6.28e-15	2.68e-10	1.70e-06	8.08e-04	3.26e-02	9.67e-01	0.00e+00	0.00e+00
 4.86168e+14	8.56e-15	3.52e-10	2.13e-06	9.36e-04	3.54e-02	9.64e-01	0.00e+00	0.00e+00
 5.02080e+14	1.14e-14	4.47e-10	2.58e-06	1.07e-03	3.80e-02	9.61e-01	0.00e+00	0.00e+00
 5.19452e+14	1.54e-14	5.76e-10	3.17e-06	1.22e-03	4.10e-02	9.58e-01	0.00e+00	0.00e+00
 5.39871e+14	2.18e-14	7.70e-10	4.00e-06	1.43e-03	4.46e-02	9.54e-01	0.00e+00	0.00e+00
 5.59836e+14	3.03e-14	1.01e-09	4.98e-06	1.65e-03	4.83e-02	9.50e-01	0.00e+00	0.00e+00
 5.78140e+14	4.06e-14	1.29e-09	6.05e-06	1.87e-03	5.17e-02	9.46e-01	0.00e+00	0.00e+00
 5.98700e+14	5.57e-14	1.68e-09	7.48e-06	2.15e-03	5.58e-02	9.42e-01	0.00e+00	0.00e+00
 6.22542e+14	7.97e-14	2.26e-09	9.50e-06	2.52e-03	6.08e-02	9.37e-01	0.00e+00	0.00e+00
 6.45901e+14	1.12e-13	3.00e-09	1.19e-05	2.92e-03	6.58e-02	9.31e-01	0.00e+00	0.00e+00
 6.68133e+14	1.53e-13	3.89e-09	1.46e-05	3.34e-03	7.07e-02	9.26e-01	0.00e+00	0.00e+00
 6.87679e+14	1.99e-13	4.85e-09	1.74e-05	3.75e-03	7.52e-02	9.21e-01	0.00e+00	0.00e+00
 7.03845e+14	2.46e-13	5.80e-09	2.01e-05	4.12e-03	7.90e-02	9.17e-01	0.00e+00	0.00e+00
 7.21588e+14	3.10e-13	7.02e-09	2.33e-05	4.55e-03	8.33e-02	9.12e-01	0.00e+00	0.00e+00
 7.44655e+14	4.15e-13	8.95e-09	2.83e-05	5.15e-03	8.90e-02	9.06e-01	0.00e+00	0.00e+00
 7.69010e+14	5.59e-13	1.15e-08	3.44e-05	5.86e-03	9.52e-02	8.99e-01	0.00e+00	0.00e+00
 7.89966e+14	7.19e-13	1.42e-08	4.05e-05	6.52e-03	1.01e-01	8.93e-01	0.00e+00	0.00e+00
 8.12134e+14	9.31e-13	1.75e-08	4.80e-05	7.28e-03	1.07e-01	8.86e-01	0.00e+00	0.00e+00
 8.40953e+14	1.29e-12	2.30e-08	5.94e-05	8.36e-03	1.15e-01	8.77e-01	0.00e+00	0.00e+00
 8.70618e+14	1.78e-12	3.01e-08	7.33e-05	9.58e-03	1.23e-01	8.67e-01	0.00e+00	0.00e+00
 8.95301e+14	2.31e-12	3.74e-08	8.69e-05	1.07e-02	1.30e-01	8.59e-01	0.00e+00	0.00e+00
 9.21308e+14	3.03e-12	4.68e-08	1.03e-04	1.20e-02	1.38e-01	8.50e-01	0.00e+00	0.00e+00
 9.54743e+14	4.22e-12	6.18e-08	1.28e-04	1.38e-02	1.48e-01	8.38e-01	0.00e+00	0.00e+00
 9.89913e+14	5.92e-12	8.19e-08	1.60e-04	1.58e-02	1.59e-01	8.25e-01	0.00e+00	0.00e+00
 1.02061e+15	7.88e-12	1.04e-07	1.92e-04	1.78e-02	1.68e-01	8.14e-01	0.00e+00	0.00e+00
 1.05342e+15	1.06e-11	1.33e-07	2.32e-04	2.02e-02	1.79e-01	8.01e-01	0.00e+00	0.00e+00
 1.09342e+15	1.50e-11	1.78e-07	2.91e-04	2.33e-02	1.92e-01	7.85e-01	0.00e+00	0.00e+00
 1.13331e+15	2.09e-11	2.35e-07	3.60e-04	2.67e-02	2.05e-01	7.68e-01	0.00e+00	0.00e+00
 1.16842e+15	2.78e-11	2.97e-07	4.32e-04	2.99e-02	2.16e-01	7.53e-01	0.00e+00	0.00e+00
 1.20674e+15	3.74e-11	3.81e-07	5.23e-04	3.38e-02	2.29e-01	7.37e-01	0.00e+00	0.00e+00
 1.25299e+15	5.30e-11	5.08e-07	6.54e-04	3.88e-02	2.44e-01	7.16e-01	0.00e+00	0.00e+00
 1.29733e+15	7.27e-11	6.62e-07	8.01e-04	4.41e-02	2.59e-01	6.96e-01	0.00e+00	0.00e+00
 1.33463e+15	9.40e-11	8.21e-07	9.45e-04	4.89e-02	2.71e-01	6.79e-01	0.00e+00	0.00e+00
 1.36806e+15	1.17e-10	9.90e-07	1.09e-03	5.34e-02	2.82e-01	6.64e-01	0.00e+00	0.00e+00
 1.40464e+15	1.49e-10	1.21e-06	1.27e-03	5.87e-02	2.93e-01	6.47e-01	0.00e+00	0.00e+00
 1.44567e+15	1.94e-10	1.50e-06	1.50e-03	6.49e-02	3.06e-01	6.27e-01	0.00e+00	0.00e+00
 1.48440e+15	2.46e-10	1.83e-06	1.74e-03	7.12e-02	3.18e-01	6.09e-01	0.00e+00	0.00e+00
 1.52667e+15	3.18e-10	2.27e-06	2.04e-03	7.84e-02	3.30e-01	5.89e-01	0.00e+00	0.00e+00
 1.57314e+15	4.17e-10	2.83e-06	2.42e-03	8.67e-02	3.44e-01	5.67e-01	0.00e+00	0.00e+00
 1.61602e+15	5.29e-10	3.46e-06	2.80e-03	9.48e-02	3.55e-01	5.47e-01	0.00e+00	0.00e+00
 1.66272e+15	6.85e-10	4.28e-06	3.29e-03	1.04e-01	3.68e-01	5.25e-01	0.00e+00	0.00e+00
 1.71472e+15	8.99e-10	5.35e-06	3.89e-03	1.15e-01	3.80e-01	5.01e-01	0.00e+00	0.00e+00
 1.76395e+15	1.15e-09	6.58e-06	4.52e-03	1.25e-01	3.91e-01	4.79e-01	0.00e+00	0.00e+00
 1.81828e+15	1.51e-09	8.21e-06	5.32e-03	1.38e-01	4.03e-01	4.54e-01	0.00e+00	0.00e+00
 1.87787e+15	2.00e-09	1.03e-05	6.31e-03	1.51e-01	4.14e-01	4.28e-01	0.00e+00	0.00e+00
 1.93198e+15	2.55e-09	1.26e-05	7.30e-03	1.64e-01	4.23e-01	4.05e-01	0.00e+00	0.00e+00
 1.99002e+15	3.30e-09	1.56e-05	8.51e-03	1.79e-01	4.32e-01	3.81e-01	0.00e+00	0.00e+00
 2.05458e+15	4.33e-09	1.95e-05	1.00e-02	1.95e-01	4.40e-01	3.55e-01	0.00e+00	0.00e+00
 2.11515e+15	5.52e-09	2.37e-05	1.15e-02	2.11e-01	4.45e-01	3.33e-01	0.00e+00	0.00e+00
 2.18141e+15	7.20e-09	2.94e-05	1.34e-02	2.28e-01	4.50e-01	3.08e-01	0.00e+00	0.00e+00
 2.25426e+15	9.45e-09	3.67e-05	1.57e-02	2.47e-01	4.54e-01	2.83e-01	0.00e+00	0.00e+00
 2.32152e+15	1.20e-08	4.46e-05	1.81e-02	2.65e-01	4.55e-01	2.62e-01	0.00e+00	0.00e+00
 2.38228e+15	1.48e-08	5.28e-05	2.04e-02	2.81e-01	4.55e-01	2.43e-01	0.00e+00	0.00e+00
 2.43769e+15	1.79e-08	6.13e-05	2.27e-02	2.96e-01	4.54e-01	2.27e-01	0.00e+00	0.00e+00
 2.49863e+15	2.20e-08	7.22e-05	2.54e-02	3.12e-01	4.52e-01	2.11e-01	0.00e+00	0.00e+00
 2.56524e+15	2.71e-08	8.54e-05	2.86e-02	3.29e-01	4.49e-01	1.94e-01	0.00e+00	0.00e+00
 2.62873e+15	3.30e-08	9.98e-05	3.18e-02	3.45e-01	4.44e-01	1.79e-01	0.00e+00	0.00e+00
 2.69026e+15	3.97e-08	1.15e-04	3.52e-02	3.61e-01	4.39e-01	1.65e-01	0.00e+00	0.00e+00
 2.75973e+15	4.90e-08	1.36e-04	3.94e-02	3.78e-01	4.32e-01	1.50e-01	0.00e+00	0.00e+00
 2.83727e+15	6.09e-08	1.62e-04	4.43e-02	3.97e-01	4.24e-01	1.35e-01	0.00e+00	0.00e+00
 2.91054e+15	7.44e-08	1.89e-04	4.92e-02	4.14e-01	4.14e-01	1.23e-01	0.00e+00	0.00e+00
 2.97794e+15	8.89e-08	2.17e-04	5.41e-02	4.29e-01	4.05e-01	1.12e-01	0.00e+00	0.00e+00
 3.05244e+15	1.09e-07	2.54e-04	6.01e-02	4.45e-01	3.94e-01	1.01e-01	0.00e+00	0.00e+00
 3.13633e+15	1.35e-07	3.00e-04	6.72e-02	4.62e-01	3.81e-01	8.92e-02	0.00e+00	0.00e+00
 3.21605e+15	1.64e-07	3.48e-04	7.43e-02	4.77e-01	3.69e-01	7.96e-02	0.00e+00	0.00e+00
 3.28950e+15	1.95e-07	3.98e-04	8.12e-02	4.90e-01	3.56e-01	7.16e-02	0.00e+00	0.00e+00
 3.37115e+15	2.40e-07	4.65e-04	8.99e-02	5.05e-01	3.42e-01	6.32e-02	0.00e+00	0.00e+00
 3.46149e+15	2.96e-07	5.46e-04	9.98e-02	5.18e-01	3.26e-01	5.51e-02	0.00e+00	0.00e+00
 3.54575e+15	3.57e-07	6.30e-04	1.10e-01	5.30e-01	3.11e-01	4.85e-02	0.00e+00	0.00e+00
 3.62444e+15	4.26e-07	7.20e-04	1.20e-01	5.40e-01	2.97e-01	4.29e-02	0.00e+00	0.00e+00
 3.70147e+15	5.04e-07	8.18e-04	1.30e-01	5.49e-01	2.83e-01	3.79e-02	0.00e+00	0.00e+00
 3.78988e+15	6.21e-07	9.57e-04	1.43e-01	5.57e-01	2.66e-01	3.26e-02	0.00e+00	0.00e+00
 3.88055e+15	7.48e-07	1.10e-03	1.57e-01	5.64e-01	2.50e-01	2.81e-02	0.00e+00	0.00e+00
 3.95802e+15	8.87e-07	1.25e-03	1.70e-01	5.69e-01	2.36e-01	2.46e-02	0.00e+00	0.00e+00
 4.03152e+15	1.04e-06	1.41e-03	1.83e-01	5.72e-01	2.22e-01	2.16e-02	0.00e+00	0.00e+00
 4.11602e+15	1.26e-06	1.63e-03	1.99e-01	5.74e-01	2.07e-01	1.84e-02	0.00e+00	0.00e+00
 4.19572e+15	1.48e-06	1.84e-03	2.15e-01	5.74e-01	1.93e-01	1.59e-02	0.00e+00	0.00e+00
 4.25258e+15	1.67e-06	2.01e-03	2.27e-01	5.73e-01	1.83e-01	1.43e-02	0.00e+00	0.00e+00
 4.30990e+15	1.90e-06	2.22e-03	2.40e-01	5.72e-01	1.73e-01	1.27e-02	0.00e+00	0.00e+00
 4.38441e+15	2.29e-06	2.54e-03	2.59e-01	5.68e-01	1.60e-01	1.08e-02	0.00e+00	0.00e+00
 4.45557e+15	2.65e-06	2.84e-03	2.76e-01	5.63e-01	1.48e-01	9.30e-03	0.00e+00	0.00e+00
 4.50877e+15	2.99e-06	3.10e-03	2.91e-01	5.58e-01	1.40e-01	8.26e-03	0.00e+00	0.00e+00
 4.56433e+15	3.43e-06	3.43e-03	3.07e-01	5.52e-01	1.30e-01	7.22e-03	0.00e+00	0.00e+00
 4.62512e+15	3.83e-06	3.74e-03	3.24e-01	5.45e-01	1.21e-01	6.29e-03	0.00e+00	0.00e+00
 4.69273e+15	4.52e-06	4.22e-03	3.45e-01	5.35e-01	1.10e-01	5.29e-03	0.00e+00	0.00e+00
 4.75956e+15	5.31e-06	4.75e-03	3.67e-01	5.23e-01	1.00e-01	4.43e-03	0.00e+00	0.00e+00
 4.81020e+15	6.18e-06	5.30e-03	3.85e-01	5.13e-01	9.25e-02	3.82e-03	0.00e+00	0.00e+00
 4.85136e+15	6.86e-06	5.72e-03	4.00e-01	5.04e-01	8.65e-02	3.38e-03	0.00e+00	0.00e+00
 4.89538e+15	7.57e-06	6.16e-03	4.16e-01	4.94e-01	8.03e-02	2.97e-03	0.00e+00	0.00e+00
 4.95261e+15	8.81e-06	6.88e-03	4.38e-01	4.80e-01	7.24e-02	2.47e-03	0.00e+00	0.00e+00
 5.01183e+15	1.04e-05	7.74e-03	4.61e-01	4.64e-01	6.46e-02	2.02e-03	0.00e+00	0.00e+00
 5.05971e+15	1.23e-05	8.74e-03	4.83e-01	4.49e-01	5.82e-02	1.67e-03	0.00e+00	0.00e+00
 5.09737e+15	1.36e-05	9.40e-03	4.98e-01	4.38e-01	5.37e-02	1.45e-03	0.00e+00	0.00e+00
 5.13569e+15	1.54e-05	1.02e-02	5.15e-01	4.25e-01	4.90e-02	1.24e-03	0.00e+00	0.00e+00
 5.18550e+15	1.82e-05	1.15e-02	5.37e-01	4.07e-01	4.32e-02	9.96e-04	0.00e+00	0.00e+00
 5.23585e+15	2.04e-05	1.26e-02	5.57e-01	3.91e-01	3.82e-02	8.14e-04	0.00e+00	0.00e+00
 5.28692e+15	2.42e-05	1.42e-02	5.80e-01	3.72e-01	3.30e-02	6.35e-04	0.00e+00	0.00e+00
 5.33818e+15	2.87e-05	1.60e-02	6.02e-01	3.53e-01	2.84e-02	4.91e-04	0.00e+00	0.00e+00
 5.37212e+15	3.31e-05	1.77e-02	6.17e-01	3.39e-01	2.54e-02	4.05e-04	0.00e+00	0.00e+00
 5.39129e+15	3.48e-05	1.83e-02	6.25e-01	3.33e-01	2.40e-02	3.68e-04	0.00e+00	0.00e+00
 5.40886e+15	3.71e-05	1.92e-02	6.32e-01	3.25e-01	2.25e-02	3.32e-04	0.00e+00	0.00e+00
 5.43169e+15	4.10e-05	2.05e-02	6.43e-01	3.16e-01	2.07e-02	2.87e-04	0.00e+00	0.00e+00
 5.46138e+15	4.50e-05	2.19e-02	6.55e-01	3.05e-01	1.86e-02	2.42e-04	0.00e+00	0.00e+00
 5.49997e+15	5.34e-05	2.46e-02	6.71e-01	2.88e-01	1.59e-02	1.85e-04	0.00e+00	0.00e+00
 5.53410e+15	6.01e-05	2.67e-02	6.84e-01	2.75e-01	1.40e-02	1.50e-04	0.00e+00	0.00e+00
 5.55685e+15	6.45e-05	2.81e-02	6.91e-01	2.67e-01	1.29e-02	1.30e-04	0.00e+00	0.00e+00
 5.58085e+15	7.10e-05	3.00e-02	7.00e-01	2.58e-01	1.16e-02	1.09e-04	0.00e+00	0.00e+00
 5.61205e+15	8.20e-05	3.30e-02	7.12e-01	2.45e-01	1.01e-02	8.56e-05	0.00e+00	0.00e+00
 5.64270e+15	9.20e-05	3.58e-02	7.21e-01	2.34e-01	8.80e-03	6.87e-05	0.00e+00	0.00e+00
 5.66744e+15	1.01e-04	3.82e-02	7.29e-01	2.25e-01	7.87e-03	5.69e-05	0.00e+00	0.00e+00
 5.69442e+15	1.13e-04	4.12e-02	7.37e-01	2.15e-01	6.90e-03	4.58e-05	0.00e+00	0.00e+00
 5.72442e+15	1.28e-04	4.47e-02	7.45e-01	2.04e-01	5.97e-03	3.60e-05	0.00e+00	0.00e+00
 5.75238e+15	1.43e-04	4.83e-02	7.52e-01	1.95e-01	5.20e-03	2.86e-05	0.00e+00	0.00e+00
 5.77858e+15	1.60e-04	5.19e-02	7.58e-01	1.86e-01	4.56e-03	2.30e-05	0.00e+00	0.00e+00
 5.80844e+15	1.81e-04	5.63e-02	7.64e-01	1.76e-01	3.89e-03	1.77e-05	0.00e+00	0.00e+00
 5.84038e+15	2.06e-04	6.15e-02	7.69e-01	1.66e-01	3.29e-03	1.34e-05	0.00e+00	0.00e+00
 5.86834e+15	2.31e-04	6.63e-02	7.73e-01	1.57e-01	2.83e-03	1.05e-05	0.00e+00	0.00e+00
 5.89800e+15	2.62e-04	7.21e-02	7.77e-01	1.48e-01	2.39e-03	7.94e-06	0.00e+00	0.00e+00
 5.93027e+15	3.00e-04	7.87e-02	7.80e-01	1.39e-01	2.00e-03	5.91e-06	0.00e+00	0.00e+00
 5.95930e+15	3.39e-04	8.52e-02	7.82e-01	1.31e-01	1.70e-03	4.51e-06	0.00e+00	0.00e+00
 5.98614e+15	3.79e-04	9.17e-02	7.83e-01	1.23e-01	1.45e-03	3.49e-06	0.00e+00	0.00e+00
 6.01675e+15	4.32e-04	9.99e-02	7.83e-01	1.15e-01	1.21e-03	2.58e-06	0.00e+00	0.00e+00
 6.05015e+15	4.98e-04	1.09e-01	7.82e-01	1.07e-01	9.87e-04	1.87e-06	0.00e+00	0.00e+00
 6.08017e+15	5.67e-04	1.19e-01	7.80e-01	9.96e-02	8.22e-04	1.39e-06	0.00e+00	0.00e+00
 6.10766e+15	6.36e-04	1.28e-01	7.77e-01	9.34e-02	6.95e-04	1.06e-06	0.00e+00	0.00e+00
 6.13887e+15	7.31e-04	1.40e-01	7.73e-01	8.60e-02	5.66e-04	7.61e-07	0.00e+00	0.00e+00
 6.17262e+15	8.49e-04	1.53e-01	7.67e-01	7.87e-02	4.54e-04	0.00e+00	0.00e+00	0.00e+00
 6.20296e+15	9.71e-04	1.67e-01	7.59e-01	7.23e-02	3.72e-04	0.00e+00	0.00e+00	0.00e+00
 6.23135e+15	1.10e-03	1.81e-01	7.51e-01	6.66e-02	3.06e-04	0.00e+00	0.00e+00	0.00e+00
 6.26394e+15	1.28e-03	1.98e-01	7.40e-01	6.04e-02	2.44e-04	0.00e+00	0.00e+00	0.00e+00
 6.30030e+15	1.51e-03	2.19e-01	7.26e-01	5.38e-02	1.88e-04	0.00e+00	0.00e+00	0.00e+00
 6.33355e+15	1.77e-03	2.41e-01	7.10e-01	4.79e-02	1.46e-04	0.00e+00	0.00e+00	0.00e+00
 6.36313e+15	2.04e-03	2.62e-01	6.93e-01	4.29e-02	1.17e-04	0.00e+00	0.00e+00	0.00e+00
 6.39594e+15	2.38e-03	2.87e-01	6.73e-01	3.79e-02	8.97e-05	0.00e+00	0.00e+00	0.00e+00
 6.43860e+15	2.93e-03	3.24e-01	6.42e-01	3.16e-02	6.24e-05	0.00e+00	0.00e+00	0.00e+00
 6.48171e+15	3.64e-03	3.65e-01	6.05e-01	2.59e-02	4.28e-05	0.00e+00	0.00e+00	0.00e+00
 6.51536e+15	4.33e-03	4.02e-01	5.72e-01	2.18e-02	3.11e-05	0.00e+00	0.00e+00	0.00e+00
 6.54394e+15	5.02e-03	4.35e-01	5.42e-01	1.85e-02	2.33e-05	0.00e+00	0.00e+00	0.00e+00
 6.57599e+15	5.94e-03	4.74e-01	5.05e-01	1.53e-02	1.66e-05	0.00e+00	0.00e+00	0.00e+00
 6.61206e+15	7.19e-03	5.21e-01	4.60e-01	1.20e-02	1.10e-05	0.00e+00	0.00e+00	0.00e+00
 6.64523e+15	8.62e-03	5.67e-01	4.15e-01	9.37e-03	7.36e-06	0.00e+00	0.00e+00	0.00e+00
 6.67427e+15	1.01e-02	6.09e-01	3.74e-01	7.35e-03	5.00e-06	0.00e+00	0.00e+00	0.00e+00
 6.69964e+15	1.16e-02	6.46e-01	3.37e-01	5.84e-03	3.49e-06	0.00e+00	0.00e+00	0.00e+00
 6.72179e+15	1.32e-02	6.78e-01	3.04e-01	4.70e-03	2.51e-06	0.00e+00	0.00e+00	0.00e+00
 6.74616e+15	1.51e-02	7.12e-01	2.69e-01	3.63e-03	1.69e-06	0.00e+00	0.00e+00	0.00e+00
 6.77196e+15	1.75e-02	7.48e-01	2.32e-01	2.69e-03	1.09e-06	0.00e+00	0.00e+00	0.00e+00
 6.79328e+15	1.99e-02	7.76e-01	2.02e-01	2.04e-03	7.30e-07	0.00e+00	0.00e+00	0.00e+00
 6.81079e+15	2.21e-02	7.98e-01	1.78e-01	1.61e-03	0.00e+00	0.00e+00	0.00e+00	0.00e+00
 6.82970e+15	2.47e-02	8.20e-01	1.55e-01	1.22e-03	0.00e+00	0.00e+00	0.00e+00	0.00e+00
 6.85045e+15	2.80e-02	8.41e-01	1.30e-01	8.87e-04	0.00e+00	0.00e+00	0.00e+00	0.00e+00
 6.86888e+15	3.15e-02	8.58e-01	1.10e-01	6.49e-04	0.00e+00	0.00e+00	0.00e+00	0.00e+00
 6.88459e+15	3.47e-02	8.70e-01	9.46e-02	4.93e-04	0.00e+00	0.00e+00	0.00e+00	0.00e+00
 6.90146e+15	3.87e-02	8.81e-01	7.96e-02	3.59e-04	0.00e+00	0.00e+00	0.00e+00	0.00e+00
 6.91995e+15	4.38e-02	8.91e-01	6.49e-02	2.49e-04	0.00e+00	0.00e+00	0.00e+00	0.00e+00
 6.93627e+15	4.89e-02	8.98e-01	5.33e-02	1.75e-04	0.00e+00	0.00e+00	0.00e+00	0.00e+00
 6.95025e+15	5.40e-02	9.01e-01	4.47e-02	1.28e-04	0.00e+00	0.00e+00	0.00e+00	0.00e+00
 6.96342e+15	5.92e-02	9.03e-01	3.75e-02	9.39e-05	0.00e+00	0.00e+00	0.00e+00	0.00e+00
 6.97849e+15	6.62e-02	9.03e-01	3.05e-02	6.50e-05	0.00e+00	0.00e+00	0.00e+00	0.00e+00
 6.99523e+15	7.48e-02	9.01e-01	2.39e-02	4.24e-05	0.00e+00	0.00e+00	0.00e+00	0.00e+00
 7.01034e+15	8.41e-02	8.97e-01	1.88e-02	2.80e-05	0.00e+00	0.00e+00	0.00e+00	0.00e+00
 7.02345e+15	9.31e-02	8.92e-01	1.52e-02	1.93e-05	0.00e+00	0.00e+00	0.00e+00	0.00e+00
 7.03662e+15	1.03e-01	8.85e-01	1.21e-02	1.31e-05	0.00e+00	0.00e+00	0.00e+00	0.00e+00
 7.04921e+15	1.14e-01	8.76e-01	9.69e-03	8.90e-06	0.00e+00	0.00e+00	0.00e+00	0.00e+00
 7.05976e+15	1.24e-01	8.68e-01	7.97e-03	6.37e-06	0.00e+00	0.00e+00	0.00e+00	0.00e+00
 7.06983e+15	1.35e-01	8.59e-01	6.59e-03	4.58e-06	0.00e+00	0.00e+00	0.00e+00	0.00e+00
 7.08035e+15	1.46e-01	8.48e-01	5.37e-03	3.22e-06	0.00e+00	0.00e+00	0.00e+00	0.00e+00
 7.09056e+15	1.59e-01	8.37e-01	4.37e-03	2.27e-06	0.00e+00	0.00e+00	0.00e+00	0.00e+00
 7.09975e+15	1.70e-01	8.26e-01	3.62e-03	1.64e-06	0.00e+00	0.00e+00	0.00e+00	0.00e+00
 7.10782e+15	1.81e-01	8.16e-01	3.06e-03	1.23e-06	0.00e+00	0.00e+00	0.00e+00	0.00e+00
 7.11386e+15	1.90e-01	8.08e-01	2.70e-03	9.94e-07	0.00e+00	0.00e+00	0.00e+00	0.00e+00
 7.11802e+15	1.96e-01	8.02e-01	2.47e-03	0.00e+00	0.00e+00	0.00e+00	0.00e+00	0.00e+00
 7.12209e+15	2.02e-01	7.96e-01	2.26e-03	0.00e+00	0.00e+00	0.00e+00	0.00e+00	0.00e+00
 7.12686e+15	2.09e-01	7.89e-01	2.03e-03	0.00e+00	0.00e+00	0.00e+00	0.00e+00	0.00e+00
 7.13196e+15	2.17e-01	7.81e-01	1.82e-03	0.00e+00	0.00e+00	0.00e+00	0.00e+00	0.00e+00
 7.13685e+15	2.25e-01	7.74e-01	1.63e-03	0.00e+00	0.00e+00	0.00e+00	0.00e+00	0.00e+00
 7.14151e+15	2.32e-01	7.66e-01	1.47e-03	0.00e+00	0.00e+00	0.00e+00	0.00e+00	0.00e+00
 7.14617e+15	2.40e-01	7.59e-01	1.32e-03	0.00e+00	0.00e+00	0.00e+00	0.00e+00	0.00e+00
 7.15086e+15	2.48e-01	7.51e-01	1.19e-03	0.00e+00	0.00e+00	0.00e+00	0.00e+00	0.00e+00
 7.15555e+15	2.56e-01	7.43e-01	1.07e-03	0.00e+00	0.00e+00	0.00e+00	0.00e+00	0.00e+00
 7.16020e+15	2.64e-01	7.35e-01	9.58e-04	0.00e+00	0.00e+00	0.00e+00	0.00e+00	0.00e+00
 7.16480e+15	2.72e-01	7.27e-01	8.60e-04	0.00e+00	0.00e+00	0.00e+00	0.00e+00	0.00e+00
 7.16942e+15	2.80e-01	7.19e-01	7.73e-04	0.00e+00	0.00e+00	0.00e+00	0.00e+00	0.00e+00
 7.17409e+15	2.89e-01	7.10e-01	6.92e-04	0.00e+00	0.00e+00	0.00e+00	0.00e+00	0.00e+00
 7.17877e+15	2.97e-01	7.02e-01	6.20e-04	0.00e+00	0.00e+00	0.00e+00	0.00e+00	0.00e+00
 7.18336e+15	3.06e-01	6.94e-01	5.56e-04	0.00e+00	0.00e+00	0.00e+00	0.00e+00	0.00e+00
 7.18793e+15	3.14e-01	6.85e-01	4.99e-04	0.00e+00	0.00e+00	0.00e+00	0.00e+00	0.00e+00
 7.19259e+15	3.23e-01	6.77e-01	4.47e-04	0.00e+00	0.00e+00	0.00e+00	0.00e+00	0.00e+00
 7.19726e+15	3.32e-01	6.68e-01	4.00e-04	0.00e+00	0.00e+00	0.00e+00	0.00e+00	0.00e+00
 7.20193e+15	3.41e-01	6.59e-01	3.58e-04	0.00e+00	0.00e+00	0.00e+00	0.00e+00	0.00e+00
 7.20663e+15	3.50e-01	6.50e-01	3.20e-04	0.00e+00	0.00e+00	0.00e+00	0.00e+00	0.00e+00
 7.21137e+15	3.60e-01	6.40e-01	2.86e-04	0.00e+00	0.00e+00	0.00e+00	0.00e+00	0.00e+00
 7.21621e+15	3.69e-01	6.31e-01	2.55e-04	0.00e+00	0.00e+00	0.00e+00	0.00e+00	0.00e+00
 7.22102e+15	3.79e-01	6.21e-01	2.28e-04	0.00e+00	0.00e+00	0.00e+00	0.00e+00	0.00e+00
 7.22586e+15	3.88e-01	6.11e-01	2.03e-04	0.00e+00	0.00e+00	0.00e+00	0.00e+00	0.00e+00
 7.23080e+15	3.98e-01	6.02e-01	1.81e-04	0.00e+00	0.00e+00	0.00e+00	0.00e+00	0.00e+00
 7.23577e+15	4.08e-01	5.91e-01	1.62e-04	0.00e+00	0.00e+00	0.00e+00	0.00e+00	0.00e+00
 7.24075e+15	4.19e-01	5.81e-01	1.44e-04	0.00e+00	0.00e+00	0.00e+00	0.00e+00	0.00e+00
 7.24574e+15	4.29e-01	5.71e-01	1.29e-04	0.00e+00	0.00e+00	0.00e+00	0.00e+00	0.00e+00
 7.25075e+15	4.40e-01	5.60e-01	1.16e-04	0.00e+00	0.00e+00	0.00e+00	0.00e+00	0.00e+00
 7.25584e+15	4.51e-01	5.49e-01	1.03e-04	0.00e+00	0.00e+00	0.00e+00	0.00e+00	0.00e+00
 7.26103e+15	4.62e-01	5.38e-01	9.26e-05	0.00e+00	0.00e+00	0.00e+00	0.00e+00	0.00e+00
 7.26631e+15	4.73e-01	5.27e-01	8.29e-05	0.00e+00	0.00e+00	0.00e+00	0.00e+00	0.00e+00
 7.27172e+15	4.85e-01	5.15e-01	7.43e-05	0.00e+00	0.00e+00	0.00e+00	0.00e+00	0.00e+00
 7.27731e+15	4.97e-01	5.03e-01	6.65e-05	0.00e+00	0.00e+00	0.00e+00	0.00e+00	0.00e+00
 7.28309e+15	5.09e-01	4.91e-01	5.96e-05	0.00e+00	0.00e+00	0.00e+00	0.00e+00	0.00e+00
 7.28909e+15	5.22e-01	4.78e-01	5.34e-05	0.00e+00	0.00e+00	0.00e+00	0.00e+00	0.00e+00
 7.29541e+15	5.35e-01	4.65e-01	4.79e-05	0.00e+00	0.00e+00	0.00e+00	0.00e+00	0.00e+00
 7.30211e+15	5.49e-01	4.51e-01	4.29e-05	0.00e+00	0.00e+00	0.00e+00	0.00e+00	0.00e+00
 7.30923e+15	5.63e-01	4.37e-01	3.84e-05	0.00e+00	0.00e+00	0.00e+00	0.00e+00	0.00e+00
 7.31693e+15	5.79e-01	4.21e-01	3.43e-05	0.00e+00	0.00e+00	0.00e+00	0.00e+00	0.00e+00
 7.32528e+15	5.92e-01	4.08e-01	3.08e-05	0.00e+00	0.00e+00	0.00e+00	0.00e+00	0.00e+00
 7.33453e+15	6.08e-01	3.92e-01	2.75e-05	0.00e+00	0.00e+00	0.00e+00	0.00e+00	0.00e+00
 7.34497e+15	6.25e-01	3.75e-01	2.45e-05	0.00e+00	0.00e+00	0.00e+00	0.00e+00	0.00e+00
 7.35642e+15	6.41e-01	3.59e-01	2.19e-05	0.00e+00	0.00e+00	0.00e+00	0.00e+00	0.00e+00
 7.36823e+15	6.56e-01	3.44e-01	1.98e-05	0.00e+00	0.00e+00	0.00e+00	0.00e+00	0.00e+00
 7.37996e+15	6.71e-01	3.28e-01	1.80e-05	0.00e+00	0.00e+00	0.00e+00	0.00e+00	0.00e+00
 7.39339e+15	6.84e-01	3.16e-01	1.64e-05	0.00e+00	0.00e+00	0.00e+00	0.00e+00	0.00e+00
 7.40902e+15	6.99e-01	3.01e-01	1.48e-05	0.00e+00	0.00e+00	0.00e+00	0.00e+00	0.00e+00
 7.42542e+15	7.14e-01	2.86e-01	1.34e-05	0.00e+00	0.00e+00	0.00e+00	0.00e+00	0.00e+00
 7.44261e+15	7.28e-01	2.72e-01	1.22e-05	0.00e+00	0.00e+00	0.00e+00	0.00e+00	0.00e+00
 7.46071e+15	7.42e-01	2.58e-01	1.10e-05	0.00e+00	0.00e+00	0.00e+00	0.00e+00	0.00e+00
 7.47947e+15	7.55e-01	2.45e-01	9.97e-06	0.00e+00	0.00e+00	0.00e+00	0.00e+00	0.00e+00
 7.49847e+15	7.69e-01	2.31e-01	9.01e-06	0.00e+00	0.00e+00	0.00e+00	0.00e+00	0.00e+00
 7.51742e+15	7.81e-01	2.19e-01	8.15e-06	0.00e+00	0.00e+00	0.00e+00	0.00e+00	0.00e+00
 7.53617e+15	7.94e-01	2.06e-01	7.37e-06	0.00e+00	0.00e+00	0.00e+00	0.00e+00	0.00e+00
 7.55468e+15	8.05e-01	1.95e-01	6.67e-06	0.00e+00	0.00e+00	0.00e+00	0.00e+00	0.00e+00
 7.57290e+15	8.17e-01	1.83e-01	6.04e-06	0.00e+00	0.00e+00	0.00e+00	0.00e+00	0.00e+00
 7.59082e+15	8.27e-01	1.73e-01	5.47e-06	0.00e+00	0.00e+00	0.00e+00	0.00e+00	0.00e+00
 7.60840e+15	8.38e-01	1.62e-01	4.96e-06	0.00e+00	0.00e+00	0.00e+00	0.00e+00	0.00e+00
 7.62564e+15	8.47e-01	1.53e-01	4.50e-06	0.00e+00	0.00e+00	0.00e+00	0.00e+00	0.00e+00
 7.64254e+15	8.56e-01	1.44e-01	4.08e-06	0.00e+00	0.00e+00	0.00e+00	0.00e+00	0.00e+00
 7.65912e+15	8.65e-01	1.35e-01	3.71e-06	0.00e+00	0.00e+00	0.00e+00	0.00e+00	0.00e+00
 7.67539e+15	8.73e-01	1.27e-01	3.36e-06	0.00e+00	0.00e+00	0.00e+00	0.00e+00	0.00e+00
 7.69174e+15	8.81e-01	1.19e-01	3.06e-06	0.00e+00	0.00e+00	0.00e+00	0.00e+00	0.00e+00
 7.70762e+15	8.88e-01	1.12e-01	2.77e-06	0.00e+00	0.00e+00	0.00e+00	0.00e+00	0.00e+00
 7.72292e+15	8.95e-01	1.05e-01	2.53e-06	0.00e+00	0.00e+00	0.00e+00	0.00e+00	0.00e+00
 7.73826e+15	9.02e-01	9.84e-02	2.30e-06	0.00e+00	0.00e+00	0.00e+00	0.00e+00	0.00e+00
 7.75329e+15	9.08e-01	9.24e-02	2.10e-06	0.00e+00	0.00e+00	0.00e+00	0.00e+00	0.00e+00
 7.76792e+15	9.13e-01	8.68e-02	1.92e-06	0.00e+00	0.00e+00	0.00e+00	0.00e+00	0.00e+00
 7.78222e+15	9.18e-01	8.17e-02	1.75e-06	0.00e+00	0.00e+00	0.00e+00	0.00e+00	0.00e+00
 7.79627e+15	9.23e-01	7.68e-02	1.60e-06	0.00e+00	0.00e+00	0.00e+00	0.00e+00	0.00e+00
 7.81003e+15	9.28e-01	7.23e-02	1.47e-06	0.00e+00	0.00e+00	0.00e+00	0.00e+00	0.00e+00
 7.82361e+15	9.32e-01	6.81e-02	1.35e-06	0.00e+00	0.00e+00	0.00e+00	0.00e+00	0.00e+00
 7.83717e+15	9.36e-01	6.40e-02	1.24e-06	0.00e+00	0.00e+00	0.00e+00	0.00e+00	0.00e+00
 7.85063e+15	9.40e-01	6.03e-02	1.14e-06	0.00e+00	0.00e+00	0.00e+00	0.00e+00	0.00e+00
 7.86392e+15	9.43e-01	5.67e-02	1.04e-06	0.00e+00	0.00e+00	0.00e+00	0.00e+00	0.00e+00
 7.87701e+15	9.47e-01	5.35e-02	9.60e-07	0.00e+00	0.00e+00	0.00e+00	0.00e+00	0.00e+00
 7.88996e+15	9.50e-01	5.04e-02	8.83e-07	0.00e+00	0.00e+00	0.00e+00	0.00e+00	0.00e+00
 7.90278e+15	9.52e-01	4.75e-02	8.14e-07	0.00e+00	0.00e+00	0.00e+00	0.00e+00	0.00e+00
 7.91549e+15	9.55e-01	4.48e-02	7.50e-07	0.00e+00	0.00e+00	0.00e+00	0.00e+00	0.00e+00
 7.92809e+15	9.58e-01	4.23e-02	6.92e-07	0.00e+00	0.00e+00	0.00e+00	0.00e+00	0.00e+00
 7.94060e+15	9.60e-01	3.99e-02	6.39e-07	0.00e+00	0.00e+00	0.00e+00	0.00e+00	0.00e+00
 7.95304e+15	9.62e-01	3.77e-02	5.91e-07	0.00e+00	0.00e+00	0.00e+00	0.00e+00	0.00e+00
 7.96542e+15	9.64e-01	3.57e-02	5.46e-07	0.00e+00	0.00e+00	0.00e+00	0.00e+00	0.00e+00
 7.97777e+15	9.66e-01	3.37e-02	5.05e-07	0.00e+00	0.00e+00	0.00e+00	0.00e+00	0.00e+00
 7.99010e+15	9.68e-01	3.19e-02	4.68e-07	0.00e+00	0.00e+00	0.00e+00	0.00e+00	0.00e+00
 8.00244e+15	9.70e-01	3.02e-02	4.33e-07	0.00e+00	0.00e+00	0.00e+00	0.00e+00	0.00e+00
 8.01482e+15	9.71e-01	2.85e-02	4.01e-07	0.00e+00	0.00e+00	0.00e+00	0.00e+00	0.00e+00
 8.02736e+15	9.73e-01	2.70e-02	3.71e-07	0.00e+00	0.00e+00	0.00e+00	0.00e+00	0.00e+00
 8.04024e+15	9.75e-01	2.55e-02	3.43e-07	0.00e+00	0.00e+00	0.00e+00	0.00e+00	0.00e+00
 8.05343e+15	9.76e-01	2.41e-02	3.16e-07	0.00e+00	0.00e+00	0.00e+00	0.00e+00	0.00e+00
 8.06686e+15	9.77e-01	2.27e-02	2.92e-07	0.00e+00	0.00e+00	0.00e+00	0.00e+00	0.00e+00
 8.08058e+15	9.79e-01	2.14e-02	2.69e-07	0.00e+00	0.00e+00	0.00e+00	0.00e+00	0.00e+00
 8.09474e+15	9.80e-01	2.02e-02	2.48e-07	0.00e+00	0.00e+00	0.00e+00	0.00e+00	0.00e+00
 8.10950e+15	9.81e-01	1.90e-02	2.27e-07	0.00e+00	0.00e+00	0.00e+00	0.00e+00	0.00e+00
 8.12505e+15	9.82e-01	1.78e-02	2.08e-07	0.00e+00	0.00e+00	0.00e+00	0.00e+00	0.00e+00
 8.14166e+15	9.83e-01	1.67e-02	1.89e-07	0.00e+00	0.00e+00	0.00e+00	0.00e+00	0.00e+00
 8.15974e+15	9.84e-01	1.55e-02	1.71e-07	0.00e+00	0.00e+00	0.00e+00	0.00e+00	0.00e+00
 8.17995e+15	9.86e-01	1.44e-02	1.53e-07	0.00e+00	0.00e+00	0.00e+00	0.00e+00	0.00e+00
 8.20348e+15	9.87e-01	1.31e-02	1.35e-07	0.00e+00	0.00e+00	0.00e+00	0.00e+00	0.00e+00
 8.22889e+15	9.88e-01	1.20e-02	1.19e-07	0.00e+00	0.00e+00	0.00e+00	0.00e+00	0.00e+00
 8.25300e+15	9.89e-01	1.11e-02	1.06e-07	0.00e+00	0.00e+00	0.00e+00	0.00e+00	0.00e+00
 8.27493e+15	9.90e-01	1.04e-02	9.56e-08	0.00e+00	0.00e+00	0.00e+00	0.00e+00	0.00e+00
 8.29489e+15	9.90e-01	9.79e-03	8.75e-08	0.00e+00	0.00e+00	0.00e+00	0.00e+00	0.00e+00
 8.31306e+15	9.91e-01	9.29e-03	8.08e-08	0.00e+00	0.00e+00	0.00e+00	0.00e+00	0.00e+00
 8.32959e+15	9.91e-01	8.88e-03	7.54e-08	0.00e+00	0.00e+00	0.00e+00	0.00e+00	0.00e+00
 8.34463e+15	9.91e-01	8.54e-03	7.09e-08	0.00e+00	0.00e+00	0.00e+00	0.00e+00	0.00e+00
 8.35832e+15	9.92e-01	8.23e-03	6.70e-08	0.00e+00	0.00e+00	0.00e+00	0.00e+00	0.00e+00
 8.37077e+15	9.92e-01	7.99e-03	6.39e-08	0.00e+00	0.00e+00	0.00e+00	0.00e+00	0.00e+00
 8.38442e+15	9.92e-01	7.73e-03	6.05e-08	0.00e+00	0.00e+00	0.00e+00	0.00e+00	0.00e+00
 8.40217e+15	9.93e-01	7.39e-03	5.64e-08	0.00e+00	0.00e+00	0.00e+00	0.00e+00	0.00e+00
 8.42133e+15	9.93e-01	7.08e-03	5.25e-08	0.00e+00	0.00e+00	0.00e+00	0.00e+00	0.00e+00
 8.43876e+15	9.93e-01	6.82e-03	4.94e-08	0.00e+00	0.00e+00	0.00e+00	0.00e+00	0.00e+00
