#depth	He	He+	He+2
 1.49634e+10	4.94e-20	3.50e-10	1.00e+00
 4.54887e+10	5.78e-20	3.85e-10	1.00e+00
 7.72350e+10	6.70e-20	4.23e-10	1.00e+00
 1.10251e+11	7.75e-20	4.65e-10	1.00e+00
 1.43796e+11	8.93e-20	5.10e-10	1.00e+00
 1.78682e+11	1.03e-19	5.60e-10	1.00e+00
 2.15756e+11	1.19e-19	6.17e-10	1.00e+00
 2.54313e+11	1.36e-19	6.79e-10	1.00e+00
 2.89143e+11	1.54e-19	7.39e-10	1.00e+00
 3.18092e+11	1.70e-19	7.91e-10	1.00e+00
 3.49778e+11	1.88e-19	8.51e-10	1.00e+00
 3.90005e+11	2.13e-19	9.31e-10	1.00e+00
 4.31997e+11	2.42e-19	1.02e-09	1.00e+00
 4.69095e+11	2.69e-19	1.10e-09	1.00e+00
 5.03686e+11	2.96e-19	1.18e-09	1.00e+00
 5.43170e+11	3.29e-19	1.28e-09	1.00e+00
 5.91760e+11	3.73e-19	1.40e-09	1.00e+00
 6.40195e+11	4.22e-19	1.53e-09	1.00e+00
 6.82200e+11	4.67e-19	1.65e-09	1.00e+00
 7.27840e+11	5.19e-19	1.78e-09	1.00e+00
 7.83672e+11	5.88e-19	1.96e-09	1.00e+00
 8.40742e+11	6.66e-19	2.14e-09	1.00e+00
 8.93028e+11	7.43e-19	2.32e-09	1.00e+00
 9.51109e+11	8.36e-19	2.53e-09	1.00e+00
 1.01858e+12	9.55e-19	2.78e-09	1.00e+00
 1.08523e+12	1.09e-18	3.05e-09	1.00e+00
 1.14896e+12	1.22e-18	3.31e-09	1.00e+00
 1.21926e+12	1.39e-18	3.61e-09	1.00e+00
 1.29796e+12	1.60e-18	3.97e-09	1.00e+00
 1.37713e+12	1.83e-18	4.35e-09	1.00e+00
 1.44819e+12	2.07e-18	4.70e-09	1.00e+00
 1.50843e+12	2.29e-18	5.01e-09	1.00e+00
 1.57340e+12	2.54e-18	5.36e-09	1.00e+00
 1.65729e+12	2.91e-18	5.83e-09	1.00e+00
 1.74476e+12	3.33e-18	6.34e-09	1.00e+00
 1.81994e+12	3.74e-18	6.78e-09	1.00e+00
 1.90014e+12	4.21e-18	7.29e-09	1.00e+00
 1.99935e+12	4.86e-18	7.93e-09	1.00e+00
 2.10112e+12	5.61e-18	8.63e-09	1.00e+00
 2.19303e+12	6.36e-18	9.28e-09	1.00e+00
 2.29427e+12	7.28e-18	1.00e-08	1.00e+00
 2.40486e+12	8.40e-18	1.09e-08	1.00e+00
 2.50494e+12	9.53e-18	1.17e-08	1.00e+00
 2.61239e+12	1.09e-17	1.26e-08	1.00e+00
 2.73341e+12	1.26e-17	1.36e-08	1.00e+00
 2.84867e+12	1.44e-17	1.46e-08	1.00e+00
 2.97511e+12	1.65e-17	1.58e-08	1.00e+00
 3.11485e+12	1.93e-17	1.71e-08	1.00e+00
 3.24447e+12	2.21e-17	1.84e-08	1.00e+00
 3.38556e+12	2.55e-17	1.99e-08	1.00e+00
 3.54379e+12	2.98e-17	2.16e-08	1.00e+00
 3.69391e+12	3.43e-17	2.33e-08	1.00e+00
 3.85581e+12	3.98e-17	2.52e-08	1.00e+00
 4.03591e+12	4.68e-17	2.74e-08	1.00e+00
 4.20986e+12	5.42e-17	2.96e-08	1.00e+00
 4.39484e+12	6.32e-17	3.21e-08	1.00e+00
 4.60056e+12	7.44e-17	3.49e-08	1.00e+00
 4.80741e+12	8.71e-17	3.79e-08	1.00e+00
 5.02255e+12	1.02e-16	4.11e-08	1.00e+00
 5.25337e+12	1.20e-16	4.47e-08	1.00e+00
 5.49344e+12	1.41e-16	4.86e-08	1.00e+00
 5.72230e+12	1.64e-16	5.25e-08	1.00e+00
 5.93140e+12	1.87e-16	5.62e-08	1.00e+00
 6.12865e+12	2.11e-16	5.98e-08	1.00e+00
 6.34630e+12	2.40e-16	6.38e-08	1.00e+00
 6.59030e+12	2.77e-16	6.85e-08	1.00e+00
 6.82121e+12	3.14e-16	7.31e-08	1.00e+00
 7.07404e+12	3.60e-16	7.83e-08	1.00e+00
 7.35749e+12	4.16e-16	8.43e-08	1.00e+00
 7.62035e+12	4.75e-16	9.01e-08	1.00e+00
 7.86393e+12	5.34e-16	9.56e-08	1.00e+00
 8.14284e+12	6.08e-16	1.02e-07	1.00e+00
 8.48146e+12	7.08e-16	1.10e-07	1.00e+00
 8.81625e+12	8.19e-16	1.19e-07	1.00e+00
 9.10956e+12	9.26e-16	1.26e-07	1.00e+00
 9.43042e+12	1.05e-15	1.35e-07	1.00e+00
 9.81897e+12	1.23e-15	1.46e-07	1.00e+00
 1.02090e+13	1.42e-15	1.57e-07	1.00e+00
 1.05615e+13	1.61e-15	1.67e-07	1.00e+00
 1.09520e+13	1.85e-15	1.79e-07	1.00e+00
 1.14111e+13	2.16e-15	1.94e-07	1.00e+00
 1.18647e+13	2.51e-15	2.09e-07	1.00e+00
 1.22891e+13	2.86e-15	2.23e-07	1.00e+00
 1.27632e+13	3.30e-15	2.40e-07	1.00e+00
 1.33037e+13	3.87e-15	2.60e-07	1.00e+00
 1.38405e+13	4.49e-15	2.80e-07	1.00e+00
 1.43989e+13	5.22e-15	3.02e-07	1.00e+00
 1.50048e+13	6.11e-15	3.27e-07	1.00e+00
 1.56349e+13	7.14e-15	3.54e-07	1.00e+00
 1.62449e+13	8.27e-15	3.81e-07	1.00e+00
 1.68185e+13	9.44e-15	4.07e-07	1.00e+00
 1.74603e+13	1.09e-14	4.38e-07	1.00e+00
 1.81071e+13	1.25e-14	4.70e-07	1.00e+00
 1.86440e+13	1.40e-14	4.98e-07	1.00e+00
 1.92124e+13	1.57e-14	5.28e-07	1.00e+00
 1.99393e+13	1.82e-14	5.68e-07	1.00e+00
 2.07018e+13	2.10e-14	6.11e-07	1.00e+00
 2.13762e+13	2.38e-14	6.51e-07	1.00e+00
 2.21065e+13	2.71e-14	6.96e-07	1.00e+00
 2.29847e+13	3.15e-14	7.51e-07	1.00e+00
 2.38741e+13	3.66e-14	8.10e-07	1.00e+00
 2.47069e+13	4.18e-14	8.67e-07	1.00e+00
 2.56329e+13	4.82e-14	9.34e-07	1.00e+00
 2.66144e+13	5.59e-14	1.01e-06	1.00e+00
 2.74867e+13	6.34e-14	1.07e-06	1.00e+00
 2.84254e+13	7.23e-14	1.15e-06	1.00e+00
 2.95501e+13	8.42e-14	1.24e-06	1.00e+00
 3.06570e+13	9.73e-14	1.34e-06	1.00e+00
 3.16430e+13	1.10e-13	1.43e-06	1.00e+00
 3.27314e+13	1.26e-13	1.53e-06	1.00e+00
 3.40285e+13	1.47e-13	1.65e-06	1.00e+00
 3.53166e+13	1.70e-13	1.78e-06	1.00e+00
 3.64954e+13	1.93e-13	1.91e-06	1.00e+00
 3.78124e+13	2.22e-13	2.05e-06	1.00e+00
 3.93430e+13	2.59e-13	2.22e-06	1.00e+00
 4.08450e+13	3.00e-13	2.40e-06	1.00e+00
 4.22666e+13	3.42e-13	2.57e-06	1.00e+00
 4.38468e+13	3.95e-13	2.77e-06	1.00e+00
 4.56306e+13	4.61e-13	3.00e-06	1.00e+00
 4.73241e+13	5.31e-13	3.23e-06	1.00e+00
 4.88671e+13	6.01e-13	3.45e-06	1.00e+00
 5.06123e+13	6.88e-13	3.70e-06	1.00e+00
 5.26456e+13	8.01e-13	4.01e-06	1.00e+00
 5.45978e+13	9.20e-13	4.32e-06	1.00e+00
 5.62144e+13	1.03e-12	4.58e-06	1.00e+00
 5.78505e+13	1.15e-12	4.86e-06	1.00e+00
 5.99658e+13	1.31e-12	5.22e-06	1.00e+00
 6.21545e+13	1.51e-12	5.62e-06	1.00e+00
 6.40094e+13	1.68e-12	5.96e-06	1.00e+00
 6.59796e+13	1.88e-12	6.33e-06	1.00e+00
 6.84501e+13	2.16e-12	6.82e-06	1.00e+00
 7.09958e+13	2.48e-12	7.35e-06	1.00e+00
 7.32375e+13	2.78e-12	7.82e-06	1.00e+00
 7.56591e+13	3.14e-12	8.35e-06	1.00e+00
 7.85834e+13	3.61e-12	9.02e-06	1.00e+00
 8.14844e+13	4.13e-12	9.71e-06	1.00e+00
 8.40614e+13	4.63e-12	1.03e-05	1.00e+00
 8.68938e+13	5.24e-12	1.11e-05	1.00e+00
 9.02796e+13	6.03e-12	1.19e-05	1.00e+00
 9.36430e+13	6.90e-12	1.29e-05	1.00e+00
 9.67023e+13	7.77e-12	1.37e-05	1.00e+00
 1.00108e+14	8.82e-12	1.47e-05	1.00e+00
 1.04088e+14	1.02e-11	1.60e-05	1.00e+00
 1.08006e+14	1.17e-11	1.72e-05	1.00e+00
 1.11684e+14	1.32e-11	1.85e-05	1.00e+00
 1.15785e+14	1.51e-11	1.99e-05	1.00e+00
 1.20447e+14	1.75e-11	2.16e-05	1.00e+00
 1.25094e+14	2.02e-11	2.34e-05	1.00e+00
 1.29928e+14	2.33e-11	2.53e-05	1.00e+00
 1.35012e+14	2.70e-11	2.74e-05	1.00e+00
 1.39302e+14	3.04e-11	2.93e-05	1.00e+00
 1.42654e+14	3.33e-11	3.08e-05	1.00e+00
 1.46296e+14	3.66e-11	3.25e-05	1.00e+00
 1.51031e+14	4.15e-11	3.48e-05	1.00e+00
 1.56159e+14	4.72e-11	3.74e-05	1.00e+00
 1.60779e+14	5.30e-11	3.98e-05	1.00e+00
 1.65768e+14	5.97e-11	4.25e-05	1.00e+00
 1.71975e+14	6.91e-11	4.61e-05	1.00e+00
 1.78221e+14	7.97e-11	4.98e-05	1.00e+00
 1.83634e+14	8.99e-11	5.32e-05	1.00e+00
 1.89505e+14	1.02e-10	5.71e-05	1.00e+00
 1.96695e+14	1.19e-10	6.19e-05	1.00e+00
 2.03968e+14	1.38e-10	6.71e-05	1.00e+00
 2.10456e+14	1.57e-10	7.20e-05	1.00e+00
 2.17555e+14	1.80e-10	7.75e-05	1.00e+00
 2.26014e+14	2.12e-10	8.45e-05	1.00e+00
 2.34371e+14	2.46e-10	9.17e-05	1.00e+00
 2.41945e+14	2.82e-10	9.84e-05	1.00e+00
 2.50372e+14	3.26e-10	1.06e-04	1.00e+00
 2.60252e+14	3.84e-10	1.16e-04	1.00e+00
 2.69980e+14	4.49e-10	1.26e-04	1.00e+00
 2.79056e+14	5.18e-10	1.36e-04	1.00e+00
 2.89207e+14	6.04e-10	1.47e-04	1.00e+00
 3.00806e+14	7.15e-10	1.61e-04	1.00e+00
 3.12273e+14	8.40e-10	1.75e-04	1.00e+00
 3.24199e+14	9.88e-10	1.91e-04	1.00e+00
 3.35029e+14	1.14e-09	2.05e-04	1.00e+00
 3.43137e+14	1.26e-09	2.17e-04	1.00e+00
 3.51531e+14	1.40e-09	2.29e-04	1.00e+00
 3.62444e+14	1.60e-09	2.45e-04	1.00e+00
 3.74305e+14	1.84e-09	2.63e-04	1.00e+00
 3.85044e+14	2.08e-09	2.81e-04	1.00e+00
 3.96648e+14	2.37e-09	3.00e-04	1.00e+00
 4.11286e+14	2.77e-09	3.25e-04	1.00e+00
 4.26026e+14	3.23e-09	3.52e-04	1.00e+00
 4.38495e+14	3.66e-09	3.75e-04	1.00e+00
 4.51854e+14	4.17e-09	4.01e-04	1.00e+00
 4.68607e+14	4.88e-09	4.35e-04	1.00e+00
 4.86168e+14	5.73e-09	4.72e-04	1.00e+00
 5.02080e+14	6.58e-09	5.07e-04	9.99e-01
 5.19452e+14	7.63e-09	5.47e-04	9.99e-01
 5.39871e+14	9.02e-09	5.95e-04	9.99e-01
 5.59836e+14	1.05e-08	6.44e-04	9.99e-01
 5.78140e+14	1.21e-08	6.91e-04	9.99e-01
 5.98700e+14	1.41e-08	7.46e-04	9.99e-01
 6.22542e+14	1.67e-08	8.13e-04	9.99e-01
 6.45901e+14	1.95e-08	8.80e-04	9.99e-01
 6.68133e+14	2.25e-08	9.47e-04	9.99e-01
 6.87679e+14	2.55e-08	1.01e-03	9.99e-01
 7.03845e+14	2.82e-08	1.06e-03	9.99e-01
 7.21588e+14	3.14e-08	1.12e-03	9.99e-01
 7.44655e+14	3.59e-08	1.20e-03	9.99e-01
 7.69010e+14	4.11e-08	1.28e-03	9.99e-01
 7.89966e+14	4.61e-08	1.36e-03	9.99e-01
 8.12134e+14	5.18e-08	1.44e-03	9.99e-01
 8.40953e+14	6.02e-08	1.56e-03	9.98e-01
 8.70618e+14	6.97e-08	1.67e-03	9.98e-01
 8.95301e+14	7.84e-08	1.78e-03	9.98e-01
 9.21308e+14	8.85e-08	1.89e-03	9.98e-01
 9.54743e+14	1.03e-07	2.04e-03	9.98e-01
 9.89913e+14	1.20e-07	2.20e-03	9.98e-01
 1.02061e+15	1.36e-07	2.34e-03	9.98e-01
 1.05342e+15	1.55e-07	2.51e-03	9.97e-01
 1.09342e+15	1.82e-07	2.71e-03	9.97e-01
 1.13331e+15	2.11e-07	2.92e-03	9.97e-01
 1.16842e+15	2.39e-07	3.11e-03	9.97e-01
 1.20674e+15	2.74e-07	3.34e-03	9.97e-01
 1.25299e+15	3.20e-07	3.61e-03	9.96e-01
 1.29733e+15	3.69e-07	3.88e-03	9.96e-01
 1.33463e+15	4.15e-07	4.11e-03	9.96e-01
 1.36806e+15	4.59e-07	4.33e-03	9.96e-01
 1.40464e+15	5.12e-07	4.58e-03	9.95e-01
 1.44567e+15	5.77e-07	4.86e-03	9.95e-01
 1.48440e+15	6.43e-07	5.13e-03	9.95e-01
 1.52667e+15	7.23e-07	5.45e-03	9.95e-01
 1.57314e+15	8.19e-07	5.80e-03	9.94e-01
 1.61602e+15	9.15e-07	6.13e-03	9.94e-01
 1.66272e+15	1.03e-06	6.51e-03	9.93e-01
 1.71472e+15	1.17e-06	6.94e-03	9.93e-01
 1.76395e+15	1.32e-06	7.35e-03	9.93e-01
 1.81828e+15	1.49e-06	7.84e-03	9.92e-01
 1.87787e+15	1.71e-06	8.38e-03	9.92e-01
 1.93198e+15	1.92e-06	8.89e-03	9.91e-01
 1.99002e+15	2.17e-06	9.47e-03	9.91e-01
 2.05458e+15	2.48e-06	1.01e-02	9.90e-01
 2.11515e+15	2.79e-06	1.07e-02	9.89e-01
 2.18141e+15	3.18e-06	1.15e-02	9.89e-01
 2.25426e+15	3.65e-06	1.23e-02	9.88e-01
 2.32152e+15	4.11e-06	1.31e-02	9.87e-01
 2.38228e+15	4.58e-06	1.38e-02	9.86e-01
 2.43769e+15	5.03e-06	1.45e-02	9.85e-01
 2.49863e+15	5.59e-06	1.53e-02	9.85e-01
 2.56524e+15	6.23e-06	1.63e-02	9.84e-01
 2.62873e+15	6.90e-06	1.71e-02	9.83e-01
 2.69026e+15	7.60e-06	1.80e-02	9.82e-01
 2.75973e+15	8.49e-06	1.91e-02	9.81e-01
 2.83727e+15	9.55e-06	2.04e-02	9.80e-01
 2.91054e+15	1.06e-05	2.16e-02	9.78e-01
 2.97794e+15	1.17e-05	2.28e-02	9.77e-01
 3.05244e+15	1.31e-05	2.42e-02	9.76e-01
 3.13633e+15	1.47e-05	2.59e-02	9.74e-01
 3.21605e+15	1.64e-05	2.76e-02	9.72e-01
 3.28950e+15	1.81e-05	2.92e-02	9.71e-01
 3.37115e+15	2.04e-05	3.12e-02	9.69e-01
 3.46149e+15	2.30e-05	3.36e-02	9.66e-01
 3.54575e+15	2.57e-05	3.59e-02	9.64e-01
 3.62444e+15	2.86e-05	3.83e-02	9.62e-01
 3.70147e+15	3.17e-05	4.08e-02	9.59e-01
 3.78988e+15	3.60e-05	4.41e-02	9.56e-01
 3.88055e+15	4.06e-05	4.76e-02	9.52e-01
 3.95802e+15	4.52e-05	5.10e-02	9.49e-01
 4.03152e+15	5.02e-05	5.45e-02	9.45e-01
 4.11602e+15	5.69e-05	5.92e-02	9.41e-01
 4.19572e+15	6.36e-05	6.38e-02	9.36e-01
 4.25258e+15	6.91e-05	6.75e-02	9.32e-01
 4.30990e+15	7.58e-05	7.17e-02	9.28e-01
 4.38441e+15	8.60e-05	7.78e-02	9.22e-01
 4.45557e+15	9.59e-05	8.40e-02	9.16e-01
 4.50877e+15	1.05e-04	8.93e-02	9.11e-01
 4.56433e+15	1.16e-04	9.55e-02	9.04e-01
 4.62512e+15	1.28e-04	1.03e-01	8.97e-01
 4.69273e+15	1.45e-04	1.13e-01	8.87e-01
 4.75956e+15	1.65e-04	1.23e-01	8.77e-01
 4.81020e+15	1.84e-04	1.32e-01	8.68e-01
 4.85136e+15	2.00e-04	1.40e-01	8.60e-01
 4.89538e+15	2.19e-04	1.50e-01	8.50e-01
 4.95261e+15	2.48e-04	1.63e-01	8.36e-01
 5.01183e+15	2.84e-04	1.80e-01	8.20e-01
 5.05971e+15	3.20e-04	1.94e-01	8.05e-01
 5.09737e+15	3.50e-04	2.07e-01	7.93e-01
 5.13569e+15	3.86e-04	2.21e-01	7.78e-01
 5.18550e+15	4.41e-04	2.42e-01	7.57e-01
 5.23585e+15	4.98e-04	2.65e-01	7.34e-01
 5.28692e+15	5.73e-04	2.92e-01	7.07e-01
 5.33818e+15	6.59e-04	3.21e-01	6.78e-01
 5.37212e+15	7.23e-04	3.42e-01	6.58e-01
 5.39129e+15	7.60e-04	3.54e-01	6.45e-01
 5.40886e+15	8.00e-04	3.66e-01	6.33e-01
 5.43169e+15	8.58e-04	3.83e-01	6.17e-01
 5.46138e+15	9.31e-04	4.05e-01	5.94e-01
 5.49997e+15	1.05e-03	4.35e-01	5.64e-01
 5.53410e+15	1.14e-03	4.61e-01	5.38e-01
 5.55685e+15	1.21e-03	4.79e-01	5.20e-01
 5.58085e+15	1.30e-03	5.00e-01	4.99e-01
 5.61205e+15	1.42e-03	5.27e-01	4.72e-01
 5.64270e+15	1.53e-03	5.52e-01	4.47e-01
 5.66744e+15	1.63e-03	5.73e-01	4.25e-01
 5.69442e+15	1.75e-03	5.96e-01	4.02e-01
 5.72442e+15	1.89e-03	6.21e-01	3.77e-01
 5.75238e+15	2.01e-03	6.44e-01	3.54e-01
 5.77858e+15	2.14e-03	6.65e-01	3.33e-01
 5.80844e+15	2.30e-03	6.88e-01	3.10e-01
 5.84038e+15	2.46e-03	7.11e-01	2.86e-01
 5.86834e+15	2.61e-03	7.30e-01	2.67e-01
 5.89800e+15	2.79e-03	7.50e-01	2.47e-01
 5.93027e+15	2.97e-03	7.70e-01	2.27e-01
 5.95930e+15	3.15e-03	7.87e-01	2.10e-01
 5.98614e+15	3.31e-03	8.01e-01	1.96e-01
 6.01675e+15	3.52e-03	8.17e-01	1.79e-01
 6.05015e+15	3.75e-03	8.32e-01	1.64e-01
 6.08017e+15	3.96e-03	8.45e-01	1.51e-01
 6.10766e+15	4.16e-03	8.56e-01	1.40e-01
 6.13887e+15	4.41e-03	8.67e-01	1.28e-01
 6.17262e+15	4.69e-03	8.78e-01	1.17e-01
 6.20296e+15	4.95e-03	8.87e-01	1.08e-01
 6.23135e+15	5.22e-03	8.95e-01	1.00e-01
 6.26394e+15	5.55e-03	9.03e-01	9.15e-02
 6.30030e+15	5.95e-03	9.11e-01	8.32e-02
 6.33355e+15	6.34e-03	9.17e-01	7.64e-02
 6.36313e+15	6.73e-03	9.22e-01	7.08e-02
 6.39594e+15	7.21e-03	9.28e-01	6.49e-02
 6.43860e+15	7.89e-03	9.34e-01	5.80e-02
 6.48171e+15	8.69e-03	9.39e-01	5.22e-02
 6.51536e+15	9.42e-03	9.42e-01	4.82e-02
 6.54394e+15	1.01e-02	9.45e-01	4.50e-02
 6.57599e+15	1.10e-02	9.48e-01	4.15e-02
 6.61206e+15	1.21e-02	9.50e-01	3.81e-02
 6.64523e+15	1.34e-02	9.51e-01	3.52e-02
 6.67427e+15	1.46e-02	9.52e-01	3.30e-02
 6.69964e+15	1.59e-02	9.53e-01	3.11e-02
 6.72179e+15	1.72e-02	9.53e-01	2.95e-02
 6.74616e+15	1.88e-02	9.53e-01	2.79e-02
 6.77196e+15	2.08e-02	9.53e-01	2.63e-02
 6.79328e+15	2.27e-02	9.52e-01	2.51e-02
 6.81079e+15	2.45e-02	9.51e-01	2.42e-02
 6.82970e+15	2.67e-02	9.50e-01	2.31e-02
 6.85045e+15	2.94e-02	9.48e-01	2.21e-02
 6.86888e+15	3.23e-02	9.46e-01	2.13e-02
 6.88459e+15	3.50e-02	9.44e-01	2.07e-02
 6.90146e+15	3.84e-02	9.42e-01	1.99e-02
 6.91995e+15	4.27e-02	9.38e-01	1.92e-02
 6.93627e+15	4.72e-02	9.34e-01	1.87e-02
 6.95025e+15	5.15e-02	9.30e-01	1.82e-02
 6.96342e+15	5.62e-02	9.26e-01	1.78e-02
 6.97849e+15	6.22e-02	9.20e-01	1.73e-02
 6.99523e+15	6.99e-02	9.13e-01	1.69e-02
 7.01034e+15	7.84e-02	9.05e-01	1.66e-02
 7.02345e+15	8.67e-02	8.97e-01	1.63e-02
 7.03662e+15	9.63e-02	8.88e-01	1.61e-02
 7.04921e+15	1.06e-01	8.78e-01	1.59e-02
 7.05976e+15	1.16e-01	8.68e-01	1.58e-02
 7.06983e+15	1.27e-01	8.57e-01	1.57e-02
 7.08035e+15	1.39e-01	8.45e-01	1.56e-02
 7.09056e+15	1.52e-01	8.32e-01	1.55e-02
 7.09975e+15	1.65e-01	8.20e-01	1.55e-02
 7.10782e+15	1.77e-01	8.07e-01	1.55e-02
 7.11386e+15	1.87e-01	7.97e-01	1.55e-02
 7.11802e+15	1.94e-01	7.90e-01	1.54e-02
 7.12209e+15	2.02e-01	7.83e-01	1.54e-02
 7.12686e+15	2.11e-01	7.74e-01	1.54e-02
 7.13196e+15	2.21e-01	7.64e-01	1.54e-02
 7.13685e+15	2.31e-01	7.54e-01	1.54e-02
 7.14151e+15	2.41e-01	7.44e-01	1.54e-02
 7.14617e+15	2.51e-01	7.33e-01	1.53e-02
 7.15086e+15	2.62e-01	7.23e-01	1.53e-02
 7.15555e+15	2.74e-01	7.11e-01	1.53e-02
 7.16020e+15	2.85e-01	7.00e-01	1.53e-02
 7.16480e+15	2.97e-01	6.87e-01	1.52e-02
 7.16942e+15	3.10e-01	6.75e-01	1.52e-02
 7.17409e+15	3.23e-01	6.62e-01	1.52e-02
 7.17877e+15	3.36e-01	6.49e-01	1.51e-02
 7.18336e+15	3.50e-01	6.35e-01	1.50e-02
 7.18793e+15	3.64e-01	6.21e-01	1.50e-02
 7.19259e+15	3.79e-01	6.07e-01	1.49e-02
 7.19726e+15	3.93e-01	5.92e-01	1.48e-02
 7.20193e+15	4.09e-01	5.76e-01	1.47e-02
 7.20663e+15	4.24e-01	5.61e-01	1.46e-02
 7.21137e+15	4.40e-01	5.45e-01	1.45e-02
 7.21621e+15	4.57e-01	5.28e-01	1.43e-02
 7.22102e+15	4.74e-01	5.12e-01	1.41e-02
 7.22586e+15	4.91e-01	4.95e-01	1.40e-02
 7.23080e+15	5.08e-01	4.78e-01	1.38e-02
 7.23577e+15	5.26e-01	4.61e-01	1.35e-02
 7.24075e+15	5.43e-01	4.43e-01	1.33e-02
 7.24574e+15	5.60e-01	4.26e-01	1.31e-02
 7.25075e+15	5.78e-01	4.10e-01	1.28e-02
 7.25584e+15	5.95e-01	3.93e-01	1.25e-02
 7.26103e+15	6.12e-01	3.76e-01	1.22e-02
 7.26631e+15	6.28e-01	3.60e-01	1.19e-02
 7.27172e+15	6.45e-01	3.43e-01	1.15e-02
 7.27731e+15	6.61e-01	3.27e-01	1.12e-02
 7.28309e+15	6.77e-01	3.12e-01	1.08e-02
 7.28909e+15	6.93e-01	2.96e-01	1.04e-02
 7.29541e+15	7.08e-01	2.82e-01	1.00e-02
 7.30211e+15	7.23e-01	2.67e-01	9.64e-03
 7.30923e+15	7.38e-01	2.53e-01	9.21e-03
 7.31693e+15	7.51e-01	2.40e-01	8.80e-03
 7.32528e+15	7.65e-01	2.27e-01	8.36e-03
 7.33453e+15	7.77e-01	2.15e-01	7.93e-03
 7.34497e+15	7.89e-01	2.03e-01	7.50e-03
 7.35642e+15	8.00e-01	1.93e-01	7.09e-03
 7.36823e+15	8.09e-01	1.85e-01	6.72e-03
 7.37996e+15	8.16e-01	1.78e-01	6.42e-03
 7.39339e+15	8.23e-01	1.71e-01	6.07e-03
 7.40902e+15	8.29e-01	1.65e-01	5.74e-03
 7.42542e+15	8.35e-01	1.60e-01	5.44e-03
 7.44261e+15	8.40e-01	1.55e-01	5.16e-03
 7.46071e+15	8.44e-01	1.51e-01	4.89e-03
 7.47947e+15	8.49e-01	1.47e-01	4.63e-03
 7.49847e+15	8.53e-01	1.43e-01	4.39e-03
 7.51742e+15	8.57e-01	1.39e-01	4.17e-03
 7.53617e+15	8.60e-01	1.36e-01	3.96e-03
 7.55468e+15	8.64e-01	1.33e-01	3.77e-03
 7.57290e+15	8.67e-01	1.30e-01	3.59e-03
 7.59082e+15	8.70e-01	1.27e-01	3.42e-03
 7.60840e+15	8.73e-01	1.24e-01	3.26e-03
 7.62564e+15	8.76e-01	1.21e-01	3.12e-03
 7.64254e+15	8.78e-01	1.19e-01	2.98e-03
 7.65912e+15	8.81e-01	1.16e-01	2.86e-03
 7.67539e+15	8.83e-01	1.14e-01	2.74e-03
 7.69174e+15	8.86e-01	1.12e-01	2.62e-03
 7.70762e+15	8.88e-01	1.10e-01	2.52e-03
 7.72292e+15	8.90e-01	1.08e-01	2.43e-03
 7.73826e+15	8.92e-01	1.06e-01	2.33e-03
 7.75329e+15	8.94e-01	1.04e-01	2.24e-03
 7.76792e+15	8.96e-01	1.02e-01	2.16e-03
 7.78222e+15	8.98e-01	1.00e-01	2.08e-03
 7.79627e+15	9.00e-01	9.83e-02	2.01e-03
 7.81003e+15	9.01e-01	9.67e-02	1.94e-03
 7.82361e+15	9.03e-01	9.51e-02	1.88e-03
 7.83717e+15	9.05e-01	9.36e-02	1.81e-03
 7.85063e+15	9.06e-01	9.21e-02	1.75e-03
 7.86392e+15	9.08e-01	9.06e-02	1.69e-03
 7.87701e+15	9.09e-01	8.92e-02	1.64e-03
 7.88996e+15	9.11e-01	8.78e-02	1.59e-03
 7.90278e+15	9.12e-01	8.65e-02	1.54e-03
 7.91549e+15	9.13e-01	8.52e-02	1.49e-03
 7.92809e+15	9.15e-01	8.40e-02	1.44e-03
 7.94060e+15	9.16e-01	8.27e-02	1.40e-03
 7.95304e+15	9.17e-01	8.15e-02	1.36e-03
 7.96542e+15	9.18e-01	8.03e-02	1.32e-03
 7.97777e+15	9.20e-01	7.92e-02	1.28e-03
 7.99010e+15	9.21e-01	7.81e-02	1.24e-03
 8.00244e+15	9.22e-01	7.69e-02	1.20e-03
 8.01482e+15	9.23e-01	7.58e-02	1.17e-03
 8.02736e+15	9.24e-01	7.47e-02	1.13e-03
 8.04024e+15	9.25e-01	7.36e-02	1.10e-03
 8.05343e+15	9.26e-01	7.25e-02	1.06e-03
 8.06686e+15	9.28e-01	7.14e-02	1.03e-03
 8.08058e+15	9.29e-01	7.03e-02	9.95e-04
 8.09474e+15	9.30e-01	6.92e-02	9.62e-04
 8.10950e+15	9.31e-01	6.80e-02	9.28e-04
 8.12505e+15	9.32e-01	6.68e-02	8.94e-04
 8.14166e+15	9.34e-01	6.55e-02	8.59e-04
 8.15974e+15	9.35e-01	6.42e-02	8.22e-04
 8.17995e+15	9.37e-01	6.27e-02	7.83e-04
 8.20348e+15	9.38e-01	6.10e-02	7.39e-04
 8.22889e+15	9.40e-01	5.92e-02	6.95e-04
 8.25300e+15	9.42e-01	5.77e-02	6.57e-04
 8.27493e+15	9.43e-01	5.63e-02	6.23e-04
 8.29489e+15	9.44e-01	5.50e-02	5.94e-04
 8.31306e+15	9.46e-01	5.39e-02	5.69e-04
 8.32959e+15	9.47e-01	5.29e-02	5.47e-04
 8.34463e+15	9.48e-01	5.20e-02	5.28e-04
 8.35832e+15	9.48e-01	5.11e-02	5.10e-04
 8.37077e+15	9.49e-01	5.04e-02	4.95e-04
 8.38442e+15	9.50e-01	4.96e-02	4.78e-04
 8.40217e+15	9.51e-01	4.85e-02	4.58e-04
 8.42133e+15	9.52e-01	4.75e-02	4.37e-04
 8.43876e+15	9.53e-01	4.65e-02	4.19e-04
 8.45462e+15	9.54e-01	4.56e-02	4.03e-04
 8.46906e+15	9.55e-01	4.48e-02	3.88e-04
 8.48220e+15	9.55e-01	4.41e-02	3.75e-04
 8.49415e+15	9.56e-01	4.35e-02	3.64e-04
 8.50503e+15	9.57e-01	4.29e-02	3.54e-04
 8.51695e+15	9.57e-01	4.22e-02	3.43e-04
 8.52982e+15	9.58e-01	4.16e-02	3.32e-04
 8.54153e+15	9.59e-01	4.10e-02	3.22e-04
 8.55219e+15	9.59e-01	4.05e-02	3.13e-04
 8.56189e+15	9.60e-01	4.00e-02	3.05e-04
 8.57251e+15	9.60e-01	3.94e-02	2.96e-04
 8.58399e+15	9.61e-01	3.88e-02	2.88e-04
 8.59443e+15	9.61e-01	3.83e-02	2.80e-04
 8.60393e+15	9.62e-01	3.78e-02	2.73e-04
 8.61434e+15	9.62e-01	3.73e-02	2.65e-04
 8.62558e+15	9.63e-01	3.68e-02	2.57e-04
 8.63580e+15	9.63e-01	3.63e-02	2.50e-04
 8.64511e+15	9.64e-01	3.58e-02	2.44e-04
 8.65531e+15	9.64e-01	3.54e-02	2.37e-04
 8.66632e+15	9.65e-01	3.49e-02	2.30e-04
 8.67634e+15	9.65e-01	3.44e-02	2.24e-04
 8.68546e+15	9.66e-01	3.40e-02	2.18e-04
 8.69545e+15	9.66e-01	3.35e-02	2.12e-04
 8.70624e+15	9.67e-01	3.30e-02	2.06e-04
 8.71605e+15	9.67e-01	3.26e-02	2.01e-04
 8.72498e+15	9.68e-01	3.22e-02	1.96e-04
 8.73477e+15	9.68e-01	3.18e-02	1.90e-04
 8.74534e+15	9.68e-01	3.13e-02	1.85e-04
 8.75495e+15	9.69e-01	3.09e-02	1.81e-04
 8.76370e+15	9.69e-01	3.06e-02	1.76e-04
 8.77329e+15	9.70e-01	3.02e-02	1.72e-04
 8.78364e+15	9.70e-01	2.98e-02	1.67e-04
 8.79306e+15	9.70e-01	2.94e-02	1.63e-04
 8.80339e+15	9.71e-01	2.90e-02	1.58e-04
 8.81453e+15	9.71e-01	2.86e-02	1.54e-04
 8.82467e+15	9.72e-01	2.82e-02	1.50e-04
 8.83390e+15	9.72e-01	2.79e-02	1.46e-04
 8.84401e+15	9.72e-01	2.75e-02	1.42e-04
 8.85493e+15	9.73e-01	2.71e-02	1.38e-04
 8.86486e+15	9.73e-01	2.68e-02	1.35e-04
 8.87575e+15	9.73e-01	2.64e-02	1.31e-04
 8.88750e+15	9.74e-01	2.60e-02	1.27e-04
 8.89820e+15	9.74e-01	2.57e-02	1.24e-04
 8.90991e+15	9.75e-01	2.53e-02	1.20e-04
 8.92257e+15	9.75e-01	2.49e-02	1.17e-04
 8.93408e+15	9.75e-01	2.45e-02	1.13e-04
 8.94456e+15	9.76e-01	2.42e-02	1.10e-04
 8.95604e+15	9.76e-01	2.39e-02	1.07e-04
 8.96843e+15	9.76e-01	2.35e-02	1.04e-04
 8.97971e+15	9.77e-01	2.32e-02	1.01e-04
 8.99207e+15	9.77e-01	2.28e-02	9.81e-05
 9.00541e+15	9.77e-01	2.25e-02	9.51e-05
 9.01755e+15	9.78e-01	2.22e-02	9.24e-05
 9.02860e+15	9.78e-01	2.19e-02	9.00e-05
 9.04071e+15	9.78e-01	2.15e-02	8.73e-05
 9.05378e+15	9.79e-01	2.12e-02	8.49e-05
 9.06568e+15	9.79e-01	2.09e-02	8.24e-05
 9.07871e+15	9.79e-01	2.06e-02	7.98e-05
 9.09278e+15	9.80e-01	2.03e-02	7.74e-05
 9.10559e+15	9.80e-01	2.00e-02	7.51e-05
 9.11962e+15	9.80e-01	1.96e-02	7.26e-05
 9.13477e+15	9.81e-01	1.93e-02	7.03e-05
 9.14855e+15	9.81e-01	1.90e-02	6.81e-05
 9.16110e+15	9.81e-01	1.87e-02	6.63e-05
 9.17484e+15	9.81e-01	1.84e-02	6.42e-05
 9.18968e+15	9.82e-01	1.82e-02	6.22e-05
 9.20319e+15	9.82e-01	1.79e-02	6.04e-05
 9.21799e+15	9.82e-01	1.76e-02	5.83e-05
 9.23396e+15	9.83e-01	1.73e-02	5.64e-05
 9.24850e+15	9.83e-01	1.70e-02	5.47e-05
 9.26443e+15	9.83e-01	1.67e-02	5.28e-05
 9.28163e+15	9.84e-01	1.64e-02	5.09e-05
 9.29728e+15	9.84e-01	1.61e-02	4.93e-05
 9.31152e+15	9.84e-01	1.59e-02	4.78e-05
 9.32713e+15	9.84e-01	1.56e-02	4.62e-05
 9.34398e+15	9.85e-01	1.54e-02	4.47e-05
 9.35931e+15	9.85e-01	1.51e-02	4.33e-05
 9.37611e+15	9.85e-01	1.49e-02	4.18e-05
 9.39425e+15	9.85e-01	1.46e-02	4.03e-05
 9.41075e+15	9.86e-01	1.44e-02	3.90e-05
 9.42884e+15	9.86e-01	1.41e-02	3.76e-05
 9.44836e+15	9.86e-01	1.38e-02	3.62e-05
 9.46613e+15	9.86e-01	1.36e-02	3.50e-05
 9.48560e+15	9.87e-01	1.33e-02	3.36e-05
 9.50662e+15	9.87e-01	1.30e-02	3.23e-05
 9.52575e+15	9.87e-01	1.28e-02	3.12e-05
 9.54671e+15	9.87e-01	1.25e-02	2.99e-05
 9.56934e+15	9.88e-01	1.23e-02	2.87e-05
 9.58993e+15	9.88e-01	1.20e-02	2.76e-05
 9.60867e+15	9.88e-01	1.18e-02	2.67e-05
 9.62920e+15	9.88e-01	1.16e-02	2.56e-05
 9.65137e+15	9.89e-01	1.14e-02	2.46e-05
 9.67154e+15	9.89e-01	1.12e-02	2.38e-05
 9.69365e+15	9.89e-01	1.09e-02	2.28e-05
 9.71751e+15	9.89e-01	1.07e-02	2.19e-05
 9.73923e+15	9.89e-01	1.05e-02	2.11e-05
 9.76303e+15	9.90e-01	1.03e-02	2.02e-05
 9.78872e+15	9.90e-01	1.00e-02	1.93e-05
 9.81210e+15	9.90e-01	9.84e-03	1.85e-05
 9.83772e+15	9.90e-01	9.62e-03	1.77e-05
 9.86537e+15	9.91e-01	9.40e-03	1.69e-05
 9.89054e+15	9.91e-01	9.20e-03	1.62e-05
 9.91812e+15	9.91e-01	8.98e-03	1.55e-05
 9.94789e+15	9.91e-01	8.76e-03	1.47e-05
 9.97499e+15	9.91e-01	8.57e-03	1.41e-05
 1.00047e+16	9.92e-01	8.36e-03	1.34e-05
 1.00367e+16	9.92e-01	8.14e-03	1.27e-05
 1.00659e+16	9.92e-01	7.96e-03	1.22e-05
 1.00979e+16	9.92e-01	7.75e-03	1.15e-05
 1.01324e+16	9.92e-01	7.54e-03	1.09e-05
 1.01638e+16	9.93e-01	7.36e-03	1.04e-05
 1.01982e+16	9.93e-01	7.16e-03	9.87e-06
 1.02353e+16	9.93e-01	6.96e-03	9.33e-06
 1.02691e+16	9.93e-01	6.78e-03	8.87e-06
 1.03062e+16	9.93e-01	6.59e-03	8.38e-06
 1.03543e+16	9.94e-01	6.34e-03	7.77e-06
 1.04100e+16	9.94e-01	6.08e-03	7.16e-06
 1.04663e+16	9.94e-01	5.83e-03	6.60e-06
 1.05226e+16	9.94e-01	5.60e-03	6.08e-06
 1.05811e+16	9.95e-01	5.37e-03	5.60e-06
 1.06423e+16	9.95e-01	5.14e-03	5.14e-06
 1.07057e+16	9.95e-01	4.92e-03	4.70e-06
 1.07710e+16	9.95e-01	4.70e-03	4.30e-06
 1.08386e+16	9.96e-01	4.49e-03	3.92e-06
 1.09087e+16	9.96e-01	4.28e-03	3.57e-06
 1.09807e+16	9.96e-01	4.08e-03	3.25e-06
 1.10538e+16	9.96e-01	3.89e-03	2.95e-06
 1.11280e+16	9.96e-01	3.70e-03	2.68e-06
 1.12034e+16	9.96e-01	3.53e-03	2.44e-06
 1.12794e+16	9.97e-01	3.36e-03	2.22e-06
 1.13565e+16	9.97e-01	3.20e-03	2.01e-06
 1.14360e+16	9.97e-01	3.05e-03	1.82e-06
 1.15174e+16	9.97e-01	2.90e-03	1.65e-06
 1.16000e+16	9.97e-01	2.75e-03	1.49e-06
 1.16838e+16	9.97e-01	2.62e-03	1.35e-06
 1.17692e+16	9.98e-01	2.49e-03	1.22e-06
 1.18562e+16	9.98e-01	2.36e-03	1.10e-06
 1.19450e+16	9.98e-01	2.24e-03	9.92e-07
 1.20354e+16	9.98e-01	2.13e-03	8.94e-07
 1.21273e+16	9.98e-01	2.02e-03	8.04e-07
 1.22210e+16	9.98e-01	1.91e-03	7.23e-07
 1.23165e+16	9.98e-01	1.81e-03	6.49e-07
 1.24140e+16	9.98e-01	1.71e-03	5.82e-07
 1.25134e+16	9.98e-01	1.62e-03	5.21e-07
 1.26147e+16	9.98e-01	1.53e-03	4.66e-07
 1.27182e+16	9.99e-01	1.44e-03	4.16e-07
 1.28238e+16	9.99e-01	1.36e-03	3.71e-07
 1.29316e+16	9.99e-01	1.29e-03	3.30e-07
 1.30418e+16	9.99e-01	1.21e-03	2.93e-07
 1.31545e+16	9.99e-01	1.14e-03	2.60e-07
 1.32698e+16	9.99e-01	1.07e-03	2.30e-07
 1.33878e+16	9.99e-01	1.01e-03	2.03e-07
 1.35087e+16	9.99e-01	9.46e-04	1.79e-07
 1.36326e+16	9.99e-01	8.87e-04	1.58e-07
 1.37597e+16	9.99e-01	8.30e-04	1.38e-07
 1.38903e+16	9.99e-01	7.76e-04	1.21e-07
 1.40245e+16	9.99e-01	7.24e-04	1.06e-07
 1.41625e+16	9.99e-01	6.75e-04	9.18e-08
 1.43046e+16	9.99e-01	6.29e-04	7.97e-08
 1.44482e+16	9.99e-01	5.86e-04	6.92e-08
 1.45957e+16	9.99e-01	5.44e-04	5.97e-08
 1.47523e+16	9.99e-01	5.03e-04	5.11e-08
 1.49163e+16	1.00e+00	4.64e-04	4.35e-08
 1.50857e+16	1.00e+00	4.27e-04	3.69e-08
 1.52612e+16	1.00e+00	3.92e-04	3.11e-08
 1.54445e+16	1.00e+00	3.58e-04	2.60e-08
 1.56367e+16	1.00e+00	3.26e-04	2.16e-08
 1.58385e+16	1.00e+00	2.96e-04	1.78e-08
 1.60512e+16	1.00e+00	2.68e-04	1.46e-08
 1.62768e+16	1.00e+00	2.40e-04	1.18e-08
 1.65193e+16	1.00e+00	2.14e-04	9.36e-09
 1.67752e+16	1.00e+00	1.90e-04	7.37e-09
 1.70491e+16	1.00e+00	1.67e-04	5.71e-09
 1.73506e+16	1.00e+00	1.45e-04	4.32e-09
 1.76799e+16	1.00e+00	1.25e-04	3.19e-09
 1.80426e+16	1.00e+00	1.06e-04	2.30e-09
 1.84488e+16	1.00e+00	8.81e-05	1.59e-09
 1.89249e+16	1.00e+00	7.11e-05	1.04e-09
 1.94711e+16	1.00e+00	5.61e-05	6.46e-10
 2.00435e+16	1.00e+00	4.39e-05	3.97e-10
 2.06078e+16	1.00e+00	3.47e-05	2.49e-10
 2.11632e+16	1.00e+00	2.77e-05	1.58e-10
 2.17255e+16	1.00e+00	2.20e-05	1.00e-10
 2.23009e+16	1.00e+00	1.76e-05	6.38e-11
 2.28889e+16	1.00e+00	1.40e-05	4.04e-11
 2.34870e+16	1.00e+00	1.11e-05	2.57e-11
 2.40942e+16	1.00e+00	8.88e-06	1.64e-11
 2.47147e+16	1.00e+00	7.07e-06	1.04e-11
 2.53497e+16	1.00e+00	5.64e-06	6.62e-12
 2.59995e+16	1.00e+00	4.49e-06	4.20e-12
 2.66651e+16	1.00e+00	3.57e-06	2.67e-12
 2.73472e+16	1.00e+00	2.84e-06	1.68e-12
 2.80460e+16	1.00e+00	2.25e-06	1.06e-12
 2.87650e+16	1.00e+00	1.79e-06	6.69e-13
 2.95086e+16	1.00e+00	1.41e-06	4.18e-13
 3.02777e+16	1.00e+00	1.11e-06	2.60e-13
 3.10757e+16	1.00e+00	8.71e-07	1.60e-13
 3.18831e+16	1.00e+00	6.85e-07	9.92e-14
 3.26735e+16	1.00e+00	5.44e-07	6.28e-14
 3.34419e+16	1.00e+00	4.37e-07	4.05e-14
 3.41922e+16	1.00e+00	3.54e-07	2.67e-14
 3.49270e+16	1.00e+00	2.89e-07	1.78e-14
 3.56429e+16	1.00e+00	2.38e-07	1.21e-14
 3.63380e+16	1.00e+00	1.98e-07	8.35e-15
 3.70106e+16	1.00e+00	1.66e-07	5.87e-15
 3.76597e+16	1.00e+00	1.40e-07	4.19e-15
 3.82848e+16	1.00e+00	1.19e-07	3.05e-15
 3.88857e+16	1.00e+00	1.02e-07	2.25e-15
 3.94624e+16	1.00e+00	8.86e-08	1.69e-15
 4.00147e+16	1.00e+00	7.72e-08	1.29e-15
 4.05431e+16	1.00e+00	6.79e-08	9.95e-16
 4.10481e+16	1.00e+00	6.00e-08	7.79e-16
 4.15304e+16	1.00e+00	5.35e-08	6.19e-16
 4.19909e+16	1.00e+00	4.79e-08	4.98e-16
 4.24301e+16	1.00e+00	4.32e-08	4.05e-16
 4.28488e+16	1.00e+00	3.91e-08	3.33e-16
 4.32477e+16	1.00e+00	3.57e-08	2.77e-16
 4.36278e+16	1.00e+00	3.27e-08	2.32e-16
 4.39897e+16	1.00e+00	3.01e-08	1.97e-16
 4.43341e+16	1.00e+00	2.78e-08	1.69e-16
 4.46620e+16	1.00e+00	2.58e-08	1.45e-16
 4.49745e+16	1.00e+00	2.40e-08	1.26e-16
 4.52724e+16	1.00e+00	2.25e-08	1.11e-16
 4.55567e+16	1.00e+00	2.11e-08	9.75e-17
 4.58277e+16	1.00e+00	1.99e-08	8.65e-17
 4.60860e+16	1.00e+00	1.88e-08	7.73e-17
 4.63324e+16	1.00e+00	1.78e-08	6.94e-17
 4.65676e+16	1.00e+00	1.69e-08	6.26e-17
 4.67923e+16	1.00e+00	1.61e-08	5.68e-17
 4.70073e+16	1.00e+00	1.53e-08	5.17e-17
 4.72130e+16	1.00e+00	1.47e-08	4.73e-17
 4.74100e+16	1.00e+00	1.40e-08	4.35e-17
 4.75988e+16	1.00e+00	1.35e-08	4.01e-17
 4.77800e+16	1.00e+00	1.30e-08	3.71e-17
 4.79542e+16	1.00e+00	1.25e-08	3.45e-17
 4.81218e+16	1.00e+00	1.21e-08	3.21e-17
 4.82835e+16	1.00e+00	1.16e-08	3.00e-17
 4.84397e+16	1.00e+00	1.13e-08	2.81e-17
 4.85908e+16	1.00e+00	1.09e-08	2.63e-17
 4.87372e+16	1.00e+00	1.06e-08	2.48e-17
 4.88797e+16	1.00e+00	1.03e-08	2.33e-17
 4.90188e+16	1.00e+00	9.96e-09	2.20e-17
 4.91548e+16	1.00e+00	9.68e-09	2.08e-17
 4.92885e+16	1.00e+00	9.41e-09	1.96e-17
 4.94202e+16	1.00e+00	9.16e-09	1.86e-17
 4.95507e+16	1.00e+00	8.91e-09	1.76e-17
 4.96807e+16	1.00e+00	8.67e-09	1.67e-17
 4.98111e+16	1.00e+00	8.44e-09	1.58e-17
 4.99426e+16	1.00e+00	8.21e-09	1.50e-17
 5.00764e+16	1.00e+00	7.98e-09	1.42e-17
 5.02136e+16	1.00e+00	7.76e-09	1.34e-17
 5.03559e+16	1.00e+00	7.53e-09	1.26e-17
 5.05054e+16	1.00e+00	7.30e-09	1.19e-17
 5.06645e+16	1.00e+00	7.06e-09	1.11e-17
 5.08366e+16	1.00e+00	6.81e-09	1.03e-17
 5.10263e+16	1.00e+00	6.55e-09	9.56e-18
 5.12404e+16	1.00e+00	6.26e-09	8.75e-18
 5.14886e+16	1.00e+00	5.95e-09	7.89e-18
 5.17857e+16	1.00e+00	5.59e-09	6.98e-18
 5.21548e+16	1.00e+00	5.18e-09	5.99e-18
 5.26289e+16	1.00e+00	4.69e-09	4.93e-18
 5.32453e+16	1.00e+00	4.13e-09	3.84e-18
 5.40466e+16	1.00e+00	3.52e-09	2.78e-18
 5.50883e+16	1.00e+00	2.86e-09	1.84e-18
 5.64424e+16	1.00e+00	2.19e-09	1.09e-18
 5.82029e+16	1.00e+00	1.57e-09	5.60e-19
 6.03306e+16	1.00e+00	1.06e-09	2.60e-19
 6.26179e+16	1.00e+00	7.13e-10	1.18e-19
 6.49274e+16	1.00e+00	4.82e-10	5.43e-20
 6.73137e+16	1.00e+00	3.25e-10	2.49e-20
 6.97768e+16	1.00e+00	2.20e-10	1.15e-20
 7.22397e+16	1.00e+00	1.50e-10	5.41e-21
 7.48123e+16	1.00e+00	1.02e-10	0.00e+00
 7.75341e+16	1.00e+00	6.84e-11	0.00e+00
 8.03358e+16	1.00e+00	4.60e-11	0.00e+00
 8.31780e+16	1.00e+00	3.11e-11	0.00e+00
 8.60201e+16	1.00e+00	2.13e-11	0.00e+00
 8.88624e+16	1.00e+00	1.47e-11	0.00e+00
 9.18486e+16	1.00e+00	1.01e-11	0.00e+00
 9.49787e+16	1.00e+00	6.83e-12	0.00e+00
 9.81088e+16	1.00e+00	4.69e-12	0.00e+00
 1.01239e+17	1.00e+00	3.26e-12	0.00e+00
 1.04369e+17	1.00e+00	2.28e-12	0.00e+00
 1.07164e+17	1.00e+00	1.69e-12	0.00e+00
 1.09154e+17	1.00e+00	1.38e-12	0.00e+00
 1.10355e+17	1.00e+00	1.22e-12	0.00e+00
 1.11063e+17	1.00e+00	1.14e-12	0.00e+00
 1.11487e+17	1.00e+00	1.09e-12	0.00e+00
 1.11749e+17	1.00e+00	1.06e-12	0.00e+00
 1.11948e+17	1.00e+00	1.04e-12	0.00e+00
 1.12162e+17	1.00e+00	1.02e-12	0.00e+00
 1.12411e+17	1.00e+00	9.90e-13	0.00e+00
 1.12661e+17	1.00e+00	9.65e-13	0.00e+00
 1.12872e+17	1.00e+00	9.45e-13	0.00e+00
 1.13051e+17	1.00e+00	9.27e-13	0.00e+00
 1.13224e+17	1.00e+00	9.11e-13	0.00e+00
 1.13397e+17	1.00e+00	8.94e-13	0.00e+00
 1.13567e+17	1.00e+00	8.79e-13	0.00e+00
 1.13723e+17	1.00e+00	8.65e-13	0.00e+00
 1.13857e+17	1.00e+00	8.53e-13	0.00e+00
 1.13985e+17	1.00e+00	8.42e-13	0.00e+00
 1.14118e+17	1.00e+00	8.30e-13	0.00e+00
 1.14247e+17	1.00e+00	8.19e-13	0.00e+00
 1.14363e+17	1.00e+00	8.09e-13	0.00e+00
 1.14468e+17	1.00e+00	8.01e-13	0.00e+00
 1.14568e+17	1.00e+00	7.92e-13	0.00e+00
 1.14674e+17	1.00e+00	7.83e-13	0.00e+00
 1.14781e+17	1.00e+00	7.75e-13	0.00e+00
 1.14873e+17	1.00e+00	7.68e-13	0.00e+00
 1.14953e+17	1.00e+00	7.61e-13	0.00e+00
 1.15042e+17	1.00e+00	7.54e-13	0.00e+00
 1.15139e+17	1.00e+00	7.46e-13	0.00e+00
 1.15227e+17	1.00e+00	7.39e-13	0.00e+00
 1.15305e+17	1.00e+00	7.33e-13	0.00e+00
 1.15383e+17	1.00e+00	7.27e-13	0.00e+00
 1.15461e+17	1.00e+00	7.21e-13	0.00e+00
 1.15540e+17	1.00e+00	7.15e-13	0.00e+00
 1.15616e+17	1.00e+00	7.09e-13	0.00e+00
 1.15689e+17	1.00e+00	7.04e-13	0.00e+00
 1.15765e+17	1.00e+00	6.98e-13	0.00e+00
 1.15841e+17	1.00e+00	6.92e-13	0.00e+00
 1.15915e+17	1.00e+00	6.87e-13	0.00e+00
 1.15987e+17	1.00e+00	6.81e-13	0.00e+00
 1.16061e+17	1.00e+00	6.76e-13	0.00e+00
 1.16137e+17	1.00e+00	6.70e-13	0.00e+00
 1.16211e+17	1.00e+00	6.65e-13	0.00e+00
 1.16285e+17	1.00e+00	6.59e-13	0.00e+00
 1.16362e+17	1.00e+00	6.54e-13	0.00e+00
 1.16440e+17	1.00e+00	6.48e-13	0.00e+00
 1.16520e+17	1.00e+00	6.42e-13	0.00e+00
 1.16600e+17	1.00e+00	6.36e-13	0.00e+00
 1.16677e+17	1.00e+00	6.31e-13	0.00e+00
 1.16754e+17	1.00e+00	6.26e-13	0.00e+00
 1.16837e+17	1.00e+00	6.20e-13	0.00e+00
 1.16927e+17	1.00e+00	6.13e-13	0.00e+00
 1.17025e+17	1.00e+00	6.06e-13	0.00e+00
 1.17125e+17	1.00e+00	5.99e-13	0.00e+00
 1.17208e+17	1.00e+00	5.94e-13	0.00e+00
 1.17288e+17	1.00e+00	5.89e-13	0.00e+00
 1.17391e+17	1.00e+00	5.81e-13	0.00e+00
 1.17505e+17	1.00e+00	5.74e-13	0.00e+00
 1.17610e+17	1.00e+00	5.67e-13	0.00e+00
 1.17704e+17	1.00e+00	5.61e-13	0.00e+00
 1.17800e+17	1.00e+00	5.55e-13	0.00e+00
 1.17911e+17	1.00e+00	5.47e-13	0.00e+00
 1.18037e+17	1.00e+00	5.39e-13	0.00e+00
 1.18160e+17	1.00e+00	5.32e-13	0.00e+00
 1.18274e+17	1.00e+00	5.25e-13	0.00e+00
 1.18389e+17	1.00e+00	5.18e-13	0.00e+00
 1.18510e+17	1.00e+00	5.11e-13	0.00e+00
 1.18640e+17	1.00e+00	5.03e-13	0.00e+00
 1.18776e+17	1.00e+00	4.95e-13	0.00e+00
 1.18915e+17	1.00e+00	4.87e-13	0.00e+00
 1.19052e+17	1.00e+00	4.79e-13	0.00e+00
 1.19191e+17	1.00e+00	4.71e-13	0.00e+00
 1.19341e+17	1.00e+00	4.63e-13	0.00e+00
 1.19497e+17	1.00e+00	4.54e-13	0.00e+00
 1.19658e+17	1.00e+00	4.46e-13	0.00e+00
 1.19820e+17	1.00e+00	4.37e-13	0.00e+00
 1.19984e+17	1.00e+00	4.29e-13	0.00e+00
 1.20153e+17	1.00e+00	4.20e-13	0.00e+00
 1.20332e+17	1.00e+00	4.11e-13	0.00e+00
 1.20519e+17	1.00e+00	4.02e-13	0.00e+00
 1.20710e+17	1.00e+00	3.93e-13	0.00e+00
 1.20903e+17	1.00e+00	3.84e-13	0.00e+00
 1.21096e+17	1.00e+00	3.76e-13	0.00e+00
 1.21306e+17	1.00e+00	3.66e-13	0.00e+00
 1.21534e+17	1.00e+00	3.56e-13	0.00e+00
 1.21763e+17	1.00e+00	3.46e-13	0.00e+00
 1.21982e+17	1.00e+00	3.38e-13	0.00e+00
 1.22201e+17	1.00e+00	3.29e-13	0.00e+00
 1.22439e+17	1.00e+00	3.19e-13	0.00e+00
 1.22698e+17	1.00e+00	3.09e-13	0.00e+00
 1.22963e+17	1.00e+00	3.00e-13	0.00e+00
 1.23224e+17	1.00e+00	2.90e-13	0.00e+00
 1.23484e+17	1.00e+00	2.81e-13	0.00e+00
 1.23751e+17	1.00e+00	2.72e-13	0.00e+00
 1.24034e+17	1.00e+00	2.63e-13	0.00e+00
 1.24333e+17	1.00e+00	2.54e-13	0.00e+00
 1.24642e+17	1.00e+00	2.44e-13	0.00e+00
 1.24951e+17	1.00e+00	2.35e-13	0.00e+00
 1.25267e+17	1.00e+00	2.26e-13	0.00e+00
 1.25595e+17	1.00e+00	2.18e-13	0.00e+00
 1.25945e+17	1.00e+00	2.08e-13	0.00e+00
 1.26303e+17	1.00e+00	1.99e-13	0.00e+00
 1.26649e+17	1.00e+00	1.91e-13	0.00e+00
 1.27006e+17	1.00e+00	1.83e-13	0.00e+00
 1.27391e+17	1.00e+00	1.75e-13	0.00e+00
 1.27790e+17	1.00e+00	1.67e-13	0.00e+00
 1.28212e+17	1.00e+00	1.59e-13	0.00e+00
 1.28656e+17	1.00e+00	1.51e-13	0.00e+00
 1.29090e+17	1.00e+00	1.43e-13	0.00e+00
 1.29516e+17	1.00e+00	1.36e-13	0.00e+00
 1.29972e+17	1.00e+00	1.29e-13	0.00e+00
 1.30466e+17	1.00e+00	1.22e-13	0.00e+00
 1.30983e+17	1.00e+00	1.15e-13	0.00e+00
 1.31518e+17	1.00e+00	1.08e-13	0.00e+00
 1.32069e+17	1.00e+00	1.02e-13	0.00e+00
 1.32644e+17	1.00e+00	9.59e-14	0.00e+00
 1.33238e+17	1.00e+00	9.00e-14	0.00e+00
 1.33816e+17	1.00e+00	8.48e-14	0.00e+00
 1.34338e+17	1.00e+00	8.03e-14	0.00e+00
 1.34808e+17	1.00e+00	7.65e-14	0.00e+00
 1.35265e+17	1.00e+00	7.30e-14	0.00e+00
 1.35735e+17	1.00e+00	6.95e-14	0.00e+00
 1.36200e+17	1.00e+00	6.62e-14	0.00e+00
 1.36627e+17	1.00e+00	6.33e-14	0.00e+00
 1.37002e+17	1.00e+00	6.08e-14	0.00e+00
 1.37339e+17	1.00e+00	5.87e-14	0.00e+00
 1.37654e+17	1.00e+00	5.67e-14	0.00e+00
 1.37953e+17	1.00e+00	5.48e-14	0.00e+00
 1.38235e+17	1.00e+00	5.32e-14	0.00e+00
 1.38497e+17	1.00e+00	5.17e-14	0.00e+00
 1.38742e+17	1.00e+00	5.04e-14	0.00e+00
 1.38975e+17	1.00e+00	4.91e-14	0.00e+00
 1.39197e+17	1.00e+00	4.79e-14	0.00e+00
 1.39409e+17	1.00e+00	4.68e-14	0.00e+00
 1.39613e+17	1.00e+00	4.57e-14	0.00e+00
 1.39810e+17	1.00e+00	4.47e-14	0.00e+00
 1.40000e+17	1.00e+00	4.38e-14	0.00e+00
 1.40184e+17	1.00e+00	4.29e-14	0.00e+00
 1.40363e+17	1.00e+00	4.21e-14	0.00e+00
 1.40538e+17	1.00e+00	4.13e-14	0.00e+00
 1.40710e+17	1.00e+00	4.05e-14	0.00e+00
 1.40878e+17	1.00e+00	3.97e-14	0.00e+00
 1.41041e+17	1.00e+00	3.90e-14	0.00e+00
 1.41201e+17	1.00e+00	3.84e-14	0.00e+00
 1.41360e+17	1.00e+00	3.77e-14	0.00e+00
 1.41516e+17	1.00e+00	3.71e-14	0.00e+00
 1.41670e+17	1.00e+00	3.65e-14	0.00e+00
 1.41821e+17	1.00e+00	3.59e-14	0.00e+00
 1.41970e+17	1.00e+00	3.53e-14	0.00e+00
 1.42141e+17	1.00e+00	3.47e-14	0.00e+00
 1.42362e+17	1.00e+00	3.38e-14	0.00e+00
 1.42651e+17	1.00e+00	3.28e-14	0.00e+00
 1.43025e+17	1.00e+00	3.15e-14	0.00e+00
 1.43512e+17	1.00e+00	2.99e-14	0.00e+00
 1.44124e+17	1.00e+00	2.81e-14	0.00e+00
 1.44785e+17	1.00e+00	2.63e-14	0.00e+00
 1.45383e+17	1.00e+00	2.48e-14	0.00e+00
 1.45897e+17	1.00e+00	2.36e-14	0.00e+00
 1.46384e+17	1.00e+00	2.24e-14	0.00e+00
 1.46901e+17	1.00e+00	2.13e-14	0.00e+00
 1.47465e+17	1.00e+00	2.02e-14	0.00e+00
 1.48048e+17	1.00e+00	1.91e-14	0.00e+00
 1.48622e+17	1.00e+00	1.80e-14	0.00e+00
 1.49185e+17	1.00e+00	1.71e-14	0.00e+00
 1.49764e+17	1.00e+00	1.62e-14	0.00e+00
 1.50381e+17	1.00e+00	1.53e-14	0.00e+00
 1.51045e+17	1.00e+00	1.43e-14	0.00e+00
 1.51757e+17	1.00e+00	1.34e-14	0.00e+00
 1.52524e+17	1.00e+00	1.25e-14	0.00e+00
 1.53379e+17	1.00e+00	1.15e-14	0.00e+00
 1.54379e+17	1.00e+00	1.05e-14	0.00e+00
 1.55617e+17	1.00e+00	9.34e-15	0.00e+00
 1.57212e+17	1.00e+00	8.04e-15	0.00e+00
 1.59284e+17	1.00e+00	6.64e-15	0.00e+00
 1.61979e+17	1.00e+00	5.20e-15	0.00e+00
 1.65482e+17	1.00e+00	3.80e-15	0.00e+00
 1.70035e+17	1.00e+00	2.55e-15	0.00e+00
 1.75955e+17	1.00e+00	1.53e-15	0.00e+00
 1.82887e+17	1.00e+00	8.57e-16	0.00e+00
 1.89710e+17	1.00e+00	4.94e-16	0.00e+00
 1.95741e+17	1.00e+00	3.05e-16	0.00e+00
 2.01138e+17	1.00e+00	1.98e-16	0.00e+00
 2.07126e+17	1.00e+00	1.22e-16	0.00e+00
 2.14721e+17	1.00e+00	6.61e-17	0.00e+00
 2.22309e+17	1.00e+00	3.59e-17	0.00e+00
 2.27714e+17	1.00e+00	2.28e-17	0.00e+00
 2.30957e+17	1.00e+00	1.71e-17	0.00e+00
 2.32902e+17	1.00e+00	1.42e-17	0.00e+00
 2.34070e+17	1.00e+00	1.26e-17	0.00e+00
 2.34770e+17	1.00e+00	1.17e-17	0.00e+00
 2.35191e+17	1.00e+00	1.12e-17	0.00e+00
 2.35443e+17	1.00e+00	1.09e-17	0.00e+00
 2.35611e+17	1.00e+00	1.06e-17	0.00e+00
 2.35782e+17	1.00e+00	1.04e-17	0.00e+00
 2.36003e+17	1.00e+00	1.02e-17	0.00e+00
 2.36280e+17	1.00e+00	9.86e-18	0.00e+00
 2.36573e+17	1.00e+00	9.52e-18	0.00e+00
 2.36819e+17	1.00e+00	9.22e-18	0.00e+00
 2.37009e+17	1.00e+00	9.00e-18	0.00e+00
 2.37181e+17	1.00e+00	8.81e-18	0.00e+00
 2.37379e+17	1.00e+00	8.59e-18	0.00e+00
 2.37625e+17	1.00e+00	8.33e-18	0.00e+00
 2.37887e+17	1.00e+00	8.04e-18	0.00e+00
 2.38113e+17	1.00e+00	7.78e-18	0.00e+00
 2.38291e+17	1.00e+00	7.58e-18	0.00e+00
 2.38450e+17	1.00e+00	7.41e-18	0.00e+00
 2.38631e+17	1.00e+00	7.09e-18	0.00e+00
 2.38853e+17	1.00e+00	6.87e-18	0.00e+00
 2.39091e+17	1.00e+00	6.63e-18	0.00e+00
 2.39299e+17	1.00e+00	6.41e-18	0.00e+00
 2.39465e+17	1.00e+00	6.23e-18	0.00e+00
 2.39616e+17	1.00e+00	6.08e-18	0.00e+00
 2.39784e+17	1.00e+00	5.92e-18	0.00e+00
 2.39989e+17	1.00e+00	5.73e-18	0.00e+00
 2.40211e+17	1.00e+00	5.51e-18	0.00e+00
 2.40407e+17	1.00e+00	5.31e-18	0.00e+00
 2.40565e+17	1.00e+00	5.15e-18	0.00e+00
 2.40709e+17	1.00e+00	5.02e-18	0.00e+00
 2.40869e+17	1.00e+00	4.88e-18	0.00e+00
 2.41064e+17	1.00e+00	4.71e-18	0.00e+00
 2.41275e+17	1.00e+00	4.52e-18	0.00e+00
 2.41464e+17	1.00e+00	4.34e-18	0.00e+00
 2.41619e+17	1.00e+00	4.20e-18	0.00e+00
 2.41760e+17	1.00e+00	4.08e-18	0.00e+00
 2.41917e+17	1.00e+00	3.96e-18	0.00e+00
 2.42105e+17	1.00e+00	3.81e-18	0.00e+00
 2.42309e+17	1.00e+00	3.64e-18	0.00e+00
 2.42495e+17	1.00e+00	3.49e-18	0.00e+00
 2.42650e+17	1.00e+00	3.37e-18	0.00e+00
 2.42793e+17	1.00e+00	3.26e-18	0.00e+00
 2.42950e+17	1.00e+00	3.15e-18	0.00e+00
 2.43137e+17	1.00e+00	3.02e-18	0.00e+00
 2.43338e+17	1.00e+00	2.88e-18	0.00e+00
 2.43525e+17	1.00e+00	2.76e-18	0.00e+00
 2.43685e+17	1.00e+00	2.65e-18	0.00e+00
 2.43832e+17	1.00e+00	2.56e-18	0.00e+00
 2.43993e+17	1.00e+00	2.46e-18	0.00e+00
 2.44184e+17	1.00e+00	2.36e-18	0.00e+00
 2.44391e+17	1.00e+00	2.24e-18	0.00e+00
 2.44585e+17	1.00e+00	2.13e-18	0.00e+00
 2.44752e+17	1.00e+00	2.04e-18	0.00e+00
 2.44909e+17	1.00e+00	1.96e-18	0.00e+00
 2.45079e+17	1.00e+00	1.89e-18	0.00e+00
 2.45278e+17	1.00e+00	1.80e-18	0.00e+00
 2.45497e+17	1.00e+00	1.70e-18	0.00e+00
 2.45706e+17	1.00e+00	1.61e-18	0.00e+00
