#depth	N	N+	N+2	N+3	N+4	N+5	N+6	N+7
 1.49634e+10	0.00e+00	0.00e+00	7.77e-28	1.77e-18	7.29e-10	9.47e-01	5.26e-02	1.15e-06
 4.54887e+10	0.00e+00	8.48e-38	9.90e-28	2.08e-18	7.93e-10	9.51e-01	4.85e-02	9.83e-07
 7.72350e+10	0.00e+00	0.00e+00	1.26e-27	2.45e-18	8.62e-10	9.55e-01	4.48e-02	0.00e+00
 1.10251e+11	0.00e+00	1.61e-37	1.61e-27	2.89e-18	9.37e-10	9.59e-01	4.14e-02	0.00e+00
 1.42451e+11	0.00e+00	0.00e+00	2.02e-27	3.36e-18	1.01e-09	9.62e-01	3.84e-02	0.00e+00
 1.73038e+11	0.00e+00	2.88e-37	2.49e-27	3.87e-18	1.09e-09	9.64e-01	3.58e-02	0.00e+00
 2.06985e+11	0.00e+00	0.00e+00	3.11e-27	4.50e-18	1.18e-09	9.67e-01	3.32e-02	0.00e+00
 2.44061e+11	0.00e+00	5.30e-37	3.94e-27	5.27e-18	1.27e-09	9.69e-01	3.07e-02	0.00e+00
 2.79790e+11	0.00e+00	0.00e+00	4.90e-27	6.11e-18	1.37e-09	9.71e-01	2.85e-02	0.00e+00
 3.18078e+11	0.00e+00	9.56e-37	6.15e-27	7.11e-18	1.48e-09	9.74e-01	2.64e-02	0.00e+00
 3.60727e+11	0.00e+00	0.00e+00	7.84e-27	8.37e-18	1.61e-09	9.76e-01	2.44e-02	0.00e+00
 4.03721e+11	0.00e+00	1.81e-36	9.92e-27	9.81e-18	1.75e-09	9.78e-01	2.25e-02	0.00e+00
 4.48434e+11	5.10e-47	2.47e-36	1.26e-26	1.15e-17	1.89e-09	9.79e-01	2.08e-02	0.00e+00
 4.96298e+11	0.00e+00	0.00e+00	1.60e-26	1.35e-17	2.06e-09	9.81e-01	1.91e-02	0.00e+00
 5.46077e+11	0.00e+00	4.72e-36	2.05e-26	1.59e-17	2.23e-09	9.82e-01	1.76e-02	0.00e+00
 5.97847e+11	1.72e-46	6.53e-36	2.61e-26	1.88e-17	2.43e-09	9.84e-01	1.62e-02	0.00e+00
 6.51688e+11	0.00e+00	0.00e+00	3.34e-26	2.21e-17	2.64e-09	9.85e-01	1.49e-02	0.00e+00
 7.07682e+11	0.00e+00	1.25e-35	4.26e-26	2.61e-17	2.86e-09	9.86e-01	1.37e-02	0.00e+00
 7.65916e+11	5.81e-46	1.73e-35	5.45e-26	3.08e-17	3.11e-09	9.87e-01	1.26e-02	0.00e+00
 8.26479e+11	0.00e+00	0.00e+00	6.97e-26	3.63e-17	3.39e-09	9.88e-01	1.16e-02	0.00e+00
 8.89465e+11	0.00e+00	3.33e-35	8.92e-26	4.29e-17	3.68e-09	9.89e-01	1.06e-02	0.00e+00
 9.48882e+11	1.90e-45	4.49e-35	1.12e-25	4.99e-17	3.97e-09	9.90e-01	9.85e-03	0.00e+00
 1.00232e+12	0.00e+00	0.00e+00	1.36e-25	5.69e-17	4.24e-09	9.91e-01	9.21e-03	0.00e+00
 1.06242e+12	0.00e+00	7.72e-35	1.68e-25	6.57e-17	4.56e-09	9.91e-01	8.56e-03	0.00e+00
 1.13327e+12	5.61e-45	1.07e-34	2.14e-25	7.74e-17	4.96e-09	9.92e-01	7.88e-03	0.00e+00
 1.20400e+12	0.00e+00	0.00e+00	2.71e-25	9.06e-17	5.37e-09	9.93e-01	7.27e-03	0.00e+00
 1.27081e+12	0.00e+00	1.93e-34	3.36e-25	1.05e-16	5.77e-09	9.93e-01	6.76e-03	0.00e+00
 1.34483e+12	1.72e-44	2.62e-34	4.23e-25	1.22e-16	6.25e-09	9.94e-01	6.25e-03	0.00e+00
 1.42855e+12	0.00e+00	3.65e-34	5.43e-25	1.45e-16	6.80e-09	9.94e-01	5.73e-03	0.00e+00
 1.51248e+12	3.90e-44	5.04e-34	6.93e-25	1.71e-16	7.39e-09	9.95e-01	5.27e-03	0.00e+00
 1.59977e+12	0.00e+00	6.95e-34	8.84e-25	2.01e-16	8.03e-09	9.95e-01	4.85e-03	0.00e+00
 1.69369e+12	8.84e-44	9.72e-34	1.14e-24	2.39e-16	8.76e-09	9.96e-01	4.45e-03	0.00e+00
 1.78188e+12	0.00e+00	1.32e-33	1.43e-24	2.79e-16	9.48e-09	9.96e-01	4.11e-03	0.00e+00
 1.86078e+12	1.79e-43	1.71e-33	1.75e-24	3.19e-16	1.01e-08	9.96e-01	3.84e-03	0.00e+00
 1.94950e+12	0.00e+00	2.28e-33	2.17e-24	3.70e-16	1.09e-08	9.96e-01	3.56e-03	0.00e+00
 2.05460e+12	3.86e-43	3.17e-33	2.79e-24	4.38e-16	1.19e-08	9.97e-01	3.27e-03	0.00e+00
 2.15964e+12	0.00e+00	4.35e-33	3.55e-24	5.16e-16	1.29e-08	9.97e-01	3.01e-03	0.00e+00
 2.25788e+12	8.21e-43	5.81e-33	4.41e-24	5.99e-16	1.40e-08	9.97e-01	2.79e-03	0.00e+00
 2.36713e+12	0.00e+00	7.89e-33	5.57e-24	7.01e-16	1.51e-08	9.97e-01	2.58e-03	0.00e+00
 2.49174e+12	1.84e-42	1.11e-32	7.23e-24	8.37e-16	1.66e-08	9.98e-01	2.35e-03	0.00e+00
 2.61411e+12	0.00e+00	1.53e-32	9.24e-24	9.90e-16	1.80e-08	9.98e-01	2.16e-03	0.00e+00
 2.74137e+12	4.11e-42	2.12e-32	1.18e-23	1.17e-15	1.97e-08	9.98e-01	1.99e-03	0.00e+00
 2.88095e+12	0.00e+00	2.98e-32	1.53e-23	1.40e-15	2.15e-08	9.98e-01	1.81e-03	0.00e+00
 3.02135e+12	9.48e-42	4.15e-32	1.98e-23	1.67e-15	2.35e-08	9.98e-01	1.66e-03	0.00e+00
 3.16738e+12	0.00e+00	5.79e-32	2.55e-23	1.98e-15	2.57e-08	9.98e-01	1.52e-03	0.00e+00
 3.32400e+12	2.19e-41	8.16e-32	3.31e-23	2.38e-15	2.82e-08	9.99e-01	1.39e-03	0.00e+00
 3.47947e+12	0.00e+00	1.13e-31	4.26e-23	2.83e-15	3.09e-08	9.99e-01	1.27e-03	0.00e+00
 3.64115e+12	4.93e-41	1.57e-31	5.48e-23	3.37e-15	3.38e-08	9.99e-01	1.16e-03	0.00e+00
 3.81672e+12	0.00e+00	2.21e-31	7.13e-23	4.04e-15	3.71e-08	9.99e-01	1.06e-03	0.00e+00
 3.99932e+12	1.15e-40	3.12e-31	9.29e-23	4.86e-15	4.08e-08	9.99e-01	9.64e-04	0.00e+00
 4.18922e+12	0.00e+00	4.39e-31	1.21e-22	5.84e-15	4.49e-08	9.99e-01	8.77e-04	0.00e+00
 4.38671e+12	2.68e-40	6.17e-31	1.58e-22	7.02e-15	4.94e-08	9.99e-01	7.98e-04	0.00e+00
 4.59211e+12	0.00e+00	8.67e-31	2.05e-22	8.45e-15	5.44e-08	9.99e-01	7.26e-04	0.00e+00
 4.77833e+12	5.86e-40	1.17e-30	2.58e-22	9.93e-15	5.93e-08	9.99e-01	6.68e-04	0.00e+00
 4.93425e+12	0.00e+00	1.48e-30	3.11e-22	1.13e-14	6.35e-08	9.99e-01	6.24e-04	0.00e+00
 5.10539e+12	1.08e-39	1.91e-30	3.80e-22	1.30e-14	6.83e-08	9.99e-01	5.81e-04	0.00e+00
 5.32112e+12	0.00e+00	2.61e-30	4.83e-22	1.55e-14	7.47e-08	9.99e-01	5.32e-04	0.00e+00
 5.54564e+12	2.30e-39	3.56e-30	6.16e-22	1.84e-14	8.18e-08	1.00e+00	4.86e-04	0.00e+00
 5.73818e+12	0.00e+00	4.59e-30	7.52e-22	2.12e-14	8.82e-08	1.00e+00	4.52e-04	0.00e+00
 5.93835e+12	4.30e-39	5.93e-30	9.20e-22	2.44e-14	9.52e-08	1.00e+00	4.19e-04	0.00e+00
 6.18748e+12	0.00e+00	8.06e-30	1.17e-21	2.90e-14	1.04e-07	1.00e+00	3.83e-04	0.00e+00
 6.43973e+12	8.98e-39	1.09e-29	1.48e-21	3.44e-14	1.14e-07	1.00e+00	3.51e-04	0.00e+00
 6.65969e+12	0.00e+00	1.39e-29	1.80e-21	3.96e-14	1.23e-07	1.00e+00	3.26e-04	0.00e+00
 6.89821e+12	1.67e-38	1.81e-29	2.21e-21	4.59e-14	1.33e-07	1.00e+00	3.02e-04	0.00e+00
 7.18865e+12	0.00e+00	2.45e-29	2.82e-21	5.46e-14	1.46e-07	1.00e+00	2.76e-04	0.00e+00
 7.48421e+12	3.47e-38	3.30e-29	3.56e-21	6.47e-14	1.60e-07	1.00e+00	2.52e-04	0.00e+00
 7.75548e+12	0.00e+00	4.29e-29	4.38e-21	7.51e-14	1.73e-07	1.00e+00	2.33e-04	0.00e+00
 8.05753e+12	6.68e-38	5.68e-29	5.47e-21	8.81e-14	1.89e-07	1.00e+00	2.14e-04	0.00e+00
 8.40778e+12	0.00e+00	7.75e-29	7.00e-21	1.05e-13	2.08e-07	1.00e+00	1.95e-04	0.00e+00
 8.75330e+12	1.39e-37	1.04e-28	8.83e-21	1.25e-13	2.27e-07	1.00e+00	1.78e-04	0.00e+00
 9.08419e+12	0.00e+00	1.36e-28	1.09e-20	1.46e-13	2.47e-07	1.00e+00	1.64e-04	0.00e+00
 9.44903e+12	2.72e-37	1.81e-28	1.37e-20	1.71e-13	2.70e-07	1.00e+00	1.51e-04	0.00e+00
 9.85692e+12	0.00e+00	2.46e-28	1.75e-20	2.04e-13	2.96e-07	1.00e+00	1.37e-04	0.00e+00
 1.02277e+13	5.45e-37	3.21e-28	2.16e-20	2.38e-13	3.22e-07	1.00e+00	1.27e-04	0.00e+00
 1.05398e+13	0.00e+00	4.00e-28	2.57e-20	2.70e-13	3.44e-07	1.00e+00	1.19e-04	0.00e+00
 1.08830e+13	9.38e-37	5.04e-28	3.08e-20	3.08e-13	3.69e-07	1.00e+00	1.11e-04	0.00e+00
 1.12704e+13	0.00e+00	6.48e-28	3.76e-20	3.55e-13	3.99e-07	1.00e+00	1.03e-04	0.00e+00
 1.16412e+13	1.69e-36	8.19e-28	4.53e-20	4.06e-13	4.28e-07	1.00e+00	9.56e-05	0.00e+00
 1.20493e+13	0.00e+00	1.05e-27	5.51e-20	4.67e-13	4.62e-07	1.00e+00	8.87e-05	0.00e+00
 1.25027e+13	3.16e-36	1.37e-27	6.80e-20	5.44e-13	5.01e-07	1.00e+00	8.19e-05	0.00e+00
 1.29276e+13	0.00e+00	1.74e-27	8.22e-20	6.24e-13	5.39e-07	1.00e+00	7.62e-05	0.00e+00
 1.33926e+13	5.77e-36	2.25e-27	1.01e-19	7.20e-13	5.82e-07	1.00e+00	7.06e-05	0.00e+00
 1.39156e+13	0.00e+00	2.97e-27	1.25e-19	8.42e-13	6.33e-07	1.00e+00	6.50e-05	0.00e+00
 1.44152e+13	1.10e-35	3.83e-27	1.53e-19	9.72e-13	6.84e-07	1.00e+00	6.02e-05	0.00e+00
 1.49626e+13	0.00e+00	5.01e-27	1.89e-19	1.13e-12	7.41e-07	1.00e+00	5.56e-05	0.00e+00
 1.55427e+13	2.13e-35	6.60e-27	2.35e-19	1.32e-12	8.05e-07	1.00e+00	5.13e-05	0.00e+00
 1.60503e+13	0.00e+00	8.33e-27	2.82e-19	1.50e-12	8.64e-07	1.00e+00	4.78e-05	0.00e+00
 1.65922e+13	3.80e-35	1.06e-26	3.40e-19	1.72e-12	9.28e-07	1.00e+00	4.46e-05	0.00e+00
 1.72515e+13	0.00e+00	1.41e-26	4.25e-19	2.01e-12	1.01e-06	1.00e+00	4.10e-05	0.00e+00
 1.79081e+13	7.47e-35	1.84e-26	5.25e-19	2.34e-12	1.09e-06	1.00e+00	3.79e-05	0.00e+00
 1.84875e+13	0.00e+00	2.33e-26	6.30e-19	2.66e-12	1.17e-06	1.00e+00	3.54e-05	0.00e+00
 1.91219e+13	1.34e-34	2.97e-26	7.64e-19	3.05e-12	1.26e-06	1.00e+00	3.30e-05	0.00e+00
 1.98850e+13	0.00e+00	3.96e-26	9.55e-19	3.57e-12	1.37e-06	1.00e+00	3.03e-05	0.00e+00
 2.06484e+13	2.65e-34	5.21e-26	1.18e-18	4.16e-12	1.48e-06	1.00e+00	2.80e-05	0.00e+00
 2.13429e+13	3.56e-34	6.64e-26	1.43e-18	4.75e-12	1.59e-06	1.00e+00	2.61e-05	0.00e+00
 2.21149e+13	4.91e-34	8.62e-26	1.75e-18	5.48e-12	1.72e-06	1.00e+00	2.42e-05	0.00e+00
 2.30172e+13	7.01e-34	1.15e-25	2.20e-18	6.44e-12	1.87e-06	1.00e+00	2.23e-05	0.00e+00
 2.39071e+13	9.89e-34	1.53e-25	2.74e-18	7.50e-12	2.03e-06	1.00e+00	2.06e-05	0.00e+00
 2.47490e+13	1.35e-33	1.97e-25	3.34e-18	8.62e-12	2.18e-06	1.00e+00	1.91e-05	0.00e+00
 2.56854e+13	1.89e-33	2.59e-25	4.13e-18	1.00e-11	2.36e-06	1.00e+00	1.77e-05	0.00e+00
 2.67427e+13	2.73e-33	3.50e-25	5.21e-18	1.18e-11	2.57e-06	1.00e+00	1.63e-05	0.00e+00
 2.78053e+13	3.89e-33	4.67e-25	6.52e-18	1.37e-11	2.79e-06	1.00e+00	1.50e-05	0.00e+00
 2.89103e+13	5.56e-33	6.25e-25	8.16e-18	1.61e-11	3.03e-06	1.00e+00	1.38e-05	0.00e+00
 3.00967e+13	8.04e-33	8.43e-25	1.03e-17	1.89e-11	3.29e-06	1.00e+00	1.27e-05	0.00e+00
 3.13304e+13	1.16e-32	1.14e-24	1.30e-17	2.22e-11	3.58e-06	1.00e+00	1.17e-05	0.00e+00
 3.25059e+13	1.64e-32	1.50e-24	1.60e-17	2.57e-11	3.86e-06	1.00e+00	1.08e-05	0.00e+00
 3.35788e+13	2.21e-32	1.92e-24	1.94e-17	2.92e-11	4.14e-06	1.00e+00	1.01e-05	0.00e+00
 3.45910e+13	2.91e-32	2.40e-24	2.30e-17	3.29e-11	4.40e-06	1.00e+00	9.53e-06	0.00e+00
 3.57082e+13	3.92e-32	3.05e-24	2.77e-17	3.73e-11	4.69e-06	1.00e+00	8.93e-06	0.00e+00
 3.69608e+13	5.40e-32	3.95e-24	3.38e-17	4.29e-11	5.04e-06	1.00e+00	8.31e-06	0.00e+00
 3.81459e+13	7.27e-32	5.03e-24	4.06e-17	4.86e-11	5.38e-06	1.00e+00	7.80e-06	0.00e+00
 3.94430e+13	9.96e-32	6.49e-24	4.93e-17	5.55e-11	5.76e-06	1.00e+00	7.28e-06	0.00e+00
 4.08974e+13	1.40e-31	8.55e-24	6.09e-17	6.41e-11	6.21e-06	1.00e+00	6.76e-06	0.00e+00
 4.22472e+13	1.90e-31	1.10e-23	7.36e-17	7.30e-11	6.64e-06	1.00e+00	6.33e-06	0.00e+00
 4.34985e+13	2.51e-31	1.37e-23	8.73e-17	8.19e-11	7.04e-06	1.00e+00	5.96e-06	0.00e+00
 4.49314e+13	3.42e-31	1.76e-23	1.06e-16	9.32e-11	7.52e-06	1.00e+00	5.58e-06	0.00e+00
 4.66711e+13	4.90e-31	2.35e-23	1.32e-16	1.08e-10	8.13e-06	1.00e+00	5.17e-06	0.00e+00
 4.83888e+13	6.94e-31	3.11e-23	1.63e-16	1.25e-10	8.75e-06	1.00e+00	4.80e-06	0.00e+00
 4.98934e+13	9.31e-31	3.94e-23	1.95e-16	1.41e-10	9.30e-06	1.00e+00	4.52e-06	0.00e+00
 5.15416e+13	1.27e-30	5.07e-23	2.36e-16	1.61e-10	9.94e-06	1.00e+00	4.23e-06	0.00e+00
 5.35376e+13	1.83e-30	6.80e-23	2.95e-16	1.87e-10	1.07e-05	1.00e+00	3.92e-06	0.00e+00
 5.55397e+13	2.62e-30	9.05e-23	3.66e-16	2.16e-10	1.16e-05	1.00e+00	3.64e-06	0.00e+00
 5.73487e+13	3.57e-30	1.16e-22	4.42e-16	2.46e-10	1.23e-05	1.00e+00	3.41e-06	0.00e+00
 5.93529e+13	4.98e-30	1.52e-22	5.41e-16	2.82e-10	1.32e-05	1.00e+00	3.19e-06	0.00e+00
 6.17104e+13	7.27e-30	2.06e-22	6.81e-16	3.29e-10	1.43e-05	1.00e+00	2.94e-06	0.00e+00
 6.40392e+13	1.04e-29	2.75e-22	8.48e-16	3.81e-10	1.54e-05	1.00e+00	2.73e-06	0.00e+00
 6.62161e+13	1.45e-29	3.57e-22	1.03e-15	4.35e-10	1.64e-05	1.00e+00	2.56e-06	0.00e+00
 6.86497e+13	2.06e-29	4.74e-22	1.28e-15	5.02e-10	1.77e-05	1.00e+00	2.38e-06	0.00e+00
 7.14256e+13	3.03e-29	6.47e-22	1.62e-15	5.87e-10	1.91e-05	1.00e+00	2.20e-06	0.00e+00
 7.41804e+13	4.39e-29	8.71e-22	2.02e-15	6.82e-10	2.06e-05	1.00e+00	2.04e-06	0.00e+00
 7.70454e+13	6.36e-29	1.17e-21	2.53e-15	7.93e-10	2.23e-05	1.00e+00	1.89e-06	0.00e+00
 8.01571e+13	9.37e-29	1.60e-21	3.20e-15	9.28e-10	2.41e-05	1.00e+00	1.75e-06	0.00e+00
 8.33933e+13	1.38e-28	2.18e-21	4.04e-15	1.09e-09	2.61e-05	1.00e+00	1.61e-06	0.00e+00
 8.65259e+13	1.98e-28	2.92e-21	5.03e-15	1.26e-09	2.81e-05	1.00e+00	1.50e-06	0.00e+00
 8.94697e+13	2.75e-28	3.80e-21	6.14e-15	1.44e-09	3.00e-05	1.00e+00	1.40e-06	0.00e+00
 9.27645e+13	3.92e-28	5.04e-21	7.60e-15	1.66e-09	3.23e-05	1.00e+00	1.30e-06	0.00e+00
 9.60860e+13	5.52e-28	6.64e-21	9.36e-15	1.91e-09	3.47e-05	1.00e+00	1.21e-06	0.00e+00
 9.88410e+13	7.29e-28	8.30e-21	1.11e-14	2.14e-09	3.67e-05	1.00e+00	1.15e-06	0.00e+00
 1.01756e+14	9.67e-28	1.04e-20	1.31e-14	2.40e-09	3.89e-05	1.00e+00	1.08e-06	0.00e+00
 1.05486e+14	1.37e-27	1.38e-20	1.63e-14	2.77e-09	4.19e-05	1.00e+00	1.00e-06	0.00e+00
 1.09401e+14	1.96e-27	1.84e-20	2.02e-14	3.20e-09	4.51e-05	1.00e+00	9.33e-07	0.00e+00
 1.12857e+14	2.65e-27	2.34e-20	2.43e-14	3.63e-09	4.80e-05	1.00e+00	0.00e+00	0.00e+00
 1.16591e+14	3.64e-27	3.02e-20	2.94e-14	4.13e-09	5.13e-05	1.00e+00	0.00e+00	0.00e+00
 1.21091e+14	5.25e-27	4.06e-20	3.68e-14	4.81e-09	5.54e-05	1.00e+00	0.00e+00	0.00e+00
 1.25657e+14	7.51e-27	5.42e-20	4.59e-14	5.58e-09	5.98e-05	1.00e+00	0.00e+00	0.00e+00
 1.29925e+14	1.04e-26	7.03e-20	5.59e-14	6.37e-09	6.40e-05	1.00e+00	0.00e+00	0.00e+00
 1.34671e+14	1.47e-26	9.30e-20	6.91e-14	7.36e-09	6.88e-05	1.00e+00	0.00e+00	0.00e+00
 1.39715e+14	2.09e-26	1.24e-19	8.59e-14	8.53e-09	7.42e-05	1.00e+00	0.00e+00	0.00e+00
 1.44199e+14	2.84e-26	1.58e-19	1.04e-13	9.68e-09	7.92e-05	1.00e+00	0.00e+00	0.00e+00
 1.49019e+14	3.89e-26	2.04e-19	1.26e-13	1.10e-08	8.47e-05	1.00e+00	0.00e+00	0.00e+00
 1.54793e+14	5.60e-26	2.74e-19	1.58e-13	1.29e-08	9.17e-05	1.00e+00	0.00e+00	0.00e+00
 1.60472e+14	7.94e-26	3.63e-19	1.95e-13	1.49e-08	9.87e-05	1.00e+00	0.00e+00	0.00e+00
 1.65529e+14	1.07e-25	4.62e-19	2.34e-13	1.68e-08	1.05e-04	1.00e+00	0.00e+00	0.00e+00
 1.71113e+14	1.47e-25	5.97e-19	2.85e-13	1.92e-08	1.13e-04	1.00e+00	0.00e+00	0.00e+00
 1.77769e+14	2.11e-25	8.02e-19	3.57e-13	2.24e-08	1.22e-04	1.00e+00	0.00e+00	0.00e+00
 1.84372e+14	3.01e-25	1.07e-18	4.44e-13	2.60e-08	1.31e-04	1.00e+00	0.00e+00	0.00e+00
 1.90403e+14	4.09e-25	1.37e-18	5.37e-13	2.96e-08	1.40e-04	1.00e+00	0.00e+00	0.00e+00
 1.97140e+14	5.71e-25	1.79e-18	6.59e-13	3.40e-08	1.51e-04	1.00e+00	0.00e+00	0.00e+00
 2.04982e+14	8.29e-25	2.42e-18	8.30e-13	3.98e-08	1.64e-04	1.00e+00	0.00e+00	0.00e+00
 2.12684e+14	1.18e-24	3.22e-18	1.03e-12	4.61e-08	1.76e-04	1.00e+00	0.00e+00	0.00e+00
 2.19962e+14	1.63e-24	4.18e-18	1.26e-12	5.28e-08	1.89e-04	1.00e+00	0.00e+00	0.00e+00
 2.28059e+14	2.31e-24	5.54e-18	1.56e-12	6.10e-08	2.04e-04	1.00e+00	0.00e+00	0.00e+00
 2.37212e+14	3.37e-24	7.51e-18	1.97e-12	7.14e-08	2.21e-04	1.00e+00	0.00e+00	0.00e+00
 2.46382e+14	4.86e-24	1.01e-17	2.47e-12	8.32e-08	2.39e-04	1.00e+00	0.00e+00	0.00e+00
 2.54987e+14	6.76e-24	1.32e-17	3.02e-12	9.55e-08	2.56e-04	1.00e+00	0.00e+00	0.00e+00
 2.64285e+14	9.55e-24	1.74e-17	3.73e-12	1.10e-07	2.76e-04	1.00e+00	0.00e+00	0.00e+00
 2.74676e+14	1.39e-23	2.35e-17	4.69e-12	1.29e-07	2.99e-04	1.00e+00	0.00e+00	0.00e+00
 2.84402e+14	1.94e-23	3.08e-17	5.77e-12	1.48e-07	3.21e-04	1.00e+00	0.00e+00	0.00e+00
 2.93420e+14	2.62e-23	3.93e-17	6.94e-12	1.68e-07	3.42e-04	1.00e+00	0.00e+00	0.00e+00
 3.02111e+14	3.48e-23	4.94e-17	8.25e-12	1.88e-07	3.63e-04	1.00e+00	0.00e+00	0.00e+00
 3.11776e+14	4.72e-23	6.31e-17	9.95e-12	2.14e-07	3.87e-04	1.00e+00	0.00e+00	0.00e+00
 3.22474e+14	6.55e-23	8.22e-17	1.21e-11	2.45e-07	4.15e-04	1.00e+00	0.00e+00	0.00e+00
 3.32443e+14	8.80e-23	1.04e-16	1.46e-11	2.76e-07	4.41e-04	1.00e+00	0.00e+00	0.00e+00
 3.43328e+14	1.20e-22	1.34e-16	1.76e-11	3.14e-07	4.71e-04	1.00e+00	0.00e+00	0.00e+00
 3.55587e+14	1.69e-22	1.76e-16	2.17e-11	3.62e-07	5.06e-04	9.99e-01	0.00e+00	0.00e+00
 3.67249e+14	2.32e-22	2.27e-16	2.63e-11	4.12e-07	5.40e-04	9.99e-01	0.00e+00	0.00e+00
 3.80028e+14	3.23e-22	2.97e-16	3.22e-11	4.72e-07	5.79e-04	9.99e-01	0.00e+00	0.00e+00
 3.94109e+14	4.60e-22	3.95e-16	4.00e-11	5.46e-07	6.24e-04	9.99e-01	0.00e+00	0.00e+00
 4.07051e+14	6.30e-22	5.09e-16	4.84e-11	6.21e-07	6.66e-04	9.99e-01	0.00e+00	0.00e+00
 4.21041e+14	8.74e-22	6.62e-16	5.92e-11	7.11e-07	7.14e-04	9.99e-01	0.00e+00	0.00e+00
 4.36708e+14	1.24e-21	8.81e-16	7.35e-11	8.23e-07	7.69e-04	9.99e-01	0.00e+00	0.00e+00
 4.51471e+14	1.72e-21	1.14e-15	8.95e-11	9.40e-07	8.23e-04	9.99e-01	0.00e+00	0.00e+00
 4.67578e+14	2.42e-21	1.50e-15	1.10e-10	1.08e-06	8.84e-04	9.99e-01	0.00e+00	0.00e+00
 4.85469e+14	3.47e-21	2.01e-15	1.38e-10	1.26e-06	9.55e-04	9.99e-01	0.00e+00	0.00e+00
 5.02157e+14	4.81e-21	2.62e-15	1.68e-10	1.44e-06	1.02e-03	9.99e-01	0.00e+00	0.00e+00
 5.20274e+14	6.77e-21	3.45e-15	2.07e-10	1.66e-06	1.10e-03	9.99e-01	0.00e+00	0.00e+00
 5.40557e+14	9.76e-21	4.64e-15	2.60e-10	1.93e-06	1.19e-03	9.99e-01	0.00e+00	0.00e+00
 5.59825e+14	1.37e-20	6.09e-15	3.20e-10	2.23e-06	1.28e-03	9.99e-01	0.00e+00	0.00e+00
 5.80423e+14	1.92e-20	8.03e-15	3.95e-10	2.57e-06	1.38e-03	9.99e-01	0.00e+00	0.00e+00
 6.03669e+14	2.80e-20	1.09e-14	4.99e-10	3.01e-06	1.50e-03	9.99e-01	0.00e+00	0.00e+00
 6.26585e+14	3.96e-20	1.44e-14	6.21e-10	3.50e-06	1.62e-03	9.98e-01	0.00e+00	0.00e+00
 6.50418e+14	5.67e-20	1.93e-14	7.74e-10	4.07e-06	1.75e-03	9.98e-01	0.00e+00	0.00e+00
 6.75715e+14	8.08e-20	2.58e-14	9.68e-10	4.74e-06	1.90e-03	9.98e-01	0.00e+00	0.00e+00
 6.96870e+14	1.08e-19	3.26e-14	1.16e-09	5.37e-06	2.02e-03	9.98e-01	0.00e+00	0.00e+00
 7.13161e+14	1.33e-19	3.87e-14	1.33e-09	5.89e-06	2.12e-03	9.98e-01	0.00e+00	0.00e+00
 7.30790e+14	1.67e-19	4.66e-14	1.53e-09	6.50e-06	2.24e-03	9.98e-01	0.00e+00	0.00e+00
 7.53707e+14	2.21e-19	5.87e-14	1.83e-09	7.36e-06	2.39e-03	9.98e-01	0.00e+00	0.00e+00
 7.78616e+14	2.97e-19	7.48e-14	2.22e-09	8.39e-06	2.56e-03	9.97e-01	0.00e+00	0.00e+00
 8.01163e+14	3.85e-19	9.25e-14	2.62e-09	9.42e-06	2.73e-03	9.97e-01	0.00e+00	0.00e+00
 8.25521e+14	5.04e-19	1.15e-13	3.12e-09	1.06e-05	2.91e-03	9.97e-01	0.00e+00	0.00e+00
 8.56090e+14	6.97e-19	1.51e-13	3.86e-09	1.23e-05	3.15e-03	9.97e-01	0.00e+00	0.00e+00
 8.86824e+14	9.54e-19	1.96e-13	4.73e-09	1.42e-05	3.40e-03	9.97e-01	0.00e+00	0.00e+00
 9.12964e+14	1.23e-18	2.42e-13	5.60e-09	1.60e-05	3.62e-03	9.96e-01	0.00e+00	0.00e+00
 9.41040e+14	1.60e-18	3.01e-13	6.67e-09	1.80e-05	3.88e-03	9.96e-01	0.00e+00	0.00e+00
 9.76063e+14	2.21e-18	3.93e-13	8.25e-09	2.09e-05	4.20e-03	9.96e-01	0.00e+00	0.00e+00
 1.01218e+15	3.03e-18	5.11e-13	1.02e-08	2.42e-05	4.56e-03	9.95e-01	0.00e+00	0.00e+00
 1.04432e+15	3.96e-18	6.40e-13	1.22e-08	2.75e-05	4.88e-03	9.95e-01	0.00e+00	0.00e+00
 1.07923e+15	5.22e-18	8.08e-13	1.48e-08	3.14e-05	5.26e-03	9.95e-01	0.00e+00	0.00e+00
 1.12095e+15	7.23e-18	1.06e-12	1.84e-08	3.66e-05	5.73e-03	9.94e-01	0.00e+00	0.00e+00
 1.16207e+15	9.81e-18	1.37e-12	2.26e-08	4.23e-05	6.21e-03	9.94e-01	0.00e+00	0.00e+00
 1.19897e+15	1.27e-17	1.71e-12	2.71e-08	4.80e-05	6.67e-03	9.93e-01	0.00e+00	0.00e+00
 1.23982e+15	1.69e-17	2.17e-12	3.29e-08	5.49e-05	7.19e-03	9.93e-01	0.00e+00	0.00e+00
 1.28818e+15	2.33e-17	2.85e-12	4.11e-08	6.41e-05	7.84e-03	9.92e-01	0.00e+00	0.00e+00
 1.33604e+15	3.16e-17	3.69e-12	5.08e-08	7.42e-05	8.52e-03	9.91e-01	0.00e+00	0.00e+00
 1.38016e+15	4.14e-17	4.64e-12	6.13e-08	8.46e-05	9.17e-03	9.91e-01	0.00e+00	0.00e+00
 1.42968e+15	5.55e-17	5.96e-12	7.53e-08	9.75e-05	9.94e-03	9.90e-01	0.00e+00	0.00e+00
 1.48683e+15	7.69e-17	7.87e-12	9.46e-08	1.14e-04	1.09e-02	9.89e-01	0.00e+00	0.00e+00
 1.54271e+15	1.05e-16	1.02e-11	1.17e-07	1.32e-04	1.18e-02	9.88e-01	0.00e+00	0.00e+00
 1.59610e+15	1.62e-16	1.30e-11	1.43e-07	1.52e-04	1.28e-02	9.87e-01	0.00e+00	0.00e+00
 1.65524e+15	2.21e-16	1.69e-11	1.77e-07	1.76e-04	1.39e-02	9.86e-01	0.00e+00	0.00e+00
 1.71093e+15	2.92e-16	2.13e-11	2.15e-07	2.01e-04	1.50e-02	9.85e-01	0.00e+00	0.00e+00
 1.75281e+15	3.59e-16	2.54e-11	2.48e-07	2.21e-04	1.58e-02	9.84e-01	0.00e+00	0.00e+00
 1.79572e+15	4.41e-16	3.01e-11	2.86e-07	2.44e-04	1.67e-02	9.83e-01	0.00e+00	0.00e+00
 1.85149e+15	5.71e-16	3.75e-11	3.43e-07	2.75e-04	1.79e-02	9.82e-01	0.00e+00	0.00e+00
 1.91176e+15	7.50e-16	4.73e-11	4.15e-07	3.13e-04	1.92e-02	9.80e-01	0.00e+00	0.00e+00
 1.96580e+15	9.50e-16	5.77e-11	4.88e-07	3.50e-04	2.05e-02	9.79e-01	0.00e+00	0.00e+00
 2.02401e+15	1.22e-15	7.12e-11	5.81e-07	3.94e-04	2.19e-02	9.78e-01	0.00e+00	0.00e+00
 2.09806e+15	1.66e-15	9.26e-11	7.21e-07	4.55e-04	2.37e-02	9.76e-01	0.00e+00	0.00e+00
 2.17279e+15	2.24e-15	1.19e-10	8.88e-07	5.24e-04	2.57e-02	9.74e-01	0.00e+00	0.00e+00
 2.23547e+15	2.86e-15	1.47e-10	1.05e-06	5.87e-04	2.74e-02	9.72e-01	0.00e+00	0.00e+00
 2.30241e+15	3.70e-15	1.82e-10	1.26e-06	6.60e-04	2.92e-02	9.70e-01	0.00e+00	0.00e+00
 2.38706e+15	5.06e-15	2.38e-10	1.56e-06	7.64e-04	3.17e-02	9.68e-01	0.00e+00	0.00e+00
 2.47609e+15	6.96e-15	3.11e-10	1.95e-06	8.85e-04	3.44e-02	9.65e-01	0.00e+00	0.00e+00
 2.55633e+15	9.16e-15	3.93e-10	2.35e-06	1.00e-03	3.69e-02	9.62e-01	0.00e+00	0.00e+00
 2.64379e+15	1.23e-14	5.05e-10	2.89e-06	1.15e-03	3.98e-02	9.59e-01	0.00e+00	0.00e+00
 2.74710e+15	1.73e-14	6.73e-10	3.64e-06	1.34e-03	4.33e-02	9.55e-01	0.00e+00	0.00e+00
 2.84820e+15	2.37e-14	8.82e-10	4.53e-06	1.55e-03	4.69e-02	9.52e-01	0.00e+00	0.00e+00
 2.94029e+15	3.14e-14	1.12e-09	5.49e-06	1.76e-03	5.02e-02	9.48e-01	0.00e+00	0.00e+00
 3.04349e+15	4.26e-14	1.45e-09	6.78e-06	2.02e-03	5.42e-02	9.44e-01	0.00e+00	0.00e+00
 3.16387e+15	6.02e-14	1.94e-09	8.58e-06	2.36e-03	5.90e-02	9.39e-01	0.00e+00	0.00e+00
 3.28240e+15	8.35e-14	2.56e-09	1.07e-05	2.74e-03	6.39e-02	9.33e-01	0.00e+00	0.00e+00
 3.39409e+15	1.13e-13	3.30e-09	1.32e-05	3.13e-03	6.86e-02	9.28e-01	0.00e+00	0.00e+00
 3.51829e+15	1.56e-13	4.34e-09	1.64e-05	3.62e-03	7.42e-02	9.22e-01	0.00e+00	0.00e+00
 3.63661e+15	2.09e-13	5.57e-09	2.01e-05	4.13e-03	7.96e-02	9.16e-01	0.00e+00	0.00e+00
 3.72475e+15	2.58e-13	6.68e-09	2.32e-05	4.55e-03	8.38e-02	9.12e-01	0.00e+00	0.00e+00
 3.81404e+15	3.20e-13	8.01e-09	2.68e-05	5.00e-03	8.81e-02	9.07e-01	0.00e+00	0.00e+00
 3.93011e+15	4.20e-13	1.01e-08	3.22e-05	5.64e-03	9.38e-02	9.01e-01	0.00e+00	0.00e+00
 4.05607e+15	5.56e-13	1.28e-08	3.91e-05	6.39e-03	1.00e-01	8.93e-01	0.00e+00	0.00e+00
 4.16931e+15	7.13e-13	1.58e-08	4.62e-05	7.13e-03	1.06e-01	8.87e-01	0.00e+00	0.00e+00
 4.29090e+15	9.25e-13	1.96e-08	5.51e-05	8.00e-03	1.13e-01	8.79e-01	0.00e+00	0.00e+00
 4.44684e+15	1.28e-12	2.58e-08	6.86e-05	9.23e-03	1.21e-01	8.69e-01	0.00e+00	0.00e+00
 4.60404e+15	1.75e-12	3.36e-08	8.46e-05	1.06e-02	1.30e-01	8.59e-01	0.00e+00	0.00e+00
 4.73367e+15	2.25e-12	4.16e-08	1.00e-04	1.18e-02	1.38e-01	8.50e-01	0.00e+00	0.00e+00
 4.87081e+15	2.93e-12	5.19e-08	1.19e-04	1.32e-02	1.46e-01	8.41e-01	0.00e+00	0.00e+00
 5.04731e+15	4.06e-12	6.83e-08	1.48e-04	1.52e-02	1.56e-01	8.28e-01	0.00e+00	0.00e+00
 5.23169e+15	5.62e-12	8.99e-08	1.84e-04	1.75e-02	1.68e-01	8.15e-01	0.00e+00	0.00e+00
 5.39191e+15	7.41e-12	1.14e-07	2.21e-04	1.97e-02	1.78e-01	8.02e-01	0.00e+00	0.00e+00
 5.56398e+15	9.91e-12	1.45e-07	2.68e-04	2.23e-02	1.89e-01	7.89e-01	0.00e+00	0.00e+00
 5.77447e+15	1.40e-11	1.93e-07	3.36e-04	2.58e-02	2.03e-01	7.71e-01	0.00e+00	0.00e+00
 5.98231e+15	1.91e-11	2.52e-07	4.15e-04	2.95e-02	2.16e-01	7.54e-01	0.00e+00	0.00e+00
 6.16199e+15	2.51e-11	3.16e-07	4.96e-04	3.31e-02	2.28e-01	7.39e-01	0.00e+00	0.00e+00
 6.35769e+15	3.35e-11	4.03e-07	5.99e-04	3.73e-02	2.41e-01	7.21e-01	0.00e+00	0.00e+00
 6.59768e+15	4.71e-11	5.35e-07	7.48e-04	4.29e-02	2.57e-01	7.00e-01	0.00e+00	0.00e+00
 6.83122e+15	6.42e-11	6.95e-07	9.19e-04	4.89e-02	2.72e-01	6.78e-01	0.00e+00	0.00e+00
 7.01018e+15	8.07e-11	8.43e-07	1.07e-03	5.39e-02	2.84e-01	6.62e-01	0.00e+00	0.00e+00
 7.18222e+15	1.01e-10	1.02e-06	1.24e-03	5.90e-02	2.95e-01	6.45e-01	0.00e+00	0.00e+00
 7.40589e+15	1.34e-10	1.29e-06	1.49e-03	6.61e-02	3.09e-01	6.24e-01	0.00e+00	0.00e+00
 7.63253e+15	1.75e-10	1.61e-06	1.77e-03	7.37e-02	3.23e-01	6.02e-01	0.00e+00	0.00e+00
 7.82195e+15	2.18e-10	1.93e-06	2.05e-03	8.05e-02	3.34e-01	5.83e-01	0.00e+00	0.00e+00
 8.02710e+15	2.76e-10	2.35e-06	2.39e-03	8.84e-02	3.46e-01	5.63e-01	0.00e+00	0.00e+00
 8.25814e+15	3.56e-10	2.91e-06	2.82e-03	9.77e-02	3.59e-01	5.41e-01	0.00e+00	0.00e+00
 8.48219e+15	4.52e-10	3.55e-06	3.30e-03	1.07e-01	3.71e-01	5.19e-01	0.00e+00	0.00e+00
 8.73280e+15	5.91e-10	4.43e-06	3.91e-03	1.19e-01	3.83e-01	4.94e-01	0.00e+00	0.00e+00
 9.00256e+15	7.74e-10	5.54e-06	4.67e-03	1.32e-01	3.96e-01	4.68e-01	0.00e+00	0.00e+00
 9.23916e+15	9.70e-10	6.69e-06	5.41e-03	1.44e-01	4.05e-01	4.45e-01	0.00e+00	0.00e+00
 9.48868e+15	1.24e-09	8.20e-06	6.34e-03	1.57e-01	4.15e-01	4.21e-01	0.00e+00	0.00e+00
 9.76290e+15	1.60e-09	1.01e-05	7.48e-03	1.73e-01	4.24e-01	3.95e-01	0.00e+00	0.00e+00
 1.00140e+16	2.00e-09	1.22e-05	8.64e-03	1.88e-01	4.31e-01	3.72e-01	0.00e+00	0.00e+00
 1.02853e+16	2.58e-09	1.50e-05	1.01e-02	2.05e-01	4.38e-01	3.47e-01	0.00e+00	0.00e+00
 1.05778e+16	3.30e-09	1.84e-05	1.19e-02	2.23e-01	4.43e-01	3.22e-01	0.00e+00	0.00e+00
 1.08392e+16	4.10e-09	2.20e-05	1.37e-02	2.41e-01	4.46e-01	3.00e-01	0.00e+00	0.00e+00
 1.11205e+16	5.28e-09	2.69e-05	1.60e-02	2.61e-01	4.47e-01	2.76e-01	0.00e+00	0.00e+00
 1.14077e+16	6.63e-09	3.25e-05	1.86e-02	2.81e-01	4.47e-01	2.53e-01	0.00e+00	0.00e+00
 1.16418e+16	7.98e-09	3.78e-05	2.09e-02	2.98e-01	4.46e-01	2.35e-01	0.00e+00	0.00e+00
 1.18851e+16	9.83e-09	4.48e-05	2.38e-02	3.16e-01	4.43e-01	2.17e-01	0.00e+00	0.00e+00
 1.21501e+16	1.21e-08	5.30e-05	2.71e-02	3.36e-01	4.38e-01	1.98e-01	0.00e+00	0.00e+00
 1.23896e+16	1.46e-08	6.18e-05	3.06e-02	3.55e-01	4.33e-01	1.82e-01	0.00e+00	0.00e+00
 1.26102e+16	1.76e-08	7.16e-05	3.41e-02	3.72e-01	4.26e-01	1.67e-01	0.00e+00	0.00e+00
 1.28263e+16	2.08e-08	8.21e-05	3.80e-02	3.89e-01	4.19e-01	1.54e-01	0.00e+00	0.00e+00
 1.30735e+16	2.59e-08	9.77e-05	4.31e-02	4.09e-01	4.09e-01	1.38e-01	0.00e+00	0.00e+00
 1.33331e+16	3.19e-08	1.15e-04	4.89e-02	4.30e-01	3.97e-01	1.24e-01	0.00e+00	0.00e+00
 1.35544e+16	3.80e-08	1.33e-04	5.45e-02	4.47e-01	3.86e-01	1.12e-01	0.00e+00	0.00e+00
 1.37568e+16	4.51e-08	1.52e-04	6.03e-02	4.63e-01	3.75e-01	1.02e-01	0.00e+00	0.00e+00
 1.39892e+16	5.62e-08	1.81e-04	6.81e-02	4.81e-01	3.61e-01	8.99e-02	0.00e+00	0.00e+00
 1.42300e+16	6.83e-08	2.11e-04	7.66e-02	4.99e-01	3.45e-01	7.93e-02	0.00e+00	0.00e+00
 1.44315e+16	8.17e-08	2.43e-04	8.49e-02	5.14e-01	3.30e-01	7.06e-02	0.00e+00	0.00e+00
 1.46114e+16	9.77e-08	2.78e-04	9.33e-02	5.27e-01	3.17e-01	6.30e-02	0.00e+00	0.00e+00
 1.48136e+16	1.14e-07	3.16e-04	1.03e-01	5.41e-01	3.00e-01	5.54e-02	0.00e+00	0.00e+00
 1.50319e+16	1.46e-07	3.80e-04	1.16e-01	5.55e-01	2.81e-01	4.73e-02	0.00e+00	0.00e+00
 1.52129e+16	1.74e-07	4.36e-04	1.28e-01	5.65e-01	2.65e-01	4.13e-02	0.00e+00	0.00e+00
 1.53593e+16	2.03e-07	4.91e-04	1.39e-01	5.73e-01	2.51e-01	3.66e-02	0.00e+00	0.00e+00
 1.55188e+16	2.34e-07	5.50e-04	1.51e-01	5.81e-01	2.35e-01	3.19e-02	0.00e+00	0.00e+00
 1.56945e+16	2.83e-07	6.35e-04	1.67e-01	5.88e-01	2.18e-01	2.70e-02	0.00e+00	0.00e+00
 1.58463e+16	3.38e-07	7.26e-04	1.82e-01	5.93e-01	2.02e-01	2.31e-02	0.00e+00	0.00e+00
 1.59678e+16	4.12e-07	8.36e-04	1.96e-01	5.96e-01	1.88e-01	1.99e-02	0.00e+00	0.00e+00
 1.60676e+16	4.60e-07	9.10e-04	2.07e-01	5.98e-01	1.77e-01	1.77e-02	0.00e+00	0.00e+00
 1.61705e+16	5.28e-07	1.01e-03	2.20e-01	5.99e-01	1.65e-01	1.54e-02	0.00e+00	0.00e+00
 1.62728e+16	5.84e-07	1.09e-03	2.33e-01	5.99e-01	1.53e-01	1.34e-02	0.00e+00	0.00e+00
 1.63577e+16	6.78e-07	1.21e-03	2.45e-01	5.99e-01	1.43e-01	1.17e-02	0.00e+00	0.00e+00
 1.64285e+16	7.46e-07	1.30e-03	2.55e-01	5.98e-01	1.35e-01	1.05e-02	0.00e+00	0.00e+00
 1.64978e+16	8.07e-07	1.38e-03	2.65e-01	5.97e-01	1.27e-01	9.32e-03	0.00e+00	0.00e+00
 1.65879e+16	9.49e-07	1.55e-03	2.80e-01	5.95e-01	1.16e-01	7.81e-03	0.00e+00	0.00e+00
 1.66711e+16	1.04e-06	1.66e-03	2.93e-01	5.92e-01	1.06e-01	6.70e-03	0.00e+00	0.00e+00
 1.67338e+16	1.18e-06	1.82e-03	3.04e-01	5.89e-01	9.88e-02	5.81e-03	0.00e+00	0.00e+00
 1.67896e+16	1.26e-06	1.91e-03	3.14e-01	5.87e-01	9.25e-02	5.15e-03	0.00e+00	0.00e+00
 1.68478e+16	1.39e-06	2.05e-03	3.24e-01	5.84e-01	8.57e-02	4.47e-03	0.00e+00	0.00e+00
 1.69235e+16	1.62e-06	2.29e-03	3.39e-01	5.78e-01	7.68e-02	3.62e-03	0.00e+00	0.00e+00
 1.69939e+16	1.81e-06	2.47e-03	3.52e-01	5.74e-01	6.94e-02	3.01e-03	0.00e+00	0.00e+00
 1.70459e+16	1.98e-06	2.63e-03	3.61e-01	5.69e-01	6.38e-02	2.58e-03	0.00e+00	0.00e+00
 1.71023e+16	2.19e-06	2.83e-03	3.73e-01	5.65e-01	5.79e-02	2.15e-03	0.00e+00	0.00e+00
 1.71756e+16	2.50e-06	3.11e-03	3.87e-01	5.58e-01	5.06e-02	1.68e-03	0.00e+00	0.00e+00
 1.72483e+16	2.83e-06	3.40e-03	4.00e-01	5.51e-01	4.41e-02	1.30e-03	0.00e+00	0.00e+00
 1.73053e+16	3.13e-06	3.64e-03	4.11e-01	5.45e-01	3.93e-02	1.05e-03	0.00e+00	0.00e+00
 1.73645e+16	3.49e-06	3.94e-03	4.23e-01	5.38e-01	3.45e-02	8.29e-04	0.00e+00	0.00e+00
 1.74416e+16	4.00e-06	4.33e-03	4.37e-01	5.29e-01	2.90e-02	6.00e-04	0.00e+00	0.00e+00
 1.75209e+16	4.59e-06	4.77e-03	4.51e-01	5.20e-01	2.41e-02	4.27e-04	0.00e+00	0.00e+00
 1.75881e+16	5.16e-06	5.17e-03	4.63e-01	5.11e-01	2.04e-02	3.16e-04	0.00e+00	0.00e+00
 1.76604e+16	5.86e-06	5.65e-03	4.76e-01	5.02e-01	1.70e-02	2.24e-04	0.00e+00	0.00e+00
 1.77543e+16	6.87e-06	6.30e-03	4.91e-01	4.89e-01	1.33e-02	1.43e-04	0.00e+00	0.00e+00
 1.78570e+16	8.12e-06	7.07e-03	5.07e-01	4.76e-01	1.02e-02	8.75e-05	0.00e+00	0.00e+00
 1.79552e+16	9.52e-06	7.88e-03	5.22e-01	4.62e-01	7.94e-03	5.43e-05	0.00e+00	0.00e+00
 1.80672e+16	1.14e-05	8.90e-03	5.38e-01	4.47e-01	5.93e-03	3.14e-05	0.00e+00	0.00e+00
 1.81704e+16	1.34e-05	9.91e-03	5.53e-01	4.33e-01	4.61e-03	1.96e-05	0.00e+00	0.00e+00
 1.82402e+16	1.49e-05	1.07e-02	5.62e-01	4.23e-01	3.89e-03	1.42e-05	0.00e+00	0.00e+00
 1.83090e+16	1.66e-05	1.15e-02	5.72e-01	4.13e-01	3.27e-03	1.02e-05	0.00e+00	0.00e+00
 1.83984e+16	1.91e-05	1.26e-02	5.84e-01	4.00e-01	2.62e-03	6.71e-06	0.00e+00	0.00e+00
 1.84985e+16	2.23e-05	1.40e-02	5.98e-01	3.86e-01	2.07e-03	4.26e-06	0.00e+00	0.00e+00
 1.85909e+16	2.59e-05	1.55e-02	6.11e-01	3.72e-01	1.67e-03	2.82e-06	0.00e+00	0.00e+00
 1.86743e+16	2.96e-05	1.69e-02	6.22e-01	3.60e-01	1.37e-03	1.95e-06	0.00e+00	0.00e+00
 1.87677e+16	3.45e-05	1.88e-02	6.35e-01	3.45e-01	1.10e-03	1.28e-06	0.00e+00	0.00e+00
 1.88711e+16	4.11e-05	2.11e-02	6.49e-01	3.29e-01	8.68e-04	8.20e-07	0.00e+00	0.00e+00
 1.89576e+16	4.77e-05	2.33e-02	6.60e-01	3.16e-01	7.14e-04	0.00e+00	0.00e+00	0.00e+00
 1.90230e+16	5.35e-05	2.52e-02	6.69e-01	3.05e-01	6.16e-04	0.00e+00	0.00e+00	0.00e+00
 1.90912e+16	6.05e-05	2.73e-02	6.78e-01	2.94e-01	5.24e-04	0.00e+00	0.00e+00	0.00e+00
 1.91799e+16	7.10e-05	3.04e-02	6.90e-01	2.79e-01	4.25e-04	0.00e+00	0.00e+00	0.00e+00
 1.92690e+16	8.40e-05	3.41e-02	7.01e-01	2.64e-01	3.46e-04	0.00e+00	0.00e+00	0.00e+00
 1.93361e+16	9.59e-05	3.72e-02	7.10e-01	2.53e-01	2.96e-04	0.00e+00	0.00e+00	0.00e+00
 1.93920e+16	1.07e-04	4.01e-02	7.16e-01	2.43e-01	2.58e-04	0.00e+00	0.00e+00	0.00e+00
 1.94556e+16	1.22e-04	4.37e-02	7.24e-01	2.32e-01	2.21e-04	0.00e+00	0.00e+00	0.00e+00
 1.95383e+16	1.44e-04	4.90e-02	7.33e-01	2.18e-01	1.79e-04	0.00e+00	0.00e+00	0.00e+00
 1.96198e+16	1.72e-04	5.51e-02	7.41e-01	2.03e-01	1.46e-04	0.00e+00	0.00e+00	0.00e+00
 1.96789e+16	1.96e-04	6.02e-02	7.47e-01	1.93e-01	1.26e-04	0.00e+00	0.00e+00	0.00e+00
 1.97267e+16	2.19e-04	6.48e-02	7.51e-01	1.84e-01	1.11e-04	0.00e+00	0.00e+00	0.00e+00
 1.97805e+16	2.48e-04	7.03e-02	7.55e-01	1.75e-01	9.55e-05	0.00e+00	0.00e+00	0.00e+00
 1.98505e+16	2.92e-04	7.84e-02	7.59e-01	1.62e-01	7.85e-05	0.00e+00	0.00e+00	0.00e+00
 1.99206e+16	3.47e-04	8.80e-02	7.62e-01	1.50e-01	6.43e-05	0.00e+00	0.00e+00	0.00e+00
 1.99736e+16	3.97e-04	9.63e-02	7.63e-01	1.40e-01	5.50e-05	0.00e+00	0.00e+00	0.00e+00
 2.00173e+16	4.45e-04	1.04e-01	7.63e-01	1.33e-01	4.81e-05	0.00e+00	0.00e+00	0.00e+00
 2.00664e+16	5.07e-04	1.13e-01	7.62e-01	1.24e-01	4.12e-05	0.00e+00	0.00e+00	0.00e+00
 2.01301e+16	6.01e-04	1.26e-01	7.60e-01	1.13e-01	3.34e-05	0.00e+00	0.00e+00	0.00e+00
 2.01936e+16	7.20e-04	1.42e-01	7.55e-01	1.02e-01	2.69e-05	0.00e+00	0.00e+00	0.00e+00
 2.02410e+16	8.26e-04	1.56e-01	7.49e-01	9.44e-02	2.28e-05	0.00e+00	0.00e+00	0.00e+00
 2.02803e+16	9.29e-04	1.68e-01	7.43e-01	8.79e-02	1.97e-05	0.00e+00	0.00e+00	0.00e+00
 2.03248e+16	1.06e-03	1.83e-01	7.35e-01	8.07e-02	1.65e-05	0.00e+00	0.00e+00	0.00e+00
 2.03826e+16	1.27e-03	2.05e-01	7.22e-01	7.16e-02	1.31e-05	0.00e+00	0.00e+00	0.00e+00
 2.04411e+16	1.54e-03	2.32e-01	7.04e-01	6.26e-02	1.02e-05	0.00e+00	0.00e+00	0.00e+00
 2.04861e+16	1.79e-03	2.55e-01	6.88e-01	5.59e-02	8.29e-06	0.00e+00	0.00e+00	0.00e+00
 2.05305e+16	2.07e-03	2.79e-01	6.69e-01	4.95e-02	6.67e-06	0.00e+00	0.00e+00	0.00e+00
 2.05882e+16	2.53e-03	3.15e-01	6.41e-01	4.17e-02	4.94e-06	0.00e+00	0.00e+00	0.00e+00
 2.06469e+16	3.14e-03	3.58e-01	6.04e-01	3.41e-02	3.54e-06	0.00e+00	0.00e+00	0.00e+00
 2.06929e+16	3.76e-03	3.97e-01	5.71e-01	2.86e-02	2.66e-06	0.00e+00	0.00e+00	0.00e+00
 2.07312e+16	4.34e-03	4.31e-01	5.40e-01	2.43e-02	2.05e-06	0.00e+00	0.00e+00	0.00e+00
 2.07739e+16	5.12e-03	4.72e-01	5.03e-01	1.99e-02	1.51e-06	0.00e+00	0.00e+00	0.00e+00
 2.08216e+16	6.19e-03	5.22e-01	4.56e-01	1.55e-02	1.03e-06	0.00e+00	0.00e+00	0.00e+00
 2.08627e+16	7.34e-03	5.69e-01	4.12e-01	1.21e-02	7.14e-07	0.00e+00	0.00e+00	0.00e+00
 2.08939e+16	8.38e-03	6.06e-01	3.76e-01	9.81e-03	0.00e+00	0.00e+00	0.00e+00	0.00e+00
 2.09256e+16	9.56e-03	6.44e-01	3.39e-01	7.77e-03	0.00e+00	0.00e+00	0.00e+00	0.00e+00
 2.09608e+16	1.11e-02	6.86e-01	2.97e-01	5.83e-03	0.00e+00	0.00e+00	0.00e+00	0.00e+00
 2.09921e+16	1.28e-02	7.24e-01	2.59e-01	4.38e-03	0.00e+00	0.00e+00	0.00e+00	0.00e+00
 2.10179e+16	1.44e-02	7.54e-01	2.28e-01	3.39e-03	0.00e+00	0.00e+00	0.00e+00	0.00e+00
 2.10454e+16	1.62e-02	7.84e-01	1.97e-01	2.52e-03	0.00e+00	0.00e+00	0.00e+00	0.00e+00
 2.10752e+16	1.86e-02	8.15e-01	1.64e-01	1.77e-03	0.00e+00	0.00e+00	0.00e+00	0.00e+00
 2.11010e+16	2.10e-02	8.40e-01	1.37e-01	1.26e-03	0.00e+00	0.00e+00	0.00e+00	0.00e+00
 2.11221e+16	2.32e-02	8.59e-01	1.17e-01	9.30e-04	0.00e+00	0.00e+00	0.00e+00	0.00e+00
 2.11444e+16	2.58e-02	8.76e-01	9.79e-02	6.64e-04	0.00e+00	0.00e+00	0.00e+00	0.00e+00
 2.11691e+16	2.92e-02	8.92e-01	7.87e-02	4.42e-04	0.00e+00	0.00e+00	0.00e+00	0.00e+00
 2.11912e+16	3.27e-02	9.04e-01	6.33e-02	2.97e-04	0.00e+00	0.00e+00	0.00e+00	0.00e+00
 2.12095e+16	3.60e-02	9.12e-01	5.22e-02	2.09e-04	0.00e+00	0.00e+00	0.00e+00	0.00e+00
 2.12290e+16	3.98e-02	9.18e-01	4.20e-02	1.41e-04	0.00e+00	0.00e+00	0.00e+00	0.00e+00
 2.12498e+16	4.46e-02	9.23e-01	3.27e-02	8.94e-05	0.00e+00	0.00e+00	0.00e+00	0.00e+00
 2.12674e+16	4.94e-02	9.25e-01	2.61e-02	5.94e-05	0.00e+00	0.00e+00	0.00e+00	0.00e+00
 2.12820e+16	5.38e-02	9.25e-01	2.14e-02	4.16e-05	0.00e+00	0.00e+00	0.00e+00	0.00e+00
 2.12973e+16	5.87e-02	9.24e-01	1.72e-02	2.81e-05	0.00e+00	0.00e+00	0.00e+00	0.00e+00
 2.13134e+16	6.45e-02	9.22e-01	1.35e-02	1.83e-05	0.00e+00	0.00e+00	0.00e+00	0.00e+00
 2.13279e+16	7.04e-02	9.19e-01	1.08e-02	1.21e-05	0.00e+00	0.00e+00	0.00e+00	0.00e+00
 2.13408e+16	7.61e-02	9.15e-01	8.73e-03	8.34e-06	0.00e+00	0.00e+00	0.00e+00	0.00e+00
 2.13523e+16	8.16e-02	9.11e-01	7.17e-03	5.88e-06	0.00e+00	0.00e+00	0.00e+00	0.00e+00
 2.13632e+16	8.73e-02	9.07e-01	5.93e-03	4.18e-06	0.00e+00	0.00e+00	0.00e+00	0.00e+00
 2.13736e+16	9.30e-02	9.02e-01	4.91e-03	2.98e-06	0.00e+00	0.00e+00	0.00e+00	0.00e+00
 2.13833e+16	9.86e-02	8.97e-01	4.11e-03	2.17e-06	0.00e+00	0.00e+00	0.00e+00	0.00e+00
 2.13921e+16	1.04e-01	8.92e-01	3.48e-03	1.61e-06	0.00e+00	0.00e+00	0.00e+00	0.00e+00
 2.13986e+16	1.08e-01	8.89e-01	3.07e-03	1.29e-06	0.00e+00	0.00e+00	0.00e+00	0.00e+00
 2.14030e+16	1.11e-01	8.86e-01	2.82e-03	1.11e-06	0.00e+00	0.00e+00	0.00e+00	0.00e+00
 2.14072e+16	1.14e-01	8.83e-01	2.59e-03	9.52e-07	0.00e+00	0.00e+00	0.00e+00	0.00e+00
 2.14123e+16	1.18e-01	8.80e-01	2.34e-03	0.00e+00	0.00e+00	0.00e+00	0.00e+00	0.00e+00
 2.14175e+16	1.22e-01	8.76e-01	2.11e-03	0.00e+00	0.00e+00	0.00e+00	0.00e+00	0.00e+00
 2.14226e+16	1.25e-01	8.73e-01	1.90e-03	0.00e+00	0.00e+00	0.00e+00	0.00e+00	0.00e+00
 2.14273e+16	1.29e-01	8.69e-01	1.72e-03	0.00e+00	0.00e+00	0.00e+00	0.00e+00	0.00e+00
 2.14321e+16	1.33e-01	8.66e-01	1.56e-03	0.00e+00	0.00e+00	0.00e+00	0.00e+00	0.00e+00
 2.14368e+16	1.37e-01	8.62e-01	1.41e-03	0.00e+00	0.00e+00	0.00e+00	0.00e+00	0.00e+00
 2.14415e+16	1.41e-01	8.58e-01	1.27e-03	0.00e+00	0.00e+00	0.00e+00	0.00e+00	0.00e+00
 2.14461e+16	1.45e-01	8.54e-01	1.15e-03	0.00e+00	0.00e+00	0.00e+00	0.00e+00	0.00e+00
 2.14507e+16	1.49e-01	8.50e-01	1.04e-03	0.00e+00	0.00e+00	0.00e+00	0.00e+00	0.00e+00
 2.14553e+16	1.53e-01	8.46e-01	9.38e-04	0.00e+00	0.00e+00	0.00e+00	0.00e+00	0.00e+00
 2.14598e+16	1.58e-01	8.41e-01	8.48e-04	0.00e+00	0.00e+00	0.00e+00	0.00e+00	0.00e+00
 2.14642e+16	1.62e-01	8.37e-01	7.67e-04	0.00e+00	0.00e+00	0.00e+00	0.00e+00	0.00e+00
 2.14686e+16	1.67e-01	8.33e-01	6.92e-04	0.00e+00	0.00e+00	0.00e+00	0.00e+00	0.00e+00
 2.14730e+16	1.72e-01	8.28e-01	6.25e-04	0.00e+00	0.00e+00	0.00e+00	0.00e+00	0.00e+00
 2.14773e+16	1.76e-01	8.23e-01	5.64e-04	0.00e+00	0.00e+00	0.00e+00	0.00e+00	0.00e+00
 2.14816e+16	1.82e-01	8.18e-01	5.09e-04	0.00e+00	0.00e+00	0.00e+00	0.00e+00	0.00e+00
 2.14858e+16	1.87e-01	8.12e-01	4.59e-04	0.00e+00	0.00e+00	0.00e+00	0.00e+00	0.00e+00
 2.14901e+16	1.93e-01	8.07e-01	4.14e-04	0.00e+00	0.00e+00	0.00e+00	0.00e+00	0.00e+00
 2.14942e+16	1.98e-01	8.01e-01	3.73e-04	0.00e+00	0.00e+00	0.00e+00	0.00e+00	0.00e+00
 2.14983e+16	2.04e-01	7.95e-01	3.37e-04	0.00e+00	0.00e+00	0.00e+00	0.00e+00	0.00e+00
 2.15024e+16	2.10e-01	7.89e-01	3.04e-04	0.00e+00	0.00e+00	0.00e+00	0.00e+00	0.00e+00
 2.15065e+16	2.17e-01	7.83e-01	2.73e-04	0.00e+00	0.00e+00	0.00e+00	0.00e+00	0.00e+00
 2.15105e+16	2.24e-01	7.76e-01	2.46e-04	0.00e+00	0.00e+00	0.00e+00	0.00e+00	0.00e+00
 2.15145e+16	2.31e-01	7.69e-01	2.21e-04	0.00e+00	0.00e+00	0.00e+00	0.00e+00	0.00e+00
 2.15184e+16	2.39e-01	7.61e-01	1.99e-04	0.00e+00	0.00e+00	0.00e+00	0.00e+00	0.00e+00
 2.15223e+16	2.46e-01	7.53e-01	1.79e-04	0.00e+00	0.00e+00	0.00e+00	0.00e+00	0.00e+00
 2.15262e+16	2.55e-01	7.45e-01	1.61e-04	0.00e+00	0.00e+00	0.00e+00	0.00e+00	0.00e+00
 2.15300e+16	2.64e-01	7.36e-01	1.45e-04	0.00e+00	0.00e+00	0.00e+00	0.00e+00	0.00e+00
 2.15337e+16	2.73e-01	7.27e-01	1.30e-04	0.00e+00	0.00e+00	0.00e+00	0.00e+00	0.00e+00
 2.15373e+16	2.82e-01	7.17e-01	1.17e-04	0.00e+00	0.00e+00	0.00e+00	0.00e+00	0.00e+00
 2.15409e+16	2.92e-01	7.07e-01	1.06e-04	0.00e+00	0.00e+00	0.00e+00	0.00e+00	0.00e+00
 2.15445e+16	3.03e-01	6.97e-01	9.52e-05	0.00e+00	0.00e+00	0.00e+00	0.00e+00	0.00e+00
 2.15480e+16	3.15e-01	6.85e-01	8.56e-05	0.00e+00	0.00e+00	0.00e+00	0.00e+00	0.00e+00
 2.15514e+16	3.25e-01	6.75e-01	7.72e-05	0.00e+00	0.00e+00	0.00e+00	0.00e+00	0.00e+00
 2.15548e+16	3.40e-01	6.60e-01	6.92e-05	0.00e+00	0.00e+00	0.00e+00	0.00e+00	0.00e+00
 2.15582e+16	3.52e-01	6.48e-01	6.23e-05	0.00e+00	0.00e+00	0.00e+00	0.00e+00	0.00e+00
 2.15615e+16	3.66e-01	6.34e-01	5.60e-05	0.00e+00	0.00e+00	0.00e+00	0.00e+00	0.00e+00
 2.15648e+16	3.81e-01	6.19e-01	5.02e-05	0.00e+00	0.00e+00	0.00e+00	0.00e+00	0.00e+00
 2.15681e+16	3.96e-01	6.04e-01	4.49e-05	0.00e+00	0.00e+00	0.00e+00	0.00e+00	0.00e+00
 2.15714e+16	4.12e-01	5.88e-01	4.02e-05	0.00e+00	0.00e+00	0.00e+00	0.00e+00	0.00e+00
 2.15746e+16	4.32e-01	5.68e-01	3.58e-05	0.00e+00	0.00e+00	0.00e+00	0.00e+00	0.00e+00
 2.15778e+16	4.51e-01	5.49e-01	3.19e-05	0.00e+00	0.00e+00	0.00e+00	0.00e+00	0.00e+00
 2.15809e+16	4.70e-01	5.30e-01	2.84e-05	0.00e+00	0.00e+00	0.00e+00	0.00e+00	0.00e+00
 2.15841e+16	4.90e-01	5.10e-01	2.52e-05	0.00e+00	0.00e+00	0.00e+00	0.00e+00	0.00e+00
 2.15873e+16	5.11e-01	4.89e-01	2.23e-05	0.00e+00	0.00e+00	0.00e+00	0.00e+00	0.00e+00
 2.15905e+16	5.33e-01	4.67e-01	1.97e-05	0.00e+00	0.00e+00	0.00e+00	0.00e+00	0.00e+00
 2.15937e+16	5.56e-01	4.44e-01	1.73e-05	0.00e+00	0.00e+00	0.00e+00	0.00e+00	0.00e+00
 2.15969e+16	5.80e-01	4.20e-01	1.52e-05	0.00e+00	0.00e+00	0.00e+00	0.00e+00	0.00e+00
 2.16001e+16	6.04e-01	3.96e-01	1.33e-05	0.00e+00	0.00e+00	0.00e+00	0.00e+00	0.00e+00
 2.16033e+16	6.28e-01	3.72e-01	1.16e-05	0.00e+00	0.00e+00	0.00e+00	0.00e+00	0.00e+00
 2.16061e+16	6.50e-01	3.50e-01	1.02e-05	0.00e+00	0.00e+00	0.00e+00	0.00e+00	0.00e+00
 2.16083e+16	6.66e-01	3.34e-01	9.32e-06	0.00e+00	0.00e+00	0.00e+00	0.00e+00	0.00e+00
 2.16103e+16	6.81e-01	3.19e-01	8.50e-06	0.00e+00	0.00e+00	0.00e+00	0.00e+00	0.00e+00
 2.16124e+16	6.96e-01	3.04e-01	7.74e-06	0.00e+00	0.00e+00	0.00e+00	0.00e+00	0.00e+00
 2.16146e+16	7.15e-01	2.85e-01	6.94e-06	0.00e+00	0.00e+00	0.00e+00	0.00e+00	0.00e+00
 2.16168e+16	7.29e-01	2.71e-01	6.28e-06	0.00e+00	0.00e+00	0.00e+00	0.00e+00	0.00e+00
 2.16188e+16	7.42e-01	2.58e-01	5.76e-06	0.00e+00	0.00e+00	0.00e+00	0.00e+00	0.00e+00
 2.16207e+16	7.57e-01	2.43e-01	5.22e-06	0.00e+00	0.00e+00	0.00e+00	0.00e+00	0.00e+00
 2.16227e+16	7.69e-01	2.31e-01	4.79e-06	0.00e+00	0.00e+00	0.00e+00	0.00e+00	0.00e+00
 2.16246e+16	7.81e-01	2.19e-01	4.37e-06	0.00e+00	0.00e+00	0.00e+00	0.00e+00	0.00e+00
 2.16265e+16	7.93e-01	2.07e-01	3.98e-06	0.00e+00	0.00e+00	0.00e+00	0.00e+00	0.00e+00
 2.16284e+16	8.05e-01	1.95e-01	3.63e-06	0.00e+00	0.00e+00	0.00e+00	0.00e+00	0.00e+00
 2.16302e+16	8.15e-01	1.85e-01	3.32e-06	0.00e+00	0.00e+00	0.00e+00	0.00e+00	0.00e+00
 2.16320e+16	8.25e-01	1.75e-01	3.04e-06	0.00e+00	0.00e+00	0.00e+00	0.00e+00	0.00e+00
 2.16338e+16	8.35e-01	1.65e-01	2.79e-06	0.00e+00	0.00e+00	0.00e+00	0.00e+00	0.00e+00
 2.16356e+16	8.44e-01	1.56e-01	2.56e-06	0.00e+00	0.00e+00	0.00e+00	0.00e+00	0.00e+00
