#depth	C	C+	C+2	C+3	C+4	C+5	C+6	C[1]	C[2]	C[3]	C+[1]	C+[2]	CO
 1.49634e+10	0.00e+00	3.43e-33	3.01e-23	6.03e-14	6.34e-04	5.98e-01	4.01e-01	0.00e+00	0.00e+00	0.00e+00	0.00e+00	0.00e+00	9.96e-162
 4.54887e+10	7.62e-44	4.87e-33	3.95e-23	7.31e-14	7.10e-04	6.17e-01	3.82e-01	0.00e+00	0.00e+00	0.00e+00	0.00e+00	0.00e+00	5.64e-240
 7.72350e+10	0.00e+00	6.92e-33	5.18e-23	8.86e-14	7.95e-04	6.36e-01	3.63e-01	0.00e+00	0.00e+00	0.00e+00	0.00e+00	0.00e+00	1.35e-160
 1.10251e+11	1.80e-43	9.83e-33	6.80e-23	1.07e-13	8.88e-04	6.54e-01	3.45e-01	0.00e+00	0.00e+00	0.00e+00	0.00e+00	0.00e+00	2.40e-239
 1.42451e+11	0.00e+00	1.37e-32	8.76e-23	1.28e-13	9.85e-04	6.71e-01	3.28e-01	0.00e+00	0.00e+00	0.00e+00	0.00e+00	0.00e+00	1.67e-159
 1.73038e+11	3.91e-43	1.84e-32	1.10e-22	1.51e-13	1.08e-03	6.86e-01	3.13e-01	0.00e+00	0.00e+00	0.00e+00	0.00e+00	0.00e+00	2.08e-227
 2.06985e+11	0.00e+00	2.55e-32	1.42e-22	1.80e-13	1.20e-03	7.01e-01	2.98e-01	0.00e+00	0.00e+00	0.00e+00	0.00e+00	0.00e+00	1.70e-158
 2.44061e+11	8.80e-43	3.57e-32	1.84e-22	2.16e-13	1.33e-03	7.17e-01	2.81e-01	0.00e+00	0.00e+00	0.00e+00	0.00e+00	0.00e+00	7.94e-227
 2.79790e+11	0.00e+00	4.89e-32	2.34e-22	2.56e-13	1.46e-03	7.31e-01	2.67e-01	0.00e+00	0.00e+00	0.00e+00	0.00e+00	0.00e+00	1.93e-157
 3.18078e+11	1.93e-42	6.76e-32	3.00e-22	3.04e-13	1.62e-03	7.46e-01	2.53e-01	0.00e+00	0.00e+00	0.00e+00	0.00e+00	0.00e+00	3.21e-226
 3.60727e+11	0.00e+00	9.56e-32	3.92e-22	3.66e-13	1.80e-03	7.61e-01	2.38e-01	0.00e+00	0.00e+00	0.00e+00	0.00e+00	0.00e+00	2.39e-156
 4.03721e+11	4.48e-42	1.34e-31	5.08e-22	4.38e-13	1.99e-03	7.74e-01	2.24e-01	0.00e+00	0.00e+00	0.00e+00	0.00e+00	0.00e+00	1.26e-225
 4.48434e+11	0.00e+00	1.87e-31	6.57e-22	5.25e-13	2.20e-03	7.87e-01	2.10e-01	0.00e+00	0.00e+00	0.00e+00	0.00e+00	0.00e+00	2.98e-155
 4.96298e+11	1.04e-41	2.65e-31	8.57e-22	6.31e-13	2.44e-03	8.00e-01	1.97e-01	0.00e+00	0.00e+00	0.00e+00	0.00e+00	0.00e+00	2.88e-225
 5.46077e+11	0.00e+00	3.75e-31	1.12e-21	7.59e-13	2.70e-03	8.13e-01	1.85e-01	0.00e+00	0.00e+00	0.00e+00	0.00e+00	0.00e+00	4.04e-154
 5.97847e+11	2.45e-41	5.30e-31	1.46e-21	9.12e-13	2.99e-03	8.24e-01	1.73e-01	0.00e+00	0.00e+00	0.00e+00	0.00e+00	0.00e+00	1.70e-224
 6.51688e+11	0.00e+00	7.49e-31	1.90e-21	1.10e-12	3.31e-03	8.35e-01	1.61e-01	0.00e+00	0.00e+00	0.00e+00	0.00e+00	0.00e+00	5.49e-153
 7.07682e+11	5.76e-41	1.06e-30	2.48e-21	1.32e-12	3.67e-03	8.46e-01	1.51e-01	0.00e+00	0.00e+00	0.00e+00	0.00e+00	0.00e+00	0.00e+00
 7.65916e+11	0.00e+00	1.50e-30	3.23e-21	1.58e-12	4.06e-03	8.56e-01	1.40e-01	0.00e+00	0.00e+00	0.00e+00	0.00e+00	0.00e+00	7.51e-152
 8.26479e+11	1.36e-40	2.12e-30	4.22e-21	1.90e-12	4.49e-03	8.65e-01	1.31e-01	0.00e+00	0.00e+00	0.00e+00	0.00e+00	0.00e+00	0.00e+00
 8.89465e+11	0.00e+00	3.01e-30	5.51e-21	2.28e-12	4.96e-03	8.73e-01	1.22e-01	0.00e+00	0.00e+00	0.00e+00	0.00e+00	0.00e+00	1.03e-150
 9.48882e+11	3.09e-40	4.13e-30	7.01e-21	2.70e-12	5.44e-03	8.81e-01	1.14e-01	0.00e+00	0.00e+00	0.00e+00	0.00e+00	0.00e+00	0.00e+00
 1.00232e+12	0.00e+00	5.44e-30	8.66e-21	3.12e-12	5.88e-03	8.87e-01	1.07e-01	0.00e+00	0.00e+00	0.00e+00	0.00e+00	0.00e+00	9.61e-150
 1.06242e+12	6.30e-40	7.35e-30	1.09e-20	3.65e-12	6.41e-03	8.93e-01	1.01e-01	0.00e+00	0.00e+00	0.00e+00	0.00e+00	0.00e+00	0.00e+00
 1.13327e+12	0.00e+00	1.04e-29	1.42e-20	4.37e-12	7.07e-03	9.00e-01	9.34e-02	0.00e+00	0.00e+00	0.00e+00	0.00e+00	0.00e+00	1.09e-148
 1.20400e+12	1.45e-39	1.44e-29	1.82e-20	5.20e-12	7.77e-03	9.05e-01	8.69e-02	0.00e+00	0.00e+00	0.00e+00	0.00e+00	0.00e+00	0.00e+00
 1.27081e+12	0.00e+00	1.95e-29	2.29e-20	6.09e-12	8.46e-03	9.10e-01	8.14e-02	0.00e+00	0.00e+00	0.00e+00	0.00e+00	0.00e+00	1.17e-147
 1.34483e+12	3.14e-39	2.69e-29	2.94e-20	7.21e-12	9.27e-03	9.15e-01	7.57e-02	0.00e+00	0.00e+00	0.00e+00	0.00e+00	0.00e+00	0.00e+00
 1.42855e+12	0.00e+00	3.83e-29	3.85e-20	8.67e-12	1.02e-02	9.20e-01	7.00e-02	0.00e+00	0.00e+00	0.00e+00	0.00e+00	0.00e+00	1.49e-146
 1.51248e+12	7.42e-39	5.40e-29	5.00e-20	1.04e-11	1.13e-02	9.24e-01	6.48e-02	0.00e+00	0.00e+00	0.00e+00	0.00e+00	0.00e+00	1.74e-218
 1.59977e+12	0.00e+00	7.60e-29	6.49e-20	1.24e-11	1.24e-02	9.28e-01	5.99e-02	0.00e+00	0.00e+00	0.00e+00	0.00e+00	0.00e+00	1.94e-145
 1.69369e+12	1.76e-38	1.09e-28	8.52e-20	1.49e-11	1.37e-02	9.31e-01	5.52e-02	0.00e+00	0.00e+00	0.00e+00	0.00e+00	0.00e+00	0.00e+00
 1.78188e+12	0.00e+00	1.50e-28	1.09e-19	1.77e-11	1.50e-02	9.34e-01	5.13e-02	0.00e+00	0.00e+00	0.00e+00	0.00e+00	0.00e+00	2.47e-144
 1.86078e+12	3.71e-38	1.98e-28	1.35e-19	2.04e-11	1.62e-02	9.36e-01	4.80e-02	0.00e+00	0.00e+00	0.00e+00	0.00e+00	0.00e+00	0.00e+00
 1.94950e+12	0.00e+00	2.69e-28	1.70e-19	2.40e-11	1.76e-02	9.38e-01	4.47e-02	0.00e+00	0.00e+00	0.00e+00	0.00e+00	0.00e+00	2.20e-143
 2.05460e+12	8.35e-38	3.82e-28	2.22e-19	2.88e-11	1.94e-02	9.39e-01	4.12e-02	0.00e+00	0.00e+00	0.00e+00	0.00e+00	0.00e+00	0.00e+00
 2.15964e+12	0.00e+00	5.35e-28	2.88e-19	3.43e-11	2.13e-02	9.41e-01	3.80e-02	0.00e+00	0.00e+00	0.00e+00	0.00e+00	0.00e+00	2.87e-142
 2.25788e+12	1.85e-37	7.27e-28	3.64e-19	4.03e-11	2.32e-02	9.42e-01	3.53e-02	0.00e+00	0.00e+00	0.00e+00	0.00e+00	0.00e+00	1.13e-214
 2.36713e+12	0.00e+00	1.01e-27	4.66e-19	4.77e-11	2.53e-02	9.42e-01	3.26e-02	0.00e+00	0.00e+00	0.00e+00	0.00e+00	0.00e+00	3.04e-141
 2.49174e+12	4.36e-37	1.45e-27	6.17e-19	5.76e-11	2.80e-02	9.42e-01	2.99e-02	0.00e+00	0.00e+00	0.00e+00	0.00e+00	0.00e+00	0.00e+00
 2.61411e+12	0.00e+00	2.05e-27	8.02e-19	6.89e-11	3.07e-02	9.42e-01	2.75e-02	0.00e+00	0.00e+00	0.00e+00	0.00e+00	0.00e+00	4.23e-140
 2.74137e+12	1.02e-36	2.89e-27	1.04e-18	8.24e-11	3.37e-02	9.41e-01	2.52e-02	0.00e+00	0.00e+00	0.00e+00	0.00e+00	0.00e+00	0.00e+00
 2.88095e+12	0.00e+00	4.16e-27	1.38e-18	9.96e-11	3.72e-02	9.40e-01	2.30e-02	0.00e+00	0.00e+00	0.00e+00	0.00e+00	0.00e+00	5.89e-139
 3.02135e+12	2.49e-36	5.93e-27	1.81e-18	1.20e-10	4.09e-02	9.38e-01	2.11e-02	0.00e+00	0.00e+00	0.00e+00	0.00e+00	0.00e+00	0.00e+00
 3.16738e+12	0.00e+00	8.45e-27	2.37e-18	1.44e-10	4.50e-02	9.36e-01	1.92e-02	0.00e+00	0.00e+00	0.00e+00	0.00e+00	0.00e+00	8.12e-138
 3.32400e+12	6.07e-36	1.22e-26	3.14e-18	1.74e-10	4.95e-02	9.33e-01	1.75e-02	0.00e+00	0.00e+00	0.00e+00	0.00e+00	0.00e+00	0.00e+00
 3.47947e+12	0.00e+00	1.73e-26	4.11e-18	2.09e-10	5.43e-02	9.30e-01	1.60e-02	0.00e+00	0.00e+00	0.00e+00	0.00e+00	0.00e+00	1.15e-136
 3.64115e+12	1.45e-35	2.46e-26	5.37e-18	2.50e-10	5.96e-02	9.26e-01	1.46e-02	0.00e+00	0.00e+00	0.00e+00	0.00e+00	0.00e+00	0.00e+00
 3.81672e+12	0.00e+00	3.55e-26	7.12e-18	3.03e-10	6.56e-02	9.21e-01	1.32e-02	0.00e+00	0.00e+00	0.00e+00	0.00e+00	0.00e+00	1.63e-135
 3.99932e+12	3.59e-35	5.13e-26	9.44e-18	3.66e-10	7.21e-02	9.16e-01	1.20e-02	0.00e+00	0.00e+00	0.00e+00	0.00e+00	0.00e+00	0.00e+00
 4.18922e+12	0.00e+00	7.41e-26	1.25e-17	4.43e-10	7.93e-02	9.10e-01	1.09e-02	0.00e+00	0.00e+00	0.00e+00	0.00e+00	0.00e+00	2.44e-134
 4.38671e+12	8.90e-35	1.07e-25	1.66e-17	5.36e-10	8.71e-02	9.03e-01	9.81e-03	0.00e+00	0.00e+00	0.00e+00	0.00e+00	0.00e+00	0.00e+00
 4.59211e+12	1.40e-34	1.54e-25	2.20e-17	6.47e-10	9.55e-02	8.96e-01	8.86e-03	0.00e+00	0.00e+00	0.00e+00	0.00e+00	0.00e+00	2.88e-115
 4.77833e+12	2.08e-34	2.12e-25	2.81e-17	7.64e-10	1.04e-01	8.88e-01	8.09e-03	0.00e+00	0.00e+00	0.00e+00	0.00e+00	0.00e+00	1.26e-97
 4.93425e+12	2.86e-34	2.75e-25	3.43e-17	8.73e-10	1.11e-01	8.82e-01	7.51e-03	0.00e+00	0.00e+00	0.00e+00	0.00e+00	0.00e+00	0.00e+00
 5.10539e+12	4.01e-34	3.62e-25	4.23e-17	1.01e-09	1.18e-01	8.75e-01	6.93e-03	0.00e+00	0.00e+00	0.00e+00	0.00e+00	0.00e+00	4.66e-114
 5.32112e+12	6.05e-34	5.05e-25	5.48e-17	1.20e-09	1.28e-01	8.65e-01	6.28e-03	0.00e+00	0.00e+00	0.00e+00	0.00e+00	0.00e+00	1.38e-96
 5.54564e+12	9.14e-34	7.06e-25	7.09e-17	1.42e-09	1.40e-01	8.55e-01	5.68e-03	0.00e+00	0.00e+00	0.00e+00	0.00e+00	0.00e+00	0.00e+00
 5.73818e+12	1.28e-33	9.30e-25	8.77e-17	1.64e-09	1.49e-01	8.46e-01	5.22e-03	0.00e+00	0.00e+00	0.00e+00	0.00e+00	0.00e+00	1.02e-112
 5.93835e+12	1.80e-33	1.22e-24	1.08e-16	1.89e-09	1.59e-01	8.36e-01	4.79e-03	0.00e+00	0.00e+00	0.00e+00	0.00e+00	0.00e+00	1.57e-95
 6.18748e+12	2.71e-33	1.70e-24	1.40e-16	2.24e-09	1.72e-01	8.23e-01	4.32e-03	0.00e+00	0.00e+00	0.00e+00	0.00e+00	0.00e+00	6.35e-287
 6.43973e+12	4.02e-33	2.35e-24	1.79e-16	2.65e-09	1.86e-01	8.10e-01	3.90e-03	0.00e+00	0.00e+00	0.00e+00	0.00e+00	0.00e+00	2.14e-111
 6.65969e+12	5.59e-33	3.07e-24	2.21e-16	3.04e-09	1.98e-01	7.98e-01	3.57e-03	0.00e+00	0.00e+00	0.00e+00	0.00e+00	0.00e+00	1.96e-94
 6.89821e+12	7.89e-33	4.06e-24	2.73e-16	3.51e-09	2.11e-01	7.86e-01	3.25e-03	0.00e+00	0.00e+00	0.00e+00	0.00e+00	0.00e+00	1.30e-110
 7.18865e+12	1.18e-32	5.62e-24	3.52e-16	4.14e-09	2.28e-01	7.70e-01	2.91e-03	0.00e+00	0.00e+00	0.00e+00	0.00e+00	0.00e+00	1.04e-93
 7.48421e+12	1.74e-32	7.71e-24	4.49e-16	4.87e-09	2.44e-01	7.53e-01	2.61e-03	0.00e+00	0.00e+00	0.00e+00	0.00e+00	0.00e+00	1.10e-109
 7.75548e+12	2.45e-32	1.02e-23	5.56e-16	5.61e-09	2.60e-01	7.38e-01	2.36e-03	0.00e+00	0.00e+00	0.00e+00	0.00e+00	0.00e+00	5.37e-93
 8.05753e+12	3.53e-32	1.37e-23	6.99e-16	6.52e-09	2.77e-01	7.21e-01	2.12e-03	0.00e+00	0.00e+00	0.00e+00	0.00e+00	0.00e+00	7.55e-109
 8.40778e+12	5.28e-32	1.89e-23	8.99e-16	7.69e-09	2.97e-01	7.01e-01	1.88e-03	0.00e+00	0.00e+00	0.00e+00	0.00e+00	0.00e+00	3.04e-92
 8.75330e+12	7.70e-32	2.57e-23	1.14e-15	8.98e-09	3.16e-01	6.82e-01	1.67e-03	0.00e+00	0.00e+00	0.00e+00	0.00e+00	0.00e+00	6.45e-108
 9.08419e+12	1.09e-31	3.40e-23	1.41e-15	1.03e-08	3.35e-01	6.64e-01	1.50e-03	0.00e+00	0.00e+00	0.00e+00	0.00e+00	0.00e+00	1.58e-91
 9.44903e+12	1.57e-31	4.56e-23	1.77e-15	1.20e-08	3.55e-01	6.44e-01	1.34e-03	0.00e+00	0.00e+00	0.00e+00	0.00e+00	0.00e+00	4.62e-107
 9.85692e+12	2.31e-31	6.24e-23	2.25e-15	1.40e-08	3.77e-01	6.22e-01	1.18e-03	0.00e+00	0.00e+00	0.00e+00	0.00e+00	0.00e+00	8.84e-91
 1.02277e+13	3.23e-31	8.18e-23	2.76e-15	1.60e-08	3.97e-01	6.02e-01	1.05e-03	0.00e+00	0.00e+00	0.00e+00	0.00e+00	0.00e+00	3.51e-106
 1.05398e+13	4.23e-31	1.02e-22	3.26e-15	1.78e-08	4.13e-01	5.86e-01	9.59e-04	0.00e+00	0.00e+00	0.00e+00	0.00e+00	0.00e+00	3.60e-90
 1.08830e+13	5.64e-31	1.28e-22	3.89e-15	1.99e-08	4.30e-01	5.69e-01	8.68e-04	0.00e+00	0.00e+00	0.00e+00	0.00e+00	0.00e+00	1.71e-105
 1.12704e+13	7.71e-31	1.65e-22	4.71e-15	2.24e-08	4.50e-01	5.50e-01	7.78e-04	0.00e+00	0.00e+00	0.00e+00	0.00e+00	0.00e+00	1.46e-89
 1.16412e+13	1.03e-30	2.07e-22	5.61e-15	2.51e-08	4.67e-01	5.32e-01	7.02e-04	0.00e+00	0.00e+00	0.00e+00	0.00e+00	0.00e+00	9.42e-105
 1.20493e+13	1.39e-30	2.64e-22	6.74e-15	2.81e-08	4.86e-01	5.13e-01	6.28e-04	0.00e+00	0.00e+00	0.00e+00	0.00e+00	0.00e+00	5.85e-89
 1.25027e+13	1.92e-30	3.42e-22	8.19e-15	3.18e-08	5.07e-01	4.93e-01	5.57e-04	0.00e+00	0.00e+00	0.00e+00	0.00e+00	0.00e+00	5.73e-104
 1.29276e+13	2.56e-30	4.31e-22	9.76e-15	3.55e-08	5.25e-01	4.74e-01	4.99e-04	0.00e+00	0.00e+00	0.00e+00	0.00e+00	0.00e+00	2.51e-88
 1.33926e+13	3.48e-30	5.50e-22	1.17e-14	3.97e-08	5.44e-01	4.55e-01	4.44e-04	0.00e+00	0.00e+00	0.00e+00	0.00e+00	0.00e+00	3.25e-103
 1.39156e+13	4.83e-30	7.15e-22	1.43e-14	4.48e-08	5.65e-01	4.34e-01	3.90e-04	0.00e+00	0.00e+00	0.00e+00	0.00e+00	0.00e+00	1.14e-87
 1.44152e+13	6.52e-30	9.08e-22	1.70e-14	5.00e-08	5.84e-01	4.16e-01	3.46e-04	0.00e+00	0.00e+00	0.00e+00	0.00e+00	0.00e+00	2.06e-102
 1.49626e+13	8.94e-30	1.17e-21	2.05e-14	5.61e-08	6.04e-01	3.96e-01	3.05e-04	0.00e+00	0.00e+00	0.00e+00	0.00e+00	0.00e+00	5.09e-87
 1.55427e+13	1.23e-29	1.50e-21	2.48e-14	6.29e-08	6.23e-01	3.76e-01	2.67e-04	0.00e+00	0.00e+00	0.00e+00	0.00e+00	0.00e+00	1.36e-101
 1.60503e+13	1.61e-29	1.86e-21	2.91e-14	6.92e-08	6.40e-01	3.60e-01	2.38e-04	0.00e+00	0.00e+00	0.00e+00	0.00e+00	0.00e+00	2.14e-86
 1.65922e+13	2.12e-29	2.31e-21	3.42e-14	7.63e-08	6.56e-01	3.44e-01	2.12e-04	0.00e+00	0.00e+00	0.00e+00	0.00e+00	0.00e+00	7.00e-101
 1.72515e+13	2.93e-29	2.99e-21	4.13e-14	8.53e-08	6.75e-01	3.25e-01	1.85e-04	0.00e+00	0.00e+00	0.00e+00	0.00e+00	0.00e+00	9.40e-86
 1.79081e+13	3.99e-29	3.81e-21	4.93e-14	9.49e-08	6.92e-01	3.08e-01	1.61e-04	0.00e+00	0.00e+00	0.00e+00	0.00e+00	0.00e+00	4.72e-100
 1.84875e+13	5.18e-29	4.68e-21	5.74e-14	1.04e-07	7.06e-01	2.94e-01	1.44e-04	0.00e+00	0.00e+00	0.00e+00	0.00e+00	0.00e+00	3.87e-85
 1.91219e+13	6.83e-29	5.81e-21	6.72e-14	1.14e-07	7.21e-01	2.79e-01	1.27e-04	0.00e+00	0.00e+00	0.00e+00	0.00e+00	0.00e+00	2.43e-99
 1.98850e+13	9.39e-29	7.46e-21	8.07e-14	1.27e-07	7.38e-01	2.62e-01	1.10e-04	0.00e+00	0.00e+00	0.00e+00	0.00e+00	0.00e+00	1.72e-84
 2.06484e+13	1.27e-28	9.47e-21	9.61e-14	1.40e-07	7.53e-01	2.47e-01	9.57e-05	0.00e+00	0.00e+00	0.00e+00	0.00e+00	0.00e+00	1.65e-98
 2.13429e+13	1.66e-28	1.17e-20	1.12e-13	1.53e-07	7.66e-01	2.34e-01	8.47e-05	0.00e+00	0.00e+00	0.00e+00	0.00e+00	0.00e+00	7.29e-84
 2.21149e+13	2.22e-28	1.46e-20	1.31e-13	1.68e-07	7.79e-01	2.21e-01	7.42e-05	0.00e+00	0.00e+00	0.00e+00	0.00e+00	0.00e+00	9.15e-98
 2.30172e+13	3.05e-28	1.87e-20	1.58e-13	1.86e-07	7.93e-01	2.07e-01	6.37e-05	0.00e+00	0.00e+00	0.00e+00	0.00e+00	0.00e+00	3.41e-83
 2.39071e+13	4.13e-28	2.37e-20	1.87e-13	2.05e-07	8.06e-01	1.94e-01	5.52e-05	0.00e+00	0.00e+00	0.00e+00	0.00e+00	0.00e+00	6.38e-97
 2.47490e+13	5.45e-28	2.94e-20	2.18e-13	2.24e-07	8.17e-01	1.83e-01	4.84e-05	0.00e+00	0.00e+00	0.00e+00	0.00e+00	0.00e+00	1.51e-82
 2.56854e+13	7.32e-28	3.70e-20	2.57e-13	2.45e-07	8.29e-01	1.71e-01	4.20e-05	0.00e+00	0.00e+00	0.00e+00	0.00e+00	0.00e+00	3.83e-96
 2.67427e+13	1.01e-27	4.74e-20	3.07e-13	2.71e-07	8.40e-01	1.59e-01	3.59e-05	0.00e+00	0.00e+00	0.00e+00	0.00e+00	0.00e+00	7.42e-82
 2.78053e+13	1.37e-27	6.02e-20	3.63e-13	2.98e-07	8.51e-01	1.49e-01	3.09e-05	0.00e+00	0.00e+00	0.00e+00	0.00e+00	0.00e+00	2.78e-95
 2.89103e+13	1.87e-27	7.65e-20	4.30e-13	3.27e-07	8.61e-01	1.39e-01	2.66e-05	0.00e+00	0.00e+00	0.00e+00	0.00e+00	0.00e+00	3.71e-81
 3.00967e+13	2.57e-27	9.77e-20	5.12e-13	3.60e-07	8.71e-01	1.29e-01	2.28e-05	0.00e+00	0.00e+00	0.00e+00	0.00e+00	0.00e+00	2.02e-94
 3.13304e+13	3.52e-27	1.25e-19	6.08e-13	3.95e-07	8.80e-01	1.20e-01	1.95e-05	0.00e+00	0.00e+00	0.00e+00	0.00e+00	0.00e+00	1.95e-80
 3.25059e+13	4.71e-27	1.56e-19	7.12e-13	4.30e-07	8.88e-01	1.12e-01	1.69e-05	0.00e+00	0.00e+00	0.00e+00	0.00e+00	0.00e+00	1.39e-93
 3.35788e+13	6.08e-27	1.90e-19	8.17e-13	4.64e-07	8.94e-01	1.06e-01	1.48e-05	0.00e+00	0.00e+00	0.00e+00	0.00e+00	0.00e+00	8.21e-80
 3.45910e+13	7.67e-27	2.27e-19	9.26e-13	4.97e-07	9.00e-01	9.99e-02	1.32e-05	0.00e+00	0.00e+00	0.00e+00	0.00e+00	0.00e+00	6.63e-93
 3.57082e+13	9.86e-27	2.75e-19	1.06e-12	5.33e-07	9.06e-01	9.42e-02	1.17e-05	0.00e+00	0.00e+00	0.00e+00	0.00e+00	0.00e+00	2.97e-79
 3.69608e+13	1.29e-26	3.38e-19	1.22e-12	5.77e-07	9.12e-01	8.83e-02	1.02e-05	0.00e+00	0.00e+00	0.00e+00	0.00e+00	0.00e+00	3.51e-92
 3.81459e+13	1.66e-26	4.09e-19	1.40e-12	6.19e-07	9.17e-01	8.32e-02	9.00e-06	0.00e+00	0.00e+00	0.00e+00	0.00e+00	0.00e+00	1.18e-78
 3.94430e+13	2.15e-26	5.00e-19	1.61e-12	6.66e-07	9.22e-01	7.81e-02	7.90e-06	0.00e+00	0.00e+00	0.00e+00	0.00e+00	0.00e+00	1.81e-91
 4.08974e+13	2.86e-26	6.22e-19	1.87e-12	7.22e-07	9.27e-01	7.29e-02	6.84e-06	0.00e+00	0.00e+00	0.00e+00	0.00e+00	0.00e+00	5.07e-78
 4.22472e+13	3.70e-26	7.55e-19	2.14e-12	7.75e-07	9.31e-01	6.86e-02	6.02e-06	0.00e+00	0.00e+00	0.00e+00	0.00e+00	0.00e+00	1.03e-90
 4.34985e+13	4.65e-26	9.00e-19	2.41e-12	8.26e-07	9.35e-01	6.49e-02	5.37e-06	0.00e+00	0.00e+00	0.00e+00	0.00e+00	0.00e+00	1.86e-77
 4.49314e+13	6.00e-26	1.09e-18	2.75e-12	8.86e-07	9.39e-01	6.10e-02	4.73e-06	0.00e+00	0.00e+00	0.00e+00	0.00e+00	0.00e+00	4.92e-90
 4.66711e+13	8.09e-26	1.37e-18	3.22e-12	9.62e-07	9.43e-01	5.67e-02	4.07e-06	0.00e+00	0.00e+00	0.00e+00	0.00e+00	0.00e+00	8.26e-77
 4.83888e+13	1.08e-25	1.70e-18	3.73e-12	1.04e-06	9.47e-01	5.29e-02	3.53e-06	0.00e+00	0.00e+00	0.00e+00	0.00e+00	0.00e+00	1.78e-76
 4.98934e+13	1.37e-25	2.04e-18	4.23e-12	1.11e-06	9.50e-01	4.99e-02	3.13e-06	0.00e+00	0.00e+00	0.00e+00	0.00e+00	0.00e+00	3.43e-76
 5.15416e+13	1.77e-25	2.48e-18	4.83e-12	1.19e-06	9.53e-01	4.69e-02	2.75e-06	0.00e+00	0.00e+00	0.00e+00	0.00e+00	0.00e+00	6.85e-76
 5.35376e+13	2.39e-25	3.12e-18	5.64e-12	1.29e-06	9.56e-01	4.36e-02	2.37e-06	0.00e+00	0.00e+00	0.00e+00	0.00e+00	0.00e+00	1.54e-75
 5.55397e+13	3.19e-25	3.88e-18	6.54e-12	1.39e-06	9.59e-01	4.06e-02	2.05e-06	0.00e+00	0.00e+00	0.00e+00	0.00e+00	0.00e+00	3.38e-75
 5.73487e+13	4.11e-25	4.70e-18	7.45e-12	1.49e-06	9.62e-01	3.82e-02	1.81e-06	0.00e+00	0.00e+00	0.00e+00	0.00e+00	0.00e+00	6.72e-75
 5.93529e+13	5.39e-25	5.77e-18	8.56e-12	1.60e-06	9.64e-01	3.57e-02	1.58e-06	0.00e+00	0.00e+00	0.00e+00	0.00e+00	0.00e+00	1.41e-74
 6.17104e+13	7.33e-25	7.28e-18	1.00e-11	1.73e-06	9.67e-01	3.31e-02	1.35e-06	0.00e+00	0.00e+00	0.00e+00	0.00e+00	0.00e+00	3.24e-74
 6.40392e+13	9.82e-25	9.08e-18	1.16e-11	1.87e-06	9.69e-01	3.08e-02	1.17e-06	0.00e+00	0.00e+00	0.00e+00	0.00e+00	0.00e+00	7.20e-74
 6.62161e+13	1.28e-24	1.11e-17	1.33e-11	2.00e-06	9.71e-01	2.89e-02	1.03e-06	0.00e+00	0.00e+00	0.00e+00	0.00e+00	0.00e+00	1.48e-73
 6.86497e+13	1.70e-24	1.37e-17	1.54e-11	2.15e-06	9.73e-01	2.69e-02	8.90e-07	0.00e+00	0.00e+00	0.00e+00	0.00e+00	0.00e+00	3.23e-73
 7.14256e+13	2.33e-24	1.74e-17	1.81e-11	2.34e-06	9.75e-01	2.49e-02	0.00e+00	0.00e+00	0.00e+00	0.00e+00	0.00e+00	0.00e+00	7.58e-73
 7.41804e+13	3.14e-24	2.18e-17	2.10e-11	2.53e-06	9.77e-01	2.31e-02	0.00e+00	0.00e+00	0.00e+00	0.00e+00	0.00e+00	0.00e+00	1.72e-72
 7.70454e+13	4.24e-24	2.73e-17	2.45e-11	2.73e-06	9.79e-01	2.15e-02	0.00e+00	0.00e+00	0.00e+00	0.00e+00	0.00e+00	0.00e+00	3.90e-72
 8.01571e+13	5.80e-24	3.46e-17	2.87e-11	2.96e-06	9.80e-01	1.99e-02	0.00e+00	0.00e+00	0.00e+00	0.00e+00	0.00e+00	0.00e+00	9.17e-72
 8.33933e+13	7.94e-24	4.38e-17	3.36e-11	3.21e-06	9.82e-01	1.84e-02	0.00e+00	0.00e+00	0.00e+00	0.00e+00	0.00e+00	0.00e+00	2.16e-71
 8.65259e+13	1.06e-23	5.46e-17	3.90e-11	3.46e-06	9.83e-01	1.71e-02	0.00e+00	0.00e+00	0.00e+00	0.00e+00	1.75e-17	3.71e-17	4.79e-71
 8.94697e+13	1.38e-23	6.67e-17	4.46e-11	3.70e-06	9.84e-01	1.60e-02	0.00e+00	0.00e+00	0.00e+00	0.00e+00	2.21e-17	4.45e-17	9.87e-71
 9.27645e+13	1.84e-23	8.27e-17	5.16e-11	3.98e-06	9.85e-01	1.49e-02	0.00e+00	0.00e+00	0.00e+00	0.00e+00	2.74e-17	5.52e-17	2.15e-70
 9.60860e+13	2.43e-23	1.02e-16	5.94e-11	4.28e-06	9.86e-01	1.39e-02	0.00e+00	0.00e+00	0.00e+00	0.00e+00	3.38e-17	6.81e-17	4.59e-70
 9.88410e+13	3.04e-23	1.21e-16	6.65e-11	4.53e-06	9.87e-01	1.31e-02	0.00e+00	0.00e+00	0.00e+00	0.00e+00	4.00e-17	8.06e-17	8.46e-70
 1.01756e+14	3.82e-23	1.43e-16	7.47e-11	4.81e-06	9.88e-01	1.24e-02	0.00e+00	0.00e+00	0.00e+00	0.00e+00	4.76e-17	9.58e-17	1.58e-69
 1.05486e+14	5.08e-23	1.78e-16	8.63e-11	5.18e-06	9.88e-01	1.15e-02	0.00e+00	0.00e+00	0.00e+00	0.00e+00	5.89e-17	1.19e-16	3.43e-69
 1.09401e+14	6.76e-23	2.21e-16	1.00e-10	5.58e-06	9.89e-01	1.07e-02	0.00e+00	0.00e+00	0.00e+00	0.00e+00	7.32e-17	1.47e-16	7.57e-69
 1.12857e+14	8.65e-23	2.65e-16	1.13e-10	5.95e-06	9.90e-01	1.01e-02	0.00e+00	0.00e+00	0.00e+00	0.00e+00	8.81e-17	1.77e-16	1.47e-68
 1.16591e+14	1.12e-22	3.22e-16	1.29e-10	6.36e-06	9.91e-01	9.44e-03	0.00e+00	0.00e+00	0.00e+00	0.00e+00	1.07e-16	2.15e-16	2.94e-68
 1.21091e+14	1.50e-22	4.03e-16	1.51e-10	6.87e-06	9.91e-01	8.75e-03	0.00e+00	0.00e+00	0.00e+00	0.00e+00	1.34e-16	2.70e-16	6.62e-68
 1.25657e+14	2.01e-22	5.03e-16	1.75e-10	7.42e-06	9.92e-01	8.12e-03	0.00e+00	0.00e+00	0.00e+00	0.00e+00	1.67e-16	3.36e-16	1.46e-67
 1.29925e+14	2.61e-22	6.13e-16	2.00e-10	7.94e-06	9.92e-01	7.59e-03	0.00e+00	0.00e+00	0.00e+00	0.00e+00	2.03e-16	4.09e-16	2.98e-67
 1.34671e+14	3.46e-22	7.58e-16	2.31e-10	8.55e-06	9.93e-01	7.05e-03	0.00e+00	0.00e+00	0.00e+00	0.00e+00	2.52e-16	5.07e-16	6.41e-67
 1.39715e+14	4.62e-22	9.44e-16	2.68e-10	9.23e-06	9.93e-01	6.54e-03	0.00e+00	0.00e+00	0.00e+00	0.00e+00	3.13e-16	6.31e-16	1.40e-66
 1.44199e+14	5.92e-22	1.14e-15	3.05e-10	9.85e-06	9.94e-01	6.14e-03	0.00e+00	0.00e+00	0.00e+00	0.00e+00	3.78e-16	7.61e-16	2.76e-66
 1.49019e+14	7.66e-22	1.38e-15	3.48e-10	1.05e-05	9.94e-01	5.74e-03	0.00e+00	0.00e+00	0.00e+00	0.00e+00	4.59e-16	9.25e-16	5.55e-66
 1.54793e+14	1.03e-21	1.73e-15	4.06e-10	1.14e-05	9.95e-01	5.31e-03	0.00e+00	0.00e+00	0.00e+00	0.00e+00	5.75e-16	1.16e-15	1.24e-65
 1.60472e+14	1.37e-21	2.15e-15	4.70e-10	1.23e-05	9.95e-01	4.93e-03	0.00e+00	0.00e+00	0.00e+00	0.00e+00	7.12e-16	1.44e-15	2.68e-65
 1.65529e+14	1.74e-21	2.58e-15	5.33e-10	1.31e-05	9.95e-01	4.63e-03	0.00e+00	0.00e+00	0.00e+00	0.00e+00	8.56e-16	1.73e-15	5.17e-65
 1.71113e+14	2.26e-21	3.14e-15	6.10e-10	1.41e-05	9.96e-01	4.33e-03	0.00e+00	0.00e+00	0.00e+00	0.00e+00	1.04e-15	2.10e-15	1.05e-64
 1.77769e+14	3.04e-21	3.94e-15	7.12e-10	1.52e-05	9.96e-01	4.00e-03	0.00e+00	0.00e+00	0.00e+00	0.00e+00	1.31e-15	2.63e-15	2.34e-64
 1.84372e+14	4.05e-21	4.89e-15	8.26e-10	1.64e-05	9.96e-01	3.71e-03	0.00e+00	0.00e+00	0.00e+00	0.00e+00	1.62e-15	3.27e-15	5.11e-64
 1.90403e+14	5.21e-21	5.92e-15	9.41e-10	1.76e-05	9.97e-01	3.47e-03	0.00e+00	0.00e+00	0.00e+00	0.00e+00	1.96e-15	3.96e-15	1.01e-63
 1.97140e+14	6.83e-21	7.28e-15	1.08e-09	1.89e-05	9.97e-01	3.23e-03	0.00e+00	0.00e+00	0.00e+00	0.00e+00	2.41e-15	4.86e-15	2.11e-63
 2.04982e+14	9.25e-21	9.17e-15	1.27e-09	2.05e-05	9.97e-01	2.98e-03	0.00e+00	0.00e+00	0.00e+00	0.00e+00	3.04e-15	6.13e-15	4.82e-63
 2.12684e+14	1.24e-20	1.14e-14	1.47e-09	2.21e-05	9.97e-01	2.77e-03	0.00e+00	0.00e+00	0.00e+00	0.00e+00	3.78e-15	7.63e-15	1.06e-62
 2.19962e+14	1.61e-20	1.39e-14	1.69e-09	2.37e-05	9.97e-01	2.58e-03	0.00e+00	0.00e+00	0.00e+00	0.00e+00	4.61e-15	9.31e-15	2.16e-62
 2.28059e+14	2.13e-20	1.72e-14	1.95e-09	2.55e-05	9.98e-01	2.40e-03	0.00e+00	0.00e+00	0.00e+00	0.00e+00	5.71e-15	1.15e-14	4.66e-62
 2.37212e+14	2.89e-20	2.18e-14	2.29e-09	2.77e-05	9.98e-01	2.21e-03	0.00e+00	0.00e+00	0.00e+00	0.00e+00	7.21e-15	1.45e-14	1.07e-61
 2.46382e+14	3.89e-20	2.72e-14	2.67e-09	2.99e-05	9.98e-01	2.05e-03	0.00e+00	0.00e+00	0.00e+00	0.00e+00	9.02e-15	1.82e-14	2.41e-61
 2.54987e+14	5.09e-20	3.34e-14	3.06e-09	3.21e-05	9.98e-01	1.91e-03	0.00e+00	0.00e+00	0.00e+00	0.00e+00	1.11e-14	2.23e-14	5.01e-61
 2.64285e+14	6.73e-20	4.12e-14	3.54e-09	3.46e-05	9.98e-01	1.77e-03	0.00e+00	0.00e+00	0.00e+00	0.00e+00	1.37e-14	2.76e-14	1.08e-60
 2.74676e+14	9.10e-20	5.18e-14	4.13e-09	3.74e-05	9.98e-01	1.64e-03	0.00e+00	0.00e+00	0.00e+00	0.00e+00	1.72e-14	3.47e-14	2.45e-60
 2.84402e+14	1.20e-19	6.37e-14	4.75e-09	4.02e-05	9.98e-01	1.53e-03	0.00e+00	0.00e+00	0.00e+00	0.00e+00	2.11e-14	4.26e-14	5.16e-60
 2.93420e+14	1.53e-19	7.66e-14	5.39e-09	4.29e-05	9.99e-01	1.43e-03	0.00e+00	0.00e+00	0.00e+00	0.00e+00	2.54e-14	5.13e-14	1.00e-59
 3.02111e+14	1.92e-19	9.11e-14	6.06e-09	4.55e-05	9.99e-01	1.35e-03	0.00e+00	0.00e+00	0.00e+00	0.00e+00	3.01e-14	6.09e-14	1.88e-59
 3.11776e+14	2.45e-19	1.10e-13	6.88e-09	4.85e-05	9.99e-01	1.26e-03	0.00e+00	0.00e+00	0.00e+00	0.00e+00	3.63e-14	7.34e-14	3.69e-59
 3.22474e+14	3.20e-19	1.34e-13	7.88e-09	5.20e-05	9.99e-01	1.18e-03	0.00e+00	0.00e+00	0.00e+00	0.00e+00	4.43e-14	8.97e-14	7.61e-59
 3.32443e+14	4.06e-19	1.61e-13	8.90e-09	5.53e-05	9.99e-01	1.11e-03	0.00e+00	0.00e+00	0.00e+00	0.00e+00	5.31e-14	1.07e-13	1.46e-58
 3.43328e+14	5.22e-19	1.94e-13	1.01e-08	5.91e-05	9.99e-01	1.04e-03	0.00e+00	0.00e+00	0.00e+00	0.00e+00	6.42e-14	1.30e-13	2.92e-58
 3.55587e+14	6.87e-19	2.39e-13	1.17e-08	6.35e-05	9.99e-01	9.66e-04	0.00e+00	0.00e+00	0.00e+00	0.00e+00	7.90e-14	1.60e-13	6.20e-58
 3.67249e+14	8.86e-19	2.90e-13	1.33e-08	6.78e-05	9.99e-01	9.05e-04	0.00e+00	0.00e+00	0.00e+00	0.00e+00	9.57e-14	1.94e-13	1.25e-57
 3.80028e+14	1.16e-18	3.55e-13	1.52e-08	7.27e-05	9.99e-01	8.44e-04	0.00e+00	0.00e+00	0.00e+00	0.00e+00	1.17e-13	2.38e-13	2.60e-57
 3.94109e+14	1.54e-18	4.40e-13	1.76e-08	7.83e-05	9.99e-01	7.84e-04	0.00e+00	0.00e+00	0.00e+00	0.00e+00	1.45e-13	2.95e-13	5.70e-57
 4.07051e+14	1.99e-18	5.34e-13	2.01e-08	8.37e-05	9.99e-01	7.34e-04	0.00e+00	0.00e+00	0.00e+00	0.00e+00	1.76e-13	3.58e-13	1.15e-56
 4.21041e+14	2.59e-18	6.52e-13	2.30e-08	8.96e-05	9.99e-01	6.85e-04	0.00e+00	0.00e+00	0.00e+00	0.00e+00	2.15e-13	4.37e-13	2.37e-56
 4.36708e+14	3.45e-18	8.10e-13	2.67e-08	9.66e-05	9.99e-01	6.35e-04	0.00e+00	0.00e+00	0.00e+00	0.00e+00	2.67e-13	5.43e-13	5.19e-56
 4.51471e+14	4.48e-18	9.86e-13	3.05e-08	1.03e-04	9.99e-01	5.94e-04	0.00e+00	0.00e+00	0.00e+00	0.00e+00	3.25e-13	6.61e-13	1.07e-55
 4.67578e+14	5.89e-18	1.21e-12	3.51e-08	1.11e-04	9.99e-01	5.52e-04	0.00e+00	0.00e+00	0.00e+00	0.00e+00	4.00e-13	8.13e-13	2.27e-55
 4.85469e+14	7.90e-18	1.52e-12	4.08e-08	1.20e-04	9.99e-01	5.11e-04	0.00e+00	0.00e+00	0.00e+00	0.00e+00	4.99e-13	1.02e-12	5.08e-55
 5.02157e+14	1.03e-17	1.85e-12	4.67e-08	1.29e-04	9.99e-01	4.77e-04	0.00e+00	0.00e+00	0.00e+00	0.00e+00	6.09e-13	1.24e-12	1.05e-54
 5.20274e+14	1.36e-17	2.28e-12	5.39e-08	1.38e-04	9.99e-01	4.44e-04	0.00e+00	0.00e+00	0.00e+00	0.00e+00	7.51e-13	1.53e-12	2.25e-54
 5.40557e+14	1.82e-17	2.86e-12	6.28e-08	1.50e-04	9.99e-01	4.10e-04	0.00e+00	0.00e+00	0.00e+00	0.00e+00	9.40e-13	1.92e-12	5.09e-54
 5.59825e+14	2.40e-17	3.52e-12	7.23e-08	1.61e-04	9.99e-01	3.81e-04	0.00e+00	0.00e+00	0.00e+00	0.00e+00	1.16e-12	2.36e-12	1.08e-53
 5.80423e+14	3.16e-17	4.34e-12	8.37e-08	1.73e-04	9.99e-01	3.53e-04	0.00e+00	0.00e+00	0.00e+00	0.00e+00	1.43e-12	2.92e-12	2.32e-53
 6.03669e+14	4.29e-17	5.48e-12	9.80e-08	1.88e-04	9.99e-01	3.26e-04	0.00e+00	0.00e+00	0.00e+00	0.00e+00	1.80e-12	3.68e-12	5.40e-53
 6.26585e+14	5.69e-17	6.81e-12	1.14e-07	2.04e-04	9.99e-01	3.01e-04	0.00e+00	4.69e-18	1.41e-17	2.35e-17	2.24e-12	4.57e-12	1.18e-52
 6.50418e+14	7.61e-17	8.48e-12	1.33e-07	2.20e-04	1.00e+00	2.79e-04	0.00e+00	6.26e-18	1.88e-17	3.14e-17	2.78e-12	5.70e-12	2.63e-52
 6.75715e+14	1.02e-16	1.06e-11	1.55e-07	2.38e-04	1.00e+00	2.57e-04	0.00e+00	8.37e-18	2.51e-17	4.20e-17	3.48e-12	7.12e-12	5.87e-52
 6.96870e+14	1.28e-16	1.27e-11	1.75e-07	2.54e-04	1.00e+00	2.41e-04	0.00e+00	1.06e-17	3.18e-17	5.31e-17	4.16e-12	8.52e-12	1.12e-51
 7.13161e+14	1.53e-16	1.45e-11	1.92e-07	2.67e-04	1.00e+00	2.29e-04	0.00e+00	1.26e-17	3.78e-17	6.32e-17	4.75e-12	9.74e-12	1.82e-51
 7.30790e+14	1.84e-16	1.67e-11	2.13e-07	2.81e-04	1.00e+00	2.18e-04	0.00e+00	1.52e-17	4.55e-17	7.61e-17	5.48e-12	1.12e-11	3.04e-51
 7.53707e+14	2.32e-16	2.00e-11	2.41e-07	3.01e-04	9.99e-01	2.04e-04	0.00e+00	1.91e-17	5.74e-17	9.59e-17	6.55e-12	1.34e-11	5.79e-51
 7.78616e+14	2.96e-16	2.41e-11	2.75e-07	3.23e-04	9.99e-01	1.90e-04	0.00e+00	2.44e-17	7.32e-17	1.22e-16	7.90e-12	1.62e-11	1.14e-50
 8.01163e+14	3.65e-16	2.84e-11	3.09e-07	3.43e-04	9.99e-01	1.78e-04	0.00e+00	3.02e-17	9.06e-17	1.51e-16	9.31e-12	1.91e-11	2.06e-50
 8.25521e+14	4.56e-16	3.37e-11	3.49e-07	3.67e-04	9.99e-01	1.67e-04	0.00e+00	3.77e-17	1.13e-16	1.89e-16	1.10e-11	2.27e-11	3.82e-50
 8.56090e+14	5.96e-16	4.16e-11	4.06e-07	3.97e-04	9.99e-01	1.54e-04	0.00e+00	4.93e-17	1.48e-16	2.47e-16	1.36e-11	2.80e-11	8.10e-50
 8.86824e+14	7.72e-16	5.09e-11	4.69e-07	4.29e-04	9.99e-01	1.43e-04	0.00e+00	6.38e-17	1.92e-16	3.20e-16	1.66e-11	3.42e-11	1.67e-49
 9.12964e+14	9.54e-16	6.00e-11	5.28e-07	4.58e-04	9.99e-01	1.34e-04	0.00e+00	7.90e-17	2.37e-16	3.96e-16	1.96e-11	4.04e-11	3.05e-49
 9.41040e+14	1.18e-15	7.12e-11	5.98e-07	4.90e-04	9.99e-01	1.26e-04	0.00e+00	9.81e-17	2.95e-16	4.92e-16	2.33e-11	4.79e-11	5.62e-49
 9.76063e+14	1.54e-15	8.76e-11	6.94e-07	5.31e-04	9.99e-01	1.16e-04	0.00e+00	1.28e-16	3.84e-16	6.42e-16	2.87e-11	5.90e-11	1.19e-48
 1.01218e+15	2.00e-15	1.07e-10	8.06e-07	5.77e-04	9.99e-01	1.07e-04	0.00e+00	1.66e-16	4.98e-16	8.32e-16	3.51e-11	7.23e-11	2.49e-48
 1.04432e+15	2.49e-15	1.28e-10	9.16e-07	6.19e-04	9.99e-01	9.97e-05	0.00e+00	2.07e-16	6.22e-16	1.04e-15	4.19e-11	8.62e-11	4.70e-48
 1.07923e+15	3.13e-15	1.54e-10	1.05e-06	6.67e-04	9.99e-01	9.26e-05	0.00e+00	2.60e-16	7.81e-16	1.31e-15	5.02e-11	1.03e-10	9.08e-48
 1.12095e+15	4.08e-15	1.90e-10	1.22e-06	7.26e-04	9.99e-01	8.51e-05	0.00e+00	3.40e-16	1.02e-15	1.71e-15	6.21e-11	1.28e-10	1.97e-47
 1.16207e+15	5.24e-15	2.32e-10	1.42e-06	7.88e-04	9.99e-01	7.85e-05	0.00e+00	4.37e-16	1.31e-15	2.19e-15	7.57e-11	1.56e-10	4.08e-47
 1.19897e+15	6.48e-15	2.75e-10	1.61e-06	8.46e-04	9.99e-01	7.31e-05	0.00e+00	5.40e-16	1.62e-15	2.71e-15	8.99e-11	1.85e-10	7.64e-47
 1.23982e+15	8.15e-15	3.31e-10	1.85e-06	9.13e-04	9.99e-01	6.78e-05	0.00e+00	6.81e-16	2.04e-15	3.42e-15	1.08e-10	2.23e-10	1.51e-46
 1.28818e+15	1.06e-14	4.08e-10	2.16e-06	9.97e-04	9.99e-01	6.22e-05	0.00e+00	8.83e-16	2.65e-15	4.43e-15	1.33e-10	2.74e-10	3.27e-46
 1.33604e+15	1.35e-14	4.97e-10	2.50e-06	1.08e-03	9.99e-01	5.73e-05	0.00e+00	1.13e-15	3.39e-15	5.67e-15	1.63e-10	3.35e-10	6.83e-46
 1.38016e+15	1.68e-14	5.93e-10	2.85e-06	1.17e-03	9.99e-01	5.33e-05	0.00e+00	1.41e-15	4.22e-15	7.05e-15	1.94e-10	3.99e-10	1.32e-45
 1.42968e+15	2.12e-14	7.18e-10	3.29e-06	1.27e-03	9.99e-01	4.92e-05	0.00e+00	1.78e-15	5.34e-15	8.93e-15	2.35e-10	4.83e-10	2.70e-45
 1.48683e+15	2.66e-14	8.87e-10	3.86e-06	1.39e-03	9.99e-01	4.50e-05	0.00e+00	2.23e-15	6.70e-15	1.12e-14	2.90e-10	5.97e-10	5.90e-45
 1.54271e+15	3.37e-14	1.08e-09	4.48e-06	1.51e-03	9.98e-01	4.14e-05	0.00e+00	2.84e-15	8.51e-15	1.42e-14	3.54e-10	7.28e-10	1.25e-44
 1.59610e+15	4.19e-14	1.30e-09	5.14e-06	1.63e-03	9.98e-01	3.84e-05	0.00e+00	3.53e-15	1.06e-14	1.77e-14	4.25e-10	8.75e-10	2.50e-44
 1.65524e+15	5.28e-14	1.58e-09	5.95e-06	1.77e-03	9.98e-01	3.54e-05	0.00e+00	4.46e-15	1.34e-14	2.24e-14	5.17e-10	1.06e-09	5.27e-44
 1.71093e+15	6.50e-14	1.89e-09	6.80e-06	1.91e-03	9.98e-01	3.28e-05	0.00e+00	5.49e-15	1.65e-14	2.76e-14	6.18e-10	1.27e-09	1.04e-43
 1.75281e+15	7.57e-14	2.15e-09	7.49e-06	2.02e-03	9.98e-01	3.11e-05	0.00e+00	6.41e-15	1.92e-14	3.21e-14	7.04e-10	1.45e-09	1.70e-43
 1.79572e+15	8.81e-14	2.45e-09	8.25e-06	2.14e-03	9.98e-01	2.95e-05	0.00e+00	7.46e-15	2.24e-14	3.74e-14	8.02e-10	1.65e-09	2.79e-43
 1.85149e+15	1.07e-13	2.88e-09	9.33e-06	2.29e-03	9.98e-01	2.75e-05	0.00e+00	9.04e-15	2.71e-14	4.53e-14	9.44e-10	1.94e-09	5.24e-43
 1.91176e+15	1.30e-13	3.42e-09	1.06e-05	2.47e-03	9.97e-01	2.56e-05	0.00e+00	1.10e-14	3.31e-14	5.53e-14	1.12e-09	2.30e-09	1.03e-42
 1.96580e+15	1.54e-13	3.97e-09	1.19e-05	2.63e-03	9.97e-01	2.41e-05	0.00e+00	1.31e-14	3.93e-14	6.57e-14	1.30e-09	2.67e-09	1.83e-42
 2.02401e+15	1.85e-13	4.64e-09	1.33e-05	2.81e-03	9.97e-01	2.26e-05	0.00e+00	1.57e-14	4.72e-14	7.88e-14	1.52e-09	3.12e-09	3.38e-42
 2.09806e+15	2.30e-13	5.64e-09	1.54e-05	3.05e-03	9.97e-01	2.09e-05	0.00e+00	1.96e-14	5.89e-14	9.83e-14	1.85e-09	3.79e-09	7.27e-42
 2.17279e+15	2.84e-13	6.81e-09	1.77e-05	3.31e-03	9.97e-01	1.93e-05	0.00e+00	2.42e-14	7.28e-14	1.22e-13	2.23e-09	4.57e-09	1.53e-41
 2.23547e+15	3.37e-13	7.93e-09	1.98e-05	3.53e-03	9.96e-01	1.82e-05	0.00e+00	2.88e-14	8.64e-14	1.44e-13	2.60e-09	5.33e-09	2.80e-41
 2.30241e+15	4.03e-13	9.29e-09	2.23e-05	3.78e-03	9.96e-01	1.71e-05	0.00e+00	3.44e-14	1.03e-13	1.73e-13	3.05e-09	6.24e-09	5.27e-41
 2.38706e+15	5.02e-13	1.13e-08	2.58e-05	4.10e-03	9.96e-01	1.58e-05	0.00e+00	4.30e-14	1.29e-13	2.15e-13	3.71e-09	7.59e-09	1.14e-40
 2.47609e+15	6.23e-13	1.38e-08	2.98e-05	4.46e-03	9.95e-01	1.46e-05	0.00e+00	5.34e-14	1.60e-13	2.68e-13	4.52e-09	9.25e-09	2.48e-40
 2.55633e+15	7.53e-13	1.63e-08	3.38e-05	4.79e-03	9.95e-01	1.37e-05	0.00e+00	6.46e-14	1.94e-13	3.24e-13	5.37e-09	1.10e-08	4.87e-40
 2.64379e+15	9.20e-13	1.96e-08	3.87e-05	5.17e-03	9.95e-01	1.27e-05	0.00e+00	7.91e-14	2.37e-13	3.96e-13	6.45e-09	1.32e-08	1.01e-39
 2.74710e+15	1.15e-12	2.42e-08	4.51e-05	5.64e-03	9.94e-01	1.18e-05	0.00e+00	9.91e-14	2.97e-13	4.97e-13	7.96e-09	1.62e-08	2.30e-39
 2.84820e+15	1.42e-12	2.95e-08	5.21e-05	6.13e-03	9.94e-01	1.09e-05	0.00e+00	1.22e-13	3.67e-13	6.12e-13	9.69e-09	1.98e-08	4.98e-39
 2.94029e+15	1.71e-12	3.50e-08	5.91e-05	6.58e-03	9.93e-01	1.03e-05	0.00e+00	1.48e-13	4.44e-13	7.41e-13	1.15e-08	2.35e-08	9.82e-39
 3.04349e+15	2.10e-12	4.23e-08	6.78e-05	7.12e-03	9.93e-01	9.58e-06	0.00e+00	1.81e-13	5.44e-13	9.07e-13	1.39e-08	2.84e-08	2.06e-38
 3.16387e+15	2.63e-12	5.23e-08	7.91e-05	7.77e-03	9.92e-01	8.87e-06	0.00e+00	2.27e-13	6.83e-13	1.14e-12	1.72e-08	3.51e-08	4.72e-38
 3.28240e+15	3.25e-12	6.41e-08	9.17e-05	8.44e-03	9.91e-01	8.28e-06	0.00e+00	2.81e-13	8.45e-13	1.41e-12	2.11e-08	4.30e-08	1.03e-37
 3.39409e+15	3.94e-12	7.71e-08	1.05e-04	9.10e-03	9.91e-01	7.78e-06	0.00e+00	3.41e-13	1.02e-12	1.71e-12	2.54e-08	5.17e-08	2.08e-37
 3.51829e+15	4.84e-12	9.41e-08	1.21e-04	9.88e-03	9.90e-01	7.28e-06	0.00e+00	4.20e-13	1.26e-12	2.11e-12	3.10e-08	6.31e-08	4.47e-37
 3.63661e+15	5.83e-12	1.13e-07	1.38e-04	1.06e-02	9.89e-01	6.87e-06	0.00e+00	5.06e-13	1.52e-12	2.54e-12	3.72e-08	7.57e-08	8.94e-37
 3.72475e+15	6.57e-12	1.29e-07	1.52e-04	1.12e-02	9.89e-01	6.61e-06	0.00e+00	5.71e-13	1.71e-12	2.86e-12	4.25e-08	8.64e-08	1.48e-36
 3.81404e+15	7.54e-12	1.47e-07	1.67e-04	1.19e-02	9.88e-01	6.34e-06	0.00e+00	6.56e-13	1.97e-12	3.29e-12	4.85e-08	9.86e-08	2.42e-36
 3.93011e+15	9.03e-12	1.74e-07	1.88e-04	1.27e-02	9.87e-01	6.02e-06	0.00e+00	7.87e-13	2.36e-12	3.94e-12	5.73e-08	1.16e-07	4.55e-36
 4.05607e+15	1.08e-11	2.07e-07	2.14e-04	1.36e-02	9.86e-01	5.72e-06	0.00e+00	9.43e-13	2.83e-12	4.72e-12	6.83e-08	1.39e-07	8.75e-36
 4.16931e+15	1.27e-11	2.41e-07	2.39e-04	1.45e-02	9.85e-01	5.48e-06	0.00e+00	1.11e-12	3.32e-12	5.55e-12	7.97e-08	1.62e-07	1.54e-35
 4.29090e+15	1.50e-11	2.83e-07	2.68e-04	1.55e-02	9.84e-01	5.24e-06	0.00e+00	1.31e-12	3.94e-12	6.57e-12	9.36e-08	1.90e-07	2.79e-35
 4.44684e+15	1.86e-11	3.47e-07	3.10e-04	1.68e-02	9.83e-01	4.98e-06	0.00e+00	1.62e-12	4.87e-12	8.13e-12	1.14e-07	2.32e-07	5.86e-35
 4.60404e+15	2.27e-11	4.20e-07	3.56e-04	1.81e-02	9.82e-01	4.72e-06	0.00e+00	1.99e-12	5.97e-12	9.95e-12	1.39e-07	2.81e-07	1.18e-34
 4.73367e+15	2.66e-11	4.92e-07	3.98e-04	1.93e-02	9.80e-01	4.57e-06	0.00e+00	2.33e-12	7.00e-12	1.17e-11	1.62e-07	3.29e-07	2.08e-34
 4.87081e+15	3.17e-11	5.79e-07	4.47e-04	2.06e-02	9.79e-01	4.39e-06	0.00e+00	2.78e-12	8.35e-12	1.39e-11	1.91e-07	3.87e-07	3.75e-34
 5.04731e+15	3.94e-11	7.08e-07	5.17e-04	2.23e-02	9.77e-01	4.18e-06	0.00e+00	3.46e-12	1.04e-11	1.73e-11	2.34e-07	4.74e-07	7.77e-34
 5.23169e+15	4.87e-11	8.68e-07	5.98e-04	2.42e-02	9.75e-01	4.00e-06	0.00e+00	4.28e-12	1.28e-11	2.14e-11	2.87e-07	5.81e-07	1.59e-33
 5.39191e+15	5.83e-11	1.03e-06	6.76e-04	2.59e-02	9.73e-01	3.88e-06	0.00e+00	5.13e-12	1.54e-11	2.57e-11	3.41e-07	6.90e-07	2.91e-33
 5.56398e+15	7.10e-11	1.24e-06	7.69e-04	2.79e-02	9.71e-01	3.74e-06	0.00e+00	6.25e-12	1.88e-11	3.13e-11	4.09e-07	8.27e-07	5.48e-33
 5.77447e+15	8.96e-11	1.53e-06	8.96e-04	3.04e-02	9.69e-01	3.60e-06	0.00e+00	7.90e-12	2.37e-11	3.96e-11	5.07e-07	1.02e-06	1.15e-32
 5.98231e+15	1.11e-10	1.87e-06	1.03e-03	3.29e-02	9.66e-01	3.46e-06	0.00e+00	9.76e-12	2.93e-11	4.89e-11	6.19e-07	1.25e-06	2.29e-32
 6.16199e+15	1.33e-10	2.22e-06	1.17e-03	3.53e-02	9.64e-01	3.38e-06	0.00e+00	1.18e-11	3.53e-11	5.89e-11	7.34e-07	1.48e-06	4.06e-32
 6.35769e+15	1.64e-10	2.66e-06	1.33e-03	3.79e-02	9.61e-01	3.28e-06	0.00e+00	1.45e-11	4.34e-11	7.25e-11	8.82e-07	1.78e-06	7.55e-32
 6.59768e+15	2.06e-10	3.30e-06	1.55e-03	4.13e-02	9.57e-01	3.17e-06	0.00e+00	1.83e-11	5.48e-11	9.14e-11	1.09e-06	2.21e-06	1.55e-31
 6.83122e+15	2.56e-10	4.03e-06	1.79e-03	4.48e-02	9.53e-01	3.08e-06	0.00e+00	2.27e-11	6.82e-11	1.14e-10	1.33e-06	2.69e-06	2.91e-31
 7.01018e+15	3.02e-10	4.67e-06	1.99e-03	4.77e-02	9.50e-01	3.03e-06	0.00e+00	2.68e-11	8.04e-11	1.34e-10	1.55e-06	3.12e-06	4.70e-31
 7.18222e+15	3.55e-10	5.39e-06	2.21e-03	5.05e-02	9.47e-01	2.98e-06	0.00e+00	3.16e-11	9.47e-11	1.58e-10	1.79e-06	3.60e-06	7.52e-31
 7.40589e+15	4.38e-10	6.47e-06	2.52e-03	5.43e-02	9.43e-01	2.91e-06	0.00e+00	3.89e-11	1.17e-10	1.95e-10	2.15e-06	4.33e-06	1.36e-30
 7.63253e+15	5.26e-10	7.69e-06	2.86e-03	5.84e-02	9.39e-01	2.84e-06	0.00e+00	4.68e-11	1.41e-10	2.34e-10	2.55e-06	5.14e-06	2.34e-30
 7.82195e+15	6.24e-10	8.89e-06	3.18e-03	6.19e-02	9.35e-01	2.80e-06	0.00e+00	5.56e-11	1.67e-10	2.78e-10	2.95e-06	5.94e-06	3.67e-30
 8.02710e+15	7.42e-10	1.04e-05	3.56e-03	6.59e-02	9.31e-01	2.75e-06	0.00e+00	6.62e-11	1.99e-10	3.31e-10	3.45e-06	6.94e-06	6.03e-30
 8.25814e+15	8.95e-10	1.23e-05	4.03e-03	7.06e-02	9.25e-01	2.69e-06	0.00e+00	7.99e-11	2.40e-10	4.00e-10	4.08e-06	8.21e-06	1.01e-29
 8.48219e+15	1.08e-09	1.44e-05	4.53e-03	7.55e-02	9.20e-01	2.66e-06	0.00e+00	9.69e-11	2.91e-10	4.85e-10	4.79e-06	9.64e-06	1.65e-29
 8.73280e+15	1.33e-09	1.73e-05	5.16e-03	8.11e-02	9.14e-01	2.60e-06	0.00e+00	1.19e-10	3.56e-10	5.94e-10	5.73e-06	1.15e-05	2.86e-29
 9.00256e+15	1.65e-09	2.07e-05	5.91e-03	8.76e-02	9.07e-01	2.57e-06	0.00e+00	1.48e-10	4.43e-10	7.39e-10	6.88e-06	1.38e-05	4.94e-29
 9.23916e+15	1.96e-09	2.42e-05	6.64e-03	9.34e-02	9.00e-01	2.53e-06	0.00e+00	1.76e-10	5.28e-10	8.80e-10	8.04e-06	1.62e-05	7.76e-29
 9.48868e+15	2.39e-09	2.87e-05	7.53e-03	1.00e-01	8.92e-01	2.48e-06	0.00e+00	2.15e-10	6.44e-10	1.07e-09	9.53e-06	1.92e-05	1.29e-28
 9.76290e+15	2.97e-09	3.43e-05	8.60e-03	1.08e-01	8.84e-01	2.46e-06	0.00e+00	2.67e-10	8.02e-10	1.34e-09	1.14e-05	2.29e-05	2.16e-28
 1.00140e+16	3.56e-09	4.01e-05	9.69e-03	1.15e-01	8.75e-01	2.42e-06	0.00e+00	3.20e-10	9.61e-10	1.60e-09	1.33e-05	2.68e-05	3.35e-28
 1.02853e+16	4.43e-09	4.80e-05	1.11e-02	1.24e-01	8.65e-01	2.38e-06	0.00e+00	4.00e-10	1.20e-09	2.00e-09	1.59e-05	3.20e-05	5.65e-28
 1.05778e+16	5.44e-09	5.74e-05	1.27e-02	1.33e-01	8.54e-01	2.34e-06	0.00e+00	4.91e-10	1.47e-09	2.46e-09	1.91e-05	3.83e-05	9.30e-28
 1.08392e+16	6.58e-09	6.73e-05	1.43e-02	1.42e-01	8.43e-01	2.31e-06	0.00e+00	5.95e-10	1.78e-09	2.97e-09	2.24e-05	4.49e-05	1.44e-27
 1.11205e+16	8.32e-09	8.08e-05	1.65e-02	1.53e-01	8.31e-01	2.29e-06	0.00e+00	7.53e-10	2.26e-09	3.76e-09	2.69e-05	5.39e-05	2.41e-27
 1.14077e+16	1.02e-08	9.59e-05	1.88e-02	1.64e-01	8.17e-01	2.27e-06	0.00e+00	9.25e-10	2.78e-09	4.63e-09	3.19e-05	6.40e-05	3.82e-27
 1.16418e+16	1.21e-08	1.10e-04	2.10e-02	1.74e-01	8.05e-01	2.25e-06	0.00e+00	1.10e-09	3.29e-09	5.49e-09	3.67e-05	7.36e-05	5.54e-27
 1.18851e+16	1.47e-08	1.29e-04	2.36e-02	1.84e-01	7.92e-01	2.23e-06	0.00e+00	1.34e-09	4.01e-09	6.69e-09	4.30e-05	8.61e-05	8.54e-27
 1.21501e+16	1.77e-08	1.51e-04	2.68e-02	1.96e-01	7.77e-01	2.20e-06	0.00e+00	1.61e-09	4.83e-09	8.06e-09	5.04e-05	1.01e-04	1.30e-26
 1.23896e+16	2.13e-08	1.75e-04	3.00e-02	2.08e-01	7.62e-01	2.18e-06	0.00e+00	1.93e-09	5.80e-09	9.67e-09	5.84e-05	1.17e-04	1.92e-26
 1.26102e+16	2.57e-08	2.02e-04	3.35e-02	2.20e-01	7.47e-01	2.18e-06	0.00e+00	2.33e-09	7.00e-09	1.17e-08	6.73e-05	1.35e-04	2.80e-26
 1.28263e+16	3.01e-08	2.31e-04	3.72e-02	2.31e-01	7.31e-01	2.16e-06	0.00e+00	2.74e-09	8.22e-09	1.37e-08	7.69e-05	1.54e-04	3.97e-26
 1.30735e+16	3.73e-08	2.74e-04	4.23e-02	2.46e-01	7.12e-01	2.15e-06	0.00e+00	3.40e-09	1.02e-08	1.70e-08	9.11e-05	1.82e-04	6.36e-26
 1.33331e+16	4.63e-08	3.23e-04	4.82e-02	2.61e-01	6.90e-01	2.14e-06	0.00e+00	4.22e-09	1.27e-08	2.11e-08	1.08e-04	2.15e-04	9.79e-26
 1.35544e+16	5.49e-08	3.72e-04	5.40e-02	2.75e-01	6.71e-01	2.13e-06	0.00e+00	5.01e-09	1.50e-08	2.51e-08	1.24e-04	2.48e-04	1.40e-25
 1.37568e+16	6.53e-08	4.27e-04	6.01e-02	2.88e-01	6.51e-01	2.13e-06	0.00e+00	5.97e-09	1.79e-08	2.99e-08	1.42e-04	2.85e-04	2.03e-25
 1.39892e+16	8.15e-08	5.06e-04	6.83e-02	3.05e-01	6.26e-01	2.13e-06	0.00e+00	7.46e-09	2.24e-08	3.73e-08	1.69e-04	3.37e-04	3.28e-25
 1.42300e+16	1.00e-07	5.94e-04	7.77e-02	3.22e-01	6.00e-01	2.13e-06	0.00e+00	9.17e-09	2.75e-08	4.58e-08	1.98e-04	3.96e-04	4.95e-25
 1.44315e+16	1.20e-07	6.86e-04	8.70e-02	3.37e-01	5.75e-01	2.13e-06	0.00e+00	1.10e-08	3.30e-08	5.49e-08	2.28e-04	4.58e-04	7.30e-25
 1.46114e+16	1.45e-07	7.88e-04	9.65e-02	3.52e-01	5.51e-01	2.17e-06	0.00e+00	1.33e-08	3.99e-08	6.65e-08	2.62e-04	5.25e-04	1.08e-24
 1.48136e+16	1.76e-07	9.02e-04	1.08e-01	3.68e-01	5.23e-01	2.14e-06	5.52e-12	1.61e-08	4.84e-08	8.07e-08	3.00e-04	6.01e-04	1.54e-24
 1.50319e+16	2.18e-07	1.08e-03	1.24e-01	3.86e-01	4.89e-01	2.15e-06	0.00e+00	2.00e-08	6.01e-08	1.00e-07	3.61e-04	7.23e-04	2.62e-24
 1.52129e+16	2.62e-07	1.25e-03	1.38e-01	4.01e-01	4.60e-01	2.18e-06	0.00e+00	2.41e-08	7.22e-08	1.20e-07	4.16e-04	8.32e-04	3.90e-24
 1.53593e+16	3.10e-07	1.41e-03	1.51e-01	4.13e-01	4.35e-01	2.22e-06	7.28e-12	2.85e-08	8.56e-08	1.43e-07	4.68e-04	9.37e-04	5.53e-24
 1.55188e+16	3.69e-07	1.58e-03	1.66e-01	4.26e-01	4.06e-01	2.21e-06	0.00e+00	3.40e-08	1.02e-07	1.70e-07	5.27e-04	1.06e-03	7.74e-24
 1.56945e+16	4.49e-07	1.83e-03	1.85e-01	4.41e-01	3.73e-01	2.21e-06	0.00e+00	4.14e-08	1.24e-07	2.07e-07	6.09e-04	1.22e-03	1.19e-23
 1.58463e+16	5.35e-07	2.08e-03	2.04e-01	4.52e-01	3.42e-01	2.23e-06	0.00e+00	4.93e-08	1.48e-07	2.47e-07	6.95e-04	1.39e-03	1.79e-23
 1.59678e+16	6.25e-07	2.37e-03	2.21e-01	4.62e-01	3.15e-01	2.30e-06	0.00e+00	5.77e-08	1.73e-07	2.88e-07	7.91e-04	1.58e-03	2.79e-23
 1.60676e+16	7.01e-07	2.58e-03	2.35e-01	4.68e-01	2.94e-01	2.30e-06	1.20e-11	6.48e-08	1.94e-07	3.24e-07	8.59e-04	1.72e-03	3.59e-23
