#depth	He	He+	He+2
 1.49634e+10	1.45e-22	1.02e-11	1.00e+00
 4.54887e+10	1.64e-22	1.10e-11	1.00e+00
 7.72350e+10	1.85e-22	1.19e-11	1.00e+00
 1.10251e+11	2.08e-22	1.29e-11	1.00e+00
 1.42451e+11	2.33e-22	1.39e-11	1.00e+00
 1.73038e+11	2.59e-22	1.49e-11	1.00e+00
 2.06985e+11	2.89e-22	1.60e-11	1.00e+00
 2.44061e+11	3.27e-22	1.73e-11	1.00e+00
 2.79790e+11	3.66e-22	1.87e-11	1.00e+00
 3.18078e+11	4.11e-22	2.01e-11	1.00e+00
 3.60727e+11	4.68e-22	2.18e-11	1.00e+00
 4.03721e+11	5.31e-22	2.36e-11	1.00e+00
 4.48434e+11	6.03e-22	2.55e-11	1.00e+00
 4.96298e+11	6.88e-22	2.77e-11	1.00e+00
 5.46077e+11	7.87e-22	3.01e-11	1.00e+00
 5.97847e+11	9.01e-22	3.26e-11	1.00e+00
 6.51688e+11	1.03e-21	3.54e-11	1.00e+00
 7.07682e+11	1.18e-21	3.85e-11	1.00e+00
 7.65916e+11	1.36e-21	4.18e-11	1.00e+00
 8.26479e+11	1.57e-21	4.54e-11	1.00e+00
 8.89465e+11	1.80e-21	4.93e-11	1.00e+00
 9.48882e+11	2.06e-21	5.32e-11	1.00e+00
 1.00232e+12	2.30e-21	5.68e-11	1.00e+00
 1.06242e+12	2.60e-21	6.11e-11	1.00e+00
 1.13327e+12	3.00e-21	6.64e-11	1.00e+00
 1.20400e+12	3.44e-21	7.19e-11	1.00e+00
 1.27081e+12	3.90e-21	7.73e-11	1.00e+00
 1.34483e+12	4.46e-21	8.36e-11	1.00e+00
 1.42855e+12	5.18e-21	9.11e-11	1.00e+00
 1.51248e+12	5.98e-21	9.90e-11	1.00e+00
 1.59977e+12	6.89e-21	1.08e-10	1.00e+00
 1.69369e+12	8.01e-21	1.17e-10	1.00e+00
 1.78188e+12	9.20e-21	1.27e-10	1.00e+00
 1.86078e+12	1.03e-20	1.36e-10	1.00e+00
 1.94950e+12	1.17e-20	1.47e-10	1.00e+00
 2.05460e+12	1.36e-20	1.60e-10	1.00e+00
 2.15964e+12	1.57e-20	1.74e-10	1.00e+00
 2.25788e+12	1.78e-20	1.87e-10	1.00e+00
 2.36713e+12	2.04e-20	2.03e-10	1.00e+00
 2.49174e+12	2.38e-20	2.23e-10	1.00e+00
 2.61411e+12	2.75e-20	2.43e-10	1.00e+00
 2.74137e+12	3.16e-20	2.65e-10	1.00e+00
 2.88095e+12	3.67e-20	2.90e-10	1.00e+00
 3.02135e+12	4.25e-20	3.17e-10	1.00e+00
 3.16738e+12	4.90e-20	3.47e-10	1.00e+00
 3.32400e+12	5.69e-20	3.81e-10	1.00e+00
 3.47947e+12	6.55e-20	4.17e-10	1.00e+00
 3.64115e+12	7.52e-20	4.56e-10	1.00e+00
 3.81672e+12	8.71e-20	5.02e-10	1.00e+00
 3.99932e+12	1.01e-19	5.52e-10	1.00e+00
 4.18922e+12	1.16e-19	6.08e-10	1.00e+00
 4.38671e+12	1.34e-19	6.69e-10	1.00e+00
 4.59211e+12	1.54e-19	7.37e-10	1.00e+00
 4.77833e+12	1.74e-19	8.03e-10	1.00e+00
 4.93425e+12	1.91e-19	8.60e-10	1.00e+00
 5.10539e+12	2.12e-19	9.26e-10	1.00e+00
 5.32112e+12	2.40e-19	1.01e-09	1.00e+00
 5.54564e+12	2.73e-19	1.11e-09	1.00e+00
 5.73818e+12	3.02e-19	1.20e-09	1.00e+00
 5.93835e+12	3.35e-19	1.29e-09	1.00e+00
 6.18748e+12	3.79e-19	1.42e-09	1.00e+00
 6.43973e+12	4.29e-19	1.55e-09	1.00e+00
 6.65969e+12	4.75e-19	1.67e-09	1.00e+00
 6.89821e+12	5.28e-19	1.81e-09	1.00e+00
 7.18865e+12	6.00e-19	1.98e-09	1.00e+00
 7.48421e+12	6.79e-19	2.17e-09	1.00e+00
 7.75548e+12	7.57e-19	2.35e-09	1.00e+00
 8.05753e+12	8.52e-19	2.56e-09	1.00e+00
 8.40778e+12	9.75e-19	2.82e-09	1.00e+00
 8.75330e+12	1.11e-18	3.08e-09	1.00e+00
 9.08419e+12	1.25e-18	3.35e-09	1.00e+00
 9.44903e+12	1.42e-18	3.66e-09	1.00e+00
 9.85692e+12	1.63e-18	4.02e-09	1.00e+00
 1.02277e+13	1.85e-18	4.37e-09	1.00e+00
 1.05398e+13	2.05e-18	4.67e-09	1.00e+00
 1.08830e+13	2.29e-18	5.01e-09	1.00e+00
 1.12704e+13	2.59e-18	5.41e-09	1.00e+00
 1.16412e+13	2.90e-18	5.81e-09	1.00e+00
 1.20493e+13	3.28e-18	6.27e-09	1.00e+00
 1.25027e+13	3.75e-18	6.80e-09	1.00e+00
 1.29276e+13	4.24e-18	7.31e-09	1.00e+00
 1.33926e+13	4.83e-18	7.90e-09	1.00e+00
 1.39156e+13	5.57e-18	8.58e-09	1.00e+00
 1.44152e+13	6.36e-18	9.27e-09	1.00e+00
 1.49626e+13	7.33e-18	1.00e-08	1.00e+00
 1.55427e+13	8.48e-18	1.09e-08	1.00e+00
 1.60503e+13	9.60e-18	1.17e-08	1.00e+00
 1.65922e+13	1.09e-17	1.26e-08	1.00e+00
 1.72515e+13	1.27e-17	1.37e-08	1.00e+00
 1.79081e+13	1.47e-17	1.48e-08	1.00e+00
 1.84875e+13	1.67e-17	1.58e-08	1.00e+00
 1.91219e+13	1.91e-17	1.70e-08	1.00e+00
 1.98850e+13	2.23e-17	1.85e-08	1.00e+00
 2.06484e+13	2.59e-17	2.01e-08	1.00e+00
 2.13429e+13	2.96e-17	2.15e-08	1.00e+00
 2.21149e+13	3.41e-17	2.32e-08	1.00e+00
 2.30172e+13	4.01e-17	2.53e-08	1.00e+00
 2.39071e+13	4.67e-17	2.74e-08	1.00e+00
 2.47490e+13	5.37e-17	2.95e-08	1.00e+00
 2.56854e+13	6.24e-17	3.19e-08	1.00e+00
 2.67427e+13	7.35e-17	3.47e-08	1.00e+00
 2.78053e+13	8.60e-17	3.76e-08	1.00e+00
 2.89103e+13	1.01e-16	4.08e-08	1.00e+00
 3.00967e+13	1.19e-16	4.44e-08	1.00e+00
 3.13304e+13	1.40e-16	4.83e-08	1.00e+00
 3.25059e+13	1.62e-16	5.21e-08	1.00e+00
 3.35788e+13	1.85e-16	5.58e-08	1.00e+00
 3.45910e+13	2.09e-16	5.93e-08	1.00e+00
 3.57082e+13	2.37e-16	6.33e-08	1.00e+00
 3.69608e+13	2.73e-16	6.80e-08	1.00e+00
 3.81459e+13	3.10e-16	7.25e-08	1.00e+00
 3.94430e+13	3.54e-16	7.77e-08	1.00e+00
 4.08974e+13	4.10e-16	8.37e-08	1.00e+00
 4.22472e+13	4.68e-16	8.94e-08	1.00e+00
 4.34985e+13	5.26e-16	9.49e-08	1.00e+00
 4.49314e+13	5.99e-16	1.01e-07	1.00e+00
 4.66711e+13	6.98e-16	1.09e-07	1.00e+00
 4.83888e+13	8.07e-16	1.18e-07	1.00e+00
 4.98934e+13	9.12e-16	1.25e-07	1.00e+00
 5.15416e+13	1.04e-15	1.34e-07	1.00e+00
 5.35376e+13	1.21e-15	1.44e-07	1.00e+00
 5.55397e+13	1.40e-15	1.56e-07	1.00e+00
 5.73487e+13	1.59e-15	1.66e-07	1.00e+00
 5.93529e+13	1.82e-15	1.78e-07	1.00e+00
 6.17104e+13	2.13e-15	1.92e-07	1.00e+00
 6.40392e+13	2.47e-15	2.07e-07	1.00e+00
 6.62161e+13	2.82e-15	2.21e-07	1.00e+00
 6.86497e+13	3.25e-15	2.38e-07	1.00e+00
 7.14256e+13	3.80e-15	2.57e-07	1.00e+00
 7.41804e+13	4.42e-15	2.78e-07	1.00e+00
 7.70454e+13	5.13e-15	2.99e-07	1.00e+00
 8.01571e+13	6.01e-15	3.24e-07	1.00e+00
 8.33933e+13	7.03e-15	3.51e-07	1.00e+00
 8.65259e+13	8.13e-15	3.78e-07	1.00e+00
 8.94697e+13	9.29e-15	4.04e-07	1.00e+00
 9.27645e+13	1.07e-14	4.34e-07	1.00e+00
 9.60860e+13	1.23e-14	4.66e-07	1.00e+00
 9.88410e+13	1.38e-14	4.93e-07	1.00e+00
 1.01756e+14	1.55e-14	5.23e-07	1.00e+00
 1.05486e+14	1.79e-14	5.62e-07	1.00e+00
 1.09401e+14	2.06e-14	6.05e-07	1.00e+00
 1.12857e+14	2.34e-14	6.44e-07	1.00e+00
 1.16591e+14	2.66e-14	6.88e-07	1.00e+00
 1.21091e+14	3.09e-14	7.43e-07	1.00e+00
 1.25657e+14	3.59e-14	8.01e-07	1.00e+00
 1.29925e+14	4.10e-14	8.58e-07	1.00e+00
 1.34671e+14	4.73e-14	9.23e-07	1.00e+00
 1.39715e+14	5.48e-14	9.96e-07	1.00e+00
 1.44199e+14	6.22e-14	1.06e-06	1.00e+00
 1.49019e+14	7.10e-14	1.14e-06	1.00e+00
 1.54793e+14	8.27e-14	1.23e-06	1.00e+00
 1.60472e+14	9.55e-14	1.32e-06	1.00e+00
 1.65529e+14	1.08e-13	1.41e-06	1.00e+00
 1.71113e+14	1.24e-13	1.51e-06	1.00e+00
 1.77769e+14	1.44e-13	1.64e-06	1.00e+00
 1.84372e+14	1.67e-13	1.77e-06	1.00e+00
 1.90403e+14	1.89e-13	1.89e-06	1.00e+00
 1.97140e+14	2.18e-13	2.03e-06	1.00e+00
 2.04982e+14	2.54e-13	2.20e-06	1.00e+00
 2.12684e+14	2.94e-13	2.37e-06	1.00e+00
 2.19962e+14	3.36e-13	2.54e-06	1.00e+00
 2.28059e+14	3.88e-13	2.74e-06	1.00e+00
 2.37212e+14	4.52e-13	2.97e-06	1.00e+00
 2.46382e+14	5.25e-13	3.21e-06	1.00e+00
 2.54987e+14	6.00e-13	3.45e-06	1.00e+00
 2.64285e+14	6.90e-13	3.71e-06	1.00e+00
 2.74676e+14	8.02e-13	4.02e-06	1.00e+00
 2.84402e+14	9.16e-13	4.31e-06	1.00e+00
 2.93420e+14	1.03e-12	4.60e-06	1.00e+00
 3.02111e+14	1.16e-12	4.88e-06	1.00e+00
 3.11776e+14	1.30e-12	5.20e-06	1.00e+00
 3.22474e+14	1.48e-12	5.57e-06	1.00e+00
 3.32443e+14	1.67e-12	5.93e-06	1.00e+00
 3.43328e+14	1.88e-12	6.33e-06	1.00e+00
 3.55587e+14	2.15e-12	6.80e-06	1.00e+00
 3.67249e+14	2.42e-12	7.26e-06	1.00e+00
 3.80028e+14	2.76e-12	7.79e-06	1.00e+00
 3.94109e+14	3.16e-12	8.39e-06	1.00e+00
 4.07051e+14	3.57e-12	8.96e-06	1.00e+00
 4.21041e+14	4.05e-12	9.60e-06	1.00e+00
 4.36708e+14	4.64e-12	1.03e-05	1.00e+00
 4.51471e+14	5.24e-12	1.11e-05	1.00e+00
 4.67578e+14	5.97e-12	1.19e-05	1.00e+00
 4.85469e+14	6.87e-12	1.28e-05	1.00e+00
 5.02157e+14	7.78e-12	1.38e-05	1.00e+00
 5.20274e+14	8.87e-12	1.48e-05	1.00e+00
 5.40557e+14	1.02e-11	1.60e-05	1.00e+00
 5.59825e+14	1.16e-11	1.72e-05	1.00e+00
 5.80423e+14	1.33e-11	1.85e-05	1.00e+00
 6.03669e+14	1.54e-11	2.01e-05	1.00e+00
 6.26585e+14	1.78e-11	2.18e-05	1.00e+00
 6.50418e+14	2.04e-11	2.35e-05	1.00e+00
 6.75715e+14	2.36e-11	2.55e-05	1.00e+00
 6.96870e+14	2.65e-11	2.72e-05	1.00e+00
 7.13161e+14	2.90e-11	2.85e-05	1.00e+00
 7.30790e+14	3.18e-11	3.01e-05	1.00e+00
 7.53707e+14	3.59e-11	3.21e-05	1.00e+00
 7.78616e+14	4.07e-11	3.44e-05	1.00e+00
 8.01163e+14	4.55e-11	3.66e-05	1.00e+00
 8.25521e+14	5.12e-11	3.91e-05	1.00e+00
 8.56090e+14	5.91e-11	4.23e-05	1.00e+00
 8.86824e+14	6.81e-11	4.57e-05	1.00e+00
 9.12964e+14	7.64e-11	4.87e-05	1.00e+00
 9.41040e+14	8.65e-11	5.21e-05	1.00e+00
 9.76063e+14	1.00e-10	5.65e-05	1.00e+00
 1.01218e+15	1.16e-10	6.12e-05	1.00e+00
 1.04432e+15	1.32e-10	6.56e-05	1.00e+00
 1.07923e+15	1.52e-10	7.07e-05	1.00e+00
 1.12095e+15	1.78e-10	7.69e-05	1.00e+00
 1.16207e+15	2.06e-10	8.34e-05	1.00e+00
 1.19897e+15	2.36e-10	8.95e-05	1.00e+00
 1.23982e+15	2.71e-10	9.64e-05	1.00e+00
 1.28818e+15	3.19e-10	1.05e-04	1.00e+00
 1.33604e+15	3.73e-10	1.14e-04	1.00e+00
 1.38016e+15	4.28e-10	1.23e-04	1.00e+00
 1.42968e+15	4.98e-10	1.33e-04	1.00e+00
 1.48683e+15	5.89e-10	1.45e-04	1.00e+00
 1.54271e+15	6.90e-10	1.58e-04	1.00e+00
 1.59610e+15	7.99e-10	1.71e-04	1.00e+00
 1.65524e+15	9.36e-10	1.85e-04	1.00e+00
 1.71093e+15	1.08e-09	2.00e-04	1.00e+00
 1.75281e+15	1.20e-09	2.11e-04	1.00e+00
 1.79572e+15	1.33e-09	2.23e-04	1.00e+00
 1.85149e+15	1.52e-09	2.39e-04	1.00e+00
 1.91176e+15	1.75e-09	2.57e-04	1.00e+00
 1.96580e+15	1.97e-09	2.73e-04	1.00e+00
 2.02401e+15	2.24e-09	2.92e-04	1.00e+00
 2.09806e+15	2.61e-09	3.16e-04	1.00e+00
 2.17279e+15	3.04e-09	3.42e-04	1.00e+00
 2.23547e+15	3.44e-09	3.64e-04	1.00e+00
 2.30241e+15	3.91e-09	3.89e-04	1.00e+00
 2.38706e+15	4.58e-09	4.21e-04	1.00e+00
 2.47609e+15	5.36e-09	4.57e-04	1.00e+00
 2.55633e+15	6.15e-09	4.90e-04	1.00e+00
 2.64379e+15	7.11e-09	5.28e-04	9.99e-01
 2.74710e+15	8.39e-09	5.75e-04	9.99e-01
 2.84820e+15	9.80e-09	6.22e-04	9.99e-01
 2.94029e+15	1.12e-08	6.67e-04	9.99e-01
 3.04349e+15	1.30e-08	7.19e-04	9.99e-01
 3.16387e+15	1.54e-08	7.83e-04	9.99e-01
 3.28240e+15	1.80e-08	8.48e-04	9.99e-01
 3.39409e+15	2.07e-08	9.11e-04	9.99e-01
 3.51829e+15	2.41e-08	9.85e-04	9.99e-01
 3.63661e+15	2.77e-08	1.06e-03	9.99e-01
 3.72475e+15	3.07e-08	1.11e-03	9.99e-01
 3.81404e+15	3.39e-08	1.17e-03	9.99e-01
 3.93011e+15	3.85e-08	1.25e-03	9.99e-01
 4.05607e+15	4.39e-08	1.34e-03	9.99e-01
 4.16931e+15	4.91e-08	1.42e-03	9.99e-01
 4.29090e+15	5.54e-08	1.51e-03	9.98e-01
 4.44684e+15	6.43e-08	1.62e-03	9.98e-01
 4.60404e+15	7.42e-08	1.75e-03	9.98e-01
 4.73367e+15	8.32e-08	1.85e-03	9.98e-01
 4.87081e+15	9.38e-08	1.97e-03	9.98e-01
 5.04731e+15	1.09e-07	2.12e-03	9.98e-01
 5.23169e+15	1.26e-07	2.29e-03	9.98e-01
 5.39191e+15	1.43e-07	2.44e-03	9.98e-01
 5.56398e+15	1.63e-07	2.60e-03	9.97e-01
 5.77447e+15	1.90e-07	2.81e-03	9.97e-01
 5.98231e+15	2.19e-07	3.03e-03	9.97e-01
 6.16199e+15	2.48e-07	3.22e-03	9.97e-01
 6.35769e+15	2.82e-07	3.44e-03	9.97e-01
 6.59768e+15	3.29e-07	3.72e-03	9.96e-01
 6.83122e+15	3.78e-07	4.00e-03	9.96e-01
 7.01018e+15	4.19e-07	4.22e-03	9.96e-01
 7.18222e+15	4.64e-07	4.45e-03	9.96e-01
 7.40589e+15	5.28e-07	4.76e-03	9.95e-01
 7.63253e+15	5.95e-07	5.07e-03	9.95e-01
 7.82195e+15	6.57e-07	5.34e-03	9.95e-01
 8.02710e+15	7.33e-07	5.65e-03	9.94e-01
 8.25814e+15	8.24e-07	6.02e-03	9.94e-01
 8.48219e+15	9.19e-07	6.38e-03	9.94e-01
 8.73280e+15	1.04e-06	6.82e-03	9.93e-01
 9.00256e+15	1.18e-06	7.31e-03	9.93e-01
 9.23916e+15	1.31e-06	7.75e-03	9.92e-01
 9.48868e+15	1.48e-06	8.28e-03	9.92e-01
 9.76290e+15	1.67e-06	8.87e-03	9.91e-01
 1.00140e+16	1.85e-06	9.43e-03	9.91e-01
 1.02853e+16	2.10e-06	1.01e-02	9.90e-01
 1.05778e+16	2.37e-06	1.09e-02	9.89e-01
 1.08392e+16	2.65e-06	1.16e-02	9.88e-01
 1.11205e+16	3.00e-06	1.26e-02	9.87e-01
 1.14077e+16	3.38e-06	1.35e-02	9.86e-01
 1.16418e+16	3.73e-06	1.44e-02	9.86e-01
 1.18851e+16	4.17e-06	1.54e-02	9.85e-01
 1.21501e+16	4.67e-06	1.66e-02	9.83e-01
 1.23896e+16	5.20e-06	1.79e-02	9.82e-01
 1.26102e+16	5.76e-06	1.91e-02	9.81e-01
 1.28263e+16	6.36e-06	2.05e-02	9.80e-01
 1.30735e+16	7.24e-06	2.23e-02	9.78e-01
 1.33331e+16	8.22e-06	2.43e-02	9.76e-01
 1.35544e+16	9.18e-06	2.63e-02	9.74e-01
 1.37568e+16	1.03e-05	2.85e-02	9.72e-01
 1.39892e+16	1.18e-05	3.14e-02	9.69e-01
 1.42300e+16	1.35e-05	3.47e-02	9.65e-01
 1.44315e+16	1.53e-05	3.81e-02	9.62e-01
 1.46114e+16	1.73e-05	4.16e-02	9.58e-01
 1.48136e+16	1.98e-05	4.62e-02	9.54e-01
 1.50319e+16	2.35e-05	5.22e-02	9.48e-01
 1.52129e+16	2.71e-05	5.82e-02	9.42e-01
 1.53593e+16	3.07e-05	6.40e-02	9.36e-01
 1.55188e+16	3.52e-05	7.15e-02	9.28e-01
 1.56945e+16	4.17e-05	8.14e-02	9.19e-01
 1.58463e+16	4.88e-05	9.20e-02	9.08e-01
 1.59678e+16	5.66e-05	1.02e-01	8.98e-01
 1.60676e+16	6.34e-05	1.12e-01	8.88e-01
 1.61705e+16	7.23e-05	1.24e-01	8.76e-01
 1.62728e+16	8.17e-05	1.37e-01	8.63e-01
 1.63577e+16	9.27e-05	1.50e-01	8.50e-01
 1.64285e+16	1.02e-04	1.62e-01	8.38e-01
 1.64978e+16	1.13e-04	1.76e-01	8.24e-01
 1.65879e+16	1.31e-04	1.96e-01	8.04e-01
 1.66711e+16	1.48e-04	2.17e-01	7.83e-01
 1.67338e+16	1.65e-04	2.36e-01	7.64e-01
 1.67896e+16	1.80e-04	2.53e-01	7.46e-01
 1.68478e+16	2.00e-04	2.74e-01	7.25e-01
 1.69235e+16	2.31e-04	3.04e-01	6.95e-01
 1.69939e+16	2.60e-04	3.35e-01	6.65e-01
 1.70459e+16	2.86e-04	3.60e-01	6.40e-01
 1.71023e+16	3.17e-04	3.89e-01	6.11e-01
 1.71756e+16	3.62e-04	4.30e-01	5.70e-01
 1.72483e+16	4.10e-04	4.72e-01	5.28e-01
 1.73053e+16	4.52e-04	5.06e-01	4.93e-01
 1.73645e+16	5.00e-04	5.44e-01	4.55e-01
 1.74416e+16	5.65e-04	5.93e-01	4.07e-01
 1.75209e+16	6.33e-04	6.41e-01	3.58e-01
 1.75881e+16	6.95e-04	6.81e-01	3.19e-01
 1.76604e+16	7.63e-04	7.21e-01	2.78e-01
 1.77543e+16	8.48e-04	7.68e-01	2.31e-01
 1.78570e+16	9.38e-04	8.11e-01	1.88e-01
 1.79552e+16	1.02e-03	8.46e-01	1.53e-01
 1.80672e+16	1.12e-03	8.78e-01	1.21e-01
 1.81704e+16	1.20e-03	9.00e-01	9.90e-02
 1.82402e+16	1.25e-03	9.12e-01	8.64e-02
 1.83090e+16	1.31e-03	9.24e-01	7.51e-02
 1.83984e+16	1.38e-03	9.36e-01	6.29e-02
 1.84985e+16	1.46e-03	9.46e-01	5.23e-02
 1.85909e+16	1.53e-03	9.54e-01	4.42e-02
 1.86743e+16	1.60e-03	9.60e-01	3.83e-02
 1.87677e+16	1.69e-03	9.66e-01	3.24e-02
 1.88711e+16	1.78e-03	9.71e-01	2.74e-02
 1.89576e+16	1.87e-03	9.74e-01	2.39e-02
 1.90230e+16	1.94e-03	9.76e-01	2.17e-02
 1.90912e+16	2.02e-03	9.79e-01	1.94e-02
 1.91799e+16	2.13e-03	9.81e-01	1.69e-02
 1.92690e+16	2.24e-03	9.83e-01	1.50e-02
 1.93361e+16	2.34e-03	9.84e-01	1.36e-02
 1.93920e+16	2.43e-03	9.85e-01	1.26e-02
 1.94556e+16	2.53e-03	9.86e-01	1.15e-02
 1.95383e+16	2.68e-03	9.87e-01	1.03e-02
 1.96198e+16	2.84e-03	9.88e-01	9.26e-03
 1.96789e+16	2.97e-03	9.88e-01	8.61e-03
 1.97267e+16	3.08e-03	9.89e-01	8.10e-03
 1.97805e+16	3.21e-03	9.89e-01	7.55e-03
 1.98505e+16	3.40e-03	9.90e-01	6.89e-03
 1.99206e+16	3.61e-03	9.90e-01	6.34e-03
 1.99736e+16	3.79e-03	9.90e-01	5.97e-03
 2.00173e+16	3.95e-03	9.90e-01	5.67e-03
 2.00664e+16	4.14e-03	9.91e-01	5.33e-03
 2.01301e+16	4.41e-03	9.91e-01	4.93e-03
 2.01936e+16	4.72e-03	9.91e-01	4.60e-03
 2.02410e+16	4.97e-03	9.91e-01	4.37e-03
 2.02803e+16	5.20e-03	9.91e-01	4.18e-03
 2.03248e+16	5.48e-03	9.91e-01	3.96e-03
 2.03826e+16	5.88e-03	9.90e-01	3.71e-03
 2.04411e+16	6.36e-03	9.90e-01	3.48e-03
 2.04861e+16	6.78e-03	9.90e-01	3.32e-03
 2.05305e+16	7.22e-03	9.90e-01	3.16e-03
 2.05882e+16	7.89e-03	9.89e-01	2.96e-03
 2.06469e+16	8.70e-03	9.89e-01	2.78e-03
 2.06929e+16	9.47e-03	9.88e-01	2.65e-03
 2.07312e+16	1.02e-02	9.87e-01	2.55e-03
 2.07739e+16	1.11e-02	9.86e-01	2.43e-03
 2.08216e+16	1.23e-02	9.85e-01	2.31e-03
 2.08627e+16	1.35e-02	9.84e-01	2.22e-03
 2.08939e+16	1.46e-02	9.83e-01	2.15e-03
 2.09256e+16	1.59e-02	9.82e-01	2.07e-03
 2.09608e+16	1.76e-02	9.80e-01	2.00e-03
 2.09921e+16	1.94e-02	9.79e-01	1.94e-03
 2.10179e+16	2.11e-02	9.77e-01	1.89e-03
 2.10454e+16	2.31e-02	9.75e-01	1.84e-03
 2.10752e+16	2.58e-02	9.72e-01	1.79e-03
 2.11010e+16	2.86e-02	9.70e-01	1.75e-03
 2.11221e+16	3.13e-02	9.67e-01	1.72e-03
 2.11444e+16	3.44e-02	9.64e-01	1.68e-03
 2.11691e+16	3.87e-02	9.60e-01	1.65e-03
 2.11912e+16	4.33e-02	9.55e-01	1.62e-03
 2.12095e+16	4.78e-02	9.51e-01	1.60e-03
 2.12290e+16	5.33e-02	9.45e-01	1.58e-03
 2.12498e+16	6.04e-02	9.38e-01	1.56e-03
 2.12674e+16	6.74e-02	9.31e-01	1.56e-03
 2.12820e+16	7.41e-02	9.24e-01	1.56e-03
 2.12973e+16	8.24e-02	9.16e-01	1.55e-03
 2.13134e+16	9.21e-02	9.06e-01	1.56e-03
 2.13279e+16	1.03e-01	8.96e-01	1.56e-03
 2.13408e+16	1.13e-01	8.85e-01	1.57e-03
 2.13523e+16	1.24e-01	8.74e-01	1.58e-03
 2.13632e+16	1.35e-01	8.63e-01	1.60e-03
 2.13736e+16	1.47e-01	8.51e-01	1.61e-03
 2.13833e+16	1.59e-01	8.39e-01	1.63e-03
 2.13921e+16	1.72e-01	8.26e-01	1.64e-03
 2.13986e+16	1.81e-01	8.17e-01	1.66e-03
 2.14030e+16	1.88e-01	8.10e-01	1.67e-03
 2.14072e+16	1.95e-01	8.03e-01	1.67e-03
 2.14123e+16	2.04e-01	7.94e-01	1.68e-03
 2.14175e+16	2.14e-01	7.85e-01	1.69e-03
 2.14226e+16	2.23e-01	7.75e-01	1.71e-03
 2.14273e+16	2.32e-01	7.66e-01	1.72e-03
 2.14321e+16	2.43e-01	7.56e-01	1.73e-03
 2.14368e+16	2.53e-01	7.46e-01	1.74e-03
 2.14415e+16	2.64e-01	7.35e-01	1.75e-03
 2.14461e+16	2.74e-01	7.24e-01	1.76e-03
 2.14507e+16	2.85e-01	7.13e-01	1.78e-03
 2.14553e+16	2.97e-01	7.01e-01	1.78e-03
 2.14598e+16	3.09e-01	6.89e-01	1.80e-03
 2.14642e+16	3.21e-01	6.77e-01	1.81e-03
 2.14686e+16	3.34e-01	6.64e-01	1.81e-03
 2.14730e+16	3.46e-01	6.52e-01	1.83e-03
 2.14773e+16	3.60e-01	6.38e-01	1.83e-03
 2.14816e+16	3.73e-01	6.25e-01	1.84e-03
 2.14858e+16	3.86e-01	6.12e-01	1.85e-03
 2.14901e+16	4.00e-01	5.98e-01	1.85e-03
 2.14942e+16	4.14e-01	5.84e-01	1.86e-03
 2.14983e+16	4.28e-01	5.70e-01	1.86e-03
 2.15024e+16	4.43e-01	5.55e-01	1.87e-03
 2.15065e+16	4.57e-01	5.41e-01	1.87e-03
 2.15105e+16	4.72e-01	5.26e-01	1.87e-03
 2.15145e+16	4.87e-01	5.11e-01	1.87e-03
 2.15184e+16	5.02e-01	4.97e-01	1.87e-03
 2.15223e+16	5.16e-01	4.82e-01	1.87e-03
 2.15262e+16	5.31e-01	4.67e-01	1.86e-03
 2.15300e+16	5.46e-01	4.52e-01	1.86e-03
 2.15337e+16	5.60e-01	4.38e-01	1.85e-03
 2.15373e+16	5.74e-01	4.24e-01	1.84e-03
 2.15409e+16	5.88e-01	4.10e-01	1.83e-03
 2.15445e+16	6.02e-01	3.96e-01	1.82e-03
 2.15480e+16	6.15e-01	3.83e-01	1.81e-03
 2.15514e+16	6.29e-01	3.69e-01	1.80e-03
 2.15548e+16	6.42e-01	3.57e-01	1.78e-03
 2.15582e+16	6.54e-01	3.44e-01	1.77e-03
 2.15615e+16	6.67e-01	3.31e-01	1.75e-03
 2.15648e+16	6.79e-01	3.19e-01	1.73e-03
 2.15681e+16	6.91e-01	3.07e-01	1.71e-03
 2.15714e+16	7.03e-01	2.95e-01	1.69e-03
 2.15746e+16	7.14e-01	2.84e-01	1.66e-03
 2.15778e+16	7.25e-01	2.73e-01	1.64e-03
 2.15809e+16	7.36e-01	2.62e-01	1.61e-03
 2.15841e+16	7.47e-01	2.52e-01	1.59e-03
 2.15873e+16	7.57e-01	2.41e-01	1.56e-03
 2.15905e+16	7.67e-01	2.31e-01	1.53e-03
 2.15937e+16	7.77e-01	2.22e-01	1.50e-03
 2.15969e+16	7.86e-01	2.12e-01	1.47e-03
 2.16001e+16	7.96e-01	2.03e-01	1.44e-03
 2.16033e+16	8.05e-01	1.94e-01	1.40e-03
 2.16061e+16	8.12e-01	1.87e-01	1.37e-03
 2.16083e+16	8.18e-01	1.81e-01	1.35e-03
 2.16103e+16	8.23e-01	1.76e-01	1.33e-03
 2.16124e+16	8.28e-01	1.71e-01	1.30e-03
 2.16146e+16	8.33e-01	1.65e-01	1.28e-03
 2.16168e+16	8.39e-01	1.60e-01	1.25e-03
 2.16188e+16	8.43e-01	1.56e-01	1.23e-03
 2.16207e+16	8.47e-01	1.51e-01	1.21e-03
 2.16227e+16	8.52e-01	1.47e-01	1.19e-03
 2.16246e+16	8.56e-01	1.43e-01	1.16e-03
 2.16265e+16	8.60e-01	1.39e-01	1.14e-03
 2.16284e+16	8.63e-01	1.36e-01	1.12e-03
 2.16302e+16	8.67e-01	1.32e-01	1.10e-03
 2.16320e+16	8.70e-01	1.29e-01	1.08e-03
 2.16338e+16	8.73e-01	1.26e-01	1.06e-03
 2.16356e+16	8.76e-01	1.23e-01	1.04e-03
 2.16374e+16	8.79e-01	1.20e-01	1.02e-03
 2.16392e+16	8.82e-01	1.17e-01	1.00e-03
 2.16410e+16	8.85e-01	1.14e-01	9.85e-04
 2.16428e+16	8.88e-01	1.11e-01	9.66e-04
 2.16446e+16	8.91e-01	1.09e-01	9.48e-04
 2.16465e+16	8.93e-01	1.06e-01	9.30e-04
 2.16484e+16	8.96e-01	1.03e-01	9.12e-04
 2.16503e+16	8.98e-01	1.01e-01	8.93e-04
 2.16523e+16	9.01e-01	9.83e-02	8.75e-04
 2.16544e+16	9.03e-01	9.58e-02	8.56e-04
 2.16566e+16	9.06e-01	9.33e-02	8.37e-04
 2.16589e+16	9.08e-01	9.08e-02	8.18e-04
 2.16615e+16	9.11e-01	8.82e-02	7.98e-04
 2.16644e+16	9.14e-01	8.55e-02	7.76e-04
 2.16676e+16	9.17e-01	8.26e-02	7.52e-04
 2.16714e+16	9.20e-01	7.94e-02	7.27e-04
 2.16756e+16	9.23e-01	7.63e-02	7.00e-04
 2.16801e+16	9.26e-01	7.33e-02	6.74e-04
 2.16846e+16	9.29e-01	7.06e-02	6.50e-04
 2.16893e+16	9.31e-01	6.81e-02	6.26e-04
 2.16943e+16	9.34e-01	6.57e-02	6.03e-04
 2.16992e+16	9.36e-01	6.36e-02	5.84e-04
 2.17037e+16	9.37e-01	6.19e-02	5.66e-04
 2.17078e+16	9.39e-01	6.06e-02	5.52e-04
 2.17123e+16	9.40e-01	5.91e-02	5.37e-04
 2.17181e+16	9.42e-01	5.76e-02	5.21e-04
 2.17244e+16	9.43e-01	5.62e-02	5.07e-04
 2.17302e+16	9.44e-01	5.51e-02	4.95e-04
 2.17364e+16	9.46e-01	5.39e-02	4.82e-04
 2.17446e+16	9.47e-01	5.27e-02	4.68e-04
 2.17534e+16	9.48e-01	5.17e-02	4.56e-04
 2.17614e+16	9.49e-01	5.09e-02	4.45e-04
 2.17702e+16	9.50e-01	5.00e-02	4.33e-04
 2.17816e+16	9.50e-01	4.92e-02	4.21e-04
 2.17939e+16	9.51e-01	4.84e-02	4.10e-04
 2.18051e+16	9.52e-01	4.77e-02	4.00e-04
 2.18174e+16	9.53e-01	4.70e-02	3.89e-04
 2.18334e+16	9.53e-01	4.63e-02	3.77e-04
 2.18506e+16	9.54e-01	4.55e-02	3.65e-04
 2.18663e+16	9.55e-01	4.48e-02	3.54e-04
 2.18806e+16	9.55e-01	4.43e-02	3.45e-04
 2.18962e+16	9.56e-01	4.36e-02	3.34e-04
 2.19131e+16	9.57e-01	4.29e-02	3.24e-04
 2.19285e+16	9.57e-01	4.24e-02	3.15e-04
 2.19425e+16	9.58e-01	4.18e-02	3.07e-04
 2.19578e+16	9.59e-01	4.12e-02	2.97e-04
 2.19744e+16	9.59e-01	4.06e-02	2.88e-04
 2.19894e+16	9.60e-01	4.00e-02	2.80e-04
 2.20031e+16	9.60e-01	3.95e-02	2.73e-04
 2.20156e+16	9.61e-01	3.91e-02	2.66e-04
 2.20293e+16	9.61e-01	3.85e-02	2.59e-04
 2.20440e+16	9.62e-01	3.80e-02	2.52e-04
 2.20575e+16	9.62e-01	3.76e-02	2.45e-04
 2.20697e+16	9.63e-01	3.71e-02	2.40e-04
 2.20831e+16	9.63e-01	3.66e-02	2.33e-04
 2.20975e+16	9.64e-01	3.61e-02	2.27e-04
 2.21107e+16	9.64e-01	3.57e-02	2.21e-04
 2.21226e+16	9.64e-01	3.53e-02	2.16e-04
 2.21357e+16	9.65e-01	3.48e-02	2.10e-04
 2.21499e+16	9.65e-01	3.44e-02	2.04e-04
 2.21628e+16	9.66e-01	3.39e-02	1.99e-04
 2.21769e+16	9.66e-01	3.35e-02	1.93e-04
 2.21921e+16	9.67e-01	3.30e-02	1.88e-04
 2.22060e+16	9.67e-01	3.25e-02	1.83e-04
 2.22186e+16	9.68e-01	3.22e-02	1.79e-04
 2.22325e+16	9.68e-01	3.17e-02	1.73e-04
 2.22474e+16	9.69e-01	3.13e-02	1.69e-04
 2.22610e+16	9.69e-01	3.09e-02	1.64e-04
 2.22734e+16	9.69e-01	3.05e-02	1.60e-04
 2.22869e+16	9.70e-01	3.01e-02	1.56e-04
 2.23015e+16	9.70e-01	2.97e-02	1.52e-04
 2.23148e+16	9.71e-01	2.93e-02	1.48e-04
 2.23294e+16	9.71e-01	2.89e-02	1.44e-04
 2.23452e+16	9.71e-01	2.85e-02	1.40e-04
 2.23595e+16	9.72e-01	2.81e-02	1.36e-04
 2.23752e+16	9.72e-01	2.77e-02	1.32e-04
 2.23922e+16	9.73e-01	2.73e-02	1.28e-04
 2.24076e+16	9.73e-01	2.69e-02	1.25e-04
 2.24216e+16	9.73e-01	2.66e-02	1.22e-04
 2.24370e+16	9.74e-01	2.62e-02	1.18e-04
 2.24536e+16	9.74e-01	2.58e-02	1.15e-04
 2.24687e+16	9.74e-01	2.55e-02	1.12e-04
 2.24853e+16	9.75e-01	2.51e-02	1.08e-04
 2.25032e+16	9.75e-01	2.47e-02	1.05e-04
 2.25194e+16	9.76e-01	2.44e-02	1.02e-04
 2.25342e+16	9.76e-01	2.40e-02	9.94e-05
 2.25505e+16	9.76e-01	2.37e-02	9.65e-05
 2.25680e+16	9.77e-01	2.33e-02	9.37e-05
 2.25839e+16	9.77e-01	2.30e-02	9.12e-05
 2.26014e+16	9.77e-01	2.27e-02	8.83e-05
 2.26202e+16	9.78e-01	2.23e-02	8.56e-05
 2.26374e+16	9.78e-01	2.20e-02	8.32e-05
 2.26562e+16	9.78e-01	2.16e-02	8.05e-05
 2.26765e+16	9.79e-01	2.13e-02	7.79e-05
 2.26950e+16	9.79e-01	2.09e-02	7.55e-05
 2.27118e+16	9.79e-01	2.07e-02	7.35e-05
 2.27302e+16	9.80e-01	2.03e-02	7.12e-05
 2.27501e+16	9.80e-01	2.00e-02	6.90e-05
 2.27682e+16	9.80e-01	1.97e-02	6.70e-05
 2.27880e+16	9.81e-01	1.94e-02	6.48e-05
 2.28094e+16	9.81e-01	1.91e-02	6.27e-05
 2.28289e+16	9.81e-01	1.88e-02	6.08e-05
 2.28502e+16	9.81e-01	1.85e-02	5.87e-05
 2.28733e+16	9.82e-01	1.81e-02	5.67e-05
 2.28942e+16	9.82e-01	1.78e-02	5.49e-05
 2.29133e+16	9.82e-01	1.76e-02	5.33e-05
 2.29342e+16	9.83e-01	1.73e-02	5.16e-05
 2.29568e+16	9.83e-01	1.70e-02	4.99e-05
 2.29774e+16	9.83e-01	1.67e-02	4.84e-05
 2.29999e+16	9.84e-01	1.64e-02	4.67e-05
 2.30242e+16	9.84e-01	1.61e-02	4.51e-05
 2.30463e+16	9.84e-01	1.59e-02	4.36e-05
 2.30705e+16	9.84e-01	1.56e-02	4.20e-05
 2.30967e+16	9.85e-01	1.53e-02	4.05e-05
 2.31205e+16	9.85e-01	1.50e-02	3.91e-05
 2.31466e+16	9.85e-01	1.47e-02	3.76e-05
 2.31747e+16	9.86e-01	1.45e-02	3.62e-05
 2.32004e+16	9.86e-01	1.42e-02	3.49e-05
 2.32285e+16	9.86e-01	1.39e-02	3.35e-05
 2.32588e+16	9.86e-01	1.36e-02	3.22e-05
 2.32864e+16	9.87e-01	1.34e-02	3.10e-05
 2.33115e+16	9.87e-01	1.31e-02	3.00e-05
 2.33390e+16	9.87e-01	1.29e-02	2.88e-05
 2.33687e+16	9.87e-01	1.26e-02	2.77e-05
 2.33957e+16	9.88e-01	1.24e-02	2.68e-05
 2.34253e+16	9.88e-01	1.22e-02	2.57e-05
 2.34573e+16	9.88e-01	1.19e-02	2.47e-05
 2.34864e+16	9.88e-01	1.17e-02	2.38e-05
 2.35183e+16	9.89e-01	1.14e-02	2.28e-05
 2.35527e+16	9.89e-01	1.12e-02	2.18e-05
 2.35841e+16	9.89e-01	1.10e-02	2.10e-05
 2.36184e+16	9.89e-01	1.07e-02	2.00e-05
 2.36554e+16	9.90e-01	1.05e-02	1.91e-05
 2.36892e+16	9.90e-01	1.03e-02	1.84e-05
 2.37261e+16	9.90e-01	1.00e-02	1.75e-05
 2.37660e+16	9.90e-01	9.77e-03	1.67e-05
 2.38023e+16	9.90e-01	9.56e-03	1.60e-05
 2.38421e+16	9.91e-01	9.33e-03	1.52e-05
 2.38850e+16	9.91e-01	9.09e-03	1.45e-05
 2.39241e+16	9.91e-01	8.89e-03	1.39e-05
 2.39669e+16	9.91e-01	8.66e-03	1.32e-05
 2.40132e+16	9.92e-01	8.43e-03	1.25e-05
 2.40553e+16	9.92e-01	8.24e-03	1.19e-05
 2.41014e+16	9.92e-01	8.02e-03	1.13e-05
 2.41511e+16	9.92e-01	7.79e-03	1.07e-05
 2.41964e+16	9.92e-01	7.60e-03	1.02e-05
 2.42460e+16	9.93e-01	7.39e-03	9.62e-06
 2.42996e+16	9.93e-01	7.18e-03	9.08e-06
 2.43484e+16	9.93e-01	6.99e-03	8.63e-06
 2.44018e+16	9.93e-01	6.79e-03	8.13e-06
 2.44713e+16	9.93e-01	6.53e-03	7.53e-06
 2.45506e+16	9.94e-01	6.26e-03	6.93e-06
 2.46304e+16	9.94e-01	6.00e-03	6.39e-06
 2.47116e+16	9.94e-01	5.76e-03	5.88e-06
 2.47965e+16	9.94e-01	5.51e-03	5.40e-06
 2.48848e+16	9.95e-01	5.27e-03	4.94e-06
 2.49761e+16	9.95e-01	5.04e-03	4.52e-06
 2.50707e+16	9.95e-01	4.81e-03	4.12e-06
 2.51689e+16	9.95e-01	4.59e-03	3.75e-06
 2.52697e+16	9.96e-01	4.37e-03	3.41e-06
 2.53721e+16	9.96e-01	4.17e-03	3.10e-06
 2.54761e+16	9.96e-01	3.97e-03	2.82e-06
 2.55822e+16	9.96e-01	3.78e-03	2.56e-06
 2.56903e+16	9.96e-01	3.60e-03	2.33e-06
 2.58004e+16	9.97e-01	3.43e-03	2.11e-06
 2.59125e+16	9.97e-01	3.26e-03	1.91e-06
 2.60267e+16	9.97e-01	3.10e-03	1.73e-06
 2.61412e+16	9.97e-01	2.95e-03	1.57e-06
 2.62574e+16	9.97e-01	2.81e-03	1.42e-06
 2.63779e+16	9.97e-01	2.67e-03	1.29e-06
 2.65014e+16	9.97e-01	2.53e-03	1.16e-06
 2.66268e+16	9.98e-01	2.41e-03	1.05e-06
 2.67543e+16	9.98e-01	2.28e-03	9.42e-07
 2.68841e+16	9.98e-01	2.16e-03	8.48e-07
 2.70165e+16	9.98e-01	2.05e-03	7.62e-07
 2.71514e+16	9.98e-01	1.94e-03	6.84e-07
 2.72891e+16	9.98e-01	1.84e-03	6.14e-07
 2.74294e+16	9.98e-01	1.74e-03	5.50e-07
 2.75727e+16	9.98e-01	1.65e-03	4.92e-07
 2.77190e+16	9.98e-01	1.55e-03	4.40e-07
 2.78683e+16	9.99e-01	1.47e-03	3.92e-07
 2.80207e+16	9.99e-01	1.38e-03	3.49e-07
 2.81764e+16	9.99e-01	1.31e-03	3.11e-07
 2.83356e+16	9.99e-01	1.23e-03	2.76e-07
 2.84984e+16	9.99e-01	1.16e-03	2.44e-07
 2.86650e+16	9.99e-01	1.09e-03	2.16e-07
 2.88356e+16	9.99e-01	1.02e-03	1.91e-07
 2.90104e+16	9.99e-01	9.59e-04	1.68e-07
 2.91896e+16	9.99e-01	8.99e-04	1.48e-07
 2.93735e+16	9.99e-01	8.41e-04	1.29e-07
 2.95624e+16	9.99e-01	7.86e-04	1.13e-07
 2.97564e+16	9.99e-01	7.34e-04	9.85e-08
 2.99561e+16	9.99e-01	6.84e-04	8.56e-08
 3.01620e+16	9.99e-01	6.37e-04	7.42e-08
 3.03700e+16	9.99e-01	5.93e-04	6.43e-08
 3.05839e+16	9.99e-01	5.50e-04	5.54e-08
 3.08107e+16	9.99e-01	5.09e-04	4.74e-08
 3.10474e+16	1.00e+00	4.69e-04	4.03e-08
 3.12921e+16	1.00e+00	4.32e-04	3.41e-08
 3.15461e+16	1.00e+00	3.96e-04	2.87e-08
 3.18112e+16	1.00e+00	3.62e-04	2.40e-08
 3.20890e+16	1.00e+00	3.30e-04	1.99e-08
 3.23807e+16	1.00e+00	3.00e-04	1.64e-08
 3.26887e+16	1.00e+00	2.71e-04	1.33e-08
 3.30146e+16	1.00e+00	2.43e-04	1.08e-08
 3.33620e+16	1.00e+00	2.17e-04	8.55e-09
 3.37338e+16	1.00e+00	1.92e-04	6.70e-09
 3.41316e+16	1.00e+00	1.69e-04	5.17e-09
 3.45618e+16	1.00e+00	1.47e-04	3.91e-09
 3.50325e+16	1.00e+00	1.26e-04	2.88e-09
 3.55536e+16	1.00e+00	1.07e-04	2.06e-09
 3.61378e+16	1.00e+00	8.87e-05	1.42e-09
 3.67979e+16	1.00e+00	7.20e-05	9.34e-10
 3.75513e+16	1.00e+00	5.68e-05	5.82e-10
 3.83694e+16	1.00e+00	4.42e-05	3.53e-10
 3.91918e+16	1.00e+00	3.45e-05	2.16e-10
 4.00049e+16	1.00e+00	2.71e-05	1.33e-10
 4.08232e+16	1.00e+00	2.13e-05	8.23e-11
 4.16588e+16	1.00e+00	1.67e-05	5.07e-11
 4.25127e+16	1.00e+00	1.30e-05	3.12e-11
 4.33854e+16	1.00e+00	1.02e-05	1.91e-11
 4.42778e+16	1.00e+00	7.95e-06	1.17e-11
 4.51940e+16	1.00e+00	6.19e-06	7.15e-12
 4.61385e+16	1.00e+00	4.80e-06	4.33e-12
 4.71103e+16	1.00e+00	3.72e-06	2.61e-12
 4.81105e+16	1.00e+00	2.88e-06	1.57e-12
 4.91479e+16	1.00e+00	2.21e-06	9.35e-13
 5.02304e+16	1.00e+00	1.69e-06	5.50e-13
 5.13562e+16	1.00e+00	1.29e-06	3.20e-13
 5.25284e+16	1.00e+00	9.77e-07	1.84e-13
 5.37597e+16	1.00e+00	7.35e-07	1.05e-13
 5.50623e+16	1.00e+00	5.47e-07	5.81e-14
 5.64445e+16	1.00e+00	4.02e-07	3.16e-14
 5.79190e+16	1.00e+00	2.93e-07	1.68e-14
 5.94643e+16	1.00e+00	2.12e-07	8.79e-15
 6.10304e+16	1.00e+00	1.54e-07	4.66e-15
 6.25964e+16	1.00e+00	1.13e-07	2.50e-15
 6.41624e+16	1.00e+00	8.31e-08	1.37e-15
 6.57284e+16	1.00e+00	6.18e-08	7.58e-16
 6.72944e+16	1.00e+00	4.63e-08	4.26e-16
 6.90953e+16	1.00e+00	3.32e-08	2.19e-16
 7.11619e+16	1.00e+00	2.31e-08	1.06e-16
 7.32591e+16	1.00e+00	1.62e-08	5.22e-17
 7.54759e+16	1.00e+00	1.12e-08	2.50e-17
 7.78672e+16	1.00e+00	7.62e-09	1.16e-17
 8.03254e+16	1.00e+00	5.20e-09	5.42e-18
 8.27953e+16	1.00e+00	3.59e-09	2.59e-18
 8.53339e+16	1.00e+00	2.47e-09	1.23e-18
 8.79933e+16	1.00e+00	1.70e-09	5.79e-19
 9.07261e+16	1.00e+00	1.16e-09	2.73e-19
 9.35005e+16	1.00e+00	8.03e-10	1.30e-19
 9.63142e+16	1.00e+00	5.57e-10	6.26e-20
 9.91516e+16	1.00e+00	3.89e-10	3.06e-20
 1.01994e+17	1.00e+00	2.74e-10	1.52e-20
 1.04836e+17	1.00e+00	1.95e-10	7.68e-21
 1.07678e+17	1.00e+00	1.40e-10	0.00e+00
 1.10520e+17	1.00e+00	1.01e-10	0.00e+00
 1.13376e+17	1.00e+00	7.34e-11	0.00e+00
 1.16241e+17	1.00e+00	5.37e-11	0.00e+00
 1.19073e+17	1.00e+00	3.98e-11	0.00e+00
 1.21836e+17	1.00e+00	2.99e-11	0.00e+00
 1.24518e+17	1.00e+00	2.29e-11	0.00e+00
 1.27119e+17	1.00e+00	1.77e-11	0.00e+00
 1.29639e+17	1.00e+00	1.39e-11	0.00e+00
 1.32069e+17	1.00e+00	1.11e-11	0.00e+00
 1.34402e+17	1.00e+00	9.05e-12	0.00e+00
 1.36634e+17	1.00e+00	7.46e-12	0.00e+00
 1.38765e+17	1.00e+00	6.24e-12	0.00e+00
 1.40795e+17	1.00e+00	5.30e-12	0.00e+00
 1.42726e+17	1.00e+00	4.57e-12	0.00e+00
 1.44562e+17	1.00e+00	3.99e-12	0.00e+00
 1.46303e+17	1.00e+00	3.52e-12	0.00e+00
 1.47955e+17	1.00e+00	3.15e-12	0.00e+00
 1.49520e+17	1.00e+00	2.84e-12	0.00e+00
 1.51003e+17	1.00e+00	2.59e-12	0.00e+00
 1.52409e+17	1.00e+00	2.39e-12	0.00e+00
 1.53740e+17	1.00e+00	2.21e-12	0.00e+00
 1.55001e+17	1.00e+00	2.07e-12	0.00e+00
 1.56195e+17	1.00e+00	1.94e-12	0.00e+00
 1.57326e+17	1.00e+00	1.84e-12	0.00e+00
 1.58398e+17	1.00e+00	1.75e-12	0.00e+00
 1.59414e+17	1.00e+00	1.67e-12	0.00e+00
 1.60378e+17	1.00e+00	1.61e-12	0.00e+00
 1.61291e+17	1.00e+00	1.55e-12	0.00e+00
 1.62157e+17	1.00e+00	1.49e-12	0.00e+00
 1.62979e+17	1.00e+00	1.45e-12	0.00e+00
 1.63759e+17	1.00e+00	1.41e-12	0.00e+00
 1.64500e+17	1.00e+00	1.37e-12	0.00e+00
 1.65203e+17	1.00e+00	1.34e-12	0.00e+00
 1.65872e+17	1.00e+00	1.31e-12	0.00e+00
 1.66508e+17	1.00e+00	1.29e-12	0.00e+00
 1.67112e+17	1.00e+00	1.27e-12	0.00e+00
 1.67688e+17	1.00e+00	1.25e-12	0.00e+00
 1.68236e+17	1.00e+00	1.23e-12	0.00e+00
 1.68758e+17	1.00e+00	1.21e-12	0.00e+00
 1.69256e+17	1.00e+00	1.19e-12	0.00e+00
 1.69731e+17	1.00e+00	1.18e-12	0.00e+00
 1.70184e+17	1.00e+00	1.17e-12	0.00e+00
 1.70617e+17	1.00e+00	1.15e-12	0.00e+00
 1.71031e+17	1.00e+00	1.14e-12	0.00e+00
 1.71428e+17	1.00e+00	1.13e-12	0.00e+00
 1.71809e+17	1.00e+00	1.12e-12	0.00e+00
 1.72173e+17	1.00e+00	1.11e-12	0.00e+00
 1.72524e+17	1.00e+00	1.11e-12	0.00e+00
 1.72861e+17	1.00e+00	1.10e-12	0.00e+00
 1.73185e+17	1.00e+00	1.09e-12	0.00e+00
 1.73499e+17	1.00e+00	1.08e-12	0.00e+00
 1.73802e+17	1.00e+00	1.08e-12	0.00e+00
 1.74096e+17	1.00e+00	1.07e-12	0.00e+00
 1.74382e+17	1.00e+00	1.06e-12	0.00e+00
 1.74660e+17	1.00e+00	1.06e-12	0.00e+00
 1.74931e+17	1.00e+00	1.05e-12	0.00e+00
 1.75198e+17	1.00e+00	1.05e-12	0.00e+00
 1.75460e+17	1.00e+00	1.04e-12	0.00e+00
 1.75718e+17	1.00e+00	1.04e-12	0.00e+00
 1.75975e+17	1.00e+00	1.03e-12	0.00e+00
 1.76231e+17	1.00e+00	1.03e-12	0.00e+00
 1.76488e+17	1.00e+00	1.02e-12	0.00e+00
 1.76747e+17	1.00e+00	1.02e-12	0.00e+00
 1.77012e+17	1.00e+00	1.01e-12	0.00e+00
 1.77283e+17	1.00e+00	1.01e-12	0.00e+00
 1.77564e+17	1.00e+00	1.01e-12	0.00e+00
 1.77859e+17	1.00e+00	1.00e-12	0.00e+00
 1.78173e+17	1.00e+00	9.94e-13	0.00e+00
 1.78510e+17	1.00e+00	9.89e-13	0.00e+00
 1.78881e+17	1.00e+00	9.82e-13	0.00e+00
 1.79296e+17	1.00e+00	9.75e-13	0.00e+00
 1.79771e+17	1.00e+00	9.67e-13	0.00e+00
 1.80330e+17	1.00e+00	9.57e-13	0.00e+00
 1.81010e+17	1.00e+00	9.44e-13	0.00e+00
 1.81866e+17	1.00e+00	9.28e-13	0.00e+00
 1.82971e+17	1.00e+00	9.07e-13	0.00e+00
 1.84408e+17	1.00e+00	8.79e-13	0.00e+00
 1.86276e+17	1.00e+00	8.41e-13	0.00e+00
 1.88705e+17	1.00e+00	7.91e-13	0.00e+00
 1.91862e+17	1.00e+00	7.28e-13	0.00e+00
 1.95966e+17	1.00e+00	6.51e-13	0.00e+00
 2.01302e+17	1.00e+00	5.62e-13	0.00e+00
 2.08238e+17	1.00e+00	4.62e-13	0.00e+00
 2.16401e+17	1.00e+00	3.57e-13	0.00e+00
 2.25057e+17	1.00e+00	3.03e-13	0.00e+00
 2.34060e+17	1.00e+00	2.72e-13	0.00e+00
 2.43422e+17	1.00e+00	2.46e-13	0.00e+00
 2.53159e+17	1.00e+00	2.23e-13	0.00e+00
 2.63285e+17	1.00e+00	2.00e-13	0.00e+00
 2.73817e+17	1.00e+00	1.79e-13	0.00e+00
 2.84770e+17	1.00e+00	1.58e-13	0.00e+00
 2.96160e+17	1.00e+00	1.38e-13	0.00e+00
 3.08007e+17	1.00e+00	1.19e-13	0.00e+00
 3.19784e+17	1.00e+00	1.02e-13	0.00e+00
 3.30572e+17	1.00e+00	9.70e-14	0.00e+00
 3.40087e+17	1.00e+00	1.01e-13	0.00e+00
 3.48715e+17	1.00e+00	1.04e-13	0.00e+00
 3.56935e+17	1.00e+00	1.01e-13	0.00e+00
 3.64869e+17	1.00e+00	9.30e-14	0.00e+00
 3.72236e+17	1.00e+00	8.54e-14	0.00e+00
 3.78716e+17	1.00e+00	8.09e-14	0.00e+00
 3.83807e+17	1.00e+00	7.83e-14	0.00e+00
 3.87081e+17	1.00e+00	8.02e-14	0.00e+00
 3.88914e+17	1.00e+00	8.36e-14	0.00e+00
 3.89970e+17	1.00e+00	8.58e-14	0.00e+00
 3.90604e+17	1.00e+00	8.70e-14	0.00e+00
 3.91012e+17	1.00e+00	8.77e-14	0.00e+00
 3.91355e+17	1.00e+00	8.82e-14	0.00e+00
 3.91713e+17	1.00e+00	8.85e-14	0.00e+00
 3.92107e+17	1.00e+00	8.88e-14	0.00e+00
 3.92513e+17	1.00e+00	8.89e-14	0.00e+00
 3.92868e+17	1.00e+00	8.89e-14	0.00e+00
 3.93171e+17	1.00e+00	8.89e-14	0.00e+00
 3.93445e+17	1.00e+00	8.89e-14	0.00e+00
 3.93709e+17	1.00e+00	8.88e-14	0.00e+00
 3.93974e+17	1.00e+00	8.87e-14	0.00e+00
 3.94226e+17	1.00e+00	8.86e-14	0.00e+00
 3.94454e+17	1.00e+00	8.84e-14	0.00e+00
 3.94677e+17	1.00e+00	8.82e-14	0.00e+00
 3.94892e+17	1.00e+00	8.80e-14	0.00e+00
 3.95090e+17	1.00e+00	8.78e-14	0.00e+00
 3.95276e+17	1.00e+00	8.76e-14	0.00e+00
 3.95465e+17	1.00e+00	8.74e-14	0.00e+00
 3.95651e+17	1.00e+00	8.72e-14	0.00e+00
 3.95820e+17	1.00e+00	8.69e-14	0.00e+00
 3.95976e+17	1.00e+00	8.67e-14	0.00e+00
 3.96127e+17	1.00e+00	8.65e-14	0.00e+00
 3.96278e+17	1.00e+00	8.63e-14	0.00e+00
 3.96427e+17	1.00e+00	8.60e-14	0.00e+00
 3.96576e+17	1.00e+00	8.58e-14	0.00e+00
 3.96722e+17	1.00e+00	8.55e-14	0.00e+00
 3.96858e+17	1.00e+00	8.53e-14	0.00e+00
 3.96986e+17	1.00e+00	8.51e-14	0.00e+00
 3.97119e+17	1.00e+00	8.48e-14	0.00e+00
 3.97257e+17	1.00e+00	8.45e-14	0.00e+00
 3.97391e+17	1.00e+00	8.42e-14	0.00e+00
 3.97519e+17	1.00e+00	8.40e-14	0.00e+00
 3.97649e+17	1.00e+00	8.37e-14	0.00e+00
 3.97781e+17	1.00e+00	8.34e-14	0.00e+00
 3.97909e+17	1.00e+00	8.31e-14	0.00e+00
 3.98034e+17	1.00e+00	8.28e-14	0.00e+00
 3.98164e+17	1.00e+00	8.25e-14	0.00e+00
 3.98301e+17	1.00e+00	8.22e-14	0.00e+00
 3.98440e+17	1.00e+00	8.18e-14	0.00e+00
 3.98573e+17	1.00e+00	8.14e-14	0.00e+00
 3.98697e+17	1.00e+00	8.11e-14	0.00e+00
 3.98835e+17	1.00e+00	8.08e-14	0.00e+00
 3.98989e+17	1.00e+00	8.04e-14	0.00e+00
 3.99139e+17	1.00e+00	7.99e-14	0.00e+00
 3.99277e+17	1.00e+00	7.96e-14	0.00e+00
 3.99428e+17	1.00e+00	7.92e-14	0.00e+00
 3.99595e+17	1.00e+00	7.87e-14	0.00e+00
 3.99758e+17	1.00e+00	7.81e-14	0.00e+00
 3.99909e+17	1.00e+00	7.77e-14	0.00e+00
 4.00064e+17	1.00e+00	7.73e-14	0.00e+00
 4.00240e+17	1.00e+00	7.67e-14	0.00e+00
 4.00422e+17	1.00e+00	7.61e-14	0.00e+00
 4.00591e+17	1.00e+00	7.56e-14	0.00e+00
 4.00762e+17	1.00e+00	7.51e-14	0.00e+00
 4.00955e+17	1.00e+00	7.45e-14	0.00e+00
 4.01162e+17	1.00e+00	7.38e-14	0.00e+00
 4.01358e+17	1.00e+00	7.31e-14	0.00e+00
 4.01546e+17	1.00e+00	7.25e-14	0.00e+00
 4.01752e+17	1.00e+00	7.19e-14	0.00e+00
 4.01974e+17	1.00e+00	7.11e-14	0.00e+00
 4.02196e+17	1.00e+00	7.04e-14	0.00e+00
 4.02418e+17	1.00e+00	6.96e-14	0.00e+00
 4.02648e+17	1.00e+00	6.88e-14	0.00e+00
 4.02886e+17	1.00e+00	6.80e-14	0.00e+00
 4.03132e+17	1.00e+00	6.72e-14	0.00e+00
 4.03384e+17	1.00e+00	6.63e-14	0.00e+00
 4.03642e+17	1.00e+00	6.54e-14	0.00e+00
 4.03906e+17	1.00e+00	6.45e-14	0.00e+00
 4.04165e+17	1.00e+00	6.36e-14	0.00e+00
 4.04447e+17	1.00e+00	6.27e-14	0.00e+00
 4.04765e+17	1.00e+00	6.16e-14	0.00e+00
 4.05077e+17	1.00e+00	6.04e-14	0.00e+00
 4.05361e+17	1.00e+00	5.94e-14	0.00e+00
 4.05658e+17	1.00e+00	5.84e-14	0.00e+00
 4.06002e+17	1.00e+00	5.73e-14	0.00e+00
 4.06355e+17	1.00e+00	5.59e-14	0.00e+00
 4.06681e+17	1.00e+00	5.48e-14	0.00e+00
 4.07010e+17	1.00e+00	5.37e-14	0.00e+00
 4.07370e+17	1.00e+00	5.25e-14	0.00e+00
 4.07754e+17	1.00e+00	5.12e-14	0.00e+00
 4.08142e+17	1.00e+00	4.98e-14	0.00e+00
 4.08518e+17	1.00e+00	4.85e-14	0.00e+00
 4.08890e+17	1.00e+00	4.73e-14	0.00e+00
 4.09284e+17	1.00e+00	4.60e-14	0.00e+00
 4.09712e+17	1.00e+00	4.47e-14	0.00e+00
 4.10150e+17	1.00e+00	4.32e-14	0.00e+00
 4.10579e+17	1.00e+00	4.18e-14	0.00e+00
 4.11000e+17	1.00e+00	4.05e-14	0.00e+00
 4.11439e+17	1.00e+00	3.92e-14	0.00e+00
 4.11909e+17	1.00e+00	3.77e-14	0.00e+00
 4.12395e+17	1.00e+00	3.62e-14	0.00e+00
 4.12869e+17	1.00e+00	3.48e-14	0.00e+00
 4.13346e+17	1.00e+00	3.35e-14	0.00e+00
 4.13850e+17	1.00e+00	3.20e-14	0.00e+00
 4.14375e+17	1.00e+00	3.06e-14	0.00e+00
 4.14910e+17	1.00e+00	2.91e-14	0.00e+00
 4.15446e+17	1.00e+00	2.77e-14	0.00e+00
 4.15981e+17	1.00e+00	2.64e-14	0.00e+00
 4.16551e+17	1.00e+00	2.50e-14	0.00e+00
 4.17157e+17	1.00e+00	2.36e-14	0.00e+00
 4.17760e+17	1.00e+00	2.22e-14	0.00e+00
 4.18371e+17	1.00e+00	2.08e-14	0.00e+00
 4.18972e+17	1.00e+00	1.96e-14	0.00e+00
 4.19610e+17	1.00e+00	1.84e-14	0.00e+00
 4.20308e+17	1.00e+00	1.71e-14	0.00e+00
 4.21014e+17	1.00e+00	1.57e-14	0.00e+00
 4.21682e+17	1.00e+00	1.46e-14	0.00e+00
 4.22260e+17	1.00e+00	1.35e-14	0.00e+00
 4.22757e+17	1.00e+00	1.27e-14	0.00e+00
 4.23215e+17	1.00e+00	1.20e-14	0.00e+00
 4.23666e+17	1.00e+00	1.14e-14	0.00e+00
 4.24113e+17	1.00e+00	1.08e-14	0.00e+00
 4.24540e+17	1.00e+00	1.02e-14	0.00e+00
 4.24938e+17	1.00e+00	9.71e-15	0.00e+00
 4.25310e+17	1.00e+00	9.25e-15	0.00e+00
 4.25668e+17	1.00e+00	8.83e-15	0.00e+00
 4.26017e+17	1.00e+00	8.43e-15	0.00e+00
 4.26356e+17	1.00e+00	8.05e-15	0.00e+00
 4.26681e+17	1.00e+00	7.70e-15	0.00e+00
 4.26991e+17	1.00e+00	7.37e-15	0.00e+00
 4.27289e+17	1.00e+00	7.06e-15	0.00e+00
 4.27578e+17	1.00e+00	6.78e-15	0.00e+00
 4.27858e+17	1.00e+00	6.50e-15	0.00e+00
 4.28128e+17	1.00e+00	6.24e-15	0.00e+00
 4.28389e+17	1.00e+00	5.99e-15	0.00e+00
 4.28640e+17	1.00e+00	5.77e-15	0.00e+00
 4.28882e+17	1.00e+00	5.55e-15	0.00e+00
 4.29118e+17	1.00e+00	5.34e-15	0.00e+00
 4.29349e+17	1.00e+00	5.14e-15	0.00e+00
 4.29575e+17	1.00e+00	4.97e-15	0.00e+00
 4.29791e+17	1.00e+00	4.79e-15	0.00e+00
 4.29997e+17	1.00e+00	4.62e-15	0.00e+00
 4.30198e+17	1.00e+00	4.46e-15	0.00e+00
 4.30397e+17	1.00e+00	4.31e-15	0.00e+00
 4.30593e+17	1.00e+00	4.17e-15	0.00e+00
 4.30784e+17	1.00e+00	4.03e-15	0.00e+00
 4.30970e+17	1.00e+00	3.90e-15	0.00e+00
 4.31180e+17	1.00e+00	3.78e-15	0.00e+00
 4.31454e+17	1.00e+00	3.62e-15	0.00e+00
 4.31810e+17	1.00e+00	3.41e-15	0.00e+00
 4.32273e+17	1.00e+00	3.18e-15	0.00e+00
 4.32874e+17	1.00e+00	2.88e-15	0.00e+00
 4.33657e+17	1.00e+00	2.52e-15	0.00e+00
 4.34553e+17	1.00e+00	2.13e-15	0.00e+00
 4.35378e+17	1.00e+00	1.78e-15	0.00e+00
 4.36028e+17	1.00e+00	1.54e-15	0.00e+00
 4.36551e+17	1.00e+00	1.37e-15	0.00e+00
 4.37059e+17	1.00e+00	1.24e-15	0.00e+00
 4.37621e+17	1.00e+00	1.12e-15	0.00e+00
 4.38227e+17	1.00e+00	9.90e-16	0.00e+00
 4.38833e+17	1.00e+00	8.73e-16	0.00e+00
 4.39404e+17	1.00e+00	7.74e-16	0.00e+00
 4.39948e+17	1.00e+00	6.92e-16	0.00e+00
 4.40496e+17	1.00e+00	6.20e-16	0.00e+00
 4.41078e+17	1.00e+00	5.52e-16	0.00e+00
 4.41700e+17	1.00e+00	4.88e-16	0.00e+00
 4.42342e+17	1.00e+00	4.28e-16	0.00e+00
 4.42999e+17	1.00e+00	3.75e-16	0.00e+00
 4.43683e+17	1.00e+00	3.27e-16	0.00e+00
 4.44428e+17	1.00e+00	2.83e-16	0.00e+00
 4.45266e+17	1.00e+00	2.41e-16	0.00e+00
 4.46233e+17	1.00e+00	2.01e-16	0.00e+00
 4.47385e+17	1.00e+00	1.62e-16	0.00e+00
 4.48838e+17	1.00e+00	1.25e-16	0.00e+00
 4.50728e+17	1.00e+00	8.96e-17	0.00e+00
 4.53184e+17	1.00e+00	5.81e-17	0.00e+00
 4.56377e+17	1.00e+00	3.34e-17	0.00e+00
 4.60528e+17	1.00e+00	1.65e-17	0.00e+00
