#depth	O	O+	O+2	O+3	O+4	O+5	O+6	O+7	O+8	O[1]	O[2]	O[3]
 1.49634e+10	1.05e-46	8.37e-35	2.87e-24	1.92e-15	1.60e-08	3.73e-04	1.00e+00	0.00e+00	0.00e+00	0.00e+00	0.00e+00	0.00e+00
 4.54887e+10	0.00e+00	1.24e-34	3.92e-24	2.43e-15	1.87e-08	4.03e-04	1.00e+00	0.00e+00	0.00e+00	0.00e+00	0.00e+00	0.00e+00
 7.72350e+10	2.68e-46	1.83e-34	5.36e-24	3.07e-15	2.19e-08	4.36e-04	1.00e+00	0.00e+00	0.00e+00	0.00e+00	0.00e+00	0.00e+00
 1.10251e+11	0.00e+00	2.70e-34	7.33e-24	3.89e-15	2.56e-08	4.72e-04	1.00e+00	0.00e+00	0.00e+00	0.00e+00	0.00e+00	0.00e+00
 1.44588e+11	6.83e-46	3.98e-34	1.00e-23	4.92e-15	3.00e-08	5.11e-04	9.99e-01	0.00e+00	0.00e+00	0.00e+00	0.00e+00	0.00e+00
 1.80298e+11	0.00e+00	5.88e-34	1.37e-23	6.23e-15	3.51e-08	5.54e-04	9.99e-01	0.00e+00	0.00e+00	0.00e+00	0.00e+00	0.00e+00
 2.17437e+11	1.74e-45	8.68e-34	1.87e-23	7.88e-15	4.11e-08	5.99e-04	9.99e-01	0.00e+00	0.00e+00	0.00e+00	0.00e+00	0.00e+00
 2.56061e+11	0.00e+00	1.28e-33	2.56e-23	9.97e-15	4.82e-08	6.49e-04	9.99e-01	0.00e+00	0.00e+00	0.00e+00	0.00e+00	0.00e+00
 2.96231e+11	4.41e-45	1.89e-33	3.50e-23	1.26e-14	5.64e-08	7.03e-04	9.99e-01	0.00e+00	0.00e+00	0.00e+00	0.00e+00	0.00e+00
 3.38007e+11	0.00e+00	2.79e-33	4.78e-23	1.60e-14	6.61e-08	7.61e-04	9.99e-01	0.00e+00	0.00e+00	0.00e+00	0.00e+00	0.00e+00
 3.81454e+11	1.12e-44	4.11e-33	6.53e-23	2.02e-14	7.74e-08	8.24e-04	9.99e-01	0.00e+00	0.00e+00	0.00e+00	0.00e+00	0.00e+00
 4.26639e+11	0.00e+00	6.05e-33	8.92e-23	2.56e-14	9.06e-08	8.92e-04	9.99e-01	0.00e+00	0.00e+00	0.00e+00	0.00e+00	0.00e+00
 4.73631e+11	2.83e-44	8.92e-33	1.22e-22	3.24e-14	1.06e-07	9.67e-04	9.99e-01	0.00e+00	0.00e+00	0.00e+00	0.00e+00	0.00e+00
 5.22503e+11	0.00e+00	1.31e-32	1.66e-22	4.09e-14	1.24e-07	1.05e-03	9.99e-01	0.00e+00	0.00e+00	0.00e+00	0.00e+00	0.00e+00
 5.73330e+11	7.14e-44	1.93e-32	2.27e-22	5.18e-14	1.46e-07	1.13e-03	9.99e-01	0.00e+00	0.00e+00	0.00e+00	0.00e+00	0.00e+00
 6.26190e+11	0.00e+00	2.85e-32	3.10e-22	6.55e-14	1.71e-07	1.23e-03	9.99e-01	0.00e+00	0.00e+00	0.00e+00	0.00e+00	0.00e+00
 6.81164e+11	1.80e-43	4.18e-32	4.23e-22	8.29e-14	2.00e-07	1.33e-03	9.99e-01	0.00e+00	0.00e+00	0.00e+00	0.00e+00	0.00e+00
 7.38337e+11	0.00e+00	6.15e-32	5.76e-22	1.05e-13	2.34e-07	1.44e-03	9.99e-01	0.00e+00	0.00e+00	0.00e+00	0.00e+00	0.00e+00
 7.97798e+11	4.52e-43	9.04e-32	7.86e-22	1.33e-13	2.75e-07	1.57e-03	9.98e-01	0.00e+00	0.00e+00	0.00e+00	0.00e+00	0.00e+00
 8.59636e+11	0.00e+00	1.33e-31	1.07e-21	1.68e-13	3.22e-07	1.70e-03	9.98e-01	0.00e+00	0.00e+00	0.00e+00	0.00e+00	0.00e+00
 9.23949e+11	1.13e-42	1.95e-31	1.46e-21	2.13e-13	3.77e-07	1.84e-03	9.98e-01	0.00e+00	0.00e+00	0.00e+00	0.00e+00	0.00e+00
 9.90833e+11	0.00e+00	2.85e-31	1.99e-21	2.69e-13	4.42e-07	2.00e-03	9.98e-01	0.00e+00	0.00e+00	0.00e+00	0.00e+00	0.00e+00
 1.06039e+12	2.82e-42	4.18e-31	2.71e-21	3.40e-13	5.19e-07	2.17e-03	9.98e-01	0.00e+00	0.00e+00	0.00e+00	0.00e+00	0.00e+00
 1.13274e+12	0.00e+00	6.12e-31	3.69e-21	4.30e-13	6.08e-07	2.35e-03	9.98e-01	0.00e+00	0.00e+00	0.00e+00	0.00e+00	0.00e+00
 1.20797e+12	6.98e-42	8.96e-31	5.02e-21	5.45e-13	7.14e-07	2.55e-03	9.97e-01	0.00e+00	0.00e+00	0.00e+00	0.00e+00	0.00e+00
 1.28622e+12	0.00e+00	1.31e-30	6.83e-21	6.89e-13	8.37e-07	2.77e-03	9.97e-01	0.00e+00	0.00e+00	0.00e+00	0.00e+00	0.00e+00
 1.36759e+12	1.72e-41	1.91e-30	9.29e-21	8.71e-13	9.82e-07	3.01e-03	9.97e-01	0.00e+00	0.00e+00	0.00e+00	0.00e+00	0.00e+00
 1.45222e+12	0.00e+00	2.79e-30	1.26e-20	1.10e-12	1.15e-06	3.27e-03	9.97e-01	0.00e+00	0.00e+00	0.00e+00	0.00e+00	0.00e+00
 1.54024e+12	4.22e-41	4.06e-30	1.71e-20	1.39e-12	1.35e-06	3.55e-03	9.96e-01	0.00e+00	0.00e+00	0.00e+00	0.00e+00	0.00e+00
 1.63178e+12	0.00e+00	5.91e-30	2.33e-20	1.76e-12	1.59e-06	3.86e-03	9.96e-01	0.00e+00	0.00e+00	0.00e+00	0.00e+00	0.00e+00
 1.72697e+12	1.03e-40	8.58e-30	3.16e-20	2.23e-12	1.86e-06	4.19e-03	9.96e-01	0.00e+00	0.00e+00	0.00e+00	0.00e+00	0.00e+00
 1.82598e+12	0.00e+00	1.24e-29	4.28e-20	2.82e-12	2.19e-06	4.56e-03	9.95e-01	0.00e+00	0.00e+00	0.00e+00	0.00e+00	0.00e+00
 1.92895e+12	2.48e-40	1.80e-29	5.79e-20	3.56e-12	2.57e-06	4.96e-03	9.95e-01	0.00e+00	0.00e+00	0.00e+00	0.00e+00	0.00e+00
 2.03603e+12	0.00e+00	2.61e-29	7.84e-20	4.50e-12	3.02e-06	5.40e-03	9.95e-01	0.00e+00	0.00e+00	0.00e+00	0.00e+00	0.00e+00
 2.14740e+12	5.95e-40	3.77e-29	1.06e-19	5.69e-12	3.54e-06	5.87e-03	9.94e-01	0.00e+00	0.00e+00	0.00e+00	0.00e+00	0.00e+00
 2.26322e+12	0.00e+00	5.43e-29	1.43e-19	7.19e-12	4.16e-06	6.39e-03	9.94e-01	0.00e+00	0.00e+00	0.00e+00	0.00e+00	0.00e+00
 2.38368e+12	1.41e-39	7.81e-29	1.93e-19	9.08e-12	4.89e-06	6.96e-03	9.93e-01	0.00e+00	0.00e+00	0.00e+00	0.00e+00	0.00e+00
 2.50895e+12	0.00e+00	1.12e-28	2.61e-19	1.15e-11	5.74e-06	7.59e-03	9.92e-01	0.00e+00	0.00e+00	0.00e+00	0.00e+00	0.00e+00
 2.63924e+12	3.29e-39	1.61e-28	3.51e-19	1.45e-11	6.74e-06	8.27e-03	9.92e-01	0.00e+00	0.00e+00	0.00e+00	0.00e+00	0.00e+00
 2.77473e+12	0.00e+00	2.30e-28	4.72e-19	1.83e-11	7.92e-06	9.01e-03	9.91e-01	0.00e+00	0.00e+00	0.00e+00	0.00e+00	0.00e+00
 2.91565e+12	7.64e-39	3.28e-28	6.36e-19	2.31e-11	9.30e-06	9.82e-03	9.90e-01	0.00e+00	0.00e+00	0.00e+00	0.00e+00	0.00e+00
 3.06220e+12	0.00e+00	4.65e-28	8.51e-19	2.91e-11	1.09e-05	1.07e-02	9.89e-01	0.00e+00	0.00e+00	0.00e+00	0.00e+00	0.00e+00
 3.21461e+12	1.72e-38	6.59e-28	1.14e-18	3.67e-11	1.28e-05	1.17e-02	9.88e-01	0.00e+00	0.00e+00	0.00e+00	0.00e+00	0.00e+00
 3.37313e+12	0.00e+00	9.31e-28	1.53e-18	4.63e-11	1.51e-05	1.28e-02	9.87e-01	0.00e+00	0.00e+00	0.00e+00	0.00e+00	0.00e+00
 3.53798e+12	3.84e-38	1.31e-27	2.04e-18	5.84e-11	1.77e-05	1.40e-02	9.86e-01	0.00e+00	0.00e+00	0.00e+00	0.00e+00	0.00e+00
 3.70942e+12	0.00e+00	1.84e-27	2.71e-18	7.35e-11	2.08e-05	1.53e-02	9.85e-01	0.00e+00	0.00e+00	0.00e+00	0.00e+00	0.00e+00
 3.88773e+12	8.38e-38	2.57e-27	3.61e-18	9.26e-11	2.44e-05	1.67e-02	9.83e-01	0.00e+00	0.00e+00	0.00e+00	0.00e+00	0.00e+00
 4.07316e+12	0.00e+00	3.58e-27	4.80e-18	1.17e-10	2.87e-05	1.83e-02	9.82e-01	0.00e+00	0.00e+00	0.00e+00	0.00e+00	0.00e+00
 4.26602e+12	1.78e-37	4.97e-27	6.36e-18	1.47e-10	3.36e-05	2.00e-02	9.80e-01	0.00e+00	0.00e+00	0.00e+00	0.00e+00	0.00e+00
 4.46658e+12	0.00e+00	6.87e-27	8.42e-18	1.85e-10	3.94e-05	2.19e-02	9.78e-01	0.00e+00	0.00e+00	0.00e+00	0.00e+00	0.00e+00
 4.67517e+12	3.71e-37	9.46e-27	1.11e-17	2.32e-10	4.62e-05	2.40e-02	9.76e-01	0.00e+00	0.00e+00	0.00e+00	0.00e+00	0.00e+00
 4.89211e+12	0.00e+00	1.30e-26	1.47e-17	2.92e-10	5.41e-05	2.63e-02	9.74e-01	0.00e+00	0.00e+00	0.00e+00	0.00e+00	0.00e+00
 5.11772e+12	7.52e-37	1.77e-26	1.93e-17	3.66e-10	6.34e-05	2.88e-02	9.71e-01	0.00e+00	0.00e+00	0.00e+00	0.00e+00	0.00e+00
 5.35235e+12	0.00e+00	2.41e-26	2.54e-17	4.60e-10	7.42e-05	3.16e-02	9.68e-01	0.00e+00	0.00e+00	0.00e+00	0.00e+00	0.00e+00
 5.59638e+12	1.48e-36	3.28e-26	3.34e-17	5.77e-10	8.67e-05	3.47e-02	9.65e-01	0.00e+00	0.00e+00	0.00e+00	0.00e+00	0.00e+00
 5.85016e+12	0.00e+00	4.44e-26	4.38e-17	7.25e-10	1.01e-04	3.80e-02	9.62e-01	0.00e+00	0.00e+00	0.00e+00	0.00e+00	0.00e+00
 6.11409e+12	2.87e-36	6.00e-26	5.74e-17	9.09e-10	1.18e-04	4.17e-02	9.58e-01	0.00e+00	0.00e+00	0.00e+00	0.00e+00	0.00e+00
 6.38858e+12	0.00e+00	8.10e-26	7.53e-17	1.14e-09	1.38e-04	4.57e-02	9.54e-01	0.00e+00	0.00e+00	0.00e+00	0.00e+00	0.00e+00
 6.67405e+12	5.49e-36	1.09e-25	9.88e-17	1.43e-09	1.60e-04	5.01e-02	9.50e-01	0.00e+00	0.00e+00	0.00e+00	0.00e+00	0.00e+00
 6.97094e+12	0.00e+00	1.48e-25	1.30e-16	1.79e-09	1.86e-04	5.50e-02	9.45e-01	0.00e+00	0.00e+00	0.00e+00	0.00e+00	0.00e+00
 7.27970e+12	1.04e-35	2.00e-25	1.70e-16	2.25e-09	2.17e-04	6.02e-02	9.40e-01	0.00e+00	0.00e+00	0.00e+00	0.00e+00	0.00e+00
 7.60082e+12	0.00e+00	2.71e-25	2.24e-16	2.82e-09	2.52e-04	6.59e-02	9.34e-01	0.00e+00	0.00e+00	0.00e+00	0.00e+00	0.00e+00
 7.93478e+12	1.98e-35	3.68e-25	2.96e-16	3.54e-09	2.92e-04	7.21e-02	9.28e-01	0.00e+00	0.00e+00	0.00e+00	0.00e+00	0.00e+00
 8.28210e+12	0.00e+00	5.03e-25	3.91e-16	4.44e-09	3.38e-04	7.89e-02	9.21e-01	0.00e+00	0.00e+00	0.00e+00	0.00e+00	0.00e+00
 8.64331e+12	3.82e-35	6.89e-25	5.18e-16	5.57e-09	3.92e-04	8.62e-02	9.13e-01	0.00e+00	0.00e+00	0.00e+00	0.00e+00	0.00e+00
 9.01897e+12	5.34e-35	9.50e-25	6.87e-16	6.98e-09	4.53e-04	9.40e-02	9.06e-01	0.00e+00	0.00e+00	0.00e+00	0.00e+00	0.00e+00
 9.40965e+12	7.51e-35	1.31e-24	9.15e-16	8.75e-09	5.24e-04	1.02e-01	8.97e-01	0.00e+00	0.00e+00	0.00e+00	0.00e+00	0.00e+00
 9.81596e+12	1.06e-34	1.83e-24	1.22e-15	1.10e-08	6.05e-04	1.12e-01	8.88e-01	0.00e+00	0.00e+00	0.00e+00	0.00e+00	0.00e+00
 1.02385e+13	1.51e-34	2.56e-24	1.63e-15	1.38e-08	6.99e-04	1.21e-01	8.78e-01	0.00e+00	0.00e+00	0.00e+00	0.00e+00	0.00e+00
 1.06780e+13	2.16e-34	3.60e-24	2.18e-15	1.72e-08	8.06e-04	1.32e-01	8.68e-01	0.00e+00	0.00e+00	0.00e+00	0.00e+00	0.00e+00
 1.11350e+13	3.12e-34	5.08e-24	2.93e-15	2.16e-08	9.29e-04	1.43e-01	8.56e-01	0.00e+00	0.00e+00	0.00e+00	0.00e+00	0.00e+00
 1.16104e+13	4.53e-34	7.21e-24	3.94e-15	2.70e-08	1.07e-03	1.54e-01	8.44e-01	0.00e+00	0.00e+00	0.00e+00	0.00e+00	0.00e+00
 1.21047e+13	6.61e-34	1.03e-23	5.29e-15	3.38e-08	1.23e-03	1.67e-01	8.32e-01	0.00e+00	0.00e+00	0.00e+00	0.00e+00	0.00e+00
 1.26188e+13	9.71e-34	1.47e-23	7.13e-15	4.23e-08	1.42e-03	1.80e-01	8.19e-01	0.00e+00	0.00e+00	0.00e+00	0.00e+00	0.00e+00
 1.31535e+13	1.43e-33	2.10e-23	9.60e-15	5.28e-08	1.63e-03	1.94e-01	8.04e-01	0.00e+00	0.00e+00	0.00e+00	0.00e+00	0.00e+00
 1.37096e+13	2.13e-33	3.02e-23	1.29e-14	6.59e-08	1.87e-03	2.08e-01	7.90e-01	0.00e+00	0.00e+00	0.00e+00	0.00e+00	0.00e+00
 1.42879e+13	3.17e-33	4.35e-23	1.74e-14	8.22e-08	2.14e-03	2.24e-01	7.74e-01	0.00e+00	0.00e+00	0.00e+00	0.00e+00	0.00e+00
 1.48893e+13	4.74e-33	6.28e-23	2.35e-14	1.02e-07	2.46e-03	2.40e-01	7.58e-01	0.00e+00	0.00e+00	0.00e+00	0.00e+00	0.00e+00
 1.55148e+13	7.12e-33	9.07e-23	3.16e-14	1.27e-07	2.81e-03	2.56e-01	7.41e-01	0.00e+00	0.00e+00	0.00e+00	0.00e+00	0.00e+00
 1.61653e+13	1.07e-32	1.31e-22	4.26e-14	1.58e-07	3.21e-03	2.73e-01	7.23e-01	0.00e+00	0.00e+00	0.00e+00	0.00e+00	0.00e+00
 1.68419e+13	1.62e-32	1.89e-22	5.73e-14	1.96e-07	3.67e-03	2.91e-01	7.05e-01	0.00e+00	0.00e+00	0.00e+00	0.00e+00	0.00e+00
 1.75455e+13	2.45e-32	2.74e-22	7.69e-14	2.43e-07	4.18e-03	3.10e-01	6.86e-01	0.00e+00	0.00e+00	0.00e+00	0.00e+00	0.00e+00
 1.82772e+13	3.72e-32	3.96e-22	1.03e-13	3.01e-07	4.76e-03	3.28e-01	6.67e-01	0.00e+00	0.00e+00	0.00e+00	0.00e+00	0.00e+00
 1.90383e+13	5.65e-32	5.72e-22	1.38e-13	3.72e-07	5.41e-03	3.48e-01	6.47e-01	0.00e+00	0.00e+00	0.00e+00	0.00e+00	0.00e+00
 1.98297e+13	8.60e-32	8.26e-22	1.85e-13	4.59e-07	6.14e-03	3.67e-01	6.27e-01	0.00e+00	0.00e+00	0.00e+00	0.00e+00	0.00e+00
 2.06528e+13	1.31e-31	1.19e-21	2.47e-13	5.65e-07	6.95e-03	3.87e-01	6.06e-01	0.00e+00	0.00e+00	0.00e+00	0.00e+00	0.00e+00
 2.15089e+13	1.99e-31	1.72e-21	3.30e-13	6.94e-07	7.87e-03	4.08e-01	5.85e-01	0.00e+00	0.00e+00	0.00e+00	0.00e+00	0.00e+00
 2.23991e+13	3.04e-31	2.47e-21	4.39e-13	8.51e-07	8.88e-03	4.28e-01	5.63e-01	0.00e+00	0.00e+00	0.00e+00	0.00e+00	0.00e+00
 2.33250e+13	4.62e-31	3.56e-21	5.84e-13	1.04e-06	1.00e-02	4.48e-01	5.42e-01	0.00e+00	0.00e+00	0.00e+00	0.00e+00	0.00e+00
 2.42880e+13	7.05e-31	5.10e-21	7.75e-13	1.27e-06	1.13e-02	4.69e-01	5.20e-01	0.00e+00	0.00e+00	0.00e+00	0.00e+00	0.00e+00
 2.52894e+13	1.07e-30	7.31e-21	1.03e-12	1.55e-06	1.27e-02	4.89e-01	4.98e-01	0.00e+00	0.00e+00	0.00e+00	0.00e+00	0.00e+00
 2.63309e+13	1.63e-30	1.05e-20	1.36e-12	1.89e-06	1.42e-02	5.09e-01	4.76e-01	0.00e+00	0.00e+00	0.00e+00	0.00e+00	0.00e+00
 2.74141e+13	2.48e-30	1.49e-20	1.79e-12	2.30e-06	1.59e-02	5.29e-01	4.55e-01	0.00e+00	0.00e+00	0.00e+00	0.00e+00	0.00e+00
 2.85406e+13	3.78e-30	2.13e-20	2.36e-12	2.79e-06	1.78e-02	5.49e-01	4.33e-01	0.00e+00	0.00e+00	0.00e+00	0.00e+00	0.00e+00
 2.97121e+13	5.74e-30	3.03e-20	3.10e-12	3.38e-06	1.98e-02	5.68e-01	4.12e-01	0.00e+00	0.00e+00	0.00e+00	0.00e+00	0.00e+00
 3.09305e+13	8.71e-30	4.31e-20	4.06e-12	4.08e-06	2.21e-02	5.87e-01	3.91e-01	0.00e+00	0.00e+00	0.00e+00	0.00e+00	0.00e+00
 3.21977e+13	1.32e-29	6.12e-20	5.32e-12	4.92e-06	2.45e-02	6.05e-01	3.71e-01	0.00e+00	0.00e+00	0.00e+00	0.00e+00	0.00e+00
 3.35155e+13	2.00e-29	8.66e-20	6.96e-12	5.93e-06	2.72e-02	6.22e-01	3.51e-01	0.00e+00	0.00e+00	0.00e+00	0.00e+00	0.00e+00
 3.48861e+13	3.03e-29	1.22e-19	9.08e-12	7.12e-06	3.01e-02	6.39e-01	3.31e-01	0.00e+00	0.00e+00	0.00e+00	0.00e+00	0.00e+00
 3.63114e+13	4.57e-29	1.73e-19	1.18e-11	8.54e-06	3.33e-02	6.55e-01	3.12e-01	0.00e+00	0.00e+00	0.00e+00	0.00e+00	0.00e+00
 3.77938e+13	6.90e-29	2.43e-19	1.54e-11	1.02e-05	3.67e-02	6.70e-01	2.94e-01	0.00e+00	0.00e+00	0.00e+00	0.00e+00	0.00e+00
 3.93355e+13	1.04e-28	3.42e-19	1.99e-11	1.22e-05	4.05e-02	6.84e-01	2.76e-01	0.00e+00	0.00e+00	0.00e+00	0.00e+00	0.00e+00
 4.09388e+13	1.57e-28	4.81e-19	2.58e-11	1.46e-05	4.45e-02	6.97e-01	2.59e-01	0.00e+00	0.00e+00	0.00e+00	0.00e+00	0.00e+00
 4.26063e+13	2.36e-28	6.74e-19	3.34e-11	1.74e-05	4.89e-02	7.09e-01	2.42e-01	0.00e+00	0.00e+00	0.00e+00	0.00e+00	0.00e+00
 4.43405e+13	3.54e-28	9.43e-19	4.31e-11	2.07e-05	5.36e-02	7.20e-01	2.26e-01	0.00e+00	0.00e+00	0.00e+00	0.00e+00	0.00e+00
 4.61441e+13	5.32e-28	1.32e-18	5.55e-11	2.45e-05	5.87e-02	7.30e-01	2.11e-01	0.00e+00	0.00e+00	0.00e+00	0.00e+00	0.00e+00
 4.80197e+13	7.97e-28	1.84e-18	7.14e-11	2.91e-05	6.41e-02	7.39e-01	1.97e-01	0.00e+00	0.00e+00	0.00e+00	0.00e+00	0.00e+00
 4.99705e+13	1.19e-27	2.56e-18	9.18e-11	3.44e-05	7.00e-02	7.47e-01	1.83e-01	0.00e+00	0.00e+00	0.00e+00	0.00e+00	0.00e+00
 5.19992e+13	1.79e-27	3.56e-18	1.18e-10	4.07e-05	7.62e-02	7.54e-01	1.70e-01	0.00e+00	0.00e+00	0.00e+00	0.00e+00	0.00e+00
 5.41091e+13	2.67e-27	4.94e-18	1.51e-10	4.80e-05	8.29e-02	7.59e-01	1.58e-01	0.00e+00	0.00e+00	0.00e+00	0.00e+00	0.00e+00
 5.63034e+13	3.98e-27	6.84e-18	1.93e-10	5.66e-05	9.01e-02	7.64e-01	1.46e-01	0.00e+00	0.00e+00	0.00e+00	0.00e+00	0.00e+00
 5.85854e+13	5.93e-27	9.48e-18	2.46e-10	6.66e-05	9.78e-02	7.67e-01	1.35e-01	0.00e+00	0.00e+00	0.00e+00	0.00e+00	0.00e+00
 6.09588e+13	8.83e-27	1.31e-17	3.14e-10	7.82e-05	1.06e-01	7.69e-01	1.25e-01	0.00e+00	0.00e+00	0.00e+00	0.00e+00	0.00e+00
 6.34271e+13	1.31e-26	1.81e-17	3.99e-10	9.18e-05	1.15e-01	7.70e-01	1.15e-01	0.00e+00	0.00e+00	0.00e+00	0.00e+00	0.00e+00
 6.59941e+13	1.95e-26	2.49e-17	5.08e-10	1.08e-04	1.24e-01	7.70e-01	1.06e-01	0.00e+00	0.00e+00	0.00e+00	0.00e+00	0.00e+00
 6.86638e+13	2.89e-26	3.43e-17	6.44e-10	1.26e-04	1.34e-01	7.69e-01	9.72e-02	0.00e+00	0.00e+00	0.00e+00	0.00e+00	0.00e+00
 7.14402e+13	4.28e-26	4.71e-17	8.16e-10	1.47e-04	1.44e-01	7.67e-01	8.93e-02	0.00e+00	0.00e+00	0.00e+00	0.00e+00	0.00e+00
 7.43278e+13	6.33e-26	6.46e-17	1.03e-09	1.71e-04	1.55e-01	7.63e-01	8.19e-02	0.00e+00	0.00e+00	0.00e+00	0.00e+00	0.00e+00
 7.73308e+13	9.35e-26	8.84e-17	1.30e-09	2.00e-04	1.66e-01	7.58e-01	7.50e-02	0.00e+00	0.00e+00	0.00e+00	0.00e+00	0.00e+00
 8.04540e+13	1.38e-25	1.21e-16	1.64e-09	2.32e-04	1.78e-01	7.53e-01	6.85e-02	0.00e+00	0.00e+00	0.00e+00	0.00e+00	0.00e+00
 8.37021e+13	2.03e-25	1.65e-16	2.07e-09	2.69e-04	1.91e-01	7.46e-01	6.26e-02	0.00e+00	0.00e+00	0.00e+00	0.00e+00	0.00e+00
 8.70801e+13	2.99e-25	2.25e-16	2.60e-09	3.12e-04	2.04e-01	7.38e-01	5.71e-02	0.00e+00	0.00e+00	0.00e+00	0.00e+00	0.00e+00
 9.05932e+13	4.39e-25	3.05e-16	3.27e-09	3.62e-04	2.18e-01	7.29e-01	5.20e-02	0.00e+00	0.00e+00	0.00e+00	0.00e+00	0.00e+00
 9.42469e+13	6.43e-25	4.15e-16	4.09e-09	4.18e-04	2.33e-01	7.19e-01	4.72e-02	0.00e+00	0.00e+00	0.00e+00	0.00e+00	0.00e+00
 9.80467e+13	9.42e-25	5.63e-16	5.12e-09	4.82e-04	2.48e-01	7.09e-01	4.29e-02	0.00e+00	0.00e+00	0.00e+00	0.00e+00	0.00e+00
 1.01998e+14	1.38e-24	7.62e-16	6.40e-09	5.56e-04	2.64e-01	6.97e-01	3.89e-02	0.00e+00	0.00e+00	0.00e+00	0.00e+00	0.00e+00
 1.06108e+14	2.01e-24	1.03e-15	7.98e-09	6.39e-04	2.80e-01	6.84e-01	3.52e-02	0.00e+00	0.00e+00	0.00e+00	0.00e+00	0.00e+00
 1.10383e+14	2.93e-24	1.39e-15	9.93e-09	7.34e-04	2.97e-01	6.71e-01	3.18e-02	0.00e+00	0.00e+00	0.00e+00	0.00e+00	0.00e+00
 1.14828e+14	4.27e-24	1.87e-15	1.23e-08	8.42e-04	3.14e-01	6.56e-01	2.87e-02	0.00e+00	0.00e+00	0.00e+00	0.00e+00	0.00e+00
 1.19451e+14	6.20e-24	2.51e-15	1.53e-08	9.64e-04	3.32e-01	6.41e-01	2.58e-02	0.00e+00	0.00e+00	0.00e+00	0.00e+00	0.00e+00
 1.24259e+14	8.99e-24	3.38e-15	1.90e-08	1.10e-03	3.50e-01	6.26e-01	2.32e-02	0.00e+00	0.00e+00	0.00e+00	0.00e+00	0.00e+00
 1.29259e+14	1.30e-23	4.52e-15	2.35e-08	1.26e-03	3.69e-01	6.09e-01	2.09e-02	0.00e+00	0.00e+00	0.00e+00	0.00e+00	0.00e+00
 1.34459e+14	1.88e-23	6.05e-15	2.90e-08	1.43e-03	3.88e-01	5.92e-01	1.87e-02	0.00e+00	0.00e+00	0.00e+00	0.00e+00	0.00e+00
 1.39868e+14	2.72e-23	8.08e-15	3.57e-08	1.63e-03	4.07e-01	5.75e-01	1.67e-02	0.00e+00	0.00e+00	0.00e+00	0.00e+00	0.00e+00
 1.45492e+14	3.91e-23	1.08e-14	4.39e-08	1.85e-03	4.26e-01	5.57e-01	1.49e-02	0.00e+00	0.00e+00	0.00e+00	0.00e+00	0.00e+00
 1.51342e+14	5.64e-23	1.43e-14	5.39e-08	2.09e-03	4.46e-01	5.39e-01	1.33e-02	0.00e+00	0.00e+00	0.00e+00	0.00e+00	0.00e+00
 1.57426e+14	8.09e-23	1.91e-14	6.61e-08	2.37e-03	4.66e-01	5.20e-01	1.19e-02	0.00e+00	0.00e+00	0.00e+00	0.00e+00	0.00e+00
 1.63752e+14	1.16e-22	2.53e-14	8.10e-08	2.68e-03	4.85e-01	5.01e-01	1.05e-02	0.00e+00	0.00e+00	0.00e+00	0.00e+00	0.00e+00
 1.70333e+14	1.66e-22	3.35e-14	9.88e-08	3.02e-03	5.05e-01	4.83e-01	9.35e-03	0.00e+00	0.00e+00	0.00e+00	0.00e+00	0.00e+00
 1.77176e+14	2.38e-22	4.43e-14	1.21e-07	3.39e-03	5.25e-01	4.64e-01	8.28e-03	0.00e+00	0.00e+00	0.00e+00	0.00e+00	0.00e+00
 1.84293e+14	3.39e-22	5.84e-14	1.47e-07	3.81e-03	5.44e-01	4.45e-01	7.32e-03	0.00e+00	0.00e+00	0.00e+00	0.00e+00	0.00e+00
 1.91694e+14	4.83e-22	7.70e-14	1.79e-07	4.28e-03	5.64e-01	4.26e-01	6.46e-03	0.00e+00	0.00e+00	0.00e+00	0.00e+00	0.00e+00
 1.99392e+14	6.87e-22	1.01e-13	2.17e-07	4.79e-03	5.83e-01	4.07e-01	5.70e-03	0.00e+00	0.00e+00	0.00e+00	0.00e+00	0.00e+00
 2.07398e+14	9.75e-22	1.33e-13	2.63e-07	5.36e-03	6.01e-01	3.88e-01	5.01e-03	0.00e+00	0.00e+00	0.00e+00	0.00e+00	0.00e+00
 2.15723e+14	1.38e-21	1.74e-13	3.18e-07	5.98e-03	6.20e-01	3.70e-01	4.40e-03	0.00e+00	0.00e+00	0.00e+00	0.00e+00	0.00e+00
 2.24382e+14	1.96e-21	2.28e-13	3.84e-07	6.67e-03	6.38e-01	3.52e-01	3.86e-03	0.00e+00	0.00e+00	0.00e+00	0.00e+00	0.00e+00
 2.33388e+14	2.76e-21	2.97e-13	4.62e-07	7.42e-03	6.55e-01	3.34e-01	3.38e-03	0.00e+00	0.00e+00	0.00e+00	0.00e+00	0.00e+00
 2.42753e+14	3.90e-21	3.88e-13	5.57e-07	8.24e-03	6.72e-01	3.17e-01	2.96e-03	0.00e+00	0.00e+00	0.00e+00	0.00e+00	0.00e+00
 2.52493e+14	5.48e-21	5.04e-13	6.68e-07	9.14e-03	6.88e-01	3.00e-01	2.58e-03	0.00e+00	0.00e+00	0.00e+00	0.00e+00	0.00e+00
 2.62623e+14	7.71e-21	6.56e-13	8.03e-07	1.01e-02	7.04e-01	2.84e-01	2.25e-03	0.00e+00	0.00e+00	0.00e+00	0.00e+00	0.00e+00
 2.73158e+14	1.08e-20	8.50e-13	9.61e-07	1.12e-02	7.19e-01	2.68e-01	1.96e-03	0.00e+00	0.00e+00	0.00e+00	0.00e+00	0.00e+00
 2.84114e+14	1.52e-20	1.10e-12	1.15e-06	1.24e-02	7.34e-01	2.52e-01	1.70e-03	0.00e+00	0.00e+00	0.00e+00	0.00e+00	0.00e+00
 2.95508e+14	2.12e-20	1.42e-12	1.37e-06	1.36e-02	7.47e-01	2.38e-01	1.48e-03	0.00e+00	0.00e+00	0.00e+00	0.00e+00	0.00e+00
 3.07358e+14	2.96e-20	1.84e-12	1.64e-06	1.50e-02	7.60e-01	2.23e-01	1.28e-03	0.00e+00	0.00e+00	0.00e+00	0.00e+00	0.00e+00
 3.19683e+14	4.13e-20	2.37e-12	1.95e-06	1.65e-02	7.73e-01	2.10e-01	1.11e-03	0.00e+00	0.00e+00	0.00e+00	0.00e+00	0.00e+00
 3.32500e+14	5.77e-20	3.06e-12	2.32e-06	1.82e-02	7.84e-01	1.97e-01	9.62e-04	0.00e+00	0.00e+00	0.00e+00	0.00e+00	0.00e+00
 3.45830e+14	8.02e-20	3.93e-12	2.76e-06	1.99e-02	7.95e-01	1.84e-01	8.32e-04	0.00e+00	0.00e+00	0.00e+00	0.00e+00	0.00e+00
 3.59693e+14	1.11e-19	5.05e-12	3.27e-06	2.18e-02	8.05e-01	1.72e-01	7.18e-04	0.00e+00	0.00e+00	0.00e+00	0.00e+00	0.00e+00
 3.74111e+14	1.55e-19	6.48e-12	3.88e-06	2.39e-02	8.14e-01	1.61e-01	6.20e-04	0.00e+00	0.00e+00	0.00e+00	0.00e+00	0.00e+00
 3.89105e+14	2.14e-19	8.30e-12	4.59e-06	2.61e-02	8.23e-01	1.50e-01	5.34e-04	0.00e+00	0.00e+00	0.00e+00	0.00e+00	0.00e+00
 4.04699e+14	2.97e-19	1.06e-11	5.42e-06	2.86e-02	8.31e-01	1.40e-01	4.59e-04	0.00e+00	0.00e+00	0.00e+00	0.00e+00	0.00e+00
 4.20917e+14	4.10e-19	1.36e-11	6.41e-06	3.12e-02	8.38e-01	1.31e-01	3.95e-04	0.00e+00	0.00e+00	0.00e+00	0.00e+00	0.00e+00
 4.37784e+14	5.67e-19	1.73e-11	7.56e-06	3.40e-02	8.44e-01	1.22e-01	3.39e-04	0.00e+00	0.00e+00	0.00e+00	0.00e+00	0.00e+00
 4.55325e+14	7.82e-19	2.21e-11	8.92e-06	3.70e-02	8.50e-01	1.13e-01	2.91e-04	0.00e+00	0.00e+00	0.00e+00	0.00e+00	0.00e+00
 4.73568e+14	1.08e-18	2.82e-11	1.05e-05	4.03e-02	8.54e-01	1.05e-01	2.50e-04	0.00e+00	0.00e+00	0.00e+00	0.00e+00	0.00e+00
 4.92541e+14	1.49e-18	3.59e-11	1.24e-05	4.38e-02	8.58e-01	9.76e-02	2.14e-04	0.00e+00	0.00e+00	0.00e+00	0.00e+00	0.00e+00
 5.12272e+14	2.04e-18	4.56e-11	1.45e-05	4.76e-02	8.62e-01	9.05e-02	1.83e-04	0.00e+00	0.00e+00	0.00e+00	0.00e+00	0.00e+00
 5.32793e+14	2.81e-18	5.80e-11	1.71e-05	5.17e-02	8.64e-01	8.38e-02	1.56e-04	0.00e+00	0.00e+00	0.00e+00	0.00e+00	0.00e+00
 5.54135e+14	3.86e-18	7.36e-11	2.00e-05	5.60e-02	8.66e-01	7.76e-02	1.34e-04	0.00e+00	0.00e+00	0.00e+00	0.00e+00	0.00e+00
 5.76330e+14	5.30e-18	9.35e-11	2.35e-05	6.07e-02	8.67e-01	7.17e-02	1.14e-04	0.00e+00	0.00e+00	0.00e+00	0.00e+00	0.00e+00
 5.99413e+14	7.25e-18	1.18e-10	2.75e-05	6.57e-02	8.68e-01	6.63e-02	9.72e-05	0.00e+00	0.00e+00	0.00e+00	0.00e+00	0.00e+00
 6.23419e+14	9.95e-18	1.50e-10	3.22e-05	7.11e-02	8.68e-01	6.11e-02	8.28e-05	0.00e+00	0.00e+00	0.00e+00	0.00e+00	0.00e+00
 6.48386e+14	1.36e-17	1.90e-10	3.77e-05	7.69e-02	8.67e-01	5.64e-02	7.05e-05	0.00e+00	0.00e+00	0.00e+00	0.00e+00	0.00e+00
 6.74351e+14	1.86e-17	2.40e-10	4.40e-05	8.31e-02	8.65e-01	5.19e-02	5.99e-05	0.00e+00	0.00e+00	0.00e+00	0.00e+00	0.00e+00
 7.01355e+14	2.56e-17	3.03e-10	5.14e-05	8.96e-02	8.62e-01	4.78e-02	5.09e-05	0.00e+00	0.00e+00	1.44e-17	7.94e-18	3.28e-18
 7.28338e+14	3.43e-17	3.79e-10	5.96e-05	9.64e-02	8.59e-01	4.41e-02	4.34e-05	0.00e+00	0.00e+00	1.91e-17	1.14e-17	3.82e-18
 7.56400e+14	4.63e-17	4.73e-10	6.91e-05	1.04e-01	8.56e-01	4.06e-02	3.70e-05	0.00e+00	0.00e+00	2.58e-17	1.53e-17	5.15e-18
 7.86686e+14	6.31e-17	5.96e-10	8.05e-05	1.11e-01	8.51e-01	3.73e-02	3.14e-05	0.00e+00	0.00e+00	3.52e-17	2.09e-17	7.03e-18
 8.17510e+14	8.53e-17	7.47e-10	9.33e-05	1.20e-01	8.46e-01	3.43e-02	2.66e-05	0.00e+00	0.00e+00	4.75e-17	2.82e-17	9.51e-18
 8.49567e+14	1.15e-16	9.35e-10	1.08e-04	1.28e-01	8.40e-01	3.14e-02	2.26e-05	0.00e+00	0.00e+00	6.43e-17	3.81e-17	1.29e-17
 8.83580e+14	1.57e-16	1.17e-09	1.26e-04	1.38e-01	8.33e-01	2.88e-02	1.90e-05	0.00e+00	0.00e+00	8.74e-17	5.17e-17	1.75e-17
 9.18953e+14	2.13e-16	1.47e-09	1.46e-04	1.48e-01	8.26e-01	2.63e-02	1.61e-05	0.00e+00	0.00e+00	1.19e-16	7.02e-17	2.38e-17
 9.55741e+14	2.89e-16	1.85e-09	1.69e-04	1.59e-01	8.17e-01	2.40e-02	1.35e-05	0.00e+00	0.00e+00	1.61e-16	9.51e-17	3.22e-17
 9.94001e+14	3.92e-16	2.31e-09	1.96e-04	1.70e-01	8.08e-01	2.19e-02	1.14e-05	0.00e+00	0.00e+00	2.19e-16	1.29e-16	4.37e-17
 1.03379e+15	5.30e-16	2.90e-09	2.27e-04	1.82e-01	7.98e-01	1.99e-02	9.54e-06	0.00e+00	0.00e+00	2.96e-16	1.74e-16	5.92e-17
 1.07517e+15	7.17e-16	3.62e-09	2.62e-04	1.94e-01	7.88e-01	1.81e-02	7.99e-06	0.00e+00	0.00e+00	4.01e-16	2.35e-16	8.02e-17
 1.11821e+15	9.69e-16	4.52e-09	3.03e-04	2.07e-01	7.76e-01	1.64e-02	6.69e-06	0.00e+00	0.00e+00	5.42e-16	3.18e-16	1.08e-16
 1.16297e+15	1.31e-15	5.65e-09	3.49e-04	2.21e-01	7.64e-01	1.49e-02	5.59e-06	0.00e+00	0.00e+00	7.32e-16	4.29e-16	1.46e-16
 1.20952e+15	1.77e-15	7.03e-09	4.03e-04	2.35e-01	7.51e-01	1.35e-02	4.66e-06	0.00e+00	0.00e+00	9.88e-16	5.77e-16	1.97e-16
 1.25793e+15	2.38e-15	8.76e-09	4.64e-04	2.50e-01	7.37e-01	1.22e-02	3.88e-06	0.00e+00	0.00e+00	1.33e-15	7.76e-16	2.66e-16
 1.30827e+15	3.20e-15	1.09e-08	5.33e-04	2.66e-01	7.23e-01	1.10e-02	3.23e-06	0.00e+00	0.00e+00	1.79e-15	1.04e-15	3.58e-16
 1.36063e+15	4.30e-15	1.35e-08	6.12e-04	2.82e-01	7.07e-01	9.92e-03	2.68e-06	0.00e+00	0.00e+00	2.41e-15	1.40e-15	4.81e-16
 1.41119e+15	5.65e-15	1.65e-08	6.95e-04	2.98e-01	6.93e-01	8.99e-03	2.25e-06	0.00e+00	0.00e+00	3.17e-15	1.83e-15	6.33e-16
 1.45816e+15	7.22e-15	1.97e-08	7.79e-04	3.12e-01	6.79e-01	8.22e-03	1.92e-06	0.00e+00	0.00e+00	4.06e-15	2.34e-15	8.08e-16
 1.51091e+15	9.41e-15	2.39e-08	8.80e-04	3.28e-01	6.63e-01	7.45e-03	1.61e-06	0.00e+00	0.00e+00	5.29e-15	3.04e-15	1.05e-15
 1.57009e+15	1.25e-14	2.95e-08	1.00e-03	3.46e-01	6.46e-01	6.68e-03	1.33e-06	0.00e+00	0.00e+00	7.05e-15	4.04e-15	1.40e-15
 1.62664e+15	1.63e-14	3.56e-08	1.13e-03	3.63e-01	6.30e-01	6.04e-03	1.12e-06	0.00e+00	0.00e+00	9.15e-15	5.23e-15	1.82e-15
 1.68675e+15	2.12e-14	4.33e-08	1.28e-03	3.81e-01	6.12e-01	5.43e-03	9.30e-07	0.00e+00	0.00e+00	1.20e-14	6.83e-15	2.38e-15
 1.75208e+15	2.80e-14	5.29e-08	1.45e-03	4.00e-01	5.94e-01	4.85e-03	0.00e+00	0.00e+00	0.00e+00	1.58e-14	8.98e-15	3.14e-15
 1.81435e+15	3.62e-14	6.36e-08	1.63e-03	4.18e-01	5.76e-01	4.36e-03	0.00e+00	0.00e+00	0.00e+00	2.05e-14	1.16e-14	4.05e-15
 1.88129e+15	4.71e-14	7.69e-08	1.83e-03	4.36e-01	5.58e-01	3.90e-03	0.00e+00	0.00e+00	0.00e+00	2.67e-14	1.50e-14	5.27e-15
 1.95436e+15	6.22e-14	9.38e-08	2.07e-03	4.56e-01	5.38e-01	3.46e-03	0.00e+00	0.00e+00	0.00e+00	3.52e-14	1.98e-14	6.94e-15
 2.02409e+15	8.00e-14	1.12e-07	2.32e-03	4.75e-01	5.20e-01	3.10e-03	0.00e+00	0.00e+00	0.00e+00	4.54e-14	2.54e-14	8.93e-15
 2.09881e+15	1.04e-13	1.36e-07	2.60e-03	4.94e-01	5.00e-01	2.75e-03	0.00e+00	0.00e+00	0.00e+00	5.90e-14	3.29e-14	1.16e-14
 2.18029e+15	1.37e-13	1.65e-07	2.93e-03	5.15e-01	4.80e-01	2.43e-03	0.00e+00	0.00e+00	0.00e+00	7.77e-14	4.31e-14	1.52e-14
 2.25810e+15	1.76e-13	1.97e-07	3.27e-03	5.33e-01	4.61e-01	2.16e-03	0.00e+00	0.00e+00	0.00e+00	1.00e-13	5.53e-14	1.96e-14
 2.34153e+15	2.28e-13	2.37e-07	3.65e-03	5.53e-01	4.42e-01	1.90e-03	0.00e+00	0.00e+00	0.00e+00	1.30e-13	7.14e-14	2.53e-14
 2.43253e+15	2.99e-13	2.88e-07	4.11e-03	5.73e-01	4.21e-01	1.67e-03	0.00e+00	0.00e+00	0.00e+00	1.71e-13	9.35e-14	3.32e-14
 2.51955e+15	3.83e-13	3.43e-07	4.57e-03	5.92e-01	4.02e-01	1.47e-03	0.00e+00	0.00e+00	0.00e+00	2.19e-13	1.20e-13	4.25e-14
 2.61274e+15	4.96e-13	4.12e-07	5.10e-03	6.11e-01	3.83e-01	1.29e-03	0.00e+00	0.00e+00	0.00e+00	2.84e-13	1.55e-13	5.50e-14
 2.71424e+15	6.50e-13	4.98e-07	5.71e-03	6.30e-01	3.63e-01	1.12e-03	0.00e+00	0.00e+00	0.00e+00	3.72e-13	2.02e-13	7.19e-14
 2.81137e+15	8.33e-13	5.94e-07	6.34e-03	6.48e-01	3.45e-01	9.79e-04	0.00e+00	0.00e+00	0.00e+00	4.78e-13	2.58e-13	9.20e-14
 2.91544e+15	1.08e-12	7.10e-07	7.06e-03	6.66e-01	3.26e-01	8.51e-04	0.00e+00	0.00e+00	0.00e+00	6.17e-13	3.33e-13	1.19e-13
 3.02907e+15	1.41e-12	8.59e-07	7.90e-03	6.85e-01	3.07e-01	7.32e-04	0.00e+00	0.00e+00	0.00e+00	8.10e-13	4.36e-13	1.55e-13
 3.13777e+15	1.80e-12	1.02e-06	8.75e-03	7.01e-01	2.89e-01	6.36e-04	0.00e+00	0.00e+00	0.00e+00	1.04e-12	5.57e-13	1.98e-13
 3.25384e+15	2.33e-12	1.22e-06	9.73e-03	7.18e-01	2.72e-01	5.48e-04	0.00e+00	0.00e+00	0.00e+00	1.34e-12	7.19e-13	2.56e-13
 3.38031e+15	3.05e-12	1.47e-06	1.09e-02	7.35e-01	2.54e-01	4.67e-04	0.00e+00	0.00e+00	0.00e+00	1.75e-12	9.40e-13	3.34e-13
 3.50091e+15	3.90e-12	1.75e-06	1.20e-02	7.50e-01	2.38e-01	4.03e-04	0.00e+00	0.00e+00	0.00e+00	2.24e-12	1.20e-12	4.27e-13
 3.63003e+15	5.04e-12	2.09e-06	1.34e-02	7.64e-01	2.22e-01	3.44e-04	0.00e+00	0.00e+00	0.00e+00	2.90e-12	1.55e-12	5.50e-13
 3.77182e+15	6.60e-12	2.52e-06	1.49e-02	7.79e-01	2.06e-01	2.90e-04	0.00e+00	0.00e+00	0.00e+00	3.80e-12	2.03e-12	7.20e-13
 3.90919e+15	8.51e-12	3.00e-06	1.66e-02	7.92e-01	1.91e-01	2.46e-04	0.00e+00	0.00e+00	0.00e+00	4.90e-12	2.62e-12	9.25e-13
 4.04274e+15	1.08e-11	3.55e-06	1.83e-02	8.04e-01	1.78e-01	2.11e-04	0.00e+00	0.00e+00	0.00e+00	6.24e-12	3.33e-12	1.17e-12
 4.19172e+15	1.40e-11	4.25e-06	2.04e-02	8.16e-01	1.64e-01	1.77e-04	0.00e+00	0.00e+00	0.00e+00	8.10e-12	4.32e-12	1.52e-12
 4.35415e+15	1.84e-11	5.13e-06	2.28e-02	8.27e-01	1.50e-01	1.47e-04	0.00e+00	0.00e+00	0.00e+00	1.06e-11	5.66e-12	1.99e-12
 4.51411e+15	2.39e-11	6.15e-06	2.54e-02	8.37e-01	1.38e-01	1.23e-04	0.00e+00	0.00e+00	0.00e+00	1.38e-11	7.35e-12	2.58e-12
 4.67204e+15	3.08e-11	7.32e-06	2.82e-02	8.45e-01	1.26e-01	1.03e-04	0.00e+00	0.00e+00	0.00e+00	1.78e-11	9.46e-12	3.31e-12
 4.84525e+15	4.03e-11	8.83e-06	3.17e-02	8.53e-01	1.15e-01	8.52e-05	0.00e+00	0.00e+00	0.00e+00	2.33e-11	1.24e-11	4.33e-12
 5.03165e+15	5.35e-11	1.08e-05	3.58e-02	8.60e-01	1.04e-01	6.95e-05	0.00e+00	0.00e+00	0.00e+00	3.09e-11	1.64e-11	5.73e-12
 5.20729e+15	6.93e-11	1.29e-05	4.00e-02	8.66e-01	9.42e-02	5.74e-05	0.00e+00	0.00e+00	0.00e+00	4.01e-11	2.13e-11	7.41e-12
 5.39740e+15	9.17e-11	1.57e-05	4.53e-02	8.70e-01	8.45e-02	4.66e-05	0.00e+00	0.00e+00	0.00e+00	5.30e-11	2.82e-11	9.78e-12
 5.60376e+15	1.23e-10	1.94e-05	5.18e-02	8.73e-01	7.52e-02	3.72e-05	0.00e+00	0.00e+00	0.00e+00	7.13e-11	3.79e-11	1.31e-11
 5.80412e+15	1.64e-10	2.37e-05	5.91e-02	8.74e-01	6.69e-02	2.99e-05	0.00e+00	0.00e+00	0.00e+00	9.49e-11	5.04e-11	1.74e-11
 5.99950e+15	2.16e-10	2.89e-05	6.74e-02	8.73e-01	5.95e-02	2.41e-05	0.00e+00	0.00e+00	0.00e+00	1.25e-10	6.64e-11	2.29e-11
 6.21696e+15	2.96e-10	3.64e-05	7.85e-02	8.70e-01	5.18e-02	1.89e-05	0.00e+00	0.00e+00	0.00e+00	1.72e-10	9.10e-11	3.14e-11
 6.44873e+15	4.11e-10	4.63e-05	9.27e-02	8.63e-01	4.46e-02	1.45e-05	0.00e+00	0.00e+00	0.00e+00	2.38e-10	1.26e-10	4.34e-11
 6.64950e+15	5.51e-10	5.76e-05	1.08e-01	8.53e-01	3.88e-02	1.14e-05	0.00e+00	0.00e+00	0.00e+00	3.19e-10	1.69e-10	5.83e-11
 6.82448e+15	7.16e-10	7.02e-05	1.24e-01	8.41e-01	3.41e-02	9.18e-06	0.00e+00	0.00e+00	0.00e+00	4.15e-10	2.20e-10	7.56e-11
 6.99128e+15	9.27e-10	8.56e-05	1.44e-01	8.27e-01	2.98e-02	7.38e-06	0.00e+00	0.00e+00	0.00e+00	5.38e-10	2.85e-10	9.78e-11
 7.15140e+15	1.20e-09	1.05e-04	1.66e-01	8.08e-01	2.58e-02	5.90e-06	0.00e+00	0.00e+00	0.00e+00	6.97e-10	3.69e-10	1.27e-10
 7.30508e+15	1.56e-09	1.29e-04	1.94e-01	7.84e-01	2.22e-02	4.67e-06	0.00e+00	0.00e+00	0.00e+00	9.05e-10	4.80e-10	1.64e-10
 7.45356e+15	2.04e-09	1.59e-04	2.28e-01	7.53e-01	1.87e-02	3.65e-06	0.00e+00	0.00e+00	0.00e+00	1.18e-09	6.27e-10	2.15e-10
 7.59035e+15	2.65e-09	1.97e-04	2.68e-01	7.16e-01	1.56e-02	2.82e-06	0.00e+00	0.00e+00	0.00e+00	1.54e-09	8.14e-10	2.79e-10
 7.71181e+15	3.39e-09	2.41e-04	3.14e-01	6.73e-01	1.29e-02	2.16e-06	0.00e+00	0.00e+00	0.00e+00	1.97e-09	1.04e-09	3.57e-10
 7.81951e+15	4.30e-09	2.94e-04	3.65e-01	6.24e-01	1.05e-02	1.64e-06	0.00e+00	0.00e+00	0.00e+00	2.49e-09	1.32e-09	4.53e-10
 7.90476e+15	5.23e-09	3.46e-04	4.15e-01	5.76e-01	8.64e-03	1.28e-06	0.00e+00	0.00e+00	0.00e+00	3.03e-09	1.61e-09	5.51e-10
 7.96552e+15	6.06e-09	3.92e-04	4.58e-01	5.35e-01	7.31e-03	1.03e-06	0.00e+00	0.00e+00	0.00e+00	3.52e-09	1.87e-09	6.39e-10
 8.01785e+15	6.90e-09	4.37e-04	4.99e-01	4.95e-01	6.19e-03	8.38e-07	0.00e+00	0.00e+00	0.00e+00	4.00e-09	2.12e-09	7.28e-10
 8.07761e+15	8.06e-09	4.98e-04	5.51e-01	4.43e-01	4.94e-03	0.00e+00	0.00e+00	0.00e+00	0.00e+00	4.68e-09	2.48e-09	8.51e-10
 8.14073e+15	9.47e-09	5.70e-04	6.12e-01	3.83e-01	3.74e-03	0.00e+00	0.00e+00	0.00e+00	0.00e+00	5.50e-09	2.92e-09	1.00e-09
 8.19889e+15	1.10e-08	6.45e-04	6.73e-01	3.23e-01	2.74e-03	0.00e+00	0.00e+00	0.00e+00	0.00e+00	6.37e-09	3.38e-09	1.16e-09
 8.25102e+15	1.25e-08	7.16e-04	7.29e-01	2.68e-01	1.96e-03	0.00e+00	0.00e+00	0.00e+00	0.00e+00	7.24e-09	3.84e-09	1.32e-09
 8.29566e+15	1.38e-08	7.79e-04	7.77e-01	2.21e-01	1.41e-03	0.00e+00	0.00e+00	0.00e+00	0.00e+00	8.02e-09	4.26e-09	1.46e-09
 8.34471e+15	1.54e-08	8.48e-04	8.25e-01	1.73e-01	9.30e-04	0.00e+00	0.00e+00	0.00e+00	0.00e+00	8.92e-09	4.74e-09	1.63e-09
 8.40847e+15	1.73e-08	9.30e-04	8.78e-01	1.21e-01	5.08e-04	0.00e+00	0.00e+00	0.00e+00	0.00e+00	1.01e-08	5.34e-09	1.84e-09
 8.48709e+15	1.95e-08	1.01e-03	9.24e-01	7.51e-02	2.25e-04	0.00e+00	0.00e+00	0.00e+00	0.00e+00	1.13e-08	6.01e-09	2.07e-09
 8.57676e+15	2.15e-08	1.08e-03	9.55e-01	4.41e-02	8.76e-05	0.00e+00	0.00e+00	0.00e+00	0.00e+00	1.25e-08	6.65e-09	2.29e-09
 8.68506e+15	2.36e-08	1.14e-03	9.73e-01	2.59e-02	3.09e-05	0.00e+00	0.00e+00	0.00e+00	0.00e+00	1.37e-08	7.28e-09	2.51e-09
 8.82585e+15	2.58e-08	1.20e-03	9.82e-01	1.64e-02	1.02e-05	0.00e+00	0.00e+00	0.00e+00	0.00e+00	1.50e-08	7.97e-09	2.74e-09
 9.00888e+15	2.87e-08	1.26e-03	9.87e-01	1.21e-02	3.35e-06	0.00e+00	0.00e+00	0.00e+00	0.00e+00	1.67e-08	8.85e-09	3.05e-09
 9.24681e+15	3.25e-08	1.33e-03	9.89e-01	1.01e-02	1.05e-06	0.00e+00	0.00e+00	0.00e+00	0.00e+00	1.89e-08	1.00e-08	3.45e-09
 9.55613e+15	3.79e-08	1.43e-03	9.90e-01	8.96e-03	2.95e-07	0.00e+00	0.00e+00	0.00e+00	0.00e+00	2.20e-08	1.17e-08	4.02e-09
 9.92559e+15	4.53e-08	1.55e-03	9.90e-01	8.03e-03	0.00e+00	0.00e+00	0.00e+00	0.00e+00	0.00e+00	2.63e-08	1.40e-08	4.81e-09
 1.03226e+16	5.44e-08	1.69e-03	9.91e-01	7.25e-03	0.00e+00	0.00e+00	0.00e+00	0.00e+00	0.00e+00	3.17e-08	1.68e-08	5.78e-09
 1.07240e+16	6.54e-08	1.83e-03	9.92e-01	6.57e-03	0.00e+00	0.00e+00	0.00e+00	0.00e+00	0.00e+00	3.80e-08	2.02e-08	6.94e-09
 1.11414e+16	7.87e-08	1.99e-03	9.92e-01	5.95e-03	0.00e+00	0.00e+00	0.00e+00	0.00e+00	0.00e+00	4.58e-08	2.43e-08	8.35e-09
 1.15871e+16	9.55e-08	2.17e-03	9.92e-01	5.37e-03	0.00e+00	0.00e+00	0.00e+00	0.00e+00	0.00e+00	5.55e-08	2.95e-08	1.01e-08
 1.20387e+16	1.16e-07	2.36e-03	9.93e-01	4.85e-03	0.00e+00	0.00e+00	0.00e+00	0.00e+00	0.00e+00	6.74e-08	3.58e-08	1.23e-08
 1.24484e+16	1.37e-07	2.54e-03	9.93e-01	4.42e-03	0.00e+00	0.00e+00	0.00e+00	0.00e+00	0.00e+00	7.98e-08	4.24e-08	1.45e-08
 1.28133e+16	1.59e-07	2.72e-03	9.93e-01	4.11e-03	0.00e+00	0.00e+00	0.00e+00	0.00e+00	0.00e+00	9.26e-08	4.92e-08	1.69e-08
 1.32266e+16	1.88e-07	2.92e-03	9.93e-01	3.74e-03	0.00e+00	0.00e+00	0.00e+00	0.00e+00	0.00e+00	1.09e-07	5.80e-08	1.99e-08
 1.37294e+16	2.30e-07	3.18e-03	9.93e-01	3.38e-03	0.00e+00	0.00e+00	0.00e+00	0.00e+00	0.00e+00	1.34e-07	7.10e-08	2.43e-08
 1.42299e+16	2.79e-07	3.46e-03	9.93e-01	3.05e-03	0.00e+00	0.00e+00	0.00e+00	0.00e+00	0.00e+00	1.62e-07	8.63e-08	2.96e-08
 1.46702e+16	3.31e-07	3.72e-03	9.93e-01	2.78e-03	0.00e+00	0.00e+00	0.00e+00	0.00e+00	0.00e+00	1.93e-07	1.02e-07	3.51e-08
 1.51509e+16	3.99e-07	4.02e-03	9.93e-01	2.53e-03	0.00e+00	0.00e+00	0.00e+00	0.00e+00	0.00e+00	2.32e-07	1.23e-07	4.23e-08
 1.57311e+16	5.00e-07	4.41e-03	9.93e-01	2.27e-03	0.00e+00	0.00e+00	0.00e+00	0.00e+00	0.00e+00	2.91e-07	1.55e-07	5.30e-08
 1.63009e+16	6.22e-07	4.83e-03	9.93e-01	2.04e-03	0.00e+00	0.00e+00	0.00e+00	0.00e+00	0.00e+00	3.62e-07	1.92e-07	6.59e-08
 1.67979e+16	7.54e-07	5.22e-03	9.93e-01	1.85e-03	0.00e+00	0.00e+00	0.00e+00	0.00e+00	0.00e+00	4.38e-07	2.33e-07	7.99e-08
 1.73400e+16	9.36e-07	5.68e-03	9.93e-01	1.68e-03	0.00e+00	0.00e+00	0.00e+00	0.00e+00	0.00e+00	5.44e-07	2.90e-07	9.91e-08
 1.79489e+16	1.19e-06	6.25e-03	9.92e-01	1.51e-03	0.00e+00	0.00e+00	0.00e+00	0.00e+00	0.00e+00	6.94e-07	3.70e-07	1.26e-07
 1.85240e+16	1.51e-06	6.84e-03	9.92e-01	1.36e-03	0.00e+00	0.00e+00	0.00e+00	0.00e+00	0.00e+00	8.79e-07	4.69e-07	1.60e-07
 1.90617e+16	1.90e-06	7.45e-03	9.91e-01	1.24e-03	0.00e+00	0.00e+00	0.00e+00	0.00e+00	0.00e+00	1.10e-06	5.88e-07	2.01e-07
 1.96709e+16	2.49e-06	8.22e-03	9.91e-01	1.11e-03	0.00e+00	0.00e+00	0.00e+00	0.00e+00	0.00e+00	1.44e-06	7.71e-07	2.63e-07
 2.03330e+16	3.38e-06	9.19e-03	9.90e-01	9.93e-04	0.00e+00	0.00e+00	0.00e+00	0.00e+00	0.00e+00	1.96e-06	1.05e-06	3.57e-07
 2.09214e+16	4.52e-06	1.02e-02	9.89e-01	8.96e-04	0.00e+00	0.00e+00	0.00e+00	0.00e+00	0.00e+00	2.62e-06	1.40e-06	4.77e-07
 2.14511e+16	5.99e-06	1.13e-02	9.88e-01	8.16e-04	0.00e+00	0.00e+00	0.00e+00	0.00e+00	0.00e+00	3.48e-06	1.86e-06	6.33e-07
 2.19610e+16	8.03e-06	1.25e-02	9.87e-01	7.42e-04	0.00e+00	0.00e+00	0.00e+00	0.00e+00	0.00e+00	4.66e-06	2.49e-06	8.47e-07
 2.24451e+16	1.09e-05	1.39e-02	9.85e-01	6.75e-04	0.00e+00	0.00e+00	0.00e+00	0.00e+00	0.00e+00	6.30e-06	3.36e-06	1.14e-06
 2.29106e+16	1.49e-05	1.55e-02	9.84e-01	6.12e-04	0.00e+00	0.00e+00	0.00e+00	0.00e+00	0.00e+00	8.66e-06	4.62e-06	1.57e-06
 2.33635e+16	2.10e-05	1.76e-02	9.82e-01	5.51e-04	0.00e+00	0.00e+00	0.00e+00	0.00e+00	0.00e+00	1.22e-05	6.50e-06	2.21e-06
 2.37785e+16	2.98e-05	2.00e-02	9.79e-01	4.95e-04	0.00e+00	0.00e+00	0.00e+00	0.00e+00	0.00e+00	1.73e-05	9.21e-06	3.13e-06
 2.41435e+16	4.20e-05	2.29e-02	9.77e-01	4.44e-04	0.00e+00	0.00e+00	0.00e+00	0.00e+00	0.00e+00	2.44e-05	1.30e-05	4.42e-06
 2.43777e+16	5.33e-05	2.51e-02	9.74e-01	4.11e-04	0.00e+00	0.00e+00	0.00e+00	0.00e+00	0.00e+00	3.09e-05	1.65e-05	5.60e-06
 2.44788e+16	5.93e-05	2.62e-02	9.73e-01	3.98e-04	0.00e+00	0.00e+00	0.00e+00	0.00e+00	0.00e+00	3.45e-05	1.83e-05	6.23e-06
 2.45643e+16	6.56e-05	2.73e-02	9.72e-01	3.85e-04	0.00e+00	0.00e+00	0.00e+00	0.00e+00	0.00e+00	3.81e-05	2.03e-05	6.90e-06
 2.46754e+16	7.49e-05	2.89e-02	9.71e-01	3.66e-04	0.00e+00	0.00e+00	0.00e+00	0.00e+00	0.00e+00	4.35e-05	2.32e-05	7.87e-06
 2.48198e+16	8.98e-05	3.11e-02	9.68e-01	3.46e-04	0.00e+00	0.00e+00	0.00e+00	0.00e+00	0.00e+00	5.22e-05	2.78e-05	9.43e-06
 2.49604e+16	1.08e-04	3.36e-02	9.66e-01	3.25e-04	0.00e+00	0.00e+00	0.00e+00	0.00e+00	0.00e+00	6.25e-05	3.33e-05	1.13e-05
 2.50622e+16	1.24e-04	3.57e-02	9.64e-01	3.07e-04	0.00e+00	0.00e+00	0.00e+00	0.00e+00	0.00e+00	7.18e-05	3.82e-05	1.30e-05
 2.51466e+16	1.40e-04	3.76e-02	9.62e-01	2.94e-04	0.00e+00	0.00e+00	0.00e+00	0.00e+00	0.00e+00	8.11e-05	4.31e-05	1.46e-05
 2.52424e+16	1.61e-04	4.01e-02	9.59e-01	2.79e-04	0.00e+00	0.00e+00	0.00e+00	0.00e+00	0.00e+00	9.38e-05	4.99e-05	1.69e-05
 2.53465e+16	1.90e-04	4.31e-02	9.56e-01	2.62e-04	0.00e+00	0.00e+00	0.00e+00	0.00e+00	0.00e+00	1.10e-04	5.86e-05	1.99e-05
 2.54372e+16	2.20e-04	4.61e-02	9.53e-01	2.47e-04	0.00e+00	0.00e+00	0.00e+00	0.00e+00	0.00e+00	1.28e-04	6.81e-05	2.31e-05
 2.55146e+16	2.52e-04	4.90e-02	9.51e-01	2.34e-04	0.00e+00	0.00e+00	0.00e+00	0.00e+00	0.00e+00	1.46e-04	7.77e-05	2.64e-05
 2.55993e+16	2.94e-04	5.26e-02	9.47e-01	2.20e-04	0.00e+00	0.00e+00	0.00e+00	0.00e+00	0.00e+00	1.71e-04	9.08e-05	3.08e-05
 2.56882e+16	3.47e-04	5.69e-02	9.43e-01	2.05e-04	0.00e+00	0.00e+00	0.00e+00	0.00e+00	0.00e+00	2.02e-04	1.07e-04	3.64e-05
 2.57623e+16	4.02e-04	6.09e-02	9.38e-01	1.93e-04	0.00e+00	0.00e+00	0.00e+00	0.00e+00	0.00e+00	2.34e-04	1.24e-04	4.21e-05
 2.58263e+16	4.59e-04	6.49e-02	9.34e-01	1.82e-04	0.00e+00	0.00e+00	0.00e+00	0.00e+00	0.00e+00	2.67e-04	1.42e-04	4.80e-05
 2.58970e+16	5.37e-04	6.99e-02	9.29e-01	1.69e-04	0.00e+00	0.00e+00	0.00e+00	0.00e+00	0.00e+00	3.12e-04	1.66e-04	5.62e-05
 2.59719e+16	6.35e-04	7.59e-02	9.23e-01	1.57e-04	0.00e+00	0.00e+00	0.00e+00	0.00e+00	0.00e+00	3.69e-04	1.96e-04	6.65e-05
 2.60354e+16	7.38e-04	8.16e-02	9.17e-01	1.46e-04	0.00e+00	0.00e+00	0.00e+00	0.00e+00	0.00e+00	4.29e-04	2.28e-04	7.71e-05
 2.60902e+16	8.46e-04	8.73e-02	9.12e-01	1.37e-04	0.00e+00	0.00e+00	0.00e+00	0.00e+00	0.00e+00	4.92e-04	2.61e-04	8.85e-05
 2.61506e+16	9.92e-04	9.44e-02	9.04e-01	1.27e-04	0.00e+00	0.00e+00	0.00e+00	0.00e+00	0.00e+00	5.77e-04	3.06e-04	1.04e-04
 2.62149e+16	1.18e-03	1.03e-01	8.96e-01	1.16e-04	0.00e+00	0.00e+00	0.00e+00	0.00e+00	0.00e+00	6.86e-04	3.64e-04	1.23e-04
 2.62694e+16	1.38e-03	1.11e-01	8.87e-01	1.07e-04	0.00e+00	0.00e+00	0.00e+00	0.00e+00	0.00e+00	8.01e-04	4.25e-04	1.44e-04
 2.63165e+16	1.58e-03	1.19e-01	8.79e-01	1.00e-04	0.00e+00	0.00e+00	0.00e+00	0.00e+00	0.00e+00	9.21e-04	4.89e-04	1.66e-04
 2.63689e+16	1.87e-03	1.30e-01	8.68e-01	9.13e-05	0.00e+00	0.00e+00	0.00e+00	0.00e+00	0.00e+00	1.09e-03	5.76e-04	1.95e-04
 2.64247e+16	2.24e-03	1.42e-01	8.56e-01	8.27e-05	0.00e+00	0.00e+00	0.00e+00	0.00e+00	0.00e+00	1.30e-03	6.90e-04	2.34e-04
 2.64723e+16	2.63e-03	1.54e-01	8.43e-01	7.51e-05	0.00e+00	0.00e+00	0.00e+00	0.00e+00	0.00e+00	1.53e-03	8.11e-04	2.75e-04
 2.65141e+16	3.05e-03	1.66e-01	8.31e-01	6.91e-05	0.00e+00	0.00e+00	0.00e+00	0.00e+00	0.00e+00	1.77e-03	9.40e-04	3.18e-04
 2.65608e+16	3.64e-03	1.81e-01	8.15e-01	6.19e-05	0.00e+00	0.00e+00	0.00e+00	0.00e+00	0.00e+00	2.12e-03	1.12e-03	3.80e-04
 2.66109e+16	4.41e-03	2.00e-01	7.96e-01	5.48e-05	0.00e+00	0.00e+00	0.00e+00	0.00e+00	0.00e+00	2.57e-03	1.36e-03	4.60e-04
 2.66541e+16	5.26e-03	2.18e-01	7.77e-01	4.85e-05	0.00e+00	0.00e+00	0.00e+00	0.00e+00	0.00e+00	3.06e-03	1.62e-03	5.49e-04
 2.66926e+16	6.19e-03	2.36e-01	7.57e-01	4.35e-05	0.00e+00	0.00e+00	0.00e+00	0.00e+00	0.00e+00	3.60e-03	1.91e-03	6.45e-04
 2.67360e+16	7.53e-03	2.60e-01	7.32e-01	3.77e-05	0.00e+00	0.00e+00	0.00e+00	0.00e+00	0.00e+00	4.38e-03	2.32e-03	7.85e-04
 2.67830e+16	9.37e-03	2.90e-01	7.01e-01	3.18e-05	0.00e+00	0.00e+00	0.00e+00	0.00e+00	0.00e+00	5.45e-03	2.88e-03	9.75e-04
 2.68240e+16	1.14e-02	3.19e-01	6.70e-01	2.70e-05	0.00e+00	0.00e+00	0.00e+00	0.00e+00	0.00e+00	6.65e-03	3.52e-03	1.19e-03
 2.68593e+16	1.37e-02	3.47e-01	6.40e-01	2.32e-05	0.00e+00	0.00e+00	0.00e+00	0.00e+00	0.00e+00	7.96e-03	4.21e-03	1.42e-03
 2.68979e+16	1.68e-02	3.81e-01	6.02e-01	1.90e-05	0.00e+00	0.00e+00	0.00e+00	0.00e+00	0.00e+00	9.80e-03	5.18e-03	1.75e-03
 2.69386e+16	2.11e-02	4.21e-01	5.57e-01	1.51e-05	0.00e+00	0.00e+00	0.00e+00	0.00e+00	0.00e+00	1.23e-02	6.49e-03	2.19e-03
 2.69724e+16	2.56e-02	4.58e-01	5.16e-01	1.22e-05	0.00e+00	0.00e+00	0.00e+00	0.00e+00	0.00e+00	1.49e-02	7.88e-03	2.66e-03
