#depth	C	C+	C+2	C+3	C+4	C+5	C+6	C[1]	C[2]	C[3]	C+[1]	C+[2]	CO
 1.49634e+10	0.00e+00	0.00e+00	1.00e-26	1.78e-16	1.65e-05	1.43e-01	8.57e-01	0.00e+00	0.00e+00	0.00e+00	0.00e+00	0.00e+00	0.00e+00
 4.54887e+10	0.00e+00	1.90e-37	1.36e-26	2.22e-16	1.91e-05	1.54e-01	8.46e-01	0.00e+00	0.00e+00	0.00e+00	0.00e+00	0.00e+00	0.00e+00
 7.72350e+10	0.00e+00	0.00e+00	1.84e-26	2.79e-16	2.21e-05	1.64e-01	8.36e-01	0.00e+00	0.00e+00	0.00e+00	0.00e+00	0.00e+00	0.00e+00
 1.10251e+11	0.00e+00	4.08e-37	2.49e-26	3.49e-16	2.56e-05	1.75e-01	8.25e-01	0.00e+00	0.00e+00	0.00e+00	0.00e+00	0.00e+00	0.00e+00
 1.44588e+11	0.00e+00	0.00e+00	3.37e-26	4.36e-16	2.96e-05	1.87e-01	8.13e-01	0.00e+00	0.00e+00	0.00e+00	0.00e+00	0.00e+00	0.00e+00
 1.80298e+11	0.00e+00	8.71e-37	4.55e-26	5.44e-16	3.41e-05	1.99e-01	8.01e-01	0.00e+00	0.00e+00	0.00e+00	0.00e+00	0.00e+00	0.00e+00
 2.17437e+11	0.00e+00	0.00e+00	6.14e-26	6.79e-16	3.93e-05	2.12e-01	7.88e-01	0.00e+00	0.00e+00	0.00e+00	0.00e+00	0.00e+00	0.00e+00
 2.56061e+11	0.00e+00	1.86e-36	8.28e-26	8.46e-16	4.53e-05	2.26e-01	7.74e-01	0.00e+00	0.00e+00	0.00e+00	0.00e+00	0.00e+00	0.00e+00
 2.96231e+11	8.31e-48	2.70e-36	1.12e-25	1.05e-15	5.22e-05	2.40e-01	7.60e-01	0.00e+00	0.00e+00	0.00e+00	0.00e+00	0.00e+00	0.00e+00
 3.33740e+11	0.00e+00	0.00e+00	1.46e-25	1.28e-15	5.91e-05	2.53e-01	7.47e-01	0.00e+00	0.00e+00	0.00e+00	0.00e+00	0.00e+00	0.00e+00
 3.66830e+11	0.00e+00	5.06e-36	1.83e-25	1.51e-15	6.58e-05	2.65e-01	7.35e-01	0.00e+00	0.00e+00	0.00e+00	0.00e+00	0.00e+00	0.00e+00
 4.03766e+11	2.58e-47	6.90e-36	2.34e-25	1.81e-15	7.38e-05	2.78e-01	7.22e-01	0.00e+00	0.00e+00	0.00e+00	0.00e+00	0.00e+00	0.00e+00
 4.48100e+11	0.00e+00	0.00e+00	3.10e-25	2.23e-15	8.41e-05	2.94e-01	7.06e-01	0.00e+00	0.00e+00	0.00e+00	0.00e+00	0.00e+00	0.00e+00
 4.92647e+11	0.00e+00	1.40e-35	4.08e-25	2.72e-15	9.54e-05	3.09e-01	6.91e-01	0.00e+00	0.00e+00	0.00e+00	0.00e+00	0.00e+00	0.00e+00
 5.33629e+11	8.80e-47	1.90e-35	5.19e-25	3.25e-15	1.07e-04	3.23e-01	6.77e-01	0.00e+00	0.00e+00	0.00e+00	0.00e+00	0.00e+00	0.00e+00
 5.79380e+11	0.00e+00	0.00e+00	6.74e-25	3.93e-15	1.20e-04	3.39e-01	6.61e-01	0.00e+00	0.00e+00	0.00e+00	0.00e+00	0.00e+00	0.00e+00
 6.32307e+11	0.00e+00	3.82e-35	8.99e-25	4.85e-15	1.37e-04	3.57e-01	6.43e-01	0.00e+00	0.00e+00	0.00e+00	0.00e+00	0.00e+00	8.53e-169
 6.84046e+11	3.12e-46	5.38e-35	1.18e-24	5.90e-15	1.55e-04	3.74e-01	6.26e-01	0.00e+00	0.00e+00	0.00e+00	0.00e+00	0.00e+00	3.03e-233
 7.33159e+11	0.00e+00	7.38e-35	1.51e-24	7.05e-15	1.73e-04	3.90e-01	6.10e-01	0.00e+00	0.00e+00	0.00e+00	0.00e+00	0.00e+00	7.17e-298
 7.87717e+11	6.90e-46	1.03e-34	1.96e-24	8.54e-15	1.95e-04	4.08e-01	5.92e-01	0.00e+00	0.00e+00	0.00e+00	0.00e+00	0.00e+00	2.69e-145
 8.49152e+11	0.00e+00	1.49e-34	2.61e-24	1.05e-14	2.21e-04	4.27e-01	5.73e-01	0.00e+00	0.00e+00	0.00e+00	0.00e+00	0.00e+00	2.57e-210
 9.11016e+11	1.65e-45	2.11e-34	3.44e-24	1.28e-14	2.50e-04	4.46e-01	5.54e-01	0.00e+00	0.00e+00	0.00e+00	0.00e+00	0.00e+00	1.58e-275
 9.75355e+11	0.00e+00	3.00e-34	4.52e-24	1.56e-14	2.82e-04	4.65e-01	5.35e-01	0.00e+00	0.00e+00	0.00e+00	0.00e+00	0.00e+00	1.39e-165
 1.04430e+12	3.92e-45	4.30e-34	5.99e-24	1.91e-14	3.18e-04	4.84e-01	5.15e-01	0.00e+00	0.00e+00	0.00e+00	0.00e+00	0.00e+00	3.26e-231
 1.11600e+12	0.00e+00	6.16e-34	7.92e-24	2.33e-14	3.60e-04	5.04e-01	4.95e-01	0.00e+00	0.00e+00	0.00e+00	0.00e+00	0.00e+00	4.92e-297
 1.19056e+12	9.40e-45	8.81e-34	1.05e-23	2.85e-14	4.05e-04	5.24e-01	4.76e-01	0.00e+00	0.00e+00	0.00e+00	0.00e+00	0.00e+00	2.42e-142
 1.26811e+12	0.00e+00	1.26e-33	1.38e-23	3.47e-14	4.57e-04	5.44e-01	4.56e-01	0.00e+00	0.00e+00	0.00e+00	0.00e+00	0.00e+00	1.34e-208
 1.34876e+12	2.25e-44	1.80e-33	1.82e-23	4.22e-14	5.14e-04	5.63e-01	4.36e-01	0.00e+00	0.00e+00	0.00e+00	0.00e+00	0.00e+00	2.39e-141
 1.43264e+12	0.00e+00	2.56e-33	2.40e-23	5.14e-14	5.77e-04	5.83e-01	4.17e-01	0.00e+00	0.00e+00	0.00e+00	0.00e+00	0.00e+00	5.00e-208
 1.51987e+12	5.34e-44	3.65e-33	3.15e-23	6.24e-14	6.47e-04	6.02e-01	3.97e-01	0.00e+00	0.00e+00	0.00e+00	0.00e+00	0.00e+00	2.34e-140
 1.61059e+12	0.00e+00	5.19e-33	4.15e-23	7.57e-14	7.25e-04	6.21e-01	3.79e-01	0.00e+00	0.00e+00	0.00e+00	0.00e+00	0.00e+00	1.84e-207
 1.70494e+12	1.27e-43	7.37e-33	5.44e-23	9.17e-14	8.11e-04	6.39e-01	3.60e-01	0.00e+00	0.00e+00	0.00e+00	0.00e+00	0.00e+00	2.30e-139
 1.80307e+12	0.00e+00	1.05e-32	7.14e-23	1.11e-13	9.07e-04	6.57e-01	3.42e-01	0.00e+00	0.00e+00	0.00e+00	0.00e+00	0.00e+00	6.64e-207
 1.89887e+12	2.92e-43	1.45e-32	9.20e-23	1.33e-13	1.01e-03	6.74e-01	3.25e-01	0.00e+00	0.00e+00	0.00e+00	0.00e+00	0.00e+00	2.10e-138
 1.99006e+12	0.00e+00	1.97e-32	1.16e-22	1.56e-13	1.11e-03	6.89e-01	3.10e-01	0.00e+00	0.00e+00	0.00e+00	0.00e+00	0.00e+00	2.37e-206
 2.09115e+12	6.29e-43	2.72e-32	1.49e-22	1.86e-13	1.22e-03	7.04e-01	2.94e-01	0.00e+00	0.00e+00	0.00e+00	0.00e+00	0.00e+00	1.62e-137
 2.20150e+12	0.00e+00	3.81e-32	1.93e-22	2.24e-13	1.36e-03	7.20e-01	2.78e-01	0.00e+00	0.00e+00	0.00e+00	0.00e+00	0.00e+00	6.83e-206
 2.30812e+12	1.40e-42	5.22e-32	2.46e-22	2.65e-13	1.49e-03	7.34e-01	2.64e-01	0.00e+00	0.00e+00	0.00e+00	0.00e+00	0.00e+00	1.38e-136
 2.42224e+12	0.00e+00	7.22e-32	3.16e-22	3.15e-13	1.65e-03	7.49e-01	2.50e-01	0.00e+00	0.00e+00	0.00e+00	0.00e+00	0.00e+00	2.09e-205
 2.54905e+12	3.21e-42	1.02e-31	4.13e-22	3.80e-13	1.83e-03	7.63e-01	2.35e-01	0.00e+00	0.00e+00	0.00e+00	0.00e+00	0.00e+00	1.26e-135
 2.67716e+12	0.00e+00	1.43e-31	5.34e-22	4.55e-13	2.03e-03	7.77e-01	2.21e-01	0.00e+00	0.00e+00	0.00e+00	0.00e+00	0.00e+00	5.81e-205
 2.81040e+12	7.37e-42	2.00e-31	6.92e-22	5.44e-13	2.24e-03	7.90e-01	2.08e-01	0.00e+00	0.00e+00	0.00e+00	0.00e+00	0.00e+00	1.16e-134
 2.95274e+12	0.00e+00	2.84e-31	9.03e-22	6.54e-13	2.49e-03	8.03e-01	1.95e-01	0.00e+00	0.00e+00	0.00e+00	0.00e+00	0.00e+00	1.28e-204
 3.10078e+12	1.73e-41	4.01e-31	1.18e-21	7.87e-13	2.76e-03	8.15e-01	1.82e-01	0.00e+00	0.00e+00	0.00e+00	0.00e+00	0.00e+00	1.15e-133
 3.25473e+12	0.00e+00	5.67e-31	1.54e-21	9.46e-13	3.05e-03	8.26e-01	1.70e-01	0.00e+00	0.00e+00	0.00e+00	0.00e+00	0.00e+00	4.96e-205
 3.41485e+12	4.08e-41	8.02e-31	2.00e-21	1.14e-12	3.38e-03	8.37e-01	1.59e-01	0.00e+00	0.00e+00	0.00e+00	0.00e+00	0.00e+00	1.14e-132
 3.58137e+12	0.00e+00	1.13e-30	2.61e-21	1.36e-12	3.74e-03	8.48e-01	1.49e-01	0.00e+00	0.00e+00	0.00e+00	0.00e+00	0.00e+00	0.00e+00
 3.75455e+12	9.61e-41	1.61e-30	3.41e-21	1.64e-12	4.14e-03	8.57e-01	1.38e-01	0.00e+00	0.00e+00	0.00e+00	0.00e+00	0.00e+00	1.14e-131
 3.93466e+12	0.00e+00	2.27e-30	4.45e-21	1.97e-12	4.58e-03	8.67e-01	1.29e-01	0.00e+00	0.00e+00	0.00e+00	0.00e+00	0.00e+00	0.00e+00
 4.10384e+12	2.18e-40	3.11e-30	5.65e-21	2.33e-12	5.01e-03	8.74e-01	1.21e-01	0.00e+00	0.00e+00	0.00e+00	0.00e+00	0.00e+00	1.02e-130
 4.25480e+12	0.00e+00	4.09e-30	6.96e-21	2.68e-12	5.42e-03	8.81e-01	1.14e-01	0.00e+00	0.00e+00	0.00e+00	0.00e+00	0.00e+00	0.00e+00
 4.42411e+12	4.40e-40	5.50e-30	8.73e-21	3.14e-12	5.90e-03	8.87e-01	1.07e-01	0.00e+00	0.00e+00	0.00e+00	0.00e+00	0.00e+00	6.73e-130
 4.62516e+12	0.00e+00	7.73e-30	1.13e-20	3.75e-12	6.51e-03	8.94e-01	9.95e-02	0.00e+00	0.00e+00	0.00e+00	0.00e+00	0.00e+00	0.00e+00
 4.82652e+12	1.01e-39	1.07e-29	1.46e-20	4.46e-12	7.15e-03	9.00e-01	9.27e-02	0.00e+00	0.00e+00	0.00e+00	0.00e+00	0.00e+00	6.17e-129
 5.01502e+12	0.00e+00	1.44e-29	1.83e-20	5.21e-12	7.78e-03	9.05e-01	8.69e-02	0.00e+00	0.00e+00	0.00e+00	0.00e+00	0.00e+00	0.00e+00
 5.22463e+12	2.16e-39	1.99e-29	2.33e-20	6.16e-12	8.51e-03	9.11e-01	8.10e-02	0.00e+00	0.00e+00	0.00e+00	0.00e+00	0.00e+00	4.78e-128
 5.46355e+12	0.00e+00	2.83e-29	3.05e-20	7.40e-12	9.41e-03	9.16e-01	7.49e-02	0.00e+00	0.00e+00	0.00e+00	0.00e+00	0.00e+00	0.00e+00
 5.70078e+12	5.08e-39	3.97e-29	3.95e-20	8.84e-12	1.03e-02	9.20e-01	6.94e-02	0.00e+00	0.00e+00	0.00e+00	0.00e+00	0.00e+00	4.70e-127
 5.94750e+12	0.00e+00	5.57e-29	5.12e-20	1.05e-11	1.14e-02	9.24e-01	6.43e-02	0.00e+00	0.00e+00	0.00e+00	0.00e+00	0.00e+00	0.00e+00
 6.21533e+12	1.20e-38	7.95e-29	6.72e-20	1.27e-11	1.26e-02	9.28e-01	5.93e-02	0.00e+00	0.00e+00	0.00e+00	0.00e+00	0.00e+00	4.66e-126
 6.48819e+12	0.00e+00	1.13e-28	8.76e-20	1.52e-11	1.39e-02	9.31e-01	5.47e-02	0.00e+00	0.00e+00	0.00e+00	0.00e+00	0.00e+00	0.00e+00
 6.74243e+12	2.72e-38	1.54e-28	1.11e-19	1.79e-11	1.51e-02	9.34e-01	5.09e-02	0.00e+00	0.00e+00	0.00e+00	0.00e+00	0.00e+00	4.16e-125
 6.97659e+12	0.00e+00	2.04e-28	1.38e-19	2.08e-11	1.63e-02	9.36e-01	4.77e-02	0.00e+00	0.00e+00	0.00e+00	0.00e+00	0.00e+00	0.00e+00
 7.24393e+12	5.66e-38	2.79e-28	1.75e-19	2.44e-11	1.78e-02	9.38e-01	4.43e-02	0.00e+00	0.00e+00	0.00e+00	0.00e+00	0.00e+00	2.93e-124
 7.55790e+12	0.00e+00	3.96e-28	2.29e-19	2.94e-11	1.96e-02	9.40e-01	4.08e-02	0.00e+00	0.00e+00	0.00e+00	0.00e+00	0.00e+00	0.00e+00
 7.86822e+12	1.33e-37	5.55e-28	2.96e-19	3.50e-11	2.16e-02	9.41e-01	3.77e-02	0.00e+00	0.00e+00	0.00e+00	0.00e+00	0.00e+00	2.84e-123
 8.15819e+12	0.00e+00	7.53e-28	3.74e-19	4.10e-11	2.34e-02	9.42e-01	3.50e-02	0.00e+00	0.00e+00	0.00e+00	0.00e+00	0.00e+00	0.00e+00
 8.48167e+12	2.90e-37	1.04e-27	4.79e-19	4.86e-11	2.56e-02	9.42e-01	3.24e-02	0.00e+00	0.00e+00	0.00e+00	0.00e+00	0.00e+00	2.27e-122
 8.85086e+12	0.00e+00	1.50e-27	6.32e-19	5.86e-11	2.83e-02	9.42e-01	2.96e-02	0.00e+00	0.00e+00	0.00e+00	0.00e+00	0.00e+00	0.00e+00
 9.21510e+12	6.98e-37	2.12e-27	8.25e-19	7.03e-11	3.11e-02	9.42e-01	2.72e-02	0.00e+00	0.00e+00	0.00e+00	0.00e+00	0.00e+00	2.34e-121
 9.56596e+12	0.00e+00	2.93e-27	1.05e-18	8.30e-11	3.39e-02	9.41e-01	2.51e-02	0.00e+00	0.00e+00	0.00e+00	0.00e+00	0.00e+00	0.00e+00
 9.95057e+12	1.58e-36	4.10e-27	1.36e-18	9.89e-11	3.71e-02	9.40e-01	2.31e-02	0.00e+00	0.00e+00	0.00e+00	0.00e+00	0.00e+00	2.04e-120
 1.03785e+13	0.00e+00	5.93e-27	1.81e-18	1.20e-10	4.09e-02	9.38e-01	2.11e-02	0.00e+00	0.00e+00	0.00e+00	0.00e+00	0.00e+00	0.00e+00
 1.08104e+13	3.87e-36	8.46e-27	2.37e-18	1.44e-10	4.50e-02	9.36e-01	1.92e-02	0.00e+00	0.00e+00	0.00e+00	0.00e+00	0.00e+00	2.19e-119
 1.12596e+13	0.00e+00	1.21e-26	3.12e-18	1.73e-10	4.94e-02	9.33e-01	1.76e-02	0.00e+00	0.00e+00	0.00e+00	0.00e+00	0.00e+00	0.00e+00
 1.17250e+13	9.33e-36	1.72e-26	4.09e-18	2.08e-10	5.43e-02	9.30e-01	1.60e-02	0.00e+00	0.00e+00	0.00e+00	0.00e+00	0.00e+00	2.25e-118
 1.22091e+13	0.00e+00	2.46e-26	5.38e-18	2.51e-10	5.96e-02	9.26e-01	1.46e-02	0.00e+00	0.00e+00	0.00e+00	0.00e+00	0.00e+00	0.00e+00
 1.27274e+13	2.28e-35	3.56e-26	7.13e-18	3.03e-10	6.56e-02	9.21e-01	1.32e-02	0.00e+00	0.00e+00	0.00e+00	0.00e+00	0.00e+00	2.40e-117
 1.32664e+13	0.00e+00	5.13e-26	9.44e-18	3.67e-10	7.22e-02	9.16e-01	1.20e-02	0.00e+00	0.00e+00	0.00e+00	0.00e+00	0.00e+00	0.00e+00
 1.38270e+13	5.66e-35	7.41e-26	1.25e-17	4.43e-10	7.93e-02	9.10e-01	1.09e-02	0.00e+00	0.00e+00	0.00e+00	0.00e+00	0.00e+00	2.64e-116
 1.44100e+13	8.90e-35	1.07e-25	1.66e-17	5.36e-10	8.71e-02	9.03e-01	9.81e-03	0.00e+00	0.00e+00	0.00e+00	0.00e+00	0.00e+00	0.00e+00
 1.50163e+13	1.40e-34	1.54e-25	2.20e-17	6.48e-10	9.56e-02	8.96e-01	8.85e-03	0.00e+00	0.00e+00	0.00e+00	0.00e+00	0.00e+00	2.89e-115
 1.55661e+13	2.08e-34	2.12e-25	2.81e-17	7.65e-10	1.04e-01	8.88e-01	8.09e-03	0.00e+00	0.00e+00	0.00e+00	0.00e+00	0.00e+00	1.27e-97
 1.60265e+13	2.85e-34	2.75e-25	3.43e-17	8.74e-10	1.11e-01	8.82e-01	7.51e-03	0.00e+00	0.00e+00	0.00e+00	0.00e+00	0.00e+00	0.00e+00
 1.65318e+13	4.00e-34	3.61e-25	4.23e-17	1.01e-09	1.18e-01	8.75e-01	6.93e-03	0.00e+00	0.00e+00	0.00e+00	0.00e+00	0.00e+00	4.66e-114
 1.71687e+13	6.05e-34	5.05e-25	5.47e-17	1.20e-09	1.29e-01	8.65e-01	6.28e-03	0.00e+00	0.00e+00	0.00e+00	0.00e+00	0.00e+00	1.38e-96
 1.78316e+13	9.13e-34	7.05e-25	7.08e-17	1.42e-09	1.40e-01	8.55e-01	5.68e-03	0.00e+00	0.00e+00	0.00e+00	0.00e+00	0.00e+00	5.51e-286
 1.84001e+13	1.28e-33	9.29e-25	8.76e-17	1.64e-09	1.49e-01	8.46e-01	5.22e-03	0.00e+00	0.00e+00	0.00e+00	0.00e+00	0.00e+00	1.02e-112
 1.89912e+13	1.80e-33	1.22e-24	1.08e-16	1.89e-09	1.59e-01	8.36e-01	4.79e-03	0.00e+00	0.00e+00	0.00e+00	0.00e+00	0.00e+00	1.57e-95
 1.97267e+13	2.70e-33	1.70e-24	1.40e-16	2.24e-09	1.73e-01	8.23e-01	4.32e-03	0.00e+00	0.00e+00	0.00e+00	0.00e+00	0.00e+00	2.93e-283
 2.04717e+13	4.02e-33	2.35e-24	1.79e-16	2.65e-09	1.86e-01	8.10e-01	3.89e-03	0.00e+00	0.00e+00	0.00e+00	0.00e+00	0.00e+00	2.14e-111
 2.11217e+13	5.59e-33	3.07e-24	2.20e-16	3.04e-09	1.98e-01	7.98e-01	3.57e-03	0.00e+00	0.00e+00	0.00e+00	0.00e+00	0.00e+00	1.96e-94
 2.18268e+13	7.88e-33	4.05e-24	2.73e-16	3.51e-09	2.11e-01	7.86e-01	3.25e-03	0.00e+00	0.00e+00	0.00e+00	0.00e+00	0.00e+00	1.31e-110
 2.26848e+13	1.18e-32	5.61e-24	3.51e-16	4.14e-09	2.28e-01	7.70e-01	2.91e-03	0.00e+00	0.00e+00	0.00e+00	0.00e+00	0.00e+00	1.04e-93
 2.35577e+13	1.74e-32	7.70e-24	4.49e-16	4.87e-09	2.44e-01	7.53e-01	2.61e-03	0.00e+00	0.00e+00	0.00e+00	0.00e+00	0.00e+00	1.11e-109
 2.43594e+13	2.45e-32	1.02e-23	5.56e-16	5.61e-09	2.60e-01	7.38e-01	2.36e-03	0.00e+00	0.00e+00	0.00e+00	0.00e+00	0.00e+00	5.39e-93
 2.52526e+13	3.52e-32	1.36e-23	6.98e-16	6.52e-09	2.77e-01	7.21e-01	2.12e-03	0.00e+00	0.00e+00	0.00e+00	0.00e+00	0.00e+00	7.58e-109
 2.62876e+13	5.28e-32	1.89e-23	8.98e-16	7.70e-09	2.97e-01	7.01e-01	1.88e-03	0.00e+00	0.00e+00	0.00e+00	0.00e+00	0.00e+00	3.05e-92
 2.73078e+13	7.70e-32	2.57e-23	1.14e-15	8.98e-09	3.16e-01	6.82e-01	1.67e-03	0.00e+00	0.00e+00	0.00e+00	0.00e+00	0.00e+00	6.48e-108
 2.82853e+13	1.09e-31	3.40e-23	1.41e-15	1.03e-08	3.35e-01	6.64e-01	1.50e-03	0.00e+00	0.00e+00	0.00e+00	0.00e+00	0.00e+00	1.59e-91
 2.93631e+13	1.57e-31	4.56e-23	1.76e-15	1.20e-08	3.55e-01	6.44e-01	1.34e-03	0.00e+00	0.00e+00	0.00e+00	0.00e+00	0.00e+00	4.64e-107
 3.05675e+13	2.31e-31	6.23e-23	2.24e-15	1.40e-08	3.77e-01	6.22e-01	1.18e-03	0.00e+00	0.00e+00	0.00e+00	0.00e+00	0.00e+00	8.89e-91
 3.16628e+13	3.23e-31	8.17e-23	2.76e-15	1.60e-08	3.97e-01	6.02e-01	1.05e-03	0.00e+00	0.00e+00	0.00e+00	0.00e+00	0.00e+00	3.53e-106
 3.25853e+13	4.23e-31	1.02e-22	3.26e-15	1.78e-08	4.13e-01	5.86e-01	9.59e-04	0.00e+00	0.00e+00	0.00e+00	0.00e+00	0.00e+00	3.63e-90
 3.35999e+13	5.64e-31	1.28e-22	3.89e-15	1.99e-08	4.30e-01	5.69e-01	8.68e-04	0.00e+00	0.00e+00	0.00e+00	0.00e+00	0.00e+00	1.72e-105
 3.47447e+13	7.71e-31	1.65e-22	4.71e-15	2.24e-08	4.50e-01	5.50e-01	7.77e-04	0.00e+00	0.00e+00	0.00e+00	0.00e+00	0.00e+00	1.47e-89
 3.58401e+13	1.03e-30	2.07e-22	5.61e-15	2.51e-08	4.68e-01	5.32e-01	7.01e-04	0.00e+00	0.00e+00	0.00e+00	0.00e+00	0.00e+00	9.50e-105
 3.70453e+13	1.39e-30	2.64e-22	6.74e-15	2.81e-08	4.87e-01	5.13e-01	6.27e-04	0.00e+00	0.00e+00	0.00e+00	0.00e+00	0.00e+00	5.89e-89
 3.83844e+13	1.92e-30	3.42e-22	8.19e-15	3.18e-08	5.07e-01	4.92e-01	5.56e-04	0.00e+00	0.00e+00	0.00e+00	0.00e+00	0.00e+00	5.78e-104
 3.96396e+13	2.57e-30	4.32e-22	9.76e-15	3.55e-08	5.25e-01	4.74e-01	4.98e-04	0.00e+00	0.00e+00	0.00e+00	0.00e+00	0.00e+00	2.52e-88
 4.10135e+13	3.48e-30	5.50e-22	1.17e-14	3.98e-08	5.45e-01	4.55e-01	4.43e-04	0.00e+00	0.00e+00	0.00e+00	0.00e+00	0.00e+00	3.27e-103
 4.25584e+13	4.83e-30	7.15e-22	1.43e-14	4.49e-08	5.66e-01	4.34e-01	3.89e-04	0.00e+00	0.00e+00	0.00e+00	0.00e+00	0.00e+00	1.15e-87
 4.40337e+13	6.53e-30	9.08e-22	1.71e-14	5.01e-08	5.84e-01	4.15e-01	3.45e-04	0.00e+00	0.00e+00	0.00e+00	0.00e+00	0.00e+00	2.08e-102
 4.56503e+13	8.95e-30	1.17e-21	2.06e-14	5.62e-08	6.04e-01	3.96e-01	3.04e-04	0.00e+00	0.00e+00	0.00e+00	0.00e+00	0.00e+00	5.10e-87
 4.73633e+13	1.23e-29	1.50e-21	2.49e-14	6.30e-08	6.24e-01	3.76e-01	2.66e-04	0.00e+00	0.00e+00	0.00e+00	0.00e+00	0.00e+00	1.37e-101
 4.88618e+13	1.61e-29	1.86e-21	2.91e-14	6.94e-08	6.40e-01	3.60e-01	2.38e-04	0.00e+00	0.00e+00	0.00e+00	0.00e+00	0.00e+00	2.14e-86
 5.04613e+13	2.12e-29	2.31e-21	3.42e-14	7.64e-08	6.56e-01	3.44e-01	2.11e-04	0.00e+00	0.00e+00	0.00e+00	0.00e+00	0.00e+00	7.03e-101
 5.24076e+13	2.93e-29	2.98e-21	4.13e-14	8.55e-08	6.75e-01	3.25e-01	1.84e-04	0.00e+00	0.00e+00	0.00e+00	0.00e+00	0.00e+00	9.38e-86
 5.43470e+13	3.99e-29	3.81e-21	4.94e-14	9.51e-08	6.92e-01	3.07e-01	1.61e-04	0.00e+00	0.00e+00	0.00e+00	0.00e+00	0.00e+00	4.73e-100
 5.60583e+13	5.18e-29	4.67e-21	5.74e-14	1.04e-07	7.07e-01	2.93e-01	1.43e-04	0.00e+00	0.00e+00	0.00e+00	0.00e+00	0.00e+00	3.85e-85
 5.79311e+13	6.82e-29	5.80e-21	6.73e-14	1.14e-07	7.22e-01	2.78e-01	1.27e-04	0.00e+00	0.00e+00	0.00e+00	0.00e+00	0.00e+00	2.43e-99
 6.01844e+13	9.38e-29	7.45e-21	8.08e-14	1.27e-07	7.38e-01	2.62e-01	1.10e-04	0.00e+00	0.00e+00	0.00e+00	0.00e+00	0.00e+00	1.71e-84
 6.24387e+13	1.27e-28	9.46e-21	9.62e-14	1.40e-07	7.53e-01	2.47e-01	9.53e-05	0.00e+00	0.00e+00	0.00e+00	0.00e+00	0.00e+00	1.65e-98
 6.44891e+13	1.66e-28	1.17e-20	1.12e-13	1.53e-07	7.66e-01	2.34e-01	8.43e-05	0.00e+00	0.00e+00	0.00e+00	0.00e+00	0.00e+00	7.23e-84
 6.67679e+13	2.21e-28	1.46e-20	1.31e-13	1.68e-07	7.79e-01	2.21e-01	7.39e-05	0.00e+00	0.00e+00	0.00e+00	0.00e+00	0.00e+00	9.12e-98
 6.94320e+13	3.04e-28	1.87e-20	1.58e-13	1.87e-07	7.94e-01	2.06e-01	6.34e-05	0.00e+00	0.00e+00	0.00e+00	0.00e+00	0.00e+00	3.38e-83
 7.20601e+13	4.12e-28	2.37e-20	1.87e-13	2.05e-07	8.07e-01	1.93e-01	5.50e-05	0.00e+00	0.00e+00	0.00e+00	0.00e+00	0.00e+00	6.36e-97
 7.45472e+13	5.43e-28	2.94e-20	2.18e-13	2.24e-07	8.18e-01	1.82e-01	4.82e-05	0.00e+00	0.00e+00	0.00e+00	0.00e+00	0.00e+00	1.50e-82
 7.73129e+13	7.29e-28	3.69e-20	2.57e-13	2.46e-07	8.29e-01	1.71e-01	4.18e-05	0.00e+00	0.00e+00	0.00e+00	0.00e+00	0.00e+00	3.81e-96
 8.04354e+13	1.00e-27	4.73e-20	3.07e-13	2.71e-07	8.41e-01	1.59e-01	3.58e-05	0.00e+00	0.00e+00	0.00e+00	0.00e+00	0.00e+00	7.33e-82
 8.35739e+13	1.37e-27	6.01e-20	3.63e-13	2.98e-07	8.51e-01	1.49e-01	3.08e-05	0.00e+00	0.00e+00	0.00e+00	0.00e+00	0.00e+00	2.76e-95
 8.68379e+13	1.86e-27	7.62e-20	4.30e-13	3.27e-07	8.61e-01	1.39e-01	2.65e-05	0.00e+00	0.00e+00	0.00e+00	0.00e+00	0.00e+00	3.66e-81
 9.03413e+13	2.55e-27	9.74e-20	5.12e-13	3.60e-07	8.71e-01	1.29e-01	2.26e-05	0.00e+00	0.00e+00	0.00e+00	0.00e+00	0.00e+00	2.00e-94
 9.39849e+13	3.51e-27	1.24e-19	6.08e-13	3.96e-07	8.80e-01	1.20e-01	1.94e-05	0.00e+00	0.00e+00	0.00e+00	0.00e+00	0.00e+00	1.92e-80
 9.75739e+13	4.73e-27	1.57e-19	7.15e-13	4.32e-07	8.88e-01	1.12e-01	1.67e-05	0.00e+00	0.00e+00	0.00e+00	0.00e+00	0.00e+00	1.42e-93
 1.00916e+14	6.18e-27	1.92e-19	8.27e-13	4.68e-07	8.95e-01	1.05e-01	1.46e-05	0.00e+00	0.00e+00	0.00e+00	0.00e+00	0.00e+00	8.59e-80
 1.03933e+14	7.82e-27	2.30e-19	9.38e-13	5.01e-07	9.01e-01	9.91e-02	1.30e-05	0.00e+00	0.00e+00	0.00e+00	0.00e+00	0.00e+00	7.11e-93
 1.07168e+14	9.99e-27	2.78e-19	1.07e-12	5.37e-07	9.06e-01	9.35e-02	1.15e-05	0.00e+00	0.00e+00	0.00e+00	0.00e+00	0.00e+00	3.06e-79
 1.11191e+14	1.34e-26	3.48e-19	1.25e-12	5.85e-07	9.13e-01	8.72e-02	9.92e-06	0.00e+00	0.00e+00	0.00e+00	0.00e+00	0.00e+00	3.98e-92
 1.15222e+14	1.78e-26	4.32e-19	1.45e-12	6.34e-07	9.19e-01	8.14e-02	8.61e-06	0.00e+00	0.00e+00	0.00e+00	0.00e+00	0.00e+00	1.41e-78
 1.18690e+14	2.25e-26	5.18e-19	1.65e-12	6.77e-07	9.23e-01	7.70e-02	7.65e-06	0.00e+00	0.00e+00	0.00e+00	0.00e+00	0.00e+00	2.11e-91
 1.22443e+14	2.88e-26	6.25e-19	1.88e-12	7.26e-07	9.27e-01	7.25e-02	6.76e-06	0.00e+00	0.00e+00	0.00e+00	0.00e+00	0.00e+00	5.16e-78
 1.27070e+14	3.87e-26	7.83e-19	2.19e-12	7.88e-07	9.32e-01	6.75e-02	5.83e-06	0.00e+00	0.00e+00	0.00e+00	0.00e+00	0.00e+00	1.21e-90
 1.31693e+14	5.14e-26	9.72e-19	2.55e-12	8.53e-07	9.37e-01	6.30e-02	5.05e-06	0.00e+00	0.00e+00	0.00e+00	0.00e+00	0.00e+00	2.43e-77
 1.35687e+14	6.52e-26	1.16e-18	2.88e-12	9.10e-07	9.41e-01	5.95e-02	4.49e-06	0.00e+00	0.00e+00	0.00e+00	0.00e+00	0.00e+00	6.48e-90
 1.40004e+14	8.37e-26	1.41e-18	3.28e-12	9.73e-07	9.44e-01	5.60e-02	3.96e-06	0.00e+00	0.00e+00	0.00e+00	0.00e+00	0.00e+00	9.03e-77
 1.45308e+14	1.12e-25	1.76e-18	3.83e-12	1.06e-06	9.48e-01	5.21e-02	3.42e-06	0.00e+00	0.00e+00	0.00e+00	0.00e+00	0.00e+00	1.99e-76
 1.50655e+14	1.50e-25	2.19e-18	4.45e-12	1.14e-06	9.51e-01	4.86e-02	2.96e-06	0.00e+00	0.00e+00	0.00e+00	0.00e+00	0.00e+00	4.34e-76
 1.55399e+14	1.92e-25	2.64e-18	5.05e-12	1.22e-06	9.54e-01	4.57e-02	2.62e-06	0.00e+00	0.00e+00	0.00e+00	0.00e+00	0.00e+00	8.47e-76
 1.60596e+14	2.49e-25	3.22e-18	5.78e-12	1.31e-06	9.57e-01	4.29e-02	2.30e-06	0.00e+00	0.00e+00	0.00e+00	0.00e+00	0.00e+00	1.72e-75
 1.66820e+14	3.37e-25	4.05e-18	6.75e-12	1.42e-06	9.60e-01	3.98e-02	1.97e-06	0.00e+00	0.00e+00	0.00e+00	0.00e+00	0.00e+00	3.90e-75
 1.73010e+14	4.50e-25	5.04e-18	7.83e-12	1.53e-06	9.63e-01	3.71e-02	1.71e-06	0.00e+00	0.00e+00	0.00e+00	0.00e+00	0.00e+00	8.58e-75
 1.78656e+14	5.81e-25	6.11e-18	8.93e-12	1.63e-06	9.65e-01	3.48e-02	1.50e-06	0.00e+00	0.00e+00	0.00e+00	0.00e+00	0.00e+00	1.72e-74
 1.84959e+14	7.66e-25	7.53e-18	1.03e-11	1.76e-06	9.67e-01	3.26e-02	1.31e-06	0.00e+00	0.00e+00	0.00e+00	0.00e+00	0.00e+00	3.65e-74
 1.92308e+14	1.04e-24	9.51e-18	1.20e-11	1.91e-06	9.70e-01	3.02e-02	1.12e-06	0.00e+00	0.00e+00	0.00e+00	0.00e+00	0.00e+00	8.47e-74
 1.99544e+14	1.40e-24	1.19e-17	1.40e-11	2.06e-06	9.72e-01	2.81e-02	9.68e-07	0.00e+00	0.00e+00	0.00e+00	0.00e+00	0.00e+00	1.89e-73
 2.06404e+14	1.83e-24	1.45e-17	1.60e-11	2.20e-06	9.74e-01	2.63e-02	0.00e+00	0.00e+00	0.00e+00	0.00e+00	0.00e+00	0.00e+00	3.94e-73
 2.14024e+14	2.45e-24	1.81e-17	1.86e-11	2.38e-06	9.76e-01	2.45e-02	0.00e+00	0.00e+00	0.00e+00	0.00e+00	0.00e+00	0.00e+00	8.66e-73
 2.22615e+14	3.34e-24	2.29e-17	2.18e-11	2.58e-06	9.77e-01	2.26e-02	0.00e+00	0.00e+00	0.00e+00	0.00e+00	0.00e+00	0.00e+00	2.03e-72
 2.31255e+14	4.53e-24	2.87e-17	2.54e-11	2.79e-06	9.79e-01	2.10e-02	0.00e+00	0.00e+00	0.00e+00	0.00e+00	0.00e+00	0.00e+00	4.66e-72
 2.40240e+14	6.13e-24	3.61e-17	2.96e-11	3.01e-06	9.81e-01	1.95e-02	0.00e+00	0.00e+00	0.00e+00	0.00e+00	0.00e+00	0.00e+00	1.07e-71
 2.49879e+14	8.37e-24	4.57e-17	3.46e-11	3.26e-06	9.82e-01	1.80e-02	0.00e+00	0.00e+00	0.00e+00	0.00e+00	1.46e-17	3.10e-17	2.50e-71
 2.59222e+14	1.12e-23	5.69e-17	4.02e-11	3.52e-06	9.83e-01	1.67e-02	0.00e+00	0.00e+00	0.00e+00	0.00e+00	1.89e-17	3.80e-17	5.54e-71
 2.68023e+14	1.46e-23	6.95e-17	4.60e-11	3.77e-06	9.84e-01	1.57e-02	0.00e+00	0.00e+00	0.00e+00	0.00e+00	2.31e-17	4.64e-17	1.14e-70
 2.77859e+14	1.94e-23	8.61e-17	5.31e-11	4.06e-06	9.85e-01	1.46e-02	0.00e+00	0.00e+00	0.00e+00	0.00e+00	2.86e-17	5.75e-17	2.49e-70
 2.87765e+14	2.57e-23	1.06e-16	6.12e-11	4.36e-06	9.86e-01	1.36e-02	0.00e+00	0.00e+00	0.00e+00	0.00e+00	3.52e-17	7.09e-17	5.32e-70
 2.96006e+14	3.21e-23	1.26e-16	6.86e-11	4.62e-06	9.87e-01	1.29e-02	0.00e+00	0.00e+00	0.00e+00	0.00e+00	4.17e-17	8.40e-17	9.81e-70
 3.04739e+14	4.04e-23	1.50e-16	7.71e-11	4.90e-06	9.88e-01	1.21e-02	0.00e+00	0.00e+00	0.00e+00	0.00e+00	4.96e-17	9.99e-17	1.84e-69
 3.15883e+14	5.37e-23	1.85e-16	8.92e-11	5.28e-06	9.89e-01	1.13e-02	0.00e+00	0.00e+00	0.00e+00	0.00e+00	6.15e-17	1.24e-16	3.98e-69
 3.27541e+14	7.15e-23	2.30e-16	1.03e-10	5.69e-06	9.90e-01	1.05e-02	0.00e+00	0.00e+00	0.00e+00	0.00e+00	7.64e-17	1.54e-16	8.78e-69
 3.37860e+14	9.13e-23	2.77e-16	1.17e-10	6.06e-06	9.90e-01	9.84e-03	0.00e+00	0.00e+00	0.00e+00	0.00e+00	9.19e-17	1.85e-16	1.70e-68
 3.49056e+14	1.18e-22	3.36e-16	1.34e-10	6.48e-06	9.91e-01	9.21e-03	0.00e+00	0.00e+00	0.00e+00	0.00e+00	1.12e-16	2.25e-16	3.42e-68
 3.62508e+14	1.59e-22	4.21e-16	1.56e-10	7.01e-06	9.91e-01	8.53e-03	0.00e+00	0.00e+00	0.00e+00	0.00e+00	1.40e-16	2.81e-16	7.68e-68
 3.76119e+14	2.13e-22	5.25e-16	1.81e-10	7.57e-06	9.92e-01	7.92e-03	0.00e+00	0.00e+00	0.00e+00	0.00e+00	1.74e-16	3.51e-16	1.70e-67
 3.88895e+14	2.77e-22	6.42e-16	2.07e-10	8.11e-06	9.93e-01	7.40e-03	0.00e+00	0.00e+00	0.00e+00	0.00e+00	2.13e-16	4.29e-16	3.48e-67
 4.03101e+14	3.68e-22	7.95e-16	2.40e-10	8.74e-06	9.93e-01	6.87e-03	0.00e+00	0.00e+00	0.00e+00	0.00e+00	2.64e-16	5.31e-16	7.49e-67
 4.18117e+14	4.91e-22	9.89e-16	2.78e-10	9.42e-06	9.94e-01	6.38e-03	0.00e+00	0.00e+00	0.00e+00	0.00e+00	3.28e-16	6.61e-16	1.64e-66
 4.31458e+14	6.29e-22	1.19e-15	3.16e-10	1.01e-05	9.94e-01	5.99e-03	0.00e+00	0.00e+00	0.00e+00	0.00e+00	3.96e-16	7.97e-16	3.22e-66
 4.45818e+14	8.14e-22	1.45e-15	3.61e-10	1.08e-05	9.94e-01	5.60e-03	0.00e+00	0.00e+00	0.00e+00	0.00e+00	4.81e-16	9.69e-16	6.48e-66
 4.63029e+14	1.10e-21	1.82e-15	4.22e-10	1.17e-05	9.95e-01	5.18e-03	0.00e+00	0.00e+00	0.00e+00	0.00e+00	6.03e-16	1.22e-15	1.46e-65
 4.79980e+14	1.46e-21	2.26e-15	4.88e-10	1.26e-05	9.95e-01	4.81e-03	0.00e+00	0.00e+00	0.00e+00	0.00e+00	7.48e-16	1.51e-15	3.15e-65
 4.95091e+14	1.86e-21	2.71e-15	5.54e-10	1.34e-05	9.95e-01	4.51e-03	0.00e+00	0.00e+00	0.00e+00	0.00e+00	9.00e-16	1.81e-15	6.12e-65
 5.11775e+14	2.41e-21	3.31e-15	6.34e-10	1.44e-05	9.96e-01	4.22e-03	0.00e+00	0.00e+00	0.00e+00	0.00e+00	1.10e-15	2.21e-15	1.24e-64
 5.31644e+14	3.25e-21	4.15e-15	7.41e-10	1.55e-05	9.96e-01	3.90e-03	0.00e+00	0.00e+00	0.00e+00	0.00e+00	1.38e-15	2.77e-15	2.79e-64
 5.51336e+14	4.33e-21	5.15e-15	8.59e-10	1.68e-05	9.96e-01	3.62e-03	0.00e+00	0.00e+00	0.00e+00	0.00e+00	1.71e-15	3.44e-15	6.07e-64
 5.69331e+14	5.57e-21	6.24e-15	9.78e-10	1.79e-05	9.97e-01	3.39e-03	0.00e+00	0.00e+00	0.00e+00	0.00e+00	2.07e-15	4.17e-15	1.21e-63
 5.89435e+14	7.31e-21	7.66e-15	1.13e-09	1.93e-05	9.97e-01	3.15e-03	0.00e+00	0.00e+00	0.00e+00	0.00e+00	2.54e-15	5.12e-15	2.52e-63
 6.12829e+14	9.91e-21	9.66e-15	1.32e-09	2.09e-05	9.97e-01	2.91e-03	0.00e+00	0.00e+00	0.00e+00	0.00e+00	3.20e-15	6.46e-15	5.79e-63
 6.35809e+14	1.32e-20	1.20e-14	1.53e-09	2.25e-05	9.97e-01	2.70e-03	0.00e+00	0.00e+00	0.00e+00	0.00e+00	3.98e-15	8.04e-15	1.27e-62
 6.57552e+14	1.72e-20	1.47e-14	1.75e-09	2.42e-05	9.97e-01	2.52e-03	0.00e+00	0.00e+00	0.00e+00	0.00e+00	4.86e-15	9.81e-15	2.60e-62
 6.81727e+14	2.28e-20	1.82e-14	2.03e-09	2.60e-05	9.98e-01	2.34e-03	0.00e+00	0.00e+00	0.00e+00	0.00e+00	6.02e-15	1.22e-14	5.62e-62
 7.09026e+14	3.10e-20	2.29e-14	2.38e-09	2.82e-05	9.98e-01	2.15e-03	0.00e+00	0.00e+00	0.00e+00	0.00e+00	7.60e-15	1.53e-14	1.29e-61
 7.34917e+14	4.11e-20	2.84e-14	2.75e-09	3.04e-05	9.98e-01	2.00e-03	0.00e+00	0.00e+00	0.00e+00	0.00e+00	9.40e-15	1.90e-14	2.80e-61
 7.58492e+14	5.26e-20	3.42e-14	3.12e-09	3.24e-05	9.98e-01	1.88e-03	0.00e+00	0.00e+00	0.00e+00	0.00e+00	1.13e-14	2.29e-14	5.47e-61
 7.85173e+14	6.89e-20	4.20e-14	3.59e-09	3.48e-05	9.98e-01	1.75e-03	0.00e+00	0.00e+00	0.00e+00	0.00e+00	1.39e-14	2.81e-14	1.15e-60
 8.16273e+14	9.32e-20	5.28e-14	4.20e-09	3.78e-05	9.98e-01	1.61e-03	0.00e+00	0.00e+00	0.00e+00	0.00e+00	1.75e-14	3.53e-14	2.61e-60
 8.46057e+14	1.24e-19	6.54e-14	4.85e-09	4.06e-05	9.98e-01	1.50e-03	0.00e+00	0.00e+00	0.00e+00	0.00e+00	2.16e-14	4.37e-14	5.65e-60
 8.70673e+14	1.55e-19	7.75e-14	5.44e-09	4.31e-05	9.99e-01	1.41e-03	0.00e+00	0.00e+00	0.00e+00	0.00e+00	2.56e-14	5.18e-14	1.05e-59
 8.95635e+14	1.93e-19	9.15e-14	6.10e-09	4.57e-05	9.99e-01	1.33e-03	0.00e+00	0.00e+00	0.00e+00	0.00e+00	3.03e-14	6.13e-14	1.91e-59
 9.27953e+14	2.55e-19	1.13e-13	7.03e-09	4.91e-05	9.99e-01	1.24e-03	0.00e+00	0.00e+00	0.00e+00	0.00e+00	3.74e-14	7.56e-14	4.09e-59
 9.61410e+14	3.36e-19	1.39e-13	8.11e-09	5.28e-05	9.99e-01	1.15e-03	0.00e+00	0.00e+00	0.00e+00	0.00e+00	4.61e-14	9.32e-14	8.73e-59
 9.89690e+14	4.22e-19	1.65e-13	9.11e-09	5.60e-05	9.99e-01	1.09e-03	0.00e+00	0.00e+00	0.00e+00	0.00e+00	5.47e-14	1.11e-13	1.63e-58
 1.01967e+15	5.33e-19	1.97e-13	1.03e-08	5.95e-05	9.99e-01	1.02e-03	0.00e+00	0.00e+00	0.00e+00	0.00e+00	6.53e-14	1.32e-13	3.09e-58
 1.05736e+15	7.09e-19	2.45e-13	1.19e-08	6.41e-05	9.99e-01	9.47e-04	0.00e+00	0.00e+00	0.00e+00	0.00e+00	8.10e-14	1.64e-13	6.76e-58
 1.09622e+15	9.42e-19	3.04e-13	1.37e-08	6.91e-05	9.99e-01	8.80e-04	0.00e+00	0.00e+00	0.00e+00	0.00e+00	1.00e-13	2.03e-13	1.47e-57
 1.13027e+15	1.20e-18	3.64e-13	1.55e-08	7.35e-05	9.99e-01	8.26e-04	0.00e+00	0.00e+00	0.00e+00	0.00e+00	1.20e-13	2.44e-13	2.86e-57
 1.16694e+15	1.54e-18	4.40e-13	1.77e-08	7.85e-05	9.99e-01	7.74e-04	0.00e+00	0.00e+00	0.00e+00	0.00e+00	1.45e-13	2.95e-13	5.66e-57
 1.21144e+15	2.07e-18	5.50e-13	2.05e-08	8.46e-05	9.99e-01	7.17e-04	0.00e+00	0.00e+00	0.00e+00	0.00e+00	1.82e-13	3.69e-13	1.28e-56
 1.25572e+15	2.74e-18	6.80e-13	2.37e-08	9.12e-05	9.99e-01	6.65e-04	0.00e+00	0.00e+00	0.00e+00	0.00e+00	2.24e-13	4.56e-13	2.75e-56
 1.29488e+15	3.49e-18	8.17e-13	2.68e-08	9.70e-05	9.99e-01	6.25e-04	0.00e+00	0.00e+00	0.00e+00	0.00e+00	2.69e-13	5.47e-13	5.36e-56
 1.33778e+15	4.50e-18	9.91e-13	3.06e-08	1.04e-04	9.99e-01	5.84e-04	0.00e+00	0.00e+00	0.00e+00	0.00e+00	3.27e-13	6.64e-13	1.08e-55
 1.38927e+15	6.05e-18	1.24e-12	3.56e-08	1.12e-04	9.99e-01	5.41e-04	0.00e+00	0.00e+00	0.00e+00	0.00e+00	4.08e-13	8.31e-13	2.45e-55
 1.44057e+15	8.04e-18	1.54e-12	4.12e-08	1.21e-04	9.99e-01	5.02e-04	0.00e+00	0.00e+00	0.00e+00	0.00e+00	5.06e-13	1.03e-12	5.34e-55
 1.48702e+15	1.03e-17	1.85e-12	4.68e-08	1.29e-04	9.99e-01	4.70e-04	0.00e+00	0.00e+00	0.00e+00	0.00e+00	6.11e-13	1.24e-12	1.06e-54
 1.53859e+15	1.34e-17	2.27e-12	5.37e-08	1.38e-04	9.99e-01	4.37e-04	0.00e+00	0.00e+00	0.00e+00	0.00e+00	7.46e-13	1.52e-12	2.19e-54
 1.59910e+15	1.82e-17	2.85e-12	6.27e-08	1.49e-04	9.99e-01	4.04e-04	0.00e+00	0.00e+00	0.00e+00	0.00e+00	9.38e-13	1.91e-12	5.05e-54
 1.65881e+15	2.41e-17	3.54e-12	7.27e-08	1.61e-04	9.99e-01	3.74e-04	0.00e+00	0.00e+00	0.00e+00	0.00e+00	1.16e-12	2.37e-12	1.10e-53
 1.71466e+15	3.12e-17	4.30e-12	8.31e-08	1.73e-04	9.99e-01	3.49e-04	0.00e+00	0.00e+00	0.00e+00	0.00e+00	1.41e-12	2.89e-12	2.25e-53
 1.77702e+15	4.10e-17	5.30e-12	9.60e-08	1.86e-04	9.99e-01	3.24e-04	0.00e+00	0.00e+00	0.00e+00	0.00e+00	1.74e-12	3.56e-12	4.77e-53
 1.84813e+15	5.56e-17	6.69e-12	1.12e-07	2.02e-04	9.99e-01	2.98e-04	0.00e+00	4.57e-18	1.37e-17	2.30e-17	2.20e-12	4.49e-12	1.11e-52
 1.91884e+15	7.39e-17	8.33e-12	1.31e-07	2.19e-04	1.00e+00	2.75e-04	0.00e+00	6.09e-18	1.83e-17	3.05e-17	2.73e-12	5.59e-12	2.43e-52
 1.99238e+15	9.88e-17	1.04e-11	1.53e-07	2.37e-04	1.00e+00	2.54e-04	0.00e+00	8.14e-18	2.44e-17	4.08e-17	3.41e-12	6.98e-12	5.44e-52
 2.06988e+15	1.32e-16	1.30e-11	1.78e-07	2.57e-04	1.00e+00	2.34e-04	0.00e+00	1.09e-17	3.26e-17	5.45e-17	4.26e-12	8.72e-12	1.21e-51
 2.13514e+15	1.67e-16	1.56e-11	2.02e-07	2.74e-04	1.00e+00	2.19e-04	0.00e+00	1.38e-17	4.13e-17	6.90e-17	5.10e-12	1.05e-11	2.33e-51
 2.18604e+15	1.99e-16	1.78e-11	2.23e-07	2.89e-04	1.00e+00	2.08e-04	0.00e+00	1.64e-17	4.93e-17	8.24e-17	5.84e-12	1.20e-11	3.80e-51
 2.24136e+15	2.40e-16	2.06e-11	2.47e-07	3.05e-04	9.99e-01	1.97e-04	0.00e+00	1.98e-17	5.95e-17	9.94e-17	6.75e-12	1.39e-11	6.40e-51
 2.31328e+15	3.04e-16	2.47e-11	2.81e-07	3.26e-04	9.99e-01	1.84e-04	0.00e+00	2.51e-17	7.53e-17	1.26e-16	8.11e-12	1.66e-11	1.23e-50
 2.39118e+15	3.88e-16	3.00e-11	3.21e-07	3.51e-04	9.99e-01	1.71e-04	0.00e+00	3.21e-17	9.64e-17	1.61e-16	9.81e-12	2.02e-11	2.45e-50
 2.46140e+15	4.80e-16	3.54e-11	3.62e-07	3.74e-04	9.99e-01	1.61e-04	0.00e+00	3.97e-17	1.19e-16	1.99e-16	1.16e-11	2.38e-11	4.44e-50
 2.53722e+15	6.01e-16	4.21e-11	4.09e-07	3.99e-04	9.99e-01	1.50e-04	0.00e+00	4.97e-17	1.49e-16	2.49e-16	1.38e-11	2.83e-11	8.33e-50
 2.63169e+15	7.83e-16	5.19e-11	4.76e-07	4.33e-04	9.99e-01	1.39e-04	0.00e+00	6.48e-17	1.95e-16	3.25e-16	1.70e-11	3.49e-11	1.76e-49
 2.72676e+15	1.01e-15	6.35e-11	5.50e-07	4.69e-04	9.99e-01	1.28e-04	0.00e+00	8.38e-17	2.52e-16	4.21e-16	2.08e-11	4.27e-11	3.64e-49
 2.80890e+15	1.25e-15	7.51e-11	6.21e-07	5.01e-04	9.99e-01	1.20e-04	0.00e+00	1.04e-16	3.12e-16	5.21e-16	2.46e-11	5.05e-11	6.67e-49
 2.89790e+15	1.56e-15	8.95e-11	7.06e-07	5.37e-04	9.99e-01	1.12e-04	0.00e+00	1.30e-16	3.89e-16	6.50e-16	2.93e-11	6.02e-11	1.25e-48
 3.00718e+15	2.03e-15	1.10e-10	8.22e-07	5.84e-04	9.99e-01	1.03e-04	0.00e+00	1.69e-16	5.06e-16	8.46e-16	3.60e-11	7.42e-11	2.65e-48
 3.11774e+15	2.56e-15	1.35e-10	9.53e-07	6.33e-04	9.99e-01	9.48e-05	0.00e+00	2.13e-16	6.38e-16	1.07e-15	4.41e-11	9.08e-11	5.44e-48
 3.21593e+15	3.16e-15	1.60e-10	1.08e-06	6.79e-04	9.99e-01	8.83e-05	0.00e+00	2.63e-16	7.88e-16	1.32e-15	5.23e-11	1.08e-10	1.01e-47
 3.32312e+15	3.95e-15	1.92e-10	1.24e-06	7.32e-04	9.99e-01	8.20e-05	0.00e+00	3.29e-16	9.88e-16	1.65e-15	6.28e-11	1.29e-10	1.96e-47
 3.45140e+15	5.10e-15	2.37e-10	1.44e-06	7.98e-04	9.99e-01	7.52e-05	0.00e+00	4.25e-16	1.28e-15	2.13e-15	7.74e-11	1.59e-10	4.19e-47
 3.57833e+15	6.48e-15	2.89e-10	1.67e-06	8.66e-04	9.99e-01	6.92e-05	0.00e+00	5.41e-16	1.62e-15	2.71e-15	9.44e-11	1.94e-10	8.66e-47
 3.69275e+15	7.97e-15	3.43e-10	1.90e-06	9.31e-04	9.99e-01	6.44e-05	0.00e+00	6.66e-16	2.00e-15	3.34e-15	1.12e-10	2.31e-10	1.63e-46
 3.81967e+15	9.93e-15	4.12e-10	2.18e-06	1.01e-03	9.99e-01	5.96e-05	0.00e+00	8.31e-16	2.50e-15	4.17e-15	1.35e-10	2.78e-10	3.20e-46
 3.96925e+15	1.27e-14	5.08e-10	2.55e-06	1.10e-03	9.99e-01	5.46e-05	0.00e+00	1.07e-15	3.20e-15	5.35e-15	1.66e-10	3.42e-10	6.93e-46
 4.11690e+15	1.60e-14	6.19e-10	2.96e-06	1.20e-03	9.99e-01	5.02e-05	0.00e+00	1.35e-15	4.04e-15	6.75e-15	2.03e-10	4.17e-10	1.44e-45
 4.25394e+15	1.98e-14	7.41e-10	3.38e-06	1.29e-03	9.99e-01	4.66e-05	0.00e+00	1.66e-15	4.99e-15	8.33e-15	2.42e-10	4.98e-10	2.80e-45
 4.40760e+15	2.46e-14	8.95e-10	3.90e-06	1.40e-03	9.99e-01	4.29e-05	0.00e+00	2.07e-15	6.21e-15	1.04e-14	2.93e-10	6.02e-10	5.69e-45
 4.58393e+15	3.13e-14	1.10e-09	4.57e-06	1.53e-03	9.98e-01	3.92e-05	0.00e+00	2.64e-15	7.92e-15	1.32e-14	3.62e-10	7.43e-10	1.26e-44
 4.75737e+15	3.92e-14	1.35e-09	5.31e-06	1.67e-03	9.98e-01	3.59e-05	0.00e+00	3.30e-15	9.91e-15	1.66e-14	4.41e-10	9.07e-10	2.66e-44
 4.93775e+15	4.90e-14	1.64e-09	6.17e-06	1.82e-03	9.98e-01	3.30e-05	0.00e+00	4.14e-15	1.24e-14	2.07e-14	5.39e-10	1.11e-09	5.65e-44
 5.10211e+15	5.92e-14	1.96e-09	7.04e-06	1.96e-03	9.98e-01	3.06e-05	0.00e+00	5.00e-15	1.50e-14	2.51e-14	6.41e-10	1.32e-09	1.09e-43
 5.22471e+15	6.81e-14	2.22e-09	7.74e-06	2.07e-03	9.98e-01	2.90e-05	0.00e+00	5.76e-15	1.73e-14	2.89e-14	7.28e-10	1.49e-09	1.77e-43
 5.35136e+15	7.83e-14	2.52e-09	8.52e-06	2.19e-03	9.98e-01	2.74e-05	0.00e+00	6.63e-15	1.99e-14	3.32e-14	8.27e-10	1.70e-09	2.82e-43
 5.51601e+15	9.32e-14	2.97e-09	9.62e-06	2.35e-03	9.98e-01	2.56e-05	0.00e+00	7.90e-15	2.37e-14	3.96e-14	9.73e-10	2.00e-09	5.25e-43
 5.69416e+15	1.11e-13	3.52e-09	1.09e-05	2.53e-03	9.97e-01	2.38e-05	0.00e+00	9.47e-15	2.84e-14	4.75e-14	1.15e-09	2.36e-09	1.01e-42
 5.85487e+15	1.31e-13	4.07e-09	1.22e-05	2.69e-03	9.97e-01	2.23e-05	0.00e+00	1.11e-14	3.33e-14	5.56e-14	1.33e-09	2.74e-09	1.78e-42
 6.02880e+15	1.54e-13	4.76e-09	1.37e-05	2.88e-03	9.97e-01	2.09e-05	0.00e+00	1.31e-14	3.94e-14	6.57e-14	1.56e-09	3.20e-09	3.30e-42
 6.24967e+15	1.88e-13	5.78e-09	1.59e-05	3.13e-03	9.97e-01	1.93e-05	0.00e+00	1.60e-14	4.81e-14	8.04e-14	1.90e-09	3.88e-09	7.05e-42
 6.47205e+15	2.27e-13	6.95e-09	1.82e-05	3.39e-03	9.97e-01	1.78e-05	0.00e+00	1.94e-14	5.81e-14	9.70e-14	2.28e-09	4.67e-09	1.46e-41
 6.65872e+15	2.65e-13	8.08e-09	2.04e-05	3.62e-03	9.96e-01	1.67e-05	0.00e+00	2.27e-14	6.81e-14	1.14e-13	2.65e-09	5.42e-09	2.64e-41
 6.85846e+15	3.12e-13	9.46e-09	2.30e-05	3.88e-03	9.96e-01	1.56e-05	0.00e+00	2.67e-14	8.01e-14	1.34e-13	3.11e-09	6.35e-09	4.91e-41
 7.11080e+15	3.78e-13	1.15e-08	2.66e-05	4.21e-03	9.96e-01	1.44e-05	0.00e+00	3.24e-14	9.73e-14	1.62e-13	3.78e-09	7.72e-09	1.05e-40
 7.37518e+15	4.57e-13	1.40e-08	3.07e-05	4.58e-03	9.95e-01	1.33e-05	0.00e+00	3.92e-14	1.18e-13	1.97e-13	4.59e-09	9.37e-09	2.25e-40
 7.61245e+15	5.43e-13	1.65e-08	3.48e-05	4.93e-03	9.95e-01	1.24e-05	0.00e+00	4.66e-14	1.40e-13	2.34e-13	5.43e-09	1.11e-08	4.30e-40
 7.87079e+15	6.49e-13	1.97e-08	3.98e-05	5.32e-03	9.95e-01	1.16e-05	0.00e+00	5.58e-14	1.68e-13	2.80e-13	6.50e-09	1.33e-08	8.60e-40
 8.17716e+15	7.94e-13	2.43e-08	4.63e-05	5.81e-03	9.94e-01	1.07e-05	0.00e+00	6.84e-14	2.05e-13	3.43e-13	7.99e-09	1.63e-08	1.91e-39
 8.47696e+15	9.60e-13	2.94e-08	5.35e-05	6.31e-03	9.94e-01	9.91e-06	0.00e+00	8.28e-14	2.49e-13	4.15e-13	9.69e-09	1.97e-08	4.03e-39
 8.74814e+15	1.14e-12	3.48e-08	6.06e-05	6.78e-03	9.93e-01	9.28e-06	0.00e+00	9.84e-14	2.95e-13	4.93e-13	1.15e-08	2.33e-08	7.63e-39
 9.05116e+15	1.37e-12	4.18e-08	6.94e-05	7.33e-03	9.93e-01	8.65e-06	0.00e+00	1.19e-13	3.57e-13	5.96e-13	1.38e-08	2.81e-08	1.55e-38
 9.40689e+15	1.69e-12	5.16e-08	8.11e-05	8.02e-03	9.92e-01	8.01e-06	0.00e+00	1.46e-13	4.39e-13	7.33e-13	1.70e-08	3.46e-08	3.38e-38
 9.75636e+15	2.05e-12	6.28e-08	9.38e-05	8.72e-03	9.91e-01	7.46e-06	0.00e+00	1.78e-13	5.33e-13	8.90e-13	2.07e-08	4.21e-08	7.05e-38
 1.00816e+16	2.46e-12	7.50e-08	1.07e-04	9.40e-03	9.90e-01	7.00e-06	0.00e+00	2.13e-13	6.41e-13	1.07e-12	2.47e-08	5.02e-08	1.39e-37
 1.04466e+16	3.01e-12	9.12e-08	1.23e-04	1.02e-02	9.90e-01	6.54e-06	0.00e+00	2.62e-13	7.86e-13	1.31e-12	3.01e-08	6.11e-08	2.90e-37
 1.07974e+16	3.61e-12	1.09e-07	1.41e-04	1.10e-02	9.89e-01	6.16e-06	0.00e+00	3.14e-13	9.43e-13	1.57e-12	3.60e-08	7.31e-08	5.58e-37
 1.10572e+16	4.10e-12	1.24e-07	1.55e-04	1.16e-02	9.88e-01	5.92e-06	0.00e+00	3.58e-13	1.07e-12	1.79e-12	4.10e-08	8.32e-08	8.98e-37
 1.13190e+16	4.71e-12	1.42e-07	1.70e-04	1.23e-02	9.88e-01	5.68e-06	0.00e+00	4.11e-13	1.23e-12	2.06e-12	4.67e-08	9.48e-08	1.44e-36
 1.16594e+16	5.60e-12	1.67e-07	1.92e-04	1.32e-02	9.87e-01	5.39e-06	0.00e+00	4.90e-13	1.47e-12	2.45e-12	5.51e-08	1.12e-07	2.66e-36
 1.20277e+16	6.70e-12	1.98e-07	2.17e-04	1.41e-02	9.86e-01	5.12e-06	0.00e+00	5.86e-13	1.76e-12	2.93e-12	6.55e-08	1.33e-07	4.92e-36
 1.23563e+16	7.80e-12	2.30e-07	2.42e-04	1.50e-02	9.85e-01	4.90e-06	0.00e+00	6.83e-13	2.05e-12	3.42e-12	7.60e-08	1.54e-07	8.40e-36
 1.27076e+16	9.24e-12	2.70e-07	2.72e-04	1.61e-02	9.84e-01	4.69e-06	0.00e+00	8.10e-13	2.43e-12	4.05e-12	8.91e-08	1.81e-07	1.48e-35
 1.31642e+16	1.15e-11	3.30e-07	3.15e-04	1.75e-02	9.82e-01	4.45e-06	0.00e+00	1.01e-12	3.02e-12	5.04e-12	1.09e-07	2.21e-07	3.02e-35
 1.36257e+16	1.40e-11	3.99e-07	3.62e-04	1.89e-02	9.81e-01	4.23e-06	0.00e+00	1.23e-12	3.68e-12	6.14e-12	1.32e-07	2.67e-07	5.84e-35
 1.39989e+16	1.64e-11	4.64e-07	4.04e-04	2.02e-02	9.79e-01	4.08e-06	0.00e+00	1.44e-12	4.32e-12	7.21e-12	1.53e-07	3.10e-07	9.79e-35
 1.43895e+16	1.94e-11	5.44e-07	4.53e-04	2.15e-02	9.78e-01	3.93e-06	0.00e+00	1.71e-12	5.13e-12	8.56e-12	1.80e-07	3.64e-07	1.69e-34
 1.48974e+16	2.41e-11	6.64e-07	5.24e-04	2.34e-02	9.76e-01	3.74e-06	0.00e+00	2.13e-12	6.38e-12	1.06e-11	2.20e-07	4.44e-07	3.37e-34
 1.54257e+16	2.98e-11	8.09e-07	6.07e-04	2.55e-02	9.74e-01	3.59e-06	0.00e+00	2.63e-12	7.90e-12	1.32e-11	2.68e-07	5.41e-07	6.47e-34
 1.58719e+16	3.54e-11	9.51e-07	6.83e-04	2.73e-02	9.72e-01	3.47e-06	0.00e+00	3.13e-12	9.39e-12	1.57e-11	3.15e-07	6.36e-07	1.10e-33
 1.63433e+16	4.28e-11	1.13e-06	7.75e-04	2.93e-02	9.70e-01	3.35e-06	0.00e+00	3.79e-12	1.14e-11	1.89e-11	3.74e-07	7.56e-07	1.96e-33
 1.69419e+16	5.40e-11	1.40e-06	9.06e-04	3.20e-02	9.67e-01	3.21e-06	0.00e+00	4.78e-12	1.43e-11	2.39e-11	4.63e-07	9.35e-07	3.94e-33
 1.75358e+16	6.70e-11	1.70e-06	1.05e-03	3.49e-02	9.64e-01	3.10e-06	0.00e+00	5.94e-12	1.78e-11	2.97e-11	5.64e-07	1.14e-06	7.31e-33
 1.80170e+16	7.97e-11	2.00e-06	1.18e-03	3.74e-02	9.61e-01	3.04e-06	0.00e+00	7.07e-12	2.12e-11	3.54e-11	6.62e-07	1.33e-06	1.20e-32
 1.85217e+16	9.66e-11	2.36e-06	1.34e-03	4.01e-02	9.59e-01	2.96e-06	0.00e+00	8.58e-12	2.57e-11	4.29e-11	7.84e-07	1.58e-06	2.05e-32
 1.91780e+16	1.22e-10	2.93e-06	1.57e-03	4.39e-02	9.55e-01	2.86e-06	0.00e+00	1.09e-11	3.27e-11	5.45e-11	9.72e-07	1.96e-06	4.03e-32
 1.98372e+16	1.54e-10	3.59e-06	1.83e-03	4.80e-02	9.50e-01	2.78e-06	0.00e+00	1.37e-11	4.11e-11	6.85e-11	1.19e-06	2.40e-06	7.31e-32
 2.03261e+16	1.80e-10	4.14e-06	2.05e-03	5.12e-02	9.47e-01	2.73e-06	0.00e+00	1.60e-11	4.81e-11	8.03e-11	1.37e-06	2.77e-06	1.12e-31
 2.07872e+16	2.13e-10	4.79e-06	2.29e-03	5.44e-02	9.43e-01	2.69e-06	0.00e+00	1.90e-11	5.69e-11	9.50e-11	1.59e-06	3.20e-06	1.73e-31
 2.13868e+16	2.62e-10	5.77e-06	2.63e-03	5.89e-02	9.38e-01	2.62e-06	0.00e+00	2.34e-11	7.03e-11	1.17e-10	1.91e-06	3.85e-06	3.02e-31
 2.19868e+16	3.19e-10	6.86e-06	3.01e-03	6.37e-02	9.33e-01	2.57e-06	0.00e+00	2.86e-11	8.57e-11	1.43e-10	2.28e-06	4.58e-06	4.93e-31
 2.24768e+16	3.77e-10	7.91e-06	3.37e-03	6.78e-02	9.29e-01	2.54e-06	0.00e+00	3.37e-11	1.01e-10	1.69e-10	2.63e-06	5.29e-06	7.39e-31
 2.30030e+16	4.57e-10	9.30e-06	3.81e-03	7.27e-02	9.23e-01	2.50e-06	0.00e+00	4.10e-11	1.23e-10	2.05e-10	3.09e-06	6.21e-06	1.18e-30
 2.35836e+16	5.51e-10	1.10e-05	4.35e-03	7.83e-02	9.17e-01	2.46e-06	0.00e+00	4.94e-11	1.48e-10	2.47e-10	3.66e-06	7.35e-06	1.89e-30
 2.41343e+16	6.68e-10	1.30e-05	4.94e-03	8.42e-02	9.11e-01	2.43e-06	0.00e+00	6.00e-11	1.80e-10	3.00e-10	4.30e-06	8.65e-06	2.97e-30
 2.47496e+16	8.33e-10	1.56e-05	5.72e-03	9.12e-02	9.03e-01	2.39e-06	0.00e+00	7.49e-11	2.25e-10	3.75e-10	5.20e-06	1.04e-05	5.01e-30
 2.53724e+16	1.03e-09	1.88e-05	6.61e-03	9.89e-02	8.94e-01	2.37e-06	0.00e+00	9.27e-11	2.78e-10	4.64e-10	6.23e-06	1.25e-05	8.15e-30
 2.58657e+16	1.22e-09	2.17e-05	7.43e-03	1.05e-01	8.87e-01	2.36e-06	0.00e+00	1.10e-10	3.30e-10	5.50e-10	7.20e-06	1.45e-05	1.20e-29
 2.63678e+16	1.48e-09	2.54e-05	8.42e-03	1.13e-01	8.79e-01	2.34e-06	0.00e+00	1.33e-10	3.99e-10	6.65e-10	8.44e-06	1.69e-05	1.83e-29
 2.69262e+16	1.82e-09	3.02e-05	9.67e-03	1.22e-01	8.69e-01	2.33e-06	0.00e+00	1.64e-10	4.93e-10	8.22e-10	1.01e-05	2.02e-05	2.93e-29
