#depth	He	He+	He+2
 1.49634e+10	7.87e-24	1.15e-12	1.00e+00
 4.54887e+10	8.84e-24	1.25e-12	1.00e+00
 7.72350e+10	9.81e-24	1.35e-12	1.00e+00
 1.10251e+11	1.09e-23	1.46e-12	1.00e+00
 1.44588e+11	1.21e-23	1.58e-12	1.00e+00
 1.80298e+11	1.34e-23	1.71e-12	1.00e+00
 2.17437e+11	1.48e-23	1.85e-12	1.00e+00
 2.56061e+11	1.64e-23	2.00e-12	1.00e+00
 2.96231e+11	1.82e-23	2.16e-12	1.00e+00
 3.33740e+11	2.00e-23	2.32e-12	1.00e+00
 3.66830e+11	2.16e-23	2.46e-12	1.00e+00
 4.03766e+11	2.35e-23	2.63e-12	1.00e+00
 4.48100e+11	2.59e-23	2.83e-12	1.00e+00
 4.92647e+11	2.86e-23	3.05e-12	1.00e+00
 5.33629e+11	3.11e-23	3.25e-12	1.00e+00
 5.79380e+11	3.40e-23	3.49e-12	1.00e+00
 6.32307e+11	3.77e-23	3.78e-12	1.00e+00
 6.84046e+11	4.16e-23	4.07e-12	1.00e+00
 7.33159e+11	4.55e-23	4.35e-12	1.00e+00
 7.87717e+11	5.01e-23	4.68e-12	1.00e+00
 8.49152e+11	5.57e-23	5.07e-12	1.00e+00
 9.11016e+11	6.18e-23	5.47e-12	1.00e+00
 9.75355e+11	6.85e-23	5.91e-12	1.00e+00
 1.04430e+12	7.64e-23	6.39e-12	1.00e+00
 1.11600e+12	8.52e-23	6.92e-12	1.00e+00
 1.19056e+12	9.51e-23	7.49e-12	1.00e+00
 1.26811e+12	1.06e-22	8.11e-12	1.00e+00
 1.34876e+12	1.19e-22	8.78e-12	1.00e+00
 1.43264e+12	1.33e-22	9.51e-12	1.00e+00
 1.51987e+12	1.49e-22	1.03e-11	1.00e+00
 1.61059e+12	1.68e-22	1.12e-11	1.00e+00
 1.70494e+12	1.89e-22	1.21e-11	1.00e+00
 1.80307e+12	2.13e-22	1.31e-11	1.00e+00
 1.89887e+12	2.38e-22	1.41e-11	1.00e+00
 1.99006e+12	2.65e-22	1.51e-11	1.00e+00
 2.09115e+12	2.96e-22	1.63e-11	1.00e+00
 2.20150e+12	3.35e-22	1.76e-11	1.00e+00
 2.30812e+12	3.75e-22	1.89e-11	1.00e+00
 2.42224e+12	4.22e-22	2.04e-11	1.00e+00
 2.54905e+12	4.80e-22	2.22e-11	1.00e+00
 2.67716e+12	5.45e-22	2.40e-11	1.00e+00
 2.81040e+12	6.18e-22	2.59e-11	1.00e+00
 2.95274e+12	7.07e-22	2.81e-11	1.00e+00
 3.10078e+12	8.08e-22	3.05e-11	1.00e+00
 3.25473e+12	9.25e-22	3.31e-11	1.00e+00
 3.41485e+12	1.06e-21	3.60e-11	1.00e+00
 3.58137e+12	1.22e-21	3.91e-11	1.00e+00
 3.75455e+12	1.40e-21	4.24e-11	1.00e+00
 3.93466e+12	1.61e-21	4.61e-11	1.00e+00
 4.10384e+12	1.83e-21	4.97e-11	1.00e+00
 4.25480e+12	2.05e-21	5.31e-11	1.00e+00
 4.42411e+12	2.30e-21	5.70e-11	1.00e+00
 4.62516e+12	2.65e-21	6.18e-11	1.00e+00
 4.82652e+12	3.05e-21	6.69e-11	1.00e+00
 5.01502e+12	3.44e-21	7.19e-11	1.00e+00
 5.22463e+12	3.93e-21	7.77e-11	1.00e+00
 5.46355e+12	4.56e-21	8.46e-11	1.00e+00
 5.70078e+12	5.26e-21	9.19e-11	1.00e+00
 5.94750e+12	6.05e-21	9.97e-11	1.00e+00
 6.21533e+12	7.03e-21	1.09e-10	1.00e+00
 6.48819e+12	8.14e-21	1.18e-10	1.00e+00
 6.74243e+12	9.31e-21	1.28e-10	1.00e+00
 6.97659e+12	1.05e-20	1.37e-10	1.00e+00
 7.24393e+12	1.19e-20	1.48e-10	1.00e+00
 7.55790e+12	1.38e-20	1.61e-10	1.00e+00
 7.86822e+12	1.59e-20	1.75e-10	1.00e+00
 8.15819e+12	1.81e-20	1.89e-10	1.00e+00
 8.48167e+12	2.07e-20	2.05e-10	1.00e+00
 8.85086e+12	2.41e-20	2.24e-10	1.00e+00
 9.21510e+12	2.79e-20	2.45e-10	1.00e+00
 9.56596e+12	3.18e-20	2.65e-10	1.00e+00
 9.95057e+12	3.65e-20	2.89e-10	1.00e+00
 1.03785e+13	4.25e-20	3.17e-10	1.00e+00
 1.08104e+13	4.91e-20	3.47e-10	1.00e+00
 1.12596e+13	5.66e-20	3.80e-10	1.00e+00
 1.17250e+13	6.54e-20	4.16e-10	1.00e+00
 1.22091e+13	7.53e-20	4.56e-10	1.00e+00
 1.27274e+13	8.71e-20	5.02e-10	1.00e+00
 1.32664e+13	1.01e-19	5.52e-10	1.00e+00
 1.38270e+13	1.16e-19	6.08e-10	1.00e+00
 1.44100e+13	1.34e-19	6.69e-10	1.00e+00
 1.50163e+13	1.54e-19	7.37e-10	1.00e+00
 1.55661e+13	1.74e-19	8.02e-10	1.00e+00
 1.60265e+13	1.91e-19	8.60e-10	1.00e+00
 1.65318e+13	2.12e-19	9.25e-10	1.00e+00
 1.71687e+13	2.40e-19	1.01e-09	1.00e+00
 1.78316e+13	2.73e-19	1.11e-09	1.00e+00
 1.84001e+13	3.02e-19	1.20e-09	1.00e+00
 1.89912e+13	3.35e-19	1.29e-09	1.00e+00
 1.97267e+13	3.79e-19	1.41e-09	1.00e+00
 2.04717e+13	4.29e-19	1.55e-09	1.00e+00
 2.11217e+13	4.75e-19	1.67e-09	1.00e+00
 2.18268e+13	5.29e-19	1.80e-09	1.00e+00
 2.26848e+13	6.00e-19	1.98e-09	1.00e+00
 2.35577e+13	6.80e-19	2.17e-09	1.00e+00
 2.43594e+13	7.58e-19	2.35e-09	1.00e+00
 2.52526e+13	8.53e-19	2.56e-09	1.00e+00
 2.62876e+13	9.76e-19	2.82e-09	1.00e+00
 2.73078e+13	1.11e-18	3.08e-09	1.00e+00
 2.82853e+13	1.25e-18	3.35e-09	1.00e+00
 2.93631e+13	1.42e-18	3.65e-09	1.00e+00
 3.05675e+13	1.64e-18	4.02e-09	1.00e+00
 3.16628e+13	1.85e-18	4.36e-09	1.00e+00
 3.25853e+13	2.05e-18	4.66e-09	1.00e+00
 3.35999e+13	2.29e-18	5.00e-09	1.00e+00
 3.47447e+13	2.59e-18	5.40e-09	1.00e+00
 3.58401e+13	2.90e-18	5.80e-09	1.00e+00
 3.70453e+13	3.28e-18	6.26e-09	1.00e+00
 3.83844e+13	3.75e-18	6.79e-09	1.00e+00
 3.96396e+13	4.24e-18	7.31e-09	1.00e+00
 4.10135e+13	4.83e-18	7.89e-09	1.00e+00
 4.25584e+13	5.57e-18	8.58e-09	1.00e+00
 4.40337e+13	6.36e-18	9.26e-09	1.00e+00
 4.56503e+13	7.33e-18	1.00e-08	1.00e+00
 4.73633e+13	8.48e-18	1.09e-08	1.00e+00
 4.88618e+13	9.60e-18	1.17e-08	1.00e+00
 5.04613e+13	1.09e-17	1.26e-08	1.00e+00
 5.24076e+13	1.27e-17	1.37e-08	1.00e+00
 5.43470e+13	1.47e-17	1.48e-08	1.00e+00
 5.60583e+13	1.67e-17	1.58e-08	1.00e+00
 5.79311e+13	1.91e-17	1.70e-08	1.00e+00
 6.01844e+13	2.23e-17	1.85e-08	1.00e+00
 6.24387e+13	2.59e-17	2.01e-08	1.00e+00
 6.44891e+13	2.96e-17	2.15e-08	1.00e+00
 6.67679e+13	3.41e-17	2.32e-08	1.00e+00
 6.94320e+13	4.01e-17	2.53e-08	1.00e+00
 7.20601e+13	4.67e-17	2.74e-08	1.00e+00
 7.45472e+13	5.37e-17	2.95e-08	1.00e+00
 7.73129e+13	6.24e-17	3.19e-08	1.00e+00
 8.04354e+13	7.35e-17	3.47e-08	1.00e+00
 8.35739e+13	8.60e-17	3.76e-08	1.00e+00
 8.68379e+13	1.01e-16	4.08e-08	1.00e+00
 9.03413e+13	1.19e-16	4.44e-08	1.00e+00
 9.39849e+13	1.40e-16	4.83e-08	1.00e+00
 9.75739e+13	1.63e-16	5.22e-08	1.00e+00
 1.00916e+14	1.87e-16	5.61e-08	1.00e+00
 1.03933e+14	2.11e-16	5.97e-08	1.00e+00
 1.07168e+14	2.40e-16	6.36e-08	1.00e+00
 1.11191e+14	2.79e-16	6.87e-08	1.00e+00
 1.15222e+14	3.23e-16	7.40e-08	1.00e+00
 1.18690e+14	3.64e-16	7.87e-08	1.00e+00
 1.22443e+14	4.13e-16	8.39e-08	1.00e+00
 1.27070e+14	4.81e-16	9.07e-08	1.00e+00
 1.31693e+14	5.57e-16	9.76e-08	1.00e+00
 1.35687e+14	6.28e-16	1.04e-07	1.00e+00
 1.40004e+14	7.13e-16	1.11e-07	1.00e+00
 1.45308e+14	8.30e-16	1.19e-07	1.00e+00
 1.50655e+14	9.60e-16	1.29e-07	1.00e+00
 1.55399e+14	1.09e-15	1.37e-07	1.00e+00
 1.60596e+14	1.24e-15	1.46e-07	1.00e+00
 1.66820e+14	1.45e-15	1.58e-07	1.00e+00
 1.73010e+14	1.68e-15	1.70e-07	1.00e+00
 1.78656e+14	1.90e-15	1.82e-07	1.00e+00
 1.84959e+14	2.19e-15	1.95e-07	1.00e+00
 1.92308e+14	2.56e-15	2.11e-07	1.00e+00
 1.99544e+14	2.96e-15	2.27e-07	1.00e+00
 2.06404e+14	3.39e-15	2.43e-07	1.00e+00
 2.14024e+14	3.92e-15	2.61e-07	1.00e+00
 2.22615e+14	4.58e-15	2.82e-07	1.00e+00
 2.31255e+14	5.33e-15	3.05e-07	1.00e+00
 2.40240e+14	6.21e-15	3.29e-07	1.00e+00
 2.49879e+14	7.26e-15	3.56e-07	1.00e+00
 2.59222e+14	8.41e-15	3.83e-07	1.00e+00
 2.68023e+14	9.60e-15	4.10e-07	1.00e+00
 2.77859e+14	1.11e-14	4.41e-07	1.00e+00
 2.87765e+14	1.27e-14	4.73e-07	1.00e+00
 2.96006e+14	1.43e-14	5.01e-07	1.00e+00
 3.04739e+14	1.60e-14	5.31e-07	1.00e+00
 3.15883e+14	1.85e-14	5.72e-07	1.00e+00
 3.27541e+14	2.14e-14	6.15e-07	1.00e+00
 3.37860e+14	2.42e-14	6.55e-07	1.00e+00
 3.49056e+14	2.76e-14	7.00e-07	1.00e+00
 3.62508e+14	3.21e-14	7.56e-07	1.00e+00
 3.76119e+14	3.72e-14	8.15e-07	1.00e+00
 3.88895e+14	4.26e-14	8.74e-07	1.00e+00
 4.03101e+14	4.92e-14	9.41e-07	1.00e+00
 4.18117e+14	5.70e-14	1.01e-06	1.00e+00
 4.31458e+14	6.46e-14	1.08e-06	1.00e+00
 4.45818e+14	7.38e-14	1.16e-06	1.00e+00
 4.63029e+14	8.60e-14	1.25e-06	1.00e+00
 4.79980e+14	9.94e-14	1.35e-06	1.00e+00
 4.95091e+14	1.13e-13	1.44e-06	1.00e+00
 5.11775e+14	1.29e-13	1.54e-06	1.00e+00
 5.31644e+14	1.50e-13	1.67e-06	1.00e+00
 5.51336e+14	1.73e-13	1.80e-06	1.00e+00
 5.69331e+14	1.97e-13	1.93e-06	1.00e+00
 5.89435e+14	2.26e-13	2.07e-06	1.00e+00
 6.12829e+14	2.64e-13	2.24e-06	1.00e+00
 6.35809e+14	3.06e-13	2.42e-06	1.00e+00
 6.57552e+14	3.49e-13	2.60e-06	1.00e+00
 6.81727e+14	4.03e-13	2.80e-06	1.00e+00
 7.09026e+14	4.70e-13	3.03e-06	1.00e+00
 7.34917e+14	5.41e-13	3.26e-06	1.00e+00
 7.58492e+14	6.12e-13	3.48e-06	1.00e+00
 7.85173e+14	7.00e-13	3.74e-06	1.00e+00
 8.16273e+14	8.16e-13	4.05e-06	1.00e+00
 8.46057e+14	9.36e-13	4.36e-06	1.00e+00
 8.70673e+14	1.04e-12	4.62e-06	1.00e+00
 8.95635e+14	1.17e-12	4.90e-06	1.00e+00
 9.27953e+14	1.34e-12	5.27e-06	1.00e+00
 9.61410e+14	1.53e-12	5.66e-06	1.00e+00
 9.89690e+14	1.71e-12	6.01e-06	1.00e+00
 1.01967e+15	1.91e-12	6.39e-06	1.00e+00
 1.05736e+15	2.19e-12	6.88e-06	1.00e+00
 1.09622e+15	2.51e-12	7.40e-06	1.00e+00
 1.13027e+15	2.82e-12	7.88e-06	1.00e+00
 1.16694e+15	3.18e-12	8.41e-06	1.00e+00
 1.21144e+15	3.65e-12	9.07e-06	1.00e+00
 1.25572e+15	4.19e-12	9.77e-06	1.00e+00
 1.29488e+15	4.68e-12	1.04e-05	1.00e+00
 1.33778e+15	5.29e-12	1.11e-05	1.00e+00
 1.38927e+15	6.08e-12	1.20e-05	1.00e+00
 1.44057e+15	6.96e-12	1.29e-05	1.00e+00
 1.48702e+15	7.82e-12	1.38e-05	1.00e+00
 1.53859e+15	8.88e-12	1.48e-05	1.00e+00
 1.59910e+15	1.02e-11	1.60e-05	1.00e+00
 1.65881e+15	1.17e-11	1.73e-05	1.00e+00
 1.71466e+15	1.33e-11	1.85e-05	1.00e+00
 1.77702e+15	1.52e-11	1.99e-05	1.00e+00
 1.84813e+15	1.76e-11	2.16e-05	1.00e+00
 1.91884e+15	2.03e-11	2.34e-05	1.00e+00
 1.99238e+15	2.34e-11	2.53e-05	1.00e+00
 2.06988e+15	2.70e-11	2.75e-05	1.00e+00
 2.13514e+15	3.04e-11	2.93e-05	1.00e+00
 2.18604e+15	3.33e-11	3.08e-05	1.00e+00
 2.24136e+15	3.67e-11	3.25e-05	1.00e+00
 2.31328e+15	4.16e-11	3.48e-05	1.00e+00
 2.39118e+15	4.73e-11	3.74e-05	1.00e+00
 2.46140e+15	5.31e-11	3.99e-05	1.00e+00
 2.53722e+15	5.98e-11	4.26e-05	1.00e+00
 2.63169e+15	6.92e-11	4.61e-05	1.00e+00
 2.72676e+15	7.98e-11	4.99e-05	1.00e+00
 2.80890e+15	8.99e-11	5.32e-05	1.00e+00
 2.89790e+15	1.02e-10	5.70e-05	1.00e+00
 3.00718e+15	1.19e-10	6.19e-05	1.00e+00
 3.11774e+15	1.38e-10	6.71e-05	1.00e+00
 3.21593e+15	1.57e-10	7.20e-05	1.00e+00
 3.32312e+15	1.79e-10	7.74e-05	1.00e+00
 3.45140e+15	2.10e-10	8.43e-05	1.00e+00
 3.57833e+15	2.45e-10	9.15e-05	1.00e+00
 3.69275e+15	2.80e-10	9.82e-05	1.00e+00
 3.81967e+15	3.23e-10	1.06e-04	1.00e+00
 3.96925e+15	3.80e-10	1.16e-04	1.00e+00
 4.11690e+15	4.44e-10	1.26e-04	1.00e+00
 4.25394e+15	5.10e-10	1.35e-04	1.00e+00
 4.40760e+15	5.95e-10	1.46e-04	1.00e+00
 4.58393e+15	7.04e-10	1.60e-04	1.00e+00
 4.75737e+15	8.26e-10	1.74e-04	1.00e+00
 4.93775e+15	9.70e-10	1.89e-04	1.00e+00
 5.10211e+15	1.12e-09	2.04e-04	1.00e+00
 5.22471e+15	1.24e-09	2.15e-04	1.00e+00
 5.35136e+15	1.37e-09	2.27e-04	1.00e+00
 5.51601e+15	1.56e-09	2.43e-04	1.00e+00
 5.69416e+15	1.79e-09	2.61e-04	1.00e+00
 5.85487e+15	2.02e-09	2.78e-04	1.00e+00
 6.02880e+15	2.30e-09	2.97e-04	1.00e+00
 6.24967e+15	2.68e-09	3.21e-04	1.00e+00
 6.47205e+15	3.12e-09	3.48e-04	1.00e+00
 6.65872e+15	3.52e-09	3.70e-04	1.00e+00
 6.85846e+15	4.00e-09	3.95e-04	1.00e+00
 7.11080e+15	4.68e-09	4.28e-04	1.00e+00
 7.37518e+15	5.47e-09	4.64e-04	1.00e+00
 7.61245e+15	6.26e-09	4.98e-04	1.00e+00
 7.87079e+15	7.22e-09	5.36e-04	9.99e-01
 8.17716e+15	8.49e-09	5.83e-04	9.99e-01
 8.47696e+15	9.89e-09	6.30e-04	9.99e-01
 8.74814e+15	1.13e-08	6.75e-04	9.99e-01
 9.05116e+15	1.30e-08	7.27e-04	9.99e-01
 9.40689e+15	1.53e-08	7.91e-04	9.99e-01
 9.75636e+15	1.78e-08	8.55e-04	9.99e-01
 1.00816e+16	2.05e-08	9.18e-04	9.99e-01
 1.04466e+16	2.38e-08	9.91e-04	9.99e-01
 1.07974e+16	2.73e-08	1.06e-03	9.99e-01
 1.10572e+16	3.02e-08	1.12e-03	9.99e-01
 1.13190e+16	3.33e-08	1.18e-03	9.99e-01
 1.16594e+16	3.77e-08	1.25e-03	9.99e-01
 1.20277e+16	4.29e-08	1.34e-03	9.99e-01
 1.23563e+16	4.80e-08	1.42e-03	9.99e-01
 1.27076e+16	5.40e-08	1.51e-03	9.98e-01
 1.31642e+16	6.26e-08	1.63e-03	9.98e-01
 1.36257e+16	7.20e-08	1.75e-03	9.98e-01
 1.39989e+16	8.04e-08	1.85e-03	9.98e-01
 1.43895e+16	9.02e-08	1.96e-03	9.98e-01
 1.48974e+16	1.04e-07	2.12e-03	9.98e-01
 1.54257e+16	1.20e-07	2.28e-03	9.98e-01
 1.58719e+16	1.35e-07	2.42e-03	9.98e-01
 1.63433e+16	1.52e-07	2.59e-03	9.97e-01
 1.69419e+16	1.77e-07	2.80e-03	9.97e-01
 1.75358e+16	2.03e-07	3.02e-03	9.97e-01
 1.80170e+16	2.27e-07	3.20e-03	9.97e-01
 1.85217e+16	2.55e-07	3.42e-03	9.97e-01
 1.91780e+16	2.96e-07	3.71e-03	9.96e-01
 1.98372e+16	3.39e-07	4.01e-03	9.96e-01
 2.03261e+16	3.74e-07	4.24e-03	9.96e-01
 2.07872e+16	4.13e-07	4.49e-03	9.96e-01
 2.13868e+16	4.69e-07	4.83e-03	9.95e-01
 2.19868e+16	5.28e-07	5.18e-03	9.95e-01
 2.24768e+16	5.80e-07	5.48e-03	9.95e-01
 2.30030e+16	6.47e-07	5.86e-03	9.94e-01
 2.35836e+16	7.25e-07	6.28e-03	9.94e-01
 2.41343e+16	8.10e-07	6.73e-03	9.93e-01
 2.47496e+16	9.21e-07	7.30e-03	9.93e-01
 2.53724e+16	1.04e-06	7.91e-03	9.92e-01
 2.58657e+16	1.15e-06	8.44e-03	9.92e-01
 2.63678e+16	1.28e-06	9.08e-03	9.91e-01
 2.69262e+16	1.45e-06	9.86e-03	9.90e-01
 2.74368e+16	1.62e-06	1.06e-02	9.89e-01
 2.78982e+16	1.80e-06	1.15e-02	9.89e-01
 2.84163e+16	2.05e-06	1.25e-02	9.87e-01
 2.89365e+16	2.33e-06	1.37e-02	9.86e-01
 2.93399e+16	2.59e-06	1.48e-02	9.85e-01
 2.97447e+16	2.90e-06	1.61e-02	9.84e-01
 3.01878e+16	3.31e-06	1.77e-02	9.82e-01
 3.05770e+16	3.72e-06	1.93e-02	9.81e-01
 3.09145e+16	4.14e-06	2.10e-02	9.79e-01
 3.12887e+16	4.68e-06	2.32e-02	9.77e-01
 3.16862e+16	5.46e-06	2.59e-02	9.74e-01
 3.20152e+16	6.21e-06	2.86e-02	9.71e-01
 3.22896e+16	7.00e-06	3.12e-02	9.69e-01
 3.25915e+16	8.01e-06	3.48e-02	9.65e-01
 3.29140e+16	9.25e-06	3.92e-02	9.61e-01
 3.31898e+16	1.08e-05	4.39e-02	9.56e-01
 3.34163e+16	1.22e-05	4.86e-02	9.51e-01
 3.36524e+16	1.40e-05	5.44e-02	9.46e-01
 3.39083e+16	1.65e-05	6.21e-02	9.38e-01
 3.41267e+16	1.93e-05	7.03e-02	9.30e-01
 3.43038e+16	2.23e-05	7.84e-02	9.22e-01
 3.44595e+16	2.51e-05	8.69e-02	9.13e-01
 3.46310e+16	2.91e-05	9.81e-02	9.02e-01
 3.48142e+16	3.45e-05	1.13e-01	8.87e-01
 3.49677e+16	4.03e-05	1.28e-01	8.72e-01
 3.50929e+16	4.65e-05	1.43e-01	8.57e-01
 3.52049e+16	5.27e-05	1.58e-01	8.42e-01
 3.53294e+16	6.13e-05	1.79e-01	8.21e-01
 3.54613e+16	7.23e-05	2.05e-01	7.95e-01
 3.55708e+16	8.35e-05	2.31e-01	7.69e-01
 3.56522e+16	9.32e-05	2.52e-01	7.47e-01
 3.57185e+16	1.02e-04	2.73e-01	7.27e-01
 3.57936e+16	1.14e-04	2.98e-01	7.02e-01
 3.58748e+16	1.29e-04	3.28e-01	6.72e-01
 3.59467e+16	1.42e-04	3.57e-01	6.43e-01
 3.60226e+16	1.60e-04	3.91e-01	6.08e-01
 3.60987e+16	1.79e-04	4.27e-01	5.72e-01
 3.61618e+16	1.95e-04	4.59e-01	5.41e-01
 3.62305e+16	2.16e-04	4.96e-01	5.03e-01
 3.63078e+16	2.39e-04	5.39e-01	4.61e-01
 3.63821e+16	2.64e-04	5.80e-01	4.19e-01
 3.64647e+16	2.93e-04	6.27e-01	3.73e-01
 3.65551e+16	3.24e-04	6.75e-01	3.25e-01
 3.66401e+16	3.54e-04	7.18e-01	2.82e-01
 3.67352e+16	3.87e-04	7.62e-01	2.37e-01
 3.68588e+16	4.27e-04	8.12e-01	1.88e-01
 3.69951e+16	4.66e-04	8.55e-01	1.45e-01
 3.71479e+16	5.05e-04	8.92e-01	1.07e-01
 3.73465e+16	5.49e-04	9.26e-01	7.30e-02
 3.76047e+16	5.97e-04	9.54e-01	4.56e-02
 3.79405e+16	6.50e-04	9.73e-01	2.62e-02
 3.83136e+16	7.07e-04	9.84e-01	1.52e-02
 3.86618e+16	7.62e-04	9.90e-01	9.69e-03
 3.89854e+16	8.20e-04	9.93e-01	6.65e-03
 3.93506e+16	8.91e-04	9.95e-01	4.46e-03
 3.97319e+16	9.80e-04	9.96e-01	3.09e-03
 4.00354e+16	1.06e-03	9.97e-01	2.37e-03
 4.02308e+16	1.13e-03	9.97e-01	2.03e-03
 4.03501e+16	1.17e-03	9.97e-01	1.84e-03
 4.04713e+16	1.21e-03	9.97e-01	1.66e-03
 4.06289e+16	1.27e-03	9.97e-01	1.45e-03
 4.08059e+16	1.35e-03	9.97e-01	1.27e-03
 4.09652e+16	1.43e-03	9.97e-01	1.13e-03
 4.10985e+16	1.50e-03	9.97e-01	1.02e-03
 4.12407e+16	1.58e-03	9.98e-01	9.15e-04
 4.13968e+16	1.69e-03	9.97e-01	8.18e-04
 4.15336e+16	1.79e-03	9.97e-01	7.45e-04
 4.16365e+16	1.87e-03	9.97e-01	6.96e-04
 4.17162e+16	1.94e-03	9.97e-01	6.60e-04
 4.18029e+16	2.02e-03	9.97e-01	6.20e-04
 4.19157e+16	2.14e-03	9.97e-01	5.73e-04
 4.20281e+16	2.26e-03	9.97e-01	5.33e-04
 4.21113e+16	2.37e-03	9.97e-01	5.06e-04
 4.21784e+16	2.46e-03	9.97e-01	4.84e-04
 4.22531e+16	2.57e-03	9.97e-01	4.60e-04
 4.23502e+16	2.72e-03	9.97e-01	4.31e-04
 4.24463e+16	2.89e-03	9.97e-01	4.06e-04
 4.25166e+16	3.02e-03	9.97e-01	3.89e-04
 4.25732e+16	3.14e-03	9.96e-01	3.76e-04
 4.26364e+16	3.29e-03	9.96e-01	3.60e-04
 4.27187e+16	3.49e-03	9.96e-01	3.41e-04
 4.28004e+16	3.71e-03	9.96e-01	3.25e-04
 4.28609e+16	3.90e-03	9.96e-01	3.14e-04
 4.29099e+16	4.07e-03	9.96e-01	3.04e-04
 4.29649e+16	4.26e-03	9.95e-01	2.94e-04
 4.30363e+16	4.54e-03	9.95e-01	2.81e-04
 4.31074e+16	4.86e-03	9.95e-01	2.69e-04
 4.31605e+16	5.13e-03	9.95e-01	2.61e-04
 4.32043e+16	5.37e-03	9.94e-01	2.54e-04
 4.32535e+16	5.66e-03	9.94e-01	2.46e-04
 4.33175e+16	6.08e-03	9.94e-01	2.36e-04
 4.33819e+16	6.58e-03	9.93e-01	2.27e-04
 4.34310e+16	7.02e-03	9.93e-01	2.21e-04
 4.34727e+16	7.42e-03	9.92e-01	2.16e-04
 4.35205e+16	7.93e-03	9.92e-01	2.09e-04
 4.35827e+16	8.69e-03	9.91e-01	2.01e-04
 4.36468e+16	9.65e-03	9.90e-01	1.94e-04
 4.36970e+16	1.06e-02	9.89e-01	1.88e-04
 4.37366e+16	1.14e-02	9.88e-01	1.84e-04
 4.37788e+16	1.24e-02	9.87e-01	1.79e-04
 4.38261e+16	1.37e-02	9.86e-01	1.74e-04
 4.38682e+16	1.52e-02	9.85e-01	1.70e-04
 4.39024e+16	1.65e-02	9.83e-01	1.67e-04
 4.39382e+16	1.82e-02	9.82e-01	1.63e-04
 4.39771e+16	2.04e-02	9.79e-01	1.60e-04
 4.40103e+16	2.26e-02	9.77e-01	1.57e-04
 4.40369e+16	2.48e-02	9.75e-01	1.55e-04
 4.40648e+16	2.74e-02	9.72e-01	1.52e-04
 4.40956e+16	3.08e-02	9.69e-01	1.50e-04
 4.41229e+16	3.45e-02	9.65e-01	1.49e-04
 4.41455e+16	3.82e-02	9.62e-01	1.47e-04
 4.41660e+16	4.21e-02	9.58e-01	1.46e-04
 4.41893e+16	4.72e-02	9.53e-01	1.46e-04
 4.42137e+16	5.37e-02	9.46e-01	1.45e-04
 4.42333e+16	6.02e-02	9.40e-01	1.45e-04
 4.42488e+16	6.59e-02	9.34e-01	1.46e-04
 4.42650e+16	7.30e-02	9.27e-01	1.46e-04
 4.42830e+16	8.17e-02	9.18e-01	1.47e-04
 4.42991e+16	9.13e-02	9.09e-01	1.48e-04
 4.43131e+16	1.01e-01	8.99e-01	1.50e-04
 4.43262e+16	1.11e-01	8.89e-01	1.52e-04
 4.43392e+16	1.22e-01	8.78e-01	1.54e-04
 4.43514e+16	1.34e-01	8.66e-01	1.56e-04
 4.43623e+16	1.46e-01	8.54e-01	1.59e-04
 4.43718e+16	1.57e-01	8.43e-01	1.61e-04
 4.43805e+16	1.69e-01	8.31e-01	1.63e-04
 4.43875e+16	1.78e-01	8.22e-01	1.65e-04
 4.43923e+16	1.85e-01	8.14e-01	1.66e-04
 4.43967e+16	1.93e-01	8.07e-01	1.67e-04
 4.44018e+16	2.01e-01	7.99e-01	1.69e-04
 4.44072e+16	2.10e-01	7.89e-01	1.70e-04
 4.44125e+16	2.20e-01	7.80e-01	1.72e-04
 4.44174e+16	2.29e-01	7.71e-01	1.74e-04
 4.44223e+16	2.39e-01	7.61e-01	1.75e-04
 4.44272e+16	2.49e-01	7.51e-01	1.77e-04
 4.44320e+16	2.59e-01	7.40e-01	1.79e-04
 4.44368e+16	2.70e-01	7.30e-01	1.81e-04
 4.44415e+16	2.81e-01	7.19e-01	1.82e-04
 4.44462e+16	2.93e-01	7.07e-01	1.84e-04
 4.44508e+16	3.04e-01	6.96e-01	1.86e-04
 4.44553e+16	3.16e-01	6.84e-01	1.87e-04
 4.44598e+16	3.28e-01	6.72e-01	1.89e-04
 4.44642e+16	3.40e-01	6.59e-01	1.91e-04
 4.44686e+16	3.53e-01	6.46e-01	1.92e-04
 4.44729e+16	3.66e-01	6.34e-01	1.94e-04
 4.44772e+16	3.79e-01	6.20e-01	1.95e-04
 4.44815e+16	3.93e-01	6.07e-01	1.96e-04
 4.44857e+16	4.07e-01	5.93e-01	1.97e-04
 4.44897e+16	4.20e-01	5.80e-01	1.99e-04
 4.44938e+16	4.34e-01	5.66e-01	2.00e-04
 4.44979e+16	4.48e-01	5.52e-01	2.01e-04
 4.45019e+16	4.62e-01	5.37e-01	2.01e-04
 4.45058e+16	4.76e-01	5.24e-01	2.03e-04
 4.45096e+16	4.90e-01	5.09e-01	2.03e-04
 4.45134e+16	5.04e-01	4.96e-01	2.04e-04
 4.45171e+16	5.18e-01	4.82e-01	2.04e-04
 4.45208e+16	5.32e-01	4.68e-01	2.04e-04
 4.45245e+16	5.46e-01	4.54e-01	2.05e-04
 4.45280e+16	5.60e-01	4.40e-01	2.05e-04
 4.45315e+16	5.73e-01	4.27e-01	2.05e-04
 4.45349e+16	5.85e-01	4.14e-01	2.05e-04
 4.45382e+16	5.98e-01	4.02e-01	2.05e-04
 4.45415e+16	6.11e-01	3.89e-01	2.05e-04
 4.45447e+16	6.23e-01	3.77e-01	2.04e-04
 4.45479e+16	6.35e-01	3.64e-01	2.03e-04
 4.45510e+16	6.47e-01	3.53e-01	2.03e-04
 4.45541e+16	6.59e-01	3.41e-01	2.02e-04
 4.45571e+16	6.70e-01	3.30e-01	2.01e-04
 4.45601e+16	6.81e-01	3.19e-01	2.00e-04
 4.45630e+16	6.92e-01	3.08e-01	1.99e-04
 4.45659e+16	7.02e-01	2.98e-01	1.97e-04
 4.45687e+16	7.12e-01	2.88e-01	1.96e-04
 4.45715e+16	7.22e-01	2.78e-01	1.95e-04
 4.45742e+16	7.31e-01	2.69e-01	1.93e-04
 4.45769e+16	7.40e-01	2.59e-01	1.92e-04
 4.45796e+16	7.49e-01	2.50e-01	1.90e-04
 4.45822e+16	7.58e-01	2.42e-01	1.89e-04
 4.45849e+16	7.67e-01	2.33e-01	1.87e-04
 4.45874e+16	7.75e-01	2.25e-01	1.85e-04
 4.45900e+16	7.83e-01	2.17e-01	1.83e-04
 4.45925e+16	7.90e-01	2.09e-01	1.81e-04
 4.45950e+16	7.98e-01	2.02e-01	1.79e-04
 4.45975e+16	8.05e-01	1.95e-01	1.77e-04
 4.45999e+16	8.12e-01	1.88e-01	1.75e-04
 4.46020e+16	8.18e-01	1.82e-01	1.73e-04
 4.46034e+16	8.22e-01	1.78e-01	1.72e-04
 4.46048e+16	8.26e-01	1.74e-01	1.70e-04
 4.46063e+16	8.30e-01	1.70e-01	1.69e-04
 4.46078e+16	8.34e-01	1.66e-01	1.67e-04
 4.46093e+16	8.37e-01	1.62e-01	1.65e-04
 4.46107e+16	8.41e-01	1.59e-01	1.64e-04
 4.46121e+16	8.45e-01	1.55e-01	1.62e-04
 4.46136e+16	8.48e-01	1.52e-01	1.61e-04
 4.46150e+16	8.52e-01	1.48e-01	1.59e-04
 4.46163e+16	8.55e-01	1.45e-01	1.57e-04
 4.46177e+16	8.58e-01	1.42e-01	1.56e-04
 4.46191e+16	8.62e-01	1.38e-01	1.54e-04
 4.46205e+16	8.65e-01	1.35e-01	1.52e-04
 4.46220e+16	8.68e-01	1.32e-01	1.51e-04
 4.46235e+16	8.71e-01	1.29e-01	1.49e-04
 4.46251e+16	8.75e-01	1.25e-01	1.47e-04
 4.46268e+16	8.79e-01	1.21e-01	1.45e-04
 4.46287e+16	8.82e-01	1.17e-01	1.42e-04
 4.46307e+16	8.87e-01	1.13e-01	1.40e-04
 4.46329e+16	8.91e-01	1.09e-01	1.37e-04
 4.46350e+16	8.95e-01	1.05e-01	1.34e-04
 4.46370e+16	8.98e-01	1.01e-01	1.31e-04
 4.46388e+16	9.02e-01	9.81e-02	1.29e-04
 4.46406e+16	9.05e-01	9.49e-02	1.26e-04
 4.46424e+16	9.08e-01	9.18e-02	1.23e-04
 4.46440e+16	9.11e-01	8.89e-02	1.21e-04
 4.46456e+16	9.13e-01	8.64e-02	1.18e-04
 4.46469e+16	9.16e-01	8.41e-02	1.16e-04
 4.46482e+16	9.18e-01	8.21e-02	1.14e-04
 4.46493e+16	9.20e-01	8.03e-02	1.12e-04
 4.46504e+16	9.21e-01	7.86e-02	1.10e-04
 4.46513e+16	9.23e-01	7.71e-02	1.09e-04
 4.46524e+16	9.24e-01	7.55e-02	1.07e-04
 4.46535e+16	9.26e-01	7.38e-02	1.05e-04
 4.46545e+16	9.28e-01	7.23e-02	1.03e-04
 4.46554e+16	9.29e-01	7.09e-02	1.01e-04
 4.46563e+16	9.30e-01	6.97e-02	9.99e-05
 4.46570e+16	9.31e-01	6.85e-02	9.84e-05
 4.46579e+16	9.33e-01	6.73e-02	9.70e-05
 4.46588e+16	9.34e-01	6.60e-02	9.54e-05
 4.46596e+16	9.35e-01	6.49e-02	9.39e-05
 4.46604e+16	9.36e-01	6.38e-02	9.25e-05
 4.46610e+16	9.37e-01	6.29e-02	9.12e-05
 4.46618e+16	9.38e-01	6.18e-02	8.99e-05
 4.46626e+16	9.39e-01	6.07e-02	8.84e-05
 4.46633e+16	9.40e-01	5.98e-02	8.70e-05
 4.46640e+16	9.41e-01	5.89e-02	8.58e-05
 4.46646e+16	9.42e-01	5.80e-02	8.45e-05
 4.46653e+16	9.43e-01	5.71e-02	8.34e-05
 4.46660e+16	9.44e-01	5.62e-02	8.20e-05
 4.46667e+16	9.45e-01	5.54e-02	8.08e-05
 4.46673e+16	9.45e-01	5.46e-02	7.95e-05
 4.46678e+16	9.46e-01	5.39e-02	7.85e-05
 4.46684e+16	9.47e-01	5.31e-02	7.75e-05
 4.46691e+16	9.48e-01	5.23e-02	7.63e-05
 4.46696e+16	9.48e-01	5.16e-02	7.52e-05
 4.46702e+16	9.49e-01	5.09e-02	7.41e-05
 4.46708e+16	9.50e-01	5.02e-02	7.31e-05
 4.46714e+16	9.50e-01	4.95e-02	7.20e-05
 4.46720e+16	9.51e-01	4.88e-02	7.10e-05
 4.46725e+16	9.52e-01	4.81e-02	6.99e-05
 4.46731e+16	9.52e-01	4.75e-02	6.90e-05
 4.46737e+16	9.53e-01	4.68e-02	6.79e-05
 4.46742e+16	9.54e-01	4.61e-02	6.69e-05
 4.46747e+16	9.54e-01	4.55e-02	6.59e-05
 4.46753e+16	9.55e-01	4.49e-02	6.50e-05
 4.46759e+16	9.56e-01	4.42e-02	6.40e-05
 4.46765e+16	9.56e-01	4.36e-02	6.31e-05
 4.46770e+16	9.57e-01	4.31e-02	6.22e-05
 4.46775e+16	9.57e-01	4.25e-02	6.14e-05
 4.46782e+16	9.58e-01	4.17e-02	6.02e-05
 4.46790e+16	9.59e-01	4.10e-02	5.90e-05
 4.46797e+16	9.60e-01	4.03e-02	5.79e-05
 4.46803e+16	9.60e-01	3.96e-02	5.70e-05
 4.46809e+16	9.61e-01	3.91e-02	5.61e-05
 4.46814e+16	9.61e-01	3.86e-02	5.53e-05
 4.46820e+16	9.62e-01	3.80e-02	5.46e-05
 4.46828e+16	9.63e-01	3.73e-02	5.35e-05
 4.46836e+16	9.63e-01	3.66e-02	5.25e-05
 4.46843e+16	9.64e-01	3.60e-02	5.16e-05
 4.46850e+16	9.64e-01	3.55e-02	5.07e-05
 4.46856e+16	9.65e-01	3.49e-02	4.99e-05
 4.46863e+16	9.66e-01	3.44e-02	4.91e-05
 4.46870e+16	9.66e-01	3.38e-02	4.83e-05
 4.46877e+16	9.67e-01	3.33e-02	4.75e-05
 4.46883e+16	9.67e-01	3.29e-02	4.68e-05
 4.46889e+16	9.68e-01	3.24e-02	4.61e-05
 4.46896e+16	9.68e-01	3.18e-02	4.53e-05
 4.46903e+16	9.69e-01	3.14e-02	4.46e-05
 4.46910e+16	9.69e-01	3.09e-02	4.39e-05
 4.46917e+16	9.70e-01	3.03e-02	4.31e-05
 4.46924e+16	9.70e-01	2.99e-02	4.24e-05
 4.46932e+16	9.71e-01	2.94e-02	4.17e-05
 4.46940e+16	9.71e-01	2.89e-02	4.09e-05
 4.46948e+16	9.72e-01	2.84e-02	4.02e-05
 4.46956e+16	9.72e-01	2.79e-02	3.95e-05
 4.46965e+16	9.73e-01	2.74e-02	3.88e-05
 4.46973e+16	9.73e-01	2.69e-02	3.81e-05
 4.46980e+16	9.73e-01	2.65e-02	3.75e-05
 4.46988e+16	9.74e-01	2.60e-02	3.68e-05
 4.46997e+16	9.74e-01	2.56e-02	3.62e-05
 4.47005e+16	9.75e-01	2.52e-02	3.56e-05
 4.47013e+16	9.75e-01	2.47e-02	3.49e-05
 4.47023e+16	9.76e-01	2.43e-02	3.43e-05
 4.47031e+16	9.76e-01	2.39e-02	3.37e-05
 4.47041e+16	9.77e-01	2.34e-02	3.31e-05
 4.47051e+16	9.77e-01	2.30e-02	3.24e-05
 4.47060e+16	9.77e-01	2.26e-02	3.19e-05
 4.47070e+16	9.78e-01	2.22e-02	3.12e-05
 4.47081e+16	9.78e-01	2.17e-02	3.06e-05
 4.47090e+16	9.79e-01	2.14e-02	3.01e-05
 4.47101e+16	9.79e-01	2.09e-02	2.95e-05
 4.47113e+16	9.79e-01	2.05e-02	2.89e-05
 4.47123e+16	9.80e-01	2.01e-02	2.84e-05
 4.47135e+16	9.80e-01	1.97e-02	2.77e-05
 4.47148e+16	9.81e-01	1.93e-02	2.72e-05
 4.47159e+16	9.81e-01	1.90e-02	2.67e-05
 4.47172e+16	9.81e-01	1.86e-02	2.61e-05
 4.47185e+16	9.82e-01	1.82e-02	2.56e-05
 4.47197e+16	9.82e-01	1.78e-02	2.51e-05
 4.47211e+16	9.83e-01	1.75e-02	2.45e-05
 4.47225e+16	9.83e-01	1.71e-02	2.40e-05
 4.47239e+16	9.83e-01	1.68e-02	2.36e-05
 4.47253e+16	9.84e-01	1.64e-02	2.31e-05
 4.47272e+16	9.84e-01	1.60e-02	2.24e-05
 4.47292e+16	9.84e-01	1.56e-02	2.19e-05
 4.47311e+16	9.85e-01	1.52e-02	2.14e-05
 4.47328e+16	9.85e-01	1.49e-02	2.09e-05
 4.47346e+16	9.85e-01	1.46e-02	2.04e-05
 4.47370e+16	9.86e-01	1.42e-02	1.99e-05
 4.47396e+16	9.86e-01	1.38e-02	1.93e-05
 4.47419e+16	9.87e-01	1.35e-02	1.89e-05
 4.47441e+16	9.87e-01	1.32e-02	1.85e-05
 4.47464e+16	9.87e-01	1.29e-02	1.80e-05
 4.47495e+16	9.87e-01	1.25e-02	1.75e-05
 4.47528e+16	9.88e-01	1.22e-02	1.71e-05
 4.47558e+16	9.88e-01	1.19e-02	1.67e-05
 4.47591e+16	9.88e-01	1.16e-02	1.62e-05
 4.47634e+16	9.89e-01	1.13e-02	1.58e-05
 4.47680e+16	9.89e-01	1.10e-02	1.54e-05
 4.47722e+16	9.89e-01	1.08e-02	1.50e-05
 4.47768e+16	9.89e-01	1.05e-02	1.46e-05
 4.47828e+16	9.90e-01	1.03e-02	1.42e-05
 4.47905e+16	9.90e-01	1.00e-02	1.38e-05
 4.47989e+16	9.90e-01	9.78e-03	1.35e-05
 4.48080e+16	9.90e-01	9.57e-03	1.31e-05
 4.48195e+16	9.91e-01	9.36e-03	1.28e-05
 4.48345e+16	9.91e-01	9.16e-03	1.24e-05
 4.48539e+16	9.91e-01	8.97e-03	1.21e-05
 4.48793e+16	9.91e-01	8.80e-03	1.17e-05
 4.49122e+16	9.91e-01	8.61e-03	1.13e-05
 4.49550e+16	9.92e-01	8.40e-03	1.08e-05
 4.50106e+16	9.92e-01	8.16e-03	1.02e-05
 4.50707e+16	9.92e-01	7.93e-03	9.64e-06
 4.51254e+16	9.92e-01	7.73e-03	9.18e-06
 4.51853e+16	9.92e-01	7.51e-03	8.67e-06
 4.52631e+16	9.93e-01	7.23e-03	8.05e-06
 4.53544e+16	9.93e-01	6.93e-03	7.41e-06
 4.54500e+16	9.93e-01	6.64e-03	6.81e-06
 4.55484e+16	9.94e-01	6.36e-03	6.25e-06
 4.56510e+16	9.94e-01	6.08e-03	5.72e-06
 4.57576e+16	9.94e-01	5.81e-03	5.22e-06
 4.58672e+16	9.94e-01	5.54e-03	4.76e-06
 4.59787e+16	9.95e-01	5.29e-03	4.34e-06
 4.60923e+16	9.95e-01	5.05e-03	3.96e-06
 4.62082e+16	9.95e-01	4.82e-03	3.61e-06
 4.63266e+16	9.95e-01	4.60e-03	3.28e-06
 4.64477e+16	9.96e-01	4.38e-03	2.99e-06
 4.65713e+16	9.96e-01	4.18e-03	2.71e-06
 4.66973e+16	9.96e-01	3.98e-03	2.46e-06
 4.68259e+16	9.96e-01	3.79e-03	2.24e-06
 4.69570e+16	9.96e-01	3.61e-03	2.03e-06
 4.70909e+16	9.97e-01	3.43e-03	1.84e-06
 4.72273e+16	9.97e-01	3.27e-03	1.66e-06
 4.73645e+16	9.97e-01	3.11e-03	1.51e-06
 4.75039e+16	9.97e-01	2.96e-03	1.36e-06
 4.76487e+16	9.97e-01	2.81e-03	1.23e-06
 4.77972e+16	9.97e-01	2.67e-03	1.11e-06
 4.79481e+16	9.97e-01	2.54e-03	1.00e-06
 4.81020e+16	9.98e-01	2.41e-03	9.01e-07
 4.82593e+16	9.98e-01	2.28e-03	8.10e-07
 4.84197e+16	9.98e-01	2.16e-03	7.27e-07
 4.85834e+16	9.98e-01	2.05e-03	6.53e-07
 4.87506e+16	9.98e-01	1.94e-03	5.85e-07
 4.89216e+16	9.98e-01	1.84e-03	5.23e-07
 4.90966e+16	9.98e-01	1.74e-03	4.68e-07
 4.92755e+16	9.98e-01	1.64e-03	4.17e-07
 4.94584e+16	9.98e-01	1.55e-03	3.72e-07
 4.96456e+16	9.99e-01	1.47e-03	3.31e-07
 4.98373e+16	9.99e-01	1.38e-03	2.93e-07
 5.00336e+16	9.99e-01	1.31e-03	2.60e-07
 5.02347e+16	9.99e-01	1.23e-03	2.30e-07
 5.04413e+16	9.99e-01	1.16e-03	2.03e-07
 5.06536e+16	9.99e-01	1.09e-03	1.79e-07
 5.08716e+16	9.99e-01	1.02e-03	1.58e-07
 5.10957e+16	9.99e-01	9.59e-04	1.38e-07
 5.13264e+16	9.99e-01	8.99e-04	1.21e-07
 5.15642e+16	9.99e-01	8.42e-04	1.05e-07
 5.18095e+16	9.99e-01	7.87e-04	9.16e-08
 5.20591e+16	9.99e-01	7.36e-04	7.96e-08
 5.23149e+16	9.99e-01	6.87e-04	6.89e-08
 5.25842e+16	9.99e-01	6.39e-04	5.92e-08
 5.28670e+16	9.99e-01	5.93e-04	5.06e-08
 5.31604e+16	9.99e-01	5.50e-04	4.30e-08
 5.34647e+16	9.99e-01	5.08e-04	3.64e-08
 5.37832e+16	1.00e+00	4.68e-04	3.06e-08
 5.41172e+16	1.00e+00	4.30e-04	2.56e-08
 5.44671e+16	1.00e+00	3.94e-04	2.12e-08
 5.48374e+16	1.00e+00	3.59e-04	1.74e-08
 5.52273e+16	1.00e+00	3.25e-04	1.41e-08
 5.56406e+16	1.00e+00	2.93e-04	1.13e-08
 5.60843e+16	1.00e+00	2.62e-04	8.96e-09
 5.65591e+16	1.00e+00	2.33e-04	6.97e-09
 5.70709e+16	1.00e+00	2.04e-04	5.31e-09
 5.76280e+16	1.00e+00	1.77e-04	3.93e-09
 5.82649e+16	1.00e+00	1.50e-04	2.79e-09
 5.89855e+16	1.00e+00	1.25e-04	1.92e-09
 5.97406e+16	1.00e+00	1.03e-04	1.29e-09
 6.05635e+16	1.00e+00	8.25e-05	8.36e-10
 6.15671e+16	1.00e+00	6.32e-05	4.91e-10
 6.27276e+16	1.00e+00	4.68e-05	2.70e-10
 6.40199e+16	1.00e+00	3.36e-05	1.40e-10
 6.54290e+16	1.00e+00	2.36e-05	6.96e-11
 6.68984e+16	1.00e+00	1.64e-05	3.41e-11
 6.84343e+16	1.00e+00	1.13e-05	1.64e-11
 7.00005e+16	1.00e+00	7.84e-06	7.97e-12
 7.15666e+16	1.00e+00	5.47e-06	3.93e-12
 7.31328e+16	1.00e+00	3.85e-06	1.97e-12
 7.46989e+16	1.00e+00	2.72e-06	1.01e-12
 7.62650e+16	1.00e+00	1.95e-06	5.21e-13
 7.78311e+16	1.00e+00	1.40e-06	2.73e-13
 7.93972e+16	1.00e+00	1.02e-06	1.46e-13
 8.09633e+16	1.00e+00	7.39e-07	7.86e-14
 8.25294e+16	1.00e+00	5.43e-07	4.31e-14
 8.40955e+16	1.00e+00	4.01e-07	2.39e-14
 8.56616e+16	1.00e+00	2.99e-07	1.34e-14
 8.74626e+16	1.00e+00	2.13e-07	6.91e-15
 8.95292e+16	1.00e+00	1.46e-07	3.34e-15
 9.16265e+16	1.00e+00	1.02e-07	1.64e-15
 9.37237e+16	1.00e+00	7.15e-08	8.20e-16
 9.59958e+16	1.00e+00	4.89e-08	3.90e-16
 9.84547e+16	1.00e+00	3.31e-08	1.81e-16
 1.00925e+17	1.00e+00	2.26e-08	8.62e-17
 1.03489e+17	1.00e+00	1.54e-08	4.04e-17
 1.06185e+17	1.00e+00	1.04e-08	1.88e-17
 1.08959e+17	1.00e+00	7.06e-09	8.71e-18
 1.11788e+17	1.00e+00	4.81e-09	4.08e-18
 1.14630e+17	1.00e+00	3.31e-09	1.95e-18
 1.17472e+17	1.00e+00	2.30e-09	9.51e-19
 1.20314e+17	1.00e+00	1.61e-09	4.72e-19
 1.23156e+17	1.00e+00	1.14e-09	2.39e-19
 1.25999e+17	1.00e+00	8.17e-10	1.23e-19
 1.28842e+17	1.00e+00	5.89e-10	6.41e-20
 1.31685e+17	1.00e+00	4.28e-10	3.40e-20
 1.34528e+17	1.00e+00	3.13e-10	1.83e-20
 1.37370e+17	1.00e+00	2.31e-10	9.99e-21
 1.40213e+17	1.00e+00	1.71e-10	0.00e+00
 1.43056e+17	1.00e+00	1.28e-10	0.00e+00
 1.45898e+17	1.00e+00	9.64e-11	0.00e+00
 1.48741e+17	1.00e+00	7.30e-11	0.00e+00
 1.51727e+17	1.00e+00	5.48e-11	0.00e+00
 1.55257e+17	1.00e+00	3.92e-11	0.00e+00
 1.59186e+17	1.00e+00	2.76e-11	0.00e+00
 1.63269e+17	1.00e+00	1.94e-11	0.00e+00
 1.67546e+17	1.00e+00	1.36e-11	0.00e+00
 1.71928e+17	1.00e+00	9.69e-12	0.00e+00
 1.76393e+17	1.00e+00	7.00e-12	0.00e+00
 1.80966e+17	1.00e+00	5.16e-12	0.00e+00
 1.85627e+17	1.00e+00	3.89e-12	0.00e+00
 1.90288e+17	1.00e+00	3.04e-12	0.00e+00
 1.94948e+17	1.00e+00	2.47e-12	0.00e+00
 1.99817e+17	1.00e+00	2.05e-12	0.00e+00
 2.04967e+17	1.00e+00	1.73e-12	0.00e+00
 2.10216e+17	1.00e+00	1.50e-12	0.00e+00
 2.15567e+17	1.00e+00	1.36e-12	0.00e+00
 2.21047e+17	1.00e+00	1.25e-12	0.00e+00
 2.27077e+17	1.00e+00	1.16e-12	0.00e+00
 2.33798e+17	1.00e+00	1.03e-12	0.00e+00
 2.40651e+17	1.00e+00	9.49e-13	0.00e+00
 2.47375e+17	1.00e+00	9.24e-13	0.00e+00
 2.54032e+17	1.00e+00	9.19e-13	0.00e+00
 2.60687e+17	1.00e+00	9.12e-13	0.00e+00
 2.67326e+17	1.00e+00	9.06e-13	0.00e+00
 2.73881e+17	1.00e+00	9.02e-13	0.00e+00
 2.80298e+17	1.00e+00	9.09e-13	0.00e+00
 2.86566e+17	1.00e+00	9.17e-13	0.00e+00
 2.92653e+17	1.00e+00	9.29e-13	0.00e+00
 2.98518e+17	1.00e+00	9.45e-13	0.00e+00
 3.04126e+17	1.00e+00	9.64e-13	0.00e+00
 3.09474e+17	1.00e+00	9.88e-13	0.00e+00
 3.14578e+17	1.00e+00	1.01e-12	0.00e+00
 3.19445e+17	1.00e+00	1.03e-12	0.00e+00
 3.24071e+17	1.00e+00	1.06e-12	0.00e+00
 3.28448e+17	1.00e+00	1.08e-12	0.00e+00
 3.32579e+17	1.00e+00	1.10e-12	0.00e+00
 3.36478e+17	1.00e+00	1.13e-12	0.00e+00
 3.40158e+17	1.00e+00	1.15e-12	0.00e+00
 3.43632e+17	1.00e+00	1.17e-12	0.00e+00
 3.46908e+17	1.00e+00	1.19e-12	0.00e+00
 3.49995e+17	1.00e+00	1.21e-12	0.00e+00
 3.52905e+17	1.00e+00	1.23e-12	0.00e+00
 3.55649e+17	1.00e+00	1.25e-12	0.00e+00
 3.58239e+17	1.00e+00	1.27e-12	0.00e+00
 3.60685e+17	1.00e+00	1.29e-12	0.00e+00
 3.62995e+17	1.00e+00	1.30e-12	0.00e+00
 3.65177e+17	1.00e+00	1.32e-12	0.00e+00
 3.67237e+17	1.00e+00	1.33e-12	0.00e+00
 3.69181e+17	1.00e+00	1.34e-12	0.00e+00
 3.71018e+17	1.00e+00	1.36e-12	0.00e+00
 3.72758e+17	1.00e+00	1.37e-12	0.00e+00
 3.74407e+17	1.00e+00	1.38e-12	0.00e+00
 3.75971e+17	1.00e+00	1.39e-12	0.00e+00
 3.77454e+17	1.00e+00	1.40e-12	0.00e+00
 3.78859e+17	1.00e+00	1.41e-12	0.00e+00
 3.80190e+17	1.00e+00	1.42e-12	0.00e+00
 3.81455e+17	1.00e+00	1.42e-12	0.00e+00
 3.82657e+17	1.00e+00	1.43e-12	0.00e+00
 3.83799e+17	1.00e+00	1.44e-12	0.00e+00
 3.84886e+17	1.00e+00	1.45e-12	0.00e+00
 3.85920e+17	1.00e+00	1.45e-12	0.00e+00
 3.86904e+17	1.00e+00	1.46e-12	0.00e+00
 3.87841e+17	1.00e+00	1.46e-12	0.00e+00
 3.88735e+17	1.00e+00	1.47e-12	0.00e+00
 3.89587e+17	1.00e+00	1.47e-12	0.00e+00
 3.90402e+17	1.00e+00	1.48e-12	0.00e+00
 3.91180e+17	1.00e+00	1.48e-12	0.00e+00
 3.91924e+17	1.00e+00	1.49e-12	0.00e+00
 3.92636e+17	1.00e+00	1.49e-12	0.00e+00
 3.93319e+17	1.00e+00	1.50e-12	0.00e+00
 3.93974e+17	1.00e+00	1.50e-12	0.00e+00
 3.94604e+17	1.00e+00	1.50e-12	0.00e+00
 3.95210e+17	1.00e+00	1.51e-12	0.00e+00
 3.95793e+17	1.00e+00	1.51e-12	0.00e+00
 3.96356e+17	1.00e+00	1.51e-12	0.00e+00
 3.96901e+17	1.00e+00	1.51e-12	0.00e+00
 3.97429e+17	1.00e+00	1.52e-12	0.00e+00
 3.97941e+17	1.00e+00	1.52e-12	0.00e+00
 3.98440e+17	1.00e+00	1.52e-12	0.00e+00
 3.98927e+17	1.00e+00	1.52e-12	0.00e+00
 3.99403e+17	1.00e+00	1.52e-12	0.00e+00
 3.99871e+17	1.00e+00	1.53e-12	0.00e+00
 4.00333e+17	1.00e+00	1.53e-12	0.00e+00
 4.00790e+17	1.00e+00	1.53e-12	0.00e+00
 4.01245e+17	1.00e+00	1.53e-12	0.00e+00
 4.01699e+17	1.00e+00	1.53e-12	0.00e+00
 4.02157e+17	1.00e+00	1.53e-12	0.00e+00
 4.02620e+17	1.00e+00	1.53e-12	0.00e+00
 4.03092e+17	1.00e+00	1.53e-12	0.00e+00
 4.03577e+17	1.00e+00	1.53e-12	0.00e+00
 4.04081e+17	1.00e+00	1.53e-12	0.00e+00
 4.04610e+17	1.00e+00	1.53e-12	0.00e+00
 4.05172e+17	1.00e+00	1.53e-12	0.00e+00
 4.05776e+17	1.00e+00	1.53e-12	0.00e+00
 4.06437e+17	1.00e+00	1.53e-12	0.00e+00
 4.07173e+17	1.00e+00	1.53e-12	0.00e+00
 4.08008e+17	1.00e+00	1.52e-12	0.00e+00
 4.08978e+17	1.00e+00	1.51e-12	0.00e+00
 4.10134e+17	1.00e+00	1.50e-12	0.00e+00
 4.11552e+17	1.00e+00	1.48e-12	0.00e+00
 4.13345e+17	1.00e+00	1.45e-12	0.00e+00
 4.15662e+17	1.00e+00	1.41e-12	0.00e+00
 4.18674e+17	1.00e+00	1.34e-12	0.00e+00
 4.22590e+17	1.00e+00	1.24e-12	0.00e+00
 4.27680e+17	1.00e+00	1.11e-12	0.00e+00
 4.34297e+17	1.00e+00	9.50e-13	0.00e+00
 4.42899e+17	1.00e+00	7.69e-13	0.00e+00
 4.54082e+17	1.00e+00	5.76e-13	0.00e+00
 4.68620e+17	1.00e+00	3.89e-13	0.00e+00
 4.86373e+17	1.00e+00	2.27e-13	0.00e+00
 5.05828e+17	1.00e+00	1.51e-13	0.00e+00
 5.26061e+17	1.00e+00	1.31e-13	0.00e+00
 5.47104e+17	1.00e+00	1.13e-13	0.00e+00
 5.68988e+17	1.00e+00	9.69e-14	0.00e+00
 5.91748e+17	1.00e+00	8.22e-14	0.00e+00
 6.15418e+17	1.00e+00	6.90e-14	0.00e+00
 6.40034e+17	1.00e+00	5.72e-14	0.00e+00
 6.65636e+17	1.00e+00	4.67e-14	0.00e+00
 6.91428e+17	1.00e+00	3.76e-14	0.00e+00
 7.15676e+17	1.00e+00	3.81e-14	0.00e+00
 7.37370e+17	1.00e+00	5.04e-14	0.00e+00
 7.56928e+17	1.00e+00	6.77e-14	0.00e+00
 7.75278e+17	1.00e+00	7.84e-14	0.00e+00
 7.92885e+17	1.00e+00	7.99e-14	0.00e+00
 8.09431e+17	1.00e+00	7.97e-14	0.00e+00
 8.24254e+17	1.00e+00	8.62e-14	0.00e+00
 8.37115e+17	1.00e+00	9.97e-14	0.00e+00
 8.48353e+17	1.00e+00	1.13e-13	0.00e+00
 8.58470e+17	1.00e+00	1.19e-13	0.00e+00
 8.67283e+17	1.00e+00	1.18e-13	0.00e+00
 8.73770e+17	1.00e+00	1.25e-13	0.00e+00
 8.77601e+17	1.00e+00	1.46e-13	0.00e+00
 8.79683e+17	1.00e+00	1.62e-13	0.00e+00
 8.80900e+17	1.00e+00	1.72e-13	0.00e+00
 8.81631e+17	1.00e+00	1.77e-13	0.00e+00
 8.82126e+17	1.00e+00	1.80e-13	0.00e+00
 8.82597e+17	1.00e+00	1.83e-13	0.00e+00
 8.83145e+17	1.00e+00	1.85e-13	0.00e+00
 8.83725e+17	1.00e+00	1.86e-13	0.00e+00
 8.84252e+17	1.00e+00	1.88e-13	0.00e+00
 8.84691e+17	1.00e+00	1.89e-13	0.00e+00
 8.85078e+17	1.00e+00	1.89e-13	0.00e+00
 8.85463e+17	1.00e+00	1.90e-13	0.00e+00
 8.85856e+17	1.00e+00	1.90e-13	0.00e+00
 8.86243e+17	1.00e+00	1.90e-13	0.00e+00
 8.86589e+17	1.00e+00	1.90e-13	0.00e+00
 8.86887e+17	1.00e+00	1.90e-13	0.00e+00
 8.87175e+17	1.00e+00	1.90e-13	0.00e+00
 8.87459e+17	1.00e+00	1.90e-13	0.00e+00
 8.87724e+17	1.00e+00	1.90e-13	0.00e+00
 8.87983e+17	1.00e+00	1.89e-13	0.00e+00
 8.88255e+17	1.00e+00	1.89e-13	0.00e+00
 8.88527e+17	1.00e+00	1.89e-13	0.00e+00
 8.88762e+17	1.00e+00	1.88e-13	0.00e+00
 8.88974e+17	1.00e+00	1.88e-13	0.00e+00
 8.89200e+17	1.00e+00	1.87e-13	0.00e+00
 8.89436e+17	1.00e+00	1.87e-13	0.00e+00
 8.89652e+17	1.00e+00	1.86e-13	0.00e+00
 8.89853e+17	1.00e+00	1.86e-13	0.00e+00
 8.90056e+17	1.00e+00	1.85e-13	0.00e+00
 8.90263e+17	1.00e+00	1.85e-13	0.00e+00
 8.90469e+17	1.00e+00	1.84e-13	0.00e+00
 8.90673e+17	1.00e+00	1.83e-13	0.00e+00
 8.90874e+17	1.00e+00	1.83e-13	0.00e+00
 8.91065e+17	1.00e+00	1.82e-13	0.00e+00
 8.91251e+17	1.00e+00	1.82e-13	0.00e+00
 8.91442e+17	1.00e+00	1.81e-13	0.00e+00
 8.91653e+17	1.00e+00	1.80e-13	0.00e+00
 8.91871e+17	1.00e+00	1.79e-13	0.00e+00
 8.92068e+17	1.00e+00	1.78e-13	0.00e+00
 8.92258e+17	1.00e+00	1.78e-13	0.00e+00
 8.92469e+17	1.00e+00	1.77e-13	0.00e+00
 8.92689e+17	1.00e+00	1.76e-13	0.00e+00
 8.92898e+17	1.00e+00	1.75e-13	0.00e+00
 8.93109e+17	1.00e+00	1.74e-13	0.00e+00
 8.93327e+17	1.00e+00	1.73e-13	0.00e+00
 8.93568e+17	1.00e+00	1.72e-13	0.00e+00
 8.93821e+17	1.00e+00	1.71e-13	0.00e+00
 8.94052e+17	1.00e+00	1.70e-13	0.00e+00
 8.94268e+17	1.00e+00	1.69e-13	0.00e+00
 8.94506e+17	1.00e+00	1.68e-13	0.00e+00
 8.94779e+17	1.00e+00	1.66e-13	0.00e+00
 8.95049e+17	1.00e+00	1.65e-13	0.00e+00
 8.95298e+17	1.00e+00	1.63e-13	0.00e+00
 8.95560e+17	1.00e+00	1.62e-13	0.00e+00
 8.95849e+17	1.00e+00	1.61e-13	0.00e+00
 8.96144e+17	1.00e+00	1.59e-13	0.00e+00
 8.96428e+17	1.00e+00	1.57e-13	0.00e+00
 8.96720e+17	1.00e+00	1.56e-13	0.00e+00
 8.97036e+17	1.00e+00	1.54e-13	0.00e+00
 8.97358e+17	1.00e+00	1.52e-13	0.00e+00
 8.97684e+17	1.00e+00	1.51e-13	0.00e+00
 8.98023e+17	1.00e+00	1.49e-13	0.00e+00
 8.98370e+17	1.00e+00	1.47e-13	0.00e+00
 8.98714e+17	1.00e+00	1.45e-13	0.00e+00
 8.99066e+17	1.00e+00	1.43e-13	0.00e+00
 8.99445e+17	1.00e+00	1.41e-13	0.00e+00
 8.99842e+17	1.00e+00	1.38e-13	0.00e+00
 9.00233e+17	1.00e+00	1.36e-13	0.00e+00
 9.00626e+17	1.00e+00	1.34e-13	0.00e+00
 9.01039e+17	1.00e+00	1.31e-13	0.00e+00
 9.01471e+17	1.00e+00	1.29e-13	0.00e+00
 9.01906e+17	1.00e+00	1.27e-13	0.00e+00
 9.02360e+17	1.00e+00	1.24e-13	0.00e+00
 9.02833e+17	1.00e+00	1.21e-13	0.00e+00
 9.03296e+17	1.00e+00	1.18e-13	0.00e+00
 9.03755e+17	1.00e+00	1.16e-13	0.00e+00
 9.04249e+17	1.00e+00	1.13e-13	0.00e+00
 9.04789e+17	1.00e+00	1.10e-13	0.00e+00
 9.05317e+17	1.00e+00	1.07e-13	0.00e+00
 9.05818e+17	1.00e+00	1.04e-13	0.00e+00
 9.06338e+17	1.00e+00	1.02e-13	0.00e+00
 9.06897e+17	1.00e+00	9.86e-14	0.00e+00
 9.07483e+17	1.00e+00	9.54e-14	0.00e+00
 9.08071e+17	1.00e+00	9.23e-14	0.00e+00
 9.08644e+17	1.00e+00	8.92e-14	0.00e+00
 9.09218e+17	1.00e+00	8.63e-14	0.00e+00
 9.09824e+17	1.00e+00	8.33e-14	0.00e+00
 9.10463e+17	1.00e+00	8.01e-14	0.00e+00
 9.11108e+17	1.00e+00	7.69e-14	0.00e+00
 9.11745e+17	1.00e+00	7.38e-14	0.00e+00
 9.12389e+17	1.00e+00	7.07e-14	0.00e+00
 9.13060e+17	1.00e+00	6.77e-14	0.00e+00
 9.13754e+17	1.00e+00	6.46e-14	0.00e+00
 9.14456e+17	1.00e+00	6.15e-14	0.00e+00
 9.15153e+17	1.00e+00	5.84e-14	0.00e+00
 9.15868e+17	1.00e+00	5.55e-14	0.00e+00
 9.16610e+17	1.00e+00	5.25e-14	0.00e+00
 9.17374e+17	1.00e+00	4.95e-14	0.00e+00
 9.18141e+17	1.00e+00	4.66e-14	0.00e+00
 9.18915e+17	1.00e+00	4.37e-14	0.00e+00
 9.19713e+17	1.00e+00	4.09e-14	0.00e+00
 9.20522e+17	1.00e+00	3.82e-14	0.00e+00
 9.21349e+17	1.00e+00	3.55e-14	0.00e+00
 9.22211e+17	1.00e+00	3.29e-14	0.00e+00
 9.23093e+17	1.00e+00	3.03e-14	0.00e+00
 9.23896e+17	1.00e+00	2.79e-14	0.00e+00
 9.24564e+17	1.00e+00	2.59e-14	0.00e+00
 9.25129e+17	1.00e+00	2.44e-14	0.00e+00
 9.25655e+17	1.00e+00	2.31e-14	0.00e+00
 9.26184e+17	1.00e+00	2.20e-14	0.00e+00
 9.26709e+17	1.00e+00	2.08e-14	0.00e+00
 9.27199e+17	1.00e+00	1.97e-14	0.00e+00
 9.27644e+17	1.00e+00	1.87e-14	0.00e+00
 9.28057e+17	1.00e+00	1.79e-14	0.00e+00
 9.28456e+17	1.00e+00	1.71e-14	0.00e+00
 9.28849e+17	1.00e+00	1.64e-14	0.00e+00
 9.29230e+17	1.00e+00	1.57e-14	0.00e+00
 9.29592e+17	1.00e+00	1.50e-14	0.00e+00
