#depth	O	O+	O+2	O+3	O+4	O+5	O+6	O+7	O+8	O[1]	O[2]	O[3]
 1.49634e+10	0.00e+00	0.00e+00	3.04e-29	5.42e-20	3.42e-12	2.99e-06	1.00e+00	4.57e-24	0.00e+00	0.00e+00	0.00e+00	0.00e+00
 4.54887e+10	0.00e+00	9.97e-40	4.16e-29	6.86e-20	4.01e-12	3.24e-06	1.00e+00	0.00e+00	0.00e+00	0.00e+00	0.00e+00	0.00e+00
 7.72350e+10	0.00e+00	0.00e+00	5.69e-29	8.69e-20	4.70e-12	3.51e-06	1.00e+00	0.00e+00	0.00e+00	0.00e+00	0.00e+00	0.00e+00
 1.10251e+11	0.00e+00	2.18e-39	7.78e-29	1.10e-19	5.51e-12	3.80e-06	1.00e+00	0.00e+00	0.00e+00	0.00e+00	0.00e+00	0.00e+00
 1.44588e+11	0.00e+00	0.00e+00	1.07e-28	1.39e-19	6.46e-12	4.12e-06	1.00e+00	0.00e+00	0.00e+00	0.00e+00	0.00e+00	0.00e+00
 1.80298e+11	0.00e+00	4.77e-39	1.46e-28	1.77e-19	7.57e-12	4.46e-06	1.00e+00	0.00e+00	0.00e+00	0.00e+00	0.00e+00	0.00e+00
 2.17437e+11	0.00e+00	0.00e+00	2.00e-28	2.24e-19	8.88e-12	4.83e-06	1.00e+00	0.00e+00	0.00e+00	0.00e+00	0.00e+00	0.00e+00
 2.56061e+11	0.00e+00	1.04e-38	2.73e-28	2.84e-19	1.04e-11	5.24e-06	1.00e+00	0.00e+00	0.00e+00	0.00e+00	0.00e+00	0.00e+00
 2.96231e+11	0.00e+00	0.00e+00	3.74e-28	3.60e-19	1.22e-11	5.68e-06	1.00e+00	0.00e+00	0.00e+00	0.00e+00	0.00e+00	0.00e+00
 3.38007e+11	0.00e+00	2.27e-38	5.12e-28	4.56e-19	1.43e-11	6.16e-06	1.00e+00	0.00e+00	0.00e+00	0.00e+00	0.00e+00	0.00e+00
 3.81454e+11	0.00e+00	0.00e+00	7.00e-28	5.78e-19	1.68e-11	6.68e-06	1.00e+00	0.00e+00	0.00e+00	0.00e+00	0.00e+00	0.00e+00
 4.26639e+11	0.00e+00	4.95e-38	9.58e-28	7.33e-19	1.98e-11	7.25e-06	1.00e+00	0.00e+00	0.00e+00	0.00e+00	0.00e+00	0.00e+00
 4.73631e+11	0.00e+00	0.00e+00	1.31e-27	9.30e-19	2.32e-11	7.86e-06	1.00e+00	0.00e+00	0.00e+00	0.00e+00	0.00e+00	0.00e+00
 5.22503e+11	0.00e+00	1.08e-37	1.79e-27	1.18e-18	2.73e-11	8.54e-06	1.00e+00	0.00e+00	0.00e+00	0.00e+00	0.00e+00	0.00e+00
 5.73330e+11	0.00e+00	0.00e+00	2.45e-27	1.50e-18	3.21e-11	9.27e-06	1.00e+00	0.00e+00	0.00e+00	0.00e+00	0.00e+00	0.00e+00
 6.26190e+11	0.00e+00	2.34e-37	3.36e-27	1.90e-18	3.77e-11	1.01e-05	1.00e+00	0.00e+00	0.00e+00	0.00e+00	0.00e+00	0.00e+00
 6.81164e+11	0.00e+00	0.00e+00	4.59e-27	2.41e-18	4.43e-11	1.09e-05	1.00e+00	0.00e+00	0.00e+00	0.00e+00	0.00e+00	0.00e+00
 7.38337e+11	0.00e+00	5.08e-37	6.27e-27	3.06e-18	5.22e-11	1.19e-05	1.00e+00	0.00e+00	0.00e+00	0.00e+00	0.00e+00	0.00e+00
 7.97798e+11	0.00e+00	0.00e+00	8.58e-27	3.88e-18	6.14e-11	1.29e-05	1.00e+00	0.00e+00	0.00e+00	0.00e+00	0.00e+00	0.00e+00
 8.59636e+11	0.00e+00	1.10e-36	1.17e-26	4.93e-18	7.23e-11	1.41e-05	1.00e+00	0.00e+00	0.00e+00	0.00e+00	0.00e+00	0.00e+00
 9.23949e+11	0.00e+00	0.00e+00	1.60e-26	6.26e-18	8.52e-11	1.53e-05	1.00e+00	0.00e+00	0.00e+00	0.00e+00	0.00e+00	0.00e+00
 9.90833e+11	0.00e+00	2.37e-36	2.19e-26	7.95e-18	1.00e-10	1.67e-05	1.00e+00	0.00e+00	0.00e+00	0.00e+00	0.00e+00	0.00e+00
 1.06039e+12	3.42e-47	3.48e-36	2.99e-26	1.01e-17	1.18e-10	1.81e-05	1.00e+00	0.00e+00	0.00e+00	0.00e+00	0.00e+00	0.00e+00
 1.13274e+12	0.00e+00	0.00e+00	4.08e-26	1.28e-17	1.40e-10	1.98e-05	1.00e+00	0.00e+00	0.00e+00	0.00e+00	0.00e+00	0.00e+00
 1.20797e+12	0.00e+00	7.47e-36	5.56e-26	1.63e-17	1.65e-10	2.15e-05	1.00e+00	0.00e+00	0.00e+00	0.00e+00	0.00e+00	0.00e+00
 1.28622e+12	1.34e-46	1.09e-35	7.58e-26	2.07e-17	1.94e-10	2.35e-05	1.00e+00	0.00e+00	0.00e+00	0.00e+00	0.00e+00	0.00e+00
 1.36759e+12	0.00e+00	0.00e+00	1.03e-25	2.63e-17	2.30e-10	2.56e-05	1.00e+00	0.00e+00	0.00e+00	0.00e+00	0.00e+00	0.00e+00
 1.45222e+12	0.00e+00	2.33e-35	1.41e-25	3.34e-17	2.71e-10	2.79e-05	1.00e+00	0.00e+00	0.00e+00	0.00e+00	0.00e+00	0.00e+00
 1.54024e+12	5.15e-46	3.39e-35	1.91e-25	4.24e-17	3.20e-10	3.05e-05	1.00e+00	0.00e+00	0.00e+00	0.00e+00	0.00e+00	0.00e+00
 1.63178e+12	0.00e+00	4.94e-35	2.60e-25	5.38e-17	3.78e-10	3.33e-05	1.00e+00	0.00e+00	0.00e+00	0.00e+00	0.00e+00	0.00e+00
 1.72697e+12	1.25e-45	7.18e-35	3.54e-25	6.83e-17	4.46e-10	3.63e-05	1.00e+00	0.00e+00	0.00e+00	0.00e+00	0.00e+00	0.00e+00
 1.82598e+12	0.00e+00	1.04e-34	4.81e-25	8.67e-17	5.27e-10	3.97e-05	1.00e+00	0.00e+00	0.00e+00	0.00e+00	0.00e+00	0.00e+00
 1.92895e+12	3.03e-45	1.51e-34	6.52e-25	1.10e-16	6.23e-10	4.33e-05	1.00e+00	0.00e+00	0.00e+00	0.00e+00	0.00e+00	0.00e+00
 2.03603e+12	0.00e+00	2.19e-34	8.85e-25	1.40e-16	7.36e-10	4.73e-05	1.00e+00	0.00e+00	0.00e+00	0.00e+00	0.00e+00	0.00e+00
 2.14403e+12	7.18e-45	3.13e-34	1.19e-24	1.76e-16	8.65e-10	5.16e-05	1.00e+00	0.00e+00	0.00e+00	0.00e+00	0.00e+00	0.00e+00
 2.25634e+12	0.00e+00	4.47e-34	1.60e-24	2.22e-16	1.02e-09	5.62e-05	1.00e+00	0.00e+00	0.00e+00	0.00e+00	0.00e+00	0.00e+00
 2.37652e+12	1.69e-44	6.45e-34	2.16e-24	2.81e-16	1.20e-09	6.15e-05	1.00e+00	0.00e+00	0.00e+00	0.00e+00	0.00e+00	0.00e+00
 2.50151e+12	0.00e+00	9.29e-34	2.92e-24	3.56e-16	1.42e-09	6.72e-05	1.00e+00	0.00e+00	0.00e+00	0.00e+00	0.00e+00	0.00e+00
 2.63150e+12	4.00e-44	1.34e-33	3.94e-24	4.51e-16	1.68e-09	7.35e-05	1.00e+00	0.00e+00	0.00e+00	0.00e+00	0.00e+00	0.00e+00
 2.76669e+12	0.00e+00	1.92e-33	5.33e-24	5.71e-16	1.98e-09	8.03e-05	1.00e+00	0.00e+00	0.00e+00	0.00e+00	0.00e+00	0.00e+00
 2.90728e+12	9.38e-44	2.76e-33	7.19e-24	7.23e-16	2.33e-09	8.78e-05	1.00e+00	0.00e+00	0.00e+00	0.00e+00	0.00e+00	0.00e+00
 3.05350e+12	0.00e+00	3.95e-33	9.69e-24	9.16e-16	2.76e-09	9.60e-05	1.00e+00	0.00e+00	0.00e+00	0.00e+00	0.00e+00	0.00e+00
 3.20557e+12	2.19e-43	5.65e-33	1.31e-23	1.16e-15	3.25e-09	1.05e-04	1.00e+00	0.00e+00	0.00e+00	0.00e+00	0.00e+00	0.00e+00
 3.36371e+12	0.00e+00	8.09e-33	1.76e-23	1.47e-15	3.83e-09	1.15e-04	1.00e+00	0.00e+00	0.00e+00	0.00e+00	0.00e+00	0.00e+00
 3.52819e+12	5.08e-43	1.16e-32	2.37e-23	1.85e-15	4.52e-09	1.25e-04	1.00e+00	0.00e+00	0.00e+00	0.00e+00	0.00e+00	0.00e+00
 3.69924e+12	0.00e+00	1.65e-32	3.18e-23	2.35e-15	5.33e-09	1.37e-04	1.00e+00	0.00e+00	0.00e+00	0.00e+00	0.00e+00	0.00e+00
 3.87714e+12	1.17e-42	2.35e-32	4.28e-23	2.97e-15	6.28e-09	1.50e-04	1.00e+00	0.00e+00	0.00e+00	0.00e+00	0.00e+00	0.00e+00
 4.06215e+12	0.00e+00	3.35e-32	5.75e-23	3.75e-15	7.40e-09	1.64e-04	1.00e+00	0.00e+00	0.00e+00	0.00e+00	0.00e+00	0.00e+00
 4.25457e+12	2.68e-42	4.77e-32	7.73e-23	4.74e-15	8.72e-09	1.79e-04	1.00e+00	0.00e+00	0.00e+00	0.00e+00	0.00e+00	0.00e+00
 4.45468e+12	0.00e+00	6.79e-32	1.04e-22	5.98e-15	1.03e-08	1.96e-04	1.00e+00	0.00e+00	0.00e+00	0.00e+00	0.00e+00	0.00e+00
 4.66279e+12	6.12e-42	9.65e-32	1.39e-22	7.56e-15	1.21e-08	2.14e-04	1.00e+00	0.00e+00	0.00e+00	0.00e+00	0.00e+00	0.00e+00
 4.87923e+12	0.00e+00	1.37e-31	1.87e-22	9.55e-15	1.42e-08	2.34e-04	1.00e+00	0.00e+00	0.00e+00	0.00e+00	0.00e+00	0.00e+00
 5.10432e+12	1.39e-41	1.95e-31	2.51e-22	1.21e-14	1.67e-08	2.56e-04	1.00e+00	0.00e+00	0.00e+00	0.00e+00	0.00e+00	0.00e+00
 5.33842e+12	0.00e+00	2.76e-31	3.36e-22	1.52e-14	1.97e-08	2.80e-04	1.00e+00	0.00e+00	0.00e+00	0.00e+00	0.00e+00	0.00e+00
 5.58189e+12	3.15e-41	3.92e-31	4.51e-22	1.92e-14	2.31e-08	3.05e-04	1.00e+00	0.00e+00	0.00e+00	0.00e+00	0.00e+00	0.00e+00
 5.83509e+12	0.00e+00	5.55e-31	6.04e-22	2.43e-14	2.72e-08	3.34e-04	1.00e+00	0.00e+00	0.00e+00	0.00e+00	0.00e+00	0.00e+00
 6.09842e+12	7.11e-41	7.87e-31	8.09e-22	3.06e-14	3.20e-08	3.65e-04	1.00e+00	0.00e+00	0.00e+00	0.00e+00	0.00e+00	0.00e+00
 6.37228e+12	0.00e+00	1.11e-30	1.08e-21	3.86e-14	3.75e-08	3.98e-04	1.00e+00	0.00e+00	0.00e+00	0.00e+00	0.00e+00	0.00e+00
 6.65710e+12	1.60e-40	1.58e-30	1.45e-21	4.88e-14	4.41e-08	4.35e-04	1.00e+00	0.00e+00	0.00e+00	0.00e+00	0.00e+00	0.00e+00
 6.95331e+12	0.00e+00	2.23e-30	1.95e-21	6.15e-14	5.18e-08	4.75e-04	1.00e+00	0.00e+00	0.00e+00	0.00e+00	0.00e+00	0.00e+00
 7.26137e+12	3.59e-40	3.16e-30	2.61e-21	7.76e-14	6.08e-08	5.19e-04	9.99e-01	0.00e+00	0.00e+00	0.00e+00	0.00e+00	0.00e+00
 7.58175e+12	0.00e+00	4.48e-30	3.49e-21	9.80e-14	7.13e-08	5.67e-04	9.99e-01	0.00e+00	0.00e+00	0.00e+00	0.00e+00	0.00e+00
 7.91495e+12	8.06e-40	6.34e-30	4.68e-21	1.24e-13	8.37e-08	6.19e-04	9.99e-01	0.00e+00	0.00e+00	0.00e+00	0.00e+00	0.00e+00
 8.26148e+12	0.00e+00	8.98e-30	6.27e-21	1.56e-13	9.81e-08	6.76e-04	9.99e-01	0.00e+00	0.00e+00	0.00e+00	0.00e+00	0.00e+00
 8.62186e+12	1.81e-39	1.27e-29	8.40e-21	1.97e-13	1.15e-07	7.38e-04	9.99e-01	0.00e+00	0.00e+00	0.00e+00	0.00e+00	0.00e+00
 8.99666e+12	0.00e+00	1.80e-29	1.13e-20	2.48e-13	1.35e-07	8.06e-04	9.99e-01	0.00e+00	0.00e+00	0.00e+00	0.00e+00	0.00e+00
 9.38646e+12	4.05e-39	2.55e-29	1.51e-20	3.13e-13	1.58e-07	8.79e-04	9.99e-01	0.00e+00	0.00e+00	0.00e+00	0.00e+00	0.00e+00
 9.79184e+12	0.00e+00	3.61e-29	2.02e-20	3.95e-13	1.85e-07	9.59e-04	9.99e-01	0.00e+00	0.00e+00	0.00e+00	0.00e+00	0.00e+00
 1.02134e+13	9.10e-39	5.12e-29	2.71e-20	4.99e-13	2.17e-07	1.05e-03	9.99e-01	0.00e+00	0.00e+00	0.00e+00	0.00e+00	0.00e+00
 1.06519e+13	0.00e+00	7.27e-29	3.64e-20	6.29e-13	2.54e-07	1.14e-03	9.99e-01	0.00e+00	0.00e+00	0.00e+00	0.00e+00	0.00e+00
 1.11079e+13	2.05e-38	1.03e-28	4.89e-20	7.94e-13	2.98e-07	1.25e-03	9.99e-01	0.00e+00	0.00e+00	0.00e+00	0.00e+00	0.00e+00
 1.15822e+13	0.00e+00	1.47e-28	6.56e-20	1.00e-12	3.49e-07	1.36e-03	9.99e-01	0.00e+00	0.00e+00	0.00e+00	0.00e+00	0.00e+00
 1.20754e+13	4.61e-38	2.08e-28	8.81e-20	1.27e-12	4.08e-07	1.48e-03	9.99e-01	0.00e+00	0.00e+00	0.00e+00	0.00e+00	0.00e+00
 1.25883e+13	0.00e+00	2.97e-28	1.18e-19	1.60e-12	4.78e-07	1.62e-03	9.98e-01	0.00e+00	0.00e+00	0.00e+00	0.00e+00	0.00e+00
 1.31218e+13	1.04e-37	4.22e-28	1.59e-19	2.02e-12	5.60e-07	1.76e-03	9.98e-01	0.00e+00	0.00e+00	0.00e+00	0.00e+00	0.00e+00
 1.36766e+13	0.00e+00	6.01e-28	2.14e-19	2.55e-12	6.55e-07	1.92e-03	9.98e-01	0.00e+00	0.00e+00	0.00e+00	0.00e+00	0.00e+00
 1.42536e+13	2.38e-37	8.59e-28	2.89e-19	3.21e-12	7.66e-07	2.09e-03	9.98e-01	0.00e+00	0.00e+00	0.00e+00	0.00e+00	0.00e+00
 1.48536e+13	0.00e+00	1.22e-27	3.88e-19	4.06e-12	8.96e-07	2.28e-03	9.98e-01	0.00e+00	0.00e+00	0.00e+00	0.00e+00	0.00e+00
 1.54777e+13	5.44e-37	1.75e-27	5.23e-19	5.12e-12	1.05e-06	2.48e-03	9.98e-01	0.00e+00	0.00e+00	0.00e+00	0.00e+00	0.00e+00
 1.61267e+13	0.00e+00	2.50e-27	7.05e-19	6.47e-12	1.23e-06	2.70e-03	9.97e-01	0.00e+00	0.00e+00	0.00e+00	0.00e+00	0.00e+00
 1.68017e+13	1.25e-36	3.58e-27	9.51e-19	8.17e-12	1.43e-06	2.94e-03	9.97e-01	0.00e+00	0.00e+00	0.00e+00	0.00e+00	0.00e+00
 1.74673e+13	0.00e+00	5.04e-27	1.26e-18	1.02e-11	1.66e-06	3.19e-03	9.97e-01	0.00e+00	0.00e+00	0.00e+00	0.00e+00	0.00e+00
 1.81595e+13	2.75e-36	7.10e-27	1.68e-18	1.27e-11	1.93e-06	3.46e-03	9.97e-01	0.00e+00	0.00e+00	0.00e+00	0.00e+00	0.00e+00
 1.89158e+13	0.00e+00	1.02e-26	2.27e-18	1.61e-11	2.26e-06	3.76e-03	9.96e-01	0.00e+00	0.00e+00	0.00e+00	0.00e+00	0.00e+00
 1.96782e+13	6.27e-36	1.45e-26	3.04e-18	2.02e-11	2.63e-06	4.08e-03	9.96e-01	0.00e+00	0.00e+00	0.00e+00	0.00e+00	0.00e+00
 2.04710e+13	0.00e+00	2.05e-26	4.07e-18	2.53e-11	3.06e-06	4.43e-03	9.96e-01	0.00e+00	0.00e+00	0.00e+00	0.00e+00	0.00e+00
 2.13197e+13	1.43e-35	2.95e-26	5.49e-18	3.20e-11	3.57e-06	4.82e-03	9.95e-01	0.00e+00	0.00e+00	0.00e+00	0.00e+00	0.00e+00
 2.22025e+13	0.00e+00	4.24e-26	7.43e-18	4.04e-11	4.17e-06	5.25e-03	9.95e-01	0.00e+00	0.00e+00	0.00e+00	0.00e+00	0.00e+00
 2.31205e+13	3.32e-35	6.09e-26	1.00e-17	5.10e-11	4.88e-06	5.71e-03	9.94e-01	0.00e+00	0.00e+00	0.00e+00	0.00e+00	0.00e+00
 2.40752e+13	5.06e-35	8.77e-26	1.36e-17	6.44e-11	5.70e-06	6.21e-03	9.94e-01	0.00e+00	0.00e+00	0.00e+00	0.00e+00	0.00e+00
 2.50682e+13	7.72e-35	1.26e-25	1.84e-17	8.14e-11	6.66e-06	6.75e-03	9.93e-01	0.00e+00	0.00e+00	0.00e+00	0.00e+00	0.00e+00
 2.61008e+13	1.17e-34	1.80e-25	2.46e-17	1.03e-10	7.78e-06	7.34e-03	9.93e-01	0.00e+00	0.00e+00	0.00e+00	0.00e+00	0.00e+00
 2.71748e+13	1.79e-34	2.62e-25	3.36e-17	1.30e-10	9.09e-06	7.98e-03	9.92e-01	0.00e+00	0.00e+00	0.00e+00	0.00e+00	0.00e+00
 2.82917e+13	2.73e-34	3.77e-25	4.55e-17	1.64e-10	1.06e-05	8.68e-03	9.91e-01	0.00e+00	0.00e+00	0.00e+00	0.00e+00	0.00e+00
 2.94533e+13	4.17e-34	5.43e-25	6.16e-17	2.07e-10	1.24e-05	9.44e-03	9.91e-01	0.00e+00	0.00e+00	0.00e+00	0.00e+00	0.00e+00
 3.06614e+13	6.35e-34	7.83e-25	8.34e-17	2.62e-10	1.45e-05	1.03e-02	9.90e-01	0.00e+00	0.00e+00	0.00e+00	0.00e+00	0.00e+00
 3.19177e+13	9.69e-34	1.13e-24	1.13e-16	3.31e-10	1.69e-05	1.12e-02	9.89e-01	0.00e+00	0.00e+00	0.00e+00	0.00e+00	0.00e+00
 3.32244e+13	1.48e-33	1.63e-24	1.53e-16	4.18e-10	1.97e-05	1.21e-02	9.88e-01	0.00e+00	0.00e+00	0.00e+00	0.00e+00	0.00e+00
 3.45833e+13	2.25e-33	2.35e-24	2.07e-16	5.28e-10	2.30e-05	1.32e-02	9.87e-01	0.00e+00	0.00e+00	0.00e+00	0.00e+00	0.00e+00
 3.59965e+13	3.43e-33	3.39e-24	2.81e-16	6.67e-10	2.69e-05	1.43e-02	9.86e-01	0.00e+00	0.00e+00	0.00e+00	0.00e+00	0.00e+00
 3.74663e+13	5.22e-33	4.88e-24	3.81e-16	8.43e-10	3.14e-05	1.56e-02	9.84e-01	0.00e+00	0.00e+00	0.00e+00	0.00e+00	0.00e+00
 3.89949e+13	7.97e-33	7.05e-24	5.16e-16	1.06e-09	3.66e-05	1.70e-02	9.83e-01	0.00e+00	0.00e+00	0.00e+00	0.00e+00	0.00e+00
 4.05846e+13	1.21e-32	1.02e-23	6.99e-16	1.34e-09	4.27e-05	1.84e-02	9.82e-01	0.00e+00	0.00e+00	0.00e+00	0.00e+00	0.00e+00
 4.22379e+13	1.85e-32	1.47e-23	9.49e-16	1.70e-09	4.99e-05	2.00e-02	9.80e-01	0.00e+00	0.00e+00	0.00e+00	0.00e+00	0.00e+00
 4.39574e+13	2.80e-32	2.12e-23	1.29e-15	2.14e-09	5.81e-05	2.18e-02	9.78e-01	0.00e+00	0.00e+00	0.00e+00	0.00e+00	0.00e+00
 4.57456e+13	4.29e-32	3.07e-23	1.74e-15	2.71e-09	6.78e-05	2.37e-02	9.76e-01	0.00e+00	0.00e+00	0.00e+00	0.00e+00	0.00e+00
 4.76053e+13	6.50e-32	4.42e-23	2.37e-15	3.42e-09	7.90e-05	2.57e-02	9.74e-01	0.00e+00	0.00e+00	0.00e+00	0.00e+00	0.00e+00
 4.95395e+13	9.95e-32	6.41e-23	3.21e-15	4.32e-09	9.21e-05	2.79e-02	9.72e-01	0.00e+00	0.00e+00	0.00e+00	0.00e+00	0.00e+00
 5.15510e+13	1.51e-31	9.24e-23	4.36e-15	5.45e-09	1.07e-04	3.04e-02	9.70e-01	0.00e+00	0.00e+00	0.00e+00	0.00e+00	0.00e+00
 5.36430e+13	2.30e-31	1.34e-22	5.92e-15	6.88e-09	1.25e-04	3.30e-02	9.67e-01	0.00e+00	0.00e+00	0.00e+00	0.00e+00	0.00e+00
 5.58186e+13	3.52e-31	1.94e-22	8.04e-15	8.69e-09	1.46e-04	3.58e-02	9.64e-01	0.00e+00	0.00e+00	0.00e+00	0.00e+00	0.00e+00
 5.80813e+13	5.36e-31	2.81e-22	1.09e-14	1.10e-08	1.70e-04	3.88e-02	9.61e-01	0.00e+00	0.00e+00	0.00e+00	0.00e+00	0.00e+00
 6.04345e+13	8.13e-31	4.07e-22	1.48e-14	1.38e-08	1.98e-04	4.22e-02	9.58e-01	0.00e+00	0.00e+00	0.00e+00	0.00e+00	0.00e+00
 6.28818e+13	1.25e-30	5.91e-22	2.01e-14	1.75e-08	2.30e-04	4.58e-02	9.54e-01	0.00e+00	0.00e+00	0.00e+00	0.00e+00	0.00e+00
 6.54270e+13	1.89e-30	8.54e-22	2.74e-14	2.20e-08	2.68e-04	4.97e-02	9.50e-01	0.00e+00	0.00e+00	0.00e+00	0.00e+00	0.00e+00
 6.80740e+13	2.89e-30	1.24e-21	3.72e-14	2.78e-08	3.12e-04	5.39e-02	9.46e-01	0.00e+00	0.00e+00	0.00e+00	0.00e+00	0.00e+00
 7.08269e+13	4.37e-30	1.80e-21	5.06e-14	3.51e-08	3.62e-04	5.85e-02	9.41e-01	0.00e+00	0.00e+00	0.00e+00	0.00e+00	0.00e+00
 7.36899e+13	6.71e-30	2.62e-21	6.88e-14	4.42e-08	4.21e-04	6.34e-02	9.36e-01	0.00e+00	0.00e+00	0.00e+00	0.00e+00	0.00e+00
 7.66674e+13	1.02e-29	3.79e-21	9.35e-14	5.58e-08	4.90e-04	6.87e-02	9.31e-01	0.00e+00	0.00e+00	0.00e+00	0.00e+00	0.00e+00
 7.97640e+13	1.55e-29	5.53e-21	1.27e-13	7.03e-08	5.69e-04	7.45e-02	9.25e-01	0.00e+00	0.00e+00	0.00e+00	0.00e+00	0.00e+00
 8.29845e+13	2.36e-29	8.02e-21	1.73e-13	8.86e-08	6.61e-04	8.07e-02	9.19e-01	0.00e+00	0.00e+00	0.00e+00	0.00e+00	0.00e+00
 8.63338e+13	3.59e-29	1.17e-20	2.36e-13	1.12e-07	7.67e-04	8.74e-02	9.12e-01	0.00e+00	0.00e+00	0.00e+00	0.00e+00	0.00e+00
 8.98171e+13	5.48e-29	1.70e-20	3.21e-13	1.41e-07	8.90e-04	9.46e-02	9.05e-01	0.00e+00	0.00e+00	0.00e+00	0.00e+00	0.00e+00
 9.34397e+13	8.35e-29	2.47e-20	4.37e-13	1.77e-07	1.03e-03	1.02e-01	8.97e-01	0.00e+00	0.00e+00	0.00e+00	0.00e+00	0.00e+00
 9.68927e+13	1.23e-28	3.50e-20	5.80e-13	2.19e-07	1.18e-03	1.10e-01	8.89e-01	0.00e+00	0.00e+00	0.00e+00	0.00e+00	0.00e+00
 1.00052e+14	1.74e-28	4.75e-20	7.45e-13	2.64e-07	1.33e-03	1.17e-01	8.82e-01	0.00e+00	0.00e+00	0.00e+00	0.00e+00	0.00e+00
 1.03623e+14	2.53e-28	6.65e-20	9.80e-13	3.23e-07	1.52e-03	1.25e-01	8.73e-01	0.00e+00	0.00e+00	0.00e+00	0.00e+00	0.00e+00
 1.07769e+14	3.84e-28	9.63e-20	1.33e-12	4.06e-07	1.75e-03	1.35e-01	8.63e-01	0.00e+00	0.00e+00	0.00e+00	0.00e+00	0.00e+00
 1.11849e+14	5.72e-28	1.37e-19	1.78e-12	5.03e-07	2.01e-03	1.45e-01	8.53e-01	0.00e+00	0.00e+00	0.00e+00	0.00e+00	0.00e+00
 1.15727e+14	8.28e-28	1.91e-19	2.32e-12	6.12e-07	2.28e-03	1.55e-01	8.43e-01	0.00e+00	0.00e+00	0.00e+00	0.00e+00	0.00e+00
 1.20022e+14	1.22e-27	2.70e-19	3.09e-12	7.55e-07	2.60e-03	1.66e-01	8.32e-01	0.00e+00	0.00e+00	0.00e+00	0.00e+00	0.00e+00
 1.24852e+14	1.86e-27	3.94e-19	4.20e-12	9.47e-07	3.00e-03	1.78e-01	8.19e-01	0.00e+00	0.00e+00	0.00e+00	0.00e+00	0.00e+00
 1.29687e+14	2.80e-27	5.66e-19	5.65e-12	1.18e-06	3.44e-03	1.91e-01	8.06e-01	0.00e+00	0.00e+00	0.00e+00	0.00e+00	0.00e+00
 1.34715e+14	4.23e-27	8.14e-19	7.59e-12	1.46e-06	3.95e-03	2.04e-01	7.92e-01	0.00e+00	0.00e+00	0.00e+00	0.00e+00	0.00e+00
 1.40133e+14	6.46e-27	1.19e-18	1.03e-11	1.83e-06	4.54e-03	2.19e-01	7.77e-01	0.00e+00	0.00e+00	0.00e+00	0.00e+00	0.00e+00
 1.45769e+14	9.89e-27	1.73e-18	1.40e-11	2.28e-06	5.22e-03	2.34e-01	7.61e-01	0.00e+00	0.00e+00	0.00e+00	0.00e+00	0.00e+00
 1.51629e+14	1.51e-26	2.52e-18	1.90e-11	2.85e-06	5.99e-03	2.50e-01	7.44e-01	0.00e+00	0.00e+00	0.00e+00	0.00e+00	0.00e+00
 1.57725e+14	2.32e-26	3.67e-18	2.58e-11	3.56e-06	6.86e-03	2.67e-01	7.26e-01	0.00e+00	0.00e+00	0.00e+00	0.00e+00	0.00e+00
 1.64063e+14	3.55e-26	5.34e-18	3.50e-11	4.43e-06	7.85e-03	2.84e-01	7.08e-01	0.00e+00	0.00e+00	0.00e+00	0.00e+00	0.00e+00
 1.70656e+14	5.43e-26	7.75e-18	4.73e-11	5.51e-06	8.98e-03	3.02e-01	6.89e-01	0.00e+00	0.00e+00	0.00e+00	0.00e+00	0.00e+00
 1.77512e+14	8.32e-26	1.12e-17	6.40e-11	6.84e-06	1.02e-02	3.21e-01	6.69e-01	0.00e+00	0.00e+00	0.00e+00	0.00e+00	0.00e+00
 1.84642e+14	1.27e-25	1.63e-17	8.63e-11	8.48e-06	1.17e-02	3.40e-01	6.49e-01	0.00e+00	0.00e+00	0.00e+00	0.00e+00	0.00e+00
 1.92058e+14	1.95e-25	2.35e-17	1.16e-10	1.05e-05	1.33e-02	3.59e-01	6.28e-01	0.00e+00	0.00e+00	0.00e+00	0.00e+00	0.00e+00
 1.99770e+14	2.98e-25	3.39e-17	1.56e-10	1.30e-05	1.51e-02	3.78e-01	6.07e-01	0.00e+00	0.00e+00	0.00e+00	0.00e+00	0.00e+00
 2.07791e+14	4.54e-25	4.87e-17	2.10e-10	1.60e-05	1.71e-02	3.98e-01	5.85e-01	0.00e+00	0.00e+00	0.00e+00	0.00e+00	0.00e+00
 2.16133e+14	6.92e-25	6.98e-17	2.81e-10	1.97e-05	1.94e-02	4.18e-01	5.63e-01	0.00e+00	0.00e+00	0.00e+00	0.00e+00	0.00e+00
 2.24808e+14	1.06e-24	1.00e-16	3.75e-10	2.42e-05	2.19e-02	4.38e-01	5.40e-01	0.00e+00	0.00e+00	0.00e+00	0.00e+00	0.00e+00
 2.33615e+14	1.62e-24	1.43e-16	4.96e-10	2.94e-05	2.46e-02	4.57e-01	5.19e-01	0.00e+00	0.00e+00	0.00e+00	0.00e+00	0.00e+00
 2.42774e+14	2.43e-24	2.02e-16	6.56e-10	3.58e-05	2.76e-02	4.76e-01	4.96e-01	0.00e+00	0.00e+00	0.00e+00	0.00e+00	0.00e+00
 2.52515e+14	3.68e-24	2.86e-16	8.70e-10	4.37e-05	3.10e-02	4.95e-01	4.74e-01	0.00e+00	0.00e+00	0.00e+00	0.00e+00	0.00e+00
 2.62645e+14	5.42e-24	3.97e-16	1.15e-09	5.32e-05	3.47e-02	5.14e-01	4.52e-01	0.00e+00	0.00e+00	0.00e+00	0.00e+00	0.00e+00
 2.73181e+14	8.35e-24	5.69e-16	1.52e-09	6.46e-05	3.88e-02	5.32e-01	4.29e-01	0.00e+00	0.00e+00	0.00e+00	0.00e+00	0.00e+00
 2.84138e+14	1.25e-23	7.98e-16	2.00e-09	7.82e-05	4.33e-02	5.49e-01	4.07e-01	0.00e+00	0.00e+00	0.00e+00	0.00e+00	0.00e+00
 2.95534e+14	1.87e-23	1.12e-15	2.62e-09	9.45e-05	4.82e-02	5.66e-01	3.86e-01	0.00e+00	0.00e+00	0.00e+00	0.00e+00	0.00e+00
 3.07385e+14	2.80e-23	1.56e-15	3.44e-09	1.14e-04	5.35e-02	5.82e-01	3.65e-01	0.00e+00	0.00e+00	0.00e+00	0.00e+00	0.00e+00
 3.19710e+14	4.16e-23	2.16e-15	4.49e-09	1.37e-04	5.93e-02	5.97e-01	3.44e-01	0.00e+00	0.00e+00	0.00e+00	0.00e+00	0.00e+00
 3.32030e+14	6.07e-23	2.95e-15	5.78e-09	1.63e-04	6.54e-02	6.10e-01	3.24e-01	0.00e+00	0.00e+00	0.00e+00	0.00e+00	0.00e+00
 3.44843e+14	8.85e-23	4.03e-15	7.45e-09	1.94e-04	7.19e-02	6.22e-01	3.05e-01	0.00e+00	0.00e+00	0.00e+00	0.00e+00	0.00e+00
 3.58667e+14	1.31e-22	5.56e-15	9.66e-09	2.32e-04	7.92e-02	6.34e-01	2.86e-01	0.00e+00	0.00e+00	0.00e+00	0.00e+00	0.00e+00
 3.73043e+14	1.92e-22	7.64e-15	1.25e-08	2.77e-04	8.70e-02	6.45e-01	2.68e-01	0.00e+00	0.00e+00	0.00e+00	0.00e+00	0.00e+00
 3.87995e+14	2.83e-22	1.05e-14	1.62e-08	3.30e-04	9.55e-02	6.54e-01	2.50e-01	0.00e+00	0.00e+00	0.00e+00	0.00e+00	0.00e+00
 4.03545e+14	4.14e-22	1.43e-14	2.08e-08	3.92e-04	1.04e-01	6.62e-01	2.33e-01	0.00e+00	0.00e+00	0.00e+00	0.00e+00	0.00e+00
 4.19716e+14	5.89e-22	1.92e-14	2.68e-08	4.64e-04	1.14e-01	6.69e-01	2.16e-01	0.00e+00	0.00e+00	0.00e+00	0.00e+00	0.00e+00
 4.36535e+14	8.81e-22	2.66e-14	3.43e-08	5.48e-04	1.24e-01	6.74e-01	2.01e-01	0.00e+00	0.00e+00	0.00e+00	0.00e+00	0.00e+00
 4.52744e+14	1.22e-21	3.46e-14	4.32e-08	6.39e-04	1.35e-01	6.78e-01	1.87e-01	0.00e+00	0.00e+00	0.00e+00	0.00e+00	0.00e+00
 4.67846e+14	1.66e-21	4.47e-14	5.30e-08	7.32e-04	1.44e-01	6.80e-01	1.75e-01	0.00e+00	0.00e+00	0.00e+00	0.00e+00	0.00e+00
 4.84834e+14	2.37e-21	5.96e-14	6.60e-08	8.48e-04	1.55e-01	6.81e-01	1.63e-01	0.00e+00	0.00e+00	0.00e+00	0.00e+00	0.00e+00
 5.04257e+14	3.36e-21	7.91e-14	8.41e-08	9.95e-04	1.68e-01	6.81e-01	1.50e-01	0.00e+00	0.00e+00	0.00e+00	0.00e+00	0.00e+00
 5.23445e+14	4.77e-21	1.05e-13	1.05e-07	1.16e-03	1.80e-01	6.80e-01	1.38e-01	0.00e+00	0.00e+00	0.00e+00	0.00e+00	0.00e+00
 5.43400e+14	6.88e-21	1.41e-13	1.32e-07	1.34e-03	1.94e-01	6.78e-01	1.27e-01	0.00e+00	0.00e+00	0.00e+00	0.00e+00	0.00e+00
 5.65166e+14	9.88e-21	1.89e-13	1.67e-07	1.56e-03	2.08e-01	6.74e-01	1.17e-01	0.00e+00	0.00e+00	0.00e+00	0.00e+00	0.00e+00
 5.87176e+14	1.40e-20	2.51e-13	2.09e-07	1.81e-03	2.23e-01	6.68e-01	1.07e-01	0.00e+00	0.00e+00	0.00e+00	0.00e+00	0.00e+00
 6.10067e+14	1.99e-20	3.33e-13	2.62e-07	2.09e-03	2.39e-01	6.62e-01	9.76e-02	0.00e+00	0.00e+00	0.00e+00	0.00e+00	0.00e+00
 6.34500e+14	2.85e-20	4.44e-13	3.29e-07	2.42e-03	2.55e-01	6.54e-01	8.88e-02	0.00e+00	0.00e+00	0.00e+00	0.00e+00	0.00e+00
 6.59910e+14	3.98e-20	5.83e-13	4.12e-07	2.80e-03	2.72e-01	6.44e-01	8.07e-02	0.00e+00	0.00e+00	0.00e+00	0.00e+00	0.00e+00
 6.86336e+14	5.71e-20	7.77e-13	5.14e-07	3.22e-03	2.90e-01	6.34e-01	7.32e-02	0.00e+00	0.00e+00	0.00e+00	0.00e+00	0.00e+00
 7.13819e+14	8.20e-20	1.04e-12	6.41e-07	3.71e-03	3.08e-01	6.22e-01	6.63e-02	0.00e+00	0.00e+00	0.00e+00	0.00e+00	0.00e+00
 7.42402e+14	1.16e-19	1.37e-12	7.97e-07	4.26e-03	3.26e-01	6.10e-01	5.99e-02	0.00e+00	0.00e+00	0.00e+00	0.00e+00	0.00e+00
 7.72128e+14	1.65e-19	1.81e-12	9.89e-07	4.88e-03	3.45e-01	5.96e-01	5.39e-02	0.00e+00	0.00e+00	0.00e+00	0.00e+00	0.00e+00
 8.03043e+14	2.33e-19	2.39e-12	1.22e-06	5.58e-03	3.64e-01	5.82e-01	4.85e-02	0.00e+00	0.00e+00	0.00e+00	0.00e+00	0.00e+00
 8.35195e+14	3.30e-19	3.14e-12	1.51e-06	6.36e-03	3.84e-01	5.66e-01	4.35e-02	0.00e+00	0.00e+00	0.00e+00	0.00e+00	0.00e+00
 8.68632e+14	4.60e-19	4.09e-12	1.87e-06	7.24e-03	4.04e-01	5.50e-01	3.90e-02	0.00e+00	0.00e+00	0.00e+00	0.00e+00	0.00e+00
 9.03408e+14	6.53e-19	5.39e-12	2.29e-06	8.22e-03	4.24e-01	5.33e-01	3.48e-02	0.00e+00	0.00e+00	0.00e+00	0.00e+00	0.00e+00
 9.39574e+14	9.18e-19	7.05e-12	2.81e-06	9.32e-03	4.44e-01	5.16e-01	3.11e-02	0.00e+00	0.00e+00	0.00e+00	0.00e+00	0.00e+00
 9.77187e+14	1.29e-18	9.22e-12	3.45e-06	1.05e-02	4.64e-01	4.98e-01	2.76e-02	0.00e+00	0.00e+00	0.00e+00	0.00e+00	0.00e+00
 1.01630e+15	1.81e-18	1.20e-11	4.21e-06	1.19e-02	4.84e-01	4.80e-01	2.46e-02	0.00e+00	0.00e+00	0.00e+00	0.00e+00	0.00e+00
 1.05699e+15	2.55e-18	1.57e-11	5.13e-06	1.34e-02	5.04e-01	4.61e-01	2.18e-02	0.00e+00	0.00e+00	0.00e+00	0.00e+00	0.00e+00
 1.09822e+15	3.52e-18	2.03e-11	6.21e-06	1.50e-02	5.23e-01	4.43e-01	1.93e-02	0.00e+00	0.00e+00	0.00e+00	0.00e+00	0.00e+00
 1.14111e+15	4.90e-18	2.63e-11	7.53e-06	1.68e-02	5.42e-01	4.24e-01	1.71e-02	0.00e+00	0.00e+00	0.00e+00	0.00e+00	0.00e+00
 1.18678e+15	6.85e-18	3.41e-11	9.12e-06	1.88e-02	5.61e-01	4.05e-01	1.50e-02	0.00e+00	0.00e+00	0.00e+00	0.00e+00	0.00e+00
 1.23428e+15	9.61e-18	4.43e-11	1.10e-05	2.11e-02	5.79e-01	3.87e-01	1.32e-02	0.00e+00	0.00e+00	0.00e+00	0.00e+00	0.00e+00
 1.28368e+15	1.32e-17	5.69e-11	1.33e-05	2.35e-02	5.97e-01	3.68e-01	1.16e-02	0.00e+00	0.00e+00	0.00e+00	0.00e+00	0.00e+00
 1.33506e+15	1.86e-17	7.40e-11	1.61e-05	2.62e-02	6.14e-01	3.49e-01	1.01e-02	0.00e+00	0.00e+00	0.00e+00	0.00e+00	0.00e+00
 1.38849e+15	2.60e-17	9.57e-11	1.93e-05	2.91e-02	6.31e-01	3.31e-01	8.87e-03	0.00e+00	0.00e+00	1.47e-17	8.06e-18	3.24e-18
 1.44205e+15	3.56e-17	1.22e-10	2.31e-05	3.22e-02	6.46e-01	3.14e-01	7.76e-03	0.00e+00	0.00e+00	1.99e-17	1.15e-17	4.07e-18
 1.49776e+15	4.92e-17	1.56e-10	2.74e-05	3.55e-02	6.61e-01	2.97e-01	6.79e-03	0.00e+00	0.00e+00	2.75e-17	1.59e-17	5.62e-18
 1.55770e+15	6.71e-17	1.99e-10	3.28e-05	3.92e-02	6.75e-01	2.80e-01	5.89e-03	0.00e+00	0.00e+00	3.76e-17	2.16e-17	7.67e-18
 1.62004e+15	9.43e-17	2.58e-10	3.93e-05	4.33e-02	6.89e-01	2.63e-01	5.09e-03	0.00e+00	0.00e+00	5.29e-17	3.03e-17	1.08e-17
 1.68487e+15	1.31e-16	3.31e-10	4.67e-05	4.77e-02	7.01e-01	2.47e-01	4.41e-03	0.00e+00	0.00e+00	7.37e-17	4.21e-17	1.50e-17
 1.75229e+15	1.78e-16	4.19e-10	5.56e-05	5.25e-02	7.12e-01	2.31e-01	3.80e-03	0.00e+00	0.00e+00	1.00e-16	5.70e-17	2.04e-17
 1.81669e+15	2.43e-16	5.32e-10	6.54e-05	5.73e-02	7.22e-01	2.17e-01	3.31e-03	0.00e+00	0.00e+00	1.37e-16	7.77e-17	2.78e-17
 1.87523e+15	3.17e-16	6.50e-10	7.50e-05	6.17e-02	7.30e-01	2.06e-01	2.93e-03	0.00e+00	0.00e+00	1.79e-16	1.01e-16	3.62e-17
 1.94082e+15	4.13e-16	7.96e-10	8.70e-05	6.68e-02	7.37e-01	1.93e-01	2.56e-03	0.00e+00	0.00e+00	2.33e-16	1.31e-16	4.72e-17
 2.01746e+15	5.76e-16	1.02e-09	1.03e-04	7.31e-02	7.44e-01	1.80e-01	2.19e-03	0.00e+00	0.00e+00	3.25e-16	1.82e-16	6.56e-17
 2.09293e+15	7.81e-16	1.29e-09	1.20e-04	7.93e-02	7.51e-01	1.68e-01	1.89e-03	0.00e+00	0.00e+00	4.42e-16	2.47e-16	8.90e-17
 2.16429e+15	1.02e-15	1.58e-09	1.39e-04	8.55e-02	7.55e-01	1.58e-01	1.65e-03	0.00e+00	0.00e+00	5.80e-16	3.23e-16	1.16e-16
 2.24376e+15	1.38e-15	1.98e-09	1.62e-04	9.24e-02	7.59e-01	1.47e-01	1.42e-03	0.00e+00	0.00e+00	7.81e-16	4.33e-16	1.57e-16
 2.33354e+15	1.85e-15	2.47e-09	1.90e-04	1.01e-01	7.62e-01	1.36e-01	1.21e-03	0.00e+00	0.00e+00	1.05e-15	5.81e-16	2.10e-16
 2.42295e+15	2.56e-15	3.15e-09	2.23e-04	1.09e-01	7.64e-01	1.26e-01	1.03e-03	0.00e+00	0.00e+00	1.46e-15	8.01e-16	2.90e-16
 2.50995e+15	3.42e-15	3.91e-09	2.57e-04	1.17e-01	7.65e-01	1.17e-01	8.88e-04	0.00e+00	0.00e+00	1.94e-15	1.07e-15	3.86e-16
 2.60439e+15	4.49e-15	4.81e-09	2.99e-04	1.26e-01	7.65e-01	1.08e-01	7.57e-04	0.00e+00	0.00e+00	2.56e-15	1.40e-15	5.07e-16
 2.70859e+15	6.28e-15	6.17e-09	3.51e-04	1.37e-01	7.63e-01	9.87e-02	6.36e-04	0.00e+00	0.00e+00	3.58e-15	1.95e-15	7.06e-16
 2.81461e+15	8.58e-15	7.79e-09	4.09e-04	1.48e-01	7.61e-01	9.06e-02	5.37e-04	0.00e+00	0.00e+00	4.90e-15	2.66e-15	9.64e-16
 2.91547e+15	1.13e-14	9.59e-09	4.72e-04	1.58e-01	7.57e-01	8.35e-02	4.58e-04	0.00e+00	0.00e+00	6.48e-15	3.51e-15	1.27e-15
 3.01061e+15	1.47e-14	1.16e-08	5.35e-04	1.68e-01	7.53e-01	7.75e-02	3.96e-04	0.00e+00	0.00e+00	8.41e-15	4.55e-15	1.64e-15
 3.11896e+15	1.90e-14	1.41e-08	6.14e-04	1.80e-01	7.48e-01	7.12e-02	3.37e-04	0.00e+00	0.00e+00	1.09e-14	5.88e-15	2.12e-15
 3.24060e+15	2.64e-14	1.80e-08	7.16e-04	1.93e-01	7.41e-01	6.48e-02	2.81e-04	0.00e+00	0.00e+00	1.51e-14	8.14e-15	2.93e-15
 3.35500e+15	3.49e-14	2.20e-08	8.17e-04	2.06e-01	7.34e-01	5.94e-02	2.39e-04	0.00e+00	0.00e+00	2.00e-14	1.07e-14	3.87e-15
 3.47713e+15	4.61e-14	2.71e-08	9.40e-04	2.19e-01	7.25e-01	5.42e-02	2.01e-04	0.00e+00	0.00e+00	2.65e-14	1.42e-14	5.10e-15
 3.61095e+15	6.25e-14	3.39e-08	1.08e-03	2.34e-01	7.15e-01	4.91e-02	1.67e-04	0.00e+00	0.00e+00	3.59e-14	1.92e-14	6.89e-15
 3.73688e+15	8.16e-14	4.13e-08	1.24e-03	2.49e-01	7.05e-01	4.48e-02	1.41e-04	0.00e+00	0.00e+00	4.69e-14	2.51e-14	8.98e-15
 3.87313e+15	1.09e-13	5.09e-08	1.41e-03	2.64e-01	6.94e-01	4.06e-02	1.18e-04	0.00e+00	0.00e+00	6.26e-14	3.35e-14	1.19e-14
 4.02271e+15	1.46e-13	6.33e-08	1.63e-03	2.81e-01	6.80e-01	3.65e-02	9.68e-05	0.00e+00	0.00e+00	8.42e-14	4.50e-14	1.60e-14
 4.16248e+15	1.92e-13	7.72e-08	1.85e-03	2.97e-01	6.68e-01	3.31e-02	8.13e-05	0.00e+00	0.00e+00	1.11e-13	5.91e-14	2.09e-14
 4.31321e+15	2.54e-13	9.47e-08	2.12e-03	3.15e-01	6.53e-01	2.98e-02	6.72e-05	0.00e+00	0.00e+00	1.46e-13	7.80e-14	2.76e-14
 4.47875e+15	3.43e-13	1.18e-07	2.43e-03	3.33e-01	6.38e-01	2.66e-02	5.51e-05	0.00e+00	0.00e+00	1.98e-13	1.05e-13	3.72e-14
 4.63352e+15	4.49e-13	1.43e-07	2.76e-03	3.51e-01	6.22e-01	2.40e-02	4.57e-05	0.00e+00	0.00e+00	2.59e-13	1.38e-13	4.84e-14
 4.80150e+15	5.95e-13	1.76e-07	3.14e-03	3.70e-01	6.05e-01	2.14e-02	3.75e-05	0.00e+00	0.00e+00	3.43e-13	1.83e-13	6.40e-14
 4.98607e+15	8.00e-13	2.18e-07	3.60e-03	3.91e-01	5.86e-01	1.89e-02	3.03e-05	0.00e+00	0.00e+00	4.61e-13	2.45e-13	8.57e-14
 5.15692e+15	1.02e-12	2.59e-07	4.06e-03	4.10e-01	5.69e-01	1.69e-02	2.50e-05	0.00e+00	0.00e+00	5.88e-13	3.13e-13	1.09e-13
 5.34191e+15	1.38e-12	3.23e-07	4.62e-03	4.30e-01	5.50e-01	1.50e-02	2.03e-05	0.00e+00	0.00e+00	7.99e-13	4.24e-13	1.48e-13
 5.54092e+15	1.85e-12	3.99e-07	5.27e-03	4.52e-01	5.30e-01	1.32e-02	1.63e-05	0.00e+00	0.00e+00	1.07e-12	5.69e-13	1.97e-13
 5.72433e+15	2.41e-12	4.81e-07	5.93e-03	4.71e-01	5.11e-01	1.17e-02	1.33e-05	0.00e+00	0.00e+00	1.39e-12	7.39e-13	2.55e-13
 5.92893e+15	3.22e-12	5.91e-07	6.73e-03	4.93e-01	4.90e-01	1.03e-02	1.07e-05	0.00e+00	0.00e+00	1.86e-12	9.86e-13	3.40e-13
 6.15865e+15	4.37e-12	7.36e-07	7.71e-03	5.16e-01	4.68e-01	8.86e-03	8.40e-06	0.00e+00	0.00e+00	2.53e-12	1.34e-12	4.61e-13
 6.37803e+15	5.63e-12	8.82e-07	8.73e-03	5.37e-01	4.46e-01	7.72e-03	6.70e-06	0.00e+00	0.00e+00	3.26e-12	1.72e-12	5.92e-13
 6.58175e+15	7.52e-12	1.08e-06	9.80e-03	5.57e-01	4.26e-01	6.78e-03	5.41e-06	0.00e+00	0.00e+00	4.35e-12	2.30e-12	7.89e-13
 6.80810e+15	1.00e-11	1.33e-06	1.11e-02	5.78e-01	4.05e-01	5.87e-03	4.29e-06	0.00e+00	0.00e+00	5.80e-12	3.07e-12	1.05e-12
 7.05250e+15	1.35e-11	1.64e-06	1.26e-02	6.00e-01	3.82e-01	5.03e-03	3.35e-06	0.00e+00	0.00e+00	7.79e-12	4.12e-12	1.41e-12
 7.26838e+15	1.75e-11	1.97e-06	1.41e-02	6.19e-01	3.63e-01	4.40e-03	2.70e-06	0.00e+00	0.00e+00	1.01e-11	5.35e-12	1.82e-12
 7.46546e+15	2.20e-11	2.32e-06	1.56e-02	6.35e-01	3.46e-01	3.88e-03	2.22e-06	0.00e+00	0.00e+00	1.27e-11	6.74e-12	2.29e-12
 7.69011e+15	2.76e-11	2.73e-06	1.74e-02	6.53e-01	3.27e-01	3.37e-03	1.77e-06	0.00e+00	0.00e+00	1.60e-11	8.45e-12	2.87e-12
 7.97345e+15	3.96e-11	3.52e-06	2.01e-02	6.74e-01	3.03e-01	2.81e-03	1.33e-06	0.00e+00	0.00e+00	2.30e-11	1.21e-11	4.11e-12
 8.25446e+15	5.45e-11	4.42e-06	2.30e-02	6.94e-01	2.81e-01	2.35e-03	1.01e-06	0.00e+00	0.00e+00	3.16e-11	1.67e-11	5.65e-12
 8.48164e+15	6.74e-11	5.15e-06	2.56e-02	7.09e-01	2.64e-01	2.03e-03	8.10e-07	0.00e+00	0.00e+00	3.91e-11	2.07e-11	6.97e-12
 8.71745e+15	8.83e-11	6.25e-06	2.88e-02	7.24e-01	2.46e-01	1.74e-03	0.00e+00	0.00e+00	0.00e+00	5.12e-11	2.71e-11	9.13e-12
 9.02401e+15	1.30e-10	8.24e-06	3.35e-02	7.42e-01	2.24e-01	1.42e-03	0.00e+00	0.00e+00	0.00e+00	7.56e-11	4.00e-11	1.35e-11
 9.33123e+15	1.85e-10	1.06e-05	3.88e-02	7.57e-01	2.03e-01	1.16e-03	0.00e+00	0.00e+00	0.00e+00	1.07e-10	5.66e-11	1.90e-11
 9.57154e+15	2.43e-10	1.29e-05	4.38e-02	7.68e-01	1.88e-01	9.84e-04	0.00e+00	0.00e+00	0.00e+00	1.41e-10	7.44e-11	2.50e-11
 9.78358e+15	3.11e-10	1.54e-05	4.88e-02	7.76e-01	1.74e-01	8.49e-04	0.00e+00	0.00e+00	0.00e+00	1.81e-10	9.53e-11	3.20e-11
 1.00267e+16	3.91e-10	1.83e-05	5.55e-02	7.84e-01	1.60e-01	7.13e-04	0.00e+00	0.00e+00	0.00e+00	2.27e-10	1.20e-10	4.03e-11
 1.03427e+16	6.19e-10	2.56e-05	6.62e-02	7.92e-01	1.41e-01	5.62e-04	0.00e+00	0.00e+00	0.00e+00	3.59e-10	1.90e-10	6.37e-11
 1.06340e+16	8.14e-10	3.16e-05	7.80e-02	7.97e-01	1.25e-01	4.51e-04	0.00e+00	0.00e+00	0.00e+00	4.73e-10	2.50e-10	8.37e-11
 1.08343e+16	1.15e-09	4.07e-05	8.84e-02	7.97e-01	1.14e-01	3.83e-04	0.00e+00	0.00e+00	0.00e+00	6.69e-10	3.53e-10	1.18e-10
 1.09949e+16	1.44e-09	4.81e-05	9.80e-02	7.96e-01	1.05e-01	3.35e-04	0.00e+00	0.00e+00	0.00e+00	8.34e-10	4.41e-10	1.48e-10
 1.11627e+16	1.85e-09	5.82e-05	1.10e-01	7.93e-01	9.64e-02	2.87e-04	0.00e+00	0.00e+00	0.00e+00	1.07e-09	5.66e-10	1.90e-10
 1.13438e+16	2.25e-09	6.83e-05	1.25e-01	7.87e-01	8.71e-02	2.43e-04	0.00e+00	0.00e+00	0.00e+00	1.31e-09	6.91e-10	2.32e-10
 1.15421e+16	3.31e-09	9.15e-05	1.46e-01	7.77e-01	7.67e-02	1.97e-04	0.00e+00	0.00e+00	0.00e+00	1.92e-09	1.02e-09	3.40e-10
 1.17383e+16	4.63e-09	1.19e-04	1.72e-01	7.61e-01	6.66e-02	1.59e-04	0.00e+00	0.00e+00	0.00e+00	2.69e-09	1.42e-09	4.76e-10
 1.18900e+16	5.66e-09	1.41e-04	1.98e-01	7.43e-01	5.88e-02	1.32e-04	0.00e+00	0.00e+00	0.00e+00	3.29e-09	1.74e-09	5.83e-10
 1.20219e+16	7.87e-09	1.82e-04	2.26e-01	7.22e-01	5.17e-02	1.09e-04	0.00e+00	0.00e+00	0.00e+00	4.57e-09	2.42e-09	8.11e-10
 1.21406e+16	1.00e-08	2.22e-04	2.57e-01	6.97e-01	4.54e-02	9.08e-05	0.00e+00	0.00e+00	0.00e+00	5.82e-09	3.08e-09	1.03e-09
 1.22451e+16	1.19e-08	2.56e-04	2.90e-01	6.70e-01	3.98e-02	7.55e-05	0.00e+00	0.00e+00	0.00e+00	6.92e-09	3.66e-09	1.23e-09
 1.23424e+16	1.57e-08	3.20e-04	3.27e-01	6.38e-01	3.44e-02	6.20e-05	0.00e+00	0.00e+00	0.00e+00	9.10e-09	4.81e-09	1.62e-09
 1.24329e+16	1.94e-08	3.83e-04	3.68e-01	6.03e-01	2.94e-02	5.04e-05	0.00e+00	0.00e+00	0.00e+00	1.13e-08	5.98e-09	2.01e-09
 1.25149e+16	2.39e-08	4.54e-04	4.11e-01	5.63e-01	2.48e-02	4.05e-05	0.00e+00	0.00e+00	0.00e+00	1.39e-08	7.35e-09	2.47e-09
 1.25887e+16	2.89e-08	5.33e-04	4.57e-01	5.22e-01	2.08e-02	3.23e-05	0.00e+00	0.00e+00	0.00e+00	1.68e-08	8.90e-09	3.00e-09
 1.26546e+16	3.44e-08	6.16e-04	5.03e-01	4.79e-01	1.72e-02	2.56e-05	0.00e+00	0.00e+00	0.00e+00	2.00e-08	1.06e-08	3.57e-09
 1.27132e+16	4.03e-08	7.03e-04	5.49e-01	4.37e-01	1.42e-02	2.01e-05	0.00e+00	0.00e+00	0.00e+00	2.34e-08	1.24e-08	4.18e-09
 1.27687e+16	4.67e-08	7.96e-04	5.95e-01	3.93e-01	1.15e-02	1.56e-05	0.00e+00	0.00e+00	0.00e+00	2.71e-08	1.44e-08	4.85e-09
 1.28319e+16	5.53e-08	9.16e-04	6.52e-01	3.38e-01	8.61e-03	1.10e-05	0.00e+00	0.00e+00	0.00e+00	3.21e-08	1.70e-08	5.76e-09
 1.28983e+16	6.52e-08	1.05e-03	7.12e-01	2.81e-01	6.08e-03	7.28e-06	0.00e+00	0.00e+00	0.00e+00	3.79e-08	2.01e-08	6.81e-09
 1.29547e+16	7.45e-08	1.17e-03	7.63e-01	2.32e-01	4.30e-03	4.83e-06	0.00e+00	0.00e+00	0.00e+00	4.33e-08	2.30e-08	7.79e-09
 1.30143e+16	8.49e-08	1.30e-03	8.12e-01	1.83e-01	2.83e-03	2.94e-06	0.00e+00	0.00e+00	0.00e+00	4.94e-08	2.62e-08	8.90e-09
 1.30895e+16	9.80e-08	1.45e-03	8.65e-01	1.32e-01	1.57e-03	1.47e-06	0.00e+00	0.00e+00	0.00e+00	5.70e-08	3.02e-08	1.03e-08
 1.31714e+16	1.11e-07	1.59e-03	9.07e-01	9.02e-02	7.95e-04	6.53e-07	0.00e+00	0.00e+00	0.00e+00	6.46e-08	3.43e-08	1.17e-08
 1.32511e+16	1.22e-07	1.69e-03	9.36e-01	6.23e-02	4.03e-04	0.00e+00	0.00e+00	0.00e+00	0.00e+00	7.12e-08	3.78e-08	1.29e-08
 1.33392e+16	1.33e-07	1.78e-03	9.55e-01	4.26e-02	1.94e-04	0.00e+00	0.00e+00	0.00e+00	0.00e+00	7.76e-08	4.12e-08	1.41e-08
 1.34507e+16	1.45e-07	1.87e-03	9.70e-01	2.82e-02	8.28e-05	0.00e+00	0.00e+00	0.00e+00	0.00e+00	8.44e-08	4.48e-08	1.53e-08
 1.35957e+16	1.58e-07	1.95e-03	9.79e-01	1.89e-02	3.19e-05	0.00e+00	0.00e+00	0.00e+00	0.00e+00	9.21e-08	4.89e-08	1.67e-08
 1.37843e+16	1.74e-07	2.04e-03	9.84e-01	1.36e-02	1.17e-05	0.00e+00	0.00e+00	0.00e+00	0.00e+00	1.01e-07	5.37e-08	1.84e-08
 1.40294e+16	1.94e-07	2.13e-03	9.87e-01	1.06e-02	4.12e-06	0.00e+00	0.00e+00	0.00e+00	0.00e+00	1.13e-07	6.00e-08	2.05e-08
 1.43480e+16	2.23e-07	2.25e-03	9.89e-01	8.99e-03	1.38e-06	0.00e+00	0.00e+00	0.00e+00	0.00e+00	1.29e-07	6.88e-08	2.35e-08
 1.47622e+16	2.64e-07	2.40e-03	9.90e-01	8.08e-03	4.38e-07	0.00e+00	0.00e+00	0.00e+00	0.00e+00	1.54e-07	8.17e-08	2.79e-08
 1.52963e+16	3.30e-07	2.61e-03	9.90e-01	7.29e-03	0.00e+00	0.00e+00	0.00e+00	0.00e+00	0.00e+00	1.92e-07	1.02e-07	3.49e-08
 1.58381e+16	4.13e-07	2.83e-03	9.90e-01	6.67e-03	0.00e+00	0.00e+00	0.00e+00	0.00e+00	0.00e+00	2.40e-07	1.28e-07	4.36e-08
 1.62783e+16	4.96e-07	3.03e-03	9.91e-01	6.22e-03	0.00e+00	0.00e+00	0.00e+00	0.00e+00	0.00e+00	2.89e-07	1.53e-07	5.24e-08
 1.67347e+16	6.03e-07	3.25e-03	9.91e-01	5.82e-03	0.00e+00	0.00e+00	0.00e+00	0.00e+00	0.00e+00	3.51e-07	1.87e-07	6.37e-08
 1.73281e+16	7.83e-07	3.56e-03	9.91e-01	5.32e-03	0.00e+00	0.00e+00	0.00e+00	0.00e+00	0.00e+00	4.55e-07	2.42e-07	8.26e-08
 1.79200e+16	1.02e-06	3.91e-03	9.91e-01	4.89e-03	0.00e+00	0.00e+00	0.00e+00	0.00e+00	0.00e+00	5.92e-07	3.15e-07	1.07e-07
 1.83794e+16	1.26e-06	4.21e-03	9.91e-01	4.56e-03	0.00e+00	0.00e+00	0.00e+00	0.00e+00	0.00e+00	7.31e-07	3.89e-07	1.33e-07
 1.88459e+16	1.57e-06	4.55e-03	9.91e-01	4.25e-03	0.00e+00	0.00e+00	0.00e+00	0.00e+00	0.00e+00	9.14e-07	4.86e-07	1.66e-07
 1.94524e+16	2.13e-06	5.05e-03	9.91e-01	3.89e-03	0.00e+00	0.00e+00	0.00e+00	0.00e+00	0.00e+00	1.24e-06	6.59e-07	2.24e-07
 2.00430e+16	2.90e-06	5.62e-03	9.91e-01	3.54e-03	0.00e+00	0.00e+00	0.00e+00	0.00e+00	0.00e+00	1.69e-06	8.98e-07	3.05e-07
 2.04855e+16	3.71e-06	6.12e-03	9.91e-01	3.29e-03	0.00e+00	0.00e+00	0.00e+00	0.00e+00	0.00e+00	2.16e-06	1.15e-06	3.90e-07
 2.09333e+16	4.85e-06	6.71e-03	9.90e-01	3.04e-03	0.00e+00	0.00e+00	0.00e+00	0.00e+00	0.00e+00	2.82e-06	1.50e-06	5.09e-07
 2.14342e+16	6.64e-06	7.51e-03	9.90e-01	2.78e-03	0.00e+00	0.00e+00	0.00e+00	0.00e+00	0.00e+00	3.86e-06	2.05e-06	6.96e-07
 2.18856e+16	9.02e-06	8.41e-03	9.89e-01	2.53e-03	0.00e+00	0.00e+00	0.00e+00	0.00e+00	0.00e+00	5.24e-06	2.79e-06	9.45e-07
 2.22624e+16	1.19e-05	9.31e-03	9.88e-01	2.33e-03	0.00e+00	0.00e+00	0.00e+00	0.00e+00	0.00e+00	6.89e-06	3.66e-06	1.24e-06
 2.26042e+16	1.55e-05	1.03e-02	9.88e-01	2.15e-03	0.00e+00	0.00e+00	0.00e+00	0.00e+00	0.00e+00	9.00e-06	4.79e-06	1.62e-06
 2.29919e+16	2.15e-05	1.17e-02	9.86e-01	1.94e-03	0.00e+00	0.00e+00	0.00e+00	0.00e+00	0.00e+00	1.25e-05	6.65e-06	2.25e-06
 2.33868e+16	3.09e-05	1.36e-02	9.85e-01	1.71e-03	0.00e+00	0.00e+00	0.00e+00	0.00e+00	0.00e+00	1.80e-05	9.55e-06	3.23e-06
 2.36908e+16	4.19e-05	1.55e-02	9.83e-01	1.54e-03	0.00e+00	0.00e+00	0.00e+00	0.00e+00	0.00e+00	2.44e-05	1.29e-05	4.37e-06
 2.38748e+16	5.08e-05	1.69e-02	9.82e-01	1.44e-03	0.00e+00	0.00e+00	0.00e+00	0.00e+00	0.00e+00	2.95e-05	1.57e-05	5.30e-06
 2.39724e+16	5.66e-05	1.77e-02	9.81e-01	1.39e-03	0.00e+00	0.00e+00	0.00e+00	0.00e+00	0.00e+00	3.29e-05	1.75e-05	5.89e-06
 2.40682e+16	6.32e-05	1.86e-02	9.80e-01	1.33e-03	0.00e+00	0.00e+00	0.00e+00	0.00e+00	0.00e+00	3.68e-05	1.95e-05	6.59e-06
 2.41928e+16	7.35e-05	1.99e-02	9.79e-01	1.26e-03	0.00e+00	0.00e+00	0.00e+00	0.00e+00	0.00e+00	4.27e-05	2.27e-05	7.65e-06
 2.43331e+16	8.72e-05	2.15e-02	9.77e-01	1.18e-03	0.00e+00	0.00e+00	0.00e+00	0.00e+00	0.00e+00	5.07e-05	2.69e-05	9.08e-06
 2.44627e+16	1.03e-04	2.32e-02	9.76e-01	1.10e-03	0.00e+00	0.00e+00	0.00e+00	0.00e+00	0.00e+00	5.98e-05	3.18e-05	1.07e-05
 2.45759e+16	1.20e-04	2.49e-02	9.74e-01	1.04e-03	0.00e+00	0.00e+00	0.00e+00	0.00e+00	0.00e+00	6.95e-05	3.69e-05	1.24e-05
 2.46753e+16	1.37e-04	2.66e-02	9.72e-01	9.84e-04	0.00e+00	0.00e+00	0.00e+00	0.00e+00	0.00e+00	7.96e-05	4.22e-05	1.42e-05
 2.47644e+16	1.56e-04	2.83e-02	9.71e-01	9.34e-04	0.00e+00	0.00e+00	0.00e+00	0.00e+00	0.00e+00	9.04e-05	4.80e-05	1.62e-05
 2.48639e+16	1.81e-04	3.04e-02	9.69e-01	8.76e-04	0.00e+00	0.00e+00	0.00e+00	0.00e+00	0.00e+00	1.05e-04	5.57e-05	1.88e-05
 2.49682e+16	2.12e-04	3.29e-02	9.66e-01	8.18e-04	0.00e+00	0.00e+00	0.00e+00	0.00e+00	0.00e+00	1.23e-04	6.53e-05	2.20e-05
 2.50548e+16	2.43e-04	3.52e-02	9.64e-01	7.71e-04	0.00e+00	0.00e+00	0.00e+00	0.00e+00	0.00e+00	1.41e-04	7.49e-05	2.52e-05
 2.51300e+16	2.75e-04	3.74e-02	9.62e-01	7.30e-04	0.00e+00	0.00e+00	0.00e+00	0.00e+00	0.00e+00	1.60e-04	8.48e-05	2.86e-05
 2.52141e+16	3.18e-04	4.03e-02	9.59e-01	6.83e-04	0.00e+00	0.00e+00	0.00e+00	0.00e+00	0.00e+00	1.85e-04	9.81e-05	3.30e-05
 2.53042e+16	3.73e-04	4.36e-02	9.55e-01	6.34e-04	0.00e+00	0.00e+00	0.00e+00	0.00e+00	0.00e+00	2.17e-04	1.15e-04	3.87e-05
 2.53814e+16	4.29e-04	4.69e-02	9.52e-01	5.94e-04	0.00e+00	0.00e+00	0.00e+00	0.00e+00	0.00e+00	2.49e-04	1.32e-04	4.45e-05
 2.54484e+16	4.87e-04	5.01e-02	9.49e-01	5.59e-04	0.00e+00	0.00e+00	0.00e+00	0.00e+00	0.00e+00	2.83e-04	1.50e-04	5.05e-05
 2.55226e+16	5.64e-04	5.41e-02	9.45e-01	5.21e-04	0.00e+00	0.00e+00	0.00e+00	0.00e+00	0.00e+00	3.28e-04	1.74e-04	5.86e-05
 2.56018e+16	6.61e-04	5.88e-02	9.40e-01	4.82e-04	0.00e+00	0.00e+00	0.00e+00	0.00e+00	0.00e+00	3.85e-04	2.04e-04	6.87e-05
 2.56694e+16	7.63e-04	6.33e-02	9.35e-01	4.48e-04	0.00e+00	0.00e+00	0.00e+00	0.00e+00	0.00e+00	4.44e-04	2.35e-04	7.92e-05
 2.57282e+16	8.68e-04	6.78e-02	9.31e-01	4.18e-04	0.00e+00	0.00e+00	0.00e+00	0.00e+00	0.00e+00	5.05e-04	2.67e-04	9.01e-05
 2.57935e+16	1.01e-03	7.34e-02	9.25e-01	3.88e-04	0.00e+00	0.00e+00	0.00e+00	0.00e+00	0.00e+00	5.86e-04	3.10e-04	1.05e-04
 2.58638e+16	1.19e-03	8.01e-02	9.18e-01	3.56e-04	0.00e+00	0.00e+00	0.00e+00	0.00e+00	0.00e+00	6.90e-04	3.65e-04	1.23e-04
 2.59242e+16	1.37e-03	8.66e-02	9.12e-01	3.28e-04	0.00e+00	0.00e+00	0.00e+00	0.00e+00	0.00e+00	7.99e-04	4.23e-04	1.42e-04
 2.59769e+16	1.57e-03	9.30e-02	9.05e-01	3.06e-04	0.00e+00	0.00e+00	0.00e+00	0.00e+00	0.00e+00	9.11e-04	4.82e-04	1.62e-04
 2.60356e+16	1.83e-03	1.01e-01	8.97e-01	2.79e-04	0.00e+00	0.00e+00	0.00e+00	0.00e+00	0.00e+00	1.06e-03	5.64e-04	1.90e-04
 2.60986e+16	2.16e-03	1.11e-01	8.87e-01	2.53e-04	0.00e+00	0.00e+00	0.00e+00	0.00e+00	0.00e+00	1.26e-03	6.66e-04	2.25e-04
