#depth	O	O+	O+2	O+3	O+4	O+5	O+6	O+7	O+8	O[1]	O[2]	O[3]
 1.49634e+10	0.00e+00	0.00e+00	3.45e-30	8.15e-22	2.79e-14	1.23e-07	1.00e+00	0.00e+00	0.00e+00	0.00e+00	0.00e+00	0.00e+00
 4.54887e+10	0.00e+00	2.71e-39	4.80e-30	1.05e-21	3.32e-14	1.34e-07	1.00e+00	5.83e-08	0.00e+00	0.00e+00	0.00e+00	0.00e+00
 7.72350e+10	0.00e+00	0.00e+00	6.70e-30	1.35e-21	3.94e-14	1.46e-07	1.00e+00	0.00e+00	0.00e+00	0.00e+00	0.00e+00	0.00e+00
 1.10251e+11	0.00e+00	6.19e-39	9.35e-30	1.74e-21	4.69e-14	1.60e-07	1.00e+00	0.00e+00	0.00e+00	0.00e+00	0.00e+00	0.00e+00
 1.42362e+11	0.00e+00	0.00e+00	1.28e-29	2.21e-21	5.52e-14	1.74e-07	1.00e+00	0.00e+00	0.00e+00	0.00e+00	0.00e+00	0.00e+00
 1.72753e+11	0.00e+00	1.30e-38	1.70e-29	2.75e-21	6.41e-14	1.87e-07	1.00e+00	0.00e+00	0.00e+00	0.00e+00	0.00e+00	0.00e+00
 2.06587e+11	0.00e+00	0.00e+00	2.31e-29	3.48e-21	7.54e-14	2.03e-07	1.00e+00	0.00e+00	0.00e+00	0.00e+00	0.00e+00	0.00e+00
 2.44777e+11	0.00e+00	2.87e-38	3.23e-29	4.50e-21	8.99e-14	2.23e-07	1.00e+00	0.00e+00	0.00e+00	0.00e+00	0.00e+00	0.00e+00
 2.82900e+11	0.00e+00	0.00e+00	4.45e-29	5.76e-21	1.07e-13	2.43e-07	1.00e+00	0.00e+00	0.00e+00	0.00e+00	0.00e+00	0.00e+00
 3.22548e+11	0.00e+00	6.35e-38	6.15e-29	7.37e-21	1.26e-13	2.65e-07	1.00e+00	0.00e+00	0.00e+00	0.00e+00	0.00e+00	0.00e+00
 3.65377e+11	0.00e+00	0.00e+00	8.59e-29	9.54e-21	1.51e-13	2.91e-07	1.00e+00	0.00e+00	0.00e+00	0.00e+00	0.00e+00	0.00e+00
 4.09919e+11	0.00e+00	1.45e-37	1.20e-28	1.23e-20	1.81e-13	3.19e-07	1.00e+00	0.00e+00	0.00e+00	0.00e+00	0.00e+00	0.00e+00
 4.54113e+11	0.00e+00	0.00e+00	1.65e-28	1.58e-20	2.15e-13	3.49e-07	1.00e+00	0.00e+00	0.00e+00	0.00e+00	0.00e+00	0.00e+00
 5.00076e+11	0.00e+00	3.18e-37	2.28e-28	2.02e-20	2.55e-13	3.81e-07	1.00e+00	0.00e+00	0.00e+00	0.00e+00	0.00e+00	0.00e+00
 5.50006e+11	0.00e+00	0.00e+00	3.18e-28	2.62e-20	3.06e-13	4.19e-07	1.00e+00	0.00e+00	0.00e+00	0.00e+00	0.00e+00	0.00e+00
 6.01933e+11	0.00e+00	7.21e-37	4.44e-28	3.39e-20	3.67e-13	4.60e-07	1.00e+00	0.00e+00	0.00e+00	0.00e+00	0.00e+00	0.00e+00
 6.55937e+11	0.00e+00	0.00e+00	6.20e-28	4.39e-20	4.40e-13	5.06e-07	1.00e+00	0.00e+00	0.00e+00	0.00e+00	0.00e+00	0.00e+00
 7.12101e+11	0.00e+00	1.63e-36	8.64e-28	5.69e-20	5.28e-13	5.57e-07	1.00e+00	0.00e+00	0.00e+00	0.00e+00	0.00e+00	0.00e+00
 7.70512e+11	7.91e-46	2.43e-36	1.20e-27	7.36e-20	6.34e-13	6.13e-07	1.00e+00	0.00e+00	0.00e+00	0.00e+00	0.00e+00	0.00e+00
 8.23461e+11	0.00e+00	0.00e+00	1.60e-27	9.22e-20	7.44e-13	6.67e-07	1.00e+00	0.00e+00	0.00e+00	0.00e+00	0.00e+00	0.00e+00
 8.67778e+11	0.00e+00	4.59e-36	2.02e-27	1.11e-19	8.47e-13	7.15e-07	1.00e+00	0.00e+00	0.00e+00	0.00e+00	0.00e+00	0.00e+00
 9.16413e+11	2.41e-45	6.20e-36	2.59e-27	1.34e-19	9.72e-13	7.69e-07	1.00e+00	0.00e+00	0.00e+00	0.00e+00	0.00e+00	0.00e+00
 9.77743e+11	0.00e+00	0.00e+00	3.50e-27	1.70e-19	1.15e-12	8.41e-07	1.00e+00	0.00e+00	0.00e+00	0.00e+00	0.00e+00	0.00e+00
 1.04158e+12	0.00e+00	1.28e-35	4.73e-27	2.16e-19	1.36e-12	9.20e-07	1.00e+00	0.00e+00	0.00e+00	0.00e+00	0.00e+00	0.00e+00
 1.09630e+12	8.21e-45	1.73e-35	6.07e-27	2.62e-19	1.57e-12	9.92e-07	1.00e+00	0.00e+00	0.00e+00	0.00e+00	0.00e+00	0.00e+00
 1.15315e+12	0.00e+00	0.00e+00	7.78e-27	3.19e-19	1.81e-12	1.07e-06	1.00e+00	0.00e+00	0.00e+00	0.00e+00	0.00e+00	0.00e+00
 1.22396e+12	0.00e+00	3.35e-35	1.05e-26	4.04e-19	2.14e-12	1.17e-06	1.00e+00	0.00e+00	0.00e+00	0.00e+00	0.00e+00	0.00e+00
 1.29567e+12	2.72e-44	4.75e-35	1.40e-26	5.08e-19	2.53e-12	1.28e-06	1.00e+00	0.00e+00	0.00e+00	0.00e+00	0.00e+00	0.00e+00
 1.35816e+12	0.00e+00	6.36e-35	1.79e-26	6.16e-19	2.91e-12	1.38e-06	1.00e+00	0.00e+00	0.00e+00	0.00e+00	0.00e+00	0.00e+00
 1.42588e+12	5.52e-44	8.63e-35	2.30e-26	7.54e-19	3.36e-12	1.49e-06	1.00e+00	0.00e+00	0.00e+00	0.00e+00	0.00e+00	0.00e+00
 1.50841e+12	0.00e+00	1.23e-34	3.10e-26	9.55e-19	3.99e-12	1.64e-06	1.00e+00	0.00e+00	0.00e+00	0.00e+00	0.00e+00	0.00e+00
 1.59242e+12	1.27e-43	1.74e-34	4.14e-26	1.20e-18	4.71e-12	1.79e-06	1.00e+00	0.00e+00	0.00e+00	0.00e+00	0.00e+00	0.00e+00
 1.66945e+12	0.00e+00	2.37e-34	5.35e-26	1.47e-18	5.46e-12	1.94e-06	1.00e+00	0.00e+00	0.00e+00	0.00e+00	0.00e+00	0.00e+00
 1.75516e+12	2.68e-43	3.28e-34	7.03e-26	1.83e-18	6.39e-12	2.11e-06	1.00e+00	0.00e+00	0.00e+00	0.00e+00	0.00e+00	0.00e+00
 1.85464e+12	0.00e+00	4.72e-34	9.53e-26	2.34e-18	7.62e-12	2.33e-06	1.00e+00	0.00e+00	0.00e+00	0.00e+00	0.00e+00	0.00e+00
 1.95287e+12	6.18e-43	6.66e-34	1.27e-25	2.94e-18	8.99e-12	2.55e-06	1.00e+00	0.00e+00	0.00e+00	0.00e+00	0.00e+00	0.00e+00
 2.04688e+12	0.00e+00	9.14e-34	1.66e-25	3.63e-18	1.05e-11	2.77e-06	1.00e+00	0.00e+00	0.00e+00	0.00e+00	0.00e+00	0.00e+00
 2.15054e+12	1.33e-42	1.28e-33	2.19e-25	4.54e-18	1.23e-11	3.02e-06	1.00e+00	0.00e+00	0.00e+00	0.00e+00	0.00e+00	0.00e+00
 2.26649e+12	0.00e+00	1.83e-33	2.96e-25	5.78e-18	1.46e-11	3.32e-06	1.00e+00	0.00e+00	0.00e+00	0.00e+00	0.00e+00	0.00e+00
 2.37185e+12	2.95e-42	2.51e-33	3.86e-25	7.13e-18	1.70e-11	3.60e-06	1.00e+00	0.00e+00	0.00e+00	0.00e+00	0.00e+00	0.00e+00
 2.46045e+12	0.00e+00	3.24e-33	4.78e-25	8.45e-18	1.92e-11	3.85e-06	1.00e+00	0.00e+00	0.00e+00	0.00e+00	0.00e+00	0.00e+00
 2.55784e+12	5.49e-42	4.26e-33	6.00e-25	1.01e-17	2.19e-11	4.13e-06	1.00e+00	0.00e+00	0.00e+00	0.00e+00	0.00e+00	0.00e+00
 2.66778e+12	0.00e+00	5.74e-33	7.70e-25	1.24e-17	2.52e-11	4.46e-06	1.00e+00	0.00e+00	0.00e+00	0.00e+00	0.00e+00	0.00e+00
 2.77303e+12	1.08e-41	7.56e-33	9.70e-25	1.49e-17	2.87e-11	4.79e-06	1.00e+00	0.00e+00	0.00e+00	0.00e+00	0.00e+00	0.00e+00
 2.88887e+12	0.00e+00	1.02e-32	1.24e-24	1.81e-17	3.30e-11	5.17e-06	1.00e+00	0.00e+00	0.00e+00	0.00e+00	0.00e+00	0.00e+00
 3.01754e+12	2.21e-41	1.39e-32	1.62e-24	2.23e-17	3.83e-11	5.60e-06	1.00e+00	0.00e+00	0.00e+00	0.00e+00	0.00e+00	0.00e+00
 3.13811e+12	0.00e+00	1.86e-32	2.06e-24	2.69e-17	4.37e-11	6.02e-06	1.00e+00	0.00e+00	0.00e+00	0.00e+00	0.00e+00	0.00e+00
 3.27006e+12	4.42e-41	2.51e-32	2.64e-24	3.29e-17	5.04e-11	6.51e-06	1.00e+00	0.00e+00	0.00e+00	0.00e+00	0.00e+00	0.00e+00
 3.41775e+12	0.00e+00	3.48e-32	3.47e-24	4.09e-17	5.88e-11	7.07e-06	1.00e+00	0.00e+00	0.00e+00	0.00e+00	0.00e+00	0.00e+00
 3.55849e+12	9.31e-41	4.72e-32	4.47e-24	4.99e-17	6.76e-11	7.62e-06	1.00e+00	0.00e+00	0.00e+00	0.00e+00	0.00e+00	0.00e+00
 3.71360e+12	0.00e+00	6.49e-32	5.84e-24	6.17e-17	7.85e-11	8.27e-06	1.00e+00	0.00e+00	0.00e+00	0.00e+00	0.00e+00	0.00e+00
 3.87816e+12	1.99e-40	9.02e-32	7.68e-24	7.67e-17	9.14e-11	8.98e-06	1.00e+00	0.00e+00	0.00e+00	0.00e+00	0.00e+00	0.00e+00
 4.02204e+12	0.00e+00	1.19e-31	9.69e-24	9.21e-17	1.04e-10	9.63e-06	1.00e+00	0.00e+00	0.00e+00	0.00e+00	0.00e+00	0.00e+00
 4.17568e+12	3.88e-40	1.59e-31	1.23e-23	1.11e-16	1.19e-10	1.03e-05	1.00e+00	0.00e+00	0.00e+00	0.00e+00	0.00e+00	0.00e+00
 4.36273e+12	0.00e+00	2.23e-31	1.63e-23	1.39e-16	1.38e-10	1.12e-05	1.00e+00	0.00e+00	0.00e+00	0.00e+00	0.00e+00	0.00e+00
 4.54916e+12	8.48e-40	3.09e-31	2.14e-23	1.72e-16	1.61e-10	1.22e-05	1.00e+00	0.00e+00	0.00e+00	0.00e+00	0.00e+00	0.00e+00
 4.71361e+12	0.00e+00	4.09e-31	2.70e-23	2.07e-16	1.82e-10	1.30e-05	1.00e+00	0.00e+00	0.00e+00	0.00e+00	0.00e+00	0.00e+00
 4.89355e+12	1.67e-39	5.51e-31	3.46e-23	2.51e-16	2.09e-10	1.40e-05	1.00e+00	0.00e+00	0.00e+00	0.00e+00	0.00e+00	0.00e+00
 5.11012e+12	0.00e+00	7.77e-31	4.60e-23	3.14e-16	2.44e-10	1.52e-05	1.00e+00	0.00e+00	0.00e+00	0.00e+00	0.00e+00	0.00e+00
 5.32682e+12	3.70e-39	1.08e-30	6.06e-23	3.90e-16	2.83e-10	1.65e-05	1.00e+00	0.00e+00	0.00e+00	0.00e+00	0.00e+00	0.00e+00
 5.52383e+12	0.00e+00	1.45e-30	7.73e-23	4.72e-16	3.23e-10	1.77e-05	1.00e+00	0.00e+00	0.00e+00	0.00e+00	0.00e+00	0.00e+00
 5.74273e+12	7.61e-39	2.00e-30	1.01e-22	5.79e-16	3.72e-10	1.91e-05	1.00e+00	0.00e+00	0.00e+00	0.00e+00	0.00e+00	0.00e+00
 5.99874e+12	0.00e+00	2.84e-30	1.35e-22	7.29e-16	4.36e-10	2.08e-05	1.00e+00	0.00e+00	0.00e+00	0.00e+00	0.00e+00	0.00e+00
 6.25147e+12	1.72e-38	3.99e-30	1.79e-22	9.08e-16	5.06e-10	2.25e-05	1.00e+00	0.00e+00	0.00e+00	0.00e+00	0.00e+00	0.00e+00
 6.49016e+12	0.00e+00	5.44e-30	2.31e-22	1.11e-15	5.81e-10	2.43e-05	1.00e+00	0.00e+00	0.00e+00	0.00e+00	0.00e+00	0.00e+00
 6.75554e+12	3.68e-38	7.61e-30	3.04e-22	1.37e-15	6.73e-10	2.62e-05	1.00e+00	0.00e+00	0.00e+00	0.00e+00	0.00e+00	0.00e+00
 7.05569e+12	0.00e+00	1.09e-29	4.10e-22	1.74e-15	7.90e-10	2.86e-05	1.00e+00	0.00e+00	0.00e+00	0.00e+00	0.00e+00	0.00e+00
 7.35710e+12	8.59e-38	1.56e-29	5.49e-22	2.18e-15	9.21e-10	3.10e-05	1.00e+00	0.00e+00	0.00e+00	0.00e+00	0.00e+00	0.00e+00
 7.67056e+12	0.00e+00	2.22e-29	7.35e-22	2.73e-15	1.07e-09	3.36e-05	1.00e+00	0.00e+00	0.00e+00	0.00e+00	0.00e+00	0.00e+00
 8.00731e+12	2.02e-37	3.21e-29	9.94e-22	3.45e-15	1.26e-09	3.66e-05	1.00e+00	0.00e+00	0.00e+00	0.00e+00	0.00e+00	0.00e+00
 8.35753e+12	0.00e+00	4.64e-29	1.35e-21	4.36e-15	1.48e-09	3.98e-05	1.00e+00	0.00e+00	0.00e+00	0.00e+00	0.00e+00	0.00e+00
 8.70215e+12	4.72e-37	6.58e-29	1.79e-21	5.44e-15	1.72e-09	4.30e-05	1.00e+00	0.00e+00	0.00e+00	0.00e+00	0.00e+00	0.00e+00
 9.02258e+12	0.00e+00	9.01e-29	2.32e-21	6.64e-15	1.97e-09	4.62e-05	1.00e+00	0.00e+00	0.00e+00	0.00e+00	0.00e+00	0.00e+00
 9.31174e+12	9.49e-37	1.19e-28	2.91e-21	7.90e-15	2.21e-09	4.91e-05	1.00e+00	0.00e+00	0.00e+00	0.00e+00	0.00e+00	0.00e+00
 9.62176e+12	0.00e+00	1.59e-28	3.68e-21	9.47e-15	2.50e-09	5.24e-05	1.00e+00	0.00e+00	0.00e+00	0.00e+00	0.00e+00	0.00e+00
 1.00079e+13	2.02e-36	2.25e-28	4.89e-21	1.18e-14	2.90e-09	5.66e-05	1.00e+00	0.00e+00	0.00e+00	0.00e+00	0.00e+00	0.00e+00
 1.03951e+13	0.00e+00	3.14e-28	6.43e-21	1.45e-14	3.34e-09	6.09e-05	1.00e+00	0.00e+00	0.00e+00	0.00e+00	0.00e+00	0.00e+00
 1.07278e+13	4.21e-36	4.17e-28	8.09e-21	1.73e-14	3.76e-09	6.48e-05	1.00e+00	0.00e+00	0.00e+00	0.00e+00	0.00e+00	0.00e+00
 1.10876e+13	0.00e+00	5.61e-28	1.03e-20	2.09e-14	4.26e-09	6.91e-05	1.00e+00	0.00e+00	0.00e+00	0.00e+00	0.00e+00	0.00e+00
 1.15317e+13	9.12e-36	8.00e-28	1.37e-20	2.60e-14	4.94e-09	7.46e-05	1.00e+00	0.00e+00	0.00e+00	0.00e+00	0.00e+00	0.00e+00
 1.19760e+13	0.00e+00	1.13e-27	1.81e-20	3.21e-14	5.71e-09	8.03e-05	1.00e+00	0.00e+00	0.00e+00	0.00e+00	0.00e+00	0.00e+00
 1.23596e+13	1.93e-35	1.50e-27	2.29e-20	3.84e-14	6.43e-09	8.54e-05	1.00e+00	0.00e+00	0.00e+00	0.00e+00	0.00e+00	0.00e+00
 1.27738e+13	0.00e+00	2.03e-27	2.93e-20	4.62e-14	7.28e-09	9.10e-05	1.00e+00	0.00e+00	0.00e+00	0.00e+00	0.00e+00	0.00e+00
 1.32831e+13	4.24e-35	2.91e-27	3.91e-20	5.77e-14	8.45e-09	9.83e-05	1.00e+00	0.00e+00	0.00e+00	0.00e+00	0.00e+00	0.00e+00
 1.37971e+13	6.44e-35	4.13e-27	5.19e-20	7.15e-14	9.77e-09	1.06e-04	1.00e+00	0.00e+00	0.00e+00	0.00e+00	0.00e+00	0.00e+00
 1.42525e+13	9.24e-35	5.59e-27	6.63e-20	8.60e-14	1.11e-08	1.13e-04	1.00e+00	0.00e+00	0.00e+00	0.00e+00	0.00e+00	0.00e+00
 1.47503e+13	1.35e-34	7.69e-27	8.58e-20	1.05e-13	1.26e-08	1.20e-04	1.00e+00	0.00e+00	0.00e+00	0.00e+00	0.00e+00	0.00e+00
 1.53473e+13	2.10e-34	1.11e-26	1.16e-19	1.31e-13	1.47e-08	1.30e-04	1.00e+00	0.00e+00	0.00e+00	0.00e+00	0.00e+00	0.00e+00
 1.59423e+13	3.22e-34	1.59e-26	1.54e-19	1.63e-13	1.70e-08	1.40e-04	1.00e+00	0.00e+00	0.00e+00	0.00e+00	0.00e+00	0.00e+00
 1.64842e+13	4.69e-34	2.18e-26	1.98e-19	1.97e-13	1.93e-08	1.50e-04	1.00e+00	0.00e+00	0.00e+00	0.00e+00	0.00e+00	0.00e+00
 1.70882e+13	7.04e-34	3.06e-26	2.61e-19	2.43e-13	2.21e-08	1.60e-04	1.00e+00	0.00e+00	0.00e+00	0.00e+00	0.00e+00	0.00e+00
 1.77931e+13	1.11e-33	4.48e-26	3.55e-19	3.06e-13	2.58e-08	1.73e-04	1.00e+00	0.00e+00	0.00e+00	0.00e+00	0.00e+00	0.00e+00
 1.84879e+13	1.72e-33	6.44e-26	4.75e-19	3.81e-13	2.99e-08	1.87e-04	1.00e+00	0.00e+00	0.00e+00	0.00e+00	0.00e+00	0.00e+00
 1.91455e+13	2.56e-33	8.98e-26	6.20e-19	4.67e-13	3.43e-08	2.00e-04	1.00e+00	0.00e+00	0.00e+00	0.00e+00	0.00e+00	0.00e+00
 1.98763e+13	3.92e-33	1.28e-25	8.26e-19	5.79e-13	3.96e-08	2.15e-04	1.00e+00	0.00e+00	0.00e+00	0.00e+00	0.00e+00	0.00e+00
 2.07012e+13	6.22e-33	1.89e-25	1.13e-18	7.33e-13	4.63e-08	2.33e-04	1.00e+00	0.00e+00	0.00e+00	0.00e+00	0.00e+00	0.00e+00
 2.15300e+13	9.76e-33	2.75e-25	1.53e-18	9.19e-13	5.39e-08	2.51e-04	1.00e+00	0.00e+00	0.00e+00	0.00e+00	0.00e+00	0.00e+00
 2.23920e+13	1.53e-32	4.01e-25	2.06e-18	1.15e-12	6.27e-08	2.71e-04	1.00e+00	0.00e+00	0.00e+00	0.00e+00	0.00e+00	0.00e+00
 2.33176e+13	2.43e-32	5.90e-25	2.82e-18	1.46e-12	7.34e-08	2.94e-04	1.00e+00	0.00e+00	0.00e+00	0.00e+00	0.00e+00	0.00e+00
 2.42139e+13	3.75e-32	8.47e-25	3.77e-18	1.82e-12	8.50e-08	3.16e-04	1.00e+00	0.00e+00	0.00e+00	0.00e+00	0.00e+00	0.00e+00
 2.50569e+13	5.56e-32	1.18e-24	4.90e-18	2.22e-12	9.71e-08	3.38e-04	1.00e+00	0.00e+00	0.00e+00	0.00e+00	0.00e+00	0.00e+00
 2.60000e+13	8.49e-32	1.68e-24	6.52e-18	2.75e-12	1.12e-07	3.64e-04	1.00e+00	0.00e+00	0.00e+00	0.00e+00	0.00e+00	0.00e+00
 2.69504e+13	1.28e-31	2.36e-24	8.60e-18	3.39e-12	1.29e-07	3.90e-04	1.00e+00	0.00e+00	0.00e+00	0.00e+00	0.00e+00	0.00e+00
 2.77398e+13	1.78e-31	3.12e-24	1.07e-17	4.01e-12	1.44e-07	4.13e-04	1.00e+00	0.00e+00	0.00e+00	0.00e+00	0.00e+00	0.00e+00
 2.85755e+13	2.51e-31	4.15e-24	1.35e-17	4.77e-12	1.62e-07	4.38e-04	1.00e+00	0.00e+00	0.00e+00	0.00e+00	0.00e+00	0.00e+00
 2.96438e+13	3.81e-31	5.89e-24	1.79e-17	5.90e-12	1.87e-07	4.71e-04	1.00e+00	0.00e+00	0.00e+00	0.00e+00	0.00e+00	0.00e+00
 3.07643e+13	5.88e-31	8.48e-24	2.41e-17	7.33e-12	2.16e-07	5.07e-04	9.99e-01	0.00e+00	0.00e+00	0.00e+00	0.00e+00	0.00e+00
 3.17558e+13	8.38e-31	1.14e-23	3.05e-17	8.83e-12	2.45e-07	5.40e-04	9.99e-01	0.00e+00	0.00e+00	0.00e+00	0.00e+00	0.00e+00
 3.28297e+13	1.22e-30	1.57e-23	3.95e-17	1.07e-11	2.79e-07	5.77e-04	9.99e-01	0.00e+00	0.00e+00	0.00e+00	0.00e+00	0.00e+00
 3.41204e+13	1.90e-30	2.26e-23	5.31e-17	1.34e-11	3.24e-07	6.24e-04	9.99e-01	0.00e+00	0.00e+00	0.00e+00	0.00e+00	0.00e+00
 3.54275e+13	2.91e-30	3.24e-23	7.10e-17	1.67e-11	3.76e-07	6.73e-04	9.99e-01	0.00e+00	0.00e+00	0.00e+00	0.00e+00	0.00e+00
 3.66523e+13	4.29e-30	4.48e-23	9.23e-17	2.04e-11	4.29e-07	7.20e-04	9.99e-01	0.00e+00	0.00e+00	0.00e+00	0.00e+00	0.00e+00
 3.80135e+13	6.48e-30	6.34e-23	1.22e-16	2.53e-11	4.95e-07	7.75e-04	9.99e-01	0.00e+00	0.00e+00	0.00e+00	0.00e+00	0.00e+00
 3.94555e+13	9.87e-30	9.03e-23	1.63e-16	3.15e-11	5.73e-07	8.35e-04	9.99e-01	0.00e+00	0.00e+00	0.00e+00	0.00e+00	0.00e+00
 4.07372e+13	1.42e-29	1.23e-22	2.08e-16	3.79e-11	6.50e-07	8.91e-04	9.99e-01	0.00e+00	0.00e+00	0.00e+00	0.00e+00	0.00e+00
 4.21167e+13	2.07e-29	1.68e-22	2.69e-16	4.61e-11	7.41e-07	9.53e-04	9.99e-01	0.00e+00	0.00e+00	0.00e+00	0.00e+00	0.00e+00
 4.37693e+13	3.19e-29	2.42e-22	3.62e-16	5.78e-11	8.63e-07	1.03e-03	9.99e-01	0.00e+00	0.00e+00	0.00e+00	0.00e+00	0.00e+00
 4.53959e+13	4.82e-29	3.43e-22	4.80e-16	7.16e-11	9.96e-07	1.11e-03	9.99e-01	0.00e+00	0.00e+00	0.00e+00	0.00e+00	0.00e+00
 4.68453e+13	6.88e-29	4.62e-22	6.12e-16	8.62e-11	1.13e-06	1.18e-03	9.99e-01	0.00e+00	0.00e+00	0.00e+00	0.00e+00	0.00e+00
 4.84455e+13	1.00e-28	6.35e-22	7.93e-16	1.05e-10	1.29e-06	1.27e-03	9.99e-01	0.00e+00	0.00e+00	0.00e+00	0.00e+00	0.00e+00
 5.03520e+13	1.55e-28	9.16e-22	1.07e-15	1.32e-10	1.50e-06	1.37e-03	9.99e-01	0.00e+00	0.00e+00	0.00e+00	0.00e+00	0.00e+00
 5.22446e+13	2.35e-28	1.30e-21	1.42e-15	1.64e-10	1.73e-06	1.48e-03	9.99e-01	0.00e+00	0.00e+00	0.00e+00	0.00e+00	0.00e+00
 5.39771e+13	3.40e-28	1.77e-21	1.83e-15	1.98e-10	1.97e-06	1.58e-03	9.98e-01	0.00e+00	0.00e+00	0.00e+00	0.00e+00	0.00e+00
 5.59131e+13	5.06e-28	2.48e-21	2.40e-15	2.44e-10	2.27e-06	1.70e-03	9.98e-01	0.00e+00	0.00e+00	0.00e+00	0.00e+00	0.00e+00
 5.81625e+13	7.88e-28	3.60e-21	3.25e-15	3.08e-10	2.65e-06	1.84e-03	9.98e-01	0.00e+00	0.00e+00	0.00e+00	0.00e+00	0.00e+00
 6.03699e+13	1.20e-27	5.14e-21	4.34e-15	3.83e-10	3.07e-06	1.98e-03	9.98e-01	0.00e+00	0.00e+00	0.00e+00	0.00e+00	0.00e+00
 6.24601e+13	1.77e-27	7.11e-21	5.64e-15	4.69e-10	3.51e-06	2.13e-03	9.98e-01	0.00e+00	0.00e+00	0.00e+00	0.00e+00	0.00e+00
 6.47830e+13	2.67e-27	1.01e-20	7.49e-15	5.81e-10	4.06e-06	2.29e-03	9.98e-01	0.00e+00	0.00e+00	0.00e+00	0.00e+00	0.00e+00
 6.74042e+13	4.19e-27	1.47e-20	1.02e-14	7.34e-10	4.74e-06	2.48e-03	9.98e-01	0.00e+00	0.00e+00	0.00e+00	0.00e+00	0.00e+00
 6.98936e+13	6.33e-27	2.08e-20	1.35e-14	9.10e-10	5.48e-06	2.67e-03	9.97e-01	0.00e+00	0.00e+00	0.00e+00	0.00e+00	0.00e+00
 7.21627e+13	9.10e-27	2.83e-20	1.73e-14	1.10e-09	6.21e-06	2.85e-03	9.97e-01	0.00e+00	0.00e+00	0.00e+00	0.00e+00	0.00e+00
 7.47297e+13	1.35e-26	3.95e-20	2.27e-14	1.35e-09	7.13e-06	3.06e-03	9.97e-01	0.00e+00	0.00e+00	0.00e+00	0.00e+00	0.00e+00
 7.77191e+13	2.12e-26	5.75e-20	3.08e-14	1.70e-09	8.33e-06	3.31e-03	9.97e-01	0.00e+00	0.00e+00	0.00e+00	0.00e+00	0.00e+00
 8.05879e+13	3.21e-26	8.15e-20	4.08e-14	2.11e-09	9.61e-06	3.57e-03	9.96e-01	0.00e+00	0.00e+00	0.00e+00	0.00e+00	0.00e+00
 8.29642e+13	4.48e-26	1.08e-19	5.12e-14	2.50e-09	1.08e-05	3.78e-03	9.96e-01	0.00e+00	0.00e+00	0.00e+00	0.00e+00	0.00e+00
 8.53705e+13	6.22e-26	1.42e-19	6.40e-14	2.97e-09	1.21e-05	4.01e-03	9.96e-01	0.00e+00	0.00e+00	0.00e+00	0.00e+00	0.00e+00
 8.84802e+13	9.37e-26	2.00e-19	8.45e-14	3.67e-09	1.39e-05	4.31e-03	9.96e-01	0.00e+00	0.00e+00	0.00e+00	0.00e+00	0.00e+00
 9.16972e+13	1.41e-25	2.83e-19	1.12e-13	4.53e-09	1.60e-05	4.63e-03	9.95e-01	0.00e+00	0.00e+00	0.00e+00	0.00e+00	0.00e+00
 9.44247e+13	1.98e-25	3.76e-19	1.41e-13	5.39e-09	1.80e-05	4.91e-03	9.95e-01	0.00e+00	0.00e+00	0.00e+00	0.00e+00	0.00e+00
 9.73227e+13	2.81e-25	5.04e-19	1.78e-13	6.44e-09	2.03e-05	5.22e-03	9.95e-01	0.00e+00	0.00e+00	0.00e+00	0.00e+00	0.00e+00
 1.00955e+14	4.28e-25	7.18e-19	2.37e-13	8.00e-09	2.34e-05	5.62e-03	9.94e-01	0.00e+00	0.00e+00	0.00e+00	0.00e+00	0.00e+00
 1.04696e+14	6.53e-25	1.02e-18	3.15e-13	9.93e-09	2.71e-05	6.05e-03	9.94e-01	0.00e+00	0.00e+00	0.00e+00	0.00e+00	0.00e+00
 1.07991e+14	9.35e-25	1.38e-18	4.02e-13	1.19e-08	3.06e-05	6.43e-03	9.94e-01	0.00e+00	0.00e+00	0.00e+00	0.00e+00	0.00e+00
 1.11551e+14	1.36e-24	1.89e-18	5.18e-13	1.45e-08	3.48e-05	6.87e-03	9.93e-01	0.00e+00	0.00e+00	0.00e+00	0.00e+00	0.00e+00
 1.15849e+14	2.10e-24	2.73e-18	6.97e-13	1.81e-08	4.04e-05	7.41e-03	9.93e-01	0.00e+00	0.00e+00	0.00e+00	0.00e+00	0.00e+00
 1.20113e+14	3.19e-24	3.87e-18	9.25e-13	2.24e-08	4.66e-05	7.97e-03	9.92e-01	0.00e+00	0.00e+00	0.00e+00	0.00e+00	0.00e+00
 1.23901e+14	4.57e-24	5.24e-18	1.18e-12	2.69e-08	5.27e-05	8.48e-03	9.91e-01	0.00e+00	0.00e+00	0.00e+00	0.00e+00	0.00e+00
 1.28065e+14	6.69e-24	7.21e-18	1.53e-12	3.27e-08	6.00e-05	9.07e-03	9.91e-01	0.00e+00	0.00e+00	0.00e+00	0.00e+00	0.00e+00
 1.33042e+14	1.04e-23	1.04e-17	2.06e-12	4.10e-08	6.98e-05	9.79e-03	9.90e-01	0.00e+00	0.00e+00	0.00e+00	0.00e+00	0.00e+00
 1.37985e+14	1.58e-23	1.48e-17	2.73e-12	5.09e-08	8.06e-05	1.05e-02	9.89e-01	0.00e+00	0.00e+00	0.00e+00	0.00e+00	0.00e+00
 1.42480e+14	2.28e-23	2.02e-17	3.51e-12	6.16e-08	9.15e-05	1.12e-02	9.89e-01	0.00e+00	0.00e+00	0.00e+00	0.00e+00	0.00e+00
 1.47485e+14	3.38e-23	2.81e-17	4.60e-12	7.56e-08	1.05e-04	1.21e-02	9.88e-01	0.00e+00	0.00e+00	0.00e+00	0.00e+00	0.00e+00
 1.53334e+14	5.26e-23	4.08e-17	6.22e-12	9.51e-08	1.22e-04	1.31e-02	9.87e-01	0.00e+00	0.00e+00	0.00e+00	0.00e+00	0.00e+00
 1.59091e+14	7.99e-23	5.81e-17	8.29e-12	1.18e-07	1.42e-04	1.41e-02	9.86e-01	0.00e+00	0.00e+00	0.00e+00	0.00e+00	0.00e+00
 1.64494e+14	1.17e-22	7.99e-17	1.07e-11	1.44e-07	1.62e-04	1.51e-02	9.85e-01	0.00e+00	0.00e+00	0.00e+00	0.00e+00	0.00e+00
 1.70521e+14	1.74e-22	1.12e-16	1.42e-11	1.78e-07	1.86e-04	1.62e-02	9.84e-01	0.00e+00	0.00e+00	0.00e+00	0.00e+00	0.00e+00
 1.77371e+14	2.71e-22	1.63e-16	1.92e-11	2.25e-07	2.17e-04	1.76e-02	9.82e-01	0.00e+00	0.00e+00	0.00e+00	0.00e+00	0.00e+00
 1.84200e+14	4.12e-22	2.33e-16	2.57e-11	2.81e-07	2.52e-04	1.90e-02	9.81e-01	0.00e+00	0.00e+00	0.00e+00	0.00e+00	0.00e+00
 1.91302e+14	6.25e-22	3.32e-16	3.44e-11	3.52e-07	2.93e-04	2.05e-02	9.79e-01	0.00e+00	0.00e+00	0.00e+00	0.00e+00	0.00e+00
 1.98773e+14	9.50e-22	4.74e-16	4.61e-11	4.41e-07	3.41e-04	2.22e-02	9.77e-01	0.00e+00	0.00e+00	0.00e+00	0.00e+00	0.00e+00
 2.05075e+14	1.34e-21	6.35e-16	5.86e-11	5.30e-07	3.85e-04	2.37e-02	9.76e-01	0.00e+00	0.00e+00	0.00e+00	0.00e+00	0.00e+00
 2.10001e+14	1.73e-21	7.90e-16	7.02e-11	6.09e-07	4.23e-04	2.49e-02	9.75e-01	0.00e+00	0.00e+00	0.00e+00	0.00e+00	0.00e+00
 2.15357e+14	2.26e-21	9.96e-16	8.50e-11	7.06e-07	4.67e-04	2.63e-02	9.73e-01	0.00e+00	0.00e+00	0.00e+00	0.00e+00	0.00e+00
 2.22321e+14	3.18e-21	1.33e-15	1.08e-10	8.52e-07	5.29e-04	2.81e-02	9.71e-01	0.00e+00	0.00e+00	0.00e+00	0.00e+00	0.00e+00
 2.29860e+14	4.53e-21	1.81e-15	1.39e-10	1.04e-06	6.03e-04	3.01e-02	9.69e-01	0.00e+00	0.00e+00	0.00e+00	0.00e+00	0.00e+00
 2.36650e+14	6.15e-21	2.35e-15	1.73e-10	1.23e-06	6.76e-04	3.20e-02	9.67e-01	0.00e+00	0.00e+00	0.00e+00	0.00e+00	0.00e+00
 2.43980e+14	8.45e-21	3.10e-15	2.18e-10	1.47e-06	7.61e-04	3.41e-02	9.65e-01	0.00e+00	0.00e+00	0.00e+00	0.00e+00	0.00e+00
 2.53100e+14	1.24e-20	4.32e-15	2.88e-10	1.82e-06	8.79e-04	3.69e-02	9.62e-01	0.00e+00	0.00e+00	0.00e+00	0.00e+00	0.00e+00
 2.62284e+14	1.79e-20	5.94e-15	3.76e-10	2.25e-06	1.01e-03	3.98e-02	9.59e-01	0.00e+00	0.00e+00	0.00e+00	0.00e+00	0.00e+00
 2.70246e+14	2.43e-20	7.76e-15	4.71e-10	2.68e-06	1.13e-03	4.24e-02	9.56e-01	0.00e+00	0.00e+00	0.00e+00	0.00e+00	0.00e+00
 2.78883e+14	3.33e-20	1.02e-14	5.95e-10	3.22e-06	1.28e-03	4.53e-02	9.53e-01	0.00e+00	0.00e+00	0.00e+00	0.00e+00	0.00e+00
 2.89454e+14	4.86e-20	1.43e-14	7.86e-10	4.00e-06	1.48e-03	4.91e-02	9.49e-01	0.00e+00	0.00e+00	0.00e+00	0.00e+00	0.00e+00
 3.00142e+14	7.01e-20	1.97e-14	1.03e-09	4.94e-06	1.70e-03	5.30e-02	9.45e-01	0.00e+00	0.00e+00	0.00e+00	0.00e+00	0.00e+00
 3.09676e+14	9.58e-20	2.59e-14	1.30e-09	5.93e-06	1.92e-03	5.66e-02	9.41e-01	0.00e+00	0.00e+00	0.00e+00	0.00e+00	0.00e+00
 3.20107e+14	1.33e-19	3.47e-14	1.67e-09	7.20e-06	2.18e-03	6.07e-02	9.37e-01	0.00e+00	0.00e+00	0.00e+00	0.00e+00	0.00e+00
 3.32538e+14	1.95e-19	4.85e-14	2.21e-09	8.99e-06	2.52e-03	6.59e-02	9.32e-01	0.00e+00	0.00e+00	0.00e+00	0.00e+00	0.00e+00
 3.44821e+14	2.79e-19	6.68e-14	2.90e-09	1.11e-05	2.90e-03	7.11e-02	9.26e-01	0.00e+00	0.00e+00	0.00e+00	0.00e+00	0.00e+00
 3.55953e+14	3.82e-19	8.83e-14	3.68e-09	1.33e-05	3.27e-03	7.60e-02	9.21e-01	0.00e+00	0.00e+00	0.00e+00	0.00e+00	0.00e+00
 3.68339e+14	5.35e-19	1.19e-13	4.75e-09	1.63e-05	3.72e-03	8.16e-02	9.15e-01	0.00e+00	0.00e+00	0.00e+00	0.00e+00	0.00e+00
 3.82861e+14	7.84e-19	1.68e-13	6.33e-09	2.04e-05	4.31e-03	8.85e-02	9.07e-01	0.00e+00	0.00e+00	0.00e+00	0.00e+00	0.00e+00
 3.97157e+14	1.13e-18	2.32e-13	8.33e-09	2.52e-05	4.94e-03	9.54e-02	9.00e-01	0.00e+00	0.00e+00	0.00e+00	0.00e+00	0.00e+00
 4.10491e+14	1.56e-18	3.11e-13	1.07e-08	3.04e-05	5.59e-03	1.02e-01	8.92e-01	0.00e+00	0.00e+00	0.00e+00	0.00e+00	0.00e+00
 4.25408e+14	2.23e-18	4.27e-13	1.39e-08	3.74e-05	6.38e-03	1.10e-01	8.84e-01	0.00e+00	0.00e+00	0.00e+00	0.00e+00	0.00e+00
 4.42455e+14	3.29e-18	6.07e-13	1.87e-08	4.69e-05	7.38e-03	1.19e-01	8.74e-01	0.00e+00	0.00e+00	0.00e+00	0.00e+00	0.00e+00
 4.59308e+14	4.79e-18	8.47e-13	2.47e-08	5.81e-05	8.47e-03	1.28e-01	8.64e-01	0.00e+00	0.00e+00	0.00e+00	0.00e+00	0.00e+00
 4.76835e+14	6.97e-18	1.19e-12	3.28e-08	7.20e-05	9.72e-03	1.38e-01	8.53e-01	0.00e+00	0.00e+00	0.00e+00	0.00e+00	0.00e+00
 4.92752e+14	9.71e-18	1.59e-12	4.19e-08	8.68e-05	1.10e-02	1.47e-01	8.42e-01	0.00e+00	0.00e+00	0.00e+00	0.00e+00	0.00e+00
 5.04668e+14	1.24e-17	1.98e-12	5.02e-08	9.94e-05	1.19e-02	1.54e-01	8.34e-01	0.00e+00	0.00e+00	0.00e+00	0.00e+00	0.00e+00
 5.17004e+14	1.58e-17	2.46e-12	6.02e-08	1.14e-04	1.30e-02	1.61e-01	8.26e-01	0.00e+00	0.00e+00	0.00e+00	0.00e+00	0.00e+00
 5.33041e+14	2.16e-17	3.25e-12	7.57e-08	1.36e-04	1.45e-02	1.70e-01	8.15e-01	0.00e+00	0.00e+00	0.00e+00	0.00e+00	0.00e+00
 5.50470e+14	3.06e-17	4.36e-12	9.65e-08	1.63e-04	1.63e-02	1.81e-01	8.03e-01	0.00e+00	0.00e+00	1.76e-17	9.20e-18	3.08e-18
 5.66246e+14	4.09e-17	5.64e-12	1.19e-07	1.91e-04	1.80e-02	1.90e-01	7.92e-01	0.00e+00	0.00e+00	2.35e-17	1.24e-17	4.13e-18
 5.83296e+14	5.56e-17	7.39e-12	1.49e-07	2.25e-04	2.00e-02	2.00e-01	7.79e-01	0.00e+00	0.00e+00	3.19e-17	1.68e-17	5.59e-18
 6.04806e+14	8.11e-17	1.03e-11	1.96e-07	2.76e-04	2.27e-02	2.13e-01	7.64e-01	0.00e+00	0.00e+00	4.67e-17	2.45e-17	8.12e-18
 6.26474e+14	1.17e-16	1.42e-11	2.55e-07	3.35e-04	2.56e-02	2.26e-01	7.48e-01	0.00e+00	0.00e+00	6.75e-17	3.54e-17	1.17e-17
 6.44809e+14	1.59e-16	1.86e-11	3.16e-07	3.93e-04	2.83e-02	2.37e-01	7.34e-01	0.00e+00	0.00e+00	9.15e-17	4.79e-17	1.58e-17
 6.64453e+14	2.17e-16	2.45e-11	3.96e-07	4.63e-04	3.13e-02	2.49e-01	7.19e-01	0.00e+00	0.00e+00	1.25e-16	6.56e-17	2.16e-17
 6.89081e+14	3.20e-16	3.42e-11	5.19e-07	5.65e-04	3.54e-02	2.64e-01	7.00e-01	0.00e+00	0.00e+00	1.85e-16	9.65e-17	3.18e-17
 7.14895e+14	4.74e-16	4.81e-11	6.82e-07	6.90e-04	3.99e-02	2.79e-01	6.80e-01	0.00e+00	0.00e+00	2.74e-16	1.43e-16	4.69e-17
 7.38280e+14	6.68e-16	6.45e-11	8.65e-07	8.19e-04	4.43e-02	2.93e-01	6.62e-01	0.00e+00	0.00e+00	3.86e-16	2.01e-16	6.59e-17
 7.63806e+14	9.62e-16	8.83e-11	1.11e-06	9.82e-04	4.95e-02	3.07e-01	6.43e-01	0.00e+00	0.00e+00	5.57e-16	2.90e-16	9.47e-17
 7.93813e+14	1.46e-15	1.26e-10	1.48e-06	1.20e-03	5.59e-02	3.23e-01	6.19e-01	0.00e+00	0.00e+00	8.46e-16	4.40e-16	1.43e-16
 8.23098e+14	2.16e-15	1.75e-10	1.92e-06	1.45e-03	6.26e-02	3.39e-01	5.97e-01	0.00e+00	0.00e+00	1.25e-15	6.50e-16	2.11e-16
 8.49989e+14	3.07e-15	2.35e-10	2.43e-06	1.72e-03	6.91e-02	3.52e-01	5.77e-01	0.00e+00	0.00e+00	1.78e-15	9.24e-16	3.00e-16
 8.80316e+14	4.49e-15	3.24e-10	3.12e-06	2.05e-03	7.68e-02	3.67e-01	5.54e-01	0.00e+00	0.00e+00	2.60e-15	1.35e-15	4.38e-16
 9.15422e+14	6.88e-15	4.63e-10	4.13e-06	2.50e-03	8.62e-02	3.83e-01	5.29e-01	0.00e+00	0.00e+00	3.99e-15	2.07e-15	6.71e-16
 9.49812e+14	1.03e-14	6.47e-10	5.37e-06	3.01e-03	9.58e-02	3.97e-01	5.04e-01	0.00e+00	0.00e+00	5.98e-15	3.11e-15	1.00e-15
 9.82474e+14	1.50e-14	8.78e-10	6.82e-06	3.56e-03	1.05e-01	4.10e-01	4.81e-01	0.00e+00	0.00e+00	8.68e-15	4.51e-15	1.46e-15
 1.01109e+15	2.05e-14	1.14e-09	8.35e-06	4.09e-03	1.14e-01	4.20e-01	4.61e-01	0.00e+00	0.00e+00	1.19e-14	6.18e-15	1.99e-15
 1.03481e+15	2.64e-14	1.40e-09	9.81e-06	4.58e-03	1.22e-01	4.28e-01	4.46e-01	0.00e+00	0.00e+00	1.53e-14	7.97e-15	2.57e-15
 1.06092e+15	3.48e-14	1.75e-09	1.17e-05	5.15e-03	1.30e-01	4.36e-01	4.29e-01	0.00e+00	0.00e+00	2.02e-14	1.05e-14	3.38e-15
 1.09486e+15	4.91e-14	2.31e-09	1.45e-05	5.98e-03	1.41e-01	4.46e-01	4.07e-01	0.00e+00	0.00e+00	2.85e-14	1.48e-14	4.77e-15
 1.13068e+15	6.99e-14	3.07e-09	1.80e-05	6.94e-03	1.53e-01	4.55e-01	3.85e-01	0.00e+00	0.00e+00	4.06e-14	2.11e-14	6.78e-15
 1.16147e+15	9.39e-14	3.89e-09	2.16e-05	7.86e-03	1.64e-01	4.61e-01	3.67e-01	0.00e+00	0.00e+00	5.45e-14	2.84e-14	9.11e-15
 1.19405e+15	1.27e-13	4.94e-09	2.60e-05	8.90e-03	1.75e-01	4.67e-01	3.49e-01	0.00e+00	0.00e+00	7.39e-14	3.84e-14	1.23e-14
 1.23640e+15	1.87e-13	6.70e-09	3.28e-05	1.04e-02	1.90e-01	4.74e-01	3.26e-01	0.00e+00	0.00e+00	1.08e-13	5.64e-14	1.81e-14
 1.27999e+15	2.72e-13	9.02e-09	4.11e-05	1.21e-02	2.05e-01	4.79e-01	3.04e-01	0.00e+00	0.00e+00	1.58e-13	8.22e-14	2.63e-14
 1.31629e+15	3.69e-13	1.15e-08	4.94e-05	1.37e-02	2.18e-01	4.81e-01	2.86e-01	0.00e+00	0.00e+00	2.14e-13	1.11e-13	3.57e-14
 1.35454e+15	5.04e-13	1.46e-08	5.94e-05	1.54e-02	2.32e-01	4.83e-01	2.69e-01	0.00e+00	0.00e+00	2.93e-13	1.52e-13	4.88e-14
 1.40371e+15	7.42e-13	1.97e-08	7.45e-05	1.79e-02	2.50e-01	4.84e-01	2.48e-01	0.00e+00	0.00e+00	4.31e-13	2.24e-13	7.19e-14
 1.45540e+15	1.10e-12	2.67e-08	9.36e-05	2.07e-02	2.68e-01	4.84e-01	2.27e-01	0.00e+00	0.00e+00	6.36e-13	3.31e-13	1.06e-13
 1.50055e+15	1.52e-12	3.44e-08	1.13e-04	2.35e-02	2.84e-01	4.82e-01	2.10e-01	0.00e+00	0.00e+00	8.83e-13	4.60e-13	1.47e-13
 1.54883e+15	2.13e-12	4.46e-08	1.38e-04	2.65e-02	3.01e-01	4.78e-01	1.94e-01	0.00e+00	0.00e+00	1.24e-12	6.45e-13	2.07e-13
 1.60766e+15	3.18e-12	6.05e-08	1.73e-04	3.07e-02	3.21e-01	4.73e-01	1.75e-01	0.00e+00	0.00e+00	1.85e-12	9.61e-13	3.08e-13
 1.66607e+15	4.62e-12	8.05e-08	2.14e-04	3.51e-02	3.41e-01	4.66e-01	1.58e-01	0.00e+00	0.00e+00	2.68e-12	1.40e-12	4.47e-13
 1.71768e+15	6.35e-12	1.03e-07	2.57e-04	3.92e-02	3.57e-01	4.58e-01	1.45e-01	0.00e+00	0.00e+00	3.69e-12	1.92e-12	6.16e-13
 1.77454e+15	8.93e-12	1.33e-07	3.11e-04	4.41e-02	3.75e-01	4.49e-01	1.31e-01	0.00e+00	0.00e+00	5.19e-12	2.70e-12	8.65e-13
 1.84283e+15	1.32e-11	1.79e-07	3.88e-04	5.04e-02	3.95e-01	4.38e-01	1.17e-01	0.00e+00	0.00e+00	7.69e-12	4.00e-12	1.28e-12
 1.90777e+15	1.89e-11	2.34e-07	4.73e-04	5.68e-02	4.13e-01	4.25e-01	1.04e-01	0.00e+00	0.00e+00	1.10e-11	5.71e-12	1.83e-12
 1.96234e+15	2.52e-11	2.91e-07	5.55e-04	6.25e-02	4.28e-01	4.15e-01	9.46e-02	0.00e+00	0.00e+00	1.47e-11	7.64e-12	2.45e-12
 2.01157e+15	3.25e-11	3.53e-07	6.39e-04	6.78e-02	4.40e-01	4.05e-01	8.69e-02	0.00e+00	0.00e+00	1.89e-11	9.85e-12	3.16e-12
 2.06551e+15	4.27e-11	4.32e-07	7.40e-04	7.39e-02	4.53e-01	3.93e-01	7.91e-02	0.00e+00	0.00e+00	2.49e-11	1.30e-11	4.15e-12
 2.12560e+15	5.73e-11	5.38e-07	8.68e-04	8.09e-02	4.66e-01	3.81e-01	7.12e-02	0.00e+00	0.00e+00	3.33e-11	1.74e-11	5.56e-12
 2.18210e+15	7.46e-11	6.56e-07	1.00e-03	8.78e-02	4.78e-01	3.69e-01	6.45e-02	0.00e+00	0.00e+00	4.34e-11	2.26e-11	7.25e-12
 2.24396e+15	9.93e-11	8.12e-07	1.17e-03	9.57e-02	4.90e-01	3.55e-01	5.79e-02	0.00e+00	0.00e+00	5.78e-11	3.01e-11	9.65e-12
 2.31197e+15	1.34e-10	1.02e-06	1.37e-03	1.05e-01	5.02e-01	3.41e-01	5.15e-02	0.00e+00	0.00e+00	7.79e-11	4.06e-11	1.30e-11
 2.37496e+15	1.75e-10	1.24e-06	1.58e-03	1.13e-01	5.11e-01	3.28e-01	4.62e-02	0.00e+00	0.00e+00	1.02e-10	5.30e-11	1.70e-11
 2.44384e+15	2.33e-10	1.53e-06	1.84e-03	1.23e-01	5.21e-01	3.13e-01	4.10e-02	0.00e+00	0.00e+00	1.36e-10	7.08e-11	2.27e-11
 2.52018e+15	3.15e-10	1.92e-06	2.16e-03	1.34e-01	5.30e-01	2.97e-01	3.60e-02	0.00e+00	0.00e+00	1.83e-10	9.57e-11	3.07e-11
 2.59226e+15	4.15e-10	2.36e-06	2.50e-03	1.45e-01	5.38e-01	2.83e-01	3.18e-02	0.00e+00	0.00e+00	2.41e-10	1.26e-10	4.04e-11
 2.67200e+15	5.61e-10	2.95e-06	2.93e-03	1.57e-01	5.45e-01	2.67e-01	2.77e-02	0.00e+00	0.00e+00	3.26e-10	1.70e-10	5.47e-11
 2.75893e+15	7.63e-10	3.71e-06	3.45e-03	1.71e-01	5.51e-01	2.51e-01	2.39e-02	0.00e+00	0.00e+00	4.44e-10	2.32e-10	7.43e-11
 2.83754e+15	9.93e-10	4.53e-06	3.97e-03	1.83e-01	5.55e-01	2.37e-01	2.10e-02	0.00e+00	0.00e+00	5.78e-10	3.02e-10	9.69e-11
 2.92206e+15	1.32e-09	5.61e-06	4.61e-03	1.97e-01	5.58e-01	2.22e-01	1.82e-02	0.00e+00	0.00e+00	7.71e-10	4.03e-10	1.29e-10
 3.01584e+15	1.78e-09	7.00e-06	5.40e-03	2.13e-01	5.59e-01	2.07e-01	1.55e-02	0.00e+00	0.00e+00	1.04e-09	5.42e-10	1.74e-10
 3.10386e+15	2.33e-09	8.55e-06	6.22e-03	2.27e-01	5.60e-01	1.94e-01	1.34e-02	0.00e+00	0.00e+00	1.35e-09	7.07e-10	2.28e-10
 3.20047e+15	3.13e-09	1.07e-05	7.25e-03	2.44e-01	5.58e-01	1.79e-01	1.14e-02	0.00e+00	0.00e+00	1.82e-09	9.52e-10	3.06e-10
 3.30584e+15	4.20e-09	1.33e-05	8.48e-03	2.62e-01	5.55e-01	1.65e-01	9.60e-03	0.00e+00	0.00e+00	2.45e-09	1.28e-09	4.12e-10
 3.39705e+15	5.35e-09	1.60e-05	9.66e-03	2.78e-01	5.51e-01	1.53e-01	8.28e-03	0.00e+00	0.00e+00	3.12e-09	1.63e-09	5.25e-10
 3.47687e+15	6.62e-09	1.88e-05	1.08e-02	2.92e-01	5.47e-01	1.43e-01	7.27e-03	0.00e+00	0.00e+00	3.86e-09	2.02e-09	6.50e-10
 3.56744e+15	8.45e-09	2.25e-05	1.23e-02	3.07e-01	5.41e-01	1.33e-01	6.26e-03	0.00e+00	0.00e+00	4.92e-09	2.57e-09	8.31e-10
 3.66356e+15	1.07e-08	2.70e-05	1.40e-02	3.24e-01	5.34e-01	1.23e-01	5.35e-03	0.00e+00	0.00e+00	6.25e-09	3.27e-09	1.06e-09
 3.75055e+15	1.32e-08	3.16e-05	1.56e-02	3.39e-01	5.27e-01	1.14e-01	4.65e-03	0.00e+00	0.00e+00	7.70e-09	4.03e-09	1.30e-09
 3.83450e+15	1.61e-08	3.67e-05	1.74e-02	3.53e-01	5.19e-01	1.06e-01	4.07e-03	0.00e+00	0.00e+00	9.39e-09	4.92e-09	1.59e-09
 3.93086e+15	2.04e-08	4.38e-05	1.96e-02	3.70e-01	5.09e-01	9.75e-02	3.47e-03	0.00e+00	0.00e+00	1.19e-08	6.22e-09	2.01e-09
 4.03799e+15	2.60e-08	5.27e-05	2.23e-02	3.88e-01	4.98e-01	8.87e-02	2.92e-03	0.00e+00	0.00e+00	1.52e-08	7.94e-09	2.57e-09
 4.13809e+15	3.23e-08	6.21e-05	2.51e-02	4.05e-01	4.86e-01	8.12e-02	2.49e-03	0.00e+00	0.00e+00	1.88e-08	9.84e-09	3.19e-09
 4.23031e+15	3.95e-08	7.23e-05	2.79e-02	4.20e-01	4.75e-01	7.48e-02	2.14e-03	0.00e+00	0.00e+00	2.30e-08	1.20e-08	3.90e-09
 4.33334e+15	4.96e-08	8.58e-05	3.14e-02	4.36e-01	4.62e-01	6.80e-02	1.81e-03	0.00e+00	0.00e+00	2.89e-08	1.51e-08	4.91e-09
 4.44806e+15	6.32e-08	1.03e-04	3.58e-02	4.54e-01	4.47e-01	6.11e-02	1.50e-03	0.00e+00	0.00e+00	3.68e-08	1.93e-08	6.26e-09
 4.55480e+15	7.80e-08	1.21e-04	4.02e-02	4.70e-01	4.33e-01	5.53e-02	1.26e-03	0.00e+00	0.00e+00	4.54e-08	2.38e-08	7.73e-09
 4.65291e+15	9.51e-08	1.41e-04	4.47e-02	4.84e-01	4.19e-01	5.04e-02	1.08e-03	0.00e+00	0.00e+00	5.54e-08	2.90e-08	9.44e-09
 4.76298e+15	1.20e-07	1.68e-04	5.04e-02	5.00e-01	4.03e-01	4.51e-02	8.94e-04	0.00e+00	0.00e+00	7.00e-08	3.67e-08	1.19e-08
 4.88342e+15	1.53e-07	2.02e-04	5.74e-02	5.16e-01	3.86e-01	4.00e-02	7.31e-04	0.00e+00	0.00e+00	8.93e-08	4.69e-08	1.53e-08
 4.99265e+15	1.90e-07	2.38e-04	6.44e-02	5.29e-01	3.69e-01	3.58e-02	6.09e-04	0.00e+00	0.00e+00	1.10e-07	5.80e-08	1.89e-08
 5.09441e+15	2.31e-07	2.77e-04	7.16e-02	5.41e-01	3.54e-01	3.22e-02	5.13e-04	0.00e+00	0.00e+00	1.35e-07	7.07e-08	2.30e-08
 5.21114e+15	2.99e-07	3.35e-04	8.14e-02	5.54e-01	3.36e-01	2.83e-02	4.15e-04	0.00e+00	0.00e+00	1.74e-07	9.14e-08	2.98e-08
 5.32908e+15	3.71e-07	3.97e-04	9.19e-02	5.65e-01	3.18e-01	2.50e-02	3.39e-04	0.00e+00	0.00e+00	2.16e-07	1.14e-07	3.71e-08
 5.42777e+15	4.54e-07	4.62e-04	1.02e-01	5.73e-01	3.02e-01	2.23e-02	2.84e-04	0.00e+00	0.00e+00	2.64e-07	1.39e-07	4.53e-08
 5.52059e+15	5.51e-07	5.35e-04	1.13e-01	5.79e-01	2.87e-01	2.00e-02	2.39e-04	0.00e+00	0.00e+00	3.21e-07	1.68e-07	5.50e-08
 5.62660e+15	7.03e-07	6.41e-04	1.27e-01	5.85e-01	2.70e-01	1.75e-02	1.94e-04	0.00e+00	0.00e+00	4.09e-07	2.15e-07	7.03e-08
 5.73571e+15	8.72e-07	7.57e-04	1.43e-01	5.89e-01	2.52e-01	1.52e-02	1.57e-04	0.00e+00	0.00e+00	5.08e-07	2.67e-07	8.73e-08
 5.82874e+15	1.07e-06	8.84e-04	1.58e-01	5.91e-01	2.37e-01	1.34e-02	1.30e-04	0.00e+00	0.00e+00	6.23e-07	3.28e-07	1.07e-07
 5.90512e+15	1.27e-06	1.01e-03	1.72e-01	5.90e-01	2.24e-01	1.21e-02	1.11e-04	0.00e+00	0.00e+00	7.41e-07	3.90e-07	1.28e-07
 5.96684e+15	1.47e-06	1.12e-03	1.85e-01	5.89e-01	2.14e-01	1.10e-02	9.71e-05	0.00e+00	0.00e+00	8.53e-07	4.49e-07	1.47e-07
 6.03394e+15	1.72e-06	1.26e-03	2.00e-01	5.87e-01	2.02e-01	9.96e-03	8.34e-05	0.00e+00	0.00e+00	1.00e-06	5.26e-07	1.72e-07
 6.10901e+15	2.00e-06	1.42e-03	2.18e-01	5.82e-01	1.90e-01	8.87e-03	7.05e-05	0.00e+00	0.00e+00	1.16e-06	6.12e-07	2.01e-07
 6.18263e+15	2.40e-06	1.62e-03	2.37e-01	5.76e-01	1.77e-01	7.83e-03	5.90e-05	0.00e+00	0.00e+00	1.40e-06	7.35e-07	2.41e-07
 6.25025e+15	2.94e-06	1.88e-03	2.58e-01	5.68e-01	1.65e-01	6.92e-03	4.92e-05	0.00e+00	0.00e+00	1.71e-06	9.01e-07	2.96e-07
 6.30607e+15	3.39e-06	2.09e-03	2.76e-01	5.60e-01	1.56e-01	6.24e-03	4.25e-05	0.00e+00	0.00e+00	1.97e-06	1.04e-06	3.41e-07
 6.36287e+15	3.98e-06	2.35e-03	2.96e-01	5.51e-01	1.45e-01	5.57e-03	3.61e-05	0.00e+00	0.00e+00	2.32e-06	1.22e-06	4.01e-07
 6.42688e+15	4.60e-06	2.62e-03	3.19e-01	5.39e-01	1.34e-01	4.89e-03	3.03e-05	0.00e+00	0.00e+00	2.68e-06	1.41e-06	4.63e-07
 6.50028e+15	6.02e-06	3.16e-03	3.52e-01	5.20e-01	1.21e-01	4.09e-03	2.35e-05	0.00e+00	0.00e+00	3.50e-06	1.85e-06	6.06e-07
 6.56638e+15	7.11e-06	3.58e-03	3.81e-01	5.03e-01	1.10e-01	3.52e-03	1.92e-05	0.00e+00	0.00e+00	4.14e-06	2.18e-06	7.17e-07
 6.61369e+15	8.02e-06	3.91e-03	4.03e-01	4.88e-01	1.02e-01	3.13e-03	1.63e-05	0.00e+00	0.00e+00	4.66e-06	2.46e-06	8.08e-07
 6.66589e+15	9.46e-06	4.40e-03	4.31e-01	4.70e-01	9.24e-02	2.70e-03	1.34e-05	0.00e+00	0.00e+00	5.50e-06	2.90e-06	9.54e-07
 6.72426e+15	1.14e-05	5.01e-03	4.63e-01	4.48e-01	8.25e-02	2.27e-03	1.06e-05	0.00e+00	0.00e+00	6.62e-06	3.49e-06	1.15e-06
 6.77817e+15	1.36e-05	5.68e-03	4.94e-01	4.25e-01	7.36e-02	1.91e-03	8.43e-06	0.00e+00	0.00e+00	7.92e-06	4.18e-06	1.38e-06
 6.82585e+15	1.67e-05	6.52e-03	5.25e-01	4.01e-01	6.56e-02	1.60e-03	6.64e-06	0.00e+00	0.00e+00	9.73e-06	5.14e-06	1.69e-06
 6.86744e+15	1.86e-05	7.03e-03	5.49e-01	3.83e-01	5.94e-02	1.39e-03	5.54e-06	0.00e+00	0.00e+00	1.08e-05	5.70e-06	1.88e-06
 6.91105e+15	2.25e-05	7.99e-03	5.79e-01	3.59e-01	5.25e-02	1.16e-03	4.34e-06	0.00e+00	0.00e+00	1.31e-05	6.90e-06	2.28e-06
 6.95785e+15	2.57e-05	8.76e-03	6.09e-01	3.35e-01	4.60e-02	9.59e-04	3.41e-06	0.00e+00	0.00e+00	1.50e-05	7.89e-06	2.61e-06
 7.00883e+15	3.10e-05	9.94e-03	6.43e-01	3.07e-01	3.90e-02	7.57e-04	2.52e-06	0.00e+00	0.00e+00	1.81e-05	9.53e-06	3.15e-06
 7.06248e+15	3.79e-05	1.13e-02	6.78e-01	2.77e-01	3.24e-02	5.83e-04	1.80e-06	0.00e+00	0.00e+00	2.20e-05	1.16e-05	3.85e-06
 7.10778e+15	4.66e-05	1.29e-02	7.09e-01	2.51e-01	2.73e-02	4.54e-04	1.30e-06	0.00e+00	0.00e+00	2.71e-05	1.43e-05	4.74e-06
 7.14566e+15	5.38e-05	1.41e-02	7.32e-01	2.30e-01	2.35e-02	3.68e-04	9.93e-07	0.00e+00	0.00e+00	3.13e-05	1.65e-05	5.47e-06
 7.17711e+15	6.06e-05	1.52e-02	7.51e-01	2.13e-01	2.06e-02	3.06e-04	0.00e+00	0.00e+00	0.00e+00	3.53e-05	1.86e-05	6.17e-06
 7.20497e+15	6.64e-05	1.61e-02	7.67e-01	1.99e-01	1.83e-02	2.59e-04	0.00e+00	0.00e+00	0.00e+00	3.86e-05	2.04e-05	6.76e-06
 7.23679e+15	7.53e-05	1.74e-02	7.84e-01	1.82e-01	1.57e-02	2.11e-04	0.00e+00	0.00e+00	0.00e+00	4.38e-05	2.31e-05	7.67e-06
 7.27175e+15	8.85e-05	1.92e-02	8.03e-01	1.64e-01	1.32e-02	1.65e-04	0.00e+00	0.00e+00	0.00e+00	5.14e-05	2.72e-05	9.02e-06
 7.30137e+15	9.85e-05	2.05e-02	8.17e-01	1.51e-01	1.15e-02	1.36e-04	0.00e+00	0.00e+00	0.00e+00	5.73e-05	3.03e-05	1.00e-05
 7.33044e+15	1.11e-04	2.20e-02	8.31e-01	1.37e-01	9.83e-03	1.09e-04	0.00e+00	0.00e+00	0.00e+00	6.47e-05	3.42e-05	1.14e-05
 7.36824e+15	1.29e-04	2.40e-02	8.47e-01	1.21e-01	7.99e-03	8.18e-05	0.00e+00	0.00e+00	0.00e+00	7.53e-05	3.98e-05	1.32e-05
 7.40677e+15	1.50e-04	2.61e-02	8.60e-01	1.07e-01	6.48e-03	6.12e-05	0.00e+00	0.00e+00	0.00e+00	8.71e-05	4.60e-05	1.53e-05
 7.43860e+15	1.69e-04	2.80e-02	8.71e-01	9.58e-02	5.42e-03	4.77e-05	0.00e+00	0.00e+00	0.00e+00	9.85e-05	5.21e-05	1.73e-05
 7.47230e+15	1.93e-04	3.02e-02	8.80e-01	8.48e-02	4.43e-03	3.60e-05	0.00e+00	0.00e+00	0.00e+00	1.12e-04	5.95e-05	1.98e-05
 7.50955e+15	2.23e-04	3.28e-02	8.89e-01	7.42e-02	3.55e-03	2.65e-05	0.00e+00	0.00e+00	0.00e+00	1.30e-04	6.86e-05	2.29e-05
 7.54368e+15	2.54e-04	3.52e-02	8.96e-01	6.56e-02	2.90e-03	2.00e-05	0.00e+00	0.00e+00	0.00e+00	1.47e-04	7.80e-05	2.60e-05
 7.57533e+15	2.86e-04	3.77e-02	9.01e-01	5.83e-02	2.38e-03	1.52e-05	0.00e+00	0.00e+00	0.00e+00	1.66e-04	8.81e-05	2.94e-05
 7.61147e+15	3.29e-04	4.06e-02	9.06e-01	5.07e-02	1.89e-03	1.10e-05	0.00e+00	0.00e+00	0.00e+00	1.91e-04	1.01e-04	3.38e-05
 7.65048e+15	3.80e-04	4.40e-02	9.10e-01	4.38e-02	1.48e-03	7.82e-06	0.00e+00	0.00e+00	0.00e+00	2.21e-04	1.17e-04	3.91e-05
 7.68520e+15	4.33e-04	4.72e-02	9.13e-01	3.84e-02	1.20e-03	5.78e-06	0.00e+00	0.00e+00	0.00e+00	2.52e-04	1.33e-04	4.45e-05
 7.71740e+15	4.88e-04	5.04e-02	9.14e-01	3.39e-02	9.74e-04	4.32e-06	0.00e+00	0.00e+00	0.00e+00	2.84e-04	1.50e-04	5.02e-05
 7.75429e+15	5.60e-04	5.43e-02	9.15e-01	2.94e-02	7.67e-04	3.08e-06	0.00e+00	0.00e+00	0.00e+00	3.26e-04	1.72e-04	5.76e-05
 7.79450e+15	6.51e-04	5.89e-02	9.15e-01	2.52e-02	5.94e-04	2.14e-06	0.00e+00	0.00e+00	0.00e+00	3.79e-04	2.00e-04	6.70e-05
 7.83053e+15	7.43e-04	6.33e-02	9.14e-01	2.19e-02	4.74e-04	1.55e-06	0.00e+00	0.00e+00	0.00e+00	4.32e-04	2.29e-04	7.65e-05
 7.86348e+15	8.37e-04	6.75e-02	9.12e-01	1.93e-02	3.85e-04	1.15e-06	0.00e+00	0.00e+00	0.00e+00	4.87e-04	2.58e-04	8.62e-05
 7.90091e+15	9.65e-04	7.29e-02	9.09e-01	1.67e-02	3.02e-04	8.12e-07	0.00e+00	0.00e+00	0.00e+00	5.62e-04	2.97e-04	9.95e-05
 7.94119e+15	1.12e-03	7.91e-02	9.05e-01	1.43e-02	2.34e-04	0.00e+00	0.00e+00	0.00e+00	0.00e+00	6.54e-04	3.46e-04	1.16e-04
 7.97698e+15	1.28e-03	8.50e-02	9.01e-01	1.25e-02	1.88e-04	0.00e+00	0.00e+00	0.00e+00	0.00e+00	7.47e-04	3.95e-04	1.32e-04
 8.01008e+15	1.46e-03	9.10e-02	8.96e-01	1.10e-02	1.52e-04	0.00e+00	0.00e+00	0.00e+00	0.00e+00	8.48e-04	4.49e-04	1.50e-04
 8.04789e+15	1.68e-03	9.82e-02	8.91e-01	9.46e-03	1.19e-04	0.00e+00	0.00e+00	0.00e+00	0.00e+00	9.77e-04	5.17e-04	1.73e-04
 8.08975e+15	1.98e-03	1.07e-01	8.83e-01	8.04e-03	9.16e-05	0.00e+00	0.00e+00	0.00e+00	0.00e+00	1.15e-03	6.09e-04	2.04e-04
 8.12690e+15	2.29e-03	1.16e-01	8.74e-01	6.95e-03	7.27e-05	0.00e+00	0.00e+00	0.00e+00	0.00e+00	1.34e-03	7.06e-04	2.37e-04
 8.15923e+15	2.61e-03	1.25e-01	8.67e-01	6.13e-03	5.94e-05	0.00e+00	0.00e+00	0.00e+00	0.00e+00	1.52e-03	8.02e-04	2.69e-04
 8.19528e+15	3.02e-03	1.35e-01	8.57e-01	5.30e-03	4.70e-05	0.00e+00	0.00e+00	0.00e+00	0.00e+00	1.76e-03	9.28e-04	3.11e-04
 8.23562e+15	3.55e-03	1.47e-01	8.45e-01	4.51e-03	3.64e-05	0.00e+00	0.00e+00	0.00e+00	0.00e+00	2.07e-03	1.09e-03	3.67e-04
 8.27322e+15	4.17e-03	1.60e-01	8.32e-01	3.87e-03	2.86e-05	0.00e+00	0.00e+00	0.00e+00	0.00e+00	2.43e-03	1.28e-03	4.31e-04
 8.30696e+15	4.81e-03	1.73e-01	8.19e-01	3.36e-03	2.30e-05	0.00e+00	0.00e+00	0.00e+00	0.00e+00	2.80e-03	1.48e-03	4.97e-04
 8.34401e+15	5.66e-03	1.89e-01	8.03e-01	2.87e-03	1.80e-05	0.00e+00	0.00e+00	0.00e+00	0.00e+00	3.29e-03	1.74e-03	5.84e-04
