#depth	He	He+	He+2
 1.49634e+10	1.13e-20	1.44e-10	1.00e+00
 4.54887e+10	1.33e-20	1.58e-10	1.00e+00
 7.72350e+10	1.55e-20	1.73e-10	1.00e+00
 1.10251e+11	1.80e-20	1.89e-10	1.00e+00
 1.42362e+11	2.08e-20	2.05e-10	1.00e+00
 1.72753e+11	2.36e-20	2.22e-10	1.00e+00
 2.06587e+11	2.71e-20	2.41e-10	1.00e+00
 2.44777e+11	3.15e-20	2.64e-10	1.00e+00
 2.82900e+11	3.65e-20	2.88e-10	1.00e+00
 3.22548e+11	4.20e-20	3.15e-10	1.00e+00
 3.65377e+11	4.88e-20	3.46e-10	1.00e+00
 4.09919e+11	5.66e-20	3.80e-10	1.00e+00
 4.54113e+11	6.52e-20	4.16e-10	1.00e+00
 5.00076e+11	7.49e-20	4.55e-10	1.00e+00
 5.50006e+11	8.67e-20	5.00e-10	1.00e+00
 6.01933e+11	1.00e-19	5.50e-10	1.00e+00
 6.55937e+11	1.15e-19	6.06e-10	1.00e+00
 7.12101e+11	1.33e-19	6.67e-10	1.00e+00
 7.70512e+11	1.53e-19	7.35e-10	1.00e+00
 8.23461e+11	1.73e-19	8.00e-10	1.00e+00
 8.67778e+11	1.91e-19	8.57e-10	1.00e+00
 9.16413e+11	2.11e-19	9.23e-10	1.00e+00
 9.77743e+11	2.39e-19	1.01e-09	1.00e+00
 1.04158e+12	2.71e-19	1.11e-09	1.00e+00
 1.09630e+12	3.01e-19	1.19e-09	1.00e+00
 1.15315e+12	3.33e-19	1.29e-09	1.00e+00
 1.22396e+12	3.77e-19	1.41e-09	1.00e+00
 1.29567e+12	4.27e-19	1.54e-09	1.00e+00
 1.35816e+12	4.73e-19	1.66e-09	1.00e+00
 1.42588e+12	5.26e-19	1.80e-09	1.00e+00
 1.50841e+12	5.96e-19	1.98e-09	1.00e+00
 1.59242e+12	6.75e-19	2.16e-09	1.00e+00
 1.66945e+12	7.53e-19	2.34e-09	1.00e+00
 1.75516e+12	8.47e-19	2.55e-09	1.00e+00
 1.85464e+12	9.69e-19	2.81e-09	1.00e+00
 1.95287e+12	1.10e-18	3.08e-09	1.00e+00
 2.04688e+12	1.24e-18	3.34e-09	1.00e+00
 2.15054e+12	1.41e-18	3.65e-09	1.00e+00
 2.26649e+12	1.62e-18	4.01e-09	1.00e+00
 2.37185e+12	1.84e-18	4.35e-09	1.00e+00
 2.46045e+12	2.04e-18	4.65e-09	1.00e+00
 2.55784e+12	2.27e-18	4.99e-09	1.00e+00
 2.66778e+12	2.57e-18	5.40e-09	1.00e+00
 2.77303e+12	2.88e-18	5.79e-09	1.00e+00
 2.88887e+12	3.26e-18	6.25e-09	1.00e+00
 3.01754e+12	3.72e-18	6.78e-09	1.00e+00
 3.13811e+12	4.21e-18	7.28e-09	1.00e+00
 3.27006e+12	4.79e-18	7.87e-09	1.00e+00
 3.41775e+12	5.53e-18	8.56e-09	1.00e+00
 3.55849e+12	6.31e-18	9.22e-09	1.00e+00
 3.71360e+12	7.26e-18	1.00e-08	1.00e+00
 3.87816e+12	8.40e-18	1.09e-08	1.00e+00
 4.02204e+12	9.51e-18	1.16e-08	1.00e+00
 4.17568e+12	1.08e-17	1.25e-08	1.00e+00
 4.36273e+12	1.26e-17	1.36e-08	1.00e+00
 4.54916e+12	1.46e-17	1.47e-08	1.00e+00
 4.71361e+12	1.65e-17	1.58e-08	1.00e+00
 4.89355e+12	1.89e-17	1.70e-08	1.00e+00
 5.11012e+12	2.21e-17	1.84e-08	1.00e+00
 5.32682e+12	2.56e-17	2.00e-08	1.00e+00
 5.52383e+12	2.93e-17	2.14e-08	1.00e+00
 5.74273e+12	3.37e-17	2.31e-08	1.00e+00
 5.99874e+12	3.96e-17	2.52e-08	1.00e+00
 6.25147e+12	4.62e-17	2.73e-08	1.00e+00
 6.49016e+12	5.31e-17	2.93e-08	1.00e+00
 6.75554e+12	6.17e-17	3.17e-08	1.00e+00
 7.05569e+12	7.27e-17	3.45e-08	1.00e+00
 7.35710e+12	8.51e-17	3.74e-08	1.00e+00
 7.67056e+12	9.96e-17	4.06e-08	1.00e+00
 8.00731e+12	1.17e-16	4.42e-08	1.00e+00
 8.35753e+12	1.38e-16	4.80e-08	1.00e+00
 8.70215e+12	1.61e-16	5.20e-08	1.00e+00
 9.02258e+12	1.85e-16	5.58e-08	1.00e+00
 9.31174e+12	2.09e-16	5.94e-08	1.00e+00
 9.62176e+12	2.37e-16	6.33e-08	1.00e+00
 1.00079e+13	2.75e-16	6.83e-08	1.00e+00
 1.03951e+13	3.18e-16	7.36e-08	1.00e+00
 1.07278e+13	3.59e-16	7.83e-08	1.00e+00
 1.10876e+13	4.08e-16	8.35e-08	1.00e+00
 1.15317e+13	4.74e-16	9.01e-08	1.00e+00
 1.19760e+13	5.49e-16	9.70e-08	1.00e+00
 1.23596e+13	6.19e-16	1.03e-07	1.00e+00
 1.27738e+13	7.03e-16	1.10e-07	1.00e+00
 1.32831e+13	8.18e-16	1.19e-07	1.00e+00
 1.37971e+13	9.47e-16	1.28e-07	1.00e+00
 1.42525e+13	1.07e-15	1.36e-07	1.00e+00
 1.47503e+13	1.22e-15	1.45e-07	1.00e+00
 1.53473e+13	1.43e-15	1.57e-07	1.00e+00
 1.59423e+13	1.65e-15	1.69e-07	1.00e+00
 1.64842e+13	1.88e-15	1.80e-07	1.00e+00
 1.70882e+13	2.16e-15	1.94e-07	1.00e+00
 1.77931e+13	2.52e-15	2.09e-07	1.00e+00
 1.84879e+13	2.92e-15	2.26e-07	1.00e+00
 1.91455e+13	3.35e-15	2.41e-07	1.00e+00
 1.98763e+13	3.87e-15	2.60e-07	1.00e+00
 2.07012e+13	4.53e-15	2.81e-07	1.00e+00
 2.15300e+13	5.27e-15	3.03e-07	1.00e+00
 2.23920e+13	6.13e-15	3.28e-07	1.00e+00
 2.33176e+13	7.17e-15	3.55e-07	1.00e+00
 2.42139e+13	8.30e-15	3.82e-07	1.00e+00
 2.50569e+13	9.48e-15	4.08e-07	1.00e+00
 2.60000e+13	1.09e-14	4.39e-07	1.00e+00
 2.69504e+13	1.26e-14	4.71e-07	1.00e+00
 2.77398e+13	1.41e-14	4.99e-07	1.00e+00
 2.85755e+13	1.58e-14	5.29e-07	1.00e+00
 2.96438e+13	1.83e-14	5.69e-07	1.00e+00
 3.07643e+13	2.11e-14	6.12e-07	1.00e+00
 3.17558e+13	2.39e-14	6.52e-07	1.00e+00
 3.28297e+13	2.72e-14	6.97e-07	1.00e+00
 3.41204e+13	3.17e-14	7.53e-07	1.00e+00
 3.54275e+13	3.67e-14	8.12e-07	1.00e+00
 3.66523e+13	4.20e-14	8.69e-07	1.00e+00
 3.80135e+13	4.85e-14	9.36e-07	1.00e+00
 3.94555e+13	5.62e-14	1.01e-06	1.00e+00
 4.07372e+13	6.37e-14	1.08e-06	1.00e+00
 4.21167e+13	7.27e-14	1.15e-06	1.00e+00
 4.37693e+13	8.47e-14	1.25e-06	1.00e+00
 4.53959e+13	9.78e-14	1.34e-06	1.00e+00
 4.68453e+13	1.11e-13	1.43e-06	1.00e+00
 4.84455e+13	1.26e-13	1.53e-06	1.00e+00
 5.03520e+13	1.47e-13	1.66e-06	1.00e+00
 5.22446e+13	1.70e-13	1.79e-06	1.00e+00
 5.39771e+13	1.94e-13	1.91e-06	1.00e+00
 5.59131e+13	2.23e-13	2.05e-06	1.00e+00
 5.81625e+13	2.60e-13	2.23e-06	1.00e+00
 6.03699e+13	3.01e-13	2.40e-06	1.00e+00
 6.24601e+13	3.44e-13	2.58e-06	1.00e+00
 6.47830e+13	3.97e-13	2.78e-06	1.00e+00
 6.74042e+13	4.64e-13	3.01e-06	1.00e+00
 6.98936e+13	5.34e-13	3.24e-06	1.00e+00
 7.21627e+13	6.04e-13	3.46e-06	1.00e+00
 7.47297e+13	6.92e-13	3.71e-06	1.00e+00
 7.77191e+13	8.05e-13	4.02e-06	1.00e+00
 8.05879e+13	9.25e-13	4.33e-06	1.00e+00
 8.29642e+13	1.03e-12	4.60e-06	1.00e+00
 8.53705e+13	1.15e-12	4.87e-06	1.00e+00
 8.84802e+13	1.32e-12	5.24e-06	1.00e+00
 9.16972e+13	1.51e-12	5.63e-06	1.00e+00
 9.44247e+13	1.69e-12	5.98e-06	1.00e+00
 9.73227e+13	1.89e-12	6.35e-06	1.00e+00
 1.00955e+14	2.17e-12	6.85e-06	1.00e+00
 1.04696e+14	2.49e-12	7.37e-06	1.00e+00
 1.07991e+14	2.80e-12	7.84e-06	1.00e+00
 1.11551e+14	3.16e-12	8.38e-06	1.00e+00
 1.15849e+14	3.63e-12	9.05e-06	1.00e+00
 1.20113e+14	4.15e-12	9.73e-06	1.00e+00
 1.23901e+14	4.66e-12	1.04e-05	1.00e+00
 1.28065e+14	5.27e-12	1.11e-05	1.00e+00
 1.33042e+14	6.06e-12	1.20e-05	1.00e+00
 1.37985e+14	6.94e-12	1.29e-05	1.00e+00
 1.42480e+14	7.81e-12	1.38e-05	1.00e+00
 1.47485e+14	8.87e-12	1.48e-05	1.00e+00
 1.53334e+14	1.02e-11	1.60e-05	1.00e+00
 1.59091e+14	1.17e-11	1.73e-05	1.00e+00
 1.64494e+14	1.33e-11	1.85e-05	1.00e+00
 1.70521e+14	1.52e-11	2.00e-05	1.00e+00
 1.77371e+14	1.76e-11	2.17e-05	1.00e+00
 1.84200e+14	2.03e-11	2.34e-05	1.00e+00
 1.91302e+14	2.34e-11	2.54e-05	1.00e+00
 1.98773e+14	2.71e-11	2.75e-05	1.00e+00
 2.05075e+14	3.05e-11	2.94e-05	1.00e+00
 2.10001e+14	3.34e-11	3.09e-05	1.00e+00
 2.15357e+14	3.68e-11	3.26e-05	1.00e+00
 2.22321e+14	4.17e-11	3.49e-05	1.00e+00
 2.29860e+14	4.75e-11	3.75e-05	1.00e+00
 2.36650e+14	5.32e-11	3.99e-05	1.00e+00
 2.43980e+14	6.01e-11	4.27e-05	1.00e+00
 2.53100e+14	6.95e-11	4.62e-05	1.00e+00
 2.62284e+14	8.02e-11	5.00e-05	1.00e+00
 2.70246e+14	9.04e-11	5.34e-05	1.00e+00
 2.78883e+14	1.03e-10	5.72e-05	1.00e+00
 2.89454e+14	1.20e-10	6.22e-05	1.00e+00
 3.00142e+14	1.39e-10	6.74e-05	1.00e+00
 3.09676e+14	1.58e-10	7.22e-05	1.00e+00
 3.20107e+14	1.82e-10	7.78e-05	1.00e+00
 3.32538e+14	2.13e-10	8.48e-05	1.00e+00
 3.44821e+14	2.48e-10	9.20e-05	1.00e+00
 3.55953e+14	2.84e-10	9.88e-05	1.00e+00
 3.68339e+14	3.28e-10	1.07e-04	1.00e+00
 3.82861e+14	3.87e-10	1.16e-04	1.00e+00
 3.97157e+14	4.52e-10	1.26e-04	1.00e+00
 4.10491e+14	5.21e-10	1.36e-04	1.00e+00
 4.25408e+14	6.07e-10	1.48e-04	1.00e+00
 4.42455e+14	7.20e-10	1.61e-04	1.00e+00
 4.59308e+14	8.46e-10	1.76e-04	1.00e+00
 4.76835e+14	9.94e-10	1.91e-04	1.00e+00
 4.92752e+14	1.15e-09	2.06e-04	1.00e+00
 5.04668e+14	1.27e-09	2.17e-04	1.00e+00
 5.17004e+14	1.41e-09	2.29e-04	1.00e+00
 5.33041e+14	1.61e-09	2.46e-04	1.00e+00
 5.50470e+14	1.85e-09	2.64e-04	1.00e+00
 5.66246e+14	2.09e-09	2.81e-04	1.00e+00
 5.83296e+14	2.38e-09	3.01e-04	1.00e+00
 6.04806e+14	2.79e-09	3.26e-04	1.00e+00
 6.26474e+14	3.25e-09	3.53e-04	1.00e+00
 6.44809e+14	3.68e-09	3.76e-04	1.00e+00
 6.64453e+14	4.19e-09	4.03e-04	1.00e+00
 6.89081e+14	4.91e-09	4.36e-04	1.00e+00
 7.14895e+14	5.76e-09	4.74e-04	1.00e+00
 7.38280e+14	6.62e-09	5.08e-04	9.99e-01
 7.63806e+14	7.67e-09	5.48e-04	9.99e-01
 7.93813e+14	9.06e-09	5.97e-04	9.99e-01
 8.23098e+14	1.06e-08	6.46e-04	9.99e-01
 8.49989e+14	1.22e-08	6.93e-04	9.99e-01
 8.80316e+14	1.42e-08	7.49e-04	9.99e-01
 9.15422e+14	1.67e-08	8.15e-04	9.99e-01
 9.49812e+14	1.96e-08	8.83e-04	9.99e-01
 9.82474e+14	2.26e-08	9.50e-04	9.99e-01
 1.01109e+15	2.56e-08	1.01e-03	9.99e-01
 1.03481e+15	2.83e-08	1.06e-03	9.99e-01
 1.06092e+15	3.15e-08	1.12e-03	9.99e-01
 1.09486e+15	3.60e-08	1.20e-03	9.99e-01
 1.13068e+15	4.13e-08	1.29e-03	9.99e-01
 1.16147e+15	4.63e-08	1.36e-03	9.99e-01
 1.19405e+15	5.20e-08	1.45e-03	9.99e-01
 1.23640e+15	6.03e-08	1.56e-03	9.98e-01
 1.27999e+15	6.99e-08	1.68e-03	9.98e-01
 1.31629e+15	7.85e-08	1.78e-03	9.98e-01
 1.35454e+15	8.86e-08	1.89e-03	9.98e-01
 1.40371e+15	1.03e-07	2.04e-03	9.98e-01
 1.45540e+15	1.20e-07	2.20e-03	9.98e-01
 1.50055e+15	1.36e-07	2.35e-03	9.98e-01
 1.54883e+15	1.55e-07	2.51e-03	9.97e-01
 1.60766e+15	1.81e-07	2.72e-03	9.97e-01
 1.66607e+15	2.10e-07	2.93e-03	9.97e-01
 1.71768e+15	2.38e-07	3.12e-03	9.97e-01
 1.77454e+15	2.72e-07	3.34e-03	9.97e-01
 1.84283e+15	3.18e-07	3.61e-03	9.96e-01
 1.90777e+15	3.67e-07	3.88e-03	9.96e-01
 1.96234e+15	4.12e-07	4.11e-03	9.96e-01
 2.01157e+15	4.57e-07	4.33e-03	9.96e-01
 2.06551e+15	5.09e-07	4.58e-03	9.95e-01
 2.12560e+15	5.74e-07	4.86e-03	9.95e-01
 2.18210e+15	6.39e-07	5.13e-03	9.95e-01
 2.24396e+15	7.19e-07	5.44e-03	9.95e-01
 2.31197e+15	8.13e-07	5.79e-03	9.94e-01
 2.37496e+15	9.07e-07	6.12e-03	9.94e-01
 2.44384e+15	1.02e-06	6.50e-03	9.93e-01
 2.52018e+15	1.16e-06	6.93e-03	9.93e-01
 2.59226e+15	1.30e-06	7.35e-03	9.93e-01
 2.67200e+15	1.48e-06	7.84e-03	9.92e-01
 2.75893e+15	1.69e-06	8.38e-03	9.92e-01
 2.83754e+15	1.89e-06	8.88e-03	9.91e-01
 2.92206e+15	2.14e-06	9.46e-03	9.91e-01
 3.01584e+15	2.44e-06	1.01e-02	9.90e-01
 3.10386e+15	2.75e-06	1.07e-02	9.89e-01
 3.20047e+15	3.13e-06	1.15e-02	9.88e-01
 3.30584e+15	3.57e-06	1.23e-02	9.88e-01
 3.39705e+15	3.99e-06	1.31e-02	9.87e-01
 3.47687e+15	4.40e-06	1.38e-02	9.86e-01
 3.56744e+15	4.91e-06	1.46e-02	9.85e-01
 3.66356e+15	5.49e-06	1.55e-02	9.84e-01
 3.75055e+15	6.06e-06	1.63e-02	9.84e-01
 3.83450e+15	6.65e-06	1.72e-02	9.83e-01
 3.93086e+15	7.43e-06	1.83e-02	9.82e-01
 4.03799e+15	8.34e-06	1.95e-02	9.80e-01
 4.13809e+15	9.27e-06	2.07e-02	9.79e-01
 4.23031e+15	1.02e-05	2.19e-02	9.78e-01
 4.33334e+15	1.14e-05	2.34e-02	9.77e-01
 4.44806e+15	1.29e-05	2.51e-02	9.75e-01
 4.55480e+15	1.43e-05	2.67e-02	9.73e-01
 4.65291e+15	1.59e-05	2.84e-02	9.72e-01
 4.76298e+15	1.79e-05	3.05e-02	9.69e-01
 4.88342e+15	2.03e-05	3.30e-02	9.67e-01
 4.99265e+15	2.27e-05	3.55e-02	9.65e-01
 5.09441e+15	2.52e-05	3.80e-02	9.62e-01
 5.21114e+15	2.89e-05	4.13e-02	9.59e-01
 5.32908e+15	3.26e-05	4.49e-02	9.55e-01
 5.42777e+15	3.65e-05	4.84e-02	9.52e-01
 5.52059e+15	4.06e-05	5.20e-02	9.48e-01
 5.62660e+15	4.64e-05	5.68e-02	9.43e-01
 5.73571e+15	5.28e-05	6.22e-02	9.38e-01
 5.82874e+15	5.95e-05	6.76e-02	9.32e-01
 5.90512e+15	6.58e-05	7.24e-02	9.28e-01
 5.96684e+15	7.15e-05	7.69e-02	9.23e-01
 6.03394e+15	7.88e-05	8.23e-02	9.18e-01
 6.10901e+15	8.73e-05	8.89e-02	9.11e-01
 6.18263e+15	9.77e-05	9.63e-02	9.04e-01
 6.25025e+15	1.10e-04	1.04e-01	8.96e-01
 6.30607e+15	1.20e-04	1.11e-01	8.89e-01
 6.36287e+15	1.32e-04	1.19e-01	8.81e-01
 6.42688e+15	1.47e-04	1.29e-01	8.71e-01
 6.50028e+15	1.71e-04	1.42e-01	8.58e-01
 6.56638e+15	1.92e-04	1.55e-01	8.44e-01
 6.61369e+15	2.09e-04	1.66e-01	8.33e-01
 6.66589e+15	2.34e-04	1.80e-01	8.20e-01
 6.72426e+15	2.65e-04	1.97e-01	8.03e-01
 6.77817e+15	2.98e-04	2.14e-01	7.85e-01
 6.82585e+15	3.34e-04	2.31e-01	7.68e-01
 6.86744e+15	3.64e-04	2.48e-01	7.52e-01
 6.91105e+15	4.08e-04	2.67e-01	7.33e-01
 6.95785e+15	4.54e-04	2.89e-01	7.10e-01
 7.00883e+15	5.15e-04	3.16e-01	6.83e-01
 7.06248e+15	5.89e-04	3.47e-01	6.52e-01
 7.10778e+15	6.62e-04	3.75e-01	6.24e-01
 7.14566e+15	7.26e-04	4.00e-01	5.99e-01
 7.17711e+15	7.84e-04	4.22e-01	5.77e-01
 7.20497e+15	8.38e-04	4.42e-01	5.57e-01
 7.23679e+15	9.08e-04	4.66e-01	5.33e-01
 7.27175e+15	9.92e-04	4.93e-01	5.06e-01
 7.30137e+15	1.06e-03	5.15e-01	4.84e-01
 7.33044e+15	1.14e-03	5.38e-01	4.61e-01
 7.36824e+15	1.24e-03	5.68e-01	4.30e-01
 7.40677e+15	1.35e-03	5.98e-01	4.01e-01
 7.43860e+15	1.45e-03	6.22e-01	3.77e-01
 7.47230e+15	1.56e-03	6.48e-01	3.50e-01
 7.50955e+15	1.68e-03	6.75e-01	3.23e-01
 7.54368e+15	1.79e-03	6.98e-01	3.00e-01
 7.57533e+15	1.90e-03	7.19e-01	2.79e-01
 7.61147e+15	2.03e-03	7.42e-01	2.56e-01
 7.65048e+15	2.17e-03	7.65e-01	2.33e-01
 7.68520e+15	2.29e-03	7.83e-01	2.14e-01
 7.71740e+15	2.42e-03	8.00e-01	1.98e-01
 7.75429e+15	2.56e-03	8.18e-01	1.80e-01
 7.79450e+15	2.72e-03	8.35e-01	1.63e-01
 7.83053e+15	2.87e-03	8.48e-01	1.49e-01
 7.86348e+15	3.01e-03	8.60e-01	1.37e-01
 7.90091e+15	3.18e-03	8.72e-01	1.24e-01
 7.94119e+15	3.36e-03	8.84e-01	1.13e-01
 7.97698e+15	3.53e-03	8.93e-01	1.03e-01
 8.01008e+15	3.70e-03	9.01e-01	9.52e-02
 8.04789e+15	3.91e-03	9.10e-01	8.65e-02
 8.08975e+15	4.14e-03	9.17e-01	7.84e-02
 8.12690e+15	4.37e-03	9.24e-01	7.18e-02
 8.15923e+15	4.58e-03	9.29e-01	6.67e-02
 8.19528e+15	4.83e-03	9.34e-01	6.11e-02
 8.23562e+15	5.14e-03	9.39e-01	5.57e-02
 8.27322e+15	5.44e-03	9.43e-01	5.12e-02
 8.30696e+15	5.75e-03	9.47e-01	4.75e-02
 8.34401e+15	6.11e-03	9.50e-01	4.37e-02
 8.38495e+15	6.55e-03	9.53e-01	3.99e-02
 8.42246e+15	7.02e-03	9.56e-01	3.69e-02
 8.45733e+15	7.48e-03	9.58e-01	3.42e-02
 8.49722e+15	8.09e-03	9.61e-01	3.14e-02
 8.54127e+15	8.86e-03	9.63e-01	2.86e-02
 8.58045e+15	9.66e-03	9.64e-01	2.65e-02
 8.61417e+15	1.04e-02	9.65e-01	2.48e-02
 8.65105e+15	1.14e-02	9.66e-01	2.29e-02
 8.69121e+15	1.27e-02	9.66e-01	2.12e-02
 8.72613e+15	1.40e-02	9.66e-01	1.98e-02
 8.75343e+15	1.52e-02	9.66e-01	1.88e-02
 8.77597e+15	1.63e-02	9.66e-01	1.80e-02
 8.80090e+15	1.77e-02	9.65e-01	1.71e-02
 8.82821e+15	1.96e-02	9.64e-01	1.62e-02
 8.85204e+15	2.14e-02	9.63e-01	1.55e-02
 8.87198e+15	2.31e-02	9.62e-01	1.50e-02
 8.89346e+15	2.52e-02	9.60e-01	1.44e-02
 8.91684e+15	2.80e-02	9.58e-01	1.38e-02
 8.93711e+15	3.08e-02	9.56e-01	1.33e-02
 8.95404e+15	3.34e-02	9.54e-01	1.30e-02
 8.97218e+15	3.66e-02	9.51e-01	1.25e-02
 8.99224e+15	4.08e-02	9.47e-01	1.21e-02
 9.01009e+15	4.52e-02	9.43e-01	1.18e-02
 9.02521e+15	4.95e-02	9.39e-01	1.16e-02
 9.03916e+15	5.41e-02	9.35e-01	1.13e-02
 9.05499e+15	5.98e-02	9.29e-01	1.11e-02
 9.07271e+15	6.73e-02	9.22e-01	1.09e-02
 9.08886e+15	7.56e-02	9.14e-01	1.07e-02
 9.10277e+15	8.38e-02	9.06e-01	1.06e-02
 9.11583e+15	9.26e-02	8.97e-01	1.05e-02
 9.12788e+15	1.02e-01	8.88e-01	1.04e-02
 9.13849e+15	1.11e-01	8.79e-01	1.03e-02
 9.14896e+15	1.21e-01	8.69e-01	1.03e-02
 9.15993e+15	1.33e-01	8.57e-01	1.03e-02
 9.17069e+15	1.46e-01	8.44e-01	1.02e-02
 9.18049e+15	1.58e-01	8.31e-01	1.03e-02
 9.18900e+15	1.71e-01	8.19e-01	1.03e-02
 9.19519e+15	1.80e-01	8.09e-01	1.03e-02
 9.19937e+15	1.87e-01	8.02e-01	1.03e-02
 9.20346e+15	1.94e-01	7.95e-01	1.03e-02
 9.20830e+15	2.03e-01	7.87e-01	1.03e-02
 9.21347e+15	2.13e-01	7.77e-01	1.03e-02
 9.21841e+15	2.22e-01	7.67e-01	1.03e-02
 9.22309e+15	2.32e-01	7.58e-01	1.04e-02
 9.22776e+15	2.42e-01	7.48e-01	1.04e-02
 9.23245e+15	2.52e-01	7.37e-01	1.04e-02
 9.23714e+15	2.63e-01	7.26e-01	1.04e-02
 9.24177e+15	2.74e-01	7.15e-01	1.04e-02
 9.24638e+15	2.86e-01	7.04e-01	1.04e-02
 9.25102e+15	2.98e-01	6.91e-01	1.04e-02
 9.25556e+15	3.11e-01	6.79e-01	1.04e-02
 9.26005e+15	3.23e-01	6.67e-01	1.04e-02
 9.26460e+15	3.36e-01	6.53e-01	1.04e-02
 9.26914e+15	3.50e-01	6.40e-01	1.04e-02
 9.27365e+15	3.64e-01	6.26e-01	1.04e-02
 9.27820e+15	3.78e-01	6.12e-01	1.03e-02
 9.28268e+15	3.92e-01	5.97e-01	1.03e-02
 9.28713e+15	4.07e-01	5.83e-01	1.03e-02
 9.29164e+15	4.22e-01	5.67e-01	1.02e-02
 9.29619e+15	4.38e-01	5.52e-01	1.02e-02
 9.30075e+15	4.54e-01	5.36e-01	1.01e-02
 9.30528e+15	4.70e-01	5.20e-01	1.00e-02
 9.30980e+15	4.87e-01	5.03e-01	9.92e-03
 9.31435e+15	5.03e-01	4.87e-01	9.84e-03
 9.31889e+15	5.20e-01	4.71e-01	9.71e-03
 9.32345e+15	5.36e-01	4.54e-01	9.61e-03
 9.32801e+15	5.53e-01	4.38e-01	9.47e-03
 9.33254e+15	5.69e-01	4.21e-01	9.32e-03
 9.33712e+15	5.86e-01	4.05e-01	9.16e-03
 9.34174e+15	6.02e-01	3.89e-01	9.00e-03
 9.34635e+15	6.18e-01	3.73e-01	8.82e-03
 9.35100e+15	6.34e-01	3.57e-01	8.63e-03
 9.35573e+15	6.50e-01	3.42e-01	8.42e-03
 9.36057e+15	6.66e-01	3.26e-01	8.20e-03
 9.36552e+15	6.81e-01	3.11e-01	7.99e-03
 9.37053e+15	6.96e-01	2.97e-01	7.75e-03
 9.37571e+15	7.10e-01	2.82e-01	7.51e-03
 9.38110e+15	7.25e-01	2.68e-01	7.25e-03
 9.38672e+15	7.39e-01	2.54e-01	6.99e-03
 9.39265e+15	7.53e-01	2.41e-01	6.71e-03
 9.39892e+15	7.66e-01	2.28e-01	6.43e-03
 9.40559e+15	7.78e-01	2.15e-01	6.15e-03
 9.41278e+15	7.91e-01	2.04e-01	5.87e-03
 9.42052e+15	8.02e-01	1.92e-01	5.59e-03
 9.42898e+15	8.13e-01	1.82e-01	5.31e-03
 9.43859e+15	8.23e-01	1.72e-01	5.02e-03
 9.44948e+15	8.32e-01	1.63e-01	4.76e-03
 9.46038e+15	8.40e-01	1.56e-01	4.52e-03
 9.47024e+15	8.45e-01	1.50e-01	4.34e-03
 9.48062e+15	8.51e-01	1.45e-01	4.15e-03
 9.49286e+15	8.55e-01	1.41e-01	3.98e-03
 9.50655e+15	8.60e-01	1.37e-01	3.80e-03
 9.52121e+15	8.64e-01	1.33e-01	3.64e-03
 9.53682e+15	8.67e-01	1.29e-01	3.48e-03
 9.55342e+15	8.70e-01	1.26e-01	3.33e-03
 9.57080e+15	8.73e-01	1.23e-01	3.18e-03
 9.58862e+15	8.76e-01	1.21e-01	3.04e-03
 9.60656e+15	8.79e-01	1.18e-01	2.91e-03
 9.62445e+15	8.82e-01	1.15e-01	2.79e-03
 9.64218e+15	8.84e-01	1.13e-01	2.67e-03
 9.65968e+15	8.87e-01	1.11e-01	2.56e-03
 9.67693e+15	8.89e-01	1.09e-01	2.46e-03
 9.69432e+15	8.91e-01	1.07e-01	2.36e-03
 9.71122e+15	8.93e-01	1.05e-01	2.27e-03
 9.72757e+15	8.95e-01	1.03e-01	2.18e-03
 9.74403e+15	8.97e-01	1.01e-01	2.10e-03
 9.76015e+15	8.99e-01	9.91e-02	2.02e-03
 9.77577e+15	9.01e-01	9.74e-02	1.95e-03
 9.79085e+15	9.02e-01	9.58e-02	1.88e-03
 9.80564e+15	9.04e-01	9.42e-02	1.82e-03
 9.82055e+15	9.06e-01	9.27e-02	1.76e-03
 9.83548e+15	9.07e-01	9.12e-02	1.70e-03
 9.85021e+15	9.09e-01	8.98e-02	1.64e-03
 9.86469e+15	9.10e-01	8.83e-02	1.59e-03
 9.87901e+15	9.11e-01	8.70e-02	1.54e-03
 9.89322e+15	9.13e-01	8.57e-02	1.49e-03
 9.90733e+15	9.14e-01	8.44e-02	1.44e-03
 9.92136e+15	9.16e-01	8.31e-02	1.40e-03
 9.93530e+15	9.17e-01	8.19e-02	1.35e-03
 9.94921e+15	9.18e-01	8.06e-02	1.31e-03
 9.96311e+15	9.19e-01	7.94e-02	1.27e-03
 9.97701e+15	9.20e-01	7.83e-02	1.23e-03
 9.99097e+15	9.22e-01	7.71e-02	1.19e-03
 1.00050e+16	9.23e-01	7.60e-02	1.16e-03
 1.00192e+16	9.24e-01	7.48e-02	1.12e-03
 1.00339e+16	9.25e-01	7.37e-02	1.09e-03
 1.00490e+16	9.26e-01	7.25e-02	1.05e-03
 1.00646e+16	9.28e-01	7.13e-02	1.01e-03
 1.00807e+16	9.29e-01	7.01e-02	9.78e-04
 1.00974e+16	9.30e-01	6.89e-02	9.42e-04
 1.01151e+16	9.31e-01	6.76e-02	9.06e-04
 1.01342e+16	9.33e-01	6.63e-02	8.69e-04
 1.01550e+16	9.34e-01	6.48e-02	8.29e-04
 1.01785e+16	9.36e-01	6.32e-02	7.87e-04
 1.02054e+16	9.38e-01	6.15e-02	7.41e-04
 1.02335e+16	9.40e-01	5.97e-02	6.97e-04
 1.02596e+16	9.41e-01	5.81e-02	6.59e-04
 1.02833e+16	9.43e-01	5.67e-02	6.26e-04
 1.03049e+16	9.44e-01	5.55e-02	5.97e-04
 1.03246e+16	9.45e-01	5.43e-02	5.72e-04
 1.03425e+16	9.46e-01	5.33e-02	5.50e-04
 1.03588e+16	9.47e-01	5.24e-02	5.31e-04
 1.03767e+16	9.48e-01	5.14e-02	5.09e-04
 1.03960e+16	9.49e-01	5.04e-02	4.88e-04
 1.04135e+16	9.50e-01	4.95e-02	4.70e-04
 1.04295e+16	9.51e-01	4.87e-02	4.54e-04
 1.04440e+16	9.52e-01	4.79e-02	4.39e-04
 1.04572e+16	9.52e-01	4.72e-02	4.25e-04
 1.04692e+16	9.53e-01	4.66e-02	4.14e-04
 1.04824e+16	9.54e-01	4.59e-02	4.02e-04
 1.04967e+16	9.54e-01	4.52e-02	3.89e-04
 1.05096e+16	9.55e-01	4.46e-02	3.77e-04
 1.05214e+16	9.56e-01	4.40e-02	3.67e-04
 1.05343e+16	9.56e-01	4.33e-02	3.56e-04
 1.05482e+16	9.57e-01	4.27e-02	3.45e-04
 1.05609e+16	9.58e-01	4.21e-02	3.35e-04
 1.05725e+16	9.58e-01	4.15e-02	3.26e-04
 1.05851e+16	9.59e-01	4.09e-02	3.16e-04
 1.05988e+16	9.59e-01	4.03e-02	3.06e-04
 1.06112e+16	9.60e-01	3.97e-02	2.97e-04
 1.06225e+16	9.61e-01	3.92e-02	2.89e-04
 1.06328e+16	9.61e-01	3.87e-02	2.82e-04
 1.06441e+16	9.62e-01	3.82e-02	2.74e-04
 1.06563e+16	9.62e-01	3.76e-02	2.66e-04
 1.06673e+16	9.63e-01	3.71e-02	2.59e-04
 1.06774e+16	9.63e-01	3.67e-02	2.52e-04
 1.06885e+16	9.64e-01	3.62e-02	2.45e-04
 1.07004e+16	9.64e-01	3.57e-02	2.38e-04
 1.07113e+16	9.65e-01	3.52e-02	2.32e-04
 1.07211e+16	9.65e-01	3.48e-02	2.26e-04
 1.07320e+16	9.65e-01	3.43e-02	2.20e-04
 1.07436e+16	9.66e-01	3.39e-02	2.14e-04
 1.07543e+16	9.66e-01	3.34e-02	2.08e-04
 1.07639e+16	9.67e-01	3.30e-02	2.03e-04
 1.07745e+16	9.67e-01	3.26e-02	1.98e-04
 1.07860e+16	9.68e-01	3.21e-02	1.92e-04
 1.07964e+16	9.68e-01	3.17e-02	1.87e-04
 1.08059e+16	9.68e-01	3.14e-02	1.83e-04
 1.08163e+16	9.69e-01	3.09e-02	1.78e-04
 1.08275e+16	9.69e-01	3.06e-02	1.74e-04
 1.08377e+16	9.70e-01	3.02e-02	1.69e-04
 1.08489e+16	9.70e-01	2.97e-02	1.64e-04
 1.08609e+16	9.71e-01	2.93e-02	1.60e-04
 1.08719e+16	9.71e-01	2.89e-02	1.56e-04
 1.08819e+16	9.71e-01	2.86e-02	1.52e-04
 1.08929e+16	9.72e-01	2.82e-02	1.48e-04
 1.09047e+16	9.72e-01	2.78e-02	1.44e-04
 1.09155e+16	9.72e-01	2.75e-02	1.40e-04
 1.09273e+16	9.73e-01	2.71e-02	1.36e-04
 1.09400e+16	9.73e-01	2.67e-02	1.32e-04
 1.09516e+16	9.74e-01	2.63e-02	1.29e-04
 1.09643e+16	9.74e-01	2.59e-02	1.25e-04
 1.09780e+16	9.74e-01	2.55e-02	1.21e-04
 1.09904e+16	9.75e-01	2.52e-02	1.18e-04
 1.10018e+16	9.75e-01	2.49e-02	1.15e-04
 1.10142e+16	9.75e-01	2.45e-02	1.11e-04
 1.10277e+16	9.76e-01	2.41e-02	1.08e-04
 1.10399e+16	9.76e-01	2.38e-02	1.05e-04
 1.10533e+16	9.76e-01	2.34e-02	1.02e-04
 1.10677e+16	9.77e-01	2.31e-02	9.88e-05
 1.10809e+16	9.77e-01	2.28e-02	9.60e-05
 1.10928e+16	9.77e-01	2.25e-02	9.35e-05
 1.11060e+16	9.78e-01	2.21e-02	9.07e-05
 1.11201e+16	9.78e-01	2.18e-02	8.81e-05
 1.11330e+16	9.78e-01	2.15e-02	8.57e-05
 1.11471e+16	9.79e-01	2.11e-02	8.30e-05
 1.11624e+16	9.79e-01	2.08e-02	8.04e-05
 1.11762e+16	9.79e-01	2.05e-02	7.81e-05
 1.11914e+16	9.80e-01	2.02e-02	7.55e-05
 1.12078e+16	9.80e-01	1.98e-02	7.30e-05
 1.12228e+16	9.80e-01	1.95e-02	7.08e-05
 1.12364e+16	9.81e-01	1.92e-02	6.89e-05
 1.12513e+16	9.81e-01	1.89e-02	6.67e-05
 1.12673e+16	9.81e-01	1.86e-02	6.46e-05
 1.12820e+16	9.82e-01	1.84e-02	6.27e-05
 1.12980e+16	9.82e-01	1.81e-02	6.06e-05
 1.13153e+16	9.82e-01	1.78e-02	5.86e-05
 1.13310e+16	9.82e-01	1.75e-02	5.69e-05
 1.13483e+16	9.83e-01	1.72e-02	5.49e-05
 1.13669e+16	9.83e-01	1.69e-02	5.29e-05
 1.13839e+16	9.83e-01	1.66e-02	5.12e-05
 1.13993e+16	9.84e-01	1.63e-02	4.97e-05
 1.14162e+16	9.84e-01	1.61e-02	4.81e-05
 1.14345e+16	9.84e-01	1.58e-02	4.65e-05
 1.14511e+16	9.84e-01	1.55e-02	4.51e-05
 1.14693e+16	9.85e-01	1.53e-02	4.35e-05
 1.14889e+16	9.85e-01	1.50e-02	4.19e-05
 1.15068e+16	9.85e-01	1.47e-02	4.06e-05
 1.15264e+16	9.86e-01	1.45e-02	3.91e-05
 1.15476e+16	9.86e-01	1.42e-02	3.76e-05
 1.15668e+16	9.86e-01	1.39e-02	3.63e-05
 1.15879e+16	9.86e-01	1.37e-02	3.49e-05
 1.16107e+16	9.87e-01	1.34e-02	3.36e-05
 1.16314e+16	9.87e-01	1.31e-02	3.24e-05
 1.16541e+16	9.87e-01	1.29e-02	3.11e-05
 1.16786e+16	9.87e-01	1.26e-02	2.98e-05
 1.17009e+16	9.88e-01	1.24e-02	2.87e-05
 1.17212e+16	9.88e-01	1.22e-02	2.77e-05
 1.17434e+16	9.88e-01	1.19e-02	2.67e-05
 1.17675e+16	9.88e-01	1.17e-02	2.56e-05
 1.17893e+16	9.89e-01	1.15e-02	2.47e-05
 1.18133e+16	9.89e-01	1.12e-02	2.37e-05
 1.18391e+16	9.89e-01	1.10e-02	2.27e-05
 1.18626e+16	9.89e-01	1.08e-02	2.19e-05
 1.18884e+16	9.89e-01	1.06e-02	2.10e-05
 1.19162e+16	9.90e-01	1.03e-02	2.01e-05
 1.19416e+16	9.90e-01	1.01e-02	1.93e-05
 1.19693e+16	9.90e-01	9.88e-03	1.84e-05
 1.19993e+16	9.90e-01	9.65e-03	1.76e-05
 1.20265e+16	9.91e-01	9.45e-03	1.69e-05
 1.20564e+16	9.91e-01	9.22e-03	1.61e-05
 1.20887e+16	9.91e-01	9.00e-03	1.53e-05
 1.21180e+16	9.91e-01	8.80e-03	1.47e-05
 1.21502e+16	9.91e-01	8.58e-03	1.39e-05
 1.21849e+16	9.92e-01	8.36e-03	1.33e-05
 1.22165e+16	9.92e-01	8.17e-03	1.27e-05
 1.22511e+16	9.92e-01	7.96e-03	1.20e-05
 1.22885e+16	9.92e-01	7.75e-03	1.14e-05
 1.23225e+16	9.92e-01	7.56e-03	1.09e-05
 1.23598e+16	9.93e-01	7.35e-03	1.03e-05
 1.24000e+16	9.93e-01	7.15e-03	9.72e-06
 1.24366e+16	9.93e-01	6.97e-03	9.24e-06
 1.24768e+16	9.93e-01	6.77e-03	8.72e-06
 1.25289e+16	9.93e-01	6.52e-03	8.10e-06
 1.25888e+16	9.94e-01	6.25e-03	7.46e-06
 1.26490e+16	9.94e-01	6.00e-03	6.89e-06
 1.27094e+16	9.94e-01	5.77e-03	6.36e-06
 1.27723e+16	9.94e-01	5.53e-03	5.85e-06
 1.28381e+16	9.95e-01	5.30e-03	5.38e-06
 1.29061e+16	9.95e-01	5.07e-03	4.93e-06
 1.29762e+16	9.95e-01	4.85e-03	4.51e-06
 1.30489e+16	9.95e-01	4.63e-03	4.12e-06
 1.31242e+16	9.96e-01	4.42e-03	3.75e-06
 1.32018e+16	9.96e-01	4.21e-03	3.42e-06
 1.32812e+16	9.96e-01	4.01e-03	3.11e-06
 1.33618e+16	9.96e-01	3.82e-03	2.82e-06
 1.34436e+16	9.96e-01	3.64e-03	2.56e-06
 1.35270e+16	9.97e-01	3.47e-03	2.33e-06
 1.36119e+16	9.97e-01	3.30e-03	2.11e-06
 1.36972e+16	9.97e-01	3.15e-03	1.92e-06
 1.37837e+16	9.97e-01	3.00e-03	1.74e-06
 1.38731e+16	9.97e-01	2.85e-03	1.58e-06
 1.39646e+16	9.97e-01	2.71e-03	1.42e-06
 1.40575e+16	9.97e-01	2.57e-03	1.29e-06
 1.41518e+16	9.98e-01	2.44e-03	1.16e-06
 1.42478e+16	9.98e-01	2.32e-03	1.05e-06
 1.43459e+16	9.98e-01	2.20e-03	9.45e-07
 1.44458e+16	9.98e-01	2.09e-03	8.50e-07
 1.45474e+16	9.98e-01	1.98e-03	7.65e-07
 1.46509e+16	9.98e-01	1.87e-03	6.87e-07
 1.47564e+16	9.98e-01	1.77e-03	6.16e-07
 1.48642e+16	9.98e-01	1.68e-03	5.52e-07
 1.49741e+16	9.98e-01	1.59e-03	4.94e-07
 1.50862e+16	9.99e-01	1.50e-03	4.41e-07
 1.52006e+16	9.99e-01	1.42e-03	3.94e-07
 1.53173e+16	9.99e-01	1.34e-03	3.51e-07
 1.54366e+16	9.99e-01	1.26e-03	3.12e-07
 1.55585e+16	9.99e-01	1.19e-03	2.77e-07
 1.56832e+16	9.99e-01	1.12e-03	2.46e-07
 1.58108e+16	9.99e-01	1.05e-03	2.17e-07
 1.59414e+16	9.99e-01	9.85e-04	1.92e-07
 1.60751e+16	9.99e-01	9.24e-04	1.69e-07
 1.62123e+16	9.99e-01	8.66e-04	1.48e-07
 1.63531e+16	9.99e-01	8.10e-04	1.30e-07
 1.64977e+16	9.99e-01	7.57e-04	1.14e-07
 1.66464e+16	9.99e-01	7.06e-04	9.89e-08
 1.67994e+16	9.99e-01	6.58e-04	8.60e-08
 1.69560e+16	9.99e-01	6.12e-04	7.47e-08
 1.71149e+16	9.99e-01	5.70e-04	6.46e-08
 1.72795e+16	9.99e-01	5.28e-04	5.56e-08
 1.74538e+16	1.00e+00	4.88e-04	4.75e-08
 1.76355e+16	1.00e+00	4.50e-04	4.04e-08
 1.78234e+16	1.00e+00	4.13e-04	3.42e-08
 1.80184e+16	1.00e+00	3.79e-04	2.87e-08
 1.82223e+16	1.00e+00	3.46e-04	2.40e-08
 1.84361e+16	1.00e+00	3.15e-04	1.99e-08
 1.86609e+16	1.00e+00	2.85e-04	1.63e-08
 1.88980e+16	1.00e+00	2.57e-04	1.33e-08
 1.91498e+16	1.00e+00	2.31e-04	1.07e-08
 1.94206e+16	1.00e+00	2.05e-04	8.47e-09
 1.97067e+16	1.00e+00	1.82e-04	6.64e-09
 2.00138e+16	1.00e+00	1.59e-04	5.11e-09
 2.03525e+16	1.00e+00	1.38e-04	3.84e-09
 2.07235e+16	1.00e+00	1.18e-04	2.81e-09
 2.11331e+16	1.00e+00	9.95e-05	2.00e-09
 2.15875e+16	1.00e+00	8.25e-05	1.38e-09
 2.21176e+16	1.00e+00	6.64e-05	8.91e-10
 2.27255e+16	1.00e+00	5.21e-05	5.49e-10
 2.33518e+16	1.00e+00	4.08e-05	3.38e-10
 2.39642e+16	1.00e+00	3.23e-05	2.12e-10
 2.45713e+16	1.00e+00	2.57e-05	1.35e-10
 2.51884e+16	1.00e+00	2.05e-05	8.53e-11
 2.58191e+16	1.00e+00	1.63e-05	5.40e-11
 2.64621e+16	1.00e+00	1.29e-05	3.42e-11
 2.71155e+16	1.00e+00	1.03e-05	2.17e-11
 2.77787e+16	1.00e+00	8.20e-06	1.38e-11
 2.84558e+16	1.00e+00	6.53e-06	8.74e-12
 2.91483e+16	1.00e+00	5.19e-06	5.54e-12
 2.98535e+16	1.00e+00	4.14e-06	3.52e-12
 3.05760e+16	1.00e+00	3.29e-06	2.23e-12
 3.13193e+16	1.00e+00	2.61e-06	1.41e-12
 3.20797e+16	1.00e+00	2.07e-06	8.86e-13
 3.28583e+16	1.00e+00	1.64e-06	5.56e-13
 3.36600e+16	1.00e+00	1.30e-06	3.48e-13
 3.44873e+16	1.00e+00	1.02e-06	2.16e-13
 3.53455e+16	1.00e+00	8.02e-07	1.33e-13
 3.62394e+16	1.00e+00	6.27e-07	8.14e-14
 3.71756e+16	1.00e+00	4.86e-07	4.90e-14
 3.81633e+16	1.00e+00	3.73e-07	2.90e-14
 3.92176e+16	1.00e+00	2.84e-07	1.67e-14
 4.03223e+16	1.00e+00	2.14e-07	9.56e-15
 4.14296e+16	1.00e+00	1.63e-07	5.53e-15
 4.25193e+16	1.00e+00	1.25e-07	3.27e-15
 4.35929e+16	1.00e+00	9.69e-08	1.96e-15
 4.46551e+16	1.00e+00	7.56e-08	1.20e-15
 4.57025e+16	1.00e+00	5.95e-08	7.44e-16
 4.67280e+16	1.00e+00	4.73e-08	4.70e-16
 4.77287e+16	1.00e+00	3.79e-08	3.03e-16
 4.87017e+16	1.00e+00	3.07e-08	1.99e-16
 4.96441e+16	1.00e+00	2.51e-08	1.33e-16
 5.05548e+16	1.00e+00	2.08e-08	9.13e-17
 5.14320e+16	1.00e+00	1.73e-08	6.36e-17
 5.22741e+16	1.00e+00	1.46e-08	4.52e-17
 5.30823e+16	1.00e+00	1.24e-08	3.27e-17
 5.38567e+16	1.00e+00	1.06e-08	2.41e-17
 5.45971e+16	1.00e+00	9.21e-09	1.80e-17
 5.53038e+16	1.00e+00	8.03e-09	1.37e-17
 5.59777e+16	1.00e+00	7.06e-09	1.06e-17
 5.66202e+16	1.00e+00	6.25e-09	8.34e-18
 5.72324e+16	1.00e+00	5.57e-09	6.63e-18
 5.78155e+16	1.00e+00	5.00e-09	5.34e-18
 5.83704e+16	1.00e+00	4.51e-09	4.36e-18
 5.88983e+16	1.00e+00	4.10e-09	3.60e-18
 5.94004e+16	1.00e+00	3.74e-09	3.00e-18
 5.98779e+16	1.00e+00	3.43e-09	2.53e-18
 6.03322e+16	1.00e+00	3.16e-09	2.15e-18
 6.07643e+16	1.00e+00	2.93e-09	1.84e-18
 6.11754e+16	1.00e+00	2.72e-09	1.60e-18
 6.15666e+16	1.00e+00	2.54e-09	1.39e-18
 6.19389e+16	1.00e+00	2.38e-09	1.22e-18
 6.22932e+16	1.00e+00	2.24e-09	1.08e-18
 6.26303e+16	1.00e+00	2.11e-09	9.62e-19
 6.29514e+16	1.00e+00	2.00e-09	8.62e-19
 6.32574e+16	1.00e+00	1.90e-09	7.77e-19
 6.35493e+16	1.00e+00	1.80e-09	7.03e-19
 6.38278e+16	1.00e+00	1.72e-09	6.40e-19
 6.40934e+16	1.00e+00	1.64e-09	5.85e-19
 6.43471e+16	1.00e+00	1.58e-09	5.37e-19
 6.45895e+16	1.00e+00	1.51e-09	4.95e-19
 6.48215e+16	1.00e+00	1.45e-09	4.58e-19
 6.50439e+16	1.00e+00	1.40e-09	4.26e-19
 6.52572e+16	1.00e+00	1.35e-09	3.97e-19
 6.54617e+16	1.00e+00	1.31e-09	3.71e-19
 6.56583e+16	1.00e+00	1.26e-09	3.47e-19
 6.58475e+16	1.00e+00	1.23e-09	3.26e-19
 6.60300e+16	1.00e+00	1.19e-09	3.07e-19
 6.62064e+16	1.00e+00	1.16e-09	2.90e-19
 6.63771e+16	1.00e+00	1.12e-09	2.74e-19
 6.65427e+16	1.00e+00	1.09e-09	2.60e-19
 6.67038e+16	1.00e+00	1.06e-09	2.46e-19
 6.68609e+16	1.00e+00	1.04e-09	2.34e-19
 6.70148e+16	1.00e+00	1.01e-09	2.23e-19
 6.71659e+16	1.00e+00	9.87e-10	2.12e-19
 6.73151e+16	1.00e+00	9.63e-10	2.02e-19
 6.74630e+16	1.00e+00	9.40e-10	1.93e-19
 6.76103e+16	1.00e+00	9.18e-10	1.84e-19
 6.77580e+16	1.00e+00	8.96e-10	1.75e-19
 6.79071e+16	1.00e+00	8.75e-10	1.67e-19
 6.80588e+16	1.00e+00	8.54e-10	1.59e-19
 6.82145e+16	1.00e+00	8.32e-10	1.51e-19
 6.83762e+16	1.00e+00	8.11e-10	1.43e-19
 6.85459e+16	1.00e+00	7.89e-10	1.36e-19
 6.87265e+16	1.00e+00	7.66e-10	1.28e-19
 6.89219e+16	1.00e+00	7.42e-10	1.20e-19
 6.91376e+16	1.00e+00	7.16e-10	1.12e-19
 6.93808e+16	1.00e+00	6.89e-10	1.04e-19
 6.96626e+16	1.00e+00	6.58e-10	9.47e-20
 6.99994e+16	1.00e+00	6.23e-10	8.50e-20
 7.04174e+16	1.00e+00	5.82e-10	7.43e-20
 7.09542e+16	1.00e+00	5.34e-10	6.25e-20
 7.16520e+16	1.00e+00	4.77e-10	5.01e-20
 7.25591e+16	1.00e+00	4.13e-10	3.76e-20
 7.37384e+16	1.00e+00	3.44e-10	2.61e-20
 7.52715e+16	1.00e+00	2.72e-10	1.63e-20
 7.72645e+16	1.00e+00	2.01e-10	9.00e-21
 7.97849e+16	1.00e+00	1.40e-10	0.00e+00
 8.25998e+16	1.00e+00	9.44e-11	0.00e+00
 8.54419e+16	1.00e+00	6.44e-11	0.00e+00
 8.82841e+16	1.00e+00	4.43e-11	0.00e+00
 9.11262e+16	1.00e+00	3.08e-11	0.00e+00
 9.41123e+16	1.00e+00	2.12e-11	0.00e+00
 9.72422e+16	1.00e+00	1.45e-11	0.00e+00
 1.00372e+17	1.00e+00	1.00e-11	0.00e+00
 1.03502e+17	1.00e+00	7.01e-12	0.00e+00
 1.06632e+17	1.00e+00	4.94e-12	0.00e+00
 1.09762e+17	1.00e+00	3.52e-12	0.00e+00
 1.12892e+17	1.00e+00	2.53e-12	0.00e+00
 1.16022e+17	1.00e+00	1.83e-12	0.00e+00
 1.19152e+17	1.00e+00	1.34e-12	0.00e+00
 1.22282e+17	1.00e+00	9.91e-13	0.00e+00
 1.25413e+17	1.00e+00	7.39e-13	0.00e+00
 1.28543e+17	1.00e+00	5.56e-13	0.00e+00
 1.32071e+17	1.00e+00	4.07e-13	0.00e+00
 1.36074e+17	1.00e+00	2.89e-13	0.00e+00
 1.40400e+17	1.00e+00	2.03e-13	0.00e+00
 1.44616e+17	1.00e+00	1.46e-13	0.00e+00
 1.47573e+17	1.00e+00	1.19e-13	0.00e+00
 1.49066e+17	1.00e+00	1.08e-13	0.00e+00
 1.49805e+17	1.00e+00	1.04e-13	0.00e+00
 1.50243e+17	1.00e+00	1.01e-13	0.00e+00
 1.50519e+17	1.00e+00	9.95e-14	0.00e+00
 1.50736e+17	1.00e+00	9.81e-14	0.00e+00
 1.50961e+17	1.00e+00	9.67e-14	0.00e+00
 1.51216e+17	1.00e+00	9.52e-14	0.00e+00
 1.51468e+17	1.00e+00	9.37e-14	0.00e+00
 1.51679e+17	1.00e+00	9.25e-14	0.00e+00
 1.51864e+17	1.00e+00	9.14e-14	0.00e+00
 1.52048e+17	1.00e+00	9.04e-14	0.00e+00
 1.52239e+17	1.00e+00	8.92e-14	0.00e+00
 1.52423e+17	1.00e+00	8.82e-14	0.00e+00
 1.52579e+17	1.00e+00	8.74e-14	0.00e+00
 1.52722e+17	1.00e+00	8.66e-14	0.00e+00
 1.52872e+17	1.00e+00	8.57e-14	0.00e+00
 1.53016e+17	1.00e+00	8.49e-14	0.00e+00
 1.53144e+17	1.00e+00	8.42e-14	0.00e+00
 1.53261e+17	1.00e+00	8.36e-14	0.00e+00
 1.53381e+17	1.00e+00	8.29e-14	0.00e+00
 1.53501e+17	1.00e+00	8.23e-14	0.00e+00
 1.53610e+17	1.00e+00	8.17e-14	0.00e+00
 1.53711e+17	1.00e+00	8.12e-14	0.00e+00
 1.53813e+17	1.00e+00	8.06e-14	0.00e+00
 1.53915e+17	1.00e+00	8.01e-14	0.00e+00
 1.54016e+17	1.00e+00	7.95e-14	0.00e+00
 1.54107e+17	1.00e+00	7.91e-14	0.00e+00
 1.54197e+17	1.00e+00	7.86e-14	0.00e+00
 1.54294e+17	1.00e+00	7.80e-14	0.00e+00
 1.54384e+17	1.00e+00	7.75e-14	0.00e+00
 1.54469e+17	1.00e+00	7.72e-14	0.00e+00
 1.54554e+17	1.00e+00	7.67e-14	0.00e+00
 1.54641e+17	1.00e+00	7.62e-14	0.00e+00
 1.54727e+17	1.00e+00	7.57e-14	0.00e+00
 1.54810e+17	1.00e+00	7.53e-14	0.00e+00
 1.54891e+17	1.00e+00	7.49e-14	0.00e+00
 1.54976e+17	1.00e+00	7.44e-14	0.00e+00
 1.55064e+17	1.00e+00	7.39e-14	0.00e+00
 1.55148e+17	1.00e+00	7.34e-14	0.00e+00
 1.55232e+17	1.00e+00	7.30e-14	0.00e+00
 1.55318e+17	1.00e+00	7.25e-14	0.00e+00
 1.55407e+17	1.00e+00	7.20e-14	0.00e+00
 1.55497e+17	1.00e+00	7.16e-14	0.00e+00
 1.55588e+17	1.00e+00	7.10e-14	0.00e+00
 1.55675e+17	1.00e+00	7.06e-14	0.00e+00
 1.55762e+17	1.00e+00	7.02e-14	0.00e+00
 1.55855e+17	1.00e+00	6.96e-14	0.00e+00
 1.55957e+17	1.00e+00	6.91e-14	0.00e+00
 1.56068e+17	1.00e+00	6.84e-14	0.00e+00
 1.56180e+17	1.00e+00	6.78e-14	0.00e+00
 1.56270e+17	1.00e+00	6.74e-14	0.00e+00
 1.56353e+17	1.00e+00	6.71e-14	0.00e+00
 1.56461e+17	1.00e+00	6.64e-14	0.00e+00
 1.56583e+17	1.00e+00	6.57e-14	0.00e+00
 1.56698e+17	1.00e+00	6.51e-14	0.00e+00
 1.56810e+17	1.00e+00	6.45e-14	0.00e+00
 1.56926e+17	1.00e+00	6.39e-14	0.00e+00
 1.57049e+17	1.00e+00	6.33e-14	0.00e+00
 1.57181e+17	1.00e+00	6.26e-14	0.00e+00
 1.57314e+17	1.00e+00	6.19e-14	0.00e+00
 1.57446e+17	1.00e+00	6.12e-14	0.00e+00
 1.57577e+17	1.00e+00	6.05e-14	0.00e+00
 1.57712e+17	1.00e+00	5.99e-14	0.00e+00
 1.57853e+17	1.00e+00	5.92e-14	0.00e+00
 1.58003e+17	1.00e+00	5.84e-14	0.00e+00
 1.58159e+17	1.00e+00	5.76e-14	0.00e+00
 1.58317e+17	1.00e+00	5.69e-14	0.00e+00
 1.58476e+17	1.00e+00	5.61e-14	0.00e+00
 1.58628e+17	1.00e+00	5.54e-14	0.00e+00
 1.58795e+17	1.00e+00	5.46e-14	0.00e+00
 1.58986e+17	1.00e+00	5.37e-14	0.00e+00
 1.59179e+17	1.00e+00	5.28e-14	0.00e+00
 1.59365e+17	1.00e+00	5.19e-14	0.00e+00
 1.59546e+17	1.00e+00	5.11e-14	0.00e+00
 1.59736e+17	1.00e+00	5.02e-14	0.00e+00
 1.59948e+17	1.00e+00	4.93e-14	0.00e+00
 1.60172e+17	1.00e+00	4.83e-14	0.00e+00
 1.60383e+17	1.00e+00	4.74e-14	0.00e+00
 1.60597e+17	1.00e+00	4.65e-14	0.00e+00
 1.60835e+17	1.00e+00	4.55e-14	0.00e+00
 1.61074e+17	1.00e+00	4.45e-14	0.00e+00
 1.61313e+17	1.00e+00	4.35e-14	0.00e+00
 1.61564e+17	1.00e+00	4.25e-14	0.00e+00
 1.61824e+17	1.00e+00	4.15e-14	0.00e+00
 1.62090e+17	1.00e+00	4.04e-14	0.00e+00
 1.62358e+17	1.00e+00	3.94e-14	0.00e+00
 1.62634e+17	1.00e+00	3.84e-14	0.00e+00
 1.62924e+17	1.00e+00	3.73e-14	0.00e+00
 1.63222e+17	1.00e+00	3.63e-14	0.00e+00
 1.63525e+17	1.00e+00	3.52e-14	0.00e+00
 1.63832e+17	1.00e+00	3.41e-14	0.00e+00
 1.64144e+17	1.00e+00	3.31e-14	0.00e+00
 1.64470e+17	1.00e+00	3.20e-14	0.00e+00
 1.64812e+17	1.00e+00	3.10e-14	0.00e+00
 1.65166e+17	1.00e+00	2.99e-14	0.00e+00
 1.65527e+17	1.00e+00	2.88e-14	0.00e+00
 1.65886e+17	1.00e+00	2.77e-14	0.00e+00
 1.66264e+17	1.00e+00	2.67e-14	0.00e+00
 1.66664e+17	1.00e+00	2.56e-14	0.00e+00
 1.67061e+17	1.00e+00	2.45e-14	0.00e+00
 1.67457e+17	1.00e+00	2.35e-14	0.00e+00
 1.67871e+17	1.00e+00	2.25e-14	0.00e+00
 1.68311e+17	1.00e+00	2.15e-14	0.00e+00
 1.68771e+17	1.00e+00	2.05e-14	0.00e+00
 1.69245e+17	1.00e+00	1.95e-14	0.00e+00
 1.69730e+17	1.00e+00	1.85e-14	0.00e+00
 1.70223e+17	1.00e+00	1.75e-14	0.00e+00
 1.70721e+17	1.00e+00	1.66e-14	0.00e+00
 1.71250e+17	1.00e+00	1.57e-14	0.00e+00
 1.71833e+17	1.00e+00	1.47e-14	0.00e+00
 1.72430e+17	1.00e+00	1.38e-14	0.00e+00
 1.73025e+17	1.00e+00	1.30e-14	0.00e+00
 1.73618e+17	1.00e+00	1.22e-14	0.00e+00
 1.74173e+17	1.00e+00	1.15e-14	0.00e+00
 1.74671e+17	1.00e+00	1.09e-14	0.00e+00
 1.75129e+17	1.00e+00	1.03e-14	0.00e+00
 1.75568e+17	1.00e+00	9.86e-15	0.00e+00
 1.75998e+17	1.00e+00	9.41e-15	0.00e+00
 1.76413e+17	1.00e+00	8.99e-15	0.00e+00
 1.76803e+17	1.00e+00	8.60e-15	0.00e+00
 1.77166e+17	1.00e+00	8.26e-15	0.00e+00
 1.77505e+17	1.00e+00	7.94e-15	0.00e+00
 1.77828e+17	1.00e+00	7.64e-15	0.00e+00
 1.78134e+17	1.00e+00	7.38e-15	0.00e+00
 1.78423e+17	1.00e+00	7.13e-15	0.00e+00
 1.78695e+17	1.00e+00	6.90e-15	0.00e+00
 1.78952e+17	1.00e+00	6.69e-15	0.00e+00
 1.79198e+17	1.00e+00	6.50e-15	0.00e+00
 1.79433e+17	1.00e+00	6.32e-15	0.00e+00
 1.79659e+17	1.00e+00	6.16e-15	0.00e+00
 1.79875e+17	1.00e+00	6.00e-15	0.00e+00
 1.80084e+17	1.00e+00	5.85e-15	0.00e+00
 1.80285e+17	1.00e+00	5.71e-15	0.00e+00
 1.80480e+17	1.00e+00	5.57e-15	0.00e+00
 1.80668e+17	1.00e+00	5.44e-15	0.00e+00
 1.80851e+17	1.00e+00	5.32e-15	0.00e+00
 1.81030e+17	1.00e+00	5.21e-15	0.00e+00
 1.81205e+17	1.00e+00	5.10e-15	0.00e+00
 1.81376e+17	1.00e+00	5.00e-15	0.00e+00
 1.81545e+17	1.00e+00	4.90e-15	0.00e+00
 1.81710e+17	1.00e+00	4.80e-15	0.00e+00
 1.81871e+17	1.00e+00	4.71e-15	0.00e+00
 1.82030e+17	1.00e+00	4.62e-15	0.00e+00
 1.82187e+17	1.00e+00	4.54e-15	0.00e+00
 1.82366e+17	1.00e+00	4.45e-15	0.00e+00
 1.82598e+17	1.00e+00	4.33e-15	0.00e+00
 1.82901e+17	1.00e+00	4.19e-15	0.00e+00
 1.83294e+17	1.00e+00	4.01e-15	0.00e+00
 1.83805e+17	1.00e+00	3.79e-15	0.00e+00
 1.84450e+17	1.00e+00	3.53e-15	0.00e+00
 1.85151e+17	1.00e+00	3.27e-15	0.00e+00
 1.85782e+17	1.00e+00	3.05e-15	0.00e+00
 1.86317e+17	1.00e+00	2.88e-15	0.00e+00
 1.86818e+17	1.00e+00	2.73e-15	0.00e+00
 1.87346e+17	1.00e+00	2.59e-15	0.00e+00
 1.87919e+17	1.00e+00	2.45e-15	0.00e+00
 1.88508e+17	1.00e+00	2.31e-15	0.00e+00
 1.89082e+17	1.00e+00	2.18e-15	0.00e+00
 1.89642e+17	1.00e+00	2.06e-15	0.00e+00
 1.90214e+17	1.00e+00	1.96e-15	0.00e+00
 1.90819e+17	1.00e+00	1.85e-15	0.00e+00
 1.91465e+17	1.00e+00	1.74e-15	0.00e+00
 1.92147e+17	1.00e+00	1.64e-15	0.00e+00
 1.92869e+17	1.00e+00	1.53e-15	0.00e+00
 1.93654e+17	1.00e+00	1.43e-15	0.00e+00
 1.94544e+17	1.00e+00	1.32e-15	0.00e+00
 1.95601e+17	1.00e+00	1.21e-15	0.00e+00
 1.96925e+17	1.00e+00	1.08e-15	0.00e+00
 1.98636e+17	1.00e+00	9.30e-16	0.00e+00
 2.00861e+17	1.00e+00	7.73e-16	0.00e+00
 2.03753e+17	1.00e+00	6.11e-16	0.00e+00
 2.07512e+17	1.00e+00	4.53e-16	0.00e+00
 2.12400e+17	1.00e+00	3.10e-16	0.00e+00
 2.18754e+17	1.00e+00	1.91e-16	0.00e+00
 2.26792e+17	1.00e+00	1.06e-16	0.00e+00
 2.35864e+17	1.00e+00	5.49e-17	0.00e+00
 2.44483e+17	1.00e+00	3.01e-17	0.00e+00
 2.51816e+17	1.00e+00	1.80e-17	0.00e+00
 2.58223e+17	1.00e+00	1.16e-17	0.00e+00
 2.65278e+17	1.00e+00	6.88e-18	0.00e+00
 2.73172e+17	1.00e+00	3.98e-18	0.00e+00
 2.80233e+17	1.00e+00	2.45e-18	0.00e+00
 2.86131e+17	1.00e+00	1.58e-18	0.00e+00
 2.92309e+17	1.00e+00	1.02e-18	0.00e+00
 2.98727e+17	1.00e+00	6.42e-19	0.00e+00
 3.04316e+17	1.00e+00	4.24e-19	0.00e+00
 3.08482e+17	1.00e+00	3.10e-19	0.00e+00
 3.10982e+17	1.00e+00	2.55e-19	0.00e+00
 3.12482e+17	1.00e+00	2.25e-19	0.00e+00
 3.13382e+17	1.00e+00	2.09e-19	0.00e+00
 3.13922e+17	1.00e+00	2.00e-19	0.00e+00
 3.14248e+17	1.00e+00	1.94e-19	0.00e+00
 3.14494e+17	1.00e+00	1.90e-19	0.00e+00
 3.14777e+17	1.00e+00	1.86e-19	0.00e+00
 3.15145e+17	1.00e+00	1.80e-19	0.00e+00
 3.15599e+17	1.00e+00	1.73e-19	0.00e+00
 3.16068e+17	1.00e+00	1.66e-19	0.00e+00
 3.16460e+17	1.00e+00	1.60e-19	0.00e+00
 3.16768e+17	1.00e+00	1.56e-19	0.00e+00
 3.17053e+17	1.00e+00	1.52e-19	0.00e+00
 3.17386e+17	1.00e+00	1.47e-19	0.00e+00
 3.17793e+17	1.00e+00	1.42e-19	0.00e+00
 3.18217e+17	1.00e+00	1.37e-19	0.00e+00
 3.18576e+17	1.00e+00	1.32e-19	0.00e+00
 3.18861e+17	1.00e+00	1.28e-19	0.00e+00
 3.19122e+17	1.00e+00	1.25e-19	0.00e+00
 3.19422e+17	1.00e+00	1.22e-19	0.00e+00
 3.19785e+17	1.00e+00	1.18e-19	0.00e+00
 3.20167e+17	1.00e+00	1.13e-19	0.00e+00
 3.20496e+17	1.00e+00	1.09e-19	0.00e+00
 3.20759e+17	1.00e+00	1.06e-19	0.00e+00
 3.20998e+17	1.00e+00	1.04e-19	0.00e+00
 3.21267e+17	1.00e+00	1.01e-19	0.00e+00
 3.21590e+17	1.00e+00	9.77e-20	0.00e+00
 3.21933e+17	1.00e+00	9.41e-20	0.00e+00
 3.22235e+17	1.00e+00	9.10e-20	0.00e+00
 3.22480e+17	1.00e+00	8.85e-20	0.00e+00
 3.22701e+17	1.00e+00	8.63e-20	0.00e+00
 3.22944e+17	1.00e+00	8.40e-20	0.00e+00
 3.23233e+17	1.00e+00	8.13e-20	0.00e+00
 3.23542e+17	1.00e+00	7.83e-20	0.00e+00
 3.23820e+17	1.00e+00	7.57e-20	0.00e+00
