#depth	N	N+	N+2	N+3	N+4	N+5	N+6	N+7
 1.49634e+10	0.00e+00	2.15e-33	2.08e-24	3.59e-16	1.08e-08	9.96e-01	3.62e-03	0.00e+00
 4.54887e+10	3.64e-43	3.02e-33	2.69e-24	4.27e-16	1.18e-08	9.97e-01	3.31e-03	4.82e-09
 7.72350e+10	0.00e+00	4.24e-33	3.47e-24	5.08e-16	1.29e-08	9.97e-01	3.03e-03	0.00e+00
 1.10251e+11	8.45e-43	5.95e-33	4.49e-24	6.06e-16	1.40e-08	9.97e-01	2.77e-03	0.00e+00
 1.42362e+11	0.00e+00	8.17e-33	5.72e-24	7.14e-16	1.53e-08	9.97e-01	2.55e-03	0.00e+00
 1.72753e+11	1.80e-42	1.09e-32	7.14e-24	8.30e-16	1.65e-08	9.98e-01	2.36e-03	0.00e+00
 2.06587e+11	0.00e+00	1.50e-32	9.07e-24	9.77e-16	1.79e-08	9.98e-01	2.18e-03	0.00e+00
 2.44777e+11	4.07e-42	2.10e-32	1.18e-23	1.17e-15	1.96e-08	9.98e-01	1.99e-03	0.00e+00
 2.82900e+11	0.00e+00	2.92e-32	1.51e-23	1.39e-15	2.14e-08	9.98e-01	1.82e-03	0.00e+00
 3.22548e+11	9.22e-42	4.06e-32	1.94e-23	1.65e-15	2.34e-08	9.98e-01	1.67e-03	0.00e+00
 3.65377e+11	0.00e+00	5.72e-32	2.53e-23	1.97e-15	2.57e-08	9.98e-01	1.53e-03	0.00e+00
 4.09919e+11	2.16e-41	8.06e-32	3.28e-23	2.36e-15	2.82e-08	9.99e-01	1.39e-03	0.00e+00
 4.54113e+11	0.00e+00	1.12e-31	4.22e-23	2.81e-15	3.08e-08	9.99e-01	1.27e-03	0.00e+00
 5.00076e+11	4.86e-41	1.55e-31	5.43e-23	3.35e-15	3.37e-08	9.99e-01	1.17e-03	0.00e+00
 5.50006e+11	0.00e+00	2.19e-31	7.07e-23	4.02e-15	3.70e-08	9.99e-01	1.06e-03	0.00e+00
 6.01933e+11	1.14e-40	3.08e-31	9.21e-23	4.83e-15	4.07e-08	9.99e-01	9.67e-04	0.00e+00
 6.55937e+11	0.00e+00	4.34e-31	1.20e-22	5.80e-15	4.48e-08	9.99e-01	8.80e-04	0.00e+00
 7.12101e+11	2.64e-40	6.11e-31	1.56e-22	6.98e-15	4.93e-08	9.99e-01	8.01e-04	0.00e+00
 7.70512e+11	0.00e+00	8.58e-31	2.03e-22	8.39e-15	5.43e-08	9.99e-01	7.28e-04	0.00e+00
 8.23461e+11	5.78e-40	1.15e-30	2.56e-22	9.87e-15	5.91e-08	9.99e-01	6.70e-04	0.00e+00
 8.67778e+11	0.00e+00	1.47e-30	3.08e-22	1.13e-14	6.33e-08	9.99e-01	6.26e-04	0.00e+00
 9.16413e+11	1.06e-39	1.89e-30	3.76e-22	1.29e-14	6.81e-08	9.99e-01	5.83e-04	0.00e+00
 9.77743e+11	0.00e+00	2.58e-30	4.79e-22	1.54e-14	7.45e-08	9.99e-01	5.33e-04	0.00e+00
 1.04158e+12	2.27e-39	3.52e-30	6.11e-22	1.82e-14	8.16e-08	1.00e+00	4.88e-04	0.00e+00
 1.09630e+12	0.00e+00	4.54e-30	7.46e-22	2.10e-14	8.79e-08	1.00e+00	4.53e-04	0.00e+00
 1.15315e+12	4.24e-39	5.87e-30	9.12e-22	2.43e-14	9.48e-08	1.00e+00	4.21e-04	0.00e+00
 1.22396e+12	0.00e+00	7.97e-30	1.16e-21	2.88e-14	1.04e-07	1.00e+00	3.85e-04	0.00e+00
 1.29567e+12	8.86e-39	1.07e-29	1.47e-21	3.41e-14	1.14e-07	1.00e+00	3.52e-04	0.00e+00
 1.35816e+12	0.00e+00	1.38e-29	1.79e-21	3.93e-14	1.23e-07	1.00e+00	3.27e-04	0.00e+00
 1.42588e+12	1.65e-38	1.79e-29	2.19e-21	4.56e-14	1.33e-07	1.00e+00	3.03e-04	0.00e+00
 1.50841e+12	0.00e+00	2.43e-29	2.79e-21	5.42e-14	1.45e-07	1.00e+00	2.77e-04	0.00e+00
 1.59242e+12	3.42e-38	3.26e-29	3.53e-21	6.42e-14	1.59e-07	1.00e+00	2.53e-04	0.00e+00
 1.66945e+12	0.00e+00	4.24e-29	4.34e-21	7.46e-14	1.72e-07	1.00e+00	2.34e-04	0.00e+00
 1.75516e+12	6.58e-38	5.61e-29	5.42e-21	8.75e-14	1.88e-07	1.00e+00	2.15e-04	0.00e+00
 1.85464e+12	0.00e+00	7.65e-29	6.93e-21	1.05e-13	2.07e-07	1.00e+00	1.96e-04	0.00e+00
 1.95287e+12	1.37e-37	1.03e-28	8.75e-21	1.24e-13	2.26e-07	1.00e+00	1.79e-04	0.00e+00
 2.04688e+12	0.00e+00	1.34e-28	1.08e-20	1.44e-13	2.46e-07	1.00e+00	1.65e-04	0.00e+00
 2.15054e+12	2.68e-37	1.79e-28	1.36e-20	1.70e-13	2.69e-07	1.00e+00	1.51e-04	0.00e+00
 2.26649e+12	0.00e+00	2.43e-28	1.73e-20	2.03e-13	2.95e-07	1.00e+00	1.38e-04	0.00e+00
 2.37185e+12	5.36e-37	3.17e-28	2.14e-20	2.36e-13	3.20e-07	1.00e+00	1.27e-04	0.00e+00
 2.46045e+12	0.00e+00	3.94e-28	2.54e-20	2.68e-13	3.43e-07	1.00e+00	1.19e-04	0.00e+00
 2.55784e+12	9.22e-37	4.97e-28	3.05e-20	3.05e-13	3.68e-07	1.00e+00	1.11e-04	0.00e+00
 2.66778e+12	0.00e+00	6.39e-28	3.72e-20	3.53e-13	3.97e-07	1.00e+00	1.03e-04	0.00e+00
 2.77303e+12	1.66e-36	8.07e-28	4.48e-20	4.03e-13	4.27e-07	1.00e+00	9.60e-05	0.00e+00
 2.88887e+12	0.00e+00	1.03e-27	5.45e-20	4.64e-13	4.60e-07	1.00e+00	8.91e-05	0.00e+00
 3.01754e+12	3.10e-36	1.35e-27	6.72e-20	5.40e-13	4.99e-07	1.00e+00	8.22e-05	0.00e+00
 3.13811e+12	0.00e+00	1.72e-27	8.13e-20	6.18e-13	5.36e-07	1.00e+00	7.66e-05	0.00e+00
 3.27006e+12	5.66e-36	2.22e-27	9.94e-20	7.14e-13	5.80e-07	1.00e+00	7.09e-05	0.00e+00
 3.41775e+12	0.00e+00	2.92e-27	1.23e-19	8.34e-13	6.30e-07	1.00e+00	6.53e-05	0.00e+00
 3.55849e+12	1.08e-35	3.76e-27	1.51e-19	9.61e-13	6.80e-07	1.00e+00	6.06e-05	0.00e+00
 3.71360e+12	0.00e+00	4.91e-27	1.86e-19	1.12e-12	7.38e-07	1.00e+00	5.59e-05	0.00e+00
 3.87816e+12	2.08e-35	6.47e-27	2.31e-19	1.31e-12	8.01e-07	1.00e+00	5.15e-05	0.00e+00
 4.02204e+12	0.00e+00	8.16e-27	2.77e-19	1.49e-12	8.59e-07	1.00e+00	4.81e-05	0.00e+00
 4.17568e+12	3.70e-35	1.04e-26	3.35e-19	1.70e-12	9.22e-07	1.00e+00	4.48e-05	0.00e+00
 4.36273e+12	0.00e+00	1.38e-26	4.18e-19	1.99e-12	1.00e-06	1.00e+00	4.13e-05	0.00e+00
 4.54916e+12	7.27e-35	1.81e-26	5.17e-19	2.32e-12	1.09e-06	1.00e+00	3.81e-05	0.00e+00
 4.71361e+12	0.00e+00	2.28e-26	6.20e-19	2.63e-12	1.16e-06	1.00e+00	3.56e-05	0.00e+00
 4.89355e+12	1.30e-34	2.91e-26	7.51e-19	3.02e-12	1.25e-06	1.00e+00	3.32e-05	0.00e+00
 5.11012e+12	0.00e+00	3.87e-26	9.39e-19	3.53e-12	1.36e-06	1.00e+00	3.05e-05	0.00e+00
 5.32682e+12	2.58e-34	5.10e-26	1.16e-18	4.11e-12	1.48e-06	1.00e+00	2.82e-05	0.00e+00
 5.52383e+12	3.47e-34	6.50e-26	1.41e-18	4.70e-12	1.58e-06	1.00e+00	2.63e-05	0.00e+00
 5.74273e+12	4.79e-34	8.44e-26	1.72e-18	5.42e-12	1.71e-06	1.00e+00	2.44e-05	0.00e+00
 5.99874e+12	6.84e-34	1.13e-25	2.17e-18	6.36e-12	1.86e-06	1.00e+00	2.24e-05	0.00e+00
 6.25147e+12	9.63e-34	1.50e-25	2.69e-18	7.41e-12	2.01e-06	1.00e+00	2.07e-05	0.00e+00
 6.49016e+12	1.32e-33	1.93e-25	3.28e-18	8.51e-12	2.17e-06	1.00e+00	1.92e-05	0.00e+00
 6.75554e+12	1.84e-33	2.54e-25	4.06e-18	9.88e-12	2.34e-06	1.00e+00	1.78e-05	0.00e+00
 7.05569e+12	2.66e-33	3.42e-25	5.12e-18	1.16e-11	2.55e-06	1.00e+00	1.64e-05	0.00e+00
 7.35710e+12	3.79e-33	4.57e-25	6.41e-18	1.36e-11	2.77e-06	1.00e+00	1.51e-05	0.00e+00
 7.67056e+12	5.42e-33	6.12e-25	8.02e-18	1.59e-11	3.00e-06	1.00e+00	1.39e-05	0.00e+00
 8.00731e+12	7.84e-33	8.26e-25	1.01e-17	1.86e-11	3.27e-06	1.00e+00	1.28e-05	0.00e+00
 8.35753e+12	1.13e-32	1.12e-24	1.28e-17	2.19e-11	3.55e-06	1.00e+00	1.18e-05	0.00e+00
 8.70215e+12	1.61e-32	1.48e-24	1.59e-17	2.55e-11	3.85e-06	1.00e+00	1.09e-05	0.00e+00
 9.02258e+12	2.21e-32	1.92e-24	1.94e-17	2.92e-11	4.13e-06	1.00e+00	1.01e-05	0.00e+00
 9.31174e+12	2.92e-32	2.40e-24	2.30e-17	3.29e-11	4.39e-06	1.00e+00	9.54e-06	0.00e+00
 9.62176e+12	3.90e-32	3.03e-24	2.75e-17	3.72e-11	4.68e-06	1.00e+00	8.95e-06	0.00e+00
 1.00079e+13	5.52e-32	4.02e-24	3.42e-17	4.31e-11	5.06e-06	1.00e+00	8.29e-06	0.00e+00
 1.03951e+13	7.73e-32	5.29e-24	4.22e-17	4.98e-11	5.45e-06	1.00e+00	7.70e-06	0.00e+00
 1.07278e+13	1.03e-31	6.65e-24	5.02e-17	5.61e-11	5.80e-06	1.00e+00	7.24e-06	0.00e+00
 1.10876e+13	1.38e-31	8.46e-24	6.03e-17	6.36e-11	6.18e-06	1.00e+00	6.79e-06	0.00e+00
 1.15317e+13	1.97e-31	1.13e-23	7.51e-17	7.39e-11	6.68e-06	1.00e+00	6.29e-06	0.00e+00
 1.19760e+13	2.77e-31	1.48e-23	9.28e-17	8.53e-11	7.19e-06	1.00e+00	5.84e-06	0.00e+00
 1.23596e+13	3.71e-31	1.87e-23	1.11e-16	9.61e-11	7.64e-06	1.00e+00	5.50e-06	0.00e+00
 1.27738e+13	5.01e-31	2.39e-23	1.33e-16	1.09e-10	8.15e-06	1.00e+00	5.16e-06	0.00e+00
 1.32831e+13	7.17e-31	3.19e-23	1.66e-16	1.27e-10	8.80e-06	1.00e+00	4.78e-06	0.00e+00
 1.37971e+13	1.02e-30	4.23e-23	2.06e-16	1.46e-10	9.47e-06	1.00e+00	4.44e-06	0.00e+00
 1.42525e+13	1.38e-30	5.40e-23	2.47e-16	1.66e-10	1.01e-05	1.00e+00	4.17e-06	0.00e+00
 1.47503e+13	1.90e-30	6.98e-23	3.00e-16	1.89e-10	1.08e-05	1.00e+00	3.90e-06	0.00e+00
 1.53473e+13	2.74e-30	9.40e-23	3.76e-16	2.20e-10	1.17e-05	1.00e+00	3.61e-06	0.00e+00
 1.59423e+13	3.92e-30	1.25e-22	4.67e-16	2.55e-10	1.25e-05	1.00e+00	3.35e-06	0.00e+00
 1.64842e+13	5.37e-30	1.61e-22	5.66e-16	2.89e-10	1.34e-05	1.00e+00	3.14e-06	0.00e+00
 1.70882e+13	7.55e-30	2.12e-22	6.95e-16	3.32e-10	1.44e-05	1.00e+00	2.93e-06	0.00e+00
 1.77931e+13	1.10e-29	2.88e-22	8.76e-16	3.89e-10	1.55e-05	1.00e+00	2.71e-06	0.00e+00
 1.84879e+13	1.59e-29	3.85e-22	1.09e-15	4.50e-10	1.67e-05	1.00e+00	2.52e-06	0.00e+00
 1.91455e+13	2.22e-29	5.03e-22	1.33e-15	5.15e-10	1.79e-05	1.00e+00	2.35e-06	0.00e+00
 1.98763e+13	3.17e-29	6.70e-22	1.66e-15	5.96e-10	1.93e-05	1.00e+00	2.18e-06	0.00e+00
 2.07012e+13	4.67e-29	9.14e-22	2.09e-15	6.97e-10	2.09e-05	1.00e+00	2.02e-06	0.00e+00
 2.15300e+13	6.80e-29	1.24e-21	2.63e-15	8.12e-10	2.25e-05	1.00e+00	1.87e-06	0.00e+00
 2.23920e+13	9.90e-29	1.67e-21	3.30e-15	9.45e-10	2.43e-05	1.00e+00	1.73e-06	0.00e+00
 2.33176e+13	1.46e-28	2.28e-21	4.17e-15	1.11e-09	2.63e-05	1.00e+00	1.60e-06	0.00e+00
 2.42139e+13	2.09e-28	3.05e-21	5.19e-15	1.28e-09	2.83e-05	1.00e+00	1.49e-06	0.00e+00
 2.50569e+13	2.91e-28	3.97e-21	6.33e-15	1.46e-09	3.03e-05	1.00e+00	1.39e-06	0.00e+00
 2.60000e+13	4.14e-28	5.27e-21	7.84e-15	1.69e-09	3.26e-05	1.00e+00	1.29e-06	0.00e+00
 2.69504e+13	5.84e-28	6.95e-21	9.66e-15	1.95e-09	3.50e-05	1.00e+00	1.20e-06	0.00e+00
 2.77398e+13	7.71e-28	8.68e-21	1.14e-14	2.18e-09	3.70e-05	1.00e+00	1.14e-06	0.00e+00
 2.85755e+13	1.03e-27	1.09e-20	1.36e-14	2.45e-09	3.93e-05	1.00e+00	1.07e-06	0.00e+00
 2.96438e+13	1.46e-27	1.45e-20	1.68e-14	2.82e-09	4.23e-05	1.00e+00	9.97e-07	0.00e+00
 3.07643e+13	2.08e-27	1.92e-20	2.09e-14	3.27e-09	4.55e-05	1.00e+00	0.00e+00	0.00e+00
 3.17558e+13	2.82e-27	2.46e-20	2.51e-14	3.70e-09	4.85e-05	1.00e+00	0.00e+00	0.00e+00
 3.28297e+13	3.87e-27	3.17e-20	3.05e-14	4.22e-09	5.18e-05	1.00e+00	0.00e+00	0.00e+00
 3.41204e+13	5.59e-27	4.27e-20	3.82e-14	4.91e-09	5.60e-05	1.00e+00	0.00e+00	0.00e+00
 3.54275e+13	8.00e-27	5.70e-20	4.75e-14	5.69e-09	6.03e-05	1.00e+00	0.00e+00	0.00e+00
 3.66523e+13	1.11e-26	7.40e-20	5.79e-14	6.51e-09	6.46e-05	1.00e+00	0.00e+00	0.00e+00
 3.80135e+13	1.57e-26	9.79e-20	7.17e-14	7.52e-09	6.95e-05	1.00e+00	0.00e+00	0.00e+00
 3.94555e+13	2.23e-26	1.30e-19	8.91e-14	8.71e-09	7.50e-05	1.00e+00	0.00e+00	0.00e+00
 4.07372e+13	3.03e-26	1.67e-19	1.07e-13	9.88e-09	8.00e-05	1.00e+00	0.00e+00	0.00e+00
 4.21167e+13	4.15e-26	2.15e-19	1.30e-13	1.13e-08	8.56e-05	1.00e+00	0.00e+00	0.00e+00
 4.37693e+13	5.98e-26	2.89e-19	1.63e-13	1.31e-08	9.26e-05	1.00e+00	0.00e+00	0.00e+00
 4.53959e+13	8.46e-26	3.82e-19	2.02e-13	1.52e-08	9.97e-05	1.00e+00	0.00e+00	0.00e+00
 4.68453e+13	1.14e-25	4.86e-19	2.43e-13	1.72e-08	1.06e-04	1.00e+00	0.00e+00	0.00e+00
 4.84455e+13	1.57e-25	6.29e-19	2.96e-13	1.97e-08	1.14e-04	1.00e+00	0.00e+00	0.00e+00
 5.03520e+13	2.26e-25	8.45e-19	3.70e-13	2.29e-08	1.23e-04	1.00e+00	0.00e+00	0.00e+00
 5.22446e+13	3.21e-25	1.12e-18	4.60e-13	2.65e-08	1.33e-04	1.00e+00	0.00e+00	0.00e+00
 5.39771e+13	4.38e-25	1.44e-18	5.56e-13	3.02e-08	1.42e-04	1.00e+00	0.00e+00	0.00e+00
 5.59131e+13	6.11e-25	1.89e-18	6.84e-13	3.48e-08	1.53e-04	1.00e+00	0.00e+00	0.00e+00
 5.81625e+13	8.88e-25	2.55e-18	8.61e-13	4.07e-08	1.65e-04	1.00e+00	0.00e+00	0.00e+00
 6.03699e+13	1.27e-24	3.40e-18	1.07e-12	4.72e-08	1.79e-04	1.00e+00	0.00e+00	0.00e+00
 6.24601e+13	1.75e-24	4.42e-18	1.31e-12	5.41e-08	1.91e-04	1.00e+00	0.00e+00	0.00e+00
 6.47830e+13	2.48e-24	5.85e-18	1.62e-12	6.25e-08	2.06e-04	1.00e+00	0.00e+00	0.00e+00
 6.74042e+13	3.61e-24	7.94e-18	2.05e-12	7.32e-08	2.24e-04	1.00e+00	0.00e+00	0.00e+00
 6.98936e+13	5.12e-24	1.05e-17	2.53e-12	8.46e-08	2.41e-04	1.00e+00	0.00e+00	0.00e+00
 7.21627e+13	6.94e-24	1.34e-17	3.06e-12	9.61e-08	2.57e-04	1.00e+00	0.00e+00	0.00e+00
 7.47297e+13	9.70e-24	1.76e-17	3.75e-12	1.10e-07	2.76e-04	1.00e+00	0.00e+00	0.00e+00
 7.77191e+13	1.41e-23	2.38e-17	4.73e-12	1.29e-07	2.99e-04	1.00e+00	0.00e+00	0.00e+00
 8.05879e+13	2.00e-23	3.16e-17	5.85e-12	1.49e-07	3.22e-04	1.00e+00	0.00e+00	0.00e+00
 8.29642e+13	2.65e-23	3.95e-17	6.95e-12	1.67e-07	3.42e-04	1.00e+00	0.00e+00	0.00e+00
 8.53705e+13	3.48e-23	4.94e-17	8.22e-12	1.88e-07	3.62e-04	1.00e+00	0.00e+00	0.00e+00
 8.84802e+13	4.91e-23	6.51e-17	1.02e-11	2.16e-07	3.89e-04	1.00e+00	0.00e+00	0.00e+00
 9.16972e+13	6.94e-23	8.60e-17	1.25e-11	2.50e-07	4.19e-04	1.00e+00	0.00e+00	0.00e+00
 9.44247e+13	9.21e-23	1.08e-16	1.49e-11	2.80e-07	4.44e-04	1.00e+00	0.00e+00	0.00e+00
 9.73227e+13	1.23e-22	1.37e-16	1.78e-11	3.16e-07	4.72e-04	1.00e+00	0.00e+00	0.00e+00
 1.00955e+14	1.76e-22	1.82e-16	2.21e-11	3.66e-07	5.09e-04	9.99e-01	0.00e+00	0.00e+00
 1.04696e+14	2.50e-22	2.41e-16	2.74e-11	4.23e-07	5.48e-04	9.99e-01	0.00e+00	0.00e+00
 1.07991e+14	3.38e-22	3.08e-16	3.30e-11	4.79e-07	5.83e-04	9.99e-01	0.00e+00	0.00e+00
 1.11551e+14	4.62e-22	3.96e-16	3.99e-11	5.45e-07	6.23e-04	9.99e-01	0.00e+00	0.00e+00
 1.15849e+14	6.66e-22	5.32e-16	4.99e-11	6.34e-07	6.73e-04	9.99e-01	0.00e+00	0.00e+00
 1.20113e+14	9.46e-22	7.05e-16	6.18e-11	7.32e-07	7.24e-04	9.99e-01	0.00e+00	0.00e+00
 1.23901e+14	1.28e-21	8.98e-16	7.43e-11	8.28e-07	7.71e-04	9.99e-01	0.00e+00	0.00e+00
 1.28065e+14	1.76e-21	1.16e-15	9.03e-11	9.45e-07	8.24e-04	9.99e-01	0.00e+00	0.00e+00
 1.33042e+14	2.54e-21	1.56e-15	1.13e-10	1.10e-06	8.91e-04	9.99e-01	0.00e+00	0.00e+00
 1.37985e+14	3.61e-21	2.07e-15	1.40e-10	1.27e-06	9.60e-04	9.99e-01	0.00e+00	0.00e+00
 1.42480e+14	4.92e-21	2.66e-15	1.70e-10	1.45e-06	1.02e-03	9.99e-01	0.00e+00	0.00e+00
 1.47485e+14	6.85e-21	3.48e-15	2.08e-10	1.66e-06	1.10e-03	9.99e-01	0.00e+00	0.00e+00
 1.53334e+14	9.93e-21	4.70e-15	2.62e-10	1.94e-06	1.19e-03	9.99e-01	0.00e+00	0.00e+00
 1.59091e+14	1.41e-20	6.24e-15	3.25e-10	2.25e-06	1.29e-03	9.99e-01	0.00e+00	0.00e+00
 1.64494e+14	1.94e-20	8.08e-15	3.96e-10	2.57e-06	1.38e-03	9.99e-01	0.00e+00	0.00e+00
 1.70521e+14	2.72e-20	1.06e-14	4.89e-10	2.97e-06	1.48e-03	9.99e-01	0.00e+00	0.00e+00
 1.77371e+14	3.95e-20	1.44e-14	6.16e-10	3.48e-06	1.61e-03	9.98e-01	0.00e+00	0.00e+00
 1.84200e+14	5.63e-20	1.92e-14	7.70e-10	4.05e-06	1.74e-03	9.98e-01	0.00e+00	0.00e+00
 1.91302e+14	8.01e-20	2.56e-14	9.61e-10	4.71e-06	1.89e-03	9.98e-01	0.00e+00	0.00e+00
 1.98773e+14	1.14e-19	3.41e-14	1.20e-09	5.49e-06	2.05e-03	9.98e-01	0.00e+00	0.00e+00
 2.05075e+14	1.53e-19	4.32e-14	1.44e-09	6.23e-06	2.19e-03	9.98e-01	0.00e+00	0.00e+00
 2.10001e+14	1.89e-19	5.16e-14	1.66e-09	6.85e-06	2.30e-03	9.98e-01	0.00e+00	0.00e+00
 2.15357e+14	2.38e-19	6.23e-14	1.92e-09	7.58e-06	2.43e-03	9.98e-01	0.00e+00	0.00e+00
 2.22321e+14	3.18e-19	7.89e-14	2.31e-09	8.62e-06	2.60e-03	9.97e-01	0.00e+00	0.00e+00
 2.29860e+14	4.29e-19	1.01e-13	2.80e-09	9.86e-06	2.79e-03	9.97e-01	0.00e+00	0.00e+00
 2.36650e+14	5.57e-19	1.25e-13	3.32e-09	1.11e-05	2.97e-03	9.97e-01	0.00e+00	0.00e+00
 2.43980e+14	7.30e-19	1.57e-13	3.96e-09	1.25e-05	3.18e-03	9.97e-01	0.00e+00	0.00e+00
 2.53100e+14	1.01e-18	2.05e-13	4.90e-09	1.45e-05	3.44e-03	9.97e-01	0.00e+00	0.00e+00
 2.62284e+14	1.38e-18	2.66e-13	6.03e-09	1.68e-05	3.72e-03	9.96e-01	0.00e+00	0.00e+00
 2.70246e+14	1.79e-18	3.30e-13	7.17e-09	1.89e-05	3.98e-03	9.96e-01	0.00e+00	0.00e+00
 2.78883e+14	2.35e-18	4.13e-13	8.59e-09	2.15e-05	4.27e-03	9.96e-01	0.00e+00	0.00e+00
 2.89454e+14	3.24e-18	5.41e-13	1.07e-08	2.50e-05	4.63e-03	9.95e-01	0.00e+00	0.00e+00
 3.00142e+14	4.42e-18	7.02e-13	1.31e-08	2.89e-05	5.02e-03	9.95e-01	0.00e+00	0.00e+00
 3.09676e+14	5.77e-18	8.77e-13	1.57e-08	3.28e-05	5.39e-03	9.95e-01	0.00e+00	0.00e+00
 3.20107e+14	7.64e-18	1.11e-12	1.90e-08	3.75e-05	5.80e-03	9.94e-01	0.00e+00	0.00e+00
 3.32538e+14	1.05e-17	1.46e-12	2.37e-08	4.37e-05	6.32e-03	9.94e-01	0.00e+00	0.00e+00
 3.44821e+14	1.43e-17	1.88e-12	2.93e-08	5.06e-05	6.86e-03	9.93e-01	0.00e+00	0.00e+00
 3.55953e+14	1.86e-17	2.36e-12	3.52e-08	5.74e-05	7.37e-03	9.93e-01	0.00e+00	0.00e+00
 3.68339e+14	2.48e-17	3.00e-12	4.29e-08	6.59e-05	7.97e-03	9.92e-01	0.00e+00	0.00e+00
 3.82861e+14	3.42e-17	3.95e-12	5.36e-08	7.70e-05	8.70e-03	9.91e-01	0.00e+00	0.00e+00
 3.97157e+14	4.65e-17	5.12e-12	6.63e-08	8.92e-05	9.45e-03	9.90e-01	0.00e+00	0.00e+00
 4.10491e+14	6.11e-17	6.46e-12	8.03e-08	1.02e-04	1.02e-02	9.90e-01	0.00e+00	0.00e+00
 4.25408e+14	8.23e-17	8.32e-12	9.89e-08	1.18e-04	1.10e-02	9.89e-01	0.00e+00	0.00e+00
 4.42455e+14	1.14e-16	1.10e-11	1.24e-07	1.38e-04	1.21e-02	9.88e-01	0.00e+00	0.00e+00
 4.59308e+14	1.86e-16	1.43e-11	1.55e-07	1.60e-04	1.31e-02	9.87e-01	0.00e+00	0.00e+00
 4.76835e+14	2.56e-16	1.87e-11	1.93e-07	1.86e-04	1.43e-02	9.86e-01	0.00e+00	0.00e+00
 4.92752e+14	3.40e-16	2.37e-11	2.34e-07	2.12e-04	1.54e-02	9.84e-01	0.00e+00	0.00e+00
 5.04668e+14	4.17e-16	2.81e-11	2.69e-07	2.33e-04	1.63e-02	9.84e-01	0.00e+00	0.00e+00
 5.17004e+14	5.13e-16	3.34e-11	3.10e-07	2.57e-04	1.72e-02	9.83e-01	0.00e+00	0.00e+00
 5.33041e+14	6.67e-16	4.15e-11	3.71e-07	2.90e-04	1.84e-02	9.81e-01	0.00e+00	0.00e+00
 5.50470e+14	8.82e-16	5.24e-11	4.49e-07	3.30e-04	1.98e-02	9.80e-01	0.00e+00	0.00e+00
 5.66246e+14	1.13e-15	6.43e-11	5.31e-07	3.70e-04	2.11e-02	9.79e-01	0.00e+00	0.00e+00
 5.83296e+14	1.46e-15	7.97e-11	6.33e-07	4.17e-04	2.26e-02	9.77e-01	0.00e+00	0.00e+00
 6.04806e+14	2.00e-15	1.04e-10	7.86e-07	4.82e-04	2.45e-02	9.75e-01	0.00e+00	0.00e+00
 6.26474e+14	2.68e-15	1.34e-10	9.70e-07	5.55e-04	2.65e-02	9.73e-01	0.00e+00	0.00e+00
 6.44809e+14	3.45e-15	1.66e-10	1.15e-06	6.23e-04	2.82e-02	9.71e-01	0.00e+00	0.00e+00
 6.64453e+14	4.48e-15	2.07e-10	1.38e-06	7.02e-04	3.02e-02	9.69e-01	0.00e+00	0.00e+00
 6.89081e+14	6.18e-15	2.70e-10	1.72e-06	8.13e-04	3.27e-02	9.66e-01	0.00e+00	0.00e+00
 7.14895e+14	8.56e-15	3.55e-10	2.14e-06	9.42e-04	3.55e-02	9.64e-01	0.00e+00	0.00e+00
 7.38280e+14	1.14e-14	4.50e-10	2.60e-06	1.07e-03	3.81e-02	9.61e-01	0.00e+00	0.00e+00
 7.63806e+14	1.54e-14	5.81e-10	3.19e-06	1.23e-03	4.11e-02	9.58e-01	0.00e+00	0.00e+00
 7.93813e+14	2.18e-14	7.76e-10	4.03e-06	1.43e-03	4.47e-02	9.54e-01	0.00e+00	0.00e+00
 8.23098e+14	3.01e-14	1.02e-09	5.02e-06	1.66e-03	4.84e-02	9.50e-01	0.00e+00	0.00e+00
 8.49989e+14	4.03e-14	1.30e-09	6.10e-06	1.88e-03	5.19e-02	9.46e-01	0.00e+00	0.00e+00
 8.80316e+14	5.54e-14	1.69e-09	7.55e-06	2.17e-03	5.61e-02	9.42e-01	0.00e+00	0.00e+00
 9.15422e+14	7.90e-14	2.28e-09	9.57e-06	2.53e-03	6.10e-02	9.36e-01	0.00e+00	0.00e+00
 9.49812e+14	1.11e-13	3.02e-09	1.20e-05	2.94e-03	6.60e-02	9.31e-01	0.00e+00	0.00e+00
 9.82474e+14	1.51e-13	3.92e-09	1.47e-05	3.36e-03	7.10e-02	9.26e-01	0.00e+00	0.00e+00
 1.01109e+15	1.96e-13	4.88e-09	1.76e-05	3.78e-03	7.55e-02	9.21e-01	0.00e+00	0.00e+00
 1.03481e+15	2.43e-13	5.83e-09	2.02e-05	4.14e-03	7.93e-02	9.16e-01	0.00e+00	0.00e+00
 1.06092e+15	3.06e-13	7.06e-09	2.35e-05	4.58e-03	8.36e-02	9.12e-01	0.00e+00	0.00e+00
 1.09486e+15	4.08e-13	8.99e-09	2.85e-05	5.18e-03	8.94e-02	9.05e-01	0.00e+00	0.00e+00
 1.13068e+15	5.49e-13	1.15e-08	3.47e-05	5.89e-03	9.56e-02	8.98e-01	0.00e+00	0.00e+00
 1.16147e+15	7.05e-13	1.42e-08	4.09e-05	6.56e-03	1.01e-01	8.92e-01	0.00e+00	0.00e+00
 1.19405e+15	9.12e-13	1.76e-08	4.84e-05	7.32e-03	1.07e-01	8.86e-01	0.00e+00	0.00e+00
 1.23640e+15	1.26e-12	2.31e-08	5.99e-05	8.41e-03	1.15e-01	8.77e-01	0.00e+00	0.00e+00
 1.27999e+15	1.73e-12	3.01e-08	7.39e-05	9.64e-03	1.23e-01	8.67e-01	0.00e+00	0.00e+00
 1.31629e+15	2.25e-12	3.75e-08	8.76e-05	1.08e-02	1.31e-01	8.59e-01	0.00e+00	0.00e+00
 1.35454e+15	2.94e-12	4.69e-08	1.04e-04	1.20e-02	1.38e-01	8.50e-01	0.00e+00	0.00e+00
 1.40371e+15	4.10e-12	6.17e-08	1.29e-04	1.38e-02	1.48e-01	8.38e-01	0.00e+00	0.00e+00
 1.45540e+15	5.72e-12	8.17e-08	1.61e-04	1.59e-02	1.59e-01	8.25e-01	0.00e+00	0.00e+00
 1.50055e+15	7.60e-12	1.04e-07	1.94e-04	1.80e-02	1.69e-01	8.13e-01	0.00e+00	0.00e+00
 1.54883e+15	1.02e-11	1.32e-07	2.34e-04	2.03e-02	1.79e-01	8.00e-01	0.00e+00	0.00e+00
 1.60766e+15	1.44e-11	1.77e-07	2.93e-04	2.34e-02	1.92e-01	7.84e-01	0.00e+00	0.00e+00
 1.66607e+15	1.99e-11	2.32e-07	3.63e-04	2.68e-02	2.05e-01	7.67e-01	0.00e+00	0.00e+00
 1.71768e+15	2.64e-11	2.94e-07	4.35e-04	3.01e-02	2.17e-01	7.52e-01	0.00e+00	0.00e+00
 1.77454e+15	3.56e-11	3.77e-07	5.27e-04	3.40e-02	2.30e-01	7.36e-01	0.00e+00	0.00e+00
 1.84283e+15	5.03e-11	5.03e-07	6.60e-04	3.92e-02	2.45e-01	7.15e-01	0.00e+00	0.00e+00
 1.90777e+15	6.87e-11	6.53e-07	8.07e-04	4.44e-02	2.60e-01	6.95e-01	0.00e+00	0.00e+00
 1.96234e+15	8.89e-11	8.10e-07	9.52e-04	4.92e-02	2.72e-01	6.78e-01	0.00e+00	0.00e+00
 2.01157e+15	1.11e-10	9.77e-07	1.10e-03	5.38e-02	2.83e-01	6.63e-01	0.00e+00	0.00e+00
 2.06551e+15	1.42e-10	1.20e-06	1.28e-03	5.92e-02	2.94e-01	6.45e-01	0.00e+00	0.00e+00
 2.12560e+15	1.84e-10	1.48e-06	1.51e-03	6.55e-02	3.07e-01	6.26e-01	0.00e+00	0.00e+00
 2.18210e+15	2.33e-10	1.81e-06	1.75e-03	7.17e-02	3.19e-01	6.08e-01	0.00e+00	0.00e+00
 2.24396e+15	3.00e-10	2.23e-06	2.05e-03	7.90e-02	3.31e-01	5.88e-01	0.00e+00	0.00e+00
 2.31197e+15	3.92e-10	2.78e-06	2.43e-03	8.74e-02	3.44e-01	5.66e-01	0.00e+00	0.00e+00
 2.37496e+15	4.97e-10	3.39e-06	2.82e-03	9.55e-02	3.56e-01	5.46e-01	0.00e+00	0.00e+00
 2.44384e+15	6.43e-10	4.20e-06	3.31e-03	1.05e-01	3.68e-01	5.23e-01	0.00e+00	0.00e+00
 2.52018e+15	8.43e-10	5.24e-06	3.91e-03	1.16e-01	3.81e-01	4.99e-01	0.00e+00	0.00e+00
 2.59226e+15	1.08e-09	6.43e-06	4.55e-03	1.27e-01	3.92e-01	4.77e-01	0.00e+00	0.00e+00
 2.67200e+15	1.41e-09	8.02e-06	5.37e-03	1.39e-01	4.04e-01	4.52e-01	0.00e+00	0.00e+00
 2.75893e+15	1.86e-09	1.01e-05	6.35e-03	1.53e-01	4.14e-01	4.26e-01	0.00e+00	0.00e+00
 2.83754e+15	2.36e-09	1.23e-05	7.34e-03	1.66e-01	4.23e-01	4.04e-01	0.00e+00	0.00e+00
 2.92206e+15	3.05e-09	1.51e-05	8.57e-03	1.81e-01	4.32e-01	3.79e-01	0.00e+00	0.00e+00
 3.01584e+15	3.99e-09	1.88e-05	1.01e-02	1.97e-01	4.39e-01	3.54e-01	0.00e+00	0.00e+00
 3.10386e+15	5.07e-09	2.29e-05	1.16e-02	2.13e-01	4.45e-01	3.31e-01	0.00e+00	0.00e+00
 3.20047e+15	6.61e-09	2.83e-05	1.36e-02	2.31e-01	4.49e-01	3.06e-01	0.00e+00	0.00e+00
 3.30584e+15	8.64e-09	3.52e-05	1.59e-02	2.50e-01	4.52e-01	2.82e-01	0.00e+00	0.00e+00
 3.39705e+15	1.08e-08	4.20e-05	1.80e-02	2.67e-01	4.53e-01	2.61e-01	0.00e+00	0.00e+00
 3.47687e+15	1.30e-08	4.90e-05	2.02e-02	2.82e-01	4.53e-01	2.44e-01	0.00e+00	0.00e+00
 3.56744e+15	1.62e-08	5.83e-05	2.28e-02	2.99e-01	4.52e-01	2.26e-01	0.00e+00	0.00e+00
 3.66356e+15	2.01e-08	6.93e-05	2.58e-02	3.17e-01	4.49e-01	2.08e-01	0.00e+00	0.00e+00
 3.75055e+15	2.42e-08	8.05e-05	2.87e-02	3.33e-01	4.46e-01	1.92e-01	0.00e+00	0.00e+00
 3.83450e+15	2.90e-08	9.28e-05	3.18e-02	3.49e-01	4.41e-01	1.78e-01	0.00e+00	0.00e+00
 3.93086e+15	3.57e-08	1.09e-04	3.57e-02	3.66e-01	4.35e-01	1.63e-01	0.00e+00	0.00e+00
 4.03799e+15	4.44e-08	1.30e-04	4.03e-02	3.85e-01	4.27e-01	1.47e-01	0.00e+00	0.00e+00
 4.13809e+15	5.39e-08	1.51e-04	4.49e-02	4.03e-01	4.19e-01	1.34e-01	0.00e+00	0.00e+00
 4.23031e+15	6.44e-08	1.74e-04	4.95e-02	4.18e-01	4.10e-01	1.22e-01	0.00e+00	0.00e+00
 4.33334e+15	7.89e-08	2.04e-04	5.51e-02	4.35e-01	4.00e-01	1.10e-01	0.00e+00	0.00e+00
 4.44806e+15	9.78e-08	2.41e-04	6.19e-02	4.54e-01	3.87e-01	9.75e-02	0.00e+00	0.00e+00
 4.55480e+15	1.18e-07	2.79e-04	6.85e-02	4.69e-01	3.74e-01	8.74e-02	0.00e+00	0.00e+00
 4.65291e+15	1.40e-07	3.19e-04	7.52e-02	4.83e-01	3.62e-01	7.87e-02	0.00e+00	0.00e+00
 4.76298e+15	1.73e-07	3.74e-04	8.36e-02	4.99e-01	3.48e-01	6.95e-02	0.00e+00	0.00e+00
 4.88342e+15	2.13e-07	4.40e-04	9.33e-02	5.14e-01	3.32e-01	6.06e-02	0.00e+00	0.00e+00
 4.99265e+15	2.57e-07	5.07e-04	1.03e-01	5.26e-01	3.17e-01	5.35e-02	0.00e+00	0.00e+00
 5.09441e+15	3.05e-07	5.78e-04	1.12e-01	5.37e-01	3.03e-01	4.74e-02	0.00e+00	0.00e+00
 5.21114e+15	3.79e-07	6.81e-04	1.25e-01	5.48e-01	2.86e-01	4.08e-02	0.00e+00	0.00e+00
 5.32908e+15	4.57e-07	7.86e-04	1.38e-01	5.57e-01	2.69e-01	3.53e-02	0.00e+00	0.00e+00
 5.42777e+15	5.41e-07	8.94e-04	1.50e-01	5.64e-01	2.55e-01	3.10e-02	0.00e+00	0.00e+00
 5.52059e+15	6.36e-07	1.01e-03	1.62e-01	5.69e-01	2.41e-01	2.73e-02	0.00e+00	0.00e+00
 5.62660e+15	7.78e-07	1.18e-03	1.78e-01	5.73e-01	2.25e-01	2.34e-02	0.00e+00	0.00e+00
 5.73571e+15	9.31e-07	1.35e-03	1.94e-01	5.76e-01	2.09e-01	2.00e-02	0.00e+00	0.00e+00
 5.82874e+15	1.10e-06	1.53e-03	2.10e-01	5.77e-01	1.95e-01	1.73e-02	0.00e+00	0.00e+00
 5.90512e+15	1.26e-06	1.70e-03	2.23e-01	5.76e-01	1.84e-01	1.53e-02	0.00e+00	0.00e+00
 5.96684e+15	1.42e-06	1.85e-03	2.35e-01	5.75e-01	1.75e-01	1.38e-02	0.00e+00	0.00e+00
 6.03394e+15	1.61e-06	2.03e-03	2.49e-01	5.72e-01	1.65e-01	1.22e-02	0.00e+00	0.00e+00
 6.10901e+15	1.81e-06	2.23e-03	2.64e-01	5.69e-01	1.54e-01	1.08e-02	0.00e+00	0.00e+00
 6.18263e+15	2.09e-06	2.48e-03	2.81e-01	5.64e-01	1.43e-01	9.35e-03	0.00e+00	0.00e+00
 6.25025e+15	2.45e-06	2.78e-03	2.98e-01	5.58e-01	1.33e-01	8.11e-03	0.00e+00	0.00e+00
 6.30607e+15	2.74e-06	3.02e-03	3.12e-01	5.52e-01	1.25e-01	7.22e-03	0.00e+00	0.00e+00
 6.36287e+15	3.10e-06	3.31e-03	3.27e-01	5.46e-01	1.17e-01	6.36e-03	0.00e+00	0.00e+00
 6.42688e+15	3.46e-06	3.60e-03	3.44e-01	5.38e-01	1.09e-01	5.53e-03	0.00e+00	0.00e+00
 6.50028e+15	4.27e-06	4.18e-03	3.68e-01	5.26e-01	9.77e-02	4.53e-03	0.00e+00	0.00e+00
 6.56638e+15	4.84e-06	4.59e-03	3.87e-01	5.15e-01	8.94e-02	3.87e-03	0.00e+00	0.00e+00
 6.61369e+15	5.29e-06	4.91e-03	4.01e-01	5.07e-01	8.34e-02	3.42e-03	0.00e+00	0.00e+00
 6.66589e+15	6.00e-06	5.38e-03	4.19e-01	4.96e-01	7.65e-02	2.94e-03	0.00e+00	0.00e+00
 6.72426e+15	6.90e-06	5.95e-03	4.39e-01	4.84e-01	6.93e-02	2.46e-03	0.00e+00	0.00e+00
 6.77817e+15	7.91e-06	6.57e-03	4.58e-01	4.71e-01	6.28e-02	2.07e-03	0.00e+00	0.00e+00
 6.82585e+15	9.27e-06	7.34e-03	4.76e-01	4.58e-01	5.68e-02	1.73e-03	0.00e+00	0.00e+00
 6.86744e+15	1.00e-05	7.78e-03	4.90e-01	4.48e-01	5.25e-02	1.51e-03	0.00e+00	0.00e+00
 6.91105e+15	1.16e-05	8.63e-03	5.08e-01	4.35e-01	4.74e-02	1.26e-03	0.00e+00	0.00e+00
 6.95785e+15	1.29e-05	9.30e-03	5.24e-01	4.23e-01	4.28e-02	1.06e-03	0.00e+00	0.00e+00
 7.00883e+15	1.49e-05	1.03e-02	5.44e-01	4.08e-01	3.77e-02	8.50e-04	0.00e+00	0.00e+00
 7.06248e+15	1.74e-05	1.15e-02	5.64e-01	3.91e-01	3.28e-02	6.68e-04	0.00e+00	0.00e+00
 7.10778e+15	2.05e-05	1.29e-02	5.82e-01	3.76e-01	2.88e-02	5.31e-04	0.00e+00	0.00e+00
 7.14566e+15	2.30e-05	1.40e-02	5.96e-01	3.64e-01	2.58e-02	4.39e-04	0.00e+00	0.00e+00
 7.17711e+15	2.53e-05	1.49e-02	6.07e-01	3.54e-01	2.35e-02	3.73e-04	0.00e+00	0.00e+00
 7.20497e+15	2.72e-05	1.57e-02	6.17e-01	3.46e-01	2.16e-02	3.24e-04	0.00e+00	0.00e+00
 7.23679e+15	3.01e-05	1.69e-02	6.28e-01	3.35e-01	1.94e-02	2.70e-04	0.00e+00	0.00e+00
 7.27175e+15	3.44e-05	1.85e-02	6.41e-01	3.23e-01	1.71e-02	2.18e-04	0.00e+00	0.00e+00
 7.30137e+15	3.76e-05	1.97e-02	6.51e-01	3.14e-01	1.55e-02	1.84e-04	0.00e+00	0.00e+00
 7.33044e+15	4.16e-05	2.11e-02	6.61e-01	3.04e-01	1.39e-02	1.52e-04	0.00e+00	0.00e+00
 7.36824e+15	4.72e-05	2.30e-02	6.73e-01	2.92e-01	1.21e-02	1.19e-04	0.00e+00	0.00e+00
 7.40677e+15	5.35e-05	2.51e-02	6.85e-01	2.80e-01	1.04e-02	9.31e-05	0.00e+00	0.00e+00
 7.43860e+15	5.95e-05	2.69e-02	6.94e-01	2.70e-01	9.23e-03	7.53e-05	0.00e+00	0.00e+00
 7.47230e+15	6.67e-05	2.91e-02	7.03e-01	2.59e-01	8.03e-03	5.94e-05	0.00e+00	0.00e+00
 7.50955e+15	7.56e-05	3.17e-02	7.13e-01	2.48e-01	6.89e-03	4.57e-05	0.00e+00	0.00e+00
 7.54368e+15	8.46e-05	3.42e-02	7.22e-01	2.38e-01	5.98e-03	3.59e-05	0.00e+00	0.00e+00
 7.57533e+15	9.42e-05	3.68e-02	7.29e-01	2.29e-01	5.22e-03	2.84e-05	0.00e+00	0.00e+00
 7.61147e+15	1.07e-04	4.00e-02	7.37e-01	2.18e-01	4.44e-03	2.16e-05	0.00e+00	0.00e+00
 7.65048e+15	1.22e-04	4.37e-02	7.45e-01	2.07e-01	3.74e-03	1.61e-05	0.00e+00	0.00e+00
 7.68520e+15	1.37e-04	4.72e-02	7.51e-01	1.98e-01	3.21e-03	1.24e-05	0.00e+00	0.00e+00
 7.71740e+15	1.53e-04	5.08e-02	7.57e-01	1.89e-01	2.77e-03	9.63e-06	0.00e+00	0.00e+00
 7.75429e+15	1.73e-04	5.52e-02	7.63e-01	1.80e-01	2.32e-03	7.17e-06	0.00e+00	0.00e+00
 7.79450e+15	1.99e-04	6.05e-02	7.68e-01	1.69e-01	1.93e-03	5.21e-06	0.00e+00	0.00e+00
 7.83053e+15	2.25e-04	6.56e-02	7.72e-01	1.61e-01	1.63e-03	3.92e-06	0.00e+00	0.00e+00
 7.86348e+15	2.52e-04	7.06e-02	7.75e-01	1.53e-01	1.39e-03	3.01e-06	0.00e+00	0.00e+00
 7.90091e+15	2.87e-04	7.70e-02	7.78e-01	1.44e-01	1.15e-03	2.20e-06	0.00e+00	0.00e+00
 7.94119e+15	3.32e-04	8.45e-02	7.80e-01	1.34e-01	9.46e-04	1.58e-06	0.00e+00	0.00e+00
 7.97698e+15	3.76e-04	9.16e-02	7.81e-01	1.26e-01	7.93e-04	1.18e-06	0.00e+00	0.00e+00
 8.01008e+15	4.24e-04	9.90e-02	7.81e-01	1.19e-01	6.70e-04	8.87e-07	0.00e+00	0.00e+00
 8.04789e+15	4.85e-04	1.08e-01	7.80e-01	1.11e-01	5.51e-04	0.00e+00	0.00e+00	0.00e+00
 8.08975e+15	5.66e-04	1.19e-01	7.78e-01	1.02e-01	4.41e-04	0.00e+00	0.00e+00	0.00e+00
 8.12690e+15	6.52e-04	1.30e-01	7.74e-01	9.44e-02	3.62e-04	0.00e+00	0.00e+00	0.00e+00
 8.15923e+15	7.35e-04	1.41e-01	7.70e-01	8.81e-02	3.04e-04	0.00e+00	0.00e+00	0.00e+00
 8.19528e+15	8.46e-04	1.54e-01	7.64e-01	8.11e-02	2.47e-04	0.00e+00	0.00e+00	0.00e+00
 8.23562e+15	9.90e-04	1.69e-01	7.56e-01	7.37e-02	1.97e-04	0.00e+00	0.00e+00	0.00e+00
 8.27322e+15	1.15e-03	1.86e-01	7.46e-01	6.68e-02	1.57e-04	0.00e+00	0.00e+00	0.00e+00
 8.30696e+15	1.32e-03	2.03e-01	7.35e-01	6.10e-02	1.28e-04	0.00e+00	0.00e+00	0.00e+00
 8.34401e+15	1.54e-03	2.22e-01	7.21e-01	5.48e-02	1.01e-04	0.00e+00	0.00e+00	0.00e+00
 8.38495e+15	1.83e-03	2.47e-01	7.03e-01	4.83e-02	7.75e-05	0.00e+00	0.00e+00	0.00e+00
 8.42246e+15	2.15e-03	2.72e-01	6.83e-01	4.26e-02	6.02e-05	0.00e+00	0.00e+00	0.00e+00
 8.45733e+15	2.50e-03	2.98e-01	6.62e-01	3.75e-02	4.68e-05	0.00e+00	0.00e+00	0.00e+00
 8.49722e+15	2.99e-03	3.30e-01	6.35e-01	3.21e-02	3.46e-05	0.00e+00	0.00e+00	0.00e+00
 8.54127e+15	3.67e-03	3.70e-01	6.00e-01	2.66e-02	2.44e-05	0.00e+00	0.00e+00	0.00e+00
 8.58045e+15	4.42e-03	4.09e-01	5.64e-01	2.21e-02	1.75e-05	0.00e+00	0.00e+00	0.00e+00
 8.61417e+15	5.18e-03	4.46e-01	5.30e-01	1.84e-02	1.29e-05	0.00e+00	0.00e+00	0.00e+00
 8.65105e+15	6.19e-03	4.89e-01	4.90e-01	1.49e-02	8.96e-06	0.00e+00	0.00e+00	0.00e+00
 8.69121e+15	7.55e-03	5.39e-01	4.42e-01	1.15e-02	5.86e-06	0.00e+00	0.00e+00	0.00e+00
 8.72613e+15	9.01e-03	5.86e-01	3.96e-01	8.90e-03	3.91e-06	0.00e+00	0.00e+00	0.00e+00
 8.75343e+15	1.04e-02	6.24e-01	3.59e-01	7.13e-03	2.78e-06	0.00e+00	0.00e+00	0.00e+00
 8.77597e+15	1.17e-02	6.55e-01	3.28e-01	5.85e-03	2.06e-06	0.00e+00	0.00e+00	0.00e+00
 8.80090e+15	1.33e-02	6.89e-01	2.93e-01	4.61e-03	1.44e-06	0.00e+00	0.00e+00	0.00e+00
 8.82821e+15	1.54e-02	7.26e-01	2.55e-01	3.47e-03	9.49e-07	0.00e+00	0.00e+00	0.00e+00
 8.85204e+15	1.76e-02	7.57e-01	2.23e-01	2.64e-03	0.00e+00	0.00e+00	0.00e+00	0.00e+00
 8.87198e+15	1.96e-02	7.81e-01	1.97e-01	2.07e-03	0.00e+00	0.00e+00	0.00e+00	0.00e+00
 8.89346e+15	2.20e-02	8.06e-01	1.70e-01	1.56e-03	0.00e+00	0.00e+00	0.00e+00	0.00e+00
 8.91684e+15	2.51e-02	8.31e-01	1.43e-01	1.12e-03	0.00e+00	0.00e+00	0.00e+00	0.00e+00
 8.93711e+15	2.83e-02	8.50e-01	1.21e-01	8.15e-04	0.00e+00	0.00e+00	0.00e+00	0.00e+00
 8.95404e+15	3.13e-02	8.64e-01	1.04e-01	6.16e-04	0.00e+00	0.00e+00	0.00e+00	0.00e+00
 8.97218e+15	3.48e-02	8.77e-01	8.73e-02	4.49e-04	0.00e+00	0.00e+00	0.00e+00	0.00e+00
 8.99224e+15	3.94e-02	8.89e-01	7.11e-02	3.09e-04	0.00e+00	0.00e+00	0.00e+00	0.00e+00
 9.01009e+15	4.42e-02	8.97e-01	5.81e-02	2.15e-04	0.00e+00	0.00e+00	0.00e+00	0.00e+00
 9.02521e+15	4.88e-02	9.03e-01	4.86e-02	1.56e-04	0.00e+00	0.00e+00	0.00e+00	0.00e+00
 9.03916e+15	5.34e-02	9.06e-01	4.07e-02	1.14e-04	0.00e+00	0.00e+00	0.00e+00	0.00e+00
 9.05499e+15	5.95e-02	9.07e-01	3.32e-02	7.90e-05	0.00e+00	0.00e+00	0.00e+00	0.00e+00
 9.07271e+15	6.72e-02	9.07e-01	2.59e-02	5.12e-05	0.00e+00	0.00e+00	0.00e+00	0.00e+00
 9.08886e+15	7.55e-02	9.04e-01	2.04e-02	3.35e-05	0.00e+00	0.00e+00	0.00e+00	0.00e+00
 9.10277e+15	8.36e-02	9.00e-01	1.64e-02	2.28e-05	0.00e+00	0.00e+00	0.00e+00	0.00e+00
 9.11583e+15	9.20e-02	8.95e-01	1.32e-02	1.57e-05	0.00e+00	0.00e+00	0.00e+00	0.00e+00
 9.12788e+15	1.01e-01	8.89e-01	1.08e-02	1.10e-05	0.00e+00	0.00e+00	0.00e+00	0.00e+00
 9.13849e+15	1.09e-01	8.82e-01	8.92e-03	7.93e-06	0.00e+00	0.00e+00	0.00e+00	0.00e+00
 9.14896e+15	1.18e-01	8.75e-01	7.38e-03	5.70e-06	0.00e+00	0.00e+00	0.00e+00	0.00e+00
 9.15993e+15	1.28e-01	8.66e-01	6.01e-03	3.99e-06	0.00e+00	0.00e+00	0.00e+00	0.00e+00
 9.17069e+15	1.39e-01	8.56e-01	4.88e-03	2.78e-06	0.00e+00	0.00e+00	0.00e+00	0.00e+00
 9.18049e+15	1.49e-01	8.47e-01	4.02e-03	1.98e-06	0.00e+00	0.00e+00	0.00e+00	0.00e+00
 9.18900e+15	1.59e-01	8.37e-01	3.38e-03	1.47e-06	0.00e+00	0.00e+00	0.00e+00	0.00e+00
 9.19519e+15	1.66e-01	8.31e-01	2.98e-03	1.19e-06	0.00e+00	0.00e+00	0.00e+00	0.00e+00
 9.19937e+15	1.71e-01	8.26e-01	2.73e-03	1.02e-06	0.00e+00	0.00e+00	0.00e+00	0.00e+00
 9.20346e+15	1.77e-01	8.21e-01	2.51e-03	8.78e-07	0.00e+00	0.00e+00	0.00e+00	0.00e+00
 9.20830e+15	1.83e-01	8.15e-01	2.26e-03	0.00e+00	0.00e+00	0.00e+00	0.00e+00	0.00e+00
 9.21347e+15	1.90e-01	8.08e-01	2.02e-03	0.00e+00	0.00e+00	0.00e+00	0.00e+00	0.00e+00
 9.21841e+15	1.96e-01	8.02e-01	1.82e-03	0.00e+00	0.00e+00	0.00e+00	0.00e+00	0.00e+00
 9.22309e+15	2.03e-01	7.96e-01	1.64e-03	0.00e+00	0.00e+00	0.00e+00	0.00e+00	0.00e+00
 9.22776e+15	2.09e-01	7.89e-01	1.48e-03	0.00e+00	0.00e+00	0.00e+00	0.00e+00	0.00e+00
 9.23245e+15	2.16e-01	7.83e-01	1.33e-03	0.00e+00	0.00e+00	0.00e+00	0.00e+00	0.00e+00
 9.23714e+15	2.23e-01	7.76e-01	1.20e-03	0.00e+00	0.00e+00	0.00e+00	0.00e+00	0.00e+00
 9.24177e+15	2.30e-01	7.69e-01	1.08e-03	0.00e+00	0.00e+00	0.00e+00	0.00e+00	0.00e+00
 9.24638e+15	2.37e-01	7.62e-01	9.69e-04	0.00e+00	0.00e+00	0.00e+00	0.00e+00	0.00e+00
 9.25102e+15	2.44e-01	7.55e-01	8.71e-04	0.00e+00	0.00e+00	0.00e+00	0.00e+00	0.00e+00
 9.25556e+15	2.51e-01	7.48e-01	7.84e-04	0.00e+00	0.00e+00	0.00e+00	0.00e+00	0.00e+00
 9.26005e+15	2.59e-01	7.41e-01	7.06e-04	0.00e+00	0.00e+00	0.00e+00	0.00e+00	0.00e+00
 9.26460e+15	2.66e-01	7.33e-01	6.33e-04	0.00e+00	0.00e+00	0.00e+00	0.00e+00	0.00e+00
 9.26914e+15	2.74e-01	7.26e-01	5.69e-04	0.00e+00	0.00e+00	0.00e+00	0.00e+00	0.00e+00
 9.27365e+15	2.82e-01	7.18e-01	5.11e-04	0.00e+00	0.00e+00	0.00e+00	0.00e+00	0.00e+00
 9.27820e+15	2.89e-01	7.10e-01	4.58e-04	0.00e+00	0.00e+00	0.00e+00	0.00e+00	0.00e+00
 9.28268e+15	2.97e-01	7.02e-01	4.11e-04	0.00e+00	0.00e+00	0.00e+00	0.00e+00	0.00e+00
 9.28713e+15	3.05e-01	6.94e-01	3.69e-04	0.00e+00	0.00e+00	0.00e+00	0.00e+00	0.00e+00
 9.29164e+15	3.14e-01	6.86e-01	3.31e-04	0.00e+00	0.00e+00	0.00e+00	0.00e+00	0.00e+00
 9.29619e+15	3.22e-01	6.78e-01	2.96e-04	0.00e+00	0.00e+00	0.00e+00	0.00e+00	0.00e+00
 9.30075e+15	3.31e-01	6.69e-01	2.65e-04	0.00e+00	0.00e+00	0.00e+00	0.00e+00	0.00e+00
 9.30528e+15	3.40e-01	6.60e-01	2.37e-04	0.00e+00	0.00e+00	0.00e+00	0.00e+00	0.00e+00
 9.30980e+15	3.49e-01	6.51e-01	2.12e-04	0.00e+00	0.00e+00	0.00e+00	0.00e+00	0.00e+00
 9.31435e+15	3.58e-01	6.42e-01	1.90e-04	0.00e+00	0.00e+00	0.00e+00	0.00e+00	0.00e+00
 9.31889e+15	3.67e-01	6.33e-01	1.70e-04	0.00e+00	0.00e+00	0.00e+00	0.00e+00	0.00e+00
 9.32345e+15	3.77e-01	6.22e-01	1.52e-04	0.00e+00	0.00e+00	0.00e+00	0.00e+00	0.00e+00
 9.32801e+15	3.88e-01	6.12e-01	1.36e-04	0.00e+00	0.00e+00	0.00e+00	0.00e+00	0.00e+00
 9.33254e+15	3.98e-01	6.02e-01	1.22e-04	0.00e+00	0.00e+00	0.00e+00	0.00e+00	0.00e+00
 9.33712e+15	4.09e-01	5.91e-01	1.09e-04	0.00e+00	0.00e+00	0.00e+00	0.00e+00	0.00e+00
 9.34174e+15	4.20e-01	5.80e-01	9.77e-05	0.00e+00	0.00e+00	0.00e+00	0.00e+00	0.00e+00
 9.34635e+15	4.31e-01	5.69e-01	8.76e-05	0.00e+00	0.00e+00	0.00e+00	0.00e+00	0.00e+00
 9.35100e+15	4.43e-01	5.57e-01	7.85e-05	0.00e+00	0.00e+00	0.00e+00	0.00e+00	0.00e+00
 9.35573e+15	4.54e-01	5.45e-01	7.04e-05	0.00e+00	0.00e+00	0.00e+00	0.00e+00	0.00e+00
 9.36057e+15	4.67e-01	5.33e-01	6.30e-05	0.00e+00	0.00e+00	0.00e+00	0.00e+00	0.00e+00
 9.36552e+15	4.81e-01	5.19e-01	5.63e-05	0.00e+00	0.00e+00	0.00e+00	0.00e+00	0.00e+00
 9.37053e+15	4.94e-01	5.06e-01	5.05e-05	0.00e+00	0.00e+00	0.00e+00	0.00e+00	0.00e+00
 9.37571e+15	5.09e-01	4.91e-01	4.51e-05	0.00e+00	0.00e+00	0.00e+00	0.00e+00	0.00e+00
 9.38110e+15	5.23e-01	4.77e-01	4.04e-05	0.00e+00	0.00e+00	0.00e+00	0.00e+00	0.00e+00
 9.38672e+15	5.39e-01	4.61e-01	3.60e-05	0.00e+00	0.00e+00	0.00e+00	0.00e+00	0.00e+00
 9.39265e+15	5.55e-01	4.45e-01	3.21e-05	0.00e+00	0.00e+00	0.00e+00	0.00e+00	0.00e+00
 9.39892e+15	5.72e-01	4.28e-01	2.86e-05	0.00e+00	0.00e+00	0.00e+00	0.00e+00	0.00e+00
 9.40559e+15	5.89e-01	4.11e-01	2.54e-05	0.00e+00	0.00e+00	0.00e+00	0.00e+00	0.00e+00
 9.41278e+15	6.10e-01	3.90e-01	2.24e-05	0.00e+00	0.00e+00	0.00e+00	0.00e+00	0.00e+00
 9.42052e+15	6.29e-01	3.71e-01	1.99e-05	0.00e+00	0.00e+00	0.00e+00	0.00e+00	0.00e+00
 9.42898e+15	6.48e-01	3.52e-01	1.76e-05	0.00e+00	0.00e+00	0.00e+00	0.00e+00	0.00e+00
 9.43859e+15	6.67e-01	3.33e-01	1.55e-05	0.00e+00	0.00e+00	0.00e+00	0.00e+00	0.00e+00
 9.44948e+15	6.88e-01	3.12e-01	1.37e-05	0.00e+00	0.00e+00	0.00e+00	0.00e+00	0.00e+00
 9.46038e+15	7.04e-01	2.96e-01	1.23e-05	0.00e+00	0.00e+00	0.00e+00	0.00e+00	0.00e+00
 9.47024e+15	7.17e-01	2.83e-01	1.13e-05	0.00e+00	0.00e+00	0.00e+00	0.00e+00	0.00e+00
 9.48062e+15	7.29e-01	2.71e-01	1.04e-05	0.00e+00	0.00e+00	0.00e+00	0.00e+00	0.00e+00
 9.49286e+15	7.43e-01	2.57e-01	9.44e-06	0.00e+00	0.00e+00	0.00e+00	0.00e+00	0.00e+00
 9.50655e+15	7.56e-01	2.44e-01	8.60e-06	0.00e+00	0.00e+00	0.00e+00	0.00e+00	0.00e+00
 9.52121e+15	7.69e-01	2.31e-01	7.83e-06	0.00e+00	0.00e+00	0.00e+00	0.00e+00	0.00e+00
 9.53682e+15	7.81e-01	2.19e-01	7.14e-06	0.00e+00	0.00e+00	0.00e+00	0.00e+00	0.00e+00
 9.55342e+15	7.94e-01	2.06e-01	6.50e-06	0.00e+00	0.00e+00	0.00e+00	0.00e+00	0.00e+00
 9.57080e+15	8.05e-01	1.95e-01	5.90e-06	0.00e+00	0.00e+00	0.00e+00	0.00e+00	0.00e+00
 9.58862e+15	8.17e-01	1.83e-01	5.35e-06	0.00e+00	0.00e+00	0.00e+00	0.00e+00	0.00e+00
 9.60656e+15	8.28e-01	1.72e-01	4.86e-06	0.00e+00	0.00e+00	0.00e+00	0.00e+00	0.00e+00
 9.62445e+15	8.38e-01	1.62e-01	4.41e-06	0.00e+00	0.00e+00	0.00e+00	0.00e+00	0.00e+00
 9.64218e+15	8.48e-01	1.52e-01	4.00e-06	0.00e+00	0.00e+00	0.00e+00	0.00e+00	0.00e+00
 9.65968e+15	8.57e-01	1.43e-01	3.63e-06	0.00e+00	0.00e+00	0.00e+00	0.00e+00	0.00e+00
 9.67693e+15	8.67e-01	1.33e-01	3.28e-06	0.00e+00	0.00e+00	0.00e+00	0.00e+00	0.00e+00
 9.69432e+15	8.75e-01	1.25e-01	2.99e-06	0.00e+00	0.00e+00	0.00e+00	0.00e+00	0.00e+00
 9.71122e+15	8.83e-01	1.17e-01	2.71e-06	0.00e+00	0.00e+00	0.00e+00	0.00e+00	0.00e+00
 9.72757e+15	8.91e-01	1.09e-01	2.46e-06	0.00e+00	0.00e+00	0.00e+00	0.00e+00	0.00e+00
 9.74403e+15	8.98e-01	1.02e-01	2.24e-06	0.00e+00	0.00e+00	0.00e+00	0.00e+00	0.00e+00
 9.76015e+15	9.04e-01	9.59e-02	2.04e-06	0.00e+00	0.00e+00	0.00e+00	0.00e+00	0.00e+00
 9.77577e+15	9.10e-01	9.00e-02	1.86e-06	0.00e+00	0.00e+00	0.00e+00	0.00e+00	0.00e+00
 9.79085e+15	9.15e-01	8.45e-02	1.70e-06	0.00e+00	0.00e+00	0.00e+00	0.00e+00	0.00e+00
 9.80564e+15	9.21e-01	7.94e-02	1.55e-06	0.00e+00	0.00e+00	0.00e+00	0.00e+00	0.00e+00
 9.82055e+15	9.26e-01	7.44e-02	1.42e-06	0.00e+00	0.00e+00	0.00e+00	0.00e+00	0.00e+00
 9.83548e+15	9.30e-01	6.98e-02	1.30e-06	0.00e+00	0.00e+00	0.00e+00	0.00e+00	0.00e+00
 9.85021e+15	9.35e-01	6.55e-02	1.19e-06	0.00e+00	0.00e+00	0.00e+00	0.00e+00	0.00e+00
 9.86469e+15	9.39e-01	6.14e-02	1.09e-06	0.00e+00	0.00e+00	0.00e+00	0.00e+00	0.00e+00
 9.87901e+15	9.42e-01	5.77e-02	9.97e-07	0.00e+00	0.00e+00	0.00e+00	0.00e+00	0.00e+00
 9.89322e+15	9.46e-01	5.42e-02	9.14e-07	0.00e+00	0.00e+00	0.00e+00	0.00e+00	0.00e+00
 9.90733e+15	9.49e-01	5.09e-02	8.39e-07	0.00e+00	0.00e+00	0.00e+00	0.00e+00	0.00e+00
 9.92136e+15	9.52e-01	4.78e-02	7.70e-07	0.00e+00	0.00e+00	0.00e+00	0.00e+00	0.00e+00
 9.93530e+15	9.55e-01	4.49e-02	7.08e-07	0.00e+00	0.00e+00	0.00e+00	0.00e+00	0.00e+00
 9.94921e+15	9.58e-01	4.23e-02	6.51e-07	0.00e+00	0.00e+00	0.00e+00	0.00e+00	0.00e+00
 9.96311e+15	9.60e-01	3.97e-02	5.98e-07	0.00e+00	0.00e+00	0.00e+00	0.00e+00	0.00e+00
 9.97701e+15	9.63e-01	3.74e-02	5.50e-07	0.00e+00	0.00e+00	0.00e+00	0.00e+00	0.00e+00
 9.99097e+15	9.65e-01	3.52e-02	5.06e-07	0.00e+00	0.00e+00	0.00e+00	0.00e+00	0.00e+00
 1.00050e+16	9.67e-01	3.31e-02	4.66e-07	0.00e+00	0.00e+00	0.00e+00	0.00e+00	0.00e+00
 1.00192e+16	9.69e-01	3.11e-02	4.28e-07	0.00e+00	0.00e+00	0.00e+00	0.00e+00	0.00e+00
 1.00339e+16	9.71e-01	2.92e-02	3.93e-07	0.00e+00	0.00e+00	0.00e+00	0.00e+00	0.00e+00
 1.00490e+16	9.73e-01	2.74e-02	3.59e-07	0.00e+00	0.00e+00	0.00e+00	0.00e+00	0.00e+00
 1.00646e+16	9.74e-01	2.56e-02	3.29e-07	0.00e+00	0.00e+00	0.00e+00	0.00e+00	0.00e+00
 1.00807e+16	9.76e-01	2.40e-02	3.00e-07	0.00e+00	0.00e+00	0.00e+00	0.00e+00	0.00e+00
 1.00974e+16	9.78e-01	2.24e-02	2.73e-07	0.00e+00	0.00e+00	0.00e+00	0.00e+00	0.00e+00
 1.01151e+16	9.79e-01	2.09e-02	2.48e-07	0.00e+00	0.00e+00	0.00e+00	0.00e+00	0.00e+00
 1.01342e+16	9.81e-01	1.94e-02	2.23e-07	0.00e+00	0.00e+00	0.00e+00	0.00e+00	0.00e+00
 1.01550e+16	9.82e-01	1.79e-02	2.00e-07	0.00e+00	0.00e+00	0.00e+00	0.00e+00	0.00e+00
 1.01785e+16	9.84e-01	1.64e-02	1.77e-07	0.00e+00	0.00e+00	0.00e+00	0.00e+00	0.00e+00
 1.02054e+16	9.85e-01	1.49e-02	1.54e-07	0.00e+00	0.00e+00	0.00e+00	0.00e+00	0.00e+00
 1.02335e+16	9.86e-01	1.36e-02	1.35e-07	0.00e+00	0.00e+00	0.00e+00	0.00e+00	0.00e+00
 1.02596e+16	9.87e-01	1.25e-02	1.20e-07	0.00e+00	0.00e+00	0.00e+00	0.00e+00	0.00e+00
 1.02833e+16	9.88e-01	1.17e-02	1.09e-07	0.00e+00	0.00e+00	0.00e+00	0.00e+00	0.00e+00
 1.03049e+16	9.89e-01	1.10e-02	9.96e-08	0.00e+00	0.00e+00	0.00e+00	0.00e+00	0.00e+00
 1.03246e+16	9.90e-01	1.05e-02	9.22e-08	0.00e+00	0.00e+00	0.00e+00	0.00e+00	0.00e+00
