#depth	C	C+	C+2	C+3	C+4	C+5	C+6	C[1]	C[2]	C[3]	C+[1]	C+[2]	CO
 1.49634e+10	0.00e+00	0.00e+00	2.04e-27	6.99e-18	1.45e-07	8.88e-03	9.91e-01	0.00e+00	0.00e+00	0.00e+00	0.00e+00	0.00e+00	0.00e+00
 4.54887e+10	0.00e+00	2.56e-37	2.80e-27	8.87e-18	1.70e-07	9.60e-03	9.90e-01	0.00e+00	0.00e+00	0.00e+00	0.00e+00	0.00e+00	1.46e-238
 7.72350e+10	0.00e+00	0.00e+00	3.84e-27	1.13e-17	2.00e-07	1.04e-02	9.90e-01	0.00e+00	0.00e+00	0.00e+00	0.00e+00	0.00e+00	7.01e-231
 1.10251e+11	0.00e+00	5.67e-37	5.28e-27	1.43e-17	2.34e-07	1.12e-02	9.89e-01	0.00e+00	0.00e+00	0.00e+00	0.00e+00	0.00e+00	1.34e-236
 1.44588e+11	0.00e+00	0.00e+00	7.25e-27	1.81e-17	2.75e-07	1.21e-02	9.88e-01	0.00e+00	0.00e+00	0.00e+00	0.00e+00	0.00e+00	8.29e-230
 1.76522e+11	0.00e+00	1.20e-36	9.65e-27	2.25e-17	3.17e-07	1.30e-02	9.87e-01	0.00e+00	0.00e+00	0.00e+00	0.00e+00	0.00e+00	0.00e+00
 2.04466e+11	3.05e-47	1.63e-36	1.23e-26	2.70e-17	3.58e-07	1.38e-02	9.86e-01	0.00e+00	0.00e+00	0.00e+00	0.00e+00	0.00e+00	1.07e-143
 2.35549e+11	0.00e+00	2.26e-36	1.60e-26	3.28e-17	4.09e-07	1.47e-02	9.85e-01	0.00e+00	0.00e+00	0.00e+00	0.00e+00	0.00e+00	4.89e-212
 2.73143e+11	7.14e-47	3.30e-36	2.17e-26	4.13e-17	4.77e-07	1.59e-02	9.84e-01	0.00e+00	0.00e+00	0.00e+00	0.00e+00	0.00e+00	8.82e-143
 3.10388e+11	0.00e+00	0.00e+00	2.90e-26	5.14e-17	5.52e-07	1.70e-02	9.83e-01	0.00e+00	0.00e+00	0.00e+00	0.00e+00	0.00e+00	1.52e-211
 3.43379e+11	0.00e+00	6.51e-36	3.73e-26	6.21e-17	6.27e-07	1.81e-02	9.82e-01	0.00e+00	0.00e+00	0.00e+00	0.00e+00	0.00e+00	1.67e-162
 3.79654e+11	2.40e-46	9.09e-36	4.88e-26	7.60e-17	7.17e-07	1.93e-02	9.81e-01	0.00e+00	0.00e+00	0.00e+00	0.00e+00	0.00e+00	1.13e-231
 4.23125e+11	0.00e+00	0.00e+00	6.65e-26	9.59e-17	8.39e-07	2.09e-02	9.79e-01	0.00e+00	0.00e+00	0.00e+00	0.00e+00	0.00e+00	2.88e-207
 4.66627e+11	0.00e+00	1.95e-35	8.98e-26	1.20e-16	9.75e-07	2.24e-02	9.78e-01	0.00e+00	0.00e+00	0.00e+00	0.00e+00	0.00e+00	4.12e-232
 5.06551e+11	8.92e-46	2.72e-35	1.17e-25	1.47e-16	1.12e-06	2.39e-02	9.76e-01	0.00e+00	0.00e+00	0.00e+00	0.00e+00	0.00e+00	4.63e-140
 5.51143e+11	0.00e+00	0.00e+00	1.57e-25	1.82e-16	1.29e-06	2.56e-02	9.74e-01	0.00e+00	0.00e+00	0.00e+00	0.00e+00	0.00e+00	2.85e-210
 6.01551e+11	0.00e+00	5.78e-35	2.15e-25	2.31e-16	1.51e-06	2.77e-02	9.72e-01	0.00e+00	0.00e+00	0.00e+00	0.00e+00	0.00e+00	2.55e-159
 6.49963e+11	3.42e-45	8.33e-35	2.88e-25	2.88e-16	1.75e-06	2.97e-02	9.70e-01	0.00e+00	0.00e+00	0.00e+00	0.00e+00	0.00e+00	2.64e-230
 7.01598e+11	0.00e+00	1.21e-34	3.89e-25	3.62e-16	2.04e-06	3.19e-02	9.68e-01	0.00e+00	0.00e+00	0.00e+00	0.00e+00	0.00e+00	3.06e-158
 7.58323e+11	8.69e-45	1.81e-34	5.37e-25	4.61e-16	2.40e-06	3.44e-02	9.66e-01	0.00e+00	0.00e+00	0.00e+00	0.00e+00	0.00e+00	0.00e+00
 8.12399e+11	0.00e+00	2.63e-34	7.22e-25	5.76e-16	2.79e-06	3.70e-02	9.63e-01	0.00e+00	0.00e+00	0.00e+00	0.00e+00	0.00e+00	4.00e-157
 8.69903e+11	2.14e-44	3.84e-34	9.81e-25	7.24e-16	3.25e-06	3.97e-02	9.60e-01	0.00e+00	0.00e+00	0.00e+00	0.00e+00	0.00e+00	0.00e+00
 9.33322e+11	0.00e+00	5.77e-34	1.36e-24	9.25e-16	3.83e-06	4.29e-02	9.57e-01	0.00e+00	0.00e+00	0.00e+00	0.00e+00	0.00e+00	5.51e-156
 9.95068e+11	5.51e-44	8.46e-34	1.85e-24	1.17e-15	4.47e-06	4.61e-02	9.54e-01	0.00e+00	0.00e+00	0.00e+00	0.00e+00	0.00e+00	0.00e+00
 1.06059e+12	0.00e+00	1.25e-33	2.53e-24	1.48e-15	5.24e-06	4.97e-02	9.50e-01	0.00e+00	0.00e+00	0.00e+00	0.00e+00	0.00e+00	7.23e-155
 1.13294e+12	1.46e-43	1.91e-33	3.55e-24	1.90e-15	6.21e-06	5.37e-02	9.46e-01	0.00e+00	0.00e+00	0.00e+00	0.00e+00	0.00e+00	0.00e+00
 1.20562e+12	0.00e+00	2.87e-33	4.92e-24	2.43e-15	7.32e-06	5.79e-02	9.42e-01	0.00e+00	0.00e+00	0.00e+00	0.00e+00	0.00e+00	1.12e-153
 1.28121e+12	3.89e-43	4.33e-33	6.83e-24	3.11e-15	8.64e-06	6.25e-02	9.37e-01	0.00e+00	0.00e+00	0.00e+00	0.00e+00	0.00e+00	0.00e+00
 1.36238e+12	0.00e+00	6.63e-33	9.62e-24	4.02e-15	1.03e-05	6.76e-02	9.32e-01	0.00e+00	0.00e+00	0.00e+00	0.00e+00	0.00e+00	1.77e-152
 1.43706e+12	1.02e-42	9.68e-33	1.30e-23	5.05e-15	1.19e-05	7.25e-02	9.28e-01	0.00e+00	0.00e+00	0.00e+00	0.00e+00	0.00e+00	0.00e+00
 1.50171e+12	0.00e+00	1.33e-32	1.68e-23	6.11e-15	1.36e-05	7.68e-02	9.23e-01	0.00e+00	0.00e+00	0.00e+00	0.00e+00	0.00e+00	1.75e-151
 1.57383e+12	2.27e-42	1.88e-32	2.22e-23	7.53e-15	1.56e-05	8.18e-02	9.18e-01	0.00e+00	0.00e+00	0.00e+00	0.00e+00	0.00e+00	0.00e+00
 1.66185e+12	0.00e+00	2.84e-32	3.08e-23	9.63e-15	1.84e-05	8.80e-02	9.12e-01	0.00e+00	0.00e+00	0.00e+00	0.00e+00	0.00e+00	2.10e-150
 1.75287e+12	6.06e-42	4.27e-32	4.28e-23	1.23e-14	2.17e-05	9.48e-02	9.05e-01	0.00e+00	0.00e+00	0.00e+00	0.00e+00	0.00e+00	0.00e+00
 1.83820e+12	0.00e+00	6.20e-32	5.77e-23	1.54e-14	2.52e-05	1.01e-01	8.99e-01	0.00e+00	0.00e+00	0.00e+00	0.00e+00	0.00e+00	2.72e-149
 1.91690e+12	1.41e-41	8.65e-32	7.53e-23	1.88e-14	2.87e-05	1.07e-01	8.93e-01	0.00e+00	0.00e+00	0.00e+00	0.00e+00	0.00e+00	0.00e+00
 2.00229e+12	0.00e+00	1.23e-31	1.00e-22	2.32e-14	3.31e-05	1.14e-01	8.86e-01	0.00e+00	0.00e+00	0.00e+00	0.00e+00	0.00e+00	2.55e-148
 2.09687e+12	3.39e-41	1.80e-31	1.35e-22	2.92e-14	3.85e-05	1.22e-01	8.78e-01	0.00e+00	0.00e+00	0.00e+00	0.00e+00	0.00e+00	1.44e-220
 2.18469e+12	0.00e+00	2.52e-31	1.78e-22	3.57e-14	4.40e-05	1.29e-01	8.71e-01	0.00e+00	0.00e+00	0.00e+00	0.00e+00	0.00e+00	2.65e-147
 2.28013e+12	7.84e-41	3.61e-31	2.37e-22	4.43e-14	5.07e-05	1.38e-01	8.62e-01	0.00e+00	0.00e+00	0.00e+00	0.00e+00	0.00e+00	0.00e+00
 2.38594e+12	0.00e+00	5.32e-31	3.23e-22	5.58e-14	5.92e-05	1.47e-01	8.53e-01	0.00e+00	0.00e+00	0.00e+00	0.00e+00	0.00e+00	3.02e-146
 2.48437e+12	1.89e-40	7.52e-31	4.26e-22	6.87e-14	6.78e-05	1.56e-01	8.44e-01	0.00e+00	0.00e+00	0.00e+00	0.00e+00	0.00e+00	0.00e+00
 2.59147e+12	0.00e+00	1.08e-30	5.71e-22	8.54e-14	7.83e-05	1.66e-01	8.34e-01	0.00e+00	0.00e+00	0.00e+00	0.00e+00	0.00e+00	3.08e-145
 2.71073e+12	4.71e-40	1.61e-30	7.84e-22	1.08e-13	9.15e-05	1.77e-01	8.23e-01	0.00e+00	0.00e+00	0.00e+00	0.00e+00	0.00e+00	3.75e-231
 2.82255e+12	0.00e+00	2.31e-30	1.04e-21	1.34e-13	1.05e-04	1.88e-01	8.12e-01	0.00e+00	0.00e+00	0.00e+00	0.00e+00	0.00e+00	3.58e-144
 2.94468e+12	1.14e-39	3.36e-30	1.41e-21	1.68e-13	1.22e-04	2.00e-01	8.00e-01	0.00e+00	0.00e+00	0.00e+00	0.00e+00	0.00e+00	0.00e+00
 3.08083e+12	0.00e+00	5.06e-30	1.96e-21	2.14e-13	1.43e-04	2.13e-01	7.87e-01	0.00e+00	0.00e+00	0.00e+00	0.00e+00	0.00e+00	4.64e-143
 3.20913e+12	2.91e-39	7.33e-30	2.63e-21	2.66e-13	1.65e-04	2.26e-01	7.74e-01	0.00e+00	0.00e+00	0.00e+00	0.00e+00	0.00e+00	0.00e+00
 3.32976e+12	0.00e+00	1.03e-29	3.45e-21	3.25e-13	1.88e-04	2.38e-01	7.62e-01	0.00e+00	0.00e+00	0.00e+00	0.00e+00	0.00e+00	4.65e-142
 3.46654e+12	6.79e-39	1.48e-29	4.63e-21	4.04e-13	2.17e-04	2.52e-01	7.48e-01	0.00e+00	0.00e+00	0.00e+00	0.00e+00	0.00e+00	0.00e+00
 3.62015e+12	0.00e+00	2.22e-29	6.38e-21	5.12e-13	2.52e-04	2.68e-01	7.32e-01	0.00e+00	0.00e+00	0.00e+00	0.00e+00	0.00e+00	5.75e-141
 3.77244e+12	1.74e-38	3.25e-29	8.65e-21	6.42e-13	2.92e-04	2.83e-01	7.16e-01	0.00e+00	0.00e+00	0.00e+00	0.00e+00	0.00e+00	3.96e-241
 3.92134e+12	0.00e+00	4.66e-29	1.15e-20	7.94e-13	3.35e-04	2.99e-01	7.01e-01	0.00e+00	0.00e+00	0.00e+00	0.00e+00	0.00e+00	6.52e-140
 4.08900e+12	4.31e-38	6.89e-29	1.57e-20	9.99e-13	3.87e-04	3.16e-01	6.84e-01	0.00e+00	0.00e+00	0.00e+00	0.00e+00	0.00e+00	0.00e+00
 4.27382e+12	0.00e+00	1.04e-28	2.19e-20	1.27e-12	4.53e-04	3.35e-01	6.65e-01	0.00e+00	0.00e+00	0.00e+00	0.00e+00	0.00e+00	9.15e-139
 4.43743e+12	1.09e-37	1.49e-28	2.90e-20	1.57e-12	5.16e-04	3.51e-01	6.48e-01	0.00e+00	0.00e+00	0.00e+00	0.00e+00	0.00e+00	0.00e+00
 4.58328e+12	0.00e+00	2.01e-28	3.70e-20	1.87e-12	5.77e-04	3.66e-01	6.33e-01	0.00e+00	0.00e+00	0.00e+00	0.00e+00	0.00e+00	7.93e-138
 4.74956e+12	2.35e-37	2.82e-28	4.83e-20	2.27e-12	6.52e-04	3.83e-01	6.17e-01	0.00e+00	0.00e+00	0.00e+00	0.00e+00	0.00e+00	0.00e+00
 4.92963e+12	0.00e+00	4.01e-28	6.39e-20	2.79e-12	7.42e-04	4.00e-01	5.99e-01	0.00e+00	0.00e+00	0.00e+00	0.00e+00	0.00e+00	7.64e-137
 5.09208e+12	5.21e-37	5.44e-28	8.15e-20	3.33e-12	8.29e-04	4.16e-01	5.83e-01	0.00e+00	0.00e+00	0.00e+00	0.00e+00	0.00e+00	0.00e+00
 5.26771e+12	0.00e+00	7.49e-28	1.05e-19	4.01e-12	9.29e-04	4.33e-01	5.66e-01	0.00e+00	0.00e+00	0.00e+00	0.00e+00	0.00e+00	6.05e-136
 5.48929e+12	1.23e-36	1.11e-27	1.43e-19	5.02e-12	1.07e-03	4.54e-01	5.45e-01	0.00e+00	0.00e+00	0.00e+00	0.00e+00	0.00e+00	0.00e+00
 5.71371e+12	0.00e+00	1.62e-27	1.93e-19	6.24e-12	1.22e-03	4.74e-01	5.25e-01	0.00e+00	0.00e+00	0.00e+00	0.00e+00	0.00e+00	7.72e-135
 5.90564e+12	2.83e-36	2.21e-27	2.47e-19	7.47e-12	1.36e-03	4.91e-01	5.08e-01	0.00e+00	0.00e+00	0.00e+00	0.00e+00	0.00e+00	0.00e+00
 6.11218e+12	0.00e+00	3.05e-27	3.19e-19	8.99e-12	1.52e-03	5.08e-01	4.90e-01	0.00e+00	0.00e+00	0.00e+00	0.00e+00	0.00e+00	6.40e-134
 6.36846e+12	6.69e-36	4.49e-27	4.34e-19	1.12e-11	1.74e-03	5.30e-01	4.69e-01	0.00e+00	0.00e+00	0.00e+00	0.00e+00	0.00e+00	0.00e+00
 6.63472e+12	0.00e+00	6.61e-27	5.89e-19	1.40e-11	1.99e-03	5.51e-01	4.47e-01	0.00e+00	0.00e+00	0.00e+00	0.00e+00	0.00e+00	8.46e-133
 6.87948e+12	1.61e-35	9.29e-27	7.71e-19	1.69e-11	2.23e-03	5.69e-01	4.28e-01	0.00e+00	0.00e+00	0.00e+00	0.00e+00	0.00e+00	2.36e-98
 7.15097e+12	0.00e+00	1.33e-26	1.03e-18	2.08e-11	2.52e-03	5.89e-01	4.09e-01	0.00e+00	0.00e+00	0.00e+00	0.00e+00	0.00e+00	0.00e+00
 7.46547e+12	4.09e-35	2.00e-26	1.41e-18	2.61e-11	2.88e-03	6.11e-01	3.86e-01	0.00e+00	0.00e+00	0.00e+00	0.00e+00	0.00e+00	6.29e-114
 7.77686e+12	0.00e+00	2.93e-26	1.91e-18	3.24e-11	3.27e-03	6.31e-01	3.66e-01	0.00e+00	0.00e+00	0.00e+00	0.00e+00	0.00e+00	2.77e-98
 8.10072e+12	1.03e-34	4.28e-26	2.57e-18	4.01e-11	3.70e-03	6.51e-01	3.46e-01	0.00e+00	0.00e+00	0.00e+00	0.00e+00	0.00e+00	4.88e-292
 8.42716e+12	1.61e-34	6.19e-26	3.44e-18	4.94e-11	4.17e-03	6.69e-01	3.27e-01	0.00e+00	0.00e+00	0.00e+00	0.00e+00	0.00e+00	2.01e-112
 8.72073e+12	2.38e-34	8.51e-26	4.42e-18	5.90e-11	4.62e-03	6.85e-01	3.10e-01	0.00e+00	0.00e+00	0.00e+00	0.00e+00	0.00e+00	7.82e-96
 9.04418e+12	3.58e-34	1.19e-25	5.76e-18	7.11e-11	5.14e-03	7.01e-01	2.94e-01	0.00e+00	0.00e+00	0.00e+00	0.00e+00	0.00e+00	0.00e+00
 9.42651e+12	5.71e-34	1.75e-25	7.79e-18	8.81e-11	5.80e-03	7.19e-01	2.75e-01	0.00e+00	0.00e+00	0.00e+00	0.00e+00	0.00e+00	4.96e-111
 9.80465e+12	8.88e-34	2.52e-25	1.04e-17	1.08e-10	6.50e-03	7.36e-01	2.58e-01	0.00e+00	0.00e+00	0.00e+00	0.00e+00	0.00e+00	1.36e-94
 1.01545e+13	1.31e-33	3.47e-25	1.34e-17	1.29e-10	7.18e-03	7.49e-01	2.43e-01	0.00e+00	0.00e+00	0.00e+00	0.00e+00	0.00e+00	4.17e-110
 1.05472e+13	2.01e-33	4.92e-25	1.76e-17	1.56e-10	7.99e-03	7.64e-01	2.28e-01	0.00e+00	0.00e+00	0.00e+00	0.00e+00	0.00e+00	7.94e-94
 1.09394e+13	3.02e-33	6.88e-25	2.29e-17	1.88e-10	8.85e-03	7.77e-01	2.14e-01	0.00e+00	0.00e+00	0.00e+00	0.00e+00	0.00e+00	3.50e-109
 1.12481e+13	4.10e-33	8.85e-25	2.79e-17	2.16e-10	9.55e-03	7.87e-01	2.04e-01	0.00e+00	0.00e+00	0.00e+00	0.00e+00	0.00e+00	3.75e-93
 1.15652e+13	5.57e-33	1.14e-24	3.40e-17	2.49e-10	1.03e-02	7.96e-01	1.94e-01	0.00e+00	0.00e+00	0.00e+00	0.00e+00	0.00e+00	1.70e-108
 1.19774e+13	8.23e-33	1.57e-24	4.38e-17	2.97e-10	1.13e-02	8.07e-01	1.81e-01	0.00e+00	0.00e+00	0.00e+00	0.00e+00	0.00e+00	1.70e-92
 1.24123e+13	1.22e-32	2.17e-24	5.66e-17	3.56e-10	1.25e-02	8.18e-01	1.70e-01	0.00e+00	0.00e+00	0.00e+00	0.00e+00	0.00e+00	1.27e-107
 1.27890e+13	1.69e-32	2.84e-24	6.99e-17	4.12e-10	1.35e-02	8.26e-01	1.60e-01	0.00e+00	0.00e+00	0.00e+00	0.00e+00	0.00e+00	8.10e-92
 1.31912e+13	2.38e-32	3.76e-24	8.72e-17	4.81e-10	1.47e-02	8.34e-01	1.51e-01	0.00e+00	0.00e+00	0.00e+00	0.00e+00	0.00e+00	7.14e-107
 1.37018e+13	3.60e-32	5.29e-24	1.14e-16	5.81e-10	1.62e-02	8.44e-01	1.40e-01	0.00e+00	0.00e+00	0.00e+00	0.00e+00	0.00e+00	4.16e-91
 1.42251e+13	5.43e-32	7.41e-24	1.49e-16	6.99e-10	1.79e-02	8.52e-01	1.30e-01	0.00e+00	0.00e+00	0.00e+00	0.00e+00	0.00e+00	6.03e-106
 1.46740e+13	7.59e-32	9.77e-24	1.85e-16	8.15e-10	1.94e-02	8.59e-01	1.22e-01	0.00e+00	0.00e+00	0.00e+00	0.00e+00	0.00e+00	2.09e-90
 1.51543e+13	1.07e-31	1.30e-23	2.32e-16	9.52e-10	2.11e-02	8.65e-01	1.14e-01	0.00e+00	0.00e+00	0.00e+00	0.00e+00	0.00e+00	3.56e-105
 1.57493e+13	1.62e-31	1.83e-23	3.04e-16	1.15e-09	2.32e-02	8.71e-01	1.05e-01	0.00e+00	0.00e+00	0.00e+00	0.00e+00	0.00e+00	1.09e-89
 1.63636e+13	2.44e-31	2.56e-23	3.96e-16	1.38e-09	2.56e-02	8.77e-01	9.72e-02	0.00e+00	0.00e+00	0.00e+00	0.00e+00	0.00e+00	3.05e-104
 1.69232e+13	3.49e-31	3.43e-23	5.00e-16	1.63e-09	2.78e-02	8.82e-01	9.06e-02	0.00e+00	0.00e+00	0.00e+00	0.00e+00	0.00e+00	5.76e-89
 1.75413e+13	5.09e-31	4.68e-23	6.39e-16	1.93e-09	3.03e-02	8.86e-01	8.39e-02	0.00e+00	0.00e+00	0.00e+00	0.00e+00	0.00e+00	2.10e-103
 1.81974e+13	7.49e-31	6.43e-23	8.22e-16	2.30e-09	3.32e-02	8.89e-01	7.75e-02	0.00e+00	0.00e+00	0.00e+00	0.00e+00	0.00e+00	3.05e-88
 1.87699e+13	1.04e-30	8.39e-23	1.01e-15	2.66e-09	3.57e-02	8.92e-01	7.25e-02	0.00e+00	0.00e+00	0.00e+00	0.00e+00	0.00e+00	1.36e-102
 1.93811e+13	1.44e-30	1.10e-22	1.26e-15	3.08e-09	3.85e-02	8.94e-01	6.76e-02	0.00e+00	0.00e+00	0.00e+00	0.00e+00	0.00e+00	1.29e-87
 2.01360e+13	2.14e-30	1.52e-22	1.62e-15	3.68e-09	4.21e-02	8.96e-01	6.22e-02	0.00e+00	0.00e+00	0.00e+00	0.00e+00	0.00e+00	9.38e-102
 2.09033e+13	3.14e-30	2.09e-22	2.08e-15	4.37e-09	4.59e-02	8.97e-01	5.73e-02	0.00e+00	0.00e+00	0.00e+00	0.00e+00	0.00e+00	7.15e-87
 2.15870e+13	4.36e-30	2.74e-22	2.57e-15	5.06e-09	4.94e-02	8.97e-01	5.33e-02	0.00e+00	0.00e+00	0.00e+00	0.00e+00	0.00e+00	6.29e-101
 2.23365e+13	6.17e-30	3.64e-22	3.22e-15	5.89e-09	5.33e-02	8.97e-01	4.95e-02	0.00e+00	0.00e+00	0.00e+00	0.00e+00	0.00e+00	3.20e-86
 2.31242e+13	8.76e-30	4.85e-22	4.03e-15	6.89e-09	5.76e-02	8.97e-01	4.58e-02	0.00e+00	0.00e+00	0.00e+00	0.00e+00	0.00e+00	4.09e-100
 2.37982e+13	1.17e-29	6.15e-22	4.86e-15	7.83e-09	6.14e-02	8.96e-01	4.29e-02	0.00e+00	0.00e+00	0.00e+00	0.00e+00	0.00e+00	1.33e-85
 2.45110e+13	1.57e-29	7.82e-22	5.86e-15	8.90e-09	6.54e-02	8.94e-01	4.02e-02	0.00e+00	0.00e+00	0.00e+00	0.00e+00	0.00e+00	1.99e-99
 2.54272e+13	2.26e-29	1.05e-21	7.40e-15	1.04e-08	7.07e-02	8.92e-01	3.70e-02	0.00e+00	0.00e+00	0.00e+00	0.00e+00	0.00e+00	5.93e-85
 2.63818e+13	3.27e-29	1.42e-21	9.36e-15	1.23e-08	7.65e-02	8.89e-01	3.41e-02	0.00e+00	0.00e+00	0.00e+00	0.00e+00	0.00e+00	1.46e-98
 2.72086e+13	4.43e-29	1.83e-21	1.14e-14	1.40e-08	8.16e-02	8.87e-01	3.18e-02	0.00e+00	0.00e+00	0.00e+00	0.00e+00	0.00e+00	2.71e-84
 2.80949e+13	6.07e-29	2.36e-21	1.39e-14	1.60e-08	8.71e-02	8.83e-01	2.96e-02	0.00e+00	0.00e+00	0.00e+00	0.00e+00	0.00e+00	8.00e-98
 2.91827e+13	8.83e-29	3.20e-21	1.75e-14	1.88e-08	9.41e-02	8.79e-01	2.71e-02	0.00e+00	0.00e+00	0.00e+00	0.00e+00	0.00e+00	1.31e-83
 3.03022e+13	1.28e-28	4.32e-21	2.21e-14	2.20e-08	1.02e-01	8.74e-01	2.48e-02	0.00e+00	0.00e+00	0.00e+00	0.00e+00	0.00e+00	6.17e-97
 3.13298e+13	1.77e-28	5.62e-21	2.71e-14	2.52e-08	1.08e-01	8.69e-01	2.30e-02	0.00e+00	0.00e+00	0.00e+00	0.00e+00	0.00e+00	6.48e-83
 3.24683e+13	2.50e-28	7.45e-21	3.37e-14	2.92e-08	1.16e-01	8.63e-01	2.12e-02	0.00e+00	0.00e+00	0.00e+00	0.00e+00	0.00e+00	3.98e-96
 3.37095e+13	3.60e-28	1.00e-20	4.23e-14	3.40e-08	1.25e-01	8.56e-01	1.94e-02	0.00e+00	0.00e+00	0.00e+00	0.00e+00	0.00e+00	3.37e-82
 3.48377e+13	4.94e-28	1.29e-20	5.15e-14	3.88e-08	1.33e-01	8.49e-01	1.80e-02	0.00e+00	0.00e+00	0.00e+00	0.00e+00	0.00e+00	2.66e-95
 3.60578e+13	6.88e-28	1.69e-20	6.32e-14	4.44e-08	1.42e-01	8.42e-01	1.66e-02	0.00e+00	0.00e+00	0.00e+00	0.00e+00	0.00e+00	1.54e-81
 3.74371e+13	9.88e-28	2.26e-20	7.90e-14	5.16e-08	1.52e-01	8.33e-01	1.52e-02	0.00e+00	0.00e+00	0.00e+00	0.00e+00	0.00e+00	1.85e-94
 3.87601e+13	1.38e-27	2.96e-20	9.69e-14	5.91e-08	1.61e-01	8.25e-01	1.40e-02	0.00e+00	0.00e+00	0.00e+00	0.00e+00	0.00e+00	7.87e-81
 4.01964e+13	1.95e-27	3.92e-20	1.20e-13	6.80e-08	1.72e-01	8.15e-01	1.28e-02	0.00e+00	0.00e+00	0.00e+00	0.00e+00	0.00e+00	1.26e-93
 4.16762e+13	2.75e-27	5.17e-20	1.48e-13	7.83e-08	1.84e-01	8.05e-01	1.17e-02	0.00e+00	0.00e+00	0.00e+00	0.00e+00	0.00e+00	4.03e-80
 4.28592e+13	3.59e-27	6.40e-20	1.74e-13	8.71e-08	1.93e-01	7.96e-01	1.09e-02	0.00e+00	0.00e+00	0.00e+00	0.00e+00	0.00e+00	7.05e-93
 4.40230e+13	4.63e-27	7.85e-20	2.03e-13	9.64e-08	2.02e-01	7.88e-01	1.02e-02	0.00e+00	0.00e+00	0.00e+00	0.00e+00	0.00e+00	1.39e-79
 4.55359e+13	6.37e-27	1.01e-19	2.47e-13	1.09e-07	2.13e-01	7.77e-01	9.41e-03	0.00e+00	0.00e+00	0.00e+00	0.00e+00	0.00e+00	3.60e-92
 4.71153e+13	8.80e-27	1.31e-19	3.00e-13	1.24e-07	2.26e-01	7.66e-01	8.63e-03	0.00e+00	0.00e+00	0.00e+00	0.00e+00	0.00e+00	6.41e-79
 4.84554e+13	1.15e-26	1.62e-19	3.52e-13	1.38e-07	2.36e-01	7.56e-01	8.04e-03	0.00e+00	0.00e+00	0.00e+00	0.00e+00	0.00e+00	1.91e-91
 4.98718e+13	1.50e-26	2.02e-19	4.14e-13	1.53e-07	2.47e-01	7.45e-01	7.47e-03	0.00e+00	0.00e+00	0.00e+00	0.00e+00	0.00e+00	2.31e-78
 5.17009e+13	2.10e-26	2.64e-19	5.07e-13	1.75e-07	2.62e-01	7.32e-01	6.81e-03	0.00e+00	0.00e+00	0.00e+00	0.00e+00	0.00e+00	1.09e-90
 5.35988e+13	2.94e-26	3.46e-19	6.21e-13	2.00e-07	2.77e-01	7.17e-01	6.19e-03	0.00e+00	0.00e+00	0.00e+00	0.00e+00	0.00e+00	1.17e-77
 5.52179e+13	3.88e-26	4.31e-19	7.33e-13	2.22e-07	2.89e-01	7.05e-01	5.72e-03	0.00e+00	0.00e+00	0.00e+00	0.00e+00	0.00e+00	6.38e-90
 5.69416e+13	5.16e-26	5.41e-19	8.68e-13	2.48e-07	3.03e-01	6.92e-01	5.27e-03	0.00e+00	0.00e+00	0.00e+00	0.00e+00	0.00e+00	4.56e-77
 5.90892e+13	7.27e-26	7.10e-19	1.07e-12	2.82e-07	3.19e-01	6.76e-01	4.77e-03	0.00e+00	0.00e+00	0.00e+00	0.00e+00	0.00e+00	3.92e-89
 6.12728e+13	1.02e-25	9.27e-19	1.30e-12	3.21e-07	3.36e-01	6.60e-01	4.31e-03	0.00e+00	0.00e+00	0.00e+00	0.00e+00	0.00e+00	2.35e-76
 6.31765e+13	1.34e-25	1.16e-18	1.53e-12	3.56e-07	3.50e-01	6.46e-01	3.96e-03	0.00e+00	0.00e+00	0.00e+00	0.00e+00	0.00e+00	4.66e-76
 6.52315e+13	1.80e-25	1.46e-18	1.82e-12	3.97e-07	3.66e-01	6.31e-01	3.63e-03	0.00e+00	0.00e+00	0.00e+00	0.00e+00	0.00e+00	9.56e-76
 6.77359e+13	2.54e-25	1.92e-18	2.23e-12	4.52e-07	3.84e-01	6.12e-01	3.26e-03	0.00e+00	0.00e+00	0.00e+00	0.00e+00	0.00e+00	2.21e-75
 7.02421e+13	3.53e-25	2.49e-18	2.71e-12	5.11e-07	4.02e-01	5.95e-01	2.93e-03	0.00e+00	0.00e+00	0.00e+00	0.00e+00	0.00e+00	4.95e-75
 7.24633e+13	4.67e-25	3.11e-18	3.19e-12	5.66e-07	4.18e-01	5.79e-01	2.68e-03	0.00e+00	0.00e+00	0.00e+00	0.00e+00	0.00e+00	9.92e-75
 7.48960e+13	6.29e-25	3.94e-18	3.80e-12	6.30e-07	4.35e-01	5.63e-01	2.43e-03	0.00e+00	0.00e+00	0.00e+00	0.00e+00	0.00e+00	2.08e-74
 7.78114e+13	8.86e-25	5.16e-18	4.64e-12	7.14e-07	4.55e-01	5.43e-01	2.17e-03	0.00e+00	0.00e+00	0.00e+00	0.00e+00	0.00e+00	4.83e-74
 8.07113e+13	1.23e-24	6.68e-18	5.60e-12	8.02e-07	4.74e-01	5.24e-01	1.94e-03	0.00e+00	0.00e+00	0.00e+00	0.00e+00	0.00e+00	1.09e-73
 8.33506e+13	1.64e-24	8.37e-18	6.61e-12	8.88e-07	4.90e-01	5.08e-01	1.76e-03	0.00e+00	0.00e+00	0.00e+00	0.00e+00	0.00e+00	2.23e-73
 8.62940e+13	2.22e-24	1.07e-17	7.88e-12	9.89e-07	5.08e-01	4.90e-01	1.58e-03	0.00e+00	0.00e+00	0.00e+00	0.00e+00	0.00e+00	4.81e-73
 8.97318e+13	3.14e-24	1.40e-17	9.61e-12	1.12e-06	5.29e-01	4.70e-01	1.40e-03	0.00e+00	0.00e+00	0.00e+00	0.00e+00	0.00e+00	1.14e-72
 9.31200e+13	4.34e-24	1.80e-17	1.16e-11	1.25e-06	5.48e-01	4.51e-01	1.24e-03	0.00e+00	0.00e+00	0.00e+00	0.00e+00	0.00e+00	2.59e-72
 9.63251e+13	5.84e-24	2.27e-17	1.37e-11	1.38e-06	5.65e-01	4.34e-01	1.12e-03	0.00e+00	0.00e+00	0.00e+00	0.00e+00	0.00e+00	5.47e-72
 9.98895e+13	8.01e-24	2.91e-17	1.63e-11	1.54e-06	5.83e-01	4.16e-01	9.91e-04	0.00e+00	0.00e+00	0.00e+00	0.00e+00	0.00e+00	1.22e-71
 1.03798e+14	1.12e-23	3.77e-17	1.97e-11	1.72e-06	6.02e-01	3.97e-01	8.74e-04	0.00e+00	0.00e+00	0.00e+00	0.00e+00	0.00e+00	2.84e-71
 1.07345e+14	1.49e-23	4.73e-17	2.32e-11	1.89e-06	6.19e-01	3.81e-01	7.83e-04	0.00e+00	0.00e+00	0.00e+00	1.51e-17	3.22e-17	5.99e-71
 1.10249e+14	1.88e-23	5.66e-17	2.63e-11	2.04e-06	6.31e-01	3.68e-01	7.17e-04	0.00e+00	0.00e+00	0.00e+00	1.88e-17	3.78e-17	1.08e-70
 1.13221e+14	2.36e-23	6.75e-17	2.99e-11	2.19e-06	6.44e-01	3.55e-01	6.56e-04	0.00e+00	0.00e+00	0.00e+00	2.24e-17	4.51e-17	1.95e-70
 1.17083e+14	3.15e-23	8.44e-17	3.50e-11	2.41e-06	6.60e-01	3.40e-01	5.85e-04	0.00e+00	0.00e+00	0.00e+00	2.80e-17	5.64e-17	4.07e-70
 1.21092e+14	4.20e-23	1.05e-16	4.10e-11	2.64e-06	6.75e-01	3.25e-01	5.22e-04	0.00e+00	0.00e+00	0.00e+00	3.50e-17	7.05e-17	8.58e-70
 1.24470e+14	5.30e-23	1.26e-16	4.66e-11	2.84e-06	6.87e-01	3.13e-01	4.75e-04	0.00e+00	0.00e+00	0.00e+00	4.19e-17	8.44e-17	1.58e-69
 1.28042e+14	6.75e-23	1.52e-16	5.32e-11	3.06e-06	6.99e-01	3.00e-01	4.32e-04	0.00e+00	0.00e+00	0.00e+00	5.05e-17	1.02e-16	2.95e-69
 1.32676e+14	9.12e-23	1.92e-16	6.27e-11	3.36e-06	7.14e-01	2.85e-01	3.81e-04	0.00e+00	0.00e+00	0.00e+00	6.37e-17	1.28e-16	6.47e-69
 1.37506e+14	1.23e-22	2.43e-16	7.38e-11	3.68e-06	7.29e-01	2.71e-01	3.37e-04	0.00e+00	0.00e+00	0.00e+00	8.04e-17	1.62e-16	1.43e-68
 1.41627e+14	1.58e-22	2.94e-16	8.44e-11	3.97e-06	7.40e-01	2.59e-01	3.04e-04	0.00e+00	0.00e+00	0.00e+00	9.74e-17	1.96e-16	2.75e-68
 1.46014e+14	2.05e-22	3.58e-16	9.68e-11	4.29e-06	7.52e-01	2.48e-01	2.73e-04	0.00e+00	0.00e+00	0.00e+00	1.19e-16	2.39e-16	5.41e-68
 1.51479e+14	2.79e-22	4.53e-16	1.14e-10	4.70e-06	7.66e-01	2.34e-01	2.40e-04	0.00e+00	0.00e+00	0.00e+00	1.50e-16	3.03e-16	1.22e-67
 1.57085e+14	3.78e-22	5.72e-16	1.34e-10	5.14e-06	7.78e-01	2.21e-01	2.11e-04	0.00e+00	0.00e+00	0.00e+00	1.90e-16	3.82e-16	2.74e-67
 1.62055e+14	4.91e-22	6.98e-16	1.54e-10	5.55e-06	7.89e-01	2.11e-01	1.88e-04	0.00e+00	0.00e+00	0.00e+00	2.31e-16	4.67e-16	5.46e-67
 1.67459e+14	6.46e-22	8.60e-16	1.78e-10	6.00e-06	8.00e-01	2.00e-01	1.68e-04	0.00e+00	0.00e+00	0.00e+00	2.85e-16	5.75e-16	1.15e-66
 1.73938e+14	8.86e-22	1.09e-15	2.10e-10	6.57e-06	8.12e-01	1.88e-01	1.46e-04	0.00e+00	0.00e+00	0.00e+00	3.63e-16	7.32e-16	2.63e-66
 1.80372e+14	1.20e-21	1.38e-15	2.46e-10	7.16e-06	8.22e-01	1.77e-01	1.28e-04	0.00e+00	0.00e+00	0.00e+00	4.57e-16	9.21e-16	5.90e-66
 1.86196e+14	1.56e-21	1.68e-15	2.82e-10	7.71e-06	8.32e-01	1.68e-01	1.14e-04	0.00e+00	0.00e+00	0.00e+00	5.58e-16	1.13e-15	1.20e-65
 1.92670e+14	2.07e-21	2.09e-15	3.27e-10	8.35e-06	8.41e-01	1.59e-01	1.01e-04	0.00e+00	0.00e+00	0.00e+00	6.92e-16	1.40e-15	2.56e-65
 2.00271e+14	2.85e-21	2.67e-15	3.86e-10	9.13e-06	8.51e-01	1.49e-01	8.72e-05	0.00e+00	0.00e+00	0.00e+00	8.83e-16	1.78e-15	6.04e-65
 2.07779e+14	3.87e-21	3.36e-15	4.52e-10	9.93e-06	8.60e-01	1.40e-01	7.61e-05	0.00e+00	0.00e+00	0.00e+00	1.11e-15	2.25e-15	1.37e-64
 2.14817e+14	5.09e-21	4.14e-15	5.21e-10	1.07e-05	8.68e-01	1.32e-01	6.72e-05	0.00e+00	0.00e+00	0.00e+00	1.37e-15	2.77e-15	2.87e-64
 2.22668e+14	6.85e-21	5.18e-15	6.07e-10	1.16e-05	8.76e-01	1.24e-01	5.88e-05	0.00e+00	0.00e+00	0.00e+00	1.71e-15	3.46e-15	6.37e-64
 2.31605e+14	9.46e-21	6.62e-15	7.17e-10	1.27e-05	8.84e-01	1.16e-01	5.07e-05	0.00e+00	0.00e+00	0.00e+00	2.19e-15	4.43e-15	1.52e-63
 2.40497e+14	1.29e-20	8.37e-15	8.41e-10	1.38e-05	8.92e-01	1.08e-01	4.40e-05	0.00e+00	0.00e+00	0.00e+00	2.77e-15	5.60e-15	3.52e-63
 2.48456e+14	1.68e-20	1.02e-14	9.65e-10	1.48e-05	8.98e-01	1.02e-01	3.89e-05	0.00e+00	0.00e+00	0.00e+00	3.39e-15	6.85e-15	7.22e-63
 2.55085e+14	2.09e-20	1.20e-14	1.08e-09	1.57e-05	9.02e-01	9.75e-02	3.52e-05	0.00e+00	0.00e+00	0.00e+00	3.99e-15	8.06e-15	1.29e-62
 2.61996e+14	2.60e-20	1.42e-14	1.20e-09	1.66e-05	9.07e-01	9.29e-02	3.18e-05	0.00e+00	0.00e+00	0.00e+00	4.70e-15	9.51e-15	2.33e-62
 2.70981e+14	3.42e-20	1.75e-14	1.39e-09	1.79e-05	9.13e-01	8.73e-02	2.79e-05	0.00e+00	0.00e+00	0.00e+00	5.79e-15	1.17e-14	4.90e-62
 2.80294e+14	4.50e-20	2.15e-14	1.60e-09	1.93e-05	9.18e-01	8.20e-02	2.45e-05	0.00e+00	0.00e+00	0.00e+00	7.12e-15	1.44e-14	1.03e-61
 2.88107e+14	5.62e-20	2.55e-14	1.79e-09	2.05e-05	9.22e-01	7.80e-02	2.21e-05	0.00e+00	0.00e+00	0.00e+00	8.43e-15	1.71e-14	1.89e-61
 2.96338e+14	7.06e-20	3.03e-14	2.02e-09	2.17e-05	9.26e-01	7.40e-02	1.98e-05	0.00e+00	0.00e+00	0.00e+00	1.00e-14	2.03e-14	3.50e-61
 3.07026e+14	9.41e-20	3.77e-14	2.34e-09	2.35e-05	9.31e-01	6.92e-02	1.72e-05	0.00e+00	0.00e+00	0.00e+00	1.25e-14	2.52e-14	7.62e-61
 3.18190e+14	1.26e-19	4.69e-14	2.71e-09	2.54e-05	9.35e-01	6.47e-02	1.50e-05	0.00e+00	0.00e+00	0.00e+00	1.55e-14	3.14e-14	1.66e-60
 3.27738e+14	1.59e-19	5.62e-14	3.07e-09	2.70e-05	9.39e-01	6.12e-02	1.33e-05	0.00e+00	0.00e+00	0.00e+00	1.85e-14	3.76e-14	3.18e-60
 3.37900e+14	2.04e-19	6.77e-14	3.48e-09	2.89e-05	9.42e-01	5.77e-02	1.18e-05	0.00e+00	0.00e+00	0.00e+00	2.23e-14	4.53e-14	6.18e-60
 3.50531e+14	2.73e-19	8.46e-14	4.05e-09	3.13e-05	9.46e-01	5.37e-02	1.02e-05	0.00e+00	0.00e+00	0.00e+00	2.79e-14	5.67e-14	1.37e-59
 3.63349e+14	3.65e-19	1.05e-13	4.70e-09	3.38e-05	9.50e-01	5.01e-02	8.85e-06	0.00e+00	0.00e+00	0.00e+00	3.47e-14	7.05e-14	2.99e-59
 3.74521e+14	4.64e-19	1.26e-13	5.33e-09	3.61e-05	9.53e-01	4.73e-02	7.84e-06	0.00e+00	0.00e+00	0.00e+00	4.17e-14	8.48e-14	5.76e-59
 3.86580e+14	5.98e-19	1.53e-13	6.08e-09	3.86e-05	9.56e-01	4.44e-02	6.90e-06	0.00e+00	0.00e+00	0.00e+00	5.05e-14	1.03e-13	1.14e-58
 4.01279e+14	8.05e-19	1.92e-13	7.10e-09	4.18e-05	9.59e-01	4.12e-02	5.93e-06	0.00e+00	0.00e+00	0.00e+00	6.33e-14	1.29e-13	2.55e-58
 4.15974e+14	1.07e-18	2.39e-13	8.24e-09	4.52e-05	9.62e-01	3.84e-02	5.13e-06	0.00e+00	0.00e+00	0.00e+00	7.86e-14	1.60e-13	5.54e-58
 4.28958e+14	1.37e-18	2.87e-13	9.35e-09	4.83e-05	9.64e-01	3.61e-02	4.53e-06	0.00e+00	0.00e+00	0.00e+00	9.46e-14	1.93e-13	1.07e-57
 4.43151e+14	1.77e-18	3.50e-13	1.07e-08	5.18e-05	9.66e-01	3.38e-02	3.96e-06	0.00e+00	0.00e+00	0.00e+00	1.15e-13	2.34e-13	2.16e-57
 4.60212e+14	2.38e-18	4.39e-13	1.25e-08	5.62e-05	9.69e-01	3.13e-02	3.39e-06	0.00e+00	0.00e+00	0.00e+00	1.44e-13	2.94e-13	4.83e-57
 4.77172e+14	3.17e-18	5.46e-13	1.45e-08	6.07e-05	9.71e-01	2.91e-02	2.93e-06	0.00e+00	0.00e+00	0.00e+00	1.79e-13	3.66e-13	1.05e-56
 4.92450e+14	4.06e-18	6.59e-13	1.66e-08	6.50e-05	9.73e-01	2.73e-02	2.57e-06	0.00e+00	0.00e+00	0.00e+00	2.17e-13	4.42e-13	2.06e-56
 5.09371e+14	5.30e-18	8.07e-13	1.90e-08	6.99e-05	9.74e-01	2.55e-02	2.24e-06	0.00e+00	0.00e+00	0.00e+00	2.65e-13	5.42e-13	4.23e-56
 5.29328e+14	7.15e-18	1.02e-12	2.23e-08	7.60e-05	9.76e-01	2.36e-02	1.91e-06	0.00e+00	0.00e+00	0.00e+00	3.33e-13	6.82e-13	9.58e-56
 5.48977e+14	9.53e-18	1.26e-12	2.59e-08	8.21e-05	9.78e-01	2.19e-02	1.64e-06	0.00e+00	0.00e+00	0.00e+00	4.14e-13	8.48e-13	2.09e-55
 5.67122e+14	1.23e-17	1.53e-12	2.96e-08	8.81e-05	9.79e-01	2.05e-02	1.43e-06	0.00e+00	0.00e+00	0.00e+00	5.03e-13	1.03e-12	4.18e-55
 5.84486e+14	1.55e-17	1.83e-12	3.36e-08	9.39e-05	9.81e-01	1.92e-02	1.26e-06	0.00e+00	0.00e+00	0.00e+00	6.02e-13	1.23e-12	7.93e-55
 6.03977e+14	2.00e-17	2.23e-12	3.84e-08	1.01e-04	9.82e-01	1.80e-02	1.10e-06	0.00e+00	0.00e+00	0.00e+00	7.31e-13	1.50e-12	1.59e-54
 6.25666e+14	2.64e-17	2.75e-12	4.44e-08	1.09e-04	9.83e-01	1.67e-02	9.51e-07	0.00e+00	0.00e+00	0.00e+00	9.01e-13	1.85e-12	3.37e-54
 6.44147e+14	3.31e-17	3.27e-12	5.01e-08	1.16e-04	9.84e-01	1.57e-02	0.00e+00	0.00e+00	0.00e+00	0.00e+00	1.07e-12	2.20e-12	6.29e-54
 6.59155e+14	3.96e-17	3.75e-12	5.50e-08	1.22e-04	9.85e-01	1.50e-02	0.00e+00	0.00e+00	0.00e+00	0.00e+00	1.23e-12	2.52e-12	1.03e-53
 6.75714e+14	4.80e-17	4.35e-12	6.10e-08	1.28e-04	9.86e-01	1.42e-02	0.00e+00	3.91e-18	1.18e-17	1.96e-17	1.42e-12	2.92e-12	1.74e-53
 6.97239e+14	6.11e-17	5.24e-12	6.94e-08	1.37e-04	9.87e-01	1.33e-02	0.00e+00	4.99e-18	1.50e-17	2.51e-17	1.71e-12	3.52e-12	3.38e-53
 7.20124e+14	7.85e-17	6.34e-12	7.92e-08	1.47e-04	9.87e-01	1.25e-02	0.00e+00	6.41e-18	1.93e-17	3.22e-17	2.07e-12	4.27e-12	6.75e-53
 7.40130e+14	9.72e-17	7.46e-12	8.86e-08	1.56e-04	9.88e-01	1.18e-02	0.00e+00	7.93e-18	2.38e-17	3.98e-17	2.44e-12	5.02e-12	1.22e-52
 7.61492e+14	1.21e-16	8.83e-12	9.96e-08	1.66e-04	9.89e-01	1.11e-02	0.00e+00	9.88e-18	2.97e-17	4.96e-17	2.88e-12	5.94e-12	2.22e-52
 7.89053e+14	1.59e-16	1.09e-11	1.15e-07	1.79e-04	9.90e-01	1.03e-02	0.00e+00	1.30e-17	3.91e-17	6.53e-17	3.56e-12	7.34e-12	4.74e-52
 8.17288e+14	2.09e-16	1.34e-11	1.33e-07	1.93e-04	9.90e-01	9.57e-03	0.00e+00	1.71e-17	5.13e-17	8.58e-17	4.38e-12	9.04e-12	1.01e-51
 8.40920e+14	2.60e-16	1.59e-11	1.50e-07	2.05e-04	9.91e-01	9.02e-03	0.00e+00	2.13e-17	6.39e-17	1.07e-16	5.18e-12	1.07e-11	1.86e-51
 8.65950e+14	3.27e-16	1.89e-11	1.69e-07	2.18e-04	9.91e-01	8.48e-03	0.00e+00	2.67e-17	8.02e-17	1.34e-16	6.16e-12	1.27e-11	3.50e-51
 8.97714e+14	4.31e-16	2.34e-11	1.96e-07	2.35e-04	9.92e-01	7.86e-03	0.00e+00	3.52e-17	1.06e-16	1.77e-16	7.62e-12	1.58e-11	7.56e-51
 9.31022e+14	5.70e-16	2.90e-11	2.27e-07	2.54e-04	9.92e-01	7.28e-03	0.00e+00	4.66e-17	1.40e-16	2.34e-16	9.44e-12	1.96e-11	1.65e-50
 9.60568e+14	7.26e-16	3.49e-11	2.58e-07	2.72e-04	9.93e-01	6.82e-03	0.00e+00	5.94e-17	1.78e-16	2.98e-16	1.14e-11	2.35e-11	3.26e-50
 9.92430e+14	9.31e-16	4.23e-11	2.95e-07	2.91e-04	9.93e-01	6.37e-03	0.00e+00	7.63e-17	2.29e-16	3.83e-16	1.38e-11	2.85e-11	6.55e-50
 1.03066e+15	1.24e-15	5.28e-11	3.44e-07	3.16e-04	9.94e-01	5.88e-03	0.00e+00	1.02e-16	3.06e-16	5.11e-16	1.72e-11	3.56e-11	1.47e-49
 1.06855e+15	1.64e-15	6.54e-11	3.99e-07	3.41e-04	9.94e-01	5.45e-03	0.00e+00	1.34e-16	4.04e-16	6.75e-16	2.13e-11	4.41e-11	3.21e-49
 1.10256e+15	2.08e-15	7.86e-11	4.53e-07	3.65e-04	9.95e-01	5.10e-03	0.00e+00	1.71e-16	5.13e-16	8.57e-16	2.55e-11	5.30e-11	6.29e-49
 1.14016e+15	2.69e-15	9.57e-11	5.20e-07	3.92e-04	9.95e-01	4.74e-03	0.00e+00	2.20e-16	6.62e-16	1.11e-15	3.11e-11	6.46e-11	1.29e-48
 1.18466e+15	3.59e-15	1.20e-10	6.09e-07	4.26e-04	9.95e-01	4.37e-03	0.00e+00	2.94e-16	8.84e-16	1.48e-15	3.89e-11	8.08e-11	2.93e-48
 1.22886e+15	4.74e-15	1.48e-10	7.07e-07	4.61e-04	9.95e-01	4.04e-03	0.00e+00	3.89e-16	1.17e-15	1.95e-15	4.82e-11	1.00e-10	6.46e-48
 1.26996e+15	6.06e-15	1.80e-10	8.09e-07	4.95e-04	9.96e-01	3.77e-03	0.00e+00	4.98e-16	1.49e-15	2.50e-15	5.84e-11	1.21e-10	1.30e-47
 1.30544e+15	7.45e-15	2.11e-10	9.06e-07	5.25e-04	9.96e-01	3.55e-03	0.00e+00	6.12e-16	1.84e-15	3.07e-15	6.86e-11	1.43e-10	2.34e-47
 1.33511e+15	8.81e-15	2.41e-10	9.93e-07	5.51e-04	9.96e-01	3.38e-03	0.00e+00	7.24e-16	2.17e-15	3.64e-15	7.82e-11	1.63e-10	3.78e-47
 1.36808e+15	1.06e-14	2.78e-10	1.10e-06	5.81e-04	9.96e-01	3.21e-03	0.00e+00	8.69e-16	2.61e-15	4.36e-15	9.01e-11	1.87e-10	6.36e-47
 1.41094e+15	1.33e-14	3.32e-10	1.25e-06	6.22e-04	9.96e-01	3.00e-03	0.00e+00	1.09e-15	3.28e-15	5.49e-15	1.08e-10	2.24e-10	1.22e-46
 1.45579e+15	1.67e-14	3.98e-10	1.42e-06	6.66e-04	9.97e-01	2.80e-03	0.00e+00	1.38e-15	4.14e-15	6.91e-15	1.29e-10	2.69e-10	2.37e-46
 1.49383e+15	2.02e-14	4.62e-10	1.57e-06	7.05e-04	9.97e-01	2.65e-03	0.00e+00	1.66e-15	5.00e-15	8.35e-15	1.50e-10	3.12e-10	4.07e-46
 1.53391e+15	2.45e-14	5.38e-10	1.76e-06	7.48e-04	9.97e-01	2.50e-03	0.00e+00	2.02e-15	6.07e-15	1.01e-14	1.75e-10	3.63e-10	7.12e-46
 1.58602e+15	3.13e-14	6.52e-10	2.02e-06	8.05e-04	9.97e-01	2.32e-03	0.00e+00	2.58e-15	7.74e-15	1.29e-14	2.11e-10	4.40e-10	1.43e-45
 1.63979e+15	3.97e-14	7.89e-10	2.31e-06	8.67e-04	9.97e-01	2.15e-03	0.00e+00	3.28e-15	9.84e-15	1.65e-14	2.56e-10	5.33e-10	2.87e-45
 1.68450e+15	4.82e-14	9.20e-10	2.58e-06	9.21e-04	9.97e-01	2.03e-03	0.00e+00	3.98e-15	1.19e-14	2.00e-14	2.98e-10	6.21e-10	5.03e-45
 1.73140e+15	5.85e-14	1.07e-09	2.89e-06	9.80e-04	9.97e-01	1.90e-03	0.00e+00	4.83e-15	1.45e-14	2.43e-14	3.49e-10	7.26e-10	8.85e-45
 1.79237e+15	7.07e-14	1.31e-09	3.34e-06	1.06e-03	9.97e-01	1.76e-03	0.00e+00	5.84e-15	1.75e-14	2.93e-14	4.24e-10	8.83e-10	1.76e-44
 1.85632e+15	8.97e-14	1.59e-09	3.86e-06	1.15e-03	9.97e-01	1.63e-03	0.00e+00	7.42e-15	2.23e-14	3.73e-14	5.17e-10	1.08e-09	3.63e-44
 1.91122e+15	1.09e-13	1.88e-09	4.35e-06	1.23e-03	9.97e-01	1.52e-03	0.00e+00	9.03e-15	2.71e-14	4.53e-14	6.09e-10	1.27e-09	6.57e-44
 1.96968e+15	1.33e-13	2.22e-09	4.93e-06	1.31e-03	9.97e-01	1.42e-03	0.00e+00	1.10e-14	3.32e-14	5.55e-14	7.21e-10	1.50e-09	1.21e-43
 2.04279e+15	1.69e-13	2.72e-09	5.73e-06	1.43e-03	9.97e-01	1.31e-03	0.00e+00	1.41e-14	4.22e-14	7.06e-14	8.84e-10	1.84e-09	2.54e-43
 2.11853e+15	2.14e-13	3.33e-09	6.65e-06	1.55e-03	9.97e-01	1.20e-03	0.00e+00	1.78e-14	5.34e-14	8.93e-14	1.08e-09	2.25e-09	5.28e-43
 2.18595e+15	2.61e-13	3.96e-09	7.57e-06	1.67e-03	9.97e-01	1.12e-03	0.00e+00	2.17e-14	6.52e-14	1.09e-13	1.29e-09	2.67e-09	9.89e-43
 2.25898e+15	3.22e-13	4.74e-09	8.67e-06	1.80e-03	9.97e-01	1.03e-03	0.00e+00	2.68e-14	8.04e-14	1.34e-13	1.54e-09	3.20e-09	1.92e-42
 2.34628e+15	4.07e-13	5.83e-09	1.01e-05	1.97e-03	9.97e-01	9.46e-04	0.00e+00	3.39e-14	1.02e-13	1.70e-13	1.90e-09	3.93e-09	4.09e-42
 2.43255e+15	5.05e-13	7.09e-09	1.17e-05	2.14e-03	9.97e-01	8.69e-04	0.00e+00	4.22e-14	1.27e-13	2.12e-13	2.31e-09	4.79e-09	8.58e-42
 2.51032e+15	6.11e-13	8.43e-09	1.34e-05	2.30e-03	9.97e-01	8.08e-04	0.00e+00	5.11e-14	1.53e-13	2.56e-13	2.74e-09	5.68e-09	1.60e-41
 2.59661e+15	7.44e-13	1.01e-08	1.54e-05	2.50e-03	9.97e-01	7.45e-04	0.00e+00	6.23e-14	1.87e-13	3.12e-13	3.29e-09	6.80e-09	3.11e-41
 2.69830e+15	9.29e-13	1.24e-08	1.80e-05	2.73e-03	9.97e-01	6.80e-04	0.00e+00	7.79e-14	2.34e-13	3.91e-13	4.04e-09	8.36e-09	6.67e-41
 2.78450e+15	1.10e-12	1.47e-08	2.04e-05	2.95e-03	9.96e-01	6.31e-04	0.00e+00	9.25e-14	2.78e-13	4.64e-13	4.78e-09	9.89e-09	1.24e-40
 2.84420e+15	1.24e-12	1.64e-08	2.23e-05	3.09e-03	9.96e-01	5.99e-04	0.00e+00	1.04e-13	3.13e-13	5.23e-13	5.35e-09	1.11e-08	1.89e-40
 2.90496e+15	1.40e-12	1.84e-08	2.43e-05	3.25e-03	9.96e-01	5.70e-04	0.00e+00	1.18e-13	3.53e-13	5.90e-13	5.99e-09	1.24e-08	2.88e-40
 2.98394e+15	1.62e-12	2.12e-08	2.71e-05	3.47e-03	9.96e-01	5.34e-04	0.00e+00	1.36e-13	4.10e-13	6.84e-13	6.92e-09	1.43e-08	4.94e-40
 3.07179e+15	1.89e-12	2.47e-08	3.05e-05	3.71e-03	9.96e-01	4.98e-04	0.00e+00	1.60e-13	4.79e-13	8.01e-13	8.07e-09	1.67e-08	8.79e-40
 3.15385e+15	2.18e-12	2.84e-08	3.39e-05	3.95e-03	9.96e-01	4.67e-04	0.00e+00	1.84e-13	5.52e-13	9.21e-13	9.28e-09	1.91e-08	1.48e-39
 3.24321e+15	2.53e-12	3.30e-08	3.80e-05	4.22e-03	9.95e-01	4.37e-04	0.00e+00	2.14e-13	6.43e-13	1.07e-12	1.08e-08	2.22e-08	2.59e-39
 3.34279e+15	2.97e-12	3.87e-08	4.30e-05	4.54e-03	9.95e-01	4.06e-04	0.00e+00	2.51e-13	7.53e-13	1.26e-12	1.26e-08	2.60e-08	4.74e-39
 3.43575e+15	3.41e-12	4.47e-08	4.80e-05	4.84e-03	9.95e-01	3.80e-04	0.00e+00	2.89e-13	8.68e-13	1.45e-12	1.46e-08	3.01e-08	8.18e-39
 3.53669e+15	3.98e-12	5.20e-08	5.40e-05	5.19e-03	9.94e-01	3.54e-04	0.00e+00	3.38e-13	1.01e-12	1.69e-12	1.70e-08	3.50e-08	1.46e-38
 3.64963e+15	4.67e-12	6.14e-08	6.13e-05	5.59e-03	9.94e-01	3.28e-04	0.00e+00	3.96e-13	1.19e-12	1.99e-12	2.01e-08	4.13e-08	2.72e-38
 3.75607e+15	5.39e-12	7.14e-08	6.88e-05	5.98e-03	9.94e-01	3.06e-04	0.00e+00	4.58e-13	1.37e-12	2.30e-12	2.34e-08	4.80e-08	4.86e-38
 3.87237e+15	6.32e-12	8.39e-08	7.79e-05	6.43e-03	9.93e-01	2.84e-04	0.00e+00	5.38e-13	1.61e-12	2.70e-12	2.75e-08	5.64e-08	9.18e-38
 4.00293e+15	7.45e-12	9.99e-08	8.90e-05	6.96e-03	9.93e-01	2.62e-04	0.00e+00	6.35e-13	1.91e-12	3.19e-12	3.27e-08	6.71e-08	1.83e-37
 4.12724e+15	8.65e-12	1.17e-07	1.01e-04	7.48e-03	9.92e-01	2.43e-04	0.00e+00	7.39e-13	2.22e-12	3.70e-12	3.85e-08	7.88e-08	3.43e-37
 4.26402e+15	1.02e-11	1.39e-07	1.15e-04	8.08e-03	9.92e-01	2.24e-04	0.00e+00	8.76e-13	2.63e-12	4.39e-12	4.57e-08	9.36e-08	6.76e-37
 4.41697e+15	1.22e-11	1.68e-07	1.32e-04	8.78e-03	9.91e-01	2.06e-04	0.00e+00	1.04e-12	3.13e-12	5.23e-12	5.51e-08	1.13e-07	1.40e-36
 4.56159e+15	1.42e-11	1.99e-07	1.51e-04	9.48e-03	9.90e-01	1.90e-04	0.00e+00	1.22e-12	3.66e-12	6.11e-12	6.53e-08	1.33e-07	2.71e-36
 4.72028e+15	1.69e-11	2.38e-07	1.73e-04	1.03e-02	9.89e-01	1.75e-04	0.00e+00	1.46e-12	4.37e-12	7.29e-12	7.83e-08	1.60e-07	5.52e-36
 4.89648e+15	2.02e-11	2.89e-07	2.01e-04	1.12e-02	9.88e-01	1.60e-04	0.00e+00	1.74e-12	5.23e-12	8.73e-12	9.50e-08	1.94e-07	1.17e-35
 5.06112e+15	2.37e-11	3.44e-07	2.29e-04	1.21e-02	9.88e-01	1.47e-04	0.00e+00	2.04e-12	6.13e-12	1.02e-11	1.13e-07	2.31e-07	2.29e-35
 5.19619e+15	2.71e-11	3.94e-07	2.55e-04	1.29e-02	9.87e-01	1.38e-04	0.00e+00	2.34e-12	7.01e-12	1.17e-11	1.30e-07	2.65e-07	3.86e-35
 5.30707e+15	2.95e-11	4.41e-07	2.77e-04	1.36e-02	9.86e-01	1.31e-04	0.00e+00	2.55e-12	7.66e-12	1.28e-11	1.45e-07	2.96e-07	5.91e-35
 5.43117e+15	3.33e-11	4.99e-07	3.05e-04	1.43e-02	9.85e-01	1.24e-04	0.00e+00	2.88e-12	8.63e-12	1.44e-11	1.64e-07	3.35e-07	9.47e-35
 5.59250e+15	3.88e-11	5.85e-07	3.43e-04	1.53e-02	9.84e-01	1.15e-04	0.00e+00	3.36e-12	1.01e-11	1.68e-11	1.93e-07	3.92e-07	1.75e-34
 5.76166e+15	4.50e-11	6.86e-07	3.87e-04	1.65e-02	9.83e-01	1.07e-04	0.00e+00	3.90e-12	1.17e-11	1.95e-11	2.26e-07	4.60e-07	3.19e-34
 5.90490e+15	5.11e-11	7.83e-07	4.27e-04	1.74e-02	9.82e-01	1.01e-04	0.00e+00	4.43e-12	1.33e-11	2.22e-11	2.58e-07	5.25e-07	5.23e-34
 6.05502e+15	5.88e-11	8.98e-07	4.73e-04	1.85e-02	9.81e-01	9.44e-05	0.00e+00	5.11e-12	1.53e-11	2.56e-11	2.96e-07	6.02e-07	8.77e-34
 6.25017e+15	7.02e-11	1.07e-06	5.39e-04	2.00e-02	9.79e-01	8.72e-05	0.00e+00	6.10e-12	1.83e-11	3.06e-11	3.53e-07	7.17e-07	1.69e-33
 6.45044e+15	8.27e-11	1.27e-06	6.12e-04	2.15e-02	9.78e-01	8.07e-05	0.00e+00	7.20e-12	2.16e-11	3.61e-11	4.18e-07	8.49e-07	3.15e-33
 6.61479e+15	9.45e-11	1.45e-06	6.78e-04	2.28e-02	9.76e-01	7.58e-05	0.00e+00	8.24e-12	2.47e-11	4.13e-11	4.79e-07	9.73e-07	5.17e-33
 6.78584e+15	1.09e-10	1.67e-06	7.53e-04	2.43e-02	9.75e-01	7.11e-05	0.00e+00	9.55e-12	2.87e-11	4.78e-11	5.52e-07	1.12e-06	8.69e-33
 7.00822e+15	1.32e-10	2.00e-06	8.60e-04	2.62e-02	9.73e-01	6.55e-05	0.00e+00	1.15e-11	3.45e-11	5.76e-11	6.61e-07	1.34e-06	1.64e-32
 7.24003e+15	1.57e-10	2.39e-06	9.82e-04	2.83e-02	9.71e-01	6.04e-05	0.00e+00	1.38e-11	4.13e-11	6.90e-11	7.89e-07	1.60e-06	3.08e-32
 7.43658e+15	1.82e-10	2.77e-06	1.10e-03	3.02e-02	9.69e-01	5.66e-05	0.00e+00	1.59e-11	4.78e-11	7.97e-11	9.15e-07	1.85e-06	5.16e-32
 7.64459e+15	2.16e-10	3.24e-06	1.23e-03	3.23e-02	9.66e-01	5.28e-05	0.00e+00	1.89e-11	5.67e-11	9.46e-11	1.07e-06	2.17e-06	8.95e-32
 7.91500e+15	2.66e-10	3.95e-06	1.43e-03	3.51e-02	9.63e-01	4.84e-05	0.00e+00	2.34e-11	7.02e-11	1.17e-10	1.30e-06	2.64e-06	1.79e-31
 8.18891e+15	3.23e-10	4.76e-06	1.64e-03	3.81e-02	9.60e-01	4.45e-05	0.00e+00	2.84e-11	8.53e-11	1.42e-10	1.57e-06	3.18e-06	3.37e-31
 8.41340e+15	3.79e-10	5.53e-06	1.83e-03	4.07e-02	9.57e-01	4.16e-05	0.00e+00	3.34e-11	1.00e-10	1.67e-10	1.83e-06	3.70e-06	5.54e-31
 8.65126e+15	4.53e-10	6.49e-06	2.07e-03	4.35e-02	9.54e-01	3.88e-05	0.00e+00	3.99e-11	1.20e-10	2.00e-10	2.15e-06	4.34e-06	9.57e-31
 8.96048e+15	5.61e-10	7.95e-06	2.40e-03	4.75e-02	9.50e-01	3.55e-05	0.00e+00	4.95e-11	1.49e-10	2.48e-10	2.63e-06	5.32e-06	1.89e-30
 9.27332e+15	6.89e-10	9.62e-06	2.78e-03	5.16e-02	9.46e-01	3.26e-05	0.00e+00	6.09e-11	1.83e-10	3.05e-10	3.19e-06	6.44e-06	3.49e-30
 9.50639e+15	8.00e-10	1.10e-05	3.09e-03	5.48e-02	9.42e-01	3.07e-05	0.00e+00	7.08e-11	2.12e-10	3.54e-10	3.66e-06	7.39e-06	5.37e-30
 9.72491e+15	9.32e-10	1.26e-05	3.41e-03	5.81e-02	9.38e-01	2.90e-05	0.00e+00	8.25e-11	2.48e-10	4.13e-10	4.19e-06	8.45e-06	8.28e-30
 9.97060e+15	1.09e-09	1.46e-05	3.81e-03	6.17e-02	9.34e-01	2.72e-05	0.00e+00	9.66e-11	2.90e-10	4.84e-10	4.84e-06	9.76e-06	1.30e-29
 1.02085e+16	1.27e-09	1.67e-05	4.22e-03	6.56e-02	9.30e-01	2.57e-05	0.00e+00	1.13e-10	3.38e-10	5.63e-10	5.54e-06	1.12e-05	1.99e-29
 1.04746e+16	1.51e-09	1.96e-05	4.75e-03	7.00e-02	9.25e-01	2.41e-05	0.00e+00	1.34e-10	4.03e-10	6.72e-10	6.49e-06	1.31e-05	3.24e-29
 1.07539e+16	1.78e-09	2.28e-05	5.34e-03	7.48e-02	9.20e-01	2.25e-05	0.00e+00	1.58e-10	4.75e-10	7.91e-10	7.55e-06	1.52e-05	5.10e-29
 1.10063e+16	2.10e-09	2.62e-05	5.94e-03	7.95e-02	9.15e-01	2.13e-05	0.00e+00	1.87e-10	5.61e-10	9.36e-10	8.68e-06	1.75e-05	7.74e-29
 1.12904e+16	2.52e-09	3.07e-05	6.70e-03	8.50e-02	9.08e-01	1.99e-05	0.00e+00	2.25e-10	6.74e-10	1.12e-09	1.02e-05	2.05e-05	1.26e-28
 1.15924e+16	2.99e-09	3.59e-05	7.57e-03	9.10e-02	9.01e-01	1.87e-05	0.00e+00	2.66e-10	7.99e-10	1.33e-09	1.19e-05	2.40e-05	1.98e-28
 1.18712e+16	3.53e-09	4.16e-05	8.49e-03	9.70e-02	8.94e-01	1.76e-05	0.00e+00	3.15e-10	9.44e-10	1.57e-09	1.38e-05	2.78e-05	3.03e-28
 1.21875e+16	4.35e-09	4.94e-05	9.69e-03	1.04e-01	8.86e-01	1.64e-05	0.00e+00	3.89e-10	1.17e-09	1.95e-09	1.64e-05	3.30e-05	5.07e-28
 1.25203e+16	5.22e-09	5.84e-05	1.10e-02	1.12e-01	8.77e-01	1.54e-05	0.00e+00	4.67e-10	1.40e-09	2.34e-09	1.94e-05	3.90e-05	8.04e-28
 1.28075e+16	6.17e-09	6.75e-05	1.24e-02	1.19e-01	8.68e-01	1.45e-05	0.00e+00	5.53e-10	1.66e-09	2.76e-09	2.24e-05	4.51e-05	1.20e-27
 1.30738e+16	7.26e-09	7.74e-05	1.38e-02	1.26e-01	8.60e-01	1.38e-05	0.00e+00	6.51e-10	1.95e-09	3.26e-09	2.57e-05	5.17e-05	1.76e-27
 1.33800e+16	8.78e-09	9.11e-05	1.57e-02	1.35e-01	8.49e-01	1.30e-05	0.00e+00	7.88e-10	2.36e-09	3.94e-09	3.03e-05	6.08e-05	2.80e-27
 1.37125e+16	1.08e-08	1.08e-04	1.79e-02	1.45e-01	8.37e-01	1.22e-05	0.00e+00	9.73e-10	2.92e-09	4.87e-09	3.59e-05	7.21e-05	4.47e-27
 1.40103e+16	1.28e-08	1.25e-04	2.02e-02	1.55e-01	8.25e-01	1.16e-05	0.00e+00	1.16e-09	3.47e-09	5.78e-09	4.16e-05	8.36e-05	6.58e-27
 1.42791e+16	1.51e-08	1.44e-04	2.25e-02	1.64e-01	8.14e-01	1.10e-05	0.00e+00	1.36e-09	4.08e-09	6.80e-09	4.78e-05	9.60e-05	9.54e-27
