#depth	N	N+	N+2	N+3	N+4	N+5	N+6	N+7
 1.49634e+10	0.00e+00	0.00e+00	3.89e-30	1.42e-20	1.31e-11	4.70e-02	9.31e-01	2.19e-02
 4.54887e+10	0.00e+00	3.43e-40	5.35e-30	1.81e-20	1.53e-11	5.10e-02	9.29e-01	2.02e-02
 7.72350e+10	0.00e+00	0.00e+00	7.35e-30	2.30e-20	1.80e-11	5.54e-02	9.26e-01	1.86e-02
 1.10251e+11	0.00e+00	7.60e-40	1.01e-29	2.92e-20	2.11e-11	6.01e-02	9.23e-01	1.71e-02
 1.44588e+11	0.00e+00	0.00e+00	1.39e-29	3.71e-20	2.48e-11	6.51e-02	9.19e-01	1.58e-02
 1.76522e+11	0.00e+00	1.61e-39	1.85e-29	4.60e-20	2.86e-11	7.00e-02	9.15e-01	1.46e-02
 2.04466e+11	0.00e+00	0.00e+00	2.35e-29	5.51e-20	3.23e-11	7.44e-02	9.12e-01	1.37e-02
 2.35549e+11	0.00e+00	3.01e-39	3.05e-29	6.70e-20	3.68e-11	7.94e-02	9.08e-01	1.28e-02
 2.73143e+11	0.00e+00	0.00e+00	4.13e-29	8.41e-20	4.28e-11	8.57e-02	9.02e-01	1.18e-02
 3.10388e+11	0.00e+00	6.32e-39	5.51e-29	1.05e-19	4.95e-11	9.22e-02	8.97e-01	1.09e-02
 3.43379e+11	0.00e+00	0.00e+00	7.06e-29	1.26e-19	5.60e-11	9.80e-02	8.92e-01	1.02e-02
 3.79654e+11	0.00e+00	1.20e-38	9.20e-29	1.53e-19	6.39e-11	1.05e-01	8.86e-01	9.48e-03
 4.23125e+11	0.00e+00	0.00e+00	1.25e-28	1.93e-19	7.44e-11	1.13e-01	8.79e-01	8.71e-03
 4.66627e+11	0.00e+00	2.54e-38	1.68e-28	2.40e-19	8.61e-11	1.21e-01	8.71e-01	8.02e-03
 5.06551e+11	0.00e+00	0.00e+00	2.17e-28	2.92e-19	9.79e-11	1.29e-01	8.64e-01	7.44e-03
 5.51143e+11	0.00e+00	5.01e-38	2.88e-28	3.60e-19	1.12e-10	1.38e-01	8.55e-01	6.86e-03
 6.01551e+11	0.00e+00	0.00e+00	3.92e-28	4.53e-19	1.31e-10	1.48e-01	8.46e-01	6.28e-03
 6.49963e+11	0.00e+00	1.05e-37	5.20e-28	5.60e-19	1.50e-10	1.58e-01	8.36e-01	5.77e-03
 7.01598e+11	0.00e+00	0.00e+00	6.96e-28	6.96e-19	1.73e-10	1.69e-01	8.25e-01	5.29e-03
 7.58323e+11	0.00e+00	2.23e-37	9.48e-28	8.75e-19	2.01e-10	1.82e-01	8.13e-01	4.82e-03
 8.12399e+11	0.00e+00	0.00e+00	1.26e-27	1.08e-18	2.31e-10	1.94e-01	8.02e-01	4.41e-03
 8.69903e+11	0.00e+00	4.59e-37	1.68e-27	1.34e-18	2.66e-10	2.07e-01	7.89e-01	4.03e-03
 9.33322e+11	0.00e+00	0.00e+00	2.29e-27	1.69e-18	3.08e-10	2.21e-01	7.75e-01	3.65e-03
 9.95068e+11	0.00e+00	9.74e-37	3.06e-27	2.09e-18	3.54e-10	2.35e-01	7.61e-01	3.33e-03
 1.06059e+12	0.00e+00	0.00e+00	4.11e-27	2.60e-18	4.07e-10	2.51e-01	7.46e-01	3.02e-03
 1.13294e+12	0.00e+00	2.10e-36	5.63e-27	3.28e-18	4.73e-10	2.68e-01	7.30e-01	2.72e-03
 1.20562e+12	1.43e-46	3.08e-36	7.62e-27	4.10e-18	5.45e-10	2.85e-01	7.13e-01	2.45e-03
 1.28121e+12	0.00e+00	0.00e+00	1.03e-26	5.12e-18	6.28e-10	3.02e-01	6.96e-01	2.20e-03
 1.36238e+12	0.00e+00	6.72e-36	1.41e-26	6.44e-18	7.27e-10	3.21e-01	6.77e-01	1.97e-03
 1.43706e+12	5.60e-46	9.53e-36	1.86e-26	7.89e-18	8.26e-10	3.39e-01	6.59e-01	1.78e-03
 1.50171e+12	0.00e+00	0.00e+00	2.34e-26	9.35e-18	9.18e-10	3.54e-01	6.45e-01	1.64e-03
 1.57383e+12	0.00e+00	1.76e-35	3.02e-26	1.12e-17	1.03e-09	3.70e-01	6.28e-01	1.49e-03
 1.66185e+12	1.85e-45	2.55e-35	4.05e-26	1.39e-17	1.18e-09	3.90e-01	6.09e-01	1.33e-03
 1.75287e+12	0.00e+00	0.00e+00	5.43e-26	1.73e-17	1.34e-09	4.10e-01	5.88e-01	1.19e-03
 1.83820e+12	0.00e+00	5.19e-35	7.08e-26	2.09e-17	1.51e-09	4.29e-01	5.70e-01	1.07e-03
 1.91690e+12	6.33e-45	7.00e-35	8.95e-26	2.48e-17	1.68e-09	4.46e-01	5.53e-01	9.73e-04
 2.00229e+12	0.00e+00	0.00e+00	1.15e-25	2.97e-17	1.88e-09	4.64e-01	5.35e-01	8.78e-04
 2.09687e+12	0.00e+00	1.35e-34	1.50e-25	3.60e-17	2.11e-09	4.83e-01	5.16e-01	7.85e-04
 2.18469e+12	2.03e-44	1.82e-34	1.90e-25	4.27e-17	2.34e-09	5.01e-01	4.99e-01	7.10e-04
 2.28013e+12	0.00e+00	2.51e-34	2.43e-25	5.12e-17	2.61e-09	5.19e-01	4.80e-01	6.37e-04
 2.38594e+12	4.55e-44	3.53e-34	3.18e-25	6.20e-17	2.93e-09	5.39e-01	4.61e-01	5.65e-04
 2.48437e+12	0.00e+00	4.79e-34	4.03e-25	7.36e-17	3.24e-09	5.57e-01	4.43e-01	5.08e-04
 2.59147e+12	9.79e-44	6.60e-34	5.18e-25	8.81e-17	3.61e-09	5.75e-01	4.25e-01	4.52e-04
 2.71073e+12	0.00e+00	9.32e-34	6.79e-25	1.07e-16	4.05e-09	5.95e-01	4.05e-01	3.99e-04
 2.82255e+12	2.19e-43	1.27e-33	8.66e-25	1.27e-16	4.48e-09	6.12e-01	3.87e-01	3.55e-04
 2.94468e+12	0.00e+00	1.77e-33	1.12e-24	1.53e-16	4.99e-09	6.31e-01	3.69e-01	3.13e-04
 3.08083e+12	5.05e-43	2.52e-33	1.47e-24	1.86e-16	5.59e-09	6.50e-01	3.50e-01	2.74e-04
 3.20913e+12	0.00e+00	3.46e-33	1.89e-24	2.22e-16	6.19e-09	6.67e-01	3.32e-01	2.41e-04
 3.32976e+12	1.07e-42	4.63e-33	2.36e-24	2.60e-16	6.79e-09	6.83e-01	3.17e-01	2.15e-04
 3.46654e+12	0.00e+00	6.36e-33	3.02e-24	3.10e-16	7.50e-09	6.99e-01	3.01e-01	1.89e-04
 3.62015e+12	2.41e-42	8.97e-33	3.95e-24	3.74e-16	8.36e-09	7.16e-01	2.83e-01	1.64e-04
 3.77244e+12	0.00e+00	1.24e-32	5.09e-24	4.48e-16	9.26e-09	7.32e-01	2.68e-01	1.43e-04
 3.92134e+12	5.26e-42	1.69e-32	6.47e-24	5.31e-16	1.02e-08	7.47e-01	2.53e-01	1.26e-04
 4.08900e+12	0.00e+00	2.37e-32	8.38e-24	6.37e-16	1.13e-08	7.62e-01	2.38e-01	1.09e-04
 4.27382e+12	1.23e-41	3.37e-32	1.10e-23	7.73e-16	1.26e-08	7.78e-01	2.22e-01	9.35e-05
 4.43743e+12	0.00e+00	4.56e-32	1.39e-23	9.11e-16	1.38e-08	7.90e-01	2.09e-01	8.19e-05
 4.58328e+12	2.45e-41	5.91e-32	1.70e-23	1.05e-15	1.49e-08	8.01e-01	1.99e-01	7.30e-05
 4.74956e+12	0.00e+00	7.87e-32	2.12e-23	1.23e-15	1.62e-08	8.12e-01	1.88e-01	6.42e-05
 4.92963e+12	5.05e-41	1.06e-31	2.68e-23	1.44e-15	1.78e-08	8.23e-01	1.76e-01	5.60e-05
 5.09208e+12	0.00e+00	1.38e-31	3.27e-23	1.66e-15	1.92e-08	8.33e-01	1.67e-01	4.97e-05
 5.26771e+12	9.76e-41	1.81e-31	4.05e-23	1.93e-15	2.08e-08	8.42e-01	1.58e-01	4.37e-05
 5.48929e+12	0.00e+00	2.53e-31	5.23e-23	2.31e-15	2.30e-08	8.53e-01	1.47e-01	3.74e-05
 5.71371e+12	2.19e-40	3.49e-31	6.72e-23	2.75e-15	2.53e-08	8.63e-01	1.37e-01	3.21e-05
 5.90564e+12	0.00e+00	4.56e-31	8.26e-23	3.18e-15	2.74e-08	8.71e-01	1.29e-01	2.83e-05
 6.11218e+12	4.29e-40	6.01e-31	1.02e-22	3.70e-15	2.97e-08	8.79e-01	1.21e-01	2.47e-05
 6.36846e+12	0.00e+00	8.38e-31	1.32e-22	4.43e-15	3.27e-08	8.88e-01	1.12e-01	2.10e-05
 6.63472e+12	9.71e-40	1.17e-30	1.71e-22	5.30e-15	3.61e-08	8.96e-01	1.04e-01	1.79e-05
 6.87948e+12	0.00e+00	1.56e-30	2.14e-22	6.21e-15	3.93e-08	9.03e-01	9.67e-02	1.55e-05
 7.15097e+12	2.05e-39	2.14e-30	2.73e-22	7.36e-15	4.30e-08	9.10e-01	8.98e-02	1.32e-05
 7.46547e+12	0.00e+00	3.03e-30	3.57e-22	8.89e-15	4.76e-08	9.17e-01	8.25e-02	1.11e-05
 7.77686e+12	4.72e-39	4.21e-30	4.61e-22	1.06e-14	5.24e-08	9.24e-01	7.61e-02	9.38e-06
 8.10072e+12	0.00e+00	5.85e-30	5.95e-22	1.27e-14	5.77e-08	9.30e-01	7.01e-02	7.92e-06
 8.42716e+12	1.05e-38	8.05e-30	7.62e-22	1.51e-14	6.33e-08	9.35e-01	6.47e-02	6.71e-06
 8.72073e+12	0.00e+00	1.06e-29	9.44e-22	1.76e-14	6.86e-08	9.40e-01	6.03e-02	5.81e-06
 9.04418e+12	2.11e-38	1.42e-29	1.19e-21	2.07e-14	7.47e-08	9.44e-01	5.60e-02	4.98e-06
 9.42651e+12	0.00e+00	1.98e-29	1.54e-21	2.48e-14	8.23e-08	9.49e-01	5.14e-02	4.18e-06
 9.80465e+12	4.67e-38	2.72e-29	1.96e-21	2.95e-14	9.03e-08	9.53e-01	4.73e-02	3.53e-06
 1.01545e+13	0.00e+00	3.60e-29	2.44e-21	3.45e-14	9.81e-08	9.56e-01	4.39e-02	3.03e-06
 1.05472e+13	9.56e-38	4.87e-29	3.10e-21	4.07e-14	1.07e-07	9.60e-01	4.05e-02	2.57e-06
 1.09394e+13	0.00e+00	6.52e-29	3.89e-21	4.79e-14	1.17e-07	9.63e-01	3.74e-02	2.19e-06
 1.12481e+13	1.79e-37	8.13e-29	4.62e-21	5.41e-14	1.25e-07	9.65e-01	3.53e-02	1.94e-06
 1.15652e+13	0.00e+00	1.01e-28	5.49e-21	6.11e-14	1.33e-07	9.67e-01	3.32e-02	1.72e-06
 1.19774e+13	3.29e-37	1.34e-28	6.83e-21	7.15e-14	1.45e-07	9.69e-01	3.07e-02	1.47e-06
 1.24123e+13	0.00e+00	1.78e-28	8.52e-21	8.38e-14	1.58e-07	9.72e-01	2.84e-02	1.26e-06
 1.27890e+13	6.19e-37	2.25e-28	1.02e-20	9.55e-14	1.69e-07	9.73e-01	2.66e-02	1.10e-06
 1.31912e+13	0.00e+00	2.87e-28	1.24e-20	1.10e-13	1.82e-07	9.75e-01	2.49e-02	9.57e-07
 1.37018e+13	1.20e-36	3.86e-28	1.57e-20	1.30e-13	1.99e-07	9.77e-01	2.28e-02	0.00e+00
 1.42251e+13	0.00e+00	5.17e-28	1.98e-20	1.53e-13	2.18e-07	9.79e-01	2.10e-02	0.00e+00
 1.46740e+13	2.29e-36	6.58e-28	2.39e-20	1.76e-13	2.34e-07	9.80e-01	1.96e-02	0.00e+00
 1.51543e+13	0.00e+00	8.44e-28	2.91e-20	2.02e-13	2.53e-07	9.82e-01	1.82e-02	0.00e+00
 1.57493e+13	4.44e-36	1.14e-27	3.68e-20	2.39e-13	2.77e-07	9.83e-01	1.67e-02	0.00e+00
 1.63636e+13	0.00e+00	1.52e-27	4.64e-20	2.83e-13	3.03e-07	9.85e-01	1.53e-02	0.00e+00
 1.69232e+13	8.64e-36	1.97e-27	5.69e-20	3.28e-13	3.28e-07	9.86e-01	1.42e-02	0.00e+00
 1.75413e+13	0.00e+00	2.59e-27	7.06e-20	3.83e-13	3.57e-07	9.87e-01	1.31e-02	0.00e+00
 1.81974e+13	1.69e-35	3.42e-27	8.81e-20	4.50e-13	3.89e-07	9.88e-01	1.21e-02	0.00e+00
 1.87699e+13	0.00e+00	4.33e-27	1.06e-19	5.15e-13	4.18e-07	9.89e-01	1.13e-02	0.00e+00
 1.93811e+13	3.01e-35	5.52e-27	1.28e-19	5.90e-13	4.50e-07	9.89e-01	1.05e-02	0.00e+00
 2.01360e+13	0.00e+00	7.35e-27	1.61e-19	6.96e-13	4.92e-07	9.90e-01	9.65e-03	0.00e+00
 2.09033e+13	5.98e-35	9.74e-27	2.01e-19	8.17e-13	5.36e-07	9.91e-01	8.87e-03	0.00e+00
 2.15870e+13	0.00e+00	1.24e-26	2.44e-19	9.37e-13	5.77e-07	9.92e-01	8.26e-03	0.00e+00
 2.23365e+13	1.10e-34	1.60e-26	2.98e-19	1.08e-12	6.23e-07	9.92e-01	7.67e-03	0.00e+00
 2.31242e+13	0.00e+00	2.08e-26	3.65e-19	1.25e-12	6.75e-07	9.93e-01	7.07e-03	0.00e+00
 2.37982e+13	1.95e-34	2.57e-26	4.33e-19	1.41e-12	7.20e-07	9.93e-01	6.64e-03	0.00e+00
 2.45110e+13	2.56e-34	3.21e-26	5.15e-19	1.60e-12	7.68e-07	9.94e-01	6.23e-03	0.00e+00
 2.54272e+13	3.57e-34	4.23e-26	6.38e-19	1.87e-12	8.34e-07	9.94e-01	5.75e-03	0.00e+00
 2.63818e+13	5.00e-34	5.57e-26	7.93e-19	2.18e-12	9.05e-07	9.95e-01	5.31e-03	0.00e+00
 2.72086e+13	6.63e-34	7.02e-26	9.50e-19	2.47e-12	9.68e-07	9.95e-01	4.97e-03	0.00e+00
 2.80949e+13	8.92e-34	8.94e-26	1.15e-18	2.82e-12	1.04e-06	9.95e-01	4.64e-03	0.00e+00
 2.91827e+13	1.26e-33	1.19e-25	1.43e-18	3.30e-12	1.13e-06	9.96e-01	4.28e-03	0.00e+00
 3.03022e+13	1.78e-33	1.58e-25	1.78e-18	3.86e-12	1.22e-06	9.96e-01	3.95e-03	0.00e+00
 3.13298e+13	2.43e-33	2.03e-25	2.17e-18	4.42e-12	1.32e-06	9.96e-01	3.68e-03	0.00e+00
 3.24683e+13	3.39e-33	2.66e-25	2.67e-18	5.11e-12	1.42e-06	9.97e-01	3.41e-03	0.00e+00
 3.37095e+13	4.79e-33	3.53e-25	3.33e-18	5.96e-12	1.54e-06	9.97e-01	3.15e-03	0.00e+00
 3.48377e+13	6.51e-33	4.52e-25	4.03e-18	6.82e-12	1.65e-06	9.97e-01	2.94e-03	0.00e+00
 3.60578e+13	8.98e-33	5.87e-25	4.93e-18	7.84e-12	1.78e-06	9.97e-01	2.74e-03	0.00e+00
 3.74371e+13	1.27e-32	7.80e-25	6.14e-18	9.14e-12	1.92e-06	9.97e-01	2.53e-03	0.00e+00
 3.87601e+13	1.76e-32	1.02e-24	7.53e-18	1.05e-11	2.07e-06	9.98e-01	2.35e-03	0.00e+00
 4.01964e+13	2.48e-32	1.34e-24	9.31e-18	1.22e-11	2.24e-06	9.98e-01	2.18e-03	0.00e+00
 4.16762e+13	3.48e-32	1.76e-24	1.15e-17	1.41e-11	2.41e-06	9.98e-01	2.02e-03	0.00e+00
 4.28592e+13	4.52e-32	2.18e-24	1.36e-17	1.58e-11	2.56e-06	9.98e-01	1.91e-03	0.00e+00
 4.40230e+13	5.83e-32	2.68e-24	1.59e-17	1.76e-11	2.71e-06	9.98e-01	1.80e-03	0.00e+00
 4.55359e+13	8.01e-32	3.47e-24	1.93e-17	2.02e-11	2.91e-06	9.98e-01	1.68e-03	0.00e+00
 4.71153e+13	1.10e-31	4.50e-24	2.36e-17	2.32e-11	3.12e-06	9.98e-01	1.57e-03	0.00e+00
 4.84554e+13	1.44e-31	5.58e-24	2.79e-17	2.60e-11	3.31e-06	9.99e-01	1.48e-03	0.00e+00
 4.98718e+13	1.89e-31	6.95e-24	3.30e-17	2.92e-11	3.52e-06	9.99e-01	1.39e-03	0.00e+00
 5.17009e+13	2.66e-31	9.16e-24	4.08e-17	3.38e-11	3.79e-06	9.99e-01	1.29e-03	0.00e+00
 5.35988e+13	3.73e-31	1.21e-23	5.04e-17	3.91e-11	4.09e-06	9.99e-01	1.20e-03	0.00e+00
 5.52179e+13	4.95e-31	1.52e-23	6.00e-17	4.41e-11	4.35e-06	9.99e-01	1.13e-03	0.00e+00
 5.69416e+13	6.63e-31	1.92e-23	7.19e-17	4.99e-11	4.64e-06	9.99e-01	1.06e-03	0.00e+00
 5.90892e+13	9.41e-31	2.55e-23	8.93e-17	5.79e-11	5.01e-06	9.99e-01	9.80e-04	0.00e+00
 6.12728e+13	1.32e-30	3.37e-23	1.11e-16	6.71e-11	5.41e-06	9.99e-01	9.08e-04	0.00e+00
 6.31765e+13	1.77e-30	4.26e-23	1.32e-16	7.59e-11	5.76e-06	9.99e-01	8.53e-04	0.00e+00
 6.52315e+13	2.41e-30	5.45e-23	1.60e-16	8.63e-11	6.16e-06	9.99e-01	7.98e-04	0.00e+00
 6.77359e+13	3.43e-30	7.27e-23	1.99e-16	1.01e-10	6.66e-06	9.99e-01	7.38e-04	0.00e+00
 7.02421e+13	4.84e-30	9.61e-23	2.47e-16	1.17e-10	7.19e-06	9.99e-01	6.84e-04	0.00e+00
 7.24633e+13	6.51e-30	1.22e-22	2.97e-16	1.32e-10	7.67e-06	9.99e-01	6.42e-04	0.00e+00
 7.48960e+13	8.93e-30	1.58e-22	3.60e-16	1.51e-10	8.21e-06	9.99e-01	5.99e-04	0.00e+00
 7.78114e+13	1.28e-29	2.11e-22	4.51e-16	1.76e-10	8.90e-06	9.99e-01	5.54e-04	0.00e+00
 8.07113e+13	1.82e-29	2.80e-22	5.60e-16	2.04e-10	9.60e-06	9.99e-01	5.13e-04	0.00e+00
 8.33506e+13	2.47e-29	3.59e-22	6.77e-16	2.32e-10	1.03e-05	1.00e+00	4.80e-04	0.00e+00
 8.62940e+13	3.44e-29	4.69e-22	8.30e-16	2.67e-10	1.10e-05	1.00e+00	4.47e-04	0.00e+00
 8.97318e+13	4.99e-29	6.34e-22	1.04e-15	3.13e-10	1.20e-05	1.00e+00	4.12e-04	0.00e+00
 9.31200e+13	7.13e-29	8.45e-22	1.30e-15	3.63e-10	1.29e-05	1.00e+00	3.82e-04	0.00e+00
 9.63251e+13	9.86e-29	1.10e-21	1.59e-15	4.16e-10	1.39e-05	1.00e+00	3.56e-04	0.00e+00
 9.98895e+13	1.40e-28	1.45e-21	1.97e-15	4.82e-10	1.49e-05	1.00e+00	3.31e-04	0.00e+00
 1.03798e+14	2.02e-28	1.96e-21	2.47e-15	5.62e-10	1.62e-05	1.00e+00	3.06e-04	0.00e+00
 1.07345e+14	2.79e-28	2.54e-21	3.01e-15	6.43e-10	1.73e-05	1.00e+00	2.85e-04	0.00e+00
 1.10249e+14	3.62e-28	3.13e-21	3.53e-15	7.16e-10	1.83e-05	1.00e+00	2.70e-04	0.00e+00
 1.13221e+14	4.68e-28	3.85e-21	4.13e-15	7.97e-10	1.93e-05	1.00e+00	2.56e-04	0.00e+00
 1.17083e+14	6.46e-28	5.00e-21	5.03e-15	9.12e-10	2.07e-05	1.00e+00	2.39e-04	0.00e+00
 1.21092e+14	8.96e-28	6.50e-21	6.14e-15	1.04e-09	2.22e-05	1.00e+00	2.23e-04	0.00e+00
 1.24470e+14	1.17e-27	8.07e-21	7.23e-15	1.17e-09	2.34e-05	1.00e+00	2.11e-04	0.00e+00
 1.28042e+14	1.54e-27	1.01e-20	8.55e-15	1.30e-09	2.48e-05	1.00e+00	1.99e-04	0.00e+00
 1.32676e+14	2.18e-27	1.33e-20	1.06e-14	1.50e-09	2.67e-05	1.00e+00	1.85e-04	0.00e+00
 1.37506e+14	3.10e-27	1.76e-20	1.31e-14	1.74e-09	2.87e-05	1.00e+00	1.72e-04	0.00e+00
 1.41627e+14	4.14e-27	2.23e-20	1.56e-14	1.95e-09	3.04e-05	1.00e+00	1.63e-04	0.00e+00
 1.46014e+14	5.59e-27	2.83e-20	1.87e-14	2.21e-09	3.24e-05	1.00e+00	1.53e-04	0.00e+00
 1.51479e+14	8.02e-27	3.78e-20	2.32e-14	2.55e-09	3.48e-05	1.00e+00	1.42e-04	0.00e+00
 1.57085e+14	1.15e-26	5.04e-20	2.88e-14	2.95e-09	3.75e-05	1.00e+00	1.32e-04	0.00e+00
 1.62055e+14	1.56e-26	6.46e-20	3.47e-14	3.34e-09	3.99e-05	1.00e+00	1.24e-04	0.00e+00
 1.67459e+14	2.16e-26	8.38e-20	4.22e-14	3.81e-09	4.26e-05	1.00e+00	1.16e-04	0.00e+00
 1.73938e+14	3.15e-26	1.13e-19	5.29e-14	4.43e-09	4.60e-05	1.00e+00	1.08e-04	0.00e+00
 1.80372e+14	4.52e-26	1.51e-19	6.58e-14	5.12e-09	4.94e-05	1.00e+00	1.00e-04	0.00e+00
 1.86196e+14	6.20e-26	1.95e-19	7.95e-14	5.82e-09	5.26e-05	1.00e+00	9.39e-05	0.00e+00
 1.92670e+14	8.71e-26	2.55e-19	9.75e-14	6.66e-09	5.63e-05	1.00e+00	8.78e-05	0.00e+00
 2.00271e+14	1.28e-25	3.48e-19	1.23e-13	7.77e-09	6.09e-05	1.00e+00	8.12e-05	0.00e+00
 2.07779e+14	1.85e-25	4.66e-19	1.53e-13	9.00e-09	6.55e-05	1.00e+00	7.55e-05	0.00e+00
 2.14817e+14	2.58e-25	6.08e-19	1.87e-13	1.03e-08	7.00e-05	1.00e+00	7.06e-05	0.00e+00
 2.22668e+14	3.69e-25	8.11e-19	2.32e-13	1.19e-08	7.52e-05	1.00e+00	6.58e-05	0.00e+00
 2.31605e+14	5.46e-25	1.11e-18	2.94e-13	1.39e-08	8.13e-05	1.00e+00	6.08e-05	0.00e+00
 2.40497e+14	7.96e-25	1.50e-18	3.68e-13	1.61e-08	8.76e-05	1.00e+00	5.64e-05	0.00e+00
 2.48456e+14	1.10e-24	1.94e-18	4.47e-13	1.84e-08	9.35e-05	1.00e+00	5.28e-05	0.00e+00
 2.55085e+14	1.43e-24	2.40e-18	5.23e-13	2.04e-08	9.86e-05	1.00e+00	5.01e-05	0.00e+00
 2.61996e+14	1.87e-24	2.97e-18	6.14e-13	2.27e-08	1.04e-04	1.00e+00	4.75e-05	0.00e+00
 2.70981e+14	2.61e-24	3.88e-18	7.51e-13	2.59e-08	1.11e-04	1.00e+00	4.44e-05	0.00e+00
 2.80294e+14	3.64e-24	5.07e-18	9.19e-13	2.97e-08	1.19e-04	1.00e+00	4.15e-05	0.00e+00
 2.88107e+14	4.78e-24	6.31e-18	1.08e-12	3.32e-08	1.26e-04	1.00e+00	3.92e-05	0.00e+00
 2.96338e+14	6.32e-24	7.89e-18	1.28e-12	3.71e-08	1.33e-04	1.00e+00	3.71e-05	0.00e+00
 3.07026e+14	8.96e-24	1.04e-17	1.58e-12	4.28e-08	1.43e-04	1.00e+00	3.45e-05	0.00e+00
 3.18190e+14	1.27e-23	1.39e-17	1.96e-12	4.94e-08	1.54e-04	1.00e+00	3.21e-05	0.00e+00
 3.27738e+14	1.71e-23	1.75e-17	2.34e-12	5.56e-08	1.63e-04	1.00e+00	3.02e-05	0.00e+00
 3.37900e+14	2.30e-23	2.23e-17	2.80e-12	6.28e-08	1.74e-04	1.00e+00	2.84e-05	0.00e+00
 3.50531e+14	3.29e-23	2.97e-17	3.49e-12	7.28e-08	1.87e-04	1.00e+00	2.63e-05	0.00e+00
 3.63349e+14	4.67e-23	3.94e-17	4.32e-12	8.41e-08	2.02e-04	1.00e+00	2.45e-05	0.00e+00
 3.74521e+14	6.28e-23	5.00e-17	5.17e-12	9.50e-08	2.15e-04	1.00e+00	2.30e-05	0.00e+00
 3.86580e+14	8.54e-23	6.40e-17	6.25e-12	1.08e-07	2.29e-04	1.00e+00	2.16e-05	0.00e+00
 4.01279e+14	1.22e-22	8.56e-17	7.80e-12	1.26e-07	2.47e-04	1.00e+00	2.00e-05	0.00e+00
 4.15974e+14	1.74e-22	1.13e-16	9.65e-12	1.45e-07	2.67e-04	1.00e+00	1.85e-05	0.00e+00
 4.28958e+14	2.33e-22	1.44e-16	1.16e-11	1.64e-07	2.84e-04	1.00e+00	1.74e-05	0.00e+00
 4.43151e+14	3.19e-22	1.86e-16	1.41e-11	1.87e-07	3.04e-04	1.00e+00	1.63e-05	0.00e+00
 4.60212e+14	4.58e-22	2.49e-16	1.76e-11	2.18e-07	3.29e-04	1.00e+00	1.50e-05	0.00e+00
 4.77172e+14	6.49e-22	3.29e-16	2.18e-11	2.53e-07	3.55e-04	1.00e+00	1.39e-05	0.00e+00
 4.92450e+14	8.77e-22	4.20e-16	2.62e-11	2.87e-07	3.79e-04	1.00e+00	1.30e-05	0.00e+00
 5.09371e+14	1.21e-21	5.45e-16	3.21e-11	3.29e-07	4.07e-04	1.00e+00	1.22e-05	0.00e+00
 5.29328e+14	1.74e-21	7.33e-16	4.02e-11	3.85e-07	4.41e-04	1.00e+00	1.12e-05	0.00e+00
 5.48977e+14	2.47e-21	9.72e-16	4.99e-11	4.46e-07	4.76e-04	1.00e+00	1.04e-05	0.00e+00
 5.67122e+14	3.36e-21	1.25e-15	6.05e-11	5.09e-07	5.10e-04	9.99e-01	9.70e-06	0.00e+00
 5.84486e+14	4.47e-21	1.57e-15	7.22e-11	5.75e-07	5.43e-04	9.99e-01	9.10e-06	0.00e+00
 6.03977e+14	6.09e-21	2.02e-15	8.77e-11	6.57e-07	5.82e-04	9.99e-01	8.49e-06	0.00e+00
 6.25666e+14	8.49e-21	2.65e-15	1.08e-10	7.58e-07	6.27e-04	9.99e-01	7.89e-06	0.00e+00
 6.44147e+14	1.12e-20	3.32e-15	1.28e-10	8.53e-07	6.66e-04	9.99e-01	7.42e-06	0.00e+00
 6.59155e+14	1.39e-20	3.96e-15	1.47e-10	9.36e-07	6.99e-04	9.99e-01	7.07e-06	0.00e+00
 6.75714e+14	1.76e-20	4.78e-15	1.70e-10	1.03e-06	7.37e-04	9.99e-01	6.71e-06	0.00e+00
 6.97239e+14	2.36e-20	6.08e-15	2.04e-10	1.18e-06	7.88e-04	9.99e-01	6.27e-06	0.00e+00
 7.20124e+14	3.20e-20	7.79e-15	2.47e-10	1.34e-06	8.43e-04	9.99e-01	5.86e-06	0.00e+00
 7.40130e+14	4.15e-20	9.62e-15	2.91e-10	1.50e-06	8.93e-04	9.99e-01	5.53e-06	0.00e+00
 7.61492e+14	5.42e-20	1.19e-14	3.44e-10	1.68e-06	9.49e-04	9.99e-01	5.21e-06	0.00e+00
 7.89053e+14	7.56e-20	1.57e-14	4.24e-10	1.94e-06	1.02e-03	9.99e-01	4.83e-06	0.00e+00
 8.17288e+14	1.06e-19	2.05e-14	5.22e-10	2.24e-06	1.10e-03	9.99e-01	4.49e-06	0.00e+00
 8.40920e+14	1.38e-19	2.55e-14	6.17e-10	2.51e-06	1.17e-03	9.99e-01	4.22e-06	0.00e+00
 8.65950e+14	1.82e-19	3.20e-14	7.33e-10	2.82e-06	1.24e-03	9.99e-01	3.97e-06	0.00e+00
 8.97714e+14	2.55e-19	4.21e-14	9.06e-10	3.27e-06	1.34e-03	9.99e-01	3.68e-06	0.00e+00
 9.31022e+14	3.59e-19	5.56e-14	1.12e-09	3.79e-06	1.45e-03	9.99e-01	3.41e-06	0.00e+00
 9.60568e+14	4.83e-19	7.07e-14	1.35e-09	4.30e-06	1.55e-03	9.98e-01	3.19e-06	0.00e+00
 9.92430e+14	6.55e-19	9.06e-14	1.64e-09	4.90e-06	1.66e-03	9.98e-01	2.97e-06	0.00e+00
 1.03066e+15	9.32e-19	1.21e-13	2.04e-09	5.71e-06	1.80e-03	9.98e-01	2.74e-06	0.00e+00
 1.06855e+15	1.31e-18	1.59e-13	2.53e-09	6.61e-06	1.94e-03	9.98e-01	2.54e-06	0.00e+00
 1.10256e+15	1.75e-18	2.02e-13	3.04e-09	7.50e-06	2.07e-03	9.98e-01	2.38e-06	0.00e+00
 1.14016e+15	2.40e-18	2.61e-13	3.70e-09	8.59e-06	2.23e-03	9.98e-01	2.21e-06	0.00e+00
 1.18466e+15	3.41e-18	3.48e-13	4.64e-09	1.00e-05	2.42e-03	9.98e-01	2.04e-06	0.00e+00
 1.22886e+15	4.81e-18	4.60e-13	5.75e-09	1.16e-05	2.61e-03	9.97e-01	1.89e-06	0.00e+00
 1.26996e+15	6.50e-18	5.89e-13	6.98e-09	1.33e-05	2.80e-03	9.97e-01	1.76e-06	0.00e+00
 1.30544e+15	8.38e-18	7.26e-13	8.20e-09	1.49e-05	2.97e-03	9.97e-01	1.65e-06	0.00e+00
 1.33511e+15	1.03e-17	8.59e-13	9.35e-09	1.63e-05	3.12e-03	9.97e-01	1.58e-06	0.00e+00
 1.36808e+15	1.29e-17	1.03e-12	1.08e-08	1.80e-05	3.29e-03	9.97e-01	1.50e-06	0.00e+00
 1.41094e+15	1.70e-17	1.30e-12	1.29e-08	2.04e-05	3.52e-03	9.96e-01	1.40e-06	0.00e+00
 1.45579e+15	2.26e-17	1.64e-12	1.55e-08	2.32e-05	3.77e-03	9.96e-01	1.31e-06	0.00e+00
 1.49383e+15	2.85e-17	1.98e-12	1.80e-08	2.57e-05	3.98e-03	9.96e-01	1.23e-06	0.00e+00
 1.53391e+15	3.61e-17	2.41e-12	2.11e-08	2.86e-05	4.22e-03	9.96e-01	1.16e-06	0.00e+00
 1.58602e+15	4.86e-17	3.09e-12	2.56e-08	3.28e-05	4.55e-03	9.95e-01	1.08e-06	0.00e+00
 1.63979e+15	6.52e-17	3.94e-12	3.11e-08	3.76e-05	4.90e-03	9.95e-01	1.00e-06	0.00e+00
 1.68450e+15	8.27e-17	4.80e-12	3.64e-08	4.19e-05	5.20e-03	9.95e-01	9.44e-07	0.00e+00
 1.73140e+15	1.05e-16	5.86e-12	4.26e-08	4.69e-05	5.53e-03	9.94e-01	0.00e+00	0.00e+00
 1.79237e+15	1.73e-16	7.52e-12	5.21e-08	5.40e-05	5.98e-03	9.94e-01	0.00e+00	0.00e+00
 1.85632e+15	2.36e-16	9.70e-12	6.39e-08	6.23e-05	6.47e-03	9.93e-01	0.00e+00	0.00e+00
 1.91122e+15	3.03e-16	1.20e-11	7.57e-08	7.02e-05	6.91e-03	9.93e-01	0.00e+00	0.00e+00
 1.96968e+15	3.93e-16	1.48e-11	9.01e-08	7.94e-05	7.40e-03	9.93e-01	0.00e+00	0.00e+00
 2.04279e+15	5.37e-16	1.92e-11	1.11e-07	9.21e-05	8.05e-03	9.92e-01	0.00e+00	0.00e+00
 2.11853e+15	7.30e-16	2.49e-11	1.37e-07	1.07e-04	8.75e-03	9.91e-01	0.00e+00	0.00e+00
 2.18595e+15	9.48e-16	3.11e-11	1.65e-07	1.21e-04	9.40e-03	9.90e-01	0.00e+00	0.00e+00
 2.25898e+15	1.25e-15	3.92e-11	1.99e-07	1.39e-04	1.01e-02	9.90e-01	0.00e+00	0.00e+00
 2.34628e+15	1.71e-15	5.12e-11	2.49e-07	1.62e-04	1.11e-02	9.89e-01	0.00e+00	0.00e+00
 2.43255e+15	2.30e-15	6.60e-11	3.07e-07	1.88e-04	1.21e-02	9.88e-01	0.00e+00	0.00e+00
 2.51032e+15	2.99e-15	8.25e-11	3.69e-07	2.14e-04	1.30e-02	9.87e-01	0.00e+00	0.00e+00
 2.59661e+15	3.92e-15	1.04e-10	4.49e-07	2.45e-04	1.40e-02	9.86e-01	0.00e+00	0.00e+00
 2.69830e+15	5.36e-15	1.36e-10	5.62e-07	2.87e-04	1.54e-02	9.84e-01	0.00e+00	0.00e+00
 2.78450e+15	6.88e-15	1.70e-10	6.75e-07	3.26e-04	1.66e-02	9.83e-01	0.00e+00	0.00e+00
 2.84420e+15	8.16e-15	1.97e-10	7.64e-07	3.56e-04	1.74e-02	9.82e-01	0.00e+00	0.00e+00
 2.90496e+15	9.67e-15	2.29e-10	8.65e-07	3.87e-04	1.83e-02	9.81e-01	0.00e+00	0.00e+00
 2.98394e+15	1.20e-14	2.76e-10	1.01e-06	4.33e-04	1.95e-02	9.80e-01	0.00e+00	0.00e+00
 3.07179e+15	1.52e-14	3.39e-10	1.20e-06	4.87e-04	2.09e-02	9.79e-01	0.00e+00	0.00e+00
 3.15385e+15	1.87e-14	4.08e-10	1.41e-06	5.42e-04	2.22e-02	9.77e-01	0.00e+00	0.00e+00
 3.24321e+15	2.35e-14	4.97e-10	1.66e-06	6.08e-04	2.37e-02	9.76e-01	0.00e+00	0.00e+00
 3.34279e+15	2.99e-14	6.16e-10	1.99e-06	6.88e-04	2.55e-02	9.74e-01	0.00e+00	0.00e+00
 3.43575e+15	3.72e-14	7.48e-10	2.34e-06	7.69e-04	2.72e-02	9.72e-01	0.00e+00	0.00e+00
 3.53669e+15	4.71e-14	9.20e-10	2.79e-06	8.65e-04	2.91e-02	9.70e-01	0.00e+00	0.00e+00
 3.64963e+15	6.06e-14	1.15e-09	3.37e-06	9.84e-04	3.13e-02	9.68e-01	0.00e+00	0.00e+00
 3.75607e+15	7.64e-14	1.41e-09	4.00e-06	1.11e-03	3.35e-02	9.65e-01	0.00e+00	0.00e+00
 3.87237e+15	9.80e-14	1.76e-09	4.81e-06	1.25e-03	3.60e-02	9.63e-01	0.00e+00	0.00e+00
 4.00293e+15	1.28e-13	2.24e-09	5.88e-06	1.43e-03	3.89e-02	9.60e-01	0.00e+00	0.00e+00
 4.12724e+15	1.64e-13	2.79e-09	7.08e-06	1.63e-03	4.17e-02	9.57e-01	0.00e+00	0.00e+00
 4.26402e+15	2.15e-13	3.54e-09	8.64e-06	1.86e-03	4.50e-02	9.53e-01	0.00e+00	0.00e+00
 4.41697e+15	2.87e-13	4.57e-09	1.07e-05	2.15e-03	4.89e-02	9.49e-01	0.00e+00	0.00e+00
 4.56159e+15	3.73e-13	5.77e-09	1.30e-05	2.45e-03	5.27e-02	9.45e-01	0.00e+00	0.00e+00
 4.72028e+15	4.96e-13	7.42e-09	1.61e-05	2.81e-03	5.70e-02	9.40e-01	0.00e+00	0.00e+00
 4.89648e+15	6.72e-13	9.71e-09	2.02e-05	3.27e-03	6.20e-02	9.35e-01	0.00e+00	0.00e+00
 5.06112e+15	8.82e-13	1.24e-08	2.47e-05	3.74e-03	6.68e-02	9.29e-01	0.00e+00	0.00e+00
 5.19619e+15	1.09e-12	1.50e-08	2.90e-05	4.16e-03	7.09e-02	9.25e-01	0.00e+00	0.00e+00
 5.30707e+15	1.30e-12	1.75e-08	3.31e-05	4.54e-03	7.44e-02	9.21e-01	0.00e+00	0.00e+00
 5.43117e+15	1.58e-12	2.08e-08	3.82e-05	4.99e-03	7.84e-02	9.17e-01	0.00e+00	0.00e+00
 5.59250e+15	2.04e-12	2.59e-08	4.59e-05	5.63e-03	8.37e-02	9.11e-01	0.00e+00	0.00e+00
 5.76166e+15	2.63e-12	3.24e-08	5.51e-05	6.35e-03	8.95e-02	9.04e-01	0.00e+00	0.00e+00
 5.90490e+15	3.24e-12	3.89e-08	6.42e-05	7.02e-03	9.45e-02	8.98e-01	0.00e+00	0.00e+00
 6.05502e+15	4.04e-12	4.71e-08	7.51e-05	7.78e-03	1.00e-01	8.92e-01	0.00e+00	0.00e+00
 6.25017e+15	5.35e-12	6.01e-08	9.17e-05	8.87e-03	1.07e-01	8.84e-01	0.00e+00	0.00e+00
 6.45044e+15	7.01e-12	7.62e-08	1.11e-04	1.01e-02	1.15e-01	8.75e-01	0.00e+00	0.00e+00
 6.61479e+15	8.71e-12	9.21e-08	1.30e-04	1.12e-02	1.21e-01	8.67e-01	0.00e+00	0.00e+00
 6.78584e+15	1.09e-11	1.12e-07	1.53e-04	1.24e-02	1.28e-01	8.59e-01	0.00e+00	0.00e+00
 7.00822e+15	1.46e-11	1.44e-07	1.87e-04	1.41e-02	1.37e-01	8.48e-01	0.00e+00	0.00e+00
 7.24003e+15	1.94e-11	1.84e-07	2.29e-04	1.61e-02	1.47e-01	8.37e-01	0.00e+00	0.00e+00
 7.43658e+15	2.45e-11	2.26e-07	2.71e-04	1.80e-02	1.56e-01	8.26e-01	0.00e+00	0.00e+00
 7.64459e+15	3.15e-11	2.80e-07	3.22e-04	2.01e-02	1.65e-01	8.15e-01	0.00e+00	0.00e+00
 7.91500e+15	4.33e-11	3.68e-07	4.02e-04	2.32e-02	1.77e-01	7.99e-01	0.00e+00	0.00e+00
 8.18891e+15	5.83e-11	4.76e-07	4.96e-04	2.66e-02	1.90e-01	7.83e-01	0.00e+00	0.00e+00
 8.41340e+15	7.38e-11	5.84e-07	5.86e-04	2.96e-02	2.00e-01	7.70e-01	0.00e+00	0.00e+00
 8.65126e+15	9.55e-11	7.28e-07	7.00e-04	3.31e-02	2.11e-01	7.55e-01	0.00e+00	0.00e+00
 8.96048e+15	1.32e-10	9.59e-07	8.74e-04	3.81e-02	2.26e-01	7.35e-01	0.00e+00	0.00e+00
 9.27332e+15	1.78e-10	1.24e-06	1.08e-03	4.36e-02	2.40e-01	7.15e-01	0.00e+00	0.00e+00
 9.50639e+15	2.20e-10	1.50e-06	1.26e-03	4.81e-02	2.51e-01	6.99e-01	0.00e+00	0.00e+00
 9.72491e+15	2.72e-10	1.79e-06	1.45e-03	5.27e-02	2.62e-01	6.84e-01	0.00e+00	0.00e+00
 9.97060e+15	3.41e-10	2.17e-06	1.70e-03	5.81e-02	2.73e-01	6.67e-01	0.00e+00	0.00e+00
 1.02085e+16	4.21e-10	2.60e-06	1.97e-03	6.37e-02	2.85e-01	6.50e-01	0.00e+00	0.00e+00
 1.04746e+16	5.37e-10	3.19e-06	2.32e-03	7.05e-02	2.97e-01	6.30e-01	0.00e+00	0.00e+00
 1.07539e+16	6.76e-10	3.90e-06	2.73e-03	7.80e-02	3.09e-01	6.10e-01	0.00e+00	0.00e+00
 1.10063e+16	8.35e-10	4.67e-06	3.17e-03	8.54e-02	3.21e-01	5.91e-01	0.00e+00	0.00e+00
 1.12904e+16	1.07e-09	5.74e-06	3.74e-03	9.44e-02	3.33e-01	5.69e-01	0.00e+00	0.00e+00
 1.15924e+16	1.35e-09	7.02e-06	4.40e-03	1.04e-01	3.45e-01	5.46e-01	0.00e+00	0.00e+00
 1.18712e+16	1.68e-09	8.45e-06	5.12e-03	1.14e-01	3.56e-01	5.25e-01	0.00e+00	0.00e+00
 1.21875e+16	2.17e-09	1.05e-05	6.10e-03	1.26e-01	3.68e-01	4.99e-01	0.00e+00	0.00e+00
 1.25203e+16	2.77e-09	1.29e-05	7.23e-03	1.40e-01	3.79e-01	4.74e-01	0.00e+00	0.00e+00
 1.28075e+16	3.41e-09	1.55e-05	8.37e-03	1.52e-01	3.88e-01	4.51e-01	0.00e+00	0.00e+00
 1.30738e+16	4.16e-09	1.83e-05	9.58e-03	1.64e-01	3.96e-01	4.30e-01	0.00e+00	0.00e+00
 1.33800e+16	5.26e-09	2.23e-05	1.12e-02	1.79e-01	4.04e-01	4.06e-01	0.00e+00	0.00e+00
 1.37125e+16	6.71e-09	2.73e-05	1.32e-02	1.96e-01	4.11e-01	3.79e-01	0.00e+00	0.00e+00
 1.40103e+16	8.24e-09	3.25e-05	1.52e-02	2.11e-01	4.16e-01	3.57e-01	0.00e+00	0.00e+00
 1.42791e+16	9.98e-09	3.82e-05	1.74e-02	2.26e-01	4.20e-01	3.36e-01	0.00e+00	0.00e+00
 1.45357e+16	1.20e-08	4.46e-05	1.96e-02	2.41e-01	4.22e-01	3.17e-01	0.00e+00	0.00e+00
 1.48260e+16	1.51e-08	5.38e-05	2.27e-02	2.59e-01	4.24e-01	2.94e-01	0.00e+00	0.00e+00
 1.51287e+16	1.85e-08	6.39e-05	2.62e-02	2.78e-01	4.24e-01	2.72e-01	0.00e+00	0.00e+00
 1.53860e+16	2.23e-08	7.46e-05	2.96e-02	2.95e-01	4.22e-01	2.53e-01	0.00e+00	0.00e+00
 1.56219e+16	2.68e-08	8.66e-05	3.32e-02	3.11e-01	4.20e-01	2.36e-01	0.00e+00	0.00e+00
 1.58557e+16	3.17e-08	9.95e-05	3.71e-02	3.26e-01	4.16e-01	2.20e-01	0.00e+00	0.00e+00
 1.61238e+16	3.98e-08	1.20e-04	4.25e-02	3.46e-01	4.11e-01	2.00e-01	0.00e+00	0.00e+00
 1.63966e+16	4.82e-08	1.40e-04	4.83e-02	3.65e-01	4.04e-01	1.83e-01	0.00e+00	0.00e+00
 1.66217e+16	5.75e-08	1.62e-04	5.39e-02	3.81e-01	3.96e-01	1.68e-01	0.00e+00	0.00e+00
 1.68279e+16	6.81e-08	1.85e-04	5.98e-02	3.97e-01	3.89e-01	1.55e-01	0.00e+00	0.00e+00
 1.70627e+16	8.07e-08	2.13e-04	6.71e-02	4.14e-01	3.78e-01	1.40e-01	0.00e+00	0.00e+00
 1.73148e+16	1.03e-07	2.58e-04	7.65e-02	4.33e-01	3.66e-01	1.25e-01	0.00e+00	0.00e+00
 1.75248e+16	1.23e-07	2.98e-04	8.52e-02	4.48e-01	3.54e-01	1.12e-01	0.00e+00	0.00e+00
 1.76993e+16	1.45e-07	3.38e-04	9.34e-02	4.61e-01	3.43e-01	1.03e-01	0.00e+00	0.00e+00
 1.78924e+16	1.68e-07	3.82e-04	1.03e-01	4.75e-01	3.29e-01	9.22e-02	0.00e+00	0.00e+00
 1.81066e+16	2.04e-07	4.46e-04	1.15e-01	4.89e-01	3.14e-01	8.11e-02	0.00e+00	0.00e+00
 1.82967e+16	2.63e-07	5.38e-04	1.29e-01	5.02e-01	2.98e-01	7.04e-02	0.00e+00	0.00e+00
 1.84463e+16	3.00e-07	5.97e-04	1.40e-01	5.11e-01	2.85e-01	6.37e-02	0.00e+00	0.00e+00
 1.85946e+16	3.41e-07	6.63e-04	1.51e-01	5.20e-01	2.71e-01	5.70e-02	0.00e+00	0.00e+00
 1.87873e+16	4.15e-07	7.73e-04	1.68e-01	5.30e-01	2.52e-01	4.86e-02	0.00e+00	0.00e+00
 1.89766e+16	5.12e-07	9.07e-04	1.87e-01	5.38e-01	2.33e-01	4.09e-02	0.00e+00	0.00e+00
 1.91127e+16	6.35e-07	1.06e-03	2.03e-01	5.43e-01	2.18e-01	3.50e-02	0.00e+00	0.00e+00
 1.92094e+16	7.17e-07	1.16e-03	2.15e-01	5.46e-01	2.07e-01	3.15e-02	0.00e+00	0.00e+00
 1.93037e+16	7.88e-07	1.25e-03	2.26e-01	5.48e-01	1.96e-01	2.82e-02	0.00e+00	0.00e+00
 1.94262e+16	9.14e-07	1.40e-03	2.43e-01	5.50e-01	1.81e-01	2.42e-02	0.00e+00	0.00e+00
 1.95419e+16	1.06e-06	1.57e-03	2.59e-01	5.51e-01	1.68e-01	2.07e-02	0.00e+00	0.00e+00
 1.96188e+16	1.23e-06	1.75e-03	2.72e-01	5.50e-01	1.58e-01	1.82e-02	0.00e+00	0.00e+00
 1.96724e+16	1.34e-06	1.85e-03	2.81e-01	5.49e-01	1.51e-01	1.67e-02	0.00e+00	0.00e+00
 1.97256e+16	1.44e-06	1.96e-03	2.90e-01	5.49e-01	1.44e-01	1.53e-02	0.00e+00	0.00e+00
 1.97947e+16	1.62e-06	2.13e-03	3.02e-01	5.47e-01	1.36e-01	1.35e-02	0.00e+00	0.00e+00
 1.98693e+16	1.74e-06	2.25e-03	3.13e-01	5.45e-01	1.27e-01	1.20e-02	0.00e+00	0.00e+00
 1.99509e+16	1.96e-06	2.46e-03	3.28e-01	5.43e-01	1.17e-01	1.02e-02	0.00e+00	0.00e+00
 2.00335e+16	2.23e-06	2.70e-03	3.43e-01	5.39e-01	1.07e-01	8.64e-03	0.00e+00	0.00e+00
 2.00974e+16	2.56e-06	2.97e-03	3.56e-01	5.34e-01	9.90e-02	7.41e-03	0.00e+00	0.00e+00
 2.01465e+16	2.77e-06	3.15e-03	3.66e-01	5.31e-01	9.34e-02	6.62e-03	0.00e+00	0.00e+00
 2.01962e+16	2.96e-06	3.31e-03	3.75e-01	5.28e-01	8.77e-02	5.90e-03	0.00e+00	0.00e+00
 2.02608e+16	3.28e-06	3.57e-03	3.88e-01	5.23e-01	8.04e-02	5.01e-03	0.00e+00	0.00e+00
 2.03314e+16	3.70e-06	3.89e-03	4.02e-01	5.17e-01	7.28e-02	4.15e-03	0.00e+00	0.00e+00
 2.03940e+16	4.25e-06	4.28e-03	4.17e-01	5.10e-01	6.60e-02	3.43e-03	0.00e+00	0.00e+00
 2.04450e+16	4.64e-06	4.56e-03	4.27e-01	5.04e-01	6.10e-02	2.96e-03	0.00e+00	0.00e+00
 2.04972e+16	5.01e-06	4.82e-03	4.37e-01	4.99e-01	5.60e-02	2.53e-03	0.00e+00	0.00e+00
 2.05651e+16	5.84e-06	5.36e-03	4.53e-01	4.90e-01	4.95e-02	2.00e-03	0.00e+00	0.00e+00
 2.06324e+16	6.58e-06	5.84e-03	4.67e-01	4.82e-01	4.39e-02	1.60e-03	0.00e+00	0.00e+00
 2.06886e+16	7.28e-06	6.27e-03	4.79e-01	4.74e-01	3.96e-02	1.31e-03	0.00e+00	0.00e+00
 2.07513e+16	8.24e-06	6.84e-03	4.92e-01	4.65e-01	3.49e-02	1.04e-03	0.00e+00	0.00e+00
 2.08215e+16	9.40e-06	7.51e-03	5.07e-01	4.55e-01	3.02e-02	7.93e-04	0.00e+00	0.00e+00
 2.08894e+16	1.06e-05	8.19e-03	5.20e-01	4.45e-01	2.63e-02	6.09e-04	0.00e+00	0.00e+00
 2.09653e+16	1.23e-05	9.08e-03	5.35e-01	4.33e-01	2.22e-02	4.45e-04	0.00e+00	0.00e+00
 2.10484e+16	1.44e-05	1.01e-02	5.52e-01	4.19e-01	1.85e-02	3.15e-04	0.00e+00	0.00e+00
 2.11258e+16	1.67e-05	1.12e-02	5.66e-01	4.07e-01	1.55e-02	2.27e-04	0.00e+00	0.00e+00
 2.11875e+16	1.88e-05	1.21e-02	5.77e-01	3.97e-01	1.35e-02	1.75e-04	0.00e+00	0.00e+00
 2.12343e+16	2.05e-05	1.29e-02	5.86e-01	3.89e-01	1.21e-02	1.43e-04	0.00e+00	0.00e+00
 2.12855e+16	2.26e-05	1.38e-02	5.95e-01	3.80e-01	1.07e-02	1.13e-04	0.00e+00	0.00e+00
 2.13521e+16	2.56e-05	1.50e-02	6.07e-01	3.69e-01	9.11e-03	8.39e-05	0.00e+00	0.00e+00
 2.14233e+16	2.92e-05	1.65e-02	6.19e-01	3.57e-01	7.70e-03	6.13e-05	0.00e+00	0.00e+00
 2.14862e+16	3.29e-05	1.79e-02	6.29e-01	3.46e-01	6.64e-03	4.64e-05	0.00e+00	0.00e+00
 2.15539e+16	3.73e-05	1.95e-02	6.40e-01	3.34e-01	5.63e-03	3.41e-05	0.00e+00	0.00e+00
 2.16277e+16	4.29e-05	2.15e-02	6.52e-01	3.22e-01	4.72e-03	2.45e-05	0.00e+00	0.00e+00
 2.16936e+16	4.86e-05	2.34e-02	6.62e-01	3.10e-01	4.04e-03	1.83e-05	0.00e+00	0.00e+00
 2.17531e+16	5.43e-05	2.52e-02	6.71e-01	3.00e-01	3.50e-03	1.41e-05	0.00e+00	0.00e+00
 2.18201e+16	6.19e-05	2.75e-02	6.81e-01	2.89e-01	2.97e-03	1.04e-05	0.00e+00	0.00e+00
 2.18929e+16	7.14e-05	3.03e-02	6.91e-01	2.76e-01	2.49e-03	7.49e-06	0.00e+00	0.00e+00
 2.19579e+16	8.11e-05	3.31e-02	7.00e-01	2.65e-01	2.13e-03	5.62e-06	0.00e+00	0.00e+00
 2.20170e+16	9.11e-05	3.58e-02	7.08e-01	2.54e-01	1.84e-03	4.32e-06	0.00e+00	0.00e+00
 2.20836e+16	1.04e-04	3.92e-02	7.16e-01	2.43e-01	1.56e-03	3.18e-06	0.00e+00	0.00e+00
 2.21557e+16	1.21e-04	4.34e-02	7.25e-01	2.30e-01	1.30e-03	2.30e-06	0.00e+00	0.00e+00
 2.22187e+16	1.38e-04	4.74e-02	7.32e-01	2.19e-01	1.11e-03	1.74e-06	0.00e+00	0.00e+00
 2.22749e+16	1.56e-04	5.14e-02	7.38e-01	2.09e-01	9.61e-04	1.34e-06	0.00e+00	0.00e+00
 2.23385e+16	1.78e-04	5.64e-02	7.45e-01	1.98e-01	8.12e-04	9.96e-07	0.00e+00	0.00e+00
 2.24077e+16	2.08e-04	6.25e-02	7.51e-01	1.86e-01	6.78e-04	0.00e+00	0.00e+00	0.00e+00
 2.24686e+16	2.39e-04	6.87e-02	7.55e-01	1.75e-01	5.75e-04	0.00e+00	0.00e+00	0.00e+00
 2.25204e+16	2.71e-04	7.45e-02	7.59e-01	1.66e-01	4.99e-04	0.00e+00	0.00e+00	0.00e+00
 2.25763e+16	3.08e-04	8.13e-02	7.62e-01	1.56e-01	4.25e-04	0.00e+00	0.00e+00	0.00e+00
 2.26384e+16	3.59e-04	9.00e-02	7.64e-01	1.46e-01	3.55e-04	0.00e+00	0.00e+00	0.00e+00
 2.26946e+16	4.14e-04	9.88e-02	7.64e-01	1.36e-01	3.00e-04	0.00e+00	0.00e+00	0.00e+00
 2.27440e+16	4.70e-04	1.08e-01	7.64e-01	1.28e-01	2.58e-04	0.00e+00	0.00e+00	0.00e+00
 2.27984e+16	5.41e-04	1.18e-01	7.63e-01	1.19e-01	2.17e-04	0.00e+00	0.00e+00	0.00e+00
 2.28584e+16	6.35e-04	1.31e-01	7.59e-01	1.08e-01	1.78e-04	0.00e+00	0.00e+00	0.00e+00
 2.29108e+16	7.38e-04	1.45e-01	7.55e-01	9.98e-02	1.49e-04	0.00e+00	0.00e+00	0.00e+00
 2.29548e+16	8.38e-04	1.57e-01	7.49e-01	9.26e-02	1.28e-04	0.00e+00	0.00e+00	0.00e+00
 2.30028e+16	9.62e-04	1.72e-01	7.42e-01	8.51e-02	1.07e-04	0.00e+00	0.00e+00	0.00e+00
 2.30651e+16	1.15e-03	1.93e-01	7.30e-01	7.55e-02	8.42e-05	0.00e+00	0.00e+00	0.00e+00
 2.31267e+16	1.40e-03	2.19e-01	7.14e-01	6.60e-02	6.52e-05	0.00e+00	0.00e+00	0.00e+00
 2.31717e+16	1.63e-03	2.40e-01	6.99e-01	5.93e-02	5.36e-05	0.00e+00	0.00e+00	0.00e+00
 2.32087e+16	1.84e-03	2.59e-01	6.85e-01	5.40e-02	4.53e-05	0.00e+00	0.00e+00	0.00e+00
 2.32512e+16	2.11e-03	2.83e-01	6.67e-01	4.82e-02	3.69e-05	0.00e+00	0.00e+00	0.00e+00
 2.33063e+16	2.54e-03	3.16e-01	6.40e-01	4.10e-02	2.79e-05	0.00e+00	0.00e+00	0.00e+00
 2.33646e+16	3.14e-03	3.58e-01	6.05e-01	3.38e-02	2.01e-05	0.00e+00	0.00e+00	0.00e+00
 2.34126e+16	3.76e-03	3.98e-01	5.70e-01	2.81e-02	1.50e-05	0.00e+00	0.00e+00	0.00e+00
 2.34524e+16	4.37e-03	4.34e-01	5.38e-01	2.38e-02	1.15e-05	0.00e+00	0.00e+00	0.00e+00
 2.34956e+16	5.15e-03	4.74e-01	5.01e-01	1.95e-02	8.45e-06	0.00e+00	0.00e+00	0.00e+00
 2.35441e+16	6.23e-03	5.24e-01	4.55e-01	1.52e-02	5.77e-06	0.00e+00	0.00e+00	0.00e+00
 2.35861e+16	7.41e-03	5.72e-01	4.09e-01	1.18e-02	3.96e-06	0.00e+00	0.00e+00	0.00e+00
 2.36180e+16	8.47e-03	6.10e-01	3.72e-01	9.51e-03	2.92e-06	0.00e+00	0.00e+00	0.00e+00
 2.36502e+16	9.64e-03	6.47e-01	3.36e-01	7.53e-03	2.09e-06	0.00e+00	0.00e+00	0.00e+00
 2.36864e+16	1.12e-02	6.90e-01	2.93e-01	5.62e-03	1.38e-06	0.00e+00	0.00e+00	0.00e+00
 2.37190e+16	1.30e-02	7.29e-01	2.54e-01	4.17e-03	9.15e-07	0.00e+00	0.00e+00	0.00e+00
 2.37456e+16	1.46e-02	7.60e-01	2.22e-01	3.19e-03	0.00e+00	0.00e+00	0.00e+00	0.00e+00
 2.37734e+16	1.65e-02	7.89e-01	1.92e-01	2.37e-03	0.00e+00	0.00e+00	0.00e+00	0.00e+00
 2.38040e+16	1.89e-02	8.20e-01	1.59e-01	1.65e-03	0.00e+00	0.00e+00	0.00e+00	0.00e+00
 2.38307e+16	2.15e-02	8.46e-01	1.32e-01	1.15e-03	0.00e+00	0.00e+00	0.00e+00	0.00e+00
 2.38523e+16	2.38e-02	8.64e-01	1.12e-01	8.43e-04	0.00e+00	0.00e+00	0.00e+00	0.00e+00
 2.38750e+16	2.65e-02	8.80e-01	9.27e-02	5.96e-04	0.00e+00	0.00e+00	0.00e+00	0.00e+00
 2.39002e+16	2.99e-02	8.96e-01	7.40e-02	3.92e-04	0.00e+00	0.00e+00	0.00e+00	0.00e+00
 2.39225e+16	3.35e-02	9.07e-01	5.91e-02	2.60e-04	0.00e+00	0.00e+00	0.00e+00	0.00e+00
 2.39411e+16	3.70e-02	9.14e-01	4.85e-02	1.82e-04	0.00e+00	0.00e+00	0.00e+00	0.00e+00
 2.39606e+16	4.08e-02	9.20e-01	3.90e-02	1.22e-04	0.00e+00	0.00e+00	0.00e+00	0.00e+00
 2.39815e+16	4.59e-02	9.24e-01	3.03e-02	7.74e-05	0.00e+00	0.00e+00	0.00e+00	0.00e+00
 2.39991e+16	5.07e-02	9.25e-01	2.40e-02	5.10e-05	0.00e+00	0.00e+00	0.00e+00	0.00e+00
 2.40138e+16	5.50e-02	9.25e-01	1.96e-02	3.55e-05	0.00e+00	0.00e+00	0.00e+00	0.00e+00
 2.40291e+16	6.00e-02	9.24e-01	1.57e-02	2.40e-05	0.00e+00	0.00e+00	0.00e+00	0.00e+00
 2.40456e+16	6.59e-02	9.22e-01	1.23e-02	1.55e-05	0.00e+00	0.00e+00	0.00e+00	0.00e+00
 2.40603e+16	7.17e-02	9.19e-01	9.74e-03	1.02e-05	0.00e+00	0.00e+00	0.00e+00	0.00e+00
 2.40731e+16	7.75e-02	9.15e-01	7.89e-03	7.02e-06	0.00e+00	0.00e+00	0.00e+00	0.00e+00
 2.40846e+16	8.29e-02	9.11e-01	6.48e-03	4.95e-06	0.00e+00	0.00e+00	0.00e+00	0.00e+00
 2.40954e+16	8.84e-02	9.06e-01	5.36e-03	3.54e-06	0.00e+00	0.00e+00	0.00e+00	0.00e+00
 2.41057e+16	9.39e-02	9.02e-01	4.46e-03	2.55e-06	0.00e+00	0.00e+00	0.00e+00	0.00e+00
 2.41152e+16	9.91e-02	8.97e-01	3.75e-03	1.87e-06	0.00e+00	0.00e+00	0.00e+00	0.00e+00
 2.41223e+16	1.03e-01	8.94e-01	3.29e-03	1.49e-06	0.00e+00	0.00e+00	0.00e+00	0.00e+00
 2.41268e+16	1.06e-01	8.91e-01	3.02e-03	1.28e-06	0.00e+00	0.00e+00	0.00e+00	0.00e+00
 2.41310e+16	1.08e-01	8.89e-01	2.79e-03	1.11e-06	0.00e+00	0.00e+00	0.00e+00	0.00e+00
 2.41361e+16	1.12e-01	8.86e-01	2.53e-03	9.34e-07	0.00e+00	0.00e+00	0.00e+00	0.00e+00
 2.41417e+16	1.15e-01	8.82e-01	2.27e-03	0.00e+00	0.00e+00	0.00e+00	0.00e+00	0.00e+00
 2.41472e+16	1.19e-01	8.79e-01	2.04e-03	0.00e+00	0.00e+00	0.00e+00	0.00e+00	0.00e+00
 2.41522e+16	1.22e-01	8.76e-01	1.85e-03	0.00e+00	0.00e+00	0.00e+00	0.00e+00	0.00e+00
 2.41570e+16	1.26e-01	8.73e-01	1.68e-03	0.00e+00	0.00e+00	0.00e+00	0.00e+00	0.00e+00
 2.41620e+16	1.29e-01	8.69e-01	1.52e-03	0.00e+00	0.00e+00	0.00e+00	0.00e+00	0.00e+00
 2.41670e+16	1.33e-01	8.66e-01	1.37e-03	0.00e+00	0.00e+00	0.00e+00	0.00e+00	0.00e+00
 2.41721e+16	1.37e-01	8.62e-01	1.23e-03	0.00e+00	0.00e+00	0.00e+00	0.00e+00	0.00e+00
 2.41770e+16	1.40e-01	8.58e-01	1.12e-03	0.00e+00	0.00e+00	0.00e+00	0.00e+00	0.00e+00
 2.41818e+16	1.44e-01	8.55e-01	1.01e-03	0.00e+00	0.00e+00	0.00e+00	0.00e+00	0.00e+00
 2.41867e+16	1.48e-01	8.51e-01	9.11e-04	0.00e+00	0.00e+00	0.00e+00	0.00e+00	0.00e+00
 2.41916e+16	1.52e-01	8.47e-01	8.22e-04	0.00e+00	0.00e+00	0.00e+00	0.00e+00	0.00e+00
 2.41964e+16	1.56e-01	8.43e-01	7.42e-04	0.00e+00	0.00e+00	0.00e+00	0.00e+00	0.00e+00
 2.42013e+16	1.60e-01	8.39e-01	6.69e-04	0.00e+00	0.00e+00	0.00e+00	0.00e+00	0.00e+00
 2.42061e+16	1.65e-01	8.35e-01	6.04e-04	0.00e+00	0.00e+00	0.00e+00	0.00e+00	0.00e+00
 2.42109e+16	1.69e-01	8.30e-01	5.45e-04	0.00e+00	0.00e+00	0.00e+00	0.00e+00	0.00e+00
 2.42158e+16	1.74e-01	8.26e-01	4.91e-04	0.00e+00	0.00e+00	0.00e+00	0.00e+00	0.00e+00
 2.42206e+16	1.78e-01	8.21e-01	4.42e-04	0.00e+00	0.00e+00	0.00e+00	0.00e+00	0.00e+00
 2.42255e+16	1.83e-01	8.16e-01	3.99e-04	0.00e+00	0.00e+00	0.00e+00	0.00e+00	0.00e+00
 2.42303e+16	1.89e-01	8.11e-01	3.58e-04	0.00e+00	0.00e+00	0.00e+00	0.00e+00	0.00e+00
 2.42353e+16	1.94e-01	8.06e-01	3.22e-04	0.00e+00	0.00e+00	0.00e+00	0.00e+00	0.00e+00
 2.42402e+16	1.99e-01	8.01e-01	2.90e-04	0.00e+00	0.00e+00	0.00e+00	0.00e+00	0.00e+00
 2.42452e+16	2.05e-01	7.95e-01	2.61e-04	0.00e+00	0.00e+00	0.00e+00	0.00e+00	0.00e+00
 2.42502e+16	2.11e-01	7.89e-01	2.34e-04	0.00e+00	0.00e+00	0.00e+00	0.00e+00	0.00e+00
 2.42552e+16	2.17e-01	7.83e-01	2.10e-04	0.00e+00	0.00e+00	0.00e+00	0.00e+00	0.00e+00
 2.42603e+16	2.23e-01	7.76e-01	1.89e-04	0.00e+00	0.00e+00	0.00e+00	0.00e+00	0.00e+00
 2.42653e+16	2.30e-01	7.70e-01	1.71e-04	0.00e+00	0.00e+00	0.00e+00	0.00e+00	0.00e+00
 2.42703e+16	2.37e-01	7.63e-01	1.54e-04	0.00e+00	0.00e+00	0.00e+00	0.00e+00	0.00e+00
 2.42754e+16	2.44e-01	7.56e-01	1.39e-04	0.00e+00	0.00e+00	0.00e+00	0.00e+00	0.00e+00
 2.42805e+16	2.52e-01	7.48e-01	1.25e-04	0.00e+00	0.00e+00	0.00e+00	0.00e+00	0.00e+00
 2.42858e+16	2.60e-01	7.40e-01	1.13e-04	0.00e+00	0.00e+00	0.00e+00	0.00e+00	0.00e+00
 2.42911e+16	2.69e-01	7.31e-01	1.03e-04	0.00e+00	0.00e+00	0.00e+00	0.00e+00	0.00e+00
 2.42966e+16	2.78e-01	7.22e-01	9.27e-05	0.00e+00	0.00e+00	0.00e+00	0.00e+00	0.00e+00
 2.43023e+16	2.87e-01	7.13e-01	8.39e-05	0.00e+00	0.00e+00	0.00e+00	0.00e+00	0.00e+00
 2.43082e+16	2.97e-01	7.03e-01	7.61e-05	0.00e+00	0.00e+00	0.00e+00	0.00e+00	0.00e+00
 2.43144e+16	3.09e-01	6.91e-01	6.88e-05	0.00e+00	0.00e+00	0.00e+00	0.00e+00	0.00e+00
 2.43209e+16	3.20e-01	6.80e-01	6.24e-05	0.00e+00	0.00e+00	0.00e+00	0.00e+00	0.00e+00
 2.43277e+16	3.33e-01	6.67e-01	5.66e-05	0.00e+00	0.00e+00	0.00e+00	0.00e+00	0.00e+00
 2.43352e+16	3.46e-01	6.54e-01	5.13e-05	0.00e+00	0.00e+00	0.00e+00	0.00e+00	0.00e+00
 2.43435e+16	3.58e-01	6.42e-01	4.67e-05	0.00e+00	0.00e+00	0.00e+00	0.00e+00	0.00e+00
 2.43528e+16	3.73e-01	6.27e-01	4.24e-05	0.00e+00	0.00e+00	0.00e+00	0.00e+00	0.00e+00
 2.43633e+16	3.88e-01	6.12e-01	3.85e-05	0.00e+00	0.00e+00	0.00e+00	0.00e+00	0.00e+00
 2.43749e+16	4.04e-01	5.96e-01	3.53e-05	0.00e+00	0.00e+00	0.00e+00	0.00e+00	0.00e+00
