#depth	O	O+	O+2	O+3	O+4	O+5	O+6	O+7	O+8	O[1]	O[2]	O[3]
 1.49634e+10	0.00e+00	2.71e-46	1.16e-35	6.12e-26	4.74e-17	4.96e-09	1.00e+00	1.60e-06	4.19e-16	0.00e+00	0.00e+00	0.00e+00
 4.54887e+10	0.00e+00	0.00e+00	1.60e-35	7.76e-26	5.55e-17	5.37e-09	1.00e+00	1.48e-06	0.00e+00	0.00e+00	0.00e+00	0.00e+00
 7.72350e+10	0.00e+00	5.96e-46	2.19e-35	9.83e-26	6.51e-17	5.82e-09	1.00e+00	1.36e-06	0.00e+00	0.00e+00	0.00e+00	0.00e+00
 1.10251e+11	0.00e+00	0.00e+00	3.00e-35	1.25e-25	7.62e-17	6.30e-09	1.00e+00	1.26e-06	0.00e+00	0.00e+00	0.00e+00	0.00e+00
 1.44588e+11	0.00e+00	1.31e-45	4.12e-35	1.58e-25	8.93e-17	6.81e-09	1.00e+00	1.16e-06	0.00e+00	0.00e+00	0.00e+00	0.00e+00
 1.80298e+11	0.00e+00	0.00e+00	5.65e-35	2.00e-25	1.05e-16	7.38e-09	1.00e+00	1.07e-06	0.00e+00	0.00e+00	0.00e+00	0.00e+00
 2.17437e+11	0.00e+00	2.89e-45	7.75e-35	2.54e-25	1.23e-16	7.99e-09	1.00e+00	9.86e-07	0.00e+00	0.00e+00	0.00e+00	0.00e+00
 2.56061e+11	0.00e+00	0.00e+00	1.06e-34	3.22e-25	1.44e-16	8.65e-09	1.00e+00	0.00e+00	0.00e+00	0.00e+00	0.00e+00	0.00e+00
 2.96231e+11	0.00e+00	6.38e-45	1.46e-34	4.09e-25	1.69e-16	9.37e-09	1.00e+00	0.00e+00	0.00e+00	0.00e+00	0.00e+00	0.00e+00
 3.38007e+11	0.00e+00	0.00e+00	2.01e-34	5.19e-25	1.98e-16	1.01e-08	1.00e+00	0.00e+00	0.00e+00	0.00e+00	0.00e+00	0.00e+00
 3.81454e+11	0.00e+00	1.41e-44	2.75e-34	6.58e-25	2.32e-16	1.10e-08	1.00e+00	0.00e+00	0.00e+00	0.00e+00	0.00e+00	0.00e+00
 4.23795e+11	0.00e+00	0.00e+00	3.71e-34	8.24e-25	2.69e-16	1.18e-08	1.00e+00	0.00e+00	0.00e+00	0.00e+00	0.00e+00	0.00e+00
 4.63973e+11	0.00e+00	2.87e-44	4.87e-34	1.01e-24	3.09e-16	1.27e-08	1.00e+00	0.00e+00	0.00e+00	0.00e+00	0.00e+00	0.00e+00
 5.08601e+11	0.00e+00	0.00e+00	6.53e-34	1.26e-24	3.58e-16	1.37e-08	1.00e+00	0.00e+00	0.00e+00	0.00e+00	0.00e+00	0.00e+00
 5.57334e+11	0.00e+00	6.09e-44	8.90e-34	1.59e-24	4.18e-16	1.48e-08	1.00e+00	0.00e+00	0.00e+00	0.00e+00	0.00e+00	0.00e+00
 6.04198e+11	0.00e+00	0.00e+00	1.18e-33	1.97e-24	4.83e-16	1.59e-08	1.00e+00	0.00e+00	0.00e+00	0.00e+00	0.00e+00	0.00e+00
 6.54475e+11	0.00e+00	1.26e-43	1.59e-33	2.47e-24	5.60e-16	1.71e-08	1.00e+00	0.00e+00	0.00e+00	0.00e+00	0.00e+00	0.00e+00
 7.10581e+11	0.00e+00	0.00e+00	2.19e-33	3.14e-24	6.58e-16	1.85e-08	1.00e+00	0.00e+00	0.00e+00	0.00e+00	0.00e+00	0.00e+00
 7.67052e+11	0.00e+00	2.77e-43	2.99e-33	3.96e-24	7.69e-16	2.00e-08	1.00e+00	0.00e+00	0.00e+00	0.00e+00	0.00e+00	0.00e+00
 8.25782e+11	0.00e+00	0.00e+00	4.08e-33	5.00e-24	8.99e-16	2.17e-08	1.00e+00	0.00e+00	0.00e+00	0.00e+00	0.00e+00	0.00e+00
 8.88740e+11	0.00e+00	6.07e-43	5.62e-33	6.36e-24	1.06e-15	2.35e-08	1.00e+00	0.00e+00	0.00e+00	0.00e+00	0.00e+00	0.00e+00
 9.54217e+11	0.00e+00	0.00e+00	7.74e-33	8.10e-24	1.24e-15	2.55e-08	1.00e+00	0.00e+00	0.00e+00	0.00e+00	0.00e+00	0.00e+00
 1.02231e+12	0.00e+00	1.35e-42	1.07e-32	1.03e-23	1.46e-15	2.77e-08	1.00e+00	0.00e+00	0.00e+00	0.00e+00	0.00e+00	0.00e+00
 1.09313e+12	0.00e+00	0.00e+00	1.47e-32	1.31e-23	1.72e-15	3.00e-08	1.00e+00	0.00e+00	0.00e+00	0.00e+00	0.00e+00	0.00e+00
 1.16678e+12	0.00e+00	3.02e-42	2.03e-32	1.68e-23	2.02e-15	3.26e-08	1.00e+00	0.00e+00	0.00e+00	0.00e+00	0.00e+00	0.00e+00
 1.24338e+12	0.00e+00	0.00e+00	2.81e-32	2.14e-23	2.38e-15	3.54e-08	1.00e+00	0.00e+00	0.00e+00	0.00e+00	0.00e+00	0.00e+00
 1.32304e+12	0.00e+00	6.76e-42	3.88e-32	2.73e-23	2.81e-15	3.84e-08	1.00e+00	0.00e+00	0.00e+00	0.00e+00	0.00e+00	0.00e+00
 1.40589e+12	0.00e+00	0.00e+00	5.36e-32	3.48e-23	3.31e-15	4.17e-08	1.00e+00	0.00e+00	0.00e+00	0.00e+00	0.00e+00	0.00e+00
 1.48398e+12	0.00e+00	1.46e-41	7.19e-32	4.35e-23	3.84e-15	4.50e-08	1.00e+00	0.00e+00	0.00e+00	0.00e+00	0.00e+00	0.00e+00
 1.55411e+12	0.00e+00	0.00e+00	9.28e-32	5.27e-23	4.38e-15	4.80e-08	1.00e+00	0.00e+00	0.00e+00	0.00e+00	0.00e+00	0.00e+00
 1.63294e+12	0.00e+00	2.84e-41	1.23e-31	6.52e-23	5.05e-15	5.16e-08	1.00e+00	0.00e+00	0.00e+00	0.00e+00	0.00e+00	0.00e+00
 1.72601e+12	0.00e+00	0.00e+00	1.69e-31	8.29e-23	5.94e-15	5.60e-08	1.00e+00	0.00e+00	0.00e+00	0.00e+00	0.00e+00	0.00e+00
 1.81896e+12	0.00e+00	6.20e-41	2.30e-31	1.05e-22	6.94e-15	6.06e-08	1.00e+00	0.00e+00	0.00e+00	0.00e+00	0.00e+00	0.00e+00
 1.90663e+12	0.00e+00	0.00e+00	3.04e-31	1.29e-22	8.00e-15	6.51e-08	1.00e+00	0.00e+00	0.00e+00	0.00e+00	0.00e+00	0.00e+00
 2.00381e+12	0.00e+00	1.28e-40	4.10e-31	1.62e-22	9.33e-15	7.04e-08	1.00e+00	0.00e+00	0.00e+00	0.00e+00	0.00e+00	0.00e+00
 2.11389e+12	0.00e+00	0.00e+00	5.69e-31	2.08e-22	1.10e-14	7.66e-08	1.00e+00	0.00e+00	0.00e+00	0.00e+00	0.00e+00	0.00e+00
 2.22405e+12	0.00e+00	2.85e-40	7.81e-31	2.64e-22	1.30e-14	8.32e-08	1.00e+00	0.00e+00	0.00e+00	0.00e+00	0.00e+00	0.00e+00
 2.33862e+12	0.00e+00	0.00e+00	1.07e-30	3.36e-22	1.53e-14	9.03e-08	1.00e+00	0.00e+00	0.00e+00	0.00e+00	0.00e+00	0.00e+00
 2.46209e+12	0.00e+00	6.36e-40	1.49e-30	4.32e-22	1.81e-14	9.85e-08	1.00e+00	0.00e+00	0.00e+00	0.00e+00	0.00e+00	0.00e+00
 2.57793e+12	0.00e+00	0.00e+00	2.01e-30	5.42e-22	2.11e-14	1.06e-07	1.00e+00	0.00e+00	0.00e+00	0.00e+00	0.00e+00	0.00e+00
 2.68138e+12	0.00e+00	1.27e-39	2.60e-30	6.59e-22	2.41e-14	1.14e-07	1.00e+00	0.00e+00	0.00e+00	0.00e+00	0.00e+00	0.00e+00
 2.79766e+12	0.00e+00	0.00e+00	3.45e-30	8.17e-22	2.80e-14	1.23e-07	1.00e+00	0.00e+00	0.00e+00	0.00e+00	0.00e+00	0.00e+00
 2.93561e+12	0.00e+00	2.69e-39	4.76e-30	1.04e-21	3.30e-14	1.33e-07	1.00e+00	0.00e+00	0.00e+00	0.00e+00	0.00e+00	0.00e+00
 3.07406e+12	0.00e+00	0.00e+00	6.52e-30	1.33e-21	3.89e-14	1.45e-07	1.00e+00	0.00e+00	0.00e+00	0.00e+00	0.00e+00	0.00e+00
 3.20318e+12	0.00e+00	5.63e-39	8.65e-30	1.64e-21	4.51e-14	1.56e-07	1.00e+00	0.00e+00	0.00e+00	0.00e+00	0.00e+00	0.00e+00
 3.34637e+12	0.00e+00	0.00e+00	1.17e-29	2.07e-21	5.27e-14	1.70e-07	1.00e+00	0.00e+00	0.00e+00	0.00e+00	0.00e+00	0.00e+00
 3.51015e+12	0.00e+00	1.24e-38	1.63e-29	2.67e-21	6.28e-14	1.85e-07	1.00e+00	0.00e+00	0.00e+00	0.00e+00	0.00e+00	0.00e+00
 3.67127e+12	0.00e+00	0.00e+00	2.24e-29	3.40e-21	7.42e-14	2.02e-07	1.00e+00	0.00e+00	0.00e+00	0.00e+00	0.00e+00	0.00e+00
 3.83883e+12	0.00e+00	2.71e-38	3.08e-29	4.34e-21	8.77e-14	2.20e-07	1.00e+00	0.00e+00	0.00e+00	0.00e+00	0.00e+00	0.00e+00
 4.02231e+12	0.00e+00	0.00e+00	4.30e-29	5.60e-21	1.04e-13	2.40e-07	1.00e+00	0.00e+00	0.00e+00	0.00e+00	0.00e+00	0.00e+00
 4.20757e+12	0.00e+00	6.11e-38	5.96e-29	7.20e-21	1.24e-13	2.63e-07	1.00e+00	0.00e+00	0.00e+00	0.00e+00	0.00e+00	0.00e+00
 4.40023e+12	0.00e+00	0.00e+00	8.25e-29	9.25e-21	1.48e-13	2.88e-07	1.00e+00	0.00e+00	0.00e+00	0.00e+00	0.00e+00	0.00e+00
 4.60617e+12	0.00e+00	1.38e-37	1.15e-28	1.20e-20	1.77e-13	3.16e-07	1.00e+00	0.00e+00	0.00e+00	0.00e+00	0.00e+00	0.00e+00
 4.81022e+12	0.00e+00	0.00e+00	1.59e-28	1.53e-20	2.10e-13	3.45e-07	1.00e+00	0.00e+00	0.00e+00	0.00e+00	0.00e+00	0.00e+00
 5.02244e+12	0.00e+00	3.02e-37	2.19e-28	1.96e-20	2.49e-13	3.77e-07	1.00e+00	0.00e+00	0.00e+00	0.00e+00	0.00e+00	0.00e+00
 5.25326e+12	0.00e+00	0.00e+00	3.05e-28	2.54e-20	2.99e-13	4.14e-07	1.00e+00	0.00e+00	0.00e+00	0.00e+00	0.00e+00	0.00e+00
 5.49332e+12	0.00e+00	6.86e-37	4.26e-28	3.29e-20	3.58e-13	4.55e-07	1.00e+00	0.00e+00	0.00e+00	0.00e+00	0.00e+00	0.00e+00
 5.74298e+12	0.00e+00	0.00e+00	5.95e-28	4.25e-20	4.30e-13	5.00e-07	1.00e+00	0.00e+00	0.00e+00	0.00e+00	0.00e+00	0.00e+00
 6.00262e+12	0.00e+00	1.55e-36	8.29e-28	5.51e-20	5.16e-13	5.51e-07	1.00e+00	0.00e+00	0.00e+00	0.00e+00	0.00e+00	0.00e+00
 6.27265e+12	7.45e-46	2.31e-36	1.15e-27	7.13e-20	6.19e-13	6.06e-07	1.00e+00	0.00e+00	0.00e+00	0.00e+00	0.00e+00	0.00e+00
 6.51731e+12	0.00e+00	0.00e+00	1.54e-27	8.93e-20	7.27e-13	6.59e-07	1.00e+00	0.00e+00	0.00e+00	0.00e+00	0.00e+00	0.00e+00
 6.72188e+12	0.00e+00	4.36e-36	1.94e-27	1.07e-19	8.27e-13	7.06e-07	1.00e+00	0.00e+00	0.00e+00	0.00e+00	0.00e+00	0.00e+00
 6.94629e+12	2.27e-45	5.89e-36	2.49e-27	1.30e-19	9.50e-13	7.59e-07	1.00e+00	0.00e+00	0.00e+00	0.00e+00	0.00e+00	0.00e+00
 7.22956e+12	0.00e+00	0.00e+00	3.36e-27	1.65e-19	1.12e-12	8.30e-07	1.00e+00	0.00e+00	0.00e+00	0.00e+00	0.00e+00	0.00e+00
 7.52454e+12	0.00e+00	1.22e-35	4.54e-27	2.09e-19	1.33e-12	9.09e-07	1.00e+00	0.00e+00	0.00e+00	0.00e+00	0.00e+00	0.00e+00
 7.77711e+12	7.73e-45	1.65e-35	5.82e-27	2.54e-19	1.53e-12	9.79e-07	1.00e+00	0.00e+00	0.00e+00	0.00e+00	0.00e+00	0.00e+00
 8.03935e+12	0.00e+00	0.00e+00	7.46e-27	3.09e-19	1.77e-12	1.06e-06	1.00e+00	0.00e+00	0.00e+00	0.00e+00	0.00e+00	0.00e+00
 8.36628e+12	0.00e+00	3.19e-35	1.01e-26	3.91e-19	2.09e-12	1.16e-06	1.00e+00	0.00e+00	0.00e+00	0.00e+00	0.00e+00	0.00e+00
 8.69758e+12	2.56e-44	4.52e-35	1.34e-26	4.92e-19	2.47e-12	1.26e-06	1.00e+00	0.00e+00	0.00e+00	0.00e+00	0.00e+00	0.00e+00
 8.98592e+12	0.00e+00	6.04e-35	1.71e-26	5.96e-19	2.84e-12	1.36e-06	1.00e+00	0.00e+00	0.00e+00	0.00e+00	0.00e+00	0.00e+00
 9.29813e+12	5.19e-44	8.20e-35	2.21e-26	7.29e-19	3.28e-12	1.47e-06	1.00e+00	0.00e+00	0.00e+00	0.00e+00	0.00e+00	0.00e+00
 9.67905e+12	0.00e+00	1.17e-34	2.97e-26	9.23e-19	3.89e-12	1.62e-06	1.00e+00	0.00e+00	0.00e+00	0.00e+00	0.00e+00	0.00e+00
 1.00670e+13	1.19e-43	1.66e-34	3.97e-26	1.16e-18	4.60e-12	1.77e-06	1.00e+00	0.00e+00	0.00e+00	0.00e+00	0.00e+00	0.00e+00
 1.04223e+13	0.00e+00	2.25e-34	5.12e-26	1.42e-18	5.33e-12	1.91e-06	1.00e+00	0.00e+00	0.00e+00	0.00e+00	0.00e+00	0.00e+00
 1.08172e+13	2.52e-43	3.12e-34	6.73e-26	1.77e-18	6.23e-12	2.08e-06	1.00e+00	0.00e+00	0.00e+00	0.00e+00	0.00e+00	0.00e+00
 1.12762e+13	0.00e+00	4.49e-34	9.12e-26	2.26e-18	7.42e-12	2.29e-06	1.00e+00	0.00e+00	0.00e+00	0.00e+00	0.00e+00	0.00e+00
 1.17299e+13	5.81e-43	6.33e-34	1.22e-25	2.84e-18	8.76e-12	2.51e-06	1.00e+00	0.00e+00	0.00e+00	0.00e+00	0.00e+00	0.00e+00
 1.21638e+13	0.00e+00	8.69e-34	1.59e-25	3.51e-18	1.02e-11	2.73e-06	1.00e+00	0.00e+00	0.00e+00	0.00e+00	0.00e+00	0.00e+00
 1.26423e+13	1.25e-42	1.22e-33	2.10e-25	4.39e-18	1.20e-11	2.98e-06	1.00e+00	0.00e+00	0.00e+00	0.00e+00	0.00e+00	0.00e+00
 1.31779e+13	0.00e+00	1.74e-33	2.84e-25	5.58e-18	1.42e-11	3.27e-06	1.00e+00	0.00e+00	0.00e+00	0.00e+00	0.00e+00	0.00e+00
 1.37168e+13	2.89e-42	2.47e-33	3.80e-25	7.04e-18	1.68e-11	3.58e-06	1.00e+00	0.00e+00	0.00e+00	0.00e+00	0.00e+00	0.00e+00
 1.42005e+13	0.00e+00	3.33e-33	4.89e-25	8.60e-18	1.94e-11	3.87e-06	1.00e+00	0.00e+00	0.00e+00	0.00e+00	0.00e+00	0.00e+00
 1.46107e+13	5.51e-42	4.27e-33	6.01e-25	1.01e-17	2.18e-11	4.13e-06	1.00e+00	0.00e+00	0.00e+00	0.00e+00	0.00e+00	0.00e+00
 1.50530e+13	0.00e+00	5.53e-33	7.46e-25	1.20e-17	2.47e-11	4.41e-06	1.00e+00	0.00e+00	0.00e+00	0.00e+00	0.00e+00	0.00e+00
 1.56241e+13	1.09e-41	7.64e-33	9.78e-25	1.49e-17	2.88e-11	4.79e-06	1.00e+00	0.00e+00	0.00e+00	0.00e+00	0.00e+00	0.00e+00
 1.62194e+13	0.00e+00	1.06e-32	1.28e-24	1.85e-17	3.36e-11	5.21e-06	1.00e+00	0.00e+00	0.00e+00	0.00e+00	0.00e+00	0.00e+00
 1.67308e+13	2.20e-41	1.38e-32	1.61e-24	2.22e-17	3.81e-11	5.58e-06	1.00e+00	0.00e+00	0.00e+00	0.00e+00	0.00e+00	0.00e+00
 1.72765e+13	0.00e+00	1.83e-32	2.03e-24	2.67e-17	4.34e-11	5.99e-06	1.00e+00	0.00e+00	0.00e+00	0.00e+00	0.00e+00	0.00e+00
 1.79516e+13	4.52e-41	2.55e-32	2.68e-24	3.33e-17	5.08e-11	6.53e-06	1.00e+00	0.00e+00	0.00e+00	0.00e+00	0.00e+00	0.00e+00
 1.86441e+13	0.00e+00	3.55e-32	3.53e-24	4.14e-17	5.92e-11	7.10e-06	1.00e+00	0.00e+00	0.00e+00	0.00e+00	0.00e+00	0.00e+00
 1.92693e+13	9.34e-41	4.74e-32	4.49e-24	5.01e-17	6.77e-11	7.63e-06	1.00e+00	0.00e+00	0.00e+00	0.00e+00	0.00e+00	0.00e+00
 1.99579e+13	0.00e+00	6.44e-32	5.80e-24	6.14e-17	7.81e-11	8.24e-06	1.00e+00	0.00e+00	0.00e+00	0.00e+00	0.00e+00	0.00e+00
 2.07090e+13	1.96e-40	8.90e-32	7.59e-24	7.60e-17	9.07e-11	8.94e-06	1.00e+00	0.00e+00	0.00e+00	0.00e+00	0.00e+00	0.00e+00
 2.13903e+13	0.00e+00	1.18e-31	9.62e-24	9.16e-17	1.03e-10	9.60e-06	1.00e+00	0.00e+00	0.00e+00	0.00e+00	0.00e+00	0.00e+00
 2.21249e+13	3.88e-40	1.59e-31	1.23e-23	1.11e-16	1.18e-10	1.03e-05	1.00e+00	0.00e+00	0.00e+00	0.00e+00	0.00e+00	0.00e+00
 2.29508e+13	0.00e+00	2.20e-31	1.61e-23	1.38e-16	1.37e-10	1.12e-05	1.00e+00	0.00e+00	0.00e+00	0.00e+00	0.00e+00	0.00e+00
 2.37348e+13	8.02e-40	2.95e-31	2.06e-23	1.67e-16	1.57e-10	1.20e-05	1.00e+00	0.00e+00	0.00e+00	0.00e+00	0.00e+00	0.00e+00
 2.45934e+13	0.00e+00	4.04e-31	2.68e-23	2.05e-16	1.81e-10	1.30e-05	1.00e+00	0.00e+00	0.00e+00	0.00e+00	0.00e+00	0.00e+00
 2.55435e+13	1.73e-39	5.66e-31	3.54e-23	2.56e-16	2.11e-10	1.41e-05	1.00e+00	0.00e+00	0.00e+00	0.00e+00	0.00e+00	0.00e+00
 2.64262e+13	0.00e+00	7.65e-31	4.55e-23	3.11e-16	2.42e-10	1.52e-05	1.00e+00	0.00e+00	0.00e+00	0.00e+00	0.00e+00	0.00e+00
 2.73875e+13	3.58e-39	1.05e-30	5.92e-23	3.83e-16	2.79e-10	1.64e-05	1.00e+00	0.00e+00	0.00e+00	0.00e+00	0.00e+00	0.00e+00
 2.84649e+13	0.00e+00	1.48e-30	7.87e-23	4.79e-16	3.26e-10	1.78e-05	1.00e+00	0.00e+00	0.00e+00	0.00e+00	0.00e+00	0.00e+00
 2.94856e+13	7.80e-39	2.04e-30	1.02e-22	5.88e-16	3.76e-10	1.92e-05	1.00e+00	0.00e+00	0.00e+00	0.00e+00	0.00e+00	0.00e+00
 3.05868e+13	0.00e+00	2.83e-30	1.34e-22	7.28e-16	4.35e-10	2.08e-05	1.00e+00	0.00e+00	0.00e+00	0.00e+00	0.00e+00	0.00e+00
 3.18128e+13	1.74e-38	4.03e-30	1.80e-22	9.15e-16	5.09e-10	2.26e-05	1.00e+00	0.00e+00	0.00e+00	0.00e+00	0.00e+00	0.00e+00
 3.29965e+13	0.00e+00	5.61e-30	2.37e-22	1.13e-15	5.89e-10	2.44e-05	1.00e+00	0.00e+00	0.00e+00	0.00e+00	0.00e+00	0.00e+00
 3.42549e+13	3.84e-38	7.88e-30	3.13e-22	1.41e-15	6.84e-10	2.64e-05	1.00e+00	0.00e+00	0.00e+00	0.00e+00	0.00e+00	0.00e+00
 3.56551e+13	0.00e+00	1.13e-29	4.22e-22	1.78e-15	8.03e-10	2.88e-05	1.00e+00	0.00e+00	0.00e+00	0.00e+00	0.00e+00	0.00e+00
 3.70621e+13	8.93e-38	1.61e-29	5.65e-22	2.23e-15	9.36e-10	3.12e-05	1.00e+00	0.00e+00	0.00e+00	0.00e+00	0.00e+00	0.00e+00
 3.85254e+13	0.00e+00	2.30e-29	7.57e-22	2.80e-15	1.09e-09	3.39e-05	1.00e+00	0.00e+00	0.00e+00	0.00e+00	0.00e+00	0.00e+00
 4.00963e+13	2.10e-37	3.32e-29	1.02e-21	3.53e-15	1.28e-09	3.69e-05	1.00e+00	0.00e+00	0.00e+00	0.00e+00	0.00e+00	0.00e+00
 4.17301e+13	0.00e+00	4.80e-29	1.38e-21	4.46e-15	1.50e-09	4.01e-05	1.00e+00	0.00e+00	0.00e+00	0.00e+00	0.00e+00	0.00e+00
 4.32873e+13	4.84e-37	6.73e-29	1.83e-21	5.53e-15	1.74e-09	4.33e-05	1.00e+00	0.00e+00	0.00e+00	0.00e+00	0.00e+00	0.00e+00
 4.47091e+13	0.00e+00	9.08e-29	2.34e-21	6.69e-15	1.98e-09	4.63e-05	1.00e+00	0.00e+00	0.00e+00	0.00e+00	0.00e+00	0.00e+00
 4.60502e+13	9.55e-37	1.20e-28	2.93e-21	7.95e-15	2.22e-09	4.92e-05	1.00e+00	0.00e+00	0.00e+00	0.00e+00	0.00e+00	0.00e+00
 4.75306e+13	0.00e+00	1.61e-28	3.73e-21	9.58e-15	2.52e-09	5.26e-05	1.00e+00	0.00e+00	0.00e+00	0.00e+00	0.00e+00	0.00e+00
 4.91905e+13	1.98e-36	2.21e-28	4.84e-21	1.17e-14	2.89e-09	5.65e-05	1.00e+00	0.00e+00	0.00e+00	0.00e+00	0.00e+00	0.00e+00
 5.07609e+13	0.00e+00	2.98e-28	6.17e-21	1.41e-14	3.27e-09	6.02e-05	1.00e+00	0.00e+00	0.00e+00	0.00e+00	0.00e+00	0.00e+00
 5.24797e+13	4.10e-36	4.08e-28	7.96e-21	1.72e-14	3.74e-09	6.45e-05	1.00e+00	0.00e+00	0.00e+00	0.00e+00	0.00e+00	0.00e+00
 5.44072e+13	0.00e+00	5.73e-28	1.05e-20	2.12e-14	4.31e-09	6.95e-05	1.00e+00	0.00e+00	0.00e+00	0.00e+00	0.00e+00	0.00e+00
 5.61957e+13	8.86e-36	7.81e-28	1.35e-20	2.57e-14	4.90e-09	7.42e-05	1.00e+00	0.00e+00	0.00e+00	0.00e+00	0.00e+00	0.00e+00
 5.78571e+13	0.00e+00	1.03e-27	1.69e-20	3.05e-14	5.50e-09	7.88e-05	1.00e+00	0.00e+00	0.00e+00	0.00e+00	0.00e+00	0.00e+00
 5.97636e+13	1.78e-35	1.40e-27	2.17e-20	3.69e-14	6.26e-09	8.42e-05	1.00e+00	0.00e+00	0.00e+00	0.00e+00	0.00e+00	0.00e+00
 6.20729e+13	0.00e+00	2.01e-27	2.91e-20	4.62e-14	7.28e-09	9.10e-05	1.00e+00	0.00e+00	0.00e+00	0.00e+00	0.00e+00	0.00e+00
 6.43476e+13	4.13e-35	2.84e-27	3.85e-20	5.71e-14	8.39e-09	9.79e-05	1.00e+00	0.00e+00	0.00e+00	0.00e+00	0.00e+00	0.00e+00
 6.63399e+13	5.86e-35	3.82e-27	4.88e-20	6.84e-14	9.47e-09	1.04e-04	1.00e+00	0.00e+00	0.00e+00	0.00e+00	0.00e+00	0.00e+00
 6.85235e+13	8.51e-35	5.22e-27	6.29e-20	8.28e-14	1.08e-08	1.11e-04	1.00e+00	0.00e+00	0.00e+00	0.00e+00	0.00e+00	0.00e+00
 7.11679e+13	1.31e-34	7.51e-27	8.44e-20	1.04e-13	1.25e-08	1.20e-04	1.00e+00	0.00e+00	0.00e+00	0.00e+00	0.00e+00	0.00e+00
 7.38207e+13	2.01e-34	1.07e-26	1.12e-19	1.29e-13	1.45e-08	1.29e-04	1.00e+00	0.00e+00	0.00e+00	0.00e+00	0.00e+00	0.00e+00
 7.62186e+13	2.91e-34	1.46e-26	1.44e-19	1.55e-13	1.64e-08	1.38e-04	1.00e+00	0.00e+00	0.00e+00	0.00e+00	0.00e+00	0.00e+00
 7.88754e+13	4.34e-34	2.04e-26	1.89e-19	1.90e-13	1.88e-08	1.48e-04	1.00e+00	0.00e+00	0.00e+00	0.00e+00	0.00e+00	0.00e+00
 8.19996e+13	6.80e-34	2.97e-26	2.56e-19	2.40e-13	2.20e-08	1.60e-04	1.00e+00	0.00e+00	0.00e+00	0.00e+00	0.00e+00	0.00e+00
 8.50854e+13	1.05e-33	4.27e-26	3.42e-19	2.99e-13	2.54e-08	1.72e-04	1.00e+00	0.00e+00	0.00e+00	0.00e+00	0.00e+00	0.00e+00
 8.79714e+13	1.55e-33	5.92e-26	4.45e-19	3.64e-13	2.90e-08	1.84e-04	1.00e+00	0.00e+00	0.00e+00	0.00e+00	0.00e+00	0.00e+00
 9.11969e+13	2.36e-33	8.42e-26	5.91e-19	4.51e-13	3.35e-08	1.98e-04	1.00e+00	0.00e+00	0.00e+00	0.00e+00	0.00e+00	0.00e+00
 9.48747e+13	3.75e-33	1.24e-25	8.06e-19	5.70e-13	3.91e-08	2.14e-04	1.00e+00	0.00e+00	0.00e+00	0.00e+00	0.00e+00	0.00e+00
 9.85261e+13	5.84e-33	1.79e-25	1.09e-18	7.13e-13	4.55e-08	2.31e-04	1.00e+00	0.00e+00	0.00e+00	0.00e+00	0.00e+00	0.00e+00
 1.02324e+14	9.11e-33	2.60e-25	1.46e-18	8.93e-13	5.28e-08	2.49e-04	1.00e+00	0.00e+00	0.00e+00	0.00e+00	0.00e+00	0.00e+00
 1.06446e+14	1.45e-32	3.83e-25	2.00e-18	1.13e-12	6.18e-08	2.69e-04	1.00e+00	0.00e+00	0.00e+00	0.00e+00	0.00e+00	0.00e+00
 1.10734e+14	2.30e-32	5.64e-25	2.73e-18	1.43e-12	7.23e-08	2.91e-04	1.00e+00	0.00e+00	0.00e+00	0.00e+00	0.00e+00	0.00e+00
 1.14886e+14	3.54e-32	8.09e-25	3.64e-18	1.78e-12	8.37e-08	3.14e-04	1.00e+00	0.00e+00	0.00e+00	0.00e+00	0.00e+00	0.00e+00
 1.18790e+14	5.25e-32	1.12e-24	4.74e-18	2.17e-12	9.55e-08	3.35e-04	1.00e+00	0.00e+00	0.00e+00	0.00e+00	0.00e+00	0.00e+00
 1.23158e+14	8.01e-32	1.60e-24	6.30e-18	2.69e-12	1.10e-07	3.61e-04	1.00e+00	0.00e+00	0.00e+00	0.00e+00	0.00e+00	0.00e+00
 1.27560e+14	1.21e-31	2.25e-24	8.31e-18	3.31e-12	1.27e-07	3.87e-04	1.00e+00	0.00e+00	0.00e+00	0.00e+00	0.00e+00	0.00e+00
 1.31214e+14	1.68e-31	2.97e-24	1.04e-17	3.91e-12	1.42e-07	4.10e-04	1.00e+00	0.00e+00	0.00e+00	0.00e+00	0.00e+00	0.00e+00
 1.35081e+14	2.36e-31	3.95e-24	1.30e-17	4.65e-12	1.59e-07	4.34e-04	1.00e+00	0.00e+00	0.00e+00	0.00e+00	0.00e+00	0.00e+00
 1.40027e+14	3.58e-31	5.61e-24	1.73e-17	5.76e-12	1.84e-07	4.67e-04	1.00e+00	0.00e+00	0.00e+00	0.00e+00	0.00e+00	0.00e+00
 1.45217e+14	5.52e-31	8.07e-24	2.33e-17	7.15e-12	2.12e-07	5.03e-04	9.99e-01	0.00e+00	0.00e+00	0.00e+00	0.00e+00	0.00e+00
 1.49800e+14	7.86e-31	1.08e-23	2.94e-17	8.61e-12	2.40e-07	5.35e-04	9.99e-01	0.00e+00	0.00e+00	0.00e+00	0.00e+00	0.00e+00
 1.54750e+14	1.14e-30	1.48e-23	3.80e-17	1.04e-11	2.73e-07	5.72e-04	9.99e-01	0.00e+00	0.00e+00	0.00e+00	0.00e+00	0.00e+00
 1.60715e+14	1.77e-30	2.14e-23	5.10e-17	1.31e-11	3.18e-07	6.18e-04	9.99e-01	0.00e+00	0.00e+00	0.00e+00	0.00e+00	0.00e+00
 1.66768e+14	2.71e-30	3.06e-23	6.82e-17	1.63e-11	3.68e-07	6.66e-04	9.99e-01	0.00e+00	0.00e+00	0.00e+00	0.00e+00	0.00e+00
 1.72429e+14	3.99e-30	4.23e-23	8.86e-17	1.99e-11	4.21e-07	7.13e-04	9.99e-01	0.00e+00	0.00e+00	0.00e+00	0.00e+00	0.00e+00
 1.78722e+14	6.02e-30	5.98e-23	1.17e-16	2.46e-11	4.85e-07	7.67e-04	9.99e-01	0.00e+00	0.00e+00	0.00e+00	0.00e+00	0.00e+00
 1.85406e+14	9.19e-30	8.52e-23	1.56e-16	3.06e-11	5.62e-07	8.27e-04	9.99e-01	0.00e+00	0.00e+00	0.00e+00	0.00e+00	0.00e+00
 1.91347e+14	1.32e-29	1.16e-22	2.00e-16	3.69e-11	6.37e-07	8.81e-04	9.99e-01	0.00e+00	0.00e+00	0.00e+00	0.00e+00	0.00e+00
 1.97734e+14	1.92e-29	1.58e-22	2.58e-16	4.48e-11	7.26e-07	9.43e-04	9.99e-01	0.00e+00	0.00e+00	0.00e+00	0.00e+00	0.00e+00
 2.05386e+14	2.97e-29	2.28e-22	3.47e-16	5.62e-11	8.45e-07	1.02e-03	9.99e-01	0.00e+00	0.00e+00	0.00e+00	0.00e+00	0.00e+00
 2.12915e+14	4.48e-29	3.23e-22	4.60e-16	6.96e-11	9.75e-07	1.10e-03	9.99e-01	0.00e+00	0.00e+00	0.00e+00	0.00e+00	0.00e+00
 2.19619e+14	6.40e-29	4.36e-22	5.87e-16	8.36e-11	1.10e-06	1.17e-03	9.99e-01	0.00e+00	0.00e+00	0.00e+00	0.00e+00	0.00e+00
 2.27020e+14	9.33e-29	5.99e-22	7.59e-16	1.02e-10	1.26e-06	1.25e-03	9.99e-01	0.00e+00	0.00e+00	0.00e+00	0.00e+00	0.00e+00
 2.35842e+14	1.44e-28	8.63e-22	1.02e-15	1.28e-10	1.47e-06	1.35e-03	9.99e-01	0.00e+00	0.00e+00	0.00e+00	0.00e+00	0.00e+00
 2.44594e+14	2.19e-28	1.23e-21	1.36e-15	1.59e-10	1.69e-06	1.46e-03	9.99e-01	0.00e+00	0.00e+00	0.00e+00	0.00e+00	0.00e+00
 2.52587e+14	3.16e-28	1.67e-21	1.75e-15	1.92e-10	1.93e-06	1.56e-03	9.98e-01	0.00e+00	0.00e+00	0.00e+00	0.00e+00	0.00e+00
 2.61513e+14	4.69e-28	2.33e-21	2.29e-15	2.36e-10	2.21e-06	1.67e-03	9.98e-01	0.00e+00	0.00e+00	0.00e+00	0.00e+00	0.00e+00
 2.71904e+14	7.31e-28	3.39e-21	3.11e-15	2.98e-10	2.59e-06	1.81e-03	9.98e-01	0.00e+00	0.00e+00	0.00e+00	0.00e+00	0.00e+00
 2.82114e+14	1.12e-27	4.84e-21	4.15e-15	3.71e-10	3.00e-06	1.96e-03	9.98e-01	0.00e+00	0.00e+00	0.00e+00	0.00e+00	0.00e+00
 2.91764e+14	1.64e-27	6.69e-21	5.39e-15	4.53e-10	3.42e-06	2.10e-03	9.98e-01	0.00e+00	0.00e+00	0.00e+00	0.00e+00	0.00e+00
 3.02497e+14	2.48e-27	9.47e-21	7.15e-15	5.62e-10	3.95e-06	2.26e-03	9.98e-01	0.00e+00	0.00e+00	0.00e+00	0.00e+00	0.00e+00
 3.14627e+14	3.88e-27	1.38e-20	9.72e-15	7.10e-10	4.63e-06	2.45e-03	9.98e-01	0.00e+00	0.00e+00	0.00e+00	0.00e+00	0.00e+00
 3.26781e+14	6.01e-27	1.99e-20	1.31e-14	8.89e-10	5.38e-06	2.65e-03	9.97e-01	0.00e+00	0.00e+00	0.00e+00	0.00e+00	0.00e+00
 3.38196e+14	8.90e-27	2.78e-20	1.71e-14	1.09e-09	6.17e-06	2.84e-03	9.97e-01	0.00e+00	0.00e+00	0.00e+00	0.00e+00	0.00e+00
 3.50529e+14	1.34e-26	3.93e-20	2.27e-14	1.35e-09	7.11e-06	3.05e-03	9.97e-01	0.00e+00	0.00e+00	0.00e+00	0.00e+00	0.00e+00
 3.64300e+14	2.09e-26	5.70e-20	3.06e-14	1.70e-09	8.30e-06	3.30e-03	9.97e-01	0.00e+00	0.00e+00	0.00e+00	0.00e+00	0.00e+00
 3.77184e+14	3.13e-26	7.99e-20	4.03e-14	2.09e-09	9.53e-06	3.54e-03	9.96e-01	0.00e+00	0.00e+00	0.00e+00	0.00e+00	0.00e+00
 3.89136e+14	4.48e-26	1.08e-19	5.14e-14	2.51e-09	1.08e-05	3.78e-03	9.96e-01	0.00e+00	0.00e+00	0.00e+00	0.00e+00	0.00e+00
 4.00662e+14	6.28e-26	1.43e-19	6.47e-14	2.99e-09	1.21e-05	4.01e-03	9.96e-01	0.00e+00	0.00e+00	0.00e+00	0.00e+00	0.00e+00
 4.13485e+14	9.03e-26	1.95e-19	8.28e-14	3.61e-09	1.37e-05	4.27e-03	9.96e-01	0.00e+00	0.00e+00	0.00e+00	0.00e+00	0.00e+00
 4.27677e+14	1.33e-25	2.70e-19	1.08e-13	4.41e-09	1.57e-05	4.58e-03	9.95e-01	0.00e+00	0.00e+00	0.00e+00	0.00e+00	0.00e+00
 4.40895e+14	1.90e-25	3.63e-19	1.37e-13	5.29e-09	1.77e-05	4.87e-03	9.95e-01	0.00e+00	0.00e+00	0.00e+00	0.00e+00	0.00e+00
 4.55323e+14	2.76e-25	4.97e-19	1.77e-13	6.41e-09	2.02e-05	5.20e-03	9.95e-01	0.00e+00	0.00e+00	0.00e+00	0.00e+00	0.00e+00
 4.71579e+14	4.13e-25	6.98e-19	2.33e-13	7.90e-09	2.32e-05	5.58e-03	9.94e-01	0.00e+00	0.00e+00	0.00e+00	0.00e+00	0.00e+00
 4.87042e+14	6.04e-25	9.58e-19	3.00e-13	9.57e-09	2.63e-05	5.96e-03	9.94e-01	0.00e+00	0.00e+00	0.00e+00	0.00e+00	0.00e+00
 5.03976e+14	8.96e-25	1.34e-18	3.92e-13	1.17e-08	3.02e-05	6.39e-03	9.94e-01	0.00e+00	0.00e+00	0.00e+00	0.00e+00	0.00e+00
 5.22632e+14	1.37e-24	1.90e-18	5.22e-13	1.46e-08	3.49e-05	6.88e-03	9.93e-01	0.00e+00	0.00e+00	0.00e+00	0.00e+00	0.00e+00
 5.39773e+14	1.99e-24	2.61e-18	6.73e-13	1.76e-08	3.97e-05	7.34e-03	9.93e-01	0.00e+00	0.00e+00	0.00e+00	0.00e+00	0.00e+00
 5.58305e+14	2.94e-24	3.62e-18	8.77e-13	2.16e-08	4.53e-05	7.86e-03	9.92e-01	0.00e+00	0.00e+00	0.00e+00	0.00e+00	0.00e+00
 5.79062e+14	4.48e-24	5.16e-18	1.17e-12	2.68e-08	5.24e-05	8.46e-03	9.91e-01	0.00e+00	0.00e+00	0.00e+00	0.00e+00	0.00e+00
 5.98621e+14	6.59e-24	7.13e-18	1.52e-12	3.26e-08	5.98e-05	9.05e-03	9.91e-01	0.00e+00	0.00e+00	0.00e+00	0.00e+00	0.00e+00
 6.19955e+14	9.87e-24	1.00e-17	2.00e-12	4.02e-08	6.87e-05	9.72e-03	9.90e-01	0.00e+00	0.00e+00	0.00e+00	0.00e+00	0.00e+00
 6.43656e+14	1.52e-23	1.44e-17	2.68e-12	5.02e-08	7.98e-05	1.05e-02	9.89e-01	0.00e+00	0.00e+00	0.00e+00	0.00e+00	0.00e+00
 6.65769e+14	2.25e-23	2.00e-17	3.49e-12	6.14e-08	9.12e-05	1.12e-02	9.89e-01	0.00e+00	0.00e+00	0.00e+00	0.00e+00	0.00e+00
 6.89779e+14	3.37e-23	2.81e-17	4.60e-12	7.57e-08	1.05e-04	1.21e-02	9.88e-01	0.00e+00	0.00e+00	0.00e+00	0.00e+00	0.00e+00
 7.16655e+14	5.21e-23	4.06e-17	6.20e-12	9.51e-08	1.22e-04	1.30e-02	9.87e-01	0.00e+00	0.00e+00	0.00e+00	0.00e+00	0.00e+00
 7.42182e+14	7.76e-23	5.68e-17	8.14e-12	1.17e-07	1.40e-04	1.40e-02	9.86e-01	0.00e+00	0.00e+00	0.00e+00	0.00e+00	0.00e+00
 7.69474e+14	1.17e-22	8.02e-17	1.08e-11	1.45e-07	1.62e-04	1.51e-02	9.85e-01	0.00e+00	0.00e+00	0.00e+00	0.00e+00	0.00e+00
 8.00282e+14	1.82e-22	1.17e-16	1.46e-11	1.83e-07	1.89e-04	1.64e-02	9.83e-01	0.00e+00	0.00e+00	0.00e+00	0.00e+00	0.00e+00
 8.30661e+14	2.76e-22	1.66e-16	1.95e-11	2.28e-07	2.19e-04	1.77e-02	9.82e-01	0.00e+00	0.00e+00	0.00e+00	0.00e+00	0.00e+00
 8.62254e+14	4.19e-22	2.36e-16	2.60e-11	2.84e-07	2.54e-04	1.91e-02	9.81e-01	0.00e+00	0.00e+00	0.00e+00	0.00e+00	0.00e+00
 8.95766e+14	6.37e-22	3.38e-16	3.49e-11	3.56e-07	2.95e-04	2.06e-02	9.79e-01	0.00e+00	0.00e+00	0.00e+00	0.00e+00	0.00e+00
 9.23796e+14	8.98e-22	4.52e-16	4.43e-11	4.28e-07	3.34e-04	2.20e-02	9.78e-01	0.00e+00	0.00e+00	0.00e+00	0.00e+00	0.00e+00
 9.45419e+14	1.15e-21	5.60e-16	5.28e-11	4.90e-07	3.65e-04	2.31e-02	9.77e-01	0.00e+00	0.00e+00	0.00e+00	0.00e+00	0.00e+00
 9.68839e+14	1.50e-21	7.03e-16	6.37e-11	5.66e-07	4.02e-04	2.43e-02	9.75e-01	0.00e+00	0.00e+00	0.00e+00	0.00e+00	0.00e+00
 9.99285e+14	2.10e-21	9.35e-16	8.07e-11	6.80e-07	4.55e-04	2.59e-02	9.74e-01	0.00e+00	0.00e+00	0.00e+00	0.00e+00	0.00e+00
 1.03235e+15	2.98e-21	1.26e-15	1.03e-10	8.24e-07	5.17e-04	2.78e-02	9.72e-01	0.00e+00	0.00e+00	0.00e+00	0.00e+00	0.00e+00
 1.06223e+15	4.04e-21	1.64e-15	1.29e-10	9.75e-07	5.78e-04	2.95e-02	9.70e-01	0.00e+00	0.00e+00	0.00e+00	0.00e+00	0.00e+00
 1.09450e+15	5.54e-21	2.15e-15	1.61e-10	1.16e-06	6.50e-04	3.14e-02	9.68e-01	0.00e+00	0.00e+00	0.00e+00	0.00e+00	0.00e+00
 1.13501e+15	8.12e-21	3.00e-15	2.12e-10	1.44e-06	7.50e-04	3.39e-02	9.65e-01	0.00e+00	0.00e+00	0.00e+00	0.00e+00	0.00e+00
 1.17577e+15	1.17e-20	4.13e-15	2.78e-10	1.77e-06	8.61e-04	3.65e-02	9.63e-01	0.00e+00	0.00e+00	0.00e+00	0.00e+00	0.00e+00
 1.21047e+15	1.59e-20	5.37e-15	3.46e-10	2.10e-06	9.65e-04	3.89e-02	9.60e-01	0.00e+00	0.00e+00	0.00e+00	0.00e+00	0.00e+00
 1.24773e+15	2.16e-20	7.02e-15	4.34e-10	2.51e-06	1.09e-03	4.15e-02	9.57e-01	0.00e+00	0.00e+00	0.00e+00	0.00e+00	0.00e+00
 1.29419e+15	3.15e-20	9.75e-15	5.71e-10	3.12e-06	1.25e-03	4.49e-02	9.54e-01	0.00e+00	0.00e+00	0.00e+00	0.00e+00	0.00e+00
 1.34205e+15	4.56e-20	1.35e-14	7.51e-10	3.86e-06	1.44e-03	4.85e-02	9.50e-01	0.00e+00	0.00e+00	0.00e+00	0.00e+00	0.00e+00
 1.38460e+15	6.25e-20	1.78e-14	9.49e-10	4.63e-06	1.63e-03	5.18e-02	9.47e-01	0.00e+00	0.00e+00	0.00e+00	0.00e+00	0.00e+00
 1.43081e+15	8.64e-20	2.37e-14	1.21e-09	5.61e-06	1.85e-03	5.56e-02	9.43e-01	0.00e+00	0.00e+00	0.00e+00	0.00e+00	0.00e+00
 1.48608e+15	1.27e-19	3.33e-14	1.61e-09	7.01e-06	2.14e-03	6.03e-02	9.38e-01	0.00e+00	0.00e+00	0.00e+00	0.00e+00	0.00e+00
 1.54059e+15	1.82e-19	4.58e-14	2.11e-09	8.66e-06	2.46e-03	6.51e-02	9.32e-01	0.00e+00	0.00e+00	0.00e+00	0.00e+00	0.00e+00
 1.58949e+15	2.47e-19	6.02e-14	2.67e-09	1.04e-05	2.77e-03	6.96e-02	9.28e-01	0.00e+00	0.00e+00	0.00e+00	0.00e+00	0.00e+00
 1.64364e+15	3.46e-19	8.10e-14	3.43e-09	1.26e-05	3.15e-03	7.47e-02	9.22e-01	0.00e+00	0.00e+00	0.00e+00	0.00e+00	0.00e+00
 1.70775e+15	5.05e-19	1.14e-13	4.56e-09	1.58e-05	3.65e-03	8.10e-02	9.15e-01	0.00e+00	0.00e+00	0.00e+00	0.00e+00	0.00e+00
 1.77117e+15	7.25e-19	1.57e-13	6.00e-09	1.95e-05	4.19e-03	8.74e-02	9.08e-01	0.00e+00	0.00e+00	0.00e+00	0.00e+00	0.00e+00
 1.82959e+15	1.00e-18	2.09e-13	7.65e-09	2.36e-05	4.74e-03	9.35e-02	9.02e-01	0.00e+00	0.00e+00	0.00e+00	0.00e+00	0.00e+00
 1.89515e+15	1.42e-18	2.86e-13	9.97e-09	2.89e-05	5.41e-03	1.01e-01	8.94e-01	0.00e+00	0.00e+00	0.00e+00	0.00e+00	0.00e+00
 1.97087e+15	2.09e-18	4.06e-13	1.34e-08	3.63e-05	6.27e-03	1.09e-01	8.85e-01	0.00e+00	0.00e+00	0.00e+00	0.00e+00	0.00e+00
 2.04494e+15	3.02e-18	5.65e-13	1.77e-08	4.50e-05	7.19e-03	1.17e-01	8.75e-01	0.00e+00	0.00e+00	0.00e+00	0.00e+00	0.00e+00
 2.11572e+15	4.25e-18	7.66e-13	2.28e-08	5.47e-05	8.16e-03	1.26e-01	8.66e-01	0.00e+00	0.00e+00	0.00e+00	0.00e+00	0.00e+00
 2.19413e+15	6.13e-18	1.06e-12	3.01e-08	6.75e-05	9.33e-03	1.35e-01	8.55e-01	0.00e+00	0.00e+00	0.00e+00	0.00e+00	0.00e+00
 2.26794e+15	8.55e-18	1.43e-12	3.86e-08	8.16e-05	1.05e-02	1.44e-01	8.45e-01	0.00e+00	0.00e+00	0.00e+00	0.00e+00	0.00e+00
 2.32346e+15	1.09e-17	1.78e-12	4.63e-08	9.36e-05	1.15e-02	1.51e-01	8.37e-01	0.00e+00	0.00e+00	0.00e+00	0.00e+00	0.00e+00
 2.38037e+15	1.39e-17	2.22e-12	5.55e-08	1.07e-04	1.26e-02	1.58e-01	8.29e-01	0.00e+00	0.00e+00	0.00e+00	0.00e+00	0.00e+00
 2.45435e+15	1.91e-17	2.93e-12	7.01e-08	1.28e-04	1.40e-02	1.68e-01	8.18e-01	0.00e+00	0.00e+00	0.00e+00	0.00e+00	0.00e+00
 2.53405e+15	2.69e-17	3.93e-12	8.92e-08	1.54e-04	1.57e-02	1.78e-01	8.06e-01	0.00e+00	0.00e+00	1.55e-17	8.09e-18	2.76e-18
 2.60540e+15	3.57e-17	5.05e-12	1.10e-07	1.80e-04	1.74e-02	1.87e-01	7.95e-01	0.00e+00	0.00e+00	2.05e-17	1.08e-17	3.66e-18
 2.68237e+15	4.82e-17	6.59e-12	1.37e-07	2.12e-04	1.93e-02	1.97e-01	7.83e-01	0.00e+00	0.00e+00	2.77e-17	1.45e-17	4.93e-18
 2.78041e+15	7.01e-17	9.19e-12	1.80e-07	2.59e-04	2.19e-02	2.10e-01	7.67e-01	0.00e+00	0.00e+00	4.03e-17	2.11e-17	7.14e-18
 2.87950e+15	1.01e-16	1.27e-11	2.34e-07	3.15e-04	2.47e-02	2.24e-01	7.51e-01	0.00e+00	0.00e+00	5.81e-17	3.04e-17	1.02e-17
 2.96265e+15	1.36e-16	1.65e-11	2.90e-07	3.69e-04	2.72e-02	2.35e-01	7.38e-01	0.00e+00	0.00e+00	7.81e-17	4.08e-17	1.37e-17
 3.05144e+15	1.85e-16	2.16e-11	3.62e-07	4.35e-04	3.01e-02	2.46e-01	7.23e-01	0.00e+00	0.00e+00	1.07e-16	5.57e-17	1.87e-17
 3.16367e+15	2.71e-16	3.02e-11	4.75e-07	5.31e-04	3.41e-02	2.61e-01	7.04e-01	0.00e+00	0.00e+00	1.56e-16	8.17e-17	2.74e-17
 3.28133e+15	3.99e-16	4.23e-11	6.25e-07	6.48e-04	3.85e-02	2.76e-01	6.85e-01	0.00e+00	0.00e+00	2.30e-16	1.20e-16	4.02e-17
 3.38715e+15	5.58e-16	5.66e-11	7.91e-07	7.69e-04	4.28e-02	2.90e-01	6.67e-01	0.00e+00	0.00e+00	3.22e-16	1.68e-16	5.61e-17
 3.50265e+15	7.98e-16	7.71e-11	1.01e-06	9.21e-04	4.77e-02	3.04e-01	6.47e-01	0.00e+00	0.00e+00	4.61e-16	2.41e-16	8.01e-17
 3.63930e+15	1.21e-15	1.10e-10	1.35e-06	1.13e-03	5.40e-02	3.21e-01	6.24e-01	0.00e+00	0.00e+00	6.96e-16	3.63e-16	1.21e-16
 3.77324e+15	1.78e-15	1.53e-10	1.76e-06	1.37e-03	6.06e-02	3.37e-01	6.01e-01	0.00e+00	0.00e+00	1.03e-15	5.35e-16	1.78e-16
 3.89521e+15	2.50e-15	2.05e-10	2.22e-06	1.62e-03	6.69e-02	3.50e-01	5.81e-01	0.00e+00	0.00e+00	1.44e-15	7.54e-16	2.50e-16
 4.03180e+15	3.62e-15	2.81e-10	2.86e-06	1.93e-03	7.44e-02	3.65e-01	5.58e-01	0.00e+00	0.00e+00	2.09e-15	1.09e-15	3.62e-16
 4.19119e+15	5.52e-15	4.00e-10	3.79e-06	2.36e-03	8.36e-02	3.82e-01	5.32e-01	0.00e+00	0.00e+00	3.19e-15	1.66e-15	5.50e-16
 4.34799e+15	8.17e-15	5.57e-10	4.93e-06	2.84e-03	9.31e-02	3.97e-01	5.07e-01	0.00e+00	0.00e+00	4.73e-15	2.47e-15	8.15e-16
 4.49587e+15	1.17e-14	7.52e-10	6.27e-06	3.36e-03	1.03e-01	4.10e-01	4.84e-01	0.00e+00	0.00e+00	6.79e-15	3.55e-15	1.17e-15
 4.66055e+15	1.73e-14	1.04e-09	8.10e-06	4.01e-03	1.13e-01	4.23e-01	4.59e-01	0.00e+00	0.00e+00	1.00e-14	5.23e-15	1.72e-15
 4.81707e+15	2.47e-14	1.39e-09	1.02e-05	4.71e-03	1.24e-01	4.35e-01	4.36e-01	0.00e+00	0.00e+00	1.43e-14	7.45e-15	2.45e-15
 4.93347e+15	3.18e-14	1.72e-09	1.21e-05	5.29e-03	1.33e-01	4.43e-01	4.19e-01	0.00e+00	0.00e+00	1.84e-14	9.62e-15	3.17e-15
 5.05141e+15	4.11e-14	2.12e-09	1.43e-05	5.93e-03	1.41e-01	4.50e-01	4.03e-01	0.00e+00	0.00e+00	2.38e-14	1.24e-14	4.09e-15
 5.20473e+15	5.66e-14	2.76e-09	1.75e-05	6.83e-03	1.53e-01	4.59e-01	3.82e-01	0.00e+00	0.00e+00	3.28e-14	1.71e-14	5.63e-15
 5.37115e+15	7.91e-14	3.63e-09	2.18e-05	7.91e-03	1.65e-01	4.67e-01	3.60e-01	0.00e+00	0.00e+00	4.58e-14	2.39e-14	7.86e-15
 5.52076e+15	1.06e-13	4.60e-09	2.62e-05	8.98e-03	1.77e-01	4.73e-01	3.41e-01	0.00e+00	0.00e+00	6.14e-14	3.21e-14	1.05e-14
 5.68143e+15	1.45e-13	5.91e-09	3.19e-05	1.02e-02	1.90e-01	4.78e-01	3.22e-01	0.00e+00	0.00e+00	8.39e-14	4.38e-14	1.44e-14
 5.88771e+15	2.13e-13	8.07e-09	4.06e-05	1.20e-02	2.06e-01	4.84e-01	2.98e-01	0.00e+00	0.00e+00	1.24e-13	6.46e-14	2.12e-14
 6.09547e+15	3.09e-13	1.09e-08	5.11e-05	1.40e-02	2.23e-01	4.87e-01	2.76e-01	0.00e+00	0.00e+00	1.79e-13	9.34e-14	3.06e-14
 6.26590e+15	4.14e-13	1.37e-08	6.13e-05	1.58e-02	2.37e-01	4.89e-01	2.59e-01	0.00e+00	0.00e+00	2.40e-13	1.25e-13	4.10e-14
 6.44560e+15	5.61e-13	1.75e-08	7.38e-05	1.78e-02	2.51e-01	4.89e-01	2.41e-01	0.00e+00	0.00e+00	3.25e-13	1.70e-13	5.56e-14
 6.67813e+15	8.20e-13	2.36e-08	9.29e-05	2.07e-02	2.70e-01	4.89e-01	2.20e-01	0.00e+00	0.00e+00	4.75e-13	2.48e-13	8.12e-14
 6.92133e+15	1.19e-12	3.18e-08	1.17e-04	2.40e-02	2.90e-01	4.86e-01	2.00e-01	0.00e+00	0.00e+00	6.92e-13	3.62e-13	1.18e-13
 7.13133e+15	1.64e-12	4.08e-08	1.42e-04	2.71e-02	3.07e-01	4.82e-01	1.84e-01	0.00e+00	0.00e+00	9.48e-13	4.95e-13	1.62e-13
 7.35618e+15	2.27e-12	5.28e-08	1.72e-04	3.07e-02	3.25e-01	4.77e-01	1.68e-01	0.00e+00	0.00e+00	1.32e-12	6.89e-13	2.25e-13
 7.63295e+15	3.36e-12	7.17e-08	2.18e-04	3.55e-02	3.46e-01	4.68e-01	1.50e-01	0.00e+00	0.00e+00	1.95e-12	1.02e-12	3.32e-13
 7.90682e+15	4.82e-12	9.52e-08	2.71e-04	4.07e-02	3.66e-01	4.59e-01	1.34e-01	0.00e+00	0.00e+00	2.79e-12	1.46e-12	4.76e-13
 8.14149e+15	6.51e-12	1.21e-07	3.25e-04	4.55e-02	3.83e-01	4.50e-01	1.22e-01	0.00e+00	0.00e+00	3.78e-12	1.97e-12	6.43e-13
 8.39558e+15	8.99e-12	1.55e-07	3.92e-04	5.10e-02	4.01e-01	4.38e-01	1.09e-01	0.00e+00	0.00e+00	5.22e-12	2.73e-12	8.88e-13
 8.70999e+15	1.31e-11	2.08e-07	4.91e-04	5.84e-02	4.22e-01	4.24e-01	9.56e-02	0.00e+00	0.00e+00	7.63e-12	3.99e-12	1.30e-12
 9.01746e+15	1.86e-11	2.73e-07	6.05e-04	6.61e-02	4.41e-01	4.09e-01	8.39e-02	0.00e+00	0.00e+00	1.08e-11	5.63e-12	1.83e-12
 9.25220e+15	2.39e-11	3.34e-07	7.06e-04	7.23e-02	4.54e-01	3.97e-01	7.60e-02	0.00e+00	0.00e+00	1.39e-11	7.26e-12	2.36e-12
 9.47779e+15	3.07e-11	4.04e-07	8.16e-04	7.87e-02	4.67e-01	3.85e-01	6.88e-02	0.00e+00	0.00e+00	1.78e-11	9.31e-12	3.03e-12
 9.77105e+15	4.20e-11	5.16e-07	9.81e-04	8.74e-02	4.82e-01	3.69e-01	6.05e-02	0.00e+00	0.00e+00	2.44e-11	1.28e-11	4.15e-12
 1.00669e+16	5.60e-11	6.47e-07	1.17e-03	9.65e-02	4.96e-01	3.53e-01	5.33e-02	0.00e+00	0.00e+00	3.25e-11	1.70e-11	5.53e-12
 1.03131e+16	7.12e-11	7.81e-07	1.35e-03	1.05e-01	5.07e-01	3.39e-01	4.78e-02	0.00e+00	0.00e+00	4.14e-11	2.16e-11	7.02e-12
 1.05805e+16	9.25e-11	9.55e-07	1.57e-03	1.14e-01	5.18e-01	3.25e-01	4.24e-02	0.00e+00	0.00e+00	5.37e-11	2.81e-11	9.12e-12
 1.08800e+16	1.22e-10	1.18e-06	1.86e-03	1.25e-01	5.28e-01	3.08e-01	3.71e-02	0.00e+00	0.00e+00	7.08e-11	3.70e-11	1.20e-11
 1.11687e+16	1.58e-10	1.45e-06	2.17e-03	1.35e-01	5.37e-01	2.93e-01	3.26e-02	0.00e+00	0.00e+00	9.16e-11	4.79e-11	1.55e-11
 1.14917e+16	2.12e-10	1.82e-06	2.58e-03	1.48e-01	5.45e-01	2.76e-01	2.81e-02	0.00e+00	0.00e+00	1.23e-10	6.44e-11	2.09e-11
 1.18367e+16	2.83e-10	2.29e-06	3.07e-03	1.62e-01	5.53e-01	2.58e-01	2.41e-02	0.00e+00	0.00e+00	1.65e-10	8.61e-11	2.79e-11
 1.21348e+16	3.60e-10	2.76e-06	3.56e-03	1.75e-01	5.57e-01	2.43e-01	2.10e-02	0.00e+00	0.00e+00	2.09e-10	1.09e-10	3.55e-11
 1.24469e+16	4.68e-10	3.39e-06	4.16e-03	1.89e-01	5.61e-01	2.27e-01	1.82e-02	0.00e+00	0.00e+00	2.72e-10	1.42e-10	4.62e-11
 1.27897e+16	6.17e-10	4.21e-06	4.91e-03	2.05e-01	5.63e-01	2.11e-01	1.54e-02	0.00e+00	0.00e+00	3.58e-10	1.88e-10	6.09e-11
 1.31014e+16	7.82e-10	5.07e-06	5.69e-03	2.20e-01	5.64e-01	1.97e-01	1.34e-02	0.00e+00	0.00e+00	4.55e-10	2.38e-10	7.72e-11
 1.33914e+16	9.74e-10	6.04e-06	6.51e-03	2.34e-01	5.63e-01	1.84e-01	1.16e-02	0.00e+00	0.00e+00	5.67e-10	2.97e-10	9.63e-11
 1.37241e+16	1.28e-09	7.45e-06	7.63e-03	2.52e-01	5.60e-01	1.70e-01	9.86e-03	0.00e+00	0.00e+00	7.45e-10	3.90e-10	1.27e-10
 1.40825e+16	1.68e-09	9.22e-06	9.01e-03	2.71e-01	5.56e-01	1.56e-01	8.27e-03	0.00e+00	0.00e+00	9.76e-10	5.11e-10	1.66e-10
 1.43841e+16	2.08e-09	1.09e-05	1.03e-02	2.88e-01	5.51e-01	1.44e-01	7.14e-03	0.00e+00	0.00e+00	1.21e-09	6.34e-10	2.06e-10
 1.46403e+16	2.53e-09	1.27e-05	1.16e-02	3.02e-01	5.45e-01	1.35e-01	6.27e-03	0.00e+00	0.00e+00	1.47e-09	7.70e-10	2.50e-10
 1.49276e+16	3.16e-09	1.52e-05	1.33e-02	3.19e-01	5.38e-01	1.25e-01	5.40e-03	0.00e+00	0.00e+00	1.84e-09	9.63e-10	3.13e-10
 1.52460e+16	4.06e-09	1.85e-05	1.54e-02	3.38e-01	5.28e-01	1.14e-01	4.56e-03	0.00e+00	0.00e+00	2.36e-09	1.24e-09	4.03e-10
 1.55325e+16	4.98e-09	2.18e-05	1.76e-02	3.55e-01	5.19e-01	1.05e-01	3.93e-03	0.00e+00	0.00e+00	2.90e-09	1.52e-09	4.94e-10
 1.57884e+16	6.10e-09	2.55e-05	1.98e-02	3.71e-01	5.09e-01	9.69e-02	3.42e-03	0.00e+00	0.00e+00	3.55e-09	1.86e-09	6.04e-10
 1.60772e+16	7.76e-09	3.07e-05	2.29e-02	3.90e-01	4.96e-01	8.83e-02	2.90e-03	0.00e+00	0.00e+00	4.52e-09	2.37e-09	7.70e-10
 1.63833e+16	1.00e-08	3.74e-05	2.66e-02	4.09e-01	4.82e-01	7.97e-02	2.43e-03	0.00e+00	0.00e+00	5.83e-09	3.06e-09	9.94e-10
 1.66432e+16	1.24e-08	4.42e-05	3.02e-02	4.26e-01	4.69e-01	7.30e-02	2.09e-03	0.00e+00	0.00e+00	7.19e-09	3.77e-09	1.23e-09
 1.68749e+16	1.49e-08	5.13e-05	3.40e-02	4.41e-01	4.56e-01	6.71e-02	1.81e-03	0.00e+00	0.00e+00	8.68e-09	4.55e-09	1.48e-09
 1.71384e+16	1.93e-08	6.25e-05	3.92e-02	4.59e-01	4.40e-01	6.05e-02	1.53e-03	0.00e+00	0.00e+00	1.12e-08	5.90e-09	1.92e-09
 1.74147e+16	2.43e-08	7.52e-05	4.54e-02	4.77e-01	4.22e-01	5.43e-02	1.28e-03	0.00e+00	0.00e+00	1.42e-08	7.42e-09	2.42e-09
 1.76497e+16	3.08e-08	9.00e-05	5.18e-02	4.92e-01	4.06e-01	4.91e-02	1.09e-03	0.00e+00	0.00e+00	1.79e-08	9.41e-09	3.07e-09
 1.78563e+16	3.78e-08	1.06e-04	5.84e-02	5.06e-01	3.90e-01	4.47e-02	9.39e-04	0.00e+00	0.00e+00	2.20e-08	1.15e-08	3.76e-09
 1.80844e+16	4.57e-08	1.24e-04	6.70e-02	5.20e-01	3.72e-01	4.01e-02	7.94e-04	0.00e+00	0.00e+00	2.66e-08	1.40e-08	4.55e-09
 1.83317e+16	5.91e-08	1.51e-04	7.82e-02	5.35e-01	3.51e-01	3.53e-02	6.54e-04	0.00e+00	0.00e+00	3.44e-08	1.81e-08	5.89e-09
 1.85433e+16	8.02e-08	1.89e-04	9.03e-02	5.46e-01	3.32e-01	3.13e-02	5.43e-04	0.00e+00	0.00e+00	4.67e-08	2.45e-08	7.99e-09
 1.87122e+16	9.62e-08	2.19e-04	1.01e-01	5.54e-01	3.16e-01	2.84e-02	4.70e-04	0.00e+00	0.00e+00	5.60e-08	2.94e-08	9.58e-09
 1.88863e+16	1.16e-07	2.54e-04	1.15e-01	5.62e-01	2.98e-01	2.53e-02	3.98e-04	0.00e+00	0.00e+00	6.75e-08	3.54e-08	1.16e-08
 1.90816e+16	1.49e-07	3.09e-04	1.33e-01	5.68e-01	2.76e-01	2.21e-02	3.27e-04	0.00e+00	0.00e+00	8.66e-08	4.55e-08	1.48e-08
 1.92571e+16	2.05e-07	3.88e-04	1.53e-01	5.71e-01	2.56e-01	1.92e-02	2.66e-04	0.00e+00	0.00e+00	1.19e-07	6.25e-08	2.04e-08
 1.93970e+16	2.46e-07	4.49e-04	1.72e-01	5.71e-01	2.39e-01	1.70e-02	2.26e-04	0.00e+00	0.00e+00	1.43e-07	7.52e-08	2.46e-08
 1.95377e+16	3.10e-07	5.35e-04	1.94e-01	5.70e-01	2.21e-01	1.48e-02	1.87e-04	0.00e+00	0.00e+00	1.81e-07	9.49e-08	3.10e-08
 1.96901e+16	3.99e-07	6.47e-04	2.23e-01	5.64e-01	2.00e-01	1.26e-02	1.50e-04	0.00e+00	0.00e+00	2.32e-07	1.22e-07	3.98e-08
 1.98224e+16	4.79e-07	7.49e-04	2.51e-01	5.56e-01	1.81e-01	1.09e-02	1.23e-04	0.00e+00	0.00e+00	2.79e-07	1.47e-07	4.79e-08
 1.99377e+16	6.32e-07	9.09e-04	2.82e-01	5.44e-01	1.64e-01	9.25e-03	9.86e-05	0.00e+00	0.00e+00	3.68e-07	1.93e-07	6.33e-08
 2.00245e+16	7.28e-07	1.01e-03	3.06e-01	5.33e-01	1.51e-01	8.20e-03	8.44e-05	0.00e+00	0.00e+00	4.24e-07	2.23e-07	7.29e-08
 2.00960e+16	8.21e-07	1.11e-03	3.29e-01	5.23e-01	1.40e-01	7.31e-03	7.26e-05	0.00e+00	0.00e+00	4.78e-07	2.51e-07	8.23e-08
 2.01889e+16	9.86e-07	1.27e-03	3.61e-01	5.06e-01	1.25e-01	6.20e-03	5.88e-05	0.00e+00	0.00e+00	5.74e-07	3.02e-07	9.89e-08
 2.02824e+16	1.20e-06	1.47e-03	3.97e-01	4.86e-01	1.11e-01	5.19e-03	4.68e-05	0.00e+00	0.00e+00	6.96e-07	3.67e-07	1.20e-07
 2.03535e+16	1.45e-06	1.67e-03	4.27e-01	4.67e-01	9.97e-02	4.45e-03	3.83e-05	0.00e+00	0.00e+00	8.45e-07	4.45e-07	1.46e-07
 2.04075e+16	1.63e-06	1.81e-03	4.51e-01	4.52e-01	9.15e-02	3.94e-03	3.28e-05	0.00e+00	0.00e+00	9.49e-07	4.99e-07	1.64e-07
 2.04624e+16	1.85e-06	1.98e-03	4.77e-01	4.35e-01	8.28e-02	3.42e-03	2.75e-05	0.00e+00	0.00e+00	1.08e-06	5.68e-07	1.86e-07
 2.05338e+16	2.20e-06	2.23e-03	5.12e-01	4.10e-01	7.21e-02	2.82e-03	2.15e-05	0.00e+00	0.00e+00	1.28e-06	6.75e-07	2.22e-07
 2.06074e+16	2.60e-06	2.50e-03	5.49e-01	3.84e-01	6.19e-02	2.28e-03	1.65e-05	0.00e+00	0.00e+00	1.51e-06	7.96e-07	2.61e-07
 2.06686e+16	2.98e-06	2.74e-03	5.81e-01	3.61e-01	5.37e-02	1.88e-03	1.30e-05	0.00e+00	0.00e+00	1.74e-06	9.15e-07	3.01e-07
 2.07332e+16	3.48e-06	3.03e-03	6.16e-01	3.34e-01	4.55e-02	1.50e-03	9.83e-06	0.00e+00	0.00e+00	2.02e-06	1.07e-06	3.51e-07
 2.08030e+16	4.08e-06	3.37e-03	6.52e-01	3.05e-01	3.76e-02	1.16e-03	7.14e-06	0.00e+00	0.00e+00	2.38e-06	1.25e-06	4.12e-07
 2.08655e+16	4.70e-06	3.69e-03	6.85e-01	2.79e-01	3.13e-02	9.02e-04	5.26e-06	0.00e+00	0.00e+00	2.73e-06	1.44e-06	4.75e-07
 2.09323e+16	5.50e-06	4.07e-03	7.19e-01	2.51e-01	2.51e-02	6.71e-04	3.67e-06	0.00e+00	0.00e+00	3.20e-06	1.69e-06	5.56e-07
 2.10042e+16	6.44e-06	4.48e-03	7.53e-01	2.22e-01	1.97e-02	4.83e-04	2.46e-06	0.00e+00	0.00e+00	3.74e-06	1.98e-06	6.53e-07
 2.10688e+16	7.38e-06	4.86e-03	7.82e-01	1.97e-01	1.56e-02	3.54e-04	1.68e-06	0.00e+00	0.00e+00	4.29e-06	2.27e-06	7.49e-07
