#depth	C	C+	C+2	C+3	C+4	C+5	C+6	C[1]	C[2]	C[3]	C+[1]	C+[2]	CO
 1.49634e+10	2.20e-45	2.68e-34	4.14e-24	1.46e-14	2.71e-04	4.59e-01	5.41e-01	0.00e+00	0.00e+00	0.00e+00	0.00e+00	0.00e+00	5.47e-144
 4.54887e+10	0.00e+00	3.85e-34	5.49e-24	1.79e-14	3.07e-04	4.78e-01	5.21e-01	0.00e+00	0.00e+00	0.00e+00	0.00e+00	0.00e+00	1.49e-209
 7.72350e+10	5.30e-45	5.51e-34	7.26e-24	2.19e-14	3.46e-04	4.98e-01	5.02e-01	0.00e+00	0.00e+00	0.00e+00	0.00e+00	0.00e+00	5.41e-143
 1.10251e+11	0.00e+00	7.88e-34	9.60e-24	2.67e-14	3.91e-04	5.18e-01	4.82e-01	0.00e+00	0.00e+00	0.00e+00	0.00e+00	0.00e+00	5.65e-209
 1.44588e+11	1.27e-44	1.13e-33	1.27e-23	3.26e-14	4.40e-04	5.38e-01	4.62e-01	0.00e+00	0.00e+00	0.00e+00	0.00e+00	0.00e+00	5.32e-142
 1.80298e+11	0.00e+00	1.61e-33	1.67e-23	3.97e-14	4.95e-04	5.57e-01	4.42e-01	0.00e+00	0.00e+00	0.00e+00	0.00e+00	0.00e+00	2.11e-208
 2.17437e+11	3.03e-44	2.29e-33	2.20e-23	4.83e-14	5.56e-04	5.77e-01	4.23e-01	0.00e+00	0.00e+00	0.00e+00	0.00e+00	0.00e+00	5.24e-141
 2.56061e+11	0.00e+00	3.26e-33	2.90e-23	5.87e-14	6.24e-04	5.96e-01	4.03e-01	0.00e+00	0.00e+00	0.00e+00	0.00e+00	0.00e+00	7.84e-208
 2.96231e+11	7.19e-44	4.64e-33	3.81e-23	7.12e-14	6.99e-04	6.15e-01	3.84e-01	0.00e+00	0.00e+00	0.00e+00	0.00e+00	0.00e+00	5.14e-140
 3.38007e+11	0.00e+00	6.60e-33	5.00e-23	8.64e-14	7.83e-04	6.34e-01	3.66e-01	0.00e+00	0.00e+00	0.00e+00	0.00e+00	0.00e+00	2.87e-207
 3.81454e+11	1.70e-43	9.38e-33	6.56e-23	1.05e-13	8.75e-04	6.52e-01	3.47e-01	0.00e+00	0.00e+00	0.00e+00	0.00e+00	0.00e+00	5.04e-139
 4.23795e+11	0.00e+00	1.30e-32	8.45e-23	1.25e-13	9.71e-04	6.68e-01	3.31e-01	0.00e+00	0.00e+00	0.00e+00	0.00e+00	0.00e+00	1.05e-206
 4.63973e+11	3.69e-43	1.76e-32	1.07e-22	1.47e-13	1.07e-03	6.83e-01	3.16e-01	0.00e+00	0.00e+00	0.00e+00	0.00e+00	0.00e+00	3.92e-138
 5.08601e+11	0.00e+00	2.43e-32	1.37e-22	1.75e-13	1.18e-03	6.99e-01	3.00e-01	0.00e+00	0.00e+00	0.00e+00	0.00e+00	0.00e+00	3.26e-206
 5.57334e+11	8.30e-43	3.40e-32	1.77e-22	2.10e-13	1.31e-03	7.15e-01	2.84e-01	0.00e+00	0.00e+00	0.00e+00	0.00e+00	0.00e+00	3.40e-137
 6.04198e+11	0.00e+00	4.65e-32	2.25e-22	2.49e-13	1.44e-03	7.29e-01	2.69e-01	0.00e+00	0.00e+00	0.00e+00	0.00e+00	0.00e+00	1.04e-205
 6.54475e+11	1.82e-42	6.43e-32	2.89e-22	2.96e-13	1.59e-03	7.44e-01	2.55e-01	0.00e+00	0.00e+00	0.00e+00	0.00e+00	0.00e+00	2.74e-136
 7.10581e+11	0.00e+00	9.10e-32	3.78e-22	3.57e-13	1.77e-03	7.58e-01	2.40e-01	0.00e+00	0.00e+00	0.00e+00	0.00e+00	0.00e+00	2.85e-205
 7.67052e+11	4.21e-42	1.27e-31	4.89e-22	4.27e-13	1.96e-03	7.72e-01	2.26e-01	0.00e+00	0.00e+00	0.00e+00	0.00e+00	0.00e+00	2.60e-135
 8.25782e+11	0.00e+00	1.78e-31	6.32e-22	5.11e-13	2.17e-03	7.85e-01	2.12e-01	0.00e+00	0.00e+00	0.00e+00	0.00e+00	0.00e+00	7.87e-205
 8.88740e+11	9.78e-42	2.52e-31	8.25e-22	6.15e-13	2.40e-03	7.98e-01	1.99e-01	0.00e+00	0.00e+00	0.00e+00	0.00e+00	0.00e+00	2.48e-134
 9.54217e+11	0.00e+00	3.56e-31	1.08e-21	7.39e-13	2.66e-03	8.11e-01	1.86e-01	0.00e+00	0.00e+00	0.00e+00	0.00e+00	0.00e+00	1.46e-204
 1.02231e+12	2.30e-41	5.04e-31	1.40e-21	8.88e-13	2.95e-03	8.23e-01	1.74e-01	0.00e+00	0.00e+00	0.00e+00	0.00e+00	0.00e+00	2.45e-133
 1.09313e+12	0.00e+00	7.13e-31	1.83e-21	1.07e-12	3.26e-03	8.34e-01	1.63e-01	0.00e+00	0.00e+00	0.00e+00	0.00e+00	0.00e+00	0.00e+00
 1.16678e+12	5.41e-41	1.01e-30	2.39e-21	1.28e-12	3.61e-03	8.44e-01	1.52e-01	0.00e+00	0.00e+00	0.00e+00	0.00e+00	0.00e+00	2.43e-132
 1.24338e+12	0.00e+00	1.43e-30	3.11e-21	1.54e-12	4.00e-03	8.54e-01	1.42e-01	0.00e+00	0.00e+00	0.00e+00	0.00e+00	0.00e+00	0.00e+00
 1.32304e+12	1.28e-40	2.02e-30	4.06e-21	1.85e-12	4.42e-03	8.64e-01	1.32e-01	0.00e+00	0.00e+00	0.00e+00	0.00e+00	0.00e+00	2.43e-131
 1.40589e+12	0.00e+00	2.86e-30	5.30e-21	2.22e-12	4.89e-03	8.72e-01	1.23e-01	0.00e+00	0.00e+00	0.00e+00	0.00e+00	0.00e+00	0.00e+00
 1.48398e+12	2.90e-40	3.92e-30	6.75e-21	2.63e-12	5.36e-03	8.80e-01	1.15e-01	0.00e+00	0.00e+00	0.00e+00	0.00e+00	0.00e+00	2.20e-130
 1.55411e+12	0.00e+00	5.17e-30	8.32e-21	3.03e-12	5.80e-03	8.86e-01	1.08e-01	0.00e+00	0.00e+00	0.00e+00	0.00e+00	0.00e+00	0.00e+00
 1.63294e+12	5.91e-40	6.98e-30	1.05e-20	3.55e-12	6.32e-03	8.92e-01	1.02e-01	0.00e+00	0.00e+00	0.00e+00	0.00e+00	0.00e+00	1.48e-129
 1.72601e+12	0.00e+00	9.83e-30	1.36e-20	4.25e-12	6.97e-03	8.99e-01	9.45e-02	0.00e+00	0.00e+00	0.00e+00	0.00e+00	0.00e+00	0.00e+00
 1.81896e+12	1.36e-39	1.37e-29	1.75e-20	5.06e-12	7.65e-03	9.04e-01	8.79e-02	0.00e+00	0.00e+00	0.00e+00	0.00e+00	0.00e+00	1.38e-128
 1.90663e+12	0.00e+00	1.85e-29	2.20e-20	5.92e-12	8.33e-03	9.09e-01	8.23e-02	0.00e+00	0.00e+00	0.00e+00	0.00e+00	0.00e+00	0.00e+00
 2.00381e+12	2.94e-39	2.55e-29	2.82e-20	7.01e-12	9.13e-03	9.14e-01	7.66e-02	0.00e+00	0.00e+00	0.00e+00	0.00e+00	0.00e+00	1.09e-127
 2.11389e+12	0.00e+00	3.63e-29	3.69e-20	8.43e-12	1.01e-02	9.19e-01	7.08e-02	0.00e+00	0.00e+00	0.00e+00	0.00e+00	0.00e+00	0.00e+00
 2.22405e+12	6.93e-39	5.11e-29	4.79e-20	1.01e-11	1.11e-02	9.23e-01	6.56e-02	0.00e+00	0.00e+00	0.00e+00	0.00e+00	0.00e+00	1.08e-126
 2.33862e+12	0.00e+00	7.18e-29	6.21e-20	1.20e-11	1.22e-02	9.27e-01	6.07e-02	0.00e+00	0.00e+00	0.00e+00	0.00e+00	0.00e+00	0.00e+00
 2.46209e+12	1.64e-38	1.03e-28	8.16e-20	1.45e-11	1.35e-02	9.31e-01	5.59e-02	0.00e+00	0.00e+00	0.00e+00	0.00e+00	0.00e+00	1.08e-125
 2.57793e+12	0.00e+00	1.41e-28	1.04e-19	1.72e-11	1.48e-02	9.33e-01	5.19e-02	0.00e+00	0.00e+00	0.00e+00	0.00e+00	0.00e+00	0.00e+00
 2.68138e+12	3.45e-38	1.87e-28	1.29e-19	1.98e-11	1.60e-02	9.35e-01	4.87e-02	0.00e+00	0.00e+00	0.00e+00	0.00e+00	0.00e+00	7.87e-125
 2.79766e+12	0.00e+00	2.54e-28	1.63e-19	2.33e-11	1.74e-02	9.37e-01	4.53e-02	0.00e+00	0.00e+00	0.00e+00	0.00e+00	0.00e+00	0.00e+00
 2.93561e+12	7.73e-38	3.59e-28	2.12e-19	2.79e-11	1.91e-02	9.39e-01	4.18e-02	0.00e+00	0.00e+00	0.00e+00	0.00e+00	0.00e+00	6.77e-124
 3.07406e+12	0.00e+00	5.05e-28	2.75e-19	3.33e-11	2.10e-02	9.40e-01	3.85e-02	0.00e+00	0.00e+00	0.00e+00	0.00e+00	0.00e+00	0.00e+00
 3.20318e+12	1.72e-37	6.86e-28	3.48e-19	3.90e-11	2.28e-02	9.41e-01	3.58e-02	0.00e+00	0.00e+00	0.00e+00	0.00e+00	0.00e+00	5.70e-123
 3.34637e+12	0.00e+00	9.51e-28	4.47e-19	4.63e-11	2.50e-02	9.42e-01	3.31e-02	0.00e+00	0.00e+00	0.00e+00	0.00e+00	0.00e+00	0.00e+00
 3.51015e+12	4.05e-37	1.37e-27	5.89e-19	5.59e-11	2.76e-02	9.42e-01	3.03e-02	0.00e+00	0.00e+00	0.00e+00	0.00e+00	0.00e+00	5.52e-122
 3.67127e+12	0.00e+00	1.93e-27	7.66e-19	6.68e-11	3.03e-02	9.42e-01	2.79e-02	0.00e+00	0.00e+00	0.00e+00	0.00e+00	0.00e+00	0.00e+00
 3.83883e+12	9.50e-37	2.72e-27	9.97e-19	7.99e-11	3.32e-02	9.41e-01	2.56e-02	0.00e+00	0.00e+00	0.00e+00	0.00e+00	0.00e+00	5.31e-121
 4.02231e+12	0.00e+00	3.91e-27	1.31e-18	9.64e-11	3.66e-02	9.40e-01	2.34e-02	0.00e+00	0.00e+00	0.00e+00	0.00e+00	0.00e+00	0.00e+00
 4.20757e+12	2.32e-36	5.59e-27	1.73e-18	1.16e-10	4.03e-02	9.38e-01	2.14e-02	0.00e+00	0.00e+00	0.00e+00	0.00e+00	0.00e+00	5.63e-120
 4.40023e+12	0.00e+00	7.98e-27	2.27e-18	1.40e-10	4.43e-02	9.36e-01	1.95e-02	0.00e+00	0.00e+00	0.00e+00	0.00e+00	0.00e+00	0.00e+00
 4.60617e+12	5.66e-36	1.15e-26	3.01e-18	1.69e-10	4.88e-02	9.33e-01	1.78e-02	0.00e+00	0.00e+00	0.00e+00	0.00e+00	0.00e+00	6.00e-119
 4.81022e+12	0.00e+00	1.64e-26	3.93e-18	2.03e-10	5.35e-02	9.30e-01	1.62e-02	0.00e+00	0.00e+00	0.00e+00	0.00e+00	0.00e+00	0.00e+00
 5.02244e+12	1.35e-35	2.32e-26	5.14e-18	2.43e-10	5.87e-02	9.27e-01	1.48e-02	0.00e+00	0.00e+00	0.00e+00	0.00e+00	0.00e+00	5.94e-118
 5.25326e+12	0.00e+00	3.35e-26	6.81e-18	2.94e-10	6.46e-02	9.22e-01	1.34e-02	0.00e+00	0.00e+00	0.00e+00	0.00e+00	0.00e+00	0.00e+00
 5.49332e+12	3.34e-35	4.84e-26	9.03e-18	3.55e-10	7.10e-02	9.17e-01	1.22e-02	0.00e+00	0.00e+00	0.00e+00	0.00e+00	0.00e+00	6.56e-117
 5.74298e+12	0.00e+00	6.99e-26	1.20e-17	4.30e-10	7.81e-02	9.11e-01	1.10e-02	0.00e+00	0.00e+00	0.00e+00	0.00e+00	0.00e+00	0.00e+00
 6.00262e+12	8.28e-35	1.01e-25	1.59e-17	5.20e-10	8.58e-02	9.04e-01	9.97e-03	0.00e+00	0.00e+00	0.00e+00	0.00e+00	0.00e+00	7.21e-116
 6.27265e+12	1.30e-34	1.46e-25	2.10e-17	6.28e-10	9.42e-02	8.97e-01	9.00e-03	0.00e+00	0.00e+00	0.00e+00	0.00e+00	0.00e+00	4.46e-98
 6.51731e+12	1.93e-34	2.00e-25	2.69e-17	7.42e-10	1.02e-01	8.90e-01	8.22e-03	0.00e+00	0.00e+00	0.00e+00	0.00e+00	0.00e+00	0.00e+00
 6.72188e+12	2.66e-34	2.59e-25	3.28e-17	8.47e-10	1.09e-01	8.83e-01	7.64e-03	0.00e+00	0.00e+00	0.00e+00	0.00e+00	0.00e+00	1.57e-114
 6.94629e+12	3.72e-34	3.41e-25	4.05e-17	9.76e-10	1.17e-01	8.76e-01	7.05e-03	0.00e+00	0.00e+00	0.00e+00	0.00e+00	0.00e+00	4.67e-97
 7.22956e+12	5.62e-34	4.76e-25	5.23e-17	1.16e-09	1.27e-01	8.67e-01	6.39e-03	0.00e+00	0.00e+00	0.00e+00	0.00e+00	0.00e+00	0.00e+00
 7.52454e+12	8.50e-34	6.65e-25	6.77e-17	1.38e-09	1.38e-01	8.57e-01	5.78e-03	0.00e+00	0.00e+00	0.00e+00	0.00e+00	0.00e+00	3.41e-113
 7.77711e+12	1.19e-33	8.76e-25	8.38e-17	1.59e-09	1.47e-01	8.48e-01	5.32e-03	0.00e+00	0.00e+00	0.00e+00	0.00e+00	0.00e+00	6.25e-96
 8.03935e+12	1.67e-33	1.15e-24	1.04e-16	1.83e-09	1.57e-01	8.38e-01	4.88e-03	0.00e+00	0.00e+00	0.00e+00	0.00e+00	0.00e+00	1.15e-283
 8.36628e+12	2.52e-33	1.60e-24	1.34e-16	2.17e-09	1.70e-01	8.26e-01	4.40e-03	0.00e+00	0.00e+00	0.00e+00	0.00e+00	0.00e+00	6.12e-112
 8.69758e+12	3.74e-33	2.21e-24	1.71e-16	2.57e-09	1.84e-01	8.13e-01	3.97e-03	0.00e+00	0.00e+00	0.00e+00	0.00e+00	0.00e+00	7.97e-95
 8.98592e+12	5.19e-33	2.89e-24	2.11e-16	2.95e-09	1.95e-01	8.01e-01	3.64e-03	0.00e+00	0.00e+00	0.00e+00	0.00e+00	0.00e+00	4.25e-111
 9.29813e+12	7.32e-33	3.82e-24	2.61e-16	3.40e-09	2.08e-01	7.88e-01	3.32e-03	0.00e+00	0.00e+00	0.00e+00	0.00e+00	0.00e+00	3.58e-94
 9.67905e+12	1.09e-32	5.29e-24	3.36e-16	4.02e-09	2.24e-01	7.73e-01	2.97e-03	0.00e+00	0.00e+00	0.00e+00	0.00e+00	0.00e+00	3.15e-110
 1.00670e+13	1.62e-32	7.26e-24	4.29e-16	4.73e-09	2.41e-01	7.56e-01	2.66e-03	0.00e+00	0.00e+00	0.00e+00	0.00e+00	0.00e+00	2.11e-93
 1.04223e+13	2.27e-32	9.58e-24	5.31e-16	5.44e-09	2.56e-01	7.41e-01	2.41e-03	0.00e+00	0.00e+00	0.00e+00	0.00e+00	0.00e+00	2.29e-109
 1.08172e+13	3.27e-32	1.29e-23	6.66e-16	6.32e-09	2.73e-01	7.25e-01	2.17e-03	0.00e+00	0.00e+00	0.00e+00	0.00e+00	0.00e+00	1.03e-92
 1.12762e+13	4.89e-32	1.78e-23	8.57e-16	7.46e-09	2.93e-01	7.05e-01	1.92e-03	0.00e+00	0.00e+00	0.00e+00	0.00e+00	0.00e+00	1.85e-108
 1.17299e+13	7.15e-32	2.42e-23	1.09e-15	8.71e-09	3.12e-01	6.86e-01	1.71e-03	0.00e+00	0.00e+00	0.00e+00	0.00e+00	0.00e+00	6.06e-92
 1.21638e+13	1.01e-31	3.20e-23	1.35e-15	1.00e-08	3.31e-01	6.68e-01	1.54e-03	0.00e+00	0.00e+00	0.00e+00	0.00e+00	0.00e+00	1.37e-107
 1.26423e+13	1.45e-31	4.30e-23	1.69e-15	1.16e-08	3.51e-01	6.48e-01	1.37e-03	0.00e+00	0.00e+00	0.00e+00	0.00e+00	0.00e+00	3.07e-91
 1.31779e+13	2.14e-31	5.88e-23	2.15e-15	1.36e-08	3.73e-01	6.26e-01	1.21e-03	0.00e+00	0.00e+00	0.00e+00	0.00e+00	0.00e+00	1.11e-106
 1.37168e+13	3.11e-31	7.93e-23	2.70e-15	1.57e-08	3.94e-01	6.05e-01	1.07e-03	0.00e+00	0.00e+00	0.00e+00	0.00e+00	0.00e+00	1.76e-90
 1.42005e+13	4.27e-31	1.03e-22	3.28e-15	1.78e-08	4.13e-01	5.86e-01	9.56e-04	0.00e+00	0.00e+00	0.00e+00	0.00e+00	0.00e+00	7.76e-106
 1.46107e+13	5.54e-31	1.26e-22	3.85e-15	1.97e-08	4.29e-01	5.70e-01	8.74e-04	0.00e+00	0.00e+00	0.00e+00	0.00e+00	0.00e+00	6.76e-90
 1.50530e+13	7.26e-31	1.57e-22	4.54e-15	2.19e-08	4.46e-01	5.53e-01	7.95e-04	0.00e+00	0.00e+00	0.00e+00	0.00e+00	0.00e+00	3.51e-105
 1.56241e+13	1.02e-30	2.05e-22	5.57e-15	2.49e-08	4.67e-01	5.33e-01	7.05e-04	0.00e+00	0.00e+00	0.00e+00	0.00e+00	0.00e+00	2.80e-89
 1.62194e+13	1.42e-30	2.69e-22	6.82e-15	2.84e-08	4.88e-01	5.12e-01	6.23e-04	0.00e+00	0.00e+00	0.00e+00	0.00e+00	0.00e+00	2.39e-104
 1.67308e+13	1.87e-30	3.35e-22	8.06e-15	3.15e-08	5.05e-01	4.94e-01	5.63e-04	0.00e+00	0.00e+00	0.00e+00	0.00e+00	0.00e+00	1.18e-88
 1.72765e+13	2.48e-30	4.20e-22	9.55e-15	3.50e-08	5.23e-01	4.77e-01	5.06e-04	0.00e+00	0.00e+00	0.00e+00	0.00e+00	0.00e+00	1.21e-103
 1.79516e+13	3.46e-30	5.48e-22	1.17e-14	3.97e-08	5.44e-01	4.55e-01	4.44e-04	0.00e+00	0.00e+00	0.00e+00	0.00e+00	0.00e+00	5.16e-88
 1.86441e+13	4.81e-30	7.13e-22	1.42e-14	4.48e-08	5.65e-01	4.35e-01	3.91e-04	0.00e+00	0.00e+00	0.00e+00	0.00e+00	0.00e+00	8.43e-103
 1.92693e+13	6.40e-30	8.94e-22	1.68e-14	4.97e-08	5.83e-01	4.17e-01	3.49e-04	0.00e+00	0.00e+00	0.00e+00	0.00e+00	0.00e+00	2.26e-87
 1.99579e+13	8.64e-30	1.13e-21	2.01e-14	5.54e-08	6.01e-01	3.98e-01	3.09e-04	0.00e+00	0.00e+00	0.00e+00	0.00e+00	0.00e+00	4.76e-102
 2.07090e+13	1.18e-29	1.46e-21	2.43e-14	6.20e-08	6.21e-01	3.79e-01	2.71e-04	0.00e+00	0.00e+00	0.00e+00	0.00e+00	0.00e+00	1.01e-86
 2.13903e+13	1.56e-29	1.81e-21	2.85e-14	6.84e-08	6.38e-01	3.62e-01	2.42e-04	0.00e+00	0.00e+00	0.00e+00	0.00e+00	0.00e+00	2.76e-101
 2.21249e+13	2.07e-29	2.27e-21	3.37e-14	7.56e-08	6.54e-01	3.45e-01	2.14e-04	0.00e+00	0.00e+00	0.00e+00	0.00e+00	0.00e+00	3.98e-86
 2.29508e+13	2.81e-29	2.89e-21	4.03e-14	8.41e-08	6.72e-01	3.28e-01	1.88e-04	0.00e+00	0.00e+00	0.00e+00	0.00e+00	0.00e+00	1.64e-100
 2.37348e+13	3.72e-29	3.60e-21	4.74e-14	9.27e-08	6.88e-01	3.12e-01	1.66e-04	0.00e+00	0.00e+00	0.00e+00	0.00e+00	0.00e+00	1.70e-85
 2.45934e+13	5.00e-29	4.54e-21	5.62e-14	1.02e-07	7.04e-01	2.95e-01	1.46e-04	0.00e+00	0.00e+00	0.00e+00	0.00e+00	0.00e+00	9.38e-100
 2.55435e+13	6.84e-29	5.81e-21	6.73e-14	1.14e-07	7.21e-01	2.79e-01	1.27e-04	0.00e+00	0.00e+00	0.00e+00	0.00e+00	0.00e+00	7.74e-85
 2.64262e+13	9.04e-29	7.24e-21	7.90e-14	1.25e-07	7.36e-01	2.64e-01	1.12e-04	0.00e+00	0.00e+00	0.00e+00	0.00e+00	0.00e+00	5.73e-99
 2.73875e+13	1.21e-28	9.10e-21	9.33e-14	1.38e-07	7.50e-01	2.49e-01	9.80e-05	0.00e+00	0.00e+00	0.00e+00	0.00e+00	0.00e+00	3.26e-84
 2.84649e+13	1.66e-28	1.16e-20	1.12e-13	1.53e-07	7.66e-01	2.34e-01	8.47e-05	0.00e+00	0.00e+00	0.00e+00	0.00e+00	0.00e+00	3.72e-98
 2.94856e+13	2.21e-28	1.45e-20	1.31e-13	1.68e-07	7.79e-01	2.21e-01	7.42e-05	0.00e+00	0.00e+00	0.00e+00	0.00e+00	0.00e+00	1.50e-83
 3.05868e+13	2.97e-28	1.83e-20	1.55e-13	1.84e-07	7.92e-01	2.08e-01	6.46e-05	0.00e+00	0.00e+00	0.00e+00	0.00e+00	0.00e+00	2.27e-97
 3.18128e+13	4.07e-28	2.35e-20	1.85e-13	2.04e-07	8.06e-01	1.94e-01	5.55e-05	0.00e+00	0.00e+00	0.00e+00	0.00e+00	0.00e+00	7.16e-83
 3.29965e+13	5.46e-28	2.95e-20	2.18e-13	2.24e-07	8.18e-01	1.82e-01	4.83e-05	0.00e+00	0.00e+00	0.00e+00	0.00e+00	0.00e+00	1.53e-96
 3.42549e+13	7.37e-28	3.72e-20	2.58e-13	2.46e-07	8.29e-01	1.71e-01	4.18e-05	0.00e+00	0.00e+00	0.00e+00	0.00e+00	0.00e+00	3.31e-82
 3.56551e+13	1.01e-27	4.77e-20	3.08e-13	2.72e-07	8.41e-01	1.59e-01	3.58e-05	0.00e+00	0.00e+00	0.00e+00	0.00e+00	0.00e+00	1.07e-95
 3.70621e+13	1.38e-27	6.06e-20	3.65e-13	2.98e-07	8.51e-01	1.49e-01	3.08e-05	0.00e+00	0.00e+00	0.00e+00	0.00e+00	0.00e+00	1.69e-81
 3.85254e+13	1.88e-27	7.69e-20	4.32e-13	3.28e-07	8.61e-01	1.39e-01	2.65e-05	0.00e+00	0.00e+00	0.00e+00	0.00e+00	0.00e+00	7.54e-95
 4.00963e+13	2.58e-27	9.82e-20	5.14e-13	3.60e-07	8.71e-01	1.29e-01	2.27e-05	0.00e+00	0.00e+00	0.00e+00	0.00e+00	0.00e+00	8.64e-81
 4.17301e+13	3.55e-27	1.25e-19	6.11e-13	3.96e-07	8.80e-01	1.20e-01	1.94e-05	0.00e+00	0.00e+00	0.00e+00	0.00e+00	0.00e+00	5.65e-94
 4.32873e+13	4.74e-27	1.57e-19	7.14e-13	4.31e-07	8.88e-01	1.12e-01	1.68e-05	0.00e+00	0.00e+00	0.00e+00	0.00e+00	0.00e+00	4.26e-80
 4.47091e+13	6.12e-27	1.91e-19	8.20e-13	4.65e-07	8.95e-01	1.05e-01	1.48e-05	0.00e+00	0.00e+00	0.00e+00	0.00e+00	0.00e+00	3.22e-93
 4.60502e+13	7.73e-27	2.28e-19	9.30e-13	4.98e-07	9.00e-01	9.97e-02	1.31e-05	0.00e+00	0.00e+00	0.00e+00	0.00e+00	0.00e+00	1.55e-79
 4.75306e+13	9.93e-27	2.76e-19	1.06e-12	5.35e-07	9.06e-01	9.40e-02	1.16e-05	0.00e+00	0.00e+00	0.00e+00	0.00e+00	0.00e+00	1.51e-92
 4.91905e+13	1.30e-26	3.40e-19	1.23e-12	5.78e-07	9.12e-01	8.81e-02	1.01e-05	0.00e+00	0.00e+00	0.00e+00	0.00e+00	0.00e+00	6.17e-79
 5.07609e+13	1.67e-26	4.12e-19	1.40e-12	6.20e-07	9.17e-01	8.30e-02	8.96e-06	0.00e+00	0.00e+00	0.00e+00	0.00e+00	0.00e+00	8.00e-92
 5.24797e+13	2.17e-26	5.03e-19	1.61e-12	6.68e-07	9.22e-01	7.79e-02	7.86e-06	0.00e+00	0.00e+00	0.00e+00	0.00e+00	0.00e+00	2.42e-78
 5.44072e+13	2.88e-26	6.25e-19	1.87e-12	7.24e-07	9.27e-01	7.28e-02	6.81e-06	0.00e+00	0.00e+00	0.00e+00	0.00e+00	0.00e+00	4.65e-91
 5.61957e+13	3.73e-26	7.60e-19	2.14e-12	7.77e-07	9.32e-01	6.84e-02	6.00e-06	0.00e+00	0.00e+00	0.00e+00	0.00e+00	0.00e+00	1.03e-77
 5.78571e+13	4.69e-26	9.05e-19	2.42e-12	8.28e-07	9.35e-01	6.47e-02	5.34e-06	0.00e+00	0.00e+00	0.00e+00	0.00e+00	0.00e+00	2.22e-90
 5.97636e+13	6.06e-26	1.10e-18	2.77e-12	8.88e-07	9.39e-01	6.08e-02	4.70e-06	0.00e+00	0.00e+00	0.00e+00	0.00e+00	0.00e+00	3.80e-77
 6.20729e+13	8.17e-26	1.38e-18	3.24e-12	9.65e-07	9.43e-01	5.65e-02	4.04e-06	0.00e+00	0.00e+00	0.00e+00	0.00e+00	0.00e+00	1.33e-89
 6.43476e+13	1.09e-25	1.71e-18	3.75e-12	1.04e-06	9.47e-01	5.28e-02	3.51e-06	0.00e+00	0.00e+00	0.00e+00	0.00e+00	0.00e+00	1.83e-76
 6.63399e+13	1.38e-25	2.06e-18	4.25e-12	1.11e-06	9.50e-01	4.98e-02	3.11e-06	0.00e+00	0.00e+00	0.00e+00	0.00e+00	0.00e+00	3.51e-76
 6.85235e+13	1.79e-25	2.50e-18	4.85e-12	1.19e-06	9.53e-01	4.67e-02	2.74e-06	0.00e+00	0.00e+00	0.00e+00	0.00e+00	0.00e+00	7.02e-76
 7.11679e+13	2.41e-25	3.14e-18	5.67e-12	1.29e-06	9.57e-01	4.34e-02	2.35e-06	0.00e+00	0.00e+00	0.00e+00	0.00e+00	0.00e+00	1.58e-75
 7.38207e+13	3.22e-25	3.91e-18	6.58e-12	1.39e-06	9.60e-01	4.05e-02	2.04e-06	0.00e+00	0.00e+00	0.00e+00	0.00e+00	0.00e+00	3.46e-75
 7.62186e+13	4.15e-25	4.73e-18	7.49e-12	1.49e-06	9.62e-01	3.80e-02	1.80e-06	0.00e+00	0.00e+00	0.00e+00	0.00e+00	0.00e+00	6.89e-75
 7.88754e+13	5.44e-25	5.81e-18	8.60e-12	1.60e-06	9.64e-01	3.56e-02	1.57e-06	0.00e+00	0.00e+00	0.00e+00	0.00e+00	0.00e+00	1.44e-74
 8.19996e+13	7.40e-25	7.33e-18	1.01e-11	1.74e-06	9.67e-01	3.30e-02	1.34e-06	0.00e+00	0.00e+00	0.00e+00	0.00e+00	0.00e+00	3.32e-74
 8.50854e+13	9.92e-25	9.14e-18	1.17e-11	1.87e-06	9.69e-01	3.07e-02	1.16e-06	0.00e+00	0.00e+00	0.00e+00	0.00e+00	0.00e+00	7.38e-74
 8.79714e+13	1.29e-24	1.12e-17	1.34e-11	2.01e-06	9.71e-01	2.88e-02	1.02e-06	0.00e+00	0.00e+00	0.00e+00	0.00e+00	0.00e+00	1.52e-73
 9.11969e+13	1.72e-24	1.38e-17	1.55e-11	2.16e-06	9.73e-01	2.68e-02	8.84e-07	0.00e+00	0.00e+00	0.00e+00	0.00e+00	0.00e+00	3.31e-73
 9.48747e+13	2.35e-24	1.75e-17	1.82e-11	2.35e-06	9.75e-01	2.48e-02	0.00e+00	0.00e+00	0.00e+00	0.00e+00	0.00e+00	0.00e+00	7.77e-73
 9.85261e+13	3.17e-24	2.20e-17	2.11e-11	2.53e-06	9.77e-01	2.31e-02	0.00e+00	0.00e+00	0.00e+00	0.00e+00	0.00e+00	0.00e+00	1.76e-72
 1.02324e+14	4.28e-24	2.75e-17	2.46e-11	2.74e-06	9.79e-01	2.14e-02	0.00e+00	0.00e+00	0.00e+00	0.00e+00	0.00e+00	0.00e+00	4.00e-72
 1.06446e+14	5.86e-24	3.49e-17	2.88e-11	2.97e-06	9.80e-01	1.98e-02	0.00e+00	0.00e+00	0.00e+00	0.00e+00	0.00e+00	0.00e+00	9.41e-72
 1.10734e+14	8.01e-24	4.41e-17	3.38e-11	3.22e-06	9.82e-01	1.83e-02	0.00e+00	0.00e+00	0.00e+00	0.00e+00	0.00e+00	0.00e+00	2.21e-71
 1.14886e+14	1.07e-23	5.50e-17	3.92e-11	3.47e-06	9.83e-01	1.70e-02	0.00e+00	0.00e+00	0.00e+00	0.00e+00	1.76e-17	3.74e-17	4.91e-71
 1.18790e+14	1.40e-23	6.71e-17	4.48e-11	3.71e-06	9.84e-01	1.60e-02	0.00e+00	0.00e+00	0.00e+00	0.00e+00	2.23e-17	4.48e-17	1.01e-70
 1.23158e+14	1.86e-23	8.33e-17	5.18e-11	4.00e-06	9.85e-01	1.48e-02	0.00e+00	0.00e+00	0.00e+00	0.00e+00	2.76e-17	5.56e-17	2.21e-70
 1.27560e+14	2.45e-23	1.03e-16	5.97e-11	4.29e-06	9.86e-01	1.38e-02	0.00e+00	0.00e+00	0.00e+00	0.00e+00	3.41e-17	6.86e-17	4.71e-70
 1.31214e+14	3.07e-23	1.21e-16	6.68e-11	4.55e-06	9.87e-01	1.31e-02	0.00e+00	0.00e+00	0.00e+00	0.00e+00	4.03e-17	8.11e-17	8.68e-70
 1.35081e+14	3.86e-23	1.44e-16	7.51e-11	4.83e-06	9.88e-01	1.24e-02	0.00e+00	0.00e+00	0.00e+00	0.00e+00	4.79e-17	9.65e-17	1.62e-69
 1.40027e+14	5.13e-23	1.79e-16	8.68e-11	5.19e-06	9.88e-01	1.15e-02	0.00e+00	0.00e+00	0.00e+00	0.00e+00	5.94e-17	1.19e-16	3.52e-69
 1.45217e+14	6.83e-23	2.22e-16	1.01e-10	5.60e-06	9.89e-01	1.07e-02	0.00e+00	0.00e+00	0.00e+00	0.00e+00	7.37e-17	1.48e-16	7.77e-69
 1.49800e+14	8.73e-23	2.67e-16	1.14e-10	5.97e-06	9.90e-01	1.00e-02	0.00e+00	0.00e+00	0.00e+00	0.00e+00	8.87e-17	1.79e-16	1.50e-68
 1.54750e+14	1.13e-22	3.24e-16	1.30e-10	6.38e-06	9.91e-01	9.40e-03	0.00e+00	0.00e+00	0.00e+00	0.00e+00	1.08e-16	2.17e-16	3.02e-68
 1.60715e+14	1.52e-22	4.06e-16	1.51e-10	6.89e-06	9.91e-01	8.71e-03	0.00e+00	0.00e+00	0.00e+00	0.00e+00	1.35e-16	2.71e-16	6.78e-68
 1.66768e+14	2.03e-22	5.06e-16	1.76e-10	7.44e-06	9.92e-01	8.08e-03	0.00e+00	0.00e+00	0.00e+00	0.00e+00	1.68e-16	3.38e-16	1.50e-67
 1.72429e+14	2.64e-22	6.17e-16	2.01e-10	7.97e-06	9.92e-01	7.55e-03	0.00e+00	0.00e+00	0.00e+00	0.00e+00	2.05e-16	4.12e-16	3.06e-67
 1.78722e+14	3.50e-22	7.64e-16	2.33e-10	8.58e-06	9.93e-01	7.02e-03	0.00e+00	0.00e+00	0.00e+00	0.00e+00	2.54e-16	5.11e-16	6.58e-67
 1.85406e+14	4.67e-22	9.51e-16	2.70e-10	9.26e-06	9.93e-01	6.52e-03	0.00e+00	0.00e+00	0.00e+00	0.00e+00	3.16e-16	6.36e-16	1.44e-66
 1.91347e+14	5.98e-22	1.15e-15	3.07e-10	9.89e-06	9.94e-01	6.11e-03	0.00e+00	0.00e+00	0.00e+00	0.00e+00	3.81e-16	7.67e-16	2.83e-66
 1.97734e+14	7.74e-22	1.39e-15	3.50e-10	1.06e-05	9.94e-01	5.71e-03	0.00e+00	0.00e+00	0.00e+00	0.00e+00	4.63e-16	9.32e-16	5.68e-66
 2.05386e+14	1.04e-21	1.75e-15	4.09e-10	1.15e-05	9.95e-01	5.29e-03	0.00e+00	0.00e+00	0.00e+00	0.00e+00	5.80e-16	1.17e-15	1.28e-65
 2.12915e+14	1.38e-21	2.16e-15	4.73e-10	1.23e-05	9.95e-01	4.91e-03	0.00e+00	0.00e+00	0.00e+00	0.00e+00	7.18e-16	1.45e-15	2.74e-65
 2.19619e+14	1.76e-21	2.60e-15	5.37e-10	1.32e-05	9.95e-01	4.61e-03	0.00e+00	0.00e+00	0.00e+00	0.00e+00	8.63e-16	1.74e-15	5.32e-65
 2.27020e+14	2.28e-21	3.17e-15	6.14e-10	1.41e-05	9.96e-01	4.31e-03	0.00e+00	0.00e+00	0.00e+00	0.00e+00	1.05e-15	2.12e-15	1.07e-64
 2.35842e+14	3.08e-21	3.98e-15	7.17e-10	1.53e-05	9.96e-01	3.98e-03	0.00e+00	0.00e+00	0.00e+00	0.00e+00	1.32e-15	2.66e-15	2.41e-64
 2.44594e+14	4.09e-21	4.94e-15	8.31e-10	1.65e-05	9.96e-01	3.69e-03	0.00e+00	0.00e+00	0.00e+00	0.00e+00	1.64e-15	3.30e-15	5.24e-64
 2.52587e+14	5.27e-21	5.97e-15	9.47e-10	1.76e-05	9.97e-01	3.46e-03	0.00e+00	0.00e+00	0.00e+00	0.00e+00	1.98e-15	3.99e-15	1.04e-63
 2.61513e+14	6.90e-21	7.34e-15	1.09e-09	1.89e-05	9.97e-01	3.22e-03	0.00e+00	0.00e+00	0.00e+00	0.00e+00	2.43e-15	4.91e-15	2.17e-63
 2.71904e+14	9.36e-21	9.25e-15	1.28e-09	2.05e-05	9.97e-01	2.97e-03	0.00e+00	0.00e+00	0.00e+00	0.00e+00	3.06e-15	6.18e-15	4.97e-63
 2.82114e+14	1.25e-20	1.15e-14	1.48e-09	2.22e-05	9.97e-01	2.75e-03	0.00e+00	0.00e+00	0.00e+00	0.00e+00	3.81e-15	7.69e-15	1.09e-62
 2.91764e+14	1.62e-20	1.40e-14	1.70e-09	2.38e-05	9.97e-01	2.57e-03	0.00e+00	0.00e+00	0.00e+00	0.00e+00	4.65e-15	9.39e-15	2.23e-62
 3.02497e+14	2.15e-20	1.74e-14	1.97e-09	2.56e-05	9.98e-01	2.39e-03	0.00e+00	0.00e+00	0.00e+00	0.00e+00	5.76e-15	1.16e-14	4.80e-62
 3.14627e+14	2.93e-20	2.19e-14	2.30e-09	2.78e-05	9.98e-01	2.20e-03	0.00e+00	0.00e+00	0.00e+00	0.00e+00	7.27e-15	1.47e-14	1.10e-61
 3.26781e+14	3.94e-20	2.75e-14	2.68e-09	3.00e-05	9.98e-01	2.04e-03	0.00e+00	0.00e+00	0.00e+00	0.00e+00	9.10e-15	1.84e-14	2.49e-61
 3.38196e+14	5.15e-20	3.37e-14	3.08e-09	3.22e-05	9.98e-01	1.90e-03	0.00e+00	0.00e+00	0.00e+00	0.00e+00	1.12e-14	2.25e-14	5.17e-61
 3.50529e+14	6.81e-20	4.16e-14	3.56e-09	3.47e-05	9.98e-01	1.76e-03	0.00e+00	0.00e+00	0.00e+00	0.00e+00	1.38e-14	2.78e-14	1.11e-60
 3.64300e+14	9.21e-20	5.23e-14	4.16e-09	3.76e-05	9.98e-01	1.63e-03	0.00e+00	0.00e+00	0.00e+00	0.00e+00	1.73e-14	3.50e-14	2.53e-60
 3.77184e+14	1.21e-19	6.43e-14	4.79e-09	4.03e-05	9.98e-01	1.52e-03	0.00e+00	0.00e+00	0.00e+00	0.00e+00	2.13e-14	4.30e-14	5.33e-60
 3.89136e+14	1.54e-19	7.73e-14	5.43e-09	4.30e-05	9.99e-01	1.42e-03	0.00e+00	0.00e+00	0.00e+00	0.00e+00	2.56e-14	5.17e-14	1.04e-59
 4.00662e+14	1.94e-19	9.19e-14	6.10e-09	4.57e-05	9.99e-01	1.34e-03	0.00e+00	0.00e+00	0.00e+00	0.00e+00	3.04e-14	6.15e-14	1.94e-59
 4.13485e+14	2.48e-19	1.11e-13	6.93e-09	4.87e-05	9.99e-01	1.26e-03	0.00e+00	0.00e+00	0.00e+00	0.00e+00	3.66e-14	7.41e-14	3.81e-59
 4.27677e+14	3.23e-19	1.35e-13	7.93e-09	5.22e-05	9.99e-01	1.17e-03	0.00e+00	0.00e+00	0.00e+00	0.00e+00	4.47e-14	9.05e-14	7.86e-59
 4.40895e+14	4.11e-19	1.62e-13	8.97e-09	5.55e-05	9.99e-01	1.10e-03	0.00e+00	0.00e+00	0.00e+00	0.00e+00	5.36e-14	1.08e-13	1.51e-58
 4.55323e+14	5.29e-19	1.96e-13	1.02e-08	5.93e-05	9.99e-01	1.03e-03	0.00e+00	0.00e+00	0.00e+00	0.00e+00	6.48e-14	1.31e-13	3.02e-58
 4.71579e+14	6.96e-19	2.41e-13	1.18e-08	6.37e-05	9.99e-01	9.61e-04	0.00e+00	0.00e+00	0.00e+00	0.00e+00	7.98e-14	1.62e-13	6.41e-58
 4.87042e+14	8.97e-19	2.92e-13	1.34e-08	6.80e-05	9.99e-01	9.00e-04	0.00e+00	0.00e+00	0.00e+00	0.00e+00	9.66e-14	1.96e-13	1.29e-57
 5.03976e+14	1.17e-18	3.58e-13	1.53e-08	7.30e-05	9.99e-01	8.39e-04	0.00e+00	0.00e+00	0.00e+00	0.00e+00	1.18e-13	2.40e-13	2.69e-57
 5.22632e+14	1.56e-18	4.45e-13	1.78e-08	7.86e-05	9.99e-01	7.79e-04	0.00e+00	0.00e+00	0.00e+00	0.00e+00	1.47e-13	2.98e-13	5.89e-57
 5.39773e+14	2.01e-18	5.38e-13	2.02e-08	8.40e-05	9.99e-01	7.30e-04	0.00e+00	0.00e+00	0.00e+00	0.00e+00	1.78e-13	3.61e-13	1.18e-56
 5.58305e+14	2.62e-18	6.58e-13	2.32e-08	9.00e-05	9.99e-01	6.81e-04	0.00e+00	0.00e+00	0.00e+00	0.00e+00	2.17e-13	4.41e-13	2.44e-56
 5.79062e+14	3.49e-18	8.17e-13	2.68e-08	9.69e-05	9.99e-01	6.32e-04	0.00e+00	0.00e+00	0.00e+00	0.00e+00	2.69e-13	5.47e-13	5.37e-56
 5.98621e+14	4.53e-18	9.95e-13	3.06e-08	1.04e-04	9.99e-01	5.90e-04	0.00e+00	0.00e+00	0.00e+00	0.00e+00	3.28e-13	6.67e-13	1.10e-55
 6.19955e+14	5.95e-18	1.22e-12	3.53e-08	1.11e-04	9.99e-01	5.49e-04	0.00e+00	0.00e+00	0.00e+00	0.00e+00	4.03e-13	8.20e-13	2.33e-55
 6.43656e+14	7.98e-18	1.53e-12	4.10e-08	1.20e-04	9.99e-01	5.08e-04	0.00e+00	0.00e+00	0.00e+00	0.00e+00	5.03e-13	1.02e-12	5.22e-55
 6.65769e+14	1.04e-17	1.87e-12	4.70e-08	1.29e-04	9.99e-01	4.75e-04	0.00e+00	0.00e+00	0.00e+00	0.00e+00	6.15e-13	1.25e-12	1.08e-54
 6.89779e+14	1.37e-17	2.30e-12	5.42e-08	1.39e-04	9.99e-01	4.41e-04	0.00e+00	0.00e+00	0.00e+00	0.00e+00	7.57e-13	1.54e-12	2.31e-54
 7.16655e+14	1.84e-17	2.88e-12	6.32e-08	1.50e-04	9.99e-01	4.07e-04	0.00e+00	0.00e+00	0.00e+00	0.00e+00	9.48e-13	1.93e-12	5.25e-54
 7.42182e+14	2.42e-17	3.54e-12	7.27e-08	1.61e-04	9.99e-01	3.79e-04	0.00e+00	0.00e+00	0.00e+00	0.00e+00	1.17e-12	2.38e-12	1.11e-53
 7.69474e+14	3.20e-17	4.38e-12	8.41e-08	1.74e-04	9.99e-01	3.51e-04	0.00e+00	0.00e+00	0.00e+00	0.00e+00	1.44e-12	2.94e-12	2.40e-53
 8.00282e+14	4.33e-17	5.52e-12	9.86e-08	1.89e-04	9.99e-01	3.24e-04	0.00e+00	0.00e+00	0.00e+00	0.00e+00	1.81e-12	3.70e-12	5.53e-53
 8.30661e+14	5.77e-17	6.87e-12	1.15e-07	2.04e-04	9.99e-01	2.99e-04	0.00e+00	4.75e-18	1.43e-17	2.38e-17	2.26e-12	4.61e-12	1.22e-52
 8.62254e+14	7.67e-17	8.54e-12	1.33e-07	2.21e-04	1.00e+00	2.77e-04	0.00e+00	6.32e-18	1.90e-17	3.17e-17	2.81e-12	5.74e-12	2.70e-52
 8.95766e+14	1.03e-16	1.07e-11	1.56e-07	2.39e-04	1.00e+00	2.55e-04	0.00e+00	8.45e-18	2.54e-17	4.24e-17	3.50e-12	7.17e-12	6.02e-52
 9.23796e+14	1.30e-16	1.28e-11	1.76e-07	2.55e-04	1.00e+00	2.39e-04	0.00e+00	1.07e-17	3.21e-17	5.37e-17	4.19e-12	8.59e-12	1.16e-51
 9.45419e+14	1.55e-16	1.46e-11	1.94e-07	2.68e-04	1.00e+00	2.28e-04	0.00e+00	1.27e-17	3.82e-17	6.39e-17	4.79e-12	9.82e-12	1.88e-51
 9.68839e+14	1.86e-16	1.68e-11	2.14e-07	2.83e-04	1.00e+00	2.16e-04	0.00e+00	1.53e-17	4.60e-17	7.69e-17	5.52e-12	1.13e-11	3.13e-51
 9.99285e+14	2.34e-16	2.02e-11	2.43e-07	3.02e-04	9.99e-01	2.02e-04	0.00e+00	1.93e-17	5.81e-17	9.70e-17	6.61e-12	1.36e-11	5.97e-51
 1.03235e+15	2.99e-16	2.43e-11	2.77e-07	3.24e-04	9.99e-01	1.88e-04	0.00e+00	2.47e-17	7.41e-17	1.24e-16	7.97e-12	1.64e-11	1.18e-50
 1.06223e+15	3.69e-16	2.87e-11	3.11e-07	3.45e-04	9.99e-01	1.77e-04	0.00e+00	3.05e-17	9.16e-17	1.53e-16	9.40e-12	1.93e-11	2.13e-50
 1.09450e+15	4.61e-16	3.41e-11	3.52e-07	3.68e-04	9.99e-01	1.66e-04	0.00e+00	3.81e-17	1.14e-16	1.91e-16	1.12e-11	2.29e-11	3.94e-50
 1.13501e+15	6.03e-16	4.20e-11	4.09e-07	3.99e-04	9.99e-01	1.53e-04	0.00e+00	4.98e-17	1.50e-16	2.50e-16	1.37e-11	2.82e-11	8.36e-50
 1.17577e+15	7.80e-16	5.14e-11	4.72e-07	4.31e-04	9.99e-01	1.42e-04	0.00e+00	6.46e-17	1.94e-16	3.24e-16	1.68e-11	3.46e-11	1.73e-49
 1.21047e+15	9.65e-16	6.06e-11	5.32e-07	4.60e-04	9.99e-01	1.33e-04	0.00e+00	7.99e-17	2.40e-16	4.01e-16	1.98e-11	4.08e-11	3.15e-49
 1.24773e+15	1.20e-15	7.19e-11	6.02e-07	4.92e-04	9.99e-01	1.24e-04	0.00e+00	9.92e-17	2.98e-16	4.98e-16	2.35e-11	4.84e-11	5.80e-49
 1.29419e+15	1.56e-15	8.85e-11	7.00e-07	5.34e-04	9.99e-01	1.15e-04	0.00e+00	1.29e-16	3.88e-16	6.48e-16	2.89e-11	5.95e-11	1.22e-48
 1.34205e+15	2.02e-15	1.09e-10	8.12e-07	5.79e-04	9.99e-01	1.06e-04	0.00e+00	1.67e-16	5.03e-16	8.40e-16	3.55e-11	7.31e-11	2.57e-48
 1.38460e+15	2.51e-15	1.29e-10	9.22e-07	6.21e-04	9.99e-01	9.88e-05	0.00e+00	2.09e-16	6.27e-16	1.05e-15	4.23e-11	8.70e-11	4.84e-48
 1.43081e+15	3.15e-15	1.55e-10	1.06e-06	6.70e-04	9.99e-01	9.18e-05	0.00e+00	2.62e-16	7.87e-16	1.32e-15	5.07e-11	1.04e-10	9.34e-48
 1.48608e+15	4.11e-15	1.92e-10	1.23e-06	7.29e-04	9.99e-01	8.43e-05	0.00e+00	3.42e-16	1.03e-15	1.72e-15	6.26e-11	1.29e-10	2.02e-47
 1.54059e+15	5.27e-15	2.34e-10	1.43e-06	7.91e-04	9.99e-01	7.78e-05	0.00e+00	4.39e-16	1.32e-15	2.20e-15	7.64e-11	1.57e-10	4.19e-47
 1.58949e+15	6.52e-15	2.77e-10	1.62e-06	8.50e-04	9.99e-01	7.25e-05	0.00e+00	5.44e-16	1.63e-15	2.73e-15	9.07e-11	1.87e-10	7.84e-47
 1.64364e+15	8.20e-15	3.33e-10	1.86e-06	9.17e-04	9.99e-01	6.72e-05	0.00e+00	6.85e-16	2.06e-15	3.44e-15	1.09e-10	2.24e-10	1.55e-46
 1.70775e+15	1.06e-14	4.11e-10	2.17e-06	1.00e-03	9.99e-01	6.16e-05	0.00e+00	8.88e-16	2.67e-15	4.45e-15	1.34e-10	2.77e-10	3.35e-46
 1.77117e+15	1.36e-14	5.01e-10	2.52e-06	1.09e-03	9.99e-01	5.68e-05	0.00e+00	1.14e-15	3.41e-15	5.69e-15	1.64e-10	3.37e-10	7.00e-46
 1.82959e+15	1.63e-14	5.98e-10	2.87e-06	1.17e-03	9.99e-01	5.27e-05	0.00e+00	1.37e-15	4.10e-15	6.85e-15	1.96e-10	4.02e-10	1.33e-45
 1.89515e+15	2.05e-14	7.24e-10	3.31e-06	1.27e-03	9.99e-01	4.87e-05	0.00e+00	1.72e-15	5.17e-15	8.63e-15	2.37e-10	4.87e-10	2.71e-45
 1.97087e+15	2.64e-14	8.94e-10	3.88e-06	1.39e-03	9.99e-01	4.46e-05	0.00e+00	2.22e-15	6.66e-15	1.11e-14	2.92e-10	6.02e-10	6.01e-45
 2.04494e+15	3.34e-14	1.09e-09	4.51e-06	1.51e-03	9.98e-01	4.10e-05	0.00e+00	2.81e-15	8.44e-15	1.41e-14	3.57e-10	7.34e-10	1.27e-44
 2.11572e+15	4.14e-14	1.31e-09	5.17e-06	1.64e-03	9.98e-01	3.80e-05	0.00e+00	3.49e-15	1.05e-14	1.75e-14	4.29e-10	8.81e-10	2.54e-44
 2.19413e+15	5.21e-14	1.59e-09	5.99e-06	1.78e-03	9.98e-01	3.50e-05	0.00e+00	4.40e-15	1.32e-14	2.21e-14	5.21e-10	1.07e-09	5.34e-44
 2.26794e+15	6.39e-14	1.90e-09	6.84e-06	1.92e-03	9.98e-01	3.25e-05	0.00e+00	5.40e-15	1.62e-14	2.71e-14	6.23e-10	1.28e-09	1.05e-43
 2.32346e+15	7.43e-14	2.16e-09	7.53e-06	2.03e-03	9.98e-01	3.08e-05	0.00e+00	6.29e-15	1.89e-14	3.15e-14	7.09e-10	1.46e-09	1.72e-43
 2.38037e+15	8.63e-14	2.46e-09	8.30e-06	2.15e-03	9.98e-01	2.91e-05	0.00e+00	7.31e-15	2.19e-14	3.66e-14	8.07e-10	1.66e-09	2.82e-43
 2.45435e+15	1.04e-13	2.90e-09	9.39e-06	2.30e-03	9.98e-01	2.72e-05	0.00e+00	8.83e-15	2.65e-14	4.43e-14	9.51e-10	1.95e-09	5.30e-43
 2.53405e+15	1.26e-13	3.44e-09	1.07e-05	2.48e-03	9.97e-01	2.53e-05	0.00e+00	1.07e-14	3.22e-14	5.38e-14	1.13e-09	2.32e-09	1.04e-42
 2.60540e+15	1.50e-13	3.99e-09	1.19e-05	2.64e-03	9.97e-01	2.38e-05	0.00e+00	1.27e-14	3.82e-14	6.37e-14	1.31e-09	2.68e-09	1.83e-42
 2.68237e+15	1.79e-13	4.67e-09	1.34e-05	2.82e-03	9.97e-01	2.23e-05	0.00e+00	1.52e-14	4.56e-14	7.61e-14	1.53e-09	3.14e-09	3.38e-42
 2.78041e+15	2.22e-13	5.67e-09	1.55e-05	3.07e-03	9.97e-01	2.06e-05	0.00e+00	1.89e-14	5.67e-14	9.46e-14	1.86e-09	3.81e-09	7.27e-42
 2.87950e+15	2.72e-13	6.84e-09	1.78e-05	3.32e-03	9.97e-01	1.91e-05	0.00e+00	2.32e-14	6.97e-14	1.16e-13	2.24e-09	4.59e-09	1.53e-41
 2.96265e+15	3.22e-13	7.95e-09	1.99e-05	3.55e-03	9.96e-01	1.79e-05	0.00e+00	2.75e-14	8.26e-14	1.38e-13	2.61e-09	5.34e-09	2.75e-41
 3.05144e+15	3.84e-13	9.33e-09	2.24e-05	3.79e-03	9.96e-01	1.68e-05	0.00e+00	3.28e-14	9.85e-14	1.65e-13	3.06e-09	6.26e-09	5.17e-41
 3.16367e+15	4.74e-13	1.13e-08	2.59e-05	4.12e-03	9.96e-01	1.56e-05	0.00e+00	4.06e-14	1.22e-13	2.04e-13	3.73e-09	7.62e-09	1.12e-40
 3.28133e+15	5.85e-13	1.38e-08	3.00e-05	4.48e-03	9.95e-01	1.44e-05	0.00e+00	5.02e-14	1.51e-13	2.51e-13	4.54e-09	9.27e-09	2.43e-40
 3.38715e+15	7.04e-13	1.64e-08	3.40e-05	4.82e-03	9.95e-01	1.35e-05	0.00e+00	6.04e-14	1.81e-13	3.03e-13	5.38e-09	1.10e-08	4.78e-40
 3.50265e+15	8.56e-13	1.96e-08	3.88e-05	5.20e-03	9.95e-01	1.25e-05	0.00e+00	7.36e-14	2.21e-13	3.69e-13	6.45e-09	1.32e-08	9.79e-40
 3.63930e+15	1.06e-12	2.42e-08	4.53e-05	5.67e-03	9.94e-01	1.16e-05	0.00e+00	9.15e-14	2.75e-13	4.59e-13	7.96e-09	1.62e-08	2.23e-39
 3.77324e+15	1.30e-12	2.94e-08	5.23e-05	6.16e-03	9.94e-01	1.08e-05	0.00e+00	1.12e-13	3.37e-13	5.62e-13	9.69e-09	1.98e-08	4.80e-39
 3.89521e+15	1.56e-12	3.50e-08	5.94e-05	6.62e-03	9.93e-01	1.01e-05	0.00e+00	1.34e-13	4.03e-13	6.73e-13	1.15e-08	2.35e-08	9.43e-39
 4.03180e+15	1.89e-12	4.22e-08	6.81e-05	7.16e-03	9.93e-01	9.43e-06	0.00e+00	1.64e-13	4.91e-13	8.19e-13	1.39e-08	2.83e-08	1.97e-38
 4.19119e+15	2.36e-12	5.23e-08	7.95e-05	7.81e-03	9.92e-01	8.74e-06	0.00e+00	2.04e-13	6.13e-13	1.02e-12	1.72e-08	3.51e-08	4.46e-38
 4.34799e+15	2.91e-12	6.38e-08	9.20e-05	8.49e-03	9.91e-01	8.14e-06	0.00e+00	2.52e-13	7.57e-13	1.26e-12	2.10e-08	4.28e-08	9.58e-38
 4.49587e+15	3.51e-12	7.68e-08	1.05e-04	9.16e-03	9.91e-01	7.65e-06	0.00e+00	3.05e-13	9.14e-13	1.53e-12	2.53e-08	5.15e-08	1.94e-37
 4.66055e+15	4.29e-12	9.36e-08	1.21e-04	9.94e-03	9.90e-01	7.16e-06	0.00e+00	3.73e-13	1.12e-12	1.87e-12	3.08e-08	6.27e-08	4.15e-37
 4.81707e+15	5.15e-12	1.12e-07	1.39e-04	1.07e-02	9.89e-01	6.75e-06	0.00e+00	4.47e-13	1.34e-12	2.24e-12	3.70e-08	7.51e-08	8.16e-37
 4.93347e+15	5.83e-12	1.28e-07	1.52e-04	1.13e-02	9.89e-01	6.49e-06	0.00e+00	5.07e-13	1.52e-12	2.54e-12	4.22e-08	8.56e-08	1.34e-36
 5.05141e+15	6.70e-12	1.46e-07	1.68e-04	1.19e-02	9.88e-01	6.23e-06	0.00e+00	5.83e-13	1.75e-12	2.92e-12	4.81e-08	9.76e-08	2.19e-36
 5.20473e+15	7.99e-12	1.72e-07	1.89e-04	1.28e-02	9.87e-01	5.92e-06	0.00e+00	6.97e-13	2.09e-12	3.49e-12	5.67e-08	1.15e-07	4.08e-36
 5.37115e+15	9.55e-12	2.04e-07	2.14e-04	1.37e-02	9.86e-01	5.61e-06	0.00e+00	8.34e-13	2.50e-12	4.18e-12	6.75e-08	1.37e-07	7.72e-36
 5.52076e+15	1.12e-11	2.38e-07	2.39e-04	1.46e-02	9.85e-01	5.38e-06	0.00e+00	9.78e-13	2.93e-12	4.90e-12	7.87e-08	1.60e-07	1.35e-35
 5.68143e+15	1.32e-11	2.80e-07	2.69e-04	1.56e-02	9.84e-01	5.14e-06	0.00e+00	1.16e-12	3.47e-12	5.79e-12	9.24e-08	1.87e-07	2.45e-35
 5.88771e+15	1.63e-11	3.43e-07	3.11e-04	1.69e-02	9.83e-01	4.88e-06	0.00e+00	1.43e-12	4.29e-12	7.17e-12	1.13e-07	2.29e-07	5.14e-35
 6.09547e+15	1.99e-11	4.16e-07	3.57e-04	1.83e-02	9.81e-01	4.65e-06	0.00e+00	1.74e-12	5.23e-12	8.72e-12	1.37e-07	2.78e-07	1.03e-34
 6.26590e+15	2.34e-11	4.85e-07	3.99e-04	1.95e-02	9.80e-01	4.48e-06	0.00e+00	2.05e-12	6.16e-12	1.03e-11	1.60e-07	3.25e-07	1.79e-34
 6.44560e+15	2.78e-11	5.70e-07	4.48e-04	2.08e-02	9.79e-01	4.31e-06	0.00e+00	2.44e-12	7.33e-12	1.22e-11	1.89e-07	3.82e-07	3.19e-34
 6.67813e+15	3.46e-11	6.98e-07	5.17e-04	2.25e-02	9.77e-01	4.11e-06	0.00e+00	3.04e-12	9.12e-12	1.52e-11	2.31e-07	4.67e-07	6.58e-34
 6.92133e+15	4.28e-11	8.53e-07	5.98e-04	2.44e-02	9.75e-01	3.93e-06	0.00e+00	3.77e-12	1.13e-11	1.89e-11	2.82e-07	5.71e-07	1.33e-33
 7.13133e+15	5.14e-11	1.01e-06	6.76e-04	2.62e-02	9.73e-01	3.81e-06	0.00e+00	4.52e-12	1.36e-11	2.26e-11	3.35e-07	6.77e-07	2.38e-33
 7.35618e+15	6.24e-11	1.21e-06	7.68e-04	2.81e-02	9.71e-01	3.67e-06	0.00e+00	5.50e-12	1.65e-11	2.76e-11	4.01e-07	8.10e-07	4.34e-33
 7.63295e+15	7.89e-11	1.50e-06	8.95e-04	3.07e-02	9.68e-01	3.53e-06	0.00e+00	6.96e-12	2.09e-11	3.49e-11	4.96e-07	1.00e-06	9.05e-33
 7.90682e+15	9.73e-11	1.83e-06	1.03e-03	3.33e-02	9.66e-01	3.40e-06	0.00e+00	8.60e-12	2.58e-11	4.30e-11	6.06e-07	1.22e-06	1.77e-32
 8.14149e+15	1.17e-10	2.16e-06	1.17e-03	3.56e-02	9.63e-01	3.32e-06	0.00e+00	1.04e-11	3.11e-11	5.19e-11	7.17e-07	1.45e-06	3.10e-32
 8.39558e+15	1.44e-10	2.59e-06	1.33e-03	3.83e-02	9.60e-01	3.23e-06	0.00e+00	1.27e-11	3.82e-11	6.37e-11	8.59e-07	1.73e-06	5.66e-32
 8.70999e+15	1.81e-10	3.21e-06	1.55e-03	4.18e-02	9.57e-01	3.11e-06	0.00e+00	1.61e-11	4.82e-11	8.04e-11	1.07e-06	2.15e-06	1.16e-31
 9.01746e+15	2.25e-10	3.92e-06	1.79e-03	4.54e-02	9.53e-01	3.02e-06	0.00e+00	2.00e-11	5.99e-11	1.00e-10	1.30e-06	2.62e-06	2.18e-31
 9.25220e+15	2.65e-10	4.54e-06	2.00e-03	4.83e-02	9.50e-01	2.98e-06	0.00e+00	2.36e-11	7.07e-11	1.18e-10	1.51e-06	3.04e-06	3.46e-31
 9.47779e+15	3.13e-10	5.25e-06	2.22e-03	5.12e-02	9.47e-01	2.92e-06	0.00e+00	2.78e-11	8.35e-11	1.39e-10	1.74e-06	3.51e-06	5.50e-31
 9.77105e+15	3.86e-10	6.31e-06	2.54e-03	5.52e-02	9.42e-01	2.86e-06	0.00e+00	3.44e-11	1.03e-10	1.72e-10	2.09e-06	4.22e-06	9.90e-31
 1.00669e+16	4.64e-10	7.49e-06	2.88e-03	5.94e-02	9.38e-01	2.78e-06	0.00e+00	4.14e-11	1.24e-10	2.07e-10	2.49e-06	5.01e-06	1.68e-30
 1.03131e+16	5.51e-10	8.65e-06	3.20e-03	6.30e-02	9.34e-01	2.75e-06	0.00e+00	4.92e-11	1.47e-10	2.46e-10	2.87e-06	5.78e-06	2.60e-30
 1.05805e+16	6.57e-10	1.01e-05	3.59e-03	6.72e-02	9.29e-01	2.70e-06	0.00e+00	5.87e-11	1.76e-10	2.93e-10	3.36e-06	6.77e-06	4.23e-30
 1.08800e+16	7.92e-10	1.20e-05	4.07e-03	7.21e-02	9.24e-01	2.64e-06	0.00e+00	7.08e-11	2.13e-10	3.54e-10	3.98e-06	8.00e-06	7.03e-30
 1.11687e+16	9.54e-10	1.41e-05	4.59e-03	7.71e-02	9.18e-01	2.60e-06	0.00e+00	8.54e-11	2.56e-10	4.27e-10	4.66e-06	9.39e-06	1.13e-29
 1.14917e+16	1.19e-09	1.69e-05	5.25e-03	8.31e-02	9.12e-01	2.57e-06	0.00e+00	1.06e-10	3.19e-10	5.33e-10	5.60e-06	1.13e-05	1.95e-29
 1.18367e+16	1.47e-09	2.02e-05	6.02e-03	8.98e-02	9.04e-01	2.52e-06	0.00e+00	1.32e-10	3.95e-10	6.58e-10	6.72e-06	1.35e-05	3.30e-29
 1.21348e+16	1.76e-09	2.36e-05	6.77e-03	9.58e-02	8.97e-01	2.49e-06	0.00e+00	1.58e-10	4.74e-10	7.90e-10	7.84e-06	1.58e-05	5.10e-29
 1.24469e+16	2.13e-09	2.79e-05	7.68e-03	1.03e-01	8.90e-01	2.45e-06	0.00e+00	1.91e-10	5.74e-10	9.57e-10	9.27e-06	1.86e-05	8.33e-29
 1.27897e+16	2.63e-09	3.33e-05	8.79e-03	1.11e-01	8.80e-01	2.41e-06	0.00e+00	2.37e-10	7.11e-10	1.19e-09	1.11e-05	2.22e-05	1.37e-28
 1.31014e+16	3.19e-09	3.90e-05	9.92e-03	1.18e-01	8.72e-01	2.39e-06	0.00e+00	2.87e-10	8.62e-10	1.44e-09	1.30e-05	2.60e-05	2.11e-28
 1.33914e+16	3.77e-09	4.52e-05	1.11e-02	1.26e-01	8.63e-01	2.36e-06	0.00e+00	3.40e-10	1.02e-09	1.70e-09	1.50e-05	3.02e-05	3.17e-28
 1.37241e+16	4.70e-09	5.40e-05	1.27e-02	1.35e-01	8.52e-01	2.34e-06	0.00e+00	4.24e-10	1.27e-09	2.12e-09	1.79e-05	3.60e-05	5.25e-28
 1.40825e+16	5.83e-09	6.46e-05	1.46e-02	1.46e-01	8.39e-01	2.31e-06	0.00e+00	5.27e-10	1.58e-09	2.64e-09	2.15e-05	4.31e-05	8.54e-28
 1.43841e+16	6.97e-09	7.50e-05	1.65e-02	1.55e-01	8.28e-01	2.30e-06	0.00e+00	6.31e-10	1.89e-09	3.16e-09	2.49e-05	5.01e-05	1.26e-27
 1.46403e+16	8.19e-09	8.55e-05	1.82e-02	1.64e-01	8.18e-01	2.28e-06	0.00e+00	7.42e-10	2.23e-09	3.71e-09	2.84e-05	5.71e-05	1.79e-27
 1.49276e+16	9.83e-09	9.96e-05	2.05e-02	1.74e-01	8.05e-01	2.26e-06	0.00e+00	8.92e-10	2.67e-09	4.46e-09	3.32e-05	6.65e-05	2.71e-27
 1.52460e+16	1.22e-08	1.18e-04	2.34e-02	1.86e-01	7.90e-01	2.26e-06	0.00e+00	1.11e-09	3.32e-09	5.54e-09	3.92e-05	7.87e-05	4.27e-27
 1.55325e+16	1.45e-08	1.36e-04	2.63e-02	1.97e-01	7.76e-01	2.23e-06	0.00e+00	1.31e-09	3.94e-09	6.57e-09	4.54e-05	9.10e-05	6.18e-27
 1.57884e+16	1.71e-08	1.56e-04	2.93e-02	2.08e-01	7.62e-01	2.23e-06	0.00e+00	1.56e-09	4.67e-09	7.78e-09	5.21e-05	1.04e-04	8.87e-27
 1.60772e+16	2.10e-08	1.84e-04	3.33e-02	2.22e-01	7.45e-01	2.22e-06	0.00e+00	1.91e-09	5.73e-09	9.55e-09	6.13e-05	1.23e-04	1.38e-26
 1.63833e+16	2.62e-08	2.19e-04	3.81e-02	2.37e-01	7.25e-01	2.24e-06	0.00e+00	2.39e-09	7.17e-09	1.19e-08	7.28e-05	1.46e-04	2.19e-26
 1.66432e+16	3.15e-08	2.53e-04	4.27e-02	2.50e-01	7.07e-01	2.24e-06	4.14e-12	2.87e-09	8.61e-09	1.43e-08	8.41e-05	1.69e-04	3.18e-26
 1.68749e+16	3.69e-08	2.88e-04	4.75e-02	2.63e-01	6.90e-01	2.24e-06	0.00e+00	3.37e-09	1.01e-08	1.68e-08	9.59e-05	1.92e-04	4.47e-26
 1.71384e+16	4.57e-08	3.40e-04	5.39e-02	2.79e-01	6.67e-01	2.25e-06	0.00e+00	4.17e-09	1.25e-08	2.09e-08	1.13e-04	2.27e-04	7.13e-26
 1.74147e+16	5.58e-08	4.00e-04	6.14e-02	2.95e-01	6.43e-01	2.25e-06	0.00e+00	5.10e-09	1.53e-08	2.55e-08	1.33e-04	2.66e-04	1.07e-25
 1.76497e+16	6.80e-08	4.65e-04	6.90e-02	3.11e-01	6.20e-01	2.30e-06	0.00e+00	6.22e-09	1.87e-08	3.11e-08	1.55e-04	3.10e-04	1.63e-25
 1.78563e+16	8.06e-08	5.31e-04	7.66e-02	3.25e-01	5.98e-01	2.31e-06	5.45e-12	7.37e-09	2.21e-08	3.69e-08	1.77e-04	3.54e-04	2.33e-25
 1.80844e+16	9.76e-08	6.07e-04	8.59e-02	3.42e-01	5.72e-01	2.30e-06	0.00e+00	8.94e-09	2.68e-08	4.47e-08	2.02e-04	4.05e-04	3.31e-25
 1.83317e+16	1.21e-07	7.15e-04	9.78e-02	3.60e-01	5.41e-01	2.32e-06	0.00e+00	1.11e-08	3.33e-08	5.55e-08	2.38e-04	4.77e-04	5.18e-25
 1.85433e+16	1.48e-07	8.48e-04	1.10e-01	3.78e-01	5.11e-01	2.43e-06	0.00e+00	1.35e-08	4.06e-08	6.77e-08	2.82e-04	5.66e-04	8.71e-25
 1.87122e+16	1.72e-07	9.50e-04	1.21e-01	3.91e-01	4.87e-01	2.45e-06	7.77e-12	1.58e-08	4.73e-08	7.88e-08	3.17e-04	6.34e-04	1.18e-24
