#depth	N	N+	N+2	N+3	N+4	N+5	N+6	N+7
 1.49634e+10	0.00e+00	0.00e+00	1.37e-28	5.48e-19	3.97e-10	9.09e-01	9.09e-02	3.51e-06
 4.54887e+10	0.00e+00	8.52e-39	1.75e-28	6.46e-19	4.33e-10	9.16e-01	8.43e-02	3.01e-06
 7.72350e+10	0.00e+00	0.00e+00	2.23e-28	7.62e-19	4.72e-10	9.22e-01	7.82e-02	2.58e-06
 1.10251e+11	0.00e+00	1.63e-38	2.85e-28	8.99e-19	5.14e-10	9.28e-01	7.24e-02	2.20e-06
 1.44588e+11	0.00e+00	0.00e+00	3.63e-28	1.06e-18	5.60e-10	9.33e-01	6.71e-02	1.89e-06
 1.80298e+11	0.00e+00	3.09e-38	4.63e-28	1.25e-18	6.09e-10	9.38e-01	6.21e-02	1.61e-06
 2.17437e+11	0.00e+00	0.00e+00	5.90e-28	1.47e-18	6.63e-10	9.43e-01	5.74e-02	1.38e-06
 2.56061e+11	0.00e+00	5.89e-38	7.52e-28	1.73e-18	7.21e-10	9.47e-01	5.31e-02	1.18e-06
 2.96231e+11	0.00e+00	0.00e+00	9.59e-28	2.04e-18	7.84e-10	9.51e-01	4.91e-02	1.00e-06
 3.38007e+11	0.00e+00	1.12e-37	1.22e-27	2.40e-18	8.52e-10	9.55e-01	4.53e-02	8.56e-07
 3.81454e+11	0.00e+00	0.00e+00	1.56e-27	2.82e-18	9.27e-10	9.58e-01	4.18e-02	0.00e+00
 4.23795e+11	0.00e+00	2.09e-37	1.95e-27	3.29e-18	1.00e-09	9.61e-01	3.88e-02	0.00e+00
 4.63973e+11	0.00e+00	0.00e+00	2.41e-27	3.79e-18	1.08e-09	9.64e-01	3.62e-02	0.00e+00
 5.08601e+11	0.00e+00	3.71e-37	3.01e-27	4.40e-18	1.16e-09	9.66e-01	3.36e-02	0.00e+00
 5.57334e+11	0.00e+00	0.00e+00	3.81e-27	5.15e-18	1.26e-09	9.69e-01	3.11e-02	0.00e+00
 6.04198e+11	0.00e+00	6.77e-37	4.74e-27	5.97e-18	1.36e-09	9.71e-01	2.89e-02	0.00e+00
 6.54475e+11	0.00e+00	0.00e+00	5.94e-27	6.95e-18	1.47e-09	9.73e-01	2.67e-02	0.00e+00
 7.10581e+11	0.00e+00	1.26e-36	7.57e-27	8.18e-18	1.59e-09	9.75e-01	2.46e-02	0.00e+00
 7.67052e+11	3.25e-47	1.72e-36	9.58e-27	9.58e-18	1.72e-09	9.77e-01	2.27e-02	0.00e+00
 8.25782e+11	0.00e+00	0.00e+00	1.21e-26	1.12e-17	1.87e-09	9.79e-01	2.10e-02	0.00e+00
 8.88740e+11	0.00e+00	3.26e-36	1.55e-26	1.32e-17	2.03e-09	9.81e-01	1.93e-02	0.00e+00
 9.54217e+11	1.08e-46	4.51e-36	1.98e-26	1.56e-17	2.21e-09	9.82e-01	1.78e-02	0.00e+00
 1.02231e+12	0.00e+00	0.00e+00	2.52e-26	1.83e-17	2.40e-09	9.84e-01	1.64e-02	0.00e+00
 1.09313e+12	0.00e+00	8.62e-36	3.22e-26	2.16e-17	2.60e-09	9.85e-01	1.51e-02	0.00e+00
 1.16678e+12	3.64e-46	1.19e-35	4.11e-26	2.55e-17	2.83e-09	9.86e-01	1.39e-02	0.00e+00
 1.24338e+12	0.00e+00	0.00e+00	5.26e-26	3.01e-17	3.08e-09	9.87e-01	1.27e-02	0.00e+00
 1.32304e+12	0.00e+00	2.29e-35	6.73e-26	3.55e-17	3.34e-09	9.88e-01	1.17e-02	0.00e+00
 1.40589e+12	1.24e-45	3.18e-35	8.61e-26	4.19e-17	3.64e-09	9.89e-01	1.08e-02	0.00e+00
 1.48398e+12	0.00e+00	0.00e+00	1.08e-25	4.87e-17	3.92e-09	9.90e-01	9.97e-03	0.00e+00
 1.55411e+12	0.00e+00	5.54e-35	1.31e-25	5.55e-17	4.19e-09	9.91e-01	9.33e-03	0.00e+00
 1.63294e+12	3.53e-45	7.35e-35	1.62e-25	6.41e-17	4.51e-09	9.91e-01	8.67e-03	0.00e+00
 1.72601e+12	0.00e+00	0.00e+00	2.07e-25	7.55e-17	4.90e-09	9.92e-01	7.98e-03	0.00e+00
 1.81896e+12	0.00e+00	1.38e-34	2.61e-25	8.83e-17	5.30e-09	9.93e-01	7.36e-03	0.00e+00
 1.90663e+12	1.11e-44	1.84e-34	3.23e-25	1.02e-16	5.70e-09	9.93e-01	6.85e-03	0.00e+00
 2.00381e+12	0.00e+00	2.49e-34	4.07e-25	1.19e-16	6.16e-09	9.94e-01	6.33e-03	0.00e+00
 2.11389e+12	2.44e-44	3.47e-34	5.22e-25	1.41e-16	6.71e-09	9.94e-01	5.81e-03	0.00e+00
 2.22405e+12	0.00e+00	4.78e-34	6.66e-25	1.66e-16	7.30e-09	9.95e-01	5.34e-03	0.00e+00
 2.33862e+12	5.45e-44	6.60e-34	8.49e-25	1.96e-16	7.93e-09	9.95e-01	4.92e-03	0.00e+00
 2.46209e+12	0.00e+00	9.22e-34	1.09e-24	2.32e-16	8.64e-09	9.95e-01	4.51e-03	0.00e+00
 2.57793e+12	1.21e-43	1.25e-33	1.38e-24	2.71e-16	9.35e-09	9.96e-01	4.17e-03	0.00e+00
 2.68138e+12	0.00e+00	1.62e-33	1.68e-24	3.10e-16	1.00e-08	9.96e-01	3.89e-03	0.00e+00
 2.79766e+12	2.39e-43	2.16e-33	2.08e-24	3.60e-16	1.08e-08	9.96e-01	3.61e-03	0.00e+00
 2.93561e+12	0.00e+00	2.99e-33	2.67e-24	4.25e-16	1.17e-08	9.97e-01	3.32e-03	0.00e+00
 3.07406e+12	5.36e-43	4.12e-33	3.40e-24	5.01e-16	1.28e-08	9.97e-01	3.05e-03	0.00e+00
 3.20318e+12	0.00e+00	5.50e-33	4.23e-24	5.82e-16	1.38e-08	9.97e-01	2.83e-03	0.00e+00
 3.34637e+12	1.12e-42	7.47e-33	5.35e-24	6.82e-16	1.49e-08	9.97e-01	2.61e-03	0.00e+00
 3.51015e+12	0.00e+00	1.05e-32	6.93e-24	8.14e-16	1.63e-08	9.98e-01	2.39e-03	0.00e+00
 3.67127e+12	2.56e-42	1.45e-32	8.86e-24	9.62e-16	1.78e-08	9.98e-01	2.20e-03	0.00e+00
 3.83883e+12	0.00e+00	2.00e-32	1.13e-23	1.14e-15	1.94e-08	9.98e-01	2.02e-03	0.00e+00
 4.02231e+12	5.85e-42	2.81e-32	1.47e-23	1.36e-15	2.12e-08	9.98e-01	1.84e-03	0.00e+00
 4.20757e+12	0.00e+00	3.93e-32	1.90e-23	1.62e-15	2.32e-08	9.98e-01	1.69e-03	0.00e+00
 4.40023e+12	1.34e-41	5.49e-32	2.45e-23	1.93e-15	2.54e-08	9.98e-01	1.54e-03	0.00e+00
 4.60617e+12	0.00e+00	7.73e-32	3.18e-23	2.31e-15	2.78e-08	9.99e-01	1.41e-03	0.00e+00
 4.81022e+12	3.08e-41	1.07e-31	4.09e-23	2.75e-15	3.04e-08	9.99e-01	1.29e-03	0.00e+00
 5.02244e+12	0.00e+00	1.49e-31	5.26e-23	3.27e-15	3.33e-08	9.99e-01	1.18e-03	0.00e+00
 5.25326e+12	7.05e-41	2.10e-31	6.84e-23	3.93e-15	3.66e-08	9.99e-01	1.07e-03	0.00e+00
 5.49332e+12	0.00e+00	2.95e-31	8.91e-23	4.72e-15	4.02e-08	9.99e-01	9.78e-04	0.00e+00
 5.74298e+12	1.64e-40	4.16e-31	1.16e-22	5.67e-15	4.42e-08	9.99e-01	8.91e-04	0.00e+00
 6.00262e+12	0.00e+00	5.85e-31	1.51e-22	6.82e-15	4.87e-08	9.99e-01	8.10e-04	0.00e+00
 6.27265e+12	3.81e-40	8.22e-31	1.97e-22	8.20e-15	5.36e-08	9.99e-01	7.37e-04	0.00e+00
 6.51731e+12	0.00e+00	1.11e-30	2.48e-22	9.65e-15	5.84e-08	9.99e-01	6.78e-04	0.00e+00
 6.72188e+12	7.36e-40	1.41e-30	2.98e-22	1.10e-14	6.25e-08	9.99e-01	6.34e-04	0.00e+00
 6.94629e+12	0.00e+00	1.81e-30	3.64e-22	1.26e-14	6.72e-08	9.99e-01	5.90e-04	0.00e+00
 7.22956e+12	1.47e-39	2.47e-30	4.63e-22	1.50e-14	7.36e-08	9.99e-01	5.40e-04	0.00e+00
 7.52454e+12	0.00e+00	3.37e-30	5.90e-22	1.78e-14	8.05e-08	1.00e+00	4.94e-04	0.00e+00
 7.77711e+12	2.94e-39	4.35e-30	7.21e-22	2.05e-14	8.68e-08	1.00e+00	4.59e-04	0.00e+00
 8.03935e+12	0.00e+00	5.61e-30	8.81e-22	2.37e-14	9.36e-08	1.00e+00	4.26e-04	0.00e+00
 8.36628e+12	5.84e-39	7.63e-30	1.12e-21	2.82e-14	1.03e-07	1.00e+00	3.90e-04	0.00e+00
 8.69758e+12	0.00e+00	1.03e-29	1.42e-21	3.33e-14	1.12e-07	1.00e+00	3.57e-04	0.00e+00
 8.98592e+12	1.14e-38	1.32e-29	1.72e-21	3.83e-14	1.21e-07	1.00e+00	3.32e-04	0.00e+00
 9.29813e+12	0.00e+00	1.71e-29	2.12e-21	4.44e-14	1.31e-07	1.00e+00	3.07e-04	0.00e+00
 9.67905e+12	2.26e-38	2.32e-29	2.69e-21	5.28e-14	1.43e-07	1.00e+00	2.80e-04	0.00e+00
 1.00670e+13	0.00e+00	3.12e-29	3.41e-21	6.26e-14	1.57e-07	1.00e+00	2.56e-04	0.00e+00
 1.04223e+13	4.44e-38	4.05e-29	4.19e-21	7.27e-14	1.70e-07	1.00e+00	2.37e-04	0.00e+00
 1.08172e+13	0.00e+00	5.36e-29	5.23e-21	8.53e-14	1.85e-07	1.00e+00	2.18e-04	0.00e+00
 1.12762e+13	9.08e-38	7.31e-29	6.68e-21	1.02e-13	2.04e-07	1.00e+00	1.98e-04	0.00e+00
 1.17299e+13	0.00e+00	9.81e-29	8.44e-21	1.21e-13	2.23e-07	1.00e+00	1.82e-04	0.00e+00
 1.21638e+13	1.80e-37	1.28e-28	1.04e-20	1.41e-13	2.42e-07	1.00e+00	1.67e-04	0.00e+00
 1.26423e+13	0.00e+00	1.71e-28	1.31e-20	1.66e-13	2.65e-07	1.00e+00	1.54e-04	0.00e+00
 1.31779e+13	3.68e-37	2.32e-28	1.67e-20	1.98e-13	2.91e-07	1.00e+00	1.40e-04	0.00e+00
 1.37168e+13	0.00e+00	3.12e-28	2.11e-20	2.34e-13	3.19e-07	1.00e+00	1.28e-04	0.00e+00
 1.42005e+13	7.16e-37	4.03e-28	2.58e-20	2.71e-13	3.45e-07	1.00e+00	1.18e-04	0.00e+00
 1.46107e+13	0.00e+00	4.97e-28	3.05e-20	3.05e-13	3.67e-07	1.00e+00	1.11e-04	0.00e+00
 1.50530e+13	1.20e-36	6.18e-28	3.62e-20	3.46e-13	3.93e-07	1.00e+00	1.04e-04	0.00e+00
 1.56241e+13	0.00e+00	8.12e-28	4.50e-20	4.04e-13	4.27e-07	1.00e+00	9.59e-05	0.00e+00
 1.62194e+13	2.33e-36	1.07e-27	5.58e-20	4.72e-13	4.64e-07	1.00e+00	8.83e-05	0.00e+00
 1.67308e+13	0.00e+00	1.34e-27	6.68e-20	5.37e-13	4.98e-07	1.00e+00	8.24e-05	0.00e+00
 1.72765e+13	4.09e-36	1.70e-27	8.04e-20	6.13e-13	5.34e-07	1.00e+00	7.69e-05	0.00e+00
 1.79516e+13	0.00e+00	2.24e-27	1.00e-19	7.19e-13	5.82e-07	1.00e+00	7.07e-05	0.00e+00
 1.86441e+13	8.05e-36	2.96e-27	1.25e-19	8.41e-13	6.33e-07	1.00e+00	6.50e-05	0.00e+00
 1.92693e+13	0.00e+00	3.77e-27	1.51e-19	9.63e-13	6.81e-07	1.00e+00	6.05e-05	0.00e+00
 1.99579e+13	1.48e-35	4.87e-27	1.85e-19	1.11e-12	7.35e-07	1.00e+00	5.61e-05	0.00e+00
 2.07090e+13	0.00e+00	6.38e-27	2.29e-19	1.30e-12	7.97e-07	1.00e+00	5.18e-05	0.00e+00
 2.13903e+13	2.73e-35	8.09e-27	2.75e-19	1.48e-12	8.56e-07	1.00e+00	4.82e-05	0.00e+00
 2.21249e+13	0.00e+00	1.04e-26	3.34e-19	1.70e-12	9.22e-07	1.00e+00	4.49e-05	0.00e+00
 2.29508e+13	5.13e-35	1.36e-26	4.13e-19	1.97e-12	9.98e-07	1.00e+00	4.14e-05	0.00e+00
 2.37348e+13	0.00e+00	1.73e-26	5.01e-19	2.27e-12	1.07e-06	1.00e+00	3.85e-05	0.00e+00
 2.45934e+13	9.53e-35	2.25e-26	6.15e-19	2.62e-12	1.16e-06	1.00e+00	3.57e-05	0.00e+00
 2.55435e+13	0.00e+00	2.98e-26	7.64e-19	3.06e-12	1.26e-06	1.00e+00	3.29e-05	0.00e+00
 2.64262e+13	1.82e-34	3.82e-26	9.29e-19	3.51e-12	1.36e-06	1.00e+00	3.06e-05	0.00e+00
 2.73875e+13	2.51e-34	4.98e-26	1.14e-18	4.06e-12	1.46e-06	1.00e+00	2.84e-05	0.00e+00
 2.84649e+13	3.55e-34	6.61e-26	1.43e-18	4.75e-12	1.59e-06	1.00e+00	2.61e-05	0.00e+00
 2.94856e+13	4.88e-34	8.58e-26	1.75e-18	5.48e-12	1.72e-06	1.00e+00	2.42e-05	0.00e+00
 3.05868e+13	6.81e-34	1.13e-25	2.16e-18	6.35e-12	1.86e-06	1.00e+00	2.24e-05	0.00e+00
 3.18128e+13	9.71e-34	1.51e-25	2.71e-18	7.45e-12	2.02e-06	1.00e+00	2.06e-05	0.00e+00
 3.29965e+13	1.36e-33	1.98e-25	3.34e-18	8.63e-12	2.18e-06	1.00e+00	1.91e-05	0.00e+00
 3.42549e+13	1.91e-33	2.61e-25	4.15e-18	1.00e-11	2.36e-06	1.00e+00	1.76e-05	0.00e+00
 3.56551e+13	2.75e-33	3.52e-25	5.23e-18	1.18e-11	2.58e-06	1.00e+00	1.62e-05	0.00e+00
 3.70621e+13	3.92e-33	4.70e-25	6.55e-18	1.38e-11	2.79e-06	1.00e+00	1.49e-05	0.00e+00
 3.85254e+13	5.61e-33	6.29e-25	8.20e-18	1.61e-11	3.03e-06	1.00e+00	1.38e-05	0.00e+00
 4.00963e+13	8.10e-33	8.48e-25	1.03e-17	1.89e-11	3.30e-06	1.00e+00	1.27e-05	0.00e+00
 4.17301e+13	1.17e-32	1.15e-24	1.30e-17	2.22e-11	3.59e-06	1.00e+00	1.17e-05	0.00e+00
 4.32873e+13	1.65e-32	1.51e-24	1.61e-17	2.58e-11	3.87e-06	1.00e+00	1.08e-05	0.00e+00
 4.47091e+13	2.23e-32	1.93e-24	1.95e-17	2.93e-11	4.15e-06	1.00e+00	1.01e-05	0.00e+00
 4.60502e+13	2.93e-32	2.41e-24	2.31e-17	3.30e-11	4.41e-06	1.00e+00	9.50e-06	0.00e+00
 4.75306e+13	3.96e-32	3.07e-24	2.78e-17	3.75e-11	4.71e-06	1.00e+00	8.91e-06	0.00e+00
 4.91905e+13	5.44e-32	3.98e-24	3.40e-17	4.30e-11	5.06e-06	1.00e+00	8.29e-06	0.00e+00
 5.07609e+13	7.33e-32	5.07e-24	4.08e-17	4.88e-11	5.39e-06	1.00e+00	7.77e-06	0.00e+00
 5.24797e+13	1.00e-31	6.53e-24	4.96e-17	5.58e-11	5.78e-06	1.00e+00	7.26e-06	0.00e+00
 5.44072e+13	1.41e-31	8.61e-24	6.13e-17	6.44e-11	6.23e-06	1.00e+00	6.74e-06	0.00e+00
 5.61957e+13	1.92e-31	1.10e-23	7.41e-17	7.33e-11	6.65e-06	1.00e+00	6.31e-06	0.00e+00
 5.78571e+13	2.54e-31	1.38e-23	8.79e-17	8.24e-11	7.06e-06	1.00e+00	5.94e-06	0.00e+00
 5.97636e+13	3.46e-31	1.77e-23	1.06e-16	9.37e-11	7.55e-06	1.00e+00	5.57e-06	0.00e+00
 6.20729e+13	4.96e-31	2.37e-23	1.33e-16	1.09e-10	8.16e-06	1.00e+00	5.15e-06	0.00e+00
 6.43476e+13	7.02e-31	3.14e-23	1.64e-16	1.26e-10	8.78e-06	1.00e+00	4.79e-06	0.00e+00
 6.63399e+13	9.42e-31	3.98e-23	1.96e-16	1.42e-10	9.34e-06	1.00e+00	4.50e-06	0.00e+00
 6.85235e+13	1.29e-30	5.12e-23	2.38e-16	1.62e-10	9.97e-06	1.00e+00	4.22e-06	0.00e+00
 7.11679e+13	1.85e-30	6.86e-23	2.97e-16	1.88e-10	1.08e-05	1.00e+00	3.90e-06	0.00e+00
 7.38207e+13	2.64e-30	9.13e-23	3.69e-16	2.18e-10	1.16e-05	1.00e+00	3.63e-06	0.00e+00
 7.62186e+13	3.61e-30	1.17e-22	4.46e-16	2.47e-10	1.24e-05	1.00e+00	3.40e-06	0.00e+00
 7.88754e+13	5.04e-30	1.53e-22	5.46e-16	2.83e-10	1.32e-05	1.00e+00	3.17e-06	0.00e+00
 8.19996e+13	7.35e-30	2.08e-22	6.87e-16	3.31e-10	1.43e-05	1.00e+00	2.93e-06	0.00e+00
 8.50854e+13	1.05e-29	2.78e-22	8.54e-16	3.83e-10	1.54e-05	1.00e+00	2.72e-06	0.00e+00
 8.79714e+13	1.46e-29	3.61e-22	1.04e-15	4.37e-10	1.65e-05	1.00e+00	2.55e-06	0.00e+00
 9.11969e+13	2.08e-29	4.79e-22	1.29e-15	5.05e-10	1.77e-05	1.00e+00	2.37e-06	0.00e+00
 9.48747e+13	3.06e-29	6.53e-22	1.63e-15	5.91e-10	1.92e-05	1.00e+00	2.19e-06	0.00e+00
 9.85261e+13	4.44e-29	8.79e-22	2.04e-15	6.87e-10	2.07e-05	1.00e+00	2.03e-06	0.00e+00
 1.02324e+14	6.44e-29	1.18e-21	2.55e-15	7.98e-10	2.23e-05	1.00e+00	1.88e-06	0.00e+00
 1.06446e+14	9.48e-29	1.62e-21	3.22e-15	9.34e-10	2.42e-05	1.00e+00	1.74e-06	0.00e+00
 1.10734e+14	1.40e-28	2.20e-21	4.08e-15	1.09e-09	2.62e-05	1.00e+00	1.61e-06	0.00e+00
 1.14886e+14	2.00e-28	2.95e-21	5.07e-15	1.27e-09	2.82e-05	1.00e+00	1.49e-06	0.00e+00
 1.18790e+14	2.78e-28	3.83e-21	6.19e-15	1.45e-09	3.02e-05	1.00e+00	1.39e-06	0.00e+00
 1.23158e+14	3.96e-28	5.09e-21	7.66e-15	1.67e-09	3.24e-05	1.00e+00	1.30e-06	0.00e+00
 1.27560e+14	5.59e-28	6.71e-21	9.44e-15	1.92e-09	3.48e-05	1.00e+00	1.21e-06	0.00e+00
 1.31214e+14	7.37e-28	8.38e-21	1.12e-14	2.15e-09	3.69e-05	1.00e+00	1.14e-06	0.00e+00
 1.35081e+14	9.79e-28	1.05e-20	1.33e-14	2.42e-09	3.91e-05	1.00e+00	1.08e-06	0.00e+00
 1.40027e+14	1.39e-27	1.40e-20	1.64e-14	2.79e-09	4.20e-05	1.00e+00	1.00e-06	0.00e+00
 1.45217e+14	1.98e-27	1.85e-20	2.04e-14	3.23e-09	4.53e-05	1.00e+00	9.29e-07	0.00e+00
 1.49800e+14	2.68e-27	2.37e-20	2.45e-14	3.65e-09	4.82e-05	1.00e+00	0.00e+00	0.00e+00
 1.54750e+14	3.68e-27	3.05e-20	2.97e-14	4.16e-09	5.15e-05	1.00e+00	0.00e+00	0.00e+00
 1.60715e+14	5.31e-27	4.10e-20	3.72e-14	4.84e-09	5.56e-05	1.00e+00	0.00e+00	0.00e+00
 1.66768e+14	7.59e-27	5.47e-20	4.63e-14	5.62e-09	6.00e-05	1.00e+00	0.00e+00	0.00e+00
 1.72429e+14	1.05e-26	7.10e-20	5.64e-14	6.42e-09	6.42e-05	1.00e+00	0.00e+00	0.00e+00
 1.78722e+14	1.48e-26	9.39e-20	6.98e-14	7.41e-09	6.91e-05	1.00e+00	0.00e+00	0.00e+00
 1.85406e+14	2.12e-26	1.25e-19	8.68e-14	8.59e-09	7.45e-05	1.00e+00	0.00e+00	0.00e+00
 1.91347e+14	2.87e-26	1.60e-19	1.05e-13	9.75e-09	7.95e-05	1.00e+00	0.00e+00	0.00e+00
 1.97734e+14	3.94e-26	2.06e-19	1.27e-13	1.11e-08	8.51e-05	1.00e+00	0.00e+00	0.00e+00
 2.05386e+14	5.67e-26	2.77e-19	1.59e-13	1.30e-08	9.20e-05	1.00e+00	0.00e+00	0.00e+00
 2.12915e+14	8.02e-26	3.67e-19	1.97e-13	1.50e-08	9.91e-05	1.00e+00	0.00e+00	0.00e+00
 2.19619e+14	1.08e-25	4.67e-19	2.37e-13	1.70e-08	1.06e-04	1.00e+00	0.00e+00	0.00e+00
 2.27020e+14	1.49e-25	6.04e-19	2.88e-13	1.94e-08	1.13e-04	1.00e+00	0.00e+00	0.00e+00
 2.35842e+14	2.14e-25	8.12e-19	3.61e-13	2.26e-08	1.22e-04	1.00e+00	0.00e+00	0.00e+00
 2.44594e+14	3.04e-25	1.08e-18	4.48e-13	2.62e-08	1.32e-04	1.00e+00	0.00e+00	0.00e+00
 2.52587e+14	4.15e-25	1.38e-18	5.42e-13	2.98e-08	1.41e-04	1.00e+00	0.00e+00	0.00e+00
 2.61513e+14	5.79e-25	1.81e-18	6.66e-13	3.42e-08	1.52e-04	1.00e+00	0.00e+00	0.00e+00
 2.71904e+14	8.41e-25	2.45e-18	8.38e-13	4.00e-08	1.64e-04	1.00e+00	0.00e+00	0.00e+00
 2.82114e+14	1.20e-24	3.26e-18	1.04e-12	4.64e-08	1.77e-04	1.00e+00	0.00e+00	0.00e+00
 2.91764e+14	1.66e-24	4.23e-18	1.27e-12	5.31e-08	1.90e-04	1.00e+00	0.00e+00	0.00e+00
 3.02497e+14	2.34e-24	5.60e-18	1.58e-12	6.14e-08	2.05e-04	1.00e+00	0.00e+00	0.00e+00
 3.14627e+14	3.42e-24	7.60e-18	1.99e-12	7.20e-08	2.22e-04	1.00e+00	0.00e+00	0.00e+00
 3.26781e+14	4.93e-24	1.02e-17	2.49e-12	8.38e-08	2.40e-04	1.00e+00	0.00e+00	0.00e+00
 3.38196e+14	6.86e-24	1.33e-17	3.05e-12	9.62e-08	2.57e-04	1.00e+00	0.00e+00	0.00e+00
 3.50529e+14	9.70e-24	1.76e-17	3.77e-12	1.11e-07	2.77e-04	1.00e+00	0.00e+00	0.00e+00
 3.64300e+14	1.41e-23	2.38e-17	4.74e-12	1.30e-07	3.00e-04	1.00e+00	0.00e+00	0.00e+00
 3.77184e+14	1.97e-23	3.12e-17	5.83e-12	1.49e-07	3.22e-04	1.00e+00	0.00e+00	0.00e+00
 3.89136e+14	2.66e-23	3.98e-17	7.01e-12	1.69e-07	3.43e-04	1.00e+00	0.00e+00	0.00e+00
 4.00662e+14	3.53e-23	5.00e-17	8.34e-12	1.90e-07	3.64e-04	1.00e+00	0.00e+00	0.00e+00
 4.13485e+14	4.79e-23	6.39e-17	1.00e-11	2.15e-07	3.88e-04	1.00e+00	0.00e+00	0.00e+00
 4.27677e+14	6.65e-23	8.32e-17	1.23e-11	2.46e-07	4.16e-04	1.00e+00	0.00e+00	0.00e+00
 4.40895e+14	8.93e-23	1.06e-16	1.47e-11	2.78e-07	4.43e-04	1.00e+00	0.00e+00	0.00e+00
 4.55323e+14	1.22e-22	1.36e-16	1.78e-11	3.17e-07	4.73e-04	1.00e+00	0.00e+00	0.00e+00
 4.71579e+14	1.71e-22	1.78e-16	2.19e-11	3.64e-07	5.08e-04	9.99e-01	0.00e+00	0.00e+00
 4.87042e+14	2.35e-22	2.30e-16	2.66e-11	4.15e-07	5.42e-04	9.99e-01	0.00e+00	0.00e+00
 5.03976e+14	3.28e-22	3.01e-16	3.25e-11	4.75e-07	5.82e-04	9.99e-01	0.00e+00	0.00e+00
 5.22632e+14	4.67e-22	4.00e-16	4.04e-11	5.50e-07	6.26e-04	9.99e-01	0.00e+00	0.00e+00
 5.39773e+14	6.39e-22	5.15e-16	4.89e-11	6.26e-07	6.69e-04	9.99e-01	0.00e+00	0.00e+00
 5.58305e+14	8.87e-22	6.70e-16	5.97e-11	7.16e-07	7.16e-04	9.99e-01	0.00e+00	0.00e+00
 5.79062e+14	1.26e-21	8.91e-16	7.42e-11	8.29e-07	7.72e-04	9.99e-01	0.00e+00	0.00e+00
 5.98621e+14	1.74e-21	1.16e-15	9.03e-11	9.47e-07	8.26e-04	9.99e-01	0.00e+00	0.00e+00
 6.19955e+14	2.45e-21	1.52e-15	1.11e-10	1.09e-06	8.87e-04	9.99e-01	0.00e+00	0.00e+00
 6.43656e+14	3.51e-21	2.03e-15	1.39e-10	1.27e-06	9.58e-04	9.99e-01	0.00e+00	0.00e+00
 6.65769e+14	4.88e-21	2.65e-15	1.70e-10	1.45e-06	1.03e-03	9.99e-01	0.00e+00	0.00e+00
 6.89779e+14	6.86e-21	3.49e-15	2.09e-10	1.67e-06	1.10e-03	9.99e-01	0.00e+00	0.00e+00
 7.16655e+14	9.90e-21	4.69e-15	2.62e-10	1.95e-06	1.19e-03	9.99e-01	0.00e+00	0.00e+00
 7.42182e+14	1.38e-20	6.15e-15	3.22e-10	2.24e-06	1.28e-03	9.99e-01	0.00e+00	0.00e+00
 7.69474e+14	1.95e-20	8.13e-15	3.99e-10	2.59e-06	1.38e-03	9.99e-01	0.00e+00	0.00e+00
 8.00282e+14	2.83e-20	1.10e-14	5.03e-10	3.03e-06	1.50e-03	9.98e-01	0.00e+00	0.00e+00
 8.30661e+14	4.03e-20	1.46e-14	6.26e-10	3.52e-06	1.62e-03	9.98e-01	0.00e+00	0.00e+00
 8.62254e+14	5.73e-20	1.95e-14	7.80e-10	4.09e-06	1.75e-03	9.98e-01	0.00e+00	0.00e+00
 8.95766e+14	8.17e-20	2.60e-14	9.76e-10	4.77e-06	1.90e-03	9.98e-01	0.00e+00	0.00e+00
 9.23796e+14	1.09e-19	3.29e-14	1.17e-09	5.40e-06	2.03e-03	9.98e-01	0.00e+00	0.00e+00
 9.45419e+14	1.35e-19	3.92e-14	1.34e-09	5.92e-06	2.13e-03	9.98e-01	0.00e+00	0.00e+00
 9.68839e+14	1.69e-19	4.71e-14	1.55e-09	6.54e-06	2.24e-03	9.98e-01	0.00e+00	0.00e+00
 9.99285e+14	2.24e-19	5.94e-14	1.85e-09	7.41e-06	2.40e-03	9.98e-01	0.00e+00	0.00e+00
 1.03235e+15	3.02e-19	7.57e-14	2.24e-09	8.45e-06	2.57e-03	9.97e-01	0.00e+00	0.00e+00
 1.06223e+15	3.90e-19	9.36e-14	2.65e-09	9.48e-06	2.74e-03	9.97e-01	0.00e+00	0.00e+00
 1.09450e+15	5.11e-19	1.17e-13	3.15e-09	1.07e-05	2.92e-03	9.97e-01	0.00e+00	0.00e+00
 1.13501e+15	7.07e-19	1.53e-13	3.89e-09	1.24e-05	3.16e-03	9.97e-01	0.00e+00	0.00e+00
 1.17577e+15	9.68e-19	1.98e-13	4.78e-09	1.43e-05	3.41e-03	9.97e-01	0.00e+00	0.00e+00
 1.21047e+15	1.25e-18	2.45e-13	5.66e-09	1.61e-05	3.64e-03	9.96e-01	0.00e+00	0.00e+00
 1.24773e+15	1.63e-18	3.05e-13	6.74e-09	1.82e-05	3.89e-03	9.96e-01	0.00e+00	0.00e+00
 1.29419e+15	2.24e-18	3.98e-13	8.34e-09	2.11e-05	4.22e-03	9.96e-01	0.00e+00	0.00e+00
 1.34205e+15	3.07e-18	5.18e-13	1.03e-08	2.44e-05	4.57e-03	9.95e-01	0.00e+00	0.00e+00
 1.38460e+15	4.01e-18	6.48e-13	1.23e-08	2.77e-05	4.90e-03	9.95e-01	0.00e+00	0.00e+00
 1.43081e+15	5.29e-18	8.18e-13	1.49e-08	3.16e-05	5.28e-03	9.95e-01	0.00e+00	0.00e+00
 1.48608e+15	7.33e-18	1.07e-12	1.86e-08	3.68e-05	5.75e-03	9.94e-01	0.00e+00	0.00e+00
 1.54059e+15	9.93e-18	1.39e-12	2.29e-08	4.26e-05	6.24e-03	9.94e-01	0.00e+00	0.00e+00
 1.58949e+15	1.29e-17	1.73e-12	2.74e-08	4.83e-05	6.69e-03	9.93e-01	0.00e+00	0.00e+00
 1.64364e+15	1.71e-17	2.20e-12	3.32e-08	5.53e-05	7.22e-03	9.93e-01	0.00e+00	0.00e+00
 1.70775e+15	2.36e-17	2.88e-12	4.15e-08	6.45e-05	7.88e-03	9.92e-01	0.00e+00	0.00e+00
 1.77117e+15	3.20e-17	3.73e-12	5.13e-08	7.47e-05	8.56e-03	9.91e-01	0.00e+00	0.00e+00
 1.82959e+15	4.19e-17	4.69e-12	6.19e-08	8.52e-05	9.21e-03	9.91e-01	0.00e+00	0.00e+00
 1.89515e+15	5.61e-17	6.02e-12	7.60e-08	9.81e-05	9.98e-03	9.90e-01	0.00e+00	0.00e+00
 1.97087e+15	7.78e-17	7.95e-12	9.55e-08	1.15e-04	1.09e-02	9.89e-01	0.00e+00	0.00e+00
 2.04494e+15	1.06e-16	1.03e-11	1.18e-07	1.33e-04	1.19e-02	9.88e-01	0.00e+00	0.00e+00
 2.11572e+15	1.63e-16	1.31e-11	1.45e-07	1.53e-04	1.28e-02	9.87e-01	0.00e+00	0.00e+00
 2.19413e+15	2.22e-16	1.70e-11	1.79e-07	1.77e-04	1.39e-02	9.86e-01	0.00e+00	0.00e+00
 2.26794e+15	2.94e-16	2.15e-11	2.17e-07	2.02e-04	1.50e-02	9.85e-01	0.00e+00	0.00e+00
 2.32346e+15	3.60e-16	2.56e-11	2.50e-07	2.22e-04	1.59e-02	9.84e-01	0.00e+00	0.00e+00
 2.38037e+15	4.42e-16	3.04e-11	2.89e-07	2.45e-04	1.68e-02	9.83e-01	0.00e+00	0.00e+00
 2.45435e+15	5.73e-16	3.79e-11	3.46e-07	2.77e-04	1.80e-02	9.82e-01	0.00e+00	0.00e+00
 2.53405e+15	7.51e-16	4.76e-11	4.18e-07	3.15e-04	1.93e-02	9.80e-01	0.00e+00	0.00e+00
 2.60540e+15	9.48e-16	5.81e-11	4.93e-07	3.52e-04	2.06e-02	9.79e-01	0.00e+00	0.00e+00
 2.68237e+15	1.22e-15	7.17e-11	5.86e-07	3.96e-04	2.20e-02	9.78e-01	0.00e+00	0.00e+00
 2.78041e+15	1.66e-15	9.32e-11	7.26e-07	4.58e-04	2.38e-02	9.76e-01	0.00e+00	0.00e+00
 2.87950e+15	2.23e-15	1.20e-10	8.95e-07	5.27e-04	2.58e-02	9.74e-01	0.00e+00	0.00e+00
 2.96265e+15	2.84e-15	1.48e-10	1.06e-06	5.90e-04	2.75e-02	9.72e-01	0.00e+00	0.00e+00
 3.05144e+15	3.66e-15	1.83e-10	1.26e-06	6.64e-04	2.93e-02	9.70e-01	0.00e+00	0.00e+00
 3.16367e+15	5.02e-15	2.39e-10	1.57e-06	7.68e-04	3.18e-02	9.67e-01	0.00e+00	0.00e+00
 3.28133e+15	6.88e-15	3.13e-10	1.96e-06	8.90e-04	3.45e-02	9.65e-01	0.00e+00	0.00e+00
 3.38715e+15	9.03e-15	3.94e-10	2.37e-06	1.01e-03	3.70e-02	9.62e-01	0.00e+00	0.00e+00
 3.50265e+15	1.21e-14	5.06e-10	2.90e-06	1.16e-03	3.99e-02	9.59e-01	0.00e+00	0.00e+00
 3.63930e+15	1.70e-14	6.74e-10	3.67e-06	1.35e-03	4.35e-02	9.55e-01	0.00e+00	0.00e+00
 3.77324e+15	2.32e-14	8.82e-10	4.56e-06	1.56e-03	4.71e-02	9.51e-01	0.00e+00	0.00e+00
 3.89521e+15	3.07e-14	1.12e-09	5.53e-06	1.77e-03	5.05e-02	9.48e-01	0.00e+00	0.00e+00
 4.03180e+15	4.16e-14	1.45e-09	6.83e-06	2.03e-03	5.44e-02	9.44e-01	0.00e+00	0.00e+00
 4.19119e+15	5.88e-14	1.94e-09	8.65e-06	2.38e-03	5.92e-02	9.38e-01	0.00e+00	0.00e+00
 4.34799e+15	8.10e-14	2.55e-09	1.08e-05	2.75e-03	6.41e-02	9.33e-01	0.00e+00	0.00e+00
 4.49587e+15	1.09e-13	3.28e-09	1.32e-05	3.15e-03	6.89e-02	9.28e-01	0.00e+00	0.00e+00
 4.66055e+15	1.50e-13	4.31e-09	1.65e-05	3.64e-03	7.45e-02	9.22e-01	0.00e+00	0.00e+00
 4.81707e+15	2.01e-13	5.53e-09	2.02e-05	4.15e-03	7.99e-02	9.16e-01	0.00e+00	0.00e+00
 4.93347e+15	2.48e-13	6.62e-09	2.34e-05	4.57e-03	8.41e-02	9.11e-01	0.00e+00	0.00e+00
 5.05141e+15	3.07e-13	7.92e-09	2.70e-05	5.03e-03	8.85e-02	9.06e-01	0.00e+00	0.00e+00
 5.20473e+15	4.01e-13	9.93e-09	3.24e-05	5.66e-03	9.42e-02	9.00e-01	0.00e+00	0.00e+00
 5.37115e+15	5.30e-13	1.26e-08	3.93e-05	6.42e-03	1.01e-01	8.93e-01	0.00e+00	0.00e+00
 5.52076e+15	6.79e-13	1.55e-08	4.64e-05	7.17e-03	1.07e-01	8.86e-01	0.00e+00	0.00e+00
 5.68143e+15	8.82e-13	1.94e-08	5.53e-05	8.04e-03	1.13e-01	8.79e-01	0.00e+00	0.00e+00
 5.88771e+15	1.23e-12	2.55e-08	6.90e-05	9.28e-03	1.22e-01	8.69e-01	0.00e+00	0.00e+00
 6.09547e+15	1.67e-12	3.33e-08	8.52e-05	1.07e-02	1.31e-01	8.58e-01	0.00e+00	0.00e+00
 6.26590e+15	2.14e-12	4.11e-08	1.01e-04	1.19e-02	1.38e-01	8.50e-01	0.00e+00	0.00e+00
 6.44560e+15	2.78e-12	5.11e-08	1.20e-04	1.33e-02	1.46e-01	8.40e-01	0.00e+00	0.00e+00
 6.67813e+15	3.85e-12	6.72e-08	1.49e-04	1.53e-02	1.57e-01	8.27e-01	0.00e+00	0.00e+00
 6.92133e+15	5.32e-12	8.83e-08	1.85e-04	1.76e-02	1.69e-01	8.14e-01	0.00e+00	0.00e+00
 7.13133e+15	6.99e-12	1.11e-07	2.22e-04	1.98e-02	1.79e-01	8.01e-01	0.00e+00	0.00e+00
 7.35618e+15	9.33e-12	1.41e-07	2.68e-04	2.24e-02	1.90e-01	7.88e-01	0.00e+00	0.00e+00
 7.63295e+15	1.31e-11	1.89e-07	3.37e-04	2.59e-02	2.04e-01	7.70e-01	0.00e+00	0.00e+00
 7.90682e+15	1.80e-11	2.46e-07	4.16e-04	2.97e-02	2.17e-01	7.53e-01	0.00e+00	0.00e+00
 8.14149e+15	2.35e-11	3.08e-07	4.98e-04	3.33e-02	2.29e-01	7.37e-01	0.00e+00	0.00e+00
 8.39558e+15	3.13e-11	3.92e-07	6.01e-04	3.76e-02	2.42e-01	7.20e-01	0.00e+00	0.00e+00
 8.70999e+15	4.39e-11	5.19e-07	7.51e-04	4.33e-02	2.58e-01	6.98e-01	0.00e+00	0.00e+00
 9.01746e+15	5.98e-11	6.75e-07	9.25e-04	4.94e-02	2.74e-01	6.76e-01	0.00e+00	0.00e+00
 9.25220e+15	7.51e-11	8.18e-07	1.08e-03	5.44e-02	2.85e-01	6.59e-01	0.00e+00	0.00e+00
 9.47779e+15	9.40e-11	9.87e-07	1.25e-03	5.97e-02	2.97e-01	6.42e-01	0.00e+00	0.00e+00
 9.77105e+15	1.25e-10	1.25e-06	1.51e-03	6.70e-02	3.11e-01	6.20e-01	0.00e+00	0.00e+00
 1.00669e+16	1.62e-10	1.56e-06	1.80e-03	7.48e-02	3.25e-01	5.98e-01	0.00e+00	0.00e+00
 1.03131e+16	2.02e-10	1.87e-06	2.08e-03	8.18e-02	3.36e-01	5.80e-01	0.00e+00	0.00e+00
 1.05805e+16	2.57e-10	2.29e-06	2.43e-03	9.00e-02	3.49e-01	5.59e-01	0.00e+00	0.00e+00
 1.08800e+16	3.30e-10	2.82e-06	2.87e-03	9.97e-02	3.62e-01	5.36e-01	0.00e+00	0.00e+00
 1.11687e+16	4.19e-10	3.44e-06	3.36e-03	1.10e-01	3.73e-01	5.14e-01	0.00e+00	0.00e+00
 1.14917e+16	5.49e-10	4.31e-06	4.01e-03	1.22e-01	3.86e-01	4.88e-01	0.00e+00	0.00e+00
 1.18367e+16	7.16e-10	5.38e-06	4.79e-03	1.35e-01	3.98e-01	4.62e-01	0.00e+00	0.00e+00
 1.21348e+16	8.94e-10	6.48e-06	5.56e-03	1.47e-01	4.08e-01	4.39e-01	0.00e+00	0.00e+00
 1.24469e+16	1.14e-09	7.92e-06	6.51e-03	1.61e-01	4.17e-01	4.15e-01	0.00e+00	0.00e+00
 1.27897e+16	1.46e-09	9.76e-06	7.69e-03	1.77e-01	4.26e-01	3.89e-01	0.00e+00	0.00e+00
 1.31014e+16	1.83e-09	1.17e-05	8.90e-03	1.93e-01	4.33e-01	3.66e-01	0.00e+00	0.00e+00
 1.33914e+16	2.24e-09	1.39e-05	1.02e-02	2.07e-01	4.38e-01	3.45e-01	0.00e+00	0.00e+00
 1.37241e+16	2.87e-09	1.70e-05	1.19e-02	2.26e-01	4.42e-01	3.20e-01	0.00e+00	0.00e+00
 1.40825e+16	3.66e-09	2.08e-05	1.40e-02	2.46e-01	4.45e-01	2.95e-01	0.00e+00	0.00e+00
 1.43841e+16	4.46e-09	2.45e-05	1.60e-02	2.63e-01	4.46e-01	2.75e-01	0.00e+00	0.00e+00
 1.46403e+16	5.32e-09	2.83e-05	1.79e-02	2.78e-01	4.46e-01	2.58e-01	0.00e+00	0.00e+00
 1.49276e+16	6.52e-09	3.34e-05	2.04e-02	2.96e-01	4.44e-01	2.39e-01	0.00e+00	0.00e+00
 1.52460e+16	8.14e-09	4.01e-05	2.35e-02	3.17e-01	4.41e-01	2.18e-01	0.00e+00	0.00e+00
 1.55325e+16	9.79e-09	4.66e-05	2.65e-02	3.36e-01	4.37e-01	2.01e-01	0.00e+00	0.00e+00
 1.57884e+16	1.17e-08	5.39e-05	2.96e-02	3.53e-01	4.32e-01	1.86e-01	0.00e+00	0.00e+00
 1.60772e+16	1.44e-08	6.38e-05	3.37e-02	3.73e-01	4.24e-01	1.69e-01	0.00e+00	0.00e+00
 1.63833e+16	1.80e-08	7.61e-05	3.86e-02	3.94e-01	4.15e-01	1.52e-01	0.00e+00	0.00e+00
 1.66432e+16	2.16e-08	8.81e-05	4.32e-02	4.13e-01	4.06e-01	1.38e-01	0.00e+00	0.00e+00
 1.68749e+16	2.54e-08	1.00e-04	4.78e-02	4.29e-01	3.96e-01	1.27e-01	0.00e+00	0.00e+00
 1.71384e+16	3.14e-08	1.19e-04	5.40e-02	4.49e-01	3.84e-01	1.13e-01	0.00e+00	0.00e+00
 1.74147e+16	3.82e-08	1.39e-04	6.10e-02	4.68e-01	3.70e-01	1.01e-01	0.00e+00	0.00e+00
 1.76497e+16	4.62e-08	1.61e-04	6.80e-02	4.85e-01	3.56e-01	9.02e-02	0.00e+00	0.00e+00
 1.78563e+16	5.46e-08	1.84e-04	7.48e-02	5.00e-01	3.44e-01	8.14e-02	0.00e+00	0.00e+00
 1.80844e+16	6.34e-08	2.08e-04	8.31e-02	5.16e-01	3.29e-01	7.23e-02	0.00e+00	0.00e+00
 1.83317e+16	7.76e-08	2.44e-04	9.34e-02	5.33e-01	3.11e-01	6.29e-02	0.00e+00	0.00e+00
 1.85433e+16	9.82e-08	2.90e-04	1.04e-01	5.47e-01	2.94e-01	5.48e-02	0.00e+00	0.00e+00
 1.87122e+16	1.13e-07	3.24e-04	1.13e-01	5.57e-01	2.81e-01	4.91e-02	0.00e+00	0.00e+00
 1.88863e+16	1.29e-07	3.61e-04	1.23e-01	5.68e-01	2.66e-01	4.34e-02	0.00e+00	0.00e+00
 1.90816e+16	1.55e-07	4.16e-04	1.36e-01	5.79e-01	2.48e-01	3.73e-02	0.00e+00	0.00e+00
 1.92571e+16	1.95e-07	4.91e-04	1.49e-01	5.88e-01	2.31e-01	3.18e-02	0.00e+00	0.00e+00
 1.93970e+16	2.22e-07	5.43e-04	1.60e-01	5.94e-01	2.17e-01	2.81e-02	0.00e+00	0.00e+00
 1.95377e+16	2.60e-07	6.13e-04	1.73e-01	6.00e-01	2.02e-01	2.42e-02	0.00e+00	0.00e+00
 1.96901e+16	3.09e-07	6.96e-04	1.87e-01	6.06e-01	1.86e-01	2.05e-02	0.00e+00	0.00e+00
 1.98224e+16	3.47e-07	7.63e-04	2.00e-01	6.10e-01	1.72e-01	1.75e-02	0.00e+00	0.00e+00
 1.99377e+16	4.19e-07	8.73e-04	2.14e-01	6.12e-01	1.58e-01	1.48e-02	0.00e+00	0.00e+00
 2.00245e+16	4.58e-07	9.34e-04	2.23e-01	6.14e-01	1.49e-01	1.32e-02	0.00e+00	0.00e+00
 2.00960e+16	4.94e-07	9.89e-04	2.32e-01	6.15e-01	1.40e-01	1.18e-02	0.00e+00	0.00e+00
 2.01889e+16	5.55e-07	1.08e-03	2.44e-01	6.15e-01	1.29e-01	1.01e-02	0.00e+00	0.00e+00
 2.02824e+16	6.29e-07	1.18e-03	2.56e-01	6.15e-01	1.19e-01	8.57e-03	0.00e+00	0.00e+00
 2.03535e+16	7.14e-07	1.29e-03	2.67e-01	6.15e-01	1.10e-01	7.41e-03	0.00e+00	0.00e+00
 2.04075e+16	7.69e-07	1.36e-03	2.74e-01	6.14e-01	1.04e-01	6.64e-03	0.00e+00	0.00e+00
 2.04624e+16	8.35e-07	1.45e-03	2.82e-01	6.13e-01	9.73e-02	5.87e-03	0.00e+00	0.00e+00
 2.05338e+16	9.34e-07	1.56e-03	2.93e-01	6.11e-01	8.89e-02	4.94e-03	0.00e+00	0.00e+00
 2.06074e+16	1.04e-06	1.69e-03	3.04e-01	6.09e-01	8.07e-02	4.13e-03	0.00e+00	0.00e+00
 2.06686e+16	1.14e-06	1.80e-03	3.14e-01	6.07e-01	7.40e-02	3.51e-03	0.00e+00	0.00e+00
 2.07332e+16	1.26e-06	1.94e-03	3.24e-01	6.04e-01	6.69e-02	2.91e-03	0.00e+00	0.00e+00
 2.08030e+16	1.40e-06	2.09e-03	3.35e-01	6.01e-01	5.97e-02	2.35e-03	0.00e+00	0.00e+00
 2.08655e+16	1.54e-06	2.24e-03	3.45e-01	5.97e-01	5.36e-02	1.93e-03	0.00e+00	0.00e+00
 2.09323e+16	1.71e-06	2.42e-03	3.56e-01	5.93e-01	4.73e-02	1.52e-03	0.00e+00	0.00e+00
 2.10042e+16	1.92e-06	2.61e-03	3.67e-01	5.88e-01	4.11e-02	1.18e-03	0.00e+00	0.00e+00
 2.10688e+16	2.11e-06	2.80e-03	3.76e-01	5.84e-01	3.61e-02	9.23e-04	0.00e+00	0.00e+00
 2.11389e+16	2.36e-06	3.02e-03	3.87e-01	5.78e-01	3.10e-02	6.94e-04	0.00e+00	0.00e+00
 2.12173e+16	2.66e-06	3.28e-03	3.99e-01	5.71e-01	2.61e-02	5.02e-04	0.00e+00	0.00e+00
 2.12933e+16	2.98e-06	3.56e-03	4.10e-01	5.65e-01	2.19e-02	3.63e-04	0.00e+00	0.00e+00
 2.13790e+16	3.37e-06	3.88e-03	4.21e-01	5.57e-01	1.78e-02	2.48e-04	0.00e+00	0.00e+00
 2.14904e+16	3.97e-06	4.34e-03	4.37e-01	5.45e-01	1.36e-02	1.49e-04	0.00e+00	0.00e+00
 2.16086e+16	4.67e-06	4.85e-03	4.51e-01	5.33e-01	1.03e-02	8.78e-05	0.00e+00	0.00e+00
 2.17183e+16	5.42e-06	5.36e-03	4.65e-01	5.22e-01	7.93e-03	5.36e-05	0.00e+00	0.00e+00
 2.18434e+16	6.39e-06	5.99e-03	4.80e-01	5.09e-01	5.90e-03	3.05e-05	0.00e+00	0.00e+00
 2.20061e+16	7.85e-06	6.88e-03	4.98e-01	4.91e-01	4.08e-03	1.49e-05	0.00e+00	0.00e+00
 2.21863e+16	9.88e-06	8.03e-03	5.18e-01	4.71e-01	2.76e-03	7.04e-06	0.00e+00	0.00e+00
 2.23217e+16	1.18e-05	9.04e-03	5.33e-01	4.55e-01	2.11e-03	4.17e-06	0.00e+00	0.00e+00
 2.24045e+16	1.31e-05	9.73e-03	5.43e-01	4.46e-01	1.79e-03	3.02e-06	0.00e+00	0.00e+00
 2.24864e+16	1.46e-05	1.05e-02	5.52e-01	4.36e-01	1.51e-03	2.17e-06	0.00e+00	0.00e+00
 2.25928e+16	1.69e-05	1.15e-02	5.65e-01	4.22e-01	1.22e-03	1.43e-06	0.00e+00	0.00e+00
 2.27311e+16	2.03e-05	1.30e-02	5.81e-01	4.05e-01	9.24e-04	8.37e-07	0.00e+00	0.00e+00
 2.28701e+16	2.48e-05	1.49e-02	5.98e-01	3.86e-01	7.10e-04	0.00e+00	0.00e+00	0.00e+00
 2.29758e+16	2.89e-05	1.65e-02	6.11e-01	3.72e-01	5.82e-04	0.00e+00	0.00e+00	0.00e+00
 2.30647e+16	3.30e-05	1.81e-02	6.22e-01	3.59e-01	4.91e-04	0.00e+00	0.00e+00	0.00e+00
 2.31662e+16	3.84e-05	2.00e-02	6.35e-01	3.44e-01	4.03e-04	0.00e+00	0.00e+00	0.00e+00
 2.32701e+16	4.53e-05	2.24e-02	6.48e-01	3.29e-01	3.30e-04	0.00e+00	0.00e+00	0.00e+00
 2.33523e+16	5.18e-05	2.45e-02	6.59e-01	3.16e-01	2.82e-04	0.00e+00	0.00e+00	0.00e+00
 2.34217e+16	5.82e-05	2.65e-02	6.67e-01	3.06e-01	2.47e-04	0.00e+00	0.00e+00	0.00e+00
 2.34996e+16	6.62e-05	2.90e-02	6.77e-01	2.93e-01	2.11e-04	0.00e+00	0.00e+00	0.00e+00
 2.35863e+16	7.71e-05	3.21e-02	6.88e-01	2.80e-01	1.77e-04	0.00e+00	0.00e+00	0.00e+00
 2.36649e+16	8.88e-05	3.53e-02	6.98e-01	2.67e-01	1.51e-04	0.00e+00	0.00e+00	0.00e+00
 2.37334e+16	1.01e-04	3.85e-02	7.06e-01	2.55e-01	1.31e-04	0.00e+00	0.00e+00	0.00e+00
 2.38084e+16	1.16e-04	4.24e-02	7.14e-01	2.43e-01	1.12e-04	0.00e+00	0.00e+00	0.00e+00
 2.38898e+16	1.36e-04	4.71e-02	7.23e-01	2.29e-01	9.36e-05	0.00e+00	0.00e+00	0.00e+00
 2.39595e+16	1.57e-04	5.19e-02	7.31e-01	2.17e-01	8.03e-05	0.00e+00	0.00e+00	0.00e+00
 2.40185e+16	1.76e-04	5.63e-02	7.36e-01	2.07e-01	7.03e-05	0.00e+00	0.00e+00	0.00e+00
 2.40834e+16	2.02e-04	6.17e-02	7.42e-01	1.96e-01	6.03e-05	0.00e+00	0.00e+00	0.00e+00
 2.41549e+16	2.36e-04	6.85e-02	7.48e-01	1.84e-01	5.09e-05	0.00e+00	0.00e+00	0.00e+00
 2.42185e+16	2.73e-04	7.54e-02	7.52e-01	1.73e-01	4.35e-05	0.00e+00	0.00e+00	0.00e+00
 2.42731e+16	3.09e-04	8.21e-02	7.55e-01	1.63e-01	3.79e-05	0.00e+00	0.00e+00	0.00e+00
 2.43325e+16	3.55e-04	9.02e-02	7.57e-01	1.53e-01	3.23e-05	0.00e+00	0.00e+00	0.00e+00
 2.43974e+16	4.16e-04	1.00e-01	7.58e-01	1.41e-01	2.71e-05	0.00e+00	0.00e+00	0.00e+00
 2.44547e+16	4.80e-04	1.10e-01	7.58e-01	1.31e-01	2.31e-05	0.00e+00	0.00e+00	0.00e+00
 2.45039e+16	5.44e-04	1.20e-01	7.56e-01	1.23e-01	2.00e-05	0.00e+00	0.00e+00	0.00e+00
 2.45576e+16	6.27e-04	1.32e-01	7.54e-01	1.14e-01	1.69e-05	0.00e+00	0.00e+00	0.00e+00
 2.46167e+16	7.37e-04	1.46e-01	7.49e-01	1.04e-01	1.40e-05	0.00e+00	0.00e+00	0.00e+00
 2.46694e+16	8.55e-04	1.61e-01	7.43e-01	9.52e-02	1.18e-05	0.00e+00	0.00e+00	0.00e+00
 2.47151e+16	9.73e-04	1.76e-01	7.36e-01	8.76e-02	1.00e-05	0.00e+00	0.00e+00	0.00e+00
 2.47651e+16	1.13e-03	1.93e-01	7.26e-01	7.96e-02	8.33e-06	0.00e+00	0.00e+00	0.00e+00
 2.48204e+16	1.33e-03	2.15e-01	7.13e-01	7.10e-02	6.73e-06	0.00e+00	0.00e+00	0.00e+00
 2.48702e+16	1.56e-03	2.38e-01	6.97e-01	6.33e-02	5.48e-06	0.00e+00	0.00e+00	0.00e+00
 2.49141e+16	1.79e-03	2.60e-01	6.81e-01	5.68e-02	4.53e-06	0.00e+00	0.00e+00	0.00e+00
 2.49626e+16	2.10e-03	2.87e-01	6.61e-01	4.99e-02	3.61e-06	0.00e+00	0.00e+00	0.00e+00
 2.50169e+16	2.53e-03	3.21e-01	6.34e-01	4.24e-02	2.76e-06	0.00e+00	0.00e+00	0.00e+00
 2.50671e+16	3.03e-03	3.57e-01	6.04e-01	3.59e-02	2.10e-06	0.00e+00	0.00e+00	0.00e+00
 2.51123e+16	3.55e-03	3.93e-01	5.73e-01	3.04e-02	1.61e-06	0.00e+00	0.00e+00	0.00e+00
 2.51625e+16	4.26e-03	4.36e-01	5.35e-01	2.47e-02	1.17e-06	0.00e+00	0.00e+00	0.00e+00
 2.52159e+16	5.22e-03	4.88e-01	4.88e-01	1.93e-02	7.99e-07	0.00e+00	0.00e+00	0.00e+00
 2.52586e+16	6.18e-03	5.34e-01	4.45e-01	1.53e-02	0.00e+00	0.00e+00	0.00e+00	0.00e+00
 2.52910e+16	7.04e-03	5.70e-01	4.11e-01	1.26e-02	0.00e+00	0.00e+00	0.00e+00	0.00e+00
 2.53246e+16	8.04e-03	6.08e-01	3.74e-01	1.01e-02	0.00e+00	0.00e+00	0.00e+00	0.00e+00
 2.53684e+16	9.56e-03	6.57e-01	3.26e-01	7.41e-03	0.00e+00	0.00e+00	0.00e+00	0.00e+00
 2.54110e+16	1.14e-02	7.08e-01	2.75e-01	5.19e-03	0.00e+00	0.00e+00	0.00e+00	0.00e+00
 2.54407e+16	1.30e-02	7.44e-01	2.39e-01	3.90e-03	0.00e+00	0.00e+00	0.00e+00	0.00e+00
 2.54628e+16	1.43e-02	7.69e-01	2.14e-01	3.11e-03	0.00e+00	0.00e+00	0.00e+00	0.00e+00
 2.54867e+16	1.59e-02	7.94e-01	1.88e-01	2.39e-03	0.00e+00	0.00e+00	0.00e+00	0.00e+00
 2.55178e+16	1.81e-02	8.25e-01	1.56e-01	1.66e-03	0.00e+00	0.00e+00	0.00e+00	0.00e+00
 2.55493e+16	2.09e-02	8.53e-01	1.25e-01	1.09e-03	0.00e+00	0.00e+00	0.00e+00	0.00e+00
 2.55732e+16	2.33e-02	8.73e-01	1.03e-01	7.59e-04	0.00e+00	0.00e+00	0.00e+00	0.00e+00
 2.55917e+16	2.55e-02	8.86e-01	8.80e-02	5.67e-04	0.00e+00	0.00e+00	0.00e+00	0.00e+00
 2.56116e+16	2.81e-02	8.98e-01	7.37e-02	4.07e-04	0.00e+00	0.00e+00	0.00e+00	0.00e+00
 2.56374e+16	3.18e-02	9.10e-01	5.76e-02	2.57e-04	0.00e+00	0.00e+00	0.00e+00	0.00e+00
 2.56631e+16	3.62e-02	9.20e-01	4.36e-02	1.55e-04	0.00e+00	0.00e+00	0.00e+00	0.00e+00
 2.56819e+16	3.99e-02	9.25e-01	3.48e-02	1.03e-04	0.00e+00	0.00e+00	0.00e+00	0.00e+00
 2.56962e+16	4.31e-02	9.28e-01	2.92e-02	7.51e-05	0.00e+00	0.00e+00	0.00e+00	0.00e+00
 2.57115e+16	4.67e-02	9.29e-01	2.40e-02	5.25e-05	0.00e+00	0.00e+00	0.00e+00	0.00e+00
 2.57314e+16	5.20e-02	9.30e-01	1.84e-02	3.23e-05	0.00e+00	0.00e+00	0.00e+00	0.00e+00
 2.57510e+16	5.81e-02	9.28e-01	1.38e-02	1.93e-05	0.00e+00	0.00e+00	0.00e+00	0.00e+00
 2.57652e+16	6.30e-02	9.26e-01	1.10e-02	1.29e-05	0.00e+00	0.00e+00	0.00e+00	0.00e+00
 2.57765e+16	6.71e-02	9.24e-01	9.20e-03	9.37e-06	0.00e+00	0.00e+00	0.00e+00	0.00e+00
 2.57875e+16	7.17e-02	9.21e-01	7.67e-03	6.74e-06	0.00e+00	0.00e+00	0.00e+00	0.00e+00
 2.57993e+16	7.68e-02	9.17e-01	6.28e-03	4.70e-06	0.00e+00	0.00e+00	0.00e+00	0.00e+00
 2.58108e+16	8.18e-02	9.13e-01	5.13e-03	3.27e-06	0.00e+00	0.00e+00	0.00e+00	0.00e+00
 2.58207e+16	8.68e-02	9.09e-01	4.29e-03	2.36e-06	0.00e+00	0.00e+00	0.00e+00	0.00e+00
 2.58294e+16	9.13e-02	9.05e-01	3.65e-03	1.77e-06	0.00e+00	0.00e+00	0.00e+00	0.00e+00
 2.58360e+16	9.48e-02	9.02e-01	3.22e-03	1.42e-06	0.00e+00	0.00e+00	0.00e+00	0.00e+00
 2.58405e+16	9.72e-02	9.00e-01	2.96e-03	1.22e-06	0.00e+00	0.00e+00	0.00e+00	0.00e+00
 2.58448e+16	9.99e-02	8.97e-01	2.72e-03	1.04e-06	0.00e+00	0.00e+00	0.00e+00	0.00e+00
 2.58498e+16	1.03e-01	8.95e-01	2.46e-03	8.72e-07	0.00e+00	0.00e+00	0.00e+00	0.00e+00
 2.58551e+16	1.06e-01	8.92e-01	2.22e-03	0.00e+00	0.00e+00	0.00e+00	0.00e+00	0.00e+00
 2.58603e+16	1.10e-01	8.88e-01	2.00e-03	0.00e+00	0.00e+00	0.00e+00	0.00e+00	0.00e+00
 2.58651e+16	1.13e-01	8.85e-01	1.81e-03	0.00e+00	0.00e+00	0.00e+00	0.00e+00	0.00e+00
 2.58699e+16	1.16e-01	8.82e-01	1.64e-03	0.00e+00	0.00e+00	0.00e+00	0.00e+00	0.00e+00
 2.58746e+16	1.19e-01	8.79e-01	1.49e-03	0.00e+00	0.00e+00	0.00e+00	0.00e+00	0.00e+00
 2.58794e+16	1.23e-01	8.76e-01	1.34e-03	0.00e+00	0.00e+00	0.00e+00	0.00e+00	0.00e+00
 2.58841e+16	1.26e-01	8.72e-01	1.21e-03	0.00e+00	0.00e+00	0.00e+00	0.00e+00	0.00e+00
 2.58887e+16	1.30e-01	8.69e-01	1.10e-03	0.00e+00	0.00e+00	0.00e+00	0.00e+00	0.00e+00
 2.58933e+16	1.34e-01	8.65e-01	9.91e-04	0.00e+00	0.00e+00	0.00e+00	0.00e+00	0.00e+00
 2.58978e+16	1.38e-01	8.61e-01	8.97e-04	0.00e+00	0.00e+00	0.00e+00	0.00e+00	0.00e+00
 2.59022e+16	1.42e-01	8.58e-01	8.12e-04	0.00e+00	0.00e+00	0.00e+00	0.00e+00	0.00e+00
 2.59067e+16	1.46e-01	8.54e-01	7.33e-04	0.00e+00	0.00e+00	0.00e+00	0.00e+00	0.00e+00
 2.59111e+16	1.50e-01	8.49e-01	6.63e-04	0.00e+00	0.00e+00	0.00e+00	0.00e+00	0.00e+00
 2.59154e+16	1.54e-01	8.45e-01	5.99e-04	0.00e+00	0.00e+00	0.00e+00	0.00e+00	0.00e+00
 2.59197e+16	1.59e-01	8.41e-01	5.41e-04	0.00e+00	0.00e+00	0.00e+00	0.00e+00	0.00e+00
 2.59240e+16	1.64e-01	8.36e-01	4.88e-04	0.00e+00	0.00e+00	0.00e+00	0.00e+00	0.00e+00
 2.59283e+16	1.68e-01	8.31e-01	4.40e-04	0.00e+00	0.00e+00	0.00e+00	0.00e+00	0.00e+00
 2.59324e+16	1.74e-01	8.26e-01	3.98e-04	0.00e+00	0.00e+00	0.00e+00	0.00e+00	0.00e+00
 2.59365e+16	1.79e-01	8.21e-01	3.59e-04	0.00e+00	0.00e+00	0.00e+00	0.00e+00	0.00e+00
 2.59406e+16	1.84e-01	8.15e-01	3.24e-04	0.00e+00	0.00e+00	0.00e+00	0.00e+00	0.00e+00
 2.59446e+16	1.90e-01	8.10e-01	2.92e-04	0.00e+00	0.00e+00	0.00e+00	0.00e+00	0.00e+00
 2.59487e+16	1.96e-01	8.04e-01	2.63e-04	0.00e+00	0.00e+00	0.00e+00	0.00e+00	0.00e+00
 2.59526e+16	2.03e-01	7.97e-01	2.37e-04	0.00e+00	0.00e+00	0.00e+00	0.00e+00	0.00e+00
 2.59565e+16	2.09e-01	7.91e-01	2.14e-04	0.00e+00	0.00e+00	0.00e+00	0.00e+00	0.00e+00
 2.59603e+16	2.17e-01	7.83e-01	1.93e-04	0.00e+00	0.00e+00	0.00e+00	0.00e+00	0.00e+00
 2.59640e+16	2.25e-01	7.75e-01	1.74e-04	0.00e+00	0.00e+00	0.00e+00	0.00e+00	0.00e+00
 2.59678e+16	2.32e-01	7.68e-01	1.57e-04	0.00e+00	0.00e+00	0.00e+00	0.00e+00	0.00e+00
 2.59715e+16	2.40e-01	7.59e-01	1.41e-04	0.00e+00	0.00e+00	0.00e+00	0.00e+00	0.00e+00
 2.59752e+16	2.49e-01	7.51e-01	1.27e-04	0.00e+00	0.00e+00	0.00e+00	0.00e+00	0.00e+00
 2.59787e+16	2.58e-01	7.42e-01	1.15e-04	0.00e+00	0.00e+00	0.00e+00	0.00e+00	0.00e+00
 2.59822e+16	2.69e-01	7.31e-01	1.03e-04	0.00e+00	0.00e+00	0.00e+00	0.00e+00	0.00e+00
 2.59856e+16	2.80e-01	7.20e-01	9.33e-05	0.00e+00	0.00e+00	0.00e+00	0.00e+00	0.00e+00
 2.59889e+16	2.91e-01	7.09e-01	8.42e-05	0.00e+00	0.00e+00	0.00e+00	0.00e+00	0.00e+00
 2.59922e+16	3.03e-01	6.97e-01	7.58e-05	0.00e+00	0.00e+00	0.00e+00	0.00e+00	0.00e+00
 2.59955e+16	3.14e-01	6.86e-01	6.83e-05	0.00e+00	0.00e+00	0.00e+00	0.00e+00	0.00e+00
 2.59988e+16	3.28e-01	6.72e-01	6.14e-05	0.00e+00	0.00e+00	0.00e+00	0.00e+00	0.00e+00
 2.60020e+16	3.41e-01	6.59e-01	5.52e-05	0.00e+00	0.00e+00	0.00e+00	0.00e+00	0.00e+00
 2.60052e+16	3.56e-01	6.44e-01	4.96e-05	0.00e+00	0.00e+00	0.00e+00	0.00e+00	0.00e+00
 2.60083e+16	3.71e-01	6.29e-01	4.45e-05	0.00e+00	0.00e+00	0.00e+00	0.00e+00	0.00e+00
 2.60114e+16	3.88e-01	6.12e-01	3.99e-05	0.00e+00	0.00e+00	0.00e+00	0.00e+00	0.00e+00
 2.60144e+16	4.08e-01	5.92e-01	3.55e-05	0.00e+00	0.00e+00	0.00e+00	0.00e+00	0.00e+00
 2.60174e+16	4.26e-01	5.74e-01	3.17e-05	0.00e+00	0.00e+00	0.00e+00	0.00e+00	0.00e+00
 2.60204e+16	4.45e-01	5.55e-01	2.83e-05	0.00e+00	0.00e+00	0.00e+00	0.00e+00	0.00e+00
 2.60234e+16	4.66e-01	5.34e-01	2.52e-05	0.00e+00	0.00e+00	0.00e+00	0.00e+00	0.00e+00
 2.60263e+16	4.87e-01	5.13e-01	2.23e-05	0.00e+00	0.00e+00	0.00e+00	0.00e+00	0.00e+00
 2.60293e+16	5.09e-01	4.91e-01	1.97e-05	0.00e+00	0.00e+00	0.00e+00	0.00e+00	0.00e+00
 2.60322e+16	5.32e-01	4.68e-01	1.74e-05	0.00e+00	0.00e+00	0.00e+00	0.00e+00	0.00e+00
 2.60351e+16	5.55e-01	4.45e-01	1.53e-05	0.00e+00	0.00e+00	0.00e+00	0.00e+00	0.00e+00
 2.60380e+16	5.79e-01	4.21e-01	1.35e-05	0.00e+00	0.00e+00	0.00e+00	0.00e+00	0.00e+00
 2.60409e+16	6.03e-01	3.97e-01	1.18e-05	0.00e+00	0.00e+00	0.00e+00	0.00e+00	0.00e+00
 2.60438e+16	6.28e-01	3.72e-01	1.02e-05	0.00e+00	0.00e+00	0.00e+00	0.00e+00	0.00e+00
 2.60463e+16	6.49e-01	3.51e-01	9.09e-06	0.00e+00	0.00e+00	0.00e+00	0.00e+00	0.00e+00
 2.60481e+16	6.64e-01	3.36e-01	8.30e-06	0.00e+00	0.00e+00	0.00e+00	0.00e+00	0.00e+00
 2.60498e+16	6.79e-01	3.21e-01	7.62e-06	0.00e+00	0.00e+00	0.00e+00	0.00e+00	0.00e+00
 2.60516e+16	6.93e-01	3.07e-01	6.96e-06	0.00e+00	0.00e+00	0.00e+00	0.00e+00	0.00e+00
 2.60535e+16	7.11e-01	2.89e-01	6.27e-06	0.00e+00	0.00e+00	0.00e+00	0.00e+00	0.00e+00
 2.60554e+16	7.25e-01	2.75e-01	5.70e-06	0.00e+00	0.00e+00	0.00e+00	0.00e+00	0.00e+00
