#depth	O	O+	O+2	O+3	O+4	O+5	O+6	O+7	O+8	O[1]	O[2]	O[3]
 1.49634e+10	0.00e+00	0.00e+00	1.26e-29	2.40e-20	1.77e-12	2.05e-06	1.00e+00	3.81e-23	0.00e+00	0.00e+00	0.00e+00	0.00e+00
 4.54887e+10	0.00e+00	4.50e-40	1.72e-29	3.04e-20	2.07e-12	2.22e-06	1.00e+00	0.00e+00	0.00e+00	0.00e+00	0.00e+00	0.00e+00
 7.72350e+10	0.00e+00	0.00e+00	2.35e-29	3.85e-20	2.42e-12	2.40e-06	1.00e+00	0.00e+00	0.00e+00	0.00e+00	0.00e+00	0.00e+00
 1.10251e+11	0.00e+00	9.85e-40	3.22e-29	4.88e-20	2.84e-12	2.60e-06	1.00e+00	0.00e+00	0.00e+00	0.00e+00	0.00e+00	0.00e+00
 1.44588e+11	0.00e+00	0.00e+00	4.41e-29	6.18e-20	3.33e-12	2.82e-06	1.00e+00	0.00e+00	0.00e+00	0.00e+00	0.00e+00	0.00e+00
 1.80298e+11	0.00e+00	2.15e-39	6.04e-29	7.83e-20	3.90e-12	3.05e-06	1.00e+00	0.00e+00	0.00e+00	0.00e+00	0.00e+00	0.00e+00
 2.17437e+11	0.00e+00	0.00e+00	8.27e-29	9.92e-20	4.57e-12	3.30e-06	1.00e+00	0.00e+00	0.00e+00	0.00e+00	0.00e+00	0.00e+00
 2.56061e+11	0.00e+00	4.71e-39	1.13e-28	1.26e-19	5.36e-12	3.58e-06	1.00e+00	0.00e+00	0.00e+00	0.00e+00	0.00e+00	0.00e+00
 2.96231e+11	0.00e+00	0.00e+00	1.55e-28	1.59e-19	6.28e-12	3.88e-06	1.00e+00	0.00e+00	0.00e+00	0.00e+00	0.00e+00	0.00e+00
 3.38007e+11	0.00e+00	1.03e-38	2.12e-28	2.02e-19	7.37e-12	4.20e-06	1.00e+00	0.00e+00	0.00e+00	0.00e+00	0.00e+00	0.00e+00
 3.81454e+11	0.00e+00	0.00e+00	2.90e-28	2.56e-19	8.64e-12	4.56e-06	1.00e+00	0.00e+00	0.00e+00	0.00e+00	0.00e+00	0.00e+00
 4.26639e+11	0.00e+00	2.25e-38	3.97e-28	3.24e-19	1.01e-11	4.94e-06	1.00e+00	0.00e+00	0.00e+00	0.00e+00	0.00e+00	0.00e+00
 4.73631e+11	0.00e+00	0.00e+00	5.44e-28	4.11e-19	1.19e-11	5.36e-06	1.00e+00	0.00e+00	0.00e+00	0.00e+00	0.00e+00	0.00e+00
 5.22503e+11	0.00e+00	4.91e-38	7.45e-28	5.22e-19	1.40e-11	5.81e-06	1.00e+00	0.00e+00	0.00e+00	0.00e+00	0.00e+00	0.00e+00
 5.73330e+11	0.00e+00	0.00e+00	1.02e-27	6.62e-19	1.64e-11	6.31e-06	1.00e+00	0.00e+00	0.00e+00	0.00e+00	0.00e+00	0.00e+00
 6.26190e+11	0.00e+00	1.07e-37	1.40e-27	8.40e-19	1.93e-11	6.85e-06	1.00e+00	0.00e+00	0.00e+00	0.00e+00	0.00e+00	0.00e+00
 6.81164e+11	0.00e+00	0.00e+00	1.91e-27	1.07e-18	2.27e-11	7.44e-06	1.00e+00	0.00e+00	0.00e+00	0.00e+00	0.00e+00	0.00e+00
 7.38337e+11	0.00e+00	2.33e-37	2.61e-27	1.35e-18	2.67e-11	8.08e-06	1.00e+00	0.00e+00	0.00e+00	0.00e+00	0.00e+00	0.00e+00
 7.97798e+11	0.00e+00	0.00e+00	3.58e-27	1.72e-18	3.15e-11	8.79e-06	1.00e+00	0.00e+00	0.00e+00	0.00e+00	0.00e+00	0.00e+00
 8.59636e+11	0.00e+00	5.05e-37	4.89e-27	2.18e-18	3.70e-11	9.55e-06	1.00e+00	0.00e+00	0.00e+00	0.00e+00	0.00e+00	0.00e+00
 9.23949e+11	0.00e+00	0.00e+00	6.69e-27	2.77e-18	4.36e-11	1.04e-05	1.00e+00	0.00e+00	0.00e+00	0.00e+00	0.00e+00	0.00e+00
 9.90833e+11	0.00e+00	1.09e-36	9.15e-27	3.53e-18	5.14e-11	1.13e-05	1.00e+00	0.00e+00	0.00e+00	0.00e+00	0.00e+00	0.00e+00
 1.06039e+12	0.00e+00	0.00e+00	1.25e-26	4.48e-18	6.07e-11	1.23e-05	1.00e+00	0.00e+00	0.00e+00	0.00e+00	0.00e+00	0.00e+00
 1.13274e+12	0.00e+00	2.36e-36	1.71e-26	5.70e-18	7.16e-11	1.34e-05	1.00e+00	0.00e+00	0.00e+00	0.00e+00	0.00e+00	0.00e+00
 1.20797e+12	4.20e-47	3.46e-36	2.34e-26	7.24e-18	8.45e-11	1.46e-05	1.00e+00	0.00e+00	0.00e+00	0.00e+00	0.00e+00	0.00e+00
 1.28622e+12	0.00e+00	0.00e+00	3.19e-26	9.21e-18	9.98e-11	1.60e-05	1.00e+00	0.00e+00	0.00e+00	0.00e+00	0.00e+00	0.00e+00
 1.36759e+12	0.00e+00	7.41e-36	4.35e-26	1.17e-17	1.18e-10	1.74e-05	1.00e+00	0.00e+00	0.00e+00	0.00e+00	0.00e+00	0.00e+00
 1.45222e+12	1.63e-46	1.08e-35	5.93e-26	1.49e-17	1.39e-10	1.90e-05	1.00e+00	0.00e+00	0.00e+00	0.00e+00	0.00e+00	0.00e+00
 1.54024e+12	0.00e+00	0.00e+00	8.08e-26	1.89e-17	1.65e-10	2.07e-05	1.00e+00	0.00e+00	0.00e+00	0.00e+00	0.00e+00	0.00e+00
 1.63178e+12	0.00e+00	2.30e-35	1.10e-25	2.41e-17	1.95e-10	2.27e-05	1.00e+00	0.00e+00	0.00e+00	0.00e+00	0.00e+00	0.00e+00
 1.72697e+12	6.25e-46	3.35e-35	1.50e-25	3.06e-17	2.31e-10	2.48e-05	1.00e+00	0.00e+00	0.00e+00	0.00e+00	0.00e+00	0.00e+00
 1.82598e+12	0.00e+00	4.86e-35	2.04e-25	3.89e-17	2.73e-10	2.71e-05	1.00e+00	0.00e+00	0.00e+00	0.00e+00	0.00e+00	0.00e+00
 1.92895e+12	1.51e-45	7.04e-35	2.76e-25	4.94e-17	3.23e-10	2.96e-05	1.00e+00	0.00e+00	0.00e+00	0.00e+00	0.00e+00	0.00e+00
 2.03603e+12	0.00e+00	1.02e-34	3.75e-25	6.27e-17	3.82e-10	3.24e-05	1.00e+00	0.00e+00	0.00e+00	0.00e+00	0.00e+00	0.00e+00
 2.14740e+12	3.61e-45	1.47e-34	5.09e-25	7.96e-17	4.52e-10	3.55e-05	1.00e+00	0.00e+00	0.00e+00	0.00e+00	0.00e+00	0.00e+00
 2.26322e+12	0.00e+00	2.12e-34	6.89e-25	1.01e-16	5.35e-10	3.88e-05	1.00e+00	0.00e+00	0.00e+00	0.00e+00	0.00e+00	0.00e+00
 2.38368e+12	8.57e-45	3.05e-34	9.32e-25	1.28e-16	6.33e-10	4.25e-05	1.00e+00	0.00e+00	0.00e+00	0.00e+00	0.00e+00	0.00e+00
 2.50895e+12	0.00e+00	4.39e-34	1.26e-24	1.63e-16	7.49e-10	4.65e-05	1.00e+00	0.00e+00	0.00e+00	0.00e+00	0.00e+00	0.00e+00
 2.63924e+12	2.01e-44	6.30e-34	1.70e-24	2.06e-16	8.86e-10	5.09e-05	1.00e+00	0.00e+00	0.00e+00	0.00e+00	0.00e+00	0.00e+00
 2.77473e+12	0.00e+00	9.03e-34	2.30e-24	2.62e-16	1.05e-09	5.57e-05	1.00e+00	0.00e+00	0.00e+00	0.00e+00	0.00e+00	0.00e+00
 2.91565e+12	4.70e-44	1.29e-33	3.10e-24	3.31e-16	1.24e-09	6.10e-05	1.00e+00	0.00e+00	0.00e+00	0.00e+00	0.00e+00	0.00e+00
 3.05814e+12	0.00e+00	1.83e-33	4.14e-24	4.17e-16	1.46e-09	6.66e-05	1.00e+00	0.00e+00	0.00e+00	0.00e+00	0.00e+00	0.00e+00
 3.20633e+12	1.06e-43	2.59e-33	5.53e-24	5.25e-16	1.71e-09	7.27e-05	1.00e+00	0.00e+00	0.00e+00	0.00e+00	0.00e+00	0.00e+00
 3.36451e+12	0.00e+00	3.70e-33	7.44e-24	6.64e-16	2.02e-09	7.96e-05	1.00e+00	0.00e+00	0.00e+00	0.00e+00	0.00e+00	0.00e+00
 3.52902e+12	2.45e-43	5.27e-33	1.00e-23	8.40e-16	2.39e-09	8.71e-05	1.00e+00	0.00e+00	0.00e+00	0.00e+00	0.00e+00	0.00e+00
 3.70010e+12	0.00e+00	7.50e-33	1.34e-23	1.06e-15	2.82e-09	9.53e-05	1.00e+00	0.00e+00	0.00e+00	0.00e+00	0.00e+00	0.00e+00
 3.87804e+12	5.61e-43	1.07e-32	1.81e-23	1.34e-15	3.32e-09	1.04e-04	1.00e+00	0.00e+00	0.00e+00	0.00e+00	0.00e+00	0.00e+00
 4.06308e+12	0.00e+00	1.52e-32	2.43e-23	1.70e-15	3.92e-09	1.14e-04	1.00e+00	0.00e+00	0.00e+00	0.00e+00	0.00e+00	0.00e+00
 4.25553e+12	1.28e-42	2.16e-32	3.26e-23	2.15e-15	4.62e-09	1.25e-04	1.00e+00	0.00e+00	0.00e+00	0.00e+00	0.00e+00	0.00e+00
 4.45568e+12	0.00e+00	3.07e-32	4.37e-23	2.71e-15	5.44e-09	1.36e-04	1.00e+00	0.00e+00	0.00e+00	0.00e+00	0.00e+00	0.00e+00
 4.66384e+12	2.92e-42	4.36e-32	5.87e-23	3.43e-15	6.41e-09	1.49e-04	1.00e+00	0.00e+00	0.00e+00	0.00e+00	0.00e+00	0.00e+00
 4.88032e+12	0.00e+00	6.20e-32	7.88e-23	4.33e-15	7.54e-09	1.63e-04	1.00e+00	0.00e+00	0.00e+00	0.00e+00	0.00e+00	0.00e+00
 5.10546e+12	6.65e-42	8.81e-32	1.06e-22	5.47e-15	8.87e-09	1.78e-04	1.00e+00	0.00e+00	0.00e+00	0.00e+00	0.00e+00	0.00e+00
 5.33960e+12	0.00e+00	1.25e-31	1.42e-22	6.90e-15	1.04e-08	1.95e-04	1.00e+00	0.00e+00	0.00e+00	0.00e+00	0.00e+00	0.00e+00
 5.58311e+12	1.51e-41	1.78e-31	1.90e-22	8.72e-15	1.23e-08	2.13e-04	1.00e+00	0.00e+00	0.00e+00	0.00e+00	0.00e+00	0.00e+00
 5.83636e+12	0.00e+00	2.53e-31	2.56e-22	1.10e-14	1.44e-08	2.32e-04	1.00e+00	0.00e+00	0.00e+00	0.00e+00	0.00e+00	0.00e+00
 6.09974e+12	3.45e-41	3.60e-31	3.43e-22	1.39e-14	1.69e-08	2.53e-04	1.00e+00	0.00e+00	0.00e+00	0.00e+00	0.00e+00	0.00e+00
 6.37366e+12	0.00e+00	5.12e-31	4.61e-22	1.75e-14	1.99e-08	2.77e-04	1.00e+00	0.00e+00	0.00e+00	0.00e+00	0.00e+00	0.00e+00
 6.65853e+12	7.88e-41	7.28e-31	6.19e-22	2.21e-14	2.34e-08	3.02e-04	1.00e+00	0.00e+00	0.00e+00	0.00e+00	0.00e+00	0.00e+00
 6.95480e+12	0.00e+00	1.04e-30	8.32e-22	2.80e-14	2.74e-08	3.29e-04	1.00e+00	0.00e+00	0.00e+00	0.00e+00	0.00e+00	0.00e+00
 7.26292e+12	1.80e-40	1.48e-30	1.12e-21	3.53e-14	3.22e-08	3.59e-04	1.00e+00	0.00e+00	0.00e+00	0.00e+00	0.00e+00	0.00e+00
 7.58336e+12	0.00e+00	2.10e-30	1.50e-21	4.46e-14	3.78e-08	3.92e-04	1.00e+00	0.00e+00	0.00e+00	0.00e+00	0.00e+00	0.00e+00
 7.91662e+12	4.14e-40	3.01e-30	2.02e-21	5.62e-14	4.43e-08	4.27e-04	1.00e+00	0.00e+00	0.00e+00	0.00e+00	0.00e+00	0.00e+00
 8.26322e+12	0.00e+00	4.29e-30	2.72e-21	7.10e-14	5.20e-08	4.65e-04	1.00e+00	0.00e+00	0.00e+00	0.00e+00	0.00e+00	0.00e+00
 8.62367e+12	9.54e-40	6.13e-30	3.66e-21	8.96e-14	6.09e-08	5.07e-04	9.99e-01	0.00e+00	0.00e+00	0.00e+00	0.00e+00	0.00e+00
 8.99855e+12	0.00e+00	8.77e-30	4.92e-21	1.13e-13	7.14e-08	5.52e-04	9.99e-01	0.00e+00	0.00e+00	0.00e+00	0.00e+00	0.00e+00
 9.38841e+12	2.21e-39	1.26e-29	6.63e-21	1.43e-13	8.37e-08	6.02e-04	9.99e-01	0.00e+00	0.00e+00	0.00e+00	0.00e+00	0.00e+00
 9.79388e+12	0.00e+00	1.80e-29	8.94e-21	1.80e-13	9.81e-08	6.55e-04	9.99e-01	0.00e+00	0.00e+00	0.00e+00	0.00e+00	0.00e+00
 1.02156e+13	5.14e-39	2.58e-29	1.21e-20	2.28e-13	1.15e-07	7.13e-04	9.99e-01	0.00e+00	0.00e+00	0.00e+00	0.00e+00	0.00e+00
 1.06541e+13	0.00e+00	3.70e-29	1.63e-20	2.88e-13	1.35e-07	7.76e-04	9.99e-01	0.00e+00	0.00e+00	0.00e+00	0.00e+00	0.00e+00
 1.11102e+13	1.20e-38	5.32e-29	2.19e-20	3.63e-13	1.58e-07	8.45e-04	9.99e-01	0.00e+00	0.00e+00	0.00e+00	0.00e+00	0.00e+00
 1.15845e+13	0.00e+00	7.64e-29	2.96e-20	4.59e-13	1.85e-07	9.19e-04	9.99e-01	0.00e+00	0.00e+00	0.00e+00	0.00e+00	0.00e+00
 1.20778e+13	2.82e-38	1.10e-28	4.00e-20	5.79e-13	2.16e-07	1.00e-03	9.99e-01	0.00e+00	0.00e+00	0.00e+00	0.00e+00	0.00e+00
 1.25909e+13	0.00e+00	1.58e-28	5.40e-20	7.32e-13	2.53e-07	1.09e-03	9.99e-01	0.00e+00	0.00e+00	0.00e+00	0.00e+00	0.00e+00
 1.31244e+13	6.64e-38	2.28e-28	7.30e-20	9.24e-13	2.96e-07	1.18e-03	9.99e-01	0.00e+00	0.00e+00	0.00e+00	0.00e+00	0.00e+00
 1.36794e+13	0.00e+00	3.29e-28	9.87e-20	1.17e-12	3.47e-07	1.29e-03	9.99e-01	0.00e+00	0.00e+00	0.00e+00	0.00e+00	0.00e+00
 1.42565e+13	1.57e-37	4.75e-28	1.34e-19	1.47e-12	4.06e-07	1.40e-03	9.99e-01	0.00e+00	0.00e+00	0.00e+00	0.00e+00	0.00e+00
 1.48566e+13	0.00e+00	6.87e-28	1.81e-19	1.86e-12	4.75e-07	1.52e-03	9.98e-01	0.00e+00	0.00e+00	0.00e+00	0.00e+00	0.00e+00
 1.54808e+13	3.74e-37	9.93e-28	2.45e-19	2.35e-12	5.56e-07	1.65e-03	9.98e-01	0.00e+00	0.00e+00	0.00e+00	0.00e+00	0.00e+00
 1.61300e+13	0.00e+00	1.44e-27	3.31e-19	2.97e-12	6.51e-07	1.79e-03	9.98e-01	0.00e+00	0.00e+00	0.00e+00	0.00e+00	0.00e+00
 1.68051e+13	8.94e-37	2.08e-27	4.49e-19	3.76e-12	7.61e-07	1.95e-03	9.98e-01	0.00e+00	0.00e+00	0.00e+00	0.00e+00	0.00e+00
 1.75072e+13	0.00e+00	3.01e-27	6.08e-19	4.75e-12	8.91e-07	2.11e-03	9.98e-01	0.00e+00	0.00e+00	0.00e+00	0.00e+00	0.00e+00
 1.82375e+13	2.14e-36	4.36e-27	8.24e-19	6.00e-12	1.04e-06	2.30e-03	9.98e-01	0.00e+00	0.00e+00	0.00e+00	0.00e+00	0.00e+00
 1.89969e+13	0.00e+00	6.33e-27	1.12e-18	7.58e-12	1.22e-06	2.49e-03	9.98e-01	0.00e+00	0.00e+00	0.00e+00	0.00e+00	0.00e+00
 1.97867e+13	5.15e-36	9.18e-27	1.51e-18	9.57e-12	1.43e-06	2.71e-03	9.97e-01	0.00e+00	0.00e+00	0.00e+00	0.00e+00	0.00e+00
 2.06081e+13	0.00e+00	1.33e-26	2.05e-18	1.21e-11	1.67e-06	2.94e-03	9.97e-01	0.00e+00	0.00e+00	0.00e+00	0.00e+00	0.00e+00
 2.14129e+13	1.21e-35	1.89e-26	2.74e-18	1.51e-11	1.93e-06	3.17e-03	9.97e-01	0.00e+00	0.00e+00	0.00e+00	0.00e+00	0.00e+00
 2.21836e+13	0.00e+00	2.62e-26	3.57e-18	1.85e-11	2.22e-06	3.41e-03	9.97e-01	0.00e+00	0.00e+00	0.00e+00	0.00e+00	0.00e+00
 2.30346e+13	2.67e-35	3.70e-26	4.74e-18	2.30e-11	2.56e-06	3.68e-03	9.96e-01	0.00e+00	0.00e+00	0.00e+00	0.00e+00	0.00e+00
 2.39859e+13	4.14e-35	5.37e-26	6.43e-18	2.90e-11	3.00e-06	3.99e-03	9.96e-01	0.00e+00	0.00e+00	0.00e+00	0.00e+00	0.00e+00
 2.49443e+13	6.35e-35	7.72e-26	8.65e-18	3.64e-11	3.49e-06	4.32e-03	9.96e-01	0.00e+00	0.00e+00	0.00e+00	0.00e+00	0.00e+00
 2.59411e+13	9.73e-35	1.11e-25	1.16e-17	4.57e-11	4.06e-06	4.68e-03	9.95e-01	0.00e+00	0.00e+00	0.00e+00	0.00e+00	0.00e+00
 2.70086e+13	1.51e-34	1.61e-25	1.58e-17	5.77e-11	4.75e-06	5.08e-03	9.95e-01	0.00e+00	0.00e+00	0.00e+00	0.00e+00	0.00e+00
 2.81189e+13	2.34e-34	2.34e-25	2.14e-17	7.29e-11	5.55e-06	5.51e-03	9.94e-01	0.00e+00	0.00e+00	0.00e+00	0.00e+00	0.00e+00
 2.92736e+13	3.64e-34	3.40e-25	2.91e-17	9.21e-11	6.49e-06	5.98e-03	9.94e-01	0.00e+00	0.00e+00	0.00e+00	0.00e+00	0.00e+00
 3.04745e+13	5.63e-34	4.92e-25	3.93e-17	1.16e-10	7.59e-06	6.49e-03	9.94e-01	0.00e+00	0.00e+00	0.00e+00	0.00e+00	0.00e+00
 3.17234e+13	8.72e-34	7.13e-25	5.34e-17	1.47e-10	8.87e-06	7.04e-03	9.93e-01	0.00e+00	0.00e+00	0.00e+00	0.00e+00	0.00e+00
 3.30222e+13	1.35e-33	1.03e-24	7.23e-17	1.86e-10	1.04e-05	7.64e-03	9.92e-01	0.00e+00	0.00e+00	0.00e+00	0.00e+00	0.00e+00
 3.43731e+13	2.09e-33	1.50e-24	9.81e-17	2.34e-10	1.21e-05	8.29e-03	9.92e-01	0.00e+00	0.00e+00	0.00e+00	0.00e+00	0.00e+00
 3.57779e+13	3.23e-33	2.17e-24	1.33e-16	2.96e-10	1.42e-05	9.00e-03	9.91e-01	0.00e+00	0.00e+00	0.00e+00	0.00e+00	0.00e+00
 3.72389e+13	4.98e-33	3.14e-24	1.80e-16	3.74e-10	1.66e-05	9.77e-03	9.90e-01	0.00e+00	0.00e+00	0.00e+00	0.00e+00	0.00e+00
 3.87584e+13	7.68e-33	4.55e-24	2.44e-16	4.72e-10	1.93e-05	1.06e-02	9.89e-01	0.00e+00	0.00e+00	0.00e+00	0.00e+00	0.00e+00
 4.03387e+13	1.18e-32	6.58e-24	3.30e-16	5.96e-10	2.26e-05	1.15e-02	9.88e-01	0.00e+00	0.00e+00	0.00e+00	0.00e+00	0.00e+00
 4.19822e+13	1.82e-32	9.51e-24	4.47e-16	7.53e-10	2.64e-05	1.25e-02	9.87e-01	0.00e+00	0.00e+00	0.00e+00	0.00e+00	0.00e+00
 4.36914e+13	2.79e-32	1.37e-23	6.06e-16	9.50e-10	3.08e-05	1.36e-02	9.86e-01	0.00e+00	0.00e+00	0.00e+00	0.00e+00	0.00e+00
 4.54690e+13	4.28e-32	1.98e-23	8.20e-16	1.20e-09	3.60e-05	1.47e-02	9.85e-01	0.00e+00	0.00e+00	0.00e+00	0.00e+00	0.00e+00
 4.73177e+13	6.56e-32	2.86e-23	1.11e-15	1.51e-09	4.20e-05	1.60e-02	9.84e-01	0.00e+00	0.00e+00	0.00e+00	0.00e+00	0.00e+00
 4.92403e+13	1.00e-31	4.12e-23	1.50e-15	1.91e-09	4.91e-05	1.74e-02	9.83e-01	0.00e+00	0.00e+00	0.00e+00	0.00e+00	0.00e+00
 5.12398e+13	1.54e-31	5.94e-23	2.03e-15	2.41e-09	5.73e-05	1.89e-02	9.81e-01	0.00e+00	0.00e+00	0.00e+00	0.00e+00	0.00e+00
 5.33193e+13	2.34e-31	8.55e-23	2.74e-15	3.04e-09	6.68e-05	2.05e-02	9.79e-01	0.00e+00	0.00e+00	0.00e+00	0.00e+00	0.00e+00
 5.54820e+13	3.57e-31	1.23e-22	3.71e-15	3.84e-09	7.80e-05	2.23e-02	9.78e-01	0.00e+00	0.00e+00	0.00e+00	0.00e+00	0.00e+00
 5.77313e+13	5.44e-31	1.77e-22	5.01e-15	4.84e-09	9.09e-05	2.42e-02	9.76e-01	0.00e+00	0.00e+00	0.00e+00	0.00e+00	0.00e+00
 6.00704e+13	8.27e-31	2.54e-22	6.77e-15	6.11e-09	1.06e-04	2.63e-02	9.74e-01	0.00e+00	0.00e+00	0.00e+00	0.00e+00	0.00e+00
 6.25032e+13	1.26e-30	3.65e-22	9.14e-15	7.70e-09	1.24e-04	2.85e-02	9.71e-01	0.00e+00	0.00e+00	0.00e+00	0.00e+00	0.00e+00
 6.50332e+13	1.91e-30	5.25e-22	1.24e-14	9.71e-09	1.44e-04	3.10e-02	9.69e-01	0.00e+00	0.00e+00	0.00e+00	0.00e+00	0.00e+00
 6.76645e+13	2.89e-30	7.54e-22	1.67e-14	1.22e-08	1.68e-04	3.36e-02	9.66e-01	0.00e+00	0.00e+00	0.00e+00	0.00e+00	0.00e+00
 7.04010e+13	4.37e-30	1.08e-21	2.25e-14	1.54e-08	1.96e-04	3.65e-02	9.63e-01	0.00e+00	0.00e+00	0.00e+00	0.00e+00	0.00e+00
 7.32470e+13	6.62e-30	1.55e-21	3.04e-14	1.94e-08	2.28e-04	3.96e-02	9.60e-01	0.00e+00	0.00e+00	0.00e+00	0.00e+00	0.00e+00
 7.62068e+13	9.95e-30	2.23e-21	4.11e-14	2.45e-08	2.65e-04	4.31e-02	9.57e-01	0.00e+00	0.00e+00	0.00e+00	0.00e+00	0.00e+00
 7.92850e+13	1.51e-29	3.20e-21	5.55e-14	3.09e-08	3.08e-04	4.67e-02	9.53e-01	0.00e+00	0.00e+00	0.00e+00	0.00e+00	0.00e+00
 8.24863e+13	2.25e-29	4.57e-21	7.48e-14	3.89e-08	3.59e-04	5.08e-02	9.49e-01	0.00e+00	0.00e+00	0.00e+00	0.00e+00	0.00e+00
 8.58157e+13	3.42e-29	6.58e-21	1.01e-13	4.90e-08	4.17e-04	5.50e-02	9.45e-01	0.00e+00	0.00e+00	0.00e+00	0.00e+00	0.00e+00
 8.92782e+13	5.13e-29	9.43e-21	1.37e-13	6.17e-08	4.85e-04	5.97e-02	9.40e-01	0.00e+00	0.00e+00	0.00e+00	0.00e+00	0.00e+00
 9.28793e+13	7.71e-29	1.35e-20	1.84e-13	7.76e-08	5.64e-04	6.48e-02	9.35e-01	0.00e+00	0.00e+00	0.00e+00	0.00e+00	0.00e+00
 9.66244e+13	1.16e-28	1.94e-20	2.49e-13	9.77e-08	6.54e-04	7.03e-02	9.29e-01	0.00e+00	0.00e+00	0.00e+00	0.00e+00	0.00e+00
 1.00519e+14	1.74e-28	2.78e-20	3.36e-13	1.23e-07	7.60e-04	7.62e-02	9.23e-01	0.00e+00	0.00e+00	0.00e+00	0.00e+00	0.00e+00
 1.04570e+14	2.61e-28	4.00e-20	4.54e-13	1.55e-07	8.82e-04	8.26e-02	9.16e-01	0.00e+00	0.00e+00	0.00e+00	0.00e+00	0.00e+00
 1.08783e+14	3.91e-28	5.74e-20	6.14e-13	1.94e-07	1.02e-03	8.95e-02	9.09e-01	0.00e+00	0.00e+00	0.00e+00	0.00e+00	0.00e+00
 1.12800e+14	5.67e-28	8.02e-20	8.10e-13	2.40e-07	1.17e-03	9.63e-02	9.02e-01	0.00e+00	0.00e+00	0.00e+00	0.00e+00	0.00e+00
 1.16475e+14	7.89e-28	1.08e-19	1.03e-12	2.89e-07	1.32e-03	1.03e-01	8.96e-01	0.00e+00	0.00e+00	0.00e+00	0.00e+00	0.00e+00
 1.20627e+14	1.13e-27	1.49e-19	1.35e-12	3.53e-07	1.50e-03	1.10e-01	8.88e-01	0.00e+00	0.00e+00	0.00e+00	0.00e+00	0.00e+00
 1.25449e+14	1.70e-27	2.14e-19	1.82e-12	4.43e-07	1.74e-03	1.19e-01	8.79e-01	0.00e+00	0.00e+00	0.00e+00	0.00e+00	0.00e+00
 1.30184e+14	2.49e-27	3.02e-19	2.42e-12	5.48e-07	1.99e-03	1.28e-01	8.70e-01	0.00e+00	0.00e+00	0.00e+00	0.00e+00	0.00e+00
 1.34672e+14	3.53e-27	4.13e-19	3.13e-12	6.66e-07	2.25e-03	1.37e-01	8.61e-01	0.00e+00	0.00e+00	0.00e+00	0.00e+00	0.00e+00
 1.39652e+14	5.14e-27	5.79e-19	4.14e-12	8.20e-07	2.57e-03	1.47e-01	8.51e-01	0.00e+00	0.00e+00	0.00e+00	0.00e+00	0.00e+00
 1.45268e+14	7.73e-27	8.37e-19	5.59e-12	1.03e-06	2.96e-03	1.58e-01	8.39e-01	0.00e+00	0.00e+00	0.00e+00	0.00e+00	0.00e+00
 1.50870e+14	1.14e-26	1.19e-18	7.47e-12	1.27e-06	3.40e-03	1.70e-01	8.27e-01	0.00e+00	0.00e+00	0.00e+00	0.00e+00	0.00e+00
 1.56695e+14	1.70e-26	1.70e-18	9.98e-12	1.58e-06	3.89e-03	1.82e-01	8.14e-01	0.00e+00	0.00e+00	0.00e+00	0.00e+00	0.00e+00
 1.62993e+14	2.56e-26	2.46e-18	1.35e-11	1.97e-06	4.47e-03	1.95e-01	8.00e-01	0.00e+00	0.00e+00	0.00e+00	0.00e+00	0.00e+00
 1.69542e+14	3.88e-26	3.57e-18	1.82e-11	2.46e-06	5.14e-03	2.09e-01	7.85e-01	0.00e+00	0.00e+00	0.00e+00	0.00e+00	0.00e+00
 1.76354e+14	5.87e-26	5.17e-18	2.46e-11	3.07e-06	5.90e-03	2.24e-01	7.70e-01	0.00e+00	0.00e+00	0.00e+00	0.00e+00	0.00e+00
 1.83438e+14	8.90e-26	7.50e-18	3.32e-11	3.83e-06	6.76e-03	2.40e-01	7.53e-01	0.00e+00	0.00e+00	0.00e+00	0.00e+00	0.00e+00
 1.90805e+14	1.35e-25	1.09e-17	4.48e-11	4.76e-06	7.74e-03	2.56e-01	7.36e-01	0.00e+00	0.00e+00	0.00e+00	0.00e+00	0.00e+00
 1.98467e+14	2.05e-25	1.58e-17	6.03e-11	5.91e-06	8.84e-03	2.73e-01	7.18e-01	0.00e+00	0.00e+00	0.00e+00	0.00e+00	0.00e+00
 2.06436e+14	3.13e-25	2.29e-17	8.12e-11	7.34e-06	1.01e-02	2.90e-01	7.00e-01	0.00e+00	0.00e+00	0.00e+00	0.00e+00	0.00e+00
 2.14723e+14	4.77e-25	3.32e-17	1.09e-10	9.09e-06	1.15e-02	3.08e-01	6.80e-01	0.00e+00	0.00e+00	0.00e+00	0.00e+00	0.00e+00
 2.23342e+14	7.28e-25	4.82e-17	1.46e-10	1.12e-05	1.31e-02	3.27e-01	6.60e-01	0.00e+00	0.00e+00	0.00e+00	0.00e+00	0.00e+00
 2.32306e+14	1.11e-24	6.97e-17	1.96e-10	1.39e-05	1.49e-02	3.45e-01	6.40e-01	0.00e+00	0.00e+00	0.00e+00	0.00e+00	0.00e+00
 2.41628e+14	1.70e-24	1.01e-16	2.63e-10	1.71e-05	1.69e-02	3.64e-01	6.19e-01	0.00e+00	0.00e+00	0.00e+00	0.00e+00	0.00e+00
 2.51323e+14	2.59e-24	1.46e-16	3.51e-10	2.10e-05	1.91e-02	3.83e-01	5.97e-01	0.00e+00	0.00e+00	0.00e+00	0.00e+00	0.00e+00
 2.61406e+14	3.97e-24	2.10e-16	4.68e-10	2.58e-05	2.16e-02	4.03e-01	5.76e-01	0.00e+00	0.00e+00	0.00e+00	0.00e+00	0.00e+00
 2.71613e+14	6.00e-24	3.00e-16	6.18e-10	3.15e-05	2.43e-02	4.22e-01	5.54e-01	0.00e+00	0.00e+00	0.00e+00	0.00e+00	0.00e+00
 2.82228e+14	9.07e-24	4.26e-16	8.14e-10	3.83e-05	2.73e-02	4.40e-01	5.32e-01	0.00e+00	0.00e+00	0.00e+00	0.00e+00	0.00e+00
 2.93547e+14	1.38e-23	6.12e-16	1.08e-09	4.68e-05	3.07e-02	4.59e-01	5.10e-01	0.00e+00	0.00e+00	0.00e+00	0.00e+00	0.00e+00
 3.05319e+14	2.11e-23	8.76e-16	1.43e-09	5.69e-05	3.44e-02	4.78e-01	4.87e-01	0.00e+00	0.00e+00	0.00e+00	0.00e+00	0.00e+00
 3.17562e+14	3.22e-23	1.25e-15	1.88e-09	6.92e-05	3.85e-02	4.96e-01	4.65e-01	0.00e+00	0.00e+00	0.00e+00	0.00e+00	0.00e+00
 3.30294e+14	4.91e-23	1.79e-15	2.48e-09	8.39e-05	4.31e-02	5.14e-01	4.43e-01	0.00e+00	0.00e+00	0.00e+00	0.00e+00	0.00e+00
 3.43536e+14	7.48e-23	2.54e-15	3.25e-09	1.02e-04	4.80e-02	5.31e-01	4.21e-01	0.00e+00	0.00e+00	0.00e+00	0.00e+00	0.00e+00
 3.57307e+14	1.14e-22	3.61e-15	4.27e-09	1.23e-04	5.34e-02	5.48e-01	3.99e-01	0.00e+00	0.00e+00	0.00e+00	0.00e+00	0.00e+00
 3.71629e+14	1.73e-22	5.12e-15	5.58e-09	1.48e-04	5.93e-02	5.64e-01	3.77e-01	0.00e+00	0.00e+00	0.00e+00	0.00e+00	0.00e+00
 3.85919e+14	2.57e-22	7.14e-15	7.20e-09	1.76e-04	6.55e-02	5.78e-01	3.57e-01	0.00e+00	0.00e+00	0.00e+00	0.00e+00	0.00e+00
 4.00780e+14	3.83e-22	9.94e-15	9.28e-09	2.10e-04	7.21e-02	5.91e-01	3.37e-01	0.00e+00	0.00e+00	0.00e+00	0.00e+00	0.00e+00
 4.16841e+14	5.79e-22	1.40e-14	1.21e-08	2.51e-04	7.95e-02	6.04e-01	3.16e-01	0.00e+00	0.00e+00	0.00e+00	0.00e+00	0.00e+00
 4.33545e+14	8.72e-22	1.96e-14	1.56e-08	3.00e-04	8.75e-02	6.16e-01	2.97e-01	0.00e+00	0.00e+00	0.00e+00	0.00e+00	0.00e+00
 4.50916e+14	1.31e-21	2.75e-14	2.02e-08	3.57e-04	9.61e-02	6.26e-01	2.78e-01	0.00e+00	0.00e+00	0.00e+00	0.00e+00	0.00e+00
 4.68983e+14	1.97e-21	3.85e-14	2.60e-08	4.24e-04	1.05e-01	6.35e-01	2.59e-01	0.00e+00	0.00e+00	0.00e+00	0.00e+00	0.00e+00
 4.87772e+14	2.96e-21	5.36e-14	3.35e-08	5.03e-04	1.15e-01	6.43e-01	2.41e-01	0.00e+00	0.00e+00	0.00e+00	0.00e+00	0.00e+00
 5.05797e+14	4.29e-21	7.28e-14	4.22e-08	5.88e-04	1.25e-01	6.49e-01	2.26e-01	0.00e+00	0.00e+00	0.00e+00	0.00e+00	0.00e+00
 5.22444e+14	5.98e-21	9.54e-14	5.17e-08	6.74e-04	1.34e-01	6.53e-01	2.12e-01	0.00e+00	0.00e+00	0.00e+00	0.00e+00	0.00e+00
 5.41273e+14	8.57e-21	1.28e-13	6.45e-08	7.82e-04	1.45e-01	6.57e-01	1.98e-01	0.00e+00	0.00e+00	0.00e+00	0.00e+00	0.00e+00
 5.62953e+14	1.28e-20	1.77e-13	8.24e-08	9.20e-04	1.57e-01	6.59e-01	1.83e-01	0.00e+00	0.00e+00	0.00e+00	0.00e+00	0.00e+00
 5.84153e+14	1.86e-20	2.40e-13	1.03e-07	1.07e-03	1.69e-01	6.60e-01	1.70e-01	0.00e+00	0.00e+00	0.00e+00	0.00e+00	0.00e+00
 6.04402e+14	2.62e-20	3.17e-13	1.27e-07	1.23e-03	1.81e-01	6.60e-01	1.58e-01	0.00e+00	0.00e+00	0.00e+00	0.00e+00	0.00e+00
 6.26810e+14	3.77e-20	4.26e-13	1.59e-07	1.42e-03	1.94e-01	6.59e-01	1.46e-01	0.00e+00	0.00e+00	0.00e+00	0.00e+00	0.00e+00
 6.51912e+14	5.57e-20	5.84e-13	2.01e-07	1.65e-03	2.09e-01	6.56e-01	1.34e-01	0.00e+00	0.00e+00	0.00e+00	0.00e+00	0.00e+00
 6.77165e+14	8.11e-20	7.90e-13	2.52e-07	1.91e-03	2.24e-01	6.52e-01	1.23e-01	0.00e+00	0.00e+00	0.00e+00	0.00e+00	0.00e+00
 7.03427e+14	1.18e-19	1.07e-12	3.15e-07	2.21e-03	2.39e-01	6.46e-01	1.12e-01	0.00e+00	0.00e+00	0.00e+00	0.00e+00	0.00e+00
 7.31594e+14	1.73e-19	1.45e-12	3.96e-07	2.57e-03	2.56e-01	6.39e-01	1.02e-01	0.00e+00	0.00e+00	0.00e+00	0.00e+00	0.00e+00
 7.60888e+14	2.54e-19	1.98e-12	4.96e-07	2.97e-03	2.73e-01	6.31e-01	9.30e-02	0.00e+00	0.00e+00	0.00e+00	0.00e+00	0.00e+00
 7.91354e+14	3.71e-19	2.67e-12	6.20e-07	3.42e-03	2.91e-01	6.21e-01	8.44e-02	0.00e+00	0.00e+00	0.00e+00	0.00e+00	0.00e+00
 8.23038e+14	5.42e-19	3.62e-12	7.74e-07	3.94e-03	3.09e-01	6.10e-01	7.64e-02	0.00e+00	0.00e+00	0.00e+00	0.00e+00	0.00e+00
 8.55989e+14	7.89e-19	4.87e-12	9.63e-07	4.53e-03	3.28e-01	5.98e-01	6.90e-02	0.00e+00	0.00e+00	0.00e+00	0.00e+00	0.00e+00
 8.90259e+14	1.15e-18	6.56e-12	1.20e-06	5.19e-03	3.47e-01	5.86e-01	6.22e-02	0.00e+00	0.00e+00	0.00e+00	0.00e+00	0.00e+00
 9.25899e+14	1.66e-18	8.78e-12	1.48e-06	5.93e-03	3.67e-01	5.71e-01	5.60e-02	0.00e+00	0.00e+00	0.00e+00	0.00e+00	0.00e+00
 9.62965e+14	2.41e-18	1.18e-11	1.83e-06	6.77e-03	3.86e-01	5.57e-01	5.02e-02	0.00e+00	0.00e+00	0.00e+00	0.00e+00	0.00e+00
 1.00151e+15	3.47e-18	1.57e-11	2.26e-06	7.71e-03	4.06e-01	5.41e-01	4.50e-02	0.00e+00	0.00e+00	0.00e+00	0.00e+00	0.00e+00
 1.04160e+15	5.00e-18	2.09e-11	2.78e-06	8.76e-03	4.27e-01	5.25e-01	4.02e-02	0.00e+00	0.00e+00	0.00e+00	0.00e+00	0.00e+00
 1.08330e+15	7.19e-18	2.78e-11	3.42e-06	9.94e-03	4.47e-01	5.08e-01	3.58e-02	0.00e+00	0.00e+00	0.00e+00	0.00e+00	0.00e+00
 1.12666e+15	1.03e-17	3.69e-11	4.19e-06	1.12e-02	4.67e-01	4.90e-01	3.18e-02	0.00e+00	0.00e+00	0.00e+00	0.00e+00	0.00e+00
 1.17176e+15	1.48e-17	4.89e-11	5.12e-06	1.27e-02	4.87e-01	4.72e-01	2.83e-02	0.00e+00	0.00e+00	0.00e+00	0.00e+00	0.00e+00
 1.21711e+15	2.09e-17	6.41e-11	6.22e-06	1.43e-02	5.06e-01	4.54e-01	2.51e-02	0.00e+00	0.00e+00	0.00e+00	0.00e+00	0.00e+00
 1.26429e+15	2.95e-17	8.36e-11	7.52e-06	1.60e-02	5.25e-01	4.36e-01	2.23e-02	0.00e+00	0.00e+00	1.66e-17	9.10e-18	3.71e-18
 1.31489e+15	4.20e-17	1.10e-10	9.14e-06	1.79e-02	5.45e-01	4.18e-01	1.97e-02	0.00e+00	0.00e+00	2.34e-17	1.36e-17	4.80e-18
 1.36752e+15	5.96e-17	1.44e-10	1.11e-05	2.01e-02	5.64e-01	3.99e-01	1.73e-02	0.00e+00	0.00e+00	3.33e-17	1.92e-17	6.81e-18
 1.42225e+15	8.46e-17	1.89e-10	1.34e-05	2.25e-02	5.82e-01	3.80e-01	1.52e-02	0.00e+00	0.00e+00	4.73e-17	2.72e-17	9.66e-18
 1.47576e+15	1.17e-16	2.44e-10	1.60e-05	2.49e-02	5.99e-01	3.63e-01	1.34e-02	0.00e+00	0.00e+00	6.57e-17	3.76e-17	1.34e-17
 1.52697e+15	1.58e-16	3.07e-10	1.89e-05	2.73e-02	6.14e-01	3.47e-01	1.19e-02	0.00e+00	0.00e+00	8.89e-17	5.07e-17	1.81e-17
 1.58364e+15	2.18e-16	3.93e-10	2.24e-05	3.02e-02	6.29e-01	3.30e-01	1.05e-02	0.00e+00	0.00e+00	1.23e-16	6.96e-17	2.48e-17
 1.64702e+15	3.07e-16	5.11e-10	2.70e-05	3.35e-02	6.45e-01	3.12e-01	9.13e-03	0.00e+00	0.00e+00	1.73e-16	9.77e-17	3.50e-17
 1.71103e+15	4.28e-16	6.59e-10	3.22e-05	3.70e-02	6.60e-01	2.95e-01	7.96e-03	0.00e+00	0.00e+00	2.41e-16	1.36e-16	4.86e-17
 1.77760e+15	5.96e-16	8.48e-10	3.84e-05	4.09e-02	6.74e-01	2.79e-01	6.93e-03	0.00e+00	0.00e+00	3.36e-16	1.88e-16	6.76e-17
 1.84873e+15	8.35e-16	1.10e-09	4.60e-05	4.51e-02	6.87e-01	2.62e-01	5.99e-03	0.00e+00	0.00e+00	4.72e-16	2.63e-16	9.46e-17
 1.91601e+15	1.14e-15	1.39e-09	5.40e-05	4.93e-02	6.98e-01	2.47e-01	5.24e-03	0.00e+00	0.00e+00	6.43e-16	3.56e-16	1.28e-16
 1.97667e+15	1.48e-15	1.70e-09	6.21e-05	5.32e-02	7.07e-01	2.35e-01	4.65e-03	0.00e+00	0.00e+00	8.40e-16	4.64e-16	1.67e-16
 2.04488e+15	1.98e-15	2.12e-09	7.23e-05	5.78e-02	7.17e-01	2.21e-01	4.08e-03	0.00e+00	0.00e+00	1.12e-15	6.18e-16	2.23e-16
 2.12511e+15	2.74e-15	2.71e-09	8.57e-05	6.33e-02	7.26e-01	2.07e-01	3.51e-03	0.00e+00	0.00e+00	1.56e-15	8.54e-16	3.08e-16
 2.20458e+15	3.74e-15	3.42e-09	1.01e-04	6.91e-02	7.34e-01	1.94e-01	3.04e-03	0.00e+00	0.00e+00	2.13e-15	1.16e-15	4.19e-16
 2.27881e+15	4.94e-15	4.22e-09	1.16e-04	7.45e-02	7.40e-01	1.82e-01	2.66e-03	0.00e+00	0.00e+00	2.82e-15	1.53e-15	5.52e-16
 2.36157e+15	6.67e-15	5.29e-09	1.36e-04	8.09e-02	7.46e-01	1.70e-01	2.30e-03	0.00e+00	0.00e+00	3.81e-15	2.06e-15	7.43e-16
 2.45606e+15	9.26e-15	6.77e-09	1.61e-04	8.83e-02	7.52e-01	1.58e-01	1.96e-03	0.00e+00	0.00e+00	5.29e-15	2.86e-15	1.03e-15
 2.54899e+15	1.26e-14	8.54e-09	1.88e-04	9.58e-02	7.56e-01	1.47e-01	1.68e-03	0.00e+00	0.00e+00	7.22e-15	3.89e-15	1.40e-15
 2.64562e+15	1.72e-14	1.08e-08	2.20e-04	1.04e-01	7.58e-01	1.36e-01	1.43e-03	0.00e+00	0.00e+00	9.84e-15	5.29e-15	1.90e-15
 2.74619e+15	2.34e-14	1.36e-08	2.58e-04	1.13e-01	7.60e-01	1.26e-01	1.22e-03	0.00e+00	0.00e+00	1.34e-14	7.19e-15	2.58e-15
 2.84036e+15	3.09e-14	1.67e-08	2.96e-04	1.21e-01	7.61e-01	1.17e-01	1.05e-03	0.00e+00	0.00e+00	1.77e-14	9.48e-15	3.39e-15
 2.94358e+15	4.14e-14	2.07e-08	3.44e-04	1.30e-01	7.60e-01	1.08e-01	9.00e-04	0.00e+00	0.00e+00	2.38e-14	1.27e-14	4.54e-15
 3.05780e+15	5.66e-14	2.61e-08	4.02e-04	1.41e-01	7.59e-01	9.96e-02	7.59e-04	0.00e+00	0.00e+00	3.25e-14	1.73e-14	6.18e-15
 3.16588e+15	7.49e-14	3.22e-08	4.63e-04	1.51e-01	7.56e-01	9.20e-02	6.49e-04	0.00e+00	0.00e+00	4.31e-14	2.30e-14	8.16e-15
 3.28184e+15	1.01e-13	4.00e-08	5.36e-04	1.62e-01	7.53e-01	8.46e-02	5.50e-04	0.00e+00	0.00e+00	5.79e-14	3.08e-14	1.09e-14
 3.40819e+15	1.37e-13	5.02e-08	6.24e-04	1.74e-01	7.48e-01	7.73e-02	4.61e-04	0.00e+00	0.00e+00	7.86e-14	4.18e-14	1.48e-14
 3.52757e+15	1.81e-13	6.17e-08	7.16e-04	1.86e-01	7.42e-01	7.11e-02	3.92e-04	0.00e+00	0.00e+00	1.04e-13	5.54e-14	1.95e-14
 3.65668e+15	2.42e-13	7.64e-08	8.26e-04	1.99e-01	7.35e-01	6.50e-02	3.30e-04	0.00e+00	0.00e+00	1.40e-13	7.42e-14	2.61e-14
 3.79774e+15	3.30e-13	9.59e-08	9.61e-04	2.13e-01	7.26e-01	5.90e-02	2.74e-04	0.00e+00	0.00e+00	1.90e-13	1.01e-13	3.54e-14
 3.93019e+15	4.35e-13	1.17e-07	1.10e-03	2.27e-01	7.18e-01	5.39e-02	2.32e-04	0.00e+00	0.00e+00	2.51e-13	1.33e-13	4.65e-14
 4.07317e+15	5.82e-13	1.45e-07	1.27e-03	2.42e-01	7.08e-01	4.90e-02	1.93e-04	0.00e+00	0.00e+00	3.35e-13	1.78e-13	6.19e-14
 4.23044e+15	7.89e-13	1.81e-07	1.47e-03	2.58e-01	6.96e-01	4.41e-02	1.59e-04	0.00e+00	0.00e+00	4.55e-13	2.41e-13	8.38e-14
 4.37845e+15	1.04e-12	2.21e-07	1.68e-03	2.74e-01	6.84e-01	4.00e-02	1.33e-04	0.00e+00	0.00e+00	6.01e-13	3.18e-13	1.10e-13
 4.53808e+15	1.39e-12	2.73e-07	1.93e-03	2.91e-01	6.71e-01	3.61e-02	1.10e-04	0.00e+00	0.00e+00	8.04e-13	4.25e-13	1.47e-13
 4.71257e+15	1.89e-12	3.40e-07	2.23e-03	3.10e-01	6.55e-01	3.23e-02	9.00e-05	0.00e+00	0.00e+00	1.09e-12	5.77e-13	1.99e-13
 4.87117e+15	2.46e-12	4.11e-07	2.53e-03	3.27e-01	6.41e-01	2.92e-02	7.51e-05	0.00e+00	0.00e+00	1.42e-12	7.52e-13	2.58e-13
 5.03929e+15	3.24e-12	5.01e-07	2.88e-03	3.45e-01	6.26e-01	2.62e-02	6.21e-05	0.00e+00	0.00e+00	1.87e-12	9.90e-13	3.39e-13
 5.22844e+15	4.36e-12	6.20e-07	3.31e-03	3.65e-01	6.08e-01	2.33e-02	5.03e-05	0.00e+00	0.00e+00	2.52e-12	1.33e-12	4.55e-13
 5.41002e+15	5.74e-12	7.54e-07	3.77e-03	3.85e-01	5.91e-01	2.08e-02	4.13e-05	0.00e+00	0.00e+00	3.32e-12	1.75e-12	5.97e-13
 5.60745e+15	7.67e-12	9.28e-07	4.32e-03	4.06e-01	5.72e-01	1.84e-02	3.34e-05	0.00e+00	0.00e+00	4.44e-12	2.34e-12	7.97e-13
 5.81695e+15	1.03e-11	1.14e-06	4.97e-03	4.28e-01	5.51e-01	1.62e-02	2.67e-05	0.00e+00	0.00e+00	5.96e-12	3.15e-12	1.07e-12
 6.00531e+15	1.33e-11	1.37e-06	5.60e-03	4.47e-01	5.33e-01	1.44e-02	2.19e-05	0.00e+00	0.00e+00	7.71e-12	4.07e-12	1.38e-12
 6.20961e+15	1.75e-11	1.67e-06	6.37e-03	4.68e-01	5.13e-01	1.27e-02	1.77e-05	0.00e+00	0.00e+00	1.01e-11	5.35e-12	1.81e-12
 6.43894e+15	2.35e-11	2.05e-06	7.31e-03	4.91e-01	4.91e-01	1.11e-02	1.40e-05	0.00e+00	0.00e+00	1.36e-11	7.17e-12	2.42e-12
 6.65668e+15	3.08e-11	2.48e-06	8.30e-03	5.12e-01	4.70e-01	9.70e-03	1.12e-05	0.00e+00	0.00e+00	1.78e-11	9.40e-12	3.17e-12
 6.86341e+15	3.95e-11	2.96e-06	9.33e-03	5.32e-01	4.50e-01	8.55e-03	9.13e-06	0.00e+00	0.00e+00	2.29e-11	1.21e-11	4.06e-12
 7.09997e+15	5.23e-11	3.61e-06	1.07e-02	5.55e-01	4.27e-01	7.40e-03	7.19e-06	0.00e+00	0.00e+00	3.03e-11	1.60e-11	5.37e-12
 7.36511e+15	7.09e-11	4.47e-06	1.23e-02	5.79e-01	4.03e-01	6.29e-03	5.53e-06	0.00e+00	0.00e+00	4.11e-11	2.17e-11	7.26e-12
 7.61495e+15	9.33e-11	5.43e-06	1.40e-02	6.01e-01	3.80e-01	5.41e-03	4.32e-06	0.00e+00	0.00e+00	5.41e-11	2.85e-11	9.55e-12
 7.85072e+15	1.20e-10	6.50e-06	1.58e-02	6.20e-01	3.59e-01	4.68e-03	3.43e-06	0.00e+00	0.00e+00	6.98e-11	3.68e-11	1.23e-11
 8.12062e+15	1.61e-10	7.99e-06	1.82e-02	6.42e-01	3.35e-01	3.95e-03	2.63e-06	0.00e+00	0.00e+00	9.34e-11	4.92e-11	1.65e-11
 8.41438e+15	2.18e-10	9.92e-06	2.11e-02	6.65e-01	3.11e-01	3.29e-03	1.97e-06	0.00e+00	0.00e+00	1.27e-10	6.67e-11	2.23e-11
 8.67804e+15	2.84e-10	1.20e-05	2.40e-02	6.84e-01	2.90e-01	2.79e-03	1.52e-06	0.00e+00	0.00e+00	1.65e-10	8.70e-11	2.90e-11
 8.92191e+15	3.64e-10	1.43e-05	2.71e-02	7.00e-01	2.70e-01	2.39e-03	1.20e-06	0.00e+00	0.00e+00	2.11e-10	1.11e-10	3.71e-11
 9.20120e+15	4.83e-10	1.75e-05	3.12e-02	7.18e-01	2.49e-01	1.99e-03	9.08e-07	0.00e+00	0.00e+00	2.81e-10	1.48e-10	4.93e-11
 9.50353e+15	6.51e-10	2.17e-05	3.63e-02	7.35e-01	2.27e-01	1.64e-03	0.00e+00	0.00e+00	0.00e+00	3.78e-10	1.99e-10	6.63e-11
 9.77096e+15	8.45e-10	2.63e-05	4.16e-02	7.49e-01	2.08e-01	1.37e-03	0.00e+00	0.00e+00	0.00e+00	4.91e-10	2.59e-10	8.61e-11
 1.00118e+16	1.07e-09	3.13e-05	4.72e-02	7.60e-01	1.92e-01	1.16e-03	0.00e+00	0.00e+00	0.00e+00	6.23e-10	3.28e-10	1.09e-10
 1.02829e+16	1.41e-09	3.84e-05	5.46e-02	7.70e-01	1.74e-01	9.58e-04	0.00e+00	0.00e+00	0.00e+00	8.21e-10	4.33e-10	1.44e-10
 1.05716e+16	1.90e-09	4.78e-05	6.41e-02	7.79e-01	1.56e-01	7.77e-04	0.00e+00	0.00e+00	0.00e+00	1.10e-09	5.81e-10	1.94e-10
 1.08165e+16	2.43e-09	5.77e-05	7.38e-02	7.84e-01	1.41e-01	6.47e-04	0.00e+00	0.00e+00	0.00e+00	1.41e-09	7.45e-10	2.48e-10
 1.10276e+16	3.06e-09	6.87e-05	8.39e-02	7.87e-01	1.29e-01	5.47e-04	0.00e+00	0.00e+00	0.00e+00	1.78e-09	9.36e-10	3.12e-10
 1.12165e+16	3.76e-09	8.07e-05	9.47e-02	7.87e-01	1.18e-01	4.69e-04	0.00e+00	0.00e+00	0.00e+00	2.19e-09	1.15e-09	3.84e-10
 1.13885e+16	4.59e-09	9.42e-05	1.06e-01	7.85e-01	1.08e-01	4.04e-04	0.00e+00	0.00e+00	0.00e+00	2.67e-09	1.41e-09	4.68e-10
 1.15831e+16	5.86e-09	1.14e-04	1.22e-01	7.80e-01	9.69e-02	3.36e-04	0.00e+00	0.00e+00	0.00e+00	3.40e-09	1.80e-09	5.98e-10
 1.17974e+16	7.68e-09	1.41e-04	1.44e-01	7.71e-01	8.50e-02	2.72e-04	0.00e+00	0.00e+00	0.00e+00	4.46e-09	2.35e-09	7.85e-10
 1.19857e+16	9.83e-09	1.73e-04	1.68e-01	7.57e-01	7.47e-02	2.22e-04	0.00e+00	0.00e+00	0.00e+00	5.71e-09	3.01e-09	1.01e-09
 1.21406e+16	1.23e-08	2.07e-04	1.93e-01	7.40e-01	6.60e-02	1.84e-04	0.00e+00	0.00e+00	0.00e+00	7.14e-09	3.77e-09	1.26e-09
 1.22789e+16	1.52e-08	2.47e-04	2.21e-01	7.20e-01	5.81e-02	1.53e-04	0.00e+00	0.00e+00	0.00e+00	8.85e-09	4.67e-09	1.56e-09
 1.24124e+16	1.90e-08	2.96e-04	2.55e-01	6.95e-01	5.05e-02	1.25e-04	0.00e+00	0.00e+00	0.00e+00	1.10e-08	5.83e-09	1.95e-09
 1.25403e+16	2.37e-08	3.57e-04	2.94e-01	6.62e-01	4.31e-02	1.00e-04	0.00e+00	0.00e+00	0.00e+00	1.38e-08	7.29e-09	2.44e-09
 1.26568e+16	2.95e-08	4.28e-04	3.39e-01	6.24e-01	3.62e-02	7.92e-05	0.00e+00	0.00e+00	0.00e+00	1.72e-08	9.07e-09	3.04e-09
 1.27599e+16	3.63e-08	5.09e-04	3.87e-01	5.82e-01	3.01e-02	6.20e-05	0.00e+00	0.00e+00	0.00e+00	2.11e-08	1.12e-08	3.74e-09
 1.28471e+16	4.36e-08	5.93e-04	4.37e-01	5.38e-01	2.49e-02	4.87e-05	0.00e+00	0.00e+00	0.00e+00	2.54e-08	1.34e-08	4.50e-09
 1.29184e+16	5.10e-08	6.76e-04	4.83e-01	4.96e-01	2.07e-02	3.86e-05	0.00e+00	0.00e+00	0.00e+00	2.97e-08	1.57e-08	5.26e-09
 1.29820e+16	5.88e-08	7.61e-04	5.29e-01	4.53e-01	1.71e-02	3.04e-05	0.00e+00	0.00e+00	0.00e+00	3.42e-08	1.81e-08	6.08e-09
 1.30445e+16	6.79e-08	8.57e-04	5.79e-01	4.06e-01	1.37e-02	2.32e-05	0.00e+00	0.00e+00	0.00e+00	3.95e-08	2.09e-08	7.02e-09
 1.31057e+16	7.81e-08	9.61e-04	6.31e-01	3.57e-01	1.07e-02	1.71e-05	0.00e+00	0.00e+00	0.00e+00	4.54e-08	2.40e-08	8.09e-09
 1.31646e+16	8.92e-08	1.07e-03	6.83e-01	3.07e-01	8.04e-03	1.22e-05	0.00e+00	0.00e+00	0.00e+00	5.19e-08	2.75e-08	9.25e-09
 1.32219e+16	1.01e-07	1.18e-03	7.34e-01	2.59e-01	5.85e-03	8.36e-06	0.00e+00	0.00e+00	0.00e+00	5.87e-08	3.11e-08	1.05e-08
 1.32876e+16	1.16e-07	1.31e-03	7.89e-01	2.06e-01	3.85e-03	5.08e-06	0.00e+00	0.00e+00	0.00e+00	6.72e-08	3.56e-08	1.20e-08
 1.33614e+16	1.32e-07	1.45e-03	8.43e-01	1.53e-01	2.28e-03	2.72e-06	0.00e+00	0.00e+00	0.00e+00	7.68e-08	4.07e-08	1.38e-08
 1.34304e+16	1.47e-07	1.56e-03	8.83e-01	1.14e-01	1.33e-03	1.44e-06	0.00e+00	0.00e+00	0.00e+00	8.54e-08	4.53e-08	1.54e-08
 1.35035e+16	1.62e-07	1.66e-03	9.16e-01	8.18e-02	7.28e-04	6.97e-07	0.00e+00	0.00e+00	0.00e+00	9.41e-08	4.99e-08	1.70e-08
 1.35976e+16	1.79e-07	1.77e-03	9.43e-01	5.47e-02	3.39e-04	0.00e+00	0.00e+00	0.00e+00	0.00e+00	1.04e-07	5.51e-08	1.88e-08
 1.37197e+16	1.97e-07	1.87e-03	9.63e-01	3.48e-02	1.34e-04	0.00e+00	0.00e+00	0.00e+00	0.00e+00	1.15e-07	6.08e-08	2.07e-08
 1.38783e+16	2.17e-07	1.97e-03	9.76e-01	2.24e-02	4.76e-05	0.00e+00	0.00e+00	0.00e+00	0.00e+00	1.26e-07	6.70e-08	2.28e-08
 1.40846e+16	2.40e-07	2.06e-03	9.82e-01	1.55e-02	1.60e-05	0.00e+00	0.00e+00	0.00e+00	0.00e+00	1.40e-07	7.42e-08	2.53e-08
 1.43527e+16	2.72e-07	2.17e-03	9.86e-01	1.20e-02	5.31e-06	0.00e+00	0.00e+00	0.00e+00	0.00e+00	1.58e-07	8.39e-08	2.86e-08
 1.47013e+16	3.15e-07	2.31e-03	9.88e-01	1.02e-02	1.69e-06	0.00e+00	0.00e+00	0.00e+00	0.00e+00	1.83e-07	9.74e-08	3.32e-08
 1.51544e+16	3.81e-07	2.49e-03	9.89e-01	8.94e-03	5.02e-07	0.00e+00	0.00e+00	0.00e+00	0.00e+00	2.22e-07	1.18e-07	4.02e-08
 1.56454e+16	4.68e-07	2.70e-03	9.89e-01	8.07e-03	0.00e+00	0.00e+00	0.00e+00	0.00e+00	0.00e+00	2.72e-07	1.45e-07	4.93e-08
 1.60847e+16	5.62e-07	2.91e-03	9.90e-01	7.43e-03	0.00e+00	0.00e+00	0.00e+00	0.00e+00	0.00e+00	3.27e-07	1.74e-07	5.92e-08
 1.65546e+16	6.90e-07	3.14e-03	9.90e-01	6.85e-03	0.00e+00	0.00e+00	0.00e+00	0.00e+00	0.00e+00	4.01e-07	2.13e-07	7.26e-08
 1.70690e+16	8.64e-07	3.42e-03	9.90e-01	6.29e-03	0.00e+00	0.00e+00	0.00e+00	0.00e+00	0.00e+00	5.02e-07	2.67e-07	9.09e-08
 1.75333e+16	1.06e-06	3.70e-03	9.90e-01	5.81e-03	0.00e+00	0.00e+00	0.00e+00	0.00e+00	0.00e+00	6.19e-07	3.29e-07	1.12e-07
 1.79599e+16	1.30e-06	3.98e-03	9.91e-01	5.42e-03	0.00e+00	0.00e+00	0.00e+00	0.00e+00	0.00e+00	7.55e-07	4.02e-07	1.37e-07
 1.84458e+16	1.65e-06	4.33e-03	9.91e-01	5.00e-03	0.00e+00	0.00e+00	0.00e+00	0.00e+00	0.00e+00	9.56e-07	5.09e-07	1.73e-07
 1.89752e+16	2.15e-06	4.78e-03	9.91e-01	4.58e-03	0.00e+00	0.00e+00	0.00e+00	0.00e+00	0.00e+00	1.25e-06	6.65e-07	2.26e-07
 1.94463e+16	2.76e-06	5.23e-03	9.91e-01	4.24e-03	0.00e+00	0.00e+00	0.00e+00	0.00e+00	0.00e+00	1.61e-06	8.55e-07	2.90e-07
 1.98693e+16	3.51e-06	5.70e-03	9.90e-01	3.93e-03	0.00e+00	0.00e+00	0.00e+00	0.00e+00	0.00e+00	2.04e-06	1.09e-06	3.68e-07
 2.03447e+16	4.67e-06	6.32e-03	9.90e-01	3.61e-03	0.00e+00	0.00e+00	0.00e+00	0.00e+00	0.00e+00	2.72e-06	1.45e-06	4.90e-07
 2.08498e+16	6.47e-06	7.12e-03	9.90e-01	3.28e-03	0.00e+00	0.00e+00	0.00e+00	0.00e+00	0.00e+00	3.76e-06	2.00e-06	6.77e-07
 2.12684e+16	8.66e-06	7.94e-03	9.89e-01	3.00e-03	0.00e+00	0.00e+00	0.00e+00	0.00e+00	0.00e+00	5.03e-06	2.68e-06	9.06e-07
 2.16100e+16	1.12e-05	8.76e-03	9.88e-01	2.78e-03	0.00e+00	0.00e+00	0.00e+00	0.00e+00	0.00e+00	6.51e-06	3.46e-06	1.17e-06
 2.19766e+16	1.51e-05	9.84e-03	9.88e-01	2.53e-03	0.00e+00	0.00e+00	0.00e+00	0.00e+00	0.00e+00	8.75e-06	4.65e-06	1.57e-06
 2.23649e+16	2.11e-05	1.13e-02	9.86e-01	2.27e-03	0.00e+00	0.00e+00	0.00e+00	0.00e+00	0.00e+00	1.23e-05	6.52e-06	2.20e-06
 2.26839e+16	2.86e-05	1.28e-02	9.85e-01	2.04e-03	0.00e+00	0.00e+00	0.00e+00	0.00e+00	0.00e+00	1.67e-05	8.85e-06	2.99e-06
 2.29412e+16	3.73e-05	1.43e-02	9.84e-01	1.87e-03	0.00e+00	0.00e+00	0.00e+00	0.00e+00	0.00e+00	2.17e-05	1.15e-05	3.89e-06
 2.31223e+16	4.53e-05	1.56e-02	9.83e-01	1.75e-03	0.00e+00	0.00e+00	0.00e+00	0.00e+00	0.00e+00	2.63e-05	1.40e-05	4.71e-06
 2.32296e+16	5.10e-05	1.65e-02	9.82e-01	1.68e-03	0.00e+00	0.00e+00	0.00e+00	0.00e+00	0.00e+00	2.97e-05	1.57e-05	5.31e-06
 2.33345e+16	5.79e-05	1.74e-02	9.81e-01	1.60e-03	0.00e+00	0.00e+00	0.00e+00	0.00e+00	0.00e+00	3.36e-05	1.79e-05	6.02e-06
 2.34709e+16	6.83e-05	1.88e-02	9.80e-01	1.50e-03	0.00e+00	0.00e+00	0.00e+00	0.00e+00	0.00e+00	3.97e-05	2.11e-05	7.11e-06
 2.36161e+16	8.21e-05	2.04e-02	9.78e-01	1.40e-03	0.00e+00	0.00e+00	0.00e+00	0.00e+00	0.00e+00	4.77e-05	2.53e-05	8.53e-06
 2.37382e+16	9.63e-05	2.20e-02	9.77e-01	1.31e-03	0.00e+00	0.00e+00	0.00e+00	0.00e+00	0.00e+00	5.60e-05	2.97e-05	1.00e-05
 2.38426e+16	1.11e-04	2.36e-02	9.75e-01	1.24e-03	0.00e+00	0.00e+00	0.00e+00	0.00e+00	0.00e+00	6.46e-05	3.43e-05	1.16e-05
 2.39582e+16	1.32e-04	2.56e-02	9.73e-01	1.16e-03	0.00e+00	0.00e+00	0.00e+00	0.00e+00	0.00e+00	7.65e-05	4.06e-05	1.37e-05
 2.40723e+16	1.55e-04	2.77e-02	9.71e-01	1.08e-03	0.00e+00	0.00e+00	0.00e+00	0.00e+00	0.00e+00	9.04e-05	4.79e-05	1.62e-05
 2.41579e+16	1.77e-04	2.96e-02	9.69e-01	1.02e-03	0.00e+00	0.00e+00	0.00e+00	0.00e+00	0.00e+00	1.03e-04	5.47e-05	1.84e-05
 2.42307e+16	1.99e-04	3.13e-02	9.68e-01	9.71e-04	0.00e+00	0.00e+00	0.00e+00	0.00e+00	0.00e+00	1.16e-04	6.14e-05	2.07e-05
 2.43136e+16	2.29e-04	3.36e-02	9.65e-01	9.13e-04	0.00e+00	0.00e+00	0.00e+00	0.00e+00	0.00e+00	1.33e-04	7.06e-05	2.38e-05
 2.44038e+16	2.67e-04	3.63e-02	9.63e-01	8.52e-04	0.00e+00	0.00e+00	0.00e+00	0.00e+00	0.00e+00	1.55e-04	8.23e-05	2.77e-05
 2.44831e+16	3.07e-04	3.89e-02	9.60e-01	8.00e-04	0.00e+00	0.00e+00	0.00e+00	0.00e+00	0.00e+00	1.79e-04	9.47e-05	3.19e-05
 2.45522e+16	3.49e-04	4.15e-02	9.57e-01	7.55e-04	0.00e+00	0.00e+00	0.00e+00	0.00e+00	0.00e+00	2.03e-04	1.07e-04	3.62e-05
 2.46284e+16	4.04e-04	4.48e-02	9.54e-01	7.04e-04	0.00e+00	0.00e+00	0.00e+00	0.00e+00	0.00e+00	2.35e-04	1.25e-04	4.19e-05
 2.47089e+16	4.73e-04	4.86e-02	9.50e-01	6.53e-04	0.00e+00	0.00e+00	0.00e+00	0.00e+00	0.00e+00	2.75e-04	1.46e-04	4.91e-05
 2.47771e+16	5.44e-04	5.23e-02	9.47e-01	6.10e-04	0.00e+00	0.00e+00	0.00e+00	0.00e+00	0.00e+00	3.16e-04	1.68e-04	5.64e-05
 2.48369e+16	6.17e-04	5.59e-02	9.43e-01	5.73e-04	0.00e+00	0.00e+00	0.00e+00	0.00e+00	0.00e+00	3.59e-04	1.90e-04	6.40e-05
 2.49036e+16	7.15e-04	6.04e-02	9.38e-01	5.32e-04	0.00e+00	0.00e+00	0.00e+00	0.00e+00	0.00e+00	4.16e-04	2.20e-04	7.42e-05
 2.49747e+16	8.40e-04	6.58e-02	9.33e-01	4.91e-04	0.00e+00	0.00e+00	0.00e+00	0.00e+00	0.00e+00	4.88e-04	2.59e-04	8.70e-05
 2.50353e+16	9.69e-04	7.10e-02	9.28e-01	4.56e-04	0.00e+00	0.00e+00	0.00e+00	0.00e+00	0.00e+00	5.63e-04	2.98e-04	1.00e-04
 2.50879e+16	1.10e-03	7.61e-02	9.22e-01	4.25e-04	0.00e+00	0.00e+00	0.00e+00	0.00e+00	0.00e+00	6.41e-04	3.39e-04	1.14e-04
 2.51464e+16	1.28e-03	8.24e-02	9.16e-01	3.93e-04	0.00e+00	0.00e+00	0.00e+00	0.00e+00	0.00e+00	7.44e-04	3.94e-04	1.32e-04
 2.52094e+16	1.51e-03	9.00e-02	9.08e-01	3.58e-04	0.00e+00	0.00e+00	0.00e+00	0.00e+00	0.00e+00	8.76e-04	4.64e-04	1.56e-04
 2.52642e+16	1.75e-03	9.75e-02	9.00e-01	3.30e-04	0.00e+00	0.00e+00	0.00e+00	0.00e+00	0.00e+00	1.02e-03	5.38e-04	1.81e-04
 2.53118e+16	2.00e-03	1.05e-01	8.93e-01	3.05e-04	0.00e+00	0.00e+00	0.00e+00	0.00e+00	0.00e+00	1.16e-03	6.15e-04	2.07e-04
 2.53646e+16	2.33e-03	1.14e-01	8.83e-01	2.78e-04	0.00e+00	0.00e+00	0.00e+00	0.00e+00	0.00e+00	1.36e-03	7.18e-04	2.42e-04
