#depth	He	He+	He+2
 1.49634e+10	3.41e-23	6.49e-12	1.00e+00
 4.54887e+10	3.78e-23	7.02e-12	1.00e+00
 7.72350e+10	4.17e-23	7.59e-12	1.00e+00
 1.10251e+11	4.61e-23	8.22e-12	1.00e+00
 1.44588e+11	5.10e-23	8.90e-12	1.00e+00
 1.77466e+11	5.60e-23	9.57e-12	1.00e+00
 2.07766e+11	6.09e-23	1.02e-11	1.00e+00
 2.42099e+11	6.67e-23	1.10e-11	1.00e+00
 2.81698e+11	7.39e-23	1.19e-11	1.00e+00
 3.20560e+11	8.16e-23	1.28e-11	1.00e+00
 3.60976e+11	9.00e-23	1.38e-11	1.00e+00
 4.05342e+11	1.00e-22	1.50e-11	1.00e+00
 4.49966e+11	1.11e-22	1.62e-11	1.00e+00
 4.96374e+11	1.23e-22	1.75e-11	1.00e+00
 5.46156e+11	1.37e-22	1.90e-11	1.00e+00
 5.97929e+11	1.53e-22	2.06e-11	1.00e+00
 6.51773e+11	1.70e-22	2.23e-11	1.00e+00
 7.07771e+11	1.90e-22	2.42e-11	1.00e+00
 7.66008e+11	2.13e-22	2.63e-11	1.00e+00
 8.26576e+11	2.39e-22	2.85e-11	1.00e+00
 8.89565e+11	2.68e-22	3.09e-11	1.00e+00
 9.55075e+11	3.01e-22	3.36e-11	1.00e+00
 1.02320e+12	3.38e-22	3.64e-11	1.00e+00
 1.09406e+12	3.81e-22	3.96e-11	1.00e+00
 1.16775e+12	4.29e-22	4.30e-11	1.00e+00
 1.24439e+12	4.84e-22	4.67e-11	1.00e+00
 1.32409e+12	5.47e-22	5.08e-11	1.00e+00
 1.40698e+12	6.19e-22	5.52e-11	1.00e+00
 1.49318e+12	7.01e-22	6.00e-11	1.00e+00
 1.58284e+12	7.95e-22	6.53e-11	1.00e+00
 1.67608e+12	9.02e-22	7.11e-11	1.00e+00
 1.77305e+12	1.02e-21	7.74e-11	1.00e+00
 1.87390e+12	1.16e-21	8.42e-11	1.00e+00
 1.97878e+12	1.33e-21	9.18e-11	1.00e+00
 2.08786e+12	1.51e-21	1.00e-10	1.00e+00
 2.20130e+12	1.72e-21	1.09e-10	1.00e+00
 2.31928e+12	1.96e-21	1.19e-10	1.00e+00
 2.44198e+12	2.24e-21	1.30e-10	1.00e+00
 2.56958e+12	2.55e-21	1.42e-10	1.00e+00
 2.70229e+12	2.92e-21	1.55e-10	1.00e+00
 2.84031e+12	3.33e-21	1.69e-10	1.00e+00
 2.98385e+12	3.80e-21	1.85e-10	1.00e+00
 3.13313e+12	4.35e-21	2.03e-10	1.00e+00
 3.28838e+12	4.96e-21	2.22e-10	1.00e+00
 3.44984e+12	5.67e-21	2.43e-10	1.00e+00
 3.61776e+12	6.48e-21	2.66e-10	1.00e+00
 3.79240e+12	7.43e-21	2.92e-10	1.00e+00
 3.95546e+12	8.40e-21	3.18e-10	1.00e+00
 4.09949e+12	9.31e-21	3.42e-10	1.00e+00
 4.26047e+12	1.04e-20	3.70e-10	1.00e+00
 4.45345e+12	1.18e-20	4.06e-10	1.00e+00
 4.64809e+12	1.34e-20	4.44e-10	1.00e+00
 4.82895e+12	1.49e-20	4.82e-10	1.00e+00
 5.03048e+12	1.67e-20	5.26e-10	1.00e+00
 5.26163e+12	1.90e-20	5.81e-10	1.00e+00
 5.48935e+12	2.14e-20	6.39e-10	1.00e+00
 5.72619e+12	2.42e-20	7.03e-10	1.00e+00
 5.98516e+12	2.74e-20	7.79e-10	1.00e+00
 6.24851e+12	3.10e-20	8.61e-10	1.00e+00
 6.52238e+12	3.51e-20	9.53e-10	1.00e+00
 6.81321e+12	3.99e-20	1.06e-09	1.00e+00
 7.11535e+12	4.55e-20	1.18e-09	1.00e+00
 7.42448e+12	5.20e-20	1.30e-09	1.00e+00
 7.73484e+12	5.95e-20	1.44e-09	1.00e+00
 8.04769e+12	6.81e-20	1.59e-09	1.00e+00
 8.36908e+12	7.82e-20	1.75e-09	1.00e+00
 8.70353e+12	9.04e-20	1.93e-09	1.00e+00
 9.05237e+12	1.05e-19	2.13e-09	1.00e+00
 9.41674e+12	1.23e-19	2.35e-09	1.00e+00
 9.79998e+12	1.45e-19	2.59e-09	1.00e+00
 1.02071e+13	1.72e-19	2.87e-09	1.00e+00
 1.06406e+13	2.06e-19	3.17e-09	1.00e+00
 1.10961e+13	2.47e-19	3.51e-09	1.00e+00
 1.15699e+13	2.98e-19	3.88e-09	1.00e+00
 1.20626e+13	3.58e-19	4.29e-09	1.00e+00
 1.25751e+13	4.31e-19	4.73e-09	1.00e+00
 1.30966e+13	5.17e-19	5.20e-09	1.00e+00
 1.35992e+13	6.12e-19	5.67e-09	1.00e+00
 1.41334e+13	7.26e-19	6.20e-09	1.00e+00
 1.47287e+13	8.72e-19	6.80e-09	1.00e+00
 1.53270e+13	1.04e-18	7.44e-09	1.00e+00
 1.59493e+13	1.24e-18	8.13e-09	1.00e+00
 1.66172e+13	1.48e-18	8.91e-09	1.00e+00
 1.73118e+13	1.77e-18	9.74e-09	1.00e+00
 1.80342e+13	2.11e-18	1.06e-08	1.00e+00
 1.87855e+13	2.51e-18	1.16e-08	1.00e+00
 1.95668e+13	2.99e-18	1.27e-08	1.00e+00
 2.03794e+13	3.55e-18	1.38e-08	1.00e+00
 2.12245e+13	4.21e-18	1.51e-08	1.00e+00
 2.20322e+13	4.92e-18	1.63e-08	1.00e+00
 2.27734e+13	5.66e-18	1.75e-08	1.00e+00
 2.36114e+13	6.57e-18	1.89e-08	1.00e+00
 2.45817e+13	7.76e-18	2.05e-08	1.00e+00
 2.55370e+13	9.08e-18	2.22e-08	1.00e+00
 2.64515e+13	1.05e-17	2.39e-08	1.00e+00
 2.74606e+13	1.22e-17	2.58e-08	1.00e+00
 2.85889e+13	1.44e-17	2.80e-08	1.00e+00
 2.97275e+13	1.69e-17	3.03e-08	1.00e+00
 3.09116e+13	1.98e-17	3.28e-08	1.00e+00
 3.21780e+13	2.32e-17	3.56e-08	1.00e+00
 3.34951e+13	2.73e-17	3.85e-08	1.00e+00
 3.48648e+13	3.20e-17	4.18e-08	1.00e+00
 3.62893e+13	3.76e-17	4.53e-08	1.00e+00
 3.77708e+13	4.41e-17	4.91e-08	1.00e+00
 3.93116e+13	5.17e-17	5.31e-08	1.00e+00
 4.09140e+13	6.06e-17	5.75e-08	1.00e+00
 4.25805e+13	7.10e-17	6.23e-08	1.00e+00
 4.42609e+13	8.28e-17	6.73e-08	1.00e+00
 4.60086e+13	9.65e-17	7.26e-08	1.00e+00
 4.78788e+13	1.13e-16	7.86e-08	1.00e+00
 4.98239e+13	1.32e-16	8.50e-08	1.00e+00
 5.18468e+13	1.55e-16	9.20e-08	1.00e+00
 5.39506e+13	1.81e-16	9.96e-08	1.00e+00
 5.61385e+13	2.11e-16	1.08e-07	1.00e+00
 5.84140e+13	2.47e-16	1.16e-07	1.00e+00
 6.07805e+13	2.89e-16	1.26e-07	1.00e+00
 6.32416e+13	3.38e-16	1.36e-07	1.00e+00
 6.58012e+13	3.95e-16	1.47e-07	1.00e+00
 6.84632e+13	4.63e-16	1.60e-07	1.00e+00
 7.11270e+13	5.37e-16	1.72e-07	1.00e+00
 7.38973e+13	6.25e-16	1.86e-07	1.00e+00
 7.68832e+13	7.31e-16	2.01e-07	1.00e+00
 7.99884e+13	8.56e-16	2.17e-07	1.00e+00
 8.32179e+13	1.00e-15	2.35e-07	1.00e+00
 8.65765e+13	1.17e-15	2.55e-07	1.00e+00
 8.97425e+13	1.35e-15	2.74e-07	1.00e+00
 9.25869e+13	1.53e-15	2.91e-07	1.00e+00
 9.57856e+13	1.76e-15	3.12e-07	1.00e+00
 9.95604e+13	2.05e-15	3.37e-07	1.00e+00
 1.03311e+14	2.38e-15	3.64e-07	1.00e+00
 1.06798e+14	2.72e-15	3.89e-07	1.00e+00
 1.10686e+14	3.14e-15	4.18e-07	1.00e+00
 1.15143e+14	3.69e-15	4.54e-07	1.00e+00
 1.19516e+14	4.28e-15	4.89e-07	1.00e+00
 1.24064e+14	5.00e-15	5.29e-07	1.00e+00
 1.29056e+14	5.86e-15	5.73e-07	1.00e+00
 1.34077e+14	6.87e-15	6.21e-07	1.00e+00
 1.39298e+14	8.02e-15	6.72e-07	1.00e+00
 1.44900e+14	9.47e-15	7.30e-07	1.00e+00
 1.50726e+14	1.11e-14	7.92e-07	1.00e+00
 1.56785e+14	1.31e-14	8.61e-07	1.00e+00
 1.63086e+14	1.54e-14	9.35e-07	1.00e+00
 1.69639e+14	1.82e-14	1.02e-06	1.00e+00
 1.76455e+14	2.15e-14	1.11e-06	1.00e+00
 1.83543e+14	2.54e-14	1.20e-06	1.00e+00
 1.90604e+14	2.98e-14	1.30e-06	1.00e+00
 1.97946e+14	3.49e-14	1.42e-06	1.00e+00
 2.05894e+14	4.14e-14	1.54e-06	1.00e+00
 2.13957e+14	4.87e-14	1.68e-06	1.00e+00
 2.22342e+14	5.75e-14	1.82e-06	1.00e+00
 2.31265e+14	6.82e-14	1.99e-06	1.00e+00
 2.39603e+14	7.95e-14	2.15e-06	1.00e+00
 2.47030e+14	9.07e-14	2.30e-06	1.00e+00
 2.55398e+14	1.05e-13	2.48e-06	1.00e+00
 2.65345e+14	1.24e-13	2.70e-06	1.00e+00
 2.75395e+14	1.46e-13	2.94e-06	1.00e+00
 2.84871e+14	1.70e-13	3.17e-06	1.00e+00
 2.95320e+14	1.99e-13	3.44e-06	1.00e+00
 3.07162e+14	2.37e-13	3.77e-06	1.00e+00
 3.18958e+14	2.80e-13	4.11e-06	1.00e+00
 3.29596e+14	3.24e-13	4.43e-06	1.00e+00
 3.39308e+14	3.69e-13	4.74e-06	1.00e+00
 3.50424e+14	4.25e-13	5.10e-06	1.00e+00
 3.63855e+14	5.01e-13	5.55e-06	1.00e+00
 3.77208e+14	5.86e-13	6.03e-06	1.00e+00
 3.89118e+14	6.72e-13	6.47e-06	1.00e+00
 4.02242e+14	7.74e-13	6.97e-06	1.00e+00
 4.17868e+14	9.12e-13	7.60e-06	1.00e+00
 4.33410e+14	1.07e-12	8.26e-06	1.00e+00
 4.47721e+14	1.22e-12	8.87e-06	1.00e+00
 4.63769e+14	1.42e-12	9.61e-06	1.00e+00
 4.82311e+14	1.67e-12	1.05e-05	1.00e+00
 5.00595e+14	1.95e-12	1.14e-05	1.00e+00
 5.18083e+14	2.25e-12	1.23e-05	1.00e+00
 5.37308e+14	2.62e-12	1.33e-05	1.00e+00
 5.58830e+14	3.08e-12	1.45e-05	1.00e+00
 5.80604e+14	3.60e-12	1.58e-05	1.00e+00
 6.03250e+14	4.21e-12	1.72e-05	1.00e+00
 6.27410e+14	4.93e-12	1.87e-05	1.00e+00
 6.52536e+14	5.78e-12	2.04e-05	1.00e+00
 6.78667e+14	6.77e-12	2.22e-05	1.00e+00
 7.05844e+14	7.93e-12	2.42e-05	1.00e+00
 7.34108e+14	9.27e-12	2.64e-05	1.00e+00
 7.61378e+14	1.07e-11	2.86e-05	1.00e+00
 7.86851e+14	1.22e-11	3.07e-05	1.00e+00
 8.15468e+14	1.40e-11	3.32e-05	1.00e+00
 8.45723e+14	1.62e-11	3.59e-05	1.00e+00
 8.72655e+14	1.83e-11	3.84e-05	1.00e+00
 9.01823e+14	2.08e-11	4.13e-05	1.00e+00
 9.36690e+14	2.41e-11	4.48e-05	1.00e+00
 9.71715e+14	2.78e-11	4.85e-05	1.00e+00
 1.00428e+15	3.17e-11	5.21e-05	1.00e+00
 1.04062e+15	3.64e-11	5.63e-05	1.00e+00
 1.07980e+15	4.20e-11	6.09e-05	1.00e+00
 1.11524e+15	4.74e-11	6.53e-05	1.00e+00
 1.15359e+15	5.39e-11	7.02e-05	1.00e+00
 1.19693e+15	6.23e-11	7.61e-05	1.00e+00
 1.23835e+15	7.09e-11	8.18e-05	1.00e+00
 1.28327e+15	8.07e-11	8.82e-05	1.00e+00
 1.33303e+15	9.38e-11	9.58e-05	1.00e+00
 1.38006e+15	1.07e-10	1.03e-04	1.00e+00
 1.43057e+15	1.22e-10	1.11e-04	1.00e+00
 1.48782e+15	1.42e-10	1.21e-04	1.00e+00
 1.54391e+15	1.63e-10	1.31e-04	1.00e+00
 1.60224e+15	1.87e-10	1.41e-04	1.00e+00
 1.66635e+15	2.14e-10	1.53e-04	1.00e+00
 1.73108e+15	2.49e-10	1.67e-04	1.00e+00
 1.79840e+15	2.86e-10	1.80e-04	1.00e+00
 1.87037e+15	3.30e-10	1.96e-04	1.00e+00
 1.94521e+15	3.78e-10	2.12e-04	1.00e+00
 2.02305e+15	4.41e-10	2.31e-04	1.00e+00
 2.10400e+15	5.09e-10	2.51e-04	1.00e+00
 2.18819e+15	5.87e-10	2.72e-04	1.00e+00
 2.27575e+15	6.78e-10	2.95e-04	1.00e+00
 2.36681e+15	7.82e-10	3.20e-04	1.00e+00
 2.46151e+15	9.02e-10	3.47e-04	1.00e+00
 2.54786e+15	1.02e-09	3.73e-04	1.00e+00
 2.62124e+15	1.13e-09	3.96e-04	1.00e+00
 2.70245e+15	1.26e-09	4.21e-04	1.00e+00
 2.80333e+15	1.43e-09	4.54e-04	1.00e+00
 2.90873e+15	1.65e-09	4.91e-04	1.00e+00
 3.00534e+15	1.86e-09	5.26e-04	9.99e-01
 3.11158e+15	2.11e-09	5.64e-04	9.99e-01
 3.22814e+15	2.39e-09	6.09e-04	9.99e-01
 3.33488e+15	2.73e-09	6.52e-04	9.99e-01
 3.45045e+15	3.10e-09	7.00e-04	9.99e-01
 3.57967e+15	3.54e-09	7.54e-04	9.99e-01
 3.70152e+15	3.97e-09	8.08e-04	9.99e-01
 3.83467e+15	4.59e-09	8.72e-04	9.99e-01
 3.98152e+15	5.29e-09	9.42e-04	9.99e-01
 4.11820e+15	6.01e-09	1.01e-03	9.99e-01
 4.26692e+15	6.87e-09	1.09e-03	9.99e-01
 4.43308e+15	7.91e-09	1.18e-03	9.99e-01
 4.59173e+15	8.95e-09	1.27e-03	9.99e-01
 4.74274e+15	1.03e-08	1.36e-03	9.99e-01
 4.91397e+15	1.18e-08	1.46e-03	9.99e-01
 5.10342e+15	1.34e-08	1.58e-03	9.98e-01
 5.28842e+15	1.57e-08	1.71e-03	9.98e-01
 5.46747e+15	1.78e-08	1.84e-03	9.98e-01
 5.66573e+15	2.03e-08	1.98e-03	9.98e-01
 5.88704e+15	2.40e-08	2.16e-03	9.98e-01
 6.09646e+15	2.76e-08	2.32e-03	9.98e-01
 6.29143e+15	3.10e-08	2.49e-03	9.98e-01
 6.51167e+15	3.57e-08	2.69e-03	9.97e-01
 6.75643e+15	4.21e-08	2.92e-03	9.97e-01
 6.99391e+15	4.84e-08	3.15e-03	9.97e-01
 7.22308e+15	5.48e-08	3.39e-03	9.97e-01
 7.48057e+15	6.46e-08	3.69e-03	9.96e-01
 7.73696e+15	7.44e-08	3.98e-03	9.96e-01
 7.94569e+15	8.28e-08	4.24e-03	9.96e-01
 8.17079e+15	9.37e-08	4.54e-03	9.95e-01
 8.46343e+15	1.11e-07	4.96e-03	9.95e-01
 8.76034e+15	1.29e-07	5.39e-03	9.95e-01
 9.00563e+15	1.46e-07	5.79e-03	9.94e-01
 9.26734e+15	1.67e-07	6.25e-03	9.94e-01
 9.60358e+15	2.02e-07	6.90e-03	9.93e-01
 9.93610e+15	2.38e-07	7.58e-03	9.92e-01
 1.01957e+16	2.71e-07	8.17e-03	9.92e-01
 1.04612e+16	3.11e-07	8.83e-03	9.91e-01
 1.08062e+16	3.63e-07	9.77e-03	9.90e-01
 1.11592e+16	4.45e-07	1.09e-02	9.89e-01
 1.14374e+16	5.10e-07	1.18e-02	9.88e-01
 1.17140e+16	5.84e-07	1.29e-02	9.87e-01
 1.20735e+16	7.24e-07	1.46e-02	9.85e-01
 1.24288e+16	8.58e-07	1.64e-02	9.84e-01
 1.27014e+16	1.03e-06	1.81e-02	9.82e-01
 1.29293e+16	1.18e-06	1.97e-02	9.80e-01
 1.31761e+16	1.38e-06	2.18e-02	9.78e-01
 1.34970e+16	1.69e-06	2.49e-02	9.75e-01
 1.38175e+16	2.10e-06	2.87e-02	9.71e-01
 1.40619e+16	2.51e-06	3.22e-02	9.68e-01
 1.42685e+16	2.88e-06	3.59e-02	9.64e-01
 1.45018e+16	3.49e-06	4.09e-02	9.59e-01
 1.47521e+16	4.45e-06	4.77e-02	9.52e-01
 1.49375e+16	5.28e-06	5.38e-02	9.46e-01
 1.50646e+16	6.02e-06	5.90e-02	9.41e-01
 1.52032e+16	7.01e-06	6.57e-02	9.34e-01
 1.53834e+16	8.66e-06	7.65e-02	9.24e-01
 1.55730e+16	1.10e-05	9.11e-02	9.09e-01
 1.57271e+16	1.35e-05	1.07e-01	8.93e-01
 1.58504e+16	1.64e-05	1.23e-01	8.77e-01
 1.59638e+16	1.98e-05	1.42e-01	8.58e-01
 1.60765e+16	2.42e-05	1.66e-01	8.34e-01
 1.61849e+16	2.99e-05	1.95e-01	8.05e-01
 1.62835e+16	3.67e-05	2.30e-01	7.70e-01
 1.63595e+16	4.32e-05	2.62e-01	7.38e-01
 1.64171e+16	4.96e-05	2.92e-01	7.08e-01
 1.64693e+16	5.62e-05	3.22e-01	6.78e-01
 1.65251e+16	6.47e-05	3.60e-01	6.40e-01
 1.65879e+16	7.55e-05	4.07e-01	5.93e-01
 1.66470e+16	8.74e-05	4.57e-01	5.43e-01
 1.67012e+16	9.98e-05	5.07e-01	4.93e-01
 1.67618e+16	1.15e-04	5.68e-01	4.32e-01
 1.68282e+16	1.33e-04	6.34e-01	3.66e-01
 1.68905e+16	1.51e-04	6.95e-01	3.05e-01
 1.69597e+16	1.70e-04	7.58e-01	2.42e-01
 1.70497e+16	1.93e-04	8.25e-01	1.75e-01
 1.71574e+16	2.16e-04	8.84e-01	1.16e-01
 1.72785e+16	2.36e-04	9.27e-01	7.30e-02
 1.74258e+16	2.54e-04	9.57e-01	4.26e-02
 1.76175e+16	2.71e-04	9.77e-01	2.25e-02
 1.78666e+16	2.89e-04	9.89e-01	1.08e-02
 1.81904e+16	3.08e-04	9.95e-01	4.73e-03
 1.86113e+16	3.32e-04	9.98e-01	1.90e-03
 1.90775e+16	3.60e-04	9.99e-01	8.10e-04
 1.95054e+16	3.87e-04	9.99e-01	4.12e-04
 1.98956e+16	4.13e-04	9.99e-01	2.37e-04
 2.03337e+16	4.47e-04	9.99e-01	1.32e-04
 2.07931e+16	4.87e-04	9.99e-01	7.72e-05
 2.11653e+16	5.24e-04	9.99e-01	5.17e-05
 2.14674e+16	5.57e-04	9.99e-01	3.79e-05
 2.17937e+16	5.99e-04	9.99e-01	2.71e-05
 2.21457e+16	6.50e-04	9.99e-01	1.94e-05
 2.24450e+16	7.02e-04	9.99e-01	1.49e-05
 2.26907e+16	7.52e-04	9.99e-01	1.20e-05
 2.28671e+16	7.91e-04	9.99e-01	1.04e-05
 2.29770e+16	8.18e-04	9.99e-01	9.53e-06
 2.30864e+16	8.48e-04	9.99e-01	8.66e-06
 2.32287e+16	8.91e-04	9.99e-01	7.65e-06
 2.33795e+16	9.37e-04	9.99e-01	6.79e-06
 2.35054e+16	9.82e-04	9.99e-01	6.15e-06
 2.36126e+16	1.02e-03	9.99e-01	5.65e-06
 2.37312e+16	1.08e-03	9.99e-01	5.12e-06
 2.38487e+16	1.13e-03	9.99e-01	4.69e-06
 2.39362e+16	1.18e-03	9.99e-01	4.40e-06
 2.40098e+16	1.22e-03	9.99e-01	4.15e-06
 2.40940e+16	1.27e-03	9.99e-01	3.89e-06
 2.41869e+16	1.33e-03	9.99e-01	3.63e-06
 2.42698e+16	1.39e-03	9.99e-01	3.40e-06
 2.43422e+16	1.44e-03	9.99e-01	3.23e-06
 2.44222e+16	1.51e-03	9.98e-01	3.03e-06
 2.45074e+16	1.59e-03	9.98e-01	2.85e-06
 2.45797e+16	1.66e-03	9.98e-01	2.71e-06
 2.46425e+16	1.73e-03	9.98e-01	2.59e-06
 2.47126e+16	1.81e-03	9.98e-01	2.45e-06
 2.47885e+16	1.91e-03	9.98e-01	2.32e-06
 2.48540e+16	2.01e-03	9.98e-01	2.22e-06
 2.49110e+16	2.09e-03	9.98e-01	2.13e-06
 2.49746e+16	2.20e-03	9.98e-01	2.03e-06
 2.50428e+16	2.33e-03	9.98e-01	1.93e-06
 2.51016e+16	2.46e-03	9.98e-01	1.86e-06
 2.51533e+16	2.57e-03	9.97e-01	1.79e-06
 2.52108e+16	2.72e-03	9.97e-01	1.72e-06
 2.52726e+16	2.89e-03	9.97e-01	1.64e-06
 2.53265e+16	3.06e-03	9.97e-01	1.58e-06
 2.53741e+16	3.22e-03	9.97e-01	1.53e-06
 2.54273e+16	3.42e-03	9.97e-01	1.48e-06
 2.54848e+16	3.67e-03	9.96e-01	1.42e-06
 2.55354e+16	3.91e-03	9.96e-01	1.37e-06
 2.55807e+16	4.15e-03	9.96e-01	1.33e-06
 2.56317e+16	4.47e-03	9.96e-01	1.28e-06
 2.56876e+16	4.85e-03	9.95e-01	1.23e-06
 2.57382e+16	5.26e-03	9.95e-01	1.19e-06
 2.57844e+16	5.69e-03	9.94e-01	1.15e-06
 2.58364e+16	6.25e-03	9.94e-01	1.11e-06
 2.58907e+16	6.94e-03	9.93e-01	1.07e-06
 2.59349e+16	7.63e-03	9.92e-01	1.04e-06
 2.59724e+16	8.28e-03	9.92e-01	1.02e-06
 2.60075e+16	9.02e-03	9.91e-01	9.96e-07
 2.60403e+16	9.82e-03	9.90e-01	9.74e-07
 2.60715e+16	1.07e-02	9.89e-01	9.58e-07
 2.61011e+16	1.16e-02	9.88e-01	9.39e-07
 2.61290e+16	1.26e-02	9.87e-01	9.27e-07
 2.61547e+16	1.37e-02	9.86e-01	9.13e-07
 2.61826e+16	1.51e-02	9.85e-01	8.98e-07
 2.62123e+16	1.69e-02	9.83e-01	8.87e-07
 2.62377e+16	1.86e-02	9.81e-01	8.77e-07
 2.62592e+16	2.04e-02	9.80e-01	8.67e-07
 2.62827e+16	2.27e-02	9.77e-01	8.61e-07
 2.63080e+16	2.55e-02	9.75e-01	8.57e-07
 2.63299e+16	2.85e-02	9.72e-01	8.54e-07
 2.63484e+16	3.14e-02	9.69e-01	8.55e-07
 2.63686e+16	3.52e-02	9.65e-01	8.56e-07
 2.63904e+16	3.99e-02	9.60e-01	8.61e-07
 2.64093e+16	4.50e-02	9.55e-01	8.65e-07
 2.64250e+16	4.98e-02	9.50e-01	8.76e-07
 2.64412e+16	5.58e-02	9.44e-01	8.84e-07
 2.64582e+16	6.29e-02	9.37e-01	9.01e-07
 2.64735e+16	7.06e-02	9.29e-01	9.15e-07
 2.64872e+16	7.82e-02	9.22e-01	9.35e-07
 2.64995e+16	8.64e-02	9.14e-01	9.50e-07
 2.65115e+16	9.52e-02	9.05e-01	9.72e-07
 2.65229e+16	1.05e-01	8.95e-01	9.90e-07
 2.65333e+16	1.14e-01	8.86e-01	1.01e-06
 2.65429e+16	1.25e-01	8.75e-01	1.03e-06
 2.65500e+16	1.32e-01	8.68e-01	1.05e-06
 2.65547e+16	1.38e-01	8.62e-01	1.06e-06
 2.65593e+16	1.44e-01	8.56e-01	1.07e-06
 2.65647e+16	1.51e-01	8.49e-01	1.08e-06
 2.65702e+16	1.59e-01	8.41e-01	1.10e-06
 2.65755e+16	1.67e-01	8.33e-01	1.11e-06
 2.65806e+16	1.75e-01	8.25e-01	1.13e-06
 2.65857e+16	1.84e-01	8.16e-01	1.14e-06
 2.65907e+16	1.93e-01	8.07e-01	1.16e-06
 2.65957e+16	2.02e-01	7.98e-01	1.17e-06
 2.66006e+16	2.12e-01	7.88e-01	1.19e-06
 2.66055e+16	2.22e-01	7.78e-01	1.20e-06
 2.66104e+16	2.32e-01	7.68e-01	1.22e-06
 2.66151e+16	2.43e-01	7.57e-01	1.23e-06
 2.66197e+16	2.54e-01	7.46e-01	1.25e-06
 2.66244e+16	2.66e-01	7.34e-01	1.26e-06
 2.66290e+16	2.78e-01	7.22e-01	1.28e-06
 2.66335e+16	2.90e-01	7.10e-01	1.29e-06
 2.66380e+16	3.03e-01	6.97e-01	1.30e-06
 2.66424e+16	3.16e-01	6.84e-01	1.32e-06
 2.66468e+16	3.29e-01	6.71e-01	1.33e-06
 2.66511e+16	3.43e-01	6.57e-01	1.34e-06
 2.66554e+16	3.57e-01	6.43e-01	1.35e-06
 2.66596e+16	3.71e-01	6.29e-01	1.36e-06
 2.66637e+16	3.85e-01	6.15e-01	1.37e-06
 2.66678e+16	4.00e-01	6.00e-01	1.38e-06
 2.66718e+16	4.15e-01	5.85e-01	1.39e-06
 2.66758e+16	4.30e-01	5.70e-01	1.40e-06
 2.66797e+16	4.45e-01	5.55e-01	1.40e-06
 2.66836e+16	4.60e-01	5.40e-01	1.41e-06
 2.66874e+16	4.75e-01	5.25e-01	1.41e-06
 2.66911e+16	4.90e-01	5.10e-01	1.42e-06
 2.66948e+16	5.04e-01	4.96e-01	1.42e-06
 2.66983e+16	5.19e-01	4.81e-01	1.42e-06
 2.67018e+16	5.33e-01	4.67e-01	1.43e-06
 2.67052e+16	5.47e-01	4.53e-01	1.43e-06
 2.67085e+16	5.61e-01	4.39e-01	1.42e-06
 2.67118e+16	5.75e-01	4.25e-01	1.42e-06
 2.67150e+16	5.89e-01	4.11e-01	1.42e-06
 2.67182e+16	6.02e-01	3.98e-01	1.41e-06
 2.67212e+16	6.14e-01	3.86e-01	1.41e-06
 2.67242e+16	6.27e-01	3.73e-01	1.40e-06
 2.67272e+16	6.39e-01	3.61e-01	1.40e-06
 2.67301e+16	6.51e-01	3.49e-01	1.39e-06
 2.67329e+16	6.62e-01	3.38e-01	1.38e-06
 2.67357e+16	6.73e-01	3.27e-01	1.37e-06
 2.67384e+16	6.84e-01	3.16e-01	1.37e-06
 2.67411e+16	6.95e-01	3.05e-01	1.36e-06
 2.67438e+16	7.05e-01	2.95e-01	1.35e-06
 2.67464e+16	7.15e-01	2.85e-01	1.34e-06
 2.67489e+16	7.25e-01	2.75e-01	1.32e-06
 2.67515e+16	7.34e-01	2.66e-01	1.31e-06
 2.67540e+16	7.43e-01	2.57e-01	1.30e-06
 2.67564e+16	7.52e-01	2.48e-01	1.29e-06
 2.67588e+16	7.61e-01	2.39e-01	1.28e-06
 2.67609e+16	7.68e-01	2.32e-01	1.26e-06
 2.67625e+16	7.73e-01	2.27e-01	1.25e-06
 2.67640e+16	7.78e-01	2.22e-01	1.24e-06
 2.67656e+16	7.84e-01	2.16e-01	1.23e-06
 2.67673e+16	7.89e-01	2.11e-01	1.22e-06
 2.67688e+16	7.94e-01	2.06e-01	1.21e-06
 2.67704e+16	7.99e-01	2.01e-01	1.20e-06
 2.67719e+16	8.04e-01	1.96e-01	1.19e-06
 2.67734e+16	8.09e-01	1.91e-01	1.18e-06
 2.67749e+16	8.13e-01	1.87e-01	1.17e-06
 2.67763e+16	8.18e-01	1.82e-01	1.16e-06
 2.67778e+16	8.22e-01	1.78e-01	1.15e-06
 2.67793e+16	8.27e-01	1.73e-01	1.14e-06
 2.67808e+16	8.31e-01	1.69e-01	1.12e-06
 2.67824e+16	8.35e-01	1.65e-01	1.11e-06
 2.67840e+16	8.40e-01	1.60e-01	1.10e-06
 2.67858e+16	8.45e-01	1.55e-01	1.09e-06
 2.67877e+16	8.50e-01	1.50e-01	1.07e-06
 2.67897e+16	8.55e-01	1.45e-01	1.05e-06
 2.67917e+16	8.60e-01	1.40e-01	1.04e-06
 2.67937e+16	8.65e-01	1.35e-01	1.02e-06
 2.67956e+16	8.69e-01	1.31e-01	1.00e-06
 2.67976e+16	8.74e-01	1.26e-01	9.87e-07
 2.67995e+16	8.78e-01	1.22e-01	9.68e-07
 2.68014e+16	8.83e-01	1.17e-01	9.50e-07
 2.68031e+16	8.87e-01	1.13e-01	9.32e-07
 2.68048e+16	8.90e-01	1.10e-01	9.14e-07
 2.68064e+16	8.94e-01	1.06e-01	8.96e-07
 2.68079e+16	8.97e-01	1.03e-01	8.79e-07
 2.68092e+16	8.99e-01	1.01e-01	8.64e-07
 2.68104e+16	9.02e-01	9.81e-02	8.50e-07
 2.68115e+16	9.04e-01	9.59e-02	8.38e-07
 2.68125e+16	9.06e-01	9.39e-02	8.25e-07
 2.68134e+16	9.08e-01	9.21e-02	8.14e-07
 2.68142e+16	9.10e-01	9.04e-02	8.01e-07
 2.68150e+16	9.11e-01	8.90e-02	7.92e-07
 2.68158e+16	9.13e-01	8.73e-02	7.80e-07
 2.68167e+16	9.14e-01	8.57e-02	7.71e-07
 2.68175e+16	9.16e-01	8.41e-02	7.60e-07
 2.68182e+16	9.17e-01	8.28e-02	7.50e-07
 2.68189e+16	9.19e-01	8.15e-02	7.40e-07
 2.68196e+16	9.20e-01	8.01e-02	7.31e-07
 2.68204e+16	9.21e-01	7.87e-02	7.21e-07
 2.68211e+16	9.23e-01	7.74e-02	7.10e-07
 2.68218e+16	9.24e-01	7.62e-02	7.02e-07
 2.68224e+16	9.25e-01	7.51e-02	6.93e-07
 2.68230e+16	9.26e-01	7.38e-02	6.83e-07
 2.68237e+16	9.27e-01	7.26e-02	6.73e-07
 2.68244e+16	9.29e-01	7.15e-02	6.64e-07
 2.68249e+16	9.30e-01	7.05e-02	6.56e-07
 2.68255e+16	9.31e-01	6.95e-02	6.47e-07
 2.68260e+16	9.31e-01	6.86e-02	6.40e-07
 2.68265e+16	9.32e-01	6.76e-02	6.31e-07
 2.68271e+16	9.33e-01	6.67e-02	6.22e-07
 2.68276e+16	9.34e-01	6.57e-02	6.14e-07
 2.68280e+16	9.35e-01	6.49e-02	6.07e-07
 2.68286e+16	9.36e-01	6.40e-02	5.98e-07
 2.68291e+16	9.37e-01	6.30e-02	5.90e-07
 2.68296e+16	9.38e-01	6.22e-02	5.82e-07
 2.68301e+16	9.39e-01	6.14e-02	5.75e-07
 2.68305e+16	9.39e-01	6.07e-02	5.69e-07
 2.68310e+16	9.40e-01	5.98e-02	5.61e-07
 2.68315e+16	9.41e-01	5.90e-02	5.53e-07
 2.68319e+16	9.42e-01	5.83e-02	5.46e-07
 2.68323e+16	9.42e-01	5.76e-02	5.39e-07
 2.68328e+16	9.43e-01	5.68e-02	5.32e-07
 2.68333e+16	9.44e-01	5.60e-02	5.25e-07
 2.68337e+16	9.45e-01	5.53e-02	5.18e-07
 2.68341e+16	9.45e-01	5.46e-02	5.12e-07
 2.68345e+16	9.46e-01	5.40e-02	5.06e-07
 2.68349e+16	9.47e-01	5.34e-02	5.00e-07
 2.68354e+16	9.47e-01	5.25e-02	4.92e-07
 2.68360e+16	9.48e-01	5.17e-02	4.84e-07
 2.68365e+16	9.49e-01	5.09e-02	4.77e-07
 2.68370e+16	9.50e-01	5.02e-02	4.71e-07
 2.68374e+16	9.50e-01	4.96e-02	4.65e-07
 2.68378e+16	9.51e-01	4.90e-02	4.59e-07
 2.68382e+16	9.52e-01	4.83e-02	4.52e-07
 2.68387e+16	9.52e-01	4.77e-02	4.47e-07
 2.68392e+16	9.53e-01	4.70e-02	4.40e-07
 2.68397e+16	9.54e-01	4.62e-02	4.33e-07
 2.68402e+16	9.54e-01	4.56e-02	4.28e-07
 2.68407e+16	9.55e-01	4.50e-02	4.22e-07
 2.68411e+16	9.56e-01	4.45e-02	4.17e-07
 2.68415e+16	9.56e-01	4.39e-02	4.12e-07
 2.68421e+16	9.57e-01	4.31e-02	4.05e-07
 2.68427e+16	9.58e-01	4.23e-02	3.99e-07
 2.68433e+16	9.58e-01	4.16e-02	3.92e-07
 2.68438e+16	9.59e-01	4.10e-02	3.87e-07
 2.68443e+16	9.60e-01	4.04e-02	3.82e-07
 2.68448e+16	9.60e-01	3.99e-02	3.76e-07
 2.68452e+16	9.61e-01	3.93e-02	3.72e-07
 2.68458e+16	9.61e-01	3.86e-02	3.65e-07
 2.68465e+16	9.62e-01	3.79e-02	3.59e-07
 2.68471e+16	9.63e-01	3.72e-02	3.53e-07
 2.68477e+16	9.63e-01	3.67e-02	3.48e-07
 2.68482e+16	9.64e-01	3.62e-02	3.44e-07
 2.68487e+16	9.64e-01	3.56e-02	3.39e-07
 2.68493e+16	9.65e-01	3.50e-02	3.34e-07
 2.68498e+16	9.66e-01	3.44e-02	3.29e-07
 2.68503e+16	9.66e-01	3.39e-02	3.24e-07
 2.68508e+16	9.66e-01	3.35e-02	3.21e-07
 2.68513e+16	9.67e-01	3.31e-02	3.17e-07
 2.68519e+16	9.68e-01	3.24e-02	3.11e-07
 2.68526e+16	9.68e-01	3.18e-02	3.06e-07
 2.68532e+16	9.69e-01	3.13e-02	3.02e-07
 2.68538e+16	9.69e-01	3.08e-02	2.97e-07
 2.68543e+16	9.70e-01	3.03e-02	2.93e-07
 2.68549e+16	9.70e-01	2.99e-02	2.89e-07
 2.68556e+16	9.71e-01	2.92e-02	2.84e-07
 2.68564e+16	9.71e-01	2.86e-02	2.79e-07
 2.68571e+16	9.72e-01	2.81e-02	2.74e-07
 2.68578e+16	9.72e-01	2.76e-02	2.70e-07
 2.68584e+16	9.73e-01	2.71e-02	2.66e-07
 2.68590e+16	9.73e-01	2.66e-02	2.62e-07
 2.68597e+16	9.74e-01	2.61e-02	2.58e-07
 2.68604e+16	9.74e-01	2.57e-02	2.54e-07
 2.68610e+16	9.75e-01	2.52e-02	2.50e-07
 2.68616e+16	9.75e-01	2.48e-02	2.47e-07
 2.68623e+16	9.76e-01	2.44e-02	2.43e-07
 2.68629e+16	9.76e-01	2.39e-02	2.39e-07
 2.68636e+16	9.77e-01	2.35e-02	2.36e-07
 2.68644e+16	9.77e-01	2.30e-02	2.32e-07
 2.68651e+16	9.77e-01	2.26e-02	2.29e-07
 2.68658e+16	9.78e-01	2.22e-02	2.25e-07
 2.68666e+16	9.78e-01	2.17e-02	2.21e-07
 2.68674e+16	9.79e-01	2.13e-02	2.18e-07
 2.68682e+16	9.79e-01	2.09e-02	2.14e-07
 2.68690e+16	9.80e-01	2.04e-02	2.10e-07
 2.68698e+16	9.80e-01	2.00e-02	2.07e-07
 2.68705e+16	9.80e-01	1.97e-02	2.04e-07
 2.68713e+16	9.81e-01	1.92e-02	2.01e-07
 2.68722e+16	9.81e-01	1.88e-02	1.97e-07
 2.68729e+16	9.82e-01	1.85e-02	1.94e-07
 2.68738e+16	9.82e-01	1.81e-02	1.91e-07
 2.68747e+16	9.82e-01	1.77e-02	1.88e-07
 2.68755e+16	9.83e-01	1.73e-02	1.85e-07
 2.68764e+16	9.83e-01	1.69e-02	1.81e-07
 2.68774e+16	9.84e-01	1.65e-02	1.78e-07
 2.68783e+16	9.84e-01	1.61e-02	1.75e-07
 2.68791e+16	9.84e-01	1.58e-02	1.72e-07
 2.68800e+16	9.85e-01	1.55e-02	1.69e-07
 2.68810e+16	9.85e-01	1.51e-02	1.66e-07
 2.68819e+16	9.85e-01	1.48e-02	1.64e-07
 2.68828e+16	9.86e-01	1.44e-02	1.61e-07
 2.68839e+16	9.86e-01	1.41e-02	1.58e-07
 2.68848e+16	9.86e-01	1.38e-02	1.55e-07
 2.68859e+16	9.87e-01	1.34e-02	1.52e-07
 2.68870e+16	9.87e-01	1.31e-02	1.49e-07
 2.68880e+16	9.87e-01	1.28e-02	1.46e-07
 2.68891e+16	9.88e-01	1.24e-02	1.43e-07
 2.68903e+16	9.88e-01	1.21e-02	1.40e-07
 2.68914e+16	9.88e-01	1.18e-02	1.38e-07
 2.68926e+16	9.89e-01	1.14e-02	1.35e-07
 2.68942e+16	9.89e-01	1.10e-02	1.31e-07
 2.68960e+16	9.89e-01	1.06e-02	1.27e-07
 2.68978e+16	9.90e-01	1.02e-02	1.23e-07
 2.68995e+16	9.90e-01	9.76e-03	1.20e-07
 2.69013e+16	9.91e-01	9.37e-03	1.16e-07
 2.69031e+16	9.91e-01	8.98e-03	1.13e-07
 2.69051e+16	9.91e-01	8.60e-03	1.09e-07
 2.69070e+16	9.92e-01	8.23e-03	1.05e-07
 2.69090e+16	9.92e-01	7.88e-03	1.02e-07
 2.69111e+16	9.92e-01	7.53e-03	9.83e-08
 2.69132e+16	9.93e-01	7.19e-03	9.48e-08
 2.69154e+16	9.93e-01	6.85e-03	9.14e-08
 2.69176e+16	9.93e-01	6.53e-03	8.79e-08
 2.69200e+16	9.94e-01	6.22e-03	8.46e-08
 2.69223e+16	9.94e-01	5.91e-03	8.13e-08
 2.69248e+16	9.94e-01	5.62e-03	7.80e-08
 2.69273e+16	9.95e-01	5.33e-03	7.48e-08
 2.69299e+16	9.95e-01	5.06e-03	7.16e-08
 2.69325e+16	9.95e-01	4.80e-03	6.85e-08
 2.69352e+16	9.95e-01	4.54e-03	6.55e-08
 2.69381e+16	9.96e-01	4.30e-03	6.25e-08
 2.69410e+16	9.96e-01	4.06e-03	5.96e-08
 2.69440e+16	9.96e-01	3.83e-03	5.67e-08
 2.69471e+16	9.96e-01	3.61e-03	5.39e-08
 2.69503e+16	9.97e-01	3.40e-03	5.10e-08
 2.69536e+16	9.97e-01	3.19e-03	4.82e-08
 2.69571e+16	9.97e-01	2.99e-03	4.54e-08
 2.69607e+16	9.97e-01	2.79e-03	4.27e-08
 2.69645e+16	9.97e-01	2.60e-03	3.99e-08
 2.69685e+16	9.98e-01	2.39e-03	3.70e-08
 2.69726e+16	9.98e-01	2.19e-03	3.39e-08
 2.69771e+16	9.98e-01	1.98e-03	3.08e-08
 2.69817e+16	9.98e-01	1.76e-03	2.76e-08
 2.69868e+16	9.98e-01	1.55e-03	2.43e-08
 2.69922e+16	9.99e-01	1.35e-03	2.12e-08
 2.69982e+16	9.99e-01	1.15e-03	1.82e-08
 2.70047e+16	9.99e-01	9.77e-04	1.54e-08
 2.70121e+16	9.99e-01	8.14e-04	1.28e-08
 2.70205e+16	9.99e-01	6.68e-04	1.05e-08
 2.70300e+16	9.99e-01	5.44e-04	8.55e-09
 2.70400e+16	1.00e+00	4.50e-04	7.05e-09
 2.70499e+16	1.00e+00	3.80e-04	5.95e-09
 2.70599e+16	1.00e+00	3.29e-04	5.14e-09
 2.70698e+16	1.00e+00	2.92e-04	4.54e-09
 2.70798e+16	1.00e+00	2.64e-04	4.10e-09
 2.70897e+16	1.00e+00	2.44e-04	3.78e-09
 2.70997e+16	1.00e+00	2.29e-04	3.54e-09
 2.71096e+16	1.00e+00	2.17e-04	3.35e-09
 2.71196e+16	1.00e+00	2.09e-04	3.21e-09
 2.71295e+16	1.00e+00	2.03e-04	3.11e-09
 2.71395e+16	1.00e+00	1.98e-04	3.02e-09
 2.71495e+16	1.00e+00	1.94e-04	2.95e-09
 2.71609e+16	1.00e+00	1.90e-04	2.89e-09
 2.71758e+16	1.00e+00	1.86e-04	2.82e-09
 2.71951e+16	1.00e+00	1.83e-04	2.74e-09
 2.72203e+16	1.00e+00	1.79e-04	2.66e-09
 2.72529e+16	1.00e+00	1.75e-04	2.56e-09
 2.72954e+16	1.00e+00	1.70e-04	2.44e-09
 2.73507e+16	1.00e+00	1.64e-04	2.29e-09
 2.74225e+16	1.00e+00	1.57e-04	2.10e-09
 2.75087e+16	1.00e+00	1.48e-04	1.90e-09
 2.76025e+16	1.00e+00	1.39e-04	1.70e-09
 2.77048e+16	1.00e+00	1.30e-04	1.50e-09
 2.78158e+16	1.00e+00	1.21e-04	1.30e-09
 2.79391e+16	1.00e+00	1.11e-04	1.11e-09
 2.80836e+16	1.00e+00	1.01e-04	9.18e-10
 2.82477e+16	1.00e+00	9.00e-05	7.42e-10
 2.84287e+16	1.00e+00	7.97e-05	5.86e-10
 2.86293e+16	1.00e+00	6.96e-05	4.52e-10
 2.88571e+16	1.00e+00	5.97e-05	3.36e-10
 2.91188e+16	1.00e+00	5.01e-05	2.39e-10
 2.94157e+16	1.00e+00	4.13e-05	1.64e-10
 2.97521e+16	1.00e+00	3.32e-05	1.07e-10
 3.01386e+16	1.00e+00	2.60e-05	6.66e-11
 3.05905e+16	1.00e+00	1.96e-05	3.84e-11
 3.11135e+16	1.00e+00	1.44e-05	2.08e-11
 3.16704e+16	1.00e+00	1.04e-05	1.11e-11
 3.22273e+16	1.00e+00	7.64e-06	6.00e-12
 3.27842e+16	1.00e+00	5.65e-06	3.31e-12
 3.33824e+16	1.00e+00	4.10e-06	1.76e-12
 3.40350e+16	1.00e+00	2.93e-06	9.08e-13
 3.47105e+16	1.00e+00	2.10e-06	4.67e-13
 3.54064e+16	1.00e+00	1.49e-06	2.39e-13
 3.61126e+16	1.00e+00	1.08e-06	1.25e-13
 3.68188e+16	1.00e+00	7.82e-07	6.64e-14
 3.75610e+16	1.00e+00	5.61e-07	3.43e-14
 3.83551e+16	1.00e+00	3.98e-07	1.74e-14
 3.91689e+16	1.00e+00	2.84e-07	8.95e-15
 3.99991e+16	1.00e+00	2.03e-07	4.58e-15
 4.08616e+16	1.00e+00	1.44e-07	2.33e-15
 4.17573e+16	1.00e+00	1.02e-07	1.17e-15
 4.26663e+16	1.00e+00	7.24e-08	5.99e-16
 4.36031e+16	1.00e+00	5.13e-08	3.03e-16
 4.45823e+16	1.00e+00	3.61e-08	1.51e-16
 4.55910e+16	1.00e+00	2.54e-08	7.54e-17
 4.66300e+16	1.00e+00	1.78e-08	3.74e-17
 4.76897e+16	1.00e+00	1.25e-08	1.86e-17
 4.87817e+16	1.00e+00	8.69e-09	9.17e-18
 4.99118e+16	1.00e+00	6.04e-09	4.50e-18
 5.10703e+16	1.00e+00	4.20e-09	2.20e-18
 5.22519e+16	1.00e+00	2.91e-09	1.08e-18
 5.34453e+16	1.00e+00	2.01e-09	5.27e-19
 5.46445e+16	1.00e+00	1.41e-09	2.62e-19
 5.58932e+16	1.00e+00	9.64e-10	1.27e-19
 5.72174e+16	1.00e+00	6.53e-10	5.98e-20
 5.85882e+16	1.00e+00	4.42e-10	2.81e-20
 5.99932e+16	1.00e+00	2.98e-10	1.31e-20
 6.14192e+16	1.00e+00	2.00e-10	6.10e-21
 6.27717e+16	1.00e+00	1.41e-10	0.00e+00
 6.41766e+16	1.00e+00	9.66e-11	0.00e+00
 6.57221e+16	1.00e+00	6.49e-11	0.00e+00
 6.72827e+16	1.00e+00	4.37e-11	0.00e+00
 6.88506e+16	1.00e+00	2.97e-11	0.00e+00
 7.04182e+16	1.00e+00	2.03e-11	0.00e+00
 7.19855e+16	1.00e+00	1.40e-11	0.00e+00
 7.35526e+16	1.00e+00	9.78e-12	0.00e+00
 7.51196e+16	1.00e+00	6.87e-12	0.00e+00
 7.66863e+16	1.00e+00	4.86e-12	0.00e+00
 7.82529e+16	1.00e+00	3.46e-12	0.00e+00
 7.98194e+16	1.00e+00	2.49e-12	0.00e+00
 8.13858e+16	1.00e+00	1.80e-12	0.00e+00
 8.29521e+16	1.00e+00	1.31e-12	0.00e+00
 8.45183e+16	1.00e+00	9.56e-13	0.00e+00
 8.60845e+16	1.00e+00	7.04e-13	0.00e+00
 8.76506e+16	1.00e+00	5.21e-13	0.00e+00
 8.94517e+16	1.00e+00	3.68e-13	0.00e+00
 9.17930e+16	1.00e+00	2.37e-13	0.00e+00
 9.48368e+16	1.00e+00	1.37e-13	0.00e+00
 9.84883e+16	1.00e+00	7.29e-14	0.00e+00
 1.02428e+17	1.00e+00	3.84e-14	0.00e+00
 1.06525e+17	1.00e+00	2.04e-14	0.00e+00
 1.10786e+17	1.00e+00	1.09e-14	0.00e+00
 1.15218e+17	1.00e+00	5.99e-15	0.00e+00
 1.19826e+17	1.00e+00	3.41e-15	0.00e+00
 1.24215e+17	1.00e+00	2.14e-15	0.00e+00
 1.28247e+17	1.00e+00	1.51e-15	0.00e+00
 1.32365e+17	1.00e+00	1.14e-15	0.00e+00
 1.36724e+17	1.00e+00	9.08e-16	0.00e+00
 1.41247e+17	1.00e+00	7.63e-16	0.00e+00
 1.45864e+17	1.00e+00	6.75e-16	0.00e+00
 1.50583e+17	1.00e+00	6.23e-16	0.00e+00
 1.55406e+17	1.00e+00	5.87e-16	0.00e+00
 1.60317e+17	1.00e+00	5.63e-16	0.00e+00
 1.65313e+17	1.00e+00	5.45e-16	0.00e+00
 1.70375e+17	1.00e+00	5.32e-16	0.00e+00
 1.75472e+17	1.00e+00	5.21e-16	0.00e+00
 1.80580e+17	1.00e+00	5.14e-16	0.00e+00
 1.85693e+17	1.00e+00	5.07e-16	0.00e+00
 1.90775e+17	1.00e+00	5.02e-16	0.00e+00
 1.95796e+17	1.00e+00	4.99e-16	0.00e+00
 2.00730e+17	1.00e+00	4.97e-16	0.00e+00
 2.05557e+17	1.00e+00	4.97e-16	0.00e+00
 2.10253e+17	1.00e+00	4.97e-16	0.00e+00
 2.14801e+17	1.00e+00	4.99e-16	0.00e+00
 2.19176e+17	1.00e+00	5.01e-16	0.00e+00
 2.23362e+17	1.00e+00	5.05e-16	0.00e+00
 2.27366e+17	1.00e+00	5.09e-16	0.00e+00
 2.31180e+17	1.00e+00	5.14e-16	0.00e+00
 2.34801e+17	1.00e+00	5.19e-16	0.00e+00
 2.38228e+17	1.00e+00	5.24e-16	0.00e+00
 2.41467e+17	1.00e+00	5.29e-16	0.00e+00
 2.44528e+17	1.00e+00	5.34e-16	0.00e+00
 2.47417e+17	1.00e+00	5.39e-16	0.00e+00
 2.50144e+17	1.00e+00	5.44e-16	0.00e+00
 2.52715e+17	1.00e+00	5.49e-16	0.00e+00
 2.55139e+17	1.00e+00	5.53e-16	0.00e+00
 2.57426e+17	1.00e+00	5.57e-16	0.00e+00
 2.59582e+17	1.00e+00	5.61e-16	0.00e+00
 2.61617e+17	1.00e+00	5.64e-16	0.00e+00
 2.63537e+17	1.00e+00	5.67e-16	0.00e+00
 2.65351e+17	1.00e+00	5.70e-16	0.00e+00
 2.67064e+17	1.00e+00	5.73e-16	0.00e+00
 2.68684e+17	1.00e+00	5.76e-16	0.00e+00
 2.70215e+17	1.00e+00	5.78e-16	0.00e+00
 2.71663e+17	1.00e+00	5.80e-16	0.00e+00
 2.73034e+17	1.00e+00	5.82e-16	0.00e+00
 2.74330e+17	1.00e+00	5.84e-16	0.00e+00
 2.75559e+17	1.00e+00	5.86e-16	0.00e+00
 2.76724e+17	1.00e+00	5.88e-16	0.00e+00
 2.77829e+17	1.00e+00	5.89e-16	0.00e+00
 2.78877e+17	1.00e+00	5.90e-16	0.00e+00
 2.79871e+17	1.00e+00	5.92e-16	0.00e+00
 2.80815e+17	1.00e+00	5.93e-16	0.00e+00
 2.81712e+17	1.00e+00	5.94e-16	0.00e+00
 2.82565e+17	1.00e+00	5.95e-16	0.00e+00
 2.83377e+17	1.00e+00	5.96e-16	0.00e+00
 2.84150e+17	1.00e+00	5.97e-16	0.00e+00
 2.84885e+17	1.00e+00	5.97e-16	0.00e+00
 2.85586e+17	1.00e+00	5.98e-16	0.00e+00
 2.86254e+17	1.00e+00	5.99e-16	0.00e+00
 2.86892e+17	1.00e+00	5.99e-16	0.00e+00
 2.87501e+17	1.00e+00	6.00e-16	0.00e+00
 2.88084e+17	1.00e+00	6.00e-16	0.00e+00
 2.88641e+17	1.00e+00	6.01e-16	0.00e+00
 2.89175e+17	1.00e+00	6.01e-16	0.00e+00
 2.89687e+17	1.00e+00	6.02e-16	0.00e+00
 2.90179e+17	1.00e+00	6.02e-16	0.00e+00
 2.90651e+17	1.00e+00	6.02e-16	0.00e+00
 2.91107e+17	1.00e+00	6.03e-16	0.00e+00
 2.91546e+17	1.00e+00	6.03e-16	0.00e+00
 2.91970e+17	1.00e+00	6.03e-16	0.00e+00
 2.92380e+17	1.00e+00	6.03e-16	0.00e+00
 2.92778e+17	1.00e+00	6.03e-16	0.00e+00
 2.93166e+17	1.00e+00	6.04e-16	0.00e+00
 2.93544e+17	1.00e+00	6.04e-16	0.00e+00
 2.93913e+17	1.00e+00	6.04e-16	0.00e+00
 2.94276e+17	1.00e+00	6.04e-16	0.00e+00
 2.94633e+17	1.00e+00	6.04e-16	0.00e+00
 2.94986e+17	1.00e+00	6.04e-16	0.00e+00
 2.95337e+17	1.00e+00	6.04e-16	0.00e+00
 2.95687e+17	1.00e+00	6.04e-16	0.00e+00
 2.96039e+17	1.00e+00	6.03e-16	0.00e+00
 2.96395e+17	1.00e+00	6.03e-16	0.00e+00
 2.96757e+17	1.00e+00	6.03e-16	0.00e+00
 2.97129e+17	1.00e+00	6.03e-16	0.00e+00
 2.97515e+17	1.00e+00	6.02e-16	0.00e+00
 2.97919e+17	1.00e+00	6.02e-16	0.00e+00
 2.98348e+17	1.00e+00	6.01e-16	0.00e+00
 2.98810e+17	1.00e+00	6.00e-16	0.00e+00
 2.99314e+17	1.00e+00	5.99e-16	0.00e+00
 2.99875e+17	1.00e+00	5.97e-16	0.00e+00
 3.00512e+17	1.00e+00	5.95e-16	0.00e+00
 3.01254e+17	1.00e+00	5.92e-16	0.00e+00
 3.02141e+17	1.00e+00	5.88e-16	0.00e+00
 3.03235e+17	1.00e+00	5.82e-16	0.00e+00
 3.04629e+17	1.00e+00	5.73e-16	0.00e+00
 3.06437e+17	1.00e+00	5.59e-16	0.00e+00
 3.08788e+17	1.00e+00	5.36e-16	0.00e+00
 3.11844e+17	1.00e+00	5.05e-16	0.00e+00
 3.15816e+17	1.00e+00	4.62e-16	0.00e+00
 3.20981e+17	1.00e+00	4.07e-16	0.00e+00
 3.27694e+17	1.00e+00	3.43e-16	0.00e+00
 3.36422e+17	1.00e+00	2.70e-16	0.00e+00
 3.47768e+17	1.00e+00	1.96e-16	0.00e+00
 3.61265e+17	1.00e+00	1.26e-16	0.00e+00
 3.75715e+17	1.00e+00	9.64e-17	0.00e+00
 3.90744e+17	1.00e+00	8.10e-17	0.00e+00
 4.06374e+17	1.00e+00	6.87e-17	0.00e+00
 4.21725e+17	1.00e+00	5.74e-17	0.00e+00
 4.36425e+17	1.00e+00	5.98e-17	0.00e+00
 4.50028e+17	1.00e+00	5.48e-17	0.00e+00
 4.61613e+17	1.00e+00	6.27e-17	0.00e+00
 4.71770e+17	1.00e+00	7.14e-17	0.00e+00
 4.81344e+17	1.00e+00	7.22e-17	0.00e+00
 4.90533e+17	1.00e+00	6.74e-17	0.00e+00
 4.99011e+17	1.00e+00	6.29e-17	0.00e+00
 5.06473e+17	1.00e+00	6.09e-17	0.00e+00
 5.12932e+17	1.00e+00	6.00e-17	0.00e+00
 5.18145e+17	1.00e+00	5.83e-17	0.00e+00
 5.21712e+17	1.00e+00	5.94e-17	0.00e+00
 5.23882e+17	1.00e+00	6.17e-17	0.00e+00
 5.25183e+17	1.00e+00	6.34e-17	0.00e+00
 5.25964e+17	1.00e+00	6.44e-17	0.00e+00
 5.26450e+17	1.00e+00	6.50e-17	0.00e+00
 5.26816e+17	1.00e+00	6.54e-17	0.00e+00
 5.27193e+17	1.00e+00	6.57e-17	0.00e+00
 5.27623e+17	1.00e+00	6.58e-17	0.00e+00
 5.28037e+17	1.00e+00	6.59e-17	0.00e+00
 5.28390e+17	1.00e+00	6.60e-17	0.00e+00
 5.28693e+17	1.00e+00	6.60e-17	0.00e+00
 5.28999e+17	1.00e+00	6.59e-17	0.00e+00
 5.29299e+17	1.00e+00	6.58e-17	0.00e+00
 5.29565e+17	1.00e+00	6.57e-17	0.00e+00
 5.29822e+17	1.00e+00	6.56e-17	0.00e+00
 5.30073e+17	1.00e+00	6.55e-17	0.00e+00
 5.30303e+17	1.00e+00	6.53e-17	0.00e+00
 5.30509e+17	1.00e+00	6.52e-17	0.00e+00
 5.30716e+17	1.00e+00	6.50e-17	0.00e+00
 5.30933e+17	1.00e+00	6.48e-17	0.00e+00
 5.31131e+17	1.00e+00	6.46e-17	0.00e+00
 5.31301e+17	1.00e+00	6.46e-17	0.00e+00
 5.31475e+17	1.00e+00	6.45e-17	0.00e+00
 5.31654e+17	1.00e+00	6.41e-17	0.00e+00
 5.31818e+17	1.00e+00	6.40e-17	0.00e+00
 5.31969e+17	1.00e+00	6.45e-17	0.00e+00
 5.32123e+17	1.00e+00	6.42e-17	0.00e+00
 5.32280e+17	1.00e+00	6.38e-17	0.00e+00
 5.32430e+17	1.00e+00	6.34e-17	0.00e+00
 5.32572e+17	1.00e+00	6.45e-17	0.00e+00
 5.32715e+17	1.00e+00	6.40e-17	0.00e+00
 5.32862e+17	1.00e+00	6.36e-17	0.00e+00
 5.33001e+17	1.00e+00	6.31e-17	0.00e+00
 5.33134e+17	1.00e+00	6.55e-17	0.00e+00
 5.33271e+17	1.00e+00	6.42e-17	0.00e+00
 5.33412e+17	1.00e+00	6.32e-17	0.00e+00
 5.33547e+17	1.00e+00	6.26e-17	0.00e+00
 5.33679e+17	1.00e+00	6.49e-17	0.00e+00
 5.33811e+17	1.00e+00	6.33e-17	0.00e+00
 5.33954e+17	1.00e+00	6.39e-17	0.00e+00
 5.34100e+17	1.00e+00	6.07e-17	0.00e+00
 5.34237e+17	1.00e+00	6.19e-17	0.00e+00
 5.34374e+17	1.00e+00	6.17e-17	0.00e+00
 5.34516e+17	1.00e+00	6.11e-17	0.00e+00
 5.34662e+17	1.00e+00	6.01e-17	0.00e+00
 5.34809e+17	1.00e+00	5.97e-17	0.00e+00
 5.34958e+17	1.00e+00	5.92e-17	0.00e+00
 5.35110e+17	1.00e+00	5.88e-17	0.00e+00
 5.35276e+17	1.00e+00	5.82e-17	0.00e+00
 5.35448e+17	1.00e+00	5.75e-17	0.00e+00
 5.35601e+17	1.00e+00	5.72e-17	0.00e+00
 5.35757e+17	1.00e+00	5.81e-17	0.00e+00
 5.35940e+17	1.00e+00	5.64e-17	0.00e+00
 5.36126e+17	1.00e+00	5.59e-17	0.00e+00
 5.36296e+17	1.00e+00	5.55e-17	0.00e+00
 5.36468e+17	1.00e+00	5.53e-17	0.00e+00
 5.36662e+17	1.00e+00	5.46e-17	0.00e+00
 5.36868e+17	1.00e+00	5.40e-17	0.00e+00
 5.37060e+17	1.00e+00	5.36e-17	0.00e+00
 5.37249e+17	1.00e+00	5.31e-17	0.00e+00
 5.37457e+17	1.00e+00	5.26e-17	0.00e+00
 5.37679e+17	1.00e+00	5.20e-17	0.00e+00
 5.37897e+17	1.00e+00	5.14e-17	0.00e+00
 5.38112e+17	1.00e+00	5.09e-17	0.00e+00
 5.38340e+17	1.00e+00	5.03e-17	0.00e+00
 5.38576e+17	1.00e+00	4.96e-17	0.00e+00
 5.38813e+17	1.00e+00	4.90e-17	0.00e+00
 5.39054e+17	1.00e+00	4.84e-17	0.00e+00
 5.39310e+17	1.00e+00	4.77e-17	0.00e+00
 5.39573e+17	1.00e+00	4.70e-17	0.00e+00
 5.39834e+17	1.00e+00	4.63e-17	0.00e+00
 5.40107e+17	1.00e+00	4.55e-17	0.00e+00
 5.40392e+17	1.00e+00	4.48e-17	0.00e+00
 5.40673e+17	1.00e+00	4.40e-17	0.00e+00
 5.40961e+17	1.00e+00	4.32e-17	0.00e+00
 5.41266e+17	1.00e+00	4.24e-17	0.00e+00
 5.41576e+17	1.00e+00	4.16e-17	0.00e+00
 5.41890e+17	1.00e+00	4.07e-17	0.00e+00
 5.42219e+17	1.00e+00	3.99e-17	0.00e+00
 5.42551e+17	1.00e+00	3.89e-17	0.00e+00
 5.42880e+17	1.00e+00	3.81e-17	0.00e+00
 5.43219e+17	1.00e+00	3.72e-17	0.00e+00
 5.43577e+17	1.00e+00	3.63e-17	0.00e+00
 5.43941e+17	1.00e+00	3.53e-17	0.00e+00
 5.44305e+17	1.00e+00	3.44e-17	0.00e+00
 5.44678e+17	1.00e+00	3.34e-17	0.00e+00
 5.45066e+17	1.00e+00	3.24e-17	0.00e+00
 5.45459e+17	1.00e+00	3.14e-17	0.00e+00
 5.45858e+17	1.00e+00	3.04e-17	0.00e+00
 5.46267e+17	1.00e+00	2.94e-17	0.00e+00
 5.46691e+17	1.00e+00	2.84e-17	0.00e+00
 5.47124e+17	1.00e+00	2.74e-17	0.00e+00
 5.47557e+17	1.00e+00	2.64e-17	0.00e+00
 5.47995e+17	1.00e+00	2.54e-17	0.00e+00
 5.48447e+17	1.00e+00	2.44e-17	0.00e+00
 5.48920e+17	1.00e+00	2.33e-17	0.00e+00
 5.49401e+17	1.00e+00	2.23e-17	0.00e+00
 5.49888e+17	1.00e+00	2.13e-17	0.00e+00
 5.50384e+17	1.00e+00	2.02e-17	0.00e+00
 5.50877e+17	1.00e+00	1.93e-17	0.00e+00
 5.51383e+17	1.00e+00	1.83e-17	0.00e+00
 5.51912e+17	1.00e+00	1.74e-17	0.00e+00
 5.52461e+17	1.00e+00	1.62e-17	0.00e+00
 5.53030e+17	1.00e+00	1.53e-17	0.00e+00
 5.53617e+17	1.00e+00	1.43e-17	0.00e+00
 5.54204e+17	1.00e+00	1.34e-17	0.00e+00
 5.54800e+17	1.00e+00	1.25e-17	0.00e+00
 5.55418e+17	1.00e+00	1.17e-17	0.00e+00
 5.56065e+17	1.00e+00	1.08e-17	0.00e+00
 5.56706e+17	1.00e+00	9.98e-18	0.00e+00
 5.57284e+17	1.00e+00	9.25e-18	0.00e+00
 5.57790e+17	1.00e+00	8.65e-18	0.00e+00
 5.58254e+17	1.00e+00	8.15e-18	0.00e+00
 5.58699e+17	1.00e+00	7.69e-18	0.00e+00
 5.59132e+17	1.00e+00	7.26e-18	0.00e+00
 5.59547e+17	1.00e+00	6.87e-18	0.00e+00
 5.59939e+17	1.00e+00	6.51e-18	0.00e+00
 5.60310e+17	1.00e+00	6.18e-18	0.00e+00
 5.60668e+17	1.00e+00	5.88e-18	0.00e+00
 5.61012e+17	1.00e+00	5.60e-18	0.00e+00
 5.61343e+17	1.00e+00	5.33e-18	0.00e+00
 5.61661e+17	1.00e+00	5.09e-18	0.00e+00
 5.61967e+17	1.00e+00	4.86e-18	0.00e+00
 5.62261e+17	1.00e+00	4.65e-18	0.00e+00
 5.62545e+17	1.00e+00	4.45e-18	0.00e+00
 5.62819e+17	1.00e+00	4.26e-18	0.00e+00
 5.63083e+17	1.00e+00	4.08e-18	0.00e+00
 5.63337e+17	1.00e+00	3.91e-18	0.00e+00
 5.63583e+17	1.00e+00	3.75e-18	0.00e+00
 5.63821e+17	1.00e+00	3.56e-18	0.00e+00
 5.64049e+17	1.00e+00	3.42e-18	0.00e+00
 5.64270e+17	1.00e+00	3.29e-18	0.00e+00
 5.64484e+17	1.00e+00	3.17e-18	0.00e+00
 5.64693e+17	1.00e+00	3.05e-18	0.00e+00
 5.64898e+17	1.00e+00	2.94e-18	0.00e+00
 5.65097e+17	1.00e+00	2.84e-18	0.00e+00
 5.65290e+17	1.00e+00	2.74e-18	0.00e+00
 5.65480e+17	1.00e+00	2.65e-18	0.00e+00
 5.65664e+17	1.00e+00	2.56e-18	0.00e+00
 5.65845e+17	1.00e+00	2.48e-18	0.00e+00
 5.66022e+17	1.00e+00	2.40e-18	0.00e+00
 5.66223e+17	1.00e+00	2.32e-18	0.00e+00
 5.66485e+17	1.00e+00	2.22e-18	0.00e+00
 5.66826e+17	1.00e+00	2.09e-18	0.00e+00
 5.67269e+17	1.00e+00	1.94e-18	0.00e+00
 5.67844e+17	1.00e+00	1.76e-18	0.00e+00
 5.68588e+17	1.00e+00	1.55e-18	0.00e+00
 5.69416e+17	1.00e+00	1.31e-18	0.00e+00
 5.70154e+17	1.00e+00	1.11e-18	0.00e+00
 5.70752e+17	1.00e+00	9.73e-19	0.00e+00
 5.71279e+17	1.00e+00	8.73e-19	0.00e+00
 5.71818e+17	1.00e+00	7.86e-19	0.00e+00
 5.72392e+17	1.00e+00	7.00e-19	0.00e+00
 5.72978e+17	1.00e+00	6.21e-19	0.00e+00
 5.73552e+17	1.00e+00	5.50e-19	0.00e+00
 5.74115e+17	1.00e+00	4.90e-19	0.00e+00
