#depth	C	C+	C+2	C+3	C+4	C+5	C+6	C[1]	C[2]	C[3]	C+[1]	C+[2]	CO
 1.49634e+10	0.00e+00	0.00e+00	5.17e-28	2.35e-17	3.57e-06	6.38e-02	9.36e-01	0.00e+00	0.00e+00	0.00e+00	0.00e+00	0.00e+00	0.00e+00
 4.54887e+10	0.00e+00	5.15e-39	6.98e-28	2.94e-17	4.12e-06	6.87e-02	9.31e-01	0.00e+00	0.00e+00	0.00e+00	0.00e+00	0.00e+00	0.00e+00
 7.72350e+10	0.00e+00	0.00e+00	9.51e-28	3.70e-17	4.79e-06	7.39e-02	9.26e-01	0.00e+00	0.00e+00	0.00e+00	0.00e+00	0.00e+00	0.00e+00
 1.10251e+11	0.00e+00	1.12e-38	1.29e-27	4.66e-17	5.58e-06	7.95e-02	9.21e-01	0.00e+00	0.00e+00	0.00e+00	0.00e+00	0.00e+00	0.00e+00
 1.44588e+11	0.00e+00	0.00e+00	1.76e-27	5.86e-17	6.49e-06	8.54e-02	9.15e-01	0.00e+00	0.00e+00	0.00e+00	0.00e+00	0.00e+00	0.00e+00
 1.80298e+11	0.00e+00	2.42e-38	2.40e-27	7.37e-17	7.54e-06	9.18e-02	9.08e-01	0.00e+00	0.00e+00	0.00e+00	0.00e+00	0.00e+00	0.00e+00
 2.17437e+11	0.00e+00	0.00e+00	3.26e-27	9.26e-17	8.76e-06	9.86e-02	9.01e-01	0.00e+00	0.00e+00	0.00e+00	0.00e+00	0.00e+00	0.00e+00
 2.56061e+11	0.00e+00	5.23e-38	4.43e-27	1.16e-16	1.02e-05	1.06e-01	8.94e-01	0.00e+00	0.00e+00	0.00e+00	0.00e+00	0.00e+00	0.00e+00
 2.96231e+11	0.00e+00	0.00e+00	6.01e-27	1.46e-16	1.18e-05	1.13e-01	8.86e-01	0.00e+00	0.00e+00	0.00e+00	0.00e+00	0.00e+00	0.00e+00
 3.38007e+11	0.00e+00	1.13e-37	8.16e-27	1.83e-16	1.37e-05	1.22e-01	8.78e-01	0.00e+00	0.00e+00	0.00e+00	0.00e+00	0.00e+00	0.00e+00
 3.81454e+11	0.00e+00	0.00e+00	1.11e-26	2.30e-16	1.59e-05	1.30e-01	8.70e-01	0.00e+00	0.00e+00	0.00e+00	0.00e+00	0.00e+00	0.00e+00
 4.26639e+11	0.00e+00	2.42e-37	1.50e-26	2.88e-16	1.84e-05	1.40e-01	8.60e-01	0.00e+00	0.00e+00	0.00e+00	0.00e+00	0.00e+00	0.00e+00
 4.73631e+11	0.00e+00	0.00e+00	2.03e-26	3.60e-16	2.12e-05	1.49e-01	8.51e-01	0.00e+00	0.00e+00	0.00e+00	0.00e+00	0.00e+00	0.00e+00
 5.22503e+11	0.00e+00	5.20e-37	2.75e-26	4.50e-16	2.45e-05	1.60e-01	8.40e-01	0.00e+00	0.00e+00	0.00e+00	0.00e+00	0.00e+00	0.00e+00
 5.73330e+11	0.00e+00	0.00e+00	3.71e-26	5.63e-16	2.84e-05	1.70e-01	8.30e-01	0.00e+00	0.00e+00	0.00e+00	0.00e+00	0.00e+00	0.00e+00
 6.20781e+11	0.00e+00	1.07e-36	4.86e-26	6.85e-16	3.22e-05	1.81e-01	8.19e-01	0.00e+00	0.00e+00	0.00e+00	0.00e+00	0.00e+00	0.00e+00
 6.62874e+11	0.00e+00	0.00e+00	6.13e-26	8.14e-16	3.60e-05	1.90e-01	8.10e-01	0.00e+00	0.00e+00	0.00e+00	0.00e+00	0.00e+00	0.00e+00
 7.10146e+11	0.00e+00	1.97e-36	7.90e-26	9.82e-16	4.06e-05	2.00e-01	8.00e-01	0.00e+00	0.00e+00	0.00e+00	0.00e+00	0.00e+00	0.00e+00
 7.66565e+11	6.23e-48	2.84e-36	1.05e-25	1.21e-15	4.65e-05	2.13e-01	7.87e-01	0.00e+00	0.00e+00	0.00e+00	0.00e+00	0.00e+00	0.00e+00
 8.22702e+11	0.00e+00	0.00e+00	1.38e-25	1.48e-15	5.28e-05	2.25e-01	7.75e-01	0.00e+00	0.00e+00	0.00e+00	0.00e+00	0.00e+00	0.00e+00
 8.74123e+11	0.00e+00	5.46e-36	1.77e-25	1.77e-15	5.92e-05	2.37e-01	7.63e-01	0.00e+00	0.00e+00	0.00e+00	0.00e+00	0.00e+00	0.00e+00
 9.31589e+11	2.07e-47	7.64e-36	2.30e-25	2.15e-15	6.71e-05	2.50e-01	7.50e-01	0.00e+00	0.00e+00	0.00e+00	0.00e+00	0.00e+00	0.00e+00
 9.98315e+11	0.00e+00	0.00e+00	3.08e-25	2.66e-15	7.67e-05	2.65e-01	7.35e-01	0.00e+00	0.00e+00	0.00e+00	0.00e+00	0.00e+00	1.27e-222
 1.06367e+12	0.00e+00	1.56e-35	4.05e-25	3.25e-15	8.69e-05	2.79e-01	7.21e-01	0.00e+00	0.00e+00	0.00e+00	0.00e+00	0.00e+00	0.00e+00
 1.12547e+12	7.26e-47	2.15e-35	5.20e-25	3.91e-15	9.76e-05	2.93e-01	7.07e-01	0.00e+00	0.00e+00	0.00e+00	0.00e+00	0.00e+00	1.62e-284
 1.19426e+12	0.00e+00	0.00e+00	6.82e-25	4.76e-15	1.11e-04	3.08e-01	6.92e-01	0.00e+00	0.00e+00	0.00e+00	0.00e+00	0.00e+00	2.67e-248
 1.27195e+12	0.00e+00	4.37e-35	9.10e-25	5.87e-15	1.26e-04	3.25e-01	6.74e-01	0.00e+00	0.00e+00	0.00e+00	0.00e+00	0.00e+00	0.00e+00
 1.34980e+12	2.64e-46	6.23e-35	1.20e-24	7.18e-15	1.43e-04	3.42e-01	6.57e-01	0.00e+00	0.00e+00	0.00e+00	0.00e+00	0.00e+00	2.63e-261
 1.43076e+12	0.00e+00	8.90e-35	1.59e-24	8.80e-15	1.62e-04	3.60e-01	6.40e-01	0.00e+00	0.00e+00	0.00e+00	0.00e+00	0.00e+00	2.01e-167
 1.51792e+12	6.35e-46	1.28e-34	2.12e-24	1.08e-14	1.84e-04	3.78e-01	6.22e-01	0.00e+00	0.00e+00	0.00e+00	0.00e+00	0.00e+00	4.08e-211
 1.60856e+12	0.00e+00	1.85e-34	2.82e-24	1.33e-14	2.09e-04	3.97e-01	6.03e-01	0.00e+00	0.00e+00	0.00e+00	0.00e+00	0.00e+00	6.11e-255
 1.70283e+12	1.54e-45	2.66e-34	3.75e-24	1.63e-14	2.38e-04	4.16e-01	5.84e-01	0.00e+00	0.00e+00	0.00e+00	0.00e+00	0.00e+00	4.00e-144
 1.80087e+12	0.00e+00	3.83e-34	4.98e-24	2.01e-14	2.69e-04	4.36e-01	5.64e-01	0.00e+00	0.00e+00	0.00e+00	0.00e+00	0.00e+00	3.12e-188
 1.90283e+12	3.74e-45	5.50e-34	6.61e-24	2.46e-14	3.05e-04	4.55e-01	5.44e-01	0.00e+00	0.00e+00	0.00e+00	0.00e+00	0.00e+00	3.97e-143
 2.00888e+12	0.00e+00	7.90e-34	8.77e-24	3.01e-14	3.45e-04	4.75e-01	5.25e-01	0.00e+00	0.00e+00	0.00e+00	0.00e+00	0.00e+00	1.64e-187
 2.11916e+12	9.03e-45	1.13e-33	1.16e-23	3.68e-14	3.89e-04	4.95e-01	5.05e-01	0.00e+00	0.00e+00	0.00e+00	0.00e+00	0.00e+00	3.95e-142
 2.23385e+12	0.00e+00	1.62e-33	1.54e-23	4.50e-14	4.39e-04	5.15e-01	4.85e-01	0.00e+00	0.00e+00	0.00e+00	0.00e+00	0.00e+00	8.53e-187
 2.35313e+12	2.18e-44	2.33e-33	2.03e-23	5.49e-14	4.95e-04	5.35e-01	4.65e-01	0.00e+00	0.00e+00	0.00e+00	0.00e+00	0.00e+00	3.92e-141
 2.47718e+12	0.00e+00	3.33e-33	2.69e-23	6.70e-14	5.58e-04	5.54e-01	4.45e-01	0.00e+00	0.00e+00	0.00e+00	0.00e+00	0.00e+00	4.43e-186
 2.60620e+12	5.23e-44	4.76e-33	3.55e-23	8.16e-14	6.27e-04	5.74e-01	4.25e-01	0.00e+00	0.00e+00	0.00e+00	0.00e+00	0.00e+00	3.90e-140
 2.73137e+12	0.00e+00	6.64e-33	4.59e-23	9.80e-14	6.99e-04	5.92e-01	4.07e-01	0.00e+00	0.00e+00	0.00e+00	0.00e+00	0.00e+00	2.31e-185
 2.84650e+12	1.13e-43	8.93e-33	5.78e-23	1.15e-13	7.69e-04	6.08e-01	3.91e-01	0.00e+00	0.00e+00	0.00e+00	0.00e+00	0.00e+00	2.96e-139
 2.97469e+12	0.00e+00	1.23e-32	7.41e-23	1.38e-13	8.55e-04	6.25e-01	3.74e-01	0.00e+00	0.00e+00	0.00e+00	0.00e+00	0.00e+00	9.78e-185
 3.12306e+12	2.58e-43	1.75e-32	9.74e-23	1.67e-13	9.56e-04	6.43e-01	3.56e-01	0.00e+00	0.00e+00	0.00e+00	0.00e+00	0.00e+00	2.60e-138
 3.26953e+12	0.00e+00	2.45e-32	1.26e-22	2.00e-13	1.06e-03	6.61e-01	3.38e-01	0.00e+00	0.00e+00	0.00e+00	0.00e+00	0.00e+00	4.48e-184
 3.42186e+12	5.90e-43	3.44e-32	1.64e-22	2.41e-13	1.19e-03	6.77e-01	3.21e-01	0.00e+00	0.00e+00	0.00e+00	0.00e+00	0.00e+00	2.30e-137
 3.58866e+12	0.00e+00	4.90e-32	2.16e-22	2.92e-13	1.33e-03	6.95e-01	3.04e-01	0.00e+00	0.00e+00	0.00e+00	0.00e+00	0.00e+00	2.02e-183
 3.75762e+12	1.39e-42	6.92e-32	2.82e-22	3.52e-13	1.48e-03	7.11e-01	2.88e-01	0.00e+00	0.00e+00	0.00e+00	0.00e+00	0.00e+00	2.24e-136
 3.93334e+12	0.00e+00	9.78e-32	3.68e-22	4.25e-13	1.65e-03	7.27e-01	2.72e-01	0.00e+00	0.00e+00	0.00e+00	0.00e+00	0.00e+00	9.57e-183
 4.12060e+12	3.30e-42	1.39e-31	4.84e-22	5.14e-13	1.84e-03	7.42e-01	2.56e-01	0.00e+00	0.00e+00	0.00e+00	0.00e+00	0.00e+00	2.19e-135
 4.31536e+12	0.00e+00	1.99e-31	6.36e-22	6.22e-13	2.05e-03	7.58e-01	2.40e-01	0.00e+00	0.00e+00	0.00e+00	0.00e+00	0.00e+00	4.27e-182
 4.51790e+12	7.90e-42	2.83e-31	8.35e-22	7.53e-13	2.28e-03	7.72e-01	2.26e-01	0.00e+00	0.00e+00	0.00e+00	0.00e+00	0.00e+00	2.22e-134
 4.72854e+12	0.00e+00	4.04e-31	1.10e-21	9.11e-13	2.54e-03	7.86e-01	2.12e-01	0.00e+00	0.00e+00	0.00e+00	0.00e+00	0.00e+00	1.77e-181
 4.94761e+12	1.90e-41	5.76e-31	1.44e-21	1.10e-12	2.83e-03	7.99e-01	1.98e-01	0.00e+00	0.00e+00	0.00e+00	0.00e+00	0.00e+00	2.26e-133
 5.17544e+12	0.00e+00	8.22e-31	1.90e-21	1.33e-12	3.16e-03	8.11e-01	1.85e-01	0.00e+00	0.00e+00	0.00e+00	0.00e+00	0.00e+00	5.67e-181
 5.41238e+12	4.56e-41	1.17e-30	2.49e-21	1.61e-12	3.51e-03	8.23e-01	1.73e-01	0.00e+00	0.00e+00	0.00e+00	0.00e+00	0.00e+00	2.32e-132
 5.63538e+12	0.00e+00	1.62e-30	3.19e-21	1.91e-12	3.86e-03	8.33e-01	1.63e-01	0.00e+00	0.00e+00	0.00e+00	0.00e+00	0.00e+00	3.77e-181
 5.83516e+12	9.58e-41	2.14e-30	3.96e-21	2.22e-12	4.20e-03	8.42e-01	1.54e-01	0.00e+00	0.00e+00	0.00e+00	0.00e+00	0.00e+00	1.67e-131
 6.05957e+12	0.00e+00	2.91e-30	5.01e-21	2.61e-12	4.61e-03	8.51e-01	1.45e-01	0.00e+00	0.00e+00	0.00e+00	0.00e+00	0.00e+00	0.00e+00
 6.32510e+12	2.15e-40	4.12e-30	6.54e-21	3.14e-12	5.10e-03	8.60e-01	1.35e-01	0.00e+00	0.00e+00	0.00e+00	0.00e+00	0.00e+00	1.43e-130
 6.59177e+12	0.00e+00	5.78e-30	8.48e-21	3.75e-12	5.63e-03	8.69e-01	1.26e-01	0.00e+00	0.00e+00	0.00e+00	0.00e+00	0.00e+00	0.00e+00
 6.84252e+12	4.77e-40	7.85e-30	1.07e-20	4.41e-12	6.16e-03	8.76e-01	1.18e-01	0.00e+00	0.00e+00	0.00e+00	0.00e+00	0.00e+00	1.18e-129
 7.11957e+12	0.00e+00	1.09e-29	1.38e-20	5.25e-12	6.79e-03	8.83e-01	1.10e-01	0.00e+00	0.00e+00	0.00e+00	0.00e+00	0.00e+00	0.00e+00
 7.43428e+12	1.12e-39	1.57e-29	1.82e-20	6.35e-12	7.53e-03	8.90e-01	1.02e-01	0.00e+00	0.00e+00	0.00e+00	0.00e+00	0.00e+00	1.13e-128
 7.74900e+12	0.00e+00	2.21e-29	2.37e-20	7.62e-12	8.33e-03	8.97e-01	9.47e-02	0.00e+00	0.00e+00	0.00e+00	0.00e+00	0.00e+00	0.00e+00
 8.07632e+12	2.65e-39	3.14e-29	3.10e-20	9.15e-12	9.21e-03	9.03e-01	8.78e-02	0.00e+00	0.00e+00	0.00e+00	0.00e+00	0.00e+00	1.11e-127
 8.42930e+12	0.00e+00	4.51e-29	4.09e-20	1.11e-11	1.02e-02	9.09e-01	8.10e-02	0.00e+00	0.00e+00	0.00e+00	0.00e+00	0.00e+00	0.00e+00
 8.76017e+12	6.22e-39	6.25e-29	5.26e-20	1.31e-11	1.12e-02	9.13e-01	7.54e-02	0.00e+00	0.00e+00	0.00e+00	0.00e+00	0.00e+00	1.07e-126
 9.05535e+12	0.00e+00	8.30e-29	6.53e-20	1.52e-11	1.21e-02	9.17e-01	7.07e-02	0.00e+00	0.00e+00	0.00e+00	0.00e+00	0.00e+00	0.00e+00
 9.38714e+12	1.30e-38	1.13e-28	8.29e-20	1.79e-11	1.33e-02	9.21e-01	6.59e-02	0.00e+00	0.00e+00	0.00e+00	0.00e+00	0.00e+00	7.49e-126
 9.78113e+12	0.00e+00	1.62e-28	1.09e-19	2.16e-11	1.47e-02	9.25e-01	6.08e-02	0.00e+00	0.00e+00	0.00e+00	0.00e+00	0.00e+00	0.00e+00
 1.01771e+13	3.10e-38	2.28e-28	1.42e-19	2.58e-11	1.61e-02	9.28e-01	5.61e-02	0.00e+00	0.00e+00	0.00e+00	0.00e+00	0.00e+00	7.46e-125
 1.05477e+13	0.00e+00	3.12e-28	1.80e-19	3.04e-11	1.76e-02	9.30e-01	5.22e-02	0.00e+00	0.00e+00	0.00e+00	0.00e+00	0.00e+00	0.00e+00
 1.09581e+13	6.93e-38	4.36e-28	2.33e-19	3.62e-11	1.93e-02	9.32e-01	4.82e-02	0.00e+00	0.00e+00	0.00e+00	0.00e+00	0.00e+00	6.22e-124
 1.14264e+13	0.00e+00	6.31e-28	3.09e-19	4.38e-11	2.14e-02	9.34e-01	4.42e-02	0.00e+00	0.00e+00	0.00e+00	0.00e+00	0.00e+00	0.00e+00
 1.18866e+13	1.69e-37	8.95e-28	4.03e-19	5.26e-11	2.36e-02	9.36e-01	4.07e-02	0.00e+00	0.00e+00	0.00e+00	0.00e+00	0.00e+00	6.55e-123
 1.23652e+13	0.00e+00	1.27e-27	5.28e-19	6.31e-11	2.59e-02	9.37e-01	3.74e-02	0.00e+00	0.00e+00	0.00e+00	0.00e+00	0.00e+00	0.00e+00
 1.28897e+13	4.15e-37	1.84e-27	7.02e-19	7.65e-11	2.87e-02	9.37e-01	3.41e-02	0.00e+00	0.00e+00	0.00e+00	0.00e+00	0.00e+00	6.97e-122
 1.34159e+13	0.00e+00	2.64e-27	9.24e-19	9.21e-11	3.16e-02	9.37e-01	3.12e-02	0.00e+00	0.00e+00	0.00e+00	0.00e+00	0.00e+00	0.00e+00
 1.39631e+13	1.01e-36	3.79e-27	1.22e-18	1.11e-10	3.48e-02	9.37e-01	2.86e-02	0.00e+00	0.00e+00	0.00e+00	0.00e+00	0.00e+00	7.33e-121
 1.45516e+13	0.00e+00	5.51e-27	1.62e-18	1.35e-10	3.85e-02	9.35e-01	2.60e-02	0.00e+00	0.00e+00	0.00e+00	0.00e+00	0.00e+00	0.00e+00
 1.51337e+13	2.51e-36	7.87e-27	2.13e-18	1.62e-10	4.24e-02	9.34e-01	2.37e-02	0.00e+00	0.00e+00	0.00e+00	0.00e+00	0.00e+00	7.96e-120
 1.57392e+13	0.00e+00	1.12e-26	2.81e-18	1.95e-10	4.66e-02	9.32e-01	2.17e-02	0.00e+00	0.00e+00	0.00e+00	0.00e+00	0.00e+00	0.00e+00
 1.63987e+13	6.25e-36	1.64e-26	3.75e-18	2.37e-10	5.14e-02	9.29e-01	1.96e-02	0.00e+00	0.00e+00	0.00e+00	0.00e+00	0.00e+00	8.68e-119
 1.70845e+13	0.00e+00	2.38e-26	5.00e-18	2.87e-10	5.67e-02	9.25e-01	1.78e-02	0.00e+00	0.00e+00	0.00e+00	0.00e+00	0.00e+00	0.00e+00
 1.77978e+13	1.59e-35	3.47e-26	6.68e-18	3.49e-10	6.26e-02	9.21e-01	1.61e-02	0.00e+00	0.00e+00	0.00e+00	0.00e+00	0.00e+00	1.00e-117
 1.85397e+13	0.00e+00	5.06e-26	8.92e-18	4.24e-10	6.90e-02	9.16e-01	1.46e-02	0.00e+00	0.00e+00	0.00e+00	0.00e+00	0.00e+00	0.00e+00
 1.93112e+13	4.04e-35	7.36e-26	1.19e-17	5.15e-10	7.60e-02	9.11e-01	1.31e-02	0.00e+00	0.00e+00	0.00e+00	0.00e+00	0.00e+00	1.15e-116
 2.00095e+13	0.00e+00	1.02e-25	1.53e-17	6.10e-10	8.27e-02	9.05e-01	1.20e-02	0.00e+00	0.00e+00	0.00e+00	0.00e+00	0.00e+00	1.02e-99
 2.05921e+13	8.41e-35	1.33e-25	1.88e-17	6.99e-10	8.84e-02	9.00e-01	1.11e-02	0.00e+00	0.00e+00	0.00e+00	0.00e+00	0.00e+00	0.00e+00
 2.12306e+13	1.19e-34	1.76e-25	2.34e-17	8.09e-10	9.50e-02	8.95e-01	1.03e-02	0.00e+00	0.00e+00	0.00e+00	0.00e+00	0.00e+00	1.95e-115
 2.20383e+13	1.82e-34	2.48e-25	3.05e-17	9.66e-10	1.04e-01	8.87e-01	9.31e-03	0.00e+00	0.00e+00	0.00e+00	0.00e+00	0.00e+00	2.83e-97
 2.28806e+13	2.79e-34	3.50e-25	3.98e-17	1.15e-09	1.13e-01	8.79e-01	8.42e-03	0.00e+00	0.00e+00	0.00e+00	0.00e+00	0.00e+00	0.00e+00
 2.35968e+13	3.95e-34	4.63e-25	4.95e-17	1.34e-09	1.21e-01	8.71e-01	7.74e-03	0.00e+00	0.00e+00	0.00e+00	0.00e+00	0.00e+00	4.53e-114
 2.43342e+13	5.58e-34	6.12e-25	6.14e-17	1.54e-09	1.30e-01	8.63e-01	7.12e-03	0.00e+00	0.00e+00	0.00e+00	0.00e+00	0.00e+00	3.28e-96
 2.52610e+13	8.47e-34	8.59e-25	7.99e-17	1.84e-09	1.41e-01	8.53e-01	6.41e-03	0.00e+00	0.00e+00	0.00e+00	0.00e+00	0.00e+00	0.00e+00
 2.62020e+13	1.27e-33	1.19e-24	1.03e-16	2.19e-09	1.53e-01	8.41e-01	5.78e-03	0.00e+00	0.00e+00	0.00e+00	0.00e+00	0.00e+00	9.87e-113
 2.70113e+13	1.78e-33	1.57e-24	1.28e-16	2.52e-09	1.63e-01	8.31e-01	5.30e-03	0.00e+00	0.00e+00	0.00e+00	0.00e+00	0.00e+00	4.13e-95
 2.78811e+13	2.52e-33	2.07e-24	1.59e-16	2.91e-09	1.75e-01	8.20e-01	4.84e-03	0.00e+00	0.00e+00	0.00e+00	0.00e+00	0.00e+00	6.01e-112
 2.89552e+13	3.80e-33	2.89e-24	2.06e-16	3.46e-09	1.89e-01	8.07e-01	4.34e-03	0.00e+00	0.00e+00	0.00e+00	0.00e+00	0.00e+00	2.16e-94
 3.00552e+13	5.69e-33	4.01e-24	2.66e-16	4.10e-09	2.04e-01	7.92e-01	3.89e-03	0.00e+00	0.00e+00	0.00e+00	0.00e+00	0.00e+00	5.22e-111
 3.10485e+13	8.05e-33	5.31e-24	3.31e-16	4.75e-09	2.18e-01	7.79e-01	3.53e-03	0.00e+00	0.00e+00	0.00e+00	0.00e+00	0.00e+00	1.11e-93
 3.21425e+13	1.16e-32	7.15e-24	4.17e-16	5.53e-09	2.33e-01	7.64e-01	3.18e-03	0.00e+00	0.00e+00	0.00e+00	0.00e+00	0.00e+00	3.52e-110
 3.34310e+13	1.75e-32	9.98e-24	5.42e-16	6.58e-09	2.51e-01	7.46e-01	2.82e-03	0.00e+00	0.00e+00	0.00e+00	0.00e+00	0.00e+00	6.12e-93
 3.47194e+13	2.59e-32	1.37e-23	6.94e-16	7.74e-09	2.70e-01	7.28e-01	2.51e-03	0.00e+00	0.00e+00	0.00e+00	0.00e+00	0.00e+00	3.07e-109
 3.59436e+13	3.69e-32	1.83e-23	8.69e-16	8.98e-09	2.87e-01	7.11e-01	2.25e-03	0.00e+00	0.00e+00	0.00e+00	0.00e+00	0.00e+00	3.16e-92
 3.72956e+13	5.36e-32	2.47e-23	1.10e-15	1.05e-08	3.06e-01	6.92e-01	2.00e-03	0.00e+00	0.00e+00	0.00e+00	0.00e+00	0.00e+00	2.23e-108
 3.88174e+13	7.99e-32	3.42e-23	1.42e-15	1.24e-08	3.28e-01	6.70e-01	1.76e-03	0.00e+00	0.00e+00	0.00e+00	0.00e+00	0.00e+00	1.75e-91
 4.03389e+13	1.17e-31	4.65e-23	1.80e-15	1.45e-08	3.49e-01	6.49e-01	1.56e-03	0.00e+00	0.00e+00	0.00e+00	0.00e+00	0.00e+00	1.91e-107
 4.16861e+13	1.61e-31	6.02e-23	2.21e-15	1.65e-08	3.68e-01	6.31e-01	1.40e-03	0.00e+00	0.00e+00	0.00e+00	0.00e+00	0.00e+00	8.35e-91
 4.28165e+13	2.08e-31	7.42e-23	2.60e-15	1.83e-08	3.83e-01	6.16e-01	1.28e-03	0.00e+00	0.00e+00	0.00e+00	0.00e+00	0.00e+00	9.54e-107
 4.40332e+13	2.72e-31	9.22e-23	3.07e-15	2.05e-08	3.99e-01	5.99e-01	1.16e-03	0.00e+00	0.00e+00	0.00e+00	0.00e+00	0.00e+00	2.73e-90
 4.56149e+13	3.80e-31	1.21e-22	3.79e-15	2.34e-08	4.20e-01	5.79e-01	1.03e-03	0.00e+00	0.00e+00	0.00e+00	0.00e+00	0.00e+00	5.19e-106
 4.72695e+13	5.31e-31	1.58e-22	4.68e-15	2.68e-08	4.42e-01	5.58e-01	9.15e-04	0.00e+00	0.00e+00	0.00e+00	0.00e+00	0.00e+00	1.24e-89
 4.86804e+13	6.98e-31	1.97e-22	5.56e-15	2.99e-08	4.59e-01	5.40e-01	8.26e-04	0.00e+00	0.00e+00	0.00e+00	0.00e+00	0.00e+00	2.90e-105
 5.01762e+13	9.21e-31	2.47e-22	6.61e-15	3.34e-08	4.77e-01	5.22e-01	7.44e-04	0.00e+00	0.00e+00	0.00e+00	0.00e+00	0.00e+00	4.36e-89
 5.20570e+13	1.29e-30	3.24e-22	8.15e-15	3.82e-08	4.99e-01	5.00e-01	6.53e-04	0.00e+00	0.00e+00	0.00e+00	0.00e+00	0.00e+00	1.69e-104
 5.39940e+13	1.79e-30	4.22e-22	1.00e-14	4.35e-08	5.21e-01	4.78e-01	5.73e-04	0.00e+00	0.00e+00	0.00e+00	0.00e+00	0.00e+00	2.01e-88
 5.57019e+13	2.36e-30	5.27e-22	1.19e-14	4.85e-08	5.40e-01	4.60e-01	5.12e-04	0.00e+00	0.00e+00	0.00e+00	0.00e+00	0.00e+00	9.80e-104
 5.75563e+13	3.15e-30	6.65e-22	1.42e-14	5.42e-08	5.59e-01	4.41e-01	4.55e-04	0.00e+00	0.00e+00	0.00e+00	0.00e+00	0.00e+00	7.50e-88
 5.96026e+13	4.27e-30	8.51e-22	1.72e-14	6.10e-08	5.79e-01	4.21e-01	4.00e-04	0.00e+00	0.00e+00	0.00e+00	0.00e+00	0.00e+00	5.61e-103
 6.14872e+13	5.59e-30	1.06e-21	2.03e-14	6.77e-08	5.97e-01	4.03e-01	3.56e-04	0.00e+00	0.00e+00	0.00e+00	0.00e+00	0.00e+00	2.89e-87
 6.35262e+13	7.39e-30	1.32e-21	2.41e-14	7.53e-08	6.15e-01	3.85e-01	3.15e-04	0.00e+00	0.00e+00	0.00e+00	0.00e+00	0.00e+00	2.87e-102
 6.58015e+13	9.97e-30	1.68e-21	2.90e-14	8.43e-08	6.34e-01	3.65e-01	2.76e-04	0.00e+00	0.00e+00	0.00e+00	0.00e+00	0.00e+00	1.14e-86
 6.79343e+13	1.30e-29	2.08e-21	3.42e-14	9.32e-08	6.51e-01	3.48e-01	2.44e-04	0.00e+00	0.00e+00	0.00e+00	0.00e+00	0.00e+00	1.58e-101
 7.02574e+13	1.73e-29	2.61e-21	4.05e-14	1.03e-07	6.69e-01	3.31e-01	2.15e-04	0.00e+00	0.00e+00	0.00e+00	0.00e+00	0.00e+00	4.27e-86
 7.28390e+13	2.33e-29	3.31e-21	4.87e-14	1.16e-07	6.87e-01	3.13e-01	1.87e-04	0.00e+00	0.00e+00	0.00e+00	0.00e+00	0.00e+00	9.24e-101
 7.52488e+13	3.04e-29	4.10e-21	5.72e-14	1.27e-07	7.03e-01	2.97e-01	1.65e-04	0.00e+00	0.00e+00	0.00e+00	0.00e+00	0.00e+00	1.69e-85
 7.78739e+13	4.03e-29	5.13e-21	6.77e-14	1.41e-07	7.19e-01	2.81e-01	1.44e-04	0.00e+00	0.00e+00	0.00e+00	0.00e+00	0.00e+00	4.98e-100
 8.08096e+13	5.43e-29	6.51e-21	8.11e-14	1.57e-07	7.36e-01	2.64e-01	1.24e-04	0.00e+00	0.00e+00	0.00e+00	0.00e+00	0.00e+00	7.01e-85
 8.35793e+13	7.13e-29	8.09e-21	9.55e-14	1.73e-07	7.51e-01	2.49e-01	1.09e-04	0.00e+00	0.00e+00	0.00e+00	0.00e+00	0.00e+00	2.94e-99
 8.66098e+13	9.49e-29	1.01e-20	1.13e-13	1.91e-07	7.66e-01	2.34e-01	9.46e-05	0.00e+00	0.00e+00	0.00e+00	0.00e+00	0.00e+00	2.80e-84
 9.00045e+13	1.29e-28	1.29e-20	1.36e-13	2.13e-07	7.81e-01	2.19e-01	8.11e-05	0.00e+00	0.00e+00	0.00e+00	0.00e+00	0.00e+00	1.87e-98
 9.32228e+13	1.70e-28	1.61e-20	1.60e-13	2.34e-07	7.94e-01	2.06e-01	7.04e-05	0.00e+00	0.00e+00	0.00e+00	0.00e+00	0.00e+00	1.21e-83
 9.66695e+13	2.26e-28	2.02e-20	1.89e-13	2.58e-07	8.07e-01	1.93e-01	6.09e-05	0.00e+00	0.00e+00	0.00e+00	0.00e+00	0.00e+00	1.12e-97
 1.00566e+14	3.08e-28	2.58e-20	2.27e-13	2.87e-07	8.20e-01	1.79e-01	5.19e-05	0.00e+00	0.00e+00	0.00e+00	0.00e+00	0.00e+00	5.48e-83
 1.04428e+14	4.14e-28	3.25e-20	2.69e-13	3.16e-07	8.32e-01	1.67e-01	4.45e-05	0.00e+00	0.00e+00	0.00e+00	0.00e+00	0.00e+00	7.69e-97
 1.08445e+14	5.55e-28	4.10e-20	3.19e-13	3.49e-07	8.44e-01	1.56e-01	3.82e-05	0.00e+00	0.00e+00	0.00e+00	0.00e+00	0.00e+00	2.48e-82
 1.12812e+14	7.54e-28	5.21e-20	3.81e-13	3.86e-07	8.55e-01	1.45e-01	3.25e-05	0.00e+00	0.00e+00	0.00e+00	0.00e+00	0.00e+00	5.28e-96
 1.17355e+14	1.03e-27	6.63e-20	4.53e-13	4.25e-07	8.65e-01	1.35e-01	2.78e-05	0.00e+00	0.00e+00	0.00e+00	0.00e+00	0.00e+00	1.23e-81
 1.21664e+14	1.35e-27	8.24e-20	5.31e-13	4.65e-07	8.74e-01	1.26e-01	2.39e-05	0.00e+00	0.00e+00	0.00e+00	0.00e+00	0.00e+00	3.50e-95
 1.25530e+14	1.72e-27	9.95e-20	6.09e-13	5.02e-07	8.82e-01	1.18e-01	2.11e-05	0.00e+00	0.00e+00	0.00e+00	0.00e+00	0.00e+00	4.73e-81
 1.29139e+14	2.15e-27	1.18e-19	6.89e-13	5.38e-07	8.88e-01	1.12e-01	1.88e-05	0.00e+00	0.00e+00	0.00e+00	0.00e+00	0.00e+00	1.56e-94
 1.33128e+14	2.72e-27	1.42e-19	7.86e-13	5.78e-07	8.94e-01	1.06e-01	1.66e-05	0.00e+00	0.00e+00	0.00e+00	0.00e+00	0.00e+00	1.56e-80
 1.37619e+14	3.51e-27	1.73e-19	9.06e-13	6.25e-07	9.01e-01	9.93e-02	1.45e-05	0.00e+00	0.00e+00	0.00e+00	0.00e+00	0.00e+00	7.74e-94
 1.41911e+14	4.45e-27	2.08e-19	1.03e-12	6.72e-07	9.06e-01	9.35e-02	1.28e-05	0.00e+00	0.00e+00	0.00e+00	0.00e+00	0.00e+00	5.78e-80
 1.46638e+14	5.73e-27	2.53e-19	1.19e-12	7.25e-07	9.12e-01	8.77e-02	1.12e-05	0.00e+00	0.00e+00	0.00e+00	0.00e+00	0.00e+00	3.82e-93
 1.51901e+14	7.52e-27	3.13e-19	1.38e-12	7.87e-07	9.18e-01	8.19e-02	9.69e-06	0.00e+00	0.00e+00	0.00e+00	0.00e+00	0.00e+00	2.34e-79
 1.56750e+14	9.59e-27	3.77e-19	1.58e-12	8.46e-07	9.23e-01	7.70e-02	8.52e-06	0.00e+00	0.00e+00	0.00e+00	0.00e+00	0.00e+00	2.05e-92
 1.61256e+14	1.19e-26	4.46e-19	1.78e-12	9.02e-07	9.27e-01	7.29e-02	7.60e-06	0.00e+00	0.00e+00	0.00e+00	0.00e+00	0.00e+00	8.05e-79
 1.66428e+14	1.53e-26	5.39e-19	2.03e-12	9.68e-07	9.31e-01	6.85e-02	6.69e-06	0.00e+00	0.00e+00	0.00e+00	0.00e+00	0.00e+00	9.37e-92
 1.72753e+14	2.04e-26	6.74e-19	2.37e-12	1.05e-06	9.36e-01	6.38e-02	5.76e-06	0.00e+00	0.00e+00	0.00e+00	0.00e+00	0.00e+00	3.42e-78
 1.79054e+14	2.69e-26	8.33e-19	2.75e-12	1.14e-06	9.41e-01	5.94e-02	4.97e-06	0.00e+00	0.00e+00	0.00e+00	0.00e+00	0.00e+00	5.97e-91
 1.84530e+14	3.40e-26	9.98e-19	3.12e-12	1.22e-06	9.44e-01	5.60e-02	4.41e-06	0.00e+00	0.00e+00	0.00e+00	0.00e+00	0.00e+00	1.36e-77
 1.90453e+14	4.36e-26	1.20e-18	3.55e-12	1.30e-06	9.47e-01	5.27e-02	3.88e-06	0.00e+00	0.00e+00	0.00e+00	0.00e+00	0.00e+00	2.89e-90
 1.97692e+14	5.85e-26	1.51e-18	4.14e-12	1.41e-06	9.51e-01	4.90e-02	3.35e-06	0.00e+00	0.00e+00	0.00e+00	0.00e+00	0.00e+00	5.92e-77
 2.05079e+14	7.76e-26	1.87e-18	4.81e-12	1.53e-06	9.54e-01	4.55e-02	2.88e-06	0.00e+00	0.00e+00	0.00e+00	0.00e+00	0.00e+00	1.90e-89
 2.11758e+14	1.00e-25	2.27e-18	5.48e-12	1.63e-06	9.57e-01	4.28e-02	2.54e-06	0.00e+00	0.00e+00	0.00e+00	0.00e+00	0.00e+00	2.54e-76
 2.19077e+14	1.31e-25	2.78e-18	6.29e-12	1.75e-06	9.60e-01	4.01e-02	2.22e-06	0.00e+00	0.00e+00	0.00e+00	0.00e+00	0.00e+00	5.29e-76
 2.27693e+14	1.78e-25	3.51e-18	7.36e-12	1.90e-06	9.63e-01	3.72e-02	1.91e-06	0.00e+00	0.00e+00	0.00e+00	0.00e+00	0.00e+00	1.22e-75
 2.36287e+14	2.38e-25	4.37e-18	8.56e-12	2.06e-06	9.65e-01	3.46e-02	1.64e-06	0.00e+00	0.00e+00	0.00e+00	0.00e+00	0.00e+00	2.69e-75
 2.44387e+14	3.11e-25	5.35e-18	9.81e-12	2.20e-06	9.68e-01	3.24e-02	1.44e-06	0.00e+00	0.00e+00	0.00e+00	0.00e+00	0.00e+00	5.61e-75
 2.53353e+14	4.14e-25	6.65e-18	1.13e-11	2.37e-06	9.70e-01	3.02e-02	1.25e-06	0.00e+00	0.00e+00	0.00e+00	0.00e+00	0.00e+00	1.24e-74
 2.63517e+14	5.64e-25	8.39e-18	1.33e-11	2.57e-06	9.72e-01	2.80e-02	1.07e-06	0.00e+00	0.00e+00	0.00e+00	0.00e+00	0.00e+00	2.88e-74
 2.73692e+14	7.65e-25	1.06e-17	1.55e-11	2.78e-06	9.74e-01	2.60e-02	9.22e-07	0.00e+00	0.00e+00	0.00e+00	0.00e+00	0.00e+00	6.67e-74
 2.84274e+14	1.03e-24	1.32e-17	1.80e-11	3.00e-06	9.76e-01	2.41e-02	0.00e+00	0.00e+00	0.00e+00	0.00e+00	0.00e+00	0.00e+00	1.50e-73
 2.95675e+14	1.41e-24	1.67e-17	2.11e-11	3.25e-06	9.78e-01	2.23e-02	0.00e+00	0.00e+00	0.00e+00	0.00e+00	0.00e+00	0.00e+00	3.57e-73
 3.07532e+14	1.93e-24	2.12e-17	2.47e-11	3.52e-06	9.79e-01	2.07e-02	0.00e+00	0.00e+00	0.00e+00	0.00e+00	0.00e+00	0.00e+00	8.50e-73
 3.19864e+14	2.64e-24	2.68e-17	2.89e-11	3.81e-06	9.81e-01	1.92e-02	0.00e+00	0.00e+00	0.00e+00	0.00e+00	0.00e+00	0.00e+00	2.00e-72
 3.31857e+14	3.52e-24	3.33e-17	3.35e-11	4.10e-06	9.82e-01	1.78e-02	0.00e+00	0.00e+00	0.00e+00	0.00e+00	0.00e+00	0.00e+00	4.42e-72
 3.42098e+14	4.49e-24	4.00e-17	3.78e-11	4.36e-06	9.83e-01	1.68e-02	0.00e+00	0.00e+00	0.00e+00	0.00e+00	0.00e+00	0.00e+00	8.71e-72
 3.52527e+14	5.70e-24	4.79e-17	4.27e-11	4.63e-06	9.84e-01	1.58e-02	0.00e+00	0.00e+00	0.00e+00	0.00e+00	1.55e-17	3.24e-17	1.67e-71
 3.65605e+14	7.60e-24	5.95e-17	4.93e-11	4.98e-06	9.85e-01	1.47e-02	0.00e+00	0.00e+00	0.00e+00	0.00e+00	1.97e-17	3.97e-17	3.70e-71
 3.78930e+14	1.01e-23	7.34e-17	5.69e-11	5.35e-06	9.86e-01	1.37e-02	0.00e+00	0.00e+00	0.00e+00	0.00e+00	2.44e-17	4.90e-17	7.98e-71
 3.90520e+14	1.28e-23	8.81e-17	6.42e-11	5.68e-06	9.87e-01	1.30e-02	0.00e+00	0.00e+00	0.00e+00	0.00e+00	2.92e-17	5.88e-17	1.56e-70
 4.03052e+14	1.64e-23	1.06e-16	7.29e-11	6.06e-06	9.88e-01	1.22e-02	0.00e+00	0.00e+00	0.00e+00	0.00e+00	3.52e-17	7.08e-17	3.06e-70
 4.18353e+14	2.20e-23	1.32e-16	8.46e-11	6.53e-06	9.89e-01	1.13e-02	0.00e+00	0.00e+00	0.00e+00	0.00e+00	4.39e-17	8.84e-17	6.91e-70
 4.34086e+14	2.95e-23	1.65e-16	9.80e-11	7.03e-06	9.89e-01	1.05e-02	0.00e+00	0.00e+00	0.00e+00	0.00e+00	5.48e-17	1.10e-16	1.55e-69
 4.48686e+14	3.82e-23	2.00e-16	1.12e-10	7.52e-06	9.90e-01	9.84e-03	0.00e+00	0.00e+00	0.00e+00	0.00e+00	6.65e-17	1.34e-16	3.13e-69
 4.64899e+14	5.07e-23	2.48e-16	1.29e-10	8.07e-06	9.91e-01	9.18e-03	0.00e+00	0.00e+00	0.00e+00	0.00e+00	8.24e-17	1.66e-16	6.88e-69
 4.83525e+14	6.86e-23	3.12e-16	1.51e-10	8.75e-06	9.92e-01	8.47e-03	0.00e+00	0.00e+00	0.00e+00	0.00e+00	1.04e-16	2.08e-16	1.57e-68
 5.01957e+14	9.24e-23	3.90e-16	1.76e-10	9.43e-06	9.92e-01	7.87e-03	0.00e+00	0.00e+00	0.00e+00	0.00e+00	1.29e-16	2.61e-16	3.56e-68
 5.18585e+14	1.20e-22	4.74e-16	2.00e-10	1.01e-05	9.93e-01	7.38e-03	0.00e+00	0.00e+00	0.00e+00	0.00e+00	1.57e-16	3.17e-16	7.26e-68
 5.36273e+14	1.55e-22	5.78e-16	2.29e-10	1.08e-05	9.93e-01	6.90e-03	0.00e+00	0.00e+00	0.00e+00	0.00e+00	1.92e-16	3.86e-16	1.48e-67
 5.56108e+14	2.07e-22	7.18e-16	2.65e-10	1.16e-05	9.94e-01	6.42e-03	0.00e+00	0.00e+00	0.00e+00	0.00e+00	2.38e-16	4.80e-16	3.28e-67
 5.74822e+14	2.67e-22	8.71e-16	3.03e-10	1.24e-05	9.94e-01	6.00e-03	0.00e+00	0.00e+00	0.00e+00	0.00e+00	2.89e-16	5.82e-16	6.57e-67
 5.95239e+14	3.52e-22	1.07e-15	3.49e-10	1.33e-05	9.94e-01	5.60e-03	0.00e+00	0.00e+00	0.00e+00	0.00e+00	3.56e-16	7.17e-16	1.41e-66
 6.17822e+14	4.68e-22	1.33e-15	4.06e-10	1.44e-05	9.95e-01	5.19e-03	0.00e+00	0.00e+00	0.00e+00	0.00e+00	4.43e-16	8.92e-16	3.08e-66
 6.38767e+14	6.09e-22	1.63e-15	4.64e-10	1.53e-05	9.95e-01	4.86e-03	0.00e+00	0.00e+00	0.00e+00	0.00e+00	5.40e-16	1.09e-15	6.38e-66
 6.61543e+14	7.96e-22	2.00e-15	5.35e-10	1.65e-05	9.95e-01	4.52e-03	0.00e+00	0.00e+00	0.00e+00	0.00e+00	6.62e-16	1.33e-15	1.32e-65
 6.86952e+14	1.06e-21	2.49e-15	6.24e-10	1.78e-05	9.96e-01	4.19e-03	0.00e+00	0.00e+00	0.00e+00	0.00e+00	8.26e-16	1.67e-15	2.94e-65
 7.10855e+14	1.39e-21	3.04e-15	7.16e-10	1.91e-05	9.96e-01	3.91e-03	0.00e+00	0.00e+00	0.00e+00	0.00e+00	1.01e-15	2.04e-15	6.08e-65
 7.36683e+14	1.83e-21	3.77e-15	8.25e-10	2.05e-05	9.96e-01	3.64e-03	0.00e+00	0.00e+00	0.00e+00	0.00e+00	1.25e-15	2.52e-15	1.32e-64
 7.65494e+14	2.45e-21	4.69e-15	9.65e-10	2.22e-05	9.97e-01	3.37e-03	0.00e+00	0.00e+00	0.00e+00	0.00e+00	1.56e-15	3.14e-15	2.90e-64
 7.93064e+14	3.22e-21	5.79e-15	1.11e-09	2.39e-05	9.97e-01	3.13e-03	0.00e+00	0.00e+00	0.00e+00	0.00e+00	1.92e-15	3.87e-15	6.24e-64
 8.22423e+14	4.22e-21	7.11e-15	1.29e-09	2.57e-05	9.97e-01	2.91e-03	0.00e+00	0.00e+00	0.00e+00	0.00e+00	2.36e-15	4.75e-15	1.31e-63
 8.55350e+14	5.72e-21	8.97e-15	1.51e-09	2.78e-05	9.97e-01	2.69e-03	0.00e+00	0.00e+00	0.00e+00	0.00e+00	2.97e-15	6.00e-15	3.04e-63
 8.88094e+14	7.54e-21	1.11e-14	1.75e-09	3.01e-05	9.97e-01	2.49e-03	0.00e+00	0.00e+00	0.00e+00	0.00e+00	3.67e-15	7.41e-15	6.47e-63
 9.18388e+14	9.71e-21	1.34e-14	2.00e-09	3.22e-05	9.98e-01	2.32e-03	0.00e+00	0.00e+00	0.00e+00	0.00e+00	4.45e-15	8.99e-15	1.30e-62
 9.51360e+14	1.27e-20	1.66e-14	2.31e-09	3.46e-05	9.98e-01	2.16e-03	0.00e+00	0.00e+00	0.00e+00	0.00e+00	5.48e-15	1.11e-14	2.76e-62
 9.89411e+14	1.69e-20	2.06e-14	2.70e-09	3.74e-05	9.98e-01	1.99e-03	0.00e+00	0.00e+00	0.00e+00	0.00e+00	6.82e-15	1.38e-14	6.02e-62
 1.02625e+15	2.24e-20	2.55e-14	3.13e-09	4.03e-05	9.98e-01	1.85e-03	0.00e+00	0.00e+00	0.00e+00	0.00e+00	8.46e-15	1.71e-14	1.32e-61
 1.05981e+15	2.81e-20	3.04e-14	3.56e-09	4.31e-05	9.98e-01	1.73e-03	0.00e+00	0.00e+00	0.00e+00	0.00e+00	1.01e-14	2.03e-14	2.46e-61
 1.09693e+15	3.64e-20	3.71e-14	4.09e-09	4.62e-05	9.98e-01	1.61e-03	0.00e+00	0.00e+00	0.00e+00	0.00e+00	1.23e-14	2.48e-14	5.04e-61
 1.13546e+15	4.73e-20	4.54e-14	4.69e-09	4.95e-05	9.98e-01	1.50e-03	0.00e+00	0.00e+00	0.00e+00	0.00e+00	1.50e-14	3.04e-14	1.04e-60
 1.16789e+15	5.80e-20	5.31e-14	5.25e-09	5.25e-05	9.99e-01	1.42e-03	0.00e+00	0.00e+00	0.00e+00	0.00e+00	1.76e-14	3.55e-14	1.84e-60
 1.20213e+15	7.18e-20	6.26e-14	5.90e-09	5.56e-05	9.99e-01	1.34e-03	0.00e+00	0.00e+00	0.00e+00	0.00e+00	2.07e-14	4.19e-14	3.32e-60
 1.24593e+15	9.35e-20	7.67e-14	6.80e-09	5.98e-05	9.99e-01	1.24e-03	0.00e+00	0.00e+00	0.00e+00	0.00e+00	2.54e-14	5.13e-14	6.92e-60
 1.29137e+15	1.20e-19	9.32e-14	7.85e-09	6.44e-05	9.99e-01	1.15e-03	0.00e+00	0.00e+00	0.00e+00	0.00e+00	3.08e-14	6.24e-14	1.39e-59
 1.33056e+15	1.51e-19	1.11e-13	8.85e-09	6.83e-05	9.99e-01	1.09e-03	0.00e+00	0.00e+00	0.00e+00	0.00e+00	3.67e-14	7.44e-14	2.63e-59
 1.37240e+15	1.88e-19	1.31e-13	1.00e-08	7.28e-05	9.99e-01	1.02e-03	0.00e+00	0.00e+00	0.00e+00	0.00e+00	4.34e-14	8.79e-14	4.80e-59
 1.42399e+15	2.48e-19	1.63e-13	1.16e-08	7.84e-05	9.99e-01	9.44e-04	0.00e+00	0.00e+00	0.00e+00	0.00e+00	5.38e-14	1.09e-13	1.04e-58
 1.47625e+15	3.19e-19	1.98e-13	1.34e-08	8.45e-05	9.99e-01	8.76e-04	0.00e+00	0.00e+00	0.00e+00	0.00e+00	6.54e-14	1.33e-13	2.10e-58
 1.52209e+15	4.01e-19	2.36e-13	1.51e-08	8.98e-05	9.99e-01	8.23e-04	0.00e+00	0.00e+00	0.00e+00	0.00e+00	7.80e-14	1.58e-13	3.99e-58
 1.57158e+15	5.02e-19	2.81e-13	1.72e-08	9.59e-05	9.99e-01	7.69e-04	0.00e+00	0.00e+00	0.00e+00	0.00e+00	9.28e-14	1.88e-13	7.40e-58
 1.63156e+15	6.62e-19	3.49e-13	2.00e-08	1.03e-04	9.99e-01	7.13e-04	0.00e+00	0.00e+00	0.00e+00	0.00e+00	1.15e-13	2.34e-13	1.62e-57
 1.69175e+15	8.49e-19	4.23e-13	2.32e-08	1.11e-04	9.99e-01	6.61e-04	0.00e+00	0.00e+00	0.00e+00	0.00e+00	1.40e-13	2.83e-13	3.22e-57
 1.74551e+15	1.07e-18	5.07e-13	2.62e-08	1.19e-04	9.99e-01	6.20e-04	0.00e+00	0.00e+00	0.00e+00	0.00e+00	1.67e-13	3.40e-13	6.23e-57
 1.80435e+15	1.35e-18	6.06e-13	3.00e-08	1.27e-04	9.99e-01	5.77e-04	0.00e+00	0.00e+00	0.00e+00	0.00e+00	2.00e-13	4.06e-13	1.17e-56
 1.87438e+15	1.77e-18	7.50e-13	3.49e-08	1.37e-04	9.99e-01	5.34e-04	0.00e+00	0.00e+00	0.00e+00	0.00e+00	2.47e-13	5.03e-13	2.53e-56
 1.94399e+15	2.27e-18	9.13e-13	4.05e-08	1.48e-04	9.99e-01	4.94e-04	0.00e+00	0.00e+00	0.00e+00	0.00e+00	3.01e-13	6.12e-13	5.09e-56
 2.00788e+15	2.87e-18	1.09e-12	4.61e-08	1.58e-04	9.99e-01	4.62e-04	0.00e+00	0.00e+00	0.00e+00	0.00e+00	3.61e-13	7.34e-13	9.81e-56
 2.07929e+15	3.64e-18	1.32e-12	5.30e-08	1.70e-04	9.99e-01	4.29e-04	0.00e+00	0.00e+00	0.00e+00	0.00e+00	4.35e-13	8.85e-13	1.91e-55
 2.16205e+15	4.82e-18	1.65e-12	6.20e-08	1.85e-04	9.99e-01	3.95e-04	0.00e+00	0.00e+00	0.00e+00	0.00e+00	5.43e-13	1.11e-12	4.25e-55
 2.24358e+15	6.16e-18	2.00e-12	7.20e-08	2.00e-04	9.99e-01	3.65e-04	0.00e+00	0.00e+00	0.00e+00	0.00e+00	6.58e-13	1.34e-12	8.44e-55
 2.32112e+15	7.85e-18	2.42e-12	8.25e-08	2.14e-04	9.99e-01	3.39e-04	0.00e+00	0.00e+00	0.00e+00	0.00e+00	7.97e-13	1.63e-12	1.68e-54
 2.40675e+15	9.97e-18	2.93e-12	9.56e-08	2.31e-04	9.99e-01	3.14e-04	0.00e+00	0.00e+00	0.00e+00	0.00e+00	9.63e-13	1.96e-12	3.29e-54
 2.50305e+15	1.31e-17	3.64e-12	1.12e-07	2.51e-04	9.99e-01	2.88e-04	0.00e+00	0.00e+00	0.00e+00	0.00e+00	1.20e-12	2.44e-12	7.18e-54
 2.59811e+15	1.67e-17	4.42e-12	1.30e-07	2.72e-04	9.99e-01	2.66e-04	0.00e+00	0.00e+00	0.00e+00	0.00e+00	1.45e-12	2.96e-12	1.42e-53
 2.67641e+15	2.04e-17	5.18e-12	1.47e-07	2.90e-04	9.99e-01	2.49e-04	0.00e+00	0.00e+00	0.00e+00	0.00e+00	1.70e-12	3.48e-12	2.53e-53
 2.73879e+15	2.38e-17	5.86e-12	1.61e-07	3.04e-04	9.99e-01	2.37e-04	0.00e+00	0.00e+00	0.00e+00	0.00e+00	1.93e-12	3.94e-12	3.92e-53
 2.80791e+15	2.81e-17	6.72e-12	1.78e-07	3.21e-04	9.99e-01	2.24e-04	0.00e+00	0.00e+00	0.00e+00	0.00e+00	2.21e-12	4.51e-12	6.39e-53
 2.89778e+15	3.45e-17	7.91e-12	2.03e-07	3.44e-04	9.99e-01	2.09e-04	0.00e+00	0.00e+00	0.00e+00	0.00e+00	2.60e-12	5.31e-12	1.14e-52
 2.99429e+15	4.30e-17	9.43e-12	2.31e-07	3.69e-04	9.99e-01	1.95e-04	0.00e+00	0.00e+00	0.00e+00	0.00e+00	3.10e-12	6.33e-12	2.14e-52
 3.08015e+15	5.16e-17	1.10e-11	2.59e-07	3.92e-04	9.99e-01	1.83e-04	0.00e+00	4.31e-18	1.29e-17	2.16e-17	3.60e-12	7.37e-12	3.68e-52
 3.17248e+15	6.25e-17	1.28e-11	2.93e-07	4.19e-04	9.99e-01	1.71e-04	0.00e+00	5.23e-18	1.57e-17	2.62e-17	4.20e-12	8.59e-12	6.35e-52
 3.28918e+15	7.90e-17	1.55e-11	3.39e-07	4.53e-04	9.99e-01	1.58e-04	0.00e+00	6.61e-18	1.98e-17	3.32e-17	5.08e-12	1.04e-11	1.26e-51
 3.40760e+15	9.95e-17	1.87e-11	3.92e-07	4.90e-04	9.99e-01	1.46e-04	0.00e+00	8.33e-18	2.50e-17	4.18e-17	6.12e-12	1.25e-11	2.46e-51
 3.50850e+15	1.20e-16	2.17e-11	4.41e-07	5.23e-04	9.99e-01	1.36e-04	0.00e+00	1.00e-17	3.01e-17	5.03e-17	7.13e-12	1.46e-11	4.26e-51
 3.61657e+15	1.45e-16	2.55e-11	4.99e-07	5.59e-04	9.99e-01	1.27e-04	0.00e+00	1.21e-17	3.65e-17	6.09e-17	8.36e-12	1.71e-11	7.58e-51
 3.75121e+15	1.84e-16	3.09e-11	5.79e-07	6.07e-04	9.99e-01	1.17e-04	0.00e+00	1.54e-17	4.64e-17	7.75e-17	1.01e-11	2.08e-11	1.52e-50
 3.88866e+15	2.30e-16	3.73e-11	6.71e-07	6.59e-04	9.99e-01	1.08e-04	0.00e+00	1.94e-17	5.81e-17	9.71e-17	1.22e-11	2.50e-11	3.01e-50
 4.00920e+15	2.79e-16	4.37e-11	7.59e-07	7.05e-04	9.99e-01	1.01e-04	0.00e+00	2.35e-17	7.05e-17	1.18e-16	1.43e-11	2.93e-11	5.36e-50
 4.13953e+15	3.38e-16	5.14e-11	8.64e-07	7.57e-04	9.99e-01	9.36e-05	0.00e+00	2.84e-17	8.54e-17	1.43e-16	1.69e-11	3.45e-11	9.74e-50
 4.29748e+15	4.32e-16	6.27e-11	1.01e-06	8.24e-04	9.99e-01	8.58e-05	0.00e+00	3.64e-17	1.09e-16	1.83e-16	2.06e-11	4.21e-11	2.03e-49
 4.45454e+15	5.37e-16	7.54e-11	1.16e-06	8.94e-04	9.99e-01	7.89e-05	0.00e+00	4.54e-17	1.36e-16	2.27e-16	2.47e-11	5.07e-11	4.02e-49
 4.59393e+15	6.53e-16	8.86e-11	1.32e-06	9.58e-04	9.99e-01	7.36e-05	0.00e+00	5.52e-17	1.66e-16	2.77e-16	2.91e-11	5.95e-11	7.32e-49
 4.74712e+15	7.98e-16	1.05e-10	1.51e-06	1.03e-03	9.99e-01	6.81e-05	0.00e+00	6.75e-17	2.03e-16	3.38e-16	3.44e-11	7.04e-11	1.37e-48
 4.93039e+15	1.01e-15	1.28e-10	1.75e-06	1.12e-03	9.99e-01	6.24e-05	0.00e+00	8.54e-17	2.56e-16	4.28e-16	4.19e-11	8.58e-11	2.88e-48
 5.11314e+15	1.26e-15	1.54e-10	2.03e-06	1.22e-03	9.99e-01	5.74e-05	0.00e+00	1.07e-16	3.22e-16	5.37e-16	5.05e-11	1.03e-10	5.84e-48
 5.28019e+15	1.54e-15	1.82e-10	2.31e-06	1.31e-03	9.99e-01	5.33e-05	0.00e+00	1.31e-16	3.94e-16	6.57e-16	5.99e-11	1.23e-10	1.11e-47
 5.46647e+15	1.92e-15	2.19e-10	2.66e-06	1.42e-03	9.99e-01	4.91e-05	0.00e+00	1.63e-16	4.90e-16	8.18e-16	7.18e-11	1.47e-10	2.21e-47
 5.68321e+15	2.43e-15	2.68e-10	3.11e-06	1.55e-03	9.98e-01	4.49e-05	0.00e+00	2.07e-16	6.21e-16	1.04e-15	8.79e-11	1.80e-10	4.83e-47
 5.89659e+15	3.05e-15	3.25e-10	3.60e-06	1.68e-03	9.98e-01	4.12e-05	0.00e+00	2.60e-16	7.81e-16	1.30e-15	1.07e-10	2.18e-10	1.02e-46
 6.09971e+15	3.76e-15	3.88e-10	4.13e-06	1.82e-03	9.98e-01	3.81e-05	0.00e+00	3.21e-16	9.63e-16	1.61e-15	1.27e-10	2.60e-10	2.04e-46
 6.27739e+15	4.49e-15	4.51e-10	4.63e-06	1.94e-03	9.98e-01	3.57e-05	0.00e+00	3.84e-16	1.15e-15	1.92e-15	1.48e-10	3.03e-10	3.68e-46
 6.42456e+15	5.19e-15	5.10e-10	5.08e-06	2.05e-03	9.98e-01	3.38e-05	0.00e+00	4.44e-16	1.33e-15	2.23e-15	1.68e-10	3.42e-10	5.98e-46
 6.58713e+15	6.06e-15	5.82e-10	5.62e-06	2.16e-03	9.98e-01	3.19e-05	0.00e+00	5.19e-16	1.56e-15	2.60e-15	1.91e-10	3.91e-10	1.01e-45
 6.79846e+15	7.32e-15	6.86e-10	6.37e-06	2.33e-03	9.98e-01	2.96e-05	0.00e+00	6.27e-16	1.88e-15	3.14e-15	2.26e-10	4.61e-10	1.93e-45
 7.02010e+15	8.81e-15	8.07e-10	7.24e-06	2.50e-03	9.97e-01	2.75e-05	0.00e+00	7.56e-16	2.27e-15	3.79e-15	2.66e-10	5.42e-10	3.63e-45
 7.21055e+15	1.04e-14	9.32e-10	8.07e-06	2.66e-03	9.97e-01	2.59e-05	0.00e+00	8.92e-16	2.68e-15	4.47e-15	3.07e-10	6.26e-10	6.43e-45
 7.41356e+15	1.25e-14	1.09e-09	9.02e-06	2.83e-03	9.97e-01	2.43e-05	0.00e+00	1.08e-15	3.24e-15	5.40e-15	3.59e-10	7.32e-10	1.20e-44
 7.67746e+15	1.55e-14	1.31e-09	1.04e-05	3.06e-03	9.97e-01	2.24e-05	0.00e+00	1.33e-15	4.01e-15	6.69e-15	4.33e-10	8.82e-10	2.51e-44
 7.94902e+15	1.90e-14	1.57e-09	1.19e-05	3.31e-03	9.97e-01	2.07e-05	0.00e+00	1.63e-15	4.91e-15	8.19e-15	5.17e-10	1.05e-09	5.00e-44
 8.17641e+15	2.26e-14	1.83e-09	1.33e-05	3.52e-03	9.96e-01	1.94e-05	0.00e+00	1.95e-15	5.85e-15	9.76e-15	6.03e-10	1.23e-09	9.18e-44
 8.41789e+15	2.70e-14	2.14e-09	1.50e-05	3.76e-03	9.96e-01	1.81e-05	0.00e+00	2.33e-15	7.00e-15	1.17e-14	7.06e-10	1.44e-09	1.68e-43
 8.72548e+15	3.44e-14	2.64e-09	1.73e-05	4.08e-03	9.96e-01	1.67e-05	0.00e+00	2.98e-15	8.93e-15	1.49e-14	8.69e-10	1.77e-09	3.82e-43
 9.04677e+15	4.28e-14	3.21e-09	2.00e-05	4.42e-03	9.96e-01	1.54e-05	0.00e+00	3.71e-15	1.11e-14	1.86e-14	1.06e-09	2.15e-09	7.81e-43
 9.33086e+15	5.12e-14	3.76e-09	2.26e-05	4.74e-03	9.95e-01	1.44e-05	0.00e+00	4.44e-15	1.33e-14	2.22e-14	1.24e-09	2.52e-09	1.46e-42
 9.63886e+15	6.25e-14	4.49e-09	2.58e-05	5.10e-03	9.95e-01	1.34e-05	0.00e+00	5.43e-15	1.63e-14	2.72e-14	1.48e-09	3.01e-09	2.87e-42
 1.00092e+16	8.10e-14	5.62e-09	3.00e-05	5.55e-03	9.94e-01	1.23e-05	0.00e+00	7.04e-15	2.11e-14	3.53e-14	1.85e-09	3.77e-09	6.87e-42
 1.03767e+16	9.94e-14	6.76e-09	3.47e-05	6.01e-03	9.94e-01	1.14e-05	0.00e+00	8.65e-15	2.60e-14	4.33e-14	2.23e-09	4.53e-09	1.38e-41
 1.07067e+16	1.21e-13	8.05e-09	3.93e-05	6.45e-03	9.94e-01	1.06e-05	0.00e+00	1.05e-14	3.16e-14	5.27e-14	2.66e-09	5.40e-09	2.70e-41
 1.10719e+16	1.49e-13	9.71e-09	4.50e-05	6.95e-03	9.93e-01	9.90e-06	0.00e+00	1.30e-14	3.90e-14	6.51e-14	3.21e-09	6.50e-09	5.50e-41
 1.15038e+16	1.95e-13	1.23e-08	5.26e-05	7.58e-03	9.92e-01	9.13e-06	0.00e+00	1.70e-14	5.11e-14	8.53e-14	4.05e-09	8.22e-09	1.34e-40
 1.19304e+16	2.43e-13	1.50e-08	6.09e-05	8.21e-03	9.92e-01	8.47e-06	0.00e+00	2.12e-14	6.37e-14	1.06e-13	4.96e-09	1.00e-08	2.82e-40
 1.23242e+16	2.99e-13	1.81e-08	6.95e-05	8.83e-03	9.91e-01	7.92e-06	0.00e+00	2.62e-14	7.85e-14	1.31e-13	5.97e-09	1.21e-08	5.61e-40
 1.27674e+16	3.70e-13	2.18e-08	8.02e-05	9.55e-03	9.90e-01	7.38e-06	0.00e+00	3.24e-14	9.73e-14	1.62e-13	7.20e-09	1.46e-08	1.09e-39
 1.32781e+16	4.86e-13	2.78e-08	9.42e-05	1.04e-02	9.89e-01	6.83e-06	0.00e+00	4.26e-14	1.28e-13	2.13e-13	9.19e-09	1.86e-08	2.66e-39
 1.37003e+16	5.93e-13	3.33e-08	1.07e-04	1.12e-02	9.89e-01	6.44e-06	0.00e+00	5.21e-14	1.56e-13	2.61e-13	1.10e-08	2.23e-08	5.05e-39
 1.39946e+16	6.79e-13	3.76e-08	1.17e-04	1.17e-02	9.88e-01	6.19e-06	0.00e+00	5.97e-14	1.79e-13	2.99e-13	1.25e-08	2.52e-08	7.83e-39
 1.42995e+16	7.82e-13	4.27e-08	1.27e-04	1.23e-02	9.88e-01	5.95e-06	0.00e+00	6.88e-14	2.06e-13	3.44e-13	1.41e-08	2.86e-08	1.23e-38
 1.46959e+16	9.22e-13	4.94e-08	1.43e-04	1.31e-02	9.87e-01	5.65e-06	0.00e+00	8.12e-14	2.44e-13	4.07e-13	1.63e-08	3.30e-08	2.05e-38
 1.51398e+16	1.14e-12	5.97e-08	1.61e-04	1.40e-02	9.86e-01	5.37e-06	0.00e+00	1.01e-13	3.02e-13	5.04e-13	1.98e-08	4.00e-08	3.99e-38
 1.55560e+16	1.35e-12	6.90e-08	1.81e-04	1.49e-02	9.85e-01	5.12e-06	0.00e+00	1.19e-13	3.56e-13	5.94e-13	2.28e-08	4.62e-08	6.50e-38
 1.60074e+16	1.64e-12	8.29e-08	2.04e-04	1.59e-02	9.84e-01	4.87e-06	0.00e+00	1.45e-13	4.35e-13	7.25e-13	2.74e-08	5.54e-08	1.25e-37
 1.65074e+16	2.03e-12	9.97e-08	2.32e-04	1.70e-02	9.83e-01	4.64e-06	0.00e+00	1.79e-13	5.37e-13	8.97e-13	3.30e-08	6.67e-08	2.35e-37
 1.69745e+16	2.42e-12	1.17e-07	2.61e-04	1.81e-02	9.82e-01	4.44e-06	0.00e+00	2.14e-13	6.43e-13	1.07e-12	3.88e-08	7.84e-08	3.96e-37
 1.74855e+16	2.95e-12	1.39e-07	2.95e-04	1.94e-02	9.80e-01	4.24e-06	0.00e+00	2.61e-13	7.83e-13	1.31e-12	4.59e-08	9.26e-08	6.98e-37
 1.80563e+16	3.71e-12	1.71e-07	3.39e-04	2.09e-02	9.79e-01	4.05e-06	0.00e+00	3.29e-13	9.86e-13	1.65e-12	5.67e-08	1.14e-07	1.43e-36
 1.85911e+16	4.54e-12	2.04e-07	3.84e-04	2.23e-02	9.77e-01	3.89e-06	0.00e+00	4.02e-13	1.21e-12	2.01e-12	6.77e-08	1.37e-07	2.52e-36
 1.91727e+16	5.63e-12	2.46e-07	4.40e-04	2.39e-02	9.76e-01	3.73e-06	0.00e+00	4.99e-13	1.50e-12	2.50e-12	8.16e-08	1.65e-07	4.60e-36
 1.98086e+16	7.03e-12	2.97e-07	5.07e-04	2.58e-02	9.74e-01	3.57e-06	0.00e+00	6.24e-13	1.87e-12	3.12e-12	9.85e-08	1.99e-07	8.25e-36
 2.03964e+16	8.75e-12	3.64e-07	5.77e-04	2.77e-02	9.72e-01	3.46e-06	0.00e+00	7.78e-13	2.33e-12	3.89e-12	1.21e-07	2.43e-07	1.60e-35
 2.10416e+16	1.09e-11	4.41e-07	6.64e-04	2.98e-02	9.70e-01	3.33e-06	0.00e+00	9.72e-13	2.92e-12	4.86e-12	1.46e-07	2.95e-07	2.89e-35
 2.17407e+16	1.38e-11	5.35e-07	7.69e-04	3.22e-02	9.67e-01	3.21e-06	0.00e+00	1.23e-12	3.68e-12	6.14e-12	1.77e-07	3.57e-07	5.23e-35
 2.23674e+16	1.69e-11	6.43e-07	8.76e-04	3.45e-02	9.65e-01	3.12e-06	0.00e+00	1.51e-12	4.52e-12	7.54e-12	2.13e-07	4.29e-07	9.10e-35
 2.30396e+16	2.12e-11	7.80e-07	1.01e-03	3.71e-02	9.62e-01	3.02e-06	0.00e+00	1.89e-12	5.67e-12	9.46e-12	2.59e-07	5.21e-07	1.65e-34
 2.37794e+16	2.74e-11	9.83e-07	1.17e-03	4.03e-02	9.59e-01	2.95e-06	0.00e+00	2.44e-12	7.33e-12	1.22e-11	3.26e-07	6.57e-07	3.36e-34
 2.44565e+16	3.38e-11	1.19e-06	1.34e-03	4.32e-02	9.55e-01	2.88e-06	0.00e+00	3.01e-12	9.04e-12	1.51e-11	3.93e-07	7.92e-07	5.76e-34
 2.50753e+16	4.11e-11	1.41e-06	1.52e-03	4.61e-02	9.52e-01	2.82e-06	0.00e+00	3.68e-12	1.10e-11	1.84e-11	4.66e-07	9.39e-07	9.54e-34
 2.57691e+16	5.15e-11	1.70e-06	1.74e-03	4.96e-02	9.49e-01	2.76e-06	0.00e+00	4.61e-12	1.38e-11	2.31e-11	5.63e-07	1.13e-06	1.63e-33
 2.65310e+16	6.59e-11	2.10e-06	2.02e-03	5.37e-02	9.44e-01	2.72e-06	0.00e+00	5.90e-12	1.77e-11	2.95e-11	6.97e-07	1.40e-06	3.03e-33
 2.72206e+16	8.10e-11	2.51e-06	2.31e-03	5.76e-02	9.40e-01	2.67e-06	0.00e+00	7.26e-12	2.18e-11	3.63e-11	8.32e-07	1.67e-06	4.88e-33
 2.78162e+16	9.74e-11	2.90e-06	2.60e-03	6.12e-02	9.36e-01	2.63e-06	0.00e+00	8.73e-12	2.62e-11	4.37e-11	9.64e-07	1.94e-06	7.33e-33
 2.84508e+16	1.19e-10	3.44e-06	2.95e-03	6.55e-02	9.32e-01	2.60e-06	0.00e+00	1.06e-11	3.19e-11	5.33e-11	1.14e-06	2.30e-06	1.17e-32
