#depth	C	C+	C+2	C+3	C+4	C+5	C+6	C[1]	C[2]	C[3]	C+[1]	C+[2]	CO
 1.49634e+10	0.00e+00	3.39e-31	5.19e-21	1.28e-11	1.32e-01	8.67e-01	1.10e-03	0.00e+00	0.00e+00	0.00e+00	0.00e+00	0.00e+00	6.30e-162
 4.54887e+10	3.55e-42	4.61e-31	6.52e-21	1.49e-11	1.41e-01	8.58e-01	1.00e-03	0.00e+00	0.00e+00	0.00e+00	0.00e+00	0.00e+00	1.55e-226
 7.72350e+10	0.00e+00	6.27e-31	8.19e-21	1.73e-11	1.51e-01	8.48e-01	9.14e-04	0.00e+00	0.00e+00	0.00e+00	0.00e+00	0.00e+00	7.71e-161
 1.10251e+11	7.67e-42	8.52e-31	1.03e-20	2.00e-11	1.62e-01	8.37e-01	8.34e-04	0.00e+00	0.00e+00	0.00e+00	0.00e+00	0.00e+00	7.31e-226
 1.44588e+11	0.00e+00	1.16e-30	1.29e-20	2.32e-11	1.73e-01	8.26e-01	7.60e-04	0.00e+00	0.00e+00	0.00e+00	0.00e+00	0.00e+00	9.38e-160
 1.80298e+11	1.66e-41	1.57e-30	1.62e-20	2.69e-11	1.86e-01	8.14e-01	6.92e-04	0.00e+00	0.00e+00	0.00e+00	0.00e+00	0.00e+00	3.40e-225
 2.17437e+11	0.00e+00	2.13e-30	2.03e-20	3.11e-11	1.98e-01	8.01e-01	6.29e-04	0.00e+00	0.00e+00	0.00e+00	0.00e+00	0.00e+00	1.14e-158
 2.56061e+11	3.57e-41	2.88e-30	2.54e-20	3.60e-11	2.12e-01	7.88e-01	5.71e-04	0.00e+00	0.00e+00	0.00e+00	0.00e+00	0.00e+00	1.58e-224
 2.96231e+11	0.00e+00	3.91e-30	3.17e-20	4.16e-11	2.26e-01	7.74e-01	5.18e-04	0.00e+00	0.00e+00	0.00e+00	0.00e+00	0.00e+00	1.40e-157
 3.34493e+11	7.43e-41	5.16e-30	3.89e-20	4.74e-11	2.39e-01	7.60e-01	4.73e-04	0.00e+00	0.00e+00	0.00e+00	0.00e+00	0.00e+00	7.49e-224
 3.69464e+11	0.00e+00	6.59e-30	4.67e-20	5.33e-11	2.52e-01	7.48e-01	4.36e-04	0.00e+00	0.00e+00	0.00e+00	0.00e+00	0.00e+00	1.21e-156
 4.08996e+11	1.42e-40	8.62e-30	5.68e-20	6.04e-11	2.66e-01	7.34e-01	3.98e-04	0.00e+00	0.00e+00	0.00e+00	0.00e+00	0.00e+00	2.81e-223
 4.54931e+11	0.00e+00	1.16e-29	7.08e-20	6.95e-11	2.83e-01	7.17e-01	3.59e-04	0.00e+00	0.00e+00	0.00e+00	0.00e+00	0.00e+00	1.27e-155
 5.00257e+11	2.97e-40	1.54e-29	8.71e-20	7.93e-11	2.99e-01	7.01e-01	3.26e-04	0.00e+00	0.00e+00	0.00e+00	0.00e+00	0.00e+00	1.14e-222
 5.43540e+11	0.00e+00	2.00e-29	1.05e-19	8.95e-11	3.14e-01	6.85e-01	2.97e-04	0.00e+00	0.00e+00	0.00e+00	0.00e+00	0.00e+00	1.22e-154
 5.91351e+11	5.86e-40	2.64e-29	1.29e-19	1.02e-10	3.32e-01	6.68e-01	2.69e-04	0.00e+00	0.00e+00	0.00e+00	0.00e+00	0.00e+00	4.36e-222
 6.44932e+11	0.00e+00	3.55e-29	1.61e-19	1.17e-10	3.51e-01	6.49e-01	2.41e-04	0.00e+00	0.00e+00	0.00e+00	0.00e+00	0.00e+00	1.37e-153
 6.97909e+11	1.23e-39	4.71e-29	1.97e-19	1.33e-10	3.69e-01	6.30e-01	2.16e-04	0.00e+00	0.00e+00	0.00e+00	0.00e+00	0.00e+00	1.76e-221
 7.53004e+11	0.00e+00	6.25e-29	2.43e-19	1.51e-10	3.89e-01	6.11e-01	1.94e-04	0.00e+00	0.00e+00	0.00e+00	0.00e+00	0.00e+00	1.48e-152
 8.13051e+11	2.55e-39	8.40e-29	3.01e-19	1.73e-10	4.09e-01	5.90e-01	1.73e-04	0.00e+00	0.00e+00	0.00e+00	0.00e+00	0.00e+00	6.60e-221
 8.73492e+11	0.00e+00	1.12e-28	3.70e-19	1.96e-10	4.30e-01	5.70e-01	1.54e-04	0.00e+00	0.00e+00	0.00e+00	0.00e+00	0.00e+00	1.74e-151
 9.36350e+11	5.28e-39	1.48e-28	4.55e-19	2.23e-10	4.51e-01	5.49e-01	1.37e-04	0.00e+00	0.00e+00	0.00e+00	0.00e+00	0.00e+00	2.37e-220
 1.00373e+12	0.00e+00	1.99e-28	5.62e-19	2.54e-10	4.72e-01	5.28e-01	1.22e-04	0.00e+00	0.00e+00	0.00e+00	0.00e+00	0.00e+00	2.04e-150
 1.07381e+12	1.11e-38	2.66e-28	6.93e-19	2.88e-10	4.94e-01	5.06e-01	1.07e-04	0.00e+00	0.00e+00	0.00e+00	0.00e+00	0.00e+00	6.81e-220
 1.14669e+12	0.00e+00	3.55e-28	8.54e-19	3.27e-10	5.16e-01	4.84e-01	9.45e-05	0.00e+00	0.00e+00	0.00e+00	0.00e+00	0.00e+00	2.49e-149
 1.22248e+12	2.33e-38	4.74e-28	1.05e-18	3.71e-10	5.38e-01	4.61e-01	8.31e-05	0.00e+00	0.00e+00	0.00e+00	0.00e+00	0.00e+00	1.26e-219
 1.30131e+12	0.00e+00	6.33e-28	1.29e-18	4.20e-10	5.61e-01	4.39e-01	7.28e-05	0.00e+00	0.00e+00	0.00e+00	0.00e+00	0.00e+00	3.04e-148
 1.38329e+12	4.88e-38	8.43e-28	1.59e-18	4.74e-10	5.83e-01	4.17e-01	6.36e-05	0.00e+00	0.00e+00	0.00e+00	0.00e+00	0.00e+00	0.00e+00
 1.46854e+12	0.00e+00	1.12e-27	1.95e-18	5.35e-10	6.04e-01	3.96e-01	5.55e-05	0.00e+00	0.00e+00	0.00e+00	0.00e+00	0.00e+00	3.71e-147
 1.55721e+12	1.02e-37	1.49e-27	2.38e-18	6.03e-10	6.26e-01	3.74e-01	4.83e-05	0.00e+00	0.00e+00	0.00e+00	0.00e+00	0.00e+00	0.00e+00
 1.64943e+12	0.00e+00	1.98e-27	2.92e-18	6.78e-10	6.47e-01	3.53e-01	4.19e-05	0.00e+00	0.00e+00	0.00e+00	0.00e+00	0.00e+00	4.53e-146
 1.74533e+12	2.11e-37	2.62e-27	3.56e-18	7.62e-10	6.67e-01	3.33e-01	3.63e-05	0.00e+00	0.00e+00	0.00e+00	0.00e+00	0.00e+00	0.00e+00
 1.84507e+12	0.00e+00	3.47e-27	4.35e-18	8.55e-10	6.88e-01	3.12e-01	3.13e-05	0.00e+00	0.00e+00	0.00e+00	0.00e+00	0.00e+00	5.53e-145
 1.94237e+12	4.26e-37	4.52e-27	5.24e-18	9.52e-10	7.06e-01	2.94e-01	2.72e-05	0.00e+00	0.00e+00	0.00e+00	0.00e+00	0.00e+00	0.00e+00
 2.03484e+12	0.00e+00	5.75e-27	6.20e-18	1.05e-09	7.22e-01	2.78e-01	2.39e-05	0.00e+00	0.00e+00	0.00e+00	0.00e+00	0.00e+00	5.25e-144
 2.13744e+12	8.13e-37	7.44e-27	7.44e-18	1.16e-09	7.39e-01	2.61e-01	2.08e-05	0.00e+00	0.00e+00	0.00e+00	0.00e+00	0.00e+00	0.00e+00
 2.25287e+12	0.00e+00	9.81e-27	9.04e-18	1.30e-09	7.57e-01	2.43e-01	1.78e-05	0.00e+00	0.00e+00	0.00e+00	0.00e+00	0.00e+00	5.82e-143
 2.36789e+12	1.65e-36	1.28e-26	1.09e-17	1.44e-09	7.73e-01	2.27e-01	1.53e-05	0.00e+00	0.00e+00	0.00e+00	0.00e+00	0.00e+00	0.00e+00
 2.48751e+12	0.00e+00	1.67e-26	1.31e-17	1.60e-09	7.88e-01	2.12e-01	1.31e-05	0.00e+00	0.00e+00	0.00e+00	0.00e+00	0.00e+00	6.42e-142
 2.61694e+12	3.32e-36	2.20e-26	1.59e-17	1.78e-09	8.03e-01	1.97e-01	1.12e-05	0.00e+00	0.00e+00	0.00e+00	0.00e+00	0.00e+00	0.00e+00
 2.74884e+12	0.00e+00	2.87e-26	1.92e-17	1.97e-09	8.18e-01	1.82e-01	9.50e-06	0.00e+00	0.00e+00	0.00e+00	0.00e+00	0.00e+00	7.62e-141
 2.88601e+12	6.69e-36	3.76e-26	2.32e-17	2.19e-09	8.31e-01	1.69e-01	8.08e-06	0.00e+00	0.00e+00	0.00e+00	0.00e+00	0.00e+00	0.00e+00
 3.03138e+12	0.00e+00	4.94e-26	2.80e-17	2.43e-09	8.44e-01	1.56e-01	6.84e-06	0.00e+00	0.00e+00	0.00e+00	0.00e+00	0.00e+00	9.04e-140
 3.18256e+12	1.36e-35	6.48e-26	3.39e-17	2.69e-09	8.56e-01	1.44e-01	5.78e-06	0.00e+00	0.00e+00	0.00e+00	0.00e+00	0.00e+00	0.00e+00
 3.33979e+12	0.00e+00	8.50e-26	4.10e-17	2.99e-09	8.68e-01	1.32e-01	4.87e-06	0.00e+00	0.00e+00	0.00e+00	0.00e+00	0.00e+00	1.10e-138
 3.50331e+12	2.77e-35	1.11e-25	4.95e-17	3.31e-09	8.78e-01	1.22e-01	4.10e-06	0.00e+00	0.00e+00	0.00e+00	0.00e+00	0.00e+00	0.00e+00
 3.65448e+12	0.00e+00	1.42e-25	5.85e-17	3.62e-09	8.87e-01	1.13e-01	3.51e-06	0.00e+00	0.00e+00	0.00e+00	0.00e+00	0.00e+00	1.15e-137
 3.78561e+12	4.93e-35	1.74e-25	6.74e-17	3.91e-09	8.94e-01	1.06e-01	3.09e-06	0.00e+00	0.00e+00	0.00e+00	0.00e+00	0.00e+00	0.00e+00
 3.93127e+12	6.55e-35	2.16e-25	7.84e-17	4.24e-09	9.01e-01	9.90e-02	2.68e-06	0.00e+00	0.00e+00	0.00e+00	0.00e+00	0.00e+00	6.04e-118
 4.10883e+12	9.15e-35	2.78e-25	9.37e-17	4.66e-09	9.09e-01	9.11e-02	2.27e-06	0.00e+00	0.00e+00	0.00e+00	0.00e+00	0.00e+00	3.20e-99
 4.28968e+12	1.27e-34	3.58e-25	1.12e-16	5.11e-09	9.16e-01	8.39e-02	1.92e-06	0.00e+00	0.00e+00	0.00e+00	0.00e+00	0.00e+00	0.00e+00
 4.45495e+12	1.69e-34	4.46e-25	1.30e-16	5.55e-09	9.22e-01	7.81e-02	1.66e-06	0.00e+00	0.00e+00	0.00e+00	0.00e+00	0.00e+00	1.11e-116
 4.63816e+12	2.30e-34	5.64e-25	1.53e-16	6.06e-09	9.28e-01	7.22e-02	1.42e-06	0.00e+00	0.00e+00	0.00e+00	0.00e+00	0.00e+00	3.40e-98
 4.85152e+12	3.25e-34	7.35e-25	1.84e-16	6.69e-09	9.34e-01	6.60e-02	1.18e-06	0.00e+00	0.00e+00	0.00e+00	0.00e+00	0.00e+00	0.00e+00
 5.06140e+12	4.50e-34	9.44e-25	2.20e-16	7.34e-09	9.39e-01	6.07e-02	9.99e-07	0.00e+00	0.00e+00	0.00e+00	0.00e+00	0.00e+00	2.26e-115
 5.26019e+12	6.06e-34	1.19e-24	2.58e-16	7.98e-09	9.44e-01	5.61e-02	0.00e+00	0.00e+00	0.00e+00	0.00e+00	0.00e+00	0.00e+00	4.04e-97
 5.48103e+12	8.33e-34	1.51e-24	3.06e-16	8.74e-09	9.48e-01	5.16e-02	0.00e+00	0.00e+00	0.00e+00	0.00e+00	0.00e+00	0.00e+00	0.00e+00
 5.73020e+12	1.18e-33	1.97e-24	3.68e-16	9.64e-09	9.53e-01	4.71e-02	0.00e+00	0.00e+00	0.00e+00	0.00e+00	0.00e+00	0.00e+00	4.35e-114
 5.98136e+12	1.64e-33	2.54e-24	4.40e-16	1.06e-08	9.57e-01	4.31e-02	0.00e+00	0.00e+00	0.00e+00	0.00e+00	0.00e+00	0.00e+00	5.10e-96
 6.24257e+12	2.29e-33	3.28e-24	5.26e-16	1.17e-08	9.61e-01	3.94e-02	0.00e+00	0.00e+00	0.00e+00	0.00e+00	0.00e+00	0.00e+00	3.39e-113
 6.52220e+12	3.22e-33	4.26e-24	6.33e-16	1.29e-08	9.64e-01	3.59e-02	0.00e+00	0.00e+00	0.00e+00	0.00e+00	0.00e+00	0.00e+00	2.82e-95
 6.81301e+12	4.51e-33	5.54e-24	7.61e-16	1.42e-08	9.67e-01	3.27e-02	0.00e+00	0.00e+00	0.00e+00	0.00e+00	0.00e+00	0.00e+00	2.77e-112
 7.11546e+12	6.33e-33	7.18e-24	9.14e-16	1.56e-08	9.70e-01	2.98e-02	0.00e+00	0.00e+00	0.00e+00	0.00e+00	0.00e+00	0.00e+00	1.57e-94
 7.43000e+12	8.86e-33	9.30e-24	1.10e-15	1.72e-08	9.73e-01	2.71e-02	0.00e+00	0.00e+00	0.00e+00	0.00e+00	0.00e+00	0.00e+00	2.23e-111
 7.75713e+12	1.24e-32	1.20e-23	1.32e-15	1.90e-08	9.75e-01	2.47e-02	0.00e+00	0.00e+00	0.00e+00	0.00e+00	0.00e+00	0.00e+00	8.60e-94
 8.09734e+12	1.73e-32	1.56e-23	1.58e-15	2.09e-08	9.78e-01	2.25e-02	0.00e+00	0.00e+00	0.00e+00	0.00e+00	0.00e+00	0.00e+00	1.77e-110
 8.45116e+12	2.40e-32	2.01e-23	1.90e-15	2.30e-08	9.80e-01	2.05e-02	0.00e+00	0.00e+00	0.00e+00	0.00e+00	0.00e+00	0.00e+00	4.61e-93
 8.81913e+12	3.34e-32	2.59e-23	2.28e-15	2.54e-08	9.81e-01	1.86e-02	0.00e+00	0.00e+00	0.00e+00	0.00e+00	0.00e+00	0.00e+00	1.38e-109
 9.20183e+12	4.64e-32	3.34e-23	2.73e-15	2.79e-08	9.83e-01	1.70e-02	0.00e+00	0.00e+00	0.00e+00	0.00e+00	0.00e+00	0.00e+00	2.42e-92
 9.57793e+12	6.31e-32	4.24e-23	3.23e-15	3.06e-08	9.84e-01	1.55e-02	0.00e+00	0.00e+00	0.00e+00	0.00e+00	0.00e+00	0.00e+00	1.01e-108
 9.96907e+12	8.57e-32	5.37e-23	3.83e-15	3.35e-08	9.86e-01	1.42e-02	0.00e+00	0.00e+00	0.00e+00	0.00e+00	0.00e+00	0.00e+00	1.14e-91
 1.03978e+13	1.18e-31	6.90e-23	4.59e-15	3.69e-08	9.87e-01	1.29e-02	0.00e+00	0.00e+00	0.00e+00	0.00e+00	0.00e+00	0.00e+00	7.20e-108
 1.08165e+13	1.60e-31	8.71e-23	5.42e-15	4.04e-08	9.88e-01	1.19e-02	0.00e+00	0.00e+00	0.00e+00	0.00e+00	0.00e+00	0.00e+00	5.52e-91
 1.12020e+13	2.08e-31	1.07e-22	6.29e-15	4.37e-08	9.89e-01	1.10e-02	0.00e+00	0.00e+00	0.00e+00	0.00e+00	0.00e+00	0.00e+00	4.28e-107
 1.16283e+13	2.77e-31	1.33e-22	7.37e-15	4.75e-08	9.90e-01	1.01e-02	0.00e+00	0.00e+00	0.00e+00	0.00e+00	0.00e+00	0.00e+00	2.22e-90
 1.21215e+13	3.78e-31	1.70e-22	8.78e-15	5.23e-08	9.91e-01	9.21e-03	0.00e+00	0.00e+00	0.00e+00	0.00e+00	0.00e+00	0.00e+00	2.82e-106
 1.26040e+13	5.08e-31	2.14e-22	1.04e-14	5.71e-08	9.92e-01	8.44e-03	0.00e+00	0.00e+00	0.00e+00	0.00e+00	0.00e+00	0.00e+00	1.04e-89
 1.30623e+13	6.64e-31	2.63e-22	1.20e-14	6.19e-08	9.92e-01	7.80e-03	0.00e+00	0.00e+00	0.00e+00	0.00e+00	0.00e+00	0.00e+00	1.67e-105
 1.35713e+13	8.84e-31	3.29e-22	1.41e-14	6.74e-08	9.93e-01	7.17e-03	0.00e+00	0.00e+00	0.00e+00	0.00e+00	0.00e+00	0.00e+00	4.26e-89
 1.41441e+13	1.20e-30	4.18e-22	1.68e-14	7.40e-08	9.93e-01	6.54e-03	0.00e+00	0.00e+00	0.00e+00	0.00e+00	0.00e+00	0.00e+00	1.12e-104
 1.47206e+13	1.62e-30	5.28e-22	1.99e-14	8.10e-08	9.94e-01	5.99e-03	0.00e+00	0.00e+00	0.00e+00	0.00e+00	0.00e+00	0.00e+00	2.01e-88
 1.52328e+13	2.09e-30	6.43e-22	2.29e-14	8.74e-08	9.94e-01	5.55e-03	0.00e+00	0.00e+00	0.00e+00	0.00e+00	0.00e+00	0.00e+00	6.52e-104
 1.56787e+13	2.59e-30	7.60e-22	2.58e-14	9.32e-08	9.95e-01	5.21e-03	0.00e+00	0.00e+00	0.00e+00	0.00e+00	0.00e+00	0.00e+00	6.70e-88
 1.61803e+13	3.28e-30	9.11e-22	2.94e-14	9.99e-08	9.95e-01	4.86e-03	0.00e+00	0.00e+00	0.00e+00	0.00e+00	0.00e+00	0.00e+00	2.75e-103
 1.68081e+13	4.34e-30	1.13e-21	3.45e-14	1.09e-07	9.96e-01	4.47e-03	0.00e+00	0.00e+00	0.00e+00	0.00e+00	0.00e+00	0.00e+00	2.54e-87
 1.74528e+13	5.74e-30	1.41e-21	4.03e-14	1.18e-07	9.96e-01	4.12e-03	0.00e+00	0.00e+00	0.00e+00	0.00e+00	0.00e+00	0.00e+00	1.68e-102
 1.80214e+13	7.28e-30	1.69e-21	4.60e-14	1.27e-07	9.96e-01	3.84e-03	0.00e+00	0.00e+00	0.00e+00	0.00e+00	0.00e+00	0.00e+00	9.67e-87
 1.86382e+13	9.34e-30	2.05e-21	5.28e-14	1.37e-07	9.96e-01	3.57e-03	0.00e+00	0.00e+00	0.00e+00	0.00e+00	0.00e+00	0.00e+00	8.09e-102
 1.93815e+13	1.25e-29	2.57e-21	6.19e-14	1.49e-07	9.97e-01	3.28e-03	0.00e+00	0.00e+00	0.00e+00	0.00e+00	0.00e+00	0.00e+00	3.94e-86
 2.01281e+13	1.65e-29	3.19e-21	7.23e-14	1.62e-07	9.97e-01	3.03e-03	0.00e+00	0.00e+00	0.00e+00	0.00e+00	0.00e+00	0.00e+00	5.12e-101
 2.08114e+13	2.11e-29	3.87e-21	8.29e-14	1.74e-07	9.97e-01	2.82e-03	0.00e+00	0.00e+00	0.00e+00	0.00e+00	0.00e+00	0.00e+00	1.57e-85
 2.15735e+13	2.76e-29	4.75e-21	9.59e-14	1.88e-07	9.97e-01	2.61e-03	0.00e+00	0.00e+00	0.00e+00	0.00e+00	0.00e+00	0.00e+00	2.73e-100
 2.24592e+13	3.72e-29	5.98e-21	1.13e-13	2.05e-07	9.98e-01	2.39e-03	0.00e+00	0.00e+00	0.00e+00	0.00e+00	0.00e+00	0.00e+00	6.97e-85
 2.33380e+13	4.95e-29	7.46e-21	1.32e-13	2.22e-07	9.98e-01	2.21e-03	0.00e+00	0.00e+00	0.00e+00	0.00e+00	0.00e+00	0.00e+00	1.83e-99
 2.42519e+13	6.60e-29	9.30e-21	1.54e-13	2.41e-07	9.98e-01	2.03e-03	0.00e+00	0.00e+00	0.00e+00	0.00e+00	0.00e+00	0.00e+00	3.18e-84
 2.52519e+13	8.91e-29	1.17e-20	1.82e-13	2.63e-07	9.98e-01	1.87e-03	0.00e+00	0.00e+00	0.00e+00	0.00e+00	0.00e+00	0.00e+00	1.24e-98
 2.62701e+13	1.20e-28	1.47e-20	2.13e-13	2.86e-07	9.98e-01	1.72e-03	0.00e+00	0.00e+00	0.00e+00	0.00e+00	0.00e+00	0.00e+00	1.55e-83
 2.73290e+13	1.61e-28	1.85e-20	2.50e-13	3.11e-07	9.98e-01	1.58e-03	0.00e+00	0.00e+00	0.00e+00	0.00e+00	0.00e+00	0.00e+00	8.58e-98
 2.84521e+13	2.18e-28	2.33e-20	2.93e-13	3.38e-07	9.99e-01	1.45e-03	0.00e+00	0.00e+00	0.00e+00	0.00e+00	0.00e+00	0.00e+00	7.72e-83
 2.95823e+13	2.92e-28	2.91e-20	3.43e-13	3.67e-07	9.99e-01	1.34e-03	0.00e+00	0.00e+00	0.00e+00	0.00e+00	0.00e+00	0.00e+00	6.01e-97
 3.07578e+13	3.92e-28	3.65e-20	4.01e-13	3.98e-07	9.99e-01	1.24e-03	0.00e+00	0.00e+00	0.00e+00	0.00e+00	0.00e+00	0.00e+00	3.73e-82
 3.20181e+13	5.31e-28	4.60e-20	4.71e-13	4.33e-07	9.99e-01	1.14e-03	0.00e+00	0.00e+00	0.00e+00	0.00e+00	0.00e+00	0.00e+00	4.23e-96
 3.33287e+13	7.19e-28	5.80e-20	5.54e-13	4.70e-07	9.99e-01	1.05e-03	0.00e+00	0.00e+00	0.00e+00	0.00e+00	0.00e+00	0.00e+00	1.91e-81
 3.46918e+13	9.74e-28	7.31e-20	6.50e-13	5.11e-07	9.99e-01	9.64e-04	0.00e+00	0.00e+00	0.00e+00	0.00e+00	0.00e+00	0.00e+00	3.08e-95
 3.61094e+13	1.32e-27	9.22e-20	7.63e-13	5.55e-07	9.99e-01	8.87e-04	0.00e+00	0.00e+00	0.00e+00	0.00e+00	0.00e+00	0.00e+00	9.85e-81
 3.75837e+13	1.79e-27	1.16e-19	8.95e-13	6.03e-07	9.99e-01	8.17e-04	0.00e+00	0.00e+00	0.00e+00	0.00e+00	0.00e+00	0.00e+00	2.26e-94
 3.90693e+13	2.40e-27	1.46e-19	1.05e-12	6.53e-07	9.99e-01	7.54e-04	0.00e+00	0.00e+00	0.00e+00	0.00e+00	0.00e+00	0.00e+00	4.98e-80
 4.04576e+13	3.14e-27	1.78e-19	1.20e-12	7.02e-07	9.99e-01	7.02e-04	0.00e+00	0.00e+00	0.00e+00	0.00e+00	0.00e+00	0.00e+00	1.42e-93
 4.19490e+13	4.14e-27	2.20e-19	1.39e-12	7.57e-07	9.99e-01	6.52e-04	0.00e+00	0.00e+00	0.00e+00	0.00e+00	0.00e+00	0.00e+00	2.17e-79
 4.36569e+13	5.61e-27	2.77e-19	1.63e-12	8.22e-07	9.99e-01	6.00e-04	0.00e+00	0.00e+00	0.00e+00	0.00e+00	0.00e+00	0.00e+00	9.47e-93
 4.53277e+13	7.47e-27	3.45e-19	1.89e-12	8.87e-07	9.99e-01	5.56e-04	0.00e+00	0.00e+00	0.00e+00	0.00e+00	0.00e+00	0.00e+00	1.08e-78
 4.70654e+13	9.96e-27	4.29e-19	2.20e-12	9.59e-07	9.99e-01	5.15e-04	0.00e+00	0.00e+00	0.00e+00	0.00e+00	0.00e+00	0.00e+00	6.23e-92
 4.89779e+13	1.35e-26	5.41e-19	2.58e-12	1.04e-06	1.00e+00	4.74e-04	0.00e+00	0.00e+00	0.00e+00	0.00e+00	0.00e+00	0.00e+00	5.38e-78
 5.09155e+13	1.82e-26	6.78e-19	3.01e-12	1.13e-06	1.00e+00	4.38e-04	0.00e+00	0.00e+00	0.00e+00	0.00e+00	0.00e+00	0.00e+00	1.21e-77
 5.29305e+13	2.45e-26	8.51e-19	3.51e-12	1.22e-06	1.00e+00	4.05e-04	0.00e+00	0.00e+00	0.00e+00	0.00e+00	0.00e+00	0.00e+00	2.71e-77
 5.50777e+13	3.32e-26	1.07e-18	4.12e-12	1.32e-06	1.00e+00	3.73e-04	0.00e+00	0.00e+00	0.00e+00	0.00e+00	0.00e+00	0.00e+00	6.20e-77
 5.73107e+13	4.51e-26	1.35e-18	4.83e-12	1.44e-06	1.00e+00	3.44e-04	0.00e+00	0.00e+00	0.00e+00	0.00e+00	0.00e+00	0.00e+00	1.42e-76
 5.96330e+13	6.12e-26	1.70e-18	5.66e-12	1.56e-06	1.00e+00	3.17e-04	0.00e+00	0.00e+00	0.00e+00	0.00e+00	0.00e+00	0.00e+00	3.27e-76
 6.18042e+13	8.05e-26	2.10e-18	6.52e-12	1.68e-06	1.00e+00	2.95e-04	0.00e+00	0.00e+00	0.00e+00	0.00e+00	0.00e+00	0.00e+00	6.91e-76
 6.37235e+13	1.02e-25	2.51e-18	7.37e-12	1.78e-06	1.00e+00	2.77e-04	0.00e+00	0.00e+00	0.00e+00	0.00e+00	0.00e+00	0.00e+00	1.31e-75
 6.58672e+13	1.31e-25	3.04e-18	8.41e-12	1.91e-06	1.00e+00	2.59e-04	0.00e+00	0.00e+00	0.00e+00	0.00e+00	0.00e+00	0.00e+00	2.62e-75
 6.84353e+13	1.76e-25	3.81e-18	9.80e-12	2.06e-06	1.00e+00	2.39e-04	0.00e+00	0.00e+00	0.00e+00	0.00e+00	0.00e+00	0.00e+00	5.85e-75
 7.10103e+13	2.35e-25	4.72e-18	1.14e-11	2.23e-06	1.00e+00	2.22e-04	0.00e+00	0.00e+00	0.00e+00	0.00e+00	0.00e+00	0.00e+00	1.27e-74
 7.33792e+13	3.02e-25	5.73e-18	1.29e-11	2.38e-06	1.00e+00	2.07e-04	0.00e+00	0.00e+00	0.00e+00	0.00e+00	0.00e+00	0.00e+00	2.54e-74
 7.60251e+13	3.97e-25	7.04e-18	1.49e-11	2.56e-06	1.00e+00	1.93e-04	0.00e+00	0.00e+00	0.00e+00	0.00e+00	0.00e+00	0.00e+00	5.37e-74
 7.90860e+13	5.39e-25	8.88e-18	1.74e-11	2.77e-06	1.00e+00	1.78e-04	0.00e+00	0.00e+00	0.00e+00	0.00e+00	0.00e+00	0.00e+00	1.23e-73
 8.20722e+13	7.19e-25	1.10e-17	2.02e-11	2.99e-06	1.00e+00	1.65e-04	0.00e+00	0.00e+00	0.00e+00	0.00e+00	0.00e+00	0.00e+00	2.71e-73
 8.48964e+13	9.35e-25	1.35e-17	2.31e-11	3.20e-06	1.00e+00	1.54e-04	0.00e+00	0.00e+00	0.00e+00	0.00e+00	0.00e+00	0.00e+00	5.56e-73
 8.80407e+13	1.24e-24	1.67e-17	2.67e-11	3.44e-06	1.00e+00	1.43e-04	0.00e+00	0.00e+00	0.00e+00	0.00e+00	0.00e+00	0.00e+00	1.20e-72
 9.15923e+13	1.69e-24	2.10e-17	3.13e-11	3.73e-06	1.00e+00	1.32e-04	0.00e+00	0.00e+00	0.00e+00	0.00e+00	0.00e+00	0.00e+00	2.79e-72
 9.51456e+13	2.27e-24	2.63e-17	3.64e-11	4.03e-06	1.00e+00	1.22e-04	0.00e+00	0.00e+00	0.00e+00	0.00e+00	0.00e+00	0.00e+00	6.30e-72
 9.88411e+13	3.06e-24	3.30e-17	4.24e-11	4.35e-06	1.00e+00	1.13e-04	0.00e+00	0.00e+00	0.00e+00	0.00e+00	0.00e+00	0.00e+00	1.44e-71
 1.02825e+14	4.17e-24	4.16e-17	4.97e-11	4.72e-06	1.00e+00	1.05e-04	0.00e+00	0.00e+00	0.00e+00	0.00e+00	0.00e+00	0.00e+00	3.32e-71
 1.06968e+14	5.68e-24	5.26e-17	5.82e-11	5.11e-06	1.00e+00	9.66e-05	0.00e+00	0.00e+00	0.00e+00	0.00e+00	1.69e-17	3.57e-17	7.77e-71
 1.11276e+14	7.75e-24	6.64e-17	6.81e-11	5.53e-06	1.00e+00	8.92e-05	0.00e+00	0.00e+00	0.00e+00	0.00e+00	2.21e-17	4.44e-17	1.82e-70
 1.15757e+14	1.06e-23	8.40e-17	7.97e-11	5.99e-06	1.00e+00	8.24e-05	0.00e+00	0.00e+00	0.00e+00	0.00e+00	2.79e-17	5.61e-17	4.27e-70
 1.20417e+14	1.45e-23	1.06e-16	9.33e-11	6.48e-06	1.00e+00	7.61e-05	0.00e+00	0.00e+00	0.00e+00	0.00e+00	3.53e-17	7.10e-17	1.00e-69
 1.24967e+14	1.94e-23	1.32e-16	1.08e-10	6.99e-06	1.00e+00	7.07e-05	0.00e+00	0.00e+00	0.00e+00	0.00e+00	4.40e-17	8.85e-17	2.25e-69
 1.29297e+14	2.54e-23	1.62e-16	1.24e-10	7.48e-06	1.00e+00	6.60e-05	0.00e+00	0.00e+00	0.00e+00	0.00e+00	5.39e-17	1.08e-16	4.71e-69
 1.34098e+14	3.39e-23	2.02e-16	1.43e-10	8.04e-06	1.00e+00	6.14e-05	0.00e+00	0.00e+00	0.00e+00	0.00e+00	6.69e-17	1.35e-16	1.04e-68
 1.39492e+14	4.64e-23	2.55e-16	1.68e-10	8.71e-06	1.00e+00	5.67e-05	0.00e+00	0.00e+00	0.00e+00	0.00e+00	8.47e-17	1.70e-16	2.46e-68
 1.44900e+14	6.28e-23	3.20e-16	1.96e-10	9.40e-06	1.00e+00	5.26e-05	0.00e+00	0.00e+00	0.00e+00	0.00e+00	1.06e-16	2.14e-16	5.64e-68
 1.50524e+14	8.50e-23	4.02e-16	2.28e-10	1.01e-05	1.00e+00	4.88e-05	0.00e+00	0.00e+00	0.00e+00	0.00e+00	1.34e-16	2.69e-16	1.30e-67
 1.56575e+14	1.16e-22	5.09e-16	2.67e-10	1.10e-05	1.00e+00	4.51e-05	0.00e+00	0.00e+00	0.00e+00	0.00e+00	1.69e-16	3.40e-16	3.07e-67
 1.62251e+14	1.55e-22	6.30e-16	3.07e-10	1.18e-05	1.00e+00	4.20e-05	0.00e+00	0.00e+00	0.00e+00	0.00e+00	2.09e-16	4.21e-16	6.70e-67
 1.67329e+14	1.98e-22	7.57e-16	3.47e-10	1.25e-05	1.00e+00	3.95e-05	0.00e+00	0.00e+00	0.00e+00	0.00e+00	2.51e-16	5.06e-16	1.31e-66
 1.73049e+14	2.58e-22	9.26e-16	3.97e-10	1.34e-05	1.00e+00	3.69e-05	0.00e+00	0.00e+00	0.00e+00	0.00e+00	3.07e-16	6.18e-16	2.75e-66
 1.79822e+14	3.51e-22	1.16e-15	4.63e-10	1.45e-05	1.00e+00	3.42e-05	0.00e+00	0.00e+00	0.00e+00	0.00e+00	3.87e-16	7.78e-16	6.36e-66
 1.86677e+14	4.72e-22	1.46e-15	5.38e-10	1.56e-05	1.00e+00	3.18e-05	0.00e+00	0.00e+00	0.00e+00	0.00e+00	4.83e-16	9.72e-16	1.44e-65
 1.93255e+14	6.22e-22	1.79e-15	6.17e-10	1.67e-05	1.00e+00	2.96e-05	0.00e+00	0.00e+00	0.00e+00	0.00e+00	5.94e-16	1.20e-15	3.08e-65
 1.99602e+14	8.04e-22	2.17e-15	7.02e-10	1.78e-05	1.00e+00	2.78e-05	0.00e+00	0.00e+00	0.00e+00	0.00e+00	7.20e-16	1.45e-15	6.22e-65
 2.06696e+14	1.06e-21	2.67e-15	8.06e-10	1.91e-05	1.00e+00	2.59e-05	0.00e+00	0.00e+00	0.00e+00	0.00e+00	8.87e-16	1.79e-15	1.33e-64
 2.14506e+14	1.42e-21	3.33e-15	9.35e-10	2.06e-05	1.00e+00	2.40e-05	0.00e+00	0.00e+00	0.00e+00	0.00e+00	1.11e-15	2.23e-15	2.98e-64
 2.21692e+14	1.85e-21	4.05e-15	1.07e-09	2.20e-05	1.00e+00	2.25e-05	0.00e+00	0.00e+00	0.00e+00	0.00e+00	1.35e-15	2.71e-15	6.13e-64
 2.29476e+14	2.43e-21	4.98e-15	1.22e-09	2.36e-05	1.00e+00	2.10e-05	0.00e+00	0.00e+00	0.00e+00	0.00e+00	1.65e-15	3.33e-15	1.30e-63
 2.38195e+14	3.26e-21	6.21e-15	1.42e-09	2.54e-05	1.00e+00	1.95e-05	0.00e+00	0.00e+00	0.00e+00	0.00e+00	2.06e-15	4.15e-15	2.90e-63
 2.46430e+14	4.26e-21	7.60e-15	1.63e-09	2.72e-05	1.00e+00	1.82e-05	0.00e+00	0.00e+00	0.00e+00	0.00e+00	2.52e-15	5.07e-15	6.05e-63
 2.55369e+14	5.64e-21	9.38e-15	1.87e-09	2.92e-05	1.00e+00	1.69e-05	0.00e+00	0.00e+00	0.00e+00	0.00e+00	3.11e-15	6.27e-15	1.31e-62
 2.65294e+14	7.59e-21	1.17e-14	2.18e-09	3.16e-05	1.00e+00	1.57e-05	0.00e+00	0.00e+00	0.00e+00	0.00e+00	3.90e-15	7.85e-15	2.95e-62
 2.74684e+14	9.98e-21	1.44e-14	2.51e-09	3.39e-05	1.00e+00	1.46e-05	0.00e+00	0.00e+00	0.00e+00	0.00e+00	4.79e-15	9.65e-15	6.25e-62
 2.84768e+14	1.32e-20	1.79e-14	2.90e-09	3.64e-05	1.00e+00	1.36e-05	0.00e+00	0.00e+00	0.00e+00	0.00e+00	5.92e-15	1.19e-14	1.35e-61
 2.96189e+14	1.79e-20	2.25e-14	3.39e-09	3.95e-05	1.00e+00	1.25e-05	0.00e+00	0.00e+00	0.00e+00	0.00e+00	7.46e-15	1.50e-14	3.10e-61
 3.07377e+14	2.39e-20	2.80e-14	3.94e-09	4.26e-05	1.00e+00	1.16e-05	0.00e+00	0.00e+00	0.00e+00	0.00e+00	9.28e-15	1.87e-14	6.80e-61
 3.19014e+14	3.18e-20	3.48e-14	4.57e-09	4.60e-05	1.00e+00	1.07e-05	0.00e+00	0.00e+00	0.00e+00	0.00e+00	1.15e-14	2.33e-14	1.49e-60
 3.31804e+14	4.30e-20	4.38e-14	5.36e-09	4.99e-05	1.00e+00	9.90e-06	0.00e+00	0.00e+00	0.00e+00	0.00e+00	1.45e-14	2.93e-14	3.39e-60
 3.44675e+14	5.76e-20	5.47e-14	6.24e-09	5.40e-05	1.00e+00	9.15e-06	0.00e+00	0.00e+00	0.00e+00	0.00e+00	1.81e-14	3.65e-14	7.51e-60
 3.58061e+14	7.70e-20	6.82e-14	7.28e-09	5.85e-05	1.00e+00	8.44e-06	0.00e+00	0.00e+00	0.00e+00	0.00e+00	2.26e-14	4.56e-14	1.65e-59
 3.72414e+14	1.04e-19	8.58e-14	8.53e-09	6.36e-05	1.00e+00	7.78e-06	0.00e+00	0.00e+00	0.00e+00	0.00e+00	2.84e-14	5.73e-14	3.74e-59
 3.87340e+14	1.40e-19	1.08e-13	1.00e-08	6.90e-05	1.00e+00	7.16e-06	0.00e+00	0.00e+00	0.00e+00	0.00e+00	3.57e-14	7.20e-14	8.40e-59
 4.02864e+14	1.88e-19	1.35e-13	1.17e-08	7.51e-05	1.00e+00	6.58e-06	0.00e+00	0.00e+00	0.00e+00	0.00e+00	4.48e-14	9.04e-14	1.87e-58
 4.19008e+14	2.52e-19	1.70e-13	1.37e-08	8.16e-05	1.00e+00	6.06e-06	0.00e+00	0.00e+00	0.00e+00	0.00e+00	5.62e-14	1.13e-13	4.18e-58
 4.34646e+14	3.31e-19	2.09e-13	1.59e-08	8.83e-05	1.00e+00	5.63e-06	0.00e+00	0.00e+00	0.00e+00	0.00e+00	6.93e-14	1.40e-13	8.75e-58
 4.49338e+14	4.24e-19	2.53e-13	1.82e-08	9.48e-05	1.00e+00	5.27e-06	0.00e+00	0.00e+00	0.00e+00	0.00e+00	8.39e-14	1.69e-13	1.72e-57
 4.63285e+14	5.31e-19	3.02e-13	2.06e-08	1.01e-04	1.00e+00	4.95e-06	0.00e+00	0.00e+00	0.00e+00	0.00e+00	9.99e-14	2.02e-13	3.17e-57
 4.78607e+14	6.72e-19	3.62e-13	2.36e-08	1.09e-04	1.00e+00	4.63e-06	0.00e+00	0.00e+00	0.00e+00	0.00e+00	1.20e-13	2.42e-13	6.02e-57
 4.95633e+14	8.69e-19	4.42e-13	2.71e-08	1.17e-04	1.00e+00	4.31e-06	0.00e+00	0.00e+00	0.00e+00	0.00e+00	1.46e-13	2.96e-13	1.21e-56
 5.11614e+14	1.10e-18	5.30e-13	3.09e-08	1.26e-04	1.00e+00	4.05e-06	0.00e+00	0.00e+00	0.00e+00	0.00e+00	1.75e-13	3.54e-13	2.29e-56
 5.29128e+14	1.39e-18	6.40e-13	3.54e-08	1.35e-04	1.00e+00	3.78e-06	0.00e+00	0.00e+00	0.00e+00	0.00e+00	2.12e-13	4.28e-13	4.39e-56
 5.48759e+14	1.82e-18	7.87e-13	4.10e-08	1.47e-04	1.00e+00	3.51e-06	0.00e+00	0.00e+00	0.00e+00	0.00e+00	2.60e-13	5.27e-13	9.10e-56
 5.67482e+14	2.30e-18	9.49e-13	4.70e-08	1.58e-04	1.00e+00	3.29e-06	0.00e+00	0.00e+00	0.00e+00	0.00e+00	3.14e-13	6.35e-13	1.74e-55
 5.85164e+14	2.87e-18	1.13e-12	5.33e-08	1.69e-04	1.00e+00	3.10e-06	0.00e+00	0.00e+00	0.00e+00	0.00e+00	3.73e-13	7.55e-13	3.19e-55
 6.05153e+14	3.64e-18	1.36e-12	6.11e-08	1.82e-04	1.00e+00	2.90e-06	0.00e+00	0.00e+00	0.00e+00	0.00e+00	4.50e-13	9.10e-13	6.11e-55
 6.27457e+14	4.70e-18	1.66e-12	7.07e-08	1.98e-04	1.00e+00	2.70e-06	0.00e+00	0.00e+00	0.00e+00	0.00e+00	5.50e-13	1.11e-12	1.24e-54
 6.48353e+14	5.93e-18	2.00e-12	8.08e-08	2.13e-04	1.00e+00	2.53e-06	0.00e+00	0.00e+00	0.00e+00	0.00e+00	6.61e-13	1.34e-12	2.35e-54
 6.71099e+14	7.53e-18	2.42e-12	9.29e-08	2.30e-04	1.00e+00	2.38e-06	0.00e+00	0.00e+00	0.00e+00	0.00e+00	7.99e-13	1.62e-12	4.58e-54
 6.96320e+14	9.73e-18	2.96e-12	1.08e-07	2.49e-04	1.00e+00	2.22e-06	0.00e+00	0.00e+00	0.00e+00	0.00e+00	9.79e-13	1.98e-12	9.36e-54
 7.19761e+14	1.22e-17	3.55e-12	1.23e-07	2.69e-04	1.00e+00	2.09e-06	0.00e+00	0.00e+00	0.00e+00	0.00e+00	1.17e-12	2.38e-12	1.77e-53
 7.45240e+14	1.55e-17	4.30e-12	1.42e-07	2.90e-04	1.00e+00	1.96e-06	0.00e+00	0.00e+00	0.00e+00	0.00e+00	1.42e-12	2.88e-12	3.48e-53
 7.73660e+14	2.01e-17	5.28e-12	1.65e-07	3.16e-04	1.00e+00	1.84e-06	0.00e+00	0.00e+00	0.00e+00	0.00e+00	1.74e-12	3.53e-12	7.18e-53
 8.00336e+14	2.53e-17	6.35e-12	1.89e-07	3.41e-04	1.00e+00	1.73e-06	0.00e+00	0.00e+00	0.00e+00	0.00e+00	2.10e-12	4.25e-12	1.38e-52
 8.29268e+14	3.22e-17	7.70e-12	2.18e-07	3.69e-04	1.00e+00	1.63e-06	0.00e+00	0.00e+00	0.00e+00	0.00e+00	2.54e-12	5.16e-12	2.76e-52
 8.61456e+14	4.17e-17	9.47e-12	2.54e-07	4.02e-04	1.00e+00	1.53e-06	0.00e+00	0.00e+00	0.00e+00	0.00e+00	3.13e-12	6.34e-12	5.78e-52
 8.91898e+14	5.28e-17	1.14e-11	2.92e-07	4.35e-04	1.00e+00	1.45e-06	0.00e+00	4.45e-18	1.34e-17	2.23e-17	3.78e-12	7.66e-12	1.14e-51
 9.24572e+14	6.73e-17	1.39e-11	3.37e-07	4.72e-04	1.00e+00	1.38e-06	0.00e+00	5.68e-18	1.71e-17	2.85e-17	4.59e-12	9.31e-12	2.30e-51
 9.61584e+14	8.76e-17	1.72e-11	3.95e-07	5.15e-04	9.99e-01	1.30e-06	0.00e+00	7.41e-18	2.22e-17	3.71e-17	5.68e-12	1.15e-11	4.98e-51
 9.97832e+14	1.12e-16	2.10e-11	4.58e-07	5.60e-04	9.99e-01	1.24e-06	0.00e+00	9.52e-18	2.86e-17	4.77e-17	6.95e-12	1.41e-11	1.03e-50
 1.03553e+15	1.44e-16	2.57e-11	5.31e-07	6.10e-04	9.99e-01	1.18e-06	0.00e+00	1.22e-17	3.67e-17	6.13e-17	8.49e-12	1.72e-11	2.16e-50
 1.07698e+15	1.88e-16	3.19e-11	6.22e-07	6.66e-04	9.99e-01	1.12e-06	0.00e+00	1.60e-17	4.79e-17	8.00e-17	1.05e-11	2.13e-11	4.73e-50
 1.11873e+15	2.43e-16	3.92e-11	7.24e-07	7.26e-04	9.99e-01	1.07e-06	0.00e+00	2.06e-17	6.19e-17	1.03e-16	1.29e-11	2.62e-11	1.02e-49
 1.16214e+15	3.13e-16	4.82e-11	8.43e-07	7.91e-04	9.99e-01	1.03e-06	0.00e+00	2.67e-17	8.00e-17	1.34e-16	1.59e-11	3.23e-11	2.20e-49
 1.20866e+15	4.08e-16	5.96e-11	9.86e-07	8.65e-04	9.99e-01	9.92e-07	0.00e+00	3.47e-17	1.04e-16	1.74e-16	1.97e-11	3.99e-11	4.90e-49
 1.25703e+15	5.30e-16	7.38e-11	1.15e-06	9.45e-04	9.99e-01	0.00e+00	0.00e+00	4.53e-17	1.36e-16	2.27e-16	2.43e-11	4.94e-11	1.10e-48
 1.30735e+15	6.90e-16	9.14e-11	1.35e-06	1.03e-03	9.99e-01	0.00e+00	0.00e+00	5.90e-17	1.77e-16	2.96e-16	3.01e-11	6.12e-11	2.48e-48
 1.35139e+15	8.62e-16	1.09e-10	1.54e-06	1.11e-03	9.99e-01	0.00e+00	0.00e+00	7.37e-17	2.21e-16	3.70e-16	3.61e-11	7.33e-11	4.95e-48
 1.38604e+15	1.02e-15	1.26e-10	1.70e-06	1.18e-03	9.99e-01	0.00e+00	0.00e+00	8.76e-17	2.63e-16	4.39e-16	4.15e-11	8.42e-11	8.43e-48
 1.42340e+15	1.22e-15	1.45e-10	1.89e-06	1.25e-03	9.99e-01	0.00e+00	0.00e+00	1.05e-16	3.15e-16	5.26e-16	4.79e-11	9.74e-11	1.48e-47
 1.47198e+15	1.53e-15	1.75e-10	2.16e-06	1.35e-03	9.99e-01	0.00e+00	0.00e+00	1.32e-16	3.95e-16	6.59e-16	5.76e-11	1.17e-10	3.01e-47
 1.52450e+15	1.92e-15	2.12e-10	2.48e-06	1.46e-03	9.99e-01	0.00e+00	0.00e+00	1.65e-16	4.96e-16	8.27e-16	6.99e-11	1.42e-10	6.34e-47
 1.57192e+15	2.37e-15	2.51e-10	2.80e-06	1.56e-03	9.98e-01	0.00e+00	0.00e+00	2.04e-16	6.11e-16	1.02e-15	8.28e-11	1.68e-10	1.22e-46
 1.62331e+15	2.94e-15	2.99e-10	3.19e-06	1.67e-03	9.98e-01	0.00e+00	0.00e+00	2.53e-16	7.59e-16	1.27e-15	9.87e-11	2.00e-10	2.44e-46
 1.68542e+15	3.77e-15	3.68e-10	3.70e-06	1.82e-03	9.98e-01	0.00e+00	0.00e+00	3.25e-16	9.75e-16	1.63e-15	1.21e-10	2.46e-10	5.49e-46
 1.74707e+15	4.82e-15	4.49e-10	4.26e-06	1.97e-03	9.98e-01	0.00e+00	0.00e+00	4.16e-16	1.25e-15	2.09e-15	1.48e-10	3.01e-10	1.20e-45
 1.80176e+15	5.94e-15	5.33e-10	4.82e-06	2.11e-03	9.98e-01	0.00e+00	0.00e+00	5.13e-16	1.54e-15	2.57e-15	1.76e-10	3.57e-10	2.35e-45
 1.86180e+15	7.42e-15	6.39e-10	5.49e-06	2.27e-03	9.98e-01	0.00e+00	0.00e+00	6.42e-16	1.93e-15	3.22e-15	2.11e-10	4.28e-10	4.82e-45
 1.93366e+15	9.60e-15	7.90e-10	6.37e-06	2.46e-03	9.98e-01	0.00e+00	0.00e+00	8.31e-16	2.49e-15	4.16e-15	2.61e-10	5.29e-10	1.11e-44
 2.00497e+15	1.23e-14	9.68e-10	7.36e-06	2.67e-03	9.97e-01	0.00e+00	0.00e+00	1.07e-15	3.20e-15	5.34e-15	3.19e-10	6.48e-10	2.45e-44
 2.06953e+15	1.53e-14	1.16e-09	8.34e-06	2.86e-03	9.97e-01	0.00e+00	0.00e+00	1.32e-15	3.97e-15	6.63e-15	3.82e-10	7.74e-10	5.00e-44
 2.14122e+15	1.93e-14	1.40e-09	9.55e-06	3.08e-03	9.97e-01	0.00e+00	0.00e+00	1.67e-15	5.02e-15	8.38e-15	4.62e-10	9.37e-10	1.05e-43
 2.22540e+15	2.50e-14	1.74e-09	1.11e-05	3.35e-03	9.97e-01	0.00e+00	0.00e+00	2.17e-15	6.53e-15	1.09e-14	5.74e-10	1.16e-09	2.46e-43
 2.30829e+15	3.21e-14	2.14e-09	1.29e-05	3.63e-03	9.96e-01	0.00e+00	0.00e+00	2.80e-15	8.39e-15	1.40e-14	7.06e-10	1.43e-09	5.49e-43
 2.38547e+15	4.02e-14	2.57e-09	1.47e-05	3.90e-03	9.96e-01	0.00e+00	0.00e+00	3.50e-15	1.05e-14	1.75e-14	8.50e-10	1.72e-09	1.13e-42
 2.47190e+15	5.13e-14	3.15e-09	1.69e-05	4.21e-03	9.96e-01	0.00e+00	0.00e+00	4.47e-15	1.34e-14	2.24e-14	1.04e-09	2.11e-09	2.47e-42
 2.57081e+15	6.70e-14	3.93e-09	1.97e-05	4.59e-03	9.95e-01	0.00e+00	0.00e+00	5.85e-15	1.76e-14	2.93e-14	1.30e-09	2.63e-09	5.84e-42
 2.66833e+15	8.65e-14	4.87e-09	2.29e-05	4.97e-03	9.95e-01	0.00e+00	0.00e+00	7.56e-15	2.27e-14	3.78e-14	1.61e-09	3.26e-09	1.32e-41
 2.76976e+15	1.12e-13	6.01e-09	2.65e-05	5.39e-03	9.95e-01	0.00e+00	0.00e+00	9.77e-15	2.93e-14	4.89e-14	1.99e-09	4.03e-09	2.97e-41
 2.88058e+15	1.46e-13	7.53e-09	3.10e-05	5.86e-03	9.94e-01	0.00e+00	0.00e+00	1.28e-14	3.84e-14	6.40e-14	2.49e-09	5.04e-09	6.95e-41
 2.99332e+15	1.90e-13	9.38e-09	3.61e-05	6.37e-03	9.94e-01	0.00e+00	0.00e+00	1.66e-14	4.99e-14	8.32e-14	3.10e-09	6.28e-09	1.57e-40
 3.11058e+15	2.47e-13	1.17e-08	4.20e-05	6.91e-03	9.93e-01	0.00e+00	0.00e+00	2.16e-14	6.49e-14	1.08e-13	3.87e-09	7.83e-09	3.57e-40
 3.23503e+15	3.22e-13	1.47e-08	4.91e-05	7.52e-03	9.92e-01	0.00e+00	0.00e+00	2.83e-14	8.49e-14	1.42e-13	4.85e-09	9.81e-09	8.31e-40
 3.36446e+15	4.22e-13	1.84e-08	5.75e-05	8.19e-03	9.92e-01	0.00e+00	0.00e+00	3.70e-14	1.11e-13	1.85e-13	6.09e-09	1.23e-08	1.93e-39
 3.47732e+15	5.26e-13	2.22e-08	6.55e-05	8.78e-03	9.91e-01	0.00e+00	0.00e+00	4.62e-14	1.39e-13	2.32e-13	7.36e-09	1.49e-08	3.88e-39
 3.56590e+15	6.22e-13	2.57e-08	7.25e-05	9.27e-03	9.91e-01	0.00e+00	0.00e+00	5.47e-14	1.64e-13	2.74e-13	8.51e-09	1.72e-08	6.61e-39
 3.66185e+15	7.46e-13	3.00e-08	8.06e-05	9.82e-03	9.90e-01	0.00e+00	0.00e+00	6.57e-14	1.97e-13	3.29e-13	9.92e-09	2.01e-08	1.16e-38
 3.78658e+15	9.39e-13	3.64e-08	9.20e-05	1.05e-02	9.89e-01	0.00e+00	0.00e+00	8.26e-14	2.48e-13	4.14e-13	1.20e-08	2.43e-08	2.35e-38
 3.92174e+15	1.19e-12	4.45e-08	1.06e-04	1.14e-02	9.89e-01	0.00e+00	0.00e+00	1.05e-13	3.14e-13	5.25e-13	1.47e-08	2.98e-08	4.90e-38
 4.04352e+15	1.46e-12	5.32e-08	1.20e-04	1.21e-02	9.88e-01	0.00e+00	0.00e+00	1.29e-13	3.86e-13	6.45e-13	1.76e-08	3.56e-08	9.12e-38
 4.17490e+15	1.81e-12	6.40e-08	1.36e-04	1.30e-02	9.87e-01	0.00e+00	0.00e+00	1.60e-13	4.80e-13	8.01e-13	2.12e-08	4.28e-08	1.78e-37
 4.33415e+15	2.33e-12	7.95e-08	1.58e-04	1.41e-02	9.86e-01	0.00e+00	0.00e+00	2.06e-13	6.17e-13	1.03e-12	2.63e-08	5.32e-08	3.81e-37
 4.49138e+15	2.96e-12	9.77e-08	1.82e-04	1.52e-02	9.85e-01	0.00e+00	0.00e+00	2.61e-13	7.84e-13	1.31e-12	3.24e-08	6.54e-08	7.88e-37
 4.62898e+15	3.61e-12	1.16e-07	2.06e-04	1.62e-02	9.84e-01	0.00e+00	0.00e+00	3.19e-13	9.58e-13	1.60e-12	3.86e-08	7.79e-08	1.45e-36
 4.77934e+15	4.49e-12	1.40e-07	2.34e-04	1.74e-02	9.82e-01	0.00e+00	0.00e+00	3.97e-13	1.19e-12	1.99e-12	4.65e-08	9.39e-08	2.78e-36
 4.96163e+15	5.77e-12	1.75e-07	2.72e-04	1.89e-02	9.81e-01	0.00e+00	0.00e+00	5.11e-13	1.53e-12	2.56e-12	5.79e-08	1.17e-07	5.97e-36
 5.14313e+15	7.33e-12	2.15e-07	3.14e-04	2.04e-02	9.79e-01	0.00e+00	0.00e+00	6.49e-13	1.95e-12	3.25e-12	7.13e-08	1.44e-07	1.22e-35
 5.30567e+15	9.02e-12	2.58e-07	3.56e-04	2.18e-02	9.78e-01	0.00e+00	0.00e+00	8.00e-13	2.40e-12	4.00e-12	8.55e-08	1.73e-07	2.28e-35
 5.48584e+15	1.13e-11	3.14e-07	4.08e-04	2.35e-02	9.76e-01	0.00e+00	0.00e+00	1.00e-12	3.00e-12	5.01e-12	1.04e-07	2.10e-07	4.45e-35
 5.69945e+15	1.46e-11	3.93e-07	4.76e-04	2.55e-02	9.74e-01	0.00e+00	0.00e+00	1.30e-12	3.89e-12	6.48e-12	1.30e-07	2.63e-07	9.55e-35
 5.90941e+15	1.85e-11	4.86e-07	5.52e-04	2.76e-02	9.72e-01	0.00e+00	0.00e+00	1.65e-12	4.94e-12	8.25e-12	1.61e-07	3.25e-07	1.93e-34
 6.10098e+15	2.30e-11	5.86e-07	6.28e-04	2.97e-02	9.70e-01	0.00e+00	0.00e+00	2.04e-12	6.13e-12	1.02e-11	1.94e-07	3.92e-07	3.61e-34
 6.31577e+15	2.91e-11	7.19e-07	7.24e-04	3.20e-02	9.67e-01	0.00e+00	0.00e+00	2.59e-12	7.76e-12	1.29e-11	2.38e-07	4.81e-07	7.13e-34
 6.55639e+15	3.73e-11	8.96e-07	8.44e-04	3.48e-02	9.64e-01	0.00e+00	0.00e+00	3.32e-12	9.97e-12	1.66e-11	2.97e-07	5.99e-07	1.48e-33
 6.78869e+15	4.73e-11	1.10e-06	9.75e-04	3.77e-02	9.61e-01	0.00e+00	0.00e+00	4.22e-12	1.27e-11	2.11e-11	3.65e-07	7.36e-07	2.83e-33
 7.00475e+15	5.82e-11	1.32e-06	1.11e-03	4.04e-02	9.58e-01	0.00e+00	0.00e+00	5.20e-12	1.56e-11	2.60e-11	4.39e-07	8.84e-07	5.13e-33
 7.24159e+15	7.33e-11	1.62e-06	1.27e-03	4.36e-02	9.55e-01	0.00e+00	0.00e+00	6.54e-12	1.96e-11	3.27e-11	5.36e-07	1.08e-06	9.87e-33
 7.50494e+15	9.37e-11	2.00e-06	1.48e-03	4.74e-02	9.51e-01	0.00e+00	0.00e+00	8.38e-12	2.51e-11	4.19e-11	6.63e-07	1.34e-06	1.94e-32
 7.72975e+15	1.14e-10	2.38e-06	1.67e-03	5.07e-02	9.48e-01	0.00e+00	0.00e+00	1.02e-11	3.05e-11	5.09e-11	7.89e-07	1.59e-06	3.34e-32
 7.91598e+15	1.34e-10	2.74e-06	1.85e-03	5.36e-02	9.45e-01	0.00e+00	0.00e+00	1.20e-11	3.61e-11	6.02e-11	9.09e-07	1.83e-06	5.21e-32
 8.12507e+15	1.61e-10	3.21e-06	2.06e-03	5.69e-02	9.41e-01	0.00e+00	0.00e+00	1.44e-11	4.33e-11	7.23e-11	1.07e-06	2.14e-06	8.66e-32
 8.39689e+15	2.04e-10	3.93e-06	2.38e-03	6.16e-02	9.36e-01	0.00e+00	0.00e+00	1.83e-11	5.50e-11	9.17e-11	1.30e-06	2.62e-06	1.62e-31
 8.67769e+15	2.56e-10	4.78e-06	2.74e-03	6.66e-02	9.31e-01	0.00e+00	0.00e+00	2.30e-11	6.90e-11	1.15e-10	1.59e-06	3.19e-06	2.97e-31
 8.91637e+15	3.08e-10	5.63e-06	3.08e-03	7.10e-02	9.26e-01	0.00e+00	0.00e+00	2.77e-11	8.31e-11	1.39e-10	1.87e-06	3.76e-06	4.89e-31
 9.17288e+15	3.80e-10	6.72e-06	3.49e-03	7.61e-02	9.20e-01	0.00e+00	0.00e+00	3.42e-11	1.03e-10	1.71e-10	2.23e-06	4.49e-06	8.44e-31
 9.50423e+15	4.97e-10	8.41e-06	4.10e-03	8.31e-02	9.13e-01	0.00e+00	0.00e+00	4.48e-11	1.34e-10	2.24e-10	2.79e-06	5.61e-06	1.66e-30
 9.82977e+15	6.30e-10	1.03e-05	4.76e-03	9.04e-02	9.05e-01	0.00e+00	0.00e+00	5.69e-11	1.71e-10	2.85e-10	3.43e-06	6.89e-06	3.02e-30
 1.00811e+16	7.58e-10	1.21e-05	5.34e-03	9.63e-02	8.98e-01	0.00e+00	0.00e+00	6.85e-11	2.05e-10	3.43e-10	4.01e-06	8.05e-06	4.76e-30
 1.03391e+16	9.22e-10	1.42e-05	6.01e-03	1.03e-01	8.91e-01	0.00e+00	0.00e+00	8.34e-11	2.50e-10	4.17e-10	4.73e-06	9.49e-06	7.76e-30
 1.06744e+16	1.19e-09	1.76e-05	7.01e-03	1.12e-01	8.81e-01	0.00e+00	0.00e+00	1.07e-10	3.22e-10	5.37e-10	5.84e-06	1.17e-05	1.44e-29
 1.10173e+16	1.50e-09	2.15e-05	8.14e-03	1.21e-01	8.71e-01	0.00e+00	0.00e+00	1.36e-10	4.07e-10	6.78e-10	7.14e-06	1.43e-05	2.54e-29
 1.12981e+16	1.84e-09	2.53e-05	9.20e-03	1.30e-01	8.61e-01	0.00e+00	0.00e+00	1.67e-10	5.00e-10	8.34e-10	8.43e-06	1.69e-05	4.02e-29
 1.15479e+16	2.19e-09	2.93e-05	1.03e-02	1.37e-01	8.52e-01	0.00e+00	0.00e+00	1.99e-10	5.97e-10	9.95e-10	9.76e-06	1.96e-05	6.06e-29
 1.18292e+16	2.68e-09	3.47e-05	1.16e-02	1.47e-01	8.41e-01	0.00e+00	0.00e+00	2.44e-10	7.31e-10	1.22e-09	1.16e-05	2.32e-05	9.79e-29
 1.21407e+16	3.37e-09	4.16e-05	1.33e-02	1.58e-01	8.29e-01	0.00e+00	0.00e+00	3.06e-10	9.19e-10	1.53e-09	1.39e-05	2.78e-05	1.61e-28
 1.24259e+16	4.06e-09	4.89e-05	1.51e-02	1.69e-01	8.16e-01	0.00e+00	0.00e+00	3.70e-10	1.11e-09	1.85e-09	1.63e-05	3.26e-05	2.49e-28
 1.26876e+16	4.90e-09	5.70e-05	1.69e-02	1.79e-01	8.04e-01	0.00e+00	0.00e+00	4.47e-10	1.34e-09	2.23e-09	1.90e-05	3.80e-05	3.76e-28
 1.29849e+16	6.11e-09	6.81e-05	1.94e-02	1.92e-01	7.89e-01	0.00e+00	0.00e+00	5.58e-10	1.67e-09	2.79e-09	2.27e-05	4.54e-05	6.14e-28
 1.33031e+16	7.71e-09	8.19e-05	2.23e-02	2.06e-01	7.71e-01	0.00e+00	0.00e+00	7.05e-10	2.11e-09	3.52e-09	2.73e-05	5.46e-05	1.00e-27
 1.35802e+16	9.43e-09	9.61e-05	2.52e-02	2.20e-01	7.55e-01	0.00e+00	0.00e+00	8.63e-10	2.59e-09	4.31e-09	3.20e-05	6.41e-05	1.53e-27
 1.38314e+16	1.13e-08	1.11e-04	2.83e-02	2.32e-01	7.39e-01	0.00e+00	0.00e+00	1.03e-09	3.10e-09	5.16e-09	3.71e-05	7.43e-05	2.26e-27
 1.41175e+16	1.42e-08	1.33e-04	3.24e-02	2.49e-01	7.19e-01	0.00e+00	0.00e+00	1.30e-09	3.90e-09	6.51e-09	4.44e-05	8.88e-05	3.70e-27
 1.44214e+16	1.77e-08	1.59e-04	3.73e-02	2.66e-01	6.96e-01	0.00e+00	0.00e+00	1.62e-09	4.87e-09	8.11e-09	5.31e-05	1.06e-04	5.88e-27
 1.46835e+16	2.16e-08	1.87e-04	4.23e-02	2.82e-01	6.75e-01	0.00e+00	0.00e+00	1.99e-09	5.96e-09	9.93e-09	6.24e-05	1.25e-04	8.96e-27
 1.49183e+16	2.64e-08	2.17e-04	4.75e-02	2.98e-01	6.54e-01	0.00e+00	0.00e+00	2.43e-09	7.29e-09	1.21e-08	7.25e-05	1.45e-04	1.34e-26
 1.51393e+16	3.13e-08	2.50e-04	5.30e-02	3.13e-01	6.33e-01	0.00e+00	0.00e+00	2.88e-09	8.63e-09	1.44e-08	8.32e-05	1.66e-04	1.92e-26
 1.53834e+16	3.89e-08	2.95e-04	6.02e-02	3.32e-01	6.07e-01	0.00e+00	0.00e+00	3.58e-09	1.07e-08	1.79e-08	9.85e-05	1.97e-04	3.09e-26
 1.56454e+16	4.83e-08	3.50e-04	6.89e-02	3.53e-01	5.78e-01	0.00e+00	0.00e+00	4.45e-09	1.34e-08	2.22e-08	1.17e-04	2.33e-04	4.82e-26
 1.58735e+16	5.96e-08	4.10e-04	7.79e-02	3.72e-01	5.50e-01	0.00e+00	0.00e+00	5.50e-09	1.65e-08	2.75e-08	1.37e-04	2.73e-04	7.50e-26
 1.60718e+16	7.13e-08	4.71e-04	8.68e-02	3.89e-01	5.24e-01	0.00e+00	0.00e+00	6.59e-09	1.98e-08	3.29e-08	1.57e-04	3.14e-04	1.10e-25
 1.62887e+16	8.69e-08	5.43e-04	9.79e-02	4.09e-01	4.92e-01	0.00e+00	0.00e+00	8.04e-09	2.41e-08	4.02e-08	1.81e-04	3.62e-04	1.61e-25
 1.65184e+16	1.09e-07	6.53e-04	1.12e-01	4.32e-01	4.56e-01	0.00e+00	0.00e+00	1.00e-08	3.01e-08	5.02e-08	2.18e-04	4.35e-04	2.77e-25
 1.67058e+16	1.31e-07	7.51e-04	1.25e-01	4.50e-01	4.25e-01	0.00e+00	0.00e+00	1.21e-08	3.63e-08	6.05e-08	2.51e-04	5.01e-04	4.14e-25
 1.68574e+16	1.55e-07	8.48e-04	1.36e-01	4.66e-01	3.97e-01	0.00e+00	0.00e+00	1.44e-08	4.32e-08	7.19e-08	2.83e-04	5.65e-04	5.99e-25
 1.70217e+16	1.85e-07	9.68e-04	1.51e-01	4.84e-01	3.64e-01	0.00e+00	0.00e+00	1.72e-08	5.15e-08	8.58e-08	3.23e-04	6.45e-04	8.97e-25
 1.71960e+16	2.22e-07	1.09e-03	1.67e-01	5.03e-01	3.29e-01	0.00e+00	0.00e+00	2.06e-08	6.19e-08	1.03e-07	3.65e-04	7.29e-04	1.29e-24
 1.73423e+16	2.63e-07	1.24e-03	1.83e-01	5.18e-01	2.98e-01	0.00e+00	0.00e+00	2.45e-08	7.33e-08	1.22e-07	4.13e-04	8.25e-04	1.91e-24
 1.74627e+16	3.09e-07	1.39e-03	1.97e-01	5.32e-01	2.70e-01	0.00e+00	0.00e+00	2.87e-08	8.62e-08	1.44e-07	4.64e-04	9.27e-04	2.89e-24
 1.75688e+16	3.46e-07	1.50e-03	2.10e-01	5.43e-01	2.45e-01	0.00e+00	0.00e+00	3.23e-08	9.67e-08	1.61e-07	5.01e-04	1.00e-03	3.68e-24
 1.76662e+16	3.99e-07	1.66e-03	2.23e-01	5.54e-01	2.22e-01	0.00e+00	0.00e+00	3.72e-08	1.12e-07	1.86e-07	5.53e-04	1.10e-03	5.28e-24
 1.77453e+16	4.35e-07	1.75e-03	2.34e-01	5.62e-01	2.03e-01	0.00e+00	0.00e+00	4.06e-08	1.22e-07	2.03e-07	5.84e-04	1.17e-03	6.33e-24
 1.78194e+16	4.82e-07	1.87e-03	2.45e-01	5.69e-01	1.84e-01	0.00e+00	0.00e+00	4.50e-08	1.35e-07	2.25e-07	6.25e-04	1.25e-03	8.14e-24
 1.79001e+16	5.47e-07	2.03e-03	2.56e-01	5.77e-01	1.64e-01	0.00e+00	0.00e+00	5.12e-08	1.53e-07	2.56e-07	6.76e-04	1.35e-03	1.10e-23
 1.79685e+16	5.90e-07	2.13e-03	2.66e-01	5.83e-01	1.48e-01	0.00e+00	0.00e+00	5.53e-08	1.66e-07	2.76e-07	7.10e-04	1.42e-03	1.31e-23
 1.80365e+16	6.51e-07	2.26e-03	2.77e-01	5.89e-01	1.31e-01	0.00e+00	0.00e+00	6.11e-08	1.83e-07	3.05e-07	7.55e-04	1.51e-03	1.67e-23
 1.81099e+16	7.30e-07	2.43e-03	2.88e-01	5.95e-01	1.14e-01	0.00e+00	0.00e+00	6.85e-08	2.05e-07	3.42e-07	8.10e-04	1.62e-03	2.23e-23
 1.81716e+16	7.91e-07	2.55e-03	2.97e-01	5.99e-01	1.01e-01	0.00e+00	0.00e+00	7.44e-08	2.23e-07	3.71e-07	8.51e-04	1.70e-03	2.70e-23
 1.82330e+16	8.78e-07	2.68e-03	3.07e-01	6.03e-01	8.76e-02	0.00e+00	0.00e+00	8.27e-08	2.48e-07	4.13e-07	8.95e-04	1.78e-03	3.33e-23
 1.83014e+16	9.60e-07	2.82e-03	3.16e-01	6.06e-01	7.43e-02	0.00e+00	0.00e+00	9.06e-08	2.72e-07	4.52e-07	9.43e-04	1.88e-03	4.12e-23
 1.83651e+16	1.04e-06	2.97e-03	3.26e-01	6.09e-01	6.27e-02	0.00e+00	0.00e+00	9.85e-08	2.95e-07	4.92e-07	9.91e-04	1.98e-03	5.05e-23
