#depth	He	He+	He+2
 1.49634e+10	7.17e-23	8.53e-12	1.00e+00
 4.54887e+10	8.01e-23	9.23e-12	1.00e+00
 7.72350e+10	8.89e-23	1.00e-11	1.00e+00
 1.10251e+11	9.89e-23	1.08e-11	1.00e+00
 1.44588e+11	1.10e-22	1.17e-11	1.00e+00
 1.80298e+11	1.23e-22	1.27e-11	1.00e+00
 2.17437e+11	1.37e-22	1.37e-11	1.00e+00
 2.56061e+11	1.52e-22	1.49e-11	1.00e+00
 2.96231e+11	1.70e-22	1.61e-11	1.00e+00
 3.34493e+11	1.89e-22	1.73e-11	1.00e+00
 3.69464e+11	2.07e-22	1.85e-11	1.00e+00
 4.08996e+11	2.28e-22	1.99e-11	1.00e+00
 4.54931e+11	2.56e-22	2.15e-11	1.00e+00
 5.00257e+11	2.86e-22	2.32e-11	1.00e+00
 5.43540e+11	3.17e-22	2.49e-11	1.00e+00
 5.91351e+11	3.53e-22	2.69e-11	1.00e+00
 6.44932e+11	3.98e-22	2.92e-11	1.00e+00
 6.97909e+11	4.47e-22	3.15e-11	1.00e+00
 7.53004e+11	5.02e-22	3.40e-11	1.00e+00
 8.13051e+11	5.68e-22	3.70e-11	1.00e+00
 8.73492e+11	6.42e-22	4.00e-11	1.00e+00
 9.36350e+11	7.24e-22	4.33e-11	1.00e+00
 1.00373e+12	8.23e-22	4.71e-11	1.00e+00
 1.07381e+12	9.36e-22	5.11e-11	1.00e+00
 1.14669e+12	1.07e-21	5.56e-11	1.00e+00
 1.22248e+12	1.21e-21	6.04e-11	1.00e+00
 1.30131e+12	1.39e-21	6.57e-11	1.00e+00
 1.38329e+12	1.58e-21	7.15e-11	1.00e+00
 1.46854e+12	1.81e-21	7.78e-11	1.00e+00
 1.55721e+12	2.07e-21	8.47e-11	1.00e+00
 1.64943e+12	2.37e-21	9.22e-11	1.00e+00
 1.74533e+12	2.72e-21	1.00e-10	1.00e+00
 1.84507e+12	3.12e-21	1.09e-10	1.00e+00
 1.94237e+12	3.56e-21	1.19e-10	1.00e+00
 2.03484e+12	4.01e-21	1.28e-10	1.00e+00
 2.13744e+12	4.55e-21	1.39e-10	1.00e+00
 2.25287e+12	5.24e-21	1.51e-10	1.00e+00
 2.36789e+12	6.00e-21	1.64e-10	1.00e+00
 2.48751e+12	6.86e-21	1.79e-10	1.00e+00
 2.61694e+12	7.90e-21	1.95e-10	1.00e+00
 2.74884e+12	9.07e-21	2.13e-10	1.00e+00
 2.88601e+12	1.04e-20	2.33e-10	1.00e+00
 3.03138e+12	1.20e-20	2.55e-10	1.00e+00
 3.18256e+12	1.38e-20	2.79e-10	1.00e+00
 3.33979e+12	1.59e-20	3.05e-10	1.00e+00
 3.50331e+12	1.83e-20	3.34e-10	1.00e+00
 3.65448e+12	2.08e-20	3.62e-10	1.00e+00
 3.78561e+12	2.31e-20	3.88e-10	1.00e+00
 3.93127e+12	2.58e-20	4.17e-10	1.00e+00
 4.10883e+12	2.95e-20	4.55e-10	1.00e+00
 4.28968e+12	3.36e-20	4.96e-10	1.00e+00
 4.45495e+12	3.77e-20	5.36e-10	1.00e+00
 4.63816e+12	4.25e-20	5.81e-10	1.00e+00
 4.85152e+12	4.89e-20	6.38e-10	1.00e+00
 5.06140e+12	5.57e-20	6.96e-10	1.00e+00
 5.26019e+12	6.29e-20	7.55e-10	1.00e+00
 5.48103e+12	7.15e-20	8.23e-10	1.00e+00
 5.73020e+12	8.24e-20	9.04e-10	1.00e+00
 5.98136e+12	9.44e-20	9.90e-10	1.00e+00
 6.24257e+12	1.08e-19	1.09e-09	1.00e+00
 6.52220e+12	1.24e-19	1.19e-09	1.00e+00
 6.81301e+12	1.42e-19	1.31e-09	1.00e+00
 7.11546e+12	1.63e-19	1.44e-09	1.00e+00
 7.43000e+12	1.88e-19	1.59e-09	1.00e+00
 7.75713e+12	2.16e-19	1.75e-09	1.00e+00
 8.09734e+12	2.48e-19	1.92e-09	1.00e+00
 8.45116e+12	2.85e-19	2.11e-09	1.00e+00
 8.81913e+12	3.29e-19	2.32e-09	1.00e+00
 9.20183e+12	3.79e-19	2.55e-09	1.00e+00
 9.57793e+12	4.35e-19	2.79e-09	1.00e+00
 9.96907e+12	4.99e-19	3.06e-09	1.00e+00
 1.03978e+13	5.79e-19	3.36e-09	1.00e+00
 1.08165e+13	6.67e-19	3.67e-09	1.00e+00
 1.12020e+13	7.57e-19	3.97e-09	1.00e+00
 1.16283e+13	8.68e-19	4.32e-09	1.00e+00
 1.21215e+13	1.01e-18	4.74e-09	1.00e+00
 1.26040e+13	1.18e-18	5.18e-09	1.00e+00
 1.30623e+13	1.35e-18	5.61e-09	1.00e+00
 1.35713e+13	1.56e-18	6.11e-09	1.00e+00
 1.41441e+13	1.84e-18	6.70e-09	1.00e+00
 1.47206e+13	2.15e-18	7.33e-09	1.00e+00
 1.52328e+13	2.47e-18	7.91e-09	1.00e+00
 1.56787e+13	2.77e-18	8.43e-09	1.00e+00
 1.61803e+13	3.14e-18	9.03e-09	1.00e+00
 1.68081e+13	3.67e-18	9.82e-09	1.00e+00
 1.74528e+13	4.28e-18	1.07e-08	1.00e+00
 1.80214e+13	4.88e-18	1.15e-08	1.00e+00
 1.86382e+13	5.60e-18	1.23e-08	1.00e+00
 1.93815e+13	6.58e-18	1.34e-08	1.00e+00
 2.01281e+13	7.70e-18	1.46e-08	1.00e+00
 2.08114e+13	8.84e-18	1.57e-08	1.00e+00
 2.15735e+13	1.02e-17	1.69e-08	1.00e+00
 2.24592e+13	1.21e-17	1.84e-08	1.00e+00
 2.33380e+13	1.42e-17	2.00e-08	1.00e+00
 2.42519e+13	1.66e-17	2.17e-08	1.00e+00
 2.52519e+13	1.96e-17	2.37e-08	1.00e+00
 2.62701e+13	2.31e-17	2.57e-08	1.00e+00
 2.73290e+13	2.72e-17	2.80e-08	1.00e+00
 2.84521e+13	3.21e-17	3.04e-08	1.00e+00
 2.95823e+13	3.77e-17	3.30e-08	1.00e+00
 3.07578e+13	4.42e-17	3.58e-08	1.00e+00
 3.20181e+13	5.21e-17	3.89e-08	1.00e+00
 3.33287e+13	6.14e-17	4.23e-08	1.00e+00
 3.46918e+13	7.23e-17	4.59e-08	1.00e+00
 3.61094e+13	8.52e-17	4.99e-08	1.00e+00
 3.75837e+13	1.00e-16	5.42e-08	1.00e+00
 3.90693e+13	1.17e-16	5.87e-08	1.00e+00
 4.04576e+13	1.35e-16	6.31e-08	1.00e+00
 4.19490e+13	1.57e-16	6.79e-08	1.00e+00
 4.36569e+13	1.85e-16	7.38e-08	1.00e+00
 4.53277e+13	2.15e-16	7.97e-08	1.00e+00
 4.70654e+13	2.51e-16	8.61e-08	1.00e+00
 4.89779e+13	2.95e-16	9.34e-08	1.00e+00
 5.09155e+13	3.46e-16	1.01e-07	1.00e+00
 5.29305e+13	4.05e-16	1.10e-07	1.00e+00
 5.50777e+13	4.77e-16	1.19e-07	1.00e+00
 5.73107e+13	5.60e-16	1.29e-07	1.00e+00
 5.96330e+13	6.59e-16	1.40e-07	1.00e+00
 6.18042e+13	7.62e-16	1.50e-07	1.00e+00
 6.37235e+13	8.63e-16	1.60e-07	1.00e+00
 6.58672e+13	9.87e-16	1.71e-07	1.00e+00
 6.84353e+13	1.15e-15	1.85e-07	1.00e+00
 7.10103e+13	1.34e-15	2.00e-07	1.00e+00
 7.33792e+13	1.53e-15	2.14e-07	1.00e+00
 7.60251e+13	1.77e-15	2.30e-07	1.00e+00
 7.90860e+13	2.08e-15	2.49e-07	1.00e+00
 8.20722e+13	2.41e-15	2.68e-07	1.00e+00
 8.48964e+13	2.76e-15	2.87e-07	1.00e+00
 8.80407e+13	3.20e-15	3.09e-07	1.00e+00
 9.15923e+13	3.76e-15	3.35e-07	1.00e+00
 9.51456e+13	4.38e-15	3.62e-07	1.00e+00
 9.88411e+13	5.10e-15	3.91e-07	1.00e+00
 1.02825e+14	5.98e-15	4.23e-07	1.00e+00
 1.06968e+14	7.01e-15	4.59e-07	1.00e+00
 1.11276e+14	8.21e-15	4.96e-07	1.00e+00
 1.15757e+14	9.61e-15	5.38e-07	1.00e+00
 1.20417e+14	1.13e-14	5.82e-07	1.00e+00
 1.24967e+14	1.30e-14	6.27e-07	1.00e+00
 1.29297e+14	1.49e-14	6.71e-07	1.00e+00
 1.34098e+14	1.73e-14	7.22e-07	1.00e+00
 1.39492e+14	2.02e-14	7.81e-07	1.00e+00
 1.44900e+14	2.35e-14	8.43e-07	1.00e+00
 1.50524e+14	2.73e-14	9.10e-07	1.00e+00
 1.56575e+14	3.19e-14	9.84e-07	1.00e+00
 1.62251e+14	3.67e-14	1.06e-06	1.00e+00
 1.67329e+14	4.14e-14	1.12e-06	1.00e+00
 1.73049e+14	4.73e-14	1.20e-06	1.00e+00
 1.79822e+14	5.50e-14	1.30e-06	1.00e+00
 1.86677e+14	6.38e-14	1.40e-06	1.00e+00
 1.93255e+14	7.30e-14	1.50e-06	1.00e+00
 1.99602e+14	8.30e-14	1.60e-06	1.00e+00
 2.06696e+14	9.51e-14	1.71e-06	1.00e+00
 2.14506e+14	1.10e-13	1.84e-06	1.00e+00
 2.21692e+14	1.25e-13	1.97e-06	1.00e+00
 2.29476e+14	1.44e-13	2.11e-06	1.00e+00
 2.38195e+14	1.66e-13	2.27e-06	1.00e+00
 2.46430e+14	1.90e-13	2.44e-06	1.00e+00
 2.55369e+14	2.19e-13	2.62e-06	1.00e+00
 2.65294e+14	2.55e-13	2.83e-06	1.00e+00
 2.74684e+14	2.92e-13	3.03e-06	1.00e+00
 2.84768e+14	3.37e-13	3.26e-06	1.00e+00
 2.96189e+14	3.94e-13	3.54e-06	1.00e+00
 3.07377e+14	4.57e-13	3.82e-06	1.00e+00
 3.19014e+14	5.30e-13	4.12e-06	1.00e+00
 3.31804e+14	6.21e-13	4.47e-06	1.00e+00
 3.44675e+14	7.24e-13	4.84e-06	1.00e+00
 3.58061e+14	8.44e-13	5.24e-06	1.00e+00
 3.72414e+14	9.89e-13	5.69e-06	1.00e+00
 3.87340e+14	1.16e-12	6.18e-06	1.00e+00
 4.02864e+14	1.36e-12	6.71e-06	1.00e+00
 4.19008e+14	1.60e-12	7.30e-06	1.00e+00
 4.34646e+14	1.86e-12	7.90e-06	1.00e+00
 4.49338e+14	2.13e-12	8.48e-06	1.00e+00
 4.63285e+14	2.42e-12	9.05e-06	1.00e+00
 4.78607e+14	2.77e-12	9.72e-06	1.00e+00
 4.95633e+14	3.20e-12	1.05e-05	1.00e+00
 5.11614e+14	3.65e-12	1.12e-05	1.00e+00
 5.29128e+14	4.21e-12	1.21e-05	1.00e+00
 5.48759e+14	4.89e-12	1.31e-05	1.00e+00
 5.67482e+14	5.64e-12	1.41e-05	1.00e+00
 5.85164e+14	6.41e-12	1.51e-05	1.00e+00
 6.05153e+14	7.39e-12	1.62e-05	1.00e+00
 6.27457e+14	8.60e-12	1.76e-05	1.00e+00
 6.48353e+14	9.85e-12	1.89e-05	1.00e+00
 6.71099e+14	1.14e-11	2.04e-05	1.00e+00
 6.96320e+14	1.33e-11	2.22e-05	1.00e+00
 7.19761e+14	1.53e-11	2.39e-05	1.00e+00
 7.45240e+14	1.77e-11	2.58e-05	1.00e+00
 7.73660e+14	2.07e-11	2.81e-05	1.00e+00
 8.00336e+14	2.39e-11	3.03e-05	1.00e+00
 8.29268e+14	2.77e-11	3.28e-05	1.00e+00
 8.61456e+14	3.25e-11	3.57e-05	1.00e+00
 8.91898e+14	3.76e-11	3.86e-05	1.00e+00
 9.24572e+14	4.37e-11	4.18e-05	1.00e+00
 9.61584e+14	5.15e-11	4.56e-05	1.00e+00
 9.97832e+14	6.01e-11	4.96e-05	1.00e+00
 1.03553e+15	7.02e-11	5.39e-05	1.00e+00
 1.07698e+15	8.27e-11	5.88e-05	1.00e+00
 1.11873e+15	9.69e-11	6.41e-05	1.00e+00
 1.16214e+15	1.14e-10	6.98e-05	1.00e+00
 1.20866e+15	1.34e-10	7.61e-05	1.00e+00
 1.25703e+15	1.57e-10	8.31e-05	1.00e+00
 1.30735e+15	1.85e-10	9.07e-05	1.00e+00
 1.35139e+15	2.12e-10	9.76e-05	1.00e+00
 1.38604e+15	2.35e-10	1.03e-04	1.00e+00
 1.42340e+15	2.63e-10	1.09e-04	1.00e+00
 1.47198e+15	3.02e-10	1.18e-04	1.00e+00
 1.52450e+15	3.48e-10	1.27e-04	1.00e+00
 1.57192e+15	3.94e-10	1.36e-04	1.00e+00
 1.62331e+15	4.50e-10	1.46e-04	1.00e+00
 1.68542e+15	5.26e-10	1.59e-04	1.00e+00
 1.74707e+15	6.09e-10	1.72e-04	1.00e+00
 1.80176e+15	6.91e-10	1.84e-04	1.00e+00
 1.86180e+15	7.90e-10	1.97e-04	1.00e+00
 1.93366e+15	9.22e-10	2.14e-04	1.00e+00
 2.00497e+15	1.07e-09	2.32e-04	1.00e+00
 2.06953e+15	1.22e-09	2.48e-04	1.00e+00
 2.14122e+15	1.40e-09	2.67e-04	1.00e+00
 2.22540e+15	1.64e-09	2.90e-04	1.00e+00
 2.30829e+15	1.90e-09	3.14e-04	1.00e+00
 2.38547e+15	2.17e-09	3.37e-04	1.00e+00
 2.47190e+15	2.51e-09	3.63e-04	1.00e+00
 2.57081e+15	2.94e-09	3.95e-04	1.00e+00
 2.66833e+15	3.42e-09	4.27e-04	1.00e+00
 2.76976e+15	3.98e-09	4.63e-04	1.00e+00
 2.88058e+15	4.66e-09	5.03e-04	9.99e-01
 2.99332e+15	5.44e-09	5.45e-04	9.99e-01
 3.11058e+15	6.35e-09	5.91e-04	9.99e-01
 3.23503e+15	7.45e-09	6.41e-04	9.99e-01
 3.36446e+15	8.73e-09	6.96e-04	9.99e-01
 3.47732e+15	9.96e-09	7.46e-04	9.99e-01
 3.56590e+15	1.10e-08	7.86e-04	9.99e-01
 3.66185e+15	1.23e-08	8.30e-04	9.99e-01
 3.78658e+15	1.40e-08	8.90e-04	9.99e-01
 3.92174e+15	1.62e-08	9.57e-04	9.99e-01
 4.04352e+15	1.83e-08	1.02e-03	9.99e-01
 4.17490e+15	2.08e-08	1.09e-03	9.99e-01
 4.33415e+15	2.42e-08	1.18e-03	9.99e-01
 4.49138e+15	2.78e-08	1.27e-03	9.99e-01
 4.62898e+15	3.13e-08	1.35e-03	9.99e-01
 4.77934e+15	3.57e-08	1.44e-03	9.99e-01
 4.96163e+15	4.15e-08	1.55e-03	9.98e-01
 5.14313e+15	4.79e-08	1.67e-03	9.98e-01
 5.30567e+15	5.43e-08	1.78e-03	9.98e-01
 5.48584e+15	6.22e-08	1.91e-03	9.98e-01
 5.69945e+15	7.25e-08	2.06e-03	9.98e-01
 5.90941e+15	8.39e-08	2.22e-03	9.98e-01
 6.10098e+15	9.53e-08	2.37e-03	9.98e-01
 6.31577e+15	1.10e-07	2.55e-03	9.97e-01
 6.55639e+15	1.28e-07	2.75e-03	9.97e-01
 6.78869e+15	1.47e-07	2.95e-03	9.97e-01
 7.00475e+15	1.67e-07	3.15e-03	9.97e-01
 7.24159e+15	1.91e-07	3.38e-03	9.97e-01
 7.50494e+15	2.21e-07	3.64e-03	9.96e-01
 7.72975e+15	2.49e-07	3.87e-03	9.96e-01
 7.91598e+15	2.74e-07	4.06e-03	9.96e-01
 8.12507e+15	3.06e-07	4.30e-03	9.96e-01
 8.39689e+15	3.51e-07	4.62e-03	9.95e-01
 8.67769e+15	4.01e-07	4.96e-03	9.95e-01
 8.91637e+15	4.48e-07	5.25e-03	9.95e-01
 9.17288e+15	5.06e-07	5.60e-03	9.94e-01
 9.50423e+15	5.90e-07	6.09e-03	9.94e-01
 9.82977e+15	6.77e-07	6.56e-03	9.93e-01
 1.00811e+16	7.53e-07	6.95e-03	9.93e-01
 1.03391e+16	8.43e-07	7.40e-03	9.93e-01
 1.06744e+16	9.75e-07	8.03e-03	9.92e-01
 1.10173e+16	1.12e-06	8.69e-03	9.91e-01
 1.12981e+16	1.25e-06	9.28e-03	9.91e-01
 1.15479e+16	1.38e-06	9.85e-03	9.90e-01
 1.18292e+16	1.56e-06	1.06e-02	9.89e-01
 1.21407e+16	1.77e-06	1.14e-02	9.89e-01
 1.24259e+16	1.98e-06	1.23e-02	9.88e-01
 1.26876e+16	2.21e-06	1.31e-02	9.87e-01
 1.29849e+16	2.51e-06	1.42e-02	9.86e-01
 1.33031e+16	2.88e-06	1.55e-02	9.84e-01
 1.35802e+16	3.24e-06	1.68e-02	9.83e-01
 1.38314e+16	3.62e-06	1.81e-02	9.82e-01
 1.41175e+16	4.16e-06	1.99e-02	9.80e-01
 1.44214e+16	4.80e-06	2.20e-02	9.78e-01
 1.46835e+16	5.46e-06	2.42e-02	9.76e-01
 1.49183e+16	6.19e-06	2.64e-02	9.74e-01
 1.51393e+16	6.97e-06	2.88e-02	9.71e-01
 1.53834e+16	8.09e-06	3.21e-02	9.68e-01
 1.56454e+16	9.45e-06	3.61e-02	9.64e-01
 1.58735e+16	1.10e-05	4.05e-02	9.60e-01
 1.60718e+16	1.26e-05	4.50e-02	9.55e-01
 1.62887e+16	1.48e-05	5.11e-02	9.49e-01
 1.65184e+16	1.80e-05	5.91e-02	9.41e-01
 1.67058e+16	2.12e-05	6.75e-02	9.33e-01
 1.68574e+16	2.46e-05	7.58e-02	9.24e-01
 1.70217e+16	2.92e-05	8.71e-02	9.13e-01
 1.71960e+16	3.51e-05	1.02e-01	8.98e-01
 1.73423e+16	4.22e-05	1.19e-01	8.81e-01
 1.74627e+16	5.01e-05	1.35e-01	8.65e-01
 1.75688e+16	5.80e-05	1.54e-01	8.46e-01
 1.76662e+16	6.80e-05	1.74e-01	8.26e-01
 1.77453e+16	7.69e-05	1.94e-01	8.06e-01
 1.78194e+16	8.77e-05	2.16e-01	7.84e-01
 1.79001e+16	1.02e-04	2.44e-01	7.56e-01
 1.79685e+16	1.15e-04	2.71e-01	7.29e-01
 1.80365e+16	1.32e-04	3.03e-01	6.97e-01
 1.81099e+16	1.53e-04	3.42e-01	6.58e-01
 1.81716e+16	1.73e-04	3.78e-01	6.21e-01
 1.82330e+16	1.96e-04	4.20e-01	5.80e-01
 1.83014e+16	2.23e-04	4.69e-01	5.31e-01
 1.83651e+16	2.53e-04	5.18e-01	4.82e-01
 1.84247e+16	2.83e-04	5.66e-01	4.34e-01
 1.84923e+16	3.19e-04	6.21e-01	3.78e-01
 1.85676e+16	3.59e-04	6.80e-01	3.19e-01
 1.86407e+16	3.97e-04	7.33e-01	2.66e-01
 1.87234e+16	4.39e-04	7.86e-01	2.13e-01
 1.88309e+16	4.88e-04	8.42e-01	1.57e-01
 1.89707e+16	5.42e-04	8.95e-01	1.05e-01
 1.91274e+16	5.90e-04	9.32e-01	6.77e-02
 1.93060e+16	6.35e-04	9.57e-01	4.19e-02
 1.95382e+16	6.84e-04	9.76e-01	2.38e-02
 1.98401e+16	7.42e-04	9.87e-01	1.23e-02
 2.01751e+16	8.05e-04	9.93e-01	6.52e-03
 2.04790e+16	8.67e-04	9.95e-01	3.93e-03
 2.07443e+16	9.28e-04	9.96e-01	2.63e-03
 2.10334e+16	1.00e-03	9.97e-01	1.73e-03
 2.13380e+16	1.10e-03	9.98e-01	1.17e-03
 2.15874e+16	1.19e-03	9.98e-01	8.70e-04
 2.17493e+16	1.25e-03	9.98e-01	7.32e-04
 2.18442e+16	1.30e-03	9.98e-01	6.59e-04
 2.19391e+16	1.34e-03	9.98e-01	5.90e-04
 2.20626e+16	1.40e-03	9.98e-01	5.13e-04
 2.22007e+16	1.48e-03	9.98e-01	4.43e-04
 2.23256e+16	1.56e-03	9.98e-01	3.89e-04
 2.24325e+16	1.63e-03	9.98e-01	3.50e-04
 2.25481e+16	1.72e-03	9.98e-01	3.10e-04
 2.26612e+16	1.81e-03	9.98e-01	2.78e-04
 2.27433e+16	1.89e-03	9.98e-01	2.58e-04
 2.28116e+16	1.95e-03	9.98e-01	2.41e-04
 2.28896e+16	2.03e-03	9.98e-01	2.23e-04
 2.29777e+16	2.13e-03	9.98e-01	2.05e-04
 2.30584e+16	2.23e-03	9.98e-01	1.91e-04
 2.31280e+16	2.33e-03	9.97e-01	1.79e-04
 2.32036e+16	2.44e-03	9.97e-01	1.67e-04
 2.32849e+16	2.56e-03	9.97e-01	1.55e-04
 2.33547e+16	2.68e-03	9.97e-01	1.46e-04
 2.34148e+16	2.80e-03	9.97e-01	1.38e-04
 2.34812e+16	2.93e-03	9.97e-01	1.30e-04
 2.35529e+16	3.09e-03	9.97e-01	1.22e-04
 2.36157e+16	3.24e-03	9.97e-01	1.16e-04
 2.36705e+16	3.39e-03	9.97e-01	1.10e-04
 2.37308e+16	3.56e-03	9.96e-01	1.04e-04
 2.37961e+16	3.77e-03	9.96e-01	9.88e-05
 2.38526e+16	3.97e-03	9.96e-01	9.42e-05
 2.39016e+16	4.16e-03	9.96e-01	9.04e-05
 2.39557e+16	4.38e-03	9.96e-01	8.62e-05
 2.40148e+16	4.65e-03	9.95e-01	8.20e-05
 2.40666e+16	4.92e-03	9.95e-01	7.85e-05
 2.41120e+16	5.17e-03	9.95e-01	7.57e-05
 2.41625e+16	5.49e-03	9.94e-01	7.24e-05
 2.42176e+16	5.87e-03	9.94e-01	6.92e-05
 2.42666e+16	6.26e-03	9.94e-01	6.64e-05
 2.43100e+16	6.64e-03	9.93e-01	6.41e-05
 2.43584e+16	7.12e-03	9.93e-01	6.14e-05
 2.44120e+16	7.71e-03	9.92e-01	5.88e-05
 2.44610e+16	8.34e-03	9.92e-01	5.65e-05
 2.45057e+16	9.00e-03	9.91e-01	5.45e-05
 2.45563e+16	9.87e-03	9.90e-01	5.22e-05
 2.46098e+16	1.10e-02	9.89e-01	5.00e-05
 2.46537e+16	1.20e-02	9.88e-01	4.82e-05
 2.46882e+16	1.30e-02	9.87e-01	4.70e-05
 2.47240e+16	1.42e-02	9.86e-01	4.56e-05
 2.47629e+16	1.57e-02	9.84e-01	4.41e-05
 2.47963e+16	1.72e-02	9.83e-01	4.30e-05
 2.48237e+16	1.86e-02	9.81e-01	4.21e-05
 2.48481e+16	2.01e-02	9.80e-01	4.12e-05
 2.48750e+16	2.20e-02	9.78e-01	4.03e-05
 2.49048e+16	2.44e-02	9.76e-01	3.95e-05
 2.49303e+16	2.69e-02	9.73e-01	3.88e-05
 2.49512e+16	2.93e-02	9.71e-01	3.82e-05
 2.49741e+16	3.23e-02	9.68e-01	3.76e-05
 2.49995e+16	3.61e-02	9.64e-01	3.70e-05
 2.50212e+16	4.02e-02	9.60e-01	3.65e-05
 2.50387e+16	4.39e-02	9.56e-01	3.63e-05
 2.50577e+16	4.86e-02	9.51e-01	3.59e-05
 2.50788e+16	5.47e-02	9.45e-01	3.57e-05
 2.50979e+16	6.13e-02	9.39e-01	3.55e-05
 2.51141e+16	6.78e-02	9.32e-01	3.55e-05
 2.51291e+16	7.47e-02	9.25e-01	3.55e-05
 2.51459e+16	8.38e-02	9.16e-01	3.56e-05
 2.51633e+16	9.48e-02	9.05e-01	3.58e-05
 2.51776e+16	1.05e-01	8.94e-01	3.61e-05
 2.51897e+16	1.16e-01	8.84e-01	3.65e-05
 2.52012e+16	1.27e-01	8.73e-01	3.68e-05
 2.52124e+16	1.38e-01	8.62e-01	3.73e-05
 2.52228e+16	1.51e-01	8.49e-01	3.76e-05
 2.52320e+16	1.63e-01	8.37e-01	3.81e-05
 2.52391e+16	1.73e-01	8.27e-01	3.85e-05
 2.52438e+16	1.79e-01	8.21e-01	3.88e-05
 2.52480e+16	1.86e-01	8.14e-01	3.90e-05
 2.52529e+16	1.94e-01	8.06e-01	3.93e-05
 2.52582e+16	2.03e-01	7.97e-01	3.96e-05
 2.52633e+16	2.13e-01	7.87e-01	3.99e-05
 2.52681e+16	2.21e-01	7.79e-01	4.03e-05
 2.52729e+16	2.31e-01	7.69e-01	4.05e-05
 2.52777e+16	2.41e-01	7.59e-01	4.09e-05
 2.52824e+16	2.51e-01	7.49e-01	4.12e-05
 2.52871e+16	2.62e-01	7.38e-01	4.15e-05
 2.52917e+16	2.72e-01	7.28e-01	4.18e-05
 2.52961e+16	2.83e-01	7.17e-01	4.22e-05
 2.53007e+16	2.95e-01	7.05e-01	4.25e-05
 2.53051e+16	3.06e-01	6.94e-01	4.29e-05
 2.53095e+16	3.18e-01	6.81e-01	4.31e-05
 2.53138e+16	3.30e-01	6.70e-01	4.35e-05
 2.53181e+16	3.43e-01	6.57e-01	4.37e-05
 2.53224e+16	3.56e-01	6.44e-01	4.40e-05
 2.53266e+16	3.69e-01	6.31e-01	4.43e-05
 2.53307e+16	3.82e-01	6.18e-01	4.45e-05
 2.53348e+16	3.96e-01	6.04e-01	4.48e-05
 2.53389e+16	4.09e-01	5.91e-01	4.50e-05
 2.53429e+16	4.23e-01	5.77e-01	4.52e-05
 2.53468e+16	4.37e-01	5.63e-01	4.54e-05
 2.53507e+16	4.51e-01	5.49e-01	4.55e-05
 2.53546e+16	4.65e-01	5.35e-01	4.57e-05
 2.53585e+16	4.79e-01	5.21e-01	4.58e-05
 2.53623e+16	4.94e-01	5.06e-01	4.59e-05
 2.53660e+16	5.08e-01	4.92e-01	4.60e-05
 2.53696e+16	5.22e-01	4.78e-01	4.60e-05
 2.53732e+16	5.36e-01	4.64e-01	4.60e-05
 2.53767e+16	5.49e-01	4.50e-01	4.60e-05
 2.53801e+16	5.63e-01	4.37e-01	4.59e-05
 2.53835e+16	5.76e-01	4.24e-01	4.59e-05
 2.53868e+16	5.89e-01	4.11e-01	4.59e-05
 2.53900e+16	6.02e-01	3.98e-01	4.58e-05
 2.53932e+16	6.14e-01	3.86e-01	4.57e-05
 2.53963e+16	6.26e-01	3.74e-01	4.55e-05
 2.53994e+16	6.39e-01	3.61e-01	4.53e-05
 2.54024e+16	6.50e-01	3.50e-01	4.51e-05
 2.54054e+16	6.62e-01	3.38e-01	4.49e-05
 2.54083e+16	6.73e-01	3.27e-01	4.46e-05
 2.54111e+16	6.84e-01	3.16e-01	4.44e-05
 2.54139e+16	6.94e-01	3.06e-01	4.41e-05
 2.54167e+16	7.05e-01	2.95e-01	4.38e-05
 2.54194e+16	7.14e-01	2.86e-01	4.35e-05
 2.54221e+16	7.24e-01	2.76e-01	4.32e-05
 2.54247e+16	7.33e-01	2.67e-01	4.29e-05
 2.54273e+16	7.43e-01	2.57e-01	4.25e-05
 2.54299e+16	7.51e-01	2.49e-01	4.22e-05
 2.54324e+16	7.60e-01	2.40e-01	4.18e-05
 2.54349e+16	7.68e-01	2.32e-01	4.15e-05
 2.54373e+16	7.76e-01	2.24e-01	4.11e-05
 2.54398e+16	7.84e-01	2.16e-01	4.07e-05
 2.54422e+16	7.91e-01	2.09e-01	4.03e-05
 2.54445e+16	7.99e-01	2.01e-01	3.98e-05
 2.54466e+16	8.05e-01	1.95e-01	3.94e-05
 2.54482e+16	8.09e-01	1.91e-01	3.91e-05
 2.54496e+16	8.14e-01	1.86e-01	3.87e-05
 2.54512e+16	8.18e-01	1.82e-01	3.84e-05
 2.54528e+16	8.23e-01	1.77e-01	3.81e-05
 2.54543e+16	8.27e-01	1.73e-01	3.77e-05
 2.54558e+16	8.31e-01	1.69e-01	3.74e-05
 2.54572e+16	8.35e-01	1.65e-01	3.71e-05
 2.54587e+16	8.39e-01	1.61e-01	3.67e-05
 2.54600e+16	8.43e-01	1.57e-01	3.64e-05
 2.54614e+16	8.46e-01	1.54e-01	3.61e-05
 2.54627e+16	8.50e-01	1.50e-01	3.58e-05
 2.54641e+16	8.53e-01	1.47e-01	3.55e-05
 2.54654e+16	8.56e-01	1.44e-01	3.51e-05
 2.54667e+16	8.59e-01	1.40e-01	3.48e-05
 2.54681e+16	8.63e-01	1.37e-01	3.45e-05
 2.54694e+16	8.66e-01	1.34e-01	3.41e-05
 2.54708e+16	8.69e-01	1.31e-01	3.38e-05
 2.54722e+16	8.72e-01	1.28e-01	3.35e-05
 2.54738e+16	8.76e-01	1.24e-01	3.31e-05
 2.54754e+16	8.79e-01	1.21e-01	3.26e-05
 2.54771e+16	8.83e-01	1.17e-01	3.22e-05
 2.54790e+16	8.87e-01	1.13e-01	3.17e-05
 2.54811e+16	8.91e-01	1.09e-01	3.11e-05
 2.54831e+16	8.95e-01	1.05e-01	3.06e-05
 2.54849e+16	8.98e-01	1.01e-01	3.00e-05
 2.54867e+16	9.02e-01	9.81e-02	2.95e-05
 2.54884e+16	9.05e-01	9.49e-02	2.89e-05
 2.54901e+16	9.08e-01	9.19e-02	2.84e-05
 2.54917e+16	9.11e-01	8.90e-02	2.79e-05
 2.54932e+16	9.14e-01	8.63e-02	2.73e-05
 2.54946e+16	9.16e-01	8.39e-02	2.68e-05
 2.54959e+16	9.18e-01	8.19e-02	2.64e-05
 2.54970e+16	9.20e-01	8.00e-02	2.60e-05
 2.54981e+16	9.22e-01	7.82e-02	2.56e-05
 2.54990e+16	9.23e-01	7.67e-02	2.52e-05
 2.54999e+16	9.25e-01	7.53e-02	2.49e-05
 2.55006e+16	9.26e-01	7.40e-02	2.45e-05
 2.55014e+16	9.27e-01	7.28e-02	2.43e-05
 2.55021e+16	9.28e-01	7.15e-02	2.39e-05
 2.55030e+16	9.30e-01	7.03e-02	2.36e-05
 2.55038e+16	9.31e-01	6.91e-02	2.33e-05
 2.55045e+16	9.32e-01	6.80e-02	2.30e-05
 2.55051e+16	9.33e-01	6.70e-02	2.27e-05
 2.55058e+16	9.34e-01	6.59e-02	2.24e-05
 2.55065e+16	9.35e-01	6.48e-02	2.22e-05
 2.55072e+16	9.36e-01	6.38e-02	2.19e-05
 2.55078e+16	9.37e-01	6.29e-02	2.16e-05
 2.55084e+16	9.38e-01	6.20e-02	2.13e-05
 2.55090e+16	9.39e-01	6.10e-02	2.10e-05
 2.55097e+16	9.40e-01	6.01e-02	2.08e-05
 2.55103e+16	9.41e-01	5.92e-02	2.05e-05
 2.55109e+16	9.42e-01	5.84e-02	2.02e-05
 2.55114e+16	9.42e-01	5.76e-02	2.00e-05
 2.55119e+16	9.43e-01	5.68e-02	1.97e-05
 2.55125e+16	9.44e-01	5.60e-02	1.95e-05
 2.55131e+16	9.45e-01	5.52e-02	1.93e-05
 2.55136e+16	9.45e-01	5.45e-02	1.90e-05
 2.55140e+16	9.46e-01	5.39e-02	1.88e-05
 2.55145e+16	9.47e-01	5.32e-02	1.85e-05
 2.55151e+16	9.48e-01	5.22e-02	1.83e-05
 2.55158e+16	9.49e-01	5.13e-02	1.79e-05
 2.55165e+16	9.50e-01	5.05e-02	1.77e-05
 2.55170e+16	9.50e-01	4.97e-02	1.74e-05
 2.55176e+16	9.51e-01	4.90e-02	1.72e-05
 2.55180e+16	9.52e-01	4.84e-02	1.69e-05
 2.55185e+16	9.52e-01	4.78e-02	1.67e-05
 2.55189e+16	9.53e-01	4.73e-02	1.65e-05
 2.55193e+16	9.53e-01	4.67e-02	1.63e-05
 2.55198e+16	9.54e-01	4.59e-02	1.61e-05
 2.55205e+16	9.55e-01	4.51e-02	1.58e-05
 2.55210e+16	9.56e-01	4.45e-02	1.56e-05
 2.55215e+16	9.56e-01	4.39e-02	1.54e-05
 2.55220e+16	9.57e-01	4.33e-02	1.52e-05
 2.55224e+16	9.57e-01	4.27e-02	1.50e-05
 2.55227e+16	9.58e-01	4.23e-02	1.48e-05
 2.55232e+16	9.58e-01	4.18e-02	1.46e-05
 2.55237e+16	9.59e-01	4.11e-02	1.44e-05
 2.55243e+16	9.60e-01	4.05e-02	1.42e-05
 2.55248e+16	9.60e-01	3.99e-02	1.40e-05
 2.55253e+16	9.61e-01	3.93e-02	1.38e-05
 2.55257e+16	9.61e-01	3.88e-02	1.36e-05
 2.55262e+16	9.62e-01	3.83e-02	1.35e-05
 2.55268e+16	9.62e-01	3.76e-02	1.32e-05
 2.55275e+16	9.63e-01	3.69e-02	1.30e-05
 2.55281e+16	9.64e-01	3.63e-02	1.28e-05
 2.55287e+16	9.64e-01	3.58e-02	1.26e-05
 2.55292e+16	9.65e-01	3.53e-02	1.24e-05
 2.55296e+16	9.65e-01	3.48e-02	1.23e-05
 2.55301e+16	9.66e-01	3.43e-02	1.21e-05
 2.55308e+16	9.66e-01	3.37e-02	1.19e-05
 2.55315e+16	9.67e-01	3.30e-02	1.16e-05
 2.55322e+16	9.68e-01	3.24e-02	1.15e-05
 2.55327e+16	9.68e-01	3.19e-02	1.13e-05
 2.55333e+16	9.69e-01	3.15e-02	1.11e-05
 2.55338e+16	9.69e-01	3.10e-02	1.10e-05
 2.55343e+16	9.69e-01	3.06e-02	1.08e-05
 2.55350e+16	9.70e-01	3.00e-02	1.06e-05
 2.55357e+16	9.71e-01	2.94e-02	1.04e-05
 2.55364e+16	9.71e-01	2.88e-02	1.03e-05
 2.55370e+16	9.72e-01	2.84e-02	1.01e-05
 2.55376e+16	9.72e-01	2.79e-02	9.96e-06
 2.55382e+16	9.73e-01	2.74e-02	9.80e-06
 2.55389e+16	9.73e-01	2.70e-02	9.64e-06
 2.55395e+16	9.73e-01	2.65e-02	9.50e-06
 2.55400e+16	9.74e-01	2.61e-02	9.35e-06
 2.55406e+16	9.74e-01	2.57e-02	9.22e-06
 2.55413e+16	9.75e-01	2.53e-02	9.08e-06
 2.55419e+16	9.75e-01	2.49e-02	8.94e-06
 2.55424e+16	9.75e-01	2.45e-02	8.82e-06
 2.55430e+16	9.76e-01	2.41e-02	8.70e-06
 2.55438e+16	9.76e-01	2.36e-02	8.53e-06
 2.55446e+16	9.77e-01	2.31e-02	8.38e-06
 2.55454e+16	9.77e-01	2.27e-02	8.24e-06
 2.55461e+16	9.78e-01	2.23e-02	8.10e-06
 2.55467e+16	9.78e-01	2.19e-02	7.98e-06
 2.55474e+16	9.78e-01	2.15e-02	7.86e-06
 2.55481e+16	9.79e-01	2.11e-02	7.73e-06
 2.55488e+16	9.79e-01	2.08e-02	7.60e-06
 2.55495e+16	9.80e-01	2.04e-02	7.48e-06
 2.55503e+16	9.80e-01	2.00e-02	7.35e-06
 2.55511e+16	9.80e-01	1.96e-02	7.23e-06
 2.55519e+16	9.81e-01	1.92e-02	7.10e-06
 2.55527e+16	9.81e-01	1.88e-02	6.97e-06
 2.55535e+16	9.82e-01	1.85e-02	6.86e-06
 2.55542e+16	9.82e-01	1.82e-02	6.76e-06
 2.55550e+16	9.82e-01	1.78e-02	6.64e-06
 2.55558e+16	9.83e-01	1.74e-02	6.52e-06
 2.55566e+16	9.83e-01	1.71e-02	6.42e-06
 2.55574e+16	9.83e-01	1.68e-02	6.30e-06
 2.55583e+16	9.84e-01	1.64e-02	6.19e-06
 2.55592e+16	9.84e-01	1.61e-02	6.09e-06
 2.55601e+16	9.84e-01	1.57e-02	5.97e-06
 2.55610e+16	9.85e-01	1.54e-02	5.85e-06
 2.55619e+16	9.85e-01	1.51e-02	5.75e-06
 2.55629e+16	9.85e-01	1.47e-02	5.63e-06
 2.55640e+16	9.86e-01	1.44e-02	5.52e-06
 2.55649e+16	9.86e-01	1.41e-02	5.42e-06
 2.55660e+16	9.86e-01	1.37e-02	5.30e-06
 2.55671e+16	9.87e-01	1.34e-02	5.19e-06
 2.55681e+16	9.87e-01	1.31e-02	5.09e-06
 2.55691e+16	9.87e-01	1.28e-02	5.00e-06
 2.55701e+16	9.87e-01	1.25e-02	4.89e-06
 2.55712e+16	9.88e-01	1.22e-02	4.79e-06
 2.55722e+16	9.88e-01	1.19e-02	4.71e-06
 2.55733e+16	9.88e-01	1.16e-02	4.60e-06
 2.55745e+16	9.89e-01	1.14e-02	4.51e-06
 2.55756e+16	9.89e-01	1.11e-02	4.42e-06
 2.55768e+16	9.89e-01	1.08e-02	4.32e-06
 2.55781e+16	9.89e-01	1.05e-02	4.22e-06
 2.55792e+16	9.90e-01	1.03e-02	4.14e-06
 2.55805e+16	9.90e-01	1.00e-02	4.04e-06
 2.55819e+16	9.90e-01	9.73e-03	3.94e-06
 2.55831e+16	9.91e-01	9.49e-03	3.86e-06
 2.55845e+16	9.91e-01	9.22e-03	3.76e-06
 2.55863e+16	9.91e-01	8.89e-03	3.64e-06
 2.55885e+16	9.91e-01	8.53e-03	3.52e-06
 2.55908e+16	9.92e-01	8.17e-03	3.39e-06
 2.55930e+16	9.92e-01	7.84e-03	3.27e-06
 2.55953e+16	9.92e-01	7.52e-03	3.15e-06
 2.55978e+16	9.93e-01	7.20e-03	3.03e-06
 2.56004e+16	9.93e-01	6.89e-03	2.91e-06
 2.56031e+16	9.93e-01	6.58e-03	2.80e-06
 2.56060e+16	9.94e-01	6.29e-03	2.68e-06
 2.56089e+16	9.94e-01	6.00e-03	2.57e-06
 2.56121e+16	9.94e-01	5.73e-03	2.46e-06
 2.56155e+16	9.95e-01	5.45e-03	2.35e-06
 2.56191e+16	9.95e-01	5.20e-03	2.25e-06
 2.56229e+16	9.95e-01	4.95e-03	2.15e-06
 2.56270e+16	9.95e-01	4.71e-03	2.05e-06
 2.56315e+16	9.96e-01	4.48e-03	1.95e-06
 2.56364e+16	9.96e-01	4.27e-03	1.86e-06
 2.56418e+16	9.96e-01	4.06e-03	1.77e-06
 2.56478e+16	9.96e-01	3.86e-03	1.69e-06
 2.56546e+16	9.96e-01	3.68e-03	1.61e-06
 2.56624e+16	9.96e-01	3.51e-03	1.53e-06
 2.56716e+16	9.97e-01	3.35e-03	1.45e-06
 2.56816e+16	9.97e-01	3.21e-03	1.39e-06
 2.56915e+16	9.97e-01	3.11e-03	1.34e-06
 2.57015e+16	9.97e-01	3.03e-03	1.30e-06
 2.57115e+16	9.97e-01	2.96e-03	1.26e-06
 2.57230e+16	9.97e-01	2.90e-03	1.23e-06
 2.57379e+16	9.97e-01	2.84e-03	1.20e-06
 2.57572e+16	9.97e-01	2.77e-03	1.15e-06
 2.57824e+16	9.97e-01	2.71e-03	1.11e-06
 2.58152e+16	9.97e-01	2.63e-03	1.06e-06
 2.58578e+16	9.97e-01	2.55e-03	1.00e-06
 2.59131e+16	9.98e-01	2.45e-03	9.31e-07
 2.59846e+16	9.98e-01	2.34e-03	8.48e-07
 2.60671e+16	9.98e-01	2.22e-03	7.66e-07
 2.61508e+16	9.98e-01	2.11e-03	6.92e-07
 2.62342e+16	9.98e-01	2.00e-03	6.26e-07
 2.63204e+16	9.98e-01	1.90e-03	5.65e-07
 2.64104e+16	9.98e-01	1.80e-03	5.08e-07
 2.65033e+16	9.98e-01	1.71e-03	4.55e-07
 2.65984e+16	9.98e-01	1.62e-03	4.08e-07
 2.66959e+16	9.98e-01	1.53e-03	3.64e-07
 2.67964e+16	9.99e-01	1.45e-03	3.25e-07
 2.68999e+16	9.99e-01	1.37e-03	2.89e-07
 2.70063e+16	9.99e-01	1.29e-03	2.56e-07
 2.71159e+16	9.99e-01	1.22e-03	2.27e-07
 2.72288e+16	9.99e-01	1.15e-03	2.00e-07
 2.73452e+16	9.99e-01	1.08e-03	1.76e-07
 2.74650e+16	9.99e-01	1.01e-03	1.55e-07
 2.75886e+16	9.99e-01	9.51e-04	1.36e-07
 2.77162e+16	9.99e-01	8.92e-04	1.18e-07
 2.78480e+16	9.99e-01	8.36e-04	1.03e-07
 2.79824e+16	9.99e-01	7.82e-04	8.98e-08
 2.81212e+16	9.99e-01	7.31e-04	7.77e-08
 2.82679e+16	9.99e-01	6.81e-04	6.68e-08
 2.84211e+16	9.99e-01	6.33e-04	5.72e-08
 2.85804e+16	9.99e-01	5.87e-04	4.87e-08
 2.87465e+16	9.99e-01	5.44e-04	4.12e-08
 2.89200e+16	9.99e-01	5.02e-04	3.47e-08
 2.91017e+16	1.00e+00	4.62e-04	2.90e-08
 2.92946e+16	1.00e+00	4.23e-04	2.40e-08
 2.94972e+16	1.00e+00	3.86e-04	1.97e-08
 2.97110e+16	1.00e+00	3.51e-04	1.60e-08
 2.99404e+16	1.00e+00	3.16e-04	1.28e-08
 3.01852e+16	1.00e+00	2.83e-04	1.01e-08
 3.04481e+16	1.00e+00	2.52e-04	7.88e-09
 3.07328e+16	1.00e+00	2.21e-04	6.01e-09
 3.10380e+16	1.00e+00	1.92e-04	4.48e-09
 3.13803e+16	1.00e+00	1.63e-04	3.19e-09
 3.17937e+16	1.00e+00	1.34e-04	2.14e-09
 3.22672e+16	1.00e+00	1.07e-04	1.37e-09
 3.27533e+16	1.00e+00	8.58e-05	8.74e-10
 3.32801e+16	1.00e+00	6.70e-05	5.33e-10
 3.39194e+16	1.00e+00	4.96e-05	2.94e-10
 3.46256e+16	1.00e+00	3.62e-05	1.58e-10
 3.53757e+16	1.00e+00	2.60e-05	8.19e-11
 3.61816e+16	1.00e+00	1.84e-05	4.16e-11
 3.70117e+16	1.00e+00	1.30e-05	2.11e-11
 3.78741e+16	1.00e+00	9.18e-06	1.06e-11
 3.87699e+16	1.00e+00	6.43e-06	5.28e-12
 3.96789e+16	1.00e+00	4.53e-06	2.67e-12
 4.06253e+16	1.00e+00	3.18e-06	1.33e-12
 4.16291e+16	1.00e+00	2.20e-06	6.48e-13
 4.26682e+16	1.00e+00	1.51e-06	3.13e-13
 4.37279e+16	1.00e+00	1.04e-06	1.53e-13
 4.48254e+16	1.00e+00	7.19e-07	7.44e-14
 4.59725e+16	1.00e+00	4.92e-07	3.56e-14
 4.71483e+16	1.00e+00	3.34e-07	1.70e-14
 4.82884e+16	1.00e+00	2.35e-07	8.57e-15
 4.94345e+16	1.00e+00	1.65e-07	4.31e-15
 5.06831e+16	1.00e+00	1.13e-07	2.08e-15
 5.20140e+16	1.00e+00	7.72e-08	9.84e-16
 5.33983e+16	1.00e+00	5.21e-08	4.59e-16
 5.48172e+16	1.00e+00	3.55e-08	2.16e-16
 5.62791e+16	1.00e+00	2.40e-08	1.01e-16
 5.77924e+16	1.00e+00	1.63e-08	4.68e-17
 5.93433e+16	1.00e+00	1.10e-08	2.17e-17
 6.09094e+16	1.00e+00	7.51e-09	1.02e-17
 6.24755e+16	1.00e+00	5.17e-09	4.91e-18
 6.40415e+16	1.00e+00	3.61e-09	2.40e-18
 6.56078e+16	1.00e+00	2.53e-09	1.19e-18
 6.71744e+16	1.00e+00	1.79e-09	6.00e-19
 6.87407e+16	1.00e+00	1.27e-09	3.07e-19
 7.03070e+16	1.00e+00	9.16e-10	1.59e-19
 7.18734e+16	1.00e+00	6.62e-10	8.38e-20
 7.34398e+16	1.00e+00	4.83e-10	4.47e-20
 7.50061e+16	1.00e+00	3.54e-10	2.41e-20
 7.65725e+16	1.00e+00	2.61e-10	1.32e-20
 7.81388e+16	1.00e+00	1.94e-10	7.31e-21
 7.97050e+16	1.00e+00	1.45e-10	0.00e+00
 8.12713e+16	1.00e+00	1.09e-10	0.00e+00
 8.28375e+16	1.00e+00	8.25e-11	0.00e+00
 8.46387e+16	1.00e+00	5.96e-11	0.00e+00
 8.67053e+16	1.00e+00	4.19e-11	0.00e+00
 8.88025e+16	1.00e+00	2.96e-11	0.00e+00
 9.10281e+16	1.00e+00	2.05e-11	0.00e+00
 9.34168e+16	1.00e+00	1.41e-11	0.00e+00
 9.58636e+16	1.00e+00	9.64e-12	0.00e+00
 9.83339e+16	1.00e+00	6.67e-12	0.00e+00
 1.00804e+17	1.00e+00	4.65e-12	0.00e+00
 1.03274e+17	1.00e+00	3.28e-12	0.00e+00
 1.05864e+17	1.00e+00	2.29e-12	0.00e+00
 1.08599e+17	1.00e+00	1.58e-12	0.00e+00
 1.11387e+17	1.00e+00	1.10e-12	0.00e+00
 1.14215e+17	1.00e+00	7.71e-13	0.00e+00
 1.17057e+17	1.00e+00	5.46e-13	0.00e+00
 1.19899e+17	1.00e+00	3.92e-13	0.00e+00
 1.23167e+17	1.00e+00	2.71e-13	0.00e+00
 1.27126e+17	1.00e+00	1.78e-13	0.00e+00
 1.31336e+17	1.00e+00	1.19e-13	0.00e+00
 1.35499e+17	1.00e+00	8.41e-14	0.00e+00
 1.39647e+17	1.00e+00	6.28e-14	0.00e+00
 1.43862e+17	1.00e+00	4.93e-14	0.00e+00
 1.48146e+17	1.00e+00	4.06e-14	0.00e+00
 1.52453e+17	1.00e+00	3.50e-14	0.00e+00
 1.56753e+17	1.00e+00	3.15e-14	0.00e+00
 1.61037e+17	1.00e+00	2.92e-14	0.00e+00
 1.65281e+17	1.00e+00	2.76e-14	0.00e+00
 1.69457e+17	1.00e+00	2.67e-14	0.00e+00
 1.73555e+17	1.00e+00	2.60e-14	0.00e+00
 1.77556e+17	1.00e+00	2.56e-14	0.00e+00
 1.81434e+17	1.00e+00	2.54e-14	0.00e+00
 1.85173e+17	1.00e+00	2.53e-14	0.00e+00
 1.88774e+17	1.00e+00	2.53e-14	0.00e+00
 1.92226e+17	1.00e+00	2.53e-14	0.00e+00
 1.95522e+17	1.00e+00	2.54e-14	0.00e+00
 1.98657e+17	1.00e+00	2.56e-14	0.00e+00
 2.01629e+17	1.00e+00	2.57e-14	0.00e+00
 2.04447e+17	1.00e+00	2.59e-14	0.00e+00
 2.07117e+17	1.00e+00	2.61e-14	0.00e+00
 2.09644e+17	1.00e+00	2.62e-14	0.00e+00
 2.12034e+17	1.00e+00	2.64e-14	0.00e+00
 2.14290e+17	1.00e+00	2.66e-14	0.00e+00
 2.16421e+17	1.00e+00	2.67e-14	0.00e+00
 2.18434e+17	1.00e+00	2.69e-14	0.00e+00
 2.20336e+17	1.00e+00	2.70e-14	0.00e+00
 2.22133e+17	1.00e+00	2.72e-14	0.00e+00
 2.23831e+17	1.00e+00	2.73e-14	0.00e+00
 2.25436e+17	1.00e+00	2.74e-14	0.00e+00
 2.26953e+17	1.00e+00	2.75e-14	0.00e+00
 2.28388e+17	1.00e+00	2.76e-14	0.00e+00
 2.29746e+17	1.00e+00	2.77e-14	0.00e+00
 2.31032e+17	1.00e+00	2.78e-14	0.00e+00
 2.32249e+17	1.00e+00	2.79e-14	0.00e+00
 2.33402e+17	1.00e+00	2.79e-14	0.00e+00
 2.34495e+17	1.00e+00	2.80e-14	0.00e+00
 2.35531e+17	1.00e+00	2.81e-14	0.00e+00
 2.36514e+17	1.00e+00	2.81e-14	0.00e+00
 2.37447e+17	1.00e+00	2.82e-14	0.00e+00
 2.38333e+17	1.00e+00	2.82e-14	0.00e+00
 2.39174e+17	1.00e+00	2.83e-14	0.00e+00
 2.39974e+17	1.00e+00	2.83e-14	0.00e+00
 2.40734e+17	1.00e+00	2.84e-14	0.00e+00
 2.41458e+17	1.00e+00	2.84e-14	0.00e+00
 2.42147e+17	1.00e+00	2.84e-14	0.00e+00
 2.42803e+17	1.00e+00	2.85e-14	0.00e+00
 2.43429e+17	1.00e+00	2.85e-14	0.00e+00
 2.44025e+17	1.00e+00	2.85e-14	0.00e+00
 2.44595e+17	1.00e+00	2.86e-14	0.00e+00
 2.45140e+17	1.00e+00	2.86e-14	0.00e+00
 2.45660e+17	1.00e+00	2.86e-14	0.00e+00
 2.46159e+17	1.00e+00	2.86e-14	0.00e+00
 2.46636e+17	1.00e+00	2.86e-14	0.00e+00
 2.47094e+17	1.00e+00	2.87e-14	0.00e+00
 2.47534e+17	1.00e+00	2.87e-14	0.00e+00
 2.47958e+17	1.00e+00	2.87e-14	0.00e+00
 2.48366e+17	1.00e+00	2.87e-14	0.00e+00
 2.48759e+17	1.00e+00	2.87e-14	0.00e+00
 2.49140e+17	1.00e+00	2.87e-14	0.00e+00
 2.49509e+17	1.00e+00	2.87e-14	0.00e+00
 2.49867e+17	1.00e+00	2.87e-14	0.00e+00
 2.50215e+17	1.00e+00	2.87e-14	0.00e+00
 2.50556e+17	1.00e+00	2.87e-14	0.00e+00
 2.50889e+17	1.00e+00	2.87e-14	0.00e+00
 2.51217e+17	1.00e+00	2.87e-14	0.00e+00
 2.51540e+17	1.00e+00	2.87e-14	0.00e+00
 2.51860e+17	1.00e+00	2.87e-14	0.00e+00
 2.52179e+17	1.00e+00	2.87e-14	0.00e+00
 2.52499e+17	1.00e+00	2.87e-14	0.00e+00
 2.52821e+17	1.00e+00	2.87e-14	0.00e+00
 2.53148e+17	1.00e+00	2.87e-14	0.00e+00
 2.53482e+17	1.00e+00	2.87e-14	0.00e+00
 2.53827e+17	1.00e+00	2.87e-14	0.00e+00
 2.54186e+17	1.00e+00	2.87e-14	0.00e+00
 2.54566e+17	1.00e+00	2.86e-14	0.00e+00
 2.54971e+17	1.00e+00	2.86e-14	0.00e+00
 2.55412e+17	1.00e+00	2.86e-14	0.00e+00
 2.55899e+17	1.00e+00	2.85e-14	0.00e+00
 2.56448e+17	1.00e+00	2.84e-14	0.00e+00
 2.57082e+17	1.00e+00	2.83e-14	0.00e+00
 2.57833e+17	1.00e+00	2.82e-14	0.00e+00
 2.58752e+17	1.00e+00	2.80e-14	0.00e+00
 2.59915e+17	1.00e+00	2.77e-14	0.00e+00
 2.61418e+17	1.00e+00	2.72e-14	0.00e+00
 2.63372e+17	1.00e+00	2.63e-14	0.00e+00
 2.65912e+17	1.00e+00	2.52e-14	0.00e+00
 2.69214e+17	1.00e+00	2.35e-14	0.00e+00
 2.73507e+17	1.00e+00	2.13e-14	0.00e+00
 2.79088e+17	1.00e+00	1.86e-14	0.00e+00
 2.86343e+17	1.00e+00	1.54e-14	0.00e+00
 2.95774e+17	1.00e+00	1.19e-14	0.00e+00
 3.07127e+17	1.00e+00	8.35e-15	0.00e+00
 3.19413e+17	1.00e+00	6.47e-15	0.00e+00
 3.32189e+17	1.00e+00	5.64e-15	0.00e+00
 3.45477e+17	1.00e+00	4.93e-15	0.00e+00
 3.59296e+17	1.00e+00	4.28e-15	0.00e+00
 3.73668e+17	1.00e+00	3.66e-15	0.00e+00
 3.87896e+17	1.00e+00	3.09e-15	0.00e+00
 4.00923e+17	1.00e+00	3.08e-15	0.00e+00
 4.12538e+17	1.00e+00	3.35e-15	0.00e+00
 4.23193e+17	1.00e+00	3.53e-15	0.00e+00
 4.33335e+17	1.00e+00	3.46e-15	0.00e+00
 4.42969e+17	1.00e+00	3.25e-15	0.00e+00
 4.51787e+17	1.00e+00	3.09e-15	0.00e+00
 4.59592e+17	1.00e+00	3.04e-15	0.00e+00
 4.66453e+17	1.00e+00	2.99e-15	0.00e+00
 4.72546e+17	1.00e+00	2.91e-15	0.00e+00
 4.77449e+17	1.00e+00	2.77e-15	0.00e+00
 4.80631e+17	1.00e+00	2.82e-15	0.00e+00
 4.82466e+17	1.00e+00	2.93e-15	0.00e+00
 4.83551e+17	1.00e+00	3.00e-15	0.00e+00
 4.84203e+17	1.00e+00	3.04e-15	0.00e+00
 4.84617e+17	1.00e+00	3.06e-15	0.00e+00
 4.84945e+17	1.00e+00	3.07e-15	0.00e+00
 4.85298e+17	1.00e+00	3.08e-15	0.00e+00
 4.85706e+17	1.00e+00	3.09e-15	0.00e+00
 4.86094e+17	1.00e+00	3.10e-15	0.00e+00
 4.86419e+17	1.00e+00	3.10e-15	0.00e+00
 4.86703e+17	1.00e+00	3.10e-15	0.00e+00
 4.86974e+17	1.00e+00	3.10e-15	0.00e+00
 4.87248e+17	1.00e+00	3.09e-15	0.00e+00
 4.87510e+17	1.00e+00	3.09e-15	0.00e+00
 4.87750e+17	1.00e+00	3.08e-15	0.00e+00
 4.87975e+17	1.00e+00	3.08e-15	0.00e+00
 4.88190e+17	1.00e+00	3.07e-15	0.00e+00
 4.88388e+17	1.00e+00	3.06e-15	0.00e+00
 4.88587e+17	1.00e+00	3.06e-15	0.00e+00
 4.88786e+17	1.00e+00	3.05e-15	0.00e+00
 4.88968e+17	1.00e+00	3.04e-15	0.00e+00
 4.89135e+17	1.00e+00	3.03e-15	0.00e+00
 4.89295e+17	1.00e+00	3.03e-15	0.00e+00
 4.89462e+17	1.00e+00	3.02e-15	0.00e+00
 4.89624e+17	1.00e+00	3.01e-15	0.00e+00
 4.89771e+17	1.00e+00	3.00e-15	0.00e+00
 4.89916e+17	1.00e+00	2.99e-15	0.00e+00
 4.90061e+17	1.00e+00	2.98e-15	0.00e+00
 4.90205e+17	1.00e+00	2.97e-15	0.00e+00
 4.90346e+17	1.00e+00	2.97e-15	0.00e+00
 4.90482e+17	1.00e+00	2.96e-15	0.00e+00
 4.90617e+17	1.00e+00	2.95e-15	0.00e+00
 4.90749e+17	1.00e+00	2.94e-15	0.00e+00
 4.90880e+17	1.00e+00	2.93e-15	0.00e+00
 4.91011e+17	1.00e+00	2.92e-15	0.00e+00
 4.91143e+17	1.00e+00	2.91e-15	0.00e+00
 4.91276e+17	1.00e+00	2.90e-15	0.00e+00
 4.91409e+17	1.00e+00	2.89e-15	0.00e+00
 4.91536e+17	1.00e+00	2.88e-15	0.00e+00
 4.91665e+17	1.00e+00	2.87e-15	0.00e+00
 4.91800e+17	1.00e+00	2.85e-15	0.00e+00
 4.91940e+17	1.00e+00	2.84e-15	0.00e+00
 4.92081e+17	1.00e+00	2.83e-15	0.00e+00
 4.92222e+17	1.00e+00	2.81e-15	0.00e+00
 4.92362e+17	1.00e+00	2.80e-15	0.00e+00
 4.92503e+17	1.00e+00	2.78e-15	0.00e+00
 4.92643e+17	1.00e+00	2.77e-15	0.00e+00
 4.92799e+17	1.00e+00	2.76e-15	0.00e+00
 4.92972e+17	1.00e+00	2.74e-15	0.00e+00
 4.93137e+17	1.00e+00	2.72e-15	0.00e+00
 4.93287e+17	1.00e+00	2.70e-15	0.00e+00
 4.93439e+17	1.00e+00	2.69e-15	0.00e+00
 4.93615e+17	1.00e+00	2.67e-15	0.00e+00
 4.93797e+17	1.00e+00	2.65e-15	0.00e+00
 4.93965e+17	1.00e+00	2.63e-15	0.00e+00
 4.94136e+17	1.00e+00	2.61e-15	0.00e+00
 4.94330e+17	1.00e+00	2.59e-15	0.00e+00
 4.94535e+17	1.00e+00	2.56e-15	0.00e+00
 4.94726e+17	1.00e+00	2.54e-15	0.00e+00
 4.94912e+17	1.00e+00	2.52e-15	0.00e+00
 4.95118e+17	1.00e+00	2.50e-15	0.00e+00
 4.95339e+17	1.00e+00	2.47e-15	0.00e+00
 4.95558e+17	1.00e+00	2.44e-15	0.00e+00
 4.95774e+17	1.00e+00	2.42e-15	0.00e+00
 4.95995e+17	1.00e+00	2.39e-15	0.00e+00
 4.96227e+17	1.00e+00	2.36e-15	0.00e+00
 4.96475e+17	1.00e+00	2.33e-15	0.00e+00
 4.96726e+17	1.00e+00	2.30e-15	0.00e+00
 4.96977e+17	1.00e+00	2.27e-15	0.00e+00
 4.97232e+17	1.00e+00	2.24e-15	0.00e+00
 4.97495e+17	1.00e+00	2.20e-15	0.00e+00
 4.97768e+17	1.00e+00	2.17e-15	0.00e+00
 4.98046e+17	1.00e+00	2.14e-15	0.00e+00
 4.98340e+17	1.00e+00	2.10e-15	0.00e+00
 4.98643e+17	1.00e+00	2.06e-15	0.00e+00
 4.98948e+17	1.00e+00	2.02e-15	0.00e+00
 4.99253e+17	1.00e+00	1.98e-15	0.00e+00
 4.99562e+17	1.00e+00	1.94e-15	0.00e+00
 4.99894e+17	1.00e+00	1.90e-15	0.00e+00
 5.00240e+17	1.00e+00	1.86e-15	0.00e+00
 5.00580e+17	1.00e+00	1.82e-15	0.00e+00
 5.00922e+17	1.00e+00	1.77e-15	0.00e+00
 5.01273e+17	1.00e+00	1.73e-15	0.00e+00
 5.01633e+17	1.00e+00	1.69e-15	0.00e+00
 5.02008e+17	1.00e+00	1.64e-15	0.00e+00
 5.02402e+17	1.00e+00	1.60e-15	0.00e+00
 5.02799e+17	1.00e+00	1.55e-15	0.00e+00
 5.03196e+17	1.00e+00	1.50e-15	0.00e+00
 5.03600e+17	1.00e+00	1.45e-15	0.00e+00
 5.04016e+17	1.00e+00	1.41e-15	0.00e+00
 5.04443e+17	1.00e+00	1.36e-15	0.00e+00
 5.04875e+17	1.00e+00	1.31e-15	0.00e+00
 5.05320e+17	1.00e+00	1.26e-15	0.00e+00
 5.05780e+17	1.00e+00	1.21e-15	0.00e+00
 5.06246e+17	1.00e+00	1.16e-15	0.00e+00
 5.06713e+17	1.00e+00	1.11e-15	0.00e+00
 5.07189e+17	1.00e+00	1.07e-15	0.00e+00
 5.07688e+17	1.00e+00	1.02e-15	0.00e+00
 5.08205e+17	1.00e+00	9.70e-16	0.00e+00
 5.08716e+17	1.00e+00	9.23e-16	0.00e+00
 5.09250e+17	1.00e+00	8.76e-16	0.00e+00
 5.09813e+17	1.00e+00	8.27e-16	0.00e+00
 5.10371e+17	1.00e+00	7.79e-16	0.00e+00
 5.10926e+17	1.00e+00	7.37e-16	0.00e+00
 5.11521e+17	1.00e+00	6.92e-16	0.00e+00
 5.12162e+17	1.00e+00	6.44e-16	0.00e+00
 5.12793e+17	1.00e+00	5.99e-16	0.00e+00
 5.13415e+17	1.00e+00	5.58e-16	0.00e+00
 5.14041e+17	1.00e+00	5.18e-16	0.00e+00
 5.14636e+17	1.00e+00	4.82e-16	0.00e+00
 5.15165e+17	1.00e+00	4.50e-16	0.00e+00
 5.15635e+17	1.00e+00	4.23e-16	0.00e+00
 5.16074e+17	1.00e+00	4.00e-16	0.00e+00
 5.16500e+17	1.00e+00	3.79e-16	0.00e+00
 5.16915e+17	1.00e+00	3.60e-16	0.00e+00
 5.17310e+17	1.00e+00	3.41e-16	0.00e+00
 5.17683e+17	1.00e+00	3.24e-16	0.00e+00
 5.18038e+17	1.00e+00	3.09e-16	0.00e+00
 5.18378e+17	1.00e+00	2.95e-16	0.00e+00
 5.18707e+17	1.00e+00	2.81e-16	0.00e+00
 5.19025e+17	1.00e+00	2.69e-16	0.00e+00
 5.19331e+17	1.00e+00	2.57e-16	0.00e+00
 5.19625e+17	1.00e+00	2.46e-16	0.00e+00
 5.19908e+17	1.00e+00	2.36e-16	0.00e+00
 5.20181e+17	1.00e+00	2.27e-16	0.00e+00
 5.20445e+17	1.00e+00	2.17e-16	0.00e+00
 5.20699e+17	1.00e+00	2.09e-16	0.00e+00
 5.20944e+17	1.00e+00	2.01e-16	0.00e+00
 5.21183e+17	1.00e+00	1.93e-16	0.00e+00
 5.21415e+17	1.00e+00	1.86e-16	0.00e+00
 5.21641e+17	1.00e+00	1.79e-16	0.00e+00
 5.21861e+17	1.00e+00	1.73e-16	0.00e+00
 5.22072e+17	1.00e+00	1.67e-16	0.00e+00
 5.22276e+17	1.00e+00	1.61e-16	0.00e+00
 5.22475e+17	1.00e+00	1.55e-16	0.00e+00
 5.22670e+17	1.00e+00	1.50e-16	0.00e+00
 5.22862e+17	1.00e+00	1.45e-16	0.00e+00
 5.23049e+17	1.00e+00	1.40e-16	0.00e+00
 5.23231e+17	1.00e+00	1.35e-16	0.00e+00
 5.23410e+17	1.00e+00	1.31e-16	0.00e+00
 5.23614e+17	1.00e+00	1.27e-16	0.00e+00
 5.23879e+17	1.00e+00	1.22e-16	0.00e+00
 5.24224e+17	1.00e+00	1.15e-16	0.00e+00
 5.24672e+17	1.00e+00	1.07e-16	0.00e+00
 5.25255e+17	1.00e+00	9.68e-17	0.00e+00
 5.26013e+17	1.00e+00	8.53e-17	0.00e+00
 5.26893e+17	1.00e+00	7.20e-17	0.00e+00
 5.27701e+17	1.00e+00	6.02e-17	0.00e+00
 5.28329e+17	1.00e+00	5.21e-17	0.00e+00
 5.28844e+17	1.00e+00	4.67e-17	0.00e+00
 5.29358e+17	1.00e+00	4.23e-17	0.00e+00
 5.29927e+17	1.00e+00	3.79e-17	0.00e+00
 5.30531e+17	1.00e+00	3.35e-17	0.00e+00
 5.31122e+17	1.00e+00	2.96e-17	0.00e+00
 5.31684e+17	1.00e+00	2.63e-17	0.00e+00
 5.32238e+17	1.00e+00	2.35e-17	0.00e+00
 5.32811e+17	1.00e+00	2.09e-17	0.00e+00
