#depth	O	O+	O+2	O+3	O+4	O+5	O+6	O+7	O+8	O[1]	O[2]	O[3]
 1.49634e+10	0.00e+00	2.07e-46	1.16e-35	6.12e-26	4.74e-17	4.96e-09	1.00e+00	2.03e-06	0.00e+00	0.00e+00	0.00e+00	0.00e+00
 4.54887e+10	0.00e+00	0.00e+00	1.60e-35	7.76e-26	5.55e-17	5.37e-09	1.00e+00	1.87e-06	6.51e-16	0.00e+00	0.00e+00	0.00e+00
 7.72350e+10	0.00e+00	4.57e-46	2.19e-35	9.83e-26	6.51e-17	5.82e-09	1.00e+00	1.72e-06	0.00e+00	0.00e+00	0.00e+00	0.00e+00
 1.10251e+11	0.00e+00	0.00e+00	3.00e-35	1.25e-25	7.62e-17	6.30e-09	1.00e+00	1.59e-06	0.00e+00	0.00e+00	0.00e+00	0.00e+00
 1.44588e+11	0.00e+00	1.01e-45	4.12e-35	1.58e-25	8.93e-17	6.81e-09	1.00e+00	1.47e-06	0.00e+00	0.00e+00	0.00e+00	0.00e+00
 1.80298e+11	0.00e+00	0.00e+00	5.65e-35	2.00e-25	1.05e-16	7.38e-09	1.00e+00	1.35e-06	0.00e+00	0.00e+00	0.00e+00	0.00e+00
 2.17437e+11	0.00e+00	2.22e-45	7.75e-35	2.54e-25	1.23e-16	7.99e-09	1.00e+00	1.25e-06	0.00e+00	0.00e+00	0.00e+00	0.00e+00
 2.56061e+11	0.00e+00	0.00e+00	1.06e-34	3.22e-25	1.44e-16	8.65e-09	1.00e+00	1.15e-06	0.00e+00	0.00e+00	0.00e+00	0.00e+00
 2.96231e+11	0.00e+00	4.89e-45	1.46e-34	4.09e-25	1.68e-16	9.37e-09	1.00e+00	1.06e-06	0.00e+00	0.00e+00	0.00e+00	0.00e+00
 3.38007e+11	0.00e+00	0.00e+00	2.00e-34	5.19e-25	1.98e-16	1.01e-08	1.00e+00	9.80e-07	0.00e+00	0.00e+00	0.00e+00	0.00e+00
 3.81454e+11	0.00e+00	1.08e-44	2.75e-34	6.58e-25	2.32e-16	1.10e-08	1.00e+00	0.00e+00	0.00e+00	0.00e+00	0.00e+00	0.00e+00
 4.26639e+11	0.00e+00	0.00e+00	3.78e-34	8.36e-25	2.72e-16	1.19e-08	1.00e+00	0.00e+00	0.00e+00	0.00e+00	0.00e+00	0.00e+00
 4.70458e+11	0.00e+00	2.33e-44	5.09e-34	1.04e-24	3.15e-16	1.28e-08	1.00e+00	0.00e+00	0.00e+00	0.00e+00	0.00e+00	0.00e+00
 5.10723e+11	0.00e+00	0.00e+00	6.62e-34	1.27e-24	3.60e-16	1.37e-08	1.00e+00	0.00e+00	0.00e+00	0.00e+00	0.00e+00	0.00e+00
 5.55532e+11	0.00e+00	4.61e-44	8.80e-34	1.58e-24	4.15e-16	1.47e-08	1.00e+00	0.00e+00	0.00e+00	0.00e+00	0.00e+00	0.00e+00
 6.07439e+11	0.00e+00	0.00e+00	1.21e-33	2.00e-24	4.87e-16	1.59e-08	1.00e+00	0.00e+00	0.00e+00	0.00e+00	0.00e+00	0.00e+00
 6.58713e+11	0.00e+00	1.00e-43	1.63e-33	2.51e-24	5.67e-16	1.72e-08	1.00e+00	0.00e+00	0.00e+00	0.00e+00	0.00e+00	0.00e+00
 7.12038e+11	0.00e+00	0.00e+00	2.21e-33	3.15e-24	6.61e-16	1.86e-08	1.00e+00	0.00e+00	0.00e+00	0.00e+00	0.00e+00	0.00e+00
 7.70446e+11	0.00e+00	2.18e-43	3.04e-33	4.01e-24	7.76e-16	2.01e-08	1.00e+00	0.00e+00	0.00e+00	0.00e+00	0.00e+00	0.00e+00
 8.29578e+11	0.00e+00	0.00e+00	4.16e-33	5.07e-24	9.08e-16	2.18e-08	1.00e+00	0.00e+00	0.00e+00	0.00e+00	0.00e+00	0.00e+00
 8.91074e+11	0.00e+00	4.74e-43	5.68e-33	6.41e-24	1.06e-15	2.36e-08	1.00e+00	0.00e+00	0.00e+00	0.00e+00	0.00e+00	0.00e+00
 9.56644e+11	0.00e+00	0.00e+00	7.83e-33	8.17e-24	1.25e-15	2.56e-08	1.00e+00	0.00e+00	0.00e+00	0.00e+00	0.00e+00	0.00e+00
 1.02484e+12	0.00e+00	1.06e-42	1.08e-32	1.04e-23	1.47e-15	2.78e-08	1.00e+00	0.00e+00	0.00e+00	0.00e+00	0.00e+00	0.00e+00
 1.09576e+12	0.00e+00	0.00e+00	1.49e-32	1.33e-23	1.73e-15	3.01e-08	1.00e+00	0.00e+00	0.00e+00	0.00e+00	0.00e+00	0.00e+00
 1.16951e+12	0.00e+00	2.36e-42	2.05e-32	1.69e-23	2.04e-15	3.27e-08	1.00e+00	0.00e+00	0.00e+00	0.00e+00	0.00e+00	0.00e+00
 1.24622e+12	0.00e+00	0.00e+00	2.84e-32	2.16e-23	2.40e-15	3.55e-08	1.00e+00	0.00e+00	0.00e+00	0.00e+00	0.00e+00	0.00e+00
 1.32600e+12	0.00e+00	5.29e-42	3.92e-32	2.75e-23	2.82e-15	3.85e-08	1.00e+00	0.00e+00	0.00e+00	0.00e+00	0.00e+00	0.00e+00
 1.40896e+12	0.00e+00	0.00e+00	5.42e-32	3.51e-23	3.33e-15	4.18e-08	1.00e+00	0.00e+00	0.00e+00	0.00e+00	0.00e+00	0.00e+00
 1.48701e+12	0.00e+00	1.14e-41	7.27e-32	4.38e-23	3.86e-15	4.51e-08	1.00e+00	0.00e+00	0.00e+00	0.00e+00	0.00e+00	0.00e+00
 1.55688e+12	0.00e+00	0.00e+00	9.38e-32	5.31e-23	4.40e-15	4.81e-08	1.00e+00	0.00e+00	0.00e+00	0.00e+00	0.00e+00	0.00e+00
 1.63534e+12	0.00e+00	2.22e-41	1.24e-31	6.55e-23	5.07e-15	5.17e-08	1.00e+00	0.00e+00	0.00e+00	0.00e+00	0.00e+00	0.00e+00
 1.72824e+12	0.00e+00	0.00e+00	1.70e-31	8.33e-23	5.95e-15	5.61e-08	1.00e+00	0.00e+00	0.00e+00	0.00e+00	0.00e+00	0.00e+00
 1.82157e+12	0.00e+00	4.85e-41	2.32e-31	1.05e-22	6.97e-15	6.07e-08	1.00e+00	0.00e+00	0.00e+00	0.00e+00	0.00e+00	0.00e+00
 1.90926e+12	0.00e+00	0.00e+00	3.06e-31	1.30e-22	8.03e-15	6.53e-08	1.00e+00	0.00e+00	0.00e+00	0.00e+00	0.00e+00	0.00e+00
 2.00618e+12	0.00e+00	9.99e-41	4.13e-31	1.63e-22	9.37e-15	7.05e-08	1.00e+00	0.00e+00	0.00e+00	0.00e+00	0.00e+00	0.00e+00
 2.11635e+12	0.00e+00	0.00e+00	5.73e-31	2.09e-22	1.11e-14	7.68e-08	1.00e+00	0.00e+00	0.00e+00	0.00e+00	0.00e+00	0.00e+00
 2.22643e+12	0.00e+00	2.23e-40	7.86e-31	2.66e-22	1.30e-14	8.33e-08	1.00e+00	0.00e+00	0.00e+00	0.00e+00	0.00e+00	0.00e+00
 2.34090e+12	0.00e+00	0.00e+00	1.08e-30	3.38e-22	1.53e-14	9.05e-08	1.00e+00	0.00e+00	0.00e+00	0.00e+00	0.00e+00	0.00e+00
 2.46447e+12	0.00e+00	5.00e-40	1.50e-30	4.34e-22	1.82e-14	9.86e-08	1.00e+00	0.00e+00	0.00e+00	0.00e+00	0.00e+00	0.00e+00
 2.58022e+12	0.00e+00	0.00e+00	2.02e-30	5.44e-22	2.12e-14	1.07e-07	1.00e+00	0.00e+00	0.00e+00	0.00e+00	0.00e+00	0.00e+00
 2.68339e+12	0.00e+00	9.98e-40	2.62e-30	6.62e-22	2.42e-14	1.14e-07	1.00e+00	0.00e+00	0.00e+00	0.00e+00	0.00e+00	0.00e+00
 2.79931e+12	0.00e+00	0.00e+00	3.47e-30	8.20e-22	2.80e-14	1.23e-07	1.00e+00	0.00e+00	0.00e+00	0.00e+00	0.00e+00	0.00e+00
 2.93709e+12	0.00e+00	2.12e-39	4.79e-30	1.05e-21	3.31e-14	1.34e-07	1.00e+00	0.00e+00	0.00e+00	0.00e+00	0.00e+00	0.00e+00
 3.07565e+12	0.00e+00	0.00e+00	6.55e-30	1.33e-21	3.90e-14	1.45e-07	1.00e+00	0.00e+00	0.00e+00	0.00e+00	0.00e+00	0.00e+00
 3.20517e+12	0.00e+00	4.44e-39	8.70e-30	1.65e-21	4.52e-14	1.57e-07	1.00e+00	0.00e+00	0.00e+00	0.00e+00	0.00e+00	0.00e+00
 3.34873e+12	0.00e+00	0.00e+00	1.18e-29	2.08e-21	5.29e-14	1.70e-07	1.00e+00	0.00e+00	0.00e+00	0.00e+00	0.00e+00	0.00e+00
 3.51261e+12	0.00e+00	9.80e-39	1.64e-29	2.69e-21	6.31e-14	1.86e-07	1.00e+00	0.00e+00	0.00e+00	0.00e+00	0.00e+00	0.00e+00
 3.67356e+12	0.00e+00	0.00e+00	2.26e-29	3.42e-21	7.45e-14	2.02e-07	1.00e+00	0.00e+00	0.00e+00	0.00e+00	0.00e+00	0.00e+00
 3.82835e+12	0.00e+00	2.09e-38	3.03e-29	4.28e-21	8.69e-14	2.19e-07	1.00e+00	0.00e+00	0.00e+00	0.00e+00	0.00e+00	0.00e+00
 3.99881e+12	0.00e+00	0.00e+00	4.14e-29	5.44e-21	1.03e-13	2.38e-07	1.00e+00	0.00e+00	0.00e+00	0.00e+00	0.00e+00	0.00e+00
 4.18869e+12	0.00e+00	4.65e-38	5.78e-29	7.04e-21	1.23e-13	2.61e-07	1.00e+00	0.00e+00	0.00e+00	0.00e+00	0.00e+00	0.00e+00
 4.38022e+12	0.00e+00	0.00e+00	8.01e-29	9.04e-21	1.46e-13	2.86e-07	1.00e+00	0.00e+00	0.00e+00	0.00e+00	0.00e+00	0.00e+00
 4.57942e+12	0.00e+00	1.04e-37	1.11e-28	1.16e-20	1.74e-13	3.12e-07	1.00e+00	0.00e+00	0.00e+00	0.00e+00	0.00e+00	0.00e+00
 4.78486e+12	0.00e+00	0.00e+00	1.53e-28	1.49e-20	2.06e-13	3.42e-07	1.00e+00	0.00e+00	0.00e+00	0.00e+00	0.00e+00	0.00e+00
 4.98633e+12	0.00e+00	2.26e-37	2.08e-28	1.89e-20	2.43e-13	3.72e-07	1.00e+00	0.00e+00	0.00e+00	0.00e+00	0.00e+00	0.00e+00
 5.20353e+12	0.00e+00	0.00e+00	2.86e-28	2.41e-20	2.89e-13	4.07e-07	1.00e+00	0.00e+00	0.00e+00	0.00e+00	0.00e+00	0.00e+00
 5.44159e+12	0.00e+00	5.04e-37	3.99e-28	3.13e-20	3.47e-13	4.48e-07	1.00e+00	0.00e+00	0.00e+00	0.00e+00	0.00e+00	0.00e+00
 5.68918e+12	0.00e+00	0.00e+00	5.57e-28	4.05e-20	4.17e-13	4.93e-07	1.00e+00	0.00e+00	0.00e+00	0.00e+00	0.00e+00	0.00e+00
 5.94668e+12	0.00e+00	1.14e-36	7.77e-28	5.25e-20	5.00e-13	5.42e-07	1.00e+00	0.00e+00	0.00e+00	0.00e+00	0.00e+00	0.00e+00
 6.21447e+12	0.00e+00	0.00e+00	1.08e-27	6.81e-20	6.01e-13	5.97e-07	1.00e+00	0.00e+00	0.00e+00	0.00e+00	0.00e+00	0.00e+00
 6.45653e+12	0.00e+00	2.43e-36	1.44e-27	8.53e-20	7.06e-13	6.50e-07	1.00e+00	0.00e+00	0.00e+00	0.00e+00	0.00e+00	0.00e+00
 6.65796e+12	1.04e-45	3.23e-36	1.82e-27	1.02e-19	8.04e-13	6.96e-07	1.00e+00	0.00e+00	0.00e+00	0.00e+00	0.00e+00	0.00e+00
 6.87852e+12	0.00e+00	0.00e+00	2.33e-27	1.24e-19	9.23e-13	7.49e-07	1.00e+00	0.00e+00	0.00e+00	0.00e+00	0.00e+00	0.00e+00
 7.15821e+12	0.00e+00	6.27e-36	3.14e-27	1.57e-19	1.09e-12	8.20e-07	1.00e+00	0.00e+00	0.00e+00	0.00e+00	0.00e+00	0.00e+00
 7.45018e+12	3.55e-45	9.02e-36	4.24e-27	1.99e-19	1.30e-12	8.99e-07	1.00e+00	0.00e+00	0.00e+00	0.00e+00	0.00e+00	0.00e+00
 7.69768e+12	0.00e+00	0.00e+00	5.42e-27	2.42e-19	1.49e-12	9.69e-07	1.00e+00	0.00e+00	0.00e+00	0.00e+00	0.00e+00	0.00e+00
 7.95197e+12	0.00e+00	1.63e-35	6.91e-27	2.93e-19	1.72e-12	1.04e-06	1.00e+00	0.00e+00	0.00e+00	0.00e+00	0.00e+00	0.00e+00
 8.27257e+12	1.10e-44	2.33e-35	9.28e-27	3.71e-19	2.03e-12	1.14e-06	1.00e+00	0.00e+00	0.00e+00	0.00e+00	0.00e+00	0.00e+00
 8.59847e+12	0.00e+00	0.00e+00	1.24e-26	4.66e-19	2.40e-12	1.25e-06	1.00e+00	0.00e+00	0.00e+00	0.00e+00	0.00e+00	0.00e+00
 8.87750e+12	0.00e+00	4.37e-35	1.57e-26	5.63e-19	2.76e-12	1.35e-06	1.00e+00	0.00e+00	0.00e+00	0.00e+00	0.00e+00	0.00e+00
 9.17655e+12	3.27e-44	5.85e-35	2.00e-26	6.84e-19	3.18e-12	1.46e-06	1.00e+00	0.00e+00	0.00e+00	0.00e+00	0.00e+00	0.00e+00
 9.54746e+12	0.00e+00	8.30e-35	2.68e-26	8.64e-19	3.77e-12	1.60e-06	1.00e+00	0.00e+00	0.00e+00	0.00e+00	0.00e+00	0.00e+00
 9.92808e+12	7.40e-44	1.17e-34	3.56e-26	1.09e-18	4.46e-12	1.75e-06	1.00e+00	0.00e+00	0.00e+00	0.00e+00	0.00e+00	0.00e+00
 1.02700e+13	0.00e+00	1.57e-34	4.56e-26	1.33e-18	5.15e-12	1.90e-06	1.00e+00	0.00e+00	0.00e+00	0.00e+00	0.00e+00	0.00e+00
 1.06452e+13	1.51e-43	2.14e-34	5.92e-26	1.64e-18	6.01e-12	2.07e-06	1.00e+00	0.00e+00	0.00e+00	0.00e+00	0.00e+00	0.00e+00
 1.10893e+13	0.00e+00	3.04e-34	7.95e-26	2.08e-18	7.15e-12	2.27e-06	1.00e+00	0.00e+00	0.00e+00	0.00e+00	0.00e+00	0.00e+00
 1.15347e+13	3.39e-43	4.25e-34	1.06e-25	2.61e-18	8.46e-12	2.50e-06	1.00e+00	0.00e+00	0.00e+00	0.00e+00	0.00e+00	0.00e+00
 1.19563e+13	0.00e+00	5.77e-34	1.37e-25	3.22e-18	9.85e-12	2.71e-06	1.00e+00	0.00e+00	0.00e+00	0.00e+00	0.00e+00	0.00e+00
 1.24229e+13	7.09e-43	7.98e-34	1.79e-25	4.01e-18	1.16e-11	2.97e-06	1.00e+00	0.00e+00	0.00e+00	0.00e+00	0.00e+00	0.00e+00
 1.29497e+13	0.00e+00	1.13e-33	2.41e-25	5.10e-18	1.38e-11	3.27e-06	1.00e+00	0.00e+00	0.00e+00	0.00e+00	0.00e+00	0.00e+00
 1.34750e+13	1.58e-42	1.58e-33	3.20e-25	6.41e-18	1.63e-11	3.59e-06	1.00e+00	0.00e+00	0.00e+00	0.00e+00	0.00e+00	0.00e+00
 1.39386e+13	0.00e+00	2.10e-33	4.06e-25	7.79e-18	1.88e-11	3.89e-06	1.00e+00	0.00e+00	0.00e+00	0.00e+00	0.00e+00	0.00e+00
 1.43272e+13	2.87e-42	2.64e-33	4.94e-25	9.13e-18	2.10e-11	4.14e-06	1.00e+00	0.00e+00	0.00e+00	0.00e+00	0.00e+00	0.00e+00
 1.47454e+13	0.00e+00	3.35e-33	6.05e-25	1.08e-17	2.37e-11	4.43e-06	1.00e+00	0.00e+00	0.00e+00	0.00e+00	0.00e+00	0.00e+00
 1.52891e+13	5.39e-42	4.53e-33	7.81e-25	1.32e-17	2.75e-11	4.82e-06	1.00e+00	0.00e+00	0.00e+00	0.00e+00	0.00e+00	0.00e+00
 1.58577e+13	0.00e+00	6.13e-33	1.01e-24	1.63e-17	3.20e-11	5.24e-06	1.00e+00	0.00e+00	0.00e+00	0.00e+00	0.00e+00	0.00e+00
 1.63424e+13	1.02e-41	7.86e-33	1.25e-24	1.94e-17	3.63e-11	5.62e-06	1.00e+00	0.00e+00	0.00e+00	0.00e+00	0.00e+00	0.00e+00
 1.68563e+13	0.00e+00	1.02e-32	1.55e-24	2.32e-17	4.12e-11	6.04e-06	1.00e+00	0.00e+00	0.00e+00	0.00e+00	0.00e+00	0.00e+00
 1.75046e+13	1.98e-41	1.39e-32	2.02e-24	2.88e-17	4.81e-11	6.58e-06	1.00e+00	0.00e+00	0.00e+00	0.00e+00	0.00e+00	0.00e+00
 1.81727e+13	0.00e+00	1.89e-32	2.63e-24	3.56e-17	5.61e-11	7.18e-06	1.00e+00	0.00e+00	0.00e+00	0.00e+00	0.00e+00	0.00e+00
 1.87585e+13	3.83e-41	2.45e-32	3.29e-24	4.27e-17	6.38e-11	7.72e-06	1.00e+00	0.00e+00	0.00e+00	0.00e+00	0.00e+00	0.00e+00
 1.93926e+13	0.00e+00	3.23e-32	4.16e-24	5.17e-17	7.30e-11	8.33e-06	1.00e+00	0.00e+00	0.00e+00	0.00e+00	0.00e+00	0.00e+00
 2.00955e+13	7.40e-41	4.33e-32	5.34e-24	6.33e-17	8.44e-11	9.04e-06	1.00e+00	0.00e+00	0.00e+00	0.00e+00	0.00e+00	0.00e+00
 2.07473e+13	0.00e+00	5.63e-32	6.68e-24	7.60e-17	9.61e-11	9.72e-06	1.00e+00	0.00e+00	0.00e+00	0.00e+00	0.00e+00	0.00e+00
 2.14540e+13	1.38e-40	7.43e-32	8.46e-24	9.21e-17	1.10e-10	1.05e-05	1.00e+00	0.00e+00	0.00e+00	0.00e+00	0.00e+00	0.00e+00
 2.22399e+13	0.00e+00	9.99e-32	1.09e-23	1.13e-16	1.27e-10	1.14e-05	1.00e+00	0.00e+00	0.00e+00	0.00e+00	0.00e+00	0.00e+00
 2.29726e+13	2.65e-40	1.31e-31	1.37e-23	1.36e-16	1.45e-10	1.23e-05	1.00e+00	0.00e+00	0.00e+00	0.00e+00	0.00e+00	0.00e+00
 2.37693e+13	0.00e+00	1.73e-31	1.74e-23	1.66e-16	1.66e-10	1.32e-05	1.00e+00	0.00e+00	0.00e+00	0.00e+00	0.00e+00	0.00e+00
 2.46557e+13	5.22e-40	2.35e-31	2.26e-23	2.04e-16	1.93e-10	1.44e-05	1.00e+00	0.00e+00	0.00e+00	0.00e+00	0.00e+00	0.00e+00
 2.54845e+13	0.00e+00	3.09e-31	2.86e-23	2.47e-16	2.20e-10	1.55e-05	1.00e+00	0.00e+00	0.00e+00	0.00e+00	0.00e+00	0.00e+00
 2.63877e+13	1.00e-39	4.14e-31	3.66e-23	3.02e-16	2.53e-10	1.67e-05	1.00e+00	0.00e+00	0.00e+00	0.00e+00	0.00e+00	0.00e+00
 2.73962e+13	0.00e+00	5.66e-31	4.78e-23	3.75e-16	2.93e-10	1.82e-05	1.00e+00	0.00e+00	0.00e+00	0.00e+00	0.00e+00	0.00e+00
 2.83451e+13	2.00e-39	7.53e-31	6.10e-23	4.56e-16	3.36e-10	1.97e-05	1.00e+00	0.00e+00	0.00e+00	0.00e+00	0.00e+00	0.00e+00
 2.93822e+13	0.00e+00	1.02e-30	7.91e-23	5.61e-16	3.88e-10	2.13e-05	1.00e+00	0.00e+00	0.00e+00	0.00e+00	0.00e+00	0.00e+00
 3.05437e+13	4.15e-39	1.42e-30	1.04e-22	7.01e-16	4.52e-10	2.32e-05	1.00e+00	0.00e+00	0.00e+00	0.00e+00	0.00e+00	0.00e+00
 3.16442e+13	0.00e+00	1.92e-30	1.35e-22	8.61e-16	5.21e-10	2.51e-05	1.00e+00	0.00e+00	0.00e+00	0.00e+00	0.00e+00	0.00e+00
 3.28277e+13	8.47e-39	2.63e-30	1.76e-22	1.06e-15	6.02e-10	2.72e-05	1.00e+00	0.00e+00	0.00e+00	0.00e+00	0.00e+00	0.00e+00
 3.41707e+13	0.00e+00	3.70e-30	2.35e-22	1.34e-15	7.06e-10	2.98e-05	1.00e+00	0.00e+00	0.00e+00	0.00e+00	0.00e+00	0.00e+00
 3.54940e+13	1.84e-38	5.14e-30	3.11e-22	1.67e-15	8.20e-10	3.23e-05	1.00e+00	0.00e+00	0.00e+00	0.00e+00	0.00e+00	0.00e+00
 3.68702e+13	0.00e+00	7.16e-30	4.11e-22	2.09e-15	9.54e-10	3.51e-05	1.00e+00	0.00e+00	0.00e+00	0.00e+00	0.00e+00	0.00e+00
 3.83750e+13	4.05e-38	1.02e-29	5.51e-22	2.64e-15	1.12e-09	3.83e-05	1.00e+00	0.00e+00	0.00e+00	0.00e+00	0.00e+00	0.00e+00
 3.99399e+13	0.00e+00	1.45e-29	7.43e-22	3.33e-15	1.31e-09	4.18e-05	1.00e+00	0.00e+00	0.00e+00	0.00e+00	0.00e+00	0.00e+00
 4.14682e+13	8.96e-38	2.02e-29	9.79e-22	4.14e-15	1.52e-09	4.53e-05	1.00e+00	0.00e+00	0.00e+00	0.00e+00	0.00e+00	0.00e+00
 4.28586e+13	0.00e+00	2.71e-29	1.25e-21	5.03e-15	1.73e-09	4.86e-05	1.00e+00	0.00e+00	0.00e+00	0.00e+00	0.00e+00	0.00e+00
 4.40966e+13	1.70e-37	3.50e-29	1.55e-21	5.94e-15	1.93e-09	5.17e-05	1.00e+00	0.00e+00	0.00e+00	0.00e+00	0.00e+00	0.00e+00
 4.54263e+13	0.00e+00	4.58e-29	1.94e-21	7.06e-15	2.17e-09	5.51e-05	1.00e+00	0.00e+00	0.00e+00	0.00e+00	0.00e+00	0.00e+00
 4.71164e+13	3.44e-37	6.40e-29	2.55e-21	8.75e-15	2.51e-09	5.95e-05	1.00e+00	0.00e+00	0.00e+00	0.00e+00	0.00e+00	0.00e+00
 4.88337e+13	0.00e+00	8.80e-29	3.33e-21	1.08e-14	2.89e-09	6.42e-05	1.00e+00	0.00e+00	0.00e+00	0.00e+00	0.00e+00	0.00e+00
 5.02784e+13	6.83e-37	1.15e-28	4.16e-21	1.28e-14	3.24e-09	6.83e-05	1.00e+00	0.00e+00	0.00e+00	0.00e+00	0.00e+00	0.00e+00
 5.18100e+13	0.00e+00	1.52e-28	5.23e-21	1.53e-14	3.65e-09	7.27e-05	1.00e+00	0.00e+00	0.00e+00	0.00e+00	0.00e+00	0.00e+00
 5.37442e+13	1.42e-36	2.14e-28	6.93e-21	1.90e-14	4.22e-09	7.85e-05	1.00e+00	0.00e+00	0.00e+00	0.00e+00	0.00e+00	0.00e+00
 5.57248e+13	0.00e+00	2.98e-28	9.11e-21	2.35e-14	4.87e-09	8.47e-05	1.00e+00	0.00e+00	0.00e+00	0.00e+00	0.00e+00	0.00e+00
 5.74175e+13	2.90e-36	3.94e-28	1.15e-20	2.80e-14	5.48e-09	9.01e-05	1.00e+00	0.00e+00	0.00e+00	0.00e+00	0.00e+00	0.00e+00
 5.92126e+13	0.00e+00	5.27e-28	1.45e-20	3.36e-14	6.19e-09	9.60e-05	1.00e+00	0.00e+00	0.00e+00	0.00e+00	0.00e+00	0.00e+00
 6.14468e+13	6.20e-36	7.51e-28	1.94e-20	4.18e-14	7.16e-09	1.04e-04	1.00e+00	0.00e+00	0.00e+00	0.00e+00	0.00e+00	0.00e+00
 6.37355e+13	0.00e+00	1.05e-27	2.56e-20	5.18e-14	8.27e-09	1.12e-04	1.00e+00	0.00e+00	0.00e+00	0.00e+00	0.00e+00	0.00e+00
 6.57405e+13	1.31e-35	1.42e-27	3.26e-20	6.22e-14	9.35e-09	1.19e-04	1.00e+00	0.00e+00	0.00e+00	0.00e+00	0.00e+00	0.00e+00
 6.78930e+13	0.00e+00	1.93e-27	4.19e-20	7.53e-14	1.06e-08	1.27e-04	1.00e+00	0.00e+00	0.00e+00	0.00e+00	0.00e+00	0.00e+00
 7.05068e+13	2.93e-35	2.78e-27	5.63e-20	9.42e-14	1.23e-08	1.37e-04	1.00e+00	0.00e+00	0.00e+00	0.00e+00	0.00e+00	0.00e+00
 7.31620e+13	4.39e-35	3.94e-27	7.49e-20	1.17e-13	1.43e-08	1.48e-04	1.00e+00	0.00e+00	0.00e+00	0.00e+00	0.00e+00	0.00e+00
 7.55669e+13	6.42e-35	5.41e-27	9.67e-20	1.42e-13	1.62e-08	1.58e-04	1.00e+00	0.00e+00	0.00e+00	0.00e+00	0.00e+00	0.00e+00
 7.82046e+13	9.58e-35	7.56e-27	1.27e-19	1.74e-13	1.86e-08	1.69e-04	1.00e+00	0.00e+00	0.00e+00	0.00e+00	0.00e+00	0.00e+00
 8.13043e+13	1.51e-34	1.11e-26	1.72e-19	2.19e-13	2.17e-08	1.83e-04	1.00e+00	0.00e+00	0.00e+00	0.00e+00	0.00e+00	0.00e+00
 8.44043e+13	2.32e-34	1.59e-26	2.31e-19	2.74e-13	2.51e-08	1.97e-04	1.00e+00	0.00e+00	0.00e+00	0.00e+00	0.00e+00	0.00e+00
 8.73450e+13	3.47e-34	2.22e-26	3.02e-19	3.35e-13	2.88e-08	2.11e-04	1.00e+00	0.00e+00	0.00e+00	0.00e+00	0.00e+00	0.00e+00
 9.05854e+13	5.37e-34	3.19e-26	4.04e-19	4.16e-13	3.32e-08	2.27e-04	1.00e+00	0.00e+00	0.00e+00	0.00e+00	0.00e+00	0.00e+00
 9.42387e+13	8.47e-34	4.68e-26	5.51e-19	5.26e-13	3.89e-08	2.45e-04	1.00e+00	0.00e+00	0.00e+00	0.00e+00	0.00e+00	0.00e+00
 9.79173e+13	1.34e-33	6.85e-26	7.47e-19	6.61e-13	4.52e-08	2.65e-04	1.00e+00	0.00e+00	0.00e+00	0.00e+00	0.00e+00	0.00e+00
 1.01743e+14	2.12e-33	1.01e-25	1.01e-18	8.31e-13	5.26e-08	2.85e-04	1.00e+00	0.00e+00	0.00e+00	0.00e+00	0.00e+00	0.00e+00
 1.05843e+14	3.39e-33	1.49e-25	1.39e-18	1.05e-12	6.16e-08	3.08e-04	1.00e+00	0.00e+00	0.00e+00	0.00e+00	0.00e+00	0.00e+00
 1.10106e+14	5.43e-33	2.20e-25	1.90e-18	1.33e-12	7.20e-08	3.33e-04	1.00e+00	0.00e+00	0.00e+00	0.00e+00	0.00e+00	0.00e+00
 1.14243e+14	8.33e-33	3.15e-25	2.54e-18	1.65e-12	8.33e-08	3.59e-04	1.00e+00	0.00e+00	0.00e+00	0.00e+00	0.00e+00	0.00e+00
 1.18147e+14	1.25e-32	4.40e-25	3.33e-18	2.02e-12	9.52e-08	3.83e-04	1.00e+00	0.00e+00	0.00e+00	0.00e+00	0.00e+00	0.00e+00
 1.21843e+14	1.81e-32	6.00e-25	4.26e-18	2.43e-12	1.08e-07	4.07e-04	1.00e+00	0.00e+00	0.00e+00	0.00e+00	0.00e+00	0.00e+00
 1.25882e+14	2.67e-32	8.29e-25	5.52e-18	2.95e-12	1.22e-07	4.34e-04	1.00e+00	0.00e+00	0.00e+00	0.00e+00	0.00e+00	0.00e+00
 1.30365e+14	4.01e-32	1.17e-24	7.28e-18	3.63e-12	1.41e-07	4.65e-04	1.00e+00	0.00e+00	0.00e+00	0.00e+00	0.00e+00	0.00e+00
 1.34558e+14	5.86e-32	1.60e-24	9.37e-18	4.39e-12	1.59e-07	4.95e-04	1.00e+00	0.00e+00	0.00e+00	0.00e+00	0.00e+00	0.00e+00
 1.39141e+14	8.79e-32	2.24e-24	1.23e-17	5.36e-12	1.82e-07	5.28e-04	9.99e-01	0.00e+00	0.00e+00	0.00e+00	0.00e+00	0.00e+00
 1.44320e+14	1.35e-31	3.21e-24	1.64e-17	6.66e-12	2.11e-07	5.68e-04	9.99e-01	0.00e+00	0.00e+00	0.00e+00	0.00e+00	0.00e+00
 1.49305e+14	2.00e-31	4.46e-24	2.14e-17	8.15e-12	2.41e-07	6.08e-04	9.99e-01	0.00e+00	0.00e+00	0.00e+00	0.00e+00	0.00e+00
 1.54750e+14	3.10e-31	6.40e-24	2.86e-17	1.01e-11	2.78e-07	6.52e-04	9.99e-01	0.00e+00	0.00e+00	0.00e+00	0.00e+00	0.00e+00
 1.60970e+14	4.84e-31	9.33e-24	3.89e-17	1.28e-11	3.25e-07	7.05e-04	9.99e-01	0.00e+00	0.00e+00	0.00e+00	0.00e+00	0.00e+00
 1.67017e+14	7.50e-31	1.34e-23	5.23e-17	1.59e-11	3.76e-07	7.58e-04	9.99e-01	0.00e+00	0.00e+00	0.00e+00	0.00e+00	0.00e+00
 1.73305e+14	1.17e-30	1.94e-23	7.02e-17	1.98e-11	4.35e-07	8.16e-04	9.99e-01	0.00e+00	0.00e+00	0.00e+00	0.00e+00	0.00e+00
 1.79689e+14	1.75e-30	2.74e-23	9.32e-17	2.46e-11	5.02e-07	8.78e-04	9.99e-01	0.00e+00	0.00e+00	0.00e+00	0.00e+00	0.00e+00
 1.85322e+14	2.54e-30	3.74e-23	1.19e-16	2.95e-11	5.68e-07	9.33e-04	9.99e-01	0.00e+00	0.00e+00	0.00e+00	0.00e+00	0.00e+00
 1.91442e+14	3.66e-30	5.09e-23	1.54e-16	3.58e-11	6.46e-07	9.96e-04	9.99e-01	0.00e+00	0.00e+00	0.00e+00	0.00e+00	0.00e+00
 1.98814e+14	5.75e-30	7.41e-23	2.08e-16	4.49e-11	7.51e-07	1.07e-03	9.99e-01	0.00e+00	0.00e+00	0.00e+00	0.00e+00	0.00e+00
 2.06132e+14	8.60e-30	1.04e-22	2.77e-16	5.57e-11	8.67e-07	1.15e-03	9.99e-01	0.00e+00	0.00e+00	0.00e+00	0.00e+00	0.00e+00
 2.12665e+14	1.23e-29	1.41e-22	3.55e-16	6.71e-11	9.81e-07	1.23e-03	9.99e-01	0.00e+00	0.00e+00	0.00e+00	0.00e+00	0.00e+00
 2.19860e+14	1.81e-29	1.95e-22	4.61e-16	8.18e-11	1.12e-06	1.31e-03	9.99e-01	0.00e+00	0.00e+00	0.00e+00	0.00e+00	0.00e+00
 2.28420e+14	2.84e-29	2.84e-22	6.25e-16	1.03e-10	1.30e-06	1.42e-03	9.99e-01	0.00e+00	0.00e+00	0.00e+00	0.00e+00	0.00e+00
 2.36902e+14	4.22e-29	3.99e-22	8.32e-16	1.28e-10	1.51e-06	1.53e-03	9.98e-01	0.00e+00	0.00e+00	0.00e+00	0.00e+00	0.00e+00
 2.44625e+14	6.13e-29	5.46e-22	1.07e-15	1.55e-10	1.71e-06	1.63e-03	9.98e-01	0.00e+00	0.00e+00	0.00e+00	0.00e+00	0.00e+00
 2.53213e+14	9.02e-29	7.58e-22	1.41e-15	1.90e-10	1.96e-06	1.75e-03	9.98e-01	0.00e+00	0.00e+00	0.00e+00	0.00e+00	0.00e+00
 2.63243e+14	1.43e-28	1.11e-21	1.92e-15	2.39e-10	2.29e-06	1.89e-03	9.98e-01	0.00e+00	0.00e+00	0.00e+00	0.00e+00	0.00e+00
 2.73149e+14	2.13e-28	1.57e-21	2.57e-15	2.98e-10	2.65e-06	2.03e-03	9.98e-01	0.00e+00	0.00e+00	0.00e+00	0.00e+00	0.00e+00
 2.82471e+14	3.17e-28	2.19e-21	3.35e-15	3.64e-10	3.03e-06	2.17e-03	9.98e-01	0.00e+00	0.00e+00	0.00e+00	0.00e+00	0.00e+00
 2.92822e+14	4.67e-28	3.05e-21	4.45e-15	4.51e-10	3.50e-06	2.34e-03	9.98e-01	0.00e+00	0.00e+00	0.00e+00	0.00e+00	0.00e+00
 3.04565e+14	7.27e-28	4.44e-21	6.07e-15	5.71e-10	4.09e-06	2.53e-03	9.97e-01	0.00e+00	0.00e+00	0.00e+00	0.00e+00	0.00e+00
 3.16277e+14	1.11e-27	6.37e-21	8.18e-15	7.15e-10	4.75e-06	2.73e-03	9.97e-01	0.00e+00	0.00e+00	0.00e+00	0.00e+00	0.00e+00
 3.27224e+14	1.66e-27	8.88e-21	1.07e-14	8.76e-10	5.44e-06	2.92e-03	9.97e-01	0.00e+00	0.00e+00	0.00e+00	0.00e+00	0.00e+00
 3.39110e+14	2.41e-27	1.23e-20	1.42e-14	1.08e-09	6.26e-06	3.15e-03	9.97e-01	0.00e+00	0.00e+00	0.00e+00	0.00e+00	0.00e+00
 3.52382e+14	3.80e-27	1.80e-20	1.92e-14	1.36e-09	7.30e-06	3.39e-03	9.97e-01	0.00e+00	0.00e+00	0.00e+00	0.00e+00	0.00e+00
 3.64775e+14	5.45e-27	2.46e-20	2.52e-14	1.67e-09	8.37e-06	3.64e-03	9.96e-01	0.00e+00	0.00e+00	0.00e+00	0.00e+00	0.00e+00
 3.76246e+14	7.71e-27	3.30e-20	3.22e-14	2.01e-09	9.47e-06	3.88e-03	9.96e-01	0.00e+00	0.00e+00	0.00e+00	0.00e+00	0.00e+00
 3.87248e+14	1.08e-26	4.36e-20	4.05e-14	2.39e-09	1.06e-05	4.11e-03	9.96e-01	0.00e+00	0.00e+00	0.00e+00	0.00e+00	0.00e+00
 3.99476e+14	1.52e-26	5.85e-20	5.18e-14	2.88e-09	1.20e-05	4.37e-03	9.96e-01	0.00e+00	0.00e+00	0.00e+00	0.00e+00	0.00e+00
 4.12994e+14	2.15e-26	7.92e-20	6.73e-14	3.51e-09	1.37e-05	4.68e-03	9.95e-01	0.00e+00	0.00e+00	0.00e+00	0.00e+00	0.00e+00
 4.25542e+14	3.05e-26	1.06e-19	8.53e-14	4.19e-09	1.54e-05	4.97e-03	9.95e-01	0.00e+00	0.00e+00	0.00e+00	0.00e+00	0.00e+00
 4.39206e+14	4.21e-26	1.41e-19	1.09e-13	5.06e-09	1.75e-05	5.30e-03	9.95e-01	0.00e+00	0.00e+00	0.00e+00	0.00e+00	0.00e+00
 4.54547e+14	6.20e-26	1.95e-19	1.43e-13	6.21e-09	2.01e-05	5.68e-03	9.94e-01	0.00e+00	0.00e+00	0.00e+00	0.00e+00	0.00e+00
 4.69210e+14	8.90e-26	2.65e-19	1.84e-13	7.50e-09	2.28e-05	6.05e-03	9.94e-01	0.00e+00	0.00e+00	0.00e+00	0.00e+00	0.00e+00
 4.85415e+14	1.26e-25	3.59e-19	2.41e-13	9.18e-09	2.60e-05	6.48e-03	9.93e-01	0.00e+00	0.00e+00	0.00e+00	0.00e+00	0.00e+00
 5.03279e+14	1.92e-25	5.11e-19	3.20e-13	1.14e-08	3.00e-05	6.97e-03	9.93e-01	0.00e+00	0.00e+00	0.00e+00	0.00e+00	0.00e+00
 5.19761e+14	2.65e-25	6.79e-19	4.12e-13	1.38e-08	3.42e-05	7.44e-03	9.93e-01	0.00e+00	0.00e+00	0.00e+00	0.00e+00	0.00e+00
 5.37650e+14	3.91e-25	9.43e-19	5.39e-13	1.69e-08	3.91e-05	7.96e-03	9.92e-01	0.00e+00	0.00e+00	0.00e+00	0.00e+00	0.00e+00
 5.57621e+14	5.68e-25	1.31e-18	7.17e-13	2.10e-08	4.51e-05	8.58e-03	9.91e-01	0.00e+00	0.00e+00	0.00e+00	0.00e+00	0.00e+00
 5.76311e+14	8.24e-25	1.79e-18	9.30e-13	2.55e-08	5.14e-05	9.16e-03	9.91e-01	0.00e+00	0.00e+00	0.00e+00	0.00e+00	0.00e+00
 5.96621e+14	1.17e-24	2.44e-18	1.22e-12	3.13e-08	5.90e-05	9.84e-03	9.90e-01	0.00e+00	0.00e+00	0.00e+00	0.00e+00	0.00e+00
 6.19186e+14	1.75e-24	3.44e-18	1.63e-12	3.91e-08	6.83e-05	1.06e-02	9.89e-01	0.00e+00	0.00e+00	0.00e+00	0.00e+00	0.00e+00
 6.40285e+14	2.48e-24	4.66e-18	2.12e-12	4.77e-08	7.80e-05	1.13e-02	9.89e-01	0.00e+00	0.00e+00	0.00e+00	0.00e+00	0.00e+00
 6.63316e+14	3.69e-24	6.53e-18	2.80e-12	5.88e-08	8.97e-05	1.22e-02	9.88e-01	0.00e+00	0.00e+00	0.00e+00	0.00e+00	0.00e+00
 6.89113e+14	5.37e-24	9.11e-18	3.77e-12	7.38e-08	1.04e-04	1.32e-02	9.87e-01	0.00e+00	0.00e+00	0.00e+00	0.00e+00	0.00e+00
 7.13408e+14	7.90e-24	1.27e-17	4.95e-12	9.07e-08	1.20e-04	1.41e-02	9.86e-01	0.00e+00	0.00e+00	0.00e+00	0.00e+00	0.00e+00
 7.39438e+14	1.11e-23	1.72e-17	6.53e-12	1.12e-07	1.38e-04	1.52e-02	9.85e-01	0.00e+00	0.00e+00	0.00e+00	0.00e+00	0.00e+00
 7.68392e+14	1.69e-23	2.46e-17	8.82e-12	1.41e-07	1.60e-04	1.65e-02	9.83e-01	0.00e+00	0.00e+00	0.00e+00	0.00e+00	0.00e+00
 7.96431e+14	2.41e-23	3.37e-17	1.16e-11	1.74e-07	1.85e-04	1.77e-02	9.82e-01	0.00e+00	0.00e+00	0.00e+00	0.00e+00	0.00e+00
 8.26245e+14	3.58e-23	4.75e-17	1.55e-11	2.17e-07	2.13e-04	1.91e-02	9.81e-01	0.00e+00	0.00e+00	0.00e+00	0.00e+00	0.00e+00
 8.59324e+14	5.23e-23	6.66e-17	2.10e-11	2.73e-07	2.49e-04	2.07e-02	9.79e-01	0.00e+00	0.00e+00	0.00e+00	0.00e+00	0.00e+00
 8.92306e+14	7.77e-23	9.40e-17	2.81e-11	3.42e-07	2.89e-04	2.24e-02	9.77e-01	0.00e+00	0.00e+00	0.00e+00	0.00e+00	0.00e+00
 9.19702e+14	1.03e-22	1.22e-16	3.55e-11	4.09e-07	3.25e-04	2.39e-02	9.76e-01	0.00e+00	0.00e+00	0.00e+00	0.00e+00	0.00e+00
 9.41068e+14	1.30e-22	1.49e-16	4.24e-11	4.68e-07	3.56e-04	2.50e-02	9.75e-01	0.00e+00	0.00e+00	0.00e+00	0.00e+00	0.00e+00
 9.64268e+14	1.67e-22	1.86e-16	5.12e-11	5.41e-07	3.91e-04	2.63e-02	9.73e-01	0.00e+00	0.00e+00	0.00e+00	0.00e+00	0.00e+00
 9.94428e+14	2.24e-22	2.42e-16	6.48e-11	6.49e-07	4.42e-04	2.81e-02	9.71e-01	0.00e+00	0.00e+00	0.00e+00	0.00e+00	0.00e+00
 1.02706e+15	3.07e-22	3.21e-16	8.31e-11	7.85e-07	5.01e-04	3.01e-02	9.69e-01	0.00e+00	0.00e+00	0.00e+00	0.00e+00	0.00e+00
 1.05644e+15	4.09e-22	4.14e-16	1.03e-10	9.28e-07	5.60e-04	3.19e-02	9.68e-01	0.00e+00	0.00e+00	0.00e+00	0.00e+00	0.00e+00
 1.08817e+15	5.40e-22	5.33e-16	1.29e-10	1.10e-06	6.28e-04	3.39e-02	9.65e-01	0.00e+00	0.00e+00	0.00e+00	0.00e+00	0.00e+00
 1.12824e+15	7.73e-22	7.34e-16	1.71e-10	1.37e-06	7.23e-04	3.66e-02	9.63e-01	0.00e+00	0.00e+00	0.00e+00	0.00e+00	0.00e+00
 1.16864e+15	1.08e-21	9.93e-16	2.24e-10	1.68e-06	8.29e-04	3.95e-02	9.60e-01	0.00e+00	0.00e+00	0.00e+00	0.00e+00	0.00e+00
 1.20273e+15	1.42e-21	1.28e-15	2.79e-10	1.99e-06	9.27e-04	4.19e-02	9.57e-01	0.00e+00	0.00e+00	0.00e+00	0.00e+00	0.00e+00
 1.23913e+15	1.90e-21	1.66e-15	3.51e-10	2.38e-06	1.04e-03	4.46e-02	9.54e-01	0.00e+00	0.00e+00	0.00e+00	0.00e+00	0.00e+00
 1.28491e+15	2.68e-21	2.27e-15	4.63e-10	2.95e-06	1.20e-03	4.82e-02	9.51e-01	0.00e+00	0.00e+00	0.00e+00	0.00e+00	0.00e+00
 1.33227e+15	3.80e-21	3.12e-15	6.11e-10	3.65e-06	1.38e-03	5.21e-02	9.47e-01	0.00e+00	0.00e+00	0.00e+00	0.00e+00	0.00e+00
 1.37396e+15	5.14e-21	4.10e-15	7.74e-10	4.37e-06	1.55e-03	5.55e-02	9.43e-01	0.00e+00	0.00e+00	0.00e+00	0.00e+00	0.00e+00
 1.41891e+15	6.94e-21	5.41e-15	9.90e-10	5.29e-06	1.76e-03	5.94e-02	9.39e-01	0.00e+00	0.00e+00	0.00e+00	0.00e+00	0.00e+00
 1.47322e+15	9.98e-21	7.54e-15	1.32e-09	6.60e-06	2.03e-03	6.44e-02	9.34e-01	0.00e+00	0.00e+00	0.00e+00	0.00e+00	0.00e+00
 1.52702e+15	1.41e-20	1.03e-14	1.74e-09	8.15e-06	2.33e-03	6.95e-02	9.28e-01	0.00e+00	0.00e+00	0.00e+00	0.00e+00	0.00e+00
 1.57467e+15	1.90e-20	1.36e-14	2.20e-09	9.75e-06	2.62e-03	7.40e-02	9.23e-01	0.00e+00	0.00e+00	0.00e+00	0.00e+00	0.00e+00
 1.62701e+15	2.61e-20	1.82e-14	2.83e-09	1.18e-05	2.96e-03	7.92e-02	9.18e-01	0.00e+00	0.00e+00	0.00e+00	0.00e+00	0.00e+00
 1.68974e+15	3.74e-20	2.54e-14	3.79e-09	1.48e-05	3.42e-03	8.57e-02	9.11e-01	0.00e+00	0.00e+00	0.00e+00	0.00e+00	0.00e+00
 1.75223e+15	5.30e-20	3.49e-14	5.01e-09	1.82e-05	3.93e-03	9.22e-02	9.04e-01	0.00e+00	0.00e+00	0.00e+00	0.00e+00	0.00e+00
 1.80936e+15	7.36e-20	4.70e-14	6.42e-09	2.20e-05	4.43e-03	9.85e-02	8.97e-01	0.00e+00	0.00e+00	0.00e+00	0.00e+00	0.00e+00
 1.87327e+15	1.04e-19	6.43e-14	8.39e-09	2.70e-05	5.05e-03	1.06e-01	8.89e-01	0.00e+00	0.00e+00	0.00e+00	0.00e+00	0.00e+00
 1.94759e+15	1.53e-19	9.16e-14	1.13e-08	3.38e-05	5.84e-03	1.14e-01	8.80e-01	0.00e+00	0.00e+00	0.00e+00	0.00e+00	0.00e+00
 2.02049e+15	2.21e-19	1.28e-13	1.51e-08	4.19e-05	6.70e-03	1.23e-01	8.70e-01	0.00e+00	0.00e+00	0.00e+00	0.00e+00	0.00e+00
 2.08942e+15	3.03e-19	1.72e-13	1.95e-08	5.09e-05	7.58e-03	1.31e-01	8.61e-01	0.00e+00	0.00e+00	0.00e+00	0.00e+00	0.00e+00
 2.16614e+15	4.47e-19	2.43e-13	2.58e-08	6.27e-05	8.66e-03	1.41e-01	8.51e-01	0.00e+00	0.00e+00	0.00e+00	0.00e+00	0.00e+00
 2.23882e+15	6.25e-19	3.30e-13	3.33e-08	7.58e-05	9.78e-03	1.50e-01	8.40e-01	0.00e+00	0.00e+00	0.00e+00	0.00e+00	0.00e+00
 2.29289e+15	7.99e-19	4.11e-13	4.00e-08	8.69e-05	1.07e-02	1.57e-01	8.33e-01	0.00e+00	0.00e+00	0.00e+00	0.00e+00	0.00e+00
 2.34779e+15	1.02e-18	5.12e-13	4.80e-08	9.96e-05	1.16e-02	1.64e-01	8.25e-01	0.00e+00	0.00e+00	0.00e+00	0.00e+00	0.00e+00
 2.41917e+15	1.36e-18	6.67e-13	6.05e-08	1.18e-04	1.29e-02	1.73e-01	8.14e-01	0.00e+00	0.00e+00	0.00e+00	0.00e+00	0.00e+00
 2.49687e+15	1.93e-18	9.11e-13	7.73e-08	1.42e-04	1.45e-02	1.83e-01	8.02e-01	0.00e+00	0.00e+00	0.00e+00	0.00e+00	0.00e+00
 2.56705e+15	2.57e-18	1.18e-12	9.56e-08	1.66e-04	1.60e-02	1.92e-01	7.91e-01	0.00e+00	0.00e+00	0.00e+00	0.00e+00	0.00e+00
 2.64253e+15	3.41e-18	1.52e-12	1.19e-07	1.95e-04	1.78e-02	2.02e-01	7.80e-01	0.00e+00	0.00e+00	0.00e+00	0.00e+00	0.00e+00
 2.73891e+15	5.11e-18	2.17e-12	1.57e-07	2.39e-04	2.02e-02	2.15e-01	7.64e-01	0.00e+00	0.00e+00	0.00e+00	0.00e+00	0.00e+00
 2.83623e+15	7.14e-18	2.95e-12	2.05e-07	2.90e-04	2.28e-02	2.28e-01	7.49e-01	0.00e+00	0.00e+00	0.00e+00	0.00e+00	0.00e+00
 2.91757e+15	9.98e-18	3.93e-12	2.55e-07	3.40e-04	2.51e-02	2.39e-01	7.35e-01	0.00e+00	0.00e+00	0.00e+00	0.00e+00	0.00e+00
 3.00435e+15	1.36e-17	5.15e-12	3.19e-07	4.00e-04	2.78e-02	2.51e-01	7.21e-01	0.00e+00	0.00e+00	0.00e+00	0.00e+00	0.00e+00
 3.11448e+15	1.99e-17	7.23e-12	4.19e-07	4.88e-04	3.14e-02	2.65e-01	7.03e-01	0.00e+00	0.00e+00	0.00e+00	0.00e+00	0.00e+00
 3.23008e+15	2.91e-17	1.00e-11	5.51e-07	5.96e-04	3.55e-02	2.80e-01	6.84e-01	0.00e+00	0.00e+00	1.67e-17	8.84e-18	3.14e-18
 3.33341e+15	4.08e-17	1.35e-11	6.99e-07	7.07e-04	3.94e-02	2.93e-01	6.67e-01	0.00e+00	0.00e+00	2.33e-17	1.24e-17	4.37e-18
 3.44567e+15	5.82e-17	1.84e-11	8.97e-07	8.45e-04	4.39e-02	3.08e-01	6.48e-01	0.00e+00	0.00e+00	3.33e-17	1.77e-17	6.20e-18
 3.57932e+15	9.10e-17	2.68e-11	1.19e-06	1.04e-03	4.96e-02	3.24e-01	6.25e-01	0.00e+00	0.00e+00	5.22e-17	2.76e-17	9.64e-18
 3.71117e+15	1.34e-16	3.73e-11	1.56e-06	1.25e-03	5.57e-02	3.39e-01	6.04e-01	0.00e+00	0.00e+00	7.67e-17	4.05e-17	1.41e-17
 3.83077e+15	1.89e-16	5.02e-11	1.97e-06	1.48e-03	6.15e-02	3.53e-01	5.84e-01	0.00e+00	0.00e+00	1.08e-16	5.73e-17	1.98e-17
 3.96406e+15	2.65e-16	6.78e-11	2.53e-06	1.77e-03	6.83e-02	3.67e-01	5.62e-01	0.00e+00	0.00e+00	1.52e-16	8.05e-17	2.78e-17
 4.12020e+15	4.16e-16	9.86e-11	3.35e-06	2.16e-03	7.68e-02	3.84e-01	5.37e-01	0.00e+00	0.00e+00	2.39e-16	1.26e-16	4.34e-17
 4.27428e+15	6.20e-16	1.38e-10	4.36e-06	2.60e-03	8.56e-02	3.98e-01	5.13e-01	0.00e+00	0.00e+00	3.57e-16	1.88e-16	6.45e-17
 4.41925e+15	8.92e-16	1.88e-10	5.54e-06	3.08e-03	9.43e-02	4.11e-01	4.91e-01	0.00e+00	0.00e+00	5.14e-16	2.71e-16	9.24e-17
 4.58079e+15	1.27e-15	2.55e-10	7.14e-06	3.67e-03	1.04e-01	4.25e-01	4.67e-01	0.00e+00	0.00e+00	7.34e-16	3.86e-16	1.32e-16
 4.76405e+15	2.04e-15	3.74e-10	9.43e-06	4.45e-03	1.17e-01	4.39e-01	4.40e-01	0.00e+00	0.00e+00	1.18e-15	6.19e-16	2.10e-16
 4.91733e+15	2.88e-15	4.97e-10	1.18e-05	5.18e-03	1.27e-01	4.49e-01	4.19e-01	0.00e+00	0.00e+00	1.66e-15	8.73e-16	2.95e-16
 5.02690e+15	3.65e-15	6.05e-10	1.37e-05	5.76e-03	1.35e-01	4.56e-01	4.04e-01	0.00e+00	0.00e+00	2.11e-15	1.11e-15	3.74e-16
 5.14124e+15	4.66e-15	7.40e-10	1.60e-05	6.40e-03	1.43e-01	4.62e-01	3.89e-01	0.00e+00	0.00e+00	2.69e-15	1.41e-15	4.77e-16
 5.28988e+15	6.10e-15	9.33e-10	1.94e-05	7.31e-03	1.53e-01	4.69e-01	3.70e-01	0.00e+00	0.00e+00	3.52e-15	1.85e-15	6.24e-16
 5.45590e+15	8.87e-15	1.25e-09	2.40e-05	8.44e-03	1.66e-01	4.76e-01	3.49e-01	0.00e+00	0.00e+00	5.12e-15	2.69e-15	9.04e-16
 5.61109e+15	1.15e-14	1.57e-09	2.89e-05	9.58e-03	1.77e-01	4.82e-01	3.31e-01	0.00e+00	0.00e+00	6.66e-15	3.50e-15	1.17e-15
 5.77946e+15	1.65e-14	2.08e-09	3.53e-05	1.10e-02	1.90e-01	4.87e-01	3.12e-01	0.00e+00	0.00e+00	9.52e-15	5.00e-15	1.67e-15
 5.96735e+15	2.32e-14	2.74e-09	4.35e-05	1.26e-02	2.05e-01	4.91e-01	2.92e-01	0.00e+00	0.00e+00	1.34e-14	7.04e-15	2.35e-15
 6.14484e+15	3.05e-14	3.45e-09	5.27e-05	1.43e-02	2.19e-01	4.93e-01	2.74e-01	0.00e+00	0.00e+00	1.77e-14	9.27e-15	3.09e-15
 6.33977e+15	4.24e-14	4.49e-09	6.45e-05	1.64e-02	2.34e-01	4.94e-01	2.55e-01	0.00e+00	0.00e+00	2.45e-14	1.29e-14	4.29e-15
 6.55785e+15	6.37e-14	6.14e-09	8.04e-05	1.89e-02	2.51e-01	4.95e-01	2.35e-01	0.00e+00	0.00e+00	3.69e-14	1.93e-14	6.43e-15
 6.76348e+15	8.73e-14	7.91e-09	9.77e-05	2.15e-02	2.68e-01	4.93e-01	2.18e-01	0.00e+00	0.00e+00	5.05e-14	2.65e-14	8.80e-15
 6.98826e+15	1.19e-13	1.02e-08	1.20e-04	2.46e-02	2.85e-01	4.90e-01	2.00e-01	0.00e+00	0.00e+00	6.91e-14	3.63e-14	1.20e-14
 7.23536e+15	1.81e-13	1.40e-08	1.50e-04	2.83e-02	3.04e-01	4.85e-01	1.82e-01	0.00e+00	0.00e+00	1.05e-13	5.49e-14	1.82e-14
 7.46239e+15	2.50e-13	1.81e-08	1.81e-04	3.19e-02	3.22e-01	4.80e-01	1.67e-01	0.00e+00	0.00e+00	1.45e-13	7.59e-14	2.51e-14
 7.70844e+15	3.48e-13	2.35e-08	2.21e-04	3.62e-02	3.40e-01	4.72e-01	1.51e-01	0.00e+00	0.00e+00	2.02e-13	1.06e-13	3.49e-14
 7.98094e+15	4.82e-13	3.06e-08	2.72e-04	4.12e-02	3.60e-01	4.63e-01	1.36e-01	0.00e+00	0.00e+00	2.79e-13	1.46e-13	4.83e-14
 8.23697e+15	7.07e-13	4.07e-08	3.30e-04	4.65e-02	3.78e-01	4.53e-01	1.23e-01	0.00e+00	0.00e+00	4.10e-13	2.15e-13	7.08e-14
 8.51897e+15	9.92e-13	5.29e-08	4.03e-04	5.26e-02	3.97e-01	4.41e-01	1.10e-01	0.00e+00	0.00e+00	5.75e-13	3.01e-13	9.92e-14
 8.82763e+15	1.38e-12	6.90e-08	4.97e-04	5.97e-02	4.16e-01	4.26e-01	9.72e-02	0.00e+00	0.00e+00	8.00e-13	4.19e-13	1.38e-13
 9.10273e+15	1.91e-12	8.84e-08	5.95e-04	6.65e-02	4.33e-01	4.13e-01	8.69e-02	0.00e+00	0.00e+00	1.11e-12	5.79e-13	1.90e-13
 9.35166e+15	2.54e-12	1.10e-07	6.97e-04	7.30e-02	4.47e-01	4.01e-01	7.85e-02	0.00e+00	0.00e+00	1.47e-12	7.72e-13	2.53e-13
 9.63477e+15	3.59e-12	1.42e-07	8.31e-04	8.09e-02	4.63e-01	3.86e-01	6.98e-02	0.00e+00	0.00e+00	2.08e-12	1.09e-12	3.58e-13
 9.95362e+15	4.84e-12	1.80e-07	1.00e-03	9.01e-02	4.78e-01	3.69e-01	6.12e-02	0.00e+00	0.00e+00	2.81e-12	1.47e-12	4.82e-13
 1.02601e+16	6.63e-12	2.29e-07	1.19e-03	9.96e-02	4.92e-01	3.53e-01	5.39e-02	0.00e+00	0.00e+00	3.85e-12	2.02e-12	6.60e-13
 1.05270e+16	8.73e-12	2.81e-07	1.38e-03	1.08e-01	5.04e-01	3.39e-01	4.82e-02	0.00e+00	0.00e+00	5.07e-12	2.65e-12	8.68e-13
 1.07635e+16	1.15e-11	3.44e-07	1.57e-03	1.16e-01	5.13e-01	3.26e-01	4.35e-02	0.00e+00	0.00e+00	6.70e-12	3.51e-12	1.15e-12
 1.10330e+16	1.48e-11	4.16e-07	1.81e-03	1.26e-01	5.22e-01	3.12e-01	3.88e-02	0.00e+00	0.00e+00	8.60e-12	4.50e-12	1.47e-12
 1.13834e+16	2.10e-11	5.40e-07	2.18e-03	1.39e-01	5.33e-01	2.93e-01	3.33e-02	0.00e+00	0.00e+00	1.22e-11	6.39e-12	2.09e-12
 1.17287e+16	2.82e-11	6.77e-07	2.58e-03	1.52e-01	5.41e-01	2.76e-01	2.88e-02	0.00e+00	0.00e+00	1.64e-11	8.58e-12	2.80e-12
 1.20045e+16	3.51e-11	8.04e-07	2.94e-03	1.63e-01	5.47e-01	2.62e-01	2.56e-02	0.00e+00	0.00e+00	2.04e-11	1.07e-11	3.49e-12
 1.22999e+16	4.55e-11	9.78e-07	3.40e-03	1.75e-01	5.52e-01	2.47e-01	2.25e-02	0.00e+00	0.00e+00	2.65e-11	1.39e-11	4.52e-12
 1.26840e+16	6.80e-11	1.30e-06	4.09e-03	1.92e-01	5.56e-01	2.29e-01	1.88e-02	0.00e+00	0.00e+00	3.95e-11	2.07e-11	6.75e-12
 1.30573e+16	9.08e-11	1.63e-06	4.83e-03	2.09e-01	5.59e-01	2.12e-01	1.60e-02	0.00e+00	0.00e+00	5.28e-11	2.76e-11	9.02e-12
 1.33404e+16	1.12e-10	1.92e-06	5.48e-03	2.22e-01	5.59e-01	1.99e-01	1.41e-02	0.00e+00	0.00e+00	6.51e-11	3.41e-11	1.11e-11
 1.36321e+16	1.43e-10	2.31e-06	6.26e-03	2.36e-01	5.59e-01	1.87e-01	1.23e-02	0.00e+00	0.00e+00	8.31e-11	4.36e-11	1.42e-11
 1.40113e+16	2.10e-10	3.03e-06	7.45e-03	2.55e-01	5.56e-01	1.71e-01	1.03e-02	0.00e+00	0.00e+00	1.22e-10	6.40e-11	2.09e-11
 1.43940e+16	2.81e-10	3.79e-06	8.78e-03	2.75e-01	5.52e-01	1.56e-01	8.61e-03	0.00e+00	0.00e+00	1.64e-10	8.57e-11	2.79e-11
 1.47020e+16	3.51e-10	4.51e-06	1.00e-02	2.91e-01	5.47e-01	1.45e-01	7.45e-03	0.00e+00	0.00e+00	2.04e-10	1.07e-10	3.48e-11
 1.49777e+16	4.42e-10	5.37e-06	1.13e-02	3.06e-01	5.41e-01	1.35e-01	6.51e-03	0.00e+00	0.00e+00	2.57e-10	1.35e-10	4.39e-11
 1.52911e+16	5.75e-10	6.54e-06	1.31e-02	3.24e-01	5.33e-01	1.24e-01	5.57e-03	0.00e+00	0.00e+00	3.34e-10	1.75e-10	5.71e-11
 1.56301e+16	8.29e-10	8.43e-06	1.52e-02	3.44e-01	5.23e-01	1.13e-01	4.66e-03	0.00e+00	0.00e+00	4.82e-10	2.53e-10	8.23e-11
 1.59242e+16	1.06e-09	1.02e-05	1.74e-02	3.62e-01	5.13e-01	1.04e-01	4.01e-03	0.00e+00	0.00e+00	6.17e-10	3.24e-10	1.05e-10
 1.61836e+16	1.34e-09	1.21e-05	1.96e-02	3.78e-01	5.03e-01	9.61e-02	3.50e-03	0.00e+00	0.00e+00	7.79e-10	4.08e-10	1.33e-10
 1.64764e+16	1.72e-09	1.46e-05	2.25e-02	3.96e-01	4.91e-01	8.77e-02	2.98e-03	0.00e+00	0.00e+00	1.00e-09	5.25e-10	1.71e-10
 1.67928e+16	2.31e-09	1.82e-05	2.61e-02	4.16e-01	4.76e-01	7.92e-02	2.50e-03	0.00e+00	0.00e+00	1.34e-09	7.03e-10	2.29e-10
 1.70681e+16	3.06e-09	2.23e-05	2.99e-02	4.34e-01	4.62e-01	7.21e-02	2.13e-03	0.00e+00	0.00e+00	1.78e-09	9.34e-10	3.05e-10
 1.73072e+16	3.80e-09	2.63e-05	3.37e-02	4.49e-01	4.49e-01	6.63e-02	1.85e-03	0.00e+00	0.00e+00	2.21e-09	1.16e-09	3.78e-10
 1.75319e+16	4.57e-09	3.05e-05	3.77e-02	4.64e-01	4.36e-01	6.11e-02	1.62e-03	0.00e+00	0.00e+00	2.66e-09	1.40e-09	4.55e-10
 1.77848e+16	5.90e-09	3.70e-05	4.32e-02	4.81e-01	4.19e-01	5.52e-02	1.37e-03	0.00e+00	0.00e+00	3.43e-09	1.80e-09	5.87e-10
 1.80591e+16	7.89e-09	4.60e-05	5.02e-02	4.98e-01	4.01e-01	4.93e-02	1.15e-03	0.00e+00	0.00e+00	4.59e-09	2.41e-09	7.86e-10
 1.82979e+16	1.04e-08	5.65e-05	5.76e-02	5.14e-01	3.83e-01	4.43e-02	9.70e-04	0.00e+00	0.00e+00	6.07e-09	3.19e-09	1.04e-09
 1.85022e+16	1.35e-08	6.81e-05	6.51e-02	5.26e-01	3.67e-01	4.03e-02	8.35e-04	0.00e+00	0.00e+00	7.83e-09	4.11e-09	1.34e-09
 1.86865e+16	1.71e-08	8.10e-05	7.31e-02	5.37e-01	3.52e-01	3.67e-02	7.23e-04	0.00e+00	0.00e+00	9.92e-09	5.21e-09	1.70e-09
 1.88609e+16	2.27e-08	9.91e-05	8.21e-02	5.47e-01	3.36e-01	3.33e-02	6.23e-04	0.00e+00	0.00e+00	1.32e-08	6.95e-09	2.27e-09
 1.90236e+16	2.90e-08	1.18e-04	9.17e-02	5.56e-01	3.21e-01	3.03e-02	5.41e-04	0.00e+00	0.00e+00	1.69e-08	8.87e-09	2.90e-09
 1.91981e+16	3.45e-08	1.36e-04	1.03e-01	5.65e-01	3.04e-01	2.73e-02	4.64e-04	0.00e+00	0.00e+00	2.01e-08	1.06e-08	3.45e-09
 1.94248e+16	5.41e-08	1.86e-04	1.23e-01	5.73e-01	2.80e-01	2.32e-02	3.66e-04	0.00e+00	0.00e+00	3.15e-08	1.65e-08	5.40e-09
 1.96350e+16	7.48e-08	2.37e-04	1.45e-01	5.78e-01	2.57e-01	1.99e-02	2.93e-04	0.00e+00	0.00e+00	4.35e-08	2.29e-08	7.47e-09
 1.97759e+16	9.56e-08	2.84e-04	1.63e-01	5.80e-01	2.40e-01	1.77e-02	2.49e-04	0.00e+00	0.00e+00	5.56e-08	2.92e-08	9.55e-09
 1.99114e+16	1.20e-07	3.37e-04	1.83e-01	5.79e-01	2.22e-01	1.56e-02	2.09e-04	0.00e+00	0.00e+00	6.96e-08	3.66e-08	1.20e-08
 2.00642e+16	1.60e-07	4.18e-04	2.10e-01	5.75e-01	2.02e-01	1.33e-02	1.69e-04	0.00e+00	0.00e+00	9.31e-08	4.90e-08	1.60e-08
 2.02024e+16	1.98e-07	4.94e-04	2.38e-01	5.68e-01	1.83e-01	1.14e-02	1.37e-04	0.00e+00	0.00e+00	1.15e-07	6.06e-08	1.98e-08
 2.03196e+16	2.73e-07	6.17e-04	2.67e-01	5.57e-01	1.66e-01	9.74e-03	1.11e-04	0.00e+00	0.00e+00	1.59e-07	8.35e-08	2.74e-08
 2.04149e+16	3.37e-07	7.18e-04	2.94e-01	5.46e-01	1.51e-01	8.51e-03	9.29e-05	0.00e+00	0.00e+00	1.96e-07	1.03e-07	3.37e-08
 2.05068e+16	3.96e-07	8.14e-04	3.22e-01	5.33e-01	1.37e-01	7.35e-03	7.71e-05	0.00e+00	0.00e+00	2.31e-07	1.21e-07	3.98e-08
 2.06263e+16	5.68e-07	1.04e-03	3.66e-01	5.09e-01	1.18e-01	5.89e-03	5.76e-05	0.00e+00	0.00e+00	3.30e-07	1.74e-07	5.71e-08
 2.07222e+16	7.05e-07	1.22e-03	4.03e-01	4.87e-01	1.04e-01	4.90e-03	4.56e-05	0.00e+00	0.00e+00	4.10e-07	2.16e-07	7.09e-08
 2.07697e+16	7.93e-07	1.32e-03	4.23e-01	4.75e-01	9.65e-02	4.42e-03	4.00e-05	0.00e+00	0.00e+00	4.61e-07	2.43e-07	7.98e-08
 2.08137e+16	8.90e-07	1.43e-03	4.43e-01	4.62e-01	8.95e-02	3.98e-03	3.50e-05	0.00e+00	0.00e+00	5.18e-07	2.73e-07	8.96e-08
 2.08709e+16	9.89e-07	1.55e-03	4.69e-01	4.45e-01	8.08e-02	3.46e-03	2.94e-05	0.00e+00	0.00e+00	5.76e-07	3.03e-07	9.96e-08
 2.09453e+16	1.26e-06	1.82e-03	5.07e-01	4.19e-01	6.97e-02	2.81e-03	2.26e-05	0.00e+00	0.00e+00	7.31e-07	3.85e-07	1.27e-07
 2.10138e+16	1.49e-06	2.05e-03	5.41e-01	3.94e-01	6.04e-02	2.31e-03	1.78e-05	0.00e+00	0.00e+00	8.65e-07	4.56e-07	1.50e-07
 2.10627e+16	1.68e-06	2.23e-03	5.67e-01	3.75e-01	5.38e-02	1.98e-03	1.47e-05	0.00e+00	0.00e+00	9.78e-07	5.16e-07	1.70e-07
 2.11145e+16	1.88e-06	2.41e-03	5.95e-01	3.54e-01	4.72e-02	1.66e-03	1.18e-05	0.00e+00	0.00e+00	1.09e-06	5.76e-07	1.90e-07
 2.11818e+16	2.32e-06	2.76e-03	6.32e-01	3.24e-01	3.91e-02	1.28e-03	8.61e-06	0.00e+00	0.00e+00	1.35e-06	7.12e-07	2.35e-07
 2.12465e+16	2.71e-06	3.06e-03	6.66e-01	2.97e-01	3.25e-02	1.00e-03	6.36e-06	0.00e+00	0.00e+00	1.58e-06	8.32e-07	2.75e-07
 2.12971e+16	3.08e-06	3.32e-03	6.93e-01	2.75e-01	2.77e-02	8.11e-04	4.91e-06	0.00e+00	0.00e+00	1.79e-06	9.47e-07	3.13e-07
