#depth	N	N+	N+2	N+3	N+4	N+5	N+6	N+7
 1.49634e+10	0.00e+00	0.00e+00	8.49e-29	5.35e-19	3.88e-10	8.88e-01	1.12e-01	6.36e-06
 4.54887e+10	0.00e+00	4.37e-39	1.09e-28	6.33e-19	4.24e-10	8.96e-01	1.04e-01	5.47e-06
 7.72350e+10	0.00e+00	0.00e+00	1.39e-28	7.47e-19	4.62e-10	9.04e-01	9.65e-02	4.69e-06
 1.10251e+11	0.00e+00	8.37e-39	1.77e-28	8.82e-19	5.05e-10	9.10e-01	8.96e-02	4.02e-06
 1.44588e+11	0.00e+00	0.00e+00	2.26e-28	1.04e-18	5.50e-10	9.17e-01	8.31e-02	3.45e-06
 1.80298e+11	0.00e+00	1.60e-38	2.89e-28	1.23e-18	5.99e-10	9.23e-01	7.71e-02	2.95e-06
 2.17437e+11	0.00e+00	0.00e+00	3.69e-28	1.45e-18	6.53e-10	9.29e-01	7.14e-02	2.53e-06
 2.56061e+11	0.00e+00	3.05e-38	4.71e-28	1.71e-18	7.11e-10	9.34e-01	6.61e-02	2.16e-06
 2.96231e+11	0.00e+00	0.00e+00	6.01e-28	2.01e-18	7.74e-10	9.39e-01	6.12e-02	1.85e-06
 3.38007e+11	0.00e+00	5.82e-38	7.67e-28	2.37e-18	8.42e-10	9.43e-01	5.66e-02	1.58e-06
 3.81454e+11	0.00e+00	0.00e+00	9.79e-28	2.79e-18	9.17e-10	9.48e-01	5.21e-02	1.34e-06
 4.26639e+11	0.00e+00	1.11e-37	1.25e-27	3.29e-18	9.97e-10	9.52e-01	4.82e-02	1.14e-06
 4.70458e+11	0.00e+00	0.00e+00	1.57e-27	3.84e-18	1.08e-09	9.55e-01	4.48e-02	9.85e-07
 5.10723e+11	0.00e+00	1.96e-37	1.92e-27	4.39e-18	1.16e-09	9.58e-01	4.19e-02	0.00e+00
 5.55532e+11	0.00e+00	0.00e+00	2.38e-27	5.08e-18	1.25e-09	9.61e-01	3.90e-02	0.00e+00
 6.07439e+11	0.00e+00	3.61e-37	3.04e-27	5.98e-18	1.35e-09	9.64e-01	3.60e-02	0.00e+00
 6.58713e+11	0.00e+00	0.00e+00	3.83e-27	6.98e-18	1.46e-09	9.67e-01	3.34e-02	0.00e+00
 7.12038e+11	0.00e+00	6.67e-37	4.82e-27	8.16e-18	1.58e-09	9.69e-01	3.09e-02	0.00e+00
 7.70446e+11	0.00e+00	0.00e+00	6.16e-27	9.61e-18	1.72e-09	9.71e-01	2.85e-02	0.00e+00
 8.29578e+11	0.00e+00	1.27e-36	7.81e-27	1.13e-17	1.87e-09	9.74e-01	2.64e-02	0.00e+00
 8.91074e+11	3.50e-47	1.74e-36	9.92e-27	1.32e-17	2.03e-09	9.76e-01	2.43e-02	0.00e+00
 9.56644e+11	0.00e+00	0.00e+00	1.27e-26	1.56e-17	2.20e-09	9.78e-01	2.24e-02	0.00e+00
 1.02484e+12	0.00e+00	3.33e-36	1.62e-26	1.84e-17	2.39e-09	9.79e-01	2.07e-02	0.00e+00
 1.09576e+12	1.18e-46	4.62e-36	2.07e-26	2.17e-17	2.60e-09	9.81e-01	1.90e-02	0.00e+00
 1.16951e+12	0.00e+00	0.00e+00	2.65e-26	2.55e-17	2.83e-09	9.82e-01	1.75e-02	0.00e+00
 1.24622e+12	0.00e+00	8.88e-36	3.39e-26	3.01e-17	3.07e-09	9.84e-01	1.61e-02	0.00e+00
 1.32600e+12	4.04e-46	1.23e-35	4.34e-26	3.56e-17	3.34e-09	9.85e-01	1.48e-02	0.00e+00
 1.40896e+12	0.00e+00	0.00e+00	5.56e-26	4.20e-17	3.64e-09	9.86e-01	1.36e-02	0.00e+00
 1.48701e+12	0.00e+00	2.31e-35	6.96e-26	4.88e-17	3.92e-09	9.87e-01	1.26e-02	0.00e+00
 1.55688e+12	1.22e-45	2.99e-35	8.46e-26	5.56e-17	4.19e-09	9.88e-01	1.18e-02	0.00e+00
 1.63534e+12	0.00e+00	0.00e+00	1.05e-25	6.42e-17	4.51e-09	9.89e-01	1.10e-02	0.00e+00
 1.72824e+12	0.00e+00	5.48e-35	1.34e-25	7.55e-17	4.89e-09	9.90e-01	1.01e-02	0.00e+00
 1.82157e+12	3.84e-45	7.50e-35	1.69e-25	8.85e-17	5.30e-09	9.91e-01	9.36e-03	0.00e+00
 1.90926e+12	0.00e+00	0.00e+00	2.10e-25	1.02e-16	5.70e-09	9.91e-01	8.71e-03	0.00e+00
 2.00618e+12	0.00e+00	1.35e-34	2.64e-25	1.19e-16	6.16e-09	9.92e-01	8.05e-03	0.00e+00
 2.11635e+12	1.22e-44	1.89e-34	3.40e-25	1.41e-16	6.72e-09	9.93e-01	7.39e-03	0.00e+00
 2.22643e+12	0.00e+00	2.61e-34	4.34e-25	1.66e-16	7.30e-09	9.93e-01	6.81e-03	0.00e+00
 2.34090e+12	2.72e-44	3.60e-34	5.54e-25	1.96e-16	7.93e-09	9.94e-01	6.26e-03	0.00e+00
 2.46447e+12	0.00e+00	5.05e-34	7.15e-25	2.33e-16	8.65e-09	9.94e-01	5.74e-03	0.00e+00
 2.58022e+12	6.06e-44	6.85e-34	9.00e-25	2.72e-16	9.35e-09	9.95e-01	5.31e-03	0.00e+00
 2.68339e+12	0.00e+00	8.91e-34	1.10e-24	3.11e-16	1.00e-08	9.95e-01	4.96e-03	0.00e+00
 2.79931e+12	1.21e-43	1.19e-33	1.37e-24	3.60e-16	1.08e-08	9.95e-01	4.60e-03	0.00e+00
 2.93709e+12	0.00e+00	1.66e-33	1.76e-24	4.26e-16	1.17e-08	9.96e-01	4.23e-03	0.00e+00
 3.07565e+12	2.72e-43	2.28e-33	2.24e-24	5.02e-16	1.28e-08	9.96e-01	3.89e-03	0.00e+00
 3.20517e+12	0.00e+00	3.05e-33	2.79e-24	5.83e-16	1.38e-08	9.96e-01	3.60e-03	0.00e+00
 3.34873e+12	5.75e-43	4.17e-33	3.54e-24	6.84e-16	1.49e-08	9.97e-01	3.32e-03	0.00e+00
 3.51261e+12	0.00e+00	5.88e-33	4.60e-24	8.16e-16	1.63e-08	9.97e-01	3.04e-03	0.00e+00
 3.67356e+12	1.32e-42	8.15e-33	5.89e-24	9.65e-16	1.78e-08	9.97e-01	2.79e-03	0.00e+00
 3.82835e+12	0.00e+00	1.10e-32	7.42e-24	1.13e-15	1.93e-08	9.97e-01	2.58e-03	0.00e+00
 3.99881e+12	2.87e-42	1.52e-32	9.48e-24	1.33e-15	2.10e-08	9.98e-01	2.37e-03	0.00e+00
 4.18869e+12	0.00e+00	2.15e-32	1.23e-23	1.60e-15	2.30e-08	9.98e-01	2.16e-03	0.00e+00
 4.38022e+12	6.70e-42	3.01e-32	1.60e-23	1.90e-15	2.52e-08	9.98e-01	1.97e-03	0.00e+00
 4.57942e+12	0.00e+00	4.22e-32	2.07e-23	2.27e-15	2.76e-08	9.98e-01	1.80e-03	0.00e+00
 4.78486e+12	1.54e-41	5.90e-32	2.67e-23	2.70e-15	3.02e-08	9.98e-01	1.65e-03	0.00e+00
 4.98633e+12	0.00e+00	8.10e-32	3.41e-23	3.19e-15	3.29e-08	9.98e-01	1.51e-03	0.00e+00
 5.20353e+12	3.43e-41	1.13e-31	4.39e-23	3.80e-15	3.60e-08	9.99e-01	1.38e-03	0.00e+00
 5.44159e+12	0.00e+00	1.59e-31	5.74e-23	4.57e-15	3.96e-08	9.99e-01	1.26e-03	0.00e+00
 5.68918e+12	8.09e-41	2.26e-31	7.50e-23	5.49e-15	4.36e-08	9.99e-01	1.14e-03	0.00e+00
 5.94668e+12	0.00e+00	3.19e-31	9.81e-23	6.61e-15	4.80e-08	9.99e-01	1.04e-03	0.00e+00
 6.21447e+12	1.90e-40	4.51e-31	1.28e-22	7.96e-15	5.29e-08	9.99e-01	9.43e-04	0.00e+00
 6.45653e+12	0.00e+00	6.09e-31	1.62e-22	9.37e-15	5.76e-08	9.99e-01	8.67e-04	0.00e+00
 6.65796e+12	3.69e-40	7.75e-31	1.95e-22	1.07e-14	6.17e-08	9.99e-01	8.10e-04	0.00e+00
 6.87852e+12	0.00e+00	1.00e-30	2.39e-22	1.23e-14	6.64e-08	9.99e-01	7.53e-04	0.00e+00
 7.15821e+12	7.42e-40	1.37e-30	3.05e-22	1.46e-14	7.26e-08	9.99e-01	6.88e-04	0.00e+00
 7.45018e+12	0.00e+00	1.88e-30	3.90e-22	1.74e-14	7.96e-08	9.99e-01	6.28e-04	0.00e+00
 7.69768e+12	1.49e-39	2.42e-30	4.77e-22	2.00e-14	8.59e-08	9.99e-01	5.83e-04	0.00e+00
 7.95197e+12	0.00e+00	3.12e-30	5.82e-22	2.30e-14	9.26e-08	9.99e-01	5.41e-04	0.00e+00
 8.27257e+12	2.95e-39	4.25e-30	7.42e-22	2.74e-14	1.01e-07	1.00e+00	4.94e-04	0.00e+00
 8.59847e+12	0.00e+00	5.74e-30	9.41e-22	3.24e-14	1.11e-07	1.00e+00	4.51e-04	0.00e+00
 8.87750e+12	5.72e-39	7.34e-30	1.14e-21	3.73e-14	1.20e-07	1.00e+00	4.19e-04	0.00e+00
 9.17655e+12	0.00e+00	9.48e-30	1.40e-21	4.31e-14	1.29e-07	1.00e+00	3.88e-04	0.00e+00
 9.54746e+12	1.12e-38	1.28e-29	1.78e-21	5.13e-14	1.42e-07	1.00e+00	3.54e-04	0.00e+00
 9.92808e+12	0.00e+00	1.73e-29	2.26e-21	6.09e-14	1.56e-07	1.00e+00	3.23e-04	0.00e+00
 1.02700e+13	2.19e-38	2.23e-29	2.77e-21	7.06e-14	1.69e-07	1.00e+00	2.98e-04	0.00e+00
 1.06452e+13	0.00e+00	2.93e-29	3.44e-21	8.25e-14	1.84e-07	1.00e+00	2.74e-04	0.00e+00
 1.10893e+13	4.38e-38	3.98e-29	4.39e-21	9.85e-14	2.02e-07	1.00e+00	2.49e-04	0.00e+00
 1.15347e+13	0.00e+00	5.33e-29	5.55e-21	1.17e-13	2.22e-07	1.00e+00	2.27e-04	0.00e+00
 1.19563e+13	8.56e-38	6.95e-29	6.87e-21	1.37e-13	2.42e-07	1.00e+00	2.09e-04	0.00e+00
 1.24229e+13	0.00e+00	9.22e-29	8.61e-21	1.61e-13	2.64e-07	1.00e+00	1.91e-04	0.00e+00
 1.29497e+13	1.73e-37	1.25e-28	1.10e-20	1.92e-13	2.91e-07	1.00e+00	1.73e-04	0.00e+00
 1.34750e+13	0.00e+00	1.67e-28	1.39e-20	2.28e-13	3.20e-07	1.00e+00	1.58e-04	0.00e+00
 1.39386e+13	3.28e-37	2.13e-28	1.69e-20	2.64e-13	3.46e-07	1.00e+00	1.46e-04	0.00e+00
 1.43272e+13	0.00e+00	2.60e-28	1.98e-20	2.96e-13	3.69e-07	1.00e+00	1.37e-04	0.00e+00
 1.47454e+13	5.35e-37	3.20e-28	2.34e-20	3.35e-13	3.95e-07	1.00e+00	1.28e-04	0.00e+00
 1.52891e+13	0.00e+00	4.16e-28	2.89e-20	3.90e-13	4.29e-07	1.00e+00	1.18e-04	0.00e+00
 1.58577e+13	9.99e-37	5.40e-28	3.57e-20	4.56e-13	4.68e-07	1.00e+00	1.08e-04	0.00e+00
 1.63424e+13	0.00e+00	6.70e-28	4.24e-20	5.17e-13	5.01e-07	1.00e+00	1.01e-04	0.00e+00
 1.68563e+13	1.69e-36	8.35e-28	5.07e-20	5.89e-13	5.38e-07	1.00e+00	9.43e-05	0.00e+00
 1.75046e+13	0.00e+00	1.09e-27	6.29e-20	6.90e-13	5.88e-07	1.00e+00	8.65e-05	0.00e+00
 1.81727e+13	3.19e-36	1.42e-27	7.79e-20	8.07e-13	6.41e-07	1.00e+00	7.94e-05	0.00e+00
 1.87585e+13	0.00e+00	1.78e-27	9.34e-20	9.21e-13	6.89e-07	1.00e+00	7.38e-05	0.00e+00
 1.93926e+13	5.54e-36	2.26e-27	1.13e-19	1.06e-12	7.44e-07	1.00e+00	6.85e-05	0.00e+00
 2.00955e+13	0.00e+00	2.90e-27	1.38e-19	1.23e-12	8.07e-07	1.00e+00	6.31e-05	0.00e+00
 2.07473e+13	9.79e-36	3.63e-27	1.66e-19	1.40e-12	8.68e-07	1.00e+00	5.87e-05	0.00e+00
 2.14540e+13	0.00e+00	4.60e-27	2.00e-19	1.61e-12	9.37e-07	1.00e+00	5.44e-05	0.00e+00
 2.22399e+13	1.76e-35	5.92e-27	2.46e-19	1.87e-12	1.02e-06	1.00e+00	5.02e-05	0.00e+00
 2.29726e+13	0.00e+00	7.44e-27	2.95e-19	2.13e-12	1.10e-06	1.00e+00	4.66e-05	0.00e+00
 2.37693e+13	3.08e-35	9.46e-27	3.58e-19	2.45e-12	1.18e-06	1.00e+00	4.32e-05	0.00e+00
 2.46557e+13	0.00e+00	1.22e-26	4.41e-19	2.85e-12	1.29e-06	1.00e+00	3.98e-05	0.00e+00
 2.54845e+13	5.55e-35	1.54e-26	5.31e-19	3.26e-12	1.39e-06	1.00e+00	3.69e-05	0.00e+00
 2.63877e+13	0.00e+00	1.97e-26	6.47e-19	3.76e-12	1.50e-06	1.00e+00	3.42e-05	0.00e+00
 2.73962e+13	1.02e-34	2.57e-26	8.00e-19	4.39e-12	1.63e-06	1.00e+00	3.14e-05	0.00e+00
 2.83451e+13	0.00e+00	3.27e-26	9.70e-19	5.04e-12	1.76e-06	1.00e+00	2.91e-05	0.00e+00
 2.93822e+13	1.85e-34	4.21e-26	1.19e-18	5.83e-12	1.91e-06	1.00e+00	2.69e-05	0.00e+00
 3.05437e+13	2.57e-34	5.54e-26	1.48e-18	6.82e-12	2.08e-06	1.00e+00	2.47e-05	0.00e+00
 3.16442e+13	3.48e-34	7.12e-26	1.81e-18	7.88e-12	2.25e-06	1.00e+00	2.28e-05	0.00e+00
 3.28277e+13	4.77e-34	9.26e-26	2.23e-18	9.14e-12	2.44e-06	1.00e+00	2.11e-05	0.00e+00
 3.41707e+13	6.72e-34	1.23e-25	2.80e-18	1.07e-11	2.67e-06	1.00e+00	1.93e-05	0.00e+00
 3.54940e+13	9.33e-34	1.62e-25	3.48e-18	1.25e-11	2.90e-06	1.00e+00	1.77e-05	0.00e+00
 3.68702e+13	1.30e-33	2.12e-25	4.32e-18	1.46e-11	3.15e-06	1.00e+00	1.63e-05	0.00e+00
 3.83750e+13	1.84e-33	2.83e-25	5.43e-18	1.71e-11	3.44e-06	1.00e+00	1.50e-05	0.00e+00
 3.99399e+13	2.62e-33	3.79e-25	6.83e-18	2.01e-11	3.74e-06	1.00e+00	1.38e-05	0.00e+00
 4.14682e+13	3.63e-33	4.97e-25	8.46e-18	2.34e-11	4.06e-06	1.00e+00	1.27e-05	0.00e+00
 4.28586e+13	4.87e-33	6.32e-25	1.02e-17	2.67e-11	4.36e-06	1.00e+00	1.18e-05	0.00e+00
 4.40966e+13	6.27e-33	7.79e-25	1.20e-17	2.99e-11	4.64e-06	1.00e+00	1.11e-05	0.00e+00
 4.54263e+13	8.19e-33	9.69e-25	1.43e-17	3.37e-11	4.94e-06	1.00e+00	1.04e-05	0.00e+00
 4.71164e+13	1.14e-32	1.27e-24	1.77e-17	3.90e-11	5.34e-06	1.00e+00	9.66e-06	0.00e+00
 4.88337e+13	1.56e-32	1.65e-24	2.17e-17	4.50e-11	5.76e-06	1.00e+00	8.95e-06	0.00e+00
 5.02784e+13	2.04e-32	2.05e-24	2.57e-17	5.05e-11	6.13e-06	1.00e+00	8.42e-06	0.00e+00
 5.18100e+13	2.69e-32	2.57e-24	3.06e-17	5.70e-11	6.53e-06	1.00e+00	7.91e-06	0.00e+00
 5.37442e+13	3.78e-32	3.39e-24	3.79e-17	6.59e-11	7.04e-06	1.00e+00	7.33e-06	0.00e+00
 5.57248e+13	5.23e-32	4.43e-24	4.67e-17	7.62e-11	7.61e-06	1.00e+00	6.79e-06	0.00e+00
 5.74175e+13	6.92e-32	5.55e-24	5.56e-17	8.58e-11	8.09e-06	1.00e+00	6.38e-06	0.00e+00
 5.92126e+13	9.22e-32	7.01e-24	6.66e-17	9.70e-11	8.62e-06	1.00e+00	5.99e-06	0.00e+00
 6.14468e+13	1.31e-31	9.32e-24	8.27e-17	1.12e-10	9.30e-06	1.00e+00	5.55e-06	0.00e+00
 6.37355e+13	1.83e-31	1.22e-23	1.02e-16	1.30e-10	1.00e-05	1.00e+00	5.14e-06	0.00e+00
 6.57405e+13	2.46e-31	1.56e-23	1.23e-16	1.47e-10	1.07e-05	1.00e+00	4.83e-06	0.00e+00
 6.78930e+13	3.34e-31	1.99e-23	1.48e-16	1.67e-10	1.14e-05	1.00e+00	4.52e-06	0.00e+00
 7.05068e+13	4.82e-31	2.68e-23	1.86e-16	1.94e-10	1.23e-05	1.00e+00	4.19e-06	0.00e+00
 7.31620e+13	6.78e-31	3.53e-23	2.30e-16	2.25e-10	1.33e-05	1.00e+00	3.88e-06	0.00e+00
 7.55669e+13	9.31e-31	4.56e-23	2.79e-16	2.56e-10	1.42e-05	1.00e+00	3.64e-06	0.00e+00
 7.82046e+13	1.30e-30	5.96e-23	3.42e-16	2.93e-10	1.52e-05	1.00e+00	3.40e-06	0.00e+00
 8.13043e+13	1.90e-30	8.09e-23	4.30e-16	3.42e-10	1.64e-05	1.00e+00	3.14e-06	0.00e+00
 8.44043e+13	2.72e-30	1.08e-22	5.36e-16	3.97e-10	1.77e-05	1.00e+00	2.91e-06	0.00e+00
 8.73450e+13	3.81e-30	1.42e-22	6.57e-16	4.54e-10	1.90e-05	1.00e+00	2.72e-06	0.00e+00
 9.05854e+13	5.48e-30	1.89e-22	8.17e-16	5.25e-10	2.04e-05	1.00e+00	2.53e-06	0.00e+00
 9.42387e+13	8.02e-30	2.57e-22	1.03e-15	6.14e-10	2.21e-05	1.00e+00	2.34e-06	0.00e+00
 9.79173e+13	1.17e-29	3.48e-22	1.30e-15	7.15e-10	2.38e-05	1.00e+00	2.17e-06	0.00e+00
 1.01743e+14	1.72e-29	4.73e-22	1.63e-15	8.32e-10	2.57e-05	1.00e+00	2.01e-06	0.00e+00
 1.05843e+14	2.54e-29	6.47e-22	2.06e-15	9.73e-10	2.78e-05	1.00e+00	1.86e-06	0.00e+00
 1.10106e+14	3.76e-29	8.85e-22	2.61e-15	1.14e-09	3.00e-05	1.00e+00	1.72e-06	0.00e+00
 1.14243e+14	5.38e-29	1.18e-21	3.25e-15	1.32e-09	3.23e-05	1.00e+00	1.60e-06	0.00e+00
 1.18147e+14	7.53e-29	1.54e-21	3.97e-15	1.51e-09	3.45e-05	1.00e+00	1.50e-06	0.00e+00
 1.21843e+14	1.03e-28	1.98e-21	4.77e-15	1.70e-09	3.67e-05	1.00e+00	1.41e-06	0.00e+00
 1.25882e+14	1.42e-28	2.56e-21	5.80e-15	1.94e-09	3.91e-05	1.00e+00	1.32e-06	0.00e+00
 1.30365e+14	1.99e-28	3.36e-21	7.14e-15	2.23e-09	4.19e-05	1.00e+00	1.23e-06	0.00e+00
 1.34558e+14	2.73e-28	4.33e-21	8.62e-15	2.52e-09	4.46e-05	1.00e+00	1.16e-06	0.00e+00
 1.39141e+14	3.82e-28	5.66e-21	1.05e-14	2.88e-09	4.76e-05	1.00e+00	1.08e-06	0.00e+00
 1.44320e+14	5.47e-28	7.55e-21	1.31e-14	3.33e-09	5.12e-05	1.00e+00	1.01e-06	0.00e+00
 1.49305e+14	7.59e-28	9.83e-21	1.60e-14	3.82e-09	5.48e-05	1.00e+00	9.41e-07	0.00e+00
 1.54750e+14	1.09e-27	1.31e-20	1.99e-14	4.40e-09	5.88e-05	1.00e+00	0.00e+00	0.00e+00
 1.60970e+14	1.58e-27	1.77e-20	2.51e-14	5.15e-09	6.37e-05	1.00e+00	0.00e+00	0.00e+00
 1.67017e+14	2.28e-27	2.38e-20	3.13e-14	5.96e-09	6.85e-05	1.00e+00	0.00e+00	0.00e+00
 1.73305e+14	3.29e-27	3.19e-20	3.90e-14	6.90e-09	7.37e-05	1.00e+00	0.00e+00	0.00e+00
 1.79689e+14	4.62e-27	4.21e-20	4.84e-14	7.98e-09	7.93e-05	1.00e+00	0.00e+00	0.00e+00
 1.85322e+14	6.31e-27	5.39e-20	5.82e-14	9.02e-09	8.43e-05	1.00e+00	0.00e+00	0.00e+00
 1.91442e+14	8.56e-27	6.91e-20	7.06e-14	1.03e-08	9.00e-05	1.00e+00	0.00e+00	0.00e+00
 1.98814e+14	1.25e-26	9.33e-20	8.85e-14	1.19e-08	9.70e-05	1.00e+00	0.00e+00	0.00e+00
 2.06132e+14	1.75e-26	1.23e-19	1.10e-13	1.38e-08	1.04e-04	1.00e+00	0.00e+00	0.00e+00
 2.12665e+14	2.36e-26	1.57e-19	1.32e-13	1.56e-08	1.11e-04	1.00e+00	0.00e+00	0.00e+00
 2.19860e+14	3.24e-26	2.03e-19	1.61e-13	1.78e-08	1.19e-04	1.00e+00	0.00e+00	0.00e+00
 2.28420e+14	4.73e-26	2.75e-19	2.03e-13	2.08e-08	1.28e-04	1.00e+00	0.00e+00	0.00e+00
 2.36902e+14	6.58e-26	3.61e-19	2.52e-13	2.40e-08	1.38e-04	1.00e+00	0.00e+00	0.00e+00
 2.44625e+14	8.99e-26	4.64e-19	3.05e-13	2.73e-08	1.47e-04	1.00e+00	0.00e+00	0.00e+00
 2.53213e+14	1.24e-25	6.03e-19	3.74e-13	3.13e-08	1.58e-04	1.00e+00	0.00e+00	0.00e+00
 2.63243e+14	1.82e-25	8.21e-19	4.72e-13	3.66e-08	1.71e-04	1.00e+00	0.00e+00	0.00e+00
 2.73149e+14	2.54e-25	1.08e-18	5.88e-13	4.24e-08	1.84e-04	1.00e+00	0.00e+00	0.00e+00
 2.82471e+14	3.54e-25	1.41e-18	7.18e-13	4.85e-08	1.97e-04	1.00e+00	0.00e+00	0.00e+00
 2.92822e+14	4.89e-25	1.84e-18	8.89e-13	5.60e-08	2.12e-04	1.00e+00	0.00e+00	0.00e+00
 3.04565e+14	7.07e-25	2.49e-18	1.12e-12	6.55e-08	2.30e-04	1.00e+00	0.00e+00	0.00e+00
 3.16277e+14	1.01e-24	3.32e-18	1.41e-12	7.62e-08	2.48e-04	1.00e+00	0.00e+00	0.00e+00
 3.27224e+14	1.41e-24	4.34e-18	1.72e-12	8.73e-08	2.66e-04	1.00e+00	0.00e+00	0.00e+00
 3.39110e+14	1.92e-24	5.62e-18	2.13e-12	1.01e-07	2.86e-04	1.00e+00	0.00e+00	0.00e+00
 3.52382e+14	2.81e-24	7.63e-18	2.68e-12	1.17e-07	3.08e-04	1.00e+00	0.00e+00	0.00e+00
 3.64775e+14	3.79e-24	9.80e-18	3.29e-12	1.35e-07	3.31e-04	1.00e+00	0.00e+00	0.00e+00
 3.76246e+14	5.06e-24	1.24e-17	3.95e-12	1.52e-07	3.52e-04	1.00e+00	0.00e+00	0.00e+00
 3.87248e+14	6.68e-24	1.55e-17	4.69e-12	1.71e-07	3.74e-04	1.00e+00	0.00e+00	0.00e+00
 3.99476e+14	8.89e-24	1.96e-17	5.65e-12	1.94e-07	3.98e-04	1.00e+00	0.00e+00	0.00e+00
 4.12994e+14	1.19e-23	2.50e-17	6.88e-12	2.21e-07	4.26e-04	1.00e+00	0.00e+00	0.00e+00
 4.25542e+14	1.59e-23	3.16e-17	8.23e-12	2.49e-07	4.52e-04	1.00e+00	0.00e+00	0.00e+00
 4.39206e+14	2.08e-23	3.96e-17	9.92e-12	2.83e-07	4.82e-04	1.00e+00	0.00e+00	0.00e+00
 4.54547e+14	2.86e-23	5.15e-17	1.22e-11	3.24e-07	5.17e-04	9.99e-01	0.00e+00	0.00e+00
 4.69210e+14	3.87e-23	6.57e-17	1.47e-11	3.68e-07	5.51e-04	9.99e-01	0.00e+00	0.00e+00
 4.85415e+14	5.17e-23	8.38e-17	1.80e-11	4.21e-07	5.91e-04	9.99e-01	0.00e+00	0.00e+00
 5.03279e+14	7.32e-23	1.11e-16	2.23e-11	4.87e-07	6.35e-04	9.99e-01	0.00e+00	0.00e+00
 5.19761e+14	9.56e-23	1.39e-16	2.70e-11	5.54e-07	6.79e-04	9.99e-01	0.00e+00	0.00e+00
 5.37650e+14	1.32e-22	1.81e-16	3.30e-11	6.34e-07	7.27e-04	9.99e-01	0.00e+00	0.00e+00
 5.57621e+14	1.80e-22	2.35e-16	4.09e-11	7.33e-07	7.83e-04	9.99e-01	0.00e+00	0.00e+00
 5.76311e+14	2.46e-22	3.03e-16	4.98e-11	8.36e-07	8.37e-04	9.99e-01	0.00e+00	0.00e+00
 5.96621e+14	3.29e-22	3.88e-16	6.11e-11	9.60e-07	8.99e-04	9.99e-01	0.00e+00	0.00e+00
 6.19186e+14	4.60e-22	5.11e-16	7.62e-11	1.11e-06	9.70e-04	9.99e-01	0.00e+00	0.00e+00
 6.40285e+14	6.13e-22	6.50e-16	9.29e-11	1.27e-06	1.04e-03	9.99e-01	0.00e+00	0.00e+00
 6.63316e+14	8.54e-22	8.52e-16	1.15e-10	1.47e-06	1.12e-03	9.99e-01	0.00e+00	0.00e+00
 6.89113e+14	1.17e-21	1.11e-15	1.44e-10	1.71e-06	1.21e-03	9.99e-01	0.00e+00	0.00e+00
 7.13408e+14	1.61e-21	1.45e-15	1.76e-10	1.96e-06	1.30e-03	9.99e-01	0.00e+00	0.00e+00
 7.39438e+14	2.14e-21	1.85e-15	2.17e-10	2.26e-06	1.40e-03	9.99e-01	0.00e+00	0.00e+00
 7.68392e+14	3.02e-21	2.46e-15	2.73e-10	2.64e-06	1.51e-03	9.98e-01	0.00e+00	0.00e+00
 7.96431e+14	4.06e-21	3.17e-15	3.37e-10	3.04e-06	1.63e-03	9.98e-01	0.00e+00	0.00e+00
 8.26245e+14	5.66e-21	4.17e-15	4.19e-10	3.53e-06	1.76e-03	9.98e-01	0.00e+00	0.00e+00
 8.59324e+14	7.75e-21	5.46e-15	5.28e-10	4.13e-06	1.91e-03	9.98e-01	0.00e+00	0.00e+00
 8.92306e+14	1.08e-20	7.19e-15	6.59e-10	4.80e-06	2.07e-03	9.98e-01	0.00e+00	0.00e+00
 9.19702e+14	1.36e-20	8.82e-15	7.87e-10	5.42e-06	2.21e-03	9.98e-01	0.00e+00	0.00e+00
 9.41068e+14	1.65e-20	1.04e-14	9.00e-10	5.94e-06	2.32e-03	9.98e-01	0.00e+00	0.00e+00
 9.64268e+14	2.04e-20	1.24e-14	1.04e-09	6.55e-06	2.44e-03	9.98e-01	0.00e+00	0.00e+00
 9.94428e+14	2.61e-20	1.53e-14	1.25e-09	7.41e-06	2.61e-03	9.97e-01	0.00e+00	0.00e+00
 1.02706e+15	3.38e-20	1.92e-14	1.50e-09	8.43e-06	2.79e-03	9.97e-01	0.00e+00	0.00e+00
 1.05644e+15	4.30e-20	2.34e-14	1.78e-09	9.44e-06	2.97e-03	9.97e-01	0.00e+00	0.00e+00
 1.08817e+15	5.41e-20	2.87e-14	2.11e-09	1.06e-05	3.17e-03	9.97e-01	0.00e+00	0.00e+00
 1.12824e+15	7.30e-20	3.70e-14	2.61e-09	1.23e-05	3.43e-03	9.97e-01	0.00e+00	0.00e+00
 1.16864e+15	9.60e-20	4.70e-14	3.21e-09	1.41e-05	3.70e-03	9.96e-01	0.00e+00	0.00e+00
 1.20273e+15	1.21e-19	5.73e-14	3.79e-09	1.59e-05	3.94e-03	9.96e-01	0.00e+00	0.00e+00
 1.23913e+15	1.54e-19	7.06e-14	4.52e-09	1.79e-05	4.20e-03	9.96e-01	0.00e+00	0.00e+00
 1.28491e+15	2.05e-19	9.04e-14	5.59e-09	2.07e-05	4.55e-03	9.95e-01	0.00e+00	0.00e+00
 1.33227e+15	2.73e-19	1.16e-13	6.91e-09	2.39e-05	4.93e-03	9.95e-01	0.00e+00	0.00e+00
 1.37396e+15	3.51e-19	1.44e-13	8.28e-09	2.70e-05	5.28e-03	9.95e-01	0.00e+00	0.00e+00
 1.41891e+15	4.50e-19	1.79e-13	1.00e-08	3.08e-05	5.67e-03	9.94e-01	0.00e+00	0.00e+00
 1.47322e+15	6.07e-19	2.32e-13	1.25e-08	3.58e-05	6.16e-03	9.94e-01	0.00e+00	0.00e+00
 1.52702e+15	8.06e-19	2.97e-13	1.54e-08	4.13e-05	6.68e-03	9.93e-01	0.00e+00	0.00e+00
 1.57467e+15	1.03e-18	3.68e-13	1.85e-08	4.67e-05	7.14e-03	9.93e-01	0.00e+00	0.00e+00
 1.62701e+15	1.34e-18	4.61e-13	2.24e-08	5.32e-05	7.69e-03	9.92e-01	0.00e+00	0.00e+00
 1.68974e+15	1.80e-18	5.97e-13	2.80e-08	6.19e-05	8.37e-03	9.92e-01	0.00e+00	0.00e+00
 1.75223e+15	2.39e-18	7.66e-13	3.47e-08	7.15e-05	9.06e-03	9.91e-01	0.00e+00	0.00e+00
 1.80936e+15	3.13e-18	9.64e-13	4.19e-08	8.13e-05	9.74e-03	9.90e-01	0.00e+00	0.00e+00
 1.87327e+15	4.15e-18	1.23e-12	5.15e-08	9.34e-05	1.05e-02	9.89e-01	0.00e+00	0.00e+00
 1.94759e+15	5.70e-18	1.62e-12	6.49e-08	1.09e-04	1.15e-02	9.88e-01	0.00e+00	0.00e+00
 2.02049e+15	7.70e-18	2.10e-12	8.08e-08	1.26e-04	1.25e-02	9.87e-01	0.00e+00	0.00e+00
 2.08942e+15	9.92e-18	2.63e-12	9.87e-08	1.44e-04	1.34e-02	9.86e-01	0.00e+00	0.00e+00
 2.16614e+15	1.37e-17	3.44e-12	1.22e-07	1.67e-04	1.45e-02	9.85e-01	0.00e+00	0.00e+00
 2.23882e+15	1.79e-17	4.36e-12	1.49e-07	1.90e-04	1.56e-02	9.84e-01	0.00e+00	0.00e+00
 2.29289e+15	2.19e-17	5.17e-12	1.72e-07	2.09e-04	1.65e-02	9.83e-01	0.00e+00	0.00e+00
 2.34779e+15	2.68e-17	6.14e-12	1.98e-07	2.30e-04	1.74e-02	9.82e-01	0.00e+00	0.00e+00
 2.41917e+15	3.37e-17	7.53e-12	2.37e-07	2.59e-04	1.85e-02	9.81e-01	0.00e+00	0.00e+00
 2.49687e+15	4.52e-17	9.60e-12	2.87e-07	2.94e-04	1.99e-02	9.80e-01	0.00e+00	0.00e+00
 2.56705e+15	5.70e-17	1.17e-11	3.39e-07	3.28e-04	2.11e-02	9.79e-01	0.00e+00	0.00e+00
 2.64253e+15	7.17e-17	1.43e-11	4.04e-07	3.68e-04	2.25e-02	9.77e-01	0.00e+00	0.00e+00
 2.73891e+15	1.00e-16	1.89e-11	5.02e-07	4.25e-04	2.44e-02	9.75e-01	0.00e+00	0.00e+00
 2.83623e+15	1.31e-16	2.41e-11	6.20e-07	4.88e-04	2.63e-02	9.73e-01	0.00e+00	0.00e+00
 2.91757e+15	1.88e-16	3.02e-11	7.36e-07	5.46e-04	2.80e-02	9.71e-01	0.00e+00	0.00e+00
 3.00435e+15	2.42e-16	3.74e-11	8.78e-07	6.14e-04	2.98e-02	9.70e-01	0.00e+00	0.00e+00
 3.11448e+15	3.33e-16	4.89e-11	1.09e-06	7.09e-04	3.22e-02	9.67e-01	0.00e+00	0.00e+00
 3.23008e+15	4.50e-16	6.34e-11	1.36e-06	8.19e-04	3.48e-02	9.64e-01	0.00e+00	0.00e+00
 3.33341e+15	5.99e-16	8.05e-11	1.65e-06	9.29e-04	3.73e-02	9.62e-01	0.00e+00	0.00e+00
 3.44567e+15	8.06e-16	1.03e-10	2.02e-06	1.06e-03	4.01e-02	9.59e-01	0.00e+00	0.00e+00
 3.57932e+15	1.18e-15	1.40e-10	2.55e-06	1.23e-03	4.35e-02	9.55e-01	0.00e+00	0.00e+00
 3.71117e+15	1.63e-15	1.84e-10	3.18e-06	1.42e-03	4.69e-02	9.52e-01	0.00e+00	0.00e+00
 3.83077e+15	2.19e-15	2.35e-10	3.86e-06	1.62e-03	5.02e-02	9.48e-01	0.00e+00	0.00e+00
 3.96406e+15	2.91e-15	3.00e-10	4.75e-06	1.85e-03	5.39e-02	9.44e-01	0.00e+00	0.00e+00
 4.12020e+15	4.29e-15	4.10e-10	6.02e-06	2.16e-03	5.86e-02	9.39e-01	0.00e+00	0.00e+00
 4.27428e+15	6.05e-15	5.44e-10	7.53e-06	2.50e-03	6.32e-02	9.34e-01	0.00e+00	0.00e+00
 4.41925e+15	8.28e-15	7.05e-10	9.23e-06	2.85e-03	6.77e-02	9.29e-01	0.00e+00	0.00e+00
 4.58079e+15	1.12e-14	9.15e-10	1.15e-05	3.28e-03	7.29e-02	9.24e-01	0.00e+00	0.00e+00
 4.76405e+15	1.70e-14	1.27e-09	1.46e-05	3.84e-03	7.91e-02	9.17e-01	0.00e+00	0.00e+00
 4.91733e+15	2.29e-14	1.62e-09	1.77e-05	4.35e-03	8.44e-02	9.11e-01	0.00e+00	0.00e+00
 5.02690e+15	2.82e-14	1.93e-09	2.03e-05	4.74e-03	8.82e-02	9.07e-01	0.00e+00	0.00e+00
 5.14124e+15	3.50e-14	2.30e-09	2.32e-05	5.18e-03	9.23e-02	9.03e-01	0.00e+00	0.00e+00
 5.28988e+15	4.43e-14	2.82e-09	2.76e-05	5.79e-03	9.76e-02	8.97e-01	0.00e+00	0.00e+00
 5.45590e+15	6.17e-14	3.66e-09	3.34e-05	6.54e-03	1.04e-01	8.89e-01	0.00e+00	0.00e+00
 5.61109e+15	7.79e-14	4.47e-09	3.96e-05	7.30e-03	1.10e-01	8.83e-01	0.00e+00	0.00e+00
 5.77946e+15	1.07e-13	5.74e-09	4.75e-05	8.20e-03	1.17e-01	8.75e-01	0.00e+00	0.00e+00
 5.96735e+15	1.45e-13	7.39e-09	5.77e-05	9.29e-03	1.24e-01	8.67e-01	0.00e+00	0.00e+00
 6.14484e+15	1.86e-13	9.13e-09	6.88e-05	1.04e-02	1.31e-01	8.58e-01	0.00e+00	0.00e+00
 6.33977e+15	2.50e-13	1.16e-08	8.32e-05	1.18e-02	1.39e-01	8.49e-01	0.00e+00	0.00e+00
 6.55785e+15	3.61e-13	1.55e-08	1.02e-04	1.34e-02	1.49e-01	8.38e-01	0.00e+00	0.00e+00
 6.76348e+15	4.81e-13	1.97e-08	1.23e-04	1.51e-02	1.57e-01	8.27e-01	0.00e+00	0.00e+00
 6.98826e+15	6.41e-13	2.51e-08	1.50e-04	1.71e-02	1.67e-01	8.16e-01	0.00e+00	0.00e+00
 7.23536e+15	9.35e-13	3.38e-08	1.86e-04	1.96e-02	1.79e-01	8.02e-01	0.00e+00	0.00e+00
 7.46239e+15	1.26e-12	4.31e-08	2.24e-04	2.21e-02	1.89e-01	7.89e-01	0.00e+00	0.00e+00
 7.70844e+15	1.71e-12	5.55e-08	2.73e-04	2.50e-02	2.00e-01	7.75e-01	0.00e+00	0.00e+00
 7.98094e+15	2.32e-12	7.17e-08	3.36e-04	2.85e-02	2.12e-01	7.59e-01	0.00e+00	0.00e+00
 8.23697e+15	3.30e-12	9.44e-08	4.08e-04	3.22e-02	2.25e-01	7.43e-01	0.00e+00	0.00e+00
 8.51897e+15	4.52e-12	1.23e-07	5.00e-04	3.66e-02	2.38e-01	7.25e-01	0.00e+00	0.00e+00
 8.82763e+15	6.18e-12	1.59e-07	6.19e-04	4.17e-02	2.52e-01	7.06e-01	0.00e+00	0.00e+00
 9.10273e+15	8.35e-12	2.04e-07	7.45e-04	4.68e-02	2.64e-01	6.88e-01	0.00e+00	0.00e+00
 9.35166e+15	1.09e-11	2.53e-07	8.78e-04	5.18e-02	2.76e-01	6.71e-01	0.00e+00	0.00e+00
 9.63477e+15	1.51e-11	3.27e-07	1.06e-03	5.80e-02	2.89e-01	6.52e-01	0.00e+00	0.00e+00
 9.95362e+15	2.01e-11	4.16e-07	1.28e-03	6.53e-02	3.03e-01	6.30e-01	0.00e+00	0.00e+00
 1.02601e+16	2.70e-11	5.30e-07	1.54e-03	7.29e-02	3.17e-01	6.09e-01	0.00e+00	0.00e+00
 1.05270e+16	3.49e-11	6.53e-07	1.80e-03	8.01e-02	3.28e-01	5.90e-01	0.00e+00	0.00e+00
 1.07635e+16	4.53e-11	7.98e-07	2.07e-03	8.70e-02	3.38e-01	5.73e-01	0.00e+00	0.00e+00
 1.10330e+16	5.74e-11	9.70e-07	2.41e-03	9.51e-02	3.49e-01	5.53e-01	0.00e+00	0.00e+00
 1.13834e+16	7.97e-11	1.26e-06	2.92e-03	1.07e-01	3.63e-01	5.27e-01	0.00e+00	0.00e+00
 1.17287e+16	1.06e-10	1.59e-06	3.50e-03	1.18e-01	3.75e-01	5.03e-01	0.00e+00	0.00e+00
 1.20045e+16	1.30e-10	1.90e-06	4.03e-03	1.28e-01	3.84e-01	4.83e-01	0.00e+00	0.00e+00
 1.22999e+16	1.66e-10	2.32e-06	4.69e-03	1.40e-01	3.94e-01	4.62e-01	0.00e+00	0.00e+00
 1.26840e+16	2.41e-10	3.09e-06	5.71e-03	1.56e-01	4.06e-01	4.33e-01	0.00e+00	0.00e+00
 1.30573e+16	3.17e-10	3.88e-06	6.81e-03	1.72e-01	4.15e-01	4.06e-01	0.00e+00	0.00e+00
 1.33404e+16	3.87e-10	4.58e-06	7.78e-03	1.85e-01	4.21e-01	3.86e-01	0.00e+00	0.00e+00
 1.36321e+16	4.86e-10	5.51e-06	8.94e-03	1.99e-01	4.26e-01	3.66e-01	0.00e+00	0.00e+00
 1.40113e+16	6.89e-10	7.22e-06	1.07e-02	2.19e-01	4.32e-01	3.38e-01	0.00e+00	0.00e+00
 1.43940e+16	9.07e-10	9.03e-06	1.27e-02	2.40e-01	4.36e-01	3.12e-01	0.00e+00	0.00e+00
 1.47020e+16	1.11e-09	1.07e-05	1.46e-02	2.57e-01	4.37e-01	2.92e-01	0.00e+00	0.00e+00
 1.49777e+16	1.37e-09	1.27e-05	1.65e-02	2.73e-01	4.37e-01	2.73e-01	0.00e+00	0.00e+00
 1.52911e+16	1.74e-09	1.54e-05	1.90e-02	2.92e-01	4.36e-01	2.53e-01	0.00e+00	0.00e+00
 1.56301e+16	2.41e-09	1.96e-05	2.22e-02	3.13e-01	4.34e-01	2.30e-01	0.00e+00	0.00e+00
 1.59242e+16	3.00e-09	2.34e-05	2.52e-02	3.32e-01	4.30e-01	2.13e-01	0.00e+00	0.00e+00
 1.61836e+16	3.69e-09	2.75e-05	2.83e-02	3.49e-01	4.25e-01	1.97e-01	0.00e+00	0.00e+00
 1.64764e+16	4.60e-09	3.28e-05	3.22e-02	3.69e-01	4.18e-01	1.80e-01	0.00e+00	0.00e+00
 1.67928e+16	5.93e-09	4.01e-05	3.71e-02	3.91e-01	4.10e-01	1.62e-01	0.00e+00	0.00e+00
 1.70681e+16	7.55e-09	4.82e-05	4.19e-02	4.11e-01	4.00e-01	1.47e-01	0.00e+00	0.00e+00
 1.73072e+16	9.09e-09	5.58e-05	4.66e-02	4.28e-01	3.91e-01	1.35e-01	0.00e+00	0.00e+00
 1.75319e+16	1.06e-08	6.35e-05	5.14e-02	4.43e-01	3.82e-01	1.24e-01	0.00e+00	0.00e+00
 1.77848e+16	1.31e-08	7.49e-05	5.77e-02	4.62e-01	3.69e-01	1.11e-01	0.00e+00	0.00e+00
 1.80591e+16	1.66e-08	9.02e-05	6.55e-02	4.82e-01	3.55e-01	9.82e-02	0.00e+00	0.00e+00
 1.82979e+16	2.08e-08	1.07e-04	7.32e-02	4.99e-01	3.40e-01	8.75e-02	0.00e+00	0.00e+00
 1.85022e+16	2.55e-08	1.25e-04	8.06e-02	5.13e-01	3.27e-01	7.86e-02	0.00e+00	0.00e+00
 1.86865e+16	3.07e-08	1.44e-04	8.81e-02	5.26e-01	3.15e-01	7.09e-02	0.00e+00	0.00e+00
 1.88609e+16	3.85e-08	1.69e-04	9.63e-02	5.38e-01	3.01e-01	6.36e-02	0.00e+00	0.00e+00
 1.90236e+16	4.64e-08	1.94e-04	1.04e-01	5.49e-01	2.89e-01	5.72e-02	0.00e+00	0.00e+00
 1.91981e+16	5.26e-08	2.15e-04	1.14e-01	5.61e-01	2.74e-01	5.10e-02	0.00e+00	0.00e+00
 1.94248e+16	7.37e-08	2.74e-04	1.28e-01	5.75e-01	2.54e-01	4.25e-02	0.00e+00	0.00e+00
 1.96350e+16	9.30e-08	3.26e-04	1.43e-01	5.86e-01	2.35e-01	3.59e-02	0.00e+00	0.00e+00
 1.97759e+16	1.11e-07	3.70e-04	1.53e-01	5.94e-01	2.21e-01	3.15e-02	0.00e+00	0.00e+00
 1.99114e+16	1.29e-07	4.17e-04	1.65e-01	6.00e-01	2.07e-01	2.76e-02	0.00e+00	0.00e+00
 2.00642e+16	1.58e-07	4.83e-04	1.79e-01	6.07e-01	1.91e-01	2.34e-02	0.00e+00	0.00e+00
 2.02024e+16	1.81e-07	5.36e-04	1.92e-01	6.12e-01	1.76e-01	2.00e-02	0.00e+00	0.00e+00
 2.03196e+16	2.26e-07	6.26e-04	2.05e-01	6.15e-01	1.62e-01	1.70e-02	0.00e+00	0.00e+00
 2.04149e+16	2.60e-07	6.92e-04	2.16e-01	6.17e-01	1.52e-01	1.48e-02	0.00e+00	0.00e+00
 2.05068e+16	2.87e-07	7.47e-04	2.26e-01	6.19e-01	1.41e-01	1.29e-02	0.00e+00	0.00e+00
 2.06263e+16	3.67e-07	8.84e-04	2.42e-01	6.20e-01	1.26e-01	1.04e-02	0.00e+00	0.00e+00
 2.07222e+16	4.20e-07	9.75e-04	2.54e-01	6.21e-01	1.15e-01	8.78e-03	0.00e+00	0.00e+00
 2.07697e+16	4.53e-07	1.03e-03	2.60e-01	6.21e-01	1.10e-01	7.99e-03	0.00e+00	0.00e+00
 2.08137e+16	4.88e-07	1.08e-03	2.67e-01	6.20e-01	1.04e-01	7.27e-03	0.00e+00	0.00e+00
 2.08709e+16	5.20e-07	1.14e-03	2.74e-01	6.20e-01	9.78e-02	6.44e-03	0.00e+00	0.00e+00
 2.09453e+16	6.10e-07	1.27e-03	2.86e-01	6.19e-01	8.88e-02	5.35e-03	0.00e+00	0.00e+00
 2.10138e+16	6.79e-07	1.37e-03	2.95e-01	6.18e-01	8.13e-02	4.54e-03	0.00e+00	0.00e+00
 2.10627e+16	7.35e-07	1.45e-03	3.02e-01	6.16e-01	7.58e-02	3.98e-03	0.00e+00	0.00e+00
 2.11145e+16	7.87e-07	1.52e-03	3.10e-01	6.15e-01	7.00e-02	3.45e-03	0.00e+00	0.00e+00
 2.11818e+16	9.08e-07	1.68e-03	3.21e-01	6.12e-01	6.27e-02	2.79e-03	0.00e+00	0.00e+00
 2.12465e+16	1.01e-06	1.81e-03	3.30e-01	6.10e-01	5.63e-02	2.29e-03	0.00e+00	0.00e+00
 2.12971e+16	1.10e-06	1.92e-03	3.38e-01	6.07e-01	5.14e-02	1.93e-03	0.00e+00	0.00e+00
 2.13524e+16	1.21e-06	2.05e-03	3.46e-01	6.04e-01	4.62e-02	1.58e-03	0.00e+00	0.00e+00
 2.14243e+16	1.36e-06	2.23e-03	3.56e-01	6.00e-01	4.00e-02	1.21e-03	0.00e+00	0.00e+00
 2.14988e+16	1.53e-06	2.42e-03	3.67e-01	5.95e-01	3.43e-02	9.12e-04	0.00e+00	0.00e+00
 2.15622e+16	1.69e-06	2.59e-03	3.76e-01	5.91e-01	3.00e-02	7.08e-04	0.00e+00	0.00e+00
 2.16299e+16	1.88e-06	2.79e-03	3.85e-01	5.86e-01	2.56e-02	5.29e-04	0.00e+00	0.00e+00
 2.17181e+16	2.16e-06	3.05e-03	3.97e-01	5.79e-01	2.09e-02	3.60e-04	0.00e+00	0.00e+00
 2.18120e+16	2.47e-06	3.34e-03	4.08e-01	5.71e-01	1.68e-02	2.39e-04	0.00e+00	0.00e+00
 2.18983e+16	2.78e-06	3.62e-03	4.18e-01	5.64e-01	1.37e-02	1.63e-04	0.00e+00	0.00e+00
 2.19955e+16	3.17e-06	3.95e-03	4.30e-01	5.56e-01	1.08e-02	1.05e-04	0.00e+00	0.00e+00
 2.21220e+16	3.72e-06	4.39e-03	4.43e-01	5.44e-01	8.05e-03	5.94e-05	0.00e+00	0.00e+00
 2.22863e+16	4.54e-06	5.00e-03	4.60e-01	5.30e-01	5.54e-03	2.89e-05	0.00e+00	0.00e+00
 2.24666e+16	5.61e-06	5.74e-03	4.77e-01	5.13e-01	3.77e-03	1.37e-05	0.00e+00	0.00e+00
 2.26676e+16	7.05e-06	6.65e-03	4.96e-01	4.95e-01	2.49e-03	6.05e-06	0.00e+00	0.00e+00
 2.29289e+16	9.49e-06	8.07e-03	5.21e-01	4.69e-01	1.50e-03	2.22e-06	0.00e+00	0.00e+00
 2.31918e+16	1.30e-05	9.93e-03	5.48e-01	4.41e-01	9.33e-04	8.70e-07	0.00e+00	0.00e+00
 2.33521e+16	1.61e-05	1.14e-02	5.65e-01	4.23e-01	7.15e-04	0.00e+00	0.00e+00	0.00e+00
 2.34266e+16	1.77e-05	1.21e-02	5.73e-01	4.14e-01	6.31e-04	0.00e+00	0.00e+00	0.00e+00
 2.34942e+16	1.94e-05	1.29e-02	5.81e-01	4.06e-01	5.59e-04	0.00e+00	0.00e+00	0.00e+00
 2.35821e+16	2.18e-05	1.39e-02	5.91e-01	3.95e-01	4.77e-04	0.00e+00	0.00e+00	0.00e+00
 2.36964e+16	2.54e-05	1.54e-02	6.04e-01	3.81e-01	3.90e-04	0.00e+00	0.00e+00	0.00e+00
 2.38235e+16	3.05e-05	1.74e-02	6.19e-01	3.64e-01	3.12e-04	0.00e+00	0.00e+00	0.00e+00
 2.39375e+16	3.60e-05	1.94e-02	6.32e-01	3.48e-01	2.57e-04	0.00e+00	0.00e+00	0.00e+00
 2.40265e+16	4.13e-05	2.13e-02	6.43e-01	3.36e-01	2.20e-04	0.00e+00	0.00e+00	0.00e+00
 2.40991e+16	4.63e-05	2.30e-02	6.52e-01	3.25e-01	1.93e-04	0.00e+00	0.00e+00	0.00e+00
 2.41795e+16	5.26e-05	2.50e-02	6.61e-01	3.14e-01	1.67e-04	0.00e+00	0.00e+00	0.00e+00
 2.42840e+16	6.22e-05	2.80e-02	6.74e-01	2.98e-01	1.37e-04	0.00e+00	0.00e+00	0.00e+00
 2.43859e+16	7.40e-05	3.15e-02	6.86e-01	2.82e-01	1.14e-04	0.00e+00	0.00e+00	0.00e+00
 2.44593e+16	8.42e-05	3.43e-02	6.95e-01	2.71e-01	9.94e-05	0.00e+00	0.00e+00	0.00e+00
 2.45297e+16	9.55e-05	3.73e-02	7.03e-01	2.60e-01	8.65e-05	0.00e+00	0.00e+00	0.00e+00
 2.46213e+16	1.13e-04	4.17e-02	7.13e-01	2.45e-01	7.19e-05	0.00e+00	0.00e+00	0.00e+00
 2.47119e+16	1.34e-04	4.68e-02	7.23e-01	2.30e-01	6.00e-05	0.00e+00	0.00e+00	0.00e+00
 2.47787e+16	1.53e-04	5.12e-02	7.29e-01	2.19e-01	5.23e-05	0.00e+00	0.00e+00	0.00e+00
 2.48339e+16	1.71e-04	5.51e-02	7.35e-01	2.10e-01	4.65e-05	0.00e+00	0.00e+00	0.00e+00
 2.48965e+16	1.94e-04	6.01e-02	7.40e-01	1.99e-01	4.04e-05	0.00e+00	0.00e+00	0.00e+00
 2.49673e+16	2.25e-04	6.64e-02	7.46e-01	1.87e-01	3.44e-05	0.00e+00	0.00e+00	0.00e+00
 2.50330e+16	2.60e-04	7.30e-02	7.50e-01	1.76e-01	2.96e-05	0.00e+00	0.00e+00	0.00e+00
 2.50909e+16	2.96e-04	7.97e-02	7.53e-01	1.67e-01	2.57e-05	0.00e+00	0.00e+00	0.00e+00
 2.51461e+16	3.36e-04	8.67e-02	7.56e-01	1.57e-01	2.25e-05	0.00e+00	0.00e+00	0.00e+00
 2.52093e+16	3.89e-04	9.56e-02	7.57e-01	1.47e-01	1.91e-05	0.00e+00	0.00e+00	0.00e+00
 2.52764e+16	4.58e-04	1.06e-01	7.58e-01	1.35e-01	1.60e-05	0.00e+00	0.00e+00	0.00e+00
 2.53327e+16	5.27e-04	1.17e-01	7.57e-01	1.26e-01	1.37e-05	0.00e+00	0.00e+00	0.00e+00
 2.53811e+16	5.96e-04	1.27e-01	7.55e-01	1.18e-01	1.19e-05	0.00e+00	0.00e+00	0.00e+00
 2.54349e+16	6.85e-04	1.39e-01	7.51e-01	1.09e-01	1.01e-05	0.00e+00	0.00e+00	0.00e+00
 2.54941e+16	8.04e-04	1.54e-01	7.45e-01	9.94e-02	8.38e-06	0.00e+00	0.00e+00	0.00e+00
 2.55472e+16	9.34e-04	1.70e-01	7.38e-01	9.10e-02	7.05e-06	0.00e+00	0.00e+00	0.00e+00
 2.55942e+16	1.06e-03	1.85e-01	7.30e-01	8.36e-02	5.99e-06	0.00e+00	0.00e+00	0.00e+00
 2.56465e+16	1.24e-03	2.04e-01	7.19e-01	7.55e-02	4.95e-06	0.00e+00	0.00e+00	0.00e+00
 2.57036e+16	1.47e-03	2.28e-01	7.04e-01	6.69e-02	3.98e-06	0.00e+00	0.00e+00	0.00e+00
 2.57541e+16	1.72e-03	2.52e-01	6.87e-01	5.95e-02	3.23e-06	0.00e+00	0.00e+00	0.00e+00
 2.57990e+16	1.99e-03	2.75e-01	6.70e-01	5.32e-02	2.66e-06	0.00e+00	0.00e+00	0.00e+00
 2.58493e+16	2.35e-03	3.04e-01	6.47e-01	4.63e-02	2.10e-06	0.00e+00	0.00e+00	0.00e+00
 2.59055e+16	2.84e-03	3.41e-01	6.17e-01	3.91e-02	1.59e-06	0.00e+00	0.00e+00	0.00e+00
 2.59578e+16	3.40e-03	3.79e-01	5.85e-01	3.27e-02	1.19e-06	0.00e+00	0.00e+00	0.00e+00
 2.60046e+16	4.00e-03	4.18e-01	5.51e-01	2.74e-02	9.03e-07	0.00e+00	0.00e+00	0.00e+00
 2.60487e+16	4.70e-03	4.57e-01	5.16e-01	2.27e-02	0.00e+00	0.00e+00	0.00e+00	0.00e+00
 2.60989e+16	5.66e-03	5.04e-01	4.72e-01	1.80e-02	0.00e+00	0.00e+00	0.00e+00	0.00e+00
 2.61515e+16	6.88e-03	5.59e-01	4.21e-01	1.35e-02	0.00e+00	0.00e+00	0.00e+00	0.00e+00
 2.61917e+16	8.05e-03	6.04e-01	3.78e-01	1.05e-02	0.00e+00	0.00e+00	0.00e+00	0.00e+00
 2.62210e+16	9.02e-03	6.36e-01	3.46e-01	8.66e-03	0.00e+00	0.00e+00	0.00e+00	0.00e+00
 2.62515e+16	1.02e-02	6.71e-01	3.12e-01	6.92e-03	0.00e+00	0.00e+00	0.00e+00	0.00e+00
 2.62910e+16	1.19e-02	7.14e-01	2.69e-01	5.03e-03	0.00e+00	0.00e+00	0.00e+00	0.00e+00
 2.63304e+16	1.40e-02	7.57e-01	2.25e-01	3.51e-03	0.00e+00	0.00e+00	0.00e+00	0.00e+00
 2.63591e+16	1.57e-02	7.88e-01	1.94e-01	2.60e-03	0.00e+00	0.00e+00	0.00e+00	0.00e+00
 2.63813e+16	1.73e-02	8.10e-01	1.71e-01	2.04e-03	0.00e+00	0.00e+00	0.00e+00	0.00e+00
 2.64053e+16	1.91e-02	8.32e-01	1.47e-01	1.53e-03	0.00e+00	0.00e+00	0.00e+00	0.00e+00
 2.64366e+16	2.19e-02	8.57e-01	1.20e-01	1.03e-03	0.00e+00	0.00e+00	0.00e+00	0.00e+00
 2.64680e+16	2.52e-02	8.80e-01	9.46e-02	6.59e-04	0.00e+00	0.00e+00	0.00e+00	0.00e+00
 2.64915e+16	2.79e-02	8.94e-01	7.74e-02	4.56e-04	0.00e+00	0.00e+00	0.00e+00	0.00e+00
 2.65100e+16	3.05e-02	9.04e-01	6.56e-02	3.36e-04	0.00e+00	0.00e+00	0.00e+00	0.00e+00
 2.65302e+16	3.36e-02	9.12e-01	5.42e-02	2.36e-04	0.00e+00	0.00e+00	0.00e+00	0.00e+00
 2.65564e+16	3.80e-02	9.20e-01	4.16e-02	1.45e-04	0.00e+00	0.00e+00	0.00e+00	0.00e+00
 2.65820e+16	4.31e-02	9.26e-01	3.13e-02	8.66e-05	0.00e+00	0.00e+00	0.00e+00	0.00e+00
 2.66002e+16	4.73e-02	9.28e-01	2.51e-02	5.83e-05	0.00e+00	0.00e+00	0.00e+00	0.00e+00
 2.66143e+16	5.09e-02	9.28e-01	2.11e-02	4.25e-05	0.00e+00	0.00e+00	0.00e+00	0.00e+00
 2.66297e+16	5.52e-02	9.28e-01	1.72e-02	2.95e-05	0.00e+00	0.00e+00	0.00e+00	0.00e+00
 2.66492e+16	6.12e-02	9.26e-01	1.32e-02	1.83e-05	0.00e+00	0.00e+00	0.00e+00	0.00e+00
 2.66682e+16	6.77e-02	9.22e-01	1.01e-02	1.12e-05	0.00e+00	0.00e+00	0.00e+00	0.00e+00
 2.66824e+16	7.32e-02	9.19e-01	8.11e-03	7.62e-06	0.00e+00	0.00e+00	0.00e+00	0.00e+00
 2.66943e+16	7.79e-02	9.15e-01	6.75e-03	5.46e-06	0.00e+00	0.00e+00	0.00e+00	0.00e+00
 2.67056e+16	8.30e-02	9.11e-01	5.63e-03	3.94e-06	0.00e+00	0.00e+00	0.00e+00	0.00e+00
 2.67167e+16	8.85e-02	9.07e-01	4.68e-03	2.83e-06	0.00e+00	0.00e+00	0.00e+00	0.00e+00
 2.67274e+16	9.37e-02	9.02e-01	3.91e-03	2.04e-06	0.00e+00	0.00e+00	0.00e+00	0.00e+00
 2.67354e+16	9.76e-02	8.99e-01	3.42e-03	1.61e-06	0.00e+00	0.00e+00	0.00e+00	0.00e+00
 2.67404e+16	1.00e-01	8.96e-01	3.14e-03	1.38e-06	0.00e+00	0.00e+00	0.00e+00	0.00e+00
 2.67450e+16	1.03e-01	8.94e-01	2.89e-03	1.19e-06	0.00e+00	0.00e+00	0.00e+00	0.00e+00
 2.67505e+16	1.06e-01	8.91e-01	2.62e-03	9.93e-07	0.00e+00	0.00e+00	0.00e+00	0.00e+00
 2.67564e+16	1.10e-01	8.88e-01	2.35e-03	0.00e+00	0.00e+00	0.00e+00	0.00e+00	0.00e+00
 2.67620e+16	1.14e-01	8.84e-01	2.12e-03	0.00e+00	0.00e+00	0.00e+00	0.00e+00	0.00e+00
 2.67674e+16	1.17e-01	8.81e-01	1.92e-03	0.00e+00	0.00e+00	0.00e+00	0.00e+00	0.00e+00
 2.67727e+16	1.20e-01	8.78e-01	1.74e-03	0.00e+00	0.00e+00	0.00e+00	0.00e+00	0.00e+00
 2.67779e+16	1.24e-01	8.74e-01	1.57e-03	0.00e+00	0.00e+00	0.00e+00	0.00e+00	0.00e+00
 2.67832e+16	1.28e-01	8.71e-01	1.42e-03	0.00e+00	0.00e+00	0.00e+00	0.00e+00	0.00e+00
 2.67883e+16	1.32e-01	8.67e-01	1.28e-03	0.00e+00	0.00e+00	0.00e+00	0.00e+00	0.00e+00
 2.67934e+16	1.36e-01	8.63e-01	1.16e-03	0.00e+00	0.00e+00	0.00e+00	0.00e+00	0.00e+00
 2.67985e+16	1.40e-01	8.59e-01	1.05e-03	0.00e+00	0.00e+00	0.00e+00	0.00e+00	0.00e+00
 2.68035e+16	1.44e-01	8.55e-01	9.45e-04	0.00e+00	0.00e+00	0.00e+00	0.00e+00	0.00e+00
 2.68084e+16	1.48e-01	8.51e-01	8.55e-04	0.00e+00	0.00e+00	0.00e+00	0.00e+00	0.00e+00
 2.68133e+16	1.53e-01	8.46e-01	7.71e-04	0.00e+00	0.00e+00	0.00e+00	0.00e+00	0.00e+00
 2.68181e+16	1.57e-01	8.42e-01	6.96e-04	0.00e+00	0.00e+00	0.00e+00	0.00e+00	0.00e+00
 2.68229e+16	1.62e-01	8.37e-01	6.28e-04	0.00e+00	0.00e+00	0.00e+00	0.00e+00	0.00e+00
 2.68276e+16	1.67e-01	8.32e-01	5.67e-04	0.00e+00	0.00e+00	0.00e+00	0.00e+00	0.00e+00
 2.68322e+16	1.73e-01	8.27e-01	5.11e-04	0.00e+00	0.00e+00	0.00e+00	0.00e+00	0.00e+00
 2.68369e+16	1.78e-01	8.22e-01	4.60e-04	0.00e+00	0.00e+00	0.00e+00	0.00e+00	0.00e+00
 2.68414e+16	1.83e-01	8.16e-01	4.15e-04	0.00e+00	0.00e+00	0.00e+00	0.00e+00	0.00e+00
 2.68459e+16	1.89e-01	8.10e-01	3.74e-04	0.00e+00	0.00e+00	0.00e+00	0.00e+00	0.00e+00
 2.68503e+16	1.95e-01	8.04e-01	3.37e-04	0.00e+00	0.00e+00	0.00e+00	0.00e+00	0.00e+00
 2.68547e+16	2.02e-01	7.98e-01	3.04e-04	0.00e+00	0.00e+00	0.00e+00	0.00e+00	0.00e+00
 2.68590e+16	2.08e-01	7.91e-01	2.73e-04	0.00e+00	0.00e+00	0.00e+00	0.00e+00	0.00e+00
 2.68633e+16	2.16e-01	7.84e-01	2.46e-04	0.00e+00	0.00e+00	0.00e+00	0.00e+00	0.00e+00
 2.68675e+16	2.23e-01	7.77e-01	2.21e-04	0.00e+00	0.00e+00	0.00e+00	0.00e+00	0.00e+00
 2.68717e+16	2.31e-01	7.69e-01	1.99e-04	0.00e+00	0.00e+00	0.00e+00	0.00e+00	0.00e+00
 2.68758e+16	2.39e-01	7.61e-01	1.78e-04	0.00e+00	0.00e+00	0.00e+00	0.00e+00	0.00e+00
 2.68799e+16	2.48e-01	7.52e-01	1.60e-04	0.00e+00	0.00e+00	0.00e+00	0.00e+00	0.00e+00
 2.68838e+16	2.57e-01	7.43e-01	1.44e-04	0.00e+00	0.00e+00	0.00e+00	0.00e+00	0.00e+00
 2.68877e+16	2.67e-01	7.32e-01	1.29e-04	0.00e+00	0.00e+00	0.00e+00	0.00e+00	0.00e+00
 2.68916e+16	2.78e-01	7.22e-01	1.16e-04	0.00e+00	0.00e+00	0.00e+00	0.00e+00	0.00e+00
 2.68953e+16	2.89e-01	7.11e-01	1.04e-04	0.00e+00	0.00e+00	0.00e+00	0.00e+00	0.00e+00
 2.68989e+16	3.01e-01	6.99e-01	9.33e-05	0.00e+00	0.00e+00	0.00e+00	0.00e+00	0.00e+00
 2.69025e+16	3.13e-01	6.87e-01	8.37e-05	0.00e+00	0.00e+00	0.00e+00	0.00e+00	0.00e+00
 2.69060e+16	3.25e-01	6.75e-01	7.51e-05	0.00e+00	0.00e+00	0.00e+00	0.00e+00	0.00e+00
 2.69095e+16	3.38e-01	6.61e-01	6.73e-05	0.00e+00	0.00e+00	0.00e+00	0.00e+00	0.00e+00
 2.69129e+16	3.53e-01	6.47e-01	6.03e-05	0.00e+00	0.00e+00	0.00e+00	0.00e+00	0.00e+00
 2.69163e+16	3.67e-01	6.33e-01	5.40e-05	0.00e+00	0.00e+00	0.00e+00	0.00e+00	0.00e+00
 2.69195e+16	3.83e-01	6.17e-01	4.83e-05	0.00e+00	0.00e+00	0.00e+00	0.00e+00	0.00e+00
 2.69228e+16	4.00e-01	6.00e-01	4.31e-05	0.00e+00	0.00e+00	0.00e+00	0.00e+00	0.00e+00
 2.69259e+16	4.17e-01	5.83e-01	3.85e-05	0.00e+00	0.00e+00	0.00e+00	0.00e+00	0.00e+00
 2.69291e+16	4.38e-01	5.62e-01	3.41e-05	0.00e+00	0.00e+00	0.00e+00	0.00e+00	0.00e+00
 2.69321e+16	4.57e-01	5.43e-01	3.03e-05	0.00e+00	0.00e+00	0.00e+00	0.00e+00	0.00e+00
 2.69351e+16	4.76e-01	5.24e-01	2.70e-05	0.00e+00	0.00e+00	0.00e+00	0.00e+00	0.00e+00
 2.69381e+16	4.97e-01	5.03e-01	2.39e-05	0.00e+00	0.00e+00	0.00e+00	0.00e+00	0.00e+00
 2.69411e+16	5.18e-01	4.82e-01	2.11e-05	0.00e+00	0.00e+00	0.00e+00	0.00e+00	0.00e+00
 2.69440e+16	5.40e-01	4.60e-01	1.86e-05	0.00e+00	0.00e+00	0.00e+00	0.00e+00	0.00e+00
 2.69469e+16	5.63e-01	4.37e-01	1.63e-05	0.00e+00	0.00e+00	0.00e+00	0.00e+00	0.00e+00
 2.69497e+16	5.86e-01	4.14e-01	1.43e-05	0.00e+00	0.00e+00	0.00e+00	0.00e+00	0.00e+00
 2.69526e+16	6.09e-01	3.91e-01	1.25e-05	0.00e+00	0.00e+00	0.00e+00	0.00e+00	0.00e+00
 2.69554e+16	6.32e-01	3.68e-01	1.09e-05	0.00e+00	0.00e+00	0.00e+00	0.00e+00	0.00e+00
 2.69578e+16	6.52e-01	3.48e-01	9.67e-06	0.00e+00	0.00e+00	0.00e+00	0.00e+00	0.00e+00
 2.69597e+16	6.68e-01	3.32e-01	8.79e-06	0.00e+00	0.00e+00	0.00e+00	0.00e+00	0.00e+00
 2.69615e+16	6.83e-01	3.17e-01	8.01e-06	0.00e+00	0.00e+00	0.00e+00	0.00e+00	0.00e+00
 2.69633e+16	6.97e-01	3.03e-01	7.28e-06	0.00e+00	0.00e+00	0.00e+00	0.00e+00	0.00e+00
