#depth	He	He+	He+2
 1.49634e+10	8.15e-23	6.45e-12	1.00e+00
 4.54887e+10	9.17e-23	6.99e-12	1.00e+00
 7.72350e+10	1.03e-22	7.57e-12	1.00e+00
 1.10251e+11	1.15e-22	8.19e-12	1.00e+00
 1.42029e+11	1.28e-22	8.82e-12	1.00e+00
 1.71671e+11	1.41e-22	9.42e-12	1.00e+00
 2.05058e+11	1.56e-22	1.01e-11	1.00e+00
 2.43187e+11	1.76e-22	1.10e-11	1.00e+00
 2.81044e+11	1.98e-22	1.18e-11	1.00e+00
 3.20415e+11	2.22e-22	1.28e-11	1.00e+00
 3.63159e+11	2.51e-22	1.39e-11	1.00e+00
 4.07612e+11	2.84e-22	1.50e-11	1.00e+00
 4.53843e+11	3.21e-22	1.63e-11	1.00e+00
 5.01924e+11	3.65e-22	1.76e-11	1.00e+00
 5.51927e+11	4.15e-22	1.91e-11	1.00e+00
 6.03931e+11	4.72e-22	2.07e-11	1.00e+00
 6.58015e+11	5.38e-22	2.25e-11	1.00e+00
 7.14263e+11	6.15e-22	2.44e-11	1.00e+00
 7.72760e+11	7.03e-22	2.65e-11	1.00e+00
 8.29194e+11	7.98e-22	2.86e-11	1.00e+00
 8.81878e+11	8.94e-22	3.06e-11	1.00e+00
 9.41074e+11	1.01e-21	3.30e-11	1.00e+00
 1.00567e+12	1.16e-21	3.57e-11	1.00e+00
 1.06609e+12	1.31e-21	3.83e-11	1.00e+00
 1.13191e+12	1.48e-21	4.13e-11	1.00e+00
 1.20711e+12	1.71e-21	4.49e-11	1.00e+00
 1.28132e+12	1.96e-21	4.86e-11	1.00e+00
 1.35849e+12	2.24e-21	5.26e-11	1.00e+00
 1.44276e+12	2.60e-21	5.72e-11	1.00e+00
 1.53040e+12	3.01e-21	6.23e-11	1.00e+00
 1.62154e+12	3.48e-21	6.78e-11	1.00e+00
 1.71633e+12	4.04e-21	7.38e-11	1.00e+00
 1.81491e+12	4.69e-21	8.03e-11	1.00e+00
 1.91743e+12	5.44e-21	8.75e-11	1.00e+00
 2.02406e+12	6.32e-21	9.54e-11	1.00e+00
 2.12380e+12	7.26e-21	1.03e-10	1.00e+00
 2.21221e+12	8.15e-21	1.10e-10	1.00e+00
 2.31115e+12	9.22e-21	1.19e-10	1.00e+00
 2.42938e+12	1.07e-20	1.29e-10	1.00e+00
 2.54843e+12	1.24e-20	1.40e-10	1.00e+00
 2.65949e+12	1.41e-20	1.51e-10	1.00e+00
 2.78306e+12	1.61e-20	1.64e-10	1.00e+00
 2.92431e+12	1.88e-20	1.79e-10	1.00e+00
 3.06428e+12	2.18e-20	1.95e-10	1.00e+00
 3.20986e+12	2.51e-20	2.12e-10	1.00e+00
 3.36818e+12	2.93e-20	2.32e-10	1.00e+00
 3.51391e+12	3.36e-20	2.52e-10	1.00e+00
 3.63945e+12	3.76e-20	2.70e-10	1.00e+00
 3.77866e+12	4.23e-20	2.90e-10	1.00e+00
 3.94945e+12	4.88e-20	3.16e-10	1.00e+00
 4.12379e+12	5.63e-20	3.44e-10	1.00e+00
 4.28218e+12	6.36e-20	3.71e-10	1.00e+00
 4.45734e+12	7.23e-20	4.02e-10	1.00e+00
 4.66243e+12	8.39e-20	4.41e-10	1.00e+00
 4.86423e+12	9.65e-20	4.82e-10	1.00e+00
 5.05287e+12	1.09e-19	5.21e-10	1.00e+00
 5.26369e+12	1.24e-19	5.68e-10	1.00e+00
 5.50416e+12	1.44e-19	6.25e-10	1.00e+00
 5.74200e+12	1.66e-19	6.84e-10	1.00e+00
 5.98934e+12	1.89e-19	7.50e-10	1.00e+00
 6.24899e+12	2.17e-19	8.22e-10	1.00e+00
 6.50080e+12	2.47e-19	8.97e-10	1.00e+00
 6.77254e+12	2.81e-19	9.82e-10	1.00e+00
 7.07337e+12	3.22e-19	1.08e-09	1.00e+00
 7.37820e+12	3.68e-19	1.19e-09	1.00e+00
 7.69522e+12	4.20e-19	1.31e-09	1.00e+00
 7.99170e+12	4.74e-19	1.43e-09	1.00e+00
 8.23971e+12	5.21e-19	1.53e-09	1.00e+00
 8.50901e+12	5.75e-19	1.65e-09	1.00e+00
 8.84940e+12	6.50e-19	1.80e-09	1.00e+00
 9.20230e+12	7.36e-19	1.97e-09	1.00e+00
 9.49906e+12	8.13e-19	2.12e-09	1.00e+00
 9.80276e+12	8.95e-19	2.28e-09	1.00e+00
 1.01889e+13	1.01e-18	2.50e-09	1.00e+00
 1.05855e+13	1.14e-18	2.73e-09	1.00e+00
 1.09269e+13	1.26e-18	2.94e-09	1.00e+00
 1.12930e+13	1.40e-18	3.17e-09	1.00e+00
 1.17449e+13	1.58e-18	3.47e-09	1.00e+00
 1.22098e+13	1.80e-18	3.79e-09	1.00e+00
 1.26338e+13	2.01e-18	4.10e-09	1.00e+00
 1.31030e+13	2.27e-18	4.46e-09	1.00e+00
 1.36505e+13	2.61e-18	4.89e-09	1.00e+00
 1.41882e+13	2.97e-18	5.34e-09	1.00e+00
 1.46927e+13	3.36e-18	5.78e-09	1.00e+00
 1.52557e+13	3.84e-18	6.29e-09	1.00e+00
 1.58959e+13	4.44e-18	6.89e-09	1.00e+00
 1.65313e+13	5.12e-18	7.52e-09	1.00e+00
 1.70938e+13	5.80e-18	8.10e-09	1.00e+00
 1.75726e+13	6.42e-18	8.62e-09	1.00e+00
 1.80907e+13	7.15e-18	9.18e-09	1.00e+00
 1.87643e+13	8.21e-18	9.95e-09	1.00e+00
 1.94674e+13	9.44e-18	1.08e-08	1.00e+00
 2.00654e+13	1.06e-17	1.15e-08	1.00e+00
 2.06994e+13	1.19e-17	1.23e-08	1.00e+00
 2.14939e+13	1.38e-17	1.34e-08	1.00e+00
 2.23148e+13	1.60e-17	1.45e-08	1.00e+00
 2.30478e+13	1.82e-17	1.56e-08	1.00e+00
 2.38489e+13	2.08e-17	1.68e-08	1.00e+00
 2.47327e+13	2.40e-17	1.81e-08	1.00e+00
 2.55473e+13	2.73e-17	1.94e-08	1.00e+00
 2.64293e+13	3.12e-17	2.09e-08	1.00e+00
 2.74157e+13	3.62e-17	2.26e-08	1.00e+00
 2.83423e+13	4.13e-17	2.43e-08	1.00e+00
 2.93517e+13	4.75e-17	2.61e-08	1.00e+00
 3.04751e+13	5.53e-17	2.83e-08	1.00e+00
 3.15251e+13	6.34e-17	3.04e-08	1.00e+00
 3.26688e+13	7.32e-17	3.28e-08	1.00e+00
 3.39473e+13	8.56e-17	3.56e-08	1.00e+00
 3.51544e+13	9.86e-17	3.83e-08	1.00e+00
 3.64590e+13	1.14e-16	4.14e-08	1.00e+00
 3.79143e+13	1.34e-16	4.50e-08	1.00e+00
 3.93156e+13	1.55e-16	4.85e-08	1.00e+00
 4.08061e+13	1.81e-16	5.25e-08	1.00e+00
 4.24683e+13	2.13e-16	5.71e-08	1.00e+00
 4.41338e+13	2.49e-16	6.18e-08	1.00e+00
 4.58660e+13	2.91e-16	6.70e-08	1.00e+00
 4.77306e+13	3.42e-16	7.28e-08	1.00e+00
 4.95472e+13	3.98e-16	7.87e-08	1.00e+00
 5.12237e+13	4.56e-16	8.43e-08	1.00e+00
 5.27410e+13	5.13e-16	8.95e-08	1.00e+00
 5.43668e+13	5.80e-16	9.53e-08	1.00e+00
 5.62030e+13	6.65e-16	1.02e-07	1.00e+00
 5.79610e+13	7.53e-16	1.09e-07	1.00e+00
 5.98945e+13	8.59e-16	1.16e-07	1.00e+00
 6.20487e+13	9.91e-16	1.25e-07	1.00e+00
 6.40531e+13	1.13e-15	1.33e-07	1.00e+00
 6.62218e+13	1.29e-15	1.43e-07	1.00e+00
 6.86351e+13	1.49e-15	1.54e-07	1.00e+00
 7.08834e+13	1.69e-15	1.64e-07	1.00e+00
 7.33231e+13	1.94e-15	1.75e-07	1.00e+00
 7.60442e+13	2.24e-15	1.89e-07	1.00e+00
 7.85930e+13	2.56e-15	2.02e-07	1.00e+00
 8.13684e+13	2.94e-15	2.16e-07	1.00e+00
 8.44661e+13	3.41e-15	2.33e-07	1.00e+00
 8.73743e+13	3.90e-15	2.50e-07	1.00e+00
 9.05435e+13	4.49e-15	2.68e-07	1.00e+00
 9.40883e+13	5.24e-15	2.90e-07	1.00e+00
 9.74405e+13	6.01e-15	3.11e-07	1.00e+00
 1.01034e+14	6.94e-15	3.34e-07	1.00e+00
 1.05105e+14	8.12e-15	3.61e-07	1.00e+00
 1.09105e+14	9.41e-15	3.89e-07	1.00e+00
 1.13265e+14	1.09e-14	4.20e-07	1.00e+00
 1.17826e+14	1.27e-14	4.54e-07	1.00e+00
 1.22452e+14	1.48e-14	4.90e-07	1.00e+00
 1.27263e+14	1.73e-14	5.30e-07	1.00e+00
 1.32064e+14	2.00e-14	5.70e-07	1.00e+00
 1.36490e+14	2.28e-14	6.09e-07	1.00e+00
 1.40503e+14	2.55e-14	6.46e-07	1.00e+00
 1.44823e+14	2.88e-14	6.86e-07	1.00e+00
 1.50225e+14	3.33e-14	7.39e-07	1.00e+00
 1.55624e+14	3.82e-14	7.93e-07	1.00e+00
 1.60206e+14	4.29e-14	8.41e-07	1.00e+00
 1.65133e+14	4.83e-14	8.94e-07	1.00e+00
 1.71291e+14	5.59e-14	9.63e-07	1.00e+00
 1.77692e+14	6.46e-14	1.04e-06	1.00e+00
 1.83505e+14	7.34e-14	1.11e-06	1.00e+00
 1.89914e+14	8.41e-14	1.19e-06	1.00e+00
 1.96928e+14	9.72e-14	1.28e-06	1.00e+00
 2.03314e+14	1.10e-13	1.37e-06	1.00e+00
 2.10198e+14	1.26e-13	1.46e-06	1.00e+00
 2.17918e+14	1.45e-13	1.58e-06	1.00e+00
 2.25199e+14	1.66e-13	1.69e-06	1.00e+00
 2.33141e+14	1.90e-13	1.81e-06	1.00e+00
 2.41942e+14	2.20e-13	1.96e-06	1.00e+00
 2.50115e+14	2.51e-13	2.10e-06	1.00e+00
 2.58997e+14	2.88e-13	2.26e-06	1.00e+00
 2.68920e+14	3.35e-13	2.44e-06	1.00e+00
 2.78259e+14	3.83e-13	2.62e-06	1.00e+00
 2.88363e+14	4.40e-13	2.82e-06	1.00e+00
 2.99626e+14	5.12e-13	3.05e-06	1.00e+00
 3.10377e+14	5.88e-13	3.28e-06	1.00e+00
 3.21859e+14	6.77e-13	3.54e-06	1.00e+00
 3.34763e+14	7.89e-13	3.84e-06	1.00e+00
 3.47552e+14	9.13e-13	4.15e-06	1.00e+00
 3.59318e+14	1.04e-12	4.44e-06	1.00e+00
 3.72095e+14	1.19e-12	4.78e-06	1.00e+00
 3.86506e+14	1.37e-12	5.17e-06	1.00e+00
 3.99923e+14	1.57e-12	5.54e-06	1.00e+00
 4.11232e+14	1.74e-12	5.87e-06	1.00e+00
 4.22919e+14	1.94e-12	6.22e-06	1.00e+00
 4.38111e+14	2.21e-12	6.69e-06	1.00e+00
 4.53759e+14	2.53e-12	7.18e-06	1.00e+00
 4.66782e+14	2.81e-12	7.61e-06	1.00e+00
 4.80496e+14	3.13e-12	8.08e-06	1.00e+00
 4.98027e+14	3.59e-12	8.70e-06	1.00e+00
 5.16375e+14	4.10e-12	9.37e-06	1.00e+00
 5.32475e+14	4.60e-12	9.97e-06	1.00e+00
 5.49800e+14	5.18e-12	1.07e-05	1.00e+00
 5.70799e+14	5.95e-12	1.15e-05	1.00e+00
 5.91657e+14	6.80e-12	1.24e-05	1.00e+00
 6.10082e+14	7.60e-12	1.32e-05	1.00e+00
 6.30260e+14	8.58e-12	1.41e-05	1.00e+00
 6.54513e+14	9.86e-12	1.52e-05	1.00e+00
 6.78677e+14	1.13e-11	1.64e-05	1.00e+00
 7.00510e+14	1.27e-11	1.75e-05	1.00e+00
 7.24702e+14	1.43e-11	1.88e-05	1.00e+00
 7.53158e+14	1.65e-11	2.03e-05	1.00e+00
 7.81248e+14	1.89e-11	2.19e-05	1.00e+00
 8.07417e+14	2.14e-11	2.35e-05	1.00e+00
 8.36698e+14	2.44e-11	2.53e-05	1.00e+00
 8.70196e+14	2.83e-11	2.74e-05	1.00e+00
 9.03388e+14	3.26e-11	2.97e-05	1.00e+00
 9.35541e+14	3.72e-11	3.20e-05	1.00e+00
 9.63710e+14	4.17e-11	3.40e-05	1.00e+00
 9.86995e+14	4.56e-11	3.58e-05	1.00e+00
 1.01265e+15	5.05e-11	3.78e-05	1.00e+00
 1.04600e+15	5.72e-11	4.06e-05	1.00e+00
 1.08122e+15	6.51e-11	4.36e-05	1.00e+00
 1.11171e+15	7.26e-11	4.63e-05	1.00e+00
 1.14415e+15	8.15e-11	4.93e-05	1.00e+00
 1.18576e+15	9.40e-11	5.33e-05	1.00e+00
 1.22855e+15	1.08e-10	5.76e-05	1.00e+00
 1.26497e+15	1.22e-10	6.14e-05	1.00e+00
 1.30380e+15	1.38e-10	6.56e-05	1.00e+00
 1.35228e+15	1.60e-10	7.12e-05	1.00e+00
 1.40234e+15	1.86e-10	7.71e-05	1.00e+00
 1.44690e+15	2.12e-10	8.27e-05	1.00e+00
 1.49525e+15	2.43e-10	8.91e-05	1.00e+00
 1.55305e+15	2.85e-10	9.70e-05	1.00e+00
 1.61005e+15	3.33e-10	1.05e-04	1.00e+00
 1.66124e+15	3.80e-10	1.13e-04	1.00e+00
 1.71795e+15	4.39e-10	1.22e-04	1.00e+00
 1.78501e+15	5.16e-10	1.33e-04	1.00e+00
 1.85137e+15	6.04e-10	1.44e-04	1.00e+00
 1.91266e+15	6.96e-10	1.55e-04	1.00e+00
 1.98147e+15	8.11e-10	1.68e-04	1.00e+00
 2.06076e+15	9.62e-10	1.84e-04	1.00e+00
 2.13836e+15	1.13e-09	2.00e-04	1.00e+00
 2.20108e+15	1.28e-09	2.13e-04	1.00e+00
 2.25002e+15	1.41e-09	2.24e-04	1.00e+00
 2.30385e+15	1.56e-09	2.37e-04	1.00e+00
 2.37381e+15	1.78e-09	2.53e-04	1.00e+00
 2.44922e+15	2.04e-09	2.72e-04	1.00e+00
 2.51652e+15	2.30e-09	2.89e-04	1.00e+00
 2.58881e+15	2.61e-09	3.08e-04	1.00e+00
 2.68228e+15	3.04e-09	3.34e-04	1.00e+00
 2.77684e+15	3.54e-09	3.61e-04	1.00e+00
 2.85406e+15	3.99e-09	3.83e-04	1.00e+00
 2.93517e+15	4.51e-09	4.08e-04	1.00e+00
 3.04062e+15	5.27e-09	4.42e-04	1.00e+00
 3.15251e+15	6.17e-09	4.79e-04	1.00e+00
 3.25100e+15	7.05e-09	5.13e-04	9.99e-01
 3.35731e+15	8.11e-09	5.51e-04	9.99e-01
 3.48575e+15	9.55e-09	5.99e-04	9.99e-01
 3.61420e+15	1.12e-08	6.48e-04	9.99e-01
 3.73013e+15	1.28e-08	6.95e-04	9.99e-01
 3.85860e+15	1.48e-08	7.49e-04	9.99e-01
 4.00986e+15	1.75e-08	8.14e-04	9.99e-01
 4.15845e+15	2.04e-08	8.82e-04	9.99e-01
 4.29573e+15	2.34e-08	9.46e-04	9.99e-01
 4.45034e+15	2.73e-08	1.02e-03	9.99e-01
 4.59995e+15	3.13e-08	1.10e-03	9.99e-01
 4.70989e+15	3.46e-08	1.15e-03	9.99e-01
 4.81939e+15	3.81e-08	1.21e-03	9.99e-01
 4.96174e+15	4.31e-08	1.29e-03	9.99e-01
 5.11666e+15	4.90e-08	1.38e-03	9.99e-01
 5.25627e+15	5.47e-08	1.46e-03	9.99e-01
 5.40614e+15	6.17e-08	1.55e-03	9.98e-01
 5.60068e+15	7.16e-08	1.67e-03	9.98e-01
 5.79659e+15	8.26e-08	1.80e-03	9.98e-01
 5.95387e+15	9.25e-08	1.91e-03	9.98e-01
 6.11761e+15	1.03e-07	2.02e-03	9.98e-01
 6.33047e+15	1.20e-07	2.17e-03	9.98e-01
 6.55650e+15	1.38e-07	2.34e-03	9.98e-01
 6.75302e+15	1.56e-07	2.48e-03	9.98e-01
 6.96186e+15	1.77e-07	2.65e-03	9.97e-01
 7.22151e+15	2.06e-07	2.87e-03	9.97e-01
 7.47937e+15	2.38e-07	3.09e-03	9.97e-01
 7.70181e+15	2.68e-07	3.28e-03	9.97e-01
 7.94608e+15	3.06e-07	3.51e-03	9.96e-01
 8.21977e+15	3.51e-07	3.77e-03	9.96e-01
 8.47466e+15	3.97e-07	4.02e-03	9.96e-01
 8.69056e+15	4.39e-07	4.24e-03	9.96e-01
 8.91284e+15	4.88e-07	4.48e-03	9.96e-01
 9.15698e+15	5.44e-07	4.75e-03	9.95e-01
 9.38656e+15	6.02e-07	5.01e-03	9.95e-01
 9.64205e+15	6.75e-07	5.32e-03	9.95e-01
 9.91636e+15	7.56e-07	5.66e-03	9.94e-01
 1.01665e+16	8.36e-07	5.98e-03	9.94e-01
 1.04431e+16	9.40e-07	6.37e-03	9.94e-01
 1.07432e+16	1.05e-06	6.80e-03	9.93e-01
 1.10235e+16	1.18e-06	7.22e-03	9.93e-01
 1.13373e+16	1.33e-06	7.75e-03	9.92e-01
 1.16682e+16	1.50e-06	8.32e-03	9.92e-01
 1.19513e+16	1.66e-06	8.82e-03	9.91e-01
 1.22491e+16	1.86e-06	9.43e-03	9.91e-01
 1.25788e+16	2.10e-06	1.01e-02	9.90e-01
 1.28816e+16	2.34e-06	1.08e-02	9.89e-01
 1.31627e+16	2.58e-06	1.15e-02	9.88e-01
 1.34840e+16	2.93e-06	1.25e-02	9.88e-01
 1.38102e+16	3.28e-06	1.34e-02	9.87e-01
 1.40752e+16	3.62e-06	1.43e-02	9.86e-01
 1.43520e+16	4.04e-06	1.54e-02	9.85e-01
 1.46556e+16	4.55e-06	1.66e-02	9.83e-01
 1.49256e+16	5.06e-06	1.79e-02	9.82e-01
 1.51658e+16	5.57e-06	1.91e-02	9.81e-01
 1.54360e+16	6.31e-06	2.07e-02	9.79e-01
 1.57218e+16	7.11e-06	2.26e-02	9.77e-01
 1.59702e+16	7.96e-06	2.45e-02	9.76e-01
 1.61967e+16	8.90e-06	2.65e-02	9.74e-01
 1.64179e+16	9.90e-06	2.86e-02	9.71e-01
 1.66710e+16	1.14e-05	3.16e-02	9.68e-01
 1.69308e+16	1.31e-05	3.51e-02	9.65e-01
 1.71426e+16	1.48e-05	3.84e-02	9.62e-01
 1.73320e+16	1.67e-05	4.20e-02	9.58e-01
 1.75491e+16	1.95e-05	4.68e-02	9.53e-01
 1.77730e+16	2.26e-05	5.26e-02	9.47e-01
 1.79556e+16	2.59e-05	5.84e-02	9.42e-01
 1.81122e+16	2.93e-05	6.43e-02	9.36e-01
 1.82851e+16	3.41e-05	7.21e-02	9.28e-01
 1.84670e+16	3.97e-05	8.19e-02	9.18e-01
 1.86215e+16	4.68e-05	9.21e-02	9.08e-01
 1.87434e+16	5.30e-05	1.02e-01	8.98e-01
 1.88623e+16	6.01e-05	1.13e-01	8.87e-01
 1.90168e+16	7.29e-05	1.30e-01	8.70e-01
 1.91615e+16	8.72e-05	1.50e-01	8.50e-01
 1.92495e+16	9.78e-05	1.64e-01	8.36e-01
 1.93065e+16	1.06e-04	1.74e-01	8.26e-01
 1.93672e+16	1.15e-04	1.87e-01	8.13e-01
 1.94461e+16	1.29e-04	2.05e-01	7.95e-01
 1.95300e+16	1.47e-04	2.26e-01	7.74e-01
 1.96002e+16	1.65e-04	2.46e-01	7.54e-01
 1.96542e+16	1.78e-04	2.63e-01	7.37e-01
 1.97074e+16	1.96e-04	2.81e-01	7.19e-01
 1.97664e+16	2.16e-04	3.03e-01	6.97e-01
 1.98330e+16	2.42e-04	3.30e-01	6.70e-01
 1.99022e+16	2.71e-04	3.60e-01	6.39e-01
 1.99622e+16	2.99e-04	3.89e-01	6.11e-01
 2.00278e+16	3.36e-04	4.23e-01	5.77e-01
 2.00936e+16	3.73e-04	4.58e-01	5.42e-01
 2.01503e+16	4.08e-04	4.89e-01	5.11e-01
 2.02144e+16	4.52e-04	5.26e-01	4.73e-01
 2.02858e+16	5.03e-04	5.67e-01	4.32e-01
 2.03534e+16	5.54e-04	6.07e-01	3.93e-01
 2.04281e+16	6.14e-04	6.49e-01	3.50e-01
 2.05108e+16	6.80e-04	6.93e-01	3.06e-01
 2.05904e+16	7.44e-04	7.33e-01	2.67e-01
 2.06803e+16	8.17e-04	7.73e-01	2.26e-01
 2.07972e+16	9.09e-04	8.18e-01	1.81e-01
 2.09230e+16	1.00e-03	8.56e-01	1.43e-01
 2.10409e+16	1.09e-03	8.85e-01	1.14e-01
 2.11372e+16	1.16e-03	9.03e-01	9.58e-02
 2.12085e+16	1.21e-03	9.15e-01	8.42e-02
 2.12852e+16	1.26e-03	9.26e-01	7.30e-02
 2.13849e+16	1.33e-03	9.38e-01	6.09e-02
 2.14932e+16	1.41e-03	9.48e-01	5.07e-02
 2.15901e+16	1.48e-03	9.55e-01	4.33e-02
 2.16790e+16	1.55e-03	9.61e-01	3.76e-02
 2.17800e+16	1.63e-03	9.66e-01	3.19e-02
 2.18912e+16	1.73e-03	9.71e-01	2.70e-02
 2.19831e+16	1.81e-03	9.74e-01	2.38e-02
 2.20522e+16	1.88e-03	9.77e-01	2.16e-02
 2.21242e+16	1.96e-03	9.79e-01	1.94e-02
 2.22177e+16	2.06e-03	9.81e-01	1.70e-02
 2.23116e+16	2.18e-03	9.83e-01	1.51e-02
 2.23826e+16	2.27e-03	9.84e-01	1.38e-02
 2.24422e+16	2.36e-03	9.85e-01	1.28e-02
 2.25101e+16	2.46e-03	9.86e-01	1.17e-02
 2.25866e+16	2.59e-03	9.87e-01	1.07e-02
 2.26573e+16	2.72e-03	9.87e-01	9.80e-03
 2.27185e+16	2.83e-03	9.88e-01	9.13e-03
 2.27757e+16	2.96e-03	9.89e-01	8.53e-03
 2.28414e+16	3.10e-03	9.89e-01	7.88e-03
 2.29124e+16	3.28e-03	9.89e-01	7.27e-03
 2.29733e+16	3.45e-03	9.90e-01	6.81e-03
 2.30242e+16	3.60e-03	9.90e-01	6.44e-03
 2.30796e+16	3.78e-03	9.90e-01	6.04e-03
 2.31419e+16	4.00e-03	9.90e-01	5.64e-03
 2.31986e+16	4.21e-03	9.90e-01	5.32e-03
 2.32470e+16	4.42e-03	9.91e-01	5.05e-03
 2.32991e+16	4.66e-03	9.91e-01	4.77e-03
 2.33567e+16	4.96e-03	9.91e-01	4.50e-03
 2.34083e+16	5.26e-03	9.90e-01	4.26e-03
 2.34531e+16	5.54e-03	9.90e-01	4.08e-03
 2.35025e+16	5.88e-03	9.90e-01	3.87e-03
 2.35571e+16	6.32e-03	9.90e-01	3.66e-03
 2.36064e+16	6.76e-03	9.90e-01	3.48e-03
 2.36499e+16	7.18e-03	9.89e-01	3.34e-03
 2.36979e+16	7.71e-03	9.89e-01	3.18e-03
 2.37521e+16	8.40e-03	9.89e-01	3.01e-03
 2.38027e+16	9.17e-03	9.88e-01	2.87e-03
 2.38474e+16	9.96e-03	9.87e-01	2.74e-03
 2.38889e+16	1.08e-02	9.87e-01	2.64e-03
 2.39360e+16	1.19e-02	9.86e-01	2.51e-03
 2.39841e+16	1.32e-02	9.84e-01	2.40e-03
 2.40206e+16	1.45e-02	9.83e-01	2.32e-03
 2.40490e+16	1.56e-02	9.82e-01	2.26e-03
 2.40794e+16	1.69e-02	9.81e-01	2.20e-03
 2.41189e+16	1.89e-02	9.79e-01	2.11e-03
 2.41577e+16	2.14e-02	9.77e-01	2.04e-03
 2.41851e+16	2.37e-02	9.74e-01	1.99e-03
 2.42056e+16	2.55e-02	9.73e-01	1.96e-03
 2.42275e+16	2.77e-02	9.70e-01	1.92e-03
 2.42559e+16	3.10e-02	9.67e-01	1.88e-03
 2.42850e+16	3.52e-02	9.63e-01	1.83e-03
 2.43072e+16	3.93e-02	9.59e-01	1.81e-03
 2.43246e+16	4.28e-02	9.55e-01	1.79e-03
 2.43432e+16	4.71e-02	9.51e-01	1.77e-03
 2.43674e+16	5.37e-02	9.45e-01	1.74e-03
 2.43912e+16	6.19e-02	9.36e-01	1.73e-03
 2.44081e+16	6.91e-02	9.29e-01	1.73e-03
 2.44211e+16	7.51e-02	9.23e-01	1.73e-03
 2.44351e+16	8.26e-02	9.16e-01	1.73e-03
 2.44530e+16	9.35e-02	9.05e-01	1.73e-03
 2.44708e+16	1.07e-01	8.92e-01	1.75e-03
 2.44842e+16	1.19e-01	8.80e-01	1.76e-03
 2.44951e+16	1.29e-01	8.69e-01	1.78e-03
 2.45052e+16	1.40e-01	8.58e-01	1.79e-03
 2.45150e+16	1.51e-01	8.47e-01	1.81e-03
 2.45246e+16	1.64e-01	8.34e-01	1.83e-03
 2.45318e+16	1.74e-01	8.24e-01	1.84e-03
 2.45363e+16	1.81e-01	8.17e-01	1.86e-03
 2.45404e+16	1.87e-01	8.11e-01	1.87e-03
 2.45454e+16	1.96e-01	8.03e-01	1.88e-03
 2.45509e+16	2.05e-01	7.93e-01	1.89e-03
 2.45561e+16	2.14e-01	7.84e-01	1.90e-03
 2.45609e+16	2.23e-01	7.75e-01	1.92e-03
 2.45657e+16	2.33e-01	7.65e-01	1.93e-03
 2.45706e+16	2.43e-01	7.55e-01	1.95e-03
 2.45753e+16	2.53e-01	7.45e-01	1.96e-03
 2.45801e+16	2.64e-01	7.34e-01	1.97e-03
 2.45848e+16	2.75e-01	7.23e-01	1.99e-03
 2.45893e+16	2.86e-01	7.12e-01	2.00e-03
 2.45939e+16	2.98e-01	7.00e-01	2.01e-03
 2.45985e+16	3.09e-01	6.89e-01	2.03e-03
 2.46030e+16	3.22e-01	6.76e-01	2.04e-03
 2.46074e+16	3.34e-01	6.64e-01	2.05e-03
 2.46118e+16	3.47e-01	6.51e-01	2.06e-03
 2.46162e+16	3.60e-01	6.37e-01	2.07e-03
 2.46205e+16	3.74e-01	6.24e-01	2.08e-03
 2.46248e+16	3.87e-01	6.11e-01	2.09e-03
 2.46290e+16	4.01e-01	5.97e-01	2.10e-03
 2.46332e+16	4.15e-01	5.83e-01	2.10e-03
 2.46374e+16	4.30e-01	5.68e-01	2.11e-03
 2.46416e+16	4.44e-01	5.54e-01	2.11e-03
 2.46456e+16	4.59e-01	5.39e-01	2.12e-03
 2.46497e+16	4.73e-01	5.25e-01	2.12e-03
 2.46538e+16	4.89e-01	5.09e-01	2.12e-03
 2.46578e+16	5.03e-01	4.95e-01	2.12e-03
 2.46617e+16	5.18e-01	4.80e-01	2.11e-03
 2.46655e+16	5.32e-01	4.66e-01	2.11e-03
 2.46693e+16	5.47e-01	4.51e-01	2.11e-03
 2.46730e+16	5.61e-01	4.36e-01	2.10e-03
 2.46768e+16	5.76e-01	4.22e-01	2.09e-03
 2.46805e+16	5.90e-01	4.08e-01	2.08e-03
 2.46841e+16	6.04e-01	3.94e-01	2.06e-03
 2.46876e+16	6.17e-01	3.81e-01	2.05e-03
 2.46911e+16	6.30e-01	3.68e-01	2.04e-03
 2.46945e+16	6.43e-01	3.55e-01	2.02e-03
 2.46980e+16	6.57e-01	3.41e-01	2.00e-03
 2.47014e+16	6.69e-01	3.29e-01	1.97e-03
 2.47048e+16	6.82e-01	3.16e-01	1.95e-03
 2.47082e+16	6.94e-01	3.04e-01	1.93e-03
 2.47115e+16	7.06e-01	2.92e-01	1.90e-03
 2.47149e+16	7.18e-01	2.81e-01	1.87e-03
 2.47182e+16	7.29e-01	2.69e-01	1.84e-03
 2.47214e+16	7.40e-01	2.59e-01	1.81e-03
 2.47247e+16	7.50e-01	2.48e-01	1.78e-03
 2.47281e+16	7.61e-01	2.37e-01	1.75e-03
 2.47314e+16	7.71e-01	2.27e-01	1.71e-03
 2.47347e+16	7.81e-01	2.17e-01	1.68e-03
 2.47381e+16	7.91e-01	2.08e-01	1.64e-03
 2.47414e+16	8.00e-01	1.98e-01	1.60e-03
 2.47449e+16	8.09e-01	1.89e-01	1.56e-03
 2.47483e+16	8.18e-01	1.80e-01	1.52e-03
 2.47513e+16	8.25e-01	1.73e-01	1.48e-03
 2.47535e+16	8.30e-01	1.68e-01	1.45e-03
 2.47556e+16	8.35e-01	1.63e-01	1.42e-03
 2.47577e+16	8.40e-01	1.58e-01	1.40e-03
 2.47600e+16	8.45e-01	1.54e-01	1.37e-03
 2.47622e+16	8.50e-01	1.49e-01	1.34e-03
 2.47643e+16	8.54e-01	1.45e-01	1.31e-03
 2.47664e+16	8.58e-01	1.41e-01	1.29e-03
 2.47684e+16	8.62e-01	1.37e-01	1.26e-03
 2.47705e+16	8.66e-01	1.33e-01	1.24e-03
 2.47726e+16	8.69e-01	1.29e-01	1.21e-03
 2.47746e+16	8.73e-01	1.26e-01	1.19e-03
 2.47766e+16	8.76e-01	1.23e-01	1.17e-03
 2.47786e+16	8.79e-01	1.20e-01	1.14e-03
 2.47807e+16	8.82e-01	1.17e-01	1.12e-03
 2.47827e+16	8.85e-01	1.14e-01	1.10e-03
 2.47847e+16	8.88e-01	1.11e-01	1.08e-03
 2.47868e+16	8.91e-01	1.08e-01	1.05e-03
 2.47889e+16	8.94e-01	1.05e-01	1.03e-03
 2.47911e+16	8.96e-01	1.03e-01	1.01e-03
 2.47933e+16	8.99e-01	1.00e-01	9.90e-04
 2.47956e+16	9.01e-01	9.75e-02	9.69e-04
 2.47980e+16	9.04e-01	9.50e-02	9.48e-04
 2.48005e+16	9.06e-01	9.26e-02	9.26e-04
 2.48031e+16	9.09e-01	9.02e-02	9.05e-04
 2.48059e+16	9.11e-01	8.77e-02	8.83e-04
 2.48090e+16	9.14e-01	8.52e-02	8.60e-04
 2.48125e+16	9.17e-01	8.26e-02	8.37e-04
 2.48165e+16	9.19e-01	7.98e-02	8.11e-04
 2.48212e+16	9.22e-01	7.69e-02	7.83e-04
 2.48268e+16	9.25e-01	7.39e-02	7.54e-04
 2.48330e+16	9.28e-01	7.10e-02	7.25e-04
 2.48397e+16	9.31e-01	6.84e-02	6.97e-04
 2.48469e+16	9.33e-01	6.60e-02	6.71e-04
 2.48549e+16	9.36e-01	6.38e-02	6.46e-04
 2.48641e+16	9.38e-01	6.17e-02	6.22e-04
 2.48734e+16	9.39e-01	6.01e-02	6.02e-04
 2.48819e+16	9.41e-01	5.89e-02	5.87e-04
 2.48913e+16	9.42e-01	5.76e-02	5.69e-04
 2.49034e+16	9.43e-01	5.65e-02	5.54e-04
 2.49192e+16	9.44e-01	5.53e-02	5.35e-04
 2.49362e+16	9.45e-01	5.42e-02	5.18e-04
 2.49517e+16	9.46e-01	5.34e-02	5.03e-04
 2.49686e+16	9.47e-01	5.25e-02	4.88e-04
 2.49907e+16	9.48e-01	5.16e-02	4.71e-04
 2.50145e+16	9.49e-01	5.07e-02	4.53e-04
 2.50362e+16	9.50e-01	4.99e-02	4.38e-04
 2.50559e+16	9.51e-01	4.91e-02	4.24e-04
 2.50739e+16	9.51e-01	4.84e-02	4.12e-04
 2.50935e+16	9.52e-01	4.77e-02	4.00e-04
 2.51148e+16	9.53e-01	4.70e-02	3.87e-04
 2.51341e+16	9.53e-01	4.63e-02	3.75e-04
 2.51517e+16	9.54e-01	4.56e-02	3.64e-04
 2.51710e+16	9.55e-01	4.50e-02	3.53e-04
 2.51918e+16	9.55e-01	4.42e-02	3.41e-04
 2.52107e+16	9.56e-01	4.36e-02	3.30e-04
 2.52279e+16	9.57e-01	4.30e-02	3.21e-04
 2.52468e+16	9.57e-01	4.23e-02	3.11e-04
 2.52672e+16	9.58e-01	4.17e-02	3.01e-04
 2.52857e+16	9.59e-01	4.11e-02	2.91e-04
 2.53026e+16	9.59e-01	4.05e-02	2.83e-04
 2.53180e+16	9.60e-01	4.00e-02	2.76e-04
 2.53348e+16	9.60e-01	3.94e-02	2.68e-04
 2.53530e+16	9.61e-01	3.89e-02	2.60e-04
 2.53695e+16	9.61e-01	3.83e-02	2.53e-04
 2.53845e+16	9.62e-01	3.79e-02	2.46e-04
 2.54010e+16	9.62e-01	3.73e-02	2.39e-04
 2.54188e+16	9.63e-01	3.68e-02	2.32e-04
 2.54350e+16	9.63e-01	3.63e-02	2.26e-04
 2.54498e+16	9.64e-01	3.59e-02	2.20e-04
 2.54659e+16	9.64e-01	3.53e-02	2.14e-04
 2.54833e+16	9.65e-01	3.48e-02	2.07e-04
 2.54992e+16	9.65e-01	3.44e-02	2.02e-04
 2.55136e+16	9.66e-01	3.40e-02	1.97e-04
 2.55295e+16	9.66e-01	3.35e-02	1.91e-04
 2.55465e+16	9.67e-01	3.30e-02	1.86e-04
 2.55621e+16	9.67e-01	3.26e-02	1.81e-04
 2.55762e+16	9.68e-01	3.22e-02	1.77e-04
 2.55917e+16	9.68e-01	3.18e-02	1.72e-04
 2.56085e+16	9.69e-01	3.13e-02	1.67e-04
 2.56237e+16	9.69e-01	3.09e-02	1.63e-04
 2.56376e+16	9.69e-01	3.06e-02	1.59e-04
 2.56527e+16	9.70e-01	3.02e-02	1.55e-04
 2.56691e+16	9.70e-01	2.98e-02	1.50e-04
 2.56840e+16	9.70e-01	2.94e-02	1.47e-04
 2.57004e+16	9.71e-01	2.90e-02	1.42e-04
 2.57180e+16	9.71e-01	2.86e-02	1.38e-04
 2.57341e+16	9.72e-01	2.82e-02	1.35e-04
 2.57517e+16	9.72e-01	2.78e-02	1.31e-04
 2.57707e+16	9.73e-01	2.74e-02	1.27e-04
 2.57880e+16	9.73e-01	2.70e-02	1.24e-04
 2.58037e+16	9.73e-01	2.67e-02	1.21e-04
 2.58209e+16	9.74e-01	2.63e-02	1.17e-04
 2.58396e+16	9.74e-01	2.59e-02	1.14e-04
 2.58565e+16	9.74e-01	2.56e-02	1.11e-04
 2.58751e+16	9.75e-01	2.52e-02	1.07e-04
 2.58951e+16	9.75e-01	2.48e-02	1.04e-04
 2.59133e+16	9.75e-01	2.44e-02	1.01e-04
 2.59299e+16	9.76e-01	2.41e-02	9.87e-05
 2.59481e+16	9.76e-01	2.38e-02	9.58e-05
 2.59677e+16	9.76e-01	2.34e-02	9.31e-05
 2.59856e+16	9.77e-01	2.31e-02	9.06e-05
 2.60052e+16	9.77e-01	2.28e-02	8.78e-05
 2.60263e+16	9.78e-01	2.24e-02	8.51e-05
 2.60455e+16	9.78e-01	2.21e-02	8.27e-05
 2.60666e+16	9.78e-01	2.17e-02	8.00e-05
 2.60893e+16	9.79e-01	2.14e-02	7.74e-05
 2.61100e+16	9.79e-01	2.10e-02	7.51e-05
 2.61289e+16	9.79e-01	2.08e-02	7.31e-05
 2.61495e+16	9.79e-01	2.04e-02	7.09e-05
 2.61718e+16	9.80e-01	2.01e-02	6.87e-05
 2.61921e+16	9.80e-01	1.98e-02	6.67e-05
 2.62143e+16	9.80e-01	1.95e-02	6.45e-05
 2.62383e+16	9.81e-01	1.92e-02	6.24e-05
 2.62601e+16	9.81e-01	1.89e-02	6.06e-05
 2.62800e+16	9.81e-01	1.86e-02	5.89e-05
 2.63017e+16	9.82e-01	1.83e-02	5.71e-05
 2.63252e+16	9.82e-01	1.80e-02	5.53e-05
 2.63466e+16	9.82e-01	1.78e-02	5.37e-05
 2.63701e+16	9.82e-01	1.75e-02	5.20e-05
 2.63953e+16	9.83e-01	1.72e-02	5.02e-05
 2.64184e+16	9.83e-01	1.69e-02	4.87e-05
 2.64436e+16	9.83e-01	1.66e-02	4.70e-05
 2.64708e+16	9.84e-01	1.63e-02	4.54e-05
 2.64956e+16	9.84e-01	1.61e-02	4.40e-05
 2.65228e+16	9.84e-01	1.58e-02	4.24e-05
 2.65521e+16	9.84e-01	1.55e-02	4.08e-05
 2.65788e+16	9.85e-01	1.52e-02	3.95e-05
 2.66080e+16	9.85e-01	1.49e-02	3.79e-05
 2.66396e+16	9.85e-01	1.46e-02	3.65e-05
 2.66683e+16	9.86e-01	1.44e-02	3.52e-05
 2.66944e+16	9.86e-01	1.41e-02	3.41e-05
 2.67231e+16	9.86e-01	1.39e-02	3.29e-05
 2.67540e+16	9.86e-01	1.36e-02	3.17e-05
 2.67821e+16	9.87e-01	1.34e-02	3.06e-05
 2.68130e+16	9.87e-01	1.31e-02	2.94e-05
 2.68462e+16	9.87e-01	1.29e-02	2.83e-05
 2.68765e+16	9.87e-01	1.26e-02	2.73e-05
 2.69097e+16	9.88e-01	1.24e-02	2.62e-05
 2.69456e+16	9.88e-01	1.21e-02	2.52e-05
 2.69782e+16	9.88e-01	1.19e-02	2.43e-05
 2.70139e+16	9.88e-01	1.16e-02	2.32e-05
 2.70525e+16	9.89e-01	1.14e-02	2.22e-05
 2.70876e+16	9.89e-01	1.12e-02	2.14e-05
 2.71261e+16	9.89e-01	1.09e-02	2.04e-05
 2.71676e+16	9.89e-01	1.07e-02	1.95e-05
 2.72054e+16	9.90e-01	1.04e-02	1.88e-05
 2.72468e+16	9.90e-01	1.02e-02	1.79e-05
 2.72915e+16	9.90e-01	9.95e-03	1.71e-05
 2.73322e+16	9.90e-01	9.74e-03	1.63e-05
 2.73768e+16	9.90e-01	9.50e-03	1.55e-05
 2.74249e+16	9.91e-01	9.26e-03	1.48e-05
 2.74687e+16	9.91e-01	9.05e-03	1.41e-05
 2.75167e+16	9.91e-01	8.82e-03	1.34e-05
 2.75685e+16	9.91e-01	8.58e-03	1.27e-05
 2.76156e+16	9.92e-01	8.38e-03	1.22e-05
 2.76673e+16	9.92e-01	8.16e-03	1.15e-05
 2.77231e+16	9.92e-01	7.93e-03	1.09e-05
 2.77738e+16	9.92e-01	7.74e-03	1.04e-05
 2.78295e+16	9.92e-01	7.52e-03	9.81e-06
 2.78895e+16	9.93e-01	7.30e-03	9.26e-06
 2.79441e+16	9.93e-01	7.12e-03	8.80e-06
 2.80040e+16	9.93e-01	6.91e-03	8.29e-06
 2.80687e+16	9.93e-01	6.70e-03	7.81e-06
 2.81395e+16	9.94e-01	6.47e-03	7.29e-06
 2.82251e+16	9.94e-01	6.21e-03	6.73e-06
 2.83164e+16	9.94e-01	5.95e-03	6.19e-06
 2.84093e+16	9.94e-01	5.71e-03	5.69e-06
 2.85055e+16	9.95e-01	5.46e-03	5.23e-06
 2.86057e+16	9.95e-01	5.23e-03	4.79e-06
 2.87095e+16	9.95e-01	4.99e-03	4.37e-06
 2.88171e+16	9.95e-01	4.77e-03	3.99e-06
 2.89285e+16	9.95e-01	4.54e-03	3.63e-06
 2.90426e+16	9.96e-01	4.33e-03	3.30e-06
 2.91584e+16	9.96e-01	4.13e-03	3.00e-06
 2.92763e+16	9.96e-01	3.93e-03	2.73e-06
 2.93965e+16	9.96e-01	3.75e-03	2.48e-06
 2.95190e+16	9.96e-01	3.57e-03	2.25e-06
 2.96438e+16	9.97e-01	3.39e-03	2.04e-06
 2.97709e+16	9.97e-01	3.23e-03	1.85e-06
 2.99002e+16	9.97e-01	3.07e-03	1.67e-06
 3.00320e+16	9.97e-01	2.92e-03	1.52e-06
 3.01641e+16	9.97e-01	2.78e-03	1.37e-06
 3.02982e+16	9.97e-01	2.64e-03	1.24e-06
 3.04375e+16	9.97e-01	2.51e-03	1.12e-06
 3.05801e+16	9.98e-01	2.38e-03	1.01e-06
 3.07247e+16	9.98e-01	2.26e-03	9.10e-07
 3.08717e+16	9.98e-01	2.14e-03	8.19e-07
 3.10216e+16	9.98e-01	2.03e-03	7.36e-07
 3.11746e+16	9.98e-01	1.92e-03	6.61e-07
 3.13305e+16	9.98e-01	1.82e-03	5.93e-07
 3.14895e+16	9.98e-01	1.72e-03	5.31e-07
 3.16518e+16	9.98e-01	1.63e-03	4.75e-07
 3.18175e+16	9.98e-01	1.54e-03	4.24e-07
 3.19866e+16	9.99e-01	1.45e-03	3.79e-07
 3.21593e+16	9.99e-01	1.37e-03	3.37e-07
 3.23357e+16	9.99e-01	1.29e-03	3.00e-07
 3.25160e+16	9.99e-01	1.22e-03	2.66e-07
 3.27003e+16	9.99e-01	1.14e-03	2.36e-07
 3.28889e+16	9.99e-01	1.08e-03	2.09e-07
 3.30820e+16	9.99e-01	1.01e-03	1.84e-07
 3.32798e+16	9.99e-01	9.48e-04	1.62e-07
 3.34826e+16	9.99e-01	8.89e-04	1.42e-07
 3.36907e+16	9.99e-01	8.31e-04	1.25e-07
 3.39041e+16	9.99e-01	7.77e-04	1.09e-07
 3.41235e+16	9.99e-01	7.25e-04	9.49e-08
 3.43494e+16	9.99e-01	6.77e-04	8.26e-08
 3.45785e+16	9.99e-01	6.30e-04	7.17e-08
 3.48124e+16	9.99e-01	5.87e-04	6.21e-08
 3.50582e+16	9.99e-01	5.44e-04	5.34e-08
 3.53158e+16	9.99e-01	5.03e-04	4.56e-08
 3.55823e+16	1.00e+00	4.64e-04	3.88e-08
 3.58578e+16	1.00e+00	4.27e-04	3.28e-08
 3.61443e+16	1.00e+00	3.92e-04	2.76e-08
 3.64435e+16	1.00e+00	3.58e-04	2.31e-08
 3.67566e+16	1.00e+00	3.26e-04	1.92e-08
 3.70859e+16	1.00e+00	2.96e-04	1.58e-08
 3.74329e+16	1.00e+00	2.67e-04	1.28e-08
 3.77988e+16	1.00e+00	2.40e-04	1.03e-08
 3.81894e+16	1.00e+00	2.14e-04	8.22e-09
 3.86078e+16	1.00e+00	1.90e-04	6.44e-09
 3.90552e+16	1.00e+00	1.67e-04	4.96e-09
 3.95384e+16	1.00e+00	1.45e-04	3.75e-09
 4.00670e+16	1.00e+00	1.25e-04	2.76e-09
 4.06520e+16	1.00e+00	1.06e-04	1.98e-09
 4.12995e+16	1.00e+00	8.77e-05	1.36e-09
 4.20643e+16	1.00e+00	7.06e-05	8.81e-10
 4.29353e+16	1.00e+00	5.54e-05	5.42e-10
 4.38326e+16	1.00e+00	4.33e-05	3.32e-10
 4.47368e+16	1.00e+00	3.38e-05	2.03e-10
 4.56443e+16	1.00e+00	2.65e-05	1.25e-10
 4.65648e+16	1.00e+00	2.07e-05	7.69e-11
 4.75040e+16	1.00e+00	1.62e-05	4.72e-11
 4.84621e+16	1.00e+00	1.26e-05	2.89e-11
 4.94425e+16	1.00e+00	9.83e-06	1.76e-11
 5.04458e+16	1.00e+00	7.65e-06	1.07e-11
 5.14761e+16	1.00e+00	5.93e-06	6.47e-12
 5.25397e+16	1.00e+00	4.58e-06	3.88e-12
 5.36364e+16	1.00e+00	3.53e-06	2.32e-12
 5.47704e+16	1.00e+00	2.71e-06	1.38e-12
 5.59517e+16	1.00e+00	2.08e-06	8.10e-13
 5.71886e+16	1.00e+00	1.58e-06	4.69e-13
 5.84847e+16	1.00e+00	1.19e-06	2.68e-13
 5.98429e+16	1.00e+00	8.89e-07	1.51e-13
 6.12725e+16	1.00e+00	6.60e-07	8.36e-14
 6.27888e+16	1.00e+00	4.85e-07	4.54e-14
 6.43542e+16	1.00e+00	3.57e-07	2.46e-14
 6.59202e+16	1.00e+00	2.64e-07	1.36e-14
 6.74862e+16	1.00e+00	1.97e-07	7.58e-15
 6.90523e+16	1.00e+00	1.48e-07	4.29e-15
 7.08532e+16	1.00e+00	1.07e-07	2.23e-15
 7.29198e+16	1.00e+00	7.47e-08	1.09e-15
 7.51454e+16	1.00e+00	5.13e-08	5.17e-16
 7.75340e+16	1.00e+00	3.48e-08	2.39e-16
 7.99807e+16	1.00e+00	2.37e-08	1.11e-16
 8.24509e+16	1.00e+00	1.63e-08	5.25e-17
 8.49933e+16	1.00e+00	1.12e-08	2.48e-17
 8.76678e+16	1.00e+00	7.63e-09	1.16e-17
 9.04355e+16	1.00e+00	5.20e-09	5.38e-18
 9.32570e+16	1.00e+00	3.56e-09	2.52e-18
 9.60990e+16	1.00e+00	2.46e-09	1.21e-18
 9.89410e+16	1.00e+00	1.72e-09	5.88e-19
 1.01783e+17	1.00e+00	1.21e-09	2.92e-19
 1.04625e+17	1.00e+00	8.59e-10	1.48e-19
 1.07467e+17	1.00e+00	6.16e-10	7.60e-20
 1.10309e+17	1.00e+00	4.45e-10	3.97e-20
 1.13151e+17	1.00e+00	3.24e-10	2.11e-20
 1.16137e+17	1.00e+00	2.33e-10	1.09e-20
 1.19267e+17	1.00e+00	1.67e-10	5.63e-21
 1.22397e+17	1.00e+00	1.21e-10	0.00e+00
 1.25527e+17	1.00e+00	8.82e-11	0.00e+00
 1.28656e+17	1.00e+00	6.48e-11	0.00e+00
 1.31786e+17	1.00e+00	4.81e-11	0.00e+00
 1.34916e+17	1.00e+00	3.59e-11	0.00e+00
 1.38024e+17	1.00e+00	2.72e-11	0.00e+00
 1.41063e+17	1.00e+00	2.09e-11	0.00e+00
 1.43999e+17	1.00e+00	1.63e-11	0.00e+00
 1.46825e+17	1.00e+00	1.30e-11	0.00e+00
 1.49544e+17	1.00e+00	1.05e-11	0.00e+00
 1.52157e+17	1.00e+00	8.68e-12	0.00e+00
 1.54661e+17	1.00e+00	7.28e-12	0.00e+00
 1.57052e+17	1.00e+00	6.21e-12	0.00e+00
 1.59328e+17	1.00e+00	5.39e-12	0.00e+00
 1.61490e+17	1.00e+00	4.75e-12	0.00e+00
 1.63543e+17	1.00e+00	4.24e-12	0.00e+00
 1.65492e+17	1.00e+00	3.83e-12	0.00e+00
 1.67339e+17	1.00e+00	3.51e-12	0.00e+00
 1.69090e+17	1.00e+00	3.24e-12	0.00e+00
 1.70747e+17	1.00e+00	3.03e-12	0.00e+00
 1.72315e+17	1.00e+00	2.85e-12	0.00e+00
 1.73800e+17	1.00e+00	2.70e-12	0.00e+00
 1.75207e+17	1.00e+00	2.58e-12	0.00e+00
 1.76539e+17	1.00e+00	2.47e-12	0.00e+00
 1.77800e+17	1.00e+00	2.39e-12	0.00e+00
 1.78995e+17	1.00e+00	2.31e-12	0.00e+00
 1.80128e+17	1.00e+00	2.24e-12	0.00e+00
 1.81200e+17	1.00e+00	2.19e-12	0.00e+00
 1.82217e+17	1.00e+00	2.14e-12	0.00e+00
 1.83181e+17	1.00e+00	2.10e-12	0.00e+00
 1.84096e+17	1.00e+00	2.06e-12	0.00e+00
 1.84964e+17	1.00e+00	2.03e-12	0.00e+00
 1.85788e+17	1.00e+00	2.00e-12	0.00e+00
 1.86571e+17	1.00e+00	1.97e-12	0.00e+00
 1.87314e+17	1.00e+00	1.95e-12	0.00e+00
 1.88021e+17	1.00e+00	1.93e-12	0.00e+00
 1.88693e+17	1.00e+00	1.91e-12	0.00e+00
 1.89332e+17	1.00e+00	1.89e-12	0.00e+00
 1.89941e+17	1.00e+00	1.88e-12	0.00e+00
 1.90521e+17	1.00e+00	1.86e-12	0.00e+00
 1.91074e+17	1.00e+00	1.85e-12	0.00e+00
 1.91601e+17	1.00e+00	1.84e-12	0.00e+00
 1.92105e+17	1.00e+00	1.83e-12	0.00e+00
 1.92585e+17	1.00e+00	1.82e-12	0.00e+00
 1.93045e+17	1.00e+00	1.81e-12	0.00e+00
 1.93485e+17	1.00e+00	1.80e-12	0.00e+00
 1.93907e+17	1.00e+00	1.80e-12	0.00e+00
 1.94311e+17	1.00e+00	1.79e-12	0.00e+00
 1.94699e+17	1.00e+00	1.78e-12	0.00e+00
 1.95072e+17	1.00e+00	1.78e-12	0.00e+00
 1.95432e+17	1.00e+00	1.77e-12	0.00e+00
 1.95778e+17	1.00e+00	1.77e-12	0.00e+00
 1.96113e+17	1.00e+00	1.76e-12	0.00e+00
 1.96438e+17	1.00e+00	1.76e-12	0.00e+00
 1.96753e+17	1.00e+00	1.75e-12	0.00e+00
 1.97059e+17	1.00e+00	1.75e-12	0.00e+00
 1.97358e+17	1.00e+00	1.74e-12	0.00e+00
 1.97651e+17	1.00e+00	1.74e-12	0.00e+00
 1.97938e+17	1.00e+00	1.74e-12	0.00e+00
 1.98222e+17	1.00e+00	1.73e-12	0.00e+00
 1.98502e+17	1.00e+00	1.73e-12	0.00e+00
 1.98782e+17	1.00e+00	1.72e-12	0.00e+00
 1.99061e+17	1.00e+00	1.72e-12	0.00e+00
 1.99343e+17	1.00e+00	1.72e-12	0.00e+00
 1.99629e+17	1.00e+00	1.71e-12	0.00e+00
 1.99921e+17	1.00e+00	1.71e-12	0.00e+00
 2.00222e+17	1.00e+00	1.70e-12	0.00e+00
 2.00537e+17	1.00e+00	1.70e-12	0.00e+00
 2.00869e+17	1.00e+00	1.69e-12	0.00e+00
 2.01224e+17	1.00e+00	1.69e-12	0.00e+00
 2.01610e+17	1.00e+00	1.68e-12	0.00e+00
 2.02038e+17	1.00e+00	1.68e-12	0.00e+00
 2.02522e+17	1.00e+00	1.67e-12	0.00e+00
 2.03084e+17	1.00e+00	1.66e-12	0.00e+00
 2.03754e+17	1.00e+00	1.65e-12	0.00e+00
 2.04581e+17	1.00e+00	1.63e-12	0.00e+00
 2.05639e+17	1.00e+00	1.61e-12	0.00e+00
 2.07014e+17	1.00e+00	1.57e-12	0.00e+00
 2.08802e+17	1.00e+00	1.52e-12	0.00e+00
 2.11126e+17	1.00e+00	1.45e-12	0.00e+00
 2.14148e+17	1.00e+00	1.36e-12	0.00e+00
 2.18076e+17	1.00e+00	1.24e-12	0.00e+00
 2.23182e+17	1.00e+00	1.09e-12	0.00e+00
 2.29820e+17	1.00e+00	9.17e-13	0.00e+00
 2.38243e+17	1.00e+00	7.27e-13	0.00e+00
 2.47773e+17	1.00e+00	5.57e-13	0.00e+00
 2.57684e+17	1.00e+00	4.93e-13	0.00e+00
 2.67992e+17	1.00e+00	4.48e-13	0.00e+00
 2.78711e+17	1.00e+00	4.08e-13	0.00e+00
 2.89860e+17	1.00e+00	3.69e-13	0.00e+00
 3.01454e+17	1.00e+00	3.31e-13	0.00e+00
 3.13512e+17	1.00e+00	2.95e-13	0.00e+00
 3.26053e+17	1.00e+00	2.61e-13	0.00e+00
 3.39095e+17	1.00e+00	2.28e-13	0.00e+00
 3.52659e+17	1.00e+00	1.97e-13	0.00e+00
 3.66388e+17	1.00e+00	1.68e-13	0.00e+00
 3.79359e+17	1.00e+00	1.54e-13	0.00e+00
 3.90909e+17	1.00e+00	1.62e-13	0.00e+00
 4.01225e+17	1.00e+00	1.75e-13	0.00e+00
 4.10879e+17	1.00e+00	1.77e-13	0.00e+00
 4.20192e+17	1.00e+00	1.68e-13	0.00e+00
 4.28997e+17	1.00e+00	1.55e-13	0.00e+00
 4.36898e+17	1.00e+00	1.47e-13	0.00e+00
 4.43615e+17	1.00e+00	1.45e-13	0.00e+00
 4.48663e+17	1.00e+00	1.45e-13	0.00e+00
 4.51803e+17	1.00e+00	1.53e-13	0.00e+00
 4.53607e+17	1.00e+00	1.61e-13	0.00e+00
 4.54682e+17	1.00e+00	1.66e-13	0.00e+00
 4.55327e+17	1.00e+00	1.69e-13	0.00e+00
 4.55747e+17	1.00e+00	1.71e-13	0.00e+00
 4.56110e+17	1.00e+00	1.72e-13	0.00e+00
 4.56497e+17	1.00e+00	1.72e-13	0.00e+00
 4.56928e+17	1.00e+00	1.73e-13	0.00e+00
 4.57371e+17	1.00e+00	1.73e-13	0.00e+00
 4.57753e+17	1.00e+00	1.74e-13	0.00e+00
 4.58075e+17	1.00e+00	1.74e-13	0.00e+00
 4.58372e+17	1.00e+00	1.74e-13	0.00e+00
 4.58661e+17	1.00e+00	1.74e-13	0.00e+00
 4.58935e+17	1.00e+00	1.74e-13	0.00e+00
 4.59196e+17	1.00e+00	1.73e-13	0.00e+00
 4.59447e+17	1.00e+00	1.73e-13	0.00e+00
 4.59681e+17	1.00e+00	1.73e-13	0.00e+00
 4.59898e+17	1.00e+00	1.72e-13	0.00e+00
 4.60117e+17	1.00e+00	1.72e-13	0.00e+00
 4.60341e+17	1.00e+00	1.72e-13	0.00e+00
 4.60548e+17	1.00e+00	1.71e-13	0.00e+00
 4.60731e+17	1.00e+00	1.71e-13	0.00e+00
 4.60900e+17	1.00e+00	1.70e-13	0.00e+00
 4.61071e+17	1.00e+00	1.70e-13	0.00e+00
 4.61246e+17	1.00e+00	1.70e-13	0.00e+00
 4.61421e+17	1.00e+00	1.69e-13	0.00e+00
 4.61592e+17	1.00e+00	1.69e-13	0.00e+00
 4.61746e+17	1.00e+00	1.68e-13	0.00e+00
 4.61889e+17	1.00e+00	1.68e-13	0.00e+00
 4.62035e+17	1.00e+00	1.67e-13	0.00e+00
 4.62188e+17	1.00e+00	1.67e-13	0.00e+00
 4.62344e+17	1.00e+00	1.66e-13	0.00e+00
 4.62489e+17	1.00e+00	1.66e-13	0.00e+00
 4.62627e+17	1.00e+00	1.65e-13	0.00e+00
 4.62768e+17	1.00e+00	1.65e-13	0.00e+00
 4.62912e+17	1.00e+00	1.64e-13	0.00e+00
 4.63058e+17	1.00e+00	1.63e-13	0.00e+00
 4.63198e+17	1.00e+00	1.63e-13	0.00e+00
 4.63336e+17	1.00e+00	1.62e-13	0.00e+00
 4.63481e+17	1.00e+00	1.62e-13	0.00e+00
 4.63631e+17	1.00e+00	1.61e-13	0.00e+00
 4.63778e+17	1.00e+00	1.60e-13	0.00e+00
 4.63924e+17	1.00e+00	1.60e-13	0.00e+00
 4.64075e+17	1.00e+00	1.59e-13	0.00e+00
 4.64230e+17	1.00e+00	1.58e-13	0.00e+00
 4.64383e+17	1.00e+00	1.57e-13	0.00e+00
 4.64537e+17	1.00e+00	1.57e-13	0.00e+00
 4.64712e+17	1.00e+00	1.56e-13	0.00e+00
 4.64899e+17	1.00e+00	1.55e-13	0.00e+00
 4.65075e+17	1.00e+00	1.54e-13	0.00e+00
 4.65239e+17	1.00e+00	1.53e-13	0.00e+00
 4.65405e+17	1.00e+00	1.52e-13	0.00e+00
 4.65589e+17	1.00e+00	1.51e-13	0.00e+00
 4.65775e+17	1.00e+00	1.50e-13	0.00e+00
 4.65963e+17	1.00e+00	1.49e-13	0.00e+00
 4.66170e+17	1.00e+00	1.48e-13	0.00e+00
 4.66377e+17	1.00e+00	1.46e-13	0.00e+00
 4.66573e+17	1.00e+00	1.45e-13	0.00e+00
 4.66778e+17	1.00e+00	1.44e-13	0.00e+00
 4.67004e+17	1.00e+00	1.43e-13	0.00e+00
 4.67242e+17	1.00e+00	1.41e-13	0.00e+00
 4.67474e+17	1.00e+00	1.40e-13	0.00e+00
 4.67701e+17	1.00e+00	1.38e-13	0.00e+00
 4.67940e+17	1.00e+00	1.37e-13	0.00e+00
 4.68195e+17	1.00e+00	1.35e-13	0.00e+00
 4.68453e+17	1.00e+00	1.34e-13	0.00e+00
 4.68716e+17	1.00e+00	1.32e-13	0.00e+00
 4.68992e+17	1.00e+00	1.30e-13	0.00e+00
 4.69278e+17	1.00e+00	1.29e-13	0.00e+00
 4.69561e+17	1.00e+00	1.27e-13	0.00e+00
 4.69849e+17	1.00e+00	1.25e-13	0.00e+00
 4.70152e+17	1.00e+00	1.23e-13	0.00e+00
 4.70470e+17	1.00e+00	1.21e-13	0.00e+00
 4.70802e+17	1.00e+00	1.19e-13	0.00e+00
 4.71135e+17	1.00e+00	1.17e-13	0.00e+00
 4.71468e+17	1.00e+00	1.15e-13	0.00e+00
 4.71819e+17	1.00e+00	1.12e-13	0.00e+00
 4.72184e+17	1.00e+00	1.10e-13	0.00e+00
 4.72553e+17	1.00e+00	1.08e-13	0.00e+00
 4.72923e+17	1.00e+00	1.05e-13	0.00e+00
 4.73303e+17	1.00e+00	1.03e-13	0.00e+00
 4.73705e+17	1.00e+00	1.00e-13	0.00e+00
 4.74119e+17	1.00e+00	9.78e-14	0.00e+00
 4.74533e+17	1.00e+00	9.52e-14	0.00e+00
 4.74941e+17	1.00e+00	9.27e-14	0.00e+00
 4.75365e+17	1.00e+00	9.02e-14	0.00e+00
 4.75823e+17	1.00e+00	8.75e-14	0.00e+00
 4.76296e+17	1.00e+00	8.47e-14	0.00e+00
 4.76763e+17	1.00e+00	8.19e-14	0.00e+00
 4.77226e+17	1.00e+00	7.92e-14	0.00e+00
 4.77703e+17	1.00e+00	7.65e-14	0.00e+00
 4.78205e+17	1.00e+00	7.38e-14	0.00e+00
 4.78720e+17	1.00e+00	7.09e-14	0.00e+00
 4.79240e+17	1.00e+00	6.81e-14	0.00e+00
 4.79758e+17	1.00e+00	6.53e-14	0.00e+00
 4.80294e+17	1.00e+00	6.26e-14	0.00e+00
 4.80858e+17	1.00e+00	5.97e-14	0.00e+00
 4.81425e+17	1.00e+00	5.69e-14	0.00e+00
 4.81987e+17	1.00e+00	5.43e-14	0.00e+00
 4.82576e+17	1.00e+00	5.16e-14	0.00e+00
 4.83200e+17	1.00e+00	4.87e-14	0.00e+00
 4.83817e+17	1.00e+00	4.60e-14	0.00e+00
 4.84428e+17	1.00e+00	4.35e-14	0.00e+00
 4.85074e+17	1.00e+00	4.09e-14	0.00e+00
 4.85768e+17	1.00e+00	3.82e-14	0.00e+00
 4.86465e+17	1.00e+00	3.56e-14	0.00e+00
 4.87161e+17	1.00e+00	3.32e-14	0.00e+00
 4.87887e+17	1.00e+00	3.08e-14	0.00e+00
 4.88610e+17	1.00e+00	2.84e-14	0.00e+00
 4.89252e+17	1.00e+00	2.63e-14	0.00e+00
 4.89787e+17	1.00e+00	2.47e-14	0.00e+00
 4.90259e+17	1.00e+00	2.33e-14	0.00e+00
 4.90719e+17	1.00e+00	2.21e-14	0.00e+00
 4.91184e+17	1.00e+00	2.10e-14	0.00e+00
 4.91637e+17	1.00e+00	1.99e-14	0.00e+00
 4.92057e+17	1.00e+00	1.88e-14	0.00e+00
 4.92442e+17	1.00e+00	1.80e-14	0.00e+00
 4.92807e+17	1.00e+00	1.72e-14	0.00e+00
 4.93167e+17	1.00e+00	1.64e-14	0.00e+00
 4.93520e+17	1.00e+00	1.57e-14	0.00e+00
 4.93861e+17	1.00e+00	1.50e-14	0.00e+00
 4.94184e+17	1.00e+00	1.44e-14	0.00e+00
 4.94492e+17	1.00e+00	1.38e-14	0.00e+00
 4.94790e+17	1.00e+00	1.32e-14	0.00e+00
 4.95081e+17	1.00e+00	1.27e-14	0.00e+00
 4.95364e+17	1.00e+00	1.22e-14	0.00e+00
 4.95636e+17	1.00e+00	1.17e-14	0.00e+00
 4.95899e+17	1.00e+00	1.13e-14	0.00e+00
 4.96152e+17	1.00e+00	1.09e-14	0.00e+00
 4.96398e+17	1.00e+00	1.05e-14	0.00e+00
 4.96636e+17	1.00e+00	1.01e-14	0.00e+00
 4.96869e+17	1.00e+00	9.75e-15	0.00e+00
 4.97095e+17	1.00e+00	9.41e-15	0.00e+00
 4.97316e+17	1.00e+00	9.09e-15	0.00e+00
 4.97530e+17	1.00e+00	8.78e-15	0.00e+00
 4.97739e+17	1.00e+00	8.47e-15	0.00e+00
 4.97941e+17	1.00e+00	8.18e-15	0.00e+00
 4.98134e+17	1.00e+00	7.92e-15	0.00e+00
 4.98354e+17	1.00e+00	7.67e-15	0.00e+00
 4.98640e+17	1.00e+00	7.36e-15	0.00e+00
 4.99012e+17	1.00e+00	6.97e-15	0.00e+00
 4.99495e+17	1.00e+00	6.47e-15	0.00e+00
 5.00124e+17	1.00e+00	5.86e-15	0.00e+00
 5.00941e+17	1.00e+00	5.14e-15	0.00e+00
 5.01936e+17	1.00e+00	4.31e-15	0.00e+00
 5.02904e+17	1.00e+00	3.51e-15	0.00e+00
 5.03636e+17	1.00e+00	2.96e-15	0.00e+00
 5.04164e+17	1.00e+00	2.63e-15	0.00e+00
 5.04636e+17	1.00e+00	2.40e-15	0.00e+00
 5.05169e+17	1.00e+00	2.17e-15	0.00e+00
 5.05785e+17	1.00e+00	1.93e-15	0.00e+00
 5.06423e+17	1.00e+00	1.70e-15	0.00e+00
 5.07012e+17	1.00e+00	1.49e-15	0.00e+00
 5.07544e+17	1.00e+00	1.34e-15	0.00e+00
 5.08068e+17	1.00e+00	1.20e-15	0.00e+00
 5.08635e+17	1.00e+00	1.08e-15	0.00e+00
 5.09252e+17	1.00e+00	9.56e-16	0.00e+00
 5.09893e+17	1.00e+00	8.40e-16	0.00e+00
 5.10535e+17	1.00e+00	7.37e-16	0.00e+00
 5.11187e+17	1.00e+00	6.47e-16	0.00e+00
