#depth	N	N+	N+2	N+3	N+4	N+5	N+6	N+7
 1.49634e+10	0.00e+00	0.00e+00	1.40e-28	4.95e-19	3.40e-10	7.75e-01	2.25e-01	3.26e-05
 4.54887e+10	0.00e+00	1.05e-38	1.82e-28	5.91e-19	3.75e-10	7.89e-01	2.11e-01	2.82e-05
 7.72350e+10	0.00e+00	0.00e+00	2.34e-28	7.05e-19	4.13e-10	8.03e-01	1.97e-01	2.44e-05
 1.10251e+11	0.00e+00	2.04e-38	3.02e-28	8.39e-19	4.54e-10	8.16e-01	1.84e-01	2.11e-05
 1.42029e+11	0.00e+00	0.00e+00	3.81e-28	9.85e-19	4.96e-10	8.27e-01	1.73e-01	1.84e-05
 1.71671e+11	0.00e+00	3.66e-38	4.71e-28	1.14e-18	5.36e-10	8.37e-01	1.63e-01	1.62e-05
 2.05058e+11	0.00e+00	0.00e+00	5.92e-28	1.33e-18	5.83e-10	8.47e-01	1.53e-01	1.42e-05
 2.43187e+11	0.00e+00	6.88e-38	7.61e-28	1.58e-18	6.39e-10	8.57e-01	1.43e-01	1.22e-05
 2.81044e+11	0.00e+00	0.00e+00	9.66e-28	1.86e-18	6.98e-10	8.67e-01	1.33e-01	1.05e-05
 3.20415e+11	0.00e+00	1.29e-37	1.23e-27	2.19e-18	7.61e-10	8.76e-01	1.24e-01	9.10e-06
 3.63159e+11	0.00e+00	0.00e+00	1.58e-27	2.60e-18	8.33e-10	8.85e-01	1.15e-01	7.80e-06
 4.07612e+11	0.00e+00	2.49e-37	2.02e-27	3.08e-18	9.11e-10	8.93e-01	1.07e-01	6.68e-06
 4.53843e+11	0.00e+00	0.00e+00	2.59e-27	3.65e-18	9.96e-10	9.01e-01	9.91e-02	5.71e-06
 5.01924e+11	0.00e+00	4.81e-37	3.32e-27	4.32e-18	1.09e-09	9.08e-01	9.18e-02	4.89e-06
 5.51927e+11	0.00e+00	0.00e+00	4.26e-27	5.11e-18	1.19e-09	9.15e-01	8.50e-02	4.17e-06
 6.03931e+11	0.00e+00	9.26e-37	5.46e-27	6.05e-18	1.30e-09	9.21e-01	7.86e-02	3.56e-06
 6.58015e+11	0.00e+00	0.00e+00	7.00e-27	7.15e-18	1.42e-09	9.27e-01	7.27e-02	3.04e-06
 7.14263e+11	0.00e+00	1.78e-36	8.96e-27	8.46e-18	1.54e-09	9.33e-01	6.72e-02	2.59e-06
 7.72760e+11	5.71e-47	2.48e-36	1.15e-26	1.00e-17	1.68e-09	9.38e-01	6.20e-02	2.21e-06
 8.29194e+11	0.00e+00	0.00e+00	1.45e-26	1.17e-17	1.82e-09	9.42e-01	5.76e-02	1.90e-06
 8.81878e+11	0.00e+00	4.42e-36	1.78e-26	1.34e-17	1.96e-09	9.46e-01	5.39e-02	1.66e-06
 9.41074e+11	1.71e-46	5.96e-36	2.23e-26	1.57e-17	2.12e-09	9.50e-01	5.00e-02	1.43e-06
 1.00567e+12	0.00e+00	0.00e+00	2.83e-26	1.84e-17	2.30e-09	9.54e-01	4.63e-02	1.23e-06
 1.06609e+12	0.00e+00	1.08e-35	3.51e-26	2.13e-17	2.48e-09	9.57e-01	4.31e-02	1.06e-06
 1.13191e+12	5.23e-46	1.46e-35	4.40e-26	2.48e-17	2.68e-09	9.60e-01	4.01e-02	9.17e-07
 1.20711e+12	0.00e+00	0.00e+00	5.64e-26	2.93e-17	2.93e-09	9.63e-01	3.69e-02	0.00e+00
 1.28132e+12	0.00e+00	2.78e-35	7.15e-26	3.44e-17	3.17e-09	9.66e-01	3.41e-02	0.00e+00
 1.35849e+12	1.73e-45	3.81e-35	9.06e-26	4.04e-17	3.44e-09	9.69e-01	3.15e-02	0.00e+00
 1.44276e+12	0.00e+00	0.00e+00	1.16e-25	4.78e-17	3.75e-09	9.71e-01	2.90e-02	0.00e+00
 1.53040e+12	0.00e+00	7.41e-35	1.50e-25	5.66e-17	4.09e-09	9.73e-01	2.66e-02	0.00e+00
 1.62154e+12	5.98e-45	1.03e-34	1.92e-25	6.71e-17	4.46e-09	9.76e-01	2.45e-02	0.00e+00
 1.71633e+12	0.00e+00	0.00e+00	2.47e-25	7.95e-17	4.86e-09	9.77e-01	2.25e-02	0.00e+00
 1.81491e+12	0.00e+00	2.01e-34	3.18e-25	9.43e-17	5.30e-09	9.79e-01	2.07e-02	0.00e+00
 1.91743e+12	2.09e-44	2.81e-34	4.10e-25	1.12e-16	5.79e-09	9.81e-01	1.90e-02	0.00e+00
 2.02406e+12	0.00e+00	3.93e-34	5.28e-25	1.33e-16	6.31e-09	9.83e-01	1.74e-02	0.00e+00
 2.12380e+12	4.62e-44	5.31e-34	6.64e-25	1.55e-16	6.83e-09	9.84e-01	1.62e-02	0.00e+00
 2.21221e+12	0.00e+00	6.89e-34	8.07e-25	1.77e-16	7.30e-09	9.85e-01	1.51e-02	0.00e+00
 2.31115e+12	9.09e-44	9.15e-34	1.00e-24	2.05e-16	7.86e-09	9.86e-01	1.41e-02	0.00e+00
 2.42938e+12	0.00e+00	1.27e-33	1.28e-24	2.42e-16	8.56e-09	9.87e-01	1.29e-02	0.00e+00
 2.54843e+12	2.03e-43	1.74e-33	1.63e-24	2.85e-16	9.30e-09	9.88e-01	1.19e-02	0.00e+00
 2.65949e+12	0.00e+00	2.32e-33	2.02e-24	3.30e-16	1.00e-08	9.89e-01	1.11e-02	0.00e+00
 2.78306e+12	4.26e-43	3.16e-33	2.56e-24	3.86e-16	1.09e-08	9.90e-01	1.02e-02	0.00e+00
 2.92431e+12	0.00e+00	4.43e-33	3.31e-24	4.60e-16	1.19e-08	9.91e-01	9.37e-03	0.00e+00
 3.06428e+12	9.71e-43	6.12e-33	4.23e-24	5.43e-16	1.29e-08	9.91e-01	8.62e-03	0.00e+00
 3.20986e+12	0.00e+00	8.49e-33	5.42e-24	6.44e-16	1.41e-08	9.92e-01	7.91e-03	0.00e+00
 3.36818e+12	2.24e-42	1.19e-32	7.03e-24	7.69e-16	1.54e-08	9.93e-01	7.24e-03	0.00e+00
 3.51391e+12	0.00e+00	1.62e-32	8.86e-24	9.00e-16	1.67e-08	9.93e-01	6.69e-03	0.00e+00
 3.63945e+12	4.47e-42	2.09e-32	1.07e-23	1.03e-15	1.79e-08	9.94e-01	6.26e-03	0.00e+00
 3.77866e+12	0.00e+00	2.73e-32	1.32e-23	1.18e-15	1.92e-08	9.94e-01	5.83e-03	0.00e+00
 3.94945e+12	9.38e-42	3.79e-32	1.69e-23	1.40e-15	2.10e-08	9.95e-01	5.35e-03	0.00e+00
 4.12379e+12	0.00e+00	5.21e-32	2.16e-23	1.66e-15	2.28e-08	9.95e-01	4.92e-03	0.00e+00
 4.28218e+12	1.97e-41	6.89e-32	2.67e-23	1.92e-15	2.46e-08	9.95e-01	4.57e-03	0.00e+00
 4.45734e+12	0.00e+00	9.30e-32	3.36e-23	2.24e-15	2.67e-08	9.96e-01	4.22e-03	0.00e+00
 4.66243e+12	4.36e-41	1.30e-31	4.36e-23	2.68e-15	2.92e-08	9.96e-01	3.86e-03	0.00e+00
 4.86423e+12	0.00e+00	1.80e-31	5.57e-23	3.18e-15	3.19e-08	9.96e-01	3.54e-03	0.00e+00
 5.05287e+12	9.28e-41	2.40e-31	6.96e-23	3.71e-15	3.45e-08	9.97e-01	3.27e-03	0.00e+00
 5.26369e+12	0.00e+00	3.28e-31	8.85e-23	4.38e-15	3.76e-08	9.97e-01	3.01e-03	0.00e+00
 5.50416e+12	2.09e-40	4.62e-31	1.15e-22	5.26e-15	4.14e-08	9.97e-01	2.74e-03	0.00e+00
 5.74200e+12	0.00e+00	6.40e-31	1.48e-22	6.26e-15	4.53e-08	9.97e-01	2.51e-03	0.00e+00
 5.98934e+12	4.67e-40	8.86e-31	1.90e-22	7.46e-15	4.96e-08	9.98e-01	2.29e-03	0.00e+00
 6.24899e+12	0.00e+00	1.23e-30	2.46e-22	8.91e-15	5.44e-08	9.98e-01	2.09e-03	0.00e+00
 6.50080e+12	1.02e-39	1.67e-30	3.11e-22	1.05e-14	5.93e-08	9.98e-01	1.92e-03	0.00e+00
 6.77254e+12	0.00e+00	2.30e-30	3.99e-22	1.25e-14	6.50e-08	9.98e-01	1.76e-03	0.00e+00
 7.07337e+12	2.29e-39	3.22e-30	5.19e-22	1.51e-14	7.16e-08	9.98e-01	1.60e-03	0.00e+00
 7.37820e+12	0.00e+00	4.47e-30	6.70e-22	1.80e-14	7.87e-08	9.99e-01	1.46e-03	0.00e+00
 7.69522e+12	5.11e-39	6.20e-30	8.64e-22	2.16e-14	8.66e-08	9.99e-01	1.33e-03	0.00e+00
 7.99170e+12	0.00e+00	8.32e-30	1.09e-21	2.55e-14	9.43e-08	9.99e-01	1.22e-03	0.00e+00
 8.23971e+12	9.75e-39	1.05e-29	1.31e-21	2.91e-14	1.01e-07	9.99e-01	1.14e-03	0.00e+00
 8.50901e+12	0.00e+00	1.35e-29	1.59e-21	3.34e-14	1.09e-07	9.99e-01	1.06e-03	0.00e+00
 8.84940e+12	1.91e-38	1.83e-29	2.02e-21	3.96e-14	1.19e-07	9.99e-01	9.70e-04	0.00e+00
 9.20230e+12	0.00e+00	2.47e-29	2.56e-21	4.69e-14	1.30e-07	9.99e-01	8.88e-04	0.00e+00
 9.49906e+12	3.69e-38	3.14e-29	3.09e-21	5.38e-14	1.40e-07	9.99e-01	8.26e-04	0.00e+00
 9.80276e+12	0.00e+00	3.99e-29	3.74e-21	6.17e-14	1.51e-07	9.99e-01	7.69e-04	0.00e+00
 1.01889e+13	7.05e-38	5.35e-29	4.72e-21	7.30e-14	1.65e-07	9.99e-01	7.05e-04	0.00e+00
 1.05855e+13	0.00e+00	7.15e-29	5.93e-21	8.61e-14	1.80e-07	9.99e-01	6.46e-04	0.00e+00
 1.09269e+13	1.34e-37	9.08e-29	7.17e-21	9.87e-14	1.94e-07	9.99e-01	6.01e-04	0.00e+00
 1.12930e+13	0.00e+00	1.16e-28	8.72e-21	1.14e-13	2.10e-07	9.99e-01	5.58e-04	0.00e+00
 1.17449e+13	2.57e-37	1.56e-28	1.10e-20	1.35e-13	2.29e-07	9.99e-01	5.10e-04	0.00e+00
 1.22098e+13	0.00e+00	2.08e-28	1.38e-20	1.59e-13	2.51e-07	1.00e+00	4.67e-04	0.00e+00
 1.26338e+13	4.95e-37	2.68e-28	1.69e-20	1.84e-13	2.71e-07	1.00e+00	4.33e-04	0.00e+00
 1.31030e+13	0.00e+00	3.51e-28	2.10e-20	2.15e-13	2.95e-07	1.00e+00	3.99e-04	0.00e+00
 1.36505e+13	9.89e-37	4.75e-28	2.66e-20	2.56e-13	3.24e-07	1.00e+00	3.64e-04	0.00e+00
 1.41882e+13	0.00e+00	6.32e-28	3.34e-20	3.01e-13	3.54e-07	1.00e+00	3.34e-04	0.00e+00
 1.46927e+13	1.91e-36	8.17e-28	4.09e-20	3.49e-13	3.83e-07	1.00e+00	3.09e-04	0.00e+00
 1.52557e+13	0.00e+00	1.08e-27	5.09e-20	4.08e-13	4.16e-07	1.00e+00	2.84e-04	0.00e+00
 1.58959e+13	3.84e-36	1.46e-27	6.47e-20	4.85e-13	4.57e-07	1.00e+00	2.59e-04	0.00e+00
 1.65313e+13	0.00e+00	1.94e-27	8.11e-20	5.71e-13	4.99e-07	1.00e+00	2.38e-04	0.00e+00
 1.70938e+13	7.34e-36	2.48e-27	9.85e-20	6.56e-13	5.37e-07	1.00e+00	2.21e-04	0.00e+00
 1.75726e+13	0.00e+00	3.04e-27	1.16e-19	7.36e-13	5.71e-07	1.00e+00	2.08e-04	0.00e+00
 1.80907e+13	1.22e-35	3.76e-27	1.37e-19	8.30e-13	6.09e-07	1.00e+00	1.95e-04	0.00e+00
 1.87643e+13	0.00e+00	4.92e-27	1.69e-19	9.64e-13	6.60e-07	1.00e+00	1.80e-04	0.00e+00
 1.94674e+13	2.34e-35	6.45e-27	2.09e-19	1.12e-12	7.16e-07	1.00e+00	1.66e-04	0.00e+00
 2.00654e+13	0.00e+00	8.05e-27	2.48e-19	1.27e-12	7.65e-07	1.00e+00	1.56e-04	0.00e+00
 2.06994e+13	4.06e-35	1.01e-26	2.97e-19	1.44e-12	8.18e-07	1.00e+00	1.46e-04	0.00e+00
 2.14939e+13	0.00e+00	1.34e-26	3.69e-19	1.68e-12	8.89e-07	1.00e+00	1.34e-04	0.00e+00
 2.23148e+13	7.96e-35	1.76e-26	4.58e-19	1.96e-12	9.64e-07	1.00e+00	1.24e-04	0.00e+00
 2.30478e+13	0.00e+00	2.23e-26	5.52e-19	2.24e-12	1.03e-06	1.00e+00	1.16e-04	0.00e+00
 2.38489e+13	1.45e-34	2.87e-26	6.72e-19	2.58e-12	1.11e-06	1.00e+00	1.08e-04	0.00e+00
 2.47327e+13	2.01e-34	3.76e-26	8.29e-19	2.99e-12	1.20e-06	1.00e+00	9.95e-05	0.00e+00
 2.55473e+13	2.70e-34	4.78e-26	1.00e-18	3.41e-12	1.29e-06	1.00e+00	9.29e-05	0.00e+00
 2.64293e+13	3.67e-34	6.15e-26	1.22e-18	3.91e-12	1.39e-06	1.00e+00	8.64e-05	0.00e+00
 2.74157e+13	5.11e-34	8.05e-26	1.50e-18	4.54e-12	1.50e-06	1.00e+00	7.99e-05	0.00e+00
 2.83423e+13	6.91e-34	1.03e-25	1.82e-18	5.20e-12	1.61e-06	1.00e+00	7.45e-05	0.00e+00
 2.93517e+13	9.52e-34	1.34e-25	2.23e-18	5.99e-12	1.74e-06	1.00e+00	6.92e-05	0.00e+00
 3.04751e+13	1.34e-33	1.77e-25	2.77e-18	6.97e-12	1.89e-06	1.00e+00	6.39e-05	0.00e+00
 3.15251e+13	1.82e-33	2.28e-25	3.37e-18	8.00e-12	2.03e-06	1.00e+00	5.95e-05	0.00e+00
 3.26688e+13	2.53e-33	2.97e-25	4.14e-18	9.24e-12	2.19e-06	1.00e+00	5.52e-05	0.00e+00
 3.39473e+13	3.59e-33	3.95e-25	5.17e-18	1.08e-11	2.37e-06	1.00e+00	5.08e-05	0.00e+00
 3.51544e+13	4.95e-33	5.13e-25	6.33e-18	1.24e-11	2.55e-06	1.00e+00	4.73e-05	0.00e+00
 3.64590e+13	6.92e-33	6.74e-25	7.82e-18	1.44e-11	2.76e-06	1.00e+00	4.38e-05	0.00e+00
 3.79143e+13	9.90e-33	9.03e-25	9.81e-18	1.69e-11	3.00e-06	1.00e+00	4.03e-05	0.00e+00
 3.93156e+13	1.39e-32	1.19e-24	1.21e-17	1.95e-11	3.23e-06	1.00e+00	3.74e-05	0.00e+00
 4.08061e+13	1.96e-32	1.57e-24	1.50e-17	2.27e-11	3.50e-06	1.00e+00	3.46e-05	0.00e+00
 4.24683e+13	2.83e-32	2.12e-24	1.90e-17	2.66e-11	3.80e-06	1.00e+00	3.18e-05	0.00e+00
 4.41338e+13	4.05e-32	2.84e-24	2.37e-17	3.11e-11	4.12e-06	1.00e+00	2.94e-05	0.00e+00
 4.58660e+13	5.81e-32	3.80e-24	2.97e-17	3.63e-11	4.47e-06	1.00e+00	2.71e-05	0.00e+00
 4.77306e+13	8.42e-32	5.14e-24	3.74e-17	4.26e-11	4.86e-06	1.00e+00	2.49e-05	0.00e+00
 4.95472e+13	1.20e-31	6.83e-24	4.66e-17	4.94e-11	5.25e-06	1.00e+00	2.31e-05	0.00e+00
 5.12237e+13	1.64e-31	8.80e-24	5.66e-17	5.65e-11	5.62e-06	1.00e+00	2.16e-05	0.00e+00
 5.27410e+13	2.15e-31	1.10e-23	6.71e-17	6.35e-11	5.98e-06	1.00e+00	2.03e-05	0.00e+00
 5.43668e+13	2.87e-31	1.39e-23	8.01e-17	7.17e-11	6.36e-06	1.00e+00	1.91e-05	0.00e+00
 5.62030e+13	3.92e-31	1.79e-23	9.73e-17	8.19e-11	6.82e-06	1.00e+00	1.78e-05	0.00e+00
 5.79610e+13	5.26e-31	2.27e-23	1.17e-16	9.27e-11	7.26e-06	1.00e+00	1.67e-05	0.00e+00
 5.98945e+13	7.20e-31	2.92e-23	1.41e-16	1.06e-10	7.77e-06	1.00e+00	1.56e-05	0.00e+00
 6.20487e+13	1.01e-30	3.83e-23	1.74e-16	1.22e-10	8.35e-06	1.00e+00	1.45e-05	0.00e+00
 6.40531e+13	1.37e-30	4.89e-23	2.10e-16	1.38e-10	8.91e-06	1.00e+00	1.36e-05	0.00e+00
 6.62218e+13	1.88e-30	6.33e-23	2.55e-16	1.58e-10	9.54e-06	1.00e+00	1.27e-05	0.00e+00
 6.86351e+13	2.65e-30	8.35e-23	3.15e-16	1.82e-10	1.03e-05	1.00e+00	1.18e-05	0.00e+00
 7.08834e+13	3.62e-30	1.07e-22	3.81e-16	2.07e-10	1.10e-05	1.00e+00	1.11e-05	0.00e+00
 7.33231e+13	5.02e-30	1.40e-22	4.65e-16	2.37e-10	1.17e-05	1.00e+00	1.04e-05	0.00e+00
 7.60442e+13	7.14e-30	1.85e-22	5.76e-16	2.74e-10	1.26e-05	1.00e+00	9.62e-06	0.00e+00
 7.85930e+13	9.84e-30	2.40e-22	7.00e-16	3.13e-10	1.35e-05	1.00e+00	9.00e-06	0.00e+00
 8.13684e+13	1.38e-29	3.15e-22	8.60e-16	3.59e-10	1.45e-05	1.00e+00	8.40e-06	0.00e+00
 8.44661e+13	1.99e-29	4.22e-22	1.07e-15	4.16e-10	1.56e-05	1.00e+00	7.79e-06	0.00e+00
 8.73743e+13	2.77e-29	5.50e-22	1.31e-15	4.76e-10	1.67e-05	1.00e+00	7.28e-06	0.00e+00
 9.05435e+13	3.93e-29	7.28e-22	1.62e-15	5.49e-10	1.80e-05	1.00e+00	6.78e-06	0.00e+00
 9.40883e+13	5.71e-29	9.84e-22	2.03e-15	6.40e-10	1.94e-05	1.00e+00	6.27e-06	0.00e+00
 9.74405e+13	8.06e-29	1.30e-21	2.50e-15	7.35e-10	2.08e-05	1.00e+00	5.85e-06	0.00e+00
 1.01034e+14	1.15e-28	1.73e-21	3.10e-15	8.49e-10	2.24e-05	1.00e+00	5.44e-06	0.00e+00
 1.05105e+14	1.70e-28	2.36e-21	3.92e-15	9.94e-10	2.42e-05	1.00e+00	5.03e-06	0.00e+00
 1.09105e+14	2.45e-28	3.17e-21	4.90e-15	1.15e-09	2.61e-05	1.00e+00	4.66e-06	0.00e+00
 1.13265e+14	3.55e-28	4.25e-21	6.12e-15	1.34e-09	2.81e-05	1.00e+00	4.33e-06	0.00e+00
 1.17826e+14	5.23e-28	5.81e-21	7.74e-15	1.57e-09	3.04e-05	1.00e+00	4.00e-06	0.00e+00
 1.22452e+14	7.65e-28	7.87e-21	9.73e-15	1.83e-09	3.29e-05	1.00e+00	3.70e-06	0.00e+00
 1.27263e+14	1.12e-27	1.07e-20	1.22e-14	2.13e-09	3.55e-05	1.00e+00	3.43e-06	0.00e+00
 1.32064e+14	1.61e-27	1.43e-20	1.52e-14	2.47e-09	3.82e-05	1.00e+00	3.18e-06	0.00e+00
 1.36490e+14	2.23e-27	1.86e-20	1.85e-14	2.81e-09	4.08e-05	1.00e+00	2.98e-06	0.00e+00
 1.40503e+14	2.96e-27	2.33e-20	2.20e-14	3.16e-09	4.33e-05	1.00e+00	2.81e-06	0.00e+00
 1.44823e+14	3.99e-27	2.96e-20	2.64e-14	3.56e-09	4.60e-05	1.00e+00	2.64e-06	0.00e+00
 1.50225e+14	5.71e-27	3.95e-20	3.28e-14	4.13e-09	4.96e-05	1.00e+00	2.45e-06	0.00e+00
 1.55624e+14	8.07e-27	5.21e-20	4.05e-14	4.75e-09	5.32e-05	1.00e+00	2.29e-06	0.00e+00
 1.60206e+14	1.07e-26	6.55e-20	4.81e-14	5.34e-09	5.64e-05	1.00e+00	2.16e-06	0.00e+00
 1.65133e+14	1.44e-26	8.31e-20	5.76e-14	6.02e-09	6.00e-05	1.00e+00	2.03e-06	0.00e+00
 1.71291e+14	2.06e-26	1.11e-19	7.15e-14	6.98e-09	6.46e-05	1.00e+00	1.88e-06	0.00e+00
 1.77692e+14	2.94e-26	1.48e-19	8.90e-14	8.08e-09	6.96e-05	1.00e+00	1.75e-06	0.00e+00
 1.83505e+14	4.03e-26	1.90e-19	1.08e-13	9.19e-09	7.43e-05	1.00e+00	1.64e-06	0.00e+00
 1.89914e+14	5.62e-26	2.49e-19	1.32e-13	1.05e-08	7.98e-05	1.00e+00	1.53e-06	0.00e+00
 1.96928e+14	8.00e-26	3.30e-19	1.64e-13	1.22e-08	8.59e-05	1.00e+00	1.42e-06	0.00e+00
 2.03314e+14	1.09e-25	4.24e-19	1.98e-13	1.39e-08	9.17e-05	1.00e+00	1.33e-06	0.00e+00
 2.10198e+14	1.51e-25	5.50e-19	2.41e-13	1.58e-08	9.82e-05	1.00e+00	1.24e-06	0.00e+00
 2.17918e+14	2.13e-25	7.28e-19	2.99e-13	1.83e-08	1.06e-04	1.00e+00	1.15e-06	0.00e+00
 2.25199e+14	2.93e-25	9.40e-19	3.63e-13	2.09e-08	1.13e-04	1.00e+00	1.08e-06	0.00e+00
 2.33141e+14	4.09e-25	1.23e-18	4.46e-13	2.40e-08	1.22e-04	1.00e+00	1.00e-06	0.00e+00
 2.41942e+14	5.84e-25	1.64e-18	5.56e-13	2.79e-08	1.31e-04	1.00e+00	9.28e-07	0.00e+00
 2.50115e+14	8.05e-25	2.13e-18	6.77e-13	3.19e-08	1.40e-04	1.00e+00	0.00e+00	0.00e+00
 2.58997e+14	1.12e-24	2.79e-18	8.32e-13	3.67e-08	1.51e-04	1.00e+00	0.00e+00	0.00e+00
 2.68920e+14	1.61e-24	3.73e-18	1.04e-12	4.27e-08	1.63e-04	1.00e+00	0.00e+00	0.00e+00
 2.78259e+14	2.24e-24	4.87e-18	1.27e-12	4.90e-08	1.75e-04	1.00e+00	0.00e+00	0.00e+00
 2.88363e+14	3.15e-24	6.42e-18	1.57e-12	5.66e-08	1.89e-04	1.00e+00	0.00e+00	0.00e+00
 2.99626e+14	4.55e-24	8.63e-18	1.97e-12	6.60e-08	2.04e-04	1.00e+00	0.00e+00	0.00e+00
 3.10377e+14	6.39e-24	1.14e-17	2.43e-12	7.60e-08	2.20e-04	1.00e+00	0.00e+00	0.00e+00
 3.21859e+14	9.04e-24	1.50e-17	3.01e-12	8.80e-08	2.37e-04	1.00e+00	0.00e+00	0.00e+00
 3.34763e+14	1.32e-23	2.04e-17	3.80e-12	1.03e-07	2.57e-04	1.00e+00	0.00e+00	0.00e+00
 3.47552e+14	1.89e-23	2.73e-17	4.74e-12	1.20e-07	2.78e-04	1.00e+00	0.00e+00	0.00e+00
 3.59318e+14	2.60e-23	3.53e-17	5.78e-12	1.37e-07	2.97e-04	1.00e+00	0.00e+00	0.00e+00
 3.72095e+14	3.64e-23	4.63e-17	7.10e-12	1.58e-07	3.19e-04	1.00e+00	0.00e+00	0.00e+00
 3.86506e+14	5.23e-23	6.21e-17	8.89e-12	1.84e-07	3.46e-04	1.00e+00	0.00e+00	0.00e+00
 3.99923e+14	7.28e-23	8.10e-17	1.09e-11	2.11e-07	3.71e-04	1.00e+00	0.00e+00	0.00e+00
 4.11232e+14	9.51e-23	1.01e-16	1.28e-11	2.36e-07	3.93e-04	1.00e+00	0.00e+00	0.00e+00
 4.22919e+14	1.25e-22	1.25e-16	1.52e-11	2.64e-07	4.16e-04	1.00e+00	0.00e+00	0.00e+00
 4.38111e+14	1.75e-22	1.64e-16	1.87e-11	3.04e-07	4.47e-04	1.00e+00	0.00e+00	0.00e+00
 4.53759e+14	2.45e-22	2.16e-16	2.30e-11	3.50e-07	4.81e-04	1.00e+00	0.00e+00	0.00e+00
 4.66782e+14	3.23e-22	2.70e-16	2.72e-11	3.92e-07	5.09e-04	9.99e-01	0.00e+00	0.00e+00
 4.80496e+14	4.27e-22	3.38e-16	3.23e-11	4.40e-07	5.41e-04	9.99e-01	0.00e+00	0.00e+00
 4.98027e+14	6.03e-22	4.47e-16	3.99e-11	5.08e-07	5.82e-04	9.99e-01	0.00e+00	0.00e+00
 5.16375e+14	8.56e-22	5.92e-16	4.95e-11	5.88e-07	6.27e-04	9.99e-01	0.00e+00	0.00e+00
 5.32475e+14	1.15e-21	7.54e-16	5.94e-11	6.64e-07	6.67e-04	9.99e-01	0.00e+00	0.00e+00
 5.49800e+14	1.57e-21	9.66e-16	7.18e-11	7.55e-07	7.13e-04	9.99e-01	0.00e+00	0.00e+00
 5.70799e+14	2.26e-21	1.29e-15	8.96e-11	8.78e-07	7.70e-04	9.99e-01	0.00e+00	0.00e+00
 5.91657e+14	3.19e-21	1.71e-15	1.11e-10	1.01e-06	8.28e-04	9.99e-01	0.00e+00	0.00e+00
 6.10082e+14	4.30e-21	2.18e-15	1.33e-10	1.15e-06	8.82e-04	9.99e-01	0.00e+00	0.00e+00
 6.30260e+14	5.87e-21	2.80e-15	1.61e-10	1.31e-06	9.43e-04	9.99e-01	0.00e+00	0.00e+00
 6.54513e+14	8.45e-21	3.76e-15	2.02e-10	1.52e-06	1.02e-03	9.99e-01	0.00e+00	0.00e+00
 6.78677e+14	1.20e-20	4.98e-15	2.50e-10	1.76e-06	1.10e-03	9.99e-01	0.00e+00	0.00e+00
 7.00510e+14	1.63e-20	6.38e-15	3.01e-10	1.99e-06	1.17e-03	9.99e-01	0.00e+00	0.00e+00
 7.24702e+14	2.25e-20	8.29e-15	3.68e-10	2.29e-06	1.26e-03	9.99e-01	0.00e+00	0.00e+00
 7.53158e+14	3.25e-20	1.12e-14	4.62e-10	2.67e-06	1.36e-03	9.99e-01	0.00e+00	0.00e+00
 7.81248e+14	4.61e-20	1.48e-14	5.74e-10	3.09e-06	1.47e-03	9.99e-01	0.00e+00	0.00e+00
 8.07417e+14	6.32e-20	1.91e-14	6.97e-10	3.53e-06	1.57e-03	9.98e-01	0.00e+00	0.00e+00
 8.36698e+14	8.84e-20	2.51e-14	8.60e-10	4.07e-06	1.69e-03	9.98e-01	0.00e+00	0.00e+00
 8.70196e+14	1.28e-19	3.39e-14	1.08e-09	4.77e-06	1.84e-03	9.98e-01	0.00e+00	0.00e+00
 9.03388e+14	1.82e-19	4.51e-14	1.35e-09	5.54e-06	1.99e-03	9.98e-01	0.00e+00	0.00e+00
 9.35541e+14	2.52e-19	5.89e-14	1.66e-09	6.38e-06	2.14e-03	9.98e-01	0.00e+00	0.00e+00
 9.63710e+14	3.32e-19	7.37e-14	1.97e-09	7.19e-06	2.28e-03	9.98e-01	0.00e+00	0.00e+00
 9.86995e+14	4.15e-19	8.84e-14	2.27e-09	7.91e-06	2.40e-03	9.98e-01	0.00e+00	0.00e+00
 1.01265e+15	5.23e-19	1.07e-13	2.64e-09	8.78e-06	2.53e-03	9.97e-01	0.00e+00	0.00e+00
 1.04600e+15	7.04e-19	1.36e-13	3.19e-09	1.00e-05	2.72e-03	9.97e-01	0.00e+00	0.00e+00
 1.08122e+15	9.51e-19	1.75e-13	3.87e-09	1.14e-05	2.92e-03	9.97e-01	0.00e+00	0.00e+00
 1.11171e+15	1.22e-18	2.15e-13	4.55e-09	1.28e-05	3.10e-03	9.97e-01	0.00e+00	0.00e+00
 1.14415e+15	1.58e-18	2.65e-13	5.38e-09	1.44e-05	3.30e-03	9.97e-01	0.00e+00	0.00e+00
 1.18576e+15	2.17e-18	3.45e-13	6.62e-09	1.66e-05	3.57e-03	9.96e-01	0.00e+00	0.00e+00
 1.22855e+15	2.98e-18	4.48e-13	8.14e-09	1.92e-05	3.85e-03	9.96e-01	0.00e+00	0.00e+00
 1.26497e+15	3.85e-18	5.55e-13	9.65e-09	2.16e-05	4.11e-03	9.96e-01	0.00e+00	0.00e+00
 1.30380e+15	4.99e-18	6.89e-13	1.15e-08	2.44e-05	4.40e-03	9.96e-01	0.00e+00	0.00e+00
 1.35228e+15	6.87e-18	8.99e-13	1.42e-08	2.83e-05	4.77e-03	9.95e-01	0.00e+00	0.00e+00
 1.40234e+15	9.40e-18	1.17e-12	1.75e-08	3.28e-05	5.17e-03	9.95e-01	0.00e+00	0.00e+00
 1.44690e+15	1.23e-17	1.46e-12	2.10e-08	3.72e-05	5.55e-03	9.94e-01	0.00e+00	0.00e+00
 1.49525e+15	1.62e-17	1.85e-12	2.54e-08	4.25e-05	5.97e-03	9.94e-01	0.00e+00	0.00e+00
 1.55305e+15	2.24e-17	2.42e-12	3.16e-08	4.95e-05	6.51e-03	9.93e-01	0.00e+00	0.00e+00
 1.61005e+15	3.03e-17	3.13e-12	3.90e-08	5.73e-05	7.06e-03	9.93e-01	0.00e+00	0.00e+00
 1.66124e+15	3.94e-17	3.91e-12	4.67e-08	6.50e-05	7.58e-03	9.92e-01	0.00e+00	0.00e+00
 1.71795e+15	5.22e-17	4.96e-12	5.67e-08	7.44e-05	8.18e-03	9.92e-01	0.00e+00	0.00e+00
 1.78501e+15	7.18e-17	6.50e-12	7.08e-08	8.69e-05	8.93e-03	9.91e-01	0.00e+00	0.00e+00
 1.85137e+15	9.73e-17	8.41e-12	8.75e-08	1.01e-04	9.71e-03	9.90e-01	0.00e+00	0.00e+00
 1.91266e+15	1.27e-16	1.06e-11	1.06e-07	1.15e-04	1.05e-02	9.89e-01	0.00e+00	0.00e+00
 1.98147e+15	2.02e-16	1.36e-11	1.30e-07	1.32e-04	1.13e-02	9.89e-01	0.00e+00	0.00e+00
 2.06076e+15	2.81e-16	1.79e-11	1.63e-07	1.55e-04	1.24e-02	9.87e-01	0.00e+00	0.00e+00
 2.13836e+15	3.83e-16	2.33e-11	2.03e-07	1.80e-04	1.35e-02	9.86e-01	0.00e+00	0.00e+00
 2.20108e+15	4.87e-16	2.85e-11	2.40e-07	2.02e-04	1.44e-02	9.85e-01	0.00e+00	0.00e+00
 2.25002e+15	5.85e-16	3.33e-11	2.73e-07	2.21e-04	1.52e-02	9.85e-01	0.00e+00	0.00e+00
 2.30385e+15	7.14e-16	3.95e-11	3.14e-07	2.43e-04	1.60e-02	9.84e-01	0.00e+00	0.00e+00
 2.37381e+15	9.17e-16	4.88e-11	3.74e-07	2.74e-04	1.71e-02	9.83e-01	0.00e+00	0.00e+00
 2.44922e+15	1.19e-15	6.10e-11	4.50e-07	3.11e-04	1.84e-02	9.81e-01	0.00e+00	0.00e+00
 2.51652e+15	1.49e-15	7.39e-11	5.28e-07	3.47e-04	1.96e-02	9.80e-01	0.00e+00	0.00e+00
 2.58881e+15	1.89e-15	9.06e-11	6.25e-07	3.89e-04	2.09e-02	9.79e-01	0.00e+00	0.00e+00
 2.68228e+15	2.56e-15	1.17e-10	7.72e-07	4.49e-04	2.27e-02	9.77e-01	0.00e+00	0.00e+00
 2.77684e+15	3.43e-15	1.50e-10	9.49e-07	5.16e-04	2.45e-02	9.75e-01	0.00e+00	0.00e+00
 2.85406e+15	4.31e-15	1.83e-10	1.12e-06	5.75e-04	2.61e-02	9.73e-01	0.00e+00	0.00e+00
 2.93517e+15	5.47e-15	2.24e-10	1.32e-06	6.44e-04	2.78e-02	9.72e-01	0.00e+00	0.00e+00
 3.04062e+15	7.40e-15	2.90e-10	1.63e-06	7.43e-04	3.01e-02	9.69e-01	0.00e+00	0.00e+00
 3.15251e+15	1.01e-14	3.78e-10	2.03e-06	8.59e-04	3.27e-02	9.66e-01	0.00e+00	0.00e+00
 3.25100e+15	1.30e-14	4.72e-10	2.44e-06	9.72e-04	3.50e-02	9.64e-01	0.00e+00	0.00e+00
 3.35731e+15	1.72e-14	5.98e-10	2.96e-06	1.11e-03	3.76e-02	9.61e-01	0.00e+00	0.00e+00
 3.48575e+15	2.38e-14	7.91e-10	3.72e-06	1.29e-03	4.10e-02	9.58e-01	0.00e+00	0.00e+00
 3.61420e+15	3.25e-14	1.03e-09	4.63e-06	1.49e-03	4.44e-02	9.54e-01	0.00e+00	0.00e+00
 3.73013e+15	4.26e-14	1.30e-09	5.61e-06	1.69e-03	4.76e-02	9.51e-01	0.00e+00	0.00e+00
 3.85860e+15	5.72e-14	1.68e-09	6.89e-06	1.94e-03	5.13e-02	9.47e-01	0.00e+00	0.00e+00
 4.00986e+15	8.01e-14	2.24e-09	8.72e-06	2.26e-03	5.59e-02	9.42e-01	0.00e+00	0.00e+00
 4.15845e+15	1.10e-13	2.94e-09	1.09e-05	2.62e-03	6.06e-02	9.37e-01	0.00e+00	0.00e+00
 4.29573e+15	1.46e-13	3.75e-09	1.33e-05	2.99e-03	6.50e-02	9.32e-01	0.00e+00	0.00e+00
 4.45034e+15	1.99e-13	4.89e-09	1.65e-05	3.44e-03	7.03e-02	9.26e-01	0.00e+00	0.00e+00
 4.59995e+15	2.66e-13	6.27e-09	2.02e-05	3.94e-03	7.55e-02	9.21e-01	0.00e+00	0.00e+00
 4.70989e+15	3.26e-13	7.48e-09	2.33e-05	4.33e-03	7.95e-02	9.16e-01	0.00e+00	0.00e+00
 4.81939e+15	4.00e-13	8.90e-09	2.68e-05	4.75e-03	8.35e-02	9.12e-01	0.00e+00	0.00e+00
 4.96174e+15	5.17e-13	1.11e-08	3.20e-05	5.33e-03	8.89e-02	9.06e-01	0.00e+00	0.00e+00
 5.11666e+15	6.77e-13	1.40e-08	3.87e-05	6.03e-03	9.49e-02	8.99e-01	0.00e+00	0.00e+00
 5.25627e+15	8.58e-13	1.71e-08	4.56e-05	6.72e-03	1.00e-01	8.93e-01	0.00e+00	0.00e+00
 5.40614e+15	1.11e-12	2.12e-08	5.42e-05	7.53e-03	1.07e-01	8.86e-01	0.00e+00	0.00e+00
 5.60068e+15	1.53e-12	2.79e-08	6.75e-05	8.69e-03	1.15e-01	8.76e-01	0.00e+00	0.00e+00
 5.79659e+15	2.07e-12	3.63e-08	8.33e-05	9.97e-03	1.23e-01	8.66e-01	0.00e+00	0.00e+00
 5.95387e+15	2.63e-12	4.44e-08	9.81e-05	1.11e-02	1.31e-01	8.58e-01	0.00e+00	0.00e+00
 6.11761e+15	3.37e-12	5.48e-08	1.16e-04	1.24e-02	1.38e-01	8.50e-01	0.00e+00	0.00e+00
 6.33047e+15	4.61e-12	7.14e-08	1.43e-04	1.42e-02	1.48e-01	8.38e-01	0.00e+00	0.00e+00
 6.55650e+15	6.34e-12	9.36e-08	1.77e-04	1.63e-02	1.59e-01	8.25e-01	0.00e+00	0.00e+00
 6.75302e+15	8.25e-12	1.17e-07	2.12e-04	1.83e-02	1.68e-01	8.13e-01	0.00e+00	0.00e+00
 6.96186e+15	1.09e-11	1.48e-07	2.56e-04	2.07e-02	1.79e-01	8.00e-01	0.00e+00	0.00e+00
 7.22151e+15	1.53e-11	1.97e-07	3.21e-04	2.39e-02	1.92e-01	7.84e-01	0.00e+00	0.00e+00
 7.47937e+15	2.09e-11	2.57e-07	3.97e-04	2.74e-02	2.05e-01	7.67e-01	0.00e+00	0.00e+00
 7.70181e+15	2.73e-11	3.23e-07	4.75e-04	3.07e-02	2.17e-01	7.52e-01	0.00e+00	0.00e+00
 7.94608e+15	3.65e-11	4.12e-07	5.76e-04	3.48e-02	2.29e-01	7.35e-01	0.00e+00	0.00e+00
 8.21977e+15	4.96e-11	5.33e-07	7.07e-04	3.96e-02	2.44e-01	7.16e-01	0.00e+00	0.00e+00
 8.47466e+15	6.52e-11	6.72e-07	8.51e-04	4.45e-02	2.57e-01	6.98e-01	0.00e+00	0.00e+00
 8.69056e+15	8.16e-11	8.12e-07	9.90e-04	4.90e-02	2.68e-01	6.82e-01	0.00e+00	0.00e+00
 8.91284e+15	1.03e-10	9.90e-07	1.16e-03	5.41e-02	2.80e-01	6.65e-01	0.00e+00	0.00e+00
 9.15698e+15	1.32e-10	1.21e-06	1.36e-03	5.99e-02	2.92e-01	6.47e-01	0.00e+00	0.00e+00
 9.38656e+15	1.64e-10	1.46e-06	1.58e-03	6.57e-02	3.04e-01	6.29e-01	0.00e+00	0.00e+00
 9.64205e+15	2.11e-10	1.81e-06	1.87e-03	7.28e-02	3.17e-01	6.09e-01	0.00e+00	0.00e+00
 9.91636e+15	2.72e-10	2.23e-06	2.21e-03	8.09e-02	3.30e-01	5.87e-01	0.00e+00	0.00e+00
 1.01665e+16	3.40e-10	2.69e-06	2.57e-03	8.86e-02	3.42e-01	5.67e-01	0.00e+00	0.00e+00
 1.04431e+16	4.38e-10	3.33e-06	3.03e-03	9.80e-02	3.54e-01	5.45e-01	0.00e+00	0.00e+00
 1.07432e+16	5.63e-10	4.11e-06	3.59e-03	1.09e-01	3.67e-01	5.21e-01	0.00e+00	0.00e+00
 1.10235e+16	7.11e-10	5.01e-06	4.20e-03	1.19e-01	3.79e-01	4.98e-01	0.00e+00	0.00e+00
 1.13373e+16	9.28e-10	6.24e-06	5.00e-03	1.32e-01	3.90e-01	4.73e-01	0.00e+00	0.00e+00
 1.16682e+16	1.20e-09	7.76e-06	5.95e-03	1.46e-01	4.02e-01	4.46e-01	0.00e+00	0.00e+00
 1.19513e+16	1.49e-09	9.29e-06	6.88e-03	1.59e-01	4.11e-01	4.24e-01	0.00e+00	0.00e+00
 1.22491e+16	1.89e-09	1.13e-05	8.02e-03	1.73e-01	4.19e-01	4.00e-01	0.00e+00	0.00e+00
 1.25788e+16	2.42e-09	1.39e-05	9.46e-03	1.90e-01	4.27e-01	3.74e-01	0.00e+00	0.00e+00
 1.28816e+16	3.01e-09	1.67e-05	1.09e-02	2.06e-01	4.32e-01	3.51e-01	0.00e+00	0.00e+00
 1.31627e+16	3.69e-09	1.97e-05	1.25e-02	2.21e-01	4.36e-01	3.30e-01	0.00e+00	0.00e+00
 1.34840e+16	4.73e-09	2.42e-05	1.47e-02	2.40e-01	4.40e-01	3.05e-01	0.00e+00	0.00e+00
 1.38102e+16	5.90e-09	2.91e-05	1.70e-02	2.60e-01	4.41e-01	2.82e-01	0.00e+00	0.00e+00
 1.40752e+16	7.09e-09	3.39e-05	1.92e-02	2.76e-01	4.41e-01	2.63e-01	0.00e+00	0.00e+00
 1.43520e+16	8.74e-09	4.01e-05	2.19e-02	2.94e-01	4.40e-01	2.44e-01	0.00e+00	0.00e+00
 1.46556e+16	1.09e-08	4.80e-05	2.52e-02	3.14e-01	4.37e-01	2.23e-01	0.00e+00	0.00e+00
 1.49256e+16	1.32e-08	5.61e-05	2.84e-02	3.33e-01	4.33e-01	2.06e-01	0.00e+00	0.00e+00
 1.51658e+16	1.56e-08	6.43e-05	3.17e-02	3.49e-01	4.28e-01	1.91e-01	0.00e+00	0.00e+00
 1.54360e+16	1.93e-08	7.64e-05	3.61e-02	3.69e-01	4.21e-01	1.74e-01	0.00e+00	0.00e+00
 1.57218e+16	2.35e-08	8.97e-05	4.10e-02	3.89e-01	4.12e-01	1.57e-01	0.00e+00	0.00e+00
 1.59702e+16	2.83e-08	1.04e-04	4.59e-02	4.07e-01	4.03e-01	1.43e-01	0.00e+00	0.00e+00
 1.61967e+16	3.39e-08	1.20e-04	5.11e-02	4.24e-01	3.94e-01	1.31e-01	0.00e+00	0.00e+00
 1.64179e+16	4.00e-08	1.37e-04	5.66e-02	4.40e-01	3.84e-01	1.19e-01	0.00e+00	0.00e+00
 1.66710e+16	4.99e-08	1.63e-04	6.41e-02	4.59e-01	3.70e-01	1.06e-01	0.00e+00	0.00e+00
 1.69308e+16	6.14e-08	1.92e-04	7.24e-02	4.78e-01	3.56e-01	9.38e-02	0.00e+00	0.00e+00
 1.71426e+16	7.21e-08	2.19e-04	8.00e-02	4.93e-01	3.42e-01	8.44e-02	0.00e+00	0.00e+00
 1.73320e+16	8.63e-08	2.51e-04	8.80e-02	5.07e-01	3.29e-01	7.57e-02	0.00e+00	0.00e+00
 1.75491e+16	1.06e-07	2.95e-04	9.84e-02	5.22e-01	3.13e-01	6.63e-02	0.00e+00	0.00e+00
 1.77730e+16	1.29e-07	3.44e-04	1.10e-01	5.37e-01	2.95e-01	5.77e-02	0.00e+00	0.00e+00
 1.79556e+16	1.53e-07	3.93e-04	1.21e-01	5.48e-01	2.80e-01	5.08e-02	0.00e+00	0.00e+00
 1.81122e+16	1.76e-07	4.38e-04	1.31e-01	5.57e-01	2.66e-01	4.54e-02	0.00e+00	0.00e+00
 1.82851e+16	2.12e-07	5.04e-04	1.43e-01	5.67e-01	2.50e-01	3.93e-02	0.00e+00	0.00e+00
 1.84670e+16	2.45e-07	5.67e-04	1.57e-01	5.76e-01	2.32e-01	3.38e-02	0.00e+00	0.00e+00
 1.86215e+16	3.03e-07	6.62e-04	1.72e-01	5.83e-01	2.16e-01	2.89e-02	0.00e+00	0.00e+00
 1.87434e+16	3.47e-07	7.33e-04	1.83e-01	5.87e-01	2.03e-01	2.55e-02	0.00e+00	0.00e+00
 1.88623e+16	3.88e-07	8.01e-04	1.95e-01	5.91e-01	1.90e-01	2.23e-02	0.00e+00	0.00e+00
 1.90168e+16	4.86e-07	9.44e-04	2.14e-01	5.95e-01	1.72e-01	1.83e-02	0.00e+00	0.00e+00
 1.91615e+16	5.80e-07	1.08e-03	2.31e-01	5.97e-01	1.56e-01	1.50e-02	0.00e+00	0.00e+00
 1.92495e+16	6.50e-07	1.17e-03	2.43e-01	5.97e-01	1.46e-01	1.32e-02	0.00e+00	0.00e+00
 1.93065e+16	7.03e-07	1.24e-03	2.50e-01	5.97e-01	1.39e-01	1.20e-02	0.00e+00	0.00e+00
 1.93672e+16	7.50e-07	1.30e-03	2.59e-01	5.97e-01	1.32e-01	1.09e-02	0.00e+00	0.00e+00
 1.94461e+16	8.35e-07	1.41e-03	2.70e-01	5.97e-01	1.22e-01	9.42e-03	0.00e+00	0.00e+00
 1.95300e+16	9.40e-07	1.54e-03	2.83e-01	5.95e-01	1.12e-01	8.02e-03	0.00e+00	0.00e+00
 1.96002e+16	1.08e-06	1.69e-03	2.95e-01	5.93e-01	1.04e-01	6.87e-03	0.00e+00	0.00e+00
 1.96542e+16	1.14e-06	1.76e-03	3.03e-01	5.92e-01	9.78e-02	6.16e-03	0.00e+00	0.00e+00
 1.97074e+16	1.27e-06	1.90e-03	3.12e-01	5.89e-01	9.13e-02	5.38e-03	0.00e+00	0.00e+00
 1.97664e+16	1.38e-06	2.02e-03	3.22e-01	5.87e-01	8.46e-02	4.67e-03	0.00e+00	0.00e+00
 1.98330e+16	1.55e-06	2.20e-03	3.34e-01	5.83e-01	7.69e-02	3.90e-03	0.00e+00	0.00e+00
 1.99022e+16	1.72e-06	2.37e-03	3.45e-01	5.80e-01	6.95e-02	3.23e-03	0.00e+00	0.00e+00
 1.99622e+16	1.86e-06	2.50e-03	3.55e-01	5.76e-01	6.34e-02	2.73e-03	0.00e+00	0.00e+00
 2.00278e+16	2.13e-06	2.75e-03	3.68e-01	5.71e-01	5.64e-02	2.19e-03	0.00e+00	0.00e+00
 2.00936e+16	2.36e-06	2.96e-03	3.79e-01	5.66e-01	5.03e-02	1.77e-03	0.00e+00	0.00e+00
 2.01503e+16	2.59e-06	3.16e-03	3.89e-01	5.61e-01	4.53e-02	1.45e-03	0.00e+00	0.00e+00
 2.02144e+16	2.89e-06	3.42e-03	4.00e-01	5.56e-01	3.98e-02	1.14e-03	0.00e+00	0.00e+00
 2.02858e+16	3.26e-06	3.71e-03	4.12e-01	5.49e-01	3.44e-02	8.70e-04	0.00e+00	0.00e+00
 2.03534e+16	3.64e-06	4.02e-03	4.24e-01	5.42e-01	2.98e-02	6.64e-04	0.00e+00	0.00e+00
 2.04281e+16	4.13e-06	4.39e-03	4.36e-01	5.34e-01	2.51e-02	4.83e-04	0.00e+00	0.00e+00
 2.05108e+16	4.72e-06	4.82e-03	4.50e-01	5.24e-01	2.08e-02	3.40e-04	0.00e+00	0.00e+00
 2.05904e+16	5.36e-06	5.26e-03	4.62e-01	5.15e-01	1.73e-02	2.39e-04	0.00e+00	0.00e+00
 2.06803e+16	6.18e-06	5.81e-03	4.76e-01	5.04e-01	1.39e-02	1.59e-04	0.00e+00	0.00e+00
 2.07972e+16	7.40e-06	6.57e-03	4.93e-01	4.90e-01	1.05e-02	9.30e-05	0.00e+00	0.00e+00
 2.09230e+16	8.93e-06	7.47e-03	5.10e-01	4.75e-01	7.76e-03	5.29e-05	0.00e+00	0.00e+00
 2.10409e+16	1.06e-05	8.42e-03	5.26e-01	4.59e-01	5.87e-03	3.11e-05	0.00e+00	0.00e+00
 2.11372e+16	1.22e-05	9.26e-03	5.39e-01	4.47e-01	4.73e-03	2.06e-05	0.00e+00	0.00e+00
 2.12085e+16	1.36e-05	9.94e-03	5.48e-01	4.38e-01	4.03e-03	1.51e-05	0.00e+00	0.00e+00
 2.12852e+16	1.52e-05	1.07e-02	5.58e-01	4.28e-01	3.38e-03	1.08e-05	0.00e+00	0.00e+00
 2.13849e+16	1.76e-05	1.18e-02	5.71e-01	4.14e-01	2.69e-03	6.98e-06	0.00e+00	0.00e+00
 2.14932e+16	2.06e-05	1.32e-02	5.85e-01	4.00e-01	2.13e-03	4.45e-06	0.00e+00	0.00e+00
 2.15901e+16	2.39e-05	1.45e-02	5.98e-01	3.86e-01	1.73e-03	3.00e-06	0.00e+00	0.00e+00
 2.16790e+16	2.73e-05	1.59e-02	6.09e-01	3.73e-01	1.43e-03	2.08e-06	0.00e+00	0.00e+00
 2.17800e+16	3.19e-05	1.77e-02	6.22e-01	3.59e-01	1.15e-03	1.37e-06	0.00e+00	0.00e+00
 2.18912e+16	3.80e-05	1.99e-02	6.37e-01	3.42e-01	9.13e-04	8.81e-07	0.00e+00	0.00e+00
 2.19831e+16	4.43e-05	2.20e-02	6.49e-01	3.28e-01	7.55e-04	0.00e+00	0.00e+00	0.00e+00
 2.20522e+16	4.97e-05	2.38e-02	6.58e-01	3.18e-01	6.54e-04	0.00e+00	0.00e+00	0.00e+00
 2.21242e+16	5.61e-05	2.59e-02	6.67e-01	3.06e-01	5.60e-04	0.00e+00	0.00e+00	0.00e+00
 2.22177e+16	6.57e-05	2.88e-02	6.79e-01	2.91e-01	4.57e-04	0.00e+00	0.00e+00	0.00e+00
 2.23116e+16	7.79e-05	3.23e-02	6.91e-01	2.76e-01	3.74e-04	0.00e+00	0.00e+00	0.00e+00
 2.23826e+16	8.89e-05	3.53e-02	7.00e-01	2.64e-01	3.21e-04	0.00e+00	0.00e+00	0.00e+00
 2.24422e+16	9.94e-05	3.81e-02	7.07e-01	2.54e-01	2.82e-04	0.00e+00	0.00e+00	0.00e+00
 2.25101e+16	1.13e-04	4.16e-02	7.15e-01	2.43e-01	2.41e-04	0.00e+00	0.00e+00	0.00e+00
 2.25866e+16	1.32e-04	4.60e-02	7.24e-01	2.30e-01	2.03e-04	0.00e+00	0.00e+00	0.00e+00
 2.26573e+16	1.52e-04	5.07e-02	7.31e-01	2.18e-01	1.72e-04	0.00e+00	0.00e+00	0.00e+00
 2.27185e+16	1.72e-04	5.53e-02	7.37e-01	2.07e-01	1.49e-04	0.00e+00	0.00e+00	0.00e+00
 2.27757e+16	1.95e-04	6.00e-02	7.43e-01	1.97e-01	1.29e-04	0.00e+00	0.00e+00	0.00e+00
 2.28414e+16	2.25e-04	6.60e-02	7.48e-01	1.86e-01	1.10e-04	0.00e+00	0.00e+00	0.00e+00
 2.29124e+16	2.64e-04	7.35e-02	7.53e-01	1.73e-01	9.16e-05	0.00e+00	0.00e+00	0.00e+00
 2.29733e+16	3.03e-04	8.08e-02	7.56e-01	1.63e-01	7.81e-05	0.00e+00	0.00e+00	0.00e+00
 2.30242e+16	3.43e-04	8.77e-02	7.58e-01	1.54e-01	6.80e-05	0.00e+00	0.00e+00	0.00e+00
 2.30796e+16	3.92e-04	9.59e-02	7.60e-01	1.44e-01	5.82e-05	0.00e+00	0.00e+00	0.00e+00
 2.31419e+16	4.59e-04	1.06e-01	7.60e-01	1.33e-01	4.86e-05	0.00e+00	0.00e+00	0.00e+00
 2.31986e+16	5.30e-04	1.17e-01	7.59e-01	1.24e-01	4.10e-05	0.00e+00	0.00e+00	0.00e+00
 2.32470e+16	6.04e-04	1.28e-01	7.56e-01	1.15e-01	3.53e-05	0.00e+00	0.00e+00	0.00e+00
 2.32991e+16	6.94e-04	1.40e-01	7.53e-01	1.06e-01	2.98e-05	0.00e+00	0.00e+00	0.00e+00
 2.33567e+16	8.16e-04	1.56e-01	7.47e-01	9.69e-02	2.45e-05	0.00e+00	0.00e+00	0.00e+00
 2.34083e+16	9.50e-04	1.72e-01	7.39e-01	8.85e-02	2.05e-05	0.00e+00	0.00e+00	0.00e+00
 2.34531e+16	1.08e-03	1.87e-01	7.31e-01	8.12e-02	1.73e-05	0.00e+00	0.00e+00	0.00e+00
 2.35025e+16	1.26e-03	2.06e-01	7.20e-01	7.34e-02	1.43e-05	0.00e+00	0.00e+00	0.00e+00
 2.35571e+16	1.49e-03	2.29e-01	7.04e-01	6.51e-02	1.14e-05	0.00e+00	0.00e+00	0.00e+00
 2.36064e+16	1.75e-03	2.54e-01	6.87e-01	5.77e-02	9.19e-06	0.00e+00	0.00e+00	0.00e+00
 2.36499e+16	2.02e-03	2.77e-01	6.69e-01	5.14e-02	7.51e-06	0.00e+00	0.00e+00	0.00e+00
 2.36979e+16	2.38e-03	3.06e-01	6.46e-01	4.48e-02	5.92e-06	0.00e+00	0.00e+00	0.00e+00
 2.37521e+16	2.87e-03	3.43e-01	6.16e-01	3.77e-02	4.44e-06	0.00e+00	0.00e+00	0.00e+00
 2.38027e+16	3.45e-03	3.83e-01	5.82e-01	3.14e-02	3.30e-06	0.00e+00	0.00e+00	0.00e+00
 2.38474e+16	4.09e-03	4.21e-01	5.49e-01	2.62e-02	2.49e-06	0.00e+00	0.00e+00	0.00e+00
 2.38889e+16	4.76e-03	4.60e-01	5.14e-01	2.18e-02	1.87e-06	0.00e+00	0.00e+00	0.00e+00
 2.39360e+16	5.70e-03	5.06e-01	4.71e-01	1.73e-02	1.31e-06	0.00e+00	0.00e+00	0.00e+00
 2.39841e+16	6.91e-03	5.59e-01	4.21e-01	1.32e-02	8.78e-07	0.00e+00	0.00e+00	0.00e+00
 2.40206e+16	8.03e-03	6.02e-01	3.80e-01	1.04e-02	0.00e+00	0.00e+00	0.00e+00	0.00e+00
 2.40490e+16	9.04e-03	6.35e-01	3.47e-01	8.47e-03	0.00e+00	0.00e+00	0.00e+00	0.00e+00
 2.40794e+16	1.02e-02	6.71e-01	3.12e-01	6.69e-03	0.00e+00	0.00e+00	0.00e+00	0.00e+00
 2.41189e+16	1.21e-02	7.16e-01	2.67e-01	4.79e-03	0.00e+00	0.00e+00	0.00e+00	0.00e+00
 2.41577e+16	1.43e-02	7.61e-01	2.21e-01	3.28e-03	0.00e+00	0.00e+00	0.00e+00	0.00e+00
 2.41851e+16	1.61e-02	7.92e-01	1.89e-01	2.40e-03	0.00e+00	0.00e+00	0.00e+00	0.00e+00
 2.42056e+16	1.77e-02	8.13e-01	1.67e-01	1.89e-03	0.00e+00	0.00e+00	0.00e+00	0.00e+00
 2.42275e+16	1.95e-02	8.34e-01	1.45e-01	1.43e-03	0.00e+00	0.00e+00	0.00e+00	0.00e+00
 2.42559e+16	2.22e-02	8.58e-01	1.19e-01	9.75e-04	0.00e+00	0.00e+00	0.00e+00	0.00e+00
 2.42850e+16	2.55e-02	8.80e-01	9.37e-02	6.27e-04	0.00e+00	0.00e+00	0.00e+00	0.00e+00
 2.43072e+16	2.84e-02	8.95e-01	7.63e-02	4.29e-04	0.00e+00	0.00e+00	0.00e+00	0.00e+00
 2.43246e+16	3.10e-02	9.04e-01	6.45e-02	3.16e-04	0.00e+00	0.00e+00	0.00e+00	0.00e+00
 2.43432e+16	3.40e-02	9.12e-01	5.35e-02	2.23e-04	0.00e+00	0.00e+00	0.00e+00	0.00e+00
 2.43674e+16	3.84e-02	9.20e-01	4.12e-02	1.38e-04	0.00e+00	0.00e+00	0.00e+00	0.00e+00
 2.43912e+16	4.37e-02	9.25e-01	3.09e-02	8.24e-05	0.00e+00	0.00e+00	0.00e+00	0.00e+00
 2.44081e+16	4.79e-02	9.27e-01	2.47e-02	5.51e-05	0.00e+00	0.00e+00	0.00e+00	0.00e+00
 2.44211e+16	5.16e-02	9.28e-01	2.07e-02	4.02e-05	0.00e+00	0.00e+00	0.00e+00	0.00e+00
 2.44351e+16	5.58e-02	9.27e-01	1.70e-02	2.81e-05	0.00e+00	0.00e+00	0.00e+00	0.00e+00
 2.44530e+16	6.17e-02	9.25e-01	1.31e-02	1.75e-05	0.00e+00	0.00e+00	0.00e+00	0.00e+00
 2.44708e+16	6.84e-02	9.22e-01	9.93e-03	1.06e-05	0.00e+00	0.00e+00	0.00e+00	0.00e+00
 2.44842e+16	7.41e-02	9.18e-01	7.93e-03	7.13e-06	0.00e+00	0.00e+00	0.00e+00	0.00e+00
 2.44951e+16	7.90e-02	9.14e-01	6.59e-03	5.11e-06	0.00e+00	0.00e+00	0.00e+00	0.00e+00
 2.45052e+16	8.39e-02	9.11e-01	5.52e-03	3.73e-06	0.00e+00	0.00e+00	0.00e+00	0.00e+00
 2.45150e+16	8.88e-02	9.07e-01	4.63e-03	2.71e-06	0.00e+00	0.00e+00	0.00e+00	0.00e+00
 2.45246e+16	9.42e-02	9.02e-01	3.88e-03	1.97e-06	0.00e+00	0.00e+00	0.00e+00	0.00e+00
 2.45318e+16	9.76e-02	8.99e-01	3.39e-03	1.55e-06	0.00e+00	0.00e+00	0.00e+00	0.00e+00
 2.45363e+16	1.01e-01	8.96e-01	3.11e-03	1.33e-06	0.00e+00	0.00e+00	0.00e+00	0.00e+00
 2.45404e+16	1.03e-01	8.94e-01	2.87e-03	1.15e-06	0.00e+00	0.00e+00	0.00e+00	0.00e+00
 2.45454e+16	1.06e-01	8.91e-01	2.61e-03	9.66e-07	0.00e+00	0.00e+00	0.00e+00	0.00e+00
 2.45509e+16	1.10e-01	8.88e-01	2.34e-03	0.00e+00	0.00e+00	0.00e+00	0.00e+00	0.00e+00
 2.45561e+16	1.13e-01	8.85e-01	2.11e-03	0.00e+00	0.00e+00	0.00e+00	0.00e+00	0.00e+00
 2.45609e+16	1.17e-01	8.82e-01	1.91e-03	0.00e+00	0.00e+00	0.00e+00	0.00e+00	0.00e+00
 2.45657e+16	1.20e-01	8.78e-01	1.73e-03	0.00e+00	0.00e+00	0.00e+00	0.00e+00	0.00e+00
 2.45706e+16	1.24e-01	8.75e-01	1.57e-03	0.00e+00	0.00e+00	0.00e+00	0.00e+00	0.00e+00
 2.45753e+16	1.27e-01	8.71e-01	1.41e-03	0.00e+00	0.00e+00	0.00e+00	0.00e+00	0.00e+00
 2.45801e+16	1.31e-01	8.68e-01	1.28e-03	0.00e+00	0.00e+00	0.00e+00	0.00e+00	0.00e+00
 2.45848e+16	1.35e-01	8.64e-01	1.16e-03	0.00e+00	0.00e+00	0.00e+00	0.00e+00	0.00e+00
 2.45893e+16	1.38e-01	8.61e-01	1.05e-03	0.00e+00	0.00e+00	0.00e+00	0.00e+00	0.00e+00
 2.45939e+16	1.42e-01	8.57e-01	9.45e-04	0.00e+00	0.00e+00	0.00e+00	0.00e+00	0.00e+00
 2.45985e+16	1.46e-01	8.53e-01	8.54e-04	0.00e+00	0.00e+00	0.00e+00	0.00e+00	0.00e+00
 2.46030e+16	1.51e-01	8.49e-01	7.72e-04	0.00e+00	0.00e+00	0.00e+00	0.00e+00	0.00e+00
 2.46074e+16	1.55e-01	8.44e-01	6.98e-04	0.00e+00	0.00e+00	0.00e+00	0.00e+00	0.00e+00
 2.46118e+16	1.60e-01	8.40e-01	6.30e-04	0.00e+00	0.00e+00	0.00e+00	0.00e+00	0.00e+00
 2.46162e+16	1.64e-01	8.35e-01	5.68e-04	0.00e+00	0.00e+00	0.00e+00	0.00e+00	0.00e+00
 2.46205e+16	1.69e-01	8.31e-01	5.13e-04	0.00e+00	0.00e+00	0.00e+00	0.00e+00	0.00e+00
 2.46248e+16	1.74e-01	8.26e-01	4.64e-04	0.00e+00	0.00e+00	0.00e+00	0.00e+00	0.00e+00
 2.46290e+16	1.79e-01	8.21e-01	4.19e-04	0.00e+00	0.00e+00	0.00e+00	0.00e+00	0.00e+00
 2.46332e+16	1.84e-01	8.16e-01	3.77e-04	0.00e+00	0.00e+00	0.00e+00	0.00e+00	0.00e+00
 2.46374e+16	1.90e-01	8.10e-01	3.40e-04	0.00e+00	0.00e+00	0.00e+00	0.00e+00	0.00e+00
 2.46416e+16	1.96e-01	8.04e-01	3.07e-04	0.00e+00	0.00e+00	0.00e+00	0.00e+00	0.00e+00
 2.46456e+16	2.02e-01	7.98e-01	2.77e-04	0.00e+00	0.00e+00	0.00e+00	0.00e+00	0.00e+00
 2.46497e+16	2.08e-01	7.92e-01	2.49e-04	0.00e+00	0.00e+00	0.00e+00	0.00e+00	0.00e+00
 2.46538e+16	2.15e-01	7.85e-01	2.24e-04	0.00e+00	0.00e+00	0.00e+00	0.00e+00	0.00e+00
 2.46578e+16	2.22e-01	7.78e-01	2.02e-04	0.00e+00	0.00e+00	0.00e+00	0.00e+00	0.00e+00
 2.46617e+16	2.29e-01	7.71e-01	1.82e-04	0.00e+00	0.00e+00	0.00e+00	0.00e+00	0.00e+00
 2.46655e+16	2.37e-01	7.63e-01	1.64e-04	0.00e+00	0.00e+00	0.00e+00	0.00e+00	0.00e+00
 2.46693e+16	2.46e-01	7.54e-01	1.48e-04	0.00e+00	0.00e+00	0.00e+00	0.00e+00	0.00e+00
 2.46730e+16	2.54e-01	7.46e-01	1.33e-04	0.00e+00	0.00e+00	0.00e+00	0.00e+00	0.00e+00
 2.46768e+16	2.63e-01	7.37e-01	1.20e-04	0.00e+00	0.00e+00	0.00e+00	0.00e+00	0.00e+00
 2.46805e+16	2.73e-01	7.27e-01	1.08e-04	0.00e+00	0.00e+00	0.00e+00	0.00e+00	0.00e+00
 2.46841e+16	2.84e-01	7.16e-01	9.71e-05	0.00e+00	0.00e+00	0.00e+00	0.00e+00	0.00e+00
 2.46876e+16	2.94e-01	7.05e-01	8.77e-05	0.00e+00	0.00e+00	0.00e+00	0.00e+00	0.00e+00
 2.46911e+16	3.06e-01	6.94e-01	7.90e-05	0.00e+00	0.00e+00	0.00e+00	0.00e+00	0.00e+00
 2.46945e+16	3.18e-01	6.81e-01	7.11e-05	0.00e+00	0.00e+00	0.00e+00	0.00e+00	0.00e+00
 2.46980e+16	3.30e-01	6.70e-01	6.40e-05	0.00e+00	0.00e+00	0.00e+00	0.00e+00	0.00e+00
 2.47014e+16	3.44e-01	6.56e-01	5.75e-05	0.00e+00	0.00e+00	0.00e+00	0.00e+00	0.00e+00
 2.47048e+16	3.59e-01	6.41e-01	5.16e-05	0.00e+00	0.00e+00	0.00e+00	0.00e+00	0.00e+00
 2.47082e+16	3.74e-01	6.26e-01	4.63e-05	0.00e+00	0.00e+00	0.00e+00	0.00e+00	0.00e+00
 2.47115e+16	3.90e-01	6.10e-01	4.15e-05	0.00e+00	0.00e+00	0.00e+00	0.00e+00	0.00e+00
 2.47149e+16	4.10e-01	5.90e-01	3.69e-05	0.00e+00	0.00e+00	0.00e+00	0.00e+00	0.00e+00
 2.47182e+16	4.28e-01	5.72e-01	3.30e-05	0.00e+00	0.00e+00	0.00e+00	0.00e+00	0.00e+00
 2.47214e+16	4.47e-01	5.53e-01	2.94e-05	0.00e+00	0.00e+00	0.00e+00	0.00e+00	0.00e+00
 2.47247e+16	4.68e-01	5.32e-01	2.61e-05	0.00e+00	0.00e+00	0.00e+00	0.00e+00	0.00e+00
 2.47281e+16	4.89e-01	5.11e-01	2.32e-05	0.00e+00	0.00e+00	0.00e+00	0.00e+00	0.00e+00
 2.47314e+16	5.12e-01	4.88e-01	2.05e-05	0.00e+00	0.00e+00	0.00e+00	0.00e+00	0.00e+00
 2.47347e+16	5.35e-01	4.65e-01	1.80e-05	0.00e+00	0.00e+00	0.00e+00	0.00e+00	0.00e+00
 2.47381e+16	5.59e-01	4.41e-01	1.59e-05	0.00e+00	0.00e+00	0.00e+00	0.00e+00	0.00e+00
 2.47414e+16	5.83e-01	4.17e-01	1.39e-05	0.00e+00	0.00e+00	0.00e+00	0.00e+00	0.00e+00
 2.47449e+16	6.09e-01	3.91e-01	1.21e-05	0.00e+00	0.00e+00	0.00e+00	0.00e+00	0.00e+00
 2.47483e+16	6.35e-01	3.65e-01	1.05e-05	0.00e+00	0.00e+00	0.00e+00	0.00e+00	0.00e+00
 2.47513e+16	6.56e-01	3.44e-01	9.31e-06	0.00e+00	0.00e+00	0.00e+00	0.00e+00	0.00e+00
 2.47535e+16	6.70e-01	3.30e-01	8.56e-06	0.00e+00	0.00e+00	0.00e+00	0.00e+00	0.00e+00
 2.47556e+16	6.87e-01	3.13e-01	7.80e-06	0.00e+00	0.00e+00	0.00e+00	0.00e+00	0.00e+00
 2.47577e+16	7.01e-01	2.99e-01	7.13e-06	0.00e+00	0.00e+00	0.00e+00	0.00e+00	0.00e+00
 2.47600e+16	7.18e-01	2.82e-01	6.46e-06	0.00e+00	0.00e+00	0.00e+00	0.00e+00	0.00e+00
