#depth	O	O+	O+2	O+3	O+4	O+5	O+6	O+7	O+8	O[1]	O[2]	O[3]
 1.49634e+10	0.00e+00	0.00e+00	7.89e-31	2.66e-22	1.31e-14	8.34e-08	1.00e+00	0.00e+00	0.00e+00	0.00e+00	0.00e+00	0.00e+00
 4.54887e+10	0.00e+00	4.34e-40	1.10e-30	3.42e-22	1.55e-14	9.08e-08	1.00e+00	8.56e-08	0.00e+00	0.00e+00	0.00e+00	0.00e+00
 7.72350e+10	0.00e+00	0.00e+00	1.53e-30	4.39e-22	1.83e-14	9.90e-08	1.00e+00	0.00e+00	0.00e+00	0.00e+00	0.00e+00	0.00e+00
 1.10251e+11	0.00e+00	9.85e-40	2.12e-30	5.64e-22	2.17e-14	1.08e-07	1.00e+00	0.00e+00	0.00e+00	0.00e+00	0.00e+00	0.00e+00
 1.41450e+11	0.00e+00	0.00e+00	2.87e-30	7.09e-22	2.54e-14	1.17e-07	1.00e+00	0.00e+00	0.00e+00	0.00e+00	0.00e+00	0.00e+00
 1.69597e+11	0.00e+00	1.99e-39	3.73e-30	8.66e-22	2.91e-14	1.25e-07	1.00e+00	0.00e+00	0.00e+00	0.00e+00	0.00e+00	0.00e+00
 2.01292e+11	0.00e+00	0.00e+00	4.98e-30	1.08e-21	3.38e-14	1.35e-07	1.00e+00	0.00e+00	0.00e+00	0.00e+00	0.00e+00	0.00e+00
 2.38554e+11	0.00e+00	4.25e-39	6.90e-30	1.38e-21	4.00e-14	1.47e-07	1.00e+00	0.00e+00	0.00e+00	0.00e+00	0.00e+00	0.00e+00
 2.75630e+11	0.00e+00	0.00e+00	9.44e-30	1.76e-21	4.71e-14	1.60e-07	1.00e+00	0.00e+00	0.00e+00	0.00e+00	0.00e+00	0.00e+00
 3.10585e+11	0.00e+00	8.93e-39	1.26e-29	2.18e-21	5.47e-14	1.73e-07	1.00e+00	0.00e+00	0.00e+00	0.00e+00	0.00e+00	0.00e+00
 3.49332e+11	0.00e+00	0.00e+00	1.71e-29	2.76e-21	6.42e-14	1.87e-07	1.00e+00	0.00e+00	0.00e+00	0.00e+00	0.00e+00	0.00e+00
 3.93232e+11	0.00e+00	1.97e-38	2.38e-29	3.56e-21	7.66e-14	2.05e-07	1.00e+00	0.00e+00	0.00e+00	0.00e+00	0.00e+00	0.00e+00
 4.36766e+11	0.00e+00	0.00e+00	3.28e-29	4.55e-21	9.06e-14	2.24e-07	1.00e+00	0.00e+00	0.00e+00	0.00e+00	0.00e+00	0.00e+00
 4.82041e+11	0.00e+00	4.34e-38	4.52e-29	5.82e-21	1.07e-13	2.44e-07	1.00e+00	0.00e+00	0.00e+00	0.00e+00	0.00e+00	0.00e+00
 5.31249e+11	0.00e+00	0.00e+00	6.31e-29	7.52e-21	1.28e-13	2.67e-07	1.00e+00	0.00e+00	0.00e+00	0.00e+00	0.00e+00	0.00e+00
 5.81123e+11	0.00e+00	9.82e-38	8.75e-29	9.67e-21	1.53e-13	2.92e-07	1.00e+00	0.00e+00	0.00e+00	0.00e+00	0.00e+00	0.00e+00
 6.32991e+11	0.00e+00	0.00e+00	1.21e-28	1.24e-20	1.82e-13	3.20e-07	1.00e+00	0.00e+00	0.00e+00	0.00e+00	0.00e+00	0.00e+00
 6.86417e+11	0.00e+00	2.19e-37	1.68e-28	1.60e-20	2.16e-13	3.50e-07	1.00e+00	0.00e+00	0.00e+00	0.00e+00	0.00e+00	0.00e+00
 7.41980e+11	0.00e+00	0.00e+00	2.32e-28	2.05e-20	2.58e-13	3.83e-07	1.00e+00	0.00e+00	0.00e+00	0.00e+00	0.00e+00	0.00e+00
 8.01586e+11	0.00e+00	4.90e-37	3.24e-28	2.66e-20	3.09e-13	4.21e-07	1.00e+00	0.00e+00	0.00e+00	0.00e+00	0.00e+00	0.00e+00
 8.63576e+11	0.00e+00	0.00e+00	4.52e-28	3.44e-20	3.70e-13	4.63e-07	1.00e+00	0.00e+00	0.00e+00	0.00e+00	0.00e+00	0.00e+00
 9.28046e+11	0.00e+00	1.11e-36	6.31e-28	4.45e-20	4.44e-13	5.09e-07	1.00e+00	0.00e+00	0.00e+00	0.00e+00	0.00e+00	0.00e+00
 9.95095e+11	0.00e+00	0.00e+00	8.79e-28	5.77e-20	5.33e-13	5.60e-07	1.00e+00	0.00e+00	0.00e+00	0.00e+00	0.00e+00	0.00e+00
 1.06483e+12	0.00e+00	2.49e-36	1.22e-27	7.47e-20	6.40e-13	6.16e-07	1.00e+00	0.00e+00	0.00e+00	0.00e+00	0.00e+00	0.00e+00
 1.12805e+12	1.23e-45	3.53e-36	1.63e-27	9.35e-20	7.51e-13	6.71e-07	1.00e+00	0.00e+00	0.00e+00	0.00e+00	0.00e+00	0.00e+00
 1.18100e+12	0.00e+00	0.00e+00	2.06e-27	1.12e-19	8.55e-13	7.18e-07	1.00e+00	0.00e+00	0.00e+00	0.00e+00	0.00e+00	0.00e+00
 1.23911e+12	0.00e+00	6.34e-36	2.64e-27	1.36e-19	9.82e-13	7.73e-07	1.00e+00	0.00e+00	0.00e+00	0.00e+00	0.00e+00	0.00e+00
 1.31236e+12	3.83e-45	9.13e-36	3.57e-27	1.73e-19	1.16e-12	8.45e-07	1.00e+00	0.00e+00	0.00e+00	0.00e+00	0.00e+00	0.00e+00
 1.38859e+12	0.00e+00	0.00e+00	4.82e-27	2.19e-19	1.38e-12	9.25e-07	1.00e+00	0.00e+00	0.00e+00	0.00e+00	0.00e+00	0.00e+00
 1.45396e+12	0.00e+00	1.77e-35	6.18e-27	2.66e-19	1.59e-12	9.98e-07	1.00e+00	0.00e+00	0.00e+00	0.00e+00	0.00e+00	0.00e+00
 1.52191e+12	1.21e-44	2.39e-35	7.93e-27	3.24e-19	1.83e-12	1.08e-06	1.00e+00	0.00e+00	0.00e+00	0.00e+00	0.00e+00	0.00e+00
 1.60649e+12	0.00e+00	0.00e+00	1.07e-26	4.10e-19	2.17e-12	1.18e-06	1.00e+00	0.00e+00	0.00e+00	0.00e+00	0.00e+00	0.00e+00
 1.69214e+12	0.00e+00	4.86e-35	1.43e-26	5.16e-19	2.56e-12	1.29e-06	1.00e+00	0.00e+00	0.00e+00	0.00e+00	0.00e+00	0.00e+00
 1.76682e+12	3.95e-44	6.51e-35	1.82e-26	6.25e-19	2.94e-12	1.39e-06	1.00e+00	0.00e+00	0.00e+00	0.00e+00	0.00e+00	0.00e+00
 1.84780e+12	0.00e+00	8.83e-35	2.35e-26	7.65e-19	3.40e-12	1.50e-06	1.00e+00	0.00e+00	0.00e+00	0.00e+00	0.00e+00	0.00e+00
 1.94640e+12	8.64e-44	1.26e-34	3.16e-26	9.69e-19	4.03e-12	1.65e-06	1.00e+00	0.00e+00	0.00e+00	0.00e+00	0.00e+00	0.00e+00
 2.04675e+12	0.00e+00	1.78e-34	4.22e-26	1.22e-18	4.77e-12	1.80e-06	1.00e+00	0.00e+00	0.00e+00	0.00e+00	0.00e+00	0.00e+00
 2.13885e+12	1.87e-43	2.42e-34	5.45e-26	1.50e-18	5.52e-12	1.95e-06	1.00e+00	0.00e+00	0.00e+00	0.00e+00	0.00e+00	0.00e+00
 2.24140e+12	0.00e+00	3.36e-34	7.17e-26	1.86e-18	6.46e-12	2.13e-06	1.00e+00	0.00e+00	0.00e+00	0.00e+00	0.00e+00	0.00e+00
 2.36031e+12	4.23e-43	4.84e-34	9.72e-26	2.37e-18	7.70e-12	2.34e-06	1.00e+00	0.00e+00	0.00e+00	0.00e+00	0.00e+00	0.00e+00
 2.47762e+12	0.00e+00	6.82e-34	1.30e-25	2.99e-18	9.09e-12	2.56e-06	1.00e+00	0.00e+00	0.00e+00	0.00e+00	0.00e+00	0.00e+00
 2.58995e+12	9.22e-43	9.36e-34	1.69e-25	3.69e-18	1.06e-11	2.78e-06	1.00e+00	0.00e+00	0.00e+00	0.00e+00	0.00e+00	0.00e+00
 2.71382e+12	0.00e+00	1.31e-33	2.24e-25	4.61e-18	1.24e-11	3.04e-06	1.00e+00	0.00e+00	0.00e+00	0.00e+00	0.00e+00	0.00e+00
 2.85230e+12	2.09e-42	1.88e-33	3.02e-25	5.87e-18	1.48e-11	3.34e-06	1.00e+00	0.00e+00	0.00e+00	0.00e+00	0.00e+00	0.00e+00
 2.97817e+12	0.00e+00	2.57e-33	3.93e-25	7.24e-18	1.72e-11	3.62e-06	1.00e+00	0.00e+00	0.00e+00	0.00e+00	0.00e+00	0.00e+00
 3.08409e+12	4.10e-42	3.32e-33	4.87e-25	8.59e-18	1.94e-11	3.87e-06	1.00e+00	0.00e+00	0.00e+00	0.00e+00	0.00e+00	0.00e+00
 3.20055e+12	0.00e+00	4.37e-33	6.13e-25	1.03e-17	2.21e-11	4.15e-06	1.00e+00	0.00e+00	0.00e+00	0.00e+00	0.00e+00	0.00e+00
 3.33203e+12	8.03e-42	5.88e-33	7.86e-25	1.26e-17	2.55e-11	4.49e-06	1.00e+00	0.00e+00	0.00e+00	0.00e+00	0.00e+00	0.00e+00
 3.45793e+12	0.00e+00	7.75e-33	9.91e-25	1.51e-17	2.90e-11	4.82e-06	1.00e+00	0.00e+00	0.00e+00	0.00e+00	0.00e+00	0.00e+00
 3.59652e+12	1.57e-41	1.04e-32	1.27e-24	1.84e-17	3.34e-11	5.20e-06	1.00e+00	0.00e+00	0.00e+00	0.00e+00	0.00e+00	0.00e+00
 3.75045e+12	0.00e+00	1.43e-32	1.65e-24	2.27e-17	3.87e-11	5.64e-06	1.00e+00	0.00e+00	0.00e+00	0.00e+00	0.00e+00	0.00e+00
 3.89470e+12	3.19e-41	1.90e-32	2.10e-24	2.74e-17	4.43e-11	6.07e-06	1.00e+00	0.00e+00	0.00e+00	0.00e+00	0.00e+00	0.00e+00
 4.05257e+12	0.00e+00	2.58e-32	2.70e-24	3.35e-17	5.11e-11	6.55e-06	1.00e+00	0.00e+00	0.00e+00	0.00e+00	0.00e+00	0.00e+00
 4.23014e+12	6.72e-41	3.58e-32	3.56e-24	4.17e-17	5.96e-11	7.12e-06	1.00e+00	0.00e+00	0.00e+00	0.00e+00	0.00e+00	0.00e+00
 4.39978e+12	0.00e+00	4.86e-32	4.59e-24	5.10e-17	6.86e-11	7.69e-06	1.00e+00	0.00e+00	0.00e+00	0.00e+00	0.00e+00	0.00e+00
 4.58567e+12	1.41e-40	6.73e-32	6.01e-24	6.31e-17	7.96e-11	8.33e-06	1.00e+00	0.00e+00	0.00e+00	0.00e+00	0.00e+00	0.00e+00
 4.78296e+12	0.00e+00	9.32e-32	7.90e-24	7.84e-17	9.28e-11	9.05e-06	1.00e+00	0.00e+00	0.00e+00	0.00e+00	0.00e+00	0.00e+00
 4.95550e+12	2.87e-40	1.23e-31	9.96e-24	9.42e-17	1.06e-10	9.71e-06	1.00e+00	0.00e+00	0.00e+00	0.00e+00	0.00e+00	0.00e+00
 5.13911e+12	0.00e+00	1.65e-31	1.27e-23	1.14e-16	1.20e-10	1.04e-05	1.00e+00	0.00e+00	0.00e+00	0.00e+00	0.00e+00	0.00e+00
 5.36271e+12	6.02e-40	2.31e-31	1.68e-23	1.42e-16	1.41e-10	1.13e-05	1.00e+00	0.00e+00	0.00e+00	0.00e+00	0.00e+00	0.00e+00
 5.58574e+12	0.00e+00	3.20e-31	2.21e-23	1.76e-16	1.63e-10	1.23e-05	1.00e+00	0.00e+00	0.00e+00	0.00e+00	0.00e+00	0.00e+00
 5.78265e+12	1.23e-39	4.24e-31	2.78e-23	2.12e-16	1.85e-10	1.31e-05	1.00e+00	0.00e+00	0.00e+00	0.00e+00	0.00e+00	0.00e+00
 5.99816e+12	0.00e+00	5.70e-31	3.56e-23	2.57e-16	2.12e-10	1.41e-05	1.00e+00	0.00e+00	0.00e+00	0.00e+00	0.00e+00	0.00e+00
 6.25733e+12	2.61e-39	8.05e-31	4.74e-23	3.21e-16	2.48e-10	1.54e-05	1.00e+00	0.00e+00	0.00e+00	0.00e+00	0.00e+00	0.00e+00
 6.51654e+12	0.00e+00	1.12e-30	6.24e-23	3.99e-16	2.88e-10	1.67e-05	1.00e+00	0.00e+00	0.00e+00	0.00e+00	0.00e+00	0.00e+00
 6.75239e+12	5.46e-39	1.50e-30	7.97e-23	4.83e-16	3.28e-10	1.79e-05	1.00e+00	0.00e+00	0.00e+00	0.00e+00	0.00e+00	0.00e+00
 7.01462e+12	0.00e+00	2.07e-30	1.04e-22	5.93e-16	3.78e-10	1.93e-05	1.00e+00	0.00e+00	0.00e+00	0.00e+00	0.00e+00	0.00e+00
 7.32106e+12	1.21e-38	2.95e-30	1.39e-22	7.47e-16	4.43e-10	2.10e-05	1.00e+00	0.00e+00	0.00e+00	0.00e+00	0.00e+00	0.00e+00
 7.62346e+12	0.00e+00	4.14e-30	1.84e-22	9.30e-16	5.15e-10	2.27e-05	1.00e+00	0.00e+00	0.00e+00	0.00e+00	0.00e+00	0.00e+00
 7.90941e+12	2.59e-38	5.65e-30	2.38e-22	1.14e-15	5.91e-10	2.45e-05	1.00e+00	0.00e+00	0.00e+00	0.00e+00	0.00e+00	0.00e+00
 8.22717e+12	0.00e+00	7.90e-30	3.14e-22	1.41e-15	6.84e-10	2.65e-05	1.00e+00	0.00e+00	0.00e+00	0.00e+00	0.00e+00	0.00e+00
 8.58618e+12	5.91e-38	1.14e-29	4.23e-22	1.78e-15	8.03e-10	2.88e-05	1.00e+00	0.00e+00	0.00e+00	0.00e+00	0.00e+00	0.00e+00
 8.94714e+12	0.00e+00	1.62e-29	5.67e-22	2.23e-15	9.37e-10	3.13e-05	1.00e+00	0.00e+00	0.00e+00	0.00e+00	0.00e+00	0.00e+00
 9.32255e+12	1.37e-37	2.31e-29	7.59e-22	2.80e-15	1.09e-09	3.39e-05	1.00e+00	0.00e+00	0.00e+00	0.00e+00	0.00e+00	0.00e+00
 9.72537e+12	0.00e+00	3.34e-29	1.03e-21	3.54e-15	1.28e-09	3.69e-05	1.00e+00	0.00e+00	0.00e+00	0.00e+00	0.00e+00	0.00e+00
 1.01443e+13	3.26e-37	4.82e-29	1.39e-21	4.47e-15	1.50e-09	4.01e-05	1.00e+00	0.00e+00	0.00e+00	0.00e+00	0.00e+00	0.00e+00
 1.05436e+13	0.00e+00	6.77e-29	1.83e-21	5.54e-15	1.74e-09	4.33e-05	1.00e+00	0.00e+00	0.00e+00	0.00e+00	0.00e+00	0.00e+00
 1.09081e+13	6.95e-37	9.14e-29	2.34e-21	6.69e-15	1.98e-09	4.63e-05	1.00e+00	0.00e+00	0.00e+00	0.00e+00	0.00e+00	0.00e+00
 1.12521e+13	0.00e+00	1.20e-28	2.94e-21	7.96e-15	2.22e-09	4.93e-05	1.00e+00	0.00e+00	0.00e+00	0.00e+00	0.00e+00	0.00e+00
 1.16316e+13	1.37e-36	1.62e-28	3.74e-21	9.59e-15	2.52e-09	5.26e-05	1.00e+00	0.00e+00	0.00e+00	0.00e+00	0.00e+00	0.00e+00
 1.20570e+13	0.00e+00	2.23e-28	4.86e-21	1.17e-14	2.89e-09	5.65e-05	1.00e+00	0.00e+00	0.00e+00	0.00e+00	0.00e+00	0.00e+00
 1.24596e+13	2.85e-36	3.00e-28	6.19e-21	1.41e-14	3.28e-09	6.03e-05	1.00e+00	0.00e+00	0.00e+00	0.00e+00	0.00e+00	0.00e+00
 1.29003e+13	0.00e+00	4.11e-28	7.99e-21	1.72e-14	3.74e-09	6.46e-05	1.00e+00	0.00e+00	0.00e+00	0.00e+00	0.00e+00	0.00e+00
 1.33944e+13	6.19e-36	5.77e-28	1.05e-20	2.12e-14	4.32e-09	6.95e-05	1.00e+00	0.00e+00	0.00e+00	0.00e+00	0.00e+00	0.00e+00
 1.38528e+13	0.00e+00	7.85e-28	1.35e-20	2.57e-14	4.91e-09	7.43e-05	1.00e+00	0.00e+00	0.00e+00	0.00e+00	0.00e+00	0.00e+00
 1.42777e+13	1.24e-35	1.04e-27	1.70e-20	3.05e-14	5.51e-09	7.88e-05	1.00e+00	0.00e+00	0.00e+00	0.00e+00	0.00e+00	0.00e+00
 1.47644e+13	0.00e+00	1.41e-27	2.18e-20	3.69e-14	6.26e-09	8.42e-05	1.00e+00	0.00e+00	0.00e+00	0.00e+00	0.00e+00	0.00e+00
 1.53551e+13	2.75e-35	2.02e-27	2.92e-20	4.62e-14	7.28e-09	9.10e-05	1.00e+00	0.00e+00	0.00e+00	0.00e+00	0.00e+00	0.00e+00
 1.59392e+13	4.16e-35	2.86e-27	3.86e-20	5.71e-14	8.40e-09	9.79e-05	1.00e+00	0.00e+00	0.00e+00	0.00e+00	0.00e+00	0.00e+00
 1.64508e+13	5.92e-35	3.84e-27	4.90e-20	6.84e-14	9.48e-09	1.04e-04	1.00e+00	0.00e+00	0.00e+00	0.00e+00	0.00e+00	0.00e+00
 1.70104e+13	8.59e-35	5.25e-27	6.31e-20	8.29e-14	1.08e-08	1.11e-04	1.00e+00	0.00e+00	0.00e+00	0.00e+00	0.00e+00	0.00e+00
 1.76882e+13	1.33e-34	7.57e-27	8.47e-20	1.04e-13	1.25e-08	1.20e-04	1.00e+00	0.00e+00	0.00e+00	0.00e+00	0.00e+00	0.00e+00
 1.83686e+13	2.03e-34	1.08e-26	1.13e-19	1.29e-13	1.45e-08	1.29e-04	1.00e+00	0.00e+00	0.00e+00	0.00e+00	0.00e+00	0.00e+00
 1.89835e+13	2.94e-34	1.47e-26	1.45e-19	1.56e-13	1.64e-08	1.38e-04	1.00e+00	0.00e+00	0.00e+00	0.00e+00	0.00e+00	0.00e+00
 1.96643e+13	4.39e-34	2.06e-26	1.90e-19	1.91e-13	1.88e-08	1.48e-04	1.00e+00	0.00e+00	0.00e+00	0.00e+00	0.00e+00	0.00e+00
 2.04651e+13	6.89e-34	3.00e-26	2.57e-19	2.40e-13	2.20e-08	1.60e-04	1.00e+00	0.00e+00	0.00e+00	0.00e+00	0.00e+00	0.00e+00
 2.12563e+13	1.06e-33	4.31e-26	3.44e-19	2.99e-13	2.55e-08	1.72e-04	1.00e+00	0.00e+00	0.00e+00	0.00e+00	0.00e+00	0.00e+00
 2.19962e+13	1.57e-33	5.98e-26	4.47e-19	3.65e-13	2.91e-08	1.84e-04	1.00e+00	0.00e+00	0.00e+00	0.00e+00	0.00e+00	0.00e+00
 2.28230e+13	2.40e-33	8.51e-26	5.94e-19	4.52e-13	3.35e-08	1.98e-04	1.00e+00	0.00e+00	0.00e+00	0.00e+00	0.00e+00	0.00e+00
 2.37659e+13	3.80e-33	1.25e-25	8.11e-19	5.71e-13	3.92e-08	2.14e-04	1.00e+00	0.00e+00	0.00e+00	0.00e+00	0.00e+00	0.00e+00
 2.47020e+13	5.94e-33	1.82e-25	1.09e-18	7.15e-13	4.56e-08	2.31e-04	1.00e+00	0.00e+00	0.00e+00	0.00e+00	0.00e+00	0.00e+00
 2.56756e+13	9.26e-33	2.63e-25	1.47e-18	8.95e-13	5.30e-08	2.49e-04	1.00e+00	0.00e+00	0.00e+00	0.00e+00	0.00e+00	0.00e+00
 2.67326e+13	1.47e-32	3.88e-25	2.01e-18	1.13e-12	6.20e-08	2.70e-04	1.00e+00	0.00e+00	0.00e+00	0.00e+00	0.00e+00	0.00e+00
 2.78318e+13	2.34e-32	5.72e-25	2.75e-18	1.43e-12	7.25e-08	2.92e-04	1.00e+00	0.00e+00	0.00e+00	0.00e+00	0.00e+00	0.00e+00
 2.88958e+13	3.61e-32	8.21e-25	3.67e-18	1.78e-12	8.39e-08	3.14e-04	1.00e+00	0.00e+00	0.00e+00	0.00e+00	0.00e+00	0.00e+00
 2.98957e+13	5.35e-32	1.14e-24	4.78e-18	2.18e-12	9.58e-08	3.36e-04	1.00e+00	0.00e+00	0.00e+00	0.00e+00	0.00e+00	0.00e+00
 3.10149e+13	8.16e-32	1.62e-24	6.35e-18	2.70e-12	1.11e-07	3.61e-04	1.00e+00	0.00e+00	0.00e+00	0.00e+00	0.00e+00	0.00e+00
 3.21429e+13	1.23e-31	2.29e-24	8.38e-18	3.32e-12	1.27e-07	3.88e-04	1.00e+00	0.00e+00	0.00e+00	0.00e+00	0.00e+00	0.00e+00
 3.30787e+13	1.71e-31	3.02e-24	1.05e-17	3.93e-12	1.42e-07	4.10e-04	1.00e+00	0.00e+00	0.00e+00	0.00e+00	0.00e+00	0.00e+00
 3.40689e+13	2.41e-31	4.01e-24	1.32e-17	4.67e-12	1.60e-07	4.35e-04	1.00e+00	0.00e+00	0.00e+00	0.00e+00	0.00e+00	0.00e+00
 3.53361e+13	3.66e-31	5.69e-24	1.74e-17	5.79e-12	1.84e-07	4.68e-04	1.00e+00	0.00e+00	0.00e+00	0.00e+00	0.00e+00	0.00e+00
 3.66656e+13	5.64e-31	8.20e-24	2.35e-17	7.18e-12	2.13e-07	5.04e-04	9.99e-01	0.00e+00	0.00e+00	0.00e+00	0.00e+00	0.00e+00
 3.78406e+13	8.04e-31	1.10e-23	2.97e-17	8.64e-12	2.41e-07	5.37e-04	9.99e-01	0.00e+00	0.00e+00	0.00e+00	0.00e+00	0.00e+00
 3.91123e+13	1.17e-30	1.51e-23	3.84e-17	1.05e-11	2.75e-07	5.73e-04	9.99e-01	0.00e+00	0.00e+00	0.00e+00	0.00e+00	0.00e+00
 4.06427e+13	1.82e-30	2.18e-23	5.16e-17	1.31e-11	3.19e-07	6.19e-04	9.99e-01	0.00e+00	0.00e+00	0.00e+00	0.00e+00	0.00e+00
 4.21934e+13	2.79e-30	3.12e-23	6.90e-17	1.64e-11	3.70e-07	6.68e-04	9.99e-01	0.00e+00	0.00e+00	0.00e+00	0.00e+00	0.00e+00
 4.36439e+13	4.10e-30	4.32e-23	8.96e-17	2.00e-11	4.23e-07	7.15e-04	9.99e-01	0.00e+00	0.00e+00	0.00e+00	0.00e+00	0.00e+00
 4.52575e+13	6.20e-30	6.11e-23	1.19e-16	2.47e-11	4.88e-07	7.69e-04	9.99e-01	0.00e+00	0.00e+00	0.00e+00	0.00e+00	0.00e+00
 4.69698e+13	9.44e-30	8.70e-23	1.58e-16	3.08e-11	5.65e-07	8.29e-04	9.99e-01	0.00e+00	0.00e+00	0.00e+00	0.00e+00	0.00e+00
 4.84919e+13	1.36e-29	1.18e-22	2.02e-16	3.71e-11	6.40e-07	8.84e-04	9.99e-01	0.00e+00	0.00e+00	0.00e+00	0.00e+00	0.00e+00
 5.01292e+13	1.98e-29	1.62e-22	2.62e-16	4.51e-11	7.30e-07	9.46e-04	9.99e-01	0.00e+00	0.00e+00	0.00e+00	0.00e+00	0.00e+00
 5.20906e+13	3.05e-29	2.33e-22	3.52e-16	5.65e-11	8.50e-07	1.02e-03	9.99e-01	0.00e+00	0.00e+00	0.00e+00	0.00e+00	0.00e+00
 5.40206e+13	4.61e-29	3.30e-22	4.66e-16	7.00e-11	9.81e-07	1.10e-03	9.99e-01	0.00e+00	0.00e+00	0.00e+00	0.00e+00	0.00e+00
 5.57394e+13	6.58e-29	4.45e-22	5.94e-16	8.42e-11	1.11e-06	1.17e-03	9.99e-01	0.00e+00	0.00e+00	0.00e+00	0.00e+00	0.00e+00
 5.76367e+13	9.60e-29	6.12e-22	7.69e-16	1.03e-10	1.27e-06	1.26e-03	9.99e-01	0.00e+00	0.00e+00	0.00e+00	0.00e+00	0.00e+00
 5.98981e+13	1.48e-28	8.82e-22	1.04e-15	1.29e-10	1.48e-06	1.36e-03	9.99e-01	0.00e+00	0.00e+00	0.00e+00	0.00e+00	0.00e+00
 6.21436e+13	2.25e-28	1.25e-21	1.38e-15	1.60e-10	1.71e-06	1.47e-03	9.99e-01	0.00e+00	0.00e+00	0.00e+00	0.00e+00	0.00e+00
 6.41973e+13	3.25e-28	1.71e-21	1.77e-15	1.94e-10	1.94e-06	1.57e-03	9.98e-01	0.00e+00	0.00e+00	0.00e+00	0.00e+00	0.00e+00
 6.64913e+13	4.83e-28	2.38e-21	2.32e-15	2.38e-10	2.23e-06	1.68e-03	9.98e-01	0.00e+00	0.00e+00	0.00e+00	0.00e+00	0.00e+00
 6.91586e+13	7.52e-28	3.47e-21	3.15e-15	3.01e-10	2.61e-06	1.82e-03	9.98e-01	0.00e+00	0.00e+00	0.00e+00	0.00e+00	0.00e+00
 7.17769e+13	1.15e-27	4.94e-21	4.20e-15	3.74e-10	3.02e-06	1.97e-03	9.98e-01	0.00e+00	0.00e+00	0.00e+00	0.00e+00	0.00e+00
 7.42536e+13	1.69e-27	6.83e-21	5.47e-15	4.57e-10	3.45e-06	2.11e-03	9.98e-01	0.00e+00	0.00e+00	0.00e+00	0.00e+00	0.00e+00
 7.70072e+13	2.55e-27	9.67e-21	7.25e-15	5.67e-10	3.99e-06	2.27e-03	9.98e-01	0.00e+00	0.00e+00	0.00e+00	0.00e+00	0.00e+00
 8.01174e+13	3.99e-27	1.41e-20	9.85e-15	7.17e-10	4.67e-06	2.46e-03	9.98e-01	0.00e+00	0.00e+00	0.00e+00	0.00e+00	0.00e+00
 8.30688e+13	6.03e-27	2.00e-20	1.31e-14	8.87e-10	5.38e-06	2.65e-03	9.97e-01	0.00e+00	0.00e+00	0.00e+00	0.00e+00	0.00e+00
 8.57555e+13	8.67e-27	2.71e-20	1.67e-14	1.07e-09	6.11e-06	2.83e-03	9.97e-01	0.00e+00	0.00e+00	0.00e+00	0.00e+00	0.00e+00
 8.87937e+13	1.29e-26	3.78e-20	2.19e-14	1.32e-09	7.01e-06	3.03e-03	9.97e-01	0.00e+00	0.00e+00	0.00e+00	0.00e+00	0.00e+00
 9.23362e+13	2.01e-26	5.51e-20	2.97e-14	1.66e-09	8.18e-06	3.28e-03	9.97e-01	0.00e+00	0.00e+00	0.00e+00	0.00e+00	0.00e+00
 9.57387e+13	3.05e-26	7.81e-20	3.94e-14	2.06e-09	9.44e-06	3.53e-03	9.96e-01	0.00e+00	0.00e+00	0.00e+00	0.00e+00	0.00e+00
 9.88216e+13	4.39e-26	1.06e-19	5.05e-14	2.48e-09	1.07e-05	3.77e-03	9.96e-01	0.00e+00	0.00e+00	0.00e+00	0.00e+00	0.00e+00
 1.01721e+14	6.12e-26	1.40e-19	6.33e-14	2.94e-09	1.20e-05	3.99e-03	9.96e-01	0.00e+00	0.00e+00	0.00e+00	0.00e+00	0.00e+00
 1.04928e+14	8.74e-26	1.89e-19	8.06e-14	3.54e-09	1.36e-05	4.25e-03	9.96e-01	0.00e+00	0.00e+00	0.00e+00	0.00e+00	0.00e+00
 1.08515e+14	1.29e-25	2.62e-19	1.05e-13	4.32e-09	1.55e-05	4.55e-03	9.95e-01	0.00e+00	0.00e+00	0.00e+00	0.00e+00	0.00e+00
 1.11909e+14	1.84e-25	3.53e-19	1.34e-13	5.18e-09	1.75e-05	4.84e-03	9.95e-01	0.00e+00	0.00e+00	0.00e+00	0.00e+00	0.00e+00
 1.15633e+14	2.68e-25	4.84e-19	1.72e-13	6.29e-09	1.99e-05	5.18e-03	9.95e-01	0.00e+00	0.00e+00	0.00e+00	0.00e+00	0.00e+00
 1.19798e+14	4.03e-25	6.82e-19	2.28e-13	7.76e-09	2.29e-05	5.56e-03	9.94e-01	0.00e+00	0.00e+00	0.00e+00	0.00e+00	0.00e+00
 1.23729e+14	5.86e-25	9.34e-19	2.93e-13	9.39e-09	2.61e-05	5.93e-03	9.94e-01	0.00e+00	0.00e+00	0.00e+00	0.00e+00	0.00e+00
 1.28029e+14	8.69e-25	1.30e-18	3.83e-13	1.15e-08	2.98e-05	6.35e-03	9.94e-01	0.00e+00	0.00e+00	0.00e+00	0.00e+00	0.00e+00
 1.32784e+14	1.32e-24	1.85e-18	5.10e-13	1.43e-08	3.45e-05	6.84e-03	9.93e-01	0.00e+00	0.00e+00	0.00e+00	0.00e+00	0.00e+00
 1.37182e+14	1.93e-24	2.54e-18	6.58e-13	1.73e-08	3.92e-05	7.30e-03	9.93e-01	0.00e+00	0.00e+00	0.00e+00	0.00e+00	0.00e+00
 1.41948e+14	2.87e-24	3.54e-18	8.60e-13	2.12e-08	4.49e-05	7.82e-03	9.92e-01	0.00e+00	0.00e+00	0.00e+00	0.00e+00	0.00e+00
 1.47270e+14	4.39e-24	5.06e-18	1.15e-12	2.64e-08	5.20e-05	8.42e-03	9.92e-01	0.00e+00	0.00e+00	0.00e+00	0.00e+00	0.00e+00
 1.52268e+14	6.46e-24	7.00e-18	1.49e-12	3.22e-08	5.93e-05	9.01e-03	9.91e-01	0.00e+00	0.00e+00	0.00e+00	0.00e+00	0.00e+00
 1.57716e+14	9.66e-24	9.82e-18	1.96e-12	3.96e-08	6.81e-05	9.67e-03	9.90e-01	0.00e+00	0.00e+00	0.00e+00	0.00e+00	0.00e+00
 1.63777e+14	1.49e-23	1.42e-17	2.64e-12	4.95e-08	7.91e-05	1.04e-02	9.89e-01	0.00e+00	0.00e+00	0.00e+00	0.00e+00	0.00e+00
 1.69445e+14	2.21e-23	1.96e-17	3.44e-12	6.06e-08	9.05e-05	1.12e-02	9.89e-01	0.00e+00	0.00e+00	0.00e+00	0.00e+00	0.00e+00
 1.75589e+14	3.32e-23	2.77e-17	4.54e-12	7.48e-08	1.04e-04	1.20e-02	9.88e-01	0.00e+00	0.00e+00	0.00e+00	0.00e+00	0.00e+00
 1.82454e+14	5.13e-23	4.00e-17	6.12e-12	9.39e-08	1.21e-04	1.30e-02	9.87e-01	0.00e+00	0.00e+00	0.00e+00	0.00e+00	0.00e+00
 1.88986e+14	7.65e-23	5.60e-17	8.04e-12	1.16e-07	1.39e-04	1.40e-02	9.86e-01	0.00e+00	0.00e+00	0.00e+00	0.00e+00	0.00e+00
 1.95968e+14	1.15e-22	7.92e-17	1.07e-11	1.43e-07	1.61e-04	1.50e-02	9.85e-01	0.00e+00	0.00e+00	0.00e+00	0.00e+00	0.00e+00
 2.03837e+14	1.79e-22	1.15e-16	1.44e-11	1.81e-07	1.88e-04	1.63e-02	9.84e-01	0.00e+00	0.00e+00	0.00e+00	0.00e+00	0.00e+00
 2.11605e+14	2.72e-22	1.64e-16	1.93e-11	2.26e-07	2.18e-04	1.76e-02	9.82e-01	0.00e+00	0.00e+00	0.00e+00	0.00e+00	0.00e+00
 2.19684e+14	4.13e-22	2.33e-16	2.58e-11	2.82e-07	2.53e-04	1.90e-02	9.81e-01	0.00e+00	0.00e+00	0.00e+00	0.00e+00	0.00e+00
 2.28502e+14	6.36e-22	3.37e-16	3.48e-11	3.55e-07	2.95e-04	2.06e-02	9.79e-01	0.00e+00	0.00e+00	0.00e+00	0.00e+00	0.00e+00
 2.35999e+14	9.10e-22	4.57e-16	4.47e-11	4.30e-07	3.35e-04	2.20e-02	9.78e-01	0.00e+00	0.00e+00	0.00e+00	0.00e+00	0.00e+00
 2.41546e+14	1.17e-21	5.67e-16	5.33e-11	4.93e-07	3.67e-04	2.31e-02	9.77e-01	0.00e+00	0.00e+00	0.00e+00	0.00e+00	0.00e+00
 2.47398e+14	1.52e-21	7.07e-16	6.40e-11	5.68e-07	4.03e-04	2.43e-02	9.75e-01	0.00e+00	0.00e+00	0.00e+00	0.00e+00	0.00e+00
 2.55006e+14	2.10e-21	9.35e-16	8.06e-11	6.79e-07	4.55e-04	2.59e-02	9.74e-01	0.00e+00	0.00e+00	0.00e+00	0.00e+00	0.00e+00
 2.63375e+14	2.97e-21	1.26e-15	1.03e-10	8.21e-07	5.16e-04	2.77e-02	9.72e-01	0.00e+00	0.00e+00	0.00e+00	0.00e+00	0.00e+00
 2.71088e+14	4.03e-21	1.64e-15	1.28e-10	9.72e-07	5.78e-04	2.94e-02	9.70e-01	0.00e+00	0.00e+00	0.00e+00	0.00e+00	0.00e+00
 2.79469e+14	5.56e-21	2.16e-15	1.61e-10	1.16e-06	6.51e-04	3.14e-02	9.68e-01	0.00e+00	0.00e+00	0.00e+00	0.00e+00	0.00e+00
 2.88909e+14	7.88e-21	2.92e-15	2.08e-10	1.41e-06	7.41e-04	3.36e-02	9.66e-01	0.00e+00	0.00e+00	0.00e+00	0.00e+00	0.00e+00
 2.97927e+14	1.08e-20	3.85e-15	2.61e-10	1.69e-06	8.36e-04	3.59e-02	9.63e-01	0.00e+00	0.00e+00	0.00e+00	0.00e+00	0.00e+00
 3.07852e+14	1.52e-20	5.16e-15	3.34e-10	2.05e-06	9.50e-04	3.85e-02	9.61e-01	0.00e+00	0.00e+00	0.00e+00	0.00e+00	0.00e+00
 3.18915e+14	2.18e-20	7.07e-15	4.36e-10	2.52e-06	1.09e-03	4.15e-02	9.57e-01	0.00e+00	0.00e+00	0.00e+00	0.00e+00	0.00e+00
 3.29354e+14	3.04e-20	9.45e-15	5.55e-10	3.05e-06	1.24e-03	4.44e-02	9.54e-01	0.00e+00	0.00e+00	0.00e+00	0.00e+00	0.00e+00
 3.40820e+14	4.30e-20	1.28e-14	7.17e-10	3.72e-06	1.41e-03	4.78e-02	9.51e-01	0.00e+00	0.00e+00	0.00e+00	0.00e+00	0.00e+00
 3.53573e+14	6.22e-20	1.77e-14	9.44e-10	4.61e-06	1.63e-03	5.17e-02	9.47e-01	0.00e+00	0.00e+00	0.00e+00	0.00e+00	0.00e+00
 3.65440e+14	8.65e-20	2.37e-14	1.21e-09	5.59e-06	1.85e-03	5.54e-02	9.43e-01	0.00e+00	0.00e+00	0.00e+00	0.00e+00	0.00e+00
 3.78305e+14	1.22e-19	3.22e-14	1.56e-09	6.85e-06	2.11e-03	5.97e-02	9.38e-01	0.00e+00	0.00e+00	0.00e+00	0.00e+00	0.00e+00
 3.92665e+14	1.77e-19	4.47e-14	2.07e-09	8.51e-06	2.43e-03	6.46e-02	9.33e-01	0.00e+00	0.00e+00	0.00e+00	0.00e+00	0.00e+00
 4.06112e+14	2.48e-19	6.01e-14	2.65e-09	1.03e-05	2.77e-03	6.93e-02	9.28e-01	0.00e+00	0.00e+00	0.00e+00	0.00e+00	0.00e+00
 4.20736e+14	3.51e-19	8.20e-14	3.45e-09	1.27e-05	3.17e-03	7.47e-02	9.22e-01	0.00e+00	0.00e+00	0.00e+00	0.00e+00	0.00e+00
 4.37066e+14	5.12e-19	1.15e-13	4.59e-09	1.59e-05	3.66e-03	8.09e-02	9.15e-01	0.00e+00	0.00e+00	0.00e+00	0.00e+00	0.00e+00
 4.52407e+14	7.20e-19	1.56e-13	5.94e-09	1.94e-05	4.17e-03	8.69e-02	9.09e-01	0.00e+00	0.00e+00	0.00e+00	0.00e+00	0.00e+00
 4.68891e+14	1.03e-18	2.13e-13	7.76e-09	2.38e-05	4.77e-03	9.36e-02	9.02e-01	0.00e+00	0.00e+00	0.00e+00	0.00e+00	0.00e+00
 4.87278e+14	1.50e-18	3.00e-13	1.03e-08	2.98e-05	5.51e-03	1.01e-01	8.93e-01	0.00e+00	0.00e+00	0.00e+00	0.00e+00	0.00e+00
 5.04968e+14	2.14e-18	4.12e-13	1.35e-08	3.65e-05	6.29e-03	1.09e-01	8.85e-01	0.00e+00	0.00e+00	0.00e+00	0.00e+00	0.00e+00
 5.23763e+14	3.08e-18	5.71e-13	1.78e-08	4.51e-05	7.20e-03	1.17e-01	8.76e-01	0.00e+00	0.00e+00	0.00e+00	0.00e+00	0.00e+00
 5.44744e+14	4.56e-18	8.11e-13	2.39e-08	5.65e-05	8.32e-03	1.27e-01	8.65e-01	0.00e+00	0.00e+00	0.00e+00	0.00e+00	0.00e+00
 5.65663e+14	6.66e-18	1.14e-12	3.17e-08	7.01e-05	9.56e-03	1.37e-01	8.54e-01	0.00e+00	0.00e+00	0.00e+00	0.00e+00	0.00e+00
 5.82954e+14	9.00e-18	1.49e-12	3.97e-08	8.33e-05	1.07e-02	1.45e-01	8.44e-01	0.00e+00	0.00e+00	0.00e+00	0.00e+00	0.00e+00
 5.96378e+14	1.13e-17	1.83e-12	4.71e-08	9.48e-05	1.16e-02	1.51e-01	8.37e-01	0.00e+00	0.00e+00	0.00e+00	0.00e+00	0.00e+00
 6.11000e+14	1.45e-17	2.28e-12	5.65e-08	1.09e-04	1.26e-02	1.58e-01	8.29e-01	0.00e+00	0.00e+00	0.00e+00	0.00e+00	0.00e+00
 6.30008e+14	1.98e-17	3.01e-12	7.12e-08	1.29e-04	1.41e-02	1.68e-01	8.18e-01	0.00e+00	0.00e+00	0.00e+00	0.00e+00	0.00e+00
 6.50594e+14	2.81e-17	4.04e-12	9.07e-08	1.55e-04	1.58e-02	1.78e-01	8.06e-01	0.00e+00	0.00e+00	1.62e-17	8.44e-18	2.84e-18
 6.69112e+14	3.75e-17	5.22e-12	1.12e-07	1.82e-04	1.75e-02	1.87e-01	7.95e-01	0.00e+00	0.00e+00	2.15e-17	1.13e-17	3.79e-18
 6.89069e+14	5.08e-17	6.83e-12	1.40e-07	2.15e-04	1.94e-02	1.97e-01	7.83e-01	0.00e+00	0.00e+00	2.92e-17	1.53e-17	5.12e-18
 7.14370e+14	7.39e-17	9.51e-12	1.83e-07	2.63e-04	2.20e-02	2.10e-01	7.68e-01	0.00e+00	0.00e+00	4.25e-17	2.23e-17	7.44e-18
 7.39929e+14	1.07e-16	1.31e-11	2.39e-07	3.19e-04	2.49e-02	2.23e-01	7.52e-01	0.00e+00	0.00e+00	6.14e-17	3.22e-17	1.07e-17
 7.61467e+14	1.44e-16	1.71e-11	2.96e-07	3.74e-04	2.74e-02	2.34e-01	7.38e-01	0.00e+00	0.00e+00	8.31e-17	4.35e-17	1.44e-17
 7.84471e+14	1.97e-16	2.25e-11	3.70e-07	4.41e-04	3.03e-02	2.46e-01	7.23e-01	0.00e+00	0.00e+00	1.14e-16	5.94e-17	1.97e-17
 8.13438e+14	2.90e-16	3.14e-11	4.85e-07	5.37e-04	3.43e-02	2.60e-01	7.05e-01	0.00e+00	0.00e+00	1.67e-16	8.73e-17	2.88e-17
 8.43838e+14	4.28e-16	4.40e-11	6.37e-07	6.56e-04	3.87e-02	2.75e-01	6.85e-01	0.00e+00	0.00e+00	2.47e-16	1.29e-16	4.24e-17
 8.71308e+14	6.01e-16	5.91e-11	8.06e-07	7.79e-04	4.30e-02	2.89e-01	6.67e-01	0.00e+00	0.00e+00	3.48e-16	1.81e-16	5.94e-17
 9.01289e+14	8.65e-16	8.07e-11	1.04e-06	9.33e-04	4.80e-02	3.03e-01	6.48e-01	0.00e+00	0.00e+00	5.00e-16	2.61e-16	8.53e-17
 9.36615e+14	1.31e-15	1.15e-10	1.38e-06	1.14e-03	5.43e-02	3.19e-01	6.25e-01	0.00e+00	0.00e+00	7.59e-16	3.95e-16	1.29e-16
 9.71149e+14	1.94e-15	1.60e-10	1.79e-06	1.38e-03	6.07e-02	3.35e-01	6.03e-01	0.00e+00	0.00e+00	1.12e-15	5.83e-16	1.90e-16
 1.00280e+15	2.75e-15	2.15e-10	2.26e-06	1.63e-03	6.71e-02	3.48e-01	5.83e-01	0.00e+00	0.00e+00	1.59e-15	8.27e-16	2.69e-16
 1.03844e+15	4.01e-15	2.96e-10	2.91e-06	1.95e-03	7.46e-02	3.63e-01	5.60e-01	0.00e+00	0.00e+00	2.33e-15	1.21e-15	3.93e-16
 1.07977e+15	6.14e-15	4.22e-10	3.85e-06	2.38e-03	8.37e-02	3.79e-01	5.35e-01	0.00e+00	0.00e+00	3.56e-15	1.85e-15	6.00e-16
 1.12029e+15	9.21e-15	5.91e-10	5.01e-06	2.87e-03	9.32e-02	3.94e-01	5.10e-01	0.00e+00	0.00e+00	5.34e-15	2.78e-15	8.99e-16
 1.15858e+15	1.33e-14	8.00e-10	6.36e-06	3.39e-03	1.03e-01	4.06e-01	4.88e-01	0.00e+00	0.00e+00	7.73e-15	4.02e-15	1.30e-15
 1.20111e+15	1.97e-14	1.11e-09	8.18e-06	4.04e-03	1.13e-01	4.20e-01	4.63e-01	0.00e+00	0.00e+00	1.15e-14	5.96e-15	1.92e-15
 1.24165e+15	2.84e-14	1.49e-09	1.03e-05	4.74e-03	1.24e-01	4.31e-01	4.41e-01	0.00e+00	0.00e+00	1.65e-14	8.57e-15	2.76e-15
 1.27203e+15	3.70e-14	1.85e-09	1.22e-05	5.32e-03	1.32e-01	4.39e-01	4.24e-01	0.00e+00	0.00e+00	2.15e-14	1.12e-14	3.60e-15
 1.30284e+15	4.82e-14	2.28e-09	1.44e-05	5.95e-03	1.41e-01	4.46e-01	4.08e-01	0.00e+00	0.00e+00	2.80e-14	1.45e-14	4.68e-15
 1.34290e+15	6.71e-14	2.98e-09	1.77e-05	6.85e-03	1.52e-01	4.54e-01	3.87e-01	0.00e+00	0.00e+00	3.90e-14	2.03e-14	6.52e-15
 1.38635e+15	9.51e-14	3.94e-09	2.19e-05	7.93e-03	1.64e-01	4.62e-01	3.66e-01	0.00e+00	0.00e+00	5.52e-14	2.87e-14	9.24e-15
 1.42537e+15	1.29e-13	5.02e-09	2.64e-05	8.99e-03	1.76e-01	4.68e-01	3.47e-01	0.00e+00	0.00e+00	7.48e-14	3.89e-14	1.25e-14
 1.46726e+15	1.77e-13	6.45e-09	3.20e-05	1.02e-02	1.88e-01	4.73e-01	3.28e-01	0.00e+00	0.00e+00	1.03e-13	5.34e-14	1.72e-14
 1.52078e+15	2.62e-13	8.80e-09	4.05e-05	1.20e-02	2.04e-01	4.78e-01	3.05e-01	0.00e+00	0.00e+00	1.52e-13	7.92e-14	2.54e-14
 1.57483e+15	3.82e-13	1.18e-08	5.08e-05	1.39e-02	2.21e-01	4.82e-01	2.83e-01	0.00e+00	0.00e+00	2.22e-13	1.15e-13	3.71e-14
 1.61980e+15	5.18e-13	1.50e-08	6.10e-05	1.57e-02	2.34e-01	4.84e-01	2.66e-01	0.00e+00	0.00e+00	3.01e-13	1.57e-13	5.03e-14
 1.66753e+15	7.10e-13	1.92e-08	7.34e-05	1.77e-02	2.49e-01	4.85e-01	2.49e-01	0.00e+00	0.00e+00	4.12e-13	2.15e-13	6.89e-14
 1.72842e+15	1.04e-12	2.59e-08	9.21e-05	2.05e-02	2.67e-01	4.84e-01	2.28e-01	0.00e+00	0.00e+00	6.07e-13	3.16e-13	1.01e-13
 1.79215e+15	1.54e-12	3.49e-08	1.15e-04	2.37e-02	2.86e-01	4.82e-01	2.08e-01	0.00e+00	0.00e+00	8.93e-13	4.65e-13	1.49e-13
 1.84805e+15	2.13e-12	4.49e-08	1.39e-04	2.68e-02	3.02e-01	4.78e-01	1.92e-01	0.00e+00	0.00e+00	1.24e-12	6.43e-13	2.06e-13
 1.90801e+15	2.99e-12	5.82e-08	1.70e-04	3.03e-02	3.20e-01	4.73e-01	1.76e-01	0.00e+00	0.00e+00	1.74e-12	9.03e-13	2.90e-13
 1.98076e+15	4.43e-12	7.87e-08	2.13e-04	3.49e-02	3.40e-01	4.66e-01	1.59e-01	0.00e+00	0.00e+00	2.57e-12	1.34e-12	4.30e-13
 2.05295e+15	6.41e-12	1.04e-07	2.63e-04	3.98e-02	3.60e-01	4.58e-01	1.43e-01	0.00e+00	0.00e+00	3.73e-12	1.94e-12	6.22e-13
 2.11661e+15	8.80e-12	1.33e-07	3.15e-04	4.45e-02	3.76e-01	4.49e-01	1.30e-01	0.00e+00	0.00e+00	5.12e-12	2.66e-12	8.55e-13
 2.18635e+15	1.24e-11	1.72e-07	3.81e-04	4.99e-02	3.94e-01	4.39e-01	1.17e-01	0.00e+00	0.00e+00	7.19e-12	3.74e-12	1.20e-12
 2.26319e+15	1.77e-11	2.26e-07	4.65e-04	5.62e-02	4.12e-01	4.27e-01	1.05e-01	0.00e+00	0.00e+00	1.03e-11	5.36e-12	1.72e-12
 2.33384e+15	2.42e-11	2.86e-07	5.54e-04	6.24e-02	4.28e-01	4.15e-01	9.45e-02	0.00e+00	0.00e+00	1.41e-11	7.35e-12	2.36e-12
 2.39442e+15	3.15e-11	3.49e-07	6.40e-04	6.79e-02	4.40e-01	4.05e-01	8.65e-02	0.00e+00	0.00e+00	1.83e-11	9.54e-12	3.06e-12
 2.45730e+15	4.11e-11	4.26e-07	7.40e-04	7.39e-02	4.53e-01	3.94e-01	7.88e-02	0.00e+00	0.00e+00	2.39e-11	1.25e-11	4.00e-12
 2.52807e+15	5.49e-11	5.30e-07	8.67e-04	8.10e-02	4.66e-01	3.81e-01	7.10e-02	0.00e+00	0.00e+00	3.19e-11	1.67e-11	5.34e-12
 2.59561e+15	7.16e-11	6.46e-07	1.00e-03	8.79e-02	4.78e-01	3.69e-01	6.43e-02	0.00e+00	0.00e+00	4.16e-11	2.17e-11	6.96e-12
 2.66990e+15	9.55e-11	8.01e-07	1.17e-03	9.59e-02	4.90e-01	3.55e-01	5.76e-02	0.00e+00	0.00e+00	5.55e-11	2.90e-11	9.29e-12
 2.75098e+15	1.29e-10	1.00e-06	1.38e-03	1.05e-01	5.02e-01	3.41e-01	5.12e-02	0.00e+00	0.00e+00	7.48e-11	3.90e-11	1.25e-11
 2.82548e+15	1.67e-10	1.22e-06	1.59e-03	1.14e-01	5.12e-01	3.27e-01	4.59e-02	0.00e+00	0.00e+00	9.74e-11	5.08e-11	1.63e-11
 2.90691e+15	2.23e-10	1.51e-06	1.85e-03	1.23e-01	5.21e-01	3.13e-01	4.07e-02	0.00e+00	0.00e+00	1.30e-10	6.77e-11	2.17e-11
 2.99726e+15	3.01e-10	1.89e-06	2.17e-03	1.34e-01	5.31e-01	2.97e-01	3.57e-02	0.00e+00	0.00e+00	1.75e-10	9.13e-11	2.93e-11
 3.08284e+15	3.95e-10	2.32e-06	2.52e-03	1.45e-01	5.38e-01	2.83e-01	3.16e-02	0.00e+00	0.00e+00	2.30e-10	1.20e-10	3.85e-11
 3.17774e+15	5.33e-10	2.90e-06	2.95e-03	1.58e-01	5.45e-01	2.67e-01	2.75e-02	0.00e+00	0.00e+00	3.10e-10	1.62e-10	5.20e-11
 3.28096e+15	7.24e-10	3.65e-06	3.48e-03	1.71e-01	5.51e-01	2.50e-01	2.37e-02	0.00e+00	0.00e+00	4.21e-10	2.20e-10	7.07e-11
 3.37386e+15	9.41e-10	4.45e-06	4.00e-03	1.84e-01	5.55e-01	2.36e-01	2.08e-02	0.00e+00	0.00e+00	5.47e-10	2.86e-10	9.19e-11
 3.47347e+15	1.25e-09	5.51e-06	4.65e-03	1.98e-01	5.58e-01	2.22e-01	1.80e-02	0.00e+00	0.00e+00	7.29e-10	3.81e-10	1.22e-10
 3.58399e+15	1.68e-09	6.86e-06	5.44e-03	2.14e-01	5.59e-01	2.06e-01	1.54e-02	0.00e+00	0.00e+00	9.76e-10	5.10e-10	1.64e-10
 3.68774e+15	2.19e-09	8.39e-06	6.28e-03	2.29e-01	5.59e-01	1.93e-01	1.33e-02	0.00e+00	0.00e+00	1.27e-09	6.66e-10	2.14e-10
 3.80163e+15	2.93e-09	1.04e-05	7.31e-03	2.45e-01	5.58e-01	1.78e-01	1.13e-02	0.00e+00	0.00e+00	1.70e-09	8.90e-10	2.87e-10
 3.92592e+15	3.94e-09	1.30e-05	8.58e-03	2.64e-01	5.54e-01	1.64e-01	9.47e-03	0.00e+00	0.00e+00	2.29e-09	1.20e-09	3.86e-10
 4.03282e+15	4.99e-09	1.56e-05	9.78e-03	2.80e-01	5.50e-01	1.52e-01	8.17e-03	0.00e+00	0.00e+00	2.90e-09	1.52e-09	4.90e-10
 4.12563e+15	6.15e-09	1.83e-05	1.09e-02	2.94e-01	5.46e-01	1.42e-01	7.18e-03	0.00e+00	0.00e+00	3.58e-09	1.87e-09	6.04e-10
 4.23100e+15	7.82e-09	2.19e-05	1.24e-02	3.09e-01	5.40e-01	1.32e-01	6.18e-03	0.00e+00	0.00e+00	4.55e-09	2.38e-09	7.69e-10
 4.34325e+15	9.93e-09	2.63e-05	1.41e-02	3.27e-01	5.32e-01	1.22e-01	5.28e-03	0.00e+00	0.00e+00	5.78e-09	3.02e-09	9.78e-10
 4.44505e+15	1.22e-08	3.07e-05	1.58e-02	3.42e-01	5.25e-01	1.13e-01	4.59e-03	0.00e+00	0.00e+00	7.11e-09	3.72e-09	1.20e-09
 4.54309e+15	1.49e-08	3.58e-05	1.76e-02	3.56e-01	5.17e-01	1.05e-01	4.00e-03	0.00e+00	0.00e+00	8.68e-09	4.54e-09	1.47e-09
 4.65564e+15	1.88e-08	4.26e-05	1.99e-02	3.73e-01	5.07e-01	9.65e-02	3.41e-03	0.00e+00	0.00e+00	1.09e-08	5.73e-09	1.86e-09
 4.78042e+15	2.40e-08	5.13e-05	2.27e-02	3.91e-01	4.95e-01	8.77e-02	2.87e-03	0.00e+00	0.00e+00	1.40e-08	7.32e-09	2.37e-09
 4.89599e+15	2.97e-08	6.03e-05	2.56e-02	4.08e-01	4.84e-01	8.02e-02	2.44e-03	0.00e+00	0.00e+00	1.73e-08	9.05e-09	2.93e-09
 5.00207e+15	3.62e-08	7.02e-05	2.85e-02	4.23e-01	4.72e-01	7.38e-02	2.11e-03	0.00e+00	0.00e+00	2.10e-08	1.10e-08	3.58e-09
 5.12091e+15	4.56e-08	8.35e-05	3.22e-02	4.40e-01	4.59e-01	6.70e-02	1.78e-03	0.00e+00	0.00e+00	2.65e-08	1.39e-08	4.51e-09
 5.25210e+15	5.81e-08	1.00e-04	3.67e-02	4.58e-01	4.43e-01	6.02e-02	1.47e-03	0.00e+00	0.00e+00	3.38e-08	1.77e-08	5.76e-09
 5.37268e+15	7.18e-08	1.18e-04	4.12e-02	4.74e-01	4.29e-01	5.45e-02	1.24e-03	0.00e+00	0.00e+00	4.18e-08	2.19e-08	7.12e-09
 5.48555e+15	8.75e-08	1.38e-04	4.60e-02	4.88e-01	4.15e-01	4.95e-02	1.06e-03	0.00e+00	0.00e+00	5.09e-08	2.67e-08	8.69e-09
 5.61508e+15	1.13e-07	1.66e-04	5.24e-02	5.05e-01	3.98e-01	4.41e-02	8.68e-04	0.00e+00	0.00e+00	6.56e-08	3.44e-08	1.12e-08
 5.75238e+15	1.42e-07	1.99e-04	5.96e-02	5.20e-01	3.80e-01	3.91e-02	7.12e-04	0.00e+00	0.00e+00	8.26e-08	4.33e-08	1.41e-08
 5.87297e+15	1.76e-07	2.34e-04	6.69e-02	5.34e-01	3.64e-01	3.50e-02	5.95e-04	0.00e+00	0.00e+00	1.02e-07	5.36e-08	1.75e-08
 5.98565e+15	2.17e-07	2.74e-04	7.47e-02	5.45e-01	3.48e-01	3.15e-02	5.00e-04	0.00e+00	0.00e+00	1.26e-07	6.62e-08	2.16e-08
 6.11489e+15	2.79e-07	3.31e-04	8.50e-02	5.57e-01	3.30e-01	2.76e-02	4.06e-04	0.00e+00	0.00e+00	1.62e-07	8.53e-08	2.78e-08
 6.25128e+15	3.53e-07	3.98e-04	9.69e-02	5.68e-01	3.10e-01	2.41e-02	3.28e-04	0.00e+00	0.00e+00	2.06e-07	1.08e-07	3.53e-08
 6.36714e+15	4.38e-07	4.69e-04	1.09e-01	5.76e-01	2.93e-01	2.14e-02	2.71e-04	0.00e+00	0.00e+00	2.55e-07	1.34e-07	4.38e-08
 6.46749e+15	5.36e-07	5.45e-04	1.20e-01	5.81e-01	2.78e-01	1.91e-02	2.28e-04	0.00e+00	0.00e+00	3.12e-07	1.64e-07	5.36e-08
 6.57747e+15	6.77e-07	6.49e-04	1.35e-01	5.86e-01	2.61e-01	1.68e-02	1.86e-04	0.00e+00	0.00e+00	3.94e-07	2.07e-07	6.78e-08
 6.69277e+15	8.39e-07	7.66e-04	1.52e-01	5.89e-01	2.44e-01	1.46e-02	1.52e-04	0.00e+00	0.00e+00	4.88e-07	2.57e-07	8.40e-08
 6.79373e+15	1.05e-06	9.05e-04	1.69e-01	5.89e-01	2.28e-01	1.28e-02	1.25e-04	0.00e+00	0.00e+00	6.12e-07	3.22e-07	1.05e-07
 6.87408e+15	1.24e-06	1.02e-03	1.84e-01	5.87e-01	2.15e-01	1.16e-02	1.07e-04	0.00e+00	0.00e+00	7.21e-07	3.79e-07	1.24e-07
 6.93732e+15	1.43e-06	1.14e-03	1.98e-01	5.85e-01	2.05e-01	1.06e-02	9.37e-05	0.00e+00	0.00e+00	8.30e-07	4.37e-07	1.43e-07
 7.00794e+15	1.69e-06	1.29e-03	2.14e-01	5.81e-01	1.93e-01	9.49e-03	8.01e-05	0.00e+00	0.00e+00	9.84e-07	5.18e-07	1.70e-07
 7.08480e+15	1.99e-06	1.46e-03	2.33e-01	5.76e-01	1.81e-01	8.45e-03	6.79e-05	0.00e+00	0.00e+00	1.16e-06	6.11e-07	2.00e-07
 7.15582e+15	2.30e-06	1.63e-03	2.52e-01	5.69e-01	1.69e-01	7.54e-03	5.78e-05	0.00e+00	0.00e+00	1.34e-06	7.04e-07	2.31e-07
 7.23420e+15	2.79e-06	1.89e-03	2.77e-01	5.59e-01	1.56e-01	6.56e-03	4.75e-05	0.00e+00	0.00e+00	1.63e-06	8.56e-07	2.81e-07
 7.31328e+15	3.41e-06	2.19e-03	3.04e-01	5.46e-01	1.43e-01	5.66e-03	3.86e-05	0.00e+00	0.00e+00	1.99e-06	1.05e-06	3.43e-07
 7.37482e+15	4.17e-06	2.52e-03	3.27e-01	5.33e-01	1.32e-01	4.98e-03	3.22e-05	0.00e+00	0.00e+00	2.42e-06	1.28e-06	4.19e-07
 7.42350e+15	4.75e-06	2.77e-03	3.47e-01	5.22e-01	1.24e-01	4.48e-03	2.79e-05	0.00e+00	0.00e+00	2.77e-06	1.46e-06	4.79e-07
 7.47391e+15	5.35e-06	3.03e-03	3.69e-01	5.09e-01	1.15e-01	4.01e-03	2.40e-05	0.00e+00	0.00e+00	3.11e-06	1.64e-06	5.39e-07
 7.53945e+15	6.79e-06	3.57e-03	4.01e-01	4.88e-01	1.04e-01	3.37e-03	1.89e-05	0.00e+00	0.00e+00	3.95e-06	2.08e-06	6.84e-07
 7.60164e+15	8.01e-06	4.03e-03	4.31e-01	4.69e-01	9.34e-02	2.89e-03	1.54e-05	0.00e+00	0.00e+00	4.66e-06	2.46e-06	8.08e-07
 7.65048e+15	9.34e-06	4.49e-03	4.57e-01	4.51e-01	8.52e-02	2.51e-03	1.27e-05	0.00e+00	0.00e+00	5.43e-06	2.87e-06	9.42e-07
 7.70497e+15	1.08e-05	4.97e-03	4.87e-01	4.30e-01	7.63e-02	2.13e-03	1.03e-05	0.00e+00	0.00e+00	6.25e-06	3.30e-06	1.09e-06
 7.77580e+15	1.43e-05	6.02e-03	5.32e-01	3.96e-01	6.45e-02	1.66e-03	7.34e-06	0.00e+00	0.00e+00	8.33e-06	4.40e-06	1.45e-06
 7.83834e+15	1.72e-05	6.84e-03	5.69e-01	3.68e-01	5.55e-02	1.33e-03	5.55e-06	0.00e+00	0.00e+00	1.00e-05	5.28e-06	1.74e-06
 7.87984e+15	2.00e-05	7.55e-03	5.96e-01	3.46e-01	4.95e-02	1.13e-03	4.47e-06	0.00e+00	0.00e+00	1.16e-05	6.13e-06	2.02e-06
 7.92351e+15	2.25e-05	8.20e-03	6.23e-01	3.25e-01	4.35e-02	9.43e-04	3.56e-06	0.00e+00	0.00e+00	1.31e-05	6.90e-06	2.28e-06
 7.98028e+15	2.87e-05	9.59e-03	6.61e-01	2.92e-01	3.60e-02	7.16e-04	2.49e-06	0.00e+00	0.00e+00	1.67e-05	8.82e-06	2.91e-06
 8.03423e+15	3.43e-05	1.08e-02	6.95e-01	2.64e-01	2.99e-02	5.54e-04	1.80e-06	0.00e+00	0.00e+00	2.00e-05	1.05e-05	3.48e-06
 8.07592e+15	3.99e-05	1.19e-02	7.20e-01	2.42e-01	2.56e-02	4.45e-04	1.36e-06	0.00e+00	0.00e+00	2.32e-05	1.22e-05	4.05e-06
 8.12153e+15	4.75e-05	1.32e-02	7.48e-01	2.17e-01	2.12e-02	3.41e-04	9.69e-07	0.00e+00	0.00e+00	2.76e-05	1.46e-05	4.83e-06
 8.17261e+15	5.73e-05	1.48e-02	7.77e-01	1.91e-01	1.70e-02	2.51e-04	0.00e+00	0.00e+00	0.00e+00	3.33e-05	1.76e-05	5.83e-06
 8.21293e+15	6.57e-05	1.61e-02	7.97e-01	1.72e-01	1.42e-02	1.97e-04	0.00e+00	0.00e+00	0.00e+00	3.82e-05	2.02e-05	6.69e-06
 8.24073e+15	7.26e-05	1.71e-02	8.11e-01	1.60e-01	1.25e-02	1.64e-04	0.00e+00	0.00e+00	0.00e+00	4.22e-05	2.23e-05	7.40e-06
 8.27013e+15	8.10e-05	1.83e-02	8.24e-01	1.46e-01	1.08e-02	1.34e-04	0.00e+00	0.00e+00	0.00e+00	4.71e-05	2.49e-05	8.26e-06
 8.30835e+15	9.33e-05	1.98e-02	8.41e-01	1.30e-01	8.85e-03	1.02e-04	0.00e+00	0.00e+00	0.00e+00	5.43e-05	2.87e-05	9.52e-06
 8.34824e+15	1.08e-04	2.16e-02	8.56e-01	1.15e-01	7.20e-03	7.66e-05	0.00e+00	0.00e+00	0.00e+00	6.26e-05	3.31e-05	1.10e-05
 8.38218e+15	1.21e-04	2.31e-02	8.67e-01	1.03e-01	6.00e-03	5.96e-05	0.00e+00	0.00e+00	0.00e+00	7.06e-05	3.74e-05	1.24e-05
 8.41817e+15	1.38e-04	2.49e-02	8.78e-01	9.16e-02	4.90e-03	4.50e-05	0.00e+00	0.00e+00	0.00e+00	8.05e-05	4.25e-05	1.42e-05
 8.45824e+15	1.60e-04	2.69e-02	8.89e-01	8.01e-02	3.90e-03	3.28e-05	0.00e+00	0.00e+00	0.00e+00	9.28e-05	4.91e-05	1.63e-05
 8.49551e+15	1.81e-04	2.89e-02	8.97e-01	7.06e-02	3.16e-03	2.45e-05	0.00e+00	0.00e+00	0.00e+00	1.06e-04	5.58e-05	1.86e-05
 8.53016e+15	2.05e-04	3.09e-02	9.04e-01	6.26e-02	2.58e-03	1.84e-05	0.00e+00	0.00e+00	0.00e+00	1.19e-04	6.30e-05	2.10e-05
 8.56951e+15	2.35e-04	3.34e-02	9.10e-01	5.44e-02	2.04e-03	1.33e-05	0.00e+00	0.00e+00	0.00e+00	1.37e-04	7.22e-05	2.41e-05
 8.61215e+15	2.71e-04	3.61e-02	9.15e-01	4.69e-02	1.58e-03	9.33e-06	0.00e+00	0.00e+00	0.00e+00	1.58e-04	8.35e-05	2.79e-05
 8.65045e+15	3.09e-04	3.87e-02	9.19e-01	4.10e-02	1.26e-03	6.81e-06	0.00e+00	0.00e+00	0.00e+00	1.80e-04	9.50e-05	3.17e-05
 8.68603e+15	3.49e-04	4.13e-02	9.21e-01	3.61e-02	1.02e-03	5.03e-06	0.00e+00	0.00e+00	0.00e+00	2.03e-04	1.07e-04	3.59e-05
 8.72670e+15	4.00e-04	4.45e-02	9.23e-01	3.11e-02	7.94e-04	3.53e-06	0.00e+00	0.00e+00	0.00e+00	2.33e-04	1.23e-04	4.12e-05
 8.77091e+15	4.64e-04	4.82e-02	9.24e-01	2.66e-02	6.10e-04	2.43e-06	0.00e+00	0.00e+00	0.00e+00	2.70e-04	1.43e-04	4.77e-05
 8.81049e+15	5.29e-04	5.17e-02	9.24e-01	2.32e-02	4.84e-04	1.75e-06	0.00e+00	0.00e+00	0.00e+00	3.08e-04	1.63e-04	5.44e-05
 8.84687e+15	5.95e-04	5.51e-02	9.24e-01	2.04e-02	3.90e-04	1.28e-06	0.00e+00	0.00e+00	0.00e+00	3.46e-04	1.83e-04	6.13e-05
 8.88835e+15	6.85e-04	5.94e-02	9.22e-01	1.76e-02	3.03e-04	8.94e-07	0.00e+00	0.00e+00	0.00e+00	3.99e-04	2.11e-04	7.06e-05
 8.93291e+15	7.97e-04	6.44e-02	9.20e-01	1.50e-02	2.34e-04	0.00e+00	0.00e+00	0.00e+00	0.00e+00	4.64e-04	2.45e-04	8.21e-05
 8.97223e+15	9.08e-04	6.91e-02	9.17e-01	1.31e-02	1.86e-04	0.00e+00	0.00e+00	0.00e+00	0.00e+00	5.28e-04	2.79e-04	9.36e-05
 9.01410e+15	1.05e-03	7.47e-02	9.13e-01	1.13e-02	1.45e-04	0.00e+00	0.00e+00	0.00e+00	0.00e+00	6.10e-04	3.23e-04	1.08e-04
 9.05895e+15	1.23e-03	8.12e-02	9.08e-01	9.64e-03	1.12e-04	0.00e+00	0.00e+00	0.00e+00	0.00e+00	7.13e-04	3.77e-04	1.26e-04
 9.09811e+15	1.40e-03	8.74e-02	9.03e-01	8.43e-03	8.95e-05	0.00e+00	0.00e+00	0.00e+00	0.00e+00	8.16e-04	4.32e-04	1.45e-04
 9.13359e+15	1.59e-03	9.36e-02	8.97e-01	7.43e-03	7.28e-05	0.00e+00	0.00e+00	0.00e+00	0.00e+00	9.27e-04	4.90e-04	1.64e-04
 9.17390e+15	1.83e-03	1.01e-01	8.91e-01	6.44e-03	5.75e-05	0.00e+00	0.00e+00	0.00e+00	0.00e+00	1.07e-03	5.64e-04	1.89e-04
 9.21860e+15	2.16e-03	1.10e-01	8.82e-01	5.50e-03	4.44e-05	0.00e+00	0.00e+00	0.00e+00	0.00e+00	1.25e-03	6.63e-04	2.23e-04
 9.25881e+15	2.51e-03	1.20e-01	8.73e-01	4.76e-03	3.54e-05	0.00e+00	0.00e+00	0.00e+00	0.00e+00	1.46e-03	7.72e-04	2.59e-04
 9.29369e+15	2.86e-03	1.28e-01	8.64e-01	4.20e-03	2.89e-05	0.00e+00	0.00e+00	0.00e+00	0.00e+00	1.66e-03	8.80e-04	2.95e-04
