#depth	He	He+	He+2
 1.49634e+10	5.80e-21	9.79e-11	1.00e+00
 4.54887e+10	6.81e-21	1.07e-10	1.00e+00
 7.72350e+10	7.91e-21	1.16e-10	1.00e+00
 1.10251e+11	9.19e-21	1.27e-10	1.00e+00
 1.41450e+11	1.06e-20	1.38e-10	1.00e+00
 1.69597e+11	1.19e-20	1.48e-10	1.00e+00
 2.01292e+11	1.35e-20	1.59e-10	1.00e+00
 2.38554e+11	1.57e-20	1.74e-10	1.00e+00
 2.75630e+11	1.81e-20	1.89e-10	1.00e+00
 3.10585e+11	2.06e-20	2.04e-10	1.00e+00
 3.49332e+11	2.36e-20	2.22e-10	1.00e+00
 3.93232e+11	2.75e-20	2.43e-10	1.00e+00
 4.36766e+11	3.18e-20	2.65e-10	1.00e+00
 4.82041e+11	3.66e-20	2.90e-10	1.00e+00
 5.31249e+11	4.26e-20	3.18e-10	1.00e+00
 5.81123e+11	4.92e-20	3.48e-10	1.00e+00
 6.32991e+11	5.68e-20	3.81e-10	1.00e+00
 6.86417e+11	6.56e-20	4.17e-10	1.00e+00
 7.41980e+11	7.55e-20	4.57e-10	1.00e+00
 8.01586e+11	8.73e-20	5.03e-10	1.00e+00
 8.63576e+11	1.01e-19	5.53e-10	1.00e+00
 9.28046e+11	1.16e-19	6.09e-10	1.00e+00
 9.95095e+11	1.34e-19	6.71e-10	1.00e+00
 1.06483e+12	1.54e-19	7.39e-10	1.00e+00
 1.12805e+12	1.74e-19	8.05e-10	1.00e+00
 1.18100e+12	1.92e-19	8.62e-10	1.00e+00
 1.23911e+12	2.13e-19	9.28e-10	1.00e+00
 1.31236e+12	2.41e-19	1.02e-09	1.00e+00
 1.38859e+12	2.74e-19	1.11e-09	1.00e+00
 1.45396e+12	3.03e-19	1.20e-09	1.00e+00
 1.52191e+12	3.36e-19	1.29e-09	1.00e+00
 1.60649e+12	3.80e-19	1.42e-09	1.00e+00
 1.69214e+12	4.30e-19	1.55e-09	1.00e+00
 1.76682e+12	4.77e-19	1.67e-09	1.00e+00
 1.84780e+12	5.30e-19	1.81e-09	1.00e+00
 1.94640e+12	6.01e-19	1.99e-09	1.00e+00
 2.04675e+12	6.81e-19	2.18e-09	1.00e+00
 2.13885e+12	7.60e-19	2.36e-09	1.00e+00
 2.24140e+12	8.55e-19	2.57e-09	1.00e+00
 2.36031e+12	9.77e-19	2.83e-09	1.00e+00
 2.47762e+12	1.11e-18	3.09e-09	1.00e+00
 2.58995e+12	1.25e-18	3.36e-09	1.00e+00
 2.71382e+12	1.42e-18	3.67e-09	1.00e+00
 2.85230e+12	1.64e-18	4.03e-09	1.00e+00
 2.97817e+12	1.86e-18	4.38e-09	1.00e+00
 3.08409e+12	2.06e-18	4.68e-09	1.00e+00
 3.20055e+12	2.30e-18	5.02e-09	1.00e+00
 3.33203e+12	2.60e-18	5.43e-09	1.00e+00
 3.45793e+12	2.91e-18	5.83e-09	1.00e+00
 3.59652e+12	3.29e-18	6.29e-09	1.00e+00
 3.75045e+12	3.77e-18	6.82e-09	1.00e+00
 3.89470e+12	4.26e-18	7.34e-09	1.00e+00
 4.05257e+12	4.85e-18	7.92e-09	1.00e+00
 4.23014e+12	5.60e-18	8.62e-09	1.00e+00
 4.39978e+12	6.39e-18	9.30e-09	1.00e+00
 4.58567e+12	7.36e-18	1.01e-08	1.00e+00
 4.78296e+12	8.52e-18	1.10e-08	1.00e+00
 4.95550e+12	9.65e-18	1.17e-08	1.00e+00
 5.13911e+12	1.10e-17	1.26e-08	1.00e+00
 5.36271e+12	1.28e-17	1.37e-08	1.00e+00
 5.58574e+12	1.48e-17	1.49e-08	1.00e+00
 5.78265e+12	1.68e-17	1.59e-08	1.00e+00
 5.99816e+12	1.92e-17	1.71e-08	1.00e+00
 6.25733e+12	2.24e-17	1.86e-08	1.00e+00
 6.51654e+12	2.60e-17	2.01e-08	1.00e+00
 6.75239e+12	2.97e-17	2.16e-08	1.00e+00
 7.01462e+12	3.43e-17	2.33e-08	1.00e+00
 7.32106e+12	4.03e-17	2.54e-08	1.00e+00
 7.62346e+12	4.70e-17	2.75e-08	1.00e+00
 7.90941e+12	5.40e-17	2.96e-08	1.00e+00
 8.22717e+12	6.27e-17	3.20e-08	1.00e+00
 8.58618e+12	7.39e-17	3.48e-08	1.00e+00
 8.94714e+12	8.65e-17	3.78e-08	1.00e+00
 9.32255e+12	1.01e-16	4.10e-08	1.00e+00
 9.72537e+12	1.19e-16	4.46e-08	1.00e+00
 1.01443e+13	1.40e-16	4.85e-08	1.00e+00
 1.05436e+13	1.63e-16	5.23e-08	1.00e+00
 1.09081e+13	1.86e-16	5.60e-08	1.00e+00
 1.12521e+13	2.10e-16	5.95e-08	1.00e+00
 1.16316e+13	2.38e-16	6.35e-08	1.00e+00
 1.20570e+13	2.74e-16	6.83e-08	1.00e+00
 1.24596e+13	3.12e-16	7.28e-08	1.00e+00
 1.29003e+13	3.57e-16	7.80e-08	1.00e+00
 1.33944e+13	4.13e-16	8.40e-08	1.00e+00
 1.38528e+13	4.71e-16	8.97e-08	1.00e+00
 1.42777e+13	5.29e-16	9.52e-08	1.00e+00
 1.47644e+13	6.03e-16	1.02e-07	1.00e+00
 1.53551e+13	7.03e-16	1.10e-07	1.00e+00
 1.59392e+13	8.12e-16	1.18e-07	1.00e+00
 1.64508e+13	9.18e-16	1.26e-07	1.00e+00
 1.70104e+13	1.05e-15	1.34e-07	1.00e+00
 1.76882e+13	1.22e-15	1.45e-07	1.00e+00
 1.83686e+13	1.41e-15	1.56e-07	1.00e+00
 1.89835e+13	1.60e-15	1.66e-07	1.00e+00
 1.96643e+13	1.84e-15	1.78e-07	1.00e+00
 2.04651e+13	2.14e-15	1.93e-07	1.00e+00
 2.12563e+13	2.48e-15	2.08e-07	1.00e+00
 2.19962e+13	2.84e-15	2.22e-07	1.00e+00
 2.28230e+13	3.27e-15	2.39e-07	1.00e+00
 2.37659e+13	3.83e-15	2.58e-07	1.00e+00
 2.47020e+13	4.45e-15	2.79e-07	1.00e+00
 2.56756e+13	5.17e-15	3.01e-07	1.00e+00
 2.67326e+13	6.05e-15	3.25e-07	1.00e+00
 2.78318e+13	7.08e-15	3.52e-07	1.00e+00
 2.88958e+13	8.20e-15	3.79e-07	1.00e+00
 2.98957e+13	9.36e-15	4.06e-07	1.00e+00
 3.10149e+13	1.08e-14	4.36e-07	1.00e+00
 3.21429e+13	1.24e-14	4.68e-07	1.00e+00
 3.30787e+13	1.39e-14	4.95e-07	1.00e+00
 3.40689e+13	1.56e-14	5.25e-07	1.00e+00
 3.53361e+13	1.80e-14	5.65e-07	1.00e+00
 3.66656e+13	2.08e-14	6.08e-07	1.00e+00
 3.78406e+13	2.36e-14	6.48e-07	1.00e+00
 3.91123e+13	2.68e-14	6.92e-07	1.00e+00
 4.06427e+13	3.12e-14	7.47e-07	1.00e+00
 4.21934e+13	3.62e-14	8.06e-07	1.00e+00
 4.36439e+13	4.14e-14	8.63e-07	1.00e+00
 4.52575e+13	4.77e-14	9.28e-07	1.00e+00
 4.69698e+13	5.53e-14	1.00e-06	1.00e+00
 4.84919e+13	6.28e-14	1.07e-06	1.00e+00
 5.01292e+13	7.16e-14	1.14e-06	1.00e+00
 5.20906e+13	8.34e-14	1.24e-06	1.00e+00
 5.40206e+13	9.63e-14	1.33e-06	1.00e+00
 5.57394e+13	1.09e-13	1.42e-06	1.00e+00
 5.76367e+13	1.25e-13	1.52e-06	1.00e+00
 5.98981e+13	1.45e-13	1.64e-06	1.00e+00
 6.21436e+13	1.68e-13	1.77e-06	1.00e+00
 6.41973e+13	1.91e-13	1.90e-06	1.00e+00
 6.64913e+13	2.19e-13	2.04e-06	1.00e+00
 6.91586e+13	2.56e-13	2.21e-06	1.00e+00
 7.17769e+13	2.97e-13	2.38e-06	1.00e+00
 7.42536e+13	3.39e-13	2.55e-06	1.00e+00
 7.70072e+13	3.91e-13	2.75e-06	1.00e+00
 8.01174e+13	4.57e-13	2.99e-06	1.00e+00
 8.30688e+13	5.25e-13	3.21e-06	1.00e+00
 8.57555e+13	5.95e-13	3.43e-06	1.00e+00
 8.87937e+13	6.81e-13	3.68e-06	1.00e+00
 9.23362e+13	7.92e-13	3.99e-06	1.00e+00
 9.57387e+13	9.10e-13	4.29e-06	1.00e+00
 9.88216e+13	1.03e-12	4.58e-06	1.00e+00
 1.01721e+14	1.15e-12	4.86e-06	1.00e+00
 1.04928e+14	1.29e-12	5.18e-06	1.00e+00
 1.08515e+14	1.47e-12	5.54e-06	1.00e+00
 1.11909e+14	1.65e-12	5.90e-06	1.00e+00
 1.15633e+14	1.87e-12	6.30e-06	1.00e+00
 1.19798e+14	2.13e-12	6.77e-06	1.00e+00
 1.23729e+14	2.41e-12	7.23e-06	1.00e+00
 1.28029e+14	2.74e-12	7.75e-06	1.00e+00
 1.32784e+14	3.13e-12	8.35e-06	1.00e+00
 1.37182e+14	3.54e-12	8.92e-06	1.00e+00
 1.41948e+14	4.02e-12	9.56e-06	1.00e+00
 1.47270e+14	4.60e-12	1.03e-05	1.00e+00
 1.52268e+14	5.21e-12	1.10e-05	1.00e+00
 1.57716e+14	5.93e-12	1.18e-05	1.00e+00
 1.63777e+14	6.82e-12	1.28e-05	1.00e+00
 1.69445e+14	7.73e-12	1.37e-05	1.00e+00
 1.75589e+14	8.82e-12	1.47e-05	1.00e+00
 1.82454e+14	1.02e-11	1.60e-05	1.00e+00
 1.88986e+14	1.16e-11	1.72e-05	1.00e+00
 1.95968e+14	1.33e-11	1.85e-05	1.00e+00
 2.03837e+14	1.54e-11	2.01e-05	1.00e+00
 2.11605e+14	1.77e-11	2.17e-05	1.00e+00
 2.19684e+14	2.03e-11	2.35e-05	1.00e+00
 2.28502e+14	2.36e-11	2.55e-05	1.00e+00
 2.35999e+14	2.67e-11	2.73e-05	1.00e+00
 2.41546e+14	2.91e-11	2.86e-05	1.00e+00
 2.47398e+14	3.19e-11	3.01e-05	1.00e+00
 2.55006e+14	3.59e-11	3.21e-05	1.00e+00
 2.63375e+14	4.07e-11	3.44e-05	1.00e+00
 2.71088e+14	4.56e-11	3.67e-05	1.00e+00
 2.79469e+14	5.13e-11	3.91e-05	1.00e+00
 2.88909e+14	5.85e-11	4.21e-05	1.00e+00
 2.97927e+14	6.61e-11	4.50e-05	1.00e+00
 3.07852e+14	7.54e-11	4.83e-05	1.00e+00
 3.18915e+14	8.70e-11	5.22e-05	1.00e+00
 3.29354e+14	9.90e-11	5.61e-05	1.00e+00
 3.40820e+14	1.14e-10	6.05e-05	1.00e+00
 3.53573e+14	1.32e-10	6.56e-05	1.00e+00
 3.65440e+14	1.52e-10	7.07e-05	1.00e+00
 3.78305e+14	1.75e-10	7.63e-05	1.00e+00
 3.92665e+14	2.05e-10	8.30e-05	1.00e+00
 4.06112e+14	2.36e-10	8.95e-05	1.00e+00
 4.20736e+14	2.74e-10	9.70e-05	1.00e+00
 4.37066e+14	3.22e-10	1.06e-04	1.00e+00
 4.52407e+14	3.73e-10	1.14e-04	1.00e+00
 4.68891e+14	4.34e-10	1.24e-04	1.00e+00
 4.87278e+14	5.12e-10	1.35e-04	1.00e+00
 5.04968e+14	5.97e-10	1.46e-04	1.00e+00
 5.23763e+14	6.99e-10	1.59e-04	1.00e+00
 5.44744e+14	8.28e-10	1.74e-04	1.00e+00
 5.65663e+14	9.75e-10	1.89e-04	1.00e+00
 5.82954e+14	1.11e-09	2.03e-04	1.00e+00
 5.96378e+14	1.23e-09	2.13e-04	1.00e+00
 6.11000e+14	1.36e-09	2.25e-04	1.00e+00
 6.30008e+14	1.56e-09	2.41e-04	1.00e+00
 6.50594e+14	1.79e-09	2.59e-04	1.00e+00
 6.69112e+14	2.02e-09	2.76e-04	1.00e+00
 6.89069e+14	2.30e-09	2.95e-04	1.00e+00
 7.14370e+14	2.68e-09	3.20e-04	1.00e+00
 7.39929e+14	3.12e-09	3.46e-04	1.00e+00
 7.61467e+14	3.54e-09	3.69e-04	1.00e+00
 7.84471e+14	4.03e-09	3.94e-04	1.00e+00
 8.13438e+14	4.71e-09	4.27e-04	1.00e+00
 8.43838e+14	5.53e-09	4.64e-04	1.00e+00
 8.71308e+14	6.35e-09	4.98e-04	1.00e+00
 9.01289e+14	7.35e-09	5.36e-04	9.99e-01
 9.36615e+14	8.68e-09	5.84e-04	9.99e-01
 9.71149e+14	1.02e-08	6.32e-04	9.99e-01
 1.00280e+15	1.16e-08	6.78e-04	9.99e-01
 1.03844e+15	1.35e-08	7.32e-04	9.99e-01
 1.07977e+15	1.60e-08	7.97e-04	9.99e-01
 1.12029e+15	1.88e-08	8.64e-04	9.99e-01
 1.15858e+15	2.16e-08	9.29e-04	9.99e-01
 1.20111e+15	2.53e-08	1.00e-03	9.99e-01
 1.24165e+15	2.91e-08	1.08e-03	9.99e-01
 1.27203e+15	3.23e-08	1.14e-03	9.99e-01
 1.30284e+15	3.58e-08	1.20e-03	9.99e-01
 1.34290e+15	4.07e-08	1.28e-03	9.99e-01
 1.38635e+15	4.66e-08	1.37e-03	9.99e-01
 1.42537e+15	5.23e-08	1.45e-03	9.99e-01
 1.46726e+15	5.92e-08	1.54e-03	9.98e-01
 1.52078e+15	6.88e-08	1.67e-03	9.98e-01
 1.57483e+15	7.97e-08	1.79e-03	9.98e-01
 1.61980e+15	8.97e-08	1.90e-03	9.98e-01
 1.66753e+15	1.01e-07	2.03e-03	9.98e-01
 1.72842e+15	1.18e-07	2.19e-03	9.98e-01
 1.79215e+15	1.37e-07	2.36e-03	9.98e-01
 1.84805e+15	1.55e-07	2.51e-03	9.97e-01
 1.90801e+15	1.77e-07	2.69e-03	9.97e-01
 1.98076e+15	2.07e-07	2.91e-03	9.97e-01
 2.05295e+15	2.40e-07	3.13e-03	9.97e-01
 2.11661e+15	2.72e-07	3.34e-03	9.97e-01
 2.18635e+15	3.11e-07	3.57e-03	9.96e-01
 2.26319e+15	3.59e-07	3.84e-03	9.96e-01
 2.33384e+15	4.07e-07	4.09e-03	9.96e-01
 2.39442e+15	4.52e-07	4.31e-03	9.96e-01
 2.45730e+15	5.03e-07	4.56e-03	9.95e-01
 2.52807e+15	5.67e-07	4.83e-03	9.95e-01
 2.59561e+15	6.31e-07	5.10e-03	9.95e-01
 2.66990e+15	7.10e-07	5.42e-03	9.95e-01
 2.75098e+15	8.03e-07	5.76e-03	9.94e-01
 2.82548e+15	8.96e-07	6.09e-03	9.94e-01
 2.90691e+15	1.01e-06	6.47e-03	9.94e-01
 2.99726e+15	1.14e-06	6.90e-03	9.93e-01
 3.08284e+15	1.28e-06	7.31e-03	9.93e-01
 3.17774e+15	1.46e-06	7.80e-03	9.92e-01
 3.28096e+15	1.66e-06	8.35e-03	9.92e-01
 3.37386e+15	1.86e-06	8.84e-03	9.91e-01
 3.47347e+15	2.11e-06	9.43e-03	9.91e-01
 3.58399e+15	2.40e-06	1.01e-02	9.90e-01
 3.68774e+15	2.70e-06	1.07e-02	9.89e-01
 3.80163e+15	3.07e-06	1.15e-02	9.89e-01
 3.92592e+15	3.50e-06	1.23e-02	9.88e-01
 4.03282e+15	3.91e-06	1.30e-02	9.87e-01
 4.12563e+15	4.30e-06	1.37e-02	9.86e-01
 4.23100e+15	4.80e-06	1.46e-02	9.85e-01
 4.34325e+15	5.37e-06	1.55e-02	9.85e-01
 4.44505e+15	5.91e-06	1.63e-02	9.84e-01
 4.54309e+15	6.49e-06	1.72e-02	9.83e-01
 4.65564e+15	7.25e-06	1.83e-02	9.82e-01
 4.78042e+15	8.15e-06	1.96e-02	9.80e-01
 4.89599e+15	9.05e-06	2.08e-02	9.79e-01
 5.00207e+15	9.97e-06	2.21e-02	9.78e-01
 5.12091e+15	1.12e-05	2.36e-02	9.76e-01
 5.25210e+15	1.26e-05	2.54e-02	9.75e-01
 5.37268e+15	1.40e-05	2.71e-02	9.73e-01
 5.48555e+15	1.56e-05	2.89e-02	9.71e-01
 5.61508e+15	1.77e-05	3.13e-02	9.69e-01
 5.75238e+15	2.00e-05	3.39e-02	9.66e-01
 5.87297e+15	2.25e-05	3.66e-02	9.63e-01
 5.98565e+15	2.51e-05	3.93e-02	9.61e-01
 6.11489e+15	2.87e-05	4.30e-02	9.57e-01
 6.25128e+15	3.29e-05	4.72e-02	9.53e-01
 6.36714e+15	3.72e-05	5.13e-02	9.49e-01
 6.46749e+15	4.16e-05	5.53e-02	9.45e-01
 6.57747e+15	4.75e-05	6.06e-02	9.39e-01
 6.69277e+15	5.41e-05	6.66e-02	9.33e-01
 6.79373e+15	6.16e-05	7.28e-02	9.27e-01
 6.87408e+15	6.81e-05	7.84e-02	9.22e-01
 6.93732e+15	7.42e-05	8.33e-02	9.17e-01
 7.00794e+15	8.22e-05	8.95e-02	9.10e-01
 7.08480e+15	9.14e-05	9.69e-02	9.03e-01
 7.15582e+15	1.01e-04	1.05e-01	8.95e-01
 7.23420e+15	1.15e-04	1.15e-01	8.85e-01
 7.31328e+15	1.30e-04	1.26e-01	8.74e-01
 7.37482e+15	1.46e-04	1.36e-01	8.64e-01
 7.42350e+15	1.59e-04	1.45e-01	8.55e-01
 7.47391e+15	1.73e-04	1.55e-01	8.45e-01
 7.53945e+15	1.98e-04	1.70e-01	8.30e-01
 7.60164e+15	2.23e-04	1.85e-01	8.14e-01
 7.65048e+15	2.47e-04	2.00e-01	8.00e-01
 7.70497e+15	2.75e-04	2.17e-01	7.83e-01
 7.77580e+15	3.25e-04	2.43e-01	7.57e-01
 7.83834e+15	3.71e-04	2.68e-01	7.31e-01
 7.87984e+15	4.09e-04	2.87e-01	7.12e-01
 7.92351e+15	4.51e-04	3.10e-01	6.90e-01
 7.98028e+15	5.20e-04	3.41e-01	6.59e-01
 8.03423e+15	5.89e-04	3.73e-01	6.27e-01
 8.07592e+15	6.49e-04	3.99e-01	6.00e-01
 8.12153e+15	7.25e-04	4.30e-01	5.69e-01
 8.17261e+15	8.18e-04	4.67e-01	5.32e-01
 8.21293e+15	8.94e-04	4.96e-01	5.03e-01
 8.24073e+15	9.50e-04	5.16e-01	4.83e-01
 8.27013e+15	1.02e-03	5.39e-01	4.60e-01
 8.30835e+15	1.10e-03	5.68e-01	4.31e-01
 8.34824e+15	1.20e-03	5.98e-01	4.01e-01
 8.38218e+15	1.28e-03	6.23e-01	3.76e-01
 8.41817e+15	1.38e-03	6.49e-01	3.49e-01
 8.45824e+15	1.49e-03	6.77e-01	3.21e-01
 8.49551e+15	1.59e-03	7.02e-01	2.97e-01
 8.53016e+15	1.69e-03	7.24e-01	2.74e-01
 8.56951e+15	1.80e-03	7.48e-01	2.50e-01
 8.61215e+15	1.93e-03	7.71e-01	2.27e-01
 8.65045e+15	2.04e-03	7.91e-01	2.07e-01
 8.68603e+15	2.16e-03	8.08e-01	1.90e-01
 8.72670e+15	2.28e-03	8.26e-01	1.72e-01
 8.77091e+15	2.43e-03	8.43e-01	1.55e-01
 8.81049e+15	2.55e-03	8.57e-01	1.41e-01
 8.84687e+15	2.68e-03	8.69e-01	1.29e-01
 8.88835e+15	2.82e-03	8.81e-01	1.16e-01
 8.93291e+15	2.99e-03	8.92e-01	1.05e-01
 8.97223e+15	3.14e-03	9.01e-01	9.54e-02
 9.01410e+15	3.30e-03	9.10e-01	8.63e-02
 9.05895e+15	3.50e-03	9.19e-01	7.78e-02
 9.09811e+15	3.67e-03	9.25e-01	7.13e-02
 9.13359e+15	3.84e-03	9.30e-01	6.58e-02
 9.17390e+15	4.04e-03	9.36e-01	5.99e-02
 9.21860e+15	4.28e-03	9.41e-01	5.43e-02
 9.25881e+15	4.52e-03	9.46e-01	4.99e-02
 9.29369e+15	4.74e-03	9.49e-01	4.63e-02
 9.33188e+15	4.99e-03	9.52e-01	4.26e-02
 9.37433e+15	5.31e-03	9.56e-01	3.90e-02
 9.41336e+15	5.63e-03	9.58e-01	3.60e-02
 9.44872e+15	5.95e-03	9.61e-01	3.35e-02
 9.48828e+15	6.34e-03	9.63e-01	3.08e-02
 9.53234e+15	6.83e-03	9.65e-01	2.83e-02
 9.57258e+15	7.32e-03	9.67e-01	2.62e-02
 9.60866e+15	7.83e-03	9.68e-01	2.44e-02
 9.64900e+15	8.47e-03	9.69e-01	2.25e-02
 9.69422e+15	9.29e-03	9.70e-01	2.07e-02
 9.73505e+15	1.02e-02	9.71e-01	1.92e-02
 9.76947e+15	1.10e-02	9.71e-01	1.80e-02
 9.80633e+15	1.20e-02	9.71e-01	1.68e-02
 9.84685e+15	1.34e-02	9.71e-01	1.56e-02
 9.88264e+15	1.48e-02	9.70e-01	1.47e-02
 9.91038e+15	1.62e-02	9.70e-01	1.40e-02
 9.93256e+15	1.74e-02	9.69e-01	1.34e-02
 9.95677e+15	1.88e-02	9.68e-01	1.29e-02
 9.98396e+15	2.07e-02	9.67e-01	1.23e-02
 1.00085e+16	2.28e-02	9.65e-01	1.18e-02
 1.00290e+16	2.48e-02	9.64e-01	1.14e-02
 1.00475e+16	2.67e-02	9.62e-01	1.10e-02
 1.00687e+16	2.93e-02	9.60e-01	1.06e-02
 1.00916e+16	3.27e-02	9.57e-01	1.03e-02
 1.01112e+16	3.61e-02	9.54e-01	9.96e-03
 1.01274e+16	3.93e-02	9.51e-01	9.73e-03
 1.01448e+16	4.32e-02	9.47e-01	9.47e-03
 1.01642e+16	4.83e-02	9.42e-01	9.23e-03
 1.01815e+16	5.37e-02	9.37e-01	9.03e-03
 1.01959e+16	5.89e-02	9.32e-01	8.88e-03
 1.02116e+16	6.54e-02	9.26e-01	8.71e-03
 1.02290e+16	7.36e-02	9.18e-01	8.58e-03
 1.02450e+16	8.28e-02	9.09e-01	8.48e-03
 1.02588e+16	9.18e-02	9.00e-01	8.42e-03
 1.02715e+16	1.01e-01	8.90e-01	8.35e-03
 1.02833e+16	1.11e-01	8.80e-01	8.33e-03
 1.02942e+16	1.22e-01	8.70e-01	8.32e-03
 1.03048e+16	1.33e-01	8.58e-01	8.29e-03
 1.03154e+16	1.46e-01	8.46e-01	8.32e-03
 1.03251e+16	1.59e-01	8.33e-01	8.32e-03
 1.03336e+16	1.71e-01	8.21e-01	8.36e-03
 1.03402e+16	1.81e-01	8.11e-01	8.38e-03
 1.03447e+16	1.88e-01	8.04e-01	8.39e-03
 1.03487e+16	1.95e-01	7.97e-01	8.41e-03
 1.03534e+16	2.03e-01	7.88e-01	8.42e-03
 1.03586e+16	2.13e-01	7.78e-01	8.44e-03
 1.03637e+16	2.23e-01	7.68e-01	8.45e-03
 1.03684e+16	2.32e-01	7.59e-01	8.48e-03
 1.03729e+16	2.43e-01	7.49e-01	8.48e-03
 1.03776e+16	2.53e-01	7.39e-01	8.51e-03
 1.03823e+16	2.64e-01	7.28e-01	8.51e-03
 1.03869e+16	2.75e-01	7.17e-01	8.54e-03
 1.03915e+16	2.87e-01	7.05e-01	8.55e-03
 1.03960e+16	2.98e-01	6.93e-01	8.57e-03
 1.04006e+16	3.11e-01	6.81e-01	8.56e-03
 1.04051e+16	3.23e-01	6.68e-01	8.59e-03
 1.04096e+16	3.36e-01	6.55e-01	8.59e-03
 1.04142e+16	3.50e-01	6.41e-01	8.57e-03
 1.04186e+16	3.64e-01	6.28e-01	8.57e-03
 1.04230e+16	3.77e-01	6.14e-01	8.57e-03
 1.04275e+16	3.92e-01	5.99e-01	8.54e-03
 1.04319e+16	4.06e-01	5.85e-01	8.53e-03
 1.04364e+16	4.22e-01	5.70e-01	8.49e-03
 1.04408e+16	4.37e-01	5.55e-01	8.47e-03
 1.04452e+16	4.53e-01	5.39e-01	8.42e-03
 1.04497e+16	4.69e-01	5.23e-01	8.36e-03
 1.04542e+16	4.85e-01	5.07e-01	8.31e-03
 1.04586e+16	5.01e-01	4.91e-01	8.24e-03
 1.04631e+16	5.18e-01	4.74e-01	8.16e-03
 1.04675e+16	5.34e-01	4.58e-01	8.08e-03
 1.04719e+16	5.50e-01	4.42e-01	7.98e-03
 1.04763e+16	5.66e-01	4.26e-01	7.88e-03
 1.04807e+16	5.83e-01	4.10e-01	7.76e-03
 1.04850e+16	5.99e-01	3.94e-01	7.64e-03
 1.04894e+16	6.14e-01	3.78e-01	7.50e-03
 1.04938e+16	6.30e-01	3.63e-01	7.36e-03
 1.04983e+16	6.45e-01	3.47e-01	7.21e-03
 1.05028e+16	6.60e-01	3.33e-01	7.06e-03
 1.05073e+16	6.76e-01	3.18e-01	6.88e-03
 1.05120e+16	6.90e-01	3.03e-01	6.71e-03
 1.05167e+16	7.05e-01	2.89e-01	6.52e-03
 1.05215e+16	7.19e-01	2.75e-01	6.32e-03
 1.05265e+16	7.33e-01	2.61e-01	6.12e-03
 1.05317e+16	7.46e-01	2.48e-01	5.91e-03
 1.05372e+16	7.59e-01	2.35e-01	5.69e-03
 1.05428e+16	7.72e-01	2.23e-01	5.47e-03
 1.05487e+16	7.84e-01	2.11e-01	5.25e-03
 1.05550e+16	7.96e-01	1.99e-01	5.02e-03
 1.05618e+16	8.07e-01	1.88e-01	4.79e-03
 1.05693e+16	8.18e-01	1.78e-01	4.57e-03
 1.05774e+16	8.28e-01	1.68e-01	4.34e-03
 1.05851e+16	8.36e-01	1.60e-01	4.14e-03
 1.05919e+16	8.42e-01	1.54e-01	3.99e-03
 1.05989e+16	8.48e-01	1.48e-01	3.84e-03
 1.06070e+16	8.53e-01	1.43e-01	3.69e-03
 1.06160e+16	8.58e-01	1.38e-01	3.54e-03
 1.06258e+16	8.63e-01	1.34e-01	3.41e-03
 1.06364e+16	8.67e-01	1.30e-01	3.28e-03
 1.06478e+16	8.71e-01	1.26e-01	3.15e-03
 1.06604e+16	8.74e-01	1.23e-01	3.03e-03
 1.06741e+16	8.77e-01	1.20e-01	2.92e-03
 1.06889e+16	8.80e-01	1.17e-01	2.80e-03
 1.07046e+16	8.83e-01	1.14e-01	2.69e-03
 1.07210e+16	8.85e-01	1.12e-01	2.58e-03
 1.07378e+16	8.88e-01	1.10e-01	2.48e-03
 1.07548e+16	8.90e-01	1.08e-01	2.39e-03
 1.07722e+16	8.92e-01	1.06e-01	2.29e-03
 1.07894e+16	8.94e-01	1.04e-01	2.21e-03
 1.08062e+16	8.96e-01	1.02e-01	2.12e-03
 1.08227e+16	8.98e-01	9.99e-02	2.05e-03
 1.08390e+16	9.00e-01	9.82e-02	1.97e-03
 1.08553e+16	9.02e-01	9.65e-02	1.90e-03
 1.08711e+16	9.03e-01	9.49e-02	1.83e-03
 1.08868e+16	9.05e-01	9.33e-02	1.77e-03
 1.09023e+16	9.07e-01	9.18e-02	1.71e-03
 1.09178e+16	9.08e-01	9.03e-02	1.65e-03
 1.09330e+16	9.10e-01	8.89e-02	1.60e-03
 1.09481e+16	9.11e-01	8.75e-02	1.55e-03
 1.09630e+16	9.12e-01	8.61e-02	1.50e-03
 1.09778e+16	9.14e-01	8.48e-02	1.45e-03
 1.09926e+16	9.15e-01	8.35e-02	1.40e-03
 1.10073e+16	9.16e-01	8.23e-02	1.36e-03
 1.10219e+16	9.18e-01	8.10e-02	1.32e-03
 1.10365e+16	9.19e-01	7.98e-02	1.28e-03
 1.10512e+16	9.20e-01	7.86e-02	1.24e-03
 1.10659e+16	9.21e-01	7.74e-02	1.20e-03
 1.10808e+16	9.23e-01	7.63e-02	1.16e-03
 1.10958e+16	9.24e-01	7.51e-02	1.12e-03
 1.11112e+16	9.25e-01	7.39e-02	1.09e-03
 1.11273e+16	9.26e-01	7.27e-02	1.05e-03
 1.11440e+16	9.27e-01	7.15e-02	1.01e-03
 1.11612e+16	9.29e-01	7.03e-02	9.75e-04
 1.11792e+16	9.30e-01	6.90e-02	9.39e-04
 1.11984e+16	9.31e-01	6.77e-02	9.01e-04
 1.12192e+16	9.33e-01	6.62e-02	8.61e-04
 1.12423e+16	9.34e-01	6.47e-02	8.20e-04
 1.12688e+16	9.36e-01	6.30e-02	7.74e-04
 1.12980e+16	9.38e-01	6.11e-02	7.27e-04
 1.13267e+16	9.40e-01	5.94e-02	6.85e-04
 1.13528e+16	9.41e-01	5.79e-02	6.49e-04
 1.13766e+16	9.43e-01	5.65e-02	6.17e-04
 1.13983e+16	9.44e-01	5.53e-02	5.90e-04
 1.14180e+16	9.45e-01	5.43e-02	5.66e-04
 1.14359e+16	9.46e-01	5.33e-02	5.45e-04
 1.14522e+16	9.47e-01	5.24e-02	5.26e-04
 1.14671e+16	9.48e-01	5.16e-02	5.10e-04
 1.14833e+16	9.49e-01	5.08e-02	4.92e-04
 1.15009e+16	9.50e-01	4.99e-02	4.75e-04
 1.15169e+16	9.50e-01	4.91e-02	4.59e-04
 1.15315e+16	9.51e-01	4.83e-02	4.44e-04
 1.15447e+16	9.52e-01	4.77e-02	4.32e-04
 1.15592e+16	9.53e-01	4.70e-02	4.18e-04
 1.15749e+16	9.53e-01	4.62e-02	4.04e-04
 1.15891e+16	9.54e-01	4.55e-02	3.91e-04
 1.16021e+16	9.55e-01	4.49e-02	3.81e-04
 1.16163e+16	9.55e-01	4.42e-02	3.69e-04
 1.16316e+16	9.56e-01	4.35e-02	3.56e-04
 1.16456e+16	9.57e-01	4.28e-02	3.45e-04
 1.16583e+16	9.57e-01	4.23e-02	3.36e-04
 1.16722e+16	9.58e-01	4.16e-02	3.24e-04
 1.16873e+16	9.59e-01	4.09e-02	3.14e-04
 1.17009e+16	9.59e-01	4.03e-02	3.04e-04
 1.17134e+16	9.60e-01	3.97e-02	2.96e-04
 1.17247e+16	9.60e-01	3.92e-02	2.88e-04
 1.17371e+16	9.61e-01	3.87e-02	2.79e-04
 1.17505e+16	9.62e-01	3.81e-02	2.71e-04
 1.17627e+16	9.62e-01	3.76e-02	2.63e-04
 1.17738e+16	9.63e-01	3.71e-02	2.56e-04
 1.17860e+16	9.63e-01	3.66e-02	2.49e-04
 1.17991e+16	9.64e-01	3.61e-02	2.42e-04
 1.18110e+16	9.64e-01	3.55e-02	2.34e-04
 1.18219e+16	9.65e-01	3.51e-02	2.28e-04
 1.18318e+16	9.65e-01	3.47e-02	2.23e-04
 1.18426e+16	9.66e-01	3.42e-02	2.17e-04
 1.18543e+16	9.66e-01	3.38e-02	2.11e-04
 1.18650e+16	9.66e-01	3.34e-02	2.06e-04
 1.18747e+16	9.67e-01	3.30e-02	2.01e-04
 1.18853e+16	9.67e-01	3.25e-02	1.96e-04
 1.18968e+16	9.68e-01	3.21e-02	1.91e-04
 1.19072e+16	9.68e-01	3.17e-02	1.86e-04
 1.19186e+16	9.69e-01	3.13e-02	1.81e-04
 1.19310e+16	9.69e-01	3.09e-02	1.76e-04
 1.19422e+16	9.69e-01	3.05e-02	1.71e-04
 1.19524e+16	9.70e-01	3.01e-02	1.67e-04
 1.19636e+16	9.70e-01	2.97e-02	1.62e-04
 1.19757e+16	9.71e-01	2.93e-02	1.58e-04
 1.19867e+16	9.71e-01	2.89e-02	1.54e-04
 1.19967e+16	9.71e-01	2.86e-02	1.50e-04
 1.20077e+16	9.72e-01	2.82e-02	1.46e-04
 1.20195e+16	9.72e-01	2.78e-02	1.43e-04
 1.20303e+16	9.72e-01	2.75e-02	1.39e-04
 1.20421e+16	9.73e-01	2.71e-02	1.35e-04
 1.20549e+16	9.73e-01	2.67e-02	1.32e-04
 1.20665e+16	9.73e-01	2.64e-02	1.28e-04
 1.20792e+16	9.74e-01	2.60e-02	1.25e-04
 1.20929e+16	9.74e-01	2.56e-02	1.21e-04
 1.21054e+16	9.75e-01	2.53e-02	1.18e-04
 1.21191e+16	9.75e-01	2.49e-02	1.14e-04
 1.21339e+16	9.75e-01	2.45e-02	1.11e-04
 1.21473e+16	9.76e-01	2.42e-02	1.07e-04
 1.21595e+16	9.76e-01	2.38e-02	1.05e-04
 1.21730e+16	9.76e-01	2.35e-02	1.01e-04
 1.21874e+16	9.77e-01	2.31e-02	9.85e-05
 1.22006e+16	9.77e-01	2.28e-02	9.58e-05
 1.22150e+16	9.77e-01	2.24e-02	9.28e-05
 1.22306e+16	9.78e-01	2.21e-02	8.99e-05
 1.22448e+16	9.78e-01	2.18e-02	8.73e-05
 1.22577e+16	9.78e-01	2.15e-02	8.50e-05
 1.22718e+16	9.79e-01	2.11e-02	8.24e-05
 1.22871e+16	9.79e-01	2.08e-02	7.99e-05
 1.23010e+16	9.79e-01	2.05e-02	7.77e-05
 1.23162e+16	9.80e-01	2.02e-02	7.52e-05
 1.23327e+16	9.80e-01	1.99e-02	7.29e-05
 1.23476e+16	9.80e-01	1.96e-02	7.07e-05
 1.23640e+16	9.81e-01	1.93e-02	6.84e-05
 1.23817e+16	9.81e-01	1.89e-02	6.61e-05
 1.23978e+16	9.81e-01	1.86e-02	6.40e-05
 1.24125e+16	9.82e-01	1.84e-02	6.23e-05
 1.24285e+16	9.82e-01	1.81e-02	6.03e-05
 1.24458e+16	9.82e-01	1.78e-02	5.83e-05
 1.24616e+16	9.82e-01	1.75e-02	5.66e-05
 1.24789e+16	9.83e-01	1.72e-02	5.47e-05
 1.24975e+16	9.83e-01	1.69e-02	5.29e-05
 1.25145e+16	9.83e-01	1.66e-02	5.12e-05
 1.25331e+16	9.84e-01	1.63e-02	4.94e-05
 1.25532e+16	9.84e-01	1.60e-02	4.76e-05
 1.25715e+16	9.84e-01	1.58e-02	4.61e-05
 1.25881e+16	9.84e-01	1.55e-02	4.47e-05
 1.26064e+16	9.85e-01	1.53e-02	4.32e-05
 1.26260e+16	9.85e-01	1.50e-02	4.17e-05
 1.26439e+16	9.85e-01	1.48e-02	4.04e-05
 1.26636e+16	9.85e-01	1.45e-02	3.90e-05
 1.26847e+16	9.86e-01	1.42e-02	3.76e-05
 1.27040e+16	9.86e-01	1.40e-02	3.64e-05
 1.27251e+16	9.86e-01	1.37e-02	3.50e-05
 1.27480e+16	9.86e-01	1.35e-02	3.37e-05
 1.27687e+16	9.87e-01	1.32e-02	3.26e-05
 1.27914e+16	9.87e-01	1.30e-02	3.13e-05
 1.28160e+16	9.87e-01	1.27e-02	3.00e-05
 1.28383e+16	9.87e-01	1.25e-02	2.90e-05
 1.28628e+16	9.88e-01	1.22e-02	2.78e-05
 1.28892e+16	9.88e-01	1.19e-02	2.66e-05
 1.29133e+16	9.88e-01	1.17e-02	2.56e-05
 1.29352e+16	9.88e-01	1.15e-02	2.47e-05
 1.29592e+16	9.89e-01	1.13e-02	2.38e-05
 1.29850e+16	9.89e-01	1.11e-02	2.28e-05
 1.30086e+16	9.89e-01	1.09e-02	2.20e-05
 1.30344e+16	9.89e-01	1.06e-02	2.11e-05
 1.30623e+16	9.90e-01	1.04e-02	2.02e-05
 1.30877e+16	9.90e-01	1.02e-02	1.95e-05
 1.31155e+16	9.90e-01	9.98e-03	1.86e-05
 1.31455e+16	9.90e-01	9.75e-03	1.78e-05
 1.31728e+16	9.90e-01	9.55e-03	1.71e-05
 1.32027e+16	9.91e-01	9.33e-03	1.63e-05
 1.32350e+16	9.91e-01	9.11e-03	1.56e-05
 1.32644e+16	9.91e-01	8.92e-03	1.49e-05
 1.32966e+16	9.91e-01	8.71e-03	1.42e-05
 1.33314e+16	9.91e-01	8.49e-03	1.35e-05
 1.33630e+16	9.92e-01	8.30e-03	1.30e-05
 1.33977e+16	9.92e-01	8.09e-03	1.23e-05
 1.34351e+16	9.92e-01	7.88e-03	1.17e-05
 1.34692e+16	9.92e-01	7.70e-03	1.12e-05
 1.35065e+16	9.92e-01	7.50e-03	1.06e-05
 1.35468e+16	9.93e-01	7.29e-03	1.00e-05
 1.35835e+16	9.93e-01	7.11e-03	9.56e-06
 1.36237e+16	9.93e-01	6.92e-03	9.04e-06
 1.36670e+16	9.93e-01	6.72e-03	8.54e-06
 1.37146e+16	9.93e-01	6.50e-03	8.00e-06
 1.37736e+16	9.94e-01	6.25e-03	7.39e-06
 1.38380e+16	9.94e-01	5.99e-03	6.81e-06
 1.39022e+16	9.94e-01	5.75e-03	6.28e-06
 1.39676e+16	9.94e-01	5.51e-03	5.78e-06
 1.40360e+16	9.95e-01	5.28e-03	5.31e-06
 1.41071e+16	9.95e-01	5.05e-03	4.86e-06
 1.41806e+16	9.95e-01	4.83e-03	4.45e-06
 1.42566e+16	9.95e-01	4.61e-03	4.06e-06
 1.43353e+16	9.96e-01	4.40e-03	3.70e-06
 1.44164e+16	9.96e-01	4.20e-03	3.37e-06
 1.44992e+16	9.96e-01	4.00e-03	3.06e-06
 1.45832e+16	9.96e-01	3.81e-03	2.78e-06
 1.46686e+16	9.96e-01	3.63e-03	2.53e-06
 1.47556e+16	9.97e-01	3.46e-03	2.29e-06
 1.48442e+16	9.97e-01	3.29e-03	2.08e-06
 1.49332e+16	9.97e-01	3.13e-03	1.89e-06
 1.50234e+16	9.97e-01	2.98e-03	1.71e-06
 1.51167e+16	9.97e-01	2.84e-03	1.55e-06
 1.52122e+16	9.97e-01	2.70e-03	1.40e-06
 1.53091e+16	9.97e-01	2.56e-03	1.27e-06
 1.54075e+16	9.98e-01	2.43e-03	1.14e-06
 1.55079e+16	9.98e-01	2.31e-03	1.03e-06
 1.56103e+16	9.98e-01	2.19e-03	9.29e-07
 1.57144e+16	9.98e-01	2.08e-03	8.36e-07
 1.58204e+16	9.98e-01	1.97e-03	7.52e-07
 1.59285e+16	9.98e-01	1.86e-03	6.76e-07
 1.60387e+16	9.98e-01	1.76e-03	6.06e-07
 1.61512e+16	9.98e-01	1.67e-03	5.43e-07
 1.62659e+16	9.98e-01	1.58e-03	4.86e-07
 1.63829e+16	9.99e-01	1.49e-03	4.34e-07
 1.65023e+16	9.99e-01	1.41e-03	3.87e-07
 1.66242e+16	9.99e-01	1.33e-03	3.45e-07
 1.67488e+16	9.99e-01	1.25e-03	3.07e-07
 1.68761e+16	9.99e-01	1.18e-03	2.72e-07
 1.70063e+16	9.99e-01	1.11e-03	2.41e-07
 1.71395e+16	9.99e-01	1.04e-03	2.13e-07
 1.72759e+16	9.99e-01	9.79e-04	1.88e-07
 1.74156e+16	9.99e-01	9.18e-04	1.66e-07
 1.75589e+16	9.99e-01	8.60e-04	1.45e-07
 1.77059e+16	9.99e-01	8.04e-04	1.27e-07
 1.78569e+16	9.99e-01	7.52e-04	1.11e-07
 1.80122e+16	9.99e-01	7.01e-04	9.68e-08
 1.81720e+16	9.99e-01	6.53e-04	8.41e-08
 1.83356e+16	9.99e-01	6.08e-04	7.30e-08
 1.85016e+16	9.99e-01	5.65e-04	6.32e-08
 1.86737e+16	9.99e-01	5.24e-04	5.44e-08
 1.88558e+16	1.00e+00	4.84e-04	4.64e-08
 1.90457e+16	1.00e+00	4.46e-04	3.94e-08
 1.92420e+16	1.00e+00	4.10e-04	3.33e-08
 1.94459e+16	1.00e+00	3.75e-04	2.80e-08
 1.96591e+16	1.00e+00	3.43e-04	2.34e-08
 1.98827e+16	1.00e+00	3.12e-04	1.94e-08
 2.01177e+16	1.00e+00	2.82e-04	1.59e-08
 2.03663e+16	1.00e+00	2.54e-04	1.29e-08
 2.06323e+16	1.00e+00	2.28e-04	1.03e-08
 2.09121e+16	1.00e+00	2.03e-04	8.22e-09
 2.12103e+16	1.00e+00	1.79e-04	6.43e-09
 2.15366e+16	1.00e+00	1.57e-04	4.92e-09
 2.18907e+16	1.00e+00	1.36e-04	3.69e-09
 2.22776e+16	1.00e+00	1.16e-04	2.70e-09
 2.27071e+16	1.00e+00	9.77e-05	1.91e-09
 2.31921e+16	1.00e+00	8.06e-05	1.30e-09
 2.37458e+16	1.00e+00	6.49e-05	8.45e-10
 2.43624e+16	1.00e+00	5.12e-05	5.27e-10
 2.50054e+16	1.00e+00	4.02e-05	3.26e-10
 2.56445e+16	1.00e+00	3.18e-05	2.04e-10
 2.62805e+16	1.00e+00	2.52e-05	1.29e-10
 2.69237e+16	1.00e+00	2.01e-05	8.14e-11
 2.75780e+16	1.00e+00	1.60e-05	5.16e-11
 2.82448e+16	1.00e+00	1.27e-05	3.26e-11
 2.89234e+16	1.00e+00	1.01e-05	2.06e-11
 2.96125e+16	1.00e+00	8.03e-06	1.31e-11
 3.03155e+16	1.00e+00	6.39e-06	8.32e-12
 3.10354e+16	1.00e+00	5.07e-06	5.25e-12
 3.17687e+16	1.00e+00	4.04e-06	3.33e-12
 3.25179e+16	1.00e+00	3.21e-06	2.10e-12
 3.32856e+16	1.00e+00	2.55e-06	1.33e-12
 3.40713e+16	1.00e+00	2.02e-06	8.37e-13
 3.48791e+16	1.00e+00	1.60e-06	5.25e-13
 3.57095e+16	1.00e+00	1.26e-06	3.28e-13
 3.65651e+16	1.00e+00	9.96e-07	2.04e-13
 3.74499e+16	1.00e+00	7.82e-07	1.26e-13
 3.83694e+16	1.00e+00	6.11e-07	7.69e-14
 3.93312e+16	1.00e+00	4.74e-07	4.64e-14
 4.03441e+16	1.00e+00	3.65e-07	2.75e-14
 4.14214e+16	1.00e+00	2.78e-07	1.60e-14
 4.25824e+16	1.00e+00	2.09e-07	8.99e-15
 4.38220e+16	1.00e+00	1.55e-07	4.95e-15
 4.50929e+16	1.00e+00	1.15e-07	2.73e-15
 4.63559e+16	1.00e+00	8.59e-08	1.53e-15
 4.76074e+16	1.00e+00	6.49e-08	8.75e-16
 4.88543e+16	1.00e+00	4.94e-08	5.07e-16
 5.00926e+16	1.00e+00	3.78e-08	2.98e-16
 5.13164e+16	1.00e+00	2.93e-08	1.79e-16
 5.25182e+16	1.00e+00	2.29e-08	1.09e-16
 5.36922e+16	1.00e+00	1.80e-08	6.80e-17
 5.48384e+16	1.00e+00	1.44e-08	4.33e-17
 5.59527e+16	1.00e+00	1.16e-08	2.81e-17
 5.70312e+16	1.00e+00	9.42e-09	1.86e-17
 5.80713e+16	1.00e+00	7.74e-09	1.26e-17
 5.90722e+16	1.00e+00	6.44e-09	8.72e-18
 6.00332e+16	1.00e+00	5.40e-09	6.15e-18
 6.09544e+16	1.00e+00	4.58e-09	4.42e-18
 6.18356e+16	1.00e+00	3.92e-09	3.24e-18
 6.26772e+16	1.00e+00	3.38e-09	2.42e-18
 6.34798e+16	1.00e+00	2.94e-09	1.83e-18
 6.42449e+16	1.00e+00	2.58e-09	1.41e-18
 6.49738e+16	1.00e+00	2.28e-09	1.10e-18
 6.56678e+16	1.00e+00	2.03e-09	8.76e-19
 6.63280e+16	1.00e+00	1.82e-09	7.04e-19
 6.69559e+16	1.00e+00	1.64e-09	5.73e-19
 6.75528e+16	1.00e+00	1.49e-09	4.72e-19
 6.81203e+16	1.00e+00	1.36e-09	3.93e-19
 6.86598e+16	1.00e+00	1.24e-09	3.31e-19
 6.91726e+16	1.00e+00	1.15e-09	2.81e-19
 6.96603e+16	1.00e+00	1.06e-09	2.41e-19
 7.01239e+16	1.00e+00	9.87e-10	2.08e-19
 7.05646e+16	1.00e+00	9.21e-10	1.81e-19
 7.09838e+16	1.00e+00	8.62e-10	1.59e-19
 7.13824e+16	1.00e+00	8.11e-10	1.41e-19
 7.17618e+16	1.00e+00	7.64e-10	1.25e-19
 7.21231e+16	1.00e+00	7.23e-10	1.12e-19
 7.24672e+16	1.00e+00	6.86e-10	1.01e-19
 7.27949e+16	1.00e+00	6.53e-10	9.14e-20
 7.31074e+16	1.00e+00	6.22e-10	8.31e-20
 7.34054e+16	1.00e+00	5.95e-10	7.60e-20
 7.36898e+16	1.00e+00	5.70e-10	6.98e-20
 7.39615e+16	1.00e+00	5.47e-10	6.43e-20
 7.42213e+16	1.00e+00	5.26e-10	5.95e-20
 7.44697e+16	1.00e+00	5.07e-10	5.53e-20
 7.47076e+16	1.00e+00	4.89e-10	5.15e-20
 7.49357e+16	1.00e+00	4.73e-10	4.81e-20
 7.51547e+16	1.00e+00	4.58e-10	4.51e-20
 7.53652e+16	1.00e+00	4.44e-10	4.24e-20
 7.55679e+16	1.00e+00	4.31e-10	4.00e-20
 7.57632e+16	1.00e+00	4.18e-10	3.77e-20
 7.59518e+16	1.00e+00	4.07e-10	3.57e-20
 7.61345e+16	1.00e+00	3.96e-10	3.38e-20
 7.63117e+16	1.00e+00	3.86e-10	3.21e-20
 7.64841e+16	1.00e+00	3.76e-10	3.06e-20
 7.66523e+16	1.00e+00	3.67e-10	2.91e-20
 7.68169e+16	1.00e+00	3.59e-10	2.77e-20
 7.69786e+16	1.00e+00	3.50e-10	2.65e-20
 7.71381e+16	1.00e+00	3.42e-10	2.53e-20
 7.72962e+16	1.00e+00	3.34e-10	2.41e-20
 7.74536e+16	1.00e+00	3.27e-10	2.31e-20
 7.76115e+16	1.00e+00	3.19e-10	2.20e-20
 7.77707e+16	1.00e+00	3.12e-10	2.11e-20
 7.79327e+16	1.00e+00	3.05e-10	2.01e-20
 7.80988e+16	1.00e+00	2.98e-10	1.92e-20
 7.82711e+16	1.00e+00	2.90e-10	1.82e-20
 7.84518e+16	1.00e+00	2.83e-10	1.73e-20
 7.86439e+16	1.00e+00	2.75e-10	1.64e-20
 7.88515e+16	1.00e+00	2.67e-10	1.54e-20
 7.90799e+16	1.00e+00	2.58e-10	1.44e-20
 7.93370e+16	1.00e+00	2.49e-10	1.34e-20
 7.96339e+16	1.00e+00	2.38e-10	1.23e-20
 7.99875e+16	1.00e+00	2.26e-10	1.11e-20
 8.04242e+16	1.00e+00	2.12e-10	9.79e-21
 8.09836e+16	1.00e+00	1.96e-10	0.00e+00
 8.17107e+16	1.00e+00	1.76e-10	0.00e+00
 8.26560e+16	1.00e+00	1.54e-10	0.00e+00
 8.38849e+16	1.00e+00	1.30e-10	0.00e+00
 8.54824e+16	1.00e+00	1.04e-10	0.00e+00
 8.75592e+16	1.00e+00	7.84e-11	0.00e+00
 9.01541e+16	1.00e+00	5.57e-11	0.00e+00
 9.29961e+16	1.00e+00	3.90e-11	0.00e+00
 9.59821e+16	1.00e+00	2.69e-11	0.00e+00
 9.91121e+16	1.00e+00	1.85e-11	0.00e+00
 1.02242e+17	1.00e+00	1.29e-11	0.00e+00
 1.05372e+17	1.00e+00	9.05e-12	0.00e+00
 1.08502e+17	1.00e+00	6.41e-12	0.00e+00
 1.11632e+17	1.00e+00	4.59e-12	0.00e+00
 1.14762e+17	1.00e+00	3.32e-12	0.00e+00
 1.17892e+17	1.00e+00	2.42e-12	0.00e+00
 1.21022e+17	1.00e+00	1.78e-12	0.00e+00
 1.24152e+17	1.00e+00	1.33e-12	0.00e+00
 1.27282e+17	1.00e+00	1.00e-12	0.00e+00
 1.30412e+17	1.00e+00	7.62e-13	0.00e+00
 1.34011e+17	1.00e+00	5.62e-13	0.00e+00
 1.38144e+17	1.00e+00	4.02e-13	0.00e+00
 1.42970e+17	1.00e+00	2.79e-13	0.00e+00
 1.48612e+17	1.00e+00	1.85e-13	0.00e+00
 1.54082e+17	1.00e+00	1.29e-13	0.00e+00
 1.58673e+17	1.00e+00	9.91e-14	0.00e+00
 1.62458e+17	1.00e+00	8.28e-14	0.00e+00
 1.65642e+17	1.00e+00	7.17e-14	0.00e+00
 1.68060e+17	1.00e+00	6.45e-14	0.00e+00
 1.69670e+17	1.00e+00	6.07e-14	0.00e+00
 1.70672e+17	1.00e+00	5.86e-14	0.00e+00
 1.71274e+17	1.00e+00	5.74e-14	0.00e+00
 1.71635e+17	1.00e+00	5.67e-14	0.00e+00
 1.71883e+17	1.00e+00	5.63e-14	0.00e+00
 1.72135e+17	1.00e+00	5.58e-14	0.00e+00
 1.72435e+17	1.00e+00	5.52e-14	0.00e+00
 1.72741e+17	1.00e+00	5.46e-14	0.00e+00
 1.72994e+17	1.00e+00	5.41e-14	0.00e+00
 1.73205e+17	1.00e+00	5.36e-14	0.00e+00
 1.73410e+17	1.00e+00	5.32e-14	0.00e+00
 1.73619e+17	1.00e+00	5.28e-14	0.00e+00
 1.73828e+17	1.00e+00	5.24e-14	0.00e+00
 1.74018e+17	1.00e+00	5.20e-14	0.00e+00
 1.74181e+17	1.00e+00	5.16e-14	0.00e+00
 1.74335e+17	1.00e+00	5.13e-14	0.00e+00
 1.74488e+17	1.00e+00	5.10e-14	0.00e+00
 1.74641e+17	1.00e+00	5.06e-14	0.00e+00
 1.74789e+17	1.00e+00	5.03e-14	0.00e+00
 1.74919e+17	1.00e+00	5.00e-14	0.00e+00
 1.75038e+17	1.00e+00	4.98e-14	0.00e+00
 1.75160e+17	1.00e+00	4.95e-14	0.00e+00
 1.75283e+17	1.00e+00	4.92e-14	0.00e+00
 1.75399e+17	1.00e+00	4.90e-14	0.00e+00
 1.75507e+17	1.00e+00	4.88e-14	0.00e+00
 1.75610e+17	1.00e+00	4.85e-14	0.00e+00
 1.75712e+17	1.00e+00	4.83e-14	0.00e+00
 1.75811e+17	1.00e+00	4.81e-14	0.00e+00
 1.75911e+17	1.00e+00	4.79e-14	0.00e+00
 1.76009e+17	1.00e+00	4.76e-14	0.00e+00
 1.76102e+17	1.00e+00	4.74e-14	0.00e+00
 1.76191e+17	1.00e+00	4.73e-14	0.00e+00
 1.76282e+17	1.00e+00	4.70e-14	0.00e+00
 1.76377e+17	1.00e+00	4.68e-14	0.00e+00
 1.76469e+17	1.00e+00	4.65e-14	0.00e+00
 1.76557e+17	1.00e+00	4.64e-14	0.00e+00
 1.76646e+17	1.00e+00	4.62e-14	0.00e+00
 1.76737e+17	1.00e+00	4.59e-14	0.00e+00
 1.76826e+17	1.00e+00	4.57e-14	0.00e+00
 1.76913e+17	1.00e+00	4.55e-14	0.00e+00
 1.77004e+17	1.00e+00	4.53e-14	0.00e+00
 1.77099e+17	1.00e+00	4.50e-14	0.00e+00
 1.77191e+17	1.00e+00	4.48e-14	0.00e+00
 1.77281e+17	1.00e+00	4.46e-14	0.00e+00
 1.77375e+17	1.00e+00	4.43e-14	0.00e+00
 1.77474e+17	1.00e+00	4.40e-14	0.00e+00
 1.77575e+17	1.00e+00	4.38e-14	0.00e+00
 1.77675e+17	1.00e+00	4.35e-14	0.00e+00
 1.77775e+17	1.00e+00	4.33e-14	0.00e+00
 1.77883e+17	1.00e+00	4.30e-14	0.00e+00
 1.77999e+17	1.00e+00	4.27e-14	0.00e+00
 1.78110e+17	1.00e+00	4.24e-14	0.00e+00
 1.78210e+17	1.00e+00	4.21e-14	0.00e+00
 1.78315e+17	1.00e+00	4.19e-14	0.00e+00
 1.78443e+17	1.00e+00	4.15e-14	0.00e+00
 1.78578e+17	1.00e+00	4.11e-14	0.00e+00
 1.78700e+17	1.00e+00	4.08e-14	0.00e+00
 1.78817e+17	1.00e+00	4.05e-14	0.00e+00
 1.78942e+17	1.00e+00	4.02e-14	0.00e+00
 1.79078e+17	1.00e+00	3.98e-14	0.00e+00
 1.79225e+17	1.00e+00	3.94e-14	0.00e+00
 1.79373e+17	1.00e+00	3.90e-14	0.00e+00
 1.79516e+17	1.00e+00	3.87e-14	0.00e+00
 1.79657e+17	1.00e+00	3.83e-14	0.00e+00
 1.79802e+17	1.00e+00	3.79e-14	0.00e+00
 1.79957e+17	1.00e+00	3.75e-14	0.00e+00
 1.80123e+17	1.00e+00	3.71e-14	0.00e+00
 1.80295e+17	1.00e+00	3.66e-14	0.00e+00
 1.80464e+17	1.00e+00	3.62e-14	0.00e+00
 1.80635e+17	1.00e+00	3.57e-14	0.00e+00
 1.80816e+17	1.00e+00	3.53e-14	0.00e+00
 1.81005e+17	1.00e+00	3.48e-14	0.00e+00
 1.81200e+17	1.00e+00	3.43e-14	0.00e+00
 1.81398e+17	1.00e+00	3.38e-14	0.00e+00
 1.81599e+17	1.00e+00	3.33e-14	0.00e+00
 1.81804e+17	1.00e+00	3.27e-14	0.00e+00
 1.82020e+17	1.00e+00	3.22e-14	0.00e+00
 1.82252e+17	1.00e+00	3.16e-14	0.00e+00
 1.82488e+17	1.00e+00	3.10e-14	0.00e+00
 1.82717e+17	1.00e+00	3.05e-14	0.00e+00
 1.82941e+17	1.00e+00	2.99e-14	0.00e+00
 1.83191e+17	1.00e+00	2.93e-14	0.00e+00
 1.83471e+17	1.00e+00	2.87e-14	0.00e+00
 1.83752e+17	1.00e+00	2.80e-14	0.00e+00
 1.84016e+17	1.00e+00	2.74e-14	0.00e+00
 1.84273e+17	1.00e+00	2.68e-14	0.00e+00
 1.84554e+17	1.00e+00	2.62e-14	0.00e+00
 1.84863e+17	1.00e+00	2.55e-14	0.00e+00
 1.85182e+17	1.00e+00	2.48e-14	0.00e+00
 1.85493e+17	1.00e+00	2.41e-14	0.00e+00
 1.85800e+17	1.00e+00	2.34e-14	0.00e+00
 1.86118e+17	1.00e+00	2.27e-14	0.00e+00
 1.86458e+17	1.00e+00	2.20e-14	0.00e+00
 1.86809e+17	1.00e+00	2.13e-14	0.00e+00
 1.87165e+17	1.00e+00	2.06e-14	0.00e+00
 1.87522e+17	1.00e+00	1.99e-14	0.00e+00
 1.87891e+17	1.00e+00	1.92e-14	0.00e+00
 1.88285e+17	1.00e+00	1.84e-14	0.00e+00
 1.88684e+17	1.00e+00	1.77e-14	0.00e+00
 1.89080e+17	1.00e+00	1.70e-14	0.00e+00
 1.89485e+17	1.00e+00	1.63e-14	0.00e+00
 1.89904e+17	1.00e+00	1.56e-14	0.00e+00
 1.90341e+17	1.00e+00	1.49e-14	0.00e+00
 1.90816e+17	1.00e+00	1.42e-14	0.00e+00
 1.91305e+17	1.00e+00	1.35e-14	0.00e+00
 1.91791e+17	1.00e+00	1.28e-14	0.00e+00
 1.92284e+17	1.00e+00	1.21e-14	0.00e+00
 1.92789e+17	1.00e+00	1.14e-14	0.00e+00
 1.93317e+17	1.00e+00	1.08e-14	0.00e+00
 1.93883e+17	1.00e+00	1.01e-14	0.00e+00
 1.94493e+17	1.00e+00	9.43e-15	0.00e+00
 1.95098e+17	1.00e+00	8.79e-15	0.00e+00
 1.95681e+17	1.00e+00	8.20e-15	0.00e+00
 1.96238e+17	1.00e+00	7.66e-15	0.00e+00
 1.96753e+17	1.00e+00	7.19e-15	0.00e+00
 1.97226e+17	1.00e+00	6.78e-15	0.00e+00
 1.97671e+17	1.00e+00	6.41e-15	0.00e+00
 1.98101e+17	1.00e+00	6.08e-15	0.00e+00
 1.98517e+17	1.00e+00	5.77e-15	0.00e+00
 1.98915e+17	1.00e+00	5.48e-15	0.00e+00
 1.99289e+17	1.00e+00	5.21e-15	0.00e+00
 1.99642e+17	1.00e+00	4.97e-15	0.00e+00
 1.99977e+17	1.00e+00	4.75e-15	0.00e+00
 2.00296e+17	1.00e+00	4.55e-15	0.00e+00
 2.00601e+17	1.00e+00	4.36e-15	0.00e+00
 2.00889e+17	1.00e+00	4.17e-15	0.00e+00
 2.01163e+17	1.00e+00	4.02e-15	0.00e+00
 2.01423e+17	1.00e+00	3.87e-15	0.00e+00
 2.01669e+17	1.00e+00	3.73e-15	0.00e+00
 2.01905e+17	1.00e+00	3.61e-15	0.00e+00
 2.02133e+17	1.00e+00	3.49e-15	0.00e+00
 2.02355e+17	1.00e+00	3.37e-15	0.00e+00
 2.02566e+17	1.00e+00	3.27e-15	0.00e+00
 2.02769e+17	1.00e+00	3.17e-15	0.00e+00
 2.02965e+17	1.00e+00	3.07e-15	0.00e+00
 2.03157e+17	1.00e+00	2.99e-15	0.00e+00
 2.03344e+17	1.00e+00	2.90e-15	0.00e+00
 2.03527e+17	1.00e+00	2.82e-15	0.00e+00
 2.03704e+17	1.00e+00	2.75e-15	0.00e+00
 2.03877e+17	1.00e+00	2.68e-15	0.00e+00
 2.04048e+17	1.00e+00	2.61e-15	0.00e+00
 2.04215e+17	1.00e+00	2.54e-15	0.00e+00
 2.04379e+17	1.00e+00	2.48e-15	0.00e+00
 2.04540e+17	1.00e+00	2.42e-15	0.00e+00
 2.04723e+17	1.00e+00	2.36e-15	0.00e+00
 2.04962e+17	1.00e+00	2.28e-15	0.00e+00
 2.05272e+17	1.00e+00	2.19e-15	0.00e+00
 2.05674e+17	1.00e+00	2.07e-15	0.00e+00
 2.06198e+17	1.00e+00	1.93e-15	0.00e+00
 2.06879e+17	1.00e+00	1.77e-15	0.00e+00
 2.07635e+17	1.00e+00	1.58e-15	0.00e+00
 2.08301e+17	1.00e+00	1.43e-15	0.00e+00
 2.08837e+17	1.00e+00	1.32e-15	0.00e+00
 2.09320e+17	1.00e+00	1.24e-15	0.00e+00
 2.09836e+17	1.00e+00	1.16e-15	0.00e+00
 2.10416e+17	1.00e+00	1.08e-15	0.00e+00
 2.11022e+17	1.00e+00	9.97e-16	0.00e+00
 2.11606e+17	1.00e+00	9.25e-16	0.00e+00
 2.12163e+17	1.00e+00	8.63e-16	0.00e+00
 2.12722e+17	1.00e+00	8.08e-16	0.00e+00
 2.13317e+17	1.00e+00	7.54e-16	0.00e+00
 2.13957e+17	1.00e+00	7.01e-16	0.00e+00
 2.14633e+17	1.00e+00	6.50e-16	0.00e+00
 2.15339e+17	1.00e+00	6.01e-16	0.00e+00
 2.16094e+17	1.00e+00	5.55e-16	0.00e+00
 2.16938e+17	1.00e+00	5.09e-16	0.00e+00
 2.17927e+17	1.00e+00	4.61e-16	0.00e+00
 2.19140e+17	1.00e+00	4.10e-16	0.00e+00
 2.20690e+17	1.00e+00	3.55e-16	0.00e+00
 2.22706e+17	1.00e+00	2.96e-16	0.00e+00
 2.25325e+17	1.00e+00	2.36e-16	0.00e+00
 2.28731e+17	1.00e+00	1.78e-16	0.00e+00
 2.33159e+17	1.00e+00	1.26e-16	0.00e+00
 2.38915e+17	1.00e+00	8.15e-17	0.00e+00
 2.46398e+17	1.00e+00	4.73e-17	0.00e+00
 2.55639e+17	1.00e+00	2.48e-17	0.00e+00
 2.65865e+17	1.00e+00	1.23e-17	0.00e+00
 2.75533e+17	1.00e+00	6.35e-18	0.00e+00
 2.83646e+17	1.00e+00	3.72e-18	0.00e+00
 2.90653e+17	1.00e+00	2.26e-18	0.00e+00
 2.98351e+17	1.00e+00	1.35e-18	0.00e+00
 3.06959e+17	1.00e+00	7.65e-19	0.00e+00
 3.14549e+17	1.00e+00	4.67e-19	0.00e+00
 3.20670e+17	1.00e+00	3.12e-19	0.00e+00
 3.27082e+17	1.00e+00	2.03e-19	0.00e+00
 3.34001e+17	1.00e+00	1.27e-19	0.00e+00
 3.40125e+17	1.00e+00	8.36e-20	0.00e+00
 3.46631e+17	1.00e+00	5.27e-20	0.00e+00
 3.55088e+17	1.00e+00	2.86e-20	0.00e+00
 3.62737e+17	1.00e+00	1.59e-20	0.00e+00
 3.67326e+17	1.00e+00	1.08e-20	0.00e+00
 3.70079e+17	1.00e+00	8.47e-21	0.00e+00
 3.71688e+17	1.00e+00	7.24e-21	0.00e+00
 3.72611e+17	1.00e+00	6.58e-21	0.00e+00
 3.73164e+17	1.00e+00	6.21e-21	0.00e+00
 3.73496e+17	1.00e+00	6.00e-21	0.00e+00
 3.73709e+17	1.00e+00	5.88e-21	0.00e+00
 3.73899e+17	1.00e+00	5.78e-21	0.00e+00
 3.74133e+17	1.00e+00	5.64e-21	0.00e+00
 3.74436e+17	1.00e+00	5.45e-21	0.00e+00
 3.74786e+17	1.00e+00	5.23e-21	0.00e+00
 3.75104e+17	1.00e+00	5.03e-21	0.00e+00
 3.75352e+17	1.00e+00	4.89e-21	0.00e+00
 3.75562e+17	1.00e+00	4.78e-21	0.00e+00
 3.75789e+17	1.00e+00	4.66e-21	0.00e+00
 3.76068e+17	1.00e+00	4.51e-21	0.00e+00
 3.76384e+17	1.00e+00	4.33e-21	0.00e+00
 3.76675e+17	1.00e+00	4.17e-21	0.00e+00
 3.76908e+17	1.00e+00	4.05e-21	0.00e+00
 3.77108e+17	1.00e+00	3.95e-21	0.00e+00
 3.77325e+17	1.00e+00	3.85e-21	0.00e+00
 3.77591e+17	1.00e+00	3.71e-21	0.00e+00
 3.77884e+17	1.00e+00	3.56e-21	0.00e+00
