#depth	C	C+	C+2	C+3	C+4	C+5	C+6	C[1]	C[2]	C[3]	C+[1]	C+[2]	CO
 1.49634e+10	0.00e+00	5.15e-29	4.82e-20	1.01e-11	1.11e-02	9.23e-01	6.54e-02	0.00e+00	0.00e+00	0.00e+00	0.00e+00	0.00e+00	0.00e+00
 4.54887e+10	1.09e-38	7.36e-29	6.33e-20	1.22e-11	1.23e-02	9.27e-01	6.04e-02	0.00e+00	0.00e+00	0.00e+00	0.00e+00	0.00e+00	3.61e-126
 7.72350e+10	0.00e+00	1.05e-28	8.30e-20	1.47e-11	1.36e-02	9.31e-01	5.56e-02	0.00e+00	0.00e+00	0.00e+00	0.00e+00	0.00e+00	0.00e+00
 1.10251e+11	2.63e-38	1.50e-28	1.09e-19	1.77e-11	1.50e-02	9.34e-01	5.12e-02	0.00e+00	0.00e+00	0.00e+00	0.00e+00	0.00e+00	3.80e-125
 1.41450e+11	0.00e+00	2.08e-28	1.40e-19	2.10e-11	1.64e-02	9.36e-01	4.75e-02	0.00e+00	0.00e+00	0.00e+00	0.00e+00	0.00e+00	0.00e+00
 1.69597e+11	5.59e-38	2.76e-28	1.74e-19	2.43e-11	1.78e-02	9.38e-01	4.44e-02	0.00e+00	0.00e+00	0.00e+00	0.00e+00	0.00e+00	2.84e-124
 2.01292e+11	0.00e+00	3.77e-28	2.20e-19	2.86e-11	1.94e-02	9.39e-01	4.13e-02	0.00e+00	0.00e+00	0.00e+00	0.00e+00	0.00e+00	0.00e+00
 2.38554e+11	1.27e-37	5.37e-28	2.88e-19	3.44e-11	2.13e-02	9.41e-01	3.80e-02	0.00e+00	0.00e+00	0.00e+00	0.00e+00	0.00e+00	2.54e-123
 2.75630e+11	0.00e+00	7.54e-28	3.74e-19	4.10e-11	2.34e-02	9.42e-01	3.50e-02	0.00e+00	0.00e+00	0.00e+00	0.00e+00	0.00e+00	0.00e+00
 3.10585e+11	2.84e-37	1.03e-27	4.74e-19	4.82e-11	2.55e-02	9.42e-01	3.25e-02	0.00e+00	0.00e+00	0.00e+00	0.00e+00	0.00e+00	2.16e-122
 3.49332e+11	0.00e+00	1.43e-27	6.10e-19	5.72e-11	2.79e-02	9.42e-01	3.00e-02	0.00e+00	0.00e+00	0.00e+00	0.00e+00	0.00e+00	0.00e+00
 3.93232e+11	6.73e-37	2.06e-27	8.06e-19	6.91e-11	3.08e-02	9.42e-01	2.74e-02	0.00e+00	0.00e+00	0.00e+00	0.00e+00	0.00e+00	2.12e-121
 4.36766e+11	0.00e+00	2.92e-27	1.05e-18	8.28e-11	3.38e-02	9.41e-01	2.52e-02	0.00e+00	0.00e+00	0.00e+00	0.00e+00	0.00e+00	0.00e+00
 4.82041e+11	1.59e-36	4.13e-27	1.37e-18	9.92e-11	3.71e-02	9.40e-01	2.31e-02	0.00e+00	0.00e+00	0.00e+00	0.00e+00	0.00e+00	2.09e-120
 5.31249e+11	0.00e+00	5.96e-27	1.82e-18	1.20e-10	4.10e-02	9.38e-01	2.10e-02	0.00e+00	0.00e+00	0.00e+00	0.00e+00	0.00e+00	0.00e+00
 5.81123e+11	3.90e-36	8.52e-27	2.39e-18	1.44e-10	4.50e-02	9.36e-01	1.92e-02	0.00e+00	0.00e+00	0.00e+00	0.00e+00	0.00e+00	2.23e-119
 6.32991e+11	0.00e+00	1.22e-26	3.14e-18	1.74e-10	4.95e-02	9.33e-01	1.75e-02	0.00e+00	0.00e+00	0.00e+00	0.00e+00	0.00e+00	0.00e+00
 6.86417e+11	9.42e-36	1.74e-26	4.12e-18	2.09e-10	5.44e-02	9.30e-01	1.60e-02	0.00e+00	0.00e+00	0.00e+00	0.00e+00	0.00e+00	2.30e-118
 7.41980e+11	0.00e+00	2.48e-26	5.41e-18	2.51e-10	5.97e-02	9.26e-01	1.46e-02	0.00e+00	0.00e+00	0.00e+00	0.00e+00	0.00e+00	0.00e+00
 8.01586e+11	2.30e-35	3.58e-26	7.17e-18	3.04e-10	6.57e-02	9.21e-01	1.32e-02	0.00e+00	0.00e+00	0.00e+00	0.00e+00	0.00e+00	2.45e-117
 8.63576e+11	0.00e+00	5.17e-26	9.50e-18	3.68e-10	7.23e-02	9.16e-01	1.20e-02	0.00e+00	0.00e+00	0.00e+00	0.00e+00	0.00e+00	0.00e+00
 9.28046e+11	5.71e-35	7.47e-26	1.26e-17	4.45e-10	7.94e-02	9.10e-01	1.08e-02	0.00e+00	0.00e+00	0.00e+00	0.00e+00	0.00e+00	2.70e-116
 9.95095e+11	8.99e-35	1.08e-25	1.67e-17	5.38e-10	8.72e-02	9.03e-01	9.79e-03	0.00e+00	0.00e+00	0.00e+00	0.00e+00	0.00e+00	0.00e+00
 1.06483e+12	1.41e-34	1.56e-25	2.21e-17	6.50e-10	9.57e-02	8.95e-01	8.84e-03	0.00e+00	0.00e+00	0.00e+00	0.00e+00	0.00e+00	2.95e-115
 1.12805e+12	2.10e-34	2.14e-25	2.83e-17	7.67e-10	1.04e-01	8.88e-01	8.07e-03	0.00e+00	0.00e+00	0.00e+00	0.00e+00	0.00e+00	1.29e-97
 1.18100e+12	2.88e-34	2.77e-25	3.45e-17	8.77e-10	1.11e-01	8.82e-01	7.49e-03	0.00e+00	0.00e+00	0.00e+00	0.00e+00	0.00e+00	0.00e+00
 1.23911e+12	4.05e-34	3.65e-25	4.26e-17	1.01e-09	1.19e-01	8.75e-01	6.92e-03	0.00e+00	0.00e+00	0.00e+00	0.00e+00	0.00e+00	4.78e-114
 1.31236e+12	6.11e-34	5.10e-25	5.51e-17	1.20e-09	1.29e-01	8.65e-01	6.27e-03	0.00e+00	0.00e+00	0.00e+00	0.00e+00	0.00e+00	1.41e-96
 1.38859e+12	9.23e-34	7.12e-25	7.14e-17	1.43e-09	1.40e-01	8.55e-01	5.67e-03	0.00e+00	0.00e+00	0.00e+00	0.00e+00	0.00e+00	0.00e+00
 1.45396e+12	1.30e-33	9.38e-25	8.83e-17	1.65e-09	1.49e-01	8.45e-01	5.21e-03	0.00e+00	0.00e+00	0.00e+00	0.00e+00	0.00e+00	1.05e-112
 1.52191e+12	1.82e-33	1.24e-24	1.09e-16	1.90e-09	1.60e-01	8.36e-01	4.78e-03	0.00e+00	0.00e+00	0.00e+00	0.00e+00	0.00e+00	1.61e-95
 1.60649e+12	2.74e-33	1.72e-24	1.41e-16	2.25e-09	1.73e-01	8.23e-01	4.31e-03	0.00e+00	0.00e+00	0.00e+00	0.00e+00	0.00e+00	6.17e-287
 1.69214e+12	4.06e-33	2.37e-24	1.81e-16	2.66e-09	1.86e-01	8.10e-01	3.89e-03	0.00e+00	0.00e+00	0.00e+00	0.00e+00	0.00e+00	2.20e-111
 1.76682e+12	5.65e-33	3.10e-24	2.22e-16	3.05e-09	1.98e-01	7.98e-01	3.56e-03	0.00e+00	0.00e+00	0.00e+00	0.00e+00	0.00e+00	2.00e-94
 1.84780e+12	7.97e-33	4.09e-24	2.75e-16	3.52e-09	2.12e-01	7.85e-01	3.24e-03	0.00e+00	0.00e+00	0.00e+00	0.00e+00	0.00e+00	1.34e-110
 1.94640e+12	1.19e-32	5.67e-24	3.54e-16	4.16e-09	2.28e-01	7.69e-01	2.90e-03	0.00e+00	0.00e+00	0.00e+00	0.00e+00	0.00e+00	1.06e-93
 2.04675e+12	1.76e-32	7.78e-24	4.52e-16	4.89e-09	2.45e-01	7.53e-01	2.60e-03	0.00e+00	0.00e+00	0.00e+00	0.00e+00	0.00e+00	1.13e-109
 2.13885e+12	2.48e-32	1.03e-23	5.60e-16	5.64e-09	2.60e-01	7.38e-01	2.36e-03	0.00e+00	0.00e+00	0.00e+00	0.00e+00	0.00e+00	5.49e-93
 2.24140e+12	3.56e-32	1.38e-23	7.04e-16	6.55e-09	2.77e-01	7.21e-01	2.12e-03	0.00e+00	0.00e+00	0.00e+00	0.00e+00	0.00e+00	7.75e-109
 2.36031e+12	5.33e-32	1.91e-23	9.05e-16	7.73e-09	2.97e-01	7.01e-01	1.87e-03	0.00e+00	0.00e+00	0.00e+00	0.00e+00	0.00e+00	3.11e-92
 2.47762e+12	7.79e-32	2.60e-23	1.15e-15	9.02e-09	3.17e-01	6.82e-01	1.67e-03	0.00e+00	0.00e+00	0.00e+00	0.00e+00	0.00e+00	6.62e-108
 2.58995e+12	1.10e-31	3.43e-23	1.42e-15	1.04e-08	3.35e-01	6.63e-01	1.50e-03	0.00e+00	0.00e+00	0.00e+00	0.00e+00	0.00e+00	1.61e-91
 2.71382e+12	1.58e-31	4.61e-23	1.78e-15	1.20e-08	3.55e-01	6.43e-01	1.33e-03	0.00e+00	0.00e+00	0.00e+00	0.00e+00	0.00e+00	4.74e-107
 2.85230e+12	2.33e-31	6.30e-23	2.26e-15	1.40e-08	3.78e-01	6.21e-01	1.17e-03	0.00e+00	0.00e+00	0.00e+00	0.00e+00	0.00e+00	9.03e-91
 2.97817e+12	3.26e-31	8.26e-23	2.78e-15	1.60e-08	3.97e-01	6.02e-01	1.05e-03	0.00e+00	0.00e+00	0.00e+00	0.00e+00	0.00e+00	3.60e-106
 3.08409e+12	4.28e-31	1.03e-22	3.29e-15	1.78e-08	4.14e-01	5.86e-01	9.56e-04	0.00e+00	0.00e+00	0.00e+00	0.00e+00	0.00e+00	3.68e-90
 3.20055e+12	5.70e-31	1.29e-22	3.92e-15	2.00e-08	4.31e-01	5.68e-01	8.65e-04	0.00e+00	0.00e+00	0.00e+00	0.00e+00	0.00e+00	1.75e-105
 3.33203e+12	7.78e-31	1.66e-22	4.74e-15	2.25e-08	4.50e-01	5.49e-01	7.75e-04	0.00e+00	0.00e+00	0.00e+00	0.00e+00	0.00e+00	1.49e-89
 3.45793e+12	1.04e-30	2.09e-22	5.65e-15	2.52e-08	4.68e-01	5.31e-01	6.99e-04	0.00e+00	0.00e+00	0.00e+00	0.00e+00	0.00e+00	9.66e-105
 3.59652e+12	1.40e-30	2.67e-22	6.79e-15	2.83e-08	4.87e-01	5.12e-01	6.26e-04	0.00e+00	0.00e+00	0.00e+00	0.00e+00	0.00e+00	5.96e-89
 3.75045e+12	1.94e-30	3.45e-22	8.25e-15	3.19e-08	5.08e-01	4.92e-01	5.55e-04	0.00e+00	0.00e+00	0.00e+00	0.00e+00	0.00e+00	5.88e-104
 3.89470e+12	2.59e-30	4.35e-22	9.83e-15	3.56e-08	5.26e-01	4.74e-01	4.97e-04	0.00e+00	0.00e+00	0.00e+00	0.00e+00	0.00e+00	2.55e-88
 4.05257e+12	3.51e-30	5.55e-22	1.18e-14	3.99e-08	5.45e-01	4.54e-01	4.42e-04	0.00e+00	0.00e+00	0.00e+00	0.00e+00	0.00e+00	3.33e-103
 4.23014e+12	4.88e-30	7.21e-22	1.44e-14	4.50e-08	5.66e-01	4.34e-01	3.88e-04	0.00e+00	0.00e+00	0.00e+00	0.00e+00	0.00e+00	1.17e-87
 4.39978e+12	6.59e-30	9.15e-22	1.72e-14	5.03e-08	5.85e-01	4.15e-01	3.45e-04	0.00e+00	0.00e+00	0.00e+00	0.00e+00	0.00e+00	2.11e-102
 4.58567e+12	9.03e-30	1.17e-21	2.07e-14	5.62e-08	6.04e-01	3.96e-01	3.04e-04	0.00e+00	0.00e+00	0.00e+00	0.00e+00	0.00e+00	5.21e-87
 4.78296e+12	1.24e-29	1.52e-21	2.50e-14	6.32e-08	6.24e-01	3.76e-01	2.66e-04	0.00e+00	0.00e+00	0.00e+00	0.00e+00	0.00e+00	1.40e-101
 4.95550e+12	1.63e-29	1.88e-21	2.93e-14	6.95e-08	6.40e-01	3.60e-01	2.37e-04	0.00e+00	0.00e+00	0.00e+00	0.00e+00	0.00e+00	2.19e-86
 5.13911e+12	2.15e-29	2.33e-21	3.44e-14	7.66e-08	6.56e-01	3.43e-01	2.11e-04	0.00e+00	0.00e+00	0.00e+00	0.00e+00	0.00e+00	7.19e-101
 5.36271e+12	2.96e-29	3.01e-21	4.15e-14	8.56e-08	6.75e-01	3.25e-01	1.84e-04	0.00e+00	0.00e+00	0.00e+00	0.00e+00	0.00e+00	9.59e-86
 5.58574e+12	4.03e-29	3.84e-21	4.97e-14	9.52e-08	6.93e-01	3.07e-01	1.61e-04	0.00e+00	0.00e+00	0.00e+00	0.00e+00	0.00e+00	4.84e-100
 5.78265e+12	5.24e-29	4.71e-21	5.78e-14	1.04e-07	7.07e-01	2.93e-01	1.43e-04	0.00e+00	0.00e+00	0.00e+00	0.00e+00	0.00e+00	3.95e-85
 5.99816e+12	6.90e-29	5.86e-21	6.77e-14	1.14e-07	7.22e-01	2.78e-01	1.27e-04	0.00e+00	0.00e+00	0.00e+00	0.00e+00	0.00e+00	2.49e-99
 6.25733e+12	9.49e-29	7.52e-21	8.13e-14	1.27e-07	7.38e-01	2.62e-01	1.10e-04	0.00e+00	0.00e+00	0.00e+00	0.00e+00	0.00e+00	1.76e-84
 6.51654e+12	1.29e-28	9.55e-21	9.68e-14	1.41e-07	7.53e-01	2.46e-01	9.53e-05	0.00e+00	0.00e+00	0.00e+00	0.00e+00	0.00e+00	1.69e-98
 6.75239e+12	1.68e-28	1.18e-20	1.13e-13	1.54e-07	7.66e-01	2.34e-01	8.43e-05	0.00e+00	0.00e+00	0.00e+00	0.00e+00	0.00e+00	7.47e-84
 7.01462e+12	2.24e-28	1.47e-20	1.32e-13	1.68e-07	7.79e-01	2.21e-01	7.39e-05	0.00e+00	0.00e+00	0.00e+00	0.00e+00	0.00e+00	9.42e-98
 7.32106e+12	3.09e-28	1.89e-20	1.59e-13	1.87e-07	7.94e-01	2.06e-01	6.35e-05	0.00e+00	0.00e+00	0.00e+00	0.00e+00	0.00e+00	3.51e-83
 7.62346e+12	4.18e-28	2.40e-20	1.88e-13	2.06e-07	8.07e-01	1.93e-01	5.50e-05	0.00e+00	0.00e+00	0.00e+00	0.00e+00	0.00e+00	6.58e-97
 7.90941e+12	5.51e-28	2.97e-20	2.19e-13	2.24e-07	8.18e-01	1.82e-01	4.82e-05	0.00e+00	0.00e+00	0.00e+00	0.00e+00	0.00e+00	1.55e-82
 8.22717e+12	7.40e-28	3.73e-20	2.58e-13	2.46e-07	8.29e-01	1.71e-01	4.18e-05	0.00e+00	0.00e+00	0.00e+00	0.00e+00	0.00e+00	3.95e-96
 8.58618e+12	1.02e-27	4.79e-20	3.09e-13	2.72e-07	8.41e-01	1.59e-01	3.58e-05	0.00e+00	0.00e+00	0.00e+00	0.00e+00	0.00e+00	7.63e-82
 8.94714e+12	1.39e-27	6.08e-20	3.66e-13	2.99e-07	8.51e-01	1.49e-01	3.08e-05	0.00e+00	0.00e+00	0.00e+00	0.00e+00	0.00e+00	2.87e-95
 9.32255e+12	1.89e-27	7.72e-20	4.33e-13	3.28e-07	8.61e-01	1.39e-01	2.65e-05	0.00e+00	0.00e+00	0.00e+00	0.00e+00	0.00e+00	3.82e-81
 9.72537e+12	2.60e-27	9.86e-20	5.15e-13	3.61e-07	8.71e-01	1.29e-01	2.27e-05	0.00e+00	0.00e+00	0.00e+00	0.00e+00	0.00e+00	2.08e-94
 1.01443e+13	3.56e-27	1.26e-19	6.12e-13	3.96e-07	8.80e-01	1.20e-01	1.94e-05	0.00e+00	0.00e+00	0.00e+00	0.00e+00	0.00e+00	2.01e-80
 1.05436e+13	4.76e-27	1.57e-19	7.17e-13	4.32e-07	8.88e-01	1.12e-01	1.68e-05	0.00e+00	0.00e+00	0.00e+00	0.00e+00	0.00e+00	1.44e-93
 1.09081e+13	6.15e-27	1.92e-19	8.23e-13	4.66e-07	8.95e-01	1.05e-01	1.48e-05	0.00e+00	0.00e+00	0.00e+00	0.00e+00	0.00e+00	8.47e-80
 1.12521e+13	7.77e-27	2.29e-19	9.33e-13	4.98e-07	9.00e-01	9.97e-02	1.32e-05	0.00e+00	0.00e+00	0.00e+00	0.00e+00	0.00e+00	6.87e-93
 1.16316e+13	9.99e-27	2.78e-19	1.07e-12	5.35e-07	9.06e-01	9.40e-02	1.16e-05	0.00e+00	0.00e+00	0.00e+00	0.00e+00	0.00e+00	3.06e-79
 1.20570e+13	1.31e-26	3.42e-19	1.23e-12	5.79e-07	9.12e-01	8.81e-02	1.01e-05	0.00e+00	0.00e+00	0.00e+00	0.00e+00	0.00e+00	3.64e-92
 1.24596e+13	1.68e-26	4.13e-19	1.41e-12	6.21e-07	9.17e-01	8.30e-02	8.97e-06	0.00e+00	0.00e+00	0.00e+00	0.00e+00	0.00e+00	1.22e-78
 1.29003e+13	2.18e-26	5.06e-19	1.62e-12	6.69e-07	9.22e-01	7.80e-02	7.86e-06	0.00e+00	0.00e+00	0.00e+00	0.00e+00	0.00e+00	1.88e-91
 1.33944e+13	2.90e-26	6.28e-19	1.88e-12	7.25e-07	9.27e-01	7.28e-02	6.82e-06	0.00e+00	0.00e+00	0.00e+00	0.00e+00	0.00e+00	5.25e-78
 1.38528e+13	3.75e-26	7.64e-19	2.15e-12	7.78e-07	9.32e-01	6.84e-02	6.00e-06	0.00e+00	0.00e+00	0.00e+00	0.00e+00	0.00e+00	1.07e-90
 1.42777e+13	4.72e-26	9.10e-19	2.43e-12	8.29e-07	9.35e-01	6.48e-02	5.35e-06	0.00e+00	0.00e+00	0.00e+00	0.00e+00	0.00e+00	1.94e-77
 1.47644e+13	6.09e-26	1.10e-18	2.77e-12	8.89e-07	9.39e-01	6.09e-02	4.71e-06	0.00e+00	0.00e+00	0.00e+00	0.00e+00	0.00e+00	5.11e-90
 1.53551e+13	8.20e-26	1.39e-18	3.24e-12	9.65e-07	9.43e-01	5.66e-02	4.05e-06	0.00e+00	0.00e+00	0.00e+00	0.00e+00	0.00e+00	8.57e-77
 1.59392e+13	1.09e-25	1.72e-18	3.76e-12	1.04e-06	9.47e-01	5.28e-02	3.52e-06	0.00e+00	0.00e+00	0.00e+00	0.00e+00	0.00e+00	1.85e-76
 1.64508e+13	1.39e-25	2.07e-18	4.26e-12	1.11e-06	9.50e-01	4.98e-02	3.12e-06	0.00e+00	0.00e+00	0.00e+00	0.00e+00	0.00e+00	3.56e-76
 1.70104e+13	1.80e-25	2.51e-18	4.86e-12	1.19e-06	9.53e-01	4.68e-02	2.74e-06	0.00e+00	0.00e+00	0.00e+00	0.00e+00	0.00e+00	7.12e-76
 1.76882e+13	2.42e-25	3.15e-18	5.68e-12	1.29e-06	9.57e-01	4.35e-02	2.36e-06	0.00e+00	0.00e+00	0.00e+00	0.00e+00	0.00e+00	1.60e-75
 1.83686e+13	3.24e-25	3.93e-18	6.59e-12	1.39e-06	9.59e-01	4.05e-02	2.04e-06	0.00e+00	0.00e+00	0.00e+00	0.00e+00	0.00e+00	3.52e-75
 1.89835e+13	4.17e-25	4.76e-18	7.51e-12	1.49e-06	9.62e-01	3.81e-02	1.80e-06	0.00e+00	0.00e+00	0.00e+00	0.00e+00	0.00e+00	7.01e-75
 1.96643e+13	5.48e-25	5.84e-18	8.63e-12	1.60e-06	9.64e-01	3.56e-02	1.57e-06	0.00e+00	0.00e+00	0.00e+00	0.00e+00	0.00e+00	1.47e-74
 2.04651e+13	7.45e-25	7.37e-18	1.01e-11	1.74e-06	9.67e-01	3.30e-02	1.35e-06	0.00e+00	0.00e+00	0.00e+00	0.00e+00	0.00e+00	3.39e-74
 2.12563e+13	9.99e-25	9.19e-18	1.17e-11	1.87e-06	9.69e-01	3.07e-02	1.17e-06	0.00e+00	0.00e+00	0.00e+00	0.00e+00	0.00e+00	7.53e-74
 2.19962e+13	1.30e-24	1.12e-17	1.34e-11	2.01e-06	9.71e-01	2.88e-02	1.02e-06	0.00e+00	0.00e+00	0.00e+00	0.00e+00	0.00e+00	1.55e-73
 2.28230e+13	1.73e-24	1.39e-17	1.55e-11	2.16e-06	9.73e-01	2.69e-02	8.86e-07	0.00e+00	0.00e+00	0.00e+00	0.00e+00	0.00e+00	3.38e-73
 2.37659e+13	2.37e-24	1.76e-17	1.82e-11	2.35e-06	9.75e-01	2.49e-02	0.00e+00	0.00e+00	0.00e+00	0.00e+00	0.00e+00	0.00e+00	7.95e-73
 2.47020e+13	3.20e-24	2.21e-17	2.12e-11	2.54e-06	9.77e-01	2.31e-02	0.00e+00	0.00e+00	0.00e+00	0.00e+00	0.00e+00	0.00e+00	1.81e-72
 2.56756e+13	4.32e-24	2.77e-17	2.47e-11	2.74e-06	9.79e-01	2.14e-02	0.00e+00	0.00e+00	0.00e+00	0.00e+00	0.00e+00	0.00e+00	4.10e-72
 2.67326e+13	5.91e-24	3.51e-17	2.89e-11	2.97e-06	9.80e-01	1.98e-02	0.00e+00	0.00e+00	0.00e+00	0.00e+00	0.00e+00	0.00e+00	9.65e-72
 2.78318e+13	8.09e-24	4.45e-17	3.39e-11	3.22e-06	9.82e-01	1.84e-02	0.00e+00	0.00e+00	0.00e+00	0.00e+00	0.00e+00	0.00e+00	2.27e-71
 2.88958e+13	1.08e-23	5.54e-17	3.93e-11	3.47e-06	9.83e-01	1.71e-02	0.00e+00	0.00e+00	0.00e+00	0.00e+00	1.77e-17	3.77e-17	5.04e-71
 2.98957e+13	1.41e-23	6.77e-17	4.50e-11	3.72e-06	9.84e-01	1.60e-02	0.00e+00	0.00e+00	0.00e+00	0.00e+00	2.25e-17	4.52e-17	1.04e-70
 3.10149e+13	1.88e-23	8.39e-17	5.20e-11	4.00e-06	9.85e-01	1.49e-02	0.00e+00	0.00e+00	0.00e+00	0.00e+00	2.79e-17	5.61e-17	2.27e-70
 3.21429e+13	2.48e-23	1.03e-16	5.99e-11	4.30e-06	9.86e-01	1.39e-02	0.00e+00	0.00e+00	0.00e+00	0.00e+00	3.44e-17	6.91e-17	4.85e-70
 3.30787e+13	3.10e-23	1.22e-16	6.71e-11	4.55e-06	9.87e-01	1.31e-02	0.00e+00	0.00e+00	0.00e+00	0.00e+00	4.07e-17	8.18e-17	8.94e-70
 3.40689e+13	3.90e-23	1.46e-16	7.54e-11	4.83e-06	9.88e-01	1.24e-02	0.00e+00	0.00e+00	0.00e+00	0.00e+00	4.83e-17	9.73e-17	1.67e-69
 3.53361e+13	5.18e-23	1.80e-16	8.72e-11	5.20e-06	9.88e-01	1.15e-02	0.00e+00	0.00e+00	0.00e+00	0.00e+00	5.99e-17	1.21e-16	3.63e-69
 3.66656e+13	6.91e-23	2.24e-16	1.01e-10	5.60e-06	9.89e-01	1.07e-02	0.00e+00	0.00e+00	0.00e+00	0.00e+00	7.44e-17	1.50e-16	8.02e-69
 3.78406e+13	8.83e-23	2.70e-16	1.14e-10	5.97e-06	9.90e-01	1.01e-02	0.00e+00	0.00e+00	0.00e+00	0.00e+00	8.95e-17	1.80e-16	1.55e-68
 3.91123e+13	1.14e-22	3.28e-16	1.31e-10	6.39e-06	9.91e-01	9.42e-03	0.00e+00	0.00e+00	0.00e+00	0.00e+00	1.09e-16	2.19e-16	3.13e-68
 4.06427e+13	1.54e-22	4.10e-16	1.52e-10	6.90e-06	9.91e-01	8.73e-03	0.00e+00	0.00e+00	0.00e+00	0.00e+00	1.36e-16	2.74e-16	7.04e-68
 4.21934e+13	2.06e-22	5.11e-16	1.77e-10	7.45e-06	9.92e-01	8.10e-03	0.00e+00	0.00e+00	0.00e+00	0.00e+00	1.70e-16	3.42e-16	1.56e-67
 4.36439e+13	2.68e-22	6.24e-16	2.02e-10	7.98e-06	9.92e-01	7.57e-03	0.00e+00	0.00e+00	0.00e+00	0.00e+00	2.07e-16	4.17e-16	3.18e-67
 4.52575e+13	3.55e-22	7.72e-16	2.34e-10	8.59e-06	9.93e-01	7.04e-03	0.00e+00	0.00e+00	0.00e+00	0.00e+00	2.56e-16	5.16e-16	6.85e-67
 4.69698e+13	4.73e-22	9.60e-16	2.71e-10	9.27e-06	9.93e-01	6.53e-03	0.00e+00	0.00e+00	0.00e+00	0.00e+00	3.18e-16	6.41e-16	1.50e-66
 4.84919e+13	6.06e-22	1.16e-15	3.08e-10	9.89e-06	9.94e-01	6.13e-03	0.00e+00	0.00e+00	0.00e+00	0.00e+00	3.84e-16	7.74e-16	2.94e-66
 5.01292e+13	7.84e-22	1.41e-15	3.52e-10	1.06e-05	9.94e-01	5.73e-03	0.00e+00	0.00e+00	0.00e+00	0.00e+00	4.67e-16	9.40e-16	5.92e-66
 5.20906e+13	1.06e-21	1.76e-15	4.10e-10	1.15e-05	9.95e-01	5.30e-03	0.00e+00	0.00e+00	0.00e+00	0.00e+00	5.85e-16	1.18e-15	1.33e-65
 5.40206e+13	1.40e-21	2.18e-15	4.75e-10	1.24e-05	9.95e-01	4.93e-03	0.00e+00	0.00e+00	0.00e+00	0.00e+00	7.24e-16	1.46e-15	2.86e-65
 5.57394e+13	1.78e-21	2.63e-15	5.38e-10	1.32e-05	9.95e-01	4.62e-03	0.00e+00	0.00e+00	0.00e+00	0.00e+00	8.71e-16	1.75e-15	5.53e-65
 5.76367e+13	2.31e-21	3.20e-15	6.15e-10	1.41e-05	9.96e-01	4.32e-03	0.00e+00	0.00e+00	0.00e+00	0.00e+00	1.06e-15	2.14e-15	1.12e-64
 5.98981e+13	3.11e-21	4.01e-15	7.18e-10	1.53e-05	9.96e-01	3.99e-03	0.00e+00	0.00e+00	0.00e+00	0.00e+00	1.33e-15	2.68e-15	2.51e-64
 6.21436e+13	4.14e-21	4.97e-15	8.33e-10	1.65e-05	9.96e-01	3.71e-03	0.00e+00	0.00e+00	0.00e+00	0.00e+00	1.65e-15	3.32e-15	5.45e-64
 6.41973e+13	5.33e-21	6.02e-15	9.49e-10	1.76e-05	9.97e-01	3.47e-03	0.00e+00	0.00e+00	0.00e+00	0.00e+00	2.00e-15	4.02e-15	1.08e-63
 6.64913e+13	6.99e-21	7.40e-15	1.09e-09	1.89e-05	9.97e-01	3.23e-03	0.00e+00	0.00e+00	0.00e+00	0.00e+00	2.45e-15	4.95e-15	2.26e-63
 6.91586e+13	9.47e-21	9.32e-15	1.28e-09	2.05e-05	9.97e-01	2.98e-03	0.00e+00	0.00e+00	0.00e+00	0.00e+00	3.09e-15	6.23e-15	5.17e-63
 7.17769e+13	1.26e-20	1.16e-14	1.49e-09	2.22e-05	9.97e-01	2.76e-03	0.00e+00	0.00e+00	0.00e+00	0.00e+00	3.84e-15	7.76e-15	1.13e-62
 7.42536e+13	1.64e-20	1.42e-14	1.70e-09	2.38e-05	9.97e-01	2.58e-03	0.00e+00	0.00e+00	0.00e+00	0.00e+00	4.69e-15	9.47e-15	2.32e-62
 7.70072e+13	2.18e-20	1.75e-14	1.97e-09	2.56e-05	9.98e-01	2.39e-03	0.00e+00	0.00e+00	0.00e+00	0.00e+00	5.81e-15	1.17e-14	4.99e-62
 8.01174e+13	2.96e-20	2.21e-14	2.31e-09	2.78e-05	9.98e-01	2.21e-03	0.00e+00	0.00e+00	0.00e+00	0.00e+00	7.33e-15	1.48e-14	1.15e-61
 8.30688e+13	3.92e-20	2.74e-14	2.67e-09	2.99e-05	9.98e-01	2.05e-03	0.00e+00	0.00e+00	0.00e+00	0.00e+00	9.07e-15	1.83e-14	2.48e-61
 8.57555e+13	5.03e-20	3.30e-14	3.04e-09	3.20e-05	9.98e-01	1.92e-03	0.00e+00	0.00e+00	0.00e+00	0.00e+00	1.09e-14	2.21e-14	4.86e-61
 8.87937e+13	6.58e-20	4.06e-14	3.49e-09	3.43e-05	9.98e-01	1.79e-03	0.00e+00	0.00e+00	0.00e+00	0.00e+00	1.34e-14	2.71e-14	1.02e-60
 9.23362e+13	8.93e-20	5.11e-14	4.08e-09	3.72e-05	9.98e-01	1.65e-03	0.00e+00	0.00e+00	0.00e+00	0.00e+00	1.69e-14	3.42e-14	2.33e-60
 9.57387e+13	1.18e-19	6.32e-14	4.72e-09	4.01e-05	9.98e-01	1.54e-03	0.00e+00	0.00e+00	0.00e+00	0.00e+00	2.09e-14	4.23e-14	5.04e-60
 9.88216e+13	1.52e-19	7.62e-14	5.36e-09	4.27e-05	9.99e-01	1.44e-03	0.00e+00	0.00e+00	0.00e+00	0.00e+00	2.52e-14	5.10e-14	9.89e-60
 1.01721e+14	1.90e-19	9.04e-14	6.02e-09	4.53e-05	9.99e-01	1.36e-03	0.00e+00	0.00e+00	0.00e+00	0.00e+00	2.99e-14	6.05e-14	1.83e-59
 1.04928e+14	2.42e-19	1.09e-13	6.82e-09	4.83e-05	9.99e-01	1.27e-03	0.00e+00	0.00e+00	0.00e+00	0.00e+00	3.59e-14	7.26e-14	3.55e-59
 1.08515e+14	3.14e-19	1.32e-13	7.80e-09	5.17e-05	9.99e-01	1.19e-03	0.00e+00	0.00e+00	0.00e+00	0.00e+00	4.38e-14	8.86e-14	7.28e-59
 1.11909e+14	4.00e-19	1.59e-13	8.82e-09	5.51e-05	9.99e-01	1.12e-03	0.00e+00	0.00e+00	0.00e+00	0.00e+00	5.25e-14	1.06e-13	1.41e-58
 1.15633e+14	5.16e-19	1.93e-13	1.01e-08	5.89e-05	9.99e-01	1.05e-03	0.00e+00	0.00e+00	0.00e+00	0.00e+00	6.37e-14	1.29e-13	2.84e-58
 1.19798e+14	6.81e-19	2.37e-13	1.16e-08	6.33e-05	9.99e-01	9.74e-04	0.00e+00	0.00e+00	0.00e+00	0.00e+00	7.84e-14	1.59e-13	6.05e-58
 1.23729e+14	8.77e-19	2.87e-13	1.32e-08	6.75e-05	9.99e-01	9.13e-04	0.00e+00	0.00e+00	0.00e+00	0.00e+00	9.49e-14	1.92e-13	1.21e-57
 1.28029e+14	1.15e-18	3.52e-13	1.51e-08	7.24e-05	9.99e-01	8.51e-04	0.00e+00	0.00e+00	0.00e+00	0.00e+00	1.16e-13	2.35e-13	2.52e-57
 1.32784e+14	1.52e-18	4.36e-13	1.75e-08	7.80e-05	9.99e-01	7.91e-04	0.00e+00	0.00e+00	0.00e+00	0.00e+00	1.44e-13	2.92e-13	5.51e-57
 1.37182e+14	1.97e-18	5.29e-13	1.99e-08	8.33e-05	9.99e-01	7.40e-04	0.00e+00	0.00e+00	0.00e+00	0.00e+00	1.75e-13	3.54e-13	1.11e-56
 1.41948e+14	2.57e-18	6.47e-13	2.29e-08	8.93e-05	9.99e-01	6.90e-04	0.00e+00	0.00e+00	0.00e+00	0.00e+00	2.14e-13	4.34e-13	2.32e-56
 1.47270e+14	3.42e-18	8.05e-13	2.65e-08	9.63e-05	9.99e-01	6.41e-04	0.00e+00	0.00e+00	0.00e+00	0.00e+00	2.65e-13	5.39e-13	5.10e-56
 1.52268e+14	4.45e-18	9.80e-13	3.03e-08	1.03e-04	9.99e-01	5.99e-04	0.00e+00	0.00e+00	0.00e+00	0.00e+00	3.23e-13	6.57e-13	1.05e-55
 1.57716e+14	5.85e-18	1.21e-12	3.49e-08	1.11e-04	9.99e-01	5.57e-04	0.00e+00	0.00e+00	0.00e+00	0.00e+00	3.98e-13	8.09e-13	2.22e-55
 1.63777e+14	7.85e-18	1.51e-12	4.06e-08	1.20e-04	9.99e-01	5.16e-04	0.00e+00	0.00e+00	0.00e+00	0.00e+00	4.97e-13	1.01e-12	5.01e-55
 1.69445e+14	1.02e-17	1.84e-12	4.65e-08	1.28e-04	9.99e-01	4.81e-04	0.00e+00	0.00e+00	0.00e+00	0.00e+00	6.07e-13	1.24e-12	1.04e-54
 1.75589e+14	1.35e-17	2.27e-12	5.36e-08	1.38e-04	9.99e-01	4.47e-04	0.00e+00	0.00e+00	0.00e+00	0.00e+00	7.48e-13	1.52e-12	2.23e-54
 1.82454e+14	1.82e-17	2.85e-12	6.26e-08	1.49e-04	9.99e-01	4.13e-04	0.00e+00	0.00e+00	0.00e+00	0.00e+00	9.37e-13	1.91e-12	5.05e-54
 1.88986e+14	2.39e-17	3.50e-12	7.21e-08	1.61e-04	9.99e-01	3.84e-04	0.00e+00	0.00e+00	0.00e+00	0.00e+00	1.15e-12	2.35e-12	1.07e-53
 1.95968e+14	3.16e-17	4.34e-12	8.34e-08	1.73e-04	9.99e-01	3.57e-04	0.00e+00	0.00e+00	0.00e+00	0.00e+00	1.43e-12	2.91e-12	2.32e-53
 2.03837e+14	4.27e-17	5.46e-12	9.78e-08	1.88e-04	9.99e-01	3.29e-04	0.00e+00	0.00e+00	0.00e+00	0.00e+00	1.79e-12	3.67e-12	5.34e-53
 2.11605e+14	5.70e-17	6.80e-12	1.14e-07	2.03e-04	9.99e-01	3.04e-04	0.00e+00	4.69e-18	1.41e-17	2.35e-17	2.23e-12	4.57e-12	1.18e-52
 2.19684e+14	7.59e-17	8.46e-12	1.32e-07	2.20e-04	9.99e-01	2.81e-04	0.00e+00	6.25e-18	1.88e-17	3.14e-17	2.78e-12	5.68e-12	2.61e-52
 2.28502e+14	1.02e-16	1.06e-11	1.55e-07	2.39e-04	1.00e+00	2.59e-04	0.00e+00	8.43e-18	2.53e-17	4.23e-17	3.49e-12	7.15e-12	5.97e-52
 2.35999e+14	1.31e-16	1.28e-11	1.77e-07	2.56e-04	1.00e+00	2.42e-04	0.00e+00	1.08e-17	3.24e-17	5.41e-17	4.21e-12	8.63e-12	1.18e-51
 2.41546e+14	1.56e-16	1.47e-11	1.94e-07	2.68e-04	1.00e+00	2.30e-04	0.00e+00	1.28e-17	3.86e-17	6.45e-17	4.82e-12	9.88e-12	1.92e-51
 2.47398e+14	1.87e-16	1.69e-11	2.14e-07	2.83e-04	9.99e-01	2.19e-04	0.00e+00	1.54e-17	4.62e-17	7.72e-17	5.53e-12	1.13e-11	3.17e-51
 2.55006e+14	2.34e-16	2.01e-11	2.42e-07	3.02e-04	9.99e-01	2.05e-04	0.00e+00	1.93e-17	5.80e-17	9.69e-17	6.59e-12	1.35e-11	5.94e-51
 2.63375e+14	2.98e-16	2.42e-11	2.76e-07	3.23e-04	9.99e-01	1.91e-04	0.00e+00	2.46e-17	7.38e-17	1.23e-16	7.93e-12	1.63e-11	1.16e-50
 2.71088e+14	3.69e-16	2.86e-11	3.10e-07	3.44e-04	9.99e-01	1.80e-04	0.00e+00	3.05e-17	9.15e-17	1.53e-16	9.36e-12	1.92e-11	2.11e-50
 2.79469e+14	4.62e-16	3.40e-11	3.51e-07	3.67e-04	9.99e-01	1.68e-04	0.00e+00	3.81e-17	1.15e-16	1.91e-16	1.11e-11	2.29e-11	3.95e-50
 2.88909e+14	5.90e-16	4.11e-11	4.02e-07	3.95e-04	9.99e-01	1.57e-04	0.00e+00	4.87e-17	1.46e-16	2.45e-16	1.35e-11	2.77e-11	7.84e-50
 2.97927e+14	7.38e-16	4.90e-11	4.56e-07	4.23e-04	9.99e-01	1.46e-04	0.00e+00	6.10e-17	1.83e-16	3.06e-16	1.60e-11	3.30e-11	1.47e-49
 3.07852e+14	9.35e-16	5.90e-11	5.21e-07	4.54e-04	9.99e-01	1.36e-04	0.00e+00	7.74e-17	2.33e-16	3.89e-16	1.93e-11	3.97e-11	2.87e-49
 3.18915e+14	1.21e-15	7.20e-11	6.02e-07	4.91e-04	9.99e-01	1.26e-04	0.00e+00	9.99e-17	3.00e-16	5.01e-16	2.35e-11	4.84e-11	5.90e-49
 3.29354e+14	1.52e-15	8.64e-11	6.86e-07	5.28e-04	9.99e-01	1.18e-04	0.00e+00	1.26e-16	3.79e-16	6.33e-16	2.83e-11	5.81e-11	1.14e-48
 3.40820e+14	1.94e-15	1.05e-10	7.90e-07	5.70e-04	9.99e-01	1.09e-04	0.00e+00	1.61e-16	4.84e-16	8.08e-16	3.42e-11	7.04e-11	2.29e-48
 3.53573e+14	2.52e-15	1.29e-10	9.18e-07	6.19e-04	9.99e-01	1.01e-04	0.00e+00	2.09e-16	6.28e-16	1.05e-15	4.20e-11	8.65e-11	4.82e-48
 3.65440e+14	3.17e-15	1.54e-10	1.05e-06	6.67e-04	9.99e-01	9.34e-05	0.00e+00	2.64e-16	7.92e-16	1.32e-15	5.05e-11	1.04e-10	9.38e-48
 3.78305e+14	4.04e-15	1.87e-10	1.21e-06	7.21e-04	9.99e-01	8.65e-05	0.00e+00	3.36e-16	1.01e-15	1.69e-15	6.12e-11	1.26e-10	1.89e-47
 3.92665e+14	5.23e-15	2.30e-10	1.41e-06	7.85e-04	9.99e-01	7.96e-05	0.00e+00	4.36e-16	1.31e-15	2.19e-15	7.52e-11	1.55e-10	4.02e-47
 4.06112e+14	6.60e-15	2.77e-10	1.62e-06	8.47e-04	9.99e-01	7.38e-05	0.00e+00	5.50e-16	1.65e-15	2.76e-15	9.05e-11	1.86e-10	7.94e-47
 4.20736e+14	8.41e-15	3.36e-10	1.87e-06	9.18e-04	9.99e-01	6.82e-05	0.00e+00	7.02e-16	2.11e-15	3.52e-15	1.10e-10	2.26e-10	1.62e-46
 4.37066e+14	1.09e-14	4.14e-10	2.18e-06	1.00e-03	9.99e-01	6.26e-05	0.00e+00	9.11e-16	2.74e-15	4.57e-15	1.35e-10	2.78e-10	3.50e-46
 4.52407e+14	1.38e-14	4.99e-10	2.51e-06	1.08e-03	9.99e-01	5.80e-05	0.00e+00	1.15e-15	3.46e-15	5.78e-15	1.63e-10	3.36e-10	7.05e-46
 4.68891e+14	1.75e-14	6.06e-10	2.90e-06	1.18e-03	9.99e-01	5.35e-05	0.00e+00	1.47e-15	4.41e-15	7.36e-15	1.98e-10	4.08e-10	1.46e-45
 4.87278e+14	2.26e-14	7.47e-10	3.39e-06	1.28e-03	9.99e-01	4.91e-05	0.00e+00	1.90e-15	5.71e-15	9.54e-15	2.44e-10	5.02e-10	3.18e-45
 5.04968e+14	2.87e-14	9.05e-10	3.91e-06	1.39e-03	9.99e-01	4.53e-05	0.00e+00	2.41e-15	7.25e-15	1.21e-14	2.96e-10	6.09e-10	6.57e-45
 5.23763e+14	3.66e-14	1.10e-09	4.53e-06	1.52e-03	9.98e-01	4.18e-05	0.00e+00	3.08e-15	9.25e-15	1.54e-14	3.61e-10	7.42e-10	1.38e-44
 5.44744e+14	4.74e-14	1.36e-09	5.31e-06	1.66e-03	9.98e-01	3.83e-05	0.00e+00	4.00e-15	1.20e-14	2.01e-14	4.46e-10	9.16e-10	3.09e-44
 5.65663e+14	6.07e-14	1.67e-09	6.18e-06	1.81e-03	9.98e-01	3.52e-05	0.00e+00	5.13e-15	1.54e-14	2.57e-14	5.46e-10	1.12e-09	6.69e-44
 5.82954e+14	7.39e-14	1.96e-09	6.97e-06	1.94e-03	9.98e-01	3.29e-05	0.00e+00	6.24e-15	1.87e-14	3.13e-14	6.41e-10	1.32e-09	1.24e-43
 5.96378e+14	8.59e-14	2.21e-09	7.64e-06	2.04e-03	9.98e-01	3.13e-05	0.00e+00	7.26e-15	2.18e-14	3.64e-14	7.25e-10	1.49e-09	1.98e-43
 6.11000e+14	1.01e-13	2.52e-09	8.42e-06	2.16e-03	9.98e-01	2.97e-05	0.00e+00	8.52e-15	2.56e-14	4.27e-14	8.26e-10	1.70e-09	3.27e-43
 6.30008e+14	1.23e-13	2.97e-09	9.52e-06	2.31e-03	9.98e-01	2.77e-05	0.00e+00	1.04e-14	3.13e-14	5.23e-14	9.74e-10	2.00e-09	6.16e-43
 6.50594e+14	1.52e-13	3.53e-09	1.08e-05	2.49e-03	9.97e-01	2.58e-05	0.00e+00	1.29e-14	3.87e-14	6.46e-14	1.16e-09	2.38e-09	1.22e-42
 6.69112e+14	1.82e-13	4.11e-09	1.21e-05	2.65e-03	9.97e-01	2.43e-05	0.00e+00	1.55e-14	4.65e-14	7.77e-14	1.35e-09	2.76e-09	2.19e-42
 6.89069e+14	2.21e-13	4.81e-09	1.36e-05	2.84e-03	9.97e-01	2.28e-05	0.00e+00	1.88e-14	5.64e-14	9.42e-14	1.58e-09	3.23e-09	4.06e-42
 7.14370e+14	2.67e-13	5.84e-09	1.57e-05	3.08e-03	9.97e-01	2.11e-05	0.00e+00	2.28e-14	6.84e-14	1.14e-13	1.92e-09	3.93e-09	8.71e-42
 7.39929e+14	3.34e-13	7.06e-09	1.81e-05	3.34e-03	9.97e-01	1.95e-05	0.00e+00	2.85e-14	8.56e-14	1.43e-13	2.32e-09	4.75e-09	1.85e-41
 7.61467e+14	4.01e-13	8.25e-09	2.03e-05	3.56e-03	9.96e-01	1.83e-05	0.00e+00	3.43e-14	1.03e-13	1.72e-13	2.71e-09	5.54e-09	3.43e-41
 7.84471e+14	4.85e-13	9.69e-09	2.29e-05	3.81e-03	9.96e-01	1.72e-05	0.00e+00	4.15e-14	1.25e-13	2.08e-13	3.18e-09	6.51e-09	6.51e-41
 8.13438e+14	6.12e-13	1.18e-08	2.64e-05	4.14e-03	9.96e-01	1.59e-05	0.00e+00	5.24e-14	1.57e-13	2.63e-13	3.87e-09	7.92e-09	1.42e-40
 8.43838e+14	7.72e-13	1.44e-08	3.06e-05	4.50e-03	9.95e-01	1.48e-05	0.00e+00	6.62e-14	1.99e-13	3.32e-13	4.73e-09	9.66e-09	3.15e-40
 8.71308e+14	9.46e-13	1.71e-08	3.47e-05	4.84e-03	9.95e-01	1.38e-05	0.00e+00	8.12e-14	2.44e-13	4.07e-13	5.62e-09	1.15e-08	6.28e-40
 9.01289e+14	1.17e-12	2.06e-08	3.98e-05	5.22e-03	9.95e-01	1.29e-05	0.00e+00	1.01e-13	3.03e-13	5.05e-13	6.77e-09	1.38e-08	1.31e-39
 9.36615e+14	1.50e-12	2.54e-08	4.64e-05	5.70e-03	9.94e-01	1.19e-05	0.00e+00	1.29e-13	3.87e-13	6.46e-13	8.37e-09	1.71e-08	3.02e-39
 9.71149e+14	1.88e-12	3.10e-08	5.35e-05	6.18e-03	9.94e-01	1.11e-05	0.00e+00	1.62e-13	4.86e-13	8.12e-13	1.02e-08	2.08e-08	6.61e-39
 1.00280e+15	2.31e-12	3.70e-08	6.09e-05	6.64e-03	9.93e-01	1.04e-05	0.00e+00	1.99e-13	5.98e-13	9.98e-13	1.22e-08	2.48e-08	1.33e-38
 1.03844e+15	2.88e-12	4.48e-08	7.00e-05	7.19e-03	9.93e-01	9.71e-06	0.00e+00	2.49e-13	7.46e-13	1.25e-12	1.48e-08	3.01e-08	2.84e-38
 1.07977e+15	3.69e-12	5.56e-08	8.17e-05	7.85e-03	9.92e-01	9.01e-06	0.00e+00	3.19e-13	9.56e-13	1.60e-12	1.83e-08	3.73e-08	6.57e-38
 1.12029e+15	4.64e-12	6.84e-08	9.48e-05	8.52e-03	9.91e-01	8.42e-06	0.00e+00	4.02e-13	1.21e-12	2.01e-12	2.25e-08	4.59e-08	1.47e-37
 1.15858e+15	5.75e-12	8.26e-08	1.08e-04	9.19e-03	9.91e-01	7.92e-06	0.00e+00	4.98e-13	1.50e-12	2.50e-12	2.72e-08	5.54e-08	3.03e-37
 1.20111e+15	7.21e-12	1.01e-07	1.25e-04	9.96e-03	9.90e-01	7.41e-06	0.00e+00	6.25e-13	1.88e-12	3.13e-12	3.32e-08	6.76e-08	6.62e-37
 1.24165e+15	8.88e-12	1.22e-07	1.43e-04	1.07e-02	9.89e-01	7.00e-06	0.00e+00	7.71e-13	2.31e-12	3.86e-12	4.01e-08	8.14e-08	1.35e-36
 1.27203e+15	1.02e-11	1.39e-07	1.58e-04	1.13e-02	9.89e-01	6.73e-06	0.00e+00	8.89e-13	2.67e-12	4.46e-12	4.59e-08	9.32e-08	2.28e-36
 1.30284e+15	1.19e-11	1.59e-07	1.73e-04	1.20e-02	9.88e-01	6.46e-06	0.00e+00	1.04e-12	3.11e-12	5.19e-12	5.25e-08	1.07e-07	3.83e-36
 1.34290e+15	1.45e-11	1.89e-07	1.96e-04	1.28e-02	9.87e-01	6.14e-06	0.00e+00	1.26e-12	3.78e-12	6.30e-12	6.23e-08	1.26e-07	7.35e-36
 1.38635e+15	1.76e-11	2.26e-07	2.23e-04	1.37e-02	9.86e-01	5.83e-06	0.00e+00	1.54e-12	4.61e-12	7.69e-12	7.45e-08	1.51e-07	1.46e-35
 1.42537e+15	2.10e-11	2.65e-07	2.49e-04	1.46e-02	9.85e-01	5.59e-06	0.00e+00	1.83e-12	5.48e-12	9.15e-12	8.73e-08	1.77e-07	2.63e-35
 1.46726e+15	2.51e-11	3.12e-07	2.80e-04	1.56e-02	9.84e-01	5.35e-06	0.00e+00	2.19e-12	6.58e-12	1.10e-11	1.03e-07	2.09e-07	4.88e-35
 1.52078e+15	3.14e-11	3.83e-07	3.23e-04	1.69e-02	9.83e-01	5.08e-06	0.00e+00	2.74e-12	8.23e-12	1.37e-11	1.26e-07	2.56e-07	1.05e-34
 1.57483e+15	3.89e-11	4.66e-07	3.72e-04	1.83e-02	9.81e-01	4.83e-06	0.00e+00	3.40e-12	1.02e-11	1.70e-11	1.54e-07	3.12e-07	2.19e-34
 1.61980e+15	4.60e-11	5.48e-07	4.17e-04	1.94e-02	9.80e-01	4.67e-06	0.00e+00	4.02e-12	1.21e-11	2.01e-11	1.81e-07	3.67e-07	3.96e-34
 1.66753e+15	5.52e-11	6.47e-07	4.69e-04	2.07e-02	9.79e-01	4.49e-06	0.00e+00	4.84e-12	1.45e-11	2.42e-11	2.14e-07	4.33e-07	7.33e-34
 1.72842e+15	6.94e-11	7.94e-07	5.42e-04	2.25e-02	9.77e-01	4.28e-06	0.00e+00	6.08e-12	1.82e-11	3.05e-11	2.62e-07	5.31e-07	1.55e-33
 1.79215e+15	8.66e-11	9.76e-07	6.27e-04	2.44e-02	9.75e-01	4.10e-06	0.00e+00	7.60e-12	2.28e-11	3.80e-11	3.23e-07	6.54e-07	3.30e-33
 1.84805e+15	1.04e-10	1.16e-06	7.11e-04	2.61e-02	9.73e-01	3.96e-06	0.00e+00	9.17e-12	2.75e-11	4.59e-11	3.85e-07	7.80e-07	6.20e-33
 1.90801e+15	1.27e-10	1.40e-06	8.09e-04	2.80e-02	9.71e-01	3.83e-06	0.00e+00	1.12e-11	3.35e-11	5.59e-11	4.63e-07	9.37e-07	1.20e-32
 1.98076e+15	1.60e-10	1.73e-06	9.43e-04	3.05e-02	9.69e-01	3.68e-06	0.00e+00	1.41e-11	4.23e-11	7.06e-11	5.74e-07	1.16e-06	2.59e-32
 2.05295e+15	1.99e-10	2.13e-06	1.09e-03	3.30e-02	9.66e-01	3.56e-06	0.00e+00	1.75e-11	5.26e-11	8.78e-11	7.04e-07	1.42e-06	5.34e-32
 2.11661e+15	2.38e-10	2.54e-06	1.23e-03	3.53e-02	9.63e-01	3.47e-06	0.00e+00	2.10e-11	6.30e-11	1.05e-10	8.40e-07	1.70e-06	9.86e-32
 2.18635e+15	2.93e-10	3.07e-06	1.41e-03	3.80e-02	9.61e-01	3.37e-06	0.00e+00	2.59e-11	7.77e-11	1.30e-10	1.01e-06	2.05e-06	1.91e-31
 2.26319e+15	3.62e-10	3.74e-06	1.62e-03	4.11e-02	9.57e-01	3.27e-06	0.00e+00	3.20e-11	9.60e-11	1.60e-10	1.24e-06	2.50e-06	3.84e-31
 2.33384e+15	4.40e-10	4.47e-06	1.84e-03	4.40e-02	9.54e-01	3.20e-06	0.00e+00	3.89e-11	1.17e-10	1.95e-10	1.48e-06	2.99e-06	7.08e-31
 2.39442e+15	5.15e-10	5.19e-06	2.04e-03	4.66e-02	9.51e-01	3.14e-06	0.00e+00	4.56e-11	1.37e-10	2.28e-10	1.72e-06	3.47e-06	1.18e-30
 2.45730e+15	6.09e-10	6.04e-06	2.28e-03	4.95e-02	9.48e-01	3.08e-06	0.00e+00	5.40e-11	1.62e-10	2.70e-10	2.00e-06	4.04e-06	1.98e-30
 2.52807e+15	7.28e-10	7.12e-06	2.56e-03	5.28e-02	9.45e-01	3.01e-06	0.00e+00	6.45e-11	1.94e-10	3.23e-10	2.36e-06	4.76e-06	3.48e-30
 2.59561e+15	8.63e-10	8.30e-06	2.85e-03	5.60e-02	9.41e-01	2.97e-06	0.00e+00	7.66e-11	2.30e-10	3.83e-10	2.75e-06	5.55e-06	5.82e-30
 2.66990e+15	1.04e-09	9.80e-06	3.21e-03	5.97e-02	9.37e-01	2.91e-06	0.00e+00	9.20e-11	2.76e-10	4.61e-10	3.25e-06	6.55e-06	1.02e-29
 2.75098e+15	1.25e-09	1.17e-05	3.63e-03	6.39e-02	9.32e-01	2.85e-06	0.00e+00	1.12e-10	3.35e-10	5.58e-10	3.87e-06	7.80e-06	1.82e-29
 2.82548e+15	1.49e-09	1.36e-05	4.05e-03	6.79e-02	9.28e-01	2.81e-06	0.00e+00	1.33e-10	3.98e-10	6.64e-10	4.52e-06	9.11e-06	3.04e-29
 2.90691e+15	1.81e-09	1.61e-05	4.56e-03	7.25e-02	9.23e-01	2.77e-06	0.00e+00	1.61e-10	4.83e-10	8.06e-10	5.35e-06	1.08e-05	5.32e-29
 2.99726e+15	2.20e-09	1.93e-05	5.18e-03	7.77e-02	9.17e-01	2.72e-06	0.00e+00	1.96e-10	5.87e-10	9.79e-10	6.40e-06	1.29e-05	9.53e-29
 3.08284e+15	2.64e-09	2.28e-05	5.82e-03	8.28e-02	9.11e-01	2.67e-06	0.00e+00	2.36e-10	7.08e-10	1.18e-09	7.55e-06	1.52e-05	1.62e-28
 3.17774e+15	3.24e-09	2.73e-05	6.62e-03	8.88e-02	9.05e-01	2.63e-06	0.00e+00	2.89e-10	8.68e-10	1.45e-09	9.05e-06	1.82e-05	2.91e-28
 3.28096e+15	3.99e-09	3.29e-05	7.56e-03	9.56e-02	8.97e-01	2.58e-06	0.00e+00	3.57e-10	1.07e-09	1.79e-09	1.09e-05	2.20e-05	5.28e-28
 3.37386e+15	4.83e-09	3.87e-05	8.50e-03	1.02e-01	8.90e-01	2.55e-06	0.00e+00	4.32e-10	1.30e-09	2.16e-09	1.29e-05	2.59e-05	8.77e-28
 3.47347e+15	5.94e-09	4.61e-05	9.62e-03	1.09e-01	8.81e-01	2.51e-06	0.00e+00	5.32e-10	1.60e-09	2.66e-09	1.53e-05	3.08e-05	1.53e-27
 3.58399e+15	7.29e-09	5.55e-05	1.10e-02	1.17e-01	8.72e-01	2.46e-06	0.00e+00	6.55e-10	1.96e-09	3.28e-09	1.84e-05	3.71e-05	2.71e-27
 3.68774e+15	8.92e-09	6.57e-05	1.24e-02	1.25e-01	8.63e-01	2.44e-06	0.00e+00	8.02e-10	2.41e-09	4.01e-09	2.18e-05	4.38e-05	4.53e-27
 3.80163e+15	1.10e-08	7.90e-05	1.41e-02	1.34e-01	8.52e-01	2.38e-06	0.00e+00	9.92e-10	2.98e-09	4.96e-09	2.63e-05	5.28e-05	7.99e-27
 3.92592e+15	1.39e-08	9.57e-05	1.62e-02	1.44e-01	8.40e-01	2.34e-06	0.00e+00	1.25e-09	3.75e-09	6.25e-09	3.18e-05	6.39e-05	1.42e-26
 4.03282e+15	1.66e-08	1.12e-04	1.82e-02	1.53e-01	8.29e-01	2.30e-06	0.00e+00	1.50e-09	4.48e-09	7.48e-09	3.72e-05	7.47e-05	2.24e-26
 4.12563e+15	1.95e-08	1.28e-04	2.01e-02	1.61e-01	8.19e-01	2.27e-06	0.00e+00	1.76e-09	5.28e-09	8.81e-09	4.27e-05	8.56e-05	3.36e-26
 4.23100e+15	2.35e-08	1.50e-04	2.25e-02	1.71e-01	8.06e-01	2.23e-06	0.00e+00	2.13e-09	6.39e-09	1.06e-08	4.99e-05	1.00e-04	5.36e-26
 4.34325e+15	2.86e-08	1.76e-04	2.52e-02	1.82e-01	7.93e-01	2.19e-06	0.00e+00	2.59e-09	7.78e-09	1.30e-08	5.84e-05	1.17e-04	8.48e-26
 4.44505e+15	3.40e-08	2.02e-04	2.79e-02	1.91e-01	7.81e-01	2.17e-06	0.00e+00	3.09e-09	9.25e-09	1.54e-08	6.72e-05	1.35e-04	1.26e-25
 4.54309e+15	4.02e-08	2.31e-04	3.08e-02	2.01e-01	7.68e-01	2.13e-06	0.00e+00	3.65e-09	1.09e-08	1.82e-08	7.69e-05	1.54e-04	1.85e-25
 4.65564e+15	4.82e-08	2.70e-04	3.44e-02	2.12e-01	7.53e-01	2.08e-06	0.00e+00	4.38e-09	1.31e-08	2.19e-08	8.98e-05	1.80e-04	2.90e-25
 4.78042e+15	5.97e-08	3.18e-04	3.88e-02	2.25e-01	7.36e-01	2.05e-06	0.00e+00	5.43e-09	1.63e-08	2.72e-08	1.06e-04	2.12e-04	4.62e-25
 4.89599e+15	7.09e-08	3.68e-04	4.33e-02	2.37e-01	7.19e-01	2.00e-06	0.00e+00	6.46e-09	1.94e-08	3.23e-08	1.23e-04	2.46e-04	6.91e-25
 5.00207e+15	8.40e-08	4.22e-04	4.78e-02	2.49e-01	7.03e-01	1.96e-06	0.00e+00	7.66e-09	2.30e-08	3.83e-08	1.40e-04	2.81e-04	1.01e-24
 5.12091e+15	1.02e-07	4.93e-04	5.36e-02	2.62e-01	6.84e-01	1.92e-06	0.00e+00	9.35e-09	2.80e-08	4.67e-08	1.64e-04	3.29e-04	1.51e-24
 5.25210e+15	1.27e-07	5.81e-04	6.04e-02	2.77e-01	6.62e-01	1.88e-06	0.00e+00	1.16e-08	3.48e-08	5.80e-08	1.93e-04	3.87e-04	2.39e-24
 5.37268e+15	1.54e-07	6.72e-04	6.74e-02	2.90e-01	6.42e-01	1.84e-06	0.00e+00	1.41e-08	4.22e-08	7.04e-08	2.24e-04	4.48e-04	3.55e-24
 5.48555e+15	1.82e-07	7.71e-04	7.46e-02	3.03e-01	6.21e-01	1.80e-06	0.00e+00	1.66e-08	4.99e-08	8.32e-08	2.57e-04	5.14e-04	5.15e-24
 5.61508e+15	2.27e-07	9.10e-04	8.41e-02	3.19e-01	5.96e-01	1.75e-06	0.00e+00	2.08e-08	6.24e-08	1.04e-07	3.03e-04	6.07e-04	8.23e-24
 5.75238e+15	2.78e-07	1.07e-03	9.49e-02	3.34e-01	5.70e-01	1.70e-06	0.00e+00	2.55e-08	7.65e-08	1.27e-07	3.56e-04	7.12e-04	1.26e-23
 5.87297e+15	3.35e-07	1.23e-03	1.05e-01	3.48e-01	5.45e-01	1.66e-06	0.00e+00	3.08e-08	9.23e-08	1.54e-07	4.11e-04	8.22e-04	1.86e-23
 5.98565e+15	4.07e-07	1.41e-03	1.17e-01	3.61e-01	5.21e-01	1.63e-06	0.00e+00	3.74e-08	1.12e-07	1.87e-07	4.71e-04	9.43e-04	2.71e-23
 6.11489e+15	5.01e-07	1.66e-03	1.31e-01	3.75e-01	4.92e-01	1.58e-06	0.00e+00	4.62e-08	1.38e-07	2.31e-07	5.54e-04	1.11e-03	4.29e-23
 6.25128e+15	6.16e-07	1.94e-03	1.47e-01	3.89e-01	4.61e-01	1.52e-06	0.00e+00	5.68e-08	1.70e-07	2.84e-07	6.48e-04	1.30e-03	6.53e-23
 6.36714e+15	7.40e-07	2.23e-03	1.63e-01	4.00e-01	4.34e-01	1.48e-06	0.00e+00	6.83e-08	2.05e-07	3.41e-07	7.43e-04	1.49e-03	9.54e-23
 6.46749e+15	8.85e-07	2.52e-03	1.78e-01	4.10e-01	4.10e-01	1.46e-06	0.00e+00	8.17e-08	2.45e-07	4.08e-07	8.40e-04	1.68e-03	1.35e-22
 6.57747e+15	1.07e-06	2.90e-03	1.97e-01	4.19e-01	3.81e-01	1.42e-06	0.00e+00	9.89e-08	2.96e-07	4.94e-07	9.66e-04	1.93e-03	2.04e-22
 6.69277e+15	1.27e-06	3.31e-03	2.17e-01	4.27e-01	3.53e-01	1.36e-06	0.00e+00	1.18e-07	3.53e-07	5.88e-07	1.10e-03	2.20e-03	2.94e-22
 6.79373e+15	1.52e-06	3.75e-03	2.37e-01	4.34e-01	3.26e-01	1.33e-06	0.00e+00	1.41e-07	4.23e-07	7.05e-07	1.25e-03	2.50e-03	4.31e-22
 6.87408e+15	1.73e-06	4.12e-03	2.53e-01	4.38e-01	3.05e-01	1.30e-06	0.00e+00	1.61e-07	4.82e-07	8.03e-07	1.37e-03	2.75e-03	5.64e-22
 6.93732e+15	1.93e-06	4.46e-03	2.67e-01	4.40e-01	2.88e-01	1.27e-06	0.00e+00	1.79e-07	5.37e-07	8.95e-07	1.49e-03	2.97e-03	7.12e-22
 7.00794e+15	2.20e-06	4.88e-03	2.84e-01	4.42e-01	2.69e-01	1.24e-06	0.00e+00	2.04e-07	6.11e-07	1.02e-06	1.63e-03	3.25e-03	9.46e-22
 7.08480e+15	2.51e-06	5.34e-03	3.03e-01	4.43e-01	2.49e-01	1.20e-06	0.00e+00	2.33e-07	6.99e-07	1.16e-06	1.78e-03	3.56e-03	1.23e-21
 7.15582e+15	2.81e-06	5.77e-03	3.21e-01	4.43e-01	2.30e-01	1.16e-06	0.00e+00	2.61e-07	7.83e-07	1.30e-06	1.93e-03	3.85e-03	1.56e-21
 7.23420e+15	3.25e-06	6.37e-03	3.43e-01	4.42e-01	2.09e-01	1.11e-06	0.00e+00	3.02e-07	9.05e-07	1.51e-06	2.13e-03	4.25e-03	2.13e-21
 7.31328e+15	3.75e-06	7.03e-03	3.65e-01	4.39e-01	1.89e-01	1.06e-06	0.00e+00	3.49e-07	1.05e-06	1.74e-06	2.34e-03	4.68e-03	2.93e-21
 7.37482e+15	4.26e-06	7.68e-03	3.85e-01	4.35e-01	1.72e-01	1.04e-06	0.00e+00	3.97e-07	1.19e-06	1.98e-06	2.56e-03	5.12e-03	3.99e-21
 7.42350e+15	4.65e-06	8.16e-03	4.00e-01	4.32e-01	1.60e-01	1.01e-06	0.00e+00	4.33e-07	1.30e-06	2.16e-06	2.72e-03	5.44e-03	4.89e-21
 7.47391e+15	5.09e-06	8.64e-03	4.16e-01	4.28e-01	1.48e-01	9.76e-07	0.00e+00	4.74e-07	1.42e-06	2.37e-06	2.88e-03	5.75e-03	5.87e-21
 7.53945e+15	5.90e-06	9.54e-03	4.39e-01	4.21e-01	1.30e-01	0.00e+00	0.00e+00	5.50e-07	1.65e-06	2.75e-06	3.18e-03	6.35e-03	8.51e-21
 7.60164e+15	6.62e-06	1.02e-02	4.59e-01	4.14e-01	1.17e-01	0.00e+00	0.00e+00	6.17e-07	1.85e-06	3.08e-06	3.42e-03	6.83e-03	1.09e-20
 7.65048e+15	7.33e-06	1.09e-02	4.76e-01	4.08e-01	1.06e-01	0.00e+00	0.00e+00	6.84e-07	2.05e-06	3.42e-06	3.64e-03	7.27e-03	1.37e-20
 7.70497e+15	8.12e-06	1.16e-02	4.94e-01	4.00e-01	9.44e-02	0.00e+00	0.00e+00	7.59e-07	2.28e-06	3.79e-06	3.87e-03	7.72e-03	1.68e-20
 7.77580e+15	9.80e-06	1.29e-02	5.21e-01	3.87e-01	7.90e-02	0.00e+00	0.00e+00	9.17e-07	2.75e-06	4.58e-06	4.31e-03	8.61e-03	2.61e-20
 7.83834e+15	1.10e-05	1.39e-02	5.41e-01	3.77e-01	6.81e-02	0.00e+00	0.00e+00	1.03e-06	3.09e-06	5.15e-06	4.63e-03	9.24e-03	3.38e-20
 7.87984e+15	1.23e-05	1.46e-02	5.56e-01	3.68e-01	6.08e-02	0.00e+00	0.00e+00	1.16e-06	3.47e-06	5.77e-06	4.89e-03	9.75e-03	4.21e-20
 7.92351e+15	1.33e-05	1.53e-02	5.71e-01	3.60e-01	5.40e-02	0.00e+00	0.00e+00	1.25e-06	3.74e-06	6.23e-06	5.12e-03	1.02e-02	4.96e-20
 7.98028e+15	1.59e-05	1.67e-02	5.92e-01	3.46e-01	4.49e-02	0.00e+00	0.00e+00	1.49e-06	4.48e-06	7.46e-06	5.57e-03	1.11e-02	7.17e-20
 8.03423e+15	1.77e-05	1.78e-02	6.10e-01	3.35e-01	3.80e-02	0.00e+00	0.00e+00	1.66e-06	4.98e-06	8.30e-06	5.93e-03	1.18e-02	9.25e-20
 8.07592e+15	1.98e-05	1.87e-02	6.23e-01	3.25e-01	3.30e-02	0.00e+00	0.00e+00	1.86e-06	5.59e-06	9.31e-06	6.24e-03	1.24e-02	1.15e-19
 8.12153e+15	2.27e-05	1.98e-02	6.39e-01	3.13e-01	2.79e-02	0.00e+00	0.00e+00	2.14e-06	6.41e-06	1.07e-05	6.62e-03	1.32e-02	1.51e-19
 8.17261e+15	2.53e-05	2.11e-02	6.55e-01	3.01e-01	2.30e-02	0.00e+00	0.00e+00	2.38e-06	7.14e-06	1.19e-05	7.05e-03	1.41e-02	2.01e-19
 8.21293e+15	2.77e-05	2.21e-02	6.67e-01	2.91e-01	1.98e-02	0.00e+00	0.00e+00	2.61e-06	7.84e-06	1.30e-05	7.38e-03	1.47e-02	2.47e-19
 8.24073e+15	2.99e-05	2.28e-02	6.75e-01	2.84e-01	1.78e-02	0.00e+00	0.00e+00	2.82e-06	8.46e-06	1.41e-05	7.62e-03	1.52e-02	2.90e-19
 8.27013e+15	3.19e-05	2.36e-02	6.84e-01	2.77e-01	1.57e-02	0.00e+00	0.00e+00	3.01e-06	9.03e-06	1.50e-05	7.90e-03	1.57e-02	3.45e-19
 8.30835e+15	3.53e-05	2.47e-02	6.95e-01	2.67e-01	1.33e-02	0.00e+00	0.00e+00	3.33e-06	9.99e-06	1.66e-05	8.27e-03	1.65e-02	4.35e-19
 8.34824e+15	3.84e-05	2.59e-02	7.05e-01	2.57e-01	1.12e-02	0.00e+00	0.00e+00	3.64e-06	1.09e-05	1.82e-05	8.66e-03	1.73e-02	5.47e-19
