#depth	N	N+	N+2	N+3	N+4	N+5	N+6	N+7
 1.49634e+10	4.59e-46	1.37e-35	4.69e-26	3.74e-17	3.43e-09	9.86e-01	1.45e-02	0.00e+00
 4.54887e+10	0.00e+00	1.90e-35	6.00e-26	4.42e-17	3.73e-09	9.87e-01	1.34e-02	8.80e-08
 7.72350e+10	1.04e-45	2.64e-35	7.69e-26	5.22e-17	4.06e-09	9.88e-01	1.22e-02	0.00e+00
 1.10251e+11	0.00e+00	3.67e-35	9.87e-26	6.17e-17	4.42e-09	9.89e-01	1.12e-02	0.00e+00
 1.41785e+11	2.30e-45	4.97e-35	1.24e-25	7.19e-17	4.77e-09	9.90e-01	1.04e-02	0.00e+00
 1.70669e+11	0.00e+00	6.51e-35	1.52e-25	8.24e-17	5.11e-09	9.90e-01	9.71e-03	0.00e+00
 2.03287e+11	4.67e-45	8.77e-35	1.90e-25	9.58e-17	5.52e-09	9.91e-01	9.00e-03	0.00e+00
 2.41120e+11	0.00e+00	1.22e-34	2.45e-25	1.13e-16	6.01e-09	9.92e-01	8.27e-03	0.00e+00
 2.78708e+11	1.05e-44	1.68e-34	3.11e-25	1.33e-16	6.52e-09	9.92e-01	7.62e-03	0.00e+00
 3.17800e+11	0.00e+00	2.31e-34	3.95e-25	1.56e-16	7.07e-09	9.93e-01	7.02e-03	0.00e+00
 3.60439e+11	2.38e-44	3.23e-34	5.10e-25	1.86e-16	7.71e-09	9.94e-01	6.44e-03	0.00e+00
 4.03588e+11	0.00e+00	4.48e-34	6.53e-25	2.19e-16	8.39e-09	9.94e-01	5.92e-03	0.00e+00
 4.48463e+11	5.39e-44	6.23e-34	8.38e-25	2.59e-16	9.13e-09	9.95e-01	5.44e-03	0.00e+00
 4.92361e+11	0.00e+00	8.50e-34	1.06e-24	3.03e-16	9.89e-09	9.95e-01	5.02e-03	0.00e+00
 5.32072e+11	1.12e-43	1.12e-33	1.30e-24	3.49e-16	1.06e-08	9.95e-01	4.68e-03	0.00e+00
 5.76406e+11	0.00e+00	1.50e-33	1.63e-24	4.05e-16	1.15e-08	9.96e-01	4.34e-03	0.00e+00
 6.28457e+11	2.45e-43	2.10e-33	2.10e-24	4.81e-16	1.25e-08	9.96e-01	3.97e-03	0.00e+00
 6.80132e+11	0.00e+00	2.90e-33	2.68e-24	5.67e-16	1.36e-08	9.96e-01	3.66e-03	0.00e+00
 7.28621e+11	5.25e-43	3.88e-33	3.35e-24	6.59e-16	1.47e-08	9.97e-01	3.39e-03	0.00e+00
 7.82442e+11	0.00e+00	5.30e-33	4.25e-24	7.74e-16	1.59e-08	9.97e-01	3.12e-03	0.00e+00
 8.43666e+11	1.19e-42	7.48e-33	5.52e-24	9.24e-16	1.74e-08	9.97e-01	2.85e-03	0.00e+00
 9.04106e+11	0.00e+00	1.04e-32	7.09e-24	1.09e-15	1.90e-08	9.97e-01	2.62e-03	0.00e+00
 9.66963e+11	2.69e-42	1.44e-32	9.10e-24	1.30e-15	2.07e-08	9.98e-01	2.40e-03	0.00e+00
 1.03557e+12	0.00e+00	2.04e-32	1.19e-23	1.55e-15	2.27e-08	9.98e-01	2.19e-03	0.00e+00
 1.10470e+12	6.28e-42	2.86e-32	1.53e-23	1.85e-15	2.48e-08	9.98e-01	2.00e-03	0.00e+00
 1.17659e+12	0.00e+00	4.00e-32	1.98e-23	2.20e-15	2.72e-08	9.98e-01	1.83e-03	0.00e+00
 1.25072e+12	1.44e-41	5.59e-32	2.56e-23	2.63e-15	2.97e-08	9.98e-01	1.67e-03	0.00e+00
 1.32324e+12	0.00e+00	7.67e-32	3.27e-23	3.10e-15	3.24e-08	9.98e-01	1.54e-03	0.00e+00
 1.40153e+12	3.20e-41	1.07e-31	4.21e-23	3.69e-15	3.54e-08	9.99e-01	1.41e-03	0.00e+00
 1.48752e+12	0.00e+00	1.51e-31	5.50e-23	4.43e-15	3.90e-08	9.99e-01	1.28e-03	0.00e+00
 1.57694e+12	7.55e-41	2.13e-31	7.19e-23	5.33e-15	4.29e-08	9.99e-01	1.16e-03	0.00e+00
 1.66995e+12	0.00e+00	3.02e-31	9.39e-23	6.42e-15	4.72e-08	9.99e-01	1.06e-03	0.00e+00
 1.76667e+12	1.77e-40	4.27e-31	1.23e-22	7.73e-15	5.20e-08	9.99e-01	9.58e-04	0.00e+00
 1.85404e+12	0.00e+00	5.76e-31	1.55e-22	9.09e-15	5.67e-08	9.99e-01	8.81e-04	0.00e+00
 1.92665e+12	3.45e-40	7.33e-31	1.87e-22	1.04e-14	6.07e-08	9.99e-01	8.23e-04	0.00e+00
 2.00610e+12	0.00e+00	9.47e-31	2.28e-22	1.19e-14	6.53e-08	9.99e-01	7.65e-04	0.00e+00
 2.10699e+12	6.93e-40	1.30e-30	2.92e-22	1.41e-14	7.15e-08	9.99e-01	6.99e-04	0.00e+00
 2.21237e+12	0.00e+00	1.77e-30	3.73e-22	1.68e-14	7.83e-08	9.99e-01	6.38e-04	0.00e+00
 2.30552e+12	1.41e-39	2.32e-30	4.60e-22	1.95e-14	8.47e-08	9.99e-01	5.90e-04	0.00e+00
 2.39183e+12	0.00e+00	2.94e-30	5.55e-22	2.23e-14	9.09e-08	9.99e-01	5.50e-04	0.00e+00
 2.48973e+12	2.59e-39	3.82e-30	6.82e-22	2.58e-14	9.83e-08	9.99e-01	5.10e-04	0.00e+00
 2.61094e+12	0.00e+00	5.22e-30	8.73e-22	3.07e-14	1.08e-07	1.00e+00	4.64e-04	0.00e+00
 2.73190e+12	5.43e-39	7.03e-30	1.10e-21	3.64e-14	1.18e-07	1.00e+00	4.25e-04	0.00e+00
 2.83578e+12	0.00e+00	8.99e-30	1.34e-21	4.18e-14	1.27e-07	1.00e+00	3.94e-04	0.00e+00
 2.94800e+12	9.95e-39	1.16e-29	1.64e-21	4.84e-14	1.38e-07	1.00e+00	3.65e-04	0.00e+00
 3.08661e+12	0.00e+00	1.57e-29	2.09e-21	5.76e-14	1.51e-07	1.00e+00	3.32e-04	0.00e+00
 3.22899e+12	2.05e-38	2.12e-29	2.65e-21	6.83e-14	1.66e-07	1.00e+00	3.03e-04	0.00e+00
 3.35804e+12	0.00e+00	2.74e-29	3.26e-21	7.93e-14	1.80e-07	1.00e+00	2.80e-04	0.00e+00
 3.50035e+12	3.88e-38	3.60e-29	4.05e-21	9.30e-14	1.96e-07	1.00e+00	2.57e-04	0.00e+00
 3.66736e+12	0.00e+00	4.89e-29	5.18e-21	1.11e-13	2.16e-07	1.00e+00	2.33e-04	0.00e+00
 3.83407e+12	7.97e-38	6.55e-29	6.55e-21	1.32e-13	2.37e-07	1.00e+00	2.13e-04	0.00e+00
 3.99298e+12	0.00e+00	8.56e-29	8.11e-21	1.54e-13	2.58e-07	1.00e+00	1.96e-04	0.00e+00
 4.16817e+12	1.54e-37	1.13e-28	1.02e-20	1.82e-13	2.83e-07	1.00e+00	1.79e-04	0.00e+00
 4.36482e+12	0.00e+00	1.54e-28	1.30e-20	2.17e-13	3.11e-07	1.00e+00	1.62e-04	0.00e+00
 4.54192e+12	3.02e-37	1.99e-28	1.60e-20	2.53e-13	3.39e-07	1.00e+00	1.49e-04	0.00e+00
 4.68833e+12	0.00e+00	2.45e-28	1.89e-20	2.86e-13	3.62e-07	1.00e+00	1.40e-04	0.00e+00
 4.84831e+12	5.05e-37	3.06e-28	2.26e-20	3.26e-13	3.89e-07	1.00e+00	1.30e-04	0.00e+00
 5.05247e+12	0.00e+00	4.01e-28	2.81e-20	3.82e-13	4.25e-07	1.00e+00	1.19e-04	0.00e+00
 5.25857e+12	9.56e-37	5.21e-28	3.47e-20	4.46e-13	4.63e-07	1.00e+00	1.10e-04	0.00e+00
 5.42945e+12	0.00e+00	6.43e-28	4.11e-20	5.05e-13	4.95e-07	1.00e+00	1.03e-04	0.00e+00
 5.61004e+12	1.59e-36	7.97e-28	4.88e-20	5.73e-13	5.31e-07	1.00e+00	9.57e-05	0.00e+00
 5.84131e+12	0.00e+00	1.04e-27	6.05e-20	6.70e-13	5.79e-07	1.00e+00	8.78e-05	0.00e+00
 6.08358e+12	3.01e-36	1.36e-27	7.50e-20	7.85e-13	6.31e-07	1.00e+00	8.06e-05	0.00e+00
 6.29625e+12	0.00e+00	1.70e-27	9.00e-20	8.97e-13	6.79e-07	1.00e+00	7.49e-05	0.00e+00
 6.52533e+12	5.23e-36	2.15e-27	1.09e-19	1.03e-12	7.33e-07	1.00e+00	6.95e-05	0.00e+00
 6.77909e+12	0.00e+00	2.77e-27	1.33e-19	1.19e-12	7.95e-07	1.00e+00	6.41e-05	0.00e+00
 7.01417e+12	9.25e-36	3.46e-27	1.60e-19	1.36e-12	8.56e-07	1.00e+00	5.96e-05	0.00e+00
 7.26900e+12	0.00e+00	4.39e-27	1.93e-19	1.56e-12	9.23e-07	1.00e+00	5.52e-05	0.00e+00
 7.55239e+12	1.66e-35	5.65e-27	2.37e-19	1.82e-12	1.00e-06	1.00e+00	5.09e-05	0.00e+00
 7.81671e+12	0.00e+00	7.10e-27	2.84e-19	2.07e-12	1.08e-06	1.00e+00	4.73e-05	0.00e+00
 8.10412e+12	2.91e-35	9.02e-27	3.45e-19	2.39e-12	1.17e-06	1.00e+00	4.38e-05	0.00e+00
 8.42375e+12	0.00e+00	1.17e-26	4.24e-19	2.77e-12	1.27e-06	1.00e+00	4.04e-05	0.00e+00
 8.72243e+12	5.24e-35	1.47e-26	5.11e-19	3.17e-12	1.36e-06	1.00e+00	3.75e-05	0.00e+00
 9.04787e+12	0.00e+00	1.88e-26	6.23e-19	3.66e-12	1.48e-06	1.00e+00	3.47e-05	0.00e+00
 9.41119e+12	9.64e-35	2.45e-26	7.69e-19	4.26e-12	1.61e-06	1.00e+00	3.19e-05	0.00e+00
 9.75295e+12	0.00e+00	3.11e-26	9.33e-19	4.89e-12	1.73e-06	1.00e+00	2.96e-05	0.00e+00
 1.01264e+13	1.75e-34	4.01e-26	1.14e-18	5.66e-12	1.88e-06	1.00e+00	2.73e-05	0.00e+00
 1.05446e+13	2.42e-34	5.27e-26	1.42e-18	6.63e-12	2.05e-06	1.00e+00	2.51e-05	0.00e+00
 1.09405e+13	3.28e-34	6.78e-26	1.74e-18	7.64e-12	2.21e-06	1.00e+00	2.32e-05	0.00e+00
 1.13669e+13	4.49e-34	8.81e-26	2.14e-18	8.86e-12	2.40e-06	1.00e+00	2.14e-05	0.00e+00
 1.18515e+13	6.33e-34	1.17e-25	2.69e-18	1.04e-11	2.62e-06	1.00e+00	1.96e-05	0.00e+00
 1.23279e+13	8.78e-34	1.54e-25	3.34e-18	1.21e-11	2.85e-06	1.00e+00	1.80e-05	0.00e+00
 1.28234e+13	1.22e-33	2.02e-25	4.14e-18	1.42e-11	3.10e-06	1.00e+00	1.66e-05	0.00e+00
 1.33662e+13	1.73e-33	2.69e-25	5.21e-18	1.66e-11	3.38e-06	1.00e+00	1.52e-05	0.00e+00
 1.39308e+13	2.47e-33	3.60e-25	6.55e-18	1.95e-11	3.68e-06	1.00e+00	1.40e-05	0.00e+00
 1.45180e+13	3.49e-33	4.80e-25	8.23e-18	2.29e-11	4.02e-06	1.00e+00	1.28e-05	0.00e+00
 1.50730e+13	4.82e-33	6.27e-25	1.01e-17	2.65e-11	4.34e-06	1.00e+00	1.19e-05	0.00e+00
 1.55745e+13	6.39e-33	7.90e-25	1.22e-17	3.01e-11	4.65e-06	1.00e+00	1.11e-05	0.00e+00
 1.60481e+13	8.29e-33	9.79e-25	1.44e-17	3.38e-11	4.95e-06	1.00e+00	1.04e-05	0.00e+00
 1.65719e+13	1.10e-32	1.23e-24	1.72e-17	3.83e-11	5.29e-06	1.00e+00	9.76e-06	0.00e+00
 1.71596e+13	1.50e-32	1.59e-24	2.10e-17	4.38e-11	5.68e-06	1.00e+00	9.09e-06	0.00e+00
 1.77190e+13	1.98e-32	2.00e-24	2.51e-17	4.97e-11	6.07e-06	1.00e+00	8.51e-06	0.00e+00
 1.83350e+13	2.68e-32	2.56e-24	3.05e-17	5.67e-11	6.51e-06	1.00e+00	7.93e-06	0.00e+00
 1.90080e+13	3.70e-32	3.33e-24	3.74e-17	6.53e-11	7.01e-06	1.00e+00	7.37e-06	0.00e+00
 1.96206e+13	4.93e-32	4.21e-24	4.48e-17	7.38e-11	7.47e-06	1.00e+00	6.91e-06	0.00e+00
 2.02826e+13	6.65e-32	5.37e-24	5.41e-17	8.40e-11	7.99e-06	1.00e+00	6.46e-06	0.00e+00
 2.10271e+13	9.26e-32	7.02e-24	6.64e-17	9.66e-11	8.60e-06	1.00e+00	6.01e-06	0.00e+00
 2.17349e+13	1.25e-31	8.97e-24	8.03e-17	1.10e-10	9.20e-06	1.00e+00	5.62e-06	0.00e+00
 2.25107e+13	1.73e-31	1.17e-23	9.82e-17	1.26e-10	9.87e-06	1.00e+00	5.24e-06	0.00e+00
 2.33678e+13	2.44e-31	1.54e-23	1.22e-16	1.46e-10	1.06e-05	1.00e+00	4.86e-06	0.00e+00
 2.41636e+13	3.33e-31	1.98e-23	1.48e-16	1.66e-10	1.14e-05	1.00e+00	4.54e-06	0.00e+00
 2.50313e+13	4.64e-31	2.59e-23	1.81e-16	1.91e-10	1.22e-05	1.00e+00	4.24e-06	0.00e+00
 2.60070e+13	6.66e-31	3.47e-23	2.26e-16	2.21e-10	1.32e-05	1.00e+00	3.93e-06	0.00e+00
 2.69366e+13	9.28e-31	4.54e-23	2.77e-16	2.54e-10	1.41e-05	1.00e+00	3.66e-06	0.00e+00
 2.79435e+13	1.32e-30	6.01e-23	3.42e-16	2.93e-10	1.52e-05	1.00e+00	3.41e-06	0.00e+00
 2.90598e+13	1.91e-30	8.11e-23	4.30e-16	3.41e-10	1.64e-05	1.00e+00	3.15e-06	0.00e+00
 3.01294e+13	2.70e-30	1.07e-22	5.31e-16	3.93e-10	1.76e-05	1.00e+00	2.93e-06	0.00e+00
 3.12732e+13	3.87e-30	1.43e-22	6.60e-16	4.54e-10	1.90e-05	1.00e+00	2.73e-06	0.00e+00
 3.25541e+13	5.72e-30	1.96e-22	8.35e-16	5.32e-10	2.05e-05	1.00e+00	2.52e-06	0.00e+00
 3.38376e+13	8.33e-30	2.64e-22	1.05e-15	6.18e-10	2.21e-05	1.00e+00	2.34e-06	0.00e+00
 3.51725e+13	1.21e-29	3.57e-22	1.31e-15	7.20e-10	2.39e-05	1.00e+00	2.17e-06	0.00e+00
 3.66093e+13	1.79e-29	4.88e-22	1.66e-15	8.42e-10	2.58e-05	1.00e+00	2.00e-06	0.00e+00
 3.81036e+13	2.65e-29	6.67e-22	2.10e-15	9.85e-10	2.79e-05	1.00e+00	1.85e-06	0.00e+00
 3.96577e+13	3.92e-29	9.13e-22	2.66e-15	1.15e-09	3.02e-05	1.00e+00	1.71e-06	0.00e+00
 4.11656e+13	5.65e-29	1.22e-21	3.32e-15	1.33e-09	3.24e-05	1.00e+00	1.59e-06	0.00e+00
 4.25887e+13	7.88e-29	1.60e-21	4.06e-15	1.52e-09	3.47e-05	1.00e+00	1.49e-06	0.00e+00
 4.39335e+13	1.07e-28	2.04e-21	4.87e-15	1.72e-09	3.68e-05	1.00e+00	1.40e-06	0.00e+00
 4.53990e+13	1.48e-28	2.64e-21	5.92e-15	1.96e-09	3.92e-05	1.00e+00	1.32e-06	0.00e+00
 4.70323e+13	2.08e-28	3.48e-21	7.29e-15	2.25e-09	4.21e-05	1.00e+00	1.23e-06	0.00e+00
 4.85677e+13	2.85e-28	4.48e-21	8.82e-15	2.55e-09	4.48e-05	1.00e+00	1.15e-06	0.00e+00
 5.02476e+13	4.01e-28	5.87e-21	1.08e-14	2.92e-09	4.78e-05	1.00e+00	1.08e-06	0.00e+00
 5.21430e+13	5.75e-28	7.84e-21	1.34e-14	3.38e-09	5.15e-05	1.00e+00	1.00e-06	0.00e+00
 5.39625e+13	7.98e-28	1.02e-20	1.64e-14	3.87e-09	5.51e-05	1.00e+00	9.38e-07	0.00e+00
 5.59476e+13	1.14e-27	1.36e-20	2.04e-14	4.46e-09	5.91e-05	1.00e+00	0.00e+00	0.00e+00
 5.82155e+13	1.69e-27	1.86e-20	2.58e-14	5.21e-09	6.39e-05	1.00e+00	0.00e+00	0.00e+00
 6.04369e+13	2.40e-27	2.48e-20	3.21e-14	6.04e-09	6.88e-05	1.00e+00	0.00e+00	0.00e+00
 6.27472e+13	3.49e-27	3.34e-20	4.02e-14	7.01e-09	7.41e-05	1.00e+00	0.00e+00	0.00e+00
 6.50708e+13	4.91e-27	4.40e-20	4.98e-14	8.09e-09	7.97e-05	1.00e+00	0.00e+00	0.00e+00
 6.71184e+13	6.67e-27	5.62e-20	5.98e-14	9.15e-09	8.47e-05	1.00e+00	0.00e+00	0.00e+00
 6.93472e+13	9.04e-27	7.20e-20	7.25e-14	1.04e-08	9.05e-05	1.00e+00	0.00e+00	0.00e+00
 7.20341e+13	1.32e-26	9.74e-20	9.09e-14	1.21e-08	9.75e-05	1.00e+00	0.00e+00	0.00e+00
 7.47063e+13	1.85e-26	1.28e-19	1.13e-13	1.40e-08	1.05e-04	1.00e+00	0.00e+00	0.00e+00
 7.70950e+13	2.50e-26	1.64e-19	1.36e-13	1.58e-08	1.12e-04	1.00e+00	0.00e+00	0.00e+00
 7.97253e+13	3.44e-26	2.12e-19	1.66e-13	1.81e-08	1.20e-04	1.00e+00	0.00e+00	0.00e+00
 8.28512e+13	5.01e-26	2.87e-19	2.08e-13	2.11e-08	1.29e-04	1.00e+00	0.00e+00	0.00e+00
 8.59458e+13	7.00e-26	3.77e-19	2.59e-13	2.44e-08	1.39e-04	1.00e+00	0.00e+00	0.00e+00
 8.87711e+13	9.61e-26	4.87e-19	3.13e-13	2.77e-08	1.48e-04	1.00e+00	0.00e+00	0.00e+00
 9.19221e+13	1.32e-25	6.31e-19	3.85e-13	3.19e-08	1.59e-04	1.00e+00	0.00e+00	0.00e+00
 9.55921e+13	1.94e-25	8.59e-19	4.86e-13	3.72e-08	1.72e-04	1.00e+00	0.00e+00	0.00e+00
 9.92030e+13	2.69e-25	1.13e-18	6.05e-13	4.31e-08	1.86e-04	1.00e+00	0.00e+00	0.00e+00
 1.02606e+14	3.70e-25	1.46e-18	7.39e-13	4.93e-08	1.99e-04	1.00e+00	0.00e+00	0.00e+00
 1.06387e+14	5.26e-25	1.94e-18	9.16e-13	5.70e-08	2.14e-04	1.00e+00	0.00e+00	0.00e+00
 1.10673e+14	7.48e-25	2.59e-18	1.16e-12	6.67e-08	2.31e-04	1.00e+00	0.00e+00	0.00e+00
 1.14954e+14	1.08e-24	3.49e-18	1.45e-12	7.75e-08	2.50e-04	1.00e+00	0.00e+00	0.00e+00
 1.18966e+14	1.46e-24	4.48e-18	1.77e-12	8.89e-08	2.68e-04	1.00e+00	0.00e+00	0.00e+00
 1.23313e+14	2.04e-24	5.89e-18	2.20e-12	1.03e-07	2.88e-04	1.00e+00	0.00e+00	0.00e+00
 1.28176e+14	2.97e-24	7.96e-18	2.76e-12	1.20e-07	3.11e-04	1.00e+00	0.00e+00	0.00e+00
 1.32724e+14	4.08e-24	1.03e-17	3.40e-12	1.37e-07	3.34e-04	1.00e+00	0.00e+00	0.00e+00
 1.36931e+14	5.43e-24	1.31e-17	4.09e-12	1.56e-07	3.56e-04	1.00e+00	0.00e+00	0.00e+00
 1.40965e+14	7.07e-24	1.63e-17	4.85e-12	1.75e-07	3.77e-04	1.00e+00	0.00e+00	0.00e+00
 1.45439e+14	9.30e-24	2.04e-17	5.84e-12	1.98e-07	4.02e-04	1.00e+00	0.00e+00	0.00e+00
 1.50390e+14	1.29e-23	2.65e-17	7.13e-12	2.26e-07	4.30e-04	1.00e+00	0.00e+00	0.00e+00
 1.55011e+14	1.66e-23	3.29e-17	8.53e-12	2.55e-07	4.57e-04	1.00e+00	0.00e+00	0.00e+00
 1.60065e+14	2.27e-23	4.23e-17	1.03e-11	2.90e-07	4.88e-04	1.00e+00	0.00e+00	0.00e+00
 1.65742e+14	3.07e-23	5.44e-17	1.27e-11	3.33e-07	5.24e-04	9.99e-01	0.00e+00	0.00e+00
 1.71139e+14	4.17e-23	6.98e-17	1.53e-11	3.78e-07	5.58e-04	9.99e-01	0.00e+00	0.00e+00
 1.77066e+14	5.59e-23	8.92e-17	1.88e-11	4.33e-07	5.99e-04	9.99e-01	0.00e+00	0.00e+00
 1.83614e+14	7.90e-23	1.18e-16	2.33e-11	5.01e-07	6.44e-04	9.99e-01	0.00e+00	0.00e+00
 1.89671e+14	1.04e-22	1.49e-16	2.82e-11	5.70e-07	6.88e-04	9.99e-01	0.00e+00	0.00e+00
 1.96246e+14	1.42e-22	1.92e-16	3.46e-11	6.53e-07	7.37e-04	9.99e-01	0.00e+00	0.00e+00
 2.03583e+14	1.95e-22	2.50e-16	4.29e-11	7.56e-07	7.94e-04	9.99e-01	0.00e+00	0.00e+00
 2.10453e+14	2.64e-22	3.22e-16	5.23e-11	8.62e-07	8.50e-04	9.99e-01	0.00e+00	0.00e+00
 2.17927e+14	3.57e-22	4.14e-16	6.43e-11	9.91e-07	9.12e-04	9.99e-01	0.00e+00	0.00e+00
 2.26244e+14	5.09e-22	5.52e-16	8.03e-11	1.15e-06	9.84e-04	9.99e-01	0.00e+00	0.00e+00
 2.34036e+14	6.69e-22	6.98e-16	9.80e-11	1.32e-06	1.06e-03	9.99e-01	0.00e+00	0.00e+00
 2.42505e+14	9.35e-22	9.16e-16	1.21e-10	1.52e-06	1.13e-03	9.99e-01	0.00e+00	0.00e+00
 2.51955e+14	1.28e-21	1.20e-15	1.52e-10	1.77e-06	1.23e-03	9.99e-01	0.00e+00	0.00e+00
 2.60882e+14	1.74e-21	1.55e-15	1.86e-10	2.03e-06	1.32e-03	9.99e-01	0.00e+00	0.00e+00
 2.70445e+14	2.35e-21	1.99e-15	2.30e-10	2.35e-06	1.42e-03	9.99e-01	0.00e+00	0.00e+00
 2.81293e+14	3.36e-21	2.68e-15	2.90e-10	2.75e-06	1.54e-03	9.98e-01	0.00e+00	0.00e+00
 2.91961e+14	4.52e-21	3.46e-15	3.61e-10	3.19e-06	1.67e-03	9.98e-01	0.00e+00	0.00e+00
 3.02208e+14	6.16e-21	4.47e-15	4.43e-10	3.66e-06	1.79e-03	9.98e-01	0.00e+00	0.00e+00
 3.13479e+14	8.29e-21	5.76e-15	5.49e-10	4.24e-06	1.94e-03	9.98e-01	0.00e+00	0.00e+00
 3.26048e+14	1.16e-20	7.65e-15	6.92e-10	4.96e-06	2.10e-03	9.98e-01	0.00e+00	0.00e+00
 3.36750e+14	1.50e-20	9.52e-15	8.36e-10	5.64e-06	2.25e-03	9.98e-01	0.00e+00	0.00e+00
 3.44637e+14	1.81e-20	1.12e-14	9.57e-10	6.19e-06	2.37e-03	9.98e-01	0.00e+00	0.00e+00
 3.52901e+14	2.21e-20	1.33e-14	1.10e-09	6.80e-06	2.49e-03	9.98e-01	0.00e+00	0.00e+00
 3.63645e+14	2.83e-20	1.64e-14	1.31e-09	7.67e-06	2.65e-03	9.97e-01	0.00e+00	0.00e+00
 3.75491e+14	3.64e-20	2.04e-14	1.58e-09	8.72e-06	2.84e-03	9.97e-01	0.00e+00	0.00e+00
 3.86446e+14	4.64e-20	2.50e-14	1.87e-09	9.79e-06	3.02e-03	9.97e-01	0.00e+00	0.00e+00
 3.98365e+14	5.87e-20	3.07e-14	2.23e-09	1.11e-05	3.23e-03	9.97e-01	0.00e+00	0.00e+00
 4.11723e+14	7.72e-20	3.88e-14	2.71e-09	1.26e-05	3.47e-03	9.97e-01	0.00e+00	0.00e+00
 4.24471e+14	9.79e-20	4.77e-14	3.24e-09	1.42e-05	3.71e-03	9.96e-01	0.00e+00	0.00e+00
 4.38561e+14	1.28e-19	5.99e-14	3.92e-09	1.62e-05	3.98e-03	9.96e-01	0.00e+00	0.00e+00
 4.54288e+14	1.68e-19	7.62e-14	4.82e-09	1.87e-05	4.31e-03	9.96e-01	0.00e+00	0.00e+00
 4.69079e+14	2.17e-19	9.50e-14	5.81e-09	2.12e-05	4.62e-03	9.95e-01	0.00e+00	0.00e+00
 4.85244e+14	2.84e-19	1.20e-13	7.09e-09	2.43e-05	4.98e-03	9.95e-01	0.00e+00	0.00e+00
 5.03164e+14	3.77e-19	1.53e-13	8.76e-09	2.81e-05	5.40e-03	9.95e-01	0.00e+00	0.00e+00
 5.19756e+14	4.88e-19	1.92e-13	1.06e-08	3.20e-05	5.79e-03	9.94e-01	0.00e+00	0.00e+00
 5.37717e+14	6.40e-19	2.43e-13	1.29e-08	3.67e-05	6.25e-03	9.94e-01	0.00e+00	0.00e+00
 5.57757e+14	8.57e-19	3.12e-13	1.60e-08	4.25e-05	6.78e-03	9.93e-01	0.00e+00	0.00e+00
 5.76533e+14	1.11e-18	3.92e-13	1.95e-08	4.85e-05	7.30e-03	9.93e-01	0.00e+00	0.00e+00
 5.96976e+14	1.46e-18	4.98e-13	2.39e-08	5.57e-05	7.89e-03	9.92e-01	0.00e+00	0.00e+00
 6.19779e+14	1.97e-18	6.46e-13	2.98e-08	6.47e-05	8.58e-03	9.91e-01	0.00e+00	0.00e+00
 6.41166e+14	2.57e-18	8.14e-13	3.65e-08	7.41e-05	9.24e-03	9.91e-01	0.00e+00	0.00e+00
 6.64345e+14	3.46e-18	1.05e-12	4.50e-08	8.53e-05	1.00e-02	9.90e-01	0.00e+00	0.00e+00
 6.90233e+14	4.71e-18	1.37e-12	5.64e-08	9.94e-05	1.09e-02	9.89e-01	0.00e+00	0.00e+00
 7.14895e+14	6.27e-18	1.76e-12	6.95e-08	1.14e-04	1.18e-02	9.88e-01	0.00e+00	0.00e+00
 7.41258e+14	8.44e-18	2.27e-12	8.62e-08	1.32e-04	1.28e-02	9.87e-01	0.00e+00	0.00e+00
 7.70939e+14	1.17e-17	3.00e-12	1.09e-07	1.54e-04	1.39e-02	9.86e-01	0.00e+00	0.00e+00
 8.00344e+14	1.59e-17	3.91e-12	1.36e-07	1.79e-04	1.51e-02	9.85e-01	0.00e+00	0.00e+00
 8.24431e+14	2.00e-17	4.80e-12	1.63e-07	2.02e-04	1.61e-02	9.84e-01	0.00e+00	0.00e+00
 8.43173e+14	2.46e-17	5.69e-12	1.86e-07	2.20e-04	1.70e-02	9.83e-01	0.00e+00	0.00e+00
 8.63709e+14	3.01e-17	6.78e-12	2.15e-07	2.43e-04	1.79e-02	9.82e-01	0.00e+00	0.00e+00
 8.90407e+14	3.89e-17	8.45e-12	2.58e-07	2.74e-04	1.92e-02	9.81e-01	0.00e+00	0.00e+00
 9.19262e+14	4.99e-17	1.05e-11	3.13e-07	3.11e-04	2.05e-02	9.79e-01	0.00e+00	0.00e+00
 9.45283e+14	6.36e-17	1.29e-11	3.70e-07	3.48e-04	2.18e-02	9.78e-01	0.00e+00	0.00e+00
 9.73472e+14	8.17e-17	1.60e-11	4.42e-07	3.91e-04	2.33e-02	9.76e-01	0.00e+00	0.00e+00
 1.00921e+15	1.14e-16	2.11e-11	5.49e-07	4.51e-04	2.52e-02	9.74e-01	0.00e+00	0.00e+00
 1.04516e+15	2.33e-16	2.70e-11	6.78e-07	5.19e-04	2.72e-02	9.72e-01	0.00e+00	0.00e+00
 1.07549e+15	2.11e-16	3.34e-11	8.07e-07	5.81e-04	2.89e-02	9.71e-01	0.00e+00	0.00e+00
 1.10811e+15	2.75e-16	4.17e-11	9.66e-07	6.55e-04	3.08e-02	9.68e-01	0.00e+00	0.00e+00
 1.14910e+15	3.89e-16	5.53e-11	1.21e-06	7.57e-04	3.34e-02	9.66e-01	0.00e+00	0.00e+00
 1.19194e+15	5.27e-16	7.18e-11	1.50e-06	8.75e-04	3.61e-02	9.63e-01	0.00e+00	0.00e+00
 1.23046e+15	7.05e-16	9.14e-11	1.82e-06	9.93e-04	3.86e-02	9.60e-01	0.00e+00	0.00e+00
 1.27240e+15	9.54e-16	1.18e-10	2.24e-06	1.13e-03	4.15e-02	9.57e-01	0.00e+00	0.00e+00
 1.32204e+15	1.41e-15	1.60e-10	2.82e-06	1.32e-03	4.51e-02	9.54e-01	0.00e+00	0.00e+00
 1.37082e+15	1.94e-15	2.10e-10	3.52e-06	1.52e-03	4.86e-02	9.50e-01	0.00e+00	0.00e+00
 1.41532e+15	2.62e-15	2.68e-10	4.27e-06	1.73e-03	5.20e-02	9.46e-01	0.00e+00	0.00e+00
 1.46512e+15	3.50e-15	3.44e-10	5.27e-06	1.98e-03	5.59e-02	9.42e-01	0.00e+00	0.00e+00
 1.52315e+15	5.17e-15	4.71e-10	6.68e-06	2.31e-03	6.07e-02	9.37e-01	0.00e+00	0.00e+00
 1.58032e+15	7.33e-15	6.26e-10	8.35e-06	2.68e-03	6.54e-02	9.32e-01	0.00e+00	0.00e+00
 1.63460e+15	1.01e-14	8.12e-10	1.03e-05	3.06e-03	7.02e-02	9.27e-01	0.00e+00	0.00e+00
 1.69484e+15	1.37e-14	1.06e-09	1.28e-05	3.53e-03	7.55e-02	9.21e-01	0.00e+00	0.00e+00
 1.76266e+15	2.08e-14	1.46e-09	1.62e-05	4.12e-03	8.19e-02	9.14e-01	0.00e+00	0.00e+00
 1.81974e+15	2.82e-14	1.88e-09	1.97e-05	4.66e-03	8.73e-02	9.08e-01	0.00e+00	0.00e+00
 1.86107e+15	3.49e-14	2.23e-09	2.25e-05	5.09e-03	9.13e-02	9.04e-01	0.00e+00	0.00e+00
 1.90439e+15	4.35e-14	2.67e-09	2.59e-05	5.57e-03	9.56e-02	8.99e-01	0.00e+00	0.00e+00
 1.96071e+15	5.53e-14	3.29e-09	3.08e-05	6.24e-03	1.01e-01	8.93e-01	0.00e+00	0.00e+00
 2.02351e+15	7.77e-14	4.28e-09	3.74e-05	7.06e-03	1.08e-01	8.85e-01	0.00e+00	0.00e+00
 2.08213e+15	1.01e-13	5.32e-09	4.43e-05	7.88e-03	1.14e-01	8.78e-01	0.00e+00	0.00e+00
 2.14572e+15	1.31e-13	6.63e-09	5.31e-05	8.85e-03	1.21e-01	8.71e-01	0.00e+00	0.00e+00
 2.21733e+15	1.87e-13	8.74e-09	6.48e-05	1.01e-02	1.28e-01	8.61e-01	0.00e+00	0.00e+00
 2.28529e+15	2.47e-13	1.10e-08	7.75e-05	1.13e-02	1.36e-01	8.53e-01	0.00e+00	0.00e+00
 2.35957e+15	3.26e-13	1.39e-08	9.37e-05	1.27e-02	1.44e-01	8.43e-01	0.00e+00	0.00e+00
 2.44306e+15	4.75e-13	1.86e-08	1.16e-04	1.46e-02	1.54e-01	8.31e-01	0.00e+00	0.00e+00
 2.52197e+15	6.38e-13	2.37e-08	1.39e-04	1.64e-02	1.63e-01	8.20e-01	0.00e+00	0.00e+00
 2.60803e+15	8.53e-13	3.02e-08	1.70e-04	1.86e-02	1.73e-01	8.08e-01	0.00e+00	0.00e+00
 2.70354e+15	1.26e-12	4.09e-08	2.11e-04	2.13e-02	1.85e-01	7.94e-01	0.00e+00	0.00e+00
 2.79173e+15	1.69e-12	5.22e-08	2.54e-04	2.40e-02	1.95e-01	7.81e-01	0.00e+00	0.00e+00
 2.88678e+15	2.26e-12	6.65e-08	3.09e-04	2.72e-02	2.06e-01	7.66e-01	0.00e+00	0.00e+00
 2.99336e+15	3.35e-12	9.02e-08	3.84e-04	3.11e-02	2.20e-01	7.49e-01	0.00e+00	0.00e+00
 3.09350e+15	4.53e-12	1.16e-07	4.64e-04	3.51e-02	2.32e-01	7.33e-01	0.00e+00	0.00e+00
 3.20223e+15	6.09e-12	1.48e-07	5.67e-04	3.97e-02	2.44e-01	7.15e-01	0.00e+00	0.00e+00
 3.32366e+15	9.09e-12	2.02e-07	7.05e-04	4.54e-02	2.59e-01	6.94e-01	0.00e+00	0.00e+00
 3.43260e+15	1.23e-11	2.59e-07	8.48e-04	5.09e-02	2.72e-01	6.76e-01	0.00e+00	0.00e+00
 3.52984e+15	1.61e-11	3.21e-07	9.96e-04	5.61e-02	2.83e-01	6.59e-01	0.00e+00	0.00e+00
 3.64087e+15	2.13e-11	4.04e-07	1.19e-03	6.25e-02	2.96e-01	6.40e-01	0.00e+00	0.00e+00
 3.77771e+15	3.06e-11	5.39e-07	1.47e-03	7.10e-02	3.11e-01	6.16e-01	0.00e+00	0.00e+00
 3.90007e+15	4.07e-11	6.81e-07	1.75e-03	7.90e-02	3.24e-01	5.95e-01	0.00e+00	0.00e+00
 3.98947e+15	4.94e-11	8.00e-07	1.99e-03	8.52e-02	3.33e-01	5.80e-01	0.00e+00	0.00e+00
 4.08404e+15	6.14e-11	9.53e-07	2.27e-03	9.20e-02	3.43e-01	5.63e-01	0.00e+00	0.00e+00
 4.20699e+15	8.39e-11	1.22e-06	2.69e-03	1.02e-01	3.55e-01	5.41e-01	0.00e+00	0.00e+00
 4.33329e+15	1.09e-10	1.51e-06	3.16e-03	1.12e-01	3.66e-01	5.19e-01	0.00e+00	0.00e+00
 4.44440e+15	1.35e-10	1.80e-06	3.62e-03	1.21e-01	3.75e-01	5.00e-01	0.00e+00	0.00e+00
 4.56928e+15	1.74e-10	2.21e-06	4.22e-03	1.32e-01	3.85e-01	4.79e-01	0.00e+00	0.00e+00
 4.73164e+15	2.52e-10	2.94e-06	5.13e-03	1.47e-01	3.98e-01	4.50e-01	0.00e+00	0.00e+00
 4.88915e+15	3.39e-10	3.74e-06	6.11e-03	1.62e-01	4.07e-01	4.24e-01	0.00e+00	0.00e+00
 5.00940e+15	4.24e-10	4.47e-06	6.96e-03	1.74e-01	4.14e-01	4.05e-01	0.00e+00	0.00e+00
 5.13476e+15	5.36e-10	5.38e-06	7.95e-03	1.87e-01	4.20e-01	3.85e-01	0.00e+00	0.00e+00
 5.29774e+15	6.85e-10	6.61e-06	9.36e-03	2.04e-01	4.26e-01	3.60e-01	0.00e+00	0.00e+00
 5.47061e+15	9.65e-10	8.60e-06	1.11e-02	2.23e-01	4.32e-01	3.33e-01	0.00e+00	0.00e+00
 5.61852e+15	1.22e-09	1.04e-05	1.28e-02	2.40e-01	4.35e-01	3.12e-01	0.00e+00	0.00e+00
 5.77296e+15	1.53e-09	1.25e-05	1.47e-02	2.57e-01	4.37e-01	2.91e-01	0.00e+00	0.00e+00
 5.94347e+15	2.10e-09	1.59e-05	1.72e-02	2.77e-01	4.38e-01	2.67e-01	0.00e+00	0.00e+00
 6.09681e+15	2.63e-09	1.90e-05	1.96e-02	2.95e-01	4.37e-01	2.48e-01	0.00e+00	0.00e+00
 6.25807e+15	3.27e-09	2.28e-05	2.24e-02	3.14e-01	4.35e-01	2.29e-01	0.00e+00	0.00e+00
 6.43688e+15	4.50e-09	2.90e-05	2.61e-02	3.36e-01	4.31e-01	2.07e-01	0.00e+00	0.00e+00
 6.59455e+15	5.57e-09	3.43e-05	2.95e-02	3.54e-01	4.26e-01	1.90e-01	0.00e+00	0.00e+00
 6.73426e+15	6.65e-09	3.97e-05	3.29e-02	3.71e-01	4.21e-01	1.76e-01	0.00e+00	0.00e+00
 6.89456e+15	8.34e-09	4.74e-05	3.72e-02	3.89e-01	4.13e-01	1.60e-01	0.00e+00	0.00e+00
 7.07204e+15	1.14e-08	5.97e-05	4.27e-02	4.11e-01	4.04e-01	1.43e-01	0.00e+00	0.00e+00
 7.21231e+15	1.37e-08	6.92e-05	4.72e-02	4.26e-01	3.95e-01	1.31e-01	0.00e+00	0.00e+00
 7.31753e+15	1.60e-08	7.78e-05	5.10e-02	4.38e-01	3.88e-01	1.22e-01	0.00e+00	0.00e+00
 7.43670e+15	1.90e-08	8.89e-05	5.57e-02	4.51e-01	3.80e-01	1.13e-01	0.00e+00	0.00e+00
 7.59163e+15	2.26e-08	1.02e-04	6.20e-02	4.68e-01	3.68e-01	1.02e-01	0.00e+00	0.00e+00
 7.76380e+15	3.07e-08	1.28e-04	7.04e-02	4.86e-01	3.54e-01	8.95e-02	0.00e+00	0.00e+00
 7.91635e+15	3.73e-08	1.49e-04	7.81e-02	5.01e-01	3.41e-01	8.02e-02	0.00e+00	0.00e+00
 8.04850e+15	4.37e-08	1.69e-04	8.54e-02	5.13e-01	3.29e-01	7.26e-02	0.00e+00	0.00e+00
 8.19616e+15	5.37e-08	1.98e-04	9.47e-02	5.26e-01	3.14e-01	6.44e-02	0.00e+00	0.00e+00
 8.36220e+15	7.35e-08	2.48e-04	1.07e-01	5.40e-01	2.97e-01	5.53e-02	0.00e+00	0.00e+00
 8.50985e+15	8.99e-08	2.90e-04	1.18e-01	5.51e-01	2.82e-01	4.86e-02	0.00e+00	0.00e+00
 8.63692e+15	1.05e-07	3.28e-04	1.29e-01	5.60e-01	2.68e-01	4.33e-02	0.00e+00	0.00e+00
 8.77953e+15	1.42e-07	4.05e-04	1.43e-01	5.68e-01	2.51e-01	3.70e-02	0.00e+00	0.00e+00
 8.92673e+15	1.65e-07	4.60e-04	1.57e-01	5.75e-01	2.35e-01	3.21e-02	0.00e+00	0.00e+00
 9.05721e+15	2.23e-07	5.68e-04	1.74e-01	5.80e-01	2.19e-01	2.72e-02	0.00e+00	0.00e+00
 9.16859e+15	2.69e-07	6.52e-04	1.88e-01	5.82e-01	2.05e-01	2.39e-02	0.00e+00	0.00e+00
 9.26105e+15	3.15e-07	7.34e-04	2.00e-01	5.84e-01	1.94e-01	2.12e-02	0.00e+00	0.00e+00
 9.36448e+15	3.75e-07	8.35e-04	2.16e-01	5.84e-01	1.81e-01	1.84e-02	0.00e+00	0.00e+00
 9.47679e+15	4.61e-07	9.72e-04	2.34e-01	5.83e-01	1.67e-01	1.57e-02	0.00e+00	0.00e+00
 9.57241e+15	5.30e-07	1.08e-03	2.49e-01	5.81e-01	1.55e-01	1.36e-02	0.00e+00	0.00e+00
 9.66850e+15	6.93e-07	1.30e-03	2.69e-01	5.76e-01	1.42e-01	1.14e-02	0.00e+00	0.00e+00
 9.74832e+15	8.04e-07	1.45e-03	2.84e-01	5.72e-01	1.32e-01	9.93e-03	0.00e+00	0.00e+00
 9.79427e+15	8.84e-07	1.55e-03	2.94e-01	5.69e-01	1.26e-01	9.11e-03	0.00e+00	0.00e+00
 9.84128e+15	9.83e-07	1.68e-03	3.04e-01	5.66e-01	1.20e-01	8.27e-03	0.00e+00	0.00e+00
 9.90240e+15	1.07e-06	1.79e-03	3.17e-01	5.61e-01	1.13e-01	7.37e-03	0.00e+00	0.00e+00
 9.98185e+15	1.33e-06	2.09e-03	3.36e-01	5.53e-01	1.02e-01	6.12e-03	0.00e+00	0.00e+00
 1.00513e+16	1.50e-06	2.27e-03	3.52e-01	5.46e-01	9.40e-02	5.27e-03	0.00e+00	0.00e+00
 1.00981e+16	1.75e-06	2.53e-03	3.65e-01	5.40e-01	8.79e-02	4.63e-03	0.00e+00	0.00e+00
 1.01388e+16	1.94e-06	2.72e-03	3.76e-01	5.34e-01	8.29e-02	4.15e-03	0.00e+00	0.00e+00
 1.01810e+16	2.14e-06	2.92e-03	3.87e-01	5.29e-01	7.78e-02	3.70e-03	0.00e+00	0.00e+00
 1.02358e+16	2.46e-06	3.22e-03	4.02e-01	5.21e-01	7.12e-02	3.15e-03	0.00e+00	0.00e+00
 1.02925e+16	2.84e-06	3.56e-03	4.17e-01	5.12e-01	6.48e-02	2.65e-03	0.00e+00	0.00e+00
 1.03388e+16	3.10e-06	3.80e-03	4.29e-01	5.05e-01	5.98e-02	2.31e-03	0.00e+00	0.00e+00
 1.03864e+16	3.52e-06	4.15e-03	4.43e-01	4.96e-01	5.46e-02	1.95e-03	0.00e+00	0.00e+00
 1.04384e+16	4.18e-06	4.66e-03	4.59e-01	4.86e-01	4.90e-02	1.60e-03	0.00e+00	0.00e+00
 1.04815e+16	4.55e-06	4.96e-03	4.70e-01	4.79e-01	4.50e-02	1.38e-03	0.00e+00	0.00e+00
 1.05232e+16	5.26e-06	5.47e-03	4.83e-01	4.69e-01	4.08e-02	1.15e-03	0.00e+00	0.00e+00
 1.05682e+16	5.94e-06	5.95e-03	4.96e-01	4.60e-01	3.68e-02	9.56e-04	0.00e+00	0.00e+00
 1.06175e+16	6.83e-06	6.55e-03	5.10e-01	4.50e-01	3.26e-02	7.66e-04	0.00e+00	0.00e+00
 1.06703e+16	7.88e-06	7.22e-03	5.25e-01	4.39e-01	2.85e-02	6.03e-04	0.00e+00	0.00e+00
 1.07173e+16	8.94e-06	7.88e-03	5.38e-01	4.29e-01	2.52e-02	4.82e-04	0.00e+00	0.00e+00
 1.07684e+16	1.03e-05	8.69e-03	5.52e-01	4.18e-01	2.18e-02	3.71e-04	0.00e+00	0.00e+00
 1.08246e+16	1.20e-05	9.64e-03	5.66e-01	4.05e-01	1.85e-02	2.77e-04	0.00e+00	0.00e+00
 1.08775e+16	1.38e-05	1.06e-02	5.79e-01	3.94e-01	1.58e-02	2.09e-04	0.00e+00	0.00e+00
 1.09360e+16	1.61e-05	1.18e-02	5.94e-01	3.81e-01	1.32e-02	1.50e-04	0.00e+00	0.00e+00
 1.09893e+16	1.84e-05	1.29e-02	6.06e-01	3.70e-01	1.12e-02	1.12e-04	0.00e+00	0.00e+00
 1.10248e+16	2.02e-05	1.37e-02	6.14e-01	3.63e-01	1.01e-02	9.19e-05	0.00e+00	0.00e+00
 1.10600e+16	2.21e-05	1.45e-02	6.21e-01	3.55e-01	8.96e-03	7.45e-05	0.00e+00	0.00e+00
 1.11058e+16	2.48e-05	1.57e-02	6.31e-01	3.45e-01	7.69e-03	5.65e-05	0.00e+00	0.00e+00
 1.11565e+16	2.81e-05	1.70e-02	6.42e-01	3.35e-01	6.53e-03	4.20e-05	0.00e+00	0.00e+00
 1.12039e+16	3.15e-05	1.84e-02	6.51e-01	3.25e-01	5.59e-03	3.17e-05	0.00e+00	0.00e+00
 1.12562e+16	3.58e-05	2.00e-02	6.61e-01	3.14e-01	4.69e-03	2.30e-05	0.00e+00	0.00e+00
 1.13139e+16	4.11e-05	2.19e-02	6.71e-01	3.03e-01	3.88e-03	1.63e-05	0.00e+00	0.00e+00
 1.13659e+16	4.65e-05	2.38e-02	6.81e-01	2.92e-01	3.27e-03	1.20e-05	0.00e+00	0.00e+00
 1.14126e+16	5.20e-05	2.55e-02	6.89e-01	2.83e-01	2.81e-03	9.05e-06	0.00e+00	0.00e+00
 1.14653e+16	5.89e-05	2.77e-02	6.97e-01	2.72e-01	2.35e-03	6.55e-06	0.00e+00	0.00e+00
 1.15245e+16	6.79e-05	3.04e-02	7.07e-01	2.61e-01	1.93e-03	4.59e-06	0.00e+00	0.00e+00
 1.15779e+16	7.72e-05	3.31e-02	7.15e-01	2.50e-01	1.62e-03	3.34e-06	0.00e+00	0.00e+00
 1.16254e+16	8.67e-05	3.57e-02	7.22e-01	2.41e-01	1.38e-03	2.50e-06	0.00e+00	0.00e+00
 1.16790e+16	9.89e-05	3.89e-02	7.30e-01	2.30e-01	1.15e-03	1.80e-06	0.00e+00	0.00e+00
 1.17375e+16	1.14e-04	4.28e-02	7.38e-01	2.18e-01	9.47e-04	1.26e-06	0.00e+00	0.00e+00
 1.17893e+16	1.30e-04	4.65e-02	7.44e-01	2.08e-01	7.98e-04	9.28e-07	0.00e+00	0.00e+00
 1.18356e+16	1.46e-04	5.02e-02	7.50e-01	1.99e-01	6.81e-04	0.00e+00	0.00e+00	0.00e+00
 1.18879e+16	1.68e-04	5.49e-02	7.56e-01	1.89e-01	5.66e-04	0.00e+00	0.00e+00	0.00e+00
 1.19446e+16	1.95e-04	6.05e-02	7.61e-01	1.78e-01	4.66e-04	0.00e+00	0.00e+00	0.00e+00
 1.19945e+16	2.23e-04	6.60e-02	7.65e-01	1.68e-01	3.91e-04	0.00e+00	0.00e+00	0.00e+00
 1.20381e+16	2.52e-04	7.13e-02	7.68e-01	1.60e-01	3.35e-04	0.00e+00	0.00e+00	0.00e+00
 1.20859e+16	2.87e-04	7.77e-02	7.71e-01	1.50e-01	2.80e-04	0.00e+00	0.00e+00	0.00e+00
 1.21383e+16	3.34e-04	8.56e-02	7.73e-01	1.40e-01	2.31e-04	0.00e+00	0.00e+00	0.00e+00
 1.21853e+16	3.83e-04	9.35e-02	7.74e-01	1.32e-01	1.93e-04	0.00e+00	0.00e+00	0.00e+00
 1.22272e+16	4.34e-04	1.01e-01	7.74e-01	1.24e-01	1.65e-04	0.00e+00	0.00e+00	0.00e+00
 1.22738e+16	4.99e-04	1.11e-01	7.73e-01	1.15e-01	1.36e-04	0.00e+00	0.00e+00	0.00e+00
 1.23243e+16	5.84e-04	1.23e-01	7.71e-01	1.06e-01	1.11e-04	0.00e+00	0.00e+00	0.00e+00
 1.23687e+16	6.73e-04	1.34e-01	7.67e-01	9.83e-02	9.25e-05	0.00e+00	0.00e+00	0.00e+00
 1.24083e+16	7.64e-04	1.45e-01	7.62e-01	9.13e-02	7.79e-05	0.00e+00	0.00e+00	0.00e+00
 1.24531e+16	8.87e-04	1.60e-01	7.56e-01	8.37e-02	6.37e-05	0.00e+00	0.00e+00	0.00e+00
 1.25019e+16	1.05e-03	1.77e-01	7.46e-01	7.56e-02	5.10e-05	0.00e+00	0.00e+00	0.00e+00
 1.25453e+16	1.22e-03	1.95e-01	7.36e-01	6.86e-02	4.14e-05	0.00e+00	0.00e+00	0.00e+00
 1.25841e+16	1.40e-03	2.12e-01	7.24e-01	6.25e-02	3.42e-05	0.00e+00	0.00e+00	0.00e+00
 1.26274e+16	1.64e-03	2.33e-01	7.09e-01	5.59e-02	2.72e-05	0.00e+00	0.00e+00	0.00e+00
 1.26753e+16	1.96e-03	2.60e-01	6.89e-01	4.89e-02	2.10e-05	0.00e+00	0.00e+00	0.00e+00
 1.27190e+16	2.32e-03	2.87e-01	6.67e-01	4.28e-02	1.63e-05	0.00e+00	0.00e+00	0.00e+00
 1.27588e+16	2.71e-03	3.15e-01	6.45e-01	3.75e-02	1.28e-05	0.00e+00	0.00e+00	0.00e+00
 1.28039e+16	3.25e-03	3.49e-01	6.15e-01	3.19e-02	9.55e-06	0.00e+00	0.00e+00	0.00e+00
 1.28535e+16	3.98e-03	3.92e-01	5.78e-01	2.61e-02	6.77e-06	0.00e+00	0.00e+00	0.00e+00
 1.28974e+16	4.79e-03	4.34e-01	5.40e-01	2.14e-02	4.86e-06	0.00e+00	0.00e+00	0.00e+00
 1.29347e+16	5.63e-03	4.73e-01	5.04e-01	1.78e-02	3.59e-06	0.00e+00	0.00e+00	0.00e+00
 1.29750e+16	6.71e-03	5.17e-01	4.62e-01	1.42e-02	2.51e-06	0.00e+00	0.00e+00	0.00e+00
 1.30192e+16	8.15e-03	5.69e-01	4.12e-01	1.08e-02	1.64e-06	0.00e+00	0.00e+00	0.00e+00
 1.30576e+16	9.72e-03	6.16e-01	3.66e-01	8.23e-03	1.09e-06	0.00e+00	0.00e+00	0.00e+00
 1.30871e+16	1.11e-02	6.53e-01	3.29e-01	6.54e-03	7.78e-07	0.00e+00	0.00e+00	0.00e+00
 1.31110e+16	1.25e-02	6.83e-01	2.99e-01	5.34e-03	0.00e+00	0.00e+00	0.00e+00	0.00e+00
 1.31375e+16	1.41e-02	7.15e-01	2.67e-01	4.19e-03	0.00e+00	0.00e+00	0.00e+00	0.00e+00
 1.31668e+16	1.62e-02	7.50e-01	2.31e-01	3.12e-03	0.00e+00	0.00e+00	0.00e+00	0.00e+00
 1.31929e+16	1.84e-02	7.80e-01	1.99e-01	2.34e-03	0.00e+00	0.00e+00	0.00e+00	0.00e+00
 1.32147e+16	2.05e-02	8.04e-01	1.74e-01	1.80e-03	0.00e+00	0.00e+00	0.00e+00	0.00e+00
 1.32348e+16	2.27e-02	8.24e-01	1.52e-01	1.39e-03	0.00e+00	0.00e+00	0.00e+00	0.00e+00
 1.32578e+16	2.55e-02	8.44e-01	1.29e-01	1.02e-03	0.00e+00	0.00e+00	0.00e+00	0.00e+00
 1.32826e+16	2.90e-02	8.64e-01	1.06e-01	7.08e-04	0.00e+00	0.00e+00	0.00e+00	0.00e+00
 1.33038e+16	3.24e-02	8.79e-01	8.82e-02	5.04e-04	0.00e+00	0.00e+00	0.00e+00	0.00e+00
 1.33214e+16	3.57e-02	8.89e-01	7.49e-02	3.74e-04	0.00e+00	0.00e+00	0.00e+00	0.00e+00
 1.33403e+16	3.96e-02	8.98e-01	6.21e-02	2.66e-04	0.00e+00	0.00e+00	0.00e+00	0.00e+00
 1.33614e+16	4.47e-02	9.05e-01	4.98e-02	1.78e-04	0.00e+00	0.00e+00	0.00e+00	0.00e+00
 1.33805e+16	5.00e-02	9.10e-01	4.01e-02	1.21e-04	0.00e+00	0.00e+00	0.00e+00	0.00e+00
 1.33973e+16	5.52e-02	9.12e-01	3.28e-02	8.44e-05	0.00e+00	0.00e+00	0.00e+00	0.00e+00
 1.34158e+16	6.18e-02	9.12e-01	2.59e-02	5.55e-05	0.00e+00	0.00e+00	0.00e+00	0.00e+00
 1.34354e+16	6.97e-02	9.10e-01	2.00e-02	3.49e-05	0.00e+00	0.00e+00	0.00e+00	0.00e+00
 1.34520e+16	7.75e-02	9.07e-01	1.58e-02	2.30e-05	0.00e+00	0.00e+00	0.00e+00	0.00e+00
 1.34659e+16	8.47e-02	9.02e-01	1.28e-02	1.60e-05	0.00e+00	0.00e+00	0.00e+00	0.00e+00
 1.34798e+16	9.27e-02	8.97e-01	1.03e-02	1.09e-05	0.00e+00	0.00e+00	0.00e+00	0.00e+00
 1.34945e+16	1.02e-01	8.90e-01	8.19e-03	7.24e-06	0.00e+00	0.00e+00	0.00e+00	0.00e+00
 1.35083e+16	1.11e-01	8.82e-01	6.51e-03	4.84e-06	0.00e+00	0.00e+00	0.00e+00	0.00e+00
 1.35200e+16	1.20e-01	8.74e-01	5.33e-03	3.40e-06	0.00e+00	0.00e+00	0.00e+00	0.00e+00
 1.35302e+16	1.29e-01	8.67e-01	4.45e-03	2.48e-06	0.00e+00	0.00e+00	0.00e+00	0.00e+00
 1.35400e+16	1.37e-01	8.59e-01	3.74e-03	1.82e-06	0.00e+00	0.00e+00	0.00e+00	0.00e+00
 1.35477e+16	1.44e-01	8.53e-01	3.25e-03	1.43e-06	0.00e+00	0.00e+00	0.00e+00	0.00e+00
 1.35526e+16	1.48e-01	8.49e-01	2.97e-03	1.22e-06	0.00e+00	0.00e+00	0.00e+00	0.00e+00
 1.35571e+16	1.52e-01	8.45e-01	2.73e-03	1.05e-06	0.00e+00	0.00e+00	0.00e+00	0.00e+00
 1.35623e+16	1.58e-01	8.40e-01	2.47e-03	8.81e-07	0.00e+00	0.00e+00	0.00e+00	0.00e+00
 1.35680e+16	1.64e-01	8.34e-01	2.21e-03	0.00e+00	0.00e+00	0.00e+00	0.00e+00	0.00e+00
 1.35736e+16	1.69e-01	8.29e-01	1.98e-03	0.00e+00	0.00e+00	0.00e+00	0.00e+00	0.00e+00
 1.35788e+16	1.75e-01	8.23e-01	1.80e-03	0.00e+00	0.00e+00	0.00e+00	0.00e+00	0.00e+00
 1.35838e+16	1.81e-01	8.18e-01	1.62e-03	0.00e+00	0.00e+00	0.00e+00	0.00e+00	0.00e+00
 1.35890e+16	1.87e-01	8.12e-01	1.46e-03	0.00e+00	0.00e+00	0.00e+00	0.00e+00	0.00e+00
 1.35941e+16	1.92e-01	8.06e-01	1.32e-03	0.00e+00	0.00e+00	0.00e+00	0.00e+00	0.00e+00
 1.35992e+16	1.98e-01	8.00e-01	1.19e-03	0.00e+00	0.00e+00	0.00e+00	0.00e+00	0.00e+00
 1.36041e+16	2.05e-01	7.94e-01	1.07e-03	0.00e+00	0.00e+00	0.00e+00	0.00e+00	0.00e+00
 1.36091e+16	2.11e-01	7.88e-01	9.62e-04	0.00e+00	0.00e+00	0.00e+00	0.00e+00	0.00e+00
 1.36141e+16	2.18e-01	7.82e-01	8.65e-04	0.00e+00	0.00e+00	0.00e+00	0.00e+00	0.00e+00
 1.36190e+16	2.24e-01	7.75e-01	7.79e-04	0.00e+00	0.00e+00	0.00e+00	0.00e+00	0.00e+00
 1.36238e+16	2.31e-01	7.68e-01	7.00e-04	0.00e+00	0.00e+00	0.00e+00	0.00e+00	0.00e+00
 1.36287e+16	2.38e-01	7.61e-01	6.28e-04	0.00e+00	0.00e+00	0.00e+00	0.00e+00	0.00e+00
 1.36334e+16	2.45e-01	7.54e-01	5.66e-04	0.00e+00	0.00e+00	0.00e+00	0.00e+00	0.00e+00
 1.36381e+16	2.52e-01	7.47e-01	5.09e-04	0.00e+00	0.00e+00	0.00e+00	0.00e+00	0.00e+00
 1.36428e+16	2.60e-01	7.40e-01	4.57e-04	0.00e+00	0.00e+00	0.00e+00	0.00e+00	0.00e+00
 1.36475e+16	2.67e-01	7.32e-01	4.10e-04	0.00e+00	0.00e+00	0.00e+00	0.00e+00	0.00e+00
 1.36521e+16	2.75e-01	7.25e-01	3.68e-04	0.00e+00	0.00e+00	0.00e+00	0.00e+00	0.00e+00
 1.36567e+16	2.83e-01	7.16e-01	3.30e-04	0.00e+00	0.00e+00	0.00e+00	0.00e+00	0.00e+00
 1.36612e+16	2.92e-01	7.08e-01	2.96e-04	0.00e+00	0.00e+00	0.00e+00	0.00e+00	0.00e+00
 1.36658e+16	3.00e-01	7.00e-01	2.65e-04	0.00e+00	0.00e+00	0.00e+00	0.00e+00	0.00e+00
 1.36703e+16	3.09e-01	6.91e-01	2.37e-04	0.00e+00	0.00e+00	0.00e+00	0.00e+00	0.00e+00
 1.36747e+16	3.18e-01	6.81e-01	2.12e-04	0.00e+00	0.00e+00	0.00e+00	0.00e+00	0.00e+00
 1.36791e+16	3.28e-01	6.72e-01	1.90e-04	0.00e+00	0.00e+00	0.00e+00	0.00e+00	0.00e+00
 1.36836e+16	3.38e-01	6.62e-01	1.69e-04	0.00e+00	0.00e+00	0.00e+00	0.00e+00	0.00e+00
 1.36880e+16	3.48e-01	6.52e-01	1.51e-04	0.00e+00	0.00e+00	0.00e+00	0.00e+00	0.00e+00
 1.36923e+16	3.59e-01	6.40e-01	1.35e-04	0.00e+00	0.00e+00	0.00e+00	0.00e+00	0.00e+00
 1.36966e+16	3.70e-01	6.29e-01	1.20e-04	0.00e+00	0.00e+00	0.00e+00	0.00e+00	0.00e+00
 1.37007e+16	3.82e-01	6.18e-01	1.08e-04	0.00e+00	0.00e+00	0.00e+00	0.00e+00	0.00e+00
 1.37048e+16	3.95e-01	6.05e-01	9.59e-05	0.00e+00	0.00e+00	0.00e+00	0.00e+00	0.00e+00
 1.37089e+16	4.07e-01	5.93e-01	8.58e-05	0.00e+00	0.00e+00	0.00e+00	0.00e+00	0.00e+00
 1.37129e+16	4.19e-01	5.81e-01	7.67e-05	0.00e+00	0.00e+00	0.00e+00	0.00e+00	0.00e+00
 1.37169e+16	4.33e-01	5.67e-01	6.84e-05	0.00e+00	0.00e+00	0.00e+00	0.00e+00	0.00e+00
 1.37208e+16	4.47e-01	5.53e-01	6.10e-05	0.00e+00	0.00e+00	0.00e+00	0.00e+00	0.00e+00
 1.37247e+16	4.61e-01	5.39e-01	5.45e-05	0.00e+00	0.00e+00	0.00e+00	0.00e+00	0.00e+00
 1.37286e+16	4.76e-01	5.24e-01	4.85e-05	0.00e+00	0.00e+00	0.00e+00	0.00e+00	0.00e+00
 1.37325e+16	4.92e-01	5.08e-01	4.31e-05	0.00e+00	0.00e+00	0.00e+00	0.00e+00	0.00e+00
 1.37364e+16	5.08e-01	4.92e-01	3.84e-05	0.00e+00	0.00e+00	0.00e+00	0.00e+00	0.00e+00
 1.37402e+16	5.24e-01	4.76e-01	3.41e-05	0.00e+00	0.00e+00	0.00e+00	0.00e+00	0.00e+00
 1.37441e+16	5.42e-01	4.58e-01	3.02e-05	0.00e+00	0.00e+00	0.00e+00	0.00e+00	0.00e+00
 1.37480e+16	5.63e-01	4.37e-01	2.66e-05	0.00e+00	0.00e+00	0.00e+00	0.00e+00	0.00e+00
 1.37518e+16	5.82e-01	4.18e-01	2.35e-05	0.00e+00	0.00e+00	0.00e+00	0.00e+00	0.00e+00
 1.37557e+16	6.01e-01	3.99e-01	2.07e-05	0.00e+00	0.00e+00	0.00e+00	0.00e+00	0.00e+00
 1.37596e+16	6.21e-01	3.79e-01	1.82e-05	0.00e+00	0.00e+00	0.00e+00	0.00e+00	0.00e+00
 1.37637e+16	6.42e-01	3.58e-01	1.59e-05	0.00e+00	0.00e+00	0.00e+00	0.00e+00	0.00e+00
 1.37678e+16	6.63e-01	3.37e-01	1.39e-05	0.00e+00	0.00e+00	0.00e+00	0.00e+00	0.00e+00
 1.37719e+16	6.84e-01	3.16e-01	1.21e-05	0.00e+00	0.00e+00	0.00e+00	0.00e+00	0.00e+00
 1.37757e+16	7.03e-01	2.97e-01	1.06e-05	0.00e+00	0.00e+00	0.00e+00	0.00e+00	0.00e+00
 1.37789e+16	7.18e-01	2.82e-01	9.58e-06	0.00e+00	0.00e+00	0.00e+00	0.00e+00	0.00e+00
 1.37819e+16	7.32e-01	2.68e-01	8.68e-06	0.00e+00	0.00e+00	0.00e+00	0.00e+00	0.00e+00
 1.37850e+16	7.46e-01	2.54e-01	7.86e-06	0.00e+00	0.00e+00	0.00e+00	0.00e+00	0.00e+00
 1.37882e+16	7.61e-01	2.39e-01	7.03e-06	0.00e+00	0.00e+00	0.00e+00	0.00e+00	0.00e+00
 1.37914e+16	7.74e-01	2.26e-01	6.36e-06	0.00e+00	0.00e+00	0.00e+00	0.00e+00	0.00e+00
 1.37945e+16	7.87e-01	2.13e-01	5.76e-06	0.00e+00	0.00e+00	0.00e+00	0.00e+00	0.00e+00
 1.37976e+16	7.99e-01	2.01e-01	5.21e-06	0.00e+00	0.00e+00	0.00e+00	0.00e+00	0.00e+00
 1.38007e+16	8.11e-01	1.89e-01	4.72e-06	0.00e+00	0.00e+00	0.00e+00	0.00e+00	0.00e+00
 1.38038e+16	8.22e-01	1.78e-01	4.29e-06	0.00e+00	0.00e+00	0.00e+00	0.00e+00	0.00e+00
 1.38069e+16	8.33e-01	1.67e-01	3.91e-06	0.00e+00	0.00e+00	0.00e+00	0.00e+00	0.00e+00
 1.38100e+16	8.42e-01	1.58e-01	3.56e-06	0.00e+00	0.00e+00	0.00e+00	0.00e+00	0.00e+00
 1.38132e+16	8.52e-01	1.48e-01	3.24e-06	0.00e+00	0.00e+00	0.00e+00	0.00e+00	0.00e+00
 1.38165e+16	8.61e-01	1.39e-01	2.96e-06	0.00e+00	0.00e+00	0.00e+00	0.00e+00	0.00e+00
 1.38198e+16	8.70e-01	1.30e-01	2.69e-06	0.00e+00	0.00e+00	0.00e+00	0.00e+00	0.00e+00
 1.38232e+16	8.77e-01	1.23e-01	2.47e-06	0.00e+00	0.00e+00	0.00e+00	0.00e+00	0.00e+00
 1.38267e+16	8.85e-01	1.15e-01	2.25e-06	0.00e+00	0.00e+00	0.00e+00	0.00e+00	0.00e+00
 1.38302e+16	8.92e-01	1.08e-01	2.06e-06	0.00e+00	0.00e+00	0.00e+00	0.00e+00	0.00e+00
 1.38340e+16	8.98e-01	1.02e-01	1.89e-06	0.00e+00	0.00e+00	0.00e+00	0.00e+00	0.00e+00
 1.38378e+16	9.04e-01	9.60e-02	1.74e-06	0.00e+00	0.00e+00	0.00e+00	0.00e+00	0.00e+00
 1.38418e+16	9.10e-01	9.04e-02	1.60e-06	0.00e+00	0.00e+00	0.00e+00	0.00e+00	0.00e+00
 1.38460e+16	9.15e-01	8.52e-02	1.47e-06	0.00e+00	0.00e+00	0.00e+00	0.00e+00	0.00e+00
 1.38504e+16	9.20e-01	8.03e-02	1.36e-06	0.00e+00	0.00e+00	0.00e+00	0.00e+00	0.00e+00
 1.38550e+16	9.24e-01	7.57e-02	1.25e-06	0.00e+00	0.00e+00	0.00e+00	0.00e+00	0.00e+00
 1.38600e+16	9.29e-01	7.14e-02	1.16e-06	0.00e+00	0.00e+00	0.00e+00	0.00e+00	0.00e+00
 1.38653e+16	9.33e-01	6.73e-02	1.07e-06	0.00e+00	0.00e+00	0.00e+00	0.00e+00	0.00e+00
 1.38710e+16	9.37e-01	6.35e-02	9.90e-07	0.00e+00	0.00e+00	0.00e+00	0.00e+00	0.00e+00
 1.38772e+16	9.40e-01	5.99e-02	9.16e-07	0.00e+00	0.00e+00	0.00e+00	0.00e+00	0.00e+00
 1.38839e+16	9.44e-01	5.65e-02	8.47e-07	0.00e+00	0.00e+00	0.00e+00	0.00e+00	0.00e+00
 1.38913e+16	9.47e-01	5.32e-02	7.83e-07	0.00e+00	0.00e+00	0.00e+00	0.00e+00	0.00e+00
 1.38995e+16	9.50e-01	5.02e-02	7.23e-07	0.00e+00	0.00e+00	0.00e+00	0.00e+00	0.00e+00
 1.39086e+16	9.53e-01	4.72e-02	6.67e-07	0.00e+00	0.00e+00	0.00e+00	0.00e+00	0.00e+00
 1.39186e+16	9.56e-01	4.44e-02	6.15e-07	0.00e+00	0.00e+00	0.00e+00	0.00e+00	0.00e+00
