#depth	C	C+	C+2	C+3	C+4	C+5	C+6	C[1]	C[2]	C[3]	C+[1]	C+[2]	CO
 1.49634e+10	0.00e+00	8.99e-31	2.03e-21	1.40e-12	3.25e-03	8.14e-01	1.83e-01	0.00e+00	0.00e+00	0.00e+00	0.00e+00	0.00e+00	3.07e-275
 4.54887e+10	5.06e-41	1.28e-30	2.66e-21	1.68e-12	3.60e-03	8.26e-01	1.70e-01	0.00e+00	0.00e+00	0.00e+00	0.00e+00	0.00e+00	3.06e-132
 7.72350e+10	0.00e+00	1.82e-30	3.49e-21	2.03e-12	4.00e-03	8.37e-01	1.59e-01	0.00e+00	0.00e+00	0.00e+00	0.00e+00	0.00e+00	0.00e+00
 1.10251e+11	1.22e-40	2.60e-30	4.59e-21	2.46e-12	4.45e-03	8.47e-01	1.48e-01	0.00e+00	0.00e+00	0.00e+00	0.00e+00	0.00e+00	3.16e-131
 1.41785e+11	0.00e+00	3.61e-30	5.91e-21	2.93e-12	4.90e-03	8.57e-01	1.39e-01	0.00e+00	0.00e+00	0.00e+00	0.00e+00	0.00e+00	0.00e+00
 1.70669e+11	2.62e-40	4.83e-30	7.39e-21	3.41e-12	5.34e-03	8.64e-01	1.31e-01	0.00e+00	0.00e+00	0.00e+00	0.00e+00	0.00e+00	2.41e-130
 2.03287e+11	0.00e+00	6.66e-30	9.45e-21	4.05e-12	5.87e-03	8.72e-01	1.22e-01	0.00e+00	0.00e+00	0.00e+00	0.00e+00	0.00e+00	0.00e+00
 2.41120e+11	6.05e-40	9.52e-30	1.24e-20	4.88e-12	6.52e-03	8.80e-01	1.13e-01	0.00e+00	0.00e+00	0.00e+00	0.00e+00	0.00e+00	2.22e-129
 2.78708e+11	0.00e+00	1.34e-29	1.61e-20	5.84e-12	7.19e-03	8.87e-01	1.06e-01	0.00e+00	0.00e+00	0.00e+00	0.00e+00	0.00e+00	0.00e+00
 3.17800e+11	1.41e-39	1.89e-29	2.10e-20	7.01e-12	7.95e-03	8.94e-01	9.80e-02	0.00e+00	0.00e+00	0.00e+00	0.00e+00	0.00e+00	2.10e-128
 3.60439e+11	0.00e+00	2.71e-29	2.77e-20	8.47e-12	8.82e-03	9.01e-01	9.06e-02	0.00e+00	0.00e+00	0.00e+00	0.00e+00	0.00e+00	0.00e+00
 4.03588e+11	3.42e-39	3.85e-29	3.63e-20	1.02e-11	9.76e-03	9.06e-01	8.39e-02	0.00e+00	0.00e+00	0.00e+00	0.00e+00	0.00e+00	2.18e-127
 4.48463e+11	0.00e+00	5.49e-29	4.76e-20	1.23e-11	1.08e-02	9.12e-01	7.76e-02	0.00e+00	0.00e+00	0.00e+00	0.00e+00	0.00e+00	0.00e+00
 4.92361e+11	8.01e-39	7.66e-29	6.14e-20	1.46e-11	1.19e-02	9.16e-01	7.20e-02	0.00e+00	0.00e+00	0.00e+00	0.00e+00	0.00e+00	2.08e-126
 5.32072e+11	0.00e+00	1.03e-28	7.69e-20	1.70e-11	1.29e-02	9.20e-01	6.74e-02	0.00e+00	0.00e+00	0.00e+00	0.00e+00	0.00e+00	0.00e+00
 5.76406e+11	1.71e-38	1.41e-28	9.81e-20	2.01e-11	1.41e-02	9.23e-01	6.27e-02	0.00e+00	0.00e+00	0.00e+00	0.00e+00	0.00e+00	1.54e-125
 6.28457e+11	0.00e+00	2.02e-28	1.29e-19	2.42e-11	1.56e-02	9.27e-01	5.77e-02	0.00e+00	0.00e+00	0.00e+00	0.00e+00	0.00e+00	0.00e+00
 6.80132e+11	4.10e-38	2.86e-28	1.68e-19	2.90e-11	1.72e-02	9.30e-01	5.33e-02	0.00e+00	0.00e+00	0.00e+00	0.00e+00	0.00e+00	1.56e-124
 7.28621e+11	0.00e+00	3.91e-28	2.14e-19	3.41e-11	1.87e-02	9.32e-01	4.95e-02	0.00e+00	0.00e+00	0.00e+00	0.00e+00	0.00e+00	0.00e+00
 7.82442e+11	9.18e-38	5.47e-28	2.77e-19	4.07e-11	2.06e-02	9.34e-01	4.57e-02	0.00e+00	0.00e+00	0.00e+00	0.00e+00	0.00e+00	1.31e-123
 8.43666e+11	0.00e+00	7.92e-28	3.67e-19	4.93e-11	2.28e-02	9.35e-01	4.19e-02	0.00e+00	0.00e+00	0.00e+00	0.00e+00	0.00e+00	0.00e+00
 9.04106e+11	2.25e-37	1.13e-27	4.81e-19	5.92e-11	2.51e-02	9.36e-01	3.85e-02	0.00e+00	0.00e+00	0.00e+00	0.00e+00	0.00e+00	1.39e-122
 9.66963e+11	0.00e+00	1.60e-27	6.30e-19	7.11e-11	2.76e-02	9.37e-01	3.53e-02	0.00e+00	0.00e+00	0.00e+00	0.00e+00	0.00e+00	0.00e+00
 1.03557e+12	5.54e-37	2.33e-27	8.38e-19	8.62e-11	3.05e-02	9.37e-01	3.22e-02	0.00e+00	0.00e+00	0.00e+00	0.00e+00	0.00e+00	1.49e-121
 1.10470e+12	0.00e+00	3.34e-27	1.11e-18	1.04e-10	3.37e-02	9.37e-01	2.95e-02	0.00e+00	0.00e+00	0.00e+00	0.00e+00	0.00e+00	0.00e+00
 1.17659e+12	1.36e-36	4.80e-27	1.46e-18	1.25e-10	3.71e-02	9.36e-01	2.69e-02	0.00e+00	0.00e+00	0.00e+00	0.00e+00	0.00e+00	1.59e-120
 1.25072e+12	0.00e+00	6.89e-27	1.93e-18	1.51e-10	4.09e-02	9.35e-01	2.46e-02	0.00e+00	0.00e+00	0.00e+00	0.00e+00	0.00e+00	0.00e+00
 1.32324e+12	3.26e-36	9.69e-27	2.50e-18	1.80e-10	4.47e-02	9.33e-01	2.25e-02	0.00e+00	0.00e+00	0.00e+00	0.00e+00	0.00e+00	1.57e-119
 1.40153e+12	0.00e+00	1.38e-26	3.29e-18	2.16e-10	4.91e-02	9.30e-01	2.06e-02	0.00e+00	0.00e+00	0.00e+00	0.00e+00	0.00e+00	0.00e+00
 1.48752e+12	8.07e-36	2.01e-26	4.39e-18	2.63e-10	5.42e-02	9.27e-01	1.86e-02	0.00e+00	0.00e+00	0.00e+00	0.00e+00	0.00e+00	1.69e-118
 1.57694e+12	0.00e+00	2.93e-26	5.86e-18	3.19e-10	5.98e-02	9.23e-01	1.69e-02	0.00e+00	0.00e+00	0.00e+00	0.00e+00	0.00e+00	0.00e+00
 1.66995e+12	2.05e-35	4.27e-26	7.83e-18	3.88e-10	6.60e-02	9.19e-01	1.52e-02	0.00e+00	0.00e+00	0.00e+00	0.00e+00	0.00e+00	1.96e-117
 1.76667e+12	0.00e+00	6.22e-26	1.05e-17	4.71e-10	7.27e-02	9.14e-01	1.38e-02	0.00e+00	0.00e+00	0.00e+00	0.00e+00	0.00e+00	0.00e+00
 1.85404e+12	4.92e-35	8.63e-26	1.35e-17	5.58e-10	7.91e-02	9.08e-01	1.26e-02	0.00e+00	0.00e+00	0.00e+00	0.00e+00	0.00e+00	1.92e-116
 1.92665e+12	6.81e-35	1.12e-25	1.65e-17	6.39e-10	8.46e-02	9.04e-01	1.17e-02	0.00e+00	0.00e+00	0.00e+00	0.00e+00	0.00e+00	3.27e-98
 2.00610e+12	9.63e-35	1.48e-25	2.05e-17	7.39e-10	9.08e-02	8.98e-01	1.08e-02	0.00e+00	0.00e+00	0.00e+00	0.00e+00	0.00e+00	0.00e+00
 2.10699e+12	1.47e-34	2.09e-25	2.67e-17	8.82e-10	9.91e-02	8.91e-01	9.80e-03	0.00e+00	0.00e+00	0.00e+00	0.00e+00	0.00e+00	3.39e-115
 2.21237e+12	2.26e-34	2.95e-25	3.48e-17	1.05e-09	1.08e-01	8.83e-01	8.86e-03	0.00e+00	0.00e+00	0.00e+00	0.00e+00	0.00e+00	4.52e-97
 2.30552e+12	3.24e-34	3.95e-25	4.37e-17	1.23e-09	1.16e-01	8.76e-01	8.13e-03	0.00e+00	0.00e+00	0.00e+00	0.00e+00	0.00e+00	0.00e+00
 2.39183e+12	4.49e-34	5.14e-25	5.36e-17	1.41e-09	1.24e-01	8.68e-01	7.51e-03	0.00e+00	0.00e+00	0.00e+00	0.00e+00	0.00e+00	6.30e-114
 2.48973e+12	6.40e-34	6.85e-25	6.70e-17	1.63e-09	1.33e-01	8.60e-01	6.89e-03	0.00e+00	0.00e+00	0.00e+00	0.00e+00	0.00e+00	4.41e-96
 2.61094e+12	9.77e-34	9.65e-25	8.74e-17	1.95e-09	1.45e-01	8.49e-01	6.20e-03	0.00e+00	0.00e+00	0.00e+00	0.00e+00	0.00e+00	0.00e+00
 2.73190e+12	1.47e-33	1.34e-24	1.13e-16	2.31e-09	1.57e-01	8.37e-01	5.59e-03	0.00e+00	0.00e+00	0.00e+00	0.00e+00	0.00e+00	1.42e-112
 2.83578e+12	2.04e-33	1.75e-24	1.39e-16	2.66e-09	1.68e-01	8.27e-01	5.13e-03	0.00e+00	0.00e+00	0.00e+00	0.00e+00	0.00e+00	5.55e-95
 2.94800e+12	2.89e-33	2.32e-24	1.73e-16	3.08e-09	1.79e-01	8.16e-01	4.68e-03	0.00e+00	0.00e+00	0.00e+00	0.00e+00	0.00e+00	8.57e-112
 3.08661e+12	4.36e-33	3.24e-24	2.25e-16	3.66e-09	1.94e-01	8.02e-01	4.19e-03	0.00e+00	0.00e+00	0.00e+00	0.00e+00	0.00e+00	2.89e-94
 3.22899e+12	6.52e-33	4.48e-24	2.90e-16	4.34e-09	2.09e-01	7.87e-01	3.75e-03	0.00e+00	0.00e+00	0.00e+00	0.00e+00	0.00e+00	7.44e-111
 3.35804e+12	9.23e-33	5.95e-24	3.62e-16	5.02e-09	2.23e-01	7.73e-01	3.40e-03	0.00e+00	0.00e+00	0.00e+00	0.00e+00	0.00e+00	1.49e-93
 3.50035e+12	1.33e-32	8.01e-24	4.56e-16	5.86e-09	2.39e-01	7.58e-01	3.06e-03	0.00e+00	0.00e+00	0.00e+00	0.00e+00	0.00e+00	5.06e-110
 3.66736e+12	2.01e-32	1.12e-23	5.92e-16	6.96e-09	2.58e-01	7.40e-01	2.71e-03	0.00e+00	0.00e+00	0.00e+00	0.00e+00	0.00e+00	8.22e-93
 3.83407e+12	2.97e-32	1.53e-23	7.59e-16	8.19e-09	2.76e-01	7.21e-01	2.41e-03	0.00e+00	0.00e+00	0.00e+00	0.00e+00	0.00e+00	4.42e-109
 3.99298e+12	4.23e-32	2.04e-23	9.49e-16	9.50e-09	2.94e-01	7.04e-01	2.16e-03	0.00e+00	0.00e+00	0.00e+00	0.00e+00	0.00e+00	4.24e-92
 4.16817e+12	6.14e-32	2.77e-23	1.20e-15	1.11e-08	3.13e-01	6.85e-01	1.92e-03	0.00e+00	0.00e+00	0.00e+00	0.00e+00	0.00e+00	3.21e-108
 4.36482e+12	9.15e-32	3.82e-23	1.55e-15	1.31e-08	3.35e-01	6.63e-01	1.69e-03	0.00e+00	0.00e+00	0.00e+00	0.00e+00	0.00e+00	2.34e-91
 4.54192e+12	1.29e-31	5.03e-23	1.92e-15	1.50e-08	3.55e-01	6.44e-01	1.51e-03	0.00e+00	0.00e+00	0.00e+00	0.00e+00	0.00e+00	2.46e-107
 4.68833e+12	1.69e-31	6.26e-23	2.28e-15	1.68e-08	3.70e-01	6.28e-01	1.38e-03	0.00e+00	0.00e+00	0.00e+00	0.00e+00	0.00e+00	9.19e-91
 4.84831e+12	2.24e-31	7.88e-23	2.72e-15	1.89e-08	3.87e-01	6.12e-01	1.25e-03	0.00e+00	0.00e+00	0.00e+00	0.00e+00	0.00e+00	1.16e-106
 5.05247e+12	3.17e-31	1.04e-22	3.39e-15	2.17e-08	4.08e-01	5.90e-01	1.11e-03	0.00e+00	0.00e+00	0.00e+00	0.00e+00	0.00e+00	3.81e-90
 5.25857e+12	4.43e-31	1.37e-22	4.18e-15	2.49e-08	4.30e-01	5.69e-01	9.80e-04	0.00e+00	0.00e+00	0.00e+00	0.00e+00	0.00e+00	7.89e-106
 5.42945e+12	5.78e-31	1.70e-22	4.94e-15	2.77e-08	4.46e-01	5.53e-01	8.89e-04	0.00e+00	0.00e+00	0.00e+00	0.00e+00	0.00e+00	1.49e-89
 5.61004e+12	7.57e-31	2.11e-22	5.85e-15	3.09e-08	4.64e-01	5.35e-01	8.04e-04	0.00e+00	0.00e+00	0.00e+00	0.00e+00	0.00e+00	3.64e-105
 5.84131e+12	1.06e-30	2.76e-22	7.20e-15	3.52e-08	4.86e-01	5.14e-01	7.08e-04	0.00e+00	0.00e+00	0.00e+00	0.00e+00	0.00e+00	5.93e-89
 6.08358e+12	1.47e-30	3.61e-22	8.86e-15	4.02e-08	5.07e-01	4.92e-01	6.22e-04	0.00e+00	0.00e+00	0.00e+00	0.00e+00	0.00e+00	2.46e-104
 6.29625e+12	1.94e-30	4.51e-22	1.05e-14	4.48e-08	5.26e-01	4.73e-01	5.57e-04	0.00e+00	0.00e+00	0.00e+00	0.00e+00	0.00e+00	2.43e-88
 6.52533e+12	2.59e-30	5.69e-22	1.26e-14	5.01e-08	5.45e-01	4.54e-01	4.95e-04	0.00e+00	0.00e+00	0.00e+00	0.00e+00	0.00e+00	1.28e-103
 6.77909e+12	3.52e-30	7.28e-22	1.52e-14	5.64e-08	5.65e-01	4.34e-01	4.36e-04	0.00e+00	0.00e+00	0.00e+00	0.00e+00	0.00e+00	9.71e-88
 7.01417e+12	4.61e-30	9.05e-22	1.80e-14	6.27e-08	5.83e-01	4.16e-01	3.89e-04	0.00e+00	0.00e+00	0.00e+00	0.00e+00	0.00e+00	6.99e-103
 7.26900e+12	6.12e-30	1.14e-21	2.14e-14	6.98e-08	6.02e-01	3.98e-01	3.45e-04	0.00e+00	0.00e+00	0.00e+00	0.00e+00	0.00e+00	3.59e-87
 7.55239e+12	8.26e-30	1.45e-21	2.58e-14	7.82e-08	6.21e-01	3.78e-01	3.02e-04	0.00e+00	0.00e+00	0.00e+00	0.00e+00	0.00e+00	3.97e-102
 7.81671e+12	1.08e-29	1.79e-21	3.04e-14	8.65e-08	6.39e-01	3.61e-01	2.68e-04	0.00e+00	0.00e+00	0.00e+00	0.00e+00	0.00e+00	1.39e-86
 8.10412e+12	1.43e-29	2.24e-21	3.61e-14	9.61e-08	6.56e-01	3.44e-01	2.36e-04	0.00e+00	0.00e+00	0.00e+00	0.00e+00	0.00e+00	2.08e-101
 8.42375e+12	1.93e-29	2.85e-21	4.33e-14	1.07e-07	6.75e-01	3.25e-01	2.06e-04	0.00e+00	0.00e+00	0.00e+00	0.00e+00	0.00e+00	5.62e-86
 8.72243e+12	2.53e-29	3.53e-21	5.09e-14	1.18e-07	6.91e-01	3.09e-01	1.82e-04	0.00e+00	0.00e+00	0.00e+00	0.00e+00	0.00e+00	1.17e-100
 9.04787e+12	3.34e-29	4.42e-21	6.03e-14	1.31e-07	7.07e-01	2.92e-01	1.59e-04	0.00e+00	0.00e+00	0.00e+00	0.00e+00	0.00e+00	2.14e-85
 9.41119e+12	4.51e-29	5.61e-21	7.23e-14	1.46e-07	7.25e-01	2.75e-01	1.38e-04	0.00e+00	0.00e+00	0.00e+00	0.00e+00	0.00e+00	7.00e-100
 9.75295e+12	5.91e-29	6.96e-21	8.50e-14	1.61e-07	7.40e-01	2.60e-01	1.21e-04	0.00e+00	0.00e+00	0.00e+00	0.00e+00	0.00e+00	8.69e-85
 1.01264e+13	7.86e-29	8.73e-21	1.01e-13	1.78e-07	7.55e-01	2.45e-01	1.05e-04	0.00e+00	0.00e+00	0.00e+00	0.00e+00	0.00e+00	3.93e-99
 1.05446e+13	1.06e-28	1.11e-20	1.21e-13	1.98e-07	7.70e-01	2.30e-01	9.03e-05	0.00e+00	0.00e+00	0.00e+00	0.00e+00	0.00e+00	3.75e-84
 1.09405e+13	1.40e-28	1.38e-20	1.42e-13	2.18e-07	7.84e-01	2.16e-01	7.86e-05	0.00e+00	0.00e+00	0.00e+00	0.00e+00	0.00e+00	2.43e-98
 1.13669e+13	1.87e-28	1.73e-20	1.68e-13	2.40e-07	7.97e-01	2.03e-01	6.80e-05	0.00e+00	0.00e+00	0.00e+00	0.00e+00	0.00e+00	1.55e-83
 1.18515e+13	2.55e-28	2.22e-20	2.02e-13	2.67e-07	8.11e-01	1.89e-01	5.80e-05	0.00e+00	0.00e+00	0.00e+00	0.00e+00	0.00e+00	1.62e-97
 1.23279e+13	3.42e-28	2.80e-20	2.40e-13	2.95e-07	8.24e-01	1.76e-01	4.99e-05	0.00e+00	0.00e+00	0.00e+00	0.00e+00	0.00e+00	7.19e-83
 1.28234e+13	4.58e-28	3.52e-20	2.84e-13	3.25e-07	8.35e-01	1.65e-01	4.28e-05	0.00e+00	0.00e+00	0.00e+00	0.00e+00	0.00e+00	1.05e-96
 1.33662e+13	6.24e-28	4.49e-20	3.39e-13	3.60e-07	8.47e-01	1.53e-01	3.65e-05	0.00e+00	0.00e+00	0.00e+00	0.00e+00	0.00e+00	3.37e-82
 1.39308e+13	8.50e-28	5.71e-20	4.04e-13	3.97e-07	8.58e-01	1.42e-01	3.11e-05	0.00e+00	0.00e+00	0.00e+00	0.00e+00	0.00e+00	7.62e-96
 1.45180e+13	1.15e-27	7.25e-20	4.82e-13	4.39e-07	8.68e-01	1.32e-01	2.65e-05	0.00e+00	0.00e+00	0.00e+00	0.00e+00	0.00e+00	1.66e-81
 1.50730e+13	1.52e-27	9.02e-20	5.64e-13	4.79e-07	8.77e-01	1.23e-01	2.29e-05	0.00e+00	0.00e+00	0.00e+00	0.00e+00	0.00e+00	5.03e-95
 1.55745e+13	1.94e-27	1.09e-19	6.47e-13	5.17e-07	8.84e-01	1.16e-01	2.02e-05	0.00e+00	0.00e+00	0.00e+00	0.00e+00	0.00e+00	6.50e-81
 1.60481e+13	2.43e-27	1.30e-19	7.33e-13	5.54e-07	8.90e-01	1.10e-01	1.79e-05	0.00e+00	0.00e+00	0.00e+00	0.00e+00	0.00e+00	2.28e-94
 1.65719e+13	3.08e-27	1.56e-19	8.37e-13	5.96e-07	8.97e-01	1.03e-01	1.58e-05	0.00e+00	0.00e+00	0.00e+00	0.00e+00	0.00e+00	2.20e-80
 1.71596e+13	4.00e-27	1.91e-19	9.67e-13	6.45e-07	9.03e-01	9.70e-02	1.38e-05	0.00e+00	0.00e+00	0.00e+00	0.00e+00	0.00e+00	1.16e-93
 1.77190e+13	5.08e-27	2.30e-19	1.10e-12	6.94e-07	9.09e-01	9.14e-02	1.22e-05	0.00e+00	0.00e+00	0.00e+00	0.00e+00	0.00e+00	8.29e-80
 1.83350e+13	6.56e-27	2.80e-19	1.27e-12	7.49e-07	9.14e-01	8.57e-02	1.07e-05	0.00e+00	0.00e+00	0.00e+00	0.00e+00	0.00e+00	5.79e-93
 1.90080e+13	8.59e-27	3.45e-19	1.47e-12	8.11e-07	9.20e-01	8.01e-02	9.25e-06	0.00e+00	0.00e+00	0.00e+00	0.00e+00	0.00e+00	3.36e-79
 1.96206e+13	1.09e-26	4.15e-19	1.68e-12	8.70e-07	9.25e-01	7.55e-02	8.17e-06	0.00e+00	0.00e+00	0.00e+00	0.00e+00	0.00e+00	3.04e-92
 2.02826e+13	1.40e-26	5.03e-19	1.92e-12	9.35e-07	9.29e-01	7.09e-02	7.18e-06	0.00e+00	0.00e+00	0.00e+00	0.00e+00	0.00e+00	1.25e-78
 2.10271e+13	1.84e-26	6.20e-19	2.22e-12	1.01e-06	9.34e-01	6.63e-02	6.24e-06	0.00e+00	0.00e+00	0.00e+00	0.00e+00	0.00e+00	1.67e-91
 2.17349e+13	2.36e-26	7.52e-19	2.54e-12	1.09e-06	9.38e-01	6.22e-02	5.48e-06	0.00e+00	0.00e+00	0.00e+00	0.00e+00	0.00e+00	5.09e-78
 2.25107e+13	3.08e-26	9.21e-19	2.92e-12	1.17e-06	9.42e-01	5.82e-02	4.77e-06	0.00e+00	0.00e+00	0.00e+00	0.00e+00	0.00e+00	8.99e-91
 2.33678e+13	4.09e-26	1.14e-18	3.40e-12	1.27e-06	9.46e-01	5.42e-02	4.13e-06	0.00e+00	0.00e+00	0.00e+00	0.00e+00	0.00e+00	2.25e-77
 2.41636e+13	5.28e-26	1.39e-18	3.89e-12	1.36e-06	9.49e-01	5.09e-02	3.62e-06	0.00e+00	0.00e+00	0.00e+00	0.00e+00	0.00e+00	5.22e-90
 2.50313e+13	6.93e-26	1.71e-18	4.48e-12	1.46e-06	9.52e-01	4.76e-02	3.16e-06	0.00e+00	0.00e+00	0.00e+00	0.00e+00	0.00e+00	9.40e-77
 2.60070e+13	9.30e-26	2.14e-18	5.22e-12	1.58e-06	9.56e-01	4.43e-02	2.72e-06	0.00e+00	0.00e+00	0.00e+00	0.00e+00	0.00e+00	2.09e-76
 2.69366e+13	1.22e-25	2.62e-18	6.00e-12	1.70e-06	9.59e-01	4.14e-02	2.38e-06	0.00e+00	0.00e+00	0.00e+00	0.00e+00	0.00e+00	4.36e-76
 2.79435e+13	1.62e-25	3.25e-18	6.95e-12	1.84e-06	9.61e-01	3.86e-02	2.06e-06	0.00e+00	0.00e+00	0.00e+00	0.00e+00	0.00e+00	9.44e-76
 2.90598e+13	2.19e-25	4.09e-18	8.12e-12	1.99e-06	9.64e-01	3.58e-02	1.77e-06	0.00e+00	0.00e+00	0.00e+00	0.00e+00	0.00e+00	2.16e-75
 3.01294e+13	2.89e-25	5.06e-18	9.38e-12	2.14e-06	9.67e-01	3.35e-02	1.54e-06	0.00e+00	0.00e+00	0.00e+00	0.00e+00	0.00e+00	4.64e-75
 3.12732e+13	3.87e-25	6.30e-18	1.09e-11	2.31e-06	9.69e-01	3.12e-02	1.33e-06	0.00e+00	0.00e+00	0.00e+00	0.00e+00	0.00e+00	1.03e-74
 3.25541e+13	5.29e-25	7.98e-18	1.27e-11	2.50e-06	9.71e-01	2.89e-02	1.14e-06	0.00e+00	0.00e+00	0.00e+00	0.00e+00	0.00e+00	2.43e-74
 3.38376e+13	7.16e-25	1.00e-17	1.49e-11	2.71e-06	9.73e-01	2.68e-02	9.83e-07	0.00e+00	0.00e+00	0.00e+00	0.00e+00	0.00e+00	5.56e-74
 3.51725e+13	9.68e-25	1.26e-17	1.73e-11	2.93e-06	9.75e-01	2.49e-02	0.00e+00	0.00e+00	0.00e+00	0.00e+00	0.00e+00	0.00e+00	1.27e-73
 3.66093e+13	1.32e-24	1.59e-17	2.03e-11	3.17e-06	9.77e-01	2.31e-02	0.00e+00	0.00e+00	0.00e+00	0.00e+00	0.00e+00	0.00e+00	3.01e-73
 3.81036e+13	1.81e-24	2.02e-17	2.38e-11	3.43e-06	9.79e-01	2.14e-02	0.00e+00	0.00e+00	0.00e+00	0.00e+00	0.00e+00	0.00e+00	7.12e-73
 3.96577e+13	2.48e-24	2.55e-17	2.78e-11	3.72e-06	9.80e-01	1.98e-02	0.00e+00	0.00e+00	0.00e+00	0.00e+00	0.00e+00	0.00e+00	1.68e-72
 4.11656e+13	3.32e-24	3.18e-17	3.22e-11	4.00e-06	9.82e-01	1.84e-02	0.00e+00	0.00e+00	0.00e+00	0.00e+00	0.00e+00	0.00e+00	3.77e-72
 4.25887e+13	4.34e-24	3.89e-17	3.69e-11	4.28e-06	9.83e-01	1.73e-02	0.00e+00	0.00e+00	0.00e+00	0.00e+00	0.00e+00	0.00e+00	7.87e-72
 4.39335e+13	5.54e-24	4.67e-17	4.17e-11	4.55e-06	9.84e-01	1.63e-02	0.00e+00	0.00e+00	0.00e+00	0.00e+00	1.51e-17	3.17e-17	1.54e-71
 4.53990e+13	7.17e-24	5.68e-17	4.74e-11	4.86e-06	9.85e-01	1.53e-02	0.00e+00	0.00e+00	0.00e+00	0.00e+00	1.88e-17	3.79e-17	3.14e-71
 4.70323e+13	9.44e-24	6.98e-17	5.46e-11	5.21e-06	9.86e-01	1.43e-02	0.00e+00	0.00e+00	0.00e+00	0.00e+00	2.32e-17	4.66e-17	6.67e-71
 4.85677e+13	1.22e-23	8.44e-17	6.19e-11	5.55e-06	9.87e-01	1.34e-02	0.00e+00	0.00e+00	0.00e+00	0.00e+00	2.80e-17	5.64e-17	1.34e-70
 5.02476e+13	1.59e-23	1.03e-16	7.08e-11	5.94e-06	9.87e-01	1.26e-02	0.00e+00	0.00e+00	0.00e+00	0.00e+00	3.43e-17	6.90e-17	2.82e-70
 5.21430e+13	2.13e-23	1.28e-16	8.20e-11	6.39e-06	9.88e-01	1.17e-02	0.00e+00	0.00e+00	0.00e+00	0.00e+00	4.26e-17	8.58e-17	6.26e-70
 5.39625e+13	2.77e-23	1.57e-16	9.39e-11	6.84e-06	9.89e-01	1.09e-02	0.00e+00	0.00e+00	0.00e+00	0.00e+00	5.20e-17	1.05e-16	1.29e-69
 5.59476e+13	3.68e-23	1.94e-16	1.08e-10	7.35e-06	9.90e-01	1.02e-02	0.00e+00	0.00e+00	0.00e+00	0.00e+00	6.44e-17	1.30e-16	2.82e-69
 5.82155e+13	5.02e-23	2.46e-16	1.27e-10	7.95e-06	9.91e-01	9.44e-03	0.00e+00	0.00e+00	0.00e+00	0.00e+00	8.15e-17	1.64e-16	6.69e-69
 6.04369e+13	6.70e-23	3.05e-16	1.47e-10	8.57e-06	9.91e-01	8.77e-03	0.00e+00	0.00e+00	0.00e+00	0.00e+00	1.01e-16	2.04e-16	1.47e-68
 6.27472e+13	9.00e-23	3.81e-16	1.71e-10	9.23e-06	9.92e-01	8.15e-03	0.00e+00	0.00e+00	0.00e+00	0.00e+00	1.27e-16	2.55e-16	3.33e-68
 6.50708e+13	1.19e-22	4.70e-16	1.97e-10	9.93e-06	9.92e-01	7.58e-03	0.00e+00	0.00e+00	0.00e+00	0.00e+00	1.56e-16	3.14e-16	7.11e-68
 6.71184e+13	1.51e-22	5.65e-16	2.23e-10	1.06e-05	9.93e-01	7.14e-03	0.00e+00	0.00e+00	0.00e+00	0.00e+00	1.88e-16	3.78e-16	1.39e-67
 6.93472e+13	1.94e-22	6.82e-16	2.54e-10	1.13e-05	9.93e-01	6.68e-03	0.00e+00	0.00e+00	0.00e+00	0.00e+00	2.26e-16	4.55e-16	2.74e-67
 7.20341e+13	2.62e-22	8.55e-16	2.95e-10	1.22e-05	9.94e-01	6.20e-03	0.00e+00	0.00e+00	0.00e+00	0.00e+00	2.84e-16	5.71e-16	6.27e-67
 7.47063e+13	3.45e-22	1.05e-15	3.42e-10	1.31e-05	9.94e-01	5.77e-03	0.00e+00	0.00e+00	0.00e+00	0.00e+00	3.49e-16	7.03e-16	1.33e-66
 7.70950e+13	4.39e-22	1.26e-15	3.87e-10	1.40e-05	9.95e-01	5.42e-03	0.00e+00	0.00e+00	0.00e+00	0.00e+00	4.19e-16	8.45e-16	2.58e-66
 7.97253e+13	5.67e-22	1.54e-15	4.43e-10	1.49e-05	9.95e-01	5.07e-03	0.00e+00	0.00e+00	0.00e+00	0.00e+00	5.10e-16	1.03e-15	5.23e-66
 8.28512e+13	7.64e-22	1.93e-15	5.16e-10	1.61e-05	9.95e-01	4.69e-03	0.00e+00	0.00e+00	0.00e+00	0.00e+00	6.40e-16	1.29e-15	1.20e-65
 8.59458e+13	1.01e-21	2.38e-15	5.98e-10	1.74e-05	9.96e-01	4.36e-03	0.00e+00	0.00e+00	0.00e+00	0.00e+00	7.88e-16	1.59e-15	2.53e-65
 8.87711e+13	1.29e-21	2.88e-15	6.80e-10	1.86e-05	9.96e-01	4.09e-03	0.00e+00	0.00e+00	0.00e+00	0.00e+00	9.54e-16	1.92e-15	5.06e-65
 9.19221e+13	1.67e-21	3.50e-15	7.82e-10	1.99e-05	9.96e-01	3.81e-03	0.00e+00	0.00e+00	0.00e+00	0.00e+00	1.16e-15	2.34e-15	1.02e-64
 9.55921e+13	2.27e-21	4.42e-15	9.14e-10	2.15e-05	9.96e-01	3.52e-03	0.00e+00	0.00e+00	0.00e+00	0.00e+00	1.46e-15	2.95e-15	2.38e-64
 9.92030e+13	2.98e-21	5.44e-15	1.06e-09	2.33e-05	9.97e-01	3.27e-03	0.00e+00	0.00e+00	0.00e+00	0.00e+00	1.80e-15	3.63e-15	5.00e-64
 1.02606e+14	3.84e-21	6.60e-15	1.21e-09	2.49e-05	9.97e-01	3.05e-03	0.00e+00	0.00e+00	0.00e+00	0.00e+00	2.19e-15	4.42e-15	1.01e-63
 1.06387e+14	5.07e-21	8.17e-15	1.40e-09	2.68e-05	9.97e-01	2.84e-03	0.00e+00	0.00e+00	0.00e+00	0.00e+00	2.71e-15	5.46e-15	2.19e-63
 1.10673e+14	6.76e-21	1.02e-14	1.64e-09	2.90e-05	9.97e-01	2.62e-03	0.00e+00	0.00e+00	0.00e+00	0.00e+00	3.38e-15	6.81e-15	4.82e-63
 1.14954e+14	9.06e-21	1.27e-14	1.91e-09	3.13e-05	9.98e-01	2.43e-03	0.00e+00	0.00e+00	0.00e+00	0.00e+00	4.22e-15	8.52e-15	1.09e-62
 1.18966e+14	1.16e-20	1.54e-14	2.19e-09	3.36e-05	9.98e-01	2.26e-03	0.00e+00	0.00e+00	0.00e+00	0.00e+00	5.10e-15	1.03e-14	2.13e-62
 1.23313e+14	1.52e-20	1.89e-14	2.53e-09	3.62e-05	9.98e-01	2.11e-03	0.00e+00	0.00e+00	0.00e+00	0.00e+00	6.27e-15	1.27e-14	4.49e-62
 1.28176e+14	2.04e-20	2.37e-14	2.95e-09	3.91e-05	9.98e-01	1.95e-03	0.00e+00	0.00e+00	0.00e+00	0.00e+00	7.86e-15	1.59e-14	1.02e-61
 1.32724e+14	2.64e-20	2.89e-14	3.39e-09	4.20e-05	9.98e-01	1.82e-03	0.00e+00	0.00e+00	0.00e+00	0.00e+00	9.57e-15	1.93e-14	2.07e-61
 1.36931e+14	3.32e-20	3.45e-14	3.84e-09	4.47e-05	9.98e-01	1.70e-03	0.00e+00	0.00e+00	0.00e+00	0.00e+00	1.14e-14	2.31e-14	3.91e-61
 1.40965e+14	4.10e-20	4.06e-14	4.32e-09	4.74e-05	9.98e-01	1.61e-03	0.00e+00	0.00e+00	0.00e+00	0.00e+00	1.34e-14	2.72e-14	7.05e-61
 1.45439e+14	5.13e-20	4.82e-14	4.89e-09	5.05e-05	9.98e-01	1.51e-03	0.00e+00	0.00e+00	0.00e+00	0.00e+00	1.60e-14	3.23e-14	1.31e-60
 1.50390e+14	6.63e-20	5.87e-14	5.59e-09	5.40e-05	9.99e-01	1.41e-03	0.00e+00	0.00e+00	0.00e+00	0.00e+00	1.94e-14	3.93e-14	2.66e-60
 1.55011e+14	8.18e-20	6.91e-14	6.31e-09	5.75e-05	9.99e-01	1.33e-03	0.00e+00	0.00e+00	0.00e+00	0.00e+00	2.29e-14	4.62e-14	4.76e-60
 1.60065e+14	1.05e-19	8.35e-14	7.17e-09	6.13e-05	9.99e-01	1.24e-03	0.00e+00	0.00e+00	0.00e+00	0.00e+00	2.76e-14	5.59e-14	9.47e-60
 1.65742e+14	1.34e-19	1.01e-13	8.25e-09	6.58e-05	9.99e-01	1.16e-03	0.00e+00	0.00e+00	0.00e+00	0.00e+00	3.34e-14	6.75e-14	1.87e-59
 1.71139e+14	1.70e-19	1.22e-13	9.37e-09	7.02e-05	9.99e-01	1.09e-03	0.00e+00	0.00e+00	0.00e+00	0.00e+00	4.02e-14	8.14e-14	3.67e-59
 1.77066e+14	2.17e-19	1.46e-13	1.07e-08	7.53e-05	9.99e-01	1.01e-03	0.00e+00	0.00e+00	0.00e+00	0.00e+00	4.83e-14	9.79e-14	7.11e-59
 1.83614e+14	2.84e-19	1.81e-13	1.24e-08	8.10e-05	9.99e-01	9.41e-04	0.00e+00	0.00e+00	0.00e+00	0.00e+00	5.97e-14	1.21e-13	1.52e-58
 1.89671e+14	3.56e-19	2.15e-13	1.41e-08	8.66e-05	9.99e-01	8.80e-04	0.00e+00	0.00e+00	0.00e+00	0.00e+00	7.10e-14	1.44e-13	2.84e-58
 1.96246e+14	4.56e-19	2.60e-13	1.62e-08	9.27e-05	9.99e-01	8.22e-04	0.00e+00	0.00e+00	0.00e+00	0.00e+00	8.59e-14	1.74e-13	5.66e-58
 2.03583e+14	5.89e-19	3.18e-13	1.88e-08	1.00e-04	9.99e-01	7.62e-04	0.00e+00	0.00e+00	0.00e+00	0.00e+00	1.05e-13	2.13e-13	1.16e-57
 2.10453e+14	7.53e-19	3.84e-13	2.14e-08	1.07e-04	9.99e-01	7.13e-04	0.00e+00	0.00e+00	0.00e+00	0.00e+00	1.27e-13	2.57e-13	2.29e-57
 2.17927e+14	9.58e-19	4.64e-13	2.46e-08	1.15e-04	9.99e-01	6.63e-04	0.00e+00	0.00e+00	0.00e+00	0.00e+00	1.53e-13	3.11e-13	4.52e-57
 2.26244e+14	1.27e-18	5.76e-13	2.86e-08	1.24e-04	9.99e-01	6.15e-04	0.00e+00	0.00e+00	0.00e+00	0.00e+00	1.90e-13	3.86e-13	9.88e-57
 2.34036e+14	1.59e-18	6.88e-13	3.28e-08	1.33e-04	9.99e-01	5.73e-04	0.00e+00	0.00e+00	0.00e+00	0.00e+00	2.27e-13	4.61e-13	1.85e-56
 2.42505e+14	2.06e-18	8.44e-13	3.78e-08	1.43e-04	9.99e-01	5.33e-04	0.00e+00	0.00e+00	0.00e+00	0.00e+00	2.78e-13	5.66e-13	3.89e-56
 2.51955e+14	2.68e-18	1.03e-12	4.41e-08	1.55e-04	9.99e-01	4.92e-04	0.00e+00	0.00e+00	0.00e+00	0.00e+00	3.41e-13	6.94e-13	8.02e-56
 2.60882e+14	3.42e-18	1.25e-12	5.07e-08	1.66e-04	9.99e-01	4.58e-04	0.00e+00	0.00e+00	0.00e+00	0.00e+00	4.13e-13	8.40e-13	1.60e-55
 2.70445e+14	4.36e-18	1.52e-12	5.86e-08	1.79e-04	9.99e-01	4.25e-04	0.00e+00	0.00e+00	0.00e+00	0.00e+00	5.00e-13	1.02e-12	3.16e-55
 2.81293e+14	5.77e-18	1.90e-12	6.86e-08	1.94e-04	9.99e-01	3.92e-04	0.00e+00	0.00e+00	0.00e+00	0.00e+00	6.24e-13	1.27e-12	7.04e-55
 2.91961e+14	7.37e-18	2.30e-12	7.97e-08	2.10e-04	9.99e-01	3.62e-04	0.00e+00	0.00e+00	0.00e+00	0.00e+00	7.57e-13	1.54e-12	1.40e-54
 3.02208e+14	9.41e-18	2.79e-12	9.15e-08	2.26e-04	9.99e-01	3.37e-04	0.00e+00	0.00e+00	0.00e+00	0.00e+00	9.18e-13	1.87e-12	2.80e-54
 3.13479e+14	1.20e-17	3.39e-12	1.06e-07	2.44e-04	9.99e-01	3.11e-04	0.00e+00	0.00e+00	0.00e+00	0.00e+00	1.11e-12	2.27e-12	5.57e-54
 3.26048e+14	1.57e-17	4.19e-12	1.24e-07	2.65e-04	9.99e-01	2.87e-04	0.00e+00	0.00e+00	0.00e+00	0.00e+00	1.38e-12	2.81e-12	1.20e-53
 3.36750e+14	1.94e-17	4.95e-12	1.42e-07	2.84e-04	9.99e-01	2.67e-04	0.00e+00	0.00e+00	0.00e+00	0.00e+00	1.63e-12	3.33e-12	2.16e-53
 3.44637e+14	2.26e-17	5.60e-12	1.55e-07	2.99e-04	9.99e-01	2.55e-04	0.00e+00	0.00e+00	0.00e+00	0.00e+00	1.84e-12	3.76e-12	3.36e-53
 3.52901e+14	2.65e-17	6.37e-12	1.71e-07	3.14e-04	9.99e-01	2.42e-04	0.00e+00	0.00e+00	0.00e+00	0.00e+00	2.09e-12	4.28e-12	5.32e-53
 3.63645e+14	3.24e-17	7.47e-12	1.93e-07	3.35e-04	9.99e-01	2.27e-04	0.00e+00	0.00e+00	0.00e+00	0.00e+00	2.45e-12	5.02e-12	9.41e-53
 3.75491e+14	3.97e-17	8.82e-12	2.20e-07	3.59e-04	9.99e-01	2.12e-04	0.00e+00	0.00e+00	0.00e+00	0.00e+00	2.90e-12	5.92e-12	1.70e-52
 3.86446e+14	4.80e-17	1.03e-11	2.47e-07	3.82e-04	9.99e-01	1.99e-04	0.00e+00	4.01e-18	1.20e-17	2.01e-17	3.38e-12	6.92e-12	2.97e-52
 3.98365e+14	5.83e-17	1.20e-11	2.79e-07	4.08e-04	9.99e-01	1.86e-04	0.00e+00	4.87e-18	1.46e-17	2.44e-17	3.95e-12	8.08e-12	5.17e-52
 4.11723e+14	7.23e-17	1.44e-11	3.19e-07	4.38e-04	9.99e-01	1.73e-04	0.00e+00	6.05e-18	1.82e-17	3.03e-17	4.71e-12	9.65e-12	9.77e-52
 4.24471e+14	8.81e-17	1.68e-11	3.61e-07	4.69e-04	9.99e-01	1.62e-04	0.00e+00	7.37e-18	2.21e-17	3.70e-17	5.52e-12	1.13e-11	1.72e-51
 4.38561e+14	1.08e-16	2.00e-11	4.12e-07	5.04e-04	9.99e-01	1.51e-04	0.00e+00	9.08e-18	2.73e-17	4.55e-17	6.55e-12	1.34e-11	3.20e-51
 4.54288e+14	1.36e-16	2.40e-11	4.75e-07	5.45e-04	9.99e-01	1.40e-04	0.00e+00	1.14e-17	3.43e-17	5.74e-17	7.87e-12	1.61e-11	6.23e-51
 4.69079e+14	1.66e-16	2.83e-11	5.40e-07	5.84e-04	9.99e-01	1.30e-04	0.00e+00	1.39e-17	4.19e-17	7.00e-17	9.29e-12	1.90e-11	1.14e-50
 4.85244e+14	2.08e-16	3.38e-11	6.20e-07	6.31e-04	9.99e-01	1.21e-04	0.00e+00	1.74e-17	5.23e-17	8.74e-17	1.11e-11	2.27e-11	2.17e-50
 5.03164e+14	2.60e-16	4.07e-11	7.19e-07	6.84e-04	9.99e-01	1.11e-04	0.00e+00	2.18e-17	6.56e-17	1.10e-16	1.34e-11	2.74e-11	4.29e-50
 5.19756e+14	3.17e-16	4.82e-11	8.19e-07	7.35e-04	9.99e-01	1.04e-04	0.00e+00	2.67e-17	8.02e-17	1.34e-16	1.58e-11	3.24e-11	7.94e-50
 5.37717e+14	3.97e-16	5.76e-11	9.41e-07	7.94e-04	9.99e-01	9.60e-05	0.00e+00	3.35e-17	1.00e-16	1.68e-16	1.89e-11	3.87e-11	1.54e-49
 5.57757e+14	5.01e-16	6.97e-11	1.09e-06	8.62e-04	9.99e-01	8.85e-05	0.00e+00	4.22e-17	1.27e-16	2.12e-16	2.29e-11	4.68e-11	3.13e-49
 5.76533e+14	6.14e-16	8.26e-11	1.25e-06	9.29e-04	9.99e-01	8.22e-05	0.00e+00	5.18e-17	1.56e-16	2.60e-16	2.71e-11	5.55e-11	5.89e-49
 5.96976e+14	7.64e-16	9.90e-11	1.43e-06	1.01e-03	9.99e-01	7.60e-05	0.00e+00	6.46e-17	1.94e-16	3.24e-16	3.25e-11	6.65e-11	1.16e-48
 6.19779e+14	9.64e-16	1.20e-10	1.67e-06	1.09e-03	9.99e-01	6.99e-05	0.00e+00	8.16e-17	2.45e-16	4.09e-16	3.94e-11	8.07e-11	2.41e-48
 6.41166e+14	1.18e-15	1.43e-10	1.91e-06	1.18e-03	9.99e-01	6.49e-05	0.00e+00	1.00e-16	3.00e-16	5.01e-16	4.68e-11	9.58e-11	4.60e-48
 6.64345e+14	1.50e-15	1.73e-10	2.21e-06	1.28e-03	9.99e-01	5.99e-05	0.00e+00	1.27e-16	3.82e-16	6.39e-16	5.67e-11	1.16e-10	9.59e-48
 6.90233e+14	1.90e-15	2.10e-10	2.57e-06	1.39e-03	9.99e-01	5.50e-05	0.00e+00	1.62e-16	4.85e-16	8.10e-16	6.91e-11	1.41e-10	2.04e-47
 7.14895e+14	2.38e-15	2.53e-10	2.96e-06	1.51e-03	9.98e-01	5.09e-05	0.00e+00	2.02e-16	6.07e-16	1.01e-15	8.30e-11	1.70e-10	4.17e-47
 7.41258e+14	2.99e-15	3.05e-10	3.42e-06	1.64e-03	9.98e-01	4.70e-05	0.00e+00	2.54e-16	7.63e-16	1.27e-15	1.00e-10	2.05e-10	8.76e-47
 7.70939e+14	3.84e-15	3.75e-10	4.00e-06	1.79e-03	9.98e-01	4.30e-05	0.00e+00	3.28e-16	9.84e-16	1.64e-15	1.23e-10	2.52e-10	1.98e-46
 8.00344e+14	4.85e-15	4.56e-10	4.65e-06	1.95e-03	9.98e-01	3.96e-05	0.00e+00	4.14e-16	1.24e-15	2.08e-15	1.50e-10	3.06e-10	4.28e-46
 8.24431e+14	5.79e-15	5.30e-10	5.23e-06	2.08e-03	9.98e-01	3.71e-05	0.00e+00	4.95e-16	1.48e-15	2.48e-15	1.74e-10	3.56e-10	7.72e-46
 8.43173e+14	6.78e-15	6.01e-10	5.73e-06	2.19e-03	9.98e-01	3.53e-05	0.00e+00	5.80e-16	1.74e-15	2.91e-15	1.98e-10	4.04e-10	1.28e-45
 8.63709e+14	7.93e-15	6.84e-10	6.30e-06	2.31e-03	9.98e-01	3.35e-05	0.00e+00	6.79e-16	2.04e-15	3.41e-15	2.25e-10	4.59e-10	2.15e-45
 8.90407e+14	9.63e-15	8.03e-10	7.12e-06	2.47e-03	9.97e-01	3.13e-05	0.00e+00	8.26e-16	2.48e-15	4.14e-15	2.64e-10	5.39e-10	4.10e-45
 9.19262e+14	1.16e-14	9.41e-10	8.08e-06	2.65e-03	9.97e-01	2.92e-05	0.00e+00	9.93e-16	2.98e-15	4.97e-15	3.10e-10	6.32e-10	7.65e-45
 9.45283e+14	1.39e-14	1.09e-09	9.03e-06	2.83e-03	9.97e-01	2.75e-05	0.00e+00	1.19e-15	3.58e-15	5.98e-15	3.60e-10	7.34e-10	1.40e-44
 9.73472e+14	1.68e-14	1.28e-09	1.01e-05	3.02e-03	9.97e-01	2.58e-05	0.00e+00	1.44e-15	4.33e-15	7.23e-15	4.21e-10	8.58e-10	2.62e-44
 1.00921e+15	2.16e-14	1.57e-09	1.17e-05	3.28e-03	9.97e-01	2.38e-05	0.00e+00	1.86e-15	5.59e-15	9.34e-15	5.17e-10	1.05e-09	5.99e-44
 1.04516e+15	2.65e-14	1.87e-09	1.35e-05	3.54e-03	9.96e-01	2.21e-05	0.00e+00	2.28e-15	6.86e-15	1.14e-14	6.16e-10	1.26e-09	1.20e-43
 1.07549e+15	3.21e-14	2.19e-09	1.51e-05	3.77e-03	9.96e-01	2.08e-05	0.00e+00	2.77e-15	8.31e-15	1.39e-14	7.22e-10	1.47e-09	2.25e-43
 1.10811e+15	3.90e-14	2.58e-09	1.70e-05	4.03e-03	9.96e-01	1.95e-05	0.00e+00	3.37e-15	1.01e-14	1.69e-14	8.49e-10	1.73e-09	4.29e-43
 1.14910e+15	5.04e-14	3.17e-09	1.96e-05	4.37e-03	9.96e-01	1.81e-05	0.00e+00	4.37e-15	1.31e-14	2.19e-14	1.04e-09	2.13e-09	1.01e-42
 1.19194e+15	6.30e-14	3.83e-09	2.27e-05	4.73e-03	9.95e-01	1.67e-05	0.00e+00	5.46e-15	1.64e-14	2.74e-14	1.26e-09	2.57e-09	2.09e-42
 1.23046e+15	7.79e-14	4.56e-09	2.58e-05	5.08e-03	9.95e-01	1.57e-05	0.00e+00	6.76e-15	2.03e-14	3.39e-14	1.51e-09	3.06e-09	4.21e-42
 1.27240e+15	9.73e-14	5.48e-09	2.94e-05	5.48e-03	9.94e-01	1.46e-05	0.00e+00	8.45e-15	2.54e-14	4.23e-14	1.81e-09	3.68e-09	8.71e-42
 1.32204e+15	1.30e-13	6.89e-09	3.43e-05	5.96e-03	9.94e-01	1.35e-05	0.00e+00	1.13e-14	3.39e-14	5.66e-14	2.27e-09	4.62e-09	2.16e-41
 1.37082e+15	1.64e-13	8.40e-09	3.96e-05	6.45e-03	9.93e-01	1.26e-05	0.00e+00	1.43e-14	4.29e-14	7.16e-14	2.77e-09	5.63e-09	4.66e-41
 1.41532e+15	2.04e-13	1.00e-08	4.50e-05	6.92e-03	9.93e-01	1.18e-05	0.00e+00	1.78e-14	5.33e-14	8.90e-14	3.31e-09	6.73e-09	9.37e-41
 1.46512e+15	2.52e-13	1.20e-08	5.16e-05	7.47e-03	9.92e-01	1.10e-05	0.00e+00	2.20e-14	6.59e-14	1.10e-13	3.97e-09	8.05e-09	1.88e-40
 1.52315e+15	3.34e-13	1.51e-08	6.02e-05	8.14e-03	9.92e-01	1.02e-05	0.00e+00	2.92e-14	8.76e-14	1.46e-13	5.00e-09	1.01e-08	4.62e-40
 1.58032e+15	4.31e-13	1.87e-08	6.97e-05	8.82e-03	9.91e-01	9.50e-06	0.00e+00	3.77e-14	1.13e-13	1.89e-13	6.17e-09	1.25e-08	1.03e-39
 1.63460e+15	5.43e-13	2.26e-08	7.98e-05	9.49e-03	9.90e-01	8.91e-06	0.00e+00	4.75e-14	1.43e-13	2.38e-13	7.47e-09	1.51e-08	2.14e-39
 1.69484e+15	6.80e-13	2.74e-08	9.21e-05	1.03e-02	9.90e-01	8.34e-06	0.00e+00	5.96e-14	1.79e-13	2.98e-13	9.05e-09	1.83e-08	4.39e-39
 1.76266e+15	9.19e-13	3.49e-08	1.08e-04	1.12e-02	9.89e-01	7.76e-06	0.00e+00	8.06e-14	2.42e-13	4.04e-13	1.15e-08	2.34e-08	1.12e-38
 1.81974e+15	1.14e-12	4.19e-08	1.22e-04	1.20e-02	9.88e-01	7.34e-06	0.00e+00	1.00e-13	3.01e-13	5.03e-13	1.39e-08	2.80e-08	2.21e-38
 1.86107e+15	1.33e-12	4.77e-08	1.34e-04	1.26e-02	9.87e-01	7.06e-06	0.00e+00	1.17e-13	3.52e-13	5.87e-13	1.58e-08	3.19e-08	3.58e-38
 1.90439e+15	1.56e-12	5.44e-08	1.47e-04	1.32e-02	9.87e-01	6.79e-06	0.00e+00	1.38e-13	4.13e-13	6.89e-13	1.80e-08	3.64e-08	5.76e-38
 1.96071e+15	1.86e-12	6.33e-08	1.65e-04	1.41e-02	9.86e-01	6.46e-06	0.00e+00	1.64e-13	4.93e-13	8.22e-13	2.10e-08	4.24e-08	1.00e-37
 2.02351e+15	2.38e-12	7.72e-08	1.87e-04	1.51e-02	9.85e-01	6.14e-06	0.00e+00	2.10e-13	6.29e-13	1.05e-12	2.56e-08	5.17e-08	2.10e-37
 2.08213e+15	2.87e-12	9.08e-08	2.10e-04	1.60e-02	9.84e-01	5.87e-06	0.00e+00	2.53e-13	7.59e-13	1.27e-12	3.00e-08	6.07e-08	3.77e-37
 2.14572e+15	3.48e-12	1.07e-07	2.37e-04	1.71e-02	9.83e-01	5.60e-06	0.00e+00	3.07e-13	9.21e-13	1.54e-12	3.53e-08	7.14e-08	6.77e-37
 2.21733e+15	4.47e-12	1.31e-07	2.70e-04	1.84e-02	9.81e-01	5.33e-06	0.00e+00	3.95e-13	1.19e-12	1.98e-12	4.35e-08	8.79e-08	1.46e-36
 2.28529e+15	5.46e-12	1.56e-07	3.05e-04	1.96e-02	9.80e-01	5.10e-06	0.00e+00	4.83e-13	1.45e-12	2.42e-12	5.17e-08	1.04e-07	2.70e-36
 2.35957e+15	6.72e-12	1.86e-07	3.47e-04	2.10e-02	9.79e-01	4.87e-06	0.00e+00	5.94e-13	1.78e-12	2.97e-12	6.15e-08	1.24e-07	4.99e-36
 2.44306e+15	8.75e-12	2.32e-07	3.99e-04	2.26e-02	9.77e-01	4.65e-06	0.00e+00	7.75e-13	2.32e-12	3.88e-12	7.67e-08	1.55e-07	1.12e-35
 2.52197e+15	1.08e-11	2.78e-07	4.54e-04	2.42e-02	9.75e-01	4.46e-06	0.00e+00	9.58e-13	2.87e-12	4.80e-12	9.21e-08	1.86e-07	2.11e-35
 2.60803e+15	1.35e-11	3.34e-07	5.19e-04	2.60e-02	9.74e-01	4.27e-06	0.00e+00	1.19e-12	3.58e-12	5.98e-12	1.11e-07	2.23e-07	4.00e-35
 2.70354e+15	1.78e-11	4.21e-07	6.01e-04	2.81e-02	9.71e-01	4.10e-06	0.00e+00	1.58e-12	4.73e-12	7.88e-12	1.39e-07	2.81e-07	9.06e-35
 2.79173e+15	2.20e-11	5.06e-07	6.85e-04	3.01e-02	9.69e-01	3.95e-06	0.00e+00	1.95e-12	5.86e-12	9.77e-12	1.68e-07	3.38e-07	1.69e-34
 2.88678e+15	2.74e-11	6.09e-07	7.84e-04	3.23e-02	9.67e-01	3.80e-06	0.00e+00	2.44e-12	7.31e-12	1.22e-11	2.02e-07	4.07e-07	3.17e-34
 2.99336e+15	3.62e-11	7.70e-07	9.10e-04	3.49e-02	9.64e-01	3.67e-06	0.00e+00	3.22e-12	9.65e-12	1.61e-11	2.55e-07	5.14e-07	7.25e-34
 3.09350e+15	4.50e-11	9.31e-07	1.04e-03	3.74e-02	9.62e-01	3.55e-06	0.00e+00	4.01e-12	1.20e-11	2.00e-11	3.09e-07	6.23e-07	1.36e-33
 3.20223e+15	5.66e-11	1.13e-06	1.20e-03	4.03e-02	9.59e-01	3.43e-06	0.00e+00	5.04e-12	1.51e-11	2.52e-11	3.74e-07	7.54e-07	2.58e-33
 3.32366e+15	7.51e-11	1.44e-06	1.40e-03	4.37e-02	9.55e-01	3.34e-06	0.00e+00	6.70e-12	2.01e-11	3.35e-11	4.77e-07	9.61e-07	5.98e-33
 3.43260e+15	9.37e-11	1.74e-06	1.59e-03	4.68e-02	9.52e-01	3.24e-06	0.00e+00	8.36e-12	2.51e-11	4.18e-11	5.78e-07	1.16e-06	1.12e-32
 3.52984e+15	1.14e-10	2.06e-06	1.79e-03	4.97e-02	9.49e-01	3.18e-06	0.00e+00	1.02e-11	3.05e-11	5.09e-11	6.84e-07	1.38e-06	1.96e-32
 3.64087e+15	1.41e-10	2.48e-06	2.03e-03	5.31e-02	9.45e-01	3.10e-06	0.00e+00	1.26e-11	3.79e-11	6.32e-11	8.22e-07	1.65e-06	3.56e-32
 3.77771e+15	1.85e-10	3.11e-06	2.37e-03	5.75e-02	9.40e-01	3.02e-06	0.00e+00	1.65e-11	4.95e-11	8.26e-11	1.03e-06	2.08e-06	7.56e-32
 3.90007e+15	2.29e-10	3.75e-06	2.71e-03	6.15e-02	9.36e-01	2.96e-06	0.00e+00	2.05e-11	6.15e-11	1.03e-10	1.25e-06	2.51e-06	1.36e-31
 3.98947e+15	2.68e-10	4.27e-06	2.97e-03	6.46e-02	9.32e-01	2.92e-06	0.00e+00	2.40e-11	7.19e-11	1.20e-10	1.42e-06	2.85e-06	2.03e-31
 4.08404e+15	3.16e-10	4.92e-06	3.28e-03	6.80e-02	9.29e-01	2.88e-06	0.00e+00	2.83e-11	8.49e-11	1.42e-10	1.63e-06	3.28e-06	3.20e-31
 4.20699e+15	3.98e-10	5.99e-06	3.73e-03	7.27e-02	9.24e-01	2.83e-06	0.00e+00	3.57e-11	1.07e-10	1.78e-10	1.99e-06	4.00e-06	6.16e-31
 4.33329e+15	4.89e-10	7.15e-06	4.22e-03	7.74e-02	9.18e-01	2.79e-06	0.00e+00	4.39e-11	1.32e-10	2.20e-10	2.37e-06	4.77e-06	1.05e-30
 4.44440e+15	5.83e-10	8.26e-06	4.69e-03	8.17e-02	9.14e-01	2.75e-06	0.00e+00	5.24e-11	1.57e-10	2.62e-10	2.74e-06	5.52e-06	1.63e-30
 4.56928e+15	7.13e-10	9.79e-06	5.29e-03	8.68e-02	9.08e-01	2.71e-06	0.00e+00	6.41e-11	1.92e-10	3.20e-10	3.25e-06	6.54e-06	2.77e-30
 4.73164e+15	9.44e-10	1.24e-05	6.17e-03	9.41e-02	9.00e-01	2.68e-06	0.00e+00	8.50e-11	2.55e-10	4.25e-10	4.13e-06	8.30e-06	5.97e-30
 4.88915e+15	1.20e-09	1.52e-05	7.10e-03	1.01e-01	8.92e-01	2.63e-06	0.00e+00	1.08e-10	3.23e-10	5.38e-10	5.06e-06	1.02e-05	1.09e-29
 5.00940e+15	1.43e-09	1.77e-05	7.89e-03	1.07e-01	8.85e-01	2.61e-06	0.00e+00	1.29e-10	3.87e-10	6.46e-10	5.89e-06	1.18e-05	1.68e-29
 5.13476e+15	1.74e-09	2.08e-05	8.81e-03	1.13e-01	8.78e-01	2.58e-06	0.00e+00	1.57e-10	4.69e-10	7.83e-10	6.91e-06	1.39e-05	2.72e-29
 5.29774e+15	2.17e-09	2.49e-05	1.01e-02	1.21e-01	8.69e-01	2.54e-06	0.00e+00	1.96e-10	5.89e-10	9.82e-10	8.28e-06	1.66e-05	4.53e-29
 5.47061e+15	2.83e-09	3.13e-05	1.17e-02	1.30e-01	8.58e-01	2.51e-06	0.00e+00	2.55e-10	7.66e-10	1.28e-09	1.04e-05	2.09e-05	9.15e-29
 5.61852e+15	3.47e-09	3.70e-05	1.32e-02	1.38e-01	8.49e-01	2.49e-06	0.00e+00	3.14e-10	9.42e-10	1.57e-09	1.23e-05	2.47e-05	1.47e-28
 5.77296e+15	4.27e-09	4.37e-05	1.50e-02	1.47e-01	8.38e-01	2.46e-06	0.00e+00	3.87e-10	1.16e-09	1.93e-09	1.45e-05	2.92e-05	2.34e-28
 5.94347e+15	5.53e-09	5.43e-05	1.72e-02	1.57e-01	8.26e-01	2.45e-06	0.00e+00	5.01e-10	1.50e-09	2.50e-09	1.81e-05	3.62e-05	4.52e-28
 6.09681e+15	6.74e-09	6.40e-05	1.93e-02	1.66e-01	8.14e-01	2.42e-06	0.00e+00	6.12e-10	1.83e-09	3.06e-09	2.13e-05	4.27e-05	7.04e-28
 6.25807e+15	8.32e-09	7.55e-05	2.19e-02	1.77e-01	8.01e-01	2.39e-06	0.00e+00	7.55e-10	2.26e-09	3.77e-09	2.51e-05	5.04e-05	1.11e-27
 6.43688e+15	1.08e-08	9.42e-05	2.52e-02	1.89e-01	7.86e-01	2.38e-06	0.00e+00	9.86e-10	2.96e-09	4.93e-09	3.13e-05	6.29e-05	2.16e-27
 6.59455e+15	1.32e-08	1.11e-04	2.84e-02	2.00e-01	7.72e-01	2.35e-06	0.00e+00	1.20e-09	3.61e-09	6.02e-09	3.69e-05	7.39e-05	3.30e-27
 6.73426e+15	1.58e-08	1.27e-04	3.15e-02	2.10e-01	7.59e-01	2.33e-06	0.00e+00	1.44e-09	4.31e-09	7.19e-09	4.24e-05	8.49e-05	4.79e-27
 6.89456e+15	1.95e-08	1.51e-04	3.56e-02	2.22e-01	7.43e-01	2.31e-06	0.00e+00	1.78e-09	5.33e-09	8.89e-09	5.02e-05	1.01e-04	7.65e-27
 7.07204e+15	2.55e-08	1.88e-04	4.09e-02	2.36e-01	7.23e-01	2.30e-06	0.00e+00	2.32e-09	6.97e-09	1.16e-08	6.25e-05	1.25e-04	1.46e-26
 7.21231e+15	3.04e-08	2.17e-04	4.53e-02	2.47e-01	7.07e-01	2.28e-06	0.00e+00	2.78e-09	8.32e-09	1.39e-08	7.22e-05	1.45e-04	2.13e-26
 7.31753e+15	3.51e-08	2.43e-04	4.90e-02	2.56e-01	6.95e-01	2.28e-06	0.00e+00	3.21e-09	9.62e-09	1.60e-08	8.09e-05	1.62e-04	2.91e-26
 7.43670e+15	4.15e-08	2.77e-04	5.37e-02	2.66e-01	6.80e-01	2.26e-06	0.00e+00	3.79e-09	1.14e-08	1.90e-08	9.22e-05	1.85e-04	4.20e-26
 7.59163e+15	5.04e-08	3.20e-04	6.01e-02	2.79e-01	6.60e-01	2.23e-06	0.00e+00	4.61e-09	1.38e-08	2.30e-08	1.07e-04	2.13e-04	6.04e-26
 7.76380e+15	6.59e-08	3.97e-04	6.88e-02	2.95e-01	6.36e-01	2.23e-06	0.00e+00	6.03e-09	1.81e-08	3.01e-08	1.32e-04	2.65e-04	1.14e-25
 7.91635e+15	8.00e-08	4.63e-04	7.69e-02	3.09e-01	6.14e-01	2.21e-06	0.00e+00	7.33e-09	2.20e-08	3.66e-08	1.54e-04	3.09e-04	1.69e-25
 8.04850e+15	9.50e-08	5.27e-04	8.48e-02	3.21e-01	5.94e-01	2.20e-06	0.00e+00	8.71e-09	2.61e-08	4.35e-08	1.75e-04	3.51e-04	2.38e-25
 8.19616e+15	1.17e-07	6.19e-04	9.50e-02	3.35e-01	5.70e-01	2.17e-06	0.00e+00	1.07e-08	3.21e-08	5.36e-08	2.06e-04	4.12e-04	3.69e-25
 8.36220e+15	1.54e-07	7.70e-04	1.08e-01	3.51e-01	5.39e-01	2.17e-06	0.00e+00	1.41e-08	4.23e-08	7.05e-08	2.56e-04	5.13e-04	7.16e-25
 8.50985e+15	1.89e-07	9.00e-04	1.21e-01	3.65e-01	5.13e-01	2.16e-06	0.00e+00	1.74e-08	5.22e-08	8.70e-08	3.00e-04	6.00e-04	1.08e-24
 8.63692e+15	2.25e-07	1.02e-03	1.33e-01	3.77e-01	4.89e-01	2.14e-06	0.00e+00	2.07e-08	6.22e-08	1.04e-07	3.41e-04	6.81e-04	1.53e-24
 8.77953e+15	2.92e-07	1.25e-03	1.50e-01	3.91e-01	4.57e-01	2.14e-06	0.00e+00	2.69e-08	8.06e-08	1.34e-07	4.17e-04	8.34e-04	2.89e-24
 8.92673e+15	3.53e-07	1.43e-03	1.67e-01	4.03e-01	4.28e-01	2.10e-06	0.00e+00	3.25e-08	9.76e-08	1.63e-07	4.77e-04	9.53e-04	4.03e-24
 9.05721e+15	4.53e-07	1.74e-03	1.87e-01	4.15e-01	3.96e-01	2.10e-06	0.00e+00	4.18e-08	1.25e-07	2.09e-07	5.80e-04	1.16e-03	7.66e-24
 9.16859e+15	5.42e-07	1.99e-03	2.04e-01	4.24e-01	3.71e-01	2.09e-06	0.00e+00	5.01e-08	1.50e-07	2.50e-07	6.63e-04	1.33e-03	1.14e-23
 9.26105e+15	6.28e-07	2.23e-03	2.19e-01	4.30e-01	3.48e-01	2.07e-06	0.00e+00	5.81e-08	1.74e-07	2.90e-07	7.42e-04	1.48e-03	1.60e-23
 9.36448e+15	7.50e-07	2.52e-03	2.38e-01	4.37e-01	3.23e-01	2.04e-06	0.00e+00	6.93e-08	2.08e-07	3.46e-07	8.40e-04	1.68e-03	2.32e-23
 9.47679e+15	9.06e-07	2.90e-03	2.60e-01	4.43e-01	2.95e-01	2.01e-06	0.00e+00	8.39e-08	2.52e-07	4.19e-07	9.67e-04	1.93e-03	3.64e-23
 9.57241e+15	1.06e-06	3.21e-03	2.79e-01	4.47e-01	2.71e-01	1.97e-06	0.00e+00	9.78e-08	2.93e-07	4.89e-07	1.07e-03	2.14e-03	4.98e-23
 9.66850e+15	1.31e-06	3.77e-03	3.03e-01	4.50e-01	2.44e-01	1.94e-06	0.00e+00	1.22e-07	3.65e-07	6.09e-07	1.26e-03	2.51e-03	8.93e-23
 9.74832e+15	1.50e-06	4.15e-03	3.21e-01	4.51e-01	2.24e-01	1.91e-06	0.00e+00	1.39e-07	4.18e-07	6.96e-07	1.38e-03	2.76e-03	1.22e-22
 9.79427e+15	1.64e-06	4.40e-03	3.32e-01	4.51e-01	2.12e-01	1.89e-06	0.00e+00	1.52e-07	4.56e-07	7.59e-07	1.47e-03	2.93e-03	1.50e-22
 9.84128e+15	1.80e-06	4.70e-03	3.45e-01	4.51e-01	1.99e-01	1.86e-06	0.00e+00	1.67e-07	5.02e-07	8.36e-07	1.57e-03	3.13e-03	1.89e-22
 9.90240e+15	2.00e-06	4.99e-03	3.60e-01	4.51e-01	1.85e-01	1.81e-06	0.00e+00	1.86e-07	5.56e-07	9.27e-07	1.67e-03	3.33e-03	2.29e-22
 9.98185e+15	2.36e-06	5.65e-03	3.83e-01	4.48e-01	1.63e-01	1.74e-06	0.00e+00	2.20e-07	6.60e-07	1.10e-06	1.89e-03	3.77e-03	3.67e-22
 1.00513e+16	2.68e-06	6.07e-03	4.01e-01	4.46e-01	1.48e-01	1.67e-06	0.00e+00	2.50e-07	7.48e-07	1.25e-06	2.03e-03	4.05e-03	4.71e-22
 1.00981e+16	3.04e-06	6.59e-03	4.15e-01	4.43e-01	1.35e-01	1.64e-06	0.00e+00	2.83e-07	8.48e-07	1.41e-06	2.20e-03	4.39e-03	6.56e-22
 1.01388e+16	3.33e-06	6.98e-03	4.27e-01	4.40e-01	1.26e-01	1.60e-06	0.00e+00	3.10e-07	9.30e-07	1.55e-06	2.33e-03	4.65e-03	8.21e-22
 1.01810e+16	3.64e-06	7.37e-03	4.40e-01	4.37e-01	1.16e-01	1.54e-06	0.00e+00	3.40e-07	1.02e-06	1.70e-06	2.46e-03	4.91e-03	1.01e-21
 1.02358e+16	4.09e-06	7.94e-03	4.56e-01	4.32e-01	1.04e-01	1.46e-06	0.00e+00	3.82e-07	1.15e-06	1.91e-06	2.65e-03	5.29e-03	1.36e-21
 1.02925e+16	4.65e-06	8.55e-03	4.73e-01	4.26e-01	9.19e-02	1.38e-06	0.00e+00	4.35e-07	1.30e-06	2.17e-06	2.85e-03	5.70e-03	1.83e-21
 1.03388e+16	5.11e-06	8.98e-03	4.86e-01	4.22e-01	8.31e-02	1.31e-06	0.00e+00	4.78e-07	1.43e-06	2.39e-06	3.00e-03	5.98e-03	2.22e-21
 1.03864e+16	5.71e-06	9.57e-03	5.01e-01	4.16e-01	7.39e-02	1.22e-06	0.00e+00	5.35e-07	1.60e-06	2.67e-06	3.19e-03	6.37e-03	2.89e-21
 1.04384e+16	6.52e-06	1.04e-02	5.17e-01	4.08e-01	6.43e-02	1.11e-06	0.00e+00	6.12e-07	1.83e-06	3.05e-06	3.46e-03	6.91e-03	4.12e-21
