#depth	O	O+	O+2	O+3	O+4	O+5	O+6	O+7	O+8	O[1]	O[2]	O[3]
 1.49634e+10	0.00e+00	0.00e+00	4.33e-32	2.97e-23	2.97e-15	3.95e-08	1.00e+00	0.00e+00	0.00e+00	0.00e+00	0.00e+00	0.00e+00
 4.54887e+10	0.00e+00	8.98e-42	5.99e-32	3.79e-23	3.50e-15	4.29e-08	1.00e+00	2.29e-07	0.00e+00	0.00e+00	0.00e+00	0.00e+00
 7.72350e+10	0.00e+00	0.00e+00	8.28e-32	4.84e-23	4.13e-15	4.66e-08	1.00e+00	0.00e+00	0.00e+00	0.00e+00	0.00e+00	0.00e+00
 1.10251e+11	0.00e+00	2.02e-41	1.15e-31	6.18e-23	4.87e-15	5.07e-08	1.00e+00	0.00e+00	0.00e+00	0.00e+00	0.00e+00	0.00e+00
 1.41785e+11	0.00e+00	0.00e+00	1.55e-31	7.76e-23	5.67e-15	5.47e-08	1.00e+00	0.00e+00	0.00e+00	0.00e+00	0.00e+00	0.00e+00
 1.70669e+11	0.00e+00	4.09e-41	2.02e-31	9.48e-23	6.49e-15	5.86e-08	1.00e+00	0.00e+00	0.00e+00	0.00e+00	0.00e+00	0.00e+00
 2.03287e+11	0.00e+00	0.00e+00	2.70e-31	1.18e-22	7.54e-15	6.32e-08	1.00e+00	0.00e+00	0.00e+00	0.00e+00	0.00e+00	0.00e+00
 2.41120e+11	0.00e+00	8.82e-41	3.74e-31	1.51e-22	8.90e-15	6.87e-08	1.00e+00	0.00e+00	0.00e+00	0.00e+00	0.00e+00	0.00e+00
 2.78708e+11	0.00e+00	0.00e+00	5.10e-31	1.91e-22	1.04e-14	7.45e-08	1.00e+00	0.00e+00	0.00e+00	0.00e+00	0.00e+00	0.00e+00
 3.17800e+11	0.00e+00	1.92e-40	6.98e-31	2.43e-22	1.23e-14	8.08e-08	1.00e+00	0.00e+00	0.00e+00	0.00e+00	0.00e+00	0.00e+00
 3.60439e+11	0.00e+00	0.00e+00	9.70e-31	3.11e-22	1.45e-14	8.80e-08	1.00e+00	0.00e+00	0.00e+00	0.00e+00	0.00e+00	0.00e+00
 4.03588e+11	0.00e+00	4.32e-40	1.34e-30	3.97e-22	1.71e-14	9.57e-08	1.00e+00	0.00e+00	0.00e+00	0.00e+00	0.00e+00	0.00e+00
 4.48463e+11	0.00e+00	0.00e+00	1.85e-30	5.07e-22	2.02e-14	1.04e-07	1.00e+00	0.00e+00	0.00e+00	0.00e+00	0.00e+00	0.00e+00
 4.92361e+11	0.00e+00	9.42e-40	2.50e-30	6.39e-22	2.36e-14	1.13e-07	1.00e+00	0.00e+00	0.00e+00	0.00e+00	0.00e+00	0.00e+00
 5.32072e+11	0.00e+00	0.00e+00	3.26e-30	7.82e-22	2.71e-14	1.21e-07	1.00e+00	0.00e+00	0.00e+00	0.00e+00	0.00e+00	0.00e+00
 5.76406e+11	0.00e+00	1.88e-39	4.35e-30	9.74e-22	3.15e-14	1.30e-07	1.00e+00	0.00e+00	0.00e+00	0.00e+00	0.00e+00	0.00e+00
 6.28457e+11	0.00e+00	0.00e+00	6.04e-30	1.25e-21	3.74e-14	1.42e-07	1.00e+00	0.00e+00	0.00e+00	0.00e+00	0.00e+00	0.00e+00
 6.80132e+11	0.00e+00	4.16e-39	8.26e-30	1.59e-21	4.40e-14	1.54e-07	1.00e+00	0.00e+00	0.00e+00	0.00e+00	0.00e+00	0.00e+00
 7.28621e+11	0.00e+00	0.00e+00	1.10e-29	1.97e-21	5.10e-14	1.67e-07	1.00e+00	0.00e+00	0.00e+00	0.00e+00	0.00e+00	0.00e+00
 7.82442e+11	0.00e+00	8.65e-39	1.49e-29	2.49e-21	5.98e-14	1.81e-07	1.00e+00	0.00e+00	0.00e+00	0.00e+00	0.00e+00	0.00e+00
 8.43666e+11	0.00e+00	0.00e+00	2.08e-29	3.21e-21	7.13e-14	1.98e-07	1.00e+00	0.00e+00	0.00e+00	0.00e+00	0.00e+00	0.00e+00
 9.04106e+11	0.00e+00	1.94e-38	2.86e-29	4.10e-21	8.43e-14	2.16e-07	1.00e+00	0.00e+00	0.00e+00	0.00e+00	0.00e+00	0.00e+00
 9.66963e+11	0.00e+00	0.00e+00	3.93e-29	5.23e-21	9.98e-14	2.35e-07	1.00e+00	0.00e+00	0.00e+00	0.00e+00	0.00e+00	0.00e+00
 1.03557e+12	0.00e+00	4.37e-38	5.49e-29	6.77e-21	1.19e-13	2.57e-07	1.00e+00	0.00e+00	0.00e+00	0.00e+00	0.00e+00	0.00e+00
 1.10470e+12	0.00e+00	0.00e+00	7.60e-29	8.69e-21	1.42e-13	2.82e-07	1.00e+00	0.00e+00	0.00e+00	0.00e+00	0.00e+00	0.00e+00
 1.17659e+12	0.00e+00	9.76e-38	1.05e-28	1.12e-20	1.69e-13	3.08e-07	1.00e+00	0.00e+00	0.00e+00	0.00e+00	0.00e+00	0.00e+00
 1.25072e+12	0.00e+00	0.00e+00	1.45e-28	1.43e-20	2.01e-13	3.37e-07	1.00e+00	0.00e+00	0.00e+00	0.00e+00	0.00e+00	0.00e+00
 1.32324e+12	0.00e+00	2.12e-37	1.97e-28	1.81e-20	2.37e-13	3.67e-07	1.00e+00	0.00e+00	0.00e+00	0.00e+00	0.00e+00	0.00e+00
 1.40153e+12	0.00e+00	0.00e+00	2.71e-28	2.31e-20	2.81e-13	4.01e-07	1.00e+00	0.00e+00	0.00e+00	0.00e+00	0.00e+00	0.00e+00
 1.48752e+12	0.00e+00	4.72e-37	3.78e-28	3.00e-20	3.37e-13	4.41e-07	1.00e+00	0.00e+00	0.00e+00	0.00e+00	0.00e+00	0.00e+00
 1.57694e+12	0.00e+00	0.00e+00	5.28e-28	3.89e-20	4.04e-13	4.85e-07	1.00e+00	0.00e+00	0.00e+00	0.00e+00	0.00e+00	0.00e+00
 1.66995e+12	0.00e+00	1.07e-36	7.36e-28	5.04e-20	4.86e-13	5.34e-07	1.00e+00	0.00e+00	0.00e+00	0.00e+00	0.00e+00	0.00e+00
 1.76667e+12	0.00e+00	0.00e+00	1.03e-27	6.53e-20	5.84e-13	5.88e-07	1.00e+00	0.00e+00	0.00e+00	0.00e+00	0.00e+00	0.00e+00
 1.85404e+12	0.00e+00	2.28e-36	1.37e-27	8.18e-20	6.85e-13	6.40e-07	1.00e+00	0.00e+00	0.00e+00	0.00e+00	0.00e+00	0.00e+00
 1.92665e+12	9.66e-46	3.02e-36	1.72e-27	9.80e-20	7.80e-13	6.85e-07	1.00e+00	0.00e+00	0.00e+00	0.00e+00	0.00e+00	0.00e+00
 2.00610e+12	0.00e+00	0.00e+00	2.20e-27	1.19e-19	8.95e-13	7.37e-07	1.00e+00	0.00e+00	0.00e+00	0.00e+00	0.00e+00	0.00e+00
 2.10699e+12	0.00e+00	5.87e-36	2.97e-27	1.50e-19	1.06e-12	8.07e-07	1.00e+00	0.00e+00	0.00e+00	0.00e+00	0.00e+00	0.00e+00
 2.21237e+12	3.29e-45	8.46e-36	4.02e-27	1.91e-19	1.26e-12	8.84e-07	1.00e+00	0.00e+00	0.00e+00	0.00e+00	0.00e+00	0.00e+00
 2.30552e+12	0.00e+00	0.00e+00	5.19e-27	2.34e-19	1.46e-12	9.56e-07	1.00e+00	0.00e+00	0.00e+00	0.00e+00	0.00e+00	0.00e+00
 2.39183e+12	0.00e+00	1.52e-35	6.52e-27	2.80e-19	1.66e-12	1.03e-06	1.00e+00	0.00e+00	0.00e+00	0.00e+00	0.00e+00	0.00e+00
 2.48973e+12	9.47e-45	2.06e-35	8.38e-27	3.42e-19	1.92e-12	1.11e-06	1.00e+00	0.00e+00	0.00e+00	0.00e+00	0.00e+00	0.00e+00
 2.61094e+12	0.00e+00	0.00e+00	1.13e-26	4.33e-19	2.28e-12	1.22e-06	1.00e+00	0.00e+00	0.00e+00	0.00e+00	0.00e+00	0.00e+00
 2.73190e+12	0.00e+00	4.15e-35	1.50e-26	5.44e-19	2.69e-12	1.33e-06	1.00e+00	0.00e+00	0.00e+00	0.00e+00	0.00e+00	0.00e+00
 2.83578e+12	3.04e-44	5.50e-35	1.90e-26	6.56e-19	3.08e-12	1.43e-06	1.00e+00	0.00e+00	0.00e+00	0.00e+00	0.00e+00	0.00e+00
 2.94800e+12	0.00e+00	7.38e-35	2.43e-26	7.99e-19	3.56e-12	1.55e-06	1.00e+00	0.00e+00	0.00e+00	0.00e+00	0.00e+00	0.00e+00
 3.08661e+12	6.49e-44	1.05e-34	3.25e-26	1.01e-18	4.22e-12	1.70e-06	1.00e+00	0.00e+00	0.00e+00	0.00e+00	0.00e+00	0.00e+00
 3.22899e+12	0.00e+00	1.47e-34	4.32e-26	1.27e-18	4.99e-12	1.87e-06	1.00e+00	0.00e+00	0.00e+00	0.00e+00	0.00e+00	0.00e+00
 3.35804e+12	1.38e-43	1.98e-34	5.54e-26	1.55e-18	5.78e-12	2.02e-06	1.00e+00	0.00e+00	0.00e+00	0.00e+00	0.00e+00	0.00e+00
 3.50035e+12	0.00e+00	2.71e-34	7.21e-26	1.92e-18	6.75e-12	2.20e-06	1.00e+00	0.00e+00	0.00e+00	0.00e+00	0.00e+00	0.00e+00
 3.66736e+12	3.01e-43	3.85e-34	9.70e-26	2.44e-18	8.05e-12	2.43e-06	1.00e+00	0.00e+00	0.00e+00	0.00e+00	0.00e+00	0.00e+00
 3.83407e+12	0.00e+00	5.38e-34	1.29e-25	3.07e-18	9.52e-12	2.66e-06	1.00e+00	0.00e+00	0.00e+00	0.00e+00	0.00e+00	0.00e+00
 3.99298e+12	6.40e-43	7.31e-34	1.67e-25	3.78e-18	1.11e-11	2.90e-06	1.00e+00	0.00e+00	0.00e+00	0.00e+00	0.00e+00	0.00e+00
 4.16817e+12	0.00e+00	1.01e-33	2.19e-25	4.72e-18	1.30e-11	3.17e-06	1.00e+00	0.00e+00	0.00e+00	0.00e+00	0.00e+00	0.00e+00
 4.36482e+12	1.40e-42	1.43e-33	2.94e-25	6.00e-18	1.55e-11	3.50e-06	1.00e+00	0.00e+00	0.00e+00	0.00e+00	0.00e+00	0.00e+00
 4.54192e+12	0.00e+00	1.93e-33	3.80e-25	7.38e-18	1.80e-11	3.80e-06	1.00e+00	0.00e+00	0.00e+00	0.00e+00	0.00e+00	0.00e+00
 4.68833e+12	2.64e-42	2.46e-33	4.65e-25	8.70e-18	2.03e-11	4.07e-06	1.00e+00	0.00e+00	0.00e+00	0.00e+00	0.00e+00	0.00e+00
 4.84831e+12	0.00e+00	3.17e-33	5.77e-25	1.04e-17	2.31e-11	4.37e-06	1.00e+00	0.00e+00	0.00e+00	0.00e+00	0.00e+00	0.00e+00
 5.05247e+12	5.11e-42	4.33e-33	7.53e-25	1.29e-17	2.70e-11	4.76e-06	1.00e+00	0.00e+00	0.00e+00	0.00e+00	0.00e+00	0.00e+00
 5.25857e+12	0.00e+00	5.86e-33	9.74e-25	1.59e-17	3.14e-11	5.19e-06	1.00e+00	0.00e+00	0.00e+00	0.00e+00	0.00e+00	0.00e+00
 5.42945e+12	9.65e-42	7.48e-33	1.20e-24	1.88e-17	3.54e-11	5.55e-06	1.00e+00	0.00e+00	0.00e+00	0.00e+00	0.00e+00	0.00e+00
 5.61004e+12	0.00e+00	9.60e-33	1.48e-24	2.23e-17	4.01e-11	5.95e-06	1.00e+00	0.00e+00	0.00e+00	0.00e+00	0.00e+00	0.00e+00
 5.84131e+12	1.84e-41	1.31e-32	1.92e-24	2.76e-17	4.67e-11	6.48e-06	1.00e+00	0.00e+00	0.00e+00	0.00e+00	0.00e+00	0.00e+00
 6.08358e+12	0.00e+00	1.78e-32	2.51e-24	3.42e-17	5.45e-11	7.07e-06	1.00e+00	0.00e+00	0.00e+00	0.00e+00	0.00e+00	0.00e+00
 6.29625e+12	3.59e-41	2.32e-32	3.14e-24	4.11e-17	6.21e-11	7.61e-06	1.00e+00	0.00e+00	0.00e+00	0.00e+00	0.00e+00	0.00e+00
 6.52533e+12	0.00e+00	3.05e-32	3.96e-24	4.97e-17	7.11e-11	8.21e-06	1.00e+00	0.00e+00	0.00e+00	0.00e+00	0.00e+00	0.00e+00
 6.77909e+12	6.92e-41	4.09e-32	5.09e-24	6.09e-17	8.22e-11	8.91e-06	1.00e+00	0.00e+00	0.00e+00	0.00e+00	0.00e+00	0.00e+00
 7.01417e+12	0.00e+00	5.32e-32	6.37e-24	7.31e-17	9.35e-11	9.58e-06	1.00e+00	0.00e+00	0.00e+00	0.00e+00	0.00e+00	0.00e+00
 7.26900e+12	1.29e-40	7.02e-32	8.07e-24	8.86e-17	1.07e-10	1.03e-05	1.00e+00	0.00e+00	0.00e+00	0.00e+00	0.00e+00	0.00e+00
 7.55239e+12	0.00e+00	9.43e-32	1.04e-23	1.09e-16	1.24e-10	1.12e-05	1.00e+00	0.00e+00	0.00e+00	0.00e+00	0.00e+00	0.00e+00
 7.81671e+12	2.48e-40	1.23e-31	1.31e-23	1.31e-16	1.41e-10	1.21e-05	1.00e+00	0.00e+00	0.00e+00	0.00e+00	0.00e+00	0.00e+00
 8.10412e+12	0.00e+00	1.64e-31	1.66e-23	1.59e-16	1.62e-10	1.30e-05	1.00e+00	0.00e+00	0.00e+00	0.00e+00	0.00e+00	0.00e+00
 8.42375e+12	4.88e-40	2.22e-31	2.15e-23	1.96e-16	1.87e-10	1.42e-05	1.00e+00	0.00e+00	0.00e+00	0.00e+00	0.00e+00	0.00e+00
 8.72243e+12	0.00e+00	2.92e-31	2.72e-23	2.37e-16	2.14e-10	1.53e-05	1.00e+00	0.00e+00	0.00e+00	0.00e+00	0.00e+00	0.00e+00
 9.04787e+12	9.41e-40	3.91e-31	3.49e-23	2.90e-16	2.46e-10	1.65e-05	1.00e+00	0.00e+00	0.00e+00	0.00e+00	0.00e+00	0.00e+00
 9.41119e+12	0.00e+00	5.34e-31	4.55e-23	3.60e-16	2.85e-10	1.79e-05	1.00e+00	0.00e+00	0.00e+00	0.00e+00	0.00e+00	0.00e+00
 9.75295e+12	1.87e-39	7.11e-31	5.81e-23	4.38e-16	3.27e-10	1.94e-05	1.00e+00	0.00e+00	0.00e+00	0.00e+00	0.00e+00	0.00e+00
 1.01264e+13	0.00e+00	9.64e-31	7.52e-23	5.38e-16	3.77e-10	2.10e-05	1.00e+00	0.00e+00	0.00e+00	0.00e+00	0.00e+00	0.00e+00
 1.05446e+13	3.88e-39	1.34e-30	9.92e-23	6.73e-16	4.39e-10	2.29e-05	1.00e+00	0.00e+00	0.00e+00	0.00e+00	0.00e+00	0.00e+00
 1.09405e+13	0.00e+00	1.80e-30	1.28e-22	8.25e-16	5.06e-10	2.47e-05	1.00e+00	0.00e+00	0.00e+00	0.00e+00	0.00e+00	0.00e+00
 1.13669e+13	7.91e-39	2.47e-30	1.67e-22	1.02e-15	5.85e-10	2.68e-05	1.00e+00	0.00e+00	0.00e+00	0.00e+00	0.00e+00	0.00e+00
 1.18515e+13	0.00e+00	3.49e-30	2.24e-22	1.29e-15	6.85e-10	2.93e-05	1.00e+00	0.00e+00	0.00e+00	0.00e+00	0.00e+00	0.00e+00
 1.23279e+13	1.72e-38	4.84e-30	2.95e-22	1.60e-15	7.96e-10	3.18e-05	1.00e+00	0.00e+00	0.00e+00	0.00e+00	0.00e+00	0.00e+00
 1.28234e+13	0.00e+00	6.73e-30	3.89e-22	2.00e-15	9.26e-10	3.46e-05	1.00e+00	0.00e+00	0.00e+00	0.00e+00	0.00e+00	0.00e+00
 1.33662e+13	3.78e-38	9.57e-30	5.23e-22	2.52e-15	1.08e-09	3.77e-05	1.00e+00	0.00e+00	0.00e+00	0.00e+00	0.00e+00	0.00e+00
 1.39308e+13	0.00e+00	1.37e-29	7.04e-22	3.19e-15	1.27e-09	4.11e-05	1.00e+00	0.00e+00	0.00e+00	0.00e+00	0.00e+00	0.00e+00
 1.45180e+13	8.56e-38	1.94e-29	9.45e-22	4.02e-15	1.49e-09	4.48e-05	1.00e+00	0.00e+00	0.00e+00	0.00e+00	0.00e+00	0.00e+00
 1.50730e+13	0.00e+00	2.68e-29	1.24e-21	4.98e-15	1.72e-09	4.84e-05	1.00e+00	0.00e+00	0.00e+00	0.00e+00	0.00e+00	0.00e+00
 1.55745e+13	1.74e-37	3.57e-29	1.57e-21	5.99e-15	1.95e-09	5.19e-05	1.00e+00	0.00e+00	0.00e+00	0.00e+00	0.00e+00	0.00e+00
 1.60481e+13	0.00e+00	4.63e-29	1.95e-21	7.10e-15	2.18e-09	5.52e-05	1.00e+00	0.00e+00	0.00e+00	0.00e+00	0.00e+00	0.00e+00
 1.65719e+13	3.29e-37	6.16e-29	2.47e-21	8.53e-15	2.47e-09	5.90e-05	1.00e+00	0.00e+00	0.00e+00	0.00e+00	0.00e+00	0.00e+00
 1.71596e+13	0.00e+00	8.40e-29	3.20e-21	1.04e-14	2.82e-09	6.33e-05	1.00e+00	0.00e+00	0.00e+00	0.00e+00	0.00e+00	0.00e+00
 1.77190e+13	6.61e-37	1.12e-28	4.05e-21	1.25e-14	3.19e-09	6.76e-05	1.00e+00	0.00e+00	0.00e+00	0.00e+00	0.00e+00	0.00e+00
 1.83350e+13	0.00e+00	1.52e-28	5.21e-21	1.52e-14	3.64e-09	7.26e-05	1.00e+00	0.00e+00	0.00e+00	0.00e+00	0.00e+00	0.00e+00
 1.90080e+13	1.38e-36	2.10e-28	6.81e-21	1.87e-14	4.18e-09	7.81e-05	1.00e+00	0.00e+00	0.00e+00	0.00e+00	0.00e+00	0.00e+00
 1.96206e+13	0.00e+00	2.80e-28	8.63e-21	2.24e-14	4.73e-09	8.33e-05	1.00e+00	0.00e+00	0.00e+00	0.00e+00	0.00e+00	0.00e+00
 2.02826e+13	2.77e-36	3.79e-28	1.11e-20	2.72e-14	5.37e-09	8.91e-05	1.00e+00	0.00e+00	0.00e+00	0.00e+00	0.00e+00	0.00e+00
 2.10271e+13	0.00e+00	5.29e-28	1.45e-20	3.34e-14	6.17e-09	9.58e-05	1.00e+00	0.00e+00	0.00e+00	0.00e+00	0.00e+00	0.00e+00
 2.17349e+13	5.87e-36	7.16e-28	1.86e-20	4.05e-14	7.01e-09	1.02e-04	1.00e+00	0.00e+00	0.00e+00	0.00e+00	0.00e+00	0.00e+00
 2.25107e+13	0.00e+00	9.91e-28	2.43e-20	4.96e-14	8.03e-09	1.10e-04	1.00e+00	0.00e+00	0.00e+00	0.00e+00	0.00e+00	0.00e+00
 2.33678e+13	1.30e-35	1.40e-27	3.23e-20	6.16e-14	9.28e-09	1.19e-04	1.00e+00	0.00e+00	0.00e+00	0.00e+00	0.00e+00	0.00e+00
 2.41636e+13	0.00e+00	1.92e-27	4.16e-20	7.48e-14	1.06e-08	1.27e-04	1.00e+00	0.00e+00	0.00e+00	0.00e+00	0.00e+00	0.00e+00
 2.50313e+13	2.80e-35	2.68e-27	5.46e-20	9.18e-14	1.21e-08	1.36e-04	1.00e+00	0.00e+00	0.00e+00	0.00e+00	0.00e+00	0.00e+00
 2.60070e+13	4.32e-35	3.86e-27	7.32e-20	1.15e-13	1.41e-08	1.47e-04	1.00e+00	0.00e+00	0.00e+00	0.00e+00	0.00e+00	0.00e+00
 2.69366e+13	6.41e-35	5.38e-27	9.59e-20	1.41e-13	1.61e-08	1.57e-04	1.00e+00	0.00e+00	0.00e+00	0.00e+00	0.00e+00	0.00e+00
 2.79435e+13	9.73e-35	7.64e-27	1.27e-19	1.74e-13	1.86e-08	1.69e-04	1.00e+00	0.00e+00	0.00e+00	0.00e+00	0.00e+00	0.00e+00
 2.90598e+13	1.52e-34	1.11e-26	1.72e-19	2.19e-13	2.17e-08	1.83e-04	1.00e+00	0.00e+00	0.00e+00	0.00e+00	0.00e+00	0.00e+00
 3.01294e+13	2.30e-34	1.57e-26	2.28e-19	2.71e-13	2.49e-08	1.96e-04	1.00e+00	0.00e+00	0.00e+00	0.00e+00	0.00e+00	0.00e+00
 3.12732e+13	3.55e-34	2.26e-26	3.05e-19	3.36e-13	2.88e-08	2.11e-04	1.00e+00	0.00e+00	0.00e+00	0.00e+00	0.00e+00	0.00e+00
 3.25541e+13	5.67e-34	3.33e-26	4.17e-19	4.26e-13	3.37e-08	2.28e-04	1.00e+00	0.00e+00	0.00e+00	0.00e+00	0.00e+00	0.00e+00
 3.38376e+13	8.89e-34	4.86e-26	5.64e-19	5.34e-13	3.92e-08	2.46e-04	1.00e+00	0.00e+00	0.00e+00	0.00e+00	0.00e+00	0.00e+00
 3.51725e+13	1.40e-33	7.08e-26	7.63e-19	6.70e-13	4.56e-08	2.66e-04	1.00e+00	0.00e+00	0.00e+00	0.00e+00	0.00e+00	0.00e+00
 3.66093e+13	2.23e-33	1.05e-25	1.04e-18	8.48e-13	5.34e-08	2.87e-04	1.00e+00	0.00e+00	0.00e+00	0.00e+00	0.00e+00	0.00e+00
 3.81036e+13	3.57e-33	1.55e-25	1.43e-18	1.07e-12	6.25e-08	3.11e-04	1.00e+00	0.00e+00	0.00e+00	0.00e+00	0.00e+00	0.00e+00
 3.96577e+13	5.71e-33	2.29e-25	1.96e-18	1.36e-12	7.30e-08	3.36e-04	1.00e+00	0.00e+00	0.00e+00	0.00e+00	0.00e+00	0.00e+00
 4.11656e+13	8.86e-33	3.30e-25	2.63e-18	1.69e-12	8.46e-08	3.61e-04	1.00e+00	0.00e+00	0.00e+00	0.00e+00	0.00e+00	0.00e+00
 4.25887e+13	1.32e-32	4.61e-25	3.43e-18	2.07e-12	9.66e-08	3.86e-04	1.00e+00	0.00e+00	0.00e+00	0.00e+00	0.00e+00	0.00e+00
 4.39335e+13	1.91e-32	6.26e-25	4.39e-18	2.48e-12	1.09e-07	4.10e-04	1.00e+00	0.00e+00	0.00e+00	0.00e+00	0.00e+00	0.00e+00
 4.53990e+13	2.82e-32	8.65e-25	5.69e-18	3.01e-12	1.24e-07	4.37e-04	1.00e+00	0.00e+00	0.00e+00	0.00e+00	0.00e+00	0.00e+00
 4.70323e+13	4.24e-32	1.22e-24	7.51e-18	3.71e-12	1.43e-07	4.68e-04	1.00e+00	0.00e+00	0.00e+00	0.00e+00	0.00e+00	0.00e+00
 4.85677e+13	6.21e-32	1.67e-24	9.68e-18	4.48e-12	1.62e-07	4.98e-04	1.00e+00	0.00e+00	0.00e+00	0.00e+00	0.00e+00	0.00e+00
 5.02476e+13	9.35e-32	2.35e-24	1.27e-17	5.48e-12	1.85e-07	5.32e-04	9.99e-01	0.00e+00	0.00e+00	0.00e+00	0.00e+00	0.00e+00
 5.21430e+13	1.44e-31	3.37e-24	1.70e-17	6.82e-12	2.14e-07	5.72e-04	9.99e-01	0.00e+00	0.00e+00	0.00e+00	0.00e+00	0.00e+00
 5.39625e+13	2.14e-31	4.69e-24	2.22e-17	8.35e-12	2.45e-07	6.12e-04	9.99e-01	0.00e+00	0.00e+00	0.00e+00	0.00e+00	0.00e+00
 5.59476e+13	3.27e-31	6.70e-24	2.96e-17	1.03e-11	2.83e-07	6.57e-04	9.99e-01	0.00e+00	0.00e+00	0.00e+00	0.00e+00	0.00e+00
 5.82155e+13	5.25e-31	9.92e-24	4.05e-17	1.31e-11	3.30e-07	7.10e-04	9.99e-01	0.00e+00	0.00e+00	0.00e+00	0.00e+00	0.00e+00
 6.04369e+13	8.03e-31	1.42e-23	5.44e-17	1.63e-11	3.83e-07	7.65e-04	9.99e-01	0.00e+00	0.00e+00	0.00e+00	0.00e+00	0.00e+00
 6.27472e+13	1.26e-30	2.06e-23	7.32e-17	2.04e-11	4.44e-07	8.23e-04	9.99e-01	0.00e+00	0.00e+00	0.00e+00	0.00e+00	0.00e+00
 6.50708e+13	1.89e-30	2.91e-23	9.73e-17	2.53e-11	5.13e-07	8.85e-04	9.99e-01	0.00e+00	0.00e+00	0.00e+00	0.00e+00	0.00e+00
 6.71184e+13	2.74e-30	3.96e-23	1.24e-16	3.04e-11	5.79e-07	9.41e-04	9.99e-01	0.00e+00	0.00e+00	0.00e+00	0.00e+00	0.00e+00
 6.93472e+13	3.94e-30	5.38e-23	1.61e-16	3.68e-11	6.59e-07	1.00e-03	9.99e-01	0.00e+00	0.00e+00	0.00e+00	0.00e+00	0.00e+00
 7.20341e+13	6.20e-30	7.85e-23	2.17e-16	4.62e-11	7.66e-07	1.08e-03	9.99e-01	0.00e+00	0.00e+00	0.00e+00	0.00e+00	0.00e+00
 7.47063e+13	9.28e-30	1.11e-22	2.89e-16	5.73e-11	8.84e-07	1.16e-03	9.99e-01	0.00e+00	0.00e+00	0.00e+00	0.00e+00	0.00e+00
 7.70950e+13	1.33e-29	1.50e-22	3.70e-16	6.90e-11	1.00e-06	1.24e-03	9.99e-01	0.00e+00	0.00e+00	0.00e+00	0.00e+00	0.00e+00
 7.97253e+13	1.95e-29	2.07e-22	4.81e-16	8.42e-11	1.14e-06	1.33e-03	9.99e-01	0.00e+00	0.00e+00	0.00e+00	0.00e+00	0.00e+00
 8.28512e+13	3.06e-29	3.02e-22	6.52e-16	1.06e-10	1.33e-06	1.43e-03	9.99e-01	0.00e+00	0.00e+00	0.00e+00	0.00e+00	0.00e+00
 8.59458e+13	4.58e-29	4.25e-22	8.69e-16	1.31e-10	1.54e-06	1.54e-03	9.98e-01	0.00e+00	0.00e+00	0.00e+00	0.00e+00	0.00e+00
 8.87711e+13	6.68e-29	5.83e-22	1.12e-15	1.59e-10	1.75e-06	1.64e-03	9.98e-01	0.00e+00	0.00e+00	0.00e+00	0.00e+00	0.00e+00
 9.19221e+13	9.75e-29	8.06e-22	1.47e-15	1.96e-10	2.01e-06	1.76e-03	9.98e-01	0.00e+00	0.00e+00	0.00e+00	0.00e+00	0.00e+00
 9.55921e+13	1.55e-28	1.19e-21	2.01e-15	2.47e-10	2.34e-06	1.91e-03	9.98e-01	0.00e+00	0.00e+00	0.00e+00	0.00e+00	0.00e+00
 9.92030e+13	2.30e-28	1.66e-21	2.68e-15	3.08e-10	2.71e-06	2.06e-03	9.98e-01	0.00e+00	0.00e+00	0.00e+00	0.00e+00	0.00e+00
 1.02606e+14	3.37e-28	2.30e-21	3.50e-15	3.76e-10	3.10e-06	2.20e-03	9.98e-01	0.00e+00	0.00e+00	0.00e+00	0.00e+00	0.00e+00
 1.06387e+14	5.12e-28	3.27e-21	4.66e-15	4.66e-10	3.58e-06	2.36e-03	9.98e-01	0.00e+00	0.00e+00	0.00e+00	0.00e+00	0.00e+00
 1.10673e+14	7.82e-28	4.70e-21	6.34e-15	5.89e-10	4.18e-06	2.56e-03	9.97e-01	0.00e+00	0.00e+00	0.00e+00	0.00e+00	0.00e+00
 1.14954e+14	1.22e-27	6.82e-21	8.56e-15	7.38e-10	4.86e-06	2.76e-03	9.97e-01	0.00e+00	0.00e+00	0.00e+00	0.00e+00	0.00e+00
 1.18966e+14	1.74e-27	9.30e-21	1.12e-14	9.05e-10	5.57e-06	2.96e-03	9.97e-01	0.00e+00	0.00e+00	0.00e+00	0.00e+00	0.00e+00
 1.23313e+14	2.61e-27	1.31e-20	1.48e-14	1.12e-09	6.41e-06	3.18e-03	9.97e-01	0.00e+00	0.00e+00	0.00e+00	0.00e+00	0.00e+00
 1.28176e+14	4.08e-27	1.90e-20	2.01e-14	1.41e-09	7.48e-06	3.44e-03	9.97e-01	0.00e+00	0.00e+00	0.00e+00	0.00e+00	0.00e+00
 1.32724e+14	5.98e-27	2.64e-20	2.65e-14	1.73e-09	8.58e-06	3.69e-03	9.96e-01	0.00e+00	0.00e+00	0.00e+00	0.00e+00	0.00e+00
 1.36931e+14	8.43e-27	3.54e-20	3.39e-14	2.09e-09	9.71e-06	3.93e-03	9.96e-01	0.00e+00	0.00e+00	0.00e+00	0.00e+00	0.00e+00
 1.40965e+14	1.16e-26	4.64e-20	4.25e-14	2.48e-09	1.09e-05	4.16e-03	9.96e-01	0.00e+00	0.00e+00	0.00e+00	0.00e+00	0.00e+00
 1.45439e+14	1.61e-26	6.17e-20	5.44e-14	2.98e-09	1.23e-05	4.43e-03	9.96e-01	0.00e+00	0.00e+00	0.00e+00	0.00e+00	0.00e+00
 1.50390e+14	2.38e-26	8.55e-20	7.09e-14	3.64e-09	1.41e-05	4.74e-03	9.95e-01	0.00e+00	0.00e+00	0.00e+00	0.00e+00	0.00e+00
 1.55011e+14	3.24e-26	1.12e-19	8.98e-14	4.36e-09	1.59e-05	5.04e-03	9.95e-01	0.00e+00	0.00e+00	0.00e+00	0.00e+00	0.00e+00
 1.60065e+14	4.71e-26	1.53e-19	1.16e-13	5.27e-09	1.80e-05	5.37e-03	9.95e-01	0.00e+00	0.00e+00	0.00e+00	0.00e+00	0.00e+00
 1.65742e+14	6.77e-26	2.10e-19	1.52e-13	6.49e-09	2.07e-05	5.77e-03	9.94e-01	0.00e+00	0.00e+00	0.00e+00	0.00e+00	0.00e+00
 1.71139e+14	9.79e-26	2.86e-19	1.96e-13	7.85e-09	2.35e-05	6.14e-03	9.94e-01	0.00e+00	0.00e+00	0.00e+00	0.00e+00	0.00e+00
 1.77066e+14	1.39e-25	3.89e-19	2.56e-13	9.61e-09	2.69e-05	6.58e-03	9.93e-01	0.00e+00	0.00e+00	0.00e+00	0.00e+00	0.00e+00
 1.83614e+14	2.11e-25	5.53e-19	3.41e-13	1.19e-08	3.10e-05	7.08e-03	9.93e-01	0.00e+00	0.00e+00	0.00e+00	0.00e+00	0.00e+00
 1.89671e+14	2.93e-25	7.37e-19	4.40e-13	1.45e-08	3.53e-05	7.56e-03	9.92e-01	0.00e+00	0.00e+00	0.00e+00	0.00e+00	0.00e+00
 1.96246e+14	4.25e-25	1.01e-18	5.75e-13	1.77e-08	4.04e-05	8.09e-03	9.92e-01	0.00e+00	0.00e+00	0.00e+00	0.00e+00	0.00e+00
 2.03583e+14	6.25e-25	1.42e-18	7.67e-13	2.20e-08	4.67e-05	8.72e-03	9.91e-01	0.00e+00	0.00e+00	0.00e+00	0.00e+00	0.00e+00
 2.10453e+14	9.01e-25	1.93e-18	9.96e-13	2.68e-08	5.32e-05	9.32e-03	9.91e-01	0.00e+00	0.00e+00	0.00e+00	0.00e+00	0.00e+00
 2.17927e+14	1.30e-24	2.65e-18	1.31e-12	3.30e-08	6.11e-05	1.00e-02	9.90e-01	0.00e+00	0.00e+00	0.00e+00	0.00e+00	0.00e+00
 2.26244e+14	1.98e-24	3.80e-18	1.76e-12	4.12e-08	7.08e-05	1.08e-02	9.89e-01	0.00e+00	0.00e+00	0.00e+00	0.00e+00	0.00e+00
 2.34036e+14	2.76e-24	5.10e-18	2.29e-12	5.04e-08	8.10e-05	1.16e-02	9.88e-01	0.00e+00	0.00e+00	0.00e+00	0.00e+00	0.00e+00
 2.42505e+14	4.12e-24	7.16e-18	3.03e-12	6.22e-08	9.32e-05	1.24e-02	9.87e-01	0.00e+00	0.00e+00	0.00e+00	0.00e+00	0.00e+00
 2.51955e+14	6.03e-24	1.00e-17	4.07e-12	7.80e-08	1.08e-04	1.34e-02	9.86e-01	0.00e+00	0.00e+00	0.00e+00	0.00e+00	0.00e+00
 2.60882e+14	8.71e-24	1.38e-17	5.34e-12	9.59e-08	1.24e-04	1.44e-02	9.85e-01	0.00e+00	0.00e+00	0.00e+00	0.00e+00	0.00e+00
 2.70445e+14	1.25e-23	1.90e-17	7.06e-12	1.19e-07	1.43e-04	1.55e-02	9.84e-01	0.00e+00	0.00e+00	0.00e+00	0.00e+00	0.00e+00
 2.81293e+14	1.92e-23	2.74e-17	9.61e-12	1.50e-07	1.67e-04	1.68e-02	9.83e-01	0.00e+00	0.00e+00	0.00e+00	0.00e+00	0.00e+00
 2.91961e+14	2.74e-23	3.77e-17	1.28e-11	1.87e-07	1.94e-04	1.82e-02	9.82e-01	0.00e+00	0.00e+00	0.00e+00	0.00e+00	0.00e+00
 3.02208e+14	3.98e-23	5.19e-17	1.67e-11	2.29e-07	2.22e-04	1.95e-02	9.80e-01	0.00e+00	0.00e+00	0.00e+00	0.00e+00	0.00e+00
 3.13479e+14	5.68e-23	7.14e-17	2.22e-11	2.85e-07	2.56e-04	2.10e-02	9.79e-01	0.00e+00	0.00e+00	0.00e+00	0.00e+00	0.00e+00
 3.26048e+14	8.52e-23	1.02e-16	3.01e-11	3.59e-07	2.99e-04	2.28e-02	9.77e-01	0.00e+00	0.00e+00	0.00e+00	0.00e+00	0.00e+00
 3.36750e+14	1.16e-22	1.34e-16	3.86e-11	4.35e-07	3.39e-04	2.44e-02	9.75e-01	0.00e+00	0.00e+00	0.00e+00	0.00e+00	0.00e+00
 3.44637e+14	1.45e-22	1.64e-16	4.61e-11	4.99e-07	3.71e-04	2.56e-02	9.74e-01	0.00e+00	0.00e+00	0.00e+00	0.00e+00	0.00e+00
 3.52901e+14	1.85e-22	2.03e-16	5.53e-11	5.73e-07	4.08e-04	2.69e-02	9.73e-01	0.00e+00	0.00e+00	0.00e+00	0.00e+00	0.00e+00
 3.63645e+14	2.48e-22	2.64e-16	6.96e-11	6.85e-07	4.58e-04	2.86e-02	9.71e-01	0.00e+00	0.00e+00	0.00e+00	0.00e+00	0.00e+00
 3.75491e+14	3.37e-22	3.48e-16	8.90e-11	8.27e-07	5.19e-04	3.06e-02	9.69e-01	0.00e+00	0.00e+00	0.00e+00	0.00e+00	0.00e+00
 3.86446e+14	4.50e-22	4.50e-16	1.11e-10	9.80e-07	5.81e-04	3.25e-02	9.67e-01	0.00e+00	0.00e+00	0.00e+00	0.00e+00	0.00e+00
 3.98365e+14	5.96e-22	5.82e-16	1.40e-10	1.17e-06	6.54e-04	3.47e-02	9.65e-01	0.00e+00	0.00e+00	0.00e+00	0.00e+00	0.00e+00
 4.11723e+14	8.30e-22	7.80e-16	1.80e-10	1.42e-06	7.43e-04	3.71e-02	9.62e-01	0.00e+00	0.00e+00	0.00e+00	0.00e+00	0.00e+00
 4.24471e+14	1.10e-21	1.01e-15	2.27e-10	1.70e-06	8.36e-04	3.96e-02	9.60e-01	0.00e+00	0.00e+00	0.00e+00	0.00e+00	0.00e+00
 4.38561e+14	1.52e-21	1.35e-15	2.92e-10	2.06e-06	9.49e-04	4.24e-02	9.57e-01	0.00e+00	0.00e+00	0.00e+00	0.00e+00	0.00e+00
 4.54288e+14	2.12e-21	1.83e-15	3.82e-10	2.54e-06	1.09e-03	4.57e-02	9.53e-01	0.00e+00	0.00e+00	0.00e+00	0.00e+00	0.00e+00
 4.69079e+14	2.88e-21	2.42e-15	4.88e-10	3.07e-06	1.23e-03	4.88e-02	9.50e-01	0.00e+00	0.00e+00	0.00e+00	0.00e+00	0.00e+00
 4.85244e+14	3.98e-21	3.25e-15	6.31e-10	3.74e-06	1.40e-03	5.25e-02	9.46e-01	0.00e+00	0.00e+00	0.00e+00	0.00e+00	0.00e+00
 5.03164e+14	5.60e-21	4.44e-15	8.33e-10	4.63e-06	1.61e-03	5.67e-02	9.42e-01	0.00e+00	0.00e+00	0.00e+00	0.00e+00	0.00e+00
 5.19756e+14	7.66e-21	5.90e-15	1.07e-09	5.60e-06	1.83e-03	6.06e-02	9.38e-01	0.00e+00	0.00e+00	0.00e+00	0.00e+00	0.00e+00
 5.37717e+14	1.06e-20	7.98e-15	1.39e-09	6.84e-06	2.08e-03	6.51e-02	9.33e-01	0.00e+00	0.00e+00	0.00e+00	0.00e+00	0.00e+00
 5.57757e+14	1.51e-20	1.10e-14	1.83e-09	8.48e-06	2.39e-03	7.03e-02	9.27e-01	0.00e+00	0.00e+00	0.00e+00	0.00e+00	0.00e+00
 5.76533e+14	2.07e-20	1.47e-14	2.36e-09	1.03e-05	2.71e-03	7.53e-02	9.22e-01	0.00e+00	0.00e+00	0.00e+00	0.00e+00	0.00e+00
 5.96976e+14	2.91e-20	2.01e-14	3.09e-09	1.26e-05	3.09e-03	8.10e-02	9.16e-01	0.00e+00	0.00e+00	0.00e+00	0.00e+00	0.00e+00
 6.19779e+14	4.18e-20	2.80e-14	4.12e-09	1.57e-05	3.56e-03	8.75e-02	9.09e-01	0.00e+00	0.00e+00	0.00e+00	0.00e+00	0.00e+00
 6.41166e+14	5.77e-20	3.77e-14	5.35e-09	1.91e-05	4.05e-03	9.36e-02	9.02e-01	0.00e+00	0.00e+00	0.00e+00	0.00e+00	0.00e+00
 6.64345e+14	8.30e-20	5.23e-14	7.02e-09	2.35e-05	4.63e-03	1.01e-01	8.95e-01	0.00e+00	0.00e+00	0.00e+00	0.00e+00	0.00e+00
 6.90233e+14	1.21e-19	7.38e-14	9.43e-09	2.94e-05	5.34e-03	1.09e-01	8.86e-01	0.00e+00	0.00e+00	0.00e+00	0.00e+00	0.00e+00
 7.14895e+14	1.71e-19	1.01e-13	1.24e-08	3.61e-05	6.08e-03	1.16e-01	8.77e-01	0.00e+00	0.00e+00	0.00e+00	0.00e+00	0.00e+00
 7.41258e+14	2.46e-19	1.41e-13	1.63e-08	4.45e-05	6.95e-03	1.25e-01	8.68e-01	0.00e+00	0.00e+00	0.00e+00	0.00e+00	0.00e+00
 7.70939e+14	3.67e-19	2.03e-13	2.21e-08	5.58e-05	8.03e-03	1.35e-01	8.57e-01	0.00e+00	0.00e+00	0.00e+00	0.00e+00	0.00e+00
 8.00344e+14	5.34e-19	2.85e-13	2.95e-08	6.92e-05	9.22e-03	1.45e-01	8.46e-01	0.00e+00	0.00e+00	0.00e+00	0.00e+00	0.00e+00
 8.24431e+14	7.12e-19	3.71e-13	3.70e-08	8.20e-05	1.03e-02	1.53e-01	8.36e-01	0.00e+00	0.00e+00	0.00e+00	0.00e+00	0.00e+00
 8.43173e+14	9.11e-19	4.62e-13	4.40e-08	9.33e-05	1.11e-02	1.60e-01	8.29e-01	0.00e+00	0.00e+00	0.00e+00	0.00e+00	0.00e+00
 8.63709e+14	1.17e-18	5.78e-13	5.30e-08	1.07e-04	1.21e-02	1.67e-01	8.21e-01	0.00e+00	0.00e+00	0.00e+00	0.00e+00	0.00e+00
 8.90407e+14	1.60e-18	7.68e-13	6.70e-08	1.27e-04	1.35e-02	1.77e-01	8.10e-01	0.00e+00	0.00e+00	0.00e+00	0.00e+00	0.00e+00
 9.19262e+14	2.17e-18	1.02e-12	8.55e-08	1.52e-04	1.52e-02	1.87e-01	7.98e-01	0.00e+00	0.00e+00	0.00e+00	0.00e+00	0.00e+00
 9.45283e+14	2.92e-18	1.32e-12	1.06e-07	1.79e-04	1.68e-02	1.96e-01	7.87e-01	0.00e+00	0.00e+00	0.00e+00	0.00e+00	0.00e+00
 9.73472e+14	3.96e-18	1.74e-12	1.33e-07	2.11e-04	1.86e-02	2.07e-01	7.75e-01	0.00e+00	0.00e+00	0.00e+00	0.00e+00	0.00e+00
 1.00921e+15	5.94e-18	2.48e-12	1.75e-07	2.58e-04	2.11e-02	2.20e-01	7.59e-01	0.00e+00	0.00e+00	0.00e+00	0.00e+00	0.00e+00
 1.04516e+15	8.34e-18	3.37e-12	2.28e-07	3.13e-04	2.38e-02	2.33e-01	7.43e-01	0.00e+00	0.00e+00	0.00e+00	0.00e+00	0.00e+00
 1.07549e+15	1.14e-17	4.42e-12	2.84e-07	3.67e-04	2.63e-02	2.44e-01	7.30e-01	0.00e+00	0.00e+00	0.00e+00	0.00e+00	0.00e+00
 1.10811e+15	1.56e-17	5.85e-12	3.56e-07	4.33e-04	2.91e-02	2.55e-01	7.15e-01	0.00e+00	0.00e+00	0.00e+00	0.00e+00	0.00e+00
 1.14910e+15	2.40e-17	8.33e-12	4.68e-07	5.29e-04	3.28e-02	2.70e-01	6.96e-01	0.00e+00	0.00e+00	1.37e-17	7.27e-18	2.57e-18
 1.19194e+15	3.43e-17	1.15e-11	6.16e-07	6.44e-04	3.71e-02	2.85e-01	6.77e-01	0.00e+00	0.00e+00	1.96e-17	1.04e-17	3.66e-18
 1.23046e+15	4.84e-17	1.56e-11	7.81e-07	7.65e-04	4.11e-02	2.98e-01	6.60e-01	0.00e+00	0.00e+00	2.77e-17	1.47e-17	5.14e-18
 1.27240e+15	6.93e-17	2.13e-11	1.00e-06	9.15e-04	4.59e-02	3.12e-01	6.41e-01	0.00e+00	0.00e+00	3.97e-17	2.11e-17	7.33e-18
 1.32204e+15	1.09e-16	3.10e-11	1.33e-06	1.12e-03	5.18e-02	3.29e-01	6.18e-01	0.00e+00	0.00e+00	6.25e-17	3.31e-17	1.14e-17
 1.37082e+15	1.59e-16	4.32e-11	1.74e-06	1.36e-03	5.80e-02	3.44e-01	5.97e-01	0.00e+00	0.00e+00	9.16e-17	4.84e-17	1.67e-17
 1.41532e+15	2.26e-16	5.81e-11	2.19e-06	1.60e-03	6.40e-02	3.57e-01	5.77e-01	0.00e+00	0.00e+00	1.30e-16	6.85e-17	2.35e-17
 1.46512e+15	3.18e-16	7.84e-11	2.82e-06	1.91e-03	7.10e-02	3.71e-01	5.56e-01	0.00e+00	0.00e+00	1.83e-16	9.65e-17	3.30e-17
 1.52315e+15	4.99e-16	1.14e-10	3.73e-06	2.33e-03	7.97e-02	3.87e-01	5.31e-01	0.00e+00	0.00e+00	2.87e-16	1.51e-16	5.15e-17
 1.58032e+15	7.44e-16	1.59e-10	4.85e-06	2.80e-03	8.87e-02	4.01e-01	5.07e-01	0.00e+00	0.00e+00	4.29e-16	2.26e-16	7.65e-17
 1.63460e+15	1.07e-15	2.17e-10	6.15e-06	3.31e-03	9.76e-02	4.14e-01	4.85e-01	0.00e+00	0.00e+00	6.20e-16	3.26e-16	1.10e-16
 1.69484e+15	1.53e-15	2.95e-10	7.93e-06	3.94e-03	1.08e-01	4.27e-01	4.61e-01	0.00e+00	0.00e+00	8.86e-16	4.65e-16	1.57e-16
 1.76266e+15	2.46e-15	4.30e-10	1.04e-05	4.76e-03	1.20e-01	4.40e-01	4.35e-01	0.00e+00	0.00e+00	1.42e-15	7.45e-16	2.50e-16
 1.81974e+15	3.47e-15	5.72e-10	1.30e-05	5.54e-03	1.30e-01	4.50e-01	4.14e-01	0.00e+00	0.00e+00	2.00e-15	1.05e-15	3.52e-16
 1.86107e+15	4.41e-15	6.97e-10	1.51e-05	6.15e-03	1.38e-01	4.56e-01	4.00e-01	0.00e+00	0.00e+00	2.55e-15	1.34e-15	4.47e-16
 1.90439e+15	5.65e-15	8.54e-10	1.77e-05	6.84e-03	1.47e-01	4.62e-01	3.85e-01	0.00e+00	0.00e+00	3.27e-15	1.71e-15	5.72e-16
 1.96071e+15	7.43e-15	1.08e-09	2.15e-05	7.81e-03	1.57e-01	4.69e-01	3.66e-01	0.00e+00	0.00e+00	4.30e-15	2.25e-15	7.51e-16
 2.02351e+15	1.09e-14	1.45e-09	2.65e-05	9.02e-03	1.70e-01	4.76e-01	3.45e-01	0.00e+00	0.00e+00	6.28e-15	3.29e-15	1.09e-15
 2.08213e+15	1.46e-14	1.85e-09	3.20e-05	1.02e-02	1.82e-01	4.80e-01	3.28e-01	0.00e+00	0.00e+00	8.43e-15	4.42e-15	1.46e-15
 2.14572e+15	1.95e-14	2.36e-09	3.89e-05	1.17e-02	1.95e-01	4.85e-01	3.09e-01	0.00e+00	0.00e+00	1.13e-14	5.91e-15	1.96e-15
 2.21733e+15	2.88e-14	3.19e-09	4.82e-05	1.35e-02	2.09e-01	4.88e-01	2.89e-01	0.00e+00	0.00e+00	1.67e-14	8.73e-15	2.89e-15
 2.28529e+15	3.92e-14	4.09e-09	5.83e-05	1.53e-02	2.23e-01	4.90e-01	2.71e-01	0.00e+00	0.00e+00	2.27e-14	1.19e-14	3.93e-15
 2.35957e+15	5.33e-14	5.26e-09	7.14e-05	1.75e-02	2.38e-01	4.91e-01	2.53e-01	0.00e+00	0.00e+00	3.09e-14	1.62e-14	5.32e-15
 2.44306e+15	8.04e-14	7.21e-09	8.89e-05	2.02e-02	2.56e-01	4.91e-01	2.33e-01	0.00e+00	0.00e+00	4.66e-14	2.44e-14	8.02e-15
 2.52197e+15	1.11e-13	9.30e-09	1.08e-04	2.29e-02	2.72e-01	4.89e-01	2.16e-01	0.00e+00	0.00e+00	6.42e-14	3.36e-14	1.10e-14
 2.60803e+15	1.52e-13	1.20e-08	1.33e-04	2.61e-02	2.89e-01	4.86e-01	1.99e-01	0.00e+00	0.00e+00	8.82e-14	4.62e-14	1.51e-14
 2.70354e+15	2.32e-13	1.65e-08	1.65e-04	3.00e-02	3.08e-01	4.81e-01	1.81e-01	0.00e+00	0.00e+00	1.35e-13	7.05e-14	2.31e-14
 2.79173e+15	3.20e-13	2.13e-08	2.00e-04	3.39e-02	3.25e-01	4.75e-01	1.67e-01	0.00e+00	0.00e+00	1.86e-13	9.72e-14	3.18e-14
 2.88678e+15	4.37e-13	2.73e-08	2.43e-04	3.84e-02	3.42e-01	4.67e-01	1.52e-01	0.00e+00	0.00e+00	2.54e-13	1.33e-13	4.34e-14
 2.99336e+15	6.68e-13	3.73e-08	3.01e-04	4.38e-02	3.62e-01	4.57e-01	1.37e-01	0.00e+00	0.00e+00	3.88e-13	2.03e-13	6.62e-14
 3.09350e+15	9.23e-13	4.80e-08	3.63e-04	4.92e-02	3.79e-01	4.47e-01	1.24e-01	0.00e+00	0.00e+00	5.36e-13	2.80e-13	9.15e-14
 3.20223e+15	1.27e-12	6.16e-08	4.41e-04	5.54e-02	3.97e-01	4.36e-01	1.11e-01	0.00e+00	0.00e+00	7.36e-13	3.85e-13	1.25e-13
 3.32366e+15	1.96e-12	8.46e-08	5.45e-04	6.29e-02	4.16e-01	4.22e-01	9.86e-02	0.00e+00	0.00e+00	1.14e-12	5.94e-13	1.93e-13
 3.43260e+15	2.71e-12	1.08e-07	6.51e-04	7.00e-02	4.32e-01	4.09e-01	8.86e-02	0.00e+00	0.00e+00	1.57e-12	8.22e-13	2.68e-13
 3.52984e+15	3.60e-12	1.34e-07	7.59e-04	7.66e-02	4.45e-01	3.97e-01	8.05e-02	0.00e+00	0.00e+00	2.09e-12	1.09e-12	3.55e-13
 3.64087e+15	4.86e-12	1.68e-07	8.98e-04	8.45e-02	4.59e-01	3.83e-01	7.22e-02	0.00e+00	0.00e+00	2.82e-12	1.48e-12	4.80e-13
 3.77771e+15	7.17e-12	2.24e-07	1.10e-03	9.48e-02	4.75e-01	3.66e-01	6.30e-02	0.00e+00	0.00e+00	4.16e-12	2.18e-12	7.08e-13
 3.90007e+15	9.70e-12	2.81e-07	1.30e-03	1.04e-01	4.88e-01	3.50e-01	5.59e-02	0.00e+00	0.00e+00	5.64e-12	2.95e-12	9.58e-13
 3.98947e+15	1.19e-11	3.29e-07	1.46e-03	1.11e-01	4.97e-01	3.39e-01	5.13e-02	0.00e+00	0.00e+00	6.92e-12	3.62e-12	1.18e-12
 4.08404e+15	1.50e-11	3.91e-07	1.65e-03	1.19e-01	5.05e-01	3.27e-01	4.67e-02	0.00e+00	0.00e+00	8.73e-12	4.57e-12	1.48e-12
 4.20699e+15	2.11e-11	4.98e-07	1.93e-03	1.30e-01	5.15e-01	3.12e-01	4.12e-02	0.00e+00	0.00e+00	1.23e-11	6.42e-12	2.09e-12
 4.33329e+15	2.79e-11	6.13e-07	2.25e-03	1.41e-01	5.23e-01	2.97e-01	3.65e-02	0.00e+00	0.00e+00	1.62e-11	8.49e-12	2.75e-12
 4.44440e+15	3.49e-11	7.27e-07	2.55e-03	1.51e-01	5.30e-01	2.84e-01	3.28e-02	0.00e+00	0.00e+00	2.03e-11	1.06e-11	3.45e-12
 4.56928e+15	4.58e-11	8.87e-07	2.94e-03	1.63e-01	5.36e-01	2.69e-01	2.90e-02	0.00e+00	0.00e+00	2.66e-11	1.39e-11	4.52e-12
 4.73164e+15	6.88e-11	1.18e-06	3.53e-03	1.79e-01	5.42e-01	2.51e-01	2.46e-02	0.00e+00	0.00e+00	4.00e-11	2.09e-11	6.79e-12
 4.88915e+15	9.45e-11	1.49e-06	4.15e-03	1.94e-01	5.46e-01	2.34e-01	2.11e-02	0.00e+00	0.00e+00	5.50e-11	2.88e-11	9.33e-12
 5.00940e+15	1.20e-10	1.78e-06	4.69e-03	2.06e-01	5.48e-01	2.22e-01	1.88e-02	0.00e+00	0.00e+00	7.00e-11	3.66e-11	1.19e-11
 5.13476e+15	1.55e-10	2.13e-06	5.31e-03	2.19e-01	5.49e-01	2.09e-01	1.66e-02	0.00e+00	0.00e+00	9.00e-11	4.71e-11	1.53e-11
 5.29774e+15	2.01e-10	2.60e-06	6.19e-03	2.36e-01	5.49e-01	1.94e-01	1.42e-02	0.00e+00	0.00e+00	1.17e-10	6.10e-11	1.98e-11
 5.47061e+15	2.93e-10	3.38e-06	7.29e-03	2.55e-01	5.47e-01	1.79e-01	1.20e-02	0.00e+00	0.00e+00	1.71e-10	8.94e-11	2.90e-11
 5.61852e+15	3.78e-10	4.07e-06	8.30e-03	2.70e-01	5.44e-01	1.67e-01	1.04e-02	0.00e+00	0.00e+00	2.20e-10	1.15e-10	3.73e-11
 5.77296e+15	4.81e-10	4.89e-06	9.50e-03	2.87e-01	5.40e-01	1.54e-01	8.93e-03	0.00e+00	0.00e+00	2.80e-10	1.47e-10	4.75e-11
 5.94347e+15	6.88e-10	6.25e-06	1.10e-02	3.06e-01	5.34e-01	1.41e-01	7.52e-03	0.00e+00	0.00e+00	4.00e-10	2.10e-10	6.81e-11
 6.09681e+15	8.76e-10	7.47e-06	1.25e-02	3.23e-01	5.27e-01	1.31e-01	6.49e-03	0.00e+00	0.00e+00	5.10e-10	2.67e-10	8.67e-11
 6.25807e+15	1.11e-09	8.93e-06	1.43e-02	3.41e-01	5.19e-01	1.20e-01	5.54e-03	0.00e+00	0.00e+00	6.46e-10	3.39e-10	1.10e-10
 6.43688e+15	1.60e-09	1.14e-05	1.65e-02	3.61e-01	5.09e-01	1.09e-01	4.61e-03	0.00e+00	0.00e+00	9.29e-10	4.87e-10	1.58e-10
 6.59455e+15	2.02e-09	1.36e-05	1.87e-02	3.78e-01	4.99e-01	1.00e-01	3.95e-03	0.00e+00	0.00e+00	1.17e-09	6.16e-10	2.00e-10
 6.73426e+15	2.46e-09	1.58e-05	2.08e-02	3.93e-01	4.90e-01	9.29e-02	3.44e-03	0.00e+00	0.00e+00	1.43e-09	7.50e-10	2.44e-10
 6.89456e+15	3.17e-09	1.90e-05	2.36e-02	4.11e-01	4.78e-01	8.48e-02	2.93e-03	0.00e+00	0.00e+00	1.84e-09	9.67e-10	3.14e-10
 7.07204e+15	4.54e-09	2.43e-05	2.72e-02	4.30e-01	4.64e-01	7.63e-02	2.42e-03	0.00e+00	0.00e+00	2.64e-09	1.39e-09	4.51e-10
 7.21231e+15	5.62e-09	2.84e-05	3.01e-02	4.45e-01	4.52e-01	7.03e-02	2.10e-03	0.00e+00	0.00e+00	3.27e-09	1.72e-09	5.58e-10
 7.31753e+15	6.69e-09	3.22e-05	3.27e-02	4.56e-01	4.43e-01	6.60e-02	1.88e-03	0.00e+00	0.00e+00	3.89e-09	2.04e-09	6.64e-10
 7.43670e+15	8.17e-09	3.72e-05	3.59e-02	4.69e-01	4.32e-01	6.12e-02	1.65e-03	0.00e+00	0.00e+00	4.76e-09	2.50e-09	8.12e-10
 7.59163e+15	9.93e-09	4.33e-05	4.03e-02	4.85e-01	4.18e-01	5.56e-02	1.41e-03	0.00e+00	0.00e+00	5.78e-09	3.03e-09	9.87e-10
 7.76380e+15	1.42e-08	5.53e-05	4.63e-02	5.02e-01	4.01e-01	4.95e-02	1.16e-03	0.00e+00	0.00e+00	8.28e-09	4.35e-09	1.42e-09
 7.91635e+15	1.78e-08	6.54e-05	5.19e-02	5.17e-01	3.85e-01	4.48e-02	9.82e-04	0.00e+00	0.00e+00	1.04e-08	5.44e-09	1.77e-09
 8.04850e+15	2.15e-08	7.54e-05	5.75e-02	5.29e-01	3.71e-01	4.09e-02	8.48e-04	0.00e+00	0.00e+00	1.25e-08	6.56e-09	2.14e-09
 8.19616e+15	2.75e-08	9.04e-05	6.48e-02	5.43e-01	3.55e-01	3.67e-02	7.13e-04	0.00e+00	0.00e+00	1.60e-08	8.40e-09	2.74e-09
 8.36220e+15	4.02e-08	1.17e-04	7.46e-02	5.56e-01	3.36e-01	3.22e-02	5.77e-04	0.00e+00	0.00e+00	2.34e-08	1.23e-08	4.00e-09
 8.50985e+15	5.11e-08	1.40e-04	8.41e-02	5.67e-01	3.19e-01	2.87e-02	4.83e-04	0.00e+00	0.00e+00	2.97e-08	1.56e-08	5.10e-09
 8.63692e+15	6.21e-08	1.62e-04	9.35e-02	5.76e-01	3.04e-01	2.59e-02	4.12e-04	0.00e+00	0.00e+00	3.61e-08	1.90e-08	6.19e-09
 8.77953e+15	8.97e-08	2.09e-04	1.07e-01	5.84e-01	2.86e-01	2.27e-02	3.34e-04	0.00e+00	0.00e+00	5.22e-08	2.74e-08	8.96e-09
 8.92673e+15	1.09e-07	2.44e-04	1.21e-01	5.91e-01	2.68e-01	2.00e-02	2.77e-04	0.00e+00	0.00e+00	6.34e-08	3.33e-08	1.09e-08
 9.05721e+15	1.59e-07	3.15e-04	1.38e-01	5.95e-01	2.50e-01	1.74e-02	2.23e-04	0.00e+00	0.00e+00	9.25e-08	4.86e-08	1.59e-08
 9.16859e+15	2.01e-07	3.74e-04	1.53e-01	5.96e-01	2.35e-01	1.55e-02	1.88e-04	0.00e+00	0.00e+00	1.17e-07	6.16e-08	2.02e-08
 9.26105e+15	2.47e-07	4.35e-04	1.67e-01	5.96e-01	2.22e-01	1.39e-02	1.62e-04	0.00e+00	0.00e+00	1.44e-07	7.57e-08	2.48e-08
 9.36448e+15	3.10e-07	5.14e-04	1.86e-01	5.94e-01	2.07e-01	1.23e-02	1.35e-04	0.00e+00	0.00e+00	1.81e-07	9.50e-08	3.11e-08
 9.47679e+15	4.07e-07	6.26e-04	2.09e-01	5.89e-01	1.91e-01	1.07e-02	1.10e-04	0.00e+00	0.00e+00	2.37e-07	1.25e-07	4.08e-08
 9.57241e+15	4.93e-07	7.23e-04	2.30e-01	5.83e-01	1.76e-01	9.37e-03	9.20e-05	0.00e+00	0.00e+00	2.87e-07	1.51e-07	4.94e-08
 9.66850e+15	7.01e-07	9.17e-04	2.58e-01	5.72e-01	1.61e-01	7.99e-03	7.30e-05	0.00e+00	0.00e+00	4.08e-07	2.15e-07	7.04e-08
 9.74832e+15	8.57e-07	1.06e-03	2.81e-01	5.62e-01	1.49e-01	7.05e-03	6.15e-05	0.00e+00	0.00e+00	4.99e-07	2.62e-07	8.61e-08
 9.79427e+15	9.76e-07	1.16e-03	2.96e-01	5.55e-01	1.41e-01	6.51e-03	5.51e-05	0.00e+00	0.00e+00	5.68e-07	2.99e-07	9.81e-08
 9.84128e+15	1.13e-06	1.29e-03	3.13e-01	5.46e-01	1.34e-01	5.95e-03	4.87e-05	0.00e+00	0.00e+00	6.55e-07	3.45e-07	1.13e-07
 9.90240e+15	1.28e-06	1.42e-03	3.35e-01	5.34e-01	1.24e-01	5.30e-03	4.19e-05	0.00e+00	0.00e+00	7.43e-07	3.91e-07	1.28e-07
 9.98185e+15	1.71e-06	1.74e-03	3.70e-01	5.14e-01	1.11e-01	4.44e-03	3.29e-05	0.00e+00	0.00e+00	9.96e-07	5.25e-07	1.72e-07
 1.00513e+16	2.02e-06	1.96e-03	3.99e-01	4.95e-01	9.97e-02	3.81e-03	2.70e-05	0.00e+00	0.00e+00	1.17e-06	6.19e-07	2.03e-07
 1.00981e+16	2.49e-06	2.26e-03	4.23e-01	4.79e-01	9.19e-02	3.36e-03	2.27e-05	0.00e+00	0.00e+00	1.45e-06	7.64e-07	2.51e-07
 1.01388e+16	2.88e-06	2.49e-03	4.44e-01	4.65e-01	8.53e-02	3.01e-03	1.96e-05	0.00e+00	0.00e+00	1.67e-06	8.83e-07	2.90e-07
 1.01810e+16	3.30e-06	2.74e-03	4.67e-01	4.49e-01	7.86e-02	2.67e-03	1.68e-05	0.00e+00	0.00e+00	1.92e-06	1.01e-06	3.33e-07
 1.02358e+16	4.00e-06	3.13e-03	4.98e-01	4.27e-01	6.99e-02	2.26e-03	1.35e-05	0.00e+00	0.00e+00	2.32e-06	1.23e-06	4.04e-07
 1.02925e+16	4.86e-06	3.58e-03	5.31e-01	4.02e-01	6.14e-02	1.88e-03	1.06e-05	0.00e+00	0.00e+00	2.83e-06	1.49e-06	4.92e-07
 1.03388e+16	5.53e-06	3.92e-03	5.58e-01	3.82e-01	5.49e-02	1.60e-03	8.72e-06	0.00e+00	0.00e+00	3.22e-06	1.70e-06	5.60e-07
 1.03864e+16	6.58e-06	4.40e-03	5.88e-01	3.58e-01	4.82e-02	1.34e-03	6.90e-06	0.00e+00	0.00e+00	3.82e-06	2.02e-06	6.66e-07
 1.04384e+16	8.27e-06	5.11e-03	6.21e-01	3.31e-01	4.13e-02	1.07e-03	5.19e-06	0.00e+00	0.00e+00	4.81e-06	2.54e-06	8.39e-07
 1.04815e+16	9.33e-06	5.54e-03	6.47e-01	3.10e-01	3.63e-02	9.00e-04	4.18e-06	0.00e+00	0.00e+00	5.42e-06	2.87e-06	9.46e-07
 1.05232e+16	1.13e-05	6.26e-03	6.75e-01	2.87e-01	3.13e-02	7.31e-04	3.20e-06	0.00e+00	0.00e+00	6.57e-06	3.47e-06	1.15e-06
 1.05682e+16	1.33e-05	6.94e-03	7.02e-01	2.64e-01	2.67e-02	5.88e-04	2.44e-06	0.00e+00	0.00e+00	7.72e-06	4.08e-06	1.35e-06
 1.06175e+16	1.60e-05	7.79e-03	7.32e-01	2.38e-01	2.21e-02	4.52e-04	1.75e-06	0.00e+00	0.00e+00	9.29e-06	4.91e-06	1.63e-06
 1.06703e+16	1.93e-05	8.75e-03	7.61e-01	2.12e-01	1.79e-02	3.39e-04	1.22e-06	0.00e+00	0.00e+00	1.12e-05	5.92e-06	1.96e-06
 1.07173e+16	2.27e-05	9.67e-03	7.86e-01	1.90e-01	1.46e-02	2.58e-04	8.69e-07	0.00e+00	0.00e+00	1.32e-05	6.97e-06	2.31e-06
 1.07684e+16	2.72e-05	1.08e-02	8.11e-01	1.67e-01	1.15e-02	1.87e-04	0.00e+00	0.00e+00	0.00e+00	1.58e-05	8.36e-06	2.78e-06
 1.08246e+16	3.29e-05	1.21e-02	8.35e-01	1.44e-01	8.84e-03	1.30e-04	0.00e+00	0.00e+00	0.00e+00	1.91e-05	1.01e-05	3.36e-06
 1.08775e+16	3.90e-05	1.33e-02	8.56e-01	1.24e-01	6.84e-03	9.16e-05	0.00e+00	0.00e+00	0.00e+00	2.27e-05	1.20e-05	4.00e-06
 1.09360e+16	4.71e-05	1.48e-02	8.75e-01	1.05e-01	5.05e-03	6.05e-05	0.00e+00	0.00e+00	0.00e+00	2.74e-05	1.45e-05	4.84e-06
 1.09893e+16	5.52e-05	1.62e-02	8.90e-01	9.02e-02	3.87e-03	4.21e-05	0.00e+00	0.00e+00	0.00e+00	3.21e-05	1.70e-05	5.67e-06
 1.10248e+16	6.14e-05	1.71e-02	8.98e-01	8.13e-02	3.22e-03	3.27e-05	0.00e+00	0.00e+00	0.00e+00	3.57e-05	1.89e-05	6.31e-06
 1.10600e+16	6.83e-05	1.82e-02	9.06e-01	7.30e-02	2.66e-03	2.52e-05	0.00e+00	0.00e+00	0.00e+00	3.97e-05	2.10e-05	7.02e-06
 1.11058e+16	7.81e-05	1.95e-02	9.15e-01	6.34e-02	2.07e-03	1.78e-05	0.00e+00	0.00e+00	0.00e+00	4.54e-05	2.40e-05	8.04e-06
 1.11565e+16	8.98e-05	2.10e-02	9.23e-01	5.45e-02	1.58e-03	1.23e-05	0.00e+00	0.00e+00	0.00e+00	5.22e-05	2.77e-05	9.26e-06
 1.12039e+16	1.02e-04	2.25e-02	9.29e-01	4.73e-02	1.23e-03	8.65e-06	0.00e+00	0.00e+00	0.00e+00	5.96e-05	3.16e-05	1.06e-05
 1.12562e+16	1.18e-04	2.42e-02	9.34e-01	4.03e-02	9.27e-04	5.81e-06	0.00e+00	0.00e+00	0.00e+00	6.86e-05	3.64e-05	1.22e-05
 1.13139e+16	1.37e-04	2.62e-02	9.39e-01	3.40e-02	6.86e-04	3.80e-06	0.00e+00	0.00e+00	0.00e+00	7.99e-05	4.23e-05	1.42e-05
 1.13659e+16	1.57e-04	2.81e-02	9.42e-01	2.93e-02	5.25e-04	2.61e-06	0.00e+00	0.00e+00	0.00e+00	9.15e-05	4.85e-05	1.63e-05
 1.14126e+16	1.78e-04	2.99e-02	9.44e-01	2.56e-02	4.13e-04	1.85e-06	0.00e+00	0.00e+00	0.00e+00	1.03e-04	5.47e-05	1.84e-05
 1.14653e+16	2.03e-04	3.20e-02	9.46e-01	2.19e-02	3.14e-04	1.25e-06	0.00e+00	0.00e+00	0.00e+00	1.18e-04	6.25e-05	2.10e-05
 1.15245e+16	2.36e-04	3.46e-02	9.46e-01	1.85e-02	2.34e-04	8.17e-07	0.00e+00	0.00e+00	0.00e+00	1.37e-04	7.28e-05	2.45e-05
 1.15779e+16	2.71e-04	3.71e-02	9.47e-01	1.60e-02	1.80e-04	0.00e+00	0.00e+00	0.00e+00	0.00e+00	1.57e-04	8.34e-05	2.80e-05
 1.16254e+16	3.07e-04	3.95e-02	9.46e-01	1.40e-02	1.43e-04	0.00e+00	0.00e+00	0.00e+00	0.00e+00	1.78e-04	9.45e-05	3.17e-05
