#depth	C	C+	C+2	C+3	C+4	C+5	C+6	C[1]	C[2]	C[3]	C+[1]	C+[2]	CO
 1.49634e+10	0.00e+00	4.60e-30	7.76e-21	2.97e-12	5.06e-03	8.97e-01	9.80e-02	0.00e+00	0.00e+00	0.00e+00	0.00e+00	0.00e+00	0.00e+00
 4.54887e+10	5.54e-40	6.49e-30	1.01e-20	3.55e-12	5.56e-03	9.04e-01	9.08e-02	0.00e+00	0.00e+00	0.00e+00	0.00e+00	0.00e+00	3.04e-129
 7.72350e+10	0.00e+00	9.16e-30	1.31e-20	4.24e-12	6.11e-03	9.10e-01	8.41e-02	0.00e+00	0.00e+00	0.00e+00	0.00e+00	0.00e+00	0.00e+00
 1.10251e+11	1.30e-39	1.29e-29	1.70e-20	5.06e-12	6.71e-03	9.15e-01	7.78e-02	0.00e+00	0.00e+00	0.00e+00	0.00e+00	0.00e+00	3.04e-128
 1.42809e+11	0.00e+00	1.80e-29	2.18e-20	6.00e-12	7.33e-03	9.20e-01	7.23e-02	0.00e+00	0.00e+00	0.00e+00	0.00e+00	0.00e+00	0.00e+00
 1.76668e+11	2.94e-39	2.50e-29	2.80e-20	7.11e-12	8.01e-03	9.25e-01	6.70e-02	0.00e+00	0.00e+00	0.00e+00	0.00e+00	0.00e+00	2.73e-127
 2.13662e+11	0.00e+00	3.53e-29	3.65e-20	8.50e-12	8.80e-03	9.29e-01	6.19e-02	0.00e+00	0.00e+00	0.00e+00	0.00e+00	0.00e+00	0.00e+00
 2.51195e+11	6.91e-39	4.96e-29	4.72e-20	1.01e-11	9.64e-03	9.33e-01	5.72e-02	0.00e+00	0.00e+00	0.00e+00	0.00e+00	0.00e+00	2.70e-126
 2.90229e+11	0.00e+00	6.98e-29	6.12e-20	1.21e-11	1.06e-02	9.37e-01	5.28e-02	0.00e+00	0.00e+00	0.00e+00	0.00e+00	0.00e+00	0.00e+00
 3.28290e+11	1.57e-38	9.62e-29	7.81e-20	1.42e-11	1.15e-02	9.40e-01	4.90e-02	0.00e+00	0.00e+00	0.00e+00	0.00e+00	0.00e+00	2.44e-125
 3.62647e+11	0.00e+00	1.27e-28	9.66e-20	1.65e-11	1.24e-02	9.42e-01	4.58e-02	0.00e+00	0.00e+00	0.00e+00	0.00e+00	0.00e+00	0.00e+00
 4.00958e+11	3.25e-38	1.73e-28	1.22e-19	1.93e-11	1.35e-02	9.44e-01	4.26e-02	0.00e+00	0.00e+00	0.00e+00	0.00e+00	0.00e+00	1.70e-124
 4.46029e+11	0.00e+00	2.44e-28	1.59e-19	2.30e-11	1.48e-02	9.46e-01	3.93e-02	0.00e+00	0.00e+00	0.00e+00	0.00e+00	0.00e+00	0.00e+00
 4.90733e+11	7.54e-38	3.41e-28	2.04e-19	2.73e-11	1.62e-02	9.48e-01	3.63e-02	0.00e+00	0.00e+00	0.00e+00	0.00e+00	0.00e+00	1.61e-123
 5.32499e+11	0.00e+00	4.60e-28	2.57e-19	3.19e-11	1.75e-02	9.49e-01	3.37e-02	0.00e+00	0.00e+00	0.00e+00	0.00e+00	0.00e+00	0.00e+00
 5.78999e+11	1.63e-37	6.36e-28	3.28e-19	3.77e-11	1.91e-02	9.50e-01	3.12e-02	0.00e+00	0.00e+00	0.00e+00	0.00e+00	0.00e+00	1.26e-122
 6.32085e+11	0.00e+00	9.10e-28	4.31e-19	4.54e-11	2.10e-02	9.50e-01	2.86e-02	0.00e+00	0.00e+00	0.00e+00	0.00e+00	0.00e+00	0.00e+00
 6.84418e+11	3.88e-37	1.28e-27	5.59e-19	5.42e-11	2.30e-02	9.51e-01	2.63e-02	0.00e+00	0.00e+00	0.00e+00	0.00e+00	0.00e+00	1.25e-121
 7.38844e+11	0.00e+00	1.80e-27	7.26e-19	6.46e-11	2.52e-02	9.51e-01	2.42e-02	0.00e+00	0.00e+00	0.00e+00	0.00e+00	0.00e+00	0.00e+00
 7.98325e+11	9.27e-37	2.58e-27	9.56e-19	7.79e-11	2.78e-02	9.50e-01	2.21e-02	0.00e+00	0.00e+00	0.00e+00	0.00e+00	0.00e+00	1.25e-120
 8.58404e+11	0.00e+00	3.67e-27	1.25e-18	9.36e-11	3.06e-02	9.49e-01	2.02e-02	0.00e+00	0.00e+00	0.00e+00	0.00e+00	0.00e+00	0.00e+00
 9.20887e+11	2.22e-36	5.23e-27	1.64e-18	1.12e-10	3.36e-02	9.48e-01	1.85e-02	0.00e+00	0.00e+00	0.00e+00	0.00e+00	0.00e+00	1.25e-119
 9.84949e+11	0.00e+00	7.43e-27	2.14e-18	1.35e-10	3.69e-02	9.46e-01	1.70e-02	0.00e+00	0.00e+00	0.00e+00	0.00e+00	0.00e+00	0.00e+00
 1.04728e+12	5.14e-36	1.03e-26	2.76e-18	1.60e-10	4.03e-02	9.44e-01	1.56e-02	0.00e+00	0.00e+00	0.00e+00	0.00e+00	0.00e+00	1.13e-118
 1.11481e+12	0.00e+00	1.46e-26	3.59e-18	1.92e-10	4.42e-02	9.41e-01	1.43e-02	0.00e+00	0.00e+00	0.00e+00	0.00e+00	0.00e+00	0.00e+00
 1.18933e+12	1.24e-35	2.10e-26	4.76e-18	2.32e-10	4.88e-02	9.38e-01	1.30e-02	0.00e+00	0.00e+00	0.00e+00	0.00e+00	0.00e+00	1.13e-117
 1.26683e+12	1.95e-35	3.04e-26	6.31e-18	2.81e-10	5.39e-02	9.34e-01	1.18e-02	0.00e+00	0.00e+00	0.00e+00	0.00e+00	0.00e+00	0.00e+00
 1.34743e+12	3.06e-35	4.39e-26	8.37e-18	3.41e-10	5.94e-02	9.30e-01	1.07e-02	0.00e+00	0.00e+00	0.00e+00	0.00e+00	0.00e+00	1.22e-116
 1.43126e+12	4.82e-35	6.34e-26	1.11e-17	4.13e-10	6.56e-02	9.25e-01	9.73e-03	0.00e+00	0.00e+00	0.00e+00	0.00e+00	0.00e+00	0.00e+00
 1.50697e+12	7.17e-35	8.75e-26	1.42e-17	4.90e-10	7.15e-02	9.20e-01	8.92e-03	0.00e+00	0.00e+00	0.00e+00	0.00e+00	0.00e+00	1.12e-115
 1.56977e+12	9.84e-35	1.13e-25	1.74e-17	5.60e-10	7.66e-02	9.15e-01	8.32e-03	0.00e+00	0.00e+00	0.00e+00	0.00e+00	0.00e+00	3.73e-98
 1.63836e+12	1.38e-34	1.49e-25	2.14e-17	6.46e-10	8.23e-02	9.10e-01	7.72e-03	0.00e+00	0.00e+00	0.00e+00	0.00e+00	0.00e+00	0.00e+00
 1.72563e+12	2.08e-34	2.08e-25	2.77e-17	7.71e-10	9.00e-02	9.03e-01	7.04e-03	0.00e+00	0.00e+00	0.00e+00	0.00e+00	0.00e+00	1.81e-114
 1.81706e+12	3.17e-34	2.93e-25	3.61e-17	9.23e-10	9.86e-02	8.95e-01	6.40e-03	0.00e+00	0.00e+00	0.00e+00	0.00e+00	0.00e+00	4.95e-97
 1.89778e+12	4.52e-34	3.91e-25	4.52e-17	1.07e-09	1.06e-01	8.88e-01	5.89e-03	0.00e+00	0.00e+00	0.00e+00	0.00e+00	0.00e+00	1.37e-113
 1.97322e+12	6.22e-34	5.07e-25	5.53e-17	1.23e-09	1.14e-01	8.81e-01	5.46e-03	0.00e+00	0.00e+00	0.00e+00	0.00e+00	0.00e+00	2.20e-96
 2.05984e+12	8.88e-34	6.78e-25	6.91e-17	1.44e-09	1.23e-01	8.72e-01	5.02e-03	0.00e+00	0.00e+00	0.00e+00	0.00e+00	0.00e+00	8.07e-113
 2.16594e+12	1.35e-33	9.55e-25	9.01e-17	1.72e-09	1.34e-01	8.61e-01	4.54e-03	0.00e+00	0.00e+00	0.00e+00	0.00e+00	0.00e+00	1.22e-95
 2.27165e+12	2.03e-33	1.33e-24	1.16e-16	2.04e-09	1.46e-01	8.50e-01	4.11e-03	0.00e+00	0.00e+00	0.00e+00	0.00e+00	0.00e+00	7.06e-112
 2.36391e+12	2.84e-33	1.75e-24	1.44e-16	2.36e-09	1.57e-01	8.39e-01	3.78e-03	0.00e+00	0.00e+00	0.00e+00	0.00e+00	0.00e+00	6.30e-95
 2.46439e+12	4.04e-33	2.33e-24	1.80e-16	2.74e-09	1.69e-01	8.28e-01	3.45e-03	0.00e+00	0.00e+00	0.00e+00	0.00e+00	0.00e+00	4.36e-111
 2.58656e+12	6.10e-33	3.26e-24	2.33e-16	3.27e-09	1.83e-01	8.13e-01	3.10e-03	0.00e+00	0.00e+00	0.00e+00	0.00e+00	0.00e+00	3.45e-94
 2.71101e+12	9.14e-33	4.53e-24	3.01e-16	3.89e-09	1.99e-01	7.98e-01	2.79e-03	0.00e+00	0.00e+00	0.00e+00	0.00e+00	0.00e+00	3.83e-110
 2.82556e+12	1.30e-32	6.04e-24	3.76e-16	4.51e-09	2.14e-01	7.84e-01	2.54e-03	0.00e+00	0.00e+00	0.00e+00	0.00e+00	0.00e+00	1.87e-93
 2.95322e+12	1.90e-32	8.21e-24	4.76e-16	5.29e-09	2.30e-01	7.68e-01	2.29e-03	0.00e+00	0.00e+00	0.00e+00	0.00e+00	0.00e+00	2.72e-109
 3.10084e+12	2.88e-32	1.15e-23	6.20e-16	6.31e-09	2.49e-01	7.49e-01	2.03e-03	0.00e+00	0.00e+00	0.00e+00	0.00e+00	0.00e+00	1.12e-92
 3.24551e+12	4.26e-32	1.59e-23	7.93e-16	7.43e-09	2.69e-01	7.30e-01	1.81e-03	0.00e+00	0.00e+00	0.00e+00	0.00e+00	0.00e+00	2.43e-108
 3.38341e+12	6.07e-32	2.12e-23	9.90e-16	8.62e-09	2.87e-01	7.11e-01	1.63e-03	0.00e+00	0.00e+00	0.00e+00	0.00e+00	0.00e+00	6.05e-92
 3.53612e+12	8.83e-32	2.87e-23	1.25e-15	1.01e-08	3.07e-01	6.92e-01	1.46e-03	0.00e+00	0.00e+00	0.00e+00	0.00e+00	0.00e+00	1.79e-107
 3.70749e+12	1.32e-31	3.98e-23	1.61e-15	1.19e-08	3.30e-01	6.69e-01	1.29e-03	0.00e+00	0.00e+00	0.00e+00	0.00e+00	0.00e+00	3.58e-91
 3.86347e+12	1.87e-31	5.29e-23	2.00e-15	1.37e-08	3.50e-01	6.49e-01	1.15e-03	0.00e+00	0.00e+00	0.00e+00	0.00e+00	0.00e+00	1.44e-106
 3.99497e+12	2.48e-31	6.64e-23	2.38e-15	1.53e-08	3.67e-01	6.32e-01	1.05e-03	0.00e+00	0.00e+00	0.00e+00	0.00e+00	0.00e+00	1.54e-90
 4.13961e+12	3.34e-31	8.44e-23	2.86e-15	1.73e-08	3.85e-01	6.14e-01	9.53e-04	0.00e+00	0.00e+00	0.00e+00	0.00e+00	0.00e+00	7.27e-106
 4.32075e+12	4.78e-31	1.13e-22	3.57e-15	1.99e-08	4.08e-01	5.91e-01	8.44e-04	0.00e+00	0.00e+00	0.00e+00	0.00e+00	0.00e+00	7.09e-90
 4.50215e+12	6.75e-31	1.49e-22	4.41e-15	2.29e-08	4.30e-01	5.69e-01	7.49e-04	0.00e+00	0.00e+00	0.00e+00	0.00e+00	0.00e+00	5.31e-105
 4.65533e+12	8.90e-31	1.86e-22	5.22e-15	2.55e-08	4.48e-01	5.51e-01	6.79e-04	0.00e+00	0.00e+00	0.00e+00	0.00e+00	0.00e+00	3.06e-89
 4.81901e+12	1.18e-30	2.34e-22	6.21e-15	2.84e-08	4.67e-01	5.32e-01	6.13e-04	0.00e+00	0.00e+00	0.00e+00	0.00e+00	0.00e+00	2.65e-104
 5.02473e+12	1.67e-30	3.09e-22	7.66e-15	3.25e-08	4.90e-01	5.10e-01	5.40e-04	0.00e+00	0.00e+00	0.00e+00	0.00e+00	0.00e+00	1.36e-88
 5.23903e+12	2.35e-30	4.07e-22	9.43e-15	3.70e-08	5.13e-01	4.86e-01	4.74e-04	0.00e+00	0.00e+00	0.00e+00	0.00e+00	0.00e+00	1.94e-103
 5.43130e+12	3.15e-30	5.16e-22	1.13e-14	4.13e-08	5.33e-01	4.67e-01	4.24e-04	0.00e+00	0.00e+00	0.00e+00	0.00e+00	0.00e+00	6.30e-88
 5.64099e+12	4.28e-30	6.59e-22	1.35e-14	4.63e-08	5.53e-01	4.47e-01	3.76e-04	0.00e+00	0.00e+00	0.00e+00	0.00e+00	0.00e+00	1.12e-102
 5.88966e+12	6.06e-30	8.71e-22	1.67e-14	5.27e-08	5.76e-01	4.23e-01	3.27e-04	0.00e+00	0.00e+00	0.00e+00	0.00e+00	0.00e+00	3.09e-87
 6.12555e+12	8.31e-30	1.12e-21	2.01e-14	5.92e-08	5.97e-01	4.02e-01	2.87e-04	0.00e+00	0.00e+00	0.00e+00	0.00e+00	0.00e+00	8.05e-102
 6.32621e+12	1.08e-29	1.38e-21	2.34e-14	6.49e-08	6.14e-01	3.86e-01	2.58e-04	0.00e+00	0.00e+00	0.00e+00	0.00e+00	0.00e+00	1.26e-86
 6.54453e+12	1.41e-29	1.71e-21	2.75e-14	7.15e-08	6.31e-01	3.69e-01	2.31e-04	0.00e+00	0.00e+00	0.00e+00	0.00e+00	0.00e+00	3.88e-101
 6.81626e+12	1.94e-29	2.21e-21	3.32e-14	8.01e-08	6.51e-01	3.49e-01	2.01e-04	0.00e+00	0.00e+00	0.00e+00	0.00e+00	0.00e+00	5.50e-86
 7.09582e+12	2.67e-29	2.84e-21	4.00e-14	8.96e-08	6.71e-01	3.29e-01	1.75e-04	0.00e+00	0.00e+00	0.00e+00	0.00e+00	0.00e+00	2.71e-100
 7.34402e+12	3.50e-29	3.52e-21	4.68e-14	9.83e-08	6.87e-01	3.13e-01	1.56e-04	0.00e+00	0.00e+00	0.00e+00	0.00e+00	0.00e+00	2.40e-85
 7.61304e+12	4.63e-29	4.41e-21	5.51e-14	1.08e-07	7.03e-01	2.97e-01	1.37e-04	0.00e+00	0.00e+00	0.00e+00	0.00e+00	0.00e+00	1.46e-99
 7.93536e+12	6.40e-29	5.69e-21	6.65e-14	1.21e-07	7.21e-01	2.79e-01	1.19e-04	0.00e+00	0.00e+00	0.00e+00	0.00e+00	0.00e+00	1.11e-84
 8.25669e+12	8.72e-29	7.27e-21	7.94e-14	1.34e-07	7.38e-01	2.62e-01	1.03e-04	0.00e+00	0.00e+00	0.00e+00	0.00e+00	0.00e+00	1.02e-98
 8.54925e+12	1.14e-28	9.00e-21	9.26e-14	1.46e-07	7.52e-01	2.48e-01	9.10e-05	0.00e+00	0.00e+00	0.00e+00	0.00e+00	0.00e+00	4.92e-84
 8.87471e+12	1.52e-28	1.13e-20	1.09e-13	1.61e-07	7.66e-01	2.34e-01	7.96e-05	0.00e+00	0.00e+00	0.00e+00	0.00e+00	0.00e+00	5.87e-98
 9.25480e+12	2.10e-28	1.46e-20	1.31e-13	1.79e-07	7.82e-01	2.18e-01	6.84e-05	0.00e+00	0.00e+00	0.00e+00	0.00e+00	0.00e+00	2.37e-83
 9.62949e+12	2.86e-28	1.85e-20	1.56e-13	1.97e-07	7.96e-01	2.04e-01	5.92e-05	0.00e+00	0.00e+00	0.00e+00	0.00e+00	0.00e+00	4.21e-97
 9.98407e+12	3.77e-28	2.30e-20	1.82e-13	2.15e-07	8.08e-01	1.92e-01	5.18e-05	0.00e+00	0.00e+00	0.00e+00	0.00e+00	0.00e+00	1.10e-82
 1.03783e+13	5.07e-28	2.91e-20	2.14e-13	2.36e-07	8.20e-01	1.80e-01	4.49e-05	0.00e+00	0.00e+00	0.00e+00	0.00e+00	0.00e+00	2.60e-96
 1.08233e+13	6.98e-28	3.74e-20	2.56e-13	2.61e-07	8.32e-01	1.68e-01	3.84e-05	0.00e+00	0.00e+00	0.00e+00	0.00e+00	0.00e+00	5.52e-82
 1.12709e+13	9.52e-28	4.77e-20	3.04e-13	2.86e-07	8.44e-01	1.56e-01	3.31e-05	0.00e+00	0.00e+00	0.00e+00	0.00e+00	0.00e+00	1.92e-95
 1.17363e+13	1.30e-27	6.07e-20	3.61e-13	3.15e-07	8.54e-01	1.46e-01	2.84e-05	0.00e+00	0.00e+00	0.00e+00	0.00e+00	0.00e+00	2.85e-81
 1.22357e+13	1.78e-27	7.77e-20	4.29e-13	3.46e-07	8.65e-01	1.35e-01	2.43e-05	0.00e+00	0.00e+00	0.00e+00	0.00e+00	0.00e+00	1.42e-94
 1.27550e+13	2.44e-27	9.95e-20	5.11e-13	3.80e-07	8.74e-01	1.25e-01	2.07e-05	0.00e+00	0.00e+00	0.00e+00	0.00e+00	0.00e+00	1.54e-80
 1.32657e+13	3.28e-27	1.26e-19	6.01e-13	4.16e-07	8.83e-01	1.17e-01	1.79e-05	0.00e+00	0.00e+00	0.00e+00	0.00e+00	0.00e+00	1.03e-93
 1.37427e+13	4.29e-27	1.55e-19	6.96e-13	4.50e-07	8.90e-01	1.10e-01	1.56e-05	0.00e+00	0.00e+00	0.00e+00	0.00e+00	0.00e+00	7.01e-80
 1.42683e+13	5.71e-27	1.93e-19	8.12e-13	4.89e-07	8.98e-01	1.02e-01	1.35e-05	0.00e+00	0.00e+00	0.00e+00	0.00e+00	0.00e+00	6.13e-93
 1.48082e+13	7.58e-27	2.40e-19	9.47e-13	5.31e-07	9.05e-01	9.54e-02	1.17e-05	0.00e+00	0.00e+00	0.00e+00	0.00e+00	0.00e+00	3.21e-79
 1.52656e+13	9.54e-27	2.88e-19	1.07e-12	5.68e-07	9.10e-01	9.02e-02	1.04e-05	0.00e+00	0.00e+00	0.00e+00	0.00e+00	0.00e+00	3.22e-92
 1.57530e+13	1.21e-26	3.46e-19	1.22e-12	6.09e-07	9.15e-01	8.50e-02	9.21e-06	0.00e+00	0.00e+00	0.00e+00	0.00e+00	0.00e+00	1.13e-78
 1.63640e+13	1.61e-26	4.33e-19	1.43e-12	6.62e-07	9.21e-01	7.91e-02	7.94e-06	0.00e+00	0.00e+00	0.00e+00	0.00e+00	0.00e+00	2.43e-78
 1.69906e+13	2.15e-26	5.41e-19	1.67e-12	7.19e-07	9.26e-01	7.36e-02	6.84e-06	0.00e+00	0.00e+00	0.00e+00	0.00e+00	0.00e+00	5.26e-78
 1.75473e+13	2.74e-26	6.54e-19	1.90e-12	7.71e-07	9.31e-01	6.93e-02	6.03e-06	0.00e+00	0.00e+00	0.00e+00	0.00e+00	0.00e+00	1.02e-77
 1.81581e+13	3.56e-26	7.99e-19	2.19e-12	8.30e-07	9.35e-01	6.49e-02	5.28e-06	0.00e+00	0.00e+00	0.00e+00	0.00e+00	0.00e+00	2.05e-77
 1.88364e+13	4.67e-26	9.92e-19	2.54e-12	9.00e-07	9.40e-01	6.04e-02	4.56e-06	0.00e+00	0.00e+00	0.00e+00	0.00e+00	0.00e+00	4.28e-77
 1.94614e+13	6.00e-26	1.20e-18	2.90e-12	9.65e-07	9.43e-01	5.67e-02	4.01e-06	0.00e+00	0.00e+00	0.00e+00	0.00e+00	0.00e+00	8.40e-77
 2.01326e+13	7.81e-26	1.47e-18	3.33e-12	1.04e-06	9.47e-01	5.31e-02	3.51e-06	0.00e+00	0.00e+00	0.00e+00	0.00e+00	0.00e+00	1.69e-76
 2.08901e+13	1.03e-25	1.82e-18	3.87e-12	1.12e-06	9.51e-01	4.94e-02	3.03e-06	0.00e+00	0.00e+00	0.00e+00	0.00e+00	0.00e+00	3.57e-76
 2.16054e+13	1.33e-25	2.22e-18	4.44e-12	1.21e-06	9.54e-01	4.63e-02	2.65e-06	0.00e+00	0.00e+00	0.00e+00	0.00e+00	0.00e+00	7.19e-76
 2.23808e+13	1.76e-25	2.73e-18	5.12e-12	1.30e-06	9.57e-01	4.32e-02	2.30e-06	0.00e+00	0.00e+00	0.00e+00	0.00e+00	0.00e+00	1.50e-75
 2.32484e+13	2.35e-25	3.42e-18	5.98e-12	1.41e-06	9.60e-01	4.01e-02	1.98e-06	0.00e+00	0.00e+00	0.00e+00	0.00e+00	0.00e+00	3.28e-75
 2.40604e+13	3.04e-25	4.18e-18	6.86e-12	1.52e-06	9.62e-01	3.75e-02	1.73e-06	0.00e+00	0.00e+00	0.00e+00	0.00e+00	0.00e+00	6.66e-75
 2.49405e+13	4.04e-25	5.16e-18	7.93e-12	1.63e-06	9.65e-01	3.50e-02	1.50e-06	0.00e+00	0.00e+00	0.00e+00	0.00e+00	0.00e+00	1.41e-74
 2.59333e+13	5.46e-25	6.49e-18	9.29e-12	1.77e-06	9.68e-01	3.24e-02	1.28e-06	0.00e+00	0.00e+00	0.00e+00	0.00e+00	0.00e+00	3.18e-74
 2.68765e+13	7.13e-25	8.01e-18	1.07e-11	1.91e-06	9.70e-01	3.02e-02	1.11e-06	0.00e+00	0.00e+00	0.00e+00	0.00e+00	0.00e+00	6.69e-74
 2.78859e+13	9.56e-25	9.94e-18	1.24e-11	2.06e-06	9.72e-01	2.81e-02	9.61e-07	0.00e+00	0.00e+00	0.00e+00	0.00e+00	0.00e+00	1.46e-73
 2.90312e+13	1.30e-24	1.26e-17	1.46e-11	2.24e-06	9.74e-01	2.59e-02	0.00e+00	0.00e+00	0.00e+00	0.00e+00	0.00e+00	0.00e+00	3.38e-73
 3.01554e+13	1.73e-24	1.58e-17	1.70e-11	2.42e-06	9.76e-01	2.41e-02	0.00e+00	0.00e+00	0.00e+00	0.00e+00	0.00e+00	0.00e+00	7.48e-73
 3.12346e+13	2.28e-24	1.94e-17	1.96e-11	2.60e-06	9.78e-01	2.25e-02	0.00e+00	0.00e+00	0.00e+00	0.00e+00	0.00e+00	0.00e+00	1.57e-72
 3.24240e+13	3.07e-24	2.41e-17	2.27e-11	2.81e-06	9.79e-01	2.09e-02	0.00e+00	0.00e+00	0.00e+00	0.00e+00	0.00e+00	0.00e+00	3.47e-72
 3.37509e+13	4.18e-24	3.05e-17	2.66e-11	3.05e-06	9.81e-01	1.93e-02	0.00e+00	0.00e+00	0.00e+00	0.00e+00	0.00e+00	0.00e+00	8.07e-72
 3.51308e+13	5.65e-24	3.87e-17	3.12e-11	3.31e-06	9.82e-01	1.78e-02	0.00e+00	0.00e+00	0.00e+00	0.00e+00	0.00e+00	0.00e+00	1.88e-71
 3.64593e+13	7.60e-24	4.81e-17	3.62e-11	3.57e-06	9.83e-01	1.66e-02	0.00e+00	0.00e+00	0.00e+00	0.00e+00	1.54e-17	3.27e-17	4.13e-71
 3.77037e+13	9.79e-24	5.86e-17	4.14e-11	3.82e-06	9.85e-01	1.55e-02	0.00e+00	0.00e+00	0.00e+00	0.00e+00	1.95e-17	3.92e-17	8.39e-71
 3.91046e+13	1.30e-23	7.26e-17	4.79e-11	4.11e-06	9.86e-01	1.44e-02	0.00e+00	0.00e+00	0.00e+00	0.00e+00	2.41e-17	4.85e-17	1.81e-70
 4.05247e+13	1.71e-23	8.96e-17	5.52e-11	4.42e-06	9.87e-01	1.34e-02	0.00e+00	0.00e+00	0.00e+00	0.00e+00	2.97e-17	5.99e-17	3.85e-70
 4.17036e+13	2.15e-23	1.06e-16	6.19e-11	4.69e-06	9.87e-01	1.27e-02	0.00e+00	0.00e+00	0.00e+00	0.00e+00	3.52e-17	7.09e-17	7.09e-70
 4.29461e+13	2.69e-23	1.26e-16	6.95e-11	4.97e-06	9.88e-01	1.20e-02	0.00e+00	0.00e+00	0.00e+00	0.00e+00	4.18e-17	8.42e-17	1.32e-69
 4.45364e+13	3.53e-23	1.56e-16	8.04e-11	5.36e-06	9.89e-01	1.11e-02	0.00e+00	0.00e+00	0.00e+00	0.00e+00	5.18e-17	1.04e-16	2.82e-69
 4.61987e+13	4.68e-23	1.94e-16	9.31e-11	5.77e-06	9.90e-01	1.03e-02	0.00e+00	0.00e+00	0.00e+00	0.00e+00	6.43e-17	1.29e-16	6.10e-69
 4.76611e+13	5.97e-23	2.33e-16	1.06e-10	6.15e-06	9.90e-01	9.70e-03	0.00e+00	0.00e+00	0.00e+00	0.00e+00	7.73e-17	1.56e-16	1.25e-68
 4.92437e+13	7.70e-23	2.82e-16	1.20e-10	6.58e-06	9.91e-01	9.08e-03	0.00e+00	0.00e+00	0.00e+00	0.00e+00	9.37e-17	1.89e-16	2.36e-68
 5.11559e+13	1.02e-22	3.53e-16	1.40e-10	7.12e-06	9.92e-01	8.41e-03	0.00e+00	0.00e+00	0.00e+00	0.00e+00	1.17e-16	2.36e-16	5.21e-68
 5.30966e+13	1.36e-22	4.40e-16	1.63e-10	7.68e-06	9.92e-01	7.79e-03	0.00e+00	0.00e+00	0.00e+00	0.00e+00	1.46e-16	2.94e-16	1.14e-67
 5.49020e+13	1.76e-22	5.36e-16	1.86e-10	8.23e-06	9.93e-01	7.28e-03	0.00e+00	0.00e+00	0.00e+00	0.00e+00	1.78e-16	3.58e-16	2.30e-67
 5.69150e+13	2.32e-22	6.62e-16	2.15e-10	8.86e-06	9.93e-01	6.77e-03	0.00e+00	0.00e+00	0.00e+00	0.00e+00	2.20e-16	4.42e-16	4.89e-67
 5.90706e+13	3.06e-22	8.24e-16	2.50e-10	9.57e-06	9.94e-01	6.27e-03	0.00e+00	0.00e+00	0.00e+00	0.00e+00	2.73e-16	5.51e-16	1.05e-66
 6.09810e+13	3.90e-22	9.95e-16	2.84e-10	1.02e-05	9.94e-01	5.88e-03	0.00e+00	0.00e+00	0.00e+00	0.00e+00	3.30e-16	6.65e-16	2.06e-66
 6.30176e+13	5.03e-22	1.21e-15	3.25e-10	1.10e-05	9.94e-01	5.49e-03	0.00e+00	0.00e+00	0.00e+00	0.00e+00	4.00e-16	8.06e-16	4.07e-66
 6.54671e+13	6.71e-22	1.51e-15	3.79e-10	1.19e-05	9.95e-01	5.08e-03	0.00e+00	0.00e+00	0.00e+00	0.00e+00	5.01e-16	1.01e-15	9.00e-66
 6.78802e+13	8.82e-22	1.87e-15	4.39e-10	1.28e-05	9.95e-01	4.71e-03	0.00e+00	0.00e+00	0.00e+00	0.00e+00	6.20e-16	1.25e-15	1.91e-65
 7.00165e+13	1.11e-21	2.25e-15	4.97e-10	1.36e-05	9.96e-01	4.42e-03	0.00e+00	0.00e+00	0.00e+00	0.00e+00	7.45e-16	1.50e-15	3.63e-65
 7.23657e+13	1.42e-21	2.72e-15	5.69e-10	1.46e-05	9.96e-01	4.13e-03	0.00e+00	0.00e+00	0.00e+00	0.00e+00	9.03e-16	1.82e-15	7.17e-65
 7.51824e+13	1.88e-21	3.41e-15	6.63e-10	1.58e-05	9.96e-01	3.82e-03	0.00e+00	0.00e+00	0.00e+00	0.00e+00	1.13e-15	2.28e-15	1.58e-64
 7.79949e+13	2.50e-21	4.24e-15	7.70e-10	1.71e-05	9.96e-01	3.54e-03	0.00e+00	0.00e+00	0.00e+00	0.00e+00	1.41e-15	2.83e-15	3.40e-64
 8.05553e+13	3.16e-21	5.13e-15	8.77e-10	1.83e-05	9.97e-01	3.31e-03	0.00e+00	0.00e+00	0.00e+00	0.00e+00	1.70e-15	3.43e-15	6.64e-64
 8.33997e+13	4.10e-21	6.29e-15	1.01e-09	1.96e-05	9.97e-01	3.08e-03	0.00e+00	0.00e+00	0.00e+00	0.00e+00	2.08e-15	4.20e-15	1.36e-63
 8.67226e+13	5.45e-21	7.91e-15	1.18e-09	2.13e-05	9.97e-01	2.84e-03	0.00e+00	0.00e+00	0.00e+00	0.00e+00	2.62e-15	5.29e-15	3.05e-63
 9.00050e+13	7.23e-21	9.85e-15	1.37e-09	2.30e-05	9.97e-01	2.63e-03	0.00e+00	0.00e+00	0.00e+00	0.00e+00	3.26e-15	6.58e-15	6.63e-63
 9.30921e+13	9.28e-21	1.20e-14	1.57e-09	2.46e-05	9.98e-01	2.46e-03	0.00e+00	0.00e+00	0.00e+00	0.00e+00	3.98e-15	8.03e-15	1.34e-62
 9.65191e+13	1.21e-20	1.49e-14	1.82e-09	2.65e-05	9.98e-01	2.28e-03	0.00e+00	0.00e+00	0.00e+00	0.00e+00	4.93e-15	9.94e-15	2.83e-62
 1.00410e+14	1.62e-20	1.88e-14	2.13e-09	2.88e-05	9.98e-01	2.10e-03	0.00e+00	0.00e+00	0.00e+00	0.00e+00	6.21e-15	1.25e-14	6.44e-62
 1.04093e+14	2.12e-20	2.32e-14	2.46e-09	3.10e-05	9.98e-01	1.95e-03	0.00e+00	0.00e+00	0.00e+00	0.00e+00	7.68e-15	1.55e-14	1.37e-61
 1.07437e+14	2.65e-20	2.80e-14	2.80e-09	3.31e-05	9.98e-01	1.83e-03	0.00e+00	0.00e+00	0.00e+00	0.00e+00	9.26e-15	1.87e-14	2.64e-61
 1.11221e+14	3.41e-20	3.43e-14	3.22e-09	3.55e-05	9.98e-01	1.70e-03	0.00e+00	0.00e+00	0.00e+00	0.00e+00	1.14e-14	2.29e-14	5.42e-61
 1.15437e+14	4.50e-20	4.27e-14	3.73e-09	3.83e-05	9.98e-01	1.58e-03	0.00e+00	0.00e+00	0.00e+00	0.00e+00	1.41e-14	2.86e-14	1.18e-60
 1.19374e+14	5.76e-20	5.21e-14	4.27e-09	4.10e-05	9.98e-01	1.47e-03	0.00e+00	0.00e+00	0.00e+00	0.00e+00	1.72e-14	3.48e-14	2.39e-60
 1.23651e+14	7.42e-20	6.41e-14	4.92e-09	4.41e-05	9.99e-01	1.37e-03	0.00e+00	0.00e+00	0.00e+00	0.00e+00	2.12e-14	4.29e-14	4.95e-60
 1.28062e+14	9.59e-20	7.89e-14	5.66e-09	4.73e-05	9.99e-01	1.28e-03	0.00e+00	0.00e+00	0.00e+00	0.00e+00	2.61e-14	5.28e-14	1.04e-59
 1.31723e+14	1.17e-19	9.31e-14	6.33e-09	5.01e-05	9.99e-01	1.21e-03	0.00e+00	0.00e+00	0.00e+00	0.00e+00	3.08e-14	6.23e-14	1.86e-59
 1.35559e+14	1.44e-19	1.10e-13	7.10e-09	5.31e-05	9.99e-01	1.14e-03	0.00e+00	0.00e+00	0.00e+00	0.00e+00	3.65e-14	7.39e-14	3.39e-59
 1.40497e+14	1.87e-19	1.36e-13	8.20e-09	5.71e-05	9.99e-01	1.06e-03	0.00e+00	0.00e+00	0.00e+00	0.00e+00	4.50e-14	9.12e-14	7.15e-59
 1.45665e+14	2.42e-19	1.69e-13	9.47e-09	6.15e-05	9.99e-01	9.82e-04	0.00e+00	0.00e+00	0.00e+00	0.00e+00	5.58e-14	1.13e-13	1.53e-58
 1.50143e+14	3.00e-19	2.02e-13	1.07e-08	6.54e-05	9.99e-01	9.23e-04	0.00e+00	0.00e+00	0.00e+00	0.00e+00	6.67e-14	1.35e-13	2.87e-58
 1.54927e+14	3.75e-19	2.43e-13	1.21e-08	6.96e-05	9.99e-01	8.66e-04	0.00e+00	0.00e+00	0.00e+00	0.00e+00	8.02e-14	1.63e-13	5.53e-58
 1.60798e+14	4.89e-19	3.03e-13	1.41e-08	7.51e-05	9.99e-01	8.02e-04	0.00e+00	0.00e+00	0.00e+00	0.00e+00	1.00e-13	2.03e-13	1.20e-57
 1.66672e+14	6.31e-19	3.75e-13	1.62e-08	8.07e-05	9.99e-01	7.46e-04	0.00e+00	0.00e+00	0.00e+00	0.00e+00	1.24e-13	2.51e-13	2.56e-57
 1.71792e+14	7.81e-19	4.48e-13	1.83e-08	8.58e-05	9.99e-01	7.01e-04	0.00e+00	0.00e+00	0.00e+00	0.00e+00	1.48e-13	3.00e-13	4.80e-57
 1.77344e+14	9.75e-19	5.41e-13	2.08e-08	9.15e-05	9.99e-01	6.57e-04	0.00e+00	0.00e+00	0.00e+00	0.00e+00	1.78e-13	3.62e-13	9.30e-57
 1.84106e+14	1.27e-18	6.75e-13	2.41e-08	9.88e-05	9.99e-01	6.08e-04	0.00e+00	0.00e+00	0.00e+00	0.00e+00	2.22e-13	4.52e-13	2.03e-56
 1.90898e+14	1.63e-18	8.37e-13	2.79e-08	1.06e-04	9.99e-01	5.65e-04	0.00e+00	0.00e+00	0.00e+00	0.00e+00	2.76e-13	5.61e-13	4.34e-56
 1.96950e+14	2.03e-18	1.01e-12	3.16e-08	1.13e-04	9.99e-01	5.30e-04	0.00e+00	0.00e+00	0.00e+00	0.00e+00	3.31e-13	6.74e-13	8.27e-56
 2.03586e+14	2.55e-18	1.22e-12	3.61e-08	1.21e-04	9.99e-01	4.95e-04	0.00e+00	0.00e+00	0.00e+00	0.00e+00	4.03e-13	8.20e-13	1.65e-55
 2.11498e+14	3.30e-18	1.53e-12	4.21e-08	1.31e-04	9.99e-01	4.57e-04	0.00e+00	0.00e+00	0.00e+00	0.00e+00	5.05e-13	1.03e-12	3.61e-55
 2.19361e+14	4.26e-18	1.90e-12	4.87e-08	1.41e-04	9.99e-01	4.24e-04	0.00e+00	0.00e+00	0.00e+00	0.00e+00	6.27e-13	1.28e-12	7.78e-55
 2.26563e+14	5.29e-18	2.30e-12	5.55e-08	1.51e-04	9.99e-01	3.96e-04	0.00e+00	0.00e+00	0.00e+00	0.00e+00	7.57e-13	1.55e-12	1.50e-54
 2.34614e+14	6.49e-18	2.83e-12	6.38e-08	1.62e-04	9.99e-01	3.69e-04	0.00e+00	0.00e+00	0.00e+00	0.00e+00	9.31e-13	1.90e-12	3.03e-54
 2.43964e+14	8.45e-18	3.57e-12	7.48e-08	1.76e-04	9.99e-01	3.40e-04	0.00e+00	0.00e+00	0.00e+00	0.00e+00	1.17e-12	2.40e-12	6.77e-54
 2.53167e+14	1.08e-17	4.44e-12	8.69e-08	1.90e-04	9.99e-01	3.14e-04	0.00e+00	0.00e+00	0.00e+00	0.00e+00	1.46e-12	2.98e-12	1.44e-53
 2.61941e+14	1.36e-17	5.44e-12	9.97e-08	2.04e-04	1.00e+00	2.93e-04	0.00e+00	0.00e+00	0.00e+00	0.00e+00	1.78e-12	3.65e-12	2.92e-53
 2.71652e+14	1.72e-17	6.73e-12	1.16e-07	2.20e-04	1.00e+00	2.71e-04	0.00e+00	0.00e+00	0.00e+00	0.00e+00	2.21e-12	4.52e-12	6.06e-53
 2.82548e+14	2.24e-17	8.50e-12	1.36e-07	2.39e-04	1.00e+00	2.49e-04	0.00e+00	0.00e+00	0.00e+00	0.00e+00	2.79e-12	5.71e-12	1.37e-52
 2.93396e+14	2.85e-17	1.06e-11	1.58e-07	2.59e-04	1.00e+00	2.30e-04	0.00e+00	0.00e+00	0.00e+00	0.00e+00	3.48e-12	7.13e-12	2.92e-52
 3.02449e+14	3.49e-17	1.27e-11	1.79e-07	2.76e-04	1.00e+00	2.16e-04	0.00e+00	0.00e+00	0.00e+00	0.00e+00	4.16e-12	8.53e-12	5.43e-52
 3.09660e+14	4.05e-17	1.46e-11	1.97e-07	2.90e-04	1.00e+00	2.05e-04	0.00e+00	0.00e+00	0.00e+00	0.00e+00	4.77e-12	9.79e-12	8.68e-52
 3.17599e+14	4.75e-17	1.69e-11	2.19e-07	3.06e-04	9.99e-01	1.94e-04	0.00e+00	3.81e-18	1.14e-17	1.90e-17	5.53e-12	1.14e-11	1.44e-51
 3.27919e+14	5.31e-17	2.03e-11	2.49e-07	3.28e-04	9.99e-01	1.81e-04	0.00e+00	4.25e-18	1.27e-17	2.12e-17	6.66e-12	1.37e-11	2.59e-51
 3.39048e+14	6.65e-17	2.47e-11	2.86e-07	3.53e-04	9.99e-01	1.68e-04	0.00e+00	5.33e-18	1.60e-17	2.66e-17	8.09e-12	1.66e-11	5.10e-51
 3.48994e+14	8.04e-17	2.92e-11	3.22e-07	3.76e-04	9.99e-01	1.58e-04	0.00e+00	6.45e-18	1.93e-17	3.22e-17	9.57e-12	1.97e-11	9.07e-51
 3.59689e+14	9.74e-17	3.48e-11	3.64e-07	4.01e-04	9.99e-01	1.48e-04	0.00e+00	7.82e-18	2.34e-17	3.91e-17	1.14e-11	2.34e-11	1.65e-50
 3.73064e+14	1.23e-16	4.30e-11	4.23e-07	4.35e-04	9.99e-01	1.36e-04	0.00e+00	9.85e-18	2.95e-17	4.92e-17	1.41e-11	2.89e-11	3.41e-50
 3.86602e+14	1.53e-16	5.28e-11	4.90e-07	4.71e-04	9.99e-01	1.26e-04	0.00e+00	1.23e-17	3.70e-17	6.16e-17	1.73e-11	3.55e-11	6.89e-50
 3.98326e+14	1.85e-16	6.27e-11	5.54e-07	5.03e-04	9.99e-01	1.18e-04	0.00e+00	1.49e-17	4.46e-17	7.42e-17	2.05e-11	4.22e-11	1.25e-49
 4.11010e+14	2.23e-16	7.50e-11	6.30e-07	5.39e-04	9.99e-01	1.10e-04	0.00e+00	1.79e-17	5.38e-17	8.96e-17	2.45e-11	5.05e-11	2.31e-49
 4.26557e+14	2.78e-16	9.26e-11	7.35e-07	5.86e-04	9.99e-01	1.01e-04	0.00e+00	2.24e-17	6.72e-17	1.12e-16	3.03e-11	6.24e-11	4.78e-49
 4.42193e+14	3.44e-16	1.14e-10	8.53e-07	6.35e-04	9.99e-01	9.31e-05	0.00e+00	2.78e-17	8.34e-17	1.39e-16	3.71e-11	7.66e-11	9.66e-49
 4.55978e+14	4.12e-16	1.35e-10	9.68e-07	6.81e-04	9.99e-01	8.69e-05	0.00e+00	3.33e-17	9.99e-17	1.66e-16	4.42e-11	9.11e-11	1.76e-48
 4.70993e+14	4.92e-16	1.62e-10	1.11e-06	7.33e-04	9.99e-01	8.06e-05	0.00e+00	3.99e-17	1.20e-16	1.99e-16	5.29e-11	1.09e-10	3.27e-48
 4.89084e+14	6.12e-16	2.01e-10	1.29e-06	7.99e-04	9.99e-01	7.40e-05	0.00e+00	4.96e-17	1.49e-16	2.48e-16	6.55e-11	1.35e-10	6.87e-48
 5.07091e+14	7.50e-16	2.46e-10	1.50e-06	8.68e-04	9.99e-01	6.81e-05	0.00e+00	6.09e-17	1.83e-16	3.04e-16	8.02e-11	1.65e-10	1.39e-47
 5.23288e+14	8.91e-16	2.93e-10	1.71e-06	9.33e-04	9.99e-01	6.34e-05	0.00e+00	7.24e-17	2.17e-16	3.62e-16	9.56e-11	1.97e-10	2.55e-47
 5.41215e+14	1.07e-15	3.53e-10	1.97e-06	1.01e-03	9.99e-01	5.86e-05	0.00e+00	8.70e-17	2.61e-16	4.34e-16	1.15e-10	2.38e-10	4.92e-47
 5.62390e+14	1.32e-15	4.37e-10	2.30e-06	1.10e-03	9.99e-01	5.37e-05	0.00e+00	1.07e-16	3.22e-16	5.36e-16	1.43e-10	2.94e-10	1.05e-46
 5.83319e+14	1.60e-15	5.35e-10	2.68e-06	1.20e-03	9.99e-01	4.93e-05	0.00e+00	1.31e-16	3.92e-16	6.53e-16	1.75e-10	3.60e-10	2.13e-46
 6.02693e+14	1.90e-15	6.40e-10	3.06e-06	1.29e-03	9.99e-01	4.57e-05	0.00e+00	1.56e-16	4.66e-16	7.77e-16	2.09e-10	4.31e-10	4.02e-46
 6.24440e+14	2.29e-15	7.77e-10	3.54e-06	1.40e-03	9.99e-01	4.21e-05	0.00e+00	1.87e-16	5.62e-16	9.36e-16	2.54e-10	5.23e-10	8.11e-46
 6.49447e+14	2.82e-15	9.63e-10	4.16e-06	1.54e-03	9.98e-01	3.84e-05	0.00e+00	2.31e-16	6.93e-16	1.15e-15	3.15e-10	6.48e-10	1.76e-45
 6.74014e+14	3.43e-15	1.18e-09	4.84e-06	1.68e-03	9.98e-01	3.53e-05	0.00e+00	2.81e-16	8.43e-16	1.40e-15	3.85e-10	7.93e-10	3.62e-45
 6.99563e+14	4.15e-15	1.44e-09	5.64e-06	1.83e-03	9.98e-01	3.23e-05	0.00e+00	3.41e-16	1.02e-15	1.70e-15	4.71e-10	9.70e-10	7.58e-45
 7.22955e+14	4.97e-15	1.72e-09	6.45e-06	1.97e-03	9.98e-01	3.00e-05	0.00e+00	4.09e-16	1.23e-15	2.04e-15	5.64e-10	1.16e-09	1.44e-44
 7.40537e+14	5.63e-15	1.96e-09	7.10e-06	2.08e-03	9.98e-01	2.84e-05	0.00e+00	4.64e-16	1.39e-15	2.32e-15	6.42e-10	1.32e-09	2.36e-44
 7.58755e+14	6.40e-15	2.24e-09	7.83e-06	2.20e-03	9.98e-01	2.68e-05	0.00e+00	5.28e-16	1.58e-15	2.64e-15	7.32e-10	1.50e-09	3.78e-44
 7.82439e+14	7.56e-15	2.64e-09	8.89e-06	2.37e-03	9.98e-01	2.50e-05	0.00e+00	6.25e-16	1.87e-15	3.12e-15	8.65e-10	1.78e-09	6.99e-44
 8.07944e+14	9.01e-15	3.14e-09	1.01e-05	2.55e-03	9.97e-01	2.32e-05	0.00e+00	7.46e-16	2.24e-15	3.73e-15	1.03e-09	2.11e-09	1.32e-43
 8.30840e+14	1.05e-14	3.64e-09	1.13e-05	2.72e-03	9.97e-01	2.18e-05	0.00e+00	8.69e-16	2.61e-15	4.34e-15	1.19e-09	2.45e-09	2.30e-43
 8.55631e+14	1.23e-14	4.27e-09	1.28e-05	2.91e-03	9.97e-01	2.03e-05	0.00e+00	1.02e-15	3.07e-15	5.11e-15	1.40e-09	2.87e-09	4.12e-43
 8.87052e+14	1.51e-14	5.19e-09	1.48e-05	3.16e-03	9.97e-01	1.87e-05	0.00e+00	1.26e-15	3.77e-15	6.27e-15	1.70e-09	3.49e-09	8.52e-43
 9.18666e+14	1.84e-14	6.26e-09	1.70e-05	3.43e-03	9.97e-01	1.73e-05	0.00e+00	1.54e-15	4.60e-15	7.67e-15	2.05e-09	4.20e-09	1.72e-42
 9.45336e+14	2.16e-14	7.27e-09	1.91e-05	3.66e-03	9.96e-01	1.62e-05	0.00e+00	1.80e-15	5.41e-15	9.01e-15	2.39e-09	4.89e-09	3.06e-42
 9.74002e+14	2.56e-14	8.54e-09	2.15e-05	3.92e-03	9.96e-01	1.52e-05	0.00e+00	2.14e-15	6.42e-15	1.07e-14	2.80e-09	5.73e-09	5.55e-42
 1.01002e+15	3.17e-14	1.04e-08	2.50e-05	4.27e-03	9.96e-01	1.40e-05	0.00e+00	2.65e-15	7.94e-15	1.32e-14	3.42e-09	6.98e-09	1.15e-41
 1.04747e+15	3.91e-14	1.26e-08	2.89e-05	4.64e-03	9.95e-01	1.29e-05	0.00e+00	3.28e-15	9.83e-15	1.64e-14	4.15e-09	8.47e-09	2.39e-41
 1.08082e+15	4.70e-14	1.49e-08	3.27e-05	4.99e-03	9.95e-01	1.20e-05	0.00e+00	3.94e-15	1.18e-14	1.97e-14	4.89e-09	9.98e-09	4.48e-41
 1.11699e+15	5.71e-14	1.77e-08	3.74e-05	5.38e-03	9.95e-01	1.12e-05	0.00e+00	4.80e-15	1.44e-14	2.39e-14	5.83e-09	1.19e-08	8.61e-41
 1.16019e+15	7.18e-14	2.18e-08	4.36e-05	5.87e-03	9.94e-01	1.03e-05	0.00e+00	6.04e-15	1.81e-14	3.01e-14	7.16e-09	1.46e-08	1.84e-40
 1.20255e+15	8.90e-14	2.63e-08	5.04e-05	6.38e-03	9.94e-01	9.58e-06	0.00e+00	7.50e-15	2.25e-14	3.74e-14	8.66e-09	1.76e-08	3.73e-40
 1.24053e+15	1.07e-13	3.09e-08	5.70e-05	6.84e-03	9.93e-01	8.97e-06	0.00e+00	9.07e-15	2.72e-14	4.53e-14	1.02e-08	2.07e-08	6.88e-40
 1.28282e+15	1.32e-13	3.70e-08	6.53e-05	7.39e-03	9.93e-01	8.37e-06	0.00e+00	1.12e-14	3.35e-14	5.57e-14	1.22e-08	2.48e-08	1.33e-39
 1.33287e+15	1.68e-13	4.56e-08	7.63e-05	8.08e-03	9.92e-01	7.75e-06	0.00e+00	1.42e-14	4.26e-14	7.08e-14	1.50e-08	3.06e-08	2.86e-39
 1.38217e+15	2.11e-13	5.55e-08	8.84e-05	8.79e-03	9.91e-01	7.22e-06	0.00e+00	1.79e-14	5.36e-14	8.93e-14	1.83e-08	3.72e-08	5.91e-39
 1.42761e+15	2.60e-13	6.61e-08	1.01e-04	9.47e-03	9.90e-01	6.78e-06	0.00e+00	2.21e-14	6.63e-14	1.10e-13	2.18e-08	4.43e-08	1.13e-38
 1.47888e+15	3.34e-13	8.03e-08	1.16e-04	1.03e-02	9.90e-01	6.34e-06	0.00e+00	2.84e-14	8.51e-14	1.42e-13	2.65e-08	5.38e-08	2.26e-38
 1.52861e+15	4.18e-13	9.57e-08	1.33e-04	1.11e-02	9.89e-01	5.96e-06	0.00e+00	3.56e-14	1.07e-13	1.77e-13	3.16e-08	6.41e-08	4.44e-38
 1.56567e+15	4.98e-13	1.09e-07	1.46e-04	1.17e-02	9.88e-01	5.72e-06	0.00e+00	4.24e-14	1.27e-13	2.12e-13	3.60e-08	7.31e-08	6.97e-38
 1.60319e+15	5.92e-13	1.24e-07	1.61e-04	1.24e-02	9.87e-01	5.48e-06	0.00e+00	5.05e-14	1.51e-13	2.52e-13	4.11e-08	8.34e-08	1.11e-37
 1.65196e+15	7.33e-13	1.47e-07	1.82e-04	1.33e-02	9.87e-01	5.19e-06	0.00e+00	6.26e-14	1.88e-13	3.13e-13	4.85e-08	9.84e-08	2.11e-37
 1.70444e+15	9.29e-13	1.75e-07	2.07e-04	1.43e-02	9.85e-01	4.93e-06	0.00e+00	7.95e-14	2.38e-13	3.96e-13	5.77e-08	1.17e-07	3.80e-37
 1.75070e+15	1.12e-12	2.02e-07	2.31e-04	1.52e-02	9.85e-01	4.72e-06	0.00e+00	9.62e-14	2.88e-13	4.80e-13	6.67e-08	1.35e-07	6.46e-37
 1.79979e+15	1.38e-12	2.36e-07	2.59e-04	1.62e-02	9.83e-01	4.51e-06	0.00e+00	1.18e-13	3.55e-13	5.91e-13	7.80e-08	1.58e-07	1.11e-36
 1.86361e+15	1.81e-12	2.88e-07	3.00e-04	1.77e-02	9.82e-01	4.28e-06	0.00e+00	1.56e-13	4.67e-13	7.77e-13	9.51e-08	1.93e-07	2.24e-36
 1.92826e+15	2.33e-12	3.47e-07	3.45e-04	1.92e-02	9.80e-01	4.07e-06	0.00e+00	2.00e-13	6.00e-13	9.99e-13	1.15e-07	2.32e-07	4.31e-36
 1.98071e+15	2.84e-12	4.02e-07	3.86e-04	2.04e-02	9.79e-01	3.92e-06	0.00e+00	2.44e-13	7.32e-13	1.22e-12	1.33e-07	2.69e-07	7.09e-36
 2.03560e+15	3.50e-12	4.70e-07	4.34e-04	2.18e-02	9.78e-01	3.78e-06	0.00e+00	3.02e-13	9.04e-13	1.51e-12	1.55e-07	3.15e-07	1.20e-35
 2.10696e+15	4.54e-12	5.73e-07	5.02e-04	2.37e-02	9.76e-01	3.60e-06	0.00e+00	3.92e-13	1.17e-12	1.95e-12	1.89e-07	3.83e-07	2.44e-35
 2.18114e+15	5.93e-12	6.97e-07	5.82e-04	2.58e-02	9.74e-01	3.45e-06	0.00e+00	5.12e-13	1.54e-12	2.56e-12	2.30e-07	4.66e-07	4.52e-35
 2.24322e+15	7.31e-12	8.15e-07	6.56e-04	2.77e-02	9.72e-01	3.34e-06	0.00e+00	6.32e-13	1.89e-12	3.15e-12	2.69e-07	5.45e-07	7.57e-35
 2.30814e+15	9.17e-12	9.64e-07	7.44e-04	2.97e-02	9.70e-01	3.23e-06	0.00e+00	7.94e-13	2.38e-12	3.96e-12	3.19e-07	6.45e-07	1.34e-34
 2.39174e+15	1.21e-11	1.19e-06	8.72e-04	3.25e-02	9.67e-01	3.10e-06	0.00e+00	1.05e-12	3.14e-12	5.22e-12	3.93e-07	7.94e-07	2.64e-34
 2.47663e+15	1.60e-11	1.45e-06	1.02e-03	3.55e-02	9.63e-01	3.00e-06	0.00e+00	1.39e-12	4.16e-12	6.92e-12	4.80e-07	9.71e-07	4.94e-34
 2.54407e+15	1.96e-11	1.69e-06	1.15e-03	3.81e-02	9.61e-01	2.92e-06	0.00e+00	1.71e-12	5.11e-12	8.51e-12	5.60e-07	1.13e-06	8.07e-34
 2.61184e+15	2.44e-11	1.99e-06	1.30e-03	4.08e-02	9.58e-01	2.85e-06	0.00e+00	2.12e-12	6.36e-12	1.06e-11	6.58e-07	1.33e-06	1.34e-33
 2.69993e+15	3.23e-11	2.44e-06	1.52e-03	4.47e-02	9.54e-01	2.77e-06	0.00e+00	2.81e-12	8.44e-12	1.40e-11	8.09e-07	1.63e-06	2.54e-33
 2.78865e+15	4.18e-11	2.96e-06	1.77e-03	4.88e-02	9.49e-01	2.69e-06	0.00e+00	3.65e-12	1.09e-11	1.82e-11	9.80e-07	1.98e-06	4.54e-33
 2.85931e+15	5.15e-11	3.44e-06	2.00e-03	5.22e-02	9.46e-01	2.63e-06	0.00e+00	4.49e-12	1.35e-11	2.24e-11	1.14e-06	2.30e-06	7.19e-33
 2.92225e+15	6.17e-11	3.94e-06	2.23e-03	5.56e-02	9.42e-01	2.59e-06	0.00e+00	5.40e-12	1.62e-11	2.69e-11	1.31e-06	2.64e-06	1.07e-32
 2.99402e+15	7.68e-11	4.63e-06	2.52e-03	5.96e-02	9.38e-01	2.54e-06	0.00e+00	6.72e-12	2.01e-11	3.35e-11	1.54e-06	3.10e-06	1.74e-32
 3.07133e+15	9.66e-11	5.47e-06	2.88e-03	6.44e-02	9.33e-01	2.50e-06	0.00e+00	8.46e-12	2.54e-11	4.22e-11	1.81e-06	3.66e-06	2.82e-32
 3.14127e+15	1.18e-10	6.33e-06	3.25e-03	6.88e-02	9.28e-01	2.46e-06	0.00e+00	1.03e-11	3.09e-11	5.14e-11	2.10e-06	4.23e-06	4.28e-32
 3.21760e+15	1.50e-10	7.55e-06	3.73e-03	7.44e-02	9.22e-01	2.42e-06	0.00e+00	1.32e-11	3.95e-11	6.57e-11	2.51e-06	5.05e-06	7.21e-32
 3.29839e+15	1.89e-10	8.94e-06	4.28e-03	8.04e-02	9.15e-01	2.39e-06	0.00e+00	1.66e-11	4.98e-11	8.28e-11	2.97e-06	5.98e-06	1.14e-31
 3.37166e+15	2.38e-10	1.05e-05	4.89e-03	8.66e-02	9.08e-01	2.36e-06	0.00e+00	2.09e-11	6.26e-11	1.04e-10	3.50e-06	7.04e-06	1.83e-31
 3.45357e+15	3.08e-10	1.27e-05	5.68e-03	9.41e-02	9.00e-01	2.34e-06	0.00e+00	2.71e-11	8.13e-11	1.35e-10	4.22e-06	8.49e-06	3.09e-31
 3.54024e+15	4.07e-10	1.55e-05	6.67e-03	1.03e-01	8.90e-01	2.33e-06	0.00e+00	3.59e-11	1.08e-10	1.79e-10	5.15e-06	1.04e-05	5.38e-31
 3.60930e+15	5.05e-10	1.81e-05	7.58e-03	1.10e-01	8.82e-01	2.32e-06	0.00e+00	4.45e-11	1.33e-10	2.22e-10	6.00e-06	1.21e-05	8.14e-31
 3.66441e+15	6.09e-10	2.06e-05	8.43e-03	1.17e-01	8.74e-01	2.32e-06	0.00e+00	5.37e-11	1.61e-10	2.68e-10	6.84e-06	1.38e-05	1.16e-30
 3.72516e+15	7.61e-10	2.40e-05	9.54e-03	1.25e-01	8.65e-01	2.32e-06	0.00e+00	6.73e-11	2.02e-10	3.35e-10	7.98e-06	1.61e-05	1.78e-30
 3.79317e+15	9.71e-10	2.85e-05	1.10e-02	1.35e-01	8.54e-01	2.33e-06	0.00e+00	8.59e-11	2.57e-10	4.28e-10	9.48e-06	1.91e-05	2.85e-30
 3.85589e+15	1.21e-09	3.32e-05	1.25e-02	1.45e-01	8.43e-01	2.32e-06	0.00e+00	1.07e-10	3.21e-10	5.34e-10	1.10e-05	2.22e-05	4.21e-30
 3.91224e+15	1.50e-09	3.86e-05	1.41e-02	1.55e-01	8.31e-01	2.34e-06	0.00e+00	1.33e-10	3.99e-10	6.64e-10	1.28e-05	2.58e-05	6.35e-30
 3.97503e+15	1.99e-09	4.67e-05	1.63e-02	1.67e-01	8.16e-01	2.39e-06	0.00e+00	1.77e-10	5.30e-10	8.82e-10	1.55e-05	3.12e-05	1.09e-29
 4.03647e+15	2.53e-09	5.49e-05	1.88e-02	1.80e-01	8.01e-01	2.40e-06	3.83e-12	2.24e-10	6.72e-10	1.12e-09	1.83e-05	3.67e-05	1.64e-29
 4.08253e+15	3.11e-09	6.31e-05	2.10e-02	1.91e-01	7.88e-01	2.43e-06	0.00e+00	2.76e-10	8.27e-10	1.38e-09	2.10e-05	4.21e-05	2.40e-29
 4.12241e+15	3.76e-09	7.16e-05	2.33e-02	2.01e-01	7.75e-01	2.47e-06	4.29e-12	3.34e-10	1.00e-09	1.66e-09	2.38e-05	4.78e-05	3.39e-29
 4.16793e+15	4.70e-09	8.33e-05	2.62e-02	2.15e-01	7.59e-01	2.51e-06	0.00e+00	4.18e-10	1.25e-09	2.08e-09	2.77e-05	5.56e-05	5.19e-29
 4.21670e+15	6.10e-09	9.91e-05	3.00e-02	2.30e-01	7.40e-01	2.60e-06	5.09e-12	5.43e-10	1.63e-09	2.71e-09	3.30e-05	6.62e-05	8.51e-29
 4.25799e+15	7.56e-09	1.14e-04	3.36e-02	2.44e-01	7.22e-01	2.66e-06	0.00e+00	6.73e-10	2.02e-09	3.35e-09	3.80e-05	7.63e-05	1.27e-28
 4.29325e+15	9.20e-09	1.30e-04	3.73e-02	2.58e-01	7.05e-01	2.74e-06	6.00e-12	8.20e-10	2.46e-09	4.09e-09	4.33e-05	8.69e-05	1.81e-28
 4.33237e+15	1.10e-08	1.48e-04	4.19e-02	2.74e-01	6.84e-01	2.77e-06	0.00e+00	9.80e-10	2.94e-09	4.89e-09	4.91e-05	9.86e-05	2.53e-28
 4.37393e+15	1.40e-08	1.73e-04	4.77e-02	2.93e-01	6.59e-01	2.85e-06	7.06e-12	1.25e-09	3.74e-09	6.23e-09	5.77e-05	1.16e-04	3.93e-28
 4.40849e+15	1.85e-08	2.08e-04	5.37e-02	3.11e-01	6.35e-01	3.05e-06	0.00e+00	1.65e-09	4.95e-09	8.23e-09	6.91e-05	1.39e-04	7.01e-28
 4.43594e+15	2.18e-08	2.32e-04	5.88e-02	3.26e-01	6.15e-01	3.14e-06	9.38e-12	1.95e-09	5.85e-09	9.73e-09	7.71e-05	1.55e-04	9.52e-28
 4.46430e+15	2.57e-08	2.60e-04	6.49e-02	3.43e-01	5.91e-01	3.20e-06	0.00e+00	2.29e-09	6.87e-09	1.14e-08	8.63e-05	1.73e-04	1.32e-27
 4.49579e+15	3.18e-08	2.99e-04	7.26e-02	3.64e-01	5.63e-01	3.32e-06	1.16e-11	2.85e-09	8.53e-09	1.42e-08	9.96e-05	2.00e-04	1.98e-27
 4.52366e+15	3.92e-08	3.44e-04	8.05e-02	3.84e-01	5.35e-01	3.46e-06	0.00e+00	3.51e-09	1.05e-08	1.75e-08	1.14e-04	2.29e-04	3.09e-27
 4.54648e+15	4.94e-08	3.99e-04	8.83e-02	4.02e-01	5.09e-01	3.74e-06	1.66e-11	4.42e-09	1.32e-08	2.20e-08	1.33e-04	2.66e-04	5.14e-27
 4.56612e+15	5.52e-08	4.31e-04	9.50e-02	4.18e-01	4.86e-01	3.80e-06	0.00e+00	4.95e-09	1.48e-08	2.47e-08	1.43e-04	2.87e-04	6.33e-27
 4.58740e+15	6.56e-08	4.83e-04	1.03e-01	4.38e-01	4.58e-01	3.92e-06	2.04e-11	5.88e-09	1.76e-08	2.93e-08	1.61e-04	3.22e-04	9.24e-27
 4.61028e+15	7.93e-08	5.47e-04	1.13e-01	4.59e-01	4.27e-01	4.07e-06	0.00e+00	7.12e-09	2.13e-08	3.55e-08	1.82e-04	3.65e-04	1.40e-26
 4.62965e+15	9.42e-08	6.13e-04	1.23e-01	4.78e-01	3.98e-01	4.24e-06	2.78e-11	8.46e-09	2.53e-08	4.21e-08	2.04e-04	4.09e-04	2.06e-26
 4.64544e+15	1.13e-07	6.91e-04	1.32e-01	4.95e-01	3.72e-01	4.55e-06	0.00e+00	1.02e-08	3.05e-08	5.07e-08	2.30e-04	4.61e-04	3.25e-26
 4.65939e+15	1.24e-07	7.35e-04	1.39e-01	5.11e-01	3.49e-01	4.59e-06	3.77e-11	1.12e-08	3.35e-08	5.57e-08	2.44e-04	4.90e-04	3.91e-26
 4.67473e+15	1.43e-07	8.06e-04	1.48e-01	5.28e-01	3.22e-01	4.66e-06	0.00e+00	1.29e-08	3.85e-08	6.41e-08	2.68e-04	5.38e-04	5.50e-26
 4.69115e+15	1.66e-07	8.90e-04	1.59e-01	5.47e-01	2.93e-01	4.75e-06	4.87e-11	1.50e-08	4.49e-08	7.46e-08	2.96e-04	5.94e-04	7.99e-26
 4.70497e+15	1.90e-07	9.72e-04	1.68e-01	5.64e-01	2.67e-01	4.85e-06	0.00e+00	1.71e-08	5.14e-08	8.54e-08	3.23e-04	6.48e-04	1.11e-25
 4.71632e+15	2.13e-07	1.05e-03	1.76e-01	5.78e-01	2.45e-01	4.93e-06	6.34e-11	1.92e-08	5.75e-08	9.57e-08	3.48e-04	6.98e-04	1.50e-25
 4.72847e+15	2.46e-07	1.15e-03	1.85e-01	5.93e-01	2.21e-01	5.03e-06	0.00e+00	2.22e-08	6.66e-08	1.11e-07	3.83e-04	7.68e-04	2.26e-25
 4.74102e+15	2.69e-07	1.22e-03	1.94e-01	6.07e-01	1.98e-01	4.90e-06	7.87e-11	2.43e-08	7.29e-08	1.21e-07	4.05e-04	8.11e-04	2.73e-25
 4.75170e+15	2.99e-07	1.30e-03	2.02e-01	6.20e-01	1.77e-01	4.82e-06	0.00e+00	2.70e-08	8.08e-08	1.34e-07	4.33e-04	8.68e-04	3.71e-25
 4.76086e+15	3.33e-07	1.39e-03	2.09e-01	6.30e-01	1.60e-01	4.82e-06	0.00e+00	3.01e-08	9.01e-08	1.50e-07	4.64e-04	9.30e-04	5.02e-25
 4.76778e+15	3.53e-07	1.45e-03	2.14e-01	6.37e-01	1.47e-01	4.69e-06	0.00e+00	3.19e-08	9.56e-08	1.59e-07	4.82e-04	9.65e-04	5.94e-25
 4.77414e+15	3.74e-07	1.50e-03	2.19e-01	6.44e-01	1.36e-01	4.53e-06	0.00e+00	3.38e-08	1.01e-07	1.69e-07	5.01e-04	1.00e-03	7.05e-25
 4.78240e+15	4.04e-07	1.58e-03	2.25e-01	6.53e-01	1.21e-01	4.29e-06	0.00e+00	3.66e-08	1.10e-07	1.83e-07	5.26e-04	1.05e-03	8.89e-25
 4.79083e+15	4.34e-07	1.65e-03	2.31e-01	6.60e-01	1.07e-01	4.03e-06	0.00e+00	3.93e-08	1.18e-07	1.96e-07	5.50e-04	1.10e-03	1.08e-24
 4.79775e+15	4.59e-07	1.71e-03	2.35e-01	6.66e-01	9.68e-02	3.75e-06	0.00e+00	4.17e-08	1.25e-07	2.08e-07	5.71e-04	1.14e-03	1.33e-24
 4.80503e+15	4.87e-07	1.78e-03	2.40e-01	6.72e-01	8.60e-02	3.44e-06	0.00e+00	4.43e-08	1.33e-07	2.21e-07	5.94e-04	1.19e-03	1.57e-24
 4.81306e+15	5.17e-07	1.86e-03	2.45e-01	6.77e-01	7.52e-02	3.06e-06	0.00e+00	4.71e-08	1.41e-07	2.35e-07	6.19e-04	1.24e-03	1.91e-24
 4.82058e+15	5.48e-07	1.93e-03	2.50e-01	6.82e-01	6.60e-02	2.73e-06	0.00e+00	5.00e-08	1.50e-07	2.49e-07	6.42e-04	1.28e-03	2.28e-24
 4.82886e+15	5.85e-07	2.01e-03	2.55e-01	6.86e-01	5.67e-02	2.37e-06	0.00e+00	5.35e-08	1.60e-07	2.66e-07	6.68e-04	1.34e-03	2.80e-24
 4.83793e+15	6.24e-07	2.09e-03	2.60e-01	6.90e-01	4.79e-02	2.00e-06	0.00e+00	5.71e-08	1.71e-07	2.84e-07	6.96e-04	1.39e-03	3.35e-24
 4.84653e+15	6.58e-07	2.17e-03	2.65e-01	6.93e-01	4.06e-02	1.64e-06	0.00e+00	6.03e-08	1.81e-07	3.00e-07	7.23e-04	1.45e-03	4.15e-24
 4.85623e+15	7.04e-07	2.26e-03	2.70e-01	6.95e-01	3.35e-02	1.30e-06	0.00e+00	6.47e-08	1.94e-07	3.22e-07	7.53e-04	1.50e-03	4.96e-24
 4.86882e+15	7.61e-07	2.38e-03	2.76e-01	6.96e-01	2.60e-02	9.31e-07	0.00e+00	7.02e-08	2.10e-07	3.49e-07	7.93e-04	1.58e-03	6.24e-24
 4.88208e+15	8.20e-07	2.50e-03	2.82e-01	6.95e-01	2.01e-02	0.00e+00	0.00e+00	7.58e-08	2.27e-07	3.77e-07	8.33e-04	1.66e-03	7.81e-24
 4.89430e+15	8.75e-07	2.61e-03	2.87e-01	6.94e-01	1.58e-02	0.00e+00	0.00e+00	8.10e-08	2.43e-07	4.04e-07	8.70e-04	1.74e-03	9.54e-24
 4.90830e+15	9.40e-07	2.74e-03	2.93e-01	6.92e-01	1.21e-02	0.00e+00	0.00e+00	8.72e-08	2.61e-07	4.34e-07	9.13e-04	1.82e-03	1.18e-23
 4.92651e+15	1.03e-06	2.90e-03	3.01e-01	6.88e-01	8.63e-03	0.00e+00	0.00e+00	9.53e-08	2.86e-07	4.75e-07	9.68e-04	1.93e-03	1.53e-23
 4.95017e+15	1.14e-06	3.11e-03	3.10e-01	6.81e-01	5.71e-03	0.00e+00	0.00e+00	1.06e-07	3.18e-07	5.28e-07	1.04e-03	2.07e-03	2.29e-23
 4.98093e+15	1.29e-06	3.38e-03	3.21e-01	6.72e-01	3.49e-03	0.00e+00	0.00e+00	1.20e-07	3.60e-07	5.98e-07	1.13e-03	2.25e-03	3.18e-23
