#depth	He	He+	He+2
 1.49634e+10	4.41e-21	6.22e-11	1.00e+00
 4.54887e+10	4.98e-21	6.77e-11	1.00e+00
 7.72350e+10	5.58e-21	7.36e-11	1.00e+00
 1.10251e+11	6.27e-21	8.01e-11	1.00e+00
 1.42809e+11	7.01e-21	8.68e-11	1.00e+00
 1.76668e+11	7.83e-21	9.41e-11	1.00e+00
 2.13662e+11	8.83e-21	1.03e-10	1.00e+00
 2.51195e+11	9.94e-21	1.11e-10	1.00e+00
 2.90229e+11	1.12e-20	1.21e-10	1.00e+00
 3.28290e+11	1.26e-20	1.31e-10	1.00e+00
 3.62647e+11	1.39e-20	1.41e-10	1.00e+00
 4.00958e+11	1.54e-20	1.52e-10	1.00e+00
 4.46029e+11	1.75e-20	1.65e-10	1.00e+00
 4.90733e+11	1.97e-20	1.80e-10	1.00e+00
 5.32499e+11	2.20e-20	1.94e-10	1.00e+00
 5.78999e+11	2.47e-20	2.10e-10	1.00e+00
 6.32085e+11	2.82e-20	2.29e-10	1.00e+00
 6.84418e+11	3.19e-20	2.50e-10	1.00e+00
 7.38844e+11	3.61e-20	2.72e-10	1.00e+00
 7.98325e+11	4.13e-20	2.98e-10	1.00e+00
 8.58404e+11	4.70e-20	3.25e-10	1.00e+00
 9.20887e+11	5.35e-20	3.55e-10	1.00e+00
 9.84949e+11	6.09e-20	3.88e-10	1.00e+00
 1.04728e+12	6.88e-20	4.22e-10	1.00e+00
 1.11481e+12	7.80e-20	4.60e-10	1.00e+00
 1.18933e+12	8.93e-20	5.05e-10	1.00e+00
 1.26683e+12	1.02e-19	5.55e-10	1.00e+00
 1.34743e+12	1.17e-19	6.09e-10	1.00e+00
 1.43126e+12	1.34e-19	6.70e-10	1.00e+00
 1.50697e+12	1.51e-19	7.28e-10	1.00e+00
 1.56977e+12	1.66e-19	7.78e-10	1.00e+00
 1.63836e+12	1.83e-19	8.35e-10	1.00e+00
 1.72563e+12	2.07e-19	9.11e-10	1.00e+00
 1.81706e+12	2.35e-19	9.96e-10	1.00e+00
 1.89778e+12	2.62e-19	1.07e-09	1.00e+00
 1.97322e+12	2.89e-19	1.15e-09	1.00e+00
 2.05984e+12	3.21e-19	1.24e-09	1.00e+00
 2.16594e+12	3.66e-19	1.36e-09	1.00e+00
 2.27165e+12	4.15e-19	1.49e-09	1.00e+00
 2.36391e+12	4.60e-19	1.60e-09	1.00e+00
 2.46439e+12	5.12e-19	1.73e-09	1.00e+00
 2.58656e+12	5.81e-19	1.90e-09	1.00e+00
 2.71101e+12	6.58e-19	2.08e-09	1.00e+00
 2.82556e+12	7.35e-19	2.25e-09	1.00e+00
 2.95322e+12	8.27e-19	2.45e-09	1.00e+00
 3.10084e+12	9.47e-19	2.69e-09	1.00e+00
 3.24551e+12	1.08e-18	2.94e-09	1.00e+00
 3.38341e+12	1.21e-18	3.20e-09	1.00e+00
 3.53612e+12	1.38e-18	3.49e-09	1.00e+00
 3.70749e+12	1.58e-18	3.83e-09	1.00e+00
 3.86347e+12	1.79e-18	4.16e-09	1.00e+00
 3.99497e+12	1.99e-18	4.45e-09	1.00e+00
 4.13961e+12	2.22e-18	4.77e-09	1.00e+00
 4.32075e+12	2.54e-18	5.20e-09	1.00e+00
 4.50215e+12	2.90e-18	5.66e-09	1.00e+00
 4.65533e+12	3.23e-18	6.05e-09	1.00e+00
 4.81901e+12	3.62e-18	6.48e-09	1.00e+00
 5.02473e+12	4.16e-18	7.06e-09	1.00e+00
 5.23903e+12	4.79e-18	7.68e-09	1.00e+00
 5.43130e+12	5.42e-18	8.27e-09	1.00e+00
 5.64099e+12	6.18e-18	8.92e-09	1.00e+00
 5.88966e+12	7.19e-18	9.74e-09	1.00e+00
 6.12555e+12	8.27e-18	1.06e-08	1.00e+00
 6.32621e+12	9.27e-18	1.13e-08	1.00e+00
 6.54453e+12	1.05e-17	1.21e-08	1.00e+00
 6.81626e+12	1.21e-17	1.31e-08	1.00e+00
 7.09582e+12	1.41e-17	1.42e-08	1.00e+00
 7.34402e+12	1.59e-17	1.53e-08	1.00e+00
 7.61304e+12	1.82e-17	1.64e-08	1.00e+00
 7.93536e+12	2.12e-17	1.79e-08	1.00e+00
 8.25669e+12	2.46e-17	1.94e-08	1.00e+00
 8.54925e+12	2.81e-17	2.08e-08	1.00e+00
 8.87471e+12	3.23e-17	2.24e-08	1.00e+00
 9.25480e+12	3.78e-17	2.44e-08	1.00e+00
 9.62949e+12	4.39e-17	2.64e-08	1.00e+00
 9.98407e+12	5.04e-17	2.84e-08	1.00e+00
 1.03783e+13	5.83e-17	3.07e-08	1.00e+00
 1.08233e+13	6.84e-17	3.34e-08	1.00e+00
 1.12709e+13	7.98e-17	3.62e-08	1.00e+00
 1.17363e+13	9.32e-17	3.93e-08	1.00e+00
 1.22357e+13	1.09e-16	4.27e-08	1.00e+00
 1.27550e+13	1.28e-16	4.65e-08	1.00e+00
 1.32657e+13	1.49e-16	5.03e-08	1.00e+00
 1.37427e+13	1.71e-16	5.40e-08	1.00e+00
 1.42683e+13	1.97e-16	5.82e-08	1.00e+00
 1.48082e+13	2.28e-16	6.28e-08	1.00e+00
 1.52656e+13	2.56e-16	6.67e-08	1.00e+00
 1.57530e+13	2.89e-16	7.11e-08	1.00e+00
 1.63640e+13	3.35e-16	7.68e-08	1.00e+00
 1.69906e+13	3.89e-16	8.30e-08	1.00e+00
 1.75473e+13	4.41e-16	8.85e-08	1.00e+00
 1.81581e+13	5.04e-16	9.49e-08	1.00e+00
 1.88364e+13	5.81e-16	1.02e-07	1.00e+00
 1.94614e+13	6.61e-16	1.09e-07	1.00e+00
 2.01326e+13	7.57e-16	1.17e-07	1.00e+00
 2.08901e+13	8.74e-16	1.26e-07	1.00e+00
 2.16054e+13	9.99e-16	1.35e-07	1.00e+00
 2.23808e+13	1.15e-15	1.45e-07	1.00e+00
 2.32484e+13	1.34e-15	1.57e-07	1.00e+00
 2.40604e+13	1.53e-15	1.68e-07	1.00e+00
 2.49405e+13	1.77e-15	1.81e-07	1.00e+00
 2.59333e+13	2.07e-15	1.96e-07	1.00e+00
 2.68765e+13	2.37e-15	2.10e-07	1.00e+00
 2.78859e+13	2.75e-15	2.26e-07	1.00e+00
 2.90312e+13	3.22e-15	2.45e-07	1.00e+00
 3.01554e+13	3.72e-15	2.65e-07	1.00e+00
 3.12346e+13	4.27e-15	2.84e-07	1.00e+00
 3.24240e+13	4.96e-15	3.06e-07	1.00e+00
 3.37509e+13	5.81e-15	3.32e-07	1.00e+00
 3.51308e+13	6.77e-15	3.59e-07	1.00e+00
 3.64593e+13	7.86e-15	3.87e-07	1.00e+00
 3.77037e+13	8.93e-15	4.14e-07	1.00e+00
 3.91046e+13	1.03e-14	4.45e-07	1.00e+00
 4.05247e+13	1.18e-14	4.78e-07	1.00e+00
 4.17036e+13	1.33e-14	5.07e-07	1.00e+00
 4.29461e+13	1.49e-14	5.37e-07	1.00e+00
 4.45364e+13	1.71e-14	5.78e-07	1.00e+00
 4.61987e+13	1.97e-14	6.23e-07	1.00e+00
 4.76611e+13	2.23e-14	6.63e-07	1.00e+00
 4.92437e+13	2.54e-14	7.09e-07	1.00e+00
 5.11559e+13	2.93e-14	7.66e-07	1.00e+00
 5.30966e+13	3.39e-14	8.27e-07	1.00e+00
 5.49020e+13	3.87e-14	8.85e-07	1.00e+00
 5.69150e+13	4.46e-14	9.53e-07	1.00e+00
 5.90706e+13	5.14e-14	1.03e-06	1.00e+00
 6.09810e+13	5.82e-14	1.10e-06	1.00e+00
 6.30176e+13	6.64e-14	1.18e-06	1.00e+00
 6.54671e+13	7.70e-14	1.27e-06	1.00e+00
 6.78802e+13	8.87e-14	1.37e-06	1.00e+00
 7.00165e+13	9.96e-14	1.46e-06	1.00e+00
 7.23657e+13	1.14e-13	1.57e-06	1.00e+00
 7.51824e+13	1.31e-13	1.69e-06	1.00e+00
 7.79949e+13	1.52e-13	1.83e-06	1.00e+00
 8.05553e+13	1.71e-13	1.95e-06	1.00e+00
 8.33997e+13	1.96e-13	2.10e-06	1.00e+00
 8.67226e+13	2.26e-13	2.28e-06	1.00e+00
 9.00050e+13	2.61e-13	2.46e-06	1.00e+00
 9.30921e+13	2.97e-13	2.63e-06	1.00e+00
 9.65191e+13	3.39e-13	2.84e-06	1.00e+00
 1.00410e+14	3.93e-13	3.08e-06	1.00e+00
 1.04093e+14	4.49e-13	3.31e-06	1.00e+00
 1.07437e+14	5.04e-13	3.53e-06	1.00e+00
 1.11221e+14	5.72e-13	3.79e-06	1.00e+00
 1.15437e+14	6.57e-13	4.09e-06	1.00e+00
 1.19374e+14	7.42e-13	4.38e-06	1.00e+00
 1.23651e+14	8.44e-13	4.70e-06	1.00e+00
 1.28062e+14	9.57e-13	5.05e-06	1.00e+00
 1.31723e+14	1.05e-12	5.35e-06	1.00e+00
 1.35559e+14	1.16e-12	5.67e-06	1.00e+00
 1.40497e+14	1.32e-12	6.09e-06	1.00e+00
 1.45665e+14	1.51e-12	6.55e-06	1.00e+00
 1.50143e+14	1.68e-12	6.97e-06	1.00e+00
 1.54927e+14	1.88e-12	7.42e-06	1.00e+00
 1.60798e+14	2.14e-12	8.00e-06	1.00e+00
 1.66672e+14	2.43e-12	8.60e-06	1.00e+00
 1.71792e+14	2.71e-12	9.15e-06	1.00e+00
 1.77344e+14	3.03e-12	9.75e-06	1.00e+00
 1.84106e+14	3.46e-12	1.05e-05	1.00e+00
 1.90898e+14	3.94e-12	1.13e-05	1.00e+00
 1.96950e+14	4.40e-12	1.21e-05	1.00e+00
 2.03586e+14	4.95e-12	1.29e-05	1.00e+00
 2.11498e+14	5.69e-12	1.40e-05	1.00e+00
 2.19361e+14	6.48e-12	1.50e-05	1.00e+00
 2.26563e+14	7.30e-12	1.61e-05	1.00e+00
 2.34614e+14	8.23e-12	1.72e-05	1.00e+00
 2.43964e+14	9.50e-12	1.87e-05	1.00e+00
 2.53167e+14	1.09e-11	2.02e-05	1.00e+00
 2.61941e+14	1.24e-11	2.17e-05	1.00e+00
 2.71652e+14	1.42e-11	2.34e-05	1.00e+00
 2.82548e+14	1.64e-11	2.54e-05	1.00e+00
 2.93396e+14	1.90e-11	2.75e-05	1.00e+00
 3.02449e+14	2.13e-11	2.93e-05	1.00e+00
 3.09660e+14	2.34e-11	3.08e-05	1.00e+00
 3.17599e+14	2.58e-11	3.25e-05	1.00e+00
 3.27919e+14	2.89e-11	3.49e-05	1.00e+00
 3.39048e+14	3.30e-11	3.75e-05	1.00e+00
 3.48994e+14	3.70e-11	3.99e-05	1.00e+00
 3.59689e+14	4.17e-11	4.25e-05	1.00e+00
 3.73064e+14	4.84e-11	4.61e-05	1.00e+00
 3.86602e+14	5.60e-11	4.98e-05	1.00e+00
 3.98326e+14	6.32e-11	5.32e-05	1.00e+00
 4.11010e+14	7.18e-11	5.70e-05	1.00e+00
 4.26557e+14	8.37e-11	6.19e-05	1.00e+00
 4.42193e+14	9.73e-11	6.70e-05	1.00e+00
 4.55978e+14	1.10e-10	7.17e-05	1.00e+00
 4.70993e+14	1.27e-10	7.72e-05	1.00e+00
 4.89084e+14	1.48e-10	8.40e-05	1.00e+00
 5.07091e+14	1.73e-10	9.11e-05	1.00e+00
 5.23288e+14	1.98e-10	9.78e-05	1.00e+00
 5.41215e+14	2.29e-10	1.05e-04	1.00e+00
 5.62390e+14	2.70e-10	1.15e-04	1.00e+00
 5.83319e+14	3.16e-10	1.25e-04	1.00e+00
 6.02693e+14	3.64e-10	1.35e-04	1.00e+00
 6.24440e+14	4.24e-10	1.46e-04	1.00e+00
 6.49447e+14	5.03e-10	1.59e-04	1.00e+00
 6.74014e+14	5.91e-10	1.73e-04	1.00e+00
 6.99563e+14	6.96e-10	1.89e-04	1.00e+00
 7.22955e+14	8.02e-10	2.03e-04	1.00e+00
 7.40537e+14	8.89e-10	2.14e-04	1.00e+00
 7.58755e+14	9.88e-10	2.26e-04	1.00e+00
 7.82439e+14	1.13e-09	2.42e-04	1.00e+00
 8.07944e+14	1.30e-09	2.60e-04	1.00e+00
 8.30840e+14	1.47e-09	2.77e-04	1.00e+00
 8.55631e+14	1.67e-09	2.96e-04	1.00e+00
 8.87052e+14	1.95e-09	3.21e-04	1.00e+00
 9.18666e+14	2.27e-09	3.47e-04	1.00e+00
 9.45336e+14	2.57e-09	3.69e-04	1.00e+00
 9.74002e+14	2.92e-09	3.95e-04	1.00e+00
 1.01002e+15	3.41e-09	4.28e-04	1.00e+00
 1.04747e+15	3.98e-09	4.63e-04	1.00e+00
 1.08082e+15	4.55e-09	4.96e-04	1.00e+00
 1.11699e+15	5.23e-09	5.34e-04	9.99e-01
 1.16019e+15	6.13e-09	5.80e-04	9.99e-01
 1.20255e+15	7.11e-09	6.27e-04	9.99e-01
 1.24053e+15	8.08e-09	6.70e-04	9.99e-01
 1.28282e+15	9.29e-09	7.21e-04	9.99e-01
 1.33287e+15	1.09e-08	7.83e-04	9.99e-01
 1.38217e+15	1.27e-08	8.47e-04	9.99e-01
 1.42761e+15	1.45e-08	9.08e-04	9.99e-01
 1.47888e+15	1.70e-08	9.80e-04	9.99e-01
 1.52861e+15	1.95e-08	1.05e-03	9.99e-01
 1.56567e+15	2.17e-08	1.10e-03	9.99e-01
 1.60319e+15	2.41e-08	1.16e-03	9.99e-01
 1.65196e+15	2.74e-08	1.24e-03	9.99e-01
 1.70444e+15	3.14e-08	1.33e-03	9.99e-01
 1.75070e+15	3.51e-08	1.40e-03	9.99e-01
 1.79979e+15	3.96e-08	1.49e-03	9.99e-01
 1.86361e+15	4.62e-08	1.61e-03	9.98e-01
 1.92826e+15	5.33e-08	1.73e-03	9.98e-01
 1.98071e+15	5.97e-08	1.83e-03	9.98e-01
 2.03560e+15	6.72e-08	1.94e-03	9.98e-01
 2.10696e+15	7.80e-08	2.09e-03	9.98e-01
 2.18114e+15	9.01e-08	2.25e-03	9.98e-01
 2.24322e+15	1.01e-07	2.39e-03	9.98e-01
 2.30814e+15	1.15e-07	2.55e-03	9.97e-01
 2.39174e+15	1.34e-07	2.77e-03	9.97e-01
 2.47663e+15	1.55e-07	2.99e-03	9.97e-01
 2.54407e+15	1.72e-07	3.18e-03	9.97e-01
 2.61184e+15	1.94e-07	3.39e-03	9.97e-01
 2.69993e+15	2.25e-07	3.68e-03	9.96e-01
 2.78865e+15	2.57e-07	3.97e-03	9.96e-01
 2.85931e+15	2.86e-07	4.22e-03	9.96e-01
 2.92225e+15	3.15e-07	4.47e-03	9.96e-01
 2.99402e+15	3.53e-07	4.77e-03	9.95e-01
 3.07133e+15	3.96e-07	5.12e-03	9.95e-01
 3.14127e+15	4.39e-07	5.46e-03	9.95e-01
 3.21760e+15	4.98e-07	5.89e-03	9.94e-01
 3.29839e+15	5.59e-07	6.35e-03	9.94e-01
 3.37166e+15	6.28e-07	6.84e-03	9.93e-01
 3.45357e+15	7.18e-07	7.45e-03	9.93e-01
 3.54024e+15	8.27e-07	8.18e-03	9.92e-01
 3.60930e+15	9.22e-07	8.82e-03	9.91e-01
 3.66441e+15	1.01e-06	9.41e-03	9.91e-01
 3.72516e+15	1.14e-06	1.02e-02	9.90e-01
 3.79317e+15	1.30e-06	1.11e-02	9.89e-01
 3.85589e+15	1.45e-06	1.21e-02	9.88e-01
 3.91224e+15	1.63e-06	1.31e-02	9.87e-01
 3.97503e+15	1.90e-06	1.45e-02	9.85e-01
 4.03647e+15	2.16e-06	1.60e-02	9.84e-01
 4.08253e+15	2.42e-06	1.74e-02	9.83e-01
 4.12241e+15	2.69e-06	1.88e-02	9.81e-01
 4.16793e+15	3.06e-06	2.06e-02	9.79e-01
 4.21670e+15	3.56e-06	2.29e-02	9.77e-01
 4.25799e+15	4.04e-06	2.52e-02	9.75e-01
 4.29325e+15	4.55e-06	2.75e-02	9.72e-01
 4.33237e+15	5.16e-06	3.06e-02	9.69e-01
 4.37393e+15	6.03e-06	3.46e-02	9.65e-01
 4.40849e+15	7.15e-06	3.86e-02	9.61e-01
 4.43594e+15	8.04e-06	4.24e-02	9.58e-01
 4.46430e+15	9.12e-06	4.71e-02	9.53e-01
 4.49579e+15	1.07e-05	5.34e-02	9.47e-01
 4.52366e+15	1.25e-05	6.03e-02	9.40e-01
 4.54648e+15	1.47e-05	6.71e-02	9.33e-01
 4.56612e+15	1.64e-05	7.41e-02	9.26e-01
 4.58740e+15	1.91e-05	8.32e-02	9.17e-01
 4.61028e+15	2.25e-05	9.50e-02	9.05e-01
 4.62965e+15	2.64e-05	1.07e-01	8.93e-01
 4.64544e+15	3.07e-05	1.19e-01	8.81e-01
 4.65939e+15	3.44e-05	1.32e-01	8.68e-01
 4.67473e+15	3.99e-05	1.48e-01	8.52e-01
 4.69115e+15	4.71e-05	1.69e-01	8.31e-01
 4.70497e+15	5.47e-05	1.90e-01	8.10e-01
 4.71632e+15	6.24e-05	2.10e-01	7.89e-01
 4.72847e+15	7.28e-05	2.36e-01	7.64e-01
 4.74102e+15	8.36e-05	2.66e-01	7.34e-01
 4.75170e+15	9.58e-05	2.95e-01	7.05e-01
 4.76086e+15	1.08e-04	3.23e-01	6.77e-01
 4.76778e+15	1.18e-04	3.46e-01	6.54e-01
 4.77414e+15	1.28e-04	3.70e-01	6.30e-01
 4.78240e+15	1.43e-04	4.02e-01	5.98e-01
 4.79083e+15	1.59e-04	4.37e-01	5.63e-01
 4.79775e+15	1.73e-04	4.67e-01	5.32e-01
 4.80503e+15	1.90e-04	5.01e-01	4.98e-01
 4.81306e+15	2.09e-04	5.39e-01	4.61e-01
 4.82058e+15	2.28e-04	5.75e-01	4.24e-01
 4.82886e+15	2.51e-04	6.15e-01	3.84e-01
 4.83793e+15	2.74e-04	6.58e-01	3.42e-01
 4.84653e+15	2.98e-04	6.97e-01	3.03e-01
 4.85623e+15	3.24e-04	7.38e-01	2.62e-01
 4.86882e+15	3.57e-04	7.85e-01	2.14e-01
 4.88208e+15	3.89e-04	8.27e-01	1.72e-01
 4.89430e+15	4.16e-04	8.60e-01	1.40e-01
 4.90830e+15	4.44e-04	8.90e-01	1.10e-01
 4.92651e+15	4.76e-04	9.19e-01	8.05e-02
 4.95017e+15	5.11e-04	9.45e-01	5.45e-02
 4.98093e+15	5.49e-04	9.65e-01	3.40e-02
 5.02093e+15	5.93e-04	9.80e-01	1.95e-02
 5.07292e+15	6.48e-04	9.89e-01	1.04e-02
 5.12660e+15	7.08e-04	9.93e-01	5.98e-03
 5.16962e+15	7.63e-04	9.95e-01	4.06e-03
 5.20553e+15	8.16e-04	9.96e-01	3.00e-03
 5.24507e+15	8.81e-04	9.97e-01	2.18e-03
 5.28770e+15	9.66e-04	9.97e-01	1.60e-03
 5.32357e+15	1.05e-03	9.98e-01	1.26e-03
 5.34712e+15	1.11e-03	9.98e-01	1.09e-03
 5.36132e+15	1.16e-03	9.98e-01	9.96e-04
 5.37567e+15	1.20e-03	9.98e-01	9.06e-04
 5.39434e+15	1.27e-03	9.98e-01	8.04e-04
 5.41457e+15	1.34e-03	9.98e-01	7.10e-04
 5.43224e+15	1.42e-03	9.98e-01	6.42e-04
 5.44743e+15	1.49e-03	9.98e-01	5.87e-04
 5.46401e+15	1.58e-03	9.98e-01	5.32e-04
 5.48189e+15	1.68e-03	9.98e-01	4.81e-04
 5.49723e+15	1.79e-03	9.98e-01	4.42e-04
 5.50876e+15	1.87e-03	9.98e-01	4.16e-04
 5.51787e+15	1.94e-03	9.98e-01	3.96e-04
 5.52801e+15	2.03e-03	9.98e-01	3.74e-04
 5.53933e+15	2.13e-03	9.98e-01	3.52e-04
 5.54973e+15	2.23e-03	9.97e-01	3.33e-04
 5.55885e+15	2.33e-03	9.97e-01	3.18e-04
 5.56743e+15	2.43e-03	9.97e-01	3.03e-04
 5.57725e+15	2.56e-03	9.97e-01	2.88e-04
 5.58747e+15	2.70e-03	9.97e-01	2.73e-04
 5.59587e+15	2.83e-03	9.97e-01	2.61e-04
 5.60321e+15	2.95e-03	9.97e-01	2.52e-04
 5.61152e+15	3.10e-03	9.97e-01	2.41e-04
 5.62040e+15	3.28e-03	9.96e-01	2.30e-04
 5.62796e+15	3.44e-03	9.96e-01	2.21e-04
 5.63455e+15	3.59e-03	9.96e-01	2.14e-04
 5.64195e+15	3.79e-03	9.96e-01	2.06e-04
 5.64984e+15	4.01e-03	9.96e-01	1.98e-04
 5.65662e+15	4.22e-03	9.96e-01	1.91e-04
 5.66256e+15	4.42e-03	9.95e-01	1.86e-04
 5.66915e+15	4.67e-03	9.95e-01	1.79e-04
 5.67623e+15	4.97e-03	9.95e-01	1.73e-04
 5.68237e+15	5.24e-03	9.95e-01	1.68e-04
 5.68779e+15	5.52e-03	9.94e-01	1.63e-04
 5.69390e+15	5.87e-03	9.94e-01	1.58e-04
 5.70048e+15	6.27e-03	9.94e-01	1.53e-04
 5.70626e+15	6.68e-03	9.93e-01	1.49e-04
 5.71148e+15	7.08e-03	9.93e-01	1.45e-04
 5.71742e+15	7.62e-03	9.92e-01	1.40e-04
 5.72389e+15	8.27e-03	9.92e-01	1.36e-04
 5.72973e+15	8.96e-03	9.91e-01	1.32e-04
 5.73516e+15	9.68e-03	9.90e-01	1.28e-04
 5.74139e+15	1.07e-02	9.89e-01	1.24e-04
 5.74782e+15	1.19e-02	9.88e-01	1.20e-04
 5.75280e+15	1.30e-02	9.87e-01	1.17e-04
 5.75667e+15	1.40e-02	9.86e-01	1.15e-04
 5.76082e+15	1.53e-02	9.85e-01	1.12e-04
 5.76537e+15	1.69e-02	9.83e-01	1.10e-04
 5.76936e+15	1.86e-02	9.81e-01	1.08e-04
 5.77276e+15	2.01e-02	9.80e-01	1.06e-04
 5.77643e+15	2.23e-02	9.78e-01	1.04e-04
 5.78031e+15	2.49e-02	9.75e-01	1.02e-04
 5.78356e+15	2.75e-02	9.72e-01	1.01e-04
 5.78628e+15	3.00e-02	9.70e-01	9.98e-05
 5.78923e+15	3.33e-02	9.67e-01	9.86e-05
 5.79244e+15	3.75e-02	9.62e-01	9.76e-05
 5.79524e+15	4.19e-02	9.58e-01	9.69e-05
 5.79761e+15	4.62e-02	9.54e-01	9.65e-05
 5.79982e+15	5.10e-02	9.49e-01	9.62e-05
 5.80200e+15	5.66e-02	9.43e-01	9.60e-05
 5.80411e+15	6.25e-02	9.37e-01	9.63e-05
 5.80614e+15	6.94e-02	9.30e-01	9.66e-05
 5.80804e+15	7.67e-02	9.23e-01	9.71e-05
 5.80982e+15	8.49e-02	9.15e-01	9.76e-05
 5.81148e+15	9.33e-02	9.07e-01	9.86e-05
 5.81314e+15	1.03e-01	8.97e-01	9.96e-05
 5.81478e+15	1.14e-01	8.86e-01	1.01e-04
 5.81629e+15	1.26e-01	8.74e-01	1.02e-04
 5.81767e+15	1.37e-01	8.63e-01	1.04e-04
 5.81891e+15	1.49e-01	8.51e-01	1.05e-04
 5.82003e+15	1.61e-01	8.39e-01	1.07e-04
 5.82109e+15	1.73e-01	8.27e-01	1.08e-04
 5.82194e+15	1.84e-01	8.16e-01	1.10e-04
 5.82251e+15	1.91e-01	8.09e-01	1.11e-04
 5.82304e+15	1.98e-01	8.02e-01	1.11e-04
 5.82363e+15	2.07e-01	7.93e-01	1.12e-04
 5.82426e+15	2.17e-01	7.83e-01	1.14e-04
 5.82487e+15	2.27e-01	7.73e-01	1.15e-04
 5.82546e+15	2.36e-01	7.64e-01	1.16e-04
 5.82603e+15	2.47e-01	7.53e-01	1.17e-04
 5.82660e+15	2.57e-01	7.43e-01	1.18e-04
 5.82717e+15	2.68e-01	7.32e-01	1.19e-04
 5.82773e+15	2.79e-01	7.21e-01	1.20e-04
 5.82828e+15	2.91e-01	7.09e-01	1.21e-04
 5.82882e+15	3.02e-01	6.97e-01	1.23e-04
 5.82936e+15	3.15e-01	6.85e-01	1.24e-04
 5.82990e+15	3.27e-01	6.72e-01	1.25e-04
 5.83042e+15	3.40e-01	6.60e-01	1.26e-04
 5.83093e+15	3.53e-01	6.47e-01	1.27e-04
 5.83145e+15	3.67e-01	6.33e-01	1.28e-04
 5.83196e+15	3.80e-01	6.20e-01	1.29e-04
 5.83246e+15	3.94e-01	6.06e-01	1.30e-04
 5.83295e+15	4.07e-01	5.92e-01	1.31e-04
 5.83344e+15	4.22e-01	5.78e-01	1.32e-04
 5.83393e+15	4.36e-01	5.63e-01	1.33e-04
 5.83441e+15	4.51e-01	5.49e-01	1.33e-04
 5.83487e+15	4.65e-01	5.35e-01	1.34e-04
 5.83534e+15	4.80e-01	5.20e-01	1.35e-04
 5.83580e+15	4.94e-01	5.06e-01	1.36e-04
 5.83624e+15	5.09e-01	4.91e-01	1.36e-04
 5.83668e+15	5.23e-01	4.77e-01	1.37e-04
 5.83711e+15	5.37e-01	4.63e-01	1.37e-04
 5.83753e+15	5.51e-01	4.49e-01	1.37e-04
 5.83795e+15	5.64e-01	4.36e-01	1.38e-04
 5.83835e+15	5.78e-01	4.22e-01	1.37e-04
 5.83876e+15	5.92e-01	4.08e-01	1.38e-04
 5.83917e+15	6.05e-01	3.94e-01	1.38e-04
 5.83956e+15	6.18e-01	3.82e-01	1.38e-04
 5.83994e+15	6.31e-01	3.69e-01	1.37e-04
 5.84031e+15	6.43e-01	3.57e-01	1.37e-04
 5.84069e+15	6.55e-01	3.45e-01	1.37e-04
 5.84105e+15	6.67e-01	3.33e-01	1.37e-04
 5.84141e+15	6.78e-01	3.21e-01	1.36e-04
 5.84177e+15	6.90e-01	3.10e-01	1.36e-04
 5.84212e+15	7.01e-01	2.99e-01	1.35e-04
 5.84246e+15	7.11e-01	2.89e-01	1.35e-04
 5.84280e+15	7.21e-01	2.78e-01	1.34e-04
 5.84314e+15	7.32e-01	2.68e-01	1.33e-04
 5.84347e+15	7.41e-01	2.59e-01	1.33e-04
 5.84380e+15	7.50e-01	2.50e-01	1.32e-04
 5.84411e+15	7.59e-01	2.41e-01	1.32e-04
 5.84443e+15	7.68e-01	2.32e-01	1.30e-04
 5.84475e+15	7.76e-01	2.23e-01	1.30e-04
 5.84507e+15	7.85e-01	2.15e-01	1.29e-04
 5.84538e+15	7.93e-01	2.07e-01	1.28e-04
 5.84569e+15	8.00e-01	1.99e-01	1.26e-04
 5.84599e+15	8.08e-01	1.92e-01	1.25e-04
 5.84630e+15	8.15e-01	1.85e-01	1.24e-04
 5.84660e+15	8.22e-01	1.78e-01	1.23e-04
 5.84690e+15	8.29e-01	1.71e-01	1.22e-04
 5.84720e+15	8.35e-01	1.64e-01	1.20e-04
 5.84750e+15	8.42e-01	1.58e-01	1.19e-04
 5.84780e+15	8.48e-01	1.52e-01	1.18e-04
 5.84809e+15	8.54e-01	1.46e-01	1.16e-04
 5.84838e+15	8.59e-01	1.40e-01	1.15e-04
 5.84868e+15	8.65e-01	1.35e-01	1.13e-04
 5.84897e+15	8.70e-01	1.30e-01	1.12e-04
 5.84926e+15	8.75e-01	1.25e-01	1.10e-04
 5.84954e+15	8.80e-01	1.20e-01	1.09e-04
 5.84981e+15	8.84e-01	1.15e-01	1.07e-04
 5.85004e+15	8.88e-01	1.12e-01	1.06e-04
 5.85027e+15	8.92e-01	1.08e-01	1.04e-04
 5.85049e+15	8.95e-01	1.05e-01	1.03e-04
 5.85072e+15	8.98e-01	1.01e-01	1.01e-04
 5.85095e+15	9.02e-01	9.82e-02	1.00e-04
 5.85117e+15	9.05e-01	9.51e-02	9.86e-05
 5.85140e+15	9.08e-01	9.21e-02	9.71e-05
 5.85162e+15	9.11e-01	8.92e-02	9.58e-05
 5.85185e+15	9.14e-01	8.62e-02	9.42e-05
 5.85209e+15	9.17e-01	8.33e-02	9.26e-05
 5.85232e+15	9.19e-01	8.05e-02	9.10e-05
 5.85257e+15	9.22e-01	7.76e-02	8.92e-05
 5.85283e+15	9.25e-01	7.47e-02	8.74e-05
 5.85311e+15	9.28e-01	7.16e-02	8.53e-05
 5.85341e+15	9.31e-01	6.84e-02	8.31e-05
 5.85374e+15	9.35e-01	6.52e-02	8.08e-05
 5.85406e+15	9.38e-01	6.22e-02	7.84e-05
 5.85438e+15	9.41e-01	5.93e-02	7.60e-05
 5.85471e+15	9.43e-01	5.65e-02	7.36e-05
 5.85503e+15	9.46e-01	5.38e-02	7.12e-05
 5.85535e+15	9.49e-01	5.13e-02	6.89e-05
 5.85567e+15	9.51e-01	4.90e-02	6.66e-05
 5.85599e+15	9.53e-01	4.67e-02	6.44e-05
 5.85630e+15	9.55e-01	4.46e-02	6.22e-05
 5.85662e+15	9.57e-01	4.26e-02	6.00e-05
 5.85692e+15	9.59e-01	4.08e-02	5.80e-05
 5.85720e+15	9.61e-01	3.92e-02	5.63e-05
 5.85745e+15	9.62e-01	3.79e-02	5.47e-05
 5.85768e+15	9.63e-01	3.67e-02	5.33e-05
 5.85788e+15	9.64e-01	3.57e-02	5.21e-05
 5.85811e+15	9.65e-01	3.45e-02	5.07e-05
 5.85836e+15	9.67e-01	3.34e-02	4.93e-05
 5.85858e+15	9.68e-01	3.24e-02	4.81e-05
 5.85878e+15	9.68e-01	3.16e-02	4.70e-05
 5.85901e+15	9.69e-01	3.07e-02	4.59e-05
 5.85925e+15	9.70e-01	2.97e-02	4.46e-05
 5.85947e+15	9.71e-01	2.89e-02	4.35e-05
 5.85971e+15	9.72e-01	2.81e-02	4.23e-05
 5.85996e+15	9.73e-01	2.72e-02	4.12e-05
 5.86020e+15	9.73e-01	2.65e-02	4.01e-05
 5.86041e+15	9.74e-01	2.58e-02	3.92e-05
 5.86065e+15	9.75e-01	2.51e-02	3.82e-05
 5.86090e+15	9.76e-01	2.44e-02	3.73e-05
 5.86113e+15	9.76e-01	2.39e-02	3.64e-05
 5.86139e+15	9.77e-01	2.32e-02	3.55e-05
 5.86166e+15	9.77e-01	2.26e-02	3.46e-05
 5.86191e+15	9.78e-01	2.21e-02	3.38e-05
 5.86218e+15	9.78e-01	2.15e-02	3.29e-05
 5.86247e+15	9.79e-01	2.09e-02	3.20e-05
 5.86274e+15	9.80e-01	2.04e-02	3.13e-05
 5.86303e+15	9.80e-01	1.99e-02	3.05e-05
 5.86335e+15	9.81e-01	1.94e-02	2.98e-05
 5.86364e+15	9.81e-01	1.90e-02	2.91e-05
 5.86395e+15	9.81e-01	1.86e-02	2.84e-05
 5.86429e+15	9.82e-01	1.82e-02	2.78e-05
 5.86460e+15	9.82e-01	1.78e-02	2.72e-05
 5.86494e+15	9.83e-01	1.74e-02	2.66e-05
 5.86531e+15	9.83e-01	1.71e-02	2.60e-05
 5.86571e+15	9.83e-01	1.67e-02	2.54e-05
 5.86614e+15	9.84e-01	1.64e-02	2.49e-05
 5.86654e+15	9.84e-01	1.61e-02	2.44e-05
 5.86697e+15	9.84e-01	1.58e-02	2.40e-05
 5.86753e+15	9.85e-01	1.55e-02	2.34e-05
 5.86814e+15	9.85e-01	1.52e-02	2.29e-05
 5.86869e+15	9.85e-01	1.50e-02	2.26e-05
 5.86930e+15	9.85e-01	1.47e-02	2.21e-05
 5.87008e+15	9.86e-01	1.45e-02	2.17e-05
 5.87110e+15	9.86e-01	1.42e-02	2.12e-05
 5.87218e+15	9.86e-01	1.40e-02	2.09e-05
 5.87337e+15	9.86e-01	1.38e-02	2.05e-05
 5.87492e+15	9.86e-01	1.36e-02	2.01e-05
 5.87659e+15	9.87e-01	1.35e-02	1.98e-05
 5.87842e+15	9.87e-01	1.33e-02	1.94e-05
 5.88080e+15	9.87e-01	1.32e-02	1.90e-05
 5.88337e+15	9.87e-01	1.30e-02	1.86e-05
 5.88618e+15	9.87e-01	1.29e-02	1.82e-05
 5.88922e+15	9.87e-01	1.28e-02	1.78e-05
 5.89255e+15	9.87e-01	1.26e-02	1.73e-05
 5.89614e+15	9.88e-01	1.24e-02	1.68e-05
 5.90008e+15	9.88e-01	1.22e-02	1.63e-05
 5.90433e+15	9.88e-01	1.20e-02	1.58e-05
 5.90820e+15	9.88e-01	1.18e-02	1.53e-05
 5.91172e+15	9.88e-01	1.17e-02	1.49e-05
 5.91558e+15	9.88e-01	1.15e-02	1.44e-05
 5.91975e+15	9.89e-01	1.13e-02	1.39e-05
 5.92431e+15	9.89e-01	1.11e-02	1.34e-05
 5.92924e+15	9.89e-01	1.09e-02	1.29e-05
 5.93372e+15	9.89e-01	1.07e-02	1.24e-05
 5.93780e+15	9.89e-01	1.05e-02	1.20e-05
 5.94227e+15	9.90e-01	1.03e-02	1.16e-05
 5.94710e+15	9.90e-01	1.01e-02	1.11e-05
 5.95150e+15	9.90e-01	9.98e-03	1.07e-05
 5.95549e+15	9.90e-01	9.83e-03	1.04e-05
 5.95987e+15	9.90e-01	9.65e-03	1.00e-05
 5.96460e+15	9.91e-01	9.46e-03	9.63e-06
 5.96891e+15	9.91e-01	9.31e-03	9.31e-06
 5.97282e+15	9.91e-01	9.17e-03	9.03e-06
 5.97711e+15	9.91e-01	9.01e-03	8.72e-06
 5.98175e+15	9.91e-01	8.84e-03	8.39e-06
 5.98596e+15	9.91e-01	8.70e-03	8.12e-06
 5.99058e+15	9.91e-01	8.54e-03	7.82e-06
 5.99557e+15	9.92e-01	8.37e-03	7.50e-06
 6.00011e+15	9.92e-01	8.23e-03	7.24e-06
 6.00424e+15	9.92e-01	8.10e-03	7.02e-06
 6.00876e+15	9.92e-01	7.95e-03	6.77e-06
 6.01365e+15	9.92e-01	7.80e-03	6.50e-06
 6.01809e+15	9.92e-01	7.67e-03	6.29e-06
 6.02297e+15	9.92e-01	7.52e-03	6.05e-06
 6.02823e+15	9.93e-01	7.37e-03	5.80e-06
 6.03301e+15	9.93e-01	7.24e-03	5.59e-06
 6.03826e+15	9.93e-01	7.09e-03	5.36e-06
 6.04392e+15	9.93e-01	6.93e-03	5.13e-06
 6.04907e+15	9.93e-01	6.80e-03	4.94e-06
 6.05376e+15	9.93e-01	6.69e-03	4.77e-06
 6.05890e+15	9.93e-01	6.55e-03	4.58e-06
 6.06445e+15	9.94e-01	6.42e-03	4.39e-06
 6.06949e+15	9.94e-01	6.30e-03	4.24e-06
 6.07502e+15	9.94e-01	6.17e-03	4.06e-06
 6.08100e+15	9.94e-01	6.03e-03	3.88e-06
 6.08643e+15	9.94e-01	5.92e-03	3.73e-06
 6.09238e+15	9.94e-01	5.78e-03	3.57e-06
 6.09881e+15	9.94e-01	5.65e-03	3.41e-06
 6.10466e+15	9.94e-01	5.53e-03	3.27e-06
 6.11107e+15	9.95e-01	5.40e-03	3.12e-06
 6.11799e+15	9.95e-01	5.27e-03	2.97e-06
 6.12429e+15	9.95e-01	5.16e-03	2.84e-06
 6.13119e+15	9.95e-01	5.03e-03	2.70e-06
 6.13864e+15	9.95e-01	4.90e-03	2.57e-06
 6.14542e+15	9.95e-01	4.79e-03	2.45e-06
 6.15285e+15	9.95e-01	4.66e-03	2.32e-06
 6.16087e+15	9.95e-01	4.54e-03	2.20e-06
 6.16817e+15	9.96e-01	4.43e-03	2.10e-06
 6.17617e+15	9.96e-01	4.30e-03	1.98e-06
 6.18480e+15	9.96e-01	4.18e-03	1.87e-06
 6.19266e+15	9.96e-01	4.08e-03	1.78e-06
 6.20127e+15	9.96e-01	3.95e-03	1.68e-06
 6.21056e+15	9.96e-01	3.84e-03	1.58e-06
 6.21902e+15	9.96e-01	3.73e-03	1.50e-06
 6.22829e+15	9.96e-01	3.62e-03	1.41e-06
 6.23829e+15	9.96e-01	3.50e-03	1.32e-06
 6.24740e+15	9.97e-01	3.41e-03	1.25e-06
 6.25738e+15	9.97e-01	3.29e-03	1.17e-06
 6.26815e+15	9.97e-01	3.18e-03	1.09e-06
 6.27795e+15	9.97e-01	3.09e-03	1.03e-06
 6.28869e+15	9.97e-01	2.98e-03	9.62e-07
 6.30029e+15	9.97e-01	2.88e-03	8.98e-07
 6.31084e+15	9.97e-01	2.79e-03	8.43e-07
 6.32241e+15	9.97e-01	2.69e-03	7.84e-07
 6.33489e+15	9.97e-01	2.59e-03	7.28e-07
 6.34857e+15	9.98e-01	2.48e-03	6.69e-07
 6.36334e+15	9.98e-01	2.37e-03	6.14e-07
 6.37678e+15	9.98e-01	2.28e-03	5.69e-07
 6.39150e+15	9.98e-01	2.18e-03	5.20e-07
 6.40740e+15	9.98e-01	2.09e-03	4.76e-07
 6.42482e+15	9.98e-01	1.98e-03	4.29e-07
 6.44545e+15	9.98e-01	1.86e-03	3.81e-07
 6.46741e+15	9.98e-01	1.75e-03	3.37e-07
 6.48990e+15	9.98e-01	1.64e-03	2.97e-07
 6.51279e+15	9.98e-01	1.54e-03	2.62e-07
 6.53633e+15	9.99e-01	1.44e-03	2.31e-07
 6.56063e+15	9.99e-01	1.35e-03	2.02e-07
 6.58577e+15	9.99e-01	1.26e-03	1.77e-07
 6.61171e+15	9.99e-01	1.18e-03	1.54e-07
 6.63806e+15	9.99e-01	1.10e-03	1.35e-07
 6.66506e+15	9.99e-01	1.02e-03	1.17e-07
 6.69343e+15	9.99e-01	9.49e-04	1.01e-07
 6.72315e+15	9.99e-01	8.79e-04	8.65e-08
 6.75391e+15	9.99e-01	8.12e-04	7.39e-08
 6.78569e+15	9.99e-01	7.48e-04	6.29e-08
 6.81879e+15	9.99e-01	6.88e-04	5.32e-08
 6.85355e+15	9.99e-01	6.30e-04	4.47e-08
 6.88995e+15	9.99e-01	5.75e-04	3.73e-08
 6.92796e+15	9.99e-01	5.22e-04	3.09e-08
 6.96789e+15	1.00e+00	4.73e-04	2.53e-08
 7.01006e+15	1.00e+00	4.26e-04	2.06e-08
 7.05469e+15	1.00e+00	3.81e-04	1.65e-08
 7.10241e+15	1.00e+00	3.38e-04	1.31e-08
 7.15329e+15	1.00e+00	2.99e-04	1.02e-08
 7.20828e+15	1.00e+00	2.61e-04	7.84e-09
 7.26640e+15	1.00e+00	2.27e-04	5.94e-09
 7.32794e+15	1.00e+00	1.95e-04	4.41e-09
 7.40218e+15	1.00e+00	1.63e-04	3.09e-09
 7.47978e+15	1.00e+00	1.36e-04	2.18e-09
 7.55594e+15	1.00e+00	1.14e-04	1.53e-09
 7.64825e+15	1.00e+00	9.12e-05	9.92e-10
 7.75844e+15	1.00e+00	7.08e-05	6.03e-10
 7.87983e+15	1.00e+00	5.40e-05	3.52e-10
 8.01652e+15	1.00e+00	3.98e-05	1.94e-10
 8.17530e+15	1.00e+00	2.82e-05	9.81e-11
 8.34806e+15	1.00e+00	1.97e-05	4.81e-11
 8.52423e+15	1.00e+00	1.37e-05	2.37e-11
 8.70116e+15	1.00e+00	9.69e-06	1.18e-11
 8.87803e+15	1.00e+00	6.89e-06	6.03e-12
 9.05491e+15	1.00e+00	4.94e-06	3.12e-12
 9.23186e+15	1.00e+00	3.57e-06	1.64e-12
 9.40886e+15	1.00e+00	2.60e-06	8.72e-13
 9.58583e+15	1.00e+00	1.90e-06	4.70e-13
 9.76278e+15	1.00e+00	1.40e-06	2.58e-13
 9.93973e+15	1.00e+00	1.04e-06	1.43e-13
 1.01167e+16	1.00e+00	7.80e-07	8.05e-14
 1.02936e+16	1.00e+00	5.87e-07	4.58e-14
 1.04971e+16	1.00e+00	4.23e-07	2.39e-14
 1.07307e+16	1.00e+00	2.95e-07	1.17e-14
 1.09677e+16	1.00e+00	2.08e-07	5.83e-15
 1.12046e+16	1.00e+00	1.47e-07	2.95e-15
 1.14416e+16	1.00e+00	1.05e-07	1.52e-15
 1.16996e+16	1.00e+00	7.34e-08	7.42e-16
 1.19788e+16	1.00e+00	5.05e-08	3.54e-16
 1.22580e+16	1.00e+00	3.51e-08	1.72e-16
 1.25505e+16	1.00e+00	2.42e-08	8.22e-17
 1.28610e+16	1.00e+00	1.65e-08	3.84e-17
 1.31789e+16	1.00e+00	1.12e-08	1.80e-17
 1.35000e+16	1.00e+00	7.73e-09	8.60e-18
 1.38210e+16	1.00e+00	5.36e-09	4.18e-18
 1.41421e+16	1.00e+00	3.76e-09	2.07e-18
 1.44632e+16	1.00e+00	2.66e-09	1.04e-18
 1.47843e+16	1.00e+00	1.90e-09	5.34e-19
 1.51054e+16	1.00e+00	1.36e-09	2.77e-19
 1.54265e+16	1.00e+00	9.85e-10	1.46e-19
 1.57476e+16	1.00e+00	7.18e-10	7.83e-20
 1.60687e+16	1.00e+00	5.27e-10	4.25e-20
 1.63898e+16	1.00e+00	3.90e-10	2.34e-20
 1.67109e+16	1.00e+00	2.90e-10	1.30e-20
 1.70320e+16	1.00e+00	2.17e-10	7.35e-21
 1.73531e+16	1.00e+00	1.63e-10	0.00e+00
 1.76742e+16	1.00e+00	1.24e-10	0.00e+00
 1.80435e+16	1.00e+00	9.03e-11	0.00e+00
 1.84744e+16	1.00e+00	6.33e-11	0.00e+00
 1.89336e+16	1.00e+00	4.40e-11	0.00e+00
 1.94146e+16	1.00e+00	3.05e-11	0.00e+00
 1.99072e+16	1.00e+00	2.14e-11	0.00e+00
 2.04093e+16	1.00e+00	1.52e-11	0.00e+00
 2.09235e+16	1.00e+00	1.09e-11	0.00e+00
 2.14478e+16	1.00e+00	8.03e-12	0.00e+00
 2.19745e+16	1.00e+00	6.08e-12	0.00e+00
 2.25011e+16	1.00e+00	4.76e-12	0.00e+00
 2.30511e+16	1.00e+00	3.82e-12	0.00e+00
 2.36303e+16	1.00e+00	3.12e-12	0.00e+00
 2.42206e+16	1.00e+00	2.63e-12	0.00e+00
 2.48252e+16	1.00e+00	2.30e-12	0.00e+00
 2.54443e+16	1.00e+00	2.07e-12	0.00e+00
 2.60693e+16	1.00e+00	1.90e-12	0.00e+00
 2.66944e+16	1.00e+00	1.80e-12	0.00e+00
 2.73195e+16	1.00e+00	1.73e-12	0.00e+00
 2.80383e+16	1.00e+00	1.67e-12	0.00e+00
 2.89727e+16	1.00e+00	1.42e-12	0.00e+00
 3.00483e+16	1.00e+00	1.09e-12	0.00e+00
 3.11363e+16	1.00e+00	9.92e-13	0.00e+00
 3.22225e+16	1.00e+00	9.80e-13	0.00e+00
 3.33341e+16	1.00e+00	9.62e-13	0.00e+00
 3.44964e+16	1.00e+00	9.19e-13	0.00e+00
 3.57026e+16	1.00e+00	8.57e-13	0.00e+00
 3.69439e+16	1.00e+00	8.23e-13	0.00e+00
 3.82180e+16	1.00e+00	7.81e-13	0.00e+00
 3.95276e+16	1.00e+00	7.55e-13	0.00e+00
 4.08659e+16	1.00e+00	7.13e-13	0.00e+00
 4.22189e+16	1.00e+00	6.99e-13	0.00e+00
 4.35886e+16	1.00e+00	6.80e-13	0.00e+00
 4.49712e+16	1.00e+00	6.66e-13	0.00e+00
 4.63529e+16	1.00e+00	6.52e-13	0.00e+00
 4.77212e+16	1.00e+00	6.57e-13	0.00e+00
 4.90637e+16	1.00e+00	6.62e-13	0.00e+00
 5.03700e+16	1.00e+00	6.87e-13	0.00e+00
 5.16231e+16	1.00e+00	7.08e-13	0.00e+00
 5.28068e+16	1.00e+00	7.60e-13	0.00e+00
 5.39209e+16	1.00e+00	8.11e-13	0.00e+00
 5.49570e+16	1.00e+00	8.71e-13	0.00e+00
 5.59063e+16	1.00e+00	9.43e-13	0.00e+00
 5.67678e+16	1.00e+00	1.03e-12	0.00e+00
 5.75496e+16	1.00e+00	1.11e-12	0.00e+00
 5.82583e+16	1.00e+00	1.19e-12	0.00e+00
 5.88999e+16	1.00e+00	1.27e-12	0.00e+00
 5.94804e+16	1.00e+00	1.35e-12	0.00e+00
 6.00072e+16	1.00e+00	1.42e-12	0.00e+00
 6.04871e+16	1.00e+00	1.48e-12	0.00e+00
 6.09256e+16	1.00e+00	1.54e-12	0.00e+00
 6.13276e+16	1.00e+00	1.60e-12	0.00e+00
 6.16973e+16	1.00e+00	1.65e-12	0.00e+00
 6.20382e+16	1.00e+00	1.69e-12	0.00e+00
 6.23535e+16	1.00e+00	1.73e-12	0.00e+00
 6.26455e+16	1.00e+00	1.76e-12	0.00e+00
 6.29170e+16	1.00e+00	1.80e-12	0.00e+00
 6.31701e+16	1.00e+00	1.83e-12	0.00e+00
 6.34067e+16	1.00e+00	1.86e-12	0.00e+00
 6.36281e+16	1.00e+00	1.88e-12	0.00e+00
 6.38356e+16	1.00e+00	1.90e-12	0.00e+00
 6.40304e+16	1.00e+00	1.92e-12	0.00e+00
 6.42137e+16	1.00e+00	1.94e-12	0.00e+00
 6.43866e+16	1.00e+00	1.96e-12	0.00e+00
 6.45499e+16	1.00e+00	1.98e-12	0.00e+00
 6.47043e+16	1.00e+00	1.99e-12	0.00e+00
 6.48504e+16	1.00e+00	2.01e-12	0.00e+00
 6.49889e+16	1.00e+00	2.02e-12	0.00e+00
 6.51204e+16	1.00e+00	2.03e-12	0.00e+00
 6.52455e+16	1.00e+00	2.04e-12	0.00e+00
 6.53646e+16	1.00e+00	2.05e-12	0.00e+00
 6.54783e+16	1.00e+00	2.06e-12	0.00e+00
 6.55868e+16	1.00e+00	2.07e-12	0.00e+00
 6.56905e+16	1.00e+00	2.08e-12	0.00e+00
 6.57899e+16	1.00e+00	2.09e-12	0.00e+00
 6.58854e+16	1.00e+00	2.09e-12	0.00e+00
 6.59771e+16	1.00e+00	2.10e-12	0.00e+00
 6.60656e+16	1.00e+00	2.11e-12	0.00e+00
 6.61509e+16	1.00e+00	2.11e-12	0.00e+00
 6.62335e+16	1.00e+00	2.12e-12	0.00e+00
 6.63136e+16	1.00e+00	2.12e-12	0.00e+00
 6.63915e+16	1.00e+00	2.13e-12	0.00e+00
 6.64675e+16	1.00e+00	2.13e-12	0.00e+00
 6.65419e+16	1.00e+00	2.14e-12	0.00e+00
 6.66149e+16	1.00e+00	2.14e-12	0.00e+00
 6.66869e+16	1.00e+00	2.14e-12	0.00e+00
 6.67583e+16	1.00e+00	2.15e-12	0.00e+00
 6.68293e+16	1.00e+00	2.15e-12	0.00e+00
 6.69004e+16	1.00e+00	2.15e-12	0.00e+00
 6.69719e+16	1.00e+00	2.15e-12	0.00e+00
 6.70445e+16	1.00e+00	2.15e-12	0.00e+00
 6.71187e+16	1.00e+00	2.15e-12	0.00e+00
 6.71951e+16	1.00e+00	2.15e-12	0.00e+00
 6.72746e+16	1.00e+00	2.15e-12	0.00e+00
 6.73584e+16	1.00e+00	2.15e-12	0.00e+00
 6.74477e+16	1.00e+00	2.15e-12	0.00e+00
 6.75442e+16	1.00e+00	2.15e-12	0.00e+00
 6.76503e+16	1.00e+00	2.14e-12	0.00e+00
 6.77692e+16	1.00e+00	2.13e-12	0.00e+00
 6.79050e+16	1.00e+00	2.11e-12	0.00e+00
 6.80640e+16	1.00e+00	2.09e-12	0.00e+00
 6.82548e+16	1.00e+00	2.06e-12	0.00e+00
 6.84905e+16	1.00e+00	2.02e-12	0.00e+00
 6.87905e+16	1.00e+00	1.94e-12	0.00e+00
 6.91793e+16	1.00e+00	1.83e-12	0.00e+00
 6.96848e+16	1.00e+00	1.68e-12	0.00e+00
 7.03419e+16	1.00e+00	1.47e-12	0.00e+00
 7.11962e+16	1.00e+00	1.23e-12	0.00e+00
 7.23067e+16	1.00e+00	9.64e-13	0.00e+00
 7.37504e+16	1.00e+00	6.89e-13	0.00e+00
 7.56272e+16	1.00e+00	4.37e-13	0.00e+00
 7.80671e+16	1.00e+00	2.34e-13	0.00e+00
 8.10351e+16	1.00e+00	1.00e-13	0.00e+00
 8.35774e+16	1.00e+00	5.56e-14	0.00e+00
 8.52200e+16	1.00e+00	2.69e-13	0.00e+00
 8.67573e+16	1.00e+00	4.87e-13	0.00e+00
 8.87076e+16	1.00e+00	3.55e-13	0.00e+00
 9.11421e+16	1.00e+00	1.86e-13	0.00e+00
 9.37747e+16	1.00e+00	9.94e-14	0.00e+00
 9.63679e+16	1.00e+00	1.03e-13	0.00e+00
 9.90533e+16	1.00e+00	1.02e-13	0.00e+00
 1.02046e+17	1.00e+00	7.56e-14	0.00e+00
 1.05492e+17	1.00e+00	4.15e-14	0.00e+00
 1.09432e+17	1.00e+00	2.01e-14	0.00e+00
 1.13323e+17	1.00e+00	9.39e-15	0.00e+00
 1.16524e+17	1.00e+00	1.90e-14	0.00e+00
 1.19163e+17	1.00e+00	4.95e-14	0.00e+00
 1.21514e+17	1.00e+00	7.00e-14	0.00e+00
 1.23299e+17	1.00e+00	8.60e-14	0.00e+00
 1.24371e+17	1.00e+00	2.15e-13	0.00e+00
 1.25014e+17	1.00e+00	3.40e-13	0.00e+00
 1.25400e+17	1.00e+00	4.31e-13	0.00e+00
 1.25665e+17	1.00e+00	4.91e-13	0.00e+00
 1.25929e+17	1.00e+00	5.28e-13	0.00e+00
 1.26255e+17	1.00e+00	5.44e-13	0.00e+00
 1.26602e+17	1.00e+00	5.32e-13	0.00e+00
 1.26882e+17	1.00e+00	5.28e-13	0.00e+00
 1.27087e+17	1.00e+00	5.38e-13	0.00e+00
 1.27272e+17	1.00e+00	5.48e-13	0.00e+00
 1.27474e+17	1.00e+00	5.52e-13	0.00e+00
 1.27678e+17	1.00e+00	5.49e-13	0.00e+00
 1.27860e+17	1.00e+00	5.47e-13	0.00e+00
 1.28015e+17	1.00e+00	5.47e-13	0.00e+00
 1.28163e+17	1.00e+00	5.48e-13	0.00e+00
 1.28322e+17	1.00e+00	5.47e-13	0.00e+00
 1.28474e+17	1.00e+00	5.42e-13	0.00e+00
 1.28606e+17	1.00e+00	5.40e-13	0.00e+00
 1.28724e+17	1.00e+00	5.39e-13	0.00e+00
 1.28839e+17	1.00e+00	5.38e-13	0.00e+00
 1.28962e+17	1.00e+00	5.36e-13	0.00e+00
 1.29090e+17	1.00e+00	5.31e-13	0.00e+00
 1.29208e+17	1.00e+00	5.27e-13	0.00e+00
 1.29311e+17	1.00e+00	5.24e-13	0.00e+00
 1.29409e+17	1.00e+00	5.22e-13	0.00e+00
 1.29512e+17	1.00e+00	5.19e-13	0.00e+00
 1.29619e+17	1.00e+00	5.15e-13	0.00e+00
 1.29726e+17	1.00e+00	5.11e-13	0.00e+00
 1.29827e+17	1.00e+00	5.07e-13	0.00e+00
 1.29921e+17	1.00e+00	5.03e-13	0.00e+00
 1.30014e+17	1.00e+00	5.00e-13	0.00e+00
 1.30114e+17	1.00e+00	4.96e-13	0.00e+00
 1.30216e+17	1.00e+00	4.91e-13	0.00e+00
 1.30314e+17	1.00e+00	4.86e-13	0.00e+00
 1.30408e+17	1.00e+00	4.82e-13	0.00e+00
 1.30501e+17	1.00e+00	4.78e-13	0.00e+00
 1.30601e+17	1.00e+00	4.74e-13	0.00e+00
 1.30707e+17	1.00e+00	4.68e-13	0.00e+00
 1.30816e+17	1.00e+00	4.62e-13	0.00e+00
 1.30916e+17	1.00e+00	4.56e-13	0.00e+00
 1.31010e+17	1.00e+00	4.52e-13	0.00e+00
 1.31115e+17	1.00e+00	4.47e-13	0.00e+00
 1.31231e+17	1.00e+00	4.40e-13	0.00e+00
 1.31348e+17	1.00e+00	4.33e-13	0.00e+00
 1.31460e+17	1.00e+00	4.26e-13	0.00e+00
 1.31570e+17	1.00e+00	4.20e-13	0.00e+00
 1.31682e+17	1.00e+00	4.14e-13	0.00e+00
 1.31797e+17	1.00e+00	4.08e-13	0.00e+00
 1.31917e+17	1.00e+00	4.01e-13	0.00e+00
 1.32038e+17	1.00e+00	3.94e-13	0.00e+00
 1.32164e+17	1.00e+00	3.87e-13	0.00e+00
 1.32296e+17	1.00e+00	3.79e-13	0.00e+00
 1.32422e+17	1.00e+00	3.72e-13	0.00e+00
 1.32548e+17	1.00e+00	3.65e-13	0.00e+00
 1.32682e+17	1.00e+00	3.57e-13	0.00e+00
 1.32825e+17	1.00e+00	3.49e-13	0.00e+00
 1.32964e+17	1.00e+00	3.40e-13	0.00e+00
 1.33100e+17	1.00e+00	3.33e-13	0.00e+00
 1.33244e+17	1.00e+00	3.25e-13	0.00e+00
 1.33393e+17	1.00e+00	3.16e-13	0.00e+00
 1.33540e+17	1.00e+00	3.08e-13	0.00e+00
 1.33687e+17	1.00e+00	3.00e-13	0.00e+00
 1.33840e+17	1.00e+00	2.91e-13	0.00e+00
 1.33991e+17	1.00e+00	2.83e-13	0.00e+00
 1.34139e+17	1.00e+00	2.75e-13	0.00e+00
 1.34301e+17	1.00e+00	2.67e-13	0.00e+00
 1.34472e+17	1.00e+00	2.57e-13	0.00e+00
 1.34639e+17	1.00e+00	2.48e-13	0.00e+00
 1.34796e+17	1.00e+00	2.39e-13	0.00e+00
 1.34953e+17	1.00e+00	2.32e-13	0.00e+00
 1.35119e+17	1.00e+00	2.24e-13	0.00e+00
 1.35291e+17	1.00e+00	2.15e-13	0.00e+00
 1.35462e+17	1.00e+00	2.06e-13	0.00e+00
 1.35627e+17	1.00e+00	1.98e-13	0.00e+00
 1.35789e+17	1.00e+00	1.90e-13	0.00e+00
 1.35957e+17	1.00e+00	1.82e-13	0.00e+00
 1.36129e+17	1.00e+00	1.74e-13	0.00e+00
 1.36300e+17	1.00e+00	1.66e-13	0.00e+00
 1.36466e+17	1.00e+00	1.58e-13	0.00e+00
 1.36629e+17	1.00e+00	1.50e-13	0.00e+00
 1.36793e+17	1.00e+00	1.43e-13	0.00e+00
 1.36959e+17	1.00e+00	1.36e-13	0.00e+00
 1.37126e+17	1.00e+00	1.28e-13	0.00e+00
 1.37290e+17	1.00e+00	1.21e-13	0.00e+00
 1.37449e+17	1.00e+00	1.14e-13	0.00e+00
 1.37604e+17	1.00e+00	1.08e-13	0.00e+00
 1.37762e+17	1.00e+00	1.01e-13	0.00e+00
 1.37920e+17	1.00e+00	9.48e-14	0.00e+00
 1.38079e+17	1.00e+00	8.85e-14	0.00e+00
 1.38233e+17	1.00e+00	8.23e-14	0.00e+00
 1.38380e+17	1.00e+00	7.67e-14	0.00e+00
 1.38525e+17	1.00e+00	7.13e-14	0.00e+00
 1.38671e+17	1.00e+00	6.61e-14	0.00e+00
 1.38818e+17	1.00e+00	6.10e-14	0.00e+00
 1.38965e+17	1.00e+00	5.59e-14	0.00e+00
 1.39109e+17	1.00e+00	5.10e-14	0.00e+00
 1.39242e+17	1.00e+00	4.66e-14	0.00e+00
 1.39362e+17	1.00e+00	4.29e-14	0.00e+00
 1.39470e+17	1.00e+00	3.96e-14	0.00e+00
 1.39566e+17	1.00e+00	3.67e-14	0.00e+00
 1.39655e+17	1.00e+00	3.43e-14	0.00e+00
 1.39739e+17	1.00e+00	3.21e-14	0.00e+00
 1.39818e+17	1.00e+00	3.00e-14	0.00e+00
 1.39891e+17	1.00e+00	2.82e-14	0.00e+00
 1.39959e+17	1.00e+00	2.65e-14	0.00e+00
 1.40023e+17	1.00e+00	2.50e-14	0.00e+00
 1.40085e+17	1.00e+00	2.36e-14	0.00e+00
 1.40144e+17	1.00e+00	2.23e-14	0.00e+00
 1.40200e+17	1.00e+00	2.11e-14	0.00e+00
 1.40252e+17	1.00e+00	2.00e-14	0.00e+00
 1.40303e+17	1.00e+00	1.90e-14	0.00e+00
 1.40352e+17	1.00e+00	1.80e-14	0.00e+00
 1.40398e+17	1.00e+00	1.71e-14	0.00e+00
 1.40442e+17	1.00e+00	1.63e-14	0.00e+00
 1.40485e+17	1.00e+00	1.56e-14	0.00e+00
 1.40527e+17	1.00e+00	1.48e-14	0.00e+00
 1.40567e+17	1.00e+00	1.41e-14	0.00e+00
 1.40605e+17	1.00e+00	1.35e-14	0.00e+00
 1.40642e+17	1.00e+00	1.29e-14	0.00e+00
 1.40683e+17	1.00e+00	1.24e-14	0.00e+00
 1.40737e+17	1.00e+00	1.17e-14	0.00e+00
 1.40807e+17	1.00e+00	1.08e-14	0.00e+00
 1.40887e+17	1.00e+00	9.71e-15	0.00e+00
 1.40959e+17	1.00e+00	8.68e-15	0.00e+00
 1.41019e+17	1.00e+00	7.90e-15	0.00e+00
 1.41073e+17	1.00e+00	7.27e-15	0.00e+00
 1.41136e+17	1.00e+00	6.69e-15	0.00e+00
 1.41211e+17	1.00e+00	5.96e-15	0.00e+00
 1.41293e+17	1.00e+00	5.23e-15	0.00e+00
 1.41377e+17	1.00e+00	4.53e-15	0.00e+00
 1.41461e+17	1.00e+00	3.92e-15	0.00e+00
 1.41548e+17	1.00e+00	3.36e-15	0.00e+00
 1.41628e+17	1.00e+00	2.89e-15	0.00e+00
 1.41698e+17	1.00e+00	2.53e-15	0.00e+00
 1.41760e+17	1.00e+00	2.26e-15	0.00e+00
 1.41821e+17	1.00e+00	2.03e-15	0.00e+00
 1.41886e+17	1.00e+00	1.82e-15	0.00e+00
 1.41953e+17	1.00e+00	1.62e-15	0.00e+00
 1.42021e+17	1.00e+00	1.44e-15	0.00e+00
 1.42086e+17	1.00e+00	1.28e-15	0.00e+00
 1.42151e+17	1.00e+00	1.14e-15	0.00e+00
 1.42217e+17	1.00e+00	1.02e-15	0.00e+00
 1.42288e+17	1.00e+00	9.05e-16	0.00e+00
 1.42362e+17	1.00e+00	7.97e-16	0.00e+00
 1.42440e+17	1.00e+00	6.99e-16	0.00e+00
 1.42522e+17	1.00e+00	6.08e-16	0.00e+00
 1.42610e+17	1.00e+00	5.26e-16	0.00e+00
 1.42711e+17	1.00e+00	4.47e-16	0.00e+00
 1.42829e+17	1.00e+00	3.71e-16	0.00e+00
 1.42976e+17	1.00e+00	2.96e-16	0.00e+00
 1.43165e+17	1.00e+00	2.23e-16	0.00e+00
 1.43410e+17	1.00e+00	1.54e-16	0.00e+00
 1.43729e+17	1.00e+00	9.59e-17	0.00e+00
 1.44144e+17	1.00e+00	5.24e-17	0.00e+00
 1.44684e+17	1.00e+00	2.44e-17	0.00e+00
 1.45385e+17	1.00e+00	9.35e-18	0.00e+00
 1.46296e+17	1.00e+00	3.09e-18	0.00e+00
 1.47481e+17	1.00e+00	8.81e-19	0.00e+00
 1.49021e+17	1.00e+00	2.35e-19	0.00e+00
 1.51023e+17	1.00e+00	5.19e-20	0.00e+00
 1.53627e+17	1.00e+00	7.92e-21	0.00e+00
 1.57010e+17	1.00e+00	7.49e-22	0.00e+00
 1.61410e+17	1.00e+00	7.93e-23	0.00e+00
 1.67129e+17	1.00e+00	4.64e-23	0.00e+00
 1.72595e+17	1.00e+00	4.23e-23	0.00e+00
 1.76016e+17	1.00e+00	4.01e-23	0.00e+00
 1.78023e+17	1.00e+00	3.89e-23	0.00e+00
 1.79912e+17	1.00e+00	3.82e-23	0.00e+00
 1.82367e+17	1.00e+00	3.71e-23	0.00e+00
 1.84971e+17	1.00e+00	3.59e-23	0.00e+00
 1.86990e+17	1.00e+00	3.48e-23	0.00e+00
 1.88348e+17	1.00e+00	3.41e-23	0.00e+00
 1.89430e+17	1.00e+00	3.37e-23	0.00e+00
 1.90638e+17	1.00e+00	3.33e-23	0.00e+00
 1.91961e+17	1.00e+00	3.27e-23	0.00e+00
 1.93127e+17	1.00e+00	3.22e-23	0.00e+00
 1.94096e+17	1.00e+00	3.18e-23	0.00e+00
 1.95112e+17	1.00e+00	3.15e-23	0.00e+00
 1.96433e+17	1.00e+00	3.10e-23	0.00e+00
 1.98150e+17	1.00e+00	3.03e-23	0.00e+00
 2.00383e+17	1.00e+00	2.93e-23	0.00e+00
 2.03286e+17	1.00e+00	2.79e-23	0.00e+00
 2.07059e+17	1.00e+00	2.58e-23	0.00e+00
 2.11067e+17	1.00e+00	2.28e-23	0.00e+00
 2.13984e+17	1.00e+00	1.96e-23	0.00e+00
 2.15537e+17	1.00e+00	1.73e-23	0.00e+00
 2.16414e+17	1.00e+00	1.60e-23	0.00e+00
 2.17252e+17	1.00e+00	1.49e-23	0.00e+00
 2.18341e+17	1.00e+00	1.34e-23	0.00e+00
 2.19743e+17	1.00e+00	1.13e-23	0.00e+00
 2.21043e+17	1.00e+00	8.58e-24	0.00e+00
 2.21768e+17	1.00e+00	6.72e-24	0.00e+00
