#depth	C	C+	C+2	C+3	C+4	C+5	C+6	C[1]	C[2]	C[3]	C+[1]	C+[2]	CO
 1.49634e+10	0.00e+00	9.89e-32	3.72e-22	4.28e-13	1.66e-03	7.27e-01	2.71e-01	0.00e+00	0.00e+00	0.00e+00	0.00e+00	0.00e+00	9.51e-264
 4.54887e+10	3.32e-42	1.40e-31	4.85e-22	5.15e-13	1.84e-03	7.43e-01	2.56e-01	0.00e+00	0.00e+00	0.00e+00	0.00e+00	0.00e+00	2.23e-135
 7.72350e+10	0.00e+00	2.00e-31	6.38e-22	6.24e-13	2.05e-03	7.58e-01	2.40e-01	0.00e+00	0.00e+00	0.00e+00	0.00e+00	0.00e+00	9.78e-194
 1.10251e+11	7.96e-42	2.85e-31	8.38e-22	7.54e-13	2.29e-03	7.72e-01	2.26e-01	0.00e+00	0.00e+00	0.00e+00	0.00e+00	0.00e+00	2.26e-134
 1.44588e+11	0.00e+00	4.06e-31	1.10e-21	9.13e-13	2.55e-03	7.86e-01	2.12e-01	0.00e+00	0.00e+00	0.00e+00	0.00e+00	0.00e+00	1.79e-181
 1.80298e+11	1.91e-41	5.79e-31	1.45e-21	1.10e-12	2.84e-03	7.99e-01	1.98e-01	0.00e+00	0.00e+00	0.00e+00	0.00e+00	0.00e+00	2.29e-133
 2.17437e+11	0.00e+00	8.26e-31	1.90e-21	1.33e-12	3.16e-03	8.12e-01	1.85e-01	0.00e+00	0.00e+00	0.00e+00	0.00e+00	0.00e+00	5.71e-181
 2.56061e+11	4.58e-41	1.18e-30	2.50e-21	1.61e-12	3.51e-03	8.23e-01	1.73e-01	0.00e+00	0.00e+00	0.00e+00	0.00e+00	0.00e+00	2.35e-132
 2.92415e+11	0.00e+00	1.63e-30	3.20e-21	1.91e-12	3.87e-03	8.34e-01	1.63e-01	0.00e+00	0.00e+00	0.00e+00	0.00e+00	0.00e+00	3.60e-181
 3.24986e+11	9.64e-41	2.15e-30	3.97e-21	2.22e-12	4.21e-03	8.42e-01	1.54e-01	0.00e+00	0.00e+00	0.00e+00	0.00e+00	0.00e+00	1.70e-131
 3.61573e+11	0.00e+00	2.93e-30	5.03e-21	2.62e-12	4.61e-03	8.51e-01	1.45e-01	0.00e+00	0.00e+00	0.00e+00	0.00e+00	0.00e+00	0.00e+00
 4.04861e+11	2.17e-40	4.14e-30	6.56e-21	3.15e-12	5.11e-03	8.60e-01	1.35e-01	0.00e+00	0.00e+00	0.00e+00	0.00e+00	0.00e+00	1.45e-130
 4.48332e+11	0.00e+00	5.81e-30	8.51e-21	3.76e-12	5.64e-03	8.69e-01	1.26e-01	0.00e+00	0.00e+00	0.00e+00	0.00e+00	0.00e+00	0.00e+00
 4.89214e+11	4.80e-40	7.89e-30	1.08e-20	4.42e-12	6.17e-03	8.76e-01	1.18e-01	0.00e+00	0.00e+00	0.00e+00	0.00e+00	0.00e+00	1.20e-129
 5.34381e+11	0.00e+00	1.10e-29	1.39e-20	5.27e-12	6.79e-03	8.83e-01	1.10e-01	0.00e+00	0.00e+00	0.00e+00	0.00e+00	0.00e+00	0.00e+00
 5.85683e+11	1.13e-39	1.57e-29	1.83e-20	6.36e-12	7.54e-03	8.91e-01	1.02e-01	0.00e+00	0.00e+00	0.00e+00	0.00e+00	0.00e+00	1.15e-128
 6.36994e+11	0.00e+00	2.23e-29	2.38e-20	7.64e-12	8.33e-03	8.97e-01	9.46e-02	0.00e+00	0.00e+00	0.00e+00	0.00e+00	0.00e+00	0.00e+00
 6.90357e+11	2.67e-39	3.15e-29	3.11e-20	9.17e-12	9.22e-03	9.03e-01	8.77e-02	0.00e+00	0.00e+00	0.00e+00	0.00e+00	0.00e+00	1.13e-127
 7.47898e+11	0.00e+00	4.53e-29	4.11e-20	1.11e-11	1.02e-02	9.09e-01	8.09e-02	0.00e+00	0.00e+00	0.00e+00	0.00e+00	0.00e+00	0.00e+00
 8.01835e+11	6.26e-39	6.28e-29	5.28e-20	1.32e-11	1.12e-02	9.14e-01	7.53e-02	0.00e+00	0.00e+00	0.00e+00	0.00e+00	0.00e+00	1.09e-126
 8.49952e+11	0.00e+00	8.35e-29	6.56e-20	1.53e-11	1.22e-02	9.17e-01	7.06e-02	0.00e+00	0.00e+00	0.00e+00	0.00e+00	0.00e+00	0.00e+00
 9.04035e+11	1.31e-38	1.14e-28	8.32e-20	1.80e-11	1.33e-02	9.21e-01	6.58e-02	0.00e+00	0.00e+00	0.00e+00	0.00e+00	0.00e+00	7.62e-126
 9.68259e+11	0.00e+00	1.63e-28	1.09e-19	2.16e-11	1.47e-02	9.25e-01	6.07e-02	0.00e+00	0.00e+00	0.00e+00	0.00e+00	0.00e+00	0.00e+00
 1.03280e+12	3.12e-38	2.29e-28	1.42e-19	2.59e-11	1.62e-02	9.28e-01	5.61e-02	0.00e+00	0.00e+00	0.00e+00	0.00e+00	0.00e+00	7.59e-125
 1.09318e+12	0.00e+00	3.14e-28	1.81e-19	3.05e-11	1.76e-02	9.30e-01	5.21e-02	0.00e+00	0.00e+00	0.00e+00	0.00e+00	0.00e+00	0.00e+00
 1.16009e+12	6.97e-38	4.39e-28	2.34e-19	3.63e-11	1.93e-02	9.32e-01	4.82e-02	0.00e+00	0.00e+00	0.00e+00	0.00e+00	0.00e+00	6.33e-124
 1.23642e+12	0.00e+00	6.34e-28	3.10e-19	4.39e-11	2.14e-02	9.34e-01	4.42e-02	0.00e+00	0.00e+00	0.00e+00	0.00e+00	0.00e+00	0.00e+00
 1.31144e+12	1.70e-37	9.00e-28	4.05e-19	5.27e-11	2.36e-02	9.36e-01	4.06e-02	0.00e+00	0.00e+00	0.00e+00	0.00e+00	0.00e+00	6.67e-123
 1.38946e+12	0.00e+00	1.28e-27	5.30e-19	6.32e-11	2.60e-02	9.37e-01	3.73e-02	0.00e+00	0.00e+00	0.00e+00	0.00e+00	0.00e+00	0.00e+00
 1.47496e+12	4.18e-37	1.86e-27	7.05e-19	7.66e-11	2.87e-02	9.37e-01	3.41e-02	0.00e+00	0.00e+00	0.00e+00	0.00e+00	0.00e+00	7.11e-122
 1.56074e+12	0.00e+00	2.66e-27	9.28e-19	9.23e-11	3.17e-02	9.37e-01	3.12e-02	0.00e+00	0.00e+00	0.00e+00	0.00e+00	0.00e+00	0.00e+00
 1.64995e+12	1.02e-36	3.81e-27	1.22e-18	1.11e-10	3.49e-02	9.37e-01	2.85e-02	0.00e+00	0.00e+00	0.00e+00	0.00e+00	0.00e+00	7.48e-121
 1.74588e+12	0.00e+00	5.54e-27	1.63e-18	1.35e-10	3.86e-02	9.35e-01	2.60e-02	0.00e+00	0.00e+00	0.00e+00	0.00e+00	0.00e+00	0.00e+00
 1.84078e+12	2.54e-36	7.92e-27	2.14e-18	1.62e-10	4.24e-02	9.34e-01	2.37e-02	0.00e+00	0.00e+00	0.00e+00	0.00e+00	0.00e+00	8.12e-120
 1.93948e+12	0.00e+00	1.13e-26	2.82e-18	1.95e-10	4.66e-02	9.32e-01	2.16e-02	0.00e+00	0.00e+00	0.00e+00	0.00e+00	0.00e+00	0.00e+00
 2.04699e+12	6.31e-36	1.65e-26	3.77e-18	2.37e-10	5.15e-02	9.29e-01	1.96e-02	0.00e+00	0.00e+00	0.00e+00	0.00e+00	0.00e+00	8.87e-119
 2.15880e+12	0.00e+00	2.40e-26	5.03e-18	2.88e-10	5.68e-02	9.25e-01	1.78e-02	0.00e+00	0.00e+00	0.00e+00	0.00e+00	0.00e+00	0.00e+00
 2.27507e+12	1.60e-35	3.50e-26	6.72e-18	3.50e-10	6.27e-02	9.21e-01	1.61e-02	0.00e+00	0.00e+00	0.00e+00	0.00e+00	0.00e+00	1.02e-117
 2.39600e+12	0.00e+00	5.10e-26	8.97e-18	4.25e-10	6.91e-02	9.16e-01	1.45e-02	0.00e+00	0.00e+00	0.00e+00	0.00e+00	0.00e+00	0.00e+00
 2.52177e+12	4.08e-35	7.42e-26	1.20e-17	5.16e-10	7.61e-02	9.11e-01	1.31e-02	0.00e+00	0.00e+00	0.00e+00	0.00e+00	0.00e+00	1.18e-116
 2.63560e+12	0.00e+00	1.03e-25	1.54e-17	6.12e-10	8.28e-02	9.05e-01	1.20e-02	0.00e+00	0.00e+00	0.00e+00	0.00e+00	0.00e+00	1.04e-99
 2.73057e+12	8.50e-35	1.34e-25	1.89e-17	7.01e-10	8.85e-02	9.00e-01	1.11e-02	0.00e+00	0.00e+00	0.00e+00	0.00e+00	0.00e+00	0.00e+00
 2.83467e+12	1.20e-34	1.78e-25	2.35e-17	8.11e-10	9.51e-02	8.95e-01	1.03e-02	0.00e+00	0.00e+00	0.00e+00	0.00e+00	0.00e+00	2.00e-115
 2.96634e+12	1.84e-34	2.50e-25	3.07e-17	9.69e-10	1.04e-01	8.87e-01	9.30e-03	0.00e+00	0.00e+00	0.00e+00	0.00e+00	0.00e+00	2.90e-97
 3.10364e+12	2.82e-34	3.53e-25	4.01e-17	1.16e-09	1.13e-01	8.79e-01	8.40e-03	0.00e+00	0.00e+00	0.00e+00	0.00e+00	0.00e+00	0.00e+00
 3.22033e+12	4.00e-34	4.68e-25	4.98e-17	1.34e-09	1.21e-01	8.71e-01	7.73e-03	0.00e+00	0.00e+00	0.00e+00	0.00e+00	0.00e+00	4.65e-114
 3.34044e+12	5.65e-34	6.19e-25	6.19e-17	1.55e-09	1.30e-01	8.63e-01	7.10e-03	0.00e+00	0.00e+00	0.00e+00	0.00e+00	0.00e+00	3.36e-96
 3.49146e+12	8.58e-34	8.68e-25	8.06e-17	1.85e-09	1.41e-01	8.52e-01	6.40e-03	0.00e+00	0.00e+00	0.00e+00	0.00e+00	0.00e+00	0.00e+00
 3.64481e+12	1.29e-33	1.21e-24	1.04e-16	2.19e-09	1.53e-01	8.41e-01	5.77e-03	0.00e+00	0.00e+00	0.00e+00	0.00e+00	0.00e+00	1.02e-112
 3.77659e+12	1.81e-33	1.58e-24	1.29e-16	2.53e-09	1.64e-01	8.31e-01	5.29e-03	0.00e+00	0.00e+00	0.00e+00	0.00e+00	0.00e+00	4.23e-95
 3.91814e+12	2.55e-33	2.10e-24	1.60e-16	2.92e-09	1.75e-01	8.20e-01	4.83e-03	0.00e+00	0.00e+00	0.00e+00	0.00e+00	0.00e+00	6.17e-112
 4.09307e+12	3.85e-33	2.93e-24	2.08e-16	3.48e-09	1.89e-01	8.06e-01	4.33e-03	0.00e+00	0.00e+00	0.00e+00	0.00e+00	0.00e+00	2.21e-94
 4.27234e+12	5.76e-33	4.06e-24	2.68e-16	4.12e-09	2.04e-01	7.92e-01	3.88e-03	0.00e+00	0.00e+00	0.00e+00	0.00e+00	0.00e+00	5.37e-111
 4.43406e+12	8.16e-33	5.38e-24	3.34e-16	4.77e-09	2.18e-01	7.78e-01	3.52e-03	0.00e+00	0.00e+00	0.00e+00	0.00e+00	0.00e+00	1.14e-93
 4.61206e+12	1.18e-32	7.23e-24	4.21e-16	5.56e-09	2.34e-01	7.63e-01	3.17e-03	0.00e+00	0.00e+00	0.00e+00	0.00e+00	0.00e+00	3.61e-110
 4.82189e+12	1.77e-32	1.01e-23	5.47e-16	6.60e-09	2.52e-01	7.45e-01	2.81e-03	0.00e+00	0.00e+00	0.00e+00	0.00e+00	0.00e+00	6.24e-93
 5.03188e+12	2.62e-32	1.39e-23	7.01e-16	7.78e-09	2.70e-01	7.27e-01	2.50e-03	0.00e+00	0.00e+00	0.00e+00	0.00e+00	0.00e+00	3.15e-109
 5.23142e+12	3.74e-32	1.85e-23	8.77e-16	9.02e-09	2.88e-01	7.10e-01	2.25e-03	0.00e+00	0.00e+00	0.00e+00	0.00e+00	0.00e+00	3.22e-92
 5.45177e+12	5.43e-32	2.50e-23	1.11e-15	1.05e-08	3.07e-01	6.91e-01	2.00e-03	0.00e+00	0.00e+00	0.00e+00	0.00e+00	0.00e+00	2.29e-108
 5.69976e+12	8.09e-32	3.46e-23	1.43e-15	1.24e-08	3.28e-01	6.70e-01	1.76e-03	0.00e+00	0.00e+00	0.00e+00	0.00e+00	0.00e+00	1.79e-91
 5.94777e+12	1.18e-31	4.70e-23	1.82e-15	1.45e-08	3.50e-01	6.49e-01	1.55e-03	0.00e+00	0.00e+00	0.00e+00	0.00e+00	0.00e+00	1.95e-107
 6.16736e+12	1.63e-31	6.09e-23	2.23e-15	1.66e-08	3.68e-01	6.30e-01	1.39e-03	0.00e+00	0.00e+00	0.00e+00	0.00e+00	0.00e+00	8.51e-91
 6.35154e+12	2.11e-31	7.50e-23	2.62e-15	1.84e-08	3.84e-01	6.15e-01	1.28e-03	0.00e+00	0.00e+00	0.00e+00	0.00e+00	0.00e+00	9.76e-107
 6.54973e+12	2.75e-31	9.32e-23	3.10e-15	2.05e-08	4.00e-01	5.99e-01	1.16e-03	0.00e+00	0.00e+00	0.00e+00	0.00e+00	0.00e+00	2.78e-90
 6.80739e+12	3.85e-31	1.22e-22	3.82e-15	2.35e-08	4.21e-01	5.78e-01	1.03e-03	0.00e+00	0.00e+00	0.00e+00	0.00e+00	0.00e+00	5.30e-106
 7.07703e+12	5.37e-31	1.60e-22	4.72e-15	2.69e-08	4.42e-01	5.57e-01	9.13e-04	0.00e+00	0.00e+00	0.00e+00	0.00e+00	0.00e+00	1.26e-89
 7.30717e+12	7.06e-31	1.99e-22	5.60e-15	3.00e-08	4.59e-01	5.40e-01	8.25e-04	0.00e+00	0.00e+00	0.00e+00	0.00e+00	0.00e+00	2.97e-105
 7.55129e+12	9.32e-31	2.50e-22	6.66e-15	3.35e-08	4.77e-01	5.22e-01	7.43e-04	0.00e+00	0.00e+00	0.00e+00	0.00e+00	0.00e+00	4.46e-89
 7.85801e+12	1.30e-30	3.27e-22	8.21e-15	3.83e-08	4.99e-01	5.00e-01	6.53e-04	0.00e+00	0.00e+00	0.00e+00	0.00e+00	0.00e+00	1.73e-104
 8.17378e+12	1.81e-30	4.26e-22	1.01e-14	4.36e-08	5.21e-01	4.78e-01	5.73e-04	0.00e+00	0.00e+00	0.00e+00	0.00e+00	0.00e+00	2.06e-88
 8.45235e+12	2.39e-30	5.33e-22	1.20e-14	4.86e-08	5.40e-01	4.60e-01	5.12e-04	0.00e+00	0.00e+00	0.00e+00	0.00e+00	0.00e+00	1.01e-103
 8.75491e+12	3.19e-30	6.72e-22	1.43e-14	5.43e-08	5.59e-01	4.41e-01	4.55e-04	0.00e+00	0.00e+00	0.00e+00	0.00e+00	0.00e+00	7.74e-88
 9.08873e+12	4.33e-30	8.59e-22	1.73e-14	6.11e-08	5.79e-01	4.21e-01	4.00e-04	0.00e+00	0.00e+00	0.00e+00	0.00e+00	0.00e+00	5.79e-103
 9.39620e+12	5.66e-30	1.07e-21	2.04e-14	6.78e-08	5.97e-01	4.03e-01	3.56e-04	0.00e+00	0.00e+00	0.00e+00	0.00e+00	0.00e+00	2.99e-87
 9.72895e+12	7.50e-30	1.34e-21	2.43e-14	7.54e-08	6.15e-01	3.85e-01	3.15e-04	0.00e+00	0.00e+00	0.00e+00	0.00e+00	0.00e+00	2.98e-102
 1.01001e+13	1.01e-29	1.70e-21	2.92e-14	8.44e-08	6.34e-01	3.65e-01	2.76e-04	0.00e+00	0.00e+00	0.00e+00	0.00e+00	0.00e+00	1.19e-86
 1.04479e+13	1.32e-29	2.11e-21	3.44e-14	9.33e-08	6.51e-01	3.48e-01	2.45e-04	0.00e+00	0.00e+00	0.00e+00	0.00e+00	0.00e+00	1.65e-101
 1.08268e+13	1.75e-29	2.64e-21	4.08e-14	1.04e-07	6.69e-01	3.31e-01	2.15e-04	0.00e+00	0.00e+00	0.00e+00	0.00e+00	0.00e+00	4.46e-86
 1.12477e+13	2.37e-29	3.35e-21	4.90e-14	1.16e-07	6.87e-01	3.13e-01	1.87e-04	0.00e+00	0.00e+00	0.00e+00	0.00e+00	0.00e+00	9.62e-101
 1.16406e+13	3.09e-29	4.16e-21	5.76e-14	1.28e-07	7.03e-01	2.97e-01	1.65e-04	0.00e+00	0.00e+00	0.00e+00	0.00e+00	0.00e+00	1.77e-85
 1.20686e+13	4.10e-29	5.20e-21	6.82e-14	1.41e-07	7.19e-01	2.81e-01	1.44e-04	0.00e+00	0.00e+00	0.00e+00	0.00e+00	0.00e+00	5.20e-100
 1.25473e+13	5.53e-29	6.60e-21	8.17e-14	1.57e-07	7.36e-01	2.64e-01	1.25e-04	0.00e+00	0.00e+00	0.00e+00	0.00e+00	0.00e+00	7.36e-85
 1.29989e+13	7.26e-29	8.19e-21	9.61e-14	1.73e-07	7.51e-01	2.49e-01	1.09e-04	0.00e+00	0.00e+00	0.00e+00	0.00e+00	0.00e+00	3.07e-99
 1.34929e+13	9.66e-29	1.03e-20	1.14e-13	1.91e-07	7.65e-01	2.35e-01	9.48e-05	0.00e+00	0.00e+00	0.00e+00	0.00e+00	0.00e+00	2.95e-84
 1.40463e+13	1.31e-28	1.31e-20	1.37e-13	2.13e-07	7.81e-01	2.19e-01	8.13e-05	0.00e+00	0.00e+00	0.00e+00	0.00e+00	0.00e+00	1.96e-98
 1.45708e+13	1.73e-28	1.63e-20	1.61e-13	2.34e-07	7.94e-01	2.06e-01	7.06e-05	0.00e+00	0.00e+00	0.00e+00	0.00e+00	0.00e+00	1.28e-83
 1.51326e+13	2.31e-28	2.05e-20	1.90e-13	2.58e-07	8.07e-01	1.93e-01	6.11e-05	0.00e+00	0.00e+00	0.00e+00	0.00e+00	0.00e+00	1.18e-97
 1.57678e+13	3.15e-28	2.62e-20	2.28e-13	2.87e-07	8.20e-01	1.80e-01	5.20e-05	0.00e+00	0.00e+00	0.00e+00	0.00e+00	0.00e+00	5.81e-83
 1.63973e+13	4.23e-28	3.30e-20	2.71e-13	3.17e-07	8.32e-01	1.68e-01	4.47e-05	0.00e+00	0.00e+00	0.00e+00	0.00e+00	0.00e+00	8.09e-97
 1.70521e+13	5.67e-28	4.16e-20	3.21e-13	3.49e-07	8.44e-01	1.56e-01	3.83e-05	0.00e+00	0.00e+00	0.00e+00	0.00e+00	0.00e+00	2.63e-82
 1.77641e+13	7.72e-28	5.30e-20	3.83e-13	3.85e-07	8.55e-01	1.45e-01	3.27e-05	0.00e+00	0.00e+00	0.00e+00	0.00e+00	0.00e+00	5.61e-96
 1.85046e+13	1.05e-27	6.73e-20	4.57e-13	4.26e-07	8.65e-01	1.35e-01	2.78e-05	0.00e+00	0.00e+00	0.00e+00	0.00e+00	0.00e+00	1.29e-81
 1.92017e+13	1.38e-27	8.37e-20	5.34e-13	4.65e-07	8.74e-01	1.26e-01	2.41e-05	0.00e+00	0.00e+00	0.00e+00	0.00e+00	0.00e+00	3.69e-95
 1.98286e+13	1.76e-27	1.01e-19	6.12e-13	5.02e-07	8.81e-01	1.19e-01	2.12e-05	0.00e+00	0.00e+00	0.00e+00	0.00e+00	0.00e+00	5.02e-81
 2.04213e+13	2.20e-27	1.20e-19	6.93e-13	5.37e-07	8.87e-01	1.12e-01	1.89e-05	0.00e+00	0.00e+00	0.00e+00	0.00e+00	0.00e+00	1.65e-94
 2.10776e+13	2.79e-27	1.44e-19	7.91e-13	5.78e-07	8.94e-01	1.06e-01	1.67e-05	0.00e+00	0.00e+00	0.00e+00	0.00e+00	0.00e+00	1.69e-80
 2.18137e+13	3.61e-27	1.77e-19	9.14e-13	6.25e-07	9.00e-01	9.95e-02	1.46e-05	0.00e+00	0.00e+00	0.00e+00	0.00e+00	0.00e+00	8.29e-94
 2.25130e+13	4.58e-27	2.12e-19	1.04e-12	6.72e-07	9.06e-01	9.38e-02	1.29e-05	0.00e+00	0.00e+00	0.00e+00	0.00e+00	0.00e+00	6.28e-80
 2.32813e+13	5.90e-27	2.58e-19	1.20e-12	7.25e-07	9.12e-01	8.80e-02	1.13e-05	0.00e+00	0.00e+00	0.00e+00	0.00e+00	0.00e+00	4.09e-93
 2.41405e+13	7.76e-27	3.19e-19	1.39e-12	7.86e-07	9.18e-01	8.22e-02	9.77e-06	0.00e+00	0.00e+00	0.00e+00	0.00e+00	0.00e+00	2.57e-79
 2.49373e+13	9.91e-27	3.86e-19	1.59e-12	8.46e-07	9.23e-01	7.73e-02	8.58e-06	0.00e+00	0.00e+00	0.00e+00	0.00e+00	0.00e+00	2.23e-92
 2.56754e+13	1.24e-26	4.57e-19	1.79e-12	9.02e-07	9.27e-01	7.31e-02	7.65e-06	0.00e+00	0.00e+00	0.00e+00	0.00e+00	0.00e+00	8.93e-79
 2.65177e+13	1.58e-26	5.52e-19	2.05e-12	9.68e-07	9.31e-01	6.88e-02	6.74e-06	0.00e+00	0.00e+00	0.00e+00	0.00e+00	0.00e+00	1.02e-91
 2.75487e+13	2.12e-26	6.90e-19	2.39e-12	1.05e-06	9.36e-01	6.40e-02	5.80e-06	0.00e+00	0.00e+00	0.00e+00	0.00e+00	0.00e+00	3.79e-78
 2.85771e+13	2.79e-26	8.54e-19	2.78e-12	1.14e-06	9.40e-01	5.96e-02	5.01e-06	0.00e+00	0.00e+00	0.00e+00	0.00e+00	0.00e+00	6.52e-91
 2.94723e+13	3.53e-26	1.02e-18	3.15e-12	1.22e-06	9.44e-01	5.62e-02	4.44e-06	0.00e+00	0.00e+00	0.00e+00	0.00e+00	0.00e+00	1.51e-77
 3.04420e+13	4.53e-26	1.24e-18	3.59e-12	1.30e-06	9.47e-01	5.29e-02	3.91e-06	0.00e+00	0.00e+00	0.00e+00	0.00e+00	0.00e+00	3.17e-90
 3.16248e+13	6.09e-26	1.55e-18	4.18e-12	1.41e-06	9.51e-01	4.92e-02	3.37e-06	0.00e+00	0.00e+00	0.00e+00	0.00e+00	0.00e+00	6.64e-77
 3.28293e+13	8.10e-26	1.93e-18	4.86e-12	1.53e-06	9.54e-01	4.57e-02	2.91e-06	0.00e+00	0.00e+00	0.00e+00	0.00e+00	0.00e+00	2.10e-89
 3.39188e+13	1.04e-25	2.33e-18	5.55e-12	1.64e-06	9.57e-01	4.30e-02	2.56e-06	0.00e+00	0.00e+00	0.00e+00	0.00e+00	0.00e+00	2.86e-76
 3.51145e+13	1.37e-25	2.86e-18	6.37e-12	1.76e-06	9.60e-01	4.02e-02	2.24e-06	0.00e+00	0.00e+00	0.00e+00	0.00e+00	0.00e+00	5.96e-76
 3.65210e+13	1.86e-25	3.61e-18	7.46e-12	1.90e-06	9.63e-01	3.73e-02	1.92e-06	0.00e+00	0.00e+00	0.00e+00	0.00e+00	0.00e+00	1.38e-75
 3.79227e+13	2.48e-25	4.50e-18	8.67e-12	2.06e-06	9.65e-01	3.47e-02	1.66e-06	0.00e+00	0.00e+00	0.00e+00	0.00e+00	0.00e+00	3.04e-75
 3.92428e+13	3.24e-25	5.51e-18	9.94e-12	2.21e-06	9.67e-01	3.25e-02	1.45e-06	0.00e+00	0.00e+00	0.00e+00	0.00e+00	0.00e+00	6.34e-75
 4.07047e+13	4.33e-25	6.85e-18	1.15e-11	2.38e-06	9.70e-01	3.03e-02	1.26e-06	0.00e+00	0.00e+00	0.00e+00	0.00e+00	0.00e+00	1.40e-74
 4.23629e+13	5.90e-25	8.66e-18	1.35e-11	2.58e-06	9.72e-01	2.81e-02	1.08e-06	0.00e+00	0.00e+00	0.00e+00	0.00e+00	0.00e+00	3.25e-74
 4.40211e+13	8.00e-25	1.09e-17	1.57e-11	2.78e-06	9.74e-01	2.61e-02	9.30e-07	0.00e+00	0.00e+00	0.00e+00	0.00e+00	0.00e+00	7.55e-74
 4.57457e+13	1.08e-24	1.36e-17	1.83e-11	3.01e-06	9.76e-01	2.42e-02	0.00e+00	0.00e+00	0.00e+00	0.00e+00	0.00e+00	0.00e+00	1.70e-73
 4.76055e+13	1.48e-24	1.73e-17	2.14e-11	3.26e-06	9.78e-01	2.25e-02	0.00e+00	0.00e+00	0.00e+00	0.00e+00	0.00e+00	0.00e+00	4.05e-73
 4.95396e+13	2.02e-24	2.19e-17	2.51e-11	3.53e-06	9.79e-01	2.08e-02	0.00e+00	0.00e+00	0.00e+00	0.00e+00	0.00e+00	0.00e+00	9.67e-73
 5.14062e+13	2.71e-24	2.73e-17	2.91e-11	3.80e-06	9.81e-01	1.94e-02	0.00e+00	0.00e+00	0.00e+00	0.00e+00	0.00e+00	0.00e+00	2.15e-72
 5.31535e+13	3.51e-24	3.32e-17	3.32e-11	4.06e-06	9.82e-01	1.82e-02	0.00e+00	0.00e+00	0.00e+00	0.00e+00	0.00e+00	0.00e+00	4.39e-72
 5.47958e+13	4.47e-24	3.98e-17	3.74e-11	4.31e-06	9.83e-01	1.71e-02	0.00e+00	0.00e+00	0.00e+00	0.00e+00	0.00e+00	0.00e+00	8.53e-72
 5.65794e+13	5.76e-24	4.82e-17	4.25e-11	4.60e-06	9.84e-01	1.61e-02	0.00e+00	0.00e+00	0.00e+00	0.00e+00	1.55e-17	3.26e-17	1.72e-71
 5.85759e+13	7.57e-24	5.91e-17	4.88e-11	4.93e-06	9.85e-01	1.51e-02	0.00e+00	0.00e+00	0.00e+00	0.00e+00	1.96e-17	3.95e-17	3.65e-71
 6.04655e+13	9.69e-24	7.12e-17	5.53e-11	5.25e-06	9.86e-01	1.42e-02	0.00e+00	0.00e+00	0.00e+00	0.00e+00	2.36e-17	4.76e-17	7.18e-71
 6.25381e+13	1.27e-23	8.69e-17	6.32e-11	5.61e-06	9.87e-01	1.33e-02	0.00e+00	0.00e+00	0.00e+00	0.00e+00	2.89e-17	5.81e-17	1.50e-70
 6.48660e+13	1.69e-23	1.08e-16	7.31e-11	6.03e-06	9.88e-01	1.24e-02	0.00e+00	0.00e+00	0.00e+00	0.00e+00	3.59e-17	7.23e-17	3.33e-70
 6.70853e+13	2.20e-23	1.32e-16	8.35e-11	6.45e-06	9.88e-01	1.16e-02	0.00e+00	0.00e+00	0.00e+00	0.00e+00	4.38e-17	8.81e-17	6.88e-70
 6.95259e+13	2.90e-23	1.62e-16	9.62e-11	6.93e-06	9.89e-01	1.08e-02	0.00e+00	0.00e+00	0.00e+00	0.00e+00	5.39e-17	1.08e-16	1.47e-69
 7.22565e+13	3.94e-23	2.05e-16	1.12e-10	7.47e-06	9.90e-01	1.00e-02	0.00e+00	0.00e+00	0.00e+00	0.00e+00	6.79e-17	1.37e-16	3.43e-69
 7.48759e+13	5.17e-23	2.51e-16	1.29e-10	8.03e-06	9.91e-01	9.34e-03	0.00e+00	0.00e+00	0.00e+00	0.00e+00	8.33e-17	1.68e-16	7.22e-69
 7.76804e+13	6.91e-23	3.12e-16	1.49e-10	8.64e-06	9.91e-01	8.69e-03	0.00e+00	0.00e+00	0.00e+00	0.00e+00	1.04e-16	2.09e-16	1.60e-68
 8.08176e+13	9.43e-23	3.95e-16	1.75e-10	9.35e-06	9.92e-01	8.04e-03	0.00e+00	0.00e+00	0.00e+00	0.00e+00	1.31e-16	2.64e-16	3.78e-68
 8.37157e+13	1.23e-22	4.84e-16	2.01e-10	1.00e-05	9.92e-01	7.49e-03	0.00e+00	0.00e+00	0.00e+00	0.00e+00	1.61e-16	3.23e-16	7.87e-68
 8.62195e+13	1.56e-22	5.77e-16	2.26e-10	1.06e-05	9.93e-01	7.08e-03	0.00e+00	0.00e+00	0.00e+00	0.00e+00	1.91e-16	3.86e-16	1.50e-67
 8.89910e+13	1.98e-22	6.92e-16	2.57e-10	1.13e-05	9.93e-01	6.64e-03	0.00e+00	0.00e+00	0.00e+00	0.00e+00	2.30e-16	4.63e-16	2.90e-67
 9.23837e+13	2.65e-22	8.65e-16	2.98e-10	1.22e-05	9.94e-01	6.17e-03	0.00e+00	0.00e+00	0.00e+00	0.00e+00	2.87e-16	5.78e-16	6.53e-67
 9.58261e+13	3.50e-22	1.07e-15	3.45e-10	1.32e-05	9.94e-01	5.73e-03	0.00e+00	0.00e+00	0.00e+00	0.00e+00	3.54e-16	7.13e-16	1.39e-66
 9.89174e+13	4.47e-22	1.28e-15	3.92e-10	1.40e-05	9.95e-01	5.38e-03	0.00e+00	0.00e+00	0.00e+00	0.00e+00	4.26e-16	8.58e-16	2.71e-66
 1.02310e+14	5.82e-22	1.57e-15	4.48e-10	1.50e-05	9.95e-01	5.03e-03	0.00e+00	0.00e+00	0.00e+00	0.00e+00	5.20e-16	1.05e-15	5.64e-66
 1.06327e+14	7.76e-22	1.95e-15	5.23e-10	1.63e-05	9.95e-01	4.65e-03	0.00e+00	0.00e+00	0.00e+00	0.00e+00	6.48e-16	1.31e-15	1.24e-65
 1.10277e+14	1.03e-21	2.42e-15	6.05e-10	1.75e-05	9.96e-01	4.33e-03	0.00e+00	0.00e+00	0.00e+00	0.00e+00	8.01e-16	1.61e-15	2.68e-65
 1.13883e+14	1.31e-21	2.91e-15	6.88e-10	1.87e-05	9.96e-01	4.06e-03	0.00e+00	0.00e+00	0.00e+00	0.00e+00	9.66e-16	1.95e-15	5.26e-65
 1.17917e+14	1.72e-21	3.58e-15	7.91e-10	2.00e-05	9.96e-01	3.78e-03	0.00e+00	0.00e+00	0.00e+00	0.00e+00	1.19e-15	2.39e-15	1.11e-64
 1.22616e+14	2.30e-21	4.47e-15	9.26e-10	2.17e-05	9.96e-01	3.49e-03	0.00e+00	0.00e+00	0.00e+00	0.00e+00	1.48e-15	2.98e-15	2.46e-64
 1.27234e+14	3.06e-21	5.56e-15	1.07e-09	2.34e-05	9.97e-01	3.25e-03	0.00e+00	0.00e+00	0.00e+00	0.00e+00	1.84e-15	3.71e-15	5.44e-64
 1.31597e+14	3.91e-21	6.70e-15	1.23e-09	2.51e-05	9.97e-01	3.03e-03	0.00e+00	0.00e+00	0.00e+00	0.00e+00	2.22e-15	4.48e-15	1.06e-63
 1.36452e+14	5.15e-21	8.27e-15	1.42e-09	2.70e-05	9.97e-01	2.82e-03	0.00e+00	0.00e+00	0.00e+00	0.00e+00	2.74e-15	5.53e-15	2.27e-63
 1.41940e+14	6.97e-21	1.04e-14	1.66e-09	2.92e-05	9.97e-01	2.60e-03	0.00e+00	0.00e+00	0.00e+00	0.00e+00	3.46e-15	6.97e-15	5.26e-63
 1.47430e+14	9.18e-21	1.29e-14	1.94e-09	3.16e-05	9.98e-01	2.41e-03	0.00e+00	0.00e+00	0.00e+00	0.00e+00	4.27e-15	8.61e-15	1.12e-62
 1.52567e+14	1.20e-20	1.58e-14	2.22e-09	3.38e-05	9.98e-01	2.25e-03	0.00e+00	0.00e+00	0.00e+00	0.00e+00	5.22e-15	1.05e-14	2.33e-62
 1.58128e+14	1.55e-20	1.92e-14	2.56e-09	3.64e-05	9.98e-01	2.09e-03	0.00e+00	0.00e+00	0.00e+00	0.00e+00	6.36e-15	1.28e-14	4.72e-62
 1.64349e+14	2.08e-20	2.41e-14	2.99e-09	3.93e-05	9.98e-01	1.93e-03	0.00e+00	0.00e+00	0.00e+00	0.00e+00	7.99e-15	1.61e-14	1.08e-61
 1.70170e+14	2.67e-20	2.92e-14	3.44e-09	4.23e-05	9.98e-01	1.80e-03	0.00e+00	0.00e+00	0.00e+00	0.00e+00	9.67e-15	1.95e-14	2.14e-61
 1.75560e+14	3.37e-20	3.49e-14	3.89e-09	4.50e-05	9.98e-01	1.69e-03	0.00e+00	0.00e+00	0.00e+00	0.00e+00	1.15e-14	2.33e-14	4.07e-61
 1.80730e+14	4.20e-20	4.13e-14	4.37e-09	4.77e-05	9.98e-01	1.60e-03	0.00e+00	0.00e+00	0.00e+00	0.00e+00	1.37e-14	2.77e-14	7.50e-61
 1.86471e+14	5.29e-20	4.94e-14	4.95e-09	5.08e-05	9.98e-01	1.50e-03	0.00e+00	0.00e+00	0.00e+00	0.00e+00	1.63e-14	3.30e-14	1.42e-60
 1.92823e+14	6.70e-20	5.93e-14	5.66e-09	5.44e-05	9.99e-01	1.40e-03	0.00e+00	0.00e+00	0.00e+00	0.00e+00	1.96e-14	3.97e-14	2.74e-60
 1.98730e+14	8.45e-20	7.08e-14	6.39e-09	5.78e-05	9.99e-01	1.32e-03	0.00e+00	0.00e+00	0.00e+00	0.00e+00	2.34e-14	4.74e-14	5.23e-60
 2.05169e+14	1.06e-19	8.43e-14	7.26e-09	6.17e-05	9.99e-01	1.23e-03	0.00e+00	0.00e+00	0.00e+00	0.00e+00	2.79e-14	5.64e-14	9.75e-60
 2.12403e+14	1.38e-19	1.03e-13	8.33e-09	6.62e-05	9.99e-01	1.15e-03	0.00e+00	0.00e+00	0.00e+00	0.00e+00	3.41e-14	6.90e-14	2.02e-59
 2.19324e+14	1.73e-19	1.23e-13	9.48e-09	7.07e-05	9.99e-01	1.08e-03	0.00e+00	0.00e+00	0.00e+00	0.00e+00	4.06e-14	8.21e-14	3.78e-59
 2.26976e+14	2.23e-19	1.50e-13	1.09e-08	7.57e-05	9.99e-01	1.01e-03	0.00e+00	0.00e+00	0.00e+00	0.00e+00	4.95e-14	1.00e-13	7.76e-59
 2.35400e+14	2.88e-19	1.82e-13	1.26e-08	8.16e-05	9.99e-01	9.33e-04	0.00e+00	0.00e+00	0.00e+00	0.00e+00	6.03e-14	1.22e-13	1.58e-58
 2.43129e+14	3.66e-19	2.20e-13	1.43e-08	8.71e-05	9.99e-01	8.74e-04	0.00e+00	0.00e+00	0.00e+00	0.00e+00	7.26e-14	1.47e-13	3.09e-58
 2.51479e+14	4.64e-19	2.64e-13	1.64e-08	9.33e-05	9.99e-01	8.15e-04	0.00e+00	0.00e+00	0.00e+00	0.00e+00	8.71e-14	1.77e-13	5.94e-58
 2.60821e+14	6.07e-19	3.25e-13	1.89e-08	1.00e-04	9.99e-01	7.58e-04	0.00e+00	0.00e+00	0.00e+00	0.00e+00	1.07e-13	2.18e-13	1.27e-57
 2.69638e+14	7.64e-19	3.89e-13	2.17e-08	1.08e-04	9.99e-01	7.07e-04	0.00e+00	0.00e+00	0.00e+00	0.00e+00	1.28e-13	2.60e-13	2.39e-57
 2.79284e+14	9.84e-19	4.73e-13	2.49e-08	1.16e-04	9.99e-01	6.58e-04	0.00e+00	0.00e+00	0.00e+00	0.00e+00	1.56e-13	3.17e-13	4.85e-57
 2.89981e+14	1.27e-18	5.80e-13	2.90e-08	1.25e-04	9.99e-01	6.09e-04	0.00e+00	0.00e+00	0.00e+00	0.00e+00	1.91e-13	3.88e-13	1.00e-56
 2.99921e+14	1.63e-18	7.01e-13	3.32e-08	1.34e-04	9.99e-01	5.68e-04	0.00e+00	0.00e+00	0.00e+00	0.00e+00	2.31e-13	4.70e-13	1.99e-56
 3.10718e+14	2.08e-18	8.49e-13	3.82e-08	1.44e-04	9.99e-01	5.28e-04	0.00e+00	0.00e+00	0.00e+00	0.00e+00	2.80e-13	5.69e-13	3.94e-56
 3.22820e+14	2.74e-18	1.06e-12	4.46e-08	1.56e-04	9.99e-01	4.88e-04	0.00e+00	0.00e+00	0.00e+00	0.00e+00	3.48e-13	7.08e-13	8.65e-56
 3.34312e+14	3.46e-18	1.27e-12	5.13e-08	1.67e-04	9.99e-01	4.54e-04	0.00e+00	0.00e+00	0.00e+00	0.00e+00	4.17e-13	8.49e-13	1.65e-55
 3.46616e+14	4.49e-18	1.56e-12	5.93e-08	1.80e-04	9.99e-01	4.21e-04	0.00e+00	0.00e+00	0.00e+00	0.00e+00	5.13e-13	1.04e-12	3.47e-55
 3.60511e+14	5.84e-18	1.91e-12	6.95e-08	1.96e-04	9.99e-01	3.88e-04	0.00e+00	0.00e+00	0.00e+00	0.00e+00	6.29e-13	1.28e-12	7.21e-55
 3.74119e+14	7.58e-18	2.35e-12	8.06e-08	2.12e-04	9.99e-01	3.59e-04	0.00e+00	0.00e+00	0.00e+00	0.00e+00	7.75e-13	1.58e-12	1.52e-54
 3.88272e+14	9.66e-18	2.85e-12	9.37e-08	2.29e-04	9.99e-01	3.31e-04	0.00e+00	0.00e+00	0.00e+00	0.00e+00	9.38e-13	1.91e-12	2.99e-54
 4.03833e+14	1.27e-17	3.54e-12	1.10e-07	2.49e-04	9.99e-01	3.05e-04	0.00e+00	0.00e+00	0.00e+00	0.00e+00	1.17e-12	2.38e-12	6.56e-54
 4.19161e+14	1.62e-17	4.30e-12	1.28e-07	2.69e-04	9.99e-01	2.82e-04	0.00e+00	0.00e+00	0.00e+00	0.00e+00	1.41e-12	2.89e-12	1.31e-53
 4.31784e+14	1.98e-17	5.05e-12	1.44e-07	2.87e-04	9.99e-01	2.65e-04	0.00e+00	0.00e+00	0.00e+00	0.00e+00	1.66e-12	3.39e-12	2.31e-53
 4.41876e+14	2.32e-17	5.72e-12	1.58e-07	3.01e-04	9.99e-01	2.52e-04	0.00e+00	0.00e+00	0.00e+00	0.00e+00	1.88e-12	3.84e-12	3.62e-53
 4.53067e+14	2.73e-17	6.54e-12	1.74e-07	3.17e-04	9.99e-01	2.39e-04	0.00e+00	0.00e+00	0.00e+00	0.00e+00	2.15e-12	4.39e-12	5.84e-53
 4.67614e+14	3.36e-17	7.71e-12	1.98e-07	3.40e-04	9.99e-01	2.23e-04	0.00e+00	0.00e+00	0.00e+00	0.00e+00	2.53e-12	5.18e-12	1.05e-52
 4.83211e+14	4.16e-17	9.16e-12	2.26e-07	3.65e-04	9.99e-01	2.08e-04	0.00e+00	0.00e+00	0.00e+00	0.00e+00	3.01e-12	6.15e-12	1.95e-52
 4.97061e+14	5.02e-17	1.07e-11	2.54e-07	3.88e-04	9.99e-01	1.95e-04	0.00e+00	4.19e-18	1.26e-17	2.10e-17	3.51e-12	7.17e-12	3.37e-52
 5.11953e+14	6.06e-17	1.24e-11	2.86e-07	4.14e-04	9.99e-01	1.83e-04	0.00e+00	5.07e-18	1.52e-17	2.54e-17	4.08e-12	8.34e-12	5.79e-52
 5.30792e+14	7.67e-17	1.50e-11	3.31e-07	4.48e-04	9.99e-01	1.69e-04	0.00e+00	6.41e-18	1.93e-17	3.22e-17	4.93e-12	1.01e-11	1.15e-51
 5.49934e+14	9.67e-17	1.81e-11	3.82e-07	4.84e-04	9.99e-01	1.56e-04	0.00e+00	8.09e-18	2.43e-17	4.06e-17	5.95e-12	1.22e-11	2.26e-51
 5.66233e+14	1.16e-16	2.11e-11	4.30e-07	5.16e-04	9.99e-01	1.47e-04	0.00e+00	9.74e-18	2.92e-17	4.88e-17	6.91e-12	1.42e-11	3.89e-51
 5.83665e+14	1.41e-16	2.47e-11	4.86e-07	5.52e-04	9.99e-01	1.37e-04	0.00e+00	1.18e-17	3.54e-17	5.92e-17	8.11e-12	1.66e-11	6.92e-51
 6.05403e+14	1.78e-16	2.99e-11	5.64e-07	5.99e-04	9.99e-01	1.27e-04	0.00e+00	1.49e-17	4.49e-17	7.50e-17	9.80e-12	2.01e-11	1.38e-50
 6.27696e+14	2.25e-16	3.61e-11	6.54e-07	6.49e-04	9.99e-01	1.17e-04	0.00e+00	1.89e-17	5.67e-17	9.48e-17	1.19e-11	2.43e-11	2.77e-50
 6.47343e+14	2.74e-16	4.24e-11	7.40e-07	6.95e-04	9.99e-01	1.09e-04	0.00e+00	2.30e-17	6.91e-17	1.15e-16	1.39e-11	2.85e-11	4.99e-50
 6.68594e+14	3.32e-16	5.00e-11	8.43e-07	7.47e-04	9.99e-01	1.02e-04	0.00e+00	2.79e-17	8.38e-17	1.40e-16	1.64e-11	3.36e-11	9.07e-50
 6.94233e+14	4.24e-16	6.09e-11	9.83e-07	8.14e-04	9.99e-01	9.34e-05	0.00e+00	3.57e-17	1.07e-16	1.79e-16	2.00e-11	4.09e-11	1.89e-49
 7.19646e+14	5.31e-16	7.33e-11	1.14e-06	8.83e-04	9.99e-01	8.62e-05	0.00e+00	4.48e-17	1.35e-16	2.25e-16	2.41e-11	4.93e-11	3.77e-49
 7.42271e+14	6.39e-16	8.58e-11	1.29e-06	9.45e-04	9.99e-01	8.05e-05	0.00e+00	5.39e-17	1.62e-16	2.71e-16	2.82e-11	5.77e-11	6.77e-49
 7.67198e+14	7.94e-16	1.02e-10	1.47e-06	1.02e-03	9.99e-01	7.47e-05	0.00e+00	6.71e-17	2.01e-16	3.36e-16	3.36e-11	6.87e-11	1.31e-48
 7.96928e+14	1.01e-15	1.24e-10	1.72e-06	1.11e-03	9.99e-01	6.86e-05	0.00e+00	8.52e-17	2.56e-16	4.27e-16	4.08e-11	8.35e-11	2.75e-48
 8.26479e+14	1.27e-15	1.50e-10	1.99e-06	1.21e-03	9.99e-01	6.32e-05	0.00e+00	1.07e-16	3.22e-16	5.39e-16	4.93e-11	1.01e-10	5.65e-48
 8.53554e+14	1.53e-15	1.77e-10	2.26e-06	1.30e-03	9.99e-01	5.89e-05	0.00e+00	1.30e-16	3.89e-16	6.50e-16	5.80e-11	1.19e-10	1.04e-47
 8.83830e+14	1.94e-15	2.14e-10	2.60e-06	1.40e-03	9.99e-01	5.45e-05	0.00e+00	1.65e-16	4.95e-16	8.27e-16	7.01e-11	1.44e-10	2.16e-47
 9.18977e+14	2.47e-15	2.62e-10	3.04e-06	1.53e-03	9.98e-01	4.99e-05	0.00e+00	2.10e-16	6.31e-16	1.05e-15	8.59e-11	1.76e-10	4.75e-47
 9.53535e+14	3.12e-15	3.17e-10	3.52e-06	1.66e-03	9.98e-01	4.60e-05	0.00e+00	2.66e-16	7.98e-16	1.33e-15	1.04e-10	2.13e-10	1.01e-46
 9.86478e+14	3.86e-15	3.79e-10	4.04e-06	1.80e-03	9.98e-01	4.26e-05	0.00e+00	3.30e-16	9.90e-16	1.65e-15	1.24e-10	2.54e-10	2.04e-46
 1.01529e+15	4.65e-15	4.41e-10	4.53e-06	1.92e-03	9.98e-01	4.00e-05	0.00e+00	3.97e-16	1.19e-15	1.99e-15	1.45e-10	2.96e-10	3.72e-46
 1.03909e+15	5.40e-15	4.98e-10	4.97e-06	2.02e-03	9.98e-01	3.80e-05	0.00e+00	4.61e-16	1.39e-15	2.31e-15	1.64e-10	3.35e-10	6.07e-46
 1.06532e+15	6.33e-15	5.69e-10	5.49e-06	2.14e-03	9.98e-01	3.60e-05	0.00e+00	5.42e-16	1.63e-15	2.72e-15	1.87e-10	3.82e-10	1.03e-45
 1.09941e+15	7.68e-15	6.70e-10	6.22e-06	2.29e-03	9.98e-01	3.35e-05	0.00e+00	6.58e-16	1.98e-15	3.30e-15	2.20e-10	4.50e-10	1.97e-45
 1.13529e+15	9.51e-15	7.97e-10	7.08e-06	2.47e-03	9.97e-01	3.12e-05	0.00e+00	8.16e-16	2.45e-15	4.09e-15	2.62e-10	5.35e-10	3.94e-45
 1.16618e+15	1.13e-14	9.20e-10	7.88e-06	2.62e-03	9.97e-01	2.95e-05	0.00e+00	9.71e-16	2.92e-15	4.87e-15	3.03e-10	6.17e-10	7.00e-45
 1.19900e+15	1.34e-14	1.07e-09	8.80e-06	2.78e-03	9.97e-01	2.77e-05	0.00e+00	1.15e-15	3.46e-15	5.78e-15	3.50e-10	7.15e-10	1.25e-44
 1.24166e+15	1.70e-14	1.29e-09	1.01e-05	3.01e-03	9.97e-01	2.57e-05	0.00e+00	1.46e-15	4.38e-15	7.31e-15	4.24e-10	8.64e-10	2.69e-44
 1.28567e+15	2.10e-14	1.55e-09	1.16e-05	3.26e-03	9.97e-01	2.38e-05	0.00e+00	1.81e-15	5.43e-15	9.06e-15	5.09e-10	1.04e-09	5.58e-44
 1.32240e+15	2.55e-14	1.81e-09	1.30e-05	3.47e-03	9.96e-01	2.24e-05	0.00e+00	2.20e-15	6.61e-15	1.10e-14	5.95e-10	1.21e-09	1.04e-43
 1.36114e+15	3.08e-14	2.11e-09	1.46e-05	3.70e-03	9.96e-01	2.11e-05	0.00e+00	2.66e-15	7.98e-15	1.33e-14	6.96e-10	1.42e-09	1.95e-43
 1.41071e+15	3.89e-14	2.56e-09	1.68e-05	4.01e-03	9.96e-01	1.95e-05	0.00e+00	3.36e-15	1.01e-14	1.69e-14	8.45e-10	1.72e-09	4.22e-43
 1.46289e+15	4.79e-14	3.08e-09	1.94e-05	4.34e-03	9.96e-01	1.81e-05	0.00e+00	4.15e-15	1.24e-14	2.08e-14	1.01e-09	2.06e-09	8.63e-43
 1.50936e+15	5.91e-14	3.66e-09	2.20e-05	4.65e-03	9.95e-01	1.69e-05	0.00e+00	5.12e-15	1.54e-14	2.56e-14	1.21e-09	2.45e-09	1.75e-42
 1.55989e+15	7.34e-14	4.38e-09	2.50e-05	5.01e-03	9.95e-01	1.58e-05	0.00e+00	6.37e-15	1.91e-14	3.19e-14	1.45e-09	2.94e-09	3.56e-42
 1.62024e+15	9.75e-14	5.49e-09	2.91e-05	5.45e-03	9.95e-01	1.46e-05	0.00e+00	8.47e-15	2.54e-14	4.24e-14	1.81e-09	3.68e-09	8.72e-42
 1.67994e+15	1.23e-13	6.68e-09	3.36e-05	5.90e-03	9.94e-01	1.35e-05	0.00e+00	1.07e-14	3.21e-14	5.35e-14	2.20e-09	4.48e-09	1.88e-41
 1.73396e+15	1.52e-13	7.97e-09	3.82e-05	6.33e-03	9.94e-01	1.27e-05	0.00e+00	1.32e-14	3.97e-14	6.63e-14	2.63e-09	5.34e-09	3.75e-41
 1.79401e+15	1.87e-13	9.51e-09	4.37e-05	6.82e-03	9.93e-01	1.19e-05	0.00e+00	1.63e-14	4.89e-14	8.15e-14	3.14e-09	6.37e-09	7.43e-41
 1.86452e+15	2.47e-13	1.19e-08	5.09e-05	7.43e-03	9.93e-01	1.10e-05	0.00e+00	2.15e-14	6.46e-14	1.08e-13	3.94e-09	8.00e-09	1.81e-40
 1.93416e+15	3.17e-13	1.47e-08	5.90e-05	8.04e-03	9.92e-01	1.02e-05	0.00e+00	2.77e-14	8.30e-14	1.39e-13	4.85e-09	9.84e-09	4.02e-40
 1.99941e+15	3.96e-13	1.77e-08	6.73e-05	8.65e-03	9.91e-01	9.59e-06	0.00e+00	3.47e-14	1.04e-13	1.74e-13	5.86e-09	1.19e-08	8.27e-40
 2.07225e+15	4.94e-13	2.14e-08	7.76e-05	9.35e-03	9.91e-01	8.96e-06	0.00e+00	4.33e-14	1.30e-13	2.17e-13	7.07e-09	1.43e-08	1.69e-39
 2.15517e+15	6.64e-13	2.72e-08	9.08e-05	1.02e-02	9.90e-01	8.32e-06	0.00e+00	5.82e-14	1.75e-13	2.91e-13	9.00e-09	1.82e-08	4.28e-39
 2.23707e+15	8.59e-13	3.37e-08	1.05e-04	1.11e-02	9.89e-01	7.78e-06	0.00e+00	7.54e-14	2.26e-13	3.78e-13	1.12e-08	2.26e-08	9.56e-39
 2.30412e+15	1.05e-12	3.99e-08	1.19e-04	1.18e-02	9.88e-01	7.39e-06	0.00e+00	9.21e-14	2.76e-13	4.61e-13	1.32e-08	2.67e-08	1.76e-38
 2.35648e+15	1.22e-12	4.54e-08	1.30e-04	1.24e-02	9.87e-01	7.10e-06	0.00e+00	1.07e-13	3.22e-13	5.37e-13	1.50e-08	3.04e-08	2.85e-38
 2.41386e+15	1.44e-12	5.22e-08	1.43e-04	1.30e-02	9.87e-01	6.81e-06	0.00e+00	1.26e-13	3.79e-13	6.33e-13	1.73e-08	3.49e-08	4.74e-38
 2.48846e+15	1.73e-12	6.12e-08	1.61e-04	1.39e-02	9.86e-01	6.47e-06	0.00e+00	1.52e-13	4.57e-13	7.62e-13	2.02e-08	4.09e-08	8.46e-38
 2.56950e+15	2.21e-12	7.49e-08	1.84e-04	1.49e-02	9.85e-01	6.14e-06	0.00e+00	1.94e-13	5.83e-13	9.73e-13	2.48e-08	5.01e-08	1.80e-37
 2.64229e+15	2.65e-12	8.77e-08	2.05e-04	1.58e-02	9.84e-01	5.87e-06	0.00e+00	2.33e-13	7.00e-13	1.17e-12	2.90e-08	5.87e-08	3.19e-37
 2.72028e+15	3.19e-12	1.03e-07	2.31e-04	1.69e-02	9.83e-01	5.60e-06	0.00e+00	2.81e-13	8.44e-13	1.41e-12	3.40e-08	6.86e-08	5.63e-37
 2.81966e+15	4.17e-12	1.28e-07	2.67e-04	1.82e-02	9.81e-01	5.31e-06	0.00e+00	3.68e-13	1.10e-12	1.84e-12	4.25e-08	8.59e-08	1.29e-36
 2.92020e+15	5.26e-12	1.57e-07	3.07e-04	1.97e-02	9.80e-01	5.04e-06	0.00e+00	4.65e-13	1.39e-12	2.33e-12	5.20e-08	1.05e-07	2.62e-36
 3.00458e+15	6.33e-12	1.83e-07	3.44e-04	2.09e-02	9.79e-01	4.84e-06	0.00e+00	5.60e-13	1.68e-12	2.80e-12	6.08e-08	1.23e-07	4.55e-36
 3.09459e+15	7.74e-12	2.18e-07	3.88e-04	2.23e-02	9.77e-01	4.65e-06	0.00e+00	6.85e-13	2.06e-12	3.43e-12	7.21e-08	1.46e-07	8.38e-36
 3.20839e+15	1.02e-11	2.74e-07	4.49e-04	2.41e-02	9.75e-01	4.43e-06	0.00e+00	9.00e-13	2.70e-12	4.50e-12	9.07e-08	1.83e-07	1.90e-35
 3.32530e+15	1.30e-11	3.38e-07	5.19e-04	2.60e-02	9.73e-01	4.24e-06	0.00e+00	1.15e-12	3.46e-12	5.78e-12	1.12e-07	2.26e-07	3.93e-35
 3.42720e+15	1.60e-11	4.04e-07	5.87e-04	2.77e-02	9.72e-01	4.09e-06	0.00e+00	1.42e-12	4.26e-12	7.11e-12	1.34e-07	2.70e-07	7.30e-35
 3.53742e+15	1.99e-11	4.86e-07	6.68e-04	2.97e-02	9.70e-01	3.94e-06	0.00e+00	1.76e-12	5.29e-12	8.83e-12	1.61e-07	3.25e-07	1.37e-34
 3.67172e+15	2.59e-11	6.09e-07	7.78e-04	3.22e-02	9.67e-01	3.79e-06	0.00e+00	2.30e-12	6.91e-12	1.15e-11	2.02e-07	4.07e-07	3.03e-34
 3.80497e+15	3.31e-11	7.53e-07	9.00e-04	3.47e-02	9.64e-01	3.65e-06	0.00e+00	2.94e-12	8.83e-12	1.47e-11	2.50e-07	5.03e-07	6.13e-34
 3.92294e+15	4.06e-11	8.99e-07	1.02e-03	3.71e-02	9.62e-01	3.54e-06	0.00e+00	3.62e-12	1.08e-11	1.81e-11	2.98e-07	6.01e-07	1.11e-33
 4.05339e+15	5.05e-11	1.08e-06	1.17e-03	3.97e-02	9.59e-01	3.43e-06	0.00e+00	4.50e-12	1.35e-11	2.25e-11	3.58e-07	7.21e-07	2.02e-33
 4.20968e+15	6.75e-11	1.38e-06	1.37e-03	4.32e-02	9.55e-01	3.33e-06	0.00e+00	6.02e-12	1.81e-11	3.01e-11	4.59e-07	9.24e-07	4.70e-33
 4.35790e+15	8.48e-11	1.69e-06	1.57e-03	4.65e-02	9.52e-01	3.23e-06	0.00e+00	7.57e-12	2.27e-11	3.79e-11	5.61e-07	1.13e-06	9.00e-33
 4.48329e+15	1.03e-10	1.98e-06	1.77e-03	4.94e-02	9.49e-01	3.16e-06	0.00e+00	9.16e-12	2.75e-11	4.58e-11	6.58e-07	1.33e-06	1.50e-32
 4.62066e+15	1.27e-10	2.38e-06	2.01e-03	5.28e-02	9.45e-01	3.08e-06	0.00e+00	1.13e-11	3.40e-11	5.67e-11	7.89e-07	1.59e-06	2.70e-32
 4.79229e+15	1.68e-10	3.03e-06	2.34e-03	5.73e-02	9.40e-01	3.01e-06	0.00e+00	1.51e-11	4.51e-11	7.53e-11	1.01e-06	2.02e-06	6.09e-32
 4.96476e+15	2.16e-10	3.75e-06	2.72e-03	6.18e-02	9.35e-01	2.94e-06	0.00e+00	1.93e-11	5.79e-11	9.66e-11	1.25e-06	2.51e-06	1.19e-31
 5.10004e+15	2.61e-10	4.42e-06	3.05e-03	6.55e-02	9.31e-01	2.90e-06	0.00e+00	2.34e-11	7.01e-11	1.17e-10	1.47e-06	2.95e-06	1.98e-31
 5.23068e+15	3.14e-10	5.18e-06	3.40e-03	6.93e-02	9.27e-01	2.86e-06	0.00e+00	2.82e-11	8.45e-11	1.41e-10	1.72e-06	3.46e-06	3.27e-31
 5.40051e+15	3.92e-10	6.19e-06	3.89e-03	7.43e-02	9.22e-01	2.80e-06	0.00e+00	3.51e-11	1.05e-10	1.76e-10	2.06e-06	4.13e-06	5.45e-31
 5.58101e+15	5.08e-10	7.76e-06	4.50e-03	8.01e-02	9.15e-01	2.76e-06	0.00e+00	4.56e-11	1.37e-10	2.28e-10	2.58e-06	5.18e-06	1.12e-30
 5.72847e+15	6.08e-10	9.07e-06	5.03e-03	8.48e-02	9.10e-01	2.72e-06	0.00e+00	5.47e-11	1.64e-10	2.73e-10	3.01e-06	6.06e-06	1.78e-30
 5.87326e+15	7.29e-10	1.05e-05	5.61e-03	8.96e-02	9.05e-01	2.69e-06	0.00e+00	6.56e-11	1.97e-10	3.28e-10	3.49e-06	7.01e-06	2.75e-30
 6.06148e+15	9.44e-10	1.31e-05	6.47e-03	9.64e-02	8.97e-01	2.66e-06	0.00e+00	8.50e-11	2.55e-10	4.25e-10	4.35e-06	8.74e-06	5.51e-30
 6.25189e+15	1.17e-09	1.56e-05	7.40e-03	1.03e-01	8.89e-01	2.61e-06	0.00e+00	1.05e-10	3.16e-10	5.27e-10	5.18e-06	1.04e-05	8.91e-30
 6.40905e+15	1.44e-09	1.87e-05	8.30e-03	1.10e-01	8.82e-01	2.60e-06	0.00e+00	1.30e-10	3.89e-10	6.48e-10	6.21e-06	1.25e-05	1.57e-29
 6.57725e+15	1.77e-09	2.22e-05	9.35e-03	1.16e-01	8.74e-01	2.57e-06	0.00e+00	1.60e-10	4.79e-10	7.99e-10	7.37e-06	1.48e-05	2.61e-29
 6.79590e+15	2.25e-09	2.69e-05	1.09e-02	1.25e-01	8.64e-01	2.53e-06	0.00e+00	2.03e-10	6.10e-10	1.02e-09	8.94e-06	1.80e-05	4.42e-29
 7.01886e+15	2.97e-09	3.42e-05	1.27e-02	1.35e-01	8.52e-01	2.51e-06	0.00e+00	2.69e-10	8.06e-10	1.34e-09	1.14e-05	2.28e-05	9.18e-29
 7.19716e+15	3.65e-09	4.05e-05	1.43e-02	1.44e-01	8.42e-01	2.49e-06	0.00e+00	3.30e-10	9.90e-10	1.65e-09	1.35e-05	2.70e-05	1.47e-28
 7.37871e+15	4.50e-09	4.82e-05	1.61e-02	1.53e-01	8.31e-01	2.47e-06	0.00e+00	4.07e-10	1.22e-09	2.04e-09	1.60e-05	3.21e-05	2.41e-28
 7.58102e+15	5.64e-09	5.78e-05	1.84e-02	1.63e-01	8.19e-01	2.44e-06	0.00e+00	5.11e-10	1.53e-09	2.56e-09	1.92e-05	3.86e-05	3.96e-28
 7.77029e+15	7.04e-09	6.94e-05	2.08e-02	1.73e-01	8.06e-01	2.43e-06	0.00e+00	6.39e-10	1.92e-09	3.20e-09	2.31e-05	4.63e-05	6.73e-28
 7.94524e+15	8.53e-09	8.15e-05	2.33e-02	1.83e-01	7.94e-01	2.41e-06	0.00e+00	7.75e-10	2.32e-09	3.88e-09	2.71e-05	5.44e-05	1.04e-27
 8.14155e+15	1.05e-08	9.56e-05	2.65e-02	1.94e-01	7.80e-01	2.39e-06	0.00e+00	9.59e-10	2.87e-09	4.79e-09	3.18e-05	6.38e-05	1.57e-27
 8.35607e+15	1.38e-08	1.20e-04	3.05e-02	2.07e-01	7.62e-01	2.39e-06	0.00e+00	1.26e-09	3.77e-09	6.28e-09	3.98e-05	7.97e-05	3.03e-27
 8.54191e+15	1.68e-08	1.40e-04	3.43e-02	2.19e-01	7.47e-01	2.37e-06	0.00e+00	1.53e-09	4.58e-09	7.63e-09	4.66e-05	9.35e-05	4.54e-27
 8.69582e+15	1.98e-08	1.59e-04	3.79e-02	2.29e-01	7.33e-01	2.36e-06	0.00e+00	1.80e-09	5.41e-09	9.01e-09	5.30e-05	1.06e-04	6.35e-27
 8.86057e+15	2.38e-08	1.85e-04	4.22e-02	2.40e-01	7.17e-01	2.34e-06	0.00e+00	2.18e-09	6.52e-09	1.09e-08	6.16e-05	1.23e-04	9.53e-27
 9.03960e+15	3.00e-08	2.24e-04	4.76e-02	2.54e-01	6.98e-01	2.34e-06	0.00e+00	2.74e-09	8.23e-09	1.37e-08	7.46e-05	1.49e-04	1.66e-26
 9.20721e+15	3.64e-08	2.60e-04	5.31e-02	2.66e-01	6.81e-01	2.33e-06	0.00e+00	3.33e-09	9.99e-09	1.66e-08	8.66e-05	1.73e-04	2.45e-26
 9.36507e+15	4.33e-08	2.97e-04	5.87e-02	2.78e-01	6.63e-01	2.32e-06	0.00e+00	3.96e-09	1.19e-08	1.98e-08	9.88e-05	1.98e-04	3.45e-26
 9.54025e+15	5.52e-08	3.61e-04	6.64e-02	2.93e-01	6.41e-01	2.33e-06	0.00e+00	5.06e-09	1.52e-08	2.53e-08	1.20e-04	2.41e-04	6.25e-26
 9.72897e+15	6.86e-08	4.28e-04	7.52e-02	3.08e-01	6.17e-01	2.32e-06	0.00e+00	6.28e-09	1.88e-08	3.14e-08	1.42e-04	2.85e-04	9.61e-26
 9.89836e+15	8.32e-08	4.95e-04	8.41e-02	3.22e-01	5.94e-01	2.30e-06	0.00e+00	7.63e-09	2.29e-08	3.81e-08	1.65e-04	3.30e-04	1.41e-25
 1.00545e+16	1.03e-07	5.89e-04	9.39e-02	3.36e-01	5.70e-01	2.32e-06	0.00e+00	9.50e-09	2.85e-08	4.75e-08	1.96e-04	3.93e-04	2.34e-25
 1.02070e+16	1.28e-07	6.95e-04	1.05e-01	3.50e-01	5.45e-01	2.33e-06	0.00e+00	1.18e-08	3.53e-08	5.88e-08	2.32e-04	4.64e-04	3.83e-25
 1.03570e+16	1.54e-07	8.02e-04	1.16e-01	3.63e-01	5.21e-01	2.32e-06	0.00e+00	1.42e-08	4.26e-08	7.09e-08	2.67e-04	5.35e-04	5.58e-25
 1.05037e+16	1.85e-07	9.14e-04	1.28e-01	3.75e-01	4.95e-01	2.31e-06	0.00e+00	1.70e-08	5.09e-08	8.49e-08	3.05e-04	6.10e-04	7.97e-25
 1.06707e+16	2.41e-07	1.13e-03	1.46e-01	3.92e-01	4.62e-01	2.32e-06	0.00e+00	2.22e-08	6.66e-08	1.11e-07	3.77e-04	7.55e-04	1.56e-24
 1.08375e+16	3.05e-07	1.35e-03	1.64e-01	4.06e-01	4.29e-01	2.31e-06	0.00e+00	2.81e-08	8.44e-08	1.41e-07	4.50e-04	9.00e-04	2.60e-24
 1.09690e+16	3.60e-07	1.51e-03	1.79e-01	4.16e-01	4.03e-01	2.31e-06	0.00e+00	3.32e-08	9.95e-08	1.66e-07	5.04e-04	1.01e-03	3.50e-24
 1.11051e+16	4.39e-07	1.76e-03	1.98e-01	4.27e-01	3.73e-01	2.29e-06	0.00e+00	4.05e-08	1.21e-07	2.02e-07	5.86e-04	1.17e-03	5.50e-24
 1.12453e+16	5.43e-07	2.06e-03	2.20e-01	4.38e-01	3.41e-01	2.27e-06	0.00e+00	5.02e-08	1.50e-07	2.51e-07	6.85e-04	1.37e-03	9.01e-24
 1.13533e+16	6.49e-07	2.34e-03	2.38e-01	4.45e-01	3.15e-01	2.27e-06	0.00e+00	6.00e-08	1.80e-07	3.00e-07	7.81e-04	1.56e-03	1.37e-23
 1.14359e+16	7.62e-07	2.65e-03	2.54e-01	4.50e-01	2.94e-01	2.29e-06	0.00e+00	7.05e-08	2.11e-07	3.52e-07	8.83e-04	1.77e-03	2.10e-23
 1.15074e+16	8.58e-07	2.88e-03	2.67e-01	4.53e-01	2.76e-01	2.28e-06	0.00e+00	7.95e-08	2.38e-07	3.97e-07	9.61e-04	1.92e-03	2.78e-23
 1.15849e+16	9.63e-07	3.11e-03	2.82e-01	4.57e-01	2.57e-01	2.25e-06	0.00e+00	8.92e-08	2.68e-07	4.46e-07	1.04e-03	2.07e-03	3.55e-23
 1.16856e+16	1.19e-06	3.62e-03	3.05e-01	4.61e-01	2.30e-01	2.22e-06	0.00e+00	1.10e-07	3.31e-07	5.51e-07	1.21e-03	2.41e-03	6.24e-23
 1.17696e+16	1.35e-06	3.95e-03	3.23e-01	4.62e-01	2.11e-01	2.19e-06	0.00e+00	1.25e-07	3.74e-07	6.24e-07	1.32e-03	2.63e-03	8.24e-23
 1.18190e+16	1.48e-06	4.21e-03	3.34e-01	4.63e-01	1.98e-01	2.17e-06	0.00e+00	1.38e-07	4.12e-07	6.87e-07	1.40e-03	2.81e-03	1.05e-22
 1.18706e+16	1.61e-06	4.43e-03	3.46e-01	4.63e-01	1.86e-01	2.14e-06	0.00e+00	1.49e-07	4.48e-07	7.47e-07	1.48e-03	2.95e-03	1.25e-22
 1.19378e+16	1.84e-06	4.89e-03	3.64e-01	4.63e-01	1.68e-01	2.07e-06	0.00e+00	1.71e-07	5.14e-07	8.56e-07	1.63e-03	3.26e-03	1.82e-22
 1.20019e+16	2.05e-06	5.20e-03	3.79e-01	4.62e-01	1.54e-01	2.01e-06	0.00e+00	1.91e-07	5.73e-07	9.54e-07	1.73e-03	3.46e-03	2.27e-22
 1.20623e+16	2.31e-06	5.61e-03	3.94e-01	4.61e-01	1.39e-01	1.94e-06	0.00e+00	2.16e-07	6.46e-07	1.08e-06	1.87e-03	3.74e-03	3.04e-22
 1.21248e+16	2.62e-06	6.06e-03	4.10e-01	4.58e-01	1.25e-01	1.87e-06	0.00e+00	2.44e-07	7.32e-07	1.22e-06	2.02e-03	4.04e-03	4.12e-22
