#depth	N	N+	N+2	N+3	N+4	N+5	N+6	N+7
 1.49634e+10	0.00e+00	7.36e-33	5.45e-24	9.16e-16	1.73e-08	9.97e-01	2.87e-03	0.00e+00
 4.54887e+10	1.79e-42	1.04e-32	7.09e-24	1.09e-15	1.90e-08	9.97e-01	2.63e-03	3.46e-09
 7.72350e+10	0.00e+00	1.47e-32	9.23e-24	1.31e-15	2.08e-08	9.98e-01	2.39e-03	0.00e+00
 1.10251e+11	4.23e-42	2.08e-32	1.20e-23	1.57e-15	2.28e-08	9.98e-01	2.18e-03	0.00e+00
 1.43541e+11	0.00e+00	2.91e-32	1.55e-23	1.87e-15	2.49e-08	9.98e-01	1.99e-03	0.00e+00
 1.78162e+11	9.75e-42	4.07e-32	2.01e-23	2.22e-15	2.73e-08	9.98e-01	1.82e-03	0.00e+00
 2.13848e+11	0.00e+00	5.70e-32	2.60e-23	2.65e-15	2.99e-08	9.98e-01	1.66e-03	0.00e+00
 2.48786e+11	2.18e-41	7.81e-32	3.31e-23	3.13e-15	3.26e-08	9.98e-01	1.53e-03	0.00e+00
 2.86489e+11	0.00e+00	1.09e-31	4.27e-23	3.72e-15	3.56e-08	9.99e-01	1.40e-03	0.00e+00
 3.27875e+11	5.04e-41	1.54e-31	5.58e-23	4.48e-15	3.92e-08	9.99e-01	1.27e-03	0.00e+00
 3.70917e+11	0.00e+00	2.18e-31	7.29e-23	5.38e-15	4.31e-08	9.99e-01	1.16e-03	0.00e+00
 4.15681e+11	1.19e-40	3.08e-31	9.53e-23	6.48e-15	4.75e-08	9.99e-01	1.05e-03	0.00e+00
 4.62235e+11	0.00e+00	4.35e-31	1.25e-22	7.81e-15	5.23e-08	9.99e-01	9.53e-04	0.00e+00
 5.04295e+11	2.63e-40	5.87e-31	1.57e-22	9.19e-15	5.70e-08	9.99e-01	8.76e-04	0.00e+00
 5.39262e+11	0.00e+00	7.48e-31	1.90e-22	1.05e-14	6.10e-08	9.99e-01	8.18e-04	0.00e+00
 5.77536e+11	4.83e-40	9.66e-31	2.32e-22	1.20e-14	6.56e-08	9.99e-01	7.61e-04	0.00e+00
 6.26115e+11	0.00e+00	1.32e-30	2.96e-22	1.43e-14	7.19e-08	9.99e-01	6.95e-04	0.00e+00
 6.76847e+11	1.04e-39	1.81e-30	3.79e-22	1.70e-14	7.88e-08	9.99e-01	6.35e-04	0.00e+00
 7.21707e+11	0.00e+00	2.36e-30	4.67e-22	1.97e-14	8.52e-08	9.99e-01	5.87e-04	0.00e+00
 7.63294e+11	1.93e-39	3.00e-30	5.64e-22	2.25e-14	9.14e-08	9.99e-01	5.47e-04	0.00e+00
 8.10469e+11	0.00e+00	3.90e-30	6.93e-22	2.61e-14	9.89e-08	9.99e-01	5.07e-04	0.00e+00
 8.68839e+11	3.88e-39	5.33e-30	8.86e-22	3.11e-14	1.09e-07	1.00e+00	4.62e-04	0.00e+00
 9.27078e+11	0.00e+00	7.17e-30	1.12e-21	3.68e-14	1.19e-07	1.00e+00	4.22e-04	0.00e+00
 9.77124e+11	7.48e-39	9.17e-30	1.36e-21	4.23e-14	1.28e-07	1.00e+00	3.92e-04	0.00e+00
 1.03120e+12	0.00e+00	1.18e-29	1.67e-21	4.89e-14	1.39e-07	1.00e+00	3.63e-04	0.00e+00
 1.09797e+12	1.47e-38	1.60e-29	2.12e-21	5.82e-14	1.52e-07	1.00e+00	3.30e-04	0.00e+00
 1.16653e+12	0.00e+00	2.16e-29	2.69e-21	6.91e-14	1.67e-07	1.00e+00	3.01e-04	0.00e+00
 1.22872e+12	2.86e-38	2.79e-29	3.31e-21	8.03e-14	1.81e-07	1.00e+00	2.78e-04	0.00e+00
 1.29732e+12	0.00e+00	3.67e-29	4.12e-21	9.40e-14	1.97e-07	1.00e+00	2.55e-04	0.00e+00
 1.37779e+12	5.75e-38	4.99e-29	5.27e-21	1.12e-13	2.17e-07	1.00e+00	2.32e-04	0.00e+00
 1.45808e+12	0.00e+00	6.68e-29	6.66e-21	1.33e-13	2.39e-07	1.00e+00	2.11e-04	0.00e+00
 1.53466e+12	1.12e-37	8.73e-29	8.25e-21	1.56e-13	2.60e-07	1.00e+00	1.94e-04	0.00e+00
 1.61906e+12	0.00e+00	1.16e-28	1.03e-20	1.84e-13	2.84e-07	1.00e+00	1.78e-04	0.00e+00
 1.71375e+12	2.26e-37	1.57e-28	1.32e-20	2.20e-13	3.14e-07	1.00e+00	1.61e-04	0.00e+00
 1.79904e+12	0.00e+00	2.03e-28	1.63e-20	2.56e-13	3.41e-07	1.00e+00	1.48e-04	0.00e+00
 1.86958e+12	3.97e-37	2.50e-28	1.92e-20	2.90e-13	3.65e-07	1.00e+00	1.39e-04	0.00e+00
 1.94666e+12	0.00e+00	3.12e-28	2.30e-20	3.30e-13	3.92e-07	1.00e+00	1.29e-04	0.00e+00
 2.04500e+12	7.15e-37	4.09e-28	2.85e-20	3.87e-13	4.28e-07	1.00e+00	1.19e-04	0.00e+00
 2.14428e+12	0.00e+00	5.31e-28	3.53e-20	4.52e-13	4.66e-07	1.00e+00	1.09e-04	0.00e+00
 2.22666e+12	1.26e-36	6.55e-28	4.17e-20	5.11e-13	4.99e-07	1.00e+00	1.02e-04	0.00e+00
 2.31375e+12	0.00e+00	8.13e-28	4.96e-20	5.80e-13	5.34e-07	1.00e+00	9.50e-05	0.00e+00
 2.42520e+12	2.24e-36	1.06e-27	6.15e-20	6.79e-13	5.83e-07	1.00e+00	8.72e-05	0.00e+00
 2.54191e+12	0.00e+00	1.38e-27	7.62e-20	7.95e-13	6.36e-07	1.00e+00	8.00e-05	0.00e+00
 2.64444e+12	4.04e-36	1.73e-27	9.15e-20	9.08e-13	6.84e-07	1.00e+00	7.44e-05	0.00e+00
 2.75495e+12	0.00e+00	2.20e-27	1.11e-19	1.04e-12	7.38e-07	1.00e+00	6.90e-05	0.00e+00
 2.87729e+12	7.24e-36	2.82e-27	1.35e-19	1.21e-12	8.01e-07	1.00e+00	6.36e-05	0.00e+00
 2.99050e+12	0.00e+00	3.54e-27	1.62e-19	1.38e-12	8.62e-07	1.00e+00	5.92e-05	0.00e+00
 3.11319e+12	1.26e-35	4.48e-27	1.96e-19	1.58e-12	9.30e-07	1.00e+00	5.49e-05	0.00e+00
 3.24970e+12	0.00e+00	5.76e-27	2.41e-19	1.84e-12	1.01e-06	1.00e+00	5.06e-05	0.00e+00
 3.37711e+12	2.24e-35	7.24e-27	2.89e-19	2.10e-12	1.09e-06	1.00e+00	4.70e-05	0.00e+00
 3.51570e+12	0.00e+00	9.21e-27	3.51e-19	2.42e-12	1.17e-06	1.00e+00	4.35e-05	0.00e+00
 3.66980e+12	4.06e-35	1.19e-26	4.32e-19	2.81e-12	1.28e-06	1.00e+00	4.01e-05	0.00e+00
 3.81376e+12	0.00e+00	1.50e-26	5.20e-19	3.21e-12	1.37e-06	1.00e+00	3.72e-05	0.00e+00
 3.97062e+12	7.22e-35	1.92e-26	6.34e-19	3.70e-12	1.49e-06	1.00e+00	3.45e-05	0.00e+00
 4.14578e+12	0.00e+00	2.50e-26	7.83e-19	4.32e-12	1.62e-06	1.00e+00	3.17e-05	0.00e+00
 4.31063e+12	1.32e-34	3.18e-26	9.50e-19	4.96e-12	1.74e-06	1.00e+00	2.94e-05	0.00e+00
 4.49080e+12	0.00e+00	4.11e-26	1.16e-18	5.74e-12	1.89e-06	1.00e+00	2.71e-05	0.00e+00
 4.69252e+12	2.49e-34	5.40e-26	1.45e-18	6.71e-12	2.06e-06	1.00e+00	2.49e-05	0.00e+00
 4.88352e+12	3.37e-34	6.94e-26	1.77e-18	7.75e-12	2.23e-06	1.00e+00	2.30e-05	0.00e+00
 5.08910e+12	4.63e-34	9.02e-26	2.18e-18	8.98e-12	2.42e-06	1.00e+00	2.13e-05	0.00e+00
 5.32259e+12	6.52e-34	1.20e-25	2.74e-18	1.06e-11	2.64e-06	1.00e+00	1.95e-05	0.00e+00
 5.55236e+12	9.05e-34	1.57e-25	3.40e-18	1.23e-11	2.87e-06	1.00e+00	1.79e-05	0.00e+00
 5.79133e+12	1.26e-33	2.07e-25	4.23e-18	1.43e-11	3.12e-06	1.00e+00	1.65e-05	0.00e+00
 6.05290e+12	1.78e-33	2.76e-25	5.31e-18	1.68e-11	3.40e-06	1.00e+00	1.51e-05	0.00e+00
 6.32495e+12	2.54e-33	3.70e-25	6.68e-18	1.98e-11	3.71e-06	1.00e+00	1.39e-05	0.00e+00
 6.60787e+12	3.60e-33	4.93e-25	8.39e-18	2.32e-11	4.05e-06	1.00e+00	1.27e-05	0.00e+00
 6.87365e+12	4.96e-33	6.42e-25	1.03e-17	2.68e-11	4.37e-06	1.00e+00	1.18e-05	0.00e+00
 7.09130e+12	6.40e-33	7.91e-25	1.22e-17	3.01e-11	4.65e-06	1.00e+00	1.11e-05	0.00e+00
 7.31236e+12	8.25e-33	9.75e-25	1.43e-17	3.37e-11	4.94e-06	1.00e+00	1.04e-05	0.00e+00
 7.59972e+12	1.14e-32	1.27e-24	1.76e-17	3.88e-11	5.32e-06	1.00e+00	9.69e-06	0.00e+00
 7.90104e+12	1.56e-32	1.65e-24	2.17e-17	4.49e-11	5.76e-06	1.00e+00	8.97e-06	0.00e+00
 8.15719e+12	2.05e-32	2.06e-24	2.57e-17	5.05e-11	6.12e-06	1.00e+00	8.43e-06	0.00e+00
 8.42688e+12	2.71e-32	2.59e-24	3.07e-17	5.70e-11	6.52e-06	1.00e+00	7.92e-06	0.00e+00
 8.76586e+12	3.82e-32	3.42e-24	3.80e-17	6.60e-11	7.04e-06	1.00e+00	7.34e-06	0.00e+00
 9.11104e+12	5.28e-32	4.46e-24	4.69e-17	7.62e-11	7.60e-06	1.00e+00	6.79e-06	0.00e+00
 9.40531e+12	6.98e-32	5.59e-24	5.58e-17	8.58e-11	8.09e-06	1.00e+00	6.39e-06	0.00e+00
 9.71729e+12	9.30e-32	7.06e-24	6.68e-17	9.69e-11	8.61e-06	1.00e+00	6.00e-06	0.00e+00
 1.01065e+13	1.32e-31	9.38e-24	8.29e-17	1.12e-10	9.29e-06	1.00e+00	5.56e-06	0.00e+00
 1.05064e+13	1.85e-31	1.23e-23	1.03e-16	1.30e-10	1.00e-05	1.00e+00	5.15e-06	0.00e+00
 1.08585e+13	2.49e-31	1.57e-23	1.23e-16	1.47e-10	1.07e-05	1.00e+00	4.84e-06	0.00e+00
 1.12379e+13	3.40e-31	2.02e-23	1.49e-16	1.67e-10	1.14e-05	1.00e+00	4.53e-06	0.00e+00
 1.16964e+13	4.90e-31	2.71e-23	1.87e-16	1.95e-10	1.23e-05	1.00e+00	4.19e-06	0.00e+00
 1.21586e+13	6.93e-31	3.59e-23	2.32e-16	2.25e-10	1.33e-05	1.00e+00	3.89e-06	0.00e+00
 1.25783e+13	9.48e-31	4.62e-23	2.81e-16	2.56e-10	1.42e-05	1.00e+00	3.64e-06	0.00e+00
 1.30417e+13	1.33e-30	6.05e-23	3.44e-16	2.94e-10	1.52e-05	1.00e+00	3.40e-06	0.00e+00
 1.35847e+13	1.95e-30	8.22e-23	4.34e-16	3.43e-10	1.64e-05	1.00e+00	3.15e-06	0.00e+00
 1.41256e+13	2.78e-30	1.10e-22	5.41e-16	3.98e-10	1.77e-05	1.00e+00	2.92e-06	0.00e+00
 1.46384e+13	3.90e-30	1.44e-22	6.63e-16	4.55e-10	1.90e-05	1.00e+00	2.73e-06	0.00e+00
 1.52041e+13	5.60e-30	1.92e-22	8.23e-16	5.26e-10	2.04e-05	1.00e+00	2.54e-06	0.00e+00
 1.58422e+13	8.21e-30	2.61e-22	1.04e-15	6.16e-10	2.21e-05	1.00e+00	2.34e-06	0.00e+00
 1.64848e+13	1.20e-29	3.54e-22	1.31e-15	7.17e-10	2.38e-05	1.00e+00	2.17e-06	0.00e+00
 1.71532e+13	1.76e-29	4.82e-22	1.64e-15	8.34e-10	2.57e-05	1.00e+00	2.02e-06	0.00e+00
 1.78692e+13	2.61e-29	6.58e-22	2.08e-15	9.76e-10	2.78e-05	1.00e+00	1.86e-06	0.00e+00
 1.86139e+13	3.86e-29	9.01e-22	2.63e-15	1.14e-09	3.00e-05	1.00e+00	1.72e-06	0.00e+00
 1.93361e+13	5.52e-29	1.20e-21	3.28e-15	1.32e-09	3.23e-05	1.00e+00	1.60e-06	0.00e+00
 2.00168e+13	7.72e-29	1.57e-21	4.01e-15	1.51e-09	3.45e-05	1.00e+00	1.50e-06	0.00e+00
 2.06610e+13	1.05e-28	2.01e-21	4.82e-15	1.71e-09	3.66e-05	1.00e+00	1.41e-06	0.00e+00
 2.13649e+13	1.45e-28	2.61e-21	5.85e-15	1.94e-09	3.91e-05	1.00e+00	1.32e-06	0.00e+00
 2.21470e+13	2.04e-28	3.42e-21	7.20e-15	2.23e-09	4.19e-05	1.00e+00	1.23e-06	0.00e+00
 2.28785e+13	2.80e-28	4.41e-21	8.70e-15	2.53e-09	4.46e-05	1.00e+00	1.16e-06	0.00e+00
 2.36769e+13	3.92e-28	5.77e-21	1.06e-14	2.89e-09	4.76e-05	1.00e+00	1.09e-06	0.00e+00
 2.46258e+13	5.73e-28	7.81e-21	1.34e-14	3.36e-09	5.13e-05	1.00e+00	1.01e-06	0.00e+00
 2.55607e+13	8.11e-28	1.03e-20	1.66e-14	3.89e-09	5.52e-05	1.00e+00	9.36e-07	0.00e+00
 2.64106e+13	1.12e-27	1.34e-20	2.01e-14	4.41e-09	5.88e-05	1.00e+00	0.00e+00	0.00e+00
 2.73596e+13	1.58e-27	1.76e-20	2.47e-14	5.06e-09	6.29e-05	1.00e+00	0.00e+00	0.00e+00
 2.84689e+13	2.29e-27	2.38e-20	3.11e-14	5.91e-09	6.80e-05	1.00e+00	0.00e+00	0.00e+00
 2.95852e+13	3.34e-27	3.22e-20	3.90e-14	6.86e-09	7.33e-05	1.00e+00	0.00e+00	0.00e+00
 3.05927e+13	4.53e-27	4.13e-20	4.74e-14	7.83e-09	7.84e-05	1.00e+00	0.00e+00	0.00e+00
 3.15179e+13	6.05e-27	5.20e-20	5.64e-14	8.79e-09	8.30e-05	1.00e+00	0.00e+00	0.00e+00
 3.25787e+13	8.28e-27	6.70e-20	6.85e-14	1.00e-08	8.86e-05	1.00e+00	0.00e+00	0.00e+00
 3.38568e+13	1.19e-26	9.00e-20	8.58e-14	1.16e-08	9.56e-05	1.00e+00	0.00e+00	0.00e+00
 3.51245e+13	1.69e-26	1.19e-19	1.06e-13	1.34e-08	1.03e-04	1.00e+00	0.00e+00	0.00e+00
 3.62553e+13	2.30e-26	1.53e-19	1.28e-13	1.52e-08	1.09e-04	1.00e+00	0.00e+00	0.00e+00
 3.75009e+13	3.13e-26	1.96e-19	1.56e-13	1.74e-08	1.17e-04	1.00e+00	0.00e+00	0.00e+00
 3.89840e+13	4.57e-26	2.66e-19	1.96e-13	2.02e-08	1.26e-04	1.00e+00	0.00e+00	0.00e+00
 4.04546e+13	6.38e-26	3.50e-19	2.44e-13	2.34e-08	1.36e-04	1.00e+00	0.00e+00	0.00e+00
 4.17951e+13	8.77e-26	4.51e-19	2.95e-13	2.66e-08	1.45e-04	1.00e+00	0.00e+00	0.00e+00
 4.32880e+13	1.20e-25	5.85e-19	3.62e-13	3.05e-08	1.56e-04	1.00e+00	0.00e+00	0.00e+00
 4.50294e+13	1.76e-25	7.95e-19	4.57e-13	3.57e-08	1.68e-04	1.00e+00	0.00e+00	0.00e+00
 4.67431e+13	2.45e-25	1.04e-18	5.68e-13	4.13e-08	1.82e-04	1.00e+00	0.00e+00	0.00e+00
 4.83541e+13	3.37e-25	1.35e-18	6.94e-13	4.73e-08	1.94e-04	1.00e+00	0.00e+00	0.00e+00
 5.01470e+13	4.78e-25	1.79e-18	8.60e-13	5.46e-08	2.09e-04	1.00e+00	0.00e+00	0.00e+00
 5.21828e+13	6.80e-25	2.40e-18	1.09e-12	6.39e-08	2.26e-04	1.00e+00	0.00e+00	0.00e+00
 5.42108e+13	9.84e-25	3.23e-18	1.36e-12	7.42e-08	2.44e-04	1.00e+00	0.00e+00	0.00e+00
 5.61044e+13	1.32e-24	4.13e-18	1.66e-12	8.50e-08	2.62e-04	1.00e+00	0.00e+00	0.00e+00
 5.81630e+13	1.85e-24	5.44e-18	2.06e-12	9.80e-08	2.81e-04	1.00e+00	0.00e+00	0.00e+00
 6.04707e+13	2.69e-24	7.34e-18	2.59e-12	1.14e-07	3.04e-04	1.00e+00	0.00e+00	0.00e+00
 6.26242e+13	3.70e-24	9.53e-18	3.18e-12	1.31e-07	3.26e-04	1.00e+00	0.00e+00	0.00e+00
 6.46124e+13	4.91e-24	1.20e-17	3.82e-12	1.49e-07	3.48e-04	1.00e+00	0.00e+00	0.00e+00
 6.65180e+13	6.40e-24	1.49e-17	4.54e-12	1.67e-07	3.69e-04	1.00e+00	0.00e+00	0.00e+00
 6.86301e+13	8.40e-24	1.88e-17	5.45e-12	1.89e-07	3.92e-04	1.00e+00	0.00e+00	0.00e+00
 7.09682e+13	1.16e-23	2.43e-17	6.65e-12	2.16e-07	4.20e-04	1.00e+00	0.00e+00	0.00e+00
 7.31485e+13	1.50e-23	3.02e-17	7.95e-12	2.43e-07	4.46e-04	1.00e+00	0.00e+00	0.00e+00
 7.55312e+13	2.05e-23	3.88e-17	9.61e-12	2.76e-07	4.76e-04	1.00e+00	0.00e+00	0.00e+00
 7.82065e+13	2.76e-23	4.98e-17	1.18e-11	3.17e-07	5.10e-04	9.99e-01	0.00e+00	0.00e+00
 8.07500e+13	3.74e-23	6.37e-17	1.43e-11	3.60e-07	5.44e-04	9.99e-01	0.00e+00	0.00e+00
 8.35443e+13	5.01e-23	8.14e-17	1.74e-11	4.12e-07	5.83e-04	9.99e-01	0.00e+00	0.00e+00
 8.66392e+13	7.08e-23	1.08e-16	2.16e-11	4.76e-07	6.27e-04	9.99e-01	0.00e+00	0.00e+00
 8.95098e+13	9.32e-23	1.36e-16	2.62e-11	5.41e-07	6.70e-04	9.99e-01	0.00e+00	0.00e+00
 9.26267e+13	1.29e-22	1.76e-16	3.21e-11	6.20e-07	7.18e-04	9.99e-01	0.00e+00	0.00e+00
 9.60978e+13	1.76e-22	2.30e-16	3.98e-11	7.18e-07	7.74e-04	9.99e-01	0.00e+00	0.00e+00
 9.93438e+13	2.40e-22	2.96e-16	4.85e-11	8.19e-07	8.27e-04	9.99e-01	0.00e+00	0.00e+00
 1.02878e+14	3.22e-22	3.79e-16	5.96e-11	9.41e-07	8.88e-04	9.99e-01	0.00e+00	0.00e+00
 1.06810e+14	4.57e-22	5.04e-16	7.44e-11	1.09e-06	9.58e-04	9.99e-01	0.00e+00	0.00e+00
 1.10492e+14	6.04e-22	6.39e-16	9.08e-11	1.25e-06	1.03e-03	9.99e-01	0.00e+00	0.00e+00
 1.14501e+14	8.29e-22	8.30e-16	1.12e-10	1.44e-06	1.10e-03	9.99e-01	0.00e+00	0.00e+00
 1.18973e+14	1.16e-21	1.10e-15	1.40e-10	1.68e-06	1.19e-03	9.99e-01	0.00e+00	0.00e+00
 1.23195e+14	1.58e-21	1.42e-15	1.73e-10	1.93e-06	1.28e-03	9.99e-01	0.00e+00	0.00e+00
 1.27724e+14	2.13e-21	1.83e-15	2.13e-10	2.23e-06	1.38e-03	9.99e-01	0.00e+00	0.00e+00
 1.32759e+14	3.01e-21	2.43e-15	2.68e-10	2.60e-06	1.50e-03	9.99e-01	0.00e+00	0.00e+00
 1.37649e+14	3.98e-21	3.11e-15	3.31e-10	3.00e-06	1.62e-03	9.98e-01	0.00e+00	0.00e+00
 1.42840e+14	5.49e-21	4.07e-15	4.12e-10	3.48e-06	1.74e-03	9.98e-01	0.00e+00	0.00e+00
 1.48584e+14	7.71e-21	5.40e-15	5.19e-10	4.07e-06	1.90e-03	9.98e-01	0.00e+00	0.00e+00
 1.54328e+14	1.06e-20	7.09e-15	6.48e-10	4.74e-06	2.05e-03	9.98e-01	0.00e+00	0.00e+00
 1.59106e+14	1.35e-20	8.71e-15	7.75e-10	5.35e-06	2.19e-03	9.98e-01	0.00e+00	0.00e+00
 1.62817e+14	1.63e-20	1.03e-14	8.87e-10	5.87e-06	2.30e-03	9.98e-01	0.00e+00	0.00e+00
 1.66843e+14	2.02e-20	1.22e-14	1.02e-09	6.47e-06	2.42e-03	9.98e-01	0.00e+00	0.00e+00
 1.72076e+14	2.57e-20	1.51e-14	1.23e-09	7.32e-06	2.59e-03	9.97e-01	0.00e+00	0.00e+00
 1.77743e+14	3.34e-20	1.89e-14	1.48e-09	8.33e-06	2.77e-03	9.97e-01	0.00e+00	0.00e+00
 1.82847e+14	4.24e-20	2.31e-14	1.75e-09	9.33e-06	2.94e-03	9.97e-01	0.00e+00	0.00e+00
 1.88356e+14	5.35e-20	2.83e-14	2.08e-09	1.05e-05	3.14e-03	9.97e-01	0.00e+00	0.00e+00
 1.95315e+14	7.17e-20	3.64e-14	2.57e-09	1.21e-05	3.40e-03	9.97e-01	0.00e+00	0.00e+00
 2.02327e+14	9.50e-20	4.64e-14	3.15e-09	1.40e-05	3.67e-03	9.96e-01	0.00e+00	0.00e+00
 2.08243e+14	1.20e-19	5.66e-14	3.73e-09	1.57e-05	3.91e-03	9.96e-01	0.00e+00	0.00e+00
 2.14562e+14	1.52e-19	6.94e-14	4.44e-09	1.77e-05	4.17e-03	9.96e-01	0.00e+00	0.00e+00
 2.22512e+14	2.02e-19	8.90e-14	5.49e-09	2.04e-05	4.52e-03	9.95e-01	0.00e+00	0.00e+00
 2.30747e+14	2.69e-19	1.14e-13	6.79e-09	2.36e-05	4.90e-03	9.95e-01	0.00e+00	0.00e+00
 2.38014e+14	3.45e-19	1.41e-13	8.14e-09	2.67e-05	5.24e-03	9.95e-01	0.00e+00	0.00e+00
 2.45855e+14	4.42e-19	1.76e-13	9.84e-09	3.04e-05	5.63e-03	9.94e-01	0.00e+00	0.00e+00
 2.55307e+14	5.96e-19	2.28e-13	1.23e-08	3.54e-05	6.13e-03	9.94e-01	0.00e+00	0.00e+00
 2.64664e+14	7.93e-19	2.92e-13	1.51e-08	4.09e-05	6.64e-03	9.93e-01	0.00e+00	0.00e+00
 2.72971e+14	1.02e-18	3.62e-13	1.82e-08	4.62e-05	7.10e-03	9.93e-01	0.00e+00	0.00e+00
 2.82106e+14	1.31e-18	4.52e-13	2.20e-08	5.27e-05	7.65e-03	9.92e-01	0.00e+00	0.00e+00
 2.93029e+14	1.77e-18	5.89e-13	2.75e-08	6.13e-05	8.32e-03	9.92e-01	0.00e+00	0.00e+00
 3.03912e+14	2.37e-18	7.57e-13	3.41e-08	7.09e-05	9.03e-03	9.91e-01	0.00e+00	0.00e+00
 3.13847e+14	3.08e-18	9.50e-13	4.13e-08	8.06e-05	9.69e-03	9.90e-01	0.00e+00	0.00e+00
 3.24916e+14	4.08e-18	1.21e-12	5.07e-08	9.25e-05	1.05e-02	9.89e-01	0.00e+00	0.00e+00
 3.37811e+14	5.58e-18	1.59e-12	6.38e-08	1.08e-04	1.14e-02	9.88e-01	0.00e+00	0.00e+00
 3.50507e+14	7.55e-18	2.06e-12	7.95e-08	1.25e-04	1.24e-02	9.87e-01	0.00e+00	0.00e+00
 3.62541e+14	9.94e-18	2.61e-12	9.71e-08	1.43e-04	1.33e-02	9.87e-01	0.00e+00	0.00e+00
 3.75902e+14	1.34e-17	3.38e-12	1.20e-07	1.65e-04	1.45e-02	9.85e-01	0.00e+00	0.00e+00
 3.88521e+14	1.73e-17	4.24e-12	1.47e-07	1.88e-04	1.55e-02	9.84e-01	0.00e+00	0.00e+00
 3.97945e+14	2.12e-17	5.05e-12	1.69e-07	2.07e-04	1.64e-02	9.83e-01	0.00e+00	0.00e+00
 4.07584e+14	2.63e-17	6.04e-12	1.95e-07	2.28e-04	1.73e-02	9.82e-01	0.00e+00	0.00e+00
 4.20115e+14	3.40e-17	7.51e-12	2.34e-07	2.57e-04	1.85e-02	9.81e-01	0.00e+00	0.00e+00
 4.33668e+14	4.45e-17	9.46e-12	2.83e-07	2.92e-04	1.98e-02	9.80e-01	0.00e+00	0.00e+00
 4.45825e+14	5.64e-17	1.16e-11	3.35e-07	3.26e-04	2.11e-02	9.79e-01	0.00e+00	0.00e+00
 4.58906e+14	7.19e-17	1.43e-11	3.98e-07	3.65e-04	2.24e-02	9.77e-01	0.00e+00	0.00e+00
 4.75640e+14	9.86e-17	1.86e-11	4.94e-07	4.21e-04	2.43e-02	9.75e-01	0.00e+00	0.00e+00
 4.92604e+14	1.32e-16	2.40e-11	6.11e-07	4.84e-04	2.62e-02	9.73e-01	0.00e+00	0.00e+00
 5.06753e+14	1.87e-16	2.97e-11	7.24e-07	5.42e-04	2.78e-02	9.72e-01	0.00e+00	0.00e+00
 5.21762e+14	2.42e-16	3.69e-11	8.64e-07	6.09e-04	2.97e-02	9.70e-01	0.00e+00	0.00e+00
 5.40865e+14	3.33e-16	4.82e-11	1.07e-06	7.02e-04	3.21e-02	9.67e-01	0.00e+00	0.00e+00
 5.61028e+14	4.63e-16	6.34e-11	1.34e-06	8.12e-04	3.47e-02	9.64e-01	0.00e+00	0.00e+00
 5.79101e+14	6.17e-16	8.06e-11	1.62e-06	9.21e-04	3.71e-02	9.62e-01	0.00e+00	0.00e+00
 5.98718e+14	8.29e-16	1.03e-10	1.99e-06	1.05e-03	3.98e-02	9.59e-01	0.00e+00	0.00e+00
 6.22018e+14	1.18e-15	1.38e-10	2.51e-06	1.22e-03	4.33e-02	9.56e-01	0.00e+00	0.00e+00
 6.44973e+14	1.64e-15	1.81e-10	3.12e-06	1.41e-03	4.67e-02	9.52e-01	0.00e+00	0.00e+00
 6.65852e+14	2.20e-15	2.31e-10	3.79e-06	1.60e-03	4.99e-02	9.48e-01	0.00e+00	0.00e+00
 6.89163e+14	2.93e-15	2.96e-10	4.67e-06	1.84e-03	5.36e-02	9.45e-01	0.00e+00	0.00e+00
 7.16401e+14	4.32e-15	4.04e-10	5.91e-06	2.14e-03	5.82e-02	9.40e-01	0.00e+00	0.00e+00
 7.43250e+14	6.19e-15	5.39e-10	7.39e-06	2.47e-03	6.28e-02	9.35e-01	0.00e+00	0.00e+00
 7.68604e+14	8.48e-15	6.98e-10	9.06e-06	2.82e-03	6.73e-02	9.30e-01	0.00e+00	0.00e+00
 7.96810e+14	1.18e-14	9.17e-10	1.13e-05	3.25e-03	7.24e-02	9.24e-01	0.00e+00	0.00e+00
 8.28712e+14	1.73e-14	1.25e-09	1.43e-05	3.80e-03	7.85e-02	9.18e-01	0.00e+00	0.00e+00
 8.55512e+14	2.35e-14	1.60e-09	1.73e-05	4.30e-03	8.37e-02	9.12e-01	0.00e+00	0.00e+00
 8.74815e+14	2.90e-14	1.90e-09	1.98e-05	4.69e-03	8.75e-02	9.08e-01	0.00e+00	0.00e+00
 8.94976e+14	3.61e-14	2.27e-09	2.27e-05	5.13e-03	9.15e-02	9.03e-01	0.00e+00	0.00e+00
 9.21186e+14	4.58e-14	2.78e-09	2.70e-05	5.74e-03	9.68e-02	8.97e-01	0.00e+00	0.00e+00
 9.50453e+14	6.35e-14	3.60e-09	3.27e-05	6.48e-03	1.03e-01	8.90e-01	0.00e+00	0.00e+00
 9.77822e+14	8.35e-14	4.49e-09	3.87e-05	7.23e-03	1.09e-01	8.84e-01	0.00e+00	0.00e+00
 1.00753e+15	1.08e-13	5.59e-09	4.63e-05	8.12e-03	1.15e-01	8.77e-01	0.00e+00	0.00e+00
 1.04092e+15	1.54e-13	7.34e-09	5.64e-05	9.21e-03	1.23e-01	8.68e-01	0.00e+00	0.00e+00
 1.07251e+15	2.03e-13	9.22e-09	6.74e-05	1.03e-02	1.30e-01	8.60e-01	0.00e+00	0.00e+00
 1.10698e+15	2.67e-13	1.16e-08	8.12e-05	1.16e-02	1.38e-01	8.50e-01	0.00e+00	0.00e+00
 1.14575e+15	3.88e-13	1.55e-08	9.99e-05	1.33e-02	1.47e-01	8.40e-01	0.00e+00	0.00e+00
 1.18255e+15	5.20e-13	1.97e-08	1.20e-04	1.50e-02	1.56e-01	8.29e-01	0.00e+00	0.00e+00
 1.22287e+15	6.96e-13	2.51e-08	1.47e-04	1.70e-02	1.65e-01	8.18e-01	0.00e+00	0.00e+00
 1.26800e+15	1.03e-12	3.40e-08	1.82e-04	1.95e-02	1.77e-01	8.04e-01	0.00e+00	0.00e+00
 1.30999e+15	1.41e-12	4.37e-08	2.20e-04	2.20e-02	1.87e-01	7.91e-01	0.00e+00	0.00e+00
 1.35518e+15	1.93e-12	5.65e-08	2.68e-04	2.49e-02	1.98e-01	7.77e-01	0.00e+00	0.00e+00
 1.40586e+15	2.65e-12	7.36e-08	3.31e-04	2.84e-02	2.10e-01	7.61e-01	0.00e+00	0.00e+00
 1.45363e+15	3.82e-12	9.76e-08	4.03e-04	3.21e-02	2.23e-01	7.45e-01	0.00e+00	0.00e+00
 1.50566e+15	5.34e-12	1.28e-07	4.94e-04	3.65e-02	2.35e-01	7.28e-01	0.00e+00	0.00e+00
 1.56356e+15	7.29e-12	1.66e-07	6.10e-04	4.16e-02	2.49e-01	7.09e-01	0.00e+00	0.00e+00
 1.61790e+15	1.06e-11	2.21e-07	7.44e-04	4.70e-02	2.63e-01	6.90e-01	0.00e+00	0.00e+00
 1.66734e+15	1.39e-11	2.76e-07	8.81e-04	5.22e-02	2.74e-01	6.73e-01	0.00e+00	0.00e+00
 1.72157e+15	1.83e-11	3.46e-07	1.05e-03	5.82e-02	2.87e-01	6.54e-01	0.00e+00	0.00e+00
 1.78728e+15	2.72e-11	4.71e-07	1.30e-03	6.62e-02	3.02e-01	6.30e-01	0.00e+00	0.00e+00
 1.85179e+15	3.73e-11	6.09e-07	1.58e-03	7.45e-02	3.16e-01	6.08e-01	0.00e+00	0.00e+00
 1.90318e+15	4.69e-11	7.37e-07	1.84e-03	8.14e-02	3.27e-01	5.90e-01	0.00e+00	0.00e+00
 1.95361e+15	5.98e-11	8.95e-07	2.12e-03	8.86e-02	3.37e-01	5.72e-01	0.00e+00	0.00e+00
 2.01917e+15	8.43e-11	1.17e-06	2.55e-03	9.87e-02	3.51e-01	5.48e-01	0.00e+00	0.00e+00
 2.08387e+15	1.11e-10	1.46e-06	3.01e-03	1.09e-01	3.62e-01	5.26e-01	0.00e+00	0.00e+00
 2.13645e+15	1.37e-10	1.73e-06	3.44e-03	1.17e-01	3.71e-01	5.08e-01	0.00e+00	0.00e+00
 2.19383e+15	1.74e-10	2.10e-06	3.95e-03	1.27e-01	3.80e-01	4.88e-01	0.00e+00	0.00e+00
 2.26843e+15	2.45e-10	2.74e-06	4.74e-03	1.41e-01	3.92e-01	4.62e-01	0.00e+00	0.00e+00
 2.34335e+15	3.28e-10	3.46e-06	5.60e-03	1.55e-01	4.02e-01	4.38e-01	0.00e+00	0.00e+00
 2.40495e+15	4.10e-10	4.14e-06	6.39e-03	1.66e-01	4.09e-01	4.18e-01	0.00e+00	0.00e+00
 2.47129e+15	5.10e-10	4.95e-06	7.33e-03	1.79e-01	4.16e-01	3.98e-01	0.00e+00	0.00e+00
 2.55754e+15	7.21e-10	6.47e-06	8.75e-03	1.97e-01	4.24e-01	3.70e-01	0.00e+00	0.00e+00
 2.64620e+15	9.31e-10	8.00e-06	1.03e-02	2.15e-01	4.30e-01	3.45e-01	0.00e+00	0.00e+00
 2.72064e+15	1.25e-09	9.99e-06	1.19e-02	2.31e-01	4.34e-01	3.23e-01	0.00e+00	0.00e+00
 2.80005e+15	1.61e-09	1.22e-05	1.37e-02	2.48e-01	4.37e-01	3.01e-01	0.00e+00	0.00e+00
 2.88834e+15	2.02e-09	1.48e-05	1.58e-02	2.66e-01	4.38e-01	2.80e-01	0.00e+00	0.00e+00
 2.97170e+15	2.72e-09	1.85e-05	1.82e-02	2.85e-01	4.39e-01	2.58e-01	0.00e+00	0.00e+00
 3.04942e+15	3.40e-09	2.20e-05	2.06e-02	3.02e-01	4.38e-01	2.40e-01	0.00e+00	0.00e+00
 3.13625e+15	4.18e-09	2.61e-05	2.34e-02	3.20e-01	4.35e-01	2.22e-01	0.00e+00	0.00e+00
 3.23293e+15	5.70e-09	3.30e-05	2.70e-02	3.41e-01	4.31e-01	2.01e-01	0.00e+00	0.00e+00
 3.31980e+15	7.10e-09	3.92e-05	3.04e-02	3.59e-01	4.26e-01	1.85e-01	0.00e+00	0.00e+00
 3.39226e+15	8.38e-09	4.48e-05	3.35e-02	3.74e-01	4.21e-01	1.72e-01	0.00e+00	0.00e+00
 3.46861e+15	1.02e-08	5.21e-05	3.71e-02	3.89e-01	4.15e-01	1.59e-01	0.00e+00	0.00e+00
 3.55363e+15	1.32e-08	6.31e-05	4.16e-02	4.07e-01	4.08e-01	1.44e-01	0.00e+00	0.00e+00
 3.62747e+15	1.57e-08	7.24e-05	4.55e-02	4.21e-01	4.00e-01	1.33e-01	0.00e+00	0.00e+00
 3.70102e+15	1.87e-08	8.27e-05	4.98e-02	4.34e-01	3.93e-01	1.23e-01	0.00e+00	0.00e+00
 3.79664e+15	2.39e-08	9.98e-05	5.59e-02	4.52e-01	3.82e-01	1.10e-01	0.00e+00	0.00e+00
 3.90199e+15	3.07e-08	1.21e-04	6.31e-02	4.70e-01	3.69e-01	9.77e-02	0.00e+00	0.00e+00
 3.99646e+15	3.75e-08	1.41e-04	6.99e-02	4.85e-01	3.57e-01	8.78e-02	0.00e+00	0.00e+00
 4.08217e+15	4.43e-08	1.61e-04	7.66e-02	4.98e-01	3.45e-01	7.95e-02	0.00e+00	0.00e+00
 4.18003e+15	5.85e-08	1.97e-04	8.56e-02	5.13e-01	3.31e-01	6.98e-02	0.00e+00	0.00e+00
 4.28422e+15	7.24e-08	2.32e-04	9.51e-02	5.27e-01	3.16e-01	6.15e-02	0.00e+00	0.00e+00
 4.37846e+15	8.65e-08	2.66e-04	1.04e-01	5.38e-01	3.03e-01	5.47e-02	0.00e+00	0.00e+00
 4.46847e+15	1.06e-07	3.10e-04	1.14e-01	5.48e-01	2.89e-01	4.85e-02	0.00e+00	0.00e+00
 4.55459e+15	1.28e-07	3.58e-04	1.25e-01	5.56e-01	2.76e-01	4.31e-02	0.00e+00	0.00e+00
 4.63620e+15	1.55e-07	4.11e-04	1.35e-01	5.63e-01	2.63e-01	3.84e-02	0.00e+00	0.00e+00
 4.72850e+15	1.90e-07	4.79e-04	1.48e-01	5.69e-01	2.49e-01	3.36e-02	0.00e+00	0.00e+00
 4.82848e+15	2.54e-07	5.90e-04	1.64e-01	5.75e-01	2.32e-01	2.85e-02	0.00e+00	0.00e+00
 4.91245e+15	3.06e-07	6.77e-04	1.77e-01	5.78e-01	2.19e-01	2.51e-02	0.00e+00	0.00e+00
 4.98370e+15	3.62e-07	7.66e-04	1.89e-01	5.80e-01	2.08e-01	2.23e-02	0.00e+00	0.00e+00
 5.06440e+15	4.40e-07	8.85e-04	2.04e-01	5.80e-01	1.95e-01	1.94e-02	0.00e+00	0.00e+00
 5.15014e+15	5.08e-07	9.89e-04	2.20e-01	5.80e-01	1.82e-01	1.69e-02	0.00e+00	0.00e+00
 5.24243e+15	6.81e-07	1.22e-03	2.41e-01	5.77e-01	1.67e-01	1.40e-02	0.00e+00	0.00e+00
 5.32543e+15	8.15e-07	1.39e-03	2.60e-01	5.73e-01	1.54e-01	1.20e-02	0.00e+00	0.00e+00
 5.37840e+15	9.37e-07	1.54e-03	2.73e-01	5.69e-01	1.46e-01	1.08e-02	0.00e+00	0.00e+00
 5.42226e+15	1.07e-06	1.69e-03	2.84e-01	5.65e-01	1.39e-01	9.78e-03	0.00e+00	0.00e+00
 5.47225e+15	1.20e-06	1.84e-03	2.98e-01	5.60e-01	1.32e-01	8.79e-03	0.00e+00	0.00e+00
 5.53724e+15	1.47e-06	2.12e-03	3.17e-01	5.52e-01	1.21e-01	7.50e-03	0.00e+00	0.00e+00
 5.59837e+15	1.63e-06	2.30e-03	3.33e-01	5.45e-01	1.13e-01	6.61e-03	0.00e+00	0.00e+00
 5.65449e+15	2.04e-06	2.68e-03	3.52e-01	5.36e-01	1.04e-01	5.60e-03	0.00e+00	0.00e+00
 5.70543e+15	2.33e-06	2.96e-03	3.68e-01	5.27e-01	9.70e-02	4.93e-03	0.00e+00	0.00e+00
 5.74308e+15	2.61e-06	3.20e-03	3.81e-01	5.20e-01	9.16e-02	4.43e-03	0.00e+00	0.00e+00
 5.78547e+15	2.98e-06	3.52e-03	3.96e-01	5.12e-01	8.55e-02	3.90e-03	0.00e+00	0.00e+00
 5.83325e+15	3.28e-06	3.78e-03	4.11e-01	5.03e-01	7.94e-02	3.43e-03	0.00e+00	0.00e+00
 5.88806e+15	4.05e-06	4.39e-03	4.32e-01	4.89e-01	7.16e-02	2.84e-03	0.00e+00	0.00e+00
 5.93818e+15	4.57e-06	4.78e-03	4.50e-01	4.77e-01	6.56e-02	2.43e-03	0.00e+00	0.00e+00
 5.98220e+15	5.31e-06	5.32e-03	4.67e-01	4.66e-01	5.99e-02	2.07e-03	0.00e+00	0.00e+00
 6.02875e+15	6.55e-06	6.13e-03	4.87e-01	4.51e-01	5.39e-02	1.70e-03	0.00e+00	0.00e+00
 6.06455e+15	7.37e-06	6.67e-03	5.01e-01	4.41e-01	4.98e-02	1.48e-03	0.00e+00	0.00e+00
 6.09706e+15	8.30e-06	7.24e-03	5.15e-01	4.31e-01	4.61e-02	1.29e-03	0.00e+00	0.00e+00
 6.13932e+15	9.23e-06	7.82e-03	5.31e-01	4.19e-01	4.17e-02	1.09e-03	0.00e+00	0.00e+00
 6.19425e+15	1.19e-05	9.33e-03	5.56e-01	3.99e-01	3.57e-02	8.24e-04	0.00e+00	0.00e+00
 6.24173e+15	1.41e-05	1.05e-02	5.74e-01	3.83e-01	3.14e-02	6.60e-04	0.00e+00	0.00e+00
 6.27153e+15	1.58e-05	1.13e-02	5.86e-01	3.73e-01	2.88e-02	5.67e-04	0.00e+00	0.00e+00
 6.30229e+15	1.78e-05	1.23e-02	5.99e-01	3.62e-01	2.61e-02	4.79e-04	0.00e+00	0.00e+00
 6.34228e+15	2.08e-05	1.37e-02	6.15e-01	3.48e-01	2.29e-02	3.82e-04	0.00e+00	0.00e+00
 6.38599e+15	2.48e-05	1.54e-02	6.32e-01	3.33e-01	1.98e-02	2.95e-04	0.00e+00	0.00e+00
 6.41797e+15	2.79e-05	1.67e-02	6.43e-01	3.22e-01	1.78e-02	2.45e-04	0.00e+00	0.00e+00
 6.43782e+15	3.01e-05	1.76e-02	6.51e-01	3.15e-01	1.66e-02	2.17e-04	0.00e+00	0.00e+00
 6.45844e+15	3.27e-05	1.86e-02	6.58e-01	3.08e-01	1.53e-02	1.90e-04	0.00e+00	0.00e+00
 6.48525e+15	3.64e-05	2.00e-02	6.68e-01	2.98e-01	1.38e-02	1.58e-04	0.00e+00	0.00e+00
 6.51461e+15	4.09e-05	2.17e-02	6.78e-01	2.88e-01	1.23e-02	1.30e-04	0.00e+00	0.00e+00
 6.54142e+15	4.55e-05	2.33e-02	6.86e-01	2.79e-01	1.11e-02	1.08e-04	0.00e+00	0.00e+00
 6.56658e+15	5.02e-05	2.49e-02	6.94e-01	2.71e-01	9.99e-03	9.06e-05	0.00e+00	0.00e+00
 6.59544e+15	5.64e-05	2.69e-02	7.03e-01	2.61e-01	8.83e-03	7.33e-05	0.00e+00	0.00e+00
 6.62712e+15	6.38e-05	2.92e-02	7.12e-01	2.51e-01	7.72e-03	5.81e-05	0.00e+00	0.00e+00
 6.65611e+15	7.14e-05	3.14e-02	7.20e-01	2.42e-01	6.81e-03	4.69e-05	0.00e+00	0.00e+00
 6.68316e+15	7.93e-05	3.37e-02	7.27e-01	2.33e-01	6.04e-03	3.81e-05	0.00e+00	0.00e+00
 6.71400e+15	8.95e-05	3.65e-02	7.35e-01	2.23e-01	5.25e-03	2.99e-05	0.00e+00	0.00e+00
 6.74755e+15	1.02e-04	3.98e-02	7.42e-01	2.13e-01	4.50e-03	2.30e-05	0.00e+00	0.00e+00
 6.77796e+15	1.14e-04	4.29e-02	7.49e-01	2.04e-01	3.91e-03	1.80e-05	0.00e+00	0.00e+00
 6.80629e+15	1.27e-04	4.61e-02	7.54e-01	1.96e-01	3.42e-03	1.44e-05	0.00e+00	0.00e+00
 6.83863e+15	1.44e-04	5.00e-02	7.60e-01	1.87e-01	2.92e-03	1.10e-05	0.00e+00	0.00e+00
 6.87404e+15	1.65e-04	5.46e-02	7.65e-01	1.77e-01	2.46e-03	8.18e-06	0.00e+00	0.00e+00
 6.90604e+15	1.86e-04	5.90e-02	7.70e-01	1.69e-01	2.11e-03	6.28e-06	0.00e+00	0.00e+00
 6.93557e+15	2.08e-04	6.34e-02	7.73e-01	1.61e-01	1.82e-03	4.89e-06	0.00e+00	0.00e+00
 6.96931e+15	2.36e-04	6.89e-02	7.77e-01	1.52e-01	1.53e-03	3.64e-06	0.00e+00	0.00e+00
 7.00629e+15	2.71e-04	7.53e-02	7.80e-01	1.43e-01	1.27e-03	2.66e-06	0.00e+00	0.00e+00
 7.03952e+15	3.08e-04	8.18e-02	7.82e-01	1.35e-01	1.07e-03	1.99e-06	0.00e+00	0.00e+00
 7.06974e+15	3.45e-04	8.80e-02	7.83e-01	1.28e-01	9.13e-04	1.53e-06	0.00e+00	0.00e+00
 7.10400e+15	3.95e-04	9.58e-02	7.83e-01	1.20e-01	7.58e-04	1.12e-06	0.00e+00	0.00e+00
 7.14157e+15	4.56e-04	1.05e-01	7.82e-01	1.11e-01	6.19e-04	7.98e-07	0.00e+00	0.00e+00
 7.17538e+15	5.21e-04	1.14e-01	7.81e-01	1.04e-01	5.14e-04	0.00e+00	0.00e+00	0.00e+00
 7.20600e+15	5.87e-04	1.23e-01	7.78e-01	9.75e-02	4.34e-04	0.00e+00	0.00e+00	0.00e+00
 7.24058e+15	6.75e-04	1.34e-01	7.74e-01	9.03e-02	3.55e-04	0.00e+00	0.00e+00	0.00e+00
 7.27860e+15	7.87e-04	1.48e-01	7.68e-01	8.26e-02	2.84e-04	0.00e+00	0.00e+00	0.00e+00
 7.31285e+15	9.06e-04	1.61e-01	7.61e-01	7.59e-02	2.32e-04	0.00e+00	0.00e+00	0.00e+00
 7.34379e+15	1.03e-03	1.75e-01	7.54e-01	7.01e-02	1.92e-04	0.00e+00	0.00e+00	0.00e+00
 7.37867e+15	1.19e-03	1.91e-01	7.44e-01	6.37e-02	1.54e-04	0.00e+00	0.00e+00	0.00e+00
 7.41723e+15	1.41e-03	2.11e-01	7.30e-01	5.70e-02	1.20e-04	0.00e+00	0.00e+00	0.00e+00
 7.45241e+15	1.64e-03	2.32e-01	7.15e-01	5.12e-02	9.49e-05	0.00e+00	0.00e+00	0.00e+00
 7.48484e+15	1.90e-03	2.52e-01	7.00e-01	4.59e-02	7.55e-05	0.00e+00	0.00e+00	0.00e+00
 7.52187e+15	2.24e-03	2.78e-01	6.79e-01	4.03e-02	5.76e-05	0.00e+00	0.00e+00	0.00e+00
 7.56281e+15	2.70e-03	3.10e-01	6.52e-01	3.45e-02	4.23e-05	0.00e+00	0.00e+00	0.00e+00
 7.60051e+15	3.23e-03	3.43e-01	6.24e-01	2.95e-02	3.13e-05	0.00e+00	0.00e+00	0.00e+00
 7.63507e+15	3.81e-03	3.76e-01	5.95e-01	2.52e-02	2.35e-05	0.00e+00	0.00e+00	0.00e+00
 7.67388e+15	4.60e-03	4.16e-01	5.59e-01	2.08e-02	1.66e-05	0.00e+00	0.00e+00	0.00e+00
 7.71528e+15	5.64e-03	4.63e-01	5.15e-01	1.66e-02	1.12e-05	0.00e+00	0.00e+00	0.00e+00
 7.75035e+15	6.74e-03	5.06e-01	4.74e-01	1.34e-02	7.76e-06	0.00e+00	0.00e+00	0.00e+00
 7.78038e+15	7.86e-03	5.45e-01	4.37e-01	1.09e-02	5.56e-06	0.00e+00	0.00e+00	0.00e+00
 7.81361e+15	9.30e-03	5.89e-01	3.93e-01	8.53e-03	3.74e-06	0.00e+00	0.00e+00	0.00e+00
 7.85042e+15	1.13e-02	6.39e-01	3.44e-01	6.31e-03	2.34e-06	0.00e+00	0.00e+00	0.00e+00
 7.88036e+15	1.32e-02	6.80e-01	3.02e-01	4.77e-03	1.53e-06	0.00e+00	0.00e+00	0.00e+00
 7.90128e+15	1.48e-02	7.09e-01	2.73e-01	3.87e-03	1.12e-06	0.00e+00	0.00e+00	0.00e+00
 7.92197e+15	1.66e-02	7.36e-01	2.44e-01	3.09e-03	8.05e-07	0.00e+00	0.00e+00	0.00e+00
 7.94886e+15	1.92e-02	7.70e-01	2.09e-01	2.26e-03	0.00e+00	0.00e+00	0.00e+00	0.00e+00
 7.97562e+15	2.23e-02	8.01e-01	1.75e-01	1.61e-03	0.00e+00	0.00e+00	0.00e+00	0.00e+00
 7.99543e+15	2.50e-02	8.23e-01	1.51e-01	1.22e-03	0.00e+00	0.00e+00	0.00e+00	0.00e+00
 8.01120e+15	2.74e-02	8.38e-01	1.34e-01	9.67e-04	0.00e+00	0.00e+00	0.00e+00	0.00e+00
 8.02850e+15	3.03e-02	8.54e-01	1.15e-01	7.36e-04	0.00e+00	0.00e+00	0.00e+00	0.00e+00
 8.05098e+15	3.45e-02	8.70e-01	9.46e-02	5.10e-04	0.00e+00	0.00e+00	0.00e+00	0.00e+00
 8.07348e+15	3.96e-02	8.84e-01	7.58e-02	3.42e-04	0.00e+00	0.00e+00	0.00e+00	0.00e+00
 8.09030e+15	4.40e-02	8.92e-01	6.33e-02	2.48e-04	0.00e+00	0.00e+00	0.00e+00	0.00e+00
 8.10396e+15	4.81e-02	8.98e-01	5.42e-02	1.88e-04	0.00e+00	0.00e+00	0.00e+00	0.00e+00
 8.11922e+15	5.30e-02	9.02e-01	4.53e-02	1.36e-04	0.00e+00	0.00e+00	0.00e+00	0.00e+00
 8.13906e+15	6.06e-02	9.04e-01	3.55e-02	8.83e-05	0.00e+00	0.00e+00	0.00e+00	0.00e+00
 8.15909e+15	6.93e-02	9.03e-01	2.72e-02	5.55e-05	0.00e+00	0.00e+00	0.00e+00	0.00e+00
 8.17448e+15	7.73e-02	9.01e-01	2.19e-02	3.79e-05	0.00e+00	0.00e+00	0.00e+00	0.00e+00
 8.18746e+15	8.48e-02	8.97e-01	1.81e-02	2.71e-05	0.00e+00	0.00e+00	0.00e+00	0.00e+00
 8.20221e+15	9.43e-02	8.91e-01	1.44e-02	1.82e-05	0.00e+00	0.00e+00	0.00e+00	0.00e+00
 8.21848e+15	1.06e-01	8.83e-01	1.11e-02	1.16e-05	0.00e+00	0.00e+00	0.00e+00	0.00e+00
 8.23297e+15	1.18e-01	8.73e-01	8.73e-03	7.67e-06	0.00e+00	0.00e+00	0.00e+00	0.00e+00
 8.24530e+15	1.29e-01	8.64e-01	7.05e-03	5.30e-06	0.00e+00	0.00e+00	0.00e+00	0.00e+00
 8.25651e+15	1.40e-01	8.54e-01	5.78e-03	3.76e-06	0.00e+00	0.00e+00	0.00e+00	0.00e+00
 8.26717e+15	1.52e-01	8.44e-01	4.76e-03	2.69e-06	0.00e+00	0.00e+00	0.00e+00	0.00e+00
 8.27729e+15	1.63e-01	8.33e-01	3.93e-03	1.94e-06	0.00e+00	0.00e+00	0.00e+00	0.00e+00
 8.28695e+15	1.75e-01	8.22e-01	3.27e-03	1.41e-06	0.00e+00	0.00e+00	0.00e+00	0.00e+00
 8.29446e+15	1.84e-01	8.13e-01	2.84e-03	1.10e-06	0.00e+00	0.00e+00	0.00e+00	0.00e+00
 8.29920e+15	1.90e-01	8.07e-01	2.59e-03	9.44e-07	0.00e+00	0.00e+00	0.00e+00	0.00e+00
 8.30346e+15	1.96e-01	8.02e-01	2.38e-03	0.00e+00	0.00e+00	0.00e+00	0.00e+00	0.00e+00
 8.30850e+15	2.03e-01	7.95e-01	2.15e-03	0.00e+00	0.00e+00	0.00e+00	0.00e+00	0.00e+00
 8.31408e+15	2.11e-01	7.87e-01	1.92e-03	0.00e+00	0.00e+00	0.00e+00	0.00e+00	0.00e+00
 8.31953e+15	2.19e-01	7.79e-01	1.71e-03	0.00e+00	0.00e+00	0.00e+00	0.00e+00	0.00e+00
 8.32462e+15	2.26e-01	7.72e-01	1.55e-03	0.00e+00	0.00e+00	0.00e+00	0.00e+00	0.00e+00
 8.32963e+15	2.34e-01	7.64e-01	1.39e-03	0.00e+00	0.00e+00	0.00e+00	0.00e+00	0.00e+00
 8.33475e+15	2.42e-01	7.57e-01	1.25e-03	0.00e+00	0.00e+00	0.00e+00	0.00e+00	0.00e+00
 8.33980e+15	2.50e-01	7.49e-01	1.12e-03	0.00e+00	0.00e+00	0.00e+00	0.00e+00	0.00e+00
 8.34477e+15	2.58e-01	7.41e-01	1.01e-03	0.00e+00	0.00e+00	0.00e+00	0.00e+00	0.00e+00
 8.34980e+15	2.66e-01	7.33e-01	9.03e-04	0.00e+00	0.00e+00	0.00e+00	0.00e+00	0.00e+00
 8.35478e+15	2.75e-01	7.24e-01	8.10e-04	0.00e+00	0.00e+00	0.00e+00	0.00e+00	0.00e+00
 8.35974e+15	2.83e-01	7.16e-01	7.26e-04	0.00e+00	0.00e+00	0.00e+00	0.00e+00	0.00e+00
 8.36465e+15	2.92e-01	7.07e-01	6.51e-04	0.00e+00	0.00e+00	0.00e+00	0.00e+00	0.00e+00
 8.36957e+15	3.01e-01	6.99e-01	5.83e-04	0.00e+00	0.00e+00	0.00e+00	0.00e+00	0.00e+00
 8.37455e+15	3.10e-01	6.90e-01	5.21e-04	0.00e+00	0.00e+00	0.00e+00	0.00e+00	0.00e+00
 8.37939e+15	3.19e-01	6.81e-01	4.66e-04	0.00e+00	0.00e+00	0.00e+00	0.00e+00	0.00e+00
 8.38417e+15	3.28e-01	6.72e-01	4.18e-04	0.00e+00	0.00e+00	0.00e+00	0.00e+00	0.00e+00
 8.38905e+15	3.37e-01	6.63e-01	3.73e-04	0.00e+00	0.00e+00	0.00e+00	0.00e+00	0.00e+00
 8.39393e+15	3.47e-01	6.53e-01	3.33e-04	0.00e+00	0.00e+00	0.00e+00	0.00e+00	0.00e+00
 8.39873e+15	3.56e-01	6.43e-01	2.98e-04	0.00e+00	0.00e+00	0.00e+00	0.00e+00	0.00e+00
 8.40358e+15	3.66e-01	6.34e-01	2.66e-04	0.00e+00	0.00e+00	0.00e+00	0.00e+00	0.00e+00
 8.40846e+15	3.76e-01	6.24e-01	2.37e-04	0.00e+00	0.00e+00	0.00e+00	0.00e+00	0.00e+00
 8.41329e+15	3.87e-01	6.13e-01	2.11e-04	0.00e+00	0.00e+00	0.00e+00	0.00e+00	0.00e+00
 8.41811e+15	3.97e-01	6.03e-01	1.88e-04	0.00e+00	0.00e+00	0.00e+00	0.00e+00	0.00e+00
 8.42300e+15	4.08e-01	5.92e-01	1.67e-04	0.00e+00	0.00e+00	0.00e+00	0.00e+00	0.00e+00
 8.42793e+15	4.19e-01	5.81e-01	1.48e-04	0.00e+00	0.00e+00	0.00e+00	0.00e+00	0.00e+00
 8.43283e+15	4.31e-01	5.69e-01	1.32e-04	0.00e+00	0.00e+00	0.00e+00	0.00e+00	0.00e+00
 8.43766e+15	4.42e-01	5.58e-01	1.17e-04	0.00e+00	0.00e+00	0.00e+00	0.00e+00	0.00e+00
 8.44243e+15	4.54e-01	5.46e-01	1.04e-04	0.00e+00	0.00e+00	0.00e+00	0.00e+00	0.00e+00
 8.44719e+15	4.66e-01	5.34e-01	9.31e-05	0.00e+00	0.00e+00	0.00e+00	0.00e+00	0.00e+00
 8.45196e+15	4.78e-01	5.22e-01	8.29e-05	0.00e+00	0.00e+00	0.00e+00	0.00e+00	0.00e+00
 8.45676e+15	4.90e-01	5.10e-01	7.38e-05	0.00e+00	0.00e+00	0.00e+00	0.00e+00	0.00e+00
 8.46158e+15	5.03e-01	4.97e-01	6.58e-05	0.00e+00	0.00e+00	0.00e+00	0.00e+00	0.00e+00
 8.46642e+15	5.17e-01	4.83e-01	5.86e-05	0.00e+00	0.00e+00	0.00e+00	0.00e+00	0.00e+00
 8.47127e+15	5.30e-01	4.70e-01	5.23e-05	0.00e+00	0.00e+00	0.00e+00	0.00e+00	0.00e+00
 8.47617e+15	5.44e-01	4.56e-01	4.66e-05	0.00e+00	0.00e+00	0.00e+00	0.00e+00	0.00e+00
 8.48119e+15	5.59e-01	4.41e-01	4.15e-05	0.00e+00	0.00e+00	0.00e+00	0.00e+00	0.00e+00
 8.48634e+15	5.73e-01	4.27e-01	3.69e-05	0.00e+00	0.00e+00	0.00e+00	0.00e+00	0.00e+00
 8.49167e+15	5.88e-01	4.12e-01	3.28e-05	0.00e+00	0.00e+00	0.00e+00	0.00e+00	0.00e+00
 8.49716e+15	6.04e-01	3.96e-01	2.91e-05	0.00e+00	0.00e+00	0.00e+00	0.00e+00	0.00e+00
 8.50283e+15	6.19e-01	3.81e-01	2.59e-05	0.00e+00	0.00e+00	0.00e+00	0.00e+00	0.00e+00
 8.50877e+15	6.36e-01	3.64e-01	2.29e-05	0.00e+00	0.00e+00	0.00e+00	0.00e+00	0.00e+00
 8.51503e+15	6.53e-01	3.47e-01	2.02e-05	0.00e+00	0.00e+00	0.00e+00	0.00e+00	0.00e+00
 8.52165e+15	6.72e-01	3.28e-01	1.78e-05	0.00e+00	0.00e+00	0.00e+00	0.00e+00	0.00e+00
 8.52867e+15	6.89e-01	3.11e-01	1.57e-05	0.00e+00	0.00e+00	0.00e+00	0.00e+00	0.00e+00
 8.53556e+15	7.04e-01	2.96e-01	1.41e-05	0.00e+00	0.00e+00	0.00e+00	0.00e+00	0.00e+00
 8.54216e+15	7.18e-01	2.82e-01	1.27e-05	0.00e+00	0.00e+00	0.00e+00	0.00e+00	0.00e+00
 8.54897e+15	7.32e-01	2.68e-01	1.15e-05	0.00e+00	0.00e+00	0.00e+00	0.00e+00	0.00e+00
 8.55621e+15	7.45e-01	2.55e-01	1.04e-05	0.00e+00	0.00e+00	0.00e+00	0.00e+00	0.00e+00
 8.56395e+15	7.58e-01	2.42e-01	9.46e-06	0.00e+00	0.00e+00	0.00e+00	0.00e+00	0.00e+00
 8.57218e+15	7.70e-01	2.30e-01	8.61e-06	0.00e+00	0.00e+00	0.00e+00	0.00e+00	0.00e+00
 8.58100e+15	7.81e-01	2.19e-01	7.85e-06	0.00e+00	0.00e+00	0.00e+00	0.00e+00	0.00e+00
 8.59051e+15	7.94e-01	2.06e-01	7.13e-06	0.00e+00	0.00e+00	0.00e+00	0.00e+00	0.00e+00
 8.60101e+15	8.03e-01	1.97e-01	6.53e-06	0.00e+00	0.00e+00	0.00e+00	0.00e+00	0.00e+00
 8.61227e+15	8.15e-01	1.85e-01	5.93e-06	0.00e+00	0.00e+00	0.00e+00	0.00e+00	0.00e+00
 8.62428e+15	8.24e-01	1.76e-01	5.45e-06	0.00e+00	0.00e+00	0.00e+00	0.00e+00	0.00e+00
 8.63715e+15	8.34e-01	1.66e-01	4.95e-06	0.00e+00	0.00e+00	0.00e+00	0.00e+00	0.00e+00
 8.65090e+15	8.43e-01	1.57e-01	4.54e-06	0.00e+00	0.00e+00	0.00e+00	0.00e+00	0.00e+00
 8.66535e+15	8.52e-01	1.48e-01	4.12e-06	0.00e+00	0.00e+00	0.00e+00	0.00e+00	0.00e+00
 8.68029e+15	8.60e-01	1.40e-01	3.77e-06	0.00e+00	0.00e+00	0.00e+00	0.00e+00	0.00e+00
 8.69556e+15	8.69e-01	1.31e-01	3.42e-06	0.00e+00	0.00e+00	0.00e+00	0.00e+00	0.00e+00
 8.71097e+15	8.77e-01	1.23e-01	3.12e-06	0.00e+00	0.00e+00	0.00e+00	0.00e+00	0.00e+00
 8.72677e+15	8.84e-01	1.16e-01	2.83e-06	0.00e+00	0.00e+00	0.00e+00	0.00e+00	0.00e+00
 8.74249e+15	8.91e-01	1.09e-01	2.58e-06	0.00e+00	0.00e+00	0.00e+00	0.00e+00	0.00e+00
 8.75775e+15	8.98e-01	1.02e-01	2.35e-06	0.00e+00	0.00e+00	0.00e+00	0.00e+00	0.00e+00
 8.77271e+15	9.04e-01	9.59e-02	2.15e-06	0.00e+00	0.00e+00	0.00e+00	0.00e+00	0.00e+00
 8.78744e+15	9.10e-01	9.02e-02	1.96e-06	0.00e+00	0.00e+00	0.00e+00	0.00e+00	0.00e+00
 8.80205e+15	9.15e-01	8.47e-02	1.79e-06	0.00e+00	0.00e+00	0.00e+00	0.00e+00	0.00e+00
 8.81661e+15	9.20e-01	7.96e-02	1.64e-06	0.00e+00	0.00e+00	0.00e+00	0.00e+00	0.00e+00
 8.83104e+15	9.25e-01	7.48e-02	1.50e-06	0.00e+00	0.00e+00	0.00e+00	0.00e+00	0.00e+00
 8.84524e+15	9.30e-01	7.03e-02	1.37e-06	0.00e+00	0.00e+00	0.00e+00	0.00e+00	0.00e+00
 8.85922e+15	9.34e-01	6.61e-02	1.26e-06	0.00e+00	0.00e+00	0.00e+00	0.00e+00	0.00e+00
 8.87303e+15	9.38e-01	6.22e-02	1.15e-06	0.00e+00	0.00e+00	0.00e+00	0.00e+00	0.00e+00
 8.88664e+15	9.41e-01	5.86e-02	1.06e-06	0.00e+00	0.00e+00	0.00e+00	0.00e+00	0.00e+00
 8.90006e+15	9.45e-01	5.51e-02	9.73e-07	0.00e+00	0.00e+00	0.00e+00	0.00e+00	0.00e+00
 8.91342e+15	9.48e-01	5.19e-02	8.95e-07	0.00e+00	0.00e+00	0.00e+00	0.00e+00	0.00e+00
 8.92671e+15	9.51e-01	4.89e-02	8.23e-07	0.00e+00	0.00e+00	0.00e+00	0.00e+00	0.00e+00
 8.93990e+15	9.54e-01	4.61e-02	7.58e-07	0.00e+00	0.00e+00	0.00e+00	0.00e+00	0.00e+00
 8.95298e+15	9.57e-01	4.35e-02	6.99e-07	0.00e+00	0.00e+00	0.00e+00	0.00e+00	0.00e+00
 8.96598e+15	9.59e-01	4.10e-02	6.44e-07	0.00e+00	0.00e+00	0.00e+00	0.00e+00	0.00e+00
 8.97892e+15	9.61e-01	3.87e-02	5.94e-07	0.00e+00	0.00e+00	0.00e+00	0.00e+00	0.00e+00
 8.99184e+15	9.63e-01	3.65e-02	5.48e-07	0.00e+00	0.00e+00	0.00e+00	0.00e+00	0.00e+00
 9.00474e+15	9.66e-01	3.45e-02	5.06e-07	0.00e+00	0.00e+00	0.00e+00	0.00e+00	0.00e+00
 9.01764e+15	9.67e-01	3.25e-02	4.68e-07	0.00e+00	0.00e+00	0.00e+00	0.00e+00	0.00e+00
 9.03059e+15	9.69e-01	3.07e-02	4.32e-07	0.00e+00	0.00e+00	0.00e+00	0.00e+00	0.00e+00
 9.04369e+15	9.71e-01	2.90e-02	3.99e-07	0.00e+00	0.00e+00	0.00e+00	0.00e+00	0.00e+00
 9.05713e+15	9.73e-01	2.74e-02	3.68e-07	0.00e+00	0.00e+00	0.00e+00	0.00e+00	0.00e+00
 9.07092e+15	9.74e-01	2.58e-02	3.39e-07	0.00e+00	0.00e+00	0.00e+00	0.00e+00	0.00e+00
 9.08498e+15	9.76e-01	2.43e-02	3.12e-07	0.00e+00	0.00e+00	0.00e+00	0.00e+00	0.00e+00
 9.09934e+15	9.77e-01	2.29e-02	2.87e-07	0.00e+00	0.00e+00	0.00e+00	0.00e+00	0.00e+00
 9.11417e+15	9.79e-01	2.15e-02	2.63e-07	0.00e+00	0.00e+00	0.00e+00	0.00e+00	0.00e+00
 9.12963e+15	9.80e-01	2.02e-02	2.41e-07	0.00e+00	0.00e+00	0.00e+00	0.00e+00	0.00e+00
 9.14593e+15	9.81e-01	1.89e-02	2.20e-07	0.00e+00	0.00e+00	0.00e+00	0.00e+00	0.00e+00
 9.16363e+15	9.82e-01	1.76e-02	1.99e-07	0.00e+00	0.00e+00	0.00e+00	0.00e+00	0.00e+00
 9.18274e+15	9.84e-01	1.64e-02	1.80e-07	0.00e+00	0.00e+00	0.00e+00	0.00e+00	0.00e+00
 9.20367e+15	9.85e-01	1.51e-02	1.60e-07	0.00e+00	0.00e+00	0.00e+00	0.00e+00	0.00e+00
 9.22793e+15	9.86e-01	1.38e-02	1.42e-07	0.00e+00	0.00e+00	0.00e+00	0.00e+00	0.00e+00
 9.25460e+15	9.87e-01	1.27e-02	1.24e-07	0.00e+00	0.00e+00	0.00e+00	0.00e+00	0.00e+00
 9.28043e+15	9.88e-01	1.17e-02	1.10e-07	0.00e+00	0.00e+00	0.00e+00	0.00e+00	0.00e+00
 9.30393e+15	9.89e-01	1.09e-02	9.93e-08	0.00e+00	0.00e+00	0.00e+00	0.00e+00	0.00e+00
 9.32532e+15	9.90e-01	1.02e-02	9.06e-08	0.00e+00	0.00e+00	0.00e+00	0.00e+00	0.00e+00
 9.34478e+15	9.90e-01	9.72e-03	8.36e-08	0.00e+00	0.00e+00	0.00e+00	0.00e+00	0.00e+00
