#depth	C	C+	C+2	C+3	C+4	C+5	C+6	C[1]	C[2]	C[3]	C+[1]	C+[2]	CO
 1.49634e+10	0.00e+00	7.79e-28	3.63e-19	4.89e-11	2.27e-02	9.35e-01	4.21e-02	0.00e+00	0.00e+00	0.00e+00	0.00e+00	0.00e+00	0.00e+00
 4.54887e+10	2.25e-37	1.13e-27	4.81e-19	5.92e-11	2.51e-02	9.36e-01	3.85e-02	0.00e+00	0.00e+00	0.00e+00	0.00e+00	0.00e+00	1.39e-122
 7.72350e+10	0.00e+00	1.63e-27	6.40e-19	7.18e-11	2.78e-02	9.37e-01	3.52e-02	0.00e+00	0.00e+00	0.00e+00	0.00e+00	0.00e+00	0.00e+00
 1.10251e+11	5.67e-37	2.37e-27	8.51e-19	8.70e-11	3.07e-02	9.37e-01	3.21e-02	0.00e+00	0.00e+00	0.00e+00	0.00e+00	0.00e+00	1.59e-121
 1.43541e+11	0.00e+00	3.41e-27	1.12e-18	1.05e-10	3.38e-02	9.37e-01	2.93e-02	0.00e+00	0.00e+00	0.00e+00	0.00e+00	0.00e+00	0.00e+00
 1.78162e+11	1.40e-36	4.90e-27	1.48e-18	1.27e-10	3.73e-02	9.36e-01	2.68e-02	0.00e+00	0.00e+00	0.00e+00	0.00e+00	0.00e+00	1.69e-120
 2.13848e+11	0.00e+00	7.03e-27	1.96e-18	1.53e-10	4.11e-02	9.34e-01	2.44e-02	0.00e+00	0.00e+00	0.00e+00	0.00e+00	0.00e+00	0.00e+00
 2.48786e+11	3.34e-36	9.89e-27	2.54e-18	1.82e-10	4.50e-02	9.33e-01	2.24e-02	0.00e+00	0.00e+00	0.00e+00	0.00e+00	0.00e+00	1.67e-119
 2.86489e+11	0.00e+00	1.41e-26	3.34e-18	2.19e-10	4.94e-02	9.30e-01	2.04e-02	0.00e+00	0.00e+00	0.00e+00	0.00e+00	0.00e+00	0.00e+00
 3.27875e+11	8.28e-36	2.05e-26	4.46e-18	2.66e-10	5.45e-02	9.27e-01	1.85e-02	0.00e+00	0.00e+00	0.00e+00	0.00e+00	0.00e+00	1.81e-118
 3.70917e+11	0.00e+00	2.99e-26	5.95e-18	3.23e-10	6.01e-02	9.23e-01	1.68e-02	0.00e+00	0.00e+00	0.00e+00	0.00e+00	0.00e+00	0.00e+00
 4.15681e+11	2.11e-35	4.36e-26	7.95e-18	3.92e-10	6.63e-02	9.19e-01	1.52e-02	0.00e+00	0.00e+00	0.00e+00	0.00e+00	0.00e+00	2.09e-117
 4.62235e+11	0.00e+00	6.35e-26	1.06e-17	4.76e-10	7.31e-02	9.13e-01	1.37e-02	0.00e+00	0.00e+00	0.00e+00	0.00e+00	0.00e+00	0.00e+00
 5.04295e+11	5.04e-35	8.81e-26	1.37e-17	5.64e-10	7.95e-02	9.08e-01	1.25e-02	0.00e+00	0.00e+00	0.00e+00	0.00e+00	0.00e+00	2.05e-116
 5.39262e+11	6.99e-35	1.15e-25	1.68e-17	6.46e-10	8.50e-02	9.03e-01	1.16e-02	0.00e+00	0.00e+00	0.00e+00	0.00e+00	0.00e+00	3.46e-98
 5.77536e+11	9.88e-35	1.51e-25	2.08e-17	7.47e-10	9.13e-02	8.98e-01	1.07e-02	0.00e+00	0.00e+00	0.00e+00	0.00e+00	0.00e+00	0.00e+00
 6.26115e+11	1.51e-34	2.13e-25	2.71e-17	8.92e-10	9.96e-02	8.91e-01	9.74e-03	0.00e+00	0.00e+00	0.00e+00	0.00e+00	0.00e+00	3.63e-115
 6.76847e+11	2.32e-34	3.01e-25	3.54e-17	1.07e-09	1.09e-01	8.83e-01	8.81e-03	0.00e+00	0.00e+00	0.00e+00	0.00e+00	0.00e+00	4.78e-97
 7.21707e+11	3.33e-34	4.04e-25	4.44e-17	1.24e-09	1.17e-01	8.75e-01	8.08e-03	0.00e+00	0.00e+00	0.00e+00	0.00e+00	0.00e+00	0.00e+00
 7.63294e+11	4.61e-34	5.25e-25	5.45e-17	1.42e-09	1.25e-01	8.68e-01	7.47e-03	0.00e+00	0.00e+00	0.00e+00	0.00e+00	0.00e+00	6.75e-114
 8.10469e+11	6.57e-34	7.00e-25	6.81e-17	1.65e-09	1.34e-01	8.59e-01	6.84e-03	0.00e+00	0.00e+00	0.00e+00	0.00e+00	0.00e+00	4.68e-96
 8.68839e+11	1.00e-33	9.86e-25	8.89e-17	1.97e-09	1.46e-01	8.48e-01	6.15e-03	0.00e+00	0.00e+00	0.00e+00	0.00e+00	0.00e+00	0.00e+00
 9.27078e+11	1.51e-33	1.37e-24	1.15e-16	2.34e-09	1.58e-01	8.37e-01	5.55e-03	0.00e+00	0.00e+00	0.00e+00	0.00e+00	0.00e+00	1.52e-112
 9.77124e+11	2.10e-33	1.79e-24	1.42e-16	2.69e-09	1.68e-01	8.26e-01	5.09e-03	0.00e+00	0.00e+00	0.00e+00	0.00e+00	0.00e+00	5.88e-95
 1.03120e+12	2.97e-33	2.37e-24	1.76e-16	3.11e-09	1.80e-01	8.15e-01	4.64e-03	0.00e+00	0.00e+00	0.00e+00	0.00e+00	0.00e+00	9.20e-112
 1.09797e+12	4.48e-33	3.31e-24	2.29e-16	3.70e-09	1.95e-01	8.01e-01	4.16e-03	0.00e+00	0.00e+00	0.00e+00	0.00e+00	0.00e+00	3.07e-94
 1.16653e+12	6.69e-33	4.58e-24	2.95e-16	4.39e-09	2.10e-01	7.86e-01	3.72e-03	0.00e+00	0.00e+00	0.00e+00	0.00e+00	0.00e+00	7.99e-111
 1.22872e+12	9.48e-33	6.08e-24	3.68e-16	5.08e-09	2.24e-01	7.72e-01	3.37e-03	0.00e+00	0.00e+00	0.00e+00	0.00e+00	0.00e+00	1.58e-93
 1.29732e+12	1.37e-32	8.19e-24	4.64e-16	5.92e-09	2.40e-01	7.57e-01	3.04e-03	0.00e+00	0.00e+00	0.00e+00	0.00e+00	0.00e+00	5.44e-110
 1.37779e+12	2.07e-32	1.14e-23	6.03e-16	7.04e-09	2.59e-01	7.38e-01	2.69e-03	0.00e+00	0.00e+00	0.00e+00	0.00e+00	0.00e+00	8.72e-93
 1.45808e+12	3.05e-32	1.57e-23	7.72e-16	8.29e-09	2.78e-01	7.20e-01	2.39e-03	0.00e+00	0.00e+00	0.00e+00	0.00e+00	0.00e+00	4.75e-109
 1.53466e+12	4.35e-32	2.09e-23	9.66e-16	9.61e-09	2.95e-01	7.02e-01	2.14e-03	0.00e+00	0.00e+00	0.00e+00	0.00e+00	0.00e+00	4.50e-92
 1.61906e+12	6.31e-32	2.83e-23	1.22e-15	1.12e-08	3.15e-01	6.83e-01	1.91e-03	0.00e+00	0.00e+00	0.00e+00	0.00e+00	0.00e+00	3.46e-108
 1.71375e+12	9.40e-32	3.90e-23	1.57e-15	1.32e-08	3.37e-01	6.62e-01	1.68e-03	0.00e+00	0.00e+00	0.00e+00	0.00e+00	0.00e+00	2.48e-91
 1.79904e+12	1.32e-31	5.14e-23	1.95e-15	1.52e-08	3.56e-01	6.42e-01	1.50e-03	0.00e+00	0.00e+00	0.00e+00	0.00e+00	0.00e+00	2.65e-107
 1.86958e+12	1.73e-31	6.40e-23	2.31e-15	1.70e-08	3.72e-01	6.27e-01	1.37e-03	0.00e+00	0.00e+00	0.00e+00	0.00e+00	0.00e+00	9.73e-91
 1.94666e+12	2.30e-31	8.05e-23	2.77e-15	1.91e-08	3.89e-01	6.10e-01	1.24e-03	0.00e+00	0.00e+00	0.00e+00	0.00e+00	0.00e+00	1.24e-106
 2.04500e+12	3.25e-31	1.07e-22	3.45e-15	2.20e-08	4.10e-01	5.89e-01	1.10e-03	0.00e+00	0.00e+00	0.00e+00	0.00e+00	0.00e+00	4.04e-90
 2.14428e+12	4.55e-31	1.40e-22	4.25e-15	2.52e-08	4.31e-01	5.68e-01	9.71e-04	0.00e+00	0.00e+00	0.00e+00	0.00e+00	0.00e+00	8.48e-106
 2.22666e+12	5.93e-31	1.73e-22	5.03e-15	2.80e-08	4.48e-01	5.51e-01	8.80e-04	0.00e+00	0.00e+00	0.00e+00	0.00e+00	0.00e+00	1.58e-89
 2.31375e+12	7.77e-31	2.16e-22	5.95e-15	3.12e-08	4.66e-01	5.34e-01	7.96e-04	0.00e+00	0.00e+00	0.00e+00	0.00e+00	0.00e+00	3.91e-105
 2.42520e+12	1.08e-30	2.82e-22	7.32e-15	3.56e-08	4.87e-01	5.12e-01	7.01e-04	0.00e+00	0.00e+00	0.00e+00	0.00e+00	0.00e+00	6.28e-89
 2.54191e+12	1.51e-30	3.68e-22	9.01e-15	4.06e-08	5.09e-01	4.90e-01	6.15e-04	0.00e+00	0.00e+00	0.00e+00	0.00e+00	0.00e+00	2.64e-104
 2.64444e+12	1.99e-30	4.61e-22	1.07e-14	4.53e-08	5.28e-01	4.72e-01	5.51e-04	0.00e+00	0.00e+00	0.00e+00	0.00e+00	0.00e+00	2.57e-88
 2.75495e+12	2.66e-30	5.81e-22	1.28e-14	5.07e-08	5.47e-01	4.53e-01	4.90e-04	0.00e+00	0.00e+00	0.00e+00	0.00e+00	0.00e+00	1.38e-103
 2.87729e+12	3.61e-30	7.43e-22	1.55e-14	5.70e-08	5.67e-01	4.32e-01	4.31e-04	0.00e+00	0.00e+00	0.00e+00	0.00e+00	0.00e+00	1.03e-87
 2.99050e+12	4.73e-30	9.24e-22	1.83e-14	6.33e-08	5.85e-01	4.15e-01	3.85e-04	0.00e+00	0.00e+00	0.00e+00	0.00e+00	0.00e+00	7.53e-103
 3.11319e+12	6.27e-30	1.16e-21	2.18e-14	7.05e-08	6.03e-01	3.96e-01	3.41e-04	0.00e+00	0.00e+00	0.00e+00	0.00e+00	0.00e+00	3.80e-87
 3.24970e+12	8.47e-30	1.48e-21	2.62e-14	7.90e-08	6.23e-01	3.77e-01	2.99e-04	0.00e+00	0.00e+00	0.00e+00	0.00e+00	0.00e+00	4.28e-102
 3.37711e+12	1.11e-29	1.83e-21	3.09e-14	8.74e-08	6.40e-01	3.60e-01	2.65e-04	0.00e+00	0.00e+00	0.00e+00	0.00e+00	0.00e+00	1.47e-86
 3.51570e+12	1.47e-29	2.29e-21	3.67e-14	9.71e-08	6.58e-01	3.42e-01	2.33e-04	0.00e+00	0.00e+00	0.00e+00	0.00e+00	0.00e+00	2.25e-101
 3.66980e+12	1.98e-29	2.91e-21	4.40e-14	1.08e-07	6.76e-01	3.23e-01	2.03e-04	0.00e+00	0.00e+00	0.00e+00	0.00e+00	0.00e+00	5.96e-86
 3.81376e+12	2.59e-29	3.61e-21	5.18e-14	1.20e-07	6.92e-01	3.07e-01	1.79e-04	0.00e+00	0.00e+00	0.00e+00	0.00e+00	0.00e+00	1.27e-100
 3.97062e+12	3.43e-29	4.51e-21	6.13e-14	1.32e-07	7.09e-01	2.91e-01	1.57e-04	0.00e+00	0.00e+00	0.00e+00	0.00e+00	0.00e+00	2.27e-85
 4.14578e+12	4.63e-29	5.73e-21	7.34e-14	1.48e-07	7.26e-01	2.74e-01	1.36e-04	0.00e+00	0.00e+00	0.00e+00	0.00e+00	0.00e+00	7.56e-100
 4.31063e+12	6.07e-29	7.11e-21	8.64e-14	1.63e-07	7.41e-01	2.59e-01	1.19e-04	0.00e+00	0.00e+00	0.00e+00	0.00e+00	0.00e+00	9.24e-85
 4.49080e+12	8.07e-29	8.91e-21	1.02e-13	1.80e-07	7.56e-01	2.44e-01	1.04e-04	0.00e+00	0.00e+00	0.00e+00	0.00e+00	0.00e+00	4.26e-99
 4.69252e+12	1.09e-28	1.13e-20	1.23e-13	2.00e-07	7.72e-01	2.28e-01	8.91e-05	0.00e+00	0.00e+00	0.00e+00	0.00e+00	0.00e+00	4.00e-84
 4.88352e+12	1.44e-28	1.41e-20	1.45e-13	2.20e-07	7.85e-01	2.15e-01	7.76e-05	0.00e+00	0.00e+00	0.00e+00	0.00e+00	0.00e+00	2.64e-98
 5.08910e+12	1.92e-28	1.77e-20	1.71e-13	2.43e-07	7.98e-01	2.02e-01	6.71e-05	0.00e+00	0.00e+00	0.00e+00	0.00e+00	0.00e+00	1.66e-83
 5.32259e+12	2.62e-28	2.27e-20	2.05e-13	2.70e-07	8.12e-01	1.88e-01	5.72e-05	0.00e+00	0.00e+00	0.00e+00	0.00e+00	0.00e+00	1.76e-97
 5.55236e+12	3.52e-28	2.86e-20	2.44e-13	2.98e-07	8.25e-01	1.75e-01	4.92e-05	0.00e+00	0.00e+00	0.00e+00	0.00e+00	0.00e+00	7.70e-83
 5.79133e+12	4.71e-28	3.60e-20	2.89e-13	3.28e-07	8.36e-01	1.64e-01	4.23e-05	0.00e+00	0.00e+00	0.00e+00	0.00e+00	0.00e+00	1.14e-96
 6.05290e+12	6.41e-28	4.58e-20	3.45e-13	3.63e-07	8.48e-01	1.52e-01	3.60e-05	0.00e+00	0.00e+00	0.00e+00	0.00e+00	0.00e+00	3.62e-82
 6.32495e+12	8.73e-28	5.84e-20	4.11e-13	4.01e-07	8.59e-01	1.41e-01	3.07e-05	0.00e+00	0.00e+00	0.00e+00	0.00e+00	0.00e+00	8.30e-96
 6.60787e+12	1.18e-27	7.41e-20	4.90e-13	4.43e-07	8.69e-01	1.31e-01	2.61e-05	0.00e+00	0.00e+00	0.00e+00	0.00e+00	0.00e+00	1.77e-81
 6.87365e+12	1.56e-27	9.20e-20	5.73e-13	4.83e-07	8.78e-01	1.22e-01	2.26e-05	0.00e+00	0.00e+00	0.00e+00	0.00e+00	0.00e+00	5.44e-95
 7.09130e+12	1.95e-27	1.09e-19	6.48e-13	5.18e-07	8.84e-01	1.16e-01	2.01e-05	0.00e+00	0.00e+00	0.00e+00	0.00e+00	0.00e+00	6.52e-81
 7.31236e+12	2.42e-27	1.29e-19	7.31e-13	5.53e-07	8.90e-01	1.10e-01	1.80e-05	0.00e+00	0.00e+00	0.00e+00	0.00e+00	0.00e+00	2.24e-94
 7.59972e+12	3.18e-27	1.60e-19	8.51e-13	6.01e-07	8.97e-01	1.03e-01	1.56e-05	0.00e+00	0.00e+00	0.00e+00	0.00e+00	0.00e+00	2.40e-80
 7.90104e+12	4.17e-27	1.98e-19	9.93e-13	6.55e-07	9.04e-01	9.59e-02	1.35e-05	0.00e+00	0.00e+00	0.00e+00	0.00e+00	0.00e+00	1.33e-93
 8.15719e+12	5.25e-27	2.36e-19	1.13e-12	7.01e-07	9.09e-01	9.06e-02	1.20e-05	0.00e+00	0.00e+00	0.00e+00	0.00e+00	0.00e+00	9.00e-80
 8.42688e+12	6.63e-27	2.83e-19	1.28e-12	7.51e-07	9.14e-01	8.55e-02	1.06e-05	0.00e+00	0.00e+00	0.00e+00	0.00e+00	0.00e+00	5.97e-93
 8.76586e+12	8.81e-27	3.52e-19	1.49e-12	8.16e-07	9.20e-01	7.98e-02	9.16e-06	0.00e+00	0.00e+00	0.00e+00	0.00e+00	0.00e+00	3.60e-79
 9.11104e+12	1.16e-26	4.35e-19	1.74e-12	8.87e-07	9.26e-01	7.43e-02	7.90e-06	0.00e+00	0.00e+00	0.00e+00	0.00e+00	0.00e+00	3.70e-92
 9.40531e+12	1.46e-26	5.20e-19	1.96e-12	9.47e-07	9.30e-01	7.02e-02	7.02e-06	0.00e+00	0.00e+00	0.00e+00	0.00e+00	0.00e+00	1.39e-78
 9.71729e+12	1.85e-26	6.24e-19	2.23e-12	1.01e-06	9.34e-01	6.62e-02	6.21e-06	0.00e+00	0.00e+00	0.00e+00	0.00e+00	0.00e+00	1.70e-91
 1.01065e+13	2.47e-26	7.78e-19	2.60e-12	1.10e-06	9.38e-01	6.16e-02	5.37e-06	0.00e+00	0.00e+00	0.00e+00	0.00e+00	0.00e+00	5.75e-78
 1.05064e+13	3.27e-26	9.65e-19	3.02e-12	1.19e-06	9.43e-01	5.74e-02	4.63e-06	0.00e+00	0.00e+00	0.00e+00	0.00e+00	0.00e+00	1.09e-90
 1.08585e+13	4.17e-26	1.16e-18	3.43e-12	1.27e-06	9.46e-01	5.40e-02	4.09e-06	0.00e+00	0.00e+00	0.00e+00	0.00e+00	0.00e+00	2.36e-77
 1.12379e+13	5.38e-26	1.41e-18	3.92e-12	1.37e-06	9.49e-01	5.07e-02	3.60e-06	0.00e+00	0.00e+00	0.00e+00	0.00e+00	0.00e+00	5.50e-90
 1.16964e+13	7.24e-26	1.77e-18	4.58e-12	1.48e-06	9.53e-01	4.72e-02	3.10e-06	0.00e+00	0.00e+00	0.00e+00	0.00e+00	0.00e+00	1.06e-76
 1.21586e+13	9.63e-26	2.20e-18	5.32e-12	1.60e-06	9.56e-01	4.39e-02	2.67e-06	0.00e+00	0.00e+00	0.00e+00	0.00e+00	0.00e+00	2.29e-76
 1.25783e+13	1.24e-25	2.66e-18	6.07e-12	1.71e-06	9.59e-01	4.12e-02	2.35e-06	0.00e+00	0.00e+00	0.00e+00	0.00e+00	0.00e+00	4.58e-76
 1.30417e+13	1.63e-25	3.27e-18	6.98e-12	1.84e-06	9.61e-01	3.86e-02	2.05e-06	0.00e+00	0.00e+00	0.00e+00	0.00e+00	0.00e+00	9.64e-76
 1.35847e+13	2.22e-25	4.14e-18	8.17e-12	2.00e-06	9.64e-01	3.58e-02	1.76e-06	0.00e+00	0.00e+00	0.00e+00	0.00e+00	0.00e+00	2.24e-75
 1.41256e+13	2.97e-25	5.16e-18	9.51e-12	2.16e-06	9.67e-01	3.33e-02	1.52e-06	0.00e+00	0.00e+00	0.00e+00	0.00e+00	0.00e+00	4.95e-75
 1.46384e+13	3.90e-25	6.33e-18	1.09e-11	2.31e-06	9.69e-01	3.12e-02	1.33e-06	0.00e+00	0.00e+00	0.00e+00	0.00e+00	0.00e+00	1.04e-74
 1.52041e+13	5.21e-25	7.88e-18	1.26e-11	2.49e-06	9.71e-01	2.91e-02	1.15e-06	0.00e+00	0.00e+00	0.00e+00	0.00e+00	0.00e+00	2.32e-74
 1.58422e+13	7.10e-25	9.96e-18	1.48e-11	2.70e-06	9.73e-01	2.69e-02	9.87e-07	0.00e+00	0.00e+00	0.00e+00	0.00e+00	0.00e+00	5.40e-74
 1.64848e+13	9.63e-25	1.25e-17	1.73e-11	2.92e-06	9.75e-01	2.50e-02	0.00e+00	0.00e+00	0.00e+00	0.00e+00	0.00e+00	0.00e+00	1.25e-73
 1.71532e+13	1.31e-24	1.58e-17	2.01e-11	3.16e-06	9.77e-01	2.32e-02	0.00e+00	0.00e+00	0.00e+00	0.00e+00	0.00e+00	0.00e+00	2.90e-73
 1.78692e+13	1.79e-24	2.00e-17	2.36e-11	3.42e-06	9.78e-01	2.15e-02	0.00e+00	0.00e+00	0.00e+00	0.00e+00	0.00e+00	0.00e+00	6.87e-73
 1.86139e+13	2.45e-24	2.53e-17	2.76e-11	3.70e-06	9.80e-01	1.99e-02	0.00e+00	0.00e+00	0.00e+00	0.00e+00	0.00e+00	0.00e+00	1.63e-72
 1.93361e+13	3.27e-24	3.15e-17	3.20e-11	3.99e-06	9.81e-01	1.85e-02	0.00e+00	0.00e+00	0.00e+00	0.00e+00	0.00e+00	0.00e+00	3.60e-72
 2.00168e+13	4.28e-24	3.85e-17	3.66e-11	4.26e-06	9.83e-01	1.74e-02	0.00e+00	0.00e+00	0.00e+00	0.00e+00	0.00e+00	0.00e+00	7.54e-72
 2.06610e+13	5.47e-24	4.63e-17	4.14e-11	4.53e-06	9.84e-01	1.64e-02	0.00e+00	0.00e+00	0.00e+00	0.00e+00	1.49e-17	3.13e-17	1.49e-71
 2.13649e+13	7.08e-24	5.62e-17	4.71e-11	4.84e-06	9.85e-01	1.54e-02	0.00e+00	0.00e+00	0.00e+00	0.00e+00	1.87e-17	3.76e-17	3.03e-71
 2.21470e+13	9.31e-24	6.91e-17	5.42e-11	5.19e-06	9.86e-01	1.44e-02	0.00e+00	0.00e+00	0.00e+00	0.00e+00	2.29e-17	4.61e-17	6.41e-71
 2.28785e+13	1.20e-23	8.34e-17	6.15e-11	5.53e-06	9.86e-01	1.35e-02	0.00e+00	0.00e+00	0.00e+00	0.00e+00	2.77e-17	5.57e-17	1.29e-70
 2.36769e+13	1.57e-23	1.02e-16	7.02e-11	5.91e-06	9.87e-01	1.27e-02	0.00e+00	0.00e+00	0.00e+00	0.00e+00	3.39e-17	6.82e-17	2.69e-70
 2.46258e+13	2.12e-23	1.28e-16	8.18e-11	6.38e-06	9.88e-01	1.17e-02	0.00e+00	0.00e+00	0.00e+00	0.00e+00	4.25e-17	8.56e-17	6.20e-70
 2.55607e+13	2.81e-23	1.59e-16	9.47e-11	6.87e-06	9.89e-01	1.09e-02	0.00e+00	0.00e+00	0.00e+00	0.00e+00	5.26e-17	1.06e-16	1.34e-69
 2.64106e+13	3.62e-23	1.92e-16	1.07e-10	7.32e-06	9.90e-01	1.03e-02	0.00e+00	0.00e+00	0.00e+00	0.00e+00	6.37e-17	1.28e-16	2.70e-69
 2.73596e+13	4.77e-23	2.36e-16	1.23e-10	7.84e-06	9.90e-01	9.59e-03	0.00e+00	0.00e+00	0.00e+00	0.00e+00	7.83e-17	1.58e-16	5.78e-69
 2.84689e+13	6.44e-23	2.96e-16	1.44e-10	8.48e-06	9.91e-01	8.88e-03	0.00e+00	0.00e+00	0.00e+00	0.00e+00	9.83e-17	1.98e-16	1.32e-68
 2.95852e+13	8.69e-23	3.71e-16	1.67e-10	9.14e-06	9.92e-01	8.25e-03	0.00e+00	0.00e+00	0.00e+00	0.00e+00	1.23e-16	2.48e-16	3.02e-68
 3.05927e+13	1.11e-22	4.49e-16	1.91e-10	9.78e-06	9.92e-01	7.72e-03	0.00e+00	0.00e+00	0.00e+00	0.00e+00	1.49e-16	3.00e-16	5.96e-68
 3.15179e+13	1.41e-22	5.34e-16	2.15e-10	1.04e-05	9.93e-01	7.29e-03	0.00e+00	0.00e+00	0.00e+00	0.00e+00	1.77e-16	3.56e-16	1.13e-67
 3.25787e+13	1.81e-22	6.46e-16	2.45e-10	1.11e-05	9.93e-01	6.83e-03	0.00e+00	0.00e+00	0.00e+00	0.00e+00	2.14e-16	4.31e-16	2.26e-67
 3.38568e+13	2.42e-22	8.06e-16	2.84e-10	1.19e-05	9.94e-01	6.33e-03	0.00e+00	0.00e+00	0.00e+00	0.00e+00	2.67e-16	5.39e-16	5.05e-67
 3.51245e+13	3.21e-22	9.97e-16	3.29e-10	1.28e-05	9.94e-01	5.89e-03	0.00e+00	0.00e+00	0.00e+00	0.00e+00	3.31e-16	6.66e-16	1.09e-66
 3.62553e+13	4.09e-22	1.20e-15	3.72e-10	1.37e-05	9.94e-01	5.54e-03	0.00e+00	0.00e+00	0.00e+00	0.00e+00	3.98e-16	8.02e-16	2.15e-66
 3.75009e+13	5.26e-22	1.45e-15	4.26e-10	1.46e-05	9.95e-01	5.18e-03	0.00e+00	0.00e+00	0.00e+00	0.00e+00	4.82e-16	9.70e-16	4.26e-66
 3.89840e+13	7.10e-22	1.82e-15	4.96e-10	1.58e-05	9.95e-01	4.80e-03	0.00e+00	0.00e+00	0.00e+00	0.00e+00	6.05e-16	1.22e-15	9.78e-66
 4.04546e+13	9.34e-22	2.25e-15	5.74e-10	1.70e-05	9.96e-01	4.46e-03	0.00e+00	0.00e+00	0.00e+00	0.00e+00	7.45e-16	1.50e-15	2.06e-65
 4.17951e+13	1.20e-21	2.72e-15	6.53e-10	1.82e-05	9.96e-01	4.18e-03	0.00e+00	0.00e+00	0.00e+00	0.00e+00	9.02e-16	1.82e-15	4.14e-65
 4.32880e+13	1.55e-21	3.31e-15	7.50e-10	1.95e-05	9.96e-01	3.90e-03	0.00e+00	0.00e+00	0.00e+00	0.00e+00	1.10e-15	2.21e-15	8.37e-65
 4.50294e+13	2.10e-21	4.17e-15	8.77e-10	2.11e-05	9.96e-01	3.61e-03	0.00e+00	0.00e+00	0.00e+00	0.00e+00	1.38e-15	2.79e-15	1.94e-64
 4.67431e+13	2.76e-21	5.13e-15	1.02e-09	2.28e-05	9.97e-01	3.34e-03	0.00e+00	0.00e+00	0.00e+00	0.00e+00	1.70e-15	3.43e-15	4.07e-64
 4.83541e+13	3.56e-21	6.23e-15	1.16e-09	2.44e-05	9.97e-01	3.13e-03	0.00e+00	0.00e+00	0.00e+00	0.00e+00	2.06e-15	4.16e-15	8.22e-64
 5.01470e+13	4.70e-21	7.71e-15	1.34e-09	2.62e-05	9.97e-01	2.91e-03	0.00e+00	0.00e+00	0.00e+00	0.00e+00	2.55e-15	5.15e-15	1.78e-63
 5.21828e+13	6.26e-21	9.60e-15	1.57e-09	2.84e-05	9.97e-01	2.68e-03	0.00e+00	0.00e+00	0.00e+00	0.00e+00	3.18e-15	6.42e-15	3.91e-63
 5.42108e+13	8.39e-21	1.20e-14	1.83e-09	3.07e-05	9.97e-01	2.49e-03	0.00e+00	0.00e+00	0.00e+00	0.00e+00	3.98e-15	8.03e-15	8.80e-63
 5.61044e+13	1.07e-20	1.45e-14	2.10e-09	3.29e-05	9.98e-01	2.32e-03	0.00e+00	0.00e+00	0.00e+00	0.00e+00	4.80e-15	9.69e-15	1.72e-62
 5.81630e+13	1.40e-20	1.78e-14	2.42e-09	3.53e-05	9.98e-01	2.16e-03	0.00e+00	0.00e+00	0.00e+00	0.00e+00	5.90e-15	1.19e-14	3.62e-62
 6.04707e+13	1.88e-20	2.23e-14	2.82e-09	3.82e-05	9.98e-01	2.00e-03	0.00e+00	0.00e+00	0.00e+00	0.00e+00	7.39e-15	1.49e-14	8.20e-62
 6.26242e+13	2.43e-20	2.72e-14	3.25e-09	4.10e-05	9.98e-01	1.86e-03	0.00e+00	0.00e+00	0.00e+00	0.00e+00	9.00e-15	1.82e-14	1.66e-61
 6.46124e+13	3.06e-20	3.24e-14	3.68e-09	4.37e-05	9.98e-01	1.75e-03	0.00e+00	0.00e+00	0.00e+00	0.00e+00	1.07e-14	2.17e-14	3.14e-61
 6.65180e+13	3.78e-20	3.82e-14	4.13e-09	4.63e-05	9.98e-01	1.65e-03	0.00e+00	0.00e+00	0.00e+00	0.00e+00	1.26e-14	2.55e-14	5.64e-61
 6.86301e+13	4.73e-20	4.53e-14	4.67e-09	4.93e-05	9.98e-01	1.55e-03	0.00e+00	0.00e+00	0.00e+00	0.00e+00	1.50e-14	3.03e-14	1.04e-60
 7.09682e+13	6.10e-20	5.51e-14	5.34e-09	5.28e-05	9.98e-01	1.45e-03	0.00e+00	0.00e+00	0.00e+00	0.00e+00	1.82e-14	3.68e-14	2.12e-60
 7.31485e+13	7.52e-20	6.47e-14	6.02e-09	5.61e-05	9.99e-01	1.36e-03	0.00e+00	0.00e+00	0.00e+00	0.00e+00	2.14e-14	4.33e-14	3.78e-60
 7.55312e+13	9.61e-20	7.82e-14	6.83e-09	5.98e-05	9.99e-01	1.28e-03	0.00e+00	0.00e+00	0.00e+00	0.00e+00	2.59e-14	5.23e-14	7.49e-60
 7.82065e+13	1.23e-19	9.44e-14	7.85e-09	6.42e-05	9.99e-01	1.19e-03	0.00e+00	0.00e+00	0.00e+00	0.00e+00	3.12e-14	6.32e-14	1.47e-59
 8.07500e+13	1.56e-19	1.14e-13	8.91e-09	6.85e-05	9.99e-01	1.12e-03	0.00e+00	0.00e+00	0.00e+00	0.00e+00	3.76e-14	7.60e-14	2.88e-59
 8.35443e+13	1.98e-19	1.37e-13	1.02e-08	7.34e-05	9.99e-01	1.04e-03	0.00e+00	0.00e+00	0.00e+00	0.00e+00	4.52e-14	9.14e-14	5.58e-59
 8.66392e+13	2.60e-19	1.68e-13	1.18e-08	7.89e-05	9.99e-01	9.69e-04	0.00e+00	0.00e+00	0.00e+00	0.00e+00	5.57e-14	1.13e-13	1.19e-58
 8.95098e+13	3.26e-19	2.01e-13	1.34e-08	8.43e-05	9.99e-01	9.07e-04	0.00e+00	0.00e+00	0.00e+00	0.00e+00	6.63e-14	1.34e-13	2.23e-58
 9.26267e+13	4.20e-19	2.44e-13	1.54e-08	9.03e-05	9.99e-01	8.47e-04	0.00e+00	0.00e+00	0.00e+00	0.00e+00	8.07e-14	1.64e-13	4.54e-58
 9.60978e+13	5.43e-19	2.98e-13	1.78e-08	9.74e-05	9.99e-01	7.85e-04	0.00e+00	0.00e+00	0.00e+00	0.00e+00	9.84e-14	2.00e-13	9.23e-58
 9.93438e+13	6.93e-19	3.60e-13	2.04e-08	1.04e-04	9.99e-01	7.35e-04	0.00e+00	0.00e+00	0.00e+00	0.00e+00	1.19e-13	2.41e-13	1.83e-57
 1.02878e+14	8.83e-19	4.34e-13	2.34e-08	1.12e-04	9.99e-01	6.84e-04	0.00e+00	0.00e+00	0.00e+00	0.00e+00	1.43e-13	2.91e-13	3.58e-57
 1.06810e+14	1.16e-18	5.38e-13	2.72e-08	1.21e-04	9.99e-01	6.34e-04	0.00e+00	0.00e+00	0.00e+00	0.00e+00	1.77e-13	3.60e-13	7.74e-57
 1.10492e+14	1.46e-18	6.44e-13	3.11e-08	1.29e-04	9.99e-01	5.91e-04	0.00e+00	0.00e+00	0.00e+00	0.00e+00	2.12e-13	4.31e-13	1.47e-56
 1.14501e+14	1.88e-18	7.84e-13	3.59e-08	1.39e-04	9.99e-01	5.50e-04	0.00e+00	0.00e+00	0.00e+00	0.00e+00	2.59e-13	5.25e-13	2.99e-56
 1.18973e+14	2.46e-18	9.67e-13	4.18e-08	1.51e-04	9.99e-01	5.08e-04	0.00e+00	0.00e+00	0.00e+00	0.00e+00	3.19e-13	6.48e-13	6.33e-56
 1.23195e+14	3.15e-18	1.17e-12	4.81e-08	1.62e-04	9.99e-01	4.73e-04	0.00e+00	0.00e+00	0.00e+00	0.00e+00	3.87e-13	7.87e-13	1.27e-55
 1.27724e+14	4.02e-18	1.42e-12	5.56e-08	1.74e-04	9.99e-01	4.39e-04	0.00e+00	0.00e+00	0.00e+00	0.00e+00	4.69e-13	9.54e-13	2.52e-55
 1.32759e+14	5.27e-18	1.76e-12	6.49e-08	1.89e-04	9.99e-01	4.05e-04	0.00e+00	0.00e+00	0.00e+00	0.00e+00	5.81e-13	1.18e-12	5.45e-55
 1.37649e+14	6.67e-18	2.12e-12	7.51e-08	2.04e-04	9.99e-01	3.75e-04	0.00e+00	0.00e+00	0.00e+00	0.00e+00	6.99e-13	1.43e-12	1.05e-54
 1.42840e+14	8.63e-18	2.60e-12	8.71e-08	2.20e-04	9.99e-01	3.47e-04	0.00e+00	0.00e+00	0.00e+00	0.00e+00	8.55e-13	1.74e-12	2.17e-54
 1.48584e+14	1.13e-17	3.23e-12	1.02e-07	2.39e-04	9.99e-01	3.20e-04	0.00e+00	0.00e+00	0.00e+00	0.00e+00	1.06e-12	2.17e-12	4.71e-54
 1.54328e+14	1.46e-17	3.96e-12	1.19e-07	2.59e-04	9.99e-01	2.95e-04	0.00e+00	0.00e+00	0.00e+00	0.00e+00	1.30e-12	2.66e-12	9.77e-54
 1.59106e+14	1.78e-17	4.63e-12	1.34e-07	2.76e-04	9.99e-01	2.77e-04	0.00e+00	0.00e+00	0.00e+00	0.00e+00	1.52e-12	3.11e-12	1.70e-53
 1.62817e+14	2.08e-17	5.24e-12	1.47e-07	2.90e-04	9.99e-01	2.63e-04	0.00e+00	0.00e+00	0.00e+00	0.00e+00	1.72e-12	3.52e-12	2.65e-53
 1.66843e+14	2.45e-17	5.99e-12	1.63e-07	3.06e-04	9.99e-01	2.50e-04	0.00e+00	0.00e+00	0.00e+00	0.00e+00	1.97e-12	4.02e-12	4.27e-53
 1.72076e+14	3.00e-17	7.03e-12	1.84e-07	3.27e-04	9.99e-01	2.34e-04	0.00e+00	0.00e+00	0.00e+00	0.00e+00	2.31e-12	4.72e-12	7.56e-53
 1.77743e+14	3.70e-17	8.33e-12	2.10e-07	3.50e-04	9.99e-01	2.18e-04	0.00e+00	0.00e+00	0.00e+00	0.00e+00	2.73e-12	5.59e-12	1.39e-52
 1.82847e+14	4.47e-17	9.71e-12	2.35e-07	3.72e-04	9.99e-01	2.05e-04	0.00e+00	0.00e+00	0.00e+00	0.00e+00	3.19e-12	6.52e-12	2.40e-52
 1.88356e+14	5.41e-17	1.13e-11	2.65e-07	3.97e-04	9.99e-01	1.93e-04	0.00e+00	4.52e-18	1.36e-17	2.27e-17	3.71e-12	7.60e-12	4.15e-52
 1.95315e+14	6.86e-17	1.37e-11	3.07e-07	4.30e-04	9.99e-01	1.78e-04	0.00e+00	5.74e-18	1.72e-17	2.88e-17	4.49e-12	9.20e-12	8.24e-52
 2.02327e+14	8.61e-17	1.65e-11	3.54e-07	4.64e-04	9.99e-01	1.65e-04	0.00e+00	7.20e-18	2.16e-17	3.61e-17	5.40e-12	1.11e-11	1.60e-51
 2.08243e+14	1.04e-16	1.92e-11	3.98e-07	4.94e-04	9.99e-01	1.55e-04	0.00e+00	8.68e-18	2.61e-17	4.36e-17	6.29e-12	1.29e-11	2.77e-51
 2.14562e+14	1.25e-16	2.23e-11	4.49e-07	5.28e-04	9.99e-01	1.45e-04	0.00e+00	1.04e-17	3.14e-17	5.24e-17	7.33e-12	1.50e-11	4.82e-51
 2.22512e+14	1.58e-16	2.70e-11	5.20e-07	5.72e-04	9.99e-01	1.34e-04	0.00e+00	1.32e-17	3.98e-17	6.64e-17	8.86e-12	1.81e-11	9.58e-51
 2.30747e+14	1.99e-16	3.26e-11	6.02e-07	6.20e-04	9.99e-01	1.23e-04	0.00e+00	1.67e-17	5.01e-17	8.37e-17	1.07e-11	2.19e-11	1.91e-50
 2.38014e+14	2.42e-16	3.83e-11	6.83e-07	6.65e-04	9.99e-01	1.15e-04	0.00e+00	2.03e-17	6.10e-17	1.02e-16	1.26e-11	2.57e-11	3.44e-50
 2.45855e+14	2.94e-16	4.51e-11	7.78e-07	7.14e-04	9.99e-01	1.07e-04	0.00e+00	2.47e-17	7.41e-17	1.24e-16	1.48e-11	3.03e-11	6.25e-50
 2.55307e+14	3.75e-16	5.49e-11	9.06e-07	7.78e-04	9.99e-01	9.87e-05	0.00e+00	3.16e-17	9.48e-17	1.58e-16	1.80e-11	3.69e-11	1.30e-49
 2.64664e+14	4.69e-16	6.62e-11	1.05e-06	8.43e-04	9.99e-01	9.11e-05	0.00e+00	3.96e-17	1.19e-16	1.99e-16	2.17e-11	4.45e-11	2.59e-49
 2.72971e+14	5.72e-16	7.77e-11	1.19e-06	9.03e-04	9.99e-01	8.51e-05	0.00e+00	4.82e-17	1.45e-16	2.42e-16	2.55e-11	5.22e-11	4.72e-49
 2.82106e+14	7.00e-16	9.19e-11	1.35e-06	9.74e-04	9.99e-01	7.90e-05	0.00e+00	5.92e-17	1.78e-16	2.97e-16	3.02e-11	6.18e-11	8.86e-49
 2.93029e+14	8.87e-16	1.12e-10	1.58e-06	1.06e-03	9.99e-01	7.26e-05	0.00e+00	7.51e-17	2.25e-16	3.76e-16	3.67e-11	7.52e-11	1.86e-48
 3.03912e+14	1.11e-15	1.35e-10	1.83e-06	1.15e-03	9.99e-01	6.70e-05	0.00e+00	9.43e-17	2.83e-16	4.73e-16	4.43e-11	9.08e-11	3.79e-48
 3.13847e+14	1.37e-15	1.60e-10	2.08e-06	1.24e-03	9.99e-01	6.24e-05	0.00e+00	1.16e-16	3.49e-16	5.82e-16	5.25e-11	1.07e-10	7.20e-48
 3.24916e+14	1.71e-15	1.92e-10	2.39e-06	1.34e-03	9.99e-01	5.78e-05	0.00e+00	1.45e-16	4.35e-16	7.27e-16	6.29e-11	1.29e-10	1.44e-47
 3.37811e+14	2.17e-15	2.34e-10	2.79e-06	1.46e-03	9.98e-01	5.30e-05	0.00e+00	1.85e-16	5.55e-16	9.26e-16	7.70e-11	1.57e-10	3.12e-47
 3.50507e+14	2.75e-15	2.84e-10	3.24e-06	1.59e-03	9.98e-01	4.88e-05	0.00e+00	2.34e-16	7.02e-16	1.17e-15	9.33e-11	1.91e-10	6.64e-47
 3.62541e+14	3.40e-15	3.39e-10	3.70e-06	1.71e-03	9.98e-01	4.53e-05	0.00e+00	2.90e-16	8.69e-16	1.45e-15	1.11e-10	2.28e-10	1.33e-46
 3.75902e+14	4.29e-15	4.10e-10	4.28e-06	1.86e-03	9.98e-01	4.18e-05	0.00e+00	3.66e-16	1.10e-15	1.83e-15	1.35e-10	2.75e-10	2.83e-46
 3.88521e+14	5.18e-15	4.83e-10	4.88e-06	2.00e-03	9.98e-01	3.89e-05	0.00e+00	4.43e-16	1.33e-15	2.22e-15	1.59e-10	3.24e-10	5.36e-46
 3.97945e+14	6.07e-15	5.49e-10	5.37e-06	2.11e-03	9.98e-01	3.69e-05	0.00e+00	5.19e-16	1.56e-15	2.60e-15	1.80e-10	3.69e-10	8.99e-46
 4.07584e+14	7.20e-15	6.28e-10	5.91e-06	2.23e-03	9.98e-01	3.50e-05	0.00e+00	6.17e-16	1.85e-15	3.09e-15	2.06e-10	4.21e-10	1.54e-45
 4.20115e+14	8.75e-15	7.37e-10	6.67e-06	2.38e-03	9.98e-01	3.28e-05	0.00e+00	7.50e-16	2.25e-15	3.76e-15	2.42e-10	4.94e-10	2.92e-45
 4.33668e+14	1.07e-14	8.72e-10	7.57e-06	2.56e-03	9.97e-01	3.06e-05	0.00e+00	9.21e-16	2.77e-15	4.62e-15	2.87e-10	5.85e-10	5.75e-45
 4.45825e+14	1.29e-14	1.01e-09	8.44e-06	2.72e-03	9.97e-01	2.88e-05	0.00e+00	1.10e-15	3.32e-15	5.54e-15	3.33e-10	6.79e-10	1.04e-44
 4.58906e+14	1.54e-14	1.18e-09	9.47e-06	2.90e-03	9.97e-01	2.70e-05	0.00e+00	1.33e-15	3.98e-15	6.65e-15	3.88e-10	7.90e-10	1.91e-44
 4.75640e+14	1.96e-14	1.43e-09	1.09e-05	3.15e-03	9.97e-01	2.50e-05	0.00e+00	1.69e-15	5.08e-15	8.48e-15	4.71e-10	9.60e-10	4.19e-44
 4.92604e+14	2.44e-14	1.72e-09	1.26e-05	3.40e-03	9.97e-01	2.32e-05	0.00e+00	2.11e-15	6.32e-15	1.06e-14	5.67e-10	1.15e-09	8.76e-44
 5.06753e+14	2.98e-14	2.01e-09	1.41e-05	3.62e-03	9.96e-01	2.19e-05	0.00e+00	2.57e-15	7.71e-15	1.29e-14	6.63e-10	1.35e-09	1.64e-43
 5.21762e+14	3.61e-14	2.36e-09	1.58e-05	3.87e-03	9.96e-01	2.05e-05	0.00e+00	3.12e-15	9.36e-15	1.56e-14	7.77e-10	1.58e-09	3.10e-43
 5.40865e+14	4.58e-14	2.87e-09	1.82e-05	4.19e-03	9.96e-01	1.90e-05	0.00e+00	3.96e-15	1.19e-14	1.99e-14	9.45e-10	1.92e-09	6.76e-43
 5.61028e+14	5.85e-14	3.50e-09	2.10e-05	4.54e-03	9.95e-01	1.76e-05	0.00e+00	5.06e-15	1.52e-14	2.54e-14	1.15e-09	2.35e-09	1.52e-42
 5.79101e+14	7.24e-14	4.17e-09	2.39e-05	4.87e-03	9.95e-01	1.65e-05	0.00e+00	6.28e-15	1.88e-14	3.14e-14	1.38e-09	2.80e-09	3.04e-42
 5.98718e+14	8.99e-14	4.99e-09	2.72e-05	5.24e-03	9.95e-01	1.54e-05	0.00e+00	7.80e-15	2.34e-14	3.91e-14	1.65e-09	3.35e-09	6.18e-42
 6.22018e+14	1.17e-13	6.18e-09	3.17e-05	5.71e-03	9.94e-01	1.42e-05	0.00e+00	1.01e-14	3.04e-14	5.07e-14	2.04e-09	4.14e-09	1.45e-41
 6.44973e+14	1.48e-13	7.53e-09	3.66e-05	6.18e-03	9.94e-01	1.32e-05	0.00e+00	1.29e-14	3.87e-14	6.45e-14	2.49e-09	5.05e-09	3.13e-41
 6.65852e+14	1.84e-13	9.00e-09	4.15e-05	6.63e-03	9.93e-01	1.24e-05	0.00e+00	1.60e-14	4.82e-14	8.04e-14	2.97e-09	6.03e-09	6.30e-41
 6.89163e+14	2.28e-13	1.08e-08	4.76e-05	7.14e-03	9.93e-01	1.16e-05	0.00e+00	1.98e-14	5.95e-14	9.94e-14	3.55e-09	7.21e-09	1.26e-40
 7.16401e+14	3.02e-13	1.35e-08	5.55e-05	7.79e-03	9.92e-01	1.07e-05	0.00e+00	2.64e-14	7.93e-14	1.32e-13	4.47e-09	9.06e-09	3.10e-40
 7.43250e+14	3.95e-13	1.67e-08	6.43e-05	8.43e-03	9.91e-01	1.00e-05	0.00e+00	3.46e-14	1.04e-13	1.73e-13	5.53e-09	1.12e-08	7.07e-40
 7.68604e+14	4.99e-13	2.02e-08	7.35e-05	9.07e-03	9.91e-01	9.40e-06	0.00e+00	4.36e-14	1.31e-13	2.18e-13	6.68e-09	1.35e-08	1.47e-39
 7.96810e+14	6.35e-13	2.47e-08	8.48e-05	9.81e-03	9.90e-01	8.80e-06	0.00e+00	5.56e-14	1.67e-13	2.78e-13	8.17e-09	1.65e-08	3.14e-39
 8.28712e+14	8.45e-13	3.10e-08	9.91e-05	1.07e-02	9.89e-01	8.19e-06	0.00e+00	7.41e-14	2.22e-13	3.71e-13	1.03e-08	2.08e-08	7.54e-39
 8.55512e+14	1.05e-12	3.72e-08	1.13e-04	1.15e-02	9.88e-01	7.74e-06	0.00e+00	9.26e-14	2.78e-13	4.64e-13	1.23e-08	2.49e-08	1.50e-38
 8.74815e+14	1.23e-12	4.23e-08	1.23e-04	1.20e-02	9.88e-01	7.45e-06	0.00e+00	1.08e-13	3.25e-13	5.42e-13	1.40e-08	2.83e-08	2.43e-38
 8.94976e+14	1.45e-12	4.82e-08	1.35e-04	1.26e-02	9.87e-01	7.16e-06	0.00e+00	1.27e-13	3.82e-13	6.37e-13	1.60e-08	3.23e-08	3.97e-38
 9.21186e+14	1.72e-12	5.60e-08	1.51e-04	1.34e-02	9.86e-01	6.81e-06	0.00e+00	1.52e-13	4.55e-13	7.59e-13	1.85e-08	3.75e-08	6.88e-38
 9.50453e+14	2.19e-12	6.79e-08	1.71e-04	1.44e-02	9.85e-01	6.46e-06	0.00e+00	1.93e-13	5.78e-13	9.64e-13	2.25e-08	4.54e-08	1.42e-37
 9.77822e+14	2.68e-12	8.01e-08	1.92e-04	1.53e-02	9.85e-01	6.18e-06	0.00e+00	2.36e-13	7.09e-13	1.18e-12	2.65e-08	5.36e-08	2.61e-37
 1.00753e+15	3.25e-12	9.40e-08	2.16e-04	1.63e-02	9.84e-01	5.89e-06	0.00e+00	2.86e-13	8.59e-13	1.43e-12	3.11e-08	6.29e-08	4.68e-37
 1.04092e+15	4.21e-12	1.15e-07	2.46e-04	1.75e-02	9.82e-01	5.61e-06	0.00e+00	3.72e-13	1.12e-12	1.86e-12	3.82e-08	7.72e-08	1.01e-36
 1.07251e+15	5.16e-12	1.37e-07	2.77e-04	1.86e-02	9.81e-01	5.36e-06	0.00e+00	4.55e-13	1.37e-12	2.28e-12	4.53e-08	9.15e-08	1.86e-36
 1.10698e+15	6.33e-12	1.62e-07	3.15e-04	1.99e-02	9.80e-01	5.12e-06	0.00e+00	5.60e-13	1.68e-12	2.80e-12	5.38e-08	1.09e-07	3.40e-36
 1.14575e+15	8.34e-12	2.02e-07	3.62e-04	2.14e-02	9.78e-01	4.89e-06	0.00e+00	7.37e-13	2.21e-12	3.69e-12	6.69e-08	1.35e-07	7.62e-36
 1.18255e+15	1.03e-11	2.42e-07	4.10e-04	2.29e-02	9.77e-01	4.68e-06	0.00e+00	9.14e-13	2.74e-12	4.58e-12	8.01e-08	1.62e-07	1.44e-35
 1.22287e+15	1.29e-11	2.90e-07	4.69e-04	2.46e-02	9.75e-01	4.48e-06	0.00e+00	1.14e-12	3.42e-12	5.70e-12	9.62e-08	1.94e-07	2.74e-35
 1.26800e+15	1.71e-11	3.66e-07	5.43e-04	2.66e-02	9.73e-01	4.29e-06	0.00e+00	1.52e-12	4.56e-12	7.61e-12	1.21e-07	2.44e-07	6.37e-35
 1.30999e+15	2.16e-11	4.43e-07	6.19e-04	2.85e-02	9.71e-01	4.13e-06	0.00e+00	1.91e-12	5.74e-12	9.58e-12	1.47e-07	2.96e-07	1.25e-34
 1.35518e+15	2.73e-11	5.39e-07	7.09e-04	3.06e-02	9.69e-01	3.97e-06	0.00e+00	2.42e-12	7.27e-12	1.21e-11	1.79e-07	3.60e-07	2.48e-34
 1.40586e+15	3.47e-11	6.58e-07	8.22e-04	3.30e-02	9.66e-01	3.81e-06	0.00e+00	3.08e-12	9.25e-12	1.54e-11	2.18e-07	4.40e-07	4.93e-34
 1.45363e+15	4.52e-11	8.19e-07	9.41e-04	3.55e-02	9.64e-01	3.69e-06	0.00e+00	4.02e-12	1.21e-11	2.01e-11	2.71e-07	5.47e-07	1.08e-33
 1.50566e+15	5.82e-11	1.01e-06	1.08e-03	3.82e-02	9.61e-01	3.57e-06	0.00e+00	5.18e-12	1.55e-11	2.59e-11	3.35e-07	6.74e-07	2.22e-33
 1.56356e+15	7.40e-11	1.23e-06	1.26e-03	4.13e-02	9.57e-01	3.44e-06	0.00e+00	6.59e-12	1.98e-11	3.30e-11	4.10e-07	8.25e-07	4.31e-33
 1.61790e+15	9.69e-11	1.55e-06	1.45e-03	4.45e-02	9.54e-01	3.35e-06	0.00e+00	8.64e-12	2.59e-11	4.32e-11	5.13e-07	1.03e-06	9.51e-33
 1.66734e+15	1.19e-10	1.84e-06	1.64e-03	4.74e-02	9.51e-01	3.27e-06	0.00e+00	1.06e-11	3.18e-11	5.30e-11	6.11e-07	1.23e-06	1.70e-32
 1.72157e+15	1.47e-10	2.20e-06	1.86e-03	5.06e-02	9.47e-01	3.18e-06	0.00e+00	1.31e-11	3.94e-11	6.57e-11	7.29e-07	1.47e-06	3.06e-32
 1.78728e+15	1.97e-10	2.80e-06	2.17e-03	5.49e-02	9.43e-01	3.10e-06	0.00e+00	1.76e-11	5.27e-11	8.79e-11	9.30e-07	1.87e-06	7.15e-32
 1.85179e+15	2.50e-10	3.44e-06	2.51e-03	5.91e-02	9.38e-01	3.03e-06	0.00e+00	2.23e-11	6.70e-11	1.12e-10	1.14e-06	2.30e-06	1.39e-31
 1.90318e+15	3.00e-10	4.01e-06	2.80e-03	6.26e-02	9.35e-01	2.97e-06	0.00e+00	2.68e-11	8.05e-11	1.34e-10	1.33e-06	2.68e-06	2.29e-31
 1.95361e+15	3.61e-10	4.69e-06	3.12e-03	6.61e-02	9.31e-01	2.93e-06	0.00e+00	3.23e-11	9.69e-11	1.62e-10	1.56e-06	3.13e-06	3.86e-31
 2.01917e+15	4.67e-10	5.82e-06	3.58e-03	7.10e-02	9.25e-01	2.87e-06	0.00e+00	4.18e-11	1.26e-10	2.09e-10	1.93e-06	3.89e-06	8.00e-31
 2.08387e+15	5.79e-10	6.99e-06	4.07e-03	7.58e-02	9.20e-01	2.82e-06	0.00e+00	5.19e-11	1.56e-10	2.60e-10	2.32e-06	4.67e-06	1.44e-30
 2.13645e+15	6.85e-10	8.05e-06	4.51e-03	7.98e-02	9.16e-01	2.78e-06	0.00e+00	6.15e-11	1.84e-10	3.07e-10	2.67e-06	5.37e-06	2.25e-30
 2.19383e+15	8.26e-10	9.43e-06	5.03e-03	8.44e-02	9.11e-01	2.74e-06	0.00e+00	7.42e-11	2.23e-10	3.71e-10	3.13e-06	6.30e-06	3.75e-30
 2.26843e+15	1.07e-09	1.18e-05	5.78e-03	9.08e-02	9.03e-01	2.70e-06	0.00e+00	9.66e-11	2.90e-10	4.83e-10	3.91e-06	7.85e-06	7.90e-30
 2.34335e+15	1.35e-09	1.43e-05	6.61e-03	9.71e-02	8.96e-01	2.66e-06	0.00e+00	1.22e-10	3.64e-10	6.08e-10	4.75e-06	9.54e-06	1.45e-29
 2.40495e+15	1.62e-09	1.67e-05	7.36e-03	1.02e-01	8.90e-01	2.63e-06	0.00e+00	1.46e-10	4.38e-10	7.30e-10	5.54e-06	1.11e-05	2.35e-29
 2.47129e+15	1.95e-09	1.94e-05	8.24e-03	1.08e-01	8.83e-01	2.60e-06	0.00e+00	1.76e-10	5.28e-10	8.80e-10	6.46e-06	1.30e-05	3.76e-29
 2.55754e+15	2.56e-09	2.44e-05	9.53e-03	1.17e-01	8.74e-01	2.56e-06	0.00e+00	2.31e-10	6.93e-10	1.16e-09	8.12e-06	1.63e-05	7.93e-29
 2.64620e+15	3.21e-09	2.94e-05	1.10e-02	1.25e-01	8.64e-01	2.51e-06	0.00e+00	2.90e-10	8.69e-10	1.45e-09	9.79e-06	1.97e-05	1.37e-28
 2.72064e+15	4.02e-09	3.57e-05	1.24e-02	1.33e-01	8.55e-01	2.50e-06	0.00e+00	3.63e-10	1.09e-09	1.81e-09	1.19e-05	2.38e-05	2.56e-28
 2.80005e+15	4.97e-09	4.27e-05	1.40e-02	1.41e-01	8.45e-01	2.46e-06	0.00e+00	4.50e-10	1.35e-09	2.25e-09	1.42e-05	2.85e-05	4.43e-28
 2.88834e+15	6.15e-09	5.07e-05	1.59e-02	1.50e-01	8.34e-01	2.42e-06	0.00e+00	5.57e-10	1.67e-09	2.78e-09	1.69e-05	3.39e-05	7.23e-28
 2.97170e+15	7.78e-09	6.19e-05	1.80e-02	1.60e-01	8.22e-01	2.40e-06	0.00e+00	7.05e-10	2.11e-09	3.52e-09	2.06e-05	4.13e-05	1.37e-27
 3.04942e+15	9.42e-09	7.27e-05	2.01e-02	1.69e-01	8.11e-01	2.37e-06	0.00e+00	8.54e-10	2.56e-09	4.27e-09	2.42e-05	4.85e-05	2.20e-27
 3.13625e+15	1.15e-08	8.53e-05	2.27e-02	1.78e-01	7.99e-01	2.33e-06	0.00e+00	1.04e-09	3.13e-09	5.22e-09	2.84e-05	5.69e-05	3.44e-27
 3.23293e+15	1.48e-08	1.06e-04	2.59e-02	1.90e-01	7.84e-01	2.30e-06	0.00e+00	1.35e-09	4.04e-09	6.74e-09	3.51e-05	7.05e-05	6.69e-27
 3.31980e+15	1.81e-08	1.24e-04	2.91e-02	2.01e-01	7.70e-01	2.27e-06	0.00e+00	1.65e-09	4.94e-09	8.24e-09	4.14e-05	8.30e-05	1.06e-26
 3.39226e+15	2.13e-08	1.41e-04	3.20e-02	2.10e-01	7.58e-01	2.24e-06	0.00e+00	1.94e-09	5.80e-09	9.68e-09	4.70e-05	9.43e-05	1.52e-26
 3.46861e+15	2.54e-08	1.63e-04	3.53e-02	2.19e-01	7.45e-01	2.21e-06	0.00e+00	2.31e-09	6.93e-09	1.15e-08	5.43e-05	1.09e-04	2.30e-26
 3.55363e+15	3.16e-08	1.95e-04	3.95e-02	2.31e-01	7.29e-01	2.19e-06	0.00e+00	2.88e-09	8.64e-09	1.44e-08	6.50e-05	1.30e-04	3.98e-26
 3.62747e+15	3.73e-08	2.23e-04	4.32e-02	2.40e-01	7.16e-01	2.17e-06	0.00e+00	3.40e-09	1.02e-08	1.70e-08	7.43e-05	1.49e-04	5.79e-26
 3.70102e+15	4.39e-08	2.54e-04	4.74e-02	2.50e-01	7.02e-01	2.13e-06	0.00e+00	4.01e-09	1.20e-08	2.00e-08	8.46e-05	1.69e-04	8.30e-26
 3.79664e+15	5.52e-08	3.04e-04	5.34e-02	2.63e-01	6.83e-01	2.10e-06	0.00e+00	5.04e-09	1.51e-08	2.52e-08	1.01e-04	2.03e-04	1.42e-25
 3.90199e+15	6.96e-08	3.67e-04	6.06e-02	2.78e-01	6.61e-01	2.06e-06	0.00e+00	6.37e-09	1.91e-08	3.19e-08	1.22e-04	2.45e-04	2.40e-25
 3.99646e+15	8.47e-08	4.28e-04	6.75e-02	2.90e-01	6.42e-01	2.02e-06	0.00e+00	7.76e-09	2.33e-08	3.88e-08	1.43e-04	2.86e-04	3.63e-25
 4.08217e+15	1.01e-07	4.90e-04	7.45e-02	3.02e-01	6.23e-01	1.99e-06	0.00e+00	9.24e-09	2.77e-08	4.62e-08	1.63e-04	3.27e-04	5.22e-25
 4.18003e+15	1.29e-07	5.94e-04	8.39e-02	3.16e-01	5.99e-01	1.96e-06	0.00e+00	1.18e-08	3.55e-08	5.92e-08	1.98e-04	3.96e-04	9.37e-25
 4.28422e+15	1.59e-07	7.01e-04	9.42e-02	3.30e-01	5.75e-01	1.91e-06	0.00e+00	1.46e-08	4.39e-08	7.32e-08	2.34e-04	4.68e-04	1.45e-24
 4.37846e+15	1.92e-07	8.08e-04	1.04e-01	3.42e-01	5.52e-01	1.87e-06	0.00e+00	1.77e-08	5.30e-08	8.83e-08	2.69e-04	5.39e-04	2.08e-24
 4.46847e+15	2.33e-07	9.39e-04	1.15e-01	3.54e-01	5.29e-01	1.83e-06	0.00e+00	2.15e-08	6.43e-08	1.07e-07	3.13e-04	6.26e-04	3.15e-24
 4.55459e+15	2.82e-07	1.08e-03	1.27e-01	3.65e-01	5.07e-01	1.79e-06	0.00e+00	2.59e-08	7.78e-08	1.30e-07	3.61e-04	7.23e-04	4.74e-24
 4.63620e+15	3.37e-07	1.24e-03	1.39e-01	3.75e-01	4.85e-01	1.76e-06	0.00e+00	3.11e-08	9.32e-08	1.55e-07	4.14e-04	8.29e-04	7.00e-24
 4.72850e+15	4.13e-07	1.45e-03	1.53e-01	3.86e-01	4.59e-01	1.71e-06	0.00e+00	3.81e-08	1.14e-07	1.90e-07	4.82e-04	9.64e-04	1.08e-23
 4.82848e+15	5.36e-07	1.76e-03	1.72e-01	3.98e-01	4.28e-01	1.68e-06	0.00e+00	4.95e-08	1.48e-07	2.47e-07	5.87e-04	1.17e-03	1.99e-23
 4.91245e+15	6.39e-07	2.01e-03	1.88e-01	4.06e-01	4.04e-01	1.64e-06	0.00e+00	5.90e-08	1.77e-07	2.95e-07	6.71e-04	1.34e-03	2.90e-23
 4.98370e+15	7.51e-07	2.27e-03	2.02e-01	4.13e-01	3.83e-01	1.60e-06	0.00e+00	6.95e-08	2.08e-07	3.47e-07	7.56e-04	1.51e-03	4.11e-23
 5.06440e+15	9.06e-07	2.60e-03	2.20e-01	4.19e-01	3.58e-01	1.56e-06	0.00e+00	8.39e-08	2.52e-07	4.19e-07	8.67e-04	1.73e-03	6.22e-23
 5.15014e+15	1.07e-06	2.91e-03	2.39e-01	4.25e-01	3.33e-01	1.50e-06	0.00e+00	9.87e-08	2.96e-07	4.93e-07	9.70e-04	1.94e-03	8.36e-23
 5.24243e+15	1.37e-06	3.51e-03	2.65e-01	4.30e-01	3.02e-01	1.45e-06	0.00e+00	1.27e-07	3.81e-07	6.35e-07	1.17e-03	2.34e-03	1.55e-22
 5.32543e+15	1.63e-06	3.97e-03	2.87e-01	4.32e-01	2.78e-01	1.40e-06	0.00e+00	1.51e-07	4.54e-07	7.56e-07	1.32e-03	2.64e-03	2.20e-22
 5.37840e+15	1.86e-06	4.34e-03	3.02e-01	4.32e-01	2.61e-01	1.37e-06	0.00e+00	1.72e-07	5.17e-07	8.61e-07	1.45e-03	2.89e-03	2.94e-22
 5.42226e+15	2.08e-06	4.71e-03	3.16e-01	4.33e-01	2.47e-01	1.34e-06	0.00e+00	1.93e-07	5.80e-07	9.66e-07	1.57e-03	3.14e-03	3.86e-22
 5.47225e+15	2.33e-06	5.10e-03	3.32e-01	4.32e-01	2.31e-01	1.30e-06	0.00e+00	2.17e-07	6.50e-07	1.08e-06	1.70e-03	3.40e-03	4.93e-22
 5.53724e+15	2.78e-06	5.75e-03	3.54e-01	4.30e-01	2.10e-01	1.24e-06	0.00e+00	2.59e-07	7.76e-07	1.29e-06	1.92e-03	3.83e-03	7.47e-22
 5.59837e+15	3.10e-06	6.19e-03	3.73e-01	4.27e-01	1.94e-01	1.19e-06	0.00e+00	2.89e-07	8.66e-07	1.44e-06	2.07e-03	4.13e-03	9.14e-22
 5.65449e+15	3.73e-06	7.02e-03	3.95e-01	4.23e-01	1.75e-01	1.14e-06	0.00e+00	3.48e-07	1.04e-06	1.74e-06	2.34e-03	4.68e-03	1.46e-21
 5.70543e+15	4.17e-06	7.61e-03	4.13e-01	4.18e-01	1.61e-01	1.09e-06	0.00e+00	3.89e-07	1.17e-06	1.94e-06	2.54e-03	5.07e-03	1.90e-21
 5.74308e+15	4.61e-06	8.12e-03	4.28e-01	4.14e-01	1.50e-01	1.06e-06	0.00e+00	4.30e-07	1.29e-06	2.15e-06	2.71e-03	5.41e-03	2.39e-21
 5.78547e+15	5.17e-06	8.76e-03	4.45e-01	4.09e-01	1.38e-01	1.01e-06	0.00e+00	4.83e-07	1.45e-06	2.41e-06	2.92e-03	5.83e-03	3.13e-21
 5.83325e+15	5.71e-06	9.30e-03	4.62e-01	4.03e-01	1.26e-01	9.67e-07	0.00e+00	5.34e-07	1.60e-06	2.67e-06	3.10e-03	6.20e-03	3.79e-21
 5.88806e+15	6.74e-06	1.04e-02	4.85e-01	3.94e-01	1.10e-01	0.00e+00	0.00e+00	6.30e-07	1.89e-06	3.15e-06	3.47e-03	6.93e-03	5.82e-21
 5.93818e+15	7.56e-06	1.11e-02	5.04e-01	3.86e-01	9.90e-02	0.00e+00	0.00e+00	7.08e-07	2.12e-06	3.54e-06	3.72e-03	7.41e-03	7.35e-21
 5.98220e+15	8.57e-06	1.20e-02	5.22e-01	3.77e-01	8.84e-02	0.00e+00	0.00e+00	8.04e-07	2.41e-06	4.01e-06	4.02e-03	8.02e-03	9.88e-21
 6.02875e+15	1.02e-05	1.33e-02	5.43e-01	3.67e-01	7.71e-02	0.00e+00	0.00e+00	9.58e-07	2.87e-06	4.79e-06	4.44e-03	8.86e-03	1.49e-20
 6.06455e+15	1.13e-05	1.41e-02	5.57e-01	3.59e-01	6.98e-02	0.00e+00	0.00e+00	1.06e-06	3.17e-06	5.29e-06	4.71e-03	9.40e-03	1.89e-20
 6.09706e+15	1.25e-05	1.50e-02	5.71e-01	3.51e-01	6.31e-02	0.00e+00	0.00e+00	1.17e-06	3.52e-06	5.86e-06	4.99e-03	9.96e-03	2.38e-20
 6.13932e+15	1.37e-05	1.58e-02	5.87e-01	3.41e-01	5.58e-02	0.00e+00	0.00e+00	1.29e-06	3.86e-06	6.43e-06	5.27e-03	1.05e-02	2.90e-20
 6.19425e+15	1.71e-05	1.77e-02	6.11e-01	3.25e-01	4.56e-02	0.00e+00	0.00e+00	1.61e-06	4.82e-06	8.03e-06	5.92e-03	1.18e-02	4.81e-20
 6.24173e+15	1.97e-05	1.91e-02	6.29e-01	3.13e-01	3.87e-02	0.00e+00	0.00e+00	1.85e-06	5.56e-06	9.26e-06	6.37e-03	1.27e-02	6.52e-20
 6.27153e+15	2.15e-05	2.00e-02	6.41e-01	3.05e-01	3.46e-02	0.00e+00	0.00e+00	2.03e-06	6.09e-06	1.01e-05	6.70e-03	1.33e-02	8.07e-20
 6.30229e+15	2.38e-05	2.11e-02	6.52e-01	2.96e-01	3.06e-02	0.00e+00	0.00e+00	2.25e-06	6.74e-06	1.12e-05	7.05e-03	1.41e-02	1.01e-19
 6.34228e+15	2.65e-05	2.25e-02	6.67e-01	2.84e-01	2.59e-02	0.00e+00	0.00e+00	2.51e-06	7.51e-06	1.25e-05	7.53e-03	1.50e-02	1.35e-19
 6.38599e+15	3.07e-05	2.42e-02	6.83e-01	2.71e-01	2.14e-02	0.00e+00	0.00e+00	2.91e-06	8.72e-06	1.45e-05	8.09e-03	1.61e-02	1.90e-19
 6.41797e+15	3.39e-05	2.54e-02	6.93e-01	2.62e-01	1.87e-02	0.00e+00	0.00e+00	3.21e-06	9.62e-06	1.60e-05	8.48e-03	1.69e-02	2.38e-19
 6.43782e+15	3.60e-05	2.61e-02	7.00e-01	2.57e-01	1.71e-02	0.00e+00	0.00e+00	3.42e-06	1.02e-05	1.71e-05	8.74e-03	1.74e-02	2.77e-19
 6.45844e+15	3.83e-05	2.70e-02	7.07e-01	2.51e-01	1.55e-02	0.00e+00	0.00e+00	3.63e-06	1.09e-05	1.81e-05	9.02e-03	1.80e-02	3.23e-19
 6.48525e+15	4.13e-05	2.82e-02	7.16e-01	2.43e-01	1.36e-02	0.00e+00	0.00e+00	3.92e-06	1.17e-05	1.96e-05	9.41e-03	1.87e-02	3.98e-19
 6.51461e+15	4.50e-05	2.94e-02	7.25e-01	2.34e-01	1.18e-02	0.00e+00	0.00e+00	4.27e-06	1.28e-05	2.13e-05	9.84e-03	1.96e-02	4.98e-19
 6.54142e+15	4.88e-05	3.06e-02	7.32e-01	2.27e-01	1.04e-02	0.00e+00	0.00e+00	4.64e-06	1.39e-05	2.32e-05	1.02e-02	2.04e-02	6.12e-19
 6.56658e+15	5.20e-05	3.17e-02	7.40e-01	2.19e-01	9.12e-03	0.00e+00	0.00e+00	4.95e-06	1.48e-05	2.47e-05	1.06e-02	2.11e-02	7.36e-19
 6.59544e+15	5.64e-05	3.31e-02	7.48e-01	2.11e-01	7.83e-03	0.00e+00	0.00e+00	5.37e-06	1.61e-05	2.68e-05	1.11e-02	2.20e-02	9.18e-19
 6.62712e+15	6.13e-05	3.46e-02	7.56e-01	2.03e-01	6.64e-03	0.00e+00	0.00e+00	5.85e-06	1.75e-05	2.92e-05	1.16e-02	2.30e-02	1.16e-18
 6.65611e+15	6.63e-05	3.60e-02	7.63e-01	1.95e-01	5.71e-03	0.00e+00	0.00e+00	6.33e-06	1.90e-05	3.16e-05	1.20e-02	2.40e-02	1.44e-18
 6.68316e+15	7.08e-05	3.74e-02	7.70e-01	1.88e-01	4.93e-03	0.00e+00	0.00e+00	6.77e-06	2.03e-05	3.38e-05	1.25e-02	2.49e-02	1.75e-18
