#depth	C	C+	C+2	C+3	C+4	C+5	C+6	C[1]	C[2]	C[3]	C+[1]	C+[2]	CO
 1.49634e+10	0.00e+00	0.00e+00	3.09e-26	4.92e-16	2.61e-05	1.63e-01	8.37e-01	0.00e+00	0.00e+00	0.00e+00	0.00e+00	0.00e+00	0.00e+00
 4.54887e+10	0.00e+00	8.71e-37	4.13e-26	6.09e-16	2.98e-05	1.74e-01	8.26e-01	0.00e+00	0.00e+00	0.00e+00	0.00e+00	0.00e+00	0.00e+00
 7.72350e+10	0.00e+00	0.00e+00	5.58e-26	7.60e-16	3.44e-05	1.86e-01	8.14e-01	0.00e+00	0.00e+00	0.00e+00	0.00e+00	0.00e+00	0.00e+00
 1.10251e+11	0.00e+00	1.86e-36	7.53e-26	9.47e-16	3.97e-05	1.98e-01	8.02e-01	0.00e+00	0.00e+00	0.00e+00	0.00e+00	0.00e+00	0.00e+00
 1.41389e+11	5.64e-48	2.61e-36	9.85e-26	1.15e-15	4.50e-05	2.10e-01	7.90e-01	0.00e+00	0.00e+00	0.00e+00	0.00e+00	0.00e+00	0.00e+00
 1.69372e+11	0.00e+00	3.52e-36	1.25e-25	1.37e-15	5.03e-05	2.20e-01	7.80e-01	0.00e+00	0.00e+00	0.00e+00	0.00e+00	0.00e+00	0.00e+00
 2.00829e+11	1.20e-47	4.87e-36	1.61e-25	1.66e-15	5.68e-05	2.32e-01	7.68e-01	0.00e+00	0.00e+00	0.00e+00	0.00e+00	0.00e+00	0.00e+00
 2.37944e+11	0.00e+00	7.01e-36	2.15e-25	2.05e-15	6.49e-05	2.46e-01	7.54e-01	0.00e+00	0.00e+00	0.00e+00	0.00e+00	0.00e+00	0.00e+00
 2.74820e+11	2.84e-47	9.93e-36	2.83e-25	2.50e-15	7.37e-05	2.60e-01	7.40e-01	0.00e+00	0.00e+00	0.00e+00	0.00e+00	0.00e+00	1.41e-148
 3.09344e+11	0.00e+00	0.00e+00	3.63e-25	3.01e-15	8.27e-05	2.73e-01	7.26e-01	0.00e+00	0.00e+00	0.00e+00	0.00e+00	0.00e+00	1.91e-191
 3.47816e+11	0.00e+00	1.92e-35	4.76e-25	3.66e-15	9.37e-05	2.88e-01	7.12e-01	0.00e+00	0.00e+00	0.00e+00	0.00e+00	0.00e+00	1.96e-234
 3.91656e+11	9.86e-47	2.77e-35	6.36e-25	4.52e-15	1.07e-04	3.04e-01	6.95e-01	0.00e+00	0.00e+00	0.00e+00	0.00e+00	0.00e+00	3.36e-147
 4.35043e+11	0.00e+00	0.00e+00	8.38e-25	5.52e-15	1.21e-04	3.21e-01	6.79e-01	0.00e+00	0.00e+00	0.00e+00	0.00e+00	0.00e+00	1.87e-190
 4.80165e+11	0.00e+00	5.61e-35	1.11e-24	6.76e-15	1.38e-04	3.37e-01	6.63e-01	0.00e+00	0.00e+00	0.00e+00	0.00e+00	0.00e+00	7.77e-234
 5.29299e+11	3.62e-46	8.09e-35	1.48e-24	8.33e-15	1.57e-04	3.55e-01	6.45e-01	0.00e+00	0.00e+00	0.00e+00	0.00e+00	0.00e+00	9.47e-146
 5.80398e+11	0.00e+00	1.17e-34	1.97e-24	1.03e-14	1.78e-04	3.73e-01	6.26e-01	0.00e+00	0.00e+00	0.00e+00	0.00e+00	0.00e+00	2.09e-189
 6.33540e+11	8.83e-46	1.68e-34	2.62e-24	1.26e-14	2.03e-04	3.92e-01	6.08e-01	0.00e+00	0.00e+00	0.00e+00	0.00e+00	0.00e+00	3.39e-233
 6.88809e+11	0.00e+00	2.42e-34	3.48e-24	1.55e-14	2.30e-04	4.11e-01	5.89e-01	0.00e+00	0.00e+00	0.00e+00	0.00e+00	0.00e+00	7.27e-166
 7.46288e+11	2.14e-45	3.49e-34	4.63e-24	1.90e-14	2.61e-04	4.31e-01	5.69e-01	0.00e+00	0.00e+00	0.00e+00	0.00e+00	0.00e+00	6.17e-210
 8.06066e+11	0.00e+00	5.01e-34	6.15e-24	2.33e-14	2.95e-04	4.50e-01	5.50e-01	0.00e+00	0.00e+00	0.00e+00	0.00e+00	0.00e+00	9.95e-165
 8.68235e+11	5.19e-45	7.20e-34	8.15e-24	2.86e-14	3.34e-04	4.70e-01	5.30e-01	0.00e+00	0.00e+00	0.00e+00	0.00e+00	0.00e+00	4.44e-209
 9.32892e+11	0.00e+00	1.03e-33	1.08e-23	3.50e-14	3.77e-04	4.90e-01	5.10e-01	0.00e+00	0.00e+00	0.00e+00	0.00e+00	0.00e+00	1.36e-163
 1.00013e+12	1.25e-44	1.48e-33	1.43e-23	4.27e-14	4.26e-04	5.10e-01	4.90e-01	0.00e+00	0.00e+00	0.00e+00	0.00e+00	0.00e+00	3.22e-208
 1.07007e+12	0.00e+00	2.12e-33	1.89e-23	5.22e-14	4.80e-04	5.29e-01	4.70e-01	0.00e+00	0.00e+00	0.00e+00	0.00e+00	0.00e+00	1.86e-162
 1.14280e+12	3.01e-44	3.04e-33	2.50e-23	6.36e-14	5.41e-04	5.49e-01	4.50e-01	0.00e+00	0.00e+00	0.00e+00	0.00e+00	0.00e+00	2.29e-207
 1.21843e+12	0.00e+00	4.34e-33	3.30e-23	7.76e-14	6.09e-04	5.69e-01	4.30e-01	0.00e+00	0.00e+00	0.00e+00	0.00e+00	0.00e+00	2.54e-161
 1.29171e+12	7.01e-44	6.05e-33	4.27e-23	9.31e-14	6.78e-04	5.87e-01	4.12e-01	0.00e+00	0.00e+00	0.00e+00	0.00e+00	0.00e+00	1.63e-206
 1.35885e+12	0.00e+00	8.13e-33	5.37e-23	1.10e-13	7.46e-04	6.03e-01	3.96e-01	0.00e+00	0.00e+00	0.00e+00	0.00e+00	0.00e+00	2.53e-160
 1.43344e+12	1.49e-43	1.12e-32	6.88e-23	1.31e-13	8.29e-04	6.20e-01	3.79e-01	0.00e+00	0.00e+00	0.00e+00	0.00e+00	0.00e+00	8.93e-206
 1.52008e+12	0.00e+00	1.59e-32	9.04e-23	1.58e-13	9.27e-04	6.38e-01	3.61e-01	0.00e+00	0.00e+00	0.00e+00	0.00e+00	0.00e+00	2.97e-159
 1.60580e+12	3.46e-43	2.22e-32	1.17e-22	1.90e-13	1.03e-03	6.56e-01	3.43e-01	0.00e+00	0.00e+00	0.00e+00	0.00e+00	0.00e+00	5.04e-205
 1.69495e+12	0.00e+00	3.12e-32	1.52e-22	2.29e-13	1.15e-03	6.73e-01	3.26e-01	0.00e+00	0.00e+00	0.00e+00	0.00e+00	0.00e+00	3.54e-158
 1.79267e+12	8.09e-43	4.44e-32	2.00e-22	2.77e-13	1.28e-03	6.90e-01	3.09e-01	0.00e+00	0.00e+00	0.00e+00	0.00e+00	0.00e+00	3.68e-204
 1.89145e+12	0.00e+00	6.27e-32	2.61e-22	3.34e-13	1.43e-03	7.06e-01	2.92e-01	0.00e+00	0.00e+00	0.00e+00	0.00e+00	0.00e+00	4.70e-157
 1.99418e+12	1.89e-42	8.86e-32	3.41e-22	4.03e-13	1.60e-03	7.22e-01	2.76e-01	0.00e+00	0.00e+00	0.00e+00	0.00e+00	0.00e+00	2.31e-203
 2.10387e+12	0.00e+00	1.26e-31	4.48e-22	4.88e-13	1.78e-03	7.38e-01	2.60e-01	0.00e+00	0.00e+00	0.00e+00	0.00e+00	0.00e+00	6.27e-156
 2.21796e+12	4.52e-42	1.80e-31	5.89e-22	5.90e-13	1.99e-03	7.53e-01	2.45e-01	0.00e+00	0.00e+00	0.00e+00	0.00e+00	0.00e+00	1.04e-202
 2.33660e+12	0.00e+00	2.57e-31	7.74e-22	7.14e-13	2.22e-03	7.68e-01	2.30e-01	0.00e+00	0.00e+00	0.00e+00	0.00e+00	0.00e+00	8.71e-155
 2.45999e+12	1.08e-41	3.66e-31	1.02e-21	8.64e-13	2.47e-03	7.82e-01	2.16e-01	0.00e+00	0.00e+00	0.00e+00	0.00e+00	0.00e+00	5.97e-204
 2.58832e+12	0.00e+00	5.22e-31	1.34e-21	1.04e-12	2.75e-03	7.95e-01	2.02e-01	0.00e+00	0.00e+00	0.00e+00	0.00e+00	0.00e+00	1.22e-153
 2.72178e+12	2.60e-41	7.44e-31	1.76e-21	1.26e-12	3.06e-03	8.08e-01	1.89e-01	0.00e+00	0.00e+00	0.00e+00	0.00e+00	0.00e+00	0.00e+00
 2.86058e+12	0.00e+00	1.06e-30	2.31e-21	1.53e-12	3.41e-03	8.20e-01	1.77e-01	0.00e+00	0.00e+00	0.00e+00	0.00e+00	0.00e+00	1.71e-152
 2.99100e+12	5.99e-41	1.46e-30	2.95e-21	1.81e-12	3.75e-03	8.30e-01	1.66e-01	0.00e+00	0.00e+00	0.00e+00	0.00e+00	0.00e+00	0.00e+00
 3.10749e+12	0.00e+00	1.94e-30	3.66e-21	2.10e-12	4.08e-03	8.39e-01	1.57e-01	0.00e+00	0.00e+00	0.00e+00	0.00e+00	0.00e+00	1.60e-151
 3.23821e+12	1.23e-40	2.63e-30	4.63e-21	2.47e-12	4.47e-03	8.48e-01	1.48e-01	0.00e+00	0.00e+00	0.00e+00	0.00e+00	0.00e+00	0.00e+00
 3.39330e+12	0.00e+00	3.72e-30	6.04e-21	2.97e-12	4.95e-03	8.57e-01	1.38e-01	0.00e+00	0.00e+00	0.00e+00	0.00e+00	0.00e+00	1.81e-150
 3.54926e+12	2.87e-40	5.21e-30	7.82e-21	3.55e-12	5.46e-03	8.66e-01	1.29e-01	0.00e+00	0.00e+00	0.00e+00	0.00e+00	0.00e+00	1.64e-197
 3.69543e+12	0.00e+00	7.06e-30	9.88e-21	4.17e-12	5.97e-03	8.73e-01	1.21e-01	0.00e+00	0.00e+00	0.00e+00	0.00e+00	0.00e+00	1.98e-149
 3.85715e+12	6.28e-40	9.81e-30	1.27e-20	4.97e-12	6.58e-03	8.81e-01	1.13e-01	0.00e+00	0.00e+00	0.00e+00	0.00e+00	0.00e+00	0.00e+00
 4.04136e+12	0.00e+00	1.41e-29	1.68e-20	6.00e-12	7.30e-03	8.88e-01	1.04e-01	0.00e+00	0.00e+00	0.00e+00	0.00e+00	0.00e+00	2.57e-148
 4.22494e+12	1.50e-39	1.99e-29	2.18e-20	7.19e-12	8.07e-03	8.95e-01	9.70e-02	0.00e+00	0.00e+00	0.00e+00	0.00e+00	0.00e+00	0.00e+00
 4.41586e+12	0.00e+00	2.81e-29	2.85e-20	8.64e-12	8.92e-03	9.01e-01	8.99e-02	0.00e+00	0.00e+00	0.00e+00	0.00e+00	0.00e+00	3.37e-147
 4.62242e+12	3.62e-39	4.04e-29	3.76e-20	1.04e-11	9.89e-03	9.07e-01	8.30e-02	0.00e+00	0.00e+00	0.00e+00	0.00e+00	0.00e+00	0.00e+00
 4.83724e+12	0.00e+00	5.80e-29	4.97e-20	1.26e-11	1.10e-02	9.12e-01	7.66e-02	0.00e+00	0.00e+00	0.00e+00	0.00e+00	0.00e+00	5.01e-146
 5.03970e+12	8.53e-39	8.07e-29	6.39e-20	1.50e-11	1.20e-02	9.17e-01	7.12e-02	0.00e+00	0.00e+00	0.00e+00	0.00e+00	0.00e+00	0.00e+00
 5.22174e+12	0.00e+00	1.08e-28	7.97e-20	1.74e-11	1.31e-02	9.20e-01	6.67e-02	0.00e+00	0.00e+00	0.00e+00	0.00e+00	0.00e+00	4.98e-145
 5.42668e+12	1.80e-38	1.48e-28	1.01e-19	2.06e-11	1.43e-02	9.24e-01	6.21e-02	0.00e+00	0.00e+00	0.00e+00	0.00e+00	0.00e+00	7.68e-192
 5.66833e+12	0.00e+00	2.11e-28	1.33e-19	2.48e-11	1.58e-02	9.27e-01	5.72e-02	0.00e+00	0.00e+00	0.00e+00	0.00e+00	0.00e+00	6.07e-144
 5.91001e+12	4.33e-38	2.98e-28	1.74e-19	2.97e-11	1.74e-02	9.30e-01	5.27e-02	0.00e+00	0.00e+00	0.00e+00	0.00e+00	0.00e+00	0.00e+00
 6.13741e+12	0.00e+00	4.09e-28	2.21e-19	3.50e-11	1.90e-02	9.32e-01	4.90e-02	0.00e+00	0.00e+00	0.00e+00	0.00e+00	0.00e+00	7.06e-143
 6.38890e+12	9.73e-38	5.73e-28	2.87e-19	4.17e-11	2.08e-02	9.34e-01	4.52e-02	0.00e+00	0.00e+00	0.00e+00	0.00e+00	0.00e+00	9.66e-203
 6.67439e+12	0.00e+00	8.30e-28	3.81e-19	5.05e-11	2.31e-02	9.36e-01	4.14e-02	0.00e+00	0.00e+00	0.00e+00	0.00e+00	0.00e+00	9.69e-142
 6.95647e+12	2.38e-37	1.18e-27	4.99e-19	6.06e-11	2.54e-02	9.37e-01	3.80e-02	0.00e+00	0.00e+00	0.00e+00	0.00e+00	0.00e+00	0.00e+00
 7.24984e+12	0.00e+00	1.68e-27	6.54e-19	7.29e-11	2.80e-02	9.37e-01	3.49e-02	0.00e+00	0.00e+00	0.00e+00	0.00e+00	0.00e+00	1.32e-140
 7.56976e+12	5.87e-37	2.44e-27	8.69e-19	8.83e-11	3.09e-02	9.37e-01	3.19e-02	0.00e+00	0.00e+00	0.00e+00	0.00e+00	0.00e+00	2.58e-227
 7.89245e+12	0.00e+00	3.50e-27	1.15e-18	1.07e-10	3.41e-02	9.37e-01	2.91e-02	0.00e+00	0.00e+00	0.00e+00	0.00e+00	0.00e+00	1.99e-139
 8.22804e+12	1.45e-36	5.04e-27	1.52e-18	1.29e-10	3.76e-02	9.36e-01	2.66e-02	0.00e+00	0.00e+00	0.00e+00	0.00e+00	0.00e+00	4.03e-226
 8.57410e+12	0.00e+00	7.23e-27	2.00e-18	1.55e-10	4.14e-02	9.34e-01	2.43e-02	0.00e+00	0.00e+00	0.00e+00	0.00e+00	0.00e+00	2.87e-138
 8.91334e+12	3.46e-36	1.02e-26	2.60e-18	1.85e-10	4.53e-02	9.32e-01	2.22e-02	0.00e+00	0.00e+00	0.00e+00	0.00e+00	0.00e+00	0.00e+00
 9.27914e+12	0.00e+00	1.45e-26	3.42e-18	2.22e-10	4.98e-02	9.30e-01	2.03e-02	0.00e+00	0.00e+00	0.00e+00	0.00e+00	0.00e+00	3.74e-137
 9.68023e+12	8.59e-36	2.11e-26	4.56e-18	2.70e-10	5.50e-02	9.27e-01	1.84e-02	0.00e+00	0.00e+00	0.00e+00	0.00e+00	0.00e+00	0.00e+00
 1.00974e+13	0.00e+00	3.08e-26	6.09e-18	3.28e-10	6.06e-02	9.23e-01	1.66e-02	0.00e+00	0.00e+00	0.00e+00	0.00e+00	0.00e+00	5.91e-136
 1.05312e+13	2.18e-35	4.48e-26	8.13e-18	3.98e-10	6.69e-02	9.18e-01	1.50e-02	0.00e+00	0.00e+00	0.00e+00	0.00e+00	0.00e+00	0.00e+00
 1.09824e+13	0.00e+00	6.53e-26	1.09e-17	4.83e-10	7.37e-02	9.13e-01	1.36e-02	0.00e+00	0.00e+00	0.00e+00	0.00e+00	0.00e+00	9.30e-135
 1.13901e+13	5.23e-35	9.06e-26	1.40e-17	5.73e-10	8.01e-02	9.07e-01	1.24e-02	0.00e+00	0.00e+00	0.00e+00	0.00e+00	0.00e+00	1.82e-98
 1.17294e+13	7.24e-35	1.18e-25	1.71e-17	6.56e-10	8.57e-02	9.03e-01	1.15e-02	0.00e+00	0.00e+00	0.00e+00	0.00e+00	0.00e+00	0.00e+00
 1.21009e+13	1.02e-34	1.56e-25	2.13e-17	7.59e-10	9.20e-02	8.97e-01	1.06e-02	0.00e+00	0.00e+00	0.00e+00	0.00e+00	0.00e+00	1.31e-115
 1.25720e+13	1.57e-34	2.20e-25	2.77e-17	9.06e-10	1.00e-01	8.90e-01	9.65e-03	0.00e+00	0.00e+00	0.00e+00	0.00e+00	0.00e+00	2.03e-97
 1.30639e+13	2.40e-34	3.10e-25	3.62e-17	1.08e-09	1.09e-01	8.82e-01	8.73e-03	0.00e+00	0.00e+00	0.00e+00	0.00e+00	0.00e+00	0.00e+00
 1.34808e+13	3.40e-34	4.10e-25	4.50e-17	1.25e-09	1.17e-01	8.75e-01	8.03e-03	0.00e+00	0.00e+00	0.00e+00	0.00e+00	0.00e+00	3.04e-114
 1.39091e+13	4.79e-34	5.42e-25	5.58e-17	1.45e-09	1.26e-01	8.67e-01	7.39e-03	0.00e+00	0.00e+00	0.00e+00	0.00e+00	0.00e+00	2.35e-96
 1.44492e+13	7.28e-34	7.60e-25	7.26e-17	1.73e-09	1.37e-01	8.57e-01	6.67e-03	0.00e+00	0.00e+00	0.00e+00	0.00e+00	0.00e+00	0.00e+00
 1.49982e+13	1.09e-33	1.06e-24	9.39e-17	2.05e-09	1.48e-01	8.46e-01	6.01e-03	0.00e+00	0.00e+00	0.00e+00	0.00e+00	0.00e+00	6.61e-113
 1.54683e+13	1.53e-33	1.39e-24	1.16e-16	2.36e-09	1.58e-01	8.36e-01	5.52e-03	0.00e+00	0.00e+00	0.00e+00	0.00e+00	0.00e+00	2.96e-95
 1.59721e+13	2.16e-33	1.83e-24	1.44e-16	2.73e-09	1.70e-01	8.25e-01	5.05e-03	0.00e+00	0.00e+00	0.00e+00	0.00e+00	0.00e+00	3.99e-112
 1.65969e+13	3.26e-33	2.56e-24	1.87e-16	3.24e-09	1.84e-01	8.12e-01	4.52e-03	0.00e+00	0.00e+00	0.00e+00	0.00e+00	0.00e+00	1.55e-94
 1.72381e+13	4.89e-33	3.55e-24	2.41e-16	3.85e-09	1.98e-01	7.98e-01	4.06e-03	0.00e+00	0.00e+00	0.00e+00	0.00e+00	0.00e+00	3.47e-111
 1.78140e+13	6.91e-33	4.70e-24	3.01e-16	4.45e-09	2.12e-01	7.85e-01	3.69e-03	0.00e+00	0.00e+00	0.00e+00	0.00e+00	0.00e+00	7.94e-94
 1.84461e+13	9.94e-33	6.31e-24	3.78e-16	5.18e-09	2.27e-01	7.70e-01	3.33e-03	0.00e+00	0.00e+00	0.00e+00	0.00e+00	0.00e+00	2.32e-110
 1.91943e+13	1.50e-32	8.81e-24	4.91e-16	6.16e-09	2.44e-01	7.53e-01	2.95e-03	0.00e+00	0.00e+00	0.00e+00	0.00e+00	0.00e+00	4.34e-93
 1.99445e+13	2.22e-32	1.21e-23	6.30e-16	7.26e-09	2.62e-01	7.35e-01	2.63e-03	0.00e+00	0.00e+00	0.00e+00	0.00e+00	0.00e+00	2.02e-109
 2.06545e+13	3.16e-32	1.61e-23	7.88e-16	8.41e-09	2.79e-01	7.18e-01	2.36e-03	0.00e+00	0.00e+00	0.00e+00	0.00e+00	0.00e+00	2.24e-92
 2.14404e+13	4.60e-32	2.18e-23	9.98e-16	9.83e-09	2.98e-01	7.00e-01	2.11e-03	0.00e+00	0.00e+00	0.00e+00	0.00e+00	0.00e+00	1.46e-108
 2.23280e+13	6.87e-32	3.02e-23	1.29e-15	1.16e-08	3.20e-01	6.79e-01	1.85e-03	0.00e+00	0.00e+00	0.00e+00	0.00e+00	0.00e+00	1.25e-91
 2.32126e+13	1.00e-31	4.11e-23	1.64e-15	1.36e-08	3.40e-01	6.58e-01	1.64e-03	0.00e+00	0.00e+00	0.00e+00	0.00e+00	0.00e+00	1.25e-107
 2.39932e+13	1.38e-31	5.33e-23	2.00e-15	1.55e-08	3.59e-01	6.40e-01	1.47e-03	0.00e+00	0.00e+00	0.00e+00	0.00e+00	0.00e+00	5.95e-91
 2.46799e+13	1.81e-31	6.63e-23	2.38e-15	1.73e-08	3.75e-01	6.24e-01	1.34e-03	0.00e+00	0.00e+00	0.00e+00	0.00e+00	0.00e+00	6.45e-107
 2.54581e+13	2.43e-31	8.42e-23	2.86e-15	1.95e-08	3.92e-01	6.06e-01	1.21e-03	0.00e+00	0.00e+00	0.00e+00	0.00e+00	0.00e+00	2.12e-90
 2.63256e+13	3.33e-31	1.09e-22	3.49e-15	2.22e-08	4.12e-01	5.87e-01	1.09e-03	0.00e+00	0.00e+00	0.00e+00	0.00e+00	0.00e+00	3.57e-106
 2.71405e+13	4.43e-31	1.37e-22	4.17e-15	2.49e-08	4.30e-01	5.69e-01	9.80e-04	0.00e+00	0.00e+00	0.00e+00	0.00e+00	0.00e+00	8.22e-90
 2.80311e+13	5.96e-31	1.74e-22	5.03e-15	2.80e-08	4.49e-01	5.51e-01	8.79e-04	0.00e+00	0.00e+00	0.00e+00	0.00e+00	0.00e+00	1.85e-105
 2.90264e+13	8.20e-31	2.25e-22	6.14e-15	3.19e-08	4.69e-01	5.30e-01	7.79e-04	0.00e+00	0.00e+00	0.00e+00	0.00e+00	0.00e+00	3.35e-89
 2.99656e+13	1.09e-30	2.84e-22	7.35e-15	3.57e-08	4.88e-01	5.11e-01	6.98e-04	0.00e+00	0.00e+00	0.00e+00	0.00e+00	0.00e+00	1.05e-104
 3.09946e+13	1.48e-30	3.62e-22	8.88e-15	4.03e-08	5.08e-01	4.91e-01	6.20e-04	0.00e+00	0.00e+00	0.00e+00	0.00e+00	0.00e+00	1.31e-88
 3.21462e+13	2.05e-30	4.70e-22	1.09e-14	4.57e-08	5.30e-01	4.70e-01	5.44e-04	0.00e+00	0.00e+00	0.00e+00	0.00e+00	0.00e+00	6.46e-104
 3.32366e+13	2.74e-30	5.95e-22	1.30e-14	5.13e-08	5.49e-01	4.50e-01	4.83e-04	0.00e+00	0.00e+00	0.00e+00	0.00e+00	0.00e+00	5.46e-88
 3.42458e+13	3.56e-30	7.34e-22	1.53e-14	5.67e-08	5.66e-01	4.33e-01	4.33e-04	0.00e+00	0.00e+00	0.00e+00	0.00e+00	0.00e+00	3.27e-103
 3.53695e+13	4.70e-30	9.18e-22	1.82e-14	6.31e-08	5.85e-01	4.15e-01	3.85e-04	0.00e+00	0.00e+00	0.00e+00	0.00e+00	0.00e+00	1.93e-87
 3.66297e+13	6.34e-30	1.17e-21	2.19e-14	7.08e-08	6.04e-01	3.95e-01	3.39e-04	0.00e+00	0.00e+00	0.00e+00	0.00e+00	0.00e+00	1.81e-102
 3.78190e+13	8.31e-30	1.45e-21	2.59e-14	7.85e-08	6.22e-01	3.78e-01	3.01e-04	0.00e+00	0.00e+00	0.00e+00	0.00e+00	0.00e+00	7.45e-87
 3.91169e+13	1.10e-29	1.82e-21	3.08e-14	8.73e-08	6.40e-01	3.59e-01	2.65e-04	0.00e+00	0.00e+00	0.00e+00	0.00e+00	0.00e+00	9.56e-102
 4.05526e+13	1.49e-29	2.32e-21	3.70e-14	9.77e-08	6.59e-01	3.40e-01	2.31e-04	0.00e+00	0.00e+00	0.00e+00	0.00e+00	0.00e+00	3.01e-86
 4.18825e+13	1.95e-29	2.87e-21	4.35e-14	1.08e-07	6.76e-01	3.24e-01	2.04e-04	0.00e+00	0.00e+00	0.00e+00	0.00e+00	0.00e+00	5.34e-101
 4.33264e+13	2.57e-29	3.58e-21	5.15e-14	1.19e-07	6.93e-01	3.07e-01	1.79e-04	0.00e+00	0.00e+00	0.00e+00	0.00e+00	0.00e+00	1.13e-85
 4.49413e+13	3.46e-29	4.55e-21	6.17e-14	1.33e-07	7.10e-01	2.90e-01	1.56e-04	0.00e+00	0.00e+00	0.00e+00	0.00e+00	0.00e+00	3.12e-100
 4.64645e+13	4.54e-29	5.64e-21	7.26e-14	1.47e-07	7.25e-01	2.74e-01	1.37e-04	0.00e+00	0.00e+00	0.00e+00	0.00e+00	0.00e+00	4.52e-85
 4.81306e+13	6.03e-29	7.07e-21	8.61e-14	1.62e-07	7.41e-01	2.59e-01	1.19e-04	0.00e+00	0.00e+00	0.00e+00	0.00e+00	0.00e+00	1.73e-99
 4.99906e+13	8.15e-29	8.99e-21	1.03e-13	1.81e-07	7.57e-01	2.43e-01	1.02e-04	0.00e+00	0.00e+00	0.00e+00	0.00e+00	0.00e+00	1.92e-84
 5.17431e+13	1.07e-28	1.12e-20	1.21e-13	1.99e-07	7.71e-01	2.29e-01	8.94e-05	0.00e+00	0.00e+00	0.00e+00	0.00e+00	0.00e+00	1.05e-98
 5.36439e+13	1.43e-28	1.40e-20	1.44e-13	2.20e-07	7.85e-01	2.15e-01	7.75e-05	0.00e+00	0.00e+00	0.00e+00	0.00e+00	0.00e+00	7.82e-84
 5.57756e+13	1.94e-28	1.78e-20	1.72e-13	2.44e-07	8.00e-01	2.00e-01	6.63e-05	0.00e+00	0.00e+00	0.00e+00	0.00e+00	0.00e+00	6.78e-98
 5.78320e+13	2.57e-28	2.23e-20	2.03e-13	2.69e-07	8.12e-01	1.88e-01	5.74e-05	0.00e+00	0.00e+00	0.00e+00	0.00e+00	0.00e+00	3.46e-83
 6.00146e+13	3.43e-28	2.80e-20	2.41e-13	2.96e-07	8.24e-01	1.76e-01	4.94e-05	0.00e+00	0.00e+00	0.00e+00	0.00e+00	0.00e+00	4.19e-97
 6.24451e+13	4.67e-28	3.57e-20	2.88e-13	3.28e-07	8.37e-01	1.63e-01	4.21e-05	0.00e+00	0.00e+00	0.00e+00	0.00e+00	0.00e+00	1.59e-82
 6.48971e+13	6.29e-28	4.52e-20	3.42e-13	3.62e-07	8.48e-01	1.52e-01	3.61e-05	0.00e+00	0.00e+00	0.00e+00	0.00e+00	0.00e+00	2.93e-96
 6.74471e+13	8.50e-28	5.71e-20	4.05e-13	3.98e-07	8.58e-01	1.42e-01	3.09e-05	0.00e+00	0.00e+00	0.00e+00	0.00e+00	0.00e+00	7.52e-82
 7.01749e+13	1.15e-27	7.25e-20	4.83e-13	4.40e-07	8.69e-01	1.31e-01	2.63e-05	0.00e+00	0.00e+00	0.00e+00	0.00e+00	0.00e+00	2.06e-95
 7.27557e+13	1.52e-27	9.02e-20	5.65e-13	4.80e-07	8.77e-01	1.23e-01	2.27e-05	0.00e+00	0.00e+00	0.00e+00	0.00e+00	0.00e+00	3.43e-81
 7.50894e+13	1.94e-27	1.09e-19	6.48e-13	5.19e-07	8.84e-01	1.16e-01	2.00e-05	0.00e+00	0.00e+00	0.00e+00	0.00e+00	0.00e+00	1.12e-94
 7.72923e+13	2.42e-27	1.30e-19	7.35e-13	5.56e-07	8.91e-01	1.09e-01	1.78e-05	0.00e+00	0.00e+00	0.00e+00	0.00e+00	0.00e+00	1.16e-80
 7.97289e+13	3.08e-27	1.56e-19	8.39e-13	5.98e-07	8.97e-01	1.03e-01	1.57e-05	0.00e+00	0.00e+00	0.00e+00	0.00e+00	0.00e+00	5.00e-94
 8.24620e+13	4.00e-27	1.91e-19	9.69e-13	6.47e-07	9.03e-01	9.66e-02	1.37e-05	0.00e+00	0.00e+00	0.00e+00	0.00e+00	0.00e+00	4.38e-80
 8.50617e+13	5.07e-27	2.30e-19	1.11e-12	6.96e-07	9.09e-01	9.09e-02	1.21e-05	0.00e+00	0.00e+00	0.00e+00	0.00e+00	0.00e+00	2.54e-93
 8.79222e+13	6.55e-27	2.80e-19	1.27e-12	7.51e-07	9.15e-01	8.53e-02	1.05e-05	0.00e+00	0.00e+00	0.00e+00	0.00e+00	0.00e+00	1.63e-79
 9.10477e+13	8.57e-27	3.45e-19	1.48e-12	8.14e-07	9.20e-01	7.97e-02	9.15e-06	0.00e+00	0.00e+00	0.00e+00	0.00e+00	0.00e+00	1.41e-92
 9.38947e+13	1.09e-26	4.15e-19	1.68e-12	8.72e-07	9.25e-01	7.51e-02	8.08e-06	0.00e+00	0.00e+00	0.00e+00	0.00e+00	0.00e+00	6.31e-79
 9.69728e+13	1.40e-26	5.02e-19	1.92e-12	9.38e-07	9.29e-01	7.05e-02	7.10e-06	0.00e+00	0.00e+00	0.00e+00	0.00e+00	0.00e+00	6.90e-92
 1.00436e+14	1.83e-26	6.20e-19	2.22e-12	1.01e-06	9.34e-01	6.59e-02	6.17e-06	0.00e+00	0.00e+00	0.00e+00	0.00e+00	0.00e+00	2.57e-78
 1.03725e+14	2.35e-26	7.50e-19	2.54e-12	1.09e-06	9.38e-01	6.19e-02	5.41e-06	0.00e+00	0.00e+00	0.00e+00	0.00e+00	0.00e+00	3.79e-91
 1.07328e+14	3.07e-26	9.19e-19	2.93e-12	1.17e-06	9.42e-01	5.79e-02	4.72e-06	0.00e+00	0.00e+00	0.00e+00	0.00e+00	0.00e+00	1.03e-77
 1.11310e+14	4.07e-26	1.14e-18	3.41e-12	1.27e-06	9.46e-01	5.39e-02	4.08e-06	0.00e+00	0.00e+00	0.00e+00	0.00e+00	0.00e+00	2.28e-90
 1.15012e+14	5.25e-26	1.39e-18	3.90e-12	1.36e-06	9.49e-01	5.06e-02	3.58e-06	0.00e+00	0.00e+00	0.00e+00	0.00e+00	0.00e+00	4.42e-77
 1.19052e+14	6.89e-26	1.71e-18	4.49e-12	1.47e-06	9.53e-01	4.73e-02	3.12e-06	0.00e+00	0.00e+00	0.00e+00	0.00e+00	0.00e+00	1.26e-89
 1.23592e+14	9.24e-26	2.13e-18	5.23e-12	1.59e-06	9.56e-01	4.40e-02	2.69e-06	0.00e+00	0.00e+00	0.00e+00	0.00e+00	0.00e+00	2.06e-76
 1.27915e+14	1.21e-25	2.62e-18	6.02e-12	1.71e-06	9.59e-01	4.11e-02	2.34e-06	0.00e+00	0.00e+00	0.00e+00	0.00e+00	0.00e+00	4.29e-76
 1.32596e+14	1.61e-25	3.24e-18	6.96e-12	1.84e-06	9.62e-01	3.84e-02	2.03e-06	0.00e+00	0.00e+00	0.00e+00	0.00e+00	0.00e+00	9.27e-76
 1.37786e+14	2.17e-25	4.08e-18	8.14e-12	2.00e-06	9.64e-01	3.56e-02	1.74e-06	0.00e+00	0.00e+00	0.00e+00	0.00e+00	0.00e+00	2.12e-75
 1.42767e+14	2.87e-25	5.04e-18	9.40e-12	2.15e-06	9.67e-01	3.32e-02	1.52e-06	0.00e+00	0.00e+00	0.00e+00	0.00e+00	0.00e+00	4.55e-75
 1.48090e+14	3.84e-25	6.28e-18	1.09e-11	2.32e-06	9.69e-01	3.09e-02	1.31e-06	0.00e+00	0.00e+00	0.00e+00	0.00e+00	0.00e+00	1.01e-74
 1.54044e+14	5.26e-25	7.95e-18	1.28e-11	2.51e-06	9.71e-01	2.87e-02	1.12e-06	0.00e+00	0.00e+00	0.00e+00	0.00e+00	0.00e+00	2.38e-74
 1.60016e+14	7.11e-25	9.98e-18	1.49e-11	2.72e-06	9.73e-01	2.66e-02	9.68e-07	0.00e+00	0.00e+00	0.00e+00	0.00e+00	0.00e+00	5.45e-74
 1.66228e+14	9.61e-25	1.25e-17	1.73e-11	2.93e-06	9.75e-01	2.47e-02	0.00e+00	0.00e+00	0.00e+00	0.00e+00	0.00e+00	0.00e+00	1.25e-73
 1.72907e+14	1.31e-24	1.59e-17	2.03e-11	3.18e-06	9.77e-01	2.29e-02	0.00e+00	0.00e+00	0.00e+00	0.00e+00	0.00e+00	0.00e+00	2.95e-73
 1.79853e+14	1.80e-24	2.01e-17	2.38e-11	3.44e-06	9.79e-01	2.12e-02	0.00e+00	0.00e+00	0.00e+00	0.00e+00	0.00e+00	0.00e+00	6.96e-73
 1.87077e+14	2.45e-24	2.54e-17	2.78e-11	3.73e-06	9.80e-01	1.97e-02	0.00e+00	0.00e+00	0.00e+00	0.00e+00	0.00e+00	0.00e+00	1.64e-72
 1.94091e+14	3.29e-24	3.16e-17	3.22e-11	4.01e-06	9.82e-01	1.83e-02	0.00e+00	0.00e+00	0.00e+00	0.00e+00	0.00e+00	0.00e+00	3.67e-72
 2.00720e+14	4.29e-24	3.86e-17	3.68e-11	4.29e-06	9.83e-01	1.71e-02	0.00e+00	0.00e+00	0.00e+00	0.00e+00	0.00e+00	0.00e+00	7.66e-72
 2.06984e+14	5.48e-24	4.64e-17	4.17e-11	4.56e-06	9.84e-01	1.61e-02	0.00e+00	0.00e+00	0.00e+00	0.00e+00	1.50e-17	3.14e-17	1.50e-71
 2.13808e+14	7.09e-24	5.64e-17	4.74e-11	4.87e-06	9.85e-01	1.52e-02	0.00e+00	0.00e+00	0.00e+00	0.00e+00	1.87e-17	3.77e-17	3.06e-71
 2.21410e+14	9.33e-24	6.92e-17	5.45e-11	5.22e-06	9.86e-01	1.41e-02	0.00e+00	0.00e+00	0.00e+00	0.00e+00	2.30e-17	4.63e-17	6.48e-71
 2.28558e+14	1.20e-23	8.39e-17	6.19e-11	5.56e-06	9.87e-01	1.33e-02	0.00e+00	0.00e+00	0.00e+00	0.00e+00	2.79e-17	5.61e-17	1.31e-70
 2.36388e+14	1.57e-23	1.02e-16	7.08e-11	5.95e-06	9.88e-01	1.24e-02	0.00e+00	0.00e+00	0.00e+00	0.00e+00	3.40e-17	6.85e-17	2.73e-70
 2.45178e+14	2.09e-23	1.27e-16	8.19e-11	6.41e-06	9.88e-01	1.16e-02	0.00e+00	0.00e+00	0.00e+00	0.00e+00	4.22e-17	8.50e-17	6.02e-70
 2.53587e+14	2.72e-23	1.55e-16	9.37e-11	6.86e-06	9.89e-01	1.08e-02	0.00e+00	0.00e+00	0.00e+00	0.00e+00	5.15e-17	1.04e-16	1.24e-69
 2.62798e+14	3.62e-23	1.92e-16	1.08e-10	7.36e-06	9.90e-01	1.01e-02	0.00e+00	0.00e+00	0.00e+00	0.00e+00	6.38e-17	1.28e-16	2.72e-69
 2.73340e+14	4.90e-23	2.42e-16	1.27e-10	7.98e-06	9.91e-01	9.33e-03	0.00e+00	0.00e+00	0.00e+00	0.00e+00	8.02e-17	1.61e-16	6.22e-69
 2.83602e+14	6.57e-23	3.01e-16	1.47e-10	8.59e-06	9.91e-01	8.68e-03	0.00e+00	0.00e+00	0.00e+00	0.00e+00	9.99e-17	2.01e-16	1.39e-68
 2.94276e+14	8.79e-23	3.75e-16	1.70e-10	9.25e-06	9.92e-01	8.06e-03	0.00e+00	0.00e+00	0.00e+00	0.00e+00	1.25e-16	2.51e-16	3.11e-68
 3.05091e+14	1.16e-22	4.63e-16	1.97e-10	9.96e-06	9.92e-01	7.50e-03	0.00e+00	0.00e+00	0.00e+00	0.00e+00	1.54e-16	3.09e-16	6.65e-68
 3.14634e+14	1.48e-22	5.57e-16	2.22e-10	1.06e-05	9.93e-01	7.06e-03	0.00e+00	0.00e+00	0.00e+00	0.00e+00	1.85e-16	3.72e-16	1.31e-67
 3.25015e+14	1.90e-22	6.73e-16	2.54e-10	1.13e-05	9.93e-01	6.61e-03	0.00e+00	0.00e+00	0.00e+00	0.00e+00	2.23e-16	4.50e-16	2.58e-67
 3.37515e+14	2.56e-22	8.44e-16	2.95e-10	1.22e-05	9.94e-01	6.13e-03	0.00e+00	0.00e+00	0.00e+00	0.00e+00	2.80e-16	5.64e-16	5.92e-67
 3.49929e+14	3.38e-22	1.04e-15	3.41e-10	1.31e-05	9.94e-01	5.70e-03	0.00e+00	0.00e+00	0.00e+00	0.00e+00	3.45e-16	6.95e-16	1.25e-66
 3.61019e+14	4.32e-22	1.25e-15	3.87e-10	1.40e-05	9.95e-01	5.36e-03	0.00e+00	0.00e+00	0.00e+00	0.00e+00	4.16e-16	8.38e-16	2.48e-66
 3.73232e+14	5.56e-22	1.52e-15	4.42e-10	1.50e-05	9.95e-01	5.01e-03	0.00e+00	0.00e+00	0.00e+00	0.00e+00	5.04e-16	1.01e-15	4.93e-66
 3.87752e+14	7.47e-22	1.90e-15	5.16e-10	1.62e-05	9.95e-01	4.64e-03	0.00e+00	0.00e+00	0.00e+00	0.00e+00	6.31e-16	1.27e-15	1.11e-65
 4.02111e+14	9.89e-22	2.35e-15	5.98e-10	1.74e-05	9.96e-01	4.31e-03	0.00e+00	0.00e+00	0.00e+00	0.00e+00	7.80e-16	1.57e-15	2.40e-65
 4.15210e+14	1.27e-21	2.84e-15	6.80e-10	1.86e-05	9.96e-01	4.04e-03	0.00e+00	0.00e+00	0.00e+00	0.00e+00	9.42e-16	1.90e-15	4.75e-65
 4.29830e+14	1.66e-21	3.49e-15	7.81e-10	2.00e-05	9.96e-01	3.77e-03	0.00e+00	0.00e+00	0.00e+00	0.00e+00	1.16e-15	2.33e-15	1.00e-64
 4.46871e+14	2.22e-21	4.36e-15	9.15e-10	2.16e-05	9.96e-01	3.48e-03	0.00e+00	0.00e+00	0.00e+00	0.00e+00	1.44e-15	2.91e-15	2.22e-64
 4.63608e+14	2.96e-21	5.42e-15	1.06e-09	2.33e-05	9.97e-01	3.23e-03	0.00e+00	0.00e+00	0.00e+00	0.00e+00	1.80e-15	3.62e-15	4.93e-64
 4.79407e+14	3.78e-21	6.55e-15	1.21e-09	2.50e-05	9.97e-01	3.02e-03	0.00e+00	0.00e+00	0.00e+00	0.00e+00	2.17e-15	4.38e-15	9.65e-64
 4.97006e+14	4.99e-21	8.07e-15	1.40e-09	2.68e-05	9.97e-01	2.81e-03	0.00e+00	0.00e+00	0.00e+00	0.00e+00	2.68e-15	5.40e-15	2.07e-63
 5.16916e+14	6.74e-21	1.02e-14	1.64e-09	2.91e-05	9.97e-01	2.59e-03	0.00e+00	0.00e+00	0.00e+00	0.00e+00	3.37e-15	6.81e-15	4.79e-63
 5.36815e+14	8.89e-21	1.26e-14	1.91e-09	3.14e-05	9.98e-01	2.40e-03	0.00e+00	0.00e+00	0.00e+00	0.00e+00	4.17e-15	8.41e-15	1.02e-62
 5.55384e+14	1.16e-20	1.54e-14	2.19e-09	3.36e-05	9.98e-01	2.24e-03	0.00e+00	0.00e+00	0.00e+00	0.00e+00	5.10e-15	1.03e-14	2.12e-62
 5.75504e+14	1.49e-20	1.87e-14	2.53e-09	3.62e-05	9.98e-01	2.08e-03	0.00e+00	0.00e+00	0.00e+00	0.00e+00	6.20e-15	1.25e-14	4.29e-62
 5.98045e+14	2.01e-20	2.35e-14	2.95e-09	3.91e-05	9.98e-01	1.93e-03	0.00e+00	0.00e+00	0.00e+00	0.00e+00	7.79e-15	1.57e-14	9.84e-62
 6.19109e+14	2.58e-20	2.85e-14	3.39e-09	4.20e-05	9.98e-01	1.79e-03	0.00e+00	0.00e+00	0.00e+00	0.00e+00	9.43e-15	1.90e-14	1.95e-61
 6.38549e+14	3.27e-20	3.42e-14	3.83e-09	4.47e-05	9.98e-01	1.69e-03	0.00e+00	0.00e+00	0.00e+00	0.00e+00	1.13e-14	2.28e-14	3.76e-61
 6.57189e+14	4.02e-20	4.00e-14	4.30e-09	4.74e-05	9.98e-01	1.59e-03	0.00e+00	0.00e+00	0.00e+00	0.00e+00	1.32e-14	2.67e-14	6.61e-61
 6.77942e+14	5.09e-20	4.80e-14	4.87e-09	5.04e-05	9.98e-01	1.49e-03	0.00e+00	0.00e+00	0.00e+00	0.00e+00	1.59e-14	3.21e-14	1.28e-60
 7.00956e+14	6.46e-20	5.76e-14	5.57e-09	5.40e-05	9.99e-01	1.39e-03	0.00e+00	0.00e+00	0.00e+00	0.00e+00	1.91e-14	3.85e-14	2.46e-60
 7.22319e+14	8.06e-20	6.83e-14	6.28e-09	5.74e-05	9.99e-01	1.31e-03	0.00e+00	0.00e+00	0.00e+00	0.00e+00	2.26e-14	4.57e-14	4.56e-60
 7.45501e+14	1.02e-19	8.21e-14	7.13e-09	6.12e-05	9.99e-01	1.23e-03	0.00e+00	0.00e+00	0.00e+00	0.00e+00	2.72e-14	5.50e-14	8.87e-60
 7.71659e+14	1.30e-19	9.90e-14	8.18e-09	6.57e-05	9.99e-01	1.14e-03	0.00e+00	0.00e+00	0.00e+00	0.00e+00	3.27e-14	6.63e-14	1.73e-59
 7.96671e+14	1.66e-19	1.19e-13	9.29e-09	7.00e-05	9.99e-01	1.07e-03	0.00e+00	0.00e+00	0.00e+00	0.00e+00	3.95e-14	7.99e-14	3.41e-59
 8.24169e+14	2.10e-19	1.43e-13	1.07e-08	7.51e-05	9.99e-01	9.99e-04	0.00e+00	0.00e+00	0.00e+00	0.00e+00	4.73e-14	9.58e-14	6.52e-59
 8.54436e+14	2.74e-19	1.76e-13	1.23e-08	8.08e-05	9.99e-01	9.28e-04	0.00e+00	0.00e+00	0.00e+00	0.00e+00	5.81e-14	1.18e-13	1.37e-58
 8.82259e+14	3.47e-19	2.11e-13	1.40e-08	8.62e-05	9.99e-01	8.69e-04	0.00e+00	0.00e+00	0.00e+00	0.00e+00	6.98e-14	1.42e-13	2.67e-58
 9.12388e+14	4.43e-19	2.55e-13	1.60e-08	9.23e-05	9.99e-01	8.11e-04	0.00e+00	0.00e+00	0.00e+00	0.00e+00	8.43e-14	1.71e-13	5.25e-58
 9.46081e+14	5.69e-19	3.10e-13	1.85e-08	9.94e-05	9.99e-01	7.53e-04	0.00e+00	0.00e+00	0.00e+00	0.00e+00	1.02e-13	2.08e-13	1.05e-57
 9.77747e+14	7.28e-19	3.75e-13	2.11e-08	1.06e-04	9.99e-01	7.04e-04	0.00e+00	0.00e+00	0.00e+00	0.00e+00	1.24e-13	2.51e-13	2.11e-57
 1.01225e+15	9.28e-19	4.53e-13	2.43e-08	1.14e-04	9.99e-01	6.55e-04	0.00e+00	0.00e+00	0.00e+00	0.00e+00	1.49e-13	3.03e-13	4.12e-57
 1.05055e+15	1.22e-18	5.59e-13	2.81e-08	1.23e-04	9.99e-01	6.07e-04	0.00e+00	0.00e+00	0.00e+00	0.00e+00	1.85e-13	3.75e-13	8.84e-57
 1.08641e+15	1.52e-18	6.67e-13	3.22e-08	1.32e-04	9.99e-01	5.65e-04	0.00e+00	0.00e+00	0.00e+00	0.00e+00	2.20e-13	4.47e-13	1.65e-56
 1.12556e+15	1.97e-18	8.15e-13	3.71e-08	1.42e-04	9.99e-01	5.25e-04	0.00e+00	0.00e+00	0.00e+00	0.00e+00	2.69e-13	5.46e-13	3.41e-56
 1.16924e+15	2.56e-18	1.00e-12	4.33e-08	1.53e-04	9.99e-01	4.85e-04	0.00e+00	0.00e+00	0.00e+00	0.00e+00	3.30e-13	6.71e-13	7.09e-56
 1.21040e+15	3.29e-18	1.22e-12	4.97e-08	1.65e-04	9.99e-01	4.52e-04	0.00e+00	0.00e+00	0.00e+00	0.00e+00	4.02e-13	8.18e-13	1.45e-55
 1.25459e+15	4.19e-18	1.47e-12	5.74e-08	1.78e-04	9.99e-01	4.19e-04	0.00e+00	0.00e+00	0.00e+00	0.00e+00	4.85e-13	9.88e-13	2.83e-55
 1.30374e+15	5.51e-18	1.83e-12	6.70e-08	1.92e-04	9.99e-01	3.86e-04	0.00e+00	0.00e+00	0.00e+00	0.00e+00	6.03e-13	1.23e-12	6.18e-55
 1.35152e+15	6.99e-18	2.21e-12	7.75e-08	2.07e-04	9.99e-01	3.58e-04	0.00e+00	0.00e+00	0.00e+00	0.00e+00	7.27e-13	1.48e-12	1.20e-54
 1.40227e+15	9.07e-18	2.72e-12	8.98e-08	2.24e-04	9.99e-01	3.31e-04	0.00e+00	0.00e+00	0.00e+00	0.00e+00	8.94e-13	1.82e-12	2.54e-54
 1.45839e+15	1.18e-17	3.33e-12	1.05e-07	2.43e-04	9.99e-01	3.04e-04	0.00e+00	0.00e+00	0.00e+00	0.00e+00	1.10e-12	2.24e-12	5.25e-54
 1.51339e+15	1.52e-17	4.09e-12	1.22e-07	2.63e-04	9.99e-01	2.81e-04	0.00e+00	0.00e+00	0.00e+00	0.00e+00	1.35e-12	2.75e-12	1.09e-53
 1.55864e+15	1.84e-17	4.76e-12	1.38e-07	2.80e-04	9.99e-01	2.64e-04	0.00e+00	0.00e+00	0.00e+00	0.00e+00	1.56e-12	3.20e-12	1.87e-53
 1.59491e+15	2.15e-17	5.39e-12	1.51e-07	2.94e-04	9.99e-01	2.51e-04	0.00e+00	0.00e+00	0.00e+00	0.00e+00	1.77e-12	3.62e-12	2.91e-53
 1.63494e+15	2.54e-17	6.17e-12	1.67e-07	3.10e-04	9.99e-01	2.38e-04	0.00e+00	0.00e+00	0.00e+00	0.00e+00	2.03e-12	4.14e-12	4.74e-53
 1.68699e+15	3.12e-17	7.27e-12	1.90e-07	3.32e-04	9.99e-01	2.22e-04	0.00e+00	0.00e+00	0.00e+00	0.00e+00	2.39e-12	4.88e-12	8.50e-53
 1.74283e+15	3.86e-17	8.64e-12	2.17e-07	3.56e-04	9.99e-01	2.07e-04	0.00e+00	0.00e+00	0.00e+00	0.00e+00	2.84e-12	5.80e-12	1.57e-52
 1.79246e+15	4.65e-17	1.01e-11	2.43e-07	3.78e-04	9.99e-01	1.94e-04	0.00e+00	3.88e-18	1.17e-17	1.95e-17	3.30e-12	6.76e-12	2.71e-52
 1.84583e+15	5.62e-17	1.17e-11	2.73e-07	4.04e-04	9.99e-01	1.82e-04	0.00e+00	4.70e-18	1.41e-17	2.36e-17	3.84e-12	7.86e-12	4.65e-52
 1.91353e+15	7.10e-17	1.41e-11	3.16e-07	4.37e-04	9.99e-01	1.68e-04	0.00e+00	5.93e-18	1.78e-17	2.98e-17	4.64e-12	9.50e-12	9.18e-52
 1.98225e+15	8.92e-17	1.70e-11	3.65e-07	4.72e-04	9.99e-01	1.55e-04	0.00e+00	7.46e-18	2.24e-17	3.74e-17	5.59e-12	1.14e-11	1.79e-51
 2.04046e+15	1.08e-16	1.99e-11	4.11e-07	5.03e-04	9.99e-01	1.46e-04	0.00e+00	9.01e-18	2.71e-17	4.52e-17	6.51e-12	1.33e-11	3.10e-51
 2.10261e+15	1.30e-16	2.32e-11	4.64e-07	5.38e-04	9.99e-01	1.36e-04	0.00e+00	1.09e-17	3.27e-17	5.47e-17	7.63e-12	1.56e-11	5.49e-51
 2.18051e+15	1.65e-16	2.81e-11	5.39e-07	5.84e-04	9.99e-01	1.26e-04	0.00e+00	1.38e-17	4.15e-17	6.92e-17	9.22e-12	1.89e-11	1.09e-50
 2.26070e+15	2.08e-16	3.40e-11	6.24e-07	6.33e-04	9.99e-01	1.16e-04	0.00e+00	1.75e-17	5.24e-17	8.75e-17	1.12e-11	2.28e-11	2.18e-50
 2.33120e+15	2.52e-16	3.99e-11	7.06e-07	6.77e-04	9.99e-01	1.08e-04	0.00e+00	2.12e-17	6.37e-17	1.06e-16	1.31e-11	2.68e-11	3.93e-50
 2.40728e+15	3.06e-16	4.70e-11	8.04e-07	7.27e-04	9.99e-01	1.01e-04	0.00e+00	2.57e-17	7.72e-17	1.29e-16	1.54e-11	3.16e-11	7.12e-50
 2.49931e+15	3.90e-16	5.72e-11	9.37e-07	7.92e-04	9.99e-01	9.24e-05	0.00e+00	3.29e-17	9.87e-17	1.65e-16	1.88e-11	3.84e-11	1.47e-49
 2.59055e+15	4.88e-16	6.89e-11	1.08e-06	8.60e-04	9.99e-01	8.51e-05	0.00e+00	4.11e-17	1.24e-16	2.06e-16	2.26e-11	4.63e-11	2.93e-49
 2.67133e+15	5.93e-16	8.09e-11	1.23e-06	9.20e-04	9.99e-01	7.95e-05	0.00e+00	5.00e-17	1.50e-16	2.51e-16	2.66e-11	5.44e-11	5.34e-49
 2.76001e+15	7.27e-16	9.58e-11	1.40e-06	9.91e-04	9.99e-01	7.37e-05	0.00e+00	6.14e-17	1.84e-16	3.08e-16	3.14e-11	6.44e-11	1.00e-48
 2.86635e+15	9.16e-16	1.16e-10	1.63e-06	1.08e-03	9.99e-01	6.76e-05	0.00e+00	7.76e-17	2.33e-16	3.89e-16	3.82e-11	7.82e-11	2.08e-48
 2.97241e+15	1.15e-15	1.41e-10	1.89e-06	1.17e-03	9.99e-01	6.22e-05	0.00e+00	9.73e-17	2.92e-16	4.88e-16	4.62e-11	9.45e-11	4.26e-48
 3.06900e+15	1.40e-15	1.66e-10	2.15e-06	1.26e-03	9.99e-01	5.79e-05	0.00e+00	1.19e-16	3.58e-16	5.97e-16	5.46e-11	1.12e-10	8.02e-48
 3.17655e+15	1.75e-15	1.99e-10	2.47e-06	1.36e-03	9.99e-01	5.35e-05	0.00e+00	1.48e-16	4.45e-16	7.44e-16	6.54e-11	1.34e-10	1.59e-47
 3.30210e+15	2.21e-15	2.44e-10	2.88e-06	1.49e-03	9.98e-01	4.90e-05	0.00e+00	1.88e-16	5.65e-16	9.44e-16	8.00e-11	1.64e-10	3.46e-47
 3.42592e+15	2.79e-15	2.95e-10	3.34e-06	1.61e-03	9.98e-01	4.51e-05	0.00e+00	2.37e-16	7.13e-16	1.19e-15	9.70e-11	1.98e-10	7.33e-47
 3.54324e+15	3.43e-15	3.52e-10	3.83e-06	1.74e-03	9.98e-01	4.17e-05	0.00e+00	2.93e-16	8.79e-16	1.47e-15	1.16e-10	2.36e-10	1.46e-46
 3.67354e+15	4.31e-15	4.26e-10	4.42e-06	1.89e-03	9.98e-01	3.84e-05	0.00e+00	3.68e-16	1.11e-15	1.85e-15	1.40e-10	2.86e-10	3.09e-46
 3.79654e+15	5.21e-15	5.02e-10	5.04e-06	2.03e-03	9.98e-01	3.57e-05	0.00e+00	4.45e-16	1.34e-15	2.23e-15	1.65e-10	3.37e-10	5.86e-46
 3.88847e+15	6.07e-15	5.71e-10	5.55e-06	2.15e-03	9.98e-01	3.38e-05	0.00e+00	5.19e-16	1.56e-15	2.60e-15	1.88e-10	3.83e-10	9.77e-46
 3.98272e+15	7.17e-15	6.53e-10	6.11e-06	2.27e-03	9.98e-01	3.20e-05	0.00e+00	6.14e-16	1.84e-15	3.08e-15	2.15e-10	4.38e-10	1.67e-45
 4.10524e+15	8.68e-15	7.67e-10	6.90e-06	2.43e-03	9.98e-01	2.99e-05	0.00e+00	7.44e-16	2.23e-15	3.73e-15	2.52e-10	5.15e-10	3.16e-45
 4.23745e+15	1.03e-14	8.97e-10	7.82e-06	2.61e-03	9.97e-01	2.79e-05	0.00e+00	8.88e-16	2.67e-15	4.45e-15	2.95e-10	6.02e-10	5.87e-45
 4.35627e+15	1.23e-14	1.04e-09	8.74e-06	2.78e-03	9.97e-01	2.62e-05	0.00e+00	1.06e-15	3.18e-15	5.31e-15	3.43e-10	6.99e-10	1.06e-44
 4.48473e+15	1.48e-14	1.22e-09	9.81e-06	2.96e-03	9.97e-01	2.45e-05	0.00e+00	1.27e-15	3.82e-15	6.38e-15	4.00e-10	8.16e-10	1.97e-44
 4.64850e+15	1.90e-14	1.49e-09	1.13e-05	3.22e-03	9.97e-01	2.26e-05	0.00e+00	1.63e-15	4.90e-15	8.18e-15	4.91e-10	1.00e-09	4.45e-44
 4.81354e+15	2.35e-14	1.80e-09	1.30e-05	3.47e-03	9.96e-01	2.09e-05	0.00e+00	2.03e-15	6.09e-15	1.02e-14	5.92e-10	1.21e-09	9.27e-44
 4.95173e+15	2.78e-14	2.08e-09	1.46e-05	3.70e-03	9.96e-01	1.97e-05	0.00e+00	2.40e-15	7.19e-15	1.20e-14	6.84e-10	1.39e-09	1.64e-43
 5.09967e+15	3.34e-14	2.44e-09	1.64e-05	3.95e-03	9.96e-01	1.84e-05	0.00e+00	2.88e-15	8.66e-15	1.45e-14	8.02e-10	1.63e-09	3.07e-43
 5.28696e+15	4.30e-14	3.01e-09	1.89e-05	4.29e-03	9.96e-01	1.70e-05	0.00e+00	3.72e-15	1.12e-14	1.87e-14	9.91e-10	2.02e-09	7.06e-43
 5.48346e+15	5.27e-14	3.61e-09	2.19e-05	4.65e-03	9.95e-01	1.57e-05	0.00e+00	4.57e-15	1.37e-14	2.29e-14	1.19e-09	2.42e-09	1.46e-42
 5.65910e+15	6.43e-14	4.30e-09	2.48e-05	4.99e-03	9.95e-01	1.47e-05	0.00e+00	5.58e-15	1.68e-14	2.80e-14	1.42e-09	2.88e-09	2.88e-42
 5.84959e+15	8.10e-14	5.22e-09	2.84e-05	5.37e-03	9.95e-01	1.37e-05	0.00e+00	7.04e-15	2.11e-14	3.52e-14	1.72e-09	3.50e-09	6.18e-42
 6.07642e+15	1.01e-13	6.35e-09	3.30e-05	5.84e-03	9.94e-01	1.26e-05	0.00e+00	8.80e-15	2.64e-14	4.41e-14	2.10e-09	4.26e-09	1.27e-41
 6.30019e+15	1.31e-13	7.91e-09	3.82e-05	6.34e-03	9.94e-01	1.17e-05	0.00e+00	1.14e-14	3.42e-14	5.70e-14	2.61e-09	5.30e-09	2.97e-41
 6.50262e+15	1.60e-13	9.44e-09	4.33e-05	6.80e-03	9.93e-01	1.09e-05	0.00e+00	1.39e-14	4.18e-14	6.98e-14	3.12e-09	6.33e-09	5.82e-41
 6.72760e+15	1.98e-13	1.14e-08	4.96e-05	7.33e-03	9.93e-01	1.02e-05	0.00e+00	1.73e-14	5.19e-14	8.65e-14	3.76e-09	7.63e-09	1.19e-40
 6.99188e+15	2.49e-13	1.39e-08	5.79e-05	7.97e-03	9.92e-01	9.43e-06	0.00e+00	2.18e-14	6.53e-14	1.09e-13	4.60e-09	9.33e-09	2.55e-40
 7.25366e+15	3.24e-13	1.75e-08	6.72e-05	8.66e-03	9.91e-01	8.76e-06	0.00e+00	2.83e-14	8.50e-14	1.42e-13	5.78e-09	1.17e-08	5.98e-40
 7.49828e+15	4.02e-13	2.11e-08	7.68e-05	9.32e-03	9.91e-01	8.21e-06	0.00e+00	3.52e-14	1.06e-13	1.76e-13	6.99e-09	1.42e-08	1.21e-39
 7.77060e+15	5.03e-13	2.58e-08	8.87e-05	1.01e-02	9.90e-01	7.66e-06	0.00e+00	4.41e-14	1.32e-13	2.21e-13	8.53e-09	1.73e-08	2.54e-39
 8.08145e+15	6.39e-13	3.18e-08	1.04e-04	1.10e-02	9.89e-01	7.11e-06	0.00e+00	5.61e-14	1.68e-13	2.81e-13	1.05e-08	2.13e-08	5.47e-39
 8.34162e+15	7.85e-13	3.83e-08	1.18e-04	1.18e-02	9.88e-01	6.71e-06	0.00e+00	6.89e-14	2.07e-13	3.45e-13	1.27e-08	2.56e-08	1.08e-38
 8.52707e+15	9.26e-13	4.42e-08	1.29e-04	1.24e-02	9.87e-01	6.46e-06	0.00e+00	8.14e-14	2.44e-13	4.08e-13	1.46e-08	2.96e-08	1.79e-38
 8.71969e+15	1.08e-12	5.03e-08	1.41e-04	1.30e-02	9.87e-01	6.21e-06	0.00e+00	9.46e-14	2.84e-13	4.74e-13	1.66e-08	3.37e-08	2.84e-38
 8.97009e+15	1.28e-12	5.84e-08	1.59e-04	1.38e-02	9.86e-01	5.91e-06	0.00e+00	1.12e-13	3.37e-13	5.62e-13	1.93e-08	3.91e-08	4.79e-38
 9.24963e+15	1.59e-12	7.10e-08	1.80e-04	1.48e-02	9.85e-01	5.61e-06	0.00e+00	1.40e-13	4.21e-13	7.02e-13	2.35e-08	4.75e-08	9.74e-38
 9.51083e+15	1.89e-12	8.23e-08	2.02e-04	1.57e-02	9.84e-01	5.35e-06	0.00e+00	1.66e-13	4.99e-13	8.33e-13	2.73e-08	5.51e-08	1.62e-37
 9.79420e+15	2.31e-12	9.88e-08	2.27e-04	1.68e-02	9.83e-01	5.10e-06	0.00e+00	2.04e-13	6.11e-13	1.02e-12	3.27e-08	6.61e-08	3.14e-37
 1.01104e+16	2.86e-12	1.19e-07	2.59e-04	1.80e-02	9.82e-01	4.86e-06	0.00e+00	2.53e-13	7.58e-13	1.26e-12	3.95e-08	7.97e-08	5.91e-37
 1.04086e+16	3.44e-12	1.40e-07	2.92e-04	1.92e-02	9.81e-01	4.65e-06	0.00e+00	3.05e-13	9.14e-13	1.52e-12	4.64e-08	9.36e-08	1.03e-36
 1.07356e+16	4.24e-12	1.68e-07	3.32e-04	2.06e-02	9.79e-01	4.44e-06	0.00e+00	3.75e-13	1.13e-12	1.88e-12	5.56e-08	1.12e-07	1.92e-36
 1.10994e+16	5.42e-12	2.09e-07	3.82e-04	2.22e-02	9.77e-01	4.25e-06	0.00e+00	4.80e-13	1.44e-12	2.40e-12	6.91e-08	1.40e-07	4.04e-36
 1.14403e+16	6.64e-12	2.50e-07	4.34e-04	2.37e-02	9.76e-01	4.08e-06	0.00e+00	5.89e-13	1.77e-12	2.95e-12	8.29e-08	1.67e-07	7.41e-36
 1.18124e+16	8.28e-12	3.02e-07	4.97e-04	2.55e-02	9.74e-01	3.91e-06	0.00e+00	7.34e-13	2.20e-12	3.67e-12	1.00e-07	2.02e-07	1.39e-35
 1.22191e+16	1.04e-11	3.66e-07	5.73e-04	2.74e-02	9.72e-01	3.75e-06	0.00e+00	9.20e-13	2.76e-12	4.60e-12	1.21e-07	2.45e-07	2.56e-35
 1.25943e+16	1.30e-11	4.49e-07	6.52e-04	2.94e-02	9.70e-01	3.63e-06	0.00e+00	1.15e-12	3.46e-12	5.77e-12	1.49e-07	3.00e-07	5.04e-35
 1.30057e+16	1.62e-11	5.45e-07	7.50e-04	3.17e-02	9.68e-01	3.49e-06	0.00e+00	1.44e-12	4.33e-12	7.22e-12	1.81e-07	3.64e-07	9.29e-35
 1.34553e+16	2.05e-11	6.62e-07	8.68e-04	3.42e-02	9.65e-01	3.37e-06	0.00e+00	1.82e-12	5.47e-12	9.12e-12	2.19e-07	4.42e-07	1.72e-34
 1.38680e+16	2.53e-11	7.99e-07	9.91e-04	3.67e-02	9.62e-01	3.27e-06	0.00e+00	2.26e-12	6.77e-12	1.13e-11	2.65e-07	5.34e-07	3.09e-34
 1.43179e+16	3.27e-11	9.99e-07	1.14e-03	3.96e-02	9.59e-01	3.18e-06	0.00e+00	2.91e-12	8.74e-12	1.46e-11	3.31e-07	6.67e-07	6.40e-34
 1.48106e+16	4.14e-11	1.23e-06	1.33e-03	4.28e-02	9.56e-01	3.08e-06	0.00e+00	3.70e-12	1.11e-11	1.85e-11	4.08e-07	8.22e-07	1.19e-33
 1.52504e+16	5.12e-11	1.46e-06	1.52e-03	4.58e-02	9.53e-01	3.01e-06	0.00e+00	4.57e-12	1.37e-11	2.29e-11	4.86e-07	9.78e-07	1.99e-33
 1.56511e+16	6.20e-11	1.73e-06	1.71e-03	4.88e-02	9.49e-01	2.95e-06	0.00e+00	5.54e-12	1.66e-11	2.77e-11	5.74e-07	1.16e-06	3.29e-33
 1.61096e+16	7.75e-11	2.09e-06	1.96e-03	5.24e-02	9.46e-01	2.88e-06	0.00e+00	6.93e-12	2.08e-11	3.47e-11	6.94e-07	1.40e-06	5.80e-33
 1.66207e+16	1.00e-10	2.63e-06	2.27e-03	5.67e-02	9.41e-01	2.84e-06	0.00e+00	8.98e-12	2.69e-11	4.49e-11	8.73e-07	1.76e-06	1.17e-32
 1.70926e+16	1.24e-10	3.15e-06	2.60e-03	6.08e-02	9.37e-01	2.78e-06	0.00e+00	1.11e-11	3.33e-11	5.55e-11	1.05e-06	2.11e-06	1.94e-32
 1.75021e+16	1.49e-10	3.66e-06	2.91e-03	6.45e-02	9.33e-01	2.74e-06	0.00e+00	1.34e-11	4.01e-11	6.69e-11	1.22e-06	2.44e-06	2.96e-32
 1.79384e+16	1.82e-10	4.34e-06	3.30e-03	6.89e-02	9.28e-01	2.70e-06	0.00e+00	1.63e-11	4.89e-11	8.16e-11	1.44e-06	2.90e-06	4.80e-32
 1.84124e+16	2.29e-10	5.33e-06	3.77e-03	7.40e-02	9.22e-01	2.68e-06	0.00e+00	2.06e-11	6.18e-11	1.03e-10	1.77e-06	3.56e-06	8.90e-32
 1.88225e+16	2.74e-10	6.22e-06	4.22e-03	7.85e-02	9.17e-01	2.65e-06	0.00e+00	2.46e-11	7.38e-11	1.23e-10	2.07e-06	4.15e-06	1.35e-31
 1.92426e+16	3.34e-10	7.30e-06	4.76e-03	8.34e-02	9.12e-01	2.62e-06	0.00e+00	3.00e-11	9.01e-11	1.50e-10	2.43e-06	4.87e-06	2.10e-31
 1.97888e+16	4.35e-10	9.12e-06	5.56e-03	9.06e-02	9.04e-01	2.60e-06	0.00e+00	3.91e-11	1.17e-10	1.96e-10	3.03e-06	6.09e-06	4.05e-31
 2.03291e+16	5.48e-10	1.11e-05	6.45e-03	9.77e-02	8.96e-01	2.57e-06	0.00e+00	4.94e-11	1.48e-10	2.47e-10	3.68e-06	7.40e-06	6.61e-31
 2.07486e+16	6.61e-10	1.28e-05	7.24e-03	1.04e-01	8.89e-01	2.56e-06	0.00e+00	5.95e-11	1.79e-10	2.98e-10	4.27e-06	8.58e-06	9.79e-31
 2.11809e+16	8.06e-10	1.52e-05	8.21e-03	1.11e-01	8.81e-01	2.54e-06	0.00e+00	7.27e-11	2.18e-10	3.64e-10	5.05e-06	1.01e-05	1.54e-30
 2.16612e+16	1.03e-09	1.88e-05	9.45e-03	1.19e-01	8.71e-01	2.55e-06	0.00e+00	9.34e-11	2.80e-10	4.67e-10	6.27e-06	1.26e-05	2.88e-30
 2.20996e+16	1.26e-09	2.24e-05	1.07e-02	1.27e-01	8.62e-01	2.55e-06	0.00e+00	1.14e-10	3.42e-10	5.70e-10	7.43e-06	1.49e-05	4.49e-30
 2.24990e+16	1.54e-09	2.63e-05	1.21e-02	1.35e-01	8.53e-01	2.55e-06	0.00e+00	1.39e-10	4.17e-10	6.95e-10	8.74e-06	1.75e-05	6.95e-30
 2.29520e+16	1.94e-09	3.16e-05	1.39e-02	1.45e-01	8.41e-01	2.55e-06	0.00e+00	1.75e-10	5.26e-10	8.77e-10	1.05e-05	2.11e-05	1.13e-29
 2.34206e+16	2.44e-09	3.83e-05	1.60e-02	1.56e-01	8.28e-01	2.56e-06	0.00e+00	2.21e-10	6.62e-10	1.10e-09	1.28e-05	2.56e-05	1.88e-29
 2.38023e+16	2.98e-09	4.52e-05	1.81e-02	1.66e-01	8.16e-01	2.58e-06	0.00e+00	2.70e-10	8.11e-10	1.35e-09	1.50e-05	3.01e-05	2.89e-29
