#depth	He	He+	He+2
 1.49634e+10	7.99e-24	1.01e-12	1.00e+00
 4.54887e+10	8.89e-24	1.09e-12	1.00e+00
 7.72350e+10	9.82e-24	1.18e-12	1.00e+00
 1.10251e+11	1.09e-23	1.27e-12	1.00e+00
 1.41389e+11	1.19e-23	1.37e-12	1.00e+00
 1.69372e+11	1.29e-23	1.45e-12	1.00e+00
 2.00829e+11	1.40e-23	1.56e-12	1.00e+00
 2.37944e+11	1.55e-23	1.68e-12	1.00e+00
 2.74820e+11	1.70e-23	1.81e-12	1.00e+00
 3.09344e+11	1.85e-23	1.93e-12	1.00e+00
 3.47816e+11	2.03e-23	2.08e-12	1.00e+00
 3.91656e+11	2.24e-23	2.25e-12	1.00e+00
 4.35043e+11	2.47e-23	2.42e-12	1.00e+00
 4.80165e+11	2.72e-23	2.62e-12	1.00e+00
 5.29299e+11	3.02e-23	2.83e-12	1.00e+00
 5.80398e+11	3.35e-23	3.06e-12	1.00e+00
 6.33540e+11	3.72e-23	3.32e-12	1.00e+00
 6.88809e+11	4.14e-23	3.59e-12	1.00e+00
 7.46288e+11	4.60e-23	3.89e-12	1.00e+00
 8.06066e+11	5.13e-23	4.21e-12	1.00e+00
 8.68235e+11	5.72e-23	4.56e-12	1.00e+00
 9.32892e+11	6.38e-23	4.94e-12	1.00e+00
 1.00013e+12	7.13e-23	5.35e-12	1.00e+00
 1.07007e+12	7.98e-23	5.80e-12	1.00e+00
 1.14280e+12	8.95e-23	6.28e-12	1.00e+00
 1.21843e+12	1.00e-22	6.81e-12	1.00e+00
 1.29171e+12	1.12e-22	7.34e-12	1.00e+00
 1.35885e+12	1.23e-22	7.84e-12	1.00e+00
 1.43344e+12	1.37e-22	8.43e-12	1.00e+00
 1.52008e+12	1.54e-22	9.13e-12	1.00e+00
 1.60580e+12	1.73e-22	9.86e-12	1.00e+00
 1.69495e+12	1.95e-22	1.06e-11	1.00e+00
 1.79267e+12	2.21e-22	1.16e-11	1.00e+00
 1.89145e+12	2.50e-22	1.25e-11	1.00e+00
 1.99418e+12	2.82e-22	1.35e-11	1.00e+00
 2.10387e+12	3.22e-22	1.47e-11	1.00e+00
 2.21796e+12	3.66e-22	1.60e-11	1.00e+00
 2.33660e+12	4.18e-22	1.74e-11	1.00e+00
 2.45999e+12	4.78e-22	1.89e-11	1.00e+00
 2.58832e+12	5.47e-22	2.05e-11	1.00e+00
 2.72178e+12	6.27e-22	2.23e-11	1.00e+00
 2.86058e+12	7.19e-22	2.42e-11	1.00e+00
 2.99100e+12	8.16e-22	2.62e-11	1.00e+00
 3.10749e+12	9.10e-22	2.79e-11	1.00e+00
 3.23821e+12	1.02e-21	3.01e-11	1.00e+00
 3.39330e+12	1.18e-21	3.26e-11	1.00e+00
 3.54926e+12	1.35e-21	3.54e-11	1.00e+00
 3.69543e+12	1.52e-21	3.81e-11	1.00e+00
 3.85715e+12	1.73e-21	4.12e-11	1.00e+00
 4.04136e+12	2.01e-21	4.50e-11	1.00e+00
 4.22494e+12	2.31e-21	4.89e-11	1.00e+00
 4.41586e+12	2.66e-21	5.32e-11	1.00e+00
 4.62242e+12	3.09e-21	5.82e-11	1.00e+00
 4.83724e+12	3.58e-21	6.36e-11	1.00e+00
 5.03970e+12	4.10e-21	6.89e-11	1.00e+00
 5.22174e+12	4.61e-21	7.40e-11	1.00e+00
 5.42668e+12	5.23e-21	8.00e-11	1.00e+00
 5.66833e+12	6.07e-21	8.74e-11	1.00e+00
 5.91001e+12	7.00e-21	9.53e-11	1.00e+00
 6.13741e+12	7.96e-21	1.03e-10	1.00e+00
 6.38890e+12	9.11e-21	1.12e-10	1.00e+00
 6.67439e+12	1.06e-20	1.23e-10	1.00e+00
 6.95647e+12	1.22e-20	1.35e-10	1.00e+00
 7.24984e+12	1.41e-20	1.47e-10	1.00e+00
 7.56976e+12	1.64e-20	1.62e-10	1.00e+00
 7.89245e+12	1.89e-20	1.78e-10	1.00e+00
 8.22804e+12	2.18e-20	1.96e-10	1.00e+00
 8.57410e+12	2.51e-20	2.15e-10	1.00e+00
 8.91334e+12	2.87e-20	2.35e-10	1.00e+00
 9.27914e+12	3.29e-20	2.58e-10	1.00e+00
 9.68023e+12	3.79e-20	2.85e-10	1.00e+00
 1.00974e+13	4.37e-20	3.15e-10	1.00e+00
 1.05312e+13	5.03e-20	3.48e-10	1.00e+00
 1.09824e+13	5.78e-20	3.85e-10	1.00e+00
 1.13901e+13	6.52e-20	4.20e-10	1.00e+00
 1.17294e+13	7.16e-20	4.52e-10	1.00e+00
 1.21009e+13	7.91e-20	4.87e-10	1.00e+00
 1.25720e+13	8.93e-20	5.36e-10	1.00e+00
 1.30639e+13	1.01e-19	5.89e-10	1.00e+00
 1.34808e+13	1.11e-19	6.38e-10	1.00e+00
 1.39091e+13	1.23e-19	6.89e-10	1.00e+00
 1.44492e+13	1.38e-19	7.59e-10	1.00e+00
 1.49982e+13	1.55e-19	8.33e-10	1.00e+00
 1.54683e+13	1.70e-19	9.01e-10	1.00e+00
 1.59721e+13	1.87e-19	9.77e-10	1.00e+00
 1.65969e+13	2.10e-19	1.08e-09	1.00e+00
 1.72381e+13	2.36e-19	1.18e-09	1.00e+00
 1.78140e+13	2.60e-19	1.29e-09	1.00e+00
 1.84461e+13	2.89e-19	1.40e-09	1.00e+00
 1.91943e+13	3.27e-19	1.55e-09	1.00e+00
 1.99445e+13	3.69e-19	1.71e-09	1.00e+00
 2.06545e+13	4.12e-19	1.86e-09	1.00e+00
 2.14404e+13	4.65e-19	2.05e-09	1.00e+00
 2.23280e+13	5.31e-19	2.26e-09	1.00e+00
 2.32126e+13	6.06e-19	2.49e-09	1.00e+00
 2.39932e+13	6.79e-19	2.70e-09	1.00e+00
 2.46799e+13	7.50e-19	2.90e-09	1.00e+00
 2.54581e+13	8.38e-19	3.12e-09	1.00e+00
 2.63256e+13	9.47e-19	3.39e-09	1.00e+00
 2.71405e+13	1.06e-18	3.65e-09	1.00e+00
 2.80311e+13	1.20e-18	3.95e-09	1.00e+00
 2.90264e+13	1.37e-18	4.30e-09	1.00e+00
 2.99656e+13	1.55e-18	4.64e-09	1.00e+00
 3.09946e+13	1.77e-18	5.03e-09	1.00e+00
 3.21462e+13	2.06e-18	5.49e-09	1.00e+00
 3.32366e+13	2.36e-18	5.95e-09	1.00e+00
 3.42458e+13	2.67e-18	6.38e-09	1.00e+00
 3.53695e+13	3.05e-18	6.89e-09	1.00e+00
 3.66297e+13	3.54e-18	7.49e-09	1.00e+00
 3.78190e+13	4.05e-18	8.08e-09	1.00e+00
 3.91169e+13	4.68e-18	8.74e-09	1.00e+00
 4.05526e+13	5.47e-18	9.52e-09	1.00e+00
 4.18825e+13	6.29e-18	1.03e-08	1.00e+00
 4.33264e+13	7.29e-18	1.11e-08	1.00e+00
 4.49413e+13	8.55e-18	1.21e-08	1.00e+00
 4.64645e+13	9.90e-18	1.31e-08	1.00e+00
 4.81306e+13	1.16e-17	1.42e-08	1.00e+00
 4.99906e+13	1.37e-17	1.55e-08	1.00e+00
 5.17431e+13	1.59e-17	1.67e-08	1.00e+00
 5.36439e+13	1.86e-17	1.81e-08	1.00e+00
 5.57756e+13	2.21e-17	1.98e-08	1.00e+00
 5.78320e+13	2.59e-17	2.15e-08	1.00e+00
 6.00146e+13	3.04e-17	2.34e-08	1.00e+00
 6.24451e+13	3.62e-17	2.55e-08	1.00e+00
 6.48971e+13	4.29e-17	2.78e-08	1.00e+00
 6.74471e+13	5.06e-17	3.03e-08	1.00e+00
 7.01749e+13	6.02e-17	3.30e-08	1.00e+00
 7.27557e+13	7.04e-17	3.58e-08	1.00e+00
 7.50894e+13	8.06e-17	3.83e-08	1.00e+00
 7.72923e+13	9.13e-17	4.08e-08	1.00e+00
 7.97289e+13	1.04e-16	4.36e-08	1.00e+00
 8.24620e+13	1.20e-16	4.69e-08	1.00e+00
 8.50617e+13	1.37e-16	5.01e-08	1.00e+00
 8.79222e+13	1.58e-16	5.38e-08	1.00e+00
 9.10477e+13	1.83e-16	5.79e-08	1.00e+00
 9.38947e+13	2.08e-16	6.18e-08	1.00e+00
 9.69728e+13	2.38e-16	6.62e-08	1.00e+00
 1.00436e+14	2.76e-16	7.12e-08	1.00e+00
 1.03725e+14	3.15e-16	7.62e-08	1.00e+00
 1.07328e+14	3.63e-16	8.18e-08	1.00e+00
 1.11310e+14	4.22e-16	8.82e-08	1.00e+00
 1.15012e+14	4.82e-16	9.44e-08	1.00e+00
 1.19052e+14	5.54e-16	1.01e-07	1.00e+00
 1.23592e+14	6.45e-16	1.09e-07	1.00e+00
 1.27915e+14	7.41e-16	1.17e-07	1.00e+00
 1.32596e+14	8.56e-16	1.26e-07	1.00e+00
 1.37786e+14	9.98e-16	1.36e-07	1.00e+00
 1.42767e+14	1.15e-15	1.46e-07	1.00e+00
 1.48090e+14	1.33e-15	1.57e-07	1.00e+00
 1.54044e+14	1.55e-15	1.70e-07	1.00e+00
 1.60016e+14	1.80e-15	1.83e-07	1.00e+00
 1.66228e+14	2.09e-15	1.98e-07	1.00e+00
 1.72907e+14	2.44e-15	2.14e-07	1.00e+00
 1.79853e+14	2.85e-15	2.31e-07	1.00e+00
 1.87077e+14	3.32e-15	2.50e-07	1.00e+00
 1.94091e+14	3.83e-15	2.69e-07	1.00e+00
 2.00720e+14	4.36e-15	2.87e-07	1.00e+00
 2.06984e+14	4.91e-15	3.05e-07	1.00e+00
 2.13808e+14	5.57e-15	3.25e-07	1.00e+00
 2.21410e+14	6.39e-15	3.48e-07	1.00e+00
 2.28558e+14	7.21e-15	3.71e-07	1.00e+00
 2.36388e+14	8.22e-15	3.96e-07	1.00e+00
 2.45178e+14	9.48e-15	4.26e-07	1.00e+00
 2.53587e+14	1.08e-14	4.56e-07	1.00e+00
 2.62798e+14	1.24e-14	4.89e-07	1.00e+00
 2.73340e+14	1.45e-14	5.29e-07	1.00e+00
 2.83602e+14	1.67e-14	5.69e-07	1.00e+00
 2.94276e+14	1.93e-14	6.12e-07	1.00e+00
 3.05091e+14	2.22e-14	6.59e-07	1.00e+00
 3.14634e+14	2.50e-14	7.00e-07	1.00e+00
 3.25015e+14	2.84e-14	7.49e-07	1.00e+00
 3.37515e+14	3.28e-14	8.07e-07	1.00e+00
 3.49929e+14	3.79e-14	8.70e-07	1.00e+00
 3.61019e+14	4.26e-14	9.25e-07	1.00e+00
 3.73232e+14	4.86e-14	9.91e-07	1.00e+00
 3.87752e+14	5.63e-14	1.07e-06	1.00e+00
 4.02111e+14	6.49e-14	1.15e-06	1.00e+00
 4.15210e+14	7.34e-14	1.23e-06	1.00e+00
 4.29830e+14	8.38e-14	1.32e-06	1.00e+00
 4.46871e+14	9.73e-14	1.43e-06	1.00e+00
 4.63608e+14	1.12e-13	1.54e-06	1.00e+00
 4.79407e+14	1.27e-13	1.65e-06	1.00e+00
 4.97006e+14	1.46e-13	1.78e-06	1.00e+00
 5.16916e+14	1.70e-13	1.92e-06	1.00e+00
 5.36815e+14	1.95e-13	2.08e-06	1.00e+00
 5.55384e+14	2.22e-13	2.22e-06	1.00e+00
 5.75504e+14	2.54e-13	2.39e-06	1.00e+00
 5.98045e+14	2.93e-13	2.59e-06	1.00e+00
 6.19109e+14	3.34e-13	2.78e-06	1.00e+00
 6.38549e+14	3.74e-13	2.95e-06	1.00e+00
 6.57189e+14	4.16e-13	3.14e-06	1.00e+00
 6.77942e+14	4.66e-13	3.34e-06	1.00e+00
 7.00956e+14	5.27e-13	3.58e-06	1.00e+00
 7.22319e+14	5.87e-13	3.80e-06	1.00e+00
 7.45501e+14	6.59e-13	4.05e-06	1.00e+00
 7.71659e+14	7.46e-13	4.35e-06	1.00e+00
 7.96671e+14	8.37e-13	4.64e-06	1.00e+00
 8.24169e+14	9.45e-13	4.97e-06	1.00e+00
 8.54436e+14	1.08e-12	5.35e-06	1.00e+00
 8.82259e+14	1.21e-12	5.71e-06	1.00e+00
 9.12388e+14	1.36e-12	6.11e-06	1.00e+00
 9.46081e+14	1.54e-12	6.59e-06	1.00e+00
 9.77747e+14	1.73e-12	7.04e-06	1.00e+00
 1.01225e+15	1.96e-12	7.56e-06	1.00e+00
 1.05055e+15	2.22e-12	8.16e-06	1.00e+00
 1.08641e+15	2.50e-12	8.75e-06	1.00e+00
 1.12556e+15	2.83e-12	9.40e-06	1.00e+00
 1.16924e+15	3.23e-12	1.02e-05	1.00e+00
 1.21040e+15	3.64e-12	1.09e-05	1.00e+00
 1.25459e+15	4.13e-12	1.18e-05	1.00e+00
 1.30374e+15	4.72e-12	1.28e-05	1.00e+00
 1.35152e+15	5.35e-12	1.38e-05	1.00e+00
 1.40227e+15	6.08e-12	1.49e-05	1.00e+00
 1.45839e+15	6.99e-12	1.62e-05	1.00e+00
 1.51339e+15	7.95e-12	1.75e-05	1.00e+00
 1.55864e+15	8.83e-12	1.87e-05	1.00e+00
 1.59491e+15	9.59e-12	1.96e-05	1.00e+00
 1.63494e+15	1.05e-11	2.07e-05	1.00e+00
 1.68699e+15	1.17e-11	2.21e-05	1.00e+00
 1.74283e+15	1.32e-11	2.38e-05	1.00e+00
 1.79246e+15	1.45e-11	2.52e-05	1.00e+00
 1.84583e+15	1.62e-11	2.69e-05	1.00e+00
 1.91353e+15	1.85e-11	2.92e-05	1.00e+00
 1.98225e+15	2.10e-11	3.16e-05	1.00e+00
 2.04046e+15	2.34e-11	3.36e-05	1.00e+00
 2.10261e+15	2.60e-11	3.59e-05	1.00e+00
 2.18051e+15	2.99e-11	3.90e-05	1.00e+00
 2.26070e+15	3.42e-11	4.23e-05	1.00e+00
 2.33120e+15	3.84e-11	4.53e-05	1.00e+00
 2.40728e+15	4.31e-11	4.87e-05	1.00e+00
 2.49931e+15	5.00e-11	5.31e-05	1.00e+00
 2.59055e+15	5.74e-11	5.77e-05	1.00e+00
 2.67133e+15	6.43e-11	6.17e-05	1.00e+00
 2.76001e+15	7.30e-11	6.65e-05	1.00e+00
 2.86635e+15	8.44e-11	7.25e-05	1.00e+00
 2.97241e+15	9.73e-11	7.88e-05	1.00e+00
 3.06900e+15	1.10e-10	8.47e-05	1.00e+00
 3.17655e+15	1.25e-10	9.16e-05	1.00e+00
 3.30210e+15	1.46e-10	1.00e-04	1.00e+00
 3.42592e+15	1.68e-10	1.09e-04	1.00e+00
 3.54324e+15	1.92e-10	1.17e-04	1.00e+00
 3.67354e+15	2.22e-10	1.28e-04	1.00e+00
 3.79654e+15	2.49e-10	1.37e-04	1.00e+00
 3.88847e+15	2.75e-10	1.45e-04	1.00e+00
 3.98272e+15	3.05e-10	1.53e-04	1.00e+00
 4.10524e+15	3.44e-10	1.64e-04	1.00e+00
 4.23745e+15	3.85e-10	1.76e-04	1.00e+00
 4.35627e+15	4.31e-10	1.88e-04	1.00e+00
 4.48473e+15	4.84e-10	2.01e-04	1.00e+00
 4.64850e+15	5.65e-10	2.18e-04	1.00e+00
 4.81354e+15	6.46e-10	2.35e-04	1.00e+00
 4.95173e+15	7.19e-10	2.51e-04	1.00e+00
 5.09967e+15	8.09e-10	2.68e-04	1.00e+00
 5.28696e+15	9.47e-10	2.91e-04	1.00e+00
 5.48346e+15	1.08e-09	3.16e-04	1.00e+00
 5.65910e+15	1.23e-09	3.39e-04	1.00e+00
 5.84959e+15	1.42e-09	3.66e-04	1.00e+00
 6.07642e+15	1.64e-09	3.98e-04	1.00e+00
 6.30019e+15	1.93e-09	4.32e-04	1.00e+00
 6.50262e+15	2.20e-09	4.64e-04	1.00e+00
 6.72760e+15	2.52e-09	5.00e-04	9.99e-01
 6.99188e+15	2.92e-09	5.45e-04	9.99e-01
 7.25366e+15	3.46e-09	5.93e-04	9.99e-01
 7.49828e+15	3.97e-09	6.38e-04	9.99e-01
 7.77060e+15	4.57e-09	6.91e-04	9.99e-01
 8.08145e+15	5.31e-09	7.54e-04	9.99e-01
 8.34162e+15	6.07e-09	8.10e-04	9.99e-01
 8.52707e+15	6.76e-09	8.51e-04	9.99e-01
 8.71969e+15	7.43e-09	8.95e-04	9.99e-01
 8.97009e+15	8.23e-09	9.53e-04	9.99e-01
 9.24963e+15	9.51e-09	1.02e-03	9.99e-01
 9.51083e+15	1.05e-08	1.09e-03	9.99e-01
 9.79420e+15	1.20e-08	1.16e-03	9.99e-01
 1.01104e+16	1.37e-08	1.25e-03	9.99e-01
 1.04086e+16	1.54e-08	1.33e-03	9.99e-01
 1.07356e+16	1.75e-08	1.43e-03	9.99e-01
 1.10994e+16	2.06e-08	1.55e-03	9.98e-01
 1.14403e+16	2.33e-08	1.66e-03	9.98e-01
 1.18124e+16	2.67e-08	1.78e-03	9.98e-01
 1.22191e+16	3.04e-08	1.93e-03	9.98e-01
 1.25943e+16	3.53e-08	2.07e-03	9.98e-01
 1.30057e+16	4.04e-08	2.23e-03	9.98e-01
 1.34553e+16	4.62e-08	2.42e-03	9.98e-01
 1.38680e+16	5.28e-08	2.60e-03	9.97e-01
 1.43179e+16	6.21e-08	2.81e-03	9.97e-01
 1.48106e+16	7.15e-08	3.06e-03	9.97e-01
 1.52504e+16	8.07e-08	3.29e-03	9.97e-01
 1.56511e+16	9.09e-08	3.51e-03	9.96e-01
 1.61096e+16	1.04e-07	3.79e-03	9.96e-01
 1.66207e+16	1.22e-07	4.11e-03	9.96e-01
 1.70926e+16	1.39e-07	4.43e-03	9.96e-01
 1.75021e+16	1.54e-07	4.73e-03	9.95e-01
 1.79384e+16	1.73e-07	5.07e-03	9.95e-01
 1.84124e+16	2.01e-07	5.47e-03	9.95e-01
 1.88225e+16	2.24e-07	5.84e-03	9.94e-01
 1.92426e+16	2.51e-07	6.25e-03	9.94e-01
 1.97888e+16	2.95e-07	6.85e-03	9.93e-01
 2.03291e+16	3.38e-07	7.47e-03	9.93e-01
 2.07486e+16	3.76e-07	8.01e-03	9.92e-01
 2.11809e+16	4.25e-07	8.65e-03	9.91e-01
 2.16612e+16	4.99e-07	9.42e-03	9.91e-01
 2.20996e+16	5.65e-07	1.02e-02	9.90e-01
 2.24990e+16	6.38e-07	1.10e-02	9.89e-01
 2.29520e+16	7.31e-07	1.20e-02	9.88e-01
 2.34206e+16	8.49e-07	1.32e-02	9.87e-01
 2.38023e+16	9.61e-07	1.43e-02	9.86e-01
 2.41374e+16	1.07e-06	1.54e-02	9.85e-01
 2.45193e+16	1.25e-06	1.69e-02	9.83e-01
 2.49204e+16	1.42e-06	1.86e-02	9.81e-01
 2.52674e+16	1.63e-06	2.03e-02	9.80e-01
 2.55823e+16	1.86e-06	2.22e-02	9.78e-01
 2.59347e+16	2.21e-06	2.46e-02	9.75e-01
 2.62951e+16	2.56e-06	2.75e-02	9.72e-01
 2.65889e+16	3.01e-06	3.04e-02	9.70e-01
 2.68417e+16	3.45e-06	3.33e-02	9.67e-01
 2.70773e+16	3.97e-06	3.65e-02	9.64e-01
 2.72991e+16	4.47e-06	3.99e-02	9.60e-01
 2.75439e+16	5.15e-06	4.44e-02	9.56e-01
 2.78134e+16	6.14e-06	5.04e-02	9.50e-01
 2.80489e+16	7.30e-06	5.68e-02	9.43e-01
 2.82415e+16	8.70e-06	6.32e-02	9.37e-01
 2.84100e+16	9.93e-06	6.99e-02	9.30e-01
 2.85946e+16	1.15e-05	7.86e-02	9.21e-01
 2.87958e+16	1.42e-05	9.03e-02	9.10e-01
 2.89640e+16	1.66e-05	1.02e-01	8.98e-01
 2.90995e+16	1.96e-05	1.14e-01	8.86e-01
 2.92246e+16	2.24e-05	1.27e-01	8.73e-01
 2.93652e+16	2.66e-05	1.44e-01	8.56e-01
 2.95120e+16	3.28e-05	1.67e-01	8.33e-01
 2.96283e+16	3.81e-05	1.88e-01	8.12e-01
 2.97233e+16	4.44e-05	2.09e-01	7.91e-01
 2.98137e+16	5.05e-05	2.31e-01	7.69e-01
 2.99157e+16	6.03e-05	2.61e-01	7.39e-01
 3.00030e+16	6.84e-05	2.89e-01	7.11e-01
 3.00607e+16	7.61e-05	3.11e-01	6.89e-01
 3.01132e+16	8.30e-05	3.31e-01	6.69e-01
 3.01698e+16	9.11e-05	3.56e-01	6.44e-01
 3.02434e+16	1.04e-04	3.90e-01	6.09e-01
 3.03145e+16	1.17e-04	4.26e-01	5.74e-01
 3.03699e+16	1.28e-04	4.55e-01	5.45e-01
 3.04294e+16	1.42e-04	4.89e-01	5.11e-01
 3.05068e+16	1.60e-04	5.33e-01	4.67e-01
 3.05860e+16	1.81e-04	5.79e-01	4.21e-01
 3.06516e+16	1.99e-04	6.17e-01	3.82e-01
 3.07210e+16	2.19e-04	6.58e-01	3.42e-01
 3.08113e+16	2.45e-04	7.07e-01	2.93e-01
 3.09076e+16	2.72e-04	7.54e-01	2.46e-01
 3.09964e+16	2.96e-04	7.92e-01	2.07e-01
 3.10962e+16	3.22e-04	8.30e-01	1.70e-01
 3.12260e+16	3.53e-04	8.69e-01	1.30e-01
 3.13948e+16	3.87e-04	9.07e-01	9.25e-02
 3.15850e+16	4.20e-04	9.36e-01	6.41e-02
 3.18033e+16	4.52e-04	9.57e-01	4.28e-02
 3.20871e+16	4.88e-04	9.73e-01	2.65e-02
 3.24559e+16	5.32e-04	9.84e-01	1.52e-02
 3.28404e+16	5.78e-04	9.90e-01	9.18e-03
 3.31527e+16	6.20e-04	9.93e-01	6.41e-03
 3.34148e+16	6.60e-04	9.95e-01	4.83e-03
 3.37035e+16	7.10e-04	9.96e-01	3.56e-03
 3.39512e+16	7.58e-04	9.96e-01	2.86e-03
 3.40831e+16	7.88e-04	9.97e-01	2.56e-03
 3.41921e+16	8.14e-04	9.97e-01	2.31e-03
 3.43339e+16	8.51e-04	9.97e-01	2.03e-03
 3.45181e+16	9.04e-04	9.97e-01	1.72e-03
 3.46976e+16	9.60e-04	9.98e-01	1.49e-03
 3.48259e+16	1.01e-03	9.98e-01	1.35e-03
 3.49300e+16	1.05e-03	9.98e-01	1.25e-03
 3.50477e+16	1.10e-03	9.98e-01	1.13e-03
 3.51686e+16	1.16e-03	9.98e-01	1.03e-03
 3.52648e+16	1.21e-03	9.98e-01	9.64e-04
 3.53453e+16	1.25e-03	9.98e-01	9.08e-04
 3.54341e+16	1.31e-03	9.98e-01	8.47e-04
 3.55339e+16	1.37e-03	9.98e-01	7.88e-04
 3.56244e+16	1.44e-03	9.98e-01	7.40e-04
 3.57014e+16	1.50e-03	9.98e-01	7.00e-04
 3.57841e+16	1.57e-03	9.98e-01	6.59e-04
 3.58745e+16	1.65e-03	9.98e-01	6.18e-04
 3.59535e+16	1.73e-03	9.98e-01	5.87e-04
 3.60203e+16	1.81e-03	9.98e-01	5.60e-04
 3.60927e+16	1.89e-03	9.98e-01	5.33e-04
 3.61717e+16	2.00e-03	9.97e-01	5.05e-04
 3.62412e+16	2.10e-03	9.97e-01	4.82e-04
 3.63017e+16	2.19e-03	9.97e-01	4.63e-04
 3.63686e+16	2.31e-03	9.97e-01	4.42e-04
 3.64408e+16	2.45e-03	9.97e-01	4.21e-04
 3.65030e+16	2.58e-03	9.97e-01	4.05e-04
 3.65565e+16	2.70e-03	9.97e-01	3.91e-04
 3.66154e+16	2.85e-03	9.97e-01	3.76e-04
 3.66796e+16	3.03e-03	9.97e-01	3.61e-04
 3.67364e+16	3.20e-03	9.96e-01	3.48e-04
 3.67863e+16	3.37e-03	9.96e-01	3.38e-04
 3.68417e+16	3.58e-03	9.96e-01	3.25e-04
 3.69022e+16	3.84e-03	9.96e-01	3.13e-04
 3.69557e+16	4.09e-03	9.96e-01	3.03e-04
 3.70029e+16	4.35e-03	9.95e-01	2.94e-04
 3.70553e+16	4.66e-03	9.95e-01	2.84e-04
 3.71137e+16	5.05e-03	9.95e-01	2.74e-04
 3.71673e+16	5.48e-03	9.94e-01	2.65e-04
 3.72164e+16	5.94e-03	9.94e-01	2.57e-04
 3.72719e+16	6.53e-03	9.93e-01	2.49e-04
 3.73303e+16	7.27e-03	9.92e-01	2.40e-04
 3.73765e+16	7.99e-03	9.92e-01	2.34e-04
 3.74119e+16	8.60e-03	9.91e-01	2.30e-04
 3.74493e+16	9.37e-03	9.90e-01	2.25e-04
 3.74913e+16	1.04e-02	9.89e-01	2.20e-04
 3.75291e+16	1.15e-02	9.88e-01	2.16e-04
 3.75607e+16	1.25e-02	9.87e-01	2.12e-04
 3.75896e+16	1.36e-02	9.86e-01	2.10e-04
 3.76224e+16	1.51e-02	9.85e-01	2.07e-04
 3.76574e+16	1.71e-02	9.83e-01	2.04e-04
 3.76864e+16	1.90e-02	9.81e-01	2.02e-04
 3.77099e+16	2.09e-02	9.79e-01	2.01e-04
 3.77349e+16	2.32e-02	9.77e-01	1.99e-04
 3.77628e+16	2.62e-02	9.74e-01	1.99e-04
 3.77878e+16	2.96e-02	9.70e-01	1.99e-04
 3.78088e+16	3.29e-02	9.67e-01	1.99e-04
 3.78278e+16	3.64e-02	9.63e-01	2.00e-04
 3.78492e+16	4.11e-02	9.59e-01	2.01e-04
 3.78715e+16	4.69e-02	9.53e-01	2.04e-04
 3.78895e+16	5.26e-02	9.47e-01	2.06e-04
 3.79042e+16	5.78e-02	9.42e-01	2.10e-04
 3.79191e+16	6.42e-02	9.36e-01	2.12e-04
 3.79349e+16	7.17e-02	9.28e-01	2.17e-04
 3.79499e+16	8.01e-02	9.20e-01	2.22e-04
 3.79635e+16	8.89e-02	9.11e-01	2.26e-04
 3.79761e+16	9.81e-02	9.02e-01	2.31e-04
 3.79877e+16	1.07e-01	8.92e-01	2.37e-04
 3.79979e+16	1.17e-01	8.83e-01	2.42e-04
 3.80054e+16	1.24e-01	8.76e-01	2.46e-04
 3.80105e+16	1.30e-01	8.70e-01	2.49e-04
 3.80153e+16	1.35e-01	8.65e-01	2.51e-04
 3.80209e+16	1.42e-01	8.58e-01	2.54e-04
 3.80269e+16	1.50e-01	8.50e-01	2.58e-04
 3.80326e+16	1.57e-01	8.43e-01	2.62e-04
 3.80380e+16	1.65e-01	8.35e-01	2.66e-04
 3.80434e+16	1.73e-01	8.27e-01	2.69e-04
 3.80488e+16	1.81e-01	8.18e-01	2.72e-04
 3.80541e+16	1.90e-01	8.09e-01	2.76e-04
 3.80593e+16	1.99e-01	8.00e-01	2.80e-04
 3.80645e+16	2.09e-01	7.91e-01	2.84e-04
 3.80697e+16	2.19e-01	7.80e-01	2.87e-04
 3.80747e+16	2.30e-01	7.70e-01	2.91e-04
 3.80796e+16	2.40e-01	7.60e-01	2.95e-04
 3.80845e+16	2.52e-01	7.48e-01	2.98e-04
 3.80894e+16	2.63e-01	7.37e-01	3.02e-04
 3.80942e+16	2.75e-01	7.25e-01	3.05e-04
 3.80990e+16	2.87e-01	7.13e-01	3.09e-04
 3.81037e+16	3.00e-01	7.00e-01	3.13e-04
 3.81084e+16	3.13e-01	6.87e-01	3.16e-04
 3.81129e+16	3.26e-01	6.74e-01	3.19e-04
 3.81174e+16	3.39e-01	6.60e-01	3.22e-04
 3.81218e+16	3.54e-01	6.46e-01	3.25e-04
 3.81263e+16	3.68e-01	6.32e-01	3.28e-04
 3.81306e+16	3.82e-01	6.18e-01	3.31e-04
 3.81349e+16	3.97e-01	6.03e-01	3.33e-04
 3.81391e+16	4.12e-01	5.88e-01	3.35e-04
 3.81432e+16	4.26e-01	5.73e-01	3.37e-04
 3.81473e+16	4.41e-01	5.58e-01	3.39e-04
 3.81514e+16	4.57e-01	5.43e-01	3.40e-04
 3.81553e+16	4.72e-01	5.28e-01	3.41e-04
 3.81592e+16	4.86e-01	5.13e-01	3.44e-04
 3.81630e+16	5.01e-01	4.98e-01	3.44e-04
 3.81667e+16	5.16e-01	4.84e-01	3.45e-04
 3.81703e+16	5.30e-01	4.69e-01	3.45e-04
 3.81739e+16	5.45e-01	4.55e-01	3.45e-04
 3.81774e+16	5.59e-01	4.41e-01	3.45e-04
 3.81808e+16	5.73e-01	4.27e-01	3.44e-04
 3.81842e+16	5.86e-01	4.13e-01	3.43e-04
 3.81875e+16	5.99e-01	4.00e-01	3.42e-04
 3.81907e+16	6.12e-01	3.87e-01	3.41e-04
 3.81939e+16	6.25e-01	3.75e-01	3.40e-04
 3.81970e+16	6.37e-01	3.62e-01	3.38e-04
 3.82000e+16	6.49e-01	3.50e-01	3.37e-04
 3.82030e+16	6.61e-01	3.39e-01	3.35e-04
 3.82059e+16	6.72e-01	3.27e-01	3.33e-04
 3.82088e+16	6.83e-01	3.16e-01	3.31e-04
 3.82117e+16	6.94e-01	3.06e-01	3.28e-04
 3.82145e+16	7.05e-01	2.95e-01	3.26e-04
 3.82172e+16	7.15e-01	2.85e-01	3.23e-04
 3.82200e+16	7.25e-01	2.75e-01	3.20e-04
 3.82227e+16	7.34e-01	2.65e-01	3.17e-04
 3.82253e+16	7.44e-01	2.56e-01	3.14e-04
 3.82279e+16	7.53e-01	2.47e-01	3.11e-04
 3.82305e+16	7.61e-01	2.38e-01	3.07e-04
 3.82327e+16	7.68e-01	2.31e-01	3.04e-04
 3.82344e+16	7.74e-01	2.26e-01	3.01e-04
 3.82359e+16	7.79e-01	2.21e-01	2.98e-04
 3.82375e+16	7.84e-01	2.16e-01	2.96e-04
 3.82391e+16	7.89e-01	2.10e-01	2.93e-04
 3.82407e+16	7.94e-01	2.05e-01	2.90e-04
 3.82423e+16	7.99e-01	2.01e-01	2.88e-04
 3.82438e+16	8.03e-01	1.96e-01	2.85e-04
 3.82452e+16	8.08e-01	1.92e-01	2.82e-04
 3.82467e+16	8.12e-01	1.87e-01	2.79e-04
 3.82481e+16	8.16e-01	1.83e-01	2.77e-04
 3.82495e+16	8.20e-01	1.79e-01	2.74e-04
 3.82509e+16	8.24e-01	1.76e-01	2.71e-04
 3.82523e+16	8.28e-01	1.72e-01	2.69e-04
 3.82537e+16	8.32e-01	1.68e-01	2.66e-04
 3.82551e+16	8.36e-01	1.64e-01	2.63e-04
 3.82565e+16	8.39e-01	1.61e-01	2.60e-04
 3.82579e+16	8.43e-01	1.57e-01	2.57e-04
 3.82594e+16	8.47e-01	1.53e-01	2.54e-04
 3.82608e+16	8.50e-01	1.49e-01	2.51e-04
 3.82624e+16	8.54e-01	1.46e-01	2.48e-04
 3.82642e+16	8.59e-01	1.41e-01	2.44e-04
 3.82661e+16	8.63e-01	1.37e-01	2.40e-04
 3.82683e+16	8.68e-01	1.32e-01	2.35e-04
 3.82706e+16	8.73e-01	1.27e-01	2.30e-04
 3.82727e+16	8.78e-01	1.22e-01	2.25e-04
 3.82746e+16	8.82e-01	1.18e-01	2.20e-04
 3.82765e+16	8.86e-01	1.14e-01	2.15e-04
 3.82784e+16	8.90e-01	1.10e-01	2.11e-04
 3.82802e+16	8.93e-01	1.07e-01	2.06e-04
 3.82818e+16	8.96e-01	1.04e-01	2.02e-04
 3.82833e+16	8.99e-01	1.01e-01	1.98e-04
 3.82846e+16	9.02e-01	9.82e-02	1.94e-04
 3.82858e+16	9.04e-01	9.60e-02	1.90e-04
 3.82869e+16	9.06e-01	9.40e-02	1.87e-04
 3.82879e+16	9.08e-01	9.21e-02	1.84e-04
 3.82888e+16	9.09e-01	9.05e-02	1.81e-04
 3.82898e+16	9.11e-01	8.86e-02	1.78e-04
 3.82909e+16	9.13e-01	8.68e-02	1.75e-04
 3.82919e+16	9.15e-01	8.51e-02	1.73e-04
 3.82928e+16	9.16e-01	8.36e-02	1.70e-04
 3.82936e+16	9.18e-01	8.22e-02	1.67e-04
 3.82945e+16	9.19e-01	8.07e-02	1.65e-04
 3.82954e+16	9.21e-01	7.91e-02	1.62e-04
 3.82963e+16	9.22e-01	7.77e-02	1.59e-04
 3.82971e+16	9.23e-01	7.64e-02	1.57e-04
 3.82978e+16	9.25e-01	7.52e-02	1.54e-04
 3.82986e+16	9.26e-01	7.39e-02	1.52e-04
 3.82995e+16	9.27e-01	7.26e-02	1.49e-04
 3.83003e+16	9.28e-01	7.14e-02	1.47e-04
 3.83010e+16	9.30e-01	7.03e-02	1.45e-04
 3.83016e+16	9.31e-01	6.93e-02	1.43e-04
 3.83023e+16	9.32e-01	6.82e-02	1.40e-04
 3.83031e+16	9.33e-01	6.70e-02	1.38e-04
 3.83038e+16	9.34e-01	6.60e-02	1.36e-04
 3.83044e+16	9.35e-01	6.50e-02	1.34e-04
 3.83050e+16	9.36e-01	6.42e-02	1.32e-04
 3.83057e+16	9.37e-01	6.32e-02	1.30e-04
 3.83063e+16	9.38e-01	6.23e-02	1.28e-04
 3.83070e+16	9.38e-01	6.14e-02	1.26e-04
 3.83075e+16	9.39e-01	6.05e-02	1.24e-04
 3.83081e+16	9.40e-01	5.97e-02	1.22e-04
 3.83088e+16	9.41e-01	5.88e-02	1.20e-04
 3.83094e+16	9.42e-01	5.79e-02	1.19e-04
 3.83100e+16	9.43e-01	5.71e-02	1.17e-04
 3.83106e+16	9.44e-01	5.63e-02	1.15e-04
 3.83112e+16	9.44e-01	5.55e-02	1.13e-04
 3.83118e+16	9.45e-01	5.47e-02	1.11e-04
 3.83124e+16	9.46e-01	5.39e-02	1.10e-04
 3.83130e+16	9.47e-01	5.32e-02	1.08e-04
 3.83136e+16	9.48e-01	5.24e-02	1.06e-04
 3.83142e+16	9.48e-01	5.16e-02	1.05e-04
 3.83147e+16	9.49e-01	5.10e-02	1.03e-04
 3.83153e+16	9.50e-01	5.03e-02	1.02e-04
 3.83159e+16	9.50e-01	4.95e-02	1.00e-04
 3.83165e+16	9.51e-01	4.88e-02	9.83e-05
 3.83170e+16	9.52e-01	4.82e-02	9.70e-05
 3.83176e+16	9.52e-01	4.76e-02	9.56e-05
 3.83183e+16	9.53e-01	4.67e-02	9.37e-05
 3.83191e+16	9.54e-01	4.58e-02	9.19e-05
 3.83199e+16	9.55e-01	4.51e-02	9.02e-05
 3.83205e+16	9.56e-01	4.44e-02	8.87e-05
 3.83211e+16	9.56e-01	4.38e-02	8.74e-05
 3.83218e+16	9.57e-01	4.31e-02	8.60e-05
 3.83225e+16	9.57e-01	4.24e-02	8.45e-05
 3.83232e+16	9.58e-01	4.18e-02	8.31e-05
 3.83239e+16	9.59e-01	4.11e-02	8.18e-05
 3.83246e+16	9.60e-01	4.04e-02	8.03e-05
 3.83253e+16	9.60e-01	3.98e-02	7.89e-05
 3.83260e+16	9.61e-01	3.92e-02	7.78e-05
 3.83267e+16	9.61e-01	3.86e-02	7.65e-05
 3.83274e+16	9.62e-01	3.80e-02	7.52e-05
 3.83281e+16	9.62e-01	3.74e-02	7.39e-05
 3.83289e+16	9.63e-01	3.68e-02	7.27e-05
 3.83297e+16	9.64e-01	3.62e-02	7.14e-05
 3.83304e+16	9.64e-01	3.56e-02	7.01e-05
 3.83312e+16	9.65e-01	3.50e-02	6.89e-05
 3.83321e+16	9.66e-01	3.44e-02	6.76e-05
 3.83329e+16	9.66e-01	3.38e-02	6.64e-05
 3.83337e+16	9.67e-01	3.32e-02	6.52e-05
 3.83347e+16	9.67e-01	3.26e-02	6.39e-05
 3.83355e+16	9.68e-01	3.20e-02	6.27e-05
 3.83363e+16	9.68e-01	3.16e-02	6.18e-05
 3.83372e+16	9.69e-01	3.10e-02	6.06e-05
 3.83381e+16	9.69e-01	3.05e-02	5.95e-05
 3.83389e+16	9.70e-01	3.00e-02	5.86e-05
 3.83398e+16	9.70e-01	2.95e-02	5.74e-05
 3.83408e+16	9.71e-01	2.89e-02	5.64e-05
 3.83417e+16	9.71e-01	2.85e-02	5.54e-05
 3.83427e+16	9.72e-01	2.79e-02	5.43e-05
 3.83438e+16	9.73e-01	2.74e-02	5.33e-05
 3.83448e+16	9.73e-01	2.70e-02	5.24e-05
 3.83458e+16	9.74e-01	2.64e-02	5.13e-05
 3.83470e+16	9.74e-01	2.59e-02	5.03e-05
 3.83480e+16	9.74e-01	2.55e-02	4.94e-05
 3.83491e+16	9.75e-01	2.50e-02	4.84e-05
 3.83504e+16	9.75e-01	2.45e-02	4.74e-05
 3.83515e+16	9.76e-01	2.41e-02	4.66e-05
 3.83527e+16	9.76e-01	2.36e-02	4.56e-05
 3.83541e+16	9.77e-01	2.31e-02	4.46e-05
 3.83553e+16	9.77e-01	2.27e-02	4.38e-05
 3.83566e+16	9.78e-01	2.23e-02	4.29e-05
 3.83583e+16	9.78e-01	2.17e-02	4.18e-05
 3.83602e+16	9.79e-01	2.12e-02	4.08e-05
 3.83619e+16	9.79e-01	2.07e-02	3.98e-05
 3.83634e+16	9.80e-01	2.03e-02	3.90e-05
 3.83651e+16	9.80e-01	1.99e-02	3.81e-05
 3.83669e+16	9.80e-01	1.95e-02	3.73e-05
 3.83686e+16	9.81e-01	1.91e-02	3.66e-05
 3.83704e+16	9.81e-01	1.87e-02	3.57e-05
 3.83728e+16	9.82e-01	1.82e-02	3.48e-05
 3.83753e+16	9.82e-01	1.78e-02	3.39e-05
 3.83776e+16	9.83e-01	1.74e-02	3.32e-05
 3.83802e+16	9.83e-01	1.69e-02	3.23e-05
 3.83829e+16	9.83e-01	1.66e-02	3.15e-05
 3.83854e+16	9.84e-01	1.62e-02	3.09e-05
 3.83882e+16	9.84e-01	1.59e-02	3.01e-05
 3.83917e+16	9.85e-01	1.55e-02	2.93e-05
 3.83956e+16	9.85e-01	1.51e-02	2.86e-05
 3.83991e+16	9.85e-01	1.48e-02	2.80e-05
 3.84029e+16	9.86e-01	1.45e-02	2.73e-05
 3.84079e+16	9.86e-01	1.41e-02	2.66e-05
 3.84133e+16	9.86e-01	1.38e-02	2.59e-05
 3.84192e+16	9.87e-01	1.35e-02	2.52e-05
 3.84268e+16	9.87e-01	1.31e-02	2.45e-05
 3.84351e+16	9.87e-01	1.29e-02	2.39e-05
 3.84441e+16	9.87e-01	1.26e-02	2.33e-05
 3.84556e+16	9.88e-01	1.23e-02	2.27e-05
 3.84706e+16	9.88e-01	1.21e-02	2.21e-05
 3.84901e+16	9.88e-01	1.18e-02	2.14e-05
 3.85155e+16	9.88e-01	1.16e-02	2.06e-05
 3.85485e+16	9.89e-01	1.13e-02	1.98e-05
 3.85914e+16	9.89e-01	1.10e-02	1.88e-05
 3.86377e+16	9.89e-01	1.07e-02	1.79e-05
 3.86884e+16	9.90e-01	1.04e-02	1.69e-05
 3.87432e+16	9.90e-01	1.00e-02	1.60e-05
 3.87930e+16	9.90e-01	9.78e-03	1.52e-05
 3.88477e+16	9.91e-01	9.48e-03	1.43e-05
 3.89066e+16	9.91e-01	9.19e-03	1.35e-05
 3.89603e+16	9.91e-01	8.93e-03	1.28e-05
 3.90191e+16	9.91e-01	8.65e-03	1.20e-05
 3.90955e+16	9.92e-01	8.30e-03	1.11e-05
 3.91832e+16	9.92e-01	7.94e-03	1.02e-05
 3.92724e+16	9.92e-01	7.60e-03	9.36e-06
 3.93639e+16	9.93e-01	7.27e-03	8.58e-06
 3.94595e+16	9.93e-01	6.94e-03	7.85e-06
 3.95590e+16	9.93e-01	6.62e-03	7.17e-06
 3.96622e+16	9.94e-01	6.32e-03	6.53e-06
 3.97684e+16	9.94e-01	6.02e-03	5.94e-06
 3.98766e+16	9.94e-01	5.74e-03	5.41e-06
 3.99866e+16	9.95e-01	5.47e-03	4.92e-06
 4.00990e+16	9.95e-01	5.21e-03	4.47e-06
 4.02138e+16	9.95e-01	4.96e-03	4.06e-06
 4.03310e+16	9.95e-01	4.72e-03	3.68e-06
 4.04505e+16	9.96e-01	4.50e-03	3.34e-06
 4.05724e+16	9.96e-01	4.28e-03	3.03e-06
 4.06967e+16	9.96e-01	4.07e-03	2.74e-06
 4.08234e+16	9.96e-01	3.87e-03	2.48e-06
 4.09526e+16	9.96e-01	3.68e-03	2.25e-06
 4.10824e+16	9.96e-01	3.50e-03	2.04e-06
 4.12143e+16	9.97e-01	3.33e-03	1.84e-06
 4.13511e+16	9.97e-01	3.16e-03	1.66e-06
 4.14915e+16	9.97e-01	3.00e-03	1.50e-06
 4.16343e+16	9.97e-01	2.85e-03	1.35e-06
 4.17796e+16	9.97e-01	2.70e-03	1.21e-06
 4.19277e+16	9.97e-01	2.56e-03	1.09e-06
 4.20789e+16	9.98e-01	2.43e-03	9.80e-07
 4.22332e+16	9.98e-01	2.30e-03	8.79e-07
 4.23907e+16	9.98e-01	2.18e-03	7.87e-07
 4.25517e+16	9.98e-01	2.06e-03	7.04e-07
 4.27162e+16	9.98e-01	1.95e-03	6.29e-07
 4.28843e+16	9.98e-01	1.84e-03	5.62e-07
 4.30560e+16	9.98e-01	1.74e-03	5.00e-07
 4.32317e+16	9.98e-01	1.64e-03	4.45e-07
 4.34113e+16	9.98e-01	1.55e-03	3.95e-07
 4.35953e+16	9.99e-01	1.46e-03	3.51e-07
 4.37836e+16	9.99e-01	1.38e-03	3.10e-07
 4.39765e+16	9.99e-01	1.29e-03	2.74e-07
 4.41744e+16	9.99e-01	1.22e-03	2.42e-07
 4.43776e+16	9.99e-01	1.14e-03	2.13e-07
 4.45863e+16	9.99e-01	1.07e-03	1.87e-07
 4.48008e+16	9.99e-01	1.00e-03	1.63e-07
 4.50215e+16	9.99e-01	9.41e-04	1.43e-07
 4.52488e+16	9.99e-01	8.80e-04	1.24e-07
 4.54831e+16	9.99e-01	8.22e-04	1.08e-07
 4.57202e+16	9.99e-01	7.68e-04	9.37e-08
 4.59641e+16	9.99e-01	7.16e-04	8.10e-08
 4.62227e+16	9.99e-01	6.65e-04	6.94e-08
 4.64929e+16	9.99e-01	6.16e-04	5.93e-08
 4.67722e+16	9.99e-01	5.71e-04	5.04e-08
 4.70619e+16	9.99e-01	5.27e-04	4.26e-08
 4.73646e+16	1.00e+00	4.85e-04	3.58e-08
 4.76823e+16	1.00e+00	4.45e-04	2.99e-08
 4.80158e+16	1.00e+00	4.07e-04	2.48e-08
 4.83658e+16	1.00e+00	3.71e-04	2.03e-08
 4.87376e+16	1.00e+00	3.37e-04	1.65e-08
 4.91329e+16	1.00e+00	3.04e-04	1.33e-08
 4.95521e+16	1.00e+00	2.73e-04	1.05e-08
 5.00004e+16	1.00e+00	2.43e-04	8.24e-09
 5.04847e+16	1.00e+00	2.14e-04	6.32e-09
 5.10120e+16	1.00e+00	1.87e-04	4.74e-09
 5.15907e+16	1.00e+00	1.62e-04	3.47e-09
 5.22252e+16	1.00e+00	1.37e-04	2.46e-09
 5.29369e+16	1.00e+00	1.14e-04	1.67e-09
 5.37600e+16	1.00e+00	9.16e-05	1.07e-09
 5.47244e+16	1.00e+00	7.09e-05	6.36e-10
 5.58167e+16	1.00e+00	5.31e-05	3.55e-10
 5.69694e+16	1.00e+00	3.92e-05	1.95e-10
 5.81454e+16	1.00e+00	2.88e-05	1.06e-10
 5.93574e+16	1.00e+00	2.11e-05	5.71e-11
 6.06291e+16	1.00e+00	1.52e-05	3.01e-11
 6.19753e+16	1.00e+00	1.08e-05	1.55e-11
 6.34018e+16	1.00e+00	7.58e-06	7.76e-12
 6.49187e+16	1.00e+00	5.24e-06	3.78e-12
 6.64848e+16	1.00e+00	3.61e-06	1.84e-12
 6.80508e+16	1.00e+00	2.51e-06	9.12e-13
 6.96168e+16	1.00e+00	1.77e-06	4.61e-13
 7.11829e+16	1.00e+00	1.25e-06	2.36e-13
 7.27490e+16	1.00e+00	8.91e-07	1.22e-13
 7.43150e+16	1.00e+00	6.43e-07	6.49e-14
 7.58811e+16	1.00e+00	4.66e-07	3.48e-14
 7.74472e+16	1.00e+00	3.42e-07	1.90e-14
 7.90133e+16	1.00e+00	2.52e-07	1.05e-14
 8.05794e+16	1.00e+00	1.87e-07	5.89e-15
 8.23804e+16	1.00e+00	1.33e-07	3.02e-15
 8.44470e+16	1.00e+00	9.18e-08	1.46e-15
 8.65442e+16	1.00e+00	6.39e-08	7.18e-16
 8.86414e+16	1.00e+00	4.49e-08	3.60e-16
 9.09254e+16	1.00e+00	3.08e-08	1.71e-16
 9.33960e+16	1.00e+00	2.08e-08	7.94e-17
 9.58666e+16	1.00e+00	1.43e-08	3.78e-17
 9.84430e+16	1.00e+00	9.73e-09	1.77e-17
 1.01165e+17	1.00e+00	6.59e-09	8.19e-18
 1.03952e+17	1.00e+00	4.47e-09	3.80e-18
 1.06781e+17	1.00e+00	3.06e-09	1.79e-18
 1.09623e+17	1.00e+00	2.11e-09	8.59e-19
 1.12466e+17	1.00e+00	1.47e-09	4.20e-19
 1.15308e+17	1.00e+00	1.04e-09	2.10e-19
 1.18151e+17	1.00e+00	7.36e-10	1.06e-19
 1.20994e+17	1.00e+00	5.28e-10	5.48e-20
 1.23837e+17	1.00e+00	3.81e-10	2.87e-20
 1.26679e+17	1.00e+00	2.78e-10	1.53e-20
 1.29521e+17	1.00e+00	2.04e-10	8.26e-21
 1.32363e+17	1.00e+00	1.51e-10	0.00e+00
 1.35206e+17	1.00e+00	1.12e-10	0.00e+00
 1.38048e+17	1.00e+00	8.40e-11	0.00e+00
 1.41034e+17	1.00e+00	6.24e-11	0.00e+00
 1.44165e+17	1.00e+00	4.61e-11	0.00e+00
 1.47295e+17	1.00e+00	3.44e-11	0.00e+00
 1.50824e+17	1.00e+00	2.48e-11	0.00e+00
 1.54753e+17	1.00e+00	1.76e-11	0.00e+00
 1.58835e+17	1.00e+00	1.25e-11	0.00e+00
 1.63133e+17	1.00e+00	8.89e-12	0.00e+00
 1.67534e+17	1.00e+00	6.43e-12	0.00e+00
 1.71999e+17	1.00e+00	4.75e-12	0.00e+00
 1.76572e+17	1.00e+00	3.60e-12	0.00e+00
 1.81232e+17	1.00e+00	2.80e-12	0.00e+00
 1.85893e+17	1.00e+00	2.26e-12	0.00e+00
 1.90553e+17	1.00e+00	1.90e-12	0.00e+00
 1.95422e+17	1.00e+00	1.64e-12	0.00e+00
 2.00572e+17	1.00e+00	1.42e-12	0.00e+00
 2.05821e+17	1.00e+00	1.27e-12	0.00e+00
 2.11137e+17	1.00e+00	1.17e-12	0.00e+00
 2.16461e+17	1.00e+00	1.10e-12	0.00e+00
 2.21700e+17	1.00e+00	1.06e-12	0.00e+00
 2.26818e+17	1.00e+00	1.04e-12	0.00e+00
 2.31804e+17	1.00e+00	1.03e-12	0.00e+00
 2.36650e+17	1.00e+00	1.03e-12	0.00e+00
 2.41334e+17	1.00e+00	1.03e-12	0.00e+00
 2.45841e+17	1.00e+00	1.04e-12	0.00e+00
 2.50159e+17	1.00e+00	1.05e-12	0.00e+00
 2.54279e+17	1.00e+00	1.06e-12	0.00e+00
 2.58202e+17	1.00e+00	1.08e-12	0.00e+00
 2.61928e+17	1.00e+00	1.09e-12	0.00e+00
 2.65460e+17	1.00e+00	1.11e-12	0.00e+00
 2.68801e+17	1.00e+00	1.12e-12	0.00e+00
 2.71961e+17	1.00e+00	1.14e-12	0.00e+00
 2.74946e+17	1.00e+00	1.15e-12	0.00e+00
 2.77766e+17	1.00e+00	1.17e-12	0.00e+00
 2.80430e+17	1.00e+00	1.18e-12	0.00e+00
 2.82946e+17	1.00e+00	1.20e-12	0.00e+00
 2.85321e+17	1.00e+00	1.21e-12	0.00e+00
 2.87563e+17	1.00e+00	1.22e-12	0.00e+00
 2.89680e+17	1.00e+00	1.24e-12	0.00e+00
 2.91682e+17	1.00e+00	1.25e-12	0.00e+00
 2.93575e+17	1.00e+00	1.26e-12	0.00e+00
 2.95365e+17	1.00e+00	1.27e-12	0.00e+00
 2.97057e+17	1.00e+00	1.28e-12	0.00e+00
 2.98658e+17	1.00e+00	1.29e-12	0.00e+00
 3.00173e+17	1.00e+00	1.30e-12	0.00e+00
 3.01609e+17	1.00e+00	1.30e-12	0.00e+00
 3.02970e+17	1.00e+00	1.31e-12	0.00e+00
 3.04260e+17	1.00e+00	1.32e-12	0.00e+00
 3.05484e+17	1.00e+00	1.32e-12	0.00e+00
 3.06645e+17	1.00e+00	1.33e-12	0.00e+00
 3.07747e+17	1.00e+00	1.34e-12	0.00e+00
 3.08793e+17	1.00e+00	1.34e-12	0.00e+00
 3.09788e+17	1.00e+00	1.35e-12	0.00e+00
 3.10734e+17	1.00e+00	1.35e-12	0.00e+00
 3.11634e+17	1.00e+00	1.36e-12	0.00e+00
 3.12491e+17	1.00e+00	1.36e-12	0.00e+00
 3.13307e+17	1.00e+00	1.36e-12	0.00e+00
 3.14084e+17	1.00e+00	1.37e-12	0.00e+00
 3.14826e+17	1.00e+00	1.37e-12	0.00e+00
 3.15534e+17	1.00e+00	1.38e-12	0.00e+00
 3.16211e+17	1.00e+00	1.38e-12	0.00e+00
 3.16858e+17	1.00e+00	1.38e-12	0.00e+00
 3.17477e+17	1.00e+00	1.38e-12	0.00e+00
 3.18070e+17	1.00e+00	1.39e-12	0.00e+00
 3.18639e+17	1.00e+00	1.39e-12	0.00e+00
 3.19185e+17	1.00e+00	1.39e-12	0.00e+00
 3.19711e+17	1.00e+00	1.39e-12	0.00e+00
 3.20217e+17	1.00e+00	1.40e-12	0.00e+00
 3.20705e+17	1.00e+00	1.40e-12	0.00e+00
 3.21177e+17	1.00e+00	1.40e-12	0.00e+00
 3.21634e+17	1.00e+00	1.40e-12	0.00e+00
 3.22077e+17	1.00e+00	1.40e-12	0.00e+00
 3.22508e+17	1.00e+00	1.40e-12	0.00e+00
 3.22929e+17	1.00e+00	1.41e-12	0.00e+00
 3.23341e+17	1.00e+00	1.41e-12	0.00e+00
 3.23745e+17	1.00e+00	1.41e-12	0.00e+00
 3.24143e+17	1.00e+00	1.41e-12	0.00e+00
 3.24537e+17	1.00e+00	1.41e-12	0.00e+00
 3.24928e+17	1.00e+00	1.41e-12	0.00e+00
 3.25319e+17	1.00e+00	1.41e-12	0.00e+00
 3.25713e+17	1.00e+00	1.41e-12	0.00e+00
 3.26110e+17	1.00e+00	1.41e-12	0.00e+00
 3.26516e+17	1.00e+00	1.41e-12	0.00e+00
 3.26933e+17	1.00e+00	1.41e-12	0.00e+00
 3.27365e+17	1.00e+00	1.41e-12	0.00e+00
 3.27819e+17	1.00e+00	1.41e-12	0.00e+00
 3.28300e+17	1.00e+00	1.41e-12	0.00e+00
 3.28819e+17	1.00e+00	1.41e-12	0.00e+00
 3.29387e+17	1.00e+00	1.41e-12	0.00e+00
 3.30020e+17	1.00e+00	1.41e-12	0.00e+00
 3.30740e+17	1.00e+00	1.40e-12	0.00e+00
 3.31580e+17	1.00e+00	1.40e-12	0.00e+00
 3.32587e+17	1.00e+00	1.39e-12	0.00e+00
 3.33831e+17	1.00e+00	1.37e-12	0.00e+00
 3.35420e+17	1.00e+00	1.35e-12	0.00e+00
 3.37485e+17	1.00e+00	1.31e-12	0.00e+00
 3.40169e+17	1.00e+00	1.25e-12	0.00e+00
 3.43657e+17	1.00e+00	1.17e-12	0.00e+00
 3.48193e+17	1.00e+00	1.07e-12	0.00e+00
 3.54089e+17	1.00e+00	9.30e-13	0.00e+00
 3.61754e+17	1.00e+00	7.71e-13	0.00e+00
 3.71719e+17	1.00e+00	5.97e-13	0.00e+00
 3.84673e+17	1.00e+00	4.22e-13	0.00e+00
 3.99834e+17	1.00e+00	2.62e-13	0.00e+00
 4.15828e+17	1.00e+00	2.16e-13	0.00e+00
 4.32461e+17	1.00e+00	1.91e-13	0.00e+00
 4.49759e+17	1.00e+00	1.68e-13	0.00e+00
 4.67750e+17	1.00e+00	1.47e-13	0.00e+00
 4.86460e+17	1.00e+00	1.27e-13	0.00e+00
 5.05918e+17	1.00e+00	1.08e-13	0.00e+00
 5.26155e+17	1.00e+00	9.17e-14	0.00e+00
 5.47201e+17	1.00e+00	7.65e-14	0.00e+00
 5.68364e+17	1.00e+00	6.29e-14	0.00e+00
 5.88089e+17	1.00e+00	6.25e-14	0.00e+00
 6.05574e+17	1.00e+00	7.82e-14	0.00e+00
 6.21280e+17	1.00e+00	9.61e-14	0.00e+00
 6.36049e+17	1.00e+00	1.05e-13	0.00e+00
 6.50314e+17	1.00e+00	1.02e-13	0.00e+00
 6.63731e+17	1.00e+00	9.81e-14	0.00e+00
 6.75697e+17	1.00e+00	1.01e-13	0.00e+00
 6.85987e+17	1.00e+00	1.10e-13	0.00e+00
 6.94941e+17	1.00e+00	1.18e-13	0.00e+00
 7.02788e+17	1.00e+00	1.19e-13	0.00e+00
 7.08864e+17	1.00e+00	1.20e-13	0.00e+00
 7.12656e+17	1.00e+00	1.32e-13	0.00e+00
 7.14769e+17	1.00e+00	1.44e-13	0.00e+00
 7.16006e+17	1.00e+00	1.51e-13	0.00e+00
 7.16748e+17	1.00e+00	1.55e-13	0.00e+00
 7.17236e+17	1.00e+00	1.57e-13	0.00e+00
 7.17657e+17	1.00e+00	1.59e-13	0.00e+00
 7.18121e+17	1.00e+00	1.60e-13	0.00e+00
 7.18633e+17	1.00e+00	1.61e-13	0.00e+00
 7.19126e+17	1.00e+00	1.62e-13	0.00e+00
 7.19559e+17	1.00e+00	1.63e-13	0.00e+00
 7.19929e+17	1.00e+00	1.63e-13	0.00e+00
 7.20262e+17	1.00e+00	1.63e-13	0.00e+00
 7.20589e+17	1.00e+00	1.63e-13	0.00e+00
 7.20921e+17	1.00e+00	1.63e-13	0.00e+00
 7.21250e+17	1.00e+00	1.63e-13	0.00e+00
 7.21542e+17	1.00e+00	1.63e-13	0.00e+00
 7.21784e+17	1.00e+00	1.63e-13	0.00e+00
 7.22021e+17	1.00e+00	1.63e-13	0.00e+00
 7.22286e+17	1.00e+00	1.63e-13	0.00e+00
 7.22554e+17	1.00e+00	1.62e-13	0.00e+00
 7.22789e+17	1.00e+00	1.62e-13	0.00e+00
 7.22998e+17	1.00e+00	1.62e-13	0.00e+00
 7.23201e+17	1.00e+00	1.61e-13	0.00e+00
 7.23406e+17	1.00e+00	1.61e-13	0.00e+00
 7.23615e+17	1.00e+00	1.60e-13	0.00e+00
 7.23825e+17	1.00e+00	1.60e-13	0.00e+00
 7.24019e+17	1.00e+00	1.60e-13	0.00e+00
 7.24200e+17	1.00e+00	1.59e-13	0.00e+00
 7.24375e+17	1.00e+00	1.59e-13	0.00e+00
 7.24561e+17	1.00e+00	1.58e-13	0.00e+00
 7.24753e+17	1.00e+00	1.58e-13	0.00e+00
 7.24933e+17	1.00e+00	1.57e-13	0.00e+00
 7.25108e+17	1.00e+00	1.57e-13	0.00e+00
 7.25282e+17	1.00e+00	1.56e-13	0.00e+00
 7.25450e+17	1.00e+00	1.55e-13	0.00e+00
 7.25615e+17	1.00e+00	1.55e-13	0.00e+00
 7.25792e+17	1.00e+00	1.54e-13	0.00e+00
 7.25980e+17	1.00e+00	1.54e-13	0.00e+00
 7.26163e+17	1.00e+00	1.53e-13	0.00e+00
 7.26339e+17	1.00e+00	1.52e-13	0.00e+00
 7.26512e+17	1.00e+00	1.52e-13	0.00e+00
 7.26697e+17	1.00e+00	1.51e-13	0.00e+00
 7.26899e+17	1.00e+00	1.50e-13	0.00e+00
 7.27090e+17	1.00e+00	1.49e-13	0.00e+00
 7.27267e+17	1.00e+00	1.49e-13	0.00e+00
 7.27462e+17	1.00e+00	1.48e-13	0.00e+00
 7.27697e+17	1.00e+00	1.47e-13	0.00e+00
 7.27934e+17	1.00e+00	1.46e-13	0.00e+00
 7.28143e+17	1.00e+00	1.45e-13	0.00e+00
 7.28332e+17	1.00e+00	1.44e-13	0.00e+00
 7.28530e+17	1.00e+00	1.43e-13	0.00e+00
 7.28761e+17	1.00e+00	1.42e-13	0.00e+00
 7.29002e+17	1.00e+00	1.41e-13	0.00e+00
 7.29236e+17	1.00e+00	1.39e-13	0.00e+00
 7.29481e+17	1.00e+00	1.38e-13	0.00e+00
 7.29745e+17	1.00e+00	1.37e-13	0.00e+00
 7.29999e+17	1.00e+00	1.36e-13	0.00e+00
 7.30250e+17	1.00e+00	1.34e-13	0.00e+00
 7.30524e+17	1.00e+00	1.33e-13	0.00e+00
 7.30816e+17	1.00e+00	1.31e-13	0.00e+00
 7.31105e+17	1.00e+00	1.30e-13	0.00e+00
 7.31390e+17	1.00e+00	1.28e-13	0.00e+00
 7.31688e+17	1.00e+00	1.27e-13	0.00e+00
 7.31999e+17	1.00e+00	1.25e-13	0.00e+00
 7.32322e+17	1.00e+00	1.23e-13	0.00e+00
 7.32653e+17	1.00e+00	1.22e-13	0.00e+00
 7.32989e+17	1.00e+00	1.20e-13	0.00e+00
 7.33329e+17	1.00e+00	1.18e-13	0.00e+00
 7.33662e+17	1.00e+00	1.16e-13	0.00e+00
 7.34028e+17	1.00e+00	1.14e-13	0.00e+00
 7.34445e+17	1.00e+00	1.12e-13	0.00e+00
 7.34852e+17	1.00e+00	1.10e-13	0.00e+00
 7.35217e+17	1.00e+00	1.08e-13	0.00e+00
 7.35595e+17	1.00e+00	1.06e-13	0.00e+00
 7.36046e+17	1.00e+00	1.03e-13	0.00e+00
 7.36512e+17	1.00e+00	1.01e-13	0.00e+00
 7.36932e+17	1.00e+00	9.84e-14	0.00e+00
 7.37349e+17	1.00e+00	9.62e-14	0.00e+00
 7.37811e+17	1.00e+00	9.39e-14	0.00e+00
 7.38308e+17	1.00e+00	9.13e-14	0.00e+00
 7.38809e+17	1.00e+00	8.86e-14	0.00e+00
 7.39289e+17	1.00e+00	8.61e-14	0.00e+00
 7.39760e+17	1.00e+00	8.37e-14	0.00e+00
 7.40260e+17	1.00e+00	8.13e-14	0.00e+00
 7.40802e+17	1.00e+00	7.86e-14	0.00e+00
 7.41356e+17	1.00e+00	7.58e-14	0.00e+00
 7.41897e+17	1.00e+00	7.32e-14	0.00e+00
 7.42438e+17	1.00e+00	7.06e-14	0.00e+00
 7.43003e+17	1.00e+00	6.80e-14	0.00e+00
 7.43583e+17	1.00e+00	6.53e-14	0.00e+00
 7.44176e+17	1.00e+00	6.27e-14	0.00e+00
 7.44782e+17	1.00e+00	6.00e-14	0.00e+00
 7.45404e+17	1.00e+00	5.73e-14	0.00e+00
 7.46034e+17	1.00e+00	5.46e-14	0.00e+00
 7.46660e+17	1.00e+00	5.20e-14	0.00e+00
 7.47289e+17	1.00e+00	4.95e-14	0.00e+00
 7.47953e+17	1.00e+00	4.70e-14	0.00e+00
 7.48639e+17	1.00e+00	4.44e-14	0.00e+00
 7.49326e+17	1.00e+00	4.19e-14	0.00e+00
 7.50010e+17	1.00e+00	3.94e-14	0.00e+00
 7.50709e+17	1.00e+00	3.71e-14	0.00e+00
 7.51443e+17	1.00e+00	3.47e-14	0.00e+00
 7.52195e+17	1.00e+00	3.23e-14	0.00e+00
 7.52955e+17	1.00e+00	3.01e-14	0.00e+00
 7.53739e+17	1.00e+00	2.79e-14	0.00e+00
 7.54549e+17	1.00e+00	2.57e-14	0.00e+00
 7.55293e+17	1.00e+00	2.37e-14	0.00e+00
 7.55913e+17	1.00e+00	2.21e-14	0.00e+00
 7.56438e+17	1.00e+00	2.08e-14	0.00e+00
 7.56929e+17	1.00e+00	1.97e-14	0.00e+00
 7.57426e+17	1.00e+00	1.87e-14	0.00e+00
 7.57920e+17	1.00e+00	1.77e-14	0.00e+00
 7.58380e+17	1.00e+00	1.68e-14	0.00e+00
 7.58797e+17	1.00e+00	1.59e-14	0.00e+00
 7.59186e+17	1.00e+00	1.52e-14	0.00e+00
 7.59566e+17	1.00e+00	1.46e-14	0.00e+00
 7.59941e+17	1.00e+00	1.39e-14	0.00e+00
 7.60305e+17	1.00e+00	1.33e-14	0.00e+00
 7.60650e+17	1.00e+00	1.28e-14	0.00e+00
 7.60975e+17	1.00e+00	1.23e-14	0.00e+00
 7.61288e+17	1.00e+00	1.18e-14	0.00e+00
 7.61595e+17	1.00e+00	1.13e-14	0.00e+00
 7.61894e+17	1.00e+00	1.09e-14	0.00e+00
 7.62183e+17	1.00e+00	1.05e-14	0.00e+00
 7.62461e+17	1.00e+00	1.01e-14	0.00e+00
 7.62729e+17	1.00e+00	9.75e-15	0.00e+00
