#depth	O	O+	O+2	O+3	O+4	O+5	O+6	O+7	O+8	O[1]	O[2]	O[3]
 1.49634e+10	0.00e+00	2.23e-45	6.29e-35	2.17e-25	1.10e-16	7.58e-09	1.00e+00	1.04e-06	0.00e+00	0.00e+00	0.00e+00	0.00e+00
 4.54887e+10	0.00e+00	0.00e+00	8.64e-35	2.76e-25	1.29e-16	8.21e-09	1.00e+00	9.59e-07	1.52e-16	0.00e+00	0.00e+00	0.00e+00
 7.72350e+10	0.00e+00	4.92e-45	1.19e-34	3.50e-25	1.52e-16	8.89e-09	1.00e+00	0.00e+00	0.00e+00	0.00e+00	0.00e+00	0.00e+00
 1.10251e+11	0.00e+00	0.00e+00	1.63e-34	4.44e-25	1.78e-16	9.62e-09	1.00e+00	0.00e+00	0.00e+00	0.00e+00	0.00e+00	0.00e+00
 1.44588e+11	0.00e+00	1.09e-44	2.24e-34	5.63e-25	2.09e-16	1.04e-08	1.00e+00	0.00e+00	0.00e+00	0.00e+00	0.00e+00	0.00e+00
 1.80298e+11	0.00e+00	0.00e+00	3.07e-34	7.15e-25	2.45e-16	1.13e-08	1.00e+00	0.00e+00	0.00e+00	0.00e+00	0.00e+00	0.00e+00
 2.15171e+11	0.00e+00	2.34e-44	4.14e-34	8.94e-25	2.84e-16	1.22e-08	1.00e+00	0.00e+00	0.00e+00	0.00e+00	0.00e+00	0.00e+00
 2.48373e+11	0.00e+00	0.00e+00	5.44e-34	1.10e-24	3.26e-16	1.30e-08	1.00e+00	0.00e+00	0.00e+00	0.00e+00	0.00e+00	0.00e+00
 2.85168e+11	0.00e+00	4.76e-44	7.31e-34	1.37e-24	3.78e-16	1.40e-08	1.00e+00	0.00e+00	0.00e+00	0.00e+00	0.00e+00	0.00e+00
 3.25338e+11	0.00e+00	0.00e+00	9.96e-34	1.73e-24	4.42e-16	1.52e-08	1.00e+00	0.00e+00	0.00e+00	0.00e+00	0.00e+00	0.00e+00
 3.64168e+11	0.00e+00	1.01e-43	1.33e-33	2.15e-24	5.11e-16	1.63e-08	1.00e+00	0.00e+00	0.00e+00	0.00e+00	0.00e+00	0.00e+00
 4.05717e+11	0.00e+00	0.00e+00	1.79e-33	2.69e-24	5.94e-16	1.76e-08	1.00e+00	0.00e+00	0.00e+00	0.00e+00	0.00e+00	0.00e+00
 4.51872e+11	0.00e+00	2.17e-43	2.46e-33	3.42e-24	6.98e-16	1.91e-08	1.00e+00	0.00e+00	0.00e+00	0.00e+00	0.00e+00	0.00e+00
 4.98513e+11	0.00e+00	0.00e+00	3.36e-33	4.32e-24	8.16e-16	2.07e-08	1.00e+00	0.00e+00	0.00e+00	0.00e+00	0.00e+00	0.00e+00
 5.47020e+11	0.00e+00	4.73e-43	4.59e-33	5.47e-24	9.55e-16	2.23e-08	1.00e+00	0.00e+00	0.00e+00	0.00e+00	0.00e+00	0.00e+00
 5.98828e+11	0.00e+00	0.00e+00	6.33e-33	6.96e-24	1.12e-15	2.42e-08	1.00e+00	0.00e+00	0.00e+00	0.00e+00	0.00e+00	0.00e+00
 6.52708e+11	0.00e+00	1.05e-42	8.72e-33	8.86e-24	1.32e-15	2.63e-08	1.00e+00	0.00e+00	0.00e+00	0.00e+00	0.00e+00	0.00e+00
 7.08743e+11	0.00e+00	0.00e+00	1.20e-32	1.13e-23	1.55e-15	2.85e-08	1.00e+00	0.00e+00	0.00e+00	0.00e+00	0.00e+00	0.00e+00
 7.67019e+11	0.00e+00	2.35e-42	1.66e-32	1.44e-23	1.83e-15	3.10e-08	1.00e+00	0.00e+00	0.00e+00	0.00e+00	0.00e+00	0.00e+00
 8.27627e+11	0.00e+00	0.00e+00	2.29e-32	1.83e-23	2.15e-15	3.36e-08	1.00e+00	0.00e+00	0.00e+00	0.00e+00	0.00e+00	0.00e+00
 8.90659e+11	0.00e+00	5.25e-42	3.16e-32	2.34e-23	2.53e-15	3.65e-08	1.00e+00	0.00e+00	0.00e+00	0.00e+00	0.00e+00	0.00e+00
 9.56212e+11	0.00e+00	0.00e+00	4.37e-32	2.99e-23	2.98e-15	3.96e-08	1.00e+00	0.00e+00	0.00e+00	0.00e+00	0.00e+00	0.00e+00
 1.01779e+12	0.00e+00	1.13e-41	5.86e-32	3.73e-23	3.46e-15	4.27e-08	1.00e+00	0.00e+00	0.00e+00	0.00e+00	0.00e+00	0.00e+00
 1.07276e+12	0.00e+00	0.00e+00	7.55e-32	4.51e-23	3.94e-15	4.55e-08	1.00e+00	0.00e+00	0.00e+00	0.00e+00	0.00e+00	0.00e+00
 1.13440e+12	0.00e+00	2.19e-41	9.95e-32	5.56e-23	4.53e-15	4.89e-08	1.00e+00	0.00e+00	0.00e+00	0.00e+00	0.00e+00	0.00e+00
 1.20759e+12	0.00e+00	0.00e+00	1.37e-31	7.06e-23	5.33e-15	5.30e-08	1.00e+00	0.00e+00	0.00e+00	0.00e+00	0.00e+00	0.00e+00
 1.28089e+12	0.00e+00	4.75e-41	1.85e-31	8.89e-23	6.22e-15	5.74e-08	1.00e+00	0.00e+00	0.00e+00	0.00e+00	0.00e+00	0.00e+00
 1.34953e+12	0.00e+00	0.00e+00	2.44e-31	1.10e-22	7.16e-15	6.16e-08	1.00e+00	0.00e+00	0.00e+00	0.00e+00	0.00e+00	0.00e+00
 1.42585e+12	0.00e+00	9.72e-41	3.29e-31	1.37e-22	8.35e-15	6.65e-08	1.00e+00	0.00e+00	0.00e+00	0.00e+00	0.00e+00	0.00e+00
 1.51281e+12	0.00e+00	0.00e+00	4.57e-31	1.76e-22	9.87e-15	7.24e-08	1.00e+00	0.00e+00	0.00e+00	0.00e+00	0.00e+00	0.00e+00
 1.59918e+12	0.00e+00	2.16e-40	6.26e-31	2.23e-22	1.16e-14	7.85e-08	1.00e+00	0.00e+00	0.00e+00	0.00e+00	0.00e+00	0.00e+00
 1.68901e+12	0.00e+00	0.00e+00	8.57e-31	2.83e-22	1.36e-14	8.52e-08	1.00e+00	0.00e+00	0.00e+00	0.00e+00	0.00e+00	0.00e+00
 1.78650e+12	0.00e+00	4.81e-40	1.19e-30	3.64e-22	1.61e-14	9.29e-08	1.00e+00	0.00e+00	0.00e+00	0.00e+00	0.00e+00	0.00e+00
 1.88584e+12	0.00e+00	0.00e+00	1.65e-30	4.65e-22	1.91e-14	1.01e-07	1.00e+00	0.00e+00	0.00e+00	0.00e+00	0.00e+00	0.00e+00
 1.97842e+12	0.00e+00	1.03e-39	2.20e-30	5.80e-22	2.21e-14	1.09e-07	1.00e+00	0.00e+00	0.00e+00	0.00e+00	0.00e+00	0.00e+00
 2.06368e+12	0.00e+00	0.00e+00	2.86e-30	7.07e-22	2.53e-14	1.17e-07	1.00e+00	0.00e+00	0.00e+00	0.00e+00	0.00e+00	0.00e+00
 2.16102e+12	0.00e+00	2.04e-39	3.81e-30	8.81e-22	2.94e-14	1.26e-07	1.00e+00	0.00e+00	0.00e+00	0.00e+00	0.00e+00	0.00e+00
 2.27533e+12	0.00e+00	0.00e+00	5.28e-30	1.13e-21	3.48e-14	1.37e-07	1.00e+00	0.00e+00	0.00e+00	0.00e+00	0.00e+00	0.00e+00
 2.38830e+12	0.00e+00	4.49e-39	7.21e-30	1.43e-21	4.10e-14	1.49e-07	1.00e+00	0.00e+00	0.00e+00	0.00e+00	0.00e+00	0.00e+00
 2.49389e+12	0.00e+00	0.00e+00	9.56e-30	1.77e-21	4.75e-14	1.61e-07	1.00e+00	0.00e+00	0.00e+00	0.00e+00	0.00e+00	0.00e+00
 2.61167e+12	0.00e+00	9.25e-39	1.29e-29	2.23e-21	5.55e-14	1.74e-07	1.00e+00	0.00e+00	0.00e+00	0.00e+00	0.00e+00	0.00e+00
 2.74607e+12	0.00e+00	0.00e+00	1.81e-29	2.89e-21	6.62e-14	1.90e-07	1.00e+00	0.00e+00	0.00e+00	0.00e+00	0.00e+00	0.00e+00
 2.87815e+12	0.00e+00	2.07e-38	2.48e-29	3.67e-21	7.82e-14	2.07e-07	1.00e+00	0.00e+00	0.00e+00	0.00e+00	0.00e+00	0.00e+00
 3.01552e+12	0.00e+00	0.00e+00	3.40e-29	4.68e-21	9.24e-14	2.26e-07	1.00e+00	0.00e+00	0.00e+00	0.00e+00	0.00e+00	0.00e+00
 3.16606e+12	0.00e+00	4.63e-38	4.76e-29	6.06e-21	1.10e-13	2.47e-07	1.00e+00	0.00e+00	0.00e+00	0.00e+00	0.00e+00	0.00e+00
 3.31766e+12	0.00e+00	0.00e+00	6.58e-29	7.77e-21	1.31e-13	2.70e-07	1.00e+00	0.00e+00	0.00e+00	0.00e+00	0.00e+00	0.00e+00
 3.47532e+12	0.00e+00	1.03e-37	9.11e-29	9.97e-21	1.56e-13	2.96e-07	1.00e+00	0.00e+00	0.00e+00	0.00e+00	0.00e+00	0.00e+00
 3.64426e+12	0.00e+00	0.00e+00	1.27e-28	1.29e-20	1.87e-13	3.24e-07	1.00e+00	0.00e+00	0.00e+00	0.00e+00	0.00e+00	0.00e+00
 3.81222e+12	0.00e+00	2.31e-37	1.75e-28	1.65e-20	2.22e-13	3.54e-07	1.00e+00	0.00e+00	0.00e+00	0.00e+00	0.00e+00	0.00e+00
 3.98690e+12	0.00e+00	0.00e+00	2.42e-28	2.12e-20	2.63e-13	3.88e-07	1.00e+00	0.00e+00	0.00e+00	0.00e+00	0.00e+00	0.00e+00
 4.17630e+12	0.00e+00	5.15e-37	3.37e-28	2.74e-20	3.16e-13	4.26e-07	1.00e+00	0.00e+00	0.00e+00	0.00e+00	0.00e+00	0.00e+00
 4.37328e+12	0.00e+00	0.00e+00	4.71e-28	3.55e-20	3.78e-13	4.68e-07	1.00e+00	0.00e+00	0.00e+00	0.00e+00	0.00e+00	0.00e+00
 4.57814e+12	0.00e+00	1.16e-36	6.57e-28	4.60e-20	4.54e-13	5.15e-07	1.00e+00	0.00e+00	0.00e+00	0.00e+00	0.00e+00	0.00e+00
 4.79119e+12	0.00e+00	0.00e+00	9.16e-28	5.95e-20	5.45e-13	5.67e-07	1.00e+00	0.00e+00	0.00e+00	0.00e+00	0.00e+00	0.00e+00
 4.98364e+12	0.00e+00	2.48e-36	1.22e-27	7.45e-20	6.39e-13	6.16e-07	1.00e+00	0.00e+00	0.00e+00	0.00e+00	0.00e+00	0.00e+00
 5.14360e+12	1.13e-45	3.29e-36	1.54e-27	8.93e-20	7.27e-13	6.59e-07	1.00e+00	0.00e+00	0.00e+00	0.00e+00	0.00e+00	0.00e+00
 5.31869e+12	0.00e+00	0.00e+00	1.97e-27	1.08e-19	8.33e-13	7.08e-07	1.00e+00	0.00e+00	0.00e+00	0.00e+00	0.00e+00	0.00e+00
 5.54096e+12	0.00e+00	6.38e-36	2.66e-27	1.37e-19	9.85e-13	7.74e-07	1.00e+00	0.00e+00	0.00e+00	0.00e+00	0.00e+00	0.00e+00
 5.77299e+12	3.86e-45	9.19e-36	3.59e-27	1.74e-19	1.17e-12	8.47e-07	1.00e+00	0.00e+00	0.00e+00	0.00e+00	0.00e+00	0.00e+00
 5.97797e+12	0.00e+00	0.00e+00	4.64e-27	2.12e-19	1.35e-12	9.15e-07	1.00e+00	0.00e+00	0.00e+00	0.00e+00	0.00e+00	0.00e+00
 6.16913e+12	0.00e+00	1.66e-35	5.85e-27	2.55e-19	1.54e-12	9.81e-07	1.00e+00	0.00e+00	0.00e+00	0.00e+00	0.00e+00	0.00e+00
 6.38737e+12	1.12e-44	2.25e-35	7.54e-27	3.11e-19	1.78e-12	1.06e-06	1.00e+00	0.00e+00	0.00e+00	0.00e+00	0.00e+00	0.00e+00
 6.65590e+12	0.00e+00	0.00e+00	1.02e-26	3.95e-19	2.11e-12	1.16e-06	1.00e+00	0.00e+00	0.00e+00	0.00e+00	0.00e+00	0.00e+00
 6.92354e+12	0.00e+00	4.58e-35	1.36e-26	4.97e-19	2.49e-12	1.27e-06	1.00e+00	0.00e+00	0.00e+00	0.00e+00	0.00e+00	0.00e+00
 7.15570e+12	3.67e-44	6.12e-35	1.73e-26	6.01e-19	2.85e-12	1.37e-06	1.00e+00	0.00e+00	0.00e+00	0.00e+00	0.00e+00	0.00e+00
 7.40800e+12	0.00e+00	8.29e-35	2.23e-26	7.34e-19	3.30e-12	1.48e-06	1.00e+00	0.00e+00	0.00e+00	0.00e+00	0.00e+00	0.00e+00
 7.71659e+12	8.01e-44	1.18e-34	2.99e-26	9.29e-19	3.91e-12	1.62e-06	1.00e+00	0.00e+00	0.00e+00	0.00e+00	0.00e+00	0.00e+00
 8.03197e+12	0.00e+00	1.67e-34	4.00e-26	1.17e-18	4.62e-12	1.77e-06	1.00e+00	0.00e+00	0.00e+00	0.00e+00	0.00e+00	0.00e+00
 8.32101e+12	1.74e-43	2.27e-34	5.17e-26	1.43e-18	5.35e-12	1.92e-06	1.00e+00	0.00e+00	0.00e+00	0.00e+00	0.00e+00	0.00e+00
 8.64219e+12	0.00e+00	3.15e-34	6.79e-26	1.78e-18	6.27e-12	2.09e-06	1.00e+00	0.00e+00	0.00e+00	0.00e+00	0.00e+00	0.00e+00
 9.01516e+12	3.93e-43	4.54e-34	9.21e-26	2.27e-18	7.47e-12	2.30e-06	1.00e+00	0.00e+00	0.00e+00	0.00e+00	0.00e+00	0.00e+00
 9.38348e+12	0.00e+00	6.40e-34	1.23e-25	2.86e-18	8.81e-12	2.52e-06	1.00e+00	0.00e+00	0.00e+00	0.00e+00	0.00e+00	0.00e+00
 9.73572e+12	8.56e-43	8.79e-34	1.60e-25	3.53e-18	1.03e-11	2.73e-06	1.00e+00	0.00e+00	0.00e+00	0.00e+00	0.00e+00	0.00e+00
 1.01243e+13	0.00e+00	1.23e-33	2.12e-25	4.42e-18	1.21e-11	2.98e-06	1.00e+00	0.00e+00	0.00e+00	0.00e+00	0.00e+00	0.00e+00
 1.05592e+13	1.94e-42	1.76e-33	2.87e-25	5.62e-18	1.43e-11	3.28e-06	1.00e+00	0.00e+00	0.00e+00	0.00e+00	0.00e+00	0.00e+00
 1.09968e+13	0.00e+00	2.50e-33	3.84e-25	7.09e-18	1.69e-11	3.59e-06	1.00e+00	0.00e+00	0.00e+00	0.00e+00	0.00e+00	0.00e+00
 1.13897e+13	4.17e-42	3.37e-33	4.93e-25	8.67e-18	1.95e-11	3.88e-06	1.00e+00	0.00e+00	0.00e+00	0.00e+00	0.00e+00	0.00e+00
 1.17229e+13	0.00e+00	4.32e-33	6.07e-25	1.02e-17	2.20e-11	4.14e-06	1.00e+00	0.00e+00	0.00e+00	0.00e+00	0.00e+00	0.00e+00
 1.20823e+13	7.57e-42	5.59e-33	7.53e-25	1.21e-17	2.48e-11	4.42e-06	1.00e+00	0.00e+00	0.00e+00	0.00e+00	0.00e+00	0.00e+00
 1.25461e+13	0.00e+00	7.73e-33	9.87e-25	1.51e-17	2.89e-11	4.81e-06	1.00e+00	0.00e+00	0.00e+00	0.00e+00	0.00e+00	0.00e+00
 1.30295e+13	1.62e-41	1.07e-32	1.29e-24	1.87e-17	3.38e-11	5.23e-06	1.00e+00	0.00e+00	0.00e+00	0.00e+00	0.00e+00	0.00e+00
 1.34451e+13	0.00e+00	1.40e-32	1.62e-24	2.23e-17	3.83e-11	5.60e-06	1.00e+00	0.00e+00	0.00e+00	0.00e+00	0.00e+00	0.00e+00
 1.38886e+13	3.10e-41	1.85e-32	2.05e-24	2.69e-17	4.37e-11	6.01e-06	1.00e+00	0.00e+00	0.00e+00	0.00e+00	0.00e+00	0.00e+00
 1.44371e+13	0.00e+00	2.59e-32	2.71e-24	3.36e-17	5.11e-11	6.55e-06	1.00e+00	0.00e+00	0.00e+00	0.00e+00	0.00e+00	0.00e+00
 1.49995e+13	6.75e-41	3.60e-32	3.57e-24	4.18e-17	5.96e-11	7.12e-06	1.00e+00	0.00e+00	0.00e+00	0.00e+00	0.00e+00	0.00e+00
 1.55076e+13	0.00e+00	4.80e-32	4.54e-24	5.05e-17	6.81e-11	7.66e-06	1.00e+00	0.00e+00	0.00e+00	0.00e+00	0.00e+00	0.00e+00
 1.60673e+13	1.36e-40	6.53e-32	5.86e-24	6.19e-17	7.86e-11	8.27e-06	1.00e+00	0.00e+00	0.00e+00	0.00e+00	0.00e+00	0.00e+00
 1.66776e+13	0.00e+00	9.02e-32	7.68e-24	7.66e-17	9.13e-11	8.97e-06	1.00e+00	0.00e+00	0.00e+00	0.00e+00	0.00e+00	0.00e+00
 1.72309e+13	2.77e-40	1.20e-31	9.72e-24	9.24e-17	1.04e-10	9.63e-06	1.00e+00	0.00e+00	0.00e+00	0.00e+00	0.00e+00	0.00e+00
 1.78274e+13	0.00e+00	1.61e-31	1.25e-23	1.12e-16	1.19e-10	1.04e-05	1.00e+00	0.00e+00	0.00e+00	0.00e+00	0.00e+00	0.00e+00
 1.84982e+13	5.76e-40	2.23e-31	1.63e-23	1.39e-16	1.38e-10	1.12e-05	1.00e+00	0.00e+00	0.00e+00	0.00e+00	0.00e+00	0.00e+00
 1.91352e+13	0.00e+00	2.99e-31	2.08e-23	1.69e-16	1.58e-10	1.21e-05	1.00e+00	0.00e+00	0.00e+00	0.00e+00	0.00e+00	0.00e+00
 1.98329e+13	1.18e-39	4.10e-31	2.71e-23	2.07e-16	1.83e-10	1.30e-05	1.00e+00	0.00e+00	0.00e+00	0.00e+00	0.00e+00	0.00e+00
 2.06049e+13	0.00e+00	5.74e-31	3.58e-23	2.58e-16	2.13e-10	1.42e-05	1.00e+00	0.00e+00	0.00e+00	0.00e+00	0.00e+00	0.00e+00
 2.13221e+13	2.50e-39	7.76e-31	4.60e-23	3.14e-16	2.44e-10	1.52e-05	1.00e+00	0.00e+00	0.00e+00	0.00e+00	0.00e+00	0.00e+00
 2.21030e+13	0.00e+00	1.07e-30	6.00e-23	3.87e-16	2.81e-10	1.64e-05	1.00e+00	0.00e+00	0.00e+00	0.00e+00	0.00e+00	0.00e+00
 2.29784e+13	5.46e-39	1.50e-30	7.97e-23	4.84e-16	3.28e-10	1.79e-05	1.00e+00	0.00e+00	0.00e+00	0.00e+00	0.00e+00	0.00e+00
 2.38080e+13	0.00e+00	2.07e-30	1.04e-22	5.94e-16	3.78e-10	1.93e-05	1.00e+00	0.00e+00	0.00e+00	0.00e+00	0.00e+00	0.00e+00
 2.47026e+13	1.17e-38	2.88e-30	1.36e-22	7.35e-16	4.38e-10	2.08e-05	1.00e+00	0.00e+00	0.00e+00	0.00e+00	0.00e+00	0.00e+00
 2.56986e+13	0.00e+00	4.09e-30	1.82e-22	9.24e-16	5.12e-10	2.27e-05	1.00e+00	0.00e+00	0.00e+00	0.00e+00	0.00e+00	0.00e+00
 2.66607e+13	2.62e-38	5.70e-30	2.40e-22	1.14e-15	5.93e-10	2.45e-05	1.00e+00	0.00e+00	0.00e+00	0.00e+00	0.00e+00	0.00e+00
 2.76833e+13	0.00e+00	8.01e-30	3.17e-22	1.42e-15	6.88e-10	2.65e-05	1.00e+00	0.00e+00	0.00e+00	0.00e+00	0.00e+00	0.00e+00
 2.88206e+13	6.00e-38	1.15e-29	4.28e-22	1.80e-15	8.08e-10	2.89e-05	1.00e+00	0.00e+00	0.00e+00	0.00e+00	0.00e+00	0.00e+00
 2.99641e+13	0.00e+00	1.64e-29	5.73e-22	2.25e-15	9.43e-10	3.14e-05	1.00e+00	0.00e+00	0.00e+00	0.00e+00	0.00e+00	0.00e+00
 3.11533e+13	1.39e-37	2.34e-29	7.67e-22	2.82e-15	1.10e-09	3.40e-05	1.00e+00	0.00e+00	0.00e+00	0.00e+00	0.00e+00	0.00e+00
 3.24293e+13	0.00e+00	3.37e-29	1.04e-21	3.57e-15	1.29e-09	3.70e-05	1.00e+00	0.00e+00	0.00e+00	0.00e+00	0.00e+00	0.00e+00
 3.37564e+13	3.31e-37	4.88e-29	1.40e-21	4.51e-15	1.51e-09	4.02e-05	1.00e+00	0.00e+00	0.00e+00	0.00e+00	0.00e+00	0.00e+00
 3.50218e+13	0.00e+00	6.85e-29	1.85e-21	5.59e-15	1.75e-09	4.34e-05	1.00e+00	0.00e+00	0.00e+00	0.00e+00	0.00e+00	0.00e+00
 3.61778e+13	7.04e-37	9.24e-29	2.37e-21	6.76e-15	1.99e-09	4.65e-05	1.00e+00	0.00e+00	0.00e+00	0.00e+00	0.00e+00	0.00e+00
 3.72682e+13	0.00e+00	1.22e-28	2.97e-21	8.04e-15	2.24e-09	4.94e-05	1.00e+00	0.00e+00	0.00e+00	0.00e+00	0.00e+00	0.00e+00
 3.84717e+13	1.39e-36	1.64e-28	3.78e-21	9.68e-15	2.54e-09	5.28e-05	1.00e+00	0.00e+00	0.00e+00	0.00e+00	0.00e+00	0.00e+00
 3.98212e+13	0.00e+00	2.26e-28	4.91e-21	1.18e-14	2.91e-09	5.67e-05	1.00e+00	0.00e+00	0.00e+00	0.00e+00	0.00e+00	0.00e+00
 4.10983e+13	2.89e-36	3.04e-28	6.26e-21	1.43e-14	3.30e-09	6.05e-05	1.00e+00	0.00e+00	0.00e+00	0.00e+00	0.00e+00	0.00e+00
 4.24961e+13	0.00e+00	4.16e-28	8.09e-21	1.73e-14	3.76e-09	6.48e-05	1.00e+00	0.00e+00	0.00e+00	0.00e+00	0.00e+00	0.00e+00
 4.40637e+13	6.28e-36	5.85e-28	1.07e-20	2.15e-14	4.35e-09	6.98e-05	1.00e+00	0.00e+00	0.00e+00	0.00e+00	0.00e+00	0.00e+00
 4.55178e+13	0.00e+00	7.97e-28	1.37e-20	2.60e-14	4.94e-09	7.45e-05	1.00e+00	0.00e+00	0.00e+00	0.00e+00	0.00e+00	0.00e+00
 4.68680e+13	1.26e-35	1.05e-27	1.72e-20	3.08e-14	5.55e-09	7.92e-05	1.00e+00	0.00e+00	0.00e+00	0.00e+00	0.00e+00	0.00e+00
 4.84174e+13	0.00e+00	1.43e-27	2.21e-20	3.73e-14	6.31e-09	8.46e-05	1.00e+00	0.00e+00	0.00e+00	0.00e+00	0.00e+00	0.00e+00
 5.02940e+13	2.80e-35	2.05e-27	2.96e-20	4.67e-14	7.33e-09	9.14e-05	1.00e+00	0.00e+00	0.00e+00	0.00e+00	0.00e+00	0.00e+00
 5.21423e+13	4.23e-35	2.90e-27	3.91e-20	5.78e-14	8.46e-09	9.83e-05	1.00e+00	0.00e+00	0.00e+00	0.00e+00	0.00e+00	0.00e+00
 5.37618e+13	6.01e-35	3.90e-27	4.96e-20	6.92e-14	9.55e-09	1.05e-04	1.00e+00	0.00e+00	0.00e+00	0.00e+00	0.00e+00	0.00e+00
 5.55374e+13	8.74e-35	5.33e-27	6.39e-20	8.38e-14	1.09e-08	1.12e-04	1.00e+00	0.00e+00	0.00e+00	0.00e+00	0.00e+00	0.00e+00
 5.76867e+13	1.35e-34	7.67e-27	8.58e-20	1.05e-13	1.26e-08	1.21e-04	1.00e+00	0.00e+00	0.00e+00	0.00e+00	0.00e+00	0.00e+00
 5.98425e+13	2.06e-34	1.09e-26	1.14e-19	1.30e-13	1.46e-08	1.30e-04	1.00e+00	0.00e+00	0.00e+00	0.00e+00	0.00e+00	0.00e+00
 6.17918e+13	2.99e-34	1.49e-26	1.47e-19	1.57e-13	1.66e-08	1.38e-04	1.00e+00	0.00e+00	0.00e+00	0.00e+00	0.00e+00	0.00e+00
 6.39525e+13	4.46e-34	2.09e-26	1.92e-19	1.93e-13	1.90e-08	1.48e-04	1.00e+00	0.00e+00	0.00e+00	0.00e+00	0.00e+00	0.00e+00
 6.64923e+13	6.99e-34	3.04e-26	2.61e-19	2.43e-13	2.21e-08	1.60e-04	1.00e+00	0.00e+00	0.00e+00	0.00e+00	0.00e+00	0.00e+00
 6.90001e+13	1.08e-33	4.37e-26	3.48e-19	3.02e-13	2.56e-08	1.73e-04	1.00e+00	0.00e+00	0.00e+00	0.00e+00	0.00e+00	0.00e+00
 7.13468e+13	1.59e-33	6.06e-26	4.53e-19	3.69e-13	2.93e-08	1.85e-04	1.00e+00	0.00e+00	0.00e+00	0.00e+00	0.00e+00	0.00e+00
 7.39690e+13	2.43e-33	8.62e-26	6.02e-19	4.57e-13	3.38e-08	1.98e-04	1.00e+00	0.00e+00	0.00e+00	0.00e+00	0.00e+00	0.00e+00
 7.69577e+13	3.86e-33	1.27e-25	8.21e-19	5.78e-13	3.95e-08	2.15e-04	1.00e+00	0.00e+00	0.00e+00	0.00e+00	0.00e+00	0.00e+00
 7.99265e+13	6.02e-33	1.84e-25	1.11e-18	7.23e-13	4.59e-08	2.32e-04	1.00e+00	0.00e+00	0.00e+00	0.00e+00	0.00e+00	0.00e+00
 8.30141e+13	9.39e-33	2.67e-25	1.49e-18	9.05e-13	5.33e-08	2.50e-04	1.00e+00	0.00e+00	0.00e+00	0.00e+00	0.00e+00	0.00e+00
 8.63646e+13	1.49e-32	3.93e-25	2.04e-18	1.14e-12	6.24e-08	2.71e-04	1.00e+00	0.00e+00	0.00e+00	0.00e+00	0.00e+00	0.00e+00
 8.98491e+13	2.37e-32	5.78e-25	2.78e-18	1.45e-12	7.30e-08	2.93e-04	1.00e+00	0.00e+00	0.00e+00	0.00e+00	0.00e+00	0.00e+00
 9.32244e+13	3.65e-32	8.30e-25	3.71e-18	1.80e-12	8.45e-08	3.15e-04	1.00e+00	0.00e+00	0.00e+00	0.00e+00	0.00e+00	0.00e+00
 9.64001e+13	5.41e-32	1.15e-24	4.84e-18	2.20e-12	9.65e-08	3.37e-04	1.00e+00	0.00e+00	0.00e+00	0.00e+00	0.00e+00	0.00e+00
 9.99514e+13	8.26e-32	1.64e-24	6.43e-18	2.72e-12	1.11e-07	3.62e-04	1.00e+00	0.00e+00	0.00e+00	0.00e+00	0.00e+00	0.00e+00
 1.03530e+14	1.24e-31	2.31e-24	8.47e-18	3.36e-12	1.28e-07	3.89e-04	1.00e+00	0.00e+00	0.00e+00	0.00e+00	0.00e+00	0.00e+00
 1.06502e+14	1.73e-31	3.05e-24	1.06e-17	3.97e-12	1.43e-07	4.12e-04	1.00e+00	0.00e+00	0.00e+00	0.00e+00	0.00e+00	0.00e+00
 1.09650e+14	2.44e-31	4.05e-24	1.33e-17	4.72e-12	1.61e-07	4.37e-04	1.00e+00	0.00e+00	0.00e+00	0.00e+00	0.00e+00	0.00e+00
 1.13673e+14	3.70e-31	5.76e-24	1.77e-17	5.85e-12	1.86e-07	4.70e-04	1.00e+00	0.00e+00	0.00e+00	0.00e+00	0.00e+00	0.00e+00
 1.17892e+14	5.70e-31	8.29e-24	2.37e-17	7.26e-12	2.15e-07	5.06e-04	9.99e-01	0.00e+00	0.00e+00	0.00e+00	0.00e+00	0.00e+00
 1.21622e+14	8.13e-31	1.11e-23	3.00e-17	8.74e-12	2.43e-07	5.38e-04	9.99e-01	0.00e+00	0.00e+00	0.00e+00	0.00e+00	0.00e+00
 1.25657e+14	1.19e-30	1.53e-23	3.88e-17	1.06e-11	2.76e-07	5.75e-04	9.99e-01	0.00e+00	0.00e+00	0.00e+00	0.00e+00	0.00e+00
 1.30511e+14	1.83e-30	2.20e-23	5.22e-17	1.33e-11	3.21e-07	6.21e-04	9.99e-01	0.00e+00	0.00e+00	0.00e+00	0.00e+00	0.00e+00
 1.35433e+14	2.81e-30	3.15e-23	6.97e-17	1.66e-11	3.72e-07	6.70e-04	9.99e-01	0.00e+00	0.00e+00	0.00e+00	0.00e+00	0.00e+00
 1.40043e+14	4.14e-30	4.36e-23	9.06e-17	2.02e-11	4.25e-07	7.17e-04	9.99e-01	0.00e+00	0.00e+00	0.00e+00	0.00e+00	0.00e+00
 1.45165e+14	6.25e-30	6.16e-23	1.20e-16	2.50e-11	4.91e-07	7.71e-04	9.99e-01	0.00e+00	0.00e+00	0.00e+00	0.00e+00	0.00e+00
 1.50596e+14	9.53e-30	8.78e-23	1.60e-16	3.11e-11	5.68e-07	8.31e-04	9.99e-01	0.00e+00	0.00e+00	0.00e+00	0.00e+00	0.00e+00
 1.55425e+14	1.37e-29	1.19e-22	2.05e-16	3.75e-11	6.44e-07	8.87e-04	9.99e-01	0.00e+00	0.00e+00	0.00e+00	0.00e+00	0.00e+00
 1.60620e+14	1.99e-29	1.63e-22	2.64e-16	4.56e-11	7.34e-07	9.48e-04	9.99e-01	0.00e+00	0.00e+00	0.00e+00	0.00e+00	0.00e+00
 1.66842e+14	3.08e-29	2.35e-22	3.55e-16	5.71e-11	8.54e-07	1.03e-03	9.99e-01	0.00e+00	0.00e+00	0.00e+00	0.00e+00	0.00e+00
 1.72963e+14	4.65e-29	3.33e-22	4.71e-16	7.07e-11	9.86e-07	1.10e-03	9.99e-01	0.00e+00	0.00e+00	0.00e+00	0.00e+00	0.00e+00
 1.78417e+14	6.63e-29	4.49e-22	6.00e-16	8.51e-11	1.12e-06	1.18e-03	9.99e-01	0.00e+00	0.00e+00	0.00e+00	0.00e+00	0.00e+00
 1.84439e+14	9.68e-29	6.17e-22	7.77e-16	1.04e-10	1.27e-06	1.26e-03	9.99e-01	0.00e+00	0.00e+00	0.00e+00	0.00e+00	0.00e+00
 1.91615e+14	1.49e-28	8.89e-22	1.05e-15	1.30e-10	1.48e-06	1.36e-03	9.99e-01	0.00e+00	0.00e+00	0.00e+00	0.00e+00	0.00e+00
 1.98733e+14	2.27e-28	1.26e-21	1.39e-15	1.61e-10	1.72e-06	1.47e-03	9.99e-01	0.00e+00	0.00e+00	0.00e+00	0.00e+00	0.00e+00
 2.05241e+14	3.28e-28	1.72e-21	1.79e-15	1.96e-10	1.95e-06	1.57e-03	9.98e-01	0.00e+00	0.00e+00	0.00e+00	0.00e+00	0.00e+00
 2.12512e+14	4.87e-28	2.40e-21	2.35e-15	2.40e-10	2.24e-06	1.69e-03	9.98e-01	0.00e+00	0.00e+00	0.00e+00	0.00e+00	0.00e+00
 2.20969e+14	7.59e-28	3.50e-21	3.18e-15	3.03e-10	2.62e-06	1.83e-03	9.98e-01	0.00e+00	0.00e+00	0.00e+00	0.00e+00	0.00e+00
 2.29274e+14	1.16e-27	4.99e-21	4.25e-15	3.78e-10	3.03e-06	1.97e-03	9.98e-01	0.00e+00	0.00e+00	0.00e+00	0.00e+00	0.00e+00
 2.37131e+14	1.70e-27	6.90e-21	5.52e-15	4.61e-10	3.47e-06	2.11e-03	9.98e-01	0.00e+00	0.00e+00	0.00e+00	0.00e+00	0.00e+00
 2.45867e+14	2.57e-27	9.77e-21	7.33e-15	5.72e-10	4.01e-06	2.27e-03	9.98e-01	0.00e+00	0.00e+00	0.00e+00	0.00e+00	0.00e+00
 2.55731e+14	4.03e-27	1.43e-20	9.96e-15	7.23e-10	4.69e-06	2.46e-03	9.98e-01	0.00e+00	0.00e+00	0.00e+00	0.00e+00	0.00e+00
 2.65092e+14	6.09e-27	2.02e-20	1.32e-14	8.95e-10	5.41e-06	2.65e-03	9.97e-01	0.00e+00	0.00e+00	0.00e+00	0.00e+00	0.00e+00
 2.73612e+14	8.76e-27	2.74e-20	1.69e-14	1.08e-09	6.13e-06	2.83e-03	9.97e-01	0.00e+00	0.00e+00	0.00e+00	0.00e+00	0.00e+00
 2.83246e+14	1.30e-26	3.82e-20	2.22e-14	1.33e-09	7.04e-06	3.04e-03	9.97e-01	0.00e+00	0.00e+00	0.00e+00	0.00e+00	0.00e+00
 2.94480e+14	2.04e-26	5.57e-20	3.01e-14	1.67e-09	8.22e-06	3.29e-03	9.97e-01	0.00e+00	0.00e+00	0.00e+00	0.00e+00	0.00e+00
 3.05266e+14	3.09e-26	7.89e-20	3.99e-14	2.07e-09	9.48e-06	3.54e-03	9.96e-01	0.00e+00	0.00e+00	0.00e+00	0.00e+00	0.00e+00
 3.15031e+14	4.44e-26	1.07e-19	5.10e-14	2.50e-09	1.07e-05	3.77e-03	9.96e-01	0.00e+00	0.00e+00	0.00e+00	0.00e+00	0.00e+00
 3.24225e+14	6.18e-26	1.42e-19	6.40e-14	2.97e-09	1.20e-05	4.00e-03	9.96e-01	0.00e+00	0.00e+00	0.00e+00	0.00e+00	0.00e+00
 3.34402e+14	8.83e-26	1.91e-19	8.15e-14	3.57e-09	1.36e-05	4.26e-03	9.96e-01	0.00e+00	0.00e+00	0.00e+00	0.00e+00	0.00e+00
 3.45780e+14	1.30e-25	2.64e-19	1.06e-13	4.35e-09	1.56e-05	4.56e-03	9.95e-01	0.00e+00	0.00e+00	0.00e+00	0.00e+00	0.00e+00
 3.56534e+14	1.86e-25	3.56e-19	1.35e-13	5.22e-09	1.76e-05	4.85e-03	9.95e-01	0.00e+00	0.00e+00	0.00e+00	0.00e+00	0.00e+00
 3.68328e+14	2.71e-25	4.89e-19	1.74e-13	6.34e-09	2.00e-05	5.18e-03	9.95e-01	0.00e+00	0.00e+00	0.00e+00	0.00e+00	0.00e+00
 3.81531e+14	4.07e-25	6.88e-19	2.30e-13	7.82e-09	2.30e-05	5.56e-03	9.94e-01	0.00e+00	0.00e+00	0.00e+00	0.00e+00	0.00e+00
 3.93990e+14	5.91e-25	9.42e-19	2.96e-13	9.47e-09	2.62e-05	5.94e-03	9.94e-01	0.00e+00	0.00e+00	0.00e+00	0.00e+00	0.00e+00
 4.07610e+14	8.76e-25	1.31e-18	3.86e-13	1.16e-08	3.00e-05	6.36e-03	9.94e-01	0.00e+00	0.00e+00	0.00e+00	0.00e+00	0.00e+00
 4.22665e+14	1.34e-24	1.87e-18	5.14e-13	1.44e-08	3.46e-05	6.85e-03	9.93e-01	0.00e+00	0.00e+00	0.00e+00	0.00e+00	0.00e+00
 4.36571e+14	1.94e-24	2.56e-18	6.63e-13	1.74e-08	3.93e-05	7.31e-03	9.93e-01	0.00e+00	0.00e+00	0.00e+00	0.00e+00	0.00e+00
 4.51633e+14	2.88e-24	3.56e-18	8.66e-13	2.13e-08	4.50e-05	7.83e-03	9.92e-01	0.00e+00	0.00e+00	0.00e+00	0.00e+00	0.00e+00
 4.68464e+14	4.39e-24	5.07e-18	1.15e-12	2.65e-08	5.21e-05	8.44e-03	9.92e-01	0.00e+00	0.00e+00	0.00e+00	0.00e+00	0.00e+00
 4.84273e+14	6.48e-24	7.02e-18	1.50e-12	3.23e-08	5.94e-05	9.01e-03	9.91e-01	0.00e+00	0.00e+00	0.00e+00	0.00e+00	0.00e+00
 5.01503e+14	9.67e-24	9.84e-18	1.97e-12	3.97e-08	6.82e-05	9.68e-03	9.90e-01	0.00e+00	0.00e+00	0.00e+00	0.00e+00	0.00e+00
 5.20664e+14	1.49e-23	1.42e-17	2.64e-12	4.97e-08	7.92e-05	1.04e-02	9.89e-01	0.00e+00	0.00e+00	0.00e+00	0.00e+00	0.00e+00
 5.38570e+14	2.20e-23	1.96e-17	3.44e-12	6.07e-08	9.06e-05	1.12e-02	9.89e-01	0.00e+00	0.00e+00	0.00e+00	0.00e+00	0.00e+00
 5.58009e+14	3.30e-23	2.76e-17	4.54e-12	7.49e-08	1.04e-04	1.20e-02	9.88e-01	0.00e+00	0.00e+00	0.00e+00	0.00e+00	0.00e+00
 5.79750e+14	5.10e-23	3.99e-17	6.11e-12	9.40e-08	1.21e-04	1.30e-02	9.87e-01	0.00e+00	0.00e+00	0.00e+00	0.00e+00	0.00e+00
 6.00394e+14	7.61e-23	5.58e-17	8.03e-12	1.16e-07	1.39e-04	1.40e-02	9.86e-01	0.00e+00	0.00e+00	0.00e+00	0.00e+00	0.00e+00
 6.22474e+14	1.15e-22	7.89e-17	1.06e-11	1.43e-07	1.61e-04	1.50e-02	9.85e-01	0.00e+00	0.00e+00	0.00e+00	0.00e+00	0.00e+00
 6.47403e+14	1.78e-22	1.15e-16	1.44e-11	1.81e-07	1.88e-04	1.63e-02	9.84e-01	0.00e+00	0.00e+00	0.00e+00	0.00e+00	0.00e+00
 6.71975e+14	2.71e-22	1.63e-16	1.93e-11	2.26e-07	2.18e-04	1.76e-02	9.82e-01	0.00e+00	0.00e+00	0.00e+00	0.00e+00	0.00e+00
 6.97531e+14	4.09e-22	2.32e-16	2.56e-11	2.81e-07	2.52e-04	1.90e-02	9.81e-01	0.00e+00	0.00e+00	0.00e+00	0.00e+00	0.00e+00
 7.24634e+14	6.26e-22	3.33e-16	3.44e-11	3.53e-07	2.93e-04	2.06e-02	9.79e-01	0.00e+00	0.00e+00	0.00e+00	0.00e+00	0.00e+00
 7.47298e+14	8.77e-22	4.43e-16	4.36e-11	4.23e-07	3.31e-04	2.19e-02	9.78e-01	0.00e+00	0.00e+00	0.00e+00	0.00e+00	0.00e+00
 7.64772e+14	1.13e-21	5.50e-16	5.21e-11	4.85e-07	3.63e-04	2.30e-02	9.77e-01	0.00e+00	0.00e+00	0.00e+00	0.00e+00	0.00e+00
 7.83680e+14	1.47e-21	6.90e-16	6.28e-11	5.60e-07	3.99e-04	2.42e-02	9.75e-01	0.00e+00	0.00e+00	0.00e+00	0.00e+00	0.00e+00
 8.08259e+14	2.05e-21	9.18e-16	7.95e-11	6.72e-07	4.51e-04	2.58e-02	9.74e-01	0.00e+00	0.00e+00	0.00e+00	0.00e+00	0.00e+00
 8.34969e+14	2.91e-21	1.24e-15	1.02e-10	8.14e-07	5.13e-04	2.76e-02	9.72e-01	0.00e+00	0.00e+00	0.00e+00	0.00e+00	0.00e+00
 8.59136e+14	3.95e-21	1.61e-15	1.26e-10	9.63e-07	5.73e-04	2.93e-02	9.70e-01	0.00e+00	0.00e+00	0.00e+00	0.00e+00	0.00e+00
 8.85241e+14	5.42e-21	2.11e-15	1.59e-10	1.15e-06	6.45e-04	3.12e-02	9.68e-01	0.00e+00	0.00e+00	0.00e+00	0.00e+00	0.00e+00
 9.18011e+14	7.94e-21	2.94e-15	2.09e-10	1.42e-06	7.44e-04	3.37e-02	9.66e-01	0.00e+00	0.00e+00	0.00e+00	0.00e+00	0.00e+00
 9.50965e+14	1.15e-20	4.05e-15	2.73e-10	1.75e-06	8.54e-04	3.64e-02	9.63e-01	0.00e+00	0.00e+00	0.00e+00	0.00e+00	0.00e+00
 9.78986e+14	1.56e-20	5.26e-15	3.40e-10	2.08e-06	9.57e-04	3.87e-02	9.60e-01	0.00e+00	0.00e+00	0.00e+00	0.00e+00	0.00e+00
 1.00908e+15	2.11e-20	6.88e-15	4.26e-10	2.48e-06	1.08e-03	4.13e-02	9.58e-01	0.00e+00	0.00e+00	0.00e+00	0.00e+00	0.00e+00
 1.04662e+15	3.08e-20	9.56e-15	5.62e-10	3.07e-06	1.24e-03	4.46e-02	9.54e-01	0.00e+00	0.00e+00	0.00e+00	0.00e+00	0.00e+00
 1.08535e+15	4.46e-20	1.32e-14	7.38e-10	3.80e-06	1.43e-03	4.82e-02	9.50e-01	0.00e+00	0.00e+00	0.00e+00	0.00e+00	0.00e+00
 1.11980e+15	6.11e-20	1.74e-14	9.33e-10	4.57e-06	1.61e-03	5.15e-02	9.47e-01	0.00e+00	0.00e+00	0.00e+00	0.00e+00	0.00e+00
 1.15720e+15	8.45e-20	2.33e-14	1.19e-09	5.54e-06	1.83e-03	5.53e-02	9.43e-01	0.00e+00	0.00e+00	0.00e+00	0.00e+00	0.00e+00
 1.20192e+15	1.24e-19	3.26e-14	1.58e-09	6.92e-06	2.12e-03	6.00e-02	9.38e-01	0.00e+00	0.00e+00	0.00e+00	0.00e+00	0.00e+00
 1.24602e+15	1.78e-19	4.49e-14	2.07e-09	8.54e-06	2.44e-03	6.47e-02	9.33e-01	0.00e+00	0.00e+00	0.00e+00	0.00e+00	0.00e+00
 1.28557e+15	2.42e-19	5.90e-14	2.62e-09	1.02e-05	2.75e-03	6.92e-02	9.28e-01	0.00e+00	0.00e+00	0.00e+00	0.00e+00	0.00e+00
 1.32936e+15	3.38e-19	7.94e-14	3.37e-09	1.25e-05	3.13e-03	7.43e-02	9.23e-01	0.00e+00	0.00e+00	0.00e+00	0.00e+00	0.00e+00
 1.38121e+15	4.94e-19	1.11e-13	4.48e-09	1.56e-05	3.62e-03	8.05e-02	9.16e-01	0.00e+00	0.00e+00	0.00e+00	0.00e+00	0.00e+00
 1.43252e+15	7.09e-19	1.54e-13	5.89e-09	1.93e-05	4.15e-03	8.69e-02	9.09e-01	0.00e+00	0.00e+00	0.00e+00	0.00e+00	0.00e+00
 1.47980e+15	9.78e-19	2.05e-13	7.52e-09	2.32e-05	4.69e-03	9.30e-02	9.02e-01	0.00e+00	0.00e+00	0.00e+00	0.00e+00	0.00e+00
 1.53287e+15	1.39e-18	2.80e-13	9.79e-09	2.85e-05	5.36e-03	1.00e-01	8.95e-01	0.00e+00	0.00e+00	0.00e+00	0.00e+00	0.00e+00
 1.59414e+15	2.05e-18	3.98e-13	1.31e-08	3.58e-05	6.21e-03	1.08e-01	8.85e-01	0.00e+00	0.00e+00	0.00e+00	0.00e+00	0.00e+00
 1.65404e+15	2.96e-18	5.53e-13	1.74e-08	4.43e-05	7.12e-03	1.17e-01	8.76e-01	0.00e+00	0.00e+00	0.00e+00	0.00e+00	0.00e+00
 1.71125e+15	4.16e-18	7.50e-13	2.24e-08	5.39e-05	8.08e-03	1.25e-01	8.67e-01	0.00e+00	0.00e+00	0.00e+00	0.00e+00	0.00e+00
 1.77464e+15	5.99e-18	1.04e-12	2.95e-08	6.65e-05	9.24e-03	1.34e-01	8.56e-01	0.00e+00	0.00e+00	0.00e+00	0.00e+00	0.00e+00
 1.83435e+15	8.36e-18	1.40e-12	3.79e-08	8.04e-05	1.04e-02	1.43e-01	8.46e-01	0.00e+00	0.00e+00	0.00e+00	0.00e+00	0.00e+00
 1.87924e+15	1.07e-17	1.74e-12	4.54e-08	9.22e-05	1.14e-02	1.50e-01	8.38e-01	0.00e+00	0.00e+00	0.00e+00	0.00e+00	0.00e+00
 1.92522e+15	1.37e-17	2.17e-12	5.45e-08	1.06e-04	1.24e-02	1.57e-01	8.30e-01	0.00e+00	0.00e+00	0.00e+00	0.00e+00	0.00e+00
 1.98500e+15	1.86e-17	2.87e-12	6.87e-08	1.26e-04	1.39e-02	1.67e-01	8.19e-01	0.00e+00	0.00e+00	0.00e+00	0.00e+00	0.00e+00
 2.04958e+15	2.63e-17	3.84e-12	8.75e-08	1.51e-04	1.56e-02	1.77e-01	8.07e-01	0.00e+00	0.00e+00	1.51e-17	7.91e-18	2.69e-18
 2.10748e+15	3.49e-17	4.95e-12	1.08e-07	1.77e-04	1.72e-02	1.86e-01	7.96e-01	0.00e+00	0.00e+00	2.00e-17	1.06e-17	3.58e-18
 2.16985e+15	4.72e-17	6.46e-12	1.34e-07	2.09e-04	1.91e-02	1.96e-01	7.84e-01	0.00e+00	0.00e+00	2.71e-17	1.43e-17	4.82e-18
 2.24921e+15	6.87e-17	9.00e-12	1.77e-07	2.56e-04	2.17e-02	2.09e-01	7.69e-01	0.00e+00	0.00e+00	3.95e-17	2.07e-17	6.99e-18
 2.32932e+15	9.89e-17	1.24e-11	2.30e-07	3.11e-04	2.45e-02	2.22e-01	7.53e-01	0.00e+00	0.00e+00	5.70e-17	2.98e-17	1.00e-17
 2.39647e+15	1.33e-16	1.61e-11	2.85e-07	3.64e-04	2.70e-02	2.33e-01	7.39e-01	0.00e+00	0.00e+00	7.67e-17	4.01e-17	1.35e-17
 2.46817e+15	1.81e-16	2.12e-11	3.55e-07	4.28e-04	2.99e-02	2.45e-01	7.25e-01	0.00e+00	0.00e+00	1.05e-16	5.46e-17	1.83e-17
 2.55888e+15	2.66e-16	2.95e-11	4.66e-07	5.22e-04	3.38e-02	2.59e-01	7.06e-01	0.00e+00	0.00e+00	1.53e-16	8.00e-17	2.67e-17
 2.65428e+15	3.92e-16	4.14e-11	6.12e-07	6.38e-04	3.82e-02	2.75e-01	6.87e-01	0.00e+00	0.00e+00	2.26e-16	1.18e-16	3.93e-17
 2.74024e+15	5.48e-16	5.55e-11	7.75e-07	7.57e-04	4.24e-02	2.88e-01	6.69e-01	0.00e+00	0.00e+00	3.17e-16	1.65e-16	5.49e-17
 2.83396e+15	7.86e-16	7.56e-11	9.95e-07	9.08e-04	4.73e-02	3.03e-01	6.49e-01	0.00e+00	0.00e+00	4.54e-16	2.37e-16	7.85e-17
 2.94469e+15	1.19e-15	1.08e-10	1.32e-06	1.11e-03	5.35e-02	3.19e-01	6.26e-01	0.00e+00	0.00e+00	6.87e-16	3.58e-16	1.19e-16
 3.05303e+15	1.75e-15	1.50e-10	1.73e-06	1.35e-03	6.00e-02	3.35e-01	6.04e-01	0.00e+00	0.00e+00	1.01e-15	5.28e-16	1.74e-16
 3.15168e+15	2.46e-15	2.01e-10	2.18e-06	1.59e-03	6.62e-02	3.48e-01	5.84e-01	0.00e+00	0.00e+00	1.42e-15	7.42e-16	2.45e-16
 3.26221e+15	3.57e-15	2.75e-10	2.80e-06	1.90e-03	7.36e-02	3.63e-01	5.61e-01	0.00e+00	0.00e+00	2.07e-15	1.08e-15	3.55e-16
 3.39120e+15	5.44e-15	3.92e-10	3.70e-06	2.32e-03	8.27e-02	3.80e-01	5.35e-01	0.00e+00	0.00e+00	3.14e-15	1.64e-15	5.40e-16
 3.51821e+15	8.10e-15	5.47e-10	4.83e-06	2.80e-03	9.21e-02	3.95e-01	5.11e-01	0.00e+00	0.00e+00	4.69e-15	2.44e-15	8.03e-16
 3.63781e+15	1.16e-14	7.39e-10	6.13e-06	3.31e-03	1.01e-01	4.08e-01	4.88e-01	0.00e+00	0.00e+00	6.73e-15	3.51e-15	1.15e-15
 3.77086e+15	1.72e-14	1.02e-09	7.91e-06	3.95e-03	1.12e-01	4.21e-01	4.63e-01	0.00e+00	0.00e+00	9.95e-15	5.19e-15	1.70e-15
 3.89766e+15	2.45e-14	1.37e-09	9.98e-06	4.64e-03	1.23e-01	4.33e-01	4.40e-01	0.00e+00	0.00e+00	1.42e-14	7.40e-15	2.43e-15
 3.99208e+15	3.17e-14	1.70e-09	1.18e-05	5.21e-03	1.31e-01	4.41e-01	4.23e-01	0.00e+00	0.00e+00	1.84e-14	9.58e-15	3.14e-15
 4.08769e+15	4.10e-14	2.09e-09	1.39e-05	5.83e-03	1.40e-01	4.48e-01	4.07e-01	0.00e+00	0.00e+00	2.37e-14	1.24e-14	4.06e-15
 4.21199e+15	5.66e-14	2.72e-09	1.71e-05	6.71e-03	1.51e-01	4.57e-01	3.86e-01	0.00e+00	0.00e+00	3.28e-14	1.71e-14	5.61e-15
 4.34687e+15	7.93e-14	3.58e-09	2.12e-05	7.78e-03	1.63e-01	4.65e-01	3.64e-01	0.00e+00	0.00e+00	4.60e-14	2.40e-14	7.85e-15
 4.46808e+15	1.06e-13	4.54e-09	2.56e-05	8.82e-03	1.75e-01	4.71e-01	3.46e-01	0.00e+00	0.00e+00	6.16e-14	3.22e-14	1.05e-14
 4.59824e+15	1.45e-13	5.82e-09	3.11e-05	1.01e-02	1.87e-01	4.76e-01	3.26e-01	0.00e+00	0.00e+00	8.39e-14	4.38e-14	1.43e-14
 4.76525e+15	2.13e-13	7.92e-09	3.95e-05	1.18e-02	2.04e-01	4.82e-01	3.03e-01	0.00e+00	0.00e+00	1.23e-13	6.43e-14	2.10e-14
 4.93362e+15	3.08e-13	1.07e-08	4.97e-05	1.37e-02	2.20e-01	4.86e-01	2.80e-01	0.00e+00	0.00e+00	1.78e-13	9.31e-14	3.04e-14
 5.07198e+15	4.13e-13	1.35e-08	5.96e-05	1.55e-02	2.34e-01	4.87e-01	2.63e-01	0.00e+00	0.00e+00	2.39e-13	1.25e-13	4.08e-14
 5.21792e+15	5.61e-13	1.72e-08	7.17e-05	1.75e-02	2.49e-01	4.88e-01	2.46e-01	0.00e+00	0.00e+00	3.25e-13	1.70e-13	5.54e-14
 5.40642e+15	8.20e-13	2.32e-08	9.02e-05	2.03e-02	2.67e-01	4.88e-01	2.25e-01	0.00e+00	0.00e+00	4.76e-13	2.48e-13	8.10e-14
 5.60394e+15	1.20e-12	3.12e-08	1.13e-04	2.35e-02	2.87e-01	4.85e-01	2.05e-01	0.00e+00	0.00e+00	6.94e-13	3.63e-13	1.18e-13
 5.77538e+15	1.65e-12	4.01e-08	1.37e-04	2.66e-02	3.03e-01	4.82e-01	1.88e-01	0.00e+00	0.00e+00	9.54e-13	4.98e-13	1.62e-13
 5.95924e+15	2.29e-12	5.19e-08	1.67e-04	3.01e-02	3.21e-01	4.77e-01	1.72e-01	0.00e+00	0.00e+00	1.33e-12	6.95e-13	2.26e-13
 6.18445e+15	3.40e-12	7.06e-08	2.11e-04	3.48e-02	3.42e-01	4.69e-01	1.54e-01	0.00e+00	0.00e+00	1.97e-12	1.03e-12	3.35e-13
 6.40684e+15	4.88e-12	9.37e-08	2.62e-04	3.98e-02	3.62e-01	4.60e-01	1.38e-01	0.00e+00	0.00e+00	2.83e-12	1.48e-12	4.81e-13
 6.59867e+15	6.62e-12	1.19e-07	3.14e-04	4.45e-02	3.79e-01	4.51e-01	1.26e-01	0.00e+00	0.00e+00	3.84e-12	2.01e-12	6.52e-13
 6.80733e+15	9.17e-12	1.53e-07	3.80e-04	5.00e-02	3.96e-01	4.40e-01	1.13e-01	0.00e+00	0.00e+00	5.32e-12	2.78e-12	9.03e-13
 7.06379e+15	1.34e-11	2.05e-07	4.74e-04	5.71e-02	4.17e-01	4.26e-01	9.92e-02	0.00e+00	0.00e+00	7.80e-12	4.07e-12	1.32e-12
 7.31370e+15	1.90e-11	2.69e-07	5.83e-04	6.46e-02	4.36e-01	4.12e-01	8.74e-02	0.00e+00	0.00e+00	1.10e-11	5.77e-12	1.87e-12
 7.50504e+15	2.45e-11	3.29e-07	6.79e-04	7.06e-02	4.49e-01	4.00e-01	7.93e-02	0.00e+00	0.00e+00	1.43e-11	7.45e-12	2.42e-12
 7.68892e+15	3.15e-11	3.98e-07	7.84e-04	7.68e-02	4.62e-01	3.89e-01	7.21e-02	0.00e+00	0.00e+00	1.83e-11	9.56e-12	3.10e-12
 7.92797e+15	4.32e-11	5.08e-07	9.40e-04	8.52e-02	4.77e-01	3.73e-01	6.37e-02	0.00e+00	0.00e+00	2.51e-11	1.31e-11	4.25e-12
 8.16989e+15	5.77e-11	6.37e-07	1.12e-03	9.40e-02	4.91e-01	3.58e-01	5.63e-02	0.00e+00	0.00e+00	3.35e-11	1.75e-11	5.68e-12
 8.37191e+15	7.35e-11	7.68e-07	1.29e-03	1.02e-01	5.01e-01	3.45e-01	5.07e-02	0.00e+00	0.00e+00	4.27e-11	2.23e-11	7.23e-12
 8.59091e+15	9.54e-11	9.39e-07	1.50e-03	1.11e-01	5.12e-01	3.30e-01	4.52e-02	0.00e+00	0.00e+00	5.54e-11	2.90e-11	9.39e-12
 8.83718e+15	1.26e-10	1.17e-06	1.76e-03	1.21e-01	5.23e-01	3.15e-01	3.97e-02	0.00e+00	0.00e+00	7.32e-11	3.83e-11	1.24e-11
 9.07565e+15	1.64e-10	1.43e-06	2.06e-03	1.32e-01	5.32e-01	2.99e-01	3.50e-02	0.00e+00	0.00e+00	9.51e-11	4.97e-11	1.61e-11
 9.34240e+15	2.20e-10	1.79e-06	2.44e-03	1.44e-01	5.41e-01	2.83e-01	3.03e-02	0.00e+00	0.00e+00	1.28e-10	6.68e-11	2.16e-11
 9.62875e+15	2.93e-10	2.24e-06	2.90e-03	1.57e-01	5.48e-01	2.65e-01	2.61e-02	0.00e+00	0.00e+00	1.70e-10	8.91e-11	2.89e-11
 9.87995e+15	3.74e-10	2.71e-06	3.35e-03	1.70e-01	5.54e-01	2.50e-01	2.28e-02	0.00e+00	0.00e+00	2.18e-10	1.14e-10	3.69e-11
 1.01459e+16	4.94e-10	3.36e-06	3.93e-03	1.84e-01	5.58e-01	2.35e-01	1.97e-02	0.00e+00	0.00e+00	2.87e-10	1.50e-10	4.87e-11
 1.04357e+16	6.46e-10	4.14e-06	4.62e-03	1.99e-01	5.61e-01	2.19e-01	1.69e-02	0.00e+00	0.00e+00	3.75e-10	1.96e-10	6.37e-11
 1.07004e+16	8.27e-10	5.02e-06	5.35e-03	2.14e-01	5.62e-01	2.04e-01	1.46e-02	0.00e+00	0.00e+00	4.81e-10	2.52e-10	8.16e-11
 1.09500e+16	1.04e-09	5.99e-06	6.13e-03	2.28e-01	5.62e-01	1.92e-01	1.27e-02	0.00e+00	0.00e+00	6.04e-10	3.16e-10	1.02e-10
 1.12363e+16	1.36e-09	7.37e-06	7.16e-03	2.45e-01	5.60e-01	1.77e-01	1.08e-02	0.00e+00	0.00e+00	7.89e-10	4.13e-10	1.34e-10
 1.15476e+16	1.79e-09	9.14e-06	8.45e-03	2.64e-01	5.56e-01	1.62e-01	9.10e-03	0.00e+00	0.00e+00	1.04e-09	5.45e-10	1.77e-10
 1.18262e+16	2.26e-09	1.10e-05	9.75e-03	2.81e-01	5.52e-01	1.50e-01	7.79e-03	0.00e+00	0.00e+00	1.31e-09	6.87e-10	2.23e-10
 1.20713e+16	2.78e-09	1.30e-05	1.11e-02	2.96e-01	5.46e-01	1.40e-01	6.77e-03	0.00e+00	0.00e+00	1.62e-09	8.48e-10	2.75e-10
 1.23378e+16	3.55e-09	1.56e-05	1.27e-02	3.14e-01	5.39e-01	1.28e-01	5.78e-03	0.00e+00	0.00e+00	2.07e-09	1.08e-09	3.51e-10
 1.26253e+16	4.57e-09	1.90e-05	1.48e-02	3.33e-01	5.30e-01	1.17e-01	4.87e-03	0.00e+00	0.00e+00	2.66e-09	1.39e-09	4.52e-10
 1.28759e+16	5.63e-09	2.24e-05	1.68e-02	3.50e-01	5.21e-01	1.08e-01	4.20e-03	0.00e+00	0.00e+00	3.27e-09	1.72e-09	5.58e-10
 1.31007e+16	6.85e-09	2.61e-05	1.89e-02	3.66e-01	5.12e-01	1.00e-01	3.66e-03	0.00e+00	0.00e+00	3.99e-09	2.09e-09	6.79e-10
 1.33565e+16	8.62e-09	3.12e-05	2.16e-02	3.84e-01	5.00e-01	9.16e-02	3.12e-03	0.00e+00	0.00e+00	5.01e-09	2.63e-09	8.54e-10
 1.36323e+16	1.11e-08	3.80e-05	2.51e-02	4.03e-01	4.86e-01	8.29e-02	2.61e-03	0.00e+00	0.00e+00	6.45e-09	3.38e-09	1.10e-09
 1.38731e+16	1.37e-08	4.48e-05	2.85e-02	4.20e-01	4.73e-01	7.58e-02	2.24e-03	0.00e+00	0.00e+00	7.97e-09	4.18e-09	1.36e-09
 1.40891e+16	1.66e-08	5.20e-05	3.20e-02	4.36e-01	4.61e-01	6.97e-02	1.94e-03	0.00e+00	0.00e+00	9.63e-09	5.05e-09	1.64e-09
 1.43337e+16	2.14e-08	6.32e-05	3.68e-02	4.54e-01	4.45e-01	6.29e-02	1.63e-03	0.00e+00	0.00e+00	1.24e-08	6.53e-09	2.12e-09
 1.45912e+16	2.69e-08	7.59e-05	4.25e-02	4.72e-01	4.28e-01	5.64e-02	1.37e-03	0.00e+00	0.00e+00	1.57e-08	8.21e-09	2.67e-09
 1.48122e+16	3.35e-08	9.00e-05	4.84e-02	4.87e-01	4.12e-01	5.11e-02	1.16e-03	0.00e+00	0.00e+00	1.95e-08	1.02e-08	3.33e-09
 1.50110e+16	4.17e-08	1.06e-04	5.46e-02	5.01e-01	3.97e-01	4.65e-02	9.96e-04	0.00e+00	0.00e+00	2.43e-08	1.27e-08	4.15e-09
 1.52042e+16	5.07e-08	1.24e-04	6.15e-02	5.14e-01	3.81e-01	4.22e-02	8.57e-04	0.00e+00	0.00e+00	2.95e-08	1.55e-08	5.04e-09
 1.54253e+16	6.68e-08	1.53e-04	7.12e-02	5.29e-01	3.62e-01	3.74e-02	7.07e-04	0.00e+00	0.00e+00	3.89e-08	2.04e-08	6.65e-09
 1.56513e+16	8.62e-08	1.86e-04	8.26e-02	5.42e-01	3.42e-01	3.30e-02	5.83e-04	0.00e+00	0.00e+00	5.02e-08	2.63e-08	8.59e-09
 1.58338e+16	1.06e-07	2.19e-04	9.36e-02	5.52e-01	3.24e-01	2.96e-02	4.95e-04	0.00e+00	0.00e+00	6.14e-08	3.23e-08	1.05e-08
 1.59951e+16	1.30e-07	2.57e-04	1.05e-01	5.60e-01	3.08e-01	2.66e-02	4.22e-04	0.00e+00	0.00e+00	7.59e-08	3.99e-08	1.30e-08
 1.61791e+16	1.60e-07	3.04e-04	1.21e-01	5.68e-01	2.88e-01	2.34e-02	3.50e-04	0.00e+00	0.00e+00	9.34e-08	4.90e-08	1.60e-08
 1.63745e+16	2.09e-07	3.73e-04	1.41e-01	5.73e-01	2.65e-01	2.02e-02	2.82e-04	0.00e+00	0.00e+00	1.22e-07	6.39e-08	2.09e-08
 1.65358e+16	2.87e-07	4.68e-04	1.62e-01	5.74e-01	2.46e-01	1.75e-02	2.29e-04	0.00e+00	0.00e+00	1.67e-07	8.77e-08	2.86e-08
 1.66575e+16	3.45e-07	5.39e-04	1.79e-01	5.74e-01	2.31e-01	1.56e-02	1.96e-04	0.00e+00	0.00e+00	2.01e-07	1.06e-07	3.45e-08
 1.67764e+16	4.01e-07	6.10e-04	1.99e-01	5.72e-01	2.15e-01	1.39e-02	1.67e-04	0.00e+00	0.00e+00	2.34e-07	1.23e-07	4.01e-08
 1.69310e+16	5.19e-07	7.43e-04	2.30e-01	5.65e-01	1.93e-01	1.17e-02	1.31e-04	0.00e+00	0.00e+00	3.02e-07	1.59e-07	5.19e-08
 1.70860e+16	6.86e-07	9.17e-04	2.66e-01	5.52e-01	1.71e-01	9.60e-03	1.01e-04	0.00e+00	0.00e+00	3.99e-07	2.10e-07	6.87e-08
 1.71881e+16	8.99e-07	1.10e-03	2.96e-01	5.39e-01	1.55e-01	8.25e-03	8.21e-05	0.00e+00	0.00e+00	5.23e-07	2.75e-07	9.00e-08
 1.72429e+16	9.98e-07	1.19e-03	3.13e-01	5.32e-01	1.47e-01	7.59e-03	7.35e-05	0.00e+00	0.00e+00	5.81e-07	3.06e-07	1.00e-07
 1.72894e+16	1.10e-06	1.28e-03	3.28e-01	5.24e-01	1.40e-01	7.02e-03	6.64e-05	0.00e+00	0.00e+00	6.41e-07	3.37e-07	1.10e-07
 1.73500e+16	1.21e-06	1.38e-03	3.49e-01	5.13e-01	1.30e-01	6.33e-03	5.81e-05	0.00e+00	0.00e+00	7.06e-07	3.72e-07	1.22e-07
 1.74287e+16	1.43e-06	1.56e-03	3.78e-01	4.97e-01	1.18e-01	5.45e-03	4.78e-05	0.00e+00	0.00e+00	8.33e-07	4.38e-07	1.44e-07
 1.75123e+16	1.79e-06	1.82e-03	4.13e-01	4.76e-01	1.04e-01	4.56e-03	3.80e-05	0.00e+00	0.00e+00	1.04e-06	5.48e-07	1.80e-07
 1.75779e+16	2.01e-06	1.99e-03	4.41e-01	4.59e-01	9.43e-02	3.96e-03	3.17e-05	0.00e+00	0.00e+00	1.17e-06	6.16e-07	2.02e-07
 1.76388e+16	2.33e-06	2.21e-03	4.70e-01	4.39e-01	8.47e-02	3.40e-03	2.61e-05	0.00e+00	0.00e+00	1.35e-06	7.13e-07	2.34e-07
 1.77075e+16	2.84e-06	2.52e-03	5.05e-01	4.15e-01	7.42e-02	2.81e-03	2.05e-05	0.00e+00	0.00e+00	1.65e-06	8.72e-07	2.86e-07
 1.77676e+16	3.16e-06	2.72e-03	5.35e-01	3.95e-01	6.57e-02	2.38e-03	1.67e-05	0.00e+00	0.00e+00	1.84e-06	9.70e-07	3.18e-07
 1.78270e+16	3.67e-06	3.02e-03	5.67e-01	3.71e-01	5.73e-02	1.97e-03	1.32e-05	0.00e+00	0.00e+00	2.14e-06	1.13e-06	3.70e-07
 1.78929e+16	4.31e-06	3.36e-03	6.02e-01	3.44e-01	4.87e-02	1.58e-03	9.97e-06	0.00e+00	0.00e+00	2.51e-06	1.32e-06	4.35e-07
 1.79541e+16	5.03e-06	3.71e-03	6.35e-01	3.18e-01	4.13e-02	1.26e-03	7.54e-06	0.00e+00	0.00e+00	2.92e-06	1.54e-06	5.07e-07
 1.80105e+16	5.95e-06	4.12e-03	6.67e-01	2.93e-01	3.50e-02	1.00e-03	5.67e-06	0.00e+00	0.00e+00	3.46e-06	1.82e-06	6.01e-07
 1.80632e+16	6.74e-06	4.46e-03	6.95e-01	2.70e-01	2.98e-02	8.04e-04	4.33e-06	0.00e+00	0.00e+00	3.92e-06	2.07e-06	6.82e-07
 1.81213e+16	7.79e-06	4.89e-03	7.25e-01	2.45e-01	2.45e-02	6.16e-04	3.12e-06	0.00e+00	0.00e+00	4.53e-06	2.39e-06	7.89e-07
 1.81969e+16	9.35e-06	5.46e-03	7.62e-01	2.13e-01	1.87e-02	4.28e-04	1.99e-06	0.00e+00	0.00e+00	5.44e-06	2.87e-06	9.49e-07
 1.82733e+16	1.11e-05	6.04e-03	7.96e-01	1.84e-01	1.40e-02	2.92e-04	1.25e-06	0.00e+00	0.00e+00	6.46e-06	3.41e-06	1.13e-06
 1.83358e+16	1.28e-05	6.55e-03	8.21e-01	1.62e-01	1.10e-02	2.09e-04	8.31e-07	0.00e+00	0.00e+00	7.42e-06	3.92e-06	1.30e-06
 1.84019e+16	1.48e-05	7.13e-03	8.45e-01	1.39e-01	8.26e-03	1.43e-04	0.00e+00	0.00e+00	0.00e+00	8.61e-06	4.55e-06	1.51e-06
 1.84880e+16	1.77e-05	7.87e-03	8.72e-01	1.15e-01	5.68e-03	8.59e-05	0.00e+00	0.00e+00	0.00e+00	1.03e-05	5.45e-06	1.81e-06
