#depth	C	C+	C+2	C+3	C+4	C+5	C+6	C[1]	C[2]	C[3]	C+[1]	C+[2]	CO
 1.49634e+10	0.00e+00	1.82e-33	1.84e-23	4.25e-14	5.16e-04	5.64e-01	4.36e-01	0.00e+00	0.00e+00	0.00e+00	0.00e+00	0.00e+00	9.70e-163
 4.54887e+10	3.51e-44	2.59e-33	2.42e-23	5.16e-14	5.79e-04	5.83e-01	4.16e-01	0.00e+00	0.00e+00	0.00e+00	0.00e+00	0.00e+00	1.53e-240
 7.72350e+10	0.00e+00	3.68e-33	3.18e-23	6.27e-14	6.49e-04	6.02e-01	3.97e-01	0.00e+00	0.00e+00	0.00e+00	0.00e+00	0.00e+00	1.31e-161
 1.10251e+11	8.34e-44	5.24e-33	4.18e-23	7.61e-14	7.27e-04	6.21e-01	3.78e-01	0.00e+00	0.00e+00	0.00e+00	0.00e+00	0.00e+00	6.59e-240
 1.44588e+11	0.00e+00	7.45e-33	5.48e-23	9.22e-14	8.14e-04	6.40e-01	3.59e-01	0.00e+00	0.00e+00	0.00e+00	0.00e+00	0.00e+00	1.77e-160
 1.80298e+11	1.97e-43	1.06e-32	7.19e-23	1.12e-13	9.09e-04	6.58e-01	3.41e-01	0.00e+00	0.00e+00	0.00e+00	0.00e+00	0.00e+00	5.02e-228
 2.15171e+11	0.00e+00	1.47e-32	9.27e-23	1.34e-13	1.01e-03	6.74e-01	3.25e-01	0.00e+00	0.00e+00	0.00e+00	0.00e+00	0.00e+00	2.20e-159
 2.48373e+11	4.28e-43	1.99e-32	1.17e-22	1.57e-13	1.11e-03	6.89e-01	3.10e-01	0.00e+00	0.00e+00	0.00e+00	0.00e+00	0.00e+00	2.45e-227
 2.85168e+11	0.00e+00	2.74e-32	1.50e-22	1.87e-13	1.23e-03	7.05e-01	2.94e-01	0.00e+00	0.00e+00	0.00e+00	0.00e+00	0.00e+00	2.24e-158
 3.25338e+11	9.66e-43	3.85e-32	1.95e-22	2.25e-13	1.36e-03	7.21e-01	2.78e-01	0.00e+00	0.00e+00	0.00e+00	0.00e+00	0.00e+00	9.36e-227
 3.64168e+11	0.00e+00	5.28e-32	2.48e-22	2.66e-13	1.50e-03	7.35e-01	2.64e-01	0.00e+00	0.00e+00	0.00e+00	0.00e+00	0.00e+00	2.58e-157
 4.05717e+11	2.12e-42	7.30e-32	3.19e-22	3.17e-13	1.65e-03	7.49e-01	2.49e-01	0.00e+00	0.00e+00	0.00e+00	0.00e+00	0.00e+00	3.96e-226
 4.51872e+11	0.00e+00	1.03e-31	4.16e-22	3.82e-13	1.84e-03	7.64e-01	2.34e-01	0.00e+00	0.00e+00	0.00e+00	0.00e+00	0.00e+00	3.19e-156
 4.98513e+11	4.93e-42	1.45e-31	5.39e-22	4.57e-13	2.03e-03	7.77e-01	2.21e-01	0.00e+00	0.00e+00	0.00e+00	0.00e+00	0.00e+00	1.28e-225
 5.47020e+11	0.00e+00	2.03e-31	6.98e-22	5.47e-13	2.25e-03	7.90e-01	2.07e-01	0.00e+00	0.00e+00	0.00e+00	0.00e+00	0.00e+00	4.01e-155
 5.98828e+11	1.15e-41	2.87e-31	9.11e-22	6.58e-13	2.50e-03	8.03e-01	1.94e-01	0.00e+00	0.00e+00	0.00e+00	0.00e+00	0.00e+00	2.84e-225
 6.52708e+11	0.00e+00	4.06e-31	1.19e-21	7.91e-13	2.76e-03	8.15e-01	1.82e-01	0.00e+00	0.00e+00	0.00e+00	0.00e+00	0.00e+00	5.43e-154
 7.08743e+11	2.70e-41	5.73e-31	1.55e-21	9.51e-13	3.06e-03	8.27e-01	1.70e-01	0.00e+00	0.00e+00	0.00e+00	0.00e+00	0.00e+00	1.20e-224
 7.67019e+11	0.00e+00	8.11e-31	2.02e-21	1.14e-12	3.39e-03	8.38e-01	1.59e-01	0.00e+00	0.00e+00	0.00e+00	0.00e+00	0.00e+00	7.39e-153
 8.27627e+11	6.35e-41	1.15e-30	2.63e-21	1.37e-12	3.75e-03	8.48e-01	1.48e-01	0.00e+00	0.00e+00	0.00e+00	0.00e+00	0.00e+00	0.00e+00
 8.90659e+11	0.00e+00	1.62e-30	3.44e-21	1.65e-12	4.15e-03	8.58e-01	1.38e-01	0.00e+00	0.00e+00	0.00e+00	0.00e+00	0.00e+00	1.01e-151
 9.56212e+11	1.50e-40	2.30e-30	4.48e-21	1.98e-12	4.59e-03	8.67e-01	1.29e-01	0.00e+00	0.00e+00	0.00e+00	0.00e+00	0.00e+00	0.00e+00
 1.01779e+12	0.00e+00	3.15e-30	5.70e-21	2.34e-12	5.03e-03	8.75e-01	1.20e-01	0.00e+00	0.00e+00	0.00e+00	0.00e+00	0.00e+00	1.23e-150
 1.07276e+12	3.09e-40	4.13e-30	7.02e-21	2.70e-12	5.44e-03	8.81e-01	1.14e-01	0.00e+00	0.00e+00	0.00e+00	0.00e+00	0.00e+00	0.00e+00
 1.13440e+12	0.00e+00	5.56e-30	8.81e-21	3.15e-12	5.92e-03	8.87e-01	1.07e-01	0.00e+00	0.00e+00	0.00e+00	0.00e+00	0.00e+00	1.05e-149
 1.20759e+12	6.81e-40	7.82e-30	1.14e-20	3.77e-12	6.53e-03	8.94e-01	9.93e-02	0.00e+00	0.00e+00	0.00e+00	0.00e+00	0.00e+00	0.00e+00
 1.28089e+12	0.00e+00	1.09e-29	1.47e-20	4.48e-12	7.17e-03	9.00e-01	9.25e-02	0.00e+00	0.00e+00	0.00e+00	0.00e+00	0.00e+00	1.30e-148
 1.34953e+12	1.47e-39	1.46e-29	1.84e-20	5.24e-12	7.80e-03	9.06e-01	8.67e-02	0.00e+00	0.00e+00	0.00e+00	0.00e+00	0.00e+00	0.00e+00
 1.42585e+12	0.00e+00	2.02e-29	2.35e-20	6.20e-12	8.54e-03	9.11e-01	8.07e-02	0.00e+00	0.00e+00	0.00e+00	0.00e+00	0.00e+00	1.33e-147
 1.51281e+12	3.39e-39	2.87e-29	3.08e-20	7.45e-12	9.44e-03	9.16e-01	7.47e-02	0.00e+00	0.00e+00	0.00e+00	0.00e+00	0.00e+00	0.00e+00
 1.59918e+12	0.00e+00	4.02e-29	3.99e-20	8.90e-12	1.04e-02	9.20e-01	6.92e-02	0.00e+00	0.00e+00	0.00e+00	0.00e+00	0.00e+00	1.78e-146
 1.68901e+12	7.84e-39	5.64e-29	5.17e-20	1.06e-11	1.14e-02	9.24e-01	6.41e-02	0.00e+00	0.00e+00	0.00e+00	0.00e+00	0.00e+00	0.00e+00
 1.78650e+12	0.00e+00	8.05e-29	6.78e-20	1.28e-11	1.26e-02	9.28e-01	5.91e-02	0.00e+00	0.00e+00	0.00e+00	0.00e+00	0.00e+00	2.41e-145
 1.88584e+12	1.87e-38	1.14e-28	8.85e-20	1.53e-11	1.39e-02	9.32e-01	5.46e-02	0.00e+00	0.00e+00	0.00e+00	0.00e+00	0.00e+00	0.00e+00
 1.97842e+12	0.00e+00	1.56e-28	1.12e-19	1.81e-11	1.52e-02	9.34e-01	5.08e-02	0.00e+00	0.00e+00	0.00e+00	0.00e+00	0.00e+00	2.88e-144
 2.06368e+12	3.91e-38	2.07e-28	1.39e-19	2.09e-11	1.64e-02	9.36e-01	4.76e-02	0.00e+00	0.00e+00	0.00e+00	0.00e+00	0.00e+00	0.00e+00
 2.16102e+12	0.00e+00	2.82e-28	1.77e-19	2.46e-11	1.79e-02	9.38e-01	4.42e-02	0.00e+00	0.00e+00	0.00e+00	0.00e+00	0.00e+00	2.64e-143
 2.27533e+12	8.89e-38	4.02e-28	2.31e-19	2.96e-11	1.97e-02	9.40e-01	4.07e-02	0.00e+00	0.00e+00	0.00e+00	0.00e+00	0.00e+00	0.00e+00
 2.38830e+12	0.00e+00	5.63e-28	2.99e-19	3.52e-11	2.16e-02	9.41e-01	3.75e-02	0.00e+00	0.00e+00	0.00e+00	0.00e+00	0.00e+00	3.47e-142
 2.49389e+12	1.97e-37	7.64e-28	3.78e-19	4.13e-11	2.35e-02	9.42e-01	3.49e-02	0.00e+00	0.00e+00	0.00e+00	0.00e+00	0.00e+00	0.00e+00
 2.61167e+12	0.00e+00	1.06e-27	4.84e-19	4.89e-11	2.57e-02	9.42e-01	3.22e-02	0.00e+00	0.00e+00	0.00e+00	0.00e+00	0.00e+00	3.65e-141
 2.74607e+12	4.64e-37	1.52e-27	6.40e-19	5.91e-11	2.84e-02	9.42e-01	2.95e-02	0.00e+00	0.00e+00	0.00e+00	0.00e+00	0.00e+00	0.00e+00
 2.87815e+12	0.00e+00	2.15e-27	8.33e-19	7.07e-11	3.12e-02	9.42e-01	2.71e-02	0.00e+00	0.00e+00	0.00e+00	0.00e+00	0.00e+00	5.09e-140
 3.01552e+12	1.09e-36	3.04e-27	1.08e-18	8.46e-11	3.42e-02	9.41e-01	2.49e-02	0.00e+00	0.00e+00	0.00e+00	0.00e+00	0.00e+00	0.00e+00
 3.16606e+12	0.00e+00	4.37e-27	1.43e-18	1.02e-10	3.77e-02	9.40e-01	2.27e-02	0.00e+00	0.00e+00	0.00e+00	0.00e+00	0.00e+00	7.10e-139
 3.31766e+12	2.65e-36	6.23e-27	1.88e-18	1.23e-10	4.15e-02	9.38e-01	2.08e-02	0.00e+00	0.00e+00	0.00e+00	0.00e+00	0.00e+00	0.00e+00
 3.47532e+12	0.00e+00	8.89e-27	2.47e-18	1.48e-10	4.56e-02	9.35e-01	1.90e-02	0.00e+00	0.00e+00	0.00e+00	0.00e+00	0.00e+00	9.81e-138
 3.64426e+12	6.47e-36	1.28e-26	3.26e-18	1.79e-10	5.02e-02	9.32e-01	1.73e-02	0.00e+00	0.00e+00	0.00e+00	0.00e+00	0.00e+00	0.00e+00
 3.81222e+12	0.00e+00	1.82e-26	4.27e-18	2.14e-10	5.51e-02	9.29e-01	1.58e-02	0.00e+00	0.00e+00	0.00e+00	0.00e+00	0.00e+00	1.39e-136
 3.98690e+12	1.54e-35	2.59e-26	5.59e-18	2.57e-10	6.04e-02	9.25e-01	1.44e-02	0.00e+00	0.00e+00	0.00e+00	0.00e+00	0.00e+00	0.00e+00
 4.17630e+12	0.00e+00	3.74e-26	7.41e-18	3.11e-10	6.65e-02	9.20e-01	1.31e-02	0.00e+00	0.00e+00	0.00e+00	0.00e+00	0.00e+00	1.98e-135
 4.37328e+12	3.83e-35	5.41e-26	9.83e-18	3.76e-10	7.31e-02	9.15e-01	1.18e-02	0.00e+00	0.00e+00	0.00e+00	0.00e+00	0.00e+00	0.00e+00
 4.57814e+12	0.00e+00	7.81e-26	1.30e-17	4.55e-10	8.03e-02	9.09e-01	1.07e-02	0.00e+00	0.00e+00	0.00e+00	0.00e+00	0.00e+00	2.96e-134
 4.79119e+12	9.49e-35	1.13e-25	1.73e-17	5.50e-10	8.82e-02	9.02e-01	9.67e-03	0.00e+00	0.00e+00	0.00e+00	0.00e+00	0.00e+00	0.00e+00
 4.98364e+12	1.41e-34	1.55e-25	2.21e-17	6.49e-10	9.57e-02	8.95e-01	8.84e-03	0.00e+00	0.00e+00	0.00e+00	0.00e+00	0.00e+00	2.93e-115
 5.14360e+12	1.93e-34	2.00e-25	2.69e-17	7.41e-10	1.02e-01	8.90e-01	8.23e-03	0.00e+00	0.00e+00	0.00e+00	0.00e+00	0.00e+00	1.08e-97
 5.31869e+12	2.70e-34	2.63e-25	3.31e-17	8.53e-10	1.09e-01	8.83e-01	7.61e-03	0.00e+00	0.00e+00	0.00e+00	0.00e+00	0.00e+00	0.00e+00
 5.54096e+12	4.08e-34	3.67e-25	4.28e-17	1.01e-09	1.19e-01	8.74e-01	6.90e-03	0.00e+00	0.00e+00	0.00e+00	0.00e+00	0.00e+00	4.88e-114
 5.77299e+12	6.16e-34	5.13e-25	5.54e-17	1.21e-09	1.29e-01	8.65e-01	6.25e-03	0.00e+00	0.00e+00	0.00e+00	0.00e+00	0.00e+00	1.43e-96
 5.97797e+12	8.75e-34	6.82e-25	6.90e-17	1.40e-09	1.38e-01	8.56e-01	5.74e-03	0.00e+00	0.00e+00	0.00e+00	0.00e+00	0.00e+00	0.00e+00
 6.16913e+12	1.20e-33	8.81e-25	8.41e-17	1.59e-09	1.47e-01	8.47e-01	5.31e-03	0.00e+00	0.00e+00	0.00e+00	0.00e+00	0.00e+00	8.53e-113
 6.38737e+12	1.70e-33	1.17e-24	1.05e-16	1.85e-09	1.58e-01	8.38e-01	4.87e-03	0.00e+00	0.00e+00	0.00e+00	0.00e+00	0.00e+00	1.38e-95
 6.65590e+12	2.57e-33	1.63e-24	1.35e-16	2.19e-09	1.71e-01	8.25e-01	4.38e-03	0.00e+00	0.00e+00	0.00e+00	0.00e+00	0.00e+00	0.00e+00
 6.92354e+12	3.80e-33	2.24e-24	1.73e-16	2.59e-09	1.84e-01	8.12e-01	3.95e-03	0.00e+00	0.00e+00	0.00e+00	0.00e+00	0.00e+00	1.84e-111
 7.15570e+12	5.27e-33	2.93e-24	2.12e-16	2.96e-09	1.96e-01	8.00e-01	3.63e-03	0.00e+00	0.00e+00	0.00e+00	0.00e+00	0.00e+00	1.72e-94
 7.40800e+12	7.41e-33	3.86e-24	2.63e-16	3.42e-09	2.09e-01	7.88e-01	3.31e-03	0.00e+00	0.00e+00	0.00e+00	0.00e+00	0.00e+00	1.11e-110
 7.71659e+12	1.11e-32	5.34e-24	3.38e-16	4.04e-09	2.25e-01	7.72e-01	2.96e-03	0.00e+00	0.00e+00	0.00e+00	0.00e+00	0.00e+00	9.03e-94
 8.03197e+12	1.64e-32	7.33e-24	4.32e-16	4.75e-09	2.42e-01	7.56e-01	2.65e-03	0.00e+00	0.00e+00	0.00e+00	0.00e+00	0.00e+00	9.34e-110
 8.32101e+12	2.30e-32	9.68e-24	5.35e-16	5.47e-09	2.57e-01	7.41e-01	2.40e-03	0.00e+00	0.00e+00	0.00e+00	0.00e+00	0.00e+00	4.68e-93
 8.64219e+12	3.31e-32	1.30e-23	6.72e-16	6.36e-09	2.74e-01	7.24e-01	2.16e-03	0.00e+00	0.00e+00	0.00e+00	0.00e+00	0.00e+00	6.37e-109
 9.01516e+12	4.96e-32	1.80e-23	8.65e-16	7.50e-09	2.94e-01	7.05e-01	1.92e-03	0.00e+00	0.00e+00	0.00e+00	0.00e+00	0.00e+00	2.64e-92
 9.38348e+12	7.25e-32	2.45e-23	1.10e-15	8.76e-09	3.13e-01	6.85e-01	1.71e-03	0.00e+00	0.00e+00	0.00e+00	0.00e+00	0.00e+00	5.45e-108
 9.73572e+12	1.02e-31	3.24e-23	1.36e-15	1.01e-08	3.31e-01	6.67e-01	1.53e-03	0.00e+00	0.00e+00	0.00e+00	0.00e+00	0.00e+00	1.37e-91
 1.01243e+13	1.47e-31	4.34e-23	1.70e-15	1.17e-08	3.51e-01	6.47e-01	1.36e-03	0.00e+00	0.00e+00	0.00e+00	0.00e+00	0.00e+00	3.90e-107
 1.05592e+13	2.17e-31	5.94e-23	2.16e-15	1.36e-08	3.73e-01	6.25e-01	1.20e-03	0.00e+00	0.00e+00	0.00e+00	0.00e+00	0.00e+00	7.70e-91
 1.09968e+13	3.15e-31	8.02e-23	2.72e-15	1.58e-08	3.95e-01	6.04e-01	1.06e-03	0.00e+00	0.00e+00	0.00e+00	0.00e+00	0.00e+00	3.27e-106
 1.13897e+13	4.33e-31	1.04e-22	3.31e-15	1.79e-08	4.14e-01	5.85e-01	9.52e-04	0.00e+00	0.00e+00	0.00e+00	0.00e+00	0.00e+00	3.80e-90
 1.17229e+13	5.61e-31	1.28e-22	3.88e-15	1.98e-08	4.30e-01	5.69e-01	8.70e-04	0.00e+00	0.00e+00	0.00e+00	0.00e+00	0.00e+00	1.68e-105
 1.20823e+13	7.36e-31	1.59e-22	4.58e-15	2.20e-08	4.47e-01	5.53e-01	7.91e-04	0.00e+00	0.00e+00	0.00e+00	0.00e+00	0.00e+00	1.31e-89
 1.25461e+13	1.03e-30	2.08e-22	5.61e-15	2.51e-08	4.67e-01	5.32e-01	7.01e-04	0.00e+00	0.00e+00	0.00e+00	0.00e+00	0.00e+00	9.49e-105
 1.30295e+13	1.44e-30	2.71e-22	6.88e-15	2.85e-08	4.89e-01	5.11e-01	6.20e-04	0.00e+00	0.00e+00	0.00e+00	0.00e+00	0.00e+00	6.32e-89
 1.34451e+13	1.89e-30	3.38e-22	8.12e-15	3.16e-08	5.06e-01	4.94e-01	5.60e-04	0.00e+00	0.00e+00	0.00e+00	0.00e+00	0.00e+00	5.50e-104
 1.38886e+13	2.51e-30	4.24e-22	9.63e-15	3.52e-08	5.24e-01	4.76e-01	5.03e-04	0.00e+00	0.00e+00	0.00e+00	0.00e+00	0.00e+00	2.38e-88
 1.44371e+13	3.51e-30	5.54e-22	1.18e-14	3.98e-08	5.45e-01	4.55e-01	4.42e-04	0.00e+00	0.00e+00	0.00e+00	0.00e+00	0.00e+00	3.33e-103
 1.49995e+13	4.88e-30	7.20e-22	1.43e-14	4.50e-08	5.66e-01	4.34e-01	3.89e-04	0.00e+00	0.00e+00	0.00e+00	0.00e+00	0.00e+00	1.17e-87
 1.55076e+13	6.48e-30	9.03e-22	1.70e-14	4.99e-08	5.84e-01	4.16e-01	3.47e-04	0.00e+00	0.00e+00	0.00e+00	0.00e+00	0.00e+00	2.03e-102
 1.60673e+13	8.76e-30	1.15e-21	2.03e-14	5.57e-08	6.02e-01	3.97e-01	3.07e-04	0.00e+00	0.00e+00	0.00e+00	0.00e+00	0.00e+00	4.84e-87
 1.66776e+13	1.20e-29	1.47e-21	2.45e-14	6.23e-08	6.22e-01	3.78e-01	2.70e-04	0.00e+00	0.00e+00	0.00e+00	0.00e+00	0.00e+00	1.26e-101
 1.72309e+13	1.58e-29	1.83e-21	2.87e-14	6.87e-08	6.38e-01	3.61e-01	2.40e-04	0.00e+00	0.00e+00	0.00e+00	0.00e+00	0.00e+00	2.04e-86
 1.78274e+13	2.10e-29	2.29e-21	3.39e-14	7.59e-08	6.55e-01	3.45e-01	2.13e-04	0.00e+00	0.00e+00	0.00e+00	0.00e+00	0.00e+00	6.74e-101
 1.84982e+13	2.85e-29	2.92e-21	4.06e-14	8.45e-08	6.73e-01	3.27e-01	1.87e-04	0.00e+00	0.00e+00	0.00e+00	0.00e+00	0.00e+00	8.77e-86
 1.91352e+13	3.77e-29	3.64e-21	4.78e-14	9.31e-08	6.89e-01	3.11e-01	1.65e-04	0.00e+00	0.00e+00	0.00e+00	0.00e+00	0.00e+00	3.98e-100
 1.98329e+13	5.07e-29	4.59e-21	5.66e-14	1.03e-07	7.05e-01	2.95e-01	1.45e-04	0.00e+00	0.00e+00	0.00e+00	0.00e+00	0.00e+00	3.66e-85
 2.06049e+13	6.93e-29	5.87e-21	6.78e-14	1.14e-07	7.22e-01	2.78e-01	1.26e-04	0.00e+00	0.00e+00	0.00e+00	0.00e+00	0.00e+00	2.54e-99
 2.13221e+13	9.16e-29	7.31e-21	7.96e-14	1.26e-07	7.36e-01	2.63e-01	1.11e-04	0.00e+00	0.00e+00	0.00e+00	0.00e+00	0.00e+00	1.61e-84
 2.21030e+13	1.23e-28	9.20e-21	9.40e-14	1.38e-07	7.51e-01	2.49e-01	9.75e-05	0.00e+00	0.00e+00	0.00e+00	0.00e+00	0.00e+00	1.47e-98
 2.29784e+13	1.68e-28	1.18e-20	1.13e-13	1.54e-07	7.66e-01	2.34e-01	8.42e-05	0.00e+00	0.00e+00	0.00e+00	0.00e+00	0.00e+00	7.46e-84
 2.38080e+13	2.24e-28	1.47e-20	1.32e-13	1.68e-07	7.80e-01	2.20e-01	7.38e-05	0.00e+00	0.00e+00	0.00e+00	0.00e+00	0.00e+00	9.42e-98
 2.47026e+13	3.01e-28	1.85e-20	1.56e-13	1.85e-07	7.93e-01	2.07e-01	6.42e-05	0.00e+00	0.00e+00	0.00e+00	0.00e+00	0.00e+00	3.30e-83
 2.56986e+13	4.13e-28	2.37e-20	1.87e-13	2.05e-07	8.06e-01	1.94e-01	5.52e-05	0.00e+00	0.00e+00	0.00e+00	0.00e+00	0.00e+00	6.36e-97
 2.66607e+13	5.54e-28	2.98e-20	2.20e-13	2.25e-07	8.18e-01	1.82e-01	4.80e-05	0.00e+00	0.00e+00	0.00e+00	0.00e+00	0.00e+00	1.58e-82
 2.76833e+13	7.48e-28	3.76e-20	2.60e-13	2.47e-07	8.30e-01	1.70e-01	4.16e-05	0.00e+00	0.00e+00	0.00e+00	0.00e+00	0.00e+00	4.10e-96
 2.88206e+13	1.03e-27	4.82e-20	3.10e-13	2.73e-07	8.41e-01	1.59e-01	3.56e-05	0.00e+00	0.00e+00	0.00e+00	0.00e+00	0.00e+00	7.84e-82
 2.99641e+13	1.40e-27	6.12e-20	3.68e-13	3.00e-07	8.52e-01	1.48e-01	3.06e-05	0.00e+00	0.00e+00	0.00e+00	0.00e+00	0.00e+00	2.97e-95
 3.11533e+13	1.91e-27	7.77e-20	4.35e-13	3.29e-07	8.62e-01	1.38e-01	2.63e-05	0.00e+00	0.00e+00	0.00e+00	0.00e+00	0.00e+00	3.92e-81
 3.24293e+13	2.62e-27	9.93e-20	5.18e-13	3.62e-07	8.72e-01	1.28e-01	2.25e-05	0.00e+00	0.00e+00	0.00e+00	0.00e+00	0.00e+00	2.16e-94
 3.37564e+13	3.60e-27	1.27e-19	6.15e-13	3.98e-07	8.81e-01	1.19e-01	1.93e-05	0.00e+00	0.00e+00	0.00e+00	0.00e+00	0.00e+00	2.06e-80
 3.50218e+13	4.81e-27	1.58e-19	7.20e-13	4.33e-07	8.88e-01	1.12e-01	1.67e-05	0.00e+00	0.00e+00	0.00e+00	0.00e+00	0.00e+00	1.49e-93
 3.61778e+13	6.21e-27	1.93e-19	8.27e-13	4.67e-07	8.95e-01	1.05e-01	1.47e-05	0.00e+00	0.00e+00	0.00e+00	0.00e+00	0.00e+00	8.69e-80
 3.72682e+13	7.85e-27	2.31e-19	9.38e-13	5.00e-07	9.01e-01	9.94e-02	1.31e-05	0.00e+00	0.00e+00	0.00e+00	0.00e+00	0.00e+00	7.12e-93
 3.84717e+13	1.01e-26	2.80e-19	1.07e-12	5.37e-07	9.06e-01	9.37e-02	1.15e-05	0.00e+00	0.00e+00	0.00e+00	0.00e+00	0.00e+00	3.15e-79
 3.98212e+13	1.32e-26	3.44e-19	1.24e-12	5.81e-07	9.12e-01	8.78e-02	1.01e-05	0.00e+00	0.00e+00	0.00e+00	0.00e+00	0.00e+00	3.78e-92
 4.10983e+13	1.70e-26	4.17e-19	1.41e-12	6.23e-07	9.17e-01	8.27e-02	8.90e-06	0.00e+00	0.00e+00	0.00e+00	0.00e+00	0.00e+00	1.25e-78
 4.24961e+13	2.21e-26	5.09e-19	1.63e-12	6.71e-07	9.22e-01	7.77e-02	7.80e-06	0.00e+00	0.00e+00	0.00e+00	0.00e+00	0.00e+00	1.96e-91
 4.40637e+13	2.93e-26	6.33e-19	1.89e-12	7.27e-07	9.27e-01	7.25e-02	6.76e-06	0.00e+00	0.00e+00	0.00e+00	0.00e+00	0.00e+00	5.41e-78
 4.55178e+13	3.79e-26	7.70e-19	2.16e-12	7.80e-07	9.32e-01	6.82e-02	5.95e-06	0.00e+00	0.00e+00	0.00e+00	0.00e+00	0.00e+00	1.12e-90
 4.68680e+13	4.77e-26	9.17e-19	2.44e-12	8.32e-07	9.36e-01	6.45e-02	5.30e-06	0.00e+00	0.00e+00	0.00e+00	0.00e+00	0.00e+00	1.99e-77
 4.84174e+13	6.16e-26	1.11e-18	2.79e-12	8.92e-07	9.39e-01	6.06e-02	4.67e-06	0.00e+00	0.00e+00	0.00e+00	0.00e+00	0.00e+00	5.35e-90
 5.02940e+13	8.31e-26	1.40e-18	3.26e-12	9.69e-07	9.44e-01	5.63e-02	4.01e-06	0.00e+00	0.00e+00	0.00e+00	0.00e+00	0.00e+00	8.87e-77
 5.21423e+13	1.10e-25	1.74e-18	3.78e-12	1.05e-06	9.47e-01	5.26e-02	3.48e-06	0.00e+00	0.00e+00	0.00e+00	0.00e+00	0.00e+00	1.91e-76
 5.37618e+13	1.41e-25	2.09e-18	4.29e-12	1.12e-06	9.50e-01	4.96e-02	3.09e-06	0.00e+00	0.00e+00	0.00e+00	0.00e+00	0.00e+00	3.68e-76
 5.55374e+13	1.82e-25	2.53e-18	4.89e-12	1.20e-06	9.53e-01	4.66e-02	2.72e-06	0.00e+00	0.00e+00	0.00e+00	0.00e+00	0.00e+00	7.37e-76
 5.76867e+13	2.45e-25	3.18e-18	5.71e-12	1.30e-06	9.57e-01	4.33e-02	2.34e-06	0.00e+00	0.00e+00	0.00e+00	0.00e+00	0.00e+00	1.65e-75
 5.98425e+13	3.28e-25	3.96e-18	6.63e-12	1.40e-06	9.60e-01	4.03e-02	2.02e-06	0.00e+00	0.00e+00	0.00e+00	0.00e+00	0.00e+00	3.63e-75
 6.17918e+13	4.22e-25	4.80e-18	7.55e-12	1.50e-06	9.62e-01	3.79e-02	1.78e-06	0.00e+00	0.00e+00	0.00e+00	0.00e+00	0.00e+00	7.24e-75
 6.39525e+13	5.54e-25	5.89e-18	8.68e-12	1.61e-06	9.65e-01	3.55e-02	1.56e-06	0.00e+00	0.00e+00	0.00e+00	0.00e+00	0.00e+00	1.52e-74
 6.64923e+13	7.53e-25	7.43e-18	1.02e-11	1.74e-06	9.67e-01	3.29e-02	1.33e-06	0.00e+00	0.00e+00	0.00e+00	0.00e+00	0.00e+00	3.49e-74
 6.90001e+13	1.01e-24	9.27e-18	1.18e-11	1.88e-06	9.69e-01	3.06e-02	1.15e-06	0.00e+00	0.00e+00	0.00e+00	0.00e+00	0.00e+00	7.77e-74
 7.13468e+13	1.32e-24	1.13e-17	1.35e-11	2.02e-06	9.71e-01	2.87e-02	1.01e-06	0.00e+00	0.00e+00	0.00e+00	0.00e+00	0.00e+00	1.60e-73
 7.39690e+13	1.75e-24	1.40e-17	1.56e-11	2.17e-06	9.73e-01	2.67e-02	8.77e-07	0.00e+00	0.00e+00	0.00e+00	0.00e+00	0.00e+00	3.49e-73
 7.69577e+13	2.40e-24	1.78e-17	1.83e-11	2.36e-06	9.75e-01	2.47e-02	0.00e+00	0.00e+00	0.00e+00	0.00e+00	0.00e+00	0.00e+00	8.19e-73
 7.99265e+13	3.23e-24	2.23e-17	2.13e-11	2.54e-06	9.77e-01	2.30e-02	0.00e+00	0.00e+00	0.00e+00	0.00e+00	0.00e+00	0.00e+00	1.86e-72
 8.30141e+13	4.37e-24	2.79e-17	2.48e-11	2.75e-06	9.79e-01	2.13e-02	0.00e+00	0.00e+00	0.00e+00	0.00e+00	0.00e+00	0.00e+00	4.22e-72
 8.63646e+13	5.97e-24	3.54e-17	2.91e-11	2.98e-06	9.80e-01	1.97e-02	0.00e+00	0.00e+00	0.00e+00	0.00e+00	0.00e+00	0.00e+00	9.92e-72
 8.98491e+13	8.17e-24	4.48e-17	3.41e-11	3.23e-06	9.82e-01	1.83e-02	0.00e+00	0.00e+00	0.00e+00	0.00e+00	0.00e+00	0.00e+00	2.33e-71
 9.32244e+13	1.09e-23	5.58e-17	3.96e-11	3.48e-06	9.83e-01	1.70e-02	0.00e+00	0.00e+00	0.00e+00	0.00e+00	1.79e-17	3.79e-17	5.18e-71
 9.64001e+13	1.43e-23	6.82e-17	4.53e-11	3.73e-06	9.84e-01	1.59e-02	0.00e+00	0.00e+00	0.00e+00	0.00e+00	2.26e-17	4.55e-17	1.07e-70
 9.99514e+13	1.90e-23	8.45e-17	5.23e-11	4.02e-06	9.85e-01	1.48e-02	0.00e+00	0.00e+00	0.00e+00	0.00e+00	2.81e-17	5.65e-17	2.33e-70
 1.03530e+14	2.50e-23	1.04e-16	6.03e-11	4.32e-06	9.86e-01	1.38e-02	0.00e+00	0.00e+00	0.00e+00	0.00e+00	3.46e-17	6.96e-17	4.98e-70
 1.06502e+14	3.13e-23	1.23e-16	6.75e-11	4.57e-06	9.87e-01	1.30e-02	0.00e+00	0.00e+00	0.00e+00	0.00e+00	4.10e-17	8.24e-17	9.18e-70
 1.09650e+14	3.94e-23	1.47e-16	7.59e-11	4.85e-06	9.88e-01	1.23e-02	0.00e+00	0.00e+00	0.00e+00	0.00e+00	4.87e-17	9.80e-17	1.72e-69
 1.13673e+14	5.24e-23	1.82e-16	8.77e-11	5.22e-06	9.89e-01	1.14e-02	0.00e+00	0.00e+00	0.00e+00	0.00e+00	6.03e-17	1.21e-16	3.73e-69
 1.17892e+14	6.98e-23	2.26e-16	1.02e-10	5.63e-06	9.89e-01	1.06e-02	0.00e+00	0.00e+00	0.00e+00	0.00e+00	7.49e-17	1.51e-16	8.24e-69
 1.21622e+14	8.92e-23	2.72e-16	1.15e-10	6.00e-06	9.90e-01	9.99e-03	0.00e+00	0.00e+00	0.00e+00	0.00e+00	9.02e-17	1.82e-16	1.60e-68
 1.25657e+14	1.15e-22	3.30e-16	1.31e-10	6.41e-06	9.91e-01	9.36e-03	0.00e+00	0.00e+00	0.00e+00	0.00e+00	1.10e-16	2.20e-16	3.21e-68
 1.30511e+14	1.55e-22	4.13e-16	1.53e-10	6.93e-06	9.91e-01	8.67e-03	0.00e+00	0.00e+00	0.00e+00	0.00e+00	1.37e-16	2.76e-16	7.23e-68
 1.35433e+14	2.08e-22	5.15e-16	1.78e-10	7.48e-06	9.92e-01	8.04e-03	0.00e+00	0.00e+00	0.00e+00	0.00e+00	1.71e-16	3.44e-16	1.59e-67
 1.40043e+14	2.70e-22	6.28e-16	2.03e-10	8.01e-06	9.92e-01	7.52e-03	0.00e+00	0.00e+00	0.00e+00	0.00e+00	2.08e-16	4.20e-16	3.26e-67
 1.45165e+14	3.58e-22	7.78e-16	2.35e-10	8.63e-06	9.93e-01	6.99e-03	0.00e+00	0.00e+00	0.00e+00	0.00e+00	2.58e-16	5.20e-16	7.02e-67
 1.50596e+14	4.78e-22	9.68e-16	2.73e-10	9.31e-06	9.94e-01	6.49e-03	0.00e+00	0.00e+00	0.00e+00	0.00e+00	3.21e-16	6.47e-16	1.54e-66
 1.55425e+14	6.12e-22	1.17e-15	3.10e-10	9.94e-06	9.94e-01	6.08e-03	0.00e+00	0.00e+00	0.00e+00	0.00e+00	3.87e-16	7.80e-16	3.01e-66
 1.60620e+14	7.92e-22	1.42e-15	3.54e-10	1.06e-05	9.94e-01	5.69e-03	0.00e+00	0.00e+00	0.00e+00	0.00e+00	4.71e-16	9.48e-16	6.07e-66
 1.66842e+14	1.07e-21	1.78e-15	4.13e-10	1.15e-05	9.95e-01	5.26e-03	0.00e+00	0.00e+00	0.00e+00	0.00e+00	5.90e-16	1.19e-15	1.36e-65
 1.72963e+14	1.41e-21	2.20e-15	4.78e-10	1.24e-05	9.95e-01	4.89e-03	0.00e+00	0.00e+00	0.00e+00	0.00e+00	7.30e-16	1.47e-15	2.93e-65
 1.78417e+14	1.80e-21	2.65e-15	5.43e-10	1.32e-05	9.95e-01	4.59e-03	0.00e+00	0.00e+00	0.00e+00	0.00e+00	8.78e-16	1.77e-15	5.67e-65
 1.84439e+14	2.34e-21	3.23e-15	6.21e-10	1.42e-05	9.96e-01	4.29e-03	0.00e+00	0.00e+00	0.00e+00	0.00e+00	1.07e-15	2.16e-15	1.15e-64
 1.91615e+14	3.15e-21	4.04e-15	7.25e-10	1.54e-05	9.96e-01	3.96e-03	0.00e+00	0.00e+00	0.00e+00	0.00e+00	1.34e-15	2.70e-15	2.57e-64
 1.98733e+14	4.19e-21	5.02e-15	8.41e-10	1.66e-05	9.96e-01	3.68e-03	0.00e+00	0.00e+00	0.00e+00	0.00e+00	1.67e-15	3.36e-15	5.60e-64
 2.05241e+14	5.39e-21	6.08e-15	9.58e-10	1.77e-05	9.97e-01	3.44e-03	0.00e+00	0.00e+00	0.00e+00	0.00e+00	2.02e-15	4.06e-15	1.11e-63
 2.12512e+14	7.07e-21	7.47e-15	1.10e-09	1.90e-05	9.97e-01	3.20e-03	0.00e+00	0.00e+00	0.00e+00	0.00e+00	2.48e-15	5.00e-15	2.32e-63
 2.20969e+14	9.59e-21	9.42e-15	1.29e-09	2.07e-05	9.97e-01	2.96e-03	0.00e+00	0.00e+00	0.00e+00	0.00e+00	3.12e-15	6.29e-15	5.31e-63
 2.29274e+14	1.28e-20	1.17e-14	1.50e-09	2.23e-05	9.97e-01	2.74e-03	0.00e+00	0.00e+00	0.00e+00	0.00e+00	3.88e-15	7.83e-15	1.16e-62
 2.37131e+14	1.66e-20	1.43e-14	1.72e-09	2.39e-05	9.97e-01	2.56e-03	0.00e+00	0.00e+00	0.00e+00	0.00e+00	4.74e-15	9.56e-15	2.38e-62
 2.45867e+14	2.21e-20	1.77e-14	1.99e-09	2.58e-05	9.98e-01	2.37e-03	0.00e+00	0.00e+00	0.00e+00	0.00e+00	5.87e-15	1.18e-14	5.14e-62
 2.55731e+14	3.00e-20	2.24e-14	2.33e-09	2.80e-05	9.98e-01	2.19e-03	0.00e+00	0.00e+00	0.00e+00	0.00e+00	7.41e-15	1.50e-14	1.19e-61
 2.65092e+14	3.97e-20	2.77e-14	2.70e-09	3.01e-05	9.98e-01	2.03e-03	0.00e+00	0.00e+00	0.00e+00	0.00e+00	9.16e-15	1.85e-14	2.55e-61
 2.73612e+14	5.09e-20	3.34e-14	3.06e-09	3.21e-05	9.98e-01	1.91e-03	0.00e+00	0.00e+00	0.00e+00	0.00e+00	1.10e-14	2.23e-14	5.01e-61
 2.83246e+14	6.67e-20	4.09e-14	3.52e-09	3.45e-05	9.98e-01	1.78e-03	0.00e+00	0.00e+00	0.00e+00	0.00e+00	1.36e-14	2.74e-14	1.05e-60
 2.94480e+14	9.04e-20	5.16e-14	4.12e-09	3.74e-05	9.98e-01	1.64e-03	0.00e+00	0.00e+00	0.00e+00	0.00e+00	1.71e-14	3.45e-14	2.40e-60
 3.05266e+14	1.20e-19	6.38e-14	4.76e-09	4.02e-05	9.98e-01	1.52e-03	0.00e+00	0.00e+00	0.00e+00	0.00e+00	2.11e-14	4.27e-14	5.19e-60
 3.15031e+14	1.53e-19	7.69e-14	5.40e-09	4.29e-05	9.99e-01	1.43e-03	0.00e+00	0.00e+00	0.00e+00	0.00e+00	2.54e-14	5.14e-14	1.02e-59
 3.24225e+14	1.92e-19	9.12e-14	6.07e-09	4.55e-05	9.99e-01	1.35e-03	0.00e+00	0.00e+00	0.00e+00	0.00e+00	3.02e-14	6.10e-14	1.88e-59
 3.34402e+14	2.44e-19	1.09e-13	6.87e-09	4.85e-05	9.99e-01	1.26e-03	0.00e+00	0.00e+00	0.00e+00	0.00e+00	3.62e-14	7.32e-14	3.65e-59
 3.45780e+14	3.18e-19	1.33e-13	7.86e-09	5.19e-05	9.99e-01	1.18e-03	0.00e+00	0.00e+00	0.00e+00	0.00e+00	4.41e-14	8.93e-14	7.49e-59
 3.56534e+14	4.04e-19	1.60e-13	8.89e-09	5.53e-05	9.99e-01	1.11e-03	0.00e+00	0.00e+00	0.00e+00	0.00e+00	5.29e-14	1.07e-13	1.45e-58
 3.68328e+14	5.21e-19	1.94e-13	1.01e-08	5.91e-05	9.99e-01	1.04e-03	0.00e+00	0.00e+00	0.00e+00	0.00e+00	6.41e-14	1.30e-13	2.91e-58
 3.81531e+14	6.87e-19	2.39e-13	1.17e-08	6.35e-05	9.99e-01	9.66e-04	0.00e+00	0.00e+00	0.00e+00	0.00e+00	7.90e-14	1.60e-13	6.20e-58
 3.93990e+14	8.85e-19	2.89e-13	1.33e-08	6.78e-05	9.99e-01	9.05e-04	0.00e+00	0.00e+00	0.00e+00	0.00e+00	9.56e-14	1.94e-13	1.24e-57
 4.07610e+14	1.15e-18	3.54e-13	1.52e-08	7.27e-05	9.99e-01	8.44e-04	0.00e+00	0.00e+00	0.00e+00	0.00e+00	1.17e-13	2.37e-13	2.58e-57
 4.22665e+14	1.54e-18	4.39e-13	1.76e-08	7.82e-05	9.99e-01	7.84e-04	0.00e+00	0.00e+00	0.00e+00	0.00e+00	1.45e-13	2.94e-13	5.64e-57
 4.36571e+14	1.98e-18	5.32e-13	2.01e-08	8.36e-05	9.99e-01	7.34e-04	0.00e+00	0.00e+00	0.00e+00	0.00e+00	1.76e-13	3.56e-13	1.13e-56
 4.51633e+14	2.59e-18	6.51e-13	2.30e-08	8.96e-05	9.99e-01	6.85e-04	0.00e+00	0.00e+00	0.00e+00	0.00e+00	2.15e-13	4.36e-13	2.36e-56
 4.68464e+14	3.44e-18	8.08e-13	2.66e-08	9.66e-05	9.99e-01	6.35e-04	0.00e+00	0.00e+00	0.00e+00	0.00e+00	2.67e-13	5.42e-13	5.15e-56
 4.84273e+14	4.47e-18	9.85e-13	3.04e-08	1.03e-04	9.99e-01	5.94e-04	0.00e+00	0.00e+00	0.00e+00	0.00e+00	3.25e-13	6.60e-13	1.06e-55
 5.01503e+14	5.87e-18	1.21e-12	3.50e-08	1.11e-04	9.99e-01	5.53e-04	0.00e+00	0.00e+00	0.00e+00	0.00e+00	3.99e-13	8.11e-13	2.24e-55
 5.20664e+14	7.87e-18	1.51e-12	4.07e-08	1.20e-04	9.99e-01	5.12e-04	0.00e+00	0.00e+00	0.00e+00	0.00e+00	4.98e-13	1.01e-12	5.03e-55
 5.38570e+14	1.02e-17	1.85e-12	4.66e-08	1.28e-04	9.99e-01	4.77e-04	0.00e+00	0.00e+00	0.00e+00	0.00e+00	6.08e-13	1.24e-12	1.04e-54
 5.58009e+14	1.35e-17	2.28e-12	5.38e-08	1.38e-04	9.99e-01	4.44e-04	0.00e+00	0.00e+00	0.00e+00	0.00e+00	7.49e-13	1.53e-12	2.23e-54
 5.79750e+14	1.82e-17	2.85e-12	6.27e-08	1.50e-04	9.99e-01	4.10e-04	0.00e+00	0.00e+00	0.00e+00	0.00e+00	9.38e-13	1.91e-12	5.05e-54
 6.00394e+14	2.39e-17	3.50e-12	7.22e-08	1.61e-04	9.99e-01	3.81e-04	0.00e+00	0.00e+00	0.00e+00	0.00e+00	1.15e-12	2.35e-12	1.07e-53
 6.22474e+14	3.15e-17	4.33e-12	8.35e-08	1.73e-04	9.99e-01	3.54e-04	0.00e+00	0.00e+00	0.00e+00	0.00e+00	1.43e-12	2.91e-12	2.31e-53
 6.47403e+14	4.27e-17	5.46e-12	9.79e-08	1.88e-04	9.99e-01	3.26e-04	0.00e+00	0.00e+00	0.00e+00	0.00e+00	1.79e-12	3.66e-12	5.32e-53
 6.71975e+14	5.69e-17	6.80e-12	1.14e-07	2.03e-04	9.99e-01	3.01e-04	0.00e+00	4.68e-18	1.41e-17	2.35e-17	2.23e-12	4.56e-12	1.18e-52
 6.97531e+14	7.56e-17	8.45e-12	1.32e-07	2.20e-04	1.00e+00	2.79e-04	0.00e+00	6.22e-18	1.87e-17	3.12e-17	2.77e-12	5.67e-12	2.58e-52
 7.24634e+14	1.01e-16	1.06e-11	1.54e-07	2.38e-04	1.00e+00	2.57e-04	0.00e+00	8.34e-18	2.50e-17	4.18e-17	3.47e-12	7.09e-12	5.81e-52
 7.47298e+14	1.28e-16	1.26e-11	1.75e-07	2.54e-04	1.00e+00	2.41e-04	0.00e+00	1.05e-17	3.16e-17	5.28e-17	4.14e-12	8.49e-12	1.11e-51
 7.64772e+14	1.52e-16	1.44e-11	1.92e-07	2.67e-04	1.00e+00	2.29e-04	0.00e+00	1.25e-17	3.77e-17	6.30e-17	4.74e-12	9.71e-12	1.80e-51
 7.83680e+14	1.83e-16	1.66e-11	2.12e-07	2.81e-04	1.00e+00	2.18e-04	0.00e+00	1.51e-17	4.53e-17	7.57e-17	5.46e-12	1.12e-11	3.01e-51
 8.08259e+14	2.31e-16	1.99e-11	2.41e-07	3.01e-04	9.99e-01	2.04e-04	0.00e+00	1.90e-17	5.72e-17	9.55e-17	6.53e-12	1.34e-11	5.72e-51
 8.34969e+14	2.94e-16	2.40e-11	2.75e-07	3.23e-04	9.99e-01	1.90e-04	0.00e+00	2.43e-17	7.30e-17	1.22e-16	7.87e-12	1.62e-11	1.13e-50
 8.59136e+14	3.64e-16	2.83e-11	3.09e-07	3.43e-04	9.99e-01	1.78e-04	0.00e+00	3.00e-17	9.02e-17	1.51e-16	9.28e-12	1.90e-11	2.03e-50
 8.85241e+14	4.54e-16	3.36e-11	3.49e-07	3.66e-04	9.99e-01	1.67e-04	0.00e+00	3.75e-17	1.13e-16	1.88e-16	1.10e-11	2.26e-11	3.78e-50
 9.18011e+14	5.93e-16	4.14e-11	4.05e-07	3.97e-04	9.99e-01	1.55e-04	0.00e+00	4.91e-17	1.47e-16	2.46e-16	1.36e-11	2.79e-11	8.00e-50
 9.50965e+14	7.68e-16	5.07e-11	4.68e-07	4.29e-04	9.99e-01	1.43e-04	0.00e+00	6.36e-17	1.91e-16	3.19e-16	1.66e-11	3.41e-11	1.65e-49
 9.78986e+14	9.50e-16	5.99e-11	5.27e-07	4.57e-04	9.99e-01	1.34e-04	0.00e+00	7.86e-17	2.36e-16	3.95e-16	1.96e-11	4.03e-11	3.01e-49
 1.00908e+15	1.18e-15	7.10e-11	5.96e-07	4.89e-04	9.99e-01	1.26e-04	0.00e+00	9.77e-17	2.93e-16	4.90e-16	2.32e-11	4.78e-11	5.55e-49
 1.04662e+15	1.53e-15	8.73e-11	6.93e-07	5.31e-04	9.99e-01	1.16e-04	0.00e+00	1.27e-16	3.82e-16	6.39e-16	2.86e-11	5.88e-11	1.17e-48
 1.08535e+15	1.99e-15	1.07e-10	8.04e-07	5.76e-04	9.99e-01	1.07e-04	0.00e+00	1.65e-16	4.95e-16	8.28e-16	3.50e-11	7.21e-11	2.46e-48
 1.11980e+15	2.48e-15	1.28e-10	9.14e-07	6.18e-04	9.99e-01	9.97e-05	0.00e+00	2.06e-16	6.19e-16	1.03e-15	4.17e-11	8.59e-11	4.64e-48
 1.15720e+15	3.11e-15	1.53e-10	1.05e-06	6.66e-04	9.99e-01	9.26e-05	0.00e+00	2.59e-16	7.77e-16	1.30e-15	5.00e-11	1.03e-10	8.95e-48
 1.20192e+15	4.06e-15	1.89e-10	1.22e-06	7.25e-04	9.99e-01	8.51e-05	0.00e+00	3.38e-16	1.02e-15	1.70e-15	6.18e-11	1.27e-10	1.94e-47
 1.24602e+15	5.21e-15	2.31e-10	1.41e-06	7.87e-04	9.99e-01	7.85e-05	0.00e+00	4.34e-16	1.30e-15	2.18e-15	7.55e-11	1.55e-10	4.02e-47
 1.28557e+15	6.44e-15	2.74e-10	1.61e-06	8.45e-04	9.99e-01	7.32e-05	0.00e+00	5.37e-16	1.61e-15	2.70e-15	8.96e-11	1.84e-10	7.53e-47
 1.32936e+15	8.11e-15	3.29e-10	1.84e-06	9.12e-04	9.99e-01	6.79e-05	0.00e+00	6.77e-16	2.03e-15	3.40e-15	1.08e-10	2.22e-10	1.49e-46
 1.38121e+15	1.05e-14	4.06e-10	2.15e-06	9.96e-04	9.99e-01	6.22e-05	0.00e+00	8.78e-16	2.64e-15	4.41e-15	1.33e-10	2.73e-10	3.22e-46
 1.43252e+15	1.34e-14	4.95e-10	2.49e-06	1.08e-03	9.99e-01	5.73e-05	0.00e+00	1.12e-15	3.37e-15	5.64e-15	1.62e-10	3.33e-10	6.73e-46
 1.47980e+15	1.67e-14	5.91e-10	2.85e-06	1.17e-03	9.99e-01	5.33e-05	0.00e+00	1.40e-15	4.20e-15	7.01e-15	1.93e-10	3.98e-10	1.30e-45
 1.53287e+15	2.11e-14	7.15e-10	3.28e-06	1.26e-03	9.99e-01	4.92e-05	0.00e+00	1.77e-15	5.31e-15	8.87e-15	2.34e-10	4.81e-10	2.65e-45
 1.59414e+15	2.63e-14	8.84e-10	3.85e-06	1.38e-03	9.99e-01	4.50e-05	0.00e+00	2.21e-15	6.65e-15	1.11e-14	2.89e-10	5.95e-10	5.80e-45
 1.65404e+15	3.34e-14	1.08e-09	4.47e-06	1.51e-03	9.98e-01	4.14e-05	0.00e+00	2.81e-15	8.44e-15	1.41e-14	3.53e-10	7.25e-10	1.23e-44
 1.71125e+15	4.15e-14	1.29e-09	5.12e-06	1.63e-03	9.98e-01	3.84e-05	0.00e+00	3.50e-15	1.05e-14	1.75e-14	4.24e-10	8.71e-10	2.46e-44
 1.77464e+15	5.23e-14	1.57e-09	5.93e-06	1.77e-03	9.98e-01	3.54e-05	0.00e+00	4.42e-15	1.33e-14	2.21e-14	5.15e-10	1.06e-09	5.17e-44
 1.83435e+15	6.43e-14	1.88e-09	6.78e-06	1.91e-03	9.98e-01	3.28e-05	0.00e+00	5.44e-15	1.63e-14	2.73e-14	6.16e-10	1.26e-09	1.02e-43
 1.87924e+15	7.49e-14	2.14e-09	7.46e-06	2.02e-03	9.98e-01	3.11e-05	0.00e+00	6.34e-15	1.90e-14	3.18e-14	7.01e-10	1.44e-09	1.67e-43
 1.92522e+15	8.71e-14	2.44e-09	8.23e-06	2.13e-03	9.98e-01	2.95e-05	0.00e+00	7.38e-15	2.21e-14	3.70e-14	7.98e-10	1.64e-09	2.74e-43
 1.98500e+15	1.05e-13	2.87e-09	9.30e-06	2.29e-03	9.98e-01	2.75e-05	0.00e+00	8.93e-15	2.68e-14	4.48e-14	9.40e-10	1.93e-09	5.14e-43
 2.04958e+15	1.28e-13	3.41e-09	1.06e-05	2.46e-03	9.97e-01	2.56e-05	0.00e+00	1.09e-14	3.27e-14	5.46e-14	1.12e-09	2.29e-09	1.01e-42
 2.10748e+15	1.52e-13	3.95e-09	1.18e-05	2.63e-03	9.97e-01	2.41e-05	0.00e+00	1.29e-14	3.88e-14	6.48e-14	1.30e-09	2.66e-09	1.79e-42
 2.16985e+15	1.82e-13	4.62e-09	1.33e-05	2.81e-03	9.97e-01	2.26e-05	0.00e+00	1.55e-14	4.65e-14	7.76e-14	1.52e-09	3.11e-09	3.30e-42
 2.24921e+15	2.27e-13	5.61e-09	1.53e-05	3.05e-03	9.97e-01	2.09e-05	0.00e+00	1.93e-14	5.80e-14	9.69e-14	1.84e-09	3.77e-09	7.11e-42
 2.32932e+15	2.80e-13	6.77e-09	1.76e-05	3.30e-03	9.97e-01	1.93e-05	0.00e+00	2.38e-14	7.16e-14	1.20e-13	2.22e-09	4.55e-09	1.50e-41
 2.39647e+15	3.31e-13	7.89e-09	1.98e-05	3.53e-03	9.96e-01	1.82e-05	0.00e+00	2.83e-14	8.48e-14	1.42e-13	2.59e-09	5.30e-09	2.74e-41
 2.46817e+15	3.96e-13	9.24e-09	2.22e-05	3.77e-03	9.96e-01	1.71e-05	0.00e+00	3.38e-14	1.01e-13	1.69e-13	3.04e-09	6.21e-09	5.14e-41
 2.55888e+15	4.92e-13	1.12e-08	2.57e-05	4.09e-03	9.96e-01	1.58e-05	0.00e+00	4.21e-14	1.26e-13	2.11e-13	3.69e-09	7.55e-09	1.10e-40
 2.65428e+15	6.10e-13	1.37e-08	2.97e-05	4.45e-03	9.96e-01	1.46e-05	0.00e+00	5.22e-14	1.57e-13	2.62e-13	4.50e-09	9.19e-09	2.41e-40
 2.74024e+15	7.36e-13	1.62e-08	3.37e-05	4.78e-03	9.95e-01	1.36e-05	0.00e+00	6.32e-14	1.90e-13	3.17e-13	5.34e-09	1.09e-08	4.73e-40
 2.83396e+15	8.99e-13	1.95e-08	3.86e-05	5.16e-03	9.95e-01	1.27e-05	0.00e+00	7.72e-14	2.32e-13	3.87e-13	6.41e-09	1.31e-08	9.75e-40
 2.94469e+15	1.12e-12	2.41e-08	4.49e-05	5.64e-03	9.94e-01	1.18e-05	0.00e+00	9.66e-14	2.90e-13	4.84e-13	7.91e-09	1.61e-08	2.23e-39
 3.05303e+15	1.38e-12	2.93e-08	5.19e-05	6.12e-03	9.94e-01	1.09e-05	0.00e+00	1.19e-13	3.57e-13	5.96e-13	9.63e-09	1.96e-08	4.82e-39
 3.15168e+15	1.67e-12	3.48e-08	5.89e-05	6.57e-03	9.93e-01	1.02e-05	0.00e+00	1.44e-13	4.31e-13	7.20e-13	1.15e-08	2.33e-08	9.49e-39
 3.26221e+15	2.04e-12	4.20e-08	6.75e-05	7.11e-03	9.93e-01	9.56e-06	0.00e+00	1.76e-13	5.28e-13	8.81e-13	1.38e-08	2.82e-08	1.99e-38
 3.39120e+15	2.55e-12	5.20e-08	7.88e-05	7.76e-03	9.92e-01	8.86e-06	0.00e+00	2.21e-13	6.62e-13	1.10e-12	1.71e-08	3.48e-08	4.55e-38
 3.51821e+15	3.15e-12	6.36e-08	9.13e-05	8.43e-03	9.91e-01	8.26e-06	0.00e+00	2.72e-13	8.18e-13	1.36e-12	2.10e-08	4.27e-08	9.87e-38
 3.63781e+15	3.80e-12	7.65e-08	1.04e-04	9.09e-03	9.91e-01	7.77e-06	0.00e+00	3.30e-13	9.89e-13	1.65e-12	2.52e-08	5.13e-08	2.00e-37
 3.77086e+15	4.67e-12	9.33e-08	1.21e-04	9.86e-03	9.90e-01	7.27e-06	0.00e+00	4.06e-13	1.22e-12	2.03e-12	3.08e-08	6.26e-08	4.28e-37
 3.89766e+15	5.61e-12	1.12e-07	1.38e-04	1.06e-02	9.89e-01	6.86e-06	0.00e+00	4.88e-13	1.46e-12	2.44e-12	3.69e-08	7.51e-08	8.54e-37
 3.99208e+15	6.32e-12	1.28e-07	1.51e-04	1.12e-02	9.89e-01	6.59e-06	0.00e+00	5.49e-13	1.65e-12	2.75e-12	4.22e-08	8.56e-08	1.41e-36
 4.08769e+15	7.26e-12	1.46e-07	1.66e-04	1.18e-02	9.88e-01	6.33e-06	0.00e+00	6.32e-13	1.90e-12	3.17e-12	4.81e-08	9.77e-08	2.31e-36
 4.21199e+15	8.69e-12	1.72e-07	1.88e-04	1.27e-02	9.87e-01	6.01e-06	0.00e+00	7.57e-13	2.27e-12	3.79e-12	5.68e-08	1.15e-07	4.33e-36
 4.34687e+15	1.04e-11	2.05e-07	2.13e-04	1.36e-02	9.86e-01	5.70e-06	0.00e+00	9.08e-13	2.73e-12	4.55e-12	6.76e-08	1.37e-07	8.29e-36
 4.46808e+15	1.22e-11	2.39e-07	2.38e-04	1.45e-02	9.85e-01	5.47e-06	0.00e+00	1.07e-12	3.20e-12	5.34e-12	7.89e-08	1.60e-07	1.45e-35
 4.59824e+15	1.45e-11	2.80e-07	2.67e-04	1.54e-02	9.84e-01	5.23e-06	0.00e+00	1.26e-12	3.79e-12	6.32e-12	9.26e-08	1.88e-07	2.64e-35
 4.76525e+15	1.79e-11	3.43e-07	3.08e-04	1.67e-02	9.83e-01	4.96e-06	0.00e+00	1.56e-12	4.69e-12	7.82e-12	1.13e-07	2.30e-07	5.52e-35
 4.93362e+15	2.18e-11	4.16e-07	3.55e-04	1.81e-02	9.82e-01	4.73e-06	0.00e+00	1.91e-12	5.72e-12	9.54e-12	1.38e-07	2.79e-07	1.12e-34
 5.07198e+15	2.55e-11	4.86e-07	3.96e-04	1.93e-02	9.80e-01	4.55e-06	0.00e+00	2.24e-12	6.72e-12	1.12e-11	1.61e-07	3.26e-07	1.95e-34
 5.21792e+15	3.04e-11	5.72e-07	4.45e-04	2.06e-02	9.79e-01	4.38e-06	0.00e+00	2.67e-12	8.00e-12	1.33e-11	1.89e-07	3.83e-07	3.49e-34
 5.40642e+15	3.77e-11	7.00e-07	5.14e-04	2.23e-02	9.77e-01	4.17e-06	0.00e+00	3.31e-12	9.94e-12	1.66e-11	2.31e-07	4.68e-07	7.24e-34
 5.60394e+15	4.66e-11	8.57e-07	5.94e-04	2.42e-02	9.75e-01	3.99e-06	0.00e+00	4.10e-12	1.23e-11	2.05e-11	2.83e-07	5.73e-07	1.48e-33
 5.77538e+15	5.60e-11	1.02e-06	6.72e-04	2.59e-02	9.73e-01	3.87e-06	0.00e+00	4.93e-12	1.48e-11	2.47e-11	3.37e-07	6.81e-07	2.69e-33
 5.95924e+15	6.81e-11	1.22e-06	7.64e-04	2.78e-02	9.71e-01	3.73e-06	0.00e+00	6.00e-12	1.80e-11	3.00e-11	4.04e-07	8.16e-07	5.08e-33
 6.18445e+15	8.60e-11	1.51e-06	8.90e-04	3.03e-02	9.69e-01	3.59e-06	0.00e+00	7.59e-12	2.28e-11	3.80e-11	5.00e-07	1.01e-06	1.06e-32
 6.40684e+15	1.06e-10	1.84e-06	1.03e-03	3.29e-02	9.66e-01	3.45e-06	0.00e+00	9.37e-12	2.81e-11	4.69e-11	6.10e-07	1.23e-06	2.10e-32
 6.59867e+15	1.28e-10	2.19e-06	1.16e-03	3.52e-02	9.64e-01	3.37e-06	0.00e+00	1.13e-11	3.39e-11	5.65e-11	7.24e-07	1.46e-06	3.72e-32
 6.80733e+15	1.57e-10	2.62e-06	1.32e-03	3.79e-02	9.61e-01	3.28e-06	0.00e+00	1.39e-11	4.16e-11	6.95e-11	8.69e-07	1.75e-06	6.87e-32
 7.06379e+15	1.98e-10	3.25e-06	1.54e-03	4.13e-02	9.57e-01	3.16e-06	0.00e+00	1.75e-11	5.25e-11	8.76e-11	1.08e-06	2.17e-06	1.38e-31
 7.31370e+15	2.46e-10	3.97e-06	1.78e-03	4.48e-02	9.53e-01	3.07e-06	0.00e+00	2.18e-11	6.53e-11	1.09e-10	1.31e-06	2.65e-06	2.65e-31
 7.50504e+15	2.89e-10	4.60e-06	1.98e-03	4.76e-02	9.50e-01	3.02e-06	0.00e+00	2.57e-11	7.71e-11	1.29e-10	1.52e-06	3.07e-06	4.24e-31
 7.68892e+15	3.41e-10	5.31e-06	2.20e-03	5.05e-02	9.47e-01	2.97e-06	0.00e+00	3.03e-11	9.09e-11	1.52e-10	1.76e-06	3.55e-06	6.78e-31
 7.92797e+15	4.20e-10	6.37e-06	2.51e-03	5.43e-02	9.43e-01	2.90e-06	0.00e+00	3.74e-11	1.12e-10	1.87e-10	2.11e-06	4.26e-06	1.23e-30
 8.16989e+15	5.04e-10	7.57e-06	2.85e-03	5.84e-02	9.39e-01	2.83e-06	0.00e+00	4.49e-11	1.35e-10	2.25e-10	2.51e-06	5.06e-06	2.10e-30
 8.37191e+15	5.99e-10	8.75e-06	3.16e-03	6.19e-02	9.35e-01	2.79e-06	0.00e+00	5.34e-11	1.60e-10	2.67e-10	2.90e-06	5.84e-06	3.28e-30
 8.59091e+15	7.12e-10	1.02e-05	3.54e-03	6.59e-02	9.31e-01	2.74e-06	0.00e+00	6.35e-11	1.91e-10	3.18e-10	3.39e-06	6.83e-06	5.37e-30
 8.83718e+15	8.58e-10	1.21e-05	4.01e-03	7.07e-02	9.25e-01	2.68e-06	0.00e+00	7.67e-11	2.30e-10	3.84e-10	4.01e-06	8.08e-06	9.00e-30
 9.07565e+15	1.04e-09	1.42e-05	4.51e-03	7.55e-02	9.20e-01	2.65e-06	0.00e+00	9.30e-11	2.79e-10	4.65e-10	4.71e-06	9.48e-06	1.46e-29
 9.34240e+15	1.28e-09	1.70e-05	5.14e-03	8.13e-02	9.14e-01	2.60e-06	0.00e+00	1.15e-10	3.45e-10	5.75e-10	5.64e-06	1.14e-05	2.53e-29
 9.62875e+15	1.57e-09	2.04e-05	5.89e-03	8.77e-02	9.06e-01	2.55e-06	0.00e+00	1.40e-10	4.21e-10	7.02e-10	6.76e-06	1.36e-05	4.33e-29
 9.87995e+15	1.88e-09	2.38e-05	6.62e-03	9.35e-02	9.00e-01	2.52e-06	0.00e+00	1.69e-10	5.07e-10	8.45e-10	7.91e-06	1.59e-05	6.79e-29
 1.01459e+16	2.32e-09	2.83e-05	7.51e-03	1.00e-01	8.92e-01	2.48e-06	0.00e+00	2.08e-10	6.24e-10	1.04e-09	9.39e-06	1.89e-05	1.14e-28
 1.04357e+16	2.83e-09	3.37e-05	8.58e-03	1.08e-01	8.84e-01	2.44e-06	0.00e+00	2.55e-10	7.64e-10	1.27e-09	1.12e-05	2.25e-05	1.87e-28
 1.07004e+16	3.43e-09	3.95e-05	9.67e-03	1.15e-01	8.75e-01	2.41e-06	0.00e+00	3.09e-10	9.28e-10	1.55e-09	1.31e-05	2.64e-05	2.93e-28
 1.09500e+16	4.10e-09	4.58e-05	1.08e-02	1.23e-01	8.66e-01	2.39e-06	0.00e+00	3.70e-10	1.11e-09	1.85e-09	1.52e-05	3.06e-05	4.47e-28
 1.12363e+16	5.03e-09	5.46e-05	1.24e-02	1.32e-01	8.56e-01	2.35e-06	0.00e+00	4.54e-10	1.36e-09	2.27e-09	1.82e-05	3.65e-05	7.36e-28
 1.15476e+16	6.31e-09	6.56e-05	1.42e-02	1.42e-01	8.44e-01	2.33e-06	0.00e+00	5.70e-10	1.71e-09	2.85e-09	2.18e-05	4.38e-05	1.22e-27
 1.18262e+16	7.60e-09	7.69e-05	1.61e-02	1.52e-01	8.32e-01	2.29e-06	0.00e+00	6.88e-10	2.06e-09	3.44e-09	2.56e-05	5.13e-05	1.87e-27
 1.20713e+16	9.01e-09	8.86e-05	1.80e-02	1.61e-01	8.21e-01	2.27e-06	0.00e+00	8.16e-10	2.45e-09	4.08e-09	2.95e-05	5.92e-05	2.74e-27
 1.23378e+16	1.10e-08	1.04e-04	2.03e-02	1.71e-01	8.08e-01	2.24e-06	0.00e+00	9.97e-10	2.99e-09	4.99e-09	3.47e-05	6.96e-05	4.31e-27
 1.26253e+16	1.36e-08	1.24e-04	2.32e-02	1.83e-01	7.93e-01	2.23e-06	0.00e+00	1.24e-09	3.71e-09	6.19e-09	4.11e-05	8.25e-05	6.79e-27
 1.28759e+16	1.64e-08	1.43e-04	2.60e-02	1.94e-01	7.80e-01	2.22e-06	0.00e+00	1.49e-09	4.46e-09	7.44e-09	4.76e-05	9.53e-05	9.90e-27
 1.31007e+16	1.93e-08	1.63e-04	2.88e-02	2.05e-01	7.66e-01	2.21e-06	0.00e+00	1.76e-09	5.27e-09	8.79e-09	5.44e-05	1.09e-04	1.42e-26
 1.33565e+16	2.33e-08	1.91e-04	3.26e-02	2.17e-01	7.50e-01	2.18e-06	0.00e+00	2.12e-09	6.36e-09	1.06e-08	6.37e-05	1.28e-04	2.17e-26
 1.36323e+16	2.89e-08	2.27e-04	3.72e-02	2.32e-01	7.31e-01	2.17e-06	0.00e+00	2.64e-09	7.91e-09	1.32e-08	7.55e-05	1.51e-04	3.42e-26
 1.38731e+16	3.50e-08	2.63e-04	4.18e-02	2.45e-01	7.13e-01	2.17e-06	0.00e+00	3.19e-09	9.57e-09	1.59e-08	8.74e-05	1.75e-04	5.00e-26
 1.40891e+16	4.11e-08	3.00e-04	4.64e-02	2.57e-01	6.96e-01	2.16e-06	0.00e+00	3.75e-09	1.12e-08	1.87e-08	9.99e-05	2.00e-04	7.07e-26
 1.43337e+16	5.09e-08	3.54e-04	5.27e-02	2.73e-01	6.74e-01	2.16e-06	0.00e+00	4.65e-09	1.40e-08	2.33e-08	1.18e-04	2.36e-04	1.13e-25
 1.45912e+16	6.22e-08	4.16e-04	6.00e-02	2.89e-01	6.51e-01	2.15e-06	0.00e+00	5.69e-09	1.71e-08	2.84e-08	1.39e-04	2.78e-04	1.70e-25
 1.48122e+16	7.49e-08	4.82e-04	6.73e-02	3.04e-01	6.28e-01	2.15e-06	0.00e+00	6.85e-09	2.05e-08	3.42e-08	1.61e-04	3.21e-04	2.51e-25
 1.50110e+16	9.05e-08	5.55e-04	7.49e-02	3.18e-01	6.06e-01	2.18e-06	0.00e+00	8.29e-09	2.49e-08	4.14e-08	1.85e-04	3.70e-04	3.70e-25
 1.52042e+16	1.06e-07	6.32e-04	8.32e-02	3.32e-01	5.84e-01	2.18e-06	5.02e-12	9.75e-09	2.92e-08	4.87e-08	2.11e-04	4.22e-04	5.22e-25
 1.54253e+16	1.32e-07	7.49e-04	9.44e-02	3.50e-01	5.55e-01	2.19e-06	0.00e+00	1.21e-08	3.64e-08	6.06e-08	2.50e-04	5.00e-04	8.55e-25
 1.56513e+16	1.64e-07	8.82e-04	1.07e-01	3.68e-01	5.24e-01	2.21e-06	0.00e+00	1.51e-08	4.52e-08	7.53e-08	2.94e-04	5.88e-04	1.33e-24
 1.58338e+16	1.96e-07	1.00e-03	1.19e-01	3.82e-01	4.98e-01	2.24e-06	6.38e-12	1.80e-08	5.39e-08	8.99e-08	3.34e-04	6.69e-04	1.89e-24
 1.59951e+16	2.31e-07	1.14e-03	1.31e-01	3.96e-01	4.72e-01	2.26e-06	0.00e+00	2.12e-08	6.37e-08	1.06e-07	3.79e-04	7.59e-04	2.72e-24
 1.61791e+16	2.79e-07	1.30e-03	1.46e-01	4.11e-01	4.42e-01	2.24e-06	0.00e+00	2.56e-08	7.69e-08	1.28e-07	4.32e-04	8.65e-04	3.91e-24
 1.63745e+16	3.42e-07	1.51e-03	1.64e-01	4.28e-01	4.07e-01	2.25e-06	0.00e+00	3.15e-08	9.45e-08	1.57e-07	5.04e-04	1.01e-03	6.12e-24
 1.65358e+16	4.12e-07	1.77e-03	1.82e-01	4.41e-01	3.75e-01	2.34e-06	0.00e+00	3.80e-08	1.14e-07	1.90e-07	5.91e-04	1.18e-03	1.03e-23
 1.66575e+16	4.69e-07	1.96e-03	1.96e-01	4.51e-01	3.51e-01	2.36e-06	1.04e-11	4.32e-08	1.30e-07	2.16e-07	6.53e-04	1.31e-03	1.39e-23
