#depth	He	He+	He+2
 1.49634e+10	1.19e-22	8.80e-12	1.00e+00
 4.54887e+10	1.34e-22	9.53e-12	1.00e+00
 7.72350e+10	1.50e-22	1.03e-11	1.00e+00
 1.10251e+11	1.69e-22	1.12e-11	1.00e+00
 1.44588e+11	1.90e-22	1.21e-11	1.00e+00
 1.80298e+11	2.14e-22	1.31e-11	1.00e+00
 2.15171e+11	2.39e-22	1.41e-11	1.00e+00
 2.48373e+11	2.66e-22	1.52e-11	1.00e+00
 2.85168e+11	2.97e-22	1.63e-11	1.00e+00
 3.25338e+11	3.36e-22	1.77e-11	1.00e+00
 3.64168e+11	3.77e-22	1.90e-11	1.00e+00
 4.05717e+11	4.23e-22	2.05e-11	1.00e+00
 4.51872e+11	4.82e-22	2.22e-11	1.00e+00
 4.98513e+11	5.47e-22	2.40e-11	1.00e+00
 5.47020e+11	6.21e-22	2.60e-11	1.00e+00
 5.98828e+11	7.10e-22	2.82e-11	1.00e+00
 6.52708e+11	8.11e-22	3.06e-11	1.00e+00
 7.08743e+11	9.29e-22	3.32e-11	1.00e+00
 7.67019e+11	1.06e-21	3.61e-11	1.00e+00
 8.27627e+11	1.22e-21	3.92e-11	1.00e+00
 8.90659e+11	1.41e-21	4.26e-11	1.00e+00
 9.56212e+11	1.62e-21	4.62e-11	1.00e+00
 1.01779e+12	1.84e-21	4.99e-11	1.00e+00
 1.07276e+12	2.06e-21	5.32e-11	1.00e+00
 1.13440e+12	2.31e-21	5.71e-11	1.00e+00
 1.20759e+12	2.67e-21	6.20e-11	1.00e+00
 1.28089e+12	3.06e-21	6.71e-11	1.00e+00
 1.34953e+12	3.46e-21	7.21e-11	1.00e+00
 1.42585e+12	3.95e-21	7.79e-11	1.00e+00
 1.51281e+12	4.58e-21	8.49e-11	1.00e+00
 1.59918e+12	5.28e-21	9.21e-11	1.00e+00
 1.68901e+12	6.08e-21	1.00e-10	1.00e+00
 1.78650e+12	7.07e-21	1.09e-10	1.00e+00
 1.88584e+12	8.19e-21	1.19e-10	1.00e+00
 1.97842e+12	9.36e-21	1.28e-10	1.00e+00
 2.06368e+12	1.05e-20	1.37e-10	1.00e+00
 2.16102e+12	1.20e-20	1.48e-10	1.00e+00
 2.27533e+12	1.39e-20	1.62e-10	1.00e+00
 2.38830e+12	1.60e-20	1.76e-10	1.00e+00
 2.49389e+12	1.82e-20	1.90e-10	1.00e+00
 2.61167e+12	2.08e-20	2.06e-10	1.00e+00
 2.74607e+12	2.43e-20	2.25e-10	1.00e+00
 2.87815e+12	2.80e-20	2.46e-10	1.00e+00
 3.01552e+12	3.22e-20	2.68e-10	1.00e+00
 3.16606e+12	3.75e-20	2.94e-10	1.00e+00
 3.31766e+12	4.34e-20	3.21e-10	1.00e+00
 3.47532e+12	5.00e-20	3.52e-10	1.00e+00
 3.64426e+12	5.81e-20	3.86e-10	1.00e+00
 3.81222e+12	6.69e-20	4.22e-10	1.00e+00
 3.98690e+12	7.68e-20	4.62e-10	1.00e+00
 4.17630e+12	8.89e-20	5.09e-10	1.00e+00
 4.37328e+12	1.03e-19	5.60e-10	1.00e+00
 4.57814e+12	1.18e-19	6.16e-10	1.00e+00
 4.79119e+12	1.36e-19	6.78e-10	1.00e+00
 4.98364e+12	1.54e-19	7.38e-10	1.00e+00
 5.14360e+12	1.70e-19	7.90e-10	1.00e+00
 5.31869e+12	1.88e-19	8.50e-10	1.00e+00
 5.54096e+12	2.13e-19	9.29e-10	1.00e+00
 5.77299e+12	2.42e-19	1.02e-09	1.00e+00
 5.97797e+12	2.69e-19	1.10e-09	1.00e+00
 6.16913e+12	2.96e-19	1.18e-09	1.00e+00
 6.38737e+12	3.29e-19	1.27e-09	1.00e+00
 6.65590e+12	3.73e-19	1.40e-09	1.00e+00
 6.92354e+12	4.22e-19	1.53e-09	1.00e+00
 7.15570e+12	4.67e-19	1.65e-09	1.00e+00
 7.40800e+12	5.18e-19	1.78e-09	1.00e+00
 7.71659e+12	5.88e-19	1.95e-09	1.00e+00
 8.03197e+12	6.66e-19	2.14e-09	1.00e+00
 8.32101e+12	7.43e-19	2.32e-09	1.00e+00
 8.64219e+12	8.35e-19	2.52e-09	1.00e+00
 9.01516e+12	9.55e-19	2.78e-09	1.00e+00
 9.38348e+12	1.09e-18	3.04e-09	1.00e+00
 9.73572e+12	1.22e-18	3.30e-09	1.00e+00
 1.01243e+13	1.39e-18	3.61e-09	1.00e+00
 1.05592e+13	1.60e-18	3.96e-09	1.00e+00
 1.09968e+13	1.83e-18	4.34e-09	1.00e+00
 1.13897e+13	2.07e-18	4.69e-09	1.00e+00
 1.17229e+13	2.29e-18	5.00e-09	1.00e+00
 1.20823e+13	2.54e-18	5.35e-09	1.00e+00
 1.25461e+13	2.90e-18	5.81e-09	1.00e+00
 1.30295e+13	3.33e-18	6.32e-09	1.00e+00
 1.34451e+13	3.73e-18	6.77e-09	1.00e+00
 1.38886e+13	4.20e-18	7.27e-09	1.00e+00
 1.44371e+13	4.85e-18	7.91e-09	1.00e+00
 1.49995e+13	5.60e-18	8.60e-09	1.00e+00
 1.55076e+13	6.35e-18	9.25e-09	1.00e+00
 1.60673e+13	7.26e-18	9.99e-09	1.00e+00
 1.66776e+13	8.38e-18	1.08e-08	1.00e+00
 1.72309e+13	9.51e-18	1.16e-08	1.00e+00
 1.78274e+13	1.09e-17	1.25e-08	1.00e+00
 1.84982e+13	1.25e-17	1.36e-08	1.00e+00
 1.91352e+13	1.43e-17	1.46e-08	1.00e+00
 1.98329e+13	1.65e-17	1.58e-08	1.00e+00
 2.06049e+13	1.92e-17	1.71e-08	1.00e+00
 2.13221e+13	2.20e-17	1.84e-08	1.00e+00
 2.21030e+13	2.54e-17	1.99e-08	1.00e+00
 2.29784e+13	2.97e-17	2.16e-08	1.00e+00
 2.38080e+13	3.43e-17	2.33e-08	1.00e+00
 2.47026e+13	3.97e-17	2.52e-08	1.00e+00
 2.56986e+13	4.67e-17	2.74e-08	1.00e+00
 2.66607e+13	5.41e-17	2.96e-08	1.00e+00
 2.76833e+13	6.30e-17	3.20e-08	1.00e+00
 2.88206e+13	7.43e-17	3.49e-08	1.00e+00
 2.99641e+13	8.70e-17	3.79e-08	1.00e+00
 3.11533e+13	1.02e-16	4.11e-08	1.00e+00
 3.24293e+13	1.20e-16	4.47e-08	1.00e+00
 3.37564e+13	1.41e-16	4.86e-08	1.00e+00
 3.50218e+13	1.64e-16	5.24e-08	1.00e+00
 3.61778e+13	1.87e-16	5.61e-08	1.00e+00
 3.72682e+13	2.11e-16	5.96e-08	1.00e+00
 3.84717e+13	2.40e-16	6.37e-08	1.00e+00
 3.98212e+13	2.76e-16	6.84e-08	1.00e+00
 4.10983e+13	3.13e-16	7.30e-08	1.00e+00
 4.24961e+13	3.59e-16	7.81e-08	1.00e+00
 4.40637e+13	4.16e-16	8.42e-08	1.00e+00
 4.55178e+13	4.73e-16	8.99e-08	1.00e+00
 4.68680e+13	5.33e-16	9.55e-08	1.00e+00
 4.84174e+13	6.07e-16	1.02e-07	1.00e+00
 5.02940e+13	7.08e-16	1.10e-07	1.00e+00
 5.21423e+13	8.18e-16	1.19e-07	1.00e+00
 5.37618e+13	9.24e-16	1.26e-07	1.00e+00
 5.55374e+13	1.05e-15	1.35e-07	1.00e+00
 5.76867e+13	1.23e-15	1.45e-07	1.00e+00
 5.98425e+13	1.42e-15	1.57e-07	1.00e+00
 6.17918e+13	1.61e-15	1.67e-07	1.00e+00
 6.39525e+13	1.85e-15	1.79e-07	1.00e+00
 6.64923e+13	2.16e-15	1.93e-07	1.00e+00
 6.90001e+13	2.50e-15	2.08e-07	1.00e+00
 7.13468e+13	2.86e-15	2.23e-07	1.00e+00
 7.39690e+13	3.30e-15	2.39e-07	1.00e+00
 7.69577e+13	3.86e-15	2.59e-07	1.00e+00
 7.99265e+13	4.48e-15	2.80e-07	1.00e+00
 8.30141e+13	5.21e-15	3.02e-07	1.00e+00
 8.63646e+13	6.10e-15	3.26e-07	1.00e+00
 8.98491e+13	7.13e-15	3.53e-07	1.00e+00
 9.32244e+13	8.25e-15	3.80e-07	1.00e+00
 9.64001e+13	9.42e-15	4.07e-07	1.00e+00
 9.99514e+13	1.09e-14	4.37e-07	1.00e+00
 1.03530e+14	1.25e-14	4.69e-07	1.00e+00
 1.06502e+14	1.40e-14	4.97e-07	1.00e+00
 1.09650e+14	1.57e-14	5.27e-07	1.00e+00
 1.13673e+14	1.81e-14	5.66e-07	1.00e+00
 1.17892e+14	2.10e-14	6.10e-07	1.00e+00
 1.21622e+14	2.37e-14	6.49e-07	1.00e+00
 1.25657e+14	2.70e-14	6.94e-07	1.00e+00
 1.30511e+14	3.15e-14	7.50e-07	1.00e+00
 1.35433e+14	3.65e-14	8.08e-07	1.00e+00
 1.40043e+14	4.17e-14	8.65e-07	1.00e+00
 1.45165e+14	4.82e-14	9.32e-07	1.00e+00
 1.50596e+14	5.58e-14	1.00e-06	1.00e+00
 1.55425e+14	6.33e-14	1.07e-06	1.00e+00
 1.60620e+14	7.22e-14	1.15e-06	1.00e+00
 1.66842e+14	8.42e-14	1.24e-06	1.00e+00
 1.72963e+14	9.72e-14	1.34e-06	1.00e+00
 1.78417e+14	1.10e-13	1.43e-06	1.00e+00
 1.84439e+14	1.26e-13	1.53e-06	1.00e+00
 1.91615e+14	1.47e-13	1.65e-06	1.00e+00
 1.98733e+14	1.70e-13	1.78e-06	1.00e+00
 2.05241e+14	1.93e-13	1.91e-06	1.00e+00
 2.12512e+14	2.22e-13	2.05e-06	1.00e+00
 2.20969e+14	2.59e-13	2.22e-06	1.00e+00
 2.29274e+14	3.00e-13	2.40e-06	1.00e+00
 2.37131e+14	3.42e-13	2.57e-06	1.00e+00
 2.45867e+14	3.95e-13	2.77e-06	1.00e+00
 2.55731e+14	4.61e-13	3.00e-06	1.00e+00
 2.65092e+14	5.30e-13	3.23e-06	1.00e+00
 2.73612e+14	6.00e-13	3.45e-06	1.00e+00
 2.83246e+14	6.87e-13	3.70e-06	1.00e+00
 2.94480e+14	7.99e-13	4.01e-06	1.00e+00
 3.05266e+14	9.18e-13	4.32e-06	1.00e+00
 3.15031e+14	1.04e-12	4.60e-06	1.00e+00
 3.24225e+14	1.16e-12	4.88e-06	1.00e+00
 3.34402e+14	1.30e-12	5.20e-06	1.00e+00
 3.45780e+14	1.48e-12	5.57e-06	1.00e+00
 3.56534e+14	1.66e-12	5.92e-06	1.00e+00
 3.68328e+14	1.88e-12	6.33e-06	1.00e+00
 3.81531e+14	2.15e-12	6.80e-06	1.00e+00
 3.93990e+14	2.42e-12	7.26e-06	1.00e+00
 4.07610e+14	2.75e-12	7.78e-06	1.00e+00
 4.22665e+14	3.16e-12	8.38e-06	1.00e+00
 4.36571e+14	3.56e-12	8.95e-06	1.00e+00
 4.51633e+14	4.04e-12	9.59e-06	1.00e+00
 4.68464e+14	4.64e-12	1.03e-05	1.00e+00
 4.84273e+14	5.24e-12	1.11e-05	1.00e+00
 5.01503e+14	5.97e-12	1.19e-05	1.00e+00
 5.20664e+14	6.86e-12	1.28e-05	1.00e+00
 5.38570e+14	7.77e-12	1.37e-05	1.00e+00
 5.58009e+14	8.86e-12	1.48e-05	1.00e+00
 5.79750e+14	1.02e-11	1.60e-05	1.00e+00
 6.00394e+14	1.16e-11	1.72e-05	1.00e+00
 6.22474e+14	1.33e-11	1.85e-05	1.00e+00
 6.47403e+14	1.54e-11	2.01e-05	1.00e+00
 6.71975e+14	1.77e-11	2.17e-05	1.00e+00
 6.97531e+14	2.04e-11	2.35e-05	1.00e+00
 7.24634e+14	2.36e-11	2.54e-05	1.00e+00
 7.47298e+14	2.65e-11	2.71e-05	1.00e+00
 7.64772e+14	2.89e-11	2.85e-05	1.00e+00
 7.83680e+14	3.18e-11	3.00e-05	1.00e+00
 8.08259e+14	3.58e-11	3.21e-05	1.00e+00
 8.34969e+14	4.06e-11	3.44e-05	1.00e+00
 8.59136e+14	4.54e-11	3.66e-05	1.00e+00
 8.85241e+14	5.11e-11	3.90e-05	1.00e+00
 9.18011e+14	5.90e-11	4.22e-05	1.00e+00
 9.50965e+14	6.79e-11	4.56e-05	1.00e+00
 9.78986e+14	7.63e-11	4.86e-05	1.00e+00
 1.00908e+15	8.63e-11	5.20e-05	1.00e+00
 1.04662e+15	1.00e-10	5.64e-05	1.00e+00
 1.08535e+15	1.16e-10	6.11e-05	1.00e+00
 1.11980e+15	1.32e-10	6.55e-05	1.00e+00
 1.15720e+15	1.51e-10	7.06e-05	1.00e+00
 1.20192e+15	1.77e-10	7.68e-05	1.00e+00
 1.24602e+15	2.06e-10	8.33e-05	1.00e+00
 1.28557e+15	2.35e-10	8.93e-05	1.00e+00
 1.32936e+15	2.70e-10	9.63e-05	1.00e+00
 1.38121e+15	3.18e-10	1.05e-04	1.00e+00
 1.43252e+15	3.72e-10	1.14e-04	1.00e+00
 1.47980e+15	4.27e-10	1.23e-04	1.00e+00
 1.53287e+15	4.97e-10	1.33e-04	1.00e+00
 1.59414e+15	5.87e-10	1.45e-04	1.00e+00
 1.65404e+15	6.88e-10	1.58e-04	1.00e+00
 1.71125e+15	7.97e-10	1.71e-04	1.00e+00
 1.77464e+15	9.33e-10	1.85e-04	1.00e+00
 1.83435e+15	1.08e-09	2.00e-04	1.00e+00
 1.87924e+15	1.19e-09	2.11e-04	1.00e+00
 1.92522e+15	1.33e-09	2.22e-04	1.00e+00
 1.98500e+15	1.52e-09	2.38e-04	1.00e+00
 2.04958e+15	1.74e-09	2.56e-04	1.00e+00
 2.10748e+15	1.96e-09	2.73e-04	1.00e+00
 2.16985e+15	2.23e-09	2.91e-04	1.00e+00
 2.24921e+15	2.61e-09	3.16e-04	1.00e+00
 2.32932e+15	3.03e-09	3.41e-04	1.00e+00
 2.39647e+15	3.43e-09	3.64e-04	1.00e+00
 2.46817e+15	3.90e-09	3.88e-04	1.00e+00
 2.55888e+15	4.56e-09	4.21e-04	1.00e+00
 2.65428e+15	5.34e-09	4.56e-04	1.00e+00
 2.74024e+15	6.13e-09	4.90e-04	1.00e+00
 2.83396e+15	7.08e-09	5.27e-04	9.99e-01
 2.94469e+15	8.35e-09	5.74e-04	9.99e-01
 3.05303e+15	9.76e-09	6.21e-04	9.99e-01
 3.15168e+15	1.12e-08	6.66e-04	9.99e-01
 3.26221e+15	1.30e-08	7.18e-04	9.99e-01
 3.39120e+15	1.53e-08	7.81e-04	9.99e-01
 3.51821e+15	1.79e-08	8.46e-04	9.99e-01
 3.63781e+15	2.06e-08	9.09e-04	9.99e-01
 3.77086e+15	2.40e-08	9.83e-04	9.99e-01
 3.89766e+15	2.76e-08	1.05e-03	9.99e-01
 3.99208e+15	3.05e-08	1.11e-03	9.99e-01
 4.08769e+15	3.37e-08	1.17e-03	9.99e-01
 4.21199e+15	3.82e-08	1.25e-03	9.99e-01
 4.34687e+15	4.36e-08	1.33e-03	9.99e-01
 4.46808e+15	4.88e-08	1.41e-03	9.99e-01
 4.59824e+15	5.50e-08	1.50e-03	9.98e-01
 4.76525e+15	6.38e-08	1.62e-03	9.98e-01
 4.93362e+15	7.37e-08	1.74e-03	9.98e-01
 5.07198e+15	8.26e-08	1.85e-03	9.98e-01
 5.21792e+15	9.30e-08	1.96e-03	9.98e-01
 5.40642e+15	1.08e-07	2.11e-03	9.98e-01
 5.60394e+15	1.25e-07	2.28e-03	9.98e-01
 5.77538e+15	1.42e-07	2.43e-03	9.98e-01
 5.95924e+15	1.61e-07	2.59e-03	9.97e-01
 6.18445e+15	1.88e-07	2.80e-03	9.97e-01
 6.40684e+15	2.17e-07	3.02e-03	9.97e-01
 6.59867e+15	2.45e-07	3.21e-03	9.97e-01
 6.80733e+15	2.79e-07	3.43e-03	9.97e-01
 7.06379e+15	3.25e-07	3.71e-03	9.96e-01
 7.31370e+15	3.74e-07	3.99e-03	9.96e-01
 7.50504e+15	4.14e-07	4.20e-03	9.96e-01
 7.68892e+15	4.59e-07	4.43e-03	9.96e-01
 7.92797e+15	5.21e-07	4.74e-03	9.95e-01
 8.16989e+15	5.88e-07	5.05e-03	9.95e-01
 8.37191e+15	6.49e-07	5.32e-03	9.95e-01
 8.59091e+15	7.23e-07	5.63e-03	9.94e-01
 8.83718e+15	8.13e-07	6.00e-03	9.94e-01
 9.07565e+15	9.07e-07	6.36e-03	9.94e-01
 9.34240e+15	1.03e-06	6.81e-03	9.93e-01
 9.62875e+15	1.16e-06	7.29e-03	9.93e-01
 9.87995e+15	1.29e-06	7.73e-03	9.92e-01
 1.01459e+16	1.46e-06	8.27e-03	9.92e-01
 1.04357e+16	1.64e-06	8.85e-03	9.91e-01
 1.07004e+16	1.83e-06	9.43e-03	9.91e-01
 1.09500e+16	2.02e-06	1.00e-02	9.90e-01
 1.12363e+16	2.29e-06	1.08e-02	9.89e-01
 1.15476e+16	2.59e-06	1.16e-02	9.88e-01
 1.18262e+16	2.89e-06	1.24e-02	9.88e-01
 1.20713e+16	3.19e-06	1.32e-02	9.87e-01
 1.23378e+16	3.58e-06	1.42e-02	9.86e-01
 1.26253e+16	4.04e-06	1.53e-02	9.85e-01
 1.28759e+16	4.47e-06	1.64e-02	9.84e-01
 1.31007e+16	4.93e-06	1.75e-02	9.82e-01
 1.33565e+16	5.54e-06	1.89e-02	9.81e-01
 1.36323e+16	6.29e-06	2.06e-02	9.79e-01
 1.38731e+16	7.02e-06	2.23e-02	9.78e-01
 1.40891e+16	7.78e-06	2.39e-02	9.76e-01
 1.43337e+16	8.89e-06	2.62e-02	9.74e-01
 1.45912e+16	1.01e-05	2.88e-02	9.71e-01
 1.48122e+16	1.14e-05	3.15e-02	9.69e-01
 1.50110e+16	1.29e-05	3.42e-02	9.66e-01
 1.52042e+16	1.44e-05	3.73e-02	9.63e-01
 1.54253e+16	1.68e-05	4.16e-02	9.58e-01
 1.56513e+16	1.96e-05	4.66e-02	9.53e-01
 1.58338e+16	2.22e-05	5.15e-02	9.48e-01
 1.59951e+16	2.53e-05	5.66e-02	9.43e-01
 1.61791e+16	2.92e-05	6.36e-02	9.36e-01
 1.63745e+16	3.46e-05	7.26e-02	9.27e-01
 1.65358e+16	4.11e-05	8.18e-02	9.18e-01
 1.66575e+16	4.63e-05	9.01e-02	9.10e-01
 1.67764e+16	5.23e-05	9.97e-02	9.00e-01
 1.69310e+16	6.24e-05	1.14e-01	8.85e-01
 1.70860e+16	7.55e-05	1.33e-01	8.67e-01
 1.71881e+16	8.76e-05	1.48e-01	8.52e-01
 1.72429e+16	9.43e-05	1.57e-01	8.43e-01
 1.72894e+16	1.01e-04	1.65e-01	8.34e-01
 1.73500e+16	1.10e-04	1.77e-01	8.22e-01
 1.74287e+16	1.24e-04	1.95e-01	8.05e-01
 1.75123e+16	1.42e-04	2.16e-01	7.84e-01
 1.75779e+16	1.57e-04	2.35e-01	7.65e-01
 1.76388e+16	1.74e-04	2.54e-01	7.46e-01
 1.77075e+16	1.96e-04	2.78e-01	7.21e-01
 1.77676e+16	2.16e-04	3.02e-01	6.98e-01
 1.78270e+16	2.41e-04	3.28e-01	6.72e-01
 1.78929e+16	2.71e-04	3.58e-01	6.41e-01
 1.79541e+16	3.02e-04	3.89e-01	6.10e-01
 1.80105e+16	3.35e-04	4.19e-01	5.80e-01
 1.80632e+16	3.67e-04	4.49e-01	5.50e-01
 1.81213e+16	4.07e-04	4.84e-01	5.15e-01
 1.81969e+16	4.61e-04	5.31e-01	4.69e-01
 1.82733e+16	5.18e-04	5.78e-01	4.22e-01
 1.83358e+16	5.69e-04	6.16e-01	3.83e-01
 1.84019e+16	6.26e-04	6.57e-01	3.43e-01
 1.84880e+16	7.00e-04	7.06e-01	2.93e-01
 1.85798e+16	7.77e-04	7.52e-01	2.47e-01
 1.86642e+16	8.48e-04	7.90e-01	2.09e-01
 1.87589e+16	9.26e-04	8.27e-01	1.72e-01
 1.88822e+16	1.02e-03	8.66e-01	1.33e-01
 1.90206e+16	1.12e-03	8.99e-01	1.00e-01
 1.91269e+16	1.20e-03	9.17e-01	8.19e-02
 1.91938e+16	1.25e-03	9.27e-01	7.22e-02
 1.92617e+16	1.29e-03	9.36e-01	6.31e-02
 1.93499e+16	1.36e-03	9.45e-01	5.33e-02
 1.94646e+16	1.44e-03	9.55e-01	4.31e-02
 1.95810e+16	1.53e-03	9.63e-01	3.54e-02
 1.96729e+16	1.60e-03	9.68e-01	3.05e-02
 1.97654e+16	1.68e-03	9.72e-01	2.61e-02
 1.98857e+16	1.79e-03	9.77e-01	2.15e-02
 1.99967e+16	1.90e-03	9.80e-01	1.83e-02
 2.00668e+16	1.98e-03	9.81e-01	1.66e-02
 2.01292e+16	2.05e-03	9.83e-01	1.52e-02
 2.02103e+16	2.14e-03	9.84e-01	1.35e-02
 2.02960e+16	2.26e-03	9.86e-01	1.20e-02
 2.03674e+16	2.36e-03	9.87e-01	1.09e-02
 2.04278e+16	2.45e-03	9.87e-01	1.01e-02
 2.04941e+16	2.56e-03	9.88e-01	9.23e-03
 2.05675e+16	2.69e-03	9.89e-01	8.40e-03
 2.06337e+16	2.82e-03	9.89e-01	7.75e-03
 2.06916e+16	2.94e-03	9.90e-01	7.22e-03
 2.07552e+16	3.09e-03	9.90e-01	6.66e-03
 2.08241e+16	3.26e-03	9.91e-01	6.13e-03
 2.08835e+16	3.42e-03	9.91e-01	5.73e-03
 2.09342e+16	3.57e-03	9.91e-01	5.40e-03
 2.09899e+16	3.75e-03	9.91e-01	5.05e-03
 2.10512e+16	3.97e-03	9.91e-01	4.71e-03
 2.11056e+16	4.18e-03	9.91e-01	4.43e-03
 2.11531e+16	4.38e-03	9.91e-01	4.21e-03
 2.12054e+16	4.62e-03	9.91e-01	3.96e-03
 2.12627e+16	4.92e-03	9.91e-01	3.72e-03
 2.13130e+16	5.21e-03	9.91e-01	3.53e-03
 2.13567e+16	5.49e-03	9.91e-01	3.36e-03
 2.14048e+16	5.82e-03	9.91e-01	3.19e-03
 2.14583e+16	6.23e-03	9.91e-01	3.01e-03
 2.15069e+16	6.66e-03	9.90e-01	2.87e-03
 2.15498e+16	7.08e-03	9.90e-01	2.74e-03
 2.15974e+16	7.61e-03	9.90e-01	2.60e-03
 2.16511e+16	8.29e-03	9.89e-01	2.46e-03
 2.17012e+16	9.04e-03	9.89e-01	2.34e-03
 2.17453e+16	9.80e-03	9.88e-01	2.24e-03
 2.17865e+16	1.06e-02	9.87e-01	2.14e-03
 2.18334e+16	1.17e-02	9.86e-01	2.04e-03
 2.18809e+16	1.30e-02	9.85e-01	1.95e-03
 2.19170e+16	1.42e-02	9.84e-01	1.88e-03
 2.19453e+16	1.53e-02	9.83e-01	1.83e-03
 2.19758e+16	1.66e-02	9.82e-01	1.77e-03
 2.20154e+16	1.85e-02	9.80e-01	1.70e-03
 2.20542e+16	2.09e-02	9.77e-01	1.64e-03
 2.20812e+16	2.31e-02	9.75e-01	1.60e-03
 2.21014e+16	2.48e-02	9.74e-01	1.57e-03
 2.21231e+16	2.70e-02	9.71e-01	1.54e-03
 2.21513e+16	3.01e-02	9.68e-01	1.50e-03
 2.21803e+16	3.41e-02	9.64e-01	1.47e-03
 2.22027e+16	3.81e-02	9.61e-01	1.44e-03
 2.22201e+16	4.14e-02	9.57e-01	1.42e-03
 2.22387e+16	4.56e-02	9.53e-01	1.41e-03
 2.22629e+16	5.19e-02	9.47e-01	1.38e-03
 2.22868e+16	5.97e-02	9.39e-01	1.37e-03
 2.23041e+16	6.68e-02	9.32e-01	1.36e-03
 2.23173e+16	7.27e-02	9.26e-01	1.36e-03
 2.23315e+16	8.00e-02	9.19e-01	1.36e-03
 2.23499e+16	9.08e-02	9.08e-01	1.36e-03
 2.23682e+16	1.04e-01	8.95e-01	1.37e-03
 2.23817e+16	1.16e-01	8.83e-01	1.38e-03
 2.23925e+16	1.26e-01	8.73e-01	1.39e-03
 2.24027e+16	1.36e-01	8.62e-01	1.40e-03
 2.24127e+16	1.48e-01	8.51e-01	1.42e-03
 2.24225e+16	1.60e-01	8.38e-01	1.43e-03
 2.24316e+16	1.73e-01	8.26e-01	1.45e-03
 2.24384e+16	1.83e-01	8.15e-01	1.46e-03
 2.24428e+16	1.90e-01	8.08e-01	1.47e-03
 2.24469e+16	1.97e-01	8.01e-01	1.48e-03
 2.24518e+16	2.06e-01	7.93e-01	1.48e-03
 2.24571e+16	2.16e-01	7.83e-01	1.49e-03
 2.24622e+16	2.25e-01	7.73e-01	1.50e-03
 2.24670e+16	2.34e-01	7.64e-01	1.52e-03
 2.24717e+16	2.45e-01	7.54e-01	1.52e-03
 2.24764e+16	2.55e-01	7.44e-01	1.54e-03
 2.24811e+16	2.66e-01	7.33e-01	1.54e-03
 2.24857e+16	2.76e-01	7.22e-01	1.56e-03
 2.24903e+16	2.88e-01	7.11e-01	1.57e-03
 2.24949e+16	3.00e-01	6.99e-01	1.58e-03
 2.24993e+16	3.11e-01	6.87e-01	1.59e-03
 2.25037e+16	3.23e-01	6.75e-01	1.60e-03
 2.25082e+16	3.36e-01	6.62e-01	1.60e-03
 2.25125e+16	3.49e-01	6.50e-01	1.61e-03
 2.25168e+16	3.62e-01	6.36e-01	1.62e-03
 2.25211e+16	3.75e-01	6.23e-01	1.63e-03
 2.25253e+16	3.89e-01	6.10e-01	1.64e-03
 2.25296e+16	4.03e-01	5.95e-01	1.64e-03
 2.25337e+16	4.17e-01	5.82e-01	1.65e-03
 2.25378e+16	4.31e-01	5.67e-01	1.65e-03
 2.25419e+16	4.45e-01	5.53e-01	1.65e-03
 2.25459e+16	4.60e-01	5.39e-01	1.66e-03
 2.25500e+16	4.75e-01	5.24e-01	1.66e-03
 2.25539e+16	4.89e-01	5.09e-01	1.66e-03
 2.25578e+16	5.04e-01	4.95e-01	1.66e-03
 2.25617e+16	5.19e-01	4.80e-01	1.66e-03
 2.25655e+16	5.33e-01	4.65e-01	1.65e-03
 2.25693e+16	5.48e-01	4.51e-01	1.65e-03
 2.25730e+16	5.62e-01	4.36e-01	1.64e-03
 2.25766e+16	5.76e-01	4.22e-01	1.63e-03
 2.25801e+16	5.90e-01	4.09e-01	1.63e-03
 2.25836e+16	6.03e-01	3.95e-01	1.62e-03
 2.25871e+16	6.17e-01	3.82e-01	1.61e-03
 2.25905e+16	6.30e-01	3.68e-01	1.60e-03
 2.25939e+16	6.43e-01	3.56e-01	1.59e-03
 2.25972e+16	6.55e-01	3.43e-01	1.57e-03
 2.26005e+16	6.68e-01	3.31e-01	1.55e-03
 2.26038e+16	6.80e-01	3.19e-01	1.54e-03
 2.26070e+16	6.92e-01	3.07e-01	1.52e-03
 2.26102e+16	7.03e-01	2.95e-01	1.50e-03
 2.26134e+16	7.15e-01	2.84e-01	1.48e-03
 2.26165e+16	7.26e-01	2.73e-01	1.46e-03
 2.26196e+16	7.36e-01	2.62e-01	1.44e-03
 2.26227e+16	7.47e-01	2.52e-01	1.42e-03
 2.26259e+16	7.57e-01	2.42e-01	1.39e-03
 2.26290e+16	7.67e-01	2.32e-01	1.37e-03
 2.26321e+16	7.76e-01	2.22e-01	1.35e-03
 2.26352e+16	7.85e-01	2.13e-01	1.32e-03
 2.26383e+16	7.95e-01	2.04e-01	1.29e-03
 2.26414e+16	8.03e-01	1.95e-01	1.26e-03
 2.26446e+16	8.12e-01	1.87e-01	1.23e-03
 2.26473e+16	8.19e-01	1.80e-01	1.21e-03
 2.26493e+16	8.24e-01	1.75e-01	1.19e-03
 2.26512e+16	8.29e-01	1.70e-01	1.17e-03
 2.26531e+16	8.34e-01	1.65e-01	1.15e-03
 2.26551e+16	8.39e-01	1.60e-01	1.13e-03
 2.26571e+16	8.43e-01	1.56e-01	1.11e-03
 2.26590e+16	8.47e-01	1.51e-01	1.09e-03
 2.26608e+16	8.51e-01	1.47e-01	1.07e-03
 2.26626e+16	8.55e-01	1.44e-01	1.05e-03
 2.26644e+16	8.59e-01	1.40e-01	1.03e-03
 2.26662e+16	8.63e-01	1.36e-01	1.01e-03
 2.26680e+16	8.66e-01	1.33e-01	9.97e-04
 2.26697e+16	8.69e-01	1.30e-01	9.80e-04
 2.26714e+16	8.73e-01	1.26e-01	9.63e-04
 2.26731e+16	8.76e-01	1.23e-01	9.46e-04
 2.26748e+16	8.79e-01	1.20e-01	9.29e-04
 2.26765e+16	8.82e-01	1.18e-01	9.13e-04
 2.26782e+16	8.84e-01	1.15e-01	8.96e-04
 2.26799e+16	8.87e-01	1.12e-01	8.80e-04
 2.26816e+16	8.90e-01	1.09e-01	8.64e-04
 2.26834e+16	8.92e-01	1.07e-01	8.48e-04
 2.26852e+16	8.95e-01	1.04e-01	8.31e-04
 2.26870e+16	8.98e-01	1.02e-01	8.15e-04
 2.26889e+16	9.00e-01	9.90e-02	7.98e-04
 2.26909e+16	9.03e-01	9.64e-02	7.81e-04
 2.26931e+16	9.05e-01	9.38e-02	7.64e-04
 2.26954e+16	9.08e-01	9.11e-02	7.46e-04
 2.26979e+16	9.11e-01	8.83e-02	7.26e-04
 2.27008e+16	9.14e-01	8.52e-02	7.04e-04
 2.27042e+16	9.17e-01	8.19e-02	6.80e-04
 2.27080e+16	9.21e-01	7.86e-02	6.56e-04
 2.27117e+16	9.24e-01	7.56e-02	6.33e-04
 2.27155e+16	9.27e-01	7.28e-02	6.10e-04
 2.27193e+16	9.29e-01	7.01e-02	5.89e-04
 2.27233e+16	9.32e-01	6.76e-02	5.68e-04
 2.27272e+16	9.34e-01	6.54e-02	5.49e-04
 2.27308e+16	9.36e-01	6.36e-02	5.33e-04
 2.27340e+16	9.37e-01	6.20e-02	5.20e-04
 2.27376e+16	9.39e-01	6.04e-02	5.04e-04
 2.27414e+16	9.41e-01	5.89e-02	4.92e-04
 2.27449e+16	9.42e-01	5.77e-02	4.80e-04
 2.27488e+16	9.43e-01	5.63e-02	4.67e-04
 2.27529e+16	9.44e-01	5.51e-02	4.57e-04
 2.27567e+16	9.45e-01	5.41e-02	4.47e-04
 2.27608e+16	9.47e-01	5.31e-02	4.36e-04
 2.27661e+16	9.48e-01	5.19e-02	4.25e-04
 2.27719e+16	9.49e-01	5.09e-02	4.15e-04
 2.27772e+16	9.50e-01	5.00e-02	4.06e-04
 2.27830e+16	9.51e-01	4.90e-02	3.95e-04
 2.27905e+16	9.52e-01	4.81e-02	3.85e-04
 2.27986e+16	9.52e-01	4.73e-02	3.76e-04
 2.28059e+16	9.53e-01	4.66e-02	3.68e-04
 2.28140e+16	9.54e-01	4.59e-02	3.59e-04
 2.28245e+16	9.55e-01	4.51e-02	3.50e-04
 2.28358e+16	9.55e-01	4.44e-02	3.41e-04
 2.28462e+16	9.56e-01	4.39e-02	3.34e-04
 2.28575e+16	9.56e-01	4.33e-02	3.25e-04
 2.28721e+16	9.57e-01	4.26e-02	3.15e-04
 2.28880e+16	9.58e-01	4.19e-02	3.05e-04
 2.29024e+16	9.58e-01	4.13e-02	2.97e-04
 2.29156e+16	9.59e-01	4.08e-02	2.89e-04
 2.29300e+16	9.60e-01	4.02e-02	2.81e-04
 2.29455e+16	9.60e-01	3.97e-02	2.73e-04
 2.29596e+16	9.61e-01	3.91e-02	2.65e-04
 2.29725e+16	9.61e-01	3.87e-02	2.59e-04
 2.29866e+16	9.62e-01	3.81e-02	2.51e-04
 2.30018e+16	9.62e-01	3.76e-02	2.44e-04
 2.30157e+16	9.63e-01	3.71e-02	2.38e-04
 2.30283e+16	9.63e-01	3.67e-02	2.32e-04
 2.30421e+16	9.64e-01	3.62e-02	2.26e-04
 2.30570e+16	9.64e-01	3.57e-02	2.19e-04
 2.30706e+16	9.65e-01	3.52e-02	2.14e-04
 2.30829e+16	9.65e-01	3.48e-02	2.09e-04
 2.30964e+16	9.65e-01	3.43e-02	2.03e-04
 2.31111e+16	9.66e-01	3.39e-02	1.97e-04
 2.31244e+16	9.66e-01	3.35e-02	1.92e-04
 2.31364e+16	9.67e-01	3.31e-02	1.88e-04
 2.31497e+16	9.67e-01	3.26e-02	1.83e-04
 2.31640e+16	9.68e-01	3.22e-02	1.78e-04
 2.31770e+16	9.68e-01	3.18e-02	1.74e-04
 2.31913e+16	9.68e-01	3.14e-02	1.69e-04
 2.32067e+16	9.69e-01	3.09e-02	1.64e-04
 2.32207e+16	9.69e-01	3.05e-02	1.60e-04
 2.32335e+16	9.70e-01	3.02e-02	1.56e-04
 2.32475e+16	9.70e-01	2.97e-02	1.51e-04
 2.32626e+16	9.71e-01	2.93e-02	1.47e-04
 2.32763e+16	9.71e-01	2.90e-02	1.44e-04
 2.32913e+16	9.71e-01	2.85e-02	1.39e-04
 2.33076e+16	9.72e-01	2.81e-02	1.35e-04
 2.33224e+16	9.72e-01	2.78e-02	1.32e-04
 2.33386e+16	9.73e-01	2.73e-02	1.28e-04
 2.33561e+16	9.73e-01	2.69e-02	1.24e-04
 2.33720e+16	9.73e-01	2.66e-02	1.21e-04
 2.33865e+16	9.74e-01	2.62e-02	1.18e-04
 2.34023e+16	9.74e-01	2.58e-02	1.14e-04
 2.34195e+16	9.74e-01	2.55e-02	1.11e-04
 2.34351e+16	9.75e-01	2.51e-02	1.08e-04
 2.34521e+16	9.75e-01	2.47e-02	1.04e-04
 2.34706e+16	9.76e-01	2.43e-02	1.01e-04
 2.34874e+16	9.76e-01	2.40e-02	9.84e-05
 2.35026e+16	9.76e-01	2.37e-02	9.58e-05
 2.35194e+16	9.77e-01	2.33e-02	9.30e-05
 2.35375e+16	9.77e-01	2.30e-02	9.03e-05
 2.35539e+16	9.77e-01	2.27e-02	8.78e-05
 2.35719e+16	9.78e-01	2.23e-02	8.51e-05
 2.35914e+16	9.78e-01	2.20e-02	8.24e-05
 2.36091e+16	9.78e-01	2.16e-02	8.00e-05
 2.36285e+16	9.79e-01	2.13e-02	7.74e-05
 2.36494e+16	9.79e-01	2.09e-02	7.48e-05
 2.36685e+16	9.79e-01	2.06e-02	7.26e-05
 2.36858e+16	9.80e-01	2.03e-02	7.06e-05
 2.37048e+16	9.80e-01	2.00e-02	6.84e-05
 2.37253e+16	9.80e-01	1.97e-02	6.62e-05
 2.37440e+16	9.81e-01	1.94e-02	6.43e-05
 2.37645e+16	9.81e-01	1.91e-02	6.22e-05
 2.37865e+16	9.81e-01	1.87e-02	6.01e-05
 2.38066e+16	9.81e-01	1.84e-02	5.83e-05
 2.38287e+16	9.82e-01	1.81e-02	5.63e-05
 2.38524e+16	9.82e-01	1.78e-02	5.43e-05
 2.38741e+16	9.82e-01	1.75e-02	5.26e-05
 2.38938e+16	9.83e-01	1.72e-02	5.10e-05
 2.39153e+16	9.83e-01	1.70e-02	4.93e-05
 2.39386e+16	9.83e-01	1.67e-02	4.77e-05
 2.39598e+16	9.84e-01	1.64e-02	4.62e-05
 2.39830e+16	9.84e-01	1.61e-02	4.46e-05
 2.40081e+16	9.84e-01	1.58e-02	4.30e-05
 2.40309e+16	9.84e-01	1.56e-02	4.17e-05
 2.40559e+16	9.85e-01	1.53e-02	4.01e-05
 2.40829e+16	9.85e-01	1.50e-02	3.86e-05
 2.41075e+16	9.85e-01	1.47e-02	3.73e-05
 2.41344e+16	9.86e-01	1.44e-02	3.59e-05
 2.41635e+16	9.86e-01	1.41e-02	3.45e-05
 2.41899e+16	9.86e-01	1.39e-02	3.33e-05
 2.42189e+16	9.86e-01	1.36e-02	3.19e-05
 2.42502e+16	9.87e-01	1.33e-02	3.06e-05
 2.42786e+16	9.87e-01	1.31e-02	2.95e-05
 2.43045e+16	9.87e-01	1.29e-02	2.85e-05
 2.43329e+16	9.87e-01	1.26e-02	2.74e-05
 2.43636e+16	9.88e-01	1.23e-02	2.64e-05
 2.43915e+16	9.88e-01	1.21e-02	2.54e-05
 2.44220e+16	9.88e-01	1.19e-02	2.44e-05
 2.44550e+16	9.88e-01	1.16e-02	2.34e-05
 2.44850e+16	9.89e-01	1.14e-02	2.26e-05
 2.45179e+16	9.89e-01	1.12e-02	2.16e-05
 2.45534e+16	9.89e-01	1.09e-02	2.07e-05
 2.45858e+16	9.89e-01	1.07e-02	1.99e-05
 2.46212e+16	9.90e-01	1.05e-02	1.90e-05
 2.46594e+16	9.90e-01	1.02e-02	1.81e-05
 2.46942e+16	9.90e-01	1.00e-02	1.74e-05
 2.47323e+16	9.90e-01	9.77e-03	1.66e-05
 2.47735e+16	9.90e-01	9.53e-03	1.58e-05
 2.48109e+16	9.91e-01	9.33e-03	1.51e-05
 2.48520e+16	9.91e-01	9.10e-03	1.44e-05
 2.48963e+16	9.91e-01	8.87e-03	1.37e-05
 2.49366e+16	9.91e-01	8.67e-03	1.31e-05
 2.49808e+16	9.92e-01	8.44e-03	1.24e-05
 2.50285e+16	9.92e-01	8.22e-03	1.18e-05
 2.50719e+16	9.92e-01	8.02e-03	1.13e-05
 2.51195e+16	9.92e-01	7.81e-03	1.07e-05
 2.51708e+16	9.92e-01	7.59e-03	1.01e-05
 2.52175e+16	9.93e-01	7.40e-03	9.59e-06
 2.52687e+16	9.93e-01	7.19e-03	9.06e-06
 2.53240e+16	9.93e-01	6.98e-03	8.55e-06
 2.53743e+16	9.93e-01	6.80e-03	8.12e-06
 2.54295e+16	9.93e-01	6.60e-03	7.65e-06
 2.55011e+16	9.94e-01	6.34e-03	7.08e-06
 2.55833e+16	9.94e-01	6.08e-03	6.50e-06
 2.56664e+16	9.94e-01	5.83e-03	5.98e-06
 2.57511e+16	9.94e-01	5.58e-03	5.50e-06
 2.58395e+16	9.95e-01	5.34e-03	5.04e-06
 2.59315e+16	9.95e-01	5.11e-03	4.61e-06
 2.60268e+16	9.95e-01	4.87e-03	4.21e-06
 2.61255e+16	9.95e-01	4.65e-03	3.83e-06
 2.62270e+16	9.96e-01	4.43e-03	3.48e-06
 2.63303e+16	9.96e-01	4.22e-03	3.17e-06
 2.64353e+16	9.96e-01	4.02e-03	2.88e-06
 2.65423e+16	9.96e-01	3.83e-03	2.62e-06
 2.66513e+16	9.96e-01	3.65e-03	2.37e-06
 2.67624e+16	9.97e-01	3.48e-03	2.15e-06
 2.68755e+16	9.97e-01	3.31e-03	1.95e-06
 2.69907e+16	9.97e-01	3.15e-03	1.77e-06
 2.71063e+16	9.97e-01	3.00e-03	1.60e-06
 2.72235e+16	9.97e-01	2.85e-03	1.45e-06
 2.73450e+16	9.97e-01	2.71e-03	1.31e-06
 2.74696e+16	9.97e-01	2.57e-03	1.18e-06
 2.75961e+16	9.98e-01	2.44e-03	1.07e-06
 2.77247e+16	9.98e-01	2.31e-03	9.63e-07
 2.78559e+16	9.98e-01	2.20e-03	8.67e-07
 2.79895e+16	9.98e-01	2.08e-03	7.79e-07
 2.81257e+16	9.98e-01	1.97e-03	7.00e-07
 2.82645e+16	9.98e-01	1.87e-03	6.28e-07
 2.84062e+16	9.98e-01	1.77e-03	5.63e-07
 2.85508e+16	9.98e-01	1.67e-03	5.04e-07
 2.86984e+16	9.98e-01	1.58e-03	4.50e-07
 2.88490e+16	9.99e-01	1.49e-03	4.02e-07
 2.90029e+16	9.99e-01	1.41e-03	3.58e-07
 2.91600e+16	9.99e-01	1.33e-03	3.18e-07
 2.93206e+16	9.99e-01	1.25e-03	2.83e-07
 2.94849e+16	9.99e-01	1.18e-03	2.51e-07
 2.96530e+16	9.99e-01	1.11e-03	2.22e-07
 2.98251e+16	9.99e-01	1.04e-03	1.96e-07
 3.00014e+16	9.99e-01	9.75e-04	1.73e-07
 3.01821e+16	9.99e-01	9.14e-04	1.52e-07
 3.03676e+16	9.99e-01	8.55e-04	1.33e-07
 3.05579e+16	9.99e-01	8.00e-04	1.16e-07
 3.07535e+16	9.99e-01	7.47e-04	1.01e-07
 3.09550e+16	9.99e-01	6.97e-04	8.81e-08
 3.11626e+16	9.99e-01	6.49e-04	7.65e-08
 3.13721e+16	9.99e-01	6.04e-04	6.63e-08
 3.15873e+16	9.99e-01	5.61e-04	5.72e-08
 3.18157e+16	9.99e-01	5.19e-04	4.90e-08
 3.20543e+16	1.00e+00	4.79e-04	4.17e-08
 3.23007e+16	1.00e+00	4.41e-04	3.53e-08
 3.25561e+16	1.00e+00	4.05e-04	2.98e-08
 3.28227e+16	1.00e+00	3.71e-04	2.49e-08
 3.31018e+16	1.00e+00	3.38e-04	2.07e-08
 3.33949e+16	1.00e+00	3.07e-04	1.71e-08
 3.37040e+16	1.00e+00	2.78e-04	1.39e-08
 3.40307e+16	1.00e+00	2.50e-04	1.13e-08
 3.43787e+16	1.00e+00	2.23e-04	8.97e-09
 3.47508e+16	1.00e+00	1.98e-04	7.05e-09
 3.51483e+16	1.00e+00	1.75e-04	5.46e-09
 3.55775e+16	1.00e+00	1.52e-04	4.14e-09
 3.60462e+16	1.00e+00	1.31e-04	3.07e-09
 3.65638e+16	1.00e+00	1.11e-04	2.21e-09
 3.71336e+16	1.00e+00	9.33e-05	1.55e-09
 3.77906e+16	1.00e+00	7.59e-05	1.02e-09
 3.85510e+16	1.00e+00	6.00e-05	6.39e-10
 3.93695e+16	1.00e+00	4.68e-05	3.89e-10
 4.02020e+16	1.00e+00	3.65e-05	2.37e-10
 4.10303e+16	1.00e+00	2.85e-05	1.45e-10
 4.18624e+16	1.00e+00	2.24e-05	8.98e-11
 4.27117e+16	1.00e+00	1.75e-05	5.51e-11
 4.35827e+16	1.00e+00	1.36e-05	3.37e-11
 4.44732e+16	1.00e+00	1.06e-05	2.05e-11
 4.53824e+16	1.00e+00	8.27e-06	1.25e-11
 4.63163e+16	1.00e+00	6.42e-06	7.59e-12
 4.72817e+16	1.00e+00	4.96e-06	4.57e-12
 4.82799e+16	1.00e+00	3.82e-06	2.73e-12
 4.93092e+16	1.00e+00	2.94e-06	1.62e-12
 5.03766e+16	1.00e+00	2.25e-06	9.54e-13
 5.14904e+16	1.00e+00	1.71e-06	5.55e-13
 5.26522e+16	1.00e+00	1.29e-06	3.20e-13
 5.38727e+16	1.00e+00	9.72e-07	1.81e-13
 5.51617e+16	1.00e+00	7.23e-07	1.01e-13
 5.65258e+16	1.00e+00	5.32e-07	5.48e-14
 5.79778e+16	1.00e+00	3.87e-07	2.91e-14
 5.95108e+16	1.00e+00	2.79e-07	1.52e-14
 6.10768e+16	1.00e+00	2.02e-07	7.99e-15
 6.26428e+16	1.00e+00	1.48e-07	4.27e-15
 6.42089e+16	1.00e+00	1.09e-07	2.31e-15
 6.57749e+16	1.00e+00	8.04e-08	1.27e-15
 6.73409e+16	1.00e+00	6.00e-08	7.11e-16
 6.89069e+16	1.00e+00	4.51e-08	4.02e-16
 7.07079e+16	1.00e+00	3.25e-08	2.09e-16
 7.27744e+16	1.00e+00	2.27e-08	1.02e-16
 7.49777e+16	1.00e+00	1.56e-08	4.85e-17
 7.73323e+16	1.00e+00	1.06e-08	2.25e-17
 7.97672e+16	1.00e+00	7.24e-09	1.04e-17
 8.22373e+16	1.00e+00	4.96e-09	4.92e-18
 8.47073e+16	1.00e+00	3.44e-09	2.37e-18
 8.72831e+16	1.00e+00	2.37e-09	1.12e-18
 9.00177e+16	1.00e+00	1.62e-09	5.23e-19
 9.28325e+16	1.00e+00	1.10e-09	2.44e-19
 9.56746e+16	1.00e+00	7.58e-10	1.15e-19
 9.85166e+16	1.00e+00	5.26e-10	5.57e-20
 1.01359e+17	1.00e+00	3.69e-10	2.75e-20
 1.04201e+17	1.00e+00	2.61e-10	1.38e-20
 1.07043e+17	1.00e+00	1.87e-10	7.03e-21
 1.09885e+17	1.00e+00	1.34e-10	0.00e+00
 1.12727e+17	1.00e+00	9.75e-11	0.00e+00
 1.15669e+17	1.00e+00	7.03e-11	0.00e+00
 1.18751e+17	1.00e+00	5.05e-11	0.00e+00
 1.21836e+17	1.00e+00	3.66e-11	0.00e+00
 1.24839e+17	1.00e+00	2.70e-11	0.00e+00
 1.27755e+17	1.00e+00	2.03e-11	0.00e+00
 1.30606e+17	1.00e+00	1.54e-11	0.00e+00
 1.33385e+17	1.00e+00	1.19e-11	0.00e+00
 1.36072e+17	1.00e+00	9.40e-12	0.00e+00
 1.38663e+17	1.00e+00	7.53e-12	0.00e+00
 1.41153e+17	1.00e+00	6.14e-12	0.00e+00
 1.43538e+17	1.00e+00	5.09e-12	0.00e+00
 1.45815e+17	1.00e+00	4.29e-12	0.00e+00
 1.47985e+17	1.00e+00	3.68e-12	0.00e+00
 1.50051e+17	1.00e+00	3.21e-12	0.00e+00
 1.52013e+17	1.00e+00	2.83e-12	0.00e+00
 1.53875e+17	1.00e+00	2.53e-12	0.00e+00
 1.55640e+17	1.00e+00	2.30e-12	0.00e+00
 1.57313e+17	1.00e+00	2.10e-12	0.00e+00
 1.58898e+17	1.00e+00	1.95e-12	0.00e+00
 1.60399e+17	1.00e+00	1.82e-12	0.00e+00
 1.61821e+17	1.00e+00	1.71e-12	0.00e+00
 1.63167e+17	1.00e+00	1.62e-12	0.00e+00
 1.64442e+17	1.00e+00	1.55e-12	0.00e+00
 1.65649e+17	1.00e+00	1.48e-12	0.00e+00
 1.66793e+17	1.00e+00	1.43e-12	0.00e+00
 1.67876e+17	1.00e+00	1.38e-12	0.00e+00
 1.68904e+17	1.00e+00	1.34e-12	0.00e+00
 1.69878e+17	1.00e+00	1.30e-12	0.00e+00
 1.70801e+17	1.00e+00	1.27e-12	0.00e+00
 1.71676e+17	1.00e+00	1.25e-12	0.00e+00
 1.72506e+17	1.00e+00	1.22e-12	0.00e+00
 1.73295e+17	1.00e+00	1.20e-12	0.00e+00
 1.74045e+17	1.00e+00	1.18e-12	0.00e+00
 1.74757e+17	1.00e+00	1.17e-12	0.00e+00
 1.75433e+17	1.00e+00	1.15e-12	0.00e+00
 1.76076e+17	1.00e+00	1.14e-12	0.00e+00
 1.76688e+17	1.00e+00	1.13e-12	0.00e+00
 1.77270e+17	1.00e+00	1.11e-12	0.00e+00
 1.77825e+17	1.00e+00	1.10e-12	0.00e+00
 1.78354e+17	1.00e+00	1.10e-12	0.00e+00
 1.78859e+17	1.00e+00	1.09e-12	0.00e+00
 1.79340e+17	1.00e+00	1.08e-12	0.00e+00
 1.79800e+17	1.00e+00	1.07e-12	0.00e+00
 1.80239e+17	1.00e+00	1.07e-12	0.00e+00
 1.80659e+17	1.00e+00	1.06e-12	0.00e+00
 1.81062e+17	1.00e+00	1.05e-12	0.00e+00
 1.81449e+17	1.00e+00	1.05e-12	0.00e+00
 1.81820e+17	1.00e+00	1.04e-12	0.00e+00
 1.82176e+17	1.00e+00	1.04e-12	0.00e+00
 1.82519e+17	1.00e+00	1.04e-12	0.00e+00
 1.82850e+17	1.00e+00	1.03e-12	0.00e+00
 1.83170e+17	1.00e+00	1.03e-12	0.00e+00
 1.83479e+17	1.00e+00	1.02e-12	0.00e+00
 1.83779e+17	1.00e+00	1.02e-12	0.00e+00
 1.84071e+17	1.00e+00	1.02e-12	0.00e+00
 1.84356e+17	1.00e+00	1.01e-12	0.00e+00
 1.84635e+17	1.00e+00	1.01e-12	0.00e+00
 1.84908e+17	1.00e+00	1.01e-12	0.00e+00
 1.85178e+17	1.00e+00	1.01e-12	0.00e+00
 1.85445e+17	1.00e+00	1.00e-12	0.00e+00
 1.85710e+17	1.00e+00	1.00e-12	0.00e+00
 1.85976e+17	1.00e+00	9.98e-13	0.00e+00
 1.86243e+17	1.00e+00	9.95e-13	0.00e+00
 1.86514e+17	1.00e+00	9.92e-13	0.00e+00
 1.86790e+17	1.00e+00	9.90e-13	0.00e+00
 1.87075e+17	1.00e+00	9.87e-13	0.00e+00
 1.87372e+17	1.00e+00	9.84e-13	0.00e+00
 1.87685e+17	1.00e+00	9.80e-13	0.00e+00
 1.88020e+17	1.00e+00	9.77e-13	0.00e+00
 1.88383e+17	1.00e+00	9.73e-13	0.00e+00
 1.88785e+17	1.00e+00	9.68e-13	0.00e+00
 1.89238e+17	1.00e+00	9.63e-13	0.00e+00
 1.89763e+17	1.00e+00	9.57e-13	0.00e+00
 1.90389e+17	1.00e+00	9.49e-13	0.00e+00
 1.91159e+17	1.00e+00	9.39e-13	0.00e+00
 1.92143e+17	1.00e+00	9.25e-13	0.00e+00
 1.93422e+17	1.00e+00	9.05e-13	0.00e+00
 1.95085e+17	1.00e+00	8.77e-13	0.00e+00
 1.97246e+17	1.00e+00	8.38e-13	0.00e+00
 2.00056e+17	1.00e+00	7.87e-13	0.00e+00
 2.03709e+17	1.00e+00	7.20e-13	0.00e+00
 2.08458e+17	1.00e+00	6.38e-13	0.00e+00
 2.14632e+17	1.00e+00	5.41e-13	0.00e+00
 2.22484e+17	1.00e+00	4.34e-13	0.00e+00
 2.31384e+17	1.00e+00	3.36e-13	0.00e+00
 2.40639e+17	1.00e+00	2.96e-13	0.00e+00
 2.50264e+17	1.00e+00	2.68e-13	0.00e+00
 2.60275e+17	1.00e+00	2.43e-13	0.00e+00
 2.70686e+17	1.00e+00	2.19e-13	0.00e+00
 2.81514e+17	1.00e+00	1.96e-13	0.00e+00
 2.92774e+17	1.00e+00	1.74e-13	0.00e+00
 3.04485e+17	1.00e+00	1.53e-13	0.00e+00
 3.16665e+17	1.00e+00	1.33e-13	0.00e+00
 3.29051e+17	1.00e+00	1.14e-13	0.00e+00
 3.40969e+17	1.00e+00	1.03e-13	0.00e+00
 3.51762e+17	1.00e+00	1.02e-13	0.00e+00
 3.61428e+17	1.00e+00	1.07e-13	0.00e+00
 3.70404e+17	1.00e+00	1.07e-13	0.00e+00
 3.78950e+17	1.00e+00	1.03e-13	0.00e+00
 3.87015e+17	1.00e+00	9.54e-14	0.00e+00
 3.94327e+17	1.00e+00	8.97e-14	0.00e+00
 4.00718e+17	1.00e+00	8.64e-14	0.00e+00
 4.05681e+17	1.00e+00	8.37e-14	0.00e+00
 4.08778e+17	1.00e+00	8.66e-14	0.00e+00
 4.10496e+17	1.00e+00	9.04e-14	0.00e+00
 4.11493e+17	1.00e+00	9.28e-14	0.00e+00
 4.12091e+17	1.00e+00	9.41e-14	0.00e+00
 4.12484e+17	1.00e+00	9.48e-14	0.00e+00
 4.12820e+17	1.00e+00	9.53e-14	0.00e+00
 4.13190e+17	1.00e+00	9.57e-14	0.00e+00
 4.13620e+17	1.00e+00	9.60e-14	0.00e+00
 4.14044e+17	1.00e+00	9.62e-14	0.00e+00
 4.14394e+17	1.00e+00	9.62e-14	0.00e+00
 4.14682e+17	1.00e+00	9.63e-14	0.00e+00
 4.14944e+17	1.00e+00	9.62e-14	0.00e+00
 4.15207e+17	1.00e+00	9.62e-14	0.00e+00
 4.15472e+17	1.00e+00	9.60e-14	0.00e+00
 4.15722e+17	1.00e+00	9.59e-14	0.00e+00
 4.15957e+17	1.00e+00	9.57e-14	0.00e+00
 4.16178e+17	1.00e+00	9.55e-14	0.00e+00
 4.16379e+17	1.00e+00	9.54e-14	0.00e+00
 4.16580e+17	1.00e+00	9.52e-14	0.00e+00
 4.16781e+17	1.00e+00	9.49e-14	0.00e+00
 4.16969e+17	1.00e+00	9.47e-14	0.00e+00
 4.17142e+17	1.00e+00	9.45e-14	0.00e+00
 4.17306e+17	1.00e+00	9.43e-14	0.00e+00
 4.17469e+17	1.00e+00	9.40e-14	0.00e+00
 4.17630e+17	1.00e+00	9.38e-14	0.00e+00
 4.17787e+17	1.00e+00	9.35e-14	0.00e+00
 4.17940e+17	1.00e+00	9.33e-14	0.00e+00
 4.18089e+17	1.00e+00	9.30e-14	0.00e+00
 4.18227e+17	1.00e+00	9.27e-14	0.00e+00
 4.18360e+17	1.00e+00	9.25e-14	0.00e+00
 4.18498e+17	1.00e+00	9.22e-14	0.00e+00
 4.18643e+17	1.00e+00	9.19e-14	0.00e+00
 4.18782e+17	1.00e+00	9.16e-14	0.00e+00
 4.18913e+17	1.00e+00	9.13e-14	0.00e+00
 4.19046e+17	1.00e+00	9.10e-14	0.00e+00
 4.19180e+17	1.00e+00	9.07e-14	0.00e+00
 4.19311e+17	1.00e+00	9.04e-14	0.00e+00
 4.19439e+17	1.00e+00	9.01e-14	0.00e+00
 4.19573e+17	1.00e+00	8.98e-14	0.00e+00
 4.19714e+17	1.00e+00	8.94e-14	0.00e+00
 4.19851e+17	1.00e+00	8.90e-14	0.00e+00
 4.19984e+17	1.00e+00	8.87e-14	0.00e+00
 4.20117e+17	1.00e+00	8.83e-14	0.00e+00
 4.20262e+17	1.00e+00	8.79e-14	0.00e+00
 4.20418e+17	1.00e+00	8.75e-14	0.00e+00
 4.20565e+17	1.00e+00	8.70e-14	0.00e+00
 4.20699e+17	1.00e+00	8.66e-14	0.00e+00
 4.20848e+17	1.00e+00	8.62e-14	0.00e+00
 4.21030e+17	1.00e+00	8.57e-14	0.00e+00
 4.21208e+17	1.00e+00	8.51e-14	0.00e+00
 4.21359e+17	1.00e+00	8.46e-14	0.00e+00
 4.21509e+17	1.00e+00	8.41e-14	0.00e+00
 4.21681e+17	1.00e+00	8.36e-14	0.00e+00
 4.21865e+17	1.00e+00	8.30e-14	0.00e+00
 4.22040e+17	1.00e+00	8.24e-14	0.00e+00
 4.22217e+17	1.00e+00	8.18e-14	0.00e+00
 4.22413e+17	1.00e+00	8.12e-14	0.00e+00
 4.22619e+17	1.00e+00	8.04e-14	0.00e+00
 4.22818e+17	1.00e+00	7.97e-14	0.00e+00
 4.23011e+17	1.00e+00	7.91e-14	0.00e+00
 4.23215e+17	1.00e+00	7.84e-14	0.00e+00
 4.23433e+17	1.00e+00	7.76e-14	0.00e+00
 4.23655e+17	1.00e+00	7.68e-14	0.00e+00
 4.23881e+17	1.00e+00	7.60e-14	0.00e+00
 4.24112e+17	1.00e+00	7.52e-14	0.00e+00
 4.24352e+17	1.00e+00	7.43e-14	0.00e+00
 4.24606e+17	1.00e+00	7.34e-14	0.00e+00
 4.24864e+17	1.00e+00	7.24e-14	0.00e+00
 4.25124e+17	1.00e+00	7.14e-14	0.00e+00
 4.25388e+17	1.00e+00	7.04e-14	0.00e+00
 4.25661e+17	1.00e+00	6.94e-14	0.00e+00
 4.25944e+17	1.00e+00	6.84e-14	0.00e+00
 4.26229e+17	1.00e+00	6.73e-14	0.00e+00
 4.26533e+17	1.00e+00	6.62e-14	0.00e+00
 4.26856e+17	1.00e+00	6.50e-14	0.00e+00
 4.27172e+17	1.00e+00	6.38e-14	0.00e+00
 4.27487e+17	1.00e+00	6.26e-14	0.00e+00
 4.27816e+17	1.00e+00	6.14e-14	0.00e+00
 4.28170e+17	1.00e+00	6.01e-14	0.00e+00
 4.28535e+17	1.00e+00	5.87e-14	0.00e+00
 4.28890e+17	1.00e+00	5.74e-14	0.00e+00
 4.29231e+17	1.00e+00	5.62e-14	0.00e+00
 4.29602e+17	1.00e+00	5.49e-14	0.00e+00
 4.30018e+17	1.00e+00	5.34e-14	0.00e+00
 4.30431e+17	1.00e+00	5.18e-14	0.00e+00
 4.30826e+17	1.00e+00	5.04e-14	0.00e+00
 4.31225e+17	1.00e+00	4.90e-14	0.00e+00
 4.31646e+17	1.00e+00	4.76e-14	0.00e+00
 4.32093e+17	1.00e+00	4.61e-14	0.00e+00
 4.32547e+17	1.00e+00	4.45e-14	0.00e+00
 4.32998e+17	1.00e+00	4.30e-14	0.00e+00
 4.33451e+17	1.00e+00	4.15e-14	0.00e+00
 4.33923e+17	1.00e+00	4.00e-14	0.00e+00
 4.34414e+17	1.00e+00	3.84e-14	0.00e+00
 4.34919e+17	1.00e+00	3.69e-14	0.00e+00
 4.35424e+17	1.00e+00	3.53e-14	0.00e+00
 4.35935e+17	1.00e+00	3.38e-14	0.00e+00
 4.36465e+17	1.00e+00	3.22e-14	0.00e+00
 4.37003e+17	1.00e+00	3.07e-14	0.00e+00
 4.37544e+17	1.00e+00	2.92e-14	0.00e+00
 4.38119e+17	1.00e+00	2.77e-14	0.00e+00
 4.38723e+17	1.00e+00	2.62e-14	0.00e+00
 4.39320e+17	1.00e+00	2.46e-14	0.00e+00
 4.39912e+17	1.00e+00	2.33e-14	0.00e+00
 4.40533e+17	1.00e+00	2.19e-14	0.00e+00
 4.41201e+17	1.00e+00	2.04e-14	0.00e+00
 4.41889e+17	1.00e+00	1.90e-14	0.00e+00
 4.42583e+17	1.00e+00	1.76e-14	0.00e+00
 4.43262e+17	1.00e+00	1.63e-14	0.00e+00
 4.43880e+17	1.00e+00	1.51e-14	0.00e+00
 4.44418e+17	1.00e+00	1.41e-14	0.00e+00
 4.44901e+17	1.00e+00	1.33e-14	0.00e+00
 4.45360e+17	1.00e+00	1.26e-14	0.00e+00
 4.45810e+17	1.00e+00	1.20e-14	0.00e+00
 4.46246e+17	1.00e+00	1.13e-14	0.00e+00
 4.46656e+17	1.00e+00	1.08e-14	0.00e+00
 4.47042e+17	1.00e+00	1.02e-14	0.00e+00
 4.47409e+17	1.00e+00	9.76e-15	0.00e+00
 4.47764e+17	1.00e+00	9.32e-15	0.00e+00
 4.48109e+17	1.00e+00	8.91e-15	0.00e+00
 4.48441e+17	1.00e+00	8.51e-15	0.00e+00
 4.48759e+17	1.00e+00	8.15e-15	0.00e+00
 4.49065e+17	1.00e+00	7.81e-15	0.00e+00
 4.49359e+17	1.00e+00	7.49e-15	0.00e+00
 4.49645e+17	1.00e+00	7.19e-15	0.00e+00
 4.49921e+17	1.00e+00	6.90e-15	0.00e+00
 4.50188e+17	1.00e+00	6.63e-15	0.00e+00
 4.50445e+17	1.00e+00	6.38e-15	0.00e+00
 4.50695e+17	1.00e+00	6.14e-15	0.00e+00
 4.50937e+17	1.00e+00	5.91e-15	0.00e+00
 4.51171e+17	1.00e+00	5.68e-15	0.00e+00
 4.51395e+17	1.00e+00	5.49e-15	0.00e+00
 4.51614e+17	1.00e+00	5.29e-15	0.00e+00
 4.51830e+17	1.00e+00	5.10e-15	0.00e+00
 4.52039e+17	1.00e+00	4.92e-15	0.00e+00
 4.52241e+17	1.00e+00	4.76e-15	0.00e+00
 4.52437e+17	1.00e+00	4.61e-15	0.00e+00
 4.52632e+17	1.00e+00	4.45e-15	0.00e+00
 4.52823e+17	1.00e+00	4.31e-15	0.00e+00
 4.53041e+17	1.00e+00	4.16e-15	0.00e+00
 4.53324e+17	1.00e+00	3.99e-15	0.00e+00
 4.53691e+17	1.00e+00	3.77e-15	0.00e+00
 4.54169e+17	1.00e+00	3.49e-15	0.00e+00
 4.54790e+17	1.00e+00	3.16e-15	0.00e+00
 4.55598e+17	1.00e+00	2.77e-15	0.00e+00
 4.56540e+17	1.00e+00	2.31e-15	0.00e+00
 4.57403e+17	1.00e+00	1.91e-15	0.00e+00
 4.58052e+17	1.00e+00	1.65e-15	0.00e+00
 4.58560e+17	1.00e+00	1.48e-15	0.00e+00
 4.59055e+17	1.00e+00	1.34e-15	0.00e+00
 4.59619e+17	1.00e+00	1.21e-15	0.00e+00
 4.60243e+17	1.00e+00	1.07e-15	0.00e+00
 4.60857e+17	1.00e+00	9.39e-16	0.00e+00
 4.61421e+17	1.00e+00	8.33e-16	0.00e+00
 4.61953e+17	1.00e+00	7.46e-16	0.00e+00
 4.62500e+17	1.00e+00	6.69e-16	0.00e+00
 4.63090e+17	1.00e+00	5.97e-16	0.00e+00
 4.63717e+17	1.00e+00	5.26e-16	0.00e+00
 4.64357e+17	1.00e+00	4.61e-16	0.00e+00
 4.65005e+17	1.00e+00	4.04e-16	0.00e+00
 4.65681e+17	1.00e+00	3.54e-16	0.00e+00
 4.66421e+17	1.00e+00	3.06e-16	0.00e+00
 4.67255e+17	1.00e+00	2.61e-16	0.00e+00
 4.68212e+17	1.00e+00	2.18e-16	0.00e+00
 4.69342e+17	1.00e+00	1.76e-16	0.00e+00
 4.70762e+17	1.00e+00	1.37e-16	0.00e+00
 4.72608e+17	1.00e+00	9.90e-17	0.00e+00
