#depth	He	He+	He+2
 1.49634e+10	6.44e-23	2.98e-11	1.00e+00
 4.54887e+10	7.15e-23	3.23e-11	1.00e+00
 7.72350e+10	7.93e-23	3.50e-11	1.00e+00
 1.10251e+11	8.77e-23	3.79e-11	1.00e+00
 1.44588e+11	9.72e-23	4.11e-11	1.00e+00
 1.80298e+11	1.08e-22	4.45e-11	1.00e+00
 2.17437e+11	1.20e-22	4.83e-11	1.00e+00
 2.56061e+11	1.33e-22	5.23e-11	1.00e+00
 2.96231e+11	1.47e-22	5.68e-11	1.00e+00
 3.38007e+11	1.64e-22	6.16e-11	1.00e+00
 3.81454e+11	1.82e-22	6.68e-11	1.00e+00
 4.26639e+11	2.02e-22	7.25e-11	1.00e+00
 4.73631e+11	2.25e-22	7.87e-11	1.00e+00
 5.22503e+11	2.51e-22	8.54e-11	1.00e+00
 5.73330e+11	2.80e-22	9.28e-11	1.00e+00
 6.26190e+11	3.12e-22	1.01e-10	1.00e+00
 6.81164e+11	3.49e-22	1.10e-10	1.00e+00
 7.38337e+11	3.90e-22	1.19e-10	1.00e+00
 7.97798e+11	4.37e-22	1.29e-10	1.00e+00
 8.59636e+11	4.89e-22	1.41e-10	1.00e+00
 9.23949e+11	5.49e-22	1.53e-10	1.00e+00
 9.90833e+11	6.17e-22	1.67e-10	1.00e+00
 1.06039e+12	6.94e-22	1.81e-10	1.00e+00
 1.13274e+12	7.82e-22	1.97e-10	1.00e+00
 1.20797e+12	8.82e-22	2.15e-10	1.00e+00
 1.28622e+12	9.97e-22	2.34e-10	1.00e+00
 1.36759e+12	1.13e-21	2.55e-10	1.00e+00
 1.45222e+12	1.28e-21	2.78e-10	1.00e+00
 1.54024e+12	1.45e-21	3.03e-10	1.00e+00
 1.63178e+12	1.65e-21	3.30e-10	1.00e+00
 1.72697e+12	1.88e-21	3.60e-10	1.00e+00
 1.82598e+12	2.14e-21	3.93e-10	1.00e+00
 1.92895e+12	2.45e-21	4.29e-10	1.00e+00
 2.03603e+12	2.80e-21	4.68e-10	1.00e+00
 2.14740e+12	3.21e-21	5.11e-10	1.00e+00
 2.26322e+12	3.69e-21	5.58e-10	1.00e+00
 2.38368e+12	4.25e-21	6.09e-10	1.00e+00
 2.50895e+12	4.90e-21	6.65e-10	1.00e+00
 2.63924e+12	5.66e-21	7.26e-10	1.00e+00
 2.77473e+12	6.54e-21	7.93e-10	1.00e+00
 2.91565e+12	7.58e-21	8.66e-10	1.00e+00
 3.06220e+12	8.80e-21	9.46e-10	1.00e+00
 3.21461e+12	1.02e-20	1.03e-09	1.00e+00
 3.37313e+12	1.19e-20	1.13e-09	1.00e+00
 3.53798e+12	1.39e-20	1.23e-09	1.00e+00
 3.70942e+12	1.62e-20	1.35e-09	1.00e+00
 3.88773e+12	1.90e-20	1.47e-09	1.00e+00
 4.07316e+12	2.22e-20	1.61e-09	1.00e+00
 4.26602e+12	2.61e-20	1.76e-09	1.00e+00
 4.46658e+12	3.06e-20	1.92e-09	1.00e+00
 4.67517e+12	3.60e-20	2.10e-09	1.00e+00
 4.89211e+12	4.24e-20	2.30e-09	1.00e+00
 5.11772e+12	4.99e-20	2.51e-09	1.00e+00
 5.35235e+12	5.88e-20	2.74e-09	1.00e+00
 5.59638e+12	6.94e-20	3.00e-09	1.00e+00
 5.85016e+12	8.20e-20	3.28e-09	1.00e+00
 6.11409e+12	9.69e-20	3.58e-09	1.00e+00
 6.38858e+12	1.15e-19	3.92e-09	1.00e+00
 6.67405e+12	1.36e-19	4.28e-09	1.00e+00
 6.97094e+12	1.60e-19	4.68e-09	1.00e+00
 7.27970e+12	1.90e-19	5.11e-09	1.00e+00
 7.60082e+12	2.25e-19	5.59e-09	1.00e+00
 7.93478e+12	2.67e-19	6.10e-09	1.00e+00
 8.28210e+12	3.16e-19	6.67e-09	1.00e+00
 8.64331e+12	3.75e-19	7.28e-09	1.00e+00
 9.01897e+12	4.44e-19	7.95e-09	1.00e+00
 9.40965e+12	5.27e-19	8.69e-09	1.00e+00
 9.81596e+12	6.25e-19	9.48e-09	1.00e+00
 1.02385e+13	7.41e-19	1.04e-08	1.00e+00
 1.06780e+13	8.79e-19	1.13e-08	1.00e+00
 1.11350e+13	1.04e-18	1.23e-08	1.00e+00
 1.16104e+13	1.23e-18	1.35e-08	1.00e+00
 1.21047e+13	1.46e-18	1.47e-08	1.00e+00
 1.26188e+13	1.73e-18	1.60e-08	1.00e+00
 1.31535e+13	2.06e-18	1.75e-08	1.00e+00
 1.37096e+13	2.43e-18	1.90e-08	1.00e+00
 1.42638e+13	2.86e-18	2.07e-08	1.00e+00
 1.48402e+13	3.37e-18	2.25e-08	1.00e+00
 1.54637e+13	3.99e-18	2.45e-08	1.00e+00
 1.61122e+13	4.72e-18	2.67e-08	1.00e+00
 1.67866e+13	5.59e-18	2.91e-08	1.00e+00
 1.74880e+13	6.62e-18	3.17e-08	1.00e+00
 1.82175e+13	7.83e-18	3.45e-08	1.00e+00
 1.89761e+13	9.27e-18	3.76e-08	1.00e+00
 1.97650e+13	1.10e-17	4.09e-08	1.00e+00
 2.05856e+13	1.30e-17	4.45e-08	1.00e+00
 2.14389e+13	1.54e-17	4.85e-08	1.00e+00
 2.23264e+13	1.82e-17	5.28e-08	1.00e+00
 2.32494e+13	2.15e-17	5.75e-08	1.00e+00
 2.42093e+13	2.54e-17	6.26e-08	1.00e+00
 2.52076e+13	3.01e-17	6.81e-08	1.00e+00
 2.62458e+13	3.56e-17	7.42e-08	1.00e+00
 2.73256e+13	4.21e-17	8.08e-08	1.00e+00
 2.84485e+13	4.99e-17	8.79e-08	1.00e+00
 2.96164e+13	5.90e-17	9.57e-08	1.00e+00
 3.08310e+13	6.99e-17	1.04e-07	1.00e+00
 3.20941e+13	8.27e-17	1.13e-07	1.00e+00
 3.34078e+13	9.80e-17	1.24e-07	1.00e+00
 3.47741e+13	1.16e-16	1.35e-07	1.00e+00
 3.61950e+13	1.37e-16	1.47e-07	1.00e+00
 3.76727e+13	1.63e-16	1.60e-07	1.00e+00
 3.92095e+13	1.93e-16	1.74e-07	1.00e+00
 4.08078e+13	2.29e-16	1.89e-07	1.00e+00
 4.24701e+13	2.71e-16	2.06e-07	1.00e+00
 4.41988e+13	3.22e-16	2.25e-07	1.00e+00
 4.59967e+13	3.81e-16	2.45e-07	1.00e+00
 4.78665e+13	4.52e-16	2.67e-07	1.00e+00
 4.98111e+13	5.37e-16	2.91e-07	1.00e+00
 5.18334e+13	6.37e-16	3.17e-07	1.00e+00
 5.39367e+13	7.56e-16	3.45e-07	1.00e+00
 5.61241e+13	8.97e-16	3.76e-07	1.00e+00
 5.83990e+13	1.07e-15	4.10e-07	1.00e+00
 6.07649e+13	1.27e-15	4.47e-07	1.00e+00
 6.32254e+13	1.51e-15	4.88e-07	1.00e+00
 6.57843e+13	1.79e-15	5.32e-07	1.00e+00
 6.84456e+13	2.12e-15	5.80e-07	1.00e+00
 7.12134e+13	2.53e-15	6.32e-07	1.00e+00
 7.40919e+13	3.00e-15	6.90e-07	1.00e+00
 7.70855e+13	3.57e-15	7.52e-07	1.00e+00
 8.01988e+13	4.25e-15	8.21e-07	1.00e+00
 8.34367e+13	5.06e-15	8.95e-07	1.00e+00
 8.65711e+13	5.95e-15	9.71e-07	1.00e+00
 8.95129e+13	6.89e-15	1.05e-06	1.00e+00
 9.28052e+13	8.08e-15	1.13e-06	1.00e+00
 9.65474e+13	9.60e-15	1.23e-06	1.00e+00
 1.00260e+14	1.13e-14	1.34e-06	1.00e+00
 1.04121e+14	1.34e-14	1.46e-06	1.00e+00
 1.08315e+14	1.59e-14	1.59e-06	1.00e+00
 1.12570e+14	1.89e-14	1.73e-06	1.00e+00
 1.16994e+14	2.24e-14	1.88e-06	1.00e+00
 1.21704e+14	2.66e-14	2.06e-06	1.00e+00
 1.26602e+14	3.16e-14	2.24e-06	1.00e+00
 1.31696e+14	3.76e-14	2.45e-06	1.00e+00
 1.36994e+14	4.48e-14	2.67e-06	1.00e+00
 1.42503e+14	5.33e-14	2.91e-06	1.00e+00
 1.48233e+14	6.33e-14	3.17e-06	1.00e+00
 1.54193e+14	7.53e-14	3.46e-06	1.00e+00
 1.60390e+14	8.95e-14	3.77e-06	1.00e+00
 1.66836e+14	1.06e-13	4.11e-06	1.00e+00
 1.73539e+14	1.26e-13	4.48e-06	1.00e+00
 1.80511e+14	1.50e-13	4.89e-06	1.00e+00
 1.87761e+14	1.78e-13	5.33e-06	1.00e+00
 1.95301e+14	2.11e-13	5.80e-06	1.00e+00
 2.03143e+14	2.50e-13	6.32e-06	1.00e+00
 2.11299e+14	2.97e-13	6.88e-06	1.00e+00
 2.19781e+14	3.52e-13	7.48e-06	1.00e+00
 2.28602e+14	4.16e-13	8.14e-06	1.00e+00
 2.37776e+14	4.92e-13	8.86e-06	1.00e+00
 2.47317e+14	5.82e-13	9.64e-06	1.00e+00
 2.57240e+14	6.88e-13	1.05e-05	1.00e+00
 2.67559e+14	8.13e-13	1.14e-05	1.00e+00
 2.78291e+14	9.59e-13	1.24e-05	1.00e+00
 2.89453e+14	1.13e-12	1.34e-05	1.00e+00
 3.01061e+14	1.34e-12	1.46e-05	1.00e+00
 3.12892e+14	1.57e-12	1.58e-05	1.00e+00
 3.25196e+14	1.85e-12	1.72e-05	1.00e+00
 3.38233e+14	2.18e-12	1.87e-05	1.00e+00
 3.51793e+14	2.57e-12	2.03e-05	1.00e+00
 3.65894e+14	3.02e-12	2.20e-05	1.00e+00
 3.80560e+14	3.56e-12	2.39e-05	1.00e+00
 3.95812e+14	4.19e-12	2.59e-05	1.00e+00
 4.10594e+14	4.88e-12	2.80e-05	1.00e+00
 4.24500e+14	5.60e-12	3.00e-05	1.00e+00
 4.40043e+14	6.50e-12	3.23e-05	1.00e+00
 4.57675e+14	7.65e-12	3.51e-05	1.00e+00
 4.75131e+14	8.92e-12	3.79e-05	1.00e+00
 4.93285e+14	1.04e-11	4.10e-05	1.00e+00
 5.13047e+14	1.23e-11	4.45e-05	1.00e+00
 5.33051e+14	1.43e-11	4.82e-05	1.00e+00
 5.53856e+14	1.68e-11	5.21e-05	1.00e+00
 5.76040e+14	1.97e-11	5.66e-05	1.00e+00
 5.99111e+14	2.31e-11	6.13e-05	1.00e+00
 6.23106e+14	2.72e-11	6.65e-05	1.00e+00
 6.48060e+14	3.18e-11	7.21e-05	1.00e+00
 6.74012e+14	3.73e-11	7.81e-05	1.00e+00
 7.01002e+14	4.37e-11	8.46e-05	1.00e+00
 7.29072e+14	5.12e-11	9.17e-05	1.00e+00
 7.58265e+14	5.99e-11	9.93e-05	1.00e+00
 7.88626e+14	7.01e-11	1.08e-04	1.00e+00
 8.20201e+14	8.21e-11	1.16e-04	1.00e+00
 8.53039e+14	9.60e-11	1.26e-04	1.00e+00
 8.87190e+14	1.12e-10	1.37e-04	1.00e+00
 9.22708e+14	1.31e-10	1.48e-04	1.00e+00
 9.59646e+14	1.53e-10	1.60e-04	1.00e+00
 9.97246e+14	1.79e-10	1.73e-04	1.00e+00
 1.03635e+15	2.08e-10	1.87e-04	1.00e+00
 1.07783e+15	2.43e-10	2.02e-04	1.00e+00
 1.12098e+15	2.84e-10	2.19e-04	1.00e+00
 1.16585e+15	3.31e-10	2.37e-04	1.00e+00
 1.21251e+15	3.86e-10	2.57e-04	1.00e+00
 1.25888e+15	4.48e-10	2.77e-04	1.00e+00
 1.30710e+15	5.19e-10	2.99e-04	1.00e+00
 1.35942e+15	6.05e-10	3.23e-04	1.00e+00
 1.41266e+15	7.03e-10	3.49e-04	1.00e+00
 1.46804e+15	8.17e-10	3.77e-04	1.00e+00
 1.52679e+15	9.53e-10	4.08e-04	1.00e+00
 1.58789e+15	1.11e-09	4.42e-04	1.00e+00
 1.64602e+15	1.28e-09	4.75e-04	1.00e+00
 1.69895e+15	1.44e-09	5.06e-04	9.99e-01
 1.75864e+15	1.65e-09	5.43e-04	9.99e-01
 1.82824e+15	1.92e-09	5.86e-04	9.99e-01
 1.89678e+15	2.22e-09	6.32e-04	9.99e-01
 1.96136e+15	2.53e-09	6.75e-04	9.99e-01
 2.03315e+15	2.91e-09	7.26e-04	9.99e-01
 2.11451e+15	3.39e-09	7.85e-04	9.99e-01
 2.19515e+15	3.92e-09	8.47e-04	9.99e-01
 2.27902e+15	4.53e-09	9.12e-04	9.99e-01
 2.37021e+15	5.28e-09	9.87e-04	9.99e-01
 2.46263e+15	6.12e-09	1.07e-03	9.99e-01
 2.55047e+15	7.02e-09	1.14e-03	9.99e-01
 2.64423e+15	8.07e-09	1.23e-03	9.99e-01
 2.74641e+15	9.36e-09	1.32e-03	9.99e-01
 2.84294e+15	1.07e-08	1.42e-03	9.99e-01
 2.94695e+15	1.23e-08	1.52e-03	9.98e-01
 3.06131e+15	1.43e-08	1.64e-03	9.98e-01
 3.16925e+15	1.63e-08	1.76e-03	9.98e-01
 3.28505e+15	1.88e-08	1.89e-03	9.98e-01
 3.41169e+15	2.18e-08	2.04e-03	9.98e-01
 3.53105e+15	2.49e-08	2.18e-03	9.98e-01
 3.65999e+15	2.86e-08	2.35e-03	9.98e-01
 3.80137e+15	3.32e-08	2.53e-03	9.97e-01
 3.93475e+15	3.80e-08	2.71e-03	9.97e-01
 4.07852e+15	4.38e-08	2.92e-03	9.97e-01
 4.23566e+15	5.09e-08	3.15e-03	9.97e-01
 4.38083e+15	5.81e-08	3.37e-03	9.97e-01
 4.53726e+15	6.68e-08	3.62e-03	9.96e-01
 4.71245e+15	7.78e-08	3.91e-03	9.96e-01
 4.87872e+15	8.92e-08	4.19e-03	9.96e-01
 5.05741e+15	1.03e-07	4.52e-03	9.95e-01
 5.25360e+15	1.20e-07	4.89e-03	9.95e-01
 5.43399e+15	1.38e-07	5.24e-03	9.95e-01
 5.60005e+15	1.56e-07	5.59e-03	9.94e-01
 5.79020e+15	1.80e-07	6.01e-03	9.94e-01
 6.01565e+15	2.11e-07	6.54e-03	9.93e-01
 6.23613e+15	2.45e-07	7.08e-03	9.93e-01
 6.43514e+15	2.80e-07	7.59e-03	9.92e-01
 6.65709e+15	3.26e-07	8.24e-03	9.92e-01
 6.90795e+15	3.84e-07	9.00e-03	9.91e-01
 7.14858e+15	4.47e-07	9.78e-03	9.90e-01
 7.37062e+15	5.14e-07	1.06e-02	9.89e-01
 7.61630e+15	6.01e-07	1.16e-02	9.88e-01
 7.88414e+15	7.09e-07	1.27e-02	9.87e-01
 8.13392e+15	8.29e-07	1.39e-02	9.86e-01
 8.37063e+15	9.60e-07	1.52e-02	9.85e-01
 8.63723e+15	1.14e-06	1.69e-02	9.83e-01
 8.92836e+15	1.37e-06	1.90e-02	9.81e-01
 9.18817e+15	1.63e-06	2.12e-02	9.79e-01
 9.42083e+15	1.90e-06	2.36e-02	9.76e-01
 9.68138e+15	2.29e-06	2.67e-02	9.73e-01
 9.95882e+15	2.81e-06	3.08e-02	9.69e-01
 1.01940e+16	3.36e-06	3.51e-02	9.65e-01
 1.03957e+16	3.97e-06	3.96e-02	9.60e-01
 1.05766e+16	4.65e-06	4.46e-02	9.55e-01
 1.07428e+16	5.43e-06	5.02e-02	9.50e-01
 1.09315e+16	6.58e-06	5.83e-02	9.42e-01
 1.11363e+16	8.22e-06	6.96e-02	9.30e-01
 1.13116e+16	1.02e-05	8.28e-02	9.17e-01
 1.14536e+16	1.23e-05	9.71e-02	9.03e-01
 1.15804e+16	1.49e-05	1.14e-01	8.86e-01
 1.17032e+16	1.83e-05	1.35e-01	8.65e-01
 1.18206e+16	2.27e-05	1.63e-01	8.37e-01
 1.19269e+16	2.82e-05	1.96e-01	8.04e-01
 1.20200e+16	3.47e-05	2.36e-01	7.64e-01
 1.20993e+16	4.21e-05	2.81e-01	7.19e-01
 1.21662e+16	5.01e-05	3.28e-01	6.72e-01
 1.22268e+16	5.92e-05	3.80e-01	6.20e-01
 1.22847e+16	6.95e-05	4.39e-01	5.61e-01
 1.23399e+16	8.09e-05	5.03e-01	4.97e-01
 1.24024e+16	9.56e-05	5.84e-01	4.16e-01
 1.24709e+16	1.13e-04	6.74e-01	3.26e-01
 1.25362e+16	1.29e-04	7.56e-01	2.44e-01
 1.26089e+16	1.45e-04	8.31e-01	1.69e-01
 1.26979e+16	1.60e-04	8.97e-01	1.03e-01
 1.28050e+16	1.73e-04	9.44e-01	5.62e-02
 1.29396e+16	1.84e-04	9.73e-01	2.72e-02
 1.31146e+16	1.93e-04	9.88e-01	1.17e-02
 1.33421e+16	2.03e-04	9.95e-01	4.50e-03
 1.36378e+16	2.14e-04	9.98e-01	1.58e-03
 1.40223e+16	2.28e-04	9.99e-01	5.02e-04
 1.45221e+16	2.47e-04	1.00e+00	1.45e-04
 1.50340e+16	2.67e-04	1.00e+00	4.93e-05
 1.54547e+16	2.84e-04	1.00e+00	2.29e-05
 1.58944e+16	3.05e-04	1.00e+00	1.09e-05
 1.63913e+16	3.30e-04	1.00e+00	5.20e-06
 1.68659e+16	3.54e-04	1.00e+00	2.72e-06
 1.73099e+16	3.79e-04	1.00e+00	1.55e-06
 1.78108e+16	4.12e-04	1.00e+00	8.57e-07
 1.83533e+16	4.49e-04	1.00e+00	4.81e-07
 1.88356e+16	4.85e-04	1.00e+00	3.02e-07
 1.92772e+16	5.22e-04	9.99e-01	2.04e-07
 1.97797e+16	5.69e-04	9.99e-01	1.34e-07
 2.03225e+16	6.27e-04	9.99e-01	8.95e-08
 2.07950e+16	6.84e-04	9.99e-01	6.58e-08
 2.11998e+16	7.37e-04	9.99e-01	5.17e-08
 2.15797e+16	8.01e-04	9.99e-01	4.21e-08
 2.19544e+16	8.69e-04	9.99e-01	3.47e-08
 2.23133e+16	9.46e-04	9.99e-01	2.93e-08
 2.26439e+16	1.03e-03	9.99e-01	2.53e-08
 2.29461e+16	1.11e-03	9.99e-01	2.22e-08
 2.32275e+16	1.21e-03	9.99e-01	1.98e-08
 2.34277e+16	1.29e-03	9.99e-01	1.82e-08
 2.35317e+16	1.34e-03	9.99e-01	1.77e-08
 2.36252e+16	1.38e-03	9.99e-01	1.71e-08
 2.37468e+16	1.44e-03	9.99e-01	1.63e-08
 2.38823e+16	1.52e-03	9.98e-01	1.54e-08
 2.40056e+16	1.60e-03	9.98e-01	1.47e-08
 2.41130e+16	1.67e-03	9.98e-01	1.41e-08
 2.42068e+16	1.74e-03	9.98e-01	1.36e-08
 2.42905e+16	1.80e-03	9.98e-01	1.32e-08
 2.43846e+16	1.89e-03	9.98e-01	1.27e-08
 2.44833e+16	1.98e-03	9.98e-01	1.22e-08
 2.45658e+16	2.06e-03	9.98e-01	1.18e-08
 2.46371e+16	2.14e-03	9.98e-01	1.15e-08
 2.47160e+16	2.24e-03	9.98e-01	1.11e-08
 2.48007e+16	2.36e-03	9.98e-01	1.07e-08
 2.48733e+16	2.46e-03	9.98e-01	1.04e-08
 2.49359e+16	2.56e-03	9.97e-01	1.01e-08
 2.50054e+16	2.69e-03	9.97e-01	9.86e-09
 2.50795e+16	2.83e-03	9.97e-01	9.51e-09
 2.51427e+16	2.96e-03	9.97e-01	9.23e-09
 2.51976e+16	3.09e-03	9.97e-01	9.01e-09
 2.52590e+16	3.25e-03	9.97e-01	8.78e-09
 2.53248e+16	3.43e-03	9.97e-01	8.47e-09
 2.53811e+16	3.60e-03	9.96e-01	8.22e-09
 2.54300e+16	3.77e-03	9.96e-01	8.03e-09
 2.54846e+16	3.98e-03	9.96e-01	7.82e-09
 2.55431e+16	4.22e-03	9.96e-01	7.54e-09
 2.55938e+16	4.45e-03	9.96e-01	7.32e-09
 2.56385e+16	4.68e-03	9.95e-01	7.14e-09
 2.56886e+16	4.97e-03	9.95e-01	6.95e-09
 2.57424e+16	5.31e-03	9.95e-01	6.67e-09
 2.57892e+16	5.65e-03	9.94e-01	6.46e-09
 2.58308e+16	5.98e-03	9.94e-01	6.29e-09
 2.58778e+16	6.42e-03	9.94e-01	6.09e-09
 2.59289e+16	6.94e-03	9.93e-01	5.83e-09
 2.59747e+16	7.49e-03	9.93e-01	5.61e-09
 2.60164e+16	8.06e-03	9.92e-01	5.42e-09
 2.60637e+16	8.83e-03	9.91e-01	5.20e-09
 2.61128e+16	9.75e-03	9.90e-01	4.91e-09
 2.61528e+16	1.06e-02	9.89e-01	4.70e-09
 2.61870e+16	1.15e-02	9.88e-01	4.52e-09
 2.62252e+16	1.27e-02	9.87e-01	4.33e-09
 2.62662e+16	1.42e-02	9.86e-01	4.07e-09
 2.63017e+16	1.58e-02	9.84e-01	3.85e-09
 2.63292e+16	1.72e-02	9.83e-01	3.68e-09
 2.63506e+16	1.85e-02	9.82e-01	3.56e-09
 2.63736e+16	2.01e-02	9.80e-01	3.43e-09
 2.63989e+16	2.21e-02	9.78e-01	3.25e-09
 2.64213e+16	2.42e-02	9.76e-01	3.09e-09
 2.64402e+16	2.62e-02	9.74e-01	2.96e-09
 2.64565e+16	2.81e-02	9.72e-01	2.85e-09
 2.64737e+16	3.06e-02	9.69e-01	2.75e-09
 2.64930e+16	3.36e-02	9.66e-01	2.59e-09
 2.65112e+16	3.70e-02	9.63e-01	2.46e-09
 2.65273e+16	4.03e-02	9.60e-01	2.34e-09
 2.65426e+16	4.41e-02	9.56e-01	2.23e-09
 2.65577e+16	4.82e-02	9.52e-01	2.12e-09
 2.65729e+16	5.31e-02	9.47e-01	2.01e-09
 2.65876e+16	5.86e-02	9.41e-01	1.90e-09
 2.66016e+16	6.45e-02	9.35e-01	1.79e-09
 2.66151e+16	7.11e-02	9.29e-01	1.70e-09
 2.66306e+16	7.97e-02	9.20e-01	1.60e-09
 2.66469e+16	9.04e-02	9.10e-01	1.48e-09
 2.66605e+16	1.01e-01	8.99e-01	1.39e-09
 2.66720e+16	1.11e-01	8.89e-01	1.33e-09
 2.66829e+16	1.22e-01	8.78e-01	1.27e-09
 2.66936e+16	1.34e-01	8.66e-01	1.21e-09
 2.67033e+16	1.46e-01	8.54e-01	1.16e-09
 2.67119e+16	1.58e-01	8.42e-01	1.13e-09
 2.67199e+16	1.70e-01	8.30e-01	1.09e-09
 2.67260e+16	1.79e-01	8.21e-01	1.07e-09
 2.67301e+16	1.86e-01	8.14e-01	1.06e-09
 2.67340e+16	1.93e-01	8.07e-01	1.05e-09
 2.67384e+16	2.02e-01	7.98e-01	1.03e-09
 2.67432e+16	2.11e-01	7.89e-01	1.01e-09
 2.67478e+16	2.21e-01	7.79e-01	1.00e-09
 2.67521e+16	2.30e-01	7.70e-01	9.92e-10
 2.67564e+16	2.39e-01	7.61e-01	9.81e-10
 2.67607e+16	2.49e-01	7.51e-01	9.72e-10
 2.67650e+16	2.60e-01	7.40e-01	9.63e-10
 2.67692e+16	2.70e-01	7.30e-01	9.57e-10
 2.67733e+16	2.81e-01	7.19e-01	9.50e-10
 2.67775e+16	2.93e-01	7.07e-01	9.43e-10
 2.67816e+16	3.04e-01	6.96e-01	9.38e-10
 2.67855e+16	3.15e-01	6.85e-01	9.35e-10
 2.67896e+16	3.28e-01	6.72e-01	9.29e-10
 2.67935e+16	3.40e-01	6.60e-01	9.27e-10
 2.67974e+16	3.53e-01	6.47e-01	9.23e-10
 2.68013e+16	3.65e-01	6.35e-01	9.21e-10
 2.68051e+16	3.78e-01	6.22e-01	9.19e-10
 2.68090e+16	3.92e-01	6.08e-01	9.16e-10
 2.68127e+16	4.05e-01	5.95e-01	9.15e-10
 2.68164e+16	4.19e-01	5.81e-01	9.13e-10
 2.68201e+16	4.33e-01	5.67e-01	9.12e-10
 2.68237e+16	4.46e-01	5.54e-01	9.11e-10
 2.68274e+16	4.60e-01	5.40e-01	9.09e-10
 2.68309e+16	4.74e-01	5.26e-01	9.08e-10
 2.68344e+16	4.88e-01	5.12e-01	9.07e-10
 2.68379e+16	5.02e-01	4.98e-01	9.05e-10
 2.68414e+16	5.17e-01	4.83e-01	9.03e-10
 2.68448e+16	5.31e-01	4.69e-01	9.01e-10
 2.68481e+16	5.44e-01	4.56e-01	8.99e-10
 2.68514e+16	5.58e-01	4.42e-01	8.97e-10
 2.68546e+16	5.71e-01	4.29e-01	8.96e-10
 2.68577e+16	5.84e-01	4.16e-01	8.93e-10
 2.68607e+16	5.96e-01	4.04e-01	8.90e-10
 2.68637e+16	6.09e-01	3.91e-01	8.87e-10
 2.68666e+16	6.21e-01	3.79e-01	8.84e-10
 2.68696e+16	6.33e-01	3.67e-01	8.80e-10
 2.68724e+16	6.45e-01	3.55e-01	8.74e-10
 2.68752e+16	6.57e-01	3.43e-01	8.70e-10
 2.68780e+16	6.68e-01	3.32e-01	8.65e-10
 2.68807e+16	6.79e-01	3.21e-01	8.60e-10
 2.68834e+16	6.89e-01	3.11e-01	8.54e-10
 2.68860e+16	7.00e-01	3.00e-01	8.49e-10
 2.68886e+16	7.10e-01	2.90e-01	8.43e-10
 2.68912e+16	7.20e-01	2.80e-01	8.37e-10
 2.68937e+16	7.29e-01	2.71e-01	8.30e-10
 2.68962e+16	7.38e-01	2.62e-01	8.24e-10
 2.68986e+16	7.47e-01	2.53e-01	8.17e-10
 2.69011e+16	7.56e-01	2.44e-01	8.10e-10
 2.69035e+16	7.64e-01	2.36e-01	8.02e-10
 2.69059e+16	7.72e-01	2.28e-01	7.94e-10
 2.69082e+16	7.80e-01	2.20e-01	7.88e-10
 2.69105e+16	7.88e-01	2.12e-01	7.80e-10
 2.69128e+16	7.95e-01	2.05e-01	7.72e-10
 2.69150e+16	8.02e-01	1.98e-01	7.63e-10
 2.69170e+16	8.08e-01	1.92e-01	7.53e-10
 2.69186e+16	8.13e-01	1.87e-01	7.46e-10
 2.69201e+16	8.18e-01	1.82e-01	7.40e-10
 2.69218e+16	8.23e-01	1.77e-01	7.31e-10
 2.69235e+16	8.28e-01	1.72e-01	7.24e-10
 2.69251e+16	8.33e-01	1.67e-01	7.16e-10
 2.69268e+16	8.37e-01	1.63e-01	7.09e-10
 2.69285e+16	8.42e-01	1.58e-01	7.02e-10
 2.69303e+16	8.47e-01	1.53e-01	6.93e-10
 2.69321e+16	8.52e-01	1.48e-01	6.85e-10
 2.69340e+16	8.57e-01	1.43e-01	6.75e-10
 2.69360e+16	8.62e-01	1.38e-01	6.65e-10
 2.69381e+16	8.67e-01	1.33e-01	6.55e-10
 2.69401e+16	8.72e-01	1.28e-01	6.44e-10
 2.69421e+16	8.76e-01	1.24e-01	6.33e-10
 2.69441e+16	8.81e-01	1.19e-01	6.22e-10
 2.69461e+16	8.85e-01	1.15e-01	6.10e-10
 2.69481e+16	8.90e-01	1.10e-01	5.99e-10
 2.69500e+16	8.94e-01	1.06e-01	5.87e-10
 2.69518e+16	8.97e-01	1.03e-01	5.76e-10
 2.69536e+16	9.01e-01	9.91e-02	5.64e-10
 2.69553e+16	9.04e-01	9.57e-02	5.53e-10
 2.69569e+16	9.07e-01	9.25e-02	5.42e-10
 2.69585e+16	9.10e-01	8.96e-02	5.31e-10
 2.69600e+16	9.13e-01	8.69e-02	5.21e-10
 2.69613e+16	9.16e-01	8.44e-02	5.10e-10
 2.69625e+16	9.18e-01	8.22e-02	5.02e-10
 2.69637e+16	9.20e-01	8.03e-02	4.94e-10
 2.69647e+16	9.21e-01	7.85e-02	4.86e-10
 2.69656e+16	9.23e-01	7.69e-02	4.79e-10
 2.69664e+16	9.25e-01	7.55e-02	4.72e-10
 2.69672e+16	9.26e-01	7.41e-02	4.65e-10
 2.69679e+16	9.27e-01	7.29e-02	4.59e-10
 2.69687e+16	9.28e-01	7.16e-02	4.53e-10
 2.69695e+16	9.30e-01	7.03e-02	4.47e-10
 2.69702e+16	9.31e-01	6.91e-02	4.41e-10
 2.69709e+16	9.32e-01	6.80e-02	4.35e-10
 2.69717e+16	9.33e-01	6.67e-02	4.28e-10
 2.69725e+16	9.35e-01	6.55e-02	4.22e-10
 2.69732e+16	9.36e-01	6.43e-02	4.16e-10
 2.69739e+16	9.37e-01	6.33e-02	4.11e-10
 2.69745e+16	9.38e-01	6.24e-02	4.05e-10
 2.69750e+16	9.39e-01	6.15e-02	4.00e-10
 2.69755e+16	9.39e-01	6.07e-02	3.96e-10
 2.69761e+16	9.40e-01	5.98e-02	3.90e-10
 2.69767e+16	9.41e-01	5.89e-02	3.85e-10
 2.69772e+16	9.42e-01	5.81e-02	3.81e-10
 2.69777e+16	9.43e-01	5.74e-02	3.76e-10
 2.69782e+16	9.43e-01	5.67e-02	3.72e-10
 2.69787e+16	9.44e-01	5.59e-02	3.67e-10
 2.69792e+16	9.45e-01	5.51e-02	3.62e-10
 2.69797e+16	9.46e-01	5.45e-02	3.58e-10
 2.69802e+16	9.46e-01	5.36e-02	3.52e-10
 2.69808e+16	9.47e-01	5.28e-02	3.47e-10
 2.69813e+16	9.48e-01	5.20e-02	3.42e-10
 2.69818e+16	9.49e-01	5.13e-02	3.38e-10
 2.69822e+16	9.49e-01	5.07e-02	3.34e-10
 2.69826e+16	9.50e-01	5.02e-02	3.30e-10
 2.69830e+16	9.50e-01	4.95e-02	3.26e-10
 2.69835e+16	9.51e-01	4.89e-02	3.22e-10
 2.69839e+16	9.52e-01	4.83e-02	3.19e-10
 2.69844e+16	9.52e-01	4.76e-02	3.14e-10
 2.69849e+16	9.53e-01	4.70e-02	3.09e-10
 2.69853e+16	9.54e-01	4.63e-02	3.05e-10
 2.69857e+16	9.54e-01	4.58e-02	3.02e-10
 2.69862e+16	9.55e-01	4.51e-02	2.97e-10
 2.69867e+16	9.55e-01	4.45e-02	2.93e-10
 2.69871e+16	9.56e-01	4.39e-02	2.89e-10
 2.69875e+16	9.57e-01	4.34e-02	2.86e-10
 2.69879e+16	9.57e-01	4.29e-02	2.82e-10
 2.69883e+16	9.58e-01	4.24e-02	2.79e-10
 2.69888e+16	9.58e-01	4.17e-02	2.75e-10
 2.69894e+16	9.59e-01	4.10e-02	2.70e-10
 2.69899e+16	9.60e-01	4.05e-02	2.67e-10
 2.69904e+16	9.60e-01	3.99e-02	2.63e-10
 2.69908e+16	9.61e-01	3.94e-02	2.59e-10
 2.69912e+16	9.61e-01	3.90e-02	2.57e-10
 2.69916e+16	9.62e-01	3.85e-02	2.54e-10
 2.69922e+16	9.62e-01	3.78e-02	2.49e-10
 2.69928e+16	9.63e-01	3.72e-02	2.46e-10
 2.69933e+16	9.63e-01	3.66e-02	2.42e-10
 2.69938e+16	9.64e-01	3.61e-02	2.38e-10
 2.69942e+16	9.64e-01	3.56e-02	2.36e-10
 2.69946e+16	9.65e-01	3.52e-02	2.33e-10
 2.69951e+16	9.65e-01	3.47e-02	2.30e-10
 2.69957e+16	9.66e-01	3.41e-02	2.26e-10
 2.69963e+16	9.66e-01	3.35e-02	2.22e-10
 2.69969e+16	9.67e-01	3.30e-02	2.19e-10
 2.69974e+16	9.67e-01	3.25e-02	2.16e-10
 2.69979e+16	9.68e-01	3.21e-02	2.13e-10
 2.69984e+16	9.68e-01	3.16e-02	2.10e-10
 2.69990e+16	9.69e-01	3.11e-02	2.07e-10
 2.69995e+16	9.69e-01	3.07e-02	2.04e-10
 2.69999e+16	9.70e-01	3.02e-02	2.01e-10
 2.70004e+16	9.70e-01	2.99e-02	1.99e-10
 2.70008e+16	9.70e-01	2.95e-02	1.97e-10
 2.70014e+16	9.71e-01	2.90e-02	1.93e-10
 2.70021e+16	9.72e-01	2.85e-02	1.90e-10
 2.70027e+16	9.72e-01	2.80e-02	1.88e-10
 2.70032e+16	9.72e-01	2.76e-02	1.85e-10
 2.70037e+16	9.73e-01	2.72e-02	1.83e-10
 2.70042e+16	9.73e-01	2.68e-02	1.81e-10
 2.70049e+16	9.74e-01	2.63e-02	1.77e-10
 2.70057e+16	9.74e-01	2.58e-02	1.74e-10
 2.70064e+16	9.75e-01	2.53e-02	1.71e-10
 2.70070e+16	9.75e-01	2.49e-02	1.69e-10
 2.70076e+16	9.75e-01	2.45e-02	1.67e-10
 2.70082e+16	9.76e-01	2.41e-02	1.64e-10
 2.70089e+16	9.76e-01	2.37e-02	1.61e-10
 2.70095e+16	9.77e-01	2.33e-02	1.59e-10
 2.70100e+16	9.77e-01	2.30e-02	1.57e-10
 2.70106e+16	9.77e-01	2.26e-02	1.55e-10
 2.70113e+16	9.78e-01	2.22e-02	1.52e-10
 2.70119e+16	9.78e-01	2.18e-02	1.50e-10
 2.70126e+16	9.79e-01	2.15e-02	1.48e-10
 2.70133e+16	9.79e-01	2.11e-02	1.46e-10
 2.70139e+16	9.79e-01	2.07e-02	1.44e-10
 2.70146e+16	9.80e-01	2.04e-02	1.41e-10
 2.70154e+16	9.80e-01	2.00e-02	1.39e-10
 2.70161e+16	9.80e-01	1.96e-02	1.37e-10
 2.70168e+16	9.81e-01	1.93e-02	1.35e-10
 2.70177e+16	9.81e-01	1.89e-02	1.33e-10
 2.70184e+16	9.81e-01	1.85e-02	1.31e-10
 2.70191e+16	9.82e-01	1.82e-02	1.29e-10
 2.70198e+16	9.82e-01	1.79e-02	1.27e-10
 2.70206e+16	9.82e-01	1.75e-02	1.25e-10
 2.70214e+16	9.83e-01	1.72e-02	1.23e-10
 2.70222e+16	9.83e-01	1.69e-02	1.21e-10
 2.70230e+16	9.83e-01	1.66e-02	1.19e-10
 2.70238e+16	9.84e-01	1.63e-02	1.17e-10
 2.70247e+16	9.84e-01	1.59e-02	1.15e-10
 2.70256e+16	9.84e-01	1.56e-02	1.13e-10
 2.70265e+16	9.85e-01	1.53e-02	1.11e-10
 2.70272e+16	9.85e-01	1.50e-02	1.10e-10
 2.70281e+16	9.85e-01	1.47e-02	1.08e-10
 2.70290e+16	9.86e-01	1.44e-02	1.06e-10
 2.70298e+16	9.86e-01	1.41e-02	1.05e-10
 2.70308e+16	9.86e-01	1.38e-02	1.03e-10
 2.70317e+16	9.86e-01	1.35e-02	1.01e-10
 2.70326e+16	9.87e-01	1.33e-02	9.93e-11
 2.70336e+16	9.87e-01	1.30e-02	9.75e-11
 2.70347e+16	9.87e-01	1.27e-02	9.57e-11
 2.70356e+16	9.88e-01	1.24e-02	9.42e-11
 2.70367e+16	9.88e-01	1.21e-02	9.23e-11
 2.70378e+16	9.88e-01	1.18e-02	9.06e-11
 2.70389e+16	9.88e-01	1.16e-02	8.90e-11
 2.70400e+16	9.89e-01	1.13e-02	8.72e-11
 2.70412e+16	9.89e-01	1.10e-02	8.55e-11
 2.70423e+16	9.89e-01	1.07e-02	8.40e-11
 2.70436e+16	9.90e-01	1.05e-02	8.21e-11
 2.70452e+16	9.90e-01	1.01e-02	7.98e-11
 2.70470e+16	9.90e-01	9.73e-03	7.75e-11
 2.70488e+16	9.91e-01	9.39e-03	7.54e-11
 2.70506e+16	9.91e-01	9.06e-03	7.33e-11
 2.70525e+16	9.91e-01	8.74e-03	7.11e-11
 2.70544e+16	9.92e-01	8.41e-03	6.90e-11
 2.70564e+16	9.92e-01	8.09e-03	6.68e-11
 2.70584e+16	9.92e-01	7.78e-03	6.47e-11
 2.70605e+16	9.93e-01	7.48e-03	6.26e-11
 2.70626e+16	9.93e-01	7.18e-03	6.06e-11
 2.70648e+16	9.93e-01	6.88e-03	5.85e-11
 2.70671e+16	9.93e-01	6.58e-03	5.63e-11
 2.70695e+16	9.94e-01	6.28e-03	5.42e-11
 2.70720e+16	9.94e-01	5.99e-03	5.20e-11
 2.70745e+16	9.94e-01	5.69e-03	4.97e-11
 2.70771e+16	9.95e-01	5.38e-03	4.73e-11
 2.70798e+16	9.95e-01	5.06e-03	4.47e-11
 2.70826e+16	9.95e-01	4.73e-03	4.21e-11
 2.70855e+16	9.96e-01	4.38e-03	3.92e-11
 2.70885e+16	9.96e-01	4.04e-03	3.63e-11
 2.70917e+16	9.96e-01	3.68e-03	3.32e-11
 2.70950e+16	9.97e-01	3.34e-03	3.03e-11
 2.70985e+16	9.97e-01	3.01e-03	2.73e-11
 2.71022e+16	9.97e-01	2.69e-03	2.46e-11
 2.71060e+16	9.98e-01	2.39e-03	2.19e-11
 2.71101e+16	9.98e-01	2.10e-03	1.93e-11
 2.71145e+16	9.98e-01	1.83e-03	1.68e-11
 2.71191e+16	9.98e-01	1.58e-03	1.46e-11
 2.71242e+16	9.99e-01	1.35e-03	1.24e-11
 2.71296e+16	9.99e-01	1.13e-03	1.04e-11
 2.71356e+16	9.99e-01	9.33e-04	8.61e-12
 2.71423e+16	9.99e-01	7.52e-04	6.95e-12
 2.71499e+16	9.99e-01	5.89e-04	5.44e-12
 2.71586e+16	1.00e+00	4.45e-04	4.10e-12
 2.71683e+16	1.00e+00	3.26e-04	3.01e-12
 2.71782e+16	1.00e+00	2.38e-04	2.19e-12
 2.71882e+16	1.00e+00	1.74e-04	1.60e-12
 2.71981e+16	1.00e+00	1.27e-04	1.16e-12
 2.72081e+16	1.00e+00	9.25e-05	8.48e-13
 2.72181e+16	1.00e+00	6.76e-05	6.19e-13
 2.72280e+16	1.00e+00	4.94e-05	4.51e-13
 2.72380e+16	1.00e+00	3.61e-05	3.30e-13
 2.72479e+16	1.00e+00	2.65e-05	2.41e-13
 2.72579e+16	1.00e+00	1.94e-05	1.76e-13
 2.72678e+16	1.00e+00	1.42e-05	1.29e-13
 2.72778e+16	1.00e+00	1.04e-05	9.42e-14
 2.72877e+16	1.00e+00	7.66e-06	6.90e-14
 2.72977e+16	1.00e+00	5.63e-06	5.07e-14
 2.73076e+16	1.00e+00	4.15e-06	3.72e-14
 2.73176e+16	1.00e+00	3.06e-06	2.73e-14
 2.73275e+16	1.00e+00	2.28e-06	2.03e-14
 2.73375e+16	1.00e+00	1.69e-06	1.51e-14
 2.73474e+16	1.00e+00	1.27e-06	1.12e-14
 2.73574e+16	1.00e+00	9.55e-07	8.41e-15
 2.73673e+16	1.00e+00	7.29e-07	6.42e-15
 2.73773e+16	1.00e+00	5.61e-07	4.93e-15
 2.73873e+16	1.00e+00	4.39e-07	3.84e-15
 2.73972e+16	1.00e+00	3.48e-07	3.02e-15
 2.74072e+16	1.00e+00	2.83e-07	2.45e-15
 2.74171e+16	1.00e+00	2.34e-07	2.02e-15
 2.74271e+16	1.00e+00	1.98e-07	1.70e-15
 2.74370e+16	1.00e+00	1.71e-07	1.47e-15
 2.74470e+16	1.00e+00	1.52e-07	1.30e-15
 2.74569e+16	1.00e+00	1.38e-07	1.18e-15
 2.74669e+16	1.00e+00	1.27e-07	1.08e-15
 2.74768e+16	1.00e+00	1.19e-07	1.00e-15
 2.74868e+16	1.00e+00	1.13e-07	9.55e-16
 2.74967e+16	1.00e+00	1.09e-07	9.13e-16
 2.75067e+16	1.00e+00	1.05e-07	8.77e-16
 2.75166e+16	1.00e+00	1.03e-07	8.54e-16
 2.75266e+16	1.00e+00	1.01e-07	8.33e-16
 2.75380e+16	1.00e+00	9.87e-08	8.13e-16
 2.75529e+16	1.00e+00	9.68e-08	7.91e-16
 2.75722e+16	1.00e+00	9.48e-08	7.67e-16
 2.75974e+16	1.00e+00	9.29e-08	7.43e-16
 2.76301e+16	1.00e+00	9.08e-08	7.15e-16
 2.76726e+16	1.00e+00	8.84e-08	6.79e-16
 2.77278e+16	1.00e+00	8.54e-08	6.37e-16
 2.77996e+16	1.00e+00	8.16e-08	5.86e-16
 2.78930e+16	1.00e+00	7.69e-08	5.24e-16
 2.80059e+16	1.00e+00	7.17e-08	4.58e-16
 2.81290e+16	1.00e+00	6.64e-08	3.96e-16
 2.82589e+16	1.00e+00	6.11e-08	3.38e-16
 2.84004e+16	1.00e+00	5.58e-08	2.83e-16
 2.85588e+16	1.00e+00	5.03e-08	2.32e-16
 2.87359e+16	1.00e+00	4.48e-08	1.85e-16
 2.89316e+16	1.00e+00	3.94e-08	1.44e-16
 2.91476e+16	1.00e+00	3.42e-08	1.09e-16
 2.93887e+16	1.00e+00	2.92e-08	8.04e-17
 2.96561e+16	1.00e+00	2.45e-08	5.73e-17
 2.99473e+16	1.00e+00	2.03e-08	3.97e-17
 3.02661e+16	1.00e+00	1.66e-08	2.66e-17
 3.06200e+16	1.00e+00	1.32e-08	1.71e-17
 3.10215e+16	1.00e+00	1.03e-08	1.04e-17
 3.14749e+16	1.00e+00	7.78e-09	6.04e-18
 3.19741e+16	1.00e+00	5.76e-09	3.34e-18
 3.25107e+16	1.00e+00	4.20e-09	1.79e-18
 3.30649e+16	1.00e+00	3.06e-09	9.59e-19
 3.36218e+16	1.00e+00	2.24e-09	5.18e-19
 3.41787e+16	1.00e+00	1.65e-09	2.83e-19
 3.47356e+16	1.00e+00	1.22e-09	1.57e-19
 3.53276e+16	1.00e+00	8.91e-10	8.40e-20
 3.59641e+16	1.00e+00	6.42e-10	4.39e-20
 3.66166e+16	1.00e+00	4.62e-10	2.29e-20
 3.72854e+16	1.00e+00	3.31e-10	1.18e-20
 3.79710e+16	1.00e+00	2.39e-10	6.21e-21
 3.86703e+16	1.00e+00	1.72e-10	0.00e+00
 3.93765e+16	1.00e+00	1.24e-10	0.00e+00
 4.00827e+16	1.00e+00	9.06e-11	0.00e+00
 4.08069e+16	1.00e+00	6.56e-11	0.00e+00
 4.15671e+16	1.00e+00	4.73e-11	0.00e+00
 4.23572e+16	1.00e+00	3.39e-11	0.00e+00
 4.31671e+16	1.00e+00	2.43e-11	0.00e+00
 4.39931e+16	1.00e+00	1.74e-11	0.00e+00
 4.48315e+16	1.00e+00	1.24e-11	0.00e+00
 4.56739e+16	1.00e+00	9.00e-12	0.00e+00
 4.65364e+16	1.00e+00	6.47e-12	0.00e+00
 4.74322e+16	1.00e+00	4.63e-12	0.00e+00
 4.83412e+16	1.00e+00	3.32e-12	0.00e+00
 4.92733e+16	1.00e+00	2.38e-12	0.00e+00
 5.02380e+16	1.00e+00	1.70e-12	0.00e+00
 5.12220e+16	1.00e+00	1.21e-12	0.00e+00
 5.23647e+16	1.00e+00	8.13e-13	0.00e+00
 5.38504e+16	1.00e+00	4.93e-13	0.00e+00
 5.57817e+16	1.00e+00	2.62e-13	0.00e+00
 5.80107e+16	1.00e+00	1.31e-13	0.00e+00
 6.03312e+16	1.00e+00	6.53e-14	0.00e+00
 6.27445e+16	1.00e+00	3.23e-14	0.00e+00
 6.52543e+16	1.00e+00	1.59e-14	0.00e+00
 6.78645e+16	1.00e+00	7.75e-15	0.00e+00
 7.05791e+16	1.00e+00	3.74e-15	0.00e+00
 7.34023e+16	1.00e+00	1.76e-15	0.00e+00
 7.60172e+16	1.00e+00	9.15e-16	0.00e+00
 7.86580e+16	1.00e+00	4.66e-16	0.00e+00
 8.17257e+16	1.00e+00	2.21e-16	0.00e+00
 8.49947e+16	1.00e+00	1.01e-16	0.00e+00
 8.78733e+16	1.00e+00	5.12e-17	0.00e+00
 8.99573e+16	1.00e+00	3.16e-17	0.00e+00
 9.13855e+16	1.00e+00	2.28e-17	0.00e+00
 9.26647e+16	1.00e+00	1.70e-17	0.00e+00
 9.43278e+16	1.00e+00	1.17e-17	0.00e+00
 9.64898e+16	1.00e+00	7.29e-18	0.00e+00
 9.93003e+16	1.00e+00	3.97e-18	0.00e+00
 1.02907e+17	1.00e+00	1.90e-18	0.00e+00
 1.07023e+17	1.00e+00	8.56e-19	0.00e+00
 1.11167e+17	1.00e+00	4.05e-19	0.00e+00
 1.15476e+17	1.00e+00	1.99e-19	0.00e+00
 1.20095e+17	1.00e+00	1.01e-19	0.00e+00
 1.24899e+17	1.00e+00	5.61e-20	0.00e+00
 1.29753e+17	1.00e+00	3.41e-20	0.00e+00
 1.34801e+17	1.00e+00	2.51e-20	0.00e+00
 1.40193e+17	1.00e+00	2.01e-20	0.00e+00
 1.45801e+17	1.00e+00	1.73e-20	0.00e+00
 1.51633e+17	1.00e+00	1.56e-20	0.00e+00
 1.57698e+17	1.00e+00	1.44e-20	0.00e+00
 1.64006e+17	1.00e+00	1.34e-20	0.00e+00
 1.70098e+17	1.00e+00	1.27e-20	0.00e+00
 1.75841e+17	1.00e+00	1.27e-20	0.00e+00
 1.81732e+17	1.00e+00	1.25e-20	0.00e+00
 1.87908e+17	1.00e+00	1.20e-20	0.00e+00
 1.94269e+17	1.00e+00	1.15e-20	0.00e+00
 2.00763e+17	1.00e+00	1.11e-20	0.00e+00
 2.07382e+17	1.00e+00	1.07e-20	0.00e+00
 2.14124e+17	1.00e+00	1.04e-20	0.00e+00
 2.20945e+17	1.00e+00	1.00e-20	0.00e+00
 2.27812e+17	1.00e+00	9.78e-21	0.00e+00
 2.34721e+17	1.00e+00	9.53e-21	0.00e+00
 2.41626e+17	1.00e+00	9.34e-21	0.00e+00
 2.48485e+17	1.00e+00	9.18e-21	0.00e+00
 2.55264e+17	1.00e+00	9.08e-21	0.00e+00
 2.61917e+17	1.00e+00	8.99e-21	0.00e+00
 2.68417e+17	1.00e+00	8.98e-21	0.00e+00
 2.74717e+17	1.00e+00	8.97e-21	0.00e+00
 2.80779e+17	1.00e+00	9.04e-21	0.00e+00
 2.86595e+17	1.00e+00	9.10e-21	0.00e+00
 2.92123e+17	1.00e+00	9.21e-21	0.00e+00
 2.97359e+17	1.00e+00	9.35e-21	0.00e+00
 3.02327e+17	1.00e+00	9.50e-21	0.00e+00
 3.07033e+17	1.00e+00	9.63e-21	0.00e+00
 3.11475e+17	1.00e+00	9.77e-21	0.00e+00
 3.15655e+17	1.00e+00	9.92e-21	0.00e+00
 3.19578e+17	1.00e+00	1.01e-20	0.00e+00
 3.23258e+17	1.00e+00	1.02e-20	0.00e+00
 3.26718e+17	1.00e+00	1.03e-20	0.00e+00
 3.29978e+17	1.00e+00	1.05e-20	0.00e+00
 3.33049e+17	1.00e+00	1.06e-20	0.00e+00
 3.35938e+17	1.00e+00	1.07e-20	0.00e+00
 3.38654e+17	1.00e+00	1.08e-20	0.00e+00
 3.41208e+17	1.00e+00	1.09e-20	0.00e+00
 3.43614e+17	1.00e+00	1.10e-20	0.00e+00
 3.45883e+17	1.00e+00	1.11e-20	0.00e+00
 3.48025e+17	1.00e+00	1.11e-20	0.00e+00
 3.50046e+17	1.00e+00	1.12e-20	0.00e+00
 3.51953e+17	1.00e+00	1.13e-20	0.00e+00
 3.53754e+17	1.00e+00	1.13e-20	0.00e+00
 3.55456e+17	1.00e+00	1.14e-20	0.00e+00
 3.57066e+17	1.00e+00	1.15e-20	0.00e+00
 3.58590e+17	1.00e+00	1.15e-20	0.00e+00
 3.60033e+17	1.00e+00	1.16e-20	0.00e+00
 3.61400e+17	1.00e+00	1.16e-20	0.00e+00
 3.62695e+17	1.00e+00	1.16e-20	0.00e+00
 3.63924e+17	1.00e+00	1.17e-20	0.00e+00
 3.65090e+17	1.00e+00	1.17e-20	0.00e+00
 3.66197e+17	1.00e+00	1.18e-20	0.00e+00
 3.67249e+17	1.00e+00	1.18e-20	0.00e+00
 3.68248e+17	1.00e+00	1.18e-20	0.00e+00
 3.69199e+17	1.00e+00	1.19e-20	0.00e+00
 3.70104e+17	1.00e+00	1.19e-20	0.00e+00
 3.70965e+17	1.00e+00	1.20e-20	0.00e+00
 3.71787e+17	1.00e+00	1.20e-20	0.00e+00
 3.72570e+17	1.00e+00	1.20e-20	0.00e+00
 3.73317e+17	1.00e+00	1.21e-20	0.00e+00
 3.74031e+17	1.00e+00	1.21e-20	0.00e+00
 3.74714e+17	1.00e+00	1.22e-20	0.00e+00
 3.75367e+17	1.00e+00	1.22e-20	0.00e+00
 3.75993e+17	1.00e+00	1.23e-20	0.00e+00
 3.76593e+17	1.00e+00	1.23e-20	0.00e+00
 3.77170e+17	1.00e+00	1.24e-20	0.00e+00
 3.77724e+17	1.00e+00	1.24e-20	0.00e+00
 3.78258e+17	1.00e+00	1.25e-20	0.00e+00
 3.78773e+17	1.00e+00	1.25e-20	0.00e+00
 3.79270e+17	1.00e+00	1.26e-20	0.00e+00
 3.79752e+17	1.00e+00	1.26e-20	0.00e+00
 3.80219e+17	1.00e+00	1.27e-20	0.00e+00
 3.80674e+17	1.00e+00	1.27e-20	0.00e+00
 3.81117e+17	1.00e+00	1.27e-20	0.00e+00
 3.81550e+17	1.00e+00	1.28e-20	0.00e+00
 3.81975e+17	1.00e+00	1.28e-20	0.00e+00
 3.82394e+17	1.00e+00	1.28e-20	0.00e+00
 3.82808e+17	1.00e+00	1.28e-20	0.00e+00
 3.83219e+17	1.00e+00	1.29e-20	0.00e+00
 3.83629e+17	1.00e+00	1.29e-20	0.00e+00
 3.84041e+17	1.00e+00	1.29e-20	0.00e+00
 3.84457e+17	1.00e+00	1.28e-20	0.00e+00
 3.84879e+17	1.00e+00	1.28e-20	0.00e+00
 3.85313e+17	1.00e+00	1.28e-20	0.00e+00
 3.85761e+17	1.00e+00	1.27e-20	0.00e+00
 3.86230e+17	1.00e+00	1.27e-20	0.00e+00
 3.86725e+17	1.00e+00	1.26e-20	0.00e+00
 3.87255e+17	1.00e+00	1.25e-20	0.00e+00
 3.87831e+17	1.00e+00	1.24e-20	0.00e+00
 3.88467e+17	1.00e+00	1.23e-20	0.00e+00
 3.89183e+17	1.00e+00	1.21e-20	0.00e+00
 3.90007e+17	1.00e+00	1.20e-20	0.00e+00
 3.90978e+17	1.00e+00	1.18e-20	0.00e+00
 3.92154e+17	1.00e+00	1.16e-20	0.00e+00
 3.93621e+17	1.00e+00	1.14e-20	0.00e+00
 3.95506e+17	1.00e+00	1.11e-20	0.00e+00
 3.97956e+17	1.00e+00	1.07e-20	0.00e+00
 4.01142e+17	1.00e+00	1.00e-20	0.00e+00
 4.05283e+17	1.00e+00	9.16e-21	0.00e+00
 4.10666e+17	1.00e+00	8.07e-21	0.00e+00
 4.17664e+17	1.00e+00	6.78e-21	0.00e+00
 4.26762e+17	1.00e+00	5.35e-21	0.00e+00
 4.38589e+17	1.00e+00	3.83e-21	0.00e+00
 4.53965e+17	1.00e+00	2.50e-21	0.00e+00
 4.71908e+17	1.00e+00	1.42e-21	0.00e+00
 4.90087e+17	1.00e+00	1.12e-21	0.00e+00
 5.07507e+17	1.00e+00	1.10e-21	0.00e+00
 5.24323e+17	1.00e+00	1.11e-21	0.00e+00
 5.40755e+17	1.00e+00	1.04e-21	0.00e+00
 5.56508e+17	1.00e+00	9.81e-22	0.00e+00
 5.71139e+17	1.00e+00	9.67e-22	0.00e+00
 5.84353e+17	1.00e+00	9.88e-22	0.00e+00
 5.96157e+17	1.00e+00	1.02e-21	0.00e+00
 6.06711e+17	1.00e+00	1.03e-21	0.00e+00
 6.16014e+17	1.00e+00	1.01e-21	0.00e+00
 6.23095e+17	1.00e+00	9.92e-22	0.00e+00
 6.27256e+17	1.00e+00	1.11e-21	0.00e+00
 6.29431e+17	1.00e+00	1.23e-21	0.00e+00
 6.30665e+17	1.00e+00	1.30e-21	0.00e+00
 6.31405e+17	1.00e+00	1.41e-21	0.00e+00
 6.31896e+17	1.00e+00	1.78e-21	0.00e+00
 6.32319e+17	1.00e+00	2.09e-21	0.00e+00
 6.32777e+17	1.00e+00	2.15e-21	0.00e+00
 6.33266e+17	1.00e+00	1.96e-21	0.00e+00
 6.33697e+17	1.00e+00	2.00e-21	0.00e+00
 6.34037e+17	1.00e+00	2.26e-21	0.00e+00
 6.34372e+17	1.00e+00	2.58e-21	0.00e+00
 6.34736e+17	1.00e+00	2.36e-21	0.00e+00
 6.35071e+17	1.00e+00	2.39e-21	0.00e+00
 6.35355e+17	1.00e+00	2.54e-21	0.00e+00
 6.35612e+17	1.00e+00	2.77e-21	0.00e+00
 6.35869e+17	1.00e+00	2.81e-21	0.00e+00
 6.36107e+17	1.00e+00	2.84e-21	0.00e+00
 6.36331e+17	1.00e+00	2.97e-21	0.00e+00
 6.36559e+17	1.00e+00	3.00e-21	0.00e+00
 6.36774e+17	1.00e+00	2.97e-21	0.00e+00
 6.36967e+17	1.00e+00	3.14e-21	0.00e+00
 6.37152e+17	1.00e+00	3.31e-21	0.00e+00
 6.37347e+17	1.00e+00	3.38e-21	0.00e+00
 6.37534e+17	1.00e+00	3.16e-21	0.00e+00
 6.37701e+17	1.00e+00	3.79e-21	0.00e+00
 6.37867e+17	1.00e+00	4.04e-21	0.00e+00
 6.38034e+17	1.00e+00	4.08e-21	0.00e+00
 6.38198e+17	1.00e+00	3.86e-21	0.00e+00
 6.38355e+17	1.00e+00	4.55e-21	0.00e+00
 6.38507e+17	1.00e+00	5.25e-21	0.00e+00
 6.38657e+17	1.00e+00	6.03e-21	0.00e+00
 6.38806e+17	1.00e+00	5.66e-21	0.00e+00
 6.38951e+17	1.00e+00	7.05e-21	0.00e+00
 6.39096e+17	1.00e+00	7.30e-21	0.00e+00
 6.39242e+17	1.00e+00	7.42e-21	0.00e+00
 6.39387e+17	1.00e+00	6.47e-21	0.00e+00
 6.39531e+17	1.00e+00	7.44e-21	0.00e+00
 6.39670e+17	1.00e+00	7.54e-21	0.00e+00
 6.39816e+17	1.00e+00	1.25e-20	0.00e+00
 6.39966e+17	1.00e+00	4.50e-21	0.00e+00
 6.40107e+17	1.00e+00	8.84e-21	0.00e+00
 6.40252e+17	1.00e+00	7.47e-21	0.00e+00
 6.40404e+17	1.00e+00	6.16e-21	0.00e+00
 6.40558e+17	1.00e+00	4.82e-21	0.00e+00
 6.40711e+17	1.00e+00	5.06e-21	0.00e+00
 6.40861e+17	1.00e+00	4.94e-21	0.00e+00
 6.41021e+17	1.00e+00	6.47e-21	0.00e+00
 6.41191e+17	1.00e+00	3.50e-21	0.00e+00
 6.41355e+17	1.00e+00	3.71e-21	0.00e+00
 6.41512e+17	1.00e+00	3.98e-21	0.00e+00
 6.41682e+17	1.00e+00	4.88e-21	0.00e+00
 6.41864e+17	1.00e+00	3.18e-21	0.00e+00
 6.42052e+17	1.00e+00	3.24e-21	0.00e+00
 6.42249e+17	1.00e+00	3.00e-21	0.00e+00
 6.42436e+17	1.00e+00	2.96e-21	0.00e+00
 6.42617e+17	1.00e+00	3.18e-21	0.00e+00
 6.42809e+17	1.00e+00	3.06e-21	0.00e+00
 6.43007e+17	1.00e+00	2.92e-21	0.00e+00
 6.43212e+17	1.00e+00	2.91e-21	0.00e+00
 6.43428e+17	1.00e+00	2.78e-21	0.00e+00
 6.43646e+17	1.00e+00	2.72e-21	0.00e+00
 6.43859e+17	1.00e+00	2.70e-21	0.00e+00
 6.44077e+17	1.00e+00	2.73e-21	0.00e+00
 6.44312e+17	1.00e+00	2.63e-21	0.00e+00
 6.44555e+17	1.00e+00	2.54e-21	0.00e+00
 6.44793e+17	1.00e+00	2.49e-21	0.00e+00
 6.45035e+17	1.00e+00	2.51e-21	0.00e+00
 6.45292e+17	1.00e+00	2.43e-21	0.00e+00
 6.45557e+17	1.00e+00	2.35e-21	0.00e+00
 6.45820e+17	1.00e+00	2.31e-21	0.00e+00
 6.46096e+17	1.00e+00	2.31e-21	0.00e+00
 6.46386e+17	1.00e+00	2.16e-21	0.00e+00
 6.46668e+17	1.00e+00	2.15e-21	0.00e+00
 6.46948e+17	1.00e+00	2.15e-21	0.00e+00
 6.47250e+17	1.00e+00	2.13e-21	0.00e+00
 6.47569e+17	1.00e+00	1.95e-21	0.00e+00
 6.47890e+17	1.00e+00	1.94e-21	0.00e+00
 6.48211e+17	1.00e+00	1.87e-21	0.00e+00
 6.48532e+17	1.00e+00	1.89e-21	0.00e+00
 6.48865e+17	1.00e+00	1.82e-21	0.00e+00
 6.49214e+17	1.00e+00	1.77e-21	0.00e+00
 6.49568e+17	1.00e+00	1.66e-21	0.00e+00
 6.49916e+17	1.00e+00	1.67e-21	0.00e+00
 6.50277e+17	1.00e+00	1.63e-21	0.00e+00
 6.50660e+17	1.00e+00	1.55e-21	0.00e+00
 6.51051e+17	1.00e+00	1.46e-21	0.00e+00
 6.51439e+17	1.00e+00	1.44e-21	0.00e+00
 6.51832e+17	1.00e+00	1.41e-21	0.00e+00
 6.52236e+17	1.00e+00	1.37e-21	0.00e+00
 6.52655e+17	1.00e+00	1.29e-21	0.00e+00
 6.53080e+17	1.00e+00	1.24e-21	0.00e+00
 6.53502e+17	1.00e+00	1.20e-21	0.00e+00
 6.53921e+17	1.00e+00	1.20e-21	0.00e+00
 6.54358e+17	1.00e+00	1.16e-21	0.00e+00
 6.54816e+17	1.00e+00	1.07e-21	0.00e+00
 6.55291e+17	1.00e+00	1.01e-21	0.00e+00
 6.55773e+17	1.00e+00	9.53e-22	0.00e+00
 6.56242e+17	1.00e+00	9.24e-22	0.00e+00
 6.56710e+17	1.00e+00	9.46e-22	0.00e+00
 6.57202e+17	1.00e+00	8.78e-22	0.00e+00
 6.57730e+17	1.00e+00	8.18e-22	0.00e+00
 6.58275e+17	1.00e+00	7.13e-22	0.00e+00
 6.58815e+17	1.00e+00	7.11e-22	0.00e+00
 6.59354e+17	1.00e+00	6.73e-22	0.00e+00
 6.59913e+17	1.00e+00	6.69e-22	0.00e+00
 6.60509e+17	1.00e+00	5.78e-22	0.00e+00
 6.61106e+17	1.00e+00	5.38e-22	0.00e+00
 6.61706e+17	1.00e+00	5.26e-22	0.00e+00
 6.62330e+17	1.00e+00	4.91e-22	0.00e+00
 6.62963e+17	1.00e+00	4.42e-22	0.00e+00
 6.63556e+17	1.00e+00	4.34e-22	0.00e+00
 6.64085e+17	1.00e+00	4.80e-22	0.00e+00
 6.64566e+17	1.00e+00	5.41e-22	0.00e+00
 6.65022e+17	1.00e+00	5.77e-22	0.00e+00
 6.65463e+17	1.00e+00	5.91e-22	0.00e+00
 6.65887e+17	1.00e+00	6.05e-22	0.00e+00
 6.66290e+17	1.00e+00	6.29e-22	0.00e+00
 6.66674e+17	1.00e+00	6.58e-22	0.00e+00
 6.67042e+17	1.00e+00	6.84e-22	0.00e+00
 6.67395e+17	1.00e+00	7.07e-22	0.00e+00
 6.67735e+17	1.00e+00	7.29e-22	0.00e+00
 6.68062e+17	1.00e+00	7.52e-22	0.00e+00
 6.68375e+17	1.00e+00	7.77e-22	0.00e+00
 6.68676e+17	1.00e+00	8.02e-22	0.00e+00
 6.68963e+17	1.00e+00	8.28e-22	0.00e+00
 6.69240e+17	1.00e+00	8.53e-22	0.00e+00
 6.69505e+17	1.00e+00	8.79e-22	0.00e+00
 6.69762e+17	1.00e+00	9.01e-22	0.00e+00
 6.70009e+17	1.00e+00	9.21e-22	0.00e+00
 6.70248e+17	1.00e+00	9.40e-22	0.00e+00
 6.70478e+17	1.00e+00	9.60e-22	0.00e+00
 6.70698e+17	1.00e+00	9.85e-22	0.00e+00
 6.70912e+17	1.00e+00	1.01e-21	0.00e+00
 6.71121e+17	1.00e+00	1.02e-21	0.00e+00
 6.71324e+17	1.00e+00	1.03e-21	0.00e+00
 6.71521e+17	1.00e+00	1.05e-21	0.00e+00
 6.71713e+17	1.00e+00	1.06e-21	0.00e+00
 6.71900e+17	1.00e+00	1.07e-21	0.00e+00
 6.72082e+17	1.00e+00	1.09e-21	0.00e+00
 6.72261e+17	1.00e+00	1.10e-21	0.00e+00
 6.72436e+17	1.00e+00	1.11e-21	0.00e+00
 6.72608e+17	1.00e+00	1.11e-21	0.00e+00
 6.72777e+17	1.00e+00	1.12e-21	0.00e+00
 6.72969e+17	1.00e+00	1.13e-21	0.00e+00
 6.73218e+17	1.00e+00	1.00e-21	0.00e+00
 6.73543e+17	1.00e+00	8.01e-22	0.00e+00
 6.73965e+17	1.00e+00	5.87e-22	0.00e+00
 6.74513e+17	1.00e+00	3.89e-22	0.00e+00
 6.75195e+17	1.00e+00	2.35e-22	0.00e+00
 6.75917e+17	1.00e+00	1.59e-22	0.00e+00
 6.76571e+17	1.00e+00	1.71e-22	0.00e+00
 6.77147e+17	1.00e+00	2.26e-22	0.00e+00
 6.77694e+17	1.00e+00	2.71e-22	0.00e+00
 6.78250e+17	1.00e+00	2.70e-22	0.00e+00
