#depth	He	He+	He+2
 1.49634e+10	1.31e-22	9.46e-12	1.00e+00
 4.54887e+10	1.48e-22	1.02e-11	1.00e+00
 7.72350e+10	1.67e-22	1.11e-11	1.00e+00
 1.10251e+11	1.88e-22	1.20e-11	1.00e+00
 1.44588e+11	2.11e-22	1.30e-11	1.00e+00
 1.78093e+11	2.37e-22	1.40e-11	1.00e+00
 2.09963e+11	2.63e-22	1.50e-11	1.00e+00
 2.45314e+11	2.94e-22	1.62e-11	1.00e+00
 2.83909e+11	3.32e-22	1.75e-11	1.00e+00
 3.21167e+11	3.72e-22	1.88e-11	1.00e+00
 3.61059e+11	4.18e-22	2.03e-11	1.00e+00
 4.05428e+11	4.76e-22	2.20e-11	1.00e+00
 4.50218e+11	5.40e-22	2.38e-11	1.00e+00
 4.96799e+11	6.13e-22	2.58e-11	1.00e+00
 5.46597e+11	7.00e-22	2.80e-11	1.00e+00
 5.98388e+11	8.01e-22	3.04e-11	1.00e+00
 6.52250e+11	9.17e-22	3.30e-11	1.00e+00
 7.08267e+11	1.05e-21	3.58e-11	1.00e+00
 7.66525e+11	1.21e-21	3.89e-11	1.00e+00
 8.27112e+11	1.39e-21	4.22e-11	1.00e+00
 8.90124e+11	1.59e-21	4.59e-11	1.00e+00
 9.49286e+11	1.82e-21	4.94e-11	1.00e+00
 1.00204e+12	2.03e-21	5.28e-11	1.00e+00
 1.06119e+12	2.28e-21	5.67e-11	1.00e+00
 1.13148e+12	2.63e-21	6.15e-11	1.00e+00
 1.20191e+12	3.02e-21	6.65e-11	1.00e+00
 1.26778e+12	3.41e-21	7.15e-11	1.00e+00
 1.34105e+12	3.89e-21	7.72e-11	1.00e+00
 1.42462e+12	4.51e-21	8.41e-11	1.00e+00
 1.50753e+12	5.20e-21	9.13e-11	1.00e+00
 1.59376e+12	5.99e-21	9.91e-11	1.00e+00
 1.68744e+12	6.96e-21	1.08e-10	1.00e+00
 1.78282e+12	8.06e-21	1.18e-10	1.00e+00
 1.87163e+12	9.21e-21	1.27e-10	1.00e+00
 1.95341e+12	1.03e-20	1.36e-10	1.00e+00
 2.04679e+12	1.18e-20	1.47e-10	1.00e+00
 2.15653e+12	1.37e-20	1.60e-10	1.00e+00
 2.26503e+12	1.58e-20	1.74e-10	1.00e+00
 2.36633e+12	1.79e-20	1.88e-10	1.00e+00
 2.47938e+12	2.05e-20	2.04e-10	1.00e+00
 2.60848e+12	2.39e-20	2.23e-10	1.00e+00
 2.73565e+12	2.76e-20	2.43e-10	1.00e+00
 2.86790e+12	3.17e-20	2.65e-10	1.00e+00
 3.01255e+12	3.69e-20	2.91e-10	1.00e+00
 3.15808e+12	4.27e-20	3.18e-10	1.00e+00
 3.30943e+12	4.92e-20	3.48e-10	1.00e+00
 3.47173e+12	5.71e-20	3.82e-10	1.00e+00
 3.63289e+12	6.58e-20	4.18e-10	1.00e+00
 3.80049e+12	7.56e-20	4.57e-10	1.00e+00
 3.98244e+12	8.74e-20	5.03e-10	1.00e+00
 4.17166e+12	1.01e-19	5.54e-10	1.00e+00
 4.36846e+12	1.16e-19	6.09e-10	1.00e+00
 4.57312e+12	1.34e-19	6.71e-10	1.00e+00
 4.78597e+12	1.54e-19	7.39e-10	1.00e+00
 4.97898e+12	1.74e-19	8.05e-10	1.00e+00
 5.14063e+12	1.92e-19	8.62e-10	1.00e+00
 5.31806e+12	2.13e-19	9.28e-10	1.00e+00
 5.54168e+12	2.41e-19	1.02e-09	1.00e+00
 5.77438e+12	2.74e-19	1.11e-09	1.00e+00
 5.97398e+12	3.03e-19	1.20e-09	1.00e+00
 6.18150e+12	3.36e-19	1.30e-09	1.00e+00
 6.43974e+12	3.80e-19	1.42e-09	1.00e+00
 6.70122e+12	4.31e-19	1.55e-09	1.00e+00
 6.92933e+12	4.77e-19	1.67e-09	1.00e+00
 7.17673e+12	5.31e-19	1.81e-09	1.00e+00
 7.47786e+12	6.02e-19	1.99e-09	1.00e+00
 7.78425e+12	6.82e-19	2.18e-09	1.00e+00
 8.06560e+12	7.61e-19	2.36e-09	1.00e+00
 8.37897e+12	8.56e-19	2.57e-09	1.00e+00
 8.74218e+12	9.79e-19	2.83e-09	1.00e+00
 9.10032e+12	1.11e-18	3.09e-09	1.00e+00
 9.44340e+12	1.25e-18	3.36e-09	1.00e+00
 9.82166e+12	1.43e-18	3.67e-09	1.00e+00
 1.02445e+13	1.64e-18	4.03e-09	1.00e+00
 1.06289e+13	1.86e-18	4.38e-09	1.00e+00
 1.09525e+13	2.06e-18	4.68e-09	1.00e+00
 1.13085e+13	2.30e-18	5.02e-09	1.00e+00
 1.17103e+13	2.60e-18	5.43e-09	1.00e+00
 1.20950e+13	2.92e-18	5.83e-09	1.00e+00
 1.25184e+13	3.30e-18	6.29e-09	1.00e+00
 1.29888e+13	3.77e-18	6.82e-09	1.00e+00
 1.34296e+13	4.26e-18	7.34e-09	1.00e+00
 1.39121e+13	4.86e-18	7.92e-09	1.00e+00
 1.44547e+13	5.61e-18	8.61e-09	1.00e+00
 1.49730e+13	6.40e-18	9.30e-09	1.00e+00
 1.55409e+13	7.38e-18	1.01e-08	1.00e+00
 1.61422e+13	8.54e-18	1.10e-08	1.00e+00
 1.66686e+13	9.66e-18	1.17e-08	1.00e+00
 1.72306e+13	1.10e-17	1.26e-08	1.00e+00
 1.79142e+13	1.28e-17	1.37e-08	1.00e+00
 1.85951e+13	1.48e-17	1.49e-08	1.00e+00
 1.91962e+13	1.68e-17	1.59e-08	1.00e+00
 1.98543e+13	1.92e-17	1.71e-08	1.00e+00
 2.06457e+13	2.24e-17	1.86e-08	1.00e+00
 2.14374e+13	2.61e-17	2.02e-08	1.00e+00
 2.21579e+13	2.98e-17	2.16e-08	1.00e+00
 2.29589e+13	3.43e-17	2.33e-08	1.00e+00
 2.38949e+13	4.03e-17	2.54e-08	1.00e+00
 2.48178e+13	4.70e-17	2.75e-08	1.00e+00
 2.56914e+13	5.41e-17	2.96e-08	1.00e+00
 2.66629e+13	6.28e-17	3.20e-08	1.00e+00
 2.77593e+13	7.40e-17	3.48e-08	1.00e+00
 2.88617e+13	8.66e-17	3.78e-08	1.00e+00
 3.00083e+13	1.01e-16	4.10e-08	1.00e+00
 3.12385e+13	1.19e-16	4.46e-08	1.00e+00
 3.25180e+13	1.41e-16	4.85e-08	1.00e+00
 3.37375e+13	1.63e-16	5.23e-08	1.00e+00
 3.48514e+13	1.86e-16	5.60e-08	1.00e+00
 3.59023e+13	2.10e-16	5.95e-08	1.00e+00
 3.70621e+13	2.39e-16	6.35e-08	1.00e+00
 3.83625e+13	2.75e-16	6.83e-08	1.00e+00
 3.95929e+13	3.12e-16	7.28e-08	1.00e+00
 4.09398e+13	3.57e-16	7.80e-08	1.00e+00
 4.24501e+13	4.14e-16	8.40e-08	1.00e+00
 4.38513e+13	4.72e-16	8.98e-08	1.00e+00
 4.51495e+13	5.31e-16	9.53e-08	1.00e+00
 4.66357e+13	6.04e-16	1.02e-07	1.00e+00
 4.84402e+13	7.04e-16	1.10e-07	1.00e+00
 5.02225e+13	8.14e-16	1.18e-07	1.00e+00
 5.17843e+13	9.20e-16	1.26e-07	1.00e+00
 5.34955e+13	1.05e-15	1.34e-07	1.00e+00
 5.55669e+13	1.22e-15	1.45e-07	1.00e+00
 5.76441e+13	1.41e-15	1.56e-07	1.00e+00
 5.95217e+13	1.60e-15	1.67e-07	1.00e+00
 6.16027e+13	1.84e-15	1.78e-07	1.00e+00
 6.40494e+13	2.15e-15	1.93e-07	1.00e+00
 6.64660e+13	2.49e-15	2.08e-07	1.00e+00
 6.87265e+13	2.84e-15	2.22e-07	1.00e+00
 7.12526e+13	3.28e-15	2.39e-07	1.00e+00
 7.41326e+13	3.84e-15	2.59e-07	1.00e+00
 7.69925e+13	4.46e-15	2.79e-07	1.00e+00
 7.99668e+13	5.18e-15	3.01e-07	1.00e+00
 8.31954e+13	6.06e-15	3.26e-07	1.00e+00
 8.65532e+13	7.09e-15	3.52e-07	1.00e+00
 8.98048e+13	8.21e-15	3.79e-07	1.00e+00
 9.28629e+13	9.37e-15	4.06e-07	1.00e+00
 9.62836e+13	1.08e-14	4.36e-07	1.00e+00
 9.97311e+13	1.24e-14	4.68e-07	1.00e+00
 1.02593e+14	1.39e-14	4.95e-07	1.00e+00
 1.05623e+14	1.56e-14	5.25e-07	1.00e+00
 1.09497e+14	1.80e-14	5.65e-07	1.00e+00
 1.13562e+14	2.09e-14	6.08e-07	1.00e+00
 1.17153e+14	2.36e-14	6.48e-07	1.00e+00
 1.21035e+14	2.69e-14	6.92e-07	1.00e+00
 1.25709e+14	3.13e-14	7.47e-07	1.00e+00
 1.30451e+14	3.63e-14	8.06e-07	1.00e+00
 1.34888e+14	4.14e-14	8.62e-07	1.00e+00
 1.39820e+14	4.78e-14	9.29e-07	1.00e+00
 1.45053e+14	5.54e-14	1.00e-06	1.00e+00
 1.49706e+14	6.29e-14	1.07e-06	1.00e+00
 1.54709e+14	7.18e-14	1.14e-06	1.00e+00
 1.60703e+14	8.36e-14	1.24e-06	1.00e+00
 1.66599e+14	9.66e-14	1.33e-06	1.00e+00
 1.71852e+14	1.09e-13	1.42e-06	1.00e+00
 1.77651e+14	1.25e-13	1.52e-06	1.00e+00
 1.84563e+14	1.46e-13	1.65e-06	1.00e+00
 1.91420e+14	1.69e-13	1.78e-06	1.00e+00
 1.97686e+14	1.92e-13	1.90e-06	1.00e+00
 2.04685e+14	2.20e-13	2.04e-06	1.00e+00
 2.12829e+14	2.57e-13	2.21e-06	1.00e+00
 2.20828e+14	2.98e-13	2.39e-06	1.00e+00
 2.28393e+14	3.40e-13	2.56e-06	1.00e+00
 2.36805e+14	3.92e-13	2.76e-06	1.00e+00
 2.46307e+14	4.58e-13	2.99e-06	1.00e+00
 2.55317e+14	5.27e-13	3.22e-06	1.00e+00
 2.63517e+14	5.96e-13	3.44e-06	1.00e+00
 2.72797e+14	6.82e-13	3.69e-06	1.00e+00
 2.83618e+14	7.94e-13	4.00e-06	1.00e+00
 2.94003e+14	9.11e-13	4.30e-06	1.00e+00
 3.03402e+14	1.03e-12	4.59e-06	1.00e+00
 3.12249e+14	1.15e-12	4.86e-06	1.00e+00
 3.22041e+14	1.29e-12	5.18e-06	1.00e+00
 3.32989e+14	1.47e-12	5.54e-06	1.00e+00
 3.43338e+14	1.65e-12	5.90e-06	1.00e+00
 3.54689e+14	1.87e-12	6.31e-06	1.00e+00
 3.67397e+14	2.13e-12	6.78e-06	1.00e+00
 3.79388e+14	2.41e-12	7.23e-06	1.00e+00
 3.92498e+14	2.74e-12	7.75e-06	1.00e+00
 4.06993e+14	3.13e-12	8.34e-06	1.00e+00
 4.20383e+14	3.54e-12	8.92e-06	1.00e+00
 4.34887e+14	4.01e-12	9.55e-06	1.00e+00
 4.51093e+14	4.60e-12	1.03e-05	1.00e+00
 4.66312e+14	5.20e-12	1.10e-05	1.00e+00
 4.82896e+14	5.92e-12	1.18e-05	1.00e+00
 5.01341e+14	6.81e-12	1.28e-05	1.00e+00
 5.18577e+14	7.71e-12	1.37e-05	1.00e+00
 5.37293e+14	8.80e-12	1.47e-05	1.00e+00
 5.58222e+14	1.01e-11	1.59e-05	1.00e+00
 5.78089e+14	1.15e-11	1.71e-05	1.00e+00
 5.99342e+14	1.32e-11	1.84e-05	1.00e+00
 6.23346e+14	1.53e-11	2.00e-05	1.00e+00
 6.46993e+14	1.76e-11	2.16e-05	1.00e+00
 6.71586e+14	2.02e-11	2.34e-05	1.00e+00
 6.98480e+14	2.35e-11	2.54e-05	1.00e+00
 7.25045e+14	2.71e-11	2.75e-05	1.00e+00
 7.47134e+14	3.03e-11	2.93e-05	1.00e+00
 7.64983e+14	3.32e-11	3.08e-05	1.00e+00
 7.84796e+14	3.67e-11	3.25e-05	1.00e+00
 8.10552e+14	4.17e-11	3.49e-05	1.00e+00
 8.38155e+14	4.75e-11	3.75e-05	1.00e+00
 8.62646e+14	5.31e-11	3.99e-05	1.00e+00
 8.88968e+14	5.99e-11	4.26e-05	1.00e+00
 9.21938e+14	6.92e-11	4.61e-05	1.00e+00
 9.55405e+14	7.99e-11	4.99e-05	1.00e+00
 9.84447e+14	9.01e-11	5.33e-05	1.00e+00
 1.01588e+15	1.03e-10	5.71e-05	1.00e+00
 1.05434e+15	1.19e-10	6.21e-05	1.00e+00
 1.09312e+15	1.39e-10	6.73e-05	1.00e+00
 1.12763e+15	1.58e-10	7.21e-05	1.00e+00
 1.16538e+15	1.81e-10	7.76e-05	1.00e+00
 1.21047e+15	2.12e-10	8.45e-05	1.00e+00
 1.25507e+15	2.47e-10	9.17e-05	1.00e+00
 1.29540e+15	2.82e-10	9.85e-05	1.00e+00
 1.34019e+15	3.26e-10	1.06e-04	1.00e+00
 1.39283e+15	3.84e-10	1.16e-04	1.00e+00
 1.44472e+15	4.49e-10	1.26e-04	1.00e+00
 1.49300e+15	5.17e-10	1.36e-04	1.00e+00
 1.54706e+15	6.02e-10	1.47e-04	1.00e+00
 1.60898e+15	7.13e-10	1.61e-04	1.00e+00
 1.67002e+15	8.37e-10	1.75e-04	1.00e+00
 1.73352e+15	9.84e-10	1.90e-04	1.00e+00
 1.79128e+15	1.13e-09	2.05e-04	1.00e+00
 1.83443e+15	1.26e-09	2.16e-04	1.00e+00
 1.87905e+15	1.39e-09	2.28e-04	1.00e+00
 1.93705e+15	1.59e-09	2.45e-04	1.00e+00
 2.00007e+15	1.83e-09	2.63e-04	1.00e+00
 2.05714e+15	2.06e-09	2.80e-04	1.00e+00
 2.11884e+15	2.35e-09	2.99e-04	1.00e+00
 2.19681e+15	2.75e-09	3.24e-04	1.00e+00
 2.27513e+15	3.20e-09	3.51e-04	1.00e+00
 2.34111e+15	3.62e-09	3.74e-04	1.00e+00
 2.41187e+15	4.12e-09	3.99e-04	1.00e+00
 2.50091e+15	4.82e-09	4.33e-04	1.00e+00
 2.59442e+15	5.65e-09	4.69e-04	1.00e+00
 2.67895e+15	6.48e-09	5.04e-04	9.99e-01
 2.77110e+15	7.50e-09	5.43e-04	9.99e-01
 2.87967e+15	8.85e-09	5.91e-04	9.99e-01
 2.98567e+15	1.03e-08	6.40e-04	9.99e-01
 3.08243e+15	1.18e-08	6.86e-04	9.99e-01
 3.19108e+15	1.38e-08	7.40e-04	9.99e-01
 3.31755e+15	1.62e-08	8.05e-04	9.99e-01
 3.44195e+15	1.90e-08	8.72e-04	9.99e-01
 3.55949e+15	2.19e-08	9.37e-04	9.99e-01
 3.66210e+15	2.47e-08	9.96e-04	9.99e-01
 3.74748e+15	2.72e-08	1.05e-03	9.99e-01
 3.84171e+15	3.02e-08	1.10e-03	9.99e-01
 3.96420e+15	3.45e-08	1.18e-03	9.99e-01
 4.09285e+15	3.94e-08	1.26e-03	9.99e-01
 4.20289e+15	4.39e-08	1.34e-03	9.99e-01
 4.31933e+15	4.92e-08	1.42e-03	9.99e-01
 4.47070e+15	5.69e-08	1.53e-03	9.98e-01
 4.62647e+15	6.55e-08	1.64e-03	9.98e-01
 4.75629e+15	7.34e-08	1.74e-03	9.98e-01
 4.89338e+15	8.27e-08	1.85e-03	9.98e-01
 5.07030e+15	9.60e-08	1.99e-03	9.98e-01
 5.25549e+15	1.11e-07	2.15e-03	9.98e-01
 5.41545e+15	1.26e-07	2.29e-03	9.98e-01
 5.58611e+15	1.43e-07	2.44e-03	9.98e-01
 5.79624e+15	1.67e-07	2.64e-03	9.97e-01
 6.00469e+15	1.93e-07	2.84e-03	9.97e-01
 6.18740e+15	2.18e-07	3.02e-03	9.97e-01
 6.38965e+15	2.49e-07	3.23e-03	9.97e-01
 6.61743e+15	2.88e-07	3.48e-03	9.97e-01
 6.82762e+15	3.27e-07	3.71e-03	9.96e-01
 7.01887e+15	3.66e-07	3.94e-03	9.96e-01
 7.19963e+15	4.06e-07	4.15e-03	9.96e-01
 7.39796e+15	4.54e-07	4.40e-03	9.96e-01
 7.61145e+15	5.10e-07	4.68e-03	9.95e-01
 7.80519e+15	5.64e-07	4.93e-03	9.95e-01
 8.01758e+15	6.32e-07	5.23e-03	9.95e-01
 8.25014e+15	7.10e-07	5.57e-03	9.94e-01
 8.46730e+15	7.89e-07	5.89e-03	9.94e-01
 8.70800e+15	8.90e-07	6.28e-03	9.94e-01
 8.96904e+15	1.00e-06	6.71e-03	9.93e-01
 9.21151e+15	1.12e-06	7.13e-03	9.93e-01
 9.48172e+15	1.27e-06	7.64e-03	9.92e-01
 9.76762e+15	1.44e-06	8.19e-03	9.92e-01
 1.00146e+16	1.60e-06	8.69e-03	9.91e-01
 1.02765e+16	1.79e-06	9.28e-03	9.91e-01
 1.05666e+16	2.03e-06	9.98e-03	9.90e-01
 1.08339e+16	2.26e-06	1.06e-02	9.89e-01
 1.10833e+16	2.51e-06	1.13e-02	9.89e-01
 1.13692e+16	2.85e-06	1.22e-02	9.88e-01
 1.16614e+16	3.20e-06	1.31e-02	9.87e-01
 1.19004e+16	3.53e-06	1.40e-02	9.86e-01
 1.21496e+16	3.94e-06	1.50e-02	9.85e-01
 1.24217e+16	4.43e-06	1.62e-02	9.84e-01
 1.26654e+16	4.91e-06	1.73e-02	9.83e-01
 1.28878e+16	5.43e-06	1.85e-02	9.81e-01
 1.31407e+16	6.12e-06	2.01e-02	9.80e-01
 1.34112e+16	6.96e-06	2.19e-02	9.78e-01
 1.36444e+16	7.78e-06	2.37e-02	9.76e-01
 1.38528e+16	8.65e-06	2.55e-02	9.75e-01
 1.40891e+16	9.83e-06	2.79e-02	9.72e-01
 1.43417e+16	1.13e-05	3.08e-02	9.69e-01
 1.45562e+16	1.28e-05	3.37e-02	9.66e-01
 1.47431e+16	1.43e-05	3.66e-02	9.63e-01
 1.49534e+16	1.64e-05	4.05e-02	9.59e-01
 1.51779e+16	1.93e-05	4.54e-02	9.55e-01
 1.53658e+16	2.20e-05	5.02e-02	9.50e-01
 1.55251e+16	2.49e-05	5.51e-02	9.45e-01
 1.57025e+16	2.85e-05	6.16e-02	9.38e-01
 1.58961e+16	3.37e-05	7.01e-02	9.30e-01
 1.60623e+16	4.00e-05	7.91e-02	9.21e-01
 1.61875e+16	4.54e-05	8.72e-02	9.13e-01
 1.63080e+16	5.17e-05	9.65e-02	9.03e-01
 1.64648e+16	6.19e-05	1.11e-01	8.89e-01
 1.66213e+16	7.48e-05	1.29e-01	8.71e-01
 1.67235e+16	8.54e-05	1.43e-01	8.57e-01
 1.67842e+16	9.29e-05	1.53e-01	8.47e-01
 1.68450e+16	1.01e-04	1.63e-01	8.36e-01
 1.69240e+16	1.14e-04	1.79e-01	8.21e-01
 1.70072e+16	1.30e-04	1.98e-01	8.02e-01
 1.70769e+16	1.44e-04	2.16e-01	7.84e-01
 1.71488e+16	1.62e-04	2.37e-01	7.63e-01
 1.72244e+16	1.84e-04	2.62e-01	7.38e-01
 1.72878e+16	2.06e-04	2.85e-01	7.15e-01
 1.73428e+16	2.27e-04	3.07e-01	6.93e-01
 1.73934e+16	2.48e-04	3.29e-01	6.71e-01
 1.74490e+16	2.74e-04	3.55e-01	6.45e-01
 1.75212e+16	3.14e-04	3.92e-01	6.08e-01
 1.75899e+16	3.54e-04	4.29e-01	5.70e-01
 1.76423e+16	3.87e-04	4.60e-01	5.40e-01
 1.76987e+16	4.28e-04	4.94e-01	5.05e-01
 1.77719e+16	4.83e-04	5.40e-01	4.60e-01
 1.78473e+16	5.43e-04	5.86e-01	4.13e-01
 1.79108e+16	5.97e-04	6.26e-01	3.74e-01
 1.79785e+16	6.57e-04	6.67e-01	3.33e-01
 1.80666e+16	7.36e-04	7.16e-01	2.83e-01
 1.81603e+16	8.17e-04	7.63e-01	2.37e-01
 1.82460e+16	8.91e-04	8.00e-01	1.99e-01
 1.83420e+16	9.73e-04	8.36e-01	1.63e-01
 1.84667e+16	1.07e-03	8.73e-01	1.26e-01
 1.85766e+16	1.16e-03	8.97e-01	1.01e-01
 1.86437e+16	1.21e-03	9.10e-01	8.90e-02
 1.87075e+16	1.25e-03	9.21e-01	7.82e-02
 1.87903e+16	1.32e-03	9.32e-01	6.64e-02
 1.88980e+16	1.40e-03	9.45e-01	5.39e-02
 1.90085e+16	1.48e-03	9.54e-01	4.43e-02
 1.90984e+16	1.55e-03	9.60e-01	3.80e-02
 1.91908e+16	1.63e-03	9.66e-01	3.23e-02
 1.92952e+16	1.73e-03	9.71e-01	2.72e-02
 1.93850e+16	1.81e-03	9.74e-01	2.37e-02
 1.94536e+16	1.88e-03	9.77e-01	2.13e-02
 1.95248e+16	1.95e-03	9.79e-01	1.91e-02
 1.96173e+16	2.06e-03	9.81e-01	1.66e-02
 1.97094e+16	2.18e-03	9.83e-01	1.46e-02
 1.97785e+16	2.27e-03	9.84e-01	1.33e-02
 1.98357e+16	2.35e-03	9.85e-01	1.23e-02
 1.98998e+16	2.45e-03	9.86e-01	1.12e-02
 1.99833e+16	2.59e-03	9.87e-01	9.98e-03
 2.00658e+16	2.74e-03	9.88e-01	9.00e-03
 2.01262e+16	2.87e-03	9.89e-01	8.36e-03
 2.01756e+16	2.97e-03	9.89e-01	7.85e-03
 2.02317e+16	3.10e-03	9.90e-01	7.30e-03
 2.03047e+16	3.29e-03	9.90e-01	6.65e-03
 2.03772e+16	3.49e-03	9.90e-01	6.11e-03
 2.04311e+16	3.66e-03	9.91e-01	5.75e-03
 2.04755e+16	3.81e-03	9.91e-01	5.46e-03
 2.05256e+16	3.99e-03	9.91e-01	5.13e-03
 2.05908e+16	4.24e-03	9.91e-01	4.75e-03
 2.06554e+16	4.54e-03	9.91e-01	4.42e-03
 2.07033e+16	4.78e-03	9.91e-01	4.20e-03
 2.07435e+16	4.99e-03	9.91e-01	4.01e-03
 2.07895e+16	5.26e-03	9.91e-01	3.80e-03
 2.08493e+16	5.65e-03	9.91e-01	3.55e-03
 2.09092e+16	6.11e-03	9.91e-01	3.33e-03
 2.09545e+16	6.49e-03	9.90e-01	3.18e-03
 2.09925e+16	6.85e-03	9.90e-01	3.05e-03
 2.10357e+16	7.30e-03	9.90e-01	2.91e-03
 2.10920e+16	7.94e-03	9.89e-01	2.74e-03
 2.11501e+16	8.75e-03	9.89e-01	2.58e-03
 2.11965e+16	9.53e-03	9.88e-01	2.46e-03
 2.12354e+16	1.03e-02	9.87e-01	2.36e-03
 2.12784e+16	1.12e-02	9.87e-01	2.25e-03
 2.13263e+16	1.24e-02	9.85e-01	2.15e-03
 2.13672e+16	1.37e-02	9.84e-01	2.06e-03
 2.13981e+16	1.48e-02	9.83e-01	2.00e-03
 2.14295e+16	1.61e-02	9.82e-01	1.93e-03
 2.14645e+16	1.78e-02	9.80e-01	1.86e-03
 2.14960e+16	1.96e-02	9.79e-01	1.81e-03
 2.15220e+16	2.13e-02	9.77e-01	1.77e-03
 2.15495e+16	2.34e-02	9.75e-01	1.72e-03
 2.15794e+16	2.61e-02	9.72e-01	1.67e-03
 2.16051e+16	2.89e-02	9.69e-01	1.63e-03
 2.16263e+16	3.16e-02	9.67e-01	1.60e-03
 2.16487e+16	3.50e-02	9.63e-01	1.57e-03
 2.16733e+16	3.93e-02	9.59e-01	1.54e-03
 2.16949e+16	4.39e-02	9.55e-01	1.52e-03
 2.17131e+16	4.83e-02	9.50e-01	1.50e-03
 2.17324e+16	5.40e-02	9.45e-01	1.48e-03
 2.17531e+16	6.09e-02	9.38e-01	1.47e-03
 2.17707e+16	6.82e-02	9.30e-01	1.46e-03
 2.17854e+16	7.51e-02	9.23e-01	1.46e-03
 2.18006e+16	8.33e-02	9.15e-01	1.46e-03
 2.18169e+16	9.34e-02	9.05e-01	1.46e-03
 2.18315e+16	1.04e-01	8.94e-01	1.47e-03
 2.18444e+16	1.15e-01	8.83e-01	1.48e-03
 2.18564e+16	1.26e-01	8.72e-01	1.49e-03
 2.18675e+16	1.38e-01	8.60e-01	1.50e-03
 2.18776e+16	1.50e-01	8.49e-01	1.52e-03
 2.18868e+16	1.62e-01	8.37e-01	1.54e-03
 2.18953e+16	1.74e-01	8.24e-01	1.55e-03
 2.19020e+16	1.84e-01	8.15e-01	1.56e-03
 2.19065e+16	1.91e-01	8.07e-01	1.57e-03
 2.19107e+16	1.98e-01	8.00e-01	1.58e-03
 2.19156e+16	2.07e-01	7.92e-01	1.59e-03
 2.19208e+16	2.17e-01	7.82e-01	1.60e-03
 2.19258e+16	2.26e-01	7.72e-01	1.61e-03
 2.19306e+16	2.36e-01	7.63e-01	1.62e-03
 2.19353e+16	2.46e-01	7.53e-01	1.63e-03
 2.19400e+16	2.56e-01	7.43e-01	1.65e-03
 2.19447e+16	2.67e-01	7.32e-01	1.66e-03
 2.19494e+16	2.78e-01	7.20e-01	1.66e-03
 2.19540e+16	2.89e-01	7.09e-01	1.68e-03
 2.19584e+16	3.01e-01	6.98e-01	1.69e-03
 2.19629e+16	3.13e-01	6.85e-01	1.69e-03
 2.19674e+16	3.25e-01	6.73e-01	1.71e-03
 2.19718e+16	3.38e-01	6.61e-01	1.72e-03
 2.19762e+16	3.51e-01	6.48e-01	1.72e-03
 2.19805e+16	3.64e-01	6.35e-01	1.73e-03
 2.19847e+16	3.77e-01	6.21e-01	1.74e-03
 2.19889e+16	3.91e-01	6.08e-01	1.75e-03
 2.19931e+16	4.04e-01	5.94e-01	1.75e-03
 2.19973e+16	4.19e-01	5.80e-01	1.76e-03
 2.20014e+16	4.33e-01	5.66e-01	1.76e-03
 2.20055e+16	4.47e-01	5.51e-01	1.76e-03
 2.20095e+16	4.62e-01	5.37e-01	1.77e-03
 2.20135e+16	4.76e-01	5.22e-01	1.77e-03
 2.20175e+16	4.91e-01	5.07e-01	1.77e-03
 2.20214e+16	5.06e-01	4.92e-01	1.77e-03
 2.20253e+16	5.21e-01	4.78e-01	1.76e-03
 2.20291e+16	5.35e-01	4.63e-01	1.76e-03
 2.20328e+16	5.50e-01	4.49e-01	1.76e-03
 2.20365e+16	5.64e-01	4.34e-01	1.75e-03
 2.20401e+16	5.78e-01	4.20e-01	1.74e-03
 2.20437e+16	5.92e-01	4.06e-01	1.73e-03
 2.20472e+16	6.05e-01	3.93e-01	1.72e-03
 2.20507e+16	6.19e-01	3.80e-01	1.71e-03
 2.20541e+16	6.32e-01	3.67e-01	1.70e-03
 2.20574e+16	6.45e-01	3.54e-01	1.68e-03
 2.20608e+16	6.57e-01	3.41e-01	1.67e-03
 2.20641e+16	6.70e-01	3.28e-01	1.65e-03
 2.20674e+16	6.82e-01	3.16e-01	1.63e-03
 2.20706e+16	6.94e-01	3.04e-01	1.61e-03
 2.20739e+16	7.06e-01	2.93e-01	1.59e-03
 2.20771e+16	7.17e-01	2.82e-01	1.57e-03
 2.20803e+16	7.28e-01	2.71e-01	1.55e-03
 2.20834e+16	7.38e-01	2.60e-01	1.53e-03
 2.20865e+16	7.49e-01	2.50e-01	1.50e-03
 2.20897e+16	7.59e-01	2.39e-01	1.47e-03
 2.20928e+16	7.69e-01	2.30e-01	1.45e-03
 2.20960e+16	7.78e-01	2.20e-01	1.42e-03
 2.20991e+16	7.88e-01	2.11e-01	1.39e-03
 2.21023e+16	7.97e-01	2.02e-01	1.36e-03
 2.21055e+16	8.06e-01	1.93e-01	1.33e-03
 2.21082e+16	8.13e-01	1.86e-01	1.30e-03
 2.21104e+16	8.19e-01	1.80e-01	1.28e-03
 2.21123e+16	8.24e-01	1.75e-01	1.26e-03
 2.21144e+16	8.29e-01	1.70e-01	1.24e-03
 2.21165e+16	8.34e-01	1.65e-01	1.21e-03
 2.21187e+16	8.39e-01	1.60e-01	1.19e-03
 2.21206e+16	8.44e-01	1.55e-01	1.17e-03
 2.21225e+16	8.48e-01	1.51e-01	1.15e-03
 2.21243e+16	8.52e-01	1.47e-01	1.13e-03
 2.21262e+16	8.56e-01	1.43e-01	1.11e-03
 2.21281e+16	8.60e-01	1.39e-01	1.09e-03
 2.21299e+16	8.63e-01	1.36e-01	1.07e-03
 2.21317e+16	8.67e-01	1.32e-01	1.05e-03
 2.21334e+16	8.70e-01	1.29e-01	1.03e-03
 2.21352e+16	8.73e-01	1.26e-01	1.01e-03
 2.21369e+16	8.76e-01	1.23e-01	9.94e-04
 2.21387e+16	8.79e-01	1.20e-01	9.76e-04
 2.21404e+16	8.82e-01	1.17e-01	9.59e-04
 2.21422e+16	8.85e-01	1.14e-01	9.41e-04
 2.21439e+16	8.88e-01	1.11e-01	9.24e-04
 2.21457e+16	8.90e-01	1.09e-01	9.06e-04
 2.21475e+16	8.93e-01	1.06e-01	8.89e-04
 2.21494e+16	8.96e-01	1.03e-01	8.72e-04
 2.21513e+16	8.98e-01	1.01e-01	8.54e-04
 2.21533e+16	9.01e-01	9.84e-02	8.37e-04
 2.21553e+16	9.03e-01	9.59e-02	8.19e-04
 2.21575e+16	9.06e-01	9.33e-02	8.00e-04
 2.21598e+16	9.08e-01	9.08e-02	7.82e-04
 2.21624e+16	9.11e-01	8.80e-02	7.62e-04
 2.21653e+16	9.14e-01	8.51e-02	7.40e-04
 2.21686e+16	9.17e-01	8.20e-02	7.16e-04
 2.21724e+16	9.21e-01	7.88e-02	6.91e-04
 2.21765e+16	9.24e-01	7.57e-02	6.65e-04
 2.21806e+16	9.27e-01	7.28e-02	6.41e-04
 2.21848e+16	9.29e-01	7.01e-02	6.18e-04
 2.21892e+16	9.32e-01	6.76e-02	5.96e-04
 2.21934e+16	9.34e-01	6.55e-02	5.77e-04
 2.21973e+16	9.36e-01	6.36e-02	5.60e-04
 2.22008e+16	9.37e-01	6.21e-02	5.46e-04
 2.22047e+16	9.39e-01	6.05e-02	5.30e-04
 2.22089e+16	9.40e-01	5.91e-02	5.17e-04
 2.22127e+16	9.42e-01	5.79e-02	5.05e-04
 2.22169e+16	9.43e-01	5.67e-02	4.92e-04
 2.22223e+16	9.44e-01	5.53e-02	4.79e-04
 2.22281e+16	9.45e-01	5.41e-02	4.67e-04
 2.22335e+16	9.46e-01	5.31e-02	4.56e-04
 2.22393e+16	9.48e-01	5.20e-02	4.44e-04
 2.22469e+16	9.49e-01	5.09e-02	4.32e-04
 2.22551e+16	9.50e-01	5.00e-02	4.21e-04
 2.22625e+16	9.50e-01	4.92e-02	4.11e-04
 2.22707e+16	9.51e-01	4.84e-02	4.01e-04
 2.22813e+16	9.52e-01	4.75e-02	3.91e-04
 2.22927e+16	9.53e-01	4.68e-02	3.81e-04
 2.23032e+16	9.53e-01	4.62e-02	3.72e-04
 2.23146e+16	9.54e-01	4.55e-02	3.62e-04
 2.23294e+16	9.55e-01	4.48e-02	3.51e-04
 2.23455e+16	9.56e-01	4.41e-02	3.41e-04
 2.23601e+16	9.56e-01	4.35e-02	3.31e-04
 2.23733e+16	9.57e-01	4.29e-02	3.23e-04
 2.23879e+16	9.57e-01	4.23e-02	3.13e-04
 2.24036e+16	9.58e-01	4.17e-02	3.04e-04
 2.24179e+16	9.59e-01	4.12e-02	2.96e-04
 2.24309e+16	9.59e-01	4.07e-02	2.89e-04
 2.24452e+16	9.60e-01	4.01e-02	2.81e-04
 2.24605e+16	9.60e-01	3.96e-02	2.73e-04
 2.24745e+16	9.61e-01	3.91e-02	2.65e-04
 2.24873e+16	9.61e-01	3.86e-02	2.59e-04
 2.25013e+16	9.62e-01	3.81e-02	2.52e-04
 2.25163e+16	9.62e-01	3.76e-02	2.45e-04
 2.25300e+16	9.63e-01	3.71e-02	2.38e-04
 2.25425e+16	9.63e-01	3.66e-02	2.32e-04
 2.25562e+16	9.64e-01	3.61e-02	2.26e-04
 2.25710e+16	9.64e-01	3.56e-02	2.20e-04
 2.25844e+16	9.65e-01	3.52e-02	2.14e-04
 2.25966e+16	9.65e-01	3.48e-02	2.09e-04
 2.26100e+16	9.65e-01	3.43e-02	2.03e-04
 2.26245e+16	9.66e-01	3.39e-02	1.98e-04
 2.26377e+16	9.66e-01	3.34e-02	1.93e-04
 2.26497e+16	9.67e-01	3.31e-02	1.88e-04
 2.26628e+16	9.67e-01	3.26e-02	1.83e-04
 2.26770e+16	9.68e-01	3.22e-02	1.78e-04
 2.26899e+16	9.68e-01	3.18e-02	1.74e-04
 2.27040e+16	9.68e-01	3.14e-02	1.69e-04
 2.27192e+16	9.69e-01	3.09e-02	1.64e-04
 2.27331e+16	9.69e-01	3.05e-02	1.60e-04
 2.27458e+16	9.70e-01	3.01e-02	1.56e-04
 2.27596e+16	9.70e-01	2.97e-02	1.52e-04
 2.27746e+16	9.71e-01	2.93e-02	1.48e-04
 2.27882e+16	9.71e-01	2.90e-02	1.44e-04
 2.28031e+16	9.71e-01	2.85e-02	1.40e-04
 2.28192e+16	9.72e-01	2.81e-02	1.36e-04
 2.28338e+16	9.72e-01	2.78e-02	1.32e-04
 2.28498e+16	9.73e-01	2.74e-02	1.28e-04
 2.28672e+16	9.73e-01	2.69e-02	1.24e-04
 2.28829e+16	9.73e-01	2.66e-02	1.21e-04
 2.28973e+16	9.74e-01	2.62e-02	1.18e-04
 2.29130e+16	9.74e-01	2.58e-02	1.15e-04
 2.29300e+16	9.74e-01	2.55e-02	1.11e-04
 2.29454e+16	9.75e-01	2.51e-02	1.08e-04
 2.29623e+16	9.75e-01	2.47e-02	1.05e-04
 2.29806e+16	9.76e-01	2.44e-02	1.02e-04
 2.29972e+16	9.76e-01	2.40e-02	9.88e-05
 2.30123e+16	9.76e-01	2.37e-02	9.63e-05
 2.30289e+16	9.77e-01	2.33e-02	9.34e-05
 2.30468e+16	9.77e-01	2.30e-02	9.07e-05
 2.30631e+16	9.77e-01	2.27e-02	8.82e-05
 2.30810e+16	9.78e-01	2.23e-02	8.55e-05
 2.31002e+16	9.78e-01	2.20e-02	8.28e-05
 2.31177e+16	9.78e-01	2.17e-02	8.05e-05
 2.31370e+16	9.79e-01	2.13e-02	7.78e-05
 2.31577e+16	9.79e-01	2.09e-02	7.52e-05
 2.31766e+16	9.79e-01	2.06e-02	7.30e-05
 2.31937e+16	9.80e-01	2.03e-02	7.10e-05
 2.32126e+16	9.80e-01	2.00e-02	6.88e-05
 2.32329e+16	9.80e-01	1.97e-02	6.66e-05
 2.32514e+16	9.81e-01	1.94e-02	6.47e-05
 2.32716e+16	9.81e-01	1.91e-02	6.26e-05
 2.32935e+16	9.81e-01	1.88e-02	6.05e-05
 2.33134e+16	9.81e-01	1.85e-02	5.87e-05
 2.33352e+16	9.82e-01	1.81e-02	5.66e-05
 2.33588e+16	9.82e-01	1.78e-02	5.46e-05
 2.33802e+16	9.82e-01	1.75e-02	5.29e-05
 2.33997e+16	9.83e-01	1.73e-02	5.14e-05
 2.34211e+16	9.83e-01	1.70e-02	4.97e-05
 2.34441e+16	9.83e-01	1.67e-02	4.80e-05
 2.34651e+16	9.84e-01	1.64e-02	4.66e-05
 2.34881e+16	9.84e-01	1.61e-02	4.49e-05
 2.35130e+16	9.84e-01	1.59e-02	4.33e-05
 2.35356e+16	9.84e-01	1.56e-02	4.20e-05
 2.35603e+16	9.85e-01	1.53e-02	4.04e-05
 2.35871e+16	9.85e-01	1.50e-02	3.89e-05
 2.36114e+16	9.85e-01	1.48e-02	3.76e-05
 2.36380e+16	9.85e-01	1.45e-02	3.62e-05
 2.36668e+16	9.86e-01	1.42e-02	3.47e-05
 2.36930e+16	9.86e-01	1.39e-02	3.35e-05
 2.37217e+16	9.86e-01	1.36e-02	3.22e-05
 2.37527e+16	9.87e-01	1.34e-02	3.09e-05
 2.37809e+16	9.87e-01	1.31e-02	2.97e-05
 2.38065e+16	9.87e-01	1.29e-02	2.87e-05
 2.38347e+16	9.87e-01	1.26e-02	2.76e-05
 2.38650e+16	9.88e-01	1.24e-02	2.66e-05
 2.38926e+16	9.88e-01	1.22e-02	2.56e-05
 2.39229e+16	9.88e-01	1.19e-02	2.46e-05
 2.39556e+16	9.88e-01	1.17e-02	2.36e-05
 2.39853e+16	9.89e-01	1.14e-02	2.27e-05
 2.40179e+16	9.89e-01	1.12e-02	2.18e-05
 2.40531e+16	9.89e-01	1.09e-02	2.09e-05
 2.40851e+16	9.89e-01	1.07e-02	2.01e-05
 2.41201e+16	9.89e-01	1.05e-02	1.92e-05
 2.41580e+16	9.90e-01	1.02e-02	1.83e-05
 2.41925e+16	9.90e-01	1.00e-02	1.76e-05
 2.42302e+16	9.90e-01	9.80e-03	1.67e-05
 2.42710e+16	9.90e-01	9.56e-03	1.60e-05
 2.43081e+16	9.91e-01	9.36e-03	1.53e-05
 2.43487e+16	9.91e-01	9.12e-03	1.45e-05
 2.43926e+16	9.91e-01	8.89e-03	1.38e-05
 2.44325e+16	9.91e-01	8.69e-03	1.32e-05
 2.44763e+16	9.92e-01	8.47e-03	1.26e-05
 2.45235e+16	9.92e-01	8.24e-03	1.19e-05
 2.45665e+16	9.92e-01	8.05e-03	1.14e-05
 2.46136e+16	9.92e-01	7.83e-03	1.08e-05
 2.46645e+16	9.92e-01	7.61e-03	1.02e-05
 2.47108e+16	9.93e-01	7.43e-03	9.69e-06
 2.47615e+16	9.93e-01	7.22e-03	9.15e-06
 2.48162e+16	9.93e-01	7.01e-03	8.64e-06
 2.48661e+16	9.93e-01	6.83e-03	8.20e-06
 2.49207e+16	9.93e-01	6.62e-03	7.73e-06
 2.49916e+16	9.94e-01	6.37e-03	7.15e-06
 2.50729e+16	9.94e-01	6.10e-03	6.57e-06
 2.51551e+16	9.94e-01	5.85e-03	6.05e-06
 2.52389e+16	9.94e-01	5.61e-03	5.56e-06
 2.53263e+16	9.95e-01	5.37e-03	5.10e-06
 2.54172e+16	9.95e-01	5.13e-03	4.66e-06
 2.55114e+16	9.95e-01	4.90e-03	4.26e-06
 2.56089e+16	9.95e-01	4.67e-03	3.88e-06
 2.57093e+16	9.96e-01	4.45e-03	3.53e-06
 2.58118e+16	9.96e-01	4.25e-03	3.21e-06
 2.59159e+16	9.96e-01	4.05e-03	2.92e-06
 2.60220e+16	9.96e-01	3.85e-03	2.65e-06
 2.61301e+16	9.96e-01	3.67e-03	2.41e-06
 2.62401e+16	9.97e-01	3.49e-03	2.18e-06
 2.63522e+16	9.97e-01	3.32e-03	1.98e-06
 2.64664e+16	9.97e-01	3.16e-03	1.79e-06
 2.65826e+16	9.97e-01	3.01e-03	1.62e-06
 2.66993e+16	9.97e-01	2.86e-03	1.47e-06
 2.68176e+16	9.97e-01	2.72e-03	1.33e-06
 2.69403e+16	9.97e-01	2.59e-03	1.20e-06
 2.70661e+16	9.98e-01	2.45e-03	1.08e-06
 2.71939e+16	9.98e-01	2.33e-03	9.77e-07
 2.73238e+16	9.98e-01	2.21e-03	8.79e-07
 2.74561e+16	9.98e-01	2.09e-03	7.91e-07
 2.75910e+16	9.98e-01	1.98e-03	7.11e-07
 2.77286e+16	9.98e-01	1.88e-03	6.38e-07
 2.78689e+16	9.98e-01	1.78e-03	5.72e-07
 2.80121e+16	9.98e-01	1.68e-03	5.12e-07
 2.81582e+16	9.98e-01	1.59e-03	4.57e-07
 2.83075e+16	9.98e-01	1.50e-03	4.08e-07
 2.84598e+16	9.99e-01	1.42e-03	3.64e-07
 2.86154e+16	9.99e-01	1.33e-03	3.24e-07
 2.87744e+16	9.99e-01	1.26e-03	2.88e-07
 2.89370e+16	9.99e-01	1.18e-03	2.55e-07
 2.91034e+16	9.99e-01	1.11e-03	2.26e-07
 2.92738e+16	9.99e-01	1.05e-03	1.99e-07
 2.94482e+16	9.99e-01	9.82e-04	1.76e-07
 2.96271e+16	9.99e-01	9.21e-04	1.54e-07
 2.98106e+16	9.99e-01	8.62e-04	1.35e-07
 2.99990e+16	9.99e-01	8.06e-04	1.18e-07
 3.01925e+16	9.99e-01	7.53e-04	1.03e-07
 3.03915e+16	9.99e-01	7.02e-04	8.99e-08
 3.05967e+16	9.99e-01	6.54e-04	7.80e-08
 3.08038e+16	9.99e-01	6.10e-04	6.77e-08
 3.10165e+16	9.99e-01	5.66e-04	5.85e-08
 3.12421e+16	9.99e-01	5.24e-04	5.01e-08
 3.14777e+16	1.00e+00	4.84e-04	4.26e-08
 3.17211e+16	1.00e+00	4.46e-04	3.62e-08
 3.19731e+16	1.00e+00	4.09e-04	3.05e-08
 3.22361e+16	1.00e+00	3.75e-04	2.56e-08
 3.25114e+16	1.00e+00	3.42e-04	2.13e-08
 3.28003e+16	1.00e+00	3.11e-04	1.75e-08
 3.31048e+16	1.00e+00	2.81e-04	1.43e-08
 3.34264e+16	1.00e+00	2.53e-04	1.16e-08
 3.37688e+16	1.00e+00	2.26e-04	9.27e-09
 3.41322e+16	1.00e+00	2.01e-04	7.32e-09
 3.45218e+16	1.00e+00	1.77e-04	5.68e-09
 3.49458e+16	1.00e+00	1.55e-04	4.32e-09
 3.54064e+16	1.00e+00	1.34e-04	3.21e-09
 3.59120e+16	1.00e+00	1.14e-04	2.32e-09
 3.64918e+16	1.00e+00	9.46e-05	1.60e-09
 3.71260e+16	1.00e+00	7.77e-05	1.08e-09
 3.78297e+16	1.00e+00	6.23e-05	6.94e-10
 3.86326e+16	1.00e+00	4.86e-05	4.23e-10
 3.94682e+16	1.00e+00	3.78e-05	2.56e-10
 4.02945e+16	1.00e+00	2.96e-05	1.57e-10
 4.11171e+16	1.00e+00	2.32e-05	9.70e-11
 4.19517e+16	1.00e+00	1.82e-05	5.99e-11
 4.28066e+16	1.00e+00	1.42e-05	3.68e-11
 4.36819e+16	1.00e+00	1.11e-05	2.25e-11
 4.45780e+16	1.00e+00	8.64e-06	1.38e-11
 4.54981e+16	1.00e+00	6.71e-06	8.36e-12
 4.64405e+16	1.00e+00	5.21e-06	5.07e-12
 4.74106e+16	1.00e+00	4.04e-06	3.07e-12
 4.84210e+16	1.00e+00	3.12e-06	1.83e-12
 4.94724e+16	1.00e+00	2.39e-06	1.08e-12
 5.05606e+16	1.00e+00	1.82e-06	6.34e-13
 5.16888e+16	1.00e+00	1.39e-06	3.68e-13
 5.28661e+16	1.00e+00	1.05e-06	2.12e-13
 5.41052e+16	1.00e+00	7.87e-07	1.20e-13
 5.54170e+16	1.00e+00	5.85e-07	6.62e-14
 5.68121e+16	1.00e+00	4.29e-07	3.58e-14
 5.82995e+16	1.00e+00	3.11e-07	1.89e-14
 5.98502e+16	1.00e+00	2.25e-07	9.88e-15
 6.14163e+16	1.00e+00	1.63e-07	5.23e-15
 6.29823e+16	1.00e+00	1.20e-07	2.82e-15
 6.45483e+16	1.00e+00	8.83e-08	1.54e-15
 6.61143e+16	1.00e+00	6.57e-08	8.52e-16
 6.76804e+16	1.00e+00	4.92e-08	4.79e-16
 6.94813e+16	1.00e+00	3.52e-08	2.46e-16
 7.15478e+16	1.00e+00	2.45e-08	1.19e-16
 7.36450e+16	1.00e+00	1.72e-08	5.87e-17
 7.58688e+16	1.00e+00	1.19e-08	2.80e-17
 7.82672e+16	1.00e+00	8.07e-09	1.30e-17
 8.07254e+16	1.00e+00	5.51e-09	6.08e-18
 8.31954e+16	1.00e+00	3.81e-09	2.90e-18
 8.57458e+16	1.00e+00	2.62e-09	1.37e-18
 8.84285e+16	1.00e+00	1.79e-09	6.42e-19
 9.11887e+16	1.00e+00	1.22e-09	3.01e-19
 9.39988e+16	1.00e+00	8.40e-10	1.42e-19
 9.68370e+16	1.00e+00	5.81e-10	6.81e-20
 9.96790e+16	1.00e+00	4.06e-10	3.33e-20
 1.02521e+17	1.00e+00	2.86e-10	1.65e-20
 1.05363e+17	1.00e+00	2.04e-10	8.38e-21
 1.08205e+17	1.00e+00	1.46e-10	0.00e+00
 1.11047e+17	1.00e+00	1.06e-10	0.00e+00
 1.13951e+17	1.00e+00	7.63e-11	0.00e+00
 1.16932e+17	1.00e+00	5.52e-11	0.00e+00
 1.19896e+17	1.00e+00	4.04e-11	0.00e+00
 1.22787e+17	1.00e+00	3.00e-11	0.00e+00
 1.25600e+17	1.00e+00	2.26e-11	0.00e+00
 1.28339e+17	1.00e+00	1.74e-11	0.00e+00
 1.31000e+17	1.00e+00	1.35e-11	0.00e+00
 1.33572e+17	1.00e+00	1.07e-11	0.00e+00
 1.36050e+17	1.00e+00	8.60e-12	0.00e+00
 1.38426e+17	1.00e+00	7.03e-12	0.00e+00
 1.40698e+17	1.00e+00	5.85e-12	0.00e+00
 1.42866e+17	1.00e+00	4.94e-12	0.00e+00
 1.44932e+17	1.00e+00	4.23e-12	0.00e+00
 1.46897e+17	1.00e+00	3.68e-12	0.00e+00
 1.48762e+17	1.00e+00	3.25e-12	0.00e+00
 1.50531e+17	1.00e+00	2.90e-12	0.00e+00
 1.52209e+17	1.00e+00	2.62e-12	0.00e+00
 1.53799e+17	1.00e+00	2.39e-12	0.00e+00
 1.55305e+17	1.00e+00	2.21e-12	0.00e+00
 1.56732e+17	1.00e+00	2.05e-12	0.00e+00
 1.58083e+17	1.00e+00	1.92e-12	0.00e+00
 1.59363e+17	1.00e+00	1.81e-12	0.00e+00
 1.60575e+17	1.00e+00	1.72e-12	0.00e+00
 1.61723e+17	1.00e+00	1.64e-12	0.00e+00
 1.62811e+17	1.00e+00	1.58e-12	0.00e+00
 1.63842e+17	1.00e+00	1.52e-12	0.00e+00
 1.64819e+17	1.00e+00	1.47e-12	0.00e+00
 1.65746e+17	1.00e+00	1.42e-12	0.00e+00
 1.66625e+17	1.00e+00	1.38e-12	0.00e+00
 1.67459e+17	1.00e+00	1.35e-12	0.00e+00
 1.68250e+17	1.00e+00	1.32e-12	0.00e+00
 1.69002e+17	1.00e+00	1.29e-12	0.00e+00
 1.69716e+17	1.00e+00	1.27e-12	0.00e+00
 1.70394e+17	1.00e+00	1.25e-12	0.00e+00
 1.71039e+17	1.00e+00	1.23e-12	0.00e+00
 1.71653e+17	1.00e+00	1.21e-12	0.00e+00
 1.72237e+17	1.00e+00	1.20e-12	0.00e+00
 1.72793e+17	1.00e+00	1.18e-12	0.00e+00
 1.73323e+17	1.00e+00	1.17e-12	0.00e+00
 1.73828e+17	1.00e+00	1.16e-12	0.00e+00
 1.74310e+17	1.00e+00	1.15e-12	0.00e+00
 1.74770e+17	1.00e+00	1.14e-12	0.00e+00
 1.75210e+17	1.00e+00	1.13e-12	0.00e+00
 1.75630e+17	1.00e+00	1.12e-12	0.00e+00
 1.76033e+17	1.00e+00	1.11e-12	0.00e+00
 1.76419e+17	1.00e+00	1.11e-12	0.00e+00
 1.76789e+17	1.00e+00	1.10e-12	0.00e+00
 1.77145e+17	1.00e+00	1.09e-12	0.00e+00
 1.77487e+17	1.00e+00	1.09e-12	0.00e+00
 1.77817e+17	1.00e+00	1.08e-12	0.00e+00
 1.78135e+17	1.00e+00	1.08e-12	0.00e+00
 1.78443e+17	1.00e+00	1.07e-12	0.00e+00
 1.78742e+17	1.00e+00	1.07e-12	0.00e+00
 1.79032e+17	1.00e+00	1.06e-12	0.00e+00
 1.79314e+17	1.00e+00	1.06e-12	0.00e+00
 1.79590e+17	1.00e+00	1.05e-12	0.00e+00
 1.79861e+17	1.00e+00	1.05e-12	0.00e+00
 1.80127e+17	1.00e+00	1.05e-12	0.00e+00
 1.80390e+17	1.00e+00	1.04e-12	0.00e+00
 1.80652e+17	1.00e+00	1.04e-12	0.00e+00
 1.80912e+17	1.00e+00	1.04e-12	0.00e+00
 1.81174e+17	1.00e+00	1.03e-12	0.00e+00
 1.81438e+17	1.00e+00	1.03e-12	0.00e+00
 1.81707e+17	1.00e+00	1.02e-12	0.00e+00
 1.81983e+17	1.00e+00	1.02e-12	0.00e+00
 1.82270e+17	1.00e+00	1.02e-12	0.00e+00
 1.82571e+17	1.00e+00	1.01e-12	0.00e+00
 1.82890e+17	1.00e+00	1.01e-12	0.00e+00
 1.83235e+17	1.00e+00	1.00e-12	0.00e+00
 1.83613e+17	1.00e+00	9.98e-13	0.00e+00
 1.84037e+17	1.00e+00	9.92e-13	0.00e+00
 1.84523e+17	1.00e+00	9.85e-13	0.00e+00
 1.85095e+17	1.00e+00	9.77e-13	0.00e+00
 1.85790e+17	1.00e+00	9.66e-13	0.00e+00
 1.86667e+17	1.00e+00	9.52e-13	0.00e+00
 1.87799e+17	1.00e+00	9.33e-13	0.00e+00
 1.89272e+17	1.00e+00	9.07e-13	0.00e+00
 1.91185e+17	1.00e+00	8.69e-13	0.00e+00
 1.93673e+17	1.00e+00	8.21e-13	0.00e+00
 1.96908e+17	1.00e+00	7.58e-13	0.00e+00
 2.01113e+17	1.00e+00	6.80e-13	0.00e+00
 2.06579e+17	1.00e+00	5.87e-13	0.00e+00
 2.13685e+17	1.00e+00	4.82e-13	0.00e+00
 2.22055e+17	1.00e+00	3.72e-13	0.00e+00
 2.30937e+17	1.00e+00	3.16e-13	0.00e+00
 2.40175e+17	1.00e+00	2.84e-13	0.00e+00
 2.49782e+17	1.00e+00	2.58e-13	0.00e+00
 2.59773e+17	1.00e+00	2.33e-13	0.00e+00
 2.70164e+17	1.00e+00	2.09e-13	0.00e+00
 2.80971e+17	1.00e+00	1.87e-13	0.00e+00
 2.92210e+17	1.00e+00	1.65e-13	0.00e+00
 3.03898e+17	1.00e+00	1.44e-13	0.00e+00
 3.16054e+17	1.00e+00	1.25e-13	0.00e+00
 3.28145e+17	1.00e+00	1.06e-13	0.00e+00
 3.39203e+17	1.00e+00	1.01e-13	0.00e+00
 3.48918e+17	1.00e+00	1.07e-13	0.00e+00
 3.57723e+17	1.00e+00	1.10e-13	0.00e+00
 3.66138e+17	1.00e+00	1.07e-13	0.00e+00
 3.74276e+17	1.00e+00	9.87e-14	0.00e+00
 3.81814e+17	1.00e+00	9.07e-14	0.00e+00
 3.88429e+17	1.00e+00	8.64e-14	0.00e+00
 3.93691e+17	1.00e+00	8.39e-14	0.00e+00
 3.97168e+17	1.00e+00	8.58e-14	0.00e+00
 3.99152e+17	1.00e+00	8.95e-14	0.00e+00
 4.00292e+17	1.00e+00	9.20e-14	0.00e+00
 4.00977e+17	1.00e+00	9.34e-14	0.00e+00
 4.01398e+17	1.00e+00	9.42e-14	0.00e+00
 4.01736e+17	1.00e+00	9.48e-14	0.00e+00
 4.02116e+17	1.00e+00	9.51e-14	0.00e+00
 4.02542e+17	1.00e+00	9.54e-14	0.00e+00
 4.02947e+17	1.00e+00	9.56e-14	0.00e+00
 4.03282e+17	1.00e+00	9.56e-14	0.00e+00
 4.03567e+17	1.00e+00	9.57e-14	0.00e+00
 4.03848e+17	1.00e+00	9.56e-14	0.00e+00
 4.04134e+17	1.00e+00	9.55e-14	0.00e+00
 4.04405e+17	1.00e+00	9.54e-14	0.00e+00
 4.04645e+17	1.00e+00	9.53e-14	0.00e+00
 4.04874e+17	1.00e+00	9.51e-14	0.00e+00
 4.05107e+17	1.00e+00	9.49e-14	0.00e+00
 4.05321e+17	1.00e+00	9.47e-14	0.00e+00
 4.05514e+17	1.00e+00	9.45e-14	0.00e+00
 4.05701e+17	1.00e+00	9.43e-14	0.00e+00
 4.05893e+17	1.00e+00	9.41e-14	0.00e+00
 4.06080e+17	1.00e+00	9.38e-14	0.00e+00
 4.06249e+17	1.00e+00	9.36e-14	0.00e+00
 4.06410e+17	1.00e+00	9.33e-14	0.00e+00
 4.06565e+17	1.00e+00	9.31e-14	0.00e+00
 4.06718e+17	1.00e+00	9.29e-14	0.00e+00
 4.06871e+17	1.00e+00	9.26e-14	0.00e+00
 4.07021e+17	1.00e+00	9.23e-14	0.00e+00
 4.07165e+17	1.00e+00	9.21e-14	0.00e+00
 4.07305e+17	1.00e+00	9.18e-14	0.00e+00
 4.07441e+17	1.00e+00	9.15e-14	0.00e+00
 4.07575e+17	1.00e+00	9.12e-14	0.00e+00
 4.07708e+17	1.00e+00	9.10e-14	0.00e+00
 4.07840e+17	1.00e+00	9.07e-14	0.00e+00
 4.07973e+17	1.00e+00	9.04e-14	0.00e+00
 4.08102e+17	1.00e+00	9.01e-14	0.00e+00
 4.08227e+17	1.00e+00	8.98e-14	0.00e+00
 4.08359e+17	1.00e+00	8.95e-14	0.00e+00
 4.08497e+17	1.00e+00	8.91e-14	0.00e+00
 4.08632e+17	1.00e+00	8.88e-14	0.00e+00
 4.08762e+17	1.00e+00	8.84e-14	0.00e+00
 4.08891e+17	1.00e+00	8.81e-14	0.00e+00
 4.09025e+17	1.00e+00	8.77e-14	0.00e+00
 4.09168e+17	1.00e+00	8.73e-14	0.00e+00
 4.09316e+17	1.00e+00	8.69e-14	0.00e+00
 4.09455e+17	1.00e+00	8.65e-14	0.00e+00
 4.09596e+17	1.00e+00	8.61e-14	0.00e+00
 4.09751e+17	1.00e+00	8.56e-14	0.00e+00
 4.09917e+17	1.00e+00	8.51e-14	0.00e+00
 4.10087e+17	1.00e+00	8.46e-14	0.00e+00
 4.10244e+17	1.00e+00	8.41e-14	0.00e+00
 4.10392e+17	1.00e+00	8.36e-14	0.00e+00
 4.10548e+17	1.00e+00	8.31e-14	0.00e+00
 4.10719e+17	1.00e+00	8.26e-14	0.00e+00
 4.10903e+17	1.00e+00	8.20e-14	0.00e+00
 4.11091e+17	1.00e+00	8.13e-14	0.00e+00
 4.11268e+17	1.00e+00	8.07e-14	0.00e+00
 4.11442e+17	1.00e+00	8.01e-14	0.00e+00
 4.11633e+17	1.00e+00	7.95e-14	0.00e+00
 4.11848e+17	1.00e+00	7.88e-14	0.00e+00
 4.12064e+17	1.00e+00	7.79e-14	0.00e+00
 4.12261e+17	1.00e+00	7.72e-14	0.00e+00
 4.12463e+17	1.00e+00	7.66e-14	0.00e+00
 4.12694e+17	1.00e+00	7.58e-14	0.00e+00
 4.12943e+17	1.00e+00	7.48e-14	0.00e+00
 4.13183e+17	1.00e+00	7.40e-14	0.00e+00
 4.13413e+17	1.00e+00	7.31e-14	0.00e+00
 4.13653e+17	1.00e+00	7.22e-14	0.00e+00
 4.13908e+17	1.00e+00	7.13e-14	0.00e+00
 4.14172e+17	1.00e+00	7.03e-14	0.00e+00
 4.14442e+17	1.00e+00	6.93e-14	0.00e+00
 4.14724e+17	1.00e+00	6.83e-14	0.00e+00
 4.15012e+17	1.00e+00	6.72e-14	0.00e+00
 4.15297e+17	1.00e+00	6.61e-14	0.00e+00
 4.15599e+17	1.00e+00	6.50e-14	0.00e+00
 4.15916e+17	1.00e+00	6.38e-14	0.00e+00
 4.16232e+17	1.00e+00	6.26e-14	0.00e+00
 4.16552e+17	1.00e+00	6.14e-14	0.00e+00
 4.16886e+17	1.00e+00	6.02e-14	0.00e+00
 4.17241e+17	1.00e+00	5.89e-14	0.00e+00
 4.17603e+17	1.00e+00	5.75e-14	0.00e+00
 4.17957e+17	1.00e+00	5.62e-14	0.00e+00
 4.18301e+17	1.00e+00	5.50e-14	0.00e+00
 4.18677e+17	1.00e+00	5.37e-14	0.00e+00
 4.19088e+17	1.00e+00	5.22e-14	0.00e+00
 4.19503e+17	1.00e+00	5.07e-14	0.00e+00
 4.19905e+17	1.00e+00	4.92e-14	0.00e+00
 4.20305e+17	1.00e+00	4.78e-14	0.00e+00
 4.20725e+17	1.00e+00	4.64e-14	0.00e+00
 4.21168e+17	1.00e+00	4.49e-14	0.00e+00
 4.21623e+17	1.00e+00	4.34e-14	0.00e+00
 4.22078e+17	1.00e+00	4.19e-14	0.00e+00
 4.22537e+17	1.00e+00	4.04e-14	0.00e+00
 4.23010e+17	1.00e+00	3.89e-14	0.00e+00
 4.23502e+17	1.00e+00	3.73e-14	0.00e+00
 4.24002e+17	1.00e+00	3.58e-14	0.00e+00
 4.24510e+17	1.00e+00	3.43e-14	0.00e+00
 4.25030e+17	1.00e+00	3.27e-14	0.00e+00
 4.25554e+17	1.00e+00	3.12e-14	0.00e+00
 4.26083e+17	1.00e+00	2.98e-14	0.00e+00
 4.26649e+17	1.00e+00	2.83e-14	0.00e+00
 4.27245e+17	1.00e+00	2.67e-14	0.00e+00
 4.27831e+17	1.00e+00	2.52e-14	0.00e+00
 4.28410e+17	1.00e+00	2.38e-14	0.00e+00
 4.29017e+17	1.00e+00	2.24e-14	0.00e+00
 4.29671e+17	1.00e+00	2.10e-14	0.00e+00
 4.30347e+17	1.00e+00	1.95e-14	0.00e+00
 4.31027e+17	1.00e+00	1.81e-14	0.00e+00
 4.31711e+17	1.00e+00	1.68e-14	0.00e+00
 4.32367e+17	1.00e+00	1.55e-14	0.00e+00
 4.32946e+17	1.00e+00	1.45e-14	0.00e+00
 4.33449e+17	1.00e+00	1.36e-14	0.00e+00
 4.33910e+17	1.00e+00	1.29e-14	0.00e+00
 4.34360e+17	1.00e+00	1.22e-14	0.00e+00
 4.34803e+17	1.00e+00	1.15e-14	0.00e+00
 4.35227e+17	1.00e+00	1.09e-14	0.00e+00
 4.35624e+17	1.00e+00	1.04e-14	0.00e+00
 4.35997e+17	1.00e+00	9.90e-15	0.00e+00
 4.36356e+17	1.00e+00	9.45e-15	0.00e+00
 4.36704e+17	1.00e+00	9.03e-15	0.00e+00
 4.37042e+17	1.00e+00	8.62e-15	0.00e+00
 4.37367e+17	1.00e+00	8.25e-15	0.00e+00
 4.37677e+17	1.00e+00	7.90e-15	0.00e+00
 4.37975e+17	1.00e+00	7.57e-15	0.00e+00
 4.38264e+17	1.00e+00	7.26e-15	0.00e+00
 4.38544e+17	1.00e+00	6.97e-15	0.00e+00
 4.38814e+17	1.00e+00	6.70e-15	0.00e+00
 4.39075e+17	1.00e+00	6.43e-15	0.00e+00
 4.39326e+17	1.00e+00	6.19e-15	0.00e+00
 4.39568e+17	1.00e+00	5.96e-15	0.00e+00
 4.39804e+17	1.00e+00	5.74e-15	0.00e+00
 4.40035e+17	1.00e+00	5.53e-15	0.00e+00
 4.40260e+17	1.00e+00	5.33e-15	0.00e+00
 4.40478e+17	1.00e+00	5.13e-15	0.00e+00
 4.40686e+17	1.00e+00	4.95e-15	0.00e+00
 4.40886e+17	1.00e+00	4.80e-15	0.00e+00
 4.41084e+17	1.00e+00	4.64e-15	0.00e+00
 4.41282e+17	1.00e+00	4.48e-15	0.00e+00
 4.41476e+17	1.00e+00	4.33e-15	0.00e+00
 4.41693e+17	1.00e+00	4.19e-15	0.00e+00
 4.41977e+17	1.00e+00	4.01e-15	0.00e+00
 4.42345e+17	1.00e+00	3.79e-15	0.00e+00
 4.42823e+17	1.00e+00	3.51e-15	0.00e+00
 4.43445e+17	1.00e+00	3.17e-15	0.00e+00
 4.44254e+17	1.00e+00	2.77e-15	0.00e+00
 4.45202e+17	1.00e+00	2.32e-15	0.00e+00
 4.46077e+17	1.00e+00	1.92e-15	0.00e+00
 4.46736e+17	1.00e+00	1.65e-15	0.00e+00
 4.47245e+17	1.00e+00	1.47e-15	0.00e+00
 4.47733e+17	1.00e+00	1.34e-15	0.00e+00
 4.48292e+17	1.00e+00	1.21e-15	0.00e+00
 4.48916e+17	1.00e+00	1.07e-15	0.00e+00
 4.49533e+17	1.00e+00	9.38e-16	0.00e+00
 4.50099e+17	1.00e+00	8.32e-16	0.00e+00
 4.50631e+17	1.00e+00	7.45e-16	0.00e+00
 4.51178e+17	1.00e+00	6.69e-16	0.00e+00
 4.51768e+17	1.00e+00	5.96e-16	0.00e+00
 4.52396e+17	1.00e+00	5.25e-16	0.00e+00
 4.53036e+17	1.00e+00	4.61e-16	0.00e+00
 4.53685e+17	1.00e+00	4.04e-16	0.00e+00
 4.54361e+17	1.00e+00	3.53e-16	0.00e+00
 4.55101e+17	1.00e+00	3.06e-16	0.00e+00
 4.55936e+17	1.00e+00	2.60e-16	0.00e+00
 4.56894e+17	1.00e+00	2.17e-16	0.00e+00
 4.58026e+17	1.00e+00	1.76e-16	0.00e+00
 4.59449e+17	1.00e+00	1.37e-16	0.00e+00
 4.61299e+17	1.00e+00	9.85e-17	0.00e+00
 4.63704e+17	1.00e+00	6.45e-17	0.00e+00
