#depth	C	C+	C+2	C+3	C+4	C+5	C+6	C[1]	C[2]	C[3]	C+[1]	C+[2]	CO
 1.49634e+10	0.00e+00	2.51e-33	2.36e-23	5.08e-14	5.73e-04	5.82e-01	4.18e-01	0.00e+00	0.00e+00	0.00e+00	0.00e+00	0.00e+00	3.17e-162
 4.54887e+10	5.21e-44	3.57e-33	3.10e-23	6.16e-14	6.42e-04	6.01e-01	3.99e-01	0.00e+00	0.00e+00	0.00e+00	0.00e+00	0.00e+00	2.97e-240
 7.72350e+10	0.00e+00	5.08e-33	4.08e-23	7.48e-14	7.20e-04	6.20e-01	3.80e-01	0.00e+00	0.00e+00	0.00e+00	0.00e+00	0.00e+00	4.28e-161
 1.10251e+11	1.23e-43	7.22e-33	5.35e-23	9.07e-14	8.05e-04	6.38e-01	3.61e-01	0.00e+00	0.00e+00	0.00e+00	0.00e+00	0.00e+00	1.27e-239
 1.44588e+11	0.00e+00	1.03e-32	7.02e-23	1.10e-13	9.00e-04	6.56e-01	3.43e-01	0.00e+00	0.00e+00	0.00e+00	0.00e+00	0.00e+00	5.76e-160
 1.78093e+11	2.84e-43	1.42e-32	9.05e-23	1.31e-13	9.98e-04	6.73e-01	3.26e-01	0.00e+00	0.00e+00	0.00e+00	0.00e+00	0.00e+00	1.05e-227
 2.09963e+11	0.00e+00	1.92e-32	1.14e-22	1.55e-13	1.10e-03	6.88e-01	3.11e-01	0.00e+00	0.00e+00	0.00e+00	0.00e+00	0.00e+00	5.98e-159
 2.45314e+11	6.12e-43	2.66e-32	1.46e-22	1.84e-13	1.21e-03	7.03e-01	2.95e-01	0.00e+00	0.00e+00	0.00e+00	0.00e+00	0.00e+00	4.36e-227
 2.83909e+11	0.00e+00	3.73e-32	1.90e-22	2.21e-13	1.35e-03	7.19e-01	2.79e-01	0.00e+00	0.00e+00	0.00e+00	0.00e+00	0.00e+00	7.03e-158
 3.21167e+11	1.37e-42	5.10e-32	2.42e-22	2.62e-13	1.48e-03	7.33e-01	2.65e-01	0.00e+00	0.00e+00	0.00e+00	0.00e+00	0.00e+00	1.89e-226
 3.61059e+11	0.00e+00	7.06e-32	3.11e-22	3.11e-13	1.64e-03	7.48e-01	2.51e-01	0.00e+00	0.00e+00	0.00e+00	0.00e+00	0.00e+00	7.66e-157
 4.05428e+11	3.12e-42	9.99e-32	4.06e-22	3.75e-13	1.82e-03	7.62e-01	2.36e-01	0.00e+00	0.00e+00	0.00e+00	0.00e+00	0.00e+00	7.09e-226
 4.50218e+11	0.00e+00	1.40e-31	5.25e-22	4.49e-13	2.01e-03	7.76e-01	2.22e-01	0.00e+00	0.00e+00	0.00e+00	0.00e+00	0.00e+00	9.95e-156
 4.96799e+11	7.17e-42	1.96e-31	6.80e-22	5.37e-13	2.23e-03	7.89e-01	2.09e-01	0.00e+00	0.00e+00	0.00e+00	0.00e+00	0.00e+00	2.61e-225
 5.46597e+11	0.00e+00	2.77e-31	8.87e-22	6.46e-13	2.47e-03	8.02e-01	1.96e-01	0.00e+00	0.00e+00	0.00e+00	0.00e+00	0.00e+00	1.30e-154
 5.98388e+11	1.69e-41	3.92e-31	1.16e-21	7.77e-13	2.74e-03	8.14e-01	1.83e-01	0.00e+00	0.00e+00	0.00e+00	0.00e+00	0.00e+00	5.49e-225
 6.52250e+11	0.00e+00	5.54e-31	1.51e-21	9.34e-13	3.03e-03	8.26e-01	1.71e-01	0.00e+00	0.00e+00	0.00e+00	0.00e+00	0.00e+00	1.76e-153
 7.08267e+11	3.97e-41	7.84e-31	1.97e-21	1.12e-12	3.36e-03	8.37e-01	1.60e-01	0.00e+00	0.00e+00	0.00e+00	0.00e+00	0.00e+00	7.76e-225
 7.66525e+11	0.00e+00	1.11e-30	2.57e-21	1.35e-12	3.71e-03	8.47e-01	1.49e-01	0.00e+00	0.00e+00	0.00e+00	0.00e+00	0.00e+00	2.40e-152
 8.27112e+11	9.35e-41	1.57e-30	3.35e-21	1.62e-12	4.11e-03	8.57e-01	1.39e-01	0.00e+00	0.00e+00	0.00e+00	0.00e+00	0.00e+00	0.00e+00
 8.90124e+11	0.00e+00	2.22e-30	4.37e-21	1.95e-12	4.55e-03	8.66e-01	1.30e-01	0.00e+00	0.00e+00	0.00e+00	0.00e+00	0.00e+00	3.30e-151
 9.49286e+11	2.12e-40	3.04e-30	5.55e-21	2.30e-12	4.98e-03	8.74e-01	1.21e-01	0.00e+00	0.00e+00	0.00e+00	0.00e+00	0.00e+00	0.00e+00
 1.00204e+12	0.00e+00	3.99e-30	6.84e-21	2.65e-12	5.38e-03	8.80e-01	1.15e-01	0.00e+00	0.00e+00	0.00e+00	0.00e+00	0.00e+00	3.00e-150
 1.06119e+12	4.28e-40	5.37e-30	8.57e-21	3.10e-12	5.86e-03	8.87e-01	1.08e-01	0.00e+00	0.00e+00	0.00e+00	0.00e+00	0.00e+00	0.00e+00
 1.13148e+12	0.00e+00	7.55e-30	1.11e-20	3.70e-12	6.46e-03	8.94e-01	1.00e-01	0.00e+00	0.00e+00	0.00e+00	0.00e+00	0.00e+00	3.30e-149
 1.20191e+12	9.77e-40	1.05e-29	1.43e-20	4.40e-12	7.10e-03	9.00e-01	9.32e-02	0.00e+00	0.00e+00	0.00e+00	0.00e+00	0.00e+00	0.00e+00
 1.26778e+12	0.00e+00	1.41e-29	1.79e-20	5.14e-12	7.72e-03	9.05e-01	8.73e-02	0.00e+00	0.00e+00	0.00e+00	0.00e+00	0.00e+00	3.47e-148
 1.34105e+12	2.10e-39	1.94e-29	2.29e-20	6.08e-12	8.45e-03	9.10e-01	8.14e-02	0.00e+00	0.00e+00	0.00e+00	0.00e+00	0.00e+00	0.00e+00
 1.42462e+12	0.00e+00	2.76e-29	3.00e-20	7.31e-12	9.34e-03	9.15e-01	7.53e-02	0.00e+00	0.00e+00	0.00e+00	0.00e+00	0.00e+00	4.35e-147
 1.50753e+12	4.92e-39	3.87e-29	3.88e-20	8.72e-12	1.03e-02	9.20e-01	6.98e-02	0.00e+00	0.00e+00	0.00e+00	0.00e+00	0.00e+00	0.00e+00
 1.59376e+12	0.00e+00	5.43e-29	5.02e-20	1.04e-11	1.13e-02	9.24e-01	6.47e-02	0.00e+00	0.00e+00	0.00e+00	0.00e+00	0.00e+00	5.51e-146
 1.68744e+12	1.16e-38	7.75e-29	6.59e-20	1.25e-11	1.25e-02	9.28e-01	5.96e-02	0.00e+00	0.00e+00	0.00e+00	0.00e+00	0.00e+00	0.00e+00
 1.78282e+12	0.00e+00	1.10e-28	8.59e-20	1.50e-11	1.38e-02	9.31e-01	5.51e-02	0.00e+00	0.00e+00	0.00e+00	0.00e+00	0.00e+00	7.71e-145
 1.87163e+12	2.63e-38	1.50e-28	1.09e-19	1.77e-11	1.50e-02	9.34e-01	5.12e-02	0.00e+00	0.00e+00	0.00e+00	0.00e+00	0.00e+00	0.00e+00
 1.95341e+12	0.00e+00	1.99e-28	1.35e-19	2.05e-11	1.62e-02	9.36e-01	4.80e-02	0.00e+00	0.00e+00	0.00e+00	0.00e+00	0.00e+00	7.09e-144
 2.04679e+12	5.47e-38	2.71e-28	1.71e-19	2.41e-11	1.77e-02	9.38e-01	4.46e-02	0.00e+00	0.00e+00	0.00e+00	0.00e+00	0.00e+00	0.00e+00
 2.15653e+12	0.00e+00	3.86e-28	2.24e-19	2.89e-11	1.95e-02	9.39e-01	4.11e-02	0.00e+00	0.00e+00	0.00e+00	0.00e+00	0.00e+00	8.48e-143
 2.26503e+12	1.28e-37	5.40e-28	2.90e-19	3.45e-11	2.14e-02	9.41e-01	3.79e-02	0.00e+00	0.00e+00	0.00e+00	0.00e+00	0.00e+00	0.00e+00
 2.36633e+12	0.00e+00	7.33e-28	3.66e-19	4.04e-11	2.33e-02	9.42e-01	3.52e-02	0.00e+00	0.00e+00	0.00e+00	0.00e+00	0.00e+00	9.28e-142
 2.47938e+12	2.81e-37	1.02e-27	4.70e-19	4.79e-11	2.54e-02	9.42e-01	3.26e-02	0.00e+00	0.00e+00	0.00e+00	0.00e+00	0.00e+00	0.00e+00
 2.60848e+12	0.00e+00	1.46e-27	6.20e-19	5.79e-11	2.81e-02	9.42e-01	2.98e-02	0.00e+00	0.00e+00	0.00e+00	0.00e+00	0.00e+00	1.22e-140
 2.73565e+12	6.75e-37	2.06e-27	8.07e-19	6.92e-11	3.08e-02	9.42e-01	2.74e-02	0.00e+00	0.00e+00	0.00e+00	0.00e+00	0.00e+00	0.00e+00
 2.86790e+12	0.00e+00	2.92e-27	1.05e-18	8.28e-11	3.38e-02	9.41e-01	2.52e-02	0.00e+00	0.00e+00	0.00e+00	0.00e+00	0.00e+00	1.58e-139
 3.01255e+12	1.63e-36	4.20e-27	1.39e-18	1.00e-10	3.73e-02	9.40e-01	2.30e-02	0.00e+00	0.00e+00	0.00e+00	0.00e+00	0.00e+00	0.00e+00
 3.15808e+12	0.00e+00	5.96e-27	1.82e-18	1.20e-10	4.10e-02	9.38e-01	2.10e-02	0.00e+00	0.00e+00	0.00e+00	0.00e+00	0.00e+00	2.25e-138
 3.30943e+12	3.91e-36	8.53e-27	2.39e-18	1.45e-10	4.51e-02	9.36e-01	1.92e-02	0.00e+00	0.00e+00	0.00e+00	0.00e+00	0.00e+00	0.00e+00
 3.47173e+12	0.00e+00	1.23e-26	3.16e-18	1.75e-10	4.97e-02	9.33e-01	1.75e-02	0.00e+00	0.00e+00	0.00e+00	0.00e+00	0.00e+00	3.27e-137
 3.63289e+12	9.50e-36	1.75e-26	4.14e-18	2.10e-10	5.45e-02	9.30e-01	1.60e-02	0.00e+00	0.00e+00	0.00e+00	0.00e+00	0.00e+00	0.00e+00
 3.80049e+12	0.00e+00	2.49e-26	5.42e-18	2.52e-10	5.97e-02	9.26e-01	1.46e-02	0.00e+00	0.00e+00	0.00e+00	0.00e+00	0.00e+00	4.38e-136
 3.98244e+12	2.31e-35	3.59e-26	7.18e-18	3.04e-10	6.57e-02	9.21e-01	1.32e-02	0.00e+00	0.00e+00	0.00e+00	0.00e+00	0.00e+00	0.00e+00
 4.17166e+12	0.00e+00	5.19e-26	9.52e-18	3.68e-10	7.23e-02	9.16e-01	1.20e-02	0.00e+00	0.00e+00	0.00e+00	0.00e+00	0.00e+00	6.57e-135
 4.36846e+12	5.73e-35	7.49e-26	1.26e-17	4.45e-10	7.95e-02	9.10e-01	1.08e-02	0.00e+00	0.00e+00	0.00e+00	0.00e+00	0.00e+00	0.00e+00
 4.57312e+12	9.01e-35	1.08e-25	1.67e-17	5.38e-10	8.73e-02	9.03e-01	9.79e-03	0.00e+00	0.00e+00	0.00e+00	0.00e+00	0.00e+00	9.02e-116
 4.78597e+12	1.42e-34	1.56e-25	2.21e-17	6.51e-10	9.58e-02	8.95e-01	8.83e-03	0.00e+00	0.00e+00	0.00e+00	0.00e+00	0.00e+00	5.38e-98
 4.97898e+12	2.10e-34	2.15e-25	2.83e-17	7.68e-10	1.04e-01	8.88e-01	8.07e-03	0.00e+00	0.00e+00	0.00e+00	0.00e+00	0.00e+00	0.00e+00
 5.14063e+12	2.89e-34	2.78e-25	3.46e-17	8.78e-10	1.11e-01	8.82e-01	7.49e-03	0.00e+00	0.00e+00	0.00e+00	0.00e+00	0.00e+00	1.96e-114
 5.31806e+12	4.06e-34	3.66e-25	4.27e-17	1.01e-09	1.19e-01	8.74e-01	6.91e-03	0.00e+00	0.00e+00	0.00e+00	0.00e+00	0.00e+00	5.66e-97
 5.54168e+12	6.13e-34	5.11e-25	5.52e-17	1.20e-09	1.29e-01	8.65e-01	6.26e-03	0.00e+00	0.00e+00	0.00e+00	0.00e+00	0.00e+00	4.31e-280
 5.77438e+12	9.26e-34	7.13e-25	7.15e-17	1.43e-09	1.40e-01	8.54e-01	5.66e-03	0.00e+00	0.00e+00	0.00e+00	0.00e+00	0.00e+00	4.28e-113
 5.97398e+12	1.30e-33	9.40e-25	8.84e-17	1.65e-09	1.50e-01	8.45e-01	5.21e-03	0.00e+00	0.00e+00	0.00e+00	0.00e+00	0.00e+00	7.57e-96
 6.18150e+12	1.83e-33	1.24e-24	1.09e-16	1.90e-09	1.60e-01	8.35e-01	4.78e-03	0.00e+00	0.00e+00	0.00e+00	0.00e+00	0.00e+00	0.00e+00
 6.43974e+12	2.74e-33	1.72e-24	1.41e-16	2.26e-09	1.73e-01	8.23e-01	4.31e-03	0.00e+00	0.00e+00	0.00e+00	0.00e+00	0.00e+00	7.72e-112
 6.70122e+12	4.07e-33	2.37e-24	1.81e-16	2.66e-09	1.87e-01	8.10e-01	3.88e-03	0.00e+00	0.00e+00	0.00e+00	0.00e+00	0.00e+00	9.66e-95
 6.92933e+12	5.67e-33	3.10e-24	2.22e-16	3.05e-09	1.99e-01	7.98e-01	3.56e-03	0.00e+00	0.00e+00	0.00e+00	0.00e+00	0.00e+00	5.36e-111
 7.17673e+12	7.99e-33	4.10e-24	2.76e-16	3.53e-09	2.12e-01	7.85e-01	3.24e-03	0.00e+00	0.00e+00	0.00e+00	0.00e+00	0.00e+00	4.36e-94
 7.47786e+12	1.19e-32	5.68e-24	3.55e-16	4.17e-09	2.28e-01	7.69e-01	2.90e-03	0.00e+00	0.00e+00	0.00e+00	0.00e+00	0.00e+00	3.99e-110
 7.78425e+12	1.76e-32	7.79e-24	4.53e-16	4.90e-09	2.45e-01	7.53e-01	2.60e-03	0.00e+00	0.00e+00	0.00e+00	0.00e+00	0.00e+00	2.57e-93
 8.06560e+12	2.48e-32	1.03e-23	5.61e-16	5.64e-09	2.60e-01	7.37e-01	2.35e-03	0.00e+00	0.00e+00	0.00e+00	0.00e+00	0.00e+00	2.90e-109
 8.37897e+12	3.57e-32	1.38e-23	7.05e-16	6.56e-09	2.77e-01	7.20e-01	2.11e-03	0.00e+00	0.00e+00	0.00e+00	0.00e+00	0.00e+00	1.26e-92
 8.74218e+12	5.35e-32	1.92e-23	9.06e-16	7.74e-09	2.97e-01	7.01e-01	1.87e-03	0.00e+00	0.00e+00	0.00e+00	0.00e+00	0.00e+00	2.36e-108
 9.10032e+12	7.81e-32	2.60e-23	1.15e-15	9.03e-09	3.17e-01	6.81e-01	1.67e-03	0.00e+00	0.00e+00	0.00e+00	0.00e+00	0.00e+00	7.40e-92
 9.44340e+12	1.10e-31	3.44e-23	1.42e-15	1.04e-08	3.35e-01	6.63e-01	1.50e-03	0.00e+00	0.00e+00	0.00e+00	0.00e+00	0.00e+00	1.74e-107
 9.82166e+12	1.59e-31	4.61e-23	1.78e-15	1.20e-08	3.56e-01	6.43e-01	1.33e-03	0.00e+00	0.00e+00	0.00e+00	0.00e+00	0.00e+00	3.74e-91
 1.02445e+13	2.34e-31	6.31e-23	2.26e-15	1.40e-08	3.78e-01	6.21e-01	1.17e-03	0.00e+00	0.00e+00	0.00e+00	0.00e+00	0.00e+00	1.42e-106
 1.06289e+13	3.27e-31	8.27e-23	2.79e-15	1.60e-08	3.97e-01	6.01e-01	1.05e-03	0.00e+00	0.00e+00	0.00e+00	0.00e+00	0.00e+00	1.98e-90
 1.09525e+13	4.29e-31	1.03e-22	3.29e-15	1.78e-08	4.14e-01	5.85e-01	9.55e-04	0.00e+00	0.00e+00	0.00e+00	0.00e+00	0.00e+00	7.83e-106
 1.13085e+13	5.72e-31	1.30e-22	3.92e-15	2.00e-08	4.31e-01	5.68e-01	8.64e-04	0.00e+00	0.00e+00	0.00e+00	0.00e+00	0.00e+00	7.26e-90
 1.17103e+13	7.81e-31	1.66e-22	4.75e-15	2.25e-08	4.50e-01	5.49e-01	7.74e-04	0.00e+00	0.00e+00	0.00e+00	0.00e+00	0.00e+00	4.31e-105
 1.20950e+13	1.04e-30	2.10e-22	5.65e-15	2.52e-08	4.68e-01	5.31e-01	6.98e-04	0.00e+00	0.00e+00	0.00e+00	0.00e+00	0.00e+00	2.95e-89
 1.25184e+13	1.41e-30	2.67e-22	6.79e-15	2.83e-08	4.87e-01	5.12e-01	6.25e-04	0.00e+00	0.00e+00	0.00e+00	0.00e+00	0.00e+00	2.34e-104
 1.29888e+13	1.95e-30	3.46e-22	8.26e-15	3.20e-08	5.08e-01	4.92e-01	5.54e-04	0.00e+00	0.00e+00	0.00e+00	0.00e+00	0.00e+00	1.30e-88
 1.34296e+13	2.60e-30	4.36e-22	9.84e-15	3.56e-08	5.26e-01	4.73e-01	4.96e-04	0.00e+00	0.00e+00	0.00e+00	0.00e+00	0.00e+00	1.39e-103
 1.39121e+13	3.53e-30	5.56e-22	1.18e-14	3.99e-08	5.45e-01	4.54e-01	4.41e-04	0.00e+00	0.00e+00	0.00e+00	0.00e+00	0.00e+00	5.38e-88
 1.44547e+13	4.90e-30	7.23e-22	1.44e-14	4.51e-08	5.66e-01	4.34e-01	3.88e-04	0.00e+00	0.00e+00	0.00e+00	0.00e+00	0.00e+00	8.87e-103
 1.49730e+13	6.61e-30	9.18e-22	1.72e-14	5.03e-08	5.85e-01	4.15e-01	3.44e-04	0.00e+00	0.00e+00	0.00e+00	0.00e+00	0.00e+00	2.45e-87
 1.55409e+13	9.07e-30	1.18e-21	2.07e-14	5.64e-08	6.04e-01	3.95e-01	3.03e-04	0.00e+00	0.00e+00	0.00e+00	0.00e+00	0.00e+00	5.49e-102
 1.61422e+13	1.25e-29	1.52e-21	2.50e-14	6.32e-08	6.24e-01	3.76e-01	2.65e-04	0.00e+00	0.00e+00	0.00e+00	0.00e+00	0.00e+00	1.15e-86
 1.66686e+13	1.63e-29	1.88e-21	2.93e-14	6.96e-08	6.40e-01	3.59e-01	2.37e-04	0.00e+00	0.00e+00	0.00e+00	0.00e+00	0.00e+00	3.18e-101
 1.72306e+13	2.15e-29	2.34e-21	3.45e-14	7.66e-08	6.57e-01	3.43e-01	2.11e-04	0.00e+00	0.00e+00	0.00e+00	0.00e+00	0.00e+00	4.38e-86
 1.79142e+13	2.97e-29	3.02e-21	4.16e-14	8.57e-08	6.75e-01	3.24e-01	1.84e-04	0.00e+00	0.00e+00	0.00e+00	0.00e+00	0.00e+00	1.94e-100
 1.85951e+13	4.05e-29	3.85e-21	4.97e-14	9.53e-08	6.93e-01	3.07e-01	1.60e-04	0.00e+00	0.00e+00	0.00e+00	0.00e+00	0.00e+00	2.09e-85
 1.91962e+13	5.26e-29	4.73e-21	5.78e-14	1.04e-07	7.07e-01	2.93e-01	1.43e-04	0.00e+00	0.00e+00	0.00e+00	0.00e+00	0.00e+00	1.09e-99
 1.98543e+13	6.92e-29	5.87e-21	6.78e-14	1.14e-07	7.22e-01	2.78e-01	1.26e-04	0.00e+00	0.00e+00	0.00e+00	0.00e+00	0.00e+00	8.00e-85
 2.06457e+13	9.52e-29	7.54e-21	8.14e-14	1.27e-07	7.38e-01	2.62e-01	1.09e-04	0.00e+00	0.00e+00	0.00e+00	0.00e+00	0.00e+00	6.73e-99
 2.14374e+13	1.29e-28	9.58e-21	9.69e-14	1.41e-07	7.54e-01	2.46e-01	9.51e-05	0.00e+00	0.00e+00	0.00e+00	0.00e+00	0.00e+00	3.84e-84
 2.21579e+13	1.69e-28	1.18e-20	1.13e-13	1.54e-07	7.66e-01	2.33e-01	8.41e-05	0.00e+00	0.00e+00	0.00e+00	0.00e+00	0.00e+00	3.93e-98
 2.29589e+13	2.25e-28	1.48e-20	1.32e-13	1.69e-07	7.80e-01	2.20e-01	7.37e-05	0.00e+00	0.00e+00	0.00e+00	0.00e+00	0.00e+00	1.57e-83
 2.38949e+13	3.10e-28	1.90e-20	1.59e-13	1.87e-07	7.94e-01	2.06e-01	6.33e-05	0.00e+00	0.00e+00	0.00e+00	0.00e+00	0.00e+00	2.59e-97
 2.48178e+13	4.19e-28	2.40e-20	1.88e-13	2.06e-07	8.07e-01	1.93e-01	5.48e-05	0.00e+00	0.00e+00	0.00e+00	0.00e+00	0.00e+00	7.72e-83
 2.56914e+13	5.53e-28	2.98e-20	2.20e-13	2.25e-07	8.18e-01	1.82e-01	4.80e-05	0.00e+00	0.00e+00	0.00e+00	0.00e+00	0.00e+00	1.58e-96
 2.66629e+13	7.43e-28	3.74e-20	2.59e-13	2.46e-07	8.29e-01	1.71e-01	4.17e-05	0.00e+00	0.00e+00	0.00e+00	0.00e+00	0.00e+00	3.37e-82
 2.77593e+13	1.02e-27	4.80e-20	3.09e-13	2.72e-07	8.41e-01	1.59e-01	3.57e-05	0.00e+00	0.00e+00	0.00e+00	0.00e+00	0.00e+00	1.10e-95
 2.88617e+13	1.39e-27	6.09e-20	3.66e-13	2.99e-07	8.52e-01	1.48e-01	3.07e-05	0.00e+00	0.00e+00	0.00e+00	0.00e+00	0.00e+00	1.72e-81
 3.00083e+13	1.90e-27	7.73e-20	4.34e-13	3.28e-07	8.62e-01	1.38e-01	2.64e-05	0.00e+00	0.00e+00	0.00e+00	0.00e+00	0.00e+00	7.72e-95
 3.12385e+13	2.60e-27	9.88e-20	5.16e-13	3.61e-07	8.71e-01	1.29e-01	2.26e-05	0.00e+00	0.00e+00	0.00e+00	0.00e+00	0.00e+00	8.82e-81
 3.25180e+13	3.57e-27	1.26e-19	6.13e-13	3.97e-07	8.80e-01	1.20e-01	1.93e-05	0.00e+00	0.00e+00	0.00e+00	0.00e+00	0.00e+00	5.78e-94
 3.37375e+13	4.78e-27	1.58e-19	7.17e-13	4.32e-07	8.88e-01	1.12e-01	1.67e-05	0.00e+00	0.00e+00	0.00e+00	0.00e+00	0.00e+00	4.35e-80
 3.48514e+13	6.17e-27	1.92e-19	8.24e-13	4.66e-07	8.95e-01	1.05e-01	1.47e-05	0.00e+00	0.00e+00	0.00e+00	0.00e+00	0.00e+00	3.29e-93
 3.59023e+13	7.79e-27	2.30e-19	9.34e-13	4.99e-07	9.00e-01	9.96e-02	1.31e-05	0.00e+00	0.00e+00	0.00e+00	0.00e+00	0.00e+00	1.58e-79
 3.70621e+13	1.00e-26	2.78e-19	1.07e-12	5.36e-07	9.06e-01	9.39e-02	1.16e-05	0.00e+00	0.00e+00	0.00e+00	0.00e+00	0.00e+00	1.55e-92
 3.83625e+13	1.31e-26	3.42e-19	1.23e-12	5.80e-07	9.12e-01	8.79e-02	1.01e-05	0.00e+00	0.00e+00	0.00e+00	0.00e+00	0.00e+00	6.31e-79
 3.95929e+13	1.68e-26	4.14e-19	1.41e-12	6.22e-07	9.17e-01	8.29e-02	8.93e-06	0.00e+00	0.00e+00	0.00e+00	0.00e+00	0.00e+00	8.21e-92
 4.09398e+13	2.19e-26	5.06e-19	1.62e-12	6.69e-07	9.22e-01	7.78e-02	7.83e-06	0.00e+00	0.00e+00	0.00e+00	0.00e+00	0.00e+00	2.48e-78
 4.24501e+13	2.91e-26	6.30e-19	1.88e-12	7.25e-07	9.27e-01	7.26e-02	6.79e-06	0.00e+00	0.00e+00	0.00e+00	0.00e+00	0.00e+00	4.77e-91
 4.38513e+13	3.76e-26	7.65e-19	2.15e-12	7.79e-07	9.32e-01	6.83e-02	5.97e-06	0.00e+00	0.00e+00	0.00e+00	0.00e+00	0.00e+00	1.05e-77
 4.51495e+13	4.73e-26	9.11e-19	2.43e-12	8.30e-07	9.35e-01	6.46e-02	5.32e-06	0.00e+00	0.00e+00	0.00e+00	0.00e+00	0.00e+00	2.28e-90
 4.66357e+13	6.10e-26	1.11e-18	2.78e-12	8.90e-07	9.39e-01	6.08e-02	4.69e-06	0.00e+00	0.00e+00	0.00e+00	0.00e+00	0.00e+00	3.88e-77
 4.84402e+13	8.22e-26	1.39e-18	3.25e-12	9.66e-07	9.44e-01	5.65e-02	4.03e-06	0.00e+00	0.00e+00	0.00e+00	0.00e+00	0.00e+00	1.36e-89
 5.02225e+13	1.09e-25	1.72e-18	3.76e-12	1.04e-06	9.47e-01	5.27e-02	3.50e-06	0.00e+00	0.00e+00	0.00e+00	0.00e+00	0.00e+00	1.86e-76
 5.17843e+13	1.39e-25	2.07e-18	4.26e-12	1.11e-06	9.50e-01	4.97e-02	3.10e-06	0.00e+00	0.00e+00	0.00e+00	0.00e+00	0.00e+00	3.58e-76
 5.34955e+13	1.80e-25	2.51e-18	4.87e-12	1.19e-06	9.53e-01	4.67e-02	2.73e-06	0.00e+00	0.00e+00	0.00e+00	0.00e+00	0.00e+00	7.17e-76
 5.55669e+13	2.43e-25	3.16e-18	5.69e-12	1.29e-06	9.57e-01	4.34e-02	2.35e-06	0.00e+00	0.00e+00	0.00e+00	0.00e+00	0.00e+00	1.61e-75
 5.76441e+13	3.24e-25	3.93e-18	6.60e-12	1.40e-06	9.60e-01	4.04e-02	2.03e-06	0.00e+00	0.00e+00	0.00e+00	0.00e+00	0.00e+00	3.54e-75
 5.95217e+13	4.18e-25	4.76e-18	7.51e-12	1.49e-06	9.62e-01	3.80e-02	1.79e-06	0.00e+00	0.00e+00	0.00e+00	0.00e+00	0.00e+00	7.04e-75
 6.16027e+13	5.48e-25	5.84e-18	8.64e-12	1.60e-06	9.64e-01	3.56e-02	1.57e-06	0.00e+00	0.00e+00	0.00e+00	0.00e+00	0.00e+00	1.47e-74
 6.40494e+13	7.46e-25	7.37e-18	1.01e-11	1.74e-06	9.67e-01	3.30e-02	1.34e-06	0.00e+00	0.00e+00	0.00e+00	0.00e+00	0.00e+00	3.40e-74
 6.64660e+13	1.00e-24	9.20e-18	1.17e-11	1.88e-06	9.69e-01	3.07e-02	1.16e-06	0.00e+00	0.00e+00	0.00e+00	0.00e+00	0.00e+00	7.55e-74
 6.87265e+13	1.30e-24	1.12e-17	1.34e-11	2.01e-06	9.71e-01	2.87e-02	1.02e-06	0.00e+00	0.00e+00	0.00e+00	0.00e+00	0.00e+00	1.56e-73
 7.12526e+13	1.73e-24	1.39e-17	1.55e-11	2.17e-06	9.73e-01	2.68e-02	8.82e-07	0.00e+00	0.00e+00	0.00e+00	0.00e+00	0.00e+00	3.39e-73
 7.41326e+13	2.37e-24	1.76e-17	1.82e-11	2.35e-06	9.75e-01	2.48e-02	0.00e+00	0.00e+00	0.00e+00	0.00e+00	0.00e+00	0.00e+00	7.96e-73
 7.69925e+13	3.20e-24	2.21e-17	2.12e-11	2.54e-06	9.77e-01	2.30e-02	0.00e+00	0.00e+00	0.00e+00	0.00e+00	0.00e+00	0.00e+00	1.81e-72
 7.99668e+13	4.32e-24	2.77e-17	2.47e-11	2.74e-06	9.79e-01	2.14e-02	0.00e+00	0.00e+00	0.00e+00	0.00e+00	0.00e+00	0.00e+00	4.10e-72
 8.31954e+13	5.91e-24	3.51e-17	2.90e-11	2.97e-06	9.80e-01	1.98e-02	0.00e+00	0.00e+00	0.00e+00	0.00e+00	0.00e+00	0.00e+00	9.64e-72
 8.65532e+13	8.08e-24	4.44e-17	3.39e-11	3.22e-06	9.82e-01	1.83e-02	0.00e+00	0.00e+00	0.00e+00	0.00e+00	0.00e+00	0.00e+00	2.27e-71
 8.98048e+13	1.08e-23	5.54e-17	3.94e-11	3.47e-06	9.83e-01	1.70e-02	0.00e+00	0.00e+00	0.00e+00	0.00e+00	1.77e-17	3.76e-17	5.03e-71
 9.28629e+13	1.41e-23	6.76e-17	4.50e-11	3.72e-06	9.84e-01	1.59e-02	0.00e+00	0.00e+00	0.00e+00	0.00e+00	2.24e-17	4.52e-17	1.04e-70
 9.62836e+13	1.88e-23	8.39e-17	5.20e-11	4.00e-06	9.85e-01	1.48e-02	0.00e+00	0.00e+00	0.00e+00	0.00e+00	2.78e-17	5.60e-17	2.27e-70
 9.97311e+13	2.48e-23	1.03e-16	6.00e-11	4.30e-06	9.86e-01	1.38e-02	0.00e+00	0.00e+00	0.00e+00	0.00e+00	3.43e-17	6.91e-17	4.83e-70
 1.02593e+14	3.10e-23	1.22e-16	6.71e-11	4.56e-06	9.87e-01	1.31e-02	0.00e+00	0.00e+00	0.00e+00	0.00e+00	4.06e-17	8.17e-17	8.91e-70
 1.05623e+14	3.90e-23	1.45e-16	7.55e-11	4.84e-06	9.88e-01	1.23e-02	0.00e+00	0.00e+00	0.00e+00	0.00e+00	4.83e-17	9.72e-17	1.67e-69
 1.09497e+14	5.18e-23	1.80e-16	8.72e-11	5.20e-06	9.89e-01	1.15e-02	0.00e+00	0.00e+00	0.00e+00	0.00e+00	5.98e-17	1.20e-16	3.62e-69
 1.13562e+14	6.90e-23	2.24e-16	1.01e-10	5.61e-06	9.89e-01	1.07e-02	0.00e+00	0.00e+00	0.00e+00	0.00e+00	7.43e-17	1.50e-16	7.99e-69
 1.17153e+14	8.82e-23	2.69e-16	1.14e-10	5.98e-06	9.90e-01	1.00e-02	0.00e+00	0.00e+00	0.00e+00	0.00e+00	8.94e-17	1.80e-16	1.55e-68
 1.21035e+14	1.14e-22	3.27e-16	1.31e-10	6.39e-06	9.91e-01	9.39e-03	0.00e+00	0.00e+00	0.00e+00	0.00e+00	1.09e-16	2.19e-16	3.11e-68
 1.25709e+14	1.53e-22	4.10e-16	1.52e-10	6.91e-06	9.91e-01	8.70e-03	0.00e+00	0.00e+00	0.00e+00	0.00e+00	1.36e-16	2.74e-16	7.00e-68
 1.30451e+14	2.05e-22	5.10e-16	1.77e-10	7.46e-06	9.92e-01	8.07e-03	0.00e+00	0.00e+00	0.00e+00	0.00e+00	1.69e-16	3.41e-16	1.54e-67
 1.34888e+14	2.67e-22	6.23e-16	2.02e-10	7.99e-06	9.92e-01	7.54e-03	0.00e+00	0.00e+00	0.00e+00	0.00e+00	2.07e-16	4.16e-16	3.16e-67
 1.39820e+14	3.54e-22	7.71e-16	2.34e-10	8.60e-06	9.93e-01	7.01e-03	0.00e+00	0.00e+00	0.00e+00	0.00e+00	2.56e-16	5.15e-16	6.79e-67
 1.45053e+14	4.72e-22	9.59e-16	2.71e-10	9.28e-06	9.93e-01	6.51e-03	0.00e+00	0.00e+00	0.00e+00	0.00e+00	3.18e-16	6.41e-16	1.49e-66
 1.49706e+14	6.05e-22	1.16e-15	3.08e-10	9.91e-06	9.94e-01	6.10e-03	0.00e+00	0.00e+00	0.00e+00	0.00e+00	3.84e-16	7.73e-16	2.92e-66
 1.54709e+14	7.83e-22	1.41e-15	3.52e-10	1.06e-05	9.94e-01	5.71e-03	0.00e+00	0.00e+00	0.00e+00	0.00e+00	4.66e-16	9.40e-16	5.87e-66
 1.60703e+14	1.05e-21	1.76e-15	4.11e-10	1.15e-05	9.95e-01	5.28e-03	0.00e+00	0.00e+00	0.00e+00	0.00e+00	5.84e-16	1.18e-15	1.31e-65
 1.66599e+14	1.40e-21	2.18e-15	4.75e-10	1.24e-05	9.95e-01	4.91e-03	0.00e+00	0.00e+00	0.00e+00	0.00e+00	7.24e-16	1.46e-15	2.83e-65
 1.71852e+14	1.78e-21	2.62e-15	5.39e-10	1.32e-05	9.95e-01	4.60e-03	0.00e+00	0.00e+00	0.00e+00	0.00e+00	8.70e-16	1.75e-15	5.49e-65
 1.77651e+14	2.31e-21	3.19e-15	6.17e-10	1.41e-05	9.96e-01	4.30e-03	0.00e+00	0.00e+00	0.00e+00	0.00e+00	1.06e-15	2.14e-15	1.11e-64
 1.84563e+14	3.11e-21	4.01e-15	7.20e-10	1.53e-05	9.96e-01	3.98e-03	0.00e+00	0.00e+00	0.00e+00	0.00e+00	1.33e-15	2.68e-15	2.49e-64
 1.91420e+14	4.14e-21	4.98e-15	8.35e-10	1.65e-05	9.96e-01	3.69e-03	0.00e+00	0.00e+00	0.00e+00	0.00e+00	1.65e-15	3.33e-15	5.41e-64
 1.97686e+14	5.32e-21	6.02e-15	9.52e-10	1.77e-05	9.97e-01	3.45e-03	0.00e+00	0.00e+00	0.00e+00	0.00e+00	2.00e-15	4.03e-15	1.07e-63
 2.04685e+14	6.98e-21	7.40e-15	1.10e-09	1.90e-05	9.97e-01	3.21e-03	0.00e+00	0.00e+00	0.00e+00	0.00e+00	2.45e-15	4.95e-15	2.24e-63
 2.12829e+14	9.46e-21	9.32e-15	1.28e-09	2.06e-05	9.97e-01	2.97e-03	0.00e+00	0.00e+00	0.00e+00	0.00e+00	3.09e-15	6.23e-15	5.12e-63
 2.20828e+14	1.26e-20	1.16e-14	1.49e-09	2.22e-05	9.97e-01	2.75e-03	0.00e+00	0.00e+00	0.00e+00	0.00e+00	3.84e-15	7.76e-15	1.12e-62
 2.28393e+14	1.64e-20	1.42e-14	1.71e-09	2.38e-05	9.97e-01	2.57e-03	0.00e+00	0.00e+00	0.00e+00	0.00e+00	4.69e-15	9.47e-15	2.30e-62
 2.36805e+14	2.18e-20	1.75e-14	1.98e-09	2.57e-05	9.98e-01	2.38e-03	0.00e+00	0.00e+00	0.00e+00	0.00e+00	5.81e-15	1.17e-14	4.95e-62
 2.46307e+14	2.96e-20	2.21e-14	2.32e-09	2.79e-05	9.98e-01	2.20e-03	0.00e+00	0.00e+00	0.00e+00	0.00e+00	7.33e-15	1.48e-14	1.14e-61
 2.55317e+14	3.92e-20	2.74e-14	2.68e-09	3.00e-05	9.98e-01	2.04e-03	0.00e+00	0.00e+00	0.00e+00	0.00e+00	9.07e-15	1.83e-14	2.46e-61
 2.63517e+14	5.02e-20	3.30e-14	3.04e-09	3.20e-05	9.98e-01	1.91e-03	0.00e+00	0.00e+00	0.00e+00	0.00e+00	1.09e-14	2.21e-14	4.82e-61
 2.72797e+14	6.58e-20	4.05e-14	3.50e-09	3.44e-05	9.98e-01	1.78e-03	0.00e+00	0.00e+00	0.00e+00	0.00e+00	1.34e-14	2.71e-14	1.01e-60
 2.83618e+14	8.91e-20	5.10e-14	4.09e-09	3.72e-05	9.98e-01	1.65e-03	0.00e+00	0.00e+00	0.00e+00	0.00e+00	1.69e-14	3.41e-14	2.31e-60
 2.94003e+14	1.18e-19	6.31e-14	4.73e-09	4.01e-05	9.98e-01	1.53e-03	0.00e+00	0.00e+00	0.00e+00	0.00e+00	2.09e-14	4.22e-14	5.00e-60
 3.03402e+14	1.51e-19	7.61e-14	5.37e-09	4.28e-05	9.99e-01	1.43e-03	0.00e+00	0.00e+00	0.00e+00	0.00e+00	2.52e-14	5.09e-14	9.79e-60
 3.12249e+14	1.89e-19	9.02e-14	6.02e-09	4.53e-05	9.99e-01	1.35e-03	0.00e+00	0.00e+00	0.00e+00	0.00e+00	2.98e-14	6.04e-14	1.81e-59
 3.22041e+14	2.41e-19	1.08e-13	6.82e-09	4.83e-05	9.99e-01	1.27e-03	0.00e+00	0.00e+00	0.00e+00	0.00e+00	3.58e-14	7.25e-14	3.51e-59
 3.32989e+14	3.13e-19	1.32e-13	7.80e-09	5.17e-05	9.99e-01	1.19e-03	0.00e+00	0.00e+00	0.00e+00	0.00e+00	4.36e-14	8.83e-14	7.20e-59
 3.43338e+14	3.98e-19	1.58e-13	8.82e-09	5.51e-05	9.99e-01	1.11e-03	0.00e+00	0.00e+00	0.00e+00	0.00e+00	5.23e-14	1.06e-13	1.39e-58
 3.54689e+14	5.14e-19	1.92e-13	1.00e-08	5.88e-05	9.99e-01	1.04e-03	0.00e+00	0.00e+00	0.00e+00	0.00e+00	6.34e-14	1.28e-13	2.79e-58
 3.67397e+14	6.77e-19	2.36e-13	1.16e-08	6.32e-05	9.99e-01	9.70e-04	0.00e+00	0.00e+00	0.00e+00	0.00e+00	7.81e-14	1.58e-13	5.95e-58
 3.79388e+14	8.71e-19	2.86e-13	1.32e-08	6.75e-05	9.99e-01	9.09e-04	0.00e+00	0.00e+00	0.00e+00	0.00e+00	9.45e-14	1.92e-13	1.19e-57
 3.92498e+14	1.14e-18	3.50e-13	1.51e-08	7.24e-05	9.99e-01	8.48e-04	0.00e+00	0.00e+00	0.00e+00	0.00e+00	1.16e-13	2.34e-13	2.47e-57
 4.06993e+14	1.51e-18	4.34e-13	1.75e-08	7.79e-05	9.99e-01	7.88e-04	0.00e+00	0.00e+00	0.00e+00	0.00e+00	1.43e-13	2.91e-13	5.41e-57
 4.20383e+14	1.95e-18	5.26e-13	1.99e-08	8.33e-05	9.99e-01	7.37e-04	0.00e+00	0.00e+00	0.00e+00	0.00e+00	1.74e-13	3.52e-13	1.08e-56
 4.34887e+14	2.55e-18	6.43e-13	2.28e-08	8.92e-05	9.99e-01	6.88e-04	0.00e+00	0.00e+00	0.00e+00	0.00e+00	2.12e-13	4.31e-13	2.26e-56
 4.51093e+14	3.39e-18	7.99e-13	2.64e-08	9.62e-05	9.99e-01	6.38e-04	0.00e+00	0.00e+00	0.00e+00	0.00e+00	2.64e-13	5.35e-13	4.96e-56
 4.66312e+14	4.40e-18	9.73e-13	3.02e-08	1.03e-04	9.99e-01	5.96e-04	0.00e+00	0.00e+00	0.00e+00	0.00e+00	3.21e-13	6.52e-13	1.02e-55
 4.82896e+14	5.78e-18	1.20e-12	3.47e-08	1.11e-04	9.99e-01	5.55e-04	0.00e+00	0.00e+00	0.00e+00	0.00e+00	3.94e-13	8.02e-13	2.15e-55
 5.01341e+14	7.75e-18	1.49e-12	4.04e-08	1.19e-04	9.99e-01	5.14e-04	0.00e+00	0.00e+00	0.00e+00	0.00e+00	4.92e-13	1.00e-12	4.82e-55
 5.18577e+14	1.01e-17	1.82e-12	4.62e-08	1.28e-04	9.99e-01	4.79e-04	0.00e+00	0.00e+00	0.00e+00	0.00e+00	6.01e-13	1.22e-12	9.96e-55
 5.37293e+14	1.33e-17	2.25e-12	5.33e-08	1.38e-04	9.99e-01	4.46e-04	0.00e+00	0.00e+00	0.00e+00	0.00e+00	7.40e-13	1.51e-12	2.13e-54
 5.58222e+14	1.79e-17	2.82e-12	6.22e-08	1.49e-04	9.99e-01	4.12e-04	0.00e+00	0.00e+00	0.00e+00	0.00e+00	9.27e-13	1.89e-12	4.82e-54
 5.78089e+14	2.35e-17	3.46e-12	7.16e-08	1.60e-04	9.99e-01	3.83e-04	0.00e+00	0.00e+00	0.00e+00	0.00e+00	1.14e-12	2.32e-12	1.02e-53
 5.99342e+14	3.10e-17	4.28e-12	8.28e-08	1.72e-04	9.99e-01	3.55e-04	0.00e+00	0.00e+00	0.00e+00	0.00e+00	1.41e-12	2.87e-12	2.21e-53
 6.23346e+14	4.20e-17	5.39e-12	9.71e-08	1.87e-04	9.99e-01	3.27e-04	0.00e+00	0.00e+00	0.00e+00	0.00e+00	1.77e-12	3.62e-12	5.09e-53
 6.46993e+14	5.60e-17	6.71e-12	1.13e-07	2.02e-04	9.99e-01	3.03e-04	0.00e+00	4.61e-18	1.38e-17	2.31e-17	2.20e-12	4.51e-12	1.13e-52
 6.71586e+14	7.44e-17	8.35e-12	1.31e-07	2.19e-04	1.00e+00	2.80e-04	0.00e+00	6.13e-18	1.84e-17	3.08e-17	2.74e-12	5.61e-12	2.48e-52
 6.98480e+14	1.00e-16	1.05e-11	1.54e-07	2.38e-04	1.00e+00	2.58e-04	0.00e+00	8.27e-18	2.48e-17	4.15e-17	3.44e-12	7.05e-12	5.68e-52
 7.25045e+14	1.33e-16	1.30e-11	1.79e-07	2.57e-04	1.00e+00	2.38e-04	0.00e+00	1.10e-17	3.30e-17	5.51e-17	4.28e-12	8.77e-12	1.24e-51
 7.47134e+14	1.68e-16	1.55e-11	2.02e-07	2.74e-04	1.00e+00	2.23e-04	0.00e+00	1.38e-17	4.15e-17	6.93e-17	5.10e-12	1.04e-11	2.35e-51
 7.64983e+14	2.00e-16	1.78e-11	2.22e-07	2.88e-04	9.99e-01	2.12e-04	0.00e+00	1.65e-17	4.95e-17	8.27e-17	5.84e-12	1.20e-11	3.83e-51
 7.84796e+14	2.42e-16	2.07e-11	2.47e-07	3.05e-04	9.99e-01	2.01e-04	0.00e+00	2.00e-17	6.00e-17	1.00e-16	6.77e-12	1.39e-11	6.53e-51
 8.10552e+14	3.08e-16	2.49e-11	2.82e-07	3.27e-04	9.99e-01	1.87e-04	0.00e+00	2.54e-17	7.62e-17	1.27e-16	8.15e-12	1.67e-11	1.27e-50
 8.38155e+14	3.95e-16	3.02e-11	3.23e-07	3.52e-04	9.99e-01	1.74e-04	0.00e+00	3.26e-17	9.79e-17	1.64e-16	9.88e-12	2.03e-11	2.56e-50
 8.62646e+14	4.89e-16	3.56e-11	3.63e-07	3.74e-04	9.99e-01	1.64e-04	0.00e+00	4.04e-17	1.21e-16	2.03e-16	1.17e-11	2.40e-11	4.65e-50
 8.88968e+14	6.08e-16	4.23e-11	4.11e-07	4.00e-04	9.99e-01	1.53e-04	0.00e+00	5.03e-17	1.51e-16	2.52e-16	1.38e-11	2.84e-11	8.58e-50
 9.21938e+14	7.96e-16	5.21e-11	4.77e-07	4.33e-04	9.99e-01	1.42e-04	0.00e+00	6.58e-17	1.98e-16	3.30e-16	1.71e-11	3.51e-11	1.82e-49
 9.55405e+14	1.03e-15	6.38e-11	5.52e-07	4.69e-04	9.99e-01	1.31e-04	0.00e+00	8.53e-17	2.56e-16	4.28e-16	2.09e-11	4.29e-11	3.79e-49
 9.84447e+14	1.28e-15	7.57e-11	6.24e-07	5.01e-04	9.99e-01	1.23e-04	0.00e+00	1.06e-16	3.19e-16	5.32e-16	2.47e-11	5.09e-11	7.01e-49
 1.01588e+15	1.60e-15	9.03e-11	7.10e-07	5.38e-04	9.99e-01	1.14e-04	0.00e+00	1.33e-16	3.99e-16	6.66e-16	2.95e-11	6.08e-11	1.32e-48
 1.05434e+15	2.09e-15	1.11e-10	8.27e-07	5.85e-04	9.99e-01	1.05e-04	0.00e+00	1.73e-16	5.20e-16	8.69e-16	3.64e-11	7.49e-11	2.82e-48
 1.09312e+15	2.69e-15	1.36e-10	9.58e-07	6.34e-04	9.99e-01	9.72e-05	0.00e+00	2.24e-16	6.72e-16	1.12e-15	4.45e-11	9.17e-11	5.87e-48
 1.12763e+15	3.34e-15	1.62e-10	1.09e-06	6.81e-04	9.99e-01	9.07e-05	0.00e+00	2.78e-16	8.35e-16	1.39e-15	5.29e-11	1.09e-10	1.10e-47
 1.16538e+15	4.20e-15	1.94e-10	1.24e-06	7.33e-04	9.99e-01	8.42e-05	0.00e+00	3.50e-16	1.05e-15	1.76e-15	6.35e-11	1.31e-10	2.14e-47
 1.21047e+15	5.46e-15	2.40e-10	1.45e-06	7.99e-04	9.99e-01	7.74e-05	0.00e+00	4.55e-16	1.37e-15	2.28e-15	7.83e-11	1.61e-10	4.62e-47
 1.25507e+15	7.00e-15	2.92e-10	1.68e-06	8.68e-04	9.99e-01	7.13e-05	0.00e+00	5.84e-16	1.75e-15	2.93e-15	9.56e-11	1.97e-10	9.59e-47
 1.29540e+15	8.67e-15	3.48e-10	1.92e-06	9.33e-04	9.99e-01	6.64e-05	0.00e+00	7.24e-16	2.18e-15	3.63e-15	1.14e-10	2.34e-10	1.82e-46
 1.34019e+15	1.09e-14	4.19e-10	2.20e-06	1.01e-03	9.99e-01	6.15e-05	0.00e+00	9.13e-16	2.74e-15	4.58e-15	1.37e-10	2.82e-10	3.61e-46
 1.39283e+15	1.41e-14	5.16e-10	2.57e-06	1.10e-03	9.99e-01	5.64e-05	0.00e+00	1.18e-15	3.56e-15	5.94e-15	1.69e-10	3.48e-10	7.87e-46
 1.44472e+15	1.80e-14	6.30e-10	2.98e-06	1.20e-03	9.99e-01	5.19e-05	0.00e+00	1.51e-15	4.54e-15	7.59e-15	2.06e-10	4.24e-10	1.65e-45
 1.49300e+15	2.24e-14	7.53e-10	3.41e-06	1.29e-03	9.99e-01	4.82e-05	0.00e+00	1.88e-15	5.66e-15	9.45e-15	2.46e-10	5.06e-10	3.21e-45
 1.54706e+15	2.74e-14	9.12e-10	3.94e-06	1.40e-03	9.99e-01	4.45e-05	0.00e+00	2.30e-15	6.92e-15	1.16e-14	2.98e-10	6.14e-10	6.54e-45
 1.60898e+15	3.53e-14	1.13e-09	4.62e-06	1.53e-03	9.98e-01	4.07e-05	0.00e+00	2.97e-15	8.92e-15	1.49e-14	3.69e-10	7.58e-10	1.45e-44
 1.67002e+15	4.47e-14	1.38e-09	5.36e-06	1.67e-03	9.98e-01	3.74e-05	0.00e+00	3.77e-15	1.13e-14	1.89e-14	4.51e-10	9.26e-10	3.11e-44
 1.73352e+15	5.67e-14	1.68e-09	6.23e-06	1.82e-03	9.98e-01	3.44e-05	0.00e+00	4.79e-15	1.44e-14	2.40e-14	5.51e-10	1.13e-09	6.66e-44
 1.79128e+15	6.96e-14	2.01e-09	7.11e-06	1.96e-03	9.98e-01	3.20e-05	0.00e+00	5.88e-15	1.77e-14	2.95e-14	6.57e-10	1.35e-09	1.30e-43
 1.83443e+15	8.07e-14	2.28e-09	7.82e-06	2.07e-03	9.98e-01	3.03e-05	0.00e+00	6.83e-15	2.05e-14	3.42e-14	7.46e-10	1.53e-09	2.12e-43
 1.87905e+15	9.38e-14	2.59e-09	8.62e-06	2.19e-03	9.98e-01	2.87e-05	0.00e+00	7.95e-15	2.39e-14	3.98e-14	8.49e-10	1.74e-09	3.47e-43
 1.93705e+15	1.13e-13	3.05e-09	9.73e-06	2.35e-03	9.98e-01	2.69e-05	0.00e+00	9.60e-15	2.88e-14	4.82e-14	9.99e-10	2.05e-09	6.48e-43
 2.00007e+15	1.38e-13	3.62e-09	1.11e-05	2.53e-03	9.97e-01	2.50e-05	0.00e+00	1.17e-14	3.52e-14	5.88e-14	1.19e-09	2.43e-09	1.28e-42
 2.05714e+15	1.64e-13	4.21e-09	1.24e-05	2.70e-03	9.97e-01	2.35e-05	0.00e+00	1.39e-14	4.19e-14	6.99e-14	1.38e-09	2.83e-09	2.28e-42
 2.11884e+15	1.97e-13	4.93e-09	1.39e-05	2.88e-03	9.97e-01	2.20e-05	0.00e+00	1.68e-14	5.03e-14	8.40e-14	1.62e-09	3.31e-09	4.27e-42
 2.19681e+15	2.46e-13	5.99e-09	1.61e-05	3.13e-03	9.97e-01	2.03e-05	0.00e+00	2.09e-14	6.28e-14	1.05e-13	1.97e-09	4.03e-09	9.25e-42
 2.27513e+15	3.03e-13	7.23e-09	1.85e-05	3.40e-03	9.97e-01	1.89e-05	0.00e+00	2.58e-14	7.76e-14	1.30e-13	2.37e-09	4.86e-09	1.95e-41
 2.34111e+15	3.59e-13	8.43e-09	2.08e-05	3.63e-03	9.96e-01	1.77e-05	0.00e+00	3.07e-14	9.20e-14	1.54e-13	2.77e-09	5.67e-09	3.58e-41
 2.41187e+15	4.30e-13	9.90e-09	2.34e-05	3.88e-03	9.96e-01	1.66e-05	0.00e+00	3.68e-14	1.10e-13	1.84e-13	3.25e-09	6.65e-09	6.76e-41
 2.50091e+15	5.35e-13	1.20e-08	2.70e-05	4.21e-03	9.96e-01	1.54e-05	0.00e+00	4.58e-14	1.37e-13	2.30e-13	3.96e-09	8.09e-09	1.46e-40
 2.59442e+15	6.64e-13	1.47e-08	3.13e-05	4.58e-03	9.95e-01	1.42e-05	0.00e+00	5.69e-14	1.71e-13	2.85e-13	4.83e-09	9.86e-09	3.19e-40
 2.67895e+15	8.02e-13	1.75e-08	3.55e-05	4.93e-03	9.95e-01	1.33e-05	0.00e+00	6.89e-14	2.07e-13	3.45e-13	5.74e-09	1.17e-08	6.31e-40
 2.77110e+15	9.81e-13	2.10e-08	4.07e-05	5.32e-03	9.95e-01	1.24e-05	0.00e+00	8.44e-14	2.53e-13	4.23e-13	6.90e-09	1.41e-08	1.31e-39
 2.87967e+15	1.23e-12	2.59e-08	4.74e-05	5.81e-03	9.94e-01	1.15e-05	0.00e+00	1.06e-13	3.17e-13	5.29e-13	8.52e-09	1.74e-08	2.99e-39
 2.98567e+15	1.51e-12	3.15e-08	5.48e-05	6.30e-03	9.94e-01	1.06e-05	0.00e+00	1.30e-13	3.91e-13	6.52e-13	1.04e-08	2.12e-08	6.47e-39
 3.08243e+15	1.82e-12	3.75e-08	6.21e-05	6.77e-03	9.93e-01	9.99e-06	0.00e+00	1.57e-13	4.72e-13	7.89e-13	1.23e-08	2.52e-08	1.28e-38
 3.19108e+15	2.23e-12	4.53e-08	7.13e-05	7.33e-03	9.93e-01	9.32e-06	0.00e+00	1.93e-13	5.79e-13	9.66e-13	1.49e-08	3.04e-08	2.69e-38
 3.31755e+15	2.80e-12	5.61e-08	8.33e-05	8.00e-03	9.92e-01	8.65e-06	0.00e+00	2.42e-13	7.26e-13	1.21e-12	1.85e-08	3.76e-08	6.16e-38
 3.44195e+15	3.45e-12	6.88e-08	9.65e-05	8.70e-03	9.91e-01	8.07e-06	0.00e+00	2.99e-13	8.98e-13	1.50e-12	2.27e-08	4.61e-08	1.34e-37
 3.55949e+15	4.18e-12	8.28e-08	1.10e-04	9.38e-03	9.91e-01	7.59e-06	0.00e+00	3.63e-13	1.09e-12	1.82e-12	2.73e-08	5.55e-08	2.72e-37
 3.66210e+15	4.84e-12	9.68e-08	1.24e-04	1.00e-02	9.90e-01	7.22e-06	0.00e+00	4.20e-13	1.26e-12	2.11e-12	3.19e-08	6.49e-08	4.93e-37
 3.74748e+15	5.51e-12	1.10e-07	1.36e-04	1.05e-02	9.89e-01	6.93e-06	0.00e+00	4.78e-13	1.44e-12	2.40e-12	3.63e-08	7.37e-08	8.00e-37
 3.84171e+15	6.37e-12	1.26e-07	1.50e-04	1.11e-02	9.89e-01	6.63e-06	0.00e+00	5.54e-13	1.66e-12	2.77e-12	4.16e-08	8.46e-08	1.35e-36
 3.96420e+15	7.64e-12	1.50e-07	1.70e-04	1.20e-02	9.88e-01	6.28e-06	0.00e+00	6.65e-13	2.00e-12	3.33e-12	4.96e-08	1.01e-07	2.62e-36
 4.09285e+15	9.15e-12	1.79e-07	1.93e-04	1.29e-02	9.87e-01	5.96e-06	0.00e+00	7.98e-13	2.39e-12	4.00e-12	5.92e-08	1.20e-07	5.08e-36
 4.20289e+15	1.07e-11	2.08e-07	2.15e-04	1.36e-02	9.86e-01	5.71e-06	0.00e+00	9.33e-13	2.80e-12	4.67e-12	6.86e-08	1.39e-07	8.75e-36
 4.31933e+15	1.26e-11	2.42e-07	2.40e-04	1.45e-02	9.85e-01	5.46e-06	0.00e+00	1.10e-12	3.29e-12	5.49e-12	7.99e-08	1.62e-07	1.55e-35
 4.47070e+15	1.54e-11	2.94e-07	2.76e-04	1.57e-02	9.84e-01	5.19e-06	0.00e+00	1.35e-12	4.04e-12	6.74e-12	9.70e-08	1.97e-07	3.16e-35
 4.62647e+15	1.87e-11	3.55e-07	3.16e-04	1.70e-02	9.83e-01	4.92e-06	0.00e+00	1.64e-12	4.92e-12	8.21e-12	1.17e-07	2.37e-07	6.32e-35
 4.75629e+15	2.19e-11	4.15e-07	3.53e-04	1.81e-02	9.82e-01	4.75e-06	0.00e+00	1.92e-12	5.77e-12	9.62e-12	1.37e-07	2.78e-07	1.11e-34
 4.89338e+15	2.61e-11	4.87e-07	3.96e-04	1.93e-02	9.80e-01	4.56e-06	0.00e+00	2.29e-12	6.87e-12	1.15e-11	1.61e-07	3.26e-07	2.00e-34
 5.07030e+15	3.24e-11	5.96e-07	4.58e-04	2.09e-02	9.79e-01	4.34e-06	0.00e+00	2.84e-12	8.53e-12	1.42e-11	1.97e-07	3.99e-07	4.13e-34
 5.25549e+15	4.00e-11	7.30e-07	5.29e-04	2.26e-02	9.77e-01	4.14e-06	0.00e+00	3.52e-12	1.05e-11	1.76e-11	2.41e-07	4.89e-07	8.53e-34
 5.41545e+15	4.77e-11	8.66e-07	5.98e-04	2.42e-02	9.75e-01	4.01e-06	0.00e+00	4.19e-12	1.26e-11	2.10e-11	2.86e-07	5.80e-07	1.55e-33
 5.58611e+15	5.79e-11	1.04e-06	6.78e-04	2.60e-02	9.73e-01	3.86e-06	0.00e+00	5.10e-12	1.53e-11	2.55e-11	3.43e-07	6.93e-07	2.92e-33
 5.79624e+15	7.30e-11	1.28e-06	7.90e-04	2.83e-02	9.71e-01	3.71e-06	0.00e+00	6.43e-12	1.93e-11	3.22e-11	4.24e-07	8.57e-07	6.13e-33
 6.00469e+15	9.00e-11	1.56e-06	9.11e-04	3.07e-02	9.68e-01	3.56e-06	0.00e+00	7.94e-12	2.38e-11	3.97e-11	5.17e-07	1.05e-06	1.22e-32
 6.18740e+15	1.09e-10	1.86e-06	1.03e-03	3.29e-02	9.66e-01	3.47e-06	0.00e+00	9.60e-12	2.88e-11	4.81e-11	6.15e-07	1.24e-06	2.19e-32
 6.38965e+15	1.33e-10	2.24e-06	1.18e-03	3.54e-02	9.63e-01	3.36e-06	0.00e+00	1.18e-11	3.54e-11	5.90e-11	7.42e-07	1.50e-06	4.14e-32
 6.61743e+15	1.65e-10	2.74e-06	1.36e-03	3.85e-02	9.60e-01	3.25e-06	0.00e+00	1.46e-11	4.39e-11	7.33e-11	9.07e-07	1.83e-06	8.15e-32
 6.82762e+15	2.02e-10	3.28e-06	1.55e-03	4.14e-02	9.57e-01	3.16e-06	0.00e+00	1.79e-11	5.37e-11	8.95e-11	1.09e-06	2.19e-06	1.44e-31
 7.01887e+15	2.41e-10	3.85e-06	1.74e-03	4.41e-02	9.54e-01	3.10e-06	0.00e+00	2.13e-11	6.40e-11	1.07e-10	1.27e-06	2.57e-06	2.44e-31
 7.19963e+15	2.84e-10	4.46e-06	1.93e-03	4.69e-02	9.51e-01	3.04e-06	0.00e+00	2.52e-11	7.57e-11	1.26e-10	1.48e-06	2.98e-06	3.94e-31
 7.39796e+15	3.39e-10	5.23e-06	2.17e-03	5.00e-02	9.48e-01	2.97e-06	0.00e+00	3.01e-11	9.04e-11	1.51e-10	1.74e-06	3.50e-06	6.68e-31
 7.61145e+15	4.06e-10	6.17e-06	2.45e-03	5.35e-02	9.44e-01	2.90e-06	0.00e+00	3.61e-11	1.08e-10	1.81e-10	2.05e-06	4.12e-06	1.13e-30
 7.80519e+15	4.80e-10	7.15e-06	2.72e-03	5.68e-02	9.40e-01	2.86e-06	0.00e+00	4.27e-11	1.28e-10	2.14e-10	2.37e-06	4.78e-06	1.79e-30
 8.01758e+15	5.75e-10	8.40e-06	3.06e-03	6.06e-02	9.36e-01	2.80e-06	0.00e+00	5.13e-11	1.54e-10	2.56e-10	2.79e-06	5.61e-06	3.01e-30
 8.25014e+15	6.95e-10	9.93e-06	3.46e-03	6.50e-02	9.32e-01	2.75e-06	0.00e+00	6.20e-11	1.86e-10	3.10e-10	3.30e-06	6.64e-06	5.07e-30
 8.46730e+15	8.30e-10	1.16e-05	3.87e-03	6.92e-02	9.27e-01	2.70e-06	0.00e+00	7.41e-11	2.22e-10	3.71e-10	3.84e-06	7.74e-06	8.11e-30
 8.70800e+15	1.02e-09	1.38e-05	4.39e-03	7.43e-02	9.21e-01	2.66e-06	0.00e+00	9.09e-11	2.73e-10	4.55e-10	4.57e-06	9.20e-06	1.39e-29
 8.96904e+15	1.24e-09	1.64e-05	5.00e-03	7.98e-02	9.15e-01	2.61e-06	0.00e+00	1.11e-10	3.32e-10	5.53e-10	5.45e-06	1.10e-05	2.35e-29
 9.21151e+15	1.49e-09	1.93e-05	5.63e-03	8.53e-02	9.09e-01	2.57e-06	0.00e+00	1.33e-10	3.99e-10	6.66e-10	6.40e-06	1.29e-05	3.80e-29
 9.48172e+15	1.84e-09	2.31e-05	6.44e-03	9.19e-02	9.02e-01	2.52e-06	0.00e+00	1.65e-10	4.95e-10	8.25e-10	7.68e-06	1.54e-05	6.59e-29
 9.76762e+15	2.29e-09	2.77e-05	7.38e-03	9.92e-02	8.93e-01	2.50e-06	0.00e+00	2.06e-10	6.18e-10	1.03e-09	9.21e-06	1.85e-05	1.12e-28
 1.00146e+16	2.75e-09	3.23e-05	8.28e-03	1.06e-01	8.86e-01	2.46e-06	0.00e+00	2.47e-10	7.42e-10	1.24e-09	1.07e-05	2.16e-05	1.73e-28
 1.02765e+16	3.33e-09	3.83e-05	9.39e-03	1.13e-01	8.77e-01	2.42e-06	0.00e+00	3.00e-10	8.99e-10	1.50e-09	1.27e-05	2.56e-05	2.83e-28
 1.05666e+16	4.14e-09	4.58e-05	1.07e-02	1.22e-01	8.67e-01	2.39e-06	0.00e+00	3.73e-10	1.12e-09	1.87e-09	1.52e-05	3.05e-05	4.70e-28
 1.08339e+16	5.04e-09	5.38e-05	1.21e-02	1.30e-01	8.58e-01	2.36e-06	0.00e+00	4.55e-10	1.36e-09	2.27e-09	1.79e-05	3.59e-05	7.33e-28
 1.10833e+16	5.97e-09	6.25e-05	1.36e-02	1.39e-01	8.48e-01	2.33e-06	0.00e+00	5.39e-10	1.62e-09	2.70e-09	2.08e-05	4.17e-05	1.11e-27
 1.13692e+16	7.49e-09	7.48e-05	1.56e-02	1.49e-01	8.35e-01	2.30e-06	0.00e+00	6.77e-10	2.03e-09	3.39e-09	2.49e-05	4.99e-05	1.86e-27
 1.16614e+16	9.20e-09	8.87e-05	1.78e-02	1.60e-01	8.22e-01	2.28e-06	0.00e+00	8.33e-10	2.50e-09	4.17e-09	2.95e-05	5.92e-05	2.93e-27
 1.19004e+16	1.09e-08	1.02e-04	1.99e-02	1.69e-01	8.11e-01	2.26e-06	0.00e+00	9.91e-10	2.97e-09	4.96e-09	3.40e-05	6.81e-05	4.24e-27
 1.21496e+16	1.31e-08	1.19e-04	2.24e-02	1.80e-01	7.98e-01	2.23e-06	0.00e+00	1.19e-09	3.57e-09	5.95e-09	3.97e-05	7.95e-05	6.50e-27
 1.24217e+16	1.61e-08	1.41e-04	2.54e-02	1.92e-01	7.83e-01	2.21e-06	0.00e+00	1.46e-09	4.39e-09	7.32e-09	4.68e-05	9.38e-05	1.01e-26
 1.26654e+16	1.93e-08	1.63e-04	2.85e-02	2.03e-01	7.68e-01	2.21e-06	0.00e+00	1.76e-09	5.27e-09	8.78e-09	5.41e-05	1.08e-04	1.49e-26
 1.28878e+16	2.30e-08	1.86e-04	3.17e-02	2.14e-01	7.54e-01	2.19e-06	0.00e+00	2.09e-09	6.27e-09	1.05e-08	6.20e-05	1.24e-04	2.13e-26
 1.31407e+16	2.78e-08	2.19e-04	3.59e-02	2.27e-01	7.36e-01	2.17e-06	0.00e+00	2.53e-09	7.60e-09	1.27e-08	7.29e-05	1.46e-04	3.29e-26
 1.34112e+16	3.46e-08	2.60e-04	4.10e-02	2.42e-01	7.16e-01	2.16e-06	0.00e+00	3.16e-09	9.47e-09	1.58e-08	8.65e-05	1.73e-04	5.19e-26
 1.36444e+16	4.19e-08	3.00e-04	4.60e-02	2.56e-01	6.98e-01	2.16e-06	0.00e+00	3.82e-09	1.15e-08	1.91e-08	1.00e-04	2.00e-04	7.58e-26
 1.38528e+16	4.97e-08	3.44e-04	5.11e-02	2.69e-01	6.80e-01	2.16e-06	0.00e+00	4.54e-09	1.36e-08	2.27e-08	1.15e-04	2.30e-04	1.09e-25
 1.40891e+16	6.02e-08	4.03e-04	5.79e-02	2.84e-01	6.58e-01	2.14e-06	0.00e+00	5.51e-09	1.65e-08	2.75e-08	1.34e-04	2.69e-04	1.66e-25
 1.43417e+16	7.56e-08	4.80e-04	6.62e-02	3.02e-01	6.32e-01	2.15e-06	0.00e+00	6.92e-09	2.07e-08	3.46e-08	1.60e-04	3.20e-04	2.68e-25
 1.45562e+16	9.10e-08	5.54e-04	7.42e-02	3.16e-01	6.09e-01	2.17e-06	0.00e+00	8.33e-09	2.50e-08	4.16e-08	1.85e-04	3.70e-04	3.93e-25
 1.47431e+16	1.08e-07	6.33e-04	8.22e-02	3.30e-01	5.87e-01	2.17e-06	0.00e+00	9.91e-09	2.97e-08	4.95e-08	2.11e-04	4.22e-04	5.59e-25
 1.49534e+16	1.31e-07	7.37e-04	9.26e-02	3.47e-01	5.60e-01	2.16e-06	0.00e+00	1.20e-08	3.59e-08	5.98e-08	2.45e-04	4.91e-04	8.47e-25
 1.51779e+16	1.64e-07	8.74e-04	1.05e-01	3.65e-01	5.29e-01	2.19e-06	0.00e+00	1.50e-08	4.50e-08	7.50e-08	2.91e-04	5.83e-04	1.39e-24
 1.53658e+16	1.96e-07	1.01e-03	1.17e-01	3.80e-01	5.02e-01	2.21e-06	6.18e-12	1.80e-08	5.40e-08	9.00e-08	3.35e-04	6.70e-04	2.03e-24
 1.55251e+16	2.30e-07	1.14e-03	1.29e-01	3.93e-01	4.77e-01	2.23e-06	0.00e+00	2.12e-08	6.35e-08	1.06e-07	3.79e-04	7.58e-04	2.86e-24
 1.57025e+16	2.77e-07	1.28e-03	1.43e-01	4.08e-01	4.48e-01	2.21e-06	0.00e+00	2.55e-08	7.64e-08	1.27e-07	4.28e-04	8.56e-04	3.99e-24
 1.58961e+16	3.41e-07	1.50e-03	1.61e-01	4.24e-01	4.14e-01	2.21e-06	0.00e+00	3.14e-08	9.41e-08	1.57e-07	4.99e-04	9.98e-04	6.23e-24
 1.60623e+16	4.14e-07	1.76e-03	1.80e-01	4.38e-01	3.81e-01	2.30e-06	0.00e+00	3.81e-08	1.14e-07	1.90e-07	5.87e-04	1.18e-03	1.06e-23
 1.61875e+16	4.72e-07	1.95e-03	1.94e-01	4.48e-01	3.56e-01	2.32e-06	9.86e-12	4.35e-08	1.30e-07	2.17e-07	6.51e-04	1.30e-03	1.45e-23
 1.63080e+16	5.47e-07	2.18e-03	2.10e-01	4.57e-01	3.31e-01	2.32e-06	0.00e+00	5.05e-08	1.51e-07	2.52e-07	7.26e-04	1.45e-03	2.04e-23
