#depth	He	He+	He+2
 1.49634e+10	5.98e-23	4.73e-12	1.00e+00
 4.54887e+10	6.71e-23	5.12e-12	1.00e+00
 7.72350e+10	7.50e-23	5.54e-12	1.00e+00
 1.10251e+11	8.40e-23	6.01e-12	1.00e+00
 1.44588e+11	9.41e-23	6.51e-12	1.00e+00
 1.80298e+11	1.06e-22	7.05e-12	1.00e+00
 2.14987e+11	1.18e-22	7.60e-12	1.00e+00
 2.46982e+11	1.30e-22	8.13e-12	1.00e+00
 2.82661e+11	1.45e-22	8.75e-12	1.00e+00
 3.23847e+11	1.64e-22	9.49e-12	1.00e+00
 3.64442e+11	1.84e-22	1.02e-11	1.00e+00
 4.06660e+11	2.07e-22	1.11e-11	1.00e+00
 4.52853e+11	2.34e-22	1.20e-11	1.00e+00
 4.99716e+11	2.65e-22	1.30e-11	1.00e+00
 5.48452e+11	3.01e-22	1.41e-11	1.00e+00
 6.00317e+11	3.42e-22	1.53e-11	1.00e+00
 6.54257e+11	3.90e-22	1.66e-11	1.00e+00
 7.10354e+11	4.46e-22	1.81e-11	1.00e+00
 7.68695e+11	5.10e-22	1.96e-11	1.00e+00
 8.29369e+11	5.84e-22	2.13e-11	1.00e+00
 8.92471e+11	6.69e-22	2.32e-11	1.00e+00
 9.58096e+11	7.68e-22	2.52e-11	1.00e+00
 1.01993e+12	8.73e-22	2.72e-11	1.00e+00
 1.07544e+12	9.75e-22	2.91e-11	1.00e+00
 1.13785e+12	1.10e-21	3.14e-11	1.00e+00
 1.21155e+12	1.26e-21	3.41e-11	1.00e+00
 1.28549e+12	1.45e-21	3.70e-11	1.00e+00
 1.35519e+12	1.64e-21	3.98e-11	1.00e+00
 1.43212e+12	1.87e-21	4.31e-11	1.00e+00
 1.51933e+12	2.16e-21	4.71e-11	1.00e+00
 1.60677e+12	2.50e-21	5.12e-11	1.00e+00
 1.69770e+12	2.87e-21	5.58e-11	1.00e+00
 1.79554e+12	3.34e-21	6.09e-11	1.00e+00
 1.88737e+12	3.82e-21	6.60e-11	1.00e+00
 1.96947e+12	4.29e-21	7.08e-11	1.00e+00
 2.06182e+12	4.86e-21	7.65e-11	1.00e+00
 2.17127e+12	5.63e-21	8.36e-11	1.00e+00
 2.28110e+12	6.50e-21	9.11e-11	1.00e+00
 2.38403e+12	7.38e-21	9.85e-11	1.00e+00
 2.49802e+12	8.45e-21	1.07e-10	1.00e+00
 2.62787e+12	9.83e-21	1.18e-10	1.00e+00
 2.75568e+12	1.13e-20	1.28e-10	1.00e+00
 2.88860e+12	1.30e-20	1.40e-10	1.00e+00
 3.03407e+12	1.52e-20	1.54e-10	1.00e+00
 3.18024e+12	1.75e-20	1.69e-10	1.00e+00
 3.33226e+12	2.02e-20	1.86e-10	1.00e+00
 3.49548e+12	2.34e-20	2.05e-10	1.00e+00
 3.65737e+12	2.69e-20	2.25e-10	1.00e+00
 3.82574e+12	3.09e-20	2.47e-10	1.00e+00
 4.00869e+12	3.57e-20	2.73e-10	1.00e+00
 4.19897e+12	4.11e-20	3.01e-10	1.00e+00
 4.39685e+12	4.74e-20	3.33e-10	1.00e+00
 4.60265e+12	5.44e-20	3.68e-10	1.00e+00
 4.78832e+12	6.14e-20	4.02e-10	1.00e+00
 4.94225e+12	6.75e-20	4.32e-10	1.00e+00
 5.11054e+12	7.45e-20	4.66e-10	1.00e+00
 5.32474e+12	8.42e-20	5.12e-10	1.00e+00
 5.54868e+12	9.53e-20	5.63e-10	1.00e+00
 5.74609e+12	1.06e-19	6.11e-10	1.00e+00
 5.92865e+12	1.16e-19	6.57e-10	1.00e+00
 6.13569e+12	1.28e-19	7.12e-10	1.00e+00
 6.39273e+12	1.44e-19	7.85e-10	1.00e+00
 6.64956e+12	1.61e-19	8.62e-10	1.00e+00
 6.86936e+12	1.77e-19	9.32e-10	1.00e+00
 7.10621e+12	1.95e-19	1.01e-09	1.00e+00
 7.39986e+12	2.19e-19	1.11e-09	1.00e+00
 7.70187e+12	2.45e-19	1.23e-09	1.00e+00
 7.97442e+12	2.71e-19	1.33e-09	1.00e+00
 8.27408e+12	3.02e-19	1.45e-09	1.00e+00
 8.62729e+12	3.41e-19	1.61e-09	1.00e+00
 8.98056e+12	3.85e-19	1.77e-09	1.00e+00
 9.31605e+12	4.31e-19	1.93e-09	1.00e+00
 9.68671e+12	4.86e-19	2.12e-09	1.00e+00
 1.01041e+13	5.57e-19	2.35e-09	1.00e+00
 1.05213e+13	6.36e-19	2.58e-09	1.00e+00
 1.08906e+13	7.14e-19	2.80e-09	1.00e+00
 1.12004e+13	7.86e-19	3.00e-09	1.00e+00
 1.15338e+13	8.71e-19	3.21e-09	1.00e+00
 1.19672e+13	9.93e-19	3.50e-09	1.00e+00
 1.24206e+13	1.14e-18	3.82e-09	1.00e+00
 1.28076e+13	1.27e-18	4.11e-09	1.00e+00
 1.32180e+13	1.43e-18	4.42e-09	1.00e+00
 1.37339e+13	1.66e-18	4.83e-09	1.00e+00
 1.42651e+13	1.92e-18	5.28e-09	1.00e+00
 1.47333e+13	2.18e-18	5.69e-09	1.00e+00
 1.52416e+13	2.50e-18	6.16e-09	1.00e+00
 1.58027e+13	2.90e-18	6.70e-09	1.00e+00
 1.63201e+13	3.31e-18	7.22e-09	1.00e+00
 1.68800e+13	3.80e-18	7.80e-09	1.00e+00
 1.75044e+13	4.42e-18	8.48e-09	1.00e+00
 1.80891e+13	5.08e-18	9.14e-09	1.00e+00
 1.87258e+13	5.87e-18	9.90e-09	1.00e+00
 1.94333e+13	6.88e-18	1.08e-08	1.00e+00
 2.00939e+13	7.94e-18	1.16e-08	1.00e+00
 2.08136e+13	9.23e-18	1.26e-08	1.00e+00
 2.16182e+13	1.09e-17	1.37e-08	1.00e+00
 2.23770e+13	1.26e-17	1.48e-08	1.00e+00
 2.32071e+13	1.48e-17	1.61e-08	1.00e+00
 2.41369e+13	1.75e-17	1.76e-08	1.00e+00
 2.50181e+13	2.04e-17	1.90e-08	1.00e+00
 2.59626e+13	2.39e-17	2.07e-08	1.00e+00
 2.70310e+13	2.85e-17	2.26e-08	1.00e+00
 2.80890e+13	3.37e-17	2.46e-08	1.00e+00
 2.91893e+13	3.97e-17	2.68e-08	1.00e+00
 3.03868e+13	4.73e-17	2.93e-08	1.00e+00
 3.16322e+13	5.60e-17	3.19e-08	1.00e+00
 3.28145e+13	6.57e-17	3.46e-08	1.00e+00
 3.38743e+13	7.52e-17	3.70e-08	1.00e+00
 3.48612e+13	8.49e-17	3.94e-08	1.00e+00
 3.59524e+13	9.67e-17	4.20e-08	1.00e+00
 3.71819e+13	1.11e-16	4.51e-08	1.00e+00
 3.83591e+13	1.27e-16	4.82e-08	1.00e+00
 3.96573e+13	1.46e-16	5.18e-08	1.00e+00
 4.11016e+13	1.70e-16	5.58e-08	1.00e+00
 4.24301e+13	1.94e-16	5.97e-08	1.00e+00
 4.36638e+13	2.18e-16	6.34e-08	1.00e+00
 4.50797e+13	2.49e-16	6.77e-08	1.00e+00
 4.68126e+13	2.90e-16	7.32e-08	1.00e+00
 4.85409e+13	3.38e-16	7.90e-08	1.00e+00
 5.00436e+13	3.83e-16	8.40e-08	1.00e+00
 5.16695e+13	4.35e-16	8.97e-08	1.00e+00
 5.36552e+13	5.06e-16	9.68e-08	1.00e+00
 5.56786e+13	5.90e-16	1.05e-07	1.00e+00
 5.75063e+13	6.71e-16	1.12e-07	1.00e+00
 5.95094e+13	7.68e-16	1.19e-07	1.00e+00
 6.18694e+13	8.96e-16	1.29e-07	1.00e+00
 6.42239e+13	1.04e-15	1.39e-07	1.00e+00
 6.64371e+13	1.19e-15	1.49e-07	1.00e+00
 6.88893e+13	1.37e-15	1.60e-07	1.00e+00
 7.16747e+13	1.61e-15	1.73e-07	1.00e+00
 7.44539e+13	1.86e-15	1.87e-07	1.00e+00
 7.73441e+13	2.16e-15	2.01e-07	1.00e+00
 8.04678e+13	2.52e-15	2.17e-07	1.00e+00
 8.37164e+13	2.93e-15	2.35e-07	1.00e+00
 8.70950e+13	3.42e-15	2.54e-07	1.00e+00
 9.03802e+13	3.95e-15	2.73e-07	1.00e+00
 9.31882e+13	4.44e-15	2.90e-07	1.00e+00
 9.60522e+13	5.00e-15	3.08e-07	1.00e+00
 9.96394e+13	5.76e-15	3.31e-07	1.00e+00
 1.03289e+14	6.62e-15	3.55e-07	1.00e+00
 1.06469e+14	7.44e-15	3.77e-07	1.00e+00
 1.09916e+14	8.42e-15	4.01e-07	1.00e+00
 1.14117e+14	9.71e-15	4.32e-07	1.00e+00
 1.18428e+14	1.13e-14	4.66e-07	1.00e+00
 1.22393e+14	1.28e-14	4.96e-07	1.00e+00
 1.26779e+14	1.46e-14	5.32e-07	1.00e+00
 1.31857e+14	1.70e-14	5.76e-07	1.00e+00
 1.36926e+14	1.97e-14	6.20e-07	1.00e+00
 1.41504e+14	2.24e-14	6.63e-07	1.00e+00
 1.45716e+14	2.50e-14	7.02e-07	1.00e+00
 1.50554e+14	2.85e-14	7.51e-07	1.00e+00
 1.56369e+14	3.29e-14	8.09e-07	1.00e+00
 1.62128e+14	3.80e-14	8.72e-07	1.00e+00
 1.67269e+14	4.28e-14	9.28e-07	1.00e+00
 1.72934e+14	4.87e-14	9.93e-07	1.00e+00
 1.79674e+14	5.66e-14	1.07e-06	1.00e+00
 1.86343e+14	6.51e-14	1.16e-06	1.00e+00
 1.92437e+14	7.35e-14	1.23e-06	1.00e+00
 1.99250e+14	8.42e-14	1.32e-06	1.00e+00
 2.07179e+14	9.78e-14	1.43e-06	1.00e+00
 2.14958e+14	1.13e-13	1.55e-06	1.00e+00
 2.22296e+14	1.28e-13	1.65e-06	1.00e+00
 2.30466e+14	1.47e-13	1.78e-06	1.00e+00
 2.39714e+14	1.70e-13	1.93e-06	1.00e+00
 2.48970e+14	1.97e-13	2.08e-06	1.00e+00
 2.57623e+14	2.24e-13	2.23e-06	1.00e+00
 2.66985e+14	2.56e-13	2.40e-06	1.00e+00
 2.77695e+14	2.96e-13	2.60e-06	1.00e+00
 2.87791e+14	3.38e-13	2.80e-06	1.00e+00
 2.96892e+14	3.79e-13	2.98e-06	1.00e+00
 3.05495e+14	4.21e-13	3.16e-06	1.00e+00
 3.15017e+14	4.71e-13	3.36e-06	1.00e+00
 3.25660e+14	5.31e-13	3.60e-06	1.00e+00
 3.35690e+14	5.94e-13	3.82e-06	1.00e+00
 3.46656e+14	6.66e-13	4.08e-06	1.00e+00
 3.58908e+14	7.56e-13	4.38e-06	1.00e+00
 3.70540e+14	8.48e-13	4.67e-06	1.00e+00
 3.83369e+14	9.57e-13	5.01e-06	1.00e+00
 3.97535e+14	1.09e-12	5.40e-06	1.00e+00
 4.10577e+14	1.22e-12	5.76e-06	1.00e+00
 4.24668e+14	1.38e-12	6.17e-06	1.00e+00
 4.40407e+14	1.56e-12	6.64e-06	1.00e+00
 4.55238e+14	1.76e-12	7.12e-06	1.00e+00
 4.71466e+14	1.99e-12	7.64e-06	1.00e+00
 4.89472e+14	2.27e-12	8.26e-06	1.00e+00
 5.06214e+14	2.55e-12	8.84e-06	1.00e+00
 5.24407e+14	2.89e-12	9.52e-06	1.00e+00
 5.44749e+14	3.29e-12	1.03e-05	1.00e+00
 5.64051e+14	3.73e-12	1.11e-05	1.00e+00
 5.84775e+14	4.22e-12	1.19e-05	1.00e+00
 6.08196e+14	4.84e-12	1.30e-05	1.00e+00
 6.31147e+14	5.49e-12	1.40e-05	1.00e+00
 6.55016e+14	6.26e-12	1.51e-05	1.00e+00
 6.81246e+14	7.19e-12	1.65e-05	1.00e+00
 7.07058e+14	8.18e-12	1.78e-05	1.00e+00
 7.28385e+14	9.10e-12	1.90e-05	1.00e+00
 7.45469e+14	9.87e-12	2.00e-05	1.00e+00
 7.64320e+14	1.08e-11	2.11e-05	1.00e+00
 7.88826e+14	1.21e-11	2.26e-05	1.00e+00
 8.15069e+14	1.36e-11	2.42e-05	1.00e+00
 8.38454e+14	1.51e-11	2.58e-05	1.00e+00
 8.63741e+14	1.67e-11	2.75e-05	1.00e+00
 8.95609e+14	1.91e-11	2.98e-05	1.00e+00
 9.27741e+14	2.18e-11	3.22e-05	1.00e+00
 9.55010e+14	2.43e-11	3.44e-05	1.00e+00
 9.84250e+14	2.71e-11	3.67e-05	1.00e+00
 1.02081e+15	3.11e-11	3.99e-05	1.00e+00
 1.05837e+15	3.56e-11	4.33e-05	1.00e+00
 1.09144e+15	3.99e-11	4.64e-05	1.00e+00
 1.12721e+15	4.49e-11	4.98e-05	1.00e+00
 1.17038e+15	5.20e-11	5.43e-05	1.00e+00
 1.21320e+15	5.97e-11	5.89e-05	1.00e+00
 1.25127e+15	6.70e-11	6.32e-05	1.00e+00
 1.29316e+15	7.63e-11	6.82e-05	1.00e+00
 1.34319e+15	8.82e-11	7.43e-05	1.00e+00
 1.39302e+15	1.02e-10	8.07e-05	1.00e+00
 1.43860e+15	1.14e-10	8.67e-05	1.00e+00
 1.48946e+15	1.32e-10	9.39e-05	1.00e+00
 1.54859e+15	1.53e-10	1.03e-04	1.00e+00
 1.60677e+15	1.77e-10	1.12e-04	1.00e+00
 1.66210e+15	2.02e-10	1.21e-04	1.00e+00
 1.71045e+15	2.26e-10	1.29e-04	1.00e+00
 1.75053e+15	2.48e-10	1.36e-04	1.00e+00
 1.79484e+15	2.74e-10	1.44e-04	1.00e+00
 1.85245e+15	3.10e-10	1.54e-04	1.00e+00
 1.91287e+15	3.48e-10	1.66e-04	1.00e+00
 1.96489e+15	3.88e-10	1.76e-04	1.00e+00
 2.02044e+15	4.37e-10	1.88e-04	1.00e+00
 2.09266e+15	5.03e-10	2.03e-04	1.00e+00
 2.16686e+15	5.71e-10	2.20e-04	1.00e+00
 2.22878e+15	6.42e-10	2.34e-04	1.00e+00
 2.29443e+15	7.21e-10	2.50e-04	1.00e+00
 2.37818e+15	8.45e-10	2.71e-04	1.00e+00
 2.46573e+15	9.70e-10	2.94e-04	1.00e+00
 2.54339e+15	1.09e-09	3.15e-04	1.00e+00
 2.62791e+15	1.24e-09	3.39e-04	1.00e+00
 2.72921e+15	1.47e-09	3.69e-04	1.00e+00
 2.82980e+15	1.68e-09	3.99e-04	1.00e+00
 2.92080e+15	1.91e-09	4.29e-04	1.00e+00
 3.02182e+15	2.20e-09	4.63e-04	1.00e+00
 3.14052e+15	2.62e-09	5.05e-04	9.99e-01
 3.25762e+15	3.04e-09	5.47e-04	9.99e-01
 3.36705e+15	3.48e-09	5.89e-04	9.99e-01
 3.48942e+15	4.01e-09	6.37e-04	9.99e-01
 3.62903e+15	4.75e-09	6.95e-04	9.99e-01
 3.76678e+15	5.53e-09	7.54e-04	9.99e-01
 3.87928e+15	6.24e-09	8.05e-04	9.99e-01
 3.96696e+15	6.85e-09	8.45e-04	9.99e-01
 4.06301e+15	7.56e-09	8.91e-04	9.99e-01
 4.18787e+15	8.44e-09	9.52e-04	9.99e-01
 4.32348e+15	9.79e-09	1.02e-03	9.99e-01
 4.44519e+15	1.09e-08	1.09e-03	9.99e-01
 4.57556e+15	1.22e-08	1.16e-03	9.99e-01
 4.74225e+15	1.44e-08	1.25e-03	9.99e-01
 4.91086e+15	1.65e-08	1.35e-03	9.99e-01
 5.05149e+15	1.84e-08	1.44e-03	9.99e-01
 5.20104e+15	2.08e-08	1.53e-03	9.98e-01
 5.39129e+15	2.47e-08	1.66e-03	9.98e-01
 5.58638e+15	2.85e-08	1.80e-03	9.98e-01
 5.75500e+15	3.23e-08	1.92e-03	9.98e-01
 5.93729e+15	3.69e-08	2.06e-03	9.98e-01
 6.16114e+15	4.23e-08	2.23e-03	9.98e-01
 6.38438e+15	5.03e-08	2.42e-03	9.98e-01
 6.57892e+15	5.71e-08	2.59e-03	9.97e-01
 6.79080e+15	6.50e-08	2.78e-03	9.97e-01
 7.04879e+15	7.51e-08	3.03e-03	9.97e-01
 7.29926e+15	8.95e-08	3.29e-03	9.97e-01
 7.50618e+15	1.01e-07	3.51e-03	9.96e-01
 7.72393e+15	1.14e-07	3.75e-03	9.96e-01
 8.00396e+15	1.31e-07	4.08e-03	9.96e-01
 8.27373e+15	1.55e-07	4.42e-03	9.96e-01
 8.46491e+15	1.71e-07	4.66e-03	9.95e-01
 8.64516e+15	1.88e-07	4.91e-03	9.95e-01
 8.87948e+15	2.11e-07	5.25e-03	9.95e-01
 9.13752e+15	2.42e-07	5.65e-03	9.94e-01
 9.37401e+15	2.71e-07	6.02e-03	9.94e-01
 9.62908e+15	3.04e-07	6.46e-03	9.94e-01
 9.91457e+15	3.56e-07	6.99e-03	9.93e-01
 1.01718e+16	4.00e-07	7.48e-03	9.93e-01
 1.04014e+16	4.42e-07	7.96e-03	9.92e-01
 1.06630e+16	5.00e-07	8.55e-03	9.91e-01
 1.09553e+16	5.87e-07	9.28e-03	9.91e-01
 1.12257e+16	6.65e-07	9.98e-03	9.90e-01
 1.14770e+16	7.45e-07	1.07e-02	9.89e-01
 1.17651e+16	8.45e-07	1.16e-02	9.88e-01
 1.20708e+16	9.99e-07	1.27e-02	9.87e-01
 1.23284e+16	1.13e-06	1.36e-02	9.86e-01
 1.25922e+16	1.28e-06	1.48e-02	9.85e-01
 1.28836e+16	1.46e-06	1.61e-02	9.84e-01
 1.31485e+16	1.72e-06	1.75e-02	9.82e-01
 1.33790e+16	1.93e-06	1.89e-02	9.81e-01
 1.36272e+16	2.20e-06	2.06e-02	9.79e-01
 1.39010e+16	2.60e-06	2.26e-02	9.77e-01
 1.41446e+16	2.95e-06	2.47e-02	9.75e-01
 1.43611e+16	3.33e-06	2.69e-02	9.73e-01
 1.46059e+16	4.00e-06	2.98e-02	9.70e-01
 1.48562e+16	4.57e-06	3.30e-02	9.67e-01
 1.50682e+16	5.45e-06	3.64e-02	9.64e-01
 1.52560e+16	6.24e-06	3.99e-02	9.60e-01
 1.54267e+16	7.12e-06	4.35e-02	9.56e-01
 1.55925e+16	8.14e-06	4.76e-02	9.52e-01
 1.57829e+16	9.52e-06	5.31e-02	9.47e-01
 1.59879e+16	1.16e-05	6.02e-02	9.40e-01
 1.61591e+16	1.33e-05	6.72e-02	9.33e-01
 1.63065e+16	1.55e-05	7.46e-02	9.25e-01
 1.64532e+16	1.85e-05	8.34e-02	9.17e-01
 1.65893e+16	2.13e-05	9.29e-02	9.07e-01
 1.67341e+16	2.55e-05	1.05e-01	8.95e-01
 1.68852e+16	3.11e-05	1.21e-01	8.79e-01
 1.70026e+16	3.75e-05	1.36e-01	8.64e-01
 1.70831e+16	4.22e-05	1.48e-01	8.52e-01
 1.71573e+16	4.76e-05	1.61e-01	8.39e-01
 1.72362e+16	5.33e-05	1.76e-01	8.24e-01
 1.73211e+16	6.28e-05	1.95e-01	8.05e-01
 1.73962e+16	7.11e-05	2.13e-01	7.87e-01
 1.74461e+16	7.77e-05	2.27e-01	7.73e-01
 1.74985e+16	8.48e-05	2.43e-01	7.57e-01
 1.75665e+16	9.77e-05	2.66e-01	7.33e-01
 1.76305e+16	1.09e-04	2.90e-01	7.10e-01
 1.76891e+16	1.22e-04	3.15e-01	6.85e-01
 1.77511e+16	1.38e-04	3.43e-01	6.57e-01
 1.78046e+16	1.55e-04	3.69e-01	6.31e-01
 1.78498e+16	1.69e-04	3.92e-01	6.08e-01
 1.78969e+16	1.86e-04	4.18e-01	5.82e-01
 1.79582e+16	2.10e-04	4.54e-01	5.45e-01
 1.80222e+16	2.37e-04	4.93e-01	5.07e-01
 1.80773e+16	2.62e-04	5.28e-01	4.72e-01
 1.81362e+16	2.92e-04	5.66e-01	4.34e-01
 1.82017e+16	3.26e-04	6.08e-01	3.92e-01
 1.82641e+16	3.59e-04	6.46e-01	3.53e-01
 1.83335e+16	3.98e-04	6.88e-01	3.12e-01
 1.84116e+16	4.42e-04	7.31e-01	2.69e-01
 1.84886e+16	4.85e-04	7.69e-01	2.30e-01
 1.85759e+16	5.33e-04	8.08e-01	1.92e-01
 1.86894e+16	5.92e-04	8.49e-01	1.50e-01
 1.88128e+16	6.50e-04	8.84e-01	1.16e-01
 1.89491e+16	7.11e-04	9.12e-01	8.68e-02
 1.91264e+16	7.83e-04	9.39e-01	6.06e-02
 1.92731e+16	8.39e-04	9.52e-01	4.68e-02
 1.93475e+16	8.66e-04	9.58e-01	4.13e-02
 1.94115e+16	8.93e-04	9.62e-01	3.67e-02
 1.94947e+16	9.27e-04	9.67e-01	3.16e-02
 1.96029e+16	9.72e-04	9.73e-01	2.63e-02
 1.97198e+16	1.02e-03	9.77e-01	2.19e-02
 1.98206e+16	1.07e-03	9.80e-01	1.88e-02
 1.99080e+16	1.11e-03	9.82e-01	1.65e-02
 2.00054e+16	1.16e-03	9.85e-01	1.43e-02
 2.01045e+16	1.21e-03	9.86e-01	1.25e-02
 2.01815e+16	1.26e-03	9.87e-01	1.13e-02
 2.02465e+16	1.30e-03	9.88e-01	1.03e-02
 2.03199e+16	1.35e-03	9.89e-01	9.36e-03
 2.04024e+16	1.41e-03	9.90e-01	8.43e-03
 2.04776e+16	1.47e-03	9.91e-01	7.68e-03
 2.05426e+16	1.53e-03	9.91e-01	7.09e-03
 2.06137e+16	1.60e-03	9.92e-01	6.48e-03
 2.06909e+16	1.67e-03	9.92e-01	5.93e-03
 2.07579e+16	1.75e-03	9.93e-01	5.49e-03
 2.08155e+16	1.82e-03	9.93e-01	5.14e-03
 2.08790e+16	1.90e-03	9.93e-01	4.76e-03
 2.09491e+16	1.99e-03	9.94e-01	4.41e-03
 2.10110e+16	2.09e-03	9.94e-01	4.12e-03
 2.10640e+16	2.18e-03	9.94e-01	3.89e-03
 2.11221e+16	2.29e-03	9.94e-01	3.64e-03
 2.11857e+16	2.41e-03	9.94e-01	3.41e-03
 2.12419e+16	2.54e-03	9.94e-01	3.22e-03
 2.12904e+16	2.66e-03	9.94e-01	3.06e-03
 2.13441e+16	2.80e-03	9.94e-01	2.89e-03
 2.14028e+16	2.97e-03	9.94e-01	2.72e-03
 2.14550e+16	3.14e-03	9.94e-01	2.58e-03
 2.15005e+16	3.30e-03	9.94e-01	2.47e-03
 2.15509e+16	3.49e-03	9.94e-01	2.34e-03
 2.16063e+16	3.73e-03	9.94e-01	2.22e-03
 2.16557e+16	3.98e-03	9.94e-01	2.12e-03
 2.16995e+16	4.22e-03	9.94e-01	2.03e-03
 2.17483e+16	4.52e-03	9.94e-01	1.93e-03
 2.18026e+16	4.90e-03	9.93e-01	1.83e-03
 2.18527e+16	5.30e-03	9.93e-01	1.75e-03
 2.18985e+16	5.73e-03	9.93e-01	1.68e-03
 2.19503e+16	6.28e-03	9.92e-01	1.59e-03
 2.20051e+16	6.97e-03	9.92e-01	1.52e-03
 2.20502e+16	7.67e-03	9.91e-01	1.46e-03
 2.20876e+16	8.32e-03	9.90e-01	1.42e-03
 2.21222e+16	9.04e-03	9.90e-01	1.37e-03
 2.21551e+16	9.83e-03	9.89e-01	1.33e-03
 2.21870e+16	1.07e-02	9.88e-01	1.30e-03
 2.22181e+16	1.17e-02	9.87e-01	1.26e-03
 2.22474e+16	1.28e-02	9.86e-01	1.23e-03
 2.22748e+16	1.39e-02	9.85e-01	1.21e-03
 2.23011e+16	1.52e-02	9.84e-01	1.18e-03
 2.23267e+16	1.67e-02	9.82e-01	1.16e-03
 2.23515e+16	1.84e-02	9.80e-01	1.14e-03
 2.23752e+16	2.02e-02	9.79e-01	1.13e-03
 2.23982e+16	2.23e-02	9.77e-01	1.12e-03
 2.24207e+16	2.47e-02	9.74e-01	1.10e-03
 2.24424e+16	2.75e-02	9.71e-01	1.09e-03
 2.24631e+16	3.05e-02	9.68e-01	1.09e-03
 2.24832e+16	3.40e-02	9.65e-01	1.08e-03
 2.25028e+16	3.80e-02	9.61e-01	1.08e-03
 2.25214e+16	4.25e-02	9.56e-01	1.09e-03
 2.25388e+16	4.74e-02	9.52e-01	1.09e-03
 2.25553e+16	5.27e-02	9.46e-01	1.10e-03
 2.25715e+16	5.90e-02	9.40e-01	1.11e-03
 2.25869e+16	6.57e-02	9.33e-01	1.13e-03
 2.26015e+16	7.32e-02	9.26e-01	1.14e-03
 2.26155e+16	8.16e-02	9.17e-01	1.16e-03
 2.26290e+16	9.07e-02	9.08e-01	1.18e-03
 2.26413e+16	1.00e-01	8.99e-01	1.20e-03
 2.26522e+16	1.10e-01	8.89e-01	1.23e-03
 2.26618e+16	1.19e-01	8.80e-01	1.25e-03
 2.26690e+16	1.26e-01	8.72e-01	1.26e-03
 2.26740e+16	1.32e-01	8.67e-01	1.27e-03
 2.26787e+16	1.37e-01	8.61e-01	1.28e-03
 2.26841e+16	1.44e-01	8.54e-01	1.30e-03
 2.26899e+16	1.52e-01	8.47e-01	1.31e-03
 2.26955e+16	1.60e-01	8.39e-01	1.33e-03
 2.27008e+16	1.67e-01	8.31e-01	1.35e-03
 2.27060e+16	1.76e-01	8.23e-01	1.36e-03
 2.27113e+16	1.84e-01	8.14e-01	1.38e-03
 2.27165e+16	1.94e-01	8.05e-01	1.39e-03
 2.27216e+16	2.03e-01	7.96e-01	1.41e-03
 2.27267e+16	2.13e-01	7.86e-01	1.42e-03
 2.27317e+16	2.23e-01	7.75e-01	1.44e-03
 2.27367e+16	2.34e-01	7.65e-01	1.45e-03
 2.27415e+16	2.44e-01	7.54e-01	1.47e-03
 2.27464e+16	2.56e-01	7.42e-01	1.48e-03
 2.27512e+16	2.68e-01	7.31e-01	1.50e-03
 2.27559e+16	2.80e-01	7.19e-01	1.51e-03
 2.27607e+16	2.93e-01	7.06e-01	1.52e-03
 2.27653e+16	3.06e-01	6.93e-01	1.54e-03
 2.27698e+16	3.19e-01	6.80e-01	1.55e-03
 2.27744e+16	3.32e-01	6.66e-01	1.56e-03
 2.27789e+16	3.46e-01	6.52e-01	1.58e-03
 2.27833e+16	3.61e-01	6.38e-01	1.58e-03
 2.27877e+16	3.75e-01	6.23e-01	1.59e-03
 2.27920e+16	3.90e-01	6.08e-01	1.60e-03
 2.27963e+16	4.05e-01	5.93e-01	1.61e-03
 2.28006e+16	4.21e-01	5.78e-01	1.62e-03
 2.28047e+16	4.36e-01	5.62e-01	1.62e-03
 2.28088e+16	4.51e-01	5.47e-01	1.63e-03
 2.28129e+16	4.67e-01	5.31e-01	1.63e-03
 2.28170e+16	4.83e-01	5.16e-01	1.63e-03
 2.28209e+16	4.98e-01	5.00e-01	1.63e-03
 2.28247e+16	5.13e-01	4.85e-01	1.63e-03
 2.28285e+16	5.28e-01	4.70e-01	1.63e-03
 2.28322e+16	5.43e-01	4.55e-01	1.62e-03
 2.28358e+16	5.58e-01	4.40e-01	1.62e-03
 2.28394e+16	5.73e-01	4.26e-01	1.61e-03
 2.28429e+16	5.87e-01	4.11e-01	1.60e-03
 2.28463e+16	6.01e-01	3.97e-01	1.59e-03
 2.28497e+16	6.15e-01	3.84e-01	1.58e-03
 2.28530e+16	6.28e-01	3.70e-01	1.57e-03
 2.28563e+16	6.41e-01	3.57e-01	1.56e-03
 2.28596e+16	6.54e-01	3.44e-01	1.54e-03
 2.28627e+16	6.66e-01	3.32e-01	1.53e-03
 2.28659e+16	6.78e-01	3.20e-01	1.51e-03
 2.28690e+16	6.90e-01	3.08e-01	1.49e-03
 2.28721e+16	7.02e-01	2.97e-01	1.48e-03
 2.28752e+16	7.13e-01	2.86e-01	1.46e-03
 2.28782e+16	7.24e-01	2.75e-01	1.44e-03
 2.28812e+16	7.35e-01	2.64e-01	1.41e-03
 2.28842e+16	7.45e-01	2.54e-01	1.39e-03
 2.28872e+16	7.55e-01	2.44e-01	1.37e-03
 2.28898e+16	7.63e-01	2.35e-01	1.35e-03
 2.28919e+16	7.70e-01	2.29e-01	1.33e-03
 2.28938e+16	7.76e-01	2.23e-01	1.31e-03
 2.28958e+16	7.82e-01	2.16e-01	1.29e-03
 2.28978e+16	7.89e-01	2.10e-01	1.27e-03
 2.28998e+16	7.95e-01	2.04e-01	1.26e-03
 2.29017e+16	8.00e-01	1.99e-01	1.24e-03
 2.29035e+16	8.05e-01	1.94e-01	1.22e-03
 2.29052e+16	8.10e-01	1.89e-01	1.20e-03
 2.29070e+16	8.15e-01	1.84e-01	1.19e-03
 2.29087e+16	8.20e-01	1.79e-01	1.17e-03
 2.29104e+16	8.24e-01	1.75e-01	1.15e-03
 2.29120e+16	8.28e-01	1.71e-01	1.14e-03
 2.29136e+16	8.32e-01	1.67e-01	1.12e-03
 2.29152e+16	8.36e-01	1.63e-01	1.10e-03
 2.29168e+16	8.40e-01	1.59e-01	1.09e-03
 2.29183e+16	8.44e-01	1.55e-01	1.07e-03
 2.29198e+16	8.47e-01	1.52e-01	1.05e-03
 2.29214e+16	8.51e-01	1.48e-01	1.04e-03
 2.29229e+16	8.54e-01	1.45e-01	1.02e-03
 2.29244e+16	8.57e-01	1.42e-01	1.01e-03
 2.29260e+16	8.60e-01	1.39e-01	9.92e-04
 2.29275e+16	8.64e-01	1.35e-01	9.76e-04
 2.29291e+16	8.67e-01	1.32e-01	9.60e-04
 2.29307e+16	8.70e-01	1.29e-01	9.43e-04
 2.29323e+16	8.73e-01	1.26e-01	9.27e-04
 2.29340e+16	8.76e-01	1.23e-01	9.09e-04
 2.29358e+16	8.79e-01	1.20e-01	8.91e-04
 2.29378e+16	8.83e-01	1.16e-01	8.73e-04
 2.29399e+16	8.86e-01	1.13e-01	8.53e-04
 2.29423e+16	8.90e-01	1.09e-01	8.30e-04
 2.29451e+16	8.94e-01	1.05e-01	8.05e-04
 2.29481e+16	8.99e-01	1.01e-01	7.79e-04
 2.29510e+16	9.02e-01	9.68e-02	7.54e-04
 2.29538e+16	9.06e-01	9.33e-02	7.30e-04
 2.29566e+16	9.09e-01	8.99e-02	7.06e-04
 2.29592e+16	9.12e-01	8.69e-02	6.85e-04
 2.29617e+16	9.15e-01	8.43e-02	6.65e-04
 2.29639e+16	9.17e-01	8.20e-02	6.48e-04
 2.29659e+16	9.19e-01	8.00e-02	6.32e-04
 2.29677e+16	9.21e-01	7.83e-02	6.19e-04
 2.29697e+16	9.23e-01	7.64e-02	6.03e-04
 2.29719e+16	9.25e-01	7.45e-02	5.89e-04
 2.29739e+16	9.27e-01	7.29e-02	5.76e-04
 2.29760e+16	9.28e-01	7.12e-02	5.62e-04
 2.29784e+16	9.30e-01	6.95e-02	5.48e-04
 2.29805e+16	9.31e-01	6.80e-02	5.36e-04
 2.29824e+16	9.33e-01	6.67e-02	5.25e-04
 2.29846e+16	9.34e-01	6.53e-02	5.13e-04
 2.29868e+16	9.36e-01	6.39e-02	5.01e-04
 2.29889e+16	9.37e-01	6.27e-02	4.91e-04
 2.29912e+16	9.38e-01	6.14e-02	4.79e-04
 2.29937e+16	9.39e-01	6.02e-02	4.69e-04
 2.29959e+16	9.40e-01	5.91e-02	4.59e-04
 2.29984e+16	9.42e-01	5.79e-02	4.48e-04
 2.30010e+16	9.43e-01	5.68e-02	4.38e-04
 2.30034e+16	9.44e-01	5.58e-02	4.30e-04
 2.30061e+16	9.45e-01	5.47e-02	4.19e-04
 2.30089e+16	9.46e-01	5.37e-02	4.11e-04
 2.30115e+16	9.47e-01	5.29e-02	4.02e-04
 2.30144e+16	9.48e-01	5.19e-02	3.93e-04
 2.30174e+16	9.49e-01	5.10e-02	3.85e-04
 2.30202e+16	9.49e-01	5.03e-02	3.78e-04
 2.30233e+16	9.50e-01	4.94e-02	3.70e-04
 2.30273e+16	9.51e-01	4.85e-02	3.61e-04
 2.30316e+16	9.52e-01	4.77e-02	3.53e-04
 2.30355e+16	9.53e-01	4.69e-02	3.45e-04
 2.30391e+16	9.53e-01	4.63e-02	3.39e-04
 2.30430e+16	9.54e-01	4.56e-02	3.32e-04
 2.30480e+16	9.55e-01	4.48e-02	3.24e-04
 2.30535e+16	9.56e-01	4.42e-02	3.18e-04
 2.30585e+16	9.56e-01	4.36e-02	3.12e-04
 2.30639e+16	9.57e-01	4.30e-02	3.04e-04
 2.30710e+16	9.57e-01	4.23e-02	2.97e-04
 2.30787e+16	9.58e-01	4.17e-02	2.91e-04
 2.30857e+16	9.59e-01	4.12e-02	2.85e-04
 2.30933e+16	9.59e-01	4.06e-02	2.78e-04
 2.31033e+16	9.60e-01	4.00e-02	2.71e-04
 2.31140e+16	9.60e-01	3.94e-02	2.63e-04
 2.31237e+16	9.61e-01	3.90e-02	2.59e-04
 2.31344e+16	9.61e-01	3.84e-02	2.51e-04
 2.31460e+16	9.62e-01	3.79e-02	2.45e-04
 2.31565e+16	9.62e-01	3.75e-02	2.40e-04
 2.31680e+16	9.63e-01	3.69e-02	2.34e-04
 2.31804e+16	9.63e-01	3.65e-02	2.28e-04
 2.31917e+16	9.64e-01	3.60e-02	2.23e-04
 2.32041e+16	9.64e-01	3.55e-02	2.17e-04
 2.32175e+16	9.65e-01	3.51e-02	2.11e-04
 2.32297e+16	9.65e-01	3.46e-02	2.06e-04
 2.32430e+16	9.66e-01	3.41e-02	2.00e-04
 2.32604e+16	9.66e-01	3.36e-02	1.93e-04
 2.32791e+16	9.67e-01	3.29e-02	1.87e-04
 2.32961e+16	9.67e-01	3.24e-02	1.81e-04
 2.33116e+16	9.68e-01	3.19e-02	1.75e-04
 2.33257e+16	9.68e-01	3.15e-02	1.71e-04
 2.33412e+16	9.69e-01	3.10e-02	1.66e-04
 2.33579e+16	9.69e-01	3.05e-02	1.61e-04
 2.33731e+16	9.70e-01	3.01e-02	1.56e-04
 2.33897e+16	9.70e-01	2.96e-02	1.51e-04
 2.34077e+16	9.71e-01	2.91e-02	1.46e-04
 2.34240e+16	9.71e-01	2.86e-02	1.42e-04
 2.34389e+16	9.72e-01	2.83e-02	1.38e-04
 2.34552e+16	9.72e-01	2.78e-02	1.34e-04
 2.34728e+16	9.73e-01	2.74e-02	1.30e-04
 2.34888e+16	9.73e-01	2.70e-02	1.26e-04
 2.35064e+16	9.73e-01	2.65e-02	1.22e-04
 2.35254e+16	9.74e-01	2.61e-02	1.18e-04
 2.35426e+16	9.74e-01	2.57e-02	1.15e-04
 2.35615e+16	9.75e-01	2.52e-02	1.11e-04
 2.35819e+16	9.75e-01	2.48e-02	1.07e-04
 2.36005e+16	9.76e-01	2.44e-02	1.03e-04
 2.36174e+16	9.76e-01	2.40e-02	1.01e-04
 2.36359e+16	9.76e-01	2.36e-02	9.73e-05
 2.36559e+16	9.77e-01	2.32e-02	9.42e-05
 2.36740e+16	9.77e-01	2.29e-02	9.13e-05
 2.36940e+16	9.77e-01	2.25e-02	8.82e-05
 2.37155e+16	9.78e-01	2.21e-02	8.52e-05
 2.37351e+16	9.78e-01	2.17e-02	8.25e-05
 2.37565e+16	9.79e-01	2.13e-02	7.96e-05
 2.37797e+16	9.79e-01	2.09e-02	7.67e-05
 2.38008e+16	9.79e-01	2.06e-02	7.42e-05
 2.38199e+16	9.80e-01	2.03e-02	7.20e-05
 2.38410e+16	9.80e-01	1.99e-02	6.95e-05
 2.38636e+16	9.80e-01	1.96e-02	6.72e-05
 2.38843e+16	9.81e-01	1.92e-02	6.51e-05
 2.39069e+16	9.81e-01	1.89e-02	6.27e-05
 2.39313e+16	9.81e-01	1.85e-02	6.04e-05
 2.39536e+16	9.82e-01	1.82e-02	5.85e-05
 2.39779e+16	9.82e-01	1.79e-02	5.63e-05
 2.40042e+16	9.82e-01	1.75e-02	5.41e-05
 2.40282e+16	9.83e-01	1.72e-02	5.23e-05
 2.40544e+16	9.83e-01	1.69e-02	5.02e-05
 2.40827e+16	9.83e-01	1.65e-02	4.82e-05
 2.41084e+16	9.84e-01	1.62e-02	4.65e-05
 2.41367e+16	9.84e-01	1.59e-02	4.46e-05
 2.41671e+16	9.84e-01	1.55e-02	4.27e-05
 2.41949e+16	9.85e-01	1.52e-02	4.11e-05
 2.42201e+16	9.85e-01	1.50e-02	3.97e-05
 2.42478e+16	9.85e-01	1.47e-02	3.82e-05
 2.42776e+16	9.86e-01	1.44e-02	3.66e-05
 2.43048e+16	9.86e-01	1.41e-02	3.53e-05
 2.43346e+16	9.86e-01	1.38e-02	3.39e-05
 2.43667e+16	9.86e-01	1.35e-02	3.25e-05
 2.43959e+16	9.87e-01	1.32e-02	3.13e-05
 2.44280e+16	9.87e-01	1.30e-02	2.99e-05
 2.44626e+16	9.87e-01	1.27e-02	2.86e-05
 2.44941e+16	9.88e-01	1.24e-02	2.75e-05
 2.45286e+16	9.88e-01	1.21e-02	2.63e-05
 2.45658e+16	9.88e-01	1.18e-02	2.51e-05
 2.45997e+16	9.88e-01	1.16e-02	2.40e-05
 2.46369e+16	9.89e-01	1.13e-02	2.29e-05
 2.46770e+16	9.89e-01	1.10e-02	2.18e-05
 2.47134e+16	9.89e-01	1.08e-02	2.09e-05
 2.47534e+16	9.89e-01	1.05e-02	1.99e-05
 2.47966e+16	9.90e-01	1.02e-02	1.89e-05
 2.48359e+16	9.90e-01	1.00e-02	1.80e-05
 2.48789e+16	9.90e-01	9.75e-03	1.71e-05
 2.49254e+16	9.91e-01	9.48e-03	1.62e-05
 2.49677e+16	9.91e-01	9.26e-03	1.55e-05
 2.50140e+16	9.91e-01	9.00e-03	1.46e-05
 2.50640e+16	9.91e-01	8.75e-03	1.38e-05
 2.51096e+16	9.91e-01	8.53e-03	1.32e-05
 2.51594e+16	9.92e-01	8.29e-03	1.24e-05
 2.52133e+16	9.92e-01	8.04e-03	1.17e-05
 2.52623e+16	9.92e-01	7.83e-03	1.11e-05
 2.53160e+16	9.92e-01	7.60e-03	1.05e-05
 2.53858e+16	9.93e-01	7.30e-03	9.68e-06
 2.54660e+16	9.93e-01	6.99e-03	8.89e-06
 2.55472e+16	9.93e-01	6.70e-03	8.17e-06
 2.56300e+16	9.94e-01	6.42e-03	7.51e-06
 2.57163e+16	9.94e-01	6.14e-03	6.87e-06
 2.58062e+16	9.94e-01	5.86e-03	6.28e-06
 2.58992e+16	9.94e-01	5.60e-03	5.73e-06
 2.59955e+16	9.95e-01	5.33e-03	5.21e-06
 2.60947e+16	9.95e-01	5.08e-03	4.74e-06
 2.61958e+16	9.95e-01	4.84e-03	4.31e-06
 2.62985e+16	9.95e-01	4.61e-03	3.91e-06
 2.64031e+16	9.96e-01	4.39e-03	3.55e-06
 2.65098e+16	9.96e-01	4.18e-03	3.22e-06
 2.66185e+16	9.96e-01	3.98e-03	2.92e-06
 2.67291e+16	9.96e-01	3.78e-03	2.64e-06
 2.68418e+16	9.96e-01	3.60e-03	2.39e-06
 2.69565e+16	9.97e-01	3.42e-03	2.17e-06
 2.70718e+16	9.97e-01	3.26e-03	1.96e-06
 2.71886e+16	9.97e-01	3.09e-03	1.77e-06
 2.73098e+16	9.97e-01	2.94e-03	1.60e-06
 2.74339e+16	9.97e-01	2.79e-03	1.44e-06
 2.75601e+16	9.97e-01	2.64e-03	1.30e-06
 2.76884e+16	9.97e-01	2.51e-03	1.17e-06
 2.78190e+16	9.98e-01	2.38e-03	1.05e-06
 2.79521e+16	9.98e-01	2.25e-03	9.43e-07
 2.80880e+16	9.98e-01	2.13e-03	8.45e-07
 2.82265e+16	9.98e-01	2.02e-03	7.57e-07
 2.83679e+16	9.98e-01	1.91e-03	6.77e-07
 2.85121e+16	9.98e-01	1.80e-03	6.05e-07
 2.86594e+16	9.98e-01	1.70e-03	5.40e-07
 2.88098e+16	9.98e-01	1.60e-03	4.81e-07
 2.89634e+16	9.98e-01	1.51e-03	4.28e-07
 2.91203e+16	9.99e-01	1.43e-03	3.80e-07
 2.92807e+16	9.99e-01	1.34e-03	3.37e-07
 2.94449e+16	9.99e-01	1.26e-03	2.98e-07
 2.96129e+16	9.99e-01	1.19e-03	2.63e-07
 2.97850e+16	9.99e-01	1.11e-03	2.32e-07
 2.99613e+16	9.99e-01	1.04e-03	2.04e-07
 3.01421e+16	9.99e-01	9.77e-04	1.79e-07
 3.03276e+16	9.99e-01	9.14e-04	1.56e-07
 3.05181e+16	9.99e-01	8.54e-04	1.36e-07
 3.07143e+16	9.99e-01	7.96e-04	1.19e-07
 3.09162e+16	9.99e-01	7.43e-04	1.03e-07
 3.11200e+16	9.99e-01	6.92e-04	8.94e-08
 3.13291e+16	9.99e-01	6.43e-04	7.73e-08
 3.15509e+16	9.99e-01	5.96e-04	6.62e-08
 3.17823e+16	9.99e-01	5.50e-04	5.65e-08
 3.20209e+16	9.99e-01	5.07e-04	4.80e-08
 3.22680e+16	1.00e+00	4.67e-04	4.05e-08
 3.25255e+16	1.00e+00	4.28e-04	3.40e-08
 3.27948e+16	1.00e+00	3.91e-04	2.84e-08
 3.30769e+16	1.00e+00	3.56e-04	2.35e-08
 3.33739e+16	1.00e+00	3.23e-04	1.93e-08
 3.36870e+16	1.00e+00	2.91e-04	1.57e-08
 3.40177e+16	1.00e+00	2.61e-04	1.26e-08
 3.43714e+16	1.00e+00	2.33e-04	9.97e-09
 3.47509e+16	1.00e+00	2.06e-04	7.78e-09
 3.51574e+16	1.00e+00	1.81e-04	5.98e-09
 3.55972e+16	1.00e+00	1.57e-04	4.50e-09
 3.60795e+16	1.00e+00	1.35e-04	3.30e-09
 3.66146e+16	1.00e+00	1.14e-04	2.34e-09
 3.72161e+16	1.00e+00	9.42e-05	1.60e-09
 3.79089e+16	1.00e+00	7.58e-05	1.03e-09
 3.86980e+16	1.00e+00	5.94e-05	6.34e-10
 3.95314e+16	1.00e+00	4.61e-05	3.83e-10
 4.03575e+16	1.00e+00	3.61e-05	2.34e-10
 4.11764e+16	1.00e+00	2.83e-05	1.45e-10
 4.20069e+16	1.00e+00	2.21e-05	8.89e-11
 4.28558e+16	1.00e+00	1.73e-05	5.47e-11
 4.37247e+16	1.00e+00	1.35e-05	3.34e-11
 4.46125e+16	1.00e+00	1.05e-05	2.04e-11
 4.55213e+16	1.00e+00	8.17e-06	1.24e-11
 4.64589e+16	1.00e+00	6.32e-06	7.51e-12
 4.74237e+16	1.00e+00	4.89e-06	4.51e-12
 4.84137e+16	1.00e+00	3.77e-06	2.71e-12
 4.94369e+16	1.00e+00	2.90e-06	1.61e-12
 5.05059e+16	1.00e+00	2.22e-06	9.49e-13
 5.16245e+16	1.00e+00	1.68e-06	5.51e-13
 5.27909e+16	1.00e+00	1.27e-06	3.16e-13
 5.40062e+16	1.00e+00	9.56e-07	1.80e-13
 5.52847e+16	1.00e+00	7.12e-07	1.00e-13
 5.66426e+16	1.00e+00	5.25e-07	5.46e-14
 5.80911e+16	1.00e+00	3.82e-07	2.91e-14
 5.96231e+16	1.00e+00	2.75e-07	1.52e-14
 6.11891e+16	1.00e+00	1.99e-07	7.98e-15
 6.27552e+16	1.00e+00	1.45e-07	4.26e-15
 6.43212e+16	1.00e+00	1.07e-07	2.31e-15
 6.58872e+16	1.00e+00	7.92e-08	1.27e-15
 6.74532e+16	1.00e+00	5.91e-08	7.10e-16
 6.90193e+16	1.00e+00	4.44e-08	4.02e-16
 7.08202e+16	1.00e+00	3.19e-08	2.08e-16
 7.28867e+16	1.00e+00	2.23e-08	1.02e-16
 7.50900e+16	1.00e+00	1.53e-08	4.83e-17
 7.74562e+16	1.00e+00	1.04e-08	2.23e-17
 7.99027e+16	1.00e+00	7.08e-09	1.03e-17
 8.23728e+16	1.00e+00	4.86e-09	4.87e-18
 8.48427e+16	1.00e+00	3.37e-09	2.34e-18
 8.74067e+16	1.00e+00	2.32e-09	1.12e-18
 9.01170e+16	1.00e+00	1.59e-09	5.22e-19
 9.29043e+16	1.00e+00	1.09e-09	2.45e-19
 9.57298e+16	1.00e+00	7.49e-10	1.17e-19
 9.85703e+16	1.00e+00	5.20e-10	5.63e-20
 1.01412e+17	1.00e+00	3.65e-10	2.77e-20
 1.04254e+17	1.00e+00	2.58e-10	1.39e-20
 1.07096e+17	1.00e+00	1.84e-10	7.10e-21
 1.09938e+17	1.00e+00	1.33e-10	0.00e+00
 1.12780e+17	1.00e+00	9.64e-11	0.00e+00
 1.15675e+17	1.00e+00	7.00e-11	0.00e+00
 1.18631e+17	1.00e+00	5.10e-11	0.00e+00
 1.21565e+17	1.00e+00	3.76e-11	0.00e+00
 1.24422e+17	1.00e+00	2.81e-11	0.00e+00
 1.27198e+17	1.00e+00	2.14e-11	0.00e+00
 1.29902e+17	1.00e+00	1.65e-11	0.00e+00
 1.32530e+17	1.00e+00	1.30e-11	0.00e+00
 1.35069e+17	1.00e+00	1.03e-11	0.00e+00
 1.37508e+17	1.00e+00	8.37e-12	0.00e+00
 1.39844e+17	1.00e+00	6.90e-12	0.00e+00
 1.42076e+17	1.00e+00	5.78e-12	0.00e+00
 1.44206e+17	1.00e+00	4.92e-12	0.00e+00
 1.46234e+17	1.00e+00	4.24e-12	0.00e+00
 1.48162e+17	1.00e+00	3.72e-12	0.00e+00
 1.49992e+17	1.00e+00	3.30e-12	0.00e+00
 1.51728e+17	1.00e+00	2.96e-12	0.00e+00
 1.53373e+17	1.00e+00	2.69e-12	0.00e+00
 1.54932e+17	1.00e+00	2.47e-12	0.00e+00
 1.56408e+17	1.00e+00	2.29e-12	0.00e+00
 1.57807e+17	1.00e+00	2.14e-12	0.00e+00
 1.59132e+17	1.00e+00	2.01e-12	0.00e+00
 1.60388e+17	1.00e+00	1.90e-12	0.00e+00
 1.61576e+17	1.00e+00	1.81e-12	0.00e+00
 1.62702e+17	1.00e+00	1.73e-12	0.00e+00
 1.63769e+17	1.00e+00	1.67e-12	0.00e+00
 1.64781e+17	1.00e+00	1.61e-12	0.00e+00
 1.65741e+17	1.00e+00	1.56e-12	0.00e+00
 1.66650e+17	1.00e+00	1.51e-12	0.00e+00
 1.67512e+17	1.00e+00	1.48e-12	0.00e+00
 1.68330e+17	1.00e+00	1.44e-12	0.00e+00
 1.69108e+17	1.00e+00	1.41e-12	0.00e+00
 1.69846e+17	1.00e+00	1.39e-12	0.00e+00
 1.70547e+17	1.00e+00	1.36e-12	0.00e+00
 1.71213e+17	1.00e+00	1.34e-12	0.00e+00
 1.71847e+17	1.00e+00	1.32e-12	0.00e+00
 1.72450e+17	1.00e+00	1.30e-12	0.00e+00
 1.73024e+17	1.00e+00	1.29e-12	0.00e+00
 1.73571e+17	1.00e+00	1.27e-12	0.00e+00
 1.74092e+17	1.00e+00	1.26e-12	0.00e+00
 1.74588e+17	1.00e+00	1.25e-12	0.00e+00
 1.75063e+17	1.00e+00	1.24e-12	0.00e+00
 1.75515e+17	1.00e+00	1.23e-12	0.00e+00
 1.75948e+17	1.00e+00	1.22e-12	0.00e+00
 1.76362e+17	1.00e+00	1.21e-12	0.00e+00
 1.76759e+17	1.00e+00	1.20e-12	0.00e+00
 1.77140e+17	1.00e+00	1.20e-12	0.00e+00
 1.77505e+17	1.00e+00	1.19e-12	0.00e+00
 1.77856e+17	1.00e+00	1.18e-12	0.00e+00
 1.78193e+17	1.00e+00	1.18e-12	0.00e+00
 1.78519e+17	1.00e+00	1.17e-12	0.00e+00
 1.78834e+17	1.00e+00	1.16e-12	0.00e+00
 1.79139e+17	1.00e+00	1.16e-12	0.00e+00
 1.79434e+17	1.00e+00	1.16e-12	0.00e+00
 1.79722e+17	1.00e+00	1.15e-12	0.00e+00
 1.80002e+17	1.00e+00	1.15e-12	0.00e+00
 1.80276e+17	1.00e+00	1.14e-12	0.00e+00
 1.80546e+17	1.00e+00	1.14e-12	0.00e+00
 1.80811e+17	1.00e+00	1.13e-12	0.00e+00
 1.81073e+17	1.00e+00	1.13e-12	0.00e+00
 1.81334e+17	1.00e+00	1.13e-12	0.00e+00
 1.81595e+17	1.00e+00	1.12e-12	0.00e+00
 1.81858e+17	1.00e+00	1.12e-12	0.00e+00
 1.82124e+17	1.00e+00	1.11e-12	0.00e+00
 1.82396e+17	1.00e+00	1.11e-12	0.00e+00
 1.82676e+17	1.00e+00	1.11e-12	0.00e+00
 1.82968e+17	1.00e+00	1.10e-12	0.00e+00
 1.83276e+17	1.00e+00	1.10e-12	0.00e+00
 1.83605e+17	1.00e+00	1.09e-12	0.00e+00
 1.83962e+17	1.00e+00	1.09e-12	0.00e+00
 1.84357e+17	1.00e+00	1.08e-12	0.00e+00
 1.84802e+17	1.00e+00	1.08e-12	0.00e+00
 1.85319e+17	1.00e+00	1.07e-12	0.00e+00
 1.85934e+17	1.00e+00	1.06e-12	0.00e+00
 1.86692e+17	1.00e+00	1.05e-12	0.00e+00
 1.87661e+17	1.00e+00	1.03e-12	0.00e+00
 1.88922e+17	1.00e+00	1.00e-12	0.00e+00
 1.90560e+17	1.00e+00	9.71e-13	0.00e+00
 1.92689e+17	1.00e+00	9.27e-13	0.00e+00
 1.95458e+17	1.00e+00	8.68e-13	0.00e+00
 1.99057e+17	1.00e+00	7.93e-13	0.00e+00
 2.03736e+17	1.00e+00	7.01e-13	0.00e+00
 2.09818e+17	1.00e+00	5.95e-13	0.00e+00
 2.17521e+17	1.00e+00	4.77e-13	0.00e+00
 2.26222e+17	1.00e+00	3.72e-13	0.00e+00
 2.35271e+17	1.00e+00	3.28e-13	0.00e+00
 2.44682e+17	1.00e+00	2.97e-13	0.00e+00
 2.54469e+17	1.00e+00	2.69e-13	0.00e+00
 2.64648e+17	1.00e+00	2.42e-13	0.00e+00
 2.75234e+17	1.00e+00	2.17e-13	0.00e+00
 2.86244e+17	1.00e+00	1.93e-13	0.00e+00
 2.97693e+17	1.00e+00	1.69e-13	0.00e+00
 3.09601e+17	1.00e+00	1.47e-13	0.00e+00
 3.21985e+17	1.00e+00	1.27e-13	0.00e+00
 3.34112e+17	1.00e+00	1.07e-13	0.00e+00
 3.44850e+17	1.00e+00	1.06e-13	0.00e+00
 3.54093e+17	1.00e+00	1.16e-13	0.00e+00
 3.62560e+17	1.00e+00	1.20e-13	0.00e+00
 3.72100e+17	1.00e+00	1.14e-13	0.00e+00
 3.82341e+17	1.00e+00	7.82e-14	0.00e+00
 3.90997e+17	1.00e+00	7.15e-14	0.00e+00
 3.97033e+17	1.00e+00	7.43e-14	0.00e+00
 4.00334e+17	1.00e+00	8.39e-14	0.00e+00
 4.01964e+17	1.00e+00	9.07e-14	0.00e+00
 4.02856e+17	1.00e+00	9.42e-14	0.00e+00
 4.03392e+17	1.00e+00	9.60e-14	0.00e+00
 4.03763e+17	1.00e+00	9.71e-14	0.00e+00
 4.04119e+17	1.00e+00	9.79e-14	0.00e+00
 4.04528e+17	1.00e+00	9.86e-14	0.00e+00
 4.04983e+17	1.00e+00	9.91e-14	0.00e+00
 4.05403e+17	1.00e+00	9.95e-14	0.00e+00
 4.05733e+17	1.00e+00	9.98e-14	0.00e+00
 4.06006e+17	1.00e+00	1.00e-13	0.00e+00
 4.06266e+17	1.00e+00	1.00e-13	0.00e+00
 4.06538e+17	1.00e+00	1.00e-13	0.00e+00
 4.06821e+17	1.00e+00	1.00e-13	0.00e+00
 4.07087e+17	1.00e+00	1.00e-13	0.00e+00
 4.07313e+17	1.00e+00	9.99e-14	0.00e+00
 4.07507e+17	1.00e+00	9.98e-14	0.00e+00
 4.07702e+17	1.00e+00	9.97e-14	0.00e+00
 4.07914e+17	1.00e+00	9.95e-14	0.00e+00
 4.08127e+17	1.00e+00	9.93e-14	0.00e+00
 4.08311e+17	1.00e+00	9.91e-14	0.00e+00
 4.08473e+17	1.00e+00	9.89e-14	0.00e+00
 4.08627e+17	1.00e+00	9.87e-14	0.00e+00
 4.08793e+17	1.00e+00	9.85e-14	0.00e+00
 4.08972e+17	1.00e+00	9.82e-14	0.00e+00
 4.09135e+17	1.00e+00	9.80e-14	0.00e+00
 4.09273e+17	1.00e+00	9.78e-14	0.00e+00
 4.09412e+17	1.00e+00	9.76e-14	0.00e+00
 4.09561e+17	1.00e+00	9.73e-14	0.00e+00
 4.09706e+17	1.00e+00	9.70e-14	0.00e+00
 4.09842e+17	1.00e+00	9.67e-14	0.00e+00
 4.09970e+17	1.00e+00	9.65e-14	0.00e+00
 4.10102e+17	1.00e+00	9.62e-14	0.00e+00
 4.10237e+17	1.00e+00	9.59e-14	0.00e+00
 4.10374e+17	1.00e+00	9.56e-14	0.00e+00
 4.10510e+17	1.00e+00	9.53e-14	0.00e+00
 4.10637e+17	1.00e+00	9.49e-14	0.00e+00
 4.10760e+17	1.00e+00	9.47e-14	0.00e+00
 4.10889e+17	1.00e+00	9.43e-14	0.00e+00
 4.11027e+17	1.00e+00	9.40e-14	0.00e+00
 4.11170e+17	1.00e+00	9.36e-14	0.00e+00
 4.11305e+17	1.00e+00	9.32e-14	0.00e+00
 4.11431e+17	1.00e+00	9.28e-14	0.00e+00
 4.11568e+17	1.00e+00	9.25e-14	0.00e+00
 4.11722e+17	1.00e+00	9.20e-14	0.00e+00
 4.11870e+17	1.00e+00	9.15e-14	0.00e+00
 4.12007e+17	1.00e+00	9.11e-14	0.00e+00
 4.12156e+17	1.00e+00	9.07e-14	0.00e+00
 4.12334e+17	1.00e+00	9.01e-14	0.00e+00
 4.12506e+17	1.00e+00	8.95e-14	0.00e+00
 4.12653e+17	1.00e+00	8.90e-14	0.00e+00
 4.12801e+17	1.00e+00	8.86e-14	0.00e+00
 4.12973e+17	1.00e+00	8.80e-14	0.00e+00
 4.13157e+17	1.00e+00	8.73e-14	0.00e+00
 4.13331e+17	1.00e+00	8.67e-14	0.00e+00
 4.13504e+17	1.00e+00	8.61e-14	0.00e+00
 4.13697e+17	1.00e+00	8.54e-14	0.00e+00
 4.13893e+17	1.00e+00	8.47e-14	0.00e+00
 4.14083e+17	1.00e+00	8.40e-14	0.00e+00
 4.14279e+17	1.00e+00	8.33e-14	0.00e+00
 4.14493e+17	1.00e+00	8.25e-14	0.00e+00
 4.14715e+17	1.00e+00	8.17e-14	0.00e+00
 4.14932e+17	1.00e+00	8.08e-14	0.00e+00
 4.15146e+17	1.00e+00	8.00e-14	0.00e+00
 4.15369e+17	1.00e+00	7.92e-14	0.00e+00
 4.15607e+17	1.00e+00	7.83e-14	0.00e+00
 4.15864e+17	1.00e+00	7.73e-14	0.00e+00
 4.16124e+17	1.00e+00	7.62e-14	0.00e+00
 4.16380e+17	1.00e+00	7.52e-14	0.00e+00
 4.16637e+17	1.00e+00	7.42e-14	0.00e+00
 4.16903e+17	1.00e+00	7.31e-14	0.00e+00
 4.17183e+17	1.00e+00	7.20e-14	0.00e+00
 4.17468e+17	1.00e+00	7.09e-14	0.00e+00
 4.17772e+17	1.00e+00	6.97e-14	0.00e+00
 4.18090e+17	1.00e+00	6.84e-14	0.00e+00
 4.18401e+17	1.00e+00	6.71e-14	0.00e+00
 4.18711e+17	1.00e+00	6.59e-14	0.00e+00
 4.19037e+17	1.00e+00	6.46e-14	0.00e+00
 4.19388e+17	1.00e+00	6.32e-14	0.00e+00
 4.19742e+17	1.00e+00	6.18e-14	0.00e+00
 4.20092e+17	1.00e+00	6.04e-14	0.00e+00
 4.20451e+17	1.00e+00	5.90e-14	0.00e+00
 4.20815e+17	1.00e+00	5.76e-14	0.00e+00
 4.21197e+17	1.00e+00	5.61e-14	0.00e+00
 4.21605e+17	1.00e+00	5.46e-14	0.00e+00
 4.22017e+17	1.00e+00	5.30e-14	0.00e+00
 4.22423e+17	1.00e+00	5.14e-14	0.00e+00
 4.22829e+17	1.00e+00	4.99e-14	0.00e+00
 4.23253e+17	1.00e+00	4.84e-14	0.00e+00
 4.23703e+17	1.00e+00	4.68e-14	0.00e+00
 4.24166e+17	1.00e+00	4.51e-14	0.00e+00
 4.24629e+17	1.00e+00	4.35e-14	0.00e+00
 4.25091e+17	1.00e+00	4.19e-14	0.00e+00
 4.25562e+17	1.00e+00	4.03e-14	0.00e+00
 4.26053e+17	1.00e+00	3.87e-14	0.00e+00
 4.26558e+17	1.00e+00	3.70e-14	0.00e+00
 4.27066e+17	1.00e+00	3.54e-14	0.00e+00
 4.27587e+17	1.00e+00	3.38e-14	0.00e+00
 4.28125e+17	1.00e+00	3.22e-14	0.00e+00
 4.28670e+17	1.00e+00	3.06e-14	0.00e+00
 4.29243e+17	1.00e+00	2.90e-14	0.00e+00
 4.29838e+17	1.00e+00	2.73e-14	0.00e+00
 4.30424e+17	1.00e+00	2.57e-14	0.00e+00
 4.31012e+17	1.00e+00	2.43e-14	0.00e+00
 4.31632e+17	1.00e+00	2.28e-14	0.00e+00
 4.32297e+17	1.00e+00	2.13e-14	0.00e+00
 4.32978e+17	1.00e+00	1.98e-14	0.00e+00
 4.33663e+17	1.00e+00	1.83e-14	0.00e+00
 4.34340e+17	1.00e+00	1.70e-14	0.00e+00
 4.34969e+17	1.00e+00	1.57e-14	0.00e+00
 4.35519e+17	1.00e+00	1.47e-14	0.00e+00
 4.36004e+17	1.00e+00	1.38e-14	0.00e+00
 4.36462e+17	1.00e+00	1.31e-14	0.00e+00
 4.36911e+17	1.00e+00	1.24e-14	0.00e+00
 4.37348e+17	1.00e+00	1.17e-14	0.00e+00
 4.37762e+17	1.00e+00	1.11e-14	0.00e+00
 4.38150e+17	1.00e+00	1.06e-14	0.00e+00
 4.38517e+17	1.00e+00	1.01e-14	0.00e+00
 4.38873e+17	1.00e+00	9.60e-15	0.00e+00
 4.39218e+17	1.00e+00	9.16e-15	0.00e+00
 4.39551e+17	1.00e+00	8.76e-15	0.00e+00
 4.39871e+17	1.00e+00	8.37e-15	0.00e+00
 4.40177e+17	1.00e+00	8.02e-15	0.00e+00
 4.40472e+17	1.00e+00	7.69e-15	0.00e+00
 4.40757e+17	1.00e+00	7.38e-15	0.00e+00
 4.41034e+17	1.00e+00	7.08e-15	0.00e+00
 4.41301e+17	1.00e+00	6.80e-15	0.00e+00
 4.41559e+17	1.00e+00	6.54e-15	0.00e+00
 4.41809e+17	1.00e+00	6.27e-15	0.00e+00
 4.42051e+17	1.00e+00	6.06e-15	0.00e+00
 4.42286e+17	1.00e+00	5.83e-15	0.00e+00
 4.42514e+17	1.00e+00	5.61e-15	0.00e+00
 4.42734e+17	1.00e+00	5.41e-15	0.00e+00
 4.42948e+17	1.00e+00	5.22e-15	0.00e+00
 4.43155e+17	1.00e+00	5.04e-15	0.00e+00
 4.43356e+17	1.00e+00	4.87e-15	0.00e+00
 4.43554e+17	1.00e+00	4.70e-15	0.00e+00
 4.43748e+17	1.00e+00	4.55e-15	0.00e+00
 4.43938e+17	1.00e+00	4.40e-15	0.00e+00
 4.44154e+17	1.00e+00	4.25e-15	0.00e+00
 4.44435e+17	1.00e+00	4.08e-15	0.00e+00
 4.44800e+17	1.00e+00	3.85e-15	0.00e+00
 4.45274e+17	1.00e+00	3.57e-15	0.00e+00
 4.45891e+17	1.00e+00	3.22e-15	0.00e+00
 4.46693e+17	1.00e+00	2.82e-15	0.00e+00
 4.47637e+17	1.00e+00	2.37e-15	0.00e+00
 4.48512e+17	1.00e+00	1.95e-15	0.00e+00
 4.49174e+17	1.00e+00	1.68e-15	0.00e+00
 4.49685e+17	1.00e+00	1.50e-15	0.00e+00
 4.50173e+17	1.00e+00	1.37e-15	0.00e+00
 4.50730e+17	1.00e+00	1.23e-15	0.00e+00
 4.51353e+17	1.00e+00	1.09e-15	0.00e+00
 4.51969e+17	1.00e+00	9.55e-16	0.00e+00
 4.52534e+17	1.00e+00	8.46e-16	0.00e+00
 4.53067e+17	1.00e+00	7.58e-16	0.00e+00
 4.53616e+17	1.00e+00	6.80e-16	0.00e+00
 4.54209e+17	1.00e+00	6.06e-16	0.00e+00
 4.54836e+17	1.00e+00	5.34e-16	0.00e+00
 4.55476e+17	1.00e+00	4.68e-16	0.00e+00
 4.56123e+17	1.00e+00	4.10e-16	0.00e+00
 4.56800e+17	1.00e+00	3.59e-16	0.00e+00
 4.57542e+17	1.00e+00	3.11e-16	0.00e+00
 4.58378e+17	1.00e+00	2.65e-16	0.00e+00
