#depth	C	C+	C+2	C+3	C+4	C+5	C+6	C[1]	C[2]	C[3]	C+[1]	C+[2]	CO
 1.49634e+10	6.38e-45	8.52e-34	9.32e-24	3.15e-14	3.55e-04	4.79e-01	5.21e-01	0.00e+00	0.00e+00	0.00e+00	0.00e+00	0.00e+00	1.57e-142
 4.54887e+10	0.00e+00	1.21e-33	1.22e-23	3.82e-14	3.98e-04	4.99e-01	5.01e-01	0.00e+00	0.00e+00	0.00e+00	0.00e+00	0.00e+00	3.12e-198
 7.72350e+10	1.52e-44	1.74e-33	1.62e-23	4.67e-14	4.49e-04	5.18e-01	4.81e-01	0.00e+00	0.00e+00	0.00e+00	0.00e+00	0.00e+00	1.54e-141
 1.10251e+11	0.00e+00	2.49e-33	2.14e-23	5.70e-14	5.06e-04	5.38e-01	4.61e-01	0.00e+00	0.00e+00	0.00e+00	0.00e+00	0.00e+00	1.37e-197
 1.44588e+11	3.66e-44	3.56e-33	2.83e-23	6.95e-14	5.70e-04	5.58e-01	4.41e-01	0.00e+00	0.00e+00	0.00e+00	0.00e+00	0.00e+00	1.53e-140
 1.80298e+11	0.00e+00	5.09e-33	3.73e-23	8.46e-14	6.41e-04	5.78e-01	4.22e-01	0.00e+00	0.00e+00	0.00e+00	0.00e+00	0.00e+00	1.17e-185
 2.14987e+11	8.52e-44	7.09e-33	4.83e-23	1.02e-13	7.14e-04	5.96e-01	4.04e-01	0.00e+00	0.00e+00	0.00e+00	0.00e+00	0.00e+00	1.41e-139
 2.46982e+11	0.00e+00	9.55e-33	6.09e-23	1.20e-13	7.86e-04	6.12e-01	3.88e-01	0.00e+00	0.00e+00	0.00e+00	0.00e+00	0.00e+00	5.85e-185
 2.82661e+11	1.82e-43	1.32e-32	7.82e-23	1.43e-13	8.74e-04	6.29e-01	3.71e-01	0.00e+00	0.00e+00	0.00e+00	0.00e+00	0.00e+00	1.04e-138
 3.23847e+11	0.00e+00	1.88e-32	1.03e-22	1.73e-13	9.78e-04	6.47e-01	3.52e-01	0.00e+00	0.00e+00	0.00e+00	0.00e+00	0.00e+00	2.33e-184
 3.64442e+11	4.24e-43	2.63e-32	1.33e-22	2.08e-13	1.09e-03	6.64e-01	3.35e-01	0.00e+00	0.00e+00	0.00e+00	0.00e+00	0.00e+00	9.69e-138
 4.06660e+11	0.00e+00	3.69e-32	1.73e-22	2.50e-13	1.21e-03	6.81e-01	3.18e-01	0.00e+00	0.00e+00	0.00e+00	0.00e+00	0.00e+00	1.12e-183
 4.52853e+11	9.94e-43	5.25e-32	2.28e-22	3.03e-13	1.35e-03	6.98e-01	3.01e-01	0.00e+00	0.00e+00	0.00e+00	0.00e+00	0.00e+00	9.17e-137
 4.99716e+11	0.00e+00	7.42e-32	2.97e-22	3.66e-13	1.51e-03	7.14e-01	2.84e-01	0.00e+00	0.00e+00	0.00e+00	0.00e+00	0.00e+00	5.23e-183
 5.48452e+11	2.33e-42	1.05e-31	3.89e-22	4.41e-13	1.68e-03	7.30e-01	2.68e-01	0.00e+00	0.00e+00	0.00e+00	0.00e+00	0.00e+00	8.72e-136
 6.00317e+11	0.00e+00	1.50e-31	5.11e-22	5.34e-13	1.88e-03	7.46e-01	2.53e-01	0.00e+00	0.00e+00	0.00e+00	0.00e+00	0.00e+00	2.35e-182
 6.54257e+11	5.58e-42	2.13e-31	6.71e-22	6.47e-13	2.09e-03	7.60e-01	2.37e-01	0.00e+00	0.00e+00	0.00e+00	0.00e+00	0.00e+00	8.81e-135
 7.10354e+11	0.00e+00	3.04e-31	8.82e-22	7.82e-13	2.33e-03	7.75e-01	2.23e-01	0.00e+00	0.00e+00	0.00e+00	0.00e+00	0.00e+00	1.02e-181
 7.68695e+11	1.34e-41	4.34e-31	1.16e-21	9.46e-13	2.60e-03	7.88e-01	2.09e-01	0.00e+00	0.00e+00	0.00e+00	0.00e+00	0.00e+00	8.94e-134
 8.29369e+11	0.00e+00	6.19e-31	1.52e-21	1.14e-12	2.89e-03	8.01e-01	1.96e-01	0.00e+00	0.00e+00	0.00e+00	0.00e+00	0.00e+00	3.75e-181
 8.92471e+11	3.21e-41	8.83e-31	2.00e-21	1.38e-12	3.22e-03	8.14e-01	1.83e-01	0.00e+00	0.00e+00	0.00e+00	0.00e+00	0.00e+00	9.14e-133
 9.58096e+11	0.00e+00	1.26e-30	2.63e-21	1.67e-12	3.59e-03	8.26e-01	1.71e-01	0.00e+00	0.00e+00	0.00e+00	0.00e+00	0.00e+00	7.46e-181
 1.01993e+12	7.41e-41	1.74e-30	3.37e-21	1.98e-12	3.95e-03	8.36e-01	1.60e-01	0.00e+00	0.00e+00	0.00e+00	0.00e+00	0.00e+00	8.44e-132
 1.07544e+12	0.00e+00	2.30e-30	4.18e-21	2.30e-12	4.29e-03	8.44e-01	1.52e-01	0.00e+00	0.00e+00	0.00e+00	0.00e+00	0.00e+00	0.00e+00
 1.13785e+12	1.53e-40	3.14e-30	5.30e-21	2.72e-12	4.71e-03	8.53e-01	1.43e-01	0.00e+00	0.00e+00	0.00e+00	0.00e+00	0.00e+00	5.81e-131
 1.21155e+12	0.00e+00	4.44e-30	6.93e-21	3.27e-12	5.21e-03	8.62e-01	1.33e-01	0.00e+00	0.00e+00	0.00e+00	0.00e+00	0.00e+00	0.00e+00
 1.28549e+12	3.59e-40	6.23e-30	8.98e-21	3.91e-12	5.76e-03	8.70e-01	1.24e-01	0.00e+00	0.00e+00	0.00e+00	0.00e+00	0.00e+00	5.54e-130
 1.35519e+12	0.00e+00	8.48e-30	1.14e-20	4.59e-12	6.30e-03	8.77e-01	1.16e-01	0.00e+00	0.00e+00	0.00e+00	0.00e+00	0.00e+00	0.00e+00
 1.43212e+12	7.90e-40	1.18e-29	1.47e-20	5.47e-12	6.94e-03	8.85e-01	1.08e-01	0.00e+00	0.00e+00	0.00e+00	0.00e+00	0.00e+00	4.49e-129
 1.51933e+12	0.00e+00	1.69e-29	1.93e-20	6.61e-12	7.70e-03	8.92e-01	1.00e-01	0.00e+00	0.00e+00	0.00e+00	0.00e+00	0.00e+00	0.00e+00
 1.60677e+12	1.90e-39	2.40e-29	2.52e-20	7.94e-12	8.51e-03	8.98e-01	9.31e-02	0.00e+00	0.00e+00	0.00e+00	0.00e+00	0.00e+00	4.59e-128
 1.69770e+12	0.00e+00	3.40e-29	3.30e-20	9.54e-12	9.42e-03	9.04e-01	8.63e-02	0.00e+00	0.00e+00	0.00e+00	0.00e+00	0.00e+00	0.00e+00
 1.79554e+12	4.58e-39	4.89e-29	4.35e-20	1.15e-11	1.04e-02	9.10e-01	7.96e-02	0.00e+00	0.00e+00	0.00e+00	0.00e+00	0.00e+00	4.75e-127
 1.88737e+12	0.00e+00	6.78e-29	5.59e-20	1.37e-11	1.15e-02	9.15e-01	7.40e-02	0.00e+00	0.00e+00	0.00e+00	0.00e+00	0.00e+00	0.00e+00
 1.96947e+12	9.79e-39	9.01e-29	6.95e-20	1.59e-11	1.24e-02	9.18e-01	6.94e-02	0.00e+00	0.00e+00	0.00e+00	0.00e+00	0.00e+00	3.54e-126
 2.06182e+12	0.00e+00	1.23e-28	8.83e-20	1.87e-11	1.36e-02	9.22e-01	6.47e-02	0.00e+00	0.00e+00	0.00e+00	0.00e+00	0.00e+00	0.00e+00
 2.17127e+12	2.24e-38	1.76e-28	1.16e-19	2.25e-11	1.50e-02	9.25e-01	5.96e-02	0.00e+00	0.00e+00	0.00e+00	0.00e+00	0.00e+00	3.17e-125
 2.28110e+12	0.00e+00	2.48e-28	1.51e-19	2.70e-11	1.65e-02	9.28e-01	5.50e-02	0.00e+00	0.00e+00	0.00e+00	0.00e+00	0.00e+00	0.00e+00
 2.38403e+12	5.08e-38	3.40e-28	1.92e-19	3.18e-11	1.80e-02	9.31e-01	5.12e-02	0.00e+00	0.00e+00	0.00e+00	0.00e+00	0.00e+00	2.75e-124
 2.49802e+12	0.00e+00	4.75e-28	2.48e-19	3.78e-11	1.98e-02	9.33e-01	4.73e-02	0.00e+00	0.00e+00	0.00e+00	0.00e+00	0.00e+00	0.00e+00
 2.62787e+12	1.22e-37	6.88e-28	3.30e-19	4.58e-11	2.19e-02	9.35e-01	4.33e-02	0.00e+00	0.00e+00	0.00e+00	0.00e+00	0.00e+00	2.77e-123
 2.75568e+12	0.00e+00	9.77e-28	4.31e-19	5.49e-11	2.41e-02	9.36e-01	3.98e-02	0.00e+00	0.00e+00	0.00e+00	0.00e+00	0.00e+00	0.00e+00
 2.88860e+12	2.92e-37	1.39e-27	5.65e-19	6.60e-11	2.66e-02	9.37e-01	3.66e-02	0.00e+00	0.00e+00	0.00e+00	0.00e+00	0.00e+00	2.76e-122
 3.03407e+12	0.00e+00	2.01e-27	7.51e-19	8.00e-11	2.94e-02	9.37e-01	3.34e-02	0.00e+00	0.00e+00	0.00e+00	0.00e+00	0.00e+00	0.00e+00
 3.18024e+12	7.24e-37	2.89e-27	9.89e-19	9.64e-11	3.24e-02	9.37e-01	3.06e-02	0.00e+00	0.00e+00	0.00e+00	0.00e+00	0.00e+00	3.02e-121
 3.33226e+12	0.00e+00	4.15e-27	1.31e-18	1.16e-10	3.57e-02	9.36e-01	2.79e-02	0.00e+00	0.00e+00	0.00e+00	0.00e+00	0.00e+00	0.00e+00
 3.49548e+12	1.81e-36	6.03e-27	1.74e-18	1.41e-10	3.94e-02	9.35e-01	2.54e-02	0.00e+00	0.00e+00	0.00e+00	0.00e+00	0.00e+00	3.34e-120
 3.65737e+12	0.00e+00	8.62e-27	2.29e-18	1.70e-10	4.34e-02	9.33e-01	2.32e-02	0.00e+00	0.00e+00	0.00e+00	0.00e+00	0.00e+00	0.00e+00
 3.82574e+12	4.40e-36	1.23e-26	3.01e-18	2.04e-10	4.77e-02	9.31e-01	2.12e-02	0.00e+00	0.00e+00	0.00e+00	0.00e+00	0.00e+00	3.45e-119
 4.00869e+12	0.00e+00	1.80e-26	4.02e-18	2.48e-10	5.27e-02	9.28e-01	1.92e-02	0.00e+00	0.00e+00	0.00e+00	0.00e+00	0.00e+00	0.00e+00
 4.19897e+12	1.12e-35	2.62e-26	5.37e-18	3.01e-10	5.81e-02	9.25e-01	1.74e-02	0.00e+00	0.00e+00	0.00e+00	0.00e+00	0.00e+00	3.99e-118
 4.39685e+12	0.00e+00	3.81e-26	7.18e-18	3.66e-10	6.41e-02	9.20e-01	1.57e-02	0.00e+00	0.00e+00	0.00e+00	0.00e+00	0.00e+00	0.00e+00
 4.60265e+12	2.85e-35	5.55e-26	9.59e-18	4.44e-10	7.06e-02	9.15e-01	1.42e-02	0.00e+00	0.00e+00	0.00e+00	0.00e+00	0.00e+00	4.60e-117
 4.78832e+12	0.00e+00	7.70e-26	1.23e-17	5.26e-10	7.68e-02	9.10e-01	1.30e-02	0.00e+00	0.00e+00	0.00e+00	0.00e+00	0.00e+00	4.71e-100
 4.94225e+12	5.91e-35	1.00e-25	1.51e-17	6.03e-10	8.22e-02	9.06e-01	1.21e-02	0.00e+00	0.00e+00	0.00e+00	0.00e+00	0.00e+00	0.00e+00
 5.11054e+12	8.35e-35	1.32e-25	1.87e-17	6.96e-10	8.82e-02	9.01e-01	1.12e-02	0.00e+00	0.00e+00	0.00e+00	0.00e+00	0.00e+00	7.69e-116
 5.32474e+12	1.28e-34	1.86e-25	2.44e-17	8.31e-10	9.62e-02	8.94e-01	1.01e-02	0.00e+00	0.00e+00	0.00e+00	0.00e+00	0.00e+00	1.30e-97
 5.54868e+12	1.96e-34	2.63e-25	3.19e-17	9.94e-10	1.05e-01	8.86e-01	9.16e-03	0.00e+00	0.00e+00	0.00e+00	0.00e+00	0.00e+00	0.00e+00
 5.74609e+12	2.81e-34	3.52e-25	4.00e-17	1.16e-09	1.13e-01	8.79e-01	8.41e-03	0.00e+00	0.00e+00	0.00e+00	0.00e+00	0.00e+00	1.84e-114
 5.92865e+12	3.88e-34	4.57e-25	4.89e-17	1.32e-09	1.21e-01	8.72e-01	7.78e-03	0.00e+00	0.00e+00	0.00e+00	0.00e+00	0.00e+00	1.48e-96
 6.13569e+12	5.53e-34	6.08e-25	6.11e-17	1.54e-09	1.29e-01	8.63e-01	7.14e-03	0.00e+00	0.00e+00	0.00e+00	0.00e+00	0.00e+00	0.00e+00
 6.39273e+12	8.44e-34	8.57e-25	7.98e-17	1.84e-09	1.41e-01	8.53e-01	6.43e-03	0.00e+00	0.00e+00	0.00e+00	0.00e+00	0.00e+00	3.33e-113
 6.64956e+12	1.27e-33	1.19e-24	1.03e-16	2.18e-09	1.53e-01	8.42e-01	5.80e-03	0.00e+00	0.00e+00	0.00e+00	0.00e+00	0.00e+00	1.96e-95
 6.86936e+12	1.77e-33	1.56e-24	1.27e-16	2.50e-09	1.63e-01	8.32e-01	5.32e-03	0.00e+00	0.00e+00	0.00e+00	0.00e+00	0.00e+00	2.33e-112
 7.10621e+12	2.49e-33	2.06e-24	1.58e-16	2.90e-09	1.74e-01	8.21e-01	4.86e-03	0.00e+00	0.00e+00	0.00e+00	0.00e+00	0.00e+00	8.58e-95
 7.39986e+12	3.76e-33	2.87e-24	2.05e-16	3.44e-09	1.89e-01	8.07e-01	4.36e-03	0.00e+00	0.00e+00	0.00e+00	0.00e+00	0.00e+00	1.73e-111
 7.70187e+12	5.63e-33	3.98e-24	2.64e-16	4.08e-09	2.04e-01	7.93e-01	3.90e-03	0.00e+00	0.00e+00	0.00e+00	0.00e+00	0.00e+00	5.06e-94
 7.97442e+12	7.97e-33	5.28e-24	3.29e-16	4.72e-09	2.17e-01	7.79e-01	3.54e-03	0.00e+00	0.00e+00	0.00e+00	0.00e+00	0.00e+00	1.28e-110
 8.27408e+12	1.15e-32	7.09e-24	4.15e-16	5.50e-09	2.33e-01	7.64e-01	3.19e-03	0.00e+00	0.00e+00	0.00e+00	0.00e+00	0.00e+00	2.41e-93
 8.62729e+12	1.73e-32	9.91e-24	5.39e-16	6.54e-09	2.51e-01	7.46e-01	2.83e-03	0.00e+00	0.00e+00	0.00e+00	0.00e+00	0.00e+00	1.03e-109
 8.98056e+12	2.56e-32	1.36e-23	6.90e-16	7.70e-09	2.69e-01	7.28e-01	2.52e-03	0.00e+00	0.00e+00	0.00e+00	0.00e+00	0.00e+00	1.40e-92
 9.31605e+12	3.65e-32	1.81e-23	8.64e-16	8.93e-09	2.87e-01	7.11e-01	2.26e-03	0.00e+00	0.00e+00	0.00e+00	0.00e+00	0.00e+00	7.76e-109
 9.68671e+12	5.30e-32	2.45e-23	1.09e-15	1.04e-08	3.06e-01	6.92e-01	2.01e-03	0.00e+00	0.00e+00	0.00e+00	0.00e+00	0.00e+00	7.01e-92
 1.01041e+13	7.91e-32	3.39e-23	1.41e-15	1.23e-08	3.27e-01	6.71e-01	1.77e-03	0.00e+00	0.00e+00	0.00e+00	0.00e+00	0.00e+00	6.44e-108
 1.05213e+13	1.16e-31	4.61e-23	1.79e-15	1.44e-08	3.48e-01	6.50e-01	1.56e-03	0.00e+00	0.00e+00	0.00e+00	0.00e+00	0.00e+00	3.96e-91
 1.08906e+13	1.59e-31	5.98e-23	2.19e-15	1.64e-08	3.67e-01	6.32e-01	1.40e-03	0.00e+00	0.00e+00	0.00e+00	0.00e+00	0.00e+00	4.47e-107
 1.12004e+13	2.06e-31	7.37e-23	2.58e-15	1.82e-08	3.82e-01	6.16e-01	1.29e-03	0.00e+00	0.00e+00	0.00e+00	0.00e+00	0.00e+00	1.45e-90
 1.15338e+13	2.69e-31	9.15e-23	3.05e-15	2.03e-08	3.98e-01	6.00e-01	1.17e-03	0.00e+00	0.00e+00	0.00e+00	0.00e+00	0.00e+00	1.95e-106
 1.19672e+13	3.76e-31	1.20e-22	3.77e-15	2.33e-08	4.19e-01	5.80e-01	1.04e-03	0.00e+00	0.00e+00	0.00e+00	0.00e+00	0.00e+00	5.65e-90
 1.24206e+13	5.25e-31	1.57e-22	4.65e-15	2.67e-08	4.40e-01	5.59e-01	9.21e-04	0.00e+00	0.00e+00	0.00e+00	0.00e+00	0.00e+00	1.28e-105
 1.28076e+13	6.90e-31	1.96e-22	5.52e-15	2.97e-08	4.58e-01	5.41e-01	8.32e-04	0.00e+00	0.00e+00	0.00e+00	0.00e+00	0.00e+00	2.25e-89
 1.32180e+13	9.11e-31	2.45e-22	6.56e-15	3.32e-08	4.76e-01	5.23e-01	7.49e-04	0.00e+00	0.00e+00	0.00e+00	0.00e+00	0.00e+00	6.20e-105
 1.37339e+13	1.27e-30	3.21e-22	8.09e-15	3.79e-08	4.98e-01	5.01e-01	6.58e-04	0.00e+00	0.00e+00	0.00e+00	0.00e+00	0.00e+00	9.20e-89
 1.42651e+13	1.77e-30	4.18e-22	9.93e-15	4.32e-08	5.20e-01	4.80e-01	5.78e-04	0.00e+00	0.00e+00	0.00e+00	0.00e+00	0.00e+00	4.22e-104
 1.47333e+13	2.33e-30	5.23e-22	1.18e-14	4.81e-08	5.38e-01	4.61e-01	5.17e-04	0.00e+00	0.00e+00	0.00e+00	0.00e+00	0.00e+00	3.75e-88
 1.52416e+13	3.12e-30	6.60e-22	1.41e-14	5.38e-08	5.57e-01	4.42e-01	4.59e-04	0.00e+00	0.00e+00	0.00e+00	0.00e+00	0.00e+00	2.21e-103
 1.58027e+13	4.23e-30	8.44e-22	1.70e-14	6.06e-08	5.78e-01	4.22e-01	4.04e-04	0.00e+00	0.00e+00	0.00e+00	0.00e+00	0.00e+00	1.51e-87
 1.63201e+13	5.54e-30	1.05e-21	2.01e-14	6.72e-08	5.95e-01	4.04e-01	3.60e-04	0.00e+00	0.00e+00	0.00e+00	0.00e+00	0.00e+00	1.21e-102
 1.68800e+13	7.33e-30	1.31e-21	2.39e-14	7.47e-08	6.14e-01	3.86e-01	3.18e-04	0.00e+00	0.00e+00	0.00e+00	0.00e+00	0.00e+00	5.54e-87
 1.75044e+13	9.89e-30	1.67e-21	2.88e-14	8.37e-08	6.33e-01	3.67e-01	2.79e-04	0.00e+00	0.00e+00	0.00e+00	0.00e+00	0.00e+00	6.85e-102
 1.80891e+13	1.30e-29	2.07e-21	3.39e-14	9.26e-08	6.50e-01	3.50e-01	2.47e-04	0.00e+00	0.00e+00	0.00e+00	0.00e+00	0.00e+00	2.15e-86
 1.87258e+13	1.72e-29	2.59e-21	4.02e-14	1.03e-07	6.68e-01	3.32e-01	2.17e-04	0.00e+00	0.00e+00	0.00e+00	0.00e+00	0.00e+00	3.62e-101
 1.94333e+13	2.31e-29	3.29e-21	4.83e-14	1.15e-07	6.86e-01	3.14e-01	1.89e-04	0.00e+00	0.00e+00	0.00e+00	0.00e+00	0.00e+00	8.74e-86
 2.00939e+13	3.03e-29	4.08e-21	5.68e-14	1.27e-07	7.02e-01	2.98e-01	1.67e-04	0.00e+00	0.00e+00	0.00e+00	0.00e+00	0.00e+00	2.05e-100
 2.08136e+13	4.01e-29	5.10e-21	6.72e-14	1.40e-07	7.18e-01	2.82e-01	1.46e-04	0.00e+00	0.00e+00	0.00e+00	0.00e+00	0.00e+00	3.34e-85
 2.16182e+13	5.40e-29	6.48e-21	8.06e-14	1.56e-07	7.35e-01	2.65e-01	1.26e-04	0.00e+00	0.00e+00	0.00e+00	0.00e+00	0.00e+00	1.23e-99
 2.23770e+13	7.09e-29	8.04e-21	9.48e-14	1.72e-07	7.49e-01	2.50e-01	1.10e-04	0.00e+00	0.00e+00	0.00e+00	0.00e+00	0.00e+00	1.37e-84
 2.32071e+13	9.44e-29	1.01e-20	1.12e-13	1.90e-07	7.64e-01	2.36e-01	9.58e-05	0.00e+00	0.00e+00	0.00e+00	0.00e+00	0.00e+00	7.00e-99
 2.41369e+13	1.28e-28	1.29e-20	1.35e-13	2.11e-07	7.80e-01	2.20e-01	8.22e-05	0.00e+00	0.00e+00	0.00e+00	0.00e+00	0.00e+00	5.97e-84
 2.50181e+13	1.69e-28	1.60e-20	1.59e-13	2.33e-07	7.93e-01	2.07e-01	7.14e-05	0.00e+00	0.00e+00	0.00e+00	0.00e+00	0.00e+00	4.40e-98
 2.59626e+13	2.25e-28	2.01e-20	1.88e-13	2.56e-07	8.06e-01	1.94e-01	6.17e-05	0.00e+00	0.00e+00	0.00e+00	0.00e+00	0.00e+00	2.49e-83
 2.70310e+13	3.07e-28	2.57e-20	2.25e-13	2.85e-07	8.19e-01	1.81e-01	5.26e-05	0.00e+00	0.00e+00	0.00e+00	0.00e+00	0.00e+00	2.93e-97
 2.80890e+13	4.13e-28	3.24e-20	2.67e-13	3.14e-07	8.31e-01	1.69e-01	4.52e-05	0.00e+00	0.00e+00	0.00e+00	0.00e+00	0.00e+00	1.16e-82
 2.91893e+13	5.54e-28	4.08e-20	3.17e-13	3.46e-07	8.43e-01	1.57e-01	3.88e-05	0.00e+00	0.00e+00	0.00e+00	0.00e+00	0.00e+00	1.93e-96
 3.03868e+13	7.52e-28	5.19e-20	3.78e-13	3.83e-07	8.54e-01	1.46e-01	3.30e-05	0.00e+00	0.00e+00	0.00e+00	0.00e+00	0.00e+00	5.45e-82
 3.16322e+13	1.03e-27	6.62e-20	4.50e-13	4.22e-07	8.64e-01	1.36e-01	2.82e-05	0.00e+00	0.00e+00	0.00e+00	0.00e+00	0.00e+00	1.40e-95
 3.28145e+13	1.35e-27	8.22e-20	5.28e-13	4.62e-07	8.73e-01	1.27e-01	2.43e-05	0.00e+00	0.00e+00	0.00e+00	0.00e+00	0.00e+00	2.52e-81
 3.38743e+13	1.72e-27	9.93e-20	6.05e-13	4.99e-07	8.81e-01	1.19e-01	2.14e-05	0.00e+00	0.00e+00	0.00e+00	0.00e+00	0.00e+00	7.54e-95
 3.48612e+13	2.15e-27	1.18e-19	6.84e-13	5.34e-07	8.87e-01	1.13e-01	1.91e-05	0.00e+00	0.00e+00	0.00e+00	0.00e+00	0.00e+00	8.45e-81
 3.59524e+13	2.72e-27	1.41e-19	7.80e-13	5.74e-07	8.93e-01	1.07e-01	1.69e-05	0.00e+00	0.00e+00	0.00e+00	0.00e+00	0.00e+00	3.29e-94
 3.71819e+13	3.51e-27	1.73e-19	9.00e-13	6.20e-07	9.00e-01	1.00e-01	1.47e-05	0.00e+00	0.00e+00	0.00e+00	0.00e+00	0.00e+00	3.11e-80
 3.83591e+13	4.45e-27	2.08e-19	1.03e-12	6.67e-07	9.06e-01	9.43e-02	1.30e-05	0.00e+00	0.00e+00	0.00e+00	0.00e+00	0.00e+00	1.65e-93
 3.96573e+13	5.74e-27	2.53e-19	1.18e-12	7.20e-07	9.11e-01	8.85e-02	1.14e-05	0.00e+00	0.00e+00	0.00e+00	0.00e+00	0.00e+00	1.15e-79
 4.11016e+13	7.54e-27	3.12e-19	1.37e-12	7.81e-07	9.17e-01	8.26e-02	9.87e-06	0.00e+00	0.00e+00	0.00e+00	0.00e+00	0.00e+00	9.18e-93
 4.24301e+13	9.62e-27	3.77e-19	1.57e-12	8.39e-07	9.22e-01	7.77e-02	8.68e-06	0.00e+00	0.00e+00	0.00e+00	0.00e+00	0.00e+00	4.55e-79
 4.36638e+13	1.20e-26	4.46e-19	1.77e-12	8.95e-07	9.26e-01	7.36e-02	7.75e-06	0.00e+00	0.00e+00	0.00e+00	0.00e+00	0.00e+00	4.15e-92
 4.50797e+13	1.53e-26	5.39e-19	2.01e-12	9.60e-07	9.31e-01	6.92e-02	6.82e-06	0.00e+00	0.00e+00	0.00e+00	0.00e+00	0.00e+00	1.59e-78
 4.68126e+13	2.05e-26	6.74e-19	2.35e-12	1.04e-06	9.36e-01	6.44e-02	5.88e-06	0.00e+00	0.00e+00	0.00e+00	0.00e+00	0.00e+00	2.40e-91
 4.85409e+13	2.71e-26	8.34e-19	2.73e-12	1.13e-06	9.40e-01	6.00e-02	5.08e-06	0.00e+00	0.00e+00	0.00e+00	0.00e+00	0.00e+00	7.33e-78
 5.00436e+13	3.43e-26	9.99e-19	3.10e-12	1.21e-06	9.43e-01	5.66e-02	4.50e-06	0.00e+00	0.00e+00	0.00e+00	0.00e+00	0.00e+00	1.28e-90
 5.16695e+13	4.39e-26	1.21e-18	3.53e-12	1.29e-06	9.47e-01	5.32e-02	3.96e-06	0.00e+00	0.00e+00	0.00e+00	0.00e+00	0.00e+00	2.72e-77
 5.36552e+13	5.90e-26	1.51e-18	4.11e-12	1.40e-06	9.51e-01	4.95e-02	3.42e-06	0.00e+00	0.00e+00	0.00e+00	0.00e+00	0.00e+00	7.49e-90
 5.56786e+13	7.83e-26	1.88e-18	4.79e-12	1.52e-06	9.54e-01	4.60e-02	2.95e-06	0.00e+00	0.00e+00	0.00e+00	0.00e+00	0.00e+00	1.31e-76
 5.75063e+13	1.01e-25	2.28e-18	5.46e-12	1.62e-06	9.57e-01	4.33e-02	2.59e-06	0.00e+00	0.00e+00	0.00e+00	0.00e+00	0.00e+00	2.61e-76
 5.95094e+13	1.32e-25	2.79e-18	6.26e-12	1.74e-06	9.59e-01	4.05e-02	2.27e-06	0.00e+00	0.00e+00	0.00e+00	0.00e+00	0.00e+00	5.43e-76
 6.18694e+13	1.79e-25	3.52e-18	7.33e-12	1.89e-06	9.62e-01	3.76e-02	1.95e-06	0.00e+00	0.00e+00	0.00e+00	0.00e+00	0.00e+00	1.25e-75
 6.42239e+13	2.39e-25	4.38e-18	8.53e-12	2.04e-06	9.65e-01	3.49e-02	1.68e-06	0.00e+00	0.00e+00	0.00e+00	0.00e+00	0.00e+00	2.76e-75
 6.64371e+13	3.13e-25	5.36e-18	9.77e-12	2.19e-06	9.67e-01	3.27e-02	1.47e-06	0.00e+00	0.00e+00	0.00e+00	0.00e+00	0.00e+00	5.74e-75
 6.88893e+13	4.17e-25	6.67e-18	1.13e-11	2.36e-06	9.69e-01	3.05e-02	1.28e-06	0.00e+00	0.00e+00	0.00e+00	0.00e+00	0.00e+00	1.27e-74
 7.16747e+13	5.68e-25	8.42e-18	1.33e-11	2.56e-06	9.72e-01	2.83e-02	1.09e-06	0.00e+00	0.00e+00	0.00e+00	0.00e+00	0.00e+00	2.93e-74
 7.44539e+13	7.68e-25	1.06e-17	1.54e-11	2.76e-06	9.74e-01	2.63e-02	9.42e-07	0.00e+00	0.00e+00	0.00e+00	0.00e+00	0.00e+00	6.73e-74
 7.73441e+13	1.04e-24	1.33e-17	1.80e-11	2.98e-06	9.76e-01	2.44e-02	0.00e+00	0.00e+00	0.00e+00	0.00e+00	0.00e+00	0.00e+00	1.55e-73
 8.04678e+13	1.42e-24	1.68e-17	2.10e-11	3.23e-06	9.77e-01	2.26e-02	0.00e+00	0.00e+00	0.00e+00	0.00e+00	0.00e+00	0.00e+00	3.66e-73
 8.37164e+13	1.95e-24	2.13e-17	2.46e-11	3.50e-06	9.79e-01	2.10e-02	0.00e+00	0.00e+00	0.00e+00	0.00e+00	0.00e+00	0.00e+00	8.68e-73
 8.70950e+13	2.66e-24	2.69e-17	2.89e-11	3.79e-06	9.81e-01	1.94e-02	0.00e+00	0.00e+00	0.00e+00	0.00e+00	0.00e+00	0.00e+00	2.05e-72
 9.03802e+13	3.57e-24	3.36e-17	3.34e-11	4.08e-06	9.82e-01	1.81e-02	0.00e+00	0.00e+00	0.00e+00	0.00e+00	0.00e+00	0.00e+00	4.59e-72
 9.31882e+13	4.54e-24	4.03e-17	3.78e-11	4.34e-06	9.83e-01	1.70e-02	0.00e+00	0.00e+00	0.00e+00	0.00e+00	0.00e+00	0.00e+00	8.94e-72
 9.60522e+13	5.77e-24	4.82e-17	4.26e-11	4.61e-06	9.84e-01	1.61e-02	0.00e+00	0.00e+00	0.00e+00	0.00e+00	1.56e-17	3.27e-17	1.73e-71
 9.96394e+13	7.71e-24	6.00e-17	4.93e-11	4.96e-06	9.85e-01	1.50e-02	0.00e+00	0.00e+00	0.00e+00	0.00e+00	1.99e-17	4.01e-17	3.84e-71
 1.03289e+14	1.02e-23	7.43e-17	5.69e-11	5.33e-06	9.86e-01	1.39e-02	0.00e+00	0.00e+00	0.00e+00	0.00e+00	2.47e-17	4.96e-17	8.39e-71
 1.06469e+14	1.30e-23	8.89e-17	6.42e-11	5.66e-06	9.87e-01	1.31e-02	0.00e+00	0.00e+00	0.00e+00	0.00e+00	2.95e-17	5.94e-17	1.62e-70
 1.09916e+14	1.67e-23	1.07e-16	7.29e-11	6.03e-06	9.88e-01	1.23e-02	0.00e+00	0.00e+00	0.00e+00	0.00e+00	3.56e-17	7.16e-17	3.22e-70
 1.14117e+14	2.26e-23	1.34e-16	8.46e-11	6.49e-06	9.89e-01	1.15e-02	0.00e+00	0.00e+00	0.00e+00	0.00e+00	4.46e-17	8.98e-17	7.38e-70
 1.18428e+14	2.99e-23	1.66e-16	9.81e-11	7.00e-06	9.89e-01	1.07e-02	0.00e+00	0.00e+00	0.00e+00	0.00e+00	5.53e-17	1.11e-16	1.60e-69
 1.22393e+14	3.89e-23	2.03e-16	1.12e-10	7.47e-06	9.90e-01	1.00e-02	0.00e+00	0.00e+00	0.00e+00	0.00e+00	6.72e-17	1.35e-16	3.30e-69
 1.26779e+14	5.15e-23	2.50e-16	1.29e-10	8.01e-06	9.91e-01	9.33e-03	0.00e+00	0.00e+00	0.00e+00	0.00e+00	8.31e-17	1.67e-16	7.16e-69
 1.31857e+14	6.97e-23	3.15e-16	1.51e-10	8.68e-06	9.91e-01	8.63e-03	0.00e+00	0.00e+00	0.00e+00	0.00e+00	1.04e-16	2.10e-16	1.64e-68
 1.36926e+14	9.40e-23	3.94e-16	1.75e-10	9.36e-06	9.92e-01	8.01e-03	0.00e+00	0.00e+00	0.00e+00	0.00e+00	1.31e-16	2.63e-16	3.75e-68
 1.41504e+14	1.21e-22	4.76e-16	2.00e-10	1.00e-05	9.92e-01	7.50e-03	0.00e+00	0.00e+00	0.00e+00	0.00e+00	1.58e-16	3.18e-16	7.42e-68
 1.45716e+14	1.52e-22	5.68e-16	2.24e-10	1.06e-05	9.93e-01	7.08e-03	0.00e+00	0.00e+00	0.00e+00	0.00e+00	1.89e-16	3.80e-16	1.42e-67
 1.50554e+14	1.96e-22	6.86e-16	2.56e-10	1.13e-05	9.93e-01	6.63e-03	0.00e+00	0.00e+00	0.00e+00	0.00e+00	2.28e-16	4.59e-16	2.80e-67
 1.56369e+14	2.63e-22	8.60e-16	2.97e-10	1.22e-05	9.94e-01	6.15e-03	0.00e+00	0.00e+00	0.00e+00	0.00e+00	2.85e-16	5.75e-16	6.39e-67
 1.62128e+14	3.46e-22	1.06e-15	3.44e-10	1.32e-05	9.94e-01	5.72e-03	0.00e+00	0.00e+00	0.00e+00	0.00e+00	3.51e-16	7.08e-16	1.35e-66
 1.67269e+14	4.43e-22	1.28e-15	3.90e-10	1.40e-05	9.95e-01	5.38e-03	0.00e+00	0.00e+00	0.00e+00	0.00e+00	4.24e-16	8.53e-16	2.67e-66
 1.72934e+14	5.71e-22	1.55e-15	4.46e-10	1.50e-05	9.95e-01	5.03e-03	0.00e+00	0.00e+00	0.00e+00	0.00e+00	5.13e-16	1.03e-15	5.32e-66
 1.79674e+14	7.64e-22	1.93e-15	5.20e-10	1.62e-05	9.95e-01	4.65e-03	0.00e+00	0.00e+00	0.00e+00	0.00e+00	6.41e-16	1.29e-15	1.19e-65
 1.86343e+14	1.01e-21	2.39e-15	6.02e-10	1.75e-05	9.96e-01	4.32e-03	0.00e+00	0.00e+00	0.00e+00	0.00e+00	7.93e-16	1.60e-15	2.56e-65
 1.92437e+14	1.30e-21	2.90e-15	6.84e-10	1.86e-05	9.96e-01	4.06e-03	0.00e+00	0.00e+00	0.00e+00	0.00e+00	9.60e-16	1.94e-15	5.16e-65
 1.99250e+14	1.69e-21	3.53e-15	7.88e-10	2.00e-05	9.96e-01	3.78e-03	0.00e+00	0.00e+00	0.00e+00	0.00e+00	1.17e-15	2.36e-15	1.05e-64
 2.07179e+14	2.27e-21	4.42e-15	9.22e-10	2.17e-05	9.96e-01	3.49e-03	0.00e+00	0.00e+00	0.00e+00	0.00e+00	1.47e-15	2.96e-15	2.36e-64
 2.14958e+14	3.00e-21	5.48e-15	1.07e-09	2.34e-05	9.97e-01	3.24e-03	0.00e+00	0.00e+00	0.00e+00	0.00e+00	1.82e-15	3.66e-15	5.10e-64
 2.22296e+14	3.90e-21	6.69e-15	1.22e-09	2.50e-05	9.97e-01	3.03e-03	0.00e+00	0.00e+00	0.00e+00	0.00e+00	2.22e-15	4.47e-15	1.06e-63
 2.30466e+14	5.08e-21	8.19e-15	1.41e-09	2.69e-05	9.97e-01	2.81e-03	0.00e+00	0.00e+00	0.00e+00	0.00e+00	2.71e-15	5.48e-15	2.18e-63
 2.39714e+14	6.89e-21	1.03e-14	1.65e-09	2.92e-05	9.97e-01	2.60e-03	0.00e+00	0.00e+00	0.00e+00	0.00e+00	3.43e-15	6.91e-15	5.08e-63
 2.48970e+14	9.08e-21	1.28e-14	1.93e-09	3.15e-05	9.98e-01	2.41e-03	0.00e+00	0.00e+00	0.00e+00	0.00e+00	4.23e-15	8.54e-15	1.08e-62
 2.57623e+14	1.17e-20	1.55e-14	2.21e-09	3.38e-05	9.98e-01	2.25e-03	0.00e+00	0.00e+00	0.00e+00	0.00e+00	5.15e-15	1.04e-14	2.20e-62
 2.66985e+14	1.54e-20	1.92e-14	2.55e-09	3.63e-05	9.98e-01	2.09e-03	0.00e+00	0.00e+00	0.00e+00	0.00e+00	6.35e-15	1.28e-14	4.70e-62
 2.77695e+14	2.05e-20	2.38e-14	2.98e-09	3.93e-05	9.98e-01	1.93e-03	0.00e+00	0.00e+00	0.00e+00	0.00e+00	7.89e-15	1.59e-14	1.02e-61
 2.87791e+14	2.70e-20	2.94e-14	3.44e-09	4.23e-05	9.98e-01	1.79e-03	0.00e+00	0.00e+00	0.00e+00	0.00e+00	9.75e-15	1.97e-14	2.21e-61
 2.96892e+14	3.36e-20	3.48e-14	3.90e-09	4.51e-05	9.98e-01	1.68e-03	0.00e+00	0.00e+00	0.00e+00	0.00e+00	1.15e-14	2.33e-14	4.03e-61
 3.05495e+14	4.17e-20	4.11e-14	4.37e-09	4.77e-05	9.98e-01	1.59e-03	0.00e+00	0.00e+00	0.00e+00	0.00e+00	1.36e-14	2.75e-14	7.31e-61
 3.15017e+14	5.26e-20	4.92e-14	4.94e-09	5.08e-05	9.98e-01	1.49e-03	0.00e+00	0.00e+00	0.00e+00	0.00e+00	1.63e-14	3.29e-14	1.40e-60
 3.25660e+14	6.65e-20	5.89e-14	5.65e-09	5.44e-05	9.99e-01	1.40e-03	0.00e+00	0.00e+00	0.00e+00	0.00e+00	1.95e-14	3.94e-14	2.68e-60
 3.35690e+14	8.39e-20	7.05e-14	6.38e-09	5.78e-05	9.99e-01	1.31e-03	0.00e+00	0.00e+00	0.00e+00	0.00e+00	2.33e-14	4.72e-14	5.13e-60
 3.46656e+14	1.05e-19	8.38e-14	7.25e-09	6.17e-05	9.99e-01	1.23e-03	0.00e+00	0.00e+00	0.00e+00	0.00e+00	2.77e-14	5.61e-14	9.55e-60
 3.58908e+14	1.37e-19	1.03e-13	8.33e-09	6.62e-05	9.99e-01	1.15e-03	0.00e+00	0.00e+00	0.00e+00	0.00e+00	3.40e-14	6.89e-14	2.01e-59
 3.70540e+14	1.72e-19	1.22e-13	9.47e-09	7.07e-05	9.99e-01	1.07e-03	0.00e+00	0.00e+00	0.00e+00	0.00e+00	4.04e-14	8.18e-14	3.72e-59
 3.83369e+14	2.21e-19	1.49e-13	1.08e-08	7.57e-05	9.99e-01	1.00e-03	0.00e+00	0.00e+00	0.00e+00	0.00e+00	4.93e-14	9.97e-14	7.62e-59
 3.97535e+14	2.86e-19	1.81e-13	1.26e-08	8.15e-05	9.99e-01	9.30e-04	0.00e+00	0.00e+00	0.00e+00	0.00e+00	6.00e-14	1.21e-13	1.54e-58
 4.10577e+14	3.63e-19	2.19e-13	1.43e-08	8.70e-05	9.99e-01	8.71e-04	0.00e+00	0.00e+00	0.00e+00	0.00e+00	7.22e-14	1.46e-13	3.03e-58
 4.24668e+14	4.60e-19	2.62e-13	1.64e-08	9.33e-05	9.99e-01	8.12e-04	0.00e+00	0.00e+00	0.00e+00	0.00e+00	8.67e-14	1.76e-13	5.80e-58
 4.40407e+14	6.02e-19	3.23e-13	1.89e-08	1.00e-04	9.99e-01	7.54e-04	0.00e+00	0.00e+00	0.00e+00	0.00e+00	1.07e-13	2.17e-13	1.24e-57
 4.55238e+14	7.57e-19	3.86e-13	2.16e-08	1.08e-04	9.99e-01	7.04e-04	0.00e+00	0.00e+00	0.00e+00	0.00e+00	1.27e-13	2.59e-13	2.33e-57
 4.71466e+14	9.74e-19	4.70e-13	2.49e-08	1.15e-04	9.99e-01	6.56e-04	0.00e+00	0.00e+00	0.00e+00	0.00e+00	1.55e-13	3.15e-13	4.71e-57
 4.89472e+14	1.26e-18	5.76e-13	2.89e-08	1.25e-04	9.99e-01	6.07e-04	0.00e+00	0.00e+00	0.00e+00	0.00e+00	1.90e-13	3.86e-13	9.76e-57
 5.06214e+14	1.62e-18	6.99e-13	3.30e-08	1.34e-04	9.99e-01	5.66e-04	0.00e+00	0.00e+00	0.00e+00	0.00e+00	2.31e-13	4.69e-13	1.97e-56
 5.24407e+14	2.06e-18	8.44e-13	3.81e-08	1.44e-04	9.99e-01	5.26e-04	0.00e+00	0.00e+00	0.00e+00	0.00e+00	2.78e-13	5.66e-13	3.86e-56
 5.44749e+14	2.71e-18	1.05e-12	4.43e-08	1.55e-04	9.99e-01	4.87e-04	0.00e+00	0.00e+00	0.00e+00	0.00e+00	3.45e-13	7.02e-13	8.38e-56
 5.64051e+14	3.43e-18	1.26e-12	5.10e-08	1.67e-04	9.99e-01	4.52e-04	0.00e+00	0.00e+00	0.00e+00	0.00e+00	4.15e-13	8.44e-13	1.61e-55
 5.84775e+14	4.43e-18	1.54e-12	5.90e-08	1.80e-04	9.99e-01	4.19e-04	0.00e+00	0.00e+00	0.00e+00	0.00e+00	5.06e-13	1.03e-12	3.30e-55
 6.08196e+14	5.80e-18	1.90e-12	6.91e-08	1.95e-04	9.99e-01	3.86e-04	0.00e+00	0.00e+00	0.00e+00	0.00e+00	6.26e-13	1.28e-12	7.07e-55
 6.31147e+14	7.49e-18	2.33e-12	8.01e-08	2.11e-04	9.99e-01	3.58e-04	0.00e+00	0.00e+00	0.00e+00	0.00e+00	7.68e-13	1.56e-12	1.47e-54
 6.55016e+14	9.58e-18	2.83e-12	9.31e-08	2.28e-04	9.99e-01	3.30e-04	0.00e+00	0.00e+00	0.00e+00	0.00e+00	9.31e-13	1.90e-12	2.93e-54
 6.81246e+14	1.25e-17	3.49e-12	1.09e-07	2.48e-04	9.99e-01	3.04e-04	0.00e+00	0.00e+00	0.00e+00	0.00e+00	1.15e-12	2.34e-12	6.21e-54
 7.07058e+14	1.61e-17	4.30e-12	1.27e-07	2.68e-04	9.99e-01	2.81e-04	0.00e+00	0.00e+00	0.00e+00	0.00e+00	1.41e-12	2.88e-12	1.30e-53
 7.28385e+14	1.97e-17	5.03e-12	1.43e-07	2.86e-04	9.99e-01	2.63e-04	0.00e+00	0.00e+00	0.00e+00	0.00e+00	1.65e-12	3.38e-12	2.28e-53
 7.45469e+14	2.29e-17	5.67e-12	1.57e-07	3.00e-04	9.99e-01	2.51e-04	0.00e+00	0.00e+00	0.00e+00	0.00e+00	1.86e-12	3.80e-12	3.50e-53
 7.64320e+14	2.70e-17	6.49e-12	1.74e-07	3.17e-04	9.99e-01	2.38e-04	0.00e+00	0.00e+00	0.00e+00	0.00e+00	2.13e-12	4.36e-12	5.68e-53
 7.88826e+14	3.31e-17	7.63e-12	1.97e-07	3.39e-04	9.99e-01	2.22e-04	0.00e+00	0.00e+00	0.00e+00	0.00e+00	2.51e-12	5.13e-12	1.01e-52
 8.15069e+14	4.13e-17	9.13e-12	2.25e-07	3.64e-04	9.99e-01	2.07e-04	0.00e+00	0.00e+00	0.00e+00	0.00e+00	3.00e-12	6.13e-12	1.92e-52
 8.38454e+14	4.96e-17	1.06e-11	2.52e-07	3.87e-04	9.99e-01	1.94e-04	0.00e+00	4.14e-18	1.24e-17	2.08e-17	3.47e-12	7.09e-12	3.24e-52
 8.63741e+14	6.03e-17	1.24e-11	2.85e-07	4.12e-04	9.99e-01	1.82e-04	0.00e+00	5.03e-18	1.51e-17	2.53e-17	4.07e-12	8.32e-12	5.74e-52
 8.95609e+14	7.61e-17	1.49e-11	3.30e-07	4.47e-04	9.99e-01	1.68e-04	0.00e+00	6.36e-18	1.91e-17	3.19e-17	4.90e-12	1.00e-11	1.12e-51
 9.27741e+14	9.57e-17	1.80e-11	3.81e-07	4.83e-04	9.99e-01	1.55e-04	0.00e+00	8.01e-18	2.41e-17	4.02e-17	5.91e-12	1.21e-11	2.20e-51
 9.55010e+14	1.15e-16	2.10e-11	4.28e-07	5.15e-04	9.99e-01	1.46e-04	0.00e+00	9.67e-18	2.90e-17	4.85e-17	6.88e-12	1.41e-11	3.81e-51
 9.84250e+14	1.40e-16	2.46e-11	4.84e-07	5.50e-04	9.99e-01	1.36e-04	0.00e+00	1.18e-17	3.53e-17	5.90e-17	8.06e-12	1.65e-11	6.79e-51
 1.02081e+15	1.77e-16	2.97e-11	5.61e-07	5.97e-04	9.99e-01	1.26e-04	0.00e+00	1.48e-17	4.46e-17	7.45e-17	9.75e-12	2.00e-11	1.35e-50
 1.05837e+15	2.23e-16	3.59e-11	6.50e-07	6.47e-04	9.99e-01	1.16e-04	0.00e+00	1.87e-17	5.62e-17	9.39e-17	1.18e-11	2.41e-11	2.68e-50
 1.09144e+15	2.71e-16	4.21e-11	7.37e-07	6.93e-04	9.99e-01	1.08e-04	0.00e+00	2.28e-17	6.83e-17	1.14e-16	1.38e-11	2.83e-11	4.84e-50
 1.12721e+15	3.28e-16	4.96e-11	8.39e-07	7.45e-04	9.99e-01	1.01e-04	0.00e+00	2.76e-17	8.29e-17	1.38e-16	1.63e-11	3.33e-11	8.79e-50
 1.17038e+15	4.19e-16	6.04e-11	9.78e-07	8.11e-04	9.99e-01	9.27e-05	0.00e+00	3.53e-17	1.06e-16	1.77e-16	1.98e-11	4.06e-11	1.83e-49
 1.21320e+15	5.26e-16	7.29e-11	1.13e-06	8.80e-04	9.99e-01	8.55e-05	0.00e+00	4.43e-17	1.33e-16	2.22e-16	2.39e-11	4.90e-11	3.67e-49
 1.25127e+15	6.39e-16	8.56e-11	1.28e-06	9.43e-04	9.99e-01	7.99e-05	0.00e+00	5.40e-17	1.62e-16	2.71e-16	2.81e-11	5.75e-11	6.70e-49
 1.29316e+15	7.83e-16	1.01e-10	1.46e-06	1.02e-03	9.99e-01	7.41e-05	0.00e+00	6.62e-17	1.99e-16	3.32e-16	3.33e-11	6.81e-11	1.26e-48
 1.34319e+15	9.93e-16	1.23e-10	1.70e-06	1.11e-03	9.99e-01	6.81e-05	0.00e+00	8.41e-17	2.52e-16	4.21e-16	4.05e-11	8.30e-11	2.65e-48
 1.39302e+15	1.25e-15	1.49e-10	1.97e-06	1.20e-03	9.99e-01	6.27e-05	0.00e+00	1.06e-16	3.18e-16	5.31e-16	4.89e-11	1.00e-10	5.43e-48
 1.43860e+15	1.51e-15	1.75e-10	2.25e-06	1.29e-03	9.99e-01	5.84e-05	0.00e+00	1.28e-16	3.84e-16	6.42e-16	5.76e-11	1.18e-10	1.00e-47
 1.48946e+15	1.91e-15	2.11e-10	2.58e-06	1.40e-03	9.99e-01	5.40e-05	0.00e+00	1.62e-16	4.86e-16	8.12e-16	6.94e-11	1.42e-10	2.06e-47
 1.54859e+15	2.43e-15	2.59e-10	3.02e-06	1.53e-03	9.98e-01	4.95e-05	0.00e+00	2.07e-16	6.20e-16	1.04e-15	8.51e-11	1.74e-10	4.54e-47
 1.60677e+15	3.07e-15	3.15e-10	3.50e-06	1.66e-03	9.98e-01	4.55e-05	0.00e+00	2.62e-16	7.86e-16	1.31e-15	1.03e-10	2.11e-10	9.72e-47
 1.66210e+15	3.80e-15	3.75e-10	4.01e-06	1.79e-03	9.98e-01	4.22e-05	0.00e+00	3.24e-16	9.72e-16	1.62e-15	1.23e-10	2.52e-10	1.95e-46
 1.71045e+15	4.54e-15	4.36e-10	4.50e-06	1.91e-03	9.98e-01	3.96e-05	0.00e+00	3.87e-16	1.16e-15	1.94e-15	1.43e-10	2.93e-10	3.52e-46
 1.75053e+15	5.27e-15	4.93e-10	4.93e-06	2.01e-03	9.98e-01	3.76e-05	0.00e+00	4.51e-16	1.35e-15	2.26e-15	1.62e-10	3.31e-10	5.74e-46
 1.79484e+15	6.18e-15	5.63e-10	5.45e-06	2.13e-03	9.98e-01	3.56e-05	0.00e+00	5.29e-16	1.59e-15	2.65e-15	1.85e-10	3.78e-10	9.71e-46
 1.85245e+15	7.48e-15	6.63e-10	6.19e-06	2.29e-03	9.98e-01	3.31e-05	0.00e+00	6.41e-16	1.92e-15	3.21e-15	2.18e-10	4.45e-10	1.87e-45
 1.91287e+15	9.07e-15	7.81e-10	7.03e-06	2.45e-03	9.98e-01	3.09e-05	0.00e+00	7.78e-16	2.34e-15	3.90e-15	2.57e-10	5.24e-10	3.55e-45
 1.96489e+15	1.08e-14	9.03e-10	7.82e-06	2.61e-03	9.97e-01	2.91e-05	0.00e+00	9.26e-16	2.78e-15	4.64e-15	2.97e-10	6.06e-10	6.32e-45
 2.02044e+15	1.31e-14	1.06e-09	8.75e-06	2.78e-03	9.97e-01	2.74e-05	0.00e+00	1.13e-15	3.38e-15	5.65e-15	3.48e-10	7.09e-10	1.19e-44
 2.09266e+15	1.63e-14	1.27e-09	1.01e-05	3.01e-03	9.97e-01	2.53e-05	0.00e+00	1.41e-15	4.22e-15	7.05e-15	4.19e-10	8.54e-10	2.51e-44
 2.16686e+15	2.01e-14	1.52e-09	1.16e-05	3.25e-03	9.97e-01	2.35e-05	0.00e+00	1.73e-15	5.20e-15	8.68e-15	5.00e-10	1.02e-09	5.05e-44
 2.22878e+15	2.42e-14	1.77e-09	1.29e-05	3.46e-03	9.97e-01	2.21e-05	0.00e+00	2.09e-15	6.26e-15	1.04e-14	5.84e-10	1.19e-09	9.36e-44
 2.29443e+15	2.92e-14	2.07e-09	1.45e-05	3.69e-03	9.96e-01	2.07e-05	0.00e+00	2.52e-15	7.55e-15	1.26e-14	6.83e-10	1.39e-09	1.75e-43
 2.37818e+15	3.76e-14	2.55e-09	1.67e-05	4.00e-03	9.96e-01	1.92e-05	0.00e+00	3.25e-15	9.76e-15	1.63e-14	8.39e-10	1.71e-09	4.00e-43
 2.46573e+15	4.74e-14	3.10e-09	1.93e-05	4.33e-03	9.96e-01	1.78e-05	0.00e+00	4.10e-15	1.23e-14	2.06e-14	1.02e-09	2.08e-09	8.61e-43
 2.54339e+15	5.71e-14	3.63e-09	2.19e-05	4.64e-03	9.95e-01	1.66e-05	0.00e+00	4.94e-15	1.48e-14	2.48e-14	1.20e-09	2.44e-09	1.63e-42
 2.62791e+15	7.04e-14	4.34e-09	2.49e-05	4.99e-03	9.95e-01	1.55e-05	0.00e+00	6.11e-15	1.83e-14	3.06e-14	1.43e-09	2.91e-09	3.30e-42
 2.72921e+15	9.32e-14	5.44e-09	2.90e-05	5.43e-03	9.95e-01	1.43e-05	0.00e+00	8.09e-15	2.43e-14	4.05e-14	1.79e-09	3.64e-09	8.05e-42
 2.82980e+15	1.14e-13	6.53e-09	3.35e-05	5.88e-03	9.94e-01	1.33e-05	0.00e+00	9.95e-15	2.98e-14	4.98e-14	2.15e-09	4.37e-09	1.63e-41
 2.92080e+15	1.41e-13	7.79e-09	3.79e-05	6.31e-03	9.94e-01	1.25e-05	0.00e+00	1.23e-14	3.68e-14	6.14e-14	2.57e-09	5.22e-09	3.26e-41
 3.02182e+15	1.76e-13	9.41e-09	4.34e-05	6.80e-03	9.93e-01	1.16e-05	0.00e+00	1.54e-14	4.61e-14	7.69e-14	3.11e-09	6.30e-09	6.78e-41
 3.14052e+15	2.34e-13	1.19e-08	5.07e-05	7.41e-03	9.93e-01	1.07e-05	0.00e+00	2.04e-14	6.13e-14	1.02e-13	3.92e-09	7.95e-09	1.69e-40
 3.25762e+15	2.98e-13	1.46e-08	5.87e-05	8.03e-03	9.92e-01	1.00e-05	0.00e+00	2.60e-14	7.81e-14	1.30e-13	4.82e-09	9.78e-09	3.71e-40
 3.36705e+15	3.71e-13	1.76e-08	6.69e-05	8.63e-03	9.91e-01	9.38e-06	0.00e+00	3.24e-14	9.73e-14	1.62e-13	5.81e-09	1.18e-08	7.37e-40
 3.48942e+15	4.67e-13	2.15e-08	7.72e-05	9.33e-03	9.91e-01	8.76e-06	0.00e+00	4.09e-14	1.23e-13	2.05e-13	7.09e-09	1.44e-08	1.56e-39
 3.62903e+15	6.11e-13	2.69e-08	9.04e-05	1.02e-02	9.90e-01	8.14e-06	0.00e+00	5.36e-14	1.61e-13	2.68e-13	8.91e-09	1.80e-08	3.69e-39
 3.76678e+15	7.82e-13	3.33e-08	1.05e-04	1.10e-02	9.89e-01	7.60e-06	0.00e+00	6.86e-14	2.06e-13	3.43e-13	1.10e-08	2.23e-08	8.18e-39
 3.87928e+15	9.51e-13	3.95e-08	1.18e-04	1.18e-02	9.88e-01	7.21e-06	0.00e+00	8.36e-14	2.51e-13	4.18e-13	1.31e-08	2.64e-08	1.53e-38
 3.96696e+15	1.10e-12	4.49e-08	1.29e-04	1.24e-02	9.88e-01	6.94e-06	0.00e+00	9.71e-14	2.91e-13	4.86e-13	1.48e-08	3.00e-08	2.47e-38
 4.06301e+15	1.30e-12	5.15e-08	1.42e-04	1.30e-02	9.87e-01	6.65e-06	0.00e+00	1.14e-13	3.42e-13	5.71e-13	1.70e-08	3.45e-08	4.10e-38
 4.18787e+15	1.56e-12	6.03e-08	1.61e-04	1.39e-02	9.86e-01	6.31e-06	0.00e+00	1.37e-13	4.12e-13	6.87e-13	2.00e-08	4.04e-08	7.27e-38
 4.32348e+15	1.98e-12	7.38e-08	1.83e-04	1.49e-02	9.85e-01	5.99e-06	0.00e+00	1.74e-13	5.22e-13	8.71e-13	2.44e-08	4.94e-08	1.54e-37
 4.44519e+15	2.36e-12	8.64e-08	2.04e-04	1.58e-02	9.84e-01	5.73e-06	0.00e+00	2.08e-13	6.25e-13	1.04e-12	2.86e-08	5.78e-08	2.70e-37
 4.57556e+15	2.84e-12	1.01e-07	2.29e-04	1.68e-02	9.83e-01	5.47e-06	0.00e+00	2.51e-13	7.52e-13	1.26e-12	3.34e-08	6.76e-08	4.72e-37
 4.74225e+15	3.69e-12	1.26e-07	2.65e-04	1.82e-02	9.82e-01	5.18e-06	0.00e+00	3.26e-13	9.78e-13	1.63e-12	4.19e-08	8.46e-08	1.06e-36
 4.91086e+15	4.63e-12	1.55e-07	3.06e-04	1.96e-02	9.80e-01	4.92e-06	0.00e+00	4.10e-13	1.23e-12	2.05e-12	5.12e-08	1.03e-07	2.11e-36
 5.05149e+15	5.56e-12	1.80e-07	3.43e-04	2.09e-02	9.79e-01	4.73e-06	0.00e+00	4.92e-13	1.48e-12	2.46e-12	5.98e-08	1.21e-07	3.62e-36
 5.20104e+15	6.76e-12	2.14e-07	3.86e-04	2.22e-02	9.77e-01	4.54e-06	0.00e+00	5.99e-13	1.80e-12	3.00e-12	7.09e-08	1.43e-07	6.58e-36
 5.39129e+15	8.82e-12	2.69e-07	4.47e-04	2.41e-02	9.75e-01	4.32e-06	0.00e+00	7.82e-13	2.35e-12	3.91e-12	8.92e-08	1.80e-07	1.49e-35
 5.58638e+15	1.13e-11	3.32e-07	5.18e-04	2.60e-02	9.74e-01	4.14e-06	0.00e+00	9.98e-13	3.00e-12	5.00e-12	1.10e-07	2.22e-07	3.04e-35
 5.75500e+15	1.38e-11	3.97e-07	5.85e-04	2.77e-02	9.72e-01	3.99e-06	0.00e+00	1.22e-12	3.67e-12	6.13e-12	1.31e-07	2.65e-07	5.56e-35
 5.93729e+15	1.72e-11	4.78e-07	6.65e-04	2.97e-02	9.70e-01	3.85e-06	0.00e+00	1.52e-12	4.57e-12	7.63e-12	1.58e-07	3.20e-07	1.05e-34
 6.16114e+15	2.18e-11	5.84e-07	7.75e-04	3.21e-02	9.67e-01	3.69e-06	0.00e+00	1.94e-12	5.81e-12	9.68e-12	1.94e-07	3.91e-07	1.97e-34
 6.38438e+15	2.84e-11	7.39e-07	8.99e-04	3.48e-02	9.64e-01	3.56e-06	0.00e+00	2.53e-12	7.58e-12	1.26e-11	2.45e-07	4.94e-07	4.44e-34
 6.57892e+15	3.51e-11	8.86e-07	1.02e-03	3.71e-02	9.62e-01	3.46e-06	0.00e+00	3.12e-12	9.36e-12	1.56e-11	2.94e-07	5.92e-07	8.02e-34
 6.79080e+15	4.36e-11	1.07e-06	1.16e-03	3.98e-02	9.59e-01	3.36e-06	0.00e+00	3.88e-12	1.16e-11	1.94e-11	3.55e-07	7.14e-07	1.46e-33
 7.04879e+15	5.61e-11	1.32e-06	1.36e-03	4.32e-02	9.55e-01	3.24e-06	0.00e+00	5.00e-12	1.50e-11	2.50e-11	4.38e-07	8.82e-07	2.85e-33
 7.29926e+15	7.30e-11	1.67e-06	1.58e-03	4.68e-02	9.52e-01	3.16e-06	0.00e+00	6.51e-12	1.95e-11	3.26e-11	5.54e-07	1.12e-06	6.21e-33
 7.50618e+15	8.92e-11	1.98e-06	1.78e-03	4.97e-02	9.49e-01	3.10e-06	0.00e+00	7.97e-12	2.39e-11	3.99e-11	6.58e-07	1.32e-06	1.07e-32
 7.72393e+15	1.10e-10	2.37e-06	2.02e-03	5.30e-02	9.45e-01	3.03e-06	0.00e+00	9.80e-12	2.94e-11	4.90e-11	7.86e-07	1.58e-06	1.86e-32
 8.00396e+15	1.41e-10	2.89e-06	2.35e-03	5.74e-02	9.40e-01	2.95e-06	0.00e+00	1.26e-11	3.77e-11	6.29e-11	9.61e-07	1.93e-06	3.39e-32
 8.27373e+15	1.82e-10	3.64e-06	2.72e-03	6.20e-02	9.35e-01	2.90e-06	0.00e+00	1.63e-11	4.89e-11	8.16e-11	1.21e-06	2.43e-06	7.08e-32
 8.46491e+15	2.13e-10	4.19e-06	3.01e-03	6.53e-02	9.32e-01	2.86e-06	0.00e+00	1.91e-11	5.72e-11	9.54e-11	1.39e-06	2.80e-06	1.07e-31
 8.64516e+15	2.50e-10	4.80e-06	3.31e-03	6.86e-02	9.28e-01	2.82e-06	0.00e+00	2.24e-11	6.73e-11	1.12e-10	1.59e-06	3.21e-06	1.62e-31
 8.87948e+15	3.06e-10	5.68e-06	3.73e-03	7.29e-02	9.23e-01	2.78e-06	0.00e+00	2.75e-11	8.24e-11	1.37e-10	1.89e-06	3.79e-06	2.68e-31
 9.13752e+15	3.81e-10	6.86e-06	4.25e-03	7.81e-02	9.18e-01	2.74e-06	0.00e+00	3.42e-11	1.03e-10	1.71e-10	2.28e-06	4.58e-06	4.76e-31
 9.37401e+15	4.62e-10	8.07e-06	4.78e-03	8.29e-02	9.12e-01	2.70e-06	0.00e+00	4.16e-11	1.25e-10	2.08e-10	2.68e-06	5.39e-06	7.50e-31
 9.62908e+15	5.67e-10	9.51e-06	5.41e-03	8.83e-02	9.06e-01	2.67e-06	0.00e+00	5.10e-11	1.53e-10	2.55e-10	3.16e-06	6.35e-06	1.20e-30
 9.91457e+15	7.27e-10	1.18e-05	6.22e-03	9.50e-02	8.99e-01	2.65e-06	0.00e+00	6.54e-11	1.96e-10	3.27e-10	3.92e-06	7.87e-06	2.32e-30
 1.01718e+16	8.85e-10	1.39e-05	7.03e-03	1.01e-01	8.92e-01	2.61e-06	0.00e+00	7.97e-11	2.39e-10	3.99e-10	4.62e-06	9.29e-06	3.65e-30
 1.04014e+16	1.06e-09	1.60e-05	7.83e-03	1.07e-01	8.85e-01	2.59e-06	0.00e+00	9.52e-11	2.86e-10	4.76e-10	5.33e-06	1.07e-05	5.39e-30
 1.06630e+16	1.30e-09	1.90e-05	8.86e-03	1.14e-01	8.77e-01	2.56e-06	0.00e+00	1.17e-10	3.51e-10	5.85e-10	6.32e-06	1.27e-05	8.71e-30
 1.09553e+16	1.67e-09	2.36e-05	1.02e-02	1.22e-01	8.68e-01	2.55e-06	0.00e+00	1.50e-10	4.51e-10	7.52e-10	7.84e-06	1.57e-05	1.66e-29
 1.12257e+16	2.05e-09	2.80e-05	1.15e-02	1.30e-01	8.58e-01	2.53e-06	0.00e+00	1.85e-10	5.55e-10	9.25e-10	9.33e-06	1.87e-05	2.66e-29
 1.14770e+16	2.49e-09	3.29e-05	1.30e-02	1.38e-01	8.49e-01	2.52e-06	0.00e+00	2.26e-10	6.76e-10	1.13e-09	1.09e-05	2.19e-05	4.07e-29
 1.17651e+16	3.10e-09	3.90e-05	1.48e-02	1.47e-01	8.38e-01	2.50e-06	0.00e+00	2.81e-10	8.42e-10	1.40e-09	1.30e-05	2.60e-05	6.44e-29
 1.20708e+16	3.99e-09	4.87e-05	1.71e-02	1.58e-01	8.25e-01	2.49e-06	0.00e+00	3.62e-10	1.09e-09	1.81e-09	1.62e-05	3.25e-05	1.22e-28
 1.23284e+16	4.89e-09	5.74e-05	1.93e-02	1.68e-01	8.13e-01	2.49e-06	0.00e+00	4.44e-10	1.33e-09	2.22e-09	1.91e-05	3.83e-05	1.90e-28
 1.25922e+16	6.08e-09	6.81e-05	2.19e-02	1.78e-01	8.00e-01	2.48e-06	0.00e+00	5.51e-10	1.65e-09	2.76e-09	2.27e-05	4.54e-05	2.98e-28
 1.28836e+16	7.57e-09	8.09e-05	2.50e-02	1.90e-01	7.85e-01	2.47e-06	0.00e+00	6.88e-10	2.06e-09	3.44e-09	2.69e-05	5.40e-05	4.65e-28
 1.31485e+16	9.62e-09	9.92e-05	2.85e-02	2.03e-01	7.69e-01	2.49e-06	0.00e+00	8.75e-10	2.63e-09	4.38e-09	3.30e-05	6.62e-05	8.42e-28
 1.33790e+16	1.16e-08	1.16e-04	3.18e-02	2.14e-01	7.54e-01	2.49e-06	0.00e+00	1.06e-09	3.16e-09	5.27e-09	3.85e-05	7.71e-05	1.26e-27
 1.36272e+16	1.44e-08	1.37e-04	3.60e-02	2.26e-01	7.38e-01	2.49e-06	0.00e+00	1.31e-09	3.93e-09	6.55e-09	4.55e-05	9.11e-05	1.95e-27
 1.39010e+16	1.84e-08	1.67e-04	4.14e-02	2.41e-01	7.17e-01	2.51e-06	0.00e+00	1.68e-09	5.04e-09	8.40e-09	5.56e-05	1.11e-04	3.46e-27
 1.41446e+16	2.26e-08	1.96e-04	4.67e-02	2.55e-01	6.98e-01	2.52e-06	0.00e+00	2.06e-09	6.18e-09	1.03e-08	6.53e-05	1.31e-04	5.16e-27
 1.43611e+16	2.71e-08	2.25e-04	5.21e-02	2.68e-01	6.80e-01	2.52e-06	0.00e+00	2.47e-09	7.42e-09	1.24e-08	7.50e-05	1.50e-04	7.40e-27
 1.46059e+16	3.53e-08	2.80e-04	5.97e-02	2.85e-01	6.55e-01	2.56e-06	0.00e+00	3.22e-09	9.67e-09	1.61e-08	9.32e-05	1.87e-04	1.42e-26
 1.48562e+16	4.34e-08	3.25e-04	6.79e-02	3.01e-01	6.31e-01	2.56e-06	6.87e-12	3.97e-09	1.19e-08	1.98e-08	1.08e-04	2.17e-04	2.02e-26
 1.50682e+16	5.52e-08	3.98e-04	7.67e-02	3.17e-01	6.06e-01	2.63e-06	0.00e+00	5.05e-09	1.52e-08	2.53e-08	1.33e-04	2.65e-04	3.74e-26
 1.52560e+16	6.62e-08	4.61e-04	8.52e-02	3.31e-01	5.84e-01	2.65e-06	8.07e-12	6.07e-09	1.82e-08	3.03e-08	1.54e-04	3.07e-04	5.60e-26
 1.54267e+16	7.92e-08	5.30e-04	9.40e-02	3.44e-01	5.61e-01	2.68e-06	0.00e+00	7.27e-09	2.18e-08	3.63e-08	1.77e-04	3.54e-04	8.35e-26
 1.55925e+16	9.48e-08	6.10e-04	1.04e-01	3.58e-01	5.38e-01	2.72e-06	9.27e-12	8.70e-09	2.61e-08	4.35e-08	2.03e-04	4.07e-04	1.25e-25
 1.57829e+16	1.17e-07	7.13e-04	1.16e-01	3.73e-01	5.10e-01	2.74e-06	0.00e+00	1.07e-08	3.22e-08	5.37e-08	2.38e-04	4.76e-04	1.94e-25
 1.59879e+16	1.50e-07	8.65e-04	1.32e-01	3.91e-01	4.76e-01	2.80e-06	1.13e-11	1.38e-08	4.13e-08	6.87e-08	2.88e-04	5.77e-04	3.56e-25
 1.61591e+16	1.78e-07	9.71e-04	1.45e-01	4.05e-01	4.48e-01	2.82e-06	0.00e+00	1.64e-08	4.92e-08	8.19e-08	3.24e-04	6.48e-04	4.76e-25
 1.63065e+16	2.12e-07	1.12e-03	1.59e-01	4.19e-01	4.21e-01	2.85e-06	0.00e+00	1.95e-08	5.85e-08	9.75e-08	3.72e-04	7.44e-04	7.28e-25
 1.64532e+16	2.62e-07	1.32e-03	1.75e-01	4.32e-01	3.91e-01	2.92e-06	0.00e+00	2.41e-08	7.23e-08	1.20e-07	4.39e-04	8.78e-04	1.27e-24
