#depth	O	O+	O+2	O+3	O+4	O+5	O+6	O+7	O+8	O[1]	O[2]	O[3]
 1.49634e+10	0.00e+00	2.45e-45	8.39e-35	2.70e-25	1.28e-16	8.15e-09	1.00e+00	1.22e-06	0.00e+00	0.00e+00	0.00e+00	0.00e+00
 4.54887e+10	0.00e+00	0.00e+00	1.15e-34	3.42e-25	1.50e-16	8.82e-09	1.00e+00	1.13e-06	2.40e-16	0.00e+00	0.00e+00	0.00e+00
 7.72350e+10	0.00e+00	5.41e-45	1.58e-34	4.34e-25	1.75e-16	9.56e-09	1.00e+00	1.04e-06	0.00e+00	0.00e+00	0.00e+00	0.00e+00
 1.10251e+11	0.00e+00	0.00e+00	2.17e-34	5.51e-25	2.06e-16	1.03e-08	1.00e+00	9.60e-07	0.00e+00	0.00e+00	0.00e+00	0.00e+00
 1.44588e+11	0.00e+00	1.19e-44	2.98e-34	6.99e-25	2.41e-16	1.12e-08	1.00e+00	0.00e+00	0.00e+00	0.00e+00	0.00e+00	0.00e+00
 1.80298e+11	0.00e+00	0.00e+00	4.10e-34	8.88e-25	2.83e-16	1.21e-08	1.00e+00	0.00e+00	0.00e+00	0.00e+00	0.00e+00	0.00e+00
 2.14987e+11	0.00e+00	2.57e-44	5.52e-34	1.11e-24	3.28e-16	1.31e-08	1.00e+00	0.00e+00	0.00e+00	0.00e+00	0.00e+00	0.00e+00
 2.46982e+11	0.00e+00	0.00e+00	7.19e-34	1.35e-24	3.75e-16	1.40e-08	1.00e+00	0.00e+00	0.00e+00	0.00e+00	0.00e+00	0.00e+00
 2.82661e+11	0.00e+00	5.13e-44	9.57e-34	1.68e-24	4.33e-16	1.50e-08	1.00e+00	0.00e+00	0.00e+00	0.00e+00	0.00e+00	0.00e+00
 3.23847e+11	0.00e+00	0.00e+00	1.32e-33	2.13e-24	5.09e-16	1.63e-08	1.00e+00	0.00e+00	0.00e+00	0.00e+00	0.00e+00	0.00e+00
 3.64442e+11	0.00e+00	1.11e-43	1.78e-33	2.68e-24	5.92e-16	1.76e-08	1.00e+00	0.00e+00	0.00e+00	0.00e+00	0.00e+00	0.00e+00
 4.06660e+11	0.00e+00	0.00e+00	2.41e-33	3.37e-24	6.90e-16	1.90e-08	1.00e+00	0.00e+00	0.00e+00	0.00e+00	0.00e+00	0.00e+00
 4.52853e+11	0.00e+00	2.42e-43	3.32e-33	4.28e-24	8.11e-16	2.06e-08	1.00e+00	0.00e+00	0.00e+00	0.00e+00	0.00e+00	0.00e+00
 4.99716e+11	0.00e+00	0.00e+00	4.53e-33	5.41e-24	9.49e-16	2.23e-08	1.00e+00	0.00e+00	0.00e+00	0.00e+00	0.00e+00	0.00e+00
 5.48452e+11	0.00e+00	5.29e-43	6.20e-33	6.85e-24	1.11e-15	2.41e-08	1.00e+00	0.00e+00	0.00e+00	0.00e+00	0.00e+00	0.00e+00
 6.00317e+11	0.00e+00	0.00e+00	8.55e-33	8.73e-24	1.31e-15	2.62e-08	1.00e+00	0.00e+00	0.00e+00	0.00e+00	0.00e+00	0.00e+00
 6.54257e+11	0.00e+00	1.18e-42	1.18e-32	1.11e-23	1.54e-15	2.84e-08	1.00e+00	0.00e+00	0.00e+00	0.00e+00	0.00e+00	0.00e+00
 7.10354e+11	0.00e+00	0.00e+00	1.63e-32	1.42e-23	1.81e-15	3.08e-08	1.00e+00	0.00e+00	0.00e+00	0.00e+00	0.00e+00	0.00e+00
 7.68695e+11	0.00e+00	2.64e-42	2.24e-32	1.81e-23	2.13e-15	3.34e-08	1.00e+00	0.00e+00	0.00e+00	0.00e+00	0.00e+00	0.00e+00
 8.29369e+11	0.00e+00	0.00e+00	3.10e-32	2.30e-23	2.51e-15	3.63e-08	1.00e+00	0.00e+00	0.00e+00	0.00e+00	0.00e+00	0.00e+00
 8.92471e+11	0.00e+00	5.91e-42	4.28e-32	2.94e-23	2.95e-15	3.94e-08	1.00e+00	0.00e+00	0.00e+00	0.00e+00	0.00e+00	0.00e+00
 9.58096e+11	0.00e+00	0.00e+00	5.92e-32	3.76e-23	3.48e-15	4.28e-08	1.00e+00	0.00e+00	0.00e+00	0.00e+00	0.00e+00	0.00e+00
 1.01993e+12	0.00e+00	1.28e-41	7.95e-32	4.69e-23	4.04e-15	4.62e-08	1.00e+00	0.00e+00	0.00e+00	0.00e+00	0.00e+00	0.00e+00
 1.07544e+12	0.00e+00	0.00e+00	1.03e-31	5.69e-23	4.60e-15	4.93e-08	1.00e+00	0.00e+00	0.00e+00	0.00e+00	0.00e+00	0.00e+00
 1.13785e+12	0.00e+00	2.50e-41	1.36e-31	7.03e-23	5.31e-15	5.29e-08	1.00e+00	0.00e+00	0.00e+00	0.00e+00	0.00e+00	0.00e+00
 1.21155e+12	0.00e+00	0.00e+00	1.87e-31	8.94e-23	6.24e-15	5.75e-08	1.00e+00	0.00e+00	0.00e+00	0.00e+00	0.00e+00	0.00e+00
 1.28549e+12	0.00e+00	5.46e-41	2.54e-31	1.13e-22	7.31e-15	6.22e-08	1.00e+00	0.00e+00	0.00e+00	0.00e+00	0.00e+00	0.00e+00
 1.35519e+12	0.00e+00	0.00e+00	3.37e-31	1.40e-22	8.44e-15	6.69e-08	1.00e+00	0.00e+00	0.00e+00	0.00e+00	0.00e+00	0.00e+00
 1.43212e+12	0.00e+00	1.13e-40	4.55e-31	1.75e-22	9.84e-15	7.23e-08	1.00e+00	0.00e+00	0.00e+00	0.00e+00	0.00e+00	0.00e+00
 1.51933e+12	0.00e+00	0.00e+00	6.31e-31	2.25e-22	1.16e-14	7.87e-08	1.00e+00	0.00e+00	0.00e+00	0.00e+00	0.00e+00	0.00e+00
 1.60677e+12	0.00e+00	2.52e-40	8.67e-31	2.86e-22	1.37e-14	8.55e-08	1.00e+00	0.00e+00	0.00e+00	0.00e+00	0.00e+00	0.00e+00
 1.69770e+12	0.00e+00	0.00e+00	1.19e-30	3.64e-22	1.61e-14	9.28e-08	1.00e+00	0.00e+00	0.00e+00	0.00e+00	0.00e+00	0.00e+00
 1.79554e+12	0.00e+00	5.65e-40	1.66e-30	4.68e-22	1.91e-14	1.01e-07	1.00e+00	0.00e+00	0.00e+00	0.00e+00	0.00e+00	0.00e+00
 1.88737e+12	0.00e+00	0.00e+00	2.24e-30	5.87e-22	2.23e-14	1.09e-07	1.00e+00	0.00e+00	0.00e+00	0.00e+00	0.00e+00	0.00e+00
 1.96947e+12	0.00e+00	1.13e-39	2.90e-30	7.15e-22	2.55e-14	1.17e-07	1.00e+00	0.00e+00	0.00e+00	0.00e+00	0.00e+00	0.00e+00
 2.06182e+12	0.00e+00	0.00e+00	3.85e-30	8.87e-22	2.96e-14	1.26e-07	1.00e+00	0.00e+00	0.00e+00	0.00e+00	0.00e+00	0.00e+00
 2.17127e+12	0.00e+00	2.41e-39	5.31e-30	1.13e-21	3.50e-14	1.37e-07	1.00e+00	0.00e+00	0.00e+00	0.00e+00	0.00e+00	0.00e+00
 2.28110e+12	0.00e+00	0.00e+00	7.27e-30	1.44e-21	4.12e-14	1.49e-07	1.00e+00	0.00e+00	0.00e+00	0.00e+00	0.00e+00	0.00e+00
 2.38403e+12	0.00e+00	5.06e-39	9.67e-30	1.79e-21	4.78e-14	1.61e-07	1.00e+00	0.00e+00	0.00e+00	0.00e+00	0.00e+00	0.00e+00
 2.49802e+12	0.00e+00	0.00e+00	1.31e-29	2.26e-21	5.60e-14	1.75e-07	1.00e+00	0.00e+00	0.00e+00	0.00e+00	0.00e+00	0.00e+00
 2.62787e+12	0.00e+00	1.12e-38	1.83e-29	2.91e-21	6.67e-14	1.91e-07	1.00e+00	0.00e+00	0.00e+00	0.00e+00	0.00e+00	0.00e+00
 2.75568e+12	0.00e+00	0.00e+00	2.51e-29	3.71e-21	7.88e-14	2.08e-07	1.00e+00	0.00e+00	0.00e+00	0.00e+00	0.00e+00	0.00e+00
 2.88860e+12	0.00e+00	2.46e-38	3.45e-29	4.74e-21	9.32e-14	2.27e-07	1.00e+00	0.00e+00	0.00e+00	0.00e+00	0.00e+00	0.00e+00
 3.03407e+12	0.00e+00	0.00e+00	4.83e-29	6.13e-21	1.11e-13	2.49e-07	1.00e+00	0.00e+00	0.00e+00	0.00e+00	0.00e+00	0.00e+00
 3.18024e+12	0.00e+00	5.56e-38	6.67e-29	7.86e-21	1.32e-13	2.72e-07	1.00e+00	0.00e+00	0.00e+00	0.00e+00	0.00e+00	0.00e+00
 3.33226e+12	0.00e+00	0.00e+00	9.23e-29	1.01e-20	1.57e-13	2.97e-07	1.00e+00	0.00e+00	0.00e+00	0.00e+00	0.00e+00	0.00e+00
 3.49548e+12	0.00e+00	1.26e-37	1.29e-28	1.31e-20	1.88e-13	3.26e-07	1.00e+00	0.00e+00	0.00e+00	0.00e+00	0.00e+00	0.00e+00
 3.65737e+12	0.00e+00	0.00e+00	1.78e-28	1.67e-20	2.24e-13	3.56e-07	1.00e+00	0.00e+00	0.00e+00	0.00e+00	0.00e+00	0.00e+00
 3.82574e+12	0.00e+00	2.76e-37	2.45e-28	2.14e-20	2.66e-13	3.90e-07	1.00e+00	0.00e+00	0.00e+00	0.00e+00	0.00e+00	0.00e+00
 4.00869e+12	0.00e+00	0.00e+00	3.42e-28	2.78e-20	3.19e-13	4.29e-07	1.00e+00	0.00e+00	0.00e+00	0.00e+00	0.00e+00	0.00e+00
 4.19897e+12	0.00e+00	6.29e-37	4.78e-28	3.60e-20	3.83e-13	4.71e-07	1.00e+00	0.00e+00	0.00e+00	0.00e+00	0.00e+00	0.00e+00
 4.39685e+12	0.00e+00	0.00e+00	6.67e-28	4.66e-20	4.60e-13	5.19e-07	1.00e+00	0.00e+00	0.00e+00	0.00e+00	0.00e+00	0.00e+00
 4.60265e+12	0.00e+00	1.42e-36	9.29e-28	6.04e-20	5.52e-13	5.71e-07	1.00e+00	0.00e+00	0.00e+00	0.00e+00	0.00e+00	0.00e+00
 4.78832e+12	5.96e-46	2.02e-36	1.24e-27	7.57e-20	6.48e-13	6.22e-07	1.00e+00	0.00e+00	0.00e+00	0.00e+00	0.00e+00	0.00e+00
 4.94225e+12	0.00e+00	0.00e+00	1.56e-27	9.06e-20	7.37e-13	6.65e-07	1.00e+00	0.00e+00	0.00e+00	0.00e+00	0.00e+00	0.00e+00
 5.11054e+12	0.00e+00	3.61e-36	1.99e-27	1.10e-19	8.46e-13	7.15e-07	1.00e+00	0.00e+00	0.00e+00	0.00e+00	0.00e+00	0.00e+00
 5.32474e+12	1.84e-45	5.19e-36	2.69e-27	1.39e-19	1.00e-12	7.83e-07	1.00e+00	0.00e+00	0.00e+00	0.00e+00	0.00e+00	0.00e+00
 5.54868e+12	0.00e+00	0.00e+00	3.63e-27	1.76e-19	1.19e-12	8.57e-07	1.00e+00	0.00e+00	0.00e+00	0.00e+00	0.00e+00	0.00e+00
 5.74609e+12	0.00e+00	1.02e-35	4.69e-27	2.16e-19	1.37e-12	9.27e-07	1.00e+00	0.00e+00	0.00e+00	0.00e+00	0.00e+00	0.00e+00
 5.92865e+12	5.71e-45	1.34e-35	5.89e-27	2.58e-19	1.57e-12	9.94e-07	1.00e+00	0.00e+00	0.00e+00	0.00e+00	0.00e+00	0.00e+00
 6.13569e+12	0.00e+00	0.00e+00	7.57e-27	3.15e-19	1.81e-12	1.07e-06	1.00e+00	0.00e+00	0.00e+00	0.00e+00	0.00e+00	0.00e+00
 6.39273e+12	0.00e+00	2.60e-35	1.02e-26	3.99e-19	2.15e-12	1.18e-06	1.00e+00	0.00e+00	0.00e+00	0.00e+00	0.00e+00	0.00e+00
 6.64956e+12	1.88e-44	3.67e-35	1.36e-26	5.01e-19	2.53e-12	1.29e-06	1.00e+00	0.00e+00	0.00e+00	0.00e+00	0.00e+00	0.00e+00
 6.86936e+12	0.00e+00	4.87e-35	1.72e-26	6.05e-19	2.90e-12	1.39e-06	1.00e+00	0.00e+00	0.00e+00	0.00e+00	0.00e+00	0.00e+00
 7.10621e+12	3.72e-44	6.52e-35	2.19e-26	7.35e-19	3.35e-12	1.50e-06	1.00e+00	0.00e+00	0.00e+00	0.00e+00	0.00e+00	0.00e+00
 7.39986e+12	0.00e+00	9.23e-35	2.93e-26	9.28e-19	3.97e-12	1.65e-06	1.00e+00	0.00e+00	0.00e+00	0.00e+00	0.00e+00	0.00e+00
 7.70187e+12	8.39e-44	1.30e-34	3.90e-26	1.17e-18	4.70e-12	1.81e-06	1.00e+00	0.00e+00	0.00e+00	0.00e+00	0.00e+00	0.00e+00
 7.97442e+12	0.00e+00	1.75e-34	4.99e-26	1.43e-18	5.44e-12	1.96e-06	1.00e+00	0.00e+00	0.00e+00	0.00e+00	0.00e+00	0.00e+00
 8.27408e+12	1.72e-43	2.39e-34	6.49e-26	1.76e-18	6.34e-12	2.13e-06	1.00e+00	0.00e+00	0.00e+00	0.00e+00	0.00e+00	0.00e+00
 8.62729e+12	0.00e+00	3.39e-34	8.72e-26	2.24e-18	7.56e-12	2.34e-06	1.00e+00	0.00e+00	0.00e+00	0.00e+00	0.00e+00	0.00e+00
 8.98056e+12	3.85e-43	4.75e-34	1.16e-25	2.81e-18	8.93e-12	2.57e-06	1.00e+00	0.00e+00	0.00e+00	0.00e+00	0.00e+00	0.00e+00
 9.31605e+12	0.00e+00	6.44e-34	1.50e-25	3.47e-18	1.04e-11	2.80e-06	1.00e+00	0.00e+00	0.00e+00	0.00e+00	0.00e+00	0.00e+00
 9.68671e+12	8.07e-43	8.91e-34	1.97e-25	4.33e-18	1.22e-11	3.06e-06	1.00e+00	0.00e+00	0.00e+00	0.00e+00	0.00e+00	0.00e+00
 1.01041e+13	0.00e+00	1.26e-33	2.65e-25	5.50e-18	1.46e-11	3.37e-06	1.00e+00	0.00e+00	0.00e+00	0.00e+00	0.00e+00	0.00e+00
 1.05213e+13	1.79e-42	1.76e-33	3.51e-25	6.92e-18	1.72e-11	3.70e-06	1.00e+00	0.00e+00	0.00e+00	0.00e+00	0.00e+00	0.00e+00
 1.08906e+13	0.00e+00	2.34e-33	4.47e-25	8.41e-18	1.98e-11	4.01e-06	1.00e+00	0.00e+00	0.00e+00	0.00e+00	0.00e+00	0.00e+00
 1.12004e+13	3.27e-42	2.95e-33	5.43e-25	9.86e-18	2.23e-11	4.28e-06	1.00e+00	0.00e+00	0.00e+00	0.00e+00	0.00e+00	0.00e+00
 1.15338e+13	0.00e+00	3.75e-33	6.66e-25	1.16e-17	2.51e-11	4.57e-06	1.00e+00	0.00e+00	0.00e+00	0.00e+00	0.00e+00	0.00e+00
 1.19672e+13	6.15e-42	5.08e-33	8.61e-25	1.43e-17	2.92e-11	4.97e-06	1.00e+00	0.00e+00	0.00e+00	0.00e+00	0.00e+00	0.00e+00
 1.24206e+13	0.00e+00	6.87e-33	1.11e-24	1.77e-17	3.39e-11	5.42e-06	1.00e+00	0.00e+00	0.00e+00	0.00e+00	0.00e+00	0.00e+00
 1.28076e+13	1.17e-41	8.83e-33	1.38e-24	2.10e-17	3.85e-11	5.81e-06	1.00e+00	0.00e+00	0.00e+00	0.00e+00	0.00e+00	0.00e+00
 1.32180e+13	0.00e+00	1.14e-32	1.72e-24	2.51e-17	4.37e-11	6.24e-06	1.00e+00	0.00e+00	0.00e+00	0.00e+00	0.00e+00	0.00e+00
 1.37339e+13	2.27e-41	1.56e-32	2.24e-24	3.12e-17	5.10e-11	6.81e-06	1.00e+00	0.00e+00	0.00e+00	0.00e+00	0.00e+00	0.00e+00
 1.42651e+13	0.00e+00	2.13e-32	2.91e-24	3.87e-17	5.95e-11	7.42e-06	1.00e+00	0.00e+00	0.00e+00	0.00e+00	0.00e+00	0.00e+00
 1.47333e+13	4.41e-41	2.77e-32	3.65e-24	4.65e-17	6.77e-11	7.99e-06	1.00e+00	0.00e+00	0.00e+00	0.00e+00	0.00e+00	0.00e+00
 1.52416e+13	0.00e+00	3.65e-32	4.62e-24	5.63e-17	7.76e-11	8.62e-06	1.00e+00	0.00e+00	0.00e+00	0.00e+00	0.00e+00	0.00e+00
 1.58027e+13	8.55e-41	4.90e-32	5.94e-24	6.91e-17	8.98e-11	9.36e-06	1.00e+00	0.00e+00	0.00e+00	0.00e+00	0.00e+00	0.00e+00
 1.63201e+13	0.00e+00	6.38e-32	7.43e-24	8.29e-17	1.02e-10	1.01e-05	1.00e+00	0.00e+00	0.00e+00	0.00e+00	0.00e+00	0.00e+00
 1.68800e+13	1.60e-40	8.41e-32	9.41e-24	1.00e-16	1.17e-10	1.09e-05	1.00e+00	0.00e+00	0.00e+00	0.00e+00	0.00e+00	0.00e+00
 1.75044e+13	0.00e+00	1.13e-31	1.21e-23	1.23e-16	1.35e-10	1.18e-05	1.00e+00	0.00e+00	0.00e+00	0.00e+00	0.00e+00	0.00e+00
 1.80891e+13	3.07e-40	1.48e-31	1.53e-23	1.49e-16	1.54e-10	1.27e-05	1.00e+00	0.00e+00	0.00e+00	0.00e+00	0.00e+00	0.00e+00
 1.87258e+13	0.00e+00	1.97e-31	1.95e-23	1.81e-16	1.77e-10	1.37e-05	1.00e+00	0.00e+00	0.00e+00	0.00e+00	0.00e+00	0.00e+00
 1.94333e+13	6.06e-40	2.67e-31	2.53e-23	2.24e-16	2.05e-10	1.49e-05	1.00e+00	0.00e+00	0.00e+00	0.00e+00	0.00e+00	0.00e+00
 2.00939e+13	0.00e+00	3.53e-31	3.20e-23	2.70e-16	2.34e-10	1.60e-05	1.00e+00	0.00e+00	0.00e+00	0.00e+00	0.00e+00	0.00e+00
 2.08136e+13	1.17e-39	4.73e-31	4.10e-23	3.31e-16	2.69e-10	1.74e-05	1.00e+00	0.00e+00	0.00e+00	0.00e+00	0.00e+00	0.00e+00
 2.16182e+13	0.00e+00	6.47e-31	5.36e-23	4.11e-16	3.13e-10	1.89e-05	1.00e+00	0.00e+00	0.00e+00	0.00e+00	0.00e+00	0.00e+00
 2.23770e+13	2.35e-39	8.64e-31	6.85e-23	5.00e-16	3.58e-10	2.04e-05	1.00e+00	0.00e+00	0.00e+00	0.00e+00	0.00e+00	0.00e+00
 2.32071e+13	0.00e+00	1.18e-30	8.90e-23	6.16e-16	4.14e-10	2.21e-05	1.00e+00	0.00e+00	0.00e+00	0.00e+00	0.00e+00	0.00e+00
 2.41369e+13	4.89e-39	1.63e-30	1.18e-22	7.72e-16	4.83e-10	2.41e-05	1.00e+00	0.00e+00	0.00e+00	0.00e+00	0.00e+00	0.00e+00
 2.50181e+13	0.00e+00	2.21e-30	1.52e-22	9.49e-16	5.56e-10	2.61e-05	1.00e+00	0.00e+00	0.00e+00	0.00e+00	0.00e+00	0.00e+00
 2.59626e+13	1.00e-38	3.04e-30	1.99e-22	1.17e-15	6.44e-10	2.83e-05	1.00e+00	0.00e+00	0.00e+00	0.00e+00	0.00e+00	0.00e+00
 2.70310e+13	0.00e+00	4.29e-30	2.67e-22	1.48e-15	7.55e-10	3.09e-05	1.00e+00	0.00e+00	0.00e+00	0.00e+00	0.00e+00	0.00e+00
 2.80890e+13	2.19e-38	5.98e-30	3.52e-22	1.85e-15	8.78e-10	3.36e-05	1.00e+00	0.00e+00	0.00e+00	0.00e+00	0.00e+00	0.00e+00
 2.91893e+13	0.00e+00	8.35e-30	4.67e-22	2.31e-15	1.02e-09	3.65e-05	1.00e+00	0.00e+00	0.00e+00	0.00e+00	0.00e+00	0.00e+00
 3.03868e+13	4.82e-38	1.18e-29	6.26e-22	2.92e-15	1.20e-09	3.98e-05	1.00e+00	0.00e+00	0.00e+00	0.00e+00	0.00e+00	0.00e+00
 3.16322e+13	0.00e+00	1.70e-29	8.45e-22	3.68e-15	1.40e-09	4.33e-05	1.00e+00	0.00e+00	0.00e+00	0.00e+00	0.00e+00	0.00e+00
 3.28145e+13	1.06e-37	2.33e-29	1.11e-21	4.56e-15	1.62e-09	4.69e-05	1.00e+00	0.00e+00	0.00e+00	0.00e+00	0.00e+00	0.00e+00
 3.38743e+13	0.00e+00	3.10e-29	1.40e-21	5.48e-15	1.83e-09	5.02e-05	1.00e+00	0.00e+00	0.00e+00	0.00e+00	0.00e+00	0.00e+00
 3.48612e+13	1.99e-37	4.01e-29	1.73e-21	6.48e-15	2.05e-09	5.34e-05	1.00e+00	0.00e+00	0.00e+00	0.00e+00	0.00e+00	0.00e+00
 3.59524e+13	0.00e+00	5.30e-29	2.18e-21	7.76e-15	2.31e-09	5.70e-05	1.00e+00	0.00e+00	0.00e+00	0.00e+00	0.00e+00	0.00e+00
 3.71819e+13	3.95e-37	7.20e-29	2.81e-21	9.44e-15	2.64e-09	6.11e-05	1.00e+00	0.00e+00	0.00e+00	0.00e+00	0.00e+00	0.00e+00
 3.83591e+13	0.00e+00	9.54e-29	3.56e-21	1.13e-14	2.99e-09	6.53e-05	1.00e+00	0.00e+00	0.00e+00	0.00e+00	0.00e+00	0.00e+00
 3.96573e+13	7.83e-37	1.29e-28	4.57e-21	1.38e-14	3.40e-09	7.00e-05	1.00e+00	0.00e+00	0.00e+00	0.00e+00	0.00e+00	0.00e+00
 4.11016e+13	0.00e+00	1.80e-28	5.99e-21	1.70e-14	3.92e-09	7.55e-05	1.00e+00	0.00e+00	0.00e+00	0.00e+00	0.00e+00	0.00e+00
 4.24301e+13	1.62e-36	2.40e-28	7.63e-21	2.04e-14	4.44e-09	8.06e-05	1.00e+00	0.00e+00	0.00e+00	0.00e+00	0.00e+00	0.00e+00
 4.36638e+13	0.00e+00	3.14e-28	9.49e-21	2.42e-14	4.97e-09	8.56e-05	1.00e+00	0.00e+00	0.00e+00	0.00e+00	0.00e+00	0.00e+00
 4.50797e+13	3.15e-36	4.23e-28	1.21e-20	2.92e-14	5.63e-09	9.14e-05	1.00e+00	0.00e+00	0.00e+00	0.00e+00	0.00e+00	0.00e+00
 4.68126e+13	0.00e+00	6.04e-28	1.62e-20	3.64e-14	6.53e-09	9.87e-05	1.00e+00	0.00e+00	0.00e+00	0.00e+00	0.00e+00	0.00e+00
 4.85409e+13	7.11e-36	8.45e-28	2.14e-20	4.51e-14	7.54e-09	1.06e-04	1.00e+00	0.00e+00	0.00e+00	0.00e+00	0.00e+00	0.00e+00
 5.00436e+13	0.00e+00	1.13e-27	2.71e-20	5.39e-14	8.50e-09	1.13e-04	1.00e+00	0.00e+00	0.00e+00	0.00e+00	0.00e+00	0.00e+00
 5.16695e+13	1.44e-35	1.53e-27	3.47e-20	6.51e-14	9.64e-09	1.21e-04	1.00e+00	0.00e+00	0.00e+00	0.00e+00	0.00e+00	0.00e+00
 5.36552e+13	0.00e+00	2.20e-27	4.65e-20	8.13e-14	1.12e-08	1.30e-04	1.00e+00	0.00e+00	0.00e+00	0.00e+00	0.00e+00	0.00e+00
 5.56786e+13	3.34e-35	3.12e-27	6.18e-20	1.01e-13	1.29e-08	1.41e-04	1.00e+00	0.00e+00	0.00e+00	0.00e+00	0.00e+00	0.00e+00
 5.75063e+13	4.84e-35	4.26e-27	7.96e-20	1.22e-13	1.47e-08	1.50e-04	1.00e+00	0.00e+00	0.00e+00	0.00e+00	0.00e+00	0.00e+00
 5.95094e+13	7.20e-35	5.94e-27	1.04e-19	1.50e-13	1.68e-08	1.61e-04	1.00e+00	0.00e+00	0.00e+00	0.00e+00	0.00e+00	0.00e+00
 6.18694e+13	1.13e-34	8.69e-27	1.41e-19	1.89e-13	1.96e-08	1.74e-04	1.00e+00	0.00e+00	0.00e+00	0.00e+00	0.00e+00	0.00e+00
 6.42239e+13	1.73e-34	1.24e-26	1.89e-19	2.35e-13	2.27e-08	1.87e-04	1.00e+00	0.00e+00	0.00e+00	0.00e+00	0.00e+00	0.00e+00
 6.64371e+13	2.58e-34	1.73e-26	2.47e-19	2.88e-13	2.60e-08	2.00e-04	1.00e+00	0.00e+00	0.00e+00	0.00e+00	0.00e+00	0.00e+00
 6.88893e+13	3.97e-34	2.48e-26	3.29e-19	3.57e-13	3.00e-08	2.15e-04	1.00e+00	0.00e+00	0.00e+00	0.00e+00	0.00e+00	0.00e+00
 7.16747e+13	6.25e-34	3.63e-26	4.49e-19	4.51e-13	3.51e-08	2.33e-04	1.00e+00	0.00e+00	0.00e+00	0.00e+00	0.00e+00	0.00e+00
 7.44539e+13	9.84e-34	5.30e-26	6.07e-19	5.65e-13	4.07e-08	2.51e-04	1.00e+00	0.00e+00	0.00e+00	0.00e+00	0.00e+00	0.00e+00
 7.73441e+13	1.55e-33	7.74e-26	8.22e-19	7.09e-13	4.74e-08	2.71e-04	1.00e+00	0.00e+00	0.00e+00	0.00e+00	0.00e+00	0.00e+00
 8.04678e+13	2.48e-33	1.14e-25	1.12e-18	8.97e-13	5.54e-08	2.93e-04	1.00e+00	0.00e+00	0.00e+00	0.00e+00	0.00e+00	0.00e+00
 8.37164e+13	3.97e-33	1.69e-25	1.54e-18	1.13e-12	6.48e-08	3.16e-04	1.00e+00	0.00e+00	0.00e+00	0.00e+00	0.00e+00	0.00e+00
 8.70950e+13	6.35e-33	2.50e-25	2.11e-18	1.43e-12	7.58e-08	3.42e-04	1.00e+00	0.00e+00	0.00e+00	0.00e+00	0.00e+00	0.00e+00
 9.03802e+13	9.85e-33	3.61e-25	2.83e-18	1.79e-12	8.77e-08	3.68e-04	1.00e+00	0.00e+00	0.00e+00	0.00e+00	0.00e+00	0.00e+00
 9.31882e+13	1.42e-32	4.89e-25	3.61e-18	2.14e-12	9.90e-08	3.90e-04	1.00e+00	0.00e+00	0.00e+00	0.00e+00	0.00e+00	0.00e+00
 9.60522e+13	2.03e-32	6.59e-25	4.59e-18	2.57e-12	1.12e-07	4.14e-04	1.00e+00	0.00e+00	0.00e+00	0.00e+00	0.00e+00	0.00e+00
 9.96394e+13	3.14e-32	9.48e-25	6.14e-18	3.19e-12	1.29e-07	4.45e-04	1.00e+00	0.00e+00	0.00e+00	0.00e+00	0.00e+00	0.00e+00
 1.03289e+14	4.80e-32	1.35e-24	8.17e-18	3.95e-12	1.49e-07	4.78e-04	1.00e+00	0.00e+00	0.00e+00	0.00e+00	0.00e+00	0.00e+00
 1.06469e+14	6.88e-32	1.83e-24	1.04e-17	4.74e-12	1.68e-07	5.08e-04	9.99e-01	0.00e+00	0.00e+00	0.00e+00	0.00e+00	0.00e+00
 1.09916e+14	1.00e-31	2.49e-24	1.34e-17	5.72e-12	1.90e-07	5.40e-04	9.99e-01	0.00e+00	0.00e+00	0.00e+00	0.00e+00	0.00e+00
 1.14117e+14	1.58e-31	3.64e-24	1.81e-17	7.16e-12	2.21e-07	5.81e-04	9.99e-01	0.00e+00	0.00e+00	0.00e+00	0.00e+00	0.00e+00
 1.18428e+14	2.39e-31	5.18e-24	2.42e-17	8.92e-12	2.56e-07	6.27e-04	9.99e-01	0.00e+00	0.00e+00	0.00e+00	0.00e+00	0.00e+00
 1.22393e+14	3.55e-31	7.19e-24	3.15e-17	1.09e-11	2.92e-07	6.68e-04	9.99e-01	0.00e+00	0.00e+00	0.00e+00	0.00e+00	0.00e+00
 1.26779e+14	5.43e-31	1.02e-23	4.17e-17	1.34e-11	3.35e-07	7.16e-04	9.99e-01	0.00e+00	0.00e+00	0.00e+00	0.00e+00	0.00e+00
 1.31857e+14	8.51e-31	1.49e-23	5.68e-17	1.69e-11	3.92e-07	7.74e-04	9.99e-01	0.00e+00	0.00e+00	0.00e+00	0.00e+00	0.00e+00
 1.36926e+14	1.34e-30	2.18e-23	7.68e-17	2.12e-11	4.55e-07	8.34e-04	9.99e-01	0.00e+00	0.00e+00	0.00e+00	0.00e+00	0.00e+00
 1.41504e+14	1.93e-30	2.97e-23	9.94e-17	2.57e-11	5.18e-07	8.91e-04	9.99e-01	0.00e+00	0.00e+00	0.00e+00	0.00e+00	0.00e+00
 1.45716e+14	2.75e-30	3.99e-23	1.26e-16	3.07e-11	5.82e-07	9.44e-04	9.99e-01	0.00e+00	0.00e+00	0.00e+00	0.00e+00	0.00e+00
 1.50554e+14	3.97e-30	5.44e-23	1.62e-16	3.72e-11	6.63e-07	1.01e-03	9.99e-01	0.00e+00	0.00e+00	0.00e+00	0.00e+00	0.00e+00
 1.56369e+14	6.24e-30	7.92e-23	2.20e-16	4.67e-11	7.70e-07	1.09e-03	9.99e-01	0.00e+00	0.00e+00	0.00e+00	0.00e+00	0.00e+00
 1.62128e+14	9.30e-30	1.11e-22	2.92e-16	5.79e-11	8.89e-07	1.17e-03	9.99e-01	0.00e+00	0.00e+00	0.00e+00	0.00e+00	0.00e+00
 1.67269e+14	1.35e-29	1.52e-22	3.74e-16	6.97e-11	1.01e-06	1.24e-03	9.99e-01	0.00e+00	0.00e+00	0.00e+00	0.00e+00	0.00e+00
 1.72934e+14	1.96e-29	2.08e-22	4.86e-16	8.50e-11	1.15e-06	1.33e-03	9.99e-01	0.00e+00	0.00e+00	0.00e+00	0.00e+00	0.00e+00
 1.79674e+14	3.02e-29	3.00e-22	6.57e-16	1.07e-10	1.34e-06	1.44e-03	9.99e-01	0.00e+00	0.00e+00	0.00e+00	0.00e+00	0.00e+00
 1.86343e+14	4.58e-29	4.27e-22	8.77e-16	1.33e-10	1.55e-06	1.55e-03	9.98e-01	0.00e+00	0.00e+00	0.00e+00	0.00e+00	0.00e+00
 1.92437e+14	6.73e-29	5.88e-22	1.13e-15	1.61e-10	1.76e-06	1.65e-03	9.98e-01	0.00e+00	0.00e+00	0.00e+00	0.00e+00	0.00e+00
 1.99250e+14	9.82e-29	8.13e-22	1.49e-15	1.98e-10	2.02e-06	1.77e-03	9.98e-01	0.00e+00	0.00e+00	0.00e+00	0.00e+00	0.00e+00
 2.07179e+14	1.53e-28	1.18e-21	2.03e-15	2.49e-10	2.35e-06	1.91e-03	9.98e-01	0.00e+00	0.00e+00	0.00e+00	0.00e+00	0.00e+00
 2.14958e+14	2.31e-28	1.68e-21	2.71e-15	3.11e-10	2.73e-06	2.06e-03	9.98e-01	0.00e+00	0.00e+00	0.00e+00	0.00e+00	0.00e+00
 2.22296e+14	3.44e-28	2.34e-21	3.54e-15	3.79e-10	3.11e-06	2.20e-03	9.98e-01	0.00e+00	0.00e+00	0.00e+00	0.00e+00	0.00e+00
 2.30466e+14	5.07e-28	3.26e-21	4.70e-15	4.70e-10	3.59e-06	2.37e-03	9.98e-01	0.00e+00	0.00e+00	0.00e+00	0.00e+00	0.00e+00
 2.39714e+14	8.05e-28	4.81e-21	6.42e-15	5.95e-10	4.20e-06	2.57e-03	9.97e-01	0.00e+00	0.00e+00	0.00e+00	0.00e+00	0.00e+00
 2.48970e+14	1.21e-27	6.80e-21	8.64e-15	7.45e-10	4.88e-06	2.77e-03	9.97e-01	0.00e+00	0.00e+00	0.00e+00	0.00e+00	0.00e+00
 2.57623e+14	1.77e-27	9.42e-21	1.13e-14	9.13e-10	5.59e-06	2.97e-03	9.97e-01	0.00e+00	0.00e+00	0.00e+00	0.00e+00	0.00e+00
 2.66985e+14	2.68e-27	1.33e-20	1.50e-14	1.13e-09	6.45e-06	3.19e-03	9.97e-01	0.00e+00	0.00e+00	0.00e+00	0.00e+00	0.00e+00
 2.77695e+14	4.06e-27	1.91e-20	2.05e-14	1.43e-09	7.53e-06	3.45e-03	9.97e-01	0.00e+00	0.00e+00	0.00e+00	0.00e+00	0.00e+00
 2.87791e+14	6.18e-27	2.72e-20	2.72e-14	1.77e-09	8.68e-06	3.71e-03	9.96e-01	0.00e+00	0.00e+00	0.00e+00	0.00e+00	0.00e+00
 2.96892e+14	8.50e-27	3.59e-20	3.47e-14	2.13e-09	9.82e-06	3.95e-03	9.96e-01	0.00e+00	0.00e+00	0.00e+00	0.00e+00	0.00e+00
 3.05495e+14	1.17e-26	4.71e-20	4.35e-14	2.52e-09	1.10e-05	4.18e-03	9.96e-01	0.00e+00	0.00e+00	0.00e+00	0.00e+00	0.00e+00
 3.15017e+14	1.67e-26	6.35e-20	5.54e-14	3.03e-09	1.24e-05	4.45e-03	9.96e-01	0.00e+00	0.00e+00	0.00e+00	0.00e+00	0.00e+00
 3.25660e+14	2.37e-26	8.59e-20	7.20e-14	3.69e-09	1.42e-05	4.76e-03	9.95e-01	0.00e+00	0.00e+00	0.00e+00	0.00e+00	0.00e+00
 3.35690e+14	3.37e-26	1.16e-19	9.15e-14	4.42e-09	1.60e-05	5.06e-03	9.95e-01	0.00e+00	0.00e+00	0.00e+00	0.00e+00	0.00e+00
 3.46656e+14	4.70e-26	1.54e-19	1.18e-13	5.35e-09	1.82e-05	5.40e-03	9.95e-01	0.00e+00	0.00e+00	0.00e+00	0.00e+00	0.00e+00
 3.58908e+14	7.05e-26	2.17e-19	1.55e-13	6.58e-09	2.09e-05	5.79e-03	9.94e-01	0.00e+00	0.00e+00	0.00e+00	0.00e+00	0.00e+00
 3.70540e+14	9.79e-26	2.89e-19	1.99e-13	7.96e-09	2.37e-05	6.17e-03	9.94e-01	0.00e+00	0.00e+00	0.00e+00	0.00e+00	0.00e+00
 3.83369e+14	1.45e-25	4.01e-19	2.61e-13	9.75e-09	2.71e-05	6.61e-03	9.93e-01	0.00e+00	0.00e+00	0.00e+00	0.00e+00	0.00e+00
 3.97535e+14	2.10e-25	5.56e-19	3.47e-13	1.21e-08	3.13e-05	7.12e-03	9.93e-01	0.00e+00	0.00e+00	0.00e+00	0.00e+00	0.00e+00
 4.10577e+14	3.04e-25	7.58e-19	4.48e-13	1.47e-08	3.56e-05	7.59e-03	9.92e-01	0.00e+00	0.00e+00	0.00e+00	0.00e+00	0.00e+00
 4.24668e+14	4.29e-25	1.03e-18	5.83e-13	1.79e-08	4.07e-05	8.13e-03	9.92e-01	0.00e+00	0.00e+00	0.00e+00	0.00e+00	0.00e+00
 4.40407e+14	6.48e-25	1.45e-18	7.77e-13	2.23e-08	4.70e-05	8.74e-03	9.91e-01	0.00e+00	0.00e+00	0.00e+00	0.00e+00	0.00e+00
 4.55238e+14	9.04e-25	1.95e-18	1.01e-12	2.71e-08	5.36e-05	9.36e-03	9.91e-01	0.00e+00	0.00e+00	0.00e+00	0.00e+00	0.00e+00
 4.71466e+14	1.32e-24	2.70e-18	1.33e-12	3.34e-08	6.15e-05	1.00e-02	9.90e-01	0.00e+00	0.00e+00	0.00e+00	0.00e+00	0.00e+00
 4.89472e+14	1.95e-24	3.79e-18	1.78e-12	4.17e-08	7.14e-05	1.08e-02	9.89e-01	0.00e+00	0.00e+00	0.00e+00	0.00e+00	0.00e+00
 5.06214e+14	2.85e-24	5.23e-18	2.32e-12	5.09e-08	8.15e-05	1.16e-02	9.88e-01	0.00e+00	0.00e+00	0.00e+00	0.00e+00	0.00e+00
 5.24407e+14	4.06e-24	7.14e-18	3.05e-12	6.28e-08	9.37e-05	1.25e-02	9.87e-01	0.00e+00	0.00e+00	0.00e+00	0.00e+00	0.00e+00
 5.44749e+14	6.18e-24	1.02e-17	4.12e-12	7.87e-08	1.09e-04	1.35e-02	9.86e-01	0.00e+00	0.00e+00	0.00e+00	0.00e+00	0.00e+00
 5.64051e+14	8.71e-24	1.38e-17	5.39e-12	9.68e-08	1.25e-04	1.45e-02	9.85e-01	0.00e+00	0.00e+00	0.00e+00	0.00e+00	0.00e+00
 5.84775e+14	1.28e-23	1.93e-17	7.15e-12	1.20e-07	1.44e-04	1.56e-02	9.84e-01	0.00e+00	0.00e+00	0.00e+00	0.00e+00	0.00e+00
 6.08196e+14	1.91e-23	2.74e-17	9.69e-12	1.51e-07	1.68e-04	1.69e-02	9.83e-01	0.00e+00	0.00e+00	0.00e+00	0.00e+00	0.00e+00
 6.31147e+14	2.83e-23	3.85e-17	1.29e-11	1.89e-07	1.95e-04	1.82e-02	9.82e-01	0.00e+00	0.00e+00	0.00e+00	0.00e+00	0.00e+00
 6.55016e+14	4.04e-23	5.31e-17	1.72e-11	2.35e-07	2.25e-04	1.97e-02	9.80e-01	0.00e+00	0.00e+00	0.00e+00	0.00e+00	0.00e+00
 6.81246e+14	6.00e-23	7.52e-17	2.34e-11	2.96e-07	2.63e-04	2.13e-02	9.78e-01	0.00e+00	0.00e+00	0.00e+00	0.00e+00	0.00e+00
 7.07058e+14	8.88e-23	1.06e-16	3.12e-11	3.70e-07	3.04e-04	2.30e-02	9.77e-01	0.00e+00	0.00e+00	0.00e+00	0.00e+00	0.00e+00
 7.28385e+14	1.19e-22	1.37e-16	3.92e-11	4.41e-07	3.42e-04	2.45e-02	9.75e-01	0.00e+00	0.00e+00	0.00e+00	0.00e+00	0.00e+00
 7.45469e+14	1.48e-22	1.67e-16	4.68e-11	5.05e-07	3.74e-04	2.57e-02	9.74e-01	0.00e+00	0.00e+00	0.00e+00	0.00e+00	0.00e+00
 7.64320e+14	1.91e-22	2.09e-16	5.68e-11	5.86e-07	4.13e-04	2.71e-02	9.73e-01	0.00e+00	0.00e+00	0.00e+00	0.00e+00	0.00e+00
 7.88826e+14	2.56e-22	2.74e-16	7.22e-11	7.06e-07	4.67e-04	2.90e-02	9.71e-01	0.00e+00	0.00e+00	0.00e+00	0.00e+00	0.00e+00
 8.15069e+14	3.59e-22	3.68e-16	9.30e-11	8.56e-07	5.31e-04	3.10e-02	9.69e-01	0.00e+00	0.00e+00	0.00e+00	0.00e+00	0.00e+00
 8.38454e+14	4.68e-22	4.68e-16	1.15e-10	1.01e-06	5.93e-04	3.29e-02	9.67e-01	0.00e+00	0.00e+00	0.00e+00	0.00e+00	0.00e+00
 8.63741e+14	6.31e-22	6.10e-16	1.45e-10	1.21e-06	6.66e-04	3.50e-02	9.64e-01	0.00e+00	0.00e+00	0.00e+00	0.00e+00	0.00e+00
 8.95609e+14	8.85e-22	8.32e-16	1.91e-10	1.49e-06	7.66e-04	3.78e-02	9.61e-01	0.00e+00	0.00e+00	0.00e+00	0.00e+00	0.00e+00
 9.27741e+14	1.25e-21	1.13e-15	2.51e-10	1.84e-06	8.79e-04	4.07e-02	9.58e-01	0.00e+00	0.00e+00	0.00e+00	0.00e+00	0.00e+00
 9.55010e+14	1.65e-21	1.46e-15	3.13e-10	2.18e-06	9.83e-04	4.33e-02	9.56e-01	0.00e+00	0.00e+00	0.00e+00	0.00e+00	0.00e+00
 9.84250e+14	2.21e-21	1.90e-15	3.94e-10	2.60e-06	1.11e-03	4.61e-02	9.53e-01	0.00e+00	0.00e+00	0.00e+00	0.00e+00	0.00e+00
 1.02081e+15	3.13e-21	2.61e-15	5.22e-10	3.23e-06	1.27e-03	4.98e-02	9.49e-01	0.00e+00	0.00e+00	0.00e+00	0.00e+00	0.00e+00
 1.05837e+15	4.43e-21	3.58e-15	6.88e-10	4.00e-06	1.46e-03	5.38e-02	9.45e-01	0.00e+00	0.00e+00	0.00e+00	0.00e+00	0.00e+00
 1.09144e+15	5.96e-21	4.69e-15	8.71e-10	4.79e-06	1.65e-03	5.74e-02	9.41e-01	0.00e+00	0.00e+00	0.00e+00	0.00e+00	0.00e+00
 1.12721e+15	8.06e-21	6.20e-15	1.12e-09	5.79e-06	1.86e-03	6.14e-02	9.37e-01	0.00e+00	0.00e+00	0.00e+00	0.00e+00	0.00e+00
 1.17038e+15	1.16e-20	8.64e-15	1.49e-09	7.23e-06	2.15e-03	6.65e-02	9.31e-01	0.00e+00	0.00e+00	0.00e+00	0.00e+00	0.00e+00
 1.21320e+15	1.64e-20	1.19e-14	1.96e-09	8.93e-06	2.47e-03	7.17e-02	9.26e-01	0.00e+00	0.00e+00	0.00e+00	0.00e+00	0.00e+00
 1.25127e+15	2.22e-20	1.56e-14	2.49e-09	1.07e-05	2.78e-03	7.64e-02	9.21e-01	0.00e+00	0.00e+00	0.00e+00	0.00e+00	0.00e+00
 1.29316e+15	3.04e-20	2.09e-14	3.20e-09	1.30e-05	3.15e-03	8.19e-02	9.15e-01	0.00e+00	0.00e+00	0.00e+00	0.00e+00	0.00e+00
 1.34319e+15	4.40e-20	2.94e-14	4.29e-09	1.62e-05	3.64e-03	8.85e-02	9.08e-01	0.00e+00	0.00e+00	0.00e+00	0.00e+00	0.00e+00
 1.39302e+15	6.28e-20	4.07e-14	5.68e-09	2.00e-05	4.17e-03	9.54e-02	9.00e-01	0.00e+00	0.00e+00	0.00e+00	0.00e+00	0.00e+00
 1.43860e+15	8.54e-20	5.40e-14	7.28e-09	2.42e-05	4.71e-03	1.02e-01	8.94e-01	0.00e+00	0.00e+00	0.00e+00	0.00e+00	0.00e+00
 1.48946e+15	1.22e-19	7.45e-14	9.51e-09	2.96e-05	5.36e-03	1.09e-01	8.86e-01	0.00e+00	0.00e+00	0.00e+00	0.00e+00	0.00e+00
 1.54859e+15	1.80e-19	1.06e-13	1.29e-08	3.72e-05	6.20e-03	1.18e-01	8.76e-01	0.00e+00	0.00e+00	0.00e+00	0.00e+00	0.00e+00
 1.60677e+15	2.61e-19	1.49e-13	1.71e-08	4.60e-05	7.11e-03	1.27e-01	8.66e-01	0.00e+00	0.00e+00	0.00e+00	0.00e+00	0.00e+00
 1.66210e+15	3.66e-19	2.03e-13	2.22e-08	5.60e-05	8.06e-03	1.35e-01	8.56e-01	0.00e+00	0.00e+00	0.00e+00	0.00e+00	0.00e+00
 1.71045e+15	4.90e-19	2.64e-13	2.77e-08	6.61e-05	8.95e-03	1.43e-01	8.48e-01	0.00e+00	0.00e+00	0.00e+00	0.00e+00	0.00e+00
 1.75053e+15	6.22e-19	3.28e-13	3.31e-08	7.55e-05	9.74e-03	1.49e-01	8.41e-01	0.00e+00	0.00e+00	0.00e+00	0.00e+00	0.00e+00
 1.79484e+15	8.04e-19	4.13e-13	4.02e-08	8.71e-05	1.07e-02	1.57e-01	8.33e-01	0.00e+00	0.00e+00	0.00e+00	0.00e+00	0.00e+00
 1.85245e+15	1.11e-18	5.53e-13	5.13e-08	1.04e-04	1.20e-02	1.66e-01	8.22e-01	0.00e+00	0.00e+00	0.00e+00	0.00e+00	0.00e+00
 1.91287e+15	1.52e-18	7.36e-13	6.56e-08	1.25e-04	1.34e-02	1.76e-01	8.10e-01	0.00e+00	0.00e+00	0.00e+00	0.00e+00	0.00e+00
 1.96489e+15	2.01e-18	9.48e-13	8.07e-08	1.46e-04	1.48e-02	1.85e-01	8.00e-01	0.00e+00	0.00e+00	0.00e+00	0.00e+00	0.00e+00
 2.02044e+15	2.74e-18	1.24e-12	1.00e-07	1.71e-04	1.63e-02	1.94e-01	7.89e-01	0.00e+00	0.00e+00	0.00e+00	0.00e+00	0.00e+00
 2.09266e+15	3.94e-18	1.73e-12	1.31e-07	2.09e-04	1.85e-02	2.07e-01	7.75e-01	0.00e+00	0.00e+00	0.00e+00	0.00e+00	0.00e+00
 2.16686e+15	5.57e-18	2.36e-12	1.71e-07	2.54e-04	2.09e-02	2.19e-01	7.60e-01	0.00e+00	0.00e+00	0.00e+00	0.00e+00	0.00e+00
 2.22878e+15	7.54e-18	3.08e-12	2.12e-07	2.97e-04	2.31e-02	2.30e-01	7.47e-01	0.00e+00	0.00e+00	0.00e+00	0.00e+00	0.00e+00
 2.29443e+15	1.02e-17	4.05e-12	2.65e-07	3.49e-04	2.55e-02	2.41e-01	7.33e-01	0.00e+00	0.00e+00	0.00e+00	0.00e+00	0.00e+00
 2.37818e+15	1.54e-17	5.77e-12	3.48e-07	4.26e-04	2.88e-02	2.55e-01	7.16e-01	0.00e+00	0.00e+00	0.00e+00	0.00e+00	0.00e+00
 2.46573e+15	2.26e-17	8.06e-12	4.57e-07	5.20e-04	3.26e-02	2.70e-01	6.97e-01	0.00e+00	0.00e+00	1.32e-17	6.79e-18	2.09e-18
 2.54339e+15	3.12e-17	1.06e-11	5.77e-07	6.15e-04	3.61e-02	2.82e-01	6.81e-01	0.00e+00	0.00e+00	1.78e-17	9.49e-18	3.34e-18
 2.62791e+15	4.42e-17	1.44e-11	7.38e-07	7.34e-04	4.02e-02	2.96e-01	6.63e-01	0.00e+00	0.00e+00	2.53e-17	1.34e-17	4.72e-18
 2.72921e+15	6.89e-17	2.10e-11	9.79e-07	9.00e-04	4.55e-02	3.12e-01	6.41e-01	0.00e+00	0.00e+00	3.95e-17	2.10e-17	7.31e-18
 2.82980e+15	9.77e-17	2.87e-11	1.28e-06	1.09e-03	5.11e-02	3.27e-01	6.21e-01	0.00e+00	0.00e+00	5.61e-17	2.97e-17	1.03e-17
 2.92080e+15	1.38e-16	3.87e-11	1.62e-06	1.29e-03	5.65e-02	3.41e-01	6.01e-01	0.00e+00	0.00e+00	7.94e-17	4.20e-17	1.46e-17
 3.02182e+15	1.99e-16	5.30e-11	2.08e-06	1.54e-03	6.28e-02	3.55e-01	5.80e-01	0.00e+00	0.00e+00	1.15e-16	6.05e-17	2.09e-17
 3.14052e+15	3.16e-16	7.76e-11	2.76e-06	1.88e-03	7.07e-02	3.72e-01	5.56e-01	0.00e+00	0.00e+00	1.82e-16	9.57e-17	3.29e-17
 3.25762e+15	4.69e-16	1.09e-10	3.59e-06	2.27e-03	7.89e-02	3.87e-01	5.32e-01	0.00e+00	0.00e+00	2.70e-16	1.42e-16	4.87e-17
 3.36705e+15	6.72e-16	1.47e-10	4.55e-06	2.68e-03	8.69e-02	4.00e-01	5.11e-01	0.00e+00	0.00e+00	3.87e-16	2.04e-16	6.96e-17
 3.48942e+15	9.80e-16	2.02e-10	5.87e-06	3.20e-03	9.63e-02	4.14e-01	4.87e-01	0.00e+00	0.00e+00	5.65e-16	2.97e-16	1.01e-16
 3.62903e+15	1.52e-15	2.91e-10	7.75e-06	3.88e-03	1.08e-01	4.28e-01	4.61e-01	0.00e+00	0.00e+00	8.77e-16	4.61e-16	1.56e-16
 3.76678e+15	2.27e-15	4.07e-10	1.00e-05	4.65e-03	1.19e-01	4.41e-01	4.36e-01	0.00e+00	0.00e+00	1.31e-15	6.89e-16	2.33e-16
 3.87928e+15	3.13e-15	5.30e-10	1.23e-05	5.35e-03	1.29e-01	4.50e-01	4.16e-01	0.00e+00	0.00e+00	1.80e-15	9.48e-16	3.20e-16
 3.96696e+15	3.98e-15	6.47e-10	1.44e-05	5.95e-03	1.37e-01	4.56e-01	4.01e-01	0.00e+00	0.00e+00	2.30e-15	1.21e-15	4.07e-16
 4.06301e+15	5.15e-15	8.00e-10	1.69e-05	6.65e-03	1.45e-01	4.63e-01	3.85e-01	0.00e+00	0.00e+00	2.97e-15	1.56e-15	5.25e-16
 4.18787e+15	6.86e-15	1.02e-09	2.08e-05	7.65e-03	1.57e-01	4.70e-01	3.65e-01	0.00e+00	0.00e+00	3.97e-15	2.08e-15	6.99e-16
 4.32348e+15	1.01e-14	1.38e-09	2.58e-05	8.86e-03	1.70e-01	4.77e-01	3.44e-01	0.00e+00	0.00e+00	5.83e-15	3.06e-15	1.02e-15
 4.44519e+15	1.34e-14	1.75e-09	3.10e-05	1.00e-02	1.81e-01	4.82e-01	3.27e-01	0.00e+00	0.00e+00	7.77e-15	4.08e-15	1.36e-15
 4.57556e+15	1.78e-14	2.22e-09	3.75e-05	1.14e-02	1.94e-01	4.86e-01	3.08e-01	0.00e+00	0.00e+00	1.03e-14	5.40e-15	1.80e-15
 4.74225e+15	2.72e-14	3.09e-09	4.75e-05	1.34e-02	2.10e-01	4.91e-01	2.86e-01	0.00e+00	0.00e+00	1.57e-14	8.25e-15	2.75e-15
 4.91086e+15	3.89e-14	4.13e-09	5.95e-05	1.55e-02	2.27e-01	4.93e-01	2.65e-01	0.00e+00	0.00e+00	2.25e-14	1.18e-14	3.93e-15
 5.05149e+15	5.12e-14	5.17e-09	7.12e-05	1.75e-02	2.41e-01	4.93e-01	2.48e-01	0.00e+00	0.00e+00	2.96e-14	1.55e-14	5.16e-15
 5.20104e+15	6.96e-14	6.61e-09	8.57e-05	1.97e-02	2.55e-01	4.93e-01	2.32e-01	0.00e+00	0.00e+00	4.03e-14	2.11e-14	7.00e-15
 5.39129e+15	1.06e-13	9.16e-09	1.08e-04	2.29e-02	2.74e-01	4.91e-01	2.12e-01	0.00e+00	0.00e+00	6.16e-14	3.23e-14	1.07e-14
 5.58638e+15	1.54e-13	1.23e-08	1.34e-04	2.64e-02	2.93e-01	4.87e-01	1.93e-01	0.00e+00	0.00e+00	8.94e-14	4.69e-14	1.55e-14
 5.75500e+15	2.11e-13	1.57e-08	1.61e-04	2.96e-02	3.09e-01	4.83e-01	1.78e-01	0.00e+00	0.00e+00	1.22e-13	6.41e-14	2.11e-14
 5.93729e+15	2.93e-13	2.03e-08	1.95e-04	3.35e-02	3.27e-01	4.77e-01	1.63e-01	0.00e+00	0.00e+00	1.70e-13	8.90e-14	2.93e-14
 6.16114e+15	4.09e-13	2.66e-08	2.44e-04	3.85e-02	3.47e-01	4.68e-01	1.47e-01	0.00e+00	0.00e+00	2.37e-13	1.24e-13	4.09e-14
 6.38438e+15	6.28e-13	3.66e-08	3.02e-04	4.40e-02	3.67e-01	4.58e-01	1.31e-01	0.00e+00	0.00e+00	3.64e-13	1.91e-13	6.27e-14
 6.57892e+15	8.56e-13	4.65e-08	3.60e-04	4.90e-02	3.83e-01	4.48e-01	1.19e-01	0.00e+00	0.00e+00	4.96e-13	2.60e-13	8.54e-14
 6.79080e+15	1.17e-12	5.94e-08	4.34e-04	5.49e-02	4.01e-01	4.36e-01	1.08e-01	0.00e+00	0.00e+00	6.80e-13	3.56e-13	1.17e-13
 7.04879e+15	1.65e-12	7.80e-08	5.38e-04	6.25e-02	4.21e-01	4.21e-01	9.48e-02	0.00e+00	0.00e+00	9.59e-13	5.02e-13	1.65e-13
 7.29926e+15	2.52e-12	1.06e-07	6.60e-04	7.06e-02	4.39e-01	4.06e-01	8.35e-02	0.00e+00	0.00e+00	1.46e-12	7.65e-13	2.51e-13
 7.50618e+15	3.35e-12	1.32e-07	7.73e-04	7.75e-02	4.53e-01	3.93e-01	7.53e-02	0.00e+00	0.00e+00	1.94e-12	1.02e-12	3.33e-13
 7.72393e+15	4.50e-12	1.65e-07	9.10e-04	8.52e-02	4.67e-01	3.79e-01	6.75e-02	0.00e+00	0.00e+00	2.61e-12	1.37e-12	4.47e-13
 8.00396e+15	6.14e-12	2.11e-07	1.11e-03	9.56e-02	4.83e-01	3.61e-01	5.87e-02	0.00e+00	0.00e+00	3.56e-12	1.87e-12	6.09e-13
 8.27373e+15	9.16e-12	2.82e-07	1.34e-03	1.06e-01	4.98e-01	3.44e-01	5.11e-02	0.00e+00	0.00e+00	5.32e-12	2.78e-12	9.09e-13
 8.46491e+15	1.15e-11	3.35e-07	1.52e-03	1.14e-01	5.07e-01	3.31e-01	4.64e-02	0.00e+00	0.00e+00	6.68e-12	3.50e-12	1.14e-12
 8.64516e+15	1.43e-11	3.95e-07	1.71e-03	1.22e-01	5.15e-01	3.20e-01	4.22e-02	0.00e+00	0.00e+00	8.33e-12	4.36e-12	1.42e-12
 8.87948e+15	1.87e-11	4.84e-07	1.99e-03	1.32e-01	5.24e-01	3.05e-01	3.74e-02	0.00e+00	0.00e+00	1.09e-11	5.70e-12	1.86e-12
 9.13752e+15	2.56e-11	6.09e-07	2.33e-03	1.44e-01	5.33e-01	2.88e-01	3.27e-02	0.00e+00	0.00e+00	1.48e-11	7.77e-12	2.54e-12
 9.37401e+15	3.28e-11	7.37e-07	2.68e-03	1.55e-01	5.39e-01	2.74e-01	2.90e-02	0.00e+00	0.00e+00	1.91e-11	9.99e-12	3.26e-12
 9.62908e+15	4.20e-11	8.93e-07	3.11e-03	1.68e-01	5.45e-01	2.59e-01	2.54e-02	0.00e+00	0.00e+00	2.44e-11	1.28e-11	4.17e-12
 9.91457e+15	6.04e-11	1.16e-06	3.67e-03	1.82e-01	5.50e-01	2.42e-01	2.18e-02	0.00e+00	0.00e+00	3.51e-11	1.84e-11	5.99e-12
 1.01718e+16	7.75e-11	1.40e-06	4.22e-03	1.96e-01	5.54e-01	2.27e-01	1.91e-02	0.00e+00	0.00e+00	4.51e-11	2.36e-11	7.69e-12
 1.04014e+16	9.56e-11	1.64e-06	4.78e-03	2.08e-01	5.55e-01	2.15e-01	1.69e-02	0.00e+00	0.00e+00	5.55e-11	2.91e-11	9.47e-12
 1.06630e+16	1.24e-10	2.00e-06	5.51e-03	2.23e-01	5.56e-01	2.01e-01	1.47e-02	0.00e+00	0.00e+00	7.22e-11	3.78e-11	1.23e-11
 1.09553e+16	1.78e-10	2.57e-06	6.45e-03	2.40e-01	5.55e-01	1.86e-01	1.25e-02	0.00e+00	0.00e+00	1.03e-10	5.41e-11	1.76e-11
 1.12257e+16	2.31e-10	3.13e-06	7.41e-03	2.55e-01	5.53e-01	1.73e-01	1.08e-02	0.00e+00	0.00e+00	1.34e-10	7.04e-11	2.29e-11
 1.14770e+16	2.92e-10	3.74e-06	8.42e-03	2.71e-01	5.50e-01	1.62e-01	9.39e-03	0.00e+00	0.00e+00	1.70e-10	8.90e-11	2.90e-11
 1.17651e+16	3.73e-10	4.52e-06	9.76e-03	2.89e-01	5.45e-01	1.49e-01	8.01e-03	0.00e+00	0.00e+00	2.17e-10	1.14e-10	3.70e-11
 1.20708e+16	5.36e-10	5.83e-06	1.14e-02	3.08e-01	5.38e-01	1.36e-01	6.71e-03	0.00e+00	0.00e+00	3.12e-10	1.63e-10	5.32e-11
 1.23284e+16	6.88e-10	7.01e-06	1.30e-02	3.25e-01	5.31e-01	1.26e-01	5.80e-03	0.00e+00	0.00e+00	4.00e-10	2.10e-10	6.82e-11
 1.25922e+16	8.83e-10	8.46e-06	1.49e-02	3.43e-01	5.22e-01	1.16e-01	4.97e-03	0.00e+00	0.00e+00	5.13e-10	2.69e-10	8.76e-11
 1.28836e+16	1.12e-09	1.02e-05	1.72e-02	3.62e-01	5.11e-01	1.05e-01	4.20e-03	0.00e+00	0.00e+00	6.53e-10	3.42e-10	1.11e-10
 1.31485e+16	1.58e-09	1.29e-05	1.97e-02	3.81e-01	5.00e-01	9.61e-02	3.55e-03	0.00e+00	0.00e+00	9.18e-10	4.81e-10	1.57e-10
 1.33790e+16	1.98e-09	1.53e-05	2.22e-02	3.97e-01	4.89e-01	8.87e-02	3.09e-03	0.00e+00	0.00e+00	1.15e-09	6.04e-10	1.97e-10
 1.36272e+16	2.53e-09	1.84e-05	2.53e-02	4.14e-01	4.77e-01	8.11e-02	2.64e-03	0.00e+00	0.00e+00	1.47e-09	7.72e-10	2.51e-10
 1.39010e+16	3.48e-09	2.31e-05	2.93e-02	4.34e-01	4.62e-01	7.30e-02	2.20e-03	0.00e+00	0.00e+00	2.03e-09	1.06e-09	3.46e-10
 1.41446e+16	4.39e-09	2.76e-05	3.33e-02	4.51e-01	4.47e-01	6.65e-02	1.88e-03	0.00e+00	0.00e+00	2.55e-09	1.34e-09	4.36e-10
 1.43611e+16	5.35e-09	3.23e-05	3.75e-02	4.67e-01	4.33e-01	6.09e-02	1.63e-03	0.00e+00	0.00e+00	3.11e-09	1.63e-09	5.32e-10
 1.46059e+16	7.74e-09	4.16e-05	4.34e-02	4.85e-01	4.16e-01	5.45e-02	1.35e-03	0.00e+00	0.00e+00	4.50e-09	2.36e-09	7.70e-10
 1.48562e+16	9.45e-09	4.92e-05	5.00e-02	5.02e-01	3.98e-01	4.88e-02	1.14e-03	0.00e+00	0.00e+00	5.50e-09	2.88e-09	9.40e-10
 1.50682e+16	1.35e-08	6.27e-05	5.71e-02	5.17e-01	3.81e-01	4.39e-02	9.55e-04	0.00e+00	0.00e+00	7.86e-09	4.12e-09	1.34e-09
 1.52560e+16	1.71e-08	7.47e-05	6.43e-02	5.29e-01	3.66e-01	3.99e-02	8.22e-04	0.00e+00	0.00e+00	9.93e-09	5.21e-09	1.70e-09
 1.54267e+16	2.15e-08	8.85e-05	7.18e-02	5.40e-01	3.51e-01	3.64e-02	7.12e-04	0.00e+00	0.00e+00	1.25e-08	6.57e-09	2.14e-09
 1.55925e+16	2.71e-08	1.05e-04	8.04e-02	5.50e-01	3.36e-01	3.30e-02	6.15e-04	0.00e+00	0.00e+00	1.58e-08	8.29e-09	2.70e-09
 1.57829e+16	3.50e-08	1.27e-04	9.18e-02	5.61e-01	3.17e-01	2.94e-02	5.16e-04	0.00e+00	0.00e+00	2.04e-08	1.07e-08	3.49e-09
 1.59879e+16	4.98e-08	1.64e-04	1.07e-01	5.71e-01	2.96e-01	2.56e-02	4.19e-04	0.00e+00	0.00e+00	2.90e-08	1.52e-08	4.97e-09
 1.61591e+16	5.93e-08	1.90e-04	1.21e-01	5.78e-01	2.78e-01	2.28e-02	3.55e-04	0.00e+00	0.00e+00	3.45e-08	1.81e-08	5.92e-09
 1.63065e+16	7.64e-08	2.29e-04	1.37e-01	5.82e-01	2.61e-01	2.03e-02	3.00e-04	0.00e+00	0.00e+00	4.45e-08	2.34e-08	7.63e-09
 1.64532e+16	1.06e-07	2.88e-04	1.55e-01	5.84e-01	2.43e-01	1.78e-02	2.49e-04	0.00e+00	0.00e+00	6.19e-08	3.25e-08	1.06e-08
 1.65893e+16	1.29e-07	3.35e-04	1.74e-01	5.84e-01	2.26e-01	1.58e-02	2.10e-04	0.00e+00	0.00e+00	7.52e-08	3.95e-08	1.29e-08
 1.67341e+16	1.70e-07	4.11e-04	1.99e-01	5.81e-01	2.07e-01	1.36e-02	1.70e-04	0.00e+00	0.00e+00	9.90e-08	5.20e-08	1.70e-08
 1.68852e+16	2.32e-07	5.15e-04	2.29e-01	5.73e-01	1.86e-01	1.14e-02	1.35e-04	0.00e+00	0.00e+00	1.35e-07	7.08e-08	2.32e-08
 1.70026e+16	3.26e-07	6.52e-04	2.58e-01	5.63e-01	1.69e-01	9.76e-03	1.09e-04	0.00e+00	0.00e+00	1.90e-07	9.98e-08	3.27e-08
 1.70831e+16	3.93e-07	7.44e-04	2.79e-01	5.54e-01	1.57e-01	8.72e-03	9.33e-05	0.00e+00	0.00e+00	2.28e-07	1.20e-07	3.93e-08
 1.71573e+16	4.72e-07	8.49e-04	3.02e-01	5.44e-01	1.45e-01	7.75e-03	7.97e-05	0.00e+00	0.00e+00	2.74e-07	1.44e-07	4.73e-08
 1.72362e+16	5.44e-07	9.47e-04	3.27e-01	5.32e-01	1.33e-01	6.82e-03	6.77e-05	0.00e+00	0.00e+00	3.17e-07	1.67e-07	5.46e-08
 1.73211e+16	7.24e-07	1.15e-03	3.60e-01	5.14e-01	1.19e-01	5.78e-03	5.42e-05	0.00e+00	0.00e+00	4.21e-07	2.22e-07	7.28e-08
 1.73962e+16	8.69e-07	1.31e-03	3.89e-01	4.97e-01	1.08e-01	5.00e-03	4.50e-05	0.00e+00	0.00e+00	5.05e-07	2.66e-07	8.73e-08
 1.74461e+16	9.89e-07	1.44e-03	4.10e-01	4.84e-01	1.00e-01	4.49e-03	3.92e-05	0.00e+00	0.00e+00	5.76e-07	3.03e-07	9.95e-08
 1.74985e+16	1.09e-06	1.55e-03	4.33e-01	4.69e-01	9.20e-02	3.99e-03	3.38e-05	0.00e+00	0.00e+00	6.35e-07	3.35e-07	1.10e-07
 1.75665e+16	1.39e-06	1.82e-03	4.67e-01	4.47e-01	8.12e-02	3.33e-03	2.68e-05	0.00e+00	0.00e+00	8.06e-07	4.25e-07	1.40e-07
 1.76305e+16	1.56e-06	1.98e-03	4.97e-01	4.26e-01	7.20e-02	2.83e-03	2.19e-05	0.00e+00	0.00e+00	9.06e-07	4.78e-07	1.57e-07
 1.76891e+16	1.85e-06	2.23e-03	5.29e-01	4.03e-01	6.34e-02	2.37e-03	1.75e-05	0.00e+00	0.00e+00	1.08e-06	5.67e-07	1.87e-07
 1.77511e+16	2.20e-06	2.51e-03	5.62e-01	3.79e-01	5.49e-02	1.95e-03	1.37e-05	0.00e+00	0.00e+00	1.28e-06	6.75e-07	2.22e-07
 1.78046e+16	2.66e-06	2.84e-03	5.92e-01	3.55e-01	4.80e-02	1.61e-03	1.08e-05	0.00e+00	0.00e+00	1.55e-06	8.16e-07	2.69e-07
 1.78498e+16	3.00e-06	3.08e-03	6.17e-01	3.36e-01	4.26e-02	1.37e-03	8.89e-06	0.00e+00	0.00e+00	1.74e-06	9.20e-07	3.03e-07
 1.78969e+16	3.44e-06	3.36e-03	6.44e-01	3.15e-01	3.71e-02	1.14e-03	7.04e-06	0.00e+00	0.00e+00	2.00e-06	1.06e-06	3.48e-07
 1.79582e+16	4.09e-06	3.76e-03	6.78e-01	2.87e-01	3.06e-02	8.78e-04	5.11e-06	0.00e+00	0.00e+00	2.38e-06	1.26e-06	4.15e-07
 1.80222e+16	4.85e-06	4.19e-03	7.12e-01	2.59e-01	2.48e-02	6.63e-04	3.62e-06	0.00e+00	0.00e+00	2.82e-06	1.49e-06	4.93e-07
 1.80773e+16	5.61e-06	4.59e-03	7.40e-01	2.35e-01	2.04e-02	5.12e-04	2.64e-06	0.00e+00	0.00e+00	3.26e-06	1.72e-06	5.70e-07
 1.81362e+16	6.56e-06	5.06e-03	7.69e-01	2.09e-01	1.63e-02	3.78e-04	1.82e-06	0.00e+00	0.00e+00	3.81e-06	2.02e-06	6.68e-07
 1.82017e+16	7.73e-06	5.57e-03	7.98e-01	1.84e-01	1.26e-02	2.68e-04	1.20e-06	0.00e+00	0.00e+00	4.49e-06	2.38e-06	7.88e-07
 1.82641e+16	8.96e-06	6.08e-03	8.23e-01	1.61e-01	9.77e-03	1.91e-04	7.93e-07	0.00e+00	0.00e+00	5.21e-06	2.76e-06	9.15e-07
