#depth	N	N+	N+2	N+3	N+4	N+5	N+6	N+7
 1.49634e+10	0.00e+00	0.00e+00	3.93e-28	1.51e-18	6.67e-10	9.30e-01	7.00e-02	2.43e-06
 4.54887e+10	0.00e+00	3.31e-38	5.01e-28	1.78e-18	7.26e-10	9.35e-01	6.49e-02	2.08e-06
 7.72350e+10	0.00e+00	0.00e+00	6.39e-28	2.10e-18	7.91e-10	9.40e-01	6.00e-02	1.78e-06
 1.10251e+11	0.00e+00	6.32e-38	8.16e-28	2.47e-18	8.60e-10	9.44e-01	5.55e-02	1.52e-06
 1.44588e+11	0.00e+00	0.00e+00	1.04e-27	2.91e-18	9.36e-10	9.49e-01	5.11e-02	1.29e-06
 1.80298e+11	0.00e+00	1.21e-37	1.33e-27	3.43e-18	1.02e-09	9.53e-01	4.72e-02	1.10e-06
 2.14987e+11	0.00e+00	0.00e+00	1.67e-27	4.00e-18	1.10e-09	9.56e-01	4.39e-02	9.45e-07
 2.46982e+11	0.00e+00	2.13e-37	2.04e-27	4.58e-18	1.18e-09	9.59e-01	4.11e-02	0.00e+00
 2.82661e+11	0.00e+00	0.00e+00	2.54e-27	5.31e-18	1.27e-09	9.62e-01	3.82e-02	0.00e+00
 3.23847e+11	0.00e+00	3.94e-37	3.24e-27	6.25e-18	1.38e-09	9.65e-01	3.53e-02	0.00e+00
 3.64442e+11	0.00e+00	0.00e+00	4.09e-27	7.30e-18	1.50e-09	9.67e-01	3.27e-02	0.00e+00
 4.06660e+11	0.00e+00	7.28e-37	5.15e-27	8.53e-18	1.62e-09	9.70e-01	3.03e-02	0.00e+00
 4.52853e+11	0.00e+00	0.00e+00	6.58e-27	1.00e-17	1.76e-09	9.72e-01	2.79e-02	0.00e+00
 4.99716e+11	0.00e+00	1.38e-36	8.35e-27	1.18e-17	1.91e-09	9.74e-01	2.58e-02	0.00e+00
 5.48452e+11	3.91e-47	1.90e-36	1.06e-26	1.38e-17	2.07e-09	9.76e-01	2.38e-02	0.00e+00
 6.00317e+11	0.00e+00	0.00e+00	1.35e-26	1.63e-17	2.25e-09	9.78e-01	2.19e-02	0.00e+00
 6.54257e+11	0.00e+00	3.64e-36	1.73e-26	1.92e-17	2.45e-09	9.80e-01	2.02e-02	0.00e+00
 7.10354e+11	1.32e-46	5.05e-36	2.21e-26	2.27e-17	2.66e-09	9.81e-01	1.86e-02	0.00e+00
 7.68695e+11	0.00e+00	0.00e+00	2.83e-26	2.67e-17	2.89e-09	9.83e-01	1.71e-02	0.00e+00
 8.29369e+11	0.00e+00	9.72e-36	3.63e-26	3.15e-17	3.15e-09	9.84e-01	1.58e-02	0.00e+00
 8.92471e+11	4.52e-46	1.35e-35	4.64e-26	3.72e-17	3.42e-09	9.86e-01	1.45e-02	0.00e+00
 9.58096e+11	0.00e+00	0.00e+00	5.95e-26	4.39e-17	3.72e-09	9.87e-01	1.33e-02	0.00e+00
 1.01993e+12	0.00e+00	2.53e-35	7.45e-26	5.11e-17	4.02e-09	9.88e-01	1.24e-02	0.00e+00
 1.07544e+12	1.37e-45	3.28e-35	9.07e-26	5.83e-17	4.29e-09	9.88e-01	1.16e-02	0.00e+00
 1.13785e+12	0.00e+00	0.00e+00	1.12e-25	6.73e-17	4.62e-09	9.89e-01	1.08e-02	0.00e+00
 1.21155e+12	0.00e+00	6.02e-35	1.43e-25	7.92e-17	5.01e-09	9.90e-01	9.90e-03	0.00e+00
 1.28549e+12	4.33e-45	8.25e-35	1.82e-25	9.29e-17	5.43e-09	9.91e-01	9.14e-03	0.00e+00
 1.35519e+12	0.00e+00	0.00e+00	2.26e-25	1.07e-16	5.84e-09	9.92e-01	8.50e-03	0.00e+00
 1.43212e+12	0.00e+00	1.49e-34	2.84e-25	1.25e-16	6.32e-09	9.92e-01	7.85e-03	0.00e+00
 1.51933e+12	1.38e-44	2.08e-34	3.66e-25	1.49e-16	6.89e-09	9.93e-01	7.21e-03	0.00e+00
 1.60677e+12	0.00e+00	2.88e-34	4.68e-25	1.75e-16	7.48e-09	9.93e-01	6.63e-03	0.00e+00
 1.69770e+12	3.09e-44	3.99e-34	5.98e-25	2.06e-16	8.14e-09	9.94e-01	6.10e-03	0.00e+00
 1.79554e+12	0.00e+00	5.59e-34	7.72e-25	2.45e-16	8.88e-09	9.94e-01	5.59e-03	0.00e+00
 1.88737e+12	6.88e-44	7.58e-34	9.72e-25	2.86e-16	9.60e-09	9.95e-01	5.17e-03	0.00e+00
 1.96947e+12	0.00e+00	9.89e-34	1.19e-24	3.28e-16	1.03e-08	9.95e-01	4.83e-03	0.00e+00
 2.06182e+12	1.38e-43	1.32e-33	1.48e-24	3.80e-16	1.11e-08	9.96e-01	4.48e-03	0.00e+00
 2.17127e+12	0.00e+00	1.84e-33	1.90e-24	4.50e-16	1.21e-08	9.96e-01	4.11e-03	0.00e+00
 2.28110e+12	3.10e-43	2.54e-33	2.43e-24	5.31e-16	1.31e-08	9.96e-01	3.78e-03	0.00e+00
 2.38403e+12	0.00e+00	3.40e-33	3.03e-24	6.17e-16	1.42e-08	9.96e-01	3.50e-03	0.00e+00
 2.49802e+12	6.59e-43	4.65e-33	3.85e-24	7.23e-16	1.54e-08	9.97e-01	3.23e-03	0.00e+00
 2.62787e+12	0.00e+00	6.56e-33	5.00e-24	8.63e-16	1.68e-08	9.97e-01	2.95e-03	0.00e+00
 2.75568e+12	1.52e-42	9.10e-33	6.41e-24	1.02e-15	1.83e-08	9.97e-01	2.71e-03	0.00e+00
 2.88860e+12	0.00e+00	1.26e-32	8.22e-24	1.21e-15	2.00e-08	9.98e-01	2.49e-03	0.00e+00
 3.03407e+12	3.50e-42	1.78e-32	1.07e-23	1.45e-15	2.19e-08	9.98e-01	2.27e-03	0.00e+00
 3.18024e+12	0.00e+00	2.49e-32	1.38e-23	1.72e-15	2.39e-08	9.98e-01	2.08e-03	0.00e+00
 3.33226e+12	8.05e-42	3.49e-32	1.79e-23	2.05e-15	2.62e-08	9.98e-01	1.90e-03	0.00e+00
 3.49548e+12	0.00e+00	4.94e-32	2.33e-23	2.46e-15	2.88e-08	9.98e-01	1.73e-03	0.00e+00
 3.65737e+12	1.87e-41	6.88e-32	3.01e-23	2.93e-15	3.15e-08	9.98e-01	1.58e-03	0.00e+00
 3.82574e+12	0.00e+00	9.60e-32	3.88e-23	3.49e-15	3.44e-08	9.99e-01	1.45e-03	0.00e+00
 4.00869e+12	4.32e-41	1.36e-31	5.07e-23	4.19e-15	3.79e-08	9.99e-01	1.31e-03	0.00e+00
 4.19897e+12	0.00e+00	1.92e-31	6.63e-23	5.04e-15	4.17e-08	9.99e-01	1.20e-03	0.00e+00
 4.39685e+12	1.02e-40	2.72e-31	8.67e-23	6.07e-15	4.59e-08	9.99e-01	1.09e-03	0.00e+00
 4.60265e+12	0.00e+00	3.84e-31	1.13e-22	7.31e-15	5.05e-08	9.99e-01	9.86e-04	0.00e+00
 4.78832e+12	2.26e-40	5.19e-31	1.43e-22	8.60e-15	5.50e-08	9.99e-01	9.07e-04	0.00e+00
 4.94225e+12	0.00e+00	6.61e-31	1.73e-22	9.79e-15	5.89e-08	9.99e-01	8.47e-04	0.00e+00
 5.11054e+12	4.15e-40	8.52e-31	2.10e-22	1.13e-14	6.33e-08	9.99e-01	7.88e-04	0.00e+00
 5.32474e+12	0.00e+00	1.17e-30	2.69e-22	1.34e-14	6.93e-08	9.99e-01	7.21e-04	0.00e+00
 5.54868e+12	8.94e-40	1.60e-30	3.44e-22	1.59e-14	7.60e-08	9.99e-01	6.58e-04	0.00e+00
 5.74609e+12	0.00e+00	2.08e-30	4.24e-22	1.84e-14	8.21e-08	9.99e-01	6.09e-04	0.00e+00
 5.92865e+12	1.66e-39	2.65e-30	5.11e-22	2.10e-14	8.81e-08	9.99e-01	5.68e-04	0.00e+00
 6.13569e+12	0.00e+00	3.43e-30	6.27e-22	2.43e-14	9.52e-08	9.99e-01	5.26e-04	0.00e+00
 6.39273e+12	3.32e-39	4.69e-30	8.02e-22	2.89e-14	1.05e-07	1.00e+00	4.79e-04	0.00e+00
 6.64956e+12	0.00e+00	6.32e-30	1.01e-21	3.43e-14	1.14e-07	1.00e+00	4.38e-04	0.00e+00
 6.86936e+12	6.41e-39	8.07e-30	1.23e-21	3.94e-14	1.23e-07	1.00e+00	4.07e-04	0.00e+00
 7.10621e+12	0.00e+00	1.04e-29	1.51e-21	4.55e-14	1.33e-07	1.00e+00	3.77e-04	0.00e+00
 7.39986e+12	1.26e-38	1.41e-29	1.92e-21	5.41e-14	1.46e-07	1.00e+00	3.44e-04	0.00e+00
 7.70187e+12	0.00e+00	1.90e-29	2.43e-21	6.42e-14	1.60e-07	1.00e+00	3.13e-04	0.00e+00
 7.97442e+12	2.45e-38	2.46e-29	2.99e-21	7.45e-14	1.74e-07	1.00e+00	2.89e-04	0.00e+00
 8.27408e+12	0.00e+00	3.22e-29	3.71e-21	8.72e-14	1.89e-07	1.00e+00	2.66e-04	0.00e+00
 8.62729e+12	4.92e-38	4.38e-29	4.74e-21	1.04e-13	2.09e-07	1.00e+00	2.42e-04	0.00e+00
 8.98056e+12	0.00e+00	5.87e-29	6.00e-21	1.24e-13	2.29e-07	1.00e+00	2.20e-04	0.00e+00
 9.31605e+12	9.62e-38	7.66e-29	7.42e-21	1.44e-13	2.49e-07	1.00e+00	2.03e-04	0.00e+00
 9.68671e+12	0.00e+00	1.02e-28	9.31e-21	1.70e-13	2.73e-07	1.00e+00	1.85e-04	0.00e+00
 1.01041e+13	1.94e-37	1.38e-28	1.19e-20	2.04e-13	3.01e-07	1.00e+00	1.68e-04	0.00e+00
 1.05213e+13	0.00e+00	1.84e-28	1.50e-20	2.41e-13	3.30e-07	1.00e+00	1.53e-04	0.00e+00
 1.08906e+13	3.69e-37	2.35e-28	1.83e-20	2.79e-13	3.57e-07	1.00e+00	1.42e-04	0.00e+00
 1.12004e+13	0.00e+00	2.87e-28	2.15e-20	3.14e-13	3.81e-07	1.00e+00	1.33e-04	0.00e+00
 1.15338e+13	6.01e-37	3.54e-28	2.54e-20	3.55e-13	4.08e-07	1.00e+00	1.24e-04	0.00e+00
 1.19672e+13	0.00e+00	4.59e-28	3.13e-20	4.14e-13	4.43e-07	1.00e+00	1.14e-04	0.00e+00
 1.24206e+13	1.13e-36	5.97e-28	3.87e-20	4.83e-13	4.83e-07	1.00e+00	1.05e-04	0.00e+00
 1.28076e+13	0.00e+00	7.41e-28	4.60e-20	5.49e-13	5.18e-07	1.00e+00	9.80e-05	0.00e+00
 1.32180e+13	1.90e-36	9.25e-28	5.50e-20	6.26e-13	5.57e-07	1.00e+00	9.13e-05	0.00e+00
 1.37339e+13	0.00e+00	1.21e-27	6.83e-20	7.33e-13	6.08e-07	1.00e+00	8.37e-05	0.00e+00
 1.42651e+13	3.61e-36	1.58e-27	8.47e-20	8.58e-13	6.63e-07	1.00e+00	7.68e-05	0.00e+00
 1.47333e+13	0.00e+00	1.98e-27	1.02e-19	9.80e-13	7.13e-07	1.00e+00	7.14e-05	0.00e+00
 1.52416e+13	6.29e-36	2.51e-27	1.23e-19	1.13e-12	7.70e-07	1.00e+00	6.62e-05	0.00e+00
 1.58027e+13	0.00e+00	3.23e-27	1.51e-19	1.31e-12	8.36e-07	1.00e+00	6.10e-05	0.00e+00
 1.63201e+13	1.11e-35	4.04e-27	1.81e-19	1.49e-12	8.99e-07	1.00e+00	5.67e-05	0.00e+00
 1.68800e+13	0.00e+00	5.12e-27	2.18e-19	1.71e-12	9.70e-07	1.00e+00	5.26e-05	0.00e+00
 1.75044e+13	2.00e-35	6.59e-27	2.68e-19	1.99e-12	1.05e-06	1.00e+00	4.85e-05	0.00e+00
 1.80891e+13	0.00e+00	8.28e-27	3.22e-19	2.27e-12	1.13e-06	1.00e+00	4.51e-05	0.00e+00
 1.87258e+13	3.51e-35	1.05e-26	3.91e-19	2.61e-12	1.23e-06	1.00e+00	4.17e-05	0.00e+00
 1.94333e+13	0.00e+00	1.37e-26	4.81e-19	3.04e-12	1.33e-06	1.00e+00	3.84e-05	0.00e+00
 2.00939e+13	6.34e-35	1.72e-26	5.81e-19	3.48e-12	1.44e-06	1.00e+00	3.57e-05	0.00e+00
 2.08136e+13	0.00e+00	2.21e-26	7.08e-19	4.01e-12	1.55e-06	1.00e+00	3.30e-05	0.00e+00
 2.16182e+13	1.17e-34	2.87e-26	8.75e-19	4.68e-12	1.69e-06	1.00e+00	3.03e-05	0.00e+00
 2.23770e+13	0.00e+00	3.66e-26	1.06e-18	5.38e-12	1.82e-06	1.00e+00	2.81e-05	0.00e+00
 2.32071e+13	2.13e-34	4.74e-26	1.31e-18	6.23e-12	1.98e-06	1.00e+00	2.59e-05	0.00e+00
 2.41369e+13	2.96e-34	6.23e-26	1.63e-18	7.30e-12	2.16e-06	1.00e+00	2.38e-05	0.00e+00
 2.50181e+13	4.02e-34	8.03e-26	1.99e-18	8.43e-12	2.33e-06	1.00e+00	2.20e-05	0.00e+00
 2.59626e+13	5.53e-34	1.05e-25	2.46e-18	9.78e-12	2.53e-06	1.00e+00	2.03e-05	0.00e+00
 2.70310e+13	7.79e-34	1.39e-25	3.08e-18	1.15e-11	2.77e-06	1.00e+00	1.86e-05	0.00e+00
 2.80890e+13	1.08e-33	1.83e-25	3.83e-18	1.34e-11	3.01e-06	1.00e+00	1.71e-05	0.00e+00
 2.91893e+13	1.51e-33	2.41e-25	4.77e-18	1.56e-11	3.27e-06	1.00e+00	1.57e-05	0.00e+00
 3.03868e+13	2.14e-33	3.21e-25	5.99e-18	1.84e-11	3.57e-06	1.00e+00	1.44e-05	0.00e+00
 3.16322e+13	3.06e-33	4.31e-25	7.54e-18	2.15e-11	3.88e-06	1.00e+00	1.33e-05	0.00e+00
 3.28145e+13	4.20e-33	5.60e-25	9.29e-18	2.50e-11	4.21e-06	1.00e+00	1.22e-05	0.00e+00
 3.38743e+13	5.56e-33	7.06e-25	1.11e-17	2.83e-11	4.50e-06	1.00e+00	1.14e-05	0.00e+00
 3.48612e+13	7.18e-33	8.70e-25	1.31e-17	3.18e-11	4.79e-06	1.00e+00	1.08e-05	0.00e+00
 3.59524e+13	9.46e-33	1.09e-24	1.57e-17	3.59e-11	5.11e-06	1.00e+00	1.01e-05	0.00e+00
 3.71819e+13	1.28e-32	1.40e-24	1.90e-17	4.10e-11	5.48e-06	1.00e+00	9.41e-06	0.00e+00
 3.83591e+13	1.70e-32	1.76e-24	2.28e-17	4.64e-11	5.86e-06	1.00e+00	8.81e-06	0.00e+00
 3.96573e+13	2.29e-32	2.25e-24	2.76e-17	5.30e-11	6.28e-06	1.00e+00	8.22e-06	0.00e+00
 4.11016e+13	3.17e-32	2.94e-24	3.39e-17	6.11e-11	6.77e-06	1.00e+00	7.62e-06	0.00e+00
 4.24301e+13	4.24e-32	3.72e-24	4.08e-17	6.93e-11	7.24e-06	1.00e+00	7.13e-06	0.00e+00
 4.36638e+13	5.51e-32	4.61e-24	4.82e-17	7.77e-11	7.68e-06	1.00e+00	6.72e-06	0.00e+00
 4.50797e+13	7.42e-32	5.87e-24	5.80e-17	8.82e-11	8.20e-06	1.00e+00	6.30e-06	0.00e+00
 4.68126e+13	1.06e-31	7.82e-24	7.23e-17	1.02e-10	8.86e-06	1.00e+00	5.83e-06	0.00e+00
 4.85409e+13	1.47e-31	1.03e-23	8.92e-17	1.18e-10	9.56e-06	1.00e+00	5.40e-06	0.00e+00
 5.00436e+13	1.96e-31	1.29e-23	1.07e-16	1.33e-10	1.02e-05	1.00e+00	5.08e-06	0.00e+00
 5.16695e+13	2.66e-31	1.65e-23	1.29e-16	1.51e-10	1.09e-05	1.00e+00	4.76e-06	0.00e+00
 5.36552e+13	3.82e-31	2.21e-23	1.60e-16	1.76e-10	1.17e-05	1.00e+00	4.41e-06	0.00e+00
 5.56786e+13	5.38e-31	2.93e-23	1.99e-16	2.04e-10	1.26e-05	1.00e+00	4.09e-06	0.00e+00
 5.75063e+13	7.35e-31	3.76e-23	2.41e-16	2.31e-10	1.35e-05	1.00e+00	3.83e-06	0.00e+00
 5.95094e+13	1.02e-30	4.91e-23	2.95e-16	2.65e-10	1.44e-05	1.00e+00	3.58e-06	0.00e+00
 6.18694e+13	1.50e-30	6.66e-23	3.71e-16	3.09e-10	1.56e-05	1.00e+00	3.31e-06	0.00e+00
 6.42239e+13	2.13e-30	8.88e-23	4.62e-16	3.58e-10	1.68e-05	1.00e+00	3.07e-06	0.00e+00
 6.64371e+13	2.97e-30	1.16e-22	5.64e-16	4.10e-10	1.80e-05	1.00e+00	2.87e-06	0.00e+00
 6.88893e+13	4.26e-30	1.54e-22	7.00e-16	4.73e-10	1.93e-05	1.00e+00	2.67e-06	0.00e+00
 7.16747e+13	6.22e-30	2.10e-22	8.84e-16	5.54e-10	2.10e-05	1.00e+00	2.47e-06	0.00e+00
 7.44539e+13	9.07e-30	2.83e-22	1.11e-15	6.43e-10	2.26e-05	1.00e+00	2.29e-06	0.00e+00
 7.73441e+13	1.33e-29	3.84e-22	1.39e-15	7.48e-10	2.43e-05	1.00e+00	2.12e-06	0.00e+00
 8.04678e+13	1.96e-29	5.25e-22	1.76e-15	8.75e-10	2.63e-05	1.00e+00	1.96e-06	0.00e+00
 8.37164e+13	2.90e-29	7.18e-22	2.23e-15	1.02e-09	2.85e-05	1.00e+00	1.82e-06	0.00e+00
 8.70950e+13	4.29e-29	9.81e-22	2.82e-15	1.20e-09	3.08e-05	1.00e+00	1.68e-06	0.00e+00
 9.03802e+13	6.18e-29	1.32e-21	3.51e-15	1.39e-09	3.31e-05	1.00e+00	1.56e-06	0.00e+00
 9.31882e+13	8.35e-29	1.68e-21	4.21e-15	1.56e-09	3.51e-05	1.00e+00	1.47e-06	0.00e+00
 9.60522e+13	1.13e-28	2.13e-21	5.04e-15	1.76e-09	3.73e-05	1.00e+00	1.38e-06	0.00e+00
 9.96394e+13	1.62e-28	2.85e-21	6.28e-15	2.04e-09	4.01e-05	1.00e+00	1.29e-06	0.00e+00
 1.03289e+14	2.31e-28	3.78e-21	7.77e-15	2.35e-09	4.31e-05	1.00e+00	1.20e-06	0.00e+00
 1.06469e+14	3.11e-28	4.81e-21	9.31e-15	2.65e-09	4.57e-05	1.00e+00	1.13e-06	0.00e+00
 1.09916e+14	4.25e-28	6.17e-21	1.13e-14	3.01e-09	4.87e-05	1.00e+00	1.06e-06	0.00e+00
 1.14117e+14	6.20e-28	8.34e-21	1.41e-14	3.49e-09	5.24e-05	1.00e+00	9.85e-07	0.00e+00
 1.18428e+14	8.79e-28	1.11e-20	1.75e-14	4.05e-09	5.65e-05	1.00e+00	0.00e+00	0.00e+00
 1.22393e+14	1.22e-27	1.44e-20	2.14e-14	4.62e-09	6.02e-05	1.00e+00	0.00e+00	0.00e+00
 1.26779e+14	1.74e-27	1.91e-20	2.64e-14	5.31e-09	6.45e-05	1.00e+00	0.00e+00	0.00e+00
 1.31857e+14	2.53e-27	2.58e-20	3.33e-14	6.21e-09	6.98e-05	1.00e+00	0.00e+00	0.00e+00
 1.36926e+14	3.68e-27	3.49e-20	4.17e-14	7.21e-09	7.52e-05	1.00e+00	0.00e+00	0.00e+00
 1.41504e+14	5.01e-27	4.48e-20	5.07e-14	8.22e-09	8.04e-05	1.00e+00	0.00e+00	0.00e+00
 1.45716e+14	6.73e-27	5.67e-20	6.04e-14	9.23e-09	8.52e-05	1.00e+00	0.00e+00	0.00e+00
 1.50554e+14	9.14e-27	7.28e-20	7.34e-14	1.05e-08	9.10e-05	1.00e+00	0.00e+00	0.00e+00
 1.56369e+14	1.33e-26	9.84e-20	9.20e-14	1.22e-08	9.82e-05	1.00e+00	0.00e+00	0.00e+00
 1.62128e+14	1.86e-26	1.29e-19	1.14e-13	1.41e-08	1.06e-04	1.00e+00	0.00e+00	0.00e+00
 1.67269e+14	2.54e-26	1.66e-19	1.37e-13	1.60e-08	1.12e-04	1.00e+00	0.00e+00	0.00e+00
 1.72934e+14	3.46e-26	2.14e-19	1.68e-13	1.83e-08	1.20e-04	1.00e+00	0.00e+00	0.00e+00
 1.79674e+14	4.97e-26	2.87e-19	2.10e-13	2.13e-08	1.30e-04	1.00e+00	0.00e+00	0.00e+00
 1.86343e+14	7.04e-26	3.80e-19	2.61e-13	2.46e-08	1.40e-04	1.00e+00	0.00e+00	0.00e+00
 1.92437e+14	9.69e-26	4.91e-19	3.17e-13	2.80e-08	1.49e-04	1.00e+00	0.00e+00	0.00e+00
 1.99250e+14	1.33e-25	6.37e-19	3.90e-13	3.22e-08	1.60e-04	1.00e+00	0.00e+00	0.00e+00
 2.07179e+14	1.92e-25	8.59e-19	4.91e-13	3.76e-08	1.73e-04	1.00e+00	0.00e+00	0.00e+00
 2.14958e+14	2.72e-25	1.14e-18	6.12e-13	4.35e-08	1.87e-04	1.00e+00	0.00e+00	0.00e+00
 2.22296e+14	3.79e-25	1.49e-18	7.47e-13	4.98e-08	2.00e-04	1.00e+00	0.00e+00	0.00e+00
 2.30466e+14	5.23e-25	1.94e-18	9.26e-13	5.75e-08	2.15e-04	1.00e+00	0.00e+00	0.00e+00
 2.39714e+14	7.69e-25	2.65e-18	1.17e-12	6.72e-08	2.33e-04	1.00e+00	0.00e+00	0.00e+00
 2.48970e+14	1.08e-24	3.50e-18	1.47e-12	7.82e-08	2.51e-04	1.00e+00	0.00e+00	0.00e+00
 2.57623e+14	1.48e-24	4.54e-18	1.80e-12	8.97e-08	2.69e-04	1.00e+00	0.00e+00	0.00e+00
 2.66985e+14	2.09e-24	6.00e-18	2.22e-12	1.03e-07	2.89e-04	1.00e+00	0.00e+00	0.00e+00
 2.77695e+14	2.96e-24	8.01e-18	2.81e-12	1.21e-07	3.14e-04	1.00e+00	0.00e+00	0.00e+00
 2.87791e+14	4.20e-24	1.06e-17	3.47e-12	1.40e-07	3.37e-04	1.00e+00	0.00e+00	0.00e+00
 2.96892e+14	5.48e-24	1.33e-17	4.17e-12	1.58e-07	3.59e-04	1.00e+00	0.00e+00	0.00e+00
 3.05495e+14	7.17e-24	1.65e-17	4.95e-12	1.77e-07	3.80e-04	1.00e+00	0.00e+00	0.00e+00
 3.15017e+14	9.64e-24	2.10e-17	5.94e-12	2.00e-07	4.04e-04	1.00e+00	0.00e+00	0.00e+00
 3.25660e+14	1.29e-23	2.67e-17	7.23e-12	2.29e-07	4.33e-04	1.00e+00	0.00e+00	0.00e+00
 3.35690e+14	1.73e-23	3.38e-17	8.67e-12	2.58e-07	4.60e-04	1.00e+00	0.00e+00	0.00e+00
 3.46656e+14	2.27e-23	4.26e-17	1.05e-11	2.93e-07	4.91e-04	1.00e+00	0.00e+00	0.00e+00
 3.58908e+14	3.19e-23	5.59e-17	1.29e-11	3.37e-07	5.27e-04	9.99e-01	0.00e+00	0.00e+00
 3.70540e+14	4.18e-23	7.03e-17	1.56e-11	3.83e-07	5.62e-04	9.99e-01	0.00e+00	0.00e+00
 3.83369e+14	5.79e-23	9.15e-17	1.91e-11	4.38e-07	6.02e-04	9.99e-01	0.00e+00	0.00e+00
 3.97535e+14	7.90e-23	1.19e-16	2.37e-11	5.07e-07	6.49e-04	9.99e-01	0.00e+00	0.00e+00
 4.10577e+14	1.07e-22	1.52e-16	2.87e-11	5.76e-07	6.92e-04	9.99e-01	0.00e+00	0.00e+00
 4.24668e+14	1.43e-22	1.94e-16	3.50e-11	6.59e-07	7.42e-04	9.99e-01	0.00e+00	0.00e+00
 4.40407e+14	2.01e-22	2.56e-16	4.35e-11	7.62e-07	7.98e-04	9.99e-01	0.00e+00	0.00e+00
 4.55238e+14	2.65e-22	3.24e-16	5.29e-11	8.70e-07	8.55e-04	9.99e-01	0.00e+00	0.00e+00
 4.71466e+14	3.64e-22	4.20e-16	6.51e-11	1.00e-06	9.18e-04	9.99e-01	0.00e+00	0.00e+00
 4.89472e+14	5.02e-22	5.51e-16	8.13e-11	1.16e-06	9.91e-04	9.99e-01	0.00e+00	0.00e+00
 5.06214e+14	6.90e-22	7.13e-16	9.92e-11	1.33e-06	1.06e-03	9.99e-01	0.00e+00	0.00e+00
 5.24407e+14	9.26e-22	9.15e-16	1.22e-10	1.53e-06	1.14e-03	9.99e-01	0.00e+00	0.00e+00
 5.44749e+14	1.31e-21	1.22e-15	1.53e-10	1.78e-06	1.23e-03	9.99e-01	0.00e+00	0.00e+00
 5.64051e+14	1.74e-21	1.55e-15	1.88e-10	2.05e-06	1.33e-03	9.99e-01	0.00e+00	0.00e+00
 5.84775e+14	2.40e-21	2.02e-15	2.33e-10	2.37e-06	1.43e-03	9.99e-01	0.00e+00	0.00e+00
 6.08196e+14	3.35e-21	2.68e-15	2.93e-10	2.77e-06	1.55e-03	9.98e-01	0.00e+00	0.00e+00
 6.31147e+14	4.64e-21	3.52e-15	3.65e-10	3.21e-06	1.67e-03	9.98e-01	0.00e+00	0.00e+00
 6.55016e+14	6.25e-21	4.55e-15	4.54e-10	3.72e-06	1.81e-03	9.98e-01	0.00e+00	0.00e+00
 6.81246e+14	8.68e-21	6.01e-15	5.72e-10	4.36e-06	1.97e-03	9.98e-01	0.00e+00	0.00e+00
 7.07058e+14	1.20e-20	7.90e-15	7.12e-10	5.06e-06	2.13e-03	9.98e-01	0.00e+00	0.00e+00
 7.28385e+14	1.54e-20	9.72e-15	8.48e-10	5.70e-06	2.27e-03	9.98e-01	0.00e+00	0.00e+00
 7.45469e+14	1.84e-20	1.14e-14	9.71e-10	6.25e-06	2.38e-03	9.98e-01	0.00e+00	0.00e+00
 7.64320e+14	2.28e-20	1.36e-14	1.12e-09	6.91e-06	2.51e-03	9.97e-01	0.00e+00	0.00e+00
 7.88826e+14	2.91e-20	1.69e-14	1.35e-09	7.84e-06	2.69e-03	9.97e-01	0.00e+00	0.00e+00
 8.15069e+14	3.86e-20	2.13e-14	1.64e-09	8.94e-06	2.88e-03	9.97e-01	0.00e+00	0.00e+00
 8.38454e+14	4.80e-20	2.58e-14	1.93e-09	1.00e-05	3.07e-03	9.97e-01	0.00e+00	0.00e+00
 8.63741e+14	6.16e-20	3.19e-14	2.30e-09	1.13e-05	3.27e-03	9.97e-01	0.00e+00	0.00e+00
 8.95609e+14	8.16e-20	4.08e-14	2.85e-09	1.30e-05	3.54e-03	9.96e-01	0.00e+00	0.00e+00
 9.27741e+14	1.08e-19	5.21e-14	3.50e-09	1.50e-05	3.82e-03	9.96e-01	0.00e+00	0.00e+00
 9.55010e+14	1.37e-19	6.37e-14	4.14e-09	1.69e-05	4.07e-03	9.96e-01	0.00e+00	0.00e+00
 9.84250e+14	1.75e-19	7.86e-14	4.95e-09	1.90e-05	4.35e-03	9.96e-01	0.00e+00	0.00e+00
 1.02081e+15	2.33e-19	1.01e-13	6.13e-09	2.20e-05	4.71e-03	9.95e-01	0.00e+00	0.00e+00
 1.05837e+15	3.11e-19	1.29e-13	7.57e-09	2.54e-05	5.10e-03	9.95e-01	0.00e+00	0.00e+00
 1.09144e+15	3.97e-19	1.60e-13	9.07e-09	2.88e-05	5.46e-03	9.95e-01	0.00e+00	0.00e+00
 1.12721e+15	5.09e-19	1.99e-13	1.10e-08	3.27e-05	5.86e-03	9.94e-01	0.00e+00	0.00e+00
 1.17038e+15	6.87e-19	2.58e-13	1.37e-08	3.81e-05	6.38e-03	9.94e-01	0.00e+00	0.00e+00
 1.21320e+15	9.16e-19	3.31e-13	1.69e-08	4.39e-05	6.91e-03	9.93e-01	0.00e+00	0.00e+00
 1.25127e+15	1.17e-18	4.11e-13	2.02e-08	4.97e-05	7.40e-03	9.93e-01	0.00e+00	0.00e+00
 1.29316e+15	1.52e-18	5.14e-13	2.46e-08	5.67e-05	7.97e-03	9.92e-01	0.00e+00	0.00e+00
 1.34319e+15	2.06e-18	6.70e-13	3.08e-08	6.60e-05	8.67e-03	9.91e-01	0.00e+00	0.00e+00
 1.39302e+15	2.75e-18	8.62e-13	3.82e-08	7.63e-05	9.41e-03	9.91e-01	0.00e+00	0.00e+00
 1.43860e+15	3.53e-18	1.07e-12	4.62e-08	8.68e-05	1.01e-02	9.90e-01	0.00e+00	0.00e+00
 1.48946e+15	4.74e-18	1.38e-12	5.68e-08	9.97e-05	1.09e-02	9.89e-01	0.00e+00	0.00e+00
 1.54859e+15	6.51e-18	1.82e-12	7.16e-08	1.16e-04	1.19e-02	9.88e-01	0.00e+00	0.00e+00
 1.60677e+15	8.82e-18	2.36e-12	8.91e-08	1.35e-04	1.29e-02	9.87e-01	0.00e+00	0.00e+00
 1.66210e+15	1.16e-17	3.00e-12	1.09e-07	1.54e-04	1.39e-02	9.86e-01	0.00e+00	0.00e+00
 1.71045e+15	1.48e-17	3.68e-12	1.29e-07	1.73e-04	1.48e-02	9.85e-01	0.00e+00	0.00e+00
 1.75053e+15	1.79e-17	4.35e-12	1.49e-07	1.90e-04	1.56e-02	9.84e-01	0.00e+00	0.00e+00
 1.79484e+15	2.21e-17	5.20e-12	1.73e-07	2.10e-04	1.65e-02	9.83e-01	0.00e+00	0.00e+00
 1.85245e+15	2.86e-17	6.51e-12	2.09e-07	2.38e-04	1.77e-02	9.82e-01	0.00e+00	0.00e+00
 1.91287e+15	3.70e-17	8.15e-12	2.53e-07	2.70e-04	1.90e-02	9.81e-01	0.00e+00	0.00e+00
 1.96489e+15	4.66e-17	9.92e-12	2.98e-07	3.01e-04	2.01e-02	9.80e-01	0.00e+00	0.00e+00
 2.02044e+15	6.02e-17	1.23e-11	3.52e-07	3.36e-04	2.14e-02	9.78e-01	0.00e+00	0.00e+00
 2.09266e+15	8.10e-17	1.58e-11	4.35e-07	3.87e-04	2.32e-02	9.76e-01	0.00e+00	0.00e+00
 2.16686e+15	1.07e-16	2.02e-11	5.37e-07	4.44e-04	2.50e-02	9.75e-01	0.00e+00	0.00e+00
 2.22878e+15	2.12e-16	2.50e-11	6.37e-07	4.97e-04	2.66e-02	9.73e-01	0.00e+00	0.00e+00
 2.29443e+15	1.92e-16	3.10e-11	7.59e-07	5.58e-04	2.83e-02	9.71e-01	0.00e+00	0.00e+00
 2.37818e+15	2.71e-16	4.10e-11	9.44e-07	6.44e-04	3.06e-02	9.69e-01	0.00e+00	0.00e+00
 2.46573e+15	3.73e-16	5.36e-11	1.17e-06	7.43e-04	3.31e-02	9.66e-01	0.00e+00	0.00e+00
 2.54339e+15	4.81e-16	6.68e-11	1.42e-06	8.41e-04	3.53e-02	9.64e-01	0.00e+00	0.00e+00
 2.62791e+15	6.44e-16	8.53e-11	1.73e-06	9.58e-04	3.79e-02	9.61e-01	0.00e+00	0.00e+00
 2.72921e+15	9.42e-16	1.16e-10	2.18e-06	1.11e-03	4.11e-02	9.58e-01	0.00e+00	0.00e+00
 2.82980e+15	1.26e-15	1.49e-10	2.71e-06	1.29e-03	4.44e-02	9.54e-01	0.00e+00	0.00e+00
 2.92080e+15	1.69e-15	1.90e-10	3.29e-06	1.46e-03	4.75e-02	9.51e-01	0.00e+00	0.00e+00
 3.02182e+15	2.30e-15	2.46e-10	4.05e-06	1.67e-03	5.11e-02	9.47e-01	0.00e+00	0.00e+00
 3.14052e+15	3.42e-15	3.37e-10	5.13e-06	1.95e-03	5.54e-02	9.43e-01	0.00e+00	0.00e+00
 3.25762e+15	4.81e-15	4.47e-10	6.41e-06	2.25e-03	5.98e-02	9.38e-01	0.00e+00	0.00e+00
 3.36705e+15	6.56e-15	5.77e-10	7.84e-06	2.56e-03	6.41e-02	9.33e-01	0.00e+00	0.00e+00
 3.48942e+15	9.08e-15	7.56e-10	9.74e-06	2.95e-03	6.90e-02	9.28e-01	0.00e+00	0.00e+00
 3.62903e+15	1.33e-14	1.03e-09	1.24e-05	3.45e-03	7.48e-02	9.22e-01	0.00e+00	0.00e+00
 3.76678e+15	1.89e-14	1.38e-09	1.55e-05	3.99e-03	8.07e-02	9.15e-01	0.00e+00	0.00e+00
 3.87928e+15	2.50e-14	1.73e-09	1.86e-05	4.48e-03	8.57e-02	9.10e-01	0.00e+00	0.00e+00
 3.96696e+15	3.09e-14	2.06e-09	2.13e-05	4.89e-03	8.96e-02	9.05e-01	0.00e+00	0.00e+00
 4.06301e+15	3.87e-14	2.48e-09	2.46e-05	5.38e-03	9.40e-02	9.01e-01	0.00e+00	0.00e+00
 4.18787e+15	4.99e-14	3.08e-09	2.95e-05	6.05e-03	9.98e-02	8.94e-01	0.00e+00	0.00e+00
 4.32348e+15	7.03e-14	4.03e-09	3.59e-05	6.86e-03	1.06e-01	8.87e-01	0.00e+00	0.00e+00
 4.44519e+15	9.07e-14	4.98e-09	4.25e-05	7.64e-03	1.12e-01	8.80e-01	0.00e+00	0.00e+00
 4.57556e+15	1.17e-13	6.17e-09	5.06e-05	8.55e-03	1.19e-01	8.73e-01	0.00e+00	0.00e+00
 4.74225e+15	1.70e-13	8.32e-09	6.30e-05	9.84e-03	1.27e-01	8.63e-01	0.00e+00	0.00e+00
 4.91086e+15	2.36e-13	1.09e-08	7.76e-05	1.13e-02	1.36e-01	8.52e-01	0.00e+00	0.00e+00
 5.05149e+15	3.02e-13	1.34e-08	9.20e-05	1.26e-02	1.44e-01	8.44e-01	0.00e+00	0.00e+00
 5.20104e+15	3.99e-13	1.68e-08	1.10e-04	1.40e-02	1.52e-01	8.34e-01	0.00e+00	0.00e+00
 5.39129e+15	5.86e-13	2.28e-08	1.37e-04	1.62e-02	1.62e-01	8.21e-01	0.00e+00	0.00e+00
 5.58638e+15	8.25e-13	3.01e-08	1.69e-04	1.85e-02	1.73e-01	8.08e-01	0.00e+00	0.00e+00
 5.75500e+15	1.10e-12	3.80e-08	2.02e-04	2.07e-02	1.83e-01	7.96e-01	0.00e+00	0.00e+00
 5.93729e+15	1.49e-12	4.86e-08	2.44e-04	2.33e-02	1.93e-01	7.83e-01	0.00e+00	0.00e+00
 6.16114e+15	2.03e-12	6.34e-08	3.04e-04	2.68e-02	2.06e-01	7.67e-01	0.00e+00	0.00e+00
 6.38438e+15	3.00e-12	8.62e-08	3.78e-04	3.07e-02	2.19e-01	7.50e-01	0.00e+00	0.00e+00
 6.57892e+15	4.01e-12	1.09e-07	4.51e-04	3.43e-02	2.31e-01	7.35e-01	0.00e+00	0.00e+00
 6.79080e+15	5.39e-12	1.39e-07	5.45e-04	3.86e-02	2.43e-01	7.18e-01	0.00e+00	0.00e+00
 7.04879e+15	7.44e-12	1.83e-07	6.79e-04	4.43e-02	2.58e-01	6.98e-01	0.00e+00	0.00e+00
 7.29926e+15	1.10e-11	2.47e-07	8.41e-04	5.04e-02	2.73e-01	6.76e-01	0.00e+00	0.00e+00
 7.50618e+15	1.43e-11	3.07e-07	9.91e-04	5.58e-02	2.84e-01	6.59e-01	0.00e+00	0.00e+00
 7.72393e+15	1.89e-11	3.85e-07	1.18e-03	6.19e-02	2.97e-01	6.40e-01	0.00e+00	0.00e+00
 8.00396e+15	2.55e-11	4.96e-07	1.45e-03	7.03e-02	3.11e-01	6.17e-01	0.00e+00	0.00e+00
 8.27373e+15	3.69e-11	6.62e-07	1.77e-03	7.92e-02	3.26e-01	5.93e-01	0.00e+00	0.00e+00
 8.46491e+15	4.58e-11	7.89e-07	2.02e-03	8.58e-02	3.36e-01	5.76e-01	0.00e+00	0.00e+00
 8.64516e+15	5.63e-11	9.34e-07	2.29e-03	9.25e-02	3.45e-01	5.60e-01	0.00e+00	0.00e+00
 8.87948e+15	7.26e-11	1.15e-06	2.69e-03	1.02e-01	3.56e-01	5.40e-01	0.00e+00	0.00e+00
 9.13752e+15	9.69e-11	1.45e-06	3.19e-03	1.12e-01	3.68e-01	5.16e-01	0.00e+00	0.00e+00
 9.37401e+15	1.23e-10	1.76e-06	3.70e-03	1.22e-01	3.78e-01	4.96e-01	0.00e+00	0.00e+00
 9.62908e+15	1.56e-10	2.15e-06	4.34e-03	1.34e-01	3.88e-01	4.74e-01	0.00e+00	0.00e+00
 9.91457e+15	2.18e-10	2.78e-06	5.18e-03	1.48e-01	3.99e-01	4.48e-01	0.00e+00	0.00e+00
 1.01718e+16	2.76e-10	3.38e-06	6.01e-03	1.61e-01	4.08e-01	4.26e-01	0.00e+00	0.00e+00
 1.04014e+16	3.36e-10	3.99e-06	6.86e-03	1.73e-01	4.14e-01	4.06e-01	0.00e+00	0.00e+00
 1.06630e+16	4.30e-10	4.87e-06	7.96e-03	1.87e-01	4.21e-01	3.84e-01	0.00e+00	0.00e+00
 1.09553e+16	5.95e-10	6.25e-06	9.42e-03	2.05e-01	4.28e-01	3.58e-01	0.00e+00	0.00e+00
 1.12257e+16	7.60e-10	7.62e-06	1.09e-02	2.21e-01	4.32e-01	3.36e-01	0.00e+00	0.00e+00
 1.14770e+16	9.47e-10	9.10e-06	1.24e-02	2.37e-01	4.35e-01	3.16e-01	0.00e+00	0.00e+00
 1.17651e+16	1.19e-09	1.10e-05	1.45e-02	2.55e-01	4.37e-01	2.93e-01	0.00e+00	0.00e+00
 1.20708e+16	1.64e-09	1.41e-05	1.70e-02	2.76e-01	4.38e-01	2.69e-01	0.00e+00	0.00e+00
 1.23284e+16	2.06e-09	1.69e-05	1.94e-02	2.94e-01	4.37e-01	2.50e-01	0.00e+00	0.00e+00
 1.25922e+16	2.59e-09	2.03e-05	2.22e-02	3.13e-01	4.34e-01	2.31e-01	0.00e+00	0.00e+00
 1.28836e+16	3.22e-09	2.43e-05	2.56e-02	3.34e-01	4.30e-01	2.11e-01	0.00e+00	0.00e+00
 1.31485e+16	4.33e-09	3.03e-05	2.93e-02	3.54e-01	4.25e-01	1.92e-01	0.00e+00	0.00e+00
 1.33790e+16	5.30e-09	3.56e-05	3.28e-02	3.71e-01	4.19e-01	1.77e-01	0.00e+00	0.00e+00
 1.36272e+16	6.58e-09	4.22e-05	3.71e-02	3.90e-01	4.11e-01	1.62e-01	0.00e+00	0.00e+00
 1.39010e+16	8.65e-09	5.20e-05	4.26e-02	4.12e-01	4.01e-01	1.45e-01	0.00e+00	0.00e+00
 1.41446e+16	1.06e-08	6.11e-05	4.79e-02	4.30e-01	3.90e-01	1.31e-01	0.00e+00	0.00e+00
 1.43611e+16	1.25e-08	7.02e-05	5.32e-02	4.47e-01	3.80e-01	1.20e-01	0.00e+00	0.00e+00
 1.46059e+16	1.70e-08	8.78e-05	6.06e-02	4.67e-01	3.67e-01	1.06e-01	0.00e+00	0.00e+00
 1.48562e+16	2.01e-08	1.01e-04	6.82e-02	4.85e-01	3.52e-01	9.44e-02	0.00e+00	0.00e+00
 1.50682e+16	2.69e-08	1.25e-04	7.64e-02	5.02e-01	3.38e-01	8.36e-02	0.00e+00	0.00e+00
 1.52560e+16	3.26e-08	1.45e-04	8.40e-02	5.15e-01	3.25e-01	7.53e-02	0.00e+00	0.00e+00
 1.54267e+16	3.91e-08	1.66e-04	9.18e-02	5.27e-01	3.13e-01	6.79e-02	0.00e+00	0.00e+00
 1.55925e+16	4.70e-08	1.91e-04	1.00e-01	5.39e-01	3.00e-01	6.10e-02	0.00e+00	0.00e+00
 1.57829e+16	5.74e-08	2.23e-04	1.11e-01	5.52e-01	2.84e-01	5.36e-02	0.00e+00	0.00e+00
 1.59879e+16	7.51e-08	2.71e-04	1.24e-01	5.64e-01	2.66e-01	4.58e-02	0.00e+00	0.00e+00
 1.61591e+16	8.53e-08	3.02e-04	1.35e-01	5.74e-01	2.50e-01	4.04e-02	0.00e+00	0.00e+00
 1.63065e+16	1.03e-07	3.47e-04	1.47e-01	5.82e-01	2.36e-01	3.55e-02	0.00e+00	0.00e+00
 1.64532e+16	1.32e-07	4.14e-04	1.60e-01	5.88e-01	2.21e-01	3.07e-02	0.00e+00	0.00e+00
 1.65893e+16	1.51e-07	4.60e-04	1.72e-01	5.94e-01	2.07e-01	2.69e-02	0.00e+00	0.00e+00
 1.67341e+16	1.84e-07	5.32e-04	1.87e-01	5.99e-01	1.91e-01	2.29e-02	0.00e+00	0.00e+00
 1.68852e+16	2.28e-07	6.22e-04	2.03e-01	6.03e-01	1.74e-01	1.91e-02	0.00e+00	0.00e+00
 1.70026e+16	2.91e-07	7.38e-04	2.18e-01	6.04e-01	1.61e-01	1.61e-02	0.00e+00	0.00e+00
 1.70831e+16	3.30e-07	8.08e-04	2.29e-01	6.05e-01	1.51e-01	1.44e-02	0.00e+00	0.00e+00
 1.71573e+16	3.74e-07	8.83e-04	2.39e-01	6.05e-01	1.42e-01	1.27e-02	0.00e+00	0.00e+00
 1.72362e+16	4.10e-07	9.46e-04	2.49e-01	6.05e-01	1.33e-01	1.13e-02	0.00e+00	0.00e+00
 1.73211e+16	5.00e-07	1.09e-03	2.63e-01	6.04e-01	1.23e-01	9.54e-03	0.00e+00	0.00e+00
 1.73962e+16	5.64e-07	1.18e-03	2.74e-01	6.02e-01	1.14e-01	8.33e-03	0.00e+00	0.00e+00
 1.74461e+16	6.14e-07	1.26e-03	2.82e-01	6.01e-01	1.08e-01	7.53e-03	0.00e+00	0.00e+00
 1.74985e+16	6.52e-07	1.32e-03	2.90e-01	6.00e-01	1.02e-01	6.77e-03	0.00e+00	0.00e+00
 1.75665e+16	7.68e-07	1.47e-03	3.02e-01	5.97e-01	9.35e-02	5.73e-03	0.00e+00	0.00e+00
 1.76305e+16	8.26e-07	1.56e-03	3.12e-01	5.95e-01	8.64e-02	4.98e-03	0.00e+00	0.00e+00
 1.76891e+16	9.26e-07	1.69e-03	3.22e-01	5.92e-01	7.95e-02	4.27e-03	0.00e+00	0.00e+00
 1.77511e+16	1.04e-06	1.83e-03	3.33e-01	5.89e-01	7.27e-02	3.61e-03	0.00e+00	0.00e+00
 1.78046e+16	1.19e-06	2.00e-03	3.43e-01	5.86e-01	6.68e-02	3.07e-03	0.00e+00	0.00e+00
 1.78498e+16	1.28e-06	2.12e-03	3.50e-01	5.83e-01	6.21e-02	2.69e-03	0.00e+00	0.00e+00
 1.78969e+16	1.41e-06	2.26e-03	3.59e-01	5.79e-01	5.71e-02	2.30e-03	0.00e+00	0.00e+00
 1.79582e+16	1.59e-06	2.46e-03	3.70e-01	5.75e-01	5.10e-02	1.86e-03	0.00e+00	0.00e+00
 1.80222e+16	1.79e-06	2.67e-03	3.81e-01	5.69e-01	4.51e-02	1.49e-03	0.00e+00	0.00e+00
 1.80773e+16	1.98e-06	2.87e-03	3.91e-01	5.65e-01	4.04e-02	1.21e-03	0.00e+00	0.00e+00
 1.81362e+16	2.22e-06	3.10e-03	4.01e-01	5.59e-01	3.55e-02	9.55e-04	0.00e+00	0.00e+00
 1.82017e+16	2.50e-06	3.37e-03	4.12e-01	5.53e-01	3.08e-02	7.31e-04	0.00e+00	0.00e+00
 1.82641e+16	2.80e-06	3.63e-03	4.22e-01	5.47e-01	2.67e-02	5.61e-04	0.00e+00	0.00e+00
 1.83335e+16	3.16e-06	3.95e-03	4.34e-01	5.39e-01	2.26e-02	4.12e-04	0.00e+00	0.00e+00
 1.84116e+16	3.61e-06	4.32e-03	4.46e-01	5.31e-01	1.87e-02	2.89e-04	0.00e+00	0.00e+00
 1.84886e+16	4.10e-06	4.71e-03	4.57e-01	5.23e-01	1.54e-02	2.03e-04	0.00e+00	0.00e+00
 1.85759e+16	4.73e-06	5.17e-03	4.69e-01	5.13e-01	1.24e-02	1.34e-04	0.00e+00	0.00e+00
 1.86894e+16	5.63e-06	5.81e-03	4.85e-01	5.00e-01	9.27e-03	7.77e-05	0.00e+00	0.00e+00
 1.88128e+16	6.75e-06	6.55e-03	5.00e-01	4.86e-01	6.85e-03	4.38e-05	0.00e+00	0.00e+00
 1.89491e+16	8.20e-06	7.44e-03	5.17e-01	4.71e-01	4.91e-03	2.32e-05	0.00e+00	0.00e+00
 1.91264e+16	1.05e-05	8.73e-03	5.38e-01	4.50e-01	3.24e-03	1.04e-05	0.00e+00	0.00e+00
 1.92731e+16	1.29e-05	9.97e-03	5.55e-01	4.33e-01	2.37e-03	5.69e-06	0.00e+00	0.00e+00
 1.93475e+16	1.43e-05	1.07e-02	5.64e-01	4.24e-01	2.03e-03	4.21e-06	0.00e+00	0.00e+00
 1.94115e+16	1.56e-05	1.13e-02	5.71e-01	4.16e-01	1.76e-03	3.19e-06	0.00e+00	0.00e+00
 1.94947e+16	1.76e-05	1.22e-02	5.81e-01	4.05e-01	1.47e-03	2.24e-06	0.00e+00	0.00e+00
 1.96029e+16	2.06e-05	1.35e-02	5.94e-01	3.91e-01	1.17e-03	1.43e-06	0.00e+00	0.00e+00
 1.97198e+16	2.44e-05	1.52e-02	6.08e-01	3.75e-01	9.16e-04	8.94e-07	0.00e+00	0.00e+00
 1.98206e+16	2.85e-05	1.68e-02	6.21e-01	3.62e-01	7.47e-04	0.00e+00	0.00e+00	0.00e+00
 1.99080e+16	3.26e-05	1.84e-02	6.32e-01	3.49e-01	6.25e-04	0.00e+00	0.00e+00	0.00e+00
 2.00054e+16	3.81e-05	2.03e-02	6.44e-01	3.35e-01	5.09e-04	0.00e+00	0.00e+00	0.00e+00
 2.01045e+16	4.48e-05	2.26e-02	6.57e-01	3.20e-01	4.16e-04	0.00e+00	0.00e+00	0.00e+00
 2.01815e+16	5.11e-05	2.47e-02	6.66e-01	3.09e-01	3.56e-04	0.00e+00	0.00e+00	0.00e+00
 2.02465e+16	5.71e-05	2.66e-02	6.74e-01	2.99e-01	3.11e-04	0.00e+00	0.00e+00	0.00e+00
 2.03199e+16	6.49e-05	2.89e-02	6.84e-01	2.87e-01	2.66e-04	0.00e+00	0.00e+00	0.00e+00
 2.04024e+16	7.52e-05	3.19e-02	6.94e-01	2.74e-01	2.23e-04	0.00e+00	0.00e+00	0.00e+00
 2.04776e+16	8.65e-05	3.50e-02	7.03e-01	2.62e-01	1.90e-04	0.00e+00	0.00e+00	0.00e+00
 2.05426e+16	9.79e-05	3.80e-02	7.11e-01	2.51e-01	1.65e-04	0.00e+00	0.00e+00	0.00e+00
 2.06137e+16	1.12e-04	4.16e-02	7.19e-01	2.39e-01	1.40e-04	0.00e+00	0.00e+00	0.00e+00
 2.06909e+16	1.31e-04	4.61e-02	7.27e-01	2.26e-01	1.18e-04	0.00e+00	0.00e+00	0.00e+00
 2.07579e+16	1.50e-04	5.06e-02	7.34e-01	2.15e-01	1.01e-04	0.00e+00	0.00e+00	0.00e+00
 2.08155e+16	1.70e-04	5.48e-02	7.40e-01	2.05e-01	8.81e-05	0.00e+00	0.00e+00	0.00e+00
 2.08790e+16	1.95e-04	6.00e-02	7.46e-01	1.94e-01	7.53e-05	0.00e+00	0.00e+00	0.00e+00
 2.09491e+16	2.27e-04	6.64e-02	7.51e-01	1.82e-01	6.33e-05	0.00e+00	0.00e+00	0.00e+00
 2.10110e+16	2.61e-04	7.30e-02	7.55e-01	1.71e-01	5.41e-05	0.00e+00	0.00e+00	0.00e+00
 2.10640e+16	2.96e-04	7.92e-02	7.58e-01	1.62e-01	4.71e-05	0.00e+00	0.00e+00	0.00e+00
 2.11221e+16	3.40e-04	8.68e-02	7.60e-01	1.52e-01	4.02e-05	0.00e+00	0.00e+00	0.00e+00
 2.11857e+16	3.97e-04	9.62e-02	7.62e-01	1.41e-01	3.36e-05	0.00e+00	0.00e+00	0.00e+00
 2.12419e+16	4.58e-04	1.06e-01	7.62e-01	1.32e-01	2.86e-05	0.00e+00	0.00e+00	0.00e+00
 2.12904e+16	5.20e-04	1.15e-01	7.61e-01	1.24e-01	2.48e-05	0.00e+00	0.00e+00	0.00e+00
 2.13441e+16	5.99e-04	1.26e-01	7.59e-01	1.15e-01	2.09e-05	0.00e+00	0.00e+00	0.00e+00
 2.14028e+16	7.03e-04	1.40e-01	7.54e-01	1.05e-01	1.73e-05	0.00e+00	0.00e+00	0.00e+00
 2.14550e+16	8.15e-04	1.54e-01	7.49e-01	9.64e-02	1.45e-05	0.00e+00	0.00e+00	0.00e+00
 2.15005e+16	9.29e-04	1.68e-01	7.42e-01	8.91e-02	1.24e-05	0.00e+00	0.00e+00	0.00e+00
 2.15509e+16	1.08e-03	1.84e-01	7.34e-01	8.11e-02	1.03e-05	0.00e+00	0.00e+00	0.00e+00
 2.16063e+16	1.27e-03	2.05e-01	7.21e-01	7.25e-02	8.30e-06	0.00e+00	0.00e+00	0.00e+00
 2.16557e+16	1.49e-03	2.26e-01	7.07e-01	6.51e-02	6.78e-06	0.00e+00	0.00e+00	0.00e+00
 2.16995e+16	1.72e-03	2.47e-01	6.93e-01	5.87e-02	5.63e-06	0.00e+00	0.00e+00	0.00e+00
 2.17483e+16	2.01e-03	2.73e-01	6.74e-01	5.18e-02	4.50e-06	0.00e+00	0.00e+00	0.00e+00
 2.18026e+16	2.42e-03	3.05e-01	6.48e-01	4.45e-02	3.45e-06	0.00e+00	0.00e+00	0.00e+00
 2.18527e+16	2.88e-03	3.39e-01	6.21e-01	3.80e-02	2.65e-06	0.00e+00	0.00e+00	0.00e+00
 2.18985e+16	3.40e-03	3.73e-01	5.91e-01	3.24e-02	2.04e-06	0.00e+00	0.00e+00	0.00e+00
 2.19503e+16	4.10e-03	4.15e-01	5.54e-01	2.66e-02	1.49e-06	0.00e+00	0.00e+00	0.00e+00
 2.20051e+16	5.03e-03	4.65e-01	5.09e-01	2.09e-02	1.02e-06	0.00e+00	0.00e+00	0.00e+00
 2.20502e+16	6.00e-03	5.11e-01	4.67e-01	1.68e-02	7.31e-07	0.00e+00	0.00e+00	0.00e+00
 2.20876e+16	6.92e-03	5.50e-01	4.29e-01	1.36e-02	0.00e+00	0.00e+00	0.00e+00	0.00e+00
 2.21222e+16	7.96e-03	5.89e-01	3.92e-01	1.10e-02	0.00e+00	0.00e+00	0.00e+00	0.00e+00
 2.21551e+16	9.12e-03	6.26e-01	3.56e-01	8.86e-03	0.00e+00	0.00e+00	0.00e+00	0.00e+00
 2.21870e+16	1.03e-02	6.63e-01	3.20e-01	7.01e-03	0.00e+00	0.00e+00	0.00e+00	0.00e+00
 2.22181e+16	1.18e-02	6.99e-01	2.84e-01	5.44e-03	0.00e+00	0.00e+00	0.00e+00	0.00e+00
 2.22474e+16	1.33e-02	7.32e-01	2.50e-01	4.19e-03	0.00e+00	0.00e+00	0.00e+00	0.00e+00
 2.22748e+16	1.50e-02	7.62e-01	2.19e-01	3.21e-03	0.00e+00	0.00e+00	0.00e+00	0.00e+00
 2.23011e+16	1.68e-02	7.90e-01	1.91e-01	2.43e-03	0.00e+00	0.00e+00	0.00e+00	0.00e+00
 2.23267e+16	1.88e-02	8.15e-01	1.64e-01	1.81e-03	0.00e+00	0.00e+00	0.00e+00	0.00e+00
 2.23515e+16	2.10e-02	8.38e-01	1.40e-01	1.33e-03	0.00e+00	0.00e+00	0.00e+00	0.00e+00
 2.23752e+16	2.33e-02	8.57e-01	1.18e-01	9.75e-04	0.00e+00	0.00e+00	0.00e+00	0.00e+00
 2.23982e+16	2.59e-02	8.74e-01	9.94e-02	7.02e-04	0.00e+00	0.00e+00	0.00e+00	0.00e+00
 2.24207e+16	2.88e-02	8.88e-01	8.24e-02	4.95e-04	0.00e+00	0.00e+00	0.00e+00	0.00e+00
 2.24424e+16	3.19e-02	9.00e-01	6.79e-02	3.46e-04	0.00e+00	0.00e+00	0.00e+00	0.00e+00
 2.24631e+16	3.53e-02	9.09e-01	5.56e-02	2.41e-04	0.00e+00	0.00e+00	0.00e+00	0.00e+00
 2.24832e+16	3.91e-02	9.15e-01	4.53e-02	1.65e-04	0.00e+00	0.00e+00	0.00e+00	0.00e+00
 2.25028e+16	4.32e-02	9.20e-01	3.65e-02	1.12e-04	0.00e+00	0.00e+00	0.00e+00	0.00e+00
 2.25214e+16	4.77e-02	9.23e-01	2.94e-02	7.58e-05	0.00e+00	0.00e+00	0.00e+00	0.00e+00
 2.25388e+16	5.24e-02	9.24e-01	2.38e-02	5.16e-05	0.00e+00	0.00e+00	0.00e+00	0.00e+00
 2.25553e+16	5.73e-02	9.23e-01	1.92e-02	3.53e-05	0.00e+00	0.00e+00	0.00e+00	0.00e+00
 2.25715e+16	6.26e-02	9.22e-01	1.54e-02	2.38e-05	0.00e+00	0.00e+00	0.00e+00	0.00e+00
 2.25869e+16	6.82e-02	9.19e-01	1.24e-02	1.61e-05	0.00e+00	0.00e+00	0.00e+00	0.00e+00
 2.26015e+16	7.42e-02	9.16e-01	1.00e-02	1.10e-05	0.00e+00	0.00e+00	0.00e+00	0.00e+00
 2.26155e+16	8.02e-02	9.12e-01	8.09e-03	7.47e-06	0.00e+00	0.00e+00	0.00e+00	0.00e+00
 2.26290e+16	8.67e-02	9.07e-01	6.54e-03	5.10e-06	0.00e+00	0.00e+00	0.00e+00	0.00e+00
 2.26413e+16	9.31e-02	9.02e-01	5.34e-03	3.55e-06	0.00e+00	0.00e+00	0.00e+00	0.00e+00
 2.26522e+16	9.90e-02	8.97e-01	4.46e-03	2.57e-06	0.00e+00	0.00e+00	0.00e+00	0.00e+00
 2.26618e+16	1.04e-01	8.92e-01	3.78e-03	1.91e-06	0.00e+00	0.00e+00	0.00e+00	0.00e+00
 2.26690e+16	1.09e-01	8.88e-01	3.34e-03	1.53e-06	0.00e+00	0.00e+00	0.00e+00	0.00e+00
 2.26740e+16	1.12e-01	8.85e-01	3.06e-03	1.31e-06	0.00e+00	0.00e+00	0.00e+00	0.00e+00
 2.26787e+16	1.15e-01	8.82e-01	2.81e-03	1.12e-06	0.00e+00	0.00e+00	0.00e+00	0.00e+00
 2.26841e+16	1.19e-01	8.79e-01	2.54e-03	9.38e-07	0.00e+00	0.00e+00	0.00e+00	0.00e+00
 2.26899e+16	1.23e-01	8.75e-01	2.29e-03	0.00e+00	0.00e+00	0.00e+00	0.00e+00	0.00e+00
 2.26955e+16	1.27e-01	8.71e-01	2.06e-03	0.00e+00	0.00e+00	0.00e+00	0.00e+00	0.00e+00
 2.27008e+16	1.31e-01	8.68e-01	1.87e-03	0.00e+00	0.00e+00	0.00e+00	0.00e+00	0.00e+00
 2.27060e+16	1.35e-01	8.64e-01	1.69e-03	0.00e+00	0.00e+00	0.00e+00	0.00e+00	0.00e+00
 2.27113e+16	1.39e-01	8.60e-01	1.52e-03	0.00e+00	0.00e+00	0.00e+00	0.00e+00	0.00e+00
 2.27165e+16	1.43e-01	8.56e-01	1.38e-03	0.00e+00	0.00e+00	0.00e+00	0.00e+00	0.00e+00
 2.27216e+16	1.47e-01	8.51e-01	1.24e-03	0.00e+00	0.00e+00	0.00e+00	0.00e+00	0.00e+00
 2.27267e+16	1.52e-01	8.47e-01	1.12e-03	0.00e+00	0.00e+00	0.00e+00	0.00e+00	0.00e+00
 2.27317e+16	1.57e-01	8.42e-01	1.01e-03	0.00e+00	0.00e+00	0.00e+00	0.00e+00	0.00e+00
 2.27367e+16	1.61e-01	8.38e-01	9.13e-04	0.00e+00	0.00e+00	0.00e+00	0.00e+00	0.00e+00
 2.27415e+16	1.66e-01	8.33e-01	8.26e-04	0.00e+00	0.00e+00	0.00e+00	0.00e+00	0.00e+00
 2.27464e+16	1.71e-01	8.28e-01	7.44e-04	0.00e+00	0.00e+00	0.00e+00	0.00e+00	0.00e+00
 2.27512e+16	1.76e-01	8.23e-01	6.71e-04	0.00e+00	0.00e+00	0.00e+00	0.00e+00	0.00e+00
 2.27559e+16	1.82e-01	8.17e-01	6.05e-04	0.00e+00	0.00e+00	0.00e+00	0.00e+00	0.00e+00
 2.27607e+16	1.87e-01	8.12e-01	5.45e-04	0.00e+00	0.00e+00	0.00e+00	0.00e+00	0.00e+00
 2.27653e+16	1.93e-01	8.07e-01	4.91e-04	0.00e+00	0.00e+00	0.00e+00	0.00e+00	0.00e+00
 2.27698e+16	1.99e-01	8.01e-01	4.43e-04	0.00e+00	0.00e+00	0.00e+00	0.00e+00	0.00e+00
 2.27744e+16	2.05e-01	7.95e-01	3.99e-04	0.00e+00	0.00e+00	0.00e+00	0.00e+00	0.00e+00
 2.27789e+16	2.11e-01	7.88e-01	3.59e-04	0.00e+00	0.00e+00	0.00e+00	0.00e+00	0.00e+00
 2.27833e+16	2.18e-01	7.82e-01	3.23e-04	0.00e+00	0.00e+00	0.00e+00	0.00e+00	0.00e+00
 2.27877e+16	2.25e-01	7.75e-01	2.90e-04	0.00e+00	0.00e+00	0.00e+00	0.00e+00	0.00e+00
 2.27920e+16	2.32e-01	7.67e-01	2.61e-04	0.00e+00	0.00e+00	0.00e+00	0.00e+00	0.00e+00
 2.27963e+16	2.40e-01	7.60e-01	2.35e-04	0.00e+00	0.00e+00	0.00e+00	0.00e+00	0.00e+00
 2.28006e+16	2.48e-01	7.52e-01	2.11e-04	0.00e+00	0.00e+00	0.00e+00	0.00e+00	0.00e+00
 2.28047e+16	2.57e-01	7.43e-01	1.89e-04	0.00e+00	0.00e+00	0.00e+00	0.00e+00	0.00e+00
 2.28088e+16	2.66e-01	7.34e-01	1.70e-04	0.00e+00	0.00e+00	0.00e+00	0.00e+00	0.00e+00
 2.28129e+16	2.75e-01	7.25e-01	1.52e-04	0.00e+00	0.00e+00	0.00e+00	0.00e+00	0.00e+00
 2.28170e+16	2.86e-01	7.13e-01	1.36e-04	0.00e+00	0.00e+00	0.00e+00	0.00e+00	0.00e+00
 2.28209e+16	2.96e-01	7.04e-01	1.22e-04	0.00e+00	0.00e+00	0.00e+00	0.00e+00	0.00e+00
 2.28247e+16	3.07e-01	6.93e-01	1.10e-04	0.00e+00	0.00e+00	0.00e+00	0.00e+00	0.00e+00
 2.28285e+16	3.18e-01	6.82e-01	9.81e-05	0.00e+00	0.00e+00	0.00e+00	0.00e+00	0.00e+00
 2.28322e+16	3.31e-01	6.69e-01	8.78e-05	0.00e+00	0.00e+00	0.00e+00	0.00e+00	0.00e+00
 2.28358e+16	3.44e-01	6.56e-01	7.87e-05	0.00e+00	0.00e+00	0.00e+00	0.00e+00	0.00e+00
 2.28394e+16	3.56e-01	6.44e-01	7.06e-05	0.00e+00	0.00e+00	0.00e+00	0.00e+00	0.00e+00
 2.28429e+16	3.70e-01	6.30e-01	6.31e-05	0.00e+00	0.00e+00	0.00e+00	0.00e+00	0.00e+00
 2.28463e+16	3.85e-01	6.15e-01	5.64e-05	0.00e+00	0.00e+00	0.00e+00	0.00e+00	0.00e+00
 2.28497e+16	4.00e-01	6.00e-01	5.04e-05	0.00e+00	0.00e+00	0.00e+00	0.00e+00	0.00e+00
 2.28530e+16	4.16e-01	5.84e-01	4.50e-05	0.00e+00	0.00e+00	0.00e+00	0.00e+00	0.00e+00
 2.28563e+16	4.34e-01	5.66e-01	4.01e-05	0.00e+00	0.00e+00	0.00e+00	0.00e+00	0.00e+00
 2.28596e+16	4.53e-01	5.47e-01	3.56e-05	0.00e+00	0.00e+00	0.00e+00	0.00e+00	0.00e+00
 2.28627e+16	4.72e-01	5.28e-01	3.16e-05	0.00e+00	0.00e+00	0.00e+00	0.00e+00	0.00e+00
 2.28659e+16	4.91e-01	5.09e-01	2.81e-05	0.00e+00	0.00e+00	0.00e+00	0.00e+00	0.00e+00
 2.28690e+16	5.12e-01	4.88e-01	2.48e-05	0.00e+00	0.00e+00	0.00e+00	0.00e+00	0.00e+00
 2.28721e+16	5.33e-01	4.67e-01	2.19e-05	0.00e+00	0.00e+00	0.00e+00	0.00e+00	0.00e+00
 2.28752e+16	5.54e-01	4.46e-01	1.93e-05	0.00e+00	0.00e+00	0.00e+00	0.00e+00	0.00e+00
 2.28782e+16	5.76e-01	4.24e-01	1.70e-05	0.00e+00	0.00e+00	0.00e+00	0.00e+00	0.00e+00
 2.28812e+16	5.99e-01	4.01e-01	1.49e-05	0.00e+00	0.00e+00	0.00e+00	0.00e+00	0.00e+00
 2.28842e+16	6.21e-01	3.79e-01	1.30e-05	0.00e+00	0.00e+00	0.00e+00	0.00e+00	0.00e+00
 2.28872e+16	6.44e-01	3.56e-01	1.13e-05	0.00e+00	0.00e+00	0.00e+00	0.00e+00	0.00e+00
 2.28898e+16	6.65e-01	3.35e-01	9.99e-06	0.00e+00	0.00e+00	0.00e+00	0.00e+00	0.00e+00
 2.28919e+16	6.80e-01	3.20e-01	9.04e-06	0.00e+00	0.00e+00	0.00e+00	0.00e+00	0.00e+00
 2.28938e+16	6.95e-01	3.05e-01	8.22e-06	0.00e+00	0.00e+00	0.00e+00	0.00e+00	0.00e+00
 2.28958e+16	7.10e-01	2.90e-01	7.45e-06	0.00e+00	0.00e+00	0.00e+00	0.00e+00	0.00e+00
 2.28978e+16	7.26e-01	2.74e-01	6.67e-06	0.00e+00	0.00e+00	0.00e+00	0.00e+00	0.00e+00
 2.28998e+16	7.40e-01	2.60e-01	6.04e-06	0.00e+00	0.00e+00	0.00e+00	0.00e+00	0.00e+00
 2.29017e+16	7.55e-01	2.45e-01	5.44e-06	0.00e+00	0.00e+00	0.00e+00	0.00e+00	0.00e+00
 2.29035e+16	7.67e-01	2.33e-01	4.96e-06	0.00e+00	0.00e+00	0.00e+00	0.00e+00	0.00e+00
