#depth	C	C+	C+2	C+3	C+4	C+5	C+6	C[1]	C[2]	C[3]	C+[1]	C+[2]	CO
 1.49634e+10	1.41e-45	2.73e-34	4.27e-24	2.03e-14	3.21e-04	4.74e-01	5.26e-01	0.00e+00	0.00e+00	0.00e+00	0.00e+00	0.00e+00	1.57e-144
 4.54887e+10	0.00e+00	3.86e-34	5.59e-24	2.46e-14	3.59e-04	4.94e-01	5.06e-01	0.00e+00	0.00e+00	0.00e+00	0.00e+00	0.00e+00	2.07e-188
 7.72350e+10	3.35e-45	5.52e-34	7.38e-24	3.01e-14	4.04e-04	5.13e-01	4.86e-01	0.00e+00	0.00e+00	0.00e+00	0.00e+00	0.00e+00	1.52e-143
 1.10251e+11	0.00e+00	7.89e-34	9.74e-24	3.66e-14	4.55e-04	5.33e-01	4.66e-01	0.00e+00	0.00e+00	0.00e+00	0.00e+00	0.00e+00	1.06e-187
 1.44588e+11	7.99e-45	1.12e-33	1.28e-23	4.45e-14	5.11e-04	5.53e-01	4.47e-01	0.00e+00	0.00e+00	0.00e+00	0.00e+00	0.00e+00	1.49e-142
 1.80298e+11	0.00e+00	1.60e-33	1.69e-23	5.42e-14	5.74e-04	5.72e-01	4.27e-01	0.00e+00	0.00e+00	0.00e+00	0.00e+00	0.00e+00	5.47e-187
 2.17437e+11	1.90e-44	2.29e-33	2.22e-23	6.58e-14	6.44e-04	5.92e-01	4.08e-01	0.00e+00	0.00e+00	0.00e+00	0.00e+00	0.00e+00	1.46e-141
 2.53500e+11	0.00e+00	3.18e-33	2.87e-23	7.87e-14	7.15e-04	6.09e-01	3.90e-01	0.00e+00	0.00e+00	0.00e+00	0.00e+00	0.00e+00	2.84e-186
 2.86768e+11	4.09e-44	4.26e-33	3.60e-23	9.25e-14	7.86e-04	6.25e-01	3.74e-01	0.00e+00	0.00e+00	0.00e+00	0.00e+00	0.00e+00	1.10e-140
 3.23888e+11	0.00e+00	5.86e-33	4.61e-23	1.10e-13	8.72e-04	6.42e-01	3.57e-01	0.00e+00	0.00e+00	0.00e+00	0.00e+00	0.00e+00	1.21e-185
 3.66730e+11	9.28e-44	8.31e-33	6.04e-23	1.33e-13	9.72e-04	6.60e-01	3.39e-01	0.00e+00	0.00e+00	0.00e+00	0.00e+00	0.00e+00	9.61e-140
 4.08954e+11	0.00e+00	1.16e-32	7.80e-23	1.59e-13	1.08e-03	6.77e-01	3.22e-01	0.00e+00	0.00e+00	0.00e+00	0.00e+00	0.00e+00	5.62e-185
 4.52866e+11	2.11e-43	1.62e-32	1.01e-22	1.91e-13	1.20e-03	6.93e-01	3.06e-01	0.00e+00	0.00e+00	0.00e+00	0.00e+00	0.00e+00	8.41e-139
 5.00908e+11	0.00e+00	2.30e-32	1.32e-22	2.31e-13	1.34e-03	7.10e-01	2.89e-01	0.00e+00	0.00e+00	0.00e+00	0.00e+00	0.00e+00	2.58e-184
 5.49604e+11	4.92e-43	3.23e-32	1.72e-22	2.77e-13	1.48e-03	7.25e-01	2.73e-01	0.00e+00	0.00e+00	0.00e+00	0.00e+00	0.00e+00	8.05e-138
 6.00248e+11	0.00e+00	4.54e-32	2.24e-22	3.33e-13	1.65e-03	7.40e-01	2.58e-01	0.00e+00	0.00e+00	0.00e+00	0.00e+00	0.00e+00	1.26e-183
 6.54185e+11	1.15e-42	6.44e-32	2.93e-22	4.02e-13	1.83e-03	7.55e-01	2.43e-01	0.00e+00	0.00e+00	0.00e+00	0.00e+00	0.00e+00	7.74e-137
 7.10279e+11	0.00e+00	9.14e-32	3.83e-22	4.85e-13	2.04e-03	7.70e-01	2.28e-01	0.00e+00	0.00e+00	0.00e+00	0.00e+00	0.00e+00	6.01e-183
 7.68617e+11	2.73e-42	1.30e-31	5.01e-22	5.84e-13	2.27e-03	7.84e-01	2.14e-01	0.00e+00	0.00e+00	0.00e+00	0.00e+00	0.00e+00	7.68e-136
 8.29289e+11	0.00e+00	1.84e-31	6.55e-22	7.04e-13	2.52e-03	7.97e-01	2.01e-01	0.00e+00	0.00e+00	0.00e+00	0.00e+00	0.00e+00	2.84e-182
 8.92387e+11	6.46e-42	2.61e-31	8.57e-22	8.49e-13	2.80e-03	8.09e-01	1.88e-01	0.00e+00	0.00e+00	0.00e+00	0.00e+00	0.00e+00	7.66e-135
 9.58009e+11	0.00e+00	3.70e-31	1.12e-21	1.02e-12	3.11e-03	8.21e-01	1.76e-01	0.00e+00	0.00e+00	0.00e+00	0.00e+00	0.00e+00	1.26e-181
 1.02626e+12	1.53e-41	5.25e-31	1.47e-21	1.23e-12	3.45e-03	8.32e-01	1.64e-01	0.00e+00	0.00e+00	0.00e+00	0.00e+00	0.00e+00	7.69e-134
 1.09043e+12	0.00e+00	7.20e-31	1.87e-21	1.45e-12	3.78e-03	8.42e-01	1.54e-01	0.00e+00	0.00e+00	0.00e+00	0.00e+00	0.00e+00	5.15e-181
 1.14781e+12	3.19e-41	9.49e-31	2.31e-21	1.68e-12	4.10e-03	8.50e-01	1.46e-01	0.00e+00	0.00e+00	0.00e+00	0.00e+00	0.00e+00	5.42e-133
 1.21221e+12	0.00e+00	1.28e-30	2.91e-21	1.98e-12	4.49e-03	8.58e-01	1.37e-01	0.00e+00	0.00e+00	0.00e+00	0.00e+00	0.00e+00	1.36e-180
 1.28855e+12	7.05e-41	1.81e-30	3.78e-21	2.37e-12	4.96e-03	8.67e-01	1.28e-01	0.00e+00	0.00e+00	0.00e+00	0.00e+00	0.00e+00	4.52e-132
 1.36494e+12	0.00e+00	2.51e-30	4.86e-21	2.81e-12	5.45e-03	8.75e-01	1.19e-01	0.00e+00	0.00e+00	0.00e+00	0.00e+00	0.00e+00	6.98e-181
 1.43669e+12	1.54e-40	3.39e-30	6.12e-21	3.30e-12	5.95e-03	8.82e-01	1.12e-01	0.00e+00	0.00e+00	0.00e+00	0.00e+00	0.00e+00	3.62e-131
 1.51638e+12	0.00e+00	4.69e-30	7.85e-21	3.91e-12	6.54e-03	8.89e-01	1.05e-01	0.00e+00	0.00e+00	0.00e+00	0.00e+00	0.00e+00	0.00e+00
 1.60696e+12	3.56e-40	6.68e-30	1.03e-20	4.71e-12	7.24e-03	8.96e-01	9.71e-02	0.00e+00	0.00e+00	0.00e+00	0.00e+00	0.00e+00	3.39e-130
 1.69761e+12	0.00e+00	9.40e-30	1.34e-20	5.64e-12	7.99e-03	9.02e-01	9.01e-02	0.00e+00	0.00e+00	0.00e+00	0.00e+00	0.00e+00	0.00e+00
 1.79189e+12	8.31e-40	1.32e-29	1.74e-20	6.75e-12	8.82e-03	9.08e-01	8.36e-02	0.00e+00	0.00e+00	0.00e+00	0.00e+00	0.00e+00	3.25e-129
 1.89349e+12	0.00e+00	1.89e-29	2.28e-20	8.14e-12	9.76e-03	9.13e-01	7.72e-02	0.00e+00	0.00e+00	0.00e+00	0.00e+00	0.00e+00	0.00e+00
 1.99916e+12	2.01e-39	2.71e-29	3.00e-20	9.81e-12	1.08e-02	9.18e-01	7.13e-02	0.00e+00	0.00e+00	0.00e+00	0.00e+00	0.00e+00	3.43e-128
 2.09914e+12	0.00e+00	3.75e-29	3.85e-20	1.16e-11	1.18e-02	9.22e-01	6.63e-02	0.00e+00	0.00e+00	0.00e+00	0.00e+00	0.00e+00	0.00e+00
 2.18999e+12	4.31e-39	5.00e-29	4.80e-20	1.35e-11	1.28e-02	9.25e-01	6.21e-02	0.00e+00	0.00e+00	0.00e+00	0.00e+00	0.00e+00	2.60e-127
 2.29288e+12	0.00e+00	6.87e-29	6.12e-20	1.60e-11	1.41e-02	9.28e-01	5.77e-02	0.00e+00	0.00e+00	0.00e+00	0.00e+00	0.00e+00	0.00e+00
 2.41303e+12	9.97e-39	9.82e-29	8.04e-20	1.92e-11	1.55e-02	9.31e-01	5.32e-02	0.00e+00	0.00e+00	0.00e+00	0.00e+00	0.00e+00	2.40e-126
 2.53205e+12	0.00e+00	1.38e-28	1.04e-19	2.29e-11	1.71e-02	9.34e-01	4.91e-02	0.00e+00	0.00e+00	0.00e+00	0.00e+00	0.00e+00	0.00e+00
 2.64452e+12	2.24e-38	1.89e-28	1.33e-19	2.70e-11	1.86e-02	9.36e-01	4.56e-02	0.00e+00	0.00e+00	0.00e+00	0.00e+00	0.00e+00	2.07e-125
 2.76893e+12	0.00e+00	2.64e-28	1.71e-19	3.21e-11	2.04e-02	9.37e-01	4.22e-02	0.00e+00	0.00e+00	0.00e+00	0.00e+00	0.00e+00	0.00e+00
 2.90961e+12	5.35e-38	3.80e-28	2.26e-19	3.88e-11	2.26e-02	9.39e-01	3.86e-02	0.00e+00	0.00e+00	0.00e+00	0.00e+00	0.00e+00	2.06e-124
 3.05002e+12	0.00e+00	5.40e-28	2.96e-19	4.65e-11	2.49e-02	9.40e-01	3.55e-02	0.00e+00	0.00e+00	0.00e+00	0.00e+00	0.00e+00	0.00e+00
 3.19604e+12	1.28e-37	7.70e-28	3.88e-19	5.59e-11	2.74e-02	9.40e-01	3.26e-02	0.00e+00	0.00e+00	0.00e+00	0.00e+00	0.00e+00	2.09e-123
 3.35381e+12	0.00e+00	1.11e-27	5.14e-19	6.76e-11	3.03e-02	9.40e-01	2.98e-02	0.00e+00	0.00e+00	0.00e+00	0.00e+00	0.00e+00	0.00e+00
 3.51375e+12	3.18e-37	1.59e-27	6.77e-19	8.14e-11	3.33e-02	9.39e-01	2.72e-02	0.00e+00	0.00e+00	0.00e+00	0.00e+00	0.00e+00	2.29e-122
 3.68009e+12	0.00e+00	2.29e-27	8.93e-19	9.81e-11	3.67e-02	9.38e-01	2.49e-02	0.00e+00	0.00e+00	0.00e+00	0.00e+00	0.00e+00	0.00e+00
 3.85722e+12	7.89e-37	3.32e-27	1.19e-18	1.19e-10	4.06e-02	9.37e-01	2.27e-02	0.00e+00	0.00e+00	0.00e+00	0.00e+00	0.00e+00	2.52e-121
 4.03364e+12	0.00e+00	4.74e-27	1.56e-18	1.43e-10	4.46e-02	9.35e-01	2.07e-02	0.00e+00	0.00e+00	0.00e+00	0.00e+00	0.00e+00	0.00e+00
 4.21712e+12	1.92e-36	6.78e-27	2.05e-18	1.72e-10	4.90e-02	9.32e-01	1.89e-02	0.00e+00	0.00e+00	0.00e+00	0.00e+00	0.00e+00	2.62e-120
 4.41574e+12	0.00e+00	9.85e-27	2.73e-18	2.08e-10	5.41e-02	9.29e-01	1.71e-02	0.00e+00	0.00e+00	0.00e+00	0.00e+00	0.00e+00	0.00e+00
 4.62229e+12	4.86e-36	1.43e-26	3.64e-18	2.52e-10	5.96e-02	9.25e-01	1.55e-02	0.00e+00	0.00e+00	0.00e+00	0.00e+00	0.00e+00	3.01e-119
 4.83711e+12	0.00e+00	2.08e-26	4.85e-18	3.06e-10	6.57e-02	9.20e-01	1.41e-02	0.00e+00	0.00e+00	0.00e+00	0.00e+00	0.00e+00	0.00e+00
 5.06052e+12	1.23e-35	3.03e-26	6.46e-18	3.71e-10	7.24e-02	9.15e-01	1.27e-02	0.00e+00	0.00e+00	0.00e+00	0.00e+00	0.00e+00	3.47e-118
 5.29287e+12	0.00e+00	4.40e-26	8.62e-18	4.50e-10	7.97e-02	9.09e-01	1.15e-02	0.00e+00	0.00e+00	0.00e+00	0.00e+00	0.00e+00	0.00e+00
 5.50354e+12	2.94e-35	6.10e-26	1.11e-17	5.33e-10	8.67e-02	9.03e-01	1.05e-02	0.00e+00	0.00e+00	0.00e+00	0.00e+00	0.00e+00	3.41e-117
 5.67990e+12	0.00e+00	7.95e-26	1.36e-17	6.10e-10	9.27e-02	8.98e-01	9.72e-03	0.00e+00	0.00e+00	0.00e+00	0.00e+00	0.00e+00	3.39e-100
 5.87344e+12	5.80e-35	1.05e-25	1.69e-17	7.06e-10	9.95e-02	8.92e-01	8.97e-03	0.00e+00	0.00e+00	0.00e+00	0.00e+00	0.00e+00	0.00e+00
 6.11745e+12	8.89e-35	1.49e-25	2.20e-17	8.42e-10	1.08e-01	8.83e-01	8.12e-03	0.00e+00	0.00e+00	0.00e+00	0.00e+00	0.00e+00	6.21e-116
 6.37144e+12	1.36e-34	2.10e-25	2.87e-17	1.01e-09	1.18e-01	8.74e-01	7.34e-03	0.00e+00	0.00e+00	0.00e+00	0.00e+00	0.00e+00	1.19e-97
 6.58884e+12	1.94e-34	2.78e-25	3.58e-17	1.16e-09	1.27e-01	8.66e-01	6.75e-03	0.00e+00	0.00e+00	0.00e+00	0.00e+00	0.00e+00	0.00e+00
 6.81431e+12	2.75e-34	3.70e-25	4.45e-17	1.35e-09	1.36e-01	8.58e-01	6.19e-03	0.00e+00	0.00e+00	0.00e+00	0.00e+00	0.00e+00	1.21e-114
 7.09555e+12	4.20e-34	5.20e-25	5.80e-17	1.61e-09	1.48e-01	8.47e-01	5.57e-03	0.00e+00	0.00e+00	0.00e+00	0.00e+00	0.00e+00	1.41e-96
 7.37988e+12	6.33e-34	7.24e-25	7.50e-17	1.91e-09	1.60e-01	8.35e-01	5.02e-03	0.00e+00	0.00e+00	0.00e+00	0.00e+00	0.00e+00	0.00e+00
 7.62585e+12	8.89e-34	9.52e-25	9.28e-17	2.20e-09	1.71e-01	8.24e-01	4.60e-03	0.00e+00	0.00e+00	0.00e+00	0.00e+00	0.00e+00	2.68e-113
 7.89136e+12	1.27e-33	1.27e-24	1.16e-16	2.54e-09	1.83e-01	8.13e-01	4.20e-03	0.00e+00	0.00e+00	0.00e+00	0.00e+00	0.00e+00	1.58e-95
 8.21722e+12	1.92e-33	1.77e-24	1.50e-16	3.03e-09	1.98e-01	7.98e-01	3.75e-03	0.00e+00	0.00e+00	0.00e+00	0.00e+00	0.00e+00	2.06e-112
 8.54944e+12	2.88e-33	2.46e-24	1.94e-16	3.58e-09	2.14e-01	7.83e-01	3.36e-03	0.00e+00	0.00e+00	0.00e+00	0.00e+00	0.00e+00	9.58e-95
 8.85038e+12	4.08e-33	3.27e-24	2.42e-16	4.14e-09	2.28e-01	7.69e-01	3.04e-03	0.00e+00	0.00e+00	0.00e+00	0.00e+00	0.00e+00	1.55e-111
 9.18277e+12	5.92e-33	4.41e-24	3.05e-16	4.83e-09	2.44e-01	7.53e-01	2.74e-03	0.00e+00	0.00e+00	0.00e+00	0.00e+00	0.00e+00	4.68e-94
 9.57302e+12	8.97e-33	6.17e-24	3.97e-16	5.74e-09	2.63e-01	7.35e-01	2.43e-03	0.00e+00	0.00e+00	0.00e+00	0.00e+00	0.00e+00	1.28e-110
 9.96198e+12	1.33e-32	8.49e-24	5.09e-16	6.76e-09	2.82e-01	7.16e-01	2.15e-03	0.00e+00	0.00e+00	0.00e+00	0.00e+00	0.00e+00	2.79e-93
 1.03330e+13	1.90e-32	1.13e-23	6.37e-16	7.84e-09	3.00e-01	6.98e-01	1.93e-03	0.00e+00	0.00e+00	0.00e+00	0.00e+00	0.00e+00	9.86e-110
 1.07427e+13	2.78e-32	1.54e-23	8.08e-16	9.15e-09	3.20e-01	6.79e-01	1.71e-03	0.00e+00	0.00e+00	0.00e+00	0.00e+00	0.00e+00	1.42e-92
 1.12023e+13	4.15e-32	2.13e-23	1.04e-15	1.08e-08	3.42e-01	6.57e-01	1.51e-03	0.00e+00	0.00e+00	0.00e+00	0.00e+00	0.00e+00	8.34e-109
 1.16639e+13	6.10e-32	2.91e-23	1.32e-15	1.26e-08	3.64e-01	6.35e-01	1.33e-03	0.00e+00	0.00e+00	0.00e+00	0.00e+00	0.00e+00	8.20e-92
 1.20749e+13	8.44e-32	3.78e-23	1.63e-15	1.44e-08	3.83e-01	6.16e-01	1.19e-03	0.00e+00	0.00e+00	0.00e+00	0.00e+00	0.00e+00	5.94e-108
 1.24199e+13	1.10e-31	4.67e-23	1.92e-15	1.60e-08	3.99e-01	6.00e-01	1.08e-03	0.00e+00	0.00e+00	0.00e+00	0.00e+00	0.00e+00	3.07e-91
 1.27910e+13	1.44e-31	5.82e-23	2.27e-15	1.79e-08	4.15e-01	5.84e-01	9.85e-04	0.00e+00	0.00e+00	0.00e+00	0.00e+00	0.00e+00	2.65e-107
 1.32735e+13	2.02e-31	7.66e-23	2.81e-15	2.05e-08	4.37e-01	5.62e-01	8.72e-04	0.00e+00	0.00e+00	0.00e+00	0.00e+00	0.00e+00	1.23e-90
 1.37779e+13	2.84e-31	1.01e-22	3.48e-15	2.35e-08	4.58e-01	5.41e-01	7.69e-04	0.00e+00	0.00e+00	0.00e+00	0.00e+00	0.00e+00	1.80e-106
 1.42078e+13	3.74e-31	1.26e-22	4.13e-15	2.62e-08	4.76e-01	5.23e-01	6.93e-04	0.00e+00	0.00e+00	0.00e+00	0.00e+00	0.00e+00	4.96e-90
 1.46636e+13	4.96e-31	1.58e-22	4.92e-15	2.92e-08	4.95e-01	5.05e-01	6.22e-04	0.00e+00	0.00e+00	0.00e+00	0.00e+00	0.00e+00	8.82e-106
 1.52346e+13	6.95e-31	2.07e-22	6.07e-15	3.34e-08	5.17e-01	4.82e-01	5.45e-04	0.00e+00	0.00e+00	0.00e+00	0.00e+00	0.00e+00	2.05e-89
 1.58218e+13	9.68e-31	2.70e-22	7.45e-15	3.80e-08	5.39e-01	4.61e-01	4.77e-04	0.00e+00	0.00e+00	0.00e+00	0.00e+00	0.00e+00	6.06e-105
 1.63415e+13	1.28e-30	3.38e-22	8.86e-15	4.24e-08	5.58e-01	4.42e-01	4.25e-04	0.00e+00	0.00e+00	0.00e+00	0.00e+00	0.00e+00	8.43e-89
 1.69070e+13	1.71e-30	4.28e-22	1.06e-14	4.74e-08	5.77e-01	4.23e-01	3.76e-04	0.00e+00	0.00e+00	0.00e+00	0.00e+00	0.00e+00	3.22e-104
 1.75292e+13	2.33e-30	5.47e-22	1.28e-14	5.33e-08	5.97e-01	4.03e-01	3.30e-04	0.00e+00	0.00e+00	0.00e+00	0.00e+00	0.00e+00	3.42e-88
 1.81000e+13	3.05e-30	6.80e-22	1.52e-14	5.91e-08	6.15e-01	3.85e-01	2.93e-04	0.00e+00	0.00e+00	0.00e+00	0.00e+00	0.00e+00	1.77e-103
 1.87169e+13	4.04e-30	8.51e-22	1.80e-14	6.57e-08	6.33e-01	3.67e-01	2.59e-04	0.00e+00	0.00e+00	0.00e+00	0.00e+00	0.00e+00	1.25e-87
 1.94059e+13	5.45e-30	1.08e-21	2.16e-14	7.35e-08	6.52e-01	3.48e-01	2.26e-04	0.00e+00	0.00e+00	0.00e+00	0.00e+00	0.00e+00	1.00e-102
 2.00529e+13	7.14e-30	1.34e-21	2.55e-14	8.13e-08	6.69e-01	3.31e-01	2.00e-04	0.00e+00	0.00e+00	0.00e+00	0.00e+00	0.00e+00	4.85e-87
 2.07580e+13	9.46e-30	1.68e-21	3.03e-14	9.02e-08	6.86e-01	3.14e-01	1.75e-04	0.00e+00	0.00e+00	0.00e+00	0.00e+00	0.00e+00	5.30e-102
 2.15408e+13	1.28e-29	2.14e-21	3.64e-14	1.01e-07	7.04e-01	2.96e-01	1.52e-04	0.00e+00	0.00e+00	0.00e+00	0.00e+00	0.00e+00	1.97e-86
 2.22704e+13	1.67e-29	2.65e-21	4.28e-14	1.11e-07	7.19e-01	2.80e-01	1.34e-04	0.00e+00	0.00e+00	0.00e+00	0.00e+00	0.00e+00	3.00e-101
 2.30647e+13	2.21e-29	3.31e-21	5.06e-14	1.23e-07	7.35e-01	2.65e-01	1.17e-04	0.00e+00	0.00e+00	0.00e+00	0.00e+00	0.00e+00	7.45e-86
 2.39528e+13	2.97e-29	4.20e-21	6.06e-14	1.37e-07	7.52e-01	2.48e-01	1.00e-04	0.00e+00	0.00e+00	0.00e+00	0.00e+00	0.00e+00	1.79e-100
 2.47910e+13	3.90e-29	5.21e-21	7.13e-14	1.51e-07	7.66e-01	2.34e-01	8.77e-05	0.00e+00	0.00e+00	0.00e+00	0.00e+00	0.00e+00	3.03e-85
 2.57089e+13	5.19e-29	6.53e-21	8.45e-14	1.66e-07	7.80e-01	2.20e-01	7.60e-05	0.00e+00	0.00e+00	0.00e+00	0.00e+00	0.00e+00	1.02e-99
 2.67361e+13	7.03e-29	8.31e-21	1.01e-13	1.85e-07	7.95e-01	2.05e-01	6.50e-05	0.00e+00	0.00e+00	0.00e+00	0.00e+00	0.00e+00	1.31e-84
 2.77092e+13	9.28e-29	1.04e-20	1.19e-13	2.04e-07	8.07e-01	1.93e-01	5.64e-05	0.00e+00	0.00e+00	0.00e+00	0.00e+00	0.00e+00	6.37e-99
 2.87521e+13	1.24e-28	1.30e-20	1.41e-13	2.24e-07	8.20e-01	1.80e-01	4.86e-05	0.00e+00	0.00e+00	0.00e+00	0.00e+00	0.00e+00	5.43e-84
 2.99321e+13	1.68e-28	1.66e-20	1.69e-13	2.49e-07	8.33e-01	1.67e-01	4.13e-05	0.00e+00	0.00e+00	0.00e+00	0.00e+00	0.00e+00	4.22e-98
 3.11011e+13	2.26e-28	2.09e-20	2.01e-13	2.75e-07	8.44e-01	1.56e-01	3.54e-05	0.00e+00	0.00e+00	0.00e+00	0.00e+00	0.00e+00	2.51e-83
 3.23168e+13	3.02e-28	2.63e-20	2.38e-13	3.03e-07	8.55e-01	1.45e-01	3.04e-05	0.00e+00	0.00e+00	0.00e+00	0.00e+00	0.00e+00	2.77e-97
 3.36394e+13	4.11e-28	3.34e-20	2.84e-13	3.34e-07	8.65e-01	1.35e-01	2.58e-05	0.00e+00	0.00e+00	0.00e+00	0.00e+00	0.00e+00	1.18e-82
 3.50149e+13	5.57e-28	4.24e-20	3.38e-13	3.69e-07	8.75e-01	1.25e-01	2.19e-05	0.00e+00	0.00e+00	0.00e+00	0.00e+00	0.00e+00	1.98e-96
 3.63104e+13	7.35e-28	5.27e-20	3.96e-13	4.03e-07	8.83e-01	1.17e-01	1.90e-05	0.00e+00	0.00e+00	0.00e+00	0.00e+00	0.00e+00	5.35e-82
 3.74761e+13	9.34e-28	6.36e-20	4.53e-13	4.34e-07	8.90e-01	1.10e-01	1.67e-05	0.00e+00	0.00e+00	0.00e+00	0.00e+00	0.00e+00	1.06e-95
 3.85749e+13	1.16e-27	7.54e-20	5.13e-13	4.66e-07	8.96e-01	1.04e-01	1.48e-05	0.00e+00	0.00e+00	0.00e+00	0.00e+00	0.00e+00	1.77e-81
 3.97882e+13	1.47e-27	9.06e-20	5.85e-13	5.01e-07	9.02e-01	9.79e-02	1.31e-05	0.00e+00	0.00e+00	0.00e+00	0.00e+00	0.00e+00	4.65e-95
 4.11497e+13	1.90e-27	1.11e-19	6.75e-13	5.41e-07	9.08e-01	9.18e-02	1.14e-05	0.00e+00	0.00e+00	0.00e+00	0.00e+00	0.00e+00	6.51e-81
 4.24454e+13	2.41e-27	1.33e-19	7.70e-13	5.82e-07	9.14e-01	8.64e-02	1.01e-05	0.00e+00	0.00e+00	0.00e+00	0.00e+00	0.00e+00	2.31e-94
 4.38714e+13	3.10e-27	1.61e-19	8.85e-13	6.27e-07	9.19e-01	8.10e-02	8.80e-06	0.00e+00	0.00e+00	0.00e+00	0.00e+00	0.00e+00	2.37e-80
 4.54627e+13	4.06e-27	1.99e-19	1.03e-12	6.80e-07	9.24e-01	7.56e-02	7.62e-06	0.00e+00	0.00e+00	0.00e+00	0.00e+00	0.00e+00	1.28e-93
 4.69303e+13	5.18e-27	2.40e-19	1.17e-12	7.31e-07	9.29e-01	7.11e-02	6.70e-06	0.00e+00	0.00e+00	0.00e+00	0.00e+00	0.00e+00	9.33e-80
 4.82889e+13	6.44e-27	2.84e-19	1.32e-12	7.79e-07	9.33e-01	6.72e-02	5.97e-06	0.00e+00	0.00e+00	0.00e+00	0.00e+00	0.00e+00	5.74e-93
 4.98445e+13	8.21e-27	3.43e-19	1.51e-12	8.36e-07	9.37e-01	6.32e-02	5.26e-06	0.00e+00	0.00e+00	0.00e+00	0.00e+00	0.00e+00	3.22e-79
 5.17531e+13	1.10e-26	4.28e-19	1.76e-12	9.08e-07	9.41e-01	5.88e-02	4.52e-06	0.00e+00	0.00e+00	0.00e+00	0.00e+00	0.00e+00	3.28e-92
 5.36587e+13	1.44e-26	5.29e-19	2.04e-12	9.83e-07	9.45e-01	5.47e-02	3.90e-06	0.00e+00	0.00e+00	0.00e+00	0.00e+00	0.00e+00	1.47e-78
 5.53106e+13	1.83e-26	6.33e-19	2.31e-12	1.05e-06	9.48e-01	5.16e-02	3.46e-06	0.00e+00	0.00e+00	0.00e+00	0.00e+00	0.00e+00	1.74e-91
 5.70948e+13	2.33e-26	7.64e-19	2.63e-12	1.12e-06	9.52e-01	4.85e-02	3.05e-06	0.00e+00	0.00e+00	0.00e+00	0.00e+00	0.00e+00	5.39e-78
 5.92802e+13	3.13e-26	9.55e-19	3.07e-12	1.22e-06	9.55e-01	4.51e-02	2.63e-06	0.00e+00	0.00e+00	0.00e+00	0.00e+00	0.00e+00	1.01e-90
 6.15101e+13	4.15e-26	1.18e-18	3.57e-12	1.32e-06	9.58e-01	4.19e-02	2.26e-06	0.00e+00	0.00e+00	0.00e+00	0.00e+00	0.00e+00	2.56e-77
 6.35164e+13	5.33e-26	1.43e-18	4.06e-12	1.41e-06	9.61e-01	3.94e-02	1.99e-06	0.00e+00	0.00e+00	0.00e+00	0.00e+00	0.00e+00	5.74e-90
 6.57093e+13	6.95e-26	1.75e-18	4.66e-12	1.51e-06	9.63e-01	3.69e-02	1.74e-06	0.00e+00	0.00e+00	0.00e+00	0.00e+00	0.00e+00	1.05e-76
 6.83027e+13	9.42e-26	2.21e-18	5.45e-12	1.64e-06	9.66e-01	3.42e-02	1.50e-06	0.00e+00	0.00e+00	0.00e+00	0.00e+00	0.00e+00	2.41e-76
 7.08967e+13	1.26e-25	2.75e-18	6.34e-12	1.77e-06	9.68e-01	3.18e-02	1.29e-06	0.00e+00	0.00e+00	0.00e+00	0.00e+00	0.00e+00	5.27e-76
 7.33262e+13	1.64e-25	3.36e-18	7.25e-12	1.90e-06	9.70e-01	2.98e-02	1.13e-06	0.00e+00	0.00e+00	0.00e+00	0.00e+00	0.00e+00	1.09e-75
 7.60208e+13	2.18e-25	4.17e-18	8.39e-12	2.05e-06	9.72e-01	2.78e-02	9.80e-07	0.00e+00	0.00e+00	0.00e+00	0.00e+00	0.00e+00	2.40e-75
 7.90916e+13	2.98e-25	5.28e-18	9.83e-12	2.22e-06	9.74e-01	2.57e-02	0.00e+00	0.00e+00	0.00e+00	0.00e+00	0.00e+00	0.00e+00	5.62e-75
 8.21614e+13	4.02e-25	6.62e-18	1.15e-11	2.40e-06	9.76e-01	2.39e-02	0.00e+00	0.00e+00	0.00e+00	0.00e+00	0.00e+00	0.00e+00	1.28e-74
 8.53540e+13	5.43e-25	8.31e-18	1.33e-11	2.59e-06	9.78e-01	2.22e-02	0.00e+00	0.00e+00	0.00e+00	0.00e+00	0.00e+00	0.00e+00	2.92e-74
 8.87981e+13	7.42e-25	1.05e-17	1.56e-11	2.81e-06	9.79e-01	2.05e-02	0.00e+00	0.00e+00	0.00e+00	0.00e+00	0.00e+00	0.00e+00	6.85e-74
 9.23799e+13	1.02e-24	1.33e-17	1.83e-11	3.04e-06	9.81e-01	1.90e-02	0.00e+00	0.00e+00	0.00e+00	0.00e+00	0.00e+00	0.00e+00	1.63e-73
 9.61051e+13	1.39e-24	1.69e-17	2.14e-11	3.29e-06	9.82e-01	1.76e-02	0.00e+00	0.00e+00	0.00e+00	0.00e+00	0.00e+00	0.00e+00	3.87e-73
 9.97214e+13	1.86e-24	2.10e-17	2.48e-11	3.54e-06	9.84e-01	1.64e-02	0.00e+00	0.00e+00	0.00e+00	0.00e+00	0.00e+00	0.00e+00	8.64e-73
 1.03141e+14	2.43e-24	2.56e-17	2.84e-11	3.79e-06	9.85e-01	1.53e-02	0.00e+00	0.00e+00	0.00e+00	0.00e+00	0.00e+00	0.00e+00	1.78e-72
 1.06364e+14	3.10e-24	3.08e-17	3.21e-11	4.03e-06	9.86e-01	1.45e-02	0.00e+00	0.00e+00	0.00e+00	0.00e+00	0.00e+00	0.00e+00	3.50e-72
 1.09860e+14	4.01e-24	3.74e-17	3.65e-11	4.30e-06	9.86e-01	1.36e-02	0.00e+00	0.00e+00	0.00e+00	0.00e+00	0.00e+00	0.00e+00	7.15e-72
 1.13768e+14	5.29e-24	4.60e-17	4.19e-11	4.61e-06	9.87e-01	1.27e-02	0.00e+00	0.00e+00	0.00e+00	0.00e+00	1.48e-17	3.11e-17	1.53e-71
 1.17463e+14	6.79e-24	5.55e-17	4.76e-11	4.91e-06	9.88e-01	1.19e-02	0.00e+00	0.00e+00	0.00e+00	0.00e+00	1.84e-17	3.71e-17	3.03e-71
 1.21519e+14	8.89e-24	6.79e-17	5.45e-11	5.25e-06	9.89e-01	1.11e-02	0.00e+00	0.00e+00	0.00e+00	0.00e+00	2.25e-17	4.54e-17	6.37e-71
 1.26079e+14	1.19e-23	8.47e-17	6.31e-11	5.65e-06	9.90e-01	1.04e-02	0.00e+00	0.00e+00	0.00e+00	0.00e+00	2.81e-17	5.66e-17	1.43e-70
 1.30434e+14	1.55e-23	1.04e-16	7.22e-11	6.05e-06	9.90e-01	9.70e-03	0.00e+00	0.00e+00	0.00e+00	0.00e+00	3.44e-17	6.92e-17	2.98e-70
 1.35186e+14	2.05e-23	1.28e-16	8.33e-11	6.50e-06	9.91e-01	9.03e-03	0.00e+00	0.00e+00	0.00e+00	0.00e+00	4.23e-17	8.52e-17	6.39e-70
 1.40496e+14	2.79e-23	1.61e-16	9.71e-11	7.02e-06	9.92e-01	8.38e-03	0.00e+00	0.00e+00	0.00e+00	0.00e+00	5.34e-17	1.07e-16	1.49e-69
 1.45648e+14	3.68e-23	1.98e-16	1.12e-10	7.55e-06	9.92e-01	7.79e-03	0.00e+00	0.00e+00	0.00e+00	0.00e+00	6.57e-17	1.32e-16	3.17e-69
 1.51132e+14	4.93e-23	2.47e-16	1.30e-10	8.13e-06	9.93e-01	7.25e-03	0.00e+00	0.00e+00	0.00e+00	0.00e+00	8.19e-17	1.65e-16	7.10e-69
 1.57208e+14	6.69e-23	3.11e-16	1.52e-10	8.80e-06	9.93e-01	6.70e-03	0.00e+00	0.00e+00	0.00e+00	0.00e+00	1.03e-16	2.08e-16	1.64e-68
 1.62824e+14	8.82e-23	3.84e-16	1.75e-10	9.44e-06	9.94e-01	6.25e-03	0.00e+00	0.00e+00	0.00e+00	0.00e+00	1.27e-16	2.56e-16	3.54e-68
 1.67694e+14	1.11e-22	4.55e-16	1.97e-10	1.00e-05	9.94e-01	5.89e-03	0.00e+00	0.00e+00	0.00e+00	0.00e+00	1.51e-16	3.04e-16	6.54e-68
 1.73100e+14	1.42e-22	5.50e-16	2.23e-10	1.07e-05	9.94e-01	5.53e-03	0.00e+00	0.00e+00	0.00e+00	0.00e+00	1.82e-16	3.67e-16	1.31e-67
 1.79693e+14	1.89e-22	6.83e-16	2.60e-10	1.15e-05	9.95e-01	5.13e-03	0.00e+00	0.00e+00	0.00e+00	0.00e+00	2.26e-16	4.56e-16	2.85e-67
 1.86364e+14	2.52e-22	8.49e-16	3.01e-10	1.24e-05	9.95e-01	4.77e-03	0.00e+00	0.00e+00	0.00e+00	0.00e+00	2.82e-16	5.67e-16	6.31e-67
 1.92376e+14	3.20e-22	1.02e-15	3.42e-10	1.32e-05	9.96e-01	4.47e-03	0.00e+00	0.00e+00	0.00e+00	0.00e+00	3.38e-16	6.81e-16	1.22e-66
 1.98998e+14	4.16e-22	1.24e-15	3.92e-10	1.42e-05	9.96e-01	4.18e-03	0.00e+00	0.00e+00	0.00e+00	0.00e+00	4.12e-16	8.30e-16	2.49e-66
 2.06811e+14	5.58e-22	1.55e-15	4.57e-10	1.53e-05	9.96e-01	3.87e-03	0.00e+00	0.00e+00	0.00e+00	0.00e+00	5.16e-16	1.04e-15	5.60e-66
 2.14482e+14	7.43e-22	1.93e-15	5.28e-10	1.65e-05	9.96e-01	3.59e-03	0.00e+00	0.00e+00	0.00e+00	0.00e+00	6.41e-16	1.29e-15	1.24e-65
 2.21526e+14	9.47e-22	2.32e-15	6.03e-10	1.76e-05	9.97e-01	3.36e-03	0.00e+00	0.00e+00	0.00e+00	0.00e+00	7.70e-16	1.55e-15	2.39e-65
 2.29443e+14	1.25e-21	2.86e-15	6.93e-10	1.89e-05	9.97e-01	3.14e-03	0.00e+00	0.00e+00	0.00e+00	0.00e+00	9.50e-16	1.91e-15	5.12e-65
 2.38610e+14	1.67e-21	3.58e-15	8.13e-10	2.05e-05	9.97e-01	2.89e-03	0.00e+00	0.00e+00	0.00e+00	0.00e+00	1.19e-15	2.39e-15	1.14e-64
 2.47573e+14	2.21e-21	4.44e-15	9.42e-10	2.21e-05	9.97e-01	2.69e-03	0.00e+00	0.00e+00	0.00e+00	0.00e+00	1.47e-15	2.96e-15	2.48e-64
 2.56081e+14	2.87e-21	5.42e-15	1.08e-09	2.37e-05	9.97e-01	2.51e-03	0.00e+00	0.00e+00	0.00e+00	0.00e+00	1.80e-15	3.62e-15	5.11e-64
 2.65540e+14	3.78e-21	6.68e-15	1.25e-09	2.55e-05	9.98e-01	2.33e-03	0.00e+00	0.00e+00	0.00e+00	0.00e+00	2.21e-15	4.47e-15	1.09e-63
 2.76191e+14	5.05e-21	8.34e-15	1.46e-09	2.76e-05	9.98e-01	2.15e-03	0.00e+00	0.00e+00	0.00e+00	0.00e+00	2.76e-15	5.57e-15	2.41e-63
 2.86895e+14	6.80e-21	1.05e-14	1.70e-09	2.98e-05	9.98e-01	2.00e-03	0.00e+00	0.00e+00	0.00e+00	0.00e+00	3.46e-15	6.99e-15	5.48e-63
 2.97028e+14	8.75e-21	1.27e-14	1.96e-09	3.20e-05	9.98e-01	1.86e-03	0.00e+00	0.00e+00	0.00e+00	0.00e+00	4.20e-15	8.48e-15	1.09e-62
 3.07939e+14	1.16e-20	1.57e-14	2.26e-09	3.45e-05	9.98e-01	1.73e-03	0.00e+00	0.00e+00	0.00e+00	0.00e+00	5.20e-15	1.05e-14	2.37e-62
 3.20286e+14	1.54e-20	1.95e-14	2.65e-09	3.73e-05	9.98e-01	1.59e-03	0.00e+00	0.00e+00	0.00e+00	0.00e+00	6.47e-15	1.31e-14	5.20e-62
 3.31971e+14	2.01e-20	2.40e-14	3.05e-09	4.01e-05	9.98e-01	1.48e-03	0.00e+00	0.00e+00	0.00e+00	0.00e+00	7.94e-15	1.60e-14	1.09e-61
 3.42557e+14	2.55e-20	2.88e-14	3.46e-09	4.28e-05	9.99e-01	1.39e-03	0.00e+00	0.00e+00	0.00e+00	0.00e+00	9.54e-15	1.93e-14	2.13e-61
 3.52610e+14	3.16e-20	3.40e-14	3.89e-09	4.54e-05	9.99e-01	1.31e-03	0.00e+00	0.00e+00	0.00e+00	0.00e+00	1.12e-14	2.27e-14	3.84e-61
 3.63780e+14	3.99e-20	4.06e-14	4.40e-09	4.83e-05	9.99e-01	1.23e-03	0.00e+00	0.00e+00	0.00e+00	0.00e+00	1.34e-14	2.71e-14	7.30e-61
 3.76218e+14	5.06e-20	4.88e-14	5.04e-09	5.18e-05	9.99e-01	1.15e-03	0.00e+00	0.00e+00	0.00e+00	0.00e+00	1.61e-14	3.26e-14	1.41e-60
 3.87885e+14	6.41e-20	5.84e-14	5.69e-09	5.50e-05	9.99e-01	1.08e-03	0.00e+00	0.00e+00	0.00e+00	0.00e+00	1.93e-14	3.91e-14	2.73e-60
 4.00635e+14	8.07e-20	6.97e-14	6.48e-09	5.88e-05	9.99e-01	1.01e-03	0.00e+00	0.00e+00	0.00e+00	0.00e+00	2.31e-14	4.67e-14	5.13e-60
 4.14915e+14	1.05e-19	8.56e-14	7.45e-09	6.31e-05	9.99e-01	9.43e-04	0.00e+00	0.00e+00	0.00e+00	0.00e+00	2.83e-14	5.73e-14	1.08e-59
 4.28464e+14	1.32e-19	1.02e-13	8.48e-09	6.74e-05	9.99e-01	8.82e-04	0.00e+00	0.00e+00	0.00e+00	0.00e+00	3.37e-14	6.82e-14	2.01e-59
 4.43356e+14	1.70e-19	1.24e-13	9.72e-09	7.22e-05	9.99e-01	8.23e-04	0.00e+00	0.00e+00	0.00e+00	0.00e+00	4.09e-14	8.27e-14	4.04e-59
 4.59779e+14	2.20e-19	1.51e-13	1.12e-08	7.78e-05	9.99e-01	7.64e-04	0.00e+00	0.00e+00	0.00e+00	0.00e+00	5.00e-14	1.01e-13	8.31e-59
 4.74879e+14	2.81e-19	1.83e-13	1.28e-08	8.30e-05	9.99e-01	7.16e-04	0.00e+00	0.00e+00	0.00e+00	0.00e+00	6.04e-14	1.22e-13	1.66e-58
 4.91198e+14	3.55e-19	2.19e-13	1.47e-08	8.90e-05	9.99e-01	6.67e-04	0.00e+00	0.00e+00	0.00e+00	0.00e+00	7.24e-14	1.47e-13	3.16e-58
 5.09427e+14	4.66e-19	2.70e-13	1.69e-08	9.58e-05	9.99e-01	6.20e-04	0.00e+00	0.00e+00	0.00e+00	0.00e+00	8.94e-14	1.81e-13	6.78e-58
 5.26625e+14	5.85e-19	3.23e-13	1.94e-08	1.03e-04	9.99e-01	5.78e-04	0.00e+00	0.00e+00	0.00e+00	0.00e+00	1.07e-13	2.16e-13	1.27e-57
 5.45467e+14	7.55e-19	3.93e-13	2.23e-08	1.10e-04	9.99e-01	5.38e-04	0.00e+00	0.00e+00	0.00e+00	0.00e+00	1.30e-13	2.63e-13	2.59e-57
 5.66367e+14	9.79e-19	4.82e-13	2.59e-08	1.19e-04	9.99e-01	4.98e-04	0.00e+00	0.00e+00	0.00e+00	0.00e+00	1.59e-13	3.23e-13	5.37e-57
 5.85795e+14	1.25e-18	5.83e-13	2.97e-08	1.28e-04	9.99e-01	4.65e-04	0.00e+00	0.00e+00	0.00e+00	0.00e+00	1.93e-13	3.91e-13	1.07e-56
 6.06888e+14	1.59e-18	7.06e-13	3.42e-08	1.37e-04	9.99e-01	4.32e-04	0.00e+00	0.00e+00	0.00e+00	0.00e+00	2.33e-13	4.73e-13	2.11e-56
 6.30524e+14	2.11e-18	8.80e-13	3.98e-08	1.48e-04	9.99e-01	3.99e-04	0.00e+00	0.00e+00	0.00e+00	0.00e+00	2.90e-13	5.90e-13	4.67e-56
 6.53027e+14	2.68e-18	1.06e-12	4.59e-08	1.60e-04	9.99e-01	3.71e-04	0.00e+00	0.00e+00	0.00e+00	0.00e+00	3.49e-13	7.10e-13	9.03e-56
 6.77099e+14	3.47e-18	1.30e-12	5.31e-08	1.72e-04	9.99e-01	3.44e-04	0.00e+00	0.00e+00	0.00e+00	0.00e+00	4.28e-13	8.70e-13	1.88e-55
 7.04213e+14	4.50e-18	1.59e-12	6.22e-08	1.87e-04	9.99e-01	3.16e-04	0.00e+00	0.00e+00	0.00e+00	0.00e+00	5.25e-13	1.07e-12	3.89e-55
 7.30822e+14	5.86e-18	1.96e-12	7.21e-08	2.02e-04	1.00e+00	2.93e-04	0.00e+00	0.00e+00	0.00e+00	0.00e+00	6.47e-13	1.32e-12	8.23e-55
 7.58494e+14	7.47e-18	2.38e-12	8.38e-08	2.18e-04	1.00e+00	2.71e-04	0.00e+00	0.00e+00	0.00e+00	0.00e+00	7.84e-13	1.60e-12	1.63e-54
 7.88864e+14	9.84e-18	2.97e-12	9.81e-08	2.37e-04	1.00e+00	2.49e-04	0.00e+00	0.00e+00	0.00e+00	0.00e+00	9.76e-13	1.99e-12	3.57e-54
 8.18968e+14	1.25e-17	3.59e-12	1.14e-07	2.57e-04	1.00e+00	2.30e-04	0.00e+00	0.00e+00	0.00e+00	0.00e+00	1.18e-12	2.41e-12	7.02e-54
 8.43849e+14	1.54e-17	4.22e-12	1.29e-07	2.74e-04	1.00e+00	2.15e-04	0.00e+00	0.00e+00	0.00e+00	0.00e+00	1.39e-12	2.83e-12	1.26e-53
 8.63621e+14	1.79e-17	4.78e-12	1.42e-07	2.87e-04	1.00e+00	2.05e-04	0.00e+00	0.00e+00	0.00e+00	0.00e+00	1.57e-12	3.21e-12	1.95e-53
 8.85498e+14	2.12e-17	5.47e-12	1.57e-07	3.03e-04	1.00e+00	1.94e-04	0.00e+00	0.00e+00	0.00e+00	0.00e+00	1.80e-12	3.67e-12	3.17e-53
 9.13938e+14	2.61e-17	6.46e-12	1.78e-07	3.25e-04	9.99e-01	1.81e-04	0.00e+00	0.00e+00	0.00e+00	0.00e+00	2.12e-12	4.33e-12	5.71e-53
 9.44544e+14	3.23e-17	7.67e-12	2.03e-07	3.49e-04	9.99e-01	1.69e-04	0.00e+00	0.00e+00	0.00e+00	0.00e+00	2.52e-12	5.15e-12	1.06e-52
 9.71854e+14	3.90e-17	8.96e-12	2.28e-07	3.71e-04	9.99e-01	1.59e-04	0.00e+00	0.00e+00	0.00e+00	0.00e+00	2.94e-12	6.02e-12	1.84e-52
 1.00125e+15	4.71e-17	1.04e-11	2.58e-07	3.96e-04	9.99e-01	1.48e-04	0.00e+00	3.94e-18	1.18e-17	1.98e-17	3.43e-12	7.00e-12	3.16e-52
 1.03823e+15	5.97e-17	1.27e-11	2.98e-07	4.28e-04	9.99e-01	1.37e-04	0.00e+00	5.00e-18	1.50e-17	2.51e-17	4.16e-12	8.51e-12	6.36e-52
 1.07580e+15	7.51e-17	1.52e-11	3.45e-07	4.63e-04	9.99e-01	1.27e-04	0.00e+00	6.29e-18	1.89e-17	3.16e-17	5.00e-12	1.02e-11	1.23e-51
 1.10795e+15	9.12e-17	1.78e-11	3.88e-07	4.94e-04	9.99e-01	1.19e-04	0.00e+00	7.64e-18	2.29e-17	3.83e-17	5.85e-12	1.20e-11	2.17e-51
 1.14231e+15	1.10e-16	2.08e-11	4.39e-07	5.29e-04	9.99e-01	1.11e-04	0.00e+00	9.22e-18	2.77e-17	4.63e-17	6.84e-12	1.40e-11	3.82e-51
 1.18498e+15	1.39e-16	2.52e-11	5.10e-07	5.74e-04	9.99e-01	1.02e-04	0.00e+00	1.17e-17	3.51e-17	5.86e-17	8.28e-12	1.69e-11	7.61e-51
 1.22846e+15	1.75e-16	3.04e-11	5.91e-07	6.23e-04	9.99e-01	9.44e-05	0.00e+00	1.47e-17	4.41e-17	7.37e-17	9.98e-12	2.04e-11	1.50e-50
 1.26668e+15	2.12e-16	3.57e-11	6.69e-07	6.67e-04	9.99e-01	8.83e-05	0.00e+00	1.79e-17	5.37e-17	8.96e-17	1.17e-11	2.40e-11	2.69e-50
 1.30804e+15	2.58e-16	4.21e-11	7.61e-07	7.16e-04	9.99e-01	8.22e-05	0.00e+00	2.17e-17	6.53e-17	1.09e-16	1.38e-11	2.83e-11	4.94e-50
 1.35806e+15	3.30e-16	5.13e-11	8.87e-07	7.80e-04	9.99e-01	7.55e-05	0.00e+00	2.79e-17	8.36e-17	1.40e-16	1.68e-11	3.45e-11	1.03e-49
 1.40779e+15	4.12e-16	6.18e-11	1.03e-06	8.46e-04	9.99e-01	6.96e-05	0.00e+00	3.48e-17	1.05e-16	1.75e-16	2.03e-11	4.15e-11	2.04e-49
 1.45205e+15	5.02e-16	7.26e-11	1.16e-06	9.06e-04	9.99e-01	6.50e-05	0.00e+00	4.24e-17	1.27e-16	2.13e-16	2.38e-11	4.87e-11	3.73e-49
 1.50076e+15	6.15e-16	8.59e-11	1.33e-06	9.77e-04	9.99e-01	6.03e-05	0.00e+00	5.21e-17	1.56e-16	2.61e-16	2.82e-11	5.77e-11	7.03e-49
 1.55887e+15	7.79e-16	1.05e-10	1.55e-06	1.06e-03	9.99e-01	5.54e-05	0.00e+00	6.60e-17	1.98e-16	3.31e-16	3.43e-11	7.03e-11	1.48e-48
 1.61668e+15	9.78e-16	1.26e-10	1.79e-06	1.16e-03	9.99e-01	5.10e-05	0.00e+00	8.29e-17	2.49e-16	4.16e-16	4.15e-11	8.48e-11	3.02e-48
 1.66962e+15	1.19e-15	1.49e-10	2.04e-06	1.24e-03	9.99e-01	4.76e-05	0.00e+00	1.01e-16	3.02e-16	5.05e-16	4.88e-11	9.99e-11	5.59e-48
 1.72878e+15	1.49e-15	1.79e-10	2.35e-06	1.34e-03	9.99e-01	4.39e-05	0.00e+00	1.27e-16	3.81e-16	6.37e-16	5.88e-11	1.20e-10	1.15e-47
 1.79747e+15	1.90e-15	2.20e-10	2.74e-06	1.47e-03	9.98e-01	4.03e-05	0.00e+00	1.62e-16	4.87e-16	8.12e-16	7.21e-11	1.47e-10	2.53e-47
 1.86504e+15	2.41e-15	2.66e-10	3.18e-06	1.59e-03	9.98e-01	3.71e-05	0.00e+00	2.05e-16	6.16e-16	1.03e-15	8.75e-11	1.79e-10	5.40e-47
 1.92943e+15	2.91e-15	3.15e-10	3.64e-06	1.72e-03	9.98e-01	3.44e-05	0.00e+00	2.49e-16	7.46e-16	1.25e-15	1.04e-10	2.12e-10	1.04e-46
 2.00075e+15	3.74e-15	3.85e-10	4.21e-06	1.87e-03	9.98e-01	3.17e-05	0.00e+00	3.20e-16	9.59e-16	1.60e-15	1.27e-10	2.58e-10	2.31e-46
 2.06780e+15	4.51e-15	4.54e-10	4.80e-06	2.01e-03	9.98e-01	2.95e-05	0.00e+00	3.86e-16	1.16e-15	1.93e-15	1.49e-10	3.05e-10	4.38e-46
 2.11812e+15	5.28e-15	5.17e-10	5.29e-06	2.12e-03	9.98e-01	2.79e-05	0.00e+00	4.52e-16	1.36e-15	2.27e-15	1.70e-10	3.47e-10	7.37e-46
 2.16992e+15	6.27e-15	5.92e-10	5.83e-06	2.24e-03	9.98e-01	2.65e-05	0.00e+00	5.37e-16	1.61e-15	2.69e-15	1.95e-10	3.97e-10	1.27e-45
 2.23725e+15	7.61e-15	6.96e-10	6.58e-06	2.40e-03	9.98e-01	2.48e-05	0.00e+00	6.53e-16	1.96e-15	3.27e-15	2.29e-10	4.67e-10	2.42e-45
 2.31004e+15	9.33e-15	8.25e-10	7.48e-06	2.58e-03	9.97e-01	2.31e-05	0.00e+00	8.02e-16	2.41e-15	4.02e-15	2.72e-10	5.54e-10	4.79e-45
 2.37542e+15	1.12e-14	9.59e-10	8.36e-06	2.75e-03	9.97e-01	2.17e-05	0.00e+00	9.61e-16	2.88e-15	4.82e-15	3.16e-10	6.44e-10	8.72e-45
 2.44589e+15	1.34e-14	1.12e-09	9.39e-06	2.93e-03	9.97e-01	2.04e-05	0.00e+00	1.16e-15	3.47e-15	5.79e-15	3.69e-10	7.51e-10	1.61e-44
 2.53545e+15	1.70e-14	1.36e-09	1.08e-05	3.18e-03	9.97e-01	1.88e-05	0.00e+00	1.47e-15	4.41e-15	7.36e-15	4.49e-10	9.14e-10	3.54e-44
 2.62612e+15	2.13e-14	1.65e-09	1.25e-05	3.44e-03	9.97e-01	1.75e-05	0.00e+00	1.84e-15	5.53e-15	9.22e-15	5.43e-10	1.10e-09	7.54e-44
 2.70264e+15	2.57e-14	1.93e-09	1.40e-05	3.67e-03	9.96e-01	1.64e-05	0.00e+00	2.22e-15	6.66e-15	1.11e-14	6.34e-10	1.29e-09	1.40e-43
 2.78447e+15	3.10e-14	2.26e-09	1.57e-05	3.92e-03	9.96e-01	1.54e-05	0.00e+00	2.68e-15	8.05e-15	1.34e-14	7.44e-10	1.51e-09	2.64e-43
 2.88736e+15	3.93e-14	2.76e-09	1.82e-05	4.25e-03	9.96e-01	1.43e-05	0.00e+00	3.41e-15	1.02e-14	1.71e-14	9.09e-10	1.85e-09	5.86e-43
 2.99494e+15	4.98e-14	3.37e-09	2.10e-05	4.60e-03	9.95e-01	1.32e-05	0.00e+00	4.32e-15	1.30e-14	2.16e-14	1.11e-09	2.26e-09	1.29e-42
 3.09159e+15	6.02e-14	3.97e-09	2.39e-05	4.94e-03	9.95e-01	1.24e-05	0.00e+00	5.22e-15	1.57e-14	2.62e-14	1.31e-09	2.66e-09	2.45e-42
 3.19667e+15	7.46e-14	4.76e-09	2.73e-05	5.32e-03	9.95e-01	1.15e-05	0.00e+00	6.49e-15	1.95e-14	3.25e-14	1.57e-09	3.19e-09	5.04e-42
 3.32120e+15	9.84e-14	5.97e-09	3.18e-05	5.80e-03	9.94e-01	1.07e-05	0.00e+00	8.56e-15	2.57e-14	4.29e-14	1.97e-09	4.00e-09	1.24e-41
 3.44361e+15	1.25e-13	7.32e-09	3.67e-05	6.28e-03	9.94e-01	9.93e-06	0.00e+00	1.09e-14	3.27e-14	5.46e-14	2.42e-09	4.90e-09	2.71e-41
 3.55507e+15	1.54e-13	8.74e-09	4.17e-05	6.73e-03	9.93e-01	9.33e-06	0.00e+00	1.34e-14	4.04e-14	6.73e-14	2.89e-09	5.86e-09	5.39e-41
 3.67973e+15	1.92e-13	1.06e-08	4.78e-05	7.26e-03	9.93e-01	8.72e-06	0.00e+00	1.68e-14	5.04e-14	8.41e-14	3.49e-09	7.08e-09	1.12e-40
 3.82521e+15	2.50e-13	1.32e-08	5.58e-05	7.92e-03	9.92e-01	8.09e-06	0.00e+00	2.18e-14	6.55e-14	1.09e-13	4.36e-09	8.84e-09	2.63e-40
 3.96861e+15	3.19e-13	1.63e-08	6.47e-05	8.58e-03	9.91e-01	7.55e-06	0.00e+00	2.79e-14	8.38e-14	1.40e-13	5.38e-09	1.09e-08	5.66e-40
 4.10444e+15	3.99e-13	1.97e-08	7.40e-05	9.23e-03	9.91e-01	7.10e-06	0.00e+00	3.49e-14	1.05e-13	1.75e-13	6.51e-09	1.32e-08	1.16e-39
 4.25534e+15	5.04e-13	2.41e-08	8.56e-05	9.99e-03	9.90e-01	6.65e-06	0.00e+00	4.42e-14	1.33e-13	2.21e-13	7.97e-09	1.61e-08	2.47e-39
 4.42558e+15	6.61e-13	3.03e-08	1.00e-04	1.09e-02	9.89e-01	6.21e-06	0.00e+00	5.80e-14	1.74e-13	2.91e-13	1.00e-08	2.03e-08	5.85e-39
 4.56863e+15	8.16e-13	3.64e-08	1.14e-04	1.17e-02	9.88e-01	5.89e-06	0.00e+00	7.18e-14	2.15e-13	3.59e-13	1.20e-08	2.44e-08	1.15e-38
 4.67192e+15	9.47e-13	4.14e-08	1.24e-04	1.22e-02	9.88e-01	5.67e-06	0.00e+00	8.33e-14	2.50e-13	4.17e-13	1.37e-08	2.77e-08	1.85e-38
 4.78010e+15	1.11e-12	4.72e-08	1.37e-04	1.29e-02	9.87e-01	5.47e-06	0.00e+00	9.74e-14	2.92e-13	4.88e-13	1.56e-08	3.16e-08	3.00e-38
 4.92073e+15	1.32e-12	5.50e-08	1.53e-04	1.37e-02	9.86e-01	5.21e-06	0.00e+00	1.16e-13	3.48e-13	5.81e-13	1.82e-08	3.68e-08	5.18e-38
 5.07729e+15	1.66e-12	6.70e-08	1.74e-04	1.47e-02	9.85e-01	4.96e-06	0.00e+00	1.46e-13	4.38e-13	7.31e-13	2.22e-08	4.48e-08	1.08e-37
 5.22298e+15	2.01e-12	7.90e-08	1.95e-04	1.56e-02	9.84e-01	4.76e-06	0.00e+00	1.77e-13	5.31e-13	8.86e-13	2.62e-08	5.29e-08	1.94e-37
 5.38081e+15	2.42e-12	9.26e-08	2.20e-04	1.66e-02	9.83e-01	4.56e-06	0.00e+00	2.13e-13	6.40e-13	1.07e-12	3.06e-08	6.19e-08	3.34e-37
 5.55874e+15	3.06e-12	1.14e-07	2.51e-04	1.79e-02	9.82e-01	4.36e-06	0.00e+00	2.71e-13	8.12e-13	1.36e-12	3.77e-08	7.61e-08	7.03e-37
 5.72751e+15	3.75e-12	1.36e-07	2.84e-04	1.91e-02	9.81e-01	4.19e-06	0.00e+00	3.32e-13	9.95e-13	1.66e-12	4.49e-08	9.07e-08	1.29e-36
 5.91167e+15	4.58e-12	1.61e-07	3.23e-04	2.04e-02	9.79e-01	4.01e-06	0.00e+00	4.05e-13	1.22e-12	2.03e-12	5.32e-08	1.07e-07	2.32e-36
 6.11805e+15	5.91e-12	2.00e-07	3.72e-04	2.20e-02	9.78e-01	3.85e-06	0.00e+00	5.24e-13	1.57e-12	2.62e-12	6.64e-08	1.34e-07	5.10e-36
 6.31222e+15	7.25e-12	2.40e-07	4.22e-04	2.35e-02	9.76e-01	3.71e-06	0.00e+00	6.43e-13	1.93e-12	3.22e-12	7.95e-08	1.60e-07	9.07e-36
 6.52354e+15	9.01e-12	2.88e-07	4.83e-04	2.53e-02	9.74e-01	3.57e-06	0.00e+00	7.99e-13	2.40e-12	4.00e-12	9.54e-08	1.92e-07	1.70e-35
 6.75606e+15	1.14e-11	3.54e-07	5.59e-04	2.73e-02	9.72e-01	3.43e-06	0.00e+00	1.01e-12	3.04e-12	5.08e-12	1.17e-07	2.37e-07	3.41e-35
 6.97070e+15	1.45e-11	4.36e-07	6.36e-04	2.93e-02	9.70e-01	3.34e-06	0.00e+00	1.29e-12	3.87e-12	6.45e-12	1.45e-07	2.91e-07	7.00e-35
 7.20429e+15	1.82e-11	5.29e-07	7.30e-04	3.14e-02	9.68e-01	3.23e-06	0.00e+00	1.62e-12	4.85e-12	8.09e-12	1.76e-07	3.54e-07	1.32e-34
 7.46224e+15	2.30e-11	6.45e-07	8.45e-04	3.39e-02	9.65e-01	3.12e-06	0.00e+00	2.04e-12	6.13e-12	1.02e-11	2.14e-07	4.31e-07	2.51e-34
 7.70353e+15	2.87e-11	7.83e-07	9.66e-04	3.64e-02	9.63e-01	3.04e-06	0.00e+00	2.55e-12	7.66e-12	1.28e-11	2.60e-07	5.23e-07	4.69e-34
 7.96889e+15	3.73e-11	9.82e-07	1.12e-03	3.93e-02	9.60e-01	2.97e-06	0.00e+00	3.33e-12	9.98e-12	1.66e-11	3.26e-07	6.56e-07	1.01e-33
 8.25868e+15	4.76e-11	1.22e-06	1.30e-03	4.25e-02	9.56e-01	2.89e-06	0.00e+00	4.25e-12	1.28e-11	2.13e-11	4.03e-07	8.12e-07	1.95e-33
 8.51658e+15	5.89e-11	1.45e-06	1.48e-03	4.55e-02	9.53e-01	2.83e-06	0.00e+00	5.26e-12	1.58e-11	2.63e-11	4.81e-07	9.68e-07	3.39e-33
 8.75266e+15	7.15e-11	1.72e-06	1.67e-03	4.84e-02	9.50e-01	2.78e-06	0.00e+00	6.39e-12	1.92e-11	3.20e-11	5.70e-07	1.15e-06	5.77e-33
 9.02403e+15	8.95e-11	2.08e-06	1.90e-03	5.19e-02	9.46e-01	2.72e-06	0.00e+00	8.00e-12	2.40e-11	4.00e-11	6.89e-07	1.39e-06	1.04e-32
 9.32955e+15	1.16e-10	2.61e-06	2.21e-03	5.61e-02	9.42e-01	2.69e-06	0.00e+00	1.04e-11	3.13e-11	5.22e-11	8.67e-07	1.75e-06	2.17e-32
 9.61633e+15	1.44e-10	3.14e-06	2.52e-03	6.01e-02	9.37e-01	2.64e-06	0.00e+00	1.29e-11	3.88e-11	6.47e-11	1.04e-06	2.10e-06	3.74e-32
 9.86498e+15	1.74e-10	3.66e-06	2.82e-03	6.37e-02	9.33e-01	2.61e-06	0.00e+00	1.56e-11	4.67e-11	7.79e-11	1.21e-06	2.44e-06	5.87e-32
 1.01272e+16	2.11e-10	4.33e-06	3.18e-03	6.78e-02	9.29e-01	2.57e-06	0.00e+00	1.90e-11	5.69e-11	9.48e-11	1.44e-06	2.89e-06	9.70e-32
 1.04156e+16	2.67e-10	5.29e-06	3.62e-03	7.26e-02	9.24e-01	2.55e-06	0.00e+00	2.39e-11	7.18e-11	1.20e-10	1.76e-06	3.53e-06	1.81e-31
 1.06709e+16	3.19e-10	6.19e-06	4.05e-03	7.69e-02	9.19e-01	2.52e-06	0.00e+00	2.87e-11	8.60e-11	1.43e-10	2.06e-06	4.13e-06	2.85e-31
 1.09358e+16	3.88e-10	7.27e-06	4.55e-03	8.16e-02	9.14e-01	2.50e-06	0.00e+00	3.49e-11	1.05e-10	1.75e-10	2.41e-06	4.85e-06	4.53e-31
 1.12803e+16	5.04e-10	9.04e-06	5.29e-03	8.82e-02	9.07e-01	2.48e-06	0.00e+00	4.53e-11	1.36e-10	2.27e-10	3.00e-06	6.03e-06	8.71e-31
 1.16250e+16	6.31e-10	1.08e-05	6.10e-03	9.47e-02	8.99e-01	2.44e-06	0.00e+00	5.68e-11	1.70e-10	2.84e-10	3.59e-06	7.22e-06	1.40e-30
 1.19032e+16	7.75e-10	1.30e-05	6.86e-03	1.01e-01	8.92e-01	2.43e-06	0.00e+00	6.98e-11	2.09e-10	3.49e-10	4.33e-06	8.69e-06	2.45e-30
 1.21979e+16	9.55e-10	1.55e-05	7.77e-03	1.07e-01	8.85e-01	2.42e-06	0.00e+00	8.61e-11	2.58e-10	4.31e-10	5.16e-06	1.04e-05	4.00e-30
 1.25256e+16	1.19e-09	1.84e-05	8.89e-03	1.15e-01	8.76e-01	2.40e-06	0.00e+00	1.07e-10	3.22e-10	5.37e-10	6.10e-06	1.23e-05	6.22e-30
 1.28319e+16	1.49e-09	2.24e-05	1.01e-02	1.23e-01	8.67e-01	2.39e-06	0.00e+00	1.35e-10	4.04e-10	6.74e-10	7.46e-06	1.50e-05	1.12e-29
 1.31155e+16	1.81e-09	2.64e-05	1.14e-02	1.30e-01	8.58e-01	2.39e-06	0.00e+00	1.64e-10	4.91e-10	8.18e-10	8.77e-06	1.76e-05	1.73e-29
 1.34335e+16	2.25e-09	3.11e-05	1.30e-02	1.39e-01	8.48e-01	2.37e-06	0.00e+00	2.03e-10	6.10e-10	1.02e-09	1.03e-05	2.07e-05	2.65e-29
 1.37738e+16	2.88e-09	3.87e-05	1.50e-02	1.50e-01	8.35e-01	2.37e-06	0.00e+00	2.61e-10	7.84e-10	1.31e-09	1.29e-05	2.59e-05	5.00e-29
 1.40629e+16	3.53e-09	4.57e-05	1.69e-02	1.59e-01	8.24e-01	2.37e-06	0.00e+00	3.20e-10	9.60e-10	1.60e-09	1.52e-05	3.05e-05	7.75e-29
 1.43192e+16	4.25e-09	5.32e-05	1.89e-02	1.68e-01	8.13e-01	2.37e-06	0.00e+00	3.86e-10	1.16e-09	1.93e-09	1.77e-05	3.55e-05	1.17e-28
 1.46132e+16	5.30e-09	6.36e-05	2.14e-02	1.79e-01	8.00e-01	2.38e-06	0.00e+00	4.81e-10	1.44e-09	2.41e-09	2.12e-05	4.25e-05	1.91e-28
 1.49333e+16	6.62e-09	7.50e-05	2.45e-02	1.91e-01	7.85e-01	2.37e-06	0.00e+00	6.02e-10	1.80e-09	3.01e-09	2.50e-05	5.00e-05	2.86e-28
 1.52217e+16	8.35e-09	9.18e-05	2.79e-02	2.03e-01	7.69e-01	2.40e-06	0.00e+00	7.60e-10	2.28e-09	3.80e-09	3.06e-05	6.12e-05	5.10e-28
 1.54757e+16	1.01e-08	1.07e-04	3.12e-02	2.14e-01	7.54e-01	2.40e-06	4.88e-12	9.17e-10	2.75e-09	4.59e-09	3.55e-05	7.11e-05	7.48e-28
 1.57510e+16	1.27e-08	1.28e-04	3.56e-02	2.28e-01	7.36e-01	2.42e-06	0.00e+00	1.15e-09	3.46e-09	5.77e-09	4.28e-05	8.57e-05	1.27e-27
 1.60459e+16	1.60e-08	1.55e-04	4.07e-02	2.43e-01	7.16e-01	2.44e-06	0.00e+00	1.46e-09	4.37e-09	7.28e-09	5.17e-05	1.03e-04	2.11e-27
 1.63031e+16	1.98e-08	1.84e-04	4.60e-02	2.57e-01	6.97e-01	2.47e-06	0.00e+00	1.80e-09	5.41e-09	9.01e-09	6.12e-05	1.22e-04	3.32e-27
 1.65333e+16	2.40e-08	2.15e-04	5.15e-02	2.70e-01	6.78e-01	2.50e-06	6.05e-12	2.20e-09	6.59e-09	1.10e-08	7.15e-05	1.43e-04	5.10e-27
 1.67452e+16	2.88e-08	2.46e-04	5.71e-02	2.83e-01	6.60e-01	2.53e-06	0.00e+00	2.64e-09	7.90e-09	1.32e-08	8.21e-05	1.64e-04	7.30e-27
 1.69743e+16	3.48e-08	2.85e-04	6.40e-02	2.98e-01	6.38e-01	2.53e-06	6.65e-12	3.19e-09	9.55e-09	1.59e-08	9.48e-05	1.90e-04	1.07e-26
 1.72319e+16	4.38e-08	3.41e-04	7.30e-02	3.15e-01	6.11e-01	2.56e-06	0.00e+00	4.01e-09	1.20e-08	2.01e-08	1.14e-04	2.27e-04	1.75e-26
 1.74662e+16	5.49e-08	4.07e-04	8.27e-02	3.33e-01	5.84e-01	2.60e-06	7.78e-12	5.03e-09	1.51e-08	2.51e-08	1.36e-04	2.71e-04	2.88e-26
 1.76646e+16	6.71e-08	4.76e-04	9.22e-02	3.48e-01	5.59e-01	2.66e-06	0.00e+00	6.16e-09	1.85e-08	3.08e-08	1.59e-04	3.17e-04	4.54e-26
 1.78468e+16	8.11e-08	5.51e-04	1.02e-01	3.63e-01	5.35e-01	2.72e-06	9.35e-12	7.44e-09	2.23e-08	3.72e-08	1.84e-04	3.68e-04	6.96e-26
 1.80225e+16	9.75e-08	6.36e-04	1.13e-01	3.78e-01	5.09e-01	2.77e-06	0.00e+00	8.95e-09	2.69e-08	4.48e-08	2.12e-04	4.24e-04	1.06e-25
 1.81914e+16	1.20e-07	7.51e-04	1.25e-01	3.93e-01	4.82e-01	2.85e-06	1.16e-11	1.10e-08	3.30e-08	5.50e-08	2.50e-04	5.01e-04	1.80e-25
