#depth	N	N+	N+2	N+3	N+4	N+5	N+6	N+7
 1.49634e+10	0.00e+00	0.00e+00	1.47e-28	8.00e-19	4.90e-10	9.31e-01	6.88e-02	2.14e-06
 4.54887e+10	0.00e+00	8.67e-39	1.88e-28	9.43e-19	5.33e-10	9.36e-01	6.38e-02	1.83e-06
 7.72350e+10	0.00e+00	0.00e+00	2.39e-28	1.11e-18	5.80e-10	9.41e-01	5.88e-02	1.55e-06
 1.10251e+11	0.00e+00	1.65e-38	3.05e-28	1.31e-18	6.31e-10	9.46e-01	5.44e-02	1.33e-06
 1.44588e+11	0.00e+00	0.00e+00	3.88e-28	1.54e-18	6.86e-10	9.50e-01	5.04e-02	1.14e-06
 1.80298e+11	0.00e+00	3.14e-38	4.95e-28	1.81e-18	7.46e-10	9.53e-01	4.66e-02	9.70e-07
 2.17437e+11	0.00e+00	0.00e+00	6.31e-28	2.13e-18	8.11e-10	9.57e-01	4.31e-02	0.00e+00
 2.53500e+11	0.00e+00	5.84e-38	7.91e-28	2.48e-18	8.76e-10	9.60e-01	4.00e-02	0.00e+00
 2.86768e+11	0.00e+00	0.00e+00	9.67e-28	2.84e-18	9.39e-10	9.63e-01	3.74e-02	0.00e+00
 3.23888e+11	0.00e+00	1.02e-37	1.20e-27	3.29e-18	1.01e-09	9.65e-01	3.49e-02	0.00e+00
 3.66730e+11	0.00e+00	0.00e+00	1.53e-27	3.87e-18	1.10e-09	9.68e-01	3.22e-02	0.00e+00
 4.08954e+11	0.00e+00	1.91e-37	1.93e-27	4.51e-18	1.19e-09	9.70e-01	2.98e-02	0.00e+00
 4.52866e+11	0.00e+00	0.00e+00	2.43e-27	5.26e-18	1.29e-09	9.72e-01	2.76e-02	0.00e+00
 5.00908e+11	0.00e+00	3.57e-37	3.09e-27	6.19e-18	1.40e-09	9.75e-01	2.55e-02	0.00e+00
 5.49604e+11	0.00e+00	0.00e+00	3.92e-27	7.26e-18	1.51e-09	9.76e-01	2.35e-02	0.00e+00
 6.00248e+11	0.00e+00	6.70e-37	4.97e-27	8.51e-18	1.64e-09	9.78e-01	2.17e-02	0.00e+00
 6.54185e+11	0.00e+00	0.00e+00	6.33e-27	1.00e-17	1.78e-09	9.80e-01	2.00e-02	0.00e+00
 7.10279e+11	0.00e+00	1.28e-36	8.08e-27	1.18e-17	1.93e-09	9.82e-01	1.85e-02	0.00e+00
 7.68617e+11	3.46e-47	1.77e-36	1.03e-26	1.39e-17	2.10e-09	9.83e-01	1.70e-02	0.00e+00
 8.29289e+11	0.00e+00	0.00e+00	1.32e-26	1.63e-17	2.28e-09	9.84e-01	1.57e-02	0.00e+00
 8.92387e+11	0.00e+00	3.39e-36	1.68e-26	1.92e-17	2.48e-09	9.86e-01	1.44e-02	0.00e+00
 9.58009e+11	1.17e-46	4.69e-36	2.15e-26	2.27e-17	2.69e-09	9.87e-01	1.33e-02	0.00e+00
 1.02626e+12	0.00e+00	0.00e+00	2.74e-26	2.67e-17	2.92e-09	9.88e-01	1.22e-02	0.00e+00
 1.09043e+12	0.00e+00	8.73e-36	3.43e-26	3.10e-17	3.15e-09	9.89e-01	1.13e-02	0.00e+00
 1.14781e+12	3.50e-46	1.13e-35	4.16e-26	3.53e-17	3.36e-09	9.89e-01	1.06e-02	0.00e+00
 1.21221e+12	0.00e+00	0.00e+00	5.13e-26	4.06e-17	3.61e-09	9.90e-01	9.89e-03	0.00e+00
 1.28855e+12	0.00e+00	2.05e-35	6.53e-26	4.78e-17	3.92e-09	9.91e-01	9.11e-03	0.00e+00
 1.36494e+12	1.09e-45	2.80e-35	8.24e-26	5.58e-17	4.24e-09	9.92e-01	8.42e-03	0.00e+00
 1.43669e+12	0.00e+00	0.00e+00	1.02e-25	6.43e-17	4.55e-09	9.92e-01	7.84e-03	0.00e+00
 1.51638e+12	0.00e+00	5.00e-35	1.28e-25	7.49e-17	4.92e-09	9.93e-01	7.25e-03	0.00e+00
 1.60696e+12	3.40e-45	6.97e-35	1.64e-25	8.85e-17	5.35e-09	9.93e-01	6.66e-03	0.00e+00
 1.69761e+12	0.00e+00	0.00e+00	2.09e-25	1.04e-16	5.81e-09	9.94e-01	6.14e-03	0.00e+00
 1.79189e+12	0.00e+00	1.32e-34	2.66e-25	1.22e-16	6.30e-09	9.94e-01	5.65e-03	0.00e+00
 1.89349e+12	1.15e-44	1.85e-34	3.43e-25	1.45e-16	6.87e-09	9.95e-01	5.19e-03	0.00e+00
 1.99916e+12	0.00e+00	2.58e-34	4.41e-25	1.72e-16	7.48e-09	9.95e-01	4.76e-03	0.00e+00
 2.09914e+12	2.55e-44	3.51e-34	5.56e-25	2.01e-16	8.09e-09	9.96e-01	4.40e-03	0.00e+00
 2.18999e+12	0.00e+00	4.59e-34	6.81e-25	2.30e-16	8.67e-09	9.96e-01	4.11e-03	0.00e+00
 2.29288e+12	5.16e-44	6.17e-34	8.53e-25	2.68e-16	9.36e-09	9.96e-01	3.80e-03	0.00e+00
 2.41303e+12	0.00e+00	8.62e-34	1.10e-24	3.17e-16	1.02e-08	9.97e-01	3.49e-03	0.00e+00
 2.53205e+12	1.17e-43	1.19e-33	1.40e-24	3.73e-16	1.11e-08	9.97e-01	3.21e-03	0.00e+00
 2.64452e+12	0.00e+00	1.59e-33	1.75e-24	4.33e-16	1.20e-08	9.97e-01	2.98e-03	0.00e+00
 2.76893e+12	2.48e-43	2.17e-33	2.21e-24	5.09e-16	1.30e-08	9.97e-01	2.74e-03	0.00e+00
 2.90961e+12	0.00e+00	3.06e-33	2.87e-24	6.06e-16	1.42e-08	9.97e-01	2.51e-03	0.00e+00
 3.05002e+12	5.71e-43	4.25e-33	3.68e-24	7.17e-16	1.54e-08	9.98e-01	2.30e-03	0.00e+00
 3.19604e+12	0.00e+00	5.92e-33	4.73e-24	8.50e-16	1.68e-08	9.98e-01	2.11e-03	0.00e+00
 3.35381e+12	1.32e-42	8.35e-33	6.15e-24	1.01e-15	1.84e-08	9.98e-01	1.93e-03	0.00e+00
 3.51375e+12	0.00e+00	1.17e-32	7.95e-24	1.21e-15	2.01e-08	9.98e-01	1.77e-03	0.00e+00
 3.68009e+12	3.05e-42	1.64e-32	1.03e-23	1.44e-15	2.20e-08	9.98e-01	1.61e-03	0.00e+00
 3.85722e+12	0.00e+00	2.32e-32	1.34e-23	1.72e-15	2.42e-08	9.99e-01	1.47e-03	0.00e+00
 4.03364e+12	7.08e-42	3.23e-32	1.73e-23	2.05e-15	2.64e-08	9.99e-01	1.35e-03	0.00e+00
 4.21712e+12	0.00e+00	4.51e-32	2.23e-23	2.44e-15	2.89e-08	9.99e-01	1.23e-03	0.00e+00
 4.41574e+12	1.64e-41	6.38e-32	2.91e-23	2.93e-15	3.17e-08	9.99e-01	1.12e-03	0.00e+00
 4.62229e+12	0.00e+00	9.03e-32	3.80e-23	3.52e-15	3.49e-08	9.99e-01	1.02e-03	0.00e+00
 4.83711e+12	3.88e-41	1.28e-31	4.97e-23	4.23e-15	3.84e-08	9.99e-01	9.28e-04	0.00e+00
 5.06052e+12	0.00e+00	1.81e-31	6.50e-23	5.08e-15	4.22e-08	9.99e-01	8.44e-04	0.00e+00
 5.29287e+12	9.12e-41	2.56e-31	8.49e-23	6.12e-15	4.65e-08	9.99e-01	7.66e-04	0.00e+00
 5.50354e+12	0.00e+00	3.46e-31	1.07e-22	7.20e-15	5.06e-08	9.99e-01	7.04e-04	0.00e+00
 5.67990e+12	1.79e-40	4.42e-31	1.30e-22	8.21e-15	5.42e-08	9.99e-01	6.58e-04	0.00e+00
 5.87344e+12	0.00e+00	5.73e-31	1.59e-22	9.46e-15	5.84e-08	9.99e-01	6.11e-04	0.00e+00
 6.11745e+12	3.63e-40	7.86e-31	2.03e-22	1.12e-14	6.39e-08	9.99e-01	5.59e-04	0.00e+00
 6.37144e+12	0.00e+00	1.08e-30	2.60e-22	1.34e-14	7.00e-08	9.99e-01	5.10e-04	0.00e+00
 6.58884e+12	7.34e-40	1.40e-30	3.19e-22	1.54e-14	7.55e-08	1.00e+00	4.73e-04	0.00e+00
 6.81431e+12	0.00e+00	1.82e-30	3.91e-22	1.78e-14	8.15e-08	1.00e+00	4.39e-04	0.00e+00
 7.09555e+12	1.48e-39	2.48e-30	5.01e-22	2.12e-14	8.94e-08	1.00e+00	4.00e-04	0.00e+00
 7.37988e+12	0.00e+00	3.36e-30	6.36e-22	2.51e-14	9.79e-08	1.00e+00	3.66e-04	0.00e+00
 7.62585e+12	2.90e-39	4.33e-30	7.76e-22	2.90e-14	1.06e-07	1.00e+00	3.39e-04	0.00e+00
 7.89136e+12	0.00e+00	5.63e-30	9.54e-22	3.36e-14	1.14e-07	1.00e+00	3.14e-04	0.00e+00
 8.21722e+12	5.80e-39	7.67e-30	1.22e-21	4.00e-14	1.25e-07	1.00e+00	2.86e-04	0.00e+00
 8.54944e+12	0.00e+00	1.04e-29	1.55e-21	4.75e-14	1.38e-07	1.00e+00	2.61e-04	0.00e+00
 8.85038e+12	1.14e-38	1.35e-29	1.91e-21	5.52e-14	1.49e-07	1.00e+00	2.41e-04	0.00e+00
 9.18277e+12	0.00e+00	1.78e-29	2.38e-21	6.47e-14	1.63e-07	1.00e+00	2.21e-04	0.00e+00
 9.57302e+12	2.33e-38	2.42e-29	3.05e-21	7.75e-14	1.79e-07	1.00e+00	2.01e-04	0.00e+00
 9.96198e+12	0.00e+00	3.26e-29	3.86e-21	9.20e-14	1.97e-07	1.00e+00	1.83e-04	0.00e+00
 1.03330e+13	4.60e-38	4.27e-29	4.79e-21	1.08e-13	2.14e-07	1.00e+00	1.68e-04	0.00e+00
 1.07427e+13	0.00e+00	5.69e-29	6.03e-21	1.27e-13	2.35e-07	1.00e+00	1.54e-04	0.00e+00
 1.12023e+13	9.37e-38	7.74e-29	7.71e-21	1.52e-13	2.59e-07	1.00e+00	1.39e-04	0.00e+00
 1.16639e+13	0.00e+00	1.04e-28	9.76e-21	1.81e-13	2.84e-07	1.00e+00	1.27e-04	0.00e+00
 1.20749e+13	1.80e-37	1.34e-28	1.19e-20	2.09e-13	3.08e-07	1.00e+00	1.17e-04	0.00e+00
 1.24199e+13	0.00e+00	1.64e-28	1.41e-20	2.36e-13	3.29e-07	1.00e+00	1.10e-04	0.00e+00
 1.27910e+13	2.97e-37	2.02e-28	1.67e-20	2.67e-13	3.52e-07	1.00e+00	1.03e-04	0.00e+00
 1.32735e+13	0.00e+00	2.64e-28	2.07e-20	3.13e-13	3.84e-07	1.00e+00	9.43e-05	0.00e+00
 1.37779e+13	5.62e-37	3.45e-28	2.56e-20	3.66e-13	4.19e-07	1.00e+00	8.65e-05	0.00e+00
 1.42078e+13	0.00e+00	4.29e-28	3.06e-20	4.17e-13	4.49e-07	1.00e+00	8.06e-05	0.00e+00
 1.46636e+13	9.57e-37	5.38e-28	3.66e-20	4.76e-13	4.83e-07	1.00e+00	7.50e-05	0.00e+00
 1.52346e+13	0.00e+00	7.05e-28	4.56e-20	5.59e-13	5.28e-07	1.00e+00	6.87e-05	0.00e+00
 1.58218e+13	1.82e-36	9.21e-28	5.66e-20	6.54e-13	5.76e-07	1.00e+00	6.30e-05	0.00e+00
 1.63415e+13	0.00e+00	1.16e-27	6.80e-20	7.49e-13	6.21e-07	1.00e+00	5.85e-05	0.00e+00
 1.69070e+13	3.19e-36	1.47e-27	8.25e-20	8.63e-13	6.71e-07	1.00e+00	5.42e-05	0.00e+00
 1.75292e+13	0.00e+00	1.89e-27	1.01e-19	1.00e-12	7.29e-07	1.00e+00	4.99e-05	0.00e+00
 1.81000e+13	5.65e-36	2.37e-27	1.21e-19	1.14e-12	7.85e-07	1.00e+00	4.64e-05	0.00e+00
 1.87169e+13	0.00e+00	3.00e-27	1.47e-19	1.32e-12	8.48e-07	1.00e+00	4.30e-05	0.00e+00
 1.94059e+13	1.01e-35	3.86e-27	1.80e-19	1.53e-12	9.21e-07	1.00e+00	3.96e-05	0.00e+00
 2.00529e+13	0.00e+00	4.86e-27	2.17e-19	1.75e-12	9.92e-07	1.00e+00	3.67e-05	0.00e+00
 2.07580e+13	1.78e-35	6.19e-27	2.63e-19	2.01e-12	1.07e-06	1.00e+00	3.40e-05	0.00e+00
 2.15408e+13	0.00e+00	8.01e-27	3.24e-19	2.35e-12	1.17e-06	1.00e+00	3.13e-05	0.00e+00
 2.22704e+13	3.21e-35	1.01e-26	3.92e-19	2.69e-12	1.26e-06	1.00e+00	2.90e-05	0.00e+00
 2.30647e+13	0.00e+00	1.29e-26	4.77e-19	3.10e-12	1.36e-06	1.00e+00	2.68e-05	0.00e+00
 2.39528e+13	5.89e-35	1.68e-26	5.90e-19	3.62e-12	1.48e-06	1.00e+00	2.46e-05	0.00e+00
 2.47910e+13	0.00e+00	2.14e-26	7.16e-19	4.16e-12	1.60e-06	1.00e+00	2.28e-05	0.00e+00
 2.57089e+13	1.07e-34	2.77e-26	8.80e-19	4.82e-12	1.74e-06	1.00e+00	2.11e-05	0.00e+00
 2.67361e+13	0.00e+00	3.64e-26	1.10e-18	5.66e-12	1.90e-06	1.00e+00	1.93e-05	0.00e+00
 2.77092e+13	2.01e-34	4.69e-26	1.34e-18	6.54e-12	2.06e-06	1.00e+00	1.78e-05	0.00e+00
 2.87521e+13	2.76e-34	6.09e-26	1.66e-18	7.59e-12	2.23e-06	1.00e+00	1.64e-05	0.00e+00
 2.99321e+13	3.88e-34	8.09e-26	2.08e-18	8.92e-12	2.44e-06	1.00e+00	1.50e-05	0.00e+00
 3.11011e+13	5.40e-34	1.06e-25	2.58e-18	1.04e-11	2.65e-06	1.00e+00	1.38e-05	0.00e+00
 3.23168e+13	7.51e-34	1.40e-25	3.21e-18	1.21e-11	2.88e-06	1.00e+00	1.27e-05	0.00e+00
 3.36394e+13	1.06e-33	1.87e-25	4.04e-18	1.43e-11	3.15e-06	1.00e+00	1.17e-05	0.00e+00
 3.50149e+13	1.51e-33	2.49e-25	5.07e-18	1.68e-11	3.44e-06	1.00e+00	1.07e-05	0.00e+00
 3.63104e+13	2.08e-33	3.24e-25	6.24e-18	1.94e-11	3.71e-06	1.00e+00	9.90e-06	0.00e+00
 3.74761e+13	2.74e-33	4.07e-25	7.48e-18	2.20e-11	3.98e-06	1.00e+00	9.25e-06	0.00e+00
 3.85749e+13	3.53e-33	5.02e-25	8.82e-18	2.47e-11	4.23e-06	1.00e+00	8.70e-06	0.00e+00
 3.97882e+13	4.65e-33	6.30e-25	1.05e-17	2.79e-11	4.52e-06	1.00e+00	8.14e-06	0.00e+00
 4.11497e+13	6.30e-33	8.07e-25	1.28e-17	3.19e-11	4.86e-06	1.00e+00	7.58e-06	0.00e+00
 4.24454e+13	8.30e-33	1.01e-24	1.53e-17	3.62e-11	5.19e-06	1.00e+00	7.10e-06	0.00e+00
 4.38714e+13	1.12e-32	1.29e-24	1.85e-17	4.12e-11	5.56e-06	1.00e+00	6.62e-06	0.00e+00
 4.54627e+13	1.55e-32	1.69e-24	2.27e-17	4.75e-11	6.00e-06	1.00e+00	6.15e-06	0.00e+00
 4.69303e+13	2.06e-32	2.13e-24	2.73e-17	5.39e-11	6.41e-06	1.00e+00	5.75e-06	0.00e+00
 4.82889e+13	2.67e-32	2.64e-24	3.23e-17	6.04e-11	6.81e-06	1.00e+00	5.42e-06	0.00e+00
 4.98445e+13	3.59e-32	3.35e-24	3.88e-17	6.85e-11	7.27e-06	1.00e+00	5.07e-06	0.00e+00
 5.17531e+13	5.10e-32	4.46e-24	4.83e-17	7.96e-11	7.86e-06	1.00e+00	4.69e-06	0.00e+00
 5.36587e+13	7.09e-32	5.84e-24	5.96e-17	9.19e-11	8.48e-06	1.00e+00	4.35e-06	0.00e+00
 5.53106e+13	9.42e-32	7.36e-24	7.11e-17	1.04e-10	9.02e-06	1.00e+00	4.09e-06	0.00e+00
 5.70948e+13	1.27e-31	9.38e-24	8.57e-17	1.18e-10	9.63e-06	1.00e+00	3.83e-06	0.00e+00
 5.92802e+13	1.82e-31	1.25e-23	1.07e-16	1.36e-10	1.04e-05	1.00e+00	3.55e-06	0.00e+00
 6.15101e+13	2.56e-31	1.66e-23	1.33e-16	1.58e-10	1.12e-05	1.00e+00	3.29e-06	0.00e+00
 6.35164e+13	3.49e-31	2.12e-23	1.60e-16	1.80e-10	1.20e-05	1.00e+00	3.08e-06	0.00e+00
 6.57093e+13	4.84e-31	2.77e-23	1.96e-16	2.05e-10	1.28e-05	1.00e+00	2.88e-06	0.00e+00
 6.83027e+13	7.06e-31	3.74e-23	2.46e-16	2.39e-10	1.38e-05	1.00e+00	2.67e-06	0.00e+00
 7.08967e+13	1.00e-30	4.98e-23	3.06e-16	2.78e-10	1.49e-05	1.00e+00	2.47e-06	0.00e+00
 7.33262e+13	1.40e-30	6.49e-23	3.74e-16	3.17e-10	1.60e-05	1.00e+00	2.31e-06	0.00e+00
 7.60208e+13	2.00e-30	8.64e-23	4.63e-16	3.66e-10	1.72e-05	1.00e+00	2.15e-06	0.00e+00
 7.90916e+13	2.94e-30	1.18e-22	5.85e-16	4.28e-10	1.86e-05	1.00e+00	1.99e-06	0.00e+00
 8.21614e+13	4.27e-30	1.59e-22	7.34e-16	4.98e-10	2.00e-05	1.00e+00	1.84e-06	0.00e+00
 8.53540e+13	6.20e-30	2.14e-22	9.20e-16	5.79e-10	2.16e-05	1.00e+00	1.71e-06	0.00e+00
 8.87981e+13	9.12e-30	2.92e-22	1.16e-15	6.78e-10	2.34e-05	1.00e+00	1.58e-06	0.00e+00
 9.23799e+13	1.35e-29	4.00e-22	1.47e-15	7.93e-10	2.53e-05	1.00e+00	1.46e-06	0.00e+00
 9.61051e+13	2.01e-29	5.49e-22	1.86e-15	9.27e-10	2.73e-05	1.00e+00	1.35e-06	0.00e+00
 9.97214e+13	2.89e-29	7.34e-22	2.32e-15	1.07e-09	2.94e-05	1.00e+00	1.26e-06	0.00e+00
 1.03141e+14	4.01e-29	9.56e-22	2.84e-15	1.23e-09	3.14e-05	1.00e+00	1.17e-06	0.00e+00
 1.06364e+14	5.45e-29	1.22e-21	3.41e-15	1.39e-09	3.34e-05	1.00e+00	1.11e-06	0.00e+00
 1.09860e+14	7.54e-29	1.58e-21	4.13e-15	1.58e-09	3.56e-05	1.00e+00	1.04e-06	0.00e+00
 1.13768e+14	1.07e-28	2.09e-21	5.09e-15	1.81e-09	3.81e-05	1.00e+00	9.68e-07	0.00e+00
 1.17463e+14	1.45e-28	2.68e-21	6.16e-15	2.06e-09	4.06e-05	1.00e+00	0.00e+00	0.00e+00
 1.21519e+14	2.04e-28	3.51e-21	7.54e-15	2.35e-09	4.34e-05	1.00e+00	0.00e+00	0.00e+00
 1.26079e+14	2.94e-28	4.71e-21	9.39e-15	2.72e-09	4.67e-05	1.00e+00	0.00e+00	0.00e+00
 1.30434e+14	4.10e-28	6.15e-21	1.15e-14	3.12e-09	4.99e-05	1.00e+00	0.00e+00	0.00e+00
 1.35186e+14	5.79e-28	8.12e-21	1.42e-14	3.59e-09	5.37e-05	1.00e+00	0.00e+00	0.00e+00
 1.40496e+14	8.53e-28	1.11e-20	1.79e-14	4.19e-09	5.79e-05	1.00e+00	0.00e+00	0.00e+00
 1.45648e+14	1.20e-27	1.46e-20	2.22e-14	4.83e-09	6.23e-05	1.00e+00	0.00e+00	0.00e+00
 1.51132e+14	1.73e-27	1.95e-20	2.77e-14	5.60e-09	6.70e-05	1.00e+00	0.00e+00	0.00e+00
 1.57208e+14	2.53e-27	2.66e-20	3.50e-14	6.55e-09	7.25e-05	1.00e+00	0.00e+00	0.00e+00
 1.62824e+14	3.58e-27	3.51e-20	4.31e-14	7.53e-09	7.77e-05	1.00e+00	0.00e+00	0.00e+00
 1.67694e+14	4.72e-27	4.40e-20	5.14e-14	8.47e-09	8.25e-05	1.00e+00	0.00e+00	0.00e+00
 1.73100e+14	6.48e-27	5.66e-20	6.21e-14	9.61e-09	8.79e-05	1.00e+00	0.00e+00	0.00e+00
 1.79693e+14	9.19e-27	7.53e-20	7.75e-14	1.12e-08	9.48e-05	1.00e+00	0.00e+00	0.00e+00
 1.86364e+14	1.32e-26	1.01e-19	9.64e-14	1.29e-08	1.02e-04	1.00e+00	0.00e+00	0.00e+00
 1.92376e+14	1.77e-26	1.28e-19	1.16e-13	1.46e-08	1.09e-04	1.00e+00	0.00e+00	0.00e+00
 1.98998e+14	2.45e-26	1.66e-19	1.42e-13	1.68e-08	1.16e-04	1.00e+00	0.00e+00	0.00e+00
 2.06811e+14	3.54e-26	2.24e-19	1.79e-13	1.95e-08	1.26e-04	1.00e+00	0.00e+00	0.00e+00
 2.14482e+14	5.08e-26	3.00e-19	2.23e-13	2.26e-08	1.35e-04	1.00e+00	0.00e+00	0.00e+00
 2.21526e+14	6.82e-26	3.82e-19	2.70e-13	2.57e-08	1.45e-04	1.00e+00	0.00e+00	0.00e+00
 2.29443e+14	9.65e-26	5.04e-19	3.33e-13	2.96e-08	1.55e-04	1.00e+00	0.00e+00	0.00e+00
 2.38610e+14	1.38e-25	6.76e-19	4.20e-13	3.46e-08	1.68e-04	1.00e+00	0.00e+00	0.00e+00
 2.47573e+14	1.96e-25	8.99e-19	5.23e-13	4.01e-08	1.81e-04	1.00e+00	0.00e+00	0.00e+00
 2.56081e+14	2.72e-25	1.17e-18	6.40e-13	4.59e-08	1.94e-04	1.00e+00	0.00e+00	0.00e+00
 2.65540e+14	3.83e-25	1.55e-18	7.94e-13	5.30e-08	2.09e-04	1.00e+00	0.00e+00	0.00e+00
 2.76191e+14	5.46e-25	2.07e-18	1.00e-12	6.20e-08	2.26e-04	1.00e+00	0.00e+00	0.00e+00
 2.86895e+14	7.95e-25	2.80e-18	1.26e-12	7.22e-08	2.44e-04	1.00e+00	0.00e+00	0.00e+00
 2.97028e+14	1.08e-24	3.61e-18	1.55e-12	8.29e-08	2.62e-04	1.00e+00	0.00e+00	0.00e+00
 3.07939e+14	1.54e-24	4.80e-18	1.92e-12	9.58e-08	2.81e-04	1.00e+00	0.00e+00	0.00e+00
 3.20286e+14	2.18e-24	6.41e-18	2.42e-12	1.12e-07	3.05e-04	1.00e+00	0.00e+00	0.00e+00
 3.31971e+14	3.05e-24	8.42e-18	3.00e-12	1.29e-07	3.28e-04	1.00e+00	0.00e+00	0.00e+00
 3.42557e+14	4.12e-24	1.08e-17	3.62e-12	1.47e-07	3.49e-04	1.00e+00	0.00e+00	0.00e+00
 3.52610e+14	5.38e-24	1.34e-17	4.29e-12	1.64e-07	3.70e-04	1.00e+00	0.00e+00	0.00e+00
 3.63780e+14	7.18e-24	1.69e-17	5.17e-12	1.86e-07	3.94e-04	1.00e+00	0.00e+00	0.00e+00
 3.76218e+14	9.63e-24	2.16e-17	6.31e-12	2.13e-07	4.22e-04	1.00e+00	0.00e+00	0.00e+00
 3.87885e+14	1.30e-23	2.75e-17	7.57e-12	2.41e-07	4.49e-04	1.00e+00	0.00e+00	0.00e+00
 4.00635e+14	1.72e-23	3.48e-17	9.17e-12	2.74e-07	4.80e-04	1.00e+00	0.00e+00	0.00e+00
 4.14915e+14	2.41e-23	4.57e-17	1.13e-11	3.15e-07	5.14e-04	9.99e-01	0.00e+00	0.00e+00
 4.28464e+14	3.17e-23	5.75e-17	1.37e-11	3.58e-07	5.50e-04	9.99e-01	0.00e+00	0.00e+00
 4.43356e+14	4.33e-23	7.44e-17	1.68e-11	4.10e-07	5.89e-04	9.99e-01	0.00e+00	0.00e+00
 4.59779e+14	5.98e-23	9.73e-17	2.08e-11	4.74e-07	6.34e-04	9.99e-01	0.00e+00	0.00e+00
 4.74879e+14	8.19e-23	1.25e-16	2.52e-11	5.40e-07	6.76e-04	9.99e-01	0.00e+00	0.00e+00
 4.91198e+14	1.09e-22	1.59e-16	3.08e-11	6.18e-07	7.25e-04	9.99e-01	0.00e+00	0.00e+00
 5.09427e+14	1.54e-22	2.11e-16	3.82e-11	7.14e-07	7.80e-04	9.99e-01	0.00e+00	0.00e+00
 5.26625e+14	2.03e-22	2.67e-16	4.65e-11	8.16e-07	8.36e-04	9.99e-01	0.00e+00	0.00e+00
 5.45467e+14	2.78e-22	3.46e-16	5.73e-11	9.38e-07	8.97e-04	9.99e-01	0.00e+00	0.00e+00
 5.66367e+14	3.85e-22	4.54e-16	7.16e-11	1.09e-06	9.70e-04	9.99e-01	0.00e+00	0.00e+00
 5.85795e+14	5.23e-22	5.85e-16	8.74e-11	1.25e-06	1.04e-03	9.99e-01	0.00e+00	0.00e+00
 6.06888e+14	7.07e-22	7.54e-16	1.08e-10	1.44e-06	1.12e-03	9.99e-01	0.00e+00	0.00e+00
 6.30524e+14	1.01e-21	1.01e-15	1.35e-10	1.67e-06	1.21e-03	9.99e-01	0.00e+00	0.00e+00
 6.53027e+14	1.35e-21	1.29e-15	1.66e-10	1.93e-06	1.30e-03	9.99e-01	0.00e+00	0.00e+00
 6.77099e+14	1.87e-21	1.69e-15	2.06e-10	2.23e-06	1.40e-03	9.99e-01	0.00e+00	0.00e+00
 7.04213e+14	2.57e-21	2.22e-15	2.59e-10	2.60e-06	1.52e-03	9.98e-01	0.00e+00	0.00e+00
 7.30822e+14	3.59e-21	2.93e-15	3.23e-10	3.02e-06	1.64e-03	9.98e-01	0.00e+00	0.00e+00
 7.58494e+14	4.82e-21	3.77e-15	4.02e-10	3.50e-06	1.77e-03	9.98e-01	0.00e+00	0.00e+00
 7.88864e+14	6.84e-21	5.04e-15	5.06e-10	4.10e-06	1.93e-03	9.98e-01	0.00e+00	0.00e+00
 8.18968e+14	9.12e-21	6.49e-15	6.31e-10	4.77e-06	2.09e-03	9.98e-01	0.00e+00	0.00e+00
 8.43849e+14	1.18e-20	8.04e-15	7.52e-10	5.37e-06	2.22e-03	9.98e-01	0.00e+00	0.00e+00
 8.63621e+14	1.42e-20	9.46e-15	8.62e-10	5.89e-06	2.34e-03	9.98e-01	0.00e+00	0.00e+00
 8.85498e+14	1.76e-20	1.13e-14	9.98e-10	6.51e-06	2.46e-03	9.98e-01	0.00e+00	0.00e+00
 9.13938e+14	2.27e-20	1.41e-14	1.20e-09	7.39e-06	2.64e-03	9.97e-01	0.00e+00	0.00e+00
 9.44544e+14	2.96e-20	1.77e-14	1.46e-09	8.44e-06	2.83e-03	9.97e-01	0.00e+00	0.00e+00
 9.71854e+14	3.77e-20	2.17e-14	1.72e-09	9.46e-06	3.01e-03	9.97e-01	0.00e+00	0.00e+00
 1.00125e+15	4.73e-20	2.65e-14	2.05e-09	1.07e-05	3.21e-03	9.97e-01	0.00e+00	0.00e+00
 1.03823e+15	6.40e-20	3.42e-14	2.54e-09	1.23e-05	3.47e-03	9.97e-01	0.00e+00	0.00e+00
 1.07580e+15	8.43e-20	4.36e-14	3.12e-09	1.42e-05	3.76e-03	9.96e-01	0.00e+00	0.00e+00
 1.10795e+15	1.07e-19	5.36e-14	3.71e-09	1.60e-05	4.00e-03	9.96e-01	0.00e+00	0.00e+00
 1.14231e+15	1.37e-19	6.60e-14	4.44e-09	1.81e-05	4.28e-03	9.96e-01	0.00e+00	0.00e+00
 1.18498e+15	1.82e-19	8.48e-14	5.51e-09	2.09e-05	4.64e-03	9.95e-01	0.00e+00	0.00e+00
 1.22846e+15	2.41e-19	1.08e-13	6.80e-09	2.42e-05	5.03e-03	9.95e-01	0.00e+00	0.00e+00
 1.26668e+15	3.08e-19	1.34e-13	8.14e-09	2.73e-05	5.38e-03	9.95e-01	0.00e+00	0.00e+00
 1.30804e+15	3.97e-19	1.67e-13	9.83e-09	3.11e-05	5.78e-03	9.94e-01	0.00e+00	0.00e+00
 1.35806e+15	5.37e-19	2.17e-13	1.23e-08	3.61e-05	6.28e-03	9.94e-01	0.00e+00	0.00e+00
 1.40779e+15	7.13e-19	2.78e-13	1.52e-08	4.17e-05	6.81e-03	9.93e-01	0.00e+00	0.00e+00
 1.45205e+15	9.15e-19	3.44e-13	1.82e-08	4.72e-05	7.29e-03	9.93e-01	0.00e+00	0.00e+00
 1.50076e+15	1.18e-18	4.32e-13	2.21e-08	5.38e-05	7.85e-03	9.92e-01	0.00e+00	0.00e+00
 1.55887e+15	1.60e-18	5.62e-13	2.77e-08	6.26e-05	8.54e-03	9.91e-01	0.00e+00	0.00e+00
 1.61668e+15	2.15e-18	7.24e-13	3.43e-08	7.25e-05	9.27e-03	9.91e-01	0.00e+00	0.00e+00
 1.66962e+15	2.77e-18	9.04e-13	4.15e-08	8.24e-05	9.94e-03	9.90e-01	0.00e+00	0.00e+00
 1.72878e+15	3.70e-18	1.16e-12	5.11e-08	9.47e-05	1.08e-02	9.89e-01	0.00e+00	0.00e+00
 1.79747e+15	5.08e-18	1.53e-12	6.44e-08	1.11e-04	1.17e-02	9.88e-01	0.00e+00	0.00e+00
 1.86504e+15	6.88e-18	1.98e-12	8.03e-08	1.28e-04	1.27e-02	9.87e-01	0.00e+00	0.00e+00
 1.92943e+15	8.93e-18	2.50e-12	9.83e-08	1.47e-04	1.37e-02	9.86e-01	0.00e+00	0.00e+00
 2.00075e+15	1.23e-17	3.27e-12	1.22e-07	1.70e-04	1.49e-02	9.85e-01	0.00e+00	0.00e+00
 2.06780e+15	1.59e-17	4.10e-12	1.49e-07	1.93e-04	1.60e-02	9.84e-01	0.00e+00	0.00e+00
 2.11812e+15	1.95e-17	4.89e-12	1.72e-07	2.13e-04	1.69e-02	9.83e-01	0.00e+00	0.00e+00
 2.16992e+15	2.43e-17	5.87e-12	1.99e-07	2.34e-04	1.78e-02	9.82e-01	0.00e+00	0.00e+00
 2.23725e+15	3.14e-17	7.32e-12	2.39e-07	2.65e-04	1.90e-02	9.81e-01	0.00e+00	0.00e+00
 2.31004e+15	4.13e-17	9.24e-12	2.90e-07	3.01e-04	2.04e-02	9.79e-01	0.00e+00	0.00e+00
 2.37542e+15	5.26e-17	1.13e-11	3.43e-07	3.36e-04	2.17e-02	9.78e-01	0.00e+00	0.00e+00
 2.44589e+15	6.74e-17	1.40e-11	4.09e-07	3.77e-04	2.31e-02	9.77e-01	0.00e+00	0.00e+00
 2.53545e+15	9.26e-17	1.84e-11	5.08e-07	4.36e-04	2.50e-02	9.75e-01	0.00e+00	0.00e+00
 2.62612e+15	1.26e-16	2.38e-11	6.29e-07	5.01e-04	2.70e-02	9.72e-01	0.00e+00	0.00e+00
 2.70264e+15	1.75e-16	2.95e-11	7.48e-07	5.62e-04	2.88e-02	9.71e-01	0.00e+00	0.00e+00
 2.78447e+15	2.27e-16	3.67e-11	8.97e-07	6.33e-04	3.07e-02	9.69e-01	0.00e+00	0.00e+00
 2.88736e+15	3.15e-16	4.82e-11	1.12e-06	7.32e-04	3.32e-02	9.66e-01	0.00e+00	0.00e+00
 2.99494e+15	4.36e-16	6.34e-11	1.40e-06	8.46e-04	3.59e-02	9.63e-01	0.00e+00	0.00e+00
 3.09159e+15	5.67e-16	7.96e-11	1.69e-06	9.60e-04	3.84e-02	9.61e-01	0.00e+00	0.00e+00
 3.19667e+15	7.65e-16	1.02e-10	2.08e-06	1.10e-03	4.13e-02	9.58e-01	0.00e+00	0.00e+00
 3.32120e+15	1.12e-15	1.39e-10	2.62e-06	1.28e-03	4.48e-02	9.54e-01	0.00e+00	0.00e+00
 3.44361e+15	1.57e-15	1.84e-10	3.27e-06	1.47e-03	4.84e-02	9.50e-01	0.00e+00	0.00e+00
 3.55507e+15	2.11e-15	2.34e-10	3.97e-06	1.67e-03	5.17e-02	9.47e-01	0.00e+00	0.00e+00
 3.67973e+15	2.88e-15	3.04e-10	4.90e-06	1.92e-03	5.56e-02	9.42e-01	0.00e+00	0.00e+00
 3.82521e+15	4.16e-15	4.12e-10	6.21e-06	2.24e-03	6.03e-02	9.37e-01	0.00e+00	0.00e+00
 3.96861e+15	5.89e-15	5.47e-10	7.78e-06	2.59e-03	6.51e-02	9.32e-01	0.00e+00	0.00e+00
 4.10444e+15	8.08e-15	7.10e-10	9.55e-06	2.96e-03	6.98e-02	9.27e-01	0.00e+00	0.00e+00
 4.25534e+15	1.13e-14	9.35e-10	1.19e-05	3.41e-03	7.51e-02	9.21e-01	0.00e+00	0.00e+00
 4.42558e+15	1.65e-14	1.27e-09	1.51e-05	3.99e-03	8.15e-02	9.15e-01	0.00e+00	0.00e+00
 4.56863e+15	2.23e-14	1.63e-09	1.83e-05	4.52e-03	8.69e-02	9.09e-01	0.00e+00	0.00e+00
 4.67192e+15	2.76e-14	1.94e-09	2.10e-05	4.93e-03	9.08e-02	9.04e-01	0.00e+00	0.00e+00
 4.78010e+15	3.43e-14	2.32e-09	2.41e-05	5.39e-03	9.51e-02	8.99e-01	0.00e+00	0.00e+00
 4.92073e+15	4.37e-14	2.86e-09	2.88e-05	6.04e-03	1.01e-01	8.93e-01	0.00e+00	0.00e+00
 5.07729e+15	6.10e-14	3.73e-09	3.49e-05	6.84e-03	1.07e-01	8.86e-01	0.00e+00	0.00e+00
 5.22298e+15	8.01e-14	4.65e-09	4.14e-05	7.63e-03	1.13e-01	8.79e-01	0.00e+00	0.00e+00
 5.38081e+15	1.03e-13	5.77e-09	4.95e-05	8.57e-03	1.20e-01	8.71e-01	0.00e+00	0.00e+00
 5.55874e+15	1.46e-13	7.59e-09	6.05e-05	9.74e-03	1.28e-01	8.62e-01	0.00e+00	0.00e+00
 5.72751e+15	1.94e-13	9.60e-09	7.24e-05	1.09e-02	1.36e-01	8.53e-01	0.00e+00	0.00e+00
 5.91167e+15	2.54e-13	1.21e-08	8.76e-05	1.24e-02	1.44e-01	8.44e-01	0.00e+00	0.00e+00
 6.11805e+15	3.69e-13	1.62e-08	1.08e-04	1.41e-02	1.54e-01	8.32e-01	0.00e+00	0.00e+00
 6.31222e+15	4.92e-13	2.05e-08	1.30e-04	1.59e-02	1.63e-01	8.21e-01	0.00e+00	0.00e+00
 6.52354e+15	6.57e-13	2.62e-08	1.59e-04	1.81e-02	1.73e-01	8.09e-01	0.00e+00	0.00e+00
 6.75606e+15	9.18e-13	3.44e-08	1.96e-04	2.06e-02	1.84e-01	7.95e-01	0.00e+00	0.00e+00
 6.97070e+15	1.30e-12	4.51e-08	2.38e-04	2.33e-02	1.95e-01	7.82e-01	0.00e+00	0.00e+00
 7.20429e+15	1.77e-12	5.82e-08	2.90e-04	2.64e-02	2.06e-01	7.67e-01	0.00e+00	0.00e+00
 7.46224e+15	2.41e-12	7.55e-08	3.57e-04	3.01e-02	2.19e-01	7.50e-01	0.00e+00	0.00e+00
 7.70353e+15	3.29e-12	9.71e-08	4.33e-04	3.40e-02	2.31e-01	7.34e-01	0.00e+00	0.00e+00
 7.96889e+15	4.79e-12	1.30e-07	5.33e-04	3.86e-02	2.45e-01	7.16e-01	0.00e+00	0.00e+00
 8.25868e+15	6.68e-12	1.71e-07	6.59e-04	4.41e-02	2.59e-01	6.96e-01	0.00e+00	0.00e+00
 8.51658e+15	8.75e-12	2.15e-07	7.91e-04	4.94e-02	2.72e-01	6.78e-01	0.00e+00	0.00e+00
 8.75266e+15	1.14e-11	2.67e-07	9.33e-04	5.46e-02	2.84e-01	6.61e-01	0.00e+00	0.00e+00
 9.02403e+15	1.54e-11	3.40e-07	1.12e-03	6.11e-02	2.97e-01	6.41e-01	0.00e+00	0.00e+00
 9.32955e+15	2.23e-11	4.54e-07	1.37e-03	6.91e-02	3.12e-01	6.17e-01	0.00e+00	0.00e+00
 9.61633e+15	2.95e-11	5.73e-07	1.64e-03	7.70e-02	3.25e-01	5.96e-01	0.00e+00	0.00e+00
 9.86498e+15	3.69e-11	6.92e-07	1.91e-03	8.43e-02	3.36e-01	5.78e-01	0.00e+00	0.00e+00
 1.01272e+16	4.77e-11	8.53e-07	2.24e-03	9.27e-02	3.48e-01	5.58e-01	0.00e+00	0.00e+00
 1.04156e+16	6.57e-11	1.09e-06	2.66e-03	1.03e-01	3.60e-01	5.35e-01	0.00e+00	0.00e+00
 1.06709e+16	8.31e-11	1.32e-06	3.08e-03	1.12e-01	3.70e-01	5.15e-01	0.00e+00	0.00e+00
 1.09358e+16	1.05e-10	1.61e-06	3.57e-03	1.22e-01	3.80e-01	4.95e-01	0.00e+00	0.00e+00
 1.12803e+16	1.47e-10	2.09e-06	4.33e-03	1.36e-01	3.93e-01	4.67e-01	0.00e+00	0.00e+00
 1.16250e+16	1.88e-10	2.59e-06	5.16e-03	1.50e-01	4.03e-01	4.42e-01	0.00e+00	0.00e+00
 1.19032e+16	2.51e-10	3.23e-06	5.99e-03	1.63e-01	4.11e-01	4.20e-01	0.00e+00	0.00e+00
 1.21979e+16	3.23e-10	3.96e-06	6.97e-03	1.77e-01	4.19e-01	3.97e-01	0.00e+00	0.00e+00
 1.25256e+16	4.06e-10	4.81e-06	8.17e-03	1.93e-01	4.25e-01	3.74e-01	0.00e+00	0.00e+00
 1.28319e+16	5.48e-10	6.06e-06	9.54e-03	2.09e-01	4.31e-01	3.50e-01	0.00e+00	0.00e+00
 1.31155e+16	6.89e-10	7.28e-06	1.09e-02	2.25e-01	4.35e-01	3.29e-01	0.00e+00	0.00e+00
 1.34335e+16	8.54e-10	8.74e-06	1.27e-02	2.42e-01	4.38e-01	3.07e-01	0.00e+00	0.00e+00
 1.37738e+16	1.18e-09	1.12e-05	1.50e-02	2.63e-01	4.40e-01	2.82e-01	0.00e+00	0.00e+00
 1.40629e+16	1.48e-09	1.34e-05	1.71e-02	2.81e-01	4.39e-01	2.63e-01	0.00e+00	0.00e+00
 1.43192e+16	1.82e-09	1.58e-05	1.92e-02	2.97e-01	4.38e-01	2.46e-01	0.00e+00	0.00e+00
 1.46132e+16	2.33e-09	1.92e-05	2.20e-02	3.16e-01	4.35e-01	2.26e-01	0.00e+00	0.00e+00
 1.49333e+16	2.84e-09	2.28e-05	2.53e-02	3.37e-01	4.30e-01	2.07e-01	0.00e+00	0.00e+00
 1.52217e+16	3.80e-09	2.83e-05	2.90e-02	3.57e-01	4.25e-01	1.89e-01	0.00e+00	0.00e+00
 1.54757e+16	4.61e-09	3.30e-05	3.25e-02	3.75e-01	4.18e-01	1.74e-01	0.00e+00	0.00e+00
 1.57510e+16	5.93e-09	4.01e-05	3.70e-02	3.95e-01	4.10e-01	1.58e-01	0.00e+00	0.00e+00
 1.60459e+16	7.60e-09	4.86e-05	4.23e-02	4.16e-01	4.00e-01	1.42e-01	0.00e+00	0.00e+00
 1.63031e+16	9.47e-09	5.77e-05	4.75e-02	4.35e-01	3.89e-01	1.28e-01	0.00e+00	0.00e+00
 1.65333e+16	1.16e-08	6.76e-05	5.29e-02	4.52e-01	3.79e-01	1.17e-01	0.00e+00	0.00e+00
 1.67452e+16	1.38e-08	7.74e-05	5.82e-02	4.67e-01	3.68e-01	1.07e-01	0.00e+00	0.00e+00
 1.69743e+16	1.64e-08	8.90e-05	6.48e-02	4.84e-01	3.55e-01	9.60e-02	0.00e+00	0.00e+00
 1.72319e+16	2.06e-08	1.06e-04	7.31e-02	5.03e-01	3.40e-01	8.46e-02	0.00e+00	0.00e+00
 1.74662e+16	2.59e-08	1.27e-04	8.18e-02	5.19e-01	3.24e-01	7.47e-02	0.00e+00	0.00e+00
 1.76646e+16	3.19e-08	1.48e-04	9.02e-02	5.33e-01	3.10e-01	6.66e-02	0.00e+00	0.00e+00
 1.78468e+16	3.87e-08	1.71e-04	9.87e-02	5.46e-01	2.96e-01	5.95e-02	0.00e+00	0.00e+00
 1.80225e+16	4.67e-08	1.97e-04	1.08e-01	5.57e-01	2.82e-01	5.29e-02	0.00e+00	0.00e+00
 1.81914e+16	5.92e-08	2.34e-04	1.18e-01	5.68e-01	2.67e-01	4.67e-02	0.00e+00	0.00e+00
 1.83538e+16	7.14e-08	2.69e-04	1.28e-01	5.77e-01	2.53e-01	4.12e-02	0.00e+00	0.00e+00
 1.85112e+16	8.62e-08	3.09e-04	1.39e-01	5.86e-01	2.38e-01	3.61e-02	0.00e+00	0.00e+00
 1.86646e+16	9.91e-08	3.45e-04	1.50e-01	5.94e-01	2.23e-01	3.16e-02	0.00e+00	0.00e+00
 1.88138e+16	1.29e-07	4.15e-04	1.64e-01	6.01e-01	2.08e-01	2.70e-02	0.00e+00	0.00e+00
 1.89490e+16	1.51e-07	4.67e-04	1.76e-01	6.06e-01	1.94e-01	2.35e-02	0.00e+00	0.00e+00
 1.90703e+16	1.70e-07	5.13e-04	1.87e-01	6.11e-01	1.81e-01	2.05e-02	0.00e+00	0.00e+00
 1.92088e+16	2.18e-07	6.12e-04	2.03e-01	6.15e-01	1.65e-01	1.70e-02	0.00e+00	0.00e+00
 1.93364e+16	2.62e-07	6.98e-04	2.17e-01	6.17e-01	1.51e-01	1.43e-02	0.00e+00	0.00e+00
 1.94258e+16	3.01e-07	7.71e-04	2.28e-01	6.19e-01	1.40e-01	1.24e-02	0.00e+00	0.00e+00
 1.95018e+16	3.28e-07	8.23e-04	2.37e-01	6.19e-01	1.32e-01	1.10e-02	0.00e+00	0.00e+00
 1.95841e+16	3.74e-07	9.03e-04	2.48e-01	6.20e-01	1.22e-01	9.51e-03	0.00e+00	0.00e+00
 1.96660e+16	4.44e-07	1.02e-03	2.60e-01	6.19e-01	1.12e-01	8.08e-03	0.00e+00	0.00e+00
 1.97233e+16	4.89e-07	1.09e-03	2.68e-01	6.19e-01	1.05e-01	7.19e-03	0.00e+00	0.00e+00
 1.97738e+16	5.17e-07	1.14e-03	2.75e-01	6.18e-01	9.93e-02	6.47e-03	0.00e+00	0.00e+00
 1.98395e+16	5.99e-07	1.26e-03	2.85e-01	6.17e-01	9.13e-02	5.51e-03	0.00e+00	0.00e+00
 1.99031e+16	6.42e-07	1.32e-03	2.94e-01	6.16e-01	8.43e-02	4.77e-03	0.00e+00	0.00e+00
 1.99638e+16	7.42e-07	1.46e-03	3.04e-01	6.14e-01	7.71e-02	4.01e-03	0.00e+00	0.00e+00
 2.00230e+16	8.17e-07	1.56e-03	3.13e-01	6.12e-01	7.08e-02	3.43e-03	0.00e+00	0.00e+00
 2.00719e+16	8.88e-07	1.66e-03	3.20e-01	6.10e-01	6.55e-02	2.97e-03	0.00e+00	0.00e+00
 2.01272e+16	9.82e-07	1.78e-03	3.29e-01	6.07e-01	5.96e-02	2.49e-03	0.00e+00	0.00e+00
 2.01886e+16	1.09e-06	1.91e-03	3.38e-01	6.04e-01	5.36e-02	2.04e-03	0.00e+00	0.00e+00
 2.02465e+16	1.20e-06	2.05e-03	3.47e-01	6.01e-01	4.81e-02	1.67e-03	0.00e+00	0.00e+00
 2.03017e+16	1.32e-06	2.19e-03	3.56e-01	5.98e-01	4.32e-02	1.37e-03	0.00e+00	0.00e+00
 2.03647e+16	1.47e-06	2.36e-03	3.65e-01	5.94e-01	3.79e-02	1.08e-03	0.00e+00	0.00e+00
 2.04343e+16	1.65e-06	2.56e-03	3.75e-01	5.89e-01	3.26e-02	8.16e-04	0.00e+00	0.00e+00
 2.04998e+16	1.84e-06	2.75e-03	3.85e-01	5.84e-01	2.82e-02	6.23e-04	0.00e+00	0.00e+00
 2.05720e+16	2.06e-06	2.98e-03	3.95e-01	5.78e-01	2.38e-02	4.54e-04	0.00e+00	0.00e+00
 2.06534e+16	2.34e-06	3.24e-03	4.06e-01	5.71e-01	1.97e-02	3.18e-04	0.00e+00	0.00e+00
 2.07342e+16	2.63e-06	3.51e-03	4.16e-01	5.64e-01	1.62e-02	2.21e-04	0.00e+00	0.00e+00
 2.08265e+16	3.01e-06	3.83e-03	4.27e-01	5.56e-01	1.29e-02	1.44e-04	0.00e+00	0.00e+00
 2.09466e+16	3.54e-06	4.27e-03	4.41e-01	5.45e-01	9.62e-03	8.28e-05	0.00e+00	0.00e+00
 2.10793e+16	4.20e-06	4.77e-03	4.55e-01	5.33e-01	7.04e-03	4.58e-05	0.00e+00	0.00e+00
 2.12284e+16	5.04e-06	5.38e-03	4.71e-01	5.19e-01	4.99e-03	2.36e-05	0.00e+00	0.00e+00
 2.14222e+16	6.35e-06	6.25e-03	4.90e-01	5.00e-01	3.25e-03	1.03e-05	0.00e+00	0.00e+00
 2.16364e+16	8.16e-06	7.35e-03	5.11e-01	4.80e-01	2.10e-03	4.34e-06	0.00e+00	0.00e+00
 2.18383e+16	1.04e-05	8.60e-03	5.31e-01	4.59e-01	1.41e-03	2.00e-06	0.00e+00	0.00e+00
 2.19859e+16	1.25e-05	9.70e-03	5.46e-01	4.43e-01	1.08e-03	1.18e-06	0.00e+00	0.00e+00
 2.20730e+16	1.40e-05	1.04e-02	5.56e-01	4.33e-01	9.27e-04	8.67e-07	0.00e+00	0.00e+00
 2.21573e+16	1.56e-05	1.12e-02	5.65e-01	4.23e-01	7.91e-04	0.00e+00	0.00e+00	0.00e+00
 2.22668e+16	1.80e-05	1.23e-02	5.77e-01	4.10e-01	6.44e-04	0.00e+00	0.00e+00	0.00e+00
 2.24093e+16	2.17e-05	1.39e-02	5.93e-01	3.93e-01	4.96e-04	0.00e+00	0.00e+00	0.00e+00
 2.25507e+16	2.65e-05	1.59e-02	6.09e-01	3.74e-01	3.87e-04	0.00e+00	0.00e+00	0.00e+00
 2.26559e+16	3.09e-05	1.76e-02	6.22e-01	3.60e-01	3.21e-04	0.00e+00	0.00e+00	0.00e+00
 2.27434e+16	3.52e-05	1.92e-02	6.32e-01	3.48e-01	2.74e-04	0.00e+00	0.00e+00	0.00e+00
 2.28289e+16	4.01e-05	2.09e-02	6.43e-01	3.36e-01	2.35e-04	0.00e+00	0.00e+00	0.00e+00
 2.29121e+16	4.57e-05	2.28e-02	6.53e-01	3.24e-01	2.01e-04	0.00e+00	0.00e+00	0.00e+00
 2.29924e+16	5.20e-05	2.49e-02	6.63e-01	3.12e-01	1.74e-04	0.00e+00	0.00e+00	0.00e+00
 2.30704e+16	5.92e-05	2.71e-02	6.72e-01	3.01e-01	1.50e-04	0.00e+00	0.00e+00	0.00e+00
 2.31595e+16	6.88e-05	3.00e-02	6.83e-01	2.87e-01	1.26e-04	0.00e+00	0.00e+00	0.00e+00
 2.32521e+16	8.07e-05	3.34e-02	6.94e-01	2.72e-01	1.06e-04	0.00e+00	0.00e+00	0.00e+00
 2.33265e+16	9.24e-05	3.65e-02	7.03e-01	2.61e-01	9.14e-05	0.00e+00	0.00e+00	0.00e+00
 2.33893e+16	1.04e-04	3.95e-02	7.10e-01	2.50e-01	8.06e-05	0.00e+00	0.00e+00	0.00e+00
 2.34596e+16	1.18e-04	4.31e-02	7.18e-01	2.39e-01	6.96e-05	0.00e+00	0.00e+00	0.00e+00
 2.35383e+16	1.38e-04	4.77e-02	7.26e-01	2.26e-01	5.90e-05	0.00e+00	0.00e+00	0.00e+00
 2.36093e+16	1.59e-04	5.25e-02	7.33e-01	2.14e-01	5.07e-05	0.00e+00	0.00e+00	0.00e+00
 2.36701e+16	1.80e-04	5.71e-02	7.39e-01	2.04e-01	4.44e-05	0.00e+00	0.00e+00	0.00e+00
 2.37364e+16	2.07e-04	6.26e-02	7.44e-01	1.93e-01	3.81e-05	0.00e+00	0.00e+00	0.00e+00
 2.38085e+16	2.42e-04	6.95e-02	7.50e-01	1.81e-01	3.22e-05	0.00e+00	0.00e+00	0.00e+00
 2.38716e+16	2.78e-04	7.63e-02	7.53e-01	1.70e-01	2.77e-05	0.00e+00	0.00e+00	0.00e+00
 2.39260e+16	3.15e-04	8.29e-02	7.56e-01	1.61e-01	2.42e-05	0.00e+00	0.00e+00	0.00e+00
 2.39858e+16	3.62e-04	9.09e-02	7.58e-01	1.51e-01	2.07e-05	0.00e+00	0.00e+00	0.00e+00
 2.40512e+16	4.23e-04	1.01e-01	7.59e-01	1.40e-01	1.74e-05	0.00e+00	0.00e+00	0.00e+00
 2.41085e+16	4.88e-04	1.11e-01	7.59e-01	1.30e-01	1.49e-05	0.00e+00	0.00e+00	0.00e+00
 2.41579e+16	5.54e-04	1.21e-01	7.57e-01	1.22e-01	1.29e-05	0.00e+00	0.00e+00	0.00e+00
 2.42125e+16	6.39e-04	1.32e-01	7.54e-01	1.13e-01	1.09e-05	0.00e+00	0.00e+00	0.00e+00
 2.42724e+16	7.50e-04	1.47e-01	7.49e-01	1.03e-01	9.08e-06	0.00e+00	0.00e+00	0.00e+00
 2.43256e+16	8.69e-04	1.62e-01	7.43e-01	9.43e-02	7.64e-06	0.00e+00	0.00e+00	0.00e+00
 2.43721e+16	9.92e-04	1.76e-01	7.36e-01	8.69e-02	6.52e-06	0.00e+00	0.00e+00	0.00e+00
 2.44234e+16	1.15e-03	1.94e-01	7.26e-01	7.88e-02	5.40e-06	0.00e+00	0.00e+00	0.00e+00
 2.44797e+16	1.36e-03	2.16e-01	7.12e-01	7.04e-02	4.38e-06	0.00e+00	0.00e+00	0.00e+00
 2.45301e+16	1.59e-03	2.39e-01	6.97e-01	6.29e-02	3.57e-06	0.00e+00	0.00e+00	0.00e+00
 2.45753e+16	1.84e-03	2.61e-01	6.81e-01	5.64e-02	2.95e-06	0.00e+00	0.00e+00	0.00e+00
 2.46257e+16	2.17e-03	2.89e-01	6.60e-01	4.94e-02	2.34e-06	0.00e+00	0.00e+00	0.00e+00
 2.46816e+16	2.61e-03	3.23e-01	6.32e-01	4.20e-02	1.78e-06	0.00e+00	0.00e+00	0.00e+00
 2.47329e+16	3.11e-03	3.59e-01	6.02e-01	3.55e-02	1.36e-06	0.00e+00	0.00e+00	0.00e+00
 2.47791e+16	3.67e-03	3.95e-01	5.71e-01	3.01e-02	1.04e-06	0.00e+00	0.00e+00	0.00e+00
 2.48302e+16	4.41e-03	4.38e-01	5.33e-01	2.45e-02	7.57e-07	0.00e+00	0.00e+00	0.00e+00
 2.48846e+16	5.39e-03	4.89e-01	4.86e-01	1.92e-02	0.00e+00	0.00e+00	0.00e+00	0.00e+00
 2.49300e+16	6.41e-03	5.36e-01	4.43e-01	1.51e-02	0.00e+00	0.00e+00	0.00e+00	0.00e+00
 2.49656e+16	7.36e-03	5.74e-01	4.06e-01	1.23e-02	0.00e+00	0.00e+00	0.00e+00	0.00e+00
 2.49967e+16	8.27e-03	6.08e-01	3.73e-01	1.01e-02	0.00e+00	0.00e+00	0.00e+00	0.00e+00
 2.50320e+16	9.50e-03	6.48e-01	3.35e-01	7.93e-03	0.00e+00	0.00e+00	0.00e+00	0.00e+00
 2.50703e+16	1.11e-02	6.91e-01	2.92e-01	5.91e-03	0.00e+00	0.00e+00	0.00e+00	0.00e+00
 2.51030e+16	1.27e-02	7.28e-01	2.54e-01	4.45e-03	0.00e+00	0.00e+00	0.00e+00	0.00e+00
 2.51297e+16	1.41e-02	7.58e-01	2.25e-01	3.46e-03	0.00e+00	0.00e+00	0.00e+00	0.00e+00
 2.51582e+16	1.59e-02	7.87e-01	1.94e-01	2.58e-03	0.00e+00	0.00e+00	0.00e+00	0.00e+00
 2.51894e+16	1.82e-02	8.18e-01	1.62e-01	1.82e-03	0.00e+00	0.00e+00	0.00e+00	0.00e+00
 2.52167e+16	2.05e-02	8.42e-01	1.36e-01	1.30e-03	0.00e+00	0.00e+00	0.00e+00	0.00e+00
 2.52395e+16	2.26e-02	8.60e-01	1.16e-01	9.58e-04	0.00e+00	0.00e+00	0.00e+00	0.00e+00
 2.52638e+16	2.52e-02	8.78e-01	9.64e-02	6.76e-04	0.00e+00	0.00e+00	0.00e+00	0.00e+00
 2.52906e+16	2.85e-02	8.94e-01	7.72e-02	4.48e-04	0.00e+00	0.00e+00	0.00e+00	0.00e+00
 2.53142e+16	3.18e-02	9.06e-01	6.22e-02	3.02e-04	0.00e+00	0.00e+00	0.00e+00	0.00e+00
 2.53341e+16	3.50e-02	9.14e-01	5.12e-02	2.11e-04	0.00e+00	0.00e+00	0.00e+00	0.00e+00
 2.53555e+16	3.89e-02	9.20e-01	4.10e-02	1.41e-04	0.00e+00	0.00e+00	0.00e+00	0.00e+00
 2.53782e+16	4.36e-02	9.24e-01	3.19e-02	8.91e-05	0.00e+00	0.00e+00	0.00e+00	0.00e+00
 2.53972e+16	4.79e-02	9.27e-01	2.54e-02	5.90e-05	0.00e+00	0.00e+00	0.00e+00	0.00e+00
 2.54129e+16	5.20e-02	9.27e-01	2.09e-02	4.15e-05	0.00e+00	0.00e+00	0.00e+00	0.00e+00
 2.54292e+16	5.68e-02	9.26e-01	1.68e-02	2.81e-05	0.00e+00	0.00e+00	0.00e+00	0.00e+00
 2.54467e+16	6.23e-02	9.24e-01	1.32e-02	1.83e-05	0.00e+00	0.00e+00	0.00e+00	0.00e+00
 2.54624e+16	6.79e-02	9.22e-01	1.05e-02	1.21e-05	0.00e+00	0.00e+00	0.00e+00	0.00e+00
 2.54763e+16	7.33e-02	9.18e-01	8.57e-03	8.37e-06	0.00e+00	0.00e+00	0.00e+00	0.00e+00
 2.54888e+16	7.85e-02	9.14e-01	7.06e-03	5.91e-06	0.00e+00	0.00e+00	0.00e+00	0.00e+00
 2.55008e+16	8.39e-02	9.10e-01	5.83e-03	4.18e-06	0.00e+00	0.00e+00	0.00e+00	0.00e+00
 2.55124e+16	8.96e-02	9.06e-01	4.82e-03	2.97e-06	0.00e+00	0.00e+00	0.00e+00	0.00e+00
 2.55230e+16	9.49e-02	9.01e-01	4.03e-03	2.15e-06	0.00e+00	0.00e+00	0.00e+00	0.00e+00
 2.55327e+16	1.00e-01	8.96e-01	3.41e-03	1.59e-06	0.00e+00	0.00e+00	0.00e+00	0.00e+00
 2.55401e+16	1.04e-01	8.93e-01	3.00e-03	1.27e-06	0.00e+00	0.00e+00	0.00e+00	0.00e+00
 2.55450e+16	1.07e-01	8.90e-01	2.75e-03	1.09e-06	0.00e+00	0.00e+00	0.00e+00	0.00e+00
 2.55497e+16	1.10e-01	8.87e-01	2.53e-03	9.30e-07	0.00e+00	0.00e+00	0.00e+00	0.00e+00
 2.55551e+16	1.14e-01	8.84e-01	2.29e-03	0.00e+00	0.00e+00	0.00e+00	0.00e+00	0.00e+00
 2.55609e+16	1.17e-01	8.81e-01	2.05e-03	0.00e+00	0.00e+00	0.00e+00	0.00e+00	0.00e+00
 2.55664e+16	1.21e-01	8.77e-01	1.85e-03	0.00e+00	0.00e+00	0.00e+00	0.00e+00	0.00e+00
 2.55717e+16	1.25e-01	8.74e-01	1.68e-03	0.00e+00	0.00e+00	0.00e+00	0.00e+00	0.00e+00
 2.55769e+16	1.28e-01	8.70e-01	1.52e-03	0.00e+00	0.00e+00	0.00e+00	0.00e+00	0.00e+00
 2.55821e+16	1.32e-01	8.66e-01	1.37e-03	0.00e+00	0.00e+00	0.00e+00	0.00e+00	0.00e+00
 2.55872e+16	1.36e-01	8.62e-01	1.24e-03	0.00e+00	0.00e+00	0.00e+00	0.00e+00	0.00e+00
 2.55923e+16	1.40e-01	8.58e-01	1.12e-03	0.00e+00	0.00e+00	0.00e+00	0.00e+00	0.00e+00
 2.55973e+16	1.45e-01	8.54e-01	1.01e-03	0.00e+00	0.00e+00	0.00e+00	0.00e+00	0.00e+00
 2.56023e+16	1.49e-01	8.50e-01	9.11e-04	0.00e+00	0.00e+00	0.00e+00	0.00e+00	0.00e+00
 2.56072e+16	1.54e-01	8.45e-01	8.23e-04	0.00e+00	0.00e+00	0.00e+00	0.00e+00	0.00e+00
 2.56120e+16	1.58e-01	8.41e-01	7.44e-04	0.00e+00	0.00e+00	0.00e+00	0.00e+00	0.00e+00
 2.56168e+16	1.63e-01	8.36e-01	6.71e-04	0.00e+00	0.00e+00	0.00e+00	0.00e+00	0.00e+00
 2.56215e+16	1.68e-01	8.31e-01	6.05e-04	0.00e+00	0.00e+00	0.00e+00	0.00e+00	0.00e+00
 2.56262e+16	1.73e-01	8.26e-01	5.46e-04	0.00e+00	0.00e+00	0.00e+00	0.00e+00	0.00e+00
 2.56309e+16	1.79e-01	8.21e-01	4.92e-04	0.00e+00	0.00e+00	0.00e+00	0.00e+00	0.00e+00
 2.56354e+16	1.84e-01	8.15e-01	4.44e-04	0.00e+00	0.00e+00	0.00e+00	0.00e+00	0.00e+00
 2.56399e+16	1.90e-01	8.10e-01	4.00e-04	0.00e+00	0.00e+00	0.00e+00	0.00e+00	0.00e+00
 2.56444e+16	1.96e-01	8.04e-01	3.60e-04	0.00e+00	0.00e+00	0.00e+00	0.00e+00	0.00e+00
 2.56488e+16	2.02e-01	7.98e-01	3.24e-04	0.00e+00	0.00e+00	0.00e+00	0.00e+00	0.00e+00
 2.56532e+16	2.09e-01	7.91e-01	2.92e-04	0.00e+00	0.00e+00	0.00e+00	0.00e+00	0.00e+00
 2.56574e+16	2.16e-01	7.84e-01	2.63e-04	0.00e+00	0.00e+00	0.00e+00	0.00e+00	0.00e+00
 2.56617e+16	2.23e-01	7.77e-01	2.36e-04	0.00e+00	0.00e+00	0.00e+00	0.00e+00	0.00e+00
 2.56659e+16	2.31e-01	7.69e-01	2.12e-04	0.00e+00	0.00e+00	0.00e+00	0.00e+00	0.00e+00
 2.56700e+16	2.39e-01	7.61e-01	1.91e-04	0.00e+00	0.00e+00	0.00e+00	0.00e+00	0.00e+00
 2.56741e+16	2.48e-01	7.52e-01	1.71e-04	0.00e+00	0.00e+00	0.00e+00	0.00e+00	0.00e+00
 2.56781e+16	2.57e-01	7.43e-01	1.54e-04	0.00e+00	0.00e+00	0.00e+00	0.00e+00	0.00e+00
 2.56821e+16	2.66e-01	7.34e-01	1.38e-04	0.00e+00	0.00e+00	0.00e+00	0.00e+00	0.00e+00
 2.56860e+16	2.77e-01	7.23e-01	1.23e-04	0.00e+00	0.00e+00	0.00e+00	0.00e+00	0.00e+00
 2.56898e+16	2.88e-01	7.12e-01	1.11e-04	0.00e+00	0.00e+00	0.00e+00	0.00e+00	0.00e+00
 2.56934e+16	2.99e-01	7.01e-01	9.97e-05	0.00e+00	0.00e+00	0.00e+00	0.00e+00	0.00e+00
 2.56970e+16	3.11e-01	6.89e-01	8.94e-05	0.00e+00	0.00e+00	0.00e+00	0.00e+00	0.00e+00
 2.57006e+16	3.24e-01	6.76e-01	8.01e-05	0.00e+00	0.00e+00	0.00e+00	0.00e+00	0.00e+00
 2.57041e+16	3.36e-01	6.64e-01	7.19e-05	0.00e+00	0.00e+00	0.00e+00	0.00e+00	0.00e+00
 2.57076e+16	3.50e-01	6.50e-01	6.44e-05	0.00e+00	0.00e+00	0.00e+00	0.00e+00	0.00e+00
 2.57109e+16	3.64e-01	6.36e-01	5.76e-05	0.00e+00	0.00e+00	0.00e+00	0.00e+00	0.00e+00
 2.57142e+16	3.79e-01	6.20e-01	5.16e-05	0.00e+00	0.00e+00	0.00e+00	0.00e+00	0.00e+00
 2.57175e+16	3.96e-01	6.04e-01	4.61e-05	0.00e+00	0.00e+00	0.00e+00	0.00e+00	0.00e+00
 2.57207e+16	4.13e-01	5.87e-01	4.11e-05	0.00e+00	0.00e+00	0.00e+00	0.00e+00	0.00e+00
 2.57238e+16	4.32e-01	5.68e-01	3.65e-05	0.00e+00	0.00e+00	0.00e+00	0.00e+00	0.00e+00
 2.57269e+16	4.51e-01	5.49e-01	3.25e-05	0.00e+00	0.00e+00	0.00e+00	0.00e+00	0.00e+00
 2.57299e+16	4.70e-01	5.30e-01	2.89e-05	0.00e+00	0.00e+00	0.00e+00	0.00e+00	0.00e+00
 2.57329e+16	4.90e-01	5.10e-01	2.56e-05	0.00e+00	0.00e+00	0.00e+00	0.00e+00	0.00e+00
 2.57359e+16	5.11e-01	4.89e-01	2.26e-05	0.00e+00	0.00e+00	0.00e+00	0.00e+00	0.00e+00
 2.57388e+16	5.33e-01	4.67e-01	2.00e-05	0.00e+00	0.00e+00	0.00e+00	0.00e+00	0.00e+00
 2.57417e+16	5.55e-01	4.45e-01	1.76e-05	0.00e+00	0.00e+00	0.00e+00	0.00e+00	0.00e+00
 2.57446e+16	5.77e-01	4.23e-01	1.54e-05	0.00e+00	0.00e+00	0.00e+00	0.00e+00	0.00e+00
 2.57474e+16	6.00e-01	4.00e-01	1.35e-05	0.00e+00	0.00e+00	0.00e+00	0.00e+00	0.00e+00
 2.57503e+16	6.23e-01	3.77e-01	1.18e-05	0.00e+00	0.00e+00	0.00e+00	0.00e+00	0.00e+00
 2.57530e+16	6.46e-01	3.54e-01	1.03e-05	0.00e+00	0.00e+00	0.00e+00	0.00e+00	0.00e+00
 2.57555e+16	6.66e-01	3.34e-01	9.08e-06	0.00e+00	0.00e+00	0.00e+00	0.00e+00	0.00e+00
 2.57573e+16	6.82e-01	3.18e-01	8.25e-06	0.00e+00	0.00e+00	0.00e+00	0.00e+00	0.00e+00
 2.57590e+16	6.96e-01	3.04e-01	7.52e-06	0.00e+00	0.00e+00	0.00e+00	0.00e+00	0.00e+00
 2.57608e+16	7.10e-01	2.90e-01	6.84e-06	0.00e+00	0.00e+00	0.00e+00	0.00e+00	0.00e+00
 2.57627e+16	7.26e-01	2.74e-01	6.15e-06	0.00e+00	0.00e+00	0.00e+00	0.00e+00	0.00e+00
