#depth	He	He+	He+2
 1.49634e+10	3.69e-23	3.36e-12	1.00e+00
 4.54887e+10	4.12e-23	3.63e-12	1.00e+00
 7.72350e+10	4.58e-23	3.93e-12	1.00e+00
 1.10251e+11	5.10e-23	4.26e-12	1.00e+00
 1.44588e+11	5.68e-23	4.61e-12	1.00e+00
 1.80298e+11	6.34e-23	4.99e-12	1.00e+00
 2.17437e+11	7.08e-23	5.41e-12	1.00e+00
 2.53500e+11	7.87e-23	5.83e-12	1.00e+00
 2.86768e+11	8.65e-23	6.23e-12	1.00e+00
 3.23888e+11	9.57e-23	6.70e-12	1.00e+00
 3.66730e+11	1.07e-22	7.26e-12	1.00e+00
 4.08954e+11	1.20e-22	7.83e-12	1.00e+00
 4.52866e+11	1.34e-22	8.46e-12	1.00e+00
 5.00908e+11	1.51e-22	9.17e-12	1.00e+00
 5.49604e+11	1.71e-22	9.92e-12	1.00e+00
 6.00248e+11	1.92e-22	1.07e-11	1.00e+00
 6.54185e+11	2.18e-22	1.17e-11	1.00e+00
 7.10279e+11	2.47e-22	1.26e-11	1.00e+00
 7.68617e+11	2.80e-22	1.37e-11	1.00e+00
 8.29289e+11	3.18e-22	1.49e-11	1.00e+00
 8.92387e+11	3.63e-22	1.62e-11	1.00e+00
 9.58009e+11	4.14e-22	1.76e-11	1.00e+00
 1.02626e+12	4.72e-22	1.91e-11	1.00e+00
 1.09043e+12	5.34e-22	2.06e-11	1.00e+00
 1.14781e+12	5.93e-22	2.20e-11	1.00e+00
 1.21221e+12	6.65e-22	2.36e-11	1.00e+00
 1.28855e+12	7.62e-22	2.56e-11	1.00e+00
 1.36494e+12	8.69e-22	2.78e-11	1.00e+00
 1.43669e+12	9.78e-22	2.98e-11	1.00e+00
 1.51638e+12	1.11e-21	3.23e-11	1.00e+00
 1.60696e+12	1.28e-21	3.51e-11	1.00e+00
 1.69761e+12	1.47e-21	3.82e-11	1.00e+00
 1.79189e+12	1.69e-21	4.15e-11	1.00e+00
 1.89349e+12	1.95e-21	4.53e-11	1.00e+00
 1.99916e+12	2.26e-21	4.94e-11	1.00e+00
 2.09914e+12	2.59e-21	5.35e-11	1.00e+00
 2.18999e+12	2.91e-21	5.74e-11	1.00e+00
 2.29288e+12	3.30e-21	6.21e-11	1.00e+00
 2.41303e+12	3.83e-21	6.78e-11	1.00e+00
 2.53205e+12	4.41e-21	7.38e-11	1.00e+00
 2.64452e+12	5.01e-21	7.98e-11	1.00e+00
 2.76893e+12	5.73e-21	8.68e-11	1.00e+00
 2.90961e+12	6.67e-21	9.51e-11	1.00e+00
 3.05002e+12	7.70e-21	1.04e-10	1.00e+00
 3.19604e+12	8.88e-21	1.14e-10	1.00e+00
 3.35381e+12	1.03e-20	1.25e-10	1.00e+00
 3.51375e+12	1.19e-20	1.37e-10	1.00e+00
 3.68009e+12	1.38e-20	1.50e-10	1.00e+00
 3.85722e+12	1.60e-20	1.65e-10	1.00e+00
 4.03364e+12	1.84e-20	1.81e-10	1.00e+00
 4.21712e+12	2.12e-20	1.99e-10	1.00e+00
 4.41574e+12	2.45e-20	2.19e-10	1.00e+00
 4.62229e+12	2.83e-20	2.42e-10	1.00e+00
 4.83711e+12	3.27e-20	2.67e-10	1.00e+00
 5.06052e+12	3.76e-20	2.95e-10	1.00e+00
 5.29287e+12	4.33e-20	3.26e-10	1.00e+00
 5.50354e+12	4.89e-20	3.57e-10	1.00e+00
 5.67990e+12	5.39e-20	3.83e-10	1.00e+00
 5.87344e+12	5.96e-20	4.14e-10	1.00e+00
 6.11745e+12	6.75e-20	4.55e-10	1.00e+00
 6.37144e+12	7.65e-20	5.00e-10	1.00e+00
 6.58884e+12	8.46e-20	5.41e-10	1.00e+00
 6.81431e+12	9.34e-20	5.86e-10	1.00e+00
 7.09555e+12	1.05e-19	6.45e-10	1.00e+00
 7.37988e+12	1.19e-19	7.09e-10	1.00e+00
 7.62585e+12	1.31e-19	7.67e-10	1.00e+00
 7.89136e+12	1.44e-19	8.33e-10	1.00e+00
 8.21722e+12	1.62e-19	9.18e-10	1.00e+00
 8.54944e+12	1.82e-19	1.01e-09	1.00e+00
 8.85038e+12	2.01e-19	1.10e-09	1.00e+00
 9.18277e+12	2.24e-19	1.20e-09	1.00e+00
 9.57302e+12	2.53e-19	1.33e-09	1.00e+00
 9.96198e+12	2.85e-19	1.46e-09	1.00e+00
 1.03330e+13	3.19e-19	1.60e-09	1.00e+00
 1.07427e+13	3.59e-19	1.76e-09	1.00e+00
 1.12023e+13	4.09e-19	1.94e-09	1.00e+00
 1.16639e+13	4.66e-19	2.14e-09	1.00e+00
 1.20749e+13	5.22e-19	2.33e-09	1.00e+00
 1.24199e+13	5.73e-19	2.49e-09	1.00e+00
 1.27910e+13	6.33e-19	2.67e-09	1.00e+00
 1.32735e+13	7.20e-19	2.92e-09	1.00e+00
 1.37779e+13	8.22e-19	3.19e-09	1.00e+00
 1.42078e+13	9.19e-19	3.43e-09	1.00e+00
 1.46636e+13	1.03e-18	3.70e-09	1.00e+00
 1.52346e+13	1.19e-18	4.05e-09	1.00e+00
 1.58218e+13	1.38e-18	4.43e-09	1.00e+00
 1.63415e+13	1.56e-18	4.78e-09	1.00e+00
 1.69070e+13	1.78e-18	5.18e-09	1.00e+00
 1.75292e+13	2.06e-18	5.64e-09	1.00e+00
 1.81000e+13	2.35e-18	6.08e-09	1.00e+00
 1.87169e+13	2.69e-18	6.57e-09	1.00e+00
 1.94059e+13	3.13e-18	7.15e-09	1.00e+00
 2.00529e+13	3.59e-18	7.72e-09	1.00e+00
 2.07580e+13	4.16e-18	8.36e-09	1.00e+00
 2.15408e+13	4.87e-18	9.11e-09	1.00e+00
 2.22704e+13	5.61e-18	9.84e-09	1.00e+00
 2.30647e+13	6.52e-18	1.07e-08	1.00e+00
 2.39528e+13	7.69e-18	1.16e-08	1.00e+00
 2.47910e+13	8.92e-18	1.26e-08	1.00e+00
 2.57089e+13	1.04e-17	1.37e-08	1.00e+00
 2.67361e+13	1.24e-17	1.49e-08	1.00e+00
 2.77092e+13	1.45e-17	1.62e-08	1.00e+00
 2.87521e+13	1.70e-17	1.76e-08	1.00e+00
 2.99321e+13	2.02e-17	1.93e-08	1.00e+00
 3.11011e+13	2.39e-17	2.10e-08	1.00e+00
 3.23168e+13	2.82e-17	2.28e-08	1.00e+00
 3.36394e+13	3.36e-17	2.49e-08	1.00e+00
 3.50149e+13	4.00e-17	2.72e-08	1.00e+00
 3.63104e+13	4.66e-17	2.95e-08	1.00e+00
 3.74761e+13	5.35e-17	3.16e-08	1.00e+00
 3.85749e+13	6.06e-17	3.36e-08	1.00e+00
 3.97882e+13	6.91e-17	3.60e-08	1.00e+00
 4.11497e+13	7.96e-17	3.86e-08	1.00e+00
 4.24454e+13	9.09e-17	4.13e-08	1.00e+00
 4.38714e+13	1.04e-16	4.43e-08	1.00e+00
 4.54627e+13	1.21e-16	4.78e-08	1.00e+00
 4.69303e+13	1.39e-16	5.11e-08	1.00e+00
 4.82889e+13	1.56e-16	5.43e-08	1.00e+00
 4.98445e+13	1.78e-16	5.80e-08	1.00e+00
 5.17531e+13	2.08e-16	6.27e-08	1.00e+00
 5.36587e+13	2.42e-16	6.77e-08	1.00e+00
 5.53106e+13	2.74e-16	7.21e-08	1.00e+00
 5.70948e+13	3.12e-16	7.69e-08	1.00e+00
 5.92802e+13	3.63e-16	8.30e-08	1.00e+00
 6.15101e+13	4.24e-16	8.96e-08	1.00e+00
 6.35164e+13	4.82e-16	9.56e-08	1.00e+00
 6.57093e+13	5.52e-16	1.02e-07	1.00e+00
 6.83027e+13	6.44e-16	1.11e-07	1.00e+00
 7.08967e+13	7.49e-16	1.19e-07	1.00e+00
 7.33262e+13	8.55e-16	1.28e-07	1.00e+00
 7.60208e+13	9.85e-16	1.37e-07	1.00e+00
 7.90916e+13	1.15e-15	1.48e-07	1.00e+00
 8.21614e+13	1.34e-15	1.60e-07	1.00e+00
 8.53540e+13	1.55e-15	1.73e-07	1.00e+00
 8.87981e+13	1.82e-15	1.87e-07	1.00e+00
 9.23799e+13	2.12e-15	2.02e-07	1.00e+00
 9.61051e+13	2.47e-15	2.18e-07	1.00e+00
 9.97214e+13	2.85e-15	2.35e-07	1.00e+00
 1.03141e+14	3.25e-15	2.51e-07	1.00e+00
 1.06364e+14	3.66e-15	2.66e-07	1.00e+00
 1.09860e+14	4.15e-15	2.84e-07	1.00e+00
 1.13768e+14	4.75e-15	3.04e-07	1.00e+00
 1.17463e+14	5.39e-15	3.24e-07	1.00e+00
 1.21519e+14	6.14e-15	3.46e-07	1.00e+00
 1.26079e+14	7.08e-15	3.72e-07	1.00e+00
 1.30434e+14	8.08e-15	3.98e-07	1.00e+00
 1.35186e+14	9.29e-15	4.28e-07	1.00e+00
 1.40496e+14	1.08e-14	4.61e-07	1.00e+00
 1.45648e+14	1.24e-14	4.96e-07	1.00e+00
 1.51132e+14	1.43e-14	5.34e-07	1.00e+00
 1.57208e+14	1.67e-14	5.78e-07	1.00e+00
 1.62824e+14	1.91e-14	6.19e-07	1.00e+00
 1.67694e+14	2.15e-14	6.58e-07	1.00e+00
 1.73100e+14	2.43e-14	7.00e-07	1.00e+00
 1.79693e+14	2.82e-14	7.56e-07	1.00e+00
 1.86364e+14	3.24e-14	8.13e-07	1.00e+00
 1.92376e+14	3.67e-14	8.68e-07	1.00e+00
 1.98998e+14	4.20e-14	9.30e-07	1.00e+00
 2.06811e+14	4.87e-14	1.01e-06	1.00e+00
 2.14482e+14	5.60e-14	1.08e-06	1.00e+00
 2.21526e+14	6.36e-14	1.16e-06	1.00e+00
 2.29443e+14	7.27e-14	1.24e-06	1.00e+00
 2.38610e+14	8.48e-14	1.35e-06	1.00e+00
 2.47573e+14	9.76e-14	1.45e-06	1.00e+00
 2.56081e+14	1.11e-13	1.55e-06	1.00e+00
 2.65540e+14	1.28e-13	1.67e-06	1.00e+00
 2.76191e+14	1.48e-13	1.81e-06	1.00e+00
 2.86895e+14	1.71e-13	1.95e-06	1.00e+00
 2.97028e+14	1.95e-13	2.10e-06	1.00e+00
 3.07939e+14	2.23e-13	2.26e-06	1.00e+00
 3.20286e+14	2.59e-13	2.45e-06	1.00e+00
 3.31971e+14	2.96e-13	2.63e-06	1.00e+00
 3.42557e+14	3.32e-13	2.80e-06	1.00e+00
 3.52610e+14	3.70e-13	2.97e-06	1.00e+00
 3.63780e+14	4.15e-13	3.17e-06	1.00e+00
 3.76218e+14	4.69e-13	3.39e-06	1.00e+00
 3.87885e+14	5.24e-13	3.61e-06	1.00e+00
 4.00635e+14	5.91e-13	3.86e-06	1.00e+00
 4.14915e+14	6.70e-13	4.14e-06	1.00e+00
 4.28464e+14	7.53e-13	4.42e-06	1.00e+00
 4.43356e+14	8.51e-13	4.73e-06	1.00e+00
 4.59779e+14	9.68e-13	5.10e-06	1.00e+00
 4.74879e+14	1.09e-12	5.44e-06	1.00e+00
 4.91198e+14	1.23e-12	5.84e-06	1.00e+00
 5.09427e+14	1.40e-12	6.28e-06	1.00e+00
 5.26625e+14	1.57e-12	6.73e-06	1.00e+00
 5.45467e+14	1.78e-12	7.23e-06	1.00e+00
 5.66367e+14	2.03e-12	7.82e-06	1.00e+00
 5.85795e+14	2.29e-12	8.37e-06	1.00e+00
 6.06888e+14	2.59e-12	9.01e-06	1.00e+00
 6.30524e+14	2.96e-12	9.74e-06	1.00e+00
 6.53027e+14	3.35e-12	1.05e-05	1.00e+00
 6.77099e+14	3.79e-12	1.13e-05	1.00e+00
 7.04213e+14	4.36e-12	1.23e-05	1.00e+00
 7.30822e+14	4.96e-12	1.33e-05	1.00e+00
 7.58494e+14	5.65e-12	1.44e-05	1.00e+00
 7.88864e+14	6.50e-12	1.56e-05	1.00e+00
 8.18968e+14	7.44e-12	1.69e-05	1.00e+00
 8.43849e+14	8.26e-12	1.80e-05	1.00e+00
 8.63621e+14	8.97e-12	1.89e-05	1.00e+00
 8.85498e+14	9.82e-12	2.00e-05	1.00e+00
 9.13938e+14	1.10e-11	2.14e-05	1.00e+00
 9.44544e+14	1.24e-11	2.30e-05	1.00e+00
 9.71854e+14	1.37e-11	2.45e-05	1.00e+00
 1.00125e+15	1.53e-11	2.62e-05	1.00e+00
 1.03823e+15	1.74e-11	2.83e-05	1.00e+00
 1.07580e+15	1.99e-11	3.07e-05	1.00e+00
 1.10795e+15	2.22e-11	3.27e-05	1.00e+00
 1.14231e+15	2.48e-11	3.50e-05	1.00e+00
 1.18498e+15	2.85e-11	3.80e-05	1.00e+00
 1.22846e+15	3.28e-11	4.13e-05	1.00e+00
 1.26668e+15	3.66e-11	4.42e-05	1.00e+00
 1.30804e+15	4.11e-11	4.75e-05	1.00e+00
 1.35806e+15	4.77e-11	5.18e-05	1.00e+00
 1.40779e+15	5.48e-11	5.62e-05	1.00e+00
 1.45205e+15	6.15e-11	6.02e-05	1.00e+00
 1.50076e+15	7.00e-11	6.50e-05	1.00e+00
 1.55887e+15	8.09e-11	7.08e-05	1.00e+00
 1.61668e+15	9.32e-11	7.69e-05	1.00e+00
 1.66962e+15	1.04e-10	8.26e-05	1.00e+00
 1.72878e+15	1.21e-10	8.95e-05	1.00e+00
 1.79747e+15	1.40e-10	9.78e-05	1.00e+00
 1.86504e+15	1.62e-10	1.06e-04	1.00e+00
 1.92943e+15	1.83e-10	1.15e-04	1.00e+00
 2.00075e+15	2.14e-10	1.25e-04	1.00e+00
 2.06780e+15	2.40e-10	1.34e-04	1.00e+00
 2.11812e+15	2.65e-10	1.42e-04	1.00e+00
 2.16992e+15	2.94e-10	1.50e-04	1.00e+00
 2.23725e+15	3.31e-10	1.61e-04	1.00e+00
 2.31004e+15	3.76e-10	1.73e-04	1.00e+00
 2.37542e+15	4.20e-10	1.84e-04	1.00e+00
 2.44589e+15	4.71e-10	1.97e-04	1.00e+00
 2.53545e+15	5.45e-10	2.13e-04	1.00e+00
 2.62612e+15	6.27e-10	2.31e-04	1.00e+00
 2.70264e+15	7.03e-10	2.46e-04	1.00e+00
 2.78447e+15	7.90e-10	2.63e-04	1.00e+00
 2.88736e+15	9.20e-10	2.86e-04	1.00e+00
 2.99494e+15	1.06e-09	3.10e-04	1.00e+00
 3.09159e+15	1.19e-09	3.32e-04	1.00e+00
 3.19667e+15	1.36e-09	3.58e-04	1.00e+00
 3.32120e+15	1.62e-09	3.91e-04	1.00e+00
 3.44361e+15	1.87e-09	4.23e-04	1.00e+00
 3.55507e+15	2.13e-09	4.54e-04	1.00e+00
 3.67973e+15	2.44e-09	4.90e-04	1.00e+00
 3.82521e+15	2.88e-09	5.35e-04	9.99e-01
 3.96861e+15	3.34e-09	5.80e-04	9.99e-01
 4.10444e+15	3.84e-09	6.25e-04	9.99e-01
 4.25534e+15	4.43e-09	6.77e-04	9.99e-01
 4.42558e+15	5.24e-09	7.39e-04	9.99e-01
 4.56863e+15	5.97e-09	7.92e-04	9.99e-01
 4.67192e+15	6.54e-09	8.32e-04	9.99e-01
 4.78010e+15	7.19e-09	8.75e-04	9.99e-01
 4.92073e+15	7.99e-09	9.32e-04	9.99e-01
 5.07729e+15	9.25e-09	1.00e-03	9.99e-01
 5.22298e+15	1.04e-08	1.06e-03	9.99e-01
 5.38081e+15	1.16e-08	1.13e-03	9.99e-01
 5.55874e+15	1.35e-08	1.22e-03	9.99e-01
 5.72751e+15	1.52e-08	1.30e-03	9.99e-01
 5.91167e+15	1.71e-08	1.40e-03	9.99e-01
 6.11805e+15	2.01e-08	1.51e-03	9.98e-01
 6.31222e+15	2.27e-08	1.62e-03	9.98e-01
 6.52354e+15	2.58e-08	1.74e-03	9.98e-01
 6.75606e+15	2.98e-08	1.88e-03	9.98e-01
 6.97070e+15	3.48e-08	2.02e-03	9.98e-01
 7.20429e+15	3.97e-08	2.17e-03	9.98e-01
 7.46224e+15	4.55e-08	2.35e-03	9.98e-01
 7.70353e+15	5.21e-08	2.53e-03	9.97e-01
 7.96889e+15	6.16e-08	2.73e-03	9.97e-01
 8.25868e+15	7.12e-08	2.97e-03	9.97e-01
 8.51658e+15	8.04e-08	3.18e-03	9.97e-01
 8.75266e+15	9.07e-08	3.39e-03	9.97e-01
 9.02403e+15	1.04e-07	3.65e-03	9.96e-01
 9.32955e+15	1.22e-07	3.96e-03	9.96e-01
 9.61633e+15	1.39e-07	4.26e-03	9.96e-01
 9.86498e+15	1.54e-07	4.53e-03	9.95e-01
 1.01272e+16	1.74e-07	4.84e-03	9.95e-01
 1.04156e+16	2.01e-07	5.20e-03	9.95e-01
 1.06709e+16	2.25e-07	5.53e-03	9.94e-01
 1.09358e+16	2.51e-07	5.90e-03	9.94e-01
 1.12803e+16	2.94e-07	6.42e-03	9.94e-01
 1.16250e+16	3.33e-07	6.96e-03	9.93e-01
 1.19032e+16	3.82e-07	7.45e-03	9.93e-01
 1.21979e+16	4.33e-07	8.01e-03	9.92e-01
 1.25256e+16	4.87e-07	8.65e-03	9.91e-01
 1.28319e+16	5.65e-07	9.34e-03	9.91e-01
 1.31155e+16	6.35e-07	1.00e-02	9.90e-01
 1.34335e+16	7.15e-07	1.08e-02	9.89e-01
 1.37738e+16	8.45e-07	1.18e-02	9.88e-01
 1.40629e+16	9.54e-07	1.28e-02	9.87e-01
 1.43192e+16	1.07e-06	1.37e-02	9.86e-01
 1.46132e+16	1.23e-06	1.49e-02	9.85e-01
 1.49333e+16	1.39e-06	1.62e-02	9.84e-01
 1.52217e+16	1.63e-06	1.77e-02	9.82e-01
 1.54757e+16	1.83e-06	1.91e-02	9.81e-01
 1.57510e+16	2.13e-06	2.09e-02	9.79e-01
 1.60459e+16	2.48e-06	2.31e-02	9.77e-01
 1.63031e+16	2.86e-06	2.53e-02	9.75e-01
 1.65333e+16	3.26e-06	2.75e-02	9.72e-01
 1.67452e+16	3.67e-06	2.98e-02	9.70e-01
 1.69743e+16	4.19e-06	3.28e-02	9.67e-01
 1.72319e+16	4.94e-06	3.67e-02	9.63e-01
 1.74662e+16	5.83e-06	4.10e-02	9.59e-01
 1.76646e+16	6.77e-06	4.52e-02	9.55e-01
 1.78468e+16	7.83e-06	4.99e-02	9.50e-01
 1.80225e+16	9.07e-06	5.51e-02	9.45e-01
 1.81914e+16	1.07e-05	6.11e-02	9.39e-01
 1.83538e+16	1.25e-05	6.79e-02	9.32e-01
 1.85112e+16	1.46e-05	7.57e-02	9.24e-01
 1.86646e+16	1.69e-05	8.47e-02	9.15e-01
 1.88138e+16	2.05e-05	9.55e-02	9.05e-01
 1.89490e+16	2.39e-05	1.07e-01	8.93e-01
 1.90703e+16	2.76e-05	1.19e-01	8.80e-01
 1.92088e+16	3.40e-05	1.37e-01	8.63e-01
 1.93364e+16	4.08e-05	1.56e-01	8.44e-01
 1.94258e+16	4.69e-05	1.72e-01	8.28e-01
 1.95018e+16	5.25e-05	1.88e-01	8.12e-01
 1.95841e+16	6.03e-05	2.08e-01	7.92e-01
 1.96660e+16	7.03e-05	2.30e-01	7.70e-01
 1.97233e+16	7.77e-05	2.47e-01	7.53e-01
 1.97738e+16	8.46e-05	2.64e-01	7.36e-01
 1.98395e+16	9.68e-05	2.89e-01	7.11e-01
 1.99031e+16	1.08e-04	3.14e-01	6.86e-01
 1.99638e+16	1.23e-04	3.42e-01	6.58e-01
 2.00230e+16	1.37e-04	3.70e-01	6.30e-01
 2.00719e+16	1.50e-04	3.95e-01	6.05e-01
 2.01272e+16	1.67e-04	4.26e-01	5.74e-01
 2.01886e+16	1.88e-04	4.62e-01	5.38e-01
 2.02465e+16	2.09e-04	4.97e-01	5.03e-01
 2.03017e+16	2.30e-04	5.31e-01	4.68e-01
 2.03647e+16	2.57e-04	5.72e-01	4.28e-01
 2.04343e+16	2.88e-04	6.15e-01	3.84e-01
 2.04998e+16	3.18e-04	6.56e-01	3.44e-01
 2.05720e+16	3.53e-04	6.98e-01	3.01e-01
 2.06534e+16	3.91e-04	7.42e-01	2.57e-01
 2.07342e+16	4.28e-04	7.81e-01	2.19e-01
 2.08265e+16	4.69e-04	8.20e-01	1.80e-01
 2.09466e+16	5.19e-04	8.61e-01	1.39e-01
 2.10793e+16	5.68e-04	8.95e-01	1.05e-01
 2.12284e+16	6.19e-04	9.23e-01	7.68e-02
 2.14222e+16	6.78e-04	9.47e-01	5.21e-02
 2.16364e+16	7.39e-04	9.64e-01	3.53e-02
 2.18383e+16	7.96e-04	9.74e-01	2.51e-02
 2.19859e+16	8.38e-04	9.79e-01	2.02e-02
 2.20730e+16	8.64e-04	9.81e-01	1.78e-02
 2.21573e+16	8.92e-04	9.83e-01	1.56e-02
 2.22668e+16	9.28e-04	9.86e-01	1.33e-02
 2.24093e+16	9.79e-04	9.88e-01	1.08e-02
 2.25507e+16	1.03e-03	9.90e-01	9.06e-03
 2.26559e+16	1.08e-03	9.91e-01	7.96e-03
 2.27434e+16	1.12e-03	9.92e-01	7.14e-03
 2.28289e+16	1.16e-03	9.92e-01	6.43e-03
 2.29121e+16	1.21e-03	9.93e-01	5.84e-03
 2.29924e+16	1.25e-03	9.93e-01	5.31e-03
 2.30704e+16	1.30e-03	9.94e-01	4.86e-03
 2.31595e+16	1.36e-03	9.94e-01	4.38e-03
 2.32521e+16	1.43e-03	9.95e-01	3.97e-03
 2.33265e+16	1.49e-03	9.95e-01	3.67e-03
 2.33893e+16	1.54e-03	9.95e-01	3.44e-03
 2.34596e+16	1.61e-03	9.95e-01	3.18e-03
 2.35383e+16	1.69e-03	9.95e-01	2.94e-03
 2.36093e+16	1.77e-03	9.95e-01	2.74e-03
 2.36701e+16	1.84e-03	9.96e-01	2.57e-03
 2.37364e+16	1.93e-03	9.96e-01	2.40e-03
 2.38085e+16	2.03e-03	9.96e-01	2.24e-03
 2.38716e+16	2.13e-03	9.96e-01	2.11e-03
 2.39260e+16	2.22e-03	9.96e-01	2.01e-03
 2.39858e+16	2.33e-03	9.96e-01	1.89e-03
 2.40512e+16	2.47e-03	9.96e-01	1.78e-03
 2.41085e+16	2.60e-03	9.96e-01	1.69e-03
 2.41579e+16	2.72e-03	9.96e-01	1.61e-03
 2.42125e+16	2.87e-03	9.96e-01	1.53e-03
 2.42724e+16	3.05e-03	9.96e-01	1.45e-03
 2.43256e+16	3.23e-03	9.95e-01	1.38e-03
 2.43721e+16	3.40e-03	9.95e-01	1.33e-03
 2.44234e+16	3.60e-03	9.95e-01	1.27e-03
 2.44797e+16	3.86e-03	9.95e-01	1.21e-03
 2.45301e+16	4.12e-03	9.95e-01	1.15e-03
 2.45753e+16	4.38e-03	9.95e-01	1.11e-03
 2.46257e+16	4.70e-03	9.94e-01	1.06e-03
 2.46816e+16	5.11e-03	9.94e-01	1.01e-03
 2.47329e+16	5.54e-03	9.93e-01	9.70e-04
 2.47791e+16	6.00e-03	9.93e-01	9.33e-04
 2.48302e+16	6.59e-03	9.93e-01	8.92e-04
 2.48846e+16	7.33e-03	9.92e-01	8.54e-04
 2.49300e+16	8.07e-03	9.91e-01	8.24e-04
 2.49656e+16	8.76e-03	9.90e-01	8.02e-04
 2.49967e+16	9.41e-03	9.90e-01	7.86e-04
 2.50320e+16	1.03e-02	9.89e-01	7.64e-04
 2.50703e+16	1.14e-02	9.88e-01	7.43e-04
 2.51030e+16	1.26e-02	9.87e-01	7.25e-04
 2.51297e+16	1.37e-02	9.86e-01	7.13e-04
 2.51582e+16	1.50e-02	9.84e-01	6.98e-04
 2.51894e+16	1.68e-02	9.83e-01	6.85e-04
 2.52167e+16	1.86e-02	9.81e-01	6.74e-04
 2.52395e+16	2.04e-02	9.79e-01	6.67e-04
 2.52638e+16	2.26e-02	9.77e-01	6.59e-04
 2.52906e+16	2.55e-02	9.74e-01	6.54e-04
 2.53142e+16	2.87e-02	9.71e-01	6.49e-04
 2.53341e+16	3.18e-02	9.68e-01	6.48e-04
 2.53555e+16	3.57e-02	9.64e-01	6.46e-04
 2.53782e+16	4.07e-02	9.59e-01	6.49e-04
 2.53972e+16	4.58e-02	9.54e-01	6.51e-04
 2.54129e+16	5.05e-02	9.49e-01	6.58e-04
 2.54292e+16	5.65e-02	9.43e-01	6.62e-04
 2.54467e+16	6.36e-02	9.36e-01	6.73e-04
 2.54624e+16	7.15e-02	9.28e-01	6.82e-04
 2.54763e+16	7.92e-02	9.20e-01	6.96e-04
 2.54888e+16	8.74e-02	9.12e-01	7.06e-04
 2.55008e+16	9.60e-02	9.03e-01	7.21e-04
 2.55124e+16	1.06e-01	8.94e-01	7.34e-04
 2.55230e+16	1.15e-01	8.84e-01	7.49e-04
 2.55327e+16	1.25e-01	8.74e-01	7.61e-04
 2.55401e+16	1.33e-01	8.66e-01	7.74e-04
 2.55450e+16	1.39e-01	8.60e-01	7.82e-04
 2.55497e+16	1.45e-01	8.54e-01	7.89e-04
 2.55551e+16	1.52e-01	8.47e-01	7.97e-04
 2.55609e+16	1.61e-01	8.39e-01	8.07e-04
 2.55664e+16	1.69e-01	8.31e-01	8.18e-04
 2.55717e+16	1.77e-01	8.23e-01	8.29e-04
 2.55769e+16	1.86e-01	8.14e-01	8.37e-04
 2.55821e+16	1.94e-01	8.05e-01	8.49e-04
 2.55872e+16	2.04e-01	7.95e-01	8.57e-04
 2.55923e+16	2.14e-01	7.86e-01	8.69e-04
 2.55973e+16	2.24e-01	7.75e-01	8.78e-04
 2.56023e+16	2.35e-01	7.64e-01	8.87e-04
 2.56072e+16	2.46e-01	7.53e-01	8.97e-04
 2.56120e+16	2.57e-01	7.42e-01	9.08e-04
 2.56168e+16	2.69e-01	7.30e-01	9.16e-04
 2.56215e+16	2.81e-01	7.18e-01	9.27e-04
 2.56262e+16	2.93e-01	7.06e-01	9.36e-04
 2.56309e+16	3.07e-01	6.92e-01	9.43e-04
 2.56354e+16	3.20e-01	6.79e-01	9.52e-04
 2.56399e+16	3.33e-01	6.66e-01	9.60e-04
 2.56444e+16	3.47e-01	6.52e-01	9.67e-04
 2.56488e+16	3.61e-01	6.38e-01	9.75e-04
 2.56532e+16	3.76e-01	6.23e-01	9.80e-04
 2.56574e+16	3.90e-01	6.09e-01	9.87e-04
 2.56617e+16	4.05e-01	5.94e-01	9.92e-04
 2.56659e+16	4.20e-01	5.79e-01	9.97e-04
 2.56700e+16	4.36e-01	5.63e-01	1.00e-03
 2.56741e+16	4.51e-01	5.48e-01	1.00e-03
 2.56781e+16	4.67e-01	5.32e-01	1.01e-03
 2.56821e+16	4.82e-01	5.17e-01	1.01e-03
 2.56860e+16	4.97e-01	5.02e-01	1.01e-03
 2.56898e+16	5.12e-01	4.87e-01	1.01e-03
 2.56934e+16	5.27e-01	4.72e-01	1.01e-03
 2.56970e+16	5.41e-01	4.58e-01	1.01e-03
 2.57006e+16	5.56e-01	4.43e-01	1.01e-03
 2.57041e+16	5.70e-01	4.29e-01	1.00e-03
 2.57076e+16	5.84e-01	4.15e-01	9.98e-04
 2.57109e+16	5.98e-01	4.01e-01	9.93e-04
 2.57142e+16	6.12e-01	3.87e-01	9.88e-04
 2.57175e+16	6.25e-01	3.74e-01	9.82e-04
 2.57207e+16	6.38e-01	3.61e-01	9.75e-04
 2.57238e+16	6.50e-01	3.49e-01	9.68e-04
 2.57269e+16	6.62e-01	3.37e-01	9.61e-04
 2.57299e+16	6.74e-01	3.25e-01	9.52e-04
 2.57329e+16	6.85e-01	3.14e-01	9.43e-04
 2.57359e+16	6.97e-01	3.02e-01	9.34e-04
 2.57388e+16	7.08e-01	2.91e-01	9.24e-04
 2.57417e+16	7.18e-01	2.81e-01	9.13e-04
 2.57446e+16	7.29e-01	2.70e-01	9.02e-04
 2.57474e+16	7.39e-01	2.60e-01	8.92e-04
 2.57503e+16	7.48e-01	2.51e-01	8.79e-04
 2.57530e+16	7.58e-01	2.41e-01	8.67e-04
 2.57555e+16	7.66e-01	2.33e-01	8.55e-04
 2.57573e+16	7.72e-01	2.27e-01	8.45e-04
 2.57590e+16	7.78e-01	2.22e-01	8.35e-04
 2.57608e+16	7.83e-01	2.16e-01	8.25e-04
 2.57627e+16	7.89e-01	2.10e-01	8.14e-04
 2.57645e+16	7.95e-01	2.05e-01	8.05e-04
 2.57662e+16	8.00e-01	1.99e-01	7.95e-04
 2.57678e+16	8.05e-01	1.95e-01	7.86e-04
 2.57694e+16	8.09e-01	1.90e-01	7.76e-04
 2.57710e+16	8.14e-01	1.85e-01	7.66e-04
 2.57726e+16	8.18e-01	1.81e-01	7.57e-04
 2.57741e+16	8.22e-01	1.77e-01	7.48e-04
 2.57755e+16	8.26e-01	1.73e-01	7.39e-04
 2.57770e+16	8.30e-01	1.69e-01	7.30e-04
 2.57784e+16	8.34e-01	1.65e-01	7.20e-04
 2.57798e+16	8.38e-01	1.62e-01	7.11e-04
 2.57813e+16	8.41e-01	1.58e-01	7.02e-04
 2.57827e+16	8.45e-01	1.55e-01	6.93e-04
 2.57841e+16	8.48e-01	1.51e-01	6.84e-04
 2.57855e+16	8.51e-01	1.48e-01	6.75e-04
 2.57869e+16	8.55e-01	1.45e-01	6.65e-04
 2.57883e+16	8.58e-01	1.41e-01	6.56e-04
 2.57898e+16	8.61e-01	1.38e-01	6.46e-04
 2.57913e+16	8.65e-01	1.35e-01	6.36e-04
 2.57928e+16	8.68e-01	1.31e-01	6.25e-04
 2.57945e+16	8.72e-01	1.28e-01	6.15e-04
 2.57963e+16	8.75e-01	1.24e-01	6.03e-04
 2.57983e+16	8.79e-01	1.20e-01	5.90e-04
 2.58006e+16	8.84e-01	1.16e-01	5.75e-04
 2.58031e+16	8.88e-01	1.11e-01	5.59e-04
 2.58055e+16	8.92e-01	1.07e-01	5.43e-04
 2.58077e+16	8.96e-01	1.03e-01	5.28e-04
 2.58099e+16	9.00e-01	9.97e-02	5.13e-04
 2.58121e+16	9.03e-01	9.62e-02	4.99e-04
 2.58142e+16	9.06e-01	9.31e-02	4.85e-04
 2.58161e+16	9.09e-01	9.03e-02	4.72e-04
 2.58178e+16	9.12e-01	8.79e-02	4.61e-04
 2.58193e+16	9.14e-01	8.57e-02	4.51e-04
 2.58207e+16	9.16e-01	8.37e-02	4.41e-04
 2.58220e+16	9.18e-01	8.20e-02	4.32e-04
 2.58234e+16	9.19e-01	8.01e-02	4.23e-04
 2.58250e+16	9.21e-01	7.82e-02	4.14e-04
 2.58263e+16	9.23e-01	7.65e-02	4.05e-04
 2.58276e+16	9.25e-01	7.50e-02	3.97e-04
 2.58288e+16	9.26e-01	7.37e-02	3.91e-04
 2.58300e+16	9.27e-01	7.21e-02	3.82e-04
 2.58314e+16	9.29e-01	7.07e-02	3.75e-04
 2.58326e+16	9.30e-01	6.93e-02	3.67e-04
 2.58337e+16	9.32e-01	6.81e-02	3.60e-04
 2.58350e+16	9.33e-01	6.68e-02	3.53e-04
 2.58363e+16	9.34e-01	6.54e-02	3.46e-04
 2.58375e+16	9.35e-01	6.42e-02	3.39e-04
 2.58386e+16	9.36e-01	6.32e-02	3.34e-04
 2.58398e+16	9.38e-01	6.20e-02	3.26e-04
 2.58411e+16	9.39e-01	6.08e-02	3.20e-04
 2.58423e+16	9.40e-01	5.97e-02	3.14e-04
 2.58434e+16	9.41e-01	5.88e-02	3.08e-04
 2.58446e+16	9.42e-01	5.77e-02	3.02e-04
 2.58458e+16	9.43e-01	5.66e-02	2.96e-04
 2.58470e+16	9.44e-01	5.57e-02	2.90e-04
 2.58481e+16	9.45e-01	5.49e-02	2.85e-04
 2.58492e+16	9.46e-01	5.39e-02	2.79e-04
 2.58505e+16	9.47e-01	5.30e-02	2.74e-04
 2.58516e+16	9.48e-01	5.21e-02	2.69e-04
 2.58526e+16	9.48e-01	5.14e-02	2.64e-04
 2.58538e+16	9.49e-01	5.06e-02	2.59e-04
 2.58550e+16	9.50e-01	4.97e-02	2.54e-04
 2.58561e+16	9.51e-01	4.90e-02	2.50e-04
 2.58573e+16	9.52e-01	4.82e-02	2.45e-04
 2.58587e+16	9.52e-01	4.74e-02	2.40e-04
 2.58599e+16	9.53e-01	4.67e-02	2.36e-04
 2.58609e+16	9.54e-01	4.60e-02	2.32e-04
 2.58621e+16	9.54e-01	4.53e-02	2.28e-04
 2.58634e+16	9.55e-01	4.46e-02	2.23e-04
 2.58646e+16	9.56e-01	4.40e-02	2.20e-04
 2.58659e+16	9.56e-01	4.33e-02	2.16e-04
 2.58673e+16	9.57e-01	4.26e-02	2.12e-04
 2.58686e+16	9.58e-01	4.21e-02	2.08e-04
 2.58699e+16	9.58e-01	4.14e-02	2.04e-04
 2.58714e+16	9.59e-01	4.07e-02	2.00e-04
 2.58728e+16	9.60e-01	4.02e-02	1.97e-04
 2.58743e+16	9.60e-01	3.96e-02	1.93e-04
 2.58759e+16	9.61e-01	3.89e-02	1.90e-04
 2.58774e+16	9.61e-01	3.84e-02	1.86e-04
 2.58790e+16	9.62e-01	3.78e-02	1.83e-04
 2.58811e+16	9.63e-01	3.71e-02	1.79e-04
 2.58833e+16	9.63e-01	3.65e-02	1.75e-04
 2.58854e+16	9.64e-01	3.59e-02	1.72e-04
 2.58872e+16	9.64e-01	3.54e-02	1.69e-04
 2.58893e+16	9.65e-01	3.48e-02	1.65e-04
 2.58920e+16	9.66e-01	3.42e-02	1.62e-04
 2.58948e+16	9.66e-01	3.36e-02	1.58e-04
 2.58974e+16	9.67e-01	3.31e-02	1.55e-04
 2.59003e+16	9.67e-01	3.25e-02	1.52e-04
 2.59034e+16	9.68e-01	3.20e-02	1.49e-04
 2.59062e+16	9.68e-01	3.15e-02	1.46e-04
 2.59093e+16	9.69e-01	3.11e-02	1.43e-04
 2.59133e+16	9.69e-01	3.05e-02	1.40e-04
 2.59176e+16	9.70e-01	3.00e-02	1.37e-04
 2.59216e+16	9.70e-01	2.96e-02	1.35e-04
 2.59259e+16	9.71e-01	2.92e-02	1.32e-04
 2.59315e+16	9.71e-01	2.87e-02	1.29e-04
 2.59376e+16	9.72e-01	2.82e-02	1.27e-04
 2.59431e+16	9.72e-01	2.79e-02	1.24e-04
 2.59491e+16	9.72e-01	2.75e-02	1.22e-04
 2.59570e+16	9.73e-01	2.71e-02	1.19e-04
 2.59654e+16	9.73e-01	2.67e-02	1.17e-04
 2.59747e+16	9.74e-01	2.63e-02	1.14e-04
 2.59868e+16	9.74e-01	2.59e-02	1.11e-04
 2.59998e+16	9.74e-01	2.55e-02	1.08e-04
 2.60117e+16	9.75e-01	2.52e-02	1.06e-04
 2.60247e+16	9.75e-01	2.48e-02	1.03e-04
 2.60416e+16	9.75e-01	2.45e-02	9.99e-05
 2.60599e+16	9.76e-01	2.40e-02	9.68e-05
 2.60765e+16	9.76e-01	2.37e-02	9.40e-05
 2.60947e+16	9.77e-01	2.33e-02	9.08e-05
 2.61143e+16	9.77e-01	2.29e-02	8.80e-05
 2.61322e+16	9.77e-01	2.25e-02	8.54e-05
 2.61518e+16	9.78e-01	2.21e-02	8.25e-05
 2.61729e+16	9.78e-01	2.17e-02	7.98e-05
 2.61922e+16	9.79e-01	2.14e-02	7.73e-05
 2.62132e+16	9.79e-01	2.10e-02	7.46e-05
 2.62360e+16	9.79e-01	2.06e-02	7.20e-05
 2.62567e+16	9.80e-01	2.03e-02	6.97e-05
 2.62794e+16	9.80e-01	1.99e-02	6.71e-05
 2.63039e+16	9.80e-01	1.95e-02	6.46e-05
 2.63262e+16	9.81e-01	1.91e-02	6.24e-05
 2.63507e+16	9.81e-01	1.88e-02	6.00e-05
 2.63770e+16	9.82e-01	1.84e-02	5.77e-05
 2.64010e+16	9.82e-01	1.80e-02	5.57e-05
 2.64229e+16	9.82e-01	1.77e-02	5.39e-05
 2.64468e+16	9.83e-01	1.74e-02	5.19e-05
 2.64727e+16	9.83e-01	1.71e-02	5.00e-05
 2.64962e+16	9.83e-01	1.68e-02	4.84e-05
 2.65220e+16	9.84e-01	1.65e-02	4.65e-05
 2.65498e+16	9.84e-01	1.61e-02	4.47e-05
 2.65751e+16	9.84e-01	1.58e-02	4.32e-05
 2.66029e+16	9.84e-01	1.55e-02	4.14e-05
 2.66328e+16	9.85e-01	1.52e-02	3.98e-05
 2.66601e+16	9.85e-01	1.49e-02	3.83e-05
 2.66899e+16	9.85e-01	1.46e-02	3.67e-05
 2.67222e+16	9.86e-01	1.42e-02	3.51e-05
 2.67515e+16	9.86e-01	1.40e-02	3.38e-05
 2.67837e+16	9.86e-01	1.36e-02	3.23e-05
 2.68184e+16	9.87e-01	1.33e-02	3.09e-05
 2.68500e+16	9.87e-01	1.31e-02	2.96e-05
 2.68846e+16	9.87e-01	1.27e-02	2.83e-05
 2.69219e+16	9.88e-01	1.24e-02	2.70e-05
 2.69559e+16	9.88e-01	1.22e-02	2.58e-05
 2.69932e+16	9.88e-01	1.19e-02	2.46e-05
 2.70334e+16	9.88e-01	1.16e-02	2.34e-05
 2.70700e+16	9.89e-01	1.13e-02	2.24e-05
 2.71102e+16	9.89e-01	1.10e-02	2.13e-05
 2.71535e+16	9.89e-01	1.07e-02	2.02e-05
 2.71929e+16	9.90e-01	1.05e-02	1.93e-05
 2.72361e+16	9.90e-01	1.02e-02	1.83e-05
 2.72827e+16	9.90e-01	9.91e-03	1.73e-05
 2.73251e+16	9.90e-01	9.68e-03	1.65e-05
 2.73716e+16	9.91e-01	9.40e-03	1.56e-05
 2.74218e+16	9.91e-01	9.14e-03	1.47e-05
 2.74674e+16	9.91e-01	8.90e-03	1.40e-05
 2.75175e+16	9.91e-01	8.64e-03	1.32e-05
 2.75715e+16	9.92e-01	8.39e-03	1.24e-05
 2.76207e+16	9.92e-01	8.16e-03	1.18e-05
 2.76746e+16	9.92e-01	7.92e-03	1.11e-05
 2.77444e+16	9.92e-01	7.60e-03	1.03e-05
 2.78239e+16	9.93e-01	7.28e-03	9.43e-06
 2.79040e+16	9.93e-01	6.98e-03	8.67e-06
 2.79855e+16	9.93e-01	6.69e-03	7.97e-06
 2.80706e+16	9.94e-01	6.40e-03	7.30e-06
 2.81593e+16	9.94e-01	6.11e-03	6.68e-06
 2.82511e+16	9.94e-01	5.84e-03	6.10e-06
 2.83462e+16	9.94e-01	5.57e-03	5.55e-06
 2.84443e+16	9.95e-01	5.30e-03	5.05e-06
 2.85446e+16	9.95e-01	5.05e-03	4.59e-06
 2.86465e+16	9.95e-01	4.81e-03	4.17e-06
 2.87503e+16	9.95e-01	4.59e-03	3.78e-06
 2.88562e+16	9.96e-01	4.37e-03	3.43e-06
 2.89641e+16	9.96e-01	4.15e-03	3.11e-06
 2.90740e+16	9.96e-01	3.95e-03	2.82e-06
 2.91859e+16	9.96e-01	3.76e-03	2.55e-06
 2.93000e+16	9.96e-01	3.58e-03	2.31e-06
 2.94145e+16	9.97e-01	3.40e-03	2.09e-06
 2.95306e+16	9.97e-01	3.24e-03	1.90e-06
 2.96511e+16	9.97e-01	3.07e-03	1.71e-06
 2.97745e+16	9.97e-01	2.92e-03	1.54e-06
 2.99000e+16	9.97e-01	2.77e-03	1.39e-06
 3.00275e+16	9.97e-01	2.62e-03	1.25e-06
 3.01574e+16	9.98e-01	2.49e-03	1.12e-06
 3.02898e+16	9.98e-01	2.36e-03	1.01e-06
 3.04250e+16	9.98e-01	2.23e-03	9.06e-07
 3.05628e+16	9.98e-01	2.11e-03	8.12e-07
 3.07034e+16	9.98e-01	2.00e-03	7.27e-07
 3.08469e+16	9.98e-01	1.89e-03	6.50e-07
 3.09935e+16	9.98e-01	1.78e-03	5.80e-07
 3.11431e+16	9.98e-01	1.68e-03	5.17e-07
 3.12960e+16	9.98e-01	1.59e-03	4.61e-07
 3.14521e+16	9.99e-01	1.50e-03	4.09e-07
 3.16118e+16	9.99e-01	1.41e-03	3.63e-07
 3.17752e+16	9.99e-01	1.33e-03	3.22e-07
 3.19424e+16	9.99e-01	1.25e-03	2.84e-07
 3.21136e+16	9.99e-01	1.17e-03	2.51e-07
 3.22892e+16	9.99e-01	1.10e-03	2.21e-07
 3.24691e+16	9.99e-01	1.03e-03	1.94e-07
 3.26537e+16	9.99e-01	9.67e-04	1.70e-07
 3.28433e+16	9.99e-01	9.03e-04	1.48e-07
 3.30384e+16	9.99e-01	8.44e-04	1.29e-07
 3.32392e+16	9.99e-01	7.87e-04	1.12e-07
 3.34461e+16	9.99e-01	7.34e-04	9.75e-08
 3.36552e+16	9.99e-01	6.83e-04	8.45e-08
 3.38700e+16	9.99e-01	6.35e-04	7.28e-08
 3.40980e+16	9.99e-01	5.88e-04	6.23e-08
 3.43362e+16	9.99e-01	5.43e-04	5.30e-08
 3.45822e+16	9.99e-01	5.00e-04	4.49e-08
 3.48373e+16	1.00e+00	4.60e-04	3.78e-08
 3.51036e+16	1.00e+00	4.21e-04	3.17e-08
 3.53826e+16	1.00e+00	3.85e-04	2.63e-08
 3.56760e+16	1.00e+00	3.50e-04	2.17e-08
 3.59850e+16	1.00e+00	3.17e-04	1.77e-08
 3.63107e+16	1.00e+00	2.85e-04	1.43e-08
 3.66582e+16	1.00e+00	2.56e-04	1.14e-08
 3.70302e+16	1.00e+00	2.27e-04	9.00e-09
 3.74274e+16	1.00e+00	2.01e-04	6.98e-09
 3.78558e+16	1.00e+00	1.76e-04	5.31e-09
 3.83233e+16	1.00e+00	1.52e-04	3.95e-09
 3.88390e+16	1.00e+00	1.29e-04	2.85e-09
 3.94145e+16	1.00e+00	1.09e-04	1.99e-09
 4.00608e+16	1.00e+00	8.91e-05	1.33e-09
 4.08021e+16	1.00e+00	7.10e-05	8.42e-10
 4.16321e+16	1.00e+00	5.52e-05	5.09e-10
 4.24926e+16	1.00e+00	4.28e-05	3.06e-10
 4.33492e+16	1.00e+00	3.32e-05	1.85e-10
 4.42068e+16	1.00e+00	2.58e-05	1.12e-10
 4.50820e+16	1.00e+00	2.00e-05	6.77e-11
 4.59837e+16	1.00e+00	1.54e-05	4.06e-11
 4.69102e+16	1.00e+00	1.18e-05	2.42e-11
 4.78612e+16	1.00e+00	9.09e-06	1.44e-11
 4.88451e+16	1.00e+00	6.94e-06	8.47e-12
 4.98687e+16	1.00e+00	5.26e-06	4.93e-12
 5.09323e+16	1.00e+00	3.98e-06	2.85e-12
 5.20427e+16	1.00e+00	2.98e-06	1.62e-12
 5.32058e+16	1.00e+00	2.22e-06	9.09e-13
 5.44291e+16	1.00e+00	1.64e-06	5.02e-13
 5.57233e+16	1.00e+00	1.20e-06	2.71e-13
 5.70981e+16	1.00e+00	8.71e-07	1.44e-13
 5.85690e+16	1.00e+00	6.22e-07	7.38e-14
 6.01139e+16	1.00e+00	4.41e-07	3.75e-14
 6.16799e+16	1.00e+00	3.15e-07	1.92e-14
 6.32460e+16	1.00e+00	2.27e-07	1.01e-14
 6.48120e+16	1.00e+00	1.65e-07	5.34e-15
 6.63780e+16	1.00e+00	1.21e-07	2.88e-15
 6.79441e+16	1.00e+00	8.91e-08	1.57e-15
 6.95101e+16	1.00e+00	6.62e-08	8.74e-16
 7.10762e+16	1.00e+00	4.96e-08	4.92e-16
 7.28771e+16	1.00e+00	3.55e-08	2.53e-16
 7.49436e+16	1.00e+00	2.47e-08	1.23e-16
 7.70409e+16	1.00e+00	1.73e-08	6.05e-17
 7.92665e+16	1.00e+00	1.19e-08	2.89e-17
 8.16667e+16	1.00e+00	8.13e-09	1.34e-17
 8.41251e+16	1.00e+00	5.55e-09	6.28e-18
 8.65953e+16	1.00e+00	3.83e-09	3.00e-18
 8.91587e+16	1.00e+00	2.63e-09	1.41e-18
 9.18543e+16	1.00e+00	1.79e-09	6.59e-19
 9.46290e+16	1.00e+00	1.22e-09	3.07e-19
 9.74573e+16	1.00e+00	8.39e-10	1.45e-19
 1.00299e+17	1.00e+00	5.80e-10	6.93e-20
 1.03141e+17	1.00e+00	4.05e-10	3.39e-20
 1.05983e+17	1.00e+00	2.86e-10	1.69e-20
 1.08825e+17	1.00e+00	2.03e-10	8.55e-21
 1.11667e+17	1.00e+00	1.46e-10	0.00e+00
 1.14509e+17	1.00e+00	1.05e-10	0.00e+00
 1.17351e+17	1.00e+00	7.68e-11	0.00e+00
 1.20337e+17	1.00e+00	5.54e-11	0.00e+00
 1.23467e+17	1.00e+00	3.98e-11	0.00e+00
 1.26597e+17	1.00e+00	2.89e-11	0.00e+00
 1.29727e+17	1.00e+00	2.11e-11	0.00e+00
 1.32857e+17	1.00e+00	1.56e-11	0.00e+00
 1.35987e+17	1.00e+00	1.17e-11	0.00e+00
 1.39117e+17	1.00e+00	8.83e-12	0.00e+00
 1.42331e+17	1.00e+00	6.70e-12	0.00e+00
 1.45641e+17	1.00e+00	5.12e-12	0.00e+00
 1.48895e+17	1.00e+00	3.99e-12	0.00e+00
 1.52001e+17	1.00e+00	3.21e-12	0.00e+00
 1.54964e+17	1.00e+00	2.65e-12	0.00e+00
 1.57814e+17	1.00e+00	2.24e-12	0.00e+00
 1.60567e+17	1.00e+00	1.93e-12	0.00e+00
 1.63213e+17	1.00e+00	1.70e-12	0.00e+00
 1.65733e+17	1.00e+00	1.53e-12	0.00e+00
 1.68124e+17	1.00e+00	1.40e-12	0.00e+00
 1.70392e+17	1.00e+00	1.30e-12	0.00e+00
 1.72546e+17	1.00e+00	1.22e-12	0.00e+00
 1.74591e+17	1.00e+00	1.16e-12	0.00e+00
 1.76530e+17	1.00e+00	1.11e-12	0.00e+00
 1.78365e+17	1.00e+00	1.07e-12	0.00e+00
 1.80101e+17	1.00e+00	1.04e-12	0.00e+00
 1.81743e+17	1.00e+00	1.01e-12	0.00e+00
 1.83298e+17	1.00e+00	9.93e-13	0.00e+00
 1.84770e+17	1.00e+00	9.76e-13	0.00e+00
 1.86164e+17	1.00e+00	9.62e-13	0.00e+00
 1.87483e+17	1.00e+00	9.50e-13	0.00e+00
 1.88732e+17	1.00e+00	9.41e-13	0.00e+00
 1.89915e+17	1.00e+00	9.32e-13	0.00e+00
 1.91036e+17	1.00e+00	9.26e-13	0.00e+00
 1.92098e+17	1.00e+00	9.20e-13	0.00e+00
 1.93105e+17	1.00e+00	9.15e-13	0.00e+00
 1.94060e+17	1.00e+00	9.11e-13	0.00e+00
 1.94966e+17	1.00e+00	9.07e-13	0.00e+00
 1.95826e+17	1.00e+00	9.04e-13	0.00e+00
 1.96643e+17	1.00e+00	9.01e-13	0.00e+00
 1.97418e+17	1.00e+00	8.99e-13	0.00e+00
 1.98156e+17	1.00e+00	8.97e-13	0.00e+00
 1.98856e+17	1.00e+00	8.95e-13	0.00e+00
 1.99523e+17	1.00e+00	8.94e-13	0.00e+00
 2.00158e+17	1.00e+00	8.92e-13	0.00e+00
 2.00762e+17	1.00e+00	8.91e-13	0.00e+00
 2.01339e+17	1.00e+00	8.90e-13	0.00e+00
 2.01888e+17	1.00e+00	8.89e-13	0.00e+00
 2.02412e+17	1.00e+00	8.88e-13	0.00e+00
 2.02913e+17	1.00e+00	8.87e-13	0.00e+00
 2.03391e+17	1.00e+00	8.86e-13	0.00e+00
 2.03849e+17	1.00e+00	8.86e-13	0.00e+00
 2.04288e+17	1.00e+00	8.85e-13	0.00e+00
 2.04708e+17	1.00e+00	8.84e-13	0.00e+00
 2.05112e+17	1.00e+00	8.84e-13	0.00e+00
 2.05500e+17	1.00e+00	8.83e-13	0.00e+00
 2.05873e+17	1.00e+00	8.83e-13	0.00e+00
 2.06233e+17	1.00e+00	8.82e-13	0.00e+00
 2.06581e+17	1.00e+00	8.82e-13	0.00e+00
 2.06917e+17	1.00e+00	8.81e-13	0.00e+00
 2.07244e+17	1.00e+00	8.81e-13	0.00e+00
 2.07561e+17	1.00e+00	8.80e-13	0.00e+00
 2.07870e+17	1.00e+00	8.80e-13	0.00e+00
 2.08173e+17	1.00e+00	8.79e-13	0.00e+00
 2.08470e+17	1.00e+00	8.79e-13	0.00e+00
 2.08762e+17	1.00e+00	8.78e-13	0.00e+00
 2.09051e+17	1.00e+00	8.78e-13	0.00e+00
 2.09339e+17	1.00e+00	8.77e-13	0.00e+00
 2.09626e+17	1.00e+00	8.77e-13	0.00e+00
 2.09914e+17	1.00e+00	8.76e-13	0.00e+00
 2.10206e+17	1.00e+00	8.76e-13	0.00e+00
 2.10504e+17	1.00e+00	8.75e-13	0.00e+00
 2.10810e+17	1.00e+00	8.74e-13	0.00e+00
 2.11128e+17	1.00e+00	8.73e-13	0.00e+00
 2.11463e+17	1.00e+00	8.72e-13	0.00e+00
 2.11819e+17	1.00e+00	8.71e-13	0.00e+00
 2.12205e+17	1.00e+00	8.70e-13	0.00e+00
 2.12629e+17	1.00e+00	8.68e-13	0.00e+00
 2.13105e+17	1.00e+00	8.66e-13	0.00e+00
 2.13651e+17	1.00e+00	8.63e-13	0.00e+00
 2.14297e+17	1.00e+00	8.59e-13	0.00e+00
 2.15084e+17	1.00e+00	8.53e-13	0.00e+00
 2.16077e+17	1.00e+00	8.45e-13	0.00e+00
 2.17359e+17	1.00e+00	8.32e-13	0.00e+00
 2.19027e+17	1.00e+00	8.12e-13	0.00e+00
 2.21194e+17	1.00e+00	7.82e-13	0.00e+00
 2.24012e+17	1.00e+00	7.40e-13	0.00e+00
 2.27676e+17	1.00e+00	6.83e-13	0.00e+00
 2.32438e+17	1.00e+00	6.11e-13	0.00e+00
 2.38630e+17	1.00e+00	5.23e-13	0.00e+00
 2.46678e+17	1.00e+00	4.24e-13	0.00e+00
 2.56252e+17	1.00e+00	3.18e-13	0.00e+00
 2.66502e+17	1.00e+00	2.64e-13	0.00e+00
 2.77162e+17	1.00e+00	2.37e-13	0.00e+00
 2.88249e+17	1.00e+00	2.14e-13	0.00e+00
 2.99779e+17	1.00e+00	1.92e-13	0.00e+00
 3.11770e+17	1.00e+00	1.72e-13	0.00e+00
 3.24241e+17	1.00e+00	1.52e-13	0.00e+00
 3.37210e+17	1.00e+00	1.33e-13	0.00e+00
 3.50699e+17	1.00e+00	1.15e-13	0.00e+00
 3.64727e+17	1.00e+00	9.84e-14	0.00e+00
 3.78510e+17	1.00e+00	8.28e-14	0.00e+00
 3.90794e+17	1.00e+00	8.37e-14	0.00e+00
 4.01397e+17	1.00e+00	9.46e-14	0.00e+00
 4.11068e+17	1.00e+00	1.01e-13	0.00e+00
 4.20481e+17	1.00e+00	9.76e-14	0.00e+00
 4.29659e+17	1.00e+00	8.83e-14	0.00e+00
 4.38071e+17	1.00e+00	8.14e-14	0.00e+00
 4.45310e+17	1.00e+00	7.98e-14	0.00e+00
 4.51202e+17	1.00e+00	7.96e-14	0.00e+00
 4.55393e+17	1.00e+00	8.11e-14	0.00e+00
 4.57911e+17	1.00e+00	8.53e-14	0.00e+00
 4.59369e+17	1.00e+00	8.85e-14	0.00e+00
 4.60244e+17	1.00e+00	9.04e-14	0.00e+00
 4.60769e+17	1.00e+00	9.15e-14	0.00e+00
 4.61131e+17	1.00e+00	9.21e-14	0.00e+00
 4.61509e+17	1.00e+00	9.26e-14	0.00e+00
 4.61983e+17	1.00e+00	9.30e-14	0.00e+00
 4.62474e+17	1.00e+00	9.32e-14	0.00e+00
 4.62871e+17	1.00e+00	9.33e-14	0.00e+00
 4.63179e+17	1.00e+00	9.33e-14	0.00e+00
 4.63458e+17	1.00e+00	9.34e-14	0.00e+00
 4.63754e+17	1.00e+00	9.33e-14	0.00e+00
 4.64053e+17	1.00e+00	9.32e-14	0.00e+00
 4.64316e+17	1.00e+00	9.31e-14	0.00e+00
 4.64553e+17	1.00e+00	9.29e-14	0.00e+00
 4.64787e+17	1.00e+00	9.28e-14	0.00e+00
 4.65031e+17	1.00e+00	9.26e-14	0.00e+00
 4.65265e+17	1.00e+00	9.23e-14	0.00e+00
 4.65470e+17	1.00e+00	9.21e-14	0.00e+00
 4.65652e+17	1.00e+00	9.19e-14	0.00e+00
 4.65828e+17	1.00e+00	9.17e-14	0.00e+00
 4.66017e+17	1.00e+00	9.15e-14	0.00e+00
 4.66210e+17	1.00e+00	9.12e-14	0.00e+00
 4.66382e+17	1.00e+00	9.09e-14	0.00e+00
 4.66536e+17	1.00e+00	9.07e-14	0.00e+00
 4.66689e+17	1.00e+00	9.04e-14	0.00e+00
 4.66845e+17	1.00e+00	9.02e-14	0.00e+00
 4.67002e+17	1.00e+00	8.99e-14	0.00e+00
 4.67156e+17	1.00e+00	8.96e-14	0.00e+00
 4.67306e+17	1.00e+00	8.93e-14	0.00e+00
 4.67445e+17	1.00e+00	8.90e-14	0.00e+00
 4.67577e+17	1.00e+00	8.88e-14	0.00e+00
 4.67715e+17	1.00e+00	8.85e-14	0.00e+00
 4.67861e+17	1.00e+00	8.82e-14	0.00e+00
 4.68005e+17	1.00e+00	8.79e-14	0.00e+00
 4.68142e+17	1.00e+00	8.76e-14	0.00e+00
 4.68281e+17	1.00e+00	8.72e-14	0.00e+00
 4.68423e+17	1.00e+00	8.69e-14	0.00e+00
 4.68565e+17	1.00e+00	8.65e-14	0.00e+00
 4.68706e+17	1.00e+00	8.62e-14	0.00e+00
 4.68842e+17	1.00e+00	8.58e-14	0.00e+00
 4.68979e+17	1.00e+00	8.55e-14	0.00e+00
 4.69125e+17	1.00e+00	8.51e-14	0.00e+00
 4.69278e+17	1.00e+00	8.47e-14	0.00e+00
 4.69434e+17	1.00e+00	8.42e-14	0.00e+00
 4.69589e+17	1.00e+00	8.38e-14	0.00e+00
 4.69746e+17	1.00e+00	8.33e-14	0.00e+00
 4.69907e+17	1.00e+00	8.29e-14	0.00e+00
 4.70066e+17	1.00e+00	8.24e-14	0.00e+00
 4.70233e+17	1.00e+00	8.19e-14	0.00e+00
 4.70413e+17	1.00e+00	8.14e-14	0.00e+00
 4.70590e+17	1.00e+00	8.08e-14	0.00e+00
 4.70754e+17	1.00e+00	8.03e-14	0.00e+00
 4.70927e+17	1.00e+00	7.98e-14	0.00e+00
 4.71135e+17	1.00e+00	7.91e-14	0.00e+00
 4.71351e+17	1.00e+00	7.84e-14	0.00e+00
 4.71544e+17	1.00e+00	7.77e-14	0.00e+00
 4.71732e+17	1.00e+00	7.71e-14	0.00e+00
 4.71941e+17	1.00e+00	7.64e-14	0.00e+00
 4.72169e+17	1.00e+00	7.57e-14	0.00e+00
 4.72397e+17	1.00e+00	7.49e-14	0.00e+00
 4.72619e+17	1.00e+00	7.41e-14	0.00e+00
 4.72849e+17	1.00e+00	7.33e-14	0.00e+00
 4.73088e+17	1.00e+00	7.25e-14	0.00e+00
 4.73330e+17	1.00e+00	7.16e-14	0.00e+00
 4.73579e+17	1.00e+00	7.08e-14	0.00e+00
 4.73847e+17	1.00e+00	6.98e-14	0.00e+00
 4.74122e+17	1.00e+00	6.88e-14	0.00e+00
 4.74393e+17	1.00e+00	6.79e-14	0.00e+00
 4.74666e+17	1.00e+00	6.69e-14	0.00e+00
 4.74952e+17	1.00e+00	6.59e-14	0.00e+00
 4.75255e+17	1.00e+00	6.48e-14	0.00e+00
 4.75574e+17	1.00e+00	6.37e-14	0.00e+00
 4.75895e+17	1.00e+00	6.25e-14	0.00e+00
 4.76208e+17	1.00e+00	6.14e-14	0.00e+00
 4.76536e+17	1.00e+00	6.02e-14	0.00e+00
 4.76885e+17	1.00e+00	5.91e-14	0.00e+00
 4.77245e+17	1.00e+00	5.77e-14	0.00e+00
 4.77605e+17	1.00e+00	5.64e-14	0.00e+00
 4.77962e+17	1.00e+00	5.52e-14	0.00e+00
 4.78339e+17	1.00e+00	5.39e-14	0.00e+00
 4.78736e+17	1.00e+00	5.25e-14	0.00e+00
 4.79134e+17	1.00e+00	5.12e-14	0.00e+00
 4.79535e+17	1.00e+00	4.98e-14	0.00e+00
 4.79941e+17	1.00e+00	4.84e-14	0.00e+00
 4.80355e+17	1.00e+00	4.70e-14	0.00e+00
 4.80789e+17	1.00e+00	4.56e-14	0.00e+00
 4.81246e+17	1.00e+00	4.41e-14	0.00e+00
 4.81710e+17	1.00e+00	4.26e-14	0.00e+00
 4.82170e+17	1.00e+00	4.11e-14	0.00e+00
 4.82635e+17	1.00e+00	3.97e-14	0.00e+00
 4.83114e+17	1.00e+00	3.82e-14	0.00e+00
 4.83609e+17	1.00e+00	3.67e-14	0.00e+00
 4.84106e+17	1.00e+00	3.52e-14	0.00e+00
 4.84613e+17	1.00e+00	3.38e-14	0.00e+00
 4.85143e+17	1.00e+00	3.23e-14	0.00e+00
 4.85692e+17	1.00e+00	3.08e-14	0.00e+00
 4.86252e+17	1.00e+00	2.93e-14	0.00e+00
 4.86813e+17	1.00e+00	2.79e-14	0.00e+00
 4.87372e+17	1.00e+00	2.65e-14	0.00e+00
 4.87966e+17	1.00e+00	2.51e-14	0.00e+00
 4.88594e+17	1.00e+00	2.36e-14	0.00e+00
 4.89221e+17	1.00e+00	2.22e-14	0.00e+00
 4.89855e+17	1.00e+00	2.08e-14	0.00e+00
 4.90505e+17	1.00e+00	1.95e-14	0.00e+00
 4.91183e+17	1.00e+00	1.81e-14	0.00e+00
 4.91889e+17	1.00e+00	1.68e-14	0.00e+00
 4.92605e+17	1.00e+00	1.55e-14	0.00e+00
 4.93277e+17	1.00e+00	1.43e-14	0.00e+00
 4.93853e+17	1.00e+00	1.33e-14	0.00e+00
 4.94347e+17	1.00e+00	1.26e-14	0.00e+00
 4.94808e+17	1.00e+00	1.19e-14	0.00e+00
 4.95265e+17	1.00e+00	1.13e-14	0.00e+00
 4.95717e+17	1.00e+00	1.07e-14	0.00e+00
 4.96145e+17	1.00e+00	1.01e-14	0.00e+00
 4.96540e+17	1.00e+00	9.59e-15	0.00e+00
 4.96910e+17	1.00e+00	9.15e-15	0.00e+00
 4.97268e+17	1.00e+00	8.74e-15	0.00e+00
 4.97619e+17	1.00e+00	8.35e-15	0.00e+00
 4.97960e+17	1.00e+00	7.98e-15	0.00e+00
 4.98286e+17	1.00e+00	7.63e-15	0.00e+00
 4.98597e+17	1.00e+00	7.31e-15	0.00e+00
 4.98896e+17	1.00e+00	7.01e-15	0.00e+00
 4.99186e+17	1.00e+00	6.73e-15	0.00e+00
 4.99468e+17	1.00e+00	6.47e-15	0.00e+00
 4.99741e+17	1.00e+00	6.21e-15	0.00e+00
 5.00004e+17	1.00e+00	5.97e-15	0.00e+00
 5.00258e+17	1.00e+00	5.74e-15	0.00e+00
 5.00503e+17	1.00e+00	5.53e-15	0.00e+00
 5.00741e+17	1.00e+00	5.33e-15	0.00e+00
 5.00973e+17	1.00e+00	5.14e-15	0.00e+00
 5.01200e+17	1.00e+00	4.95e-15	0.00e+00
 5.01421e+17	1.00e+00	4.78e-15	0.00e+00
 5.01636e+17	1.00e+00	4.62e-15	0.00e+00
 5.01844e+17	1.00e+00	4.46e-15	0.00e+00
 5.02044e+17	1.00e+00	4.31e-15	0.00e+00
 5.02239e+17	1.00e+00	4.17e-15	0.00e+00
 5.02431e+17	1.00e+00	4.03e-15	0.00e+00
 5.02651e+17	1.00e+00	3.90e-15	0.00e+00
 5.02937e+17	1.00e+00	3.74e-15	0.00e+00
 5.03308e+17	1.00e+00	3.53e-15	0.00e+00
 5.03791e+17	1.00e+00	3.27e-15	0.00e+00
 5.04419e+17	1.00e+00	2.96e-15	0.00e+00
 5.05235e+17	1.00e+00	2.59e-15	0.00e+00
 5.06203e+17	1.00e+00	2.17e-15	0.00e+00
 5.07119e+17	1.00e+00	1.78e-15	0.00e+00
 5.07818e+17	1.00e+00	1.51e-15	0.00e+00
 5.08339e+17	1.00e+00	1.35e-15	0.00e+00
 5.08817e+17	1.00e+00	1.23e-15	0.00e+00
 5.09362e+17	1.00e+00	1.11e-15	0.00e+00
 5.09987e+17	1.00e+00	9.84e-16	0.00e+00
 5.10618e+17	1.00e+00	8.62e-16	0.00e+00
 5.11195e+17	1.00e+00	7.62e-16	0.00e+00
 5.11728e+17	1.00e+00	6.82e-16	0.00e+00
