#depth	O	O+	O+2	O+3	O+4	O+5	O+6	O+7	O+8	O[1]	O[2]	O[3]
 1.49634e+10	4.19e-48	3.01e-36	1.10e-25	9.86e-17	1.48e-09	9.57e-05	1.00e+00	0.00e+00	0.00e+00	0.00e+00	0.00e+00	0.00e+00
 4.54887e+10	0.00e+00	4.44e-36	1.51e-25	1.25e-16	1.73e-09	1.04e-04	1.00e+00	0.00e+00	0.00e+00	0.00e+00	0.00e+00	0.00e+00
 7.72350e+10	1.07e-47	6.56e-36	2.06e-25	1.58e-16	2.02e-09	1.12e-04	1.00e+00	0.00e+00	0.00e+00	0.00e+00	0.00e+00	0.00e+00
 1.10251e+11	0.00e+00	9.69e-36	2.81e-25	2.00e-16	2.37e-09	1.21e-04	1.00e+00	0.00e+00	0.00e+00	0.00e+00	0.00e+00	0.00e+00
 1.44588e+11	2.72e-47	1.43e-35	3.85e-25	2.53e-16	2.77e-09	1.32e-04	1.00e+00	0.00e+00	0.00e+00	0.00e+00	0.00e+00	0.00e+00
 1.80298e+11	0.00e+00	2.11e-35	5.26e-25	3.20e-16	3.25e-09	1.42e-04	1.00e+00	0.00e+00	0.00e+00	0.00e+00	0.00e+00	0.00e+00
 2.17437e+11	6.92e-47	3.12e-35	7.19e-25	4.05e-16	3.80e-09	1.54e-04	1.00e+00	0.00e+00	0.00e+00	0.00e+00	0.00e+00	0.00e+00
 2.56061e+11	0.00e+00	4.60e-35	9.83e-25	5.13e-16	4.46e-09	1.67e-04	1.00e+00	0.00e+00	0.00e+00	0.00e+00	0.00e+00	0.00e+00
 2.96231e+11	1.76e-46	6.79e-35	1.34e-24	6.49e-16	5.22e-09	1.81e-04	1.00e+00	0.00e+00	0.00e+00	0.00e+00	0.00e+00	0.00e+00
 3.38007e+11	0.00e+00	1.00e-34	1.84e-24	8.21e-16	6.11e-09	1.96e-04	1.00e+00	0.00e+00	0.00e+00	0.00e+00	0.00e+00	0.00e+00
 3.81454e+11	4.46e-46	1.48e-34	2.51e-24	1.04e-15	7.16e-09	2.12e-04	1.00e+00	0.00e+00	0.00e+00	0.00e+00	0.00e+00	0.00e+00
 4.26639e+11	0.00e+00	2.18e-34	3.43e-24	1.32e-15	8.39e-09	2.30e-04	1.00e+00	0.00e+00	0.00e+00	0.00e+00	0.00e+00	0.00e+00
 4.73631e+11	1.13e-45	3.21e-34	4.68e-24	1.67e-15	9.84e-09	2.49e-04	1.00e+00	0.00e+00	0.00e+00	0.00e+00	0.00e+00	0.00e+00
 5.22503e+11	0.00e+00	4.73e-34	6.39e-24	2.11e-15	1.15e-08	2.70e-04	1.00e+00	0.00e+00	0.00e+00	0.00e+00	0.00e+00	0.00e+00
 5.73330e+11	2.85e-45	6.97e-34	8.73e-24	2.67e-15	1.35e-08	2.93e-04	1.00e+00	0.00e+00	0.00e+00	0.00e+00	0.00e+00	0.00e+00
 6.26190e+11	0.00e+00	1.03e-33	1.19e-23	3.38e-15	1.58e-08	3.17e-04	1.00e+00	0.00e+00	0.00e+00	0.00e+00	0.00e+00	0.00e+00
 6.81164e+11	7.19e-45	1.51e-33	1.63e-23	4.28e-15	1.86e-08	3.44e-04	1.00e+00	0.00e+00	0.00e+00	0.00e+00	0.00e+00	0.00e+00
 7.38337e+11	0.00e+00	2.22e-33	2.22e-23	5.41e-15	2.18e-08	3.73e-04	1.00e+00	0.00e+00	0.00e+00	0.00e+00	0.00e+00	0.00e+00
 7.97798e+11	1.81e-44	3.26e-33	3.03e-23	6.85e-15	2.55e-08	4.04e-04	1.00e+00	0.00e+00	0.00e+00	0.00e+00	0.00e+00	0.00e+00
 8.59636e+11	0.00e+00	4.79e-33	4.13e-23	8.67e-15	2.99e-08	4.39e-04	1.00e+00	0.00e+00	0.00e+00	0.00e+00	0.00e+00	0.00e+00
 9.23949e+11	4.54e-44	7.04e-33	5.64e-23	1.10e-14	3.51e-08	4.76e-04	1.00e+00	0.00e+00	0.00e+00	0.00e+00	0.00e+00	0.00e+00
 9.90833e+11	0.00e+00	1.03e-32	7.69e-23	1.39e-14	4.12e-08	5.16e-04	9.99e-01	0.00e+00	0.00e+00	0.00e+00	0.00e+00	0.00e+00
 1.06039e+12	1.13e-43	1.52e-32	1.05e-22	1.76e-14	4.83e-08	5.60e-04	9.99e-01	0.00e+00	0.00e+00	0.00e+00	0.00e+00	0.00e+00
 1.13274e+12	0.00e+00	2.22e-32	1.43e-22	2.23e-14	5.67e-08	6.08e-04	9.99e-01	0.00e+00	0.00e+00	0.00e+00	0.00e+00	0.00e+00
 1.20797e+12	2.82e-43	3.25e-32	1.94e-22	2.82e-14	6.66e-08	6.60e-04	9.99e-01	0.00e+00	0.00e+00	0.00e+00	0.00e+00	0.00e+00
 1.28622e+12	0.00e+00	4.76e-32	2.65e-22	3.57e-14	7.82e-08	7.17e-04	9.99e-01	0.00e+00	0.00e+00	0.00e+00	0.00e+00	0.00e+00
 1.36759e+12	6.99e-43	6.96e-32	3.60e-22	4.52e-14	9.18e-08	7.79e-04	9.99e-01	0.00e+00	0.00e+00	0.00e+00	0.00e+00	0.00e+00
 1.45222e+12	0.00e+00	1.02e-31	4.90e-22	5.72e-14	1.08e-07	8.46e-04	9.99e-01	0.00e+00	0.00e+00	0.00e+00	0.00e+00	0.00e+00
 1.54024e+12	1.72e-42	1.48e-31	6.67e-22	7.24e-14	1.27e-07	9.20e-04	9.99e-01	0.00e+00	0.00e+00	0.00e+00	0.00e+00	0.00e+00
 1.63178e+12	0.00e+00	2.17e-31	9.07e-22	9.16e-14	1.49e-07	1.00e-03	9.99e-01	0.00e+00	0.00e+00	0.00e+00	0.00e+00	0.00e+00
 1.72697e+12	4.23e-42	3.16e-31	1.23e-21	1.16e-13	1.75e-07	1.09e-03	9.99e-01	0.00e+00	0.00e+00	0.00e+00	0.00e+00	0.00e+00
 1.82598e+12	0.00e+00	4.59e-31	1.67e-21	1.47e-13	2.05e-07	1.18e-03	9.99e-01	0.00e+00	0.00e+00	0.00e+00	0.00e+00	0.00e+00
 1.92895e+12	1.03e-41	6.67e-31	2.27e-21	1.86e-13	2.41e-07	1.29e-03	9.99e-01	0.00e+00	0.00e+00	0.00e+00	0.00e+00	0.00e+00
 2.03603e+12	0.00e+00	9.69e-31	3.08e-21	2.35e-13	2.83e-07	1.40e-03	9.99e-01	0.00e+00	0.00e+00	0.00e+00	0.00e+00	0.00e+00
 2.14740e+12	2.50e-41	1.41e-30	4.17e-21	2.97e-13	3.33e-07	1.52e-03	9.98e-01	0.00e+00	0.00e+00	0.00e+00	0.00e+00	0.00e+00
 2.26322e+12	0.00e+00	2.04e-30	5.65e-21	3.76e-13	3.92e-07	1.66e-03	9.98e-01	0.00e+00	0.00e+00	0.00e+00	0.00e+00	0.00e+00
 2.38368e+12	6.00e-41	2.94e-30	7.66e-21	4.75e-13	4.60e-07	1.81e-03	9.98e-01	0.00e+00	0.00e+00	0.00e+00	0.00e+00	0.00e+00
 2.50895e+12	0.00e+00	4.25e-30	1.04e-20	6.01e-13	5.41e-07	1.97e-03	9.98e-01	0.00e+00	0.00e+00	0.00e+00	0.00e+00	0.00e+00
 2.63924e+12	1.43e-40	6.13e-30	1.40e-20	7.60e-13	6.37e-07	2.14e-03	9.98e-01	0.00e+00	0.00e+00	0.00e+00	0.00e+00	0.00e+00
 2.77473e+12	0.00e+00	8.83e-30	1.89e-20	9.61e-13	7.49e-07	2.33e-03	9.98e-01	0.00e+00	0.00e+00	0.00e+00	0.00e+00	0.00e+00
 2.91565e+12	3.38e-40	1.27e-29	2.55e-20	1.22e-12	8.80e-07	2.55e-03	9.97e-01	0.00e+00	0.00e+00	0.00e+00	0.00e+00	0.00e+00
 3.06220e+12	0.00e+00	1.82e-29	3.44e-20	1.54e-12	1.04e-06	2.78e-03	9.97e-01	0.00e+00	0.00e+00	0.00e+00	0.00e+00	0.00e+00
 3.21461e+12	7.90e-40	2.61e-29	4.64e-20	1.94e-12	1.22e-06	3.03e-03	9.97e-01	0.00e+00	0.00e+00	0.00e+00	0.00e+00	0.00e+00
 3.37313e+12	0.00e+00	3.74e-29	6.24e-20	2.45e-12	1.43e-06	3.30e-03	9.97e-01	0.00e+00	0.00e+00	0.00e+00	0.00e+00	0.00e+00
 3.53798e+12	1.83e-39	5.34e-29	8.40e-20	3.10e-12	1.68e-06	3.60e-03	9.96e-01	0.00e+00	0.00e+00	0.00e+00	0.00e+00	0.00e+00
 3.70942e+12	0.00e+00	7.60e-29	1.13e-19	3.91e-12	1.98e-06	3.93e-03	9.96e-01	0.00e+00	0.00e+00	0.00e+00	0.00e+00	0.00e+00
 3.88773e+12	4.19e-39	1.08e-28	1.51e-19	4.94e-12	2.33e-06	4.30e-03	9.96e-01	0.00e+00	0.00e+00	0.00e+00	0.00e+00	0.00e+00
 4.07316e+12	0.00e+00	1.54e-28	2.03e-19	6.23e-12	2.74e-06	4.69e-03	9.95e-01	0.00e+00	0.00e+00	0.00e+00	0.00e+00	0.00e+00
 4.26602e+12	9.48e-39	2.17e-28	2.72e-19	7.86e-12	3.22e-06	5.13e-03	9.95e-01	0.00e+00	0.00e+00	0.00e+00	0.00e+00	0.00e+00
 4.46658e+12	0.00e+00	3.07e-28	3.64e-19	9.92e-12	3.78e-06	5.60e-03	9.94e-01	0.00e+00	0.00e+00	0.00e+00	0.00e+00	0.00e+00
 4.67517e+12	2.12e-38	4.34e-28	4.87e-19	1.25e-11	4.44e-06	6.12e-03	9.94e-01	0.00e+00	0.00e+00	0.00e+00	0.00e+00	0.00e+00
 4.89211e+12	0.00e+00	6.10e-28	6.50e-19	1.58e-11	5.22e-06	6.69e-03	9.93e-01	0.00e+00	0.00e+00	0.00e+00	0.00e+00	0.00e+00
 5.11772e+12	4.67e-38	8.57e-28	8.68e-19	1.99e-11	6.13e-06	7.32e-03	9.93e-01	0.00e+00	0.00e+00	0.00e+00	0.00e+00	0.00e+00
 5.35235e+12	0.00e+00	1.20e-27	1.16e-18	2.51e-11	7.20e-06	8.01e-03	9.92e-01	0.00e+00	0.00e+00	0.00e+00	0.00e+00	0.00e+00
 5.59638e+12	1.01e-37	1.68e-27	1.54e-18	3.16e-11	8.45e-06	8.76e-03	9.91e-01	0.00e+00	0.00e+00	0.00e+00	0.00e+00	0.00e+00
 5.85016e+12	0.00e+00	2.34e-27	2.05e-18	3.98e-11	9.91e-06	9.59e-03	9.90e-01	0.00e+00	0.00e+00	0.00e+00	0.00e+00	0.00e+00
 6.11409e+12	2.17e-37	3.26e-27	2.72e-18	5.01e-11	1.16e-05	1.05e-02	9.89e-01	0.00e+00	0.00e+00	0.00e+00	0.00e+00	0.00e+00
 6.38858e+12	0.00e+00	4.53e-27	3.61e-18	6.31e-11	1.36e-05	1.15e-02	9.89e-01	0.00e+00	0.00e+00	0.00e+00	0.00e+00	0.00e+00
 6.67405e+12	4.59e-37	6.29e-27	4.79e-18	7.95e-11	1.60e-05	1.26e-02	9.87e-01	0.00e+00	0.00e+00	0.00e+00	0.00e+00	0.00e+00
 6.97094e+12	0.00e+00	8.70e-27	6.36e-18	1.00e-10	1.87e-05	1.38e-02	9.86e-01	0.00e+00	0.00e+00	0.00e+00	0.00e+00	0.00e+00
 7.27970e+12	9.56e-37	1.20e-26	8.42e-18	1.26e-10	2.19e-05	1.51e-02	9.85e-01	0.00e+00	0.00e+00	0.00e+00	0.00e+00	0.00e+00
 7.60082e+12	0.00e+00	1.66e-26	1.12e-17	1.58e-10	2.57e-05	1.65e-02	9.83e-01	0.00e+00	0.00e+00	0.00e+00	0.00e+00	0.00e+00
 7.93478e+12	1.97e-36	2.29e-26	1.48e-17	1.99e-10	3.00e-05	1.81e-02	9.82e-01	0.00e+00	0.00e+00	0.00e+00	0.00e+00	0.00e+00
 8.28210e+12	0.00e+00	3.15e-26	1.95e-17	2.51e-10	3.51e-05	1.98e-02	9.80e-01	0.00e+00	0.00e+00	0.00e+00	0.00e+00	0.00e+00
 8.64331e+12	4.01e-36	4.33e-26	2.59e-17	3.16e-10	4.10e-05	2.17e-02	9.78e-01	0.00e+00	0.00e+00	0.00e+00	0.00e+00	0.00e+00
 9.01897e+12	0.00e+00	5.96e-26	3.42e-17	3.97e-10	4.79e-05	2.38e-02	9.76e-01	0.00e+00	0.00e+00	0.00e+00	0.00e+00	0.00e+00
 9.40965e+12	8.13e-36	8.21e-26	4.53e-17	4.99e-10	5.59e-05	2.60e-02	9.74e-01	0.00e+00	0.00e+00	0.00e+00	0.00e+00	0.00e+00
 9.81596e+12	0.00e+00	1.13e-25	6.01e-17	6.28e-10	6.52e-05	2.85e-02	9.71e-01	0.00e+00	0.00e+00	0.00e+00	0.00e+00	0.00e+00
 1.02385e+13	1.64e-35	1.56e-25	7.97e-17	7.91e-10	7.60e-05	3.12e-02	9.69e-01	0.00e+00	0.00e+00	0.00e+00	0.00e+00	0.00e+00
 1.06780e+13	0.00e+00	2.15e-25	1.06e-16	9.95e-10	8.86e-05	3.41e-02	9.66e-01	0.00e+00	0.00e+00	0.00e+00	0.00e+00	0.00e+00
 1.11350e+13	3.33e-35	2.98e-25	1.41e-16	1.25e-09	1.03e-04	3.73e-02	9.63e-01	0.00e+00	0.00e+00	0.00e+00	0.00e+00	0.00e+00
 1.16104e+13	4.76e-35	4.13e-25	1.87e-16	1.58e-09	1.20e-04	4.08e-02	9.59e-01	0.00e+00	0.00e+00	0.00e+00	0.00e+00	0.00e+00
 1.21047e+13	6.80e-35	5.74e-25	2.50e-16	1.98e-09	1.40e-04	4.46e-02	9.55e-01	0.00e+00	0.00e+00	0.00e+00	0.00e+00	0.00e+00
 1.26188e+13	9.75e-35	8.00e-25	3.33e-16	2.50e-09	1.62e-04	4.87e-02	9.51e-01	0.00e+00	0.00e+00	0.00e+00	0.00e+00	0.00e+00
 1.31535e+13	1.40e-34	1.12e-24	4.45e-16	3.14e-09	1.89e-04	5.32e-02	9.47e-01	0.00e+00	0.00e+00	0.00e+00	0.00e+00	0.00e+00
 1.37096e+13	2.02e-34	1.57e-24	5.96e-16	3.95e-09	2.19e-04	5.80e-02	9.42e-01	0.00e+00	0.00e+00	0.00e+00	0.00e+00	0.00e+00
 1.42879e+13	2.93e-34	2.20e-24	7.99e-16	4.97e-09	2.55e-04	6.32e-02	9.37e-01	0.00e+00	0.00e+00	0.00e+00	0.00e+00	0.00e+00
 1.48893e+13	4.26e-34	3.11e-24	1.07e-15	6.26e-09	2.95e-04	6.89e-02	9.31e-01	0.00e+00	0.00e+00	0.00e+00	0.00e+00	0.00e+00
 1.55148e+13	6.21e-34	4.40e-24	1.44e-15	7.87e-09	3.43e-04	7.49e-02	9.25e-01	0.00e+00	0.00e+00	0.00e+00	0.00e+00	0.00e+00
 1.61653e+13	9.10e-34	6.24e-24	1.94e-15	9.90e-09	3.97e-04	8.15e-02	9.18e-01	0.00e+00	0.00e+00	0.00e+00	0.00e+00	0.00e+00
 1.68419e+13	1.34e-33	8.89e-24	2.62e-15	1.25e-08	4.61e-04	8.85e-02	9.11e-01	0.00e+00	0.00e+00	0.00e+00	0.00e+00	0.00e+00
 1.75455e+13	1.97e-33	1.27e-23	3.53e-15	1.57e-08	5.34e-04	9.61e-02	9.03e-01	0.00e+00	0.00e+00	0.00e+00	0.00e+00	0.00e+00
 1.82772e+13	2.93e-33	1.82e-23	4.76e-15	1.97e-08	6.18e-04	1.04e-01	8.95e-01	0.00e+00	0.00e+00	0.00e+00	0.00e+00	0.00e+00
 1.90383e+13	4.35e-33	2.61e-23	6.43e-15	2.47e-08	7.15e-04	1.13e-01	8.86e-01	0.00e+00	0.00e+00	0.00e+00	0.00e+00	0.00e+00
 1.98297e+13	6.49e-33	3.75e-23	8.69e-15	3.10e-08	8.26e-04	1.22e-01	8.77e-01	0.00e+00	0.00e+00	0.00e+00	0.00e+00	0.00e+00
 2.06528e+13	9.71e-33	5.40e-23	1.18e-14	3.90e-08	9.55e-04	1.32e-01	8.67e-01	0.00e+00	0.00e+00	0.00e+00	0.00e+00	0.00e+00
 2.15089e+13	1.46e-32	7.80e-23	1.59e-14	4.88e-08	1.10e-03	1.42e-01	8.56e-01	0.00e+00	0.00e+00	0.00e+00	0.00e+00	0.00e+00
 2.23991e+13	2.20e-32	1.13e-22	2.15e-14	6.12e-08	1.27e-03	1.54e-01	8.45e-01	0.00e+00	0.00e+00	0.00e+00	0.00e+00	0.00e+00
 2.33250e+13	3.31e-32	1.63e-22	2.91e-14	7.67e-08	1.47e-03	1.65e-01	8.33e-01	0.00e+00	0.00e+00	0.00e+00	0.00e+00	0.00e+00
 2.42880e+13	5.01e-32	2.36e-22	3.93e-14	9.59e-08	1.69e-03	1.78e-01	8.21e-01	0.00e+00	0.00e+00	0.00e+00	0.00e+00	0.00e+00
 2.52894e+13	7.59e-32	3.42e-22	5.32e-14	1.20e-07	1.95e-03	1.91e-01	8.07e-01	0.00e+00	0.00e+00	0.00e+00	0.00e+00	0.00e+00
 2.63070e+13	1.14e-31	4.92e-22	7.13e-14	1.49e-07	2.23e-03	2.04e-01	7.93e-01	0.00e+00	0.00e+00	0.00e+00	0.00e+00	0.00e+00
 2.73652e+13	1.72e-31	7.08e-22	9.57e-14	1.85e-07	2.55e-03	2.19e-01	7.79e-01	0.00e+00	0.00e+00	0.00e+00	0.00e+00	0.00e+00
 2.84898e+13	2.62e-31	1.03e-21	1.29e-13	2.30e-07	2.93e-03	2.34e-01	7.63e-01	0.00e+00	0.00e+00	0.00e+00	0.00e+00	0.00e+00
 2.96593e+13	3.99e-31	1.49e-21	1.74e-13	2.87e-07	3.36e-03	2.50e-01	7.47e-01	0.00e+00	0.00e+00	0.00e+00	0.00e+00	0.00e+00
 3.08756e+13	6.09e-31	2.16e-21	2.34e-13	3.56e-07	3.84e-03	2.66e-01	7.30e-01	0.00e+00	0.00e+00	0.00e+00	0.00e+00	0.00e+00
 3.21405e+13	9.29e-31	3.14e-21	3.16e-13	4.42e-07	4.39e-03	2.83e-01	7.12e-01	0.00e+00	0.00e+00	0.00e+00	0.00e+00	0.00e+00
 3.34561e+13	1.42e-30	4.54e-21	4.24e-13	5.48e-07	5.01e-03	3.01e-01	6.94e-01	0.00e+00	0.00e+00	0.00e+00	0.00e+00	0.00e+00
 3.48242e+13	2.17e-30	6.58e-21	5.69e-13	6.79e-07	5.71e-03	3.19e-01	6.75e-01	0.00e+00	0.00e+00	0.00e+00	0.00e+00	0.00e+00
 3.62471e+13	3.32e-30	9.52e-21	7.63e-13	8.39e-07	6.50e-03	3.37e-01	6.56e-01	0.00e+00	0.00e+00	0.00e+00	0.00e+00	0.00e+00
 3.77270e+13	5.08e-30	1.38e-20	1.02e-12	1.03e-06	7.38e-03	3.57e-01	6.36e-01	0.00e+00	0.00e+00	0.00e+00	0.00e+00	0.00e+00
 3.92660e+13	7.78e-30	1.99e-20	1.36e-12	1.27e-06	8.37e-03	3.76e-01	6.16e-01	0.00e+00	0.00e+00	0.00e+00	0.00e+00	0.00e+00
 4.08665e+13	1.19e-29	2.87e-20	1.82e-12	1.57e-06	9.48e-03	3.96e-01	5.95e-01	0.00e+00	0.00e+00	0.00e+00	0.00e+00	0.00e+00
 4.25311e+13	1.82e-29	4.13e-20	2.42e-12	1.92e-06	1.07e-02	4.15e-01	5.74e-01	0.00e+00	0.00e+00	0.00e+00	0.00e+00	0.00e+00
 4.42623e+13	2.78e-29	5.94e-20	3.22e-12	2.36e-06	1.21e-02	4.35e-01	5.52e-01	0.00e+00	0.00e+00	0.00e+00	0.00e+00	0.00e+00
 4.60627e+13	4.24e-29	8.52e-20	4.28e-12	2.88e-06	1.36e-02	4.56e-01	5.31e-01	0.00e+00	0.00e+00	0.00e+00	0.00e+00	0.00e+00
 4.79351e+13	6.48e-29	1.22e-19	5.67e-12	3.52e-06	1.53e-02	4.76e-01	5.09e-01	0.00e+00	0.00e+00	0.00e+00	0.00e+00	0.00e+00
 4.98825e+13	9.88e-29	1.75e-19	7.49e-12	4.28e-06	1.72e-02	4.95e-01	4.87e-01	0.00e+00	0.00e+00	0.00e+00	0.00e+00	0.00e+00
 5.19077e+13	1.50e-28	2.50e-19	9.89e-12	5.21e-06	1.93e-02	5.15e-01	4.66e-01	0.00e+00	0.00e+00	0.00e+00	0.00e+00	0.00e+00
 5.40139e+13	2.29e-28	3.56e-19	1.30e-11	6.32e-06	2.15e-02	5.34e-01	4.44e-01	0.00e+00	0.00e+00	0.00e+00	0.00e+00	0.00e+00
 5.62044e+13	3.48e-28	5.07e-19	1.71e-11	7.65e-06	2.40e-02	5.53e-01	4.23e-01	0.00e+00	0.00e+00	0.00e+00	0.00e+00	0.00e+00
 5.84825e+13	5.29e-28	7.21e-19	2.25e-11	9.25e-06	2.68e-02	5.72e-01	4.02e-01	0.00e+00	0.00e+00	0.00e+00	0.00e+00	0.00e+00
 6.08517e+13	8.03e-28	1.02e-18	2.94e-11	1.12e-05	2.98e-02	5.89e-01	3.81e-01	0.00e+00	0.00e+00	0.00e+00	0.00e+00	0.00e+00
 6.33157e+13	1.22e-27	1.45e-18	3.85e-11	1.34e-05	3.30e-02	6.07e-01	3.60e-01	0.00e+00	0.00e+00	0.00e+00	0.00e+00	0.00e+00
 6.58783e+13	1.84e-27	2.05e-18	5.02e-11	1.62e-05	3.66e-02	6.23e-01	3.40e-01	0.00e+00	0.00e+00	0.00e+00	0.00e+00	0.00e+00
 6.85433e+13	2.78e-27	2.89e-18	6.53e-11	1.94e-05	4.05e-02	6.39e-01	3.21e-01	0.00e+00	0.00e+00	0.00e+00	0.00e+00	0.00e+00
 7.13150e+13	4.20e-27	4.07e-18	8.49e-11	2.32e-05	4.47e-02	6.53e-01	3.02e-01	0.00e+00	0.00e+00	0.00e+00	0.00e+00	0.00e+00
 7.41975e+13	6.33e-27	5.72e-18	1.10e-10	2.78e-05	4.92e-02	6.67e-01	2.84e-01	0.00e+00	0.00e+00	0.00e+00	0.00e+00	0.00e+00
 7.71954e+13	9.54e-27	8.03e-18	1.43e-10	3.31e-05	5.42e-02	6.80e-01	2.66e-01	0.00e+00	0.00e+00	0.00e+00	0.00e+00	0.00e+00
 8.03131e+13	1.43e-26	1.13e-17	1.85e-10	3.94e-05	5.95e-02	6.92e-01	2.49e-01	0.00e+00	0.00e+00	0.00e+00	0.00e+00	0.00e+00
 8.35556e+13	2.16e-26	1.58e-17	2.38e-10	4.69e-05	6.52e-02	7.02e-01	2.33e-01	0.00e+00	0.00e+00	0.00e+00	0.00e+00	0.00e+00
 8.69277e+13	3.23e-26	2.20e-17	3.07e-10	5.57e-05	7.13e-02	7.12e-01	2.17e-01	0.00e+00	0.00e+00	0.00e+00	0.00e+00	0.00e+00
 9.04347e+13	4.85e-26	3.07e-17	3.95e-10	6.60e-05	7.79e-02	7.20e-01	2.02e-01	0.00e+00	0.00e+00	0.00e+00	0.00e+00	0.00e+00
 9.40821e+13	7.25e-26	4.27e-17	5.07e-10	7.81e-05	8.50e-02	7.27e-01	1.88e-01	0.00e+00	0.00e+00	0.00e+00	0.00e+00	0.00e+00
 9.78753e+13	1.08e-25	5.93e-17	6.50e-10	9.22e-05	9.26e-02	7.33e-01	1.74e-01	0.00e+00	0.00e+00	0.00e+00	0.00e+00	0.00e+00
 1.01820e+14	1.62e-25	8.23e-17	8.31e-10	1.09e-04	1.01e-01	7.38e-01	1.61e-01	0.00e+00	0.00e+00	0.00e+00	0.00e+00	0.00e+00
 1.05923e+14	2.41e-25	1.14e-16	1.06e-09	1.28e-04	1.09e-01	7.42e-01	1.49e-01	0.00e+00	0.00e+00	0.00e+00	0.00e+00	0.00e+00
 1.10190e+14	3.59e-25	1.58e-16	1.35e-09	1.50e-04	1.18e-01	7.44e-01	1.38e-01	0.00e+00	0.00e+00	0.00e+00	0.00e+00	0.00e+00
 1.14627e+14	5.33e-25	2.18e-16	1.72e-09	1.77e-04	1.28e-01	7.45e-01	1.27e-01	0.00e+00	0.00e+00	0.00e+00	0.00e+00	0.00e+00
 1.19242e+14	7.92e-25	3.00e-16	2.19e-09	2.07e-04	1.38e-01	7.45e-01	1.17e-01	0.00e+00	0.00e+00	0.00e+00	0.00e+00	0.00e+00
 1.24042e+14	1.17e-24	4.12e-16	2.78e-09	2.42e-04	1.49e-01	7.43e-01	1.07e-01	0.00e+00	0.00e+00	0.00e+00	0.00e+00	0.00e+00
 1.29034e+14	1.74e-24	5.66e-16	3.52e-09	2.82e-04	1.61e-01	7.40e-01	9.85e-02	0.00e+00	0.00e+00	0.00e+00	0.00e+00	0.00e+00
 1.34225e+14	2.57e-24	7.76e-16	4.45e-09	3.29e-04	1.73e-01	7.37e-01	9.02e-02	0.00e+00	0.00e+00	0.00e+00	0.00e+00	0.00e+00
 1.39624e+14	3.79e-24	1.06e-15	5.62e-09	3.83e-04	1.85e-01	7.32e-01	8.25e-02	0.00e+00	0.00e+00	0.00e+00	0.00e+00	0.00e+00
 1.45239e+14	5.59e-24	1.45e-15	7.08e-09	4.45e-04	1.99e-01	7.25e-01	7.54e-02	0.00e+00	0.00e+00	0.00e+00	0.00e+00	0.00e+00
 1.51078e+14	8.22e-24	1.98e-15	8.91e-09	5.16e-04	2.13e-01	7.18e-01	6.87e-02	0.00e+00	0.00e+00	0.00e+00	0.00e+00	0.00e+00
 1.57151e+14	1.21e-23	2.70e-15	1.12e-08	5.98e-04	2.27e-01	7.10e-01	6.25e-02	0.00e+00	0.00e+00	0.00e+00	0.00e+00	0.00e+00
 1.63467e+14	1.77e-23	3.66e-15	1.40e-08	6.91e-04	2.42e-01	7.00e-01	5.68e-02	0.00e+00	0.00e+00	0.00e+00	0.00e+00	0.00e+00
 1.70036e+14	2.59e-23	4.97e-15	1.76e-08	7.98e-04	2.58e-01	6.90e-01	5.16e-02	0.00e+00	0.00e+00	0.00e+00	0.00e+00	0.00e+00
 1.76699e+14	3.76e-23	6.68e-15	2.18e-08	9.16e-04	2.74e-01	6.78e-01	4.68e-02	0.00e+00	0.00e+00	0.00e+00	0.00e+00	0.00e+00
 1.83628e+14	5.44e-23	8.98e-15	2.71e-08	1.05e-03	2.90e-01	6.66e-01	4.24e-02	0.00e+00	0.00e+00	0.00e+00	0.00e+00	0.00e+00
 1.91003e+14	7.94e-23	1.21e-14	3.38e-08	1.21e-03	3.08e-01	6.53e-01	3.83e-02	0.00e+00	0.00e+00	0.00e+00	0.00e+00	0.00e+00
 1.98673e+14	1.16e-22	1.63e-14	4.20e-08	1.38e-03	3.25e-01	6.39e-01	3.45e-02	0.00e+00	0.00e+00	0.00e+00	0.00e+00	0.00e+00
 2.06650e+14	1.68e-22	2.20e-14	5.21e-08	1.58e-03	3.44e-01	6.24e-01	3.11e-02	0.00e+00	0.00e+00	0.00e+00	0.00e+00	0.00e+00
 2.14946e+14	2.44e-22	2.95e-14	6.45e-08	1.81e-03	3.62e-01	6.08e-01	2.79e-02	0.00e+00	0.00e+00	0.00e+00	0.00e+00	0.00e+00
 2.23574e+14	3.54e-22	3.96e-14	7.98e-08	2.06e-03	3.81e-01	5.92e-01	2.50e-02	0.00e+00	0.00e+00	0.00e+00	0.00e+00	0.00e+00
 2.32547e+14	5.11e-22	5.30e-14	9.85e-08	2.35e-03	4.01e-01	5.75e-01	2.24e-02	0.00e+00	0.00e+00	0.00e+00	0.00e+00	0.00e+00
 2.41879e+14	7.38e-22	7.08e-14	1.21e-07	2.67e-03	4.20e-01	5.57e-01	2.00e-02	0.00e+00	0.00e+00	0.00e+00	0.00e+00	0.00e+00
 2.51584e+14	1.06e-21	9.43e-14	1.49e-07	3.03e-03	4.40e-01	5.39e-01	1.79e-02	0.00e+00	0.00e+00	0.00e+00	0.00e+00	0.00e+00
 2.61677e+14	1.53e-21	1.25e-13	1.83e-07	3.43e-03	4.59e-01	5.21e-01	1.59e-02	0.00e+00	0.00e+00	0.00e+00	0.00e+00	0.00e+00
 2.72174e+14	2.19e-21	1.66e-13	2.24e-07	3.87e-03	4.79e-01	5.03e-01	1.41e-02	0.00e+00	0.00e+00	0.00e+00	0.00e+00	0.00e+00
 2.83091e+14	3.14e-21	2.21e-13	2.74e-07	4.37e-03	4.99e-01	4.84e-01	1.26e-02	0.00e+00	0.00e+00	0.00e+00	0.00e+00	0.00e+00
 2.94445e+14	4.49e-21	2.91e-13	3.34e-07	4.92e-03	5.19e-01	4.65e-01	1.11e-02	0.00e+00	0.00e+00	0.00e+00	0.00e+00	0.00e+00
 3.06252e+14	6.41e-21	3.85e-13	4.08e-07	5.53e-03	5.38e-01	4.46e-01	9.84e-03	0.00e+00	0.00e+00	0.00e+00	0.00e+00	0.00e+00
 3.18532e+14	9.11e-21	5.06e-13	4.95e-07	6.20e-03	5.58e-01	4.27e-01	8.69e-03	0.00e+00	0.00e+00	0.00e+00	0.00e+00	0.00e+00
 3.31304e+14	1.30e-20	6.67e-13	6.02e-07	6.95e-03	5.77e-01	4.08e-01	7.66e-03	0.00e+00	0.00e+00	0.00e+00	0.00e+00	0.00e+00
 3.44586e+14	1.84e-20	8.73e-13	7.28e-07	7.77e-03	5.96e-01	3.90e-01	6.74e-03	0.00e+00	0.00e+00	0.00e+00	0.00e+00	0.00e+00
 3.58399e+14	2.60e-20	1.14e-12	8.80e-07	8.67e-03	6.14e-01	3.71e-01	5.92e-03	0.00e+00	0.00e+00	0.00e+00	0.00e+00	0.00e+00
 3.72765e+14	3.68e-20	1.49e-12	1.06e-06	9.66e-03	6.32e-01	3.53e-01	5.20e-03	0.00e+00	0.00e+00	0.00e+00	0.00e+00	0.00e+00
 3.87705e+14	5.19e-20	1.95e-12	1.28e-06	1.07e-02	6.49e-01	3.35e-01	4.55e-03	0.00e+00	0.00e+00	0.00e+00	0.00e+00	0.00e+00
 4.03244e+14	7.30e-20	2.53e-12	1.54e-06	1.19e-02	6.66e-01	3.18e-01	3.98e-03	0.00e+00	0.00e+00	0.00e+00	0.00e+00	0.00e+00
 4.19403e+14	1.03e-19	3.29e-12	1.84e-06	1.32e-02	6.82e-01	3.01e-01	3.48e-03	0.00e+00	0.00e+00	0.00e+00	0.00e+00	0.00e+00
 4.36209e+14	1.44e-19	4.27e-12	2.21e-06	1.46e-02	6.98e-01	2.84e-01	3.03e-03	0.00e+00	0.00e+00	0.00e+00	0.00e+00	0.00e+00
 4.53688e+14	2.02e-19	5.53e-12	2.65e-06	1.62e-02	7.13e-01	2.68e-01	2.64e-03	0.00e+00	0.00e+00	0.00e+00	0.00e+00	0.00e+00
 4.71865e+14	2.82e-19	7.15e-12	3.16e-06	1.79e-02	7.27e-01	2.53e-01	2.30e-03	0.00e+00	0.00e+00	0.00e+00	0.00e+00	0.00e+00
 4.90770e+14	3.94e-19	9.23e-12	3.77e-06	1.97e-02	7.40e-01	2.38e-01	1.99e-03	0.00e+00	0.00e+00	0.00e+00	0.00e+00	0.00e+00
 5.10430e+14	5.49e-19	1.19e-11	4.49e-06	2.17e-02	7.53e-01	2.24e-01	1.73e-03	0.00e+00	0.00e+00	0.00e+00	0.00e+00	0.00e+00
 5.30877e+14	7.64e-19	1.53e-11	5.34e-06	2.38e-02	7.65e-01	2.10e-01	1.50e-03	0.00e+00	0.00e+00	0.00e+00	0.00e+00	0.00e+00
 5.52142e+14	1.06e-18	1.97e-11	6.35e-06	2.61e-02	7.76e-01	1.97e-01	1.29e-03	0.00e+00	0.00e+00	0.00e+00	0.00e+00	0.00e+00
 5.74258e+14	1.48e-18	2.53e-11	7.53e-06	2.87e-02	7.86e-01	1.84e-01	1.12e-03	0.00e+00	0.00e+00	0.00e+00	0.00e+00	0.00e+00
 5.97258e+14	2.05e-18	3.24e-11	8.92e-06	3.14e-02	7.96e-01	1.72e-01	9.64e-04	0.00e+00	0.00e+00	0.00e+00	0.00e+00	0.00e+00
 6.21178e+14	2.84e-18	4.15e-11	1.06e-05	3.43e-02	8.04e-01	1.61e-01	8.30e-04	0.00e+00	0.00e+00	0.00e+00	0.00e+00	0.00e+00
 6.46056e+14	3.93e-18	5.31e-11	1.25e-05	3.75e-02	8.12e-01	1.50e-01	7.14e-04	0.00e+00	0.00e+00	0.00e+00	0.00e+00	0.00e+00
 6.71928e+14	5.43e-18	6.79e-11	1.48e-05	4.10e-02	8.19e-01	1.39e-01	6.14e-04	0.00e+00	0.00e+00	0.00e+00	0.00e+00	0.00e+00
 6.98835e+14	7.50e-18	8.67e-11	1.74e-05	4.46e-02	8.25e-01	1.30e-01	5.27e-04	0.00e+00	0.00e+00	0.00e+00	0.00e+00	0.00e+00
 7.26818e+14	1.03e-17	1.11e-10	2.05e-05	4.86e-02	8.30e-01	1.21e-01	4.51e-04	0.00e+00	0.00e+00	0.00e+00	0.00e+00	0.00e+00
 7.55921e+14	1.43e-17	1.41e-10	2.42e-05	5.29e-02	8.35e-01	1.12e-01	3.86e-04	0.00e+00	0.00e+00	0.00e+00	0.00e+00	0.00e+00
 7.86187e+14	1.96e-17	1.79e-10	2.84e-05	5.75e-02	8.38e-01	1.04e-01	3.30e-04	0.00e+00	0.00e+00	0.00e+00	0.00e+00	0.00e+00
 8.17665e+14	2.72e-17	2.28e-10	3.34e-05	6.25e-02	8.41e-01	9.61e-02	2.82e-04	0.00e+00	0.00e+00	1.53e-17	8.44e-18	3.49e-18
 8.50401e+14	3.72e-17	2.89e-10	3.92e-05	6.78e-02	8.43e-01	8.89e-02	2.41e-04	0.00e+00	0.00e+00	2.07e-17	1.23e-17	4.15e-18
 8.84447e+14	5.10e-17	3.67e-10	4.60e-05	7.34e-02	8.44e-01	8.21e-02	2.05e-04	0.00e+00	0.00e+00	2.84e-17	1.68e-17	5.71e-18
 9.19855e+14	7.00e-17	4.65e-10	5.39e-05	7.95e-02	8.44e-01	7.58e-02	1.75e-04	0.00e+00	0.00e+00	3.90e-17	2.30e-17	7.83e-18
 9.54710e+14	9.43e-17	5.82e-10	6.26e-05	8.57e-02	8.44e-01	7.02e-02	1.50e-04	0.00e+00	0.00e+00	5.26e-17	3.10e-17	1.06e-17
 9.90958e+14	1.27e-16	7.28e-10	7.26e-05	9.22e-02	8.43e-01	6.49e-02	1.28e-04	0.00e+00	0.00e+00	7.09e-17	4.18e-17	1.42e-17
 1.03063e+15	1.74e-16	9.20e-10	8.49e-05	9.96e-02	8.40e-01	5.97e-02	1.09e-04	0.00e+00	0.00e+00	9.70e-17	5.71e-17	1.95e-17
 1.07041e+15	2.35e-16	1.15e-09	9.85e-05	1.07e-01	8.38e-01	5.50e-02	9.27e-05	0.00e+00	0.00e+00	1.31e-16	7.70e-17	2.63e-17
 1.11178e+15	3.17e-16	1.44e-09	1.14e-04	1.15e-01	8.34e-01	5.07e-02	7.88e-05	0.00e+00	0.00e+00	1.77e-16	1.04e-16	3.56e-17
 1.15628e+15	4.33e-16	1.82e-09	1.33e-04	1.24e-01	8.29e-01	4.64e-02	6.66e-05	0.00e+00	0.00e+00	2.42e-16	1.42e-16	4.86e-17
 1.20257e+15	5.90e-16	2.29e-09	1.55e-04	1.33e-01	8.24e-01	4.25e-02	5.62e-05	0.00e+00	0.00e+00	3.30e-16	1.93e-16	6.62e-17
 1.25070e+15	8.03e-16	2.88e-09	1.80e-04	1.43e-01	8.18e-01	3.89e-02	4.73e-05	0.00e+00	0.00e+00	4.50e-16	2.62e-16	9.02e-17
 1.30076e+15	1.09e-15	3.61e-09	2.10e-04	1.54e-01	8.10e-01	3.55e-02	3.98e-05	0.00e+00	0.00e+00	6.12e-16	3.55e-16	1.23e-16
 1.35282e+15	1.48e-15	4.54e-09	2.43e-04	1.65e-01	8.02e-01	3.24e-02	3.35e-05	0.00e+00	0.00e+00	8.32e-16	4.82e-16	1.67e-16
 1.40696e+15	2.01e-15	5.69e-09	2.82e-04	1.77e-01	7.93e-01	2.95e-02	2.81e-05	0.00e+00	0.00e+00	1.13e-15	6.53e-16	2.26e-16
 1.46327e+15	2.73e-15	7.13e-09	3.27e-04	1.89e-01	7.84e-01	2.68e-02	2.35e-05	0.00e+00	0.00e+00	1.53e-15	8.83e-16	3.07e-16
 1.52183e+15	3.70e-15	8.91e-09	3.78e-04	2.02e-01	7.73e-01	2.44e-02	1.96e-05	0.00e+00	0.00e+00	2.08e-15	1.19e-15	4.16e-16
 1.58273e+15	5.01e-15	1.11e-08	4.37e-04	2.16e-01	7.61e-01	2.21e-02	1.64e-05	0.00e+00	0.00e+00	2.82e-15	1.61e-15	5.63e-16
 1.64607e+15	6.77e-15	1.39e-08	5.05e-04	2.30e-01	7.49e-01	2.00e-02	1.36e-05	0.00e+00	0.00e+00	3.82e-15	2.17e-15	7.60e-16
 1.70717e+15	8.95e-15	1.71e-08	5.76e-04	2.44e-01	7.37e-01	1.82e-02	1.15e-05	0.00e+00	0.00e+00	5.05e-15	2.86e-15	1.00e-15
 1.76380e+15	1.15e-14	2.05e-08	6.48e-04	2.57e-01	7.25e-01	1.67e-02	9.85e-06	0.00e+00	0.00e+00	6.48e-15	3.66e-15	1.29e-15
 1.82748e+15	1.50e-14	2.50e-08	7.37e-04	2.72e-01	7.12e-01	1.52e-02	8.30e-06	0.00e+00	0.00e+00	8.50e-15	4.79e-15	1.69e-15
 1.89898e+15	2.01e-14	3.09e-08	8.44e-04	2.88e-01	6.97e-01	1.37e-02	6.89e-06	0.00e+00	0.00e+00	1.14e-14	6.38e-15	2.25e-15
 1.96726e+15	2.63e-14	3.76e-08	9.57e-04	3.04e-01	6.83e-01	1.24e-02	5.79e-06	0.00e+00	0.00e+00	1.49e-14	8.32e-15	2.94e-15
 2.03250e+15	3.35e-14	4.49e-08	1.07e-03	3.19e-01	6.69e-01	1.13e-02	4.93e-06	0.00e+00	0.00e+00	1.90e-14	1.06e-14	3.75e-15
 2.10643e+15	4.39e-14	5.46e-08	1.21e-03	3.36e-01	6.53e-01	1.02e-02	4.12e-06	0.00e+00	0.00e+00	2.50e-14	1.38e-14	4.91e-15
 2.18849e+15	5.84e-14	6.71e-08	1.39e-03	3.54e-01	6.35e-01	9.17e-03	3.39e-06	0.00e+00	0.00e+00	3.32e-14	1.84e-14	6.52e-15
 2.26669e+15	7.59e-14	8.11e-08	1.56e-03	3.71e-01	6.19e-01	8.26e-03	2.83e-06	0.00e+00	0.00e+00	4.32e-14	2.38e-14	8.46e-15
 2.35025e+15	9.92e-14	9.85e-08	1.77e-03	3.90e-01	6.01e-01	7.41e-03	2.35e-06	0.00e+00	0.00e+00	5.66e-14	3.10e-14	1.10e-14
 2.44137e+15	1.32e-13	1.21e-07	2.01e-03	4.09e-01	5.82e-01	6.59e-03	1.92e-06	0.00e+00	0.00e+00	7.52e-14	4.10e-14	1.46e-14
 2.52801e+15	1.70e-13	1.45e-07	2.26e-03	4.28e-01	5.64e-01	5.91e-03	1.59e-06	0.00e+00	0.00e+00	9.73e-14	5.30e-14	1.89e-14
 2.62103e+15	2.22e-13	1.76e-07	2.54e-03	4.47e-01	5.45e-01	5.27e-03	1.31e-06	0.00e+00	0.00e+00	1.27e-13	6.91e-14	2.47e-14
 2.72263e+15	2.94e-13	2.15e-07	2.88e-03	4.67e-01	5.25e-01	4.65e-03	1.06e-06	0.00e+00	0.00e+00	1.68e-13	9.11e-14	3.26e-14
 2.81936e+15	3.80e-13	2.59e-07	3.23e-03	4.87e-01	5.06e-01	4.14e-03	8.74e-07	0.00e+00	0.00e+00	2.18e-13	1.18e-13	4.20e-14
 2.92321e+15	4.95e-13	3.12e-07	3.63e-03	5.06e-01	4.86e-01	3.67e-03	0.00e+00	0.00e+00	0.00e+00	2.84e-13	1.53e-13	5.46e-14
 3.03662e+15	6.54e-13	3.81e-07	4.11e-03	5.27e-01	4.65e-01	3.21e-03	0.00e+00	0.00e+00	0.00e+00	3.76e-13	2.02e-13	7.21e-14
 3.14845e+15	8.50e-13	4.59e-07	4.60e-03	5.47e-01	4.45e-01	2.83e-03	0.00e+00	0.00e+00	0.00e+00	4.88e-13	2.62e-13	9.34e-14
 3.25911e+15	1.10e-12	5.50e-07	5.14e-03	5.67e-01	4.26e-01	2.49e-03	0.00e+00	0.00e+00	0.00e+00	6.30e-13	3.37e-13	1.20e-13
 3.38030e+15	1.43e-12	6.62e-07	5.76e-03	5.86e-01	4.06e-01	2.18e-03	0.00e+00	0.00e+00	0.00e+00	8.20e-13	4.39e-13	1.56e-13
 3.51100e+15	1.88e-12	8.05e-07	6.50e-03	6.07e-01	3.84e-01	1.89e-03	0.00e+00	0.00e+00	0.00e+00	1.08e-12	5.78e-13	2.05e-13
 3.63503e+15	2.42e-12	9.61e-07	7.23e-03	6.26e-01	3.65e-01	1.65e-03	0.00e+00	0.00e+00	0.00e+00	1.39e-12	7.43e-13	2.63e-13
 3.76856e+15	3.14e-12	1.16e-06	8.10e-03	6.45e-01	3.45e-01	1.43e-03	0.00e+00	0.00e+00	0.00e+00	1.81e-12	9.66e-13	3.42e-13
 3.91423e+15	4.14e-12	1.40e-06	9.11e-03	6.65e-01	3.25e-01	1.23e-03	0.00e+00	0.00e+00	0.00e+00	2.38e-12	1.27e-12	4.49e-13
 4.05110e+15	5.31e-12	1.67e-06	1.01e-02	6.82e-01	3.07e-01	1.07e-03	0.00e+00	0.00e+00	0.00e+00	3.06e-12	1.63e-12	5.75e-13
 4.19855e+15	6.89e-12	2.00e-06	1.13e-02	7.00e-01	2.88e-01	9.14e-04	0.00e+00	0.00e+00	0.00e+00	3.97e-12	2.12e-12	7.44e-13
 4.36140e+15	9.09e-12	2.43e-06	1.27e-02	7.18e-01	2.68e-01	7.75e-04	0.00e+00	0.00e+00	0.00e+00	5.24e-12	2.79e-12	9.79e-13
 4.51651e+15	1.17e-11	2.90e-06	1.42e-02	7.34e-01	2.51e-01	6.64e-04	0.00e+00	0.00e+00	0.00e+00	6.77e-12	3.60e-12	1.26e-12
 4.66564e+15	1.49e-11	3.43e-06	1.57e-02	7.49e-01	2.35e-01	5.72e-04	0.00e+00	0.00e+00	0.00e+00	8.61e-12	4.57e-12	1.60e-12
 4.83498e+15	1.94e-11	4.12e-06	1.76e-02	7.64e-01	2.18e-01	4.84e-04	0.00e+00	0.00e+00	0.00e+00	1.12e-11	5.95e-12	2.07e-12
 5.02144e+15	2.57e-11	5.01e-06	1.98e-02	7.79e-01	2.01e-01	4.03e-04	0.00e+00	0.00e+00	0.00e+00	1.48e-11	7.88e-12	2.74e-12
 5.20128e+15	3.34e-11	6.01e-06	2.22e-02	7.92e-01	1.85e-01	3.39e-04	0.00e+00	0.00e+00	0.00e+00	1.93e-11	1.02e-11	3.55e-12
 5.37524e+15	4.28e-11	7.14e-06	2.47e-02	8.04e-01	1.71e-01	2.87e-04	0.00e+00	0.00e+00	0.00e+00	2.47e-11	1.31e-11	4.55e-12
 5.57024e+15	5.62e-11	8.64e-06	2.78e-02	8.15e-01	1.57e-01	2.38e-04	0.00e+00	0.00e+00	0.00e+00	3.25e-11	1.72e-11	5.95e-12
 5.78216e+15	7.50e-11	1.06e-05	3.15e-02	8.26e-01	1.42e-01	1.94e-04	0.00e+00	0.00e+00	0.00e+00	4.34e-11	2.30e-11	7.93e-12
 5.98693e+15	9.84e-11	1.28e-05	3.56e-02	8.35e-01	1.29e-01	1.60e-04	0.00e+00	0.00e+00	0.00e+00	5.69e-11	3.02e-11	1.04e-11
 6.18613e+15	1.28e-10	1.53e-05	4.01e-02	8.43e-01	1.17e-01	1.32e-04	0.00e+00	0.00e+00	0.00e+00	7.39e-11	3.91e-11	1.34e-11
 6.40892e+15	1.71e-10	1.89e-05	4.58e-02	8.49e-01	1.05e-01	1.07e-04	0.00e+00	0.00e+00	0.00e+00	9.89e-11	5.24e-11	1.80e-11
 6.65624e+15	2.35e-10	2.37e-05	5.32e-02	8.54e-01	9.28e-02	8.42e-05	0.00e+00	0.00e+00	0.00e+00	1.36e-10	7.20e-11	2.46e-11
 6.88391e+15	3.13e-10	2.91e-05	6.12e-02	8.56e-01	8.24e-02	6.75e-05	0.00e+00	0.00e+00	0.00e+00	1.81e-10	9.60e-11	3.28e-11
 7.09025e+15	4.07e-10	3.52e-05	6.97e-02	8.56e-01	7.38e-02	5.51e-05	0.00e+00	0.00e+00	0.00e+00	2.36e-10	1.25e-10	4.26e-11
 7.32101e+15	5.52e-10	4.40e-05	8.13e-02	8.54e-01	6.46e-02	4.34e-05	0.00e+00	0.00e+00	0.00e+00	3.20e-10	1.69e-10	5.77e-11
 7.56574e+15	7.60e-10	5.59e-05	9.62e-02	8.48e-01	5.58e-02	3.36e-05	0.00e+00	0.00e+00	0.00e+00	4.41e-10	2.33e-10	7.95e-11
 7.77165e+15	1.00e-09	6.90e-05	1.12e-01	8.39e-01	4.88e-02	2.69e-05	0.00e+00	0.00e+00	0.00e+00	5.82e-10	3.08e-10	1.05e-10
 7.94706e+15	1.28e-09	8.33e-05	1.29e-01	8.28e-01	4.32e-02	2.19e-05	0.00e+00	0.00e+00	0.00e+00	7.44e-10	3.94e-10	1.34e-10
 8.13981e+15	1.71e-09	1.04e-04	1.51e-01	8.11e-01	3.71e-02	1.72e-05	0.00e+00	0.00e+00	0.00e+00	9.94e-10	5.27e-10	1.79e-10
 8.34159e+15	2.33e-09	1.33e-04	1.82e-01	7.87e-01	3.12e-02	1.31e-05	0.00e+00	0.00e+00	0.00e+00	1.35e-09	7.17e-10	2.44e-10
 8.50422e+15	3.05e-09	1.65e-04	2.15e-01	7.59e-01	2.65e-02	1.03e-05	0.00e+00	0.00e+00	0.00e+00	1.77e-09	9.38e-10	3.19e-10
 8.63344e+15	3.84e-09	1.99e-04	2.48e-01	7.29e-01	2.27e-02	8.26e-06	0.00e+00	0.00e+00	0.00e+00	2.23e-09	1.18e-09	4.01e-10
 8.75113e+15	4.80e-09	2.39e-04	2.86e-01	6.95e-01	1.93e-02	6.59e-06	0.00e+00	0.00e+00	0.00e+00	2.79e-09	1.48e-09	5.02e-10
 8.86686e+15	6.07e-09	2.91e-04	3.32e-01	6.52e-01	1.60e-02	5.10e-06	0.00e+00	0.00e+00	0.00e+00	3.52e-09	1.87e-09	6.34e-10
 8.97653e+15	7.68e-09	3.54e-04	3.87e-01	5.99e-01	1.29e-02	3.83e-06	0.00e+00	0.00e+00	0.00e+00	4.46e-09	2.36e-09	8.04e-10
 9.07370e+15	9.59e-09	4.27e-04	4.48e-01	5.41e-01	1.01e-02	2.82e-06	0.00e+00	0.00e+00	0.00e+00	5.57e-09	2.95e-09	1.00e-09
 9.15520e+15	1.16e-08	5.03e-04	5.10e-01	4.81e-01	7.89e-03	2.07e-06	0.00e+00	0.00e+00	0.00e+00	6.76e-09	3.58e-09	1.22e-09
 9.22166e+15	1.37e-08	5.78e-04	5.68e-01	4.25e-01	6.15e-03	1.53e-06	0.00e+00	0.00e+00	0.00e+00	7.96e-09	4.22e-09	1.44e-09
 9.28020e+15	1.59e-08	6.53e-04	6.25e-01	3.70e-01	4.71e-03	1.11e-06	0.00e+00	0.00e+00	0.00e+00	9.21e-09	4.89e-09	1.67e-09
 9.33329e+15	1.80e-08	7.27e-04	6.79e-01	3.17e-01	3.55e-03	7.92e-07	0.00e+00	0.00e+00	0.00e+00	1.05e-08	5.56e-09	1.90e-09
 9.38061e+15	2.01e-08	7.97e-04	7.28e-01	2.69e-01	2.65e-03	0.00e+00	0.00e+00	0.00e+00	0.00e+00	1.17e-08	6.20e-09	2.12e-09
 9.43315e+15	2.27e-08	8.79e-04	7.81e-01	2.16e-01	1.81e-03	0.00e+00	0.00e+00	0.00e+00	0.00e+00	1.32e-08	7.00e-09	2.39e-09
 9.49235e+15	2.56e-08	9.65e-04	8.35e-01	1.63e-01	1.12e-03	0.00e+00	0.00e+00	0.00e+00	0.00e+00	1.49e-08	7.88e-09	2.70e-09
 9.55986e+15	2.88e-08	1.06e-03	8.85e-01	1.13e-01	5.95e-04	0.00e+00	0.00e+00	0.00e+00	0.00e+00	1.67e-08	8.87e-09	3.04e-09
 9.64124e+15	3.21e-08	1.14e-03	9.28e-01	7.10e-02	2.66e-04	0.00e+00	0.00e+00	0.00e+00	0.00e+00	1.87e-08	9.92e-09	3.40e-09
 9.73331e+15	3.53e-08	1.22e-03	9.56e-01	4.31e-02	1.07e-04	0.00e+00	0.00e+00	0.00e+00	0.00e+00	2.05e-08	1.09e-08	3.74e-09
 9.84527e+15	3.86e-08	1.28e-03	9.72e-01	2.63e-02	3.94e-05	0.00e+00	0.00e+00	0.00e+00	0.00e+00	2.24e-08	1.19e-08	4.09e-09
 9.99081e+15	4.21e-08	1.34e-03	9.81e-01	1.72e-02	1.35e-05	0.00e+00	0.00e+00	0.00e+00	0.00e+00	2.45e-08	1.30e-08	4.46e-09
 1.01800e+16	4.65e-08	1.40e-03	9.86e-01	1.27e-02	4.56e-06	0.00e+00	0.00e+00	0.00e+00	0.00e+00	2.71e-08	1.44e-08	4.93e-09
 1.04260e+16	5.24e-08	1.48e-03	9.88e-01	1.06e-02	1.47e-06	0.00e+00	0.00e+00	0.00e+00	0.00e+00	3.05e-08	1.62e-08	5.56e-09
 1.07457e+16	6.08e-08	1.58e-03	9.89e-01	9.44e-03	4.28e-07	0.00e+00	0.00e+00	0.00e+00	0.00e+00	3.54e-08	1.88e-08	6.44e-09
 1.11450e+16	7.28e-08	1.71e-03	9.90e-01	8.45e-03	0.00e+00	0.00e+00	0.00e+00	0.00e+00	0.00e+00	4.23e-08	2.25e-08	7.71e-09
 1.15908e+16	8.84e-08	1.87e-03	9.91e-01	7.59e-03	0.00e+00	0.00e+00	0.00e+00	0.00e+00	0.00e+00	5.14e-08	2.73e-08	9.36e-09
 1.20344e+16	1.07e-07	2.03e-03	9.91e-01	6.86e-03	0.00e+00	0.00e+00	0.00e+00	0.00e+00	0.00e+00	6.21e-08	3.30e-08	1.13e-08
 1.24666e+16	1.28e-07	2.19e-03	9.92e-01	6.24e-03	0.00e+00	0.00e+00	0.00e+00	0.00e+00	0.00e+00	7.42e-08	3.94e-08	1.35e-08
 1.28764e+16	1.51e-07	2.36e-03	9.92e-01	5.73e-03	0.00e+00	0.00e+00	0.00e+00	0.00e+00	0.00e+00	8.79e-08	4.67e-08	1.60e-08
 1.32583e+16	1.76e-07	2.52e-03	9.92e-01	5.28e-03	0.00e+00	0.00e+00	0.00e+00	0.00e+00	0.00e+00	1.03e-07	5.45e-08	1.87e-08
 1.36905e+16	2.10e-07	2.72e-03	9.92e-01	4.84e-03	0.00e+00	0.00e+00	0.00e+00	0.00e+00	0.00e+00	1.22e-07	6.49e-08	2.22e-08
 1.41734e+16	2.54e-07	2.95e-03	9.93e-01	4.40e-03	0.00e+00	0.00e+00	0.00e+00	0.00e+00	0.00e+00	1.48e-07	7.86e-08	2.69e-08
 1.46259e+16	3.04e-07	3.18e-03	9.93e-01	4.02e-03	0.00e+00	0.00e+00	0.00e+00	0.00e+00	0.00e+00	1.77e-07	9.41e-08	3.22e-08
 1.50515e+16	3.59e-07	3.41e-03	9.93e-01	3.71e-03	0.00e+00	0.00e+00	0.00e+00	0.00e+00	0.00e+00	2.09e-07	1.11e-07	3.80e-08
 1.55382e+16	4.36e-07	3.69e-03	9.93e-01	3.39e-03	0.00e+00	0.00e+00	0.00e+00	0.00e+00	0.00e+00	2.54e-07	1.35e-07	4.61e-08
 1.60779e+16	5.38e-07	4.01e-03	9.93e-01	3.06e-03	0.00e+00	0.00e+00	0.00e+00	0.00e+00	0.00e+00	3.13e-07	1.66e-07	5.69e-08
 1.65831e+16	6.56e-07	4.35e-03	9.93e-01	2.79e-03	0.00e+00	0.00e+00	0.00e+00	0.00e+00	0.00e+00	3.82e-07	2.03e-07	6.94e-08
 1.70624e+16	7.96e-07	4.69e-03	9.93e-01	2.56e-03	0.00e+00	0.00e+00	0.00e+00	0.00e+00	0.00e+00	4.63e-07	2.46e-07	8.42e-08
 1.76119e+16	9.98e-07	5.12e-03	9.93e-01	2.33e-03	0.00e+00	0.00e+00	0.00e+00	0.00e+00	0.00e+00	5.80e-07	3.09e-07	1.06e-07
 1.82134e+16	1.28e-06	5.63e-03	9.92e-01	2.10e-03	0.00e+00	0.00e+00	0.00e+00	0.00e+00	0.00e+00	7.44e-07	3.97e-07	1.35e-07
 1.87586e+16	1.62e-06	6.14e-03	9.92e-01	1.91e-03	0.00e+00	0.00e+00	0.00e+00	0.00e+00	0.00e+00	9.40e-07	5.01e-07	1.71e-07
 1.92637e+16	2.03e-06	6.66e-03	9.92e-01	1.76e-03	0.00e+00	0.00e+00	0.00e+00	0.00e+00	0.00e+00	1.18e-06	6.28e-07	2.14e-07
 1.98408e+16	2.66e-06	7.35e-03	9.91e-01	1.59e-03	0.00e+00	0.00e+00	0.00e+00	0.00e+00	0.00e+00	1.54e-06	8.24e-07	2.81e-07
 2.04665e+16	3.62e-06	8.20e-03	9.90e-01	1.43e-03	0.00e+00	0.00e+00	0.00e+00	0.00e+00	0.00e+00	2.10e-06	1.12e-06	3.82e-07
 2.10193e+16	4.85e-06	9.10e-03	9.90e-01	1.30e-03	0.00e+00	0.00e+00	0.00e+00	0.00e+00	0.00e+00	2.82e-06	1.50e-06	5.11e-07
 2.15134e+16	6.43e-06	1.00e-02	9.89e-01	1.19e-03	0.00e+00	0.00e+00	0.00e+00	0.00e+00	0.00e+00	3.74e-06	1.99e-06	6.78e-07
 2.19879e+16	8.61e-06	1.11e-02	9.88e-01	1.08e-03	0.00e+00	0.00e+00	0.00e+00	0.00e+00	0.00e+00	5.00e-06	2.67e-06	9.07e-07
 2.24501e+16	1.18e-05	1.25e-02	9.87e-01	9.85e-04	0.00e+00	0.00e+00	0.00e+00	0.00e+00	0.00e+00	6.83e-06	3.64e-06	1.24e-06
 2.28896e+16	1.63e-05	1.40e-02	9.85e-01	8.95e-04	0.00e+00	0.00e+00	0.00e+00	0.00e+00	0.00e+00	9.44e-06	5.03e-06	1.71e-06
 2.32682e+16	2.21e-05	1.57e-02	9.83e-01	8.13e-04	0.00e+00	0.00e+00	0.00e+00	0.00e+00	0.00e+00	1.28e-05	6.83e-06	2.32e-06
 2.35962e+16	2.96e-05	1.76e-02	9.82e-01	7.43e-04	0.00e+00	0.00e+00	0.00e+00	0.00e+00	0.00e+00	1.72e-05	9.15e-06	3.11e-06
 2.39161e+16	4.05e-05	1.99e-02	9.79e-01	6.69e-04	0.00e+00	0.00e+00	0.00e+00	0.00e+00	0.00e+00	2.35e-05	1.25e-05	4.25e-06
 2.41424e+16	5.12e-05	2.19e-02	9.77e-01	6.22e-04	0.00e+00	0.00e+00	0.00e+00	0.00e+00	0.00e+00	2.97e-05	1.58e-05	5.37e-06
 2.42489e+16	5.76e-05	2.30e-02	9.76e-01	5.89e-04	0.00e+00	0.00e+00	0.00e+00	0.00e+00	0.00e+00	3.35e-05	1.78e-05	6.04e-06
 2.43398e+16	6.41e-05	2.40e-02	9.75e-01	5.77e-04	0.00e+00	0.00e+00	0.00e+00	0.00e+00	0.00e+00	3.72e-05	1.98e-05	6.72e-06
 2.44579e+16	7.40e-05	2.55e-02	9.74e-01	5.49e-04	0.00e+00	0.00e+00	0.00e+00	0.00e+00	0.00e+00	4.30e-05	2.29e-05	7.75e-06
 2.46114e+16	9.02e-05	2.78e-02	9.72e-01	5.11e-04	0.00e+00	0.00e+00	0.00e+00	0.00e+00	0.00e+00	5.24e-05	2.79e-05	9.45e-06
 2.47613e+16	1.10e-04	3.03e-02	9.69e-01	4.76e-04	0.00e+00	0.00e+00	0.00e+00	0.00e+00	0.00e+00	6.40e-05	3.40e-05	1.15e-05
 2.48646e+16	1.27e-04	3.24e-02	9.67e-01	4.49e-04	0.00e+00	0.00e+00	0.00e+00	0.00e+00	0.00e+00	7.39e-05	3.93e-05	1.33e-05
 2.49418e+16	1.42e-04	3.41e-02	9.65e-01	4.31e-04	0.00e+00	0.00e+00	0.00e+00	0.00e+00	0.00e+00	8.28e-05	4.40e-05	1.49e-05
 2.50269e+16	1.63e-04	3.62e-02	9.63e-01	4.09e-04	0.00e+00	0.00e+00	0.00e+00	0.00e+00	0.00e+00	9.46e-05	5.03e-05	1.70e-05
 2.51376e+16	1.95e-04	3.93e-02	9.60e-01	3.81e-04	0.00e+00	0.00e+00	0.00e+00	0.00e+00	0.00e+00	1.13e-04	6.01e-05	2.04e-05
 2.52452e+16	2.33e-04	4.27e-02	9.57e-01	3.55e-04	0.00e+00	0.00e+00	0.00e+00	0.00e+00	0.00e+00	1.35e-04	7.19e-05	2.43e-05
 2.53234e+16	2.67e-04	4.55e-02	9.54e-01	3.36e-04	0.00e+00	0.00e+00	0.00e+00	0.00e+00	0.00e+00	1.55e-04	8.24e-05	2.79e-05
 2.53889e+16	3.01e-04	4.82e-02	9.51e-01	3.19e-04	0.00e+00	0.00e+00	0.00e+00	0.00e+00	0.00e+00	1.75e-04	9.29e-05	3.14e-05
 2.54632e+16	3.48e-04	5.17e-02	9.48e-01	2.99e-04	0.00e+00	0.00e+00	0.00e+00	0.00e+00	0.00e+00	2.02e-04	1.07e-04	3.64e-05
 2.55442e+16	4.09e-04	5.58e-02	9.43e-01	2.79e-04	0.00e+00	0.00e+00	0.00e+00	0.00e+00	0.00e+00	2.38e-04	1.26e-04	4.27e-05
 2.56159e+16	4.74e-04	6.00e-02	9.39e-01	2.61e-04	0.00e+00	0.00e+00	0.00e+00	0.00e+00	0.00e+00	2.75e-04	1.46e-04	4.95e-05
 2.56781e+16	5.43e-04	6.42e-02	9.35e-01	2.45e-04	0.00e+00	0.00e+00	0.00e+00	0.00e+00	0.00e+00	3.16e-04	1.68e-04	5.67e-05
 2.57461e+16	6.35e-04	6.93e-02	9.30e-01	2.28e-04	0.00e+00	0.00e+00	0.00e+00	0.00e+00	0.00e+00	3.69e-04	1.96e-04	6.62e-05
 2.58181e+16	7.52e-04	7.54e-02	9.24e-01	2.11e-04	0.00e+00	0.00e+00	0.00e+00	0.00e+00	0.00e+00	4.37e-04	2.32e-04	7.84e-05
 2.58784e+16	8.72e-04	8.13e-02	9.18e-01	1.96e-04	0.00e+00	0.00e+00	0.00e+00	0.00e+00	0.00e+00	5.07e-04	2.69e-04	9.10e-05
 2.59303e+16	9.97e-04	8.69e-02	9.12e-01	1.84e-04	0.00e+00	0.00e+00	0.00e+00	0.00e+00	0.00e+00	5.79e-04	3.07e-04	1.04e-04
 2.59883e+16	1.17e-03	9.42e-02	9.04e-01	1.69e-04	0.00e+00	0.00e+00	0.00e+00	0.00e+00	0.00e+00	6.79e-04	3.60e-04	1.22e-04
 2.60500e+16	1.39e-03	1.03e-01	8.96e-01	1.55e-04	0.00e+00	0.00e+00	0.00e+00	0.00e+00	0.00e+00	8.06e-04	4.27e-04	1.44e-04
 2.61027e+16	1.62e-03	1.11e-01	8.87e-01	1.42e-04	0.00e+00	0.00e+00	0.00e+00	0.00e+00	0.00e+00	9.40e-04	4.98e-04	1.68e-04
 2.61488e+16	1.86e-03	1.20e-01	8.78e-01	1.33e-04	0.00e+00	0.00e+00	0.00e+00	0.00e+00	0.00e+00	1.08e-03	5.73e-04	1.94e-04
 2.62002e+16	2.19e-03	1.30e-01	8.68e-01	1.20e-04	0.00e+00	0.00e+00	0.00e+00	0.00e+00	0.00e+00	1.28e-03	6.76e-04	2.29e-04
 2.62551e+16	2.63e-03	1.43e-01	8.54e-01	1.09e-04	0.00e+00	0.00e+00	0.00e+00	0.00e+00	0.00e+00	1.53e-03	8.09e-04	2.73e-04
 2.63021e+16	3.09e-03	1.55e-01	8.42e-01	9.86e-05	0.00e+00	0.00e+00	0.00e+00	0.00e+00	0.00e+00	1.80e-03	9.51e-04	3.21e-04
 2.63435e+16	3.58e-03	1.68e-01	8.29e-01	8.98e-05	0.00e+00	0.00e+00	0.00e+00	0.00e+00	0.00e+00	2.09e-03	1.10e-03	3.73e-04
 2.63901e+16	4.28e-03	1.84e-01	8.12e-01	8.05e-05	0.00e+00	0.00e+00	0.00e+00	0.00e+00	0.00e+00	2.49e-03	1.32e-03	4.45e-04
 2.64403e+16	5.20e-03	2.03e-01	7.92e-01	7.06e-05	0.00e+00	0.00e+00	0.00e+00	0.00e+00	0.00e+00	3.02e-03	1.60e-03	5.41e-04
 2.64842e+16	6.22e-03	2.22e-01	7.71e-01	6.21e-05	0.00e+00	0.00e+00	0.00e+00	0.00e+00	0.00e+00	3.62e-03	1.91e-03	6.47e-04
 2.65234e+16	7.34e-03	2.42e-01	7.51e-01	5.52e-05	0.00e+00	0.00e+00	0.00e+00	0.00e+00	0.00e+00	4.27e-03	2.26e-03	7.63e-04
 2.65675e+16	8.97e-03	2.67e-01	7.24e-01	4.72e-05	0.00e+00	0.00e+00	0.00e+00	0.00e+00	0.00e+00	5.22e-03	2.76e-03	9.33e-04
 2.66150e+16	1.12e-02	2.98e-01	6.91e-01	3.97e-05	0.00e+00	0.00e+00	0.00e+00	0.00e+00	0.00e+00	6.50e-03	3.43e-03	1.16e-03
 2.66559e+16	1.36e-02	3.28e-01	6.58e-01	3.35e-05	0.00e+00	0.00e+00	0.00e+00	0.00e+00	0.00e+00	7.93e-03	4.19e-03	1.41e-03
 2.66912e+16	1.63e-02	3.57e-01	6.27e-01	2.84e-05	0.00e+00	0.00e+00	0.00e+00	0.00e+00	0.00e+00	9.47e-03	5.00e-03	1.69e-03
