#depth	He	He+	He+2
 1.49634e+10	8.05e-23	7.12e-11	1.00e+00
 4.54887e+10	8.96e-23	7.71e-11	1.00e+00
 7.72350e+10	9.97e-23	8.34e-11	1.00e+00
 1.10251e+11	1.11e-22	9.03e-11	1.00e+00
 1.44588e+11	1.24e-22	9.78e-11	1.00e+00
 1.80298e+11	1.38e-22	1.06e-10	1.00e+00
 2.17437e+11	1.53e-22	1.15e-10	1.00e+00
 2.56061e+11	1.71e-22	1.24e-10	1.00e+00
 2.96231e+11	1.91e-22	1.35e-10	1.00e+00
 3.38007e+11	2.13e-22	1.46e-10	1.00e+00
 3.81454e+11	2.38e-22	1.58e-10	1.00e+00
 4.26639e+11	2.67e-22	1.71e-10	1.00e+00
 4.73631e+11	2.99e-22	1.85e-10	1.00e+00
 5.22503e+11	3.35e-22	2.01e-10	1.00e+00
 5.73330e+11	3.76e-22	2.18e-10	1.00e+00
 6.26190e+11	4.23e-22	2.36e-10	1.00e+00
 6.81164e+11	4.76e-22	2.56e-10	1.00e+00
 7.38337e+11	5.37e-22	2.77e-10	1.00e+00
 7.97798e+11	6.06e-22	3.01e-10	1.00e+00
 8.59636e+11	6.85e-22	3.26e-10	1.00e+00
 9.23949e+11	7.76e-22	3.54e-10	1.00e+00
 9.90833e+11	8.79e-22	3.84e-10	1.00e+00
 1.06039e+12	9.98e-22	4.17e-10	1.00e+00
 1.13274e+12	1.13e-21	4.53e-10	1.00e+00
 1.20797e+12	1.29e-21	4.92e-10	1.00e+00
 1.28622e+12	1.47e-21	5.34e-10	1.00e+00
 1.36759e+12	1.68e-21	5.80e-10	1.00e+00
 1.45222e+12	1.92e-21	6.31e-10	1.00e+00
 1.54024e+12	2.20e-21	6.86e-10	1.00e+00
 1.63178e+12	2.53e-21	7.45e-10	1.00e+00
 1.72697e+12	2.91e-21	8.11e-10	1.00e+00
 1.82598e+12	3.34e-21	8.82e-10	1.00e+00
 1.92895e+12	3.85e-21	9.60e-10	1.00e+00
 2.03603e+12	4.45e-21	1.04e-09	1.00e+00
 2.14740e+12	5.14e-21	1.14e-09	1.00e+00
 2.26322e+12	5.95e-21	1.24e-09	1.00e+00
 2.38368e+12	6.90e-21	1.35e-09	1.00e+00
 2.50895e+12	8.01e-21	1.47e-09	1.00e+00
 2.63924e+12	9.32e-21	1.60e-09	1.00e+00
 2.77473e+12	1.09e-20	1.75e-09	1.00e+00
 2.91565e+12	1.27e-20	1.91e-09	1.00e+00
 3.06220e+12	1.48e-20	2.08e-09	1.00e+00
 3.21461e+12	1.73e-20	2.27e-09	1.00e+00
 3.37313e+12	2.03e-20	2.48e-09	1.00e+00
 3.53798e+12	2.38e-20	2.71e-09	1.00e+00
 3.70942e+12	2.79e-20	2.96e-09	1.00e+00
 3.88773e+12	3.29e-20	3.23e-09	1.00e+00
 4.07316e+12	3.88e-20	3.53e-09	1.00e+00
 4.26602e+12	4.57e-20	3.86e-09	1.00e+00
 4.46658e+12	5.41e-20	4.23e-09	1.00e+00
 4.67517e+12	6.40e-20	4.63e-09	1.00e+00
 4.89211e+12	7.58e-20	5.07e-09	1.00e+00
 5.11772e+12	9.00e-20	5.55e-09	1.00e+00
 5.35235e+12	1.07e-19	6.08e-09	1.00e+00
 5.59638e+12	1.27e-19	6.66e-09	1.00e+00
 5.85016e+12	1.52e-19	7.30e-09	1.00e+00
 6.11409e+12	1.81e-19	8.00e-09	1.00e+00
 6.38858e+12	2.16e-19	8.78e-09	1.00e+00
 6.67405e+12	2.59e-19	9.63e-09	1.00e+00
 6.97094e+12	3.10e-19	1.06e-08	1.00e+00
 7.27970e+12	3.71e-19	1.16e-08	1.00e+00
 7.60082e+12	4.45e-19	1.27e-08	1.00e+00
 7.93478e+12	5.34e-19	1.40e-08	1.00e+00
 8.28210e+12	6.41e-19	1.54e-08	1.00e+00
 8.64331e+12	7.71e-19	1.69e-08	1.00e+00
 9.01897e+12	9.27e-19	1.86e-08	1.00e+00
 9.40965e+12	1.12e-18	2.04e-08	1.00e+00
 9.81596e+12	1.34e-18	2.24e-08	1.00e+00
 1.02385e+13	1.61e-18	2.47e-08	1.00e+00
 1.06780e+13	1.94e-18	2.71e-08	1.00e+00
 1.11350e+13	2.34e-18	2.98e-08	1.00e+00
 1.16104e+13	2.81e-18	3.27e-08	1.00e+00
 1.21047e+13	3.39e-18	3.60e-08	1.00e+00
 1.26188e+13	4.07e-18	3.95e-08	1.00e+00
 1.31535e+13	4.90e-18	4.34e-08	1.00e+00
 1.37096e+13	5.89e-18	4.76e-08	1.00e+00
 1.42879e+13	7.08e-18	5.23e-08	1.00e+00
 1.48893e+13	8.50e-18	5.74e-08	1.00e+00
 1.55148e+13	1.02e-17	6.30e-08	1.00e+00
 1.61653e+13	1.22e-17	6.90e-08	1.00e+00
 1.68419e+13	1.47e-17	7.57e-08	1.00e+00
 1.75455e+13	1.76e-17	8.29e-08	1.00e+00
 1.82772e+13	2.10e-17	9.09e-08	1.00e+00
 1.90383e+13	2.52e-17	9.95e-08	1.00e+00
 1.98297e+13	3.01e-17	1.09e-07	1.00e+00
 2.06528e+13	3.60e-17	1.19e-07	1.00e+00
 2.15089e+13	4.29e-17	1.30e-07	1.00e+00
 2.23991e+13	5.13e-17	1.43e-07	1.00e+00
 2.33250e+13	6.12e-17	1.56e-07	1.00e+00
 2.42880e+13	7.29e-17	1.70e-07	1.00e+00
 2.52894e+13	8.69e-17	1.86e-07	1.00e+00
 2.63070e+13	1.03e-16	2.03e-07	1.00e+00
 2.73652e+13	1.22e-16	2.21e-07	1.00e+00
 2.84898e+13	1.46e-16	2.42e-07	1.00e+00
 2.96593e+13	1.73e-16	2.64e-07	1.00e+00
 3.08756e+13	2.06e-16	2.88e-07	1.00e+00
 3.21405e+13	2.45e-16	3.14e-07	1.00e+00
 3.34561e+13	2.91e-16	3.42e-07	1.00e+00
 3.48242e+13	3.46e-16	3.73e-07	1.00e+00
 3.62471e+13	4.10e-16	4.07e-07	1.00e+00
 3.77270e+13	4.87e-16	4.44e-07	1.00e+00
 3.92660e+13	5.77e-16	4.83e-07	1.00e+00
 4.08665e+13	6.84e-16	5.27e-07	1.00e+00
 4.25311e+13	8.11e-16	5.74e-07	1.00e+00
 4.42623e+13	9.61e-16	6.25e-07	1.00e+00
 4.60627e+13	1.14e-15	6.80e-07	1.00e+00
 4.79351e+13	1.35e-15	7.40e-07	1.00e+00
 4.98825e+13	1.59e-15	8.05e-07	1.00e+00
 5.19077e+13	1.89e-15	8.76e-07	1.00e+00
 5.40139e+13	2.23e-15	9.54e-07	1.00e+00
 5.62044e+13	2.64e-15	1.04e-06	1.00e+00
 5.84825e+13	3.12e-15	1.13e-06	1.00e+00
 6.08517e+13	3.68e-15	1.23e-06	1.00e+00
 6.33157e+13	4.35e-15	1.33e-06	1.00e+00
 6.58783e+13	5.15e-15	1.45e-06	1.00e+00
 6.85433e+13	6.08e-15	1.58e-06	1.00e+00
 7.13150e+13	7.18e-15	1.71e-06	1.00e+00
 7.41975e+13	8.47e-15	1.86e-06	1.00e+00
 7.71954e+13	1.00e-14	2.02e-06	1.00e+00
 8.03131e+13	1.18e-14	2.20e-06	1.00e+00
 8.35556e+13	1.39e-14	2.39e-06	1.00e+00
 8.69277e+13	1.64e-14	2.60e-06	1.00e+00
 9.04347e+13	1.94e-14	2.82e-06	1.00e+00
 9.40821e+13	2.29e-14	3.06e-06	1.00e+00
 9.78753e+13	2.70e-14	3.33e-06	1.00e+00
 1.01820e+14	3.18e-14	3.61e-06	1.00e+00
 1.05923e+14	3.76e-14	3.92e-06	1.00e+00
 1.10190e+14	4.43e-14	4.26e-06	1.00e+00
 1.14627e+14	5.22e-14	4.63e-06	1.00e+00
 1.19242e+14	6.15e-14	5.02e-06	1.00e+00
 1.24042e+14	7.24e-14	5.45e-06	1.00e+00
 1.29034e+14	8.53e-14	5.92e-06	1.00e+00
 1.34225e+14	1.01e-13	6.42e-06	1.00e+00
 1.39624e+14	1.18e-13	6.97e-06	1.00e+00
 1.45239e+14	1.39e-13	7.57e-06	1.00e+00
 1.51078e+14	1.64e-13	8.21e-06	1.00e+00
 1.57151e+14	1.93e-13	8.91e-06	1.00e+00
 1.63467e+14	2.28e-13	9.67e-06	1.00e+00
 1.70036e+14	2.68e-13	1.05e-05	1.00e+00
 1.76699e+14	3.14e-13	1.14e-05	1.00e+00
 1.83628e+14	3.68e-13	1.23e-05	1.00e+00
 1.91003e+14	4.33e-13	1.33e-05	1.00e+00
 1.98673e+14	5.10e-13	1.45e-05	1.00e+00
 2.06650e+14	6.00e-13	1.57e-05	1.00e+00
 2.14946e+14	7.06e-13	1.70e-05	1.00e+00
 2.23574e+14	8.30e-13	1.85e-05	1.00e+00
 2.32547e+14	9.76e-13	2.00e-05	1.00e+00
 2.41879e+14	1.15e-12	2.17e-05	1.00e+00
 2.51584e+14	1.35e-12	2.36e-05	1.00e+00
 2.61677e+14	1.59e-12	2.55e-05	1.00e+00
 2.72174e+14	1.86e-12	2.77e-05	1.00e+00
 2.83091e+14	2.19e-12	3.00e-05	1.00e+00
 2.94445e+14	2.57e-12	3.25e-05	1.00e+00
 3.06252e+14	3.02e-12	3.53e-05	1.00e+00
 3.18532e+14	3.54e-12	3.82e-05	1.00e+00
 3.31304e+14	4.16e-12	4.14e-05	1.00e+00
 3.44586e+14	4.88e-12	4.48e-05	1.00e+00
 3.58399e+14	5.73e-12	4.86e-05	1.00e+00
 3.72765e+14	6.72e-12	5.26e-05	1.00e+00
 3.87705e+14	7.88e-12	5.70e-05	1.00e+00
 4.03244e+14	9.24e-12	6.17e-05	1.00e+00
 4.19403e+14	1.08e-11	6.68e-05	1.00e+00
 4.36209e+14	1.27e-11	7.23e-05	1.00e+00
 4.53688e+14	1.49e-11	7.83e-05	1.00e+00
 4.71865e+14	1.74e-11	8.48e-05	1.00e+00
 4.90770e+14	2.04e-11	9.17e-05	1.00e+00
 5.10430e+14	2.39e-11	9.93e-05	1.00e+00
 5.30877e+14	2.80e-11	1.07e-04	1.00e+00
 5.52142e+14	3.28e-11	1.16e-04	1.00e+00
 5.74258e+14	3.84e-11	1.26e-04	1.00e+00
 5.97258e+14	4.49e-11	1.36e-04	1.00e+00
 6.21178e+14	5.26e-11	1.47e-04	1.00e+00
 6.46056e+14	6.16e-11	1.60e-04	1.00e+00
 6.71928e+14	7.21e-11	1.73e-04	1.00e+00
 6.98835e+14	8.44e-11	1.87e-04	1.00e+00
 7.26818e+14	9.88e-11	2.02e-04	1.00e+00
 7.55921e+14	1.16e-10	2.19e-04	1.00e+00
 7.86187e+14	1.35e-10	2.37e-04	1.00e+00
 8.17665e+14	1.58e-10	2.56e-04	1.00e+00
 8.50401e+14	1.85e-10	2.77e-04	1.00e+00
 8.84447e+14	2.17e-10	3.00e-04	1.00e+00
 9.19855e+14	2.54e-10	3.24e-04	1.00e+00
 9.54710e+14	2.94e-10	3.49e-04	1.00e+00
 9.90958e+14	3.42e-10	3.76e-04	1.00e+00
 1.03063e+15	4.00e-10	4.07e-04	1.00e+00
 1.07041e+15	4.65e-10	4.39e-04	1.00e+00
 1.11178e+15	5.41e-10	4.74e-04	1.00e+00
 1.15628e+15	6.33e-10	5.12e-04	9.99e-01
 1.20257e+15	7.40e-10	5.54e-04	9.99e-01
 1.25070e+15	8.65e-10	5.99e-04	9.99e-01
 1.30076e+15	1.01e-09	6.48e-04	9.99e-01
 1.35282e+15	1.18e-09	7.01e-04	9.99e-01
 1.40696e+15	1.38e-09	7.58e-04	9.99e-01
 1.46327e+15	1.61e-09	8.19e-04	9.99e-01
 1.52183e+15	1.88e-09	8.86e-04	9.99e-01
 1.58273e+15	2.20e-09	9.58e-04	9.99e-01
 1.64607e+15	2.57e-09	1.04e-03	9.99e-01
 1.70717e+15	2.97e-09	1.11e-03	9.99e-01
 1.76380e+15	3.38e-09	1.19e-03	9.99e-01
 1.82748e+15	3.90e-09	1.27e-03	9.99e-01
 1.89898e+15	4.53e-09	1.38e-03	9.99e-01
 1.96726e+15	5.22e-09	1.48e-03	9.99e-01
 2.03250e+15	5.93e-09	1.57e-03	9.98e-01
 2.10643e+15	6.84e-09	1.69e-03	9.98e-01
 2.18849e+15	7.96e-09	1.82e-03	9.98e-01
 2.26669e+15	9.15e-09	1.95e-03	9.98e-01
 2.35025e+15	1.06e-08	2.10e-03	9.98e-01
 2.44137e+15	1.23e-08	2.27e-03	9.98e-01
 2.52801e+15	1.41e-08	2.43e-03	9.98e-01
 2.62103e+15	1.63e-08	2.61e-03	9.97e-01
 2.72263e+15	1.90e-08	2.81e-03	9.97e-01
 2.81936e+15	2.18e-08	3.02e-03	9.97e-01
 2.92321e+15	2.52e-08	3.25e-03	9.97e-01
 3.03662e+15	2.94e-08	3.50e-03	9.96e-01
 3.14845e+15	3.39e-08	3.77e-03	9.96e-01
 3.25911e+15	3.90e-08	4.04e-03	9.96e-01
 3.38030e+15	4.52e-08	4.35e-03	9.96e-01
 3.51100e+15	5.28e-08	4.71e-03	9.95e-01
 3.63503e+15	6.08e-08	5.05e-03	9.95e-01
 3.76856e+15	7.06e-08	5.45e-03	9.95e-01
 3.91423e+15	8.24e-08	5.89e-03	9.94e-01
 4.05110e+15	9.50e-08	6.33e-03	9.94e-01
 4.19855e+15	1.10e-07	6.84e-03	9.93e-01
 4.36140e+15	1.30e-07	7.43e-03	9.93e-01
 4.51651e+15	1.50e-07	8.02e-03	9.92e-01
 4.66564e+15	1.73e-07	8.62e-03	9.91e-01
 4.83498e+15	2.02e-07	9.36e-03	9.91e-01
 5.02144e+15	2.38e-07	1.02e-02	9.90e-01
 5.20128e+15	2.79e-07	1.11e-02	9.89e-01
 5.37524e+15	3.23e-07	1.20e-02	9.88e-01
 5.57024e+15	3.82e-07	1.32e-02	9.87e-01
 5.78216e+15	4.56e-07	1.46e-02	9.85e-01
 5.98693e+15	5.40e-07	1.61e-02	9.84e-01
 6.18613e+15	6.36e-07	1.77e-02	9.82e-01
 6.40892e+15	7.68e-07	1.98e-02	9.80e-01
 6.65624e+15	9.44e-07	2.25e-02	9.78e-01
 6.88391e+15	1.15e-06	2.54e-02	9.75e-01
 7.09025e+15	1.37e-06	2.86e-02	9.71e-01
 7.32101e+15	1.70e-06	3.30e-02	9.67e-01
 7.56574e+15	2.14e-06	3.87e-02	9.61e-01
 7.77165e+15	2.63e-06	4.48e-02	9.55e-01
 7.94706e+15	3.18e-06	5.16e-02	9.48e-01
 8.13981e+15	3.99e-06	6.13e-02	9.39e-01
 8.34159e+15	5.15e-06	7.48e-02	9.25e-01
 8.50422e+15	6.50e-06	9.01e-02	9.10e-01
 8.63344e+15	8.00e-06	1.07e-01	8.93e-01
 8.75113e+15	9.85e-06	1.27e-01	8.73e-01
 8.86686e+15	1.24e-05	1.54e-01	8.46e-01
 8.97653e+15	1.57e-05	1.89e-01	8.11e-01
 9.07370e+15	1.99e-05	2.33e-01	7.67e-01
 9.15520e+15	2.49e-05	2.83e-01	7.17e-01
 9.22166e+15	3.02e-05	3.37e-01	6.63e-01
 9.28020e+15	3.61e-05	3.96e-01	6.04e-01
 9.33329e+15	4.26e-05	4.60e-01	5.40e-01
 9.38061e+15	4.92e-05	5.25e-01	4.75e-01
 9.43315e+15	5.77e-05	6.04e-01	3.96e-01
 9.49235e+15	6.74e-05	6.94e-01	3.06e-01
 9.55986e+15	7.82e-05	7.88e-01	2.12e-01
 9.64124e+15	8.88e-05	8.74e-01	1.26e-01
 9.73331e+15	9.73e-05	9.34e-01	6.60e-02
 9.84527e+15	1.04e-04	9.69e-01	3.04e-02
 9.99081e+15	1.09e-04	9.88e-01	1.20e-02
 1.01800e+16	1.15e-04	9.96e-01	4.16e-03
 1.04260e+16	1.21e-04	9.99e-01	1.29e-03
 1.07457e+16	1.29e-04	1.00e+00	3.61e-04
 1.11450e+16	1.39e-04	1.00e+00	9.54e-05
 1.15908e+16	1.51e-04	1.00e+00	2.71e-05
 1.20344e+16	1.63e-04	1.00e+00	9.24e-06
 1.24666e+16	1.75e-04	1.00e+00	3.69e-06
 1.28764e+16	1.88e-04	1.00e+00	1.71e-06
 1.32583e+16	2.00e-04	1.00e+00	8.99e-07
 1.36905e+16	2.15e-04	1.00e+00	4.68e-07
 1.41734e+16	2.32e-04	1.00e+00	2.50e-07
 1.46259e+16	2.50e-04	1.00e+00	1.52e-07
 1.50515e+16	2.67e-04	1.00e+00	1.02e-07
 1.55382e+16	2.89e-04	1.00e+00	7.02e-08
 1.60779e+16	3.13e-04	1.00e+00	4.95e-08
 1.65831e+16	3.38e-04	1.00e+00	3.80e-08
 1.70624e+16	3.65e-04	1.00e+00	3.08e-08
 1.76119e+16	3.98e-04	1.00e+00	2.51e-08
 1.82134e+16	4.37e-04	1.00e+00	2.01e-08
 1.87586e+16	4.76e-04	1.00e+00	1.69e-08
 1.92637e+16	5.17e-04	9.99e-01	1.47e-08
 1.98408e+16	5.70e-04	9.99e-01	1.26e-08
 2.04665e+16	6.34e-04	9.99e-01	1.05e-08
 2.10193e+16	6.99e-04	9.99e-01	9.09e-09
 2.15134e+16	7.67e-04	9.99e-01	8.08e-09
 2.19879e+16	8.40e-04	9.99e-01	7.20e-09
 2.24501e+16	9.20e-04	9.99e-01	6.42e-09
 2.28896e+16	1.02e-03	9.99e-01	5.76e-09
 2.32682e+16	1.11e-03	9.99e-01	5.23e-09
 2.35962e+16	1.22e-03	9.99e-01	4.86e-09
 2.39161e+16	1.34e-03	9.99e-01	4.49e-09
 2.41424e+16	1.43e-03	9.99e-01	4.16e-09
 2.42489e+16	1.48e-03	9.99e-01	4.11e-09
 2.43398e+16	1.53e-03	9.98e-01	4.06e-09
 2.44579e+16	1.60e-03	9.98e-01	3.94e-09
 2.46114e+16	1.69e-03	9.98e-01	3.78e-09
 2.47613e+16	1.79e-03	9.98e-01	3.59e-09
 2.48646e+16	1.87e-03	9.98e-01	3.49e-09
 2.49418e+16	1.93e-03	9.98e-01	3.43e-09
 2.50269e+16	2.01e-03	9.98e-01	3.36e-09
 2.51376e+16	2.12e-03	9.98e-01	3.26e-09
 2.52452e+16	2.23e-03	9.98e-01	3.12e-09
 2.53234e+16	2.32e-03	9.98e-01	3.06e-09
 2.53889e+16	2.41e-03	9.98e-01	3.01e-09
 2.54632e+16	2.51e-03	9.97e-01	2.94e-09
 2.55442e+16	2.64e-03	9.97e-01	2.85e-09
 2.56159e+16	2.76e-03	9.97e-01	2.78e-09
 2.56781e+16	2.87e-03	9.97e-01	2.72e-09
 2.57461e+16	3.01e-03	9.97e-01	2.67e-09
 2.58181e+16	3.18e-03	9.97e-01	2.58e-09
 2.58784e+16	3.33e-03	9.97e-01	2.52e-09
 2.59303e+16	3.47e-03	9.97e-01	2.47e-09
 2.59883e+16	3.65e-03	9.96e-01	2.42e-09
 2.60500e+16	3.85e-03	9.96e-01	2.35e-09
 2.61027e+16	4.05e-03	9.96e-01	2.29e-09
 2.61488e+16	4.24e-03	9.96e-01	2.25e-09
 2.62002e+16	4.48e-03	9.96e-01	2.20e-09
 2.62551e+16	4.75e-03	9.95e-01	2.13e-09
 2.63021e+16	5.02e-03	9.95e-01	2.07e-09
 2.63435e+16	5.29e-03	9.95e-01	2.03e-09
 2.63901e+16	5.63e-03	9.94e-01	1.98e-09
 2.64403e+16	6.04e-03	9.94e-01	1.90e-09
 2.64842e+16	6.44e-03	9.94e-01	1.84e-09
 2.65234e+16	6.86e-03	9.93e-01	1.80e-09
 2.65675e+16	7.41e-03	9.93e-01	1.74e-09
 2.66150e+16	8.08e-03	9.92e-01	1.66e-09
 2.66559e+16	8.76e-03	9.91e-01	1.60e-09
 2.66912e+16	9.44e-03	9.91e-01	1.55e-09
 2.67298e+16	1.03e-02	9.90e-01	1.50e-09
 2.67707e+16	1.14e-02	9.89e-01	1.41e-09
 2.68051e+16	1.25e-02	9.87e-01	1.35e-09
 2.68347e+16	1.37e-02	9.86e-01	1.30e-09
 2.68675e+16	1.52e-02	9.85e-01	1.24e-09
 2.69025e+16	1.71e-02	9.83e-01	1.16e-09
 2.69284e+16	1.88e-02	9.81e-01	1.09e-09
 2.69454e+16	2.01e-02	9.80e-01	1.06e-09
 2.69627e+16	2.17e-02	9.78e-01	1.03e-09
 2.69852e+16	2.39e-02	9.76e-01	9.74e-10
 2.70076e+16	2.66e-02	9.73e-01	9.05e-10
 2.70244e+16	2.90e-02	9.71e-01	8.63e-10
 2.70380e+16	3.11e-02	9.69e-01	8.30e-10
 2.70529e+16	3.39e-02	9.66e-01	7.94e-10
 2.70691e+16	3.72e-02	9.63e-01	7.42e-10
 2.70835e+16	4.07e-02	9.59e-01	6.99e-10
 2.70963e+16	4.41e-02	9.56e-01	6.62e-10
 2.71104e+16	4.86e-02	9.51e-01	6.24e-10
 2.71252e+16	5.39e-02	9.46e-01	5.72e-10
 2.71375e+16	5.92e-02	9.41e-01	5.33e-10
 2.71481e+16	6.41e-02	9.36e-01	5.02e-10
 2.71598e+16	7.07e-02	9.29e-01	4.70e-10
 2.71725e+16	7.86e-02	9.21e-01	4.24e-10
 2.71838e+16	8.65e-02	9.14e-01	3.88e-10
 2.71939e+16	9.44e-02	9.06e-01	3.58e-10
 2.72044e+16	1.04e-01	8.96e-01	3.28e-10
 2.72154e+16	1.15e-01	8.85e-01	2.93e-10
 2.72257e+16	1.27e-01	8.73e-01	2.62e-10
 2.72348e+16	1.39e-01	8.61e-01	2.37e-10
 2.72429e+16	1.51e-01	8.49e-01	2.16e-10
 2.72505e+16	1.63e-01	8.37e-01	1.96e-10
 2.72576e+16	1.75e-01	8.25e-01	1.79e-10
 2.72632e+16	1.85e-01	8.15e-01	1.63e-10
 2.72669e+16	1.92e-01	8.08e-01	1.57e-10
 2.72704e+16	1.99e-01	8.01e-01	1.50e-10
 2.72744e+16	2.08e-01	7.92e-01	1.41e-10
 2.72786e+16	2.17e-01	7.83e-01	1.32e-10
 2.72827e+16	2.26e-01	7.74e-01	1.23e-10
 2.72867e+16	2.35e-01	7.65e-01	1.15e-10
 2.72905e+16	2.45e-01	7.55e-01	1.08e-10
 2.72944e+16	2.55e-01	7.45e-01	1.01e-10
 2.72983e+16	2.66e-01	7.34e-01	9.41e-11
 2.73021e+16	2.76e-01	7.24e-01	8.76e-11
 2.73058e+16	2.87e-01	7.13e-01	8.17e-11
 2.73096e+16	2.99e-01	7.01e-01	7.57e-11
 2.73133e+16	3.10e-01	6.90e-01	7.03e-11
 2.73169e+16	3.22e-01	6.78e-01	6.53e-11
 2.73206e+16	3.34e-01	6.66e-01	6.04e-11
 2.73242e+16	3.46e-01	6.54e-01	5.58e-11
 2.73278e+16	3.59e-01	6.41e-01	5.16e-11
 2.73313e+16	3.71e-01	6.29e-01	4.76e-11
 2.73348e+16	3.85e-01	6.15e-01	4.39e-11
 2.73383e+16	3.98e-01	6.02e-01	4.03e-11
 2.73417e+16	4.11e-01	5.89e-01	3.71e-11
 2.73451e+16	4.24e-01	5.76e-01	3.42e-11
 2.73485e+16	4.39e-01	5.61e-01	3.13e-11
 2.73519e+16	4.52e-01	5.48e-01	2.87e-11
 2.73552e+16	4.66e-01	5.34e-01	2.63e-11
 2.73585e+16	4.80e-01	5.20e-01	2.41e-11
 2.73617e+16	4.94e-01	5.06e-01	2.21e-11
 2.73649e+16	5.08e-01	4.92e-01	2.02e-11
 2.73681e+16	5.21e-01	4.79e-01	1.85e-11
 2.73713e+16	5.35e-01	4.65e-01	1.69e-11
 2.73743e+16	5.49e-01	4.51e-01	1.55e-11
 2.73773e+16	5.62e-01	4.38e-01	1.43e-11
 2.73803e+16	5.75e-01	4.25e-01	1.31e-11
 2.73832e+16	5.88e-01	4.12e-01	1.21e-11
 2.73860e+16	6.00e-01	4.00e-01	1.11e-11
 2.73888e+16	6.12e-01	3.88e-01	1.03e-11
 2.73916e+16	6.24e-01	3.76e-01	9.50e-12
 2.73943e+16	6.36e-01	3.64e-01	8.79e-12
 2.73970e+16	6.48e-01	3.52e-01	8.15e-12
 2.73996e+16	6.59e-01	3.41e-01	7.56e-12
 2.74023e+16	6.70e-01	3.30e-01	7.03e-12
 2.74048e+16	6.81e-01	3.19e-01	6.55e-12
 2.74074e+16	6.92e-01	3.08e-01	6.12e-12
 2.74098e+16	7.02e-01	2.98e-01	5.73e-12
 2.74123e+16	7.12e-01	2.88e-01	5.37e-12
 2.74147e+16	7.21e-01	2.79e-01	5.05e-12
 2.74171e+16	7.31e-01	2.69e-01	4.75e-12
 2.74195e+16	7.40e-01	2.60e-01	4.48e-12
 2.74218e+16	7.48e-01	2.52e-01	4.25e-12
 2.74241e+16	7.57e-01	2.43e-01	4.02e-12
 2.74264e+16	7.65e-01	2.35e-01	3.81e-12
 2.74286e+16	7.73e-01	2.27e-01	3.63e-12
 2.74309e+16	7.81e-01	2.19e-01	3.46e-12
 2.74331e+16	7.89e-01	2.11e-01	3.31e-12
 2.74352e+16	7.96e-01	2.04e-01	3.16e-12
 2.74374e+16	8.03e-01	1.97e-01	3.03e-12
 2.74394e+16	8.10e-01	1.90e-01	2.91e-12
 2.74411e+16	8.15e-01	1.85e-01	2.82e-12
 2.74427e+16	8.20e-01	1.80e-01	2.74e-12
 2.74445e+16	8.26e-01	1.74e-01	2.65e-12
 2.74464e+16	8.31e-01	1.69e-01	2.56e-12
 2.74484e+16	8.37e-01	1.63e-01	2.47e-12
 2.74504e+16	8.43e-01	1.57e-01	2.39e-12
 2.74525e+16	8.49e-01	1.51e-01	2.31e-12
 2.74545e+16	8.54e-01	1.46e-01	2.24e-12
 2.74565e+16	8.60e-01	1.40e-01	2.16e-12
 2.74585e+16	8.65e-01	1.35e-01	2.10e-12
 2.74605e+16	8.70e-01	1.30e-01	2.03e-12
 2.74625e+16	8.75e-01	1.25e-01	1.97e-12
 2.74645e+16	8.79e-01	1.21e-01	1.91e-12
 2.74664e+16	8.84e-01	1.16e-01	1.85e-12
 2.74683e+16	8.88e-01	1.12e-01	1.80e-12
 2.74702e+16	8.92e-01	1.08e-01	1.75e-12
 2.74720e+16	8.96e-01	1.04e-01	1.70e-12
 2.74737e+16	9.00e-01	1.00e-01	1.65e-12
 2.74753e+16	9.03e-01	9.69e-02	1.61e-12
 2.74769e+16	9.06e-01	9.37e-02	1.57e-12
 2.74784e+16	9.09e-01	9.08e-02	1.53e-12
 2.74798e+16	9.12e-01	8.81e-02	1.49e-12
 2.74810e+16	9.14e-01	8.58e-02	1.46e-12
 2.74821e+16	9.16e-01	8.37e-02	1.43e-12
 2.74831e+16	9.18e-01	8.19e-02	1.40e-12
 2.74841e+16	9.20e-01	8.02e-02	1.38e-12
 2.74849e+16	9.21e-01	7.86e-02	1.36e-12
 2.74857e+16	9.23e-01	7.72e-02	1.33e-12
 2.74864e+16	9.24e-01	7.60e-02	1.31e-12
 2.74872e+16	9.25e-01	7.45e-02	1.29e-12
 2.74880e+16	9.27e-01	7.32e-02	1.27e-12
 2.74888e+16	9.28e-01	7.19e-02	1.25e-12
 2.74894e+16	9.29e-01	7.07e-02	1.24e-12
 2.74901e+16	9.30e-01	6.97e-02	1.22e-12
 2.74908e+16	9.32e-01	6.85e-02	1.20e-12
 2.74915e+16	9.33e-01	6.72e-02	1.18e-12
 2.74922e+16	9.34e-01	6.62e-02	1.16e-12
 2.74928e+16	9.35e-01	6.52e-02	1.15e-12
 2.74933e+16	9.36e-01	6.43e-02	1.13e-12
 2.74938e+16	9.37e-01	6.34e-02	1.12e-12
 2.74944e+16	9.38e-01	6.25e-02	1.10e-12
 2.74951e+16	9.39e-01	6.13e-02	1.08e-12
 2.74959e+16	9.40e-01	6.01e-02	1.06e-12
 2.74966e+16	9.41e-01	5.90e-02	1.04e-12
 2.74973e+16	9.42e-01	5.80e-02	1.02e-12
 2.74978e+16	9.43e-01	5.71e-02	1.01e-12
 2.74984e+16	9.44e-01	5.63e-02	9.95e-13
 2.74989e+16	9.44e-01	5.55e-02	9.80e-13
 2.74993e+16	9.45e-01	5.48e-02	9.67e-13
 2.74997e+16	9.46e-01	5.42e-02	9.56e-13
 2.75002e+16	9.46e-01	5.36e-02	9.44e-13
 2.75006e+16	9.47e-01	5.28e-02	9.31e-13
 2.75011e+16	9.48e-01	5.22e-02	9.20e-13
 2.75015e+16	9.49e-01	5.15e-02	9.05e-13
 2.75021e+16	9.49e-01	5.07e-02	8.92e-13
 2.75025e+16	9.50e-01	5.01e-02	8.79e-13
 2.75029e+16	9.51e-01	4.95e-02	8.70e-13
 2.75034e+16	9.51e-01	4.88e-02	8.55e-13
 2.75039e+16	9.52e-01	4.81e-02	8.42e-13
 2.75044e+16	9.53e-01	4.74e-02	8.30e-13
 2.75048e+16	9.53e-01	4.69e-02	8.20e-13
 2.75052e+16	9.54e-01	4.63e-02	8.09e-13
 2.75056e+16	9.54e-01	4.57e-02	7.99e-13
 2.75060e+16	9.55e-01	4.51e-02	7.88e-13
 2.75064e+16	9.55e-01	4.46e-02	7.78e-13
 2.75068e+16	9.56e-01	4.41e-02	7.68e-13
 2.75072e+16	9.56e-01	4.36e-02	7.59e-13
 2.75077e+16	9.57e-01	4.30e-02	7.48e-13
 2.75081e+16	9.57e-01	4.25e-02	7.39e-13
 2.75084e+16	9.58e-01	4.21e-02	7.32e-13
 2.75088e+16	9.58e-01	4.15e-02	7.22e-13
 2.75093e+16	9.59e-01	4.09e-02	7.10e-13
 2.75099e+16	9.60e-01	4.03e-02	6.99e-13
 2.75104e+16	9.60e-01	3.97e-02	6.89e-13
 2.75109e+16	9.61e-01	3.92e-02	6.81e-13
 2.75113e+16	9.61e-01	3.87e-02	6.71e-13
 2.75117e+16	9.62e-01	3.83e-02	6.64e-13
 2.75121e+16	9.62e-01	3.78e-02	6.55e-13
 2.75126e+16	9.63e-01	3.72e-02	6.44e-13
 2.75132e+16	9.63e-01	3.65e-02	6.34e-13
 2.75138e+16	9.64e-01	3.60e-02	6.24e-13
 2.75143e+16	9.64e-01	3.55e-02	6.17e-13
 2.75147e+16	9.65e-01	3.50e-02	6.07e-13
 2.75151e+16	9.65e-01	3.47e-02	6.01e-13
 2.75156e+16	9.66e-01	3.42e-02	5.94e-13
 2.75161e+16	9.66e-01	3.36e-02	5.83e-13
 2.75168e+16	9.67e-01	3.30e-02	5.73e-13
 2.75173e+16	9.67e-01	3.25e-02	5.65e-13
 2.75178e+16	9.68e-01	3.21e-02	5.57e-13
 2.75183e+16	9.68e-01	3.17e-02	5.49e-13
 2.75187e+16	9.69e-01	3.13e-02	5.44e-13
 2.75192e+16	9.69e-01	3.09e-02	5.37e-13
 2.75198e+16	9.70e-01	3.04e-02	5.28e-13
 2.75205e+16	9.70e-01	2.98e-02	5.20e-13
 2.75211e+16	9.71e-01	2.94e-02	5.11e-13
 2.75216e+16	9.71e-01	2.89e-02	5.04e-13
 2.75221e+16	9.71e-01	2.85e-02	4.97e-13
 2.75226e+16	9.72e-01	2.81e-02	4.91e-13
 2.75233e+16	9.72e-01	2.75e-02	4.81e-13
 2.75241e+16	9.73e-01	2.70e-02	4.72e-13
 2.75248e+16	9.73e-01	2.65e-02	4.65e-13
 2.75254e+16	9.74e-01	2.61e-02	4.58e-13
 2.75260e+16	9.74e-01	2.57e-02	4.52e-13
 2.75265e+16	9.75e-01	2.54e-02	4.45e-13
 2.75271e+16	9.75e-01	2.50e-02	4.40e-13
 2.75277e+16	9.75e-01	2.46e-02	4.33e-13
 2.75283e+16	9.76e-01	2.42e-02	4.27e-13
 2.75289e+16	9.76e-01	2.39e-02	4.21e-13
 2.75295e+16	9.77e-01	2.35e-02	4.15e-13
 2.75302e+16	9.77e-01	2.31e-02	4.09e-13
 2.75308e+16	9.77e-01	2.27e-02	4.03e-13
 2.75315e+16	9.78e-01	2.23e-02	3.96e-13
 2.75322e+16	9.78e-01	2.20e-02	3.91e-13
 2.75329e+16	9.78e-01	2.16e-02	3.84e-13
 2.75337e+16	9.79e-01	2.12e-02	3.78e-13
 2.75344e+16	9.79e-01	2.08e-02	3.73e-13
 2.75350e+16	9.79e-01	2.05e-02	3.67e-13
 2.75357e+16	9.80e-01	2.02e-02	3.62e-13
 2.75365e+16	9.80e-01	1.98e-02	3.56e-13
 2.75371e+16	9.81e-01	1.95e-02	3.51e-13
 2.75379e+16	9.81e-01	1.91e-02	3.46e-13
 2.75387e+16	9.81e-01	1.88e-02	3.40e-13
 2.75394e+16	9.82e-01	1.85e-02	3.35e-13
 2.75403e+16	9.82e-01	1.81e-02	3.29e-13
 2.75411e+16	9.82e-01	1.78e-02	3.24e-13
 2.75419e+16	9.83e-01	1.75e-02	3.19e-13
 2.75428e+16	9.83e-01	1.71e-02	3.13e-13
 2.75437e+16	9.83e-01	1.68e-02	3.08e-13
 2.75446e+16	9.84e-01	1.64e-02	3.03e-13
 2.75454e+16	9.84e-01	1.62e-02	2.98e-13
 2.75462e+16	9.84e-01	1.59e-02	2.93e-13
 2.75471e+16	9.84e-01	1.56e-02	2.88e-13
 2.75480e+16	9.85e-01	1.53e-02	2.84e-13
 2.75489e+16	9.85e-01	1.50e-02	2.79e-13
 2.75499e+16	9.85e-01	1.47e-02	2.74e-13
 2.75508e+16	9.86e-01	1.44e-02	2.70e-13
 2.75518e+16	9.86e-01	1.41e-02	2.65e-13
 2.75529e+16	9.86e-01	1.38e-02	2.60e-13
 2.75538e+16	9.86e-01	1.35e-02	2.56e-13
 2.75549e+16	9.87e-01	1.32e-02	2.51e-13
 2.75560e+16	9.87e-01	1.29e-02	2.46e-13
 2.75571e+16	9.87e-01	1.27e-02	2.42e-13
 2.75582e+16	9.88e-01	1.24e-02	2.37e-13
 2.75595e+16	9.88e-01	1.21e-02	2.32e-13
 2.75606e+16	9.88e-01	1.18e-02	2.28e-13
 2.75618e+16	9.88e-01	1.15e-02	2.23e-13
 2.75634e+16	9.89e-01	1.11e-02	2.17e-13
 2.75653e+16	9.89e-01	1.07e-02	2.10e-13
 2.75672e+16	9.90e-01	1.03e-02	2.04e-13
 2.75690e+16	9.90e-01	9.97e-03	1.97e-13
 2.75709e+16	9.90e-01	9.60e-03	1.91e-13
 2.75729e+16	9.91e-01	9.21e-03	1.84e-13
 2.75749e+16	9.91e-01	8.82e-03	1.77e-13
 2.75771e+16	9.92e-01	8.41e-03	1.70e-13
 2.75792e+16	9.92e-01	7.98e-03	1.62e-13
 2.75815e+16	9.92e-01	7.54e-03	1.54e-13
 2.75838e+16	9.93e-01	7.09e-03	1.45e-13
 2.75863e+16	9.93e-01	6.62e-03	1.36e-13
 2.75888e+16	9.94e-01	6.14e-03	1.27e-13
 2.75915e+16	9.94e-01	5.68e-03	1.18e-13
 2.75942e+16	9.95e-01	5.22e-03	1.08e-13
 2.75971e+16	9.95e-01	4.77e-03	9.95e-14
 2.76002e+16	9.96e-01	4.34e-03	9.08e-14
 2.76034e+16	9.96e-01	3.93e-03	8.24e-14
 2.76067e+16	9.96e-01	3.54e-03	7.43e-14
 2.76102e+16	9.97e-01	3.16e-03	6.66e-14
 2.76140e+16	9.97e-01	2.81e-03	5.93e-14
 2.76179e+16	9.98e-01	2.47e-03	5.23e-14
 2.76222e+16	9.98e-01	2.15e-03	4.57e-14
 2.76267e+16	9.98e-01	1.86e-03	3.95e-14
 2.76317e+16	9.98e-01	1.58e-03	3.37e-14
 2.76371e+16	9.99e-01	1.33e-03	2.84e-14
 2.76430e+16	9.99e-01	1.10e-03	2.34e-14
 2.76496e+16	9.99e-01	8.84e-04	1.89e-14
 2.76571e+16	9.99e-01	6.92e-04	1.48e-14
 2.76658e+16	9.99e-01	5.22e-04	1.12e-14
 2.76754e+16	1.00e+00	3.82e-04	8.18e-15
 2.76854e+16	1.00e+00	2.78e-04	5.95e-15
 2.76954e+16	1.00e+00	2.02e-04	4.33e-15
 2.77053e+16	1.00e+00	1.47e-04	3.15e-15
 2.77153e+16	1.00e+00	1.07e-04	2.29e-15
 2.77252e+16	1.00e+00	7.82e-05	1.66e-15
 2.77352e+16	1.00e+00	5.70e-05	1.21e-15
 2.77451e+16	1.00e+00	4.16e-05	8.82e-16
 2.77551e+16	1.00e+00	3.03e-05	6.42e-16
 2.77651e+16	1.00e+00	2.21e-05	4.68e-16
 2.77750e+16	1.00e+00	1.62e-05	3.41e-16
 2.77850e+16	1.00e+00	1.18e-05	2.48e-16
 2.77949e+16	1.00e+00	8.63e-06	1.81e-16
 2.78049e+16	1.00e+00	6.30e-06	1.32e-16
 2.78148e+16	1.00e+00	4.59e-06	9.54e-17
 2.78248e+16	1.00e+00	3.36e-06	6.95e-17
 2.78347e+16	1.00e+00	2.46e-06	5.10e-17
 2.78447e+16	1.00e+00	1.80e-06	3.71e-17
 2.78546e+16	1.00e+00	1.32e-06	2.71e-17
 2.78646e+16	1.00e+00	9.60e-07	1.96e-17
 2.78746e+16	1.00e+00	7.04e-07	1.44e-17
 2.78845e+16	1.00e+00	5.15e-07	1.05e-17
 2.78945e+16	1.00e+00	3.76e-07	7.60e-18
 2.79044e+16	1.00e+00	2.75e-07	5.54e-18
 2.79144e+16	1.00e+00	2.02e-07	4.06e-18
 2.79243e+16	1.00e+00	1.48e-07	2.97e-18
 2.79343e+16	1.00e+00	1.08e-07	2.16e-18
 2.79442e+16	1.00e+00	7.94e-08	1.57e-18
 2.79542e+16	1.00e+00	5.83e-08	1.15e-18
 2.79641e+16	1.00e+00	4.28e-08	8.43e-19
 2.79741e+16	1.00e+00	3.14e-08	6.14e-19
 2.79841e+16	1.00e+00	2.30e-08	4.49e-19
 2.79940e+16	1.00e+00	1.70e-08	3.31e-19
 2.80040e+16	1.00e+00	1.25e-08	2.43e-19
 2.80139e+16	1.00e+00	9.23e-09	1.78e-19
 2.80239e+16	1.00e+00	6.83e-09	1.31e-19
 2.80338e+16	1.00e+00	5.08e-09	9.72e-20
 2.80438e+16	1.00e+00	3.79e-09	7.21e-20
 2.80537e+16	1.00e+00	2.83e-09	5.36e-20
 2.80637e+16	1.00e+00	2.14e-09	4.03e-20
 2.80736e+16	1.00e+00	1.63e-09	3.06e-20
 2.80836e+16	1.00e+00	1.26e-09	2.35e-20
 2.80935e+16	1.00e+00	9.80e-10	1.82e-20
 2.81035e+16	1.00e+00	7.78e-10	1.44e-20
 2.81135e+16	1.00e+00	6.30e-10	1.16e-20
 2.81234e+16	1.00e+00	5.21e-10	9.55e-21
 2.81334e+16	1.00e+00	4.39e-10	0.00e+00
 2.81433e+16	1.00e+00	3.80e-10	0.00e+00
 2.81533e+16	1.00e+00	3.36e-10	0.00e+00
 2.81632e+16	1.00e+00	3.04e-10	0.00e+00
 2.81732e+16	1.00e+00	2.79e-10	0.00e+00
 2.81831e+16	1.00e+00	2.61e-10	0.00e+00
 2.81931e+16	1.00e+00	2.47e-10	0.00e+00
 2.82030e+16	1.00e+00	2.37e-10	0.00e+00
 2.82130e+16	1.00e+00	2.29e-10	0.00e+00
 2.82229e+16	1.00e+00	2.22e-10	0.00e+00
 2.82329e+16	1.00e+00	2.18e-10	0.00e+00
 2.82428e+16	1.00e+00	2.14e-10	0.00e+00
 2.82543e+16	1.00e+00	2.10e-10	0.00e+00
 2.82692e+16	1.00e+00	2.07e-10	0.00e+00
 2.82885e+16	1.00e+00	2.03e-10	0.00e+00
 2.83137e+16	1.00e+00	1.98e-10	0.00e+00
 2.83464e+16	1.00e+00	1.94e-10	0.00e+00
 2.83889e+16	1.00e+00	1.89e-10	0.00e+00
 2.84441e+16	1.00e+00	1.82e-10	0.00e+00
 2.85159e+16	1.00e+00	1.74e-10	0.00e+00
 2.86093e+16	1.00e+00	1.63e-10	0.00e+00
 2.87307e+16	1.00e+00	1.51e-10	0.00e+00
 2.88744e+16	1.00e+00	1.37e-10	0.00e+00
 2.90271e+16	1.00e+00	1.25e-10	0.00e+00
 2.91886e+16	1.00e+00	1.12e-10	0.00e+00
 2.93643e+16	1.00e+00	9.98e-11	0.00e+00
 2.95566e+16	1.00e+00	8.79e-11	0.00e+00
 2.97672e+16	1.00e+00	7.65e-11	0.00e+00
 2.99977e+16	1.00e+00	6.57e-11	0.00e+00
 3.02481e+16	1.00e+00	5.57e-11	0.00e+00
 3.05200e+16	1.00e+00	4.66e-11	0.00e+00
 3.08152e+16	1.00e+00	3.85e-11	0.00e+00
 3.11354e+16	1.00e+00	3.13e-11	0.00e+00
 3.14864e+16	1.00e+00	2.50e-11	0.00e+00
 3.18730e+16	1.00e+00	1.95e-11	0.00e+00
 3.22949e+16	1.00e+00	1.50e-11	0.00e+00
 3.27580e+16	1.00e+00	1.13e-11	0.00e+00
 3.32638e+16	1.00e+00	8.28e-12	0.00e+00
 3.37938e+16	1.00e+00	6.04e-12	0.00e+00
 3.43372e+16	1.00e+00	4.40e-12	0.00e+00
 3.48914e+16	1.00e+00	3.20e-12	0.00e+00
 3.54483e+16	1.00e+00	2.34e-12	0.00e+00
 3.60052e+16	1.00e+00	1.72e-12	0.00e+00
 3.66457e+16	1.00e+00	1.21e-12	0.00e+00
 3.74783e+16	1.00e+00	7.68e-13	0.00e+00
 3.85162e+16	1.00e+00	4.47e-13	0.00e+00
 3.97070e+16	1.00e+00	2.46e-13	0.00e+00
 4.09839e+16	1.00e+00	1.33e-13	0.00e+00
 4.23609e+16	1.00e+00	7.02e-14	0.00e+00
 4.39414e+16	1.00e+00	3.45e-14	0.00e+00
 4.56944e+16	1.00e+00	1.63e-14	0.00e+00
 4.75222e+16	1.00e+00	7.68e-15	0.00e+00
 4.94231e+16	1.00e+00	3.63e-15	0.00e+00
 5.14001e+16	1.00e+00	1.72e-15	0.00e+00
 5.34561e+16	1.00e+00	8.10e-16	0.00e+00
 5.55944e+16	1.00e+00	3.82e-16	0.00e+00
 5.78182e+16	1.00e+00	1.80e-16	0.00e+00
 6.01309e+16	1.00e+00	8.47e-17	0.00e+00
 6.25362e+16	1.00e+00	3.92e-17	0.00e+00
 6.50377e+16	1.00e+00	1.81e-17	0.00e+00
 6.76392e+16	1.00e+00	8.43e-18	0.00e+00
 7.03448e+16	1.00e+00	3.92e-18	0.00e+00
 7.31587e+16	1.00e+00	1.83e-18	0.00e+00
 7.60850e+16	1.00e+00	8.75e-19	0.00e+00
 7.91285e+16	1.00e+00	4.36e-19	0.00e+00
 8.22936e+16	1.00e+00	2.36e-19	0.00e+00
 8.55854e+16	1.00e+00	1.47e-19	0.00e+00
 8.90089e+16	1.00e+00	1.07e-19	0.00e+00
 9.25692e+16	1.00e+00	8.35e-20	0.00e+00
 9.57447e+16	1.00e+00	7.38e-20	0.00e+00
 9.87094e+16	1.00e+00	6.67e-20	0.00e+00
 1.02320e+17	1.00e+00	6.17e-20	0.00e+00
 1.06413e+17	1.00e+00	5.14e-20	0.00e+00
 1.10078e+17	1.00e+00	4.40e-20	0.00e+00
 1.12584e+17	1.00e+00	4.00e-20	0.00e+00
 1.14716e+17	1.00e+00	3.60e-20	0.00e+00
 1.17489e+17	1.00e+00	3.36e-20	0.00e+00
 1.21092e+17	1.00e+00	3.12e-20	0.00e+00
 1.25592e+17	1.00e+00	2.50e-20	0.00e+00
 1.29596e+17	1.00e+00	2.10e-20	0.00e+00
 1.32572e+17	1.00e+00	1.94e-20	0.00e+00
 1.35871e+17	1.00e+00	1.77e-20	0.00e+00
 1.40160e+17	1.00e+00	1.62e-20	0.00e+00
 1.45436e+17	1.00e+00	1.28e-20	0.00e+00
 1.50593e+17	1.00e+00	1.09e-20	0.00e+00
 1.55896e+17	1.00e+00	1.01e-20	0.00e+00
 1.62072e+17	1.00e+00	8.56e-21	0.00e+00
 1.68555e+17	1.00e+00	7.35e-21	0.00e+00
 1.75297e+17	1.00e+00	6.24e-21	0.00e+00
 1.82309e+17	1.00e+00	5.42e-21	0.00e+00
 1.89601e+17	1.00e+00	4.74e-21	0.00e+00
 1.97185e+17	1.00e+00	4.16e-21	0.00e+00
 2.05073e+17	1.00e+00	3.67e-21	0.00e+00
 2.12725e+17	1.00e+00	3.25e-21	0.00e+00
 2.19970e+17	1.00e+00	2.93e-21	0.00e+00
 2.27395e+17	1.00e+00	2.66e-21	0.00e+00
 2.35135e+17	1.00e+00	2.40e-21	0.00e+00
 2.43076e+17	1.00e+00	2.18e-21	0.00e+00
 2.51151e+17	1.00e+00	1.99e-21	0.00e+00
 2.59338e+17	1.00e+00	1.81e-21	0.00e+00
 2.67626e+17	1.00e+00	1.66e-21	0.00e+00
 2.75972e+17	1.00e+00	1.52e-21	0.00e+00
 2.84318e+17	1.00e+00	1.40e-21	0.00e+00
 2.92637e+17	1.00e+00	1.29e-21	0.00e+00
 3.00869e+17	1.00e+00	1.20e-21	0.00e+00
 3.08954e+17	1.00e+00	1.11e-21	0.00e+00
 3.16749e+17	1.00e+00	1.04e-21	0.00e+00
 3.24156e+17	1.00e+00	9.76e-22	0.00e+00
 3.31261e+17	1.00e+00	9.18e-22	0.00e+00
 3.38134e+17	1.00e+00	8.70e-22	0.00e+00
 3.44745e+17	1.00e+00	8.26e-22	0.00e+00
 3.51027e+17	1.00e+00	7.86e-22	0.00e+00
 3.56968e+17	1.00e+00	7.52e-22	0.00e+00
 3.62578e+17	1.00e+00	7.21e-22	0.00e+00
 3.67861e+17	1.00e+00	6.94e-22	0.00e+00
 3.72830e+17	1.00e+00	6.70e-22	0.00e+00
 3.77502e+17	1.00e+00	6.49e-22	0.00e+00
 3.81892e+17	1.00e+00	6.30e-22	0.00e+00
 3.86009e+17	1.00e+00	6.12e-22	0.00e+00
 3.89873e+17	1.00e+00	5.97e-22	0.00e+00
 3.93497e+17	1.00e+00	5.83e-22	0.00e+00
 3.96899e+17	1.00e+00	5.70e-22	0.00e+00
 4.00096e+17	1.00e+00	5.58e-22	0.00e+00
 4.03105e+17	1.00e+00	5.48e-22	0.00e+00
 4.05935e+17	1.00e+00	5.38e-22	0.00e+00
 4.08596e+17	1.00e+00	5.30e-22	0.00e+00
 4.11101e+17	1.00e+00	5.21e-22	0.00e+00
 4.13463e+17	1.00e+00	5.14e-22	0.00e+00
 4.15691e+17	1.00e+00	5.08e-22	0.00e+00
 4.17795e+17	1.00e+00	5.01e-22	0.00e+00
 4.19781e+17	1.00e+00	4.94e-22	0.00e+00
 4.21657e+17	1.00e+00	4.90e-22	0.00e+00
 4.23431e+17	1.00e+00	4.85e-22	0.00e+00
 4.25109e+17	1.00e+00	4.81e-22	0.00e+00
 4.26697e+17	1.00e+00	4.76e-22	0.00e+00
 4.28203e+17	1.00e+00	4.74e-22	0.00e+00
 4.29629e+17	1.00e+00	4.71e-22	0.00e+00
 4.30982e+17	1.00e+00	4.69e-22	0.00e+00
 4.32266e+17	1.00e+00	4.68e-22	0.00e+00
 4.33484e+17	1.00e+00	4.69e-22	0.00e+00
 4.34642e+17	1.00e+00	4.71e-22	0.00e+00
 4.35742e+17	1.00e+00	4.74e-22	0.00e+00
 4.36789e+17	1.00e+00	4.78e-22	0.00e+00
 4.37786e+17	1.00e+00	4.85e-22	0.00e+00
 4.38735e+17	1.00e+00	4.93e-22	0.00e+00
 4.39639e+17	1.00e+00	5.03e-22	0.00e+00
 4.40502e+17	1.00e+00	5.15e-22	0.00e+00
 4.41326e+17	1.00e+00	5.29e-22	0.00e+00
 4.42113e+17	1.00e+00	5.44e-22	0.00e+00
 4.42865e+17	1.00e+00	5.62e-22	0.00e+00
 4.43586e+17	1.00e+00	5.82e-22	0.00e+00
 4.44276e+17	1.00e+00	6.02e-22	0.00e+00
 4.44938e+17	1.00e+00	6.24e-22	0.00e+00
 4.45574e+17	1.00e+00	6.48e-22	0.00e+00
 4.46186e+17	1.00e+00	6.72e-22	0.00e+00
 4.46776e+17	1.00e+00	6.97e-22	0.00e+00
 4.47345e+17	1.00e+00	7.22e-22	0.00e+00
 4.47895e+17	1.00e+00	7.48e-22	0.00e+00
 4.48427e+17	1.00e+00	7.73e-22	0.00e+00
 4.48944e+17	1.00e+00	7.97e-22	0.00e+00
 4.49448e+17	1.00e+00	8.19e-22	0.00e+00
 4.49938e+17	1.00e+00	8.41e-22	0.00e+00
 4.50419e+17	1.00e+00	8.61e-22	0.00e+00
 4.50890e+17	1.00e+00	8.78e-22	0.00e+00
 4.51355e+17	1.00e+00	8.92e-22	0.00e+00
 4.51814e+17	1.00e+00	9.03e-22	0.00e+00
 4.52271e+17	1.00e+00	9.10e-22	0.00e+00
 4.52727e+17	1.00e+00	9.13e-22	0.00e+00
 4.53185e+17	1.00e+00	9.11e-22	0.00e+00
 4.53647e+17	1.00e+00	9.04e-22	0.00e+00
 4.54118e+17	1.00e+00	8.91e-22	0.00e+00
 4.54601e+17	1.00e+00	8.71e-22	0.00e+00
 4.55100e+17	1.00e+00	8.44e-22	0.00e+00
 4.55623e+17	1.00e+00	8.09e-22	0.00e+00
 4.56175e+17	1.00e+00	7.66e-22	0.00e+00
 4.56767e+17	1.00e+00	7.16e-22	0.00e+00
 4.57409e+17	1.00e+00	6.60e-22	0.00e+00
 4.58117e+17	1.00e+00	6.01e-22	0.00e+00
 4.58913e+17	1.00e+00	5.40e-22	0.00e+00
 4.59827e+17	1.00e+00	4.85e-22	0.00e+00
 4.60900e+17	1.00e+00	4.39e-22	0.00e+00
 4.62194e+17	1.00e+00	4.08e-22	0.00e+00
 4.63795e+17	1.00e+00	3.90e-22	0.00e+00
 4.65838e+17	1.00e+00	3.81e-22	0.00e+00
 4.68491e+17	1.00e+00	3.74e-22	0.00e+00
 4.71939e+17	1.00e+00	3.67e-22	0.00e+00
 4.76422e+17	1.00e+00	3.58e-22	0.00e+00
 4.82250e+17	1.00e+00	3.47e-22	0.00e+00
 4.89825e+17	1.00e+00	3.33e-22	0.00e+00
 4.99674e+17	1.00e+00	3.17e-22	0.00e+00
 5.12477e+17	1.00e+00	2.97e-22	0.00e+00
 5.29121e+17	1.00e+00	2.73e-22	0.00e+00
 5.49299e+17	1.00e+00	2.48e-22	0.00e+00
 5.70119e+17	1.00e+00	2.25e-22	0.00e+00
 5.89181e+17	1.00e+00	2.08e-22	0.00e+00
 6.06859e+17	1.00e+00	1.93e-22	0.00e+00
 6.23294e+17	1.00e+00	1.80e-22	0.00e+00
 6.37953e+17	1.00e+00	1.70e-22	0.00e+00
 6.51163e+17	1.00e+00	1.62e-22	0.00e+00
 6.63329e+17	1.00e+00	1.55e-22	0.00e+00
 6.74542e+17	1.00e+00	1.49e-22	0.00e+00
 6.84633e+17	1.00e+00	1.44e-22	0.00e+00
 6.93558e+17	1.00e+00	1.39e-22	0.00e+00
 7.01487e+17	1.00e+00	1.36e-22	0.00e+00
 7.08536e+17	1.00e+00	1.33e-22	0.00e+00
 7.14278e+17	1.00e+00	1.30e-22	0.00e+00
 7.18146e+17	1.00e+00	1.29e-22	0.00e+00
 7.20459e+17	1.00e+00	1.29e-22	0.00e+00
 7.21848e+17	1.00e+00	1.29e-22	0.00e+00
 7.22680e+17	1.00e+00	1.63e-22	0.00e+00
 7.23209e+17	1.00e+00	3.61e-22	0.00e+00
 7.23639e+17	1.00e+00	6.37e-22	0.00e+00
 7.24077e+17	1.00e+00	6.70e-22	0.00e+00
 7.24513e+17	1.00e+00	6.30e-22	0.00e+00
 7.24914e+17	1.00e+00	6.77e-22	0.00e+00
 7.25296e+17	1.00e+00	7.75e-22	0.00e+00
 7.25666e+17	1.00e+00	7.71e-22	0.00e+00
 7.26011e+17	1.00e+00	8.40e-22	0.00e+00
 7.26334e+17	1.00e+00	9.00e-22	0.00e+00
 7.26639e+17	1.00e+00	9.67e-22	0.00e+00
 7.26916e+17	1.00e+00	1.01e-21	0.00e+00
 7.27175e+17	1.00e+00	1.14e-21	0.00e+00
 7.27435e+17	1.00e+00	1.15e-21	0.00e+00
 7.27683e+17	1.00e+00	1.15e-21	0.00e+00
 7.27906e+17	1.00e+00	1.23e-21	0.00e+00
 7.28122e+17	1.00e+00	1.32e-21	0.00e+00
 7.28335e+17	1.00e+00	1.31e-21	0.00e+00
 7.28537e+17	1.00e+00	1.36e-21	0.00e+00
 7.28729e+17	1.00e+00	1.39e-21	0.00e+00
 7.28912e+17	1.00e+00	1.44e-21	0.00e+00
 7.29093e+17	1.00e+00	1.47e-21	0.00e+00
 7.29273e+17	1.00e+00	1.48e-21	0.00e+00
 7.29449e+17	1.00e+00	1.48e-21	0.00e+00
 7.29617e+17	1.00e+00	1.51e-21	0.00e+00
 7.29776e+17	1.00e+00	1.54e-21	0.00e+00
 7.29939e+17	1.00e+00	1.59e-21	0.00e+00
 7.30102e+17	1.00e+00	1.53e-21	0.00e+00
 7.30254e+17	1.00e+00	1.59e-21	0.00e+00
 7.30407e+17	1.00e+00	1.61e-21	0.00e+00
 7.30564e+17	1.00e+00	1.61e-21	0.00e+00
 7.30719e+17	1.00e+00	1.59e-21	0.00e+00
 7.30871e+17	1.00e+00	1.61e-21	0.00e+00
 7.31021e+17	1.00e+00	1.62e-21	0.00e+00
 7.31173e+17	1.00e+00	1.62e-21	0.00e+00
 7.31327e+17	1.00e+00	1.60e-21	0.00e+00
 7.31481e+17	1.00e+00	1.60e-21	0.00e+00
 7.31631e+17	1.00e+00	1.60e-21	0.00e+00
 7.31790e+17	1.00e+00	1.62e-21	0.00e+00
 7.31953e+17	1.00e+00	1.54e-21	0.00e+00
 7.32108e+17	1.00e+00	1.57e-21	0.00e+00
 7.32269e+17	1.00e+00	1.57e-21	0.00e+00
 7.32437e+17	1.00e+00	1.55e-21	0.00e+00
 7.32609e+17	1.00e+00	1.51e-21	0.00e+00
 7.32780e+17	1.00e+00	1.50e-21	0.00e+00
 7.32948e+17	1.00e+00	1.49e-21	0.00e+00
 7.33129e+17	1.00e+00	1.51e-21	0.00e+00
 7.33321e+17	1.00e+00	1.41e-21	0.00e+00
 7.33506e+17	1.00e+00	1.41e-21	0.00e+00
 7.33685e+17	1.00e+00	1.42e-21	0.00e+00
 7.33878e+17	1.00e+00	1.44e-21	0.00e+00
 7.34087e+17	1.00e+00	1.33e-21	0.00e+00
 7.34290e+17	1.00e+00	1.32e-21	0.00e+00
 7.34489e+17	1.00e+00	1.33e-21	0.00e+00
 7.34702e+17	1.00e+00	1.34e-21	0.00e+00
 7.34929e+17	1.00e+00	1.23e-21	0.00e+00
 7.35154e+17	1.00e+00	1.24e-21	0.00e+00
 7.35379e+17	1.00e+00	1.21e-21	0.00e+00
 7.35612e+17	1.00e+00	1.22e-21	0.00e+00
 7.35858e+17	1.00e+00	1.16e-21	0.00e+00
 7.36107e+17	1.00e+00	1.13e-21	0.00e+00
 7.36353e+17	1.00e+00	1.11e-21	0.00e+00
 7.36606e+17	1.00e+00	1.13e-21	0.00e+00
 7.36873e+17	1.00e+00	1.06e-21	0.00e+00
 7.37145e+17	1.00e+00	1.03e-21	0.00e+00
 7.37416e+17	1.00e+00	1.01e-21	0.00e+00
 7.37696e+17	1.00e+00	1.02e-21	0.00e+00
 7.37988e+17	1.00e+00	9.56e-22	0.00e+00
 7.38285e+17	1.00e+00	9.33e-22	0.00e+00
 7.38583e+17	1.00e+00	9.12e-22	0.00e+00
 7.38891e+17	1.00e+00	9.08e-22	0.00e+00
 7.39211e+17	1.00e+00	8.50e-22	0.00e+00
 7.39534e+17	1.00e+00	8.35e-22	0.00e+00
 7.39861e+17	1.00e+00	8.14e-22	0.00e+00
 7.40200e+17	1.00e+00	8.01e-22	0.00e+00
 7.40548e+17	1.00e+00	7.49e-22	0.00e+00
 7.40899e+17	1.00e+00	7.41e-22	0.00e+00
 7.41262e+17	1.00e+00	7.20e-22	0.00e+00
 7.41645e+17	1.00e+00	6.73e-22	0.00e+00
 7.42030e+17	1.00e+00	6.27e-22	0.00e+00
 7.42407e+17	1.00e+00	6.45e-22	0.00e+00
 7.42787e+17	1.00e+00	6.43e-22	0.00e+00
 7.43186e+17	1.00e+00	6.23e-22	0.00e+00
 7.43602e+17	1.00e+00	5.63e-22	0.00e+00
 7.44020e+17	1.00e+00	5.46e-22	0.00e+00
 7.44442e+17	1.00e+00	5.36e-22	0.00e+00
 7.44871e+17	1.00e+00	5.24e-22	0.00e+00
 7.45313e+17	1.00e+00	4.98e-22	0.00e+00
 7.45767e+17	1.00e+00	4.72e-22	0.00e+00
 7.46222e+17	1.00e+00	4.48e-22	0.00e+00
 7.46677e+17	1.00e+00	4.56e-22	0.00e+00
 7.47143e+17	1.00e+00	4.35e-22	0.00e+00
 7.47629e+17	1.00e+00	4.13e-22	0.00e+00
 7.48135e+17	1.00e+00	3.74e-22	0.00e+00
 7.48646e+17	1.00e+00	3.52e-22	0.00e+00
 7.49154e+17	1.00e+00	3.48e-22	0.00e+00
 7.49665e+17	1.00e+00	3.47e-22	0.00e+00
 7.50188e+17	1.00e+00	3.33e-22	0.00e+00
 7.50732e+17	1.00e+00	3.11e-22	0.00e+00
 7.51285e+17	1.00e+00	2.83e-22	0.00e+00
 7.51852e+17	1.00e+00	2.82e-22	0.00e+00
 7.52443e+17	1.00e+00	2.50e-22	0.00e+00
 7.53042e+17	1.00e+00	2.35e-22	0.00e+00
 7.53650e+17	1.00e+00	2.28e-22	0.00e+00
 7.54276e+17	1.00e+00	2.16e-22	0.00e+00
 7.54916e+17	1.00e+00	1.97e-22	0.00e+00
 7.55532e+17	1.00e+00	1.91e-22	0.00e+00
 7.56086e+17	1.00e+00	2.21e-22	0.00e+00
 7.56585e+17	1.00e+00	2.71e-22	0.00e+00
 7.57052e+17	1.00e+00	3.09e-22	0.00e+00
 7.57503e+17	1.00e+00	3.29e-22	0.00e+00
 7.57936e+17	1.00e+00	3.44e-22	0.00e+00
 7.58348e+17	1.00e+00	3.65e-22	0.00e+00
 7.58742e+17	1.00e+00	3.89e-22	0.00e+00
 7.59118e+17	1.00e+00	4.12e-22	0.00e+00
 7.59480e+17	1.00e+00	4.33e-22	0.00e+00
 7.59828e+17	1.00e+00	4.52e-22	0.00e+00
 7.60162e+17	1.00e+00	4.73e-22	0.00e+00
 7.60483e+17	1.00e+00	4.94e-22	0.00e+00
 7.60791e+17	1.00e+00	5.14e-22	0.00e+00
 7.61087e+17	1.00e+00	5.34e-22	0.00e+00
 7.61371e+17	1.00e+00	5.54e-22	0.00e+00
 7.61643e+17	1.00e+00	5.75e-22	0.00e+00
 7.61905e+17	1.00e+00	5.95e-22	0.00e+00
 7.62159e+17	1.00e+00	6.13e-22	0.00e+00
 7.62403e+17	1.00e+00	6.29e-22	0.00e+00
 7.62639e+17	1.00e+00	6.44e-22	0.00e+00
 7.62866e+17	1.00e+00	6.60e-22	0.00e+00
 7.63084e+17	1.00e+00	6.80e-22	0.00e+00
 7.63297e+17	1.00e+00	6.94e-22	0.00e+00
 7.63503e+17	1.00e+00	7.06e-22	0.00e+00
 7.63704e+17	1.00e+00	7.17e-22	0.00e+00
 7.63900e+17	1.00e+00	7.28e-22	0.00e+00
 7.64090e+17	1.00e+00	7.39e-22	0.00e+00
 7.64276e+17	1.00e+00	7.49e-22	0.00e+00
 7.64457e+17	1.00e+00	7.59e-22	0.00e+00
 7.64635e+17	1.00e+00	7.67e-22	0.00e+00
 7.64809e+17	1.00e+00	7.74e-22	0.00e+00
 7.64980e+17	1.00e+00	7.81e-22	0.00e+00
 7.65174e+17	1.00e+00	7.86e-22	0.00e+00
 7.65427e+17	1.00e+00	6.96e-22	0.00e+00
 7.65756e+17	1.00e+00	5.54e-22	0.00e+00
 7.66183e+17	1.00e+00	4.04e-22	0.00e+00
 7.66739e+17	1.00e+00	2.67e-22	0.00e+00
 7.67420e+17	1.00e+00	1.62e-22	0.00e+00
 7.68131e+17	1.00e+00	1.18e-22	0.00e+00
 7.68778e+17	1.00e+00	1.31e-22	0.00e+00
 7.69357e+17	1.00e+00	1.67e-22	0.00e+00
