#depth	C	C+	C+2	C+3	C+4	C+5	C+6	C[1]	C[2]	C[3]	C+[1]	C+[2]	CO
 1.49634e+10	0.00e+00	0.00e+00	6.01e-31	3.59e-21	8.58e-11	1.39e-04	1.00e+00	0.00e+00	0.00e+00	0.00e+00	0.00e+00	0.00e+00	0.00e+00
 4.54887e+10	0.00e+00	6.79e-41	8.21e-31	4.53e-21	1.00e-10	1.50e-04	1.00e+00	0.00e+00	0.00e+00	0.00e+00	0.00e+00	0.00e+00	0.00e+00
 7.72350e+10	0.00e+00	0.00e+00	1.13e-30	5.75e-21	1.17e-10	1.63e-04	1.00e+00	0.00e+00	0.00e+00	0.00e+00	0.00e+00	0.00e+00	0.00e+00
 1.10251e+11	0.00e+00	1.50e-40	1.55e-30	7.29e-21	1.38e-10	1.75e-04	1.00e+00	0.00e+00	0.00e+00	0.00e+00	0.00e+00	0.00e+00	0.00e+00
 1.43601e+11	0.00e+00	0.00e+00	2.10e-30	9.18e-21	1.61e-10	1.89e-04	1.00e+00	0.00e+00	0.00e+00	0.00e+00	0.00e+00	0.00e+00	0.00e+00
 1.78284e+11	0.00e+00	3.23e-40	2.86e-30	1.16e-20	1.88e-10	2.04e-04	1.00e+00	0.00e+00	0.00e+00	0.00e+00	0.00e+00	0.00e+00	0.00e+00
 2.15342e+11	0.00e+00	0.00e+00	3.93e-30	1.47e-20	2.20e-10	2.20e-04	1.00e+00	0.00e+00	0.00e+00	0.00e+00	0.00e+00	0.00e+00	9.72e-216
 2.53882e+11	0.00e+00	7.15e-40	5.41e-30	1.87e-20	2.58e-10	2.38e-04	1.00e+00	0.00e+00	0.00e+00	0.00e+00	0.00e+00	0.00e+00	6.15e-216
 2.91985e+11	0.00e+00	0.00e+00	7.30e-30	2.34e-20	3.00e-10	2.55e-04	1.00e+00	0.00e+00	0.00e+00	0.00e+00	0.00e+00	0.00e+00	2.03e-234
 3.31612e+11	0.00e+00	1.53e-39	9.92e-30	2.94e-20	3.51e-10	2.75e-04	1.00e+00	0.00e+00	0.00e+00	0.00e+00	0.00e+00	0.00e+00	0.00e+00
 3.69220e+11	0.00e+00	0.00e+00	1.31e-29	3.61e-20	4.02e-10	2.94e-04	1.00e+00	0.00e+00	0.00e+00	0.00e+00	0.00e+00	0.00e+00	1.35e-285
 4.00466e+11	0.00e+00	2.85e-39	1.64e-29	4.29e-20	4.51e-10	3.10e-04	1.00e+00	0.00e+00	0.00e+00	0.00e+00	0.00e+00	0.00e+00	3.45e-166
 4.34527e+11	0.00e+00	0.00e+00	2.08e-29	5.14e-20	5.10e-10	3.29e-04	1.00e+00	0.00e+00	0.00e+00	0.00e+00	0.00e+00	0.00e+00	2.84e-213
 4.77818e+11	0.00e+00	5.56e-39	2.80e-29	6.42e-20	5.92e-10	3.53e-04	1.00e+00	0.00e+00	0.00e+00	0.00e+00	0.00e+00	0.00e+00	2.52e-260
 5.23328e+11	0.00e+00	0.00e+00	3.76e-29	8.02e-20	6.88e-10	3.79e-04	1.00e+00	0.00e+00	0.00e+00	0.00e+00	0.00e+00	0.00e+00	3.52e-235
 5.64036e+11	0.00e+00	1.11e-38	4.87e-29	9.74e-20	7.84e-10	4.04e-04	1.00e+00	0.00e+00	0.00e+00	0.00e+00	0.00e+00	0.00e+00	9.26e-212
 6.08280e+11	0.00e+00	0.00e+00	6.40e-29	1.20e-19	9.00e-10	4.30e-04	1.00e+00	0.00e+00	0.00e+00	0.00e+00	0.00e+00	0.00e+00	5.88e-220
 6.60917e+11	0.00e+00	2.31e-38	8.77e-29	1.52e-19	1.06e-09	4.65e-04	1.00e+00	0.00e+00	0.00e+00	0.00e+00	0.00e+00	0.00e+00	1.14e-210
 7.13528e+11	0.00e+00	0.00e+00	1.19e-28	1.90e-19	1.23e-09	5.00e-04	1.00e+00	0.00e+00	0.00e+00	0.00e+00	0.00e+00	0.00e+00	3.60e-207
 7.59713e+11	0.00e+00	4.63e-38	1.53e-28	2.31e-19	1.40e-09	5.32e-04	9.99e-01	0.00e+00	0.00e+00	0.00e+00	0.00e+00	0.00e+00	0.00e+00
 8.08480e+11	0.00e+00	0.00e+00	2.00e-28	2.82e-19	1.61e-09	5.66e-04	9.99e-01	0.00e+00	0.00e+00	0.00e+00	0.00e+00	0.00e+00	0.00e+00
 8.67728e+11	0.00e+00	9.48e-38	2.73e-28	3.57e-19	1.88e-09	6.10e-04	9.99e-01	0.00e+00	0.00e+00	0.00e+00	0.00e+00	0.00e+00	0.00e+00
 9.26308e+11	0.00e+00	0.00e+00	3.66e-28	4.45e-19	2.19e-09	6.56e-04	9.99e-01	0.00e+00	0.00e+00	0.00e+00	0.00e+00	0.00e+00	0.00e+00
 9.77248e+11	0.00e+00	1.87e-37	4.70e-28	5.38e-19	2.49e-09	6.96e-04	9.99e-01	0.00e+00	0.00e+00	0.00e+00	0.00e+00	0.00e+00	0.00e+00
 1.03255e+12	0.00e+00	0.00e+00	6.13e-28	6.57e-19	2.85e-09	7.41e-04	9.99e-01	0.00e+00	0.00e+00	0.00e+00	0.00e+00	0.00e+00	2.04e-281
 1.10005e+12	0.00e+00	3.84e-37	8.39e-28	8.32e-19	3.35e-09	7.99e-04	9.99e-01	0.00e+00	0.00e+00	0.00e+00	0.00e+00	0.00e+00	3.20e-207
 1.16800e+12	0.00e+00	0.00e+00	1.13e-27	1.05e-18	3.91e-09	8.60e-04	9.99e-01	0.00e+00	0.00e+00	0.00e+00	0.00e+00	0.00e+00	0.00e+00
 1.22848e+12	0.00e+00	7.74e-37	1.47e-27	1.27e-18	4.48e-09	9.16e-04	9.99e-01	0.00e+00	0.00e+00	0.00e+00	0.00e+00	0.00e+00	0.00e+00
 1.29466e+12	0.00e+00	0.00e+00	1.95e-27	1.57e-18	5.17e-09	9.77e-04	9.99e-01	0.00e+00	0.00e+00	0.00e+00	0.00e+00	0.00e+00	0.00e+00
 1.37367e+12	0.00e+00	1.63e-36	2.69e-27	2.01e-18	6.11e-09	1.06e-03	9.99e-01	0.00e+00	0.00e+00	0.00e+00	0.00e+00	0.00e+00	0.00e+00
 1.45231e+12	1.62e-46	2.40e-36	3.67e-27	2.54e-18	7.16e-09	1.14e-03	9.99e-01	0.00e+00	0.00e+00	0.00e+00	0.00e+00	0.00e+00	2.50e-137
 1.52406e+12	0.00e+00	0.00e+00	4.82e-27	3.12e-18	8.25e-09	1.22e-03	9.99e-01	0.00e+00	0.00e+00	0.00e+00	0.00e+00	0.00e+00	0.00e+00
 1.60393e+12	0.00e+00	4.88e-36	6.49e-27	3.90e-18	9.62e-09	1.31e-03	9.99e-01	0.00e+00	0.00e+00	0.00e+00	0.00e+00	0.00e+00	2.46e-155
 1.69701e+12	6.18e-46	7.36e-36	9.05e-27	5.02e-18	1.14e-08	1.42e-03	9.99e-01	0.00e+00	0.00e+00	0.00e+00	0.00e+00	0.00e+00	0.00e+00
 1.78923e+12	0.00e+00	0.00e+00	1.25e-26	6.40e-18	1.35e-08	1.53e-03	9.98e-01	0.00e+00	0.00e+00	0.00e+00	0.00e+00	0.00e+00	0.00e+00
 1.87222e+12	0.00e+00	1.54e-35	1.64e-26	7.89e-18	1.56e-08	1.64e-03	9.98e-01	0.00e+00	0.00e+00	0.00e+00	0.00e+00	0.00e+00	0.00e+00
 1.96128e+12	2.31e-45	2.22e-35	2.20e-26	9.84e-18	1.81e-08	1.75e-03	9.98e-01	0.00e+00	0.00e+00	0.00e+00	0.00e+00	0.00e+00	1.68e-134
 2.06682e+12	0.00e+00	0.00e+00	3.07e-26	1.27e-17	2.15e-08	1.90e-03	9.98e-01	0.00e+00	0.00e+00	0.00e+00	0.00e+00	0.00e+00	0.00e+00
 2.17111e+12	0.00e+00	4.99e-35	4.22e-26	1.61e-17	2.54e-08	2.05e-03	9.98e-01	0.00e+00	0.00e+00	0.00e+00	0.00e+00	0.00e+00	4.97e-152
 2.26678e+12	9.25e-45	7.07e-35	5.60e-26	1.99e-17	2.94e-08	2.20e-03	9.98e-01	0.00e+00	0.00e+00	0.00e+00	0.00e+00	0.00e+00	0.00e+00
 2.35297e+12	0.00e+00	9.63e-35	7.18e-26	2.41e-17	3.35e-08	2.33e-03	9.98e-01	0.00e+00	0.00e+00	0.00e+00	0.00e+00	0.00e+00	4.26e-151
 2.43199e+12	1.86e-44	1.27e-34	8.97e-26	2.85e-17	3.76e-08	2.46e-03	9.98e-01	0.00e+00	0.00e+00	0.00e+00	0.00e+00	0.00e+00	2.53e-198
 2.52259e+12	0.00e+00	1.73e-34	1.15e-25	3.44e-17	4.28e-08	2.62e-03	9.97e-01	0.00e+00	0.00e+00	0.00e+00	0.00e+00	0.00e+00	2.83e-150
 2.64024e+12	4.33e-44	2.56e-34	1.58e-25	4.37e-17	5.03e-08	2.82e-03	9.97e-01	0.00e+00	0.00e+00	0.00e+00	0.00e+00	0.00e+00	0.00e+00
 2.76147e+12	0.00e+00	3.79e-34	2.16e-25	5.54e-17	5.93e-08	3.05e-03	9.97e-01	0.00e+00	0.00e+00	0.00e+00	0.00e+00	0.00e+00	3.56e-149
 2.86229e+12	1.01e-43	5.20e-34	2.79e-25	6.72e-17	6.77e-08	3.24e-03	9.97e-01	0.00e+00	0.00e+00	0.00e+00	0.00e+00	0.00e+00	0.00e+00
 2.96813e+12	0.00e+00	7.21e-34	3.63e-25	8.19e-17	7.75e-08	3.45e-03	9.97e-01	0.00e+00	0.00e+00	0.00e+00	0.00e+00	0.00e+00	2.81e-148
 3.10348e+12	2.43e-43	1.08e-33	5.04e-25	1.05e-16	9.18e-08	3.74e-03	9.96e-01	0.00e+00	0.00e+00	0.00e+00	0.00e+00	0.00e+00	0.00e+00
 3.24567e+12	0.00e+00	1.64e-33	7.03e-25	1.35e-16	1.09e-07	4.05e-03	9.96e-01	0.00e+00	0.00e+00	0.00e+00	0.00e+00	0.00e+00	3.88e-147
 3.37135e+12	6.15e-43	2.35e-33	9.40e-25	1.68e-16	1.27e-07	4.35e-03	9.96e-01	0.00e+00	0.00e+00	0.00e+00	0.00e+00	0.00e+00	3.33e-208
 3.50706e+12	0.00e+00	3.40e-33	1.27e-24	2.10e-16	1.48e-07	4.67e-03	9.95e-01	0.00e+00	0.00e+00	0.00e+00	0.00e+00	0.00e+00	3.98e-146
 3.67040e+12	1.64e-42	5.30e-33	1.81e-24	2.75e-16	1.77e-07	5.10e-03	9.95e-01	0.00e+00	0.00e+00	0.00e+00	0.00e+00	0.00e+00	3.17e-233
 3.83619e+12	0.00e+00	8.21e-33	2.58e-24	3.58e-16	2.13e-07	5.55e-03	9.94e-01	0.00e+00	0.00e+00	0.00e+00	0.00e+00	0.00e+00	6.49e-145
 3.97598e+12	4.31e-42	1.19e-32	3.46e-24	4.47e-16	2.47e-07	5.96e-03	9.94e-01	0.00e+00	0.00e+00	0.00e+00	0.00e+00	0.00e+00	7.76e-206
 4.09414e+12	0.00e+00	1.59e-32	4.38e-24	5.33e-16	2.79e-07	6.31e-03	9.94e-01	0.00e+00	0.00e+00	0.00e+00	0.00e+00	0.00e+00	5.20e-144
 4.22642e+12	9.11e-42	2.21e-32	5.72e-24	6.50e-16	3.19e-07	6.73e-03	9.93e-01	0.00e+00	0.00e+00	0.00e+00	0.00e+00	0.00e+00	0.00e+00
 4.39839e+12	0.00e+00	3.37e-32	8.02e-24	8.37e-16	3.79e-07	7.31e-03	9.93e-01	0.00e+00	0.00e+00	0.00e+00	0.00e+00	0.00e+00	5.43e-143
 4.57730e+12	2.54e-41	5.19e-32	1.13e-23	1.08e-15	4.52e-07	7.95e-03	9.92e-01	0.00e+00	0.00e+00	0.00e+00	0.00e+00	0.00e+00	0.00e+00
 4.72713e+12	0.00e+00	7.39e-32	1.51e-23	1.34e-15	5.23e-07	8.51e-03	9.91e-01	0.00e+00	0.00e+00	0.00e+00	0.00e+00	0.00e+00	6.21e-142
 4.88379e+12	6.02e-41	1.06e-31	2.02e-23	1.67e-15	6.06e-07	9.14e-03	9.91e-01	0.00e+00	0.00e+00	0.00e+00	0.00e+00	0.00e+00	0.00e+00
 5.08675e+12	0.00e+00	1.69e-31	2.93e-23	2.20e-15	7.32e-07	1.00e-02	9.90e-01	0.00e+00	0.00e+00	0.00e+00	0.00e+00	0.00e+00	7.92e-141
 5.29442e+12	1.84e-40	2.70e-31	4.26e-23	2.91e-15	8.84e-07	1.09e-02	9.89e-01	0.00e+00	0.00e+00	0.00e+00	0.00e+00	0.00e+00	0.00e+00
 5.46531e+12	0.00e+00	3.93e-31	5.77e-23	3.65e-15	1.03e-06	1.18e-02	9.88e-01	0.00e+00	0.00e+00	0.00e+00	0.00e+00	0.00e+00	1.03e-139
 5.64386e+12	4.60e-40	5.77e-31	7.87e-23	4.60e-15	1.20e-06	1.27e-02	9.87e-01	0.00e+00	0.00e+00	0.00e+00	0.00e+00	0.00e+00	0.00e+00
 5.84541e+12	0.00e+00	8.85e-31	1.11e-22	5.94e-15	1.43e-06	1.38e-02	9.86e-01	0.00e+00	0.00e+00	0.00e+00	0.00e+00	0.00e+00	1.21e-138
 6.03691e+12	1.24e-39	1.32e-30	1.53e-22	7.54e-15	1.68e-06	1.49e-02	9.85e-01	0.00e+00	0.00e+00	0.00e+00	0.00e+00	0.00e+00	3.76e-241
 6.21822e+12	0.00e+00	1.90e-30	2.06e-22	9.40e-15	1.95e-06	1.60e-02	9.84e-01	0.00e+00	0.00e+00	0.00e+00	0.00e+00	0.00e+00	1.20e-137
 6.42066e+12	3.12e-39	2.84e-30	2.84e-22	1.20e-14	2.29e-06	1.73e-02	9.83e-01	0.00e+00	0.00e+00	0.00e+00	0.00e+00	0.00e+00	2.96e-240
 6.65699e+12	0.00e+00	4.47e-30	4.10e-22	1.57e-14	2.75e-06	1.89e-02	9.81e-01	0.00e+00	0.00e+00	0.00e+00	0.00e+00	0.00e+00	1.55e-136
 6.89304e+12	9.13e-39	6.94e-30	5.85e-22	2.05e-14	3.29e-06	2.06e-02	9.79e-01	0.00e+00	0.00e+00	0.00e+00	0.00e+00	0.00e+00	1.02e-253
 7.11086e+12	0.00e+00	1.03e-29	8.04e-22	2.60e-14	3.86e-06	2.22e-02	9.78e-01	0.00e+00	0.00e+00	0.00e+00	0.00e+00	0.00e+00	1.86e-135
 7.33280e+12	2.32e-38	1.51e-29	1.10e-21	3.28e-14	4.51e-06	2.39e-02	9.76e-01	0.00e+00	0.00e+00	0.00e+00	0.00e+00	0.00e+00	1.22e-253
 7.57705e+12	0.00e+00	2.28e-29	1.54e-21	4.21e-14	5.33e-06	2.59e-02	9.74e-01	0.00e+00	0.00e+00	0.00e+00	0.00e+00	0.00e+00	1.99e-134
 7.83959e+12	6.32e-38	3.49e-29	2.17e-21	5.45e-14	6.34e-06	2.82e-02	9.72e-01	0.00e+00	0.00e+00	0.00e+00	0.00e+00	0.00e+00	2.82e-100
 8.08526e+12	0.00e+00	5.11e-29	2.96e-21	6.88e-14	7.40e-06	3.04e-02	9.70e-01	0.00e+00	0.00e+00	0.00e+00	0.00e+00	0.00e+00	0.00e+00
 8.30247e+12	1.48e-37	7.09e-29	3.86e-21	8.40e-14	8.46e-06	3.24e-02	9.68e-01	0.00e+00	0.00e+00	0.00e+00	0.00e+00	0.00e+00	3.80e-116
 8.54556e+12	0.00e+00	1.01e-28	5.14e-21	1.04e-13	9.76e-06	3.47e-02	9.65e-01	0.00e+00	0.00e+00	0.00e+00	0.00e+00	0.00e+00	1.42e-100
 8.85842e+12	3.79e-37	1.56e-28	7.34e-21	1.36e-13	1.17e-05	3.78e-02	9.62e-01	0.00e+00	0.00e+00	0.00e+00	0.00e+00	0.00e+00	0.00e+00
 9.17516e+12	0.00e+00	2.38e-28	1.04e-20	1.76e-13	1.39e-05	4.10e-02	9.59e-01	0.00e+00	0.00e+00	0.00e+00	0.00e+00	0.00e+00	2.18e-131
 9.43390e+12	9.32e-37	3.32e-28	1.36e-20	2.16e-13	1.59e-05	4.38e-02	9.56e-01	0.00e+00	0.00e+00	0.00e+00	0.00e+00	0.00e+00	5.80e-98
 9.70408e+12	0.00e+00	4.63e-28	1.78e-20	2.65e-13	1.82e-05	4.67e-02	9.53e-01	0.00e+00	0.00e+00	0.00e+00	0.00e+00	0.00e+00	0.00e+00
 1.00553e+13	2.28e-36	7.02e-28	2.50e-20	3.42e-13	2.15e-05	5.07e-02	9.49e-01	0.00e+00	0.00e+00	0.00e+00	0.00e+00	0.00e+00	2.11e-113
 1.04212e+13	0.00e+00	1.06e-27	3.51e-20	4.41e-13	2.55e-05	5.49e-02	9.45e-01	0.00e+00	0.00e+00	0.00e+00	0.00e+00	0.00e+00	3.73e-98
 1.07300e+13	5.58e-36	1.49e-27	4.62e-20	5.42e-13	2.93e-05	5.86e-02	9.41e-01	0.00e+00	0.00e+00	0.00e+00	0.00e+00	0.00e+00	1.70e-112
 1.10551e+13	0.00e+00	2.09e-27	6.10e-20	6.68e-13	3.36e-05	6.26e-02	9.37e-01	0.00e+00	0.00e+00	0.00e+00	0.00e+00	0.00e+00	1.87e-97
 1.14779e+13	1.39e-35	3.20e-27	8.64e-20	8.67e-13	4.00e-05	6.80e-02	9.32e-01	0.00e+00	0.00e+00	0.00e+00	0.00e+00	0.00e+00	1.44e-111
 1.19145e+13	0.00e+00	4.88e-27	1.22e-19	1.12e-12	4.74e-05	7.37e-02	9.26e-01	0.00e+00	0.00e+00	0.00e+00	0.00e+00	0.00e+00	1.41e-96
 1.22784e+13	3.42e-35	6.83e-27	1.60e-19	1.38e-12	5.43e-05	7.86e-02	9.21e-01	0.00e+00	0.00e+00	0.00e+00	0.00e+00	0.00e+00	1.20e-110
 1.26606e+13	0.00e+00	9.59e-27	2.11e-19	1.70e-12	6.23e-05	8.39e-02	9.16e-01	0.00e+00	0.00e+00	0.00e+00	0.00e+00	0.00e+00	7.14e-96
 1.31492e+13	8.42e-35	1.46e-26	2.97e-19	2.20e-12	7.38e-05	9.08e-02	9.09e-01	0.00e+00	0.00e+00	0.00e+00	0.00e+00	0.00e+00	1.01e-109
 1.36569e+13	1.38e-34	2.21e-26	4.18e-19	2.84e-12	8.73e-05	9.82e-02	9.02e-01	0.00e+00	0.00e+00	0.00e+00	0.00e+00	0.00e+00	1.29e-93
 1.40920e+13	2.08e-34	3.11e-26	5.52e-19	3.50e-12	1.00e-04	1.05e-01	8.95e-01	0.00e+00	0.00e+00	0.00e+00	0.00e+00	0.00e+00	8.62e-109
 1.45518e+13	3.14e-34	4.40e-26	7.33e-19	4.33e-12	1.15e-04	1.12e-01	8.88e-01	0.00e+00	0.00e+00	0.00e+00	0.00e+00	0.00e+00	6.82e-93
 1.50713e+13	4.94e-34	6.43e-26	1.00e-18	5.47e-12	1.34e-04	1.20e-01	8.80e-01	0.00e+00	0.00e+00	0.00e+00	0.00e+00	0.00e+00	6.80e-108
 1.55818e+13	7.56e-34	9.21e-26	1.34e-18	6.81e-12	1.55e-04	1.28e-01	8.72e-01	0.00e+00	0.00e+00	0.00e+00	0.00e+00	0.00e+00	4.05e-92
 1.60402e+13	1.10e-33	1.26e-25	1.73e-18	8.24e-12	1.75e-04	1.36e-01	8.64e-01	0.00e+00	0.00e+00	0.00e+00	0.00e+00	0.00e+00	4.58e-107
 1.64262e+13	1.48e-33	1.62e-25	2.13e-18	9.64e-12	1.94e-04	1.42e-01	8.58e-01	0.00e+00	0.00e+00	0.00e+00	0.00e+00	0.00e+00	1.59e-91
 1.68368e+13	2.03e-33	2.11e-25	2.64e-18	1.13e-11	2.16e-04	1.49e-01	8.51e-01	0.00e+00	0.00e+00	0.00e+00	0.00e+00	0.00e+00	2.01e-106
 1.73706e+13	3.01e-33	2.94e-25	3.46e-18	1.39e-11	2.46e-04	1.58e-01	8.41e-01	0.00e+00	0.00e+00	0.00e+00	0.00e+00	0.00e+00	6.72e-91
 1.79233e+13	4.48e-33	4.11e-25	4.55e-18	1.70e-11	2.81e-04	1.68e-01	8.32e-01	0.00e+00	0.00e+00	0.00e+00	0.00e+00	0.00e+00	1.35e-105
 1.83832e+13	6.17e-33	5.38e-25	5.67e-18	2.01e-11	3.13e-04	1.76e-01	8.23e-01	0.00e+00	0.00e+00	0.00e+00	0.00e+00	0.00e+00	2.88e-90
 1.88636e+13	8.54e-33	7.07e-25	7.08e-18	2.37e-11	3.49e-04	1.85e-01	8.15e-01	0.00e+00	0.00e+00	0.00e+00	0.00e+00	0.00e+00	6.36e-105
 1.94881e+13	1.29e-32	9.98e-25	9.39e-18	2.93e-11	3.99e-04	1.97e-01	8.03e-01	0.00e+00	0.00e+00	0.00e+00	0.00e+00	0.00e+00	1.28e-89
 2.01371e+13	1.94e-32	1.41e-24	1.25e-17	3.63e-11	4.58e-04	2.09e-01	7.91e-01	0.00e+00	0.00e+00	0.00e+00	0.00e+00	0.00e+00	4.61e-104
 2.06836e+13	2.72e-32	1.87e-24	1.57e-17	4.31e-11	5.12e-04	2.19e-01	7.80e-01	0.00e+00	0.00e+00	0.00e+00	0.00e+00	0.00e+00	5.83e-89
 2.12595e+13	3.83e-32	2.50e-24	1.99e-17	5.15e-11	5.73e-04	2.30e-01	7.69e-01	0.00e+00	0.00e+00	0.00e+00	0.00e+00	0.00e+00	2.37e-103
 2.20082e+13	5.90e-32	3.60e-24	2.69e-17	6.44e-11	6.61e-04	2.45e-01	7.55e-01	0.00e+00	0.00e+00	0.00e+00	0.00e+00	0.00e+00	2.80e-88
 2.27899e+13	9.13e-32	5.20e-24	3.64e-17	8.08e-11	7.64e-04	2.60e-01	7.39e-01	0.00e+00	0.00e+00	0.00e+00	0.00e+00	0.00e+00	1.93e-102
 2.34551e+13	1.30e-31	7.03e-24	4.66e-17	9.73e-11	8.59e-04	2.73e-01	7.26e-01	0.00e+00	0.00e+00	0.00e+00	0.00e+00	0.00e+00	1.39e-87
 2.41603e+13	1.88e-31	9.58e-24	6.01e-17	1.18e-10	9.69e-04	2.87e-01	7.12e-01	0.00e+00	0.00e+00	0.00e+00	0.00e+00	0.00e+00	1.11e-101
 2.50650e+13	2.97e-31	1.41e-23	8.26e-17	1.49e-10	1.12e-03	3.05e-01	6.93e-01	0.00e+00	0.00e+00	0.00e+00	0.00e+00	0.00e+00	7.23e-87
 2.60118e+13	4.69e-31	2.07e-23	1.14e-16	1.90e-10	1.31e-03	3.25e-01	6.74e-01	0.00e+00	0.00e+00	0.00e+00	0.00e+00	0.00e+00	1.01e-100
 2.68412e+13	6.89e-31	2.87e-23	1.49e-16	2.32e-10	1.48e-03	3.41e-01	6.57e-01	0.00e+00	0.00e+00	0.00e+00	0.00e+00	0.00e+00	3.89e-86
 2.77355e+13	1.03e-30	4.03e-23	1.97e-16	2.86e-10	1.69e-03	3.59e-01	6.39e-01	0.00e+00	0.00e+00	0.00e+00	0.00e+00	0.00e+00	6.79e-100
 2.87276e+13	1.57e-30	5.78e-23	2.66e-16	3.58e-10	1.94e-03	3.79e-01	6.19e-01	0.00e+00	0.00e+00	0.00e+00	0.00e+00	0.00e+00	2.02e-85
 2.95357e+13	2.20e-30	7.69e-23	3.37e-16	4.27e-10	2.16e-03	3.94e-01	6.03e-01	0.00e+00	0.00e+00	0.00e+00	0.00e+00	0.00e+00	4.33e-99
 3.01384e+13	2.80e-30	9.43e-23	3.99e-16	4.84e-10	2.34e-03	4.06e-01	5.92e-01	0.00e+00	0.00e+00	0.00e+00	0.00e+00	0.00e+00	6.37e-85
 3.07849e+13	3.60e-30	1.17e-22	4.77e-16	5.53e-10	2.53e-03	4.18e-01	5.79e-01	0.00e+00	0.00e+00	0.00e+00	0.00e+00	0.00e+00	1.45e-98
 3.16254e+13	4.95e-30	1.53e-22	5.98e-16	6.54e-10	2.81e-03	4.34e-01	5.63e-01	0.00e+00	0.00e+00	0.00e+00	0.00e+00	0.00e+00	1.99e-84
 3.25489e+13	6.94e-30	2.04e-22	7.60e-16	7.83e-10	3.13e-03	4.51e-01	5.46e-01	0.00e+00	0.00e+00	0.00e+00	0.00e+00	0.00e+00	7.29e-98
 3.33953e+13	9.36e-30	2.63e-22	9.40e-16	9.17e-10	3.44e-03	4.66e-01	5.30e-01	0.00e+00	0.00e+00	0.00e+00	0.00e+00	0.00e+00	7.12e-84
 3.43105e+13	1.28e-29	3.43e-22	1.17e-15	1.08e-09	3.80e-03	4.82e-01	5.14e-01	0.00e+00	0.00e+00	0.00e+00	0.00e+00	0.00e+00	3.31e-97
 3.55003e+13	1.89e-29	4.78e-22	1.54e-15	1.32e-09	4.29e-03	5.02e-01	4.94e-01	0.00e+00	0.00e+00	0.00e+00	0.00e+00	0.00e+00	2.94e-83
 3.67059e+13	2.76e-29	6.59e-22	2.01e-15	1.61e-09	4.83e-03	5.21e-01	4.74e-01	0.00e+00	0.00e+00	0.00e+00	0.00e+00	0.00e+00	2.25e-96
 3.76803e+13	3.70e-29	8.44e-22	2.47e-15	1.88e-09	5.28e-03	5.36e-01	4.59e-01	0.00e+00	0.00e+00	0.00e+00	0.00e+00	0.00e+00	1.16e-82
 3.86953e+13	4.96e-29	1.08e-21	3.03e-15	2.18e-09	5.77e-03	5.51e-01	4.43e-01	0.00e+00	0.00e+00	0.00e+00	0.00e+00	0.00e+00	1.00e-95
 4.00149e+13	7.18e-29	1.48e-21	3.92e-15	2.63e-09	6.45e-03	5.70e-01	4.24e-01	0.00e+00	0.00e+00	0.00e+00	0.00e+00	0.00e+00	4.59e-82
 4.14369e+13	1.05e-28	2.04e-21	5.10e-15	3.20e-09	7.22e-03	5.88e-01	4.04e-01	0.00e+00	0.00e+00	0.00e+00	0.00e+00	0.00e+00	6.82e-95
 4.27196e+13	1.46e-28	2.69e-21	6.40e-15	3.77e-09	7.94e-03	6.04e-01	3.88e-01	0.00e+00	0.00e+00	0.00e+00	0.00e+00	0.00e+00	2.05e-81
 4.41143e+13	2.06e-28	3.59e-21	8.07e-15	4.46e-09	8.75e-03	6.20e-01	3.71e-01	0.00e+00	0.00e+00	0.00e+00	0.00e+00	0.00e+00	3.93e-94
 4.58157e+13	3.10e-28	5.05e-21	1.06e-14	5.45e-09	9.82e-03	6.39e-01	3.51e-01	0.00e+00	0.00e+00	0.00e+00	0.00e+00	0.00e+00	1.02e-80
 4.75543e+13	4.59e-28	7.00e-21	1.38e-14	6.58e-09	1.09e-02	6.56e-01	3.33e-01	0.00e+00	0.00e+00	0.00e+00	0.00e+00	0.00e+00	3.18e-93
 4.91471e+13	6.50e-28	9.34e-21	1.74e-14	7.76e-09	1.20e-02	6.71e-01	3.17e-01	0.00e+00	0.00e+00	0.00e+00	0.00e+00	0.00e+00	5.20e-80
 5.05616e+13	8.75e-28	1.20e-20	2.12e-14	8.93e-09	1.30e-02	6.84e-01	3.03e-01	0.00e+00	0.00e+00	0.00e+00	0.00e+00	0.00e+00	1.75e-92
 5.20504e+13	1.18e-27	1.53e-20	2.58e-14	1.03e-08	1.41e-02	6.96e-01	2.90e-01	0.00e+00	0.00e+00	0.00e+00	0.00e+00	0.00e+00	1.97e-79
 5.39647e+13	1.72e-27	2.09e-20	3.30e-14	1.22e-08	1.55e-02	7.10e-01	2.75e-01	0.00e+00	0.00e+00	0.00e+00	0.00e+00	0.00e+00	1.07e-91
 5.59138e+13	2.49e-27	2.83e-20	4.18e-14	1.44e-08	1.70e-02	7.23e-01	2.60e-01	0.00e+00	0.00e+00	0.00e+00	0.00e+00	0.00e+00	1.05e-78
 5.74938e+13	3.32e-27	3.58e-20	5.03e-14	1.64e-08	1.83e-02	7.33e-01	2.49e-01	0.00e+00	0.00e+00	0.00e+00	0.00e+00	0.00e+00	6.25e-91
 5.91124e+13	4.41e-27	4.52e-20	6.04e-14	1.87e-08	1.96e-02	7.43e-01	2.38e-01	0.00e+00	0.00e+00	0.00e+00	0.00e+00	0.00e+00	3.87e-78
 6.12166e+13	6.31e-27	6.07e-20	7.57e-14	2.19e-08	2.14e-02	7.54e-01	2.25e-01	0.00e+00	0.00e+00	0.00e+00	0.00e+00	0.00e+00	3.59e-90
 6.34615e+13	9.12e-27	8.20e-20	9.59e-14	2.58e-08	2.34e-02	7.65e-01	2.12e-01	0.00e+00	0.00e+00	0.00e+00	0.00e+00	0.00e+00	2.05e-77
 6.54296e+13	1.25e-26	1.06e-19	1.17e-13	2.95e-08	2.51e-02	7.74e-01	2.01e-01	0.00e+00	0.00e+00	0.00e+00	0.00e+00	0.00e+00	2.28e-89
 6.75285e+13	1.72e-26	1.37e-19	1.42e-13	3.39e-08	2.71e-02	7.82e-01	1.91e-01	0.00e+00	0.00e+00	0.00e+00	0.00e+00	0.00e+00	8.94e-77
 7.01042e+13	2.51e-26	1.86e-19	1.80e-13	3.98e-08	2.96e-02	7.91e-01	1.79e-01	0.00e+00	0.00e+00	0.00e+00	0.00e+00	0.00e+00	2.17e-76
 7.27241e+13	3.63e-26	2.52e-19	2.27e-13	4.67e-08	3.21e-02	8.00e-01	1.68e-01	0.00e+00	0.00e+00	0.00e+00	0.00e+00	0.00e+00	5.20e-76
 7.50777e+13	5.01e-26	3.27e-19	2.77e-13	5.35e-08	3.46e-02	8.06e-01	1.59e-01	0.00e+00	0.00e+00	0.00e+00	0.00e+00	0.00e+00	1.10e-75
 7.76607e+13	7.03e-26	4.31e-19	3.42e-13	6.18e-08	3.73e-02	8.13e-01	1.50e-01	0.00e+00	0.00e+00	0.00e+00	0.00e+00	0.00e+00	2.46e-75
 8.07179e+13	1.04e-25	5.89e-19	4.34e-13	7.27e-08	4.06e-02	8.20e-01	1.40e-01	0.00e+00	0.00e+00	0.00e+00	0.00e+00	0.00e+00	6.13e-75
 8.37352e+13	1.50e-25	7.93e-19	5.45e-13	8.48e-08	4.41e-02	8.25e-01	1.31e-01	0.00e+00	0.00e+00	0.00e+00	0.00e+00	0.00e+00	1.46e-74
 8.65043e+13	2.07e-25	1.03e-18	6.66e-13	9.72e-08	4.73e-02	8.30e-01	1.23e-01	0.00e+00	0.00e+00	0.00e+00	0.00e+00	0.00e+00	3.15e-74
 8.91811e+13	2.81e-25	1.32e-18	8.03e-13	1.10e-07	5.05e-02	8.33e-01	1.16e-01	0.00e+00	0.00e+00	0.00e+00	0.00e+00	0.00e+00	6.46e-74
 9.22345e+13	3.92e-25	1.73e-18	9.86e-13	1.27e-07	5.42e-02	8.37e-01	1.09e-01	0.00e+00	0.00e+00	0.00e+00	0.00e+00	0.00e+00	1.43e-73
 9.55788e+13	5.58e-25	2.30e-18	1.23e-12	1.47e-07	5.85e-02	8.40e-01	1.02e-01	0.00e+00	0.00e+00	0.00e+00	0.00e+00	0.00e+00	3.30e-73
 9.84858e+13	7.50e-25	2.92e-18	1.47e-12	1.66e-07	6.23e-02	8.42e-01	9.61e-02	0.00e+00	0.00e+00	0.00e+00	0.00e+00	0.00e+00	6.60e-73
 1.00882e+14	9.51e-25	3.53e-18	1.70e-12	1.84e-07	6.55e-02	8.43e-01	9.18e-02	0.00e+00	0.00e+00	0.00e+00	0.00e+00	0.00e+00	1.16e-72
 1.03429e+14	1.22e-24	4.31e-18	1.98e-12	2.03e-07	6.90e-02	8.44e-01	8.74e-02	0.00e+00	0.00e+00	0.00e+00	0.00e+00	0.00e+00	2.09e-72
 1.06740e+14	1.66e-24	5.53e-18	2.40e-12	2.32e-07	7.37e-02	8.44e-01	8.19e-02	0.00e+00	0.00e+00	0.00e+00	0.00e+00	0.00e+00	4.31e-72
 1.10176e+14	2.26e-24	7.12e-18	2.91e-12	2.63e-07	7.85e-02	8.45e-01	7.69e-02	0.00e+00	0.00e+00	0.00e+00	0.00e+00	0.00e+00	9.12e-72
 1.13079e+14	2.92e-24	8.74e-18	3.41e-12	2.93e-07	8.29e-02	8.44e-01	7.28e-02	0.00e+00	0.00e+00	0.00e+00	0.00e+00	0.00e+00	1.65e-71
 1.16161e+14	3.79e-24	1.08e-17	4.00e-12	3.26e-07	8.74e-02	8.44e-01	6.90e-02	0.00e+00	0.00e+00	0.00e+00	0.00e+00	0.00e+00	3.11e-71
 1.20166e+14	5.27e-24	1.41e-17	4.93e-12	3.75e-07	9.36e-02	8.42e-01	6.41e-02	0.00e+00	0.00e+00	0.00e+00	0.00e+00	0.00e+00	6.71e-71
 1.24263e+14	7.31e-24	1.84e-17	6.02e-12	4.29e-07	1.00e-01	8.40e-01	5.98e-02	0.00e+00	0.00e+00	0.00e+00	0.00e+00	0.00e+00	1.46e-70
 1.27641e+14	9.46e-24	2.27e-17	7.09e-12	4.79e-07	1.06e-01	8.38e-01	5.63e-02	0.00e+00	0.00e+00	0.00e+00	0.00e+00	0.00e+00	2.67e-70
 1.31191e+14	1.23e-23	2.81e-17	8.35e-12	5.35e-07	1.11e-01	8.36e-01	5.31e-02	0.00e+00	0.00e+00	0.00e+00	0.00e+00	0.00e+00	5.02e-70
 1.35808e+14	1.72e-23	3.69e-17	1.03e-11	6.16e-07	1.19e-01	8.32e-01	4.91e-02	0.00e+00	0.00e+00	0.00e+00	0.00e+00	0.00e+00	1.10e-69
 1.40618e+14	2.40e-23	4.83e-17	1.27e-11	7.07e-07	1.27e-01	8.27e-01	4.55e-02	0.00e+00	0.00e+00	0.00e+00	1.54e-17	3.29e-17	2.43e-69
 1.44727e+14	3.16e-23	6.05e-17	1.50e-11	7.93e-07	1.35e-01	8.23e-01	4.26e-02	0.00e+00	0.00e+00	0.00e+00	2.00e-17	4.04e-17	4.70e-69
 1.49114e+14	4.20e-23	7.62e-17	1.80e-11	8.93e-07	1.42e-01	8.18e-01	3.98e-02	0.00e+00	0.00e+00	0.00e+00	2.52e-17	5.09e-17	9.21e-69
 1.54641e+14	5.91e-23	1.01e-16	2.23e-11	1.03e-06	1.52e-01	8.11e-01	3.66e-02	0.00e+00	0.00e+00	0.00e+00	3.33e-17	6.73e-17	2.06e-68
 1.60341e+14	8.35e-23	1.33e-16	2.76e-11	1.19e-06	1.63e-01	8.04e-01	3.36e-02	0.00e+00	0.00e+00	0.00e+00	4.41e-17	8.90e-17	4.71e-68
 1.65359e+14	1.11e-22	1.68e-16	3.32e-11	1.34e-06	1.72e-01	7.96e-01	3.12e-02	0.00e+00	0.00e+00	0.00e+00	5.57e-17	1.12e-16	9.18e-68
 1.70800e+14	1.50e-22	2.15e-16	4.01e-11	1.52e-06	1.83e-01	7.89e-01	2.89e-02	0.00e+00	0.00e+00	0.00e+00	7.11e-17	1.44e-16	1.90e-67
 1.77368e+14	2.13e-22	2.86e-16	5.00e-11	1.77e-06	1.95e-01	7.78e-01	2.63e-02	0.00e+00	0.00e+00	0.00e+00	9.46e-17	1.91e-16	4.34e-67
 1.83880e+14	2.98e-22	3.75e-16	6.16e-11	2.02e-06	2.08e-01	7.68e-01	2.41e-02	0.00e+00	0.00e+00	0.00e+00	1.24e-16	2.51e-16	9.72e-67
 1.89704e+14	3.98e-22	4.75e-16	7.38e-11	2.28e-06	2.19e-01	7.59e-01	2.23e-02	0.00e+00	0.00e+00	0.00e+00	1.57e-16	3.18e-16	1.97e-66
 1.96154e+14	5.40e-22	6.09e-16	8.94e-11	2.58e-06	2.32e-01	7.48e-01	2.05e-02	0.00e+00	0.00e+00	0.00e+00	2.01e-16	4.07e-16	4.09e-66
 2.03810e+14	7.61e-22	8.06e-16	1.11e-10	2.99e-06	2.47e-01	7.35e-01	1.85e-02	0.00e+00	0.00e+00	0.00e+00	2.67e-16	5.39e-16	9.26e-66
 2.11402e+14	1.06e-21	1.06e-15	1.37e-10	3.42e-06	2.62e-01	7.22e-01	1.69e-02	0.00e+00	0.00e+00	0.00e+00	3.49e-16	7.07e-16	2.09e-65
 2.17739e+14	1.39e-21	1.31e-15	1.62e-10	3.81e-06	2.74e-01	7.10e-01	1.56e-02	0.00e+00	0.00e+00	0.00e+00	4.34e-16	8.77e-16	3.98e-65
 2.22844e+14	1.70e-21	1.55e-15	1.84e-10	4.14e-06	2.84e-01	7.01e-01	1.47e-02	0.00e+00	0.00e+00	0.00e+00	5.13e-16	1.04e-15	6.55e-65
 2.28245e+14	2.11e-21	1.85e-15	2.11e-10	4.51e-06	2.94e-01	6.92e-01	1.38e-02	0.00e+00	0.00e+00	0.00e+00	6.10e-16	1.24e-15	1.11e-64
 2.35267e+14	2.78e-21	2.31e-15	2.49e-10	5.03e-06	3.08e-01	6.79e-01	1.27e-02	0.00e+00	0.00e+00	0.00e+00	7.62e-16	1.54e-15	2.19e-64
 2.42656e+14	3.63e-21	2.87e-15	2.96e-10	5.62e-06	3.22e-01	6.66e-01	1.17e-02	0.00e+00	0.00e+00	0.00e+00	9.48e-16	1.92e-15	4.19e-64
 2.48951e+14	4.57e-21	3.45e-15	3.40e-10	6.14e-06	3.34e-01	6.55e-01	1.09e-02	0.00e+00	0.00e+00	0.00e+00	1.14e-15	2.31e-15	7.38e-64
 2.55563e+14	5.77e-21	4.17e-15	3.92e-10	6.71e-06	3.46e-01	6.43e-01	1.01e-02	0.00e+00	0.00e+00	0.00e+00	1.38e-15	2.79e-15	1.32e-63
 2.64159e+14	7.66e-21	5.25e-15	4.69e-10	7.53e-06	3.62e-01	6.28e-01	9.24e-03	0.00e+00	0.00e+00	0.00e+00	1.73e-15	3.51e-15	2.66e-63
 2.73017e+14	1.03e-20	6.63e-15	5.59e-10	8.41e-06	3.78e-01	6.13e-01	8.43e-03	0.00e+00	0.00e+00	0.00e+00	2.19e-15	4.44e-15	5.51e-63
 2.80419e+14	1.30e-20	8.02e-15	6.44e-10	9.19e-06	3.92e-01	6.01e-01	7.82e-03	0.00e+00	0.00e+00	0.00e+00	2.65e-15	5.37e-15	9.96e-63
 2.88245e+14	1.65e-20	9.71e-15	7.45e-10	1.01e-05	4.05e-01	5.87e-01	7.23e-03	0.00e+00	0.00e+00	0.00e+00	3.20e-15	6.51e-15	1.81e-62
 2.98420e+14	2.22e-20	1.24e-14	8.93e-10	1.13e-05	4.23e-01	5.71e-01	6.54e-03	0.00e+00	0.00e+00	0.00e+00	4.08e-15	8.29e-15	3.87e-62
 3.09099e+14	2.98e-20	1.57e-14	1.07e-09	1.26e-05	4.41e-01	5.53e-01	5.90e-03	0.00e+00	0.00e+00	0.00e+00	5.17e-15	1.05e-14	8.10e-62
 3.18254e+14	3.84e-20	1.92e-14	1.25e-09	1.38e-05	4.55e-01	5.39e-01	5.42e-03	0.00e+00	0.00e+00	0.00e+00	6.33e-15	1.29e-14	1.54e-61
 3.27974e+14	4.97e-20	2.36e-14	1.45e-09	1.52e-05	4.71e-01	5.24e-01	4.96e-03	0.00e+00	0.00e+00	0.00e+00	7.79e-15	1.58e-14	3.00e-61
 3.40152e+14	6.78e-20	3.03e-14	1.75e-09	1.70e-05	4.89e-01	5.06e-01	4.45e-03	0.00e+00	0.00e+00	0.00e+00	9.98e-15	2.03e-14	6.65e-61
 3.52873e+14	9.15e-20	3.86e-14	2.11e-09	1.90e-05	5.08e-01	4.88e-01	3.98e-03	0.00e+00	0.00e+00	0.00e+00	1.27e-14	2.59e-14	1.43e-60
 3.64307e+14	1.20e-19	4.78e-14	2.47e-09	2.09e-05	5.24e-01	4.72e-01	3.61e-03	0.00e+00	0.00e+00	0.00e+00	1.57e-14	3.21e-14	2.90e-60
 3.76723e+14	1.59e-19	6.00e-14	2.91e-09	2.31e-05	5.41e-01	4.56e-01	3.26e-03	0.00e+00	0.00e+00	0.00e+00	1.97e-14	4.02e-14	6.07e-60
 3.91431e+14	2.16e-19	7.68e-14	3.52e-09	2.58e-05	5.60e-01	4.37e-01	2.89e-03	0.00e+00	0.00e+00	0.00e+00	2.52e-14	5.15e-14	1.35e-59
 4.05984e+14	2.95e-19	9.82e-14	4.19e-09	2.86e-05	5.78e-01	4.19e-01	2.58e-03	0.00e+00	0.00e+00	0.00e+00	3.23e-14	6.59e-14	3.07e-59
 4.19474e+14	3.82e-19	1.21e-13	4.92e-09	3.15e-05	5.95e-01	4.03e-01	2.32e-03	0.00e+00	0.00e+00	0.00e+00	3.97e-14	8.11e-14	5.98e-59
 4.31136e+14	4.80e-19	1.45e-13	5.61e-09	3.39e-05	6.08e-01	3.90e-01	2.13e-03	0.00e+00	0.00e+00	0.00e+00	4.75e-14	9.71e-14	1.10e-58
 4.41008e+14	5.76e-19	1.68e-13	6.24e-09	3.61e-05	6.18e-01	3.80e-01	1.98e-03	0.00e+00	0.00e+00	0.00e+00	5.50e-14	1.13e-13	1.80e-58
 4.52132e+14	7.06e-19	1.97e-13	7.02e-09	3.87e-05	6.30e-01	3.68e-01	1.83e-03	0.00e+00	0.00e+00	0.00e+00	6.46e-14	1.32e-13	3.08e-58
 4.66595e+14	9.04e-19	2.40e-13	8.16e-09	4.22e-05	6.45e-01	3.53e-01	1.65e-03	0.00e+00	0.00e+00	0.00e+00	7.86e-14	1.61e-13	5.94e-58
 4.81638e+14	1.17e-18	2.95e-13	9.45e-09	4.59e-05	6.59e-01	3.39e-01	1.48e-03	0.00e+00	0.00e+00	0.00e+00	9.67e-14	1.98e-13	1.21e-57
 4.94369e+14	1.44e-18	3.47e-13	1.07e-08	4.92e-05	6.71e-01	3.28e-01	1.36e-03	0.00e+00	0.00e+00	0.00e+00	1.14e-13	2.33e-13	2.07e-57
 5.07849e+14	1.78e-18	4.12e-13	1.21e-08	5.28e-05	6.83e-01	3.16e-01	1.24e-03	0.00e+00	0.00e+00	0.00e+00	1.35e-13	2.77e-13	3.72e-57
 5.25374e+14	2.32e-18	5.08e-13	1.41e-08	5.78e-05	6.97e-01	3.01e-01	1.11e-03	0.00e+00	0.00e+00	0.00e+00	1.66e-13	3.41e-13	7.52e-57
 5.43434e+14	3.04e-18	6.30e-13	1.65e-08	6.30e-05	7.11e-01	2.87e-01	9.88e-04	0.00e+00	0.00e+00	0.00e+00	2.06e-13	4.24e-13	1.58e-56
 5.58513e+14	3.77e-18	7.45e-13	1.87e-08	6.77e-05	7.23e-01	2.76e-01	8.97e-04	0.00e+00	0.00e+00	0.00e+00	2.44e-13	5.01e-13	2.79e-56
 5.74440e+14	4.68e-18	8.87e-13	2.12e-08	7.26e-05	7.34e-01	2.65e-01	8.15e-04	0.00e+00	0.00e+00	0.00e+00	2.90e-13	5.97e-13	5.10e-56
 5.95126e+14	6.14e-18	1.10e-12	2.49e-08	7.95e-05	7.48e-01	2.51e-01	7.19e-04	0.00e+00	0.00e+00	0.00e+00	3.59e-13	7.40e-13	1.06e-55
 6.16751e+14	8.09e-18	1.37e-12	2.93e-08	8.68e-05	7.61e-01	2.38e-01	6.34e-04	0.00e+00	0.00e+00	0.00e+00	4.48e-13	9.25e-13	2.29e-55
 6.35362e+14	1.02e-17	1.64e-12	3.35e-08	9.36e-05	7.72e-01	2.27e-01	5.70e-04	0.00e+00	0.00e+00	0.00e+00	5.36e-13	1.11e-12	4.25e-55
 6.55304e+14	1.28e-17	1.98e-12	3.84e-08	1.01e-04	7.83e-01	2.17e-01	5.10e-04	0.00e+00	0.00e+00	0.00e+00	6.45e-13	1.33e-12	8.04e-55
 6.79922e+14	1.71e-17	2.48e-12	4.52e-08	1.11e-04	7.95e-01	2.04e-01	4.46e-04	0.00e+00	0.00e+00	0.00e+00	8.08e-13	1.67e-12	1.77e-54
 7.04735e+14	2.22e-17	3.07e-12	5.29e-08	1.21e-04	8.07e-01	1.93e-01	3.91e-04	0.00e+00	0.00e+00	0.00e+00	1.00e-12	2.07e-12	3.73e-54
 7.26397e+14	2.80e-17	3.68e-12	6.05e-08	1.30e-04	8.17e-01	1.83e-01	3.49e-04	0.00e+00	0.00e+00	0.00e+00	1.20e-12	2.48e-12	6.96e-54
 7.49843e+14	3.55e-17	4.45e-12	6.95e-08	1.40e-04	8.26e-01	1.74e-01	3.10e-04	0.00e+00	0.00e+00	0.00e+00	1.45e-12	3.00e-12	1.35e-53
 7.78372e+14	4.69e-17	5.56e-12	8.19e-08	1.53e-04	8.37e-01	1.63e-01	2.70e-04	3.84e-18	1.15e-17	1.93e-17	1.81e-12	3.75e-12	2.93e-53
 8.06930e+14	6.07e-17	6.86e-12	9.57e-08	1.67e-04	8.47e-01	1.53e-01	2.35e-04	4.97e-18	1.49e-17	2.49e-17	2.23e-12	4.63e-12	6.13e-53
 8.32319e+14	7.66e-17	8.24e-12	1.10e-07	1.80e-04	8.55e-01	1.45e-01	2.09e-04	6.28e-18	1.89e-17	3.15e-17	2.68e-12	5.56e-12	1.16e-52
 8.60166e+14	9.76e-17	1.00e-11	1.26e-07	1.94e-04	8.63e-01	1.37e-01	1.84e-04	7.99e-18	2.40e-17	4.01e-17	3.25e-12	6.75e-12	2.30e-52
 8.93439e+14	1.29e-16	1.25e-11	1.49e-07	2.12e-04	8.72e-01	1.27e-01	1.58e-04	1.05e-17	3.17e-17	5.29e-17	4.05e-12	8.43e-12	4.99e-52
 9.24303e+14	1.65e-16	1.52e-11	1.72e-07	2.30e-04	8.80e-01	1.20e-01	1.39e-04	1.35e-17	4.05e-17	6.77e-17	4.94e-12	1.03e-11	1.01e-51
 9.49553e+14	1.98e-16	1.77e-11	1.94e-07	2.45e-04	8.86e-01	1.14e-01	1.25e-04	1.63e-17	4.88e-17	8.16e-17	5.75e-12	1.20e-11	1.72e-51
 9.72668e+14	2.36e-16	2.04e-11	2.15e-07	2.59e-04	8.91e-01	1.09e-01	1.14e-04	1.93e-17	5.81e-17	9.71e-17	6.61e-12	1.38e-11	2.81e-51
 9.98421e+14	2.86e-16	2.37e-11	2.40e-07	2.75e-04	8.96e-01	1.04e-01	1.02e-04	2.35e-17	7.05e-17	1.18e-16	7.69e-12	1.60e-11	4.81e-51
 1.02728e+15	3.48e-16	2.79e-11	2.71e-07	2.93e-04	9.01e-01	9.82e-02	9.13e-05	2.85e-17	8.57e-17	1.43e-16	9.04e-12	1.88e-11	8.51e-51
 1.05442e+15	4.23e-16	3.25e-11	3.03e-07	3.12e-04	9.06e-01	9.34e-02	8.21e-05	3.47e-17	1.04e-16	1.74e-16	1.05e-11	2.19e-11	1.46e-50
 1.08001e+15	4.98e-16	3.72e-11	3.36e-07	3.29e-04	9.10e-01	8.92e-02	7.46e-05	4.09e-17	1.23e-16	2.05e-16	1.21e-11	2.51e-11	2.36e-50
 1.10933e+15	6.07e-16	4.35e-11	3.77e-07	3.51e-04	9.15e-01	8.46e-02	6.67e-05	4.98e-17	1.50e-16	2.50e-16	1.41e-11	2.94e-11	4.10e-50
 1.14236e+15	7.48e-16	5.15e-11	4.27e-07	3.75e-04	9.20e-01	7.99e-02	5.93e-05	6.14e-17	1.85e-16	3.09e-16	1.67e-11	3.48e-11	7.49e-50
 1.17376e+15	9.07e-16	6.01e-11	4.79e-07	3.99e-04	9.24e-01	7.57e-02	5.30e-05	7.45e-17	2.24e-16	3.74e-16	1.95e-11	4.06e-11	1.29e-49
 1.20814e+15	1.11e-15	7.08e-11	5.41e-07	4.26e-04	9.28e-01	7.16e-02	4.71e-05	9.13e-17	2.74e-16	4.58e-16	2.29e-11	4.79e-11	2.33e-49
 1.24631e+15	1.38e-15	8.45e-11	6.17e-07	4.58e-04	9.32e-01	6.72e-02	4.14e-05	1.13e-16	3.41e-16	5.70e-16	2.74e-11	5.71e-11	4.34e-49
 1.28168e+15	1.68e-15	9.91e-11	6.94e-07	4.87e-04	9.36e-01	6.36e-02	3.69e-05	1.38e-16	4.16e-16	6.95e-16	3.21e-11	6.70e-11	7.70e-49
 1.31992e+15	2.07e-15	1.17e-10	7.86e-07	5.21e-04	9.40e-01	5.99e-02	3.26e-05	1.71e-16	5.12e-16	8.56e-16	3.79e-11	7.92e-11	1.40e-48
 1.36304e+15	2.55e-15	1.40e-10	8.99e-07	5.60e-04	9.43e-01	5.61e-02	2.86e-05	2.10e-16	6.31e-16	1.05e-15	4.52e-11	9.44e-11	2.60e-48
 1.40434e+15	3.19e-15	1.66e-10	1.02e-06	6.00e-04	9.47e-01	5.27e-02	2.51e-05	2.62e-16	7.88e-16	1.32e-15	5.39e-11	1.12e-10	4.86e-48
 1.44986e+15	3.99e-15	1.99e-10	1.17e-06	6.44e-04	9.50e-01	4.94e-02	2.20e-05	3.28e-16	9.86e-16	1.65e-15	6.45e-11	1.35e-10	9.31e-48
 1.50082e+15	5.05e-15	2.42e-10	1.35e-06	6.97e-04	9.53e-01	4.60e-02	1.90e-05	4.16e-16	1.25e-15	2.09e-15	7.83e-11	1.64e-10	1.86e-47
 1.54900e+15	6.30e-15	2.89e-10	1.54e-06	7.48e-04	9.56e-01	4.31e-02	1.66e-05	5.20e-16	1.56e-15	2.61e-15	9.37e-11	1.96e-10	3.54e-47
 1.60179e+15	7.94e-15	3.49e-10	1.77e-06	8.06e-04	9.59e-01	4.01e-02	1.44e-05	6.55e-16	1.97e-15	3.29e-15	1.13e-10	2.36e-10	6.93e-47
 1.66427e+15	1.04e-14	4.34e-10	2.08e-06	8.79e-04	9.62e-01	3.70e-02	1.22e-05	8.57e-16	2.57e-15	4.30e-15	1.41e-10	2.94e-10	1.51e-46
 1.72473e+15	1.29e-14	5.25e-10	2.41e-06	9.52e-04	9.65e-01	3.44e-02	1.05e-05	1.07e-15	3.20e-15	5.35e-15	1.70e-10	3.55e-10	2.96e-46
 1.77843e+15	1.59e-14	6.23e-10	2.74e-06	1.02e-03	9.67e-01	3.22e-02	9.19e-06	1.32e-15	3.96e-15	6.61e-15	2.02e-10	4.21e-10	5.49e-46
 1.82469e+15	1.94e-14	7.27e-10	3.05e-06	1.08e-03	9.68e-01	3.04e-02	8.22e-06	1.60e-15	4.81e-15	8.04e-15	2.35e-10	4.91e-10	9.56e-46
 1.86455e+15	2.24e-14	8.20e-10	3.34e-06	1.13e-03	9.70e-01	2.91e-02	7.48e-06	1.86e-15	5.57e-15	9.31e-15	2.66e-10	5.54e-10	1.47e-45
 1.90938e+15	2.60e-14	9.30e-10	3.69e-06	1.20e-03	9.71e-01	2.76e-02	6.74e-06	2.15e-15	6.46e-15	1.08e-14	3.01e-10	6.28e-10	2.30e-45
 1.96765e+15	3.25e-14	1.11e-09	4.18e-06	1.28e-03	9.73e-01	2.58e-02	5.90e-06	2.69e-15	8.09e-15	1.35e-14	3.60e-10	7.50e-10	4.36e-45
 2.02771e+15	3.94e-14	1.31e-09	4.74e-06	1.37e-03	9.74e-01	2.42e-02	5.17e-06	3.26e-15	9.80e-15	1.64e-14	4.23e-10	8.83e-10	7.80e-45
 2.07704e+15	4.64e-14	1.50e-09	5.23e-06	1.45e-03	9.76e-01	2.30e-02	4.66e-06	3.84e-15	1.15e-14	1.93e-14	4.85e-10	1.01e-09	1.27e-44
 2.12811e+15	5.38e-14	1.70e-09	5.79e-06	1.53e-03	9.77e-01	2.18e-02	4.18e-06	4.46e-15	1.34e-14	2.24e-14	5.51e-10	1.15e-09	2.00e-44
 2.19451e+15	6.75e-14	2.03e-09	6.58e-06	1.64e-03	9.78e-01	2.03e-02	3.64e-06	5.60e-15	1.68e-14	2.81e-14	6.60e-10	1.37e-09	3.82e-44
 2.26350e+15	8.16e-14	2.40e-09	7.48e-06	1.76e-03	9.79e-01	1.90e-02	3.17e-06	6.78e-15	2.04e-14	3.40e-14	7.79e-10	1.62e-09	6.90e-44
 2.32115e+15	9.72e-14	2.77e-09	8.31e-06	1.86e-03	9.80e-01	1.79e-02	2.83e-06	8.08e-15	2.43e-14	4.06e-14	8.99e-10	1.87e-09	1.16e-43
 2.38139e+15	1.14e-13	3.18e-09	9.23e-06	1.98e-03	9.81e-01	1.69e-02	2.53e-06	9.51e-15	2.86e-14	4.77e-14	1.03e-09	2.15e-09	1.89e-43
 2.45969e+15	1.42e-13	3.81e-09	1.06e-05	2.13e-03	9.82e-01	1.57e-02	2.18e-06	1.19e-14	3.56e-14	5.95e-14	1.24e-09	2.57e-09	3.65e-43
 2.54127e+15	1.73e-13	4.53e-09	1.21e-05	2.29e-03	9.83e-01	1.46e-02	1.88e-06	1.44e-14	4.33e-14	7.24e-14	1.47e-09	3.06e-09	6.75e-43
 2.61004e+15	2.08e-13	5.27e-09	1.35e-05	2.44e-03	9.84e-01	1.38e-02	1.66e-06	1.73e-14	5.20e-14	8.69e-14	1.71e-09	3.56e-09	1.17e-42
 2.68241e+15	2.46e-13	6.10e-09	1.51e-05	2.60e-03	9.84e-01	1.29e-02	1.47e-06	2.05e-14	6.16e-14	1.03e-13	1.98e-09	4.12e-09	1.97e-42
 2.77648e+15	3.09e-13	7.39e-09	1.74e-05	2.81e-03	9.85e-01	1.19e-02	1.25e-06	2.59e-14	7.77e-14	1.30e-13	2.40e-09	4.99e-09	3.94e-42
 2.87531e+15	3.84e-13	8.93e-09	2.02e-05	3.05e-03	9.86e-01	1.10e-02	1.06e-06	3.21e-14	9.65e-14	1.61e-13	2.90e-09	6.02e-09	7.78e-42
 2.96029e+15	4.55e-13	1.04e-08	2.27e-05	3.26e-03	9.86e-01	1.03e-02	9.31e-07	3.82e-14	1.15e-13	1.91e-13	3.39e-09	7.02e-09	1.35e-41
 3.05075e+15	5.47e-13	1.22e-08	2.57e-05	3.50e-03	9.87e-01	9.58e-03	0.00e+00	4.59e-14	1.38e-13	2.30e-13	3.98e-09	8.24e-09	2.45e-41
 3.16393e+15	6.86e-13	1.49e-08	2.99e-05	3.81e-03	9.87e-01	8.80e-03	0.00e+00	5.76e-14	1.73e-13	2.89e-13	4.85e-09	1.00e-08	5.01e-41
 3.28048e+15	8.65e-13	1.82e-08	3.47e-05	4.15e-03	9.88e-01	8.07e-03	0.00e+00	7.27e-14	2.18e-13	3.65e-13	5.93e-09	1.23e-08	1.04e-40
 3.36902e+15	9.93e-13	2.07e-08	3.86e-05	4.41e-03	9.88e-01	7.58e-03	0.00e+00	8.36e-14	2.51e-13	4.19e-13	6.76e-09	1.40e-08	1.67e-40
 3.43379e+15	1.14e-12	2.33e-08	4.18e-05	4.61e-03	9.88e-01	7.24e-03	0.00e+00	9.58e-14	2.88e-13	4.81e-13	7.60e-09	1.57e-08	2.57e-40
 3.50445e+15	1.29e-12	2.60e-08	4.54e-05	4.84e-03	9.88e-01	6.89e-03	0.00e+00	1.09e-13	3.26e-13	5.45e-13	8.48e-09	1.75e-08	3.83e-40
 3.59630e+15	1.49e-12	2.97e-08	5.05e-05	5.14e-03	9.88e-01	6.48e-03	0.00e+00	1.26e-13	3.77e-13	6.30e-13	9.68e-09	2.00e-08	6.12e-40
 3.69692e+15	1.75e-12	3.44e-08	5.66e-05	5.48e-03	9.88e-01	6.06e-03	0.00e+00	1.48e-13	4.44e-13	7.42e-13	1.12e-08	2.32e-08	1.06e-39
 3.78805e+15	2.03e-12	3.93e-08	6.25e-05	5.80e-03	9.88e-01	5.72e-03	0.00e+00	1.72e-13	5.15e-13	8.60e-13	1.28e-08	2.64e-08	1.72e-39
 3.88559e+15	2.39e-12	4.53e-08	6.93e-05	6.17e-03	9.88e-01	5.37e-03	0.00e+00	2.03e-13	6.09e-13	1.02e-12	1.48e-08	3.05e-08	2.92e-39
 3.99548e+15	2.75e-12	5.18e-08	7.76e-05	6.58e-03	9.88e-01	5.03e-03	0.00e+00	2.33e-13	7.00e-13	1.17e-12	1.69e-08	3.49e-08	4.72e-39
 4.09905e+15	3.26e-12	6.04e-08	8.63e-05	7.00e-03	9.88e-01	4.72e-03	0.00e+00	2.77e-13	8.31e-13	1.39e-12	1.98e-08	4.07e-08	8.44e-39
 4.19597e+15	3.72e-12	6.84e-08	9.49e-05	7.38e-03	9.88e-01	4.46e-03	0.00e+00	3.16e-13	9.49e-13	1.59e-12	2.24e-08	4.60e-08	1.33e-38
 4.30659e+15	4.26e-12	7.76e-08	1.05e-04	7.84e-03	9.88e-01	4.19e-03	0.00e+00	3.62e-13	1.09e-12	1.82e-12	2.54e-08	5.22e-08	2.13e-38
 4.45040e+15	5.27e-12	9.40e-08	1.21e-04	8.48e-03	9.88e-01	3.86e-03	0.00e+00	4.49e-13	1.35e-12	2.25e-12	3.08e-08	6.32e-08	4.50e-38
 4.59474e+15	6.19e-12	1.11e-07	1.37e-04	9.14e-03	9.87e-01	3.57e-03	0.00e+00	5.28e-13	1.58e-12	2.65e-12	3.63e-08	7.44e-08	8.37e-38
 4.70953e+15	7.10e-12	1.26e-07	1.52e-04	9.68e-03	9.87e-01	3.37e-03	0.00e+00	6.06e-13	1.82e-12	3.04e-12	4.12e-08	8.44e-08	1.35e-37
 4.82850e+15	8.23e-12	1.45e-07	1.68e-04	1.03e-02	9.86e-01	3.15e-03	0.00e+00	7.04e-13	2.11e-12	3.53e-12	4.76e-08	9.74e-08	2.40e-37
 4.98317e+15	9.89e-12	1.72e-07	1.91e-04	1.11e-02	9.86e-01	2.92e-03	0.00e+00	8.47e-13	2.54e-12	4.24e-12	5.65e-08	1.16e-07	4.61e-37
 5.14849e+15	1.17e-11	2.04e-07	2.18e-04	1.19e-02	9.85e-01	2.69e-03	0.00e+00	1.00e-12	3.02e-12	5.03e-12	6.70e-08	1.37e-07	8.70e-37
 5.29532e+15	1.36e-11	2.37e-07	2.45e-04	1.28e-02	9.84e-01	2.51e-03	0.00e+00	1.17e-12	3.51e-12	5.86e-12	7.80e-08	1.59e-07	1.54e-36
 5.45387e+15	1.61e-11	2.76e-07	2.76e-04	1.37e-02	9.84e-01	2.34e-03	0.00e+00	1.39e-12	4.17e-12	6.95e-12	9.07e-08	1.85e-07	2.70e-36
 5.65437e+15	2.01e-11	3.42e-07	3.20e-04	1.49e-02	9.83e-01	2.13e-03	0.00e+00	1.73e-12	5.19e-12	8.67e-12	1.13e-07	2.30e-07	6.25e-36
 5.85694e+15	2.42e-11	4.13e-07	3.70e-04	1.62e-02	9.82e-01	1.95e-03	0.00e+00	2.08e-12	6.26e-12	1.04e-11	1.36e-07	2.77e-07	1.26e-35
 6.00901e+15	2.74e-11	4.73e-07	4.10e-04	1.72e-02	9.81e-01	1.83e-03	0.00e+00	2.37e-12	7.11e-12	1.19e-11	1.56e-07	3.18e-07	2.05e-35
 6.12508e+15	3.06e-11	5.28e-07	4.44e-04	1.80e-02	9.80e-01	1.74e-03	0.00e+00	2.65e-12	7.94e-12	1.33e-11	1.74e-07	3.54e-07	3.12e-35
 6.25318e+15	3.46e-11	5.93e-07	4.83e-04	1.89e-02	9.79e-01	1.65e-03	0.00e+00	2.99e-12	8.99e-12	1.50e-11	1.95e-07	3.98e-07	4.78e-35
 6.41969e+15	4.00e-11	6.75e-07	5.38e-04	2.00e-02	9.78e-01	1.55e-03	0.00e+00	3.46e-12	1.04e-11	1.73e-11	2.22e-07	4.52e-07	7.57e-35
 6.59994e+15	4.66e-11	7.99e-07	6.04e-04	2.14e-02	9.77e-01	1.44e-03	0.00e+00	4.04e-12	1.21e-11	2.02e-11	2.63e-07	5.36e-07	1.42e-34
 6.75741e+15	5.26e-11	9.05e-07	6.65e-04	2.26e-02	9.75e-01	1.36e-03	0.00e+00	4.57e-12	1.37e-11	2.29e-11	2.98e-07	6.07e-07	2.21e-34
 6.92151e+15	6.08e-11	1.03e-06	7.35e-04	2.39e-02	9.74e-01	1.28e-03	0.00e+00	5.29e-12	1.59e-11	2.65e-11	3.38e-07	6.87e-07	3.40e-34
 7.13485e+15	7.31e-11	1.23e-06	8.35e-04	2.57e-02	9.72e-01	1.18e-03	0.00e+00	6.36e-12	1.91e-11	3.18e-11	4.06e-07	8.25e-07	6.67e-34
 7.35008e+15	8.70e-11	1.43e-06	9.43e-04	2.75e-02	9.70e-01	1.09e-03	0.00e+00	7.57e-12	2.27e-11	3.79e-11	4.73e-07	9.60e-07	1.12e-33
 7.52029e+15	9.83e-11	1.65e-06	1.04e-03	2.90e-02	9.69e-01	1.03e-03	0.00e+00	8.57e-12	2.57e-11	4.29e-11	5.43e-07	1.10e-06	1.83e-33
 7.69409e+15	1.13e-10	1.89e-06	1.14e-03	3.06e-02	9.67e-01	9.67e-04	0.00e+00	9.90e-12	2.97e-11	4.96e-11	6.22e-07	1.26e-06	2.99e-33
 7.92004e+15	1.36e-10	2.19e-06	1.29e-03	3.27e-02	9.65e-01	8.98e-04	0.00e+00	1.19e-11	3.57e-11	5.96e-11	7.23e-07	1.47e-06	4.93e-33
 8.15934e+15	1.61e-10	2.63e-06	1.47e-03	3.52e-02	9.63e-01	8.28e-04	0.00e+00	1.41e-11	4.22e-11	7.04e-11	8.70e-07	1.76e-06	9.46e-33
 8.36283e+15	1.88e-10	3.05e-06	1.63e-03	3.73e-02	9.60e-01	7.76e-04	0.00e+00	1.65e-11	4.94e-11	8.25e-11	1.01e-06	2.04e-06	1.56e-32
 8.57418e+15	2.19e-10	3.52e-06	1.81e-03	3.95e-02	9.58e-01	7.26e-04	0.00e+00	1.92e-11	5.75e-11	9.59e-11	1.16e-06	2.35e-06	2.51e-32
 8.84893e+15	2.69e-10	4.16e-06	2.07e-03	4.25e-02	9.55e-01	6.69e-04	0.00e+00	2.36e-11	7.09e-11	1.18e-10	1.37e-06	2.78e-06	4.29e-32
 9.13062e+15	3.29e-10	5.09e-06	2.38e-03	4.59e-02	9.51e-01	6.13e-04	0.00e+00	2.89e-11	8.66e-11	1.45e-10	1.68e-06	3.41e-06	8.60e-32
