#depth	N	N+	N+2	N+3	N+4	N+5	N+6	N+7
 1.49634e+10	0.00e+00	0.00e+00	1.73e-33	1.05e-23	1.23e-14	6.65e-05	1.35e-01	8.65e-01
 4.54887e+10	0.00e+00	1.43e-43	2.57e-33	1.45e-23	1.57e-14	7.80e-05	1.45e-01	8.55e-01
 7.72350e+10	0.00e+00	0.00e+00	3.79e-33	1.97e-23	1.98e-14	9.09e-05	1.55e-01	8.45e-01
 1.10251e+11	0.00e+00	3.65e-43	5.58e-33	2.69e-23	2.49e-14	1.06e-04	1.65e-01	8.34e-01
 1.43601e+11	0.00e+00	0.00e+00	8.14e-33	3.62e-23	3.11e-14	1.23e-04	1.76e-01	8.24e-01
 1.78284e+11	0.00e+00	9.05e-43	1.19e-32	4.89e-23	3.89e-14	1.42e-04	1.88e-01	8.12e-01
 2.15342e+11	0.00e+00	0.00e+00	1.75e-32	6.66e-23	4.89e-14	1.65e-04	2.00e-01	8.00e-01
 2.53882e+11	0.00e+00	2.30e-42	2.57e-32	9.05e-23	6.15e-14	1.92e-04	2.13e-01	7.87e-01
 2.91985e+11	0.00e+00	0.00e+00	3.70e-32	1.21e-22	7.62e-14	2.20e-04	2.26e-01	7.74e-01
 3.31612e+11	0.00e+00	5.55e-42	5.35e-32	1.62e-22	9.47e-14	2.54e-04	2.39e-01	7.61e-01
 3.69220e+11	0.00e+00	0.00e+00	7.47e-32	2.11e-22	1.15e-13	2.88e-04	2.52e-01	7.48e-01
 4.00466e+11	0.00e+00	1.15e-41	9.78e-32	2.61e-22	1.35e-13	3.20e-04	2.62e-01	7.37e-01
 4.34527e+11	0.00e+00	0.00e+00	1.30e-31	3.28e-22	1.59e-13	3.56e-04	2.74e-01	7.26e-01
 4.77818e+11	0.00e+00	2.48e-41	1.85e-31	4.32e-22	1.96e-13	4.07e-04	2.89e-01	7.11e-01
 5.23328e+11	0.00e+00	0.00e+00	2.63e-31	5.72e-22	2.41e-13	4.65e-04	3.04e-01	6.96e-01
 5.64036e+11	0.00e+00	5.49e-41	3.56e-31	7.28e-22	2.87e-13	5.21e-04	3.17e-01	6.82e-01
 6.08280e+11	0.00e+00	0.00e+00	4.90e-31	9.35e-22	3.45e-13	5.86e-04	3.32e-01	6.67e-01
 6.60917e+11	0.00e+00	1.26e-40	7.08e-31	1.25e-21	4.28e-13	6.72e-04	3.49e-01	6.50e-01
 7.13528e+11	0.00e+00	0.00e+00	1.01e-30	1.65e-21	5.25e-13	7.65e-04	3.66e-01	6.33e-01
 7.59713e+11	0.00e+00	2.77e-40	1.36e-30	2.09e-21	6.23e-13	8.53e-04	3.81e-01	6.18e-01
 8.08480e+11	0.00e+00	0.00e+00	1.84e-30	2.65e-21	7.41e-13	9.51e-04	3.96e-01	6.03e-01
 8.67728e+11	0.00e+00	6.15e-40	2.62e-30	3.50e-21	9.08e-13	1.08e-03	4.14e-01	5.85e-01
 9.26308e+11	0.00e+00	0.00e+00	3.67e-30	4.57e-21	1.10e-12	1.22e-03	4.32e-01	5.67e-01
 9.77248e+11	0.00e+00	1.31e-39	4.87e-30	5.70e-21	1.29e-12	1.35e-03	4.47e-01	5.52e-01
 1.03255e+12	0.00e+00	0.00e+00	6.56e-30	7.19e-21	1.53e-12	1.50e-03	4.62e-01	5.36e-01
 1.10005e+12	0.00e+00	2.87e-39	9.31e-30	9.45e-21	1.87e-12	1.69e-03	4.81e-01	5.17e-01
 1.16800e+12	0.00e+00	0.00e+00	1.31e-29	1.23e-20	2.26e-12	1.91e-03	4.99e-01	4.99e-01
 1.22848e+12	0.00e+00	6.18e-39	1.74e-29	1.54e-20	2.66e-12	2.10e-03	5.15e-01	4.83e-01
 1.29466e+12	0.00e+00	0.00e+00	2.37e-29	1.96e-20	3.15e-12	2.33e-03	5.31e-01	4.66e-01
 1.37367e+12	0.00e+00	1.38e-38	3.37e-29	2.58e-20	3.84e-12	2.63e-03	5.50e-01	4.47e-01
 1.45231e+12	0.00e+00	0.00e+00	4.72e-29	3.35e-20	4.63e-12	2.95e-03	5.68e-01	4.29e-01
 1.52406e+12	0.00e+00	2.99e-38	6.34e-29	4.21e-20	5.45e-12	3.25e-03	5.84e-01	4.13e-01
 1.60393e+12	0.00e+00	0.00e+00	8.72e-29	5.38e-20	6.50e-12	3.60e-03	6.01e-01	3.95e-01
 1.69701e+12	0.00e+00	6.82e-38	1.24e-28	7.09e-20	7.90e-12	4.05e-03	6.20e-01	3.76e-01
 1.78923e+12	0.00e+00	0.00e+00	1.75e-28	9.23e-20	9.52e-12	4.52e-03	6.37e-01	3.58e-01
 1.87222e+12	0.00e+00	1.48e-37	2.34e-28	1.15e-19	1.12e-11	4.96e-03	6.52e-01	3.43e-01
 1.96128e+12	0.00e+00	0.00e+00	3.18e-28	1.46e-19	1.32e-11	5.46e-03	6.67e-01	3.28e-01
 2.06682e+12	0.00e+00	3.31e-37	4.50e-28	1.91e-19	1.59e-11	6.09e-03	6.83e-01	3.10e-01
 2.17111e+12	0.00e+00	0.00e+00	6.27e-28	2.46e-19	1.90e-11	6.75e-03	6.99e-01	2.94e-01
 2.26678e+12	0.00e+00	7.12e-37	8.39e-28	3.08e-19	2.22e-11	7.38e-03	7.12e-01	2.80e-01
 2.35297e+12	0.00e+00	0.00e+00	1.09e-27	3.75e-19	2.55e-11	7.98e-03	7.24e-01	2.69e-01
 2.43199e+12	0.00e+00	1.29e-36	1.36e-27	4.46e-19	2.88e-11	8.55e-03	7.33e-01	2.58e-01
 2.52259e+12	2.43e-46	1.78e-36	1.76e-27	5.43e-19	3.30e-11	9.23e-03	7.44e-01	2.47e-01
 2.64024e+12	0.00e+00	0.00e+00	2.43e-27	6.94e-19	3.91e-11	1.02e-02	7.57e-01	2.33e-01
 2.76147e+12	0.00e+00	3.92e-36	3.35e-27	8.86e-19	4.63e-11	1.12e-02	7.69e-01	2.20e-01
 2.86229e+12	9.14e-46	5.39e-36	4.33e-27	1.08e-18	5.31e-11	1.20e-02	7.79e-01	2.09e-01
 2.96813e+12	0.00e+00	0.00e+00	5.64e-27	1.32e-18	6.10e-11	1.30e-02	7.88e-01	1.99e-01
 3.10348e+12	0.00e+00	1.12e-35	7.83e-27	1.69e-18	7.24e-11	1.43e-02	7.99e-01	1.87e-01
 3.24567e+12	3.59e-45	1.70e-35	1.09e-26	2.18e-18	8.62e-11	1.57e-02	8.09e-01	1.75e-01
 3.37135e+12	0.00e+00	0.00e+00	1.46e-26	2.72e-18	1.00e-10	1.71e-02	8.18e-01	1.65e-01
 3.50706e+12	0.00e+00	3.52e-35	1.97e-26	3.41e-18	1.17e-10	1.85e-02	8.26e-01	1.55e-01
 3.67040e+12	1.45e-44	5.46e-35	2.81e-26	4.46e-18	1.41e-10	2.05e-02	8.35e-01	1.44e-01
 3.83619e+12	0.00e+00	0.00e+00	3.98e-26	5.81e-18	1.68e-10	2.25e-02	8.43e-01	1.34e-01
 3.97598e+12	0.00e+00	1.21e-34	5.32e-26	7.25e-18	1.96e-10	2.44e-02	8.50e-01	1.26e-01
 4.09414e+12	5.26e-44	1.61e-34	6.72e-26	8.63e-18	2.20e-10	2.60e-02	8.54e-01	1.20e-01
 4.22642e+12	0.00e+00	2.23e-34	8.72e-26	1.05e-17	2.52e-10	2.79e-02	8.59e-01	1.13e-01
 4.39839e+12	1.27e-43	3.36e-34	1.21e-25	1.35e-17	2.98e-10	3.05e-02	8.65e-01	1.05e-01
 4.57730e+12	0.00e+00	5.11e-34	1.70e-25	1.74e-17	3.55e-10	3.33e-02	8.69e-01	9.72e-02
 4.72713e+12	3.16e-43	7.21e-34	2.25e-25	2.15e-17	4.08e-10	3.59e-02	8.73e-01	9.12e-02
 4.88379e+12	0.00e+00	1.03e-33	2.99e-25	2.67e-17	4.72e-10	3.87e-02	8.76e-01	8.53e-02
 5.08675e+12	8.23e-43	1.60e-33	4.29e-25	3.50e-17	5.67e-10	4.25e-02	8.79e-01	7.83e-02
 5.29442e+12	0.00e+00	2.51e-33	6.15e-25	4.60e-17	6.82e-10	4.67e-02	8.81e-01	7.18e-02
 5.46531e+12	2.16e-42	3.60e-33	8.23e-25	5.73e-17	7.91e-10	5.03e-02	8.83e-01	6.69e-02
 5.64386e+12	0.00e+00	5.20e-33	1.11e-24	7.17e-17	9.20e-10	5.43e-02	8.83e-01	6.22e-02
 5.84541e+12	5.46e-42	7.80e-33	1.54e-24	9.20e-17	1.09e-09	5.91e-02	8.84e-01	5.73e-02
 6.03691e+12	0.00e+00	1.14e-32	2.08e-24	1.16e-16	1.27e-09	6.39e-02	8.83e-01	5.30e-02
 6.21822e+12	1.30e-41	1.61e-32	2.76e-24	1.43e-16	1.46e-09	6.86e-02	8.82e-01	4.93e-02
 6.42066e+12	0.00e+00	2.34e-32	3.74e-24	1.81e-16	1.71e-09	7.41e-02	8.80e-01	4.55e-02
 6.65699e+12	3.38e-41	3.58e-32	5.28e-24	2.35e-16	2.04e-09	8.09e-02	8.78e-01	4.16e-02
 6.89304e+12	0.00e+00	5.39e-32	7.37e-24	3.02e-16	2.42e-09	8.79e-02	8.74e-01	3.80e-02
 7.11086e+12	8.51e-41	7.75e-32	9.90e-24	3.79e-16	2.82e-09	9.47e-02	8.70e-01	3.50e-02
 7.33280e+12	0.00e+00	1.11e-31	1.32e-23	4.72e-16	3.27e-09	1.02e-01	8.66e-01	3.23e-02
 7.57705e+12	2.05e-40	1.62e-31	1.80e-23	5.98e-16	3.83e-09	1.10e-01	8.61e-01	2.96e-02
 7.83959e+12	0.00e+00	2.39e-31	2.48e-23	7.62e-16	4.51e-09	1.19e-01	8.54e-01	2.70e-02
 8.08526e+12	4.94e-40	3.39e-31	3.30e-23	9.48e-16	5.22e-09	1.27e-01	8.48e-01	2.48e-02
 8.30247e+12	0.00e+00	4.56e-31	4.20e-23	1.14e-15	5.91e-09	1.35e-01	8.42e-01	2.31e-02
 8.54556e+12	1.03e-39	6.29e-31	5.46e-23	1.39e-15	6.76e-09	1.44e-01	8.35e-01	2.13e-02
 8.85842e+12	0.00e+00	9.34e-31	7.54e-23	1.79e-15	7.98e-09	1.55e-01	8.25e-01	1.93e-02
 9.17516e+12	2.61e-39	1.37e-30	1.03e-22	2.27e-15	9.36e-09	1.67e-01	8.15e-01	1.75e-02
 9.43390e+12	0.00e+00	1.85e-30	1.32e-22	2.73e-15	1.06e-08	1.77e-01	8.07e-01	1.62e-02
 9.70408e+12	5.31e-39	2.49e-30	1.68e-22	3.30e-15	1.20e-08	1.87e-01	7.98e-01	1.50e-02
 1.00553e+13	0.00e+00	3.62e-30	2.28e-22	4.17e-15	1.40e-08	2.01e-01	7.85e-01	1.36e-02
 1.04212e+13	1.29e-38	5.26e-30	3.09e-22	5.26e-15	1.64e-08	2.15e-01	7.72e-01	1.23e-02
 1.07300e+13	0.00e+00	7.10e-30	3.95e-22	6.34e-15	1.85e-08	2.28e-01	7.61e-01	1.13e-02
 1.10551e+13	2.65e-38	9.63e-30	5.07e-22	7.66e-15	2.10e-08	2.40e-01	7.49e-01	1.04e-02
 1.14779e+13	0.00e+00	1.41e-29	6.90e-22	9.69e-15	2.45e-08	2.57e-01	7.34e-01	9.30e-03
 1.19145e+13	6.50e-38	2.04e-29	9.36e-22	1.22e-14	2.86e-08	2.74e-01	7.17e-01	8.34e-03
 1.22784e+13	0.00e+00	2.75e-29	1.19e-21	1.47e-14	3.22e-08	2.89e-01	7.04e-01	7.63e-03
 1.26606e+13	1.33e-37	3.72e-29	1.52e-21	1.77e-14	3.64e-08	3.03e-01	6.90e-01	6.97e-03
 1.31492e+13	0.00e+00	5.38e-29	2.06e-21	2.22e-14	4.21e-08	3.22e-01	6.71e-01	6.23e-03
 1.36569e+13	3.18e-37	7.76e-29	2.77e-21	2.78e-14	4.88e-08	3.42e-01	6.53e-01	5.55e-03
 1.40920e+13	0.00e+00	1.05e-28	3.53e-21	3.35e-14	5.49e-08	3.58e-01	6.37e-01	5.04e-03
 1.45518e+13	6.55e-37	1.42e-28	4.52e-21	4.03e-14	6.19e-08	3.76e-01	6.20e-01	4.57e-03
 1.50713e+13	0.00e+00	1.98e-28	5.91e-21	4.94e-14	7.05e-08	3.95e-01	6.01e-01	4.09e-03
 1.55818e+13	1.41e-36	2.70e-28	7.62e-21	5.97e-14	7.96e-08	4.13e-01	5.83e-01	3.68e-03
 1.60402e+13	0.00e+00	3.54e-28	9.48e-21	7.04e-14	8.84e-08	4.29e-01	5.67e-01	3.35e-03
 1.64262e+13	2.54e-36	4.42e-28	1.13e-20	8.05e-14	9.63e-08	4.43e-01	5.54e-01	3.10e-03
 1.68368e+13	0.00e+00	5.54e-28	1.36e-20	9.25e-14	1.05e-07	4.57e-01	5.40e-01	2.86e-03
 1.73706e+13	4.68e-36	7.38e-28	1.71e-20	1.10e-13	1.17e-07	4.74e-01	5.23e-01	2.58e-03
 1.79233e+13	0.00e+00	9.82e-28	2.16e-20	1.31e-13	1.31e-07	4.92e-01	5.05e-01	2.32e-03
 1.83832e+13	8.66e-36	1.24e-27	2.60e-20	1.50e-13	1.43e-07	5.07e-01	4.91e-01	2.13e-03
 1.88636e+13	0.00e+00	1.56e-27	3.14e-20	1.73e-13	1.56e-07	5.22e-01	4.76e-01	1.95e-03
 1.94881e+13	1.62e-35	2.09e-27	3.97e-20	2.07e-13	1.74e-07	5.40e-01	4.58e-01	1.74e-03
 2.01371e+13	0.00e+00	2.80e-27	5.03e-20	2.47e-13	1.94e-07	5.59e-01	4.39e-01	1.55e-03
 2.06836e+13	3.04e-35	3.54e-27	6.09e-20	2.85e-13	2.12e-07	5.74e-01	4.24e-01	1.40e-03
 2.12595e+13	0.00e+00	4.51e-27	7.41e-20	3.29e-13	2.32e-07	5.90e-01	4.09e-01	1.27e-03
 2.20082e+13	5.82e-35	6.10e-27	9.46e-20	3.96e-13	2.60e-07	6.09e-01	3.90e-01	1.12e-03
 2.27899e+13	0.00e+00	8.26e-27	1.21e-19	4.76e-13	2.91e-07	6.29e-01	3.70e-01	9.79e-04
 2.34551e+13	1.12e-34	1.06e-26	1.48e-19	5.54e-13	3.19e-07	6.44e-01	3.55e-01	8.77e-04
 2.41603e+13	0.00e+00	1.36e-26	1.82e-19	6.47e-13	3.51e-07	6.60e-01	3.39e-01	7.82e-04
 2.50650e+13	2.19e-34	1.86e-26	2.34e-19	7.83e-13	3.94e-07	6.79e-01	3.20e-01	6.77e-04
 2.60118e+13	3.16e-34	2.54e-26	3.02e-19	9.48e-13	4.43e-07	6.98e-01	3.01e-01	5.83e-04
 2.68412e+13	4.31e-34	3.29e-26	3.73e-19	1.11e-12	4.88e-07	7.14e-01	2.85e-01	5.13e-04
 2.77355e+13	5.93e-34	4.31e-26	4.65e-19	1.31e-12	5.40e-07	7.30e-01	2.70e-01	4.48e-04
 2.87276e+13	8.30e-34	5.74e-26	5.88e-19	1.57e-12	6.01e-07	7.46e-01	2.53e-01	3.87e-04
 2.95357e+13	1.08e-33	7.17e-26	7.06e-19	1.81e-12	6.54e-07	7.59e-01	2.41e-01	3.44e-04
 3.01384e+13	1.31e-33	8.43e-26	8.06e-19	2.00e-12	6.95e-07	7.68e-01	2.32e-01	3.16e-04
 3.07849e+13	1.60e-33	9.98e-26	9.25e-19	2.22e-12	7.40e-07	7.77e-01	2.23e-01	2.89e-04
 3.16254e+13	2.05e-33	1.23e-25	1.10e-18	2.53e-12	8.01e-07	7.88e-01	2.12e-01	2.57e-04
 3.25489e+13	2.67e-33	1.54e-25	1.33e-18	2.92e-12	8.72e-07	7.99e-01	2.01e-01	2.27e-04
 3.33953e+13	3.38e-33	1.88e-25	1.56e-18	3.30e-12	9.39e-07	8.09e-01	1.91e-01	2.03e-04
 3.43105e+13	4.33e-33	2.32e-25	1.85e-18	3.76e-12	1.01e-06	8.18e-01	1.81e-01	1.81e-04
 3.55003e+13	5.91e-33	3.02e-25	2.30e-18	4.42e-12	1.12e-06	8.30e-01	1.70e-01	1.56e-04
 3.67059e+13	7.98e-33	3.89e-25	2.83e-18	5.17e-12	1.22e-06	8.41e-01	1.59e-01	1.35e-04
 3.76803e+13	1.01e-32	4.75e-25	3.33e-18	5.83e-12	1.31e-06	8.49e-01	1.51e-01	1.21e-04
 3.86953e+13	1.29e-32	5.82e-25	3.92e-18	6.59e-12	1.41e-06	8.57e-01	1.43e-01	1.08e-04
 4.00149e+13	1.74e-32	7.49e-25	4.82e-18	7.67e-12	1.54e-06	8.66e-01	1.34e-01	9.33e-05
 4.14369e+13	2.39e-32	9.76e-25	5.96e-18	8.98e-12	1.69e-06	8.75e-01	1.25e-01	8.03e-05
 4.27196e+13	3.16e-32	1.23e-24	7.18e-18	1.03e-11	1.82e-06	8.82e-01	1.18e-01	7.06e-05
 4.41143e+13	4.25e-32	1.57e-24	8.72e-18	1.18e-11	1.97e-06	8.89e-01	1.10e-01	6.19e-05
 4.58157e+13	5.98e-32	2.09e-24	1.10e-17	1.40e-11	2.17e-06	8.98e-01	1.02e-01	5.26e-05
 4.75543e+13	8.47e-32	2.78e-24	1.37e-17	1.64e-11	2.37e-06	9.05e-01	9.52e-02	4.52e-05
 4.91471e+13	1.15e-31	3.58e-24	1.67e-17	1.89e-11	2.56e-06	9.11e-01	8.93e-02	3.95e-05
 5.05616e+13	1.50e-31	4.45e-24	1.99e-17	2.13e-11	2.74e-06	9.16e-01	8.44e-02	3.51e-05
 5.20504e+13	1.97e-31	5.57e-24	2.37e-17	2.41e-11	2.93e-06	9.20e-01	7.98e-02	3.12e-05
 5.39647e+13	2.78e-31	7.37e-24	2.94e-17	2.81e-11	3.17e-06	9.26e-01	7.44e-02	2.70e-05
 5.59138e+13	3.90e-31	9.72e-24	3.64e-17	3.25e-11	3.44e-06	9.31e-01	6.95e-02	2.34e-05
 5.74938e+13	5.10e-31	1.21e-23	4.30e-17	3.65e-11	3.66e-06	9.34e-01	6.58e-02	2.09e-05
 5.91124e+13	6.64e-31	1.50e-23	5.08e-17	4.10e-11	3.89e-06	9.38e-01	6.24e-02	1.87e-05
 6.12166e+13	9.34e-31	1.97e-23	6.27e-17	4.74e-11	4.19e-06	9.42e-01	5.83e-02	1.63e-05
 6.34615e+13	1.31e-30	2.61e-23	7.78e-17	5.50e-11	4.54e-06	9.46e-01	5.44e-02	1.41e-05
 6.54296e+13	1.77e-30	3.32e-23	9.35e-17	6.23e-11	4.84e-06	9.49e-01	5.13e-02	1.25e-05
 6.75285e+13	2.41e-30	4.25e-23	1.13e-16	7.09e-11	5.18e-06	9.52e-01	4.83e-02	1.10e-05
 7.01042e+13	3.48e-30	5.71e-23	1.41e-16	8.25e-11	5.60e-06	9.55e-01	4.49e-02	9.54e-06
 7.27241e+13	4.99e-30	7.65e-23	1.76e-16	9.58e-11	6.05e-06	9.58e-01	4.19e-02	8.26e-06
 7.50777e+13	6.81e-30	9.83e-23	2.13e-16	1.09e-10	6.47e-06	9.61e-01	3.94e-02	7.28e-06
 7.76607e+13	9.49e-30	1.28e-22	2.61e-16	1.25e-10	6.94e-06	9.63e-01	3.69e-02	6.38e-06
 8.07179e+13	1.39e-29	1.74e-22	3.30e-16	1.46e-10	7.52e-06	9.66e-01	3.42e-02	5.48e-06
 8.37352e+13	1.99e-29	2.33e-22	4.11e-16	1.70e-10	8.11e-06	9.68e-01	3.19e-02	4.74e-06
 8.65043e+13	2.73e-29	3.01e-22	4.99e-16	1.93e-10	8.68e-06	9.70e-01	2.99e-02	4.17e-06
 8.91811e+13	3.67e-29	3.82e-22	5.99e-16	2.19e-10	9.24e-06	9.72e-01	2.82e-02	3.69e-06
 9.22345e+13	5.11e-29	4.98e-22	7.33e-16	2.51e-10	9.91e-06	9.74e-01	2.64e-02	3.23e-06
 9.55788e+13	7.23e-29	6.59e-22	9.07e-16	2.89e-10	1.07e-05	9.75e-01	2.46e-02	2.81e-06
 9.84858e+13	9.61e-29	8.31e-22	1.08e-15	3.27e-10	1.14e-05	9.77e-01	2.32e-02	2.49e-06
 1.00882e+14	1.22e-28	1.00e-21	1.25e-15	3.60e-10	1.19e-05	9.78e-01	2.21e-02	2.26e-06
 1.03429e+14	1.55e-28	1.22e-21	1.45e-15	3.98e-10	1.26e-05	9.79e-01	2.11e-02	2.05e-06
 1.06740e+14	2.09e-28	1.56e-21	1.75e-15	4.53e-10	1.34e-05	9.80e-01	1.98e-02	1.80e-06
 1.10176e+14	2.86e-28	2.00e-21	2.12e-15	5.14e-10	1.43e-05	9.81e-01	1.86e-02	1.59e-06
 1.13079e+14	3.64e-28	2.44e-21	2.47e-15	5.71e-10	1.51e-05	9.82e-01	1.76e-02	1.43e-06
 1.16161e+14	4.75e-28	3.02e-21	2.90e-15	6.37e-10	1.60e-05	9.83e-01	1.67e-02	1.28e-06
 1.20166e+14	6.52e-28	3.91e-21	3.55e-15	7.31e-10	1.72e-05	9.84e-01	1.56e-02	1.11e-06
 1.24263e+14	9.02e-28	5.08e-21	4.33e-15	8.37e-10	1.84e-05	9.85e-01	1.46e-02	9.72e-07
 1.27641e+14	1.15e-27	6.22e-21	5.08e-15	9.34e-10	1.95e-05	9.86e-01	1.38e-02	0.00e+00
 1.31191e+14	1.50e-27	7.69e-21	5.98e-15	1.04e-09	2.06e-05	9.87e-01	1.30e-02	0.00e+00
 1.35808e+14	2.07e-27	1.00e-20	7.34e-15	1.20e-09	2.22e-05	9.88e-01	1.21e-02	0.00e+00
 1.40618e+14	2.88e-27	1.31e-20	9.02e-15	1.38e-09	2.39e-05	9.89e-01	1.13e-02	0.00e+00
 1.44727e+14	3.78e-27	1.63e-20	1.07e-14	1.55e-09	2.54e-05	9.89e-01	1.07e-02	0.00e+00
 1.49114e+14	5.00e-27	2.05e-20	1.28e-14	1.75e-09	2.70e-05	9.90e-01	1.00e-02	0.00e+00
 1.54641e+14	6.95e-27	2.69e-20	1.58e-14	2.03e-09	2.92e-05	9.91e-01	9.28e-03	0.00e+00
 1.60341e+14	9.82e-27	3.56e-20	1.96e-14	2.36e-09	3.15e-05	9.91e-01	8.61e-03	0.00e+00
 1.65359e+14	1.29e-26	4.47e-20	2.35e-14	2.67e-09	3.37e-05	9.92e-01	8.07e-03	0.00e+00
 1.70800e+14	1.74e-26	5.72e-20	2.85e-14	3.04e-09	3.60e-05	9.92e-01	7.55e-03	0.00e+00
 1.77368e+14	2.45e-26	7.58e-20	3.56e-14	3.55e-09	3.91e-05	9.93e-01	6.97e-03	0.00e+00
 1.83880e+14	3.43e-26	9.97e-20	4.41e-14	4.11e-09	4.21e-05	9.93e-01	6.47e-03	0.00e+00
 1.89704e+14	4.60e-26	1.27e-19	5.30e-14	4.66e-09	4.50e-05	9.94e-01	6.07e-03	0.00e+00
 1.96154e+14	6.24e-26	1.63e-19	6.45e-14	5.34e-09	4.83e-05	9.94e-01	5.66e-03	0.00e+00
 2.03810e+14	8.73e-26	2.15e-19	8.09e-14	6.24e-09	5.24e-05	9.95e-01	5.22e-03	0.00e+00
 2.11402e+14	1.23e-25	2.84e-19	1.00e-13	7.23e-09	5.65e-05	9.95e-01	4.84e-03	0.00e+00
 2.17739e+14	1.60e-25	3.55e-19	1.20e-13	8.15e-09	6.02e-05	9.95e-01	4.55e-03	0.00e+00
 2.22844e+14	1.97e-25	4.21e-19	1.37e-13	8.95e-09	6.32e-05	9.96e-01	4.33e-03	0.00e+00
 2.28245e+14	2.46e-25	5.05e-19	1.58e-13	9.86e-09	6.64e-05	9.96e-01	4.13e-03	0.00e+00
 2.35267e+14	3.28e-25	6.38e-19	1.89e-13	1.11e-08	7.07e-05	9.96e-01	3.88e-03	0.00e+00
 2.42656e+14	4.29e-25	7.99e-19	2.27e-13	1.26e-08	7.55e-05	9.96e-01	3.63e-03	0.00e+00
 2.48951e+14	5.45e-25	9.71e-19	2.64e-13	1.40e-08	7.96e-05	9.96e-01	3.45e-03	0.00e+00
 2.55563e+14	6.99e-25	1.19e-18	3.09e-13	1.55e-08	8.40e-05	9.97e-01	3.27e-03	0.00e+00
 2.64159e+14	9.34e-25	1.52e-18	3.75e-13	1.78e-08	9.01e-05	9.97e-01	3.05e-03	0.00e+00
 2.73017e+14	1.27e-24	1.95e-18	4.57e-13	2.03e-08	9.64e-05	9.97e-01	2.85e-03	0.00e+00
 2.80419e+14	1.64e-24	2.40e-18	5.35e-13	2.26e-08	1.02e-04	9.97e-01	2.70e-03	0.00e+00
 2.88245e+14	2.11e-24	2.95e-18	6.31e-13	2.52e-08	1.08e-04	9.97e-01	2.55e-03	0.00e+00
 2.98420e+14	2.91e-24	3.85e-18	7.75e-13	2.90e-08	1.16e-04	9.98e-01	2.38e-03	0.00e+00
 3.09099e+14	3.97e-24	4.98e-18	9.56e-13	3.34e-08	1.24e-04	9.98e-01	2.21e-03	0.00e+00
 3.18254e+14	5.22e-24	6.23e-18	1.14e-12	3.75e-08	1.32e-04	9.98e-01	2.09e-03	0.00e+00
 3.27974e+14	6.97e-24	7.88e-18	1.36e-12	4.23e-08	1.40e-04	9.98e-01	1.96e-03	0.00e+00
 3.40152e+14	9.79e-24	1.04e-17	1.69e-12	4.90e-08	1.51e-04	9.98e-01	1.82e-03	0.00e+00
 3.52873e+14	1.35e-23	1.36e-17	2.11e-12	5.68e-08	1.63e-04	9.98e-01	1.69e-03	0.00e+00
 3.64307e+14	1.83e-23	1.74e-17	2.55e-12	6.45e-08	1.73e-04	9.98e-01	1.59e-03	0.00e+00
 3.76723e+14	2.52e-23	2.26e-17	3.11e-12	7.37e-08	1.85e-04	9.98e-01	1.48e-03	0.00e+00
 3.91431e+14	3.54e-23	3.00e-17	3.91e-12	8.59e-08	2.00e-04	9.98e-01	1.37e-03	0.00e+00
 4.05984e+14	5.07e-23	4.01e-17	4.87e-12	9.93e-08	2.15e-04	9.99e-01	1.27e-03	0.00e+00
 4.19474e+14	6.71e-23	5.09e-17	5.92e-12	1.13e-07	2.30e-04	9.99e-01	1.19e-03	0.00e+00
 4.31136e+14	8.75e-23	6.31e-17	6.98e-12	1.26e-07	2.43e-04	9.99e-01	1.13e-03	0.00e+00
 4.41008e+14	1.08e-22	7.51e-17	7.99e-12	1.38e-07	2.54e-04	9.99e-01	1.08e-03	0.00e+00
 4.52132e+14	1.37e-22	9.09e-17	9.27e-12	1.53e-07	2.67e-04	9.99e-01	1.03e-03	0.00e+00
 4.66595e+14	1.81e-22	1.15e-16	1.12e-11	1.73e-07	2.84e-04	9.99e-01	9.63e-04	0.00e+00
 4.81638e+14	2.47e-22	1.48e-16	1.35e-11	1.96e-07	3.02e-04	9.99e-01	9.05e-04	0.00e+00
 4.94369e+14	3.11e-22	1.79e-16	1.58e-11	2.18e-07	3.19e-04	9.99e-01	8.58e-04	0.00e+00
 5.07849e+14	4.02e-22	2.20e-16	1.86e-11	2.43e-07	3.36e-04	9.99e-01	8.14e-04	0.00e+00
 5.25374e+14	5.43e-22	2.83e-16	2.28e-11	2.78e-07	3.60e-04	9.99e-01	7.60e-04	0.00e+00
 5.43434e+14	7.52e-22	3.69e-16	2.79e-11	3.18e-07	3.85e-04	9.99e-01	7.11e-04	0.00e+00
 5.58513e+14	9.58e-22	4.52e-16	3.28e-11	3.55e-07	4.07e-04	9.99e-01	6.72e-04	0.00e+00
 5.74440e+14	1.25e-21	5.61e-16	3.89e-11	3.97e-07	4.30e-04	9.99e-01	6.36e-04	0.00e+00
 5.95126e+14	1.71e-21	7.29e-16	4.80e-11	4.57e-07	4.62e-04	9.99e-01	5.91e-04	0.00e+00
 6.16751e+14	2.39e-21	9.60e-16	5.94e-11	5.27e-07	4.96e-04	9.99e-01	5.51e-04	0.00e+00
 6.35362e+14	3.12e-21	1.20e-15	7.09e-11	5.94e-07	5.27e-04	9.99e-01	5.18e-04	0.00e+00
 6.55304e+14	4.10e-21	1.51e-15	8.53e-11	6.72e-07	5.61e-04	9.99e-01	4.87e-04	0.00e+00
 6.79922e+14	5.77e-21	1.99e-15	1.06e-10	7.79e-07	6.04e-04	9.99e-01	4.52e-04	0.00e+00
 7.04735e+14	7.98e-21	2.61e-15	1.32e-10	8.99e-07	6.49e-04	9.99e-01	4.20e-04	0.00e+00
 7.26397e+14	1.04e-20	3.26e-15	1.58e-10	1.02e-06	6.91e-04	9.99e-01	3.95e-04	0.00e+00
 7.49843e+14	1.39e-20	4.14e-15	1.90e-10	1.15e-06	7.37e-04	9.99e-01	3.70e-04	0.00e+00
 7.78372e+14	1.94e-20	5.46e-15	2.38e-10	1.34e-06	7.95e-04	9.99e-01	3.43e-04	0.00e+00
 8.06930e+14	2.67e-20	7.13e-15	2.95e-10	1.55e-06	8.56e-04	9.99e-01	3.18e-04	0.00e+00
 8.32319e+14	3.51e-20	8.96e-15	3.54e-10	1.75e-06	9.13e-04	9.99e-01	2.98e-04	0.00e+00
 8.60166e+14	4.71e-20	1.14e-14	4.30e-10	2.00e-06	9.76e-04	9.99e-01	2.79e-04	0.00e+00
 8.93439e+14	6.56e-20	1.51e-14	5.39e-10	2.33e-06	1.06e-03	9.99e-01	2.57e-04	0.00e+00
 9.24303e+14	8.86e-20	1.94e-14	6.59e-10	2.67e-06	1.13e-03	9.99e-01	2.40e-04	0.00e+00
 9.49553e+14	1.12e-19	2.36e-14	7.73e-10	2.98e-06	1.20e-03	9.99e-01	2.27e-04	0.00e+00
 9.72668e+14	1.38e-19	2.81e-14	8.91e-10	3.29e-06	1.26e-03	9.99e-01	2.16e-04	0.00e+00
 9.98421e+14	1.73e-19	3.41e-14	1.04e-09	3.65e-06	1.33e-03	9.98e-01	2.04e-04	0.00e+00
 1.02728e+15	2.21e-19	4.19e-14	1.23e-09	4.09e-06	1.41e-03	9.98e-01	1.92e-04	0.00e+00
 1.05442e+15	2.78e-19	5.07e-14	1.44e-09	4.55e-06	1.49e-03	9.98e-01	1.82e-04	0.00e+00
 1.08001e+15	3.42e-19	6.04e-14	1.65e-09	5.01e-06	1.57e-03	9.98e-01	1.73e-04	0.00e+00
 1.10933e+15	4.31e-19	7.34e-14	1.94e-09	5.59e-06	1.66e-03	9.98e-01	1.63e-04	0.00e+00
 1.14236e+15	5.59e-19	9.11e-14	2.30e-09	6.29e-06	1.77e-03	9.98e-01	1.53e-04	0.00e+00
 1.17376e+15	7.05e-19	1.11e-13	2.70e-09	7.01e-06	1.87e-03	9.98e-01	1.45e-04	0.00e+00
 1.20814e+15	9.06e-19	1.37e-13	3.20e-09	7.88e-06	1.99e-03	9.98e-01	1.36e-04	0.00e+00
 1.24631e+15	1.18e-18	1.71e-13	3.84e-09	8.94e-06	2.13e-03	9.98e-01	1.27e-04	0.00e+00
 1.28168e+15	1.51e-18	2.10e-13	4.53e-09	1.00e-05	2.26e-03	9.98e-01	1.20e-04	0.00e+00
 1.31992e+15	1.94e-18	2.59e-13	5.38e-09	1.13e-05	2.40e-03	9.97e-01	1.13e-04	0.00e+00
 1.36304e+15	2.53e-18	3.25e-13	6.51e-09	1.28e-05	2.57e-03	9.97e-01	1.05e-04	0.00e+00
 1.40434e+15	3.29e-18	4.05e-13	7.75e-09	1.45e-05	2.74e-03	9.97e-01	9.85e-05	0.00e+00
 1.44986e+15	4.35e-18	5.11e-13	9.35e-09	1.65e-05	2.93e-03	9.97e-01	9.20e-05	0.00e+00
 1.50082e+15	5.82e-18	6.54e-13	1.14e-08	1.89e-05	3.16e-03	9.97e-01	8.53e-05	0.00e+00
 1.54900e+15	7.66e-18	8.24e-13	1.38e-08	2.15e-05	3.38e-03	9.97e-01	7.97e-05	0.00e+00
 1.60179e+15	1.02e-17	1.05e-12	1.68e-08	2.46e-05	3.63e-03	9.96e-01	7.41e-05	0.00e+00
 1.66427e+15	1.42e-17	1.38e-12	2.10e-08	2.87e-05	3.95e-03	9.96e-01	6.81e-05	0.00e+00
 1.72473e+15	1.88e-17	1.77e-12	2.59e-08	3.32e-05	4.26e-03	9.96e-01	6.31e-05	0.00e+00
 1.77843e+15	2.44e-17	2.20e-12	3.09e-08	3.75e-05	4.55e-03	9.95e-01	5.90e-05	0.00e+00
 1.82469e+15	3.10e-17	2.68e-12	3.60e-08	4.16e-05	4.81e-03	9.95e-01	5.57e-05	0.00e+00
 1.86455e+15	3.72e-17	3.12e-12	4.08e-08	4.54e-05	5.04e-03	9.95e-01	5.31e-05	0.00e+00
 1.90938e+15	4.49e-17	3.68e-12	4.69e-08	5.00e-05	5.31e-03	9.95e-01	5.04e-05	0.00e+00
 1.96765e+15	5.90e-17	4.60e-12	5.59e-08	5.65e-05	5.67e-03	9.94e-01	4.71e-05	0.00e+00
 2.02771e+15	7.53e-17	5.68e-12	6.66e-08	6.38e-05	6.06e-03	9.94e-01	4.41e-05	0.00e+00
 2.07704e+15	9.26e-17	6.76e-12	7.66e-08	7.02e-05	6.39e-03	9.94e-01	4.18e-05	0.00e+00
 2.12811e+15	1.12e-16	7.98e-12	8.83e-08	7.75e-05	6.73e-03	9.93e-01	3.96e-05	0.00e+00
 2.19451e+15	1.64e-16	1.00e-11	1.06e-07	8.78e-05	7.21e-03	9.93e-01	3.69e-05	0.00e+00
 2.26350e+15	2.11e-16	1.24e-11	1.26e-07	9.95e-05	7.73e-03	9.92e-01	3.44e-05	0.00e+00
 2.32115e+15	2.63e-16	1.49e-11	1.47e-07	1.10e-04	8.17e-03	9.92e-01	3.25e-05	0.00e+00
 2.38139e+15	3.24e-16	1.78e-11	1.70e-07	1.22e-04	8.65e-03	9.91e-01	3.07e-05	0.00e+00
 2.45969e+15	4.29e-16	2.25e-11	2.05e-07	1.39e-04	9.30e-03	9.91e-01	2.85e-05	0.00e+00
 2.54127e+15	5.54e-16	2.81e-11	2.48e-07	1.59e-04	1.00e-02	9.90e-01	2.64e-05	0.00e+00
 2.61004e+15	7.01e-16	3.42e-11	2.90e-07	1.77e-04	1.06e-02	9.89e-01	2.48e-05	0.00e+00
 2.68241e+15	8.73e-16	4.13e-11	3.40e-07	1.97e-04	1.13e-02	9.88e-01	2.33e-05	0.00e+00
 2.77648e+15	1.17e-15	5.28e-11	4.16e-07	2.27e-04	1.22e-02	9.88e-01	2.15e-05	0.00e+00
 2.87531e+15	1.56e-15	6.74e-11	5.11e-07	2.61e-04	1.32e-02	9.86e-01	1.98e-05	0.00e+00
 2.96029e+15	1.97e-15	8.25e-11	6.05e-07	2.94e-04	1.41e-02	9.86e-01	1.86e-05	0.00e+00
 3.05075e+15	2.50e-15	1.02e-10	7.22e-07	3.32e-04	1.51e-02	9.85e-01	1.74e-05	0.00e+00
 3.16393e+15	3.39e-15	1.31e-10	8.94e-07	3.84e-04	1.64e-02	9.83e-01	1.60e-05	0.00e+00
 3.28048e+15	4.62e-15	1.70e-10	1.11e-06	4.45e-04	1.79e-02	9.82e-01	1.48e-05	0.00e+00
 3.36902e+15	5.60e-15	2.03e-10	1.29e-06	4.95e-04	1.90e-02	9.81e-01	1.40e-05	0.00e+00
 3.43379e+15	6.75e-15	2.36e-10	1.45e-06	5.34e-04	1.98e-02	9.80e-01	1.34e-05	0.00e+00
 3.50445e+15	8.00e-15	2.72e-10	1.63e-06	5.80e-04	2.08e-02	9.79e-01	1.28e-05	0.00e+00
 3.59630e+15	9.76e-15	3.25e-10	1.90e-06	6.43e-04	2.21e-02	9.77e-01	1.21e-05	0.00e+00
 3.69692e+15	1.23e-14	3.95e-10	2.24e-06	7.19e-04	2.35e-02	9.76e-01	1.14e-05	0.00e+00
 3.78805e+15	1.51e-14	4.71e-10	2.58e-06	7.93e-04	2.49e-02	9.74e-01	1.08e-05	0.00e+00
 3.88559e+15	1.89e-14	5.69e-10	3.01e-06	8.79e-04	2.64e-02	9.73e-01	1.02e-05	0.00e+00
 3.99548e+15	2.30e-14	6.83e-10	3.55e-06	9.82e-04	2.81e-02	9.71e-01	9.61e-06	0.00e+00
 4.09905e+15	2.96e-14	8.35e-10	4.14e-06	1.09e-03	2.98e-02	9.69e-01	9.10e-06	0.00e+00
 4.19597e+15	3.58e-14	9.87e-10	4.76e-06	1.20e-03	3.15e-02	9.67e-01	8.67e-06	0.00e+00
 4.30659e+15	4.32e-14	1.17e-09	5.56e-06	1.33e-03	3.33e-02	9.65e-01	8.21e-06	0.00e+00
 4.45040e+15	5.90e-14	1.51e-09	6.79e-06	1.52e-03	3.60e-02	9.62e-01	7.67e-06	0.00e+00
 4.59474e+15	7.56e-14	1.89e-09	8.23e-06	1.72e-03	3.87e-02	9.60e-01	7.19e-06	0.00e+00
 4.70953e+15	9.17e-14	2.25e-09	9.55e-06	1.90e-03	4.09e-02	9.57e-01	6.85e-06	0.00e+00
 4.82850e+15	1.16e-13	2.73e-09	1.11e-05	2.11e-03	4.34e-02	9.54e-01	6.52e-06	0.00e+00
 4.98317e+15	1.52e-13	3.45e-09	1.35e-05	2.39e-03	4.66e-02	9.51e-01	6.14e-06	0.00e+00
 5.14849e+15	1.98e-13	4.35e-09	1.64e-05	2.73e-03	5.01e-02	9.47e-01	5.77e-06	0.00e+00
 5.29532e+15	2.51e-13	5.35e-09	1.95e-05	3.05e-03	5.35e-02	9.43e-01	5.48e-06	0.00e+00
 5.45387e+15	3.17e-13	6.59e-09	2.34e-05	3.43e-03	5.70e-02	9.40e-01	5.20e-06	0.00e+00
 5.65437e+15	4.51e-13	8.83e-09	2.93e-05	3.98e-03	6.20e-02	9.34e-01	4.90e-06	0.00e+00
 5.85694e+15	6.07e-13	1.15e-08	3.64e-05	4.58e-03	6.70e-02	9.28e-01	4.62e-06	0.00e+00
 6.00901e+15	7.51e-13	1.38e-08	4.26e-05	5.07e-03	7.09e-02	9.24e-01	4.44e-06	0.00e+00
 6.12508e+15	8.96e-13	1.61e-08	4.80e-05	5.48e-03	7.41e-02	9.20e-01	4.31e-06	0.00e+00
 6.25318e+15	1.08e-12	1.88e-08	5.46e-05	5.96e-03	7.75e-02	9.16e-01	4.19e-06	0.00e+00
 6.41969e+15	1.32e-12	2.26e-08	6.42e-05	6.62e-03	8.20e-02	9.11e-01	4.02e-06	0.00e+00
 6.59994e+15	1.74e-12	2.84e-08	7.66e-05	7.41e-03	8.73e-02	9.05e-01	3.88e-06	0.00e+00
 6.75741e+15	2.12e-12	3.38e-08	8.86e-05	8.14e-03	9.18e-02	9.00e-01	3.76e-06	0.00e+00
 6.92151e+15	2.57e-12	4.02e-08	1.03e-04	8.96e-03	9.66e-02	8.94e-01	3.64e-06	0.00e+00
 7.13485e+15	3.48e-12	5.17e-08	1.25e-04	1.01e-02	1.03e-01	8.86e-01	3.52e-06	0.00e+00
 7.35008e+15	4.39e-12	6.38e-08	1.50e-04	1.14e-02	1.10e-01	8.79e-01	3.39e-06	0.00e+00
 7.52029e+15	5.53e-12	7.72e-08	1.74e-04	1.25e-02	1.16e-01	8.72e-01	3.32e-06	0.00e+00
 7.69409e+15	6.90e-12	9.29e-08	2.01e-04	1.38e-02	1.21e-01	8.65e-01	3.25e-06	0.00e+00
 7.92004e+15	8.70e-12	1.14e-07	2.41e-04	1.54e-02	1.29e-01	8.56e-01	3.15e-06	0.00e+00
 8.15934e+15	1.18e-11	1.47e-07	2.92e-04	1.74e-02	1.37e-01	8.45e-01	3.08e-06	0.00e+00
 8.36283e+15	1.50e-11	1.80e-07	3.42e-04	1.92e-02	1.45e-01	8.36e-01	3.03e-06	0.00e+00
 8.57418e+15	1.88e-11	2.19e-07	4.01e-04	2.13e-02	1.52e-01	8.26e-01	2.96e-06	0.00e+00
 8.84893e+15	2.43e-11	2.75e-07	4.89e-04	2.41e-02	1.62e-01	8.14e-01	2.88e-06	0.00e+00
 9.13062e+15	3.41e-11	3.63e-07	6.01e-04	2.74e-02	1.73e-01	7.99e-01	2.84e-06	0.00e+00
 9.36139e+15	4.29e-11	4.41e-07	7.05e-04	3.03e-02	1.81e-01	7.88e-01	2.79e-06	0.00e+00
 9.60144e+15	5.48e-11	5.43e-07	8.32e-04	3.35e-02	1.91e-01	7.75e-01	2.75e-06	0.00e+00
 9.91351e+15	7.16e-11	6.88e-07	1.02e-03	3.80e-02	2.02e-01	7.59e-01	2.69e-06	0.00e+00
 1.02280e+16	1.01e-10	9.13e-07	1.26e-03	4.32e-02	2.15e-01	7.40e-01	2.65e-06	0.00e+00
 1.04815e+16	1.28e-10	1.11e-06	1.47e-03	4.77e-02	2.25e-01	7.26e-01	2.62e-06	0.00e+00
 1.07471e+16	1.63e-10	1.37e-06	1.74e-03	5.27e-02	2.36e-01	7.10e-01	2.58e-06	0.00e+00
 1.10166e+16	2.07e-10	1.68e-06	2.04e-03	5.81e-02	2.46e-01	6.93e-01	2.55e-06	0.00e+00
 1.12440e+16	2.53e-10	1.99e-06	2.34e-03	6.30e-02	2.55e-01	6.79e-01	2.52e-06	0.00e+00
 1.14926e+16	3.13e-10	2.38e-06	2.70e-03	6.88e-02	2.65e-01	6.64e-01	2.48e-06	0.00e+00
 1.17606e+16	3.84e-10	2.84e-06	3.14e-03	7.52e-02	2.75e-01	6.47e-01	2.44e-06	0.00e+00
 1.20145e+16	4.98e-10	3.50e-06	3.65e-03	8.22e-02	2.86e-01	6.29e-01	2.42e-06	0.00e+00
 1.22573e+16	6.05e-10	4.14e-06	4.18e-03	8.89e-02	2.94e-01	6.13e-01	2.39e-06	0.00e+00
 1.25247e+16	7.33e-10	4.90e-06	4.83e-03	9.67e-02	3.04e-01	5.95e-01	2.35e-06	0.00e+00
 1.28216e+16	9.64e-10	6.13e-06	5.70e-03	1.06e-01	3.15e-01	5.73e-01	2.31e-06	0.00e+00
 1.30902e+16	1.21e-09	7.38e-06	6.57e-03	1.15e-01	3.24e-01	5.54e-01	2.28e-06	0.00e+00
 1.33728e+16	1.50e-09	8.88e-06	7.64e-03	1.26e-01	3.34e-01	5.33e-01	2.24e-06	0.00e+00
 1.36831e+16	1.86e-09	1.07e-05	8.95e-03	1.37e-01	3.43e-01	5.11e-01	2.19e-06	0.00e+00
 1.39683e+16	2.45e-09	1.34e-05	1.04e-02	1.49e-01	3.52e-01	4.88e-01	2.15e-06	0.00e+00
 1.42304e+16	3.00e-09	1.59e-05	1.19e-02	1.61e-01	3.59e-01	4.68e-01	2.11e-06	0.00e+00
 1.45232e+16	3.76e-09	1.92e-05	1.39e-02	1.74e-01	3.66e-01	4.45e-01	2.06e-06	0.00e+00
 1.48448e+16	5.00e-09	2.42e-05	1.64e-02	1.91e-01	3.74e-01	4.19e-01	2.01e-06	0.00e+00
 1.51334e+16	6.12e-09	2.87e-05	1.89e-02	2.05e-01	3.79e-01	3.97e-01	1.96e-06	0.00e+00
 1.53980e+16	7.33e-09	3.36e-05	2.16e-02	2.19e-01	3.82e-01	3.77e-01	1.91e-06	0.00e+00
 1.56610e+16	9.00e-09	3.99e-05	2.47e-02	2.34e-01	3.85e-01	3.56e-01	1.86e-06	0.00e+00
 1.59188e+16	1.20e-08	4.98e-05	2.84e-02	2.51e-01	3.88e-01	3.33e-01	1.82e-06	0.00e+00
 1.61594e+16	1.45e-08	5.83e-05	3.21e-02	2.66e-01	3.89e-01	3.14e-01	1.77e-06	0.00e+00
 1.64210e+16	1.73e-08	6.79e-05	3.66e-02	2.82e-01	3.88e-01	2.94e-01	1.72e-06	0.00e+00
 1.67089e+16	2.34e-08	8.61e-05	4.27e-02	3.02e-01	3.86e-01	2.69e-01	1.66e-06	0.00e+00
 1.69572e+16	2.96e-08	1.04e-04	4.88e-02	3.20e-01	3.83e-01	2.48e-01	1.61e-06	0.00e+00
 1.71570e+16	3.51e-08	1.20e-04	5.41e-02	3.34e-01	3.79e-01	2.32e-01	1.57e-06	0.00e+00
 1.73675e+16	4.36e-08	1.42e-04	6.08e-02	3.51e-01	3.74e-01	2.14e-01	1.52e-06	0.00e+00
 1.75971e+16	5.06e-08	1.62e-04	6.81e-02	3.67e-01	3.67e-01	1.98e-01	1.47e-06	0.00e+00
 1.78135e+16	6.16e-08	1.90e-04	7.65e-02	3.83e-01	3.59e-01	1.81e-01	1.41e-06	0.00e+00
 1.80156e+16	7.56e-08	2.23e-04	8.55e-02	3.98e-01	3.51e-01	1.65e-01	1.36e-06	0.00e+00
 1.82011e+16	9.21e-08	2.60e-04	9.48e-02	4.13e-01	3.41e-01	1.51e-01	1.31e-06	0.00e+00
 1.83759e+16	1.12e-07	3.03e-04	1.05e-01	4.26e-01	3.31e-01	1.37e-01	1.27e-06	0.00e+00
 1.85463e+16	1.35e-07	3.51e-04	1.15e-01	4.39e-01	3.21e-01	1.25e-01	1.22e-06	0.00e+00
 1.87135e+16	1.72e-07	4.21e-04	1.28e-01	4.51e-01	3.09e-01	1.12e-01	1.17e-06	0.00e+00
 1.88687e+16	2.00e-07	4.73e-04	1.39e-01	4.62e-01	2.97e-01	1.01e-01	1.12e-06	0.00e+00
 1.90358e+16	2.41e-07	5.49e-04	1.53e-01	4.73e-01	2.83e-01	8.97e-02	1.06e-06	0.00e+00
 1.92141e+16	3.34e-07	6.94e-04	1.72e-01	4.84e-01	2.67e-01	7.63e-02	9.98e-07	0.00e+00
 1.93528e+16	4.00e-07	7.95e-04	1.87e-01	4.91e-01	2.53e-01	6.77e-02	0.00e+00	0.00e+00
 1.94593e+16	4.59e-07	8.83e-04	1.99e-01	4.96e-01	2.42e-01	6.13e-02	0.00e+00	0.00e+00
 1.95778e+16	5.33e-07	9.89e-04	2.13e-01	5.01e-01	2.30e-01	5.47e-02	0.00e+00	0.00e+00
 1.97318e+16	6.89e-07	1.19e-03	2.35e-01	5.06e-01	2.12e-01	4.56e-02	0.00e+00	0.00e+00
 1.98709e+16	8.30e-07	1.37e-03	2.54e-01	5.09e-01	1.97e-01	3.90e-02	0.00e+00	0.00e+00
 1.99644e+16	9.44e-07	1.51e-03	2.68e-01	5.11e-01	1.86e-01	3.47e-02	0.00e+00	0.00e+00
 2.00598e+16	1.12e-06	1.71e-03	2.84e-01	5.11e-01	1.74e-01	3.01e-02	0.00e+00	0.00e+00
 2.01631e+16	1.24e-06	1.86e-03	2.99e-01	5.11e-01	1.62e-01	2.63e-02	0.00e+00	0.00e+00
 2.02555e+16	1.44e-06	2.07e-03	3.15e-01	5.09e-01	1.51e-01	2.28e-02	0.00e+00	0.00e+00
 2.03286e+16	1.71e-06	2.33e-03	3.30e-01	5.06e-01	1.41e-01	1.99e-02	0.00e+00	0.00e+00
 2.03786e+16	1.87e-06	2.49e-03	3.40e-01	5.05e-01	1.35e-01	1.82e-02	0.00e+00	0.00e+00
 2.04243e+16	2.03e-06	2.64e-03	3.49e-01	5.03e-01	1.29e-01	1.67e-02	0.00e+00	0.00e+00
 2.04839e+16	2.29e-06	2.88e-03	3.62e-01	4.99e-01	1.22e-01	1.47e-02	0.00e+00	0.00e+00
 2.05472e+16	2.45e-06	3.02e-03	3.72e-01	4.97e-01	1.15e-01	1.32e-02	0.00e+00	0.00e+00
 2.06154e+16	2.85e-06	3.37e-03	3.87e-01	4.92e-01	1.06e-01	1.13e-02	0.00e+00	0.00e+00
 2.06810e+16	3.12e-06	3.59e-03	4.00e-01	4.88e-01	9.90e-02	9.95e-03	0.00e+00	0.00e+00
 2.07430e+16	3.62e-06	3.99e-03	4.14e-01	4.82e-01	9.14e-02	8.50e-03	0.00e+00	0.00e+00
 2.08035e+16	3.94e-06	4.24e-03	4.26e-01	4.77e-01	8.52e-02	7.44e-03	0.00e+00	0.00e+00
 2.08618e+16	4.60e-06	4.72e-03	4.41e-01	4.70e-01	7.83e-02	6.29e-03	0.00e+00	0.00e+00
 2.09183e+16	5.07e-06	5.06e-03	4.52e-01	4.65e-01	7.28e-02	5.47e-03	0.00e+00	0.00e+00
 2.09724e+16	5.51e-06	5.37e-03	4.63e-01	4.59e-01	6.75e-02	4.76e-03	0.00e+00	0.00e+00
 2.10428e+16	6.57e-06	6.07e-03	4.81e-01	4.49e-01	6.03e-02	3.82e-03	0.00e+00	0.00e+00
 2.11069e+16	7.20e-06	6.46e-03	4.93e-01	4.42e-01	5.51e-02	3.23e-03	0.00e+00	0.00e+00
 2.11630e+16	8.08e-06	7.01e-03	5.05e-01	4.35e-01	5.03e-02	2.71e-03	0.00e+00	0.00e+00
 2.12249e+16	9.16e-06	7.65e-03	5.19e-01	4.26e-01	4.53e-02	2.23e-03	0.00e+00	0.00e+00
 2.12824e+16	1.07e-05	8.50e-03	5.33e-01	4.16e-01	4.07e-02	1.80e-03	0.00e+00	0.00e+00
 2.13316e+16	1.15e-05	8.97e-03	5.43e-01	4.09e-01	3.75e-02	1.55e-03	0.00e+00	0.00e+00
 2.13821e+16	1.28e-05	9.64e-03	5.54e-01	4.01e-01	3.42e-02	1.30e-03	0.00e+00	0.00e+00
 2.14477e+16	1.52e-05	1.08e-02	5.69e-01	3.89e-01	2.99e-02	1.00e-03	0.00e+00	0.00e+00
 2.15142e+16	1.74e-05	1.19e-02	5.83e-01	3.78e-01	2.63e-02	7.89e-04	0.00e+00	0.00e+00
 2.15721e+16	1.96e-05	1.29e-02	5.95e-01	3.68e-01	2.34e-02	6.35e-04	0.00e+00	0.00e+00
 2.16379e+16	2.26e-05	1.42e-02	6.08e-01	3.56e-01	2.04e-02	4.90e-04	0.00e+00	0.00e+00
 2.16991e+16	2.59e-05	1.56e-02	6.21e-01	3.45e-01	1.80e-02	3.85e-04	0.00e+00	0.00e+00
 2.17400e+16	2.82e-05	1.65e-02	6.28e-01	3.38e-01	1.65e-02	3.29e-04	0.00e+00	0.00e+00
 2.17789e+16	3.06e-05	1.75e-02	6.36e-01	3.31e-01	1.52e-02	2.80e-04	0.00e+00	0.00e+00
 2.18294e+16	3.41e-05	1.88e-02	6.46e-01	3.22e-01	1.36e-02	2.27e-04	0.00e+00	0.00e+00
 2.18850e+16	3.85e-05	2.04e-02	6.56e-01	3.12e-01	1.20e-02	1.80e-04	0.00e+00	0.00e+00
 2.19357e+16	4.31e-05	2.20e-02	6.65e-01	3.02e-01	1.07e-02	1.45e-04	0.00e+00	0.00e+00
 2.19823e+16	4.71e-05	2.34e-02	6.72e-01	2.94e-01	9.66e-03	1.20e-04	0.00e+00	0.00e+00
 2.20352e+16	5.35e-05	2.54e-02	6.82e-01	2.84e-01	8.50e-03	9.48e-05	0.00e+00	0.00e+00
 2.20916e+16	6.04e-05	2.76e-02	6.91e-01	2.74e-01	7.46e-03	7.45e-05	0.00e+00	0.00e+00
 2.21426e+16	6.78e-05	2.98e-02	6.99e-01	2.64e-01	6.61e-03	5.96e-05	0.00e+00	0.00e+00
 2.21991e+16	7.65e-05	3.24e-02	7.08e-01	2.54e-01	5.77e-03	4.64e-05	0.00e+00	0.00e+00
 2.22609e+16	8.80e-05	3.56e-02	7.17e-01	2.42e-01	4.97e-03	3.53e-05	0.00e+00	0.00e+00
 2.23155e+16	9.88e-05	3.84e-02	7.24e-01	2.33e-01	4.37e-03	2.79e-05	0.00e+00	0.00e+00
 2.23720e+16	1.13e-04	4.20e-02	7.32e-01	2.22e-01	3.77e-03	2.15e-05	0.00e+00	0.00e+00
 2.24320e+16	1.30e-04	4.61e-02	7.39e-01	2.11e-01	3.24e-03	1.64e-05	0.00e+00	0.00e+00
 2.24839e+16	1.46e-04	5.00e-02	7.45e-01	2.02e-01	2.84e-03	1.29e-05	0.00e+00	0.00e+00
 2.25314e+16	1.64e-04	5.38e-02	7.50e-01	1.93e-01	2.51e-03	1.04e-05	0.00e+00	0.00e+00
 2.25857e+16	1.86e-04	5.85e-02	7.55e-01	1.84e-01	2.17e-03	8.04e-06	0.00e+00	0.00e+00
 2.26461e+16	2.14e-04	6.42e-02	7.60e-01	1.73e-01	1.85e-03	6.09e-06	0.00e+00	0.00e+00
 2.27019e+16	2.46e-04	7.06e-02	7.64e-01	1.63e-01	1.58e-03	4.64e-06	0.00e+00	0.00e+00
 2.27501e+16	2.77e-04	7.63e-02	7.67e-01	1.55e-01	1.39e-03	3.70e-06	0.00e+00	0.00e+00
 2.28008e+16	3.15e-04	8.31e-02	7.69e-01	1.46e-01	1.20e-03	2.87e-06	0.00e+00	0.00e+00
 2.28570e+16	3.64e-04	9.14e-02	7.71e-01	1.36e-01	1.01e-03	2.17e-06	0.00e+00	0.00e+00
 2.29084e+16	4.17e-04	9.99e-02	7.71e-01	1.28e-01	8.69e-04	1.68e-06	0.00e+00	0.00e+00
 2.29545e+16	4.72e-04	1.08e-01	7.70e-01	1.20e-01	7.55e-04	1.33e-06	0.00e+00	0.00e+00
 2.30057e+16	5.41e-04	1.18e-01	7.69e-01	1.12e-01	6.40e-04	1.02e-06	0.00e+00	0.00e+00
 2.30613e+16	6.33e-04	1.31e-01	7.65e-01	1.03e-01	5.33e-04	7.55e-07	0.00e+00	0.00e+00
 2.31101e+16	7.28e-04	1.44e-01	7.60e-01	9.50e-02	4.51e-04	0.00e+00	0.00e+00	0.00e+00
 2.31531e+16	8.27e-04	1.56e-01	7.55e-01	8.83e-02	3.87e-04	0.00e+00	0.00e+00	0.00e+00
 2.32009e+16	9.49e-04	1.70e-01	7.48e-01	8.12e-02	3.26e-04	0.00e+00	0.00e+00	0.00e+00
 2.32631e+16	1.14e-03	1.91e-01	7.35e-01	7.22e-02	2.58e-04	0.00e+00	0.00e+00	0.00e+00
 2.33242e+16	1.39e-03	2.16e-01	7.19e-01	6.33e-02	2.01e-04	0.00e+00	0.00e+00	0.00e+00
 2.33686e+16	1.61e-03	2.38e-01	7.04e-01	5.68e-02	1.65e-04	0.00e+00	0.00e+00	0.00e+00
 2.34047e+16	1.82e-03	2.56e-01	6.90e-01	5.20e-02	1.40e-04	0.00e+00	0.00e+00	0.00e+00
 2.34456e+16	2.08e-03	2.78e-01	6.73e-01	4.67e-02	1.16e-04	0.00e+00	0.00e+00	0.00e+00
 2.34986e+16	2.48e-03	3.09e-01	6.48e-01	4.01e-02	8.90e-05	0.00e+00	0.00e+00	0.00e+00
 2.35557e+16	3.04e-03	3.49e-01	6.14e-01	3.34e-02	6.53e-05	0.00e+00	0.00e+00	0.00e+00
 2.36046e+16	3.65e-03	3.88e-01	5.80e-01	2.79e-02	4.89e-05	0.00e+00	0.00e+00	0.00e+00
 2.36459e+16	4.26e-03	4.24e-01	5.48e-01	2.36e-02	3.75e-05	0.00e+00	0.00e+00	0.00e+00
 2.36909e+16	5.04e-03	4.64e-01	5.11e-01	1.94e-02	2.77e-05	0.00e+00	0.00e+00	0.00e+00
 2.37408e+16	6.12e-03	5.15e-01	4.64e-01	1.52e-02	1.90e-05	0.00e+00	0.00e+00	0.00e+00
 2.37853e+16	7.34e-03	5.63e-01	4.18e-01	1.18e-02	1.31e-05	0.00e+00	0.00e+00	0.00e+00
 2.38201e+16	8.46e-03	6.03e-01	3.79e-01	9.41e-03	9.47e-06	0.00e+00	0.00e+00	0.00e+00
 2.38487e+16	9.51e-03	6.37e-01	3.46e-01	7.71e-03	7.14e-06	0.00e+00	0.00e+00	0.00e+00
 2.38799e+16	1.08e-02	6.72e-01	3.11e-01	6.12e-03	5.16e-06	0.00e+00	0.00e+00	0.00e+00
 2.39204e+16	1.27e-02	7.17e-01	2.66e-01	4.41e-03	3.28e-06	0.00e+00	0.00e+00	0.00e+00
 2.39602e+16	1.51e-02	7.62e-01	2.20e-01	3.01e-03	1.96e-06	0.00e+00	0.00e+00	0.00e+00
 2.39877e+16	1.71e-02	7.92e-01	1.88e-01	2.22e-03	1.31e-06	0.00e+00	0.00e+00	0.00e+00
 2.40077e+16	1.87e-02	8.12e-01	1.67e-01	1.77e-03	9.73e-07	0.00e+00	0.00e+00	0.00e+00
 2.40291e+16	2.05e-02	8.32e-01	1.46e-01	1.37e-03	0.00e+00	0.00e+00	0.00e+00	0.00e+00
 2.40568e+16	2.31e-02	8.54e-01	1.22e-01	9.65e-04	0.00e+00	0.00e+00	0.00e+00	0.00e+00
 2.40865e+16	2.65e-02	8.76e-01	9.70e-02	6.34e-04	0.00e+00	0.00e+00	0.00e+00	0.00e+00
 2.41111e+16	2.99e-02	8.91e-01	7.84e-02	4.30e-04	0.00e+00	0.00e+00	0.00e+00	0.00e+00
 2.41307e+16	3.28e-02	9.01e-01	6.54e-02	3.10e-04	0.00e+00	0.00e+00	0.00e+00	0.00e+00
 2.41514e+16	3.62e-02	9.10e-01	5.38e-02	2.17e-04	0.00e+00	0.00e+00	0.00e+00	0.00e+00
 2.41783e+16	4.12e-02	9.18e-01	4.10e-02	1.33e-04	0.00e+00	0.00e+00	0.00e+00	0.00e+00
 2.42046e+16	4.72e-02	9.22e-01	3.04e-02	7.82e-05	0.00e+00	0.00e+00	0.00e+00	0.00e+00
 2.42230e+16	5.21e-02	9.24e-01	2.41e-02	5.22e-05	0.00e+00	0.00e+00	0.00e+00	0.00e+00
 2.42369e+16	5.60e-02	9.24e-01	2.03e-02	3.83e-05	0.00e+00	0.00e+00	0.00e+00	0.00e+00
 2.42520e+16	6.07e-02	9.23e-01	1.67e-02	2.72e-05	0.00e+00	0.00e+00	0.00e+00	0.00e+00
 2.42716e+16	6.71e-02	9.20e-01	1.29e-02	1.72e-05	0.00e+00	0.00e+00	0.00e+00	0.00e+00
 2.42915e+16	7.46e-02	9.16e-01	9.69e-03	1.05e-05	0.00e+00	0.00e+00	0.00e+00	0.00e+00
 2.43069e+16	8.10e-02	9.11e-01	7.69e-03	7.08e-06	0.00e+00	0.00e+00	0.00e+00	0.00e+00
 2.43194e+16	8.64e-02	9.07e-01	6.36e-03	5.12e-06	0.00e+00	0.00e+00	0.00e+00	0.00e+00
 2.43311e+16	9.18e-02	9.03e-01	5.31e-03	3.77e-06	0.00e+00	0.00e+00	0.00e+00	0.00e+00
 2.43427e+16	9.72e-02	8.98e-01	4.44e-03	2.78e-06	0.00e+00	0.00e+00	0.00e+00	0.00e+00
 2.43543e+16	1.03e-01	8.93e-01	3.69e-03	2.06e-06	0.00e+00	0.00e+00	0.00e+00	0.00e+00
 2.43631e+16	1.07e-01	8.90e-01	3.21e-03	1.64e-06	0.00e+00	0.00e+00	0.00e+00	0.00e+00
 2.43685e+16	1.10e-01	8.87e-01	2.94e-03	1.43e-06	0.00e+00	0.00e+00	0.00e+00	0.00e+00
 2.43735e+16	1.13e-01	8.84e-01	2.72e-03	1.26e-06	0.00e+00	0.00e+00	0.00e+00	0.00e+00
 2.43796e+16	1.16e-01	8.81e-01	2.46e-03	1.08e-06	0.00e+00	0.00e+00	0.00e+00	0.00e+00
 2.43864e+16	1.20e-01	8.78e-01	2.20e-03	9.08e-07	0.00e+00	0.00e+00	0.00e+00	0.00e+00
 2.43930e+16	1.24e-01	8.74e-01	1.98e-03	0.00e+00	0.00e+00	0.00e+00	0.00e+00	0.00e+00
 2.43992e+16	1.27e-01	8.71e-01	1.79e-03	0.00e+00	0.00e+00	0.00e+00	0.00e+00	0.00e+00
 2.44054e+16	1.30e-01	8.68e-01	1.62e-03	0.00e+00	0.00e+00	0.00e+00	0.00e+00	0.00e+00
 2.44118e+16	1.34e-01	8.65e-01	1.46e-03	0.00e+00	0.00e+00	0.00e+00	0.00e+00	0.00e+00
 2.44182e+16	1.38e-01	8.61e-01	1.31e-03	0.00e+00	0.00e+00	0.00e+00	0.00e+00	0.00e+00
 2.44247e+16	1.41e-01	8.58e-01	1.18e-03	0.00e+00	0.00e+00	0.00e+00	0.00e+00	0.00e+00
 2.44312e+16	1.45e-01	8.54e-01	1.07e-03	0.00e+00	0.00e+00	0.00e+00	0.00e+00	0.00e+00
 2.44378e+16	1.49e-01	8.50e-01	9.59e-04	0.00e+00	0.00e+00	0.00e+00	0.00e+00	0.00e+00
 2.44444e+16	1.53e-01	8.47e-01	8.65e-04	0.00e+00	0.00e+00	0.00e+00	0.00e+00	0.00e+00
 2.44511e+16	1.56e-01	8.43e-01	7.80e-04	0.00e+00	0.00e+00	0.00e+00	0.00e+00	0.00e+00
 2.44580e+16	1.60e-01	8.39e-01	7.01e-04	0.00e+00	0.00e+00	0.00e+00	0.00e+00	0.00e+00
 2.44651e+16	1.64e-01	8.35e-01	6.30e-04	0.00e+00	0.00e+00	0.00e+00	0.00e+00	0.00e+00
 2.44723e+16	1.68e-01	8.31e-01	5.67e-04	0.00e+00	0.00e+00	0.00e+00	0.00e+00	0.00e+00
 2.44797e+16	1.72e-01	8.27e-01	5.10e-04	0.00e+00	0.00e+00	0.00e+00	0.00e+00	0.00e+00
 2.44874e+16	1.76e-01	8.24e-01	4.58e-04	0.00e+00	0.00e+00	0.00e+00	0.00e+00	0.00e+00
 2.44954e+16	1.80e-01	8.20e-01	4.12e-04	0.00e+00	0.00e+00	0.00e+00	0.00e+00	0.00e+00
 2.45037e+16	1.84e-01	8.15e-01	3.70e-04	0.00e+00	0.00e+00	0.00e+00	0.00e+00	0.00e+00
 2.45126e+16	1.89e-01	8.11e-01	3.33e-04	0.00e+00	0.00e+00	0.00e+00	0.00e+00	0.00e+00
 2.45219e+16	1.93e-01	8.07e-01	3.00e-04	0.00e+00	0.00e+00	0.00e+00	0.00e+00	0.00e+00
