#depth	C	C+	C+2	C+3	C+4	C+5	C+6	C[1]	C[2]	C[3]	C+[1]	C+[2]	CO
 1.49634e+10	1.25e-47	3.79e-36	1.46e-25	1.28e-15	5.92e-05	2.53e-01	7.47e-01	0.00e+00	0.00e+00	0.00e+00	0.00e+00	0.00e+00	0.00e+00
 4.54887e+10	0.00e+00	5.50e-36	1.96e-25	1.59e-15	6.78e-05	2.69e-01	7.31e-01	0.00e+00	0.00e+00	0.00e+00	0.00e+00	0.00e+00	0.00e+00
 7.72350e+10	3.09e-47	7.99e-36	2.63e-25	1.97e-15	7.78e-05	2.84e-01	7.16e-01	0.00e+00	0.00e+00	0.00e+00	0.00e+00	0.00e+00	0.00e+00
 1.10251e+11	0.00e+00	1.16e-35	3.52e-25	2.45e-15	8.92e-05	3.01e-01	6.99e-01	0.00e+00	0.00e+00	0.00e+00	0.00e+00	0.00e+00	0.00e+00
 1.41671e+11	7.31e-47	1.63e-35	4.60e-25	2.97e-15	1.01e-04	3.16e-01	6.84e-01	0.00e+00	0.00e+00	0.00e+00	0.00e+00	0.00e+00	0.00e+00
 1.70370e+11	0.00e+00	2.20e-35	5.83e-25	3.53e-15	1.12e-04	3.30e-01	6.70e-01	0.00e+00	0.00e+00	0.00e+00	0.00e+00	0.00e+00	0.00e+00
 2.02822e+11	1.57e-46	3.05e-35	7.54e-25	4.26e-15	1.26e-04	3.46e-01	6.54e-01	0.00e+00	0.00e+00	0.00e+00	0.00e+00	0.00e+00	5.87e-147
 2.40551e+11	0.00e+00	4.39e-35	1.00e-24	5.25e-15	1.44e-04	3.64e-01	6.36e-01	0.00e+00	0.00e+00	0.00e+00	0.00e+00	0.00e+00	2.73e-211
 2.77815e+11	3.71e-46	6.21e-35	1.32e-24	6.39e-15	1.63e-04	3.81e-01	6.19e-01	0.00e+00	0.00e+00	0.00e+00	0.00e+00	0.00e+00	5.42e-146
 3.13423e+11	0.00e+00	8.53e-35	1.69e-24	7.66e-15	1.82e-04	3.98e-01	6.02e-01	0.00e+00	0.00e+00	0.00e+00	0.00e+00	0.00e+00	1.05e-210
 3.52740e+11	8.25e-46	1.20e-34	2.20e-24	9.28e-15	2.05e-04	4.15e-01	5.84e-01	0.00e+00	0.00e+00	0.00e+00	0.00e+00	0.00e+00	1.34e-275
 3.96776e+11	0.00e+00	1.72e-34	2.93e-24	1.14e-14	2.33e-04	4.35e-01	5.65e-01	0.00e+00	0.00e+00	0.00e+00	0.00e+00	0.00e+00	1.87e-166
 4.41317e+11	1.97e-45	2.45e-34	3.86e-24	1.39e-14	2.63e-04	4.54e-01	5.46e-01	0.00e+00	0.00e+00	0.00e+00	0.00e+00	0.00e+00	9.25e-232
 4.87639e+11	0.00e+00	3.48e-34	5.08e-24	1.69e-14	2.96e-04	4.73e-01	5.27e-01	0.00e+00	0.00e+00	0.00e+00	0.00e+00	0.00e+00	2.95e-297
 5.37071e+11	4.69e-45	4.99e-34	6.72e-24	2.07e-14	3.35e-04	4.93e-01	5.07e-01	0.00e+00	0.00e+00	0.00e+00	0.00e+00	0.00e+00	3.94e-143
 5.88481e+11	0.00e+00	7.14e-34	8.89e-24	2.53e-14	3.78e-04	5.12e-01	4.87e-01	0.00e+00	0.00e+00	0.00e+00	0.00e+00	0.00e+00	4.70e-209
 6.41947e+11	1.13e-44	1.02e-33	1.17e-23	3.09e-14	4.26e-04	5.32e-01	4.67e-01	0.00e+00	0.00e+00	0.00e+00	0.00e+00	0.00e+00	3.62e-275
 6.97552e+11	0.00e+00	1.46e-33	1.55e-23	3.76e-14	4.79e-04	5.52e-01	4.48e-01	0.00e+00	0.00e+00	0.00e+00	0.00e+00	0.00e+00	4.36e-163
 7.55380e+11	2.69e-44	2.08e-33	2.04e-23	4.58e-14	5.39e-04	5.71e-01	4.28e-01	0.00e+00	0.00e+00	0.00e+00	0.00e+00	0.00e+00	1.22e-229
 8.15522e+11	0.00e+00	2.96e-33	2.69e-23	5.56e-14	6.05e-04	5.91e-01	4.09e-01	0.00e+00	0.00e+00	0.00e+00	0.00e+00	0.00e+00	5.88e-162
 8.78070e+11	6.39e-44	4.22e-33	3.53e-23	6.76e-14	6.78e-04	6.10e-01	3.90e-01	0.00e+00	0.00e+00	0.00e+00	0.00e+00	0.00e+00	6.17e-229
 9.43120e+11	0.00e+00	6.00e-33	4.64e-23	8.19e-14	7.59e-04	6.28e-01	3.71e-01	0.00e+00	0.00e+00	0.00e+00	0.00e+00	0.00e+00	7.92e-161
 1.01077e+12	1.51e-43	8.52e-33	6.08e-23	9.93e-14	8.49e-04	6.47e-01	3.52e-01	0.00e+00	0.00e+00	0.00e+00	0.00e+00	0.00e+00	3.07e-228
 1.08113e+12	0.00e+00	1.21e-32	7.98e-23	1.20e-13	9.49e-04	6.65e-01	3.34e-01	0.00e+00	0.00e+00	0.00e+00	0.00e+00	0.00e+00	1.06e-159
 1.14999e+12	3.49e-43	1.68e-32	1.03e-22	1.44e-13	1.05e-03	6.81e-01	3.18e-01	0.00e+00	0.00e+00	0.00e+00	0.00e+00	0.00e+00	1.54e-227
 1.21373e+12	0.00e+00	2.26e-32	1.29e-22	1.68e-13	1.15e-03	6.95e-01	3.03e-01	0.00e+00	0.00e+00	0.00e+00	0.00e+00	0.00e+00	1.08e-158
 1.28432e+12	7.37e-43	3.09e-32	1.64e-22	2.00e-13	1.27e-03	7.10e-01	2.88e-01	0.00e+00	0.00e+00	0.00e+00	0.00e+00	0.00e+00	6.12e-227
 1.36562e+12	0.00e+00	4.38e-32	2.15e-22	2.41e-13	1.41e-03	7.26e-01	2.72e-01	0.00e+00	0.00e+00	0.00e+00	0.00e+00	0.00e+00	1.28e-157
 1.44557e+12	1.69e-42	6.08e-32	2.77e-22	2.87e-13	1.56e-03	7.41e-01	2.57e-01	0.00e+00	0.00e+00	0.00e+00	0.00e+00	0.00e+00	2.65e-226
 1.52872e+12	0.00e+00	8.45e-32	3.57e-22	3.43e-13	1.73e-03	7.55e-01	2.43e-01	0.00e+00	0.00e+00	0.00e+00	0.00e+00	0.00e+00	1.50e-156
 1.61980e+12	3.90e-42	1.20e-31	4.65e-22	4.13e-13	1.92e-03	7.70e-01	2.28e-01	0.00e+00	0.00e+00	0.00e+00	0.00e+00	0.00e+00	1.03e-225
 1.71226e+12	0.00e+00	1.68e-31	6.04e-22	4.95e-13	2.13e-03	7.83e-01	2.15e-01	0.00e+00	0.00e+00	0.00e+00	0.00e+00	0.00e+00	1.97e-155
 1.80842e+12	8.98e-42	2.35e-31	7.83e-22	5.93e-13	2.35e-03	7.96e-01	2.02e-01	0.00e+00	0.00e+00	0.00e+00	0.00e+00	0.00e+00	2.75e-225
 1.91068e+12	0.00e+00	3.33e-31	1.02e-21	7.12e-13	2.61e-03	8.08e-01	1.89e-01	0.00e+00	0.00e+00	0.00e+00	0.00e+00	0.00e+00	2.58e-154
 2.01703e+12	2.11e-41	4.71e-31	1.33e-21	8.56e-13	2.89e-03	8.20e-01	1.77e-01	0.00e+00	0.00e+00	0.00e+00	0.00e+00	0.00e+00	1.32e-225
 2.12764e+12	0.00e+00	6.66e-31	1.74e-21	1.03e-12	3.20e-03	8.32e-01	1.65e-01	0.00e+00	0.00e+00	0.00e+00	0.00e+00	0.00e+00	3.51e-153
 2.24267e+12	4.97e-41	9.41e-31	2.26e-21	1.24e-12	3.54e-03	8.42e-01	1.54e-01	0.00e+00	0.00e+00	0.00e+00	0.00e+00	0.00e+00	0.00e+00
 2.36231e+12	0.00e+00	1.33e-30	2.95e-21	1.49e-12	3.92e-03	8.52e-01	1.44e-01	0.00e+00	0.00e+00	0.00e+00	0.00e+00	0.00e+00	4.80e-152
 2.48673e+12	1.17e-40	1.89e-30	3.85e-21	1.78e-12	4.33e-03	8.62e-01	1.34e-01	0.00e+00	0.00e+00	0.00e+00	0.00e+00	0.00e+00	0.00e+00
 2.61612e+12	0.00e+00	2.67e-30	5.03e-21	2.14e-12	4.79e-03	8.71e-01	1.25e-01	0.00e+00	0.00e+00	0.00e+00	0.00e+00	0.00e+00	6.59e-151
 2.73796e+12	2.66e-40	3.66e-30	6.40e-21	2.53e-12	5.25e-03	8.78e-01	1.17e-01	0.00e+00	0.00e+00	0.00e+00	0.00e+00	0.00e+00	0.00e+00
 2.84716e+12	0.00e+00	4.81e-30	7.89e-21	2.92e-12	5.68e-03	8.84e-01	1.10e-01	0.00e+00	0.00e+00	0.00e+00	0.00e+00	0.00e+00	6.08e-150
 2.96983e+12	5.41e-40	6.50e-30	9.92e-21	3.42e-12	6.19e-03	8.91e-01	1.03e-01	0.00e+00	0.00e+00	0.00e+00	0.00e+00	0.00e+00	0.00e+00
 3.11491e+12	0.00e+00	9.15e-30	1.29e-20	4.10e-12	6.82e-03	8.97e-01	9.60e-02	0.00e+00	0.00e+00	0.00e+00	0.00e+00	0.00e+00	6.81e-149
 3.25993e+12	1.24e-39	1.27e-29	1.66e-20	4.87e-12	7.50e-03	9.03e-01	8.93e-02	0.00e+00	0.00e+00	0.00e+00	0.00e+00	0.00e+00	0.00e+00
 3.39638e+12	0.00e+00	1.71e-29	2.08e-20	5.69e-12	8.16e-03	9.08e-01	8.37e-02	0.00e+00	0.00e+00	0.00e+00	0.00e+00	0.00e+00	7.25e-148
 3.54780e+12	2.68e-39	2.37e-29	2.66e-20	6.74e-12	8.94e-03	9.13e-01	7.79e-02	0.00e+00	0.00e+00	0.00e+00	0.00e+00	0.00e+00	0.00e+00
 3.71964e+12	0.00e+00	3.37e-29	3.48e-20	8.11e-12	9.88e-03	9.18e-01	7.20e-02	0.00e+00	0.00e+00	0.00e+00	0.00e+00	0.00e+00	9.17e-147
 3.89120e+12	6.31e-39	4.74e-29	4.52e-20	9.69e-12	1.09e-02	9.22e-01	6.67e-02	0.00e+00	0.00e+00	0.00e+00	0.00e+00	0.00e+00	0.00e+00
 4.06962e+12	0.00e+00	6.65e-29	5.86e-20	1.16e-11	1.20e-02	9.26e-01	6.17e-02	0.00e+00	0.00e+00	0.00e+00	0.00e+00	0.00e+00	1.18e-145
 4.26233e+12	1.49e-38	9.50e-29	7.69e-20	1.39e-11	1.32e-02	9.30e-01	5.69e-02	0.00e+00	0.00e+00	0.00e+00	0.00e+00	0.00e+00	2.20e-219
 4.46276e+12	0.00e+00	1.36e-28	1.01e-19	1.68e-11	1.46e-02	9.33e-01	5.24e-02	0.00e+00	0.00e+00	0.00e+00	0.00e+00	0.00e+00	1.71e-144
 4.65190e+12	3.47e-38	1.88e-28	1.29e-19	1.99e-11	1.60e-02	9.35e-01	4.86e-02	0.00e+00	0.00e+00	0.00e+00	0.00e+00	0.00e+00	0.00e+00
 4.82222e+12	0.00e+00	2.49e-28	1.60e-19	2.30e-11	1.73e-02	9.37e-01	4.55e-02	0.00e+00	0.00e+00	0.00e+00	0.00e+00	0.00e+00	1.65e-143
 5.01394e+12	7.23e-38	3.40e-28	2.04e-19	2.71e-11	1.88e-02	9.39e-01	4.23e-02	0.00e+00	0.00e+00	0.00e+00	0.00e+00	0.00e+00	0.00e+00
 5.23971e+12	0.00e+00	4.82e-28	2.66e-19	3.25e-11	2.07e-02	9.40e-01	3.89e-02	0.00e+00	0.00e+00	0.00e+00	0.00e+00	0.00e+00	1.95e-142
 5.46518e+12	1.69e-37	6.76e-28	3.44e-19	3.88e-11	2.27e-02	9.41e-01	3.59e-02	0.00e+00	0.00e+00	0.00e+00	0.00e+00	0.00e+00	0.00e+00
 5.67798e+12	0.00e+00	9.26e-28	4.38e-19	4.57e-11	2.48e-02	9.42e-01	3.33e-02	0.00e+00	0.00e+00	0.00e+00	0.00e+00	0.00e+00	2.22e-141
 5.91334e+12	3.75e-37	1.29e-27	5.62e-19	5.41e-11	2.71e-02	9.42e-01	3.08e-02	0.00e+00	0.00e+00	0.00e+00	0.00e+00	0.00e+00	0.00e+00
 6.17980e+12	0.00e+00	1.86e-27	7.44e-19	6.55e-11	2.99e-02	9.42e-01	2.81e-02	0.00e+00	0.00e+00	0.00e+00	0.00e+00	0.00e+00	2.95e-140
 6.44237e+12	9.07e-37	2.62e-27	9.69e-19	7.84e-11	3.29e-02	9.41e-01	2.58e-02	0.00e+00	0.00e+00	0.00e+00	0.00e+00	0.00e+00	0.00e+00
 6.71544e+12	0.00e+00	3.69e-27	1.26e-18	9.36e-11	3.60e-02	9.40e-01	2.37e-02	0.00e+00	0.00e+00	0.00e+00	0.00e+00	0.00e+00	3.81e-139
 7.01399e+12	2.19e-36	5.34e-27	1.67e-18	1.13e-10	3.98e-02	9.39e-01	2.16e-02	0.00e+00	0.00e+00	0.00e+00	0.00e+00	0.00e+00	0.00e+00
 7.31463e+12	0.00e+00	7.61e-27	2.19e-18	1.36e-10	4.37e-02	9.36e-01	1.98e-02	0.00e+00	0.00e+00	0.00e+00	0.00e+00	0.00e+00	5.53e-138
 7.62729e+12	5.27e-36	1.09e-26	2.87e-18	1.64e-10	4.81e-02	9.34e-01	1.80e-02	0.00e+00	0.00e+00	0.00e+00	0.00e+00	0.00e+00	0.00e+00
 7.95119e+12	0.00e+00	1.55e-26	3.77e-18	1.97e-10	5.28e-02	9.31e-01	1.65e-02	0.00e+00	0.00e+00	0.00e+00	0.00e+00	0.00e+00	7.65e-137
 8.27015e+12	1.24e-35	2.17e-26	4.88e-18	2.35e-10	5.77e-02	9.27e-01	1.51e-02	0.00e+00	0.00e+00	0.00e+00	0.00e+00	0.00e+00	0.00e+00
 8.61299e+12	0.00e+00	3.08e-26	6.38e-18	2.81e-10	6.32e-02	9.23e-01	1.38e-02	0.00e+00	0.00e+00	0.00e+00	0.00e+00	0.00e+00	9.63e-136
 8.98744e+12	3.01e-35	4.45e-26	8.46e-18	3.40e-10	6.95e-02	9.18e-01	1.25e-02	0.00e+00	0.00e+00	0.00e+00	0.00e+00	0.00e+00	0.00e+00
 9.37686e+12	0.00e+00	6.42e-26	1.12e-17	4.11e-10	7.64e-02	9.12e-01	1.13e-02	0.00e+00	0.00e+00	0.00e+00	0.00e+00	0.00e+00	1.44e-134
 9.78186e+12	7.45e-35	9.26e-26	1.49e-17	4.97e-10	8.39e-02	9.06e-01	1.02e-02	0.00e+00	0.00e+00	0.00e+00	0.00e+00	0.00e+00	0.00e+00
 1.02031e+13	1.17e-34	1.34e-25	1.97e-17	6.01e-10	9.22e-02	8.99e-01	9.22e-03	0.00e+00	0.00e+00	0.00e+00	0.00e+00	0.00e+00	1.81e-115
 1.05843e+13	1.74e-34	1.84e-25	2.52e-17	7.10e-10	9.99e-02	8.92e-01	8.42e-03	0.00e+00	0.00e+00	0.00e+00	0.00e+00	0.00e+00	8.51e-98
 1.09025e+13	2.39e-34	2.38e-25	3.07e-17	8.11e-10	1.07e-01	8.86e-01	7.83e-03	0.00e+00	0.00e+00	0.00e+00	0.00e+00	0.00e+00	0.00e+00
 1.12512e+13	3.35e-34	3.13e-25	3.78e-17	9.34e-10	1.14e-01	8.79e-01	7.23e-03	0.00e+00	0.00e+00	0.00e+00	0.00e+00	0.00e+00	2.90e-114
 1.16922e+13	5.05e-34	4.36e-25	4.89e-17	1.11e-09	1.24e-01	8.69e-01	6.56e-03	0.00e+00	0.00e+00	0.00e+00	0.00e+00	0.00e+00	9.22e-97
 1.21519e+13	7.63e-34	6.10e-25	6.33e-17	1.32e-09	1.35e-01	8.59e-01	5.94e-03	0.00e+00	0.00e+00	0.00e+00	0.00e+00	0.00e+00	2.04e-288
 1.25447e+13	1.07e-33	8.03e-25	7.83e-17	1.52e-09	1.44e-01	8.51e-01	5.46e-03	0.00e+00	0.00e+00	0.00e+00	0.00e+00	0.00e+00	6.32e-113
 1.29520e+13	1.50e-33	1.06e-24	9.67e-17	1.75e-09	1.54e-01	8.41e-01	5.02e-03	0.00e+00	0.00e+00	0.00e+00	0.00e+00	0.00e+00	1.05e-95
 1.34608e+13	2.26e-33	1.47e-24	1.25e-16	2.08e-09	1.67e-01	8.29e-01	4.53e-03	0.00e+00	0.00e+00	0.00e+00	0.00e+00	0.00e+00	3.55e-283
 1.39767e+13	3.35e-33	2.03e-24	1.60e-16	2.45e-09	1.80e-01	8.16e-01	4.08e-03	0.00e+00	0.00e+00	0.00e+00	0.00e+00	0.00e+00	1.32e-111
 1.44245e+13	4.66e-33	2.65e-24	1.97e-16	2.82e-09	1.91e-01	8.05e-01	3.75e-03	0.00e+00	0.00e+00	0.00e+00	0.00e+00	0.00e+00	1.31e-94
 1.49085e+13	6.56e-33	3.49e-24	2.44e-16	3.25e-09	2.04e-01	7.92e-01	3.42e-03	0.00e+00	0.00e+00	0.00e+00	0.00e+00	0.00e+00	7.97e-111
 1.55007e+13	9.80e-33	4.84e-24	3.13e-16	3.84e-09	2.20e-01	7.77e-01	3.06e-03	0.00e+00	0.00e+00	0.00e+00	0.00e+00	0.00e+00	6.89e-94
 1.61045e+13	1.45e-32	6.64e-24	4.00e-16	4.52e-09	2.36e-01	7.61e-01	2.75e-03	0.00e+00	0.00e+00	0.00e+00	0.00e+00	0.00e+00	6.75e-110
 1.66554e+13	2.04e-32	8.76e-24	4.96e-16	5.20e-09	2.51e-01	7.46e-01	2.49e-03	0.00e+00	0.00e+00	0.00e+00	0.00e+00	0.00e+00	3.56e-93
 1.72666e+13	2.93e-32	1.17e-23	6.21e-16	6.04e-09	2.68e-01	7.30e-01	2.24e-03	0.00e+00	0.00e+00	0.00e+00	0.00e+00	0.00e+00	4.55e-109
 1.79793e+13	4.38e-32	1.63e-23	7.99e-16	7.13e-09	2.87e-01	7.11e-01	1.99e-03	0.00e+00	0.00e+00	0.00e+00	0.00e+00	0.00e+00	2.00e-92
 1.86858e+13	6.40e-32	2.21e-23	1.01e-15	8.33e-09	3.07e-01	6.92e-01	1.77e-03	0.00e+00	0.00e+00	0.00e+00	0.00e+00	0.00e+00	3.89e-108
 1.93601e+13	9.05e-32	2.93e-23	1.26e-15	9.59e-09	3.25e-01	6.74e-01	1.59e-03	0.00e+00	0.00e+00	0.00e+00	0.00e+00	0.00e+00	1.04e-91
 2.01039e+13	1.30e-31	3.93e-23	1.58e-15	1.11e-08	3.45e-01	6.54e-01	1.42e-03	0.00e+00	0.00e+00	0.00e+00	0.00e+00	0.00e+00	2.78e-107
 2.09380e+13	1.92e-31	5.39e-23	2.01e-15	1.30e-08	3.67e-01	6.32e-01	1.25e-03	0.00e+00	0.00e+00	0.00e+00	0.00e+00	0.00e+00	5.85e-91
 2.17753e+13	2.79e-31	7.27e-23	2.52e-15	1.51e-08	3.88e-01	6.11e-01	1.10e-03	0.00e+00	0.00e+00	0.00e+00	0.00e+00	0.00e+00	2.34e-106
 2.25250e+13	3.84e-31	9.40e-23	3.07e-15	1.71e-08	4.07e-01	5.92e-01	9.92e-04	0.00e+00	0.00e+00	0.00e+00	0.00e+00	0.00e+00	2.88e-90
 2.31911e+13	5.03e-31	1.17e-22	3.63e-15	1.90e-08	4.23e-01	5.76e-01	9.03e-04	0.00e+00	0.00e+00	0.00e+00	0.00e+00	0.00e+00	1.24e-105
 2.39465e+13	6.77e-31	1.48e-22	4.35e-15	2.13e-08	4.41e-01	5.58e-01	8.14e-04	0.00e+00	0.00e+00	0.00e+00	0.00e+00	0.00e+00	1.08e-89
 2.47868e+13	9.30e-31	1.91e-22	5.28e-15	2.41e-08	4.61e-01	5.38e-01	7.27e-04	0.00e+00	0.00e+00	0.00e+00	0.00e+00	0.00e+00	7.12e-105
 2.55749e+13	1.24e-30	2.41e-22	6.27e-15	2.69e-08	4.79e-01	5.20e-01	6.55e-04	0.00e+00	0.00e+00	0.00e+00	0.00e+00	0.00e+00	4.45e-89
 2.64370e+13	1.67e-30	3.06e-22	7.52e-15	3.01e-08	4.98e-01	5.01e-01	5.87e-04	0.00e+00	0.00e+00	0.00e+00	0.00e+00	0.00e+00	3.84e-104
 2.74033e+13	2.30e-30	3.96e-22	9.14e-15	3.41e-08	5.18e-01	4.81e-01	5.20e-04	0.00e+00	0.00e+00	0.00e+00	0.00e+00	0.00e+00	1.95e-88
 2.83211e+13	3.09e-30	5.00e-22	1.09e-14	3.80e-08	5.37e-01	4.63e-01	4.64e-04	0.00e+00	0.00e+00	0.00e+00	0.00e+00	0.00e+00	2.30e-103
 2.93299e+13	4.21e-30	6.40e-22	1.31e-14	4.26e-08	5.57e-01	4.43e-01	4.12e-04	0.00e+00	0.00e+00	0.00e+00	0.00e+00	0.00e+00	8.24e-88
 3.04592e+13	5.86e-30	8.33e-22	1.60e-14	4.81e-08	5.77e-01	4.22e-01	3.61e-04	0.00e+00	0.00e+00	0.00e+00	0.00e+00	0.00e+00	1.51e-102
 3.15308e+13	7.92e-30	1.06e-21	1.91e-14	5.37e-08	5.96e-01	4.03e-01	3.20e-04	0.00e+00	0.00e+00	0.00e+00	0.00e+00	0.00e+00	3.79e-87
 3.25196e+13	1.03e-29	1.31e-21	2.24e-14	5.92e-08	6.13e-01	3.87e-01	2.86e-04	0.00e+00	0.00e+00	0.00e+00	0.00e+00	0.00e+00	8.14e-102
 3.36148e+13	1.38e-29	1.64e-21	2.65e-14	6.55e-08	6.30e-01	3.70e-01	2.54e-04	0.00e+00	0.00e+00	0.00e+00	0.00e+00	0.00e+00	1.46e-86
 3.48443e+13	1.87e-29	2.09e-21	3.17e-14	7.30e-08	6.48e-01	3.51e-01	2.24e-04	0.00e+00	0.00e+00	0.00e+00	0.00e+00	0.00e+00	4.78e-101
 3.60087e+13	2.47e-29	2.61e-21	3.74e-14	8.05e-08	6.65e-01	3.35e-01	1.98e-04	0.00e+00	0.00e+00	0.00e+00	0.00e+00	0.00e+00	6.15e-86
 3.72827e+13	3.32e-29	3.29e-21	4.43e-14	8.91e-08	6.82e-01	3.18e-01	1.75e-04	0.00e+00	0.00e+00	0.00e+00	0.00e+00	0.00e+00	2.70e-100
 3.86919e+13	4.53e-29	4.20e-21	5.31e-14	9.92e-08	6.99e-01	3.01e-01	1.52e-04	0.00e+00	0.00e+00	0.00e+00	0.00e+00	0.00e+00	2.77e-85
 3.99992e+13	5.98e-29	5.23e-21	6.23e-14	1.09e-07	7.14e-01	2.86e-01	1.35e-04	0.00e+00	0.00e+00	0.00e+00	0.00e+00	0.00e+00	1.62e-99
 4.14211e+13	7.99e-29	6.57e-21	7.36e-14	1.20e-07	7.30e-01	2.70e-01	1.18e-04	0.00e+00	0.00e+00	0.00e+00	0.00e+00	0.00e+00	1.15e-84
 4.30126e+13	1.09e-28	8.40e-21	8.81e-14	1.33e-07	7.46e-01	2.54e-01	1.02e-04	0.00e+00	0.00e+00	0.00e+00	0.00e+00	0.00e+00	1.03e-98
 4.45157e+13	1.45e-28	1.05e-20	1.03e-13	1.46e-07	7.59e-01	2.40e-01	9.00e-05	0.00e+00	0.00e+00	0.00e+00	0.00e+00	0.00e+00	5.14e-84
 4.61506e+13	1.95e-28	1.32e-20	1.22e-13	1.61e-07	7.73e-01	2.27e-01	7.85e-05	0.00e+00	0.00e+00	0.00e+00	0.00e+00	0.00e+00	6.16e-98
 4.79733e+13	2.67e-28	1.69e-20	1.46e-13	1.79e-07	7.88e-01	2.12e-01	6.76e-05	0.00e+00	0.00e+00	0.00e+00	0.00e+00	0.00e+00	2.43e-83
 4.97069e+13	3.57e-28	2.12e-20	1.72e-13	1.96e-07	8.00e-01	2.00e-01	5.90e-05	0.00e+00	0.00e+00	0.00e+00	0.00e+00	0.00e+00	4.05e-97
 5.15631e+13	4.80e-28	2.67e-20	2.03e-13	2.15e-07	8.13e-01	1.87e-01	5.12e-05	0.00e+00	0.00e+00	0.00e+00	0.00e+00	0.00e+00	1.10e-82
 5.36556e+13	6.62e-28	3.43e-20	2.43e-13	2.38e-07	8.25e-01	1.75e-01	4.39e-05	0.00e+00	0.00e+00	0.00e+00	0.00e+00	0.00e+00	2.81e-96
 5.57273e+13	8.99e-28	4.34e-20	2.88e-13	2.62e-07	8.37e-01	1.63e-01	3.79e-05	0.00e+00	0.00e+00	0.00e+00	0.00e+00	0.00e+00	5.52e-82
 5.78819e+13	1.22e-27	5.50e-20	3.41e-13	2.87e-07	8.47e-01	1.53e-01	3.27e-05	0.00e+00	0.00e+00	0.00e+00	0.00e+00	0.00e+00	1.92e-95
 6.02271e+13	1.68e-27	7.03e-20	4.06e-13	3.17e-07	8.58e-01	1.42e-01	2.79e-05	0.00e+00	0.00e+00	0.00e+00	0.00e+00	0.00e+00	2.79e-81
 6.26661e+13	2.30e-27	8.99e-20	4.83e-13	3.49e-07	8.68e-01	1.32e-01	2.39e-05	0.00e+00	0.00e+00	0.00e+00	0.00e+00	0.00e+00	1.44e-94
 6.52027e+13	3.16e-27	1.15e-19	5.74e-13	3.83e-07	8.77e-01	1.23e-01	2.04e-05	0.00e+00	0.00e+00	0.00e+00	0.00e+00	0.00e+00	1.47e-80
 6.76947e+13	4.26e-27	1.44e-19	6.75e-13	4.19e-07	8.85e-01	1.15e-01	1.76e-05	0.00e+00	0.00e+00	0.00e+00	0.00e+00	0.00e+00	1.02e-93
 7.00188e+13	5.58e-27	1.78e-19	7.81e-13	4.53e-07	8.92e-01	1.08e-01	1.54e-05	0.00e+00	0.00e+00	0.00e+00	0.00e+00	0.00e+00	6.56e-80
 7.25820e+13	7.43e-27	2.21e-19	9.11e-13	4.92e-07	8.99e-01	1.01e-01	1.34e-05	0.00e+00	0.00e+00	0.00e+00	0.00e+00	0.00e+00	6.00e-93
 7.52090e+13	9.85e-27	2.75e-19	1.06e-12	5.35e-07	9.06e-01	9.40e-02	1.16e-05	0.00e+00	0.00e+00	0.00e+00	0.00e+00	0.00e+00	2.94e-79
 7.74099e+13	1.24e-26	3.28e-19	1.20e-12	5.71e-07	9.11e-01	8.90e-02	1.04e-05	0.00e+00	0.00e+00	0.00e+00	0.00e+00	0.00e+00	3.08e-92
 7.97370e+13	1.57e-26	3.92e-19	1.36e-12	6.10e-07	9.16e-01	8.41e-02	9.21e-06	0.00e+00	0.00e+00	0.00e+00	0.00e+00	0.00e+00	1.01e-78
 8.26883e+13	2.09e-26	4.89e-19	1.58e-12	6.62e-07	9.21e-01	7.85e-02	7.97e-06	0.00e+00	0.00e+00	0.00e+00	0.00e+00	0.00e+00	1.66e-91
 8.57709e+13	2.79e-26	6.11e-19	1.85e-12	7.18e-07	9.27e-01	7.32e-02	6.89e-06	0.00e+00	0.00e+00	0.00e+00	0.00e+00	0.00e+00	4.74e-78
 8.85148e+13	3.59e-26	7.39e-19	2.10e-12	7.70e-07	9.31e-01	6.89e-02	6.09e-06	0.00e+00	0.00e+00	0.00e+00	0.00e+00	0.00e+00	9.41e-91
 9.14987e+13	4.67e-26	9.03e-19	2.42e-12	8.28e-07	9.35e-01	6.47e-02	5.34e-06	0.00e+00	0.00e+00	0.00e+00	0.00e+00	0.00e+00	1.88e-77
 9.48178e+13	6.19e-26	1.12e-18	2.80e-12	8.96e-07	9.40e-01	6.04e-02	4.63e-06	0.00e+00	0.00e+00	0.00e+00	0.00e+00	0.00e+00	5.45e-90
 9.79100e+13	7.99e-26	1.36e-18	3.20e-12	9.60e-07	9.43e-01	5.68e-02	4.07e-06	0.00e+00	0.00e+00	0.00e+00	0.00e+00	0.00e+00	7.97e-77
 1.01267e+14	1.04e-25	1.66e-18	3.68e-12	1.03e-06	9.47e-01	5.32e-02	3.57e-06	0.00e+00	0.00e+00	0.00e+00	0.00e+00	0.00e+00	1.64e-76
 1.05015e+14	1.39e-25	2.07e-18	4.27e-12	1.12e-06	9.50e-01	4.95e-02	3.08e-06	0.00e+00	0.00e+00	0.00e+00	0.00e+00	0.00e+00	3.56e-76
 1.08528e+14	1.81e-25	2.52e-18	4.89e-12	1.20e-06	9.54e-01	4.65e-02	2.71e-06	0.00e+00	0.00e+00	0.00e+00	0.00e+00	0.00e+00	7.23e-76
 1.12354e+14	2.38e-25	3.11e-18	5.63e-12	1.29e-06	9.57e-01	4.35e-02	2.36e-06	0.00e+00	0.00e+00	0.00e+00	0.00e+00	0.00e+00	1.53e-75
 1.16625e+14	3.20e-25	3.89e-18	6.57e-12	1.39e-06	9.60e-01	4.04e-02	2.03e-06	0.00e+00	0.00e+00	0.00e+00	0.00e+00	0.00e+00	3.40e-75
 1.20636e+14	4.19e-25	4.77e-18	7.54e-12	1.50e-06	9.62e-01	3.79e-02	1.78e-06	0.00e+00	0.00e+00	0.00e+00	0.00e+00	0.00e+00	7.06e-75
 1.25004e+14	5.55e-25	5.90e-18	8.71e-12	1.61e-06	9.65e-01	3.53e-02	1.55e-06	0.00e+00	0.00e+00	0.00e+00	0.00e+00	0.00e+00	1.52e-74
 1.29893e+14	7.53e-25	7.43e-18	1.02e-11	1.75e-06	9.67e-01	3.28e-02	1.33e-06	0.00e+00	0.00e+00	0.00e+00	0.00e+00	0.00e+00	3.49e-74
 1.34528e+14	9.95e-25	9.17e-18	1.17e-11	1.88e-06	9.69e-01	3.06e-02	1.15e-06	0.00e+00	0.00e+00	0.00e+00	0.00e+00	0.00e+00	7.45e-74
 1.39489e+14	1.33e-24	1.14e-17	1.36e-11	2.02e-06	9.71e-01	2.85e-02	1.00e-06	0.00e+00	0.00e+00	0.00e+00	0.00e+00	0.00e+00	1.64e-73
 1.45098e+14	1.82e-24	1.44e-17	1.59e-11	2.20e-06	9.74e-01	2.64e-02	0.00e+00	0.00e+00	0.00e+00	0.00e+00	0.00e+00	0.00e+00	3.84e-73
 1.50623e+14	2.44e-24	1.81e-17	1.85e-11	2.37e-06	9.75e-01	2.45e-02	0.00e+00	0.00e+00	0.00e+00	0.00e+00	0.00e+00	0.00e+00	8.64e-73
 1.56369e+14	3.29e-24	2.26e-17	2.15e-11	2.56e-06	9.77e-01	2.28e-02	0.00e+00	0.00e+00	0.00e+00	0.00e+00	0.00e+00	0.00e+00	1.95e-72
 1.62654e+14	4.50e-24	2.86e-17	2.53e-11	2.78e-06	9.79e-01	2.11e-02	0.00e+00	0.00e+00	0.00e+00	0.00e+00	0.00e+00	0.00e+00	4.58e-72
 1.69049e+14	6.11e-24	3.60e-17	2.95e-11	3.01e-06	9.80e-01	1.95e-02	0.00e+00	0.00e+00	0.00e+00	0.00e+00	0.00e+00	0.00e+00	1.06e-71
 1.75700e+14	8.31e-24	4.54e-17	3.45e-11	3.25e-06	9.82e-01	1.81e-02	0.00e+00	0.00e+00	0.00e+00	0.00e+00	1.45e-17	3.08e-17	2.44e-71
 1.82352e+14	1.12e-23	5.67e-17	4.00e-11	3.51e-06	9.83e-01	1.68e-02	0.00e+00	0.00e+00	0.00e+00	0.00e+00	1.88e-17	3.78e-17	5.47e-71
 1.88656e+14	1.46e-23	6.94e-17	4.59e-11	3.76e-06	9.84e-01	1.57e-02	0.00e+00	0.00e+00	0.00e+00	0.00e+00	2.30e-17	4.64e-17	1.14e-70
 1.95618e+14	1.95e-23	8.62e-17	5.31e-11	4.05e-06	9.85e-01	1.46e-02	0.00e+00	0.00e+00	0.00e+00	0.00e+00	2.86e-17	5.76e-17	2.50e-70
 2.02587e+14	2.57e-23	1.06e-16	6.11e-11	4.35e-06	9.86e-01	1.36e-02	0.00e+00	0.00e+00	0.00e+00	0.00e+00	3.53e-17	7.10e-17	5.33e-70
 2.08378e+14	3.21e-23	1.26e-16	6.85e-11	4.61e-06	9.87e-01	1.29e-02	0.00e+00	0.00e+00	0.00e+00	0.00e+00	4.17e-17	8.39e-17	9.81e-70
 2.14521e+14	4.04e-23	1.49e-16	7.70e-11	4.89e-06	9.88e-01	1.22e-02	0.00e+00	0.00e+00	0.00e+00	0.00e+00	4.96e-17	9.98e-17	1.84e-69
 2.22368e+14	5.36e-23	1.85e-16	8.90e-11	5.27e-06	9.89e-01	1.13e-02	0.00e+00	0.00e+00	0.00e+00	0.00e+00	6.15e-17	1.24e-16	3.98e-69
 2.30605e+14	7.15e-23	2.30e-16	1.03e-10	5.68e-06	9.89e-01	1.05e-02	0.00e+00	0.00e+00	0.00e+00	0.00e+00	7.64e-17	1.54e-16	8.79e-69
 2.37893e+14	9.14e-23	2.77e-16	1.17e-10	6.05e-06	9.90e-01	9.88e-03	0.00e+00	0.00e+00	0.00e+00	0.00e+00	9.19e-17	1.85e-16	1.71e-68
 2.45772e+14	1.18e-22	3.36e-16	1.33e-10	6.47e-06	9.91e-01	9.25e-03	0.00e+00	0.00e+00	0.00e+00	0.00e+00	1.12e-16	2.25e-16	3.43e-68
 2.55246e+14	1.59e-22	4.21e-16	1.55e-10	7.00e-06	9.91e-01	8.57e-03	0.00e+00	0.00e+00	0.00e+00	0.00e+00	1.40e-16	2.81e-16	7.71e-68
 2.64855e+14	2.13e-22	5.25e-16	1.81e-10	7.55e-06	9.92e-01	7.95e-03	0.00e+00	0.00e+00	0.00e+00	0.00e+00	1.74e-16	3.51e-16	1.70e-67
 2.73866e+14	2.77e-22	6.41e-16	2.07e-10	8.09e-06	9.93e-01	7.43e-03	0.00e+00	0.00e+00	0.00e+00	0.00e+00	2.13e-16	4.29e-16	3.49e-67
 2.83869e+14	3.68e-22	7.94e-16	2.39e-10	8.72e-06	9.93e-01	6.90e-03	0.00e+00	0.00e+00	0.00e+00	0.00e+00	2.64e-16	5.31e-16	7.51e-67
 2.94458e+14	4.91e-22	9.88e-16	2.78e-10	9.41e-06	9.94e-01	6.41e-03	0.00e+00	0.00e+00	0.00e+00	0.00e+00	3.28e-16	6.60e-16	1.65e-66
 3.03868e+14	6.29e-22	1.19e-15	3.15e-10	1.00e-05	9.94e-01	6.01e-03	0.00e+00	0.00e+00	0.00e+00	0.00e+00	3.96e-16	7.97e-16	3.23e-66
 3.13994e+14	8.13e-22	1.45e-15	3.60e-10	1.07e-05	9.94e-01	5.62e-03	0.00e+00	0.00e+00	0.00e+00	0.00e+00	4.81e-16	9.68e-16	6.49e-66
 3.26126e+14	1.10e-21	1.82e-15	4.21e-10	1.16e-05	9.95e-01	5.20e-03	0.00e+00	0.00e+00	0.00e+00	0.00e+00	6.02e-16	1.21e-15	1.46e-65
 3.38073e+14	1.45e-21	2.25e-15	4.87e-10	1.25e-05	9.95e-01	4.83e-03	0.00e+00	0.00e+00	0.00e+00	0.00e+00	7.47e-16	1.50e-15	3.14e-65
 3.48723e+14	1.86e-21	2.71e-15	5.53e-10	1.34e-05	9.95e-01	4.53e-03	0.00e+00	0.00e+00	0.00e+00	0.00e+00	8.98e-16	1.81e-15	6.10e-65
 3.60482e+14	2.41e-21	3.30e-15	6.32e-10	1.43e-05	9.96e-01	4.23e-03	0.00e+00	0.00e+00	0.00e+00	0.00e+00	1.09e-15	2.21e-15	1.23e-64
 3.74486e+14	3.24e-21	4.14e-15	7.39e-10	1.55e-05	9.96e-01	3.91e-03	0.00e+00	0.00e+00	0.00e+00	0.00e+00	1.37e-15	2.77e-15	2.78e-64
 3.88370e+14	4.32e-21	5.14e-15	8.56e-10	1.67e-05	9.96e-01	3.63e-03	0.00e+00	0.00e+00	0.00e+00	0.00e+00	1.70e-15	3.44e-15	6.04e-64
 4.01064e+14	5.56e-21	6.23e-15	9.76e-10	1.79e-05	9.97e-01	3.40e-03	0.00e+00	0.00e+00	0.00e+00	0.00e+00	2.06e-15	4.16e-15	1.20e-63
 4.15248e+14	7.29e-21	7.65e-15	1.12e-09	1.92e-05	9.97e-01	3.16e-03	0.00e+00	0.00e+00	0.00e+00	0.00e+00	2.54e-15	5.11e-15	2.51e-63
 4.31745e+14	9.89e-21	9.64e-15	1.32e-09	2.09e-05	9.97e-01	2.92e-03	0.00e+00	0.00e+00	0.00e+00	0.00e+00	3.20e-15	6.45e-15	5.76e-63
 4.47948e+14	1.32e-20	1.20e-14	1.53e-09	2.25e-05	9.97e-01	2.71e-03	0.00e+00	0.00e+00	0.00e+00	0.00e+00	3.98e-15	8.02e-15	1.26e-62
 4.63286e+14	1.72e-20	1.47e-14	1.75e-09	2.41e-05	9.97e-01	2.53e-03	0.00e+00	0.00e+00	0.00e+00	0.00e+00	4.85e-15	9.80e-15	2.59e-62
 4.80335e+14	2.28e-20	1.82e-14	2.03e-09	2.60e-05	9.98e-01	2.34e-03	0.00e+00	0.00e+00	0.00e+00	0.00e+00	6.01e-15	1.21e-14	5.59e-62
 4.99578e+14	3.09e-20	2.29e-14	2.37e-09	2.82e-05	9.98e-01	2.16e-03	0.00e+00	0.00e+00	0.00e+00	0.00e+00	7.59e-15	1.53e-14	1.29e-61
 5.17835e+14	4.10e-20	2.83e-14	2.74e-09	3.04e-05	9.98e-01	2.01e-03	0.00e+00	0.00e+00	0.00e+00	0.00e+00	9.39e-15	1.90e-14	2.78e-61
 5.34468e+14	5.25e-20	3.42e-14	3.12e-09	3.24e-05	9.98e-01	1.88e-03	0.00e+00	0.00e+00	0.00e+00	0.00e+00	1.13e-14	2.29e-14	5.45e-61
 5.53298e+14	6.88e-20	4.20e-14	3.58e-09	3.48e-05	9.98e-01	1.75e-03	0.00e+00	0.00e+00	0.00e+00	0.00e+00	1.39e-14	2.81e-14	1.14e-60
 5.75235e+14	9.33e-20	5.28e-14	4.19e-09	3.77e-05	9.98e-01	1.62e-03	0.00e+00	0.00e+00	0.00e+00	0.00e+00	1.75e-14	3.53e-14	2.62e-60
 5.96258e+14	1.24e-19	6.54e-14	4.84e-09	4.06e-05	9.98e-01	1.50e-03	0.00e+00	0.00e+00	0.00e+00	0.00e+00	2.16e-14	4.37e-14	5.66e-60
 6.13651e+14	1.55e-19	7.75e-14	5.44e-09	4.31e-05	9.99e-01	1.42e-03	0.00e+00	0.00e+00	0.00e+00	0.00e+00	2.56e-14	5.18e-14	1.05e-59
 6.31275e+14	1.93e-19	9.16e-14	6.09e-09	4.56e-05	9.99e-01	1.34e-03	0.00e+00	0.00e+00	0.00e+00	0.00e+00	3.03e-14	6.13e-14	1.92e-59
 6.54076e+14	2.55e-19	1.13e-13	7.03e-09	4.91e-05	9.99e-01	1.24e-03	0.00e+00	0.00e+00	0.00e+00	0.00e+00	3.74e-14	7.57e-14	4.10e-59
 6.77668e+14	3.37e-19	1.39e-13	8.11e-09	5.28e-05	9.99e-01	1.16e-03	0.00e+00	0.00e+00	0.00e+00	0.00e+00	4.61e-14	9.34e-14	8.78e-59
 6.97628e+14	4.23e-19	1.66e-13	9.11e-09	5.60e-05	9.99e-01	1.09e-03	0.00e+00	0.00e+00	0.00e+00	0.00e+00	5.48e-14	1.11e-13	1.64e-58
 7.18806e+14	5.35e-19	1.98e-13	1.03e-08	5.95e-05	9.99e-01	1.03e-03	0.00e+00	0.00e+00	0.00e+00	0.00e+00	6.54e-14	1.32e-13	3.12e-58
 7.45407e+14	7.11e-19	2.45e-13	1.19e-08	6.41e-05	9.99e-01	9.51e-04	0.00e+00	0.00e+00	0.00e+00	0.00e+00	8.11e-14	1.64e-13	6.80e-58
 7.72819e+14	9.45e-19	3.04e-13	1.37e-08	6.90e-05	9.99e-01	8.84e-04	0.00e+00	0.00e+00	0.00e+00	0.00e+00	1.01e-13	2.04e-13	1.49e-57
 7.96878e+14	1.20e-18	3.65e-13	1.56e-08	7.35e-05	9.99e-01	8.30e-04	0.00e+00	0.00e+00	0.00e+00	0.00e+00	1.21e-13	2.44e-13	2.87e-57
 8.22814e+14	1.55e-18	4.41e-13	1.77e-08	7.85e-05	9.99e-01	7.77e-04	0.00e+00	0.00e+00	0.00e+00	0.00e+00	1.46e-13	2.96e-13	5.73e-57
 8.54238e+14	2.07e-18	5.51e-13	2.06e-08	8.48e-05	9.99e-01	7.20e-04	0.00e+00	0.00e+00	0.00e+00	0.00e+00	1.82e-13	3.69e-13	1.28e-56
 8.85458e+14	2.75e-18	6.83e-13	2.38e-08	9.11e-05	9.99e-01	6.69e-04	0.00e+00	0.00e+00	0.00e+00	0.00e+00	2.25e-13	4.58e-13	2.80e-56
 9.13084e+14	3.50e-18	8.19e-13	2.69e-08	9.71e-05	9.99e-01	6.28e-04	0.00e+00	0.00e+00	0.00e+00	0.00e+00	2.70e-13	5.49e-13	5.41e-56
 9.43375e+14	4.52e-18	9.94e-13	3.06e-08	1.04e-04	9.99e-01	5.87e-04	0.00e+00	0.00e+00	0.00e+00	0.00e+00	3.28e-13	6.66e-13	1.10e-55
 9.79721e+14	6.08e-18	1.24e-12	3.57e-08	1.12e-04	9.99e-01	5.43e-04	0.00e+00	0.00e+00	0.00e+00	0.00e+00	4.10e-13	8.33e-13	2.47e-55
 1.01591e+15	8.07e-18	1.54e-12	4.13e-08	1.21e-04	9.99e-01	5.04e-04	0.00e+00	0.00e+00	0.00e+00	0.00e+00	5.08e-13	1.03e-12	5.39e-55
 1.04869e+15	1.04e-17	1.86e-12	4.69e-08	1.29e-04	9.99e-01	4.72e-04	0.00e+00	0.00e+00	0.00e+00	0.00e+00	6.12e-13	1.25e-12	1.07e-54
 1.08507e+15	1.35e-17	2.27e-12	5.38e-08	1.38e-04	9.99e-01	4.40e-04	0.00e+00	0.00e+00	0.00e+00	0.00e+00	7.48e-13	1.52e-12	2.21e-54
 1.12777e+15	1.82e-17	2.86e-12	6.28e-08	1.50e-04	9.99e-01	4.06e-04	0.00e+00	0.00e+00	0.00e+00	0.00e+00	9.41e-13	1.92e-12	5.10e-54
 1.16989e+15	2.42e-17	3.55e-12	7.28e-08	1.61e-04	9.99e-01	3.76e-04	0.00e+00	0.00e+00	0.00e+00	0.00e+00	1.17e-12	2.38e-12	1.11e-53
 1.20929e+15	3.13e-17	4.31e-12	8.32e-08	1.73e-04	9.99e-01	3.51e-04	0.00e+00	0.00e+00	0.00e+00	0.00e+00	1.42e-12	2.89e-12	2.27e-53
 1.25329e+15	4.13e-17	5.32e-12	9.61e-08	1.86e-04	9.99e-01	3.26e-04	0.00e+00	0.00e+00	0.00e+00	0.00e+00	1.75e-12	3.57e-12	4.85e-53
 1.30345e+15	5.58e-17	6.70e-12	1.13e-07	2.02e-04	9.99e-01	3.00e-04	0.00e+00	4.59e-18	1.38e-17	2.30e-17	2.20e-12	4.50e-12	1.12e-52
 1.35333e+15	7.44e-17	8.35e-12	1.31e-07	2.19e-04	1.00e+00	2.77e-04	0.00e+00	6.12e-18	1.84e-17	3.07e-17	2.74e-12	5.61e-12	2.48e-52
 1.40520e+15	9.91e-17	1.04e-11	1.53e-07	2.37e-04	1.00e+00	2.56e-04	0.00e+00	8.16e-18	2.45e-17	4.10e-17	3.41e-12	6.99e-12	5.48e-52
 1.45987e+15	1.32e-16	1.30e-11	1.79e-07	2.57e-04	1.00e+00	2.36e-04	0.00e+00	1.09e-17	3.28e-17	5.47e-17	4.26e-12	8.74e-12	1.22e-51
 1.50592e+15	1.68e-16	1.56e-11	2.03e-07	2.74e-04	1.00e+00	2.21e-04	0.00e+00	1.38e-17	4.15e-17	6.94e-17	5.11e-12	1.05e-11	2.36e-51
 1.54188e+15	2.00e-16	1.79e-11	2.23e-07	2.89e-04	1.00e+00	2.10e-04	0.00e+00	1.65e-17	4.96e-17	8.28e-17	5.86e-12	1.20e-11	3.85e-51
 1.58100e+15	2.41e-16	2.07e-11	2.47e-07	3.05e-04	9.99e-01	1.99e-04	0.00e+00	1.99e-17	5.98e-17	1.00e-16	6.77e-12	1.39e-11	6.50e-51
 1.63185e+15	3.06e-16	2.48e-11	2.81e-07	3.27e-04	9.99e-01	1.86e-04	0.00e+00	2.52e-17	7.58e-17	1.27e-16	8.13e-12	1.67e-11	1.25e-50
 1.68689e+15	3.91e-16	3.01e-11	3.22e-07	3.51e-04	9.99e-01	1.73e-04	0.00e+00	3.23e-17	9.71e-17	1.62e-16	9.84e-12	2.02e-11	2.50e-50
 1.73646e+15	4.84e-16	3.55e-11	3.63e-07	3.74e-04	9.99e-01	1.62e-04	0.00e+00	4.00e-17	1.20e-16	2.01e-16	1.16e-11	2.39e-11	4.53e-50
 1.78996e+15	6.06e-16	4.23e-11	4.10e-07	4.00e-04	9.99e-01	1.52e-04	0.00e+00	5.01e-17	1.50e-16	2.51e-16	1.38e-11	2.84e-11	8.51e-50
 1.85661e+15	7.91e-16	5.21e-11	4.77e-07	4.34e-04	9.99e-01	1.40e-04	0.00e+00	6.54e-17	1.96e-16	3.28e-16	1.70e-11	3.50e-11	1.80e-49
 1.92374e+15	1.02e-15	6.37e-11	5.52e-07	4.69e-04	9.99e-01	1.29e-04	0.00e+00	8.47e-17	2.54e-16	4.25e-16	2.08e-11	4.29e-11	3.72e-49
 1.98180e+15	1.27e-15	7.54e-11	6.23e-07	5.01e-04	9.99e-01	1.21e-04	0.00e+00	1.05e-16	3.15e-16	5.27e-16	2.47e-11	5.08e-11	6.84e-49
 2.04473e+15	1.58e-15	8.99e-11	7.08e-07	5.38e-04	9.99e-01	1.13e-04	0.00e+00	1.31e-16	3.94e-16	6.58e-16	2.94e-11	6.05e-11	1.29e-48
 2.12192e+15	2.06e-15	1.11e-10	8.24e-07	5.84e-04	9.99e-01	1.04e-04	0.00e+00	1.71e-16	5.13e-16	8.57e-16	3.62e-11	7.45e-11	2.73e-48
 2.19997e+15	2.65e-15	1.36e-10	9.56e-07	6.34e-04	9.99e-01	9.58e-05	0.00e+00	2.20e-16	6.61e-16	1.10e-15	4.43e-11	9.12e-11	5.68e-48
 2.26936e+15	3.28e-15	1.61e-10	1.09e-06	6.80e-04	9.99e-01	8.94e-05	0.00e+00	2.73e-16	8.20e-16	1.37e-15	5.26e-11	1.08e-10	1.06e-47
 2.34518e+15	4.12e-15	1.93e-10	1.24e-06	7.33e-04	9.99e-01	8.30e-05	0.00e+00	3.43e-16	1.03e-15	1.72e-15	6.32e-11	1.30e-10	2.06e-47
 2.43581e+15	5.35e-15	2.38e-10	1.45e-06	7.99e-04	9.99e-01	7.61e-05	0.00e+00	4.46e-16	1.34e-15	2.24e-15	7.79e-11	1.60e-10	4.43e-47
 2.52544e+15	6.65e-15	2.91e-10	1.68e-06	8.67e-04	9.99e-01	7.02e-05	0.00e+00	5.55e-16	1.67e-15	2.79e-15	9.50e-11	1.96e-10	9.05e-47
 2.60631e+15	8.20e-15	3.45e-10	1.91e-06	9.32e-04	9.99e-01	6.53e-05	0.00e+00	6.85e-16	2.06e-15	3.44e-15	1.13e-10	2.32e-10	1.70e-46
 2.69606e+15	1.03e-14	4.15e-10	2.19e-06	1.01e-03	9.99e-01	6.05e-05	0.00e+00	8.58e-16	2.58e-15	4.30e-15	1.36e-10	2.80e-10	3.37e-46
 2.80174e+15	1.32e-14	5.12e-10	2.56e-06	1.10e-03	9.99e-01	5.54e-05	0.00e+00	1.10e-15	3.32e-15	5.54e-15	1.67e-10	3.45e-10	7.31e-46
 2.90603e+15	1.67e-14	6.25e-10	2.97e-06	1.20e-03	9.99e-01	5.10e-05	0.00e+00	1.40e-15	4.20e-15	7.02e-15	2.04e-10	4.20e-10	1.53e-45
 3.00293e+15	2.06e-14	7.46e-10	3.39e-06	1.29e-03	9.99e-01	4.73e-05	0.00e+00	1.73e-15	5.19e-15	8.66e-15	2.44e-10	5.02e-10	2.96e-45
 3.11151e+15	2.58e-14	9.03e-10	3.92e-06	1.40e-03	9.99e-01	4.36e-05	0.00e+00	2.17e-15	6.51e-15	1.09e-14	2.95e-10	6.08e-10	6.07e-45
 3.23600e+15	3.30e-14	1.12e-09	4.59e-06	1.53e-03	9.98e-01	3.99e-05	0.00e+00	2.78e-15	8.34e-15	1.39e-14	3.65e-10	7.50e-10	1.34e-44
 3.35859e+15	4.15e-14	1.36e-09	5.34e-06	1.67e-03	9.98e-01	3.66e-05	0.00e+00	3.50e-15	1.05e-14	1.75e-14	4.46e-10	9.16e-10	2.86e-44
 3.48608e+15	5.22e-14	1.66e-09	6.20e-06	1.82e-03	9.98e-01	3.36e-05	0.00e+00	4.40e-15	1.32e-14	2.21e-14	5.44e-10	1.12e-09	6.10e-44
 3.60216e+15	6.34e-14	1.98e-09	7.07e-06	1.96e-03	9.98e-01	3.12e-05	0.00e+00	5.36e-15	1.61e-14	2.69e-14	6.49e-10	1.33e-09	1.18e-43
 3.68883e+15	7.33e-14	2.25e-09	7.78e-06	2.07e-03	9.98e-01	2.96e-05	0.00e+00	6.20e-15	1.86e-14	3.11e-14	7.36e-10	1.51e-09	1.92e-43
 3.77842e+15	8.45e-14	2.56e-09	8.56e-06	2.19e-03	9.98e-01	2.80e-05	0.00e+00	7.16e-15	2.15e-14	3.59e-14	8.37e-10	1.72e-09	3.13e-43
 3.89489e+15	1.01e-13	3.01e-09	9.68e-06	2.35e-03	9.98e-01	2.62e-05	0.00e+00	8.59e-15	2.58e-14	4.31e-14	9.86e-10	2.02e-09	5.84e-43
 4.02101e+15	1.22e-13	3.57e-09	1.10e-05	2.53e-03	9.97e-01	2.44e-05	0.00e+00	1.04e-14	3.11e-14	5.19e-14	1.17e-09	2.40e-09	1.14e-42
 4.13486e+15	1.44e-13	4.13e-09	1.23e-05	2.70e-03	9.97e-01	2.29e-05	0.00e+00	1.22e-14	3.66e-14	6.12e-14	1.35e-09	2.78e-09	1.98e-42
 4.25804e+15	1.71e-13	4.83e-09	1.38e-05	2.88e-03	9.97e-01	2.14e-05	0.00e+00	1.45e-14	4.36e-14	7.28e-14	1.59e-09	3.25e-09	3.69e-42
 4.41424e+15	2.10e-13	5.87e-09	1.60e-05	3.13e-03	9.97e-01	1.98e-05	0.00e+00	1.79e-14	5.37e-14	8.97e-14	1.93e-09	3.95e-09	7.88e-42
 4.57146e+15	2.55e-13	7.08e-09	1.84e-05	3.40e-03	9.97e-01	1.83e-05	0.00e+00	2.18e-14	6.54e-14	1.09e-13	2.32e-09	4.75e-09	1.65e-41
 4.70367e+15	3.00e-13	8.23e-09	2.06e-05	3.62e-03	9.96e-01	1.72e-05	0.00e+00	2.57e-14	7.71e-14	1.29e-13	2.70e-09	5.53e-09	2.99e-41
 4.84523e+15	3.56e-13	9.65e-09	2.31e-05	3.88e-03	9.96e-01	1.61e-05	0.00e+00	3.04e-14	9.13e-14	1.52e-13	3.17e-09	6.48e-09	5.61e-41
 5.02376e+15	4.35e-13	1.17e-08	2.68e-05	4.22e-03	9.96e-01	1.49e-05	0.00e+00	3.73e-14	1.12e-13	1.87e-13	3.86e-09	7.88e-09	1.21e-40
 5.21082e+15	5.31e-13	1.43e-08	3.10e-05	4.58e-03	9.95e-01	1.37e-05	0.00e+00	4.55e-14	1.37e-13	2.28e-13	4.69e-09	9.59e-09	2.62e-40
 5.37915e+15	6.34e-13	1.69e-08	3.51e-05	4.93e-03	9.95e-01	1.28e-05	0.00e+00	5.45e-14	1.63e-13	2.73e-13	5.56e-09	1.13e-08	5.11e-40
 5.56266e+15	7.64e-13	2.03e-08	4.01e-05	5.32e-03	9.95e-01	1.19e-05	0.00e+00	6.57e-14	1.97e-13	3.29e-13	6.67e-09	1.36e-08	1.04e-39
 5.77973e+15	9.37e-13	2.50e-08	4.68e-05	5.81e-03	9.94e-01	1.10e-05	0.00e+00	8.07e-14	2.42e-13	4.05e-13	8.22e-09	1.68e-08	2.32e-39
 5.99208e+15	1.13e-12	3.03e-08	5.40e-05	6.31e-03	9.94e-01	1.02e-05	0.00e+00	9.78e-14	2.93e-13	4.90e-13	9.98e-09	2.03e-08	4.91e-39
 6.18506e+15	1.35e-12	3.59e-08	6.12e-05	6.78e-03	9.93e-01	9.60e-06	0.00e+00	1.17e-13	3.51e-13	5.86e-13	1.18e-08	2.41e-08	9.51e-39
 6.40122e+15	1.63e-12	4.33e-08	7.02e-05	7.33e-03	9.93e-01	8.96e-06	0.00e+00	1.41e-13	4.24e-13	7.08e-13	1.43e-08	2.91e-08	1.96e-38
 6.65388e+15	2.02e-12	5.36e-08	8.21e-05	8.01e-03	9.92e-01	8.31e-06	0.00e+00	1.75e-13	5.25e-13	8.77e-13	1.77e-08	3.59e-08	4.42e-38
 6.90175e+15	2.47e-12	6.53e-08	9.50e-05	8.71e-03	9.91e-01	7.74e-06	0.00e+00	2.14e-13	6.42e-13	1.07e-12	2.15e-08	4.38e-08	9.35e-38
 7.13388e+15	2.96e-12	7.82e-08	1.08e-04	9.39e-03	9.90e-01	7.28e-06	0.00e+00	2.57e-13	7.71e-13	1.29e-12	2.58e-08	5.24e-08	1.85e-37
 7.33706e+15	3.44e-12	9.10e-08	1.21e-04	1.00e-02	9.90e-01	6.92e-06	0.00e+00	2.99e-13	8.98e-13	1.50e-12	3.00e-08	6.10e-08	3.26e-37
 7.50801e+15	3.87e-12	1.03e-07	1.33e-04	1.06e-02	9.89e-01	6.63e-06	0.00e+00	3.37e-13	1.01e-12	1.69e-12	3.39e-08	6.89e-08	5.18e-37
 7.69779e+15	4.47e-12	1.18e-07	1.47e-04	1.12e-02	9.89e-01	6.34e-06	0.00e+00	3.89e-13	1.17e-12	1.95e-12	3.90e-08	7.91e-08	8.73e-37
 7.94450e+15	5.43e-12	1.41e-07	1.67e-04	1.20e-02	9.88e-01	5.99e-06	0.00e+00	4.73e-13	1.42e-12	2.37e-12	4.65e-08	9.45e-08	1.68e-36
 8.20236e+15	6.45e-12	1.68e-07	1.90e-04	1.29e-02	9.87e-01	5.68e-06	0.00e+00	5.63e-13	1.69e-12	2.82e-12	5.55e-08	1.13e-07	3.21e-36
 8.41980e+15	7.49e-12	1.94e-07	2.10e-04	1.37e-02	9.86e-01	5.44e-06	0.00e+00	6.54e-13	1.96e-12	3.28e-12	6.41e-08	1.30e-07	5.32e-36
 8.64756e+15	8.78e-12	2.26e-07	2.34e-04	1.46e-02	9.85e-01	5.21e-06	0.00e+00	7.67e-13	2.30e-12	3.84e-12	7.45e-08	1.51e-07	9.20e-36
 8.94364e+15	1.08e-11	2.73e-07	2.69e-04	1.58e-02	9.84e-01	4.94e-06	0.00e+00	9.42e-13	2.83e-12	4.72e-12	9.02e-08	1.83e-07	1.85e-35
 9.24924e+15	1.30e-11	3.29e-07	3.08e-04	1.70e-02	9.83e-01	4.70e-06	0.00e+00	1.14e-12	3.43e-12	5.72e-12	1.09e-07	2.20e-07	3.58e-35
 9.50484e+15	1.53e-11	3.83e-07	3.44e-04	1.81e-02	9.82e-01	4.52e-06	0.00e+00	1.34e-12	4.02e-12	6.71e-12	1.27e-07	2.56e-07	6.16e-35
 9.77477e+15	1.82e-11	4.49e-07	3.85e-04	1.94e-02	9.80e-01	4.34e-06	0.00e+00	1.59e-12	4.78e-12	7.98e-12	1.48e-07	3.00e-07	1.08e-34
 1.01257e+16	2.25e-11	5.48e-07	4.45e-04	2.10e-02	9.79e-01	4.13e-06	0.00e+00	1.98e-12	5.93e-12	9.89e-12	1.81e-07	3.67e-07	2.20e-34
 1.04911e+16	2.77e-11	6.69e-07	5.15e-04	2.28e-02	9.77e-01	3.94e-06	0.00e+00	2.44e-12	7.32e-12	1.22e-11	2.21e-07	4.48e-07	4.36e-34
 1.08005e+16	3.31e-11	7.89e-07	5.80e-04	2.44e-02	9.75e-01	3.81e-06	0.00e+00	2.92e-12	8.75e-12	1.46e-11	2.61e-07	5.28e-07	7.62e-34
 1.11276e+16	4.01e-11	9.38e-07	6.57e-04	2.62e-02	9.73e-01	3.68e-06	0.00e+00	3.53e-12	1.06e-11	1.77e-11	3.11e-07	6.28e-07	1.38e-33
 1.15387e+16	5.01e-11	1.16e-06	7.65e-04	2.86e-02	9.71e-01	3.52e-06	0.00e+00	4.43e-12	1.33e-11	2.22e-11	3.83e-07	7.74e-07	2.82e-33
 1.19522e+16	6.21e-11	1.41e-06	8.85e-04	3.11e-02	9.68e-01	3.38e-06	0.00e+00	5.49e-12	1.65e-11	2.75e-11	4.68e-07	9.44e-07	5.44e-33
 1.22986e+16	7.43e-11	1.66e-06	9.98e-04	3.33e-02	9.66e-01	3.30e-06	0.00e+00	6.58e-12	1.97e-11	3.29e-11	5.51e-07	1.11e-06	9.29e-33
 1.26649e+16	9.03e-11	1.98e-06	1.13e-03	3.58e-02	9.63e-01	3.21e-06	0.00e+00	8.00e-12	2.40e-11	4.01e-11	6.56e-07	1.32e-06	1.64e-32
 1.31293e+16	1.14e-10	2.45e-06	1.32e-03	3.90e-02	9.60e-01	3.09e-06	0.00e+00	1.01e-11	3.03e-11	5.06e-11	8.12e-07	1.64e-06	3.30e-32
 1.35999e+16	1.43e-10	3.01e-06	1.54e-03	4.26e-02	9.56e-01	3.00e-06	0.00e+00	1.27e-11	3.82e-11	6.37e-11	9.98e-07	2.01e-06	6.24e-32
 1.39861e+16	1.72e-10	3.54e-06	1.74e-03	4.57e-02	9.53e-01	2.93e-06	0.00e+00	1.53e-11	4.58e-11	7.64e-11	1.17e-06	2.37e-06	1.03e-31
 1.43154e+16	2.00e-10	4.06e-06	1.93e-03	4.84e-02	9.50e-01	2.88e-06	0.00e+00	1.78e-11	5.33e-11	8.89e-11	1.35e-06	2.71e-06	1.58e-31
 1.46748e+16	2.38e-10	4.73e-06	2.16e-03	5.16e-02	9.46e-01	2.82e-06	0.00e+00	2.12e-11	6.35e-11	1.06e-10	1.57e-06	3.16e-06	2.54e-31
 1.50691e+16	2.85e-10	5.55e-06	2.43e-03	5.52e-02	9.42e-01	2.77e-06	0.00e+00	2.54e-11	7.61e-11	1.27e-10	1.84e-06	3.71e-06	4.12e-31
 1.54384e+16	3.35e-10	6.42e-06	2.71e-03	5.88e-02	9.38e-01	2.71e-06	0.00e+00	2.99e-11	8.96e-11	1.49e-10	2.13e-06	4.29e-06	6.36e-31
 1.58482e+16	4.07e-10	7.59e-06	3.07e-03	6.31e-02	9.34e-01	2.66e-06	0.00e+00	3.64e-11	1.09e-10	1.82e-10	2.52e-06	5.07e-06	1.06e-30
 1.62859e+16	4.90e-10	8.97e-06	3.49e-03	6.78e-02	9.29e-01	2.61e-06	0.00e+00	4.39e-11	1.32e-10	2.19e-10	2.98e-06	5.99e-06	1.72e-30
 1.66841e+16	5.83e-10	1.04e-05	3.92e-03	7.24e-02	9.24e-01	2.57e-06	0.00e+00	5.22e-11	1.56e-10	2.61e-10	3.47e-06	6.98e-06	2.68e-30
 1.71261e+16	7.14e-10	1.24e-05	4.47e-03	7.79e-02	9.18e-01	2.52e-06	0.00e+00	6.40e-11	1.92e-10	3.20e-10	4.13e-06	8.31e-06	4.47e-30
 1.76013e+16	8.84e-10	1.49e-05	5.13e-03	8.42e-02	9.11e-01	2.50e-06	0.00e+00	7.93e-11	2.38e-10	3.97e-10	4.93e-06	9.92e-06	7.40e-30
 1.80347e+16	1.07e-09	1.75e-05	5.81e-03	9.03e-02	9.04e-01	2.46e-06	0.00e+00	9.60e-11	2.88e-10	4.80e-10	5.80e-06	1.17e-05	1.16e-29
 1.84366e+16	1.26e-09	2.02e-05	6.52e-03	9.62e-02	8.97e-01	2.43e-06	0.00e+00	1.14e-10	3.40e-10	5.68e-10	6.73e-06	1.35e-05	1.74e-29
 1.88828e+16	1.56e-09	2.41e-05	7.46e-03	1.04e-01	8.89e-01	2.41e-06	0.00e+00	1.41e-10	4.22e-10	7.04e-10	8.01e-06	1.61e-05	2.87e-29
 1.93575e+16	1.92e-09	2.87e-05	8.56e-03	1.12e-01	8.80e-01	2.38e-06	0.00e+00	1.73e-10	5.19e-10	8.66e-10	9.55e-06	1.92e-05	4.60e-29
 1.97700e+16	2.31e-09	3.35e-05	9.66e-03	1.19e-01	8.71e-01	2.36e-06	0.00e+00	2.08e-10	6.25e-10	1.04e-09	1.11e-05	2.24e-05	6.89e-29
 2.01503e+16	2.75e-09	3.87e-05	1.08e-02	1.27e-01	8.62e-01	2.34e-06	0.00e+00	2.48e-10	7.45e-10	1.24e-09	1.29e-05	2.58e-05	1.02e-28
 2.05876e+16	3.36e-09	4.60e-05	1.24e-02	1.37e-01	8.51e-01	2.32e-06	0.00e+00	3.03e-10	9.10e-10	1.52e-09	1.53e-05	3.07e-05	1.63e-28
 2.10580e+16	4.20e-09	5.53e-05	1.43e-02	1.48e-01	8.38e-01	2.31e-06	0.00e+00	3.80e-10	1.14e-09	1.90e-09	1.84e-05	3.69e-05	2.65e-28
 2.14483e+16	5.06e-09	6.42e-05	1.62e-02	1.57e-01	8.26e-01	2.31e-06	0.00e+00	4.58e-10	1.37e-09	2.29e-09	2.13e-05	4.28e-05	3.90e-28
 2.17704e+16	5.93e-09	7.30e-05	1.79e-02	1.66e-01	8.16e-01	2.31e-06	0.00e+00	5.38e-10	1.61e-09	2.69e-09	2.43e-05	4.87e-05	5.47e-28
 2.21269e+16	7.07e-09	8.48e-05	2.02e-02	1.77e-01	8.03e-01	2.30e-06	0.00e+00	6.41e-10	1.92e-09	3.21e-09	2.82e-05	5.66e-05	8.17e-28
 2.25208e+16	8.70e-09	1.00e-04	2.31e-02	1.89e-01	7.88e-01	2.31e-06	0.00e+00	7.90e-10	2.37e-09	3.95e-09	3.34e-05	6.70e-05	1.28e-27
 2.28727e+16	1.05e-08	1.17e-04	2.61e-02	2.01e-01	7.73e-01	2.33e-06	0.00e+00	9.52e-10	2.86e-09	4.76e-09	3.88e-05	7.78e-05	1.89e-27
 2.31809e+16	1.24e-08	1.34e-04	2.91e-02	2.12e-01	7.59e-01	2.34e-06	0.00e+00	1.13e-09	3.39e-09	5.66e-09	4.44e-05	8.91e-05	2.69e-27
