#depth	N	N+	N+2	N+3	N+4	N+5	N+6	N+7
 1.49634e+10	0.00e+00	0.00e+00	7.78e-30	7.74e-20	1.40e-10	7.96e-01	2.04e-01	1.96e-05
 4.54887e+10	0.00e+00	1.96e-40	1.00e-29	9.20e-20	1.54e-10	8.09e-01	1.91e-01	1.70e-05
 7.72350e+10	0.00e+00	0.00e+00	1.29e-29	1.09e-19	1.69e-10	8.21e-01	1.79e-01	1.47e-05
 1.10251e+11	0.00e+00	3.79e-40	1.65e-29	1.30e-19	1.85e-10	8.33e-01	1.67e-01	1.27e-05
 1.41671e+11	0.00e+00	0.00e+00	2.08e-29	1.52e-19	2.01e-10	8.43e-01	1.57e-01	1.11e-05
 1.70370e+11	0.00e+00	6.68e-40	2.54e-29	1.74e-19	2.17e-10	8.51e-01	1.49e-01	9.85e-06
 2.02822e+11	0.00e+00	0.00e+00	3.16e-29	2.02e-19	2.35e-10	8.60e-01	1.40e-01	8.64e-06
 2.40551e+11	0.00e+00	1.23e-39	4.04e-29	2.39e-19	2.57e-10	8.69e-01	1.31e-01	7.45e-06
 2.77815e+11	0.00e+00	0.00e+00	5.10e-29	2.80e-19	2.79e-10	8.78e-01	1.22e-01	6.47e-06
 3.13423e+11	0.00e+00	2.22e-39	6.32e-29	3.24e-19	3.02e-10	8.85e-01	1.15e-01	5.67e-06
 3.52740e+11	0.00e+00	0.00e+00	7.94e-29	3.79e-19	3.27e-10	8.93e-01	1.07e-01	4.93e-06
 3.96776e+11	0.00e+00	4.15e-39	1.02e-28	4.47e-19	3.57e-10	9.00e-01	9.96e-02	4.23e-06
 4.41317e+11	0.00e+00	0.00e+00	1.29e-28	5.25e-19	3.89e-10	9.07e-01	9.26e-02	3.65e-06
 4.87639e+11	0.00e+00	7.79e-39	1.63e-28	6.17e-19	4.23e-10	9.14e-01	8.61e-02	3.14e-06
 5.37071e+11	0.00e+00	0.00e+00	2.09e-28	7.28e-19	4.61e-10	9.20e-01	7.99e-02	2.69e-06
 5.88481e+11	0.00e+00	1.49e-38	2.66e-28	8.59e-19	5.02e-10	9.26e-01	7.40e-02	2.30e-06
 6.41947e+11	0.00e+00	0.00e+00	3.40e-28	1.01e-18	5.47e-10	9.31e-01	6.85e-02	1.97e-06
 6.97552e+11	0.00e+00	2.83e-38	4.33e-28	1.19e-18	5.95e-10	9.37e-01	6.34e-02	1.68e-06
 7.55380e+11	0.00e+00	0.00e+00	5.52e-28	1.41e-18	6.48e-10	9.41e-01	5.87e-02	1.44e-06
 8.15522e+11	0.00e+00	5.39e-38	7.04e-28	1.65e-18	7.04e-10	9.46e-01	5.43e-02	1.23e-06
 8.78070e+11	0.00e+00	0.00e+00	8.97e-28	1.95e-18	7.66e-10	9.50e-01	5.01e-02	1.05e-06
 9.43120e+11	0.00e+00	1.03e-37	1.14e-27	2.29e-18	8.33e-10	9.54e-01	4.63e-02	8.95e-07
 1.01077e+12	0.00e+00	0.00e+00	1.46e-27	2.70e-18	9.06e-10	9.57e-01	4.28e-02	0.00e+00
 1.08113e+12	0.00e+00	1.95e-37	1.86e-27	3.18e-18	9.84e-10	9.61e-01	3.95e-02	0.00e+00
 1.14999e+12	0.00e+00	0.00e+00	2.33e-27	3.71e-18	1.06e-09	9.63e-01	3.66e-02	0.00e+00
 1.21373e+12	0.00e+00	3.46e-37	2.86e-27	4.25e-18	1.14e-09	9.66e-01	3.42e-02	0.00e+00
 1.28432e+12	0.00e+00	0.00e+00	3.56e-27	4.93e-18	1.23e-09	9.68e-01	3.18e-02	0.00e+00
 1.36562e+12	0.00e+00	6.39e-37	4.54e-27	5.80e-18	1.34e-09	9.71e-01	2.93e-02	0.00e+00
 1.44557e+12	0.00e+00	0.00e+00	5.71e-27	6.77e-18	1.45e-09	9.73e-01	2.71e-02	0.00e+00
 1.52872e+12	0.00e+00	1.18e-36	7.19e-27	7.90e-18	1.56e-09	9.75e-01	2.51e-02	0.00e+00
 1.61980e+12	3.02e-47	1.63e-36	9.17e-27	9.30e-18	1.70e-09	9.77e-01	2.31e-02	0.00e+00
 1.71226e+12	0.00e+00	0.00e+00	1.16e-26	1.09e-17	1.84e-09	9.79e-01	2.13e-02	0.00e+00
 1.80842e+12	0.00e+00	3.06e-36	1.47e-26	1.28e-17	2.00e-09	9.80e-01	1.97e-02	0.00e+00
 1.91068e+12	9.97e-47	4.23e-36	1.88e-26	1.51e-17	2.17e-09	9.82e-01	1.81e-02	0.00e+00
 2.01703e+12	0.00e+00	0.00e+00	2.40e-26	1.78e-17	2.36e-09	9.83e-01	1.66e-02	0.00e+00
 2.12764e+12	0.00e+00	8.09e-36	3.07e-26	2.09e-17	2.56e-09	9.85e-01	1.53e-02	0.00e+00
 2.24267e+12	3.36e-46	1.12e-35	3.92e-26	2.47e-17	2.78e-09	9.86e-01	1.41e-02	0.00e+00
 2.36231e+12	0.00e+00	0.00e+00	5.01e-26	2.91e-17	3.03e-09	9.87e-01	1.30e-02	0.00e+00
 2.48673e+12	0.00e+00	2.15e-35	6.41e-26	3.43e-17	3.29e-09	9.88e-01	1.19e-02	0.00e+00
 2.61612e+12	1.14e-45	2.98e-35	8.20e-26	4.05e-17	3.58e-09	9.89e-01	1.09e-02	0.00e+00
 2.73796e+12	0.00e+00	0.00e+00	1.03e-25	4.71e-17	3.86e-09	9.90e-01	1.01e-02	0.00e+00
 2.84716e+12	0.00e+00	5.19e-35	1.24e-25	5.37e-17	4.12e-09	9.91e-01	9.49e-03	0.00e+00
 2.96983e+12	3.24e-45	6.87e-35	1.54e-25	6.19e-17	4.43e-09	9.91e-01	8.82e-03	0.00e+00
 3.11491e+12	0.00e+00	0.00e+00	1.96e-25	7.29e-17	4.81e-09	9.92e-01	8.12e-03	0.00e+00
 3.25993e+12	0.00e+00	1.29e-34	2.48e-25	8.53e-17	5.21e-09	9.93e-01	7.50e-03	0.00e+00
 3.39638e+12	1.01e-44	1.71e-34	3.07e-25	9.85e-17	5.60e-09	9.93e-01	6.97e-03	0.00e+00
 3.54780e+12	0.00e+00	2.32e-34	3.86e-25	1.15e-16	6.06e-09	9.94e-01	6.44e-03	0.00e+00
 3.71964e+12	2.24e-44	3.23e-34	4.95e-25	1.36e-16	6.59e-09	9.94e-01	5.91e-03	0.00e+00
 3.89120e+12	0.00e+00	4.45e-34	6.31e-25	1.60e-16	7.16e-09	9.95e-01	5.44e-03	0.00e+00
 4.06962e+12	4.98e-44	6.14e-34	8.04e-25	1.89e-16	7.78e-09	9.95e-01	5.01e-03	0.00e+00
 4.26233e+12	0.00e+00	8.58e-34	1.04e-24	2.24e-16	8.48e-09	9.95e-01	4.59e-03	0.00e+00
 4.46276e+12	1.15e-43	1.20e-33	1.33e-24	2.66e-16	9.25e-09	9.96e-01	4.21e-03	0.00e+00
 4.65190e+12	0.00e+00	1.63e-33	1.68e-24	3.11e-16	1.00e-08	9.96e-01	3.89e-03	0.00e+00
 4.82222e+12	2.34e-43	2.12e-33	2.06e-24	3.56e-16	1.07e-08	9.96e-01	3.63e-03	0.00e+00
 5.01394e+12	0.00e+00	2.84e-33	2.57e-24	4.14e-16	1.16e-08	9.97e-01	3.36e-03	0.00e+00
 5.23971e+12	5.08e-43	3.95e-33	3.29e-24	4.90e-16	1.26e-08	9.97e-01	3.09e-03	0.00e+00
 5.46518e+12	0.00e+00	5.43e-33	4.19e-24	5.78e-16	1.37e-08	9.97e-01	2.84e-03	0.00e+00
 5.67798e+12	1.09e-42	7.29e-33	5.25e-24	6.73e-16	1.48e-08	9.97e-01	2.63e-03	0.00e+00
 5.91334e+12	0.00e+00	9.93e-33	6.64e-24	7.90e-16	1.61e-08	9.98e-01	2.43e-03	0.00e+00
 6.17980e+12	2.45e-42	1.40e-32	8.62e-24	9.44e-16	1.76e-08	9.98e-01	2.22e-03	0.00e+00
 6.44237e+12	0.00e+00	1.93e-32	1.10e-23	1.12e-15	1.92e-08	9.98e-01	2.03e-03	0.00e+00
 6.71544e+12	5.48e-42	2.67e-32	1.41e-23	1.32e-15	2.09e-08	9.98e-01	1.87e-03	0.00e+00
 7.01399e+12	0.00e+00	3.77e-32	1.83e-23	1.58e-15	2.29e-08	9.98e-01	1.70e-03	0.00e+00
 7.31463e+12	1.27e-41	5.25e-32	2.36e-23	1.89e-15	2.51e-08	9.98e-01	1.56e-03	0.00e+00
 7.62729e+12	0.00e+00	7.32e-32	3.05e-23	2.25e-15	2.74e-08	9.99e-01	1.43e-03	0.00e+00
 7.95119e+12	2.89e-41	1.02e-31	3.93e-23	2.68e-15	3.00e-08	9.99e-01	1.31e-03	0.00e+00
 8.27015e+12	0.00e+00	1.40e-31	5.01e-23	3.16e-15	3.27e-08	9.99e-01	1.20e-03	0.00e+00
 8.61299e+12	6.39e-41	1.94e-31	6.44e-23	3.77e-15	3.58e-08	9.99e-01	1.10e-03	0.00e+00
 8.98744e+12	0.00e+00	2.73e-31	8.38e-23	4.52e-15	3.94e-08	9.99e-01	1.00e-03	0.00e+00
 9.37686e+12	1.49e-40	3.84e-31	1.09e-22	5.44e-15	4.33e-08	9.99e-01	9.10e-04	0.00e+00
 9.78186e+12	0.00e+00	5.40e-31	1.42e-22	6.54e-15	4.76e-08	9.99e-01	8.28e-04	0.00e+00
 1.02031e+13	3.45e-40	7.59e-31	1.85e-22	7.86e-15	5.24e-08	9.99e-01	7.53e-04	0.00e+00
 1.05843e+13	0.00e+00	1.02e-30	2.33e-22	9.24e-15	5.71e-08	9.99e-01	6.93e-04	0.00e+00
 1.09025e+13	6.68e-40	1.30e-30	2.80e-22	1.05e-14	6.11e-08	9.99e-01	6.48e-04	0.00e+00
 1.12512e+13	0.00e+00	1.67e-30	3.42e-22	1.21e-14	6.57e-08	9.99e-01	6.03e-04	0.00e+00
 1.16922e+13	1.33e-39	2.28e-30	4.35e-22	1.44e-14	7.19e-08	9.99e-01	5.52e-04	0.00e+00
 1.21519e+13	0.00e+00	3.11e-30	5.54e-22	1.70e-14	7.87e-08	9.99e-01	5.05e-04	0.00e+00
 1.25447e+13	2.66e-39	4.01e-30	6.77e-22	1.96e-14	8.48e-08	1.00e+00	4.70e-04	0.00e+00
 1.29520e+13	0.00e+00	5.17e-30	8.26e-22	2.26e-14	9.14e-08	1.00e+00	4.36e-04	0.00e+00
 1.34608e+13	5.29e-39	7.03e-30	1.05e-21	2.69e-14	1.00e-07	1.00e+00	3.99e-04	0.00e+00
 1.39767e+13	0.00e+00	9.47e-30	1.33e-21	3.18e-14	1.09e-07	1.00e+00	3.65e-04	0.00e+00
 1.44245e+13	1.03e-38	1.21e-29	1.62e-21	3.66e-14	1.18e-07	1.00e+00	3.40e-04	0.00e+00
 1.49085e+13	0.00e+00	1.57e-29	1.98e-21	4.24e-14	1.28e-07	1.00e+00	3.15e-04	0.00e+00
 1.55007e+13	2.04e-38	2.13e-29	2.52e-21	5.04e-14	1.40e-07	1.00e+00	2.87e-04	0.00e+00
 1.61045e+13	0.00e+00	2.87e-29	3.19e-21	5.97e-14	1.53e-07	1.00e+00	2.63e-04	0.00e+00
 1.66554e+13	4.02e-38	3.73e-29	3.92e-21	6.93e-14	1.66e-07	1.00e+00	2.43e-04	0.00e+00
 1.72666e+13	0.00e+00	4.92e-29	4.89e-21	8.12e-14	1.81e-07	1.00e+00	2.24e-04	0.00e+00
 1.79793e+13	8.19e-38	6.71e-29	6.25e-21	9.70e-14	1.99e-07	1.00e+00	2.04e-04	0.00e+00
 1.86858e+13	0.00e+00	9.01e-29	7.89e-21	1.15e-13	2.17e-07	1.00e+00	1.86e-04	0.00e+00
 1.93601e+13	1.62e-37	1.18e-28	9.77e-21	1.34e-13	2.36e-07	1.00e+00	1.72e-04	0.00e+00
 2.01039e+13	0.00e+00	1.57e-28	1.22e-20	1.58e-13	2.58e-07	1.00e+00	1.58e-04	0.00e+00
 2.09380e+13	3.32e-37	2.13e-28	1.56e-20	1.88e-13	2.83e-07	1.00e+00	1.44e-04	0.00e+00
 2.17753e+13	0.00e+00	2.87e-28	1.97e-20	2.23e-13	3.10e-07	1.00e+00	1.31e-04	0.00e+00
 2.25250e+13	6.45e-37	3.70e-28	2.41e-20	2.58e-13	3.36e-07	1.00e+00	1.22e-04	0.00e+00
 2.31911e+13	0.00e+00	4.60e-28	2.87e-20	2.92e-13	3.59e-07	1.00e+00	1.14e-04	0.00e+00
 2.39465e+13	1.12e-36	5.84e-28	3.47e-20	3.35e-13	3.86e-07	1.00e+00	1.06e-04	0.00e+00
 2.47868e+13	0.00e+00	7.56e-28	4.25e-20	3.88e-13	4.18e-07	1.00e+00	9.79e-05	0.00e+00
 2.55749e+13	2.04e-36	9.55e-28	5.11e-20	4.43e-13	4.49e-07	1.00e+00	9.13e-05	0.00e+00
 2.64370e+13	0.00e+00	1.22e-27	6.21e-20	5.10e-13	4.84e-07	1.00e+00	8.48e-05	0.00e+00
 2.74033e+13	3.80e-36	1.60e-27	7.67e-20	5.93e-13	5.25e-07	1.00e+00	7.82e-05	0.00e+00
 2.83211e+13	0.00e+00	2.04e-27	9.30e-20	6.81e-13	5.65e-07	1.00e+00	7.27e-05	0.00e+00
 2.93299e+13	7.02e-36	2.64e-27	1.14e-19	7.89e-13	6.11e-07	1.00e+00	6.73e-05	0.00e+00
 3.04592e+13	0.00e+00	3.50e-27	1.42e-19	9.25e-13	6.66e-07	1.00e+00	6.19e-05	0.00e+00
 3.15308e+13	1.35e-35	4.52e-27	1.74e-19	1.07e-12	7.19e-07	1.00e+00	5.73e-05	0.00e+00
 3.25196e+13	0.00e+00	5.68e-27	2.09e-19	1.22e-12	7.71e-07	1.00e+00	5.35e-05	0.00e+00
 3.36148e+13	2.40e-35	7.26e-27	2.53e-19	1.39e-12	8.30e-07	1.00e+00	4.98e-05	0.00e+00
 3.48443e+13	0.00e+00	9.48e-27	3.12e-19	1.62e-12	8.98e-07	1.00e+00	4.60e-05	0.00e+00
 3.60087e+13	4.46e-35	1.21e-26	3.78e-19	1.86e-12	9.66e-07	1.00e+00	4.28e-05	0.00e+00
 3.72827e+13	0.00e+00	1.57e-26	4.63e-19	2.14e-12	1.04e-06	1.00e+00	3.97e-05	0.00e+00
 3.86919e+13	8.55e-35	2.06e-26	5.74e-19	2.50e-12	1.13e-06	1.00e+00	3.66e-05	0.00e+00
 3.99992e+13	0.00e+00	2.64e-26	6.96e-19	2.86e-12	1.22e-06	1.00e+00	3.41e-05	0.00e+00
 4.14211e+13	1.59e-34	3.42e-26	8.53e-19	3.31e-12	1.31e-06	1.00e+00	3.16e-05	0.00e+00
 4.30126e+13	2.23e-34	4.53e-26	1.06e-18	3.86e-12	1.43e-06	1.00e+00	2.91e-05	0.00e+00
 4.45157e+13	3.06e-34	5.85e-26	1.30e-18	4.45e-12	1.54e-06	1.00e+00	2.70e-05	0.00e+00
 4.61506e+13	4.25e-34	7.66e-26	1.60e-18	5.15e-12	1.66e-06	1.00e+00	2.50e-05	0.00e+00
 4.79733e+13	6.04e-34	1.02e-25	2.00e-18	6.04e-12	1.81e-06	1.00e+00	2.30e-05	0.00e+00
 4.97069e+13	8.37e-34	1.33e-25	2.47e-18	6.98e-12	1.95e-06	1.00e+00	2.13e-05	0.00e+00
 5.15631e+13	1.17e-33	1.75e-25	3.05e-18	8.11e-12	2.11e-06	1.00e+00	1.97e-05	0.00e+00
 5.36556e+13	1.69e-33	2.36e-25	3.85e-18	9.54e-12	2.30e-06	1.00e+00	1.81e-05	0.00e+00
 5.57273e+13	2.39e-33	3.14e-25	4.80e-18	1.11e-11	2.50e-06	1.00e+00	1.67e-05	0.00e+00
 5.78819e+13	3.40e-33	4.18e-25	5.99e-18	1.30e-11	2.71e-06	1.00e+00	1.54e-05	0.00e+00
 6.02271e+13	4.90e-33	5.64e-25	7.55e-18	1.53e-11	2.95e-06	1.00e+00	1.42e-05	0.00e+00
 6.26661e+13	7.09e-33	7.61e-25	9.52e-18	1.79e-11	3.20e-06	1.00e+00	1.30e-05	0.00e+00
 6.52027e+13	1.03e-32	1.03e-24	1.20e-17	2.10e-11	3.49e-06	1.00e+00	1.20e-05	0.00e+00
 6.76947e+13	1.46e-32	1.37e-24	1.49e-17	2.45e-11	3.77e-06	1.00e+00	1.11e-05	0.00e+00
 7.00188e+13	2.00e-32	1.77e-24	1.82e-17	2.81e-11	4.05e-06	1.00e+00	1.03e-05	0.00e+00
 7.25820e+13	2.80e-32	2.32e-24	2.25e-17	3.24e-11	4.37e-06	1.00e+00	9.59e-06	0.00e+00
 7.52090e+13	3.90e-32	3.04e-24	2.77e-17	3.74e-11	4.71e-06	1.00e+00	8.90e-06	0.00e+00
 7.74099e+13	5.13e-32	3.80e-24	3.28e-17	4.21e-11	5.00e-06	1.00e+00	8.39e-06	0.00e+00
 7.97370e+13	6.79e-32	4.77e-24	3.90e-17	4.74e-11	5.32e-06	1.00e+00	7.89e-06	0.00e+00
 8.26883e+13	9.59e-32	6.30e-24	4.83e-17	5.48e-11	5.73e-06	1.00e+00	7.32e-06	0.00e+00
 8.57709e+13	1.36e-31	8.34e-24	5.99e-17	6.35e-11	6.19e-06	1.00e+00	6.78e-06	0.00e+00
 8.85148e+13	1.83e-31	1.06e-23	7.21e-17	7.21e-11	6.60e-06	1.00e+00	6.36e-06	0.00e+00
 9.14987e+13	2.52e-31	1.38e-23	8.77e-17	8.24e-11	7.07e-06	1.00e+00	5.94e-06	0.00e+00
 9.48178e+13	3.54e-31	1.81e-23	1.08e-16	9.50e-11	7.61e-06	1.00e+00	5.52e-06	0.00e+00
 9.79100e+13	4.82e-31	2.32e-23	1.31e-16	1.08e-10	8.12e-06	1.00e+00	5.17e-06	0.00e+00
 1.01267e+14	6.68e-31	3.02e-23	1.60e-16	1.24e-10	8.70e-06	1.00e+00	4.83e-06	0.00e+00
 1.05015e+14	9.47e-31	4.00e-23	1.98e-16	1.43e-10	9.37e-06	1.00e+00	4.48e-06	0.00e+00
 1.08528e+14	1.30e-30	5.17e-23	2.40e-16	1.63e-10	1.00e-05	1.00e+00	4.19e-06	0.00e+00
 1.12354e+14	1.83e-30	6.79e-23	2.95e-16	1.87e-10	1.08e-05	1.00e+00	3.91e-06	0.00e+00
 1.16625e+14	2.62e-30	9.08e-23	3.68e-16	2.18e-10	1.16e-05	1.00e+00	3.62e-06	0.00e+00
 1.20636e+14	3.65e-30	1.18e-22	4.50e-16	2.49e-10	1.24e-05	1.00e+00	3.38e-06	0.00e+00
 1.25004e+14	5.17e-30	1.57e-22	5.55e-16	2.87e-10	1.33e-05	1.00e+00	3.15e-06	0.00e+00
 1.29893e+14	7.51e-30	2.11e-22	6.97e-16	3.35e-10	1.44e-05	1.00e+00	2.91e-06	0.00e+00
 1.34528e+14	1.06e-29	2.79e-22	8.59e-16	3.85e-10	1.55e-05	1.00e+00	2.71e-06	0.00e+00
 1.39489e+14	1.51e-29	3.71e-22	1.06e-15	4.45e-10	1.67e-05	1.00e+00	2.52e-06	0.00e+00
 1.45098e+14	2.22e-29	5.05e-22	1.35e-15	5.21e-10	1.80e-05	1.00e+00	2.33e-06	0.00e+00
 1.50623e+14	3.21e-29	6.79e-22	1.68e-15	6.04e-10	1.94e-05	1.00e+00	2.16e-06	0.00e+00
 1.56369e+14	4.64e-29	9.12e-22	2.10e-15	7.02e-10	2.10e-05	1.00e+00	2.01e-06	0.00e+00
 1.62654e+14	6.84e-29	1.24e-21	2.65e-15	8.21e-10	2.27e-05	1.00e+00	1.85e-06	0.00e+00
 1.69049e+14	1.00e-28	1.69e-21	3.34e-15	9.58e-10	2.45e-05	1.00e+00	1.71e-06	0.00e+00
 1.75700e+14	1.46e-28	2.29e-21	4.20e-15	1.12e-09	2.65e-05	1.00e+00	1.59e-06	0.00e+00
 1.82352e+14	2.10e-28	3.07e-21	5.24e-15	1.30e-09	2.86e-05	1.00e+00	1.47e-06	0.00e+00
 1.88656e+14	2.94e-28	4.01e-21	6.41e-15	1.49e-09	3.06e-05	1.00e+00	1.37e-06	0.00e+00
 1.95618e+14	4.19e-28	5.33e-21	7.95e-15	1.72e-09	3.29e-05	1.00e+00	1.28e-06	0.00e+00
 2.02587e+14	5.91e-28	7.02e-21	9.79e-15	1.98e-09	3.53e-05	1.00e+00	1.19e-06	0.00e+00
 2.08378e+14	7.79e-28	8.77e-21	1.16e-14	2.21e-09	3.74e-05	1.00e+00	1.12e-06	0.00e+00
 2.14521e+14	1.03e-27	1.10e-20	1.38e-14	2.48e-09	3.97e-05	1.00e+00	1.06e-06	0.00e+00
 2.22368e+14	1.47e-27	1.46e-20	1.70e-14	2.87e-09	4.27e-05	1.00e+00	9.85e-07	0.00e+00
 2.30605e+14	2.09e-27	1.94e-20	2.12e-14	3.32e-09	4.59e-05	1.00e+00	0.00e+00	0.00e+00
 2.37893e+14	2.84e-27	2.48e-20	2.55e-14	3.76e-09	4.89e-05	1.00e+00	0.00e+00	0.00e+00
 2.45772e+14	3.90e-27	3.20e-20	3.09e-14	4.28e-09	5.23e-05	1.00e+00	0.00e+00	0.00e+00
 2.55246e+14	5.62e-27	4.30e-20	3.87e-14	4.99e-09	5.65e-05	1.00e+00	0.00e+00	0.00e+00
 2.64855e+14	8.04e-27	5.74e-20	4.81e-14	5.78e-09	6.10e-05	1.00e+00	0.00e+00	0.00e+00
 2.73866e+14	1.11e-26	7.46e-20	5.88e-14	6.62e-09	6.53e-05	1.00e+00	0.00e+00	0.00e+00
 2.83869e+14	1.58e-26	9.88e-20	7.27e-14	7.64e-09	7.03e-05	1.00e+00	0.00e+00	0.00e+00
 2.94458e+14	2.25e-26	1.31e-19	9.04e-14	8.85e-09	7.58e-05	1.00e+00	0.00e+00	0.00e+00
 3.03868e+14	3.05e-26	1.68e-19	1.09e-13	1.00e-08	8.08e-05	1.00e+00	0.00e+00	0.00e+00
 3.13994e+14	4.18e-26	2.17e-19	1.32e-13	1.15e-08	8.65e-05	1.00e+00	0.00e+00	0.00e+00
 3.26126e+14	6.03e-26	2.92e-19	1.66e-13	1.34e-08	9.35e-05	1.00e+00	0.00e+00	0.00e+00
 3.38073e+14	8.53e-26	3.86e-19	2.05e-13	1.54e-08	1.01e-04	1.00e+00	0.00e+00	0.00e+00
 3.48723e+14	1.15e-25	4.92e-19	2.47e-13	1.75e-08	1.07e-04	1.00e+00	0.00e+00	0.00e+00
 3.60482e+14	1.58e-25	6.36e-19	3.00e-13	2.00e-08	1.15e-04	1.00e+00	0.00e+00	0.00e+00
 3.74486e+14	2.29e-25	8.56e-19	3.77e-13	2.33e-08	1.24e-04	1.00e+00	0.00e+00	0.00e+00
 3.88370e+14	3.25e-25	1.14e-18	4.68e-13	2.70e-08	1.34e-04	1.00e+00	0.00e+00	0.00e+00
 4.01064e+14	4.43e-25	1.46e-18	5.66e-13	3.07e-08	1.43e-04	1.00e+00	0.00e+00	0.00e+00
 4.15248e+14	6.18e-25	1.91e-18	6.95e-13	3.53e-08	1.54e-04	1.00e+00	0.00e+00	0.00e+00
 4.31745e+14	8.99e-25	2.59e-18	8.76e-13	4.13e-08	1.67e-04	1.00e+00	0.00e+00	0.00e+00
 4.47948e+14	1.28e-24	3.45e-18	1.09e-12	4.79e-08	1.80e-04	1.00e+00	0.00e+00	0.00e+00
 4.63286e+14	1.77e-24	4.48e-18	1.33e-12	5.48e-08	1.93e-04	1.00e+00	0.00e+00	0.00e+00
 4.80335e+14	2.51e-24	5.93e-18	1.65e-12	6.34e-08	2.08e-04	1.00e+00	0.00e+00	0.00e+00
 4.99578e+14	3.66e-24	8.04e-18	2.08e-12	7.42e-08	2.26e-04	1.00e+00	0.00e+00	0.00e+00
 5.17835e+14	5.19e-24	1.06e-17	2.57e-12	8.57e-08	2.43e-04	1.00e+00	0.00e+00	0.00e+00
 5.34468e+14	7.03e-24	1.36e-17	3.10e-12	9.73e-08	2.59e-04	1.00e+00	0.00e+00	0.00e+00
 5.53298e+14	9.82e-24	1.78e-17	3.81e-12	1.12e-07	2.78e-04	1.00e+00	0.00e+00	0.00e+00
 5.75235e+14	1.43e-23	2.41e-17	4.80e-12	1.31e-07	3.01e-04	1.00e+00	0.00e+00	0.00e+00
 5.96258e+14	2.03e-23	3.19e-17	5.94e-12	1.51e-07	3.24e-04	1.00e+00	0.00e+00	0.00e+00
 6.13651e+14	2.67e-23	3.99e-17	7.04e-12	1.69e-07	3.44e-04	1.00e+00	0.00e+00	0.00e+00
 6.31275e+14	3.52e-23	4.98e-17	8.33e-12	1.90e-07	3.64e-04	1.00e+00	0.00e+00	0.00e+00
 6.54076e+14	4.96e-23	6.57e-17	1.03e-11	2.19e-07	3.92e-04	1.00e+00	0.00e+00	0.00e+00
 6.77668e+14	6.99e-23	8.67e-17	1.27e-11	2.52e-07	4.21e-04	1.00e+00	0.00e+00	0.00e+00
 6.97628e+14	9.27e-23	1.09e-16	1.51e-11	2.83e-07	4.47e-04	1.00e+00	0.00e+00	0.00e+00
 7.18806e+14	1.24e-22	1.37e-16	1.80e-11	3.19e-07	4.75e-04	1.00e+00	0.00e+00	0.00e+00
 7.45407e+14	1.76e-22	1.82e-16	2.23e-11	3.69e-07	5.12e-04	9.99e-01	0.00e+00	0.00e+00
 7.72819e+14	2.51e-22	2.42e-16	2.77e-11	4.27e-07	5.51e-04	9.99e-01	0.00e+00	0.00e+00
 7.96878e+14	3.38e-22	3.08e-16	3.32e-11	4.82e-07	5.86e-04	9.99e-01	0.00e+00	0.00e+00
 8.22814e+14	4.61e-22	3.96e-16	4.01e-11	5.48e-07	6.26e-04	9.99e-01	0.00e+00	0.00e+00
 8.54238e+14	6.63e-22	5.30e-16	5.01e-11	6.37e-07	6.76e-04	9.99e-01	0.00e+00	0.00e+00
 8.85458e+14	9.42e-22	7.04e-16	6.20e-11	7.35e-07	7.26e-04	9.99e-01	0.00e+00	0.00e+00
 9.13084e+14	1.27e-21	8.94e-16	7.44e-11	8.31e-07	7.73e-04	9.99e-01	0.00e+00	0.00e+00
 9.43375e+14	1.74e-21	1.15e-15	9.03e-11	9.47e-07	8.26e-04	9.99e-01	0.00e+00	0.00e+00
 9.79721e+14	2.51e-21	1.55e-15	1.13e-10	1.10e-06	8.93e-04	9.99e-01	0.00e+00	0.00e+00
 1.01591e+15	3.57e-21	2.06e-15	1.40e-10	1.27e-06	9.62e-04	9.99e-01	0.00e+00	0.00e+00
 1.04869e+15	4.86e-21	2.64e-15	1.69e-10	1.45e-06	1.03e-03	9.99e-01	0.00e+00	0.00e+00
 1.08507e+15	6.72e-21	3.43e-15	2.07e-10	1.66e-06	1.10e-03	9.99e-01	0.00e+00	0.00e+00
 1.12777e+15	9.78e-21	4.64e-15	2.60e-10	1.94e-06	1.19e-03	9.99e-01	0.00e+00	0.00e+00
 1.16989e+15	1.38e-20	6.15e-15	3.23e-10	2.24e-06	1.29e-03	9.99e-01	0.00e+00	0.00e+00
 1.20929e+15	1.90e-20	7.97e-15	3.93e-10	2.56e-06	1.38e-03	9.99e-01	0.00e+00	0.00e+00
 1.25329e+15	2.67e-20	1.05e-14	4.85e-10	2.96e-06	1.48e-03	9.99e-01	0.00e+00	0.00e+00
 1.30345e+15	3.87e-20	1.42e-14	6.11e-10	3.46e-06	1.61e-03	9.98e-01	0.00e+00	0.00e+00
 1.35333e+15	5.52e-20	1.89e-14	7.62e-10	4.03e-06	1.74e-03	9.98e-01	0.00e+00	0.00e+00
 1.40520e+15	7.84e-20	2.52e-14	9.51e-10	4.69e-06	1.88e-03	9.98e-01	0.00e+00	0.00e+00
 1.45987e+15	1.12e-19	3.36e-14	1.19e-09	5.47e-06	2.04e-03	9.98e-01	0.00e+00	0.00e+00
 1.50592e+15	1.50e-19	4.26e-14	1.43e-09	6.19e-06	2.18e-03	9.98e-01	0.00e+00	0.00e+00
 1.54188e+15	1.85e-19	5.08e-14	1.64e-09	6.81e-06	2.29e-03	9.98e-01	0.00e+00	0.00e+00
 1.58100e+15	2.33e-19	6.13e-14	1.90e-09	7.54e-06	2.42e-03	9.98e-01	0.00e+00	0.00e+00
 1.63185e+15	3.11e-19	7.76e-14	2.28e-09	8.57e-06	2.59e-03	9.97e-01	0.00e+00	0.00e+00
 1.68689e+15	4.19e-19	9.93e-14	2.77e-09	9.79e-06	2.78e-03	9.97e-01	0.00e+00	0.00e+00
 1.73646e+15	5.43e-19	1.23e-13	3.28e-09	1.10e-05	2.97e-03	9.97e-01	0.00e+00	0.00e+00
 1.78996e+15	7.14e-19	1.54e-13	3.92e-09	1.24e-05	3.17e-03	9.97e-01	0.00e+00	0.00e+00
 1.85661e+15	9.87e-19	2.01e-13	4.84e-09	1.44e-05	3.43e-03	9.97e-01	0.00e+00	0.00e+00
 1.92374e+15	1.35e-18	2.61e-13	5.95e-09	1.67e-05	3.71e-03	9.96e-01	0.00e+00	0.00e+00
 1.98180e+15	1.75e-18	3.24e-13	7.07e-09	1.88e-05	3.96e-03	9.96e-01	0.00e+00	0.00e+00
 2.04473e+15	2.29e-18	4.06e-13	8.48e-09	2.13e-05	4.25e-03	9.96e-01	0.00e+00	0.00e+00
 2.12192e+15	3.16e-18	5.31e-13	1.05e-08	2.48e-05	4.61e-03	9.95e-01	0.00e+00	0.00e+00
 2.19997e+15	4.31e-18	6.88e-13	1.30e-08	2.86e-05	5.00e-03	9.95e-01	0.00e+00	0.00e+00
 2.26936e+15	5.60e-18	8.58e-13	1.55e-08	3.25e-05	5.36e-03	9.95e-01	0.00e+00	0.00e+00
 2.34518e+15	7.41e-18	1.09e-12	1.87e-08	3.71e-05	5.78e-03	9.94e-01	0.00e+00	0.00e+00
 2.43581e+15	1.02e-17	1.42e-12	2.33e-08	4.32e-05	6.29e-03	9.94e-01	0.00e+00	0.00e+00
 2.52544e+15	1.38e-17	1.84e-12	2.88e-08	5.00e-05	6.83e-03	9.93e-01	0.00e+00	0.00e+00
 2.60631e+15	1.80e-17	2.30e-12	3.45e-08	5.68e-05	7.34e-03	9.93e-01	0.00e+00	0.00e+00
 2.69606e+15	2.39e-17	2.92e-12	4.20e-08	6.51e-05	7.92e-03	9.92e-01	0.00e+00	0.00e+00
 2.80174e+15	3.29e-17	3.83e-12	5.25e-08	7.61e-05	8.65e-03	9.91e-01	0.00e+00	0.00e+00
 2.90603e+15	4.46e-17	4.96e-12	6.50e-08	8.81e-05	9.40e-03	9.91e-01	0.00e+00	0.00e+00
 3.00293e+15	5.86e-17	6.26e-12	7.86e-08	1.01e-04	1.01e-02	9.90e-01	0.00e+00	0.00e+00
 3.11151e+15	7.88e-17	8.05e-12	9.67e-08	1.16e-04	1.10e-02	9.89e-01	0.00e+00	0.00e+00
 3.23600e+15	1.09e-16	1.06e-11	1.22e-07	1.36e-04	1.20e-02	9.88e-01	0.00e+00	0.00e+00
 3.35859e+15	1.71e-16	1.38e-11	1.51e-07	1.58e-04	1.31e-02	9.87e-01	0.00e+00	0.00e+00
 3.48608e+15	2.35e-16	1.80e-11	1.88e-07	1.83e-04	1.42e-02	9.86e-01	0.00e+00	0.00e+00
 3.60216e+15	3.08e-16	2.27e-11	2.28e-07	2.09e-04	1.53e-02	9.84e-01	0.00e+00	0.00e+00
 3.68883e+15	3.76e-16	2.69e-11	2.62e-07	2.30e-04	1.62e-02	9.84e-01	0.00e+00	0.00e+00
 3.77842e+15	4.60e-16	3.19e-11	3.02e-07	2.53e-04	1.71e-02	9.83e-01	0.00e+00	0.00e+00
 3.89489e+15	5.95e-16	3.97e-11	3.61e-07	2.86e-04	1.83e-02	9.81e-01	0.00e+00	0.00e+00
 4.02101e+15	7.78e-16	4.99e-11	4.37e-07	3.25e-04	1.97e-02	9.80e-01	0.00e+00	0.00e+00
 4.13486e+15	9.81e-16	6.08e-11	5.15e-07	3.63e-04	2.09e-02	9.79e-01	0.00e+00	0.00e+00
 4.25804e+15	1.26e-15	7.52e-11	6.13e-07	4.09e-04	2.24e-02	9.77e-01	0.00e+00	0.00e+00
 4.41424e+15	1.71e-15	9.78e-11	7.61e-07	4.73e-04	2.43e-02	9.75e-01	0.00e+00	0.00e+00
 4.57146e+15	2.30e-15	1.26e-10	9.37e-07	5.44e-04	2.63e-02	9.73e-01	0.00e+00	0.00e+00
 4.70367e+15	2.92e-15	1.55e-10	1.11e-06	6.09e-04	2.80e-02	9.71e-01	0.00e+00	0.00e+00
 4.84523e+15	3.77e-15	1.92e-10	1.33e-06	6.86e-04	2.99e-02	9.69e-01	0.00e+00	0.00e+00
 5.02376e+15	5.15e-15	2.51e-10	1.65e-06	7.94e-04	3.25e-02	9.67e-01	0.00e+00	0.00e+00
 5.21082e+15	7.03e-15	3.28e-10	2.06e-06	9.20e-04	3.53e-02	9.64e-01	0.00e+00	0.00e+00
 5.37915e+15	9.21e-15	4.13e-10	2.49e-06	1.04e-03	3.78e-02	9.61e-01	0.00e+00	0.00e+00
 5.56266e+15	1.23e-14	5.29e-10	3.05e-06	1.20e-03	4.08e-02	9.58e-01	0.00e+00	0.00e+00
 5.77973e+15	1.72e-14	7.04e-10	3.85e-06	1.40e-03	4.44e-02	9.54e-01	0.00e+00	0.00e+00
 5.99208e+15	2.35e-14	9.20e-10	4.80e-06	1.61e-03	4.81e-02	9.50e-01	0.00e+00	0.00e+00
 6.18506e+15	3.09e-14	1.16e-09	5.81e-06	1.83e-03	5.15e-02	9.47e-01	0.00e+00	0.00e+00
 6.40122e+15	4.17e-14	1.50e-09	7.16e-06	2.10e-03	5.56e-02	9.42e-01	0.00e+00	0.00e+00
 6.65388e+15	5.87e-14	2.01e-09	9.08e-06	2.46e-03	6.05e-02	9.37e-01	0.00e+00	0.00e+00
 6.90175e+15	8.07e-14	2.64e-09	1.13e-05	2.85e-03	6.55e-02	9.32e-01	0.00e+00	0.00e+00
 7.13388e+15	1.08e-13	3.38e-09	1.39e-05	3.26e-03	7.04e-02	9.26e-01	0.00e+00	0.00e+00
 7.33706e+15	1.37e-13	4.17e-09	1.65e-05	3.64e-03	7.48e-02	9.22e-01	0.00e+00	0.00e+00
 7.50801e+15	1.67e-13	4.94e-09	1.90e-05	4.00e-03	7.87e-02	9.17e-01	0.00e+00	0.00e+00
 7.69779e+15	2.09e-13	5.97e-09	2.21e-05	4.42e-03	8.30e-02	9.13e-01	0.00e+00	0.00e+00
 7.94450e+15	2.79e-13	7.60e-09	2.68e-05	5.02e-03	8.87e-02	9.06e-01	0.00e+00	0.00e+00
 8.20236e+15	3.71e-13	9.70e-09	3.27e-05	5.71e-03	9.50e-02	8.99e-01	0.00e+00	0.00e+00
 8.41980e+15	4.67e-13	1.18e-08	3.83e-05	6.34e-03	1.00e-01	8.93e-01	0.00e+00	0.00e+00
 8.64756e+15	5.96e-13	1.45e-08	4.52e-05	7.06e-03	1.06e-01	8.87e-01	0.00e+00	0.00e+00
 8.94364e+15	8.12e-13	1.88e-08	5.57e-05	8.10e-03	1.14e-01	8.78e-01	0.00e+00	0.00e+00
 9.24924e+15	1.10e-12	2.43e-08	6.85e-05	9.27e-03	1.22e-01	8.68e-01	0.00e+00	0.00e+00
 9.50484e+15	1.40e-12	3.00e-08	8.09e-05	1.03e-02	1.30e-01	8.60e-01	0.00e+00	0.00e+00
 9.77477e+15	1.81e-12	3.72e-08	9.63e-05	1.16e-02	1.37e-01	8.51e-01	0.00e+00	0.00e+00
 1.01257e+16	2.50e-12	4.89e-08	1.20e-04	1.33e-02	1.47e-01	8.39e-01	0.00e+00	0.00e+00
 1.04911e+16	3.45e-12	6.41e-08	1.49e-04	1.54e-02	1.58e-01	8.26e-01	0.00e+00	0.00e+00
 1.08005e+16	4.49e-12	8.03e-08	1.78e-04	1.73e-02	1.68e-01	8.14e-01	0.00e+00	0.00e+00
 1.11276e+16	5.94e-12	1.01e-07	2.15e-04	1.95e-02	1.78e-01	8.02e-01	0.00e+00	0.00e+00
 1.15387e+16	8.30e-12	1.35e-07	2.69e-04	2.26e-02	1.91e-01	7.86e-01	0.00e+00	0.00e+00
 1.19522e+16	1.14e-11	1.76e-07	3.34e-04	2.60e-02	2.05e-01	7.69e-01	0.00e+00	0.00e+00
 1.22986e+16	1.48e-11	2.20e-07	4.00e-04	2.92e-02	2.16e-01	7.54e-01	0.00e+00	0.00e+00
 1.26649e+16	1.95e-11	2.77e-07	4.81e-04	3.29e-02	2.29e-01	7.38e-01	0.00e+00	0.00e+00
 1.31293e+16	2.74e-11	3.68e-07	6.02e-04	3.79e-02	2.44e-01	7.17e-01	0.00e+00	0.00e+00
 1.35999e+16	3.77e-11	4.83e-07	7.51e-04	4.37e-02	2.60e-01	6.95e-01	0.00e+00	0.00e+00
 1.39861e+16	4.85e-11	5.98e-07	8.93e-04	4.88e-02	2.73e-01	6.77e-01	0.00e+00	0.00e+00
 1.43154e+16	6.00e-11	7.16e-07	1.03e-03	5.36e-02	2.85e-01	6.61e-01	0.00e+00	0.00e+00
 1.46748e+16	7.61e-11	8.73e-07	1.21e-03	5.92e-02	2.97e-01	6.43e-01	0.00e+00	0.00e+00
 1.50691e+16	9.71e-11	1.07e-06	1.43e-03	6.58e-02	3.10e-01	6.23e-01	0.00e+00	0.00e+00
 1.54384e+16	1.21e-10	1.30e-06	1.67e-03	7.23e-02	3.22e-01	6.04e-01	0.00e+00	0.00e+00
 1.58482e+16	1.57e-10	1.61e-06	1.98e-03	8.04e-02	3.35e-01	5.82e-01	0.00e+00	0.00e+00
 1.62859e+16	2.01e-10	1.98e-06	2.35e-03	8.95e-02	3.49e-01	5.60e-01	0.00e+00	0.00e+00
 1.66841e+16	2.52e-10	2.40e-06	2.75e-03	9.84e-02	3.61e-01	5.38e-01	0.00e+00	0.00e+00
 1.71261e+16	3.27e-10	2.98e-06	3.27e-03	1.09e-01	3.74e-01	5.14e-01	0.00e+00	0.00e+00
 1.76013e+16	4.24e-10	3.71e-06	3.92e-03	1.22e-01	3.87e-01	4.88e-01	0.00e+00	0.00e+00
 1.80347e+16	5.36e-10	4.52e-06	4.60e-03	1.34e-01	3.97e-01	4.64e-01	0.00e+00	0.00e+00
 1.84366e+16	6.63e-10	5.41e-06	5.32e-03	1.46e-01	4.07e-01	4.42e-01	0.00e+00	0.00e+00
 1.88828e+16	8.52e-10	6.66e-06	6.29e-03	1.61e-01	4.17e-01	4.17e-01	0.00e+00	0.00e+00
 1.93575e+16	1.09e-09	8.20e-06	7.45e-03	1.77e-01	4.25e-01	3.90e-01	0.00e+00	0.00e+00
 1.97700e+16	1.35e-09	9.79e-06	8.61e-03	1.92e-01	4.32e-01	3.68e-01	0.00e+00	0.00e+00
 2.01503e+16	1.64e-09	1.16e-05	9.86e-03	2.07e-01	4.37e-01	3.47e-01	0.00e+00	0.00e+00
 2.05876e+16	2.08e-09	1.41e-05	1.15e-02	2.25e-01	4.41e-01	3.23e-01	0.00e+00	0.00e+00
 2.10580e+16	2.67e-09	1.73e-05	1.36e-02	2.46e-01	4.44e-01	2.97e-01	0.00e+00	0.00e+00
 2.14483e+16	3.25e-09	2.04e-05	1.56e-02	2.63e-01	4.44e-01	2.77e-01	0.00e+00	0.00e+00
 2.17704e+16	3.86e-09	2.35e-05	1.75e-02	2.79e-01	4.44e-01	2.60e-01	0.00e+00	0.00e+00
 2.21269e+16	4.69e-09	2.76e-05	1.99e-02	2.97e-01	4.42e-01	2.41e-01	0.00e+00	0.00e+00
 2.25208e+16	5.85e-09	3.30e-05	2.29e-02	3.18e-01	4.39e-01	2.20e-01	0.00e+00	0.00e+00
 2.28727e+16	7.09e-09	3.86e-05	2.60e-02	3.37e-01	4.34e-01	2.03e-01	0.00e+00	0.00e+00
 2.31809e+16	8.43e-09	4.45e-05	2.90e-02	3.55e-01	4.29e-01	1.88e-01	0.00e+00	0.00e+00
 2.35228e+16	1.03e-08	5.22e-05	3.30e-02	3.75e-01	4.21e-01	1.71e-01	0.00e+00	0.00e+00
 2.38867e+16	1.28e-08	6.24e-05	3.78e-02	3.97e-01	4.11e-01	1.54e-01	0.00e+00	0.00e+00
 2.41939e+16	1.54e-08	7.22e-05	4.24e-02	4.16e-01	4.02e-01	1.40e-01	0.00e+00	0.00e+00
 2.44589e+16	1.80e-08	8.19e-05	4.68e-02	4.33e-01	3.92e-01	1.28e-01	0.00e+00	0.00e+00
 2.47543e+16	2.11e-08	9.39e-05	5.25e-02	4.52e-01	3.80e-01	1.16e-01	0.00e+00	0.00e+00
 2.50711e+16	2.58e-08	1.10e-04	5.95e-02	4.73e-01	3.65e-01	1.02e-01	0.00e+00	0.00e+00
 2.53398e+16	3.27e-08	1.31e-04	6.66e-02	4.92e-01	3.51e-01	9.11e-02	0.00e+00	0.00e+00
 2.55581e+16	3.75e-08	1.47e-04	7.27e-02	5.06e-01	3.38e-01	8.28e-02	0.00e+00	0.00e+00
 2.57869e+16	4.46e-08	1.68e-04	8.02e-02	5.22e-01	3.24e-01	7.37e-02	0.00e+00	0.00e+00
 2.60352e+16	5.17e-08	1.90e-04	8.88e-02	5.39e-01	3.07e-01	6.49e-02	0.00e+00	0.00e+00
 2.62553e+16	6.46e-08	2.24e-04	9.82e-02	5.54e-01	2.91e-01	5.67e-02	0.00e+00	0.00e+00
 2.64388e+16	7.15e-08	2.44e-04	1.06e-01	5.66e-01	2.77e-01	5.08e-02	0.00e+00	0.00e+00
 2.66286e+16	8.38e-08	2.76e-04	1.16e-01	5.79e-01	2.61e-01	4.45e-02	0.00e+00	0.00e+00
 2.68308e+16	9.93e-08	3.14e-04	1.26e-01	5.92e-01	2.43e-01	3.82e-02	0.00e+00	0.00e+00
 2.70003e+16	1.16e-07	3.54e-04	1.37e-01	6.02e-01	2.27e-01	3.31e-02	0.00e+00	0.00e+00
 2.71396e+16	1.33e-07	3.92e-04	1.46e-01	6.11e-01	2.14e-01	2.91e-02	0.00e+00	0.00e+00
 2.72687e+16	1.51e-07	4.31e-04	1.55e-01	6.18e-01	2.00e-01	2.55e-02	0.00e+00	0.00e+00
 2.74168e+16	1.84e-07	4.96e-04	1.67e-01	6.27e-01	1.84e-01	2.13e-02	0.00e+00	0.00e+00
 2.75638e+16	2.11e-07	5.50e-04	1.79e-01	6.34e-01	1.68e-01	1.79e-02	0.00e+00	0.00e+00
 2.76780e+16	2.32e-07	5.92e-04	1.89e-01	6.40e-01	1.56e-01	1.54e-02	0.00e+00	0.00e+00
 2.77793e+16	2.70e-07	6.58e-04	1.98e-01	6.44e-01	1.44e-01	1.31e-02	0.00e+00	0.00e+00
 2.78611e+16	2.86e-07	6.89e-04	2.06e-01	6.47e-01	1.35e-01	1.16e-02	0.00e+00	0.00e+00
 2.79336e+16	3.22e-07	7.47e-04	2.13e-01	6.50e-01	1.26e-01	1.01e-02	0.00e+00	0.00e+00
 2.80081e+16	3.49e-07	7.94e-04	2.21e-01	6.53e-01	1.17e-01	8.81e-03	0.00e+00	0.00e+00
 2.80752e+16	3.71e-07	8.32e-04	2.28e-01	6.55e-01	1.09e-01	7.72e-03	0.00e+00	0.00e+00
 2.81523e+16	4.07e-07	8.91e-04	2.36e-01	6.57e-01	9.98e-02	6.53e-03	0.00e+00	0.00e+00
 2.82331e+16	4.60e-07	9.70e-04	2.45e-01	6.58e-01	9.04e-02	5.39e-03	0.00e+00	0.00e+00
 2.82971e+16	4.89e-07	1.02e-03	2.52e-01	6.59e-01	8.33e-02	4.63e-03	0.00e+00	0.00e+00
 2.83584e+16	5.40e-07	1.09e-03	2.59e-01	6.60e-01	7.62e-02	3.91e-03	0.00e+00	0.00e+00
 2.84246e+16	5.87e-07	1.15e-03	2.66e-01	6.60e-01	6.91e-02	3.25e-03	0.00e+00	0.00e+00
 2.84873e+16	6.35e-07	1.22e-03	2.73e-01	6.60e-01	6.26e-02	2.69e-03	0.00e+00	0.00e+00
 2.85588e+16	6.98e-07	1.31e-03	2.82e-01	6.60e-01	5.54e-02	2.14e-03	0.00e+00	0.00e+00
 2.86358e+16	7.68e-07	1.40e-03	2.90e-01	6.59e-01	4.84e-02	1.66e-03	0.00e+00	0.00e+00
 2.87057e+16	8.39e-07	1.49e-03	2.98e-01	6.57e-01	4.24e-02	1.30e-03	0.00e+00	0.00e+00
 2.87823e+16	9.26e-07	1.59e-03	3.06e-01	6.55e-01	3.64e-02	9.71e-04	0.00e+00	0.00e+00
 2.88673e+16	1.03e-06	1.71e-03	3.15e-01	6.52e-01	3.06e-02	7.02e-04	0.00e+00	0.00e+00
 2.89492e+16	1.13e-06	1.83e-03	3.23e-01	6.49e-01	2.58e-02	5.07e-04	0.00e+00	0.00e+00
 2.90418e+16	1.26e-06	1.98e-03	3.32e-01	6.44e-01	2.10e-02	3.45e-04	0.00e+00	0.00e+00
 2.91622e+16	1.44e-06	2.17e-03	3.44e-01	6.38e-01	1.61e-02	2.08e-04	0.00e+00	0.00e+00
 2.92926e+16	1.65e-06	2.38e-03	3.55e-01	6.31e-01	1.21e-02	1.21e-04	0.00e+00	0.00e+00
 2.94359e+16	1.91e-06	2.63e-03	3.67e-01	6.22e-01	8.89e-03	6.66e-05	0.00e+00	0.00e+00
 2.96222e+16	2.29e-06	2.96e-03	3.81e-01	6.10e-01	6.03e-03	3.13e-05	0.00e+00	0.00e+00
 2.98644e+16	2.86e-06	3.44e-03	3.99e-01	5.94e-01	3.75e-03	1.23e-05	0.00e+00	0.00e+00
 3.01311e+16	3.63e-06	4.04e-03	4.18e-01	5.75e-01	2.32e-03	4.78e-06	0.00e+00	0.00e+00
 3.03865e+16	4.59e-06	4.72e-03	4.38e-01	5.56e-01	1.52e-03	2.04e-06	0.00e+00	0.00e+00
 3.06753e+16	6.01e-06	5.65e-03	4.61e-01	5.33e-01	9.57e-04	8.12e-07	0.00e+00	0.00e+00
 3.09828e+16	8.16e-06	6.94e-03	4.87e-01	5.06e-01	6.08e-04	0.00e+00	0.00e+00	0.00e+00
 3.11907e+16	1.02e-05	8.08e-03	5.06e-01	4.86e-01	4.59e-04	0.00e+00	0.00e+00	0.00e+00
 3.12946e+16	1.15e-05	8.74e-03	5.16e-01	4.75e-01	3.98e-04	0.00e+00	0.00e+00	0.00e+00
 3.13874e+16	1.27e-05	9.36e-03	5.25e-01	4.65e-01	3.48e-04	0.00e+00	0.00e+00	0.00e+00
 3.15079e+16	1.46e-05	1.03e-02	5.37e-01	4.52e-01	2.92e-04	0.00e+00	0.00e+00	0.00e+00
 3.16646e+16	1.74e-05	1.16e-02	5.53e-01	4.35e-01	2.33e-04	0.00e+00	0.00e+00	0.00e+00
 3.18283e+16	2.13e-05	1.33e-02	5.71e-01	4.16e-01	1.86e-04	0.00e+00	0.00e+00	0.00e+00
 3.19607e+16	2.53e-05	1.50e-02	5.85e-01	3.99e-01	1.54e-04	0.00e+00	0.00e+00	0.00e+00
 3.20715e+16	2.92e-05	1.65e-02	5.98e-01	3.85e-01	1.32e-04	0.00e+00	0.00e+00	0.00e+00
 3.21946e+16	3.44e-05	1.85e-02	6.12e-01	3.69e-01	1.10e-04	0.00e+00	0.00e+00	0.00e+00
 3.23320e+16	4.17e-05	2.11e-02	6.28e-01	3.50e-01	8.97e-05	0.00e+00	0.00e+00	0.00e+00
 3.24437e+16	4.92e-05	2.37e-02	6.42e-01	3.35e-01	7.61e-05	0.00e+00	0.00e+00	0.00e+00
 3.25212e+16	5.54e-05	2.57e-02	6.51e-01	3.23e-01	6.76e-05	0.00e+00	0.00e+00	0.00e+00
 3.25983e+16	6.24e-05	2.79e-02	6.60e-01	3.12e-01	5.98e-05	0.00e+00	0.00e+00	0.00e+00
 3.26985e+16	7.29e-05	3.10e-02	6.72e-01	2.97e-01	5.08e-05	0.00e+00	0.00e+00	0.00e+00
 3.28011e+16	8.64e-05	3.49e-02	6.84e-01	2.81e-01	4.30e-05	0.00e+00	0.00e+00	0.00e+00
 3.28812e+16	9.89e-05	3.83e-02	6.93e-01	2.68e-01	3.76e-05	0.00e+00	0.00e+00	0.00e+00
 3.29470e+16	1.11e-04	4.15e-02	7.01e-01	2.58e-01	3.36e-05	0.00e+00	0.00e+00	0.00e+00
 3.30197e+16	1.26e-04	4.53e-02	7.09e-01	2.46e-01	2.94e-05	0.00e+00	0.00e+00	0.00e+00
 3.31142e+16	1.50e-04	5.10e-02	7.18e-01	2.30e-01	2.47e-05	0.00e+00	0.00e+00	0.00e+00
 3.32067e+16	1.79e-04	5.76e-02	7.27e-01	2.15e-01	2.08e-05	0.00e+00	0.00e+00	0.00e+00
 3.32729e+16	2.04e-04	6.31e-02	7.33e-01	2.04e-01	1.82e-05	0.00e+00	0.00e+00	0.00e+00
 3.33262e+16	2.28e-04	6.80e-02	7.37e-01	1.95e-01	1.63e-05	0.00e+00	0.00e+00	0.00e+00
 3.33861e+16	2.58e-04	7.40e-02	7.41e-01	1.85e-01	1.44e-05	0.00e+00	0.00e+00	0.00e+00
 3.34639e+16	3.04e-04	8.27e-02	7.46e-01	1.71e-01	1.21e-05	0.00e+00	0.00e+00	0.00e+00
 3.35418e+16	3.61e-04	9.31e-02	7.49e-01	1.58e-01	1.02e-05	0.00e+00	0.00e+00	0.00e+00
 3.36002e+16	4.12e-04	1.02e-01	7.50e-01	1.48e-01	8.84e-06	0.00e+00	0.00e+00	0.00e+00
 3.36478e+16	4.62e-04	1.10e-01	7.50e-01	1.40e-01	7.85e-06	0.00e+00	0.00e+00	0.00e+00
 3.37011e+16	5.24e-04	1.20e-01	7.49e-01	1.31e-01	6.83e-06	0.00e+00	0.00e+00	0.00e+00
 3.37704e+16	6.20e-04	1.34e-01	7.46e-01	1.19e-01	5.66e-06	0.00e+00	0.00e+00	0.00e+00
 3.38394e+16	7.43e-04	1.51e-01	7.40e-01	1.07e-01	4.65e-06	0.00e+00	0.00e+00	0.00e+00
 3.38908e+16	8.52e-04	1.66e-01	7.34e-01	9.87e-02	3.98e-06	0.00e+00	0.00e+00	0.00e+00
 3.39332e+16	9.57e-04	1.79e-01	7.28e-01	9.18e-02	3.47e-06	0.00e+00	0.00e+00	0.00e+00
 3.39809e+16	1.09e-03	1.95e-01	7.19e-01	8.40e-02	2.96e-06	0.00e+00	0.00e+00	0.00e+00
 3.40430e+16	1.30e-03	2.19e-01	7.05e-01	7.43e-02	2.38e-06	0.00e+00	0.00e+00	0.00e+00
 3.41056e+16	1.57e-03	2.47e-01	6.87e-01	6.46e-02	1.87e-06	0.00e+00	0.00e+00	0.00e+00
 3.41536e+16	1.82e-03	2.72e-01	6.69e-01	5.74e-02	1.54e-06	0.00e+00	0.00e+00	0.00e+00
 3.41947e+16	2.07e-03	2.95e-01	6.52e-01	5.15e-02	1.28e-06	0.00e+00	0.00e+00	0.00e+00
 3.42419e+16	2.40e-03	3.24e-01	6.29e-01	4.49e-02	1.03e-06	0.00e+00	0.00e+00	0.00e+00
 3.43032e+16	2.93e-03	3.65e-01	5.95e-01	3.69e-02	7.56e-07	0.00e+00	0.00e+00	0.00e+00
 3.43660e+16	3.62e-03	4.15e-01	5.52e-01	2.93e-02	0.00e+00	0.00e+00	0.00e+00	0.00e+00
 3.44144e+16	4.32e-03	4.59e-01	5.13e-01	2.38e-02	0.00e+00	0.00e+00	0.00e+00	0.00e+00
 3.44520e+16	4.97e-03	4.96e-01	4.80e-01	2.00e-02	0.00e+00	0.00e+00	0.00e+00	0.00e+00
 3.44917e+16	5.71e-03	5.35e-01	4.43e-01	1.63e-02	0.00e+00	0.00e+00	0.00e+00	0.00e+00
 3.45434e+16	6.89e-03	5.89e-01	3.92e-01	1.21e-02	0.00e+00	0.00e+00	0.00e+00	0.00e+00
 3.45934e+16	8.35e-03	6.46e-01	3.37e-01	8.59e-03	0.00e+00	0.00e+00	0.00e+00	0.00e+00
 3.46275e+16	9.57e-03	6.87e-01	2.97e-01	6.54e-03	0.00e+00	0.00e+00	0.00e+00	0.00e+00
 3.46526e+16	1.06e-02	7.16e-01	2.68e-01	5.29e-03	0.00e+00	0.00e+00	0.00e+00	0.00e+00
 3.46798e+16	1.18e-02	7.46e-01	2.38e-01	4.12e-03	0.00e+00	0.00e+00	0.00e+00	0.00e+00
 3.47150e+16	1.35e-02	7.83e-01	2.01e-01	2.90e-03	0.00e+00	0.00e+00	0.00e+00	0.00e+00
 3.47510e+16	1.56e-02	8.19e-01	1.63e-01	1.93e-03	0.00e+00	0.00e+00	0.00e+00	0.00e+00
 3.47783e+16	1.76e-02	8.46e-01	1.35e-01	1.35e-03	0.00e+00	0.00e+00	0.00e+00	0.00e+00
 3.47991e+16	1.92e-02	8.63e-01	1.17e-01	1.02e-03	0.00e+00	0.00e+00	0.00e+00	0.00e+00
 3.48178e+16	2.08e-02	8.78e-01	1.01e-01	7.73e-04	0.00e+00	0.00e+00	0.00e+00	0.00e+00
 3.48390e+16	2.28e-02	8.92e-01	8.49e-02	5.58e-04	0.00e+00	0.00e+00	0.00e+00	0.00e+00
 3.48666e+16	2.57e-02	9.07e-01	6.66e-02	3.53e-04	0.00e+00	0.00e+00	0.00e+00	0.00e+00
 3.48941e+16	2.91e-02	9.20e-01	5.06e-02	2.13e-04	0.00e+00	0.00e+00	0.00e+00	0.00e+00
 3.49140e+16	3.20e-02	9.27e-01	4.05e-02	1.43e-04	0.00e+00	0.00e+00	0.00e+00	0.00e+00
 3.49291e+16	3.45e-02	9.31e-01	3.40e-02	1.04e-04	0.00e+00	0.00e+00	0.00e+00	0.00e+00
 3.49452e+16	3.73e-02	9.35e-01	2.80e-02	7.26e-05	0.00e+00	0.00e+00	0.00e+00	0.00e+00
 3.49661e+16	4.13e-02	9.37e-01	2.15e-02	4.48e-05	0.00e+00	0.00e+00	0.00e+00	0.00e+00
 3.49868e+16	4.59e-02	9.38e-01	1.62e-02	2.68e-05	0.00e+00	0.00e+00	0.00e+00	0.00e+00
 3.50018e+16	4.96e-02	9.37e-01	1.30e-02	1.80e-05	0.00e+00	0.00e+00	0.00e+00	0.00e+00
 3.50135e+16	5.27e-02	9.36e-01	1.09e-02	1.30e-05	0.00e+00	0.00e+00	0.00e+00	0.00e+00
 3.50253e+16	5.60e-02	9.35e-01	9.04e-03	9.33e-06	0.00e+00	0.00e+00	0.00e+00	0.00e+00
 3.50381e+16	6.00e-02	9.33e-01	7.35e-03	6.40e-06	0.00e+00	0.00e+00	0.00e+00	0.00e+00
 3.50507e+16	6.42e-02	9.30e-01	5.94e-03	4.35e-06	0.00e+00	0.00e+00	0.00e+00	0.00e+00
 3.50617e+16	6.83e-02	9.27e-01	4.91e-03	3.09e-06	0.00e+00	0.00e+00	0.00e+00	0.00e+00
 3.50710e+16	7.19e-02	9.24e-01	4.16e-03	2.28e-06	0.00e+00	0.00e+00	0.00e+00	0.00e+00
 3.50797e+16	7.54e-02	9.21e-01	3.55e-03	1.71e-06	0.00e+00	0.00e+00	0.00e+00	0.00e+00
 3.50866e+16	7.80e-02	9.19e-01	3.13e-03	1.36e-06	0.00e+00	0.00e+00	0.00e+00	0.00e+00
 3.50913e+16	8.00e-02	9.17e-01	2.87e-03	1.16e-06	0.00e+00	0.00e+00	0.00e+00	0.00e+00
 3.50957e+16	8.21e-02	9.15e-01	2.64e-03	9.97e-07	0.00e+00	0.00e+00	0.00e+00	0.00e+00
 3.51006e+16	8.46e-02	9.13e-01	2.39e-03	0.00e+00	0.00e+00	0.00e+00	0.00e+00	0.00e+00
 3.51060e+16	8.72e-02	9.11e-01	2.15e-03	0.00e+00	0.00e+00	0.00e+00	0.00e+00	0.00e+00
 3.51112e+16	8.98e-02	9.08e-01	1.94e-03	0.00e+00	0.00e+00	0.00e+00	0.00e+00	0.00e+00
 3.51161e+16	9.23e-02	9.06e-01	1.76e-03	0.00e+00	0.00e+00	0.00e+00	0.00e+00	0.00e+00
 3.51209e+16	9.49e-02	9.04e-01	1.60e-03	0.00e+00	0.00e+00	0.00e+00	0.00e+00	0.00e+00
 3.51257e+16	9.78e-02	9.01e-01	1.45e-03	0.00e+00	0.00e+00	0.00e+00	0.00e+00	0.00e+00
 3.51305e+16	1.00e-01	8.98e-01	1.31e-03	0.00e+00	0.00e+00	0.00e+00	0.00e+00	0.00e+00
 3.51352e+16	1.03e-01	8.96e-01	1.18e-03	0.00e+00	0.00e+00	0.00e+00	0.00e+00	0.00e+00
 3.51398e+16	1.06e-01	8.93e-01	1.07e-03	0.00e+00	0.00e+00	0.00e+00	0.00e+00	0.00e+00
 3.51444e+16	1.09e-01	8.90e-01	9.70e-04	0.00e+00	0.00e+00	0.00e+00	0.00e+00	0.00e+00
 3.51489e+16	1.12e-01	8.87e-01	8.78e-04	0.00e+00	0.00e+00	0.00e+00	0.00e+00	0.00e+00
 3.51534e+16	1.15e-01	8.84e-01	7.94e-04	0.00e+00	0.00e+00	0.00e+00	0.00e+00	0.00e+00
 3.51579e+16	1.19e-01	8.80e-01	7.19e-04	0.00e+00	0.00e+00	0.00e+00	0.00e+00	0.00e+00
 3.51622e+16	1.23e-01	8.77e-01	6.50e-04	0.00e+00	0.00e+00	0.00e+00	0.00e+00	0.00e+00
 3.51667e+16	1.26e-01	8.73e-01	5.87e-04	0.00e+00	0.00e+00	0.00e+00	0.00e+00	0.00e+00
 3.51709e+16	1.30e-01	8.70e-01	5.32e-04	0.00e+00	0.00e+00	0.00e+00	0.00e+00	0.00e+00
 3.51751e+16	1.34e-01	8.66e-01	4.81e-04	0.00e+00	0.00e+00	0.00e+00	0.00e+00	0.00e+00
 3.51793e+16	1.38e-01	8.62e-01	4.35e-04	0.00e+00	0.00e+00	0.00e+00	0.00e+00	0.00e+00
 3.51835e+16	1.42e-01	8.57e-01	3.93e-04	0.00e+00	0.00e+00	0.00e+00	0.00e+00	0.00e+00
 3.51876e+16	1.47e-01	8.53e-01	3.55e-04	0.00e+00	0.00e+00	0.00e+00	0.00e+00	0.00e+00
 3.51916e+16	1.52e-01	8.48e-01	3.21e-04	0.00e+00	0.00e+00	0.00e+00	0.00e+00	0.00e+00
 3.51957e+16	1.57e-01	8.43e-01	2.89e-04	0.00e+00	0.00e+00	0.00e+00	0.00e+00	0.00e+00
 3.51997e+16	1.62e-01	8.38e-01	2.61e-04	0.00e+00	0.00e+00	0.00e+00	0.00e+00	0.00e+00
 3.52036e+16	1.68e-01	8.32e-01	2.36e-04	0.00e+00	0.00e+00	0.00e+00	0.00e+00	0.00e+00
 3.52074e+16	1.74e-01	8.26e-01	2.13e-04	0.00e+00	0.00e+00	0.00e+00	0.00e+00	0.00e+00
 3.52112e+16	1.80e-01	8.20e-01	1.92e-04	0.00e+00	0.00e+00	0.00e+00	0.00e+00	0.00e+00
 3.52150e+16	1.87e-01	8.13e-01	1.73e-04	0.00e+00	0.00e+00	0.00e+00	0.00e+00	0.00e+00
 3.52187e+16	1.94e-01	8.06e-01	1.56e-04	0.00e+00	0.00e+00	0.00e+00	0.00e+00	0.00e+00
 3.52223e+16	2.02e-01	7.98e-01	1.41e-04	0.00e+00	0.00e+00	0.00e+00	0.00e+00	0.00e+00
 3.52258e+16	2.10e-01	7.90e-01	1.27e-04	0.00e+00	0.00e+00	0.00e+00	0.00e+00	0.00e+00
 3.52293e+16	2.19e-01	7.81e-01	1.15e-04	0.00e+00	0.00e+00	0.00e+00	0.00e+00	0.00e+00
 3.52327e+16	2.28e-01	7.72e-01	1.04e-04	0.00e+00	0.00e+00	0.00e+00	0.00e+00	0.00e+00
 3.52360e+16	2.38e-01	7.62e-01	9.41e-05	0.00e+00	0.00e+00	0.00e+00	0.00e+00	0.00e+00
 3.52392e+16	2.48e-01	7.52e-01	8.50e-05	0.00e+00	0.00e+00	0.00e+00	0.00e+00	0.00e+00
 3.52425e+16	2.59e-01	7.40e-01	7.67e-05	0.00e+00	0.00e+00	0.00e+00	0.00e+00	0.00e+00
 3.52456e+16	2.70e-01	7.30e-01	6.93e-05	0.00e+00	0.00e+00	0.00e+00	0.00e+00	0.00e+00
 3.52488e+16	2.83e-01	7.17e-01	6.25e-05	0.00e+00	0.00e+00	0.00e+00	0.00e+00	0.00e+00
 3.52519e+16	2.96e-01	7.04e-01	5.63e-05	0.00e+00	0.00e+00	0.00e+00	0.00e+00	0.00e+00
 3.52549e+16	3.10e-01	6.90e-01	5.07e-05	0.00e+00	0.00e+00	0.00e+00	0.00e+00	0.00e+00
 3.52579e+16	3.25e-01	6.75e-01	4.56e-05	0.00e+00	0.00e+00	0.00e+00	0.00e+00	0.00e+00
 3.52608e+16	3.40e-01	6.60e-01	4.10e-05	0.00e+00	0.00e+00	0.00e+00	0.00e+00	0.00e+00
 3.52637e+16	3.59e-01	6.41e-01	3.67e-05	0.00e+00	0.00e+00	0.00e+00	0.00e+00	0.00e+00
 3.52665e+16	3.77e-01	6.23e-01	3.29e-05	0.00e+00	0.00e+00	0.00e+00	0.00e+00	0.00e+00
 3.52693e+16	3.95e-01	6.05e-01	2.95e-05	0.00e+00	0.00e+00	0.00e+00	0.00e+00	0.00e+00
 3.52721e+16	4.15e-01	5.85e-01	2.63e-05	0.00e+00	0.00e+00	0.00e+00	0.00e+00	0.00e+00
