#depth	He	He+	He+2
 1.49634e+10	1.98e-23	2.32e-12	1.00e+00
 4.54887e+10	2.21e-23	2.51e-12	1.00e+00
 7.72350e+10	2.45e-23	2.71e-12	1.00e+00
 1.10251e+11	2.71e-23	2.93e-12	1.00e+00
 1.41671e+11	2.98e-23	3.15e-12	1.00e+00
 1.70370e+11	3.24e-23	3.36e-12	1.00e+00
 2.02822e+11	3.54e-23	3.60e-12	1.00e+00
 2.40551e+11	3.93e-23	3.89e-12	1.00e+00
 2.77815e+11	4.34e-23	4.19e-12	1.00e+00
 3.13423e+11	4.75e-23	4.49e-12	1.00e+00
 3.52740e+11	5.23e-23	4.83e-12	1.00e+00
 3.96776e+11	5.82e-23	5.23e-12	1.00e+00
 4.41317e+11	6.45e-23	5.65e-12	1.00e+00
 4.87639e+11	7.16e-23	6.10e-12	1.00e+00
 5.37071e+11	7.99e-23	6.61e-12	1.00e+00
 5.88481e+11	8.91e-23	7.15e-12	1.00e+00
 6.41947e+11	9.95e-23	7.74e-12	1.00e+00
 6.97552e+11	1.11e-22	8.38e-12	1.00e+00
 7.55380e+11	1.25e-22	9.07e-12	1.00e+00
 8.15522e+11	1.40e-22	9.83e-12	1.00e+00
 8.78070e+11	1.57e-22	1.06e-11	1.00e+00
 9.43120e+11	1.76e-22	1.15e-11	1.00e+00
 1.01077e+12	1.98e-22	1.25e-11	1.00e+00
 1.08113e+12	2.24e-22	1.35e-11	1.00e+00
 1.14999e+12	2.51e-22	1.46e-11	1.00e+00
 1.21373e+12	2.78e-22	1.56e-11	1.00e+00
 1.28432e+12	3.10e-22	1.68e-11	1.00e+00
 1.36562e+12	3.52e-22	1.82e-11	1.00e+00
 1.44557e+12	3.97e-22	1.96e-11	1.00e+00
 1.52872e+12	4.47e-22	2.12e-11	1.00e+00
 1.61980e+12	5.09e-22	2.30e-11	1.00e+00
 1.71226e+12	5.78e-22	2.49e-11	1.00e+00
 1.80842e+12	6.57e-22	2.69e-11	1.00e+00
 1.91068e+12	7.52e-22	2.92e-11	1.00e+00
 2.01703e+12	8.60e-22	3.17e-11	1.00e+00
 2.12764e+12	9.85e-22	3.44e-11	1.00e+00
 2.24267e+12	1.13e-21	3.74e-11	1.00e+00
 2.36231e+12	1.30e-21	4.06e-11	1.00e+00
 2.48673e+12	1.49e-21	4.41e-11	1.00e+00
 2.61612e+12	1.72e-21	4.79e-11	1.00e+00
 2.73796e+12	1.96e-21	5.17e-11	1.00e+00
 2.84716e+12	2.19e-21	5.52e-11	1.00e+00
 2.96983e+12	2.47e-21	5.93e-11	1.00e+00
 3.11491e+12	2.85e-21	6.44e-11	1.00e+00
 3.25993e+12	3.27e-21	6.97e-11	1.00e+00
 3.39638e+12	3.70e-21	7.49e-11	1.00e+00
 3.54780e+12	4.22e-21	8.10e-11	1.00e+00
 3.71964e+12	4.90e-21	8.83e-11	1.00e+00
 3.89120e+12	5.66e-21	9.59e-11	1.00e+00
 4.06962e+12	6.52e-21	1.04e-10	1.00e+00
 4.26233e+12	7.58e-21	1.14e-10	1.00e+00
 4.46276e+12	8.80e-21	1.24e-10	1.00e+00
 4.65190e+12	1.01e-20	1.34e-10	1.00e+00
 4.82222e+12	1.14e-20	1.44e-10	1.00e+00
 5.01394e+12	1.29e-20	1.55e-10	1.00e+00
 5.23971e+12	1.50e-20	1.69e-10	1.00e+00
 5.46518e+12	1.73e-20	1.84e-10	1.00e+00
 5.67798e+12	1.97e-20	1.99e-10	1.00e+00
 5.91334e+12	2.26e-20	2.16e-10	1.00e+00
 6.17980e+12	2.63e-20	2.37e-10	1.00e+00
 6.44237e+12	3.04e-20	2.58e-10	1.00e+00
 6.71544e+12	3.50e-20	2.81e-10	1.00e+00
 7.01399e+12	4.07e-20	3.09e-10	1.00e+00
 7.31463e+12	4.70e-20	3.38e-10	1.00e+00
 7.62729e+12	5.43e-20	3.70e-10	1.00e+00
 7.95119e+12	6.27e-20	4.05e-10	1.00e+00
 8.27015e+12	7.17e-20	4.42e-10	1.00e+00
 8.61299e+12	8.22e-20	4.83e-10	1.00e+00
 8.98744e+12	9.51e-20	5.32e-10	1.00e+00
 9.37686e+12	1.10e-19	5.85e-10	1.00e+00
 9.78186e+12	1.26e-19	6.44e-10	1.00e+00
 1.02031e+13	1.46e-19	7.10e-10	1.00e+00
 1.05843e+13	1.65e-19	7.72e-10	1.00e+00
 1.09025e+13	1.81e-19	8.27e-10	1.00e+00
 1.12512e+13	2.01e-19	8.90e-10	1.00e+00
 1.16922e+13	2.27e-19	9.74e-10	1.00e+00
 1.21519e+13	2.58e-19	1.07e-09	1.00e+00
 1.25447e+13	2.86e-19	1.15e-09	1.00e+00
 1.29520e+13	3.17e-19	1.24e-09	1.00e+00
 1.34608e+13	3.58e-19	1.36e-09	1.00e+00
 1.39767e+13	4.06e-19	1.48e-09	1.00e+00
 1.44245e+13	4.49e-19	1.60e-09	1.00e+00
 1.49085e+13	4.99e-19	1.73e-09	1.00e+00
 1.55007e+13	5.66e-19	1.90e-09	1.00e+00
 1.61045e+13	6.41e-19	2.08e-09	1.00e+00
 1.66554e+13	7.14e-19	2.25e-09	1.00e+00
 1.72666e+13	8.02e-19	2.45e-09	1.00e+00
 1.79793e+13	9.16e-19	2.69e-09	1.00e+00
 1.86858e+13	1.04e-18	2.95e-09	1.00e+00
 1.93601e+13	1.17e-18	3.20e-09	1.00e+00
 2.01039e+13	1.33e-18	3.50e-09	1.00e+00
 2.09380e+13	1.53e-18	3.84e-09	1.00e+00
 2.17753e+13	1.75e-18	4.21e-09	1.00e+00
 2.25250e+13	1.98e-18	4.55e-09	1.00e+00
 2.31911e+13	2.19e-18	4.86e-09	1.00e+00
 2.39465e+13	2.46e-18	5.23e-09	1.00e+00
 2.47868e+13	2.79e-18	5.66e-09	1.00e+00
 2.55749e+13	3.13e-18	6.08e-09	1.00e+00
 2.64370e+13	3.54e-18	6.55e-09	1.00e+00
 2.74033e+13	4.05e-18	7.11e-09	1.00e+00
 2.83211e+13	4.59e-18	7.66e-09	1.00e+00
 2.93299e+13	5.24e-18	8.28e-09	1.00e+00
 3.04592e+13	6.07e-18	9.01e-09	1.00e+00
 3.15308e+13	6.94e-18	9.73e-09	1.00e+00
 3.25196e+13	7.83e-18	1.04e-08	1.00e+00
 3.36148e+13	8.92e-18	1.12e-08	1.00e+00
 3.48443e+13	1.03e-17	1.21e-08	1.00e+00
 3.60087e+13	1.17e-17	1.31e-08	1.00e+00
 3.72827e+13	1.35e-17	1.41e-08	1.00e+00
 3.86919e+13	1.56e-17	1.53e-08	1.00e+00
 3.99992e+13	1.79e-17	1.65e-08	1.00e+00
 4.14211e+13	2.06e-17	1.78e-08	1.00e+00
 4.30126e+13	2.40e-17	1.93e-08	1.00e+00
 4.45157e+13	2.76e-17	2.08e-08	1.00e+00
 4.61506e+13	3.20e-17	2.24e-08	1.00e+00
 4.79733e+13	3.75e-17	2.44e-08	1.00e+00
 4.97069e+13	4.33e-17	2.63e-08	1.00e+00
 5.15631e+13	5.04e-17	2.85e-08	1.00e+00
 5.36556e+13	5.93e-17	3.10e-08	1.00e+00
 5.57273e+13	6.93e-17	3.37e-08	1.00e+00
 5.78819e+13	8.10e-17	3.65e-08	1.00e+00
 6.02271e+13	9.54e-17	3.97e-08	1.00e+00
 6.26661e+13	1.12e-16	4.32e-08	1.00e+00
 6.52027e+13	1.32e-16	4.70e-08	1.00e+00
 6.76947e+13	1.54e-16	5.08e-08	1.00e+00
 7.00188e+13	1.77e-16	5.45e-08	1.00e+00
 7.25820e+13	2.05e-16	5.88e-08	1.00e+00
 7.52090e+13	2.38e-16	6.34e-08	1.00e+00
 7.74099e+13	2.67e-16	6.73e-08	1.00e+00
 7.97370e+13	3.01e-16	7.15e-08	1.00e+00
 8.26883e+13	3.50e-16	7.71e-08	1.00e+00
 8.57709e+13	4.06e-16	8.32e-08	1.00e+00
 8.85148e+13	4.61e-16	8.88e-08	1.00e+00
 9.14987e+13	5.28e-16	9.50e-08	1.00e+00
 9.48178e+13	6.10e-16	1.02e-07	1.00e+00
 9.79100e+13	6.95e-16	1.09e-07	1.00e+00
 1.01267e+14	7.96e-16	1.17e-07	1.00e+00
 1.05015e+14	9.22e-16	1.26e-07	1.00e+00
 1.08528e+14	1.05e-15	1.35e-07	1.00e+00
 1.12354e+14	1.21e-15	1.44e-07	1.00e+00
 1.16625e+14	1.41e-15	1.56e-07	1.00e+00
 1.20636e+14	1.61e-15	1.67e-07	1.00e+00
 1.25004e+14	1.86e-15	1.79e-07	1.00e+00
 1.29893e+14	2.17e-15	1.94e-07	1.00e+00
 1.34528e+14	2.49e-15	2.08e-07	1.00e+00
 1.39489e+14	2.88e-15	2.23e-07	1.00e+00
 1.45098e+14	3.37e-15	2.42e-07	1.00e+00
 1.50623e+14	3.91e-15	2.61e-07	1.00e+00
 1.56369e+14	4.53e-15	2.81e-07	1.00e+00
 1.62654e+14	5.31e-15	3.04e-07	1.00e+00
 1.69049e+14	6.19e-15	3.29e-07	1.00e+00
 1.75700e+14	7.21e-15	3.55e-07	1.00e+00
 1.82352e+14	8.36e-15	3.83e-07	1.00e+00
 1.88656e+14	9.57e-15	4.10e-07	1.00e+00
 1.95618e+14	1.11e-14	4.41e-07	1.00e+00
 2.02587e+14	1.27e-14	4.73e-07	1.00e+00
 2.08378e+14	1.42e-14	5.00e-07	1.00e+00
 2.14521e+14	1.60e-14	5.31e-07	1.00e+00
 2.22368e+14	1.84e-14	5.71e-07	1.00e+00
 2.30605e+14	2.13e-14	6.15e-07	1.00e+00
 2.37893e+14	2.41e-14	6.54e-07	1.00e+00
 2.45772e+14	2.75e-14	6.99e-07	1.00e+00
 2.55246e+14	3.20e-14	7.55e-07	1.00e+00
 2.64855e+14	3.71e-14	8.14e-07	1.00e+00
 2.73866e+14	4.24e-14	8.73e-07	1.00e+00
 2.83869e+14	4.90e-14	9.40e-07	1.00e+00
 2.94458e+14	5.68e-14	1.01e-06	1.00e+00
 3.03868e+14	6.45e-14	1.08e-06	1.00e+00
 3.13994e+14	7.36e-14	1.16e-06	1.00e+00
 3.26126e+14	8.57e-14	1.25e-06	1.00e+00
 3.38073e+14	9.90e-14	1.35e-06	1.00e+00
 3.48723e+14	1.12e-13	1.44e-06	1.00e+00
 3.60482e+14	1.28e-13	1.54e-06	1.00e+00
 3.74486e+14	1.49e-13	1.67e-06	1.00e+00
 3.88370e+14	1.73e-13	1.80e-06	1.00e+00
 4.01064e+14	1.96e-13	1.92e-06	1.00e+00
 4.15248e+14	2.26e-13	2.07e-06	1.00e+00
 4.31745e+14	2.64e-13	2.24e-06	1.00e+00
 4.47948e+14	3.05e-13	2.42e-06	1.00e+00
 4.63286e+14	3.49e-13	2.59e-06	1.00e+00
 4.80335e+14	4.02e-13	2.79e-06	1.00e+00
 4.99578e+14	4.69e-13	3.03e-06	1.00e+00
 5.17835e+14	5.40e-13	3.26e-06	1.00e+00
 5.34468e+14	6.11e-13	3.48e-06	1.00e+00
 5.53298e+14	6.99e-13	3.74e-06	1.00e+00
 5.75235e+14	8.13e-13	4.05e-06	1.00e+00
 5.96258e+14	9.34e-13	4.36e-06	1.00e+00
 6.13651e+14	1.04e-12	4.62e-06	1.00e+00
 6.31275e+14	1.16e-12	4.90e-06	1.00e+00
 6.54076e+14	1.33e-12	5.26e-06	1.00e+00
 6.77668e+14	1.53e-12	5.66e-06	1.00e+00
 6.97628e+14	1.70e-12	6.00e-06	1.00e+00
 7.18806e+14	1.91e-12	6.38e-06	1.00e+00
 7.45407e+14	2.19e-12	6.88e-06	1.00e+00
 7.72819e+14	2.51e-12	7.40e-06	1.00e+00
 7.96878e+14	2.82e-12	7.88e-06	1.00e+00
 8.22814e+14	3.18e-12	8.41e-06	1.00e+00
 8.54238e+14	3.66e-12	9.08e-06	1.00e+00
 8.85458e+14	4.18e-12	9.76e-06	1.00e+00
 9.13084e+14	4.69e-12	1.04e-05	1.00e+00
 9.43375e+14	5.29e-12	1.11e-05	1.00e+00
 9.79721e+14	6.09e-12	1.20e-05	1.00e+00
 1.01591e+15	6.96e-12	1.29e-05	1.00e+00
 1.04869e+15	7.82e-12	1.38e-05	1.00e+00
 1.08507e+15	8.89e-12	1.48e-05	1.00e+00
 1.12777e+15	1.02e-11	1.60e-05	1.00e+00
 1.16989e+15	1.18e-11	1.73e-05	1.00e+00
 1.20929e+15	1.33e-11	1.85e-05	1.00e+00
 1.25329e+15	1.52e-11	1.99e-05	1.00e+00
 1.30345e+15	1.76e-11	2.16e-05	1.00e+00
 1.35333e+15	2.03e-11	2.34e-05	1.00e+00
 1.40520e+15	2.34e-11	2.53e-05	1.00e+00
 1.45987e+15	2.71e-11	2.75e-05	1.00e+00
 1.50592e+15	3.04e-11	2.93e-05	1.00e+00
 1.54188e+15	3.34e-11	3.08e-05	1.00e+00
 1.58100e+15	3.68e-11	3.25e-05	1.00e+00
 1.63185e+15	4.16e-11	3.48e-05	1.00e+00
 1.68689e+15	4.74e-11	3.74e-05	1.00e+00
 1.73646e+15	5.31e-11	3.99e-05	1.00e+00
 1.78996e+15	5.99e-11	4.26e-05	1.00e+00
 1.85661e+15	6.93e-11	4.62e-05	1.00e+00
 1.92374e+15	7.99e-11	4.99e-05	1.00e+00
 1.98180e+15	9.01e-11	5.33e-05	1.00e+00
 2.04473e+15	1.02e-10	5.71e-05	1.00e+00
 2.12192e+15	1.19e-10	6.20e-05	1.00e+00
 2.19997e+15	1.38e-10	6.72e-05	1.00e+00
 2.26936e+15	1.57e-10	7.21e-05	1.00e+00
 2.34518e+15	1.80e-10	7.76e-05	1.00e+00
 2.43581e+15	2.11e-10	8.45e-05	1.00e+00
 2.52544e+15	2.46e-10	9.16e-05	1.00e+00
 2.60631e+15	2.81e-10	9.84e-05	1.00e+00
 2.69606e+15	3.24e-10	1.06e-04	1.00e+00
 2.80174e+15	3.82e-10	1.16e-04	1.00e+00
 2.90603e+15	4.46e-10	1.26e-04	1.00e+00
 3.00293e+15	5.14e-10	1.35e-04	1.00e+00
 3.11151e+15	5.98e-10	1.47e-04	1.00e+00
 3.23600e+15	7.08e-10	1.60e-04	1.00e+00
 3.35859e+15	8.32e-10	1.75e-04	1.00e+00
 3.48608e+15	9.77e-10	1.90e-04	1.00e+00
 3.60216e+15	1.13e-09	2.04e-04	1.00e+00
 3.68883e+15	1.25e-09	2.16e-04	1.00e+00
 3.77842e+15	1.38e-09	2.28e-04	1.00e+00
 3.89489e+15	1.58e-09	2.44e-04	1.00e+00
 4.02101e+15	1.81e-09	2.62e-04	1.00e+00
 4.13486e+15	2.04e-09	2.79e-04	1.00e+00
 4.25804e+15	2.32e-09	2.98e-04	1.00e+00
 4.41424e+15	2.71e-09	3.23e-04	1.00e+00
 4.57146e+15	3.15e-09	3.49e-04	1.00e+00
 4.70367e+15	3.57e-09	3.72e-04	1.00e+00
 4.84523e+15	4.05e-09	3.97e-04	1.00e+00
 5.02376e+15	4.74e-09	4.30e-04	1.00e+00
 5.21082e+15	5.55e-09	4.67e-04	1.00e+00
 5.37915e+15	6.36e-09	5.00e-04	9.99e-01
 5.56266e+15	7.34e-09	5.39e-04	9.99e-01
 5.77973e+15	8.65e-09	5.86e-04	9.99e-01
 5.99208e+15	1.01e-08	6.34e-04	9.99e-01
 6.18506e+15	1.15e-08	6.79e-04	9.99e-01
 6.40122e+15	1.33e-08	7.32e-04	9.99e-01
 6.65388e+15	1.57e-08	7.97e-04	9.99e-01
 6.90175e+15	1.83e-08	8.62e-04	9.99e-01
 7.13388e+15	2.10e-08	9.26e-04	9.99e-01
 7.33706e+15	2.36e-08	9.82e-04	9.99e-01
 7.50801e+15	2.61e-08	1.03e-03	9.99e-01
 7.69779e+15	2.90e-08	1.09e-03	9.99e-01
 7.94450e+15	3.30e-08	1.17e-03	9.99e-01
 8.20236e+15	3.77e-08	1.25e-03	9.99e-01
 8.41980e+15	4.20e-08	1.32e-03	9.99e-01
 8.64756e+15	4.70e-08	1.40e-03	9.99e-01
 8.94364e+15	5.42e-08	1.50e-03	9.98e-01
 9.24924e+15	6.23e-08	1.61e-03	9.98e-01
 9.50484e+15	6.97e-08	1.71e-03	9.98e-01
 9.77477e+15	7.83e-08	1.81e-03	9.98e-01
 1.01257e+16	9.08e-08	1.95e-03	9.98e-01
 1.04911e+16	1.05e-07	2.10e-03	9.98e-01
 1.08005e+16	1.18e-07	2.24e-03	9.98e-01
 1.11276e+16	1.34e-07	2.39e-03	9.98e-01
 1.15387e+16	1.56e-07	2.58e-03	9.97e-01
 1.19522e+16	1.79e-07	2.78e-03	9.97e-01
 1.22986e+16	2.01e-07	2.95e-03	9.97e-01
 1.26649e+16	2.27e-07	3.15e-03	9.97e-01
 1.31293e+16	2.64e-07	3.41e-03	9.97e-01
 1.35999e+16	3.05e-07	3.68e-03	9.96e-01
 1.39861e+16	3.41e-07	3.91e-03	9.96e-01
 1.43154e+16	3.74e-07	4.11e-03	9.96e-01
 1.46748e+16	4.16e-07	4.36e-03	9.96e-01
 1.50691e+16	4.64e-07	4.63e-03	9.95e-01
 1.54384e+16	5.13e-07	4.89e-03	9.95e-01
 1.58482e+16	5.76e-07	5.22e-03	9.95e-01
 1.62859e+16	6.44e-07	5.57e-03	9.94e-01
 1.66841e+16	7.14e-07	5.91e-03	9.94e-01
 1.71261e+16	8.05e-07	6.34e-03	9.94e-01
 1.76013e+16	9.07e-07	6.81e-03	9.93e-01
 1.80347e+16	1.01e-06	7.27e-03	9.93e-01
 1.84366e+16	1.12e-06	7.74e-03	9.92e-01
 1.88828e+16	1.26e-06	8.33e-03	9.92e-01
 1.93575e+16	1.42e-06	8.99e-03	9.91e-01
 1.97700e+16	1.58e-06	9.61e-03	9.90e-01
 2.01503e+16	1.74e-06	1.03e-02	9.90e-01
 2.05876e+16	1.97e-06	1.11e-02	9.89e-01
 2.10580e+16	2.24e-06	1.21e-02	9.88e-01
 2.14483e+16	2.49e-06	1.30e-02	9.87e-01
 2.17704e+16	2.73e-06	1.39e-02	9.86e-01
 2.21269e+16	3.05e-06	1.50e-02	9.85e-01
 2.25208e+16	3.47e-06	1.64e-02	9.84e-01
 2.28727e+16	3.88e-06	1.78e-02	9.82e-01
 2.31809e+16	4.30e-06	1.92e-02	9.81e-01
 2.35228e+16	4.88e-06	2.10e-02	9.79e-01
 2.38867e+16	5.61e-06	2.32e-02	9.77e-01
 2.41939e+16	6.33e-06	2.54e-02	9.75e-01
 2.44589e+16	7.06e-06	2.77e-02	9.72e-01
 2.47543e+16	8.01e-06	3.06e-02	9.69e-01
 2.50711e+16	9.31e-06	3.43e-02	9.66e-01
 2.53398e+16	1.08e-05	3.82e-02	9.62e-01
 2.55581e+16	1.22e-05	4.19e-02	9.58e-01
 2.57869e+16	1.40e-05	4.66e-02	9.53e-01
 2.60352e+16	1.61e-05	5.25e-02	9.47e-01
 2.62553e+16	1.90e-05	5.91e-02	9.41e-01
 2.64388e+16	2.14e-05	6.57e-02	9.34e-01
 2.66286e+16	2.49e-05	7.40e-02	9.26e-01
 2.68308e+16	2.94e-05	8.46e-02	9.15e-01
 2.70003e+16	3.44e-05	9.58e-02	9.04e-01
 2.71396e+16	3.95e-05	1.07e-01	8.93e-01
 2.72687e+16	4.52e-05	1.19e-01	8.81e-01
 2.74168e+16	5.39e-05	1.36e-01	8.64e-01
 2.75638e+16	6.39e-05	1.56e-01	8.44e-01
 2.76780e+16	7.32e-05	1.76e-01	8.24e-01
 2.77793e+16	8.45e-05	1.96e-01	8.04e-01
 2.78611e+16	9.36e-05	2.14e-01	7.86e-01
 2.79336e+16	1.05e-04	2.33e-01	7.67e-01
 2.80081e+16	1.16e-04	2.54e-01	7.46e-01
 2.80752e+16	1.28e-04	2.76e-01	7.24e-01
 2.81523e+16	1.45e-04	3.03e-01	6.97e-01
 2.82331e+16	1.65e-04	3.35e-01	6.65e-01
 2.82971e+16	1.81e-04	3.62e-01	6.37e-01
 2.83584e+16	2.00e-04	3.91e-01	6.09e-01
 2.84246e+16	2.21e-04	4.24e-01	5.76e-01
 2.84873e+16	2.44e-04	4.57e-01	5.43e-01
 2.85588e+16	2.72e-04	4.97e-01	5.03e-01
 2.86358e+16	3.03e-04	5.40e-01	4.60e-01
 2.87057e+16	3.34e-04	5.81e-01	4.19e-01
 2.87823e+16	3.70e-04	6.25e-01	3.75e-01
 2.88673e+16	4.09e-04	6.71e-01	3.28e-01
 2.89492e+16	4.47e-04	7.14e-01	2.86e-01
 2.90418e+16	4.90e-04	7.58e-01	2.41e-01
 2.91622e+16	5.43e-04	8.08e-01	1.92e-01
 2.92926e+16	5.95e-04	8.51e-01	1.49e-01
 2.94359e+16	6.49e-04	8.87e-01	1.12e-01
 2.96222e+16	7.09e-04	9.21e-01	7.79e-02
 2.98644e+16	7.79e-04	9.49e-01	4.97e-02
 3.01311e+16	8.49e-04	9.67e-01	3.18e-02
 3.03865e+16	9.17e-04	9.78e-01	2.14e-02
 3.06753e+16	9.97e-04	9.85e-01	1.42e-02
 3.09828e+16	1.09e-03	9.89e-01	9.57e-03
 3.11907e+16	1.17e-03	9.91e-01	7.62e-03
 3.12946e+16	1.21e-03	9.92e-01	6.82e-03
 3.13874e+16	1.25e-03	9.93e-01	6.12e-03
 3.15079e+16	1.30e-03	9.93e-01	5.35e-03
 3.16646e+16	1.37e-03	9.94e-01	4.51e-03
 3.18283e+16	1.46e-03	9.95e-01	3.83e-03
 3.19607e+16	1.54e-03	9.95e-01	3.38e-03
 3.20715e+16	1.61e-03	9.95e-01	3.04e-03
 3.21946e+16	1.69e-03	9.96e-01	2.70e-03
 3.23320e+16	1.80e-03	9.96e-01	2.38e-03
 3.24437e+16	1.89e-03	9.96e-01	2.17e-03
 3.25212e+16	1.97e-03	9.96e-01	2.03e-03
 3.25983e+16	2.04e-03	9.96e-01	1.89e-03
 3.26985e+16	2.15e-03	9.96e-01	1.73e-03
 3.28011e+16	2.27e-03	9.96e-01	1.59e-03
 3.28812e+16	2.38e-03	9.96e-01	1.49e-03
 3.29470e+16	2.47e-03	9.96e-01	1.41e-03
 3.30197e+16	2.58e-03	9.96e-01	1.33e-03
 3.31142e+16	2.73e-03	9.96e-01	1.23e-03
 3.32067e+16	2.91e-03	9.96e-01	1.14e-03
 3.32729e+16	3.04e-03	9.96e-01	1.09e-03
 3.33262e+16	3.16e-03	9.96e-01	1.04e-03
 3.33861e+16	3.30e-03	9.96e-01	9.92e-04
 3.34639e+16	3.50e-03	9.96e-01	9.32e-04
 3.35418e+16	3.73e-03	9.95e-01	8.80e-04
 3.36002e+16	3.91e-03	9.95e-01	8.44e-04
 3.36478e+16	4.08e-03	9.95e-01	8.14e-04
 3.37011e+16	4.28e-03	9.95e-01	7.80e-04
 3.37704e+16	4.56e-03	9.95e-01	7.39e-04
 3.38394e+16	4.89e-03	9.94e-01	7.03e-04
 3.38908e+16	5.16e-03	9.94e-01	6.78e-04
 3.39332e+16	5.40e-03	9.94e-01	6.57e-04
 3.39809e+16	5.70e-03	9.94e-01	6.34e-04
 3.40430e+16	6.12e-03	9.93e-01	6.04e-04
 3.41056e+16	6.63e-03	9.93e-01	5.78e-04
 3.41536e+16	7.08e-03	9.92e-01	5.58e-04
 3.41947e+16	7.49e-03	9.92e-01	5.43e-04
 3.42419e+16	8.02e-03	9.91e-01	5.23e-04
 3.43032e+16	8.81e-03	9.91e-01	5.00e-04
 3.43660e+16	9.79e-03	9.90e-01	4.78e-04
 3.44144e+16	1.07e-02	9.89e-01	4.62e-04
 3.44520e+16	1.16e-02	9.88e-01	4.50e-04
 3.44917e+16	1.25e-02	9.87e-01	4.37e-04
 3.45434e+16	1.40e-02	9.86e-01	4.21e-04
 3.45934e+16	1.59e-02	9.84e-01	4.07e-04
 3.46275e+16	1.75e-02	9.82e-01	3.97e-04
 3.46526e+16	1.88e-02	9.81e-01	3.91e-04
 3.46798e+16	2.04e-02	9.79e-01	3.83e-04
 3.47150e+16	2.27e-02	9.77e-01	3.74e-04
 3.47510e+16	2.58e-02	9.74e-01	3.66e-04
 3.47783e+16	2.87e-02	9.71e-01	3.59e-04
 3.47991e+16	3.12e-02	9.68e-01	3.56e-04
 3.48178e+16	3.38e-02	9.66e-01	3.52e-04
 3.48390e+16	3.70e-02	9.63e-01	3.48e-04
 3.48666e+16	4.20e-02	9.58e-01	3.44e-04
 3.48941e+16	4.84e-02	9.51e-01	3.41e-04
 3.49140e+16	5.42e-02	9.45e-01	3.39e-04
 3.49291e+16	5.90e-02	9.41e-01	3.39e-04
 3.49452e+16	6.50e-02	9.35e-01	3.39e-04
 3.49661e+16	7.38e-02	9.26e-01	3.39e-04
 3.49868e+16	8.46e-02	9.15e-01	3.42e-04
 3.50018e+16	9.43e-02	9.05e-01	3.44e-04
 3.50135e+16	1.02e-01	8.97e-01	3.47e-04
 3.50253e+16	1.12e-01	8.88e-01	3.50e-04
 3.50381e+16	1.23e-01	8.77e-01	3.54e-04
 3.50507e+16	1.36e-01	8.64e-01	3.59e-04
 3.50617e+16	1.48e-01	8.52e-01	3.64e-04
 3.50710e+16	1.60e-01	8.40e-01	3.69e-04
 3.50797e+16	1.71e-01	8.28e-01	3.74e-04
 3.50866e+16	1.81e-01	8.18e-01	3.78e-04
 3.50913e+16	1.89e-01	8.11e-01	3.81e-04
 3.50957e+16	1.96e-01	8.04e-01	3.84e-04
 3.51006e+16	2.04e-01	7.95e-01	3.86e-04
 3.51060e+16	2.14e-01	7.86e-01	3.90e-04
 3.51112e+16	2.23e-01	7.76e-01	3.94e-04
 3.51161e+16	2.33e-01	7.67e-01	3.97e-04
 3.51209e+16	2.42e-01	7.57e-01	4.01e-04
 3.51257e+16	2.53e-01	7.47e-01	4.04e-04
 3.51305e+16	2.64e-01	7.36e-01	4.07e-04
 3.51352e+16	2.74e-01	7.25e-01	4.11e-04
 3.51398e+16	2.85e-01	7.14e-01	4.15e-04
 3.51444e+16	2.97e-01	7.03e-01	4.17e-04
 3.51489e+16	3.08e-01	6.91e-01	4.21e-04
 3.51534e+16	3.21e-01	6.79e-01	4.24e-04
 3.51579e+16	3.33e-01	6.67e-01	4.28e-04
 3.51622e+16	3.46e-01	6.54e-01	4.31e-04
 3.51667e+16	3.59e-01	6.41e-01	4.34e-04
 3.51709e+16	3.72e-01	6.28e-01	4.37e-04
 3.51751e+16	3.85e-01	6.15e-01	4.40e-04
 3.51793e+16	3.99e-01	6.01e-01	4.41e-04
 3.51835e+16	4.12e-01	5.87e-01	4.45e-04
 3.51876e+16	4.26e-01	5.73e-01	4.46e-04
 3.51916e+16	4.40e-01	5.60e-01	4.49e-04
 3.51957e+16	4.54e-01	5.45e-01	4.50e-04
 3.51997e+16	4.69e-01	5.31e-01	4.51e-04
 3.52036e+16	4.83e-01	5.17e-01	4.53e-04
 3.52074e+16	4.97e-01	5.02e-01	4.54e-04
 3.52112e+16	5.11e-01	4.88e-01	4.55e-04
 3.52150e+16	5.26e-01	4.74e-01	4.55e-04
 3.52187e+16	5.40e-01	4.60e-01	4.55e-04
 3.52223e+16	5.54e-01	4.46e-01	4.55e-04
 3.52258e+16	5.67e-01	4.32e-01	4.54e-04
 3.52293e+16	5.80e-01	4.19e-01	4.55e-04
 3.52327e+16	5.93e-01	4.06e-01	4.54e-04
 3.52360e+16	6.06e-01	3.93e-01	4.53e-04
 3.52392e+16	6.19e-01	3.81e-01	4.51e-04
 3.52425e+16	6.31e-01	3.68e-01	4.50e-04
 3.52456e+16	6.43e-01	3.56e-01	4.47e-04
 3.52488e+16	6.55e-01	3.44e-01	4.45e-04
 3.52519e+16	6.67e-01	3.33e-01	4.42e-04
 3.52549e+16	6.78e-01	3.21e-01	4.39e-04
 3.52579e+16	6.89e-01	3.10e-01	4.36e-04
 3.52608e+16	7.00e-01	3.00e-01	4.33e-04
 3.52637e+16	7.10e-01	2.89e-01	4.30e-04
 3.52665e+16	7.20e-01	2.79e-01	4.26e-04
 3.52693e+16	7.30e-01	2.70e-01	4.23e-04
 3.52721e+16	7.40e-01	2.60e-01	4.19e-04
 3.52749e+16	7.49e-01	2.51e-01	4.14e-04
 3.52776e+16	7.58e-01	2.42e-01	4.10e-04
 3.52803e+16	7.67e-01	2.33e-01	4.06e-04
 3.52830e+16	7.75e-01	2.24e-01	4.01e-04
 3.52856e+16	7.83e-01	2.16e-01	3.96e-04
 3.52882e+16	7.91e-01	2.08e-01	3.91e-04
 3.52909e+16	7.99e-01	2.00e-01	3.86e-04
 3.52934e+16	8.07e-01	1.93e-01	3.81e-04
 3.52956e+16	8.13e-01	1.87e-01	3.76e-04
 3.52972e+16	8.17e-01	1.82e-01	3.72e-04
 3.52987e+16	8.21e-01	1.78e-01	3.68e-04
 3.53003e+16	8.26e-01	1.74e-01	3.64e-04
 3.53019e+16	8.30e-01	1.69e-01	3.60e-04
 3.53035e+16	8.34e-01	1.65e-01	3.56e-04
 3.53050e+16	8.38e-01	1.62e-01	3.52e-04
 3.53065e+16	8.42e-01	1.58e-01	3.48e-04
 3.53080e+16	8.46e-01	1.54e-01	3.44e-04
 3.53094e+16	8.49e-01	1.50e-01	3.40e-04
 3.53108e+16	8.53e-01	1.47e-01	3.36e-04
 3.53122e+16	8.56e-01	1.44e-01	3.33e-04
 3.53136e+16	8.59e-01	1.41e-01	3.29e-04
 3.53150e+16	8.62e-01	1.37e-01	3.25e-04
 3.53164e+16	8.65e-01	1.34e-01	3.21e-04
 3.53178e+16	8.68e-01	1.31e-01	3.17e-04
 3.53191e+16	8.71e-01	1.28e-01	3.13e-04
 3.53206e+16	8.74e-01	1.25e-01	3.09e-04
 3.53220e+16	8.78e-01	1.22e-01	3.04e-04
 3.53235e+16	8.81e-01	1.19e-01	3.00e-04
 3.53251e+16	8.84e-01	1.16e-01	2.96e-04
 3.53268e+16	8.87e-01	1.13e-01	2.90e-04
 3.53288e+16	8.91e-01	1.09e-01	2.85e-04
 3.53309e+16	8.95e-01	1.05e-01	2.78e-04
 3.53332e+16	8.99e-01	1.01e-01	2.72e-04
 3.53353e+16	9.03e-01	9.72e-02	2.65e-04
 3.53374e+16	9.06e-01	9.37e-02	2.58e-04
 3.53393e+16	9.09e-01	9.06e-02	2.52e-04
 3.53412e+16	9.12e-01	8.75e-02	2.46e-04
 3.53431e+16	9.15e-01	8.46e-02	2.39e-04
 3.53449e+16	9.18e-01	8.20e-02	2.34e-04
 3.53465e+16	9.20e-01	7.96e-02	2.28e-04
 3.53480e+16	9.22e-01	7.74e-02	2.23e-04
 3.53493e+16	9.24e-01	7.56e-02	2.19e-04
 3.53506e+16	9.26e-01	7.39e-02	2.14e-04
 3.53517e+16	9.27e-01	7.24e-02	2.11e-04
 3.53527e+16	9.29e-01	7.10e-02	2.07e-04
 3.53538e+16	9.30e-01	6.95e-02	2.03e-04
 3.53550e+16	9.32e-01	6.80e-02	1.99e-04
 3.53561e+16	9.33e-01	6.66e-02	1.96e-04
 3.53571e+16	9.34e-01	6.53e-02	1.92e-04
 3.53580e+16	9.36e-01	6.42e-02	1.89e-04
 3.53590e+16	9.37e-01	6.30e-02	1.86e-04
 3.53601e+16	9.38e-01	6.18e-02	1.82e-04
 3.53610e+16	9.39e-01	6.06e-02	1.79e-04
 3.53619e+16	9.40e-01	5.96e-02	1.76e-04
 3.53627e+16	9.41e-01	5.87e-02	1.73e-04
 3.53636e+16	9.42e-01	5.77e-02	1.70e-04
 3.53646e+16	9.43e-01	5.67e-02	1.67e-04
 3.53654e+16	9.44e-01	5.57e-02	1.65e-04
 3.53662e+16	9.45e-01	5.49e-02	1.62e-04
 3.53671e+16	9.46e-01	5.39e-02	1.59e-04
 3.53680e+16	9.47e-01	5.30e-02	1.56e-04
 3.53689e+16	9.48e-01	5.21e-02	1.54e-04
 3.53696e+16	9.49e-01	5.13e-02	1.51e-04
 3.53705e+16	9.49e-01	5.05e-02	1.48e-04
 3.53714e+16	9.50e-01	4.96e-02	1.46e-04
 3.53722e+16	9.51e-01	4.88e-02	1.43e-04
 3.53730e+16	9.52e-01	4.81e-02	1.41e-04
 3.53737e+16	9.52e-01	4.75e-02	1.39e-04
 3.53744e+16	9.53e-01	4.67e-02	1.37e-04
 3.53753e+16	9.54e-01	4.60e-02	1.34e-04
 3.53760e+16	9.55e-01	4.53e-02	1.32e-04
 3.53767e+16	9.55e-01	4.48e-02	1.30e-04
 3.53774e+16	9.56e-01	4.41e-02	1.28e-04
 3.53782e+16	9.56e-01	4.34e-02	1.26e-04
 3.53789e+16	9.57e-01	4.28e-02	1.24e-04
 3.53797e+16	9.58e-01	4.21e-02	1.22e-04
 3.53806e+16	9.58e-01	4.15e-02	1.20e-04
 3.53814e+16	9.59e-01	4.09e-02	1.18e-04
 3.53821e+16	9.60e-01	4.03e-02	1.16e-04
 3.53829e+16	9.60e-01	3.97e-02	1.14e-04
 3.53837e+16	9.61e-01	3.91e-02	1.12e-04
 3.53845e+16	9.61e-01	3.86e-02	1.10e-04
 3.53853e+16	9.62e-01	3.79e-02	1.08e-04
 3.53862e+16	9.63e-01	3.73e-02	1.06e-04
 3.53871e+16	9.63e-01	3.68e-02	1.04e-04
 3.53878e+16	9.64e-01	3.63e-02	1.03e-04
 3.53886e+16	9.64e-01	3.57e-02	1.01e-04
 3.53895e+16	9.65e-01	3.52e-02	9.94e-05
 3.53903e+16	9.65e-01	3.47e-02	9.79e-05
 3.53912e+16	9.66e-01	3.42e-02	9.61e-05
 3.53924e+16	9.66e-01	3.35e-02	9.41e-05
 3.53936e+16	9.67e-01	3.29e-02	9.21e-05
 3.53948e+16	9.68e-01	3.23e-02	9.03e-05
 3.53958e+16	9.68e-01	3.18e-02	8.87e-05
 3.53969e+16	9.69e-01	3.12e-02	8.69e-05
 3.53981e+16	9.69e-01	3.06e-02	8.52e-05
 3.53992e+16	9.70e-01	3.01e-02	8.37e-05
 3.54002e+16	9.70e-01	2.97e-02	8.23e-05
 3.54014e+16	9.71e-01	2.92e-02	8.07e-05
 3.54025e+16	9.71e-01	2.87e-02	7.92e-05
 3.54036e+16	9.72e-01	2.83e-02	7.80e-05
 3.54048e+16	9.72e-01	2.78e-02	7.64e-05
 3.54061e+16	9.73e-01	2.74e-02	7.50e-05
 3.54073e+16	9.73e-01	2.70e-02	7.38e-05
 3.54086e+16	9.73e-01	2.65e-02	7.24e-05
 3.54102e+16	9.74e-01	2.60e-02	7.07e-05
 3.54120e+16	9.75e-01	2.54e-02	6.91e-05
 3.54137e+16	9.75e-01	2.50e-02	6.77e-05
 3.54152e+16	9.75e-01	2.46e-02	6.65e-05
 3.54168e+16	9.76e-01	2.41e-02	6.51e-05
 3.54185e+16	9.76e-01	2.37e-02	6.38e-05
 3.54202e+16	9.77e-01	2.33e-02	6.27e-05
 3.54219e+16	9.77e-01	2.29e-02	6.14e-05
 3.54242e+16	9.78e-01	2.24e-02	5.99e-05
 3.54267e+16	9.78e-01	2.19e-02	5.86e-05
 3.54289e+16	9.78e-01	2.16e-02	5.74e-05
 3.54309e+16	9.79e-01	2.12e-02	5.64e-05
 3.54332e+16	9.79e-01	2.08e-02	5.52e-05
 3.54361e+16	9.80e-01	2.04e-02	5.39e-05
 3.54392e+16	9.80e-01	2.00e-02	5.27e-05
 3.54421e+16	9.80e-01	1.97e-02	5.17e-05
 3.54452e+16	9.81e-01	1.93e-02	5.06e-05
 3.54493e+16	9.81e-01	1.89e-02	4.93e-05
 3.54537e+16	9.81e-01	1.85e-02	4.82e-05
 3.54577e+16	9.82e-01	1.82e-02	4.73e-05
 3.54621e+16	9.82e-01	1.79e-02	4.62e-05
 3.54678e+16	9.82e-01	1.75e-02	4.51e-05
 3.54739e+16	9.83e-01	1.72e-02	4.42e-05
 3.54795e+16	9.83e-01	1.70e-02	4.34e-05
 3.54857e+16	9.83e-01	1.67e-02	4.25e-05
 3.54936e+16	9.83e-01	1.65e-02	4.16e-05
 3.55040e+16	9.84e-01	1.62e-02	4.07e-05
 3.55152e+16	9.84e-01	1.60e-02	3.98e-05
 3.55275e+16	9.84e-01	1.57e-02	3.89e-05
 3.55434e+16	9.84e-01	1.55e-02	3.79e-05
 3.55641e+16	9.85e-01	1.52e-02	3.67e-05
 3.55865e+16	9.85e-01	1.49e-02	3.56e-05
 3.56110e+16	9.85e-01	1.47e-02	3.44e-05
 3.56429e+16	9.86e-01	1.44e-02	3.30e-05
 3.56773e+16	9.86e-01	1.40e-02	3.16e-05
 3.57086e+16	9.86e-01	1.38e-02	3.05e-05
 3.57429e+16	9.86e-01	1.35e-02	2.92e-05
 3.57800e+16	9.87e-01	1.32e-02	2.79e-05
 3.58137e+16	9.87e-01	1.29e-02	2.68e-05
 3.58444e+16	9.87e-01	1.27e-02	2.59e-05
 3.58780e+16	9.88e-01	1.24e-02	2.48e-05
 3.59143e+16	9.88e-01	1.22e-02	2.38e-05
 3.59473e+16	9.88e-01	1.19e-02	2.30e-05
 3.59835e+16	9.88e-01	1.17e-02	2.20e-05
 3.60225e+16	9.89e-01	1.14e-02	2.10e-05
 3.60581e+16	9.89e-01	1.12e-02	2.02e-05
 3.60970e+16	9.89e-01	1.09e-02	1.93e-05
 3.61391e+16	9.89e-01	1.07e-02	1.85e-05
 3.61774e+16	9.90e-01	1.05e-02	1.77e-05
 3.62193e+16	9.90e-01	1.02e-02	1.69e-05
 3.62646e+16	9.90e-01	9.97e-03	1.61e-05
 3.63058e+16	9.90e-01	9.76e-03	1.54e-05
 3.63509e+16	9.90e-01	9.51e-03	1.47e-05
 3.63997e+16	9.91e-01	9.27e-03	1.39e-05
 3.64440e+16	9.91e-01	9.07e-03	1.33e-05
 3.64926e+16	9.91e-01	8.83e-03	1.26e-05
 3.65451e+16	9.91e-01	8.60e-03	1.20e-05
 3.65928e+16	9.92e-01	8.39e-03	1.14e-05
 3.66452e+16	9.92e-01	8.17e-03	1.08e-05
 3.67016e+16	9.92e-01	7.94e-03	1.03e-05
 3.67530e+16	9.92e-01	7.74e-03	9.76e-06
 3.68094e+16	9.92e-01	7.52e-03	9.21e-06
 3.68702e+16	9.93e-01	7.31e-03	8.70e-06
 3.69255e+16	9.93e-01	7.12e-03	8.26e-06
 3.69861e+16	9.93e-01	6.91e-03	7.78e-06
 3.70650e+16	9.93e-01	6.64e-03	7.20e-06
 3.71559e+16	9.94e-01	6.36e-03	6.61e-06
 3.72491e+16	9.94e-01	6.09e-03	6.08e-06
 3.73447e+16	9.94e-01	5.83e-03	5.57e-06
 3.74443e+16	9.94e-01	5.58e-03	5.10e-06
 3.75480e+16	9.95e-01	5.33e-03	4.65e-06
 3.76555e+16	9.95e-01	5.08e-03	4.24e-06
 3.77660e+16	9.95e-01	4.85e-03	3.86e-06
 3.78784e+16	9.95e-01	4.62e-03	3.51e-06
 3.79926e+16	9.96e-01	4.40e-03	3.19e-06
 3.81092e+16	9.96e-01	4.20e-03	2.90e-06
 3.82282e+16	9.96e-01	4.00e-03	2.63e-06
 3.83495e+16	9.96e-01	3.81e-03	2.39e-06
 3.84731e+16	9.96e-01	3.62e-03	2.17e-06
 3.85991e+16	9.97e-01	3.45e-03	1.96e-06
 3.87274e+16	9.97e-01	3.28e-03	1.78e-06
 3.88582e+16	9.97e-01	3.12e-03	1.61e-06
 3.89896e+16	9.97e-01	2.97e-03	1.46e-06
 3.91229e+16	9.97e-01	2.83e-03	1.32e-06
 3.92614e+16	9.97e-01	2.68e-03	1.19e-06
 3.94033e+16	9.97e-01	2.55e-03	1.07e-06
 3.95477e+16	9.98e-01	2.42e-03	9.68e-07
 3.96946e+16	9.98e-01	2.29e-03	8.71e-07
 3.98443e+16	9.98e-01	2.17e-03	7.83e-07
 3.99971e+16	9.98e-01	2.06e-03	7.03e-07
 4.01531e+16	9.98e-01	1.95e-03	6.31e-07
 4.03123e+16	9.98e-01	1.85e-03	5.65e-07
 4.04749e+16	9.98e-01	1.75e-03	5.05e-07
 4.06410e+16	9.98e-01	1.65e-03	4.51e-07
 4.08108e+16	9.98e-01	1.56e-03	4.03e-07
 4.09844e+16	9.99e-01	1.47e-03	3.59e-07
 4.11618e+16	9.99e-01	1.39e-03	3.19e-07
 4.13433e+16	9.99e-01	1.31e-03	2.83e-07
 4.15292e+16	9.99e-01	1.23e-03	2.51e-07
 4.17196e+16	9.99e-01	1.16e-03	2.22e-07
 4.19147e+16	9.99e-01	1.09e-03	1.96e-07
 4.21147e+16	9.99e-01	1.02e-03	1.72e-07
 4.23200e+16	9.99e-01	9.62e-04	1.52e-07
 4.25310e+16	9.99e-01	9.02e-04	1.33e-07
 4.27479e+16	9.99e-01	8.44e-04	1.16e-07
 4.29711e+16	9.99e-01	7.89e-04	1.01e-07
 4.32011e+16	9.99e-01	7.37e-04	8.81e-08
 4.34348e+16	9.99e-01	6.88e-04	7.65e-08
 4.36739e+16	9.99e-01	6.41e-04	6.63e-08
 4.39255e+16	9.99e-01	5.96e-04	5.70e-08
 4.41894e+16	9.99e-01	5.52e-04	4.87e-08
 4.44627e+16	9.99e-01	5.10e-04	4.14e-08
 4.47458e+16	1.00e+00	4.71e-04	3.51e-08
 4.50408e+16	1.00e+00	4.33e-04	2.95e-08
 4.53496e+16	1.00e+00	3.97e-04	2.47e-08
 4.56741e+16	1.00e+00	3.63e-04	2.05e-08
 4.60151e+16	1.00e+00	3.30e-04	1.68e-08
 4.63740e+16	1.00e+00	2.99e-04	1.37e-08
 4.67563e+16	1.00e+00	2.70e-04	1.10e-08
 4.71645e+16	1.00e+00	2.42e-04	8.78e-09
 4.75989e+16	1.00e+00	2.15e-04	6.88e-09
 4.80655e+16	1.00e+00	1.89e-04	5.30e-09
 4.85724e+16	1.00e+00	1.65e-04	3.99e-09
 4.91284e+16	1.00e+00	1.42e-04	2.92e-09
 4.97651e+16	1.00e+00	1.20e-04	2.05e-09
 5.04658e+16	1.00e+00	9.96e-05	1.40e-09
 5.12130e+16	1.00e+00	8.14e-05	9.32e-10
 5.20944e+16	1.00e+00	6.39e-05	5.71e-10
 5.31303e+16	1.00e+00	4.83e-05	3.26e-10
 5.42264e+16	1.00e+00	3.61e-05	1.82e-10
 5.53280e+16	1.00e+00	2.69e-05	1.02e-10
 5.64506e+16	1.00e+00	2.00e-05	5.71e-11
 5.76232e+16	1.00e+00	1.48e-05	3.13e-11
 5.88620e+16	1.00e+00	1.07e-05	1.68e-11
 6.01705e+16	1.00e+00	7.71e-06	8.81e-12
 6.15579e+16	1.00e+00	5.47e-06	4.51e-12
 6.30428e+16	1.00e+00	3.82e-06	2.24e-12
 6.45948e+16	1.00e+00	2.65e-06	1.10e-12
 6.61608e+16	1.00e+00	1.86e-06	5.48e-13
 6.77269e+16	1.00e+00	1.31e-06	2.77e-13
 6.92930e+16	1.00e+00	9.34e-07	1.43e-13
 7.08591e+16	1.00e+00	6.71e-07	7.49e-14
 7.24252e+16	1.00e+00	4.86e-07	3.99e-14
 7.39912e+16	1.00e+00	3.55e-07	2.16e-14
 7.55572e+16	1.00e+00	2.62e-07	1.18e-14
 7.71233e+16	1.00e+00	1.94e-07	6.59e-15
 7.86894e+16	1.00e+00	1.45e-07	3.72e-15
 8.04903e+16	1.00e+00	1.04e-07	1.92e-15
 8.25569e+16	1.00e+00	7.23e-08	9.38e-16
 8.46541e+16	1.00e+00	5.06e-08	4.64e-16
 8.68798e+16	1.00e+00	3.49e-08	2.22e-16
 8.92923e+16	1.00e+00	2.37e-08	1.03e-16
 9.17629e+16	1.00e+00	1.61e-08	4.84e-17
 9.42335e+16	1.00e+00	1.11e-08	2.32e-17
 9.68100e+16	1.00e+00	7.63e-09	1.10e-17
 9.95316e+16	1.00e+00	5.19e-09	5.11e-18
 1.02333e+17	1.00e+00	3.54e-09	2.38e-18
 1.05175e+17	1.00e+00	2.42e-09	1.12e-18
 1.08017e+17	1.00e+00	1.68e-09	5.41e-19
 1.10859e+17	1.00e+00	1.18e-09	2.66e-19
 1.13700e+17	1.00e+00	8.30e-10	1.33e-19
 1.16542e+17	1.00e+00	5.92e-10	6.78e-20
 1.19384e+17	1.00e+00	4.25e-10	3.51e-20
 1.22227e+17	1.00e+00	3.08e-10	1.85e-20
 1.25069e+17	1.00e+00	2.25e-10	9.85e-21
 1.27911e+17	1.00e+00	1.65e-10	0.00e+00
 1.30753e+17	1.00e+00	1.22e-10	0.00e+00
 1.33596e+17	1.00e+00	9.12e-11	0.00e+00
 1.36582e+17	1.00e+00	6.73e-11	0.00e+00
 1.39712e+17	1.00e+00	4.95e-11	0.00e+00
 1.42842e+17	1.00e+00	3.67e-11	0.00e+00
 1.45972e+17	1.00e+00	2.75e-11	0.00e+00
 1.49501e+17	1.00e+00	1.99e-11	0.00e+00
 1.53430e+17	1.00e+00	1.42e-11	0.00e+00
 1.57512e+17	1.00e+00	1.02e-11	0.00e+00
 1.61810e+17	1.00e+00	7.30e-12	0.00e+00
 1.66212e+17	1.00e+00	5.34e-12	0.00e+00
 1.70676e+17	1.00e+00	4.00e-12	0.00e+00
 1.75249e+17	1.00e+00	3.08e-12	0.00e+00
 1.79910e+17	1.00e+00	2.44e-12	0.00e+00
 1.84570e+17	1.00e+00	2.01e-12	0.00e+00
 1.89390e+17	1.00e+00	1.71e-12	0.00e+00
 1.94443e+17	1.00e+00	1.48e-12	0.00e+00
 1.99570e+17	1.00e+00	1.31e-12	0.00e+00
 2.04643e+17	1.00e+00	1.21e-12	0.00e+00
 2.09605e+17	1.00e+00	1.15e-12	0.00e+00
 2.14458e+17	1.00e+00	1.11e-12	0.00e+00
 2.19196e+17	1.00e+00	1.09e-12	0.00e+00
 2.23798e+17	1.00e+00	1.08e-12	0.00e+00
 2.28244e+17	1.00e+00	1.07e-12	0.00e+00
 2.32515e+17	1.00e+00	1.07e-12	0.00e+00
 2.36596e+17	1.00e+00	1.08e-12	0.00e+00
 2.40485e+17	1.00e+00	1.09e-12	0.00e+00
 2.44184e+17	1.00e+00	1.10e-12	0.00e+00
 2.47698e+17	1.00e+00	1.12e-12	0.00e+00
 2.51032e+17	1.00e+00	1.13e-12	0.00e+00
 2.54189e+17	1.00e+00	1.14e-12	0.00e+00
 2.57175e+17	1.00e+00	1.16e-12	0.00e+00
 2.59995e+17	1.00e+00	1.17e-12	0.00e+00
 2.62658e+17	1.00e+00	1.19e-12	0.00e+00
 2.65173e+17	1.00e+00	1.20e-12	0.00e+00
 2.67550e+17	1.00e+00	1.21e-12	0.00e+00
 2.69794e+17	1.00e+00	1.22e-12	0.00e+00
 2.71914e+17	1.00e+00	1.24e-12	0.00e+00
 2.73917e+17	1.00e+00	1.25e-12	0.00e+00
 2.75810e+17	1.00e+00	1.26e-12	0.00e+00
 2.77600e+17	1.00e+00	1.27e-12	0.00e+00
 2.79292e+17	1.00e+00	1.28e-12	0.00e+00
 2.80894e+17	1.00e+00	1.29e-12	0.00e+00
 2.82409e+17	1.00e+00	1.29e-12	0.00e+00
 2.83844e+17	1.00e+00	1.30e-12	0.00e+00
 2.85203e+17	1.00e+00	1.31e-12	0.00e+00
 2.86492e+17	1.00e+00	1.32e-12	0.00e+00
 2.87713e+17	1.00e+00	1.32e-12	0.00e+00
 2.88872e+17	1.00e+00	1.33e-12	0.00e+00
 2.89972e+17	1.00e+00	1.33e-12	0.00e+00
 2.91016e+17	1.00e+00	1.34e-12	0.00e+00
 2.92007e+17	1.00e+00	1.34e-12	0.00e+00
 2.92950e+17	1.00e+00	1.35e-12	0.00e+00
 2.93847e+17	1.00e+00	1.35e-12	0.00e+00
 2.94700e+17	1.00e+00	1.36e-12	0.00e+00
 2.95512e+17	1.00e+00	1.36e-12	0.00e+00
 2.96286e+17	1.00e+00	1.37e-12	0.00e+00
 2.97024e+17	1.00e+00	1.37e-12	0.00e+00
 2.97727e+17	1.00e+00	1.37e-12	0.00e+00
 2.98399e+17	1.00e+00	1.38e-12	0.00e+00
 2.99041e+17	1.00e+00	1.38e-12	0.00e+00
 2.99655e+17	1.00e+00	1.38e-12	0.00e+00
 3.00243e+17	1.00e+00	1.38e-12	0.00e+00
 3.00807e+17	1.00e+00	1.39e-12	0.00e+00
 3.01347e+17	1.00e+00	1.39e-12	0.00e+00
 3.01866e+17	1.00e+00	1.39e-12	0.00e+00
 3.02366e+17	1.00e+00	1.39e-12	0.00e+00
 3.02847e+17	1.00e+00	1.39e-12	0.00e+00
 3.03312e+17	1.00e+00	1.40e-12	0.00e+00
 3.03761e+17	1.00e+00	1.40e-12	0.00e+00
 3.04196e+17	1.00e+00	1.40e-12	0.00e+00
 3.04619e+17	1.00e+00	1.40e-12	0.00e+00
 3.05030e+17	1.00e+00	1.40e-12	0.00e+00
 3.05432e+17	1.00e+00	1.40e-12	0.00e+00
 3.05825e+17	1.00e+00	1.40e-12	0.00e+00
 3.06212e+17	1.00e+00	1.41e-12	0.00e+00
 3.06593e+17	1.00e+00	1.41e-12	0.00e+00
 3.06970e+17	1.00e+00	1.41e-12	0.00e+00
 3.07346e+17	1.00e+00	1.41e-12	0.00e+00
 3.07723e+17	1.00e+00	1.41e-12	0.00e+00
 3.08101e+17	1.00e+00	1.41e-12	0.00e+00
 3.08486e+17	1.00e+00	1.41e-12	0.00e+00
 3.08878e+17	1.00e+00	1.41e-12	0.00e+00
 3.09282e+17	1.00e+00	1.41e-12	0.00e+00
 3.09704e+17	1.00e+00	1.41e-12	0.00e+00
 3.10147e+17	1.00e+00	1.41e-12	0.00e+00
 3.10620e+17	1.00e+00	1.41e-12	0.00e+00
 3.11131e+17	1.00e+00	1.41e-12	0.00e+00
 3.11695e+17	1.00e+00	1.41e-12	0.00e+00
 3.12327e+17	1.00e+00	1.40e-12	0.00e+00
 3.13052e+17	1.00e+00	1.40e-12	0.00e+00
 3.13905e+17	1.00e+00	1.39e-12	0.00e+00
 3.14938e+17	1.00e+00	1.38e-12	0.00e+00
 3.16229e+17	1.00e+00	1.37e-12	0.00e+00
 3.17891e+17	1.00e+00	1.34e-12	0.00e+00
 3.20050e+17	1.00e+00	1.30e-12	0.00e+00
 3.22858e+17	1.00e+00	1.24e-12	0.00e+00
 3.26508e+17	1.00e+00	1.15e-12	0.00e+00
 3.31253e+17	1.00e+00	1.04e-12	0.00e+00
 3.37421e+17	1.00e+00	8.99e-13	0.00e+00
 3.45440e+17	1.00e+00	7.37e-13	0.00e+00
 3.55865e+17	1.00e+00	5.63e-13	0.00e+00
 3.68992e+17	1.00e+00	3.89e-13	0.00e+00
 3.83752e+17	1.00e+00	2.63e-13	0.00e+00
 3.99102e+17	1.00e+00	2.30e-13	0.00e+00
 4.15066e+17	1.00e+00	2.05e-13	0.00e+00
 4.31669e+17	1.00e+00	1.81e-13	0.00e+00
 4.48936e+17	1.00e+00	1.58e-13	0.00e+00
 4.66893e+17	1.00e+00	1.37e-13	0.00e+00
 4.85569e+17	1.00e+00	1.18e-13	0.00e+00
 5.04992e+17	1.00e+00	9.99e-14	0.00e+00
 5.25191e+17	1.00e+00	8.35e-14	0.00e+00
 5.45210e+17	1.00e+00	6.87e-14	0.00e+00
 5.63401e+17	1.00e+00	7.34e-14	0.00e+00
 5.79357e+17	1.00e+00	9.39e-14	0.00e+00
 5.93872e+17	1.00e+00	1.11e-13	0.00e+00
 6.07789e+17	1.00e+00	1.15e-13	0.00e+00
 6.21264e+17	1.00e+00	1.08e-13	0.00e+00
 6.33726e+17	1.00e+00	1.04e-13	0.00e+00
 6.44621e+17	1.00e+00	1.09e-13	0.00e+00
 6.53948e+17	1.00e+00	1.18e-13	0.00e+00
 6.62170e+17	1.00e+00	1.24e-13	0.00e+00
 6.69076e+17	1.00e+00	1.22e-13	0.00e+00
 6.73821e+17	1.00e+00	1.29e-13	0.00e+00
 6.76518e+17	1.00e+00	1.42e-13	0.00e+00
 6.78032e+17	1.00e+00	1.50e-13	0.00e+00
 6.78941e+17	1.00e+00	1.56e-13	0.00e+00
 6.79487e+17	1.00e+00	1.58e-13	0.00e+00
 6.79880e+17	1.00e+00	1.60e-13	0.00e+00
 6.80310e+17	1.00e+00	1.62e-13	0.00e+00
 6.80845e+17	1.00e+00	1.63e-13	0.00e+00
 6.81398e+17	1.00e+00	1.64e-13	0.00e+00
 6.81852e+17	1.00e+00	1.65e-13	0.00e+00
 6.82214e+17	1.00e+00	1.65e-13	0.00e+00
 6.82543e+17	1.00e+00	1.65e-13	0.00e+00
 6.82874e+17	1.00e+00	1.65e-13	0.00e+00
 6.83219e+17	1.00e+00	1.66e-13	0.00e+00
 6.83564e+17	1.00e+00	1.65e-13	0.00e+00
 6.83860e+17	1.00e+00	1.65e-13	0.00e+00
 6.84104e+17	1.00e+00	1.65e-13	0.00e+00
 6.84341e+17	1.00e+00	1.65e-13	0.00e+00
 6.84606e+17	1.00e+00	1.65e-13	0.00e+00
 6.84883e+17	1.00e+00	1.64e-13	0.00e+00
 6.85133e+17	1.00e+00	1.64e-13	0.00e+00
 6.85345e+17	1.00e+00	1.64e-13	0.00e+00
 6.85546e+17	1.00e+00	1.63e-13	0.00e+00
 6.85755e+17	1.00e+00	1.63e-13	0.00e+00
 6.85959e+17	1.00e+00	1.63e-13	0.00e+00
 6.86159e+17	1.00e+00	1.62e-13	0.00e+00
 6.86354e+17	1.00e+00	1.62e-13	0.00e+00
 6.86536e+17	1.00e+00	1.61e-13	0.00e+00
 6.86709e+17	1.00e+00	1.61e-13	0.00e+00
 6.86888e+17	1.00e+00	1.60e-13	0.00e+00
 6.87074e+17	1.00e+00	1.60e-13	0.00e+00
 6.87254e+17	1.00e+00	1.59e-13	0.00e+00
 6.87424e+17	1.00e+00	1.59e-13	0.00e+00
 6.87596e+17	1.00e+00	1.58e-13	0.00e+00
 6.87771e+17	1.00e+00	1.58e-13	0.00e+00
 6.87940e+17	1.00e+00	1.57e-13	0.00e+00
 6.88104e+17	1.00e+00	1.57e-13	0.00e+00
 6.88277e+17	1.00e+00	1.56e-13	0.00e+00
 6.88457e+17	1.00e+00	1.55e-13	0.00e+00
 6.88634e+17	1.00e+00	1.55e-13	0.00e+00
 6.88805e+17	1.00e+00	1.54e-13	0.00e+00
 6.88977e+17	1.00e+00	1.53e-13	0.00e+00
 6.89162e+17	1.00e+00	1.53e-13	0.00e+00
 6.89363e+17	1.00e+00	1.52e-13	0.00e+00
 6.89550e+17	1.00e+00	1.51e-13	0.00e+00
 6.89722e+17	1.00e+00	1.50e-13	0.00e+00
 6.89914e+17	1.00e+00	1.50e-13	0.00e+00
 6.90145e+17	1.00e+00	1.49e-13	0.00e+00
 6.90379e+17	1.00e+00	1.47e-13	0.00e+00
 6.90586e+17	1.00e+00	1.46e-13	0.00e+00
 6.90773e+17	1.00e+00	1.45e-13	0.00e+00
 6.90968e+17	1.00e+00	1.45e-13	0.00e+00
 6.91196e+17	1.00e+00	1.44e-13	0.00e+00
 6.91440e+17	1.00e+00	1.42e-13	0.00e+00
 6.91678e+17	1.00e+00	1.41e-13	0.00e+00
 6.91915e+17	1.00e+00	1.40e-13	0.00e+00
 6.92164e+17	1.00e+00	1.39e-13	0.00e+00
 6.92412e+17	1.00e+00	1.37e-13	0.00e+00
 6.92667e+17	1.00e+00	1.36e-13	0.00e+00
 6.92939e+17	1.00e+00	1.35e-13	0.00e+00
 6.93222e+17	1.00e+00	1.33e-13	0.00e+00
 6.93500e+17	1.00e+00	1.32e-13	0.00e+00
 6.93779e+17	1.00e+00	1.30e-13	0.00e+00
 6.94077e+17	1.00e+00	1.29e-13	0.00e+00
 6.94391e+17	1.00e+00	1.27e-13	0.00e+00
 6.94705e+17	1.00e+00	1.25e-13	0.00e+00
 6.95022e+17	1.00e+00	1.24e-13	0.00e+00
 6.95355e+17	1.00e+00	1.22e-13	0.00e+00
 6.95702e+17	1.00e+00	1.20e-13	0.00e+00
 6.96049e+17	1.00e+00	1.18e-13	0.00e+00
 6.96401e+17	1.00e+00	1.16e-13	0.00e+00
 6.96774e+17	1.00e+00	1.14e-13	0.00e+00
 6.97160e+17	1.00e+00	1.12e-13	0.00e+00
 6.97545e+17	1.00e+00	1.10e-13	0.00e+00
 6.97948e+17	1.00e+00	1.08e-13	0.00e+00
 6.98369e+17	1.00e+00	1.05e-13	0.00e+00
 6.98784e+17	1.00e+00	1.03e-13	0.00e+00
 6.99200e+17	1.00e+00	1.01e-13	0.00e+00
 6.99643e+17	1.00e+00	9.84e-14	0.00e+00
 7.00110e+17	1.00e+00	9.59e-14	0.00e+00
 7.00583e+17	1.00e+00	9.33e-14	0.00e+00
 7.01047e+17	1.00e+00	9.08e-14	0.00e+00
 7.01503e+17	1.00e+00	8.84e-14	0.00e+00
 7.01985e+17	1.00e+00	8.60e-14	0.00e+00
 7.02510e+17	1.00e+00	8.33e-14	0.00e+00
 7.03052e+17	1.00e+00	8.05e-14	0.00e+00
 7.03580e+17	1.00e+00	7.78e-14	0.00e+00
 7.04098e+17	1.00e+00	7.53e-14	0.00e+00
 7.04632e+17	1.00e+00	7.27e-14	0.00e+00
 7.05198e+17	1.00e+00	7.00e-14	0.00e+00
 7.05785e+17	1.00e+00	6.72e-14	0.00e+00
 7.06380e+17	1.00e+00	6.45e-14	0.00e+00
 7.06972e+17	1.00e+00	6.17e-14	0.00e+00
 7.07554e+17	1.00e+00	5.91e-14	0.00e+00
 7.08140e+17	1.00e+00	5.65e-14	0.00e+00
 7.08755e+17	1.00e+00	5.40e-14	0.00e+00
 7.09398e+17	1.00e+00	5.14e-14	0.00e+00
 7.10071e+17	1.00e+00	4.87e-14	0.00e+00
 7.10745e+17	1.00e+00	4.60e-14	0.00e+00
 7.11409e+17	1.00e+00	4.35e-14	0.00e+00
 7.12086e+17	1.00e+00	4.10e-14	0.00e+00
 7.12771e+17	1.00e+00	3.86e-14	0.00e+00
 7.13480e+17	1.00e+00	3.63e-14	0.00e+00
 7.14235e+17	1.00e+00	3.39e-14	0.00e+00
 7.15029e+17	1.00e+00	3.14e-14	0.00e+00
 7.15821e+17	1.00e+00	2.90e-14	0.00e+00
 7.16581e+17	1.00e+00	2.68e-14	0.00e+00
 7.17272e+17	1.00e+00	2.49e-14	0.00e+00
 7.17877e+17	1.00e+00	2.33e-14	0.00e+00
 7.18416e+17	1.00e+00	2.19e-14	0.00e+00
 7.18922e+17	1.00e+00	2.08e-14	0.00e+00
 7.19415e+17	1.00e+00	1.97e-14	0.00e+00
 7.19890e+17	1.00e+00	1.86e-14	0.00e+00
 7.20338e+17	1.00e+00	1.77e-14	0.00e+00
 7.20756e+17	1.00e+00	1.68e-14	0.00e+00
 7.21152e+17	1.00e+00	1.61e-14	0.00e+00
 7.21534e+17	1.00e+00	1.54e-14	0.00e+00
 7.21904e+17	1.00e+00	1.47e-14	0.00e+00
 7.22260e+17	1.00e+00	1.41e-14	0.00e+00
 7.22600e+17	1.00e+00	1.35e-14	0.00e+00
 7.22927e+17	1.00e+00	1.30e-14	0.00e+00
 7.23242e+17	1.00e+00	1.25e-14	0.00e+00
 7.23548e+17	1.00e+00	1.20e-14	0.00e+00
 7.23844e+17	1.00e+00	1.15e-14	0.00e+00
 7.24130e+17	1.00e+00	1.11e-14	0.00e+00
 7.24407e+17	1.00e+00	1.07e-14	0.00e+00
 7.24674e+17	1.00e+00	1.03e-14	0.00e+00
 7.24934e+17	1.00e+00	9.95e-15	0.00e+00
 7.25188e+17	1.00e+00	9.60e-15	0.00e+00
 7.25434e+17	1.00e+00	9.26e-15	0.00e+00
 7.25672e+17	1.00e+00	8.95e-15	0.00e+00
 7.25903e+17	1.00e+00	8.65e-15	0.00e+00
 7.26129e+17	1.00e+00	8.37e-15	0.00e+00
 7.26350e+17	1.00e+00	8.09e-15	0.00e+00
 7.26566e+17	1.00e+00	7.83e-15	0.00e+00
