#depth	He	He+	He+2
 1.49634e+10	7.32e-20	4.50e-10	1.00e+00
 4.54887e+10	8.54e-20	4.96e-10	1.00e+00
 7.72350e+10	9.87e-20	5.45e-10	1.00e+00
 1.10251e+11	1.14e-19	6.00e-10	1.00e+00
 1.44588e+11	1.31e-19	6.61e-10	1.00e+00
 1.80298e+11	1.51e-19	7.28e-10	1.00e+00
 2.12655e+11	1.71e-19	7.93e-10	1.00e+00
 2.39712e+11	1.88e-19	8.49e-10	1.00e+00
 2.69396e+11	2.08e-19	9.14e-10	1.00e+00
 3.06860e+11	2.36e-19	1.00e-09	1.00e+00
 3.45871e+11	2.68e-19	1.10e-09	1.00e+00
 3.79277e+11	2.97e-19	1.18e-09	1.00e+00
 4.13962e+11	3.28e-19	1.27e-09	1.00e+00
 4.57202e+11	3.72e-19	1.40e-09	1.00e+00
 5.01013e+11	4.21e-19	1.53e-09	1.00e+00
 5.39138e+11	4.66e-19	1.65e-09	1.00e+00
 5.80419e+11	5.18e-19	1.78e-09	1.00e+00
 6.30790e+11	5.88e-19	1.95e-09	1.00e+00
 6.82097e+11	6.65e-19	2.14e-09	1.00e+00
 7.29061e+11	7.42e-19	2.32e-09	1.00e+00
 7.81262e+11	8.34e-19	2.53e-09	1.00e+00
 8.41946e+11	9.54e-19	2.78e-09	1.00e+00
 9.01949e+11	1.08e-18	3.04e-09	1.00e+00
 9.59325e+11	1.22e-18	3.31e-09	1.00e+00
 1.02260e+12	1.39e-18	3.61e-09	1.00e+00
 1.09343e+12	1.60e-18	3.97e-09	1.00e+00
 1.16468e+12	1.83e-18	4.34e-09	1.00e+00
 1.22861e+12	2.07e-18	4.70e-09	1.00e+00
 1.28282e+12	2.28e-18	5.00e-09	1.00e+00
 1.34127e+12	2.54e-18	5.35e-09	1.00e+00
 1.41676e+12	2.90e-18	5.82e-09	1.00e+00
 1.49548e+12	3.32e-18	6.33e-09	1.00e+00
 1.56312e+12	3.73e-18	6.77e-09	1.00e+00
 1.63527e+12	4.20e-18	7.28e-09	1.00e+00
 1.72454e+12	4.84e-18	7.92e-09	1.00e+00
 1.81612e+12	5.59e-18	8.62e-09	1.00e+00
 1.89881e+12	6.34e-18	9.26e-09	1.00e+00
 1.98988e+12	7.26e-18	1.00e-08	1.00e+00
 2.08906e+12	8.38e-18	1.09e-08	1.00e+00
 2.17892e+12	9.50e-18	1.16e-08	1.00e+00
 2.27590e+12	1.08e-17	1.25e-08	1.00e+00
 2.38500e+12	1.25e-17	1.36e-08	1.00e+00
 2.48883e+12	1.43e-17	1.46e-08	1.00e+00
 2.60274e+12	1.65e-17	1.58e-08	1.00e+00
 2.72849e+12	1.92e-17	1.71e-08	1.00e+00
 2.84500e+12	2.20e-17	1.84e-08	1.00e+00
 2.97184e+12	2.54e-17	1.99e-08	1.00e+00
 3.11415e+12	2.97e-17	2.16e-08	1.00e+00
 3.24925e+12	3.42e-17	2.33e-08	1.00e+00
 3.39496e+12	3.97e-17	2.52e-08	1.00e+00
 3.55699e+12	4.66e-17	2.74e-08	1.00e+00
 3.71345e+12	5.41e-17	2.96e-08	1.00e+00
 3.87986e+12	6.30e-17	3.20e-08	1.00e+00
 4.06499e+12	7.42e-17	3.49e-08	1.00e+00
 4.25109e+12	8.69e-17	3.79e-08	1.00e+00
 4.44464e+12	1.02e-16	4.11e-08	1.00e+00
 4.65235e+12	1.20e-16	4.47e-08	1.00e+00
 4.86837e+12	1.41e-16	4.86e-08	1.00e+00
 5.07427e+12	1.64e-16	5.24e-08	1.00e+00
 5.26234e+12	1.87e-16	5.61e-08	1.00e+00
 5.43976e+12	2.11e-16	5.97e-08	1.00e+00
 5.63551e+12	2.40e-16	6.37e-08	1.00e+00
 5.85497e+12	2.76e-16	6.84e-08	1.00e+00
 6.06265e+12	3.13e-16	7.30e-08	1.00e+00
 6.29004e+12	3.58e-16	7.82e-08	1.00e+00
 6.54496e+12	4.15e-16	8.42e-08	1.00e+00
 6.78139e+12	4.73e-16	9.00e-08	1.00e+00
 7.00054e+12	5.32e-16	9.55e-08	1.00e+00
 7.25150e+12	6.06e-16	1.02e-07	1.00e+00
 7.55618e+12	7.06e-16	1.10e-07	1.00e+00
 7.85736e+12	8.16e-16	1.19e-07	1.00e+00
 8.12117e+12	9.22e-16	1.26e-07	1.00e+00
 8.40974e+12	1.05e-15	1.35e-07	1.00e+00
 8.75926e+12	1.22e-15	1.45e-07	1.00e+00
 9.11012e+12	1.42e-15	1.57e-07	1.00e+00
 9.42724e+12	1.61e-15	1.67e-07	1.00e+00
 9.77841e+12	1.84e-15	1.79e-07	1.00e+00
 1.01914e+13	2.15e-15	1.93e-07	1.00e+00
 1.05994e+13	2.50e-15	2.08e-07	1.00e+00
 1.09811e+13	2.85e-15	2.23e-07	1.00e+00
 1.14075e+13	3.29e-15	2.39e-07	1.00e+00
 1.18938e+13	3.85e-15	2.59e-07	1.00e+00
 1.23766e+13	4.47e-15	2.80e-07	1.00e+00
 1.28788e+13	5.20e-15	3.02e-07	1.00e+00
 1.34239e+13	6.08e-15	3.26e-07	1.00e+00
 1.39908e+13	7.12e-15	3.53e-07	1.00e+00
 1.45395e+13	8.24e-15	3.80e-07	1.00e+00
 1.50552e+13	9.41e-15	4.07e-07	1.00e+00
 1.56324e+13	1.09e-14	4.37e-07	1.00e+00
 1.62142e+13	1.25e-14	4.69e-07	1.00e+00
 1.66970e+13	1.40e-14	4.97e-07	1.00e+00
 1.72079e+13	1.57e-14	5.27e-07	1.00e+00
 1.78616e+13	1.81e-14	5.67e-07	1.00e+00
 1.85474e+13	2.09e-14	6.10e-07	1.00e+00
 1.91537e+13	2.37e-14	6.50e-07	1.00e+00
 1.98101e+13	2.70e-14	6.94e-07	1.00e+00
 2.05997e+13	3.14e-14	7.50e-07	1.00e+00
 2.13996e+13	3.64e-14	8.09e-07	1.00e+00
 2.21482e+13	4.16e-14	8.65e-07	1.00e+00
 2.29807e+13	4.80e-14	9.31e-07	1.00e+00
 2.38636e+13	5.56e-14	1.00e-06	1.00e+00
 2.46483e+13	6.31e-14	1.07e-06	1.00e+00
 2.54926e+13	7.20e-14	1.15e-06	1.00e+00
 2.65041e+13	8.39e-14	1.24e-06	1.00e+00
 2.74996e+13	9.69e-14	1.34e-06	1.00e+00
 2.83862e+13	1.10e-13	1.42e-06	1.00e+00
 2.93648e+13	1.25e-13	1.52e-06	1.00e+00
 3.05313e+13	1.46e-13	1.65e-06	1.00e+00
 3.16898e+13	1.69e-13	1.78e-06	1.00e+00
 3.27497e+13	1.92e-13	1.90e-06	1.00e+00
 3.39339e+13	2.21e-13	2.04e-06	1.00e+00
 3.53102e+13	2.58e-13	2.21e-06	1.00e+00
 3.66609e+13	2.98e-13	2.39e-06	1.00e+00
 3.79389e+13	3.41e-13	2.56e-06	1.00e+00
 3.93597e+13	3.93e-13	2.76e-06	1.00e+00
 4.09640e+13	4.59e-13	2.99e-06	1.00e+00
 4.24865e+13	5.28e-13	3.22e-06	1.00e+00
 4.38732e+13	5.98e-13	3.44e-06	1.00e+00
 4.54423e+13	6.85e-13	3.69e-06	1.00e+00
 4.72707e+13	7.97e-13	4.00e-06	1.00e+00
 4.90260e+13	9.15e-13	4.31e-06	1.00e+00
 5.06172e+13	1.03e-12	4.59e-06	1.00e+00
 5.21147e+13	1.15e-12	4.87e-06	1.00e+00
 5.37706e+13	1.30e-12	5.19e-06	1.00e+00
 5.56228e+13	1.48e-12	5.56e-06	1.00e+00
 5.73754e+13	1.66e-12	5.92e-06	1.00e+00
 5.92994e+13	1.88e-12	6.33e-06	1.00e+00
 6.14514e+13	2.15e-12	6.80e-06	1.00e+00
 6.34806e+13	2.42e-12	7.26e-06	1.00e+00
 6.56994e+13	2.75e-12	7.78e-06	1.00e+00
 6.81534e+13	3.16e-12	8.38e-06	1.00e+00
 7.04234e+13	3.56e-12	8.95e-06	1.00e+00
 7.28849e+13	4.05e-12	9.59e-06	1.00e+00
 7.56327e+13	4.64e-12	1.03e-05	1.00e+00
 7.82125e+13	5.25e-12	1.11e-05	1.00e+00
 8.10256e+13	5.98e-12	1.19e-05	1.00e+00
 8.41555e+13	6.87e-12	1.28e-05	1.00e+00
 8.70847e+13	7.79e-12	1.38e-05	1.00e+00
 9.02584e+13	8.90e-12	1.48e-05	1.00e+00
 9.38032e+13	1.02e-11	1.60e-05	1.00e+00
 9.71810e+13	1.17e-11	1.72e-05	1.00e+00
 1.00789e+14	1.34e-11	1.86e-05	1.00e+00
 1.04851e+14	1.55e-11	2.02e-05	1.00e+00
 1.08867e+14	1.78e-11	2.18e-05	1.00e+00
 1.13043e+14	2.05e-11	2.36e-05	1.00e+00
 1.17464e+14	2.37e-11	2.55e-05	1.00e+00
 1.21168e+14	2.67e-11	2.73e-05	1.00e+00
 1.24029e+14	2.91e-11	2.86e-05	1.00e+00
 1.27128e+14	3.20e-11	3.02e-05	1.00e+00
 1.31157e+14	3.61e-11	3.23e-05	1.00e+00
 1.35530e+14	4.10e-11	3.46e-05	1.00e+00
 1.39481e+14	4.59e-11	3.68e-05	1.00e+00
 1.43746e+14	5.16e-11	3.93e-05	1.00e+00
 1.49095e+14	5.96e-11	4.25e-05	1.00e+00
 1.54474e+14	6.86e-11	4.59e-05	1.00e+00
 1.59058e+14	7.70e-11	4.89e-05	1.00e+00
 1.63987e+14	8.72e-11	5.23e-05	1.00e+00
 1.70123e+14	1.01e-10	5.67e-05	1.00e+00
 1.76447e+14	1.17e-10	6.15e-05	1.00e+00
 1.82086e+14	1.33e-10	6.59e-05	1.00e+00
 1.88218e+14	1.53e-10	7.10e-05	1.00e+00
 1.95532e+14	1.79e-10	7.73e-05	1.00e+00
 2.02737e+14	2.09e-10	8.38e-05	1.00e+00
 2.09220e+14	2.38e-10	9.00e-05	1.00e+00
 2.16409e+14	2.74e-10	9.70e-05	1.00e+00
 2.24898e+14	3.23e-10	1.06e-04	1.00e+00
 2.33285e+14	3.77e-10	1.15e-04	1.00e+00
 2.41042e+14	4.34e-10	1.24e-04	1.00e+00
 2.49747e+14	5.05e-10	1.34e-04	1.00e+00
 2.59767e+14	5.98e-10	1.47e-04	1.00e+00
 2.69579e+14	7.01e-10	1.59e-04	1.00e+00
 2.79785e+14	8.23e-10	1.73e-04	1.00e+00
 2.91006e+14	9.76e-10	1.89e-04	1.00e+00
 3.00501e+14	1.12e-09	2.04e-04	1.00e+00
 3.07446e+14	1.24e-09	2.14e-04	1.00e+00
 3.14738e+14	1.37e-09	2.26e-04	1.00e+00
 3.24219e+14	1.56e-09	2.42e-04	1.00e+00
 3.34674e+14	1.79e-09	2.59e-04	1.00e+00
 3.44346e+14	2.02e-09	2.76e-04	1.00e+00
 3.54870e+14	2.31e-09	2.96e-04	1.00e+00
 3.66699e+14	2.66e-09	3.18e-04	1.00e+00
 3.77963e+14	3.03e-09	3.41e-04	1.00e+00
 3.90345e+14	3.49e-09	3.66e-04	1.00e+00
 4.04190e+14	4.06e-09	3.95e-04	1.00e+00
 4.17341e+14	4.66e-09	4.25e-04	1.00e+00
 4.31839e+14	5.41e-09	4.58e-04	1.00e+00
 4.48093e+14	6.34e-09	4.97e-04	1.00e+00
 4.63445e+14	7.33e-09	5.36e-04	9.99e-01
 4.80166e+14	8.55e-09	5.79e-04	9.99e-01
 4.98743e+14	1.01e-08	6.30e-04	9.99e-01
 5.16161e+14	1.17e-08	6.79e-04	9.99e-01
 5.34934e+14	1.36e-08	7.34e-04	9.99e-01
 5.55926e+14	1.61e-08	7.99e-04	9.99e-01
 5.76104e+14	1.87e-08	8.63e-04	9.99e-01
 5.97523e+14	2.19e-08	9.34e-04	9.99e-01
 6.21454e+14	2.59e-08	1.02e-03	9.99e-01
 6.41578e+14	2.97e-08	1.09e-03	9.99e-01
 6.56045e+14	3.27e-08	1.14e-03	9.99e-01
 6.71092e+14	3.60e-08	1.20e-03	9.99e-01
 6.90653e+14	4.07e-08	1.28e-03	9.99e-01
 7.12486e+14	4.65e-08	1.37e-03	9.99e-01
 7.32957e+14	5.24e-08	1.45e-03	9.99e-01
 7.55251e+14	5.95e-08	1.55e-03	9.98e-01
 7.80182e+14	6.83e-08	1.66e-03	9.98e-01
 8.03689e+14	7.75e-08	1.77e-03	9.98e-01
 8.29395e+14	8.85e-08	1.89e-03	9.98e-01
 8.58219e+14	1.02e-07	2.03e-03	9.98e-01
 8.85583e+14	1.17e-07	2.17e-03	9.98e-01
 9.15644e+14	1.34e-07	2.33e-03	9.98e-01
 9.49152e+14	1.56e-07	2.51e-03	9.97e-01
 9.80297e+14	1.79e-07	2.69e-03	9.97e-01
 1.01394e+15	2.06e-07	2.89e-03	9.97e-01
 1.05164e+15	2.40e-07	3.12e-03	9.97e-01
 1.08701e+15	2.75e-07	3.34e-03	9.97e-01
 1.12538e+15	3.18e-07	3.59e-03	9.96e-01
 1.16608e+15	3.68e-07	3.87e-03	9.96e-01
 1.20153e+15	4.16e-07	4.12e-03	9.96e-01
 1.23194e+15	4.61e-07	4.34e-03	9.96e-01
 1.26408e+15	5.13e-07	4.57e-03	9.95e-01
 1.30586e+15	5.87e-07	4.90e-03	9.95e-01
 1.34791e+15	6.69e-07	5.23e-03	9.95e-01
 1.38172e+15	7.41e-07	5.51e-03	9.94e-01
 1.41708e+15	8.23e-07	5.81e-03	9.94e-01
 1.46304e+15	9.41e-07	6.21e-03	9.94e-01
 1.51089e+15	1.07e-06	6.64e-03	9.93e-01
 1.55177e+15	1.20e-06	7.01e-03	9.93e-01
 1.59549e+15	1.35e-06	7.43e-03	9.93e-01
 1.65232e+15	1.56e-06	8.00e-03	9.92e-01
 1.71035e+15	1.80e-06	8.59e-03	9.91e-01
 1.75742e+15	2.01e-06	9.09e-03	9.91e-01
 1.80611e+15	2.25e-06	9.63e-03	9.90e-01
 1.86941e+15	2.61e-06	1.04e-02	9.90e-01
 1.93500e+15	3.00e-06	1.11e-02	9.89e-01
 1.99019e+15	3.37e-06	1.18e-02	9.88e-01
 2.04855e+15	3.80e-06	1.26e-02	9.87e-01
 2.11159e+15	4.31e-06	1.34e-02	9.87e-01
 2.16809e+15	4.80e-06	1.41e-02	9.86e-01
 2.21825e+15	5.28e-06	1.48e-02	9.85e-01
 2.27279e+15	5.85e-06	1.57e-02	9.84e-01
 2.33295e+15	6.53e-06	1.66e-02	9.83e-01
 2.39119e+15	7.23e-06	1.75e-02	9.83e-01
 2.44779e+15	7.97e-06	1.84e-02	9.82e-01
 2.51146e+15	8.91e-06	1.95e-02	9.80e-01
 2.58254e+15	1.00e-05	2.08e-02	9.79e-01
 2.64972e+15	1.11e-05	2.20e-02	9.78e-01
 2.71148e+15	1.23e-05	2.32e-02	9.77e-01
 2.77970e+15	1.37e-05	2.47e-02	9.75e-01
 2.85674e+15	1.55e-05	2.64e-02	9.74e-01
 2.93028e+15	1.72e-05	2.80e-02	9.72e-01
 2.99808e+15	1.90e-05	2.97e-02	9.70e-01
 3.07337e+15	2.14e-05	3.17e-02	9.68e-01
 3.15689e+15	2.42e-05	3.41e-02	9.66e-01
 3.23516e+15	2.70e-05	3.64e-02	9.64e-01
 3.30836e+15	3.01e-05	3.88e-02	9.61e-01
 3.37999e+15	3.33e-05	4.13e-02	9.59e-01
 3.46218e+15	3.78e-05	4.45e-02	9.55e-01
 3.54676e+15	4.25e-05	4.80e-02	9.52e-01
 3.61942e+15	4.74e-05	5.14e-02	9.49e-01
 3.69882e+15	5.36e-05	5.56e-02	9.44e-01
 3.77389e+15	5.97e-05	5.97e-02	9.40e-01
 3.82801e+15	6.48e-05	6.30e-02	9.37e-01
 3.88306e+15	7.10e-05	6.68e-02	9.33e-01
 3.94417e+15	7.82e-05	7.13e-02	9.29e-01
 4.00224e+15	8.61e-05	7.60e-02	9.24e-01
 4.05603e+15	9.40e-05	8.07e-02	9.19e-01
 4.11515e+15	1.04e-04	8.66e-02	9.13e-01
 4.18077e+15	1.18e-04	9.37e-02	9.06e-01
 4.23528e+15	1.29e-04	1.00e-01	9.00e-01
 4.28660e+15	1.42e-04	1.07e-01	8.93e-01
 4.35330e+15	1.64e-04	1.18e-01	8.82e-01
 4.41416e+15	1.84e-04	1.28e-01	8.72e-01
 4.45805e+15	2.02e-04	1.36e-01	8.64e-01
 4.50573e+15	2.23e-04	1.47e-01	8.53e-01
 4.56771e+15	2.61e-04	1.62e-01	8.38e-01
 4.62386e+15	2.96e-04	1.77e-01	8.23e-01
 4.66281e+15	3.24e-04	1.89e-01	8.11e-01
 4.70386e+15	3.57e-04	2.03e-01	7.97e-01
 4.75722e+15	4.14e-04	2.23e-01	7.76e-01
 4.80767e+15	4.68e-04	2.45e-01	7.55e-01
 4.84785e+15	5.27e-04	2.64e-01	7.36e-01
 4.88440e+15	5.78e-04	2.82e-01	7.17e-01
 4.92273e+15	6.46e-04	3.04e-01	6.95e-01
 4.95909e+15	7.17e-04	3.26e-01	6.74e-01
 4.98300e+15	7.67e-04	3.41e-01	6.59e-01
 5.00418e+15	8.16e-04	3.55e-01	6.44e-01
 5.03171e+15	8.86e-04	3.75e-01	6.24e-01
 5.06169e+15	9.63e-04	3.97e-01	6.02e-01
 5.09485e+15	1.07e-03	4.23e-01	5.76e-01
 5.12578e+15	1.16e-03	4.47e-01	5.52e-01
 5.14880e+15	1.24e-03	4.66e-01	5.33e-01
 5.17370e+15	1.34e-03	4.87e-01	5.12e-01
 5.20049e+15	1.44e-03	5.10e-01	4.88e-01
 5.22563e+15	1.54e-03	5.32e-01	4.67e-01
 5.25419e+15	1.67e-03	5.57e-01	4.41e-01
 5.28427e+15	1.81e-03	5.83e-01	4.15e-01
 5.31029e+15	1.93e-03	6.05e-01	3.93e-01
 5.33437e+15	2.06e-03	6.26e-01	3.72e-01
 5.36191e+15	2.21e-03	6.49e-01	3.49e-01
 5.39172e+15	2.37e-03	6.73e-01	3.25e-01
 5.41832e+15	2.52e-03	6.93e-01	3.05e-01
 5.44290e+15	2.67e-03	7.11e-01	2.86e-01
 5.47101e+15	2.85e-03	7.32e-01	2.65e-01
 5.50154e+15	3.04e-03	7.52e-01	2.45e-01
 5.52889e+15	3.22e-03	7.69e-01	2.28e-01
 5.55417e+15	3.40e-03	7.84e-01	2.12e-01
 5.58311e+15	3.61e-03	8.01e-01	1.95e-01
 5.61479e+15	3.85e-03	8.17e-01	1.79e-01
 5.64327e+15	4.07e-03	8.30e-01	1.66e-01
 5.66937e+15	4.28e-03	8.42e-01	1.54e-01
 5.69915e+15	4.55e-03	8.54e-01	1.41e-01
 5.73193e+15	4.85e-03	8.66e-01	1.29e-01
 5.76175e+15	5.14e-03	8.76e-01	1.19e-01
 5.79366e+15	5.47e-03	8.86e-01	1.09e-01
 5.82778e+15	5.86e-03	8.95e-01	9.88e-02
 5.85786e+15	6.23e-03	9.03e-01	9.10e-02
 5.89004e+15	6.66e-03	9.10e-01	8.33e-02
 5.92551e+15	7.19e-03	9.17e-01	7.57e-02
 5.95835e+15	7.73e-03	9.23e-01	6.94e-02
 5.99413e+15	8.39e-03	9.29e-01	6.30e-02
 6.03298e+15	9.21e-03	9.34e-01	5.70e-02
 6.06675e+15	1.00e-02	9.38e-01	5.24e-02
 6.09570e+15	1.08e-02	9.40e-01	4.87e-02
 6.12750e+15	1.18e-02	9.43e-01	4.48e-02
 6.16283e+15	1.31e-02	9.46e-01	4.10e-02
 6.19453e+15	1.45e-02	9.47e-01	3.80e-02
 6.22179e+15	1.59e-02	9.49e-01	3.56e-02
 6.24537e+15	1.73e-02	9.49e-01	3.37e-02
 6.26598e+15	1.87e-02	9.49e-01	3.20e-02
 6.28888e+15	2.05e-02	9.49e-01	3.03e-02
 6.31310e+15	2.26e-02	9.49e-01	2.86e-02
 6.33308e+15	2.47e-02	9.48e-01	2.73e-02
 6.34959e+15	2.66e-02	9.47e-01	2.64e-02
 6.36760e+15	2.90e-02	9.46e-01	2.53e-02
 6.38743e+15	3.21e-02	9.44e-01	2.42e-02
 6.40504e+15	3.53e-02	9.41e-01	2.33e-02
 6.42004e+15	3.84e-02	9.39e-01	2.26e-02
 6.43621e+15	4.21e-02	9.36e-01	2.18e-02
 6.45400e+15	4.69e-02	9.32e-01	2.10e-02
 6.46973e+15	5.20e-02	9.28e-01	2.04e-02
 6.48309e+15	5.67e-02	9.23e-01	2.00e-02
 6.49756e+15	6.28e-02	9.18e-01	1.94e-02
 6.51358e+15	7.05e-02	9.11e-01	1.89e-02
 6.52810e+15	7.86e-02	9.03e-01	1.85e-02
 6.54101e+15	8.67e-02	8.95e-01	1.83e-02
 6.55402e+15	9.61e-02	8.86e-01	1.80e-02
 6.56632e+15	1.07e-01	8.76e-01	1.77e-02
 6.57670e+15	1.16e-01	8.66e-01	1.76e-02
 6.58640e+15	1.26e-01	8.56e-01	1.75e-02
 6.59649e+15	1.38e-01	8.45e-01	1.73e-02
 6.60671e+15	1.51e-01	8.32e-01	1.72e-02
 6.61617e+15	1.64e-01	8.19e-01	1.72e-02
 6.62445e+15	1.77e-01	8.06e-01	1.71e-02
 6.63050e+15	1.86e-01	7.96e-01	1.71e-02
 6.63462e+15	1.94e-01	7.89e-01	1.71e-02
 6.63866e+15	2.01e-01	7.82e-01	1.71e-02
 6.64344e+15	2.10e-01	7.73e-01	1.70e-02
 6.64857e+15	2.20e-01	7.63e-01	1.70e-02
 6.65346e+15	2.30e-01	7.53e-01	1.70e-02
 6.65811e+15	2.40e-01	7.43e-01	1.69e-02
 6.66277e+15	2.51e-01	7.33e-01	1.69e-02
 6.66747e+15	2.61e-01	7.22e-01	1.69e-02
 6.67218e+15	2.73e-01	7.10e-01	1.68e-02
 6.67684e+15	2.84e-01	6.99e-01	1.68e-02
 6.68145e+15	2.96e-01	6.87e-01	1.67e-02
 6.68610e+15	3.09e-01	6.75e-01	1.67e-02
 6.69079e+15	3.22e-01	6.61e-01	1.66e-02
 6.69549e+15	3.36e-01	6.48e-01	1.66e-02
 6.70011e+15	3.49e-01	6.34e-01	1.65e-02
 6.70472e+15	3.63e-01	6.21e-01	1.64e-02
 6.70942e+15	3.78e-01	6.06e-01	1.63e-02
 6.71413e+15	3.93e-01	5.91e-01	1.62e-02
 6.71886e+15	4.08e-01	5.75e-01	1.60e-02
 6.72361e+15	4.24e-01	5.60e-01	1.59e-02
 6.72841e+15	4.40e-01	5.44e-01	1.58e-02
 6.73333e+15	4.57e-01	5.27e-01	1.56e-02
 6.73822e+15	4.74e-01	5.11e-01	1.54e-02
 6.74314e+15	4.91e-01	4.94e-01	1.52e-02
 6.74818e+15	5.09e-01	4.76e-01	1.49e-02
 6.75327e+15	5.26e-01	4.59e-01	1.47e-02
 6.75837e+15	5.44e-01	4.42e-01	1.44e-02
 6.76348e+15	5.61e-01	4.25e-01	1.41e-02
 6.76864e+15	5.79e-01	4.08e-01	1.38e-02
 6.77390e+15	5.96e-01	3.91e-01	1.35e-02
 6.77927e+15	6.13e-01	3.74e-01	1.31e-02
 6.78476e+15	6.30e-01	3.57e-01	1.28e-02
 6.79041e+15	6.47e-01	3.41e-01	1.24e-02
 6.79627e+15	6.63e-01	3.25e-01	1.20e-02
 6.80236e+15	6.79e-01	3.09e-01	1.15e-02
 6.80872e+15	6.95e-01	2.94e-01	1.11e-02
 6.81546e+15	7.10e-01	2.79e-01	1.07e-02
 6.82265e+15	7.25e-01	2.65e-01	1.02e-02
 6.83035e+15	7.39e-01	2.51e-01	9.76e-03
 6.83873e+15	7.53e-01	2.38e-01	9.30e-03
 6.84796e+15	7.66e-01	2.25e-01	8.81e-03
 6.85838e+15	7.78e-01	2.13e-01	8.33e-03
 6.86993e+15	7.90e-01	2.03e-01	7.87e-03
 6.88185e+15	7.99e-01	1.94e-01	7.45e-03
 6.89368e+15	8.07e-01	1.86e-01	7.10e-03
 6.90723e+15	8.14e-01	1.79e-01	6.71e-03
 6.92484e+15	8.22e-01	1.72e-01	6.29e-03
 6.94409e+15	8.29e-01	1.65e-01	5.90e-03
 6.96211e+15	8.34e-01	1.60e-01	5.58e-03
 6.97981e+15	8.39e-01	1.56e-01	5.29e-03
 6.99830e+15	8.43e-01	1.52e-01	5.01e-03
 7.01747e+15	8.47e-01	1.48e-01	4.74e-03
 7.03665e+15	8.52e-01	1.44e-01	4.49e-03
 7.05542e+15	8.55e-01	1.40e-01	4.26e-03
 7.07381e+15	8.59e-01	1.37e-01	4.05e-03
 7.09189e+15	8.62e-01	1.34e-01	3.85e-03
 7.10970e+15	8.66e-01	1.31e-01	3.67e-03
 7.12720e+15	8.69e-01	1.28e-01	3.50e-03
 7.14435e+15	8.72e-01	1.25e-01	3.34e-03
 7.16115e+15	8.74e-01	1.22e-01	3.19e-03
 7.17764e+15	8.77e-01	1.20e-01	3.05e-03
 7.19381e+15	8.80e-01	1.17e-01	2.93e-03
 7.21007e+15	8.82e-01	1.15e-01	2.79e-03
 7.22585e+15	8.85e-01	1.13e-01	2.69e-03
 7.24106e+15	8.87e-01	1.11e-01	2.58e-03
 7.25632e+15	8.89e-01	1.08e-01	2.48e-03
 7.27121e+15	8.91e-01	1.06e-01	2.38e-03
 7.28567e+15	8.93e-01	1.05e-01	2.29e-03
 7.29986e+15	8.95e-01	1.03e-01	2.21e-03
 7.31387e+15	8.97e-01	1.01e-01	2.13e-03
 7.32766e+15	8.99e-01	9.92e-02	2.05e-03
 7.34110e+15	9.01e-01	9.75e-02	1.98e-03
 7.35435e+15	9.02e-01	9.59e-02	1.91e-03
 7.36757e+15	9.04e-01	9.44e-02	1.85e-03
 7.38071e+15	9.05e-01	9.28e-02	1.79e-03
 7.39368e+15	9.07e-01	9.14e-02	1.73e-03
 7.40645e+15	9.08e-01	8.99e-02	1.67e-03
 7.41907e+15	9.10e-01	8.86e-02	1.62e-03
 7.43156e+15	9.11e-01	8.72e-02	1.57e-03
 7.44394e+15	9.13e-01	8.59e-02	1.52e-03
 7.45621e+15	9.14e-01	8.46e-02	1.47e-03
 7.46837e+15	9.15e-01	8.34e-02	1.43e-03
 7.48046e+15	9.16e-01	8.22e-02	1.39e-03
 7.49247e+15	9.18e-01	8.10e-02	1.34e-03
 7.50444e+15	9.19e-01	7.99e-02	1.31e-03
 7.51638e+15	9.20e-01	7.87e-02	1.27e-03
 7.52829e+15	9.21e-01	7.76e-02	1.23e-03
 7.54023e+15	9.22e-01	7.65e-02	1.19e-03
 7.55221e+15	9.23e-01	7.54e-02	1.16e-03
 7.56444e+15	9.25e-01	7.43e-02	1.12e-03
 7.57701e+15	9.26e-01	7.32e-02	1.09e-03
 7.58980e+15	9.27e-01	7.21e-02	1.05e-03
 7.60278e+15	9.28e-01	7.10e-02	1.02e-03
 7.61607e+15	9.29e-01	6.99e-02	9.88e-04
 7.62981e+15	9.30e-01	6.88e-02	9.55e-04
 7.64414e+15	9.31e-01	6.76e-02	9.21e-04
 7.65924e+15	9.33e-01	6.64e-02	8.87e-04
 7.67538e+15	9.34e-01	6.52e-02	8.53e-04
 7.69298e+15	9.35e-01	6.39e-02	8.16e-04
 7.71269e+15	9.37e-01	6.24e-02	7.77e-04
 7.73569e+15	9.39e-01	6.07e-02	7.33e-04
 7.76047e+15	9.40e-01	5.90e-02	6.90e-04
 7.78390e+15	9.42e-01	5.74e-02	6.52e-04
 7.80523e+15	9.43e-01	5.60e-02	6.19e-04
 7.82463e+15	9.45e-01	5.47e-02	5.90e-04
 7.84229e+15	9.46e-01	5.36e-02	5.65e-04
 7.85835e+15	9.47e-01	5.26e-02	5.44e-04
 7.87297e+15	9.48e-01	5.17e-02	5.24e-04
 7.88628e+15	9.49e-01	5.09e-02	5.06e-04
 7.89839e+15	9.49e-01	5.01e-02	4.92e-04
 7.91166e+15	9.50e-01	4.93e-02	4.75e-04
 7.92890e+15	9.51e-01	4.83e-02	4.55e-04
 7.94752e+15	9.52e-01	4.73e-02	4.34e-04
 7.96447e+15	9.53e-01	4.63e-02	4.16e-04
 7.97989e+15	9.54e-01	4.54e-02	4.00e-04
 7.99392e+15	9.55e-01	4.46e-02	3.86e-04
 8.00669e+15	9.56e-01	4.39e-02	3.73e-04
 8.01831e+15	9.56e-01	4.33e-02	3.62e-04
 8.02888e+15	9.57e-01	4.27e-02	3.52e-04
 8.04047e+15	9.58e-01	4.20e-02	3.40e-04
 8.05298e+15	9.58e-01	4.14e-02	3.30e-04
 8.06436e+15	9.59e-01	4.08e-02	3.20e-04
 8.07472e+15	9.59e-01	4.03e-02	3.11e-04
 8.08415e+15	9.60e-01	3.98e-02	3.03e-04
 8.09448e+15	9.61e-01	3.92e-02	2.94e-04
 8.10563e+15	9.61e-01	3.87e-02	2.86e-04
 8.11578e+15	9.62e-01	3.81e-02	2.78e-04
 8.12501e+15	9.62e-01	3.77e-02	2.71e-04
 8.13513e+15	9.63e-01	3.71e-02	2.63e-04
 8.14606e+15	9.63e-01	3.66e-02	2.56e-04
 8.15600e+15	9.64e-01	3.61e-02	2.49e-04
 8.16505e+15	9.64e-01	3.57e-02	2.42e-04
 8.17496e+15	9.65e-01	3.52e-02	2.35e-04
 8.18566e+15	9.65e-01	3.47e-02	2.29e-04
 8.19540e+15	9.66e-01	3.42e-02	2.23e-04
 8.20426e+15	9.66e-01	3.38e-02	2.17e-04
 8.21397e+15	9.66e-01	3.33e-02	2.11e-04
 8.22446e+15	9.67e-01	3.29e-02	2.05e-04
 8.23400e+15	9.67e-01	3.25e-02	2.00e-04
 8.24268e+15	9.68e-01	3.21e-02	1.95e-04
 8.25220e+15	9.68e-01	3.16e-02	1.89e-04
 8.26247e+15	9.69e-01	3.12e-02	1.84e-04
 8.27181e+15	9.69e-01	3.08e-02	1.80e-04
 8.28032e+15	9.69e-01	3.04e-02	1.75e-04
 8.28964e+15	9.70e-01	3.00e-02	1.71e-04
 8.29970e+15	9.70e-01	2.96e-02	1.66e-04
 8.30886e+15	9.71e-01	2.93e-02	1.62e-04
 8.31889e+15	9.71e-01	2.89e-02	1.57e-04
 8.32972e+15	9.71e-01	2.85e-02	1.53e-04
 8.33958e+15	9.72e-01	2.81e-02	1.49e-04
 8.34855e+15	9.72e-01	2.77e-02	1.45e-04
 8.35838e+15	9.72e-01	2.74e-02	1.41e-04
 8.37116e+15	9.73e-01	2.69e-02	1.37e-04
 8.38495e+15	9.73e-01	2.65e-02	1.32e-04
 8.39750e+15	9.74e-01	2.60e-02	1.28e-04
 8.40893e+15	9.74e-01	2.56e-02	1.24e-04
 8.41932e+15	9.75e-01	2.53e-02	1.21e-04
 8.43071e+15	9.75e-01	2.49e-02	1.17e-04
 8.44301e+15	9.75e-01	2.46e-02	1.14e-04
 8.45420e+15	9.76e-01	2.42e-02	1.11e-04
 8.46439e+15	9.76e-01	2.39e-02	1.08e-04
 8.47555e+15	9.76e-01	2.35e-02	1.04e-04
 8.48759e+15	9.77e-01	2.32e-02	1.02e-04
 8.49856e+15	9.77e-01	2.29e-02	9.88e-05
 8.51057e+15	9.77e-01	2.25e-02	9.58e-05
 8.52354e+15	9.78e-01	2.22e-02	9.29e-05
 8.53534e+15	9.78e-01	2.19e-02	9.02e-05
 8.54827e+15	9.78e-01	2.15e-02	8.73e-05
 8.56224e+15	9.79e-01	2.12e-02	8.45e-05
 8.57494e+15	9.79e-01	2.08e-02	8.20e-05
 8.58650e+15	9.79e-01	2.05e-02	7.97e-05
 8.59917e+15	9.80e-01	2.02e-02	7.73e-05
 8.61285e+15	9.80e-01	1.99e-02	7.49e-05
 8.62530e+15	9.80e-01	1.96e-02	7.28e-05
 8.63894e+15	9.81e-01	1.93e-02	7.04e-05
 8.65366e+15	9.81e-01	1.90e-02	6.81e-05
 8.66706e+15	9.81e-01	1.87e-02	6.61e-05
 8.68174e+15	9.82e-01	1.84e-02	6.38e-05
 8.69759e+15	9.82e-01	1.80e-02	6.16e-05
 8.71202e+15	9.82e-01	1.77e-02	5.96e-05
 8.72514e+15	9.82e-01	1.75e-02	5.79e-05
 8.73953e+15	9.83e-01	1.72e-02	5.60e-05
 8.75506e+15	9.83e-01	1.69e-02	5.42e-05
 8.76919e+15	9.83e-01	1.66e-02	5.25e-05
 8.78467e+15	9.84e-01	1.64e-02	5.07e-05
 8.80139e+15	9.84e-01	1.61e-02	4.90e-05
 8.81660e+15	9.84e-01	1.58e-02	4.74e-05
 8.83327e+15	9.84e-01	1.55e-02	4.57e-05
 8.85127e+15	9.85e-01	1.52e-02	4.40e-05
 8.86765e+15	9.85e-01	1.50e-02	4.25e-05
 8.88255e+15	9.85e-01	1.47e-02	4.13e-05
 8.89888e+15	9.85e-01	1.45e-02	3.98e-05
 8.91651e+15	9.86e-01	1.42e-02	3.84e-05
 8.93255e+15	9.86e-01	1.40e-02	3.72e-05
 8.95013e+15	9.86e-01	1.37e-02	3.59e-05
 8.96911e+15	9.86e-01	1.35e-02	3.45e-05
 8.98638e+15	9.87e-01	1.32e-02	3.34e-05
 9.00531e+15	9.87e-01	1.30e-02	3.21e-05
 9.02574e+15	9.87e-01	1.27e-02	3.09e-05
 9.04433e+15	9.87e-01	1.25e-02	2.98e-05
 9.06471e+15	9.88e-01	1.22e-02	2.86e-05
 9.08670e+15	9.88e-01	1.20e-02	2.74e-05
 9.10672e+15	9.88e-01	1.18e-02	2.64e-05
 9.12865e+15	9.88e-01	1.15e-02	2.53e-05
 9.15233e+15	9.89e-01	1.13e-02	2.42e-05
 9.17388e+15	9.89e-01	1.10e-02	2.33e-05
 9.19348e+15	9.89e-01	1.08e-02	2.25e-05
 9.21497e+15	9.89e-01	1.06e-02	2.16e-05
 9.23817e+15	9.90e-01	1.04e-02	2.07e-05
 9.25928e+15	9.90e-01	1.02e-02	2.00e-05
 9.28241e+15	9.90e-01	9.98e-03	1.91e-05
 9.30738e+15	9.90e-01	9.77e-03	1.83e-05
 9.33010e+15	9.90e-01	9.57e-03	1.76e-05
 9.35501e+15	9.91e-01	9.36e-03	1.68e-05
 9.38189e+15	9.91e-01	9.14e-03	1.61e-05
 9.40635e+15	9.91e-01	8.95e-03	1.54e-05
 9.43316e+15	9.91e-01	8.74e-03	1.47e-05
 9.46210e+15	9.91e-01	8.53e-03	1.40e-05
 9.48843e+15	9.92e-01	8.35e-03	1.34e-05
 9.51729e+15	9.92e-01	8.14e-03	1.28e-05
 9.54845e+15	9.92e-01	7.94e-03	1.22e-05
 9.57680e+15	9.92e-01	7.76e-03	1.16e-05
 9.60787e+15	9.92e-01	7.56e-03	1.10e-05
 9.64141e+15	9.93e-01	7.36e-03	1.05e-05
 9.67193e+15	9.93e-01	7.18e-03	9.97e-06
 9.70537e+15	9.93e-01	6.99e-03	9.44e-06
 9.74148e+15	9.93e-01	6.79e-03	8.93e-06
 9.78104e+15	9.93e-01	6.58e-03	8.38e-06
 9.83067e+15	9.94e-01	6.32e-03	7.75e-06
 9.88525e+15	9.94e-01	6.06e-03	7.14e-06
 9.93951e+15	9.94e-01	5.82e-03	6.59e-06
 9.99441e+15	9.94e-01	5.59e-03	6.07e-06
 1.00517e+16	9.95e-01	5.35e-03	5.59e-06
 1.01116e+16	9.95e-01	5.13e-03	5.12e-06
 1.01733e+16	9.95e-01	4.90e-03	4.69e-06
 1.02371e+16	9.95e-01	4.69e-03	4.29e-06
 1.03030e+16	9.96e-01	4.47e-03	3.91e-06
 1.03714e+16	9.96e-01	4.27e-03	3.56e-06
 1.04417e+16	9.96e-01	4.07e-03	3.24e-06
 1.05129e+16	9.96e-01	3.87e-03	2.95e-06
 1.05852e+16	9.96e-01	3.69e-03	2.68e-06
 1.06579e+16	9.96e-01	3.52e-03	2.44e-06
 1.07318e+16	9.97e-01	3.35e-03	2.21e-06
 1.08080e+16	9.97e-01	3.19e-03	2.01e-06
 1.08860e+16	9.97e-01	3.04e-03	1.82e-06
 1.09651e+16	9.97e-01	2.89e-03	1.65e-06
 1.10454e+16	9.97e-01	2.75e-03	1.49e-06
 1.11272e+16	9.97e-01	2.61e-03	1.35e-06
 1.12105e+16	9.98e-01	2.48e-03	1.22e-06
 1.12954e+16	9.98e-01	2.35e-03	1.10e-06
 1.13819e+16	9.98e-01	2.23e-03	9.90e-07
 1.14700e+16	9.98e-01	2.12e-03	8.92e-07
 1.15596e+16	9.98e-01	2.01e-03	8.02e-07
 1.16509e+16	9.98e-01	1.90e-03	7.21e-07
 1.17441e+16	9.98e-01	1.80e-03	6.47e-07
 1.18391e+16	9.98e-01	1.71e-03	5.80e-07
 1.19361e+16	9.98e-01	1.61e-03	5.20e-07
 1.20349e+16	9.98e-01	1.53e-03	4.65e-07
 1.21358e+16	9.99e-01	1.44e-03	4.15e-07
 1.22388e+16	9.99e-01	1.36e-03	3.70e-07
 1.23440e+16	9.99e-01	1.28e-03	3.29e-07
 1.24514e+16	9.99e-01	1.21e-03	2.92e-07
 1.25613e+16	9.99e-01	1.14e-03	2.59e-07
 1.26738e+16	9.99e-01	1.07e-03	2.30e-07
 1.27889e+16	9.99e-01	1.00e-03	2.03e-07
 1.29068e+16	9.99e-01	9.43e-04	1.79e-07
 1.30276e+16	9.99e-01	8.84e-04	1.57e-07
 1.31517e+16	9.99e-01	8.27e-04	1.38e-07
 1.32791e+16	9.99e-01	7.74e-04	1.21e-07
 1.34100e+16	9.99e-01	7.22e-04	1.05e-07
 1.35447e+16	9.99e-01	6.73e-04	9.15e-08
 1.36827e+16	9.99e-01	6.27e-04	7.95e-08
 1.38225e+16	9.99e-01	5.84e-04	6.90e-08
 1.39674e+16	9.99e-01	5.42e-04	5.95e-08
 1.41207e+16	9.99e-01	5.01e-04	5.09e-08
 1.42807e+16	1.00e+00	4.62e-04	4.33e-08
 1.44459e+16	1.00e+00	4.25e-04	3.67e-08
 1.46174e+16	1.00e+00	3.90e-04	3.09e-08
 1.47966e+16	1.00e+00	3.57e-04	2.59e-08
 1.49845e+16	1.00e+00	3.25e-04	2.15e-08
 1.51819e+16	1.00e+00	2.95e-04	1.77e-08
 1.53898e+16	1.00e+00	2.66e-04	1.45e-08
 1.56106e+16	1.00e+00	2.39e-04	1.17e-08
 1.58481e+16	1.00e+00	2.13e-04	9.28e-09
 1.60987e+16	1.00e+00	1.89e-04	7.31e-09
 1.63671e+16	1.00e+00	1.66e-04	5.65e-09
 1.66628e+16	1.00e+00	1.44e-04	4.27e-09
 1.69861e+16	1.00e+00	1.24e-04	3.15e-09
 1.73424e+16	1.00e+00	1.05e-04	2.26e-09
 1.77421e+16	1.00e+00	8.71e-05	1.56e-09
 1.82112e+16	1.00e+00	7.02e-05	1.01e-09
 1.87472e+16	1.00e+00	5.53e-05	6.31e-10
 1.93048e+16	1.00e+00	4.34e-05	3.89e-10
 1.98541e+16	1.00e+00	3.44e-05	2.44e-10
 2.03967e+16	1.00e+00	2.74e-05	1.55e-10
 2.09462e+16	1.00e+00	2.18e-05	9.86e-11
 2.15081e+16	1.00e+00	1.74e-05	6.28e-11
 2.20824e+16	1.00e+00	1.38e-05	3.98e-11
 2.26671e+16	1.00e+00	1.10e-05	2.53e-11
 2.32610e+16	1.00e+00	8.79e-06	1.61e-11
 2.38678e+16	1.00e+00	7.01e-06	1.03e-11
 2.44905e+16	1.00e+00	5.58e-06	6.52e-12
 2.51259e+16	1.00e+00	4.45e-06	4.15e-12
 2.57766e+16	1.00e+00	3.54e-06	2.63e-12
 2.64453e+16	1.00e+00	2.81e-06	1.67e-12
 2.71315e+16	1.00e+00	2.23e-06	1.05e-12
 2.78392e+16	1.00e+00	1.77e-06	6.60e-13
 2.85699e+16	1.00e+00	1.40e-06	4.12e-13
 2.93099e+16	1.00e+00	1.10e-06	2.59e-13
 3.00344e+16	1.00e+00	8.84e-07	1.66e-13
 3.07379e+16	1.00e+00	7.14e-07	1.08e-13
 3.14244e+16	1.00e+00	5.82e-07	7.22e-14
 3.20955e+16	1.00e+00	4.78e-07	4.88e-14
 3.27505e+16	1.00e+00	3.96e-07	3.35e-14
 3.33855e+16	1.00e+00	3.30e-07	2.34e-14
 3.39989e+16	1.00e+00	2.78e-07	1.66e-14
 3.45903e+16	1.00e+00	2.36e-07	1.20e-14
 3.51600e+16	1.00e+00	2.02e-07	8.82e-15
 3.57082e+16	1.00e+00	1.75e-07	6.58e-15
 3.62345e+16	1.00e+00	1.52e-07	4.98e-15
 3.67389e+16	1.00e+00	1.33e-07	3.82e-15
 3.72215e+16	1.00e+00	1.17e-07	2.98e-15
 3.76824e+16	1.00e+00	1.04e-07	2.35e-15
 3.81229e+16	1.00e+00	9.29e-08	1.88e-15
 3.85437e+16	1.00e+00	8.35e-08	1.52e-15
 3.89455e+16	1.00e+00	7.55e-08	1.24e-15
 3.93285e+16	1.00e+00	6.86e-08	1.03e-15
 3.96935e+16	1.00e+00	6.27e-08	8.58e-16
 4.00413e+16	1.00e+00	5.75e-08	7.25e-16
 4.03725e+16	1.00e+00	5.31e-08	6.17e-16
 4.06880e+16	1.00e+00	4.91e-08	5.30e-16
 4.09887e+16	1.00e+00	4.57e-08	4.58e-16
 4.12754e+16	1.00e+00	4.26e-08	4.00e-16
 4.15490e+16	1.00e+00	3.99e-08	3.51e-16
 4.18099e+16	1.00e+00	3.75e-08	3.10e-16
 4.20590e+16	1.00e+00	3.54e-08	2.76e-16
 4.22967e+16	1.00e+00	3.35e-08	2.47e-16
 4.25235e+16	1.00e+00	3.17e-08	2.22e-16
 4.27402e+16	1.00e+00	3.02e-08	2.01e-16
 4.29474e+16	1.00e+00	2.87e-08	1.82e-16
 4.31458e+16	1.00e+00	2.74e-08	1.66e-16
 4.33360e+16	1.00e+00	2.63e-08	1.53e-16
 4.35184e+16	1.00e+00	2.52e-08	1.40e-16
 4.36934e+16	1.00e+00	2.42e-08	1.30e-16
 4.38616e+16	1.00e+00	2.33e-08	1.20e-16
 4.40235e+16	1.00e+00	2.24e-08	1.11e-16
 4.41797e+16	1.00e+00	2.16e-08	1.04e-16
 4.43306e+16	1.00e+00	2.09e-08	9.70e-17
 4.44768e+16	1.00e+00	2.02e-08	9.08e-17
 4.46187e+16	1.00e+00	1.96e-08	8.52e-17
 4.47567e+16	1.00e+00	1.90e-08	8.00e-17
 4.48913e+16	1.00e+00	1.84e-08	7.54e-17
 4.50231e+16	1.00e+00	1.79e-08	7.10e-17
 4.51527e+16	1.00e+00	1.73e-08	6.71e-17
 4.52807e+16	1.00e+00	1.69e-08	6.33e-17
 4.54076e+16	1.00e+00	1.64e-08	5.99e-17
 4.55341e+16	1.00e+00	1.59e-08	5.66e-17
 4.56610e+16	1.00e+00	1.55e-08	5.35e-17
 4.57892e+16	1.00e+00	1.50e-08	5.05e-17
 4.59199e+16	1.00e+00	1.46e-08	4.77e-17
 4.60543e+16	1.00e+00	1.42e-08	4.49e-17
 4.61940e+16	1.00e+00	1.37e-08	4.22e-17
 4.63410e+16	1.00e+00	1.33e-08	3.96e-17
 4.64978e+16	1.00e+00	1.28e-08	3.69e-17
 4.66682e+16	1.00e+00	1.24e-08	3.42e-17
 4.68569e+16	1.00e+00	1.19e-08	3.15e-17
 4.70709e+16	1.00e+00	1.13e-08	2.87e-17
 4.73205e+16	1.00e+00	1.07e-08	2.57e-17
 4.76213e+16	1.00e+00	1.00e-08	2.25e-17
 4.79985e+16	1.00e+00	9.19e-09	1.90e-17
 4.84853e+16	1.00e+00	8.26e-09	1.54e-17
 4.91181e+16	1.00e+00	7.19e-09	1.17e-17
 4.99408e+16	1.00e+00	6.02e-09	8.22e-18
 5.10103e+16	1.00e+00	4.80e-09	5.24e-18
 5.23967e+16	1.00e+00	3.60e-09	2.96e-18
 5.39607e+16	1.00e+00	2.64e-09	1.61e-18
 5.55244e+16	1.00e+00	1.96e-09	8.86e-19
 5.70881e+16	1.00e+00	1.46e-09	4.95e-19
 5.88862e+16	1.00e+00	1.04e-09	2.53e-19
 6.10461e+16	1.00e+00	7.04e-10	1.17e-19
 6.33445e+16	1.00e+00	4.73e-10	5.35e-20
 6.57071e+16	1.00e+00	3.18e-10	2.44e-20
 6.81462e+16	1.00e+00	2.14e-10	1.12e-20
 7.06087e+16	1.00e+00	1.45e-10	5.19e-21
 7.31683e+16	1.00e+00	9.80e-11	0.00e+00
 7.58509e+16	1.00e+00	6.58e-11	0.00e+00
 7.85992e+16	1.00e+00	4.43e-11	0.00e+00
 8.14143e+16	1.00e+00	2.99e-11	0.00e+00
 8.42565e+16	1.00e+00	2.03e-11	0.00e+00
 8.70988e+16	1.00e+00	1.39e-11	0.00e+00
 9.00850e+16	1.00e+00	9.46e-12	0.00e+00
 9.32152e+16	1.00e+00	6.40e-12	0.00e+00
 9.63331e+16	1.00e+00	4.39e-12	0.00e+00
 9.90393e+16	1.00e+00	3.22e-12	0.00e+00
 1.00863e+17	1.00e+00	2.63e-12	0.00e+00
 1.01912e+17	1.00e+00	2.36e-12	0.00e+00
 1.02516e+17	1.00e+00	2.21e-12	0.00e+00
 1.02878e+17	1.00e+00	2.13e-12	0.00e+00
 1.03116e+17	1.00e+00	2.07e-12	0.00e+00
 1.03324e+17	1.00e+00	2.03e-12	0.00e+00
 1.03542e+17	1.00e+00	1.98e-12	0.00e+00
 1.03764e+17	1.00e+00	1.93e-12	0.00e+00
 1.03980e+17	1.00e+00	1.88e-12	0.00e+00
 1.04176e+17	1.00e+00	1.84e-12	0.00e+00
 1.04355e+17	1.00e+00	1.80e-12	0.00e+00
 1.04528e+17	1.00e+00	1.77e-12	0.00e+00
 1.04695e+17	1.00e+00	1.74e-12	0.00e+00
 1.04845e+17	1.00e+00	1.71e-12	0.00e+00
 1.04984e+17	1.00e+00	1.68e-12	0.00e+00
 1.05119e+17	1.00e+00	1.66e-12	0.00e+00
 1.05245e+17	1.00e+00	1.63e-12	0.00e+00
 1.05371e+17	1.00e+00	1.61e-12	0.00e+00
 1.05493e+17	1.00e+00	1.59e-12	0.00e+00
 1.05603e+17	1.00e+00	1.57e-12	0.00e+00
 1.05702e+17	1.00e+00	1.55e-12	0.00e+00
 1.05798e+17	1.00e+00	1.54e-12	0.00e+00
 1.05900e+17	1.00e+00	1.52e-12	0.00e+00
 1.06003e+17	1.00e+00	1.50e-12	0.00e+00
 1.06091e+17	1.00e+00	1.49e-12	0.00e+00
 1.06165e+17	1.00e+00	1.48e-12	0.00e+00
 1.06247e+17	1.00e+00	1.46e-12	0.00e+00
 1.06339e+17	1.00e+00	1.45e-12	0.00e+00
 1.06423e+17	1.00e+00	1.43e-12	0.00e+00
 1.06495e+17	1.00e+00	1.42e-12	0.00e+00
 1.06572e+17	1.00e+00	1.41e-12	0.00e+00
 1.06654e+17	1.00e+00	1.40e-12	0.00e+00
 1.06729e+17	1.00e+00	1.38e-12	0.00e+00
 1.06793e+17	1.00e+00	1.37e-12	0.00e+00
 1.06864e+17	1.00e+00	1.36e-12	0.00e+00
 1.06947e+17	1.00e+00	1.35e-12	0.00e+00
 1.07025e+17	1.00e+00	1.34e-12	0.00e+00
 1.07094e+17	1.00e+00	1.33e-12	0.00e+00
 1.07160e+17	1.00e+00	1.32e-12	0.00e+00
 1.07230e+17	1.00e+00	1.31e-12	0.00e+00
 1.07303e+17	1.00e+00	1.29e-12	0.00e+00
 1.07380e+17	1.00e+00	1.28e-12	0.00e+00
 1.07456e+17	1.00e+00	1.27e-12	0.00e+00
 1.07528e+17	1.00e+00	1.26e-12	0.00e+00
 1.07597e+17	1.00e+00	1.25e-12	0.00e+00
 1.07670e+17	1.00e+00	1.24e-12	0.00e+00
 1.07749e+17	1.00e+00	1.23e-12	0.00e+00
 1.07832e+17	1.00e+00	1.22e-12	0.00e+00
 1.07911e+17	1.00e+00	1.20e-12	0.00e+00
 1.07987e+17	1.00e+00	1.19e-12	0.00e+00
 1.08074e+17	1.00e+00	1.18e-12	0.00e+00
 1.08169e+17	1.00e+00	1.17e-12	0.00e+00
 1.08260e+17	1.00e+00	1.15e-12	0.00e+00
 1.08345e+17	1.00e+00	1.14e-12	0.00e+00
 1.08428e+17	1.00e+00	1.13e-12	0.00e+00
 1.08517e+17	1.00e+00	1.12e-12	0.00e+00
 1.08618e+17	1.00e+00	1.10e-12	0.00e+00
 1.08722e+17	1.00e+00	1.09e-12	0.00e+00
 1.08820e+17	1.00e+00	1.08e-12	0.00e+00
 1.08914e+17	1.00e+00	1.07e-12	0.00e+00
 1.09017e+17	1.00e+00	1.05e-12	0.00e+00
 1.09133e+17	1.00e+00	1.04e-12	0.00e+00
 1.09253e+17	1.00e+00	1.02e-12	0.00e+00
 1.09369e+17	1.00e+00	1.01e-12	0.00e+00
 1.09479e+17	1.00e+00	9.93e-13	0.00e+00
 1.09589e+17	1.00e+00	9.80e-13	0.00e+00
 1.09712e+17	1.00e+00	9.65e-13	0.00e+00
 1.09849e+17	1.00e+00	9.49e-13	0.00e+00
 1.09991e+17	1.00e+00	9.32e-13	0.00e+00
 1.10125e+17	1.00e+00	9.17e-13	0.00e+00
 1.10256e+17	1.00e+00	9.01e-13	0.00e+00
 1.10396e+17	1.00e+00	8.86e-13	0.00e+00
 1.10546e+17	1.00e+00	8.69e-13	0.00e+00
 1.10704e+17	1.00e+00	8.52e-13	0.00e+00
 1.10865e+17	1.00e+00	8.35e-13	0.00e+00
 1.11025e+17	1.00e+00	8.18e-13	0.00e+00
 1.11186e+17	1.00e+00	8.02e-13	0.00e+00
 1.11357e+17	1.00e+00	7.85e-13	0.00e+00
 1.11544e+17	1.00e+00	7.66e-13	0.00e+00
 1.11736e+17	1.00e+00	7.48e-13	0.00e+00
 1.11920e+17	1.00e+00	7.31e-13	0.00e+00
 1.12102e+17	1.00e+00	7.14e-13	0.00e+00
 1.12304e+17	1.00e+00	6.96e-13	0.00e+00
 1.12527e+17	1.00e+00	6.77e-13	0.00e+00
 1.12752e+17	1.00e+00	6.57e-13	0.00e+00
 1.12965e+17	1.00e+00	6.40e-13	0.00e+00
 1.13173e+17	1.00e+00	6.23e-13	0.00e+00
 1.13402e+17	1.00e+00	6.05e-13	0.00e+00
 1.13658e+17	1.00e+00	5.86e-13	0.00e+00
 1.13921e+17	1.00e+00	5.66e-13	0.00e+00
 1.14169e+17	1.00e+00	5.49e-13	0.00e+00
 1.14415e+17	1.00e+00	5.32e-13	0.00e+00
 1.14686e+17	1.00e+00	5.13e-13	0.00e+00
 1.14973e+17	1.00e+00	4.95e-13	0.00e+00
 1.15257e+17	1.00e+00	4.77e-13	0.00e+00
 1.15549e+17	1.00e+00	4.60e-13	0.00e+00
 1.15858e+17	1.00e+00	4.42e-13	0.00e+00
 1.16181e+17	1.00e+00	4.24e-13	0.00e+00
 1.16501e+17	1.00e+00	4.07e-13	0.00e+00
 1.16827e+17	1.00e+00	3.91e-13	0.00e+00
 1.17171e+17	1.00e+00	3.74e-13	0.00e+00
 1.17521e+17	1.00e+00	3.57e-13	0.00e+00
 1.17870e+17	1.00e+00	3.43e-13	0.00e+00
 1.18249e+17	1.00e+00	3.26e-13	0.00e+00
 1.18660e+17	1.00e+00	3.10e-13	0.00e+00
 1.19076e+17	1.00e+00	2.94e-13	0.00e+00
 1.19484e+17	1.00e+00	2.80e-13	0.00e+00
 1.19899e+17	1.00e+00	2.66e-13	0.00e+00
 1.20335e+17	1.00e+00	2.52e-13	0.00e+00
 1.20796e+17	1.00e+00	2.38e-13	0.00e+00
 1.21285e+17	1.00e+00	2.24e-13	0.00e+00
 1.21778e+17	1.00e+00	2.12e-13	0.00e+00
 1.22290e+17	1.00e+00	2.00e-13	0.00e+00
 1.22834e+17	1.00e+00	1.88e-13	0.00e+00
 1.23411e+17	1.00e+00	1.76e-13	0.00e+00
 1.24007e+17	1.00e+00	1.65e-13	0.00e+00
 1.24574e+17	1.00e+00	1.55e-13	0.00e+00
 1.25075e+17	1.00e+00	1.47e-13	0.00e+00
 1.25529e+17	1.00e+00	1.40e-13	0.00e+00
 1.25982e+17	1.00e+00	1.33e-13	0.00e+00
 1.26465e+17	1.00e+00	1.26e-13	0.00e+00
 1.26960e+17	1.00e+00	1.20e-13	0.00e+00
 1.27415e+17	1.00e+00	1.14e-13	0.00e+00
 1.27803e+17	1.00e+00	1.09e-13	0.00e+00
 1.28141e+17	1.00e+00	1.05e-13	0.00e+00
 1.28453e+17	1.00e+00	1.02e-13	0.00e+00
 1.28752e+17	1.00e+00	9.80e-14	0.00e+00
 1.29037e+17	1.00e+00	9.50e-14	0.00e+00
 1.29300e+17	1.00e+00	9.23e-14	0.00e+00
 1.29544e+17	1.00e+00	8.97e-14	0.00e+00
 1.29772e+17	1.00e+00	8.74e-14	0.00e+00
 1.29990e+17	1.00e+00	8.52e-14	0.00e+00
 1.30200e+17	1.00e+00	8.31e-14	0.00e+00
 1.30403e+17	1.00e+00	8.12e-14	0.00e+00
 1.30599e+17	1.00e+00	7.93e-14	0.00e+00
 1.30787e+17	1.00e+00	7.77e-14	0.00e+00
 1.30968e+17	1.00e+00	7.61e-14	0.00e+00
 1.31145e+17	1.00e+00	7.46e-14	0.00e+00
 1.31319e+17	1.00e+00	7.31e-14	0.00e+00
 1.31489e+17	1.00e+00	7.17e-14	0.00e+00
 1.31655e+17	1.00e+00	7.04e-14	0.00e+00
 1.31817e+17	1.00e+00	6.91e-14	0.00e+00
 1.31976e+17	1.00e+00	6.79e-14	0.00e+00
 1.32133e+17	1.00e+00	6.67e-14	0.00e+00
 1.32288e+17	1.00e+00	6.56e-14	0.00e+00
 1.32441e+17	1.00e+00	6.45e-14	0.00e+00
 1.32592e+17	1.00e+00	6.33e-14	0.00e+00
 1.32740e+17	1.00e+00	6.23e-14	0.00e+00
 1.32908e+17	1.00e+00	6.12e-14	0.00e+00
 1.33126e+17	1.00e+00	5.97e-14	0.00e+00
 1.33410e+17	1.00e+00	5.78e-14	0.00e+00
 1.33779e+17	1.00e+00	5.55e-14	0.00e+00
 1.34259e+17	1.00e+00	5.26e-14	0.00e+00
 1.34857e+17	1.00e+00	4.93e-14	0.00e+00
 1.35501e+17	1.00e+00	4.61e-14	0.00e+00
 1.36087e+17	1.00e+00	4.34e-14	0.00e+00
 1.36597e+17	1.00e+00	4.12e-14	0.00e+00
 1.37084e+17	1.00e+00	3.92e-14	0.00e+00
 1.37603e+17	1.00e+00	3.72e-14	0.00e+00
 1.38166e+17	1.00e+00	3.51e-14	0.00e+00
 1.38744e+17	1.00e+00	3.31e-14	0.00e+00
 1.39312e+17	1.00e+00	3.13e-14	0.00e+00
 1.39872e+17	1.00e+00	2.96e-14	0.00e+00
 1.40450e+17	1.00e+00	2.79e-14	0.00e+00
 1.41068e+17	1.00e+00	2.63e-14	0.00e+00
 1.41733e+17	1.00e+00	2.46e-14	0.00e+00
 1.42445e+17	1.00e+00	2.29e-14	0.00e+00
 1.43214e+17	1.00e+00	2.13e-14	0.00e+00
 1.44073e+17	1.00e+00	1.95e-14	0.00e+00
 1.45081e+17	1.00e+00	1.77e-14	0.00e+00
 1.46335e+17	1.00e+00	1.57e-14	0.00e+00
 1.47950e+17	1.00e+00	1.34e-14	0.00e+00
 1.50049e+17	1.00e+00	1.09e-14	0.00e+00
 1.52779e+17	1.00e+00	8.44e-15	0.00e+00
 1.56327e+17	1.00e+00	6.06e-15	0.00e+00
 1.60940e+17	1.00e+00	3.97e-15	0.00e+00
 1.66818e+17	1.00e+00	2.35e-15	0.00e+00
 1.73491e+17	1.00e+00	1.32e-15	0.00e+00
 1.79874e+17	1.00e+00	7.70e-16	0.00e+00
 1.85394e+17	1.00e+00	4.85e-16	0.00e+00
 1.90372e+17	1.00e+00	3.20e-16	0.00e+00
 1.95981e+17	1.00e+00	1.99e-16	0.00e+00
 2.02910e+17	1.00e+00	1.11e-16	0.00e+00
 2.08924e+17	1.00e+00	6.58e-17	0.00e+00
 2.12532e+17	1.00e+00	4.72e-17	0.00e+00
 2.14697e+17	1.00e+00	3.79e-17	0.00e+00
 2.15996e+17	1.00e+00	3.29e-17	0.00e+00
 2.16776e+17	1.00e+00	2.99e-17	0.00e+00
 2.17243e+17	1.00e+00	2.82e-17	0.00e+00
 2.17524e+17	1.00e+00	2.71e-17	0.00e+00
 2.17693e+17	1.00e+00	2.65e-17	0.00e+00
 2.17820e+17	1.00e+00	2.60e-17	0.00e+00
 2.17964e+17	1.00e+00	2.55e-17	0.00e+00
 2.18152e+17	1.00e+00	2.49e-17	0.00e+00
 2.18385e+17	1.00e+00	2.41e-17	0.00e+00
 2.18631e+17	1.00e+00	2.33e-17	0.00e+00
 2.18838e+17	1.00e+00	2.26e-17	0.00e+00
 2.19000e+17	1.00e+00	2.20e-17	0.00e+00
 2.19148e+17	1.00e+00	2.15e-17	0.00e+00
 2.19317e+17	1.00e+00	2.10e-17	0.00e+00
 2.19526e+17	1.00e+00	2.03e-17	0.00e+00
 2.19748e+17	1.00e+00	1.96e-17	0.00e+00
 2.19940e+17	1.00e+00	1.89e-17	0.00e+00
 2.20094e+17	1.00e+00	1.84e-17	0.00e+00
 2.20233e+17	1.00e+00	1.80e-17	0.00e+00
 2.20390e+17	1.00e+00	1.75e-17	0.00e+00
 2.20582e+17	1.00e+00	1.69e-17	0.00e+00
 2.20788e+17	1.00e+00	1.63e-17	0.00e+00
 2.20970e+17	1.00e+00	1.57e-17	0.00e+00
 2.21117e+17	1.00e+00	1.52e-17	0.00e+00
 2.21251e+17	1.00e+00	1.48e-17	0.00e+00
 2.21401e+17	1.00e+00	1.44e-17	0.00e+00
 2.21583e+17	1.00e+00	1.39e-17	0.00e+00
 2.21779e+17	1.00e+00	1.33e-17	0.00e+00
 2.21955e+17	1.00e+00	1.28e-17	0.00e+00
 2.22099e+17	1.00e+00	1.24e-17	0.00e+00
 2.22231e+17	1.00e+00	1.20e-17	0.00e+00
 2.22378e+17	1.00e+00	1.17e-17	0.00e+00
 2.22552e+17	1.00e+00	1.12e-17	0.00e+00
 2.22741e+17	1.00e+00	1.07e-17	0.00e+00
 2.22916e+17	1.00e+00	1.03e-17	0.00e+00
 2.23063e+17	1.00e+00	9.92e-18	0.00e+00
 2.23197e+17	1.00e+00	9.59e-18	0.00e+00
 2.23344e+17	1.00e+00	9.27e-18	0.00e+00
 2.23516e+17	1.00e+00	8.90e-18	0.00e+00
 2.23704e+17	1.00e+00	8.49e-18	0.00e+00
 2.23880e+17	1.00e+00	8.10e-18	0.00e+00
 2.24031e+17	1.00e+00	7.78e-18	0.00e+00
 2.24170e+17	1.00e+00	7.50e-18	0.00e+00
 2.24321e+17	1.00e+00	7.23e-18	0.00e+00
 2.24499e+17	1.00e+00	6.92e-18	0.00e+00
 2.24693e+17	1.00e+00	6.57e-18	0.00e+00
 2.24876e+17	1.00e+00	6.25e-18	0.00e+00
 2.25035e+17	1.00e+00	5.98e-18	0.00e+00
 2.25183e+17	1.00e+00	5.75e-18	0.00e+00
 2.25344e+17	1.00e+00	5.52e-18	0.00e+00
 2.25532e+17	1.00e+00	5.27e-18	0.00e+00
 2.25737e+17	1.00e+00	4.99e-18	0.00e+00
 2.25932e+17	1.00e+00	4.73e-18	0.00e+00
 2.26107e+17	1.00e+00	4.51e-18	0.00e+00
 2.26273e+17	1.00e+00	4.31e-18	0.00e+00
 2.26454e+17	1.00e+00	4.13e-18	0.00e+00
 2.26663e+17	1.00e+00	3.92e-18	0.00e+00
 2.26888e+17	1.00e+00	3.70e-18	0.00e+00
 2.27106e+17	1.00e+00	3.50e-18	0.00e+00
 2.27307e+17	1.00e+00	3.32e-18	0.00e+00
 2.27505e+17	1.00e+00	3.17e-18	0.00e+00
 2.27720e+17	1.00e+00	3.01e-18	0.00e+00
 2.27966e+17	1.00e+00	2.85e-18	0.00e+00
 2.28233e+17	1.00e+00	2.68e-18	0.00e+00
 2.28495e+17	1.00e+00	2.52e-18	0.00e+00
 2.28745e+17	1.00e+00	2.38e-18	0.00e+00
