#depth	O	O+	O+2	O+3	O+4	O+5	O+6	O+7	O+8	O[1]	O[2]	O[3]
 1.49634e+10	0.00e+00	0.00e+00	1.65e-28	1.58e-20	2.14e-13	3.49e-07	1.00e+00	0.00e+00	0.00e+00	0.00e+00	0.00e+00	0.00e+00
 4.54887e+10	0.00e+00	2.56e-37	2.30e-28	2.04e-20	2.57e-13	3.83e-07	1.00e+00	2.57e-08	0.00e+00	0.00e+00	0.00e+00	0.00e+00
 7.72350e+10	0.00e+00	0.00e+00	3.22e-28	2.65e-20	3.08e-13	4.21e-07	1.00e+00	0.00e+00	0.00e+00	0.00e+00	0.00e+00	0.00e+00
 1.10251e+11	0.00e+00	5.83e-37	4.49e-28	3.43e-20	3.70e-13	4.63e-07	1.00e+00	0.00e+00	0.00e+00	0.00e+00	0.00e+00	0.00e+00
 1.44588e+11	0.00e+00	0.00e+00	6.27e-28	4.44e-20	4.44e-13	5.10e-07	1.00e+00	0.00e+00	0.00e+00	0.00e+00	0.00e+00	0.00e+00
 1.80298e+11	0.00e+00	1.32e-36	8.74e-28	5.76e-20	5.34e-13	5.61e-07	1.00e+00	0.00e+00	0.00e+00	0.00e+00	0.00e+00	0.00e+00
 2.17437e+11	5.81e-46	1.98e-36	1.22e-27	7.46e-20	6.42e-13	6.18e-07	1.00e+00	0.00e+00	0.00e+00	0.00e+00	0.00e+00	0.00e+00
 2.51057e+11	0.00e+00	2.81e-36	1.62e-27	9.35e-20	7.54e-13	6.73e-07	1.00e+00	0.00e+00	0.00e+00	0.00e+00	0.00e+00	0.00e+00
 2.79118e+11	1.24e-45	3.73e-36	2.05e-27	1.12e-19	8.59e-13	7.21e-07	1.00e+00	0.00e+00	0.00e+00	0.00e+00	0.00e+00	0.00e+00
 3.09878e+11	0.00e+00	0.00e+00	2.62e-27	1.36e-19	9.87e-13	7.77e-07	1.00e+00	0.00e+00	0.00e+00	0.00e+00	0.00e+00	0.00e+00
 3.48772e+11	0.00e+00	7.25e-36	3.54e-27	1.72e-19	1.17e-12	8.50e-07	1.00e+00	0.00e+00	0.00e+00	0.00e+00	0.00e+00	0.00e+00
 3.89325e+11	4.22e-45	1.04e-35	4.78e-27	2.19e-19	1.39e-12	9.32e-07	1.00e+00	0.00e+00	0.00e+00	0.00e+00	0.00e+00	0.00e+00
 4.23800e+11	0.00e+00	0.00e+00	6.11e-27	2.66e-19	1.60e-12	1.00e-06	1.00e+00	0.00e+00	0.00e+00	0.00e+00	0.00e+00	0.00e+00
 4.59293e+11	0.00e+00	1.88e-35	7.79e-27	3.22e-19	1.84e-12	1.08e-06	1.00e+00	0.00e+00	0.00e+00	0.00e+00	0.00e+00	0.00e+00
 5.03905e+11	1.30e-44	2.69e-35	1.05e-26	4.08e-19	2.18e-12	1.19e-06	1.00e+00	0.00e+00	0.00e+00	0.00e+00	0.00e+00	0.00e+00
 5.49202e+11	0.00e+00	3.80e-35	1.39e-26	5.13e-19	2.57e-12	1.30e-06	1.00e+00	0.00e+00	0.00e+00	0.00e+00	0.00e+00	0.00e+00
 5.88140e+11	2.75e-44	5.05e-35	1.77e-26	6.19e-19	2.96e-12	1.40e-06	1.00e+00	0.00e+00	0.00e+00	0.00e+00	0.00e+00	0.00e+00
 6.29979e+11	0.00e+00	6.78e-35	2.26e-26	7.54e-19	3.41e-12	1.52e-06	1.00e+00	0.00e+00	0.00e+00	0.00e+00	0.00e+00	0.00e+00
 6.81663e+11	5.87e-44	9.60e-35	3.02e-26	9.53e-19	4.05e-12	1.66e-06	1.00e+00	0.00e+00	0.00e+00	0.00e+00	0.00e+00	0.00e+00
 7.34615e+11	0.00e+00	1.35e-34	4.02e-26	1.20e-18	4.79e-12	1.82e-06	1.00e+00	0.00e+00	0.00e+00	0.00e+00	0.00e+00	0.00e+00
 7.82407e+11	1.24e-43	1.81e-34	5.15e-26	1.46e-18	5.54e-12	1.98e-06	1.00e+00	0.00e+00	0.00e+00	0.00e+00	0.00e+00	0.00e+00
 8.35024e+11	0.00e+00	2.48e-34	6.69e-26	1.81e-18	6.46e-12	2.15e-06	1.00e+00	0.00e+00	0.00e+00	0.00e+00	0.00e+00	0.00e+00
 8.97022e+11	2.71e-43	3.52e-34	9.00e-26	2.29e-18	7.70e-12	2.37e-06	1.00e+00	0.00e+00	0.00e+00	0.00e+00	0.00e+00	0.00e+00
 9.59057e+11	0.00e+00	4.92e-34	1.19e-25	2.89e-18	9.11e-12	2.60e-06	1.00e+00	0.00e+00	0.00e+00	0.00e+00	0.00e+00	0.00e+00
 1.01804e+12	5.76e-43	6.68e-34	1.55e-25	3.56e-18	1.06e-11	2.83e-06	1.00e+00	0.00e+00	0.00e+00	0.00e+00	0.00e+00	0.00e+00
 1.08315e+12	0.00e+00	9.24e-34	2.03e-25	4.44e-18	1.25e-11	3.10e-06	1.00e+00	0.00e+00	0.00e+00	0.00e+00	0.00e+00	0.00e+00
 1.15640e+12	1.26e-42	1.31e-33	2.73e-25	5.64e-18	1.49e-11	3.41e-06	1.00e+00	0.00e+00	0.00e+00	0.00e+00	0.00e+00	0.00e+00
 1.22968e+12	0.00e+00	1.83e-33	3.62e-25	7.10e-18	1.76e-11	3.75e-06	1.00e+00	0.00e+00	0.00e+00	0.00e+00	0.00e+00	0.00e+00
 1.29459e+12	2.60e-42	2.43e-33	4.60e-25	8.63e-18	2.02e-11	4.06e-06	1.00e+00	0.00e+00	0.00e+00	0.00e+00	0.00e+00	0.00e+00
 1.34901e+12	0.00e+00	3.05e-33	5.60e-25	1.01e-17	2.27e-11	4.33e-06	1.00e+00	0.00e+00	0.00e+00	0.00e+00	0.00e+00	0.00e+00
 1.40758e+12	4.50e-42	3.89e-33	6.87e-25	1.19e-17	2.56e-11	4.63e-06	1.00e+00	0.00e+00	0.00e+00	0.00e+00	0.00e+00	0.00e+00
 1.48371e+12	0.00e+00	5.26e-33	8.87e-25	1.47e-17	2.97e-11	5.03e-06	1.00e+00	0.00e+00	0.00e+00	0.00e+00	0.00e+00	0.00e+00
 1.56339e+12	9.10e-42	7.12e-33	1.15e-24	1.82e-17	3.46e-11	5.48e-06	1.00e+00	0.00e+00	0.00e+00	0.00e+00	0.00e+00	0.00e+00
 1.63143e+12	0.00e+00	9.15e-33	1.42e-24	2.16e-17	3.92e-11	5.88e-06	1.00e+00	0.00e+00	0.00e+00	0.00e+00	0.00e+00	0.00e+00
 1.70361e+12	1.65e-41	1.18e-32	1.77e-24	2.58e-17	4.46e-11	6.32e-06	1.00e+00	0.00e+00	0.00e+00	0.00e+00	0.00e+00	0.00e+00
 1.79426e+12	0.00e+00	1.62e-32	2.31e-24	3.21e-17	5.21e-11	6.89e-06	1.00e+00	0.00e+00	0.00e+00	0.00e+00	0.00e+00	0.00e+00
 1.88756e+12	3.38e-41	2.20e-32	3.01e-24	3.97e-17	6.07e-11	7.51e-06	1.00e+00	0.00e+00	0.00e+00	0.00e+00	0.00e+00	0.00e+00
 1.96993e+12	0.00e+00	2.87e-32	3.77e-24	4.77e-17	6.91e-11	8.09e-06	1.00e+00	0.00e+00	0.00e+00	0.00e+00	0.00e+00	0.00e+00
 2.05943e+12	6.34e-41	3.79e-32	4.77e-24	5.78e-17	7.92e-11	8.73e-06	1.00e+00	0.00e+00	0.00e+00	0.00e+00	0.00e+00	0.00e+00
 2.15812e+12	0.00e+00	5.09e-32	6.14e-24	7.10e-17	9.16e-11	9.48e-06	1.00e+00	0.00e+00	0.00e+00	0.00e+00	0.00e+00	0.00e+00
 2.24896e+12	1.21e-40	6.62e-32	7.68e-24	8.52e-17	1.04e-10	1.02e-05	1.00e+00	0.00e+00	0.00e+00	0.00e+00	0.00e+00	0.00e+00
 2.34724e+12	0.00e+00	8.74e-32	9.73e-24	1.03e-16	1.19e-10	1.10e-05	1.00e+00	0.00e+00	0.00e+00	0.00e+00	0.00e+00	0.00e+00
 2.45692e+12	2.35e-40	1.18e-31	1.25e-23	1.27e-16	1.38e-10	1.19e-05	1.00e+00	0.00e+00	0.00e+00	0.00e+00	0.00e+00	0.00e+00
 2.55976e+12	0.00e+00	1.54e-31	1.58e-23	1.53e-16	1.57e-10	1.28e-05	1.00e+00	0.00e+00	0.00e+00	0.00e+00	0.00e+00	0.00e+00
 2.67181e+12	4.46e-40	2.05e-31	2.02e-23	1.86e-16	1.80e-10	1.39e-05	1.00e+00	0.00e+00	0.00e+00	0.00e+00	0.00e+00	0.00e+00
 2.79627e+12	0.00e+00	2.79e-31	2.62e-23	2.30e-16	2.09e-10	1.51e-05	1.00e+00	0.00e+00	0.00e+00	0.00e+00	0.00e+00	0.00e+00
 2.91242e+12	8.75e-40	3.68e-31	3.31e-23	2.78e-16	2.39e-10	1.62e-05	1.00e+00	0.00e+00	0.00e+00	0.00e+00	0.00e+00	0.00e+00
 3.03899e+12	0.00e+00	4.94e-31	4.26e-23	3.40e-16	2.75e-10	1.76e-05	1.00e+00	0.00e+00	0.00e+00	0.00e+00	0.00e+00	0.00e+00
 3.18054e+12	1.77e-39	6.76e-31	5.57e-23	4.23e-16	3.19e-10	1.91e-05	1.00e+00	0.00e+00	0.00e+00	0.00e+00	0.00e+00	0.00e+00
 3.31412e+12	0.00e+00	9.04e-31	7.12e-23	5.16e-16	3.66e-10	2.06e-05	1.00e+00	0.00e+00	0.00e+00	0.00e+00	0.00e+00	0.00e+00
 3.46020e+12	3.53e-39	1.23e-30	9.25e-23	6.36e-16	4.23e-10	2.24e-05	1.00e+00	0.00e+00	0.00e+00	0.00e+00	0.00e+00	0.00e+00
 3.62377e+12	0.00e+00	1.71e-30	1.23e-22	7.97e-16	4.94e-10	2.44e-05	1.00e+00	0.00e+00	0.00e+00	0.00e+00	0.00e+00	0.00e+00
 3.77897e+12	7.36e-39	2.33e-30	1.59e-22	9.79e-16	5.69e-10	2.64e-05	1.00e+00	0.00e+00	0.00e+00	0.00e+00	0.00e+00	0.00e+00
 3.94513e+12	0.00e+00	3.20e-30	2.08e-22	1.21e-15	6.58e-10	2.86e-05	1.00e+00	0.00e+00	0.00e+00	0.00e+00	0.00e+00	0.00e+00
 4.13286e+12	1.58e-38	4.52e-30	2.78e-22	1.53e-15	7.71e-10	3.13e-05	1.00e+00	0.00e+00	0.00e+00	0.00e+00	0.00e+00	0.00e+00
 4.31906e+12	0.00e+00	6.30e-30	3.68e-22	1.91e-15	8.97e-10	3.40e-05	1.00e+00	0.00e+00	0.00e+00	0.00e+00	0.00e+00	0.00e+00
 4.51271e+12	3.45e-38	8.84e-30	4.88e-22	2.39e-15	1.04e-09	3.69e-05	1.00e+00	0.00e+00	0.00e+00	0.00e+00	0.00e+00	0.00e+00
 4.72314e+12	0.00e+00	1.25e-29	6.55e-22	3.01e-15	1.22e-09	4.03e-05	1.00e+00	0.00e+00	0.00e+00	0.00e+00	0.00e+00	0.00e+00
 4.94199e+12	7.84e-38	1.79e-29	8.83e-22	3.81e-15	1.43e-09	4.39e-05	1.00e+00	0.00e+00	0.00e+00	0.00e+00	0.00e+00	0.00e+00
 5.14980e+12	0.00e+00	2.48e-29	1.16e-21	4.71e-15	1.65e-09	4.75e-05	1.00e+00	0.00e+00	0.00e+00	0.00e+00	0.00e+00	0.00e+00
 5.33697e+12	1.59e-37	3.29e-29	1.47e-21	5.67e-15	1.88e-09	5.08e-05	1.00e+00	0.00e+00	0.00e+00	0.00e+00	0.00e+00	0.00e+00
 5.51175e+12	0.00e+00	4.26e-29	1.82e-21	6.72e-15	2.10e-09	5.41e-05	1.00e+00	0.00e+00	0.00e+00	0.00e+00	0.00e+00	0.00e+00
 5.70457e+12	2.97e-37	5.63e-29	2.29e-21	8.05e-15	2.37e-09	5.77e-05	1.00e+00	0.00e+00	0.00e+00	0.00e+00	0.00e+00	0.00e+00
 5.92156e+12	0.00e+00	7.66e-29	2.96e-21	9.80e-15	2.71e-09	6.20e-05	1.00e+00	0.00e+00	0.00e+00	0.00e+00	0.00e+00	0.00e+00
 6.12911e+12	5.92e-37	1.02e-28	3.74e-21	1.18e-14	3.06e-09	6.62e-05	1.00e+00	0.00e+00	0.00e+00	0.00e+00	0.00e+00	0.00e+00
 6.35807e+12	0.00e+00	1.38e-28	4.82e-21	1.43e-14	3.49e-09	7.10e-05	1.00e+00	0.00e+00	0.00e+00	0.00e+00	0.00e+00	0.00e+00
 6.61311e+12	1.25e-36	1.92e-28	6.33e-21	1.77e-14	4.02e-09	7.65e-05	1.00e+00	0.00e+00	0.00e+00	0.00e+00	0.00e+00	0.00e+00
 6.84771e+12	0.00e+00	2.58e-28	8.06e-21	2.13e-14	4.56e-09	8.18e-05	1.00e+00	0.00e+00	0.00e+00	0.00e+00	0.00e+00	0.00e+00
 7.06487e+12	2.40e-36	3.36e-28	1.00e-20	2.52e-14	5.11e-09	8.68e-05	1.00e+00	0.00e+00	0.00e+00	0.00e+00	0.00e+00	0.00e+00
 7.31371e+12	0.00e+00	4.53e-28	1.28e-20	3.04e-14	5.79e-09	9.27e-05	1.00e+00	0.00e+00	0.00e+00	0.00e+00	0.00e+00	0.00e+00
 7.61840e+12	5.22e-36	6.48e-28	1.71e-20	3.79e-14	6.71e-09	1.00e-04	1.00e+00	0.00e+00	0.00e+00	0.00e+00	0.00e+00	0.00e+00
 7.92286e+12	0.00e+00	9.06e-28	2.26e-20	4.70e-14	7.75e-09	1.08e-04	1.00e+00	0.00e+00	0.00e+00	0.00e+00	0.00e+00	0.00e+00
 8.18775e+12	1.09e-35	1.21e-27	2.86e-20	5.62e-14	8.74e-09	1.15e-04	1.00e+00	0.00e+00	0.00e+00	0.00e+00	0.00e+00	0.00e+00
 8.47403e+12	0.00e+00	1.65e-27	3.67e-20	6.79e-14	9.91e-09	1.23e-04	1.00e+00	0.00e+00	0.00e+00	0.00e+00	0.00e+00	0.00e+00
 8.82352e+12	2.42e-35	2.37e-27	4.93e-20	8.48e-14	1.15e-08	1.32e-04	1.00e+00	0.00e+00	0.00e+00	0.00e+00	0.00e+00	0.00e+00
 9.18001e+12	3.65e-35	3.36e-27	6.56e-20	1.06e-13	1.33e-08	1.43e-04	1.00e+00	0.00e+00	0.00e+00	0.00e+00	0.00e+00	0.00e+00
 9.50233e+12	5.31e-35	4.60e-27	8.45e-20	1.28e-13	1.51e-08	1.52e-04	1.00e+00	0.00e+00	0.00e+00	0.00e+00	0.00e+00	0.00e+00
 9.85537e+12	7.91e-35	6.42e-27	1.11e-19	1.57e-13	1.73e-08	1.63e-04	1.00e+00	0.00e+00	0.00e+00	0.00e+00	0.00e+00	0.00e+00
 1.02710e+13	1.25e-34	9.40e-27	1.50e-19	1.97e-13	2.02e-08	1.76e-04	1.00e+00	0.00e+00	0.00e+00	0.00e+00	0.00e+00	0.00e+00
 1.06859e+13	1.91e-34	1.34e-26	2.01e-19	2.46e-13	2.34e-08	1.90e-04	1.00e+00	0.00e+00	0.00e+00	0.00e+00	0.00e+00	0.00e+00
 1.10768e+13	2.85e-34	1.88e-26	2.63e-19	3.01e-13	2.68e-08	2.03e-04	1.00e+00	0.00e+00	0.00e+00	0.00e+00	0.00e+00	0.00e+00
 1.15092e+13	4.40e-34	2.69e-26	3.51e-19	3.73e-13	3.09e-08	2.19e-04	1.00e+00	0.00e+00	0.00e+00	0.00e+00	0.00e+00	0.00e+00
 1.19995e+13	6.93e-34	3.95e-26	4.79e-19	4.72e-13	3.62e-08	2.37e-04	1.00e+00	0.00e+00	0.00e+00	0.00e+00	0.00e+00	0.00e+00
 1.24897e+13	1.09e-33	5.77e-26	6.48e-19	5.92e-13	4.21e-08	2.55e-04	1.00e+00	0.00e+00	0.00e+00	0.00e+00	0.00e+00	0.00e+00
 1.29995e+13	1.73e-33	8.45e-26	8.78e-19	7.43e-13	4.89e-08	2.75e-04	1.00e+00	0.00e+00	0.00e+00	0.00e+00	0.00e+00	0.00e+00
 1.35494e+13	2.76e-33	1.25e-25	1.20e-18	9.40e-13	5.72e-08	2.97e-04	1.00e+00	0.00e+00	0.00e+00	0.00e+00	0.00e+00	0.00e+00
 1.41213e+13	4.43e-33	1.85e-25	1.65e-18	1.19e-12	6.69e-08	3.21e-04	1.00e+00	0.00e+00	0.00e+00	0.00e+00	0.00e+00	0.00e+00
 1.46739e+13	6.79e-33	2.65e-25	2.20e-18	1.48e-12	7.74e-08	3.46e-04	1.00e+00	0.00e+00	0.00e+00	0.00e+00	0.00e+00	0.00e+00
 1.51912e+13	1.01e-32	3.69e-25	2.87e-18	1.81e-12	8.84e-08	3.69e-04	1.00e+00	0.00e+00	0.00e+00	0.00e+00	0.00e+00	0.00e+00
 1.56797e+13	1.46e-32	5.01e-25	3.66e-18	2.16e-12	9.97e-08	3.92e-04	1.00e+00	0.00e+00	0.00e+00	0.00e+00	0.00e+00	0.00e+00
 1.62134e+13	2.15e-32	6.90e-25	4.73e-18	2.62e-12	1.13e-07	4.17e-04	1.00e+00	0.00e+00	0.00e+00	0.00e+00	0.00e+00	0.00e+00
 1.68065e+13	3.22e-32	9.67e-25	6.23e-18	3.22e-12	1.30e-07	4.47e-04	1.00e+00	0.00e+00	0.00e+00	0.00e+00	0.00e+00	0.00e+00
 1.73608e+13	4.69e-32	1.32e-24	8.00e-18	3.88e-12	1.47e-07	4.75e-04	1.00e+00	0.00e+00	0.00e+00	0.00e+00	0.00e+00	0.00e+00
 1.79652e+13	7.00e-32	1.84e-24	1.04e-17	4.73e-12	1.68e-07	5.07e-04	9.99e-01	0.00e+00	0.00e+00	0.00e+00	0.00e+00	0.00e+00
 1.86880e+13	1.10e-31	2.69e-24	1.41e-17	5.93e-12	1.95e-07	5.47e-04	9.99e-01	0.00e+00	0.00e+00	0.00e+00	0.00e+00	0.00e+00
 1.94011e+13	1.67e-31	3.83e-24	1.88e-17	7.36e-12	2.25e-07	5.88e-04	9.99e-01	0.00e+00	0.00e+00	0.00e+00	0.00e+00	0.00e+00
 2.00447e+13	2.47e-31	5.27e-24	2.43e-17	8.89e-12	2.56e-07	6.25e-04	9.99e-01	0.00e+00	0.00e+00	0.00e+00	0.00e+00	0.00e+00
 2.07612e+13	3.64e-31	7.32e-24	3.18e-17	1.09e-11	2.93e-07	6.69e-04	9.99e-01	0.00e+00	0.00e+00	0.00e+00	0.00e+00	0.00e+00
 2.16044e+13	5.83e-31	1.08e-23	4.33e-17	1.37e-11	3.41e-07	7.22e-04	9.99e-01	0.00e+00	0.00e+00	0.00e+00	0.00e+00	0.00e+00
 2.24607e+13	8.91e-31	1.55e-23	5.83e-17	1.72e-11	3.97e-07	7.79e-04	9.99e-01	0.00e+00	0.00e+00	0.00e+00	0.00e+00	0.00e+00
 2.32885e+13	1.36e-30	2.20e-23	7.72e-17	2.12e-11	4.56e-07	8.35e-04	9.99e-01	0.00e+00	0.00e+00	0.00e+00	0.00e+00	0.00e+00
 2.40765e+13	1.99e-30	3.03e-23	1.00e-16	2.57e-11	5.19e-07	8.90e-04	9.99e-01	0.00e+00	0.00e+00	0.00e+00	0.00e+00	0.00e+00
 2.49468e+13	2.96e-30	4.23e-23	1.31e-16	3.16e-11	5.96e-07	9.55e-04	9.99e-01	0.00e+00	0.00e+00	0.00e+00	0.00e+00	0.00e+00
 2.59053e+13	4.53e-30	6.04e-23	1.76e-16	3.94e-11	6.89e-07	1.03e-03	9.99e-01	0.00e+00	0.00e+00	0.00e+00	0.00e+00	0.00e+00
 2.67878e+13	6.61e-30	8.31e-23	2.28e-16	4.79e-11	7.85e-07	1.10e-03	9.99e-01	0.00e+00	0.00e+00	0.00e+00	0.00e+00	0.00e+00
 2.77443e+13	9.96e-30	1.17e-22	3.00e-16	5.88e-11	9.00e-07	1.17e-03	9.99e-01	0.00e+00	0.00e+00	0.00e+00	0.00e+00	0.00e+00
 2.88146e+13	1.50e-29	1.66e-22	4.01e-16	7.33e-11	1.04e-06	1.27e-03	9.99e-01	0.00e+00	0.00e+00	0.00e+00	0.00e+00	0.00e+00
 2.98227e+13	2.21e-29	2.29e-22	5.23e-16	8.95e-11	1.19e-06	1.35e-03	9.99e-01	0.00e+00	0.00e+00	0.00e+00	0.00e+00	0.00e+00
 3.09221e+13	3.31e-29	3.23e-22	6.93e-16	1.11e-10	1.37e-06	1.45e-03	9.99e-01	0.00e+00	0.00e+00	0.00e+00	0.00e+00	0.00e+00
 3.21441e+13	5.20e-29	4.71e-22	9.37e-16	1.39e-10	1.60e-06	1.57e-03	9.98e-01	0.00e+00	0.00e+00	0.00e+00	0.00e+00	0.00e+00
 3.32899e+13	7.54e-29	6.47e-22	1.23e-15	1.70e-10	1.83e-06	1.68e-03	9.98e-01	0.00e+00	0.00e+00	0.00e+00	0.00e+00	0.00e+00
 3.45263e+13	1.15e-28	9.22e-22	1.63e-15	2.11e-10	2.11e-06	1.81e-03	9.98e-01	0.00e+00	0.00e+00	0.00e+00	0.00e+00	0.00e+00
 3.59042e+13	1.75e-28	1.32e-21	2.21e-15	2.65e-10	2.46e-06	1.96e-03	9.98e-01	0.00e+00	0.00e+00	0.00e+00	0.00e+00	0.00e+00
 3.72254e+13	2.62e-28	1.85e-21	2.92e-15	3.28e-10	2.83e-06	2.10e-03	9.98e-01	0.00e+00	0.00e+00	0.00e+00	0.00e+00	0.00e+00
 3.86325e+13	4.00e-28	2.65e-21	3.90e-15	4.08e-10	3.27e-06	2.26e-03	9.98e-01	0.00e+00	0.00e+00	0.00e+00	0.00e+00	0.00e+00
 4.02077e+13	6.11e-28	3.81e-21	5.31e-15	5.15e-10	3.83e-06	2.45e-03	9.98e-01	0.00e+00	0.00e+00	0.00e+00	0.00e+00	0.00e+00
 4.17722e+13	9.51e-28	5.51e-21	7.16e-15	6.45e-10	4.45e-06	2.64e-03	9.97e-01	0.00e+00	0.00e+00	0.00e+00	0.00e+00	0.00e+00
 4.32272e+13	1.35e-27	7.48e-21	9.33e-15	7.88e-10	5.08e-06	2.83e-03	9.97e-01	0.00e+00	0.00e+00	0.00e+00	0.00e+00	0.00e+00
 4.48142e+13	2.02e-27	1.05e-20	1.24e-14	9.74e-10	5.86e-06	3.04e-03	9.97e-01	0.00e+00	0.00e+00	0.00e+00	0.00e+00	0.00e+00
 4.65980e+13	3.16e-27	1.53e-20	1.68e-14	1.23e-09	6.82e-06	3.28e-03	9.97e-01	0.00e+00	0.00e+00	0.00e+00	0.00e+00	0.00e+00
 4.83131e+13	4.69e-27	2.14e-20	2.22e-14	1.52e-09	7.86e-06	3.53e-03	9.96e-01	0.00e+00	0.00e+00	0.00e+00	0.00e+00	0.00e+00
 4.99225e+13	6.59e-27	2.88e-20	2.87e-14	1.84e-09	8.94e-06	3.77e-03	9.96e-01	0.00e+00	0.00e+00	0.00e+00	0.00e+00	0.00e+00
 5.17276e+13	9.95e-27	4.06e-20	3.79e-14	2.27e-09	1.03e-05	4.04e-03	9.96e-01	0.00e+00	0.00e+00	0.00e+00	0.00e+00	0.00e+00
 5.35859e+13	1.43e-26	5.57e-20	4.98e-14	2.79e-09	1.18e-05	4.34e-03	9.96e-01	0.00e+00	0.00e+00	0.00e+00	0.00e+00	0.00e+00
 5.51251e+13	1.98e-26	7.32e-20	6.22e-14	3.30e-09	1.32e-05	4.59e-03	9.95e-01	0.00e+00	0.00e+00	0.00e+00	0.00e+00	0.00e+00
 5.67377e+13	2.67e-26	9.49e-20	7.78e-14	3.91e-09	1.48e-05	4.86e-03	9.95e-01	0.00e+00	0.00e+00	0.00e+00	0.00e+00	0.00e+00
 5.88172e+13	4.03e-26	1.34e-19	1.03e-13	4.83e-09	1.70e-05	5.22e-03	9.95e-01	0.00e+00	0.00e+00	0.00e+00	0.00e+00	0.00e+00
 6.09981e+13	5.88e-26	1.86e-19	1.37e-13	5.99e-09	1.96e-05	5.62e-03	9.94e-01	0.00e+00	0.00e+00	0.00e+00	0.00e+00	0.00e+00
 6.28935e+13	8.33e-26	2.49e-19	1.74e-13	7.18e-09	2.22e-05	5.97e-03	9.94e-01	0.00e+00	0.00e+00	0.00e+00	0.00e+00	0.00e+00
 6.49230e+13	1.15e-25	3.30e-19	2.23e-13	8.65e-09	2.51e-05	6.36e-03	9.94e-01	0.00e+00	0.00e+00	0.00e+00	0.00e+00	0.00e+00
 6.74064e+13	1.74e-25	4.70e-19	2.99e-13	1.08e-08	2.91e-05	6.86e-03	9.93e-01	0.00e+00	0.00e+00	0.00e+00	0.00e+00	0.00e+00
 6.98999e+13	2.56e-25	6.55e-19	3.97e-13	1.34e-08	3.36e-05	7.37e-03	9.93e-01	0.00e+00	0.00e+00	0.00e+00	0.00e+00	0.00e+00
 7.20998e+13	3.65e-25	8.83e-19	5.07e-13	1.61e-08	3.79e-05	7.84e-03	9.92e-01	0.00e+00	0.00e+00	0.00e+00	0.00e+00	0.00e+00
 7.44979e+13	5.07e-25	1.18e-18	6.53e-13	1.95e-08	4.31e-05	8.38e-03	9.92e-01	0.00e+00	0.00e+00	0.00e+00	0.00e+00	0.00e+00
 7.73853e+13	7.80e-25	1.70e-18	8.81e-13	2.44e-08	5.01e-05	9.03e-03	9.91e-01	0.00e+00	0.00e+00	0.00e+00	0.00e+00	0.00e+00
 8.02605e+13	1.12e-24	2.34e-18	1.17e-12	3.03e-08	5.78e-05	9.73e-03	9.90e-01	0.00e+00	0.00e+00	0.00e+00	0.00e+00	0.00e+00
 8.28404e+13	1.58e-24	3.13e-18	1.50e-12	3.65e-08	6.54e-05	1.04e-02	9.90e-01	0.00e+00	0.00e+00	0.00e+00	0.00e+00	0.00e+00
 8.56850e+13	2.29e-24	4.30e-18	1.95e-12	4.46e-08	7.47e-05	1.11e-02	9.89e-01	0.00e+00	0.00e+00	0.00e+00	0.00e+00	0.00e+00
 8.90537e+13	3.36e-24	6.03e-18	2.63e-12	5.60e-08	8.70e-05	1.20e-02	9.88e-01	0.00e+00	0.00e+00	0.00e+00	0.00e+00	0.00e+00
 9.23869e+13	4.92e-24	8.40e-18	3.50e-12	6.95e-08	1.00e-04	1.29e-02	9.87e-01	0.00e+00	0.00e+00	0.00e+00	0.00e+00	0.00e+00
 9.54573e+13	7.10e-24	1.15e-17	4.52e-12	8.43e-08	1.14e-04	1.38e-02	9.86e-01	0.00e+00	0.00e+00	0.00e+00	0.00e+00	0.00e+00
 9.89028e+13	1.01e-23	1.56e-17	5.94e-12	1.04e-07	1.31e-04	1.48e-02	9.85e-01	0.00e+00	0.00e+00	0.00e+00	0.00e+00	0.00e+00
 1.02882e+14	1.54e-23	2.25e-17	8.08e-12	1.31e-07	1.53e-04	1.60e-02	9.84e-01	0.00e+00	0.00e+00	0.00e+00	0.00e+00	0.00e+00
 1.06786e+14	2.20e-23	3.09e-17	1.08e-11	1.63e-07	1.77e-04	1.73e-02	9.82e-01	0.00e+00	0.00e+00	0.00e+00	0.00e+00	0.00e+00
 1.10518e+14	3.19e-23	4.26e-17	1.41e-11	2.00e-07	2.03e-04	1.86e-02	9.81e-01	0.00e+00	0.00e+00	0.00e+00	0.00e+00	0.00e+00
 1.14639e+14	4.52e-23	5.82e-17	1.86e-11	2.48e-07	2.34e-04	2.00e-02	9.80e-01	0.00e+00	0.00e+00	0.00e+00	0.00e+00	0.00e+00
 1.19254e+14	6.71e-23	8.26e-17	2.52e-11	3.13e-07	2.73e-04	2.17e-02	9.78e-01	0.00e+00	0.00e+00	0.00e+00	0.00e+00	0.00e+00
 1.23811e+14	9.92e-23	1.16e-16	3.37e-11	3.91e-07	3.17e-04	2.35e-02	9.76e-01	0.00e+00	0.00e+00	0.00e+00	0.00e+00	0.00e+00
 1.27588e+14	1.33e-22	1.51e-16	4.24e-11	4.67e-07	3.56e-04	2.50e-02	9.75e-01	0.00e+00	0.00e+00	0.00e+00	0.00e+00	0.00e+00
 1.30614e+14	1.66e-22	1.84e-16	5.07e-11	5.36e-07	3.90e-04	2.62e-02	9.73e-01	0.00e+00	0.00e+00	0.00e+00	0.00e+00	0.00e+00
 1.33952e+14	2.14e-22	2.31e-16	6.16e-11	6.22e-07	4.30e-04	2.76e-02	9.72e-01	0.00e+00	0.00e+00	0.00e+00	0.00e+00	0.00e+00
 1.38291e+14	2.90e-22	3.03e-16	7.85e-11	7.50e-07	4.87e-04	2.95e-02	9.70e-01	0.00e+00	0.00e+00	0.00e+00	0.00e+00	0.00e+00
 1.42945e+14	3.98e-22	4.03e-16	1.01e-10	9.11e-07	5.54e-04	3.16e-02	9.68e-01	0.00e+00	0.00e+00	0.00e+00	0.00e+00	0.00e+00
 1.47081e+14	5.31e-22	5.20e-16	1.26e-10	1.08e-06	6.19e-04	3.36e-02	9.66e-01	0.00e+00	0.00e+00	0.00e+00	0.00e+00	0.00e+00
 1.51527e+14	6.98e-22	6.68e-16	1.57e-10	1.28e-06	6.94e-04	3.58e-02	9.64e-01	0.00e+00	0.00e+00	0.00e+00	0.00e+00	0.00e+00
 1.57136e+14	9.92e-22	9.17e-16	2.08e-10	1.59e-06	7.99e-04	3.86e-02	9.61e-01	0.00e+00	0.00e+00	0.00e+00	0.00e+00	0.00e+00
 1.62830e+14	1.40e-21	1.25e-15	2.72e-10	1.96e-06	9.17e-04	4.16e-02	9.57e-01	0.00e+00	0.00e+00	0.00e+00	0.00e+00	0.00e+00
 1.67696e+14	1.85e-21	1.61e-15	3.41e-10	2.33e-06	1.03e-03	4.42e-02	9.55e-01	0.00e+00	0.00e+00	0.00e+00	0.00e+00	0.00e+00
 1.72910e+14	2.48e-21	2.10e-15	4.31e-10	2.79e-06	1.16e-03	4.71e-02	9.52e-01	0.00e+00	0.00e+00	0.00e+00	0.00e+00	0.00e+00
 1.79388e+14	3.50e-21	2.89e-15	5.70e-10	3.46e-06	1.33e-03	5.10e-02	9.48e-01	0.00e+00	0.00e+00	0.00e+00	0.00e+00	0.00e+00
 1.86010e+14	4.94e-21	3.95e-15	7.51e-10	4.27e-06	1.53e-03	5.50e-02	9.43e-01	0.00e+00	0.00e+00	0.00e+00	0.00e+00	0.00e+00
 1.91852e+14	6.69e-21	5.19e-15	9.51e-10	5.12e-06	1.72e-03	5.87e-02	9.40e-01	0.00e+00	0.00e+00	0.00e+00	0.00e+00	0.00e+00
 1.98183e+14	9.03e-21	6.86e-15	1.22e-09	6.20e-06	1.95e-03	6.28e-02	9.35e-01	0.00e+00	0.00e+00	0.00e+00	0.00e+00	0.00e+00
 2.05812e+14	1.30e-20	9.56e-15	1.62e-09	7.73e-06	2.25e-03	6.80e-02	9.30e-01	0.00e+00	0.00e+00	0.00e+00	0.00e+00	0.00e+00
 2.13382e+14	1.83e-20	1.31e-14	2.14e-09	9.55e-06	2.58e-03	7.33e-02	9.24e-01	0.00e+00	0.00e+00	0.00e+00	0.00e+00	0.00e+00
 2.20135e+14	2.49e-20	1.73e-14	2.72e-09	1.14e-05	2.91e-03	7.81e-02	9.19e-01	0.00e+00	0.00e+00	0.00e+00	0.00e+00	0.00e+00
 2.27575e+14	3.42e-20	2.32e-14	3.50e-09	1.39e-05	3.29e-03	8.37e-02	9.13e-01	0.00e+00	0.00e+00	0.00e+00	0.00e+00	0.00e+00
 2.36430e+14	4.96e-20	3.26e-14	4.69e-09	1.73e-05	3.80e-03	9.04e-02	9.06e-01	0.00e+00	0.00e+00	0.00e+00	0.00e+00	0.00e+00
 2.45242e+14	7.08e-20	4.52e-14	6.21e-09	2.15e-05	4.36e-03	9.74e-02	8.98e-01	0.00e+00	0.00e+00	0.00e+00	0.00e+00	0.00e+00
 2.53344e+14	9.59e-20	6.00e-14	7.96e-09	2.59e-05	4.92e-03	1.04e-01	8.91e-01	0.00e+00	0.00e+00	0.00e+00	0.00e+00	0.00e+00
 2.62409e+14	1.38e-19	8.31e-14	1.04e-08	3.18e-05	5.60e-03	1.11e-01	8.83e-01	0.00e+00	0.00e+00	0.00e+00	0.00e+00	0.00e+00
 2.72899e+14	2.03e-19	1.18e-13	1.41e-08	3.98e-05	6.48e-03	1.20e-01	8.73e-01	0.00e+00	0.00e+00	0.00e+00	0.00e+00	0.00e+00
 2.83202e+14	2.95e-19	1.66e-13	1.87e-08	4.93e-05	7.43e-03	1.29e-01	8.63e-01	0.00e+00	0.00e+00	0.00e+00	0.00e+00	0.00e+00
 2.93076e+14	4.16e-19	2.27e-13	2.44e-08	6.00e-05	8.42e-03	1.38e-01	8.53e-01	0.00e+00	0.00e+00	0.00e+00	0.00e+00	0.00e+00
 3.01735e+14	5.59e-19	2.97e-13	3.05e-08	7.09e-05	9.36e-03	1.46e-01	8.45e-01	0.00e+00	0.00e+00	0.00e+00	0.00e+00	0.00e+00
 3.08868e+14	7.10e-19	3.68e-13	3.65e-08	8.11e-05	1.02e-02	1.53e-01	8.37e-01	0.00e+00	0.00e+00	0.00e+00	0.00e+00	0.00e+00
 3.16711e+14	9.18e-19	4.64e-13	4.42e-08	9.35e-05	1.11e-02	1.60e-01	8.29e-01	0.00e+00	0.00e+00	0.00e+00	0.00e+00	0.00e+00
 3.26907e+14	1.26e-18	6.21e-13	5.64e-08	1.12e-04	1.25e-02	1.69e-01	8.18e-01	0.00e+00	0.00e+00	0.00e+00	0.00e+00	0.00e+00
 3.37658e+14	1.77e-18	8.40e-13	7.22e-08	1.35e-04	1.40e-02	1.80e-01	8.06e-01	0.00e+00	0.00e+00	0.00e+00	0.00e+00	0.00e+00
 3.46938e+14	2.35e-18	1.08e-12	8.88e-08	1.57e-04	1.54e-02	1.88e-01	7.96e-01	0.00e+00	0.00e+00	0.00e+00	0.00e+00	0.00e+00
 3.56808e+14	3.14e-18	1.40e-12	1.10e-07	1.84e-04	1.70e-02	1.98e-01	7.85e-01	0.00e+00	0.00e+00	0.00e+00	0.00e+00	0.00e+00
 3.69639e+14	4.57e-18	1.96e-12	1.44e-07	2.24e-04	1.93e-02	2.10e-01	7.70e-01	0.00e+00	0.00e+00	0.00e+00	0.00e+00	0.00e+00
 3.82878e+14	6.56e-18	2.71e-12	1.89e-07	2.73e-04	2.18e-02	2.23e-01	7.55e-01	0.00e+00	0.00e+00	0.00e+00	0.00e+00	0.00e+00
 3.93930e+14	8.94e-18	3.55e-12	2.34e-07	3.19e-04	2.40e-02	2.34e-01	7.42e-01	0.00e+00	0.00e+00	0.00e+00	0.00e+00	0.00e+00
 4.05578e+14	1.22e-17	4.66e-12	2.92e-07	3.75e-04	2.65e-02	2.45e-01	7.28e-01	0.00e+00	0.00e+00	0.00e+00	0.00e+00	0.00e+00
 4.20420e+14	1.78e-17	6.51e-12	3.83e-07	4.56e-04	3.00e-02	2.59e-01	7.11e-01	0.00e+00	0.00e+00	0.00e+00	0.00e+00	0.00e+00
 4.36067e+14	2.67e-17	9.18e-12	5.04e-07	5.57e-04	3.39e-02	2.74e-01	6.92e-01	0.00e+00	0.00e+00	1.53e-17	8.11e-18	2.86e-18
 4.50065e+14	3.75e-17	1.23e-11	6.38e-07	6.61e-04	3.76e-02	2.86e-01	6.75e-01	0.00e+00	0.00e+00	2.15e-17	1.14e-17	3.99e-18
 4.65269e+14	5.32e-17	1.67e-11	8.16e-07	7.89e-04	4.19e-02	3.00e-01	6.57e-01	0.00e+00	0.00e+00	3.05e-17	1.62e-17	5.63e-18
 4.83354e+14	8.08e-17	2.40e-11	1.08e-06	9.67e-04	4.73e-02	3.16e-01	6.35e-01	0.00e+00	0.00e+00	4.63e-17	2.46e-17	8.49e-18
 5.01196e+14	1.18e-16	3.34e-11	1.41e-06	1.17e-03	5.30e-02	3.31e-01	6.15e-01	0.00e+00	0.00e+00	6.80e-17	3.60e-17	1.24e-17
 5.17404e+14	1.67e-16	4.48e-11	1.78e-06	1.38e-03	5.86e-02	3.45e-01	5.96e-01	0.00e+00	0.00e+00	9.61e-17	5.08e-17	1.74e-17
 5.35481e+14	2.35e-16	6.04e-11	2.29e-06	1.65e-03	6.50e-02	3.59e-01	5.75e-01	0.00e+00	0.00e+00	1.35e-16	7.14e-17	2.44e-17
 5.56627e+14	3.72e-16	8.83e-11	3.03e-06	2.01e-03	7.30e-02	3.75e-01	5.50e-01	0.00e+00	0.00e+00	2.14e-16	1.13e-16	3.84e-17
 5.77480e+14	5.48e-16	1.23e-10	3.94e-06	2.42e-03	8.13e-02	3.89e-01	5.27e-01	0.00e+00	0.00e+00	3.16e-16	1.66e-16	5.63e-17
 5.97140e+14	7.64e-16	1.64e-10	4.99e-06	2.85e-03	8.95e-02	4.02e-01	5.06e-01	0.00e+00	0.00e+00	4.40e-16	2.32e-16	7.82e-17
 6.19028e+14	1.12e-15	2.26e-10	6.43e-06	3.41e-03	9.91e-02	4.15e-01	4.82e-01	0.00e+00	0.00e+00	6.47e-16	3.40e-16	1.14e-16
 6.43819e+14	1.80e-15	3.31e-10	8.47e-06	4.13e-03	1.10e-01	4.29e-01	4.57e-01	0.00e+00	0.00e+00	1.04e-15	5.45e-16	1.82e-16
 6.64601e+14	2.53e-15	4.39e-10	1.05e-05	4.80e-03	1.20e-01	4.39e-01	4.36e-01	0.00e+00	0.00e+00	1.46e-15	7.68e-16	2.56e-16
 6.79511e+14	3.21e-15	5.35e-10	1.23e-05	5.33e-03	1.27e-01	4.46e-01	4.21e-01	0.00e+00	0.00e+00	1.86e-15	9.75e-16	3.25e-16
 6.95072e+14	4.10e-15	6.53e-10	1.43e-05	5.92e-03	1.35e-01	4.52e-01	4.07e-01	0.00e+00	0.00e+00	2.37e-15	1.24e-15	4.14e-16
 7.15301e+14	5.37e-15	8.23e-10	1.73e-05	6.76e-03	1.45e-01	4.60e-01	3.88e-01	0.00e+00	0.00e+00	3.11e-15	1.63e-15	5.41e-16
 7.37922e+14	7.72e-15	1.10e-09	2.14e-05	7.79e-03	1.57e-01	4.67e-01	3.68e-01	0.00e+00	0.00e+00	4.47e-15	2.34e-15	7.75e-16
 7.59114e+14	1.05e-14	1.40e-09	2.58e-05	8.85e-03	1.68e-01	4.73e-01	3.50e-01	0.00e+00	0.00e+00	6.06e-15	3.17e-15	1.05e-15
 7.82122e+14	1.40e-14	1.79e-09	3.13e-05	1.01e-02	1.80e-01	4.78e-01	3.32e-01	0.00e+00	0.00e+00	8.08e-15	4.23e-15	1.40e-15
 8.07960e+14	2.05e-14	2.41e-09	3.88e-05	1.16e-02	1.93e-01	4.83e-01	3.12e-01	0.00e+00	0.00e+00	1.19e-14	6.23e-15	2.05e-15
 8.32357e+14	2.79e-14	3.09e-09	4.69e-05	1.32e-02	2.06e-01	4.86e-01	2.94e-01	0.00e+00	0.00e+00	1.61e-14	8.45e-15	2.78e-15
 8.58953e+14	3.77e-14	3.96e-09	5.72e-05	1.51e-02	2.21e-01	4.89e-01	2.76e-01	0.00e+00	0.00e+00	2.18e-14	1.14e-14	3.75e-15
 8.88879e+14	5.65e-14	5.40e-09	7.11e-05	1.74e-02	2.37e-01	4.90e-01	2.56e-01	0.00e+00	0.00e+00	3.28e-14	1.71e-14	5.61e-15
 9.17288e+14	7.77e-14	6.96e-09	8.63e-05	1.98e-02	2.52e-01	4.90e-01	2.39e-01	0.00e+00	0.00e+00	4.51e-14	2.36e-14	7.71e-15
 9.48372e+14	1.06e-13	8.99e-09	1.06e-04	2.26e-02	2.68e-01	4.88e-01	2.21e-01	0.00e+00	0.00e+00	6.18e-14	3.23e-14	1.05e-14
 9.83342e+14	1.63e-13	1.24e-08	1.32e-04	2.60e-02	2.87e-01	4.85e-01	2.02e-01	0.00e+00	0.00e+00	9.46e-14	4.94e-14	1.61e-14
 1.01606e+15	2.26e-13	1.60e-08	1.60e-04	2.95e-02	3.03e-01	4.80e-01	1.87e-01	0.00e+00	0.00e+00	1.31e-13	6.86e-14	2.23e-14
 1.05130e+15	3.11e-13	2.07e-08	1.96e-04	3.35e-02	3.21e-01	4.75e-01	1.71e-01	0.00e+00	0.00e+00	1.80e-13	9.43e-14	3.07e-14
 1.09086e+15	4.78e-13	2.84e-08	2.43e-04	3.83e-02	3.40e-01	4.67e-01	1.55e-01	0.00e+00	0.00e+00	2.78e-13	1.45e-13	4.71e-14
 1.12779e+15	6.64e-13	3.67e-08	2.94e-04	4.32e-02	3.57e-01	4.58e-01	1.41e-01	0.00e+00	0.00e+00	3.86e-13	2.02e-13	6.54e-14
 1.16757e+15	9.13e-13	4.71e-08	3.57e-04	4.87e-02	3.75e-01	4.48e-01	1.28e-01	0.00e+00	0.00e+00	5.30e-13	2.77e-13	8.99e-14
 1.21242e+15	1.41e-12	6.48e-08	4.42e-04	5.55e-02	3.94e-01	4.36e-01	1.14e-01	0.00e+00	0.00e+00	8.21e-13	4.29e-13	1.39e-13
 1.25471e+15	1.97e-12	8.34e-08	5.33e-04	6.21e-02	4.11e-01	4.24e-01	1.03e-01	0.00e+00	0.00e+00	1.15e-12	5.99e-13	1.94e-13
 1.29331e+15	2.60e-12	1.03e-07	6.28e-04	6.85e-02	4.25e-01	4.12e-01	9.32e-02	0.00e+00	0.00e+00	1.51e-12	7.89e-13	2.55e-13
 1.33629e+15	3.59e-12	1.32e-07	7.49e-04	7.60e-02	4.41e-01	3.99e-01	8.37e-02	0.00e+00	0.00e+00	2.09e-12	1.09e-12	3.53e-13
 1.38472e+15	5.43e-12	1.77e-07	9.07e-04	8.50e-02	4.56e-01	3.84e-01	7.40e-02	0.00e+00	0.00e+00	3.16e-12	1.65e-12	5.33e-13
 1.43036e+15	7.39e-12	2.23e-07	1.07e-03	9.36e-02	4.70e-01	3.69e-01	6.62e-02	0.00e+00	0.00e+00	4.30e-12	2.24e-12	7.25e-13
 1.46951e+15	9.41e-12	2.67e-07	1.23e-03	1.01e-01	4.81e-01	3.57e-01	6.02e-02	0.00e+00	0.00e+00	5.47e-12	2.86e-12	9.23e-13
 1.51012e+15	1.23e-11	3.26e-07	1.42e-03	1.10e-01	4.91e-01	3.44e-01	5.44e-02	0.00e+00	0.00e+00	7.16e-12	3.74e-12	1.21e-12
 1.55586e+15	1.74e-11	4.15e-07	1.65e-03	1.19e-01	5.01e-01	3.29e-01	4.85e-02	0.00e+00	0.00e+00	1.01e-11	5.28e-12	1.70e-12
 1.59759e+15	2.25e-11	5.00e-07	1.89e-03	1.28e-01	5.09e-01	3.17e-01	4.38e-02	0.00e+00	0.00e+00	1.31e-11	6.83e-12	2.21e-12
 1.64113e+15	2.90e-11	6.03e-07	2.15e-03	1.38e-01	5.17e-01	3.03e-01	3.94e-02	0.00e+00	0.00e+00	1.69e-11	8.82e-12	2.85e-12
 1.69774e+15	4.11e-11	7.74e-07	2.55e-03	1.51e-01	5.25e-01	2.87e-01	3.43e-02	0.00e+00	0.00e+00	2.39e-11	1.25e-11	4.04e-12
 1.75516e+15	5.38e-11	9.50e-07	2.98e-03	1.64e-01	5.32e-01	2.71e-01	3.00e-02	0.00e+00	0.00e+00	3.13e-11	1.64e-11	5.28e-12
 1.80381e+15	7.45e-11	1.19e-06	3.41e-03	1.76e-01	5.37e-01	2.57e-01	2.66e-02	0.00e+00	0.00e+00	4.33e-11	2.26e-11	7.31e-12
 1.84986e+15	9.51e-11	1.41e-06	3.84e-03	1.87e-01	5.41e-01	2.45e-01	2.39e-02	0.00e+00	0.00e+00	5.53e-11	2.89e-11	9.34e-12
 1.90234e+15	1.19e-10	1.67e-06	4.37e-03	2.00e-01	5.43e-01	2.32e-01	2.11e-02	0.00e+00	0.00e+00	6.92e-11	3.62e-11	1.17e-11
 1.97057e+15	1.76e-10	2.19e-06	5.17e-03	2.17e-01	5.45e-01	2.15e-01	1.79e-02	0.00e+00	0.00e+00	1.03e-10	5.36e-11	1.73e-11
 2.03969e+15	2.32e-10	2.69e-06	6.04e-03	2.34e-01	5.46e-01	1.99e-01	1.53e-02	0.00e+00	0.00e+00	1.35e-10	7.06e-11	2.28e-11
 2.09655e+15	3.21e-10	3.35e-06	6.87e-03	2.48e-01	5.45e-01	1.87e-01	1.34e-02	0.00e+00	0.00e+00	1.87e-10	9.76e-11	3.16e-11
 2.15705e+15	4.23e-10	4.07e-06	7.82e-03	2.64e-01	5.43e-01	1.74e-01	1.16e-02	0.00e+00	0.00e+00	2.46e-10	1.29e-10	4.16e-11
 2.23509e+15	5.60e-10	5.03e-06	9.14e-03	2.83e-01	5.38e-01	1.60e-01	9.75e-03	0.00e+00	0.00e+00	3.26e-10	1.71e-10	5.52e-11
 2.31412e+15	8.37e-10	6.59e-06	1.07e-02	3.03e-01	5.32e-01	1.45e-01	8.08e-03	0.00e+00	0.00e+00	4.87e-10	2.55e-10	8.25e-11
 2.37660e+15	1.08e-09	7.87e-06	1.20e-02	3.19e-01	5.27e-01	1.35e-01	7.02e-03	0.00e+00	0.00e+00	6.27e-10	3.28e-10	1.06e-10
 2.43937e+15	1.39e-09	9.40e-06	1.35e-02	3.34e-01	5.20e-01	1.26e-01	6.09e-03	0.00e+00	0.00e+00	8.07e-10	4.23e-10	1.37e-10
 2.52097e+15	1.88e-09	1.17e-05	1.56e-02	3.54e-01	5.11e-01	1.14e-01	5.07e-03	0.00e+00	0.00e+00	1.09e-09	5.72e-10	1.85e-10
 2.60438e+15	2.62e-09	1.47e-05	1.80e-02	3.75e-01	5.00e-01	1.03e-01	4.20e-03	0.00e+00	0.00e+00	1.53e-09	7.99e-10	2.59e-10
 2.67157e+15	3.33e-09	1.74e-05	2.01e-02	3.91e-01	4.91e-01	9.51e-02	3.62e-03	0.00e+00	0.00e+00	1.94e-09	1.02e-09	3.30e-10
 2.72775e+15	4.08e-09	2.01e-05	2.20e-02	4.04e-01	4.82e-01	8.89e-02	3.19e-03	0.00e+00	0.00e+00	2.37e-09	1.24e-09	4.04e-10
 2.78818e+15	5.07e-09	2.34e-05	2.42e-02	4.18e-01	4.73e-01	8.25e-02	2.79e-03	0.00e+00	0.00e+00	2.95e-09	1.55e-09	5.02e-10
 2.85610e+15	6.12e-09	2.68e-05	2.68e-02	4.33e-01	4.62e-01	7.60e-02	2.42e-03	0.00e+00	0.00e+00	3.56e-09	1.87e-09	6.06e-10
 2.93376e+15	8.41e-09	3.33e-05	3.02e-02	4.50e-01	4.49e-01	6.88e-02	2.02e-03	0.00e+00	0.00e+00	4.89e-09	2.57e-09	8.33e-10
 3.01819e+15	1.05e-08	3.92e-05	3.41e-02	4.67e-01	4.35e-01	6.21e-02	1.69e-03	0.00e+00	0.00e+00	6.10e-09	3.20e-09	1.04e-09
 3.09794e+15	1.45e-08	4.87e-05	3.84e-02	4.84e-01	4.20e-01	5.60e-02	1.40e-03	0.00e+00	0.00e+00	8.41e-09	4.41e-09	1.44e-09
 3.17132e+15	1.83e-08	5.74e-05	4.25e-02	4.98e-01	4.07e-01	5.09e-02	1.19e-03	0.00e+00	0.00e+00	1.06e-08	5.58e-09	1.82e-09
 3.23871e+15	2.27e-08	6.69e-05	4.66e-02	5.11e-01	3.95e-01	4.67e-02	1.03e-03	0.00e+00	0.00e+00	1.32e-08	6.93e-09	2.26e-09
 3.30507e+15	2.80e-08	7.75e-05	5.11e-02	5.23e-01	3.83e-01	4.28e-02	8.87e-04	0.00e+00	0.00e+00	1.63e-08	8.55e-09	2.79e-09
 3.38125e+15	3.37e-08	8.91e-05	5.64e-02	5.35e-01	3.69e-01	3.88e-02	7.55e-04	0.00e+00	0.00e+00	1.96e-08	1.03e-08	3.36e-09
 3.48029e+15	4.90e-08	1.15e-04	6.47e-02	5.51e-01	3.50e-01	3.38e-02	5.97e-04	0.00e+00	0.00e+00	2.85e-08	1.50e-08	4.88e-09
 3.57824e+15	6.13e-08	1.36e-04	7.30e-02	5.65e-01	3.32e-01	2.97e-02	4.85e-04	0.00e+00	0.00e+00	3.57e-08	1.87e-08	6.11e-09
 3.65820e+15	8.45e-08	1.69e-04	8.15e-02	5.75e-01	3.16e-01	2.64e-02	3.99e-04	0.00e+00	0.00e+00	4.92e-08	2.58e-08	8.43e-09
 3.73252e+15	1.06e-07	1.98e-04	8.97e-02	5.84e-01	3.02e-01	2.37e-02	3.36e-04	0.00e+00	0.00e+00	6.16e-08	3.24e-08	1.06e-08
 3.80456e+15	1.33e-07	2.32e-04	9.85e-02	5.91e-01	2.88e-01	2.14e-02	2.83e-04	0.00e+00	0.00e+00	7.71e-08	4.05e-08	1.32e-08
 3.88666e+15	1.72e-07	2.80e-04	1.10e-01	5.98e-01	2.72e-01	1.89e-02	2.32e-04	0.00e+00	0.00e+00	1.00e-07	5.27e-08	1.72e-08
 3.97556e+15	2.11e-07	3.27e-04	1.22e-01	6.05e-01	2.56e-01	1.66e-02	1.90e-04	0.00e+00	0.00e+00	1.23e-07	6.46e-08	2.11e-08
 4.05900e+15	3.00e-07	4.14e-04	1.37e-01	6.08e-01	2.40e-01	1.44e-02	1.51e-04	0.00e+00	0.00e+00	1.74e-07	9.17e-08	3.00e-08
 4.12523e+15	3.65e-07	4.77e-04	1.49e-01	6.10e-01	2.27e-01	1.29e-02	1.29e-04	0.00e+00	0.00e+00	2.12e-07	1.12e-07	3.66e-08
 4.18340e+15	4.45e-07	5.49e-04	1.62e-01	6.10e-01	2.16e-01	1.17e-02	1.10e-04	0.00e+00	0.00e+00	2.59e-07	1.36e-07	4.47e-08
 4.25903e+15	5.63e-07	6.52e-04	1.79e-01	6.09e-01	2.02e-01	1.02e-02	9.02e-05	0.00e+00	0.00e+00	3.28e-07	1.72e-07	5.65e-08
 4.33900e+15	7.61e-07	8.03e-04	1.99e-01	6.05e-01	1.87e-01	8.77e-03	7.15e-05	0.00e+00	0.00e+00	4.43e-07	2.33e-07	7.65e-08
 4.39647e+15	9.13e-07	9.16e-04	2.15e-01	6.01e-01	1.76e-01	7.88e-03	6.10e-05	0.00e+00	0.00e+00	5.31e-07	2.80e-07	9.18e-08
 4.43514e+15	1.05e-06	1.01e-03	2.26e-01	5.97e-01	1.69e-01	7.28e-03	5.43e-05	0.00e+00	0.00e+00	6.11e-07	3.22e-07	1.06e-07
 4.47757e+15	1.23e-06	1.13e-03	2.40e-01	5.91e-01	1.60e-01	6.65e-03	4.75e-05	0.00e+00	0.00e+00	7.17e-07	3.78e-07	1.24e-07
 4.53273e+15	1.42e-06	1.26e-03	2.58e-01	5.84e-01	1.50e-01	5.94e-03	4.05e-05	0.00e+00	0.00e+00	8.28e-07	4.36e-07	1.43e-07
 4.60443e+15	2.03e-06	1.61e-03	2.88e-01	5.69e-01	1.36e-01	4.97e-03	3.10e-05	0.00e+00	0.00e+00	1.18e-06	6.21e-07	2.04e-07
 4.66381e+15	2.49e-06	1.86e-03	3.12e-01	5.57e-01	1.25e-01	4.33e-03	2.55e-05	0.00e+00	0.00e+00	1.45e-06	7.65e-07	2.51e-07
 4.69752e+15	2.86e-06	2.05e-03	3.27e-01	5.48e-01	1.19e-01	3.97e-03	2.26e-05	0.00e+00	0.00e+00	1.66e-06	8.76e-07	2.88e-07
 4.73170e+15	3.30e-06	2.27e-03	3.44e-01	5.38e-01	1.13e-01	3.61e-03	1.97e-05	0.00e+00	0.00e+00	1.92e-06	1.01e-06	3.33e-07
 4.77615e+15	3.76e-06	2.50e-03	3.65e-01	5.25e-01	1.05e-01	3.21e-03	1.68e-05	0.00e+00	0.00e+00	2.19e-06	1.15e-06	3.79e-07
 4.83392e+15	5.19e-06	3.11e-03	3.99e-01	5.02e-01	9.33e-02	2.66e-03	1.28e-05	0.00e+00	0.00e+00	3.02e-06	1.59e-06	5.24e-07
 4.88361e+15	6.21e-06	3.54e-03	4.26e-01	4.84e-01	8.49e-02	2.29e-03	1.05e-05	0.00e+00	0.00e+00	3.61e-06	1.91e-06	6.28e-07
 4.91617e+15	7.00e-06	3.85e-03	4.45e-01	4.70e-01	7.92e-02	2.06e-03	9.10e-06	0.00e+00	0.00e+00	4.07e-06	2.15e-06	7.09e-07
 4.95187e+15	8.22e-06	4.31e-03	4.68e-01	4.53e-01	7.29e-02	1.81e-03	7.63e-06	0.00e+00	0.00e+00	4.78e-06	2.52e-06	8.32e-07
 4.99828e+15	1.09e-05	5.20e-03	5.02e-01	4.27e-01	6.44e-02	1.49e-03	5.82e-06	0.00e+00	0.00e+00	6.36e-06	3.36e-06	1.11e-06
 5.04061e+15	1.30e-05	5.87e-03	5.30e-01	4.05e-01	5.78e-02	1.27e-03	4.69e-06	0.00e+00	0.00e+00	7.56e-06	3.99e-06	1.32e-06
 5.07246e+15	1.47e-05	6.41e-03	5.52e-01	3.88e-01	5.28e-02	1.11e-03	3.94e-06	0.00e+00	0.00e+00	8.58e-06	4.53e-06	1.50e-06
 5.10870e+15	1.87e-05	7.48e-03	5.81e-01	3.64e-01	4.68e-02	9.24e-04	3.07e-06	0.00e+00	0.00e+00	1.09e-05	5.74e-06	1.90e-06
 5.14522e+15	2.12e-05	8.17e-03	6.06e-01	3.43e-01	4.19e-02	7.88e-04	2.50e-06	0.00e+00	0.00e+00	1.23e-05	6.50e-06	2.15e-06
 5.18210e+15	2.72e-05	9.61e-03	6.37e-01	3.17e-01	3.63e-02	6.36e-04	1.87e-06	0.00e+00	0.00e+00	1.58e-05	8.37e-06	2.77e-06
 5.21831e+15	3.26e-05	1.08e-02	6.63e-01	2.94e-01	3.18e-02	5.24e-04	1.45e-06	0.00e+00	0.00e+00	1.90e-05	1.00e-05	3.32e-06
 5.24889e+15	3.67e-05	1.17e-02	6.84e-01	2.75e-01	2.82e-02	4.44e-04	1.18e-06	0.00e+00	0.00e+00	2.13e-05	1.13e-05	3.74e-06
 5.28390e+15	4.65e-05	1.36e-02	7.12e-01	2.50e-01	2.40e-02	3.50e-04	8.59e-07	0.00e+00	0.00e+00	2.71e-05	1.43e-05	4.75e-06
 5.31952e+15	5.60e-05	1.54e-02	7.36e-01	2.28e-01	2.05e-02	2.78e-04	0.00e+00	0.00e+00	0.00e+00	3.26e-05	1.72e-05	5.72e-06
 5.34531e+15	6.39e-05	1.67e-02	7.53e-01	2.12e-01	1.82e-02	2.35e-04	0.00e+00	0.00e+00	0.00e+00	3.72e-05	1.97e-05	6.53e-06
 5.36447e+15	7.08e-05	1.78e-02	7.65e-01	2.00e-01	1.65e-02	2.05e-04	0.00e+00	0.00e+00	0.00e+00	4.12e-05	2.18e-05	7.24e-06
 5.38563e+15	7.75e-05	1.89e-02	7.78e-01	1.88e-01	1.48e-02	1.77e-04	0.00e+00	0.00e+00	0.00e+00	4.51e-05	2.38e-05	7.93e-06
 5.41314e+15	9.27e-05	2.11e-02	7.95e-01	1.71e-01	1.27e-02	1.41e-04	0.00e+00	0.00e+00	0.00e+00	5.39e-05	2.85e-05	9.49e-06
 5.43936e+15	1.06e-04	2.29e-02	8.09e-01	1.57e-01	1.10e-02	1.16e-04	0.00e+00	0.00e+00	0.00e+00	6.16e-05	3.26e-05	1.08e-05
 5.46006e+15	1.16e-04	2.42e-02	8.20e-01	1.46e-01	9.83e-03	9.90e-05	0.00e+00	0.00e+00	0.00e+00	6.76e-05	3.58e-05	1.19e-05
 5.48311e+15	1.34e-04	2.64e-02	8.31e-01	1.33e-01	8.50e-03	8.06e-05	0.00e+00	0.00e+00	0.00e+00	7.82e-05	4.14e-05	1.38e-05
 5.50768e+15	1.53e-04	2.86e-02	8.42e-01	1.22e-01	7.34e-03	6.54e-05	0.00e+00	0.00e+00	0.00e+00	8.92e-05	4.72e-05	1.57e-05
 5.53048e+15	1.73e-04	3.07e-02	8.51e-01	1.11e-01	6.36e-03	5.36e-05	0.00e+00	0.00e+00	0.00e+00	1.01e-04	5.32e-05	1.77e-05
 5.55637e+15	1.99e-04	3.34e-02	8.61e-01	1.00e-01	5.37e-03	4.22e-05	0.00e+00	0.00e+00	0.00e+00	1.16e-04	6.12e-05	2.04e-05
 5.58429e+15	2.30e-04	3.64e-02	8.70e-01	8.94e-02	4.48e-03	3.27e-05	0.00e+00	0.00e+00	0.00e+00	1.34e-04	7.09e-05	2.37e-05
 5.60932e+15	2.62e-04	3.92e-02	8.76e-01	8.06e-02	3.80e-03	2.59e-05	0.00e+00	0.00e+00	0.00e+00	1.52e-04	8.05e-05	2.69e-05
 5.63632e+15	3.02e-04	4.25e-02	8.82e-01	7.16e-02	3.14e-03	1.98e-05	0.00e+00	0.00e+00	0.00e+00	1.75e-04	9.29e-05	3.10e-05
 5.66548e+15	3.49e-04	4.62e-02	8.88e-01	6.31e-02	2.57e-03	1.50e-05	0.00e+00	0.00e+00	0.00e+00	2.03e-04	1.07e-04	3.60e-05
 5.69161e+15	3.98e-04	4.97e-02	8.91e-01	5.63e-02	2.14e-03	1.16e-05	0.00e+00	0.00e+00	0.00e+00	2.32e-04	1.23e-04	4.10e-05
 5.71590e+15	4.50e-04	5.32e-02	8.94e-01	5.05e-02	1.80e-03	9.07e-06	0.00e+00	0.00e+00	0.00e+00	2.62e-04	1.38e-04	4.63e-05
 5.74363e+15	5.17e-04	5.75e-02	8.96e-01	4.44e-02	1.47e-03	6.78e-06	0.00e+00	0.00e+00	0.00e+00	3.01e-04	1.59e-04	5.34e-05
 5.77396e+15	6.00e-04	6.24e-02	8.97e-01	3.87e-02	1.18e-03	4.98e-06	0.00e+00	0.00e+00	0.00e+00	3.49e-04	1.85e-04	6.19e-05
 5.80131e+15	6.86e-04	6.72e-02	8.97e-01	3.41e-02	9.66e-04	3.75e-06	0.00e+00	0.00e+00	0.00e+00	3.99e-04	2.11e-04	7.08e-05
 5.82671e+15	7.76e-04	7.18e-02	8.96e-01	3.03e-02	8.02e-04	2.88e-06	0.00e+00	0.00e+00	0.00e+00	4.52e-04	2.39e-04	8.02e-05
 5.85590e+15	8.95e-04	7.76e-02	8.94e-01	2.64e-02	6.42e-04	2.10e-06	0.00e+00	0.00e+00	0.00e+00	5.20e-04	2.75e-04	9.24e-05
 5.88789e+15	1.04e-03	8.43e-02	8.91e-01	2.27e-02	5.08e-04	1.50e-06	0.00e+00	0.00e+00	0.00e+00	6.06e-04	3.21e-04	1.08e-04
 5.91665e+15	1.20e-03	9.07e-02	8.88e-01	1.99e-02	4.10e-04	1.10e-06	0.00e+00	0.00e+00	0.00e+00	6.97e-04	3.69e-04	1.24e-04
 5.94298e+15	1.36e-03	9.71e-02	8.84e-01	1.76e-02	3.37e-04	8.33e-07	0.00e+00	0.00e+00	0.00e+00	7.91e-04	4.18e-04	1.40e-04
 5.97304e+15	1.57e-03	1.05e-01	8.78e-01	1.52e-02	2.68e-04	0.00e+00	0.00e+00	0.00e+00	0.00e+00	9.14e-04	4.84e-04	1.62e-04
 6.00605e+15	1.84e-03	1.14e-01	8.71e-01	1.30e-02	2.10e-04	0.00e+00	0.00e+00	0.00e+00	0.00e+00	1.07e-03	5.66e-04	1.90e-04
 6.03587e+15	2.13e-03	1.23e-01	8.63e-01	1.12e-02	1.68e-04	0.00e+00	0.00e+00	0.00e+00	0.00e+00	1.24e-03	6.55e-04	2.20e-04
 6.06311e+15	2.42e-03	1.32e-01	8.56e-01	9.87e-03	1.37e-04	0.00e+00	0.00e+00	0.00e+00	0.00e+00	1.41e-03	7.46e-04	2.51e-04
 6.09403e+15	2.82e-03	1.43e-01	8.46e-01	8.47e-03	1.08e-04	0.00e+00	0.00e+00	0.00e+00	0.00e+00	1.64e-03	8.68e-04	2.92e-04
 6.12811e+15	3.33e-03	1.56e-01	8.34e-01	7.16e-03	8.31e-05	0.00e+00	0.00e+00	0.00e+00	0.00e+00	1.94e-03	1.03e-03	3.45e-04
 6.15908e+15	3.88e-03	1.69e-01	8.21e-01	6.15e-03	6.58e-05	0.00e+00	0.00e+00	0.00e+00	0.00e+00	2.26e-03	1.20e-03	4.02e-04
 6.18739e+15	4.46e-03	1.81e-01	8.09e-01	5.34e-03	5.29e-05	0.00e+00	0.00e+00	0.00e+00	0.00e+00	2.60e-03	1.37e-03	4.62e-04
 6.21949e+15	5.26e-03	1.97e-01	7.93e-01	4.51e-03	4.10e-05	0.00e+00	0.00e+00	0.00e+00	0.00e+00	3.06e-03	1.62e-03	5.44e-04
 6.25472e+15	6.30e-03	2.17e-01	7.73e-01	3.76e-03	3.11e-05	0.00e+00	0.00e+00	0.00e+00	0.00e+00	3.67e-03	1.94e-03	6.52e-04
 6.28699e+15	7.45e-03	2.36e-01	7.54e-01	3.16e-03	2.41e-05	0.00e+00	0.00e+00	0.00e+00	0.00e+00	4.34e-03	2.29e-03	7.71e-04
 6.32192e+15	8.95e-03	2.59e-01	7.30e-01	2.60e-03	1.80e-05	0.00e+00	0.00e+00	0.00e+00	0.00e+00	5.21e-03	2.75e-03	9.27e-04
 6.36044e+15	1.10e-02	2.87e-01	7.00e-01	2.09e-03	1.31e-05	0.00e+00	0.00e+00	0.00e+00	0.00e+00	6.41e-03	3.39e-03	1.14e-03
 6.39554e+15	1.33e-02	3.15e-01	6.70e-01	1.70e-03	9.70e-06	0.00e+00	0.00e+00	0.00e+00	0.00e+00	7.75e-03	4.09e-03	1.38e-03
 6.42751e+15	1.59e-02	3.43e-01	6.40e-01	1.40e-03	7.31e-06	0.00e+00	0.00e+00	0.00e+00	0.00e+00	9.27e-03	4.90e-03	1.65e-03
 6.46348e+15	1.95e-02	3.77e-01	6.02e-01	1.10e-03	5.21e-06	0.00e+00	0.00e+00	0.00e+00	0.00e+00	1.14e-02	6.00e-03	2.02e-03
 6.50183e+15	2.43e-02	4.17e-01	5.58e-01	8.46e-04	3.61e-06	0.00e+00	0.00e+00	0.00e+00	0.00e+00	1.42e-02	7.49e-03	2.52e-03
