#depth	N	N+	N+2	N+3	N+4	N+5	N+6	N+7
 1.49634e+10	0.00e+00	6.36e-32	2.83e-23	2.81e-15	3.08e-08	9.98e-01	1.62e-03	0.00e+00
 4.54887e+10	2.60e-41	9.01e-32	3.70e-23	3.37e-15	3.38e-08	9.99e-01	1.48e-03	1.10e-09
 7.72350e+10	0.00e+00	1.28e-31	4.83e-23	4.05e-15	3.72e-08	9.99e-01	1.34e-03	0.00e+00
 1.10251e+11	6.14e-41	1.80e-31	6.31e-23	4.87e-15	4.09e-08	9.99e-01	1.22e-03	0.00e+00
 1.44588e+11	0.00e+00	2.55e-31	8.25e-23	5.87e-15	4.51e-08	9.99e-01	1.11e-03	0.00e+00
 1.80298e+11	1.44e-40	3.61e-31	1.08e-22	7.06e-15	4.96e-08	9.99e-01	1.00e-03	0.00e+00
 2.17437e+11	0.00e+00	5.10e-31	1.41e-22	8.51e-15	5.47e-08	9.99e-01	9.12e-04	0.00e+00
 2.51057e+11	3.19e-40	6.89e-31	1.78e-22	1.00e-14	5.96e-08	9.99e-01	8.37e-04	0.00e+00
 2.79118e+11	0.00e+00	8.78e-31	2.15e-22	1.14e-14	6.39e-08	9.99e-01	7.82e-04	0.00e+00
 3.09878e+11	5.89e-40	1.14e-30	2.63e-22	1.32e-14	6.88e-08	9.99e-01	7.26e-04	0.00e+00
 3.48772e+11	0.00e+00	1.55e-30	3.36e-22	1.56e-14	7.53e-08	9.99e-01	6.64e-04	0.00e+00
 3.89325e+11	1.27e-39	2.13e-30	4.30e-22	1.86e-14	8.26e-08	9.99e-01	6.06e-04	0.00e+00
 4.23800e+11	0.00e+00	2.75e-30	5.26e-22	2.14e-14	8.91e-08	9.99e-01	5.62e-04	0.00e+00
 4.59293e+11	2.37e-39	3.55e-30	6.43e-22	2.47e-14	9.61e-08	9.99e-01	5.21e-04	0.00e+00
 5.03905e+11	0.00e+00	4.83e-30	8.20e-22	2.94e-14	1.05e-07	1.00e+00	4.76e-04	0.00e+00
 5.49202e+11	4.94e-39	6.51e-30	1.04e-21	3.48e-14	1.15e-07	1.00e+00	4.35e-04	0.00e+00
 5.88140e+11	0.00e+00	8.34e-30	1.26e-21	4.01e-14	1.24e-07	1.00e+00	4.03e-04	0.00e+00
 6.29979e+11	9.09e-39	1.08e-29	1.55e-21	4.64e-14	1.35e-07	1.00e+00	3.73e-04	0.00e+00
 6.81663e+11	0.00e+00	1.46e-29	1.97e-21	5.52e-14	1.48e-07	1.00e+00	3.40e-04	0.00e+00
 7.34615e+11	1.87e-38	1.96e-29	2.50e-21	6.55e-14	1.62e-07	1.00e+00	3.10e-04	0.00e+00
 7.82407e+11	0.00e+00	2.54e-29	3.07e-21	7.60e-14	1.76e-07	1.00e+00	2.86e-04	0.00e+00
 8.35024e+11	3.54e-38	3.33e-29	3.81e-21	8.89e-14	1.91e-07	1.00e+00	2.63e-04	0.00e+00
 8.97022e+11	0.00e+00	4.53e-29	4.87e-21	1.06e-13	2.11e-07	1.00e+00	2.39e-04	0.00e+00
 9.59057e+11	7.27e-38	6.07e-29	6.16e-21	1.26e-13	2.31e-07	1.00e+00	2.18e-04	0.00e+00
 1.01804e+12	0.00e+00	7.92e-29	7.63e-21	1.47e-13	2.52e-07	1.00e+00	2.00e-04	0.00e+00
 1.08315e+12	1.40e-37	1.05e-28	9.56e-21	1.74e-13	2.76e-07	1.00e+00	1.83e-04	0.00e+00
 1.15640e+12	0.00e+00	1.42e-28	1.22e-20	2.08e-13	3.04e-07	1.00e+00	1.66e-04	0.00e+00
 1.22968e+12	2.85e-37	1.90e-28	1.54e-20	2.46e-13	3.34e-07	1.00e+00	1.52e-04	0.00e+00
 1.29459e+12	0.00e+00	2.43e-28	1.88e-20	2.85e-13	3.61e-07	1.00e+00	1.40e-04	0.00e+00
 1.34901e+12	4.87e-37	2.97e-28	2.20e-20	3.20e-13	3.86e-07	1.00e+00	1.31e-04	0.00e+00
 1.40758e+12	0.00e+00	3.65e-28	2.61e-20	3.62e-13	4.12e-07	1.00e+00	1.23e-04	0.00e+00
 1.48371e+12	8.54e-37	4.74e-28	3.22e-20	4.22e-13	4.49e-07	1.00e+00	1.13e-04	0.00e+00
 1.56339e+12	0.00e+00	6.16e-28	3.97e-20	4.93e-13	4.89e-07	1.00e+00	1.04e-04	0.00e+00
 1.63143e+12	1.51e-36	7.65e-28	4.73e-20	5.60e-13	5.24e-07	1.00e+00	9.68e-05	0.00e+00
 1.70361e+12	0.00e+00	9.56e-28	5.66e-20	6.39e-13	5.64e-07	1.00e+00	9.02e-05	0.00e+00
 1.79426e+12	2.73e-36	1.25e-27	7.03e-20	7.48e-13	6.15e-07	1.00e+00	8.27e-05	0.00e+00
 1.88756e+12	0.00e+00	1.63e-27	8.70e-20	8.76e-13	6.71e-07	1.00e+00	7.59e-05	0.00e+00
 1.96993e+12	4.92e-36	2.05e-27	1.04e-19	1.00e-12	7.22e-07	1.00e+00	7.05e-05	0.00e+00
 2.05943e+12	0.00e+00	2.60e-27	1.27e-19	1.15e-12	7.79e-07	1.00e+00	6.54e-05	0.00e+00
 2.15812e+12	8.85e-36	3.34e-27	1.55e-19	1.33e-12	8.46e-07	1.00e+00	6.02e-05	0.00e+00
 2.24896e+12	0.00e+00	4.18e-27	1.86e-19	1.52e-12	9.10e-07	1.00e+00	5.60e-05	0.00e+00
 2.34724e+12	1.54e-35	5.29e-27	2.25e-19	1.75e-12	9.82e-07	1.00e+00	5.20e-05	0.00e+00
 2.45692e+12	0.00e+00	6.82e-27	2.75e-19	2.03e-12	1.07e-06	1.00e+00	4.79e-05	0.00e+00
 2.55976e+12	2.74e-35	8.58e-27	3.31e-19	2.32e-12	1.15e-06	1.00e+00	4.45e-05	0.00e+00
 2.67181e+12	0.00e+00	1.09e-26	4.02e-19	2.67e-12	1.24e-06	1.00e+00	4.12e-05	0.00e+00
 2.79627e+12	4.99e-35	1.42e-26	4.96e-19	3.10e-12	1.35e-06	1.00e+00	3.79e-05	0.00e+00
 2.91242e+12	0.00e+00	1.79e-26	5.98e-19	3.55e-12	1.45e-06	1.00e+00	3.52e-05	0.00e+00
 3.03899e+12	8.90e-35	2.29e-26	7.29e-19	4.10e-12	1.57e-06	1.00e+00	3.26e-05	0.00e+00
 3.18054e+12	0.00e+00	2.99e-26	9.03e-19	4.78e-12	1.71e-06	1.00e+00	3.00e-05	0.00e+00
 3.31412e+12	1.64e-34	3.81e-26	1.10e-18	5.50e-12	1.85e-06	1.00e+00	2.78e-05	0.00e+00
 3.46020e+12	2.23e-34	4.93e-26	1.35e-18	6.36e-12	2.00e-06	1.00e+00	2.56e-05	0.00e+00
 3.62377e+12	3.11e-34	6.49e-26	1.68e-18	7.46e-12	2.18e-06	1.00e+00	2.35e-05	0.00e+00
 3.77897e+12	4.23e-34	8.37e-26	2.06e-18	8.62e-12	2.36e-06	1.00e+00	2.17e-05	0.00e+00
 3.94513e+12	5.81e-34	1.09e-25	2.54e-18	1.00e-11	2.56e-06	1.00e+00	2.01e-05	0.00e+00
 4.13286e+12	8.20e-34	1.45e-25	3.19e-18	1.18e-11	2.80e-06	1.00e+00	1.84e-05	0.00e+00
 4.31906e+12	1.14e-33	1.91e-25	3.97e-18	1.37e-11	3.04e-06	1.00e+00	1.69e-05	0.00e+00
 4.51271e+12	1.60e-33	2.52e-25	4.94e-18	1.60e-11	3.31e-06	1.00e+00	1.56e-05	0.00e+00
 4.72314e+12	2.26e-33	3.36e-25	6.20e-18	1.88e-11	3.61e-06	1.00e+00	1.43e-05	0.00e+00
 4.94199e+12	3.23e-33	4.50e-25	7.80e-18	2.20e-11	3.93e-06	1.00e+00	1.31e-05	0.00e+00
 5.14980e+12	4.45e-33	5.87e-25	9.62e-18	2.55e-11	4.25e-06	1.00e+00	1.21e-05	0.00e+00
 5.33697e+12	5.91e-33	7.40e-25	1.16e-17	2.90e-11	4.55e-06	1.00e+00	1.13e-05	0.00e+00
 5.51175e+12	7.62e-33	9.13e-25	1.36e-17	3.25e-11	4.85e-06	1.00e+00	1.06e-05	0.00e+00
 5.70457e+12	1.01e-32	1.15e-24	1.63e-17	3.68e-11	5.17e-06	1.00e+00	9.97e-06	0.00e+00
 5.92156e+12	1.37e-32	1.47e-24	1.98e-17	4.21e-11	5.55e-06	1.00e+00	9.29e-06	0.00e+00
 6.12911e+12	1.81e-32	1.85e-24	2.37e-17	4.76e-11	5.93e-06	1.00e+00	8.70e-06	0.00e+00
 6.35807e+12	2.45e-32	2.37e-24	2.87e-17	5.44e-11	6.36e-06	1.00e+00	8.11e-06	0.00e+00
 6.61311e+12	3.39e-32	3.10e-24	3.53e-17	6.27e-11	6.86e-06	1.00e+00	7.53e-06	0.00e+00
 6.84771e+12	4.54e-32	3.93e-24	4.25e-17	7.12e-11	7.33e-06	1.00e+00	7.04e-06	0.00e+00
 7.06487e+12	5.90e-32	4.88e-24	5.02e-17	7.98e-11	7.79e-06	1.00e+00	6.64e-06	0.00e+00
 7.31371e+12	7.95e-32	6.21e-24	6.04e-17	9.06e-11	8.31e-06	1.00e+00	6.22e-06	0.00e+00
 7.61840e+12	1.13e-31	8.27e-24	7.53e-17	1.05e-10	8.98e-06	1.00e+00	5.75e-06	0.00e+00
 7.92286e+12	1.58e-31	1.08e-23	9.30e-17	1.21e-10	9.69e-06	1.00e+00	5.33e-06	0.00e+00
 8.18775e+12	2.11e-31	1.37e-23	1.11e-16	1.37e-10	1.03e-05	1.00e+00	5.01e-06	0.00e+00
 8.47403e+12	2.85e-31	1.75e-23	1.34e-16	1.56e-10	1.10e-05	1.00e+00	4.70e-06	0.00e+00
 8.82352e+12	4.11e-31	2.35e-23	1.67e-16	1.81e-10	1.19e-05	1.00e+00	4.36e-06	0.00e+00
 9.18001e+12	5.79e-31	3.11e-23	2.08e-16	2.09e-10	1.28e-05	1.00e+00	4.04e-06	0.00e+00
 9.50233e+12	7.93e-31	4.00e-23	2.52e-16	2.38e-10	1.37e-05	1.00e+00	3.78e-06	0.00e+00
 9.85537e+12	1.11e-30	5.22e-23	3.08e-16	2.72e-10	1.46e-05	1.00e+00	3.53e-06	0.00e+00
 1.02710e+13	1.62e-30	7.09e-23	3.88e-16	3.18e-10	1.58e-05	1.00e+00	3.27e-06	0.00e+00
 1.06859e+13	2.31e-30	9.45e-23	4.83e-16	3.69e-10	1.71e-05	1.00e+00	3.03e-06	0.00e+00
 1.10768e+13	3.23e-30	1.24e-22	5.91e-16	4.22e-10	1.83e-05	1.00e+00	2.83e-06	0.00e+00
 1.15092e+13	4.63e-30	1.65e-22	7.33e-16	4.87e-10	1.96e-05	1.00e+00	2.64e-06	0.00e+00
 1.19995e+13	6.76e-30	2.24e-22	9.27e-16	5.70e-10	2.12e-05	1.00e+00	2.44e-06	0.00e+00
 1.24897e+13	9.88e-30	3.03e-22	1.16e-15	6.62e-10	2.29e-05	1.00e+00	2.26e-06	0.00e+00
 1.29995e+13	1.45e-29	4.11e-22	1.46e-15	7.70e-10	2.47e-05	1.00e+00	2.10e-06	0.00e+00
 1.35494e+13	2.14e-29	5.62e-22	1.85e-15	9.01e-10	2.67e-05	1.00e+00	1.94e-06	0.00e+00
 1.41213e+13	3.17e-29	7.69e-22	2.34e-15	1.05e-09	2.88e-05	1.00e+00	1.79e-06	0.00e+00
 1.46739e+13	4.52e-29	1.02e-21	2.91e-15	1.22e-09	3.10e-05	1.00e+00	1.67e-06	0.00e+00
 1.51912e+13	6.31e-29	1.34e-21	3.55e-15	1.39e-09	3.31e-05	1.00e+00	1.56e-06	0.00e+00
 1.56797e+13	8.56e-29	1.71e-21	4.25e-15	1.57e-09	3.51e-05	1.00e+00	1.47e-06	0.00e+00
 1.62134e+13	1.18e-28	2.20e-21	5.15e-15	1.78e-09	3.75e-05	1.00e+00	1.38e-06	0.00e+00
 1.68065e+13	1.65e-28	2.89e-21	6.33e-15	2.05e-09	4.01e-05	1.00e+00	1.29e-06	0.00e+00
 1.73608e+13	2.25e-28	3.70e-21	7.63e-15	2.32e-09	4.27e-05	1.00e+00	1.21e-06	0.00e+00
 1.79652e+13	3.15e-28	4.83e-21	9.30e-15	2.64e-09	4.55e-05	1.00e+00	1.14e-06	0.00e+00
 1.86880e+13	4.59e-28	6.54e-21	1.17e-14	3.07e-09	4.91e-05	1.00e+00	1.05e-06	0.00e+00
 1.94011e+13	6.51e-28	8.66e-21	1.45e-14	3.55e-09	5.28e-05	1.00e+00	9.80e-07	0.00e+00
 2.00447e+13	8.97e-28	1.12e-20	1.75e-14	4.02e-09	5.61e-05	1.00e+00	0.00e+00	0.00e+00
 2.07612e+13	1.24e-27	1.46e-20	2.15e-14	4.61e-09	6.01e-05	1.00e+00	0.00e+00	0.00e+00
 2.16044e+13	1.84e-27	1.99e-20	2.70e-14	5.37e-09	6.48e-05	1.00e+00	0.00e+00	0.00e+00
 2.24607e+13	2.62e-27	2.65e-20	3.38e-14	6.25e-09	7.00e-05	1.00e+00	0.00e+00	0.00e+00
 2.32885e+13	3.71e-27	3.51e-20	4.18e-14	7.19e-09	7.50e-05	1.00e+00	0.00e+00	0.00e+00
 2.40765e+13	5.12e-27	4.54e-20	5.07e-14	8.18e-09	8.00e-05	1.00e+00	0.00e+00	0.00e+00
 2.49468e+13	7.10e-27	5.92e-20	6.23e-14	9.38e-09	8.58e-05	1.00e+00	0.00e+00	0.00e+00
 2.59053e+13	1.01e-26	7.89e-20	7.75e-14	1.09e-08	9.24e-05	1.00e+00	0.00e+00	0.00e+00
 2.67878e+13	1.39e-26	1.02e-19	9.42e-14	1.24e-08	9.86e-05	1.00e+00	0.00e+00	0.00e+00
 2.77443e+13	1.96e-26	1.34e-19	1.16e-13	1.42e-08	1.06e-04	1.00e+00	0.00e+00	0.00e+00
 2.88146e+13	2.75e-26	1.77e-19	1.44e-13	1.65e-08	1.14e-04	1.00e+00	0.00e+00	0.00e+00
 2.98227e+13	3.80e-26	2.30e-19	1.76e-13	1.88e-08	1.22e-04	1.00e+00	0.00e+00	0.00e+00
 3.09221e+13	5.33e-26	3.02e-19	2.17e-13	2.17e-08	1.31e-04	1.00e+00	0.00e+00	0.00e+00
 3.21441e+13	7.76e-26	4.08e-19	2.73e-13	2.52e-08	1.41e-04	1.00e+00	0.00e+00	0.00e+00
 3.32899e+13	1.06e-25	5.28e-19	3.34e-13	2.89e-08	1.52e-04	1.00e+00	0.00e+00	0.00e+00
 3.45263e+13	1.51e-25	7.01e-19	4.14e-13	3.34e-08	1.63e-04	1.00e+00	0.00e+00	0.00e+00
 3.59042e+13	2.13e-25	9.33e-19	5.20e-13	3.89e-08	1.76e-04	1.00e+00	0.00e+00	0.00e+00
 3.72254e+13	2.99e-25	1.23e-18	6.43e-13	4.49e-08	1.89e-04	1.00e+00	0.00e+00	0.00e+00
 3.86325e+13	4.26e-25	1.63e-18	7.99e-13	5.19e-08	2.04e-04	1.00e+00	0.00e+00	0.00e+00
 4.02077e+13	6.06e-25	2.18e-18	1.01e-12	6.08e-08	2.21e-04	1.00e+00	0.00e+00	0.00e+00
 4.17722e+13	8.77e-25	2.94e-18	1.26e-12	7.06e-08	2.38e-04	1.00e+00	0.00e+00	0.00e+00
 4.32272e+13	1.18e-24	3.75e-18	1.54e-12	8.08e-08	2.55e-04	1.00e+00	0.00e+00	0.00e+00
 4.48142e+13	1.65e-24	4.93e-18	1.91e-12	9.31e-08	2.74e-04	1.00e+00	0.00e+00	0.00e+00
 4.65980e+13	2.39e-24	6.67e-18	2.40e-12	1.09e-07	2.96e-04	1.00e+00	0.00e+00	0.00e+00
 4.83131e+13	3.32e-24	8.72e-18	2.96e-12	1.25e-07	3.19e-04	1.00e+00	0.00e+00	0.00e+00
 4.99225e+13	4.40e-24	1.10e-17	3.59e-12	1.43e-07	3.40e-04	1.00e+00	0.00e+00	0.00e+00
 5.17276e+13	6.21e-24	1.46e-17	4.43e-12	1.64e-07	3.65e-04	1.00e+00	0.00e+00	0.00e+00
 5.35859e+13	8.40e-24	1.88e-17	5.45e-12	1.89e-07	3.92e-04	1.00e+00	0.00e+00	0.00e+00
 5.51251e+13	1.10e-23	2.33e-17	6.44e-12	2.11e-07	4.15e-04	1.00e+00	0.00e+00	0.00e+00
 5.67377e+13	1.41e-23	2.87e-17	7.63e-12	2.36e-07	4.40e-04	1.00e+00	0.00e+00	0.00e+00
 5.88172e+13	1.99e-23	3.79e-17	9.43e-12	2.73e-07	4.73e-04	1.00e+00	0.00e+00	0.00e+00
 6.09981e+13	2.72e-23	4.92e-17	1.17e-11	3.15e-07	5.09e-04	9.99e-01	0.00e+00	0.00e+00
 6.28935e+13	3.64e-23	6.23e-17	1.40e-11	3.55e-07	5.41e-04	9.99e-01	0.00e+00	0.00e+00
 6.49230e+13	4.74e-23	7.79e-17	1.69e-11	4.03e-07	5.77e-04	9.99e-01	0.00e+00	0.00e+00
 6.74064e+13	6.71e-23	1.03e-16	2.10e-11	4.67e-07	6.22e-04	9.99e-01	0.00e+00	0.00e+00
 6.98999e+13	9.23e-23	1.35e-16	2.61e-11	5.40e-07	6.69e-04	9.99e-01	0.00e+00	0.00e+00
 7.20998e+13	1.24e-22	1.71e-16	3.13e-11	6.10e-07	7.12e-04	9.99e-01	0.00e+00	0.00e+00
 7.44979e+13	1.63e-22	2.16e-16	3.79e-11	6.95e-07	7.61e-04	9.99e-01	0.00e+00	0.00e+00
 7.73853e+13	2.34e-22	2.89e-16	4.75e-11	8.08e-07	8.21e-04	9.99e-01	0.00e+00	0.00e+00
 8.02605e+13	3.16e-22	3.73e-16	5.89e-11	9.34e-07	8.85e-04	9.99e-01	0.00e+00	0.00e+00
 8.28404e+13	4.20e-22	4.72e-16	7.10e-11	1.06e-06	9.43e-04	9.99e-01	0.00e+00	0.00e+00
 8.56850e+13	5.72e-22	6.08e-16	8.66e-11	1.21e-06	1.01e-03	9.99e-01	0.00e+00	0.00e+00
 8.90537e+13	7.86e-22	7.96e-16	1.09e-10	1.41e-06	1.09e-03	9.99e-01	0.00e+00	0.00e+00
 9.23869e+13	1.08e-21	1.04e-15	1.35e-10	1.63e-06	1.18e-03	9.99e-01	0.00e+00	0.00e+00
 9.54573e+13	1.46e-21	1.33e-15	1.64e-10	1.86e-06	1.26e-03	9.99e-01	0.00e+00	0.00e+00
 9.89028e+13	1.96e-21	1.71e-15	2.01e-10	2.14e-06	1.36e-03	9.99e-01	0.00e+00	0.00e+00
 1.02882e+14	2.79e-21	2.28e-15	2.54e-10	2.50e-06	1.47e-03	9.99e-01	0.00e+00	0.00e+00
 1.06786e+14	3.75e-21	2.95e-15	3.16e-10	2.91e-06	1.59e-03	9.98e-01	0.00e+00	0.00e+00
 1.10518e+14	5.11e-21	3.80e-15	3.87e-10	3.33e-06	1.70e-03	9.98e-01	0.00e+00	0.00e+00
 1.14639e+14	6.83e-21	4.89e-15	4.79e-10	3.85e-06	1.84e-03	9.98e-01	0.00e+00	0.00e+00
 1.19254e+14	9.49e-21	6.46e-15	6.03e-10	4.51e-06	2.00e-03	9.98e-01	0.00e+00	0.00e+00
 1.23811e+14	1.32e-20	8.48e-15	7.52e-10	5.24e-06	2.16e-03	9.98e-01	0.00e+00	0.00e+00
 1.27588e+14	1.68e-20	1.04e-14	8.96e-10	5.91e-06	2.31e-03	9.98e-01	0.00e+00	0.00e+00
 1.30614e+14	2.01e-20	1.22e-14	1.03e-09	6.49e-06	2.42e-03	9.98e-01	0.00e+00	0.00e+00
 1.33952e+14	2.50e-20	1.47e-14	1.19e-09	7.17e-06	2.56e-03	9.97e-01	0.00e+00	0.00e+00
 1.38291e+14	3.21e-20	1.82e-14	1.43e-09	8.15e-06	2.74e-03	9.97e-01	0.00e+00	0.00e+00
 1.42945e+14	4.18e-20	2.29e-14	1.74e-09	9.30e-06	2.94e-03	9.97e-01	0.00e+00	0.00e+00
 1.47081e+14	5.32e-20	2.80e-14	2.06e-09	1.04e-05	3.13e-03	9.97e-01	0.00e+00	0.00e+00
 1.51527e+14	6.68e-20	3.42e-14	2.44e-09	1.17e-05	3.34e-03	9.97e-01	0.00e+00	0.00e+00
 1.57136e+14	8.95e-20	4.40e-14	3.02e-09	1.36e-05	3.61e-03	9.96e-01	0.00e+00	0.00e+00
 1.62830e+14	1.19e-19	5.63e-14	3.72e-09	1.56e-05	3.90e-03	9.96e-01	0.00e+00	0.00e+00
 1.67696e+14	1.50e-19	6.88e-14	4.41e-09	1.76e-05	4.16e-03	9.96e-01	0.00e+00	0.00e+00
 1.72910e+14	1.92e-19	8.50e-14	5.28e-09	1.99e-05	4.45e-03	9.96e-01	0.00e+00	0.00e+00
 1.79388e+14	2.55e-19	1.09e-13	6.54e-09	2.30e-05	4.83e-03	9.95e-01	0.00e+00	0.00e+00
 1.86010e+14	3.39e-19	1.40e-13	8.08e-09	2.66e-05	5.23e-03	9.95e-01	0.00e+00	0.00e+00
 1.91852e+14	4.36e-19	1.73e-13	9.68e-09	3.01e-05	5.60e-03	9.94e-01	0.00e+00	0.00e+00
 1.98183e+14	5.58e-19	2.15e-13	1.17e-08	3.43e-05	6.01e-03	9.94e-01	0.00e+00	0.00e+00
 2.05812e+14	7.54e-19	2.79e-13	1.46e-08	3.98e-05	6.54e-03	9.93e-01	0.00e+00	0.00e+00
 2.13382e+14	1.00e-18	3.58e-13	1.80e-08	4.60e-05	7.09e-03	9.93e-01	0.00e+00	0.00e+00
 2.20135e+14	1.29e-18	4.45e-13	2.17e-08	5.21e-05	7.59e-03	9.92e-01	0.00e+00	0.00e+00
 2.27575e+14	1.67e-18	5.59e-13	2.63e-08	5.95e-05	8.18e-03	9.92e-01	0.00e+00	0.00e+00
 2.36430e+14	2.27e-18	7.29e-13	3.30e-08	6.92e-05	8.90e-03	9.91e-01	0.00e+00	0.00e+00
 2.45242e+14	3.04e-18	9.39e-13	4.09e-08	8.01e-05	9.66e-03	9.90e-01	0.00e+00	0.00e+00
 2.53344e+14	3.89e-18	1.17e-12	4.95e-08	9.11e-05	1.04e-02	9.90e-01	0.00e+00	0.00e+00
 2.62409e+14	5.25e-18	1.51e-12	6.10e-08	1.05e-04	1.12e-02	9.89e-01	0.00e+00	0.00e+00
 2.72899e+14	7.22e-18	1.98e-12	7.70e-08	1.23e-04	1.22e-02	9.88e-01	0.00e+00	0.00e+00
 2.83202e+14	9.78e-18	2.58e-12	9.60e-08	1.42e-04	1.33e-02	9.87e-01	0.00e+00	0.00e+00
 2.93076e+14	1.30e-17	3.29e-12	1.18e-07	1.63e-04	1.43e-02	9.86e-01	0.00e+00	0.00e+00
 3.01735e+14	1.65e-17	4.05e-12	1.40e-07	1.83e-04	1.53e-02	9.85e-01	0.00e+00	0.00e+00
 3.08868e+14	2.01e-17	4.78e-12	1.61e-07	2.00e-04	1.61e-02	9.84e-01	0.00e+00	0.00e+00
 3.16711e+14	2.48e-17	5.73e-12	1.87e-07	2.21e-04	1.70e-02	9.83e-01	0.00e+00	0.00e+00
 3.26907e+14	3.21e-17	7.18e-12	2.26e-07	2.51e-04	1.82e-02	9.81e-01	0.00e+00	0.00e+00
 3.37658e+14	4.24e-17	9.09e-12	2.74e-07	2.86e-04	1.96e-02	9.80e-01	0.00e+00	0.00e+00
 3.46938e+14	5.36e-17	1.11e-11	3.23e-07	3.18e-04	2.08e-02	9.79e-01	0.00e+00	0.00e+00
 3.56808e+14	6.78e-17	1.36e-11	3.82e-07	3.56e-04	2.21e-02	9.78e-01	0.00e+00	0.00e+00
 3.69639e+14	9.25e-17	1.76e-11	4.73e-07	4.09e-04	2.39e-02	9.76e-01	0.00e+00	0.00e+00
 3.82878e+14	1.24e-16	2.27e-11	5.84e-07	4.71e-04	2.58e-02	9.74e-01	0.00e+00	0.00e+00
 3.93930e+14	1.75e-16	2.82e-11	6.94e-07	5.27e-04	2.74e-02	9.72e-01	0.00e+00	0.00e+00
 4.05578e+14	2.27e-16	3.50e-11	8.27e-07	5.92e-04	2.92e-02	9.70e-01	0.00e+00	0.00e+00
 4.20420e+14	3.12e-16	4.57e-11	1.03e-06	6.83e-04	3.16e-02	9.68e-01	0.00e+00	0.00e+00
 4.36067e+14	4.33e-16	6.01e-11	1.28e-06	7.89e-04	3.42e-02	9.65e-01	0.00e+00	0.00e+00
 4.50065e+14	5.77e-16	7.62e-11	1.55e-06	8.94e-04	3.65e-02	9.63e-01	0.00e+00	0.00e+00
 4.65269e+14	7.74e-16	9.74e-11	1.90e-06	1.02e-03	3.92e-02	9.60e-01	0.00e+00	0.00e+00
 4.83354e+14	1.10e-15	1.30e-10	2.39e-06	1.19e-03	4.26e-02	9.56e-01	0.00e+00	0.00e+00
 5.01196e+14	1.53e-15	1.71e-10	2.98e-06	1.37e-03	4.59e-02	9.53e-01	0.00e+00	0.00e+00
 5.17404e+14	2.05e-15	2.18e-10	3.62e-06	1.55e-03	4.91e-02	9.49e-01	0.00e+00	0.00e+00
 5.35481e+14	2.73e-15	2.79e-10	4.45e-06	1.78e-03	5.27e-02	9.45e-01	0.00e+00	0.00e+00
 5.56627e+14	4.08e-15	3.83e-10	5.64e-06	2.08e-03	5.72e-02	9.41e-01	0.00e+00	0.00e+00
 5.77480e+14	5.70e-15	5.05e-10	7.04e-06	2.40e-03	6.17e-02	9.36e-01	0.00e+00	0.00e+00
 5.97140e+14	7.59e-15	6.44e-10	8.62e-06	2.74e-03	6.61e-02	9.31e-01	0.00e+00	0.00e+00
 6.19028e+14	1.06e-14	8.48e-10	1.07e-05	3.15e-03	7.12e-02	9.26e-01	0.00e+00	0.00e+00
 6.43819e+14	1.61e-14	1.17e-09	1.36e-05	3.68e-03	7.72e-02	9.19e-01	0.00e+00	0.00e+00
 6.64601e+14	2.18e-14	1.50e-09	1.65e-05	4.17e-03	8.23e-02	9.14e-01	0.00e+00	0.00e+00
 6.79511e+14	2.69e-14	1.78e-09	1.89e-05	4.54e-03	8.60e-02	9.09e-01	0.00e+00	0.00e+00
 6.95072e+14	3.34e-14	2.13e-09	2.16e-05	4.96e-03	9.00e-02	9.05e-01	0.00e+00	0.00e+00
 7.15301e+14	4.24e-14	2.61e-09	2.57e-05	5.55e-03	9.52e-02	8.99e-01	0.00e+00	0.00e+00
 7.37922e+14	5.86e-14	3.37e-09	3.10e-05	6.27e-03	1.01e-01	8.92e-01	0.00e+00	0.00e+00
 7.59114e+14	7.71e-14	4.20e-09	3.67e-05	6.99e-03	1.07e-01	8.86e-01	0.00e+00	0.00e+00
 7.82122e+14	9.98e-14	5.21e-09	4.39e-05	7.84e-03	1.13e-01	8.79e-01	0.00e+00	0.00e+00
 8.07960e+14	1.42e-13	6.84e-09	5.34e-05	8.89e-03	1.21e-01	8.70e-01	0.00e+00	0.00e+00
 8.32357e+14	1.87e-13	8.58e-09	6.37e-05	9.97e-03	1.28e-01	8.62e-01	0.00e+00	0.00e+00
 8.58953e+14	2.46e-13	1.08e-08	7.68e-05	1.12e-02	1.35e-01	8.53e-01	0.00e+00	0.00e+00
 8.88879e+14	3.56e-13	1.44e-08	9.43e-05	1.28e-02	1.44e-01	8.43e-01	0.00e+00	0.00e+00
 9.17288e+14	4.76e-13	1.82e-08	1.13e-04	1.44e-02	1.53e-01	8.33e-01	0.00e+00	0.00e+00
 9.48372e+14	6.36e-13	2.32e-08	1.38e-04	1.63e-02	1.62e-01	8.21e-01	0.00e+00	0.00e+00
 9.83342e+14	9.42e-13	3.15e-08	1.71e-04	1.87e-02	1.73e-01	8.08e-01	0.00e+00	0.00e+00
 1.01606e+15	1.28e-12	4.03e-08	2.07e-04	2.11e-02	1.83e-01	7.95e-01	0.00e+00	0.00e+00
 1.05130e+15	1.71e-12	5.15e-08	2.52e-04	2.40e-02	1.94e-01	7.82e-01	0.00e+00	0.00e+00
 1.09086e+15	2.55e-12	7.01e-08	3.14e-04	2.75e-02	2.07e-01	7.65e-01	0.00e+00	0.00e+00
 1.12779e+15	3.47e-12	9.00e-08	3.80e-04	3.10e-02	2.19e-01	7.50e-01	0.00e+00	0.00e+00
 1.16757e+15	4.68e-12	1.15e-07	4.63e-04	3.51e-02	2.31e-01	7.34e-01	0.00e+00	0.00e+00
 1.21242e+15	7.01e-12	1.58e-07	5.76e-04	4.02e-02	2.45e-01	7.14e-01	0.00e+00	0.00e+00
 1.25471e+15	9.59e-12	2.03e-07	6.99e-04	4.53e-02	2.58e-01	6.96e-01	0.00e+00	0.00e+00
 1.29331e+15	1.24e-11	2.52e-07	8.28e-04	5.03e-02	2.70e-01	6.79e-01	0.00e+00	0.00e+00
 1.33629e+15	1.68e-11	3.22e-07	9.95e-04	5.62e-02	2.83e-01	6.60e-01	0.00e+00	0.00e+00
 1.38472e+15	2.47e-11	4.32e-07	1.22e-03	6.36e-02	2.97e-01	6.38e-01	0.00e+00	0.00e+00
 1.43036e+15	3.30e-11	5.46e-07	1.46e-03	7.08e-02	3.10e-01	6.18e-01	0.00e+00	0.00e+00
 1.46951e+15	4.14e-11	6.59e-07	1.69e-03	7.73e-02	3.20e-01	6.00e-01	0.00e+00	0.00e+00
 1.51012e+15	5.32e-11	8.06e-07	1.96e-03	8.45e-02	3.31e-01	5.82e-01	0.00e+00	0.00e+00
 1.55586e+15	7.30e-11	1.03e-06	2.31e-03	9.32e-02	3.43e-01	5.61e-01	0.00e+00	0.00e+00
 1.59759e+15	9.29e-11	1.25e-06	2.66e-03	1.01e-01	3.53e-01	5.43e-01	0.00e+00	0.00e+00
 1.64113e+15	1.18e-10	1.51e-06	3.07e-03	1.10e-01	3.63e-01	5.24e-01	0.00e+00	0.00e+00
 1.69774e+15	1.63e-10	1.95e-06	3.68e-03	1.22e-01	3.76e-01	4.98e-01	0.00e+00	0.00e+00
 1.75516e+15	2.10e-10	2.42e-06	4.36e-03	1.35e-01	3.86e-01	4.75e-01	0.00e+00	0.00e+00
 1.80381e+15	2.82e-10	3.02e-06	5.04e-03	1.46e-01	3.96e-01	4.53e-01	0.00e+00	0.00e+00
 1.84986e+15	3.53e-10	3.62e-06	5.74e-03	1.57e-01	4.03e-01	4.34e-01	0.00e+00	0.00e+00
 1.90234e+15	4.37e-10	4.32e-06	6.59e-03	1.69e-01	4.11e-01	4.14e-01	0.00e+00	0.00e+00
 1.97057e+15	6.23e-10	5.67e-06	7.90e-03	1.87e-01	4.20e-01	3.86e-01	0.00e+00	0.00e+00
 2.03969e+15	8.06e-10	7.03e-06	9.33e-03	2.04e-01	4.26e-01	3.61e-01	0.00e+00	0.00e+00
 2.09655e+15	1.07e-09	8.75e-06	1.07e-02	2.19e-01	4.31e-01	3.39e-01	0.00e+00	0.00e+00
 2.15705e+15	1.38e-09	1.07e-05	1.23e-02	2.35e-01	4.35e-01	3.17e-01	0.00e+00	0.00e+00
 2.23509e+15	1.80e-09	1.32e-05	1.45e-02	2.56e-01	4.37e-01	2.92e-01	0.00e+00	0.00e+00
 2.31412e+15	2.56e-09	1.73e-05	1.72e-02	2.77e-01	4.39e-01	2.66e-01	0.00e+00	0.00e+00
 2.37660e+15	3.21e-09	2.07e-05	1.95e-02	2.94e-01	4.39e-01	2.48e-01	0.00e+00	0.00e+00
 2.43937e+15	4.03e-09	2.47e-05	2.20e-02	3.11e-01	4.37e-01	2.30e-01	0.00e+00	0.00e+00
 2.52097e+15	5.30e-09	3.07e-05	2.55e-02	3.32e-01	4.33e-01	2.09e-01	0.00e+00	0.00e+00
 2.60438e+15	7.11e-09	3.85e-05	2.95e-02	3.54e-01	4.28e-01	1.88e-01	0.00e+00	0.00e+00
 2.67157e+15	8.81e-09	4.55e-05	3.30e-02	3.71e-01	4.23e-01	1.73e-01	0.00e+00	0.00e+00
 2.72775e+15	1.05e-08	5.23e-05	3.62e-02	3.85e-01	4.17e-01	1.61e-01	0.00e+00	0.00e+00
 2.78818e+15	1.28e-08	6.07e-05	3.99e-02	4.00e-01	4.11e-01	1.49e-01	0.00e+00	0.00e+00
 2.85610e+15	1.51e-08	6.96e-05	4.41e-02	4.16e-01	4.03e-01	1.37e-01	0.00e+00	0.00e+00
 2.93376e+15	1.99e-08	8.54e-05	4.97e-02	4.34e-01	3.93e-01	1.23e-01	0.00e+00	0.00e+00
 3.01819e+15	2.43e-08	1.00e-04	5.58e-02	4.52e-01	3.82e-01	1.10e-01	0.00e+00	0.00e+00
 3.09794e+15	3.21e-08	1.23e-04	6.26e-02	4.69e-01	3.70e-01	9.77e-02	0.00e+00	0.00e+00
 3.17132e+15	3.94e-08	1.44e-04	6.91e-02	4.84e-01	3.59e-01	8.81e-02	0.00e+00	0.00e+00
 3.23871e+15	4.75e-08	1.66e-04	7.55e-02	4.96e-01	3.48e-01	7.99e-02	0.00e+00	0.00e+00
 3.30507e+15	5.70e-08	1.90e-04	8.22e-02	5.08e-01	3.37e-01	7.25e-02	0.00e+00	0.00e+00
 3.38125e+15	6.72e-08	2.16e-04	9.01e-02	5.20e-01	3.24e-01	6.51e-02	0.00e+00	0.00e+00
 3.48029e+15	9.23e-08	2.73e-04	1.02e-01	5.35e-01	3.07e-01	5.55e-02	0.00e+00	0.00e+00
 3.57824e+15	1.12e-07	3.19e-04	1.14e-01	5.47e-01	2.90e-01	4.81e-02	0.00e+00	0.00e+00
 3.65820e+15	1.47e-07	3.87e-04	1.26e-01	5.57e-01	2.75e-01	4.18e-02	0.00e+00	0.00e+00
 3.73252e+15	1.79e-07	4.47e-04	1.37e-01	5.64e-01	2.62e-01	3.70e-02	0.00e+00	0.00e+00
 3.80456e+15	2.16e-07	5.15e-04	1.48e-01	5.70e-01	2.49e-01	3.27e-02	0.00e+00	0.00e+00
 3.88666e+15	2.70e-07	6.07e-04	1.62e-01	5.75e-01	2.34e-01	2.83e-02	0.00e+00	0.00e+00
 3.97556e+15	3.20e-07	6.94e-04	1.77e-01	5.79e-01	2.19e-01	2.44e-02	0.00e+00	0.00e+00
 4.05900e+15	4.28e-07	8.52e-04	1.95e-01	5.80e-01	2.03e-01	2.06e-02	0.00e+00	0.00e+00
 4.12523e+15	5.05e-07	9.62e-04	2.09e-01	5.80e-01	1.92e-01	1.82e-02	0.00e+00	0.00e+00
 4.18340e+15	5.95e-07	1.08e-03	2.22e-01	5.79e-01	1.81e-01	1.61e-02	0.00e+00	0.00e+00
 4.25903e+15	7.23e-07	1.25e-03	2.40e-01	5.77e-01	1.68e-01	1.38e-02	0.00e+00	0.00e+00
 4.33900e+15	9.24e-07	1.49e-03	2.61e-01	5.72e-01	1.54e-01	1.16e-02	0.00e+00	0.00e+00
 4.39647e+15	1.07e-06	1.66e-03	2.76e-01	5.67e-01	1.45e-01	1.02e-02	0.00e+00	0.00e+00
 4.43514e+15	1.20e-06	1.80e-03	2.87e-01	5.64e-01	1.38e-01	9.32e-03	0.00e+00	0.00e+00
 4.47757e+15	1.36e-06	1.98e-03	3.00e-01	5.59e-01	1.31e-01	8.39e-03	0.00e+00	0.00e+00
 4.53273e+15	1.53e-06	2.16e-03	3.16e-01	5.52e-01	1.22e-01	7.40e-03	0.00e+00	0.00e+00
 4.60443e+15	2.03e-06	2.63e-03	3.41e-01	5.40e-01	1.10e-01	5.99e-03	0.00e+00	0.00e+00
 4.66381e+15	2.40e-06	2.97e-03	3.60e-01	5.30e-01	1.01e-01	5.13e-03	0.00e+00	0.00e+00
 4.69752e+15	2.67e-06	3.20e-03	3.72e-01	5.24e-01	9.62e-02	4.65e-03	0.00e+00	0.00e+00
 4.73170e+15	2.99e-06	3.47e-03	3.85e-01	5.16e-01	9.08e-02	4.19e-03	0.00e+00	0.00e+00
 4.77615e+15	3.30e-06	3.74e-03	4.01e-01	5.07e-01	8.45e-02	3.69e-03	0.00e+00	0.00e+00
 4.83392e+15	4.27e-06	4.47e-03	4.26e-01	4.91e-01	7.55e-02	2.98e-03	0.00e+00	0.00e+00
 4.88361e+15	4.92e-06	4.95e-03	4.45e-01	4.79e-01	6.91e-02	2.55e-03	0.00e+00	0.00e+00
 4.91617e+15	5.39e-06	5.29e-03	4.58e-01	4.70e-01	6.48e-02	2.28e-03	0.00e+00	0.00e+00
 4.95187e+15	6.10e-06	5.78e-03	4.73e-01	4.59e-01	6.00e-02	1.99e-03	0.00e+00	0.00e+00
 4.99828e+15	7.66e-06	6.75e-03	4.95e-01	4.43e-01	5.35e-02	1.61e-03	0.00e+00	0.00e+00
 5.04061e+15	8.77e-06	7.43e-03	5.13e-01	4.30e-01	4.87e-02	1.37e-03	0.00e+00	0.00e+00
 5.07246e+15	9.66e-06	7.96e-03	5.26e-01	4.19e-01	4.51e-02	1.20e-03	0.00e+00	0.00e+00
 5.10870e+15	1.17e-05	9.05e-03	5.45e-01	4.05e-01	4.06e-02	9.94e-04	0.00e+00	0.00e+00
 5.14522e+15	1.28e-05	9.71e-03	5.59e-01	3.93e-01	3.71e-02	8.54e-04	0.00e+00	0.00e+00
 5.18210e+15	1.57e-05	1.11e-02	5.78e-01	3.77e-01	3.29e-02	6.89e-04	0.00e+00	0.00e+00
 5.21831e+15	1.82e-05	1.23e-02	5.94e-01	3.63e-01	2.95e-02	5.72e-04	0.00e+00	0.00e+00
 5.24889e+15	1.99e-05	1.31e-02	6.07e-01	3.53e-01	2.69e-02	4.91e-04	0.00e+00	0.00e+00
 5.28390e+15	2.41e-05	1.50e-02	6.24e-01	3.37e-01	2.37e-02	3.91e-04	0.00e+00	0.00e+00
 5.31952e+15	2.81e-05	1.66e-02	6.39e-01	3.23e-01	2.09e-02	3.16e-04	0.00e+00	0.00e+00
 5.34531e+15	3.12e-05	1.78e-02	6.50e-01	3.13e-01	1.91e-02	2.70e-04	0.00e+00	0.00e+00
 5.36447e+15	3.39e-05	1.89e-02	6.58e-01	3.06e-01	1.78e-02	2.39e-04	0.00e+00	0.00e+00
 5.38563e+15	3.65e-05	1.99e-02	6.66e-01	2.98e-01	1.64e-02	2.10e-04	0.00e+00	0.00e+00
 5.41314e+15	4.23e-05	2.20e-02	6.77e-01	2.86e-01	1.46e-02	1.71e-04	0.00e+00	0.00e+00
 5.43936e+15	4.73e-05	2.37e-02	6.87e-01	2.76e-01	1.32e-02	1.43e-04	0.00e+00	0.00e+00
 5.46006e+15	5.10e-05	2.49e-02	6.94e-01	2.68e-01	1.21e-02	1.25e-04	0.00e+00	0.00e+00
 5.48311e+15	5.77e-05	2.71e-02	7.03e-01	2.59e-01	1.09e-02	1.04e-04	0.00e+00	0.00e+00
 5.50768e+15	6.45e-05	2.92e-02	7.12e-01	2.49e-01	9.76e-03	8.61e-05	0.00e+00	0.00e+00
 5.53048e+15	7.13e-05	3.12e-02	7.19e-01	2.41e-01	8.81e-03	7.23e-05	0.00e+00	0.00e+00
 5.55637e+15	8.04e-05	3.38e-02	7.27e-01	2.31e-01	7.78e-03	5.86e-05	0.00e+00	0.00e+00
 5.58429e+15	9.10e-05	3.67e-02	7.36e-01	2.21e-01	6.82e-03	4.68e-05	0.00e+00	0.00e+00
 5.60932e+15	1.02e-04	3.95e-02	7.42e-01	2.12e-01	6.05e-03	3.82e-05	0.00e+00	0.00e+00
 5.63632e+15	1.15e-04	4.29e-02	7.49e-01	2.02e-01	5.27e-03	3.03e-05	0.00e+00	0.00e+00
 5.66548e+15	1.30e-04	4.67e-02	7.56e-01	1.93e-01	4.55e-03	2.36e-05	0.00e+00	0.00e+00
 5.69161e+15	1.46e-04	5.03e-02	7.61e-01	1.84e-01	3.98e-03	1.89e-05	0.00e+00	0.00e+00
 5.71590e+15	1.63e-04	5.40e-02	7.66e-01	1.76e-01	3.50e-03	1.52e-05	0.00e+00	0.00e+00
 5.74363e+15	1.84e-04	5.86e-02	7.71e-01	1.67e-01	3.01e-03	1.18e-05	0.00e+00	0.00e+00
 5.77396e+15	2.10e-04	6.38e-02	7.75e-01	1.58e-01	2.55e-03	8.96e-06	0.00e+00	0.00e+00
 5.80131e+15	2.37e-04	6.89e-02	7.78e-01	1.50e-01	2.20e-03	6.97e-06	0.00e+00	0.00e+00
 5.82671e+15	2.64e-04	7.41e-02	7.81e-01	1.43e-01	1.91e-03	5.49e-06	0.00e+00	0.00e+00
 5.85590e+15	3.00e-04	8.04e-02	7.83e-01	1.35e-01	1.61e-03	4.14e-06	0.00e+00	0.00e+00
 5.88789e+15	3.45e-04	8.79e-02	7.84e-01	1.26e-01	1.34e-03	3.05e-06	0.00e+00	0.00e+00
 5.91665e+15	3.91e-04	9.52e-02	7.85e-01	1.19e-01	1.13e-03	2.31e-06	0.00e+00	0.00e+00
 5.94298e+15	4.39e-04	1.02e-01	7.84e-01	1.12e-01	9.66e-04	1.78e-06	0.00e+00	0.00e+00
 5.97304e+15	5.00e-04	1.11e-01	7.83e-01	1.04e-01	8.02e-04	1.31e-06	0.00e+00	0.00e+00
 6.00605e+15	5.78e-04	1.22e-01	7.80e-01	9.65e-02	6.55e-04	9.43e-07	0.00e+00	0.00e+00
 6.03587e+15	6.60e-04	1.33e-01	7.76e-01	8.97e-02	5.43e-04	0.00e+00	0.00e+00	0.00e+00
 6.06311e+15	7.44e-04	1.43e-01	7.72e-01	8.36e-02	4.56e-04	0.00e+00	0.00e+00	0.00e+00
 6.09403e+15	8.56e-04	1.56e-01	7.66e-01	7.70e-02	3.71e-04	0.00e+00	0.00e+00	0.00e+00
 6.12811e+15	9.99e-04	1.72e-01	7.57e-01	6.99e-02	2.95e-04	0.00e+00	0.00e+00	0.00e+00
 6.15908e+15	1.15e-03	1.87e-01	7.48e-01	6.38e-02	2.39e-04	0.00e+00	0.00e+00	0.00e+00
 6.18739e+15	1.31e-03	2.02e-01	7.38e-01	5.86e-02	1.96e-04	0.00e+00	0.00e+00	0.00e+00
 6.21949e+15	1.53e-03	2.22e-01	7.24e-01	5.26e-02	1.54e-04	0.00e+00	0.00e+00	0.00e+00
 6.25472e+15	1.80e-03	2.45e-01	7.07e-01	4.66e-02	1.18e-04	0.00e+00	0.00e+00	0.00e+00
 6.28699e+15	2.11e-03	2.68e-01	6.88e-01	4.13e-02	9.22e-05	0.00e+00	0.00e+00	0.00e+00
 6.32192e+15	2.50e-03	2.96e-01	6.65e-01	3.60e-02	6.92e-05	0.00e+00	0.00e+00	0.00e+00
 6.36044e+15	3.03e-03	3.30e-01	6.36e-01	3.05e-02	5.00e-05	0.00e+00	0.00e+00	0.00e+00
 6.39554e+15	3.61e-03	3.64e-01	6.06e-01	2.59e-02	3.66e-05	0.00e+00	0.00e+00	0.00e+00
 6.42751e+15	4.25e-03	3.98e-01	5.76e-01	2.20e-02	2.71e-05	0.00e+00	0.00e+00	0.00e+00
 6.46348e+15	5.12e-03	4.39e-01	5.38e-01	1.80e-02	1.88e-05	0.00e+00	0.00e+00	0.00e+00
 6.50183e+15	6.27e-03	4.86e-01	4.93e-01	1.42e-02	1.25e-05	0.00e+00	0.00e+00	0.00e+00
 6.53441e+15	7.48e-03	5.30e-01	4.51e-01	1.14e-02	8.61e-06	0.00e+00	0.00e+00	0.00e+00
 6.56255e+15	8.72e-03	5.68e-01	4.14e-01	9.24e-03	6.11e-06	0.00e+00	0.00e+00	0.00e+00
 6.59382e+15	1.03e-02	6.13e-01	3.70e-01	7.13e-03	4.02e-06	0.00e+00	0.00e+00	0.00e+00
 6.62819e+15	1.25e-02	6.61e-01	3.21e-01	5.23e-03	2.48e-06	0.00e+00	0.00e+00	0.00e+00
 6.65604e+15	1.46e-02	7.01e-01	2.80e-01	3.93e-03	1.61e-06	0.00e+00	0.00e+00	0.00e+00
 6.67558e+15	1.63e-02	7.28e-01	2.52e-01	3.18e-03	1.17e-06	0.00e+00	0.00e+00	0.00e+00
 6.69487e+15	1.82e-02	7.54e-01	2.25e-01	2.53e-03	8.34e-07	0.00e+00	0.00e+00	0.00e+00
 6.71995e+15	2.11e-02	7.85e-01	1.92e-01	1.84e-03	0.00e+00	0.00e+00	0.00e+00	0.00e+00
 6.74487e+15	2.44e-02	8.14e-01	1.61e-01	1.31e-03	0.00e+00	0.00e+00	0.00e+00	0.00e+00
 6.76342e+15	2.73e-02	8.33e-01	1.38e-01	9.92e-04	0.00e+00	0.00e+00	0.00e+00	0.00e+00
 6.77846e+15	2.99e-02	8.48e-01	1.22e-01	7.84e-04	0.00e+00	0.00e+00	0.00e+00	0.00e+00
 6.79505e+15	3.31e-02	8.62e-01	1.05e-01	5.93e-04	0.00e+00	0.00e+00	0.00e+00	0.00e+00
 6.81375e+15	3.72e-02	8.75e-01	8.74e-02	4.27e-04	0.00e+00	0.00e+00	0.00e+00	0.00e+00
 6.83099e+15	4.16e-02	8.85e-01	7.31e-02	3.09e-04	0.00e+00	0.00e+00	0.00e+00	0.00e+00
 6.84607e+15	4.59e-02	8.92e-01	6.20e-02	2.30e-04	0.00e+00	0.00e+00	0.00e+00	0.00e+00
 6.86002e+15	5.05e-02	8.97e-01	5.26e-02	1.72e-04	0.00e+00	0.00e+00	0.00e+00	0.00e+00
 6.87563e+15	5.60e-02	9.00e-01	4.35e-02	1.23e-04	0.00e+00	0.00e+00	0.00e+00	0.00e+00
 6.89304e+15	6.33e-02	9.02e-01	3.48e-02	8.29e-05	0.00e+00	0.00e+00	0.00e+00	0.00e+00
 6.90898e+15	7.09e-02	9.01e-01	2.80e-02	5.67e-05	0.00e+00	0.00e+00	0.00e+00	0.00e+00
 6.92302e+15	7.85e-02	8.99e-01	2.29e-02	4.00e-05	0.00e+00	0.00e+00	0.00e+00	0.00e+00
 6.93836e+15	8.79e-02	8.94e-01	1.82e-02	2.68e-05	0.00e+00	0.00e+00	0.00e+00	0.00e+00
 6.95529e+15	9.97e-02	8.86e-01	1.40e-02	1.70e-05	0.00e+00	0.00e+00	0.00e+00	0.00e+00
 6.97055e+15	1.12e-01	8.77e-01	1.09e-02	1.10e-05	0.00e+00	0.00e+00	0.00e+00	0.00e+00
 6.98382e+15	1.24e-01	8.67e-01	8.67e-03	7.45e-06	0.00e+00	0.00e+00	0.00e+00	0.00e+00
 6.99628e+15	1.36e-01	8.57e-01	6.97e-03	5.11e-06	0.00e+00	0.00e+00	0.00e+00	0.00e+00
 7.00786e+15	1.49e-01	8.45e-01	5.65e-03	3.57e-06	0.00e+00	0.00e+00	0.00e+00	0.00e+00
 7.01845e+15	1.61e-01	8.34e-01	4.64e-03	2.55e-06	0.00e+00	0.00e+00	0.00e+00	0.00e+00
 7.02826e+15	1.74e-01	8.23e-01	3.85e-03	1.85e-06	0.00e+00	0.00e+00	0.00e+00	0.00e+00
 7.03747e+15	1.86e-01	8.11e-01	3.22e-03	1.36e-06	0.00e+00	0.00e+00	0.00e+00	0.00e+00
 7.04481e+15	1.96e-01	8.01e-01	2.79e-03	1.07e-06	0.00e+00	0.00e+00	0.00e+00	0.00e+00
 7.04958e+15	2.02e-01	7.95e-01	2.55e-03	9.14e-07	0.00e+00	0.00e+00	0.00e+00	0.00e+00
 7.05387e+15	2.09e-01	7.89e-01	2.33e-03	0.00e+00	0.00e+00	0.00e+00	0.00e+00	0.00e+00
 7.05887e+15	2.16e-01	7.82e-01	2.10e-03	0.00e+00	0.00e+00	0.00e+00	0.00e+00	0.00e+00
 7.06442e+15	2.25e-01	7.73e-01	1.88e-03	0.00e+00	0.00e+00	0.00e+00	0.00e+00	0.00e+00
 7.06986e+15	2.34e-01	7.65e-01	1.68e-03	0.00e+00	0.00e+00	0.00e+00	0.00e+00	0.00e+00
 7.07491e+15	2.42e-01	7.57e-01	1.51e-03	0.00e+00	0.00e+00	0.00e+00	0.00e+00	0.00e+00
 7.07988e+15	2.50e-01	7.49e-01	1.36e-03	0.00e+00	0.00e+00	0.00e+00	0.00e+00	0.00e+00
 7.08494e+15	2.58e-01	7.40e-01	1.22e-03	0.00e+00	0.00e+00	0.00e+00	0.00e+00	0.00e+00
 7.09006e+15	2.67e-01	7.31e-01	1.09e-03	0.00e+00	0.00e+00	0.00e+00	0.00e+00	0.00e+00
 7.09517e+15	2.76e-01	7.23e-01	9.78e-04	0.00e+00	0.00e+00	0.00e+00	0.00e+00	0.00e+00
 7.10015e+15	2.85e-01	7.14e-01	8.78e-04	0.00e+00	0.00e+00	0.00e+00	0.00e+00	0.00e+00
 7.10508e+15	2.94e-01	7.05e-01	7.88e-04	0.00e+00	0.00e+00	0.00e+00	0.00e+00	0.00e+00
 7.11010e+15	3.03e-01	6.96e-01	7.04e-04	0.00e+00	0.00e+00	0.00e+00	0.00e+00	0.00e+00
 7.11509e+15	3.12e-01	6.87e-01	6.30e-04	0.00e+00	0.00e+00	0.00e+00	0.00e+00	0.00e+00
 7.12006e+15	3.22e-01	6.78e-01	5.63e-04	0.00e+00	0.00e+00	0.00e+00	0.00e+00	0.00e+00
 7.12500e+15	3.31e-01	6.68e-01	5.04e-04	0.00e+00	0.00e+00	0.00e+00	0.00e+00	0.00e+00
 7.12996e+15	3.41e-01	6.58e-01	4.50e-04	0.00e+00	0.00e+00	0.00e+00	0.00e+00	0.00e+00
 7.13499e+15	3.51e-01	6.49e-01	4.01e-04	0.00e+00	0.00e+00	0.00e+00	0.00e+00	0.00e+00
 7.13990e+15	3.61e-01	6.39e-01	3.58e-04	0.00e+00	0.00e+00	0.00e+00	0.00e+00	0.00e+00
 7.14477e+15	3.71e-01	6.29e-01	3.20e-04	0.00e+00	0.00e+00	0.00e+00	0.00e+00	0.00e+00
 7.14976e+15	3.81e-01	6.19e-01	2.85e-04	0.00e+00	0.00e+00	0.00e+00	0.00e+00	0.00e+00
 7.15476e+15	3.91e-01	6.08e-01	2.54e-04	0.00e+00	0.00e+00	0.00e+00	0.00e+00	0.00e+00
 7.15975e+15	4.02e-01	5.98e-01	2.26e-04	0.00e+00	0.00e+00	0.00e+00	0.00e+00	0.00e+00
 7.16475e+15	4.13e-01	5.87e-01	2.01e-04	0.00e+00	0.00e+00	0.00e+00	0.00e+00	0.00e+00
 7.16977e+15	4.24e-01	5.76e-01	1.79e-04	0.00e+00	0.00e+00	0.00e+00	0.00e+00	0.00e+00
 7.17487e+15	4.35e-01	5.65e-01	1.59e-04	0.00e+00	0.00e+00	0.00e+00	0.00e+00	0.00e+00
 7.17997e+15	4.46e-01	5.54e-01	1.41e-04	0.00e+00	0.00e+00	0.00e+00	0.00e+00	0.00e+00
 7.18506e+15	4.58e-01	5.42e-01	1.25e-04	0.00e+00	0.00e+00	0.00e+00	0.00e+00	0.00e+00
 7.19012e+15	4.70e-01	5.30e-01	1.11e-04	0.00e+00	0.00e+00	0.00e+00	0.00e+00	0.00e+00
 7.19518e+15	4.81e-01	5.19e-01	9.91e-05	0.00e+00	0.00e+00	0.00e+00	0.00e+00	0.00e+00
 7.20025e+15	4.93e-01	5.07e-01	8.82e-05	0.00e+00	0.00e+00	0.00e+00	0.00e+00	0.00e+00
 7.20537e+15	5.06e-01	4.94e-01	7.85e-05	0.00e+00	0.00e+00	0.00e+00	0.00e+00	0.00e+00
 7.21053e+15	5.18e-01	4.82e-01	6.99e-05	0.00e+00	0.00e+00	0.00e+00	0.00e+00	0.00e+00
 7.21573e+15	5.31e-01	4.69e-01	6.23e-05	0.00e+00	0.00e+00	0.00e+00	0.00e+00	0.00e+00
 7.22101e+15	5.43e-01	4.57e-01	5.56e-05	0.00e+00	0.00e+00	0.00e+00	0.00e+00	0.00e+00
 7.22642e+15	5.56e-01	4.44e-01	4.95e-05	0.00e+00	0.00e+00	0.00e+00	0.00e+00	0.00e+00
 7.23199e+15	5.71e-01	4.29e-01	4.41e-05	0.00e+00	0.00e+00	0.00e+00	0.00e+00	0.00e+00
 7.23766e+15	5.85e-01	4.15e-01	3.93e-05	0.00e+00	0.00e+00	0.00e+00	0.00e+00	0.00e+00
 7.24349e+15	5.99e-01	4.01e-01	3.50e-05	0.00e+00	0.00e+00	0.00e+00	0.00e+00	0.00e+00
 7.24962e+15	6.14e-01	3.86e-01	3.12e-05	0.00e+00	0.00e+00	0.00e+00	0.00e+00	0.00e+00
 7.25611e+15	6.27e-01	3.73e-01	2.78e-05	0.00e+00	0.00e+00	0.00e+00	0.00e+00	0.00e+00
 7.26304e+15	6.43e-01	3.57e-01	2.47e-05	0.00e+00	0.00e+00	0.00e+00	0.00e+00	0.00e+00
 7.27045e+15	6.58e-01	3.41e-01	2.19e-05	0.00e+00	0.00e+00	0.00e+00	0.00e+00	0.00e+00
 7.27837e+15	6.75e-01	3.25e-01	1.94e-05	0.00e+00	0.00e+00	0.00e+00	0.00e+00	0.00e+00
 7.28700e+15	6.90e-01	3.09e-01	1.72e-05	0.00e+00	0.00e+00	0.00e+00	0.00e+00	0.00e+00
 7.29576e+15	7.06e-01	2.94e-01	1.54e-05	0.00e+00	0.00e+00	0.00e+00	0.00e+00	0.00e+00
 7.30424e+15	7.20e-01	2.80e-01	1.39e-05	0.00e+00	0.00e+00	0.00e+00	0.00e+00	0.00e+00
 7.31307e+15	7.33e-01	2.67e-01	1.26e-05	0.00e+00	0.00e+00	0.00e+00	0.00e+00	0.00e+00
 7.32298e+15	7.45e-01	2.55e-01	1.15e-05	0.00e+00	0.00e+00	0.00e+00	0.00e+00	0.00e+00
 7.33371e+15	7.57e-01	2.43e-01	1.04e-05	0.00e+00	0.00e+00	0.00e+00	0.00e+00	0.00e+00
 7.34491e+15	7.70e-01	2.30e-01	9.44e-06	0.00e+00	0.00e+00	0.00e+00	0.00e+00	0.00e+00
 7.35724e+15	7.80e-01	2.20e-01	8.64e-06	0.00e+00	0.00e+00	0.00e+00	0.00e+00	0.00e+00
 7.37052e+15	7.92e-01	2.08e-01	7.86e-06	0.00e+00	0.00e+00	0.00e+00	0.00e+00	0.00e+00
 7.38434e+15	8.03e-01	1.97e-01	7.13e-06	0.00e+00	0.00e+00	0.00e+00	0.00e+00	0.00e+00
 7.39923e+15	8.13e-01	1.87e-01	6.52e-06	0.00e+00	0.00e+00	0.00e+00	0.00e+00	0.00e+00
 7.41474e+15	8.23e-01	1.77e-01	5.92e-06	0.00e+00	0.00e+00	0.00e+00	0.00e+00	0.00e+00
 7.43028e+15	8.34e-01	1.66e-01	5.36e-06	0.00e+00	0.00e+00	0.00e+00	0.00e+00	0.00e+00
 7.44634e+15	8.43e-01	1.57e-01	4.89e-06	0.00e+00	0.00e+00	0.00e+00	0.00e+00	0.00e+00
 7.46248e+15	8.52e-01	1.48e-01	4.42e-06	0.00e+00	0.00e+00	0.00e+00	0.00e+00	0.00e+00
 7.47860e+15	8.60e-01	1.40e-01	4.03e-06	0.00e+00	0.00e+00	0.00e+00	0.00e+00	0.00e+00
 7.49446e+15	8.69e-01	1.31e-01	3.65e-06	0.00e+00	0.00e+00	0.00e+00	0.00e+00	0.00e+00
 7.50989e+15	8.77e-01	1.23e-01	3.33e-06	0.00e+00	0.00e+00	0.00e+00	0.00e+00	0.00e+00
 7.52555e+15	8.84e-01	1.16e-01	3.03e-06	0.00e+00	0.00e+00	0.00e+00	0.00e+00	0.00e+00
 7.54107e+15	8.91e-01	1.09e-01	2.75e-06	0.00e+00	0.00e+00	0.00e+00	0.00e+00	0.00e+00
 7.55606e+15	8.97e-01	1.03e-01	2.51e-06	0.00e+00	0.00e+00	0.00e+00	0.00e+00	0.00e+00
 7.57060e+15	9.03e-01	9.66e-02	2.29e-06	0.00e+00	0.00e+00	0.00e+00	0.00e+00	0.00e+00
 7.58485e+15	9.09e-01	9.10e-02	2.10e-06	0.00e+00	0.00e+00	0.00e+00	0.00e+00	0.00e+00
 7.59897e+15	9.14e-01	8.56e-02	1.92e-06	0.00e+00	0.00e+00	0.00e+00	0.00e+00	0.00e+00
 7.61306e+15	9.19e-01	8.05e-02	1.75e-06	0.00e+00	0.00e+00	0.00e+00	0.00e+00	0.00e+00
 7.62699e+15	9.24e-01	7.58e-02	1.60e-06	0.00e+00	0.00e+00	0.00e+00	0.00e+00	0.00e+00
 7.64067e+15	9.29e-01	7.13e-02	1.47e-06	0.00e+00	0.00e+00	0.00e+00	0.00e+00	0.00e+00
 7.65412e+15	9.33e-01	6.72e-02	1.35e-06	0.00e+00	0.00e+00	0.00e+00	0.00e+00	0.00e+00
 7.66738e+15	9.37e-01	6.33e-02	1.24e-06	0.00e+00	0.00e+00	0.00e+00	0.00e+00	0.00e+00
 7.68049e+15	9.40e-01	5.96e-02	1.14e-06	0.00e+00	0.00e+00	0.00e+00	0.00e+00	0.00e+00
 7.69344e+15	9.44e-01	5.62e-02	1.05e-06	0.00e+00	0.00e+00	0.00e+00	0.00e+00	0.00e+00
 7.70619e+15	9.47e-01	5.31e-02	9.63e-07	0.00e+00	0.00e+00	0.00e+00	0.00e+00	0.00e+00
 7.71876e+15	9.50e-01	5.01e-02	8.88e-07	0.00e+00	0.00e+00	0.00e+00	0.00e+00	0.00e+00
 7.73125e+15	9.53e-01	4.73e-02	8.19e-07	0.00e+00	0.00e+00	0.00e+00	0.00e+00	0.00e+00
 7.74368e+15	9.55e-01	4.47e-02	7.55e-07	0.00e+00	0.00e+00	0.00e+00	0.00e+00	0.00e+00
 7.75600e+15	9.58e-01	4.22e-02	6.98e-07	0.00e+00	0.00e+00	0.00e+00	0.00e+00	0.00e+00
 7.76821e+15	9.60e-01	3.99e-02	6.45e-07	0.00e+00	0.00e+00	0.00e+00	0.00e+00	0.00e+00
 7.78033e+15	9.62e-01	3.78e-02	5.97e-07	0.00e+00	0.00e+00	0.00e+00	0.00e+00	0.00e+00
 7.79238e+15	9.64e-01	3.57e-02	5.52e-07	0.00e+00	0.00e+00	0.00e+00	0.00e+00	0.00e+00
 7.80439e+15	9.66e-01	3.38e-02	5.11e-07	0.00e+00	0.00e+00	0.00e+00	0.00e+00	0.00e+00
 7.81637e+15	9.68e-01	3.20e-02	4.74e-07	0.00e+00	0.00e+00	0.00e+00	0.00e+00	0.00e+00
 7.82832e+15	9.70e-01	3.04e-02	4.40e-07	0.00e+00	0.00e+00	0.00e+00	0.00e+00	0.00e+00
 7.84029e+15	9.71e-01	2.88e-02	4.08e-07	0.00e+00	0.00e+00	0.00e+00	0.00e+00	0.00e+00
 7.85233e+15	9.73e-01	2.73e-02	3.78e-07	0.00e+00	0.00e+00	0.00e+00	0.00e+00	0.00e+00
 7.86461e+15	9.74e-01	2.58e-02	3.50e-07	0.00e+00	0.00e+00	0.00e+00	0.00e+00	0.00e+00
 7.87720e+15	9.76e-01	2.44e-02	3.24e-07	0.00e+00	0.00e+00	0.00e+00	0.00e+00	0.00e+00
 7.89008e+15	9.77e-01	2.31e-02	3.00e-07	0.00e+00	0.00e+00	0.00e+00	0.00e+00	0.00e+00
 7.90314e+15	9.78e-01	2.18e-02	2.77e-07	0.00e+00	0.00e+00	0.00e+00	0.00e+00	0.00e+00
 7.91633e+15	9.79e-01	2.06e-02	2.56e-07	0.00e+00	0.00e+00	0.00e+00	0.00e+00	0.00e+00
 7.92990e+15	9.81e-01	1.95e-02	2.36e-07	0.00e+00	0.00e+00	0.00e+00	0.00e+00	0.00e+00
 7.94413e+15	9.82e-01	1.84e-02	2.17e-07	0.00e+00	0.00e+00	0.00e+00	0.00e+00	0.00e+00
 7.95915e+15	9.83e-01	1.73e-02	1.99e-07	0.00e+00	0.00e+00	0.00e+00	0.00e+00	0.00e+00
 7.97514e+15	9.84e-01	1.62e-02	1.82e-07	0.00e+00	0.00e+00	0.00e+00	0.00e+00	0.00e+00
 7.99272e+15	9.85e-01	1.51e-02	1.65e-07	0.00e+00	0.00e+00	0.00e+00	0.00e+00	0.00e+00
 8.01213e+15	9.86e-01	1.40e-02	1.48e-07	0.00e+00	0.00e+00	0.00e+00	0.00e+00	0.00e+00
 8.03380e+15	9.87e-01	1.29e-02	1.32e-07	0.00e+00	0.00e+00	0.00e+00	0.00e+00	0.00e+00
 8.05801e+15	9.88e-01	1.19e-02	1.16e-07	0.00e+00	0.00e+00	0.00e+00	0.00e+00	0.00e+00
 8.08213e+15	9.89e-01	1.10e-02	1.03e-07	0.00e+00	0.00e+00	0.00e+00	0.00e+00	0.00e+00
 8.10408e+15	9.90e-01	1.02e-02	9.33e-08	0.00e+00	0.00e+00	0.00e+00	0.00e+00	0.00e+00
 8.12405e+15	9.90e-01	9.65e-03	8.52e-08	0.00e+00	0.00e+00	0.00e+00	0.00e+00	0.00e+00
 8.14222e+15	9.91e-01	9.16e-03	7.86e-08	0.00e+00	0.00e+00	0.00e+00	0.00e+00	0.00e+00
 8.15876e+15	9.91e-01	8.75e-03	7.33e-08	0.00e+00	0.00e+00	0.00e+00	0.00e+00	0.00e+00
 8.17381e+15	9.92e-01	8.40e-03	6.88e-08	0.00e+00	0.00e+00	0.00e+00	0.00e+00	0.00e+00
 8.18750e+15	9.92e-01	8.10e-03	6.50e-08	0.00e+00	0.00e+00	0.00e+00	0.00e+00	0.00e+00
 8.20251e+15	9.92e-01	7.80e-03	6.11e-08	0.00e+00	0.00e+00	0.00e+00	0.00e+00	0.00e+00
 8.21871e+15	9.93e-01	7.49e-03	5.73e-08	0.00e+00	0.00e+00	0.00e+00	0.00e+00	0.00e+00
