#depth	C	C+	C+2	C+3	C+4	C+5	C+6	C[1]	C[2]	C[3]	C+[1]	C+[2]	CO
 1.49634e+10	0.00e+00	2.76e-29	3.00e-20	7.30e-12	9.33e-03	9.15e-01	7.53e-02	0.00e+00	0.00e+00	0.00e+00	0.00e+00	0.00e+00	0.00e+00
 4.54887e+10	5.03e-39	3.94e-29	3.93e-20	8.80e-12	1.03e-02	9.20e-01	6.95e-02	0.00e+00	0.00e+00	0.00e+00	0.00e+00	0.00e+00	4.58e-127
 7.72350e+10	0.00e+00	5.61e-29	5.15e-20	1.06e-11	1.14e-02	9.24e-01	6.42e-02	0.00e+00	0.00e+00	0.00e+00	0.00e+00	0.00e+00	0.00e+00
 1.10251e+11	1.21e-38	8.01e-29	6.75e-20	1.27e-11	1.26e-02	9.28e-01	5.92e-02	0.00e+00	0.00e+00	0.00e+00	0.00e+00	0.00e+00	4.78e-126
 1.43894e+11	0.00e+00	1.14e-28	8.82e-20	1.53e-11	1.39e-02	9.31e-01	5.46e-02	0.00e+00	0.00e+00	0.00e+00	0.00e+00	0.00e+00	0.00e+00
 1.75206e+11	2.74e-38	1.55e-28	1.12e-19	1.80e-11	1.52e-02	9.34e-01	5.08e-02	0.00e+00	0.00e+00	0.00e+00	0.00e+00	0.00e+00	4.27e-125
 2.04036e+11	0.00e+00	2.05e-28	1.39e-19	2.08e-11	1.64e-02	9.36e-01	4.76e-02	0.00e+00	0.00e+00	0.00e+00	0.00e+00	0.00e+00	0.00e+00
 2.36992e+11	5.71e-38	2.81e-28	1.76e-19	2.45e-11	1.79e-02	9.38e-01	4.42e-02	0.00e+00	0.00e+00	0.00e+00	0.00e+00	0.00e+00	3.01e-124
 2.75695e+11	0.00e+00	3.98e-28	2.30e-19	2.94e-11	1.97e-02	9.40e-01	4.07e-02	0.00e+00	0.00e+00	0.00e+00	0.00e+00	0.00e+00	0.00e+00
 3.14062e+11	1.34e-37	5.60e-28	2.98e-19	3.51e-11	2.16e-02	9.41e-01	3.76e-02	0.00e+00	0.00e+00	0.00e+00	0.00e+00	0.00e+00	2.93e-123
 3.49856e+11	0.00e+00	7.61e-28	3.77e-19	4.12e-11	2.35e-02	9.42e-01	3.49e-02	0.00e+00	0.00e+00	0.00e+00	0.00e+00	0.00e+00	0.00e+00
 3.89669e+11	2.93e-37	1.05e-27	4.82e-19	4.88e-11	2.57e-02	9.42e-01	3.23e-02	0.00e+00	0.00e+00	0.00e+00	0.00e+00	0.00e+00	2.34e-122
 4.35182e+11	0.00e+00	1.52e-27	6.38e-19	5.90e-11	2.83e-02	9.42e-01	2.95e-02	0.00e+00	0.00e+00	0.00e+00	0.00e+00	0.00e+00	0.00e+00
 4.79911e+11	7.06e-37	2.14e-27	8.30e-19	7.05e-11	3.11e-02	9.42e-01	2.72e-02	0.00e+00	0.00e+00	0.00e+00	0.00e+00	0.00e+00	2.41e-121
 5.26429e+11	0.00e+00	3.01e-27	1.08e-18	8.42e-11	3.41e-02	9.41e-01	2.50e-02	0.00e+00	0.00e+00	0.00e+00	0.00e+00	0.00e+00	0.00e+00
 5.77413e+11	1.70e-36	4.35e-27	1.43e-18	1.02e-10	3.77e-02	9.40e-01	2.28e-02	0.00e+00	0.00e+00	0.00e+00	0.00e+00	0.00e+00	2.48e-120
 6.28552e+11	0.00e+00	6.20e-27	1.87e-18	1.22e-10	4.14e-02	9.38e-01	2.08e-02	0.00e+00	0.00e+00	0.00e+00	0.00e+00	0.00e+00	0.00e+00
 6.81736e+11	4.07e-36	8.83e-27	2.45e-18	1.47e-10	4.55e-02	9.35e-01	1.90e-02	0.00e+00	0.00e+00	0.00e+00	0.00e+00	0.00e+00	2.51e-119
 7.38932e+11	0.00e+00	1.27e-26	3.25e-18	1.78e-10	5.01e-02	9.33e-01	1.73e-02	0.00e+00	0.00e+00	0.00e+00	0.00e+00	0.00e+00	0.00e+00
 7.95783e+11	9.91e-36	1.81e-26	4.25e-18	2.13e-10	5.50e-02	9.29e-01	1.58e-02	0.00e+00	0.00e+00	0.00e+00	0.00e+00	0.00e+00	2.63e-118
 8.54908e+11	0.00e+00	2.57e-26	5.56e-18	2.56e-10	6.03e-02	9.25e-01	1.44e-02	0.00e+00	0.00e+00	0.00e+00	0.00e+00	0.00e+00	0.00e+00
 9.19031e+11	2.41e-35	3.72e-26	7.37e-18	3.10e-10	6.63e-02	9.21e-01	1.31e-02	0.00e+00	0.00e+00	0.00e+00	0.00e+00	0.00e+00	2.77e-117
 9.85719e+11	0.00e+00	5.37e-26	9.77e-18	3.75e-10	7.30e-02	9.15e-01	1.19e-02	0.00e+00	0.00e+00	0.00e+00	0.00e+00	0.00e+00	0.00e+00
 1.05507e+12	5.98e-35	7.75e-26	1.30e-17	4.53e-10	8.02e-02	9.09e-01	1.07e-02	0.00e+00	0.00e+00	0.00e+00	0.00e+00	0.00e+00	3.05e-116
 1.12720e+12	9.41e-35	1.12e-25	1.72e-17	5.48e-10	8.81e-02	9.02e-01	9.69e-03	0.00e+00	0.00e+00	0.00e+00	0.00e+00	0.00e+00	0.00e+00
 1.20222e+12	1.48e-34	1.61e-25	2.28e-17	6.63e-10	9.66e-02	8.95e-01	8.75e-03	0.00e+00	0.00e+00	0.00e+00	0.00e+00	0.00e+00	3.33e-115
 1.27027e+12	2.20e-34	2.22e-25	2.91e-17	7.82e-10	1.05e-01	8.87e-01	7.99e-03	0.00e+00	0.00e+00	0.00e+00	0.00e+00	0.00e+00	1.43e-97
 1.32730e+12	3.02e-34	2.88e-25	3.55e-17	8.94e-10	1.12e-01	8.81e-01	7.41e-03	0.00e+00	0.00e+00	0.00e+00	0.00e+00	0.00e+00	2.65e-280
 1.38993e+12	4.24e-34	3.79e-25	4.39e-17	1.03e-09	1.20e-01	8.74e-01	6.84e-03	0.00e+00	0.00e+00	0.00e+00	0.00e+00	0.00e+00	5.40e-114
 1.46880e+12	6.40e-34	5.29e-25	5.68e-17	1.22e-09	1.30e-01	8.64e-01	6.20e-03	0.00e+00	0.00e+00	0.00e+00	0.00e+00	0.00e+00	1.56e-96
 1.55084e+12	9.67e-34	7.39e-25	7.35e-17	1.46e-09	1.41e-01	8.53e-01	5.60e-03	0.00e+00	0.00e+00	0.00e+00	0.00e+00	0.00e+00	8.32e-283
 1.62127e+12	1.36e-33	9.74e-25	9.09e-17	1.68e-09	1.51e-01	8.44e-01	5.15e-03	0.00e+00	0.00e+00	0.00e+00	0.00e+00	0.00e+00	1.18e-112
 1.69452e+12	1.91e-33	1.28e-24	1.12e-16	1.94e-09	1.61e-01	8.34e-01	4.73e-03	0.00e+00	0.00e+00	0.00e+00	0.00e+00	0.00e+00	1.78e-95
 1.78561e+12	2.87e-33	1.79e-24	1.45e-16	2.30e-09	1.74e-01	8.21e-01	4.26e-03	0.00e+00	0.00e+00	0.00e+00	0.00e+00	0.00e+00	8.67e-112
 1.87782e+12	4.26e-33	2.46e-24	1.86e-16	2.71e-09	1.88e-01	8.08e-01	3.84e-03	0.00e+00	0.00e+00	0.00e+00	0.00e+00	0.00e+00	1.06e-94
 1.95833e+12	5.92e-33	3.22e-24	2.29e-16	3.11e-09	2.00e-01	7.96e-01	3.51e-03	0.00e+00	0.00e+00	0.00e+00	0.00e+00	0.00e+00	6.03e-111
 2.04571e+12	8.36e-33	4.25e-24	2.84e-16	3.59e-09	2.14e-01	7.83e-01	3.20e-03	0.00e+00	0.00e+00	0.00e+00	0.00e+00	0.00e+00	4.81e-94
 2.15196e+12	1.25e-32	5.89e-24	3.65e-16	4.24e-09	2.30e-01	7.67e-01	2.86e-03	0.00e+00	0.00e+00	0.00e+00	0.00e+00	0.00e+00	4.49e-110
 2.26003e+12	1.84e-32	8.08e-24	4.66e-16	4.99e-09	2.47e-01	7.51e-01	2.56e-03	0.00e+00	0.00e+00	0.00e+00	0.00e+00	0.00e+00	2.83e-93
 2.35938e+12	2.60e-32	1.07e-23	5.77e-16	5.75e-09	2.62e-01	7.35e-01	2.32e-03	0.00e+00	0.00e+00	0.00e+00	0.00e+00	0.00e+00	3.27e-109
 2.47012e+12	3.74e-32	1.43e-23	7.25e-16	6.68e-09	2.80e-01	7.18e-01	2.09e-03	0.00e+00	0.00e+00	0.00e+00	0.00e+00	0.00e+00	1.39e-92
 2.59832e+12	5.60e-32	1.99e-23	9.33e-16	7.88e-09	3.00e-01	6.98e-01	1.85e-03	0.00e+00	0.00e+00	0.00e+00	0.00e+00	0.00e+00	2.67e-108
 2.72462e+12	8.17e-32	2.70e-23	1.18e-15	9.20e-09	3.19e-01	6.79e-01	1.64e-03	0.00e+00	0.00e+00	0.00e+00	0.00e+00	0.00e+00	8.17e-92
 2.84569e+12	1.15e-31	3.57e-23	1.46e-15	1.06e-08	3.38e-01	6.61e-01	1.47e-03	0.00e+00	0.00e+00	0.00e+00	0.00e+00	0.00e+00	1.97e-107
 2.97916e+12	1.66e-31	4.78e-23	1.83e-15	1.22e-08	3.58e-01	6.41e-01	1.31e-03	0.00e+00	0.00e+00	0.00e+00	0.00e+00	0.00e+00	4.13e-91
 3.12825e+12	2.44e-31	6.54e-23	2.33e-15	1.43e-08	3.80e-01	6.19e-01	1.16e-03	0.00e+00	0.00e+00	0.00e+00	0.00e+00	0.00e+00	1.60e-106
 3.26386e+12	3.42e-31	8.57e-23	2.86e-15	1.63e-08	4.00e-01	5.99e-01	1.03e-03	0.00e+00	0.00e+00	0.00e+00	0.00e+00	0.00e+00	2.18e-90
 3.37809e+12	4.48e-31	1.07e-22	3.38e-15	1.82e-08	4.16e-01	5.83e-01	9.40e-04	0.00e+00	0.00e+00	0.00e+00	0.00e+00	0.00e+00	8.83e-106
 3.50374e+12	5.97e-31	1.34e-22	4.03e-15	2.03e-08	4.34e-01	5.65e-01	8.51e-04	0.00e+00	0.00e+00	0.00e+00	0.00e+00	0.00e+00	8.01e-90
 3.64564e+12	8.16e-31	1.73e-22	4.88e-15	2.29e-08	4.53e-01	5.46e-01	7.62e-04	0.00e+00	0.00e+00	0.00e+00	0.00e+00	0.00e+00	4.86e-105
 3.78158e+12	1.09e-30	2.17e-22	5.81e-15	2.56e-08	4.71e-01	5.28e-01	6.87e-04	0.00e+00	0.00e+00	0.00e+00	0.00e+00	0.00e+00	3.26e-89
 3.93125e+12	1.47e-30	2.77e-22	6.99e-15	2.88e-08	4.90e-01	5.09e-01	6.15e-04	0.00e+00	0.00e+00	0.00e+00	0.00e+00	0.00e+00	2.65e-104
 4.09750e+12	2.03e-30	3.59e-22	8.50e-15	3.25e-08	5.11e-01	4.89e-01	5.45e-04	0.00e+00	0.00e+00	0.00e+00	0.00e+00	0.00e+00	1.44e-88
 4.25329e+12	2.72e-30	4.52e-22	1.01e-14	3.63e-08	5.29e-01	4.71e-01	4.88e-04	0.00e+00	0.00e+00	0.00e+00	0.00e+00	0.00e+00	1.57e-103
 4.42382e+12	3.69e-30	5.76e-22	1.21e-14	4.05e-08	5.48e-01	4.52e-01	4.34e-04	0.00e+00	0.00e+00	0.00e+00	0.00e+00	0.00e+00	5.99e-88
 4.61659e+12	5.13e-30	7.51e-22	1.48e-14	4.59e-08	5.69e-01	4.31e-01	3.81e-04	0.00e+00	0.00e+00	0.00e+00	0.00e+00	0.00e+00	1.01e-102
 4.80046e+12	6.94e-30	9.54e-22	1.77e-14	5.12e-08	5.88e-01	4.12e-01	3.37e-04	0.00e+00	0.00e+00	0.00e+00	0.00e+00	0.00e+00	2.73e-87
 4.96913e+12	9.06e-30	1.18e-21	2.07e-14	5.64e-08	6.05e-01	3.95e-01	3.03e-04	0.00e+00	0.00e+00	0.00e+00	0.00e+00	0.00e+00	5.43e-102
 5.15585e+12	1.20e-29	1.48e-21	2.45e-14	6.24e-08	6.22e-01	3.78e-01	2.69e-04	0.00e+00	0.00e+00	0.00e+00	0.00e+00	0.00e+00	1.04e-86
 5.36599e+12	1.63e-29	1.88e-21	2.93e-14	6.96e-08	6.40e-01	3.59e-01	2.37e-04	0.00e+00	0.00e+00	0.00e+00	0.00e+00	0.00e+00	3.17e-101
 5.56570e+12	2.16e-29	2.35e-21	3.46e-14	7.68e-08	6.57e-01	3.43e-01	2.10e-04	0.00e+00	0.00e+00	0.00e+00	0.00e+00	0.00e+00	4.39e-86
 5.78446e+12	2.90e-29	2.96e-21	4.11e-14	8.51e-08	6.74e-01	3.26e-01	1.85e-04	0.00e+00	0.00e+00	0.00e+00	0.00e+00	0.00e+00	1.79e-100
 6.02593e+12	3.97e-29	3.79e-21	4.92e-14	9.47e-08	6.92e-01	3.08e-01	1.62e-04	0.00e+00	0.00e+00	0.00e+00	0.00e+00	0.00e+00	1.98e-85
 6.24927e+12	5.23e-29	4.71e-21	5.78e-14	1.04e-07	7.07e-01	2.93e-01	1.43e-04	0.00e+00	0.00e+00	0.00e+00	0.00e+00	0.00e+00	1.07e-99
 6.49195e+12	6.99e-29	5.92e-21	6.82e-14	1.15e-07	7.22e-01	2.78e-01	1.26e-04	0.00e+00	0.00e+00	0.00e+00	0.00e+00	0.00e+00	8.16e-85
 6.76371e+12	9.54e-29	7.56e-21	8.16e-14	1.27e-07	7.39e-01	2.61e-01	1.09e-04	0.00e+00	0.00e+00	0.00e+00	0.00e+00	0.00e+00	6.74e-99
 7.02055e+12	1.27e-28	9.43e-21	9.58e-14	1.40e-07	7.53e-01	2.47e-01	9.62e-05	0.00e+00	0.00e+00	0.00e+00	0.00e+00	0.00e+00	3.64e-84
 7.30062e+12	1.70e-28	1.19e-20	1.13e-13	1.54e-07	7.67e-01	2.33e-01	8.39e-05	0.00e+00	0.00e+00	0.00e+00	0.00e+00	0.00e+00	4.02e-98
 7.61265e+12	2.34e-28	1.52e-20	1.36e-13	1.71e-07	7.81e-01	2.18e-01	7.23e-05	0.00e+00	0.00e+00	0.00e+00	0.00e+00	0.00e+00	1.72e-83
 7.90805e+12	3.11e-28	1.90e-20	1.59e-13	1.87e-07	7.94e-01	2.06e-01	6.32e-05	0.00e+00	0.00e+00	0.00e+00	0.00e+00	0.00e+00	2.63e-97
 8.22519e+12	4.19e-28	2.40e-20	1.88e-13	2.06e-07	8.07e-01	1.93e-01	5.49e-05	0.00e+00	0.00e+00	0.00e+00	0.00e+00	0.00e+00	7.71e-83
 8.58413e+12	5.78e-28	3.08e-20	2.25e-13	2.28e-07	8.20e-01	1.80e-01	4.71e-05	0.00e+00	0.00e+00	0.00e+00	0.00e+00	0.00e+00	1.82e-96
 8.93794e+12	7.85e-28	3.91e-20	2.67e-13	2.51e-07	8.31e-01	1.69e-01	4.07e-05	0.00e+00	0.00e+00	0.00e+00	0.00e+00	0.00e+00	3.88e-82
 9.30590e+12	1.06e-27	4.95e-20	3.16e-13	2.75e-07	8.42e-01	1.58e-01	3.51e-05	0.00e+00	0.00e+00	0.00e+00	0.00e+00	0.00e+00	1.24e-95
 9.70807e+12	1.46e-27	6.33e-20	3.77e-13	3.04e-07	8.53e-01	1.47e-01	3.00e-05	0.00e+00	0.00e+00	0.00e+00	0.00e+00	0.00e+00	1.95e-81
 1.01179e+13	2.00e-27	8.06e-20	4.47e-13	3.34e-07	8.63e-01	1.37e-01	2.58e-05	0.00e+00	0.00e+00	0.00e+00	0.00e+00	0.00e+00	9.10e-95
 1.05442e+13	2.73e-27	1.02e-19	5.30e-13	3.66e-07	8.73e-01	1.27e-01	2.21e-05	0.00e+00	0.00e+00	0.00e+00	0.00e+00	0.00e+00	9.98e-81
 1.09737e+13	3.69e-27	1.29e-19	6.24e-13	4.01e-07	8.81e-01	1.19e-01	1.91e-05	0.00e+00	0.00e+00	0.00e+00	0.00e+00	0.00e+00	6.38e-94
 1.13732e+13	4.83e-27	1.59e-19	7.22e-13	4.34e-07	8.88e-01	1.12e-01	1.67e-05	0.00e+00	0.00e+00	0.00e+00	0.00e+00	0.00e+00	4.48e-80
 1.18109e+13	6.43e-27	1.98e-19	8.42e-13	4.71e-07	8.96e-01	1.04e-01	1.45e-05	0.00e+00	0.00e+00	0.00e+00	0.00e+00	0.00e+00	3.75e-93
 1.22592e+13	8.52e-27	2.46e-19	9.80e-13	5.12e-07	9.02e-01	9.76e-02	1.26e-05	0.00e+00	0.00e+00	0.00e+00	0.00e+00	0.00e+00	2.01e-79
 1.26323e+13	1.07e-26	2.93e-19	1.11e-12	5.46e-07	9.08e-01	9.24e-02	1.12e-05	0.00e+00	0.00e+00	0.00e+00	0.00e+00	0.00e+00	1.91e-92
 1.30256e+13	1.35e-26	3.50e-19	1.25e-12	5.84e-07	9.13e-01	8.75e-02	1.00e-05	0.00e+00	0.00e+00	0.00e+00	0.00e+00	0.00e+00	6.82e-79
 1.35278e+13	1.80e-26	4.36e-19	1.46e-12	6.33e-07	9.18e-01	8.17e-02	8.66e-06	0.00e+00	0.00e+00	0.00e+00	0.00e+00	0.00e+00	1.01e-91
 1.40535e+13	2.40e-26	5.44e-19	1.70e-12	6.87e-07	9.24e-01	7.61e-02	7.49e-06	0.00e+00	0.00e+00	0.00e+00	0.00e+00	0.00e+00	3.17e-78
 1.45175e+13	3.08e-26	6.57e-19	1.94e-12	7.37e-07	9.28e-01	7.18e-02	6.62e-06	0.00e+00	0.00e+00	0.00e+00	0.00e+00	0.00e+00	5.68e-91
 1.50195e+13	3.99e-26	8.01e-19	2.22e-12	7.91e-07	9.33e-01	6.74e-02	5.82e-06	0.00e+00	0.00e+00	0.00e+00	0.00e+00	0.00e+00	1.23e-77
 1.55814e+13	5.28e-26	9.91e-19	2.57e-12	8.55e-07	9.37e-01	6.30e-02	5.05e-06	0.00e+00	0.00e+00	0.00e+00	0.00e+00	0.00e+00	3.23e-90
 1.61105e+13	6.81e-26	1.20e-18	2.94e-12	9.17e-07	9.41e-01	5.92e-02	4.45e-06	0.00e+00	0.00e+00	0.00e+00	0.00e+00	0.00e+00	5.19e-77
 1.66875e+13	8.92e-26	1.48e-18	3.38e-12	9.87e-07	9.45e-01	5.55e-02	3.89e-06	0.00e+00	0.00e+00	0.00e+00	0.00e+00	0.00e+00	1.75e-89
 1.73274e+13	1.19e-25	1.84e-18	3.93e-12	1.07e-06	9.48e-01	5.17e-02	3.37e-06	0.00e+00	0.00e+00	0.00e+00	0.00e+00	0.00e+00	2.33e-76
 1.79219e+13	1.54e-25	2.24e-18	4.50e-12	1.14e-06	9.51e-01	4.86e-02	2.96e-06	0.00e+00	0.00e+00	0.00e+00	0.00e+00	0.00e+00	4.71e-76
 1.85675e+13	2.02e-25	2.75e-18	5.17e-12	1.23e-06	9.55e-01	4.54e-02	2.58e-06	0.00e+00	0.00e+00	0.00e+00	0.00e+00	0.00e+00	9.85e-76
 1.92897e+13	2.71e-25	3.43e-18	6.02e-12	1.33e-06	9.58e-01	4.23e-02	2.23e-06	0.00e+00	0.00e+00	0.00e+00	0.00e+00	0.00e+00	2.18e-75
 1.99706e+13	3.55e-25	4.21e-18	6.91e-12	1.43e-06	9.60e-01	3.96e-02	1.95e-06	0.00e+00	0.00e+00	0.00e+00	0.00e+00	0.00e+00	4.51e-75
 2.07150e+13	4.71e-25	5.21e-18	7.98e-12	1.54e-06	9.63e-01	3.70e-02	1.70e-06	0.00e+00	0.00e+00	0.00e+00	0.00e+00	0.00e+00	9.73e-75
 2.15460e+13	6.38e-25	6.55e-18	9.33e-12	1.67e-06	9.66e-01	3.43e-02	1.46e-06	0.00e+00	0.00e+00	0.00e+00	0.00e+00	0.00e+00	2.22e-74
 2.23284e+13	8.41e-25	8.07e-18	1.07e-11	1.79e-06	9.68e-01	3.21e-02	1.27e-06	0.00e+00	0.00e+00	0.00e+00	0.00e+00	0.00e+00	4.71e-74
 2.31696e+13	1.12e-24	1.00e-17	1.24e-11	1.93e-06	9.70e-01	2.99e-02	1.10e-06	0.00e+00	0.00e+00	0.00e+00	0.00e+00	0.00e+00	1.03e-73
 2.41263e+13	1.53e-24	1.27e-17	1.46e-11	2.10e-06	9.72e-01	2.77e-02	9.42e-07	0.00e+00	0.00e+00	0.00e+00	0.00e+00	0.00e+00	2.42e-73
 2.50633e+13	2.06e-24	1.59e-17	1.70e-11	2.26e-06	9.74e-01	2.57e-02	0.00e+00	0.00e+00	0.00e+00	0.00e+00	0.00e+00	0.00e+00	5.43e-73
 2.60378e+13	2.77e-24	1.98e-17	1.97e-11	2.44e-06	9.76e-01	2.39e-02	0.00e+00	0.00e+00	0.00e+00	0.00e+00	0.00e+00	0.00e+00	1.22e-72
 2.71093e+13	3.79e-24	2.51e-17	2.31e-11	2.65e-06	9.78e-01	2.21e-02	0.00e+00	0.00e+00	0.00e+00	0.00e+00	0.00e+00	0.00e+00	2.87e-72
 2.81915e+13	5.14e-24	3.16e-17	2.70e-11	2.87e-06	9.79e-01	2.05e-02	0.00e+00	0.00e+00	0.00e+00	0.00e+00	0.00e+00	0.00e+00	6.60e-72
 2.93169e+13	6.98e-24	3.98e-17	3.15e-11	3.10e-06	9.81e-01	1.90e-02	0.00e+00	0.00e+00	0.00e+00	0.00e+00	0.00e+00	0.00e+00	1.52e-71
 3.04488e+13	9.37e-24	4.97e-17	3.66e-11	3.35e-06	9.82e-01	1.77e-02	0.00e+00	0.00e+00	0.00e+00	0.00e+00	1.59e-17	3.38e-17	3.40e-71
 3.15155e+13	1.23e-23	6.09e-17	4.19e-11	3.58e-06	9.83e-01	1.65e-02	0.00e+00	0.00e+00	0.00e+00	0.00e+00	2.02e-17	4.07e-17	7.08e-71
 3.26955e+13	1.63e-23	7.55e-17	4.85e-11	3.86e-06	9.85e-01	1.54e-02	0.00e+00	0.00e+00	0.00e+00	0.00e+00	2.51e-17	5.05e-17	1.55e-70
 3.38775e+13	2.15e-23	9.30e-17	5.58e-11	4.15e-06	9.86e-01	1.44e-02	0.00e+00	0.00e+00	0.00e+00	0.00e+00	3.09e-17	6.22e-17	3.30e-70
 3.48497e+13	2.69e-23	1.10e-16	6.24e-11	4.39e-06	9.86e-01	1.36e-02	0.00e+00	0.00e+00	0.00e+00	0.00e+00	3.65e-17	7.34e-17	6.03e-70
 3.58754e+13	3.37e-23	1.30e-16	7.00e-11	4.65e-06	9.87e-01	1.28e-02	0.00e+00	0.00e+00	0.00e+00	0.00e+00	4.32e-17	8.70e-17	1.12e-69
 3.71992e+13	4.46e-23	1.61e-16	8.08e-11	5.00e-06	9.88e-01	1.20e-02	0.00e+00	0.00e+00	0.00e+00	0.00e+00	5.35e-17	1.08e-16	2.41e-69
 3.85948e+13	5.95e-23	2.00e-16	9.36e-11	5.39e-06	9.89e-01	1.11e-02	0.00e+00	0.00e+00	0.00e+00	0.00e+00	6.64e-17	1.34e-16	5.28e-69
 3.98191e+13	7.59e-23	2.41e-16	1.06e-10	5.74e-06	9.90e-01	1.05e-02	0.00e+00	0.00e+00	0.00e+00	0.00e+00	7.98e-17	1.61e-16	1.04e-68
 4.11365e+13	9.77e-23	2.91e-16	1.21e-10	6.13e-06	9.90e-01	9.80e-03	0.00e+00	0.00e+00	0.00e+00	0.00e+00	9.67e-17	1.95e-16	2.05e-68
 4.27337e+13	1.31e-22	3.64e-16	1.40e-10	6.63e-06	9.91e-01	9.09e-03	0.00e+00	0.00e+00	0.00e+00	0.00e+00	1.21e-16	2.43e-16	4.59e-68
 4.43577e+13	1.76e-22	4.54e-16	1.63e-10	7.15e-06	9.92e-01	8.44e-03	0.00e+00	0.00e+00	0.00e+00	0.00e+00	1.51e-16	3.03e-16	1.01e-67
 4.58635e+13	2.28e-22	5.52e-16	1.86e-10	7.65e-06	9.92e-01	7.89e-03	0.00e+00	0.00e+00	0.00e+00	0.00e+00	1.83e-16	3.69e-16	2.06e-67
 4.75446e+13	3.01e-22	6.82e-16	2.15e-10	8.23e-06	9.93e-01	7.34e-03	0.00e+00	0.00e+00	0.00e+00	0.00e+00	2.26e-16	4.56e-16	4.40e-67
 4.93467e+13	4.02e-22	8.49e-16	2.49e-10	8.88e-06	9.93e-01	6.81e-03	0.00e+00	0.00e+00	0.00e+00	0.00e+00	2.82e-16	5.67e-16	9.65e-67
 5.09487e+13	5.16e-22	1.02e-15	2.83e-10	9.48e-06	9.94e-01	6.39e-03	0.00e+00	0.00e+00	0.00e+00	0.00e+00	3.40e-16	6.85e-16	1.90e-66
 5.26661e+13	6.67e-22	1.25e-15	3.24e-10	1.01e-05	9.94e-01	5.98e-03	0.00e+00	0.00e+00	0.00e+00	0.00e+00	4.13e-16	8.32e-16	3.82e-66
 5.47245e+13	8.98e-22	1.56e-15	3.77e-10	1.10e-05	9.94e-01	5.53e-03	0.00e+00	0.00e+00	0.00e+00	0.00e+00	5.18e-16	1.04e-15	8.56e-66
 5.67470e+13	1.19e-21	1.93e-15	4.37e-10	1.18e-05	9.95e-01	5.14e-03	0.00e+00	0.00e+00	0.00e+00	0.00e+00	6.41e-16	1.29e-15	1.84e-65
 5.85421e+13	1.52e-21	2.32e-15	4.95e-10	1.26e-05	9.95e-01	4.82e-03	0.00e+00	0.00e+00	0.00e+00	0.00e+00	7.70e-16	1.55e-15	3.56e-65
 6.05206e+13	1.96e-21	2.82e-15	5.65e-10	1.35e-05	9.95e-01	4.51e-03	0.00e+00	0.00e+00	0.00e+00	0.00e+00	9.36e-16	1.89e-15	7.15e-65
 6.28866e+13	2.64e-21	3.53e-15	6.60e-10	1.46e-05	9.96e-01	4.17e-03	0.00e+00	0.00e+00	0.00e+00	0.00e+00	1.17e-15	2.36e-15	1.60e-64
 6.52394e+13	3.51e-21	4.39e-15	7.65e-10	1.58e-05	9.96e-01	3.87e-03	0.00e+00	0.00e+00	0.00e+00	0.00e+00	1.45e-15	2.93e-15	3.47e-64
 6.73824e+13	4.51e-21	5.31e-15	8.70e-10	1.69e-05	9.96e-01	3.62e-03	0.00e+00	0.00e+00	0.00e+00	0.00e+00	1.76e-15	3.55e-15	6.87e-64
 6.97695e+13	5.90e-21	6.51e-15	1.00e-09	1.81e-05	9.97e-01	3.37e-03	0.00e+00	0.00e+00	0.00e+00	0.00e+00	2.16e-15	4.35e-15	1.43e-63
 7.25561e+13	7.99e-21	8.20e-15	1.17e-09	1.96e-05	9.97e-01	3.11e-03	0.00e+00	0.00e+00	0.00e+00	0.00e+00	2.72e-15	5.48e-15	3.26e-63
 7.52958e+13	1.07e-20	1.02e-14	1.36e-09	2.12e-05	9.97e-01	2.89e-03	0.00e+00	0.00e+00	0.00e+00	0.00e+00	3.38e-15	6.82e-15	7.12e-63
 7.78719e+13	1.38e-20	1.24e-14	1.56e-09	2.27e-05	9.97e-01	2.70e-03	0.00e+00	0.00e+00	0.00e+00	0.00e+00	4.12e-15	8.31e-15	1.45e-62
 8.07436e+13	1.83e-20	1.54e-14	1.80e-09	2.45e-05	9.97e-01	2.50e-03	0.00e+00	0.00e+00	0.00e+00	0.00e+00	5.09e-15	1.03e-14	3.11e-62
 8.40032e+13	2.49e-20	1.94e-14	2.11e-09	2.66e-05	9.98e-01	2.31e-03	0.00e+00	0.00e+00	0.00e+00	0.00e+00	6.43e-15	1.30e-14	7.16e-62
 8.72533e+13	3.34e-20	2.43e-14	2.46e-09	2.87e-05	9.98e-01	2.14e-03	0.00e+00	0.00e+00	0.00e+00	0.00e+00	8.04e-15	1.62e-14	1.60e-61
 9.02852e+13	4.36e-20	2.97e-14	2.82e-09	3.08e-05	9.98e-01	1.99e-03	0.00e+00	0.00e+00	0.00e+00	0.00e+00	9.83e-15	1.98e-14	3.30e-61
 9.35783e+13	5.76e-20	3.66e-14	3.26e-09	3.31e-05	9.98e-01	1.85e-03	0.00e+00	0.00e+00	0.00e+00	0.00e+00	1.21e-14	2.45e-14	7.05e-61
 9.72716e+13	7.78e-20	4.60e-14	3.81e-09	3.59e-05	9.98e-01	1.71e-03	0.00e+00	0.00e+00	0.00e+00	0.00e+00	1.52e-14	3.08e-14	1.60e-60
 1.00717e+14	1.02e-19	5.65e-14	4.38e-09	3.85e-05	9.98e-01	1.60e-03	0.00e+00	0.00e+00	0.00e+00	0.00e+00	1.87e-14	3.78e-14	3.36e-60
 1.03903e+14	1.30e-19	6.79e-14	4.96e-09	4.11e-05	9.98e-01	1.50e-03	0.00e+00	0.00e+00	0.00e+00	0.00e+00	2.25e-14	4.54e-14	6.53e-60
 1.06969e+14	1.63e-19	8.06e-14	5.57e-09	4.36e-05	9.99e-01	1.41e-03	0.00e+00	0.00e+00	0.00e+00	0.00e+00	2.67e-14	5.40e-14	1.21e-59
 1.10375e+14	2.08e-19	9.70e-14	6.32e-09	4.65e-05	9.99e-01	1.32e-03	0.00e+00	0.00e+00	0.00e+00	0.00e+00	3.21e-14	6.49e-14	2.36e-59
 1.14142e+14	2.71e-19	1.18e-13	7.23e-09	4.98e-05	9.99e-01	1.24e-03	0.00e+00	0.00e+00	0.00e+00	0.00e+00	3.91e-14	7.91e-14	4.84e-59
 1.17650e+14	3.43e-19	1.41e-13	8.16e-09	5.29e-05	9.99e-01	1.16e-03	0.00e+00	0.00e+00	0.00e+00	0.00e+00	4.68e-14	9.46e-14	9.25e-59
 1.21479e+14	4.41e-19	1.71e-13	9.27e-09	5.65e-05	9.99e-01	1.09e-03	0.00e+00	0.00e+00	0.00e+00	0.00e+00	5.65e-14	1.14e-13	1.84e-58
 1.25787e+14	5.79e-19	2.10e-13	1.07e-08	6.06e-05	9.99e-01	1.02e-03	0.00e+00	0.00e+00	0.00e+00	0.00e+00	6.94e-14	1.41e-13	3.87e-58
 1.29902e+14	7.45e-19	2.54e-13	1.21e-08	6.47e-05	9.99e-01	9.52e-04	0.00e+00	0.00e+00	0.00e+00	0.00e+00	8.39e-14	1.70e-13	7.74e-58
 1.34436e+14	9.74e-19	3.11e-13	1.39e-08	6.94e-05	9.99e-01	8.88e-04	0.00e+00	0.00e+00	0.00e+00	0.00e+00	1.03e-13	2.08e-13	1.61e-57
 1.39430e+14	1.30e-18	3.86e-13	1.61e-08	7.48e-05	9.99e-01	8.24e-04	0.00e+00	0.00e+00	0.00e+00	0.00e+00	1.27e-13	2.59e-13	3.54e-57
 1.44019e+14	1.67e-18	4.68e-13	1.83e-08	7.98e-05	9.99e-01	7.72e-04	0.00e+00	0.00e+00	0.00e+00	0.00e+00	1.54e-13	3.13e-13	7.10e-57
 1.48982e+14	2.18e-18	5.71e-13	2.10e-08	8.56e-05	9.99e-01	7.21e-04	0.00e+00	0.00e+00	0.00e+00	0.00e+00	1.89e-13	3.83e-13	1.47e-56
 1.54535e+14	2.90e-18	7.09e-13	2.43e-08	9.22e-05	9.99e-01	6.69e-04	0.00e+00	0.00e+00	0.00e+00	0.00e+00	2.34e-13	4.75e-13	3.23e-56
 1.59763e+14	3.76e-18	8.64e-13	2.78e-08	9.86e-05	9.99e-01	6.25e-04	0.00e+00	0.00e+00	0.00e+00	0.00e+00	2.85e-13	5.79e-13	6.61e-56
 1.65467e+14	4.94e-18	1.06e-12	3.20e-08	1.06e-04	9.99e-01	5.82e-04	0.00e+00	0.00e+00	0.00e+00	0.00e+00	3.50e-13	7.12e-13	1.40e-55
 1.71800e+14	6.63e-18	1.33e-12	3.72e-08	1.14e-04	9.99e-01	5.39e-04	0.00e+00	0.00e+00	0.00e+00	0.00e+00	4.37e-13	8.89e-13	3.14e-55
 1.77705e+14	8.64e-18	1.62e-12	4.26e-08	1.23e-04	9.99e-01	5.03e-04	0.00e+00	0.00e+00	0.00e+00	0.00e+00	5.34e-13	1.09e-12	6.50e-55
 1.84125e+14	1.14e-17	2.00e-12	4.91e-08	1.32e-04	9.99e-01	4.68e-04	0.00e+00	0.00e+00	0.00e+00	0.00e+00	6.58e-13	1.34e-12	1.39e-54
 1.91310e+14	1.53e-17	2.50e-12	5.73e-08	1.43e-04	9.99e-01	4.32e-04	0.00e+00	0.00e+00	0.00e+00	0.00e+00	8.23e-13	1.68e-12	3.15e-54
 1.98113e+14	2.01e-17	3.07e-12	6.59e-08	1.53e-04	9.99e-01	4.02e-04	0.00e+00	0.00e+00	0.00e+00	0.00e+00	1.01e-12	2.06e-12	6.66e-54
 2.05398e+14	2.66e-17	3.80e-12	7.62e-08	1.65e-04	9.99e-01	3.73e-04	0.00e+00	0.00e+00	0.00e+00	0.00e+00	1.25e-12	2.55e-12	1.44e-53
 2.13644e+14	3.60e-17	4.79e-12	8.93e-08	1.79e-04	9.99e-01	3.44e-04	0.00e+00	0.00e+00	0.00e+00	0.00e+00	1.57e-12	3.21e-12	3.32e-53
 2.21739e+14	4.79e-17	5.95e-12	1.04e-07	1.94e-04	9.99e-01	3.19e-04	0.00e+00	3.94e-18	1.18e-17	1.98e-17	1.96e-12	4.00e-12	7.31e-53
 2.30158e+14	6.37e-17	7.41e-12	1.21e-07	2.09e-04	9.99e-01	2.95e-04	0.00e+00	5.25e-18	1.58e-17	2.63e-17	2.43e-12	4.97e-12	1.61e-52
 2.39395e+14	8.61e-17	9.32e-12	1.41e-07	2.27e-04	1.00e+00	2.71e-04	0.00e+00	7.09e-18	2.13e-17	3.56e-17	3.06e-12	6.26e-12	3.70e-52
 2.48494e+14	1.14e-16	1.16e-11	1.65e-07	2.46e-04	1.00e+00	2.51e-04	0.00e+00	9.41e-18	2.83e-17	4.72e-17	3.80e-12	7.78e-12	8.09e-52
 2.56019e+14	1.43e-16	1.38e-11	1.86e-07	2.62e-04	1.00e+00	2.36e-04	0.00e+00	1.18e-17	3.55e-17	5.93e-17	4.52e-12	9.26e-12	1.52e-51
 2.62075e+14	1.71e-16	1.58e-11	2.04e-07	2.76e-04	1.00e+00	2.24e-04	0.00e+00	1.41e-17	4.23e-17	7.07e-17	5.17e-12	1.06e-11	2.48e-51
 2.68792e+14	2.07e-16	1.83e-11	2.26e-07	2.91e-04	9.99e-01	2.12e-04	0.00e+00	1.70e-17	5.12e-17	8.55e-17	5.98e-12	1.23e-11	4.19e-51
 2.77525e+14	2.62e-16	2.19e-11	2.58e-07	3.12e-04	9.99e-01	1.98e-04	0.00e+00	2.16e-17	6.50e-17	1.09e-16	7.19e-12	1.48e-11	8.15e-51
 2.86894e+14	3.36e-16	2.66e-11	2.95e-07	3.35e-04	9.99e-01	1.85e-04	0.00e+00	2.77e-17	8.32e-17	1.39e-16	8.70e-12	1.79e-11	1.62e-50
 2.95209e+14	4.15e-16	3.13e-11	3.31e-07	3.56e-04	9.99e-01	1.74e-04	0.00e+00	3.42e-17	1.03e-16	1.72e-16	1.02e-11	2.10e-11	2.92e-50
 3.04138e+14	5.17e-16	3.71e-11	3.74e-07	3.80e-04	9.99e-01	1.63e-04	0.00e+00	4.27e-17	1.28e-16	2.14e-16	1.22e-11	2.50e-11	5.42e-50
 3.15383e+14	6.74e-16	4.57e-11	4.33e-07	4.11e-04	9.99e-01	1.50e-04	0.00e+00	5.57e-17	1.67e-16	2.80e-16	1.49e-11	3.07e-11	1.14e-49
 3.26794e+14	8.73e-16	5.59e-11	5.01e-07	4.45e-04	9.99e-01	1.39e-04	0.00e+00	7.22e-17	2.17e-16	3.63e-16	1.83e-11	3.76e-11	2.37e-49
 3.36591e+14	1.08e-15	6.61e-11	5.65e-07	4.75e-04	9.99e-01	1.31e-04	0.00e+00	8.96e-17	2.69e-16	4.50e-16	2.16e-11	4.45e-11	4.34e-49
 3.47139e+14	1.35e-15	7.86e-11	6.41e-07	5.08e-04	9.99e-01	1.22e-04	0.00e+00	1.12e-16	3.36e-16	5.61e-16	2.57e-11	5.29e-11	8.10e-49
 3.60177e+14	1.76e-15	9.67e-11	7.45e-07	5.52e-04	9.99e-01	1.12e-04	0.00e+00	1.46e-16	4.37e-16	7.31e-16	3.16e-11	6.51e-11	1.72e-48
 3.73503e+14	2.27e-15	1.19e-10	8.65e-07	5.99e-04	9.99e-01	1.04e-04	0.00e+00	1.89e-16	5.67e-16	9.47e-16	3.88e-11	7.98e-11	3.59e-48
 3.85381e+14	2.83e-15	1.41e-10	9.83e-07	6.43e-04	9.99e-01	9.68e-05	0.00e+00	2.35e-16	7.07e-16	1.18e-15	4.62e-11	9.50e-11	6.77e-48
 3.98327e+14	3.57e-15	1.70e-10	1.13e-06	6.93e-04	9.99e-01	8.99e-05	0.00e+00	2.97e-16	8.92e-16	1.49e-15	5.54e-11	1.14e-10	1.32e-47
 4.13772e+14	4.65e-15	2.09e-10	1.31e-06	7.55e-04	9.99e-01	8.26e-05	0.00e+00	3.88e-16	1.16e-15	1.94e-15	6.85e-11	1.41e-10	2.86e-47
 4.29006e+14	5.97e-15	2.56e-10	1.52e-06	8.20e-04	9.99e-01	7.62e-05	0.00e+00	4.98e-16	1.50e-15	2.50e-15	8.36e-11	1.72e-10	5.93e-47
 4.42744e+14	7.41e-15	3.04e-10	1.73e-06	8.81e-04	9.99e-01	7.10e-05	0.00e+00	6.18e-16	1.86e-15	3.10e-15	9.93e-11	2.04e-10	1.12e-46
 4.57995e+14	9.35e-15	3.66e-10	1.99e-06	9.51e-04	9.99e-01	6.59e-05	0.00e+00	7.81e-16	2.34e-15	3.92e-15	1.20e-10	2.46e-10	2.22e-46
 4.75962e+14	1.21e-14	4.51e-10	2.32e-06	1.04e-03	9.99e-01	6.04e-05	0.00e+00	1.02e-15	3.05e-15	5.09e-15	1.48e-10	3.04e-10	4.84e-46
 4.93692e+14	1.55e-14	5.51e-10	2.70e-06	1.13e-03	9.99e-01	5.57e-05	0.00e+00	1.30e-15	3.91e-15	6.53e-15	1.80e-10	3.71e-10	1.02e-45
 5.10124e+14	1.93e-14	6.58e-10	3.08e-06	1.22e-03	9.99e-01	5.17e-05	0.00e+00	1.62e-15	4.87e-15	8.14e-15	2.15e-10	4.43e-10	1.97e-45
 5.28552e+14	2.45e-14	7.97e-10	3.55e-06	1.32e-03	9.99e-01	4.78e-05	0.00e+00	2.06e-15	6.18e-15	1.03e-14	2.61e-10	5.36e-10	4.06e-45
 5.49724e+14	3.18e-14	9.85e-10	4.17e-06	1.44e-03	9.99e-01	4.37e-05	0.00e+00	2.68e-15	8.04e-15	1.34e-14	3.22e-10	6.63e-10	9.04e-45
 5.70512e+14	4.07e-14	1.20e-09	4.84e-06	1.57e-03	9.98e-01	4.03e-05	0.00e+00	3.43e-15	1.03e-14	1.72e-14	3.94e-10	8.09e-10	1.93e-44
 5.92130e+14	5.20e-14	1.47e-09	5.62e-06	1.71e-03	9.98e-01	3.71e-05	0.00e+00	4.38e-15	1.32e-14	2.20e-14	4.81e-10	9.88e-10	4.13e-44
 6.11856e+14	6.45e-14	1.75e-09	6.41e-06	1.85e-03	9.98e-01	3.44e-05	0.00e+00	5.44e-15	1.63e-14	2.73e-14	5.74e-10	1.18e-09	8.08e-44
 6.26516e+14	7.53e-14	1.99e-09	7.05e-06	1.95e-03	9.98e-01	3.27e-05	0.00e+00	6.36e-15	1.91e-14	3.19e-14	6.51e-10	1.34e-09	1.31e-43
 6.41601e+14	8.80e-14	2.26e-09	7.76e-06	2.06e-03	9.98e-01	3.10e-05	0.00e+00	7.44e-15	2.23e-14	3.73e-14	7.40e-10	1.52e-09	2.14e-43
 6.61212e+14	1.07e-13	2.66e-09	8.75e-06	2.21e-03	9.98e-01	2.90e-05	0.00e+00	9.07e-15	2.72e-14	4.55e-14	8.70e-10	1.79e-09	3.99e-43
 6.82532e+14	1.32e-13	3.15e-09	9.94e-06	2.37e-03	9.98e-01	2.70e-05	0.00e+00	1.12e-14	3.36e-14	5.61e-14	1.03e-09	2.12e-09	7.70e-43
 7.01822e+14	1.58e-13	3.66e-09	1.11e-05	2.53e-03	9.97e-01	2.54e-05	0.00e+00	1.34e-14	4.03e-14	6.73e-14	1.20e-09	2.46e-09	1.40e-42
 7.22648e+14	1.91e-13	4.28e-09	1.25e-05	2.70e-03	9.97e-01	2.39e-05	0.00e+00	1.63e-14	4.88e-14	8.15e-14	1.40e-09	2.88e-09	2.56e-42
 7.49122e+14	2.32e-13	5.20e-09	1.44e-05	2.93e-03	9.97e-01	2.21e-05	0.00e+00	1.97e-14	5.92e-14	9.88e-14	1.70e-09	3.49e-09	5.46e-42
 7.75772e+14	2.89e-13	6.28e-09	1.66e-05	3.18e-03	9.97e-01	2.04e-05	0.00e+00	2.46e-14	7.40e-14	1.24e-13	2.06e-09	4.22e-09	1.15e-41
 7.97973e+14	3.46e-13	7.31e-09	1.86e-05	3.39e-03	9.97e-01	1.92e-05	0.00e+00	2.95e-14	8.86e-14	1.48e-13	2.40e-09	4.91e-09	2.11e-41
 8.21558e+14	4.17e-13	8.55e-09	2.09e-05	3.62e-03	9.96e-01	1.81e-05	0.00e+00	3.56e-14	1.07e-13	1.78e-13	2.81e-09	5.74e-09	3.95e-41
 8.51601e+14	5.24e-13	1.04e-08	2.41e-05	3.93e-03	9.96e-01	1.67e-05	0.00e+00	4.48e-14	1.35e-13	2.25e-13	3.41e-09	6.97e-09	8.58e-41
 8.83291e+14	6.60e-13	1.27e-08	2.79e-05	4.27e-03	9.96e-01	1.55e-05	0.00e+00	5.65e-14	1.70e-13	2.83e-13	4.16e-09	8.50e-09	1.89e-40
 9.11785e+14	8.07e-13	1.50e-08	3.16e-05	4.59e-03	9.95e-01	1.45e-05	0.00e+00	6.92e-14	2.08e-13	3.47e-13	4.94e-09	1.01e-08	3.74e-40
 9.42873e+14	9.99e-13	1.80e-08	3.61e-05	4.95e-03	9.95e-01	1.35e-05	0.00e+00	8.57e-14	2.57e-13	4.30e-13	5.93e-09	1.21e-08	7.73e-40
 9.79668e+14	1.27e-12	2.23e-08	4.21e-05	5.40e-03	9.95e-01	1.25e-05	0.00e+00	1.09e-13	3.28e-13	5.48e-13	7.32e-09	1.49e-08	1.78e-39
 1.01575e+15	1.60e-12	2.71e-08	4.86e-05	5.85e-03	9.94e-01	1.16e-05	0.00e+00	1.37e-13	4.12e-13	6.88e-13	8.91e-09	1.82e-08	3.88e-39
 1.04868e+15	1.96e-12	3.23e-08	5.52e-05	6.29e-03	9.94e-01	1.09e-05	0.00e+00	1.69e-13	5.06e-13	8.45e-13	1.06e-08	2.17e-08	7.77e-39
 1.08563e+15	2.43e-12	3.91e-08	6.34e-05	6.80e-03	9.93e-01	1.02e-05	0.00e+00	2.10e-13	6.30e-13	1.05e-12	1.29e-08	2.62e-08	1.65e-38
 1.12866e+15	3.11e-12	4.84e-08	7.40e-05	7.42e-03	9.92e-01	9.44e-06	0.00e+00	2.68e-13	8.06e-13	1.35e-12	1.59e-08	3.25e-08	3.80e-38
 1.17092e+15	3.92e-12	5.94e-08	8.57e-05	8.06e-03	9.92e-01	8.80e-06	0.00e+00	3.39e-13	1.02e-12	1.70e-12	1.96e-08	3.98e-08	8.45e-38
 1.21071e+15	4.83e-12	7.17e-08	9.80e-05	8.69e-03	9.91e-01	8.29e-06	0.00e+00	4.18e-13	1.26e-12	2.09e-12	2.36e-08	4.81e-08	1.74e-37
 1.25501e+15	6.05e-12	8.74e-08	1.13e-04	9.42e-03	9.90e-01	7.75e-06	0.00e+00	5.25e-13	1.57e-12	2.63e-12	2.88e-08	5.86e-08	3.80e-37
 1.29726e+15	7.44e-12	1.05e-07	1.29e-04	1.01e-02	9.90e-01	7.31e-06	0.00e+00	6.46e-13	1.94e-12	3.23e-12	3.47e-08	7.06e-08	7.76e-37
 1.32870e+15	8.56e-12	1.20e-07	1.42e-04	1.07e-02	9.89e-01	7.02e-06	0.00e+00	7.44e-13	2.23e-12	3.72e-12	3.97e-08	8.07e-08	1.30e-36
 1.36043e+15	9.94e-12	1.37e-07	1.56e-04	1.13e-02	9.89e-01	6.74e-06	0.00e+00	8.64e-13	2.59e-12	4.33e-12	4.53e-08	9.21e-08	2.17e-36
 1.40168e+15	1.20e-11	1.62e-07	1.76e-04	1.21e-02	9.88e-01	6.40e-06	0.00e+00	1.05e-12	3.14e-12	5.24e-12	5.36e-08	1.09e-07	4.13e-36
 1.44647e+15	1.46e-11	1.94e-07	2.00e-04	1.29e-02	9.87e-01	6.07e-06	0.00e+00	1.27e-12	3.82e-12	6.37e-12	6.40e-08	1.30e-07	8.11e-36
 1.48671e+15	1.73e-11	2.27e-07	2.23e-04	1.38e-02	9.86e-01	5.82e-06	0.00e+00	1.51e-12	4.53e-12	7.56e-12	7.48e-08	1.52e-07	1.46e-35
 1.52991e+15	2.07e-11	2.67e-07	2.50e-04	1.47e-02	9.85e-01	5.56e-06	0.00e+00	1.81e-12	5.42e-12	9.04e-12	8.80e-08	1.79e-07	2.70e-35
 1.58542e+15	2.58e-11	3.27e-07	2.89e-04	1.59e-02	9.84e-01	5.28e-06	0.00e+00	2.25e-12	6.76e-12	1.13e-11	1.08e-07	2.19e-07	5.77e-35
 1.64147e+15	3.20e-11	3.97e-07	3.32e-04	1.72e-02	9.82e-01	5.01e-06	0.00e+00	2.79e-12	8.38e-12	1.40e-11	1.31e-07	2.66e-07	1.20e-34
 1.68752e+15	3.76e-11	4.65e-07	3.72e-04	1.83e-02	9.81e-01	4.84e-06	0.00e+00	3.29e-12	9.87e-12	1.65e-11	1.54e-07	3.11e-07	2.15e-34
 1.73605e+15	4.49e-11	5.47e-07	4.17e-04	1.95e-02	9.80e-01	4.66e-06	0.00e+00	3.93e-12	1.18e-11	1.97e-11	1.81e-07	3.66e-07	3.91e-34
 1.79877e+15	5.63e-11	6.70e-07	4.81e-04	2.11e-02	9.78e-01	4.43e-06	0.00e+00	4.93e-12	1.48e-11	2.47e-11	2.21e-07	4.48e-07	8.27e-34
 1.86521e+15	7.02e-11	8.24e-07	5.57e-04	2.28e-02	9.77e-01	4.24e-06	0.00e+00	6.16e-12	1.85e-11	3.08e-11	2.72e-07	5.51e-07	1.76e-33
 1.92339e+15	8.46e-11	9.82e-07	6.31e-04	2.44e-02	9.75e-01	4.09e-06	0.00e+00	7.43e-12	2.23e-11	3.72e-11	3.25e-07	6.58e-07	3.31e-33
 1.98552e+15	1.03e-10	1.18e-06	7.18e-04	2.62e-02	9.73e-01	3.95e-06	0.00e+00	9.03e-12	2.71e-11	4.52e-11	3.90e-07	7.89e-07	6.41e-33
 2.06107e+15	1.29e-10	1.46e-06	8.36e-04	2.85e-02	9.71e-01	3.79e-06	0.00e+00	1.14e-11	3.41e-11	5.70e-11	4.83e-07	9.77e-07	1.38e-32
 2.13599e+15	1.61e-10	1.79e-06	9.66e-04	3.09e-02	9.68e-01	3.65e-06	0.00e+00	1.41e-11	4.24e-11	7.08e-11	5.92e-07	1.20e-06	2.84e-32
 2.20208e+15	1.92e-10	2.13e-06	1.09e-03	3.31e-02	9.66e-01	3.56e-06	0.00e+00	1.69e-11	5.07e-11	8.45e-11	7.06e-07	1.43e-06	5.24e-32
 2.27475e+15	2.36e-10	2.58e-06	1.25e-03	3.56e-02	9.63e-01	3.45e-06	0.00e+00	2.08e-11	6.25e-11	1.04e-10	8.52e-07	1.72e-06	1.02e-31
 2.36216e+15	2.99e-10	3.21e-06	1.46e-03	3.88e-02	9.60e-01	3.35e-06	0.00e+00	2.64e-11	7.91e-11	1.32e-10	1.06e-06	2.14e-06	2.20e-31
 2.44539e+15	3.70e-10	3.91e-06	1.68e-03	4.19e-02	9.56e-01	3.24e-06	0.00e+00	3.27e-11	9.80e-11	1.64e-10	1.30e-06	2.62e-06	4.37e-31
 2.51532e+15	4.41e-10	4.61e-06	1.88e-03	4.47e-02	9.53e-01	3.19e-06	0.00e+00	3.90e-11	1.17e-10	1.95e-10	1.53e-06	3.08e-06	7.68e-31
 2.57853e+15	5.15e-10	5.32e-06	2.09e-03	4.72e-02	9.51e-01	3.13e-06	0.00e+00	4.56e-11	1.37e-10	2.28e-10	1.76e-06	3.56e-06	1.25e-30
 2.64791e+15	6.12e-10	6.22e-06	2.33e-03	5.02e-02	9.48e-01	3.07e-06	0.00e+00	5.43e-11	1.63e-10	2.72e-10	2.06e-06	4.16e-06	2.14e-30
 2.72494e+15	7.31e-10	7.34e-06	2.62e-03	5.36e-02	9.44e-01	3.00e-06	0.00e+00	6.49e-11	1.95e-10	3.25e-10	2.43e-06	4.91e-06	3.75e-30
 2.79723e+15	8.67e-10	8.55e-06	2.92e-03	5.68e-02	9.40e-01	2.95e-06	0.00e+00	7.70e-11	2.31e-10	3.85e-10	2.83e-06	5.71e-06	6.24e-30
 2.87651e+15	1.04e-09	1.01e-05	3.28e-03	6.06e-02	9.36e-01	2.89e-06	0.00e+00	9.23e-11	2.77e-10	4.62e-10	3.34e-06	6.74e-06	1.09e-29
 2.96354e+15	1.26e-09	1.20e-05	3.71e-03	6.48e-02	9.31e-01	2.84e-06	0.00e+00	1.12e-10	3.36e-10	5.60e-10	3.97e-06	8.01e-06	1.93e-29
 3.04422e+15	1.50e-09	1.40e-05	4.14e-03	6.89e-02	9.27e-01	2.80e-06	0.00e+00	1.33e-10	4.00e-10	6.66e-10	4.65e-06	9.37e-06	3.22e-29
 3.13270e+15	1.82e-09	1.66e-05	4.67e-03	7.36e-02	9.22e-01	2.76e-06	0.00e+00	1.62e-10	4.86e-10	8.11e-10	5.51e-06	1.11e-05	5.66e-29
 3.23049e+15	2.21e-09	1.99e-05	5.31e-03	7.90e-02	9.16e-01	2.70e-06	0.00e+00	1.97e-10	5.90e-10	9.85e-10	6.60e-06	1.33e-05	1.01e-28
 3.32276e+15	2.66e-09	2.35e-05	5.97e-03	8.42e-02	9.10e-01	2.66e-06	0.00e+00	2.38e-10	7.14e-10	1.19e-09	7.78e-06	1.57e-05	1.71e-28
 3.42511e+15	3.26e-09	2.81e-05	6.79e-03	9.03e-02	9.03e-01	2.61e-06	0.00e+00	2.91e-10	8.74e-10	1.46e-09	9.33e-06	1.88e-05	3.08e-28
 3.53617e+15	4.03e-09	3.39e-05	7.76e-03	9.72e-02	8.95e-01	2.56e-06	0.00e+00	3.61e-10	1.08e-09	1.80e-09	1.13e-05	2.26e-05	5.55e-28
 3.63597e+15	4.86e-09	3.99e-05	8.72e-03	1.04e-01	8.88e-01	2.53e-06	0.00e+00	4.35e-10	1.31e-09	2.18e-09	1.32e-05	2.66e-05	9.21e-28
 3.74315e+15	5.95e-09	4.75e-05	9.88e-03	1.11e-01	8.79e-01	2.49e-06	0.00e+00	5.33e-10	1.60e-09	2.67e-09	1.58e-05	3.18e-05	1.60e-27
 3.86229e+15	7.40e-09	5.72e-05	1.13e-02	1.19e-01	8.70e-01	2.45e-06	0.00e+00	6.65e-10	1.99e-09	3.33e-09	1.90e-05	3.82e-05	2.83e-27
 3.97356e+15	9.03e-09	6.77e-05	1.27e-02	1.27e-01	8.60e-01	2.42e-06	0.00e+00	8.12e-10	2.44e-09	4.06e-09	2.25e-05	4.52e-05	4.69e-27
 4.09478e+15	1.11e-08	8.13e-05	1.45e-02	1.36e-01	8.49e-01	2.37e-06	0.00e+00	1.00e-09	3.00e-09	5.00e-09	2.70e-05	5.43e-05	8.21e-27
 4.22737e+15	1.40e-08	9.84e-05	1.67e-02	1.47e-01	8.37e-01	2.33e-06	0.00e+00	1.26e-09	3.79e-09	6.32e-09	3.27e-05	6.57e-05	1.45e-26
 4.34166e+15	1.69e-08	1.15e-04	1.87e-02	1.56e-01	8.25e-01	2.29e-06	0.00e+00	1.53e-09	4.59e-09	7.65e-09	3.83e-05	7.68e-05	2.28e-26
 4.44078e+15	1.99e-08	1.32e-04	2.06e-02	1.64e-01	8.15e-01	2.27e-06	0.00e+00	1.80e-09	5.40e-09	9.00e-09	4.38e-05	8.80e-05	3.40e-26
 4.55327e+15	2.39e-08	1.54e-04	2.31e-02	1.74e-01	8.03e-01	2.22e-06	0.00e+00	2.16e-09	6.48e-09	1.08e-08	5.13e-05	1.03e-04	5.39e-26
 4.67766e+15	2.93e-08	1.82e-04	2.60e-02	1.85e-01	7.89e-01	2.18e-06	0.00e+00	2.66e-09	7.97e-09	1.33e-08	6.04e-05	1.21e-04	8.67e-26
 4.79260e+15	3.48e-08	2.10e-04	2.90e-02	1.95e-01	7.76e-01	2.14e-06	0.00e+00	3.16e-09	9.46e-09	1.58e-08	7.00e-05	1.40e-04	1.31e-25
 4.89814e+15	4.10e-08	2.41e-04	3.20e-02	2.05e-01	7.63e-01	2.11e-06	0.00e+00	3.73e-09	1.12e-08	1.86e-08	8.01e-05	1.61e-04	1.92e-25
 5.01638e+15	4.97e-08	2.81e-04	3.57e-02	2.17e-01	7.47e-01	2.07e-06	0.00e+00	4.52e-09	1.36e-08	2.26e-08	9.34e-05	1.87e-04	2.99e-25
 5.14797e+15	6.12e-08	3.31e-04	4.03e-02	2.30e-01	7.29e-01	2.03e-06	0.00e+00	5.57e-09	1.67e-08	2.79e-08	1.10e-04	2.21e-04	4.61e-25
 5.27048e+15	7.38e-08	3.83e-04	4.50e-02	2.42e-01	7.12e-01	2.00e-06	0.00e+00	6.73e-09	2.02e-08	3.36e-08	1.28e-04	2.56e-04	6.90e-25
 5.38585e+15	8.73e-08	4.40e-04	4.98e-02	2.54e-01	6.96e-01	1.96e-06	0.00e+00	7.96e-09	2.39e-08	3.98e-08	1.46e-04	2.93e-04	1.01e-24
 5.51845e+15	1.08e-07	5.20e-04	5.62e-02	2.69e-01	6.74e-01	1.91e-06	0.00e+00	9.91e-09	2.97e-08	4.95e-08	1.73e-04	3.47e-04	1.62e-24
 5.65971e+15	1.32e-07	6.11e-04	6.35e-02	2.84e-01	6.52e-01	1.86e-06	0.00e+00	1.21e-08	3.63e-08	6.05e-08	2.03e-04	4.07e-04	2.50e-24
 5.78477e+15	1.59e-07	7.06e-04	7.07e-02	2.97e-01	6.31e-01	1.82e-06	0.00e+00	1.46e-08	4.37e-08	7.29e-08	2.35e-04	4.71e-04	3.69e-24
 5.90015e+15	1.92e-07	8.09e-04	7.82e-02	3.10e-01	6.11e-01	1.80e-06	0.00e+00	1.76e-08	5.29e-08	8.81e-08	2.69e-04	5.39e-04	5.33e-24
 6.03038e+15	2.35e-07	9.47e-04	8.78e-02	3.25e-01	5.86e-01	1.75e-06	0.00e+00	2.15e-08	6.46e-08	1.08e-07	3.15e-04	6.31e-04	8.32e-24
 6.17158e+15	2.91e-07	1.11e-03	9.90e-02	3.41e-01	5.59e-01	1.72e-06	0.00e+00	2.67e-08	8.02e-08	1.34e-07	3.71e-04	7.42e-04	1.29e-23
 6.29812e+15	3.52e-07	1.29e-03	1.10e-01	3.54e-01	5.34e-01	1.67e-06	0.00e+00	3.23e-08	9.70e-08	1.62e-07	4.28e-04	8.57e-04	1.90e-23
 6.41514e+15	4.21e-07	1.47e-03	1.22e-01	3.67e-01	5.10e-01	1.63e-06	0.00e+00	3.88e-08	1.16e-07	1.94e-07	4.90e-04	9.81e-04	2.75e-23
 6.54868e+15	5.15e-07	1.72e-03	1.37e-01	3.81e-01	4.80e-01	1.58e-06	0.00e+00	4.75e-08	1.42e-07	2.37e-07	5.74e-04	1.15e-03	4.27e-23
 6.68642e+15	6.43e-07	2.02e-03	1.54e-01	3.95e-01	4.49e-01	1.55e-06	0.00e+00	5.93e-08	1.78e-07	2.96e-07	6.73e-04	1.35e-03	6.68e-23
 6.79656e+15	7.61e-07	2.29e-03	1.69e-01	4.05e-01	4.24e-01	1.51e-06	0.00e+00	7.02e-08	2.11e-07	3.51e-07	7.62e-04	1.52e-03	9.36e-23
 6.90669e+15	9.03e-07	2.61e-03	1.85e-01	4.15e-01	3.97e-01	1.46e-06	0.00e+00	8.34e-08	2.50e-07	4.17e-07	8.69e-04	1.74e-03	1.36e-22
 7.02694e+15	1.11e-06	3.01e-03	2.05e-01	4.24e-01	3.67e-01	1.43e-06	0.00e+00	1.02e-07	3.07e-07	5.12e-07	1.00e-03	2.01e-03	2.08e-22
 7.13203e+15	1.31e-06	3.40e-03	2.24e-01	4.31e-01	3.41e-01	1.39e-06	0.00e+00	1.21e-07	3.63e-07	6.04e-07	1.13e-03	2.27e-03	2.94e-22
 7.21362e+15	1.49e-06	3.73e-03	2.40e-01	4.36e-01	3.21e-01	1.36e-06	0.00e+00	1.38e-07	4.13e-07	6.89e-07	1.25e-03	2.49e-03	3.85e-22
 7.28111e+15	1.66e-06	4.05e-03	2.54e-01	4.39e-01	3.03e-01	1.34e-06	0.00e+00	1.54e-07	4.61e-07	7.69e-07	1.35e-03	2.70e-03	4.88e-22
 7.35693e+15	1.88e-06	4.39e-03	2.70e-01	4.42e-01	2.84e-01	1.30e-06	0.00e+00	1.74e-07	5.22e-07	8.69e-07	1.46e-03	2.92e-03	6.15e-22
 7.45550e+15	2.23e-06	4.94e-03	2.93e-01	4.44e-01	2.58e-01	1.24e-06	0.00e+00	2.07e-07	6.19e-07	1.03e-06	1.65e-03	3.29e-03	8.83e-22
 7.54936e+15	2.61e-06	5.52e-03	3.16e-01	4.45e-01	2.33e-01	1.20e-06	0.00e+00	2.42e-07	7.26e-07	1.21e-06	1.84e-03	3.68e-03	1.25e-21
 7.61454e+15	2.95e-06	6.07e-03	3.35e-01	4.44e-01	2.15e-01	1.18e-06	0.00e+00	2.75e-07	8.23e-07	1.37e-06	2.02e-03	4.04e-03	1.72e-21
 7.66345e+15	3.20e-06	6.43e-03	3.48e-01	4.43e-01	2.03e-01	1.16e-06	0.00e+00	2.98e-07	8.93e-07	1.49e-06	2.14e-03	4.28e-03	2.07e-21
 7.71379e+15	3.53e-06	6.84e-03	3.62e-01	4.41e-01	1.90e-01	1.13e-06	0.00e+00	3.28e-07	9.84e-07	1.64e-06	2.28e-03	4.56e-03	2.54e-21
 7.77923e+15	4.00e-06	7.47e-03	3.83e-01	4.38e-01	1.72e-01	1.08e-06	0.00e+00	3.72e-07	1.12e-06	1.86e-06	2.49e-03	4.98e-03	3.46e-21
 7.84688e+15	4.53e-06	8.10e-03	4.03e-01	4.33e-01	1.56e-01	1.04e-06	0.00e+00	4.22e-07	1.26e-06	2.11e-06	2.70e-03	5.40e-03	4.53e-21
 7.90437e+15	4.98e-06	8.58e-03	4.20e-01	4.29e-01	1.43e-01	1.00e-06	0.00e+00	4.64e-07	1.39e-06	2.32e-06	2.86e-03	5.71e-03	5.40e-21
 7.96608e+15	5.62e-06	9.27e-03	4.40e-01	4.23e-01	1.28e-01	9.53e-07	0.00e+00	5.24e-07	1.57e-06	2.62e-06	3.09e-03	6.18e-03	7.10e-21
 8.03145e+15	6.38e-06	1.00e-02	4.61e-01	4.16e-01	1.13e-01	0.00e+00	0.00e+00	5.95e-07	1.78e-06	2.97e-06	3.35e-03	6.69e-03	9.47e-21
 8.08694e+15	7.14e-06	1.08e-02	4.80e-01	4.09e-01	1.01e-01	0.00e+00	0.00e+00	6.67e-07	2.00e-06	3.33e-06	3.60e-03	7.18e-03	1.23e-20
 8.13504e+15	8.09e-06	1.16e-02	4.98e-01	4.01e-01	9.01e-02	0.00e+00	0.00e+00	7.56e-07	2.27e-06	3.78e-06	3.87e-03	7.73e-03	1.65e-20
 8.17822e+15	8.78e-06	1.22e-02	5.12e-01	3.94e-01	8.18e-02	0.00e+00	0.00e+00	8.21e-07	2.46e-06	4.10e-06	4.07e-03	8.12e-03	1.98e-20
 8.22445e+15	9.60e-06	1.28e-02	5.27e-01	3.87e-01	7.33e-02	0.00e+00	0.00e+00	8.99e-07	2.69e-06	4.49e-06	4.28e-03	8.54e-03	2.38e-20
 8.28455e+15	1.12e-05	1.40e-02	5.49e-01	3.75e-01	6.21e-02	0.00e+00	0.00e+00	1.04e-06	3.13e-06	5.22e-06	4.67e-03	9.32e-03	3.41e-20
 8.34178e+15	1.25e-05	1.48e-02	5.67e-01	3.65e-01	5.35e-02	0.00e+00	0.00e+00	1.18e-06	3.53e-06	5.88e-06	4.94e-03	9.87e-03	4.20e-20
 8.38795e+15	1.43e-05	1.58e-02	5.84e-01	3.54e-01	4.63e-02	0.00e+00	0.00e+00	1.35e-06	4.03e-06	6.72e-06	5.29e-03	1.06e-02	5.63e-20
 8.43076e+15	1.56e-05	1.65e-02	5.97e-01	3.46e-01	4.08e-02	0.00e+00	0.00e+00	1.47e-06	4.40e-06	7.32e-06	5.53e-03	1.10e-02	6.66e-20
 8.47653e+15	1.76e-05	1.77e-02	6.13e-01	3.35e-01	3.47e-02	0.00e+00	0.00e+00	1.66e-06	4.97e-06	8.28e-06	5.90e-03	1.18e-02	8.95e-20
 8.52525e+15	1.99e-05	1.87e-02	6.28e-01	3.24e-01	2.93e-02	0.00e+00	0.00e+00	1.87e-06	5.61e-06	9.35e-06	6.25e-03	1.25e-02	1.14e-19
 8.57072e+15	2.25e-05	1.98e-02	6.43e-01	3.13e-01	2.49e-02	0.00e+00	0.00e+00	2.12e-06	6.37e-06	1.06e-05	6.60e-03	1.32e-02	1.47e-19
 8.62271e+15	2.60e-05	2.10e-02	6.58e-01	3.00e-01	2.03e-02	0.00e+00	0.00e+00	2.45e-06	7.36e-06	1.22e-05	7.03e-03	1.40e-02	1.98e-19
 8.66959e+15	2.82e-05	2.22e-02	6.71e-01	2.89e-01	1.71e-02	0.00e+00	0.00e+00	2.66e-06	7.99e-06	1.33e-05	7.40e-03	1.48e-02	2.51e-19
 8.69996e+15	3.07e-05	2.29e-02	6.80e-01	2.82e-01	1.51e-02	0.00e+00	0.00e+00	2.90e-06	8.69e-06	1.45e-05	7.65e-03	1.53e-02	2.99e-19
