#depth	O	O+	O+2	O+3	O+4	O+5	O+6	O+7	O+8	O[1]	O[2]	O[3]
 1.49634e+10	0.00e+00	0.00e+00	4.42e-31	1.72e-22	9.70e-15	7.18e-08	1.00e+00	0.00e+00	0.00e+00	0.00e+00	0.00e+00	0.00e+00
 4.54887e+10	0.00e+00	2.11e-40	6.14e-31	2.20e-22	1.15e-14	7.81e-08	1.00e+00	9.95e-08	0.00e+00	0.00e+00	0.00e+00	0.00e+00
 7.72350e+10	0.00e+00	0.00e+00	8.53e-31	2.83e-22	1.36e-14	8.51e-08	1.00e+00	0.00e+00	0.00e+00	0.00e+00	0.00e+00	0.00e+00
 1.10251e+11	0.00e+00	4.78e-40	1.19e-30	3.63e-22	1.61e-14	9.27e-08	1.00e+00	0.00e+00	0.00e+00	0.00e+00	0.00e+00	0.00e+00
 1.43894e+11	0.00e+00	0.00e+00	1.64e-30	4.64e-22	1.90e-14	1.01e-07	1.00e+00	0.00e+00	0.00e+00	0.00e+00	0.00e+00	0.00e+00
 1.75206e+11	0.00e+00	1.03e-39	2.19e-30	5.78e-22	2.21e-14	1.09e-07	1.00e+00	0.00e+00	0.00e+00	0.00e+00	0.00e+00	0.00e+00
 2.04036e+11	0.00e+00	0.00e+00	2.84e-30	7.04e-22	2.53e-14	1.17e-07	1.00e+00	0.00e+00	0.00e+00	0.00e+00	0.00e+00	0.00e+00
 2.36992e+11	0.00e+00	2.02e-39	3.79e-30	8.77e-22	2.93e-14	1.26e-07	1.00e+00	0.00e+00	0.00e+00	0.00e+00	0.00e+00	0.00e+00
 2.75695e+11	0.00e+00	0.00e+00	5.25e-30	1.12e-21	3.47e-14	1.37e-07	1.00e+00	0.00e+00	0.00e+00	0.00e+00	0.00e+00	0.00e+00
 3.14062e+11	0.00e+00	4.47e-39	7.18e-30	1.43e-21	4.09e-14	1.49e-07	1.00e+00	0.00e+00	0.00e+00	0.00e+00	0.00e+00	0.00e+00
 3.49856e+11	0.00e+00	0.00e+00	9.52e-30	1.77e-21	4.74e-14	1.60e-07	1.00e+00	0.00e+00	0.00e+00	0.00e+00	0.00e+00	0.00e+00
 3.89669e+11	0.00e+00	9.20e-39	1.29e-29	2.22e-21	5.54e-14	1.74e-07	1.00e+00	0.00e+00	0.00e+00	0.00e+00	0.00e+00	0.00e+00
 4.35182e+11	0.00e+00	0.00e+00	1.80e-29	2.87e-21	6.61e-14	1.90e-07	1.00e+00	0.00e+00	0.00e+00	0.00e+00	0.00e+00	0.00e+00
 4.79911e+11	0.00e+00	2.06e-38	2.47e-29	3.66e-21	7.80e-14	2.07e-07	1.00e+00	0.00e+00	0.00e+00	0.00e+00	0.00e+00	0.00e+00
 5.26429e+11	0.00e+00	0.00e+00	3.38e-29	4.66e-21	9.21e-14	2.25e-07	1.00e+00	0.00e+00	0.00e+00	0.00e+00	0.00e+00	0.00e+00
 5.77413e+11	0.00e+00	4.61e-38	4.74e-29	6.03e-21	1.10e-13	2.47e-07	1.00e+00	0.00e+00	0.00e+00	0.00e+00	0.00e+00	0.00e+00
 6.28552e+11	0.00e+00	0.00e+00	6.54e-29	7.73e-21	1.31e-13	2.70e-07	1.00e+00	0.00e+00	0.00e+00	0.00e+00	0.00e+00	0.00e+00
 6.81736e+11	0.00e+00	1.02e-37	9.04e-29	9.92e-21	1.55e-13	2.95e-07	1.00e+00	0.00e+00	0.00e+00	0.00e+00	0.00e+00	0.00e+00
 7.38932e+11	0.00e+00	0.00e+00	1.26e-28	1.28e-20	1.86e-13	3.24e-07	1.00e+00	0.00e+00	0.00e+00	0.00e+00	0.00e+00	0.00e+00
 7.95783e+11	0.00e+00	2.29e-37	1.74e-28	1.64e-20	2.21e-13	3.54e-07	1.00e+00	0.00e+00	0.00e+00	0.00e+00	0.00e+00	0.00e+00
 8.54908e+11	0.00e+00	0.00e+00	2.40e-28	2.11e-20	2.62e-13	3.87e-07	1.00e+00	0.00e+00	0.00e+00	0.00e+00	0.00e+00	0.00e+00
 9.19031e+11	0.00e+00	5.11e-37	3.35e-28	2.73e-20	3.14e-13	4.25e-07	1.00e+00	0.00e+00	0.00e+00	0.00e+00	0.00e+00	0.00e+00
 9.85719e+11	0.00e+00	0.00e+00	4.68e-28	3.53e-20	3.77e-13	4.67e-07	1.00e+00	0.00e+00	0.00e+00	0.00e+00	0.00e+00	0.00e+00
 1.05507e+12	0.00e+00	1.15e-36	6.52e-28	4.57e-20	4.52e-13	5.14e-07	1.00e+00	0.00e+00	0.00e+00	0.00e+00	0.00e+00	0.00e+00
 1.12720e+12	0.00e+00	0.00e+00	9.09e-28	5.92e-20	5.43e-13	5.65e-07	1.00e+00	0.00e+00	0.00e+00	0.00e+00	0.00e+00	0.00e+00
 1.20222e+12	0.00e+00	2.59e-36	1.27e-27	7.66e-20	6.52e-13	6.23e-07	1.00e+00	0.00e+00	0.00e+00	0.00e+00	0.00e+00	0.00e+00
 1.27027e+12	1.30e-45	3.68e-36	1.69e-27	9.60e-20	7.65e-13	6.77e-07	1.00e+00	0.00e+00	0.00e+00	0.00e+00	0.00e+00	0.00e+00
 1.32730e+12	0.00e+00	0.00e+00	2.13e-27	1.15e-19	8.71e-13	7.26e-07	1.00e+00	0.00e+00	0.00e+00	0.00e+00	0.00e+00	0.00e+00
 1.38993e+12	0.00e+00	6.60e-36	2.73e-27	1.40e-19	1.00e-12	7.81e-07	1.00e+00	0.00e+00	0.00e+00	0.00e+00	0.00e+00	0.00e+00
 1.46880e+12	4.02e-45	9.51e-36	3.69e-27	1.77e-19	1.19e-12	8.54e-07	1.00e+00	0.00e+00	0.00e+00	0.00e+00	0.00e+00	0.00e+00
 1.55084e+12	0.00e+00	0.00e+00	4.99e-27	2.25e-19	1.41e-12	9.35e-07	1.00e+00	0.00e+00	0.00e+00	0.00e+00	0.00e+00	0.00e+00
 1.62127e+12	0.00e+00	1.85e-35	6.39e-27	2.73e-19	1.62e-12	1.01e-06	1.00e+00	0.00e+00	0.00e+00	0.00e+00	0.00e+00	0.00e+00
 1.69452e+12	1.27e-44	2.50e-35	8.21e-27	3.33e-19	1.86e-12	1.09e-06	1.00e+00	0.00e+00	0.00e+00	0.00e+00	0.00e+00	0.00e+00
 1.78561e+12	0.00e+00	3.57e-35	1.11e-26	4.21e-19	2.21e-12	1.19e-06	1.00e+00	0.00e+00	0.00e+00	0.00e+00	0.00e+00	0.00e+00
 1.87782e+12	2.93e-44	5.06e-35	1.48e-26	5.30e-19	2.61e-12	1.30e-06	1.00e+00	0.00e+00	0.00e+00	0.00e+00	0.00e+00	0.00e+00
 1.95833e+12	0.00e+00	6.78e-35	1.88e-26	6.43e-19	3.00e-12	1.40e-06	1.00e+00	0.00e+00	0.00e+00	0.00e+00	0.00e+00	0.00e+00
 2.04571e+12	5.96e-44	9.21e-35	2.43e-26	7.87e-19	3.47e-12	1.52e-06	1.00e+00	0.00e+00	0.00e+00	0.00e+00	0.00e+00	0.00e+00
 2.15196e+12	0.00e+00	1.32e-34	3.27e-26	9.97e-19	4.11e-12	1.67e-06	1.00e+00	0.00e+00	0.00e+00	0.00e+00	0.00e+00	0.00e+00
 2.26003e+12	1.37e-43	1.86e-34	4.37e-26	1.26e-18	4.86e-12	1.82e-06	1.00e+00	0.00e+00	0.00e+00	0.00e+00	0.00e+00	0.00e+00
 2.35938e+12	0.00e+00	2.53e-34	5.65e-26	1.54e-18	5.64e-12	1.97e-06	1.00e+00	0.00e+00	0.00e+00	0.00e+00	0.00e+00	0.00e+00
 2.47012e+12	2.90e-43	3.51e-34	7.43e-26	1.92e-18	6.60e-12	2.15e-06	1.00e+00	0.00e+00	0.00e+00	0.00e+00	0.00e+00	0.00e+00
 2.59832e+12	0.00e+00	5.05e-34	1.01e-25	2.44e-18	7.87e-12	2.37e-06	1.00e+00	0.00e+00	0.00e+00	0.00e+00	0.00e+00	0.00e+00
 2.72462e+12	6.69e-43	7.13e-34	1.34e-25	3.07e-18	9.29e-12	2.59e-06	1.00e+00	0.00e+00	0.00e+00	0.00e+00	0.00e+00	0.00e+00
 2.84569e+12	0.00e+00	9.78e-34	1.75e-25	3.80e-18	1.08e-11	2.81e-06	1.00e+00	0.00e+00	0.00e+00	0.00e+00	0.00e+00	0.00e+00
 2.97916e+12	1.44e-42	1.37e-33	2.32e-25	4.75e-18	1.27e-11	3.07e-06	1.00e+00	0.00e+00	0.00e+00	0.00e+00	0.00e+00	0.00e+00
 3.12825e+12	0.00e+00	1.96e-33	3.14e-25	6.04e-18	1.51e-11	3.37e-06	1.00e+00	0.00e+00	0.00e+00	0.00e+00	0.00e+00	0.00e+00
 3.26386e+12	3.19e-42	2.69e-33	4.08e-25	7.45e-18	1.75e-11	3.66e-06	1.00e+00	0.00e+00	0.00e+00	0.00e+00	0.00e+00	0.00e+00
 3.37809e+12	0.00e+00	3.47e-33	5.06e-25	8.84e-18	1.98e-11	3.92e-06	1.00e+00	0.00e+00	0.00e+00	0.00e+00	0.00e+00	0.00e+00
 3.50374e+12	5.96e-42	4.57e-33	6.36e-25	1.06e-17	2.26e-11	4.20e-06	1.00e+00	0.00e+00	0.00e+00	0.00e+00	0.00e+00	0.00e+00
 3.64564e+12	0.00e+00	6.15e-33	8.16e-25	1.30e-17	2.60e-11	4.54e-06	1.00e+00	0.00e+00	0.00e+00	0.00e+00	0.00e+00	0.00e+00
 3.78158e+12	1.17e-41	8.12e-33	1.03e-24	1.56e-17	2.97e-11	4.88e-06	1.00e+00	0.00e+00	0.00e+00	0.00e+00	0.00e+00	0.00e+00
 3.93125e+12	0.00e+00	1.09e-32	1.32e-24	1.90e-17	3.41e-11	5.26e-06	1.00e+00	0.00e+00	0.00e+00	0.00e+00	0.00e+00	0.00e+00
 4.09750e+12	2.41e-41	1.50e-32	1.72e-24	2.34e-17	3.96e-11	5.71e-06	1.00e+00	0.00e+00	0.00e+00	0.00e+00	0.00e+00	0.00e+00
 4.25329e+12	0.00e+00	2.00e-32	2.18e-24	2.83e-17	4.53e-11	6.14e-06	1.00e+00	0.00e+00	0.00e+00	0.00e+00	0.00e+00	0.00e+00
 4.42382e+12	4.86e-41	2.72e-32	2.82e-24	3.46e-17	5.22e-11	6.62e-06	1.00e+00	0.00e+00	0.00e+00	0.00e+00	0.00e+00	0.00e+00
 4.61659e+12	0.00e+00	3.77e-32	3.71e-24	4.31e-17	6.10e-11	7.21e-06	1.00e+00	0.00e+00	0.00e+00	0.00e+00	0.00e+00	0.00e+00
 4.80046e+12	1.02e-40	5.12e-32	4.79e-24	5.28e-17	7.03e-11	7.79e-06	1.00e+00	0.00e+00	0.00e+00	0.00e+00	0.00e+00	0.00e+00
 4.96913e+12	0.00e+00	6.72e-32	6.01e-24	6.32e-17	7.98e-11	8.35e-06	1.00e+00	0.00e+00	0.00e+00	0.00e+00	0.00e+00	0.00e+00
 5.15585e+12	1.99e-40	9.00e-32	7.67e-24	7.66e-17	9.13e-11	8.98e-06	1.00e+00	0.00e+00	0.00e+00	0.00e+00	0.00e+00	0.00e+00
 5.36599e+12	0.00e+00	1.24e-31	1.00e-23	9.44e-17	1.06e-10	9.71e-06	1.00e+00	0.00e+00	0.00e+00	0.00e+00	0.00e+00	0.00e+00
 5.56570e+12	4.07e-40	1.66e-31	1.27e-23	1.14e-16	1.21e-10	1.04e-05	1.00e+00	0.00e+00	0.00e+00	0.00e+00	0.00e+00	0.00e+00
 5.78446e+12	0.00e+00	2.26e-31	1.65e-23	1.40e-16	1.39e-10	1.13e-05	1.00e+00	0.00e+00	0.00e+00	0.00e+00	0.00e+00	0.00e+00
 6.02593e+12	8.66e-40	3.15e-31	2.17e-23	1.74e-16	1.62e-10	1.22e-05	1.00e+00	0.00e+00	0.00e+00	0.00e+00	0.00e+00	0.00e+00
 6.24927e+12	0.00e+00	4.23e-31	2.78e-23	2.11e-16	1.85e-10	1.32e-05	1.00e+00	0.00e+00	0.00e+00	0.00e+00	0.00e+00	0.00e+00
 6.49195e+12	1.77e-39	5.78e-31	3.60e-23	2.59e-16	2.13e-10	1.42e-05	1.00e+00	0.00e+00	0.00e+00	0.00e+00	0.00e+00	0.00e+00
 6.76371e+12	0.00e+00	8.09e-31	4.76e-23	3.23e-16	2.48e-10	1.54e-05	1.00e+00	0.00e+00	0.00e+00	0.00e+00	0.00e+00	0.00e+00
 7.02055e+12	3.79e-39	1.10e-30	6.16e-23	3.95e-16	2.85e-10	1.66e-05	1.00e+00	0.00e+00	0.00e+00	0.00e+00	0.00e+00	0.00e+00
 7.30062e+12	0.00e+00	1.53e-30	8.06e-23	4.87e-16	3.30e-10	1.79e-05	1.00e+00	0.00e+00	0.00e+00	0.00e+00	0.00e+00	0.00e+00
 7.61265e+12	8.36e-39	2.16e-30	1.08e-22	6.11e-16	3.86e-10	1.95e-05	1.00e+00	0.00e+00	0.00e+00	0.00e+00	0.00e+00	0.00e+00
 7.90805e+12	0.00e+00	2.98e-30	1.40e-22	7.52e-16	4.45e-10	2.10e-05	1.00e+00	0.00e+00	0.00e+00	0.00e+00	0.00e+00	0.00e+00
 8.22519e+12	1.81e-38	4.16e-30	1.85e-22	9.32e-16	5.15e-10	2.27e-05	1.00e+00	0.00e+00	0.00e+00	0.00e+00	0.00e+00	0.00e+00
 8.58413e+12	0.00e+00	5.97e-30	2.49e-22	1.18e-15	6.05e-10	2.48e-05	1.00e+00	0.00e+00	0.00e+00	0.00e+00	0.00e+00	0.00e+00
 8.93794e+12	4.16e-38	8.44e-30	3.31e-22	1.47e-15	7.04e-10	2.69e-05	1.00e+00	0.00e+00	0.00e+00	0.00e+00	0.00e+00	0.00e+00
 9.30590e+12	0.00e+00	1.19e-29	4.41e-22	1.84e-15	8.20e-10	2.91e-05	1.00e+00	0.00e+00	0.00e+00	0.00e+00	0.00e+00	0.00e+00
 9.70807e+12	9.65e-38	1.72e-29	5.95e-22	2.32e-15	9.62e-10	3.17e-05	1.00e+00	0.00e+00	0.00e+00	0.00e+00	0.00e+00	0.00e+00
 1.01179e+13	0.00e+00	2.47e-29	8.00e-22	2.92e-15	1.12e-09	3.44e-05	1.00e+00	0.00e+00	0.00e+00	0.00e+00	0.00e+00	0.00e+00
 1.05442e+13	2.26e-37	3.54e-29	1.08e-21	3.67e-15	1.31e-09	3.74e-05	1.00e+00	0.00e+00	0.00e+00	0.00e+00	0.00e+00	0.00e+00
 1.09737e+13	0.00e+00	5.02e-29	1.44e-21	4.58e-15	1.53e-09	4.05e-05	1.00e+00	0.00e+00	0.00e+00	0.00e+00	0.00e+00	0.00e+00
 1.13732e+13	4.97e-37	6.88e-29	1.86e-21	5.60e-15	1.75e-09	4.35e-05	1.00e+00	0.00e+00	0.00e+00	0.00e+00	0.00e+00	0.00e+00
 1.18109e+13	0.00e+00	9.63e-29	2.45e-21	6.92e-15	2.02e-09	4.69e-05	1.00e+00	0.00e+00	0.00e+00	0.00e+00	0.00e+00	0.00e+00
 1.22592e+13	1.10e-36	1.34e-28	3.21e-21	8.53e-15	2.33e-09	5.05e-05	1.00e+00	0.00e+00	0.00e+00	0.00e+00	0.00e+00	0.00e+00
 1.26323e+13	0.00e+00	1.76e-28	4.00e-21	1.01e-14	2.61e-09	5.36e-05	1.00e+00	0.00e+00	0.00e+00	0.00e+00	0.00e+00	0.00e+00
 1.30256e+13	2.09e-36	2.32e-28	5.01e-21	1.20e-14	2.94e-09	5.69e-05	1.00e+00	0.00e+00	0.00e+00	0.00e+00	0.00e+00	0.00e+00
 1.35278e+13	0.00e+00	3.26e-28	6.62e-21	1.49e-14	3.39e-09	6.14e-05	1.00e+00	0.00e+00	0.00e+00	0.00e+00	0.00e+00	0.00e+00
 1.40535e+13	4.73e-36	4.60e-28	8.77e-21	1.85e-14	3.93e-09	6.62e-05	1.00e+00	0.00e+00	0.00e+00	0.00e+00	0.00e+00	0.00e+00
 1.45175e+13	0.00e+00	6.19e-28	1.12e-20	2.22e-14	4.44e-09	7.06e-05	1.00e+00	0.00e+00	0.00e+00	0.00e+00	0.00e+00	0.00e+00
 1.50195e+13	9.76e-36	8.46e-28	1.44e-20	2.69e-14	5.06e-09	7.55e-05	1.00e+00	0.00e+00	0.00e+00	0.00e+00	0.00e+00	0.00e+00
 1.55814e+13	0.00e+00	1.19e-27	1.89e-20	3.32e-14	5.83e-09	8.12e-05	1.00e+00	0.00e+00	0.00e+00	0.00e+00	0.00e+00	0.00e+00
 1.61105e+13	2.11e-35	1.62e-27	2.43e-20	4.02e-14	6.63e-09	8.67e-05	1.00e+00	0.00e+00	0.00e+00	0.00e+00	0.00e+00	0.00e+00
 1.66875e+13	0.00e+00	2.24e-27	3.17e-20	4.91e-14	7.59e-09	9.30e-05	1.00e+00	0.00e+00	0.00e+00	0.00e+00	0.00e+00	0.00e+00
 1.73274e+13	4.71e-35	3.18e-27	4.20e-20	6.09e-14	8.77e-09	1.00e-04	1.00e+00	0.00e+00	0.00e+00	0.00e+00	0.00e+00	0.00e+00
 1.79219e+13	6.87e-35	4.36e-27	5.43e-20	7.40e-14	9.98e-09	1.07e-04	1.00e+00	0.00e+00	0.00e+00	0.00e+00	0.00e+00	0.00e+00
 1.85675e+13	1.02e-34	6.08e-27	7.10e-20	9.06e-14	1.14e-08	1.15e-04	1.00e+00	0.00e+00	0.00e+00	0.00e+00	0.00e+00	0.00e+00
 1.92897e+13	1.57e-34	8.69e-27	9.48e-20	1.13e-13	1.33e-08	1.24e-04	1.00e+00	0.00e+00	0.00e+00	0.00e+00	0.00e+00	0.00e+00
 1.99706e+13	2.32e-34	1.21e-26	1.23e-19	1.38e-13	1.52e-08	1.32e-04	1.00e+00	0.00e+00	0.00e+00	0.00e+00	0.00e+00	0.00e+00
 2.07150e+13	3.51e-34	1.71e-26	1.63e-19	1.70e-13	1.75e-08	1.42e-04	1.00e+00	0.00e+00	0.00e+00	0.00e+00	0.00e+00	0.00e+00
 2.15460e+13	5.48e-34	2.48e-26	2.21e-19	2.14e-13	2.03e-08	1.54e-04	1.00e+00	0.00e+00	0.00e+00	0.00e+00	0.00e+00	0.00e+00
 2.23284e+13	8.24e-34	3.49e-26	2.90e-19	2.63e-13	2.34e-08	1.65e-04	1.00e+00	0.00e+00	0.00e+00	0.00e+00	0.00e+00	0.00e+00
 2.31696e+13	1.26e-33	4.97e-26	3.85e-19	3.26e-13	2.69e-08	1.77e-04	1.00e+00	0.00e+00	0.00e+00	0.00e+00	0.00e+00	0.00e+00
 2.41263e+13	2.00e-33	7.31e-26	5.26e-19	4.12e-13	3.15e-08	1.92e-04	1.00e+00	0.00e+00	0.00e+00	0.00e+00	0.00e+00	0.00e+00
 2.50633e+13	3.09e-33	1.05e-25	7.06e-19	5.14e-13	3.66e-08	2.07e-04	1.00e+00	0.00e+00	0.00e+00	0.00e+00	0.00e+00	0.00e+00
 2.60378e+13	4.80e-33	1.52e-25	9.48e-19	6.42e-13	4.24e-08	2.23e-04	1.00e+00	0.00e+00	0.00e+00	0.00e+00	0.00e+00	0.00e+00
 2.71093e+13	7.63e-33	2.24e-25	1.29e-18	8.12e-13	4.96e-08	2.41e-04	1.00e+00	0.00e+00	0.00e+00	0.00e+00	0.00e+00	0.00e+00
 2.81915e+13	1.20e-32	3.27e-25	1.75e-18	1.02e-12	5.78e-08	2.60e-04	1.00e+00	0.00e+00	0.00e+00	0.00e+00	0.00e+00	0.00e+00
 2.93169e+13	1.88e-32	4.77e-25	2.37e-18	1.28e-12	6.73e-08	2.81e-04	1.00e+00	0.00e+00	0.00e+00	0.00e+00	0.00e+00	0.00e+00
 3.04488e+13	2.91e-32	6.86e-25	3.18e-18	1.60e-12	7.81e-08	3.03e-04	1.00e+00	0.00e+00	0.00e+00	0.00e+00	0.00e+00	0.00e+00
 3.15155e+13	4.34e-32	9.57e-25	4.16e-18	1.96e-12	8.93e-08	3.24e-04	1.00e+00	0.00e+00	0.00e+00	0.00e+00	0.00e+00	0.00e+00
 3.26955e+13	6.64e-32	1.37e-24	5.53e-18	2.43e-12	1.03e-07	3.49e-04	1.00e+00	0.00e+00	0.00e+00	0.00e+00	0.00e+00	0.00e+00
 3.38775e+13	9.98e-32	1.92e-24	7.28e-18	2.99e-12	1.19e-07	3.74e-04	1.00e+00	0.00e+00	0.00e+00	0.00e+00	0.00e+00	0.00e+00
 3.48497e+13	1.39e-31	2.53e-24	9.07e-18	3.53e-12	1.32e-07	3.96e-04	1.00e+00	0.00e+00	0.00e+00	0.00e+00	0.00e+00	0.00e+00
 3.58754e+13	1.93e-31	3.34e-24	1.14e-17	4.18e-12	1.48e-07	4.19e-04	1.00e+00	0.00e+00	0.00e+00	0.00e+00	0.00e+00	0.00e+00
 3.71992e+13	2.93e-31	4.73e-24	1.50e-17	5.17e-12	1.71e-07	4.51e-04	1.00e+00	0.00e+00	0.00e+00	0.00e+00	0.00e+00	0.00e+00
 3.85948e+13	4.48e-31	6.74e-24	2.00e-17	6.42e-12	1.98e-07	4.85e-04	1.00e+00	0.00e+00	0.00e+00	0.00e+00	0.00e+00	0.00e+00
 3.98191e+13	6.49e-31	9.21e-24	2.58e-17	7.71e-12	2.23e-07	5.16e-04	9.99e-01	0.00e+00	0.00e+00	0.00e+00	0.00e+00	0.00e+00
 4.11365e+13	9.33e-31	1.25e-23	3.29e-17	9.33e-12	2.54e-07	5.51e-04	9.99e-01	0.00e+00	0.00e+00	0.00e+00	0.00e+00	0.00e+00
 4.27337e+13	1.44e-30	1.80e-23	4.41e-17	1.17e-11	2.95e-07	5.95e-04	9.99e-01	0.00e+00	0.00e+00	0.00e+00	0.00e+00	0.00e+00
 4.43577e+13	2.21e-30	2.57e-23	5.89e-17	1.45e-11	3.42e-07	6.41e-04	9.99e-01	0.00e+00	0.00e+00	0.00e+00	0.00e+00	0.00e+00
 4.58635e+13	3.24e-30	3.54e-23	7.64e-17	1.77e-11	3.90e-07	6.85e-04	9.99e-01	0.00e+00	0.00e+00	0.00e+00	0.00e+00	0.00e+00
 4.75446e+13	4.88e-30	5.00e-23	1.01e-16	2.19e-11	4.49e-07	7.37e-04	9.99e-01	0.00e+00	0.00e+00	0.00e+00	0.00e+00	0.00e+00
 4.93467e+13	7.45e-30	7.13e-23	1.35e-16	2.72e-11	5.20e-07	7.95e-04	9.99e-01	0.00e+00	0.00e+00	0.00e+00	0.00e+00	0.00e+00
 5.09487e+13	1.07e-29	9.68e-23	1.72e-16	3.28e-11	5.90e-07	8.48e-04	9.99e-01	0.00e+00	0.00e+00	0.00e+00	0.00e+00	0.00e+00
 5.26661e+13	1.56e-29	1.33e-22	2.23e-16	3.99e-11	6.73e-07	9.07e-04	9.99e-01	0.00e+00	0.00e+00	0.00e+00	0.00e+00	0.00e+00
 5.47245e+13	2.41e-29	1.91e-22	3.00e-16	5.00e-11	7.83e-07	9.80e-04	9.99e-01	0.00e+00	0.00e+00	0.00e+00	0.00e+00	0.00e+00
 5.67470e+13	3.64e-29	2.71e-22	3.97e-16	6.20e-11	9.03e-07	1.06e-03	9.99e-01	0.00e+00	0.00e+00	0.00e+00	0.00e+00	0.00e+00
 5.85421e+13	5.19e-29	3.64e-22	5.05e-16	7.44e-11	1.02e-06	1.12e-03	9.99e-01	0.00e+00	0.00e+00	0.00e+00	0.00e+00	0.00e+00
 6.05206e+13	7.55e-29	5.00e-22	6.53e-16	9.05e-11	1.17e-06	1.20e-03	9.99e-01	0.00e+00	0.00e+00	0.00e+00	0.00e+00	0.00e+00
 6.28866e+13	1.16e-28	7.20e-22	8.78e-16	1.14e-10	1.36e-06	1.30e-03	9.99e-01	0.00e+00	0.00e+00	0.00e+00	0.00e+00	0.00e+00
 6.52394e+13	1.76e-28	1.02e-21	1.17e-15	1.41e-10	1.57e-06	1.40e-03	9.99e-01	0.00e+00	0.00e+00	0.00e+00	0.00e+00	0.00e+00
 6.73824e+13	2.55e-28	1.39e-21	1.50e-15	1.71e-10	1.78e-06	1.50e-03	9.99e-01	0.00e+00	0.00e+00	0.00e+00	0.00e+00	0.00e+00
 6.97695e+13	3.77e-28	1.94e-21	1.96e-15	2.10e-10	2.05e-06	1.61e-03	9.98e-01	0.00e+00	0.00e+00	0.00e+00	0.00e+00	0.00e+00
 7.25561e+13	5.87e-28	2.81e-21	2.66e-15	2.64e-10	2.39e-06	1.74e-03	9.98e-01	0.00e+00	0.00e+00	0.00e+00	0.00e+00	0.00e+00
 7.52958e+13	8.94e-28	4.01e-21	3.54e-15	3.29e-10	2.77e-06	1.88e-03	9.98e-01	0.00e+00	0.00e+00	0.00e+00	0.00e+00	0.00e+00
 7.78719e+13	1.31e-27	5.53e-21	4.60e-15	4.01e-10	3.16e-06	2.01e-03	9.98e-01	0.00e+00	0.00e+00	0.00e+00	0.00e+00	0.00e+00
 8.07436e+13	1.97e-27	7.80e-21	6.09e-15	4.97e-10	3.65e-06	2.17e-03	9.98e-01	0.00e+00	0.00e+00	0.00e+00	0.00e+00	0.00e+00
 8.40032e+13	3.09e-27	1.14e-20	8.28e-15	6.28e-10	4.27e-06	2.35e-03	9.98e-01	0.00e+00	0.00e+00	0.00e+00	0.00e+00	0.00e+00
 8.72533e+13	4.77e-27	1.64e-20	1.11e-14	7.86e-10	4.96e-06	2.54e-03	9.97e-01	0.00e+00	0.00e+00	0.00e+00	0.00e+00	0.00e+00
 9.02852e+13	7.03e-27	2.27e-20	1.45e-14	9.61e-10	5.68e-06	2.72e-03	9.97e-01	0.00e+00	0.00e+00	0.00e+00	0.00e+00	0.00e+00
 9.35783e+13	1.06e-26	3.21e-20	1.92e-14	1.19e-09	6.55e-06	2.93e-03	9.97e-01	0.00e+00	0.00e+00	0.00e+00	0.00e+00	0.00e+00
 9.72716e+13	1.65e-26	4.65e-20	2.59e-14	1.49e-09	7.63e-06	3.17e-03	9.97e-01	0.00e+00	0.00e+00	0.00e+00	0.00e+00	0.00e+00
 1.00717e+14	2.45e-26	6.51e-20	3.40e-14	1.84e-09	8.76e-06	3.40e-03	9.97e-01	0.00e+00	0.00e+00	0.00e+00	0.00e+00	0.00e+00
 1.03903e+14	3.51e-26	8.78e-20	4.34e-14	2.21e-09	9.91e-06	3.62e-03	9.96e-01	0.00e+00	0.00e+00	0.00e+00	0.00e+00	0.00e+00
 1.06969e+14	4.90e-26	1.16e-19	5.44e-14	2.62e-09	1.11e-05	3.84e-03	9.96e-01	0.00e+00	0.00e+00	0.00e+00	0.00e+00	0.00e+00
 1.10375e+14	7.01e-26	1.57e-19	6.95e-14	3.16e-09	1.26e-05	4.09e-03	9.96e-01	0.00e+00	0.00e+00	0.00e+00	0.00e+00	0.00e+00
 1.14142e+14	1.03e-25	2.18e-19	9.04e-14	3.85e-09	1.44e-05	4.38e-03	9.96e-01	0.00e+00	0.00e+00	0.00e+00	0.00e+00	0.00e+00
 1.17650e+14	1.46e-25	2.92e-19	1.15e-13	4.61e-09	1.62e-05	4.66e-03	9.95e-01	0.00e+00	0.00e+00	0.00e+00	0.00e+00	0.00e+00
 1.21479e+14	2.12e-25	3.98e-19	1.47e-13	5.58e-09	1.84e-05	4.97e-03	9.95e-01	0.00e+00	0.00e+00	0.00e+00	0.00e+00	0.00e+00
 1.25787e+14	3.17e-25	5.58e-19	1.93e-13	6.86e-09	2.11e-05	5.33e-03	9.95e-01	0.00e+00	0.00e+00	0.00e+00	0.00e+00	0.00e+00
 1.29902e+14	4.60e-25	7.62e-19	2.49e-13	8.30e-09	2.40e-05	5.69e-03	9.94e-01	0.00e+00	0.00e+00	0.00e+00	0.00e+00	0.00e+00
 1.34436e+14	6.84e-25	1.06e-18	3.26e-13	1.02e-08	2.75e-05	6.09e-03	9.94e-01	0.00e+00	0.00e+00	0.00e+00	0.00e+00	0.00e+00
 1.39430e+14	1.04e-24	1.52e-18	4.34e-13	1.26e-08	3.18e-05	6.56e-03	9.93e-01	0.00e+00	0.00e+00	0.00e+00	0.00e+00	0.00e+00
 1.44019e+14	1.52e-24	2.08e-18	5.59e-13	1.53e-08	3.61e-05	7.00e-03	9.93e-01	0.00e+00	0.00e+00	0.00e+00	0.00e+00	0.00e+00
 1.48982e+14	2.25e-24	2.88e-18	7.29e-13	1.87e-08	4.13e-05	7.49e-03	9.92e-01	0.00e+00	0.00e+00	0.00e+00	0.00e+00	0.00e+00
 1.54535e+14	3.43e-24	4.11e-18	9.71e-13	2.32e-08	4.77e-05	8.07e-03	9.92e-01	0.00e+00	0.00e+00	0.00e+00	0.00e+00	0.00e+00
 1.59763e+14	5.04e-24	5.68e-18	1.26e-12	2.83e-08	5.45e-05	8.63e-03	9.91e-01	0.00e+00	0.00e+00	0.00e+00	0.00e+00	0.00e+00
 1.65467e+14	7.54e-24	7.98e-18	1.66e-12	3.49e-08	6.26e-05	9.26e-03	9.91e-01	0.00e+00	0.00e+00	0.00e+00	0.00e+00	0.00e+00
 1.71800e+14	1.16e-23	1.15e-17	2.22e-12	4.36e-08	7.26e-05	9.99e-03	9.90e-01	0.00e+00	0.00e+00	0.00e+00	0.00e+00	0.00e+00
 1.77705e+14	1.72e-23	1.59e-17	2.90e-12	5.32e-08	8.30e-05	1.07e-02	9.89e-01	0.00e+00	0.00e+00	0.00e+00	0.00e+00	0.00e+00
 1.84125e+14	2.58e-23	2.24e-17	3.82e-12	6.57e-08	9.55e-05	1.15e-02	9.88e-01	0.00e+00	0.00e+00	0.00e+00	0.00e+00	0.00e+00
 1.91310e+14	3.99e-23	3.23e-17	5.15e-12	8.24e-08	1.11e-04	1.24e-02	9.87e-01	0.00e+00	0.00e+00	0.00e+00	0.00e+00	0.00e+00
 1.98113e+14	5.95e-23	4.53e-17	6.77e-12	1.01e-07	1.28e-04	1.33e-02	9.87e-01	0.00e+00	0.00e+00	0.00e+00	0.00e+00	0.00e+00
 2.05398e+14	8.94e-23	6.39e-17	8.95e-12	1.26e-07	1.47e-04	1.44e-02	9.85e-01	0.00e+00	0.00e+00	0.00e+00	0.00e+00	0.00e+00
 2.13644e+14	1.39e-22	9.30e-17	1.22e-11	1.58e-07	1.72e-04	1.56e-02	9.84e-01	0.00e+00	0.00e+00	0.00e+00	0.00e+00	0.00e+00
 2.21739e+14	2.11e-22	1.32e-16	1.62e-11	1.97e-07	1.99e-04	1.68e-02	9.83e-01	0.00e+00	0.00e+00	0.00e+00	0.00e+00	0.00e+00
 2.30158e+14	3.21e-22	1.88e-16	2.16e-11	2.46e-07	2.31e-04	1.81e-02	9.82e-01	0.00e+00	0.00e+00	0.00e+00	0.00e+00	0.00e+00
 2.39395e+14	4.96e-22	2.73e-16	2.93e-11	3.11e-07	2.70e-04	1.97e-02	9.80e-01	0.00e+00	0.00e+00	0.00e+00	0.00e+00	0.00e+00
 2.48494e+14	7.46e-22	3.86e-16	3.89e-11	3.87e-07	3.12e-04	2.12e-02	9.78e-01	0.00e+00	0.00e+00	0.00e+00	0.00e+00	0.00e+00
 2.56019e+14	1.04e-21	5.11e-16	4.90e-11	4.62e-07	3.51e-04	2.26e-02	9.77e-01	0.00e+00	0.00e+00	0.00e+00	0.00e+00	0.00e+00
 2.62075e+14	1.34e-21	6.34e-16	5.85e-11	5.30e-07	3.85e-04	2.37e-02	9.76e-01	0.00e+00	0.00e+00	0.00e+00	0.00e+00	0.00e+00
 2.68792e+14	1.76e-21	8.01e-16	7.10e-11	6.15e-07	4.26e-04	2.50e-02	9.75e-01	0.00e+00	0.00e+00	0.00e+00	0.00e+00	0.00e+00
 2.77525e+14	2.47e-21	1.08e-15	9.05e-11	7.42e-07	4.83e-04	2.67e-02	9.73e-01	0.00e+00	0.00e+00	0.00e+00	0.00e+00	0.00e+00
 2.86894e+14	3.52e-21	1.46e-15	1.17e-10	9.03e-07	5.50e-04	2.87e-02	9.71e-01	0.00e+00	0.00e+00	0.00e+00	0.00e+00	0.00e+00
 2.95209e+14	4.76e-21	1.89e-15	1.45e-10	1.07e-06	6.15e-04	3.04e-02	9.69e-01	0.00e+00	0.00e+00	0.00e+00	0.00e+00	0.00e+00
 3.04138e+14	6.53e-21	2.48e-15	1.81e-10	1.27e-06	6.91e-04	3.24e-02	9.67e-01	0.00e+00	0.00e+00	0.00e+00	0.00e+00	0.00e+00
 3.15383e+14	9.53e-21	3.44e-15	2.38e-10	1.57e-06	7.96e-04	3.50e-02	9.64e-01	0.00e+00	0.00e+00	0.00e+00	0.00e+00	0.00e+00
 3.26794e+14	1.38e-20	4.74e-15	3.11e-10	1.94e-06	9.15e-04	3.77e-02	9.61e-01	0.00e+00	0.00e+00	0.00e+00	0.00e+00	0.00e+00
 3.36591e+14	1.87e-20	6.18e-15	3.89e-10	2.31e-06	1.03e-03	4.01e-02	9.59e-01	0.00e+00	0.00e+00	0.00e+00	0.00e+00	0.00e+00
 3.47139e+14	2.56e-20	8.12e-15	4.89e-10	2.76e-06	1.16e-03	4.29e-02	9.56e-01	0.00e+00	0.00e+00	0.00e+00	0.00e+00	0.00e+00
 3.60177e+14	3.73e-20	1.13e-14	6.45e-10	3.43e-06	1.34e-03	4.64e-02	9.52e-01	0.00e+00	0.00e+00	0.00e+00	0.00e+00	0.00e+00
 3.73503e+14	5.38e-20	1.56e-14	8.47e-10	4.24e-06	1.54e-03	5.01e-02	9.48e-01	0.00e+00	0.00e+00	0.00e+00	0.00e+00	0.00e+00
 3.85381e+14	7.36e-20	2.05e-14	1.07e-09	5.09e-06	1.74e-03	5.36e-02	9.45e-01	0.00e+00	0.00e+00	0.00e+00	0.00e+00	0.00e+00
 3.98327e+14	1.02e-19	2.75e-14	1.37e-09	6.17e-06	1.97e-03	5.75e-02	9.41e-01	0.00e+00	0.00e+00	0.00e+00	0.00e+00	0.00e+00
 4.13772e+14	1.50e-19	3.85e-14	1.82e-09	7.71e-06	2.28e-03	6.23e-02	9.35e-01	0.00e+00	0.00e+00	0.00e+00	0.00e+00	0.00e+00
 4.29006e+14	2.15e-19	5.29e-14	2.38e-09	9.52e-06	2.62e-03	6.72e-02	9.30e-01	0.00e+00	0.00e+00	0.00e+00	0.00e+00	0.00e+00
 4.42744e+14	2.92e-19	6.97e-14	3.01e-09	1.14e-05	2.95e-03	7.19e-02	9.25e-01	0.00e+00	0.00e+00	0.00e+00	0.00e+00	0.00e+00
 4.57995e+14	4.10e-19	9.41e-14	3.88e-09	1.39e-05	3.36e-03	7.72e-02	9.19e-01	0.00e+00	0.00e+00	0.00e+00	0.00e+00	0.00e+00
 4.75962e+14	5.99e-19	1.32e-13	5.17e-09	1.74e-05	3.89e-03	8.36e-02	9.12e-01	0.00e+00	0.00e+00	0.00e+00	0.00e+00	0.00e+00
 4.93692e+14	8.61e-19	1.83e-13	6.80e-09	2.15e-05	4.46e-03	9.02e-02	9.05e-01	0.00e+00	0.00e+00	0.00e+00	0.00e+00	0.00e+00
 5.10124e+14	1.19e-18	2.44e-13	8.68e-09	2.60e-05	5.04e-03	9.65e-02	8.98e-01	0.00e+00	0.00e+00	0.00e+00	0.00e+00	0.00e+00
 5.28552e+14	1.69e-18	3.34e-13	1.13e-08	3.19e-05	5.76e-03	1.04e-01	8.90e-01	0.00e+00	0.00e+00	0.00e+00	0.00e+00	0.00e+00
 5.49724e+14	2.50e-18	4.74e-13	1.52e-08	4.00e-05	6.67e-03	1.12e-01	8.81e-01	0.00e+00	0.00e+00	0.00e+00	0.00e+00	0.00e+00
 5.70512e+14	3.62e-18	6.60e-13	2.01e-08	4.95e-05	7.65e-03	1.21e-01	8.71e-01	0.00e+00	0.00e+00	0.00e+00	0.00e+00	0.00e+00
 5.92130e+14	5.25e-18	9.21e-13	2.65e-08	6.13e-05	8.77e-03	1.30e-01	8.61e-01	0.00e+00	0.00e+00	0.00e+00	0.00e+00	0.00e+00
 6.11856e+14	7.31e-18	1.24e-12	3.40e-08	7.40e-05	9.89e-03	1.39e-01	8.51e-01	0.00e+00	0.00e+00	0.00e+00	0.00e+00	0.00e+00
 6.26516e+14	9.27e-18	1.53e-12	4.06e-08	8.46e-05	1.08e-02	1.46e-01	8.44e-01	0.00e+00	0.00e+00	0.00e+00	0.00e+00	0.00e+00
 6.41601e+14	1.18e-17	1.90e-12	4.85e-08	9.69e-05	1.17e-02	1.52e-01	8.36e-01	0.00e+00	0.00e+00	0.00e+00	0.00e+00	0.00e+00
 6.61212e+14	1.60e-17	2.49e-12	6.08e-08	1.15e-04	1.31e-02	1.61e-01	8.26e-01	0.00e+00	0.00e+00	0.00e+00	0.00e+00	0.00e+00
 6.82532e+14	2.22e-17	3.33e-12	7.73e-08	1.38e-04	1.47e-02	1.71e-01	8.14e-01	0.00e+00	0.00e+00	0.00e+00	0.00e+00	0.00e+00
 7.01822e+14	3.02e-17	4.29e-12	9.53e-08	1.61e-04	1.62e-02	1.80e-01	8.04e-01	0.00e+00	0.00e+00	1.74e-17	9.07e-18	3.05e-18
 7.22648e+14	4.06e-17	5.60e-12	1.19e-07	1.90e-04	1.80e-02	1.90e-01	7.92e-01	0.00e+00	0.00e+00	2.33e-17	1.23e-17	4.10e-18
 7.49122e+14	5.89e-17	7.79e-12	1.56e-07	2.33e-04	2.04e-02	2.02e-01	7.77e-01	0.00e+00	0.00e+00	3.39e-17	1.78e-17	5.95e-18
 7.75772e+14	8.48e-17	1.07e-11	2.03e-07	2.83e-04	2.30e-02	2.15e-01	7.62e-01	0.00e+00	0.00e+00	4.88e-17	2.56e-17	8.53e-18
 7.97973e+14	1.14e-16	1.39e-11	2.50e-07	3.31e-04	2.54e-02	2.26e-01	7.49e-01	0.00e+00	0.00e+00	6.56e-17	3.44e-17	1.14e-17
 8.21558e+14	1.55e-16	1.82e-11	3.11e-07	3.88e-04	2.81e-02	2.37e-01	7.35e-01	0.00e+00	0.00e+00	8.91e-17	4.66e-17	1.55e-17
 8.51601e+14	2.26e-16	2.53e-11	4.07e-07	4.73e-04	3.17e-02	2.51e-01	7.17e-01	0.00e+00	0.00e+00	1.30e-16	6.81e-17	2.25e-17
 8.83291e+14	3.33e-16	3.55e-11	5.35e-07	5.78e-04	3.58e-02	2.66e-01	6.98e-01	0.00e+00	0.00e+00	1.92e-16	1.00e-16	3.31e-17
 9.11785e+14	4.66e-16	4.75e-11	6.76e-07	6.85e-04	3.98e-02	2.79e-01	6.81e-01	0.00e+00	0.00e+00	2.69e-16	1.40e-16	4.62e-17
 9.42873e+14	6.67e-16	6.47e-11	8.67e-07	8.21e-04	4.44e-02	2.93e-01	6.62e-01	0.00e+00	0.00e+00	3.86e-16	2.01e-16	6.59e-17
 9.79668e+14	1.01e-15	9.21e-11	1.15e-06	1.01e-03	5.03e-02	3.09e-01	6.40e-01	0.00e+00	0.00e+00	5.84e-16	3.04e-16	9.95e-17
 1.01575e+15	1.49e-15	1.28e-10	1.50e-06	1.22e-03	5.63e-02	3.25e-01	6.18e-01	0.00e+00	0.00e+00	8.61e-16	4.48e-16	1.46e-16
 1.04868e+15	2.10e-15	1.72e-10	1.89e-06	1.44e-03	6.22e-02	3.38e-01	5.98e-01	0.00e+00	0.00e+00	1.22e-15	6.34e-16	2.07e-16
 1.08563e+15	3.06e-15	2.36e-10	2.44e-06	1.72e-03	6.92e-02	3.53e-01	5.76e-01	0.00e+00	0.00e+00	1.77e-15	9.23e-16	3.00e-16
 1.12866e+15	4.67e-15	3.37e-10	3.22e-06	2.10e-03	7.78e-02	3.69e-01	5.51e-01	0.00e+00	0.00e+00	2.71e-15	1.41e-15	4.57e-16
 1.17092e+15	6.99e-15	4.70e-10	4.20e-06	2.53e-03	8.67e-02	3.84e-01	5.27e-01	0.00e+00	0.00e+00	4.05e-15	2.11e-15	6.83e-16
 1.21071e+15	1.01e-14	6.37e-10	5.33e-06	2.99e-03	9.56e-02	3.97e-01	5.04e-01	0.00e+00	0.00e+00	5.85e-15	3.04e-15	9.86e-16
 1.25501e+15	1.49e-14	8.81e-10	6.86e-06	3.57e-03	1.06e-01	4.11e-01	4.80e-01	0.00e+00	0.00e+00	8.66e-15	4.51e-15	1.46e-15
 1.29726e+15	2.15e-14	1.19e-09	8.65e-06	4.20e-03	1.16e-01	4.22e-01	4.58e-01	0.00e+00	0.00e+00	1.25e-14	6.48e-15	2.09e-15
 1.32870e+15	2.79e-14	1.47e-09	1.02e-05	4.71e-03	1.24e-01	4.31e-01	4.41e-01	0.00e+00	0.00e+00	1.62e-14	8.42e-15	2.72e-15
 1.36043e+15	3.62e-14	1.81e-09	1.20e-05	5.27e-03	1.32e-01	4.38e-01	4.25e-01	0.00e+00	0.00e+00	2.10e-14	1.09e-14	3.52e-15
 1.40168e+15	5.02e-14	2.36e-09	1.48e-05	6.07e-03	1.42e-01	4.47e-01	4.05e-01	0.00e+00	0.00e+00	2.91e-14	1.51e-14	4.88e-15
 1.44647e+15	7.08e-14	3.12e-09	1.83e-05	7.02e-03	1.54e-01	4.56e-01	3.83e-01	0.00e+00	0.00e+00	4.11e-14	2.14e-14	6.89e-15
 1.48671e+15	9.56e-14	3.96e-09	2.20e-05	7.96e-03	1.65e-01	4.62e-01	3.65e-01	0.00e+00	0.00e+00	5.55e-14	2.89e-14	9.30e-15
 1.52991e+15	1.31e-13	5.09e-09	2.67e-05	9.07e-03	1.77e-01	4.68e-01	3.46e-01	0.00e+00	0.00e+00	7.60e-14	3.95e-14	1.27e-14
 1.58542e+15	1.93e-13	6.94e-09	3.39e-05	1.06e-02	1.92e-01	4.75e-01	3.22e-01	0.00e+00	0.00e+00	1.12e-13	5.84e-14	1.88e-14
 1.64147e+15	2.82e-13	9.34e-09	4.25e-05	1.24e-02	2.08e-01	4.80e-01	3.00e-01	0.00e+00	0.00e+00	1.64e-13	8.51e-14	2.74e-14
 1.68752e+15	3.80e-13	1.18e-08	5.09e-05	1.39e-02	2.21e-01	4.82e-01	2.83e-01	0.00e+00	0.00e+00	2.21e-13	1.15e-13	3.69e-14
 1.73605e+15	5.17e-13	1.50e-08	6.11e-05	1.57e-02	2.35e-01	4.84e-01	2.66e-01	0.00e+00	0.00e+00	3.00e-13	1.56e-13	5.02e-14
 1.79877e+15	7.58e-13	2.03e-08	7.67e-05	1.82e-02	2.52e-01	4.85e-01	2.45e-01	0.00e+00	0.00e+00	4.41e-13	2.29e-13	7.37e-14
 1.86521e+15	1.12e-12	2.74e-08	9.64e-05	2.11e-02	2.71e-01	4.84e-01	2.24e-01	0.00e+00	0.00e+00	6.49e-13	3.38e-13	1.09e-13
 1.92339e+15	1.55e-12	3.53e-08	1.17e-04	2.39e-02	2.87e-01	4.82e-01	2.07e-01	0.00e+00	0.00e+00	9.00e-13	4.68e-13	1.50e-13
 1.98552e+15	2.17e-12	4.58e-08	1.42e-04	2.71e-02	3.04e-01	4.78e-01	1.91e-01	0.00e+00	0.00e+00	1.26e-12	6.58e-13	2.11e-13
 2.06107e+15	3.23e-12	6.20e-08	1.79e-04	3.13e-02	3.24e-01	4.72e-01	1.72e-01	0.00e+00	0.00e+00	1.87e-12	9.76e-13	3.13e-13
 2.13599e+15	4.67e-12	8.24e-08	2.21e-04	3.58e-02	3.44e-01	4.65e-01	1.55e-01	0.00e+00	0.00e+00	2.72e-12	1.41e-12	4.54e-13
 2.20208e+15	6.41e-12	1.05e-07	2.65e-04	4.01e-02	3.60e-01	4.57e-01	1.42e-01	0.00e+00	0.00e+00	3.72e-12	1.94e-12	6.23e-13
 2.27475e+15	9.02e-12	1.36e-07	3.21e-04	4.50e-02	3.78e-01	4.48e-01	1.29e-01	0.00e+00	0.00e+00	5.24e-12	2.73e-12	8.77e-13
 2.36216e+15	1.34e-11	1.84e-07	4.01e-04	5.15e-02	3.98e-01	4.36e-01	1.14e-01	0.00e+00	0.00e+00	7.79e-12	4.06e-12	1.30e-12
 2.44539e+15	1.91e-11	2.40e-07	4.89e-04	5.80e-02	4.16e-01	4.23e-01	1.02e-01	0.00e+00	0.00e+00	1.11e-11	5.78e-12	1.86e-12
 2.51532e+15	2.55e-11	2.99e-07	5.74e-04	6.38e-02	4.31e-01	4.12e-01	9.23e-02	0.00e+00	0.00e+00	1.48e-11	7.73e-12	2.48e-12
 2.57853e+15	3.28e-11	3.62e-07	6.61e-04	6.92e-02	4.43e-01	4.02e-01	8.46e-02	0.00e+00	0.00e+00	1.91e-11	9.95e-12	3.20e-12
 2.64791e+15	4.32e-11	4.44e-07	7.67e-04	7.54e-02	4.56e-01	3.91e-01	7.69e-02	0.00e+00	0.00e+00	2.51e-11	1.31e-11	4.20e-12
 2.72494e+15	5.77e-11	5.53e-07	9.00e-04	8.27e-02	4.69e-01	3.78e-01	6.91e-02	0.00e+00	0.00e+00	3.36e-11	1.75e-11	5.62e-12
 2.79723e+15	7.50e-11	6.74e-07	1.04e-03	8.97e-02	4.81e-01	3.66e-01	6.26e-02	0.00e+00	0.00e+00	4.36e-11	2.28e-11	7.30e-12
 2.87651e+15	9.98e-11	8.34e-07	1.21e-03	9.78e-02	4.93e-01	3.52e-01	5.61e-02	0.00e+00	0.00e+00	5.80e-11	3.03e-11	9.72e-12
 2.96354e+15	1.34e-10	1.04e-06	1.42e-03	1.07e-01	5.04e-01	3.37e-01	4.98e-02	0.00e+00	0.00e+00	7.80e-11	4.07e-11	1.31e-11
 3.04422e+15	1.75e-10	1.27e-06	1.64e-03	1.16e-01	5.14e-01	3.24e-01	4.46e-02	0.00e+00	0.00e+00	1.02e-10	5.30e-11	1.70e-11
 3.13270e+15	2.33e-10	1.58e-06	1.92e-03	1.26e-01	5.24e-01	3.09e-01	3.95e-02	0.00e+00	0.00e+00	1.36e-10	7.08e-11	2.27e-11
 3.23049e+15	3.15e-10	1.97e-06	2.25e-03	1.37e-01	5.33e-01	2.93e-01	3.46e-02	0.00e+00	0.00e+00	1.83e-10	9.55e-11	3.07e-11
 3.32276e+15	4.13e-10	2.42e-06	2.61e-03	1.48e-01	5.40e-01	2.79e-01	3.05e-02	0.00e+00	0.00e+00	2.40e-10	1.25e-10	4.02e-11
 3.42511e+15	5.57e-10	3.03e-06	3.06e-03	1.61e-01	5.47e-01	2.63e-01	2.65e-02	0.00e+00	0.00e+00	3.24e-10	1.69e-10	5.44e-11
 3.53617e+15	7.55e-10	3.81e-06	3.61e-03	1.75e-01	5.52e-01	2.47e-01	2.29e-02	0.00e+00	0.00e+00	4.39e-10	2.29e-10	7.37e-11
 3.63597e+15	9.80e-10	4.63e-06	4.15e-03	1.88e-01	5.56e-01	2.33e-01	2.00e-02	0.00e+00	0.00e+00	5.70e-10	2.98e-10	9.58e-11
 3.74315e+15	1.30e-09	5.72e-06	4.82e-03	2.02e-01	5.58e-01	2.18e-01	1.73e-02	0.00e+00	0.00e+00	7.57e-10	3.95e-10	1.27e-10
 3.86229e+15	1.75e-09	7.16e-06	5.66e-03	2.18e-01	5.59e-01	2.02e-01	1.47e-02	0.00e+00	0.00e+00	1.02e-09	5.32e-10	1.71e-10
 3.97356e+15	2.27e-09	8.72e-06	6.52e-03	2.33e-01	5.59e-01	1.89e-01	1.27e-02	0.00e+00	0.00e+00	1.32e-09	6.91e-10	2.23e-10
 4.09478e+15	3.03e-09	1.08e-05	7.59e-03	2.50e-01	5.57e-01	1.75e-01	1.08e-02	0.00e+00	0.00e+00	1.76e-09	9.21e-10	2.97e-10
 4.22737e+15	4.07e-09	1.35e-05	8.91e-03	2.68e-01	5.53e-01	1.60e-01	9.08e-03	0.00e+00	0.00e+00	2.37e-09	1.24e-09	4.00e-10
 4.34166e+15	5.15e-09	1.62e-05	1.02e-02	2.84e-01	5.49e-01	1.49e-01	7.83e-03	0.00e+00	0.00e+00	3.00e-09	1.57e-09	5.06e-10
 4.44078e+15	6.33e-09	1.89e-05	1.14e-02	2.98e-01	5.44e-01	1.39e-01	6.87e-03	0.00e+00	0.00e+00	3.68e-09	1.93e-09	6.23e-10
 4.55327e+15	8.03e-09	2.26e-05	1.29e-02	3.14e-01	5.38e-01	1.29e-01	5.92e-03	0.00e+00	0.00e+00	4.67e-09	2.45e-09	7.90e-10
 4.67766e+15	1.03e-08	2.73e-05	1.47e-02	3.32e-01	5.30e-01	1.18e-01	5.02e-03	0.00e+00	0.00e+00	5.98e-09	3.13e-09	1.01e-09
 4.79260e+15	1.28e-08	3.22e-05	1.66e-02	3.48e-01	5.21e-01	1.09e-01	4.32e-03	0.00e+00	0.00e+00	7.43e-09	3.89e-09	1.26e-09
 4.89814e+15	1.56e-08	3.75e-05	1.85e-02	3.63e-01	5.13e-01	1.02e-01	3.76e-03	0.00e+00	0.00e+00	9.06e-09	4.75e-09	1.54e-09
 5.01638e+15	1.96e-08	4.46e-05	2.09e-02	3.80e-01	5.03e-01	9.32e-02	3.21e-03	0.00e+00	0.00e+00	1.14e-08	5.98e-09	1.94e-09
 5.14797e+15	2.50e-08	5.37e-05	2.39e-02	3.99e-01	4.90e-01	8.46e-02	2.69e-03	0.00e+00	0.00e+00	1.46e-08	7.64e-09	2.48e-09
 5.27048e+15	3.10e-08	6.32e-05	2.69e-02	4.15e-01	4.78e-01	7.74e-02	2.29e-03	0.00e+00	0.00e+00	1.80e-08	9.44e-09	3.06e-09
 5.38585e+15	3.78e-08	7.37e-05	3.00e-02	4.31e-01	4.66e-01	7.10e-02	1.97e-03	0.00e+00	0.00e+00	2.20e-08	1.15e-08	3.74e-09
 5.51845e+15	4.86e-08	8.89e-05	3.42e-02	4.48e-01	4.52e-01	6.39e-02	1.64e-03	0.00e+00	0.00e+00	2.83e-08	1.48e-08	4.82e-09
 5.65971e+15	6.12e-08	1.06e-04	3.90e-02	4.66e-01	4.36e-01	5.73e-02	1.36e-03	0.00e+00	0.00e+00	3.56e-08	1.87e-08	6.07e-09
 5.78477e+15	7.56e-08	1.25e-04	4.38e-02	4.82e-01	4.21e-01	5.19e-02	1.15e-03	0.00e+00	0.00e+00	4.40e-08	2.31e-08	7.51e-09
 5.90015e+15	9.24e-08	1.46e-04	4.88e-02	4.96e-01	4.07e-01	4.72e-02	9.78e-04	0.00e+00	0.00e+00	5.38e-08	2.82e-08	9.18e-09
 6.03038e+15	1.17e-07	1.74e-04	5.53e-02	5.11e-01	3.91e-01	4.22e-02	8.10e-04	0.00e+00	0.00e+00	6.83e-08	3.58e-08	1.17e-08
 6.17158e+15	1.49e-07	2.09e-04	6.30e-02	5.26e-01	3.72e-01	3.74e-02	6.63e-04	0.00e+00	0.00e+00	8.67e-08	4.55e-08	1.48e-08
 6.29812e+15	1.85e-07	2.47e-04	7.08e-02	5.39e-01	3.56e-01	3.34e-02	5.53e-04	0.00e+00	0.00e+00	1.08e-07	5.65e-08	1.84e-08
 6.41514e+15	2.27e-07	2.89e-04	7.91e-02	5.50e-01	3.40e-01	3.00e-02	4.65e-04	0.00e+00	0.00e+00	1.32e-07	6.94e-08	2.27e-08
 6.54868e+15	2.89e-07	3.47e-04	8.99e-02	5.62e-01	3.21e-01	2.63e-02	3.79e-04	0.00e+00	0.00e+00	1.68e-07	8.85e-08	2.89e-08
 6.68642e+15	3.73e-07	4.20e-04	1.03e-01	5.71e-01	3.02e-01	2.30e-02	3.05e-04	0.00e+00	0.00e+00	2.17e-07	1.14e-07	3.72e-08
 6.79656e+15	4.53e-07	4.88e-04	1.14e-01	5.78e-01	2.87e-01	2.05e-02	2.56e-04	0.00e+00	0.00e+00	2.64e-07	1.39e-07	4.53e-08
 6.90669e+15	5.60e-07	5.73e-04	1.27e-01	5.83e-01	2.70e-01	1.82e-02	2.13e-04	0.00e+00	0.00e+00	3.26e-07	1.71e-07	5.60e-08
 7.02694e+15	7.17e-07	6.88e-04	1.44e-01	5.87e-01	2.52e-01	1.58e-02	1.72e-04	0.00e+00	0.00e+00	4.17e-07	2.19e-07	7.17e-08
 7.13203e+15	8.81e-07	8.05e-04	1.60e-01	5.88e-01	2.37e-01	1.39e-02	1.43e-04	0.00e+00	0.00e+00	5.12e-07	2.69e-07	8.82e-08
 7.21362e+15	1.04e-06	9.11e-04	1.74e-01	5.88e-01	2.24e-01	1.26e-02	1.23e-04	0.00e+00	0.00e+00	6.03e-07	3.17e-07	1.04e-07
 7.28111e+15	1.19e-06	1.01e-03	1.87e-01	5.86e-01	2.14e-01	1.15e-02	1.08e-04	0.00e+00	0.00e+00	6.95e-07	3.66e-07	1.20e-07
 7.35693e+15	1.37e-06	1.13e-03	2.03e-01	5.84e-01	2.01e-01	1.04e-02	9.27e-05	0.00e+00	0.00e+00	7.96e-07	4.19e-07	1.37e-07
 7.45550e+15	1.70e-06	1.33e-03	2.27e-01	5.78e-01	1.85e-01	8.96e-03	7.51e-05	0.00e+00	0.00e+00	9.91e-07	5.22e-07	1.71e-07
 7.54936e+15	2.11e-06	1.56e-03	2.51e-01	5.69e-01	1.70e-01	7.74e-03	6.09e-05	0.00e+00	0.00e+00	1.23e-06	6.47e-07	2.12e-07
 7.61454e+15	2.59e-06	1.80e-03	2.72e-01	5.60e-01	1.60e-01	6.89e-03	5.15e-05	0.00e+00	0.00e+00	1.51e-06	7.93e-07	2.60e-07
 7.66345e+15	2.91e-06	1.96e-03	2.88e-01	5.53e-01	1.51e-01	6.32e-03	4.56e-05	0.00e+00	0.00e+00	1.69e-06	8.91e-07	2.92e-07
 7.71379e+15	3.31e-06	2.16e-03	3.05e-01	5.44e-01	1.43e-01	5.74e-03	3.99e-05	0.00e+00	0.00e+00	1.92e-06	1.01e-06	3.33e-07
 7.77923e+15	4.01e-06	2.48e-03	3.31e-01	5.30e-01	1.31e-01	5.00e-03	3.29e-05	0.00e+00	0.00e+00	2.33e-06	1.23e-06	4.03e-07
 7.84688e+15	4.79e-06	2.82e-03	3.58e-01	5.15e-01	1.20e-01	4.34e-03	2.71e-05	0.00e+00	0.00e+00	2.78e-06	1.47e-06	4.82e-07
 7.90437e+15	5.38e-06	3.08e-03	3.82e-01	5.00e-01	1.11e-01	3.83e-03	2.30e-05	0.00e+00	0.00e+00	3.13e-06	1.65e-06	5.42e-07
 7.96608e+15	6.44e-06	3.51e-03	4.12e-01	4.82e-01	1.00e-01	3.28e-03	1.87e-05	0.00e+00	0.00e+00	3.74e-06	1.97e-06	6.49e-07
 8.03145e+15	7.79e-06	4.02e-03	4.45e-01	4.59e-01	8.92e-02	2.76e-03	1.48e-05	0.00e+00	0.00e+00	4.53e-06	2.39e-06	7.85e-07
 8.08694e+15	9.27e-06	4.54e-03	4.75e-01	4.38e-01	8.01e-02	2.34e-03	1.19e-05	0.00e+00	0.00e+00	5.39e-06	2.84e-06	9.35e-07
 8.13504e+15	1.13e-05	5.17e-03	5.04e-01	4.17e-01	7.21e-02	2.00e-03	9.62e-06	0.00e+00	0.00e+00	6.55e-06	3.45e-06	1.14e-06
 8.17822e+15	1.28e-05	5.65e-03	5.29e-01	3.98e-01	6.55e-02	1.74e-03	8.01e-06	0.00e+00	0.00e+00	7.44e-06	3.92e-06	1.29e-06
 8.22445e+15	1.45e-05	6.17e-03	5.57e-01	3.77e-01	5.84e-02	1.48e-03	6.51e-06	0.00e+00	0.00e+00	8.43e-06	4.45e-06	1.46e-06
 8.28455e+15	1.84e-05	7.23e-03	5.96e-01	3.46e-01	4.94e-02	1.15e-03	4.72e-06	0.00e+00	0.00e+00	1.07e-05	5.65e-06	1.86e-06
 8.34178e+15	2.14e-05	8.01e-03	6.31e-01	3.18e-01	4.20e-02	9.21e-04	3.55e-06	0.00e+00	0.00e+00	1.24e-05	6.57e-06	2.17e-06
 8.38795e+15	2.60e-05	9.09e-03	6.61e-01	2.93e-01	3.61e-02	7.40e-04	2.67e-06	0.00e+00	0.00e+00	1.51e-05	8.00e-06	2.64e-06
 8.43076e+15	2.94e-05	9.84e-03	6.87e-01	2.71e-01	3.12e-02	6.06e-04	2.08e-06	0.00e+00	0.00e+00	1.71e-05	9.02e-06	2.98e-06
 8.47653e+15	3.57e-05	1.11e-02	7.17e-01	2.45e-01	2.62e-02	4.71e-04	1.50e-06	0.00e+00	0.00e+00	2.08e-05	1.10e-05	3.63e-06
 8.52525e+15	4.23e-05	1.24e-02	7.46e-01	2.20e-01	2.16e-02	3.61e-04	1.07e-06	0.00e+00	0.00e+00	2.46e-05	1.30e-05	4.30e-06
 8.57072e+15	5.00e-05	1.37e-02	7.71e-01	1.97e-01	1.78e-02	2.76e-04	7.66e-07	0.00e+00	0.00e+00	2.90e-05	1.53e-05	5.08e-06
 8.62271e+15	6.02e-05	1.53e-02	7.99e-01	1.71e-01	1.41e-02	1.99e-04	0.00e+00	0.00e+00	0.00e+00	3.50e-05	1.85e-05	6.13e-06
 8.66959e+15	7.05e-05	1.69e-02	8.20e-01	1.51e-01	1.13e-02	1.48e-04	0.00e+00	0.00e+00	0.00e+00	4.10e-05	2.17e-05	7.18e-06
 8.69996e+15	7.83e-05	1.79e-02	8.33e-01	1.39e-01	9.81e-03	1.21e-04	0.00e+00	0.00e+00	0.00e+00	4.55e-05	2.41e-05	7.98e-06
 8.72958e+15	8.72e-05	1.91e-02	8.45e-01	1.27e-01	8.40e-03	9.79e-05	0.00e+00	0.00e+00	0.00e+00	5.07e-05	2.68e-05	8.90e-06
 8.76809e+15	1.00e-04	2.07e-02	8.60e-01	1.12e-01	6.84e-03	7.36e-05	0.00e+00	0.00e+00	0.00e+00	5.82e-05	3.08e-05	1.02e-05
 8.80904e+15	1.15e-04	2.24e-02	8.73e-01	9.89e-02	5.50e-03	5.46e-05	0.00e+00	0.00e+00	0.00e+00	6.69e-05	3.54e-05	1.18e-05
 8.84529e+15	1.30e-04	2.40e-02	8.83e-01	8.81e-02	4.53e-03	4.16e-05	0.00e+00	0.00e+00	0.00e+00	7.56e-05	4.00e-05	1.33e-05
 8.88454e+15	1.49e-04	2.58e-02	8.93e-01	7.72e-02	3.62e-03	3.05e-05	0.00e+00	0.00e+00	0.00e+00	8.65e-05	4.57e-05	1.52e-05
 8.92765e+15	1.72e-04	2.80e-02	9.02e-01	6.68e-02	2.83e-03	2.17e-05	0.00e+00	0.00e+00	0.00e+00	1.00e-04	5.29e-05	1.76e-05
 8.96677e+15	1.96e-04	3.01e-02	9.09e-01	5.86e-02	2.26e-03	1.59e-05	0.00e+00	0.00e+00	0.00e+00	1.14e-04	6.03e-05	2.01e-05
 9.00289e+15	2.21e-04	3.21e-02	9.14e-01	5.18e-02	1.84e-03	1.19e-05	0.00e+00	0.00e+00	0.00e+00	1.28e-04	6.79e-05	2.27e-05
 9.04415e+15	2.53e-04	3.46e-02	9.19e-01	4.48e-02	1.43e-03	8.41e-06	0.00e+00	0.00e+00	0.00e+00	1.47e-04	7.79e-05	2.60e-05
 9.08921e+15	2.92e-04	3.74e-02	9.23e-01	3.84e-02	1.11e-03	5.84e-06	0.00e+00	0.00e+00	0.00e+00	1.70e-04	9.00e-05	3.01e-05
 9.12991e+15	3.33e-04	4.01e-02	9.25e-01	3.34e-02	8.73e-04	4.18e-06	0.00e+00	0.00e+00	0.00e+00	1.94e-04	1.03e-04	3.43e-05
 9.16745e+15	3.76e-04	4.28e-02	9.27e-01	2.94e-02	7.01e-04	3.07e-06	0.00e+00	0.00e+00	0.00e+00	2.19e-04	1.16e-04	3.87e-05
 9.21018e+15	4.32e-04	4.60e-02	9.28e-01	2.53e-02	5.42e-04	2.13e-06	0.00e+00	0.00e+00	0.00e+00	2.51e-04	1.33e-04	4.45e-05
 9.25684e+15	5.01e-04	4.98e-02	9.28e-01	2.16e-02	4.15e-04	1.45e-06	0.00e+00	0.00e+00	0.00e+00	2.91e-04	1.54e-04	5.16e-05
 9.29859e+15	5.73e-04	5.36e-02	9.27e-01	1.87e-02	3.27e-04	1.03e-06	0.00e+00	0.00e+00	0.00e+00	3.34e-04	1.76e-04	5.91e-05
 9.33647e+15	6.46e-04	5.72e-02	9.25e-01	1.65e-02	2.63e-04	7.55e-07	0.00e+00	0.00e+00	0.00e+00	3.76e-04	1.99e-04	6.66e-05
 9.37935e+15	7.43e-04	6.16e-02	9.23e-01	1.42e-02	2.04e-04	0.00e+00	0.00e+00	0.00e+00	0.00e+00	4.32e-04	2.29e-04	7.66e-05
 9.42626e+15	8.64e-04	6.68e-02	9.20e-01	1.21e-02	1.57e-04	0.00e+00	0.00e+00	0.00e+00	0.00e+00	5.03e-04	2.66e-04	8.91e-05
 9.46819e+15	9.93e-04	7.19e-02	9.16e-01	1.05e-02	1.24e-04	0.00e+00	0.00e+00	0.00e+00	0.00e+00	5.78e-04	3.06e-04	1.02e-04
 9.50574e+15	1.12e-03	7.69e-02	9.13e-01	9.29e-03	1.01e-04	0.00e+00	0.00e+00	0.00e+00	0.00e+00	6.54e-04	3.46e-04	1.16e-04
 9.54784e+15	1.29e-03	8.30e-02	9.08e-01	8.03e-03	7.92e-05	0.00e+00	0.00e+00	0.00e+00	0.00e+00	7.53e-04	3.98e-04	1.34e-04
 9.59399e+15	1.51e-03	9.02e-02	9.01e-01	6.89e-03	6.14e-05	0.00e+00	0.00e+00	0.00e+00	0.00e+00	8.79e-04	4.65e-04	1.56e-04
 9.63558e+15	1.75e-03	9.76e-02	8.95e-01	5.99e-03	4.89e-05	0.00e+00	0.00e+00	0.00e+00	0.00e+00	1.02e-03	5.38e-04	1.80e-04
 9.67239e+15	1.99e-03	1.05e-01	8.88e-01	5.29e-03	3.99e-05	0.00e+00	0.00e+00	0.00e+00	0.00e+00	1.16e-03	6.12e-04	2.05e-04
