#depth	O	O+	O+2	O+3	O+4	O+5	O+6	O+7	O+8	O[1]	O[2]	O[3]
 1.49634e+10	0.00e+00	0.00e+00	0.00e+00	4.79e-27	5.10e-18	1.30e-09	9.39e-01	6.12e-02	5.49e-06	0.00e+00	0.00e+00	0.00e+00
 4.54887e+10	0.00e+00	0.00e+00	1.35e-36	6.09e-27	6.00e-18	1.41e-09	9.43e-01	5.67e-02	4.70e-06	0.00e+00	0.00e+00	0.00e+00
 7.72350e+10	0.00e+00	4.89e-47	1.86e-36	7.75e-27	7.05e-18	1.53e-09	9.47e-01	5.26e-02	4.03e-06	0.00e+00	0.00e+00	0.00e+00
 1.10251e+11	0.00e+00	0.00e+00	2.56e-36	9.85e-27	8.28e-18	1.66e-09	9.51e-01	4.87e-02	3.45e-06	0.00e+00	0.00e+00	0.00e+00
 1.41583e+11	0.00e+00	1.05e-46	3.42e-36	1.23e-26	9.59e-18	1.79e-09	9.55e-01	4.54e-02	2.99e-06	0.00e+00	0.00e+00	0.00e+00
 1.70011e+11	0.00e+00	0.00e+00	4.41e-36	1.49e-26	1.09e-17	1.91e-09	9.57e-01	4.27e-02	2.64e-06	0.00e+00	0.00e+00	0.00e+00
 2.02046e+11	0.00e+00	2.03e-46	5.83e-36	1.83e-26	1.26e-17	2.06e-09	9.60e-01	3.99e-02	2.31e-06	0.00e+00	0.00e+00	0.00e+00
 2.39520e+11	0.00e+00	0.00e+00	7.98e-36	2.32e-26	1.47e-17	2.23e-09	9.63e-01	3.70e-02	1.98e-06	0.00e+00	0.00e+00	0.00e+00
 2.76833e+11	0.00e+00	4.38e-46	1.08e-35	2.91e-26	1.71e-17	2.41e-09	9.66e-01	3.44e-02	1.71e-06	0.00e+00	0.00e+00	0.00e+00
 3.12430e+11	0.00e+00	0.00e+00	0.00e+00	3.58e-26	1.97e-17	2.59e-09	9.68e-01	3.22e-02	1.49e-06	0.00e+00	0.00e+00	0.00e+00
 3.51646e+11	0.00e+00	0.00e+00	1.91e-35	4.47e-26	2.28e-17	2.79e-09	9.70e-01	2.99e-02	1.29e-06	0.00e+00	0.00e+00	0.00e+00
 3.95639e+11	0.00e+00	1.33e-45	2.62e-35	5.67e-26	2.68e-17	3.02e-09	9.72e-01	2.77e-02	1.10e-06	0.00e+00	0.00e+00	0.00e+00
 4.37811e+11	0.00e+00	0.00e+00	3.51e-35	7.07e-26	3.11e-17	3.26e-09	9.74e-01	2.58e-02	9.53e-07	0.00e+00	0.00e+00	0.00e+00
 4.76231e+11	0.00e+00	2.64e-45	4.54e-35	8.59e-26	3.54e-17	3.48e-09	9.76e-01	2.42e-02	0.00e+00	0.00e+00	0.00e+00	0.00e+00
 5.19182e+11	0.00e+00	0.00e+00	6.01e-35	1.06e-25	4.07e-17	3.74e-09	9.77e-01	2.26e-02	0.00e+00	0.00e+00	0.00e+00	0.00e+00
 5.69291e+11	0.00e+00	5.55e-45	8.23e-35	1.34e-25	4.77e-17	4.05e-09	9.79e-01	2.09e-02	0.00e+00	0.00e+00	0.00e+00	0.00e+00
 6.18907e+11	0.00e+00	0.00e+00	1.11e-34	1.68e-25	5.55e-17	4.37e-09	9.81e-01	1.94e-02	0.00e+00	0.00e+00	0.00e+00	0.00e+00
 6.65936e+11	0.00e+00	1.14e-44	1.46e-34	2.07e-25	6.37e-17	4.68e-09	9.82e-01	1.81e-02	0.00e+00	0.00e+00	0.00e+00	0.00e+00
 7.09613e+11	0.00e+00	0.00e+00	1.87e-34	2.49e-25	7.21e-17	4.99e-09	9.83e-01	1.71e-02	0.00e+00	0.00e+00	0.00e+00	0.00e+00
 7.56607e+11	0.00e+00	2.14e-44	2.42e-34	3.02e-25	8.21e-17	5.32e-09	9.84e-01	1.60e-02	0.00e+00	0.00e+00	0.00e+00	0.00e+00
 8.09337e+11	0.00e+00	0.00e+00	3.20e-34	3.72e-25	9.45e-17	5.71e-09	9.85e-01	1.49e-02	0.00e+00	0.00e+00	0.00e+00	0.00e+00
 8.59513e+11	0.00e+00	4.18e-44	4.14e-34	4.52e-25	1.08e-16	6.10e-09	9.86e-01	1.40e-02	0.00e+00	0.00e+00	0.00e+00	0.00e+00
 9.14731e+11	0.00e+00	0.00e+00	5.45e-34	5.56e-25	1.23e-16	6.54e-09	9.87e-01	1.31e-02	0.00e+00	0.00e+00	0.00e+00	0.00e+00
 9.76592e+11	0.00e+00	8.55e-44	7.34e-34	6.95e-25	1.43e-16	7.05e-09	9.88e-01	1.22e-02	0.00e+00	0.00e+00	0.00e+00	0.00e+00
 1.03547e+12	0.00e+00	0.00e+00	9.64e-34	8.53e-25	1.64e-16	7.55e-09	9.89e-01	1.14e-02	0.00e+00	0.00e+00	0.00e+00	0.00e+00
 1.09992e+12	0.00e+00	1.73e-43	1.29e-33	1.06e-24	1.90e-16	8.13e-09	9.89e-01	1.06e-02	0.00e+00	0.00e+00	0.00e+00	0.00e+00
 1.17385e+12	0.00e+00	0.00e+00	1.78e-33	1.35e-24	2.24e-16	8.82e-09	9.90e-01	9.75e-03	0.00e+00	0.00e+00	0.00e+00	0.00e+00
 1.24608e+12	0.00e+00	3.78e-43	2.41e-33	1.70e-24	2.61e-16	9.52e-09	9.91e-01	9.04e-03	0.00e+00	0.00e+00	0.00e+00	0.00e+00
 1.32119e+12	0.00e+00	0.00e+00	3.26e-33	2.13e-24	3.04e-16	1.03e-08	9.92e-01	8.38e-03	0.00e+00	0.00e+00	0.00e+00	0.00e+00
 1.40397e+12	0.00e+00	8.29e-43	4.51e-33	2.72e-24	3.57e-16	1.12e-08	9.92e-01	7.73e-03	0.00e+00	0.00e+00	0.00e+00	0.00e+00
 1.48811e+12	0.00e+00	0.00e+00	6.19e-33	3.46e-24	4.19e-16	1.21e-08	9.93e-01	7.14e-03	0.00e+00	0.00e+00	0.00e+00	0.00e+00
 1.56311e+12	0.00e+00	1.73e-42	8.13e-33	4.24e-24	4.81e-16	1.30e-08	9.93e-01	6.67e-03	0.00e+00	0.00e+00	0.00e+00	0.00e+00
 1.62728e+12	0.00e+00	0.00e+00	1.02e-32	5.04e-24	5.39e-16	1.37e-08	9.94e-01	6.30e-03	0.00e+00	0.00e+00	0.00e+00	0.00e+00
 1.69882e+12	0.00e+00	3.15e-42	1.31e-32	6.08e-24	6.12e-16	1.46e-08	9.94e-01	5.92e-03	0.00e+00	0.00e+00	0.00e+00	0.00e+00
 1.78900e+12	0.00e+00	0.00e+00	1.77e-32	7.64e-24	7.13e-16	1.58e-08	9.95e-01	5.48e-03	0.00e+00	0.00e+00	0.00e+00	0.00e+00
 1.88152e+12	0.00e+00	6.72e-42	2.40e-32	9.59e-24	8.30e-16	1.70e-08	9.95e-01	5.08e-03	0.00e+00	0.00e+00	0.00e+00	0.00e+00
 1.96144e+12	0.00e+00	0.00e+00	3.10e-32	1.16e-23	9.45e-16	1.82e-08	9.95e-01	4.77e-03	0.00e+00	0.00e+00	0.00e+00	0.00e+00
 2.04687e+12	0.00e+00	1.29e-41	4.03e-32	1.42e-23	1.08e-15	1.94e-08	9.96e-01	4.46e-03	0.00e+00	0.00e+00	0.00e+00	0.00e+00
 2.15203e+12	0.00e+00	0.00e+00	5.53e-32	1.80e-23	1.27e-15	2.11e-08	9.96e-01	4.12e-03	0.00e+00	0.00e+00	0.00e+00	0.00e+00
 2.25789e+12	0.00e+00	2.82e-41	7.54e-32	2.28e-23	1.48e-15	2.28e-08	9.96e-01	3.81e-03	0.00e+00	0.00e+00	0.00e+00	0.00e+00
 2.35086e+12	0.00e+00	0.00e+00	9.85e-32	2.79e-23	1.70e-15	2.44e-08	9.96e-01	3.56e-03	0.00e+00	0.00e+00	0.00e+00	0.00e+00
 2.45201e+12	0.00e+00	5.57e-41	1.30e-31	3.44e-23	1.96e-15	2.62e-08	9.97e-01	3.31e-03	0.00e+00	0.00e+00	0.00e+00	0.00e+00
 2.57433e+12	0.00e+00	0.00e+00	1.82e-31	4.43e-23	2.32e-15	2.86e-08	9.97e-01	3.04e-03	0.00e+00	0.00e+00	0.00e+00	0.00e+00
 2.69494e+12	0.00e+00	1.26e-40	2.49e-31	5.63e-23	2.73e-15	3.10e-08	9.97e-01	2.81e-03	0.00e+00	0.00e+00	0.00e+00	0.00e+00
 2.80058e+12	0.00e+00	0.00e+00	3.27e-31	6.92e-23	3.13e-15	3.33e-08	9.97e-01	2.62e-03	0.00e+00	0.00e+00	0.00e+00	0.00e+00
 2.91603e+12	0.00e+00	2.53e-40	4.37e-31	8.63e-23	3.64e-15	3.58e-08	9.98e-01	2.43e-03	0.00e+00	0.00e+00	0.00e+00	0.00e+00
 3.05587e+12	0.00e+00	0.00e+00	6.15e-31	1.12e-22	4.34e-15	3.92e-08	9.98e-01	2.22e-03	0.00e+00	0.00e+00	0.00e+00	0.00e+00
 3.19642e+12	0.00e+00	5.88e-40	8.57e-31	1.44e-22	5.15e-15	4.27e-08	9.98e-01	2.04e-03	0.00e+00	0.00e+00	0.00e+00	0.00e+00
 3.32344e+12	0.00e+00	0.00e+00	1.15e-30	1.80e-22	6.00e-15	4.62e-08	9.98e-01	1.89e-03	0.00e+00	0.00e+00	0.00e+00	0.00e+00
 3.46389e+12	0.00e+00	1.25e-39	1.57e-30	2.29e-22	7.06e-15	5.01e-08	9.98e-01	1.74e-03	0.00e+00	0.00e+00	0.00e+00	0.00e+00
 3.62910e+12	0.00e+00	0.00e+00	2.25e-30	3.01e-22	8.51e-15	5.51e-08	9.98e-01	1.58e-03	0.00e+00	0.00e+00	0.00e+00	0.00e+00
 3.79276e+12	0.00e+00	3.00e-39	3.17e-30	3.92e-22	1.02e-14	6.04e-08	9.99e-01	1.45e-03	0.00e+00	0.00e+00	0.00e+00	0.00e+00
 3.94650e+12	0.00e+00	0.00e+00	4.32e-30	4.97e-22	1.20e-14	6.57e-08	9.99e-01	1.33e-03	0.00e+00	0.00e+00	0.00e+00	0.00e+00
 4.08600e+12	0.00e+00	6.21e-39	5.68e-30	6.13e-22	1.38e-14	7.07e-08	9.99e-01	1.24e-03	0.00e+00	0.00e+00	0.00e+00	0.00e+00
 4.21248e+12	0.00e+00	0.00e+00	7.23e-30	7.38e-22	1.57e-14	7.55e-08	9.99e-01	1.16e-03	0.00e+00	0.00e+00	0.00e+00	0.00e+00
 4.35709e+12	0.00e+00	1.17e-38	9.45e-30	9.06e-22	1.81e-14	8.11e-08	9.99e-01	1.08e-03	0.00e+00	0.00e+00	0.00e+00	0.00e+00
 4.54257e+12	0.00e+00	0.00e+00	1.32e-29	1.17e-21	2.16e-14	8.88e-08	9.99e-01	9.87e-04	0.00e+00	0.00e+00	0.00e+00	0.00e+00
 4.72514e+12	0.00e+00	2.60e-38	1.80e-29	1.49e-21	2.55e-14	9.67e-08	9.99e-01	9.07e-04	0.00e+00	0.00e+00	0.00e+00	0.00e+00
 4.86775e+12	0.00e+00	0.00e+00	2.28e-29	1.79e-21	2.90e-14	1.03e-07	9.99e-01	8.50e-04	0.00e+00	0.00e+00	0.00e+00	0.00e+00
 5.01444e+12	0.00e+00	4.68e-38	2.89e-29	2.14e-21	3.29e-14	1.10e-07	9.99e-01	7.97e-04	0.00e+00	0.00e+00	0.00e+00	0.00e+00
 5.20514e+12	0.00e+00	0.00e+00	3.89e-29	2.69e-21	3.85e-14	1.20e-07	9.99e-01	7.35e-04	0.00e+00	0.00e+00	0.00e+00	0.00e+00
 5.40656e+12	0.00e+00	9.83e-38	5.26e-29	3.40e-21	4.53e-14	1.30e-07	9.99e-01	6.76e-04	0.00e+00	0.00e+00	0.00e+00	0.00e+00
 5.58033e+12	0.00e+00	0.00e+00	6.76e-29	4.13e-21	5.19e-14	1.39e-07	9.99e-01	6.31e-04	0.00e+00	0.00e+00	0.00e+00	0.00e+00
 5.76464e+12	0.00e+00	1.85e-37	8.75e-29	5.04e-21	5.96e-14	1.50e-07	9.99e-01	5.88e-04	0.00e+00	0.00e+00	0.00e+00	0.00e+00
 6.00116e+12	0.00e+00	0.00e+00	1.20e-28	6.45e-21	7.08e-14	1.64e-07	9.99e-01	5.38e-04	0.00e+00	0.00e+00	0.00e+00	0.00e+00
 6.24215e+12	0.00e+00	4.02e-37	1.64e-28	8.20e-21	8.37e-14	1.79e-07	1.00e+00	4.93e-04	0.00e+00	0.00e+00	0.00e+00	0.00e+00
 6.44283e+12	0.00e+00	0.00e+00	2.11e-28	9.95e-21	9.58e-14	1.91e-07	1.00e+00	4.60e-04	0.00e+00	0.00e+00	0.00e+00	0.00e+00
 6.65449e+12	0.00e+00	7.50e-37	2.72e-28	1.21e-20	1.10e-13	2.06e-07	1.00e+00	4.29e-04	0.00e+00	0.00e+00	0.00e+00	0.00e+00
 6.92458e+12	0.00e+00	0.00e+00	3.72e-28	1.54e-20	1.30e-13	2.25e-07	1.00e+00	3.93e-04	0.00e+00	0.00e+00	0.00e+00	0.00e+00
 7.20540e+12	0.00e+00	1.62e-36	5.09e-28	1.97e-20	1.54e-13	2.45e-07	1.00e+00	3.60e-04	0.00e+00	0.00e+00	0.00e+00	0.00e+00
 7.45034e+12	1.59e-45	2.24e-36	6.62e-28	2.41e-20	1.78e-13	2.64e-07	1.00e+00	3.34e-04	0.00e+00	0.00e+00	0.00e+00	0.00e+00
 7.71385e+12	0.00e+00	0.00e+00	8.69e-28	2.98e-20	2.06e-13	2.85e-07	1.00e+00	3.10e-04	0.00e+00	0.00e+00	0.00e+00	0.00e+00
 8.03501e+12	0.00e+00	4.65e-36	1.20e-27	3.82e-20	2.46e-13	3.12e-07	1.00e+00	2.83e-04	0.00e+00	0.00e+00	0.00e+00	0.00e+00
 8.36206e+12	6.03e-45	6.83e-36	1.63e-27	4.86e-20	2.91e-13	3.41e-07	1.00e+00	2.59e-04	0.00e+00	0.00e+00	0.00e+00	0.00e+00
 8.66257e+12	0.00e+00	0.00e+00	2.15e-27	6.02e-20	3.38e-13	3.69e-07	1.00e+00	2.40e-04	0.00e+00	0.00e+00	0.00e+00	0.00e+00
 8.94504e+12	0.00e+00	1.30e-35	2.77e-27	7.31e-20	3.88e-13	3.96e-07	1.00e+00	2.23e-04	0.00e+00	0.00e+00	0.00e+00	0.00e+00
 9.21343e+12	1.84e-44	1.73e-35	3.49e-27	8.75e-20	4.40e-13	4.23e-07	1.00e+00	2.09e-04	0.00e+00	0.00e+00	0.00e+00	0.00e+00
 9.46614e+12	0.00e+00	0.00e+00	4.31e-27	1.03e-19	4.94e-13	4.50e-07	1.00e+00	1.97e-04	0.00e+00	0.00e+00	0.00e+00	0.00e+00
 9.74467e+12	0.00e+00	2.96e-35	5.40e-27	1.23e-19	5.59e-13	4.80e-07	1.00e+00	1.85e-04	0.00e+00	0.00e+00	0.00e+00	0.00e+00
 1.00544e+13	4.99e-44	3.99e-35	6.89e-27	1.49e-19	6.39e-13	5.15e-07	1.00e+00	1.72e-04	0.00e+00	0.00e+00	0.00e+00	0.00e+00
 1.03437e+13	0.00e+00	5.23e-35	8.59e-27	1.76e-19	7.22e-13	5.48e-07	1.00e+00	1.62e-04	0.00e+00	0.00e+00	0.00e+00	0.00e+00
 1.06591e+13	9.71e-44	6.97e-35	1.08e-26	2.12e-19	8.21e-13	5.87e-07	1.00e+00	1.51e-04	0.00e+00	0.00e+00	0.00e+00	0.00e+00
 1.10112e+13	0.00e+00	9.49e-35	1.40e-26	2.58e-19	9.43e-13	6.31e-07	1.00e+00	1.41e-04	0.00e+00	0.00e+00	0.00e+00	0.00e+00
 1.13428e+13	1.97e-43	1.26e-34	1.76e-26	3.08e-19	1.07e-12	6.75e-07	1.00e+00	1.32e-04	0.00e+00	0.00e+00	0.00e+00	0.00e+00
 1.17054e+13	0.00e+00	1.69e-34	2.24e-26	3.73e-19	1.23e-12	7.25e-07	1.00e+00	1.23e-04	0.00e+00	0.00e+00	0.00e+00	0.00e+00
 1.21108e+13	4.12e-43	2.34e-34	2.92e-26	4.59e-19	1.42e-12	7.83e-07	1.00e+00	1.14e-04	0.00e+00	0.00e+00	0.00e+00	0.00e+00
 1.24940e+13	0.00e+00	3.13e-34	3.72e-26	5.54e-19	1.62e-12	8.41e-07	1.00e+00	1.06e-04	0.00e+00	0.00e+00	0.00e+00	0.00e+00
 1.29141e+13	8.47e-43	4.28e-34	4.80e-26	6.77e-19	1.87e-12	9.07e-07	1.00e+00	9.82e-05	0.00e+00	0.00e+00	0.00e+00	0.00e+00
 1.33855e+13	0.00e+00	5.98e-34	6.33e-26	8.41e-19	2.19e-12	9.86e-07	1.00e+00	9.04e-05	0.00e+00	0.00e+00	0.00e+00	0.00e+00
 1.38338e+13	1.82e-42	8.14e-34	8.15e-26	1.03e-18	2.53e-12	1.06e-06	1.00e+00	8.38e-05	0.00e+00	0.00e+00	0.00e+00	0.00e+00
 1.43270e+13	0.00e+00	1.13e-33	1.07e-25	1.27e-18	2.94e-12	1.15e-06	1.00e+00	7.73e-05	0.00e+00	0.00e+00	0.00e+00	0.00e+00
 1.48815e+13	4.07e-42	1.60e-33	1.43e-25	1.60e-18	3.47e-12	1.26e-06	1.00e+00	7.08e-05	0.00e+00	0.00e+00	0.00e+00	0.00e+00
 1.54112e+13	0.00e+00	2.21e-33	1.86e-25	1.97e-18	4.04e-12	1.37e-06	1.00e+00	6.52e-05	0.00e+00	0.00e+00	0.00e+00	0.00e+00
 1.59935e+13	8.91e-42	3.10e-33	2.47e-25	2.47e-18	4.75e-12	1.49e-06	1.00e+00	5.98e-05	0.00e+00	0.00e+00	0.00e+00	0.00e+00
 1.66140e+13	0.00e+00	4.37e-33	3.29e-25	3.11e-18	5.62e-12	1.64e-06	1.00e+00	5.46e-05	0.00e+00	0.00e+00	0.00e+00	0.00e+00
 1.71589e+13	1.89e-41	5.85e-33	4.19e-25	3.77e-18	6.47e-12	1.77e-06	1.00e+00	5.06e-05	0.00e+00	0.00e+00	0.00e+00	0.00e+00
 1.77397e+13	0.00e+00	7.88e-33	5.38e-25	4.61e-18	7.49e-12	1.92e-06	1.00e+00	4.68e-05	0.00e+00	0.00e+00	0.00e+00	0.00e+00
 1.84444e+13	4.03e-41	1.11e-32	7.18e-25	5.82e-18	8.89e-12	2.11e-06	1.00e+00	4.26e-05	0.00e+00	0.00e+00	0.00e+00	0.00e+00
 1.90590e+13	0.00e+00	1.48e-32	9.15e-25	7.09e-18	1.03e-11	2.28e-06	1.00e+00	3.93e-05	0.00e+00	0.00e+00	0.00e+00	0.00e+00
 1.94812e+13	7.06e-41	1.79e-32	1.08e-24	8.08e-18	1.13e-11	2.41e-06	1.00e+00	3.73e-05	0.00e+00	0.00e+00	0.00e+00	0.00e+00
 1.99039e+13	0.00e+00	2.16e-32	1.26e-24	9.18e-18	1.24e-11	2.53e-06	1.00e+00	3.55e-05	0.00e+00	0.00e+00	0.00e+00	0.00e+00
 2.04534e+13	1.16e-40	2.73e-32	1.54e-24	1.08e-17	1.40e-11	2.71e-06	1.00e+00	3.32e-05	0.00e+00	0.00e+00	0.00e+00	0.00e+00
 2.10714e+13	0.00e+00	3.52e-32	1.90e-24	1.29e-17	1.59e-11	2.91e-06	1.00e+00	3.09e-05	0.00e+00	0.00e+00	0.00e+00	0.00e+00
 2.16569e+13	2.04e-40	4.44e-32	2.32e-24	1.51e-17	1.79e-11	3.12e-06	1.00e+00	2.89e-05	0.00e+00	0.00e+00	0.00e+00	0.00e+00
 2.22964e+13	0.00e+00	5.68e-32	2.86e-24	1.80e-17	2.04e-11	3.34e-06	1.00e+00	2.69e-05	0.00e+00	0.00e+00	0.00e+00	0.00e+00
 2.30103e+13	3.68e-40	7.38e-32	3.59e-24	2.16e-17	2.33e-11	3.61e-06	1.00e+00	2.49e-05	0.00e+00	0.00e+00	0.00e+00	0.00e+00
 2.36785e+13	0.00e+00	9.37e-32	4.40e-24	2.56e-17	2.64e-11	3.88e-06	1.00e+00	2.33e-05	0.00e+00	0.00e+00	0.00e+00	0.00e+00
 2.44045e+13	6.53e-40	1.21e-31	5.46e-24	3.06e-17	3.00e-11	4.17e-06	1.00e+00	2.17e-05	0.00e+00	0.00e+00	0.00e+00	0.00e+00
 2.53260e+13	0.00e+00	1.64e-31	7.11e-24	3.79e-17	3.51e-11	4.56e-06	1.00e+00	1.98e-05	0.00e+00	0.00e+00	0.00e+00	0.00e+00
 2.62531e+13	1.32e-39	2.21e-31	9.17e-24	4.68e-17	4.09e-11	4.97e-06	1.00e+00	1.82e-05	0.00e+00	0.00e+00	0.00e+00	0.00e+00
 2.70273e+13	0.00e+00	2.82e-31	1.13e-23	5.54e-17	4.62e-11	5.32e-06	1.00e+00	1.70e-05	0.00e+00	0.00e+00	0.00e+00	0.00e+00
 2.78516e+13	2.35e-39	3.64e-31	1.40e-23	6.60e-17	5.24e-11	5.70e-06	1.00e+00	1.59e-05	0.00e+00	0.00e+00	0.00e+00	0.00e+00
 2.88988e+13	0.00e+00	4.97e-31	1.82e-23	8.18e-17	6.10e-11	6.21e-06	1.00e+00	1.46e-05	0.00e+00	0.00e+00	0.00e+00	0.00e+00
 3.00248e+13	4.91e-39	6.86e-31	2.40e-23	1.02e-16	7.15e-11	6.79e-06	1.00e+00	1.34e-05	0.00e+00	0.00e+00	0.00e+00	0.00e+00
 3.10403e+13	0.00e+00	9.13e-31	3.05e-23	1.24e-16	8.19e-11	7.32e-06	1.00e+00	1.24e-05	0.00e+00	0.00e+00	0.00e+00	0.00e+00
 3.19158e+13	9.06e-39	1.16e-30	3.73e-23	1.46e-16	9.18e-11	7.79e-06	1.00e+00	1.16e-05	0.00e+00	0.00e+00	0.00e+00	0.00e+00
 3.28468e+13	0.00e+00	1.50e-30	4.62e-23	1.72e-16	1.03e-10	8.30e-06	1.00e+00	1.09e-05	0.00e+00	0.00e+00	0.00e+00	0.00e+00
 3.40555e+13	1.77e-38	2.05e-30	6.01e-23	2.13e-16	1.19e-10	9.00e-06	1.00e+00	1.01e-05	0.00e+00	0.00e+00	0.00e+00	0.00e+00
 3.53080e+13	0.00e+00	2.81e-30	7.84e-23	2.62e-16	1.38e-10	9.74e-06	1.00e+00	9.32e-06	0.00e+00	0.00e+00	0.00e+00	0.00e+00
 3.63648e+13	3.49e-38	3.66e-30	9.76e-23	3.12e-16	1.56e-10	1.04e-05	1.00e+00	8.75e-06	0.00e+00	0.00e+00	0.00e+00	0.00e+00
 3.73365e+13	0.00e+00	4.65e-30	1.19e-22	3.63e-16	1.73e-10	1.10e-05	1.00e+00	8.27e-06	0.00e+00	0.00e+00	0.00e+00	0.00e+00
 3.84524e+13	6.29e-38	6.05e-30	1.48e-22	4.32e-16	1.95e-10	1.17e-05	1.00e+00	7.76e-06	0.00e+00	0.00e+00	0.00e+00	0.00e+00
 3.98797e+13	0.00e+00	8.46e-30	1.95e-22	5.34e-16	2.25e-10	1.26e-05	1.00e+00	7.19e-06	0.00e+00	0.00e+00	0.00e+00	0.00e+00
 4.13609e+13	1.38e-37	1.17e-29	2.56e-22	6.61e-16	2.61e-10	1.37e-05	1.00e+00	6.65e-06	0.00e+00	0.00e+00	0.00e+00	0.00e+00
 4.26302e+13	0.00e+00	1.56e-29	3.22e-22	7.90e-16	2.94e-10	1.46e-05	1.00e+00	6.24e-06	0.00e+00	0.00e+00	0.00e+00	0.00e+00
 4.39750e+13	2.70e-37	2.08e-29	4.08e-22	9.48e-16	3.33e-10	1.55e-05	1.00e+00	5.85e-06	0.00e+00	0.00e+00	0.00e+00	0.00e+00
 4.56448e+13	0.00e+00	2.95e-29	5.42e-22	1.18e-15	3.86e-10	1.68e-05	1.00e+00	5.42e-06	0.00e+00	0.00e+00	0.00e+00	0.00e+00
 4.73715e+13	6.12e-37	4.14e-29	7.18e-22	1.47e-15	4.48e-10	1.82e-05	1.00e+00	5.01e-06	0.00e+00	0.00e+00	0.00e+00	0.00e+00
 4.89257e+13	0.00e+00	5.62e-29	9.20e-22	1.77e-15	5.09e-10	1.94e-05	1.00e+00	4.69e-06	0.00e+00	0.00e+00	0.00e+00	0.00e+00
 5.06210e+13	1.29e-36	7.75e-29	1.20e-21	2.17e-15	5.83e-10	2.08e-05	1.00e+00	4.37e-06	0.00e+00	0.00e+00	0.00e+00	0.00e+00
 5.26258e+13	0.00e+00	1.12e-28	1.61e-21	2.72e-15	6.81e-10	2.25e-05	1.00e+00	4.04e-06	0.00e+00	0.00e+00	0.00e+00	0.00e+00
 5.46122e+13	3.00e-36	1.58e-28	2.14e-21	3.39e-15	7.89e-10	2.44e-05	1.00e+00	3.74e-06	0.00e+00	0.00e+00	0.00e+00	0.00e+00
 5.63762e+13	0.00e+00	2.14e-28	2.74e-21	4.09e-15	8.95e-10	2.60e-05	1.00e+00	3.50e-06	0.00e+00	0.00e+00	0.00e+00	0.00e+00
 5.82716e+13	6.28e-36	2.94e-28	3.54e-21	4.97e-15	1.02e-09	2.78e-05	1.00e+00	3.28e-06	0.00e+00	0.00e+00	0.00e+00	0.00e+00
 6.03954e+13	0.00e+00	4.14e-28	4.67e-21	6.14e-15	1.18e-09	2.99e-05	1.00e+00	3.05e-06	0.00e+00	0.00e+00	0.00e+00	0.00e+00
 6.24037e+13	1.35e-35	5.60e-28	5.99e-21	7.44e-15	1.34e-09	3.20e-05	1.00e+00	2.84e-06	0.00e+00	0.00e+00	0.00e+00	0.00e+00
 6.46022e+13	0.00e+00	7.82e-28	7.85e-21	9.13e-15	1.54e-09	3.44e-05	1.00e+00	2.65e-06	0.00e+00	0.00e+00	0.00e+00	0.00e+00
 6.69140e+13	2.97e-35	1.09e-27	1.03e-20	1.12e-14	1.77e-09	3.70e-05	1.00e+00	2.47e-06	0.00e+00	0.00e+00	0.00e+00	0.00e+00
 6.87751e+13	4.05e-35	1.41e-27	1.27e-20	1.32e-14	1.97e-09	3.91e-05	1.00e+00	2.33e-06	0.00e+00	0.00e+00	0.00e+00	0.00e+00
 7.03554e+13	5.26e-35	1.76e-27	1.52e-20	1.51e-14	2.16e-09	4.10e-05	1.00e+00	2.23e-06	0.00e+00	0.00e+00	0.00e+00	0.00e+00
 7.21690e+13	7.00e-35	2.24e-27	1.85e-20	1.76e-14	2.39e-09	4.32e-05	1.00e+00	2.11e-06	0.00e+00	0.00e+00	0.00e+00	0.00e+00
 7.45267e+13	9.97e-35	3.02e-27	2.37e-20	2.13e-14	2.72e-09	4.62e-05	1.00e+00	1.97e-06	0.00e+00	0.00e+00	0.00e+00	0.00e+00
 7.70022e+13	1.44e-34	4.11e-27	3.04e-20	2.58e-14	3.10e-09	4.94e-05	1.00e+00	1.85e-06	0.00e+00	0.00e+00	0.00e+00	0.00e+00
 7.91245e+13	1.95e-34	5.32e-27	3.75e-20	3.03e-14	3.45e-09	5.22e-05	1.00e+00	1.74e-06	0.00e+00	0.00e+00	0.00e+00	0.00e+00
 8.13768e+13	2.68e-34	6.95e-27	4.67e-20	3.57e-14	3.86e-09	5.54e-05	1.00e+00	1.65e-06	0.00e+00	0.00e+00	0.00e+00	0.00e+00
 8.43047e+13	3.94e-34	9.64e-27	6.12e-20	4.41e-14	4.45e-09	5.96e-05	1.00e+00	1.53e-06	0.00e+00	0.00e+00	0.00e+00	0.00e+00
 8.73163e+13	5.77e-34	1.33e-26	7.99e-20	5.42e-14	5.12e-09	6.42e-05	1.00e+00	1.42e-06	0.00e+00	0.00e+00	0.00e+00	0.00e+00
 8.98094e+13	7.91e-34	1.74e-26	9.94e-20	6.40e-14	5.73e-09	6.81e-05	1.00e+00	1.34e-06	0.00e+00	0.00e+00	0.00e+00	0.00e+00
 9.24232e+13	1.09e-33	2.28e-26	1.24e-19	7.59e-14	6.42e-09	7.22e-05	1.00e+00	1.26e-06	0.00e+00	0.00e+00	0.00e+00	0.00e+00
 9.57936e+13	1.61e-33	3.17e-26	1.63e-19	9.38e-14	7.41e-09	7.79e-05	1.00e+00	1.17e-06	0.00e+00	0.00e+00	0.00e+00	0.00e+00
 9.93338e+13	2.39e-33	4.45e-26	2.15e-19	1.16e-13	8.57e-09	8.41e-05	1.00e+00	1.08e-06	0.00e+00	0.00e+00	0.00e+00	0.00e+00
 1.02418e+14	3.35e-33	5.92e-26	2.73e-19	1.39e-13	9.68e-09	8.96e-05	1.00e+00	1.02e-06	0.00e+00	0.00e+00	0.00e+00	0.00e+00
 1.05722e+14	4.78e-33	7.99e-26	3.48e-19	1.68e-13	1.10e-08	9.58e-05	1.00e+00	9.52e-07	0.00e+00	0.00e+00	0.00e+00	0.00e+00
 1.09756e+14	7.12e-33	1.12e-25	4.63e-19	2.10e-13	1.28e-08	1.04e-04	1.00e+00	0.00e+00	0.00e+00	0.00e+00	0.00e+00	0.00e+00
 1.13780e+14	1.06e-32	1.58e-25	6.11e-19	2.60e-13	1.47e-08	1.12e-04	1.00e+00	0.00e+00	0.00e+00	0.00e+00	0.00e+00	0.00e+00
 1.17327e+14	1.48e-32	2.09e-25	7.72e-19	3.11e-13	1.67e-08	1.19e-04	1.00e+00	0.00e+00	0.00e+00	0.00e+00	0.00e+00	0.00e+00
 1.21216e+14	2.11e-32	2.83e-25	9.91e-19	3.78e-13	1.90e-08	1.28e-04	1.00e+00	0.00e+00	0.00e+00	0.00e+00	0.00e+00	0.00e+00
 1.25897e+14	3.20e-32	4.03e-25	1.33e-18	4.73e-13	2.21e-08	1.38e-04	1.00e+00	0.00e+00	0.00e+00	0.00e+00	0.00e+00	0.00e+00
 1.30584e+14	4.70e-32	5.61e-25	1.75e-18	5.87e-13	2.56e-08	1.50e-04	1.00e+00	0.00e+00	0.00e+00	0.00e+00	0.00e+00	0.00e+00
 1.34824e+14	6.66e-32	7.54e-25	2.24e-18	7.09e-13	2.90e-08	1.60e-04	1.00e+00	0.00e+00	0.00e+00	0.00e+00	0.00e+00	0.00e+00
 1.39508e+14	9.69e-32	1.04e-24	2.92e-18	8.68e-13	3.33e-08	1.72e-04	1.00e+00	0.00e+00	0.00e+00	0.00e+00	0.00e+00	0.00e+00
 1.45014e+14	1.49e-31	1.50e-24	3.93e-18	1.09e-12	3.89e-08	1.86e-04	1.00e+00	0.00e+00	0.00e+00	0.00e+00	0.00e+00	0.00e+00
 1.50496e+14	2.21e-31	2.10e-24	5.23e-18	1.36e-12	4.51e-08	2.01e-04	1.00e+00	0.00e+00	0.00e+00	0.00e+00	0.00e+00	0.00e+00
 1.55195e+14	3.09e-31	2.79e-24	6.63e-18	1.63e-12	5.09e-08	2.15e-04	1.00e+00	0.00e+00	0.00e+00	0.00e+00	0.00e+00	0.00e+00
 1.59009e+14	4.04e-31	3.50e-24	8.00e-18	1.89e-12	5.61e-08	2.26e-04	1.00e+00	0.00e+00	0.00e+00	0.00e+00	0.00e+00	0.00e+00
 1.63005e+14	5.31e-31	4.42e-24	9.70e-18	2.19e-12	6.19e-08	2.38e-04	1.00e+00	0.00e+00	0.00e+00	0.00e+00	0.00e+00	0.00e+00
 1.68200e+14	7.60e-31	5.98e-24	1.24e-17	2.63e-12	7.02e-08	2.54e-04	1.00e+00	0.00e+00	0.00e+00	0.00e+00	0.00e+00	0.00e+00
 1.73652e+14	1.06e-30	8.00e-24	1.59e-17	3.18e-12	7.97e-08	2.71e-04	1.00e+00	0.00e+00	0.00e+00	0.00e+00	0.00e+00	0.00e+00
 1.78278e+14	1.43e-30	1.03e-23	1.95e-17	3.72e-12	8.85e-08	2.86e-04	1.00e+00	0.00e+00	0.00e+00	0.00e+00	0.00e+00	0.00e+00
 1.83135e+14	1.96e-30	1.34e-23	2.42e-17	4.37e-12	9.85e-08	3.02e-04	1.00e+00	0.00e+00	0.00e+00	0.00e+00	0.00e+00	0.00e+00
 1.89448e+14	2.86e-30	1.84e-23	3.14e-17	5.34e-12	1.13e-07	3.24e-04	1.00e+00	0.00e+00	0.00e+00	0.00e+00	0.00e+00	0.00e+00
 1.96007e+14	4.11e-30	2.51e-23	4.08e-17	6.54e-12	1.29e-07	3.48e-04	1.00e+00	0.00e+00	0.00e+00	0.00e+00	0.00e+00	0.00e+00
 2.01514e+14	5.63e-30	3.28e-23	5.08e-17	7.71e-12	1.44e-07	3.68e-04	1.00e+00	0.00e+00	0.00e+00	0.00e+00	0.00e+00	0.00e+00
 2.07299e+14	7.77e-30	4.31e-23	6.35e-17	9.13e-12	1.61e-07	3.89e-04	1.00e+00	0.00e+00	0.00e+00	0.00e+00	0.00e+00	0.00e+00
 2.14796e+14	1.18e-29	6.11e-23	8.42e-17	1.13e-11	1.86e-07	4.18e-04	1.00e+00	0.00e+00	0.00e+00	0.00e+00	0.00e+00	0.00e+00
 2.22708e+14	1.74e-29	8.55e-23	1.12e-16	1.40e-11	2.15e-07	4.50e-04	1.00e+00	0.00e+00	0.00e+00	0.00e+00	0.00e+00	0.00e+00
 2.29596e+14	2.48e-29	1.15e-22	1.42e-16	1.68e-11	2.42e-07	4.78e-04	1.00e+00	0.00e+00	0.00e+00	0.00e+00	0.00e+00	0.00e+00
 2.36960e+14	3.60e-29	1.57e-22	1.83e-16	2.03e-11	2.75e-07	5.09e-04	9.99e-01	0.00e+00	0.00e+00	0.00e+00	0.00e+00	0.00e+00
 2.45959e+14	5.52e-29	2.25e-22	2.46e-16	2.53e-11	3.19e-07	5.48e-04	9.99e-01	0.00e+00	0.00e+00	0.00e+00	0.00e+00	0.00e+00
 2.55116e+14	8.40e-29	3.21e-22	3.29e-16	3.15e-11	3.68e-07	5.90e-04	9.99e-01	0.00e+00	0.00e+00	0.00e+00	0.00e+00	0.00e+00
 2.63415e+14	1.21e-28	4.37e-22	4.24e-16	3.81e-11	4.18e-07	6.29e-04	9.99e-01	0.00e+00	0.00e+00	0.00e+00	0.00e+00	0.00e+00
 2.72565e+14	1.78e-28	6.06e-22	5.57e-16	4.67e-11	4.79e-07	6.73e-04	9.99e-01	0.00e+00	0.00e+00	0.00e+00	0.00e+00	0.00e+00
 2.83307e+14	2.79e-28	8.85e-22	7.59e-16	5.88e-11	5.59e-07	7.26e-04	9.99e-01	0.00e+00	0.00e+00	0.00e+00	0.00e+00	0.00e+00
 2.93933e+14	4.32e-28	1.28e-21	1.02e-15	7.33e-11	6.47e-07	7.80e-04	9.99e-01	0.00e+00	0.00e+00	0.00e+00	0.00e+00	0.00e+00
 3.03911e+14	6.34e-28	1.76e-21	1.33e-15	8.95e-11	7.38e-07	8.33e-04	9.99e-01	0.00e+00	0.00e+00	0.00e+00	0.00e+00	0.00e+00
 3.15025e+14	9.63e-28	2.51e-21	1.77e-15	1.11e-10	8.52e-07	8.94e-04	9.99e-01	0.00e+00	0.00e+00	0.00e+00	0.00e+00	0.00e+00
 3.27656e+14	1.52e-27	3.68e-21	2.43e-15	1.40e-10	9.96e-07	9.66e-04	9.99e-01	0.00e+00	0.00e+00	0.00e+00	0.00e+00	0.00e+00
 3.38304e+14	2.19e-27	5.02e-21	3.14e-15	1.70e-10	1.13e-06	1.03e-03	9.99e-01	0.00e+00	0.00e+00	0.00e+00	0.00e+00	0.00e+00
 3.46030e+14	2.79e-27	6.19e-21	3.76e-15	1.94e-10	1.24e-06	1.08e-03	9.99e-01	0.00e+00	0.00e+00	0.00e+00	0.00e+00	0.00e+00
 3.54120e+14	3.67e-27	7.78e-21	4.53e-15	2.23e-10	1.35e-06	1.12e-03	9.99e-01	0.00e+00	0.00e+00	0.00e+00	0.00e+00	0.00e+00
 3.64637e+14	5.21e-27	1.04e-20	5.73e-15	2.66e-10	1.52e-06	1.19e-03	9.99e-01	0.00e+00	0.00e+00	0.00e+00	0.00e+00	0.00e+00
 3.76305e+14	7.48e-27	1.41e-20	7.38e-15	3.21e-10	1.72e-06	1.27e-03	9.99e-01	0.00e+00	0.00e+00	0.00e+00	0.00e+00	0.00e+00
 3.87163e+14	1.02e-26	1.84e-20	9.25e-15	3.80e-10	1.93e-06	1.34e-03	9.99e-01	0.00e+00	0.00e+00	0.00e+00	0.00e+00	0.00e+00
 3.98968e+14	1.45e-26	2.48e-20	1.18e-14	4.55e-10	2.18e-06	1.42e-03	9.99e-01	0.00e+00	0.00e+00	0.00e+00	0.00e+00	0.00e+00
 4.12250e+14	2.13e-26	3.43e-20	1.53e-14	5.53e-10	2.48e-06	1.52e-03	9.98e-01	0.00e+00	0.00e+00	0.00e+00	0.00e+00	0.00e+00
 4.24877e+14	2.99e-26	4.58e-20	1.95e-14	6.63e-10	2.79e-06	1.61e-03	9.98e-01	0.00e+00	0.00e+00	0.00e+00	0.00e+00	0.00e+00
 4.38717e+14	4.22e-26	6.17e-20	2.51e-14	8.02e-10	3.17e-06	1.71e-03	9.98e-01	0.00e+00	0.00e+00	0.00e+00	0.00e+00	0.00e+00
 4.54085e+14	6.30e-26	8.64e-20	3.32e-14	9.86e-10	3.64e-06	1.83e-03	9.98e-01	0.00e+00	0.00e+00	0.00e+00	0.00e+00	0.00e+00
 4.68535e+14	9.04e-26	1.17e-19	4.26e-14	1.19e-09	4.12e-06	1.95e-03	9.98e-01	0.00e+00	0.00e+00	0.00e+00	0.00e+00	0.00e+00
 4.84414e+14	1.32e-25	1.61e-19	5.56e-14	1.45e-09	4.71e-06	2.09e-03	9.98e-01	0.00e+00	0.00e+00	0.00e+00	0.00e+00	0.00e+00
 5.02065e+14	1.92e-25	2.24e-19	7.37e-14	1.80e-09	5.43e-06	2.24e-03	9.98e-01	0.00e+00	0.00e+00	0.00e+00	0.00e+00	0.00e+00
 5.18419e+14	2.80e-25	3.08e-19	9.54e-14	2.18e-09	6.17e-06	2.39e-03	9.98e-01	0.00e+00	0.00e+00	0.00e+00	0.00e+00	0.00e+00
 5.36080e+14	4.00e-25	4.19e-19	1.24e-13	2.66e-09	7.05e-06	2.55e-03	9.97e-01	0.00e+00	0.00e+00	0.00e+00	0.00e+00	0.00e+00
 5.55815e+14	6.04e-25	5.93e-19	1.66e-13	3.30e-09	8.14e-06	2.74e-03	9.97e-01	0.00e+00	0.00e+00	0.00e+00	0.00e+00	0.00e+00
 5.74295e+14	8.48e-25	7.98e-19	2.14e-13	4.01e-09	9.27e-06	2.93e-03	9.97e-01	0.00e+00	0.00e+00	0.00e+00	0.00e+00	0.00e+00
 5.94367e+14	1.24e-24	1.11e-18	2.81e-13	4.92e-09	1.06e-05	3.14e-03	9.97e-01	0.00e+00	0.00e+00	0.00e+00	0.00e+00	0.00e+00
 6.16747e+14	1.84e-24	1.56e-18	3.76e-13	6.13e-09	1.23e-05	3.39e-03	9.97e-01	0.00e+00	0.00e+00	0.00e+00	0.00e+00	0.00e+00
 6.37616e+14	2.68e-24	2.14e-18	4.90e-13	7.48e-09	1.41e-05	3.62e-03	9.96e-01	0.00e+00	0.00e+00	0.00e+00	0.00e+00	0.00e+00
 6.60235e+14	3.87e-24	2.94e-18	6.43e-13	9.20e-09	1.61e-05	3.89e-03	9.96e-01	0.00e+00	0.00e+00	0.00e+00	0.00e+00	0.00e+00
 6.85302e+14	5.81e-24	4.17e-18	8.63e-13	1.15e-08	1.87e-05	4.19e-03	9.96e-01	0.00e+00	0.00e+00	0.00e+00	0.00e+00	0.00e+00
 7.08729e+14	8.21e-24	5.64e-18	1.12e-12	1.40e-08	2.14e-05	4.50e-03	9.95e-01	0.00e+00	0.00e+00	0.00e+00	0.00e+00	0.00e+00
 7.34286e+14	1.21e-23	7.86e-18	1.48e-12	1.73e-08	2.47e-05	4.83e-03	9.95e-01	0.00e+00	0.00e+00	0.00e+00	0.00e+00	0.00e+00
 7.61479e+14	1.77e-23	1.09e-17	1.97e-12	2.16e-08	2.86e-05	5.21e-03	9.95e-01	0.00e+00	0.00e+00	0.00e+00	0.00e+00	0.00e+00
 7.84628e+14	2.43e-23	1.44e-17	2.49e-12	2.58e-08	3.22e-05	5.54e-03	9.94e-01	0.00e+00	0.00e+00	0.00e+00	0.00e+00	0.00e+00
 8.03860e+14	3.10e-23	1.79e-17	3.00e-12	2.97e-08	3.54e-05	5.83e-03	9.94e-01	0.00e+00	0.00e+00	0.00e+00	0.00e+00	0.00e+00
 8.24248e+14	4.06e-23	2.25e-17	3.65e-12	3.45e-08	3.91e-05	6.14e-03	9.94e-01	0.00e+00	0.00e+00	0.00e+00	0.00e+00	0.00e+00
 8.50752e+14	5.64e-23	3.00e-17	4.67e-12	4.17e-08	4.44e-05	6.56e-03	9.93e-01	0.00e+00	0.00e+00	0.00e+00	0.00e+00	0.00e+00
 8.78050e+14	7.86e-23	4.00e-17	5.98e-12	5.03e-08	5.04e-05	7.00e-03	9.93e-01	0.00e+00	0.00e+00	0.00e+00	0.00e+00	0.00e+00
 9.00716e+14	1.02e-22	5.03e-17	7.28e-12	5.86e-08	5.58e-05	7.38e-03	9.93e-01	0.00e+00	0.00e+00	0.00e+00	0.00e+00	0.00e+00
 9.24517e+14	1.34e-22	6.38e-17	8.92e-12	6.84e-08	6.19e-05	7.79e-03	9.92e-01	0.00e+00	0.00e+00	0.00e+00	0.00e+00	0.00e+00
 9.55460e+14	1.88e-22	8.58e-17	1.15e-11	8.32e-08	7.05e-05	8.35e-03	9.92e-01	0.00e+00	0.00e+00	0.00e+00	0.00e+00	0.00e+00
 9.87520e+14	2.67e-22	1.16e-16	1.49e-11	1.01e-07	8.04e-05	8.94e-03	9.91e-01	0.00e+00	0.00e+00	0.00e+00	0.00e+00	0.00e+00
 1.01445e+15	3.50e-22	1.48e-16	1.83e-11	1.19e-07	8.95e-05	9.45e-03	9.90e-01	0.00e+00	0.00e+00	0.00e+00	0.00e+00	0.00e+00
 1.04286e+15	4.66e-22	1.89e-16	2.27e-11	1.40e-07	9.99e-05	1.00e-02	9.90e-01	0.00e+00	0.00e+00	0.00e+00	0.00e+00	0.00e+00
 1.07980e+15	6.64e-22	2.58e-16	2.97e-11	1.72e-07	1.15e-04	1.08e-02	9.89e-01	0.00e+00	0.00e+00	0.00e+00	0.00e+00	0.00e+00
 1.11830e+15	9.57e-22	3.55e-16	3.90e-11	2.12e-07	1.32e-04	1.16e-02	9.88e-01	0.00e+00	0.00e+00	0.00e+00	0.00e+00	0.00e+00
 1.15124e+15	1.30e-21	4.63e-16	4.88e-11	2.52e-07	1.48e-04	1.23e-02	9.88e-01	0.00e+00	0.00e+00	0.00e+00	0.00e+00	0.00e+00
 1.18647e+15	1.76e-21	6.06e-16	6.16e-11	3.01e-07	1.67e-04	1.31e-02	9.87e-01	0.00e+00	0.00e+00	0.00e+00	0.00e+00	0.00e+00
 1.23052e+15	2.57e-21	8.42e-16	8.16e-11	3.74e-07	1.93e-04	1.41e-02	9.86e-01	0.00e+00	0.00e+00	0.00e+00	0.00e+00	0.00e+00
 1.27606e+15	3.70e-21	1.16e-15	1.08e-10	4.64e-07	2.23e-04	1.53e-02	9.85e-01	0.00e+00	0.00e+00	0.00e+00	0.00e+00	0.00e+00
 1.31656e+15	5.15e-21	1.55e-15	1.37e-10	5.58e-07	2.52e-04	1.63e-02	9.83e-01	0.00e+00	0.00e+00	0.00e+00	0.00e+00	0.00e+00
 1.36053e+15	7.17e-21	2.07e-15	1.77e-10	6.78e-07	2.87e-04	1.74e-02	9.82e-01	0.00e+00	0.00e+00	0.00e+00	0.00e+00	0.00e+00
 1.41311e+15	1.07e-20	2.92e-15	2.37e-10	8.49e-07	3.33e-04	1.89e-02	9.81e-01	0.00e+00	0.00e+00	0.00e+00	0.00e+00	0.00e+00
 1.46518e+15	1.52e-20	4.01e-15	3.13e-10	1.05e-06	3.85e-04	2.04e-02	9.79e-01	0.00e+00	0.00e+00	0.00e+00	0.00e+00	0.00e+00
 1.51241e+15	2.13e-20	5.37e-15	3.99e-10	1.27e-06	4.36e-04	2.18e-02	9.78e-01	0.00e+00	0.00e+00	0.00e+00	0.00e+00	0.00e+00
 1.55283e+15	2.80e-20	6.80e-15	4.88e-10	1.48e-06	4.84e-04	2.31e-02	9.76e-01	0.00e+00	0.00e+00	0.00e+00	0.00e+00	0.00e+00
 1.58697e+15	3.49e-20	8.26e-15	5.76e-10	1.69e-06	5.27e-04	2.41e-02	9.75e-01	0.00e+00	0.00e+00	0.00e+00	0.00e+00	0.00e+00
 1.62520e+15	4.39e-20	1.02e-14	6.92e-10	1.94e-06	5.79e-04	2.54e-02	9.74e-01	0.00e+00	0.00e+00	0.00e+00	0.00e+00	0.00e+00
 1.67489e+15	6.03e-20	1.34e-14	8.71e-10	2.32e-06	6.52e-04	2.70e-02	9.72e-01	0.00e+00	0.00e+00	0.00e+00	0.00e+00	0.00e+00
 1.72651e+15	8.11e-20	1.74e-14	1.10e-09	2.78e-06	7.34e-04	2.89e-02	9.70e-01	0.00e+00	0.00e+00	0.00e+00	0.00e+00	0.00e+00
 1.76962e+15	1.05e-19	2.18e-14	1.33e-09	3.21e-06	8.09e-04	3.04e-02	9.69e-01	0.00e+00	0.00e+00	0.00e+00	0.00e+00	0.00e+00
 1.81465e+15	1.33e-19	2.71e-14	1.61e-09	3.73e-06	8.93e-04	3.20e-02	9.67e-01	0.00e+00	0.00e+00	0.00e+00	0.00e+00	0.00e+00
 1.87318e+15	1.86e-19	3.62e-14	2.04e-09	4.50e-06	1.01e-03	3.43e-02	9.65e-01	0.00e+00	0.00e+00	0.00e+00	0.00e+00	0.00e+00
 1.93368e+15	2.56e-19	4.80e-14	2.60e-09	5.43e-06	1.15e-03	3.67e-02	9.62e-01	0.00e+00	0.00e+00	0.00e+00	0.00e+00	0.00e+00
 1.98401e+15	3.25e-19	5.97e-14	3.17e-09	6.32e-06	1.27e-03	3.87e-02	9.60e-01	0.00e+00	0.00e+00	0.00e+00	0.00e+00	0.00e+00
 2.03670e+15	4.19e-19	7.50e-14	3.86e-09	7.37e-06	1.40e-03	4.09e-02	9.58e-01	0.00e+00	0.00e+00	0.00e+00	0.00e+00	0.00e+00
 2.10520e+15	5.90e-19	1.01e-13	4.95e-09	8.96e-06	1.60e-03	4.40e-02	9.54e-01	0.00e+00	0.00e+00	0.00e+00	0.00e+00	0.00e+00
 2.17659e+15	8.03e-19	1.34e-13	6.39e-09	1.09e-05	1.82e-03	4.72e-02	9.51e-01	0.00e+00	0.00e+00	0.00e+00	0.00e+00	0.00e+00
 2.23738e+15	1.05e-18	1.71e-13	7.87e-09	1.28e-05	2.02e-03	5.00e-02	9.48e-01	0.00e+00	0.00e+00	0.00e+00	0.00e+00	0.00e+00
 2.30205e+15	1.39e-18	2.20e-13	9.76e-09	1.52e-05	2.26e-03	5.32e-02	9.45e-01	0.00e+00	0.00e+00	0.00e+00	0.00e+00	0.00e+00
 2.38540e+15	2.03e-18	3.06e-13	1.28e-08	1.87e-05	2.59e-03	5.74e-02	9.40e-01	0.00e+00	0.00e+00	0.00e+00	0.00e+00	0.00e+00
 2.47223e+15	2.87e-18	4.18e-13	1.67e-08	2.31e-05	2.97e-03	6.20e-02	9.35e-01	0.00e+00	0.00e+00	0.00e+00	0.00e+00	0.00e+00
 2.54713e+15	3.83e-18	5.43e-13	2.10e-08	2.75e-05	3.34e-03	6.60e-02	9.31e-01	0.00e+00	0.00e+00	0.00e+00	0.00e+00	0.00e+00
 2.62728e+15	5.16e-18	7.12e-13	2.65e-08	3.30e-05	3.76e-03	7.06e-02	9.26e-01	0.00e+00	0.00e+00	0.00e+00	0.00e+00	0.00e+00
 2.72605e+15	7.43e-18	9.90e-13	3.52e-08	4.10e-05	4.33e-03	7.63e-02	9.19e-01	0.00e+00	0.00e+00	0.00e+00	0.00e+00	0.00e+00
 2.82632e+15	1.07e-17	1.37e-12	4.62e-08	5.06e-05	4.96e-03	8.24e-02	9.13e-01	0.00e+00	0.00e+00	0.00e+00	0.00e+00	0.00e+00
 2.91503e+15	1.45e-17	1.81e-12	5.85e-08	6.07e-05	5.58e-03	8.80e-02	9.06e-01	0.00e+00	0.00e+00	0.00e+00	0.00e+00	0.00e+00
 3.01140e+15	2.01e-17	2.43e-12	7.50e-08	7.34e-05	6.31e-03	9.41e-02	9.00e-01	0.00e+00	0.00e+00	0.00e+00	0.00e+00	0.00e+00
 3.10639e+15	2.75e-17	3.19e-12	9.50e-08	8.80e-05	7.10e-03	1.00e-01	8.92e-01	0.00e+00	0.00e+00	1.59e-17	8.27e-18	2.80e-18
 3.17785e+15	3.47e-17	3.93e-12	1.13e-07	1.00e-04	7.73e-03	1.05e-01	8.87e-01	0.00e+00	0.00e+00	2.00e-17	1.04e-17	3.53e-18
 3.24902e+15	4.34e-17	4.81e-12	1.34e-07	1.14e-04	8.40e-03	1.10e-01	8.81e-01	0.00e+00	0.00e+00	2.50e-17	1.30e-17	4.39e-18
 3.34155e+15	5.77e-17	6.22e-12	1.66e-07	1.35e-04	9.33e-03	1.17e-01	8.74e-01	0.00e+00	0.00e+00	3.33e-17	1.74e-17	5.83e-18
 3.43991e+15	7.55e-17	7.99e-12	2.07e-07	1.59e-04	1.04e-02	1.23e-01	8.66e-01	0.00e+00	0.00e+00	4.35e-17	2.27e-17	7.61e-18
 3.52570e+15	1.01e-16	1.02e-11	2.51e-07	1.84e-04	1.14e-02	1.30e-01	8.58e-01	0.00e+00	0.00e+00	5.80e-17	3.03e-17	1.01e-17
 3.61710e+15	1.29e-16	1.29e-11	3.05e-07	2.13e-04	1.25e-02	1.37e-01	8.51e-01	0.00e+00	0.00e+00	7.47e-17	3.89e-17	1.30e-17
 3.73592e+15	1.83e-16	1.75e-11	3.92e-07	2.57e-04	1.41e-02	1.46e-01	8.40e-01	0.00e+00	0.00e+00	1.06e-16	5.50e-17	1.83e-17
 3.85604e+15	2.54e-16	2.35e-11	5.00e-07	3.09e-04	1.58e-02	1.55e-01	8.29e-01	0.00e+00	0.00e+00	1.46e-16	7.63e-17	2.53e-17
 3.95232e+15	3.28e-16	2.95e-11	6.04e-07	3.56e-04	1.73e-02	1.62e-01	8.20e-01	0.00e+00	0.00e+00	1.89e-16	9.87e-17	3.27e-17
 4.05193e+15	4.14e-16	3.67e-11	7.32e-07	4.11e-04	1.90e-02	1.70e-01	8.11e-01	0.00e+00	0.00e+00	2.39e-16	1.25e-16	4.12e-17
 4.18142e+15	5.96e-16	5.02e-11	9.34e-07	4.92e-04	2.12e-02	1.81e-01	7.98e-01	0.00e+00	0.00e+00	3.45e-16	1.79e-16	5.92e-17
 4.31824e+15	8.38e-16	6.80e-11	1.20e-06	5.92e-04	2.38e-02	1.92e-01	7.84e-01	0.00e+00	0.00e+00	4.84e-16	2.52e-16	8.31e-17
 4.43722e+15	1.11e-15	8.73e-11	1.48e-06	6.90e-04	2.63e-02	2.01e-01	7.72e-01	0.00e+00	0.00e+00	6.40e-16	3.34e-16	1.10e-16
 4.56454e+15	1.52e-15	1.15e-10	1.84e-06	8.10e-04	2.90e-02	2.11e-01	7.59e-01	0.00e+00	0.00e+00	8.80e-16	4.58e-16	1.51e-16
 4.72925e+15	2.24e-15	1.61e-10	2.41e-06	9.90e-04	3.29e-02	2.25e-01	7.41e-01	0.00e+00	0.00e+00	1.30e-15	6.75e-16	2.22e-16
 4.90097e+15	3.30e-15	2.27e-10	3.18e-06	1.21e-03	3.72e-02	2.38e-01	7.23e-01	0.00e+00	0.00e+00	1.91e-15	9.96e-16	3.26e-16
 5.04866e+15	4.38e-15	2.94e-10	3.98e-06	1.43e-03	4.12e-02	2.50e-01	7.07e-01	0.00e+00	0.00e+00	2.54e-15	1.32e-15	4.33e-16
 5.20673e+15	6.37e-15	4.02e-10	5.06e-06	1.69e-03	4.58e-02	2.63e-01	6.90e-01	0.00e+00	0.00e+00	3.69e-15	1.92e-15	6.29e-16
 5.40200e+15	9.65e-15	5.73e-10	6.71e-06	2.08e-03	5.19e-02	2.78e-01	6.68e-01	0.00e+00	0.00e+00	5.59e-15	2.91e-15	9.52e-16
 5.60093e+15	1.41e-14	8.00e-10	8.83e-06	2.53e-03	5.85e-02	2.93e-01	6.46e-01	0.00e+00	0.00e+00	8.19e-15	4.27e-15	1.40e-15
 5.75247e+15	1.94e-14	1.04e-09	1.08e-05	2.92e-03	6.38e-02	3.04e-01	6.29e-01	0.00e+00	0.00e+00	1.12e-14	5.84e-15	1.91e-15
 5.86343e+15	2.41e-14	1.25e-09	1.25e-05	3.24e-03	6.79e-02	3.12e-01	6.17e-01	0.00e+00	0.00e+00	1.40e-14	7.28e-15	2.38e-15
 5.98399e+15	3.03e-14	1.52e-09	1.46e-05	3.61e-03	7.25e-02	3.21e-01	6.03e-01	0.00e+00	0.00e+00	1.76e-14	9.16e-15	2.99e-15
 6.14072e+15	4.01e-14	1.93e-09	1.77e-05	4.15e-03	7.87e-02	3.31e-01	5.86e-01	0.00e+00	0.00e+00	2.32e-14	1.21e-14	3.95e-15
 6.31408e+15	5.55e-14	2.52e-09	2.19e-05	4.81e-03	8.59e-02	3.43e-01	5.66e-01	0.00e+00	0.00e+00	3.21e-14	1.68e-14	5.47e-15
 6.47237e+15	7.11e-14	3.13e-09	2.62e-05	5.47e-03	9.27e-02	3.53e-01	5.49e-01	0.00e+00	0.00e+00	4.12e-14	2.15e-14	7.00e-15
 6.64144e+15	9.72e-14	4.05e-09	3.19e-05	6.26e-03	1.00e-01	3.63e-01	5.30e-01	0.00e+00	0.00e+00	5.63e-14	2.94e-14	9.58e-15
 6.83222e+15	1.34e-13	5.29e-09	3.93e-05	7.25e-03	1.09e-01	3.74e-01	5.10e-01	0.00e+00	0.00e+00	7.79e-14	4.06e-14	1.32e-14
 7.01138e+15	1.76e-13	6.66e-09	4.76e-05	8.27e-03	1.18e-01	3.83e-01	4.91e-01	0.00e+00	0.00e+00	1.02e-13	5.32e-14	1.73e-14
 7.17914e+15	2.30e-13	8.31e-09	5.66e-05	9.32e-03	1.26e-01	3.92e-01	4.73e-01	0.00e+00	0.00e+00	1.33e-13	6.96e-14	2.26e-14
 7.37191e+15	3.10e-13	1.06e-08	6.88e-05	1.07e-02	1.36e-01	4.00e-01	4.53e-01	0.00e+00	0.00e+00	1.80e-13	9.39e-14	3.05e-14
 7.58895e+15	4.55e-13	1.43e-08	8.52e-05	1.23e-02	1.48e-01	4.10e-01	4.30e-01	0.00e+00	0.00e+00	2.64e-13	1.38e-13	4.48e-14
 7.79344e+15	6.06e-13	1.81e-08	1.03e-04	1.40e-02	1.59e-01	4.17e-01	4.10e-01	0.00e+00	0.00e+00	3.51e-13	1.83e-13	5.96e-14
 8.01519e+15	8.10e-13	2.32e-08	1.26e-04	1.61e-02	1.71e-01	4.24e-01	3.89e-01	0.00e+00	0.00e+00	4.70e-13	2.45e-13	7.96e-14
 8.26202e+15	1.21e-12	3.15e-08	1.57e-04	1.86e-02	1.85e-01	4.31e-01	3.65e-01	0.00e+00	0.00e+00	7.01e-13	3.66e-13	1.19e-13
 8.49115e+15	1.62e-12	4.01e-08	1.91e-04	2.12e-02	1.99e-01	4.35e-01	3.45e-01	0.00e+00	0.00e+00	9.37e-13	4.89e-13	1.59e-13
 8.73871e+15	2.17e-12	5.13e-08	2.34e-04	2.42e-02	2.13e-01	4.39e-01	3.24e-01	0.00e+00	0.00e+00	1.26e-12	6.58e-13	2.13e-13
 9.01371e+15	3.28e-12	7.01e-08	2.92e-04	2.80e-02	2.30e-01	4.42e-01	3.00e-01	0.00e+00	0.00e+00	1.90e-12	9.94e-13	3.22e-13
 9.26974e+15	4.46e-12	9.00e-08	3.55e-04	3.18e-02	2.45e-01	4.43e-01	2.80e-01	0.00e+00	0.00e+00	2.59e-12	1.35e-12	4.38e-13
 9.54793e+15	6.18e-12	1.17e-07	4.36e-04	3.63e-02	2.61e-01	4.43e-01	2.59e-01	0.00e+00	0.00e+00	3.59e-12	1.87e-12	6.07e-13
 9.84949e+15	9.00e-12	1.57e-07	5.42e-04	4.16e-02	2.79e-01	4.42e-01	2.37e-01	0.00e+00	0.00e+00	5.23e-12	2.73e-12	8.83e-13
 1.01230e+16	1.22e-11	2.00e-07	6.53e-04	4.69e-02	2.95e-01	4.38e-01	2.19e-01	0.00e+00	0.00e+00	7.07e-12	3.69e-12	1.20e-12
 1.03777e+16	1.62e-11	2.50e-07	7.74e-04	5.21e-02	3.10e-01	4.34e-01	2.03e-01	0.00e+00	0.00e+00	9.39e-12	4.90e-12	1.59e-12
 1.06160e+16	2.09e-11	3.06e-07	9.04e-04	5.74e-02	3.23e-01	4.30e-01	1.89e-01	0.00e+00	0.00e+00	1.21e-11	6.34e-12	2.05e-12
 1.08755e+16	2.64e-11	3.72e-07	1.06e-03	6.34e-02	3.38e-01	4.24e-01	1.74e-01	0.00e+00	0.00e+00	1.54e-11	8.02e-12	2.59e-12
 1.11547e+16	3.68e-11	4.78e-07	1.27e-03	7.05e-02	3.53e-01	4.16e-01	1.59e-01	0.00e+00	0.00e+00	2.14e-11	1.12e-11	3.61e-12
 1.13965e+16	4.72e-11	5.81e-07	1.47e-03	7.68e-02	3.65e-01	4.09e-01	1.47e-01	0.00e+00	0.00e+00	2.75e-11	1.43e-11	4.63e-12
 1.16478e+16	5.97e-11	7.02e-07	1.70e-03	8.39e-02	3.78e-01	4.01e-01	1.36e-01	0.00e+00	0.00e+00	3.47e-11	1.81e-11	5.85e-12
 1.19287e+16	7.58e-11	8.54e-07	2.00e-03	9.21e-02	3.91e-01	3.91e-01	1.24e-01	0.00e+00	0.00e+00	4.41e-11	2.30e-11	7.43e-12
 1.22042e+16	1.03e-10	1.08e-06	2.34e-03	1.01e-01	4.04e-01	3.80e-01	1.12e-01	0.00e+00	0.00e+00	6.01e-11	3.14e-11	1.01e-11
 1.24657e+16	1.30e-10	1.30e-06	2.70e-03	1.09e-01	4.15e-01	3.70e-01	1.03e-01	0.00e+00	0.00e+00	7.58e-11	3.96e-11	1.28e-11
 1.27522e+16	1.65e-10	1.57e-06	3.16e-03	1.19e-01	4.26e-01	3.58e-01	9.30e-02	0.00e+00	0.00e+00	9.58e-11	5.00e-11	1.62e-11
 1.30707e+16	2.35e-10	2.04e-06	3.77e-03	1.32e-01	4.38e-01	3.44e-01	8.25e-02	0.00e+00	0.00e+00	1.37e-10	7.15e-11	2.31e-11
 1.33549e+16	3.00e-10	2.48e-06	4.37e-03	1.42e-01	4.48e-01	3.31e-01	7.44e-02	0.00e+00	0.00e+00	1.74e-10	9.10e-11	2.94e-11
 1.36487e+16	3.86e-10	3.03e-06	5.09e-03	1.54e-01	4.56e-01	3.17e-01	6.67e-02	0.00e+00	0.00e+00	2.24e-10	1.17e-10	3.79e-11
 1.39719e+16	4.93e-10	3.71e-06	6.00e-03	1.68e-01	4.64e-01	3.02e-01	5.91e-02	0.00e+00	0.00e+00	2.87e-10	1.50e-10	4.84e-11
 1.42679e+16	6.85e-10	4.72e-06	7.01e-03	1.82e-01	4.71e-01	2.88e-01	5.23e-02	0.00e+00	0.00e+00	3.99e-10	2.08e-10	6.73e-11
 1.45377e+16	8.66e-10	5.67e-06	8.04e-03	1.95e-01	4.76e-01	2.75e-01	4.69e-02	0.00e+00	0.00e+00	5.04e-10	2.63e-10	8.50e-11
 1.48388e+16	1.12e-09	6.95e-06	9.39e-03	2.10e-01	4.79e-01	2.60e-01	4.14e-02	0.00e+00	0.00e+00	6.51e-10	3.40e-10	1.10e-10
 1.51690e+16	1.56e-09	8.91e-06	1.11e-02	2.27e-01	4.82e-01	2.44e-01	3.59e-02	0.00e+00	0.00e+00	9.08e-10	4.75e-10	1.53e-10
 1.54647e+16	1.97e-09	1.08e-05	1.29e-02	2.43e-01	4.83e-01	2.30e-01	3.16e-02	0.00e+00	0.00e+00	1.14e-09	5.98e-10	1.93e-10
 1.57235e+16	2.40e-09	1.27e-05	1.47e-02	2.57e-01	4.82e-01	2.17e-01	2.83e-02	0.00e+00	0.00e+00	1.40e-09	7.30e-10	2.36e-10
 1.60069e+16	3.09e-09	1.55e-05	1.71e-02	2.74e-01	4.80e-01	2.03e-01	2.48e-02	0.00e+00	0.00e+00	1.80e-09	9.40e-10	3.04e-10
 1.63087e+16	4.57e-09	2.04e-05	2.02e-02	2.93e-01	4.77e-01	1.88e-01	2.12e-02	0.00e+00	0.00e+00	2.66e-09	1.39e-09	4.49e-10
 1.65587e+16	5.71e-09	2.43e-05	2.30e-02	3.09e-01	4.73e-01	1.77e-01	1.88e-02	0.00e+00	0.00e+00	3.32e-09	1.74e-09	5.62e-10
 1.67714e+16	7.10e-09	2.88e-05	2.58e-02	3.23e-01	4.68e-01	1.67e-01	1.68e-02	0.00e+00	0.00e+00	4.13e-09	2.16e-09	6.99e-10
 1.70116e+16	8.95e-09	3.45e-05	2.96e-02	3.39e-01	4.61e-01	1.55e-01	1.48e-02	0.00e+00	0.00e+00	5.21e-09	2.72e-09	8.81e-10
 1.72732e+16	1.12e-08	4.14e-05	3.42e-02	3.57e-01	4.52e-01	1.43e-01	1.28e-02	0.00e+00	0.00e+00	6.50e-09	3.40e-09	1.10e-09
 1.75075e+16	1.43e-08	5.02e-05	3.91e-02	3.74e-01	4.43e-01	1.33e-01	1.12e-02	0.00e+00	0.00e+00	8.34e-09	4.36e-09	1.41e-09
 1.77143e+16	1.83e-08	6.03e-05	4.43e-02	3.89e-01	4.34e-01	1.24e-01	9.89e-03	0.00e+00	0.00e+00	1.06e-08	5.57e-09	1.80e-09
 1.79090e+16	2.52e-08	7.53e-05	5.03e-02	4.03e-01	4.24e-01	1.14e-01	8.62e-03	0.00e+00	0.00e+00	1.47e-08	7.69e-09	2.49e-09
