#depth	C	C+	C+2	C+3	C+4	C+5	C+6	C[1]	C[2]	C[3]	C+[1]	C+[2]	CO
 1.49634e+10	0.00e+00	0.00e+00	1.23e-29	7.15e-20	1.62e-09	6.94e-04	9.99e-01	0.00e+00	0.00e+00	0.00e+00	0.00e+00	0.00e+00	0.00e+00
 4.54887e+10	0.00e+00	1.33e-39	1.69e-29	9.09e-20	1.90e-09	7.57e-04	9.99e-01	0.00e+00	0.00e+00	0.00e+00	0.00e+00	0.00e+00	0.00e+00
 7.72350e+10	0.00e+00	0.00e+00	2.32e-29	1.15e-19	2.23e-09	8.20e-04	9.99e-01	0.00e+00	0.00e+00	0.00e+00	0.00e+00	0.00e+00	9.16e-212
 1.10251e+11	0.00e+00	2.95e-39	3.19e-29	1.47e-19	2.62e-09	8.87e-04	9.99e-01	0.00e+00	0.00e+00	0.00e+00	0.00e+00	0.00e+00	3.84e-217
 1.41583e+11	0.00e+00	0.00e+00	4.27e-29	1.82e-19	3.03e-09	9.54e-04	9.99e-01	0.00e+00	0.00e+00	0.00e+00	0.00e+00	0.00e+00	5.67e-211
 1.70011e+11	0.00e+00	5.83e-39	5.51e-29	2.21e-19	3.46e-09	1.02e-03	9.99e-01	0.00e+00	0.00e+00	0.00e+00	0.00e+00	0.00e+00	1.86e-216
 2.02046e+11	0.00e+00	0.00e+00	7.31e-29	2.74e-19	3.99e-09	1.09e-03	9.99e-01	0.00e+00	0.00e+00	0.00e+00	0.00e+00	0.00e+00	4.77e-210
 2.39520e+11	0.00e+00	1.23e-38	1.00e-28	3.47e-19	4.68e-09	1.18e-03	9.99e-01	0.00e+00	0.00e+00	0.00e+00	0.00e+00	0.00e+00	6.50e-215
 2.76833e+11	0.00e+00	0.00e+00	1.35e-28	4.35e-19	5.45e-09	1.27e-03	9.99e-01	0.00e+00	0.00e+00	0.00e+00	0.00e+00	0.00e+00	2.29e-267
 3.12430e+11	0.00e+00	2.53e-38	1.79e-28	5.38e-19	6.29e-09	1.36e-03	9.99e-01	0.00e+00	0.00e+00	0.00e+00	0.00e+00	0.00e+00	0.00e+00
 3.51646e+11	0.00e+00	0.00e+00	2.42e-28	6.73e-19	7.32e-09	1.46e-03	9.99e-01	0.00e+00	0.00e+00	0.00e+00	0.00e+00	0.00e+00	0.00e+00
 3.95639e+11	0.00e+00	5.50e-38	3.34e-28	8.60e-19	8.63e-09	1.59e-03	9.98e-01	0.00e+00	0.00e+00	0.00e+00	0.00e+00	0.00e+00	3.90e-165
 4.37811e+11	0.00e+00	0.00e+00	4.50e-28	1.08e-18	1.00e-08	1.71e-03	9.98e-01	0.00e+00	0.00e+00	0.00e+00	0.00e+00	0.00e+00	8.78e-212
 4.76231e+11	0.00e+00	1.11e-37	5.85e-28	1.31e-18	1.15e-08	1.83e-03	9.98e-01	0.00e+00	0.00e+00	0.00e+00	0.00e+00	0.00e+00	4.05e-164
 5.19182e+11	0.00e+00	0.00e+00	7.79e-28	1.63e-18	1.33e-08	1.96e-03	9.98e-01	0.00e+00	0.00e+00	0.00e+00	0.00e+00	0.00e+00	9.43e-223
 5.69291e+11	0.00e+00	2.35e-37	1.07e-27	2.07e-18	1.57e-08	2.12e-03	9.98e-01	0.00e+00	0.00e+00	0.00e+00	0.00e+00	0.00e+00	5.04e-163
 6.18907e+11	0.00e+00	0.00e+00	1.46e-27	2.62e-18	1.83e-08	2.30e-03	9.98e-01	0.00e+00	0.00e+00	0.00e+00	0.00e+00	0.00e+00	2.68e-210
 6.65936e+11	0.00e+00	4.89e-37	1.93e-27	3.24e-18	2.12e-08	2.46e-03	9.98e-01	0.00e+00	0.00e+00	0.00e+00	0.00e+00	0.00e+00	5.78e-162
 7.09613e+11	0.00e+00	0.00e+00	2.49e-27	3.92e-18	2.41e-08	2.62e-03	9.97e-01	0.00e+00	0.00e+00	0.00e+00	0.00e+00	0.00e+00	1.36e-209
 7.56607e+11	0.00e+00	9.34e-37	3.25e-27	4.80e-18	2.77e-08	2.80e-03	9.97e-01	0.00e+00	0.00e+00	0.00e+00	0.00e+00	0.00e+00	4.95e-161
 8.09337e+11	0.00e+00	0.00e+00	4.34e-27	5.96e-18	3.21e-08	3.01e-03	9.97e-01	0.00e+00	0.00e+00	0.00e+00	0.00e+00	0.00e+00	3.97e-209
 8.59513e+11	0.00e+00	1.86e-36	5.67e-27	7.29e-18	3.68e-08	3.21e-03	9.97e-01	0.00e+00	0.00e+00	0.00e+00	0.00e+00	0.00e+00	4.87e-160
 9.14731e+11	9.14e-47	2.65e-36	7.54e-27	9.05e-18	4.26e-08	3.44e-03	9.97e-01	0.00e+00	0.00e+00	0.00e+00	0.00e+00	0.00e+00	3.28e-207
 9.76592e+11	0.00e+00	0.00e+00	1.03e-26	1.14e-17	5.00e-08	3.72e-03	9.96e-01	0.00e+00	0.00e+00	0.00e+00	0.00e+00	0.00e+00	0.00e+00
 1.03547e+12	0.00e+00	5.53e-36	1.36e-26	1.41e-17	5.78e-08	3.99e-03	9.96e-01	0.00e+00	0.00e+00	0.00e+00	0.00e+00	0.00e+00	0.00e+00
 1.09992e+12	3.46e-46	8.06e-36	1.84e-26	1.78e-17	6.76e-08	4.29e-03	9.96e-01	0.00e+00	0.00e+00	0.00e+00	0.00e+00	0.00e+00	2.06e-138
 1.17385e+12	0.00e+00	0.00e+00	2.57e-26	2.29e-17	8.03e-08	4.66e-03	9.95e-01	0.00e+00	0.00e+00	0.00e+00	0.00e+00	0.00e+00	0.00e+00
 1.24608e+12	0.00e+00	1.81e-35	3.53e-26	2.91e-17	9.45e-08	5.04e-03	9.95e-01	0.00e+00	0.00e+00	0.00e+00	0.00e+00	0.00e+00	9.00e-157
 1.32119e+12	1.46e-45	2.68e-35	4.86e-26	3.70e-17	1.11e-07	5.44e-03	9.95e-01	0.00e+00	0.00e+00	0.00e+00	0.00e+00	0.00e+00	5.35e-218
 1.40397e+12	0.00e+00	0.00e+00	6.82e-26	4.78e-17	1.33e-07	5.92e-03	9.94e-01	0.00e+00	0.00e+00	0.00e+00	0.00e+00	0.00e+00	0.00e+00
 1.48811e+12	0.00e+00	6.18e-35	9.50e-26	6.14e-17	1.57e-07	6.42e-03	9.94e-01	0.00e+00	0.00e+00	0.00e+00	0.00e+00	0.00e+00	0.00e+00
 1.56311e+12	6.04e-45	8.81e-35	1.27e-25	7.63e-17	1.83e-07	6.88e-03	9.93e-01	0.00e+00	0.00e+00	0.00e+00	0.00e+00	0.00e+00	2.20e-135
 1.62728e+12	0.00e+00	1.19e-34	1.61e-25	9.15e-17	2.07e-07	7.29e-03	9.93e-01	0.00e+00	0.00e+00	0.00e+00	0.00e+00	0.00e+00	0.00e+00
 1.69882e+12	1.28e-44	1.65e-34	2.10e-25	1.12e-16	2.37e-07	7.77e-03	9.92e-01	0.00e+00	0.00e+00	0.00e+00	0.00e+00	0.00e+00	1.36e-134
 1.78900e+12	0.00e+00	2.45e-34	2.89e-25	1.42e-16	2.79e-07	8.40e-03	9.92e-01	0.00e+00	0.00e+00	0.00e+00	0.00e+00	0.00e+00	0.00e+00
 1.88152e+12	3.31e-44	3.64e-34	3.97e-25	1.81e-16	3.29e-07	9.07e-03	9.91e-01	0.00e+00	0.00e+00	0.00e+00	0.00e+00	0.00e+00	1.35e-133
 1.96144e+12	0.00e+00	5.10e-34	5.20e-25	2.22e-16	3.78e-07	9.68e-03	9.90e-01	0.00e+00	0.00e+00	0.00e+00	0.00e+00	0.00e+00	0.00e+00
 2.04687e+12	7.52e-44	7.23e-34	6.89e-25	2.74e-16	4.37e-07	1.04e-02	9.90e-01	0.00e+00	0.00e+00	0.00e+00	0.00e+00	0.00e+00	9.74e-133
 2.15203e+12	0.00e+00	1.10e-33	9.65e-25	3.53e-16	5.20e-07	1.12e-02	9.89e-01	0.00e+00	0.00e+00	0.00e+00	0.00e+00	0.00e+00	0.00e+00
 2.25789e+12	2.03e-43	1.65e-33	1.34e-24	4.52e-16	6.16e-07	1.22e-02	9.88e-01	0.00e+00	0.00e+00	0.00e+00	0.00e+00	0.00e+00	1.06e-131
 2.35086e+12	0.00e+00	2.36e-33	1.79e-24	5.61e-16	7.13e-07	1.30e-02	9.87e-01	0.00e+00	0.00e+00	0.00e+00	0.00e+00	0.00e+00	0.00e+00
 2.45201e+12	4.83e-43	3.42e-33	2.41e-24	7.02e-16	8.32e-07	1.40e-02	9.86e-01	0.00e+00	0.00e+00	0.00e+00	0.00e+00	0.00e+00	8.43e-131
 2.57433e+12	0.00e+00	5.34e-33	3.44e-24	9.18e-16	9.98e-07	1.52e-02	9.85e-01	0.00e+00	0.00e+00	0.00e+00	0.00e+00	0.00e+00	0.00e+00
 2.69494e+12	1.37e-42	8.16e-33	4.85e-24	1.19e-15	1.19e-06	1.65e-02	9.83e-01	0.00e+00	0.00e+00	0.00e+00	0.00e+00	0.00e+00	1.01e-129
 2.80058e+12	0.00e+00	1.18e-32	6.50e-24	1.48e-15	1.38e-06	1.77e-02	9.82e-01	0.00e+00	0.00e+00	0.00e+00	0.00e+00	0.00e+00	0.00e+00
 2.91603e+12	3.40e-42	1.74e-32	8.90e-24	1.87e-15	1.62e-06	1.91e-02	9.81e-01	0.00e+00	0.00e+00	0.00e+00	0.00e+00	0.00e+00	8.66e-129
 3.05587e+12	0.00e+00	2.76e-32	1.29e-23	2.47e-15	1.96e-06	2.08e-02	9.79e-01	0.00e+00	0.00e+00	0.00e+00	0.00e+00	0.00e+00	0.00e+00
 3.19642e+12	1.02e-41	4.33e-32	1.86e-23	3.24e-15	2.35e-06	2.27e-02	9.77e-01	0.00e+00	0.00e+00	0.00e+00	0.00e+00	0.00e+00	1.15e-127
 3.32344e+12	0.00e+00	6.45e-32	2.56e-23	4.12e-15	2.77e-06	2.45e-02	9.76e-01	0.00e+00	0.00e+00	0.00e+00	0.00e+00	0.00e+00	0.00e+00
 3.46389e+12	2.76e-41	9.91e-32	3.62e-23	5.34e-15	3.30e-06	2.66e-02	9.73e-01	0.00e+00	0.00e+00	0.00e+00	0.00e+00	0.00e+00	1.18e-126
 3.62910e+12	0.00e+00	1.62e-31	5.37e-23	7.18e-15	4.03e-06	2.91e-02	9.71e-01	0.00e+00	0.00e+00	0.00e+00	0.00e+00	0.00e+00	0.00e+00
 3.79276e+12	8.76e-41	2.59e-31	7.85e-23	9.53e-15	4.88e-06	3.19e-02	9.68e-01	0.00e+00	0.00e+00	0.00e+00	0.00e+00	0.00e+00	1.77e-125
 3.94650e+12	0.00e+00	3.98e-31	1.11e-22	1.23e-14	5.81e-06	3.46e-02	9.65e-01	0.00e+00	0.00e+00	0.00e+00	0.00e+00	0.00e+00	0.00e+00
 4.08600e+12	2.31e-40	5.81e-31	1.50e-22	1.55e-14	6.78e-06	3.71e-02	9.63e-01	0.00e+00	0.00e+00	0.00e+00	0.00e+00	0.00e+00	1.69e-124
 4.21248e+12	0.00e+00	8.12e-31	1.97e-22	1.89e-14	7.76e-06	3.95e-02	9.60e-01	0.00e+00	0.00e+00	0.00e+00	0.00e+00	0.00e+00	0.00e+00
 4.35709e+12	5.38e-40	1.18e-30	2.66e-22	2.37e-14	9.02e-06	4.24e-02	9.58e-01	0.00e+00	0.00e+00	0.00e+00	0.00e+00	0.00e+00	1.22e-123
 4.54257e+12	0.00e+00	1.86e-30	3.85e-22	3.12e-14	1.09e-05	4.62e-02	9.54e-01	0.00e+00	0.00e+00	0.00e+00	0.00e+00	0.00e+00	0.00e+00
 4.72514e+12	1.58e-39	2.88e-30	5.47e-22	4.06e-14	1.30e-05	5.02e-02	9.50e-01	0.00e+00	0.00e+00	0.00e+00	0.00e+00	0.00e+00	1.49e-122
 4.86775e+12	0.00e+00	4.00e-30	7.14e-22	4.96e-14	1.48e-05	5.34e-02	9.47e-01	0.00e+00	0.00e+00	0.00e+00	0.00e+00	0.00e+00	0.00e+00
 5.01444e+12	3.48e-39	5.56e-30	9.31e-22	6.04e-14	1.69e-05	5.67e-02	9.43e-01	0.00e+00	0.00e+00	0.00e+00	0.00e+00	0.00e+00	9.37e-122
 5.20514e+12	0.00e+00	8.41e-30	1.30e-21	7.76e-14	2.00e-05	6.13e-02	9.39e-01	0.00e+00	0.00e+00	0.00e+00	0.00e+00	0.00e+00	0.00e+00
 5.40656e+12	9.45e-39	1.28e-29	1.83e-21	1.00e-13	2.37e-05	6.63e-02	9.34e-01	0.00e+00	0.00e+00	0.00e+00	0.00e+00	0.00e+00	9.67e-121
 5.58033e+12	0.00e+00	1.82e-29	2.42e-21	1.23e-13	2.73e-05	7.08e-02	9.29e-01	0.00e+00	0.00e+00	0.00e+00	0.00e+00	0.00e+00	0.00e+00
 5.76464e+12	2.21e-38	2.60e-29	3.24e-21	1.53e-13	3.15e-05	7.56e-02	9.24e-01	0.00e+00	0.00e+00	0.00e+00	0.00e+00	0.00e+00	7.03e-120
 6.00116e+12	0.00e+00	4.04e-29	4.63e-21	2.00e-13	3.77e-05	8.21e-02	9.18e-01	0.00e+00	0.00e+00	0.00e+00	0.00e+00	0.00e+00	0.00e+00
 6.24215e+12	6.30e-38	6.23e-29	6.57e-21	2.60e-13	4.48e-05	8.89e-02	9.11e-01	0.00e+00	0.00e+00	0.00e+00	0.00e+00	0.00e+00	8.22e-119
 6.44283e+12	0.00e+00	8.80e-29	8.69e-21	3.20e-13	5.15e-05	9.47e-02	9.05e-01	0.00e+00	0.00e+00	0.00e+00	0.00e+00	0.00e+00	0.00e+00
 6.65449e+12	1.46e-37	1.25e-28	1.16e-20	3.97e-13	5.93e-05	1.01e-01	8.99e-01	0.00e+00	0.00e+00	0.00e+00	0.00e+00	0.00e+00	5.89e-118
 6.92458e+12	0.00e+00	1.93e-28	1.64e-20	5.15e-13	7.05e-05	1.09e-01	8.91e-01	0.00e+00	0.00e+00	0.00e+00	0.00e+00	0.00e+00	0.00e+00
 7.20540e+12	4.10e-37	2.97e-28	2.32e-20	6.68e-13	8.37e-05	1.18e-01	8.82e-01	0.00e+00	0.00e+00	0.00e+00	0.00e+00	0.00e+00	6.77e-117
 7.45034e+12	0.00e+00	4.26e-28	3.11e-20	8.31e-13	9.66e-05	1.26e-01	8.74e-01	0.00e+00	0.00e+00	0.00e+00	0.00e+00	0.00e+00	6.65e-101
 7.71385e+12	9.91e-37	6.20e-28	4.22e-20	1.04e-12	1.12e-04	1.35e-01	8.65e-01	0.00e+00	0.00e+00	0.00e+00	0.00e+00	0.00e+00	0.00e+00
 8.03501e+12	0.00e+00	9.61e-28	6.01e-20	1.36e-12	1.33e-04	1.46e-01	8.54e-01	0.00e+00	0.00e+00	0.00e+00	0.00e+00	0.00e+00	2.02e-132
 8.36206e+12	2.80e-36	1.47e-27	8.50e-20	1.76e-12	1.58e-04	1.57e-01	8.43e-01	0.00e+00	0.00e+00	0.00e+00	0.00e+00	0.00e+00	3.37e-98
 8.66257e+12	0.00e+00	2.15e-27	1.15e-19	2.20e-12	1.83e-04	1.68e-01	8.32e-01	0.00e+00	0.00e+00	0.00e+00	0.00e+00	0.00e+00	0.00e+00
 8.94504e+12	6.61e-36	3.02e-27	1.52e-19	2.71e-12	2.09e-04	1.78e-01	8.22e-01	0.00e+00	0.00e+00	0.00e+00	0.00e+00	0.00e+00	4.99e-114
 9.21343e+12	0.00e+00	4.14e-27	1.96e-19	3.27e-12	2.37e-04	1.88e-01	8.12e-01	0.00e+00	0.00e+00	0.00e+00	0.00e+00	0.00e+00	1.72e-98
 9.46614e+12	1.36e-35	5.52e-27	2.47e-19	3.89e-12	2.65e-04	1.97e-01	8.02e-01	0.00e+00	0.00e+00	0.00e+00	0.00e+00	0.00e+00	0.00e+00
 9.74467e+12	0.00e+00	7.49e-27	3.17e-19	4.67e-12	2.98e-04	2.08e-01	7.92e-01	0.00e+00	0.00e+00	0.00e+00	0.00e+00	0.00e+00	1.24e-129
 1.00544e+13	2.92e-35	1.04e-26	4.14e-19	5.70e-12	3.39e-04	2.19e-01	7.80e-01	0.00e+00	0.00e+00	0.00e+00	0.00e+00	0.00e+00	4.10e-96
 1.03437e+13	0.00e+00	1.41e-26	5.27e-19	6.82e-12	3.80e-04	2.31e-01	7.69e-01	0.00e+00	0.00e+00	0.00e+00	0.00e+00	0.00e+00	8.99e-129
 1.06591e+13	6.09e-35	1.93e-26	6.80e-19	8.24e-12	4.29e-04	2.43e-01	7.57e-01	0.00e+00	0.00e+00	0.00e+00	0.00e+00	0.00e+00	1.86e-95
 1.10112e+13	9.17e-35	2.71e-26	8.97e-19	1.01e-11	4.90e-04	2.56e-01	7.43e-01	0.00e+00	0.00e+00	0.00e+00	0.00e+00	0.00e+00	2.74e-111
 1.13428e+13	1.33e-34	3.70e-26	1.15e-18	1.22e-11	5.51e-04	2.69e-01	7.30e-01	0.00e+00	0.00e+00	0.00e+00	0.00e+00	0.00e+00	9.23e-95
 1.17054e+13	1.97e-34	5.14e-26	1.50e-18	1.48e-11	6.25e-04	2.84e-01	7.16e-01	0.00e+00	0.00e+00	0.00e+00	0.00e+00	0.00e+00	1.74e-110
 1.21108e+13	3.02e-34	7.34e-26	2.01e-18	1.84e-11	7.15e-04	3.00e-01	7.00e-01	0.00e+00	0.00e+00	0.00e+00	0.00e+00	0.00e+00	4.97e-94
 1.24940e+13	4.46e-34	1.02e-25	2.61e-18	2.23e-11	8.08e-04	3.15e-01	6.84e-01	0.00e+00	0.00e+00	0.00e+00	0.00e+00	0.00e+00	1.25e-109
 1.29141e+13	6.73e-34	1.43e-25	3.45e-18	2.74e-11	9.19e-04	3.31e-01	6.68e-01	0.00e+00	0.00e+00	0.00e+00	0.00e+00	0.00e+00	2.57e-93
 1.33855e+13	1.05e-33	2.08e-25	4.66e-18	3.42e-11	1.06e-03	3.50e-01	6.49e-01	0.00e+00	0.00e+00	0.00e+00	0.00e+00	0.00e+00	1.00e-108
 1.38338e+13	1.58e-33	2.93e-25	6.15e-18	4.19e-11	1.20e-03	3.67e-01	6.32e-01	0.00e+00	0.00e+00	0.00e+00	0.00e+00	0.00e+00	1.48e-92
 1.43270e+13	2.44e-33	4.20e-25	8.24e-18	5.20e-11	1.37e-03	3.86e-01	6.13e-01	0.00e+00	0.00e+00	0.00e+00	0.00e+00	0.00e+00	7.75e-108
 1.48815e+13	3.90e-33	6.21e-25	1.13e-17	6.57e-11	1.59e-03	4.07e-01	5.91e-01	0.00e+00	0.00e+00	0.00e+00	0.00e+00	0.00e+00	9.36e-92
 1.54112e+13	5.99e-33	8.90e-25	1.52e-17	8.15e-11	1.81e-03	4.27e-01	5.71e-01	0.00e+00	0.00e+00	0.00e+00	0.00e+00	0.00e+00	6.94e-107
 1.59935e+13	9.43e-33	1.30e-24	2.07e-17	1.02e-10	2.08e-03	4.49e-01	5.49e-01	0.00e+00	0.00e+00	0.00e+00	0.00e+00	0.00e+00	5.69e-91
 1.66140e+13	1.50e-32	1.92e-24	2.84e-17	1.29e-10	2.39e-03	4.71e-01	5.27e-01	0.00e+00	0.00e+00	0.00e+00	0.00e+00	0.00e+00	6.57e-106
 1.71589e+13	2.23e-32	2.67e-24	3.71e-17	1.57e-10	2.69e-03	4.90e-01	5.07e-01	0.00e+00	0.00e+00	0.00e+00	0.00e+00	0.00e+00	3.26e-90
 1.77397e+13	3.32e-32	3.73e-24	4.88e-17	1.92e-10	3.04e-03	5.10e-01	4.87e-01	0.00e+00	0.00e+00	0.00e+00	0.00e+00	0.00e+00	4.60e-105
 1.84444e+13	5.31e-32	5.53e-24	6.73e-17	2.43e-10	3.49e-03	5.33e-01	4.64e-01	0.00e+00	0.00e+00	0.00e+00	0.00e+00	0.00e+00	1.91e-89
 1.90590e+13	7.88e-32	7.71e-24	8.84e-17	2.96e-10	3.93e-03	5.52e-01	4.44e-01	0.00e+00	0.00e+00	0.00e+00	0.00e+00	0.00e+00	3.83e-104
 1.94812e+13	1.02e-31	9.58e-24	1.06e-16	3.37e-10	4.24e-03	5.65e-01	4.31e-01	0.00e+00	0.00e+00	0.00e+00	0.00e+00	0.00e+00	7.14e-89
 1.99039e+13	1.31e-31	1.18e-23	1.25e-16	3.82e-10	4.57e-03	5.77e-01	4.18e-01	0.00e+00	0.00e+00	0.00e+00	0.00e+00	0.00e+00	1.36e-103
 2.04534e+13	1.81e-31	1.55e-23	1.57e-16	4.49e-10	5.02e-03	5.93e-01	4.02e-01	0.00e+00	0.00e+00	0.00e+00	0.00e+00	0.00e+00	2.28e-88
 2.10714e+13	2.56e-31	2.08e-23	1.99e-16	5.36e-10	5.56e-03	6.10e-01	3.84e-01	0.00e+00	0.00e+00	0.00e+00	0.00e+00	0.00e+00	7.13e-103
 2.16569e+13	3.52e-31	2.71e-23	2.48e-16	6.29e-10	6.10e-03	6.26e-01	3.68e-01	0.00e+00	0.00e+00	0.00e+00	0.00e+00	0.00e+00	8.74e-88
 2.22964e+13	4.91e-31	3.59e-23	3.12e-16	7.43e-10	6.71e-03	6.41e-01	3.52e-01	0.00e+00	0.00e+00	0.00e+00	0.00e+00	0.00e+00	3.62e-102
 2.30103e+13	7.04e-31	4.86e-23	4.01e-16	8.92e-10	7.45e-03	6.58e-01	3.34e-01	0.00e+00	0.00e+00	0.00e+00	0.00e+00	0.00e+00	3.56e-87
 2.36785e+13	9.72e-31	6.38e-23	5.02e-16	1.05e-09	8.17e-03	6.73e-01	3.19e-01	0.00e+00	0.00e+00	0.00e+00	0.00e+00	0.00e+00	2.00e-101
 2.44045e+13	1.36e-30	8.46e-23	6.33e-16	1.24e-09	8.98e-03	6.88e-01	3.03e-01	0.00e+00	0.00e+00	0.00e+00	0.00e+00	0.00e+00	1.37e-86
 2.53260e+13	2.05e-30	1.19e-22	8.39e-16	1.52e-09	1.01e-02	7.05e-01	2.85e-01	0.00e+00	0.00e+00	0.00e+00	0.00e+00	0.00e+00	1.33e-100
 2.62531e+13	3.03e-30	1.66e-22	1.10e-15	1.86e-09	1.13e-02	7.22e-01	2.67e-01	0.00e+00	0.00e+00	0.00e+00	0.00e+00	0.00e+00	7.10e-86
 2.70273e+13	4.15e-30	2.16e-22	1.37e-15	2.17e-09	1.23e-02	7.34e-01	2.54e-01	0.00e+00	0.00e+00	0.00e+00	0.00e+00	0.00e+00	8.10e-100
 2.78516e+13	5.71e-30	2.82e-22	1.70e-15	2.53e-09	1.34e-02	7.46e-01	2.41e-01	0.00e+00	0.00e+00	0.00e+00	0.00e+00	0.00e+00	2.68e-85
 2.88988e+13	8.45e-30	3.92e-22	2.22e-15	3.06e-09	1.48e-02	7.60e-01	2.25e-01	0.00e+00	0.00e+00	0.00e+00	0.00e+00	0.00e+00	5.15e-99
 3.00248e+13	1.26e-29	5.48e-22	2.91e-15	3.73e-09	1.65e-02	7.74e-01	2.10e-01	0.00e+00	0.00e+00	0.00e+00	0.00e+00	0.00e+00	1.44e-84
 3.10403e+13	1.78e-29	7.32e-22	3.68e-15	4.40e-09	1.81e-02	7.85e-01	1.97e-01	0.00e+00	0.00e+00	0.00e+00	0.00e+00	0.00e+00	3.66e-98
 3.19158e+13	2.38e-29	9.29e-22	4.46e-15	5.04e-09	1.94e-02	7.93e-01	1.87e-01	0.00e+00	0.00e+00	0.00e+00	0.00e+00	0.00e+00	5.64e-84
 3.28468e+13	3.19e-29	1.19e-21	5.41e-15	5.78e-09	2.09e-02	8.01e-01	1.78e-01	0.00e+00	0.00e+00	0.00e+00	0.00e+00	0.00e+00	1.72e-97
 3.40555e+13	4.62e-29	1.61e-21	6.92e-15	6.88e-09	2.30e-02	8.11e-01	1.66e-01	0.00e+00	0.00e+00	0.00e+00	0.00e+00	0.00e+00	2.43e-83
 3.53080e+13	6.68e-29	2.18e-21	8.82e-15	8.16e-09	2.52e-02	8.20e-01	1.55e-01	0.00e+00	0.00e+00	0.00e+00	0.00e+00	0.00e+00	1.24e-96
 3.63648e+13	9.00e-29	2.79e-21	1.07e-14	9.35e-09	2.70e-02	8.26e-01	1.47e-01	0.00e+00	0.00e+00	0.00e+00	0.00e+00	0.00e+00	1.06e-82
 3.73365e+13	1.17e-28	3.48e-21	1.27e-14	1.05e-08	2.88e-02	8.32e-01	1.39e-01	0.00e+00	0.00e+00	0.00e+00	0.00e+00	0.00e+00	5.69e-96
 3.84524e+13	1.58e-28	4.44e-21	1.54e-14	1.21e-08	3.09e-02	8.37e-01	1.32e-01	0.00e+00	0.00e+00	0.00e+00	0.00e+00	0.00e+00	3.75e-82
 3.98797e+13	2.27e-28	5.98e-21	1.95e-14	1.42e-08	3.36e-02	8.43e-01	1.23e-01	0.00e+00	0.00e+00	0.00e+00	0.00e+00	0.00e+00	3.44e-95
 4.13609e+13	3.27e-28	8.07e-21	2.47e-14	1.67e-08	3.66e-02	8.49e-01	1.14e-01	0.00e+00	0.00e+00	0.00e+00	0.00e+00	0.00e+00	1.97e-81
 4.26302e+13	4.42e-28	1.03e-20	2.99e-14	1.90e-08	3.92e-02	8.53e-01	1.08e-01	0.00e+00	0.00e+00	0.00e+00	0.00e+00	0.00e+00	2.12e-94
 4.39750e+13	6.02e-28	1.33e-20	3.63e-14	2.18e-08	4.20e-02	8.56e-01	1.02e-01	0.00e+00	0.00e+00	0.00e+00	0.00e+00	0.00e+00	8.03e-81
 4.56448e+13	8.71e-28	1.79e-20	4.58e-14	2.55e-08	4.56e-02	8.60e-01	9.44e-02	0.00e+00	0.00e+00	0.00e+00	0.00e+00	0.00e+00	1.38e-93
 4.73715e+13	1.26e-27	2.42e-20	5.78e-14	2.99e-08	4.95e-02	8.63e-01	8.76e-02	0.00e+00	0.00e+00	0.00e+00	0.00e+00	0.00e+00	4.40e-80
 4.89257e+13	1.73e-27	3.13e-20	7.05e-14	3.43e-08	5.30e-02	8.65e-01	8.22e-02	0.00e+00	0.00e+00	0.00e+00	0.00e+00	0.00e+00	9.16e-93
 5.06210e+13	2.42e-27	4.11e-20	8.69e-14	3.95e-08	5.69e-02	8.66e-01	7.67e-02	0.00e+00	0.00e+00	0.00e+00	0.00e+00	0.00e+00	2.03e-79
 5.26258e+13	3.55e-27	5.61e-20	1.10e-13	4.64e-08	6.17e-02	8.67e-01	7.10e-02	0.00e+00	0.00e+00	0.00e+00	0.00e+00	0.00e+00	6.74e-92
 5.46122e+13	5.10e-27	7.53e-20	1.39e-13	5.42e-08	6.68e-02	8.68e-01	6.57e-02	0.00e+00	0.00e+00	0.00e+00	0.00e+00	0.00e+00	1.16e-78
 5.63762e+13	6.96e-27	9.68e-20	1.68e-13	6.17e-08	7.12e-02	8.67e-01	6.15e-02	0.00e+00	0.00e+00	0.00e+00	0.00e+00	0.00e+00	4.41e-91
 5.82716e+13	9.62e-27	1.26e-19	2.05e-13	7.06e-08	7.61e-02	8.66e-01	5.75e-02	0.00e+00	0.00e+00	0.00e+00	0.00e+00	0.00e+00	5.20e-78
 6.03954e+13	1.36e-26	1.67e-19	2.54e-13	8.16e-08	8.18e-02	8.65e-01	5.33e-02	0.00e+00	0.00e+00	0.00e+00	0.00e+00	0.00e+00	2.90e-90
 6.24037e+13	1.87e-26	2.16e-19	3.10e-13	9.33e-08	8.74e-02	8.63e-01	4.97e-02	0.00e+00	0.00e+00	0.00e+00	0.00e+00	0.00e+00	2.50e-77
 6.46022e+13	2.63e-26	2.83e-19	3.81e-13	1.07e-07	9.34e-02	8.60e-01	4.62e-02	0.00e+00	0.00e+00	0.00e+00	0.00e+00	0.00e+00	1.82e-89
 6.69140e+13	3.69e-26	3.73e-19	4.70e-13	1.23e-07	1.00e-01	8.57e-01	4.28e-02	0.00e+00	0.00e+00	0.00e+00	0.00e+00	0.00e+00	1.24e-76
 6.87751e+13	4.81e-26	4.62e-19	5.54e-13	1.38e-07	1.06e-01	8.54e-01	4.03e-02	0.00e+00	0.00e+00	0.00e+00	0.00e+00	0.00e+00	2.34e-76
 7.03554e+13	6.00e-26	5.52e-19	6.34e-13	1.51e-07	1.10e-01	8.51e-01	3.83e-02	0.00e+00	0.00e+00	0.00e+00	0.00e+00	0.00e+00	3.95e-76
 7.21690e+13	7.66e-26	6.73e-19	7.37e-13	1.67e-07	1.16e-01	8.48e-01	3.62e-02	0.00e+00	0.00e+00	0.00e+00	0.00e+00	0.00e+00	7.07e-76
 7.45267e+13	1.04e-25	8.64e-19	8.93e-13	1.90e-07	1.23e-01	8.43e-01	3.37e-02	0.00e+00	0.00e+00	0.00e+00	0.00e+00	0.00e+00	1.46e-75
 7.70022e+13	1.43e-25	1.11e-18	1.08e-12	2.16e-07	1.31e-01	8.38e-01	3.13e-02	0.00e+00	0.00e+00	0.00e+00	0.00e+00	0.00e+00	3.07e-75
 7.91245e+13	1.85e-25	1.37e-18	1.27e-12	2.40e-07	1.38e-01	8.33e-01	2.94e-02	0.00e+00	0.00e+00	0.00e+00	0.00e+00	0.00e+00	5.71e-75
 8.13768e+13	2.42e-25	1.71e-18	1.50e-12	2.68e-07	1.45e-01	8.27e-01	2.76e-02	0.00e+00	0.00e+00	0.00e+00	0.00e+00	0.00e+00	1.09e-74
 8.43047e+13	3.39e-25	2.24e-18	1.85e-12	3.08e-07	1.55e-01	8.20e-01	2.54e-02	0.00e+00	0.00e+00	0.00e+00	0.00e+00	0.00e+00	2.40e-74
 8.73163e+13	4.72e-25	2.93e-18	2.28e-12	3.54e-07	1.65e-01	8.12e-01	2.33e-02	0.00e+00	0.00e+00	0.00e+00	0.00e+00	0.00e+00	5.25e-74
 8.98094e+13	6.17e-25	3.64e-18	2.68e-12	3.94e-07	1.73e-01	8.05e-01	2.18e-02	0.00e+00	0.00e+00	0.00e+00	0.00e+00	0.00e+00	9.94e-74
 9.24232e+13	8.09e-25	4.52e-18	3.17e-12	4.40e-07	1.82e-01	7.97e-01	2.04e-02	0.00e+00	0.00e+00	0.00e+00	0.00e+00	0.00e+00	1.90e-73
 9.57936e+13	1.13e-24	5.94e-18	3.90e-12	5.06e-07	1.94e-01	7.87e-01	1.86e-02	0.00e+00	0.00e+00	0.00e+00	0.00e+00	0.00e+00	4.22e-73
 9.93338e+13	1.59e-24	7.82e-18	4.82e-12	5.81e-07	2.07e-01	7.76e-01	1.70e-02	0.00e+00	0.00e+00	0.00e+00	0.00e+00	0.00e+00	9.48e-73
 1.02418e+14	2.12e-24	9.85e-18	5.74e-12	6.52e-07	2.18e-01	7.67e-01	1.58e-02	0.00e+00	0.00e+00	0.00e+00	0.00e+00	0.00e+00	1.88e-72
 1.05722e+14	2.85e-24	1.25e-17	6.89e-12	7.34e-07	2.29e-01	7.56e-01	1.46e-02	0.00e+00	0.00e+00	0.00e+00	0.00e+00	0.00e+00	3.84e-72
 1.09756e+14	4.02e-24	1.65e-17	8.54e-12	8.46e-07	2.44e-01	7.43e-01	1.32e-02	0.00e+00	0.00e+00	0.00e+00	0.00e+00	0.00e+00	8.72e-72
 1.13780e+14	5.61e-24	2.17e-17	1.05e-11	9.67e-07	2.58e-01	7.29e-01	1.20e-02	0.00e+00	0.00e+00	0.00e+00	0.00e+00	0.00e+00	1.95e-71
 1.17327e+14	7.43e-24	2.72e-17	1.25e-11	1.08e-06	2.71e-01	7.18e-01	1.11e-02	0.00e+00	0.00e+00	0.00e+00	0.00e+00	0.00e+00	3.83e-71
 1.21216e+14	1.00e-23	3.46e-17	1.50e-11	1.22e-06	2.85e-01	7.04e-01	1.02e-02	0.00e+00	0.00e+00	0.00e+00	0.00e+00	0.00e+00	7.84e-71
 1.25897e+14	1.41e-23	4.56e-17	1.85e-11	1.40e-06	3.02e-01	6.89e-01	9.17e-03	0.00e+00	0.00e+00	0.00e+00	1.46e-17	3.10e-17	1.81e-70
 1.30584e+14	1.96e-23	5.94e-17	2.27e-11	1.60e-06	3.19e-01	6.73e-01	8.28e-03	0.00e+00	0.00e+00	0.00e+00	1.97e-17	3.97e-17	3.97e-70
 1.34824e+14	2.61e-23	7.48e-17	2.70e-11	1.79e-06	3.34e-01	6.58e-01	7.58e-03	0.00e+00	0.00e+00	0.00e+00	2.48e-17	5.00e-17	8.00e-70
 1.39508e+14	3.55e-23	9.57e-17	3.25e-11	2.02e-06	3.50e-01	6.43e-01	6.89e-03	0.00e+00	0.00e+00	0.00e+00	3.17e-17	6.39e-17	1.69e-69
 1.45014e+14	5.02e-23	1.27e-16	4.01e-11	2.30e-06	3.69e-01	6.25e-01	6.18e-03	0.00e+00	0.00e+00	0.00e+00	4.20e-17	8.46e-17	3.99e-69
 1.50496e+14	6.94e-23	1.64e-16	4.90e-11	2.62e-06	3.88e-01	6.07e-01	5.55e-03	0.00e+00	0.00e+00	0.00e+00	5.44e-17	1.10e-16	8.80e-69
 1.55195e+14	9.10e-23	2.04e-16	5.77e-11	2.90e-06	4.03e-01	5.92e-01	5.07e-03	0.00e+00	0.00e+00	0.00e+00	6.76e-17	1.36e-16	1.72e-68
 1.59009e+14	1.13e-22	2.42e-16	6.56e-11	3.15e-06	4.16e-01	5.80e-01	4.73e-03	0.00e+00	0.00e+00	0.00e+00	8.02e-17	1.62e-16	2.91e-68
 1.63005e+14	1.40e-22	2.88e-16	7.47e-11	3.41e-06	4.28e-01	5.67e-01	4.39e-03	0.00e+00	0.00e+00	0.00e+00	9.54e-17	1.92e-16	5.00e-68
 1.68200e+14	1.85e-22	3.59e-16	8.80e-11	3.78e-06	4.44e-01	5.52e-01	4.01e-03	0.00e+00	0.00e+00	0.00e+00	1.19e-16	2.40e-16	1.01e-67
 1.73652e+14	2.43e-22	4.47e-16	1.04e-10	4.19e-06	4.61e-01	5.35e-01	3.63e-03	0.00e+00	0.00e+00	0.00e+00	1.48e-16	2.99e-16	1.98e-67
 1.78278e+14	3.05e-22	5.36e-16	1.19e-10	4.55e-06	4.75e-01	5.22e-01	3.36e-03	0.00e+00	0.00e+00	0.00e+00	1.78e-16	3.58e-16	3.53e-67
 1.83135e+14	3.86e-22	6.46e-16	1.36e-10	4.95e-06	4.88e-01	5.09e-01	3.10e-03	0.00e+00	0.00e+00	0.00e+00	2.14e-16	4.32e-16	6.45e-67
 1.89448e+14	5.17e-22	8.15e-16	1.62e-10	5.49e-06	5.06e-01	4.91e-01	2.79e-03	0.00e+00	0.00e+00	0.00e+00	2.70e-16	5.45e-16	1.35e-66
 1.96007e+14	6.88e-22	1.02e-15	1.92e-10	6.11e-06	5.24e-01	4.74e-01	2.51e-03	0.00e+00	0.00e+00	0.00e+00	3.39e-16	6.84e-16	2.76e-66
 2.01514e+14	8.72e-22	1.23e-15	2.21e-10	6.63e-06	5.38e-01	4.60e-01	2.30e-03	0.00e+00	0.00e+00	0.00e+00	4.09e-16	8.25e-16	5.07e-66
 2.07299e+14	1.11e-21	1.49e-15	2.54e-10	7.21e-06	5.52e-01	4.46e-01	2.11e-03	0.00e+00	0.00e+00	0.00e+00	4.95e-16	9.99e-16	9.44e-66
 2.14796e+14	1.51e-21	1.90e-15	3.02e-10	7.99e-06	5.70e-01	4.28e-01	1.88e-03	0.00e+00	0.00e+00	0.00e+00	6.30e-16	1.27e-15	2.09e-65
 2.22708e+14	2.03e-21	2.41e-15	3.60e-10	8.88e-06	5.88e-01	4.10e-01	1.68e-03	0.00e+00	0.00e+00	0.00e+00	7.97e-16	1.61e-15	4.47e-65
 2.29596e+14	2.63e-21	2.95e-15	4.17e-10	9.68e-06	6.03e-01	3.96e-01	1.52e-03	0.00e+00	0.00e+00	0.00e+00	9.75e-16	1.97e-15	8.76e-65
 2.36960e+14	3.44e-21	3.64e-15	4.84e-10	1.06e-05	6.18e-01	3.81e-01	1.37e-03	0.00e+00	0.00e+00	0.00e+00	1.20e-15	2.44e-15	1.77e-64
 2.45959e+14	4.70e-21	4.65e-15	5.78e-10	1.17e-05	6.35e-01	3.63e-01	1.22e-03	0.00e+00	0.00e+00	0.00e+00	1.54e-15	3.11e-15	4.00e-64
 2.55116e+14	6.37e-21	5.89e-15	6.86e-10	1.29e-05	6.52e-01	3.47e-01	1.08e-03	0.00e+00	0.00e+00	0.00e+00	1.95e-15	3.94e-15	8.87e-64
 2.63415e+14	8.30e-21	7.26e-15	7.98e-10	1.41e-05	6.67e-01	3.32e-01	9.70e-04	0.00e+00	0.00e+00	0.00e+00	2.40e-15	4.86e-15	1.78e-63
 2.72565e+14	1.10e-20	9.02e-15	9.36e-10	1.54e-05	6.82e-01	3.17e-01	8.65e-04	0.00e+00	0.00e+00	0.00e+00	2.98e-15	6.04e-15	3.70e-63
 2.83307e+14	1.51e-20	1.16e-14	1.12e-09	1.70e-05	6.98e-01	3.01e-01	7.60e-04	0.00e+00	0.00e+00	0.00e+00	3.82e-15	7.75e-15	8.64e-63
 2.93933e+14	2.05e-20	1.47e-14	1.32e-09	1.87e-05	7.13e-01	2.86e-01	6.71e-04	0.00e+00	0.00e+00	0.00e+00	4.85e-15	9.84e-15	1.96e-62
 3.03911e+14	2.69e-20	1.81e-14	1.54e-09	2.04e-05	7.27e-01	2.73e-01	5.99e-04	0.00e+00	0.00e+00	0.00e+00	5.99e-15	1.22e-14	4.03e-62
 3.15025e+14	3.59e-20	2.28e-14	1.81e-09	2.23e-05	7.41e-01	2.59e-01	5.30e-04	0.00e+00	0.00e+00	0.00e+00	7.52e-15	1.53e-14	8.81e-62
 3.27656e+14	4.94e-20	2.92e-14	2.16e-09	2.46e-05	7.55e-01	2.44e-01	4.62e-04	0.00e+00	0.00e+00	0.00e+00	9.63e-15	1.95e-14	2.07e-61
 3.38304e+14	6.37e-20	3.56e-14	2.49e-09	2.66e-05	7.67e-01	2.33e-01	4.13e-04	0.00e+00	0.00e+00	0.00e+00	1.17e-14	2.38e-14	4.11e-61
 3.46030e+14	7.57e-20	4.07e-14	2.75e-09	2.81e-05	7.75e-01	2.25e-01	3.82e-04	0.00e+00	0.00e+00	0.00e+00	1.34e-14	2.73e-14	6.52e-61
 3.54120e+14	9.13e-20	4.71e-14	3.04e-09	2.97e-05	7.83e-01	2.17e-01	3.52e-04	0.00e+00	0.00e+00	0.00e+00	1.55e-14	3.15e-14	1.08e-60
 3.64637e+14	1.16e-19	5.66e-14	3.46e-09	3.18e-05	7.92e-01	2.07e-01	3.18e-04	0.00e+00	0.00e+00	0.00e+00	1.87e-14	3.79e-14	2.07e-60
 3.76305e+14	1.48e-19	6.87e-14	3.97e-09	3.43e-05	8.02e-01	1.97e-01	2.84e-04	0.00e+00	0.00e+00	0.00e+00	2.26e-14	4.61e-14	4.07e-60
 3.87163e+14	1.84e-19	8.13e-14	4.50e-09	3.67e-05	8.11e-01	1.88e-01	2.56e-04	0.00e+00	0.00e+00	0.00e+00	2.68e-14	5.45e-14	7.27e-60
 3.98968e+14	2.34e-19	9.78e-14	5.12e-09	3.93e-05	8.20e-01	1.79e-01	2.30e-04	0.00e+00	0.00e+00	0.00e+00	3.22e-14	6.56e-14	1.40e-59
 4.12250e+14	3.03e-19	1.20e-13	5.90e-09	4.24e-05	8.30e-01	1.70e-01	2.04e-04	0.00e+00	0.00e+00	0.00e+00	3.94e-14	8.04e-14	2.86e-59
 4.24877e+14	3.82e-19	1.44e-13	6.72e-09	4.55e-05	8.38e-01	1.62e-01	1.83e-04	0.00e+00	0.00e+00	0.00e+00	4.73e-14	9.64e-14	5.40e-59
 4.38717e+14	4.85e-19	1.73e-13	7.71e-09	4.90e-05	8.47e-01	1.53e-01	1.63e-04	0.00e+00	0.00e+00	0.00e+00	5.70e-14	1.16e-13	1.03e-58
 4.54085e+14	6.37e-19	2.14e-13	8.94e-09	5.30e-05	8.55e-01	1.45e-01	1.43e-04	0.00e+00	0.00e+00	0.00e+00	7.02e-14	1.43e-13	2.18e-58
 4.68535e+14	8.09e-19	2.58e-13	1.02e-08	5.69e-05	8.63e-01	1.37e-01	1.28e-04	0.00e+00	0.00e+00	0.00e+00	8.48e-14	1.73e-13	4.25e-58
 4.84414e+14	1.04e-18	3.15e-13	1.18e-08	6.14e-05	8.70e-01	1.29e-01	1.13e-04	0.00e+00	0.00e+00	0.00e+00	1.03e-13	2.11e-13	8.57e-58
 5.02065e+14	1.35e-18	3.86e-13	1.37e-08	6.66e-05	8.78e-01	1.21e-01	9.83e-05	0.00e+00	0.00e+00	0.00e+00	1.27e-13	2.59e-13	1.76e-57
 5.18419e+14	1.74e-18	4.69e-13	1.57e-08	7.14e-05	8.85e-01	1.15e-01	8.72e-05	0.00e+00	0.00e+00	0.00e+00	1.54e-13	3.15e-13	3.52e-57
 5.36080e+14	2.23e-18	5.69e-13	1.81e-08	7.71e-05	8.92e-01	1.08e-01	7.66e-05	0.00e+00	0.00e+00	0.00e+00	1.87e-13	3.82e-13	6.94e-57
 5.55815e+14	2.92e-18	7.05e-13	2.10e-08	8.35e-05	8.99e-01	1.01e-01	6.68e-05	0.00e+00	0.00e+00	0.00e+00	2.31e-13	4.74e-13	1.48e-56
 5.74295e+14	3.69e-18	8.47e-13	2.42e-08	8.99e-05	9.05e-01	9.52e-02	5.88e-05	0.00e+00	0.00e+00	0.00e+00	2.78e-13	5.70e-13	2.84e-56
 5.94367e+14	4.79e-18	1.04e-12	2.79e-08	9.69e-05	9.11e-01	8.93e-02	5.14e-05	0.00e+00	0.00e+00	0.00e+00	3.40e-13	6.98e-13	5.84e-56
 6.16747e+14	6.23e-18	1.28e-12	3.26e-08	1.05e-04	9.16e-01	8.34e-02	4.45e-05	0.00e+00	0.00e+00	0.00e+00	4.19e-13	8.60e-13	1.22e-55
 6.37616e+14	7.99e-18	1.56e-12	3.74e-08	1.13e-04	9.21e-01	7.84e-02	3.91e-05	0.00e+00	0.00e+00	0.00e+00	5.09e-13	1.05e-12	2.47e-55
 6.60235e+14	1.03e-17	1.90e-12	4.33e-08	1.22e-04	9.27e-01	7.33e-02	3.40e-05	0.00e+00	0.00e+00	0.00e+00	6.21e-13	1.28e-12	4.97e-55
 6.85302e+14	1.34e-17	2.35e-12	5.06e-08	1.33e-04	9.32e-01	6.83e-02	2.94e-05	0.00e+00	0.00e+00	0.00e+00	7.68e-13	1.58e-12	1.06e-54
 7.08729e+14	1.71e-17	2.84e-12	5.82e-08	1.43e-04	9.36e-01	6.39e-02	2.56e-05	0.00e+00	0.00e+00	0.00e+00	9.27e-13	1.91e-12	2.07e-54
 7.34286e+14	2.21e-17	3.48e-12	6.74e-08	1.54e-04	9.40e-01	5.97e-02	2.23e-05	0.00e+00	0.00e+00	0.00e+00	1.14e-12	2.34e-12	4.29e-54
 7.61479e+14	2.87e-17	4.27e-12	7.85e-08	1.67e-04	9.44e-01	5.56e-02	1.92e-05	0.00e+00	0.00e+00	0.00e+00	1.39e-12	2.88e-12	8.92e-54
 7.84628e+14	3.54e-17	5.06e-12	8.88e-08	1.78e-04	9.47e-01	5.24e-02	1.70e-05	0.00e+00	0.00e+00	0.00e+00	1.65e-12	3.41e-12	1.62e-53
 8.03860e+14	4.20e-17	5.78e-12	9.83e-08	1.88e-04	9.50e-01	4.99e-02	1.54e-05	0.00e+00	0.00e+00	0.00e+00	1.89e-12	3.90e-12	2.61e-53
 8.24248e+14	5.03e-17	6.67e-12	1.09e-07	1.99e-04	9.52e-01	4.75e-02	1.39e-05	4.13e-18	1.24e-17	2.08e-17	2.17e-12	4.50e-12	4.37e-53
 8.50752e+14	6.30e-17	7.97e-12	1.24e-07	2.13e-04	9.55e-01	4.45e-02	1.22e-05	5.17e-18	1.55e-17	2.60e-17	2.60e-12	5.37e-12	8.23e-53
 8.78050e+14	7.83e-17	9.50e-12	1.42e-07	2.28e-04	9.58e-01	4.18e-02	1.07e-05	6.43e-18	1.93e-17	3.23e-17	3.10e-12	6.41e-12	1.55e-52
 9.00716e+14	9.41e-17	1.10e-11	1.58e-07	2.41e-04	9.60e-01	3.97e-02	9.66e-06	7.74e-18	2.32e-17	3.88e-17	3.57e-12	7.40e-12	2.58e-52
 9.24517e+14	1.13e-16	1.27e-11	1.75e-07	2.55e-04	9.62e-01	3.77e-02	8.68e-06	9.30e-18	2.79e-17	4.67e-17	4.13e-12	8.56e-12	4.37e-52
 9.55460e+14	1.42e-16	1.53e-11	2.01e-07	2.74e-04	9.65e-01	3.52e-02	7.56e-06	1.17e-17	3.52e-17	5.88e-17	4.97e-12	1.03e-11	8.42e-52
 9.87520e+14	1.80e-16	1.84e-11	2.30e-07	2.94e-04	9.67e-01	3.29e-02	6.60e-06	1.48e-17	4.44e-17	7.43e-17	5.97e-12	1.24e-11	1.64e-51
 1.01445e+15	2.15e-16	2.13e-11	2.57e-07	3.12e-04	9.69e-01	3.12e-02	5.91e-06	1.77e-17	5.32e-17	8.89e-17	6.92e-12	1.43e-11	2.78e-51
 1.04286e+15	2.61e-16	2.48e-11	2.88e-07	3.31e-04	9.70e-01	2.94e-02	5.26e-06	2.15e-17	6.46e-17	1.08e-16	8.07e-12	1.67e-11	4.85e-51
 1.07980e+15	3.35e-16	3.01e-11	3.33e-07	3.58e-04	9.72e-01	2.74e-02	4.54e-06	2.76e-17	8.28e-17	1.38e-16	9.79e-12	2.03e-11	9.74e-51
 1.11830e+15	4.24e-16	3.65e-11	3.84e-07	3.85e-04	9.74e-01	2.55e-02	3.93e-06	3.49e-17	1.05e-16	1.75e-16	1.19e-11	2.47e-11	1.96e-50
 1.15124e+15	5.26e-16	4.31e-11	4.34e-07	4.11e-04	9.76e-01	2.40e-02	3.47e-06	4.33e-17	1.30e-16	2.17e-16	1.40e-11	2.91e-11	3.58e-50
 1.18647e+15	6.42e-16	5.08e-11	4.90e-07	4.38e-04	9.77e-01	2.25e-02	3.06e-06	5.29e-17	1.59e-16	2.65e-16	1.65e-11	3.43e-11	6.47e-50
 1.23052e+15	8.36e-16	6.24e-11	5.70e-07	4.75e-04	9.79e-01	2.09e-02	2.62e-06	6.90e-17	2.07e-16	3.46e-16	2.03e-11	4.21e-11	1.36e-49
 1.27606e+15	1.06e-15	7.59e-11	6.62e-07	5.13e-04	9.80e-01	1.93e-02	2.25e-06	8.73e-17	2.62e-16	4.38e-16	2.47e-11	5.13e-11	2.77e-49
 1.31656e+15	1.34e-15	9.09e-11	7.53e-07	5.50e-04	9.81e-01	1.81e-02	1.97e-06	1.10e-16	3.32e-16	5.54e-16	2.95e-11	6.14e-11	5.33e-49
 1.36053e+15	1.66e-15	1.08e-10	8.61e-07	5.90e-04	9.83e-01	1.69e-02	1.71e-06	1.37e-16	4.10e-16	6.86e-16	3.52e-11	7.32e-11	1.01e-48
 1.41311e+15	2.19e-15	1.35e-10	1.01e-06	6.41e-04	9.84e-01	1.56e-02	1.46e-06	1.81e-16	5.44e-16	9.09e-16	4.37e-11	9.10e-11	2.23e-48
 1.46518e+15	2.75e-15	1.63e-10	1.17e-06	6.93e-04	9.85e-01	1.44e-02	1.25e-06	2.28e-16	6.83e-16	1.14e-15	5.30e-11	1.10e-10	4.46e-48
 1.51241e+15	3.50e-15	1.96e-10	1.33e-06	7.43e-04	9.86e-01	1.35e-02	1.09e-06	2.89e-16	8.69e-16	1.45e-15	6.37e-11	1.33e-10	8.74e-48
 1.55283e+15	4.20e-15	2.27e-10	1.48e-06	7.87e-04	9.86e-01	1.27e-02	9.71e-07	3.48e-16	1.04e-15	1.75e-15	7.38e-11	1.53e-10	1.49e-47
 1.58697e+15	4.88e-15	2.56e-10	1.62e-06	8.25e-04	9.87e-01	1.21e-02	0.00e+00	4.04e-16	1.21e-15	2.03e-15	8.32e-11	1.73e-10	2.31e-47
 1.62520e+15	5.66e-15	2.90e-10	1.79e-06	8.69e-04	9.88e-01	1.15e-02	0.00e+00	4.68e-16	1.41e-15	2.35e-15	9.43e-11	1.96e-10	3.63e-47
 1.67489e+15	7.07e-15	3.45e-10	2.03e-06	9.29e-04	9.88e-01	1.08e-02	0.00e+00	5.86e-16	1.76e-15	2.94e-15	1.12e-10	2.33e-10	6.84e-47
 1.72651e+15	8.60e-15	4.07e-10	2.29e-06	9.94e-04	9.89e-01	1.01e-02	0.00e+00	7.13e-16	2.14e-15	3.58e-15	1.32e-10	2.75e-10	1.24e-46
 1.76962e+15	1.03e-14	4.68e-10	2.54e-06	1.05e-03	9.89e-01	9.58e-03	0.00e+00	8.51e-16	2.56e-15	4.27e-15	1.52e-10	3.16e-10	2.06e-46
 1.81465e+15	1.19e-14	5.33e-10	2.81e-06	1.11e-03	9.90e-01	9.07e-03	0.00e+00	9.92e-16	2.98e-15	4.98e-15	1.73e-10	3.60e-10	3.30e-46
 1.87318e+15	1.51e-14	6.40e-10	3.21e-06	1.19e-03	9.90e-01	8.45e-03	0.00e+00	1.25e-15	3.76e-15	6.29e-15	2.08e-10	4.32e-10	6.43e-46
 1.93368e+15	1.87e-14	7.62e-10	3.65e-06	1.28e-03	9.91e-01	7.87e-03	0.00e+00	1.55e-15	4.66e-15	7.79e-15	2.47e-10	5.14e-10	1.21e-45
 1.98401e+15	2.18e-14	8.69e-10	4.06e-06	1.35e-03	9.91e-01	7.44e-03	0.00e+00	1.81e-15	5.43e-15	9.08e-15	2.82e-10	5.86e-10	1.95e-45
 2.03670e+15	2.58e-14	1.00e-09	4.52e-06	1.43e-03	9.92e-01	7.02e-03	0.00e+00	2.15e-15	6.45e-15	1.08e-14	3.25e-10	6.76e-10	3.26e-45
 2.10520e+15	3.29e-14	1.21e-09	5.18e-06	1.54e-03	9.92e-01	6.50e-03	0.00e+00	2.74e-15	8.22e-15	1.37e-14	3.93e-10	8.17e-10	6.55e-45
 2.17659e+15	3.98e-14	1.43e-09	5.93e-06	1.66e-03	9.92e-01	6.04e-03	0.00e+00	3.32e-15	9.97e-15	1.67e-14	4.66e-10	9.67e-10	1.21e-44
 2.23738e+15	4.78e-14	1.67e-09	6.65e-06	1.77e-03	9.93e-01	5.67e-03	0.00e+00	3.99e-15	1.20e-14	2.00e-14	5.42e-10	1.12e-09	2.09e-44
 2.30205e+15	5.75e-14	1.94e-09	7.47e-06	1.89e-03	9.93e-01	5.32e-03	0.00e+00	4.80e-15	1.44e-14	2.41e-14	6.32e-10	1.31e-09	3.66e-44
 2.38540e+15	7.47e-14	2.39e-09	8.65e-06	2.05e-03	9.93e-01	4.90e-03	0.00e+00	6.24e-15	1.88e-14	3.13e-14	7.77e-10	1.61e-09	7.83e-44
 2.47223e+15	9.36e-14	2.89e-09	1.00e-05	2.22e-03	9.93e-01	4.51e-03	0.00e+00	7.84e-15	2.35e-14	3.93e-14	9.41e-10	1.95e-09	1.57e-43
 2.54713e+15	1.12e-13	3.39e-09	1.13e-05	2.38e-03	9.93e-01	4.21e-03	0.00e+00	9.41e-15	2.83e-14	4.72e-14	1.10e-09	2.28e-09	2.79e-43
 2.62728e+15	1.36e-13	3.99e-09	1.28e-05	2.55e-03	9.94e-01	3.92e-03	0.00e+00	1.14e-14	3.43e-14	5.73e-14	1.30e-09	2.69e-09	5.11e-43
 2.72605e+15	1.72e-13	4.87e-09	1.49e-05	2.78e-03	9.94e-01	3.59e-03	0.00e+00	1.45e-14	4.34e-14	7.25e-14	1.59e-09	3.28e-09	1.06e-42
 2.82632e+15	2.18e-13	5.93e-09	1.73e-05	3.02e-03	9.94e-01	3.30e-03	0.00e+00	1.83e-14	5.50e-14	9.19e-14	1.94e-09	4.00e-09	2.20e-42
 2.91503e+15	2.64e-13	7.01e-09	1.97e-05	3.25e-03	9.94e-01	3.07e-03	0.00e+00	2.23e-14	6.68e-14	1.12e-13	2.29e-09	4.72e-09	4.05e-42
 3.01140e+15	3.23e-13	8.34e-09	2.24e-05	3.50e-03	9.94e-01	2.84e-03	0.00e+00	2.73e-14	8.19e-14	1.37e-13	2.72e-09	5.62e-09	7.71e-42
 3.10639e+15	3.86e-13	9.79e-09	2.55e-05	3.76e-03	9.94e-01	2.64e-03	0.00e+00	3.26e-14	9.78e-14	1.63e-13	3.20e-09	6.59e-09	1.42e-41
 3.17785e+15	4.45e-13	1.11e-08	2.79e-05	3.96e-03	9.94e-01	2.51e-03	0.00e+00	3.76e-14	1.13e-13	1.88e-13	3.62e-09	7.46e-09	2.24e-41
 3.24902e+15	5.09e-13	1.25e-08	3.05e-05	4.17e-03	9.93e-01	2.38e-03	0.00e+00	4.31e-14	1.29e-13	2.16e-13	4.07e-09	8.39e-09	3.48e-41
 3.34155e+15	6.06e-13	1.45e-08	3.42e-05	4.45e-03	9.93e-01	2.22e-03	0.00e+00	5.13e-14	1.54e-13	2.57e-13	4.74e-09	9.76e-09	6.12e-41
 3.43991e+15	7.07e-13	1.67e-08	3.85e-05	4.75e-03	9.93e-01	2.08e-03	0.00e+00	5.99e-14	1.80e-13	3.00e-13	5.47e-09	1.13e-08	1.03e-40
 3.52570e+15	8.42e-13	1.94e-08	4.26e-05	5.04e-03	9.93e-01	1.95e-03	0.00e+00	7.14e-14	2.14e-13	3.58e-13	6.34e-09	1.30e-08	1.81e-40
 3.61710e+15	9.71e-13	2.21e-08	4.72e-05	5.34e-03	9.93e-01	1.84e-03	0.00e+00	8.24e-14	2.47e-13	4.13e-13	7.24e-09	1.49e-08	2.95e-40
 3.73592e+15	1.19e-12	2.64e-08	5.38e-05	5.76e-03	9.92e-01	1.70e-03	0.00e+00	1.01e-13	3.04e-13	5.08e-13	8.66e-09	1.78e-08	5.76e-40
 3.85604e+15	1.43e-12	3.13e-08	6.12e-05	6.21e-03	9.92e-01	1.58e-03	0.00e+00	1.22e-13	3.65e-13	6.10e-13	1.02e-08	2.10e-08	1.10e-39
 3.95232e+15	1.64e-12	3.57e-08	6.76e-05	6.57e-03	9.92e-01	1.49e-03	0.00e+00	1.40e-13	4.21e-13	7.03e-13	1.17e-08	2.40e-08	1.82e-39
 4.05193e+15	1.87e-12	4.03e-08	7.47e-05	6.95e-03	9.92e-01	1.40e-03	0.00e+00	1.60e-13	4.80e-13	8.01e-13	1.32e-08	2.71e-08	2.89e-39
 4.18142e+15	2.30e-12	4.83e-08	8.49e-05	7.48e-03	9.91e-01	1.30e-03	0.00e+00	1.97e-13	5.90e-13	9.85e-13	1.59e-08	3.25e-08	5.96e-39
 4.31824e+15	2.75e-12	5.74e-08	9.66e-05	8.07e-03	9.91e-01	1.20e-03	0.00e+00	2.36e-13	7.07e-13	1.18e-12	1.88e-08	3.86e-08	1.16e-38
 4.43722e+15	3.18e-12	6.61e-08	1.08e-04	8.58e-03	9.90e-01	1.12e-03	0.00e+00	2.73e-13	8.19e-13	1.37e-12	2.17e-08	4.44e-08	1.99e-38
 4.56454e+15	3.79e-12	7.75e-08	1.21e-04	9.17e-03	9.90e-01	1.05e-03	0.00e+00	3.25e-13	9.76e-13	1.63e-12	2.54e-08	5.20e-08	3.70e-38
 4.72925e+15	4.67e-12	9.40e-08	1.40e-04	9.95e-03	9.89e-01	9.61e-04	0.00e+00	4.01e-13	1.20e-12	2.01e-12	3.09e-08	6.31e-08	7.81e-38
 4.90097e+15	5.70e-12	1.14e-07	1.61e-04	1.08e-02	9.88e-01	8.81e-04	0.00e+00	4.90e-13	1.47e-12	2.46e-12	3.75e-08	7.65e-08	1.64e-37
 5.04866e+15	6.61e-12	1.32e-07	1.82e-04	1.16e-02	9.87e-01	8.21e-04	0.00e+00	5.70e-13	1.71e-12	2.85e-12	4.33e-08	8.83e-08	2.79e-37
 5.20673e+15	7.94e-12	1.58e-07	2.06e-04	1.24e-02	9.87e-01	7.60e-04	0.00e+00	6.85e-13	2.06e-12	3.43e-12	5.19e-08	1.06e-07	5.62e-37
 5.40200e+15	9.86e-12	1.94e-07	2.39e-04	1.35e-02	9.86e-01	6.94e-04	0.00e+00	8.52e-13	2.56e-12	4.27e-12	6.38e-08	1.30e-07	1.22e-36
 5.60093e+15	1.19e-11	2.34e-07	2.77e-04	1.47e-02	9.84e-01	6.35e-04	0.00e+00	1.03e-12	3.08e-12	5.14e-12	7.72e-08	1.57e-07	2.47e-36
 5.75247e+15	1.38e-11	2.73e-07	3.08e-04	1.56e-02	9.83e-01	5.95e-04	0.00e+00	1.20e-12	3.60e-12	6.00e-12	9.00e-08	1.83e-07	4.39e-36
 5.86343e+15	1.55e-11	3.04e-07	3.33e-04	1.63e-02	9.83e-01	5.67e-04	0.00e+00	1.34e-12	4.02e-12	6.72e-12	1.00e-07	2.04e-07	6.57e-36
 5.98399e+15	1.73e-11	3.40e-07	3.62e-04	1.71e-02	9.82e-01	5.39e-04	0.00e+00	1.50e-12	4.51e-12	7.53e-12	1.12e-07	2.28e-07	9.96e-36
 6.14072e+15	2.00e-11	3.91e-07	4.03e-04	1.81e-02	9.81e-01	5.06e-04	0.00e+00	1.74e-12	5.22e-12	8.71e-12	1.29e-07	2.62e-07	1.65e-35
 6.31408e+15	2.36e-11	4.59e-07	4.51e-04	1.94e-02	9.80e-01	4.72e-04	0.00e+00	2.05e-12	6.16e-12	1.03e-11	1.51e-07	3.08e-07	2.98e-35
 6.47237e+15	2.72e-11	5.21e-07	4.99e-04	2.05e-02	9.79e-01	4.44e-04	0.00e+00	2.37e-12	7.11e-12	1.19e-11	1.72e-07	3.49e-07	4.65e-35
 6.64144e+15	3.14e-11	6.06e-07	5.55e-04	2.17e-02	9.77e-01	4.16e-04	0.00e+00	2.74e-12	8.22e-12	1.37e-11	2.00e-07	4.06e-07	8.14e-35
 6.83222e+15	3.74e-11	7.12e-07	6.24e-04	2.32e-02	9.76e-01	3.87e-04	0.00e+00	3.26e-12	9.78e-12	1.63e-11	2.35e-07	4.77e-07	1.43e-34
 7.01138e+15	4.37e-11	8.17e-07	6.94e-04	2.46e-02	9.74e-01	3.63e-04	0.00e+00	3.81e-12	1.14e-11	1.91e-11	2.70e-07	5.47e-07	2.31e-34
 7.17914e+15	5.01e-11	9.33e-07	7.66e-04	2.60e-02	9.73e-01	3.42e-04	0.00e+00	4.38e-12	1.31e-11	2.19e-11	3.08e-07	6.25e-07	3.70e-34
 7.37191e+15	5.89e-11	1.08e-06	8.55e-04	2.76e-02	9.71e-01	3.20e-04	0.00e+00	5.16e-12	1.55e-11	2.58e-11	3.58e-07	7.26e-07	6.27e-34
 7.58895e+15	7.09e-11	1.31e-06	9.66e-04	2.96e-02	9.69e-01	2.96e-04	0.00e+00	6.21e-12	1.86e-11	3.11e-11	4.32e-07	8.75e-07	1.22e-33
 7.79344e+15	8.26e-11	1.51e-06	1.08e-03	3.14e-02	9.67e-01	2.77e-04	0.00e+00	7.24e-12	2.17e-11	3.63e-11	5.00e-07	1.01e-06	2.01e-33
 8.01519e+15	9.89e-11	1.76e-06	1.21e-03	3.35e-02	9.65e-01	2.58e-04	0.00e+00	8.68e-12	2.60e-11	4.34e-11	5.82e-07	1.18e-06	3.34e-33
 8.26202e+15	1.20e-10	2.14e-06	1.38e-03	3.60e-02	9.62e-01	2.38e-04	0.00e+00	1.06e-11	3.17e-11	5.30e-11	7.08e-07	1.43e-06	6.68e-33
 8.49115e+15	1.42e-10	2.50e-06	1.55e-03	3.83e-02	9.60e-01	2.22e-04	0.00e+00	1.25e-11	3.74e-11	6.25e-11	8.26e-07	1.67e-06	1.09e-32
 8.73871e+15	1.72e-10	2.92e-06	1.76e-03	4.09e-02	9.57e-01	2.07e-04	0.00e+00	1.51e-11	4.54e-11	7.57e-11	9.67e-07	1.96e-06	1.83e-32
 9.01371e+15	2.12e-10	3.59e-06	2.01e-03	4.41e-02	9.54e-01	1.90e-04	0.00e+00	1.86e-11	5.59e-11	9.33e-11	1.19e-06	2.40e-06	3.70e-32
 9.26974e+15	2.52e-10	4.22e-06	2.27e-03	4.71e-02	9.50e-01	1.76e-04	0.00e+00	2.22e-11	6.67e-11	1.11e-10	1.40e-06	2.83e-06	6.22e-32
 9.54793e+15	3.08e-10	5.03e-06	2.59e-03	5.04e-02	9.47e-01	1.63e-04	0.00e+00	2.72e-11	8.15e-11	1.36e-10	1.67e-06	3.37e-06	1.08e-31
 9.84949e+15	3.81e-10	6.12e-06	2.97e-03	5.44e-02	9.43e-01	1.50e-04	0.00e+00	3.37e-11	1.01e-10	1.69e-10	2.03e-06	4.09e-06	2.05e-31
 1.01230e+16	4.56e-10	7.22e-06	3.35e-03	5.80e-02	9.39e-01	1.40e-04	0.00e+00	4.03e-11	1.21e-10	2.02e-10	2.39e-06	4.83e-06	3.39e-31
 1.03777e+16	5.41e-10	8.41e-06	3.75e-03	6.16e-02	9.35e-01	1.31e-04	0.00e+00	4.79e-11	1.44e-10	2.40e-10	2.79e-06	5.63e-06	5.45e-31
 1.06160e+16	6.33e-10	9.68e-06	4.16e-03	6.50e-02	9.31e-01	1.23e-04	0.00e+00	5.61e-11	1.68e-10	2.81e-10	3.21e-06	6.48e-06	8.34e-31
 1.08755e+16	7.59e-10	1.11e-05	4.65e-03	6.89e-02	9.26e-01	1.15e-04	0.00e+00	6.73e-11	2.02e-10	3.37e-10	3.69e-06	7.44e-06	1.25e-30
 1.11547e+16	8.99e-10	1.32e-05	5.24e-03	7.35e-02	9.21e-01	1.07e-04	0.00e+00	7.99e-11	2.40e-10	4.00e-10	4.39e-06	8.85e-06	2.15e-30
 1.13965e+16	1.06e-09	1.52e-05	5.79e-03	7.74e-02	9.17e-01	1.01e-04	0.00e+00	9.42e-11	2.83e-10	4.71e-10	5.05e-06	1.02e-05	3.25e-30
