#depth	He	He+	He+2
 1.49634e+10	4.91e-23	2.79e-12	1.00e+00
 4.54887e+10	5.51e-23	3.01e-12	1.00e+00
 7.72350e+10	6.17e-23	3.26e-12	1.00e+00
 1.10251e+11	6.92e-23	3.53e-12	1.00e+00
 1.41583e+11	7.70e-23	3.79e-12	1.00e+00
 1.70011e+11	8.45e-23	4.04e-12	1.00e+00
 2.02046e+11	9.36e-23	4.33e-12	1.00e+00
 2.39520e+11	1.05e-22	4.68e-12	1.00e+00
 2.76833e+11	1.18e-22	5.04e-12	1.00e+00
 3.12430e+11	1.32e-22	5.40e-12	1.00e+00
 3.51646e+11	1.47e-22	5.81e-12	1.00e+00
 3.95639e+11	1.67e-22	6.29e-12	1.00e+00
 4.37811e+11	1.88e-22	6.77e-12	1.00e+00
 4.76231e+11	2.08e-22	7.22e-12	1.00e+00
 5.19182e+11	2.33e-22	7.74e-12	1.00e+00
 5.69291e+11	2.65e-22	8.37e-12	1.00e+00
 6.18907e+11	3.01e-22	9.02e-12	1.00e+00
 6.65936e+11	3.37e-22	9.67e-12	1.00e+00
 7.09613e+11	3.74e-22	1.03e-11	1.00e+00
 7.56607e+11	4.17e-22	1.10e-11	1.00e+00
 8.09337e+11	4.70e-22	1.18e-11	1.00e+00
 8.59513e+11	5.26e-22	1.26e-11	1.00e+00
 9.14731e+11	5.91e-22	1.35e-11	1.00e+00
 9.76592e+11	6.74e-22	1.45e-11	1.00e+00
 1.03547e+12	7.61e-22	1.55e-11	1.00e+00
 1.09992e+12	8.64e-22	1.67e-11	1.00e+00
 1.17385e+12	9.98e-22	1.81e-11	1.00e+00
 1.24608e+12	1.14e-21	1.96e-11	1.00e+00
 1.32119e+12	1.31e-21	2.12e-11	1.00e+00
 1.40397e+12	1.52e-21	2.30e-11	1.00e+00
 1.48811e+12	1.76e-21	2.49e-11	1.00e+00
 1.56311e+12	1.99e-21	2.67e-11	1.00e+00
 1.62728e+12	2.21e-21	2.83e-11	1.00e+00
 1.69882e+12	2.48e-21	3.02e-11	1.00e+00
 1.78900e+12	2.85e-21	3.26e-11	1.00e+00
 1.88152e+12	3.29e-21	3.52e-11	1.00e+00
 1.96144e+12	3.70e-21	3.76e-11	1.00e+00
 2.04687e+12	4.17e-21	4.03e-11	1.00e+00
 2.15203e+12	4.83e-21	4.38e-11	1.00e+00
 2.25789e+12	5.59e-21	4.75e-11	1.00e+00
 2.35086e+12	6.33e-21	5.09e-11	1.00e+00
 2.45201e+12	7.17e-21	5.48e-11	1.00e+00
 2.57433e+12	8.38e-21	5.98e-11	1.00e+00
 2.69494e+12	9.74e-21	6.51e-11	1.00e+00
 2.80058e+12	1.10e-20	7.00e-11	1.00e+00
 2.91603e+12	1.26e-20	7.57e-11	1.00e+00
 3.05587e+12	1.47e-20	8.30e-11	1.00e+00
 3.19642e+12	1.72e-20	9.09e-11	1.00e+00
 3.32344e+12	1.96e-20	9.85e-11	1.00e+00
 3.46389e+12	2.25e-20	1.07e-10	1.00e+00
 3.62910e+12	2.65e-20	1.19e-10	1.00e+00
 3.79276e+12	3.11e-20	1.31e-10	1.00e+00
 3.94650e+12	3.59e-20	1.43e-10	1.00e+00
 4.08600e+12	4.08e-20	1.54e-10	1.00e+00
 4.21248e+12	4.56e-20	1.65e-10	1.00e+00
 4.35709e+12	5.14e-20	1.78e-10	1.00e+00
 4.54257e+12	5.98e-20	1.96e-10	1.00e+00
 4.72514e+12	6.93e-20	2.14e-10	1.00e+00
 4.86775e+12	7.70e-20	2.29e-10	1.00e+00
 5.01444e+12	8.55e-20	2.45e-10	1.00e+00
 5.20514e+12	9.76e-20	2.67e-10	1.00e+00
 5.40656e+12	1.12e-19	2.92e-10	1.00e+00
 5.58033e+12	1.25e-19	3.14e-10	1.00e+00
 5.76464e+12	1.40e-19	3.38e-10	1.00e+00
 6.00116e+12	1.61e-19	3.71e-10	1.00e+00
 6.24215e+12	1.86e-19	4.07e-10	1.00e+00
 6.44283e+12	2.07e-19	4.37e-10	1.00e+00
 6.65449e+12	2.31e-19	4.71e-10	1.00e+00
 6.92458e+12	2.66e-19	5.16e-10	1.00e+00
 7.20540e+12	3.05e-19	5.66e-10	1.00e+00
 7.45034e+12	3.42e-19	6.11e-10	1.00e+00
 7.71385e+12	3.84e-19	6.62e-10	1.00e+00
 8.03501e+12	4.42e-19	7.27e-10	1.00e+00
 8.36206e+12	5.07e-19	7.97e-10	1.00e+00
 8.66257e+12	5.71e-19	8.65e-10	1.00e+00
 8.94504e+12	6.36e-19	9.31e-10	1.00e+00
 9.21343e+12	7.02e-19	9.97e-10	1.00e+00
 9.46614e+12	7.69e-19	1.06e-09	1.00e+00
 9.74467e+12	8.47e-19	1.13e-09	1.00e+00
 1.00544e+13	9.41e-19	1.22e-09	1.00e+00
 1.03437e+13	1.03e-18	1.30e-09	1.00e+00
 1.06591e+13	1.14e-18	1.40e-09	1.00e+00
 1.10112e+13	1.27e-18	1.51e-09	1.00e+00
 1.13428e+13	1.40e-18	1.62e-09	1.00e+00
 1.17054e+13	1.55e-18	1.74e-09	1.00e+00
 1.21108e+13	1.74e-18	1.88e-09	1.00e+00
 1.24940e+13	1.92e-18	2.03e-09	1.00e+00
 1.29141e+13	2.14e-18	2.19e-09	1.00e+00
 1.33855e+13	2.40e-18	2.39e-09	1.00e+00
 1.38338e+13	2.67e-18	2.59e-09	1.00e+00
 1.43270e+13	2.97e-18	2.81e-09	1.00e+00
 1.48815e+13	3.34e-18	3.08e-09	1.00e+00
 1.54112e+13	3.72e-18	3.36e-09	1.00e+00
 1.59935e+13	4.16e-18	3.68e-09	1.00e+00
 1.66140e+13	4.67e-18	4.04e-09	1.00e+00
 1.71589e+13	5.15e-18	4.38e-09	1.00e+00
 1.77397e+13	5.69e-18	4.75e-09	1.00e+00
 1.84444e+13	6.41e-18	5.24e-09	1.00e+00
 1.90590e+13	7.07e-18	5.70e-09	1.00e+00
 1.94812e+13	7.57e-18	6.02e-09	1.00e+00
 1.99039e+13	8.09e-18	6.35e-09	1.00e+00
 2.04534e+13	8.81e-18	6.80e-09	1.00e+00
 2.10714e+13	9.69e-18	7.34e-09	1.00e+00
 2.16569e+13	1.06e-17	7.87e-09	1.00e+00
 2.22964e+13	1.17e-17	8.46e-09	1.00e+00
 2.30103e+13	1.30e-17	9.17e-09	1.00e+00
 2.36785e+13	1.43e-17	9.85e-09	1.00e+00
 2.44045e+13	1.60e-17	1.06e-08	1.00e+00
 2.53260e+13	1.83e-17	1.16e-08	1.00e+00
 2.62531e+13	2.09e-17	1.27e-08	1.00e+00
 2.70273e+13	2.34e-17	1.36e-08	1.00e+00
 2.78516e+13	2.62e-17	1.47e-08	1.00e+00
 2.88988e+13	3.03e-17	1.60e-08	1.00e+00
 3.00248e+13	3.54e-17	1.75e-08	1.00e+00
 3.10403e+13	4.04e-17	1.89e-08	1.00e+00
 3.19158e+13	4.52e-17	2.02e-08	1.00e+00
 3.28468e+13	5.08e-17	2.15e-08	1.00e+00
 3.40555e+13	5.89e-17	2.33e-08	1.00e+00
 3.53080e+13	6.83e-17	2.53e-08	1.00e+00
 3.63648e+13	7.70e-17	2.70e-08	1.00e+00
 3.73365e+13	8.57e-17	2.86e-08	1.00e+00
 3.84524e+13	9.67e-17	3.05e-08	1.00e+00
 3.98797e+13	1.12e-16	3.29e-08	1.00e+00
 4.13609e+13	1.30e-16	3.57e-08	1.00e+00
 4.26302e+13	1.47e-16	3.80e-08	1.00e+00
 4.39750e+13	1.67e-16	4.06e-08	1.00e+00
 4.56448e+13	1.94e-16	4.38e-08	1.00e+00
 4.73715e+13	2.25e-16	4.74e-08	1.00e+00
 4.89257e+13	2.57e-16	5.07e-08	1.00e+00
 5.06210e+13	2.94e-16	5.44e-08	1.00e+00
 5.26258e+13	3.44e-16	5.89e-08	1.00e+00
 5.46122e+13	4.00e-16	6.37e-08	1.00e+00
 5.63762e+13	4.54e-16	6.80e-08	1.00e+00
 5.82716e+13	5.18e-16	7.27e-08	1.00e+00
 6.03954e+13	5.97e-16	7.83e-08	1.00e+00
 6.24037e+13	6.83e-16	8.38e-08	1.00e+00
 6.46022e+13	7.83e-16	9.00e-08	1.00e+00
 6.69140e+13	9.04e-16	9.68e-08	1.00e+00
 6.87751e+13	1.01e-15	1.02e-07	1.00e+00
 7.03554e+13	1.10e-15	1.07e-07	1.00e+00
 7.21690e+13	1.22e-15	1.13e-07	1.00e+00
 7.45267e+13	1.39e-15	1.21e-07	1.00e+00
 7.70022e+13	1.59e-15	1.30e-07	1.00e+00
 7.91245e+13	1.78e-15	1.37e-07	1.00e+00
 8.13768e+13	1.99e-15	1.45e-07	1.00e+00
 8.43047e+13	2.30e-15	1.57e-07	1.00e+00
 8.73163e+13	2.65e-15	1.69e-07	1.00e+00
 8.98094e+13	2.97e-15	1.79e-07	1.00e+00
 9.24232e+13	3.34e-15	1.90e-07	1.00e+00
 9.57936e+13	3.86e-15	2.05e-07	1.00e+00
 9.93338e+13	4.48e-15	2.22e-07	1.00e+00
 1.02418e+14	5.08e-15	2.36e-07	1.00e+00
 1.05722e+14	5.77e-15	2.53e-07	1.00e+00
 1.09756e+14	6.74e-15	2.74e-07	1.00e+00
 1.13780e+14	7.79e-15	2.95e-07	1.00e+00
 1.17327e+14	8.84e-15	3.15e-07	1.00e+00
 1.21216e+14	1.01e-14	3.38e-07	1.00e+00
 1.25897e+14	1.18e-14	3.66e-07	1.00e+00
 1.30584e+14	1.37e-14	3.96e-07	1.00e+00
 1.34824e+14	1.56e-14	4.24e-07	1.00e+00
 1.39508e+14	1.79e-14	4.56e-07	1.00e+00
 1.45014e+14	2.09e-14	4.94e-07	1.00e+00
 1.50496e+14	2.43e-14	5.35e-07	1.00e+00
 1.55195e+14	2.74e-14	5.71e-07	1.00e+00
 1.59009e+14	3.02e-14	6.01e-07	1.00e+00
 1.63005e+14	3.33e-14	6.32e-07	1.00e+00
 1.68200e+14	3.77e-14	6.75e-07	1.00e+00
 1.73652e+14	4.27e-14	7.22e-07	1.00e+00
 1.78278e+14	4.73e-14	7.62e-07	1.00e+00
 1.83135e+14	5.25e-14	8.05e-07	1.00e+00
 1.89448e+14	5.98e-14	8.63e-07	1.00e+00
 1.96007e+14	6.82e-14	9.27e-07	1.00e+00
 2.01514e+14	7.57e-14	9.80e-07	1.00e+00
 2.07299e+14	8.43e-14	1.04e-06	1.00e+00
 2.14796e+14	9.62e-14	1.11e-06	1.00e+00
 2.22708e+14	1.10e-13	1.20e-06	1.00e+00
 2.29596e+14	1.23e-13	1.28e-06	1.00e+00
 2.36960e+14	1.38e-13	1.36e-06	1.00e+00
 2.45959e+14	1.58e-13	1.46e-06	1.00e+00
 2.55116e+14	1.81e-13	1.57e-06	1.00e+00
 2.63415e+14	2.03e-13	1.68e-06	1.00e+00
 2.72565e+14	2.29e-13	1.80e-06	1.00e+00
 2.83307e+14	2.63e-13	1.94e-06	1.00e+00
 2.93933e+14	2.99e-13	2.09e-06	1.00e+00
 3.03911e+14	3.36e-13	2.23e-06	1.00e+00
 3.15025e+14	3.80e-13	2.39e-06	1.00e+00
 3.27656e+14	4.35e-13	2.59e-06	1.00e+00
 3.38304e+14	4.85e-13	2.76e-06	1.00e+00
 3.46030e+14	5.23e-13	2.88e-06	1.00e+00
 3.54120e+14	5.66e-13	3.02e-06	1.00e+00
 3.64637e+14	6.24e-13	3.19e-06	1.00e+00
 3.76305e+14	6.94e-13	3.40e-06	1.00e+00
 3.87163e+14	7.63e-13	3.60e-06	1.00e+00
 3.98968e+14	8.43e-13	3.82e-06	1.00e+00
 4.12250e+14	9.39e-13	4.07e-06	1.00e+00
 4.24877e+14	1.04e-12	4.32e-06	1.00e+00
 4.38717e+14	1.15e-12	4.61e-06	1.00e+00
 4.54085e+14	1.29e-12	4.93e-06	1.00e+00
 4.68535e+14	1.43e-12	5.25e-06	1.00e+00
 4.84414e+14	1.59e-12	5.61e-06	1.00e+00
 5.02065e+14	1.79e-12	6.04e-06	1.00e+00
 5.18419e+14	1.98e-12	6.43e-06	1.00e+00
 5.36080e+14	2.22e-12	6.88e-06	1.00e+00
 5.55815e+14	2.48e-12	7.40e-06	1.00e+00
 5.74295e+14	2.76e-12	7.91e-06	1.00e+00
 5.94367e+14	3.09e-12	8.48e-06	1.00e+00
 6.16747e+14	3.47e-12	9.15e-06	1.00e+00
 6.37616e+14	3.87e-12	9.78e-06	1.00e+00
 6.60235e+14	4.34e-12	1.05e-05	1.00e+00
 6.85302e+14	4.88e-12	1.13e-05	1.00e+00
 7.08729e+14	5.45e-12	1.22e-05	1.00e+00
 7.34286e+14	6.10e-12	1.31e-05	1.00e+00
 7.61479e+14	6.89e-12	1.41e-05	1.00e+00
 7.84628e+14	7.56e-12	1.50e-05	1.00e+00
 8.03860e+14	8.20e-12	1.58e-05	1.00e+00
 8.24248e+14	8.90e-12	1.67e-05	1.00e+00
 8.50752e+14	9.88e-12	1.78e-05	1.00e+00
 8.78050e+14	1.09e-11	1.90e-05	1.00e+00
 9.00716e+14	1.19e-11	2.01e-05	1.00e+00
 9.24517e+14	1.29e-11	2.12e-05	1.00e+00
 9.55460e+14	1.45e-11	2.27e-05	1.00e+00
 9.87520e+14	1.61e-11	2.44e-05	1.00e+00
 1.01445e+15	1.75e-11	2.58e-05	1.00e+00
 1.04286e+15	1.92e-11	2.73e-05	1.00e+00
 1.07980e+15	2.16e-11	2.95e-05	1.00e+00
 1.11830e+15	2.41e-11	3.17e-05	1.00e+00
 1.15124e+15	2.68e-11	3.37e-05	1.00e+00
 1.18647e+15	2.94e-11	3.59e-05	1.00e+00
 1.23052e+15	3.35e-11	3.89e-05	1.00e+00
 1.27606e+15	3.76e-11	4.20e-05	1.00e+00
 1.31656e+15	4.21e-11	4.49e-05	1.00e+00
 1.36053e+15	4.68e-11	4.81e-05	1.00e+00
 1.41311e+15	5.38e-11	5.23e-05	1.00e+00
 1.46518e+15	6.05e-11	5.65e-05	1.00e+00
 1.51241e+15	6.82e-11	6.06e-05	1.00e+00
 1.55283e+15	7.49e-11	6.41e-05	1.00e+00
 1.58697e+15	8.09e-11	6.72e-05	1.00e+00
 1.62520e+15	8.75e-11	7.07e-05	1.00e+00
 1.67489e+15	9.82e-11	7.56e-05	1.00e+00
 1.72651e+15	1.10e-10	8.08e-05	1.00e+00
 1.76962e+15	1.20e-10	8.53e-05	1.00e+00
 1.81465e+15	1.31e-10	9.01e-05	1.00e+00
 1.87318e+15	1.49e-10	9.67e-05	1.00e+00
 1.93368e+15	1.67e-10	1.04e-04	1.00e+00
 1.98401e+15	1.83e-10	1.10e-04	1.00e+00
 2.03670e+15	2.02e-10	1.16e-04	1.00e+00
 2.10520e+15	2.33e-10	1.26e-04	1.00e+00
 2.17659e+15	2.62e-10	1.35e-04	1.00e+00
 2.23738e+15	2.92e-10	1.44e-04	1.00e+00
 2.30205e+15	3.28e-10	1.54e-04	1.00e+00
 2.38540e+15	3.83e-10	1.67e-04	1.00e+00
 2.47223e+15	4.45e-10	1.81e-04	1.00e+00
 2.54713e+15	5.00e-10	1.93e-04	1.00e+00
 2.62728e+15	5.71e-10	2.08e-04	1.00e+00
 2.72605e+15	6.65e-10	2.26e-04	1.00e+00
 2.82632e+15	7.81e-10	2.46e-04	1.00e+00
 2.91503e+15	8.95e-10	2.64e-04	1.00e+00
 3.01140e+15	1.03e-09	2.85e-04	1.00e+00
 3.10639e+15	1.17e-09	3.06e-04	1.00e+00
 3.17785e+15	1.30e-09	3.23e-04	1.00e+00
 3.24902e+15	1.43e-09	3.40e-04	1.00e+00
 3.34155e+15	1.63e-09	3.63e-04	1.00e+00
 3.43991e+15	1.82e-09	3.88e-04	1.00e+00
 3.52570e+15	2.07e-09	4.12e-04	1.00e+00
 3.61710e+15	2.30e-09	4.37e-04	1.00e+00
 3.73592e+15	2.68e-09	4.71e-04	1.00e+00
 3.85604e+15	3.09e-09	5.07e-04	9.99e-01
 3.95232e+15	3.44e-09	5.37e-04	9.99e-01
 4.05193e+15	3.80e-09	5.69e-04	9.99e-01
 4.18142e+15	4.45e-09	6.12e-04	9.99e-01
 4.31824e+15	5.15e-09	6.60e-04	9.99e-01
 4.43722e+15	5.77e-09	7.03e-04	9.99e-01
 4.56454e+15	6.61e-09	7.51e-04	9.99e-01
 4.72925e+15	7.76e-09	8.16e-04	9.99e-01
 4.90097e+15	9.11e-09	8.86e-04	9.99e-01
 5.04866e+15	1.02e-08	9.49e-04	9.99e-01
 5.20673e+15	1.19e-08	1.02e-03	9.99e-01
 5.40200e+15	1.41e-08	1.11e-03	9.99e-01
 5.60093e+15	1.65e-08	1.21e-03	9.99e-01
 5.75247e+15	1.87e-08	1.29e-03	9.99e-01
 5.86343e+15	2.04e-08	1.34e-03	9.99e-01
 5.98399e+15	2.24e-08	1.41e-03	9.99e-01
 6.14072e+15	2.50e-08	1.50e-03	9.99e-01
 6.31408e+15	2.84e-08	1.60e-03	9.98e-01
 6.47237e+15	3.13e-08	1.69e-03	9.98e-01
 6.64144e+15	3.56e-08	1.80e-03	9.98e-01
 6.83222e+15	4.03e-08	1.92e-03	9.98e-01
 7.01138e+15	4.49e-08	2.04e-03	9.98e-01
 7.17914e+15	4.99e-08	2.16e-03	9.98e-01
 7.37191e+15	5.61e-08	2.29e-03	9.98e-01
 7.58895e+15	6.51e-08	2.46e-03	9.98e-01
 7.79344e+15	7.28e-08	2.62e-03	9.97e-01
 8.01519e+15	8.17e-08	2.80e-03	9.97e-01
 8.26202e+15	9.55e-08	3.01e-03	9.97e-01
 8.49115e+15	1.07e-07	3.21e-03	9.97e-01
 8.73871e+15	1.20e-07	3.44e-03	9.97e-01
 9.01371e+15	1.42e-07	3.72e-03	9.96e-01
 9.26974e+15	1.60e-07	3.98e-03	9.96e-01
 9.54793e+15	1.82e-07	4.28e-03	9.96e-01
 9.84949e+15	2.11e-07	4.63e-03	9.95e-01
 1.01230e+16	2.39e-07	4.96e-03	9.95e-01
 1.03777e+16	2.68e-07	5.28e-03	9.95e-01
 1.06160e+16	2.97e-07	5.60e-03	9.94e-01
 1.08755e+16	3.28e-07	5.97e-03	9.94e-01
 1.11547e+16	3.75e-07	6.39e-03	9.94e-01
 1.13965e+16	4.15e-07	6.76e-03	9.93e-01
 1.16478e+16	4.58e-07	7.18e-03	9.93e-01
 1.19287e+16	5.09e-07	7.67e-03	9.92e-01
 1.22042e+16	5.77e-07	8.19e-03	9.92e-01
 1.24657e+16	6.38e-07	8.70e-03	9.91e-01
 1.27522e+16	7.10e-07	9.32e-03	9.91e-01
 1.30707e+16	8.24e-07	1.01e-02	9.90e-01
 1.33549e+16	9.16e-07	1.07e-02	9.89e-01
 1.36487e+16	1.03e-06	1.15e-02	9.88e-01
 1.39719e+16	1.16e-06	1.25e-02	9.88e-01
 1.42679e+16	1.33e-06	1.34e-02	9.87e-01
 1.45377e+16	1.48e-06	1.44e-02	9.86e-01
 1.48388e+16	1.67e-06	1.55e-02	9.84e-01
 1.51690e+16	1.95e-06	1.70e-02	9.83e-01
 1.54647e+16	2.18e-06	1.84e-02	9.82e-01
 1.57235e+16	2.42e-06	1.97e-02	9.80e-01
 1.60069e+16	2.75e-06	2.14e-02	9.79e-01
 1.63087e+16	3.28e-06	2.35e-02	9.76e-01
 1.65587e+16	3.67e-06	2.54e-02	9.75e-01
 1.67714e+16	4.10e-06	2.72e-02	9.73e-01
 1.70116e+16	4.64e-06	2.96e-02	9.70e-01
 1.72732e+16	5.27e-06	3.25e-02	9.68e-01
 1.75075e+16	6.01e-06	3.54e-02	9.65e-01
 1.77143e+16	6.83e-06	3.85e-02	9.62e-01
 1.79090e+16	7.92e-06	4.17e-02	9.58e-01
 1.80929e+16	8.89e-06	4.52e-02	9.55e-01
 1.82942e+16	1.04e-05	4.97e-02	9.50e-01
 1.85046e+16	1.20e-05	5.50e-02	9.45e-01
 1.86843e+16	1.38e-05	6.03e-02	9.40e-01
 1.88442e+16	1.59e-05	6.58e-02	9.34e-01
 1.89921e+16	1.76e-05	7.14e-02	9.29e-01
 1.91554e+16	2.07e-05	7.89e-02	9.21e-01
 1.93256e+16	2.39e-05	8.78e-02	9.12e-01
 1.94716e+16	2.81e-05	9.69e-02	9.03e-01
 1.95967e+16	3.17e-05	1.06e-01	8.94e-01
 1.97279e+16	3.73e-05	1.17e-01	8.83e-01
 1.98540e+16	4.24e-05	1.28e-01	8.72e-01
 1.99577e+16	4.90e-05	1.40e-01	8.60e-01
 2.00508e+16	5.55e-05	1.51e-01	8.49e-01
 2.01314e+16	6.05e-05	1.62e-01	8.38e-01
 2.02221e+16	6.91e-05	1.76e-01	8.24e-01
 2.03050e+16	7.65e-05	1.89e-01	8.11e-01
 2.03667e+16	8.43e-05	2.00e-01	8.00e-01
 2.04212e+16	9.05e-05	2.11e-01	7.89e-01
 2.04774e+16	9.92e-05	2.23e-01	7.77e-01
 2.05380e+16	1.08e-04	2.36e-01	7.64e-01
 2.05950e+16	1.17e-04	2.50e-01	7.50e-01
 2.06601e+16	1.31e-04	2.67e-01	7.33e-01
 2.07238e+16	1.43e-04	2.84e-01	7.16e-01
 2.07859e+16	1.58e-04	3.03e-01	6.97e-01
 2.08516e+16	1.75e-04	3.23e-01	6.77e-01
 2.09076e+16	1.92e-04	3.42e-01	6.58e-01
 2.09528e+16	2.07e-04	3.57e-01	6.43e-01
 2.09987e+16	2.21e-04	3.74e-01	6.26e-01
 2.10585e+16	2.45e-04	3.97e-01	6.03e-01
 2.11188e+16	2.69e-04	4.21e-01	5.79e-01
 2.11694e+16	2.91e-04	4.41e-01	5.59e-01
 2.12248e+16	3.17e-04	4.65e-01	5.35e-01
 2.12968e+16	3.55e-04	4.96e-01	5.04e-01
 2.13681e+16	3.93e-04	5.26e-01	4.73e-01
 2.14246e+16	4.26e-04	5.51e-01	4.49e-01
 2.14844e+16	4.63e-04	5.77e-01	4.22e-01
 2.15620e+16	5.15e-04	6.11e-01	3.89e-01
 2.16418e+16	5.69e-04	6.44e-01	3.56e-01
 2.17092e+16	6.17e-04	6.70e-01	3.29e-01
 2.17627e+16	6.56e-04	6.90e-01	3.09e-01
 2.18050e+16	6.88e-04	7.06e-01	2.93e-01
 2.18514e+16	7.24e-04	7.23e-01	2.77e-01
 2.19117e+16	7.73e-04	7.44e-01	2.56e-01
 2.19749e+16	8.24e-04	7.64e-01	2.35e-01
 2.20293e+16	8.69e-04	7.80e-01	2.20e-01
 2.20874e+16	9.17e-04	7.96e-01	2.03e-01
 2.21629e+16	9.84e-04	8.16e-01	1.83e-01
 2.22376e+16	1.05e-03	8.33e-01	1.66e-01
 2.22941e+16	1.10e-03	8.44e-01	1.55e-01
 2.23504e+16	1.15e-03	8.56e-01	1.43e-01
 2.24236e+16	1.22e-03	8.69e-01	1.29e-01
 2.24981e+16	1.30e-03	8.81e-01	1.18e-01
 2.25575e+16	1.36e-03	8.89e-01	1.09e-01
 2.26080e+16	1.42e-03	8.96e-01	1.03e-01
 2.26635e+16	1.48e-03	9.03e-01	9.53e-02
 2.27357e+16	1.57e-03	9.12e-01	8.68e-02
 2.28089e+16	1.66e-03	9.19e-01	7.96e-02
 2.28646e+16	1.74e-03	9.24e-01	7.45e-02
 2.29179e+16	1.82e-03	9.28e-01	6.98e-02
 2.29873e+16	1.92e-03	9.34e-01	6.41e-02
 2.30571e+16	2.05e-03	9.39e-01	5.91e-02
 2.31106e+16	2.14e-03	9.42e-01	5.58e-02
 2.31549e+16	2.23e-03	9.45e-01	5.31e-02
 2.32039e+16	2.34e-03	9.48e-01	5.02e-02
 2.32675e+16	2.48e-03	9.51e-01	4.66e-02
 2.33320e+16	2.65e-03	9.54e-01	4.35e-02
 2.33813e+16	2.79e-03	9.56e-01	4.13e-02
 2.34221e+16	2.92e-03	9.58e-01	3.95e-02
 2.34681e+16	3.07e-03	9.59e-01	3.76e-02
 2.35279e+16	3.29e-03	9.61e-01	3.52e-02
 2.35884e+16	3.55e-03	9.63e-01	3.31e-02
 2.36348e+16	3.77e-03	9.65e-01	3.16e-02
 2.36742e+16	3.97e-03	9.66e-01	3.05e-02
 2.37192e+16	4.23e-03	9.67e-01	2.90e-02
 2.37778e+16	4.60e-03	9.68e-01	2.73e-02
 2.38376e+16	5.06e-03	9.69e-01	2.58e-02
 2.38851e+16	5.49e-03	9.70e-01	2.47e-02
 2.39260e+16	5.89e-03	9.70e-01	2.38e-02
 2.39724e+16	6.42e-03	9.71e-01	2.27e-02
 2.40240e+16	7.11e-03	9.71e-01	2.16e-02
 2.40699e+16	7.87e-03	9.71e-01	2.08e-02
 2.41082e+16	8.62e-03	9.71e-01	2.00e-02
 2.41416e+16	9.35e-03	9.71e-01	1.95e-02
 2.41724e+16	1.01e-02	9.71e-01	1.90e-02
 2.42073e+16	1.12e-02	9.70e-01	1.84e-02
 2.42441e+16	1.24e-02	9.70e-01	1.79e-02
 2.42741e+16	1.38e-02	9.69e-01	1.74e-02
 2.42981e+16	1.49e-02	9.68e-01	1.72e-02
 2.43234e+16	1.63e-02	9.67e-01	1.68e-02
 2.43521e+16	1.82e-02	9.65e-01	1.65e-02
 2.43784e+16	2.03e-02	9.63e-01	1.63e-02
 2.44008e+16	2.24e-02	9.62e-01	1.60e-02
 2.44212e+16	2.46e-02	9.60e-01	1.59e-02
 2.44442e+16	2.74e-02	9.57e-01	1.58e-02
 2.44696e+16	3.12e-02	9.53e-01	1.57e-02
 2.44920e+16	3.53e-02	9.49e-01	1.56e-02
 2.45104e+16	3.93e-02	9.45e-01	1.56e-02
 2.45271e+16	4.35e-02	9.41e-01	1.57e-02
 2.45462e+16	4.90e-02	9.35e-01	1.57e-02
 2.45665e+16	5.61e-02	9.28e-01	1.59e-02
 2.45833e+16	6.33e-02	9.21e-01	1.60e-02
 2.45971e+16	6.98e-02	9.14e-01	1.63e-02
 2.46101e+16	7.71e-02	9.06e-01	1.65e-02
 2.46242e+16	8.58e-02	8.97e-01	1.67e-02
 2.46383e+16	9.59e-02	8.87e-01	1.70e-02
 2.46506e+16	1.06e-01	8.77e-01	1.74e-02
 2.46611e+16	1.16e-01	8.67e-01	1.76e-02
 2.46711e+16	1.26e-01	8.56e-01	1.79e-02
 2.46791e+16	1.34e-01	8.47e-01	1.82e-02
 2.46844e+16	1.41e-01	8.41e-01	1.83e-02
 2.46893e+16	1.47e-01	8.35e-01	1.85e-02
 2.46950e+16	1.54e-01	8.27e-01	1.87e-02
 2.47013e+16	1.63e-01	8.18e-01	1.88e-02
 2.47074e+16	1.72e-01	8.09e-01	1.90e-02
 2.47131e+16	1.81e-01	8.00e-01	1.92e-02
 2.47187e+16	1.90e-01	7.90e-01	1.94e-02
 2.47244e+16	2.00e-01	7.80e-01	1.96e-02
 2.47302e+16	2.11e-01	7.70e-01	1.97e-02
 2.47360e+16	2.22e-01	7.58e-01	1.99e-02
 2.47417e+16	2.33e-01	7.47e-01	2.01e-02
 2.47474e+16	2.45e-01	7.35e-01	2.03e-02
 2.47532e+16	2.58e-01	7.21e-01	2.04e-02
 2.47589e+16	2.71e-01	7.08e-01	2.06e-02
 2.47647e+16	2.86e-01	6.94e-01	2.07e-02
 2.47706e+16	3.01e-01	6.79e-01	2.07e-02
 2.47764e+16	3.16e-01	6.63e-01	2.08e-02
 2.47822e+16	3.32e-01	6.47e-01	2.09e-02
 2.47882e+16	3.49e-01	6.30e-01	2.09e-02
 2.47943e+16	3.66e-01	6.13e-01	2.09e-02
 2.48004e+16	3.85e-01	5.94e-01	2.09e-02
 2.48066e+16	4.04e-01	5.76e-01	2.08e-02
 2.48130e+16	4.24e-01	5.56e-01	2.07e-02
 2.48195e+16	4.44e-01	5.36e-01	2.06e-02
 2.48260e+16	4.64e-01	5.15e-01	2.04e-02
 2.48326e+16	4.85e-01	4.94e-01	2.01e-02
 2.48395e+16	5.07e-01	4.73e-01	1.98e-02
 2.48465e+16	5.28e-01	4.52e-01	1.95e-02
 2.48537e+16	5.50e-01	4.31e-01	1.91e-02
 2.48611e+16	5.71e-01	4.11e-01	1.87e-02
 2.48688e+16	5.92e-01	3.90e-01	1.82e-02
 2.48771e+16	6.12e-01	3.70e-01	1.77e-02
 2.48860e+16	6.33e-01	3.50e-01	1.71e-02
 2.48957e+16	6.52e-01	3.31e-01	1.65e-02
 2.49064e+16	6.71e-01	3.13e-01	1.59e-02
 2.49187e+16	6.90e-01	2.95e-01	1.53e-02
 2.49318e+16	7.05e-01	2.81e-01	1.47e-02
 2.49446e+16	7.17e-01	2.69e-01	1.42e-02
 2.49574e+16	7.26e-01	2.60e-01	1.37e-02
 2.49700e+16	7.33e-01	2.54e-01	1.34e-02
 2.49825e+16	7.39e-01	2.48e-01	1.31e-02
 2.49969e+16	7.44e-01	2.43e-01	1.27e-02
 2.50155e+16	7.50e-01	2.38e-01	1.23e-02
 2.50398e+16	7.56e-01	2.32e-01	1.19e-02
 2.50714e+16	7.61e-01	2.27e-01	1.14e-02
 2.51124e+16	7.68e-01	2.22e-01	1.09e-02
 2.51657e+16	7.75e-01	2.15e-01	1.02e-02
 2.52350e+16	7.84e-01	2.07e-01	9.37e-03
 2.53170e+16	7.93e-01	1.98e-01	8.56e-03
 2.53984e+16	8.02e-01	1.90e-01	7.83e-03
 2.54750e+16	8.10e-01	1.82e-01	7.19e-03
 2.55529e+16	8.18e-01	1.75e-01	6.60e-03
 2.56337e+16	8.26e-01	1.68e-01	6.05e-03
 2.57151e+16	8.33e-01	1.62e-01	5.54e-03
 2.57961e+16	8.40e-01	1.55e-01	5.09e-03
 2.58775e+16	8.46e-01	1.49e-01	4.68e-03
 2.59596e+16	8.52e-01	1.43e-01	4.30e-03
 2.60273e+16	8.57e-01	1.39e-01	4.03e-03
 2.60752e+16	8.60e-01	1.36e-01	3.84e-03
 2.61187e+16	8.63e-01	1.33e-01	3.67e-03
 2.61649e+16	8.66e-01	1.30e-01	3.50e-03
 2.62128e+16	8.70e-01	1.27e-01	3.34e-03
 2.62596e+16	8.72e-01	1.24e-01	3.19e-03
 2.63045e+16	8.75e-01	1.22e-01	3.05e-03
 2.63481e+16	8.78e-01	1.19e-01	2.92e-03
 2.63909e+16	8.80e-01	1.17e-01	2.80e-03
 2.64332e+16	8.83e-01	1.15e-01	2.69e-03
 2.64747e+16	8.85e-01	1.13e-01	2.59e-03
 2.65154e+16	8.87e-01	1.11e-01	2.48e-03
 2.65556e+16	8.89e-01	1.09e-01	2.39e-03
 2.65950e+16	8.91e-01	1.07e-01	2.30e-03
 2.66340e+16	8.93e-01	1.05e-01	2.22e-03
 2.66724e+16	8.95e-01	1.03e-01	2.14e-03
 2.67101e+16	8.97e-01	1.01e-01	2.06e-03
 2.67473e+16	8.99e-01	9.95e-02	1.99e-03
 2.67840e+16	9.00e-01	9.79e-02	1.92e-03
 2.68202e+16	9.02e-01	9.63e-02	1.86e-03
 2.68559e+16	9.03e-01	9.48e-02	1.79e-03
 2.68913e+16	9.05e-01	9.33e-02	1.73e-03
 2.69263e+16	9.06e-01	9.19e-02	1.68e-03
 2.69611e+16	9.08e-01	9.05e-02	1.62e-03
 2.69956e+16	9.09e-01	8.91e-02	1.57e-03
 2.70299e+16	9.11e-01	8.78e-02	1.52e-03
 2.70641e+16	9.12e-01	8.65e-02	1.48e-03
 2.70982e+16	9.13e-01	8.52e-02	1.43e-03
 2.71323e+16	9.15e-01	8.39e-02	1.38e-03
 2.71666e+16	9.16e-01	8.27e-02	1.34e-03
 2.72010e+16	9.17e-01	8.15e-02	1.30e-03
 2.72357e+16	9.18e-01	8.03e-02	1.26e-03
 2.72714e+16	9.20e-01	7.90e-02	1.22e-03
 2.73082e+16	9.21e-01	7.78e-02	1.18e-03
 2.73462e+16	9.22e-01	7.65e-02	1.14e-03
 2.73852e+16	9.24e-01	7.52e-02	1.10e-03
 2.74258e+16	9.25e-01	7.39e-02	1.06e-03
 2.74686e+16	9.26e-01	7.26e-02	1.02e-03
 2.75144e+16	9.28e-01	7.11e-02	9.73e-04
 2.75632e+16	9.29e-01	6.96e-02	9.30e-04
 2.76175e+16	9.31e-01	6.80e-02	8.84e-04
 2.76822e+16	9.33e-01	6.61e-02	8.32e-04
 2.77526e+16	9.35e-01	6.41e-02	7.80e-04
 2.78194e+16	9.37e-01	6.23e-02	7.35e-04
 2.78802e+16	9.39e-01	6.08e-02	6.96e-04
 2.79355e+16	9.40e-01	5.94e-02	6.62e-04
 2.79858e+16	9.41e-01	5.81e-02	6.33e-04
 2.80316e+16	9.42e-01	5.70e-02	6.08e-04
 2.80733e+16	9.43e-01	5.60e-02	5.85e-04
 2.81112e+16	9.44e-01	5.51e-02	5.66e-04
 2.81528e+16	9.45e-01	5.41e-02	5.44e-04
 2.81976e+16	9.46e-01	5.31e-02	5.22e-04
 2.82385e+16	9.47e-01	5.22e-02	5.03e-04
 2.82756e+16	9.48e-01	5.13e-02	4.86e-04
 2.83095e+16	9.49e-01	5.05e-02	4.71e-04
 2.83465e+16	9.50e-01	4.97e-02	4.55e-04
 2.83865e+16	9.51e-01	4.88e-02	4.38e-04
 2.84229e+16	9.52e-01	4.80e-02	4.23e-04
 2.84560e+16	9.52e-01	4.73e-02	4.10e-04
 2.84923e+16	9.53e-01	4.65e-02	3.95e-04
 2.85315e+16	9.54e-01	4.57e-02	3.80e-04
 2.85672e+16	9.55e-01	4.50e-02	3.68e-04
 2.85996e+16	9.55e-01	4.43e-02	3.57e-04
 2.86292e+16	9.56e-01	4.37e-02	3.47e-04
 2.86615e+16	9.57e-01	4.30e-02	3.35e-04
 2.86965e+16	9.57e-01	4.23e-02	3.24e-04
 2.87282e+16	9.58e-01	4.17e-02	3.14e-04
 2.87572e+16	9.59e-01	4.11e-02	3.05e-04
 2.87835e+16	9.59e-01	4.06e-02	2.97e-04
 2.88123e+16	9.60e-01	4.00e-02	2.88e-04
 2.88435e+16	9.60e-01	3.94e-02	2.80e-04
 2.88718e+16	9.61e-01	3.89e-02	2.72e-04
 2.88976e+16	9.61e-01	3.84e-02	2.65e-04
 2.89259e+16	9.62e-01	3.79e-02	2.57e-04
 2.89564e+16	9.62e-01	3.73e-02	2.49e-04
 2.89841e+16	9.63e-01	3.68e-02	2.42e-04
 2.90094e+16	9.63e-01	3.63e-02	2.36e-04
 2.90371e+16	9.64e-01	3.58e-02	2.29e-04
 2.90670e+16	9.64e-01	3.53e-02	2.23e-04
 2.90942e+16	9.65e-01	3.48e-02	2.17e-04
 2.91189e+16	9.65e-01	3.44e-02	2.11e-04
 2.91461e+16	9.66e-01	3.39e-02	2.05e-04
 2.91753e+16	9.66e-01	3.34e-02	1.99e-04
 2.92020e+16	9.67e-01	3.30e-02	1.94e-04
 2.92312e+16	9.67e-01	3.25e-02	1.88e-04
 2.92627e+16	9.68e-01	3.20e-02	1.82e-04
 2.92914e+16	9.68e-01	3.16e-02	1.77e-04
 2.93175e+16	9.69e-01	3.12e-02	1.73e-04
 2.93461e+16	9.69e-01	3.07e-02	1.68e-04
 2.93770e+16	9.70e-01	3.02e-02	1.63e-04
 2.94051e+16	9.70e-01	2.98e-02	1.58e-04
 2.94358e+16	9.70e-01	2.94e-02	1.53e-04
 2.94691e+16	9.71e-01	2.89e-02	1.48e-04
 2.94993e+16	9.71e-01	2.85e-02	1.44e-04
 2.95325e+16	9.72e-01	2.80e-02	1.39e-04
 2.95683e+16	9.72e-01	2.75e-02	1.35e-04
 2.96008e+16	9.73e-01	2.71e-02	1.31e-04
 2.96305e+16	9.73e-01	2.68e-02	1.27e-04
 2.96629e+16	9.74e-01	2.63e-02	1.23e-04
 2.96980e+16	9.74e-01	2.59e-02	1.19e-04
 2.97299e+16	9.74e-01	2.56e-02	1.16e-04
 2.97649e+16	9.75e-01	2.51e-02	1.12e-04
 2.98026e+16	9.75e-01	2.47e-02	1.08e-04
 2.98369e+16	9.76e-01	2.43e-02	1.05e-04
 2.98682e+16	9.76e-01	2.40e-02	1.02e-04
 2.99024e+16	9.76e-01	2.36e-02	9.89e-05
 2.99394e+16	9.77e-01	2.32e-02	9.57e-05
 2.99731e+16	9.77e-01	2.29e-02	9.29e-05
 3.00099e+16	9.77e-01	2.25e-02	8.97e-05
 3.00497e+16	9.78e-01	2.21e-02	8.66e-05
 3.00859e+16	9.78e-01	2.17e-02	8.40e-05
 3.01256e+16	9.79e-01	2.13e-02	8.10e-05
 3.01685e+16	9.79e-01	2.09e-02	7.81e-05
 3.02075e+16	9.79e-01	2.06e-02	7.56e-05
 3.02430e+16	9.80e-01	2.03e-02	7.34e-05
 3.02818e+16	9.80e-01	1.99e-02	7.08e-05
 3.03238e+16	9.80e-01	1.96e-02	6.84e-05
 3.03620e+16	9.81e-01	1.93e-02	6.63e-05
 3.04039e+16	9.81e-01	1.89e-02	6.39e-05
 3.04490e+16	9.81e-01	1.86e-02	6.16e-05
 3.04902e+16	9.82e-01	1.83e-02	5.96e-05
 3.05352e+16	9.82e-01	1.79e-02	5.73e-05
 3.05839e+16	9.82e-01	1.76e-02	5.51e-05
 3.06281e+16	9.83e-01	1.73e-02	5.33e-05
 3.06766e+16	9.83e-01	1.69e-02	5.11e-05
 3.07290e+16	9.83e-01	1.66e-02	4.91e-05
 3.07767e+16	9.84e-01	1.63e-02	4.73e-05
 3.08200e+16	9.84e-01	1.60e-02	4.58e-05
 3.08676e+16	9.84e-01	1.57e-02	4.40e-05
 3.09189e+16	9.85e-01	1.54e-02	4.23e-05
 3.09655e+16	9.85e-01	1.51e-02	4.09e-05
 3.10167e+16	9.85e-01	1.48e-02	3.93e-05
 3.10719e+16	9.85e-01	1.45e-02	3.77e-05
 3.11222e+16	9.86e-01	1.42e-02	3.63e-05
 3.11773e+16	9.86e-01	1.39e-02	3.48e-05
 3.12367e+16	9.86e-01	1.36e-02	3.33e-05
 3.12908e+16	9.87e-01	1.34e-02	3.21e-05
 3.13501e+16	9.87e-01	1.31e-02	3.07e-05
 3.14141e+16	9.87e-01	1.28e-02	2.93e-05
 3.14723e+16	9.87e-01	1.25e-02	2.82e-05
 3.15362e+16	9.88e-01	1.22e-02	2.69e-05
 3.16051e+16	9.88e-01	1.19e-02	2.56e-05
 3.16678e+16	9.88e-01	1.17e-02	2.46e-05
 3.17365e+16	9.89e-01	1.14e-02	2.34e-05
 3.18107e+16	9.89e-01	1.11e-02	2.23e-05
 3.18782e+16	9.89e-01	1.08e-02	2.13e-05
 3.19521e+16	9.89e-01	1.06e-02	2.02e-05
 3.20320e+16	9.90e-01	1.03e-02	1.92e-05
 3.21046e+16	9.90e-01	1.00e-02	1.83e-05
 3.21708e+16	9.90e-01	9.85e-03	1.76e-05
 3.22432e+16	9.90e-01	9.60e-03	1.67e-05
 3.23215e+16	9.91e-01	9.36e-03	1.59e-05
 3.23926e+16	9.91e-01	9.16e-03	1.53e-05
 3.24707e+16	9.91e-01	8.92e-03	1.45e-05
 3.25549e+16	9.91e-01	8.69e-03	1.38e-05
 3.26315e+16	9.91e-01	8.50e-03	1.32e-05
 3.27155e+16	9.92e-01	8.27e-03	1.25e-05
 3.28061e+16	9.92e-01	8.04e-03	1.18e-05
 3.28886e+16	9.92e-01	7.85e-03	1.13e-05
 3.29790e+16	9.92e-01	7.63e-03	1.06e-05
 3.30766e+16	9.93e-01	7.41e-03	1.01e-05
 3.31655e+16	9.93e-01	7.23e-03	9.57e-06
 3.32628e+16	9.93e-01	7.01e-03	9.02e-06
 3.33678e+16	9.93e-01	6.80e-03	8.50e-06
 3.34634e+16	9.93e-01	6.63e-03	8.07e-06
 3.35682e+16	9.94e-01	6.42e-03	7.58e-06
 3.36813e+16	9.94e-01	6.22e-03	7.13e-06
 3.37843e+16	9.94e-01	6.05e-03	6.75e-06
 3.38970e+16	9.94e-01	5.85e-03	6.32e-06
 3.40381e+16	9.94e-01	5.62e-03	5.84e-06
 3.41956e+16	9.95e-01	5.38e-03	5.36e-06
 3.43616e+16	9.95e-01	5.15e-03	4.90e-06
 3.45363e+16	9.95e-01	4.91e-03	4.47e-06
 3.47178e+16	9.95e-01	4.68e-03	4.07e-06
 3.49050e+16	9.96e-01	4.46e-03	3.70e-06
 3.50955e+16	9.96e-01	4.25e-03	3.36e-06
 3.52887e+16	9.96e-01	4.05e-03	3.05e-06
 3.54850e+16	9.96e-01	3.85e-03	2.77e-06
 3.56849e+16	9.96e-01	3.66e-03	2.51e-06
 3.58884e+16	9.97e-01	3.49e-03	2.27e-06
 3.60955e+16	9.97e-01	3.31e-03	2.06e-06
 3.63060e+16	9.97e-01	3.15e-03	1.86e-06
 3.65202e+16	9.97e-01	2.99e-03	1.68e-06
 3.67380e+16	9.97e-01	2.85e-03	1.52e-06
 3.69556e+16	9.97e-01	2.70e-03	1.38e-06
 3.71764e+16	9.97e-01	2.57e-03	1.25e-06
 3.74056e+16	9.98e-01	2.44e-03	1.12e-06
 3.76398e+16	9.98e-01	2.31e-03	1.01e-06
 3.78769e+16	9.98e-01	2.19e-03	9.08e-07
 3.81177e+16	9.98e-01	2.07e-03	8.15e-07
 3.83628e+16	9.98e-01	1.96e-03	7.32e-07
 3.86125e+16	9.98e-01	1.86e-03	6.56e-07
 3.88666e+16	9.98e-01	1.76e-03	5.87e-07
 3.91252e+16	9.98e-01	1.66e-03	5.25e-07
 3.93886e+16	9.98e-01	1.57e-03	4.69e-07
 3.96569e+16	9.99e-01	1.48e-03	4.18e-07
 3.99304e+16	9.99e-01	1.40e-03	3.72e-07
 4.02092e+16	9.99e-01	1.31e-03	3.31e-07
 4.04935e+16	9.99e-01	1.24e-03	2.93e-07
 4.07837e+16	9.99e-01	1.16e-03	2.60e-07
 4.10799e+16	9.99e-01	1.09e-03	2.30e-07
 4.13823e+16	9.99e-01	1.03e-03	2.03e-07
 4.16914e+16	9.99e-01	9.63e-04	1.79e-07
 4.20074e+16	9.99e-01	9.02e-04	1.57e-07
 4.23307e+16	9.99e-01	8.44e-04	1.37e-07
 4.26616e+16	9.99e-01	7.89e-04	1.20e-07
 4.30007e+16	9.99e-01	7.36e-04	1.05e-07
 4.33490e+16	9.99e-01	6.86e-04	9.11e-08
 4.37014e+16	9.99e-01	6.39e-04	7.91e-08
 4.40625e+16	9.99e-01	5.94e-04	6.85e-08
 4.44384e+16	9.99e-01	5.51e-04	5.89e-08
 4.48277e+16	9.99e-01	5.10e-04	5.05e-08
 4.52315e+16	1.00e+00	4.70e-04	4.30e-08
 4.56493e+16	1.00e+00	4.33e-04	3.64e-08
 4.60819e+16	1.00e+00	3.97e-04	3.07e-08
 4.65314e+16	1.00e+00	3.64e-04	2.58e-08
 4.69998e+16	1.00e+00	3.32e-04	2.14e-08
 4.74894e+16	1.00e+00	3.01e-04	1.77e-08
 4.80029e+16	1.00e+00	2.73e-04	1.45e-08
 4.85446e+16	1.00e+00	2.45e-04	1.18e-08
 4.91172e+16	1.00e+00	2.20e-04	9.42e-09
 4.97274e+16	1.00e+00	1.95e-04	7.45e-09
 5.03762e+16	1.00e+00	1.72e-04	5.81e-09
 5.10738e+16	1.00e+00	1.51e-04	4.45e-09
 5.18356e+16	1.00e+00	1.30e-04	3.33e-09
 5.26673e+16	1.00e+00	1.11e-04	2.43e-09
 5.35861e+16	1.00e+00	9.36e-05	1.72e-09
 5.46190e+16	1.00e+00	7.72e-05	1.17e-09
 5.57938e+16	1.00e+00	6.21e-05	7.56e-10
 5.71068e+16	1.00e+00	4.89e-05	4.69e-10
 5.84855e+16	1.00e+00	3.83e-05	2.88e-10
 5.98582e+16	1.00e+00	3.01e-05	1.79e-10
 6.12189e+16	1.00e+00	2.38e-05	1.12e-10
 6.25896e+16	1.00e+00	1.89e-05	7.06e-11
 6.39887e+16	1.00e+00	1.50e-05	4.44e-11
 6.54194e+16	1.00e+00	1.18e-05	2.79e-11
 6.68717e+16	1.00e+00	9.39e-06	1.76e-11
 6.83487e+16	1.00e+00	7.45e-06	1.11e-11
 6.98628e+16	1.00e+00	5.90e-06	6.99e-12
 7.14089e+16	1.00e+00	4.68e-06	4.40e-12
 7.29814e+16	1.00e+00	3.71e-06	2.77e-12
 7.45788e+16	1.00e+00	2.95e-06	1.76e-12
 7.62208e+16	1.00e+00	2.34e-06	1.11e-12
 7.79250e+16	1.00e+00	1.85e-06	6.94e-13
 7.96782e+16	1.00e+00	1.46e-06	4.34e-13
 8.14726e+16	1.00e+00	1.15e-06	2.71e-13
 8.33146e+16	1.00e+00	9.11e-07	1.69e-13
 8.52189e+16	1.00e+00	7.16e-07	1.05e-13
 8.71945e+16	1.00e+00	5.61e-07	6.43e-14
 8.92452e+16	1.00e+00	4.38e-07	3.93e-14
 9.13818e+16	1.00e+00	3.41e-07	2.37e-14
 9.36217e+16	1.00e+00	2.63e-07	1.42e-14
 9.59611e+16	1.00e+00	2.02e-07	8.36e-15
 9.83352e+16	1.00e+00	1.56e-07	4.97e-15
 1.00673e+17	1.00e+00	1.21e-07	3.01e-15
 1.02962e+17	1.00e+00	9.52e-08	1.86e-15
 1.05217e+17	1.00e+00	7.54e-08	1.17e-15
 1.07437e+17	1.00e+00	6.02e-08	7.48e-16
 1.09616e+17	1.00e+00	4.85e-08	4.85e-16
 1.11739e+17	1.00e+00	3.94e-08	3.21e-16
 1.13797e+17	1.00e+00	3.23e-08	2.16e-16
 1.15786e+17	1.00e+00	2.68e-08	1.48e-16
 1.17705e+17	1.00e+00	2.24e-08	1.04e-16
 1.19552e+17	1.00e+00	1.89e-08	7.39e-17
 1.21325e+17	1.00e+00	1.61e-08	5.35e-17
 1.23021e+17	1.00e+00	1.38e-08	3.95e-17
 1.24643e+17	1.00e+00	1.19e-08	2.96e-17
 1.26191e+17	1.00e+00	1.04e-08	2.25e-17
 1.27667e+17	1.00e+00	9.16e-09	1.74e-17
 1.29073e+17	1.00e+00	8.11e-09	1.37e-17
 1.30410e+17	1.00e+00	7.23e-09	1.09e-17
 1.31682e+17	1.00e+00	6.49e-09	8.77e-18
 1.32892e+17	1.00e+00	5.86e-09	7.15e-18
 1.34042e+17	1.00e+00	5.32e-09	5.90e-18
 1.35134e+17	1.00e+00	4.86e-09	4.92e-18
 1.36170e+17	1.00e+00	4.46e-09	4.14e-18
 1.37154e+17	1.00e+00	4.11e-09	3.52e-18
 1.38089e+17	1.00e+00	3.81e-09	3.02e-18
 1.38977e+17	1.00e+00	3.54e-09	2.62e-18
 1.39821e+17	1.00e+00	3.31e-09	2.28e-18
 1.40623e+17	1.00e+00	3.10e-09	2.01e-18
 1.41385e+17	1.00e+00	2.92e-09	1.77e-18
 1.42109e+17	1.00e+00	2.75e-09	1.58e-18
 1.42797e+17	1.00e+00	2.60e-09	1.42e-18
 1.43453e+17	1.00e+00	2.47e-09	1.28e-18
 1.44076e+17	1.00e+00	2.35e-09	1.16e-18
 1.44669e+17	1.00e+00	2.24e-09	1.05e-18
 1.45235e+17	1.00e+00	2.15e-09	9.62e-19
 1.45773e+17	1.00e+00	2.06e-09	8.84e-19
 1.46286e+17	1.00e+00	1.98e-09	8.16e-19
 1.46776e+17	1.00e+00	1.90e-09	7.55e-19
 1.47244e+17	1.00e+00	1.83e-09	7.02e-19
 1.47691e+17	1.00e+00	1.77e-09	6.55e-19
 1.48118e+17	1.00e+00	1.71e-09	6.13e-19
 1.48527e+17	1.00e+00	1.66e-09	5.75e-19
 1.48919e+17	1.00e+00	1.61e-09	5.41e-19
 1.49294e+17	1.00e+00	1.56e-09	5.11e-19
 1.49655e+17	1.00e+00	1.52e-09	4.83e-19
 1.50002e+17	1.00e+00	1.48e-09	4.58e-19
 1.50336e+17	1.00e+00	1.44e-09	4.35e-19
 1.50659e+17	1.00e+00	1.41e-09	4.14e-19
 1.50970e+17	1.00e+00	1.37e-09	3.94e-19
 1.51272e+17	1.00e+00	1.34e-09	3.77e-19
 1.51565e+17	1.00e+00	1.31e-09	3.60e-19
 1.51850e+17	1.00e+00	1.28e-09	3.45e-19
 1.52128e+17	1.00e+00	1.26e-09	3.30e-19
 1.52400e+17	1.00e+00	1.23e-09	3.17e-19
 1.52667e+17	1.00e+00	1.20e-09	3.04e-19
 1.52931e+17	1.00e+00	1.18e-09	2.92e-19
 1.53193e+17	1.00e+00	1.16e-09	2.81e-19
 1.53453e+17	1.00e+00	1.13e-09	2.70e-19
 1.53714e+17	1.00e+00	1.11e-09	2.59e-19
 1.53977e+17	1.00e+00	1.09e-09	2.49e-19
 1.54244e+17	1.00e+00	1.07e-09	2.39e-19
 1.54518e+17	1.00e+00	1.05e-09	2.29e-19
 1.54801e+17	1.00e+00	1.02e-09	2.20e-19
 1.55097e+17	1.00e+00	1.00e-09	2.10e-19
 1.55410e+17	1.00e+00	9.77e-10	2.00e-19
 1.55746e+17	1.00e+00	9.52e-10	1.90e-19
 1.56114e+17	1.00e+00	9.25e-10	1.80e-19
 1.56524e+17	1.00e+00	8.97e-10	1.69e-19
 1.56992e+17	1.00e+00	8.65e-10	1.57e-19
 1.57539e+17	1.00e+00	8.29e-10	1.44e-19
 1.58200e+17	1.00e+00	7.88e-10	1.30e-19
 1.59028e+17	1.00e+00	7.39e-10	1.15e-19
 1.60094e+17	1.00e+00	6.81e-10	9.74e-20
 1.61480e+17	1.00e+00	6.12e-10	7.88e-20
 1.63281e+17	1.00e+00	5.34e-10	5.99e-20
 1.65624e+17	1.00e+00	4.47e-10	4.21e-20
 1.68668e+17	1.00e+00	3.57e-10	2.68e-20
 1.72626e+17	1.00e+00	2.67e-10	1.50e-20
 1.77772e+17	1.00e+00	1.84e-10	7.16e-21
 1.83813e+17	1.00e+00	1.21e-10	0.00e+00
 1.90168e+17	1.00e+00	7.90e-11	0.00e+00
 1.96709e+17	1.00e+00	5.15e-11	0.00e+00
 2.03343e+17	1.00e+00	3.40e-11	0.00e+00
 2.09977e+17	1.00e+00	2.28e-11	0.00e+00
 2.16612e+17	1.00e+00	1.56e-11	0.00e+00
 2.23246e+17	1.00e+00	1.09e-11	0.00e+00
 2.29881e+17	1.00e+00	7.91e-12	0.00e+00
 2.36515e+17	1.00e+00	5.90e-12	0.00e+00
 2.43149e+17	1.00e+00	4.58e-12	0.00e+00
 2.49784e+17	1.00e+00	3.69e-12	0.00e+00
 2.56418e+17	1.00e+00	3.08e-12	0.00e+00
 2.63052e+17	1.00e+00	2.66e-12	0.00e+00
 2.69687e+17	1.00e+00	2.36e-12	0.00e+00
 2.76321e+17	1.00e+00	2.15e-12	0.00e+00
 2.82956e+17	1.00e+00	1.99e-12	0.00e+00
 2.89590e+17	1.00e+00	1.86e-12	0.00e+00
 2.96224e+17	1.00e+00	1.76e-12	0.00e+00
 3.02859e+17	1.00e+00	1.67e-12	0.00e+00
 3.09493e+17	1.00e+00	1.60e-12	0.00e+00
 3.16127e+17	1.00e+00	1.53e-12	0.00e+00
 3.23757e+17	1.00e+00	1.47e-12	0.00e+00
 3.33676e+17	1.00e+00	1.18e-12	0.00e+00
 3.46068e+17	1.00e+00	8.20e-13	0.00e+00
 3.59911e+17	1.00e+00	5.59e-13	0.00e+00
 3.73798e+17	1.00e+00	4.64e-13	0.00e+00
 3.86655e+17	1.00e+00	4.37e-13	0.00e+00
 3.97910e+17	1.00e+00	4.72e-13	0.00e+00
 4.07940e+17	1.00e+00	5.10e-13	0.00e+00
 4.17454e+17	1.00e+00	5.13e-13	0.00e+00
 4.26801e+17	1.00e+00	4.76e-13	0.00e+00
 4.35676e+17	1.00e+00	4.32e-13	0.00e+00
 4.42853e+17	1.00e+00	4.10e-13	0.00e+00
 4.47330e+17	1.00e+00	4.52e-13	0.00e+00
 4.49642e+17	1.00e+00	5.04e-13	0.00e+00
 4.50878e+17	1.00e+00	5.34e-13	0.00e+00
 4.51620e+17	1.00e+00	5.51e-13	0.00e+00
 4.52091e+17	1.00e+00	5.60e-13	0.00e+00
 4.52468e+17	1.00e+00	5.66e-13	0.00e+00
 4.52893e+17	1.00e+00	5.72e-13	0.00e+00
 4.53432e+17	1.00e+00	5.76e-13	0.00e+00
 4.53987e+17	1.00e+00	5.80e-13	0.00e+00
 4.54431e+17	1.00e+00	5.83e-13	0.00e+00
 4.54770e+17	1.00e+00	5.85e-13	0.00e+00
 4.55072e+17	1.00e+00	5.86e-13	0.00e+00
 4.55412e+17	1.00e+00	5.87e-13	0.00e+00
 4.55785e+17	1.00e+00	5.87e-13	0.00e+00
 4.56125e+17	1.00e+00	5.87e-13	0.00e+00
 4.56402e+17	1.00e+00	5.87e-13	0.00e+00
 4.56629e+17	1.00e+00	5.87e-13	0.00e+00
 4.56850e+17	1.00e+00	5.87e-13	0.00e+00
 4.57101e+17	1.00e+00	5.86e-13	0.00e+00
 4.57366e+17	1.00e+00	5.85e-13	0.00e+00
 4.57615e+17	1.00e+00	5.84e-13	0.00e+00
 4.57830e+17	1.00e+00	5.83e-13	0.00e+00
 4.58017e+17	1.00e+00	5.82e-13	0.00e+00
 4.58202e+17	1.00e+00	5.81e-13	0.00e+00
 4.58405e+17	1.00e+00	5.80e-13	0.00e+00
 4.58621e+17	1.00e+00	5.78e-13	0.00e+00
 4.58819e+17	1.00e+00	5.77e-13	0.00e+00
 4.58987e+17	1.00e+00	5.75e-13	0.00e+00
 4.59139e+17	1.00e+00	5.75e-13	0.00e+00
 4.59307e+17	1.00e+00	5.73e-13	0.00e+00
 4.59500e+17	1.00e+00	5.71e-13	0.00e+00
 4.59689e+17	1.00e+00	5.69e-13	0.00e+00
 4.59852e+17	1.00e+00	5.68e-13	0.00e+00
 4.60002e+17	1.00e+00	5.66e-13	0.00e+00
 4.60160e+17	1.00e+00	5.65e-13	0.00e+00
 4.60331e+17	1.00e+00	5.63e-13	0.00e+00
 4.60510e+17	1.00e+00	5.61e-13	0.00e+00
 4.60682e+17	1.00e+00	5.58e-13	0.00e+00
 4.60838e+17	1.00e+00	5.57e-13	0.00e+00
 4.60992e+17	1.00e+00	5.55e-13	0.00e+00
 4.61158e+17	1.00e+00	5.53e-13	0.00e+00
 4.61340e+17	1.00e+00	5.50e-13	0.00e+00
 4.61530e+17	1.00e+00	5.48e-13	0.00e+00
 4.61709e+17	1.00e+00	5.45e-13	0.00e+00
 4.61868e+17	1.00e+00	5.43e-13	0.00e+00
 4.62037e+17	1.00e+00	5.41e-13	0.00e+00
 4.62252e+17	1.00e+00	5.38e-13	0.00e+00
 4.62490e+17	1.00e+00	5.34e-13	0.00e+00
 4.62696e+17	1.00e+00	5.30e-13	0.00e+00
 4.62868e+17	1.00e+00	5.27e-13	0.00e+00
 4.63050e+17	1.00e+00	5.25e-13	0.00e+00
 4.63266e+17	1.00e+00	5.21e-13	0.00e+00
 4.63495e+17	1.00e+00	5.17e-13	0.00e+00
 4.63717e+17	1.00e+00	5.14e-13	0.00e+00
 4.63947e+17	1.00e+00	5.10e-13	0.00e+00
 4.64182e+17	1.00e+00	5.06e-13	0.00e+00
 4.64421e+17	1.00e+00	5.02e-13	0.00e+00
 4.64665e+17	1.00e+00	4.97e-13	0.00e+00
 4.64915e+17	1.00e+00	4.93e-13	0.00e+00
 4.65184e+17	1.00e+00	4.88e-13	0.00e+00
 4.65456e+17	1.00e+00	4.83e-13	0.00e+00
 4.65729e+17	1.00e+00	4.78e-13	0.00e+00
 4.66007e+17	1.00e+00	4.73e-13	0.00e+00
 4.66298e+17	1.00e+00	4.68e-13	0.00e+00
 4.66610e+17	1.00e+00	4.62e-13	0.00e+00
 4.66934e+17	1.00e+00	4.56e-13	0.00e+00
 4.67259e+17	1.00e+00	4.50e-13	0.00e+00
 4.67583e+17	1.00e+00	4.44e-13	0.00e+00
 4.67912e+17	1.00e+00	4.38e-13	0.00e+00
 4.68256e+17	1.00e+00	4.31e-13	0.00e+00
 4.68607e+17	1.00e+00	4.25e-13	0.00e+00
 4.68988e+17	1.00e+00	4.18e-13	0.00e+00
 4.69398e+17	1.00e+00	4.10e-13	0.00e+00
 4.69797e+17	1.00e+00	4.02e-13	0.00e+00
 4.70188e+17	1.00e+00	3.94e-13	0.00e+00
 4.70584e+17	1.00e+00	3.87e-13	0.00e+00
 4.71014e+17	1.00e+00	3.80e-13	0.00e+00
 4.71488e+17	1.00e+00	3.71e-13	0.00e+00
 4.71959e+17	1.00e+00	3.61e-13	0.00e+00
 4.72391e+17	1.00e+00	3.53e-13	0.00e+00
 4.72834e+17	1.00e+00	3.46e-13	0.00e+00
 4.73332e+17	1.00e+00	3.37e-13	0.00e+00
 4.73870e+17	1.00e+00	3.27e-13	0.00e+00
 4.74406e+17	1.00e+00	3.17e-13	0.00e+00
 4.74918e+17	1.00e+00	3.08e-13	0.00e+00
 4.75421e+17	1.00e+00	2.99e-13	0.00e+00
 4.75947e+17	1.00e+00	2.90e-13	0.00e+00
 4.76527e+17	1.00e+00	2.81e-13	0.00e+00
 4.77138e+17	1.00e+00	2.70e-13	0.00e+00
 4.77737e+17	1.00e+00	2.60e-13	0.00e+00
 4.78317e+17	1.00e+00	2.50e-13	0.00e+00
 4.78905e+17	1.00e+00	2.41e-13	0.00e+00
 4.79523e+17	1.00e+00	2.32e-13	0.00e+00
 4.80179e+17	1.00e+00	2.22e-13	0.00e+00
 4.80853e+17	1.00e+00	2.12e-13	0.00e+00
 4.81525e+17	1.00e+00	2.02e-13	0.00e+00
 4.82187e+17	1.00e+00	1.92e-13	0.00e+00
 4.82869e+17	1.00e+00	1.83e-13	0.00e+00
 4.83588e+17	1.00e+00	1.73e-13	0.00e+00
 4.84338e+17	1.00e+00	1.64e-13	0.00e+00
 4.85089e+17	1.00e+00	1.54e-13	0.00e+00
 4.85839e+17	1.00e+00	1.45e-13	0.00e+00
 4.86607e+17	1.00e+00	1.36e-13	0.00e+00
 4.87388e+17	1.00e+00	1.27e-13	0.00e+00
 4.88197e+17	1.00e+00	1.19e-13	0.00e+00
 4.89062e+17	1.00e+00	1.10e-13	0.00e+00
 4.89975e+17	1.00e+00	1.01e-13	0.00e+00
 4.90843e+17	1.00e+00	9.25e-14	0.00e+00
 4.91572e+17	1.00e+00	8.56e-14	0.00e+00
 4.92163e+17	1.00e+00	8.02e-14	0.00e+00
 4.92684e+17	1.00e+00	7.61e-14	0.00e+00
 4.93207e+17	1.00e+00	7.21e-14	0.00e+00
 4.93758e+17	1.00e+00	6.84e-14	0.00e+00
 4.94295e+17	1.00e+00	6.44e-14	0.00e+00
 4.94776e+17	1.00e+00	6.10e-14	0.00e+00
 4.95199e+17	1.00e+00	5.81e-14	0.00e+00
 4.95596e+17	1.00e+00	5.57e-14	0.00e+00
 4.95996e+17	1.00e+00	5.33e-14	0.00e+00
 4.96402e+17	1.00e+00	5.09e-14	0.00e+00
 4.96795e+17	1.00e+00	4.86e-14	0.00e+00
 4.97159e+17	1.00e+00	4.65e-14	0.00e+00
 4.97497e+17	1.00e+00	4.46e-14	0.00e+00
 4.97823e+17	1.00e+00	4.29e-14	0.00e+00
 4.98149e+17	1.00e+00	4.13e-14	0.00e+00
 4.98472e+17	1.00e+00	3.97e-14	0.00e+00
 4.98783e+17	1.00e+00	3.81e-14	0.00e+00
 4.99078e+17	1.00e+00	3.67e-14	0.00e+00
 4.99358e+17	1.00e+00	3.54e-14	0.00e+00
 4.99632e+17	1.00e+00	3.41e-14	0.00e+00
 4.99901e+17	1.00e+00	3.29e-14	0.00e+00
 5.00166e+17	1.00e+00	3.17e-14	0.00e+00
 5.00421e+17	1.00e+00	3.06e-14	0.00e+00
 5.00665e+17	1.00e+00	2.96e-14	0.00e+00
 5.00900e+17	1.00e+00	2.86e-14	0.00e+00
 5.01129e+17	1.00e+00	2.77e-14	0.00e+00
 5.01355e+17	1.00e+00	2.67e-14	0.00e+00
 5.01614e+17	1.00e+00	2.59e-14	0.00e+00
