#depth	N	N+	N+2	N+3	N+4	N+5	N+6	N+7
 1.49634e+10	0.00e+00	0.00e+00	1.17e-31	4.10e-21	2.60e-11	5.22e-01	4.78e-01	1.62e-04
 4.54887e+10	0.00e+00	8.60e-43	1.54e-31	4.98e-21	2.92e-11	5.41e-01	4.59e-01	1.44e-04
 7.72350e+10	0.00e+00	0.00e+00	2.02e-31	6.03e-21	3.27e-11	5.61e-01	4.39e-01	1.27e-04
 1.10251e+11	0.00e+00	1.73e-42	2.65e-31	7.31e-21	3.66e-11	5.80e-01	4.20e-01	1.12e-04
 1.44588e+11	0.00e+00	0.00e+00	3.46e-31	8.83e-21	4.09e-11	6.00e-01	4.00e-01	9.90e-05
 1.80298e+11	0.00e+00	3.45e-42	4.52e-31	1.07e-20	4.57e-11	6.18e-01	3.81e-01	8.72e-05
 2.17437e+11	0.00e+00	0.00e+00	5.89e-31	1.29e-20	5.09e-11	6.37e-01	3.63e-01	7.66e-05
 2.56061e+11	0.00e+00	6.86e-42	7.67e-31	1.55e-20	5.66e-11	6.55e-01	3.45e-01	6.73e-05
 2.96231e+11	0.00e+00	0.00e+00	9.97e-31	1.86e-20	6.29e-11	6.73e-01	3.27e-01	5.90e-05
 3.38007e+11	0.00e+00	1.35e-41	1.29e-30	2.23e-20	6.98e-11	6.90e-01	3.10e-01	5.16e-05
 3.80560e+11	0.00e+00	0.00e+00	1.67e-30	2.67e-20	7.72e-11	7.07e-01	2.93e-01	4.52e-05
 4.24816e+11	0.00e+00	2.63e-41	2.15e-30	3.18e-20	8.53e-11	7.23e-01	2.77e-01	3.96e-05
 4.71735e+11	0.00e+00	0.00e+00	2.78e-30	3.80e-20	9.43e-11	7.39e-01	2.61e-01	3.45e-05
 5.20531e+11	0.00e+00	5.14e-41	3.60e-30	4.54e-20	1.04e-10	7.54e-01	2.46e-01	3.01e-05
 5.71279e+11	0.00e+00	0.00e+00	4.64e-30	5.42e-20	1.15e-10	7.68e-01	2.32e-01	2.61e-05
 6.24057e+11	0.00e+00	1.00e-40	5.99e-30	6.46e-20	1.26e-10	7.82e-01	2.18e-01	2.27e-05
 6.73311e+11	0.00e+00	0.00e+00	7.51e-30	7.55e-20	1.38e-10	7.94e-01	2.06e-01	2.00e-05
 7.16716e+11	0.00e+00	1.74e-40	9.12e-30	8.63e-20	1.48e-10	8.04e-01	1.96e-01	1.79e-05
 7.65151e+11	0.00e+00	0.00e+00	1.12e-29	9.96e-20	1.60e-10	8.15e-01	1.85e-01	1.59e-05
 8.23341e+11	0.00e+00	3.13e-40	1.43e-29	1.18e-19	1.75e-10	8.26e-01	1.74e-01	1.38e-05
 8.81839e+11	0.00e+00	0.00e+00	1.80e-29	1.38e-19	1.91e-10	8.37e-01	1.63e-01	1.21e-05
 9.35594e+11	0.00e+00	5.58e-40	2.22e-29	1.59e-19	2.06e-10	8.46e-01	1.54e-01	1.07e-05
 9.95557e+11	0.00e+00	0.00e+00	2.77e-29	1.85e-19	2.24e-10	8.55e-01	1.45e-01	9.36e-06
 1.06500e+12	0.00e+00	1.03e-39	3.54e-29	2.19e-19	2.45e-10	8.65e-01	1.35e-01	8.07e-06
 1.13291e+12	0.00e+00	0.00e+00	4.47e-29	2.56e-19	2.66e-10	8.73e-01	1.27e-01	7.01e-06
 1.19727e+12	0.00e+00	1.86e-39	5.52e-29	2.96e-19	2.87e-10	8.81e-01	1.19e-01	6.16e-06
 1.26882e+12	0.00e+00	0.00e+00	6.92e-29	3.45e-19	3.11e-10	8.88e-01	1.12e-01	5.36e-06
 1.34950e+12	0.00e+00	3.46e-39	8.85e-29	4.07e-19	3.40e-10	8.96e-01	1.04e-01	4.61e-06
 1.43060e+12	0.00e+00	0.00e+00	1.12e-28	4.78e-19	3.70e-10	9.03e-01	9.66e-02	3.97e-06
 1.51496e+12	0.00e+00	6.48e-39	1.42e-28	5.62e-19	4.02e-10	9.10e-01	8.98e-02	3.43e-06
 1.60548e+12	0.00e+00	0.00e+00	1.81e-28	6.63e-19	4.39e-10	9.17e-01	8.33e-02	2.94e-06
 1.69963e+12	0.00e+00	1.24e-38	2.32e-28	7.82e-19	4.78e-10	9.23e-01	7.73e-02	2.51e-06
 1.79754e+12	0.00e+00	0.00e+00	2.95e-28	9.21e-19	5.21e-10	9.28e-01	7.16e-02	2.15e-06
 1.89937e+12	0.00e+00	2.35e-38	3.77e-28	1.09e-18	5.67e-10	9.34e-01	6.63e-02	1.84e-06
 2.00527e+12	0.00e+00	0.00e+00	4.80e-28	1.28e-18	6.17e-10	9.39e-01	6.13e-02	1.57e-06
 2.11541e+12	0.00e+00	4.48e-38	6.12e-28	1.51e-18	6.71e-10	9.43e-01	5.67e-02	1.34e-06
 2.22995e+12	0.00e+00	0.00e+00	7.81e-28	1.77e-18	7.30e-10	9.48e-01	5.24e-02	1.15e-06
 2.34907e+12	0.00e+00	8.53e-38	9.95e-28	2.09e-18	7.94e-10	9.52e-01	4.84e-02	9.79e-07
 2.47296e+12	0.00e+00	0.00e+00	1.27e-27	2.46e-18	8.63e-10	9.55e-01	4.47e-02	0.00e+00
 2.60181e+12	0.00e+00	1.62e-37	1.62e-27	2.90e-18	9.39e-10	9.59e-01	4.13e-02	0.00e+00
 2.72749e+12	0.00e+00	0.00e+00	2.03e-27	3.38e-18	1.01e-09	9.62e-01	3.83e-02	0.00e+00
 2.84694e+12	0.00e+00	2.90e-37	2.50e-27	3.88e-18	1.09e-09	9.64e-01	3.57e-02	0.00e+00
 2.97948e+12	0.00e+00	0.00e+00	3.13e-27	4.52e-18	1.18e-09	9.67e-01	3.32e-02	0.00e+00
 3.12419e+12	0.00e+00	5.33e-37	3.96e-27	5.29e-18	1.28e-09	9.69e-01	3.06e-02	0.00e+00
 3.26368e+12	0.00e+00	0.00e+00	4.93e-27	6.13e-18	1.37e-09	9.72e-01	2.85e-02	0.00e+00
 3.41314e+12	0.00e+00	9.63e-37	6.18e-27	7.13e-18	1.49e-09	9.74e-01	2.64e-02	0.00e+00
 3.57960e+12	0.00e+00	0.00e+00	7.88e-27	8.40e-18	1.61e-09	9.76e-01	2.43e-02	0.00e+00
 3.74744e+12	0.00e+00	1.82e-36	9.97e-27	9.84e-18	1.75e-09	9.78e-01	2.24e-02	0.00e+00
 3.92199e+12	5.15e-47	2.49e-36	1.26e-26	1.15e-17	1.90e-09	9.79e-01	2.07e-02	0.00e+00
 4.10880e+12	0.00e+00	0.00e+00	1.61e-26	1.36e-17	2.06e-09	9.81e-01	1.91e-02	0.00e+00
 4.30308e+12	0.00e+00	4.76e-36	2.06e-26	1.60e-17	2.24e-09	9.82e-01	1.75e-02	0.00e+00
 4.50513e+12	1.73e-46	6.58e-36	2.63e-26	1.89e-17	2.43e-09	9.84e-01	1.61e-02	0.00e+00
 4.71526e+12	0.00e+00	0.00e+00	3.35e-26	2.22e-17	2.64e-09	9.85e-01	1.48e-02	0.00e+00
 4.93379e+12	0.00e+00	1.26e-35	4.29e-26	2.62e-17	2.87e-09	9.86e-01	1.37e-02	0.00e+00
 5.16107e+12	5.86e-46	1.75e-35	5.48e-26	3.09e-17	3.12e-09	9.87e-01	1.26e-02	0.00e+00
 5.39744e+12	0.00e+00	0.00e+00	7.01e-26	3.65e-17	3.39e-09	9.88e-01	1.15e-02	0.00e+00
 5.64327e+12	0.00e+00	3.36e-35	8.97e-26	4.30e-17	3.69e-09	9.89e-01	1.06e-02	0.00e+00
 5.87521e+12	1.92e-45	4.52e-35	1.12e-25	5.00e-17	3.98e-09	9.90e-01	9.83e-03	0.00e+00
 6.08388e+12	0.00e+00	0.00e+00	1.36e-25	5.71e-17	4.25e-09	9.91e-01	9.19e-03	0.00e+00
 6.31860e+12	0.00e+00	7.78e-35	1.69e-25	6.59e-17	4.57e-09	9.91e-01	8.54e-03	0.00e+00
 6.59525e+12	5.66e-45	1.07e-34	2.16e-25	7.77e-17	4.97e-09	9.92e-01	7.86e-03	0.00e+00
 6.87132e+12	0.00e+00	0.00e+00	2.73e-25	9.10e-17	5.38e-09	9.93e-01	7.25e-03	0.00e+00
 7.13222e+12	0.00e+00	1.95e-34	3.38e-25	1.05e-16	5.79e-09	9.93e-01	6.74e-03	0.00e+00
 7.42122e+12	1.74e-44	2.64e-34	4.25e-25	1.23e-16	6.26e-09	9.94e-01	6.23e-03	0.00e+00
 7.74799e+12	0.00e+00	3.68e-34	5.46e-25	1.45e-16	6.82e-09	9.94e-01	5.72e-03	0.00e+00
 8.07572e+12	3.93e-44	5.08e-34	6.97e-25	1.71e-16	7.41e-09	9.95e-01	5.26e-03	0.00e+00
 8.41656e+12	0.00e+00	7.01e-34	8.89e-25	2.02e-16	8.05e-09	9.95e-01	4.84e-03	0.00e+00
 8.78315e+12	8.93e-44	9.80e-34	1.15e-24	2.40e-16	8.78e-09	9.96e-01	4.44e-03	0.00e+00
 9.12749e+12	0.00e+00	1.33e-33	1.44e-24	2.80e-16	9.50e-09	9.96e-01	4.10e-03	0.00e+00
 9.43564e+12	1.81e-43	1.72e-33	1.76e-24	3.20e-16	1.02e-08	9.96e-01	3.83e-03	0.00e+00
 9.78225e+12	0.00e+00	2.30e-33	2.19e-24	3.72e-16	1.10e-08	9.96e-01	3.55e-03	0.00e+00
 1.01927e+13	3.89e-43	3.19e-33	2.80e-24	4.39e-16	1.19e-08	9.97e-01	3.26e-03	0.00e+00
 1.06040e+13	0.00e+00	4.38e-33	3.56e-24	5.18e-16	1.30e-08	9.97e-01	3.00e-03	0.00e+00
 1.09902e+13	8.31e-43	5.87e-33	4.45e-24	6.02e-16	1.40e-08	9.97e-01	2.78e-03	0.00e+00
 1.14180e+13	0.00e+00	7.98e-33	5.62e-24	7.06e-16	1.52e-08	9.97e-01	2.57e-03	0.00e+00
 1.19047e+13	1.87e-42	1.12e-32	7.30e-24	8.43e-16	1.66e-08	9.98e-01	2.35e-03	0.00e+00
 1.23824e+13	0.00e+00	1.55e-32	9.32e-24	9.97e-16	1.81e-08	9.98e-01	2.16e-03	0.00e+00
 1.28792e+13	4.17e-42	2.14e-32	1.19e-23	1.18e-15	1.97e-08	9.98e-01	1.98e-03	0.00e+00
 1.34243e+13	0.00e+00	3.01e-32	1.54e-23	1.41e-15	2.16e-08	9.98e-01	1.81e-03	0.00e+00
 1.39756e+13	9.63e-42	4.21e-32	2.00e-23	1.68e-15	2.36e-08	9.98e-01	1.65e-03	0.00e+00
 1.45489e+13	0.00e+00	5.87e-32	2.58e-23	2.00e-15	2.59e-08	9.98e-01	1.51e-03	0.00e+00
 1.51608e+13	2.23e-41	8.27e-32	3.35e-23	2.40e-15	2.84e-08	9.99e-01	1.38e-03	0.00e+00
 1.57685e+13	0.00e+00	1.15e-31	4.31e-23	2.85e-15	3.10e-08	9.99e-01	1.26e-03	0.00e+00
 1.64005e+13	5.02e-41	1.59e-31	5.54e-23	3.40e-15	3.39e-08	9.99e-01	1.16e-03	0.00e+00
 1.70864e+13	0.00e+00	2.24e-31	7.22e-23	4.08e-15	3.73e-08	9.99e-01	1.05e-03	0.00e+00
 1.77998e+13	1.17e-40	3.16e-31	9.39e-23	4.90e-15	4.10e-08	9.99e-01	9.60e-04	0.00e+00
 1.85417e+13	0.00e+00	4.45e-31	1.22e-22	5.89e-15	4.51e-08	9.99e-01	8.73e-04	0.00e+00
 1.93133e+13	2.72e-40	6.26e-31	1.59e-22	7.08e-15	4.97e-08	9.99e-01	7.95e-04	0.00e+00
 2.01158e+13	0.00e+00	8.79e-31	2.07e-22	8.52e-15	5.47e-08	9.99e-01	7.23e-04	0.00e+00
 2.08435e+13	5.96e-40	1.18e-30	2.61e-22	1.00e-14	5.95e-08	9.99e-01	6.65e-04	0.00e+00
 2.14532e+13	0.00e+00	1.50e-30	3.15e-22	1.14e-14	6.38e-08	9.99e-01	6.21e-04	0.00e+00
 2.21224e+13	1.09e-39	1.94e-30	3.84e-22	1.31e-14	6.86e-08	9.99e-01	5.78e-04	0.00e+00
 2.29657e+13	0.00e+00	2.64e-30	4.89e-22	1.56e-14	7.51e-08	9.99e-01	5.29e-04	0.00e+00
 2.38431e+13	2.34e-39	3.60e-30	6.22e-22	1.85e-14	8.22e-08	1.00e+00	4.84e-04	0.00e+00
 2.45962e+13	0.00e+00	4.65e-30	7.60e-22	2.14e-14	8.86e-08	1.00e+00	4.50e-04	0.00e+00
 2.53795e+13	4.37e-39	6.01e-30	9.30e-22	2.47e-14	9.56e-08	1.00e+00	4.17e-04	0.00e+00
 2.63537e+13	0.00e+00	8.17e-30	1.18e-21	2.93e-14	1.05e-07	1.00e+00	3.82e-04	0.00e+00
 2.73399e+13	9.13e-39	1.10e-29	1.50e-21	3.47e-14	1.15e-07	1.00e+00	3.49e-04	0.00e+00
 2.82011e+13	0.00e+00	1.41e-29	1.82e-21	3.99e-14	1.24e-07	1.00e+00	3.25e-04	0.00e+00
 2.91357e+13	1.70e-38	1.83e-29	2.24e-21	4.63e-14	1.34e-07	1.00e+00	3.00e-04	0.00e+00
 3.02722e+13	0.00e+00	2.49e-29	2.85e-21	5.51e-14	1.47e-07	1.00e+00	2.74e-04	0.00e+00
 3.14280e+13	3.53e-38	3.35e-29	3.60e-21	6.53e-14	1.61e-07	1.00e+00	2.51e-04	0.00e+00
 3.24906e+13	0.00e+00	4.35e-29	4.43e-21	7.58e-14	1.74e-07	1.00e+00	2.32e-04	0.00e+00
 3.36750e+13	6.81e-38	5.77e-29	5.54e-21	8.90e-14	1.90e-07	1.00e+00	2.13e-04	0.00e+00
 3.50463e+13	0.00e+00	7.87e-29	7.09e-21	1.06e-13	2.09e-07	1.00e+00	1.94e-04	0.00e+00
 3.63971e+13	1.42e-37	1.06e-28	8.94e-21	1.26e-13	2.28e-07	1.00e+00	1.78e-04	0.00e+00
 3.76919e+13	0.00e+00	1.38e-28	1.11e-20	1.47e-13	2.48e-07	1.00e+00	1.64e-04	0.00e+00
 3.91195e+13	2.78e-37	1.84e-28	1.39e-20	1.73e-13	2.71e-07	1.00e+00	1.50e-04	0.00e+00
 4.07142e+13	0.00e+00	2.50e-28	1.77e-20	2.06e-13	2.98e-07	1.00e+00	1.37e-04	0.00e+00
 4.21648e+13	5.55e-37	3.27e-28	2.19e-20	2.41e-13	3.23e-07	1.00e+00	1.26e-04	0.00e+00
 4.33868e+13	0.00e+00	4.06e-28	2.60e-20	2.72e-13	3.46e-07	1.00e+00	1.18e-04	0.00e+00
 4.47311e+13	9.57e-37	5.12e-28	3.12e-20	3.11e-13	3.71e-07	1.00e+00	1.10e-04	0.00e+00
 4.62482e+13	0.00e+00	6.59e-28	3.81e-20	3.59e-13	4.01e-07	1.00e+00	1.02e-04	0.00e+00
 4.76999e+13	1.72e-36	8.32e-28	4.59e-20	4.11e-13	4.31e-07	1.00e+00	9.50e-05	0.00e+00
 4.92972e+13	0.00e+00	1.07e-27	5.59e-20	4.73e-13	4.65e-07	1.00e+00	8.81e-05	0.00e+00
 5.10720e+13	3.22e-36	1.39e-27	6.89e-20	5.51e-13	5.04e-07	1.00e+00	8.13e-05	0.00e+00
 5.27357e+13	0.00e+00	1.77e-27	8.34e-20	6.31e-13	5.43e-07	1.00e+00	7.56e-05	0.00e+00
 5.45566e+13	5.88e-36	2.29e-27	1.02e-19	7.29e-13	5.87e-07	1.00e+00	7.01e-05	0.00e+00
 5.66045e+13	0.00e+00	3.01e-27	1.27e-19	8.53e-13	6.38e-07	1.00e+00	6.45e-05	0.00e+00
 5.85610e+13	1.12e-35	3.89e-27	1.55e-19	9.85e-13	6.89e-07	1.00e+00	5.98e-05	0.00e+00
 6.07039e+13	0.00e+00	5.09e-27	1.92e-19	1.15e-12	7.47e-07	1.00e+00	5.52e-05	0.00e+00
 6.29719e+13	2.17e-35	6.70e-27	2.38e-19	1.34e-12	8.12e-07	1.00e+00	5.08e-05	0.00e+00
 6.49560e+13	0.00e+00	8.44e-27	2.86e-19	1.52e-12	8.71e-07	1.00e+00	4.75e-05	0.00e+00
 6.70742e+13	3.86e-35	1.07e-26	3.45e-19	1.74e-12	9.35e-07	1.00e+00	4.42e-05	0.00e+00
 6.96519e+13	0.00e+00	1.42e-26	4.30e-19	2.04e-12	1.02e-06	1.00e+00	4.07e-05	0.00e+00
 7.22206e+13	7.57e-35	1.87e-26	5.32e-19	2.37e-12	1.10e-06	1.00e+00	3.76e-05	0.00e+00
 7.44882e+13	0.00e+00	2.36e-26	6.38e-19	2.70e-12	1.18e-06	1.00e+00	3.51e-05	0.00e+00
 7.69706e+13	1.36e-34	3.01e-26	7.74e-19	3.09e-12	1.27e-06	1.00e+00	3.27e-05	0.00e+00
 7.99561e+13	0.00e+00	4.00e-26	9.67e-19	3.62e-12	1.38e-06	1.00e+00	3.01e-05	0.00e+00
 8.29426e+13	2.68e-34	5.27e-26	1.20e-18	4.22e-12	1.50e-06	1.00e+00	2.78e-05	0.00e+00
 8.56605e+13	3.61e-34	6.71e-26	1.45e-18	4.82e-12	1.61e-06	1.00e+00	2.59e-05	0.00e+00
 8.86824e+13	4.97e-34	8.72e-26	1.77e-18	5.56e-12	1.73e-06	1.00e+00	2.40e-05	0.00e+00
 9.22131e+13	7.11e-34	1.17e-25	2.23e-18	6.53e-12	1.89e-06	1.00e+00	2.21e-05	0.00e+00
 9.56981e+13	1.00e-33	1.54e-25	2.77e-18	7.60e-12	2.04e-06	1.00e+00	2.04e-05	0.00e+00
 9.89960e+13	1.37e-33	1.99e-25	3.38e-18	8.74e-12	2.20e-06	1.00e+00	1.89e-05	0.00e+00
 1.02659e+14	1.91e-33	2.62e-25	4.18e-18	1.01e-11	2.38e-06	1.00e+00	1.75e-05	0.00e+00
 1.06796e+14	2.76e-33	3.53e-25	5.27e-18	1.19e-11	2.59e-06	1.00e+00	1.61e-05	0.00e+00
 1.10957e+14	3.94e-33	4.72e-25	6.59e-18	1.39e-11	2.81e-06	1.00e+00	1.48e-05	0.00e+00
 1.15284e+14	5.63e-33	6.31e-25	8.26e-18	1.63e-11	3.05e-06	1.00e+00	1.37e-05	0.00e+00
 1.19926e+14	8.13e-33	8.52e-25	1.04e-17	1.91e-11	3.32e-06	1.00e+00	1.26e-05	0.00e+00
 1.24753e+14	1.18e-32	1.15e-24	1.31e-17	2.25e-11	3.61e-06	1.00e+00	1.16e-05	0.00e+00
 1.29358e+14	1.65e-32	1.52e-24	1.62e-17	2.60e-11	3.90e-06	1.00e+00	1.07e-05	0.00e+00
 1.33565e+14	2.23e-32	1.94e-24	1.96e-17	2.96e-11	4.17e-06	1.00e+00	1.00e-05	0.00e+00
 1.37531e+14	2.94e-32	2.42e-24	2.33e-17	3.34e-11	4.44e-06	1.00e+00	9.43e-06	0.00e+00
 1.41910e+14	3.96e-32	3.08e-24	2.80e-17	3.79e-11	4.74e-06	1.00e+00	8.84e-06	0.00e+00
 1.46820e+14	5.45e-32	4.00e-24	3.42e-17	4.35e-11	5.09e-06	1.00e+00	8.23e-06	0.00e+00
 1.51464e+14	7.35e-32	5.09e-24	4.12e-17	4.93e-11	5.43e-06	1.00e+00	7.71e-06	0.00e+00
 1.56544e+14	1.01e-31	6.56e-24	5.00e-17	5.63e-11	5.82e-06	1.00e+00	7.20e-06	0.00e+00
 1.62244e+14	1.41e-31	8.64e-24	6.18e-17	6.51e-11	6.27e-06	1.00e+00	6.69e-06	0.00e+00
 1.67531e+14	1.92e-31	1.11e-23	7.47e-17	7.41e-11	6.70e-06	1.00e+00	6.26e-06	0.00e+00
 1.72436e+14	2.54e-31	1.38e-23	8.85e-17	8.32e-11	7.11e-06	1.00e+00	5.90e-06	0.00e+00
 1.78058e+14	3.45e-31	1.78e-23	1.07e-16	9.47e-11	7.60e-06	1.00e+00	5.52e-06	0.00e+00
 1.84876e+14	4.95e-31	2.38e-23	1.34e-16	1.10e-10	8.22e-06	1.00e+00	5.11e-06	0.00e+00
 1.91604e+14	7.00e-31	3.14e-23	1.65e-16	1.27e-10	8.84e-06	1.00e+00	4.75e-06	0.00e+00
 1.97502e+14	9.40e-31	3.98e-23	1.98e-16	1.44e-10	9.41e-06	1.00e+00	4.46e-06	0.00e+00
 2.03967e+14	1.28e-30	5.12e-23	2.39e-16	1.63e-10	1.00e-05	1.00e+00	4.18e-06	0.00e+00
 2.11789e+14	1.85e-30	6.87e-23	2.99e-16	1.90e-10	1.08e-05	1.00e+00	3.87e-06	0.00e+00
 2.19633e+14	2.64e-30	9.14e-23	3.72e-16	2.20e-10	1.17e-05	1.00e+00	3.59e-06	0.00e+00
 2.26729e+14	3.60e-30	1.17e-22	4.49e-16	2.50e-10	1.25e-05	1.00e+00	3.37e-06	0.00e+00
 2.34592e+14	5.03e-30	1.54e-22	5.50e-16	2.86e-10	1.33e-05	1.00e+00	3.15e-06	0.00e+00
 2.43832e+14	7.34e-30	2.08e-22	6.92e-16	3.34e-10	1.44e-05	1.00e+00	2.91e-06	0.00e+00
 2.52960e+14	1.05e-29	2.78e-22	8.61e-16	3.87e-10	1.55e-05	1.00e+00	2.70e-06	0.00e+00
 2.61505e+14	1.46e-29	3.61e-22	1.05e-15	4.42e-10	1.66e-05	1.00e+00	2.53e-06	0.00e+00
 2.71049e+14	2.08e-29	4.80e-22	1.30e-15	5.10e-10	1.79e-05	1.00e+00	2.35e-06	0.00e+00
 2.81921e+14	3.06e-29	6.54e-22	1.64e-15	5.97e-10	1.94e-05	1.00e+00	2.17e-06	0.00e+00
 2.92722e+14	4.44e-29	8.81e-22	2.05e-15	6.94e-10	2.09e-05	1.00e+00	2.01e-06	0.00e+00
 3.03954e+14	6.43e-29	1.19e-21	2.57e-15	8.07e-10	2.25e-05	1.00e+00	1.86e-06	0.00e+00
 3.16143e+14	9.46e-29	1.62e-21	3.25e-15	9.45e-10	2.44e-05	1.00e+00	1.72e-06	0.00e+00
 3.28818e+14	1.39e-28	2.21e-21	4.10e-15	1.11e-09	2.64e-05	1.00e+00	1.59e-06	0.00e+00
 3.41095e+14	2.00e-28	2.95e-21	5.11e-15	1.28e-09	2.84e-05	1.00e+00	1.48e-06	0.00e+00
 3.52638e+14	2.77e-28	3.83e-21	6.23e-15	1.46e-09	3.04e-05	1.00e+00	1.38e-06	0.00e+00
 3.65549e+14	3.94e-28	5.09e-21	7.71e-15	1.69e-09	3.27e-05	1.00e+00	1.28e-06	0.00e+00
 3.78566e+14	5.55e-28	6.70e-21	9.50e-15	1.94e-09	3.51e-05	1.00e+00	1.20e-06	0.00e+00
 3.89371e+14	7.32e-28	8.36e-21	1.12e-14	2.18e-09	3.72e-05	1.00e+00	1.13e-06	0.00e+00
 4.00802e+14	9.71e-28	1.05e-20	1.33e-14	2.44e-09	3.94e-05	1.00e+00	1.06e-06	0.00e+00
 4.15424e+14	1.38e-27	1.39e-20	1.65e-14	2.82e-09	4.24e-05	1.00e+00	9.90e-07	0.00e+00
 4.30754e+14	1.96e-27	1.85e-20	2.05e-14	3.26e-09	4.57e-05	1.00e+00	0.00e+00	0.00e+00
 4.44285e+14	2.66e-27	2.36e-20	2.46e-14	3.70e-09	4.86e-05	1.00e+00	0.00e+00	0.00e+00
 4.58914e+14	3.64e-27	3.04e-20	2.99e-14	4.21e-09	5.20e-05	1.00e+00	0.00e+00	0.00e+00
 4.76542e+14	5.25e-27	4.08e-20	3.74e-14	4.90e-09	5.61e-05	1.00e+00	0.00e+00	0.00e+00
 4.94419e+14	7.52e-27	5.45e-20	4.66e-14	5.68e-09	6.05e-05	1.00e+00	0.00e+00	0.00e+00
 5.11164e+14	1.04e-26	7.09e-20	5.68e-14	6.49e-09	6.48e-05	1.00e+00	0.00e+00	0.00e+00
 5.29792e+14	1.47e-26	9.38e-20	7.03e-14	7.50e-09	6.97e-05	1.00e+00	0.00e+00	0.00e+00
 5.49530e+14	2.10e-26	1.25e-19	8.74e-14	8.68e-09	7.51e-05	1.00e+00	0.00e+00	0.00e+00
 5.67062e+14	2.86e-26	1.60e-19	1.05e-13	9.85e-09	8.01e-05	1.00e+00	0.00e+00	0.00e+00
 5.85916e+14	3.92e-26	2.06e-19	1.28e-13	1.12e-08	8.57e-05	1.00e+00	0.00e+00	0.00e+00
 6.08519e+14	5.66e-26	2.78e-19	1.60e-13	1.31e-08	9.27e-05	1.00e+00	0.00e+00	0.00e+00
 6.30774e+14	8.02e-26	3.68e-19	1.99e-13	1.51e-08	9.98e-05	1.00e+00	0.00e+00	0.00e+00
 6.50589e+14	1.08e-25	4.69e-19	2.39e-13	1.71e-08	1.06e-04	1.00e+00	0.00e+00	0.00e+00
 6.72452e+14	1.49e-25	6.06e-19	2.91e-13	1.96e-08	1.14e-04	1.00e+00	0.00e+00	0.00e+00
 6.98520e+14	2.15e-25	8.16e-19	3.64e-13	2.28e-08	1.23e-04	1.00e+00	0.00e+00	0.00e+00
 7.24364e+14	3.06e-25	1.08e-18	4.52e-13	2.64e-08	1.33e-04	1.00e+00	0.00e+00	0.00e+00
 7.47934e+14	4.17e-25	1.39e-18	5.47e-13	3.00e-08	1.42e-04	1.00e+00	0.00e+00	0.00e+00
 7.74238e+14	5.81e-25	1.82e-18	6.71e-13	3.45e-08	1.52e-04	1.00e+00	0.00e+00	0.00e+00
 8.04902e+14	8.45e-25	2.46e-18	8.45e-13	4.03e-08	1.65e-04	1.00e+00	0.00e+00	0.00e+00
 8.35046e+14	1.20e-24	3.28e-18	1.05e-12	4.68e-08	1.78e-04	1.00e+00	0.00e+00	0.00e+00
 8.63491e+14	1.66e-24	4.25e-18	1.28e-12	5.35e-08	1.91e-04	1.00e+00	0.00e+00	0.00e+00
 8.95155e+14	2.35e-24	5.63e-18	1.59e-12	6.18e-08	2.05e-04	1.00e+00	0.00e+00	0.00e+00
 9.30991e+14	3.43e-24	7.63e-18	2.00e-12	7.24e-08	2.23e-04	1.00e+00	0.00e+00	0.00e+00
 9.66841e+14	4.95e-24	1.03e-17	2.51e-12	8.43e-08	2.41e-04	1.00e+00	0.00e+00	0.00e+00
 1.00045e+15	6.88e-24	1.34e-17	3.07e-12	9.67e-08	2.58e-04	1.00e+00	0.00e+00	0.00e+00
 1.03683e+15	9.70e-24	1.77e-17	3.79e-12	1.12e-07	2.78e-04	1.00e+00	0.00e+00	0.00e+00
 1.07750e+15	1.40e-23	2.38e-17	4.76e-12	1.30e-07	3.01e-04	1.00e+00	0.00e+00	0.00e+00
 1.11544e+15	1.97e-23	3.12e-17	5.85e-12	1.50e-07	3.23e-04	1.00e+00	0.00e+00	0.00e+00
 1.15051e+15	2.65e-23	3.97e-17	7.02e-12	1.69e-07	3.44e-04	1.00e+00	0.00e+00	0.00e+00
 1.18441e+15	3.51e-23	4.98e-17	8.34e-12	1.90e-07	3.65e-04	1.00e+00	0.00e+00	0.00e+00
 1.22221e+15	4.75e-23	6.36e-17	1.00e-11	2.16e-07	3.89e-04	1.00e+00	0.00e+00	0.00e+00
 1.26404e+15	6.58e-23	8.27e-17	1.23e-11	2.47e-07	4.17e-04	1.00e+00	0.00e+00	0.00e+00
 1.30292e+15	8.84e-23	1.05e-16	1.47e-11	2.79e-07	4.44e-04	1.00e+00	0.00e+00	0.00e+00
 1.34532e+15	1.21e-22	1.35e-16	1.78e-11	3.17e-07	4.74e-04	1.00e+00	0.00e+00	0.00e+00
 1.39311e+15	1.70e-22	1.77e-16	2.18e-11	3.64e-07	5.09e-04	9.99e-01	0.00e+00	0.00e+00
 1.43858e+15	2.32e-22	2.28e-16	2.64e-11	4.14e-07	5.43e-04	9.99e-01	0.00e+00	0.00e+00
 1.48837e+15	3.23e-22	2.97e-16	3.23e-11	4.75e-07	5.82e-04	9.99e-01	0.00e+00	0.00e+00
 1.54321e+15	4.60e-22	3.95e-16	4.01e-11	5.49e-07	6.26e-04	9.99e-01	0.00e+00	0.00e+00
 1.59360e+15	6.28e-22	5.08e-16	4.85e-11	6.24e-07	6.68e-04	9.99e-01	0.00e+00	0.00e+00
 1.64805e+15	8.72e-22	6.61e-16	5.92e-11	7.14e-07	7.16e-04	9.99e-01	0.00e+00	0.00e+00
 1.70906e+15	1.24e-21	8.79e-16	7.35e-11	8.25e-07	7.71e-04	9.99e-01	0.00e+00	0.00e+00
 1.76659e+15	1.72e-21	1.14e-15	8.95e-11	9.42e-07	8.24e-04	9.99e-01	0.00e+00	0.00e+00
 1.82935e+15	2.40e-21	1.49e-15	1.10e-10	1.08e-06	8.86e-04	9.99e-01	0.00e+00	0.00e+00
 1.89909e+15	3.46e-21	2.01e-15	1.37e-10	1.26e-06	9.55e-04	9.99e-01	0.00e+00	0.00e+00
 1.96417e+15	4.78e-21	2.61e-15	1.68e-10	1.44e-06	1.02e-03	9.99e-01	0.00e+00	0.00e+00
 2.03490e+15	6.74e-21	3.44e-15	2.07e-10	1.66e-06	1.10e-03	9.99e-01	0.00e+00	0.00e+00
 2.11410e+15	9.70e-21	4.62e-15	2.59e-10	1.93e-06	1.19e-03	9.99e-01	0.00e+00	0.00e+00
 2.18928e+15	1.36e-20	6.07e-15	3.19e-10	2.23e-06	1.28e-03	9.99e-01	0.00e+00	0.00e+00
 2.26968e+15	1.92e-20	8.01e-15	3.95e-10	2.57e-06	1.38e-03	9.99e-01	0.00e+00	0.00e+00
 2.36050e+15	2.78e-20	1.08e-14	4.97e-10	3.01e-06	1.50e-03	9.99e-01	0.00e+00	0.00e+00
 2.44999e+15	3.96e-20	1.44e-14	6.20e-10	3.50e-06	1.62e-03	9.98e-01	0.00e+00	0.00e+00
 2.54307e+15	5.62e-20	1.92e-14	7.72e-10	4.07e-06	1.75e-03	9.98e-01	0.00e+00	0.00e+00
 2.64176e+15	8.01e-20	2.56e-14	9.65e-10	4.74e-06	1.90e-03	9.98e-01	0.00e+00	0.00e+00
 2.72420e+15	1.07e-19	3.24e-14	1.16e-09	5.36e-06	2.02e-03	9.98e-01	0.00e+00	0.00e+00
 2.78776e+15	1.32e-19	3.86e-14	1.32e-09	5.89e-06	2.12e-03	9.98e-01	0.00e+00	0.00e+00
 2.85662e+15	1.66e-19	4.64e-14	1.53e-09	6.49e-06	2.24e-03	9.98e-01	0.00e+00	0.00e+00
 2.94614e+15	2.20e-19	5.84e-14	1.83e-09	7.36e-06	2.39e-03	9.98e-01	0.00e+00	0.00e+00
 3.04331e+15	2.95e-19	7.45e-14	2.21e-09	8.39e-06	2.56e-03	9.97e-01	0.00e+00	0.00e+00
 3.13110e+15	3.82e-19	9.20e-14	2.61e-09	9.41e-06	2.73e-03	9.97e-01	0.00e+00	0.00e+00
 3.22588e+15	4.98e-19	1.15e-13	3.11e-09	1.06e-05	2.91e-03	9.97e-01	0.00e+00	0.00e+00
 3.34505e+15	6.90e-19	1.50e-13	3.84e-09	1.23e-05	3.15e-03	9.97e-01	0.00e+00	0.00e+00
 3.46500e+15	9.43e-19	1.94e-13	4.71e-09	1.42e-05	3.40e-03	9.97e-01	0.00e+00	0.00e+00
 3.56681e+15	1.22e-18	2.40e-13	5.58e-09	1.59e-05	3.62e-03	9.96e-01	0.00e+00	0.00e+00
 3.67599e+15	1.58e-18	2.98e-13	6.64e-09	1.80e-05	3.87e-03	9.96e-01	0.00e+00	0.00e+00
 3.81247e+15	2.17e-18	3.89e-13	8.20e-09	2.09e-05	4.20e-03	9.96e-01	0.00e+00	0.00e+00
 3.95321e+15	2.97e-18	5.06e-13	1.01e-08	2.42e-05	4.55e-03	9.95e-01	0.00e+00	0.00e+00
 4.07799e+15	3.88e-18	6.32e-13	1.21e-08	2.74e-05	4.88e-03	9.95e-01	0.00e+00	0.00e+00
 4.21324e+15	5.11e-18	7.97e-13	1.46e-08	3.13e-05	5.26e-03	9.95e-01	0.00e+00	0.00e+00
 4.37549e+15	7.06e-18	1.05e-12	1.82e-08	3.64e-05	5.72e-03	9.94e-01	0.00e+00	0.00e+00
 4.53572e+15	9.56e-18	1.35e-12	2.24e-08	4.21e-05	6.21e-03	9.94e-01	0.00e+00	0.00e+00
 4.67899e+15	1.24e-17	1.68e-12	2.68e-08	4.78e-05	6.66e-03	9.93e-01	0.00e+00	0.00e+00
 4.83733e+15	1.64e-17	2.13e-12	3.26e-08	5.46e-05	7.18e-03	9.93e-01	0.00e+00	0.00e+00
 5.02538e+15	2.25e-17	2.79e-12	4.06e-08	6.37e-05	7.83e-03	9.92e-01	0.00e+00	0.00e+00
 5.21170e+15	3.05e-17	3.60e-12	5.01e-08	7.38e-05	8.51e-03	9.91e-01	0.00e+00	0.00e+00
 5.38285e+15	3.99e-17	4.53e-12	6.05e-08	8.40e-05	9.16e-03	9.91e-01	0.00e+00	0.00e+00
 5.57466e+15	5.37e-17	5.82e-12	7.42e-08	9.67e-05	9.91e-03	9.90e-01	0.00e+00	0.00e+00
 5.79675e+15	7.36e-17	7.63e-12	9.31e-08	1.13e-04	1.08e-02	9.89e-01	0.00e+00	0.00e+00
 6.01402e+15	9.97e-17	9.89e-12	1.15e-07	1.31e-04	1.18e-02	9.88e-01	0.00e+00	0.00e+00
 6.22076e+15	1.49e-16	1.25e-11	1.41e-07	1.50e-04	1.27e-02	9.87e-01	0.00e+00	0.00e+00
 6.45039e+15	2.02e-16	1.62e-11	1.74e-07	1.74e-04	1.38e-02	9.86e-01	0.00e+00	0.00e+00
 6.66707e+15	2.66e-16	2.05e-11	2.11e-07	1.99e-04	1.49e-02	9.85e-01	0.00e+00	0.00e+00
 6.82956e+15	3.24e-16	2.42e-11	2.43e-07	2.19e-04	1.57e-02	9.84e-01	0.00e+00	0.00e+00
 6.99584e+15	3.96e-16	2.88e-11	2.80e-07	2.41e-04	1.66e-02	9.83e-01	0.00e+00	0.00e+00
 7.21201e+15	5.10e-16	3.58e-11	3.35e-07	2.72e-04	1.78e-02	9.82e-01	0.00e+00	0.00e+00
 7.44449e+15	6.63e-16	4.48e-11	4.04e-07	3.09e-04	1.92e-02	9.81e-01	0.00e+00	0.00e+00
 7.65226e+15	8.30e-16	5.44e-11	4.75e-07	3.45e-04	2.04e-02	9.79e-01	0.00e+00	0.00e+00
 7.87648e+15	1.06e-15	6.69e-11	5.64e-07	3.87e-04	2.18e-02	9.78e-01	0.00e+00	0.00e+00
 8.16329e+15	1.43e-15	8.67e-11	7.00e-07	4.48e-04	2.36e-02	9.76e-01	0.00e+00	0.00e+00
 8.45319e+15	1.91e-15	1.11e-10	8.62e-07	5.15e-04	2.56e-02	9.74e-01	0.00e+00	0.00e+00
 8.69502e+15	2.41e-15	1.36e-10	1.02e-06	5.76e-04	2.73e-02	9.72e-01	0.00e+00	0.00e+00
 8.95264e+15	3.08e-15	1.68e-10	1.21e-06	6.48e-04	2.91e-02	9.70e-01	0.00e+00	0.00e+00
 9.28022e+15	4.18e-15	2.19e-10	1.51e-06	7.50e-04	3.16e-02	9.68e-01	0.00e+00	0.00e+00
 9.62408e+15	5.67e-15	2.85e-10	1.88e-06	8.68e-04	3.43e-02	9.65e-01	0.00e+00	0.00e+00
 9.93093e+15	7.37e-15	3.58e-10	2.27e-06	9.85e-04	3.68e-02	9.62e-01	0.00e+00	0.00e+00
 1.02644e+16	9.77e-15	4.56e-10	2.77e-06	1.13e-03	3.96e-02	9.59e-01	0.00e+00	0.00e+00
 1.06619e+16	1.35e-14	6.02e-10	3.50e-06	1.31e-03	4.31e-02	9.56e-01	0.00e+00	0.00e+00
 1.10529e+16	1.83e-14	7.84e-10	4.35e-06	1.52e-03	4.67e-02	9.52e-01	0.00e+00	0.00e+00
 1.14048e+16	2.38e-14	9.83e-10	5.26e-06	1.72e-03	5.01e-02	9.48e-01	0.00e+00	0.00e+00
 1.17958e+16	3.18e-14	1.26e-09	6.46e-06	1.97e-03	5.40e-02	9.44e-01	0.00e+00	0.00e+00
 1.22572e+16	4.46e-14	1.69e-09	8.19e-06	2.31e-03	5.88e-02	9.39e-01	0.00e+00	0.00e+00
 1.27106e+16	6.11e-14	2.21e-09	1.02e-05	2.67e-03	6.37e-02	9.34e-01	0.00e+00	0.00e+00
 1.31285e+16	8.08e-14	2.81e-09	1.25e-05	3.04e-03	6.84e-02	9.29e-01	0.00e+00	0.00e+00
 1.35995e+16	1.11e-13	3.67e-09	1.55e-05	3.51e-03	7.39e-02	9.23e-01	0.00e+00	0.00e+00
 1.40547e+16	1.47e-13	4.70e-09	1.90e-05	4.02e-03	7.94e-02	9.17e-01	0.00e+00	0.00e+00
 1.43899e+16	1.80e-13	5.61e-09	2.20e-05	4.43e-03	8.38e-02	9.12e-01	0.00e+00	0.00e+00
 1.47259e+16	2.22e-13	6.69e-09	2.54e-05	4.87e-03	8.81e-02	9.07e-01	0.00e+00	0.00e+00
 1.51627e+16	2.91e-13	8.40e-09	3.05e-05	5.49e-03	9.38e-02	9.01e-01	0.00e+00	0.00e+00
 1.56334e+16	3.82e-13	1.06e-08	3.69e-05	6.22e-03	1.00e-01	8.93e-01	0.00e+00	0.00e+00
 1.60531e+16	4.82e-13	1.29e-08	4.34e-05	6.93e-03	1.06e-01	8.87e-01	0.00e+00	0.00e+00
 1.65036e+16	6.22e-13	1.61e-08	5.17e-05	7.77e-03	1.13e-01	8.80e-01	0.00e+00	0.00e+00
 1.70891e+16	8.60e-13	2.11e-08	6.46e-05	8.99e-03	1.22e-01	8.69e-01	0.00e+00	0.00e+00
 1.76781e+16	1.16e-12	2.74e-08	7.99e-05	1.03e-02	1.31e-01	8.59e-01	0.00e+00	0.00e+00
 1.81504e+16	1.47e-12	3.35e-08	9.43e-05	1.15e-02	1.38e-01	8.50e-01	0.00e+00	0.00e+00
 1.86435e+16	1.89e-12	4.15e-08	1.12e-04	1.29e-02	1.46e-01	8.40e-01	0.00e+00	0.00e+00
 1.92845e+16	2.60e-12	5.41e-08	1.39e-04	1.49e-02	1.57e-01	8.28e-01	0.00e+00	0.00e+00
 1.99536e+16	3.56e-12	7.08e-08	1.73e-04	1.72e-02	1.69e-01	8.14e-01	0.00e+00	0.00e+00
 2.05191e+16	4.58e-12	8.78e-08	2.07e-04	1.93e-02	1.79e-01	8.01e-01	0.00e+00	0.00e+00
 2.11139e+16	6.03e-12	1.11e-07	2.50e-04	2.18e-02	1.90e-01	7.88e-01	0.00e+00	0.00e+00
 2.18791e+16	8.48e-12	1.48e-07	3.16e-04	2.54e-02	2.05e-01	7.69e-01	0.00e+00	0.00e+00
 2.26351e+16	1.16e-11	1.93e-07	3.94e-04	2.93e-02	2.19e-01	7.51e-01	0.00e+00	0.00e+00
 2.32292e+16	1.47e-11	2.38e-07	4.69e-04	3.28e-02	2.31e-01	7.36e-01	0.00e+00	0.00e+00
 2.38434e+16	1.91e-11	2.96e-07	5.60e-04	3.68e-02	2.44e-01	7.19e-01	0.00e+00	0.00e+00
 2.46418e+16	2.65e-11	3.91e-07	7.03e-04	4.26e-02	2.60e-01	6.97e-01	0.00e+00	0.00e+00
 2.54458e+16	3.58e-11	5.06e-07	8.74e-04	4.90e-02	2.77e-01	6.74e-01	0.00e+00	0.00e+00
 2.60831e+16	4.53e-11	6.19e-07	1.03e-03	5.46e-02	2.90e-01	6.55e-01	0.00e+00	0.00e+00
 2.66402e+16	5.58e-11	7.40e-07	1.20e-03	6.00e-02	3.01e-01	6.38e-01	0.00e+00	0.00e+00
 2.72669e+16	7.13e-11	9.10e-07	1.42e-03	6.68e-02	3.14e-01	6.17e-01	0.00e+00	0.00e+00
 2.79411e+16	9.09e-11	1.12e-06	1.69e-03	7.46e-02	3.28e-01	5.96e-01	0.00e+00	0.00e+00
 2.85558e+16	1.13e-10	1.36e-06	1.99e-03	8.24e-02	3.41e-01	5.75e-01	0.00e+00	0.00e+00
 2.92335e+16	1.46e-10	1.68e-06	2.37e-03	9.19e-02	3.54e-01	5.52e-01	0.00e+00	0.00e+00
 2.99550e+16	1.89e-10	2.10e-06	2.85e-03	1.03e-01	3.68e-01	5.26e-01	0.00e+00	0.00e+00
 3.05957e+16	2.37e-10	2.54e-06	3.35e-03	1.14e-01	3.80e-01	5.03e-01	0.00e+00	0.00e+00
 3.12907e+16	3.09e-10	3.18e-06	4.03e-03	1.27e-01	3.93e-01	4.76e-01	0.00e+00	0.00e+00
 3.20288e+16	3.99e-10	3.95e-06	4.86e-03	1.42e-01	4.04e-01	4.49e-01	0.00e+00	0.00e+00
 3.26441e+16	4.95e-10	4.76e-06	5.68e-03	1.55e-01	4.13e-01	4.25e-01	0.00e+00	0.00e+00
 3.31682e+16	6.03e-10	5.62e-06	6.51e-03	1.68e-01	4.21e-01	4.05e-01	0.00e+00	0.00e+00
 3.37522e+16	7.53e-10	6.77e-06	7.60e-03	1.84e-01	4.28e-01	3.81e-01	0.00e+00	0.00e+00
 3.43914e+16	9.62e-10	8.32e-06	9.01e-03	2.02e-01	4.34e-01	3.55e-01	0.00e+00	0.00e+00
 3.49599e+16	1.19e-09	9.96e-06	1.05e-02	2.19e-01	4.38e-01	3.32e-01	0.00e+00	0.00e+00
 3.54640e+16	1.44e-09	1.17e-05	1.20e-02	2.36e-01	4.41e-01	3.12e-01	0.00e+00	0.00e+00
 3.59373e+16	1.74e-09	1.37e-05	1.36e-02	2.52e-01	4.42e-01	2.92e-01	0.00e+00	0.00e+00
 3.63865e+16	2.09e-09	1.59e-05	1.55e-02	2.69e-01	4.42e-01	2.73e-01	0.00e+00	0.00e+00
 3.68245e+16	2.51e-09	1.85e-05	1.75e-02	2.87e-01	4.41e-01	2.55e-01	0.00e+00	0.00e+00
 3.72544e+16	3.01e-09	2.16e-05	1.98e-02	3.05e-01	4.38e-01	2.37e-01	0.00e+00	0.00e+00
 3.76707e+16	3.62e-09	2.51e-05	2.24e-02	3.24e-01	4.34e-01	2.20e-01	0.00e+00	0.00e+00
 3.80692e+16	4.33e-09	2.91e-05	2.52e-02	3.43e-01	4.29e-01	2.03e-01	0.00e+00	0.00e+00
 3.84504e+16	5.02e-09	3.30e-05	2.82e-02	3.61e-01	4.23e-01	1.87e-01	0.00e+00	0.00e+00
 3.88189e+16	6.25e-09	3.91e-05	3.17e-02	3.81e-01	4.16e-01	1.71e-01	0.00e+00	0.00e+00
 3.91661e+16	7.10e-09	4.37e-05	3.53e-02	4.00e-01	4.07e-01	1.58e-01	0.00e+00	0.00e+00
 3.94953e+16	8.80e-09	5.15e-05	3.94e-02	4.19e-01	3.97e-01	1.44e-01	0.00e+00	0.00e+00
 3.98096e+16	1.02e-08	5.83e-05	4.36e-02	4.38e-01	3.87e-01	1.31e-01	0.00e+00	0.00e+00
 4.01064e+16	1.17e-08	6.52e-05	4.81e-02	4.57e-01	3.76e-01	1.19e-01	0.00e+00	0.00e+00
 4.03963e+16	1.37e-08	7.41e-05	5.31e-02	4.76e-01	3.63e-01	1.08e-01	0.00e+00	0.00e+00
 4.06734e+16	1.69e-08	8.66e-05	5.88e-02	4.95e-01	3.50e-01	9.66e-02	0.00e+00	0.00e+00
 4.09221e+16	1.94e-08	9.67e-05	6.42e-02	5.12e-01	3.36e-01	8.73e-02	0.00e+00	0.00e+00
 4.11503e+16	2.17e-08	1.06e-04	6.96e-02	5.28e-01	3.23e-01	7.87e-02	0.00e+00	0.00e+00
 4.14106e+16	2.55e-08	1.21e-04	7.66e-02	5.48e-01	3.06e-01	6.90e-02	0.00e+00	0.00e+00
 4.16737e+16	3.03e-08	1.38e-04	8.45e-02	5.68e-01	2.88e-01	5.96e-02	0.00e+00	0.00e+00
 4.18740e+16	3.51e-08	1.55e-04	9.13e-02	5.84e-01	2.72e-01	5.25e-02	0.00e+00	0.00e+00
 4.20326e+16	4.14e-08	1.73e-04	9.75e-02	5.97e-01	2.59e-01	4.68e-02	0.00e+00	0.00e+00
 4.21805e+16	4.57e-08	1.88e-04	1.03e-01	6.09e-01	2.46e-01	4.18e-02	0.00e+00	0.00e+00
 4.23499e+16	5.23e-08	2.08e-04	1.11e-01	6.23e-01	2.30e-01	3.62e-02	0.00e+00	0.00e+00
 4.25269e+16	6.08e-08	2.32e-04	1.19e-01	6.38e-01	2.13e-01	3.07e-02	0.00e+00	0.00e+00
 4.26695e+16	6.56e-08	2.47e-04	1.25e-01	6.50e-01	1.98e-01	2.66e-02	0.00e+00	0.00e+00
 4.27881e+16	7.55e-08	2.73e-04	1.32e-01	6.60e-01	1.85e-01	2.31e-02	0.00e+00	0.00e+00
 4.29003e+16	8.26e-08	2.92e-04	1.38e-01	6.69e-01	1.72e-01	2.01e-02	0.00e+00	0.00e+00
 4.30262e+16	9.35e-08	3.20e-04	1.45e-01	6.80e-01	1.58e-01	1.68e-02	0.00e+00	0.00e+00
 4.31551e+16	1.05e-07	3.47e-04	1.53e-01	6.90e-01	1.43e-01	1.38e-02	0.00e+00	0.00e+00
 4.32577e+16	1.15e-07	3.73e-04	1.60e-01	6.98e-01	1.30e-01	1.15e-02	0.00e+00	0.00e+00
 4.33357e+16	1.24e-07	3.92e-04	1.65e-01	7.04e-01	1.21e-01	9.99e-03	0.00e+00	0.00e+00
 4.34012e+16	1.32e-07	4.11e-04	1.69e-01	7.09e-01	1.13e-01	8.75e-03	0.00e+00	0.00e+00
 4.34755e+16	1.42e-07	4.34e-04	1.74e-01	7.14e-01	1.04e-01	7.43e-03	0.00e+00	0.00e+00
 4.35572e+16	1.54e-07	4.60e-04	1.80e-01	7.20e-01	9.38e-02	6.15e-03	0.00e+00	0.00e+00
 4.36306e+16	1.65e-07	4.85e-04	1.85e-01	7.24e-01	8.53e-02	5.12e-03	0.00e+00	0.00e+00
 4.36962e+16	1.76e-07	5.08e-04	1.89e-01	7.28e-01	7.79e-02	4.31e-03	0.00e+00	0.00e+00
 4.37695e+16	1.90e-07	5.35e-04	1.94e-01	7.32e-01	6.97e-02	3.49e-03	0.00e+00	0.00e+00
 4.38500e+16	2.06e-07	5.66e-04	2.00e-01	7.36e-01	6.14e-02	2.74e-03	0.00e+00	0.00e+00
 4.39239e+16	2.21e-07	5.97e-04	2.05e-01	7.38e-01	5.42e-02	2.17e-03	0.00e+00	0.00e+00
 4.40042e+16	2.38e-07	6.30e-04	2.10e-01	7.41e-01	4.69e-02	1.65e-03	0.00e+00	0.00e+00
 4.40940e+16	2.60e-07	6.70e-04	2.16e-01	7.42e-01	3.96e-02	1.20e-03	0.00e+00	0.00e+00
 4.41799e+16	2.81e-07	7.08e-04	2.21e-01	7.43e-01	3.35e-02	8.74e-04	0.00e+00	0.00e+00
 4.42756e+16	3.06e-07	7.52e-04	2.27e-01	7.44e-01	2.76e-02	6.02e-04	0.00e+00	0.00e+00
 4.44000e+16	3.40e-07	8.09e-04	2.34e-01	7.43e-01	2.13e-02	3.68e-04	0.00e+00	0.00e+00
 4.45345e+16	3.78e-07	8.69e-04	2.41e-01	7.42e-01	1.62e-02	2.17e-04	0.00e+00	0.00e+00
 4.46821e+16	4.21e-07	9.36e-04	2.48e-01	7.39e-01	1.19e-02	1.21e-04	0.00e+00	0.00e+00
 4.48741e+16	4.79e-07	1.02e-03	2.56e-01	7.34e-01	8.13e-03	5.76e-05	0.00e+00	0.00e+00
 4.51236e+16	5.57e-07	1.13e-03	2.66e-01	7.28e-01	5.12e-03	2.32e-05	0.00e+00	0.00e+00
 4.54480e+16	6.68e-07	1.27e-03	2.77e-01	7.18e-01	2.96e-03	7.81e-06	0.00e+00	0.00e+00
 4.58698e+16	8.40e-07	1.47e-03	2.92e-01	7.05e-01	1.58e-03	2.21e-06	0.00e+00	0.00e+00
 4.63304e+16	1.09e-06	1.74e-03	3.09e-01	6.88e-01	8.75e-04	6.65e-07	0.00e+00	0.00e+00
 4.67497e+16	1.39e-06	2.05e-03	3.26e-01	6.72e-01	5.41e-04	0.00e+00	0.00e+00	0.00e+00
 4.71410e+16	1.76e-06	2.40e-03	3.42e-01	6.55e-01	3.57e-04	0.00e+00	0.00e+00	0.00e+00
 4.75876e+16	2.36e-06	2.91e-03	3.64e-01	6.33e-01	2.27e-04	0.00e+00	0.00e+00	0.00e+00
 4.80504e+16	3.26e-06	3.62e-03	3.89e-01	6.07e-01	1.47e-04	0.00e+00	0.00e+00	0.00e+00
 4.84164e+16	4.32e-06	4.39e-03	4.11e-01	5.84e-01	1.06e-04	0.00e+00	0.00e+00	0.00e+00
 4.87065e+16	5.46e-06	5.15e-03	4.31e-01	5.64e-01	8.16e-05	0.00e+00	0.00e+00	0.00e+00
 4.90160e+16	7.06e-06	6.15e-03	4.53e-01	5.41e-01	6.13e-05	0.00e+00	0.00e+00	0.00e+00
 4.92929e+16	9.12e-06	7.34e-03	4.75e-01	5.18e-01	4.80e-05	0.00e+00	0.00e+00	0.00e+00
 4.94548e+16	1.07e-05	8.19e-03	4.88e-01	5.03e-01	4.16e-05	0.00e+00	0.00e+00	0.00e+00
 4.95923e+16	1.22e-05	8.99e-03	5.01e-01	4.90e-01	3.65e-05	0.00e+00	0.00e+00	0.00e+00
 4.97710e+16	1.46e-05	1.02e-02	5.17e-01	4.73e-01	3.07e-05	0.00e+00	0.00e+00	0.00e+00
 4.99637e+16	1.79e-05	1.17e-02	5.35e-01	4.53e-01	2.55e-05	0.00e+00	0.00e+00	0.00e+00
 5.01259e+16	2.14e-05	1.33e-02	5.51e-01	4.35e-01	2.18e-05	0.00e+00	0.00e+00	0.00e+00
 5.02586e+16	2.50e-05	1.48e-02	5.65e-01	4.20e-01	1.90e-05	0.00e+00	0.00e+00	0.00e+00
 5.04016e+16	2.96e-05	1.67e-02	5.80e-01	4.03e-01	1.64e-05	0.00e+00	0.00e+00	0.00e+00
 5.05615e+16	3.59e-05	1.92e-02	5.98e-01	3.83e-01	1.38e-05	0.00e+00	0.00e+00	0.00e+00
 5.06902e+16	4.26e-05	2.17e-02	6.12e-01	3.66e-01	1.20e-05	0.00e+00	0.00e+00	0.00e+00
 5.07772e+16	4.79e-05	2.35e-02	6.22e-01	3.55e-01	1.08e-05	0.00e+00	0.00e+00	0.00e+00
 5.08630e+16	5.38e-05	2.55e-02	6.31e-01	3.43e-01	9.79e-06	0.00e+00	0.00e+00	0.00e+00
 5.09746e+16	6.28e-05	2.85e-02	6.44e-01	3.27e-01	8.54e-06	0.00e+00	0.00e+00	0.00e+00
 5.10896e+16	7.43e-05	3.21e-02	6.57e-01	3.11e-01	7.40e-06	0.00e+00	0.00e+00	0.00e+00
 5.11804e+16	8.53e-05	3.54e-02	6.67e-01	2.97e-01	6.58e-06	0.00e+00	0.00e+00	0.00e+00
 5.12549e+16	9.58e-05	3.84e-02	6.76e-01	2.86e-01	5.95e-06	0.00e+00	0.00e+00	0.00e+00
 5.13371e+16	1.09e-04	4.21e-02	6.85e-01	2.73e-01	5.30e-06	0.00e+00	0.00e+00	0.00e+00
 5.14295e+16	1.27e-04	4.69e-02	6.95e-01	2.58e-01	4.63e-06	0.00e+00	0.00e+00	0.00e+00
 5.15133e+16	1.47e-04	5.18e-02	7.03e-01	2.45e-01	4.09e-06	0.00e+00	0.00e+00	0.00e+00
 5.15846e+16	1.66e-04	5.66e-02	7.10e-01	2.33e-01	3.66e-06	0.00e+00	0.00e+00	0.00e+00
 5.16618e+16	1.90e-04	6.24e-02	7.17e-01	2.20e-01	3.22e-06	0.00e+00	0.00e+00	0.00e+00
 5.17455e+16	2.23e-04	6.96e-02	7.24e-01	2.06e-01	2.79e-06	0.00e+00	0.00e+00	0.00e+00
 5.18174e+16	2.56e-04	7.68e-02	7.29e-01	1.94e-01	2.46e-06	0.00e+00	0.00e+00	0.00e+00
 5.18781e+16	2.89e-04	8.36e-02	7.32e-01	1.84e-01	2.20e-06	0.00e+00	0.00e+00	0.00e+00
 5.19442e+16	3.30e-04	9.17e-02	7.35e-01	1.73e-01	1.93e-06	0.00e+00	0.00e+00	0.00e+00
 5.20173e+16	3.84e-04	1.02e-01	7.38e-01	1.60e-01	1.66e-06	0.00e+00	0.00e+00	0.00e+00
 5.20820e+16	4.43e-04	1.13e-01	7.38e-01	1.49e-01	1.45e-06	0.00e+00	0.00e+00	0.00e+00
 5.21366e+16	5.00e-04	1.23e-01	7.38e-01	1.39e-01	1.28e-06	0.00e+00	0.00e+00	0.00e+00
 5.21957e+16	5.72e-04	1.34e-01	7.36e-01	1.29e-01	1.11e-06	0.00e+00	0.00e+00	0.00e+00
 5.22609e+16	6.69e-04	1.49e-01	7.32e-01	1.18e-01	9.46e-07	0.00e+00	0.00e+00	0.00e+00
 5.23191e+16	7.70e-04	1.65e-01	7.26e-01	1.08e-01	0.00e+00	0.00e+00	0.00e+00	0.00e+00
 5.23690e+16	8.75e-04	1.79e-01	7.20e-01	9.99e-02	0.00e+00	0.00e+00	0.00e+00	0.00e+00
 5.24233e+16	1.00e-03	1.97e-01	7.11e-01	9.09e-02	0.00e+00	0.00e+00	0.00e+00	0.00e+00
 5.24832e+16	1.18e-03	2.19e-01	6.99e-01	8.11e-02	0.00e+00	0.00e+00	0.00e+00	0.00e+00
 5.25368e+16	1.37e-03	2.42e-01	6.84e-01	7.26e-02	0.00e+00	0.00e+00	0.00e+00	0.00e+00
 5.25839e+16	1.56e-03	2.64e-01	6.70e-01	6.52e-02	0.00e+00	0.00e+00	0.00e+00	0.00e+00
 5.26360e+16	1.81e-03	2.91e-01	6.50e-01	5.74e-02	0.00e+00	0.00e+00	0.00e+00	0.00e+00
 5.26942e+16	2.16e-03	3.24e-01	6.24e-01	4.90e-02	0.00e+00	0.00e+00	0.00e+00	0.00e+00
 5.27476e+16	2.54e-03	3.60e-01	5.96e-01	4.16e-02	0.00e+00	0.00e+00	0.00e+00	0.00e+00
 5.27959e+16	2.95e-03	3.95e-01	5.67e-01	3.53e-02	0.00e+00	0.00e+00	0.00e+00	0.00e+00
 5.28502e+16	3.50e-03	4.38e-01	5.29e-01	2.87e-02	0.00e+00	0.00e+00	0.00e+00	0.00e+00
 5.29081e+16	4.23e-03	4.90e-01	4.83e-01	2.24e-02	0.00e+00	0.00e+00	0.00e+00	0.00e+00
 5.29558e+16	4.99e-03	5.37e-01	4.40e-01	1.76e-02	0.00e+00	0.00e+00	0.00e+00	0.00e+00
 5.29938e+16	5.70e-03	5.77e-01	4.03e-01	1.42e-02	0.00e+00	0.00e+00	0.00e+00	0.00e+00
 5.30338e+16	6.51e-03	6.19e-01	3.63e-01	1.11e-02	0.00e+00	0.00e+00	0.00e+00	0.00e+00
 5.30780e+16	7.61e-03	6.68e-01	3.16e-01	8.16e-03	0.00e+00	0.00e+00	0.00e+00	0.00e+00
 5.31164e+16	8.75e-03	7.11e-01	2.74e-01	6.01e-03	0.00e+00	0.00e+00	0.00e+00	0.00e+00
 5.31475e+16	9.80e-03	7.45e-01	2.41e-01	4.58e-03	0.00e+00	0.00e+00	0.00e+00	0.00e+00
 5.31801e+16	1.10e-02	7.79e-01	2.07e-01	3.35e-03	0.00e+00	0.00e+00	0.00e+00	0.00e+00
 5.32151e+16	1.25e-02	8.14e-01	1.71e-01	2.30e-03	0.00e+00	0.00e+00	0.00e+00	0.00e+00
 5.32450e+16	1.40e-02	8.42e-01	1.42e-01	1.61e-03	0.00e+00	0.00e+00	0.00e+00	0.00e+00
 5.32699e+16	1.54e-02	8.63e-01	1.20e-01	1.16e-03	0.00e+00	0.00e+00	0.00e+00	0.00e+00
 5.32966e+16	1.71e-02	8.83e-01	9.89e-02	7.97e-04	0.00e+00	0.00e+00	0.00e+00	0.00e+00
 5.33252e+16	1.91e-02	9.02e-01	7.84e-02	5.14e-04	0.00e+00	0.00e+00	0.00e+00	0.00e+00
 5.33493e+16	2.10e-02	9.16e-01	6.29e-02	3.41e-04	0.00e+00	0.00e+00	0.00e+00	0.00e+00
 5.33686e+16	2.28e-02	9.25e-01	5.21e-02	2.41e-04	0.00e+00	0.00e+00	0.00e+00	0.00e+00
 5.33888e+16	2.47e-02	9.33e-01	4.24e-02	1.64e-04	0.00e+00	0.00e+00	0.00e+00	0.00e+00
 5.34105e+16	2.71e-02	9.39e-01	3.33e-02	1.05e-04	0.00e+00	0.00e+00	0.00e+00	0.00e+00
 5.34294e+16	2.95e-02	9.44e-01	2.66e-02	6.99e-05	0.00e+00	0.00e+00	0.00e+00	0.00e+00
 5.34452e+16	3.15e-02	9.47e-01	2.18e-02	4.86e-05	0.00e+00	0.00e+00	0.00e+00	0.00e+00
 5.34620e+16	3.41e-02	9.48e-01	1.75e-02	3.23e-05	0.00e+00	0.00e+00	0.00e+00	0.00e+00
 5.34799e+16	3.68e-02	9.50e-01	1.37e-02	2.06e-05	0.00e+00	0.00e+00	0.00e+00	0.00e+00
 5.34950e+16	3.97e-02	9.49e-01	1.10e-02	1.37e-05	0.00e+00	0.00e+00	0.00e+00	0.00e+00
 5.35079e+16	4.21e-02	9.49e-01	9.00e-03	9.59e-06	0.00e+00	0.00e+00	0.00e+00	0.00e+00
 5.35202e+16	4.47e-02	9.48e-01	7.41e-03	6.72e-06	0.00e+00	0.00e+00	0.00e+00	0.00e+00
 5.35323e+16	4.75e-02	9.46e-01	6.08e-03	4.68e-06	0.00e+00	0.00e+00	0.00e+00	0.00e+00
 5.35437e+16	5.01e-02	9.45e-01	5.03e-03	3.31e-06	0.00e+00	0.00e+00	0.00e+00	0.00e+00
 5.35535e+16	5.26e-02	9.43e-01	4.25e-03	2.43e-06	0.00e+00	0.00e+00	0.00e+00	0.00e+00
 5.35622e+16	5.50e-02	9.41e-01	3.64e-03	1.83e-06	0.00e+00	0.00e+00	0.00e+00	0.00e+00
 5.35691e+16	5.68e-02	9.40e-01	3.22e-03	1.46e-06	0.00e+00	0.00e+00	0.00e+00	0.00e+00
 5.35739e+16	5.82e-02	9.39e-01	2.95e-03	1.25e-06	0.00e+00	0.00e+00	0.00e+00	0.00e+00
 5.35784e+16	5.97e-02	9.38e-01	2.72e-03	1.07e-06	0.00e+00	0.00e+00	0.00e+00	0.00e+00
 5.35835e+16	6.14e-02	9.36e-01	2.46e-03	8.93e-07	0.00e+00	0.00e+00	0.00e+00	0.00e+00
 5.35890e+16	6.32e-02	9.35e-01	2.22e-03	0.00e+00	0.00e+00	0.00e+00	0.00e+00	0.00e+00
 5.35943e+16	6.50e-02	9.33e-01	2.01e-03	0.00e+00	0.00e+00	0.00e+00	0.00e+00	0.00e+00
 5.35992e+16	6.68e-02	9.31e-01	1.82e-03	0.00e+00	0.00e+00	0.00e+00	0.00e+00	0.00e+00
 5.36041e+16	6.86e-02	9.30e-01	1.65e-03	0.00e+00	0.00e+00	0.00e+00	0.00e+00	0.00e+00
 5.36090e+16	7.06e-02	9.28e-01	1.50e-03	0.00e+00	0.00e+00	0.00e+00	0.00e+00	0.00e+00
 5.36139e+16	7.25e-02	9.26e-01	1.35e-03	0.00e+00	0.00e+00	0.00e+00	0.00e+00	0.00e+00
 5.36187e+16	7.46e-02	9.24e-01	1.23e-03	0.00e+00	0.00e+00	0.00e+00	0.00e+00	0.00e+00
 5.36234e+16	7.68e-02	9.22e-01	1.11e-03	0.00e+00	0.00e+00	0.00e+00	0.00e+00	0.00e+00
 5.36282e+16	7.89e-02	9.20e-01	1.01e-03	0.00e+00	0.00e+00	0.00e+00	0.00e+00	0.00e+00
 5.36327e+16	8.13e-02	9.18e-01	9.12e-04	0.00e+00	0.00e+00	0.00e+00	0.00e+00	0.00e+00
 5.36372e+16	8.35e-02	9.16e-01	8.28e-04	0.00e+00	0.00e+00	0.00e+00	0.00e+00	0.00e+00
 5.36418e+16	8.59e-02	9.13e-01	7.48e-04	0.00e+00	0.00e+00	0.00e+00	0.00e+00	0.00e+00
 5.36462e+16	8.86e-02	9.11e-01	6.78e-04	0.00e+00	0.00e+00	0.00e+00	0.00e+00	0.00e+00
 5.36506e+16	9.14e-02	9.08e-01	6.14e-04	0.00e+00	0.00e+00	0.00e+00	0.00e+00	0.00e+00
 5.36550e+16	9.41e-02	9.05e-01	5.55e-04	0.00e+00	0.00e+00	0.00e+00	0.00e+00	0.00e+00
 5.36593e+16	9.70e-02	9.02e-01	5.03e-04	0.00e+00	0.00e+00	0.00e+00	0.00e+00	0.00e+00
 5.36635e+16	1.00e-01	8.99e-01	4.56e-04	0.00e+00	0.00e+00	0.00e+00	0.00e+00	0.00e+00
 5.36677e+16	1.03e-01	8.96e-01	4.12e-04	0.00e+00	0.00e+00	0.00e+00	0.00e+00	0.00e+00
 5.36718e+16	1.07e-01	8.93e-01	3.73e-04	0.00e+00	0.00e+00	0.00e+00	0.00e+00	0.00e+00
 5.36759e+16	1.10e-01	8.89e-01	3.37e-04	0.00e+00	0.00e+00	0.00e+00	0.00e+00	0.00e+00
 5.36800e+16	1.14e-01	8.85e-01	3.05e-04	0.00e+00	0.00e+00	0.00e+00	0.00e+00	0.00e+00
 5.36839e+16	1.18e-01	8.81e-01	2.76e-04	0.00e+00	0.00e+00	0.00e+00	0.00e+00	0.00e+00
 5.36879e+16	1.23e-01	8.77e-01	2.50e-04	0.00e+00	0.00e+00	0.00e+00	0.00e+00	0.00e+00
 5.36918e+16	1.27e-01	8.72e-01	2.26e-04	0.00e+00	0.00e+00	0.00e+00	0.00e+00	0.00e+00
