#depth	He	He+	He+2
 1.49634e+10	3.63e-24	6.63e-13	1.00e+00
 4.54887e+10	4.11e-24	7.17e-13	1.00e+00
 7.72350e+10	4.59e-24	7.75e-13	1.00e+00
 1.10251e+11	5.12e-24	8.38e-13	1.00e+00
 1.44588e+11	5.71e-24	9.06e-13	1.00e+00
 1.80298e+11	6.36e-24	9.79e-13	1.00e+00
 2.17437e+11	7.08e-24	1.06e-12	1.00e+00
 2.56061e+11	7.87e-24	1.14e-12	1.00e+00
 2.96231e+11	8.74e-24	1.24e-12	1.00e+00
 3.38007e+11	9.71e-24	1.34e-12	1.00e+00
 3.80560e+11	1.08e-23	1.44e-12	1.00e+00
 4.24816e+11	1.19e-23	1.56e-12	1.00e+00
 4.71735e+11	1.32e-23	1.69e-12	1.00e+00
 5.20531e+11	1.46e-23	1.82e-12	1.00e+00
 5.71279e+11	1.62e-23	1.97e-12	1.00e+00
 6.24057e+11	1.79e-23	2.13e-12	1.00e+00
 6.73311e+11	1.97e-23	2.29e-12	1.00e+00
 7.16716e+11	2.13e-23	2.43e-12	1.00e+00
 7.65151e+11	2.31e-23	2.60e-12	1.00e+00
 8.23341e+11	2.55e-23	2.80e-12	1.00e+00
 8.81839e+11	2.81e-23	3.01e-12	1.00e+00
 9.35594e+11	3.06e-23	3.22e-12	1.00e+00
 9.95557e+11	3.35e-23	3.45e-12	1.00e+00
 1.06500e+12	3.72e-23	3.73e-12	1.00e+00
 1.13291e+12	4.10e-23	4.02e-12	1.00e+00
 1.19727e+12	4.48e-23	4.30e-12	1.00e+00
 1.26882e+12	4.93e-23	4.62e-12	1.00e+00
 1.34950e+12	5.48e-23	5.00e-12	1.00e+00
 1.43060e+12	6.08e-23	5.40e-12	1.00e+00
 1.51496e+12	6.73e-23	5.83e-12	1.00e+00
 1.60548e+12	7.51e-23	6.31e-12	1.00e+00
 1.69963e+12	8.37e-23	6.83e-12	1.00e+00
 1.79754e+12	9.34e-23	7.40e-12	1.00e+00
 1.89937e+12	1.04e-22	8.01e-12	1.00e+00
 2.00527e+12	1.17e-22	8.67e-12	1.00e+00
 2.11541e+12	1.31e-22	9.39e-12	1.00e+00
 2.22995e+12	1.47e-22	1.02e-11	1.00e+00
 2.34907e+12	1.65e-22	1.10e-11	1.00e+00
 2.47296e+12	1.85e-22	1.19e-11	1.00e+00
 2.60181e+12	2.09e-22	1.29e-11	1.00e+00
 2.72749e+12	2.34e-22	1.39e-11	1.00e+00
 2.84694e+12	2.60e-22	1.49e-11	1.00e+00
 2.97948e+12	2.90e-22	1.61e-11	1.00e+00
 3.12419e+12	3.28e-22	1.74e-11	1.00e+00
 3.26368e+12	3.67e-22	1.87e-11	1.00e+00
 3.41314e+12	4.13e-22	2.02e-11	1.00e+00
 3.57960e+12	4.70e-22	2.18e-11	1.00e+00
 3.74744e+12	5.33e-22	2.36e-11	1.00e+00
 3.92199e+12	6.04e-22	2.56e-11	1.00e+00
 4.10880e+12	6.90e-22	2.77e-11	1.00e+00
 4.30308e+12	7.89e-22	3.01e-11	1.00e+00
 4.50513e+12	9.03e-22	3.27e-11	1.00e+00
 4.71526e+12	1.04e-21	3.55e-11	1.00e+00
 4.93379e+12	1.19e-21	3.85e-11	1.00e+00
 5.16107e+12	1.37e-21	4.18e-11	1.00e+00
 5.39744e+12	1.57e-21	4.55e-11	1.00e+00
 5.64327e+12	1.81e-21	4.94e-11	1.00e+00
 5.87521e+12	2.06e-21	5.33e-11	1.00e+00
 6.08388e+12	2.31e-21	5.69e-11	1.00e+00
 6.31860e+12	2.60e-21	6.12e-11	1.00e+00
 6.59525e+12	3.01e-21	6.65e-11	1.00e+00
 6.87132e+12	3.45e-21	7.20e-11	1.00e+00
 7.13222e+12	3.91e-21	7.74e-11	1.00e+00
 7.42122e+12	4.47e-21	8.38e-11	1.00e+00
 7.74799e+12	5.19e-21	9.12e-11	1.00e+00
 8.07572e+12	6.00e-21	9.92e-11	1.00e+00
 8.41656e+12	6.92e-21	1.08e-10	1.00e+00
 8.78315e+12	8.04e-21	1.18e-10	1.00e+00
 9.12749e+12	9.23e-21	1.27e-10	1.00e+00
 9.43564e+12	1.04e-20	1.36e-10	1.00e+00
 9.78225e+12	1.18e-20	1.47e-10	1.00e+00
 1.01927e+13	1.36e-20	1.60e-10	1.00e+00
 1.06040e+13	1.58e-20	1.74e-10	1.00e+00
 1.09902e+13	1.79e-20	1.88e-10	1.00e+00
 1.14180e+13	2.05e-20	2.04e-10	1.00e+00
 1.19047e+13	2.39e-20	2.23e-10	1.00e+00
 1.23824e+13	2.76e-20	2.43e-10	1.00e+00
 1.28792e+13	3.17e-20	2.65e-10	1.00e+00
 1.34243e+13	3.69e-20	2.90e-10	1.00e+00
 1.39756e+13	4.27e-20	3.18e-10	1.00e+00
 1.45489e+13	4.93e-20	3.48e-10	1.00e+00
 1.51608e+13	5.72e-20	3.82e-10	1.00e+00
 1.57685e+13	6.59e-20	4.18e-10	1.00e+00
 1.64005e+13	7.57e-20	4.58e-10	1.00e+00
 1.70864e+13	8.76e-20	5.04e-10	1.00e+00
 1.77998e+13	1.01e-19	5.54e-10	1.00e+00
 1.85417e+13	1.17e-19	6.10e-10	1.00e+00
 1.93133e+13	1.34e-19	6.71e-10	1.00e+00
 2.01158e+13	1.55e-19	7.40e-10	1.00e+00
 2.08435e+13	1.75e-19	8.05e-10	1.00e+00
 2.14532e+13	1.92e-19	8.63e-10	1.00e+00
 2.21224e+13	2.13e-19	9.29e-10	1.00e+00
 2.29657e+13	2.42e-19	1.02e-09	1.00e+00
 2.38431e+13	2.74e-19	1.11e-09	1.00e+00
 2.45962e+13	3.04e-19	1.20e-09	1.00e+00
 2.53795e+13	3.36e-19	1.30e-09	1.00e+00
 2.63537e+13	3.81e-19	1.42e-09	1.00e+00
 2.73399e+13	4.32e-19	1.55e-09	1.00e+00
 2.82011e+13	4.78e-19	1.67e-09	1.00e+00
 2.91357e+13	5.32e-19	1.81e-09	1.00e+00
 3.02722e+13	6.04e-19	1.99e-09	1.00e+00
 3.14280e+13	6.84e-19	2.18e-09	1.00e+00
 3.24906e+13	7.63e-19	2.36e-09	1.00e+00
 3.36750e+13	8.59e-19	2.57e-09	1.00e+00
 3.50463e+13	9.82e-19	2.83e-09	1.00e+00
 3.63971e+13	1.12e-18	3.09e-09	1.00e+00
 3.76919e+13	1.26e-18	3.36e-09	1.00e+00
 3.91195e+13	1.43e-18	3.67e-09	1.00e+00
 4.07142e+13	1.65e-18	4.03e-09	1.00e+00
 4.21648e+13	1.86e-18	4.38e-09	1.00e+00
 4.33868e+13	2.07e-18	4.68e-09	1.00e+00
 4.47311e+13	2.31e-18	5.02e-09	1.00e+00
 4.62482e+13	2.61e-18	5.43e-09	1.00e+00
 4.76999e+13	2.92e-18	5.83e-09	1.00e+00
 4.92972e+13	3.31e-18	6.29e-09	1.00e+00
 5.10720e+13	3.78e-18	6.82e-09	1.00e+00
 5.27357e+13	4.27e-18	7.34e-09	1.00e+00
 5.45566e+13	4.87e-18	7.93e-09	1.00e+00
 5.66045e+13	5.62e-18	8.62e-09	1.00e+00
 5.85610e+13	6.42e-18	9.31e-09	1.00e+00
 6.07039e+13	7.39e-18	1.01e-08	1.00e+00
 6.29719e+13	8.55e-18	1.10e-08	1.00e+00
 6.49560e+13	9.68e-18	1.18e-08	1.00e+00
 6.70742e+13	1.10e-17	1.26e-08	1.00e+00
 6.96519e+13	1.28e-17	1.37e-08	1.00e+00
 7.22206e+13	1.48e-17	1.49e-08	1.00e+00
 7.44882e+13	1.68e-17	1.59e-08	1.00e+00
 7.69706e+13	1.92e-17	1.71e-08	1.00e+00
 7.99561e+13	2.25e-17	1.86e-08	1.00e+00
 8.29426e+13	2.61e-17	2.02e-08	1.00e+00
 8.56605e+13	2.98e-17	2.16e-08	1.00e+00
 8.86824e+13	3.44e-17	2.33e-08	1.00e+00
 9.22131e+13	4.04e-17	2.54e-08	1.00e+00
 9.56981e+13	4.71e-17	2.75e-08	1.00e+00
 9.89960e+13	5.42e-17	2.96e-08	1.00e+00
 1.02659e+14	6.30e-17	3.20e-08	1.00e+00
 1.06796e+14	7.42e-17	3.49e-08	1.00e+00
 1.10957e+14	8.69e-17	3.78e-08	1.00e+00
 1.15284e+14	1.02e-16	4.10e-08	1.00e+00
 1.19926e+14	1.20e-16	4.46e-08	1.00e+00
 1.24753e+14	1.41e-16	4.85e-08	1.00e+00
 1.29358e+14	1.64e-16	5.24e-08	1.00e+00
 1.33565e+14	1.87e-16	5.61e-08	1.00e+00
 1.37531e+14	2.11e-16	5.96e-08	1.00e+00
 1.41910e+14	2.40e-16	6.36e-08	1.00e+00
 1.46820e+14	2.76e-16	6.84e-08	1.00e+00
 1.51464e+14	3.14e-16	7.29e-08	1.00e+00
 1.56544e+14	3.59e-16	7.81e-08	1.00e+00
 1.62244e+14	4.16e-16	8.42e-08	1.00e+00
 1.67531e+14	4.74e-16	8.99e-08	1.00e+00
 1.72436e+14	5.33e-16	9.55e-08	1.00e+00
 1.78058e+14	6.07e-16	1.02e-07	1.00e+00
 1.84876e+14	7.08e-16	1.10e-07	1.00e+00
 1.91604e+14	8.18e-16	1.19e-07	1.00e+00
 1.97502e+14	9.25e-16	1.26e-07	1.00e+00
 2.03967e+14	1.05e-15	1.35e-07	1.00e+00
 2.11789e+14	1.23e-15	1.45e-07	1.00e+00
 2.19633e+14	1.42e-15	1.57e-07	1.00e+00
 2.26729e+14	1.61e-15	1.67e-07	1.00e+00
 2.34592e+14	1.85e-15	1.79e-07	1.00e+00
 2.43832e+14	2.16e-15	1.93e-07	1.00e+00
 2.52960e+14	2.50e-15	2.08e-07	1.00e+00
 2.61505e+14	2.85e-15	2.22e-07	1.00e+00
 2.71049e+14	3.29e-15	2.39e-07	1.00e+00
 2.81921e+14	3.85e-15	2.59e-07	1.00e+00
 2.92722e+14	4.48e-15	2.79e-07	1.00e+00
 3.03954e+14	5.20e-15	3.01e-07	1.00e+00
 3.16143e+14	6.08e-15	3.26e-07	1.00e+00
 3.28818e+14	7.11e-15	3.52e-07	1.00e+00
 3.41095e+14	8.23e-15	3.79e-07	1.00e+00
 3.52638e+14	9.40e-15	4.05e-07	1.00e+00
 3.65549e+14	1.08e-14	4.36e-07	1.00e+00
 3.78566e+14	1.25e-14	4.68e-07	1.00e+00
 3.89371e+14	1.40e-14	4.95e-07	1.00e+00
 4.00802e+14	1.57e-14	5.25e-07	1.00e+00
 4.15424e+14	1.81e-14	5.65e-07	1.00e+00
 4.30754e+14	2.09e-14	6.08e-07	1.00e+00
 4.44285e+14	2.37e-14	6.47e-07	1.00e+00
 4.58914e+14	2.69e-14	6.91e-07	1.00e+00
 4.76542e+14	3.13e-14	7.46e-07	1.00e+00
 4.94419e+14	3.63e-14	8.05e-07	1.00e+00
 5.11164e+14	4.15e-14	8.63e-07	1.00e+00
 5.29792e+14	4.80e-14	9.29e-07	1.00e+00
 5.49530e+14	5.56e-14	1.00e-06	1.00e+00
 5.67062e+14	6.31e-14	1.07e-06	1.00e+00
 5.85916e+14	7.20e-14	1.14e-06	1.00e+00
 6.08519e+14	8.39e-14	1.24e-06	1.00e+00
 6.30774e+14	9.70e-14	1.33e-06	1.00e+00
 6.50589e+14	1.10e-13	1.42e-06	1.00e+00
 6.72452e+14	1.25e-13	1.52e-06	1.00e+00
 6.98520e+14	1.46e-13	1.65e-06	1.00e+00
 7.24364e+14	1.69e-13	1.78e-06	1.00e+00
 7.47934e+14	1.92e-13	1.90e-06	1.00e+00
 7.74238e+14	2.21e-13	2.04e-06	1.00e+00
 8.04902e+14	2.58e-13	2.21e-06	1.00e+00
 8.35046e+14	2.98e-13	2.39e-06	1.00e+00
 8.63491e+14	3.40e-13	2.56e-06	1.00e+00
 8.95155e+14	3.92e-13	2.76e-06	1.00e+00
 9.30991e+14	4.58e-13	2.99e-06	1.00e+00
 9.66841e+14	5.31e-13	3.23e-06	1.00e+00
 1.00045e+15	6.07e-13	3.47e-06	1.00e+00
 1.03683e+15	6.98e-13	3.73e-06	1.00e+00
 1.07750e+15	8.11e-13	4.04e-06	1.00e+00
 1.11544e+15	9.26e-13	4.34e-06	1.00e+00
 1.15051e+15	1.04e-12	4.62e-06	1.00e+00
 1.18441e+15	1.17e-12	4.90e-06	1.00e+00
 1.22221e+15	1.32e-12	5.23e-06	1.00e+00
 1.26404e+15	1.50e-12	5.60e-06	1.00e+00
 1.30292e+15	1.68e-12	5.96e-06	1.00e+00
 1.34532e+15	1.90e-12	6.36e-06	1.00e+00
 1.39311e+15	2.17e-12	6.83e-06	1.00e+00
 1.43858e+15	2.45e-12	7.29e-06	1.00e+00
 1.48837e+15	2.78e-12	7.82e-06	1.00e+00
 1.54321e+15	3.18e-12	8.41e-06	1.00e+00
 1.59360e+15	3.59e-12	8.98e-06	1.00e+00
 1.64805e+15	4.07e-12	9.62e-06	1.00e+00
 1.70906e+15	4.66e-12	1.04e-05	1.00e+00
 1.76659e+15	5.26e-12	1.11e-05	1.00e+00
 1.82935e+15	6.00e-12	1.19e-05	1.00e+00
 1.89909e+15	6.88e-12	1.28e-05	1.00e+00
 1.96417e+15	7.80e-12	1.38e-05	1.00e+00
 2.03490e+15	8.89e-12	1.48e-05	1.00e+00
 2.11410e+15	1.03e-11	1.60e-05	1.00e+00
 2.18928e+15	1.17e-11	1.72e-05	1.00e+00
 2.26968e+15	1.34e-11	1.85e-05	1.00e+00
 2.36050e+15	1.55e-11	2.01e-05	1.00e+00
 2.44999e+15	1.78e-11	2.17e-05	1.00e+00
 2.54307e+15	2.05e-11	2.35e-05	1.00e+00
 2.64176e+15	2.37e-11	2.55e-05	1.00e+00
 2.72420e+15	2.66e-11	2.72e-05	1.00e+00
 2.78776e+15	2.91e-11	2.86e-05	1.00e+00
 2.85662e+15	3.19e-11	3.01e-05	1.00e+00
 2.94614e+15	3.60e-11	3.22e-05	1.00e+00
 3.04331e+15	4.08e-11	3.45e-05	1.00e+00
 3.13110e+15	4.56e-11	3.67e-05	1.00e+00
 3.22588e+15	5.13e-11	3.91e-05	1.00e+00
 3.34505e+15	5.92e-11	4.23e-05	1.00e+00
 3.46500e+15	6.81e-11	4.57e-05	1.00e+00
 3.56681e+15	7.64e-11	4.87e-05	1.00e+00
 3.67599e+15	8.65e-11	5.21e-05	1.00e+00
 3.81247e+15	1.00e-10	5.65e-05	1.00e+00
 3.95321e+15	1.16e-10	6.12e-05	1.00e+00
 4.07799e+15	1.32e-10	6.56e-05	1.00e+00
 4.21324e+15	1.51e-10	7.06e-05	1.00e+00
 4.37549e+15	1.77e-10	7.68e-05	1.00e+00
 4.53572e+15	2.05e-10	8.32e-05	1.00e+00
 4.67899e+15	2.34e-10	8.93e-05	1.00e+00
 4.83733e+15	2.69e-10	9.62e-05	1.00e+00
 5.02538e+15	3.16e-10	1.05e-04	1.00e+00
 5.21170e+15	3.69e-10	1.14e-04	1.00e+00
 5.38285e+15	4.23e-10	1.22e-04	1.00e+00
 5.57466e+15	4.90e-10	1.32e-04	1.00e+00
 5.79675e+15	5.81e-10	1.45e-04	1.00e+00
 6.01402e+15	6.80e-10	1.57e-04	1.00e+00
 6.22076e+15	7.87e-10	1.70e-04	1.00e+00
 6.45039e+15	9.20e-10	1.84e-04	1.00e+00
 6.66707e+15	1.06e-09	1.99e-04	1.00e+00
 6.82956e+15	1.18e-09	2.10e-04	1.00e+00
 6.99584e+15	1.30e-09	2.21e-04	1.00e+00
 7.21201e+15	1.49e-09	2.37e-04	1.00e+00
 7.44449e+15	1.71e-09	2.55e-04	1.00e+00
 7.65226e+15	1.92e-09	2.71e-04	1.00e+00
 7.87648e+15	2.18e-09	2.89e-04	1.00e+00
 8.16329e+15	2.54e-09	3.13e-04	1.00e+00
 8.45319e+15	2.95e-09	3.38e-04	1.00e+00
 8.69502e+15	3.33e-09	3.60e-04	1.00e+00
 8.95264e+15	3.77e-09	3.84e-04	1.00e+00
 9.28022e+15	4.40e-09	4.16e-04	1.00e+00
 9.62408e+15	5.14e-09	4.51e-04	1.00e+00
 9.93093e+15	5.87e-09	4.83e-04	1.00e+00
 1.02644e+16	6.76e-09	5.20e-04	9.99e-01
 1.06619e+16	7.95e-09	5.65e-04	9.99e-01
 1.10529e+16	9.24e-09	6.11e-04	9.99e-01
 1.14048e+16	1.05e-08	6.55e-04	9.99e-01
 1.17958e+16	1.22e-08	7.05e-04	9.99e-01
 1.22572e+16	1.43e-08	7.66e-04	9.99e-01
 1.27106e+16	1.67e-08	8.29e-04	9.99e-01
 1.31285e+16	1.91e-08	8.88e-04	9.99e-01
 1.35995e+16	2.22e-08	9.59e-04	9.99e-01
 1.40547e+16	2.54e-08	1.03e-03	9.99e-01
 1.43899e+16	2.81e-08	1.08e-03	9.99e-01
 1.47259e+16	3.09e-08	1.14e-03	9.99e-01
 1.51627e+16	3.49e-08	1.21e-03	9.99e-01
 1.56334e+16	3.97e-08	1.29e-03	9.99e-01
 1.60531e+16	4.42e-08	1.37e-03	9.99e-01
 1.65036e+16	4.96e-08	1.45e-03	9.99e-01
 1.70891e+16	5.75e-08	1.57e-03	9.98e-01
 1.76781e+16	6.60e-08	1.68e-03	9.98e-01
 1.81504e+16	7.34e-08	1.78e-03	9.98e-01
 1.86435e+16	8.22e-08	1.89e-03	9.98e-01
 1.92845e+16	9.47e-08	2.04e-03	9.98e-01
 1.99536e+16	1.09e-07	2.19e-03	9.98e-01
 2.05191e+16	1.22e-07	2.33e-03	9.98e-01
 2.11139e+16	1.37e-07	2.48e-03	9.98e-01
 2.18791e+16	1.60e-07	2.70e-03	9.97e-01
 2.26351e+16	1.83e-07	2.91e-03	9.97e-01
 2.32292e+16	2.03e-07	3.08e-03	9.97e-01
 2.38434e+16	2.27e-07	3.28e-03	9.97e-01
 2.46418e+16	2.63e-07	3.56e-03	9.96e-01
 2.54458e+16	3.00e-07	3.85e-03	9.96e-01
 2.60831e+16	3.32e-07	4.09e-03	9.96e-01
 2.66402e+16	3.64e-07	4.32e-03	9.96e-01
 2.72669e+16	4.06e-07	4.60e-03	9.95e-01
 2.79411e+16	4.52e-07	4.92e-03	9.95e-01
 2.85558e+16	4.99e-07	5.23e-03	9.95e-01
 2.92335e+16	5.61e-07	5.63e-03	9.94e-01
 2.99550e+16	6.31e-07	6.07e-03	9.94e-01
 3.05957e+16	6.99e-07	6.49e-03	9.94e-01
 3.12907e+16	7.94e-07	7.04e-03	9.93e-01
 3.20288e+16	8.97e-07	7.65e-03	9.92e-01
 3.26441e+16	9.97e-07	8.23e-03	9.92e-01
 3.31682e+16	1.10e-06	8.80e-03	9.91e-01
 3.37522e+16	1.23e-06	9.52e-03	9.90e-01
 3.43914e+16	1.40e-06	1.04e-02	9.90e-01
 3.49599e+16	1.57e-06	1.13e-02	9.89e-01
 3.54640e+16	1.75e-06	1.22e-02	9.88e-01
 3.59373e+16	1.94e-06	1.32e-02	9.87e-01
 3.63865e+16	2.16e-06	1.43e-02	9.86e-01
 3.68245e+16	2.41e-06	1.55e-02	9.85e-01
 3.72544e+16	2.70e-06	1.68e-02	9.83e-01
 3.76707e+16	3.03e-06	1.83e-02	9.82e-01
 3.80692e+16	3.40e-06	2.00e-02	9.80e-01
 3.84504e+16	3.80e-06	2.19e-02	9.78e-01
 3.88189e+16	4.35e-06	2.41e-02	9.76e-01
 3.91661e+16	4.85e-06	2.65e-02	9.74e-01
 3.94953e+16	5.57e-06	2.92e-02	9.71e-01
 3.98096e+16	6.29e-06	3.23e-02	9.68e-01
 4.01064e+16	7.09e-06	3.57e-02	9.64e-01
 4.03963e+16	8.10e-06	3.97e-02	9.60e-01
 4.06734e+16	9.43e-06	4.43e-02	9.56e-01
 4.09221e+16	1.07e-05	4.93e-02	9.51e-01
 4.11503e+16	1.21e-05	5.48e-02	9.45e-01
 4.14106e+16	1.42e-05	6.24e-02	9.38e-01
 4.16737e+16	1.70e-05	7.21e-02	9.28e-01
 4.18740e+16	1.97e-05	8.14e-02	9.19e-01
 4.20326e+16	2.26e-05	9.02e-02	9.10e-01
 4.21805e+16	2.56e-05	1.00e-01	9.00e-01
 4.23499e+16	2.98e-05	1.13e-01	8.87e-01
 4.25269e+16	3.54e-05	1.30e-01	8.70e-01
 4.26695e+16	4.06e-05	1.47e-01	8.53e-01
 4.27881e+16	4.67e-05	1.64e-01	8.36e-01
 4.29003e+16	5.31e-05	1.83e-01	8.17e-01
 4.30262e+16	6.20e-05	2.07e-01	7.92e-01
 4.31551e+16	7.29e-05	2.37e-01	7.63e-01
 4.32577e+16	8.35e-05	2.66e-01	7.34e-01
 4.33357e+16	9.27e-05	2.90e-01	7.10e-01
 4.34012e+16	1.02e-04	3.13e-01	6.87e-01
 4.34755e+16	1.13e-04	3.42e-01	6.58e-01
 4.35572e+16	1.27e-04	3.76e-01	6.24e-01
 4.36306e+16	1.41e-04	4.09e-01	5.91e-01
 4.36962e+16	1.55e-04	4.40e-01	5.60e-01
 4.37695e+16	1.71e-04	4.78e-01	5.22e-01
 4.38500e+16	1.91e-04	5.20e-01	4.79e-01
 4.39239e+16	2.10e-04	5.61e-01	4.39e-01
 4.40042e+16	2.32e-04	6.05e-01	3.94e-01
 4.40940e+16	2.57e-04	6.54e-01	3.46e-01
 4.41799e+16	2.81e-04	6.98e-01	3.02e-01
 4.42756e+16	3.07e-04	7.44e-01	2.55e-01
 4.44000e+16	3.40e-04	7.97e-01	2.03e-01
 4.45345e+16	3.72e-04	8.42e-01	1.57e-01
 4.46821e+16	4.03e-04	8.82e-01	1.17e-01
 4.48741e+16	4.36e-04	9.19e-01	8.08e-02
 4.51236e+16	4.72e-04	9.49e-01	5.07e-02
 4.54480e+16	5.09e-04	9.70e-01	2.91e-02
 4.58698e+16	5.52e-04	9.84e-01	1.54e-02
 4.63304e+16	5.97e-04	9.91e-01	8.48e-03
 4.67497e+16	6.42e-04	9.94e-01	5.29e-03
 4.71410e+16	6.88e-04	9.96e-01	3.56e-03
 4.75876e+16	7.49e-04	9.97e-01	2.34e-03
 4.80504e+16	8.23e-04	9.98e-01	1.60e-03
 4.84164e+16	8.95e-04	9.98e-01	1.21e-03
 4.87065e+16	9.59e-04	9.98e-01	9.81e-04
 4.90160e+16	1.04e-03	9.98e-01	7.83e-04
 4.92929e+16	1.12e-03	9.98e-01	6.56e-04
 4.94548e+16	1.18e-03	9.98e-01	5.94e-04
 4.95923e+16	1.23e-03	9.98e-01	5.42e-04
 4.97710e+16	1.30e-03	9.98e-01	4.81e-04
 4.99637e+16	1.38e-03	9.98e-01	4.28e-04
 5.01259e+16	1.46e-03	9.98e-01	3.88e-04
 5.02586e+16	1.53e-03	9.98e-01	3.59e-04
 5.04016e+16	1.62e-03	9.98e-01	3.29e-04
 5.05615e+16	1.72e-03	9.98e-01	3.00e-04
 5.06902e+16	1.82e-03	9.98e-01	2.79e-04
 5.07772e+16	1.89e-03	9.98e-01	2.66e-04
 5.08630e+16	1.96e-03	9.98e-01	2.53e-04
 5.09746e+16	2.07e-03	9.98e-01	2.37e-04
 5.10896e+16	2.19e-03	9.98e-01	2.22e-04
 5.11804e+16	2.29e-03	9.97e-01	2.12e-04
 5.12549e+16	2.38e-03	9.97e-01	2.03e-04
 5.13371e+16	2.49e-03	9.97e-01	1.94e-04
 5.14295e+16	2.63e-03	9.97e-01	1.84e-04
 5.15133e+16	2.76e-03	9.97e-01	1.76e-04
 5.15846e+16	2.88e-03	9.97e-01	1.70e-04
 5.16618e+16	3.03e-03	9.97e-01	1.63e-04
 5.17455e+16	3.20e-03	9.97e-01	1.56e-04
 5.18174e+16	3.36e-03	9.96e-01	1.50e-04
 5.18781e+16	3.52e-03	9.96e-01	1.45e-04
 5.19442e+16	3.69e-03	9.96e-01	1.40e-04
 5.20173e+16	3.91e-03	9.96e-01	1.35e-04
 5.20820e+16	4.12e-03	9.96e-01	1.30e-04
 5.21366e+16	4.32e-03	9.96e-01	1.27e-04
 5.21957e+16	4.55e-03	9.95e-01	1.23e-04
 5.22609e+16	4.84e-03	9.95e-01	1.18e-04
 5.23191e+16	5.12e-03	9.95e-01	1.15e-04
 5.23690e+16	5.39e-03	9.94e-01	1.12e-04
 5.24233e+16	5.70e-03	9.94e-01	1.09e-04
 5.24832e+16	6.10e-03	9.94e-01	1.05e-04
 5.25368e+16	6.50e-03	9.93e-01	1.02e-04
 5.25839e+16	6.89e-03	9.93e-01	1.00e-04
 5.26360e+16	7.37e-03	9.93e-01	9.72e-05
 5.26942e+16	8.00e-03	9.92e-01	9.43e-05
 5.27476e+16	8.66e-03	9.91e-01	9.17e-05
 5.27959e+16	9.34e-03	9.91e-01	8.95e-05
 5.28502e+16	1.02e-02	9.90e-01	8.69e-05
 5.29081e+16	1.14e-02	9.89e-01	8.44e-05
 5.29558e+16	1.25e-02	9.87e-01	8.23e-05
 5.29938e+16	1.36e-02	9.86e-01	8.08e-05
 5.30338e+16	1.49e-02	9.85e-01	7.90e-05
 5.30780e+16	1.66e-02	9.83e-01	7.72e-05
 5.31164e+16	1.84e-02	9.82e-01	7.58e-05
 5.31475e+16	2.01e-02	9.80e-01	7.48e-05
 5.31801e+16	2.22e-02	9.78e-01	7.36e-05
 5.32151e+16	2.49e-02	9.75e-01	7.24e-05
 5.32450e+16	2.77e-02	9.72e-01	7.16e-05
 5.32699e+16	3.05e-02	9.69e-01	7.09e-05
 5.32966e+16	3.40e-02	9.66e-01	7.02e-05
 5.33252e+16	3.84e-02	9.61e-01	6.96e-05
 5.33493e+16	4.32e-02	9.57e-01	6.92e-05
 5.33686e+16	4.75e-02	9.52e-01	6.92e-05
 5.33888e+16	5.28e-02	9.47e-01	6.90e-05
 5.34105e+16	5.94e-02	9.41e-01	6.92e-05
 5.34294e+16	6.64e-02	9.33e-01	6.95e-05
 5.34452e+16	7.32e-02	9.27e-01	7.00e-05
 5.34620e+16	8.15e-02	9.18e-01	7.04e-05
 5.34799e+16	9.18e-02	9.08e-01	7.12e-05
 5.34950e+16	1.02e-01	8.98e-01	7.21e-05
 5.35079e+16	1.12e-01	8.88e-01	7.31e-05
 5.35202e+16	1.23e-01	8.77e-01	7.40e-05
 5.35323e+16	1.35e-01	8.65e-01	7.52e-05
 5.35437e+16	1.47e-01	8.53e-01	7.66e-05
 5.35535e+16	1.59e-01	8.41e-01	7.78e-05
 5.35622e+16	1.70e-01	8.30e-01	7.89e-05
 5.35691e+16	1.80e-01	8.20e-01	7.99e-05
 5.35739e+16	1.87e-01	8.13e-01	8.07e-05
 5.35784e+16	1.94e-01	8.06e-01	8.13e-05
 5.35835e+16	2.03e-01	7.97e-01	8.20e-05
 5.35890e+16	2.12e-01	7.88e-01	8.28e-05
 5.35943e+16	2.21e-01	7.79e-01	8.37e-05
 5.35992e+16	2.31e-01	7.69e-01	8.47e-05
 5.36041e+16	2.41e-01	7.59e-01	8.54e-05
 5.36090e+16	2.50e-01	7.49e-01	8.65e-05
 5.36139e+16	2.61e-01	7.39e-01	8.72e-05
 5.36187e+16	2.72e-01	7.28e-01	8.83e-05
 5.36234e+16	2.83e-01	7.17e-01	8.91e-05
 5.36282e+16	2.95e-01	7.05e-01	8.99e-05
 5.36327e+16	3.06e-01	6.94e-01	9.08e-05
 5.36372e+16	3.18e-01	6.82e-01	9.17e-05
 5.36418e+16	3.30e-01	6.70e-01	9.24e-05
 5.36462e+16	3.42e-01	6.57e-01	9.34e-05
 5.36506e+16	3.55e-01	6.45e-01	9.42e-05
 5.36550e+16	3.69e-01	6.31e-01	9.49e-05
 5.36593e+16	3.82e-01	6.18e-01	9.56e-05
 5.36635e+16	3.95e-01	6.05e-01	9.63e-05
 5.36677e+16	4.08e-01	5.91e-01	9.70e-05
 5.36718e+16	4.22e-01	5.78e-01	9.77e-05
 5.36759e+16	4.36e-01	5.64e-01	9.82e-05
 5.36800e+16	4.50e-01	5.50e-01	9.88e-05
 5.36839e+16	4.64e-01	5.36e-01	9.93e-05
 5.36879e+16	4.78e-01	5.22e-01	9.98e-05
 5.36918e+16	4.92e-01	5.08e-01	1.00e-04
 5.36956e+16	5.06e-01	4.94e-01	1.01e-04
 5.36994e+16	5.20e-01	4.80e-01	1.01e-04
 5.37031e+16	5.34e-01	4.66e-01	1.01e-04
 5.37067e+16	5.48e-01	4.52e-01	1.01e-04
 5.37102e+16	5.61e-01	4.39e-01	1.01e-04
 5.37137e+16	5.74e-01	4.26e-01	1.02e-04
 5.37171e+16	5.87e-01	4.13e-01	1.02e-04
 5.37204e+16	6.00e-01	4.00e-01	1.01e-04
 5.37236e+16	6.12e-01	3.88e-01	1.01e-04
 5.37269e+16	6.24e-01	3.76e-01	1.01e-04
 5.37300e+16	6.36e-01	3.64e-01	1.01e-04
 5.37331e+16	6.48e-01	3.52e-01	1.01e-04
 5.37362e+16	6.59e-01	3.40e-01	1.00e-04
 5.37392e+16	6.71e-01	3.29e-01	9.99e-05
 5.37421e+16	6.81e-01	3.19e-01	9.94e-05
 5.37450e+16	6.92e-01	3.08e-01	9.89e-05
 5.37479e+16	7.02e-01	2.98e-01	9.84e-05
 5.37507e+16	7.12e-01	2.88e-01	9.79e-05
 5.37535e+16	7.22e-01	2.78e-01	9.73e-05
 5.37561e+16	7.31e-01	2.69e-01	9.67e-05
 5.37588e+16	7.40e-01	2.60e-01	9.60e-05
 5.37615e+16	7.49e-01	2.51e-01	9.53e-05
 5.37641e+16	7.57e-01	2.42e-01	9.45e-05
 5.37667e+16	7.66e-01	2.34e-01	9.37e-05
 5.37693e+16	7.74e-01	2.26e-01	9.30e-05
 5.37718e+16	7.82e-01	2.18e-01	9.22e-05
 5.37743e+16	7.89e-01	2.11e-01	9.13e-05
 5.37767e+16	7.97e-01	2.03e-01	9.04e-05
 5.37792e+16	8.04e-01	1.96e-01	8.94e-05
 5.37816e+16	8.11e-01	1.89e-01	8.84e-05
 5.37836e+16	8.16e-01	1.84e-01	8.76e-05
 5.37850e+16	8.20e-01	1.80e-01	8.69e-05
 5.37864e+16	8.24e-01	1.76e-01	8.61e-05
 5.37879e+16	8.28e-01	1.72e-01	8.53e-05
 5.37894e+16	8.32e-01	1.68e-01	8.45e-05
 5.37909e+16	8.36e-01	1.64e-01	8.38e-05
 5.37923e+16	8.40e-01	1.60e-01	8.31e-05
 5.37938e+16	8.43e-01	1.57e-01	8.23e-05
 5.37952e+16	8.47e-01	1.53e-01	8.16e-05
 5.37966e+16	8.50e-01	1.50e-01	8.08e-05
 5.37980e+16	8.54e-01	1.46e-01	8.00e-05
 5.37995e+16	8.57e-01	1.43e-01	7.92e-05
 5.38010e+16	8.61e-01	1.39e-01	7.84e-05
 5.38025e+16	8.64e-01	1.36e-01	7.75e-05
 5.38041e+16	8.68e-01	1.32e-01	7.68e-05
 5.38058e+16	8.72e-01	1.28e-01	7.57e-05
 5.38077e+16	8.76e-01	1.24e-01	7.46e-05
 5.38098e+16	8.80e-01	1.20e-01	7.34e-05
 5.38120e+16	8.85e-01	1.15e-01	7.21e-05
 5.38141e+16	8.89e-01	1.11e-01	7.08e-05
 5.38160e+16	8.93e-01	1.07e-01	6.94e-05
 5.38179e+16	8.96e-01	1.04e-01	6.81e-05
 5.38197e+16	9.00e-01	1.00e-01	6.68e-05
 5.38214e+16	9.03e-01	9.69e-02	6.55e-05
 5.38232e+16	9.06e-01	9.38e-02	6.42e-05
 5.38248e+16	9.09e-01	9.10e-02	6.29e-05
 5.38262e+16	9.11e-01	8.85e-02	6.18e-05
 5.38275e+16	9.14e-01	8.62e-02	6.07e-05
 5.38287e+16	9.16e-01	8.42e-02	5.97e-05
 5.38298e+16	9.18e-01	8.23e-02	5.88e-05
 5.38308e+16	9.19e-01	8.07e-02	5.79e-05
 5.38317e+16	9.21e-01	7.92e-02	5.71e-05
 5.38326e+16	9.22e-01	7.78e-02	5.63e-05
 5.38335e+16	9.24e-01	7.63e-02	5.55e-05
 5.38345e+16	9.25e-01	7.48e-02	5.46e-05
 5.38353e+16	9.27e-01	7.34e-02	5.39e-05
 5.38362e+16	9.28e-01	7.22e-02	5.31e-05
 5.38369e+16	9.29e-01	7.10e-02	5.23e-05
 5.38376e+16	9.30e-01	7.00e-02	5.17e-05
 5.38383e+16	9.31e-01	6.88e-02	5.11e-05
 5.38391e+16	9.32e-01	6.76e-02	5.04e-05
 5.38398e+16	9.33e-01	6.66e-02	4.97e-05
 5.38405e+16	9.34e-01	6.56e-02	4.90e-05
 5.38411e+16	9.35e-01	6.47e-02	4.84e-05
 5.38417e+16	9.36e-01	6.37e-02	4.78e-05
 5.38424e+16	9.37e-01	6.27e-02	4.71e-05
 5.38431e+16	9.38e-01	6.17e-02	4.65e-05
 5.38437e+16	9.39e-01	6.09e-02	4.58e-05
 5.38442e+16	9.40e-01	6.01e-02	4.53e-05
 5.38448e+16	9.41e-01	5.92e-02	4.47e-05
 5.38455e+16	9.42e-01	5.83e-02	4.40e-05
 5.38461e+16	9.43e-01	5.74e-02	4.34e-05
 5.38467e+16	9.43e-01	5.66e-02	4.28e-05
 5.38472e+16	9.44e-01	5.59e-02	4.23e-05
 5.38477e+16	9.45e-01	5.51e-02	4.17e-05
 5.38483e+16	9.46e-01	5.44e-02	4.12e-05
 5.38488e+16	9.46e-01	5.36e-02	4.06e-05
 5.38493e+16	9.47e-01	5.29e-02	4.01e-05
 5.38499e+16	9.48e-01	5.22e-02	3.95e-05
 5.38504e+16	9.49e-01	5.14e-02	3.90e-05
 5.38510e+16	9.49e-01	5.07e-02	3.84e-05
 5.38515e+16	9.50e-01	5.00e-02	3.79e-05
 5.38520e+16	9.51e-01	4.93e-02	3.74e-05
 5.38526e+16	9.51e-01	4.86e-02	3.68e-05
 5.38531e+16	9.52e-01	4.79e-02	3.63e-05
 5.38537e+16	9.53e-01	4.72e-02	3.58e-05
 5.38542e+16	9.53e-01	4.66e-02	3.52e-05
 5.38547e+16	9.54e-01	4.59e-02	3.47e-05
 5.38553e+16	9.55e-01	4.52e-02	3.42e-05
 5.38558e+16	9.55e-01	4.46e-02	3.37e-05
 5.38563e+16	9.56e-01	4.39e-02	3.32e-05
 5.38569e+16	9.57e-01	4.33e-02	3.27e-05
 5.38574e+16	9.57e-01	4.27e-02	3.22e-05
 5.38580e+16	9.58e-01	4.21e-02	3.17e-05
 5.38585e+16	9.59e-01	4.14e-02	3.13e-05
 5.38590e+16	9.59e-01	4.09e-02	3.08e-05
 5.38596e+16	9.60e-01	4.03e-02	3.04e-05
 5.38601e+16	9.60e-01	3.97e-02	3.00e-05
 5.38607e+16	9.61e-01	3.92e-02	2.96e-05
 5.38612e+16	9.61e-01	3.86e-02	2.91e-05
 5.38617e+16	9.62e-01	3.81e-02	2.87e-05
 5.38623e+16	9.62e-01	3.75e-02	2.83e-05
 5.38629e+16	9.63e-01	3.69e-02	2.79e-05
 5.38636e+16	9.64e-01	3.63e-02	2.74e-05
 5.38642e+16	9.64e-01	3.57e-02	2.70e-05
 5.38647e+16	9.65e-01	3.52e-02	2.66e-05
 5.38653e+16	9.65e-01	3.47e-02	2.62e-05
 5.38658e+16	9.66e-01	3.42e-02	2.58e-05
 5.38664e+16	9.66e-01	3.37e-02	2.54e-05
 5.38671e+16	9.67e-01	3.31e-02	2.50e-05
 5.38677e+16	9.67e-01	3.26e-02	2.46e-05
 5.38683e+16	9.68e-01	3.21e-02	2.43e-05
 5.38689e+16	9.68e-01	3.16e-02	2.39e-05
 5.38696e+16	9.69e-01	3.11e-02	2.35e-05
 5.38702e+16	9.69e-01	3.06e-02	2.32e-05
 5.38708e+16	9.70e-01	3.01e-02	2.28e-05
 5.38715e+16	9.70e-01	2.96e-02	2.24e-05
 5.38722e+16	9.71e-01	2.91e-02	2.20e-05
 5.38728e+16	9.71e-01	2.86e-02	2.17e-05
 5.38735e+16	9.72e-01	2.82e-02	2.14e-05
 5.38742e+16	9.72e-01	2.77e-02	2.10e-05
 5.38748e+16	9.73e-01	2.73e-02	2.07e-05
 5.38755e+16	9.73e-01	2.68e-02	2.04e-05
 5.38763e+16	9.74e-01	2.63e-02	2.00e-05
 5.38770e+16	9.74e-01	2.59e-02	1.97e-05
 5.38777e+16	9.75e-01	2.54e-02	1.93e-05
 5.38785e+16	9.75e-01	2.49e-02	1.90e-05
 5.38793e+16	9.75e-01	2.45e-02	1.87e-05
 5.38799e+16	9.76e-01	2.41e-02	1.84e-05
 5.38807e+16	9.76e-01	2.37e-02	1.81e-05
 5.38815e+16	9.77e-01	2.32e-02	1.78e-05
 5.38822e+16	9.77e-01	2.29e-02	1.75e-05
 5.38830e+16	9.78e-01	2.24e-02	1.72e-05
 5.38839e+16	9.78e-01	2.20e-02	1.69e-05
 5.38847e+16	9.78e-01	2.16e-02	1.66e-05
 5.38855e+16	9.79e-01	2.12e-02	1.63e-05
 5.38864e+16	9.79e-01	2.08e-02	1.60e-05
 5.38873e+16	9.80e-01	2.04e-02	1.57e-05
 5.38882e+16	9.80e-01	2.00e-02	1.54e-05
 5.38892e+16	9.80e-01	1.95e-02	1.51e-05
 5.38901e+16	9.81e-01	1.92e-02	1.48e-05
 5.38911e+16	9.81e-01	1.88e-02	1.45e-05
 5.38922e+16	9.82e-01	1.84e-02	1.42e-05
 5.38932e+16	9.82e-01	1.80e-02	1.40e-05
 5.38943e+16	9.82e-01	1.76e-02	1.37e-05
 5.38954e+16	9.83e-01	1.72e-02	1.34e-05
 5.38965e+16	9.83e-01	1.68e-02	1.31e-05
 5.38976e+16	9.84e-01	1.64e-02	1.28e-05
 5.38989e+16	9.84e-01	1.60e-02	1.25e-05
 5.39000e+16	9.84e-01	1.57e-02	1.23e-05
 5.39012e+16	9.85e-01	1.53e-02	1.20e-05
 5.39026e+16	9.85e-01	1.49e-02	1.17e-05
 5.39038e+16	9.85e-01	1.46e-02	1.15e-05
 5.39051e+16	9.86e-01	1.43e-02	1.12e-05
 5.39066e+16	9.86e-01	1.39e-02	1.10e-05
 5.39079e+16	9.86e-01	1.36e-02	1.07e-05
 5.39093e+16	9.87e-01	1.32e-02	1.05e-05
 5.39109e+16	9.87e-01	1.29e-02	1.02e-05
 5.39123e+16	9.87e-01	1.26e-02	1.00e-05
 5.39139e+16	9.88e-01	1.23e-02	9.76e-06
 5.39155e+16	9.88e-01	1.20e-02	9.53e-06
 5.39171e+16	9.88e-01	1.17e-02	9.33e-06
 5.39187e+16	9.89e-01	1.14e-02	9.10e-06
 5.39209e+16	9.89e-01	1.10e-02	8.82e-06
 5.39232e+16	9.89e-01	1.07e-02	8.57e-06
 5.39254e+16	9.90e-01	1.04e-02	8.34e-06
 5.39273e+16	9.90e-01	1.01e-02	8.15e-06
 5.39294e+16	9.90e-01	9.85e-03	7.93e-06
 5.39322e+16	9.90e-01	9.51e-03	7.67e-06
 5.39352e+16	9.91e-01	9.21e-03	7.45e-06
 5.39379e+16	9.91e-01	8.94e-03	7.24e-06
 5.39409e+16	9.91e-01	8.67e-03	7.02e-06
 5.39441e+16	9.92e-01	8.41e-03	6.82e-06
 5.39476e+16	9.92e-01	8.13e-03	6.60e-06
 5.39522e+16	9.92e-01	7.83e-03	6.36e-06
 5.39578e+16	9.92e-01	7.51e-03	6.11e-06
 5.39641e+16	9.93e-01	7.22e-03	5.88e-06
 5.39712e+16	9.93e-01	6.94e-03	5.65e-06
 5.39796e+16	9.93e-01	6.67e-03	5.43e-06
 5.39893e+16	9.94e-01	6.44e-03	5.24e-06
 5.39993e+16	9.94e-01	6.26e-03	5.08e-06
 5.40093e+16	9.94e-01	6.12e-03	4.96e-06
 5.40193e+16	9.94e-01	6.00e-03	4.83e-06
 5.40308e+16	9.94e-01	5.91e-03	4.75e-06
 5.40457e+16	9.94e-01	5.81e-03	4.65e-06
 5.40651e+16	9.94e-01	5.71e-03	4.55e-06
 5.40904e+16	9.94e-01	5.62e-03	4.43e-06
 5.41232e+16	9.94e-01	5.51e-03	4.30e-06
 5.41659e+16	9.95e-01	5.40e-03	4.14e-06
 5.42214e+16	9.95e-01	5.27e-03	3.96e-06
 5.42935e+16	9.95e-01	5.10e-03	3.74e-06
 5.43873e+16	9.95e-01	4.91e-03	3.47e-06
 5.45006e+16	9.95e-01	4.69e-03	3.18e-06
 5.46215e+16	9.96e-01	4.48e-03	2.91e-06
 5.47429e+16	9.96e-01	4.28e-03	2.66e-06
 5.48664e+16	9.96e-01	4.09e-03	2.43e-06
 5.49943e+16	9.96e-01	3.90e-03	2.22e-06
 5.51261e+16	9.96e-01	3.72e-03	2.02e-06
 5.52611e+16	9.96e-01	3.55e-03	1.83e-06
 5.53990e+16	9.97e-01	3.38e-03	1.67e-06
 5.55383e+16	9.97e-01	3.22e-03	1.51e-06
 5.56805e+16	9.97e-01	3.07e-03	1.37e-06
 5.58284e+16	9.97e-01	2.92e-03	1.24e-06
 5.59806e+16	9.97e-01	2.78e-03	1.12e-06
 5.61357e+16	9.97e-01	2.64e-03	1.01e-06
 5.62940e+16	9.97e-01	2.51e-03	9.12e-07
 5.64559e+16	9.98e-01	2.38e-03	8.21e-07
 5.66215e+16	9.98e-01	2.26e-03	7.38e-07
 5.67909e+16	9.98e-01	2.14e-03	6.63e-07
 5.69643e+16	9.98e-01	2.03e-03	5.94e-07
 5.71420e+16	9.98e-01	1.92e-03	5.32e-07
 5.73237e+16	9.98e-01	1.82e-03	4.75e-07
 5.75095e+16	9.98e-01	1.72e-03	4.25e-07
 5.76995e+16	9.98e-01	1.63e-03	3.79e-07
 5.78943e+16	9.98e-01	1.54e-03	3.37e-07
 5.80944e+16	9.99e-01	1.45e-03	2.99e-07
 5.82996e+16	9.99e-01	1.37e-03	2.65e-07
 5.85102e+16	9.99e-01	1.29e-03	2.35e-07
 5.87264e+16	9.99e-01	1.22e-03	2.07e-07
 5.89486e+16	9.99e-01	1.15e-03	1.83e-07
 5.91773e+16	9.99e-01	1.08e-03	1.61e-07
 5.94130e+16	9.99e-01	1.01e-03	1.41e-07
 5.96562e+16	9.99e-01	9.52e-04	1.23e-07
 5.99070e+16	9.99e-01	8.93e-04	1.07e-07
 6.01660e+16	9.99e-01	8.36e-04	9.33e-08
 6.04304e+16	9.99e-01	7.82e-04	8.10e-08
 6.07022e+16	9.99e-01	7.31e-04	7.00e-08
 6.09889e+16	9.99e-01	6.80e-04	6.01e-08
 6.12901e+16	9.99e-01	6.32e-04	5.12e-08
 6.16039e+16	9.99e-01	5.85e-04	4.34e-08
 6.19305e+16	9.99e-01	5.41e-04	3.66e-08
 6.22714e+16	1.00e+00	4.98e-04	3.07e-08
 6.26294e+16	1.00e+00	4.56e-04	2.55e-08
 6.30091e+16	1.00e+00	4.16e-04	2.09e-08
 6.34084e+16	1.00e+00	3.78e-04	1.70e-08
 6.38315e+16	1.00e+00	3.40e-04	1.36e-08
 6.42851e+16	1.00e+00	3.04e-04	1.08e-08
 6.47692e+16	1.00e+00	2.69e-04	8.37e-09
 6.52915e+16	1.00e+00	2.35e-04	6.36e-09
 6.58605e+16	1.00e+00	2.03e-04	4.72e-09
 6.64751e+16	1.00e+00	1.73e-04	3.42e-09
 6.71671e+16	1.00e+00	1.44e-04	2.36e-09
 6.80026e+16	1.00e+00	1.15e-04	1.51e-09
 6.89652e+16	1.00e+00	8.97e-05	9.25e-10
 6.99668e+16	1.00e+00	6.96e-05	5.60e-10
 7.10661e+16	1.00e+00	5.25e-05	3.20e-10
 7.23823e+16	1.00e+00	3.77e-05	1.66e-10
 7.38517e+16	1.00e+00	2.64e-05	8.21e-11
 7.53876e+16	1.00e+00	1.83e-05	3.99e-11
 7.69538e+16	1.00e+00	1.27e-05	1.96e-11
 7.85199e+16	1.00e+00	8.96e-06	9.75e-12
 8.00860e+16	1.00e+00	6.34e-06	4.93e-12
 8.16522e+16	1.00e+00	4.53e-06	2.53e-12
 8.32183e+16	1.00e+00	3.26e-06	1.32e-12
 8.47844e+16	1.00e+00	2.36e-06	7.02e-13
 8.63506e+16	1.00e+00	1.72e-06	3.77e-13
 8.79167e+16	1.00e+00	1.26e-06	2.05e-13
 8.94828e+16	1.00e+00	9.33e-07	1.13e-13
 9.10489e+16	1.00e+00	6.95e-07	6.31e-14
 9.26150e+16	1.00e+00	5.19e-07	3.56e-14
 9.44160e+16	1.00e+00	3.71e-07	1.84e-14
 9.64826e+16	1.00e+00	2.57e-07	8.96e-15
 9.85799e+16	1.00e+00	1.79e-07	4.40e-15
 1.00677e+17	1.00e+00	1.25e-07	2.20e-15
 1.02774e+17	1.00e+00	8.91e-08	1.12e-15
 1.05058e+17	1.00e+00	6.15e-08	5.43e-16
 1.07529e+17	1.00e+00	4.18e-08	2.56e-16
 1.10000e+17	1.00e+00	2.88e-08	1.23e-16
 1.12590e+17	1.00e+00	1.95e-08	5.79e-17
 1.15338e+17	1.00e+00	1.32e-08	2.70e-17
 1.18152e+17	1.00e+00	8.93e-09	1.25e-17
 1.20994e+17	1.00e+00	6.11e-09	5.92e-18
 1.23836e+17	1.00e+00	4.21e-09	2.85e-18
 1.26678e+17	1.00e+00	2.93e-09	1.40e-18
 1.29520e+17	1.00e+00	2.06e-09	7.01e-19
 1.32362e+17	1.00e+00	1.46e-09	3.57e-19
 1.35204e+17	1.00e+00	1.04e-09	1.84e-19
 1.38046e+17	1.00e+00	7.52e-10	9.71e-20
 1.40888e+17	1.00e+00	5.47e-10	5.19e-20
 1.43732e+17	1.00e+00	4.00e-10	2.80e-20
 1.46575e+17	1.00e+00	2.96e-10	1.54e-20
 1.49417e+17	1.00e+00	2.20e-10	8.59e-21
 1.52261e+17	1.00e+00	1.64e-10	0.00e+00
 1.55103e+17	1.00e+00	1.24e-10	0.00e+00
 1.57946e+17	1.00e+00	9.42e-11	0.00e+00
 1.61215e+17	1.00e+00	6.85e-11	0.00e+00
 1.65027e+17	1.00e+00	4.82e-11	0.00e+00
 1.69090e+17	1.00e+00	3.36e-11	0.00e+00
 1.73348e+17	1.00e+00	2.34e-11	0.00e+00
 1.77708e+17	1.00e+00	1.64e-11	0.00e+00
 1.82153e+17	1.00e+00	1.17e-11	0.00e+00
 1.86705e+17	1.00e+00	8.41e-12	0.00e+00
 1.91344e+17	1.00e+00	6.19e-12	0.00e+00
 1.96004e+17	1.00e+00	4.70e-12	0.00e+00
 2.00664e+17	1.00e+00	3.68e-12	0.00e+00
 2.05533e+17	1.00e+00	2.96e-12	0.00e+00
 2.10659e+17	1.00e+00	2.41e-12	0.00e+00
 2.15884e+17	1.00e+00	2.04e-12	0.00e+00
 2.21235e+17	1.00e+00	1.79e-12	0.00e+00
 2.26715e+17	1.00e+00	1.60e-12	0.00e+00
 2.32248e+17	1.00e+00	1.48e-12	0.00e+00
 2.37780e+17	1.00e+00	1.40e-12	0.00e+00
 2.44142e+17	1.00e+00	1.34e-12	0.00e+00
 2.51797e+17	1.00e+00	1.14e-12	0.00e+00
 2.59844e+17	1.00e+00	9.87e-13	0.00e+00
 2.67736e+17	1.00e+00	9.59e-13	0.00e+00
 2.75602e+17	1.00e+00	9.60e-13	0.00e+00
 2.83643e+17	1.00e+00	9.46e-13	0.00e+00
 2.91870e+17	1.00e+00	9.19e-13	0.00e+00
 3.00184e+17	1.00e+00	9.00e-13	0.00e+00
 3.08527e+17	1.00e+00	8.90e-13	0.00e+00
 3.16889e+17	1.00e+00	8.86e-13	0.00e+00
 3.25232e+17	1.00e+00	8.80e-13	0.00e+00
 3.33508e+17	1.00e+00	8.83e-13	0.00e+00
 3.41697e+17	1.00e+00	8.87e-13	0.00e+00
 3.49721e+17	1.00e+00	8.96e-13	0.00e+00
 3.57456e+17	1.00e+00	9.13e-13	0.00e+00
 3.64859e+17	1.00e+00	9.45e-13	0.00e+00
 3.72000e+17	1.00e+00	9.76e-13	0.00e+00
 3.78890e+17	1.00e+00	1.00e-12	0.00e+00
 3.85482e+17	1.00e+00	1.03e-12	0.00e+00
 3.91747e+17	1.00e+00	1.06e-12	0.00e+00
 3.97686e+17	1.00e+00	1.10e-12	0.00e+00
 4.03320e+17	1.00e+00	1.13e-12	0.00e+00
 4.08659e+17	1.00e+00	1.17e-12	0.00e+00
 4.13704e+17	1.00e+00	1.20e-12	0.00e+00
 4.18459e+17	1.00e+00	1.23e-12	0.00e+00
 4.22935e+17	1.00e+00	1.27e-12	0.00e+00
 4.27150e+17	1.00e+00	1.30e-12	0.00e+00
 4.31121e+17	1.00e+00	1.33e-12	0.00e+00
 4.34864e+17	1.00e+00	1.36e-12	0.00e+00
 4.38389e+17	1.00e+00	1.39e-12	0.00e+00
 4.41707e+17	1.00e+00	1.42e-12	0.00e+00
 4.44833e+17	1.00e+00	1.45e-12	0.00e+00
 4.47782e+17	1.00e+00	1.47e-12	0.00e+00
 4.50567e+17	1.00e+00	1.50e-12	0.00e+00
 4.53196e+17	1.00e+00	1.52e-12	0.00e+00
 4.55678e+17	1.00e+00	1.54e-12	0.00e+00
 4.58021e+17	1.00e+00	1.56e-12	0.00e+00
 4.60236e+17	1.00e+00	1.58e-12	0.00e+00
 4.62331e+17	1.00e+00	1.60e-12	0.00e+00
 4.64315e+17	1.00e+00	1.61e-12	0.00e+00
 4.66195e+17	1.00e+00	1.63e-12	0.00e+00
 4.67975e+17	1.00e+00	1.64e-12	0.00e+00
 4.69662e+17	1.00e+00	1.66e-12	0.00e+00
 4.71261e+17	1.00e+00	1.67e-12	0.00e+00
 4.72779e+17	1.00e+00	1.68e-12	0.00e+00
 4.74221e+17	1.00e+00	1.69e-12	0.00e+00
 4.75591e+17	1.00e+00	1.71e-12	0.00e+00
 4.76893e+17	1.00e+00	1.72e-12	0.00e+00
 4.78130e+17	1.00e+00	1.73e-12	0.00e+00
 4.79308e+17	1.00e+00	1.73e-12	0.00e+00
 4.80431e+17	1.00e+00	1.74e-12	0.00e+00
 4.81501e+17	1.00e+00	1.75e-12	0.00e+00
 4.82523e+17	1.00e+00	1.76e-12	0.00e+00
 4.83497e+17	1.00e+00	1.77e-12	0.00e+00
 4.84426e+17	1.00e+00	1.77e-12	0.00e+00
 4.85315e+17	1.00e+00	1.78e-12	0.00e+00
 4.86166e+17	1.00e+00	1.79e-12	0.00e+00
 4.86982e+17	1.00e+00	1.79e-12	0.00e+00
 4.87764e+17	1.00e+00	1.80e-12	0.00e+00
 4.88515e+17	1.00e+00	1.80e-12	0.00e+00
 4.89236e+17	1.00e+00	1.81e-12	0.00e+00
 4.89931e+17	1.00e+00	1.81e-12	0.00e+00
 4.90601e+17	1.00e+00	1.82e-12	0.00e+00
 4.91249e+17	1.00e+00	1.82e-12	0.00e+00
 4.91876e+17	1.00e+00	1.82e-12	0.00e+00
 4.92484e+17	1.00e+00	1.83e-12	0.00e+00
 4.93074e+17	1.00e+00	1.83e-12	0.00e+00
 4.93650e+17	1.00e+00	1.83e-12	0.00e+00
 4.94213e+17	1.00e+00	1.84e-12	0.00e+00
 4.94765e+17	1.00e+00	1.84e-12	0.00e+00
 4.95308e+17	1.00e+00	1.84e-12	0.00e+00
 4.95844e+17	1.00e+00	1.84e-12	0.00e+00
 4.96376e+17	1.00e+00	1.85e-12	0.00e+00
 4.96906e+17	1.00e+00	1.85e-12	0.00e+00
 4.97437e+17	1.00e+00	1.85e-12	0.00e+00
 4.97972e+17	1.00e+00	1.85e-12	0.00e+00
 4.98515e+17	1.00e+00	1.85e-12	0.00e+00
 4.99070e+17	1.00e+00	1.85e-12	0.00e+00
 4.99643e+17	1.00e+00	1.85e-12	0.00e+00
 5.00238e+17	1.00e+00	1.85e-12	0.00e+00
 5.00865e+17	1.00e+00	1.85e-12	0.00e+00
 5.01533e+17	1.00e+00	1.85e-12	0.00e+00
 5.02254e+17	1.00e+00	1.85e-12	0.00e+00
 5.03044e+17	1.00e+00	1.84e-12	0.00e+00
 5.03925e+17	1.00e+00	1.84e-12	0.00e+00
 5.04929e+17	1.00e+00	1.83e-12	0.00e+00
 5.06096e+17	1.00e+00	1.82e-12	0.00e+00
 5.07489e+17	1.00e+00	1.80e-12	0.00e+00
 5.09196e+17	1.00e+00	1.77e-12	0.00e+00
 5.11348e+17	1.00e+00	1.72e-12	0.00e+00
 5.14124e+17	1.00e+00	1.65e-12	0.00e+00
 5.17733e+17	1.00e+00	1.55e-12	0.00e+00
 5.22425e+17	1.00e+00	1.40e-12	0.00e+00
 5.28524e+17	1.00e+00	1.22e-12	0.00e+00
 5.36453e+17	1.00e+00	1.01e-12	0.00e+00
 5.46761e+17	1.00e+00	7.81e-13	0.00e+00
 5.60162e+17	1.00e+00	5.48e-13	0.00e+00
 5.77582e+17	1.00e+00	3.39e-13	0.00e+00
 5.99177e+17	1.00e+00	1.75e-13	0.00e+00
 6.23144e+17	1.00e+00	9.78e-14	0.00e+00
 6.48070e+17	1.00e+00	8.24e-14	0.00e+00
 6.73993e+17	1.00e+00	6.95e-14	0.00e+00
 7.00952e+17	1.00e+00	5.80e-14	0.00e+00
 7.28991e+17	1.00e+00	4.79e-14	0.00e+00
 7.58150e+17	1.00e+00	3.90e-14	0.00e+00
 7.88476e+17	1.00e+00	3.14e-14	0.00e+00
 8.20015e+17	1.00e+00	2.49e-14	0.00e+00
 8.51756e+17	1.00e+00	1.95e-14	0.00e+00
 8.81355e+17	1.00e+00	2.07e-14	0.00e+00
 9.07492e+17	1.00e+00	3.24e-14	0.00e+00
 9.30852e+17	1.00e+00	5.05e-14	0.00e+00
 9.52851e+17	1.00e+00	6.35e-14	0.00e+00
 9.74250e+17	1.00e+00	6.43e-14	0.00e+00
 9.94500e+17	1.00e+00	6.35e-14	0.00e+00
 1.01256e+18	1.00e+00	7.31e-14	0.00e+00
 1.02799e+18	1.00e+00	9.39e-14	0.00e+00
 1.04131e+18	1.00e+00	1.19e-13	0.00e+00
 1.05340e+18	1.00e+00	1.31e-13	0.00e+00
 1.06467e+18	1.00e+00	1.32e-13	0.00e+00
 1.07401e+18	1.00e+00	1.28e-13	0.00e+00
 1.07996e+18	1.00e+00	1.55e-13	0.00e+00
 1.08303e+18	1.00e+00	1.90e-13	0.00e+00
 1.08465e+18	1.00e+00	2.12e-13	0.00e+00
 1.08563e+18	1.00e+00	2.24e-13	0.00e+00
 1.08623e+18	1.00e+00	2.30e-13	0.00e+00
 1.08670e+18	1.00e+00	2.34e-13	0.00e+00
 1.08725e+18	1.00e+00	2.38e-13	0.00e+00
 1.08792e+18	1.00e+00	2.41e-13	0.00e+00
 1.08859e+18	1.00e+00	2.44e-13	0.00e+00
 1.08912e+18	1.00e+00	2.46e-13	0.00e+00
 1.08953e+18	1.00e+00	2.47e-13	0.00e+00
 1.08991e+18	1.00e+00	2.48e-13	0.00e+00
 1.09035e+18	1.00e+00	2.49e-13	0.00e+00
 1.09082e+18	1.00e+00	2.50e-13	0.00e+00
 1.09124e+18	1.00e+00	2.50e-13	0.00e+00
 1.09158e+18	1.00e+00	2.50e-13	0.00e+00
 1.09188e+18	1.00e+00	2.50e-13	0.00e+00
 1.09219e+18	1.00e+00	2.50e-13	0.00e+00
 1.09252e+18	1.00e+00	2.50e-13	0.00e+00
 1.09282e+18	1.00e+00	2.49e-13	0.00e+00
 1.09308e+18	1.00e+00	2.49e-13	0.00e+00
 1.09334e+18	1.00e+00	2.49e-13	0.00e+00
 1.09362e+18	1.00e+00	2.48e-13	0.00e+00
 1.09390e+18	1.00e+00	2.47e-13	0.00e+00
 1.09416e+18	1.00e+00	2.47e-13	0.00e+00
 1.09441e+18	1.00e+00	2.46e-13	0.00e+00
 1.09463e+18	1.00e+00	2.46e-13	0.00e+00
 1.09485e+18	1.00e+00	2.45e-13	0.00e+00
 1.09509e+18	1.00e+00	2.44e-13	0.00e+00
 1.09535e+18	1.00e+00	2.43e-13	0.00e+00
 1.09559e+18	1.00e+00	2.43e-13	0.00e+00
 1.09579e+18	1.00e+00	2.42e-13	0.00e+00
 1.09599e+18	1.00e+00	2.41e-13	0.00e+00
 1.09621e+18	1.00e+00	2.40e-13	0.00e+00
 1.09646e+18	1.00e+00	2.39e-13	0.00e+00
 1.09671e+18	1.00e+00	2.38e-13	0.00e+00
 1.09692e+18	1.00e+00	2.37e-13	0.00e+00
 1.09713e+18	1.00e+00	2.36e-13	0.00e+00
 1.09736e+18	1.00e+00	2.35e-13	0.00e+00
 1.09760e+18	1.00e+00	2.34e-13	0.00e+00
 1.09784e+18	1.00e+00	2.33e-13	0.00e+00
 1.09808e+18	1.00e+00	2.31e-13	0.00e+00
 1.09831e+18	1.00e+00	2.30e-13	0.00e+00
 1.09855e+18	1.00e+00	2.29e-13	0.00e+00
 1.09880e+18	1.00e+00	2.27e-13	0.00e+00
 1.09907e+18	1.00e+00	2.26e-13	0.00e+00
 1.09933e+18	1.00e+00	2.24e-13	0.00e+00
 1.09959e+18	1.00e+00	2.23e-13	0.00e+00
 1.09986e+18	1.00e+00	2.21e-13	0.00e+00
 1.10014e+18	1.00e+00	2.20e-13	0.00e+00
 1.10043e+18	1.00e+00	2.18e-13	0.00e+00
 1.10072e+18	1.00e+00	2.16e-13	0.00e+00
 1.10100e+18	1.00e+00	2.14e-13	0.00e+00
 1.10130e+18	1.00e+00	2.12e-13	0.00e+00
 1.10162e+18	1.00e+00	2.10e-13	0.00e+00
 1.10196e+18	1.00e+00	2.08e-13	0.00e+00
 1.10230e+18	1.00e+00	2.06e-13	0.00e+00
 1.10265e+18	1.00e+00	2.03e-13	0.00e+00
 1.10299e+18	1.00e+00	2.01e-13	0.00e+00
 1.10333e+18	1.00e+00	1.98e-13	0.00e+00
 1.10369e+18	1.00e+00	1.96e-13	0.00e+00
 1.10408e+18	1.00e+00	1.93e-13	0.00e+00
 1.10445e+18	1.00e+00	1.91e-13	0.00e+00
 1.10484e+18	1.00e+00	1.88e-13	0.00e+00
 1.10527e+18	1.00e+00	1.85e-13	0.00e+00
 1.10571e+18	1.00e+00	1.82e-13	0.00e+00
 1.10614e+18	1.00e+00	1.79e-13	0.00e+00
 1.10656e+18	1.00e+00	1.76e-13	0.00e+00
 1.10700e+18	1.00e+00	1.73e-13	0.00e+00
 1.10749e+18	1.00e+00	1.69e-13	0.00e+00
 1.10801e+18	1.00e+00	1.66e-13	0.00e+00
 1.10850e+18	1.00e+00	1.62e-13	0.00e+00
 1.10897e+18	1.00e+00	1.59e-13	0.00e+00
 1.10947e+18	1.00e+00	1.55e-13	0.00e+00
 1.11003e+18	1.00e+00	1.51e-13	0.00e+00
 1.11060e+18	1.00e+00	1.47e-13	0.00e+00
 1.11113e+18	1.00e+00	1.44e-13	0.00e+00
 1.11167e+18	1.00e+00	1.40e-13	0.00e+00
 1.11226e+18	1.00e+00	1.36e-13	0.00e+00
 1.11288e+18	1.00e+00	1.32e-13	0.00e+00
 1.11349e+18	1.00e+00	1.28e-13	0.00e+00
 1.11408e+18	1.00e+00	1.24e-13	0.00e+00
 1.11470e+18	1.00e+00	1.20e-13	0.00e+00
 1.11534e+18	1.00e+00	1.16e-13	0.00e+00
 1.11600e+18	1.00e+00	1.12e-13	0.00e+00
 1.11667e+18	1.00e+00	1.07e-13	0.00e+00
 1.11735e+18	1.00e+00	1.03e-13	0.00e+00
 1.11803e+18	1.00e+00	9.92e-14	0.00e+00
 1.11873e+18	1.00e+00	9.52e-14	0.00e+00
 1.11945e+18	1.00e+00	9.11e-14	0.00e+00
 1.12019e+18	1.00e+00	8.70e-14	0.00e+00
 1.12093e+18	1.00e+00	8.29e-14	0.00e+00
 1.12168e+18	1.00e+00	7.90e-14	0.00e+00
 1.12244e+18	1.00e+00	7.51e-14	0.00e+00
 1.12324e+18	1.00e+00	7.12e-14	0.00e+00
 1.12404e+18	1.00e+00	6.73e-14	0.00e+00
 1.12485e+18	1.00e+00	6.35e-14	0.00e+00
