#depth	C	C+	C+2	C+3	C+4	C+5	C+6	C[1]	C[2]	C[3]	C+[1]	C+[2]	CO
 1.49634e+10	0.00e+00	0.00e+00	1.13e-27	3.50e-17	5.68e-06	8.68e-02	9.13e-01	0.00e+00	0.00e+00	0.00e+00	0.00e+00	0.00e+00	0.00e+00
 4.54887e+10	0.00e+00	1.23e-38	1.54e-27	4.40e-17	6.61e-06	9.34e-02	9.07e-01	0.00e+00	0.00e+00	0.00e+00	0.00e+00	0.00e+00	0.00e+00
 7.72350e+10	0.00e+00	0.00e+00	2.09e-27	5.54e-17	7.69e-06	1.00e-01	9.00e-01	0.00e+00	0.00e+00	0.00e+00	0.00e+00	0.00e+00	0.00e+00
 1.10251e+11	0.00e+00	2.67e-38	2.85e-27	6.97e-17	8.94e-06	1.08e-01	8.92e-01	0.00e+00	0.00e+00	0.00e+00	0.00e+00	0.00e+00	0.00e+00
 1.44588e+11	0.00e+00	0.00e+00	3.88e-27	8.76e-17	1.04e-05	1.16e-01	8.84e-01	0.00e+00	0.00e+00	0.00e+00	0.00e+00	0.00e+00	0.00e+00
 1.80298e+11	0.00e+00	5.77e-38	5.27e-27	1.10e-16	1.21e-05	1.24e-01	8.76e-01	0.00e+00	0.00e+00	0.00e+00	0.00e+00	0.00e+00	0.00e+00
 2.17437e+11	0.00e+00	0.00e+00	7.15e-27	1.38e-16	1.40e-05	1.33e-01	8.67e-01	0.00e+00	0.00e+00	0.00e+00	0.00e+00	0.00e+00	0.00e+00
 2.56061e+11	0.00e+00	1.24e-37	9.71e-27	1.73e-16	1.62e-05	1.42e-01	8.58e-01	0.00e+00	0.00e+00	0.00e+00	0.00e+00	0.00e+00	0.00e+00
 2.96231e+11	0.00e+00	0.00e+00	1.32e-26	2.17e-16	1.88e-05	1.52e-01	8.48e-01	0.00e+00	0.00e+00	0.00e+00	0.00e+00	0.00e+00	0.00e+00
 3.38007e+11	0.00e+00	2.67e-37	1.78e-26	2.72e-16	2.18e-05	1.63e-01	8.37e-01	0.00e+00	0.00e+00	0.00e+00	0.00e+00	0.00e+00	0.00e+00
 3.80560e+11	0.00e+00	0.00e+00	2.40e-26	3.39e-16	2.51e-05	1.74e-01	8.26e-01	0.00e+00	0.00e+00	0.00e+00	0.00e+00	0.00e+00	0.00e+00
 4.24816e+11	0.00e+00	5.65e-37	3.23e-26	4.22e-16	2.90e-05	1.85e-01	8.15e-01	0.00e+00	0.00e+00	0.00e+00	0.00e+00	0.00e+00	0.00e+00
 4.71735e+11	0.00e+00	0.00e+00	4.36e-26	5.27e-16	3.34e-05	1.98e-01	8.02e-01	0.00e+00	0.00e+00	0.00e+00	0.00e+00	0.00e+00	0.00e+00
 5.20531e+11	0.00e+00	1.21e-36	5.88e-26	6.58e-16	3.86e-05	2.10e-01	7.89e-01	0.00e+00	0.00e+00	0.00e+00	0.00e+00	0.00e+00	0.00e+00
 5.71279e+11	4.94e-48	1.76e-36	7.93e-26	8.20e-16	4.44e-05	2.24e-01	7.76e-01	0.00e+00	0.00e+00	0.00e+00	0.00e+00	0.00e+00	0.00e+00
 6.24057e+11	0.00e+00	0.00e+00	1.07e-25	1.02e-15	5.11e-05	2.38e-01	7.62e-01	0.00e+00	0.00e+00	0.00e+00	0.00e+00	0.00e+00	0.00e+00
 6.73311e+11	0.00e+00	3.59e-36	1.40e-25	1.24e-15	5.79e-05	2.51e-01	7.49e-01	0.00e+00	0.00e+00	0.00e+00	0.00e+00	0.00e+00	0.00e+00
 7.16716e+11	1.66e-47	4.79e-36	1.75e-25	1.47e-15	6.45e-05	2.63e-01	7.37e-01	0.00e+00	0.00e+00	0.00e+00	0.00e+00	0.00e+00	0.00e+00
 7.65151e+11	0.00e+00	0.00e+00	2.24e-25	1.76e-15	7.23e-05	2.76e-01	7.24e-01	0.00e+00	0.00e+00	0.00e+00	0.00e+00	0.00e+00	0.00e+00
 8.23341e+11	0.00e+00	9.35e-36	2.97e-25	2.16e-15	8.24e-05	2.91e-01	7.09e-01	0.00e+00	0.00e+00	0.00e+00	0.00e+00	0.00e+00	0.00e+00
 8.81839e+11	5.68e-47	1.32e-35	3.90e-25	2.64e-15	9.35e-05	3.07e-01	6.93e-01	0.00e+00	0.00e+00	0.00e+00	0.00e+00	0.00e+00	0.00e+00
 9.35594e+11	0.00e+00	0.00e+00	4.97e-25	3.15e-15	1.05e-04	3.21e-01	6.79e-01	0.00e+00	0.00e+00	0.00e+00	0.00e+00	0.00e+00	0.00e+00
 9.95557e+11	0.00e+00	2.50e-35	6.45e-25	3.81e-15	1.18e-04	3.36e-01	6.64e-01	0.00e+00	0.00e+00	0.00e+00	0.00e+00	0.00e+00	0.00e+00
 1.06500e+12	1.92e-46	3.61e-35	8.60e-25	4.69e-15	1.34e-04	3.54e-01	6.46e-01	0.00e+00	0.00e+00	0.00e+00	0.00e+00	0.00e+00	0.00e+00
 1.13291e+12	0.00e+00	0.00e+00	1.13e-24	5.71e-15	1.52e-04	3.71e-01	6.29e-01	0.00e+00	0.00e+00	0.00e+00	0.00e+00	0.00e+00	6.11e-268
 1.19727e+12	0.00e+00	6.97e-35	1.44e-24	6.83e-15	1.70e-04	3.87e-01	6.13e-01	0.00e+00	0.00e+00	0.00e+00	0.00e+00	0.00e+00	8.42e-238
 1.26882e+12	6.43e-46	9.76e-35	1.88e-24	8.27e-15	1.91e-04	4.05e-01	5.95e-01	0.00e+00	0.00e+00	0.00e+00	0.00e+00	0.00e+00	0.00e+00
 1.34950e+12	0.00e+00	1.40e-34	2.50e-24	1.02e-14	2.17e-04	4.24e-01	5.76e-01	0.00e+00	0.00e+00	0.00e+00	0.00e+00	0.00e+00	9.02e-167
 1.43060e+12	1.54e-45	1.99e-34	3.29e-24	1.24e-14	2.45e-04	4.43e-01	5.57e-01	0.00e+00	0.00e+00	0.00e+00	0.00e+00	0.00e+00	5.82e-232
 1.51496e+12	0.00e+00	2.83e-34	4.32e-24	1.51e-14	2.76e-04	4.62e-01	5.38e-01	0.00e+00	0.00e+00	0.00e+00	0.00e+00	0.00e+00	2.43e-297
 1.60548e+12	3.65e-45	4.06e-34	5.73e-24	1.85e-14	3.12e-04	4.81e-01	5.18e-01	0.00e+00	0.00e+00	0.00e+00	0.00e+00	0.00e+00	2.05e-143
 1.69963e+12	0.00e+00	5.82e-34	7.58e-24	2.26e-14	3.53e-04	5.01e-01	4.99e-01	0.00e+00	0.00e+00	0.00e+00	0.00e+00	0.00e+00	3.21e-209
 1.79754e+12	8.77e-45	8.32e-34	1.00e-23	2.76e-14	3.98e-04	5.21e-01	4.79e-01	0.00e+00	0.00e+00	0.00e+00	0.00e+00	0.00e+00	3.25e-275
 1.89937e+12	0.00e+00	1.19e-33	1.32e-23	3.36e-14	4.48e-04	5.41e-01	4.59e-01	0.00e+00	0.00e+00	0.00e+00	0.00e+00	0.00e+00	2.07e-163
 2.00527e+12	2.10e-44	1.70e-33	1.74e-23	4.09e-14	5.04e-04	5.60e-01	4.39e-01	0.00e+00	0.00e+00	0.00e+00	0.00e+00	0.00e+00	7.64e-230
 2.11541e+12	0.00e+00	2.42e-33	2.30e-23	4.98e-14	5.66e-04	5.80e-01	4.20e-01	0.00e+00	0.00e+00	0.00e+00	0.00e+00	0.00e+00	2.80e-162
 2.22995e+12	4.99e-44	3.45e-33	3.02e-23	6.05e-14	6.35e-04	5.99e-01	4.01e-01	0.00e+00	0.00e+00	0.00e+00	0.00e+00	0.00e+00	3.88e-229
 2.34907e+12	0.00e+00	4.90e-33	3.97e-23	7.34e-14	7.12e-04	6.18e-01	3.82e-01	0.00e+00	0.00e+00	0.00e+00	0.00e+00	0.00e+00	3.77e-161
 2.47296e+12	1.18e-43	6.97e-33	5.21e-23	8.90e-14	7.97e-04	6.36e-01	3.63e-01	0.00e+00	0.00e+00	0.00e+00	0.00e+00	0.00e+00	1.95e-228
 2.60181e+12	0.00e+00	9.90e-33	6.83e-23	1.08e-13	8.91e-04	6.54e-01	3.45e-01	0.00e+00	0.00e+00	0.00e+00	0.00e+00	0.00e+00	5.06e-160
 2.72749e+12	2.72e-43	1.38e-32	8.81e-23	1.29e-13	9.88e-04	6.71e-01	3.28e-01	0.00e+00	0.00e+00	0.00e+00	0.00e+00	0.00e+00	9.75e-228
 2.84694e+12	0.00e+00	1.86e-32	1.11e-22	1.52e-13	1.09e-03	6.86e-01	3.13e-01	0.00e+00	0.00e+00	0.00e+00	0.00e+00	0.00e+00	5.25e-159
 2.97948e+12	5.86e-43	2.57e-32	1.42e-22	1.81e-13	1.20e-03	7.02e-01	2.97e-01	0.00e+00	0.00e+00	0.00e+00	0.00e+00	0.00e+00	4.04e-227
 3.12419e+12	0.00e+00	3.60e-32	1.85e-22	2.17e-13	1.33e-03	7.18e-01	2.81e-01	0.00e+00	0.00e+00	0.00e+00	0.00e+00	0.00e+00	6.16e-158
 3.26368e+12	1.31e-42	4.92e-32	2.35e-22	2.57e-13	1.47e-03	7.32e-01	2.67e-01	0.00e+00	0.00e+00	0.00e+00	0.00e+00	0.00e+00	1.68e-226
 3.41314e+12	0.00e+00	6.81e-32	3.02e-22	3.05e-13	1.62e-03	7.46e-01	2.52e-01	0.00e+00	0.00e+00	0.00e+00	0.00e+00	0.00e+00	6.68e-157
 3.57960e+12	2.99e-42	9.63e-32	3.94e-22	3.68e-13	1.80e-03	7.61e-01	2.37e-01	0.00e+00	0.00e+00	0.00e+00	0.00e+00	0.00e+00	6.36e-226
 3.74744e+12	0.00e+00	1.35e-31	5.11e-22	4.40e-13	1.99e-03	7.75e-01	2.23e-01	0.00e+00	0.00e+00	0.00e+00	0.00e+00	0.00e+00	8.66e-156
 3.92199e+12	6.85e-42	1.89e-31	6.61e-22	5.27e-13	2.20e-03	7.88e-01	2.10e-01	0.00e+00	0.00e+00	0.00e+00	0.00e+00	0.00e+00	2.36e-225
 4.10880e+12	0.00e+00	2.67e-31	8.62e-22	6.34e-13	2.44e-03	8.01e-01	1.97e-01	0.00e+00	0.00e+00	0.00e+00	0.00e+00	0.00e+00	1.13e-154
 4.30308e+12	1.61e-41	3.78e-31	1.12e-21	7.62e-13	2.71e-03	8.13e-01	1.84e-01	0.00e+00	0.00e+00	0.00e+00	0.00e+00	0.00e+00	8.71e-225
 4.50513e+12	0.00e+00	5.34e-31	1.47e-21	9.16e-13	3.00e-03	8.25e-01	1.72e-01	0.00e+00	0.00e+00	0.00e+00	0.00e+00	0.00e+00	1.53e-153
 4.71526e+12	3.79e-41	7.55e-31	1.91e-21	1.10e-12	3.32e-03	8.36e-01	1.61e-01	0.00e+00	0.00e+00	0.00e+00	0.00e+00	0.00e+00	0.00e+00
 4.93379e+12	0.00e+00	1.07e-30	2.49e-21	1.32e-12	3.68e-03	8.46e-01	1.50e-01	0.00e+00	0.00e+00	0.00e+00	0.00e+00	0.00e+00	2.09e-152
 5.16107e+12	8.93e-41	1.51e-30	3.25e-21	1.59e-12	4.07e-03	8.56e-01	1.40e-01	0.00e+00	0.00e+00	0.00e+00	0.00e+00	0.00e+00	0.00e+00
 5.39744e+12	0.00e+00	2.14e-30	4.24e-21	1.91e-12	4.50e-03	8.65e-01	1.31e-01	0.00e+00	0.00e+00	0.00e+00	0.00e+00	0.00e+00	2.86e-151
 5.64327e+12	2.11e-40	3.03e-30	5.54e-21	2.29e-12	4.97e-03	8.74e-01	1.21e-01	0.00e+00	0.00e+00	0.00e+00	0.00e+00	0.00e+00	0.00e+00
 5.87521e+12	0.00e+00	4.16e-30	7.06e-21	2.71e-12	5.45e-03	8.81e-01	1.14e-01	0.00e+00	0.00e+00	0.00e+00	0.00e+00	0.00e+00	3.50e-150
 6.08388e+12	4.38e-40	5.48e-30	8.71e-21	3.13e-12	5.90e-03	8.87e-01	1.07e-01	0.00e+00	0.00e+00	0.00e+00	0.00e+00	0.00e+00	0.00e+00
 6.31860e+12	0.00e+00	7.41e-30	1.10e-20	3.67e-12	6.43e-03	8.93e-01	1.00e-01	0.00e+00	0.00e+00	0.00e+00	0.00e+00	0.00e+00	3.08e-149
 6.59525e+12	9.74e-40	1.04e-29	1.43e-20	4.39e-12	7.09e-03	9.00e-01	9.32e-02	0.00e+00	0.00e+00	0.00e+00	0.00e+00	0.00e+00	0.00e+00
 6.87132e+12	0.00e+00	1.45e-29	1.83e-20	5.22e-12	7.79e-03	9.05e-01	8.68e-02	0.00e+00	0.00e+00	0.00e+00	0.00e+00	0.00e+00	3.89e-148
 7.13222e+12	2.12e-39	1.96e-29	2.31e-20	6.11e-12	8.48e-03	9.10e-01	8.12e-02	0.00e+00	0.00e+00	0.00e+00	0.00e+00	0.00e+00	0.00e+00
 7.42122e+12	0.00e+00	2.71e-29	2.96e-20	7.24e-12	9.30e-03	9.15e-01	7.56e-02	0.00e+00	0.00e+00	0.00e+00	0.00e+00	0.00e+00	4.08e-147
 7.74799e+12	4.91e-39	3.86e-29	3.87e-20	8.71e-12	1.03e-02	9.20e-01	6.98e-02	0.00e+00	0.00e+00	0.00e+00	0.00e+00	0.00e+00	0.00e+00
 8.07572e+12	0.00e+00	5.44e-29	5.03e-20	1.04e-11	1.13e-02	9.24e-01	6.46e-02	0.00e+00	0.00e+00	0.00e+00	0.00e+00	0.00e+00	5.56e-146
 8.41656e+12	1.14e-38	7.66e-29	6.53e-20	1.25e-11	1.24e-02	9.28e-01	5.98e-02	0.00e+00	0.00e+00	0.00e+00	0.00e+00	0.00e+00	0.00e+00
 8.78315e+12	0.00e+00	1.09e-28	8.57e-20	1.50e-11	1.37e-02	9.31e-01	5.51e-02	0.00e+00	0.00e+00	0.00e+00	0.00e+00	0.00e+00	7.63e-145
 9.12749e+12	2.65e-38	1.51e-28	1.10e-19	1.78e-11	1.50e-02	9.34e-01	5.11e-02	0.00e+00	0.00e+00	0.00e+00	0.00e+00	0.00e+00	0.00e+00
 9.43564e+12	0.00e+00	2.00e-28	1.36e-19	2.05e-11	1.63e-02	9.36e-01	4.79e-02	0.00e+00	0.00e+00	0.00e+00	0.00e+00	0.00e+00	7.24e-144
 9.78225e+12	5.47e-38	2.71e-28	1.71e-19	2.41e-11	1.77e-02	9.38e-01	4.46e-02	0.00e+00	0.00e+00	0.00e+00	0.00e+00	0.00e+00	0.00e+00
 1.01927e+13	0.00e+00	3.84e-28	2.23e-19	2.89e-11	1.95e-02	9.39e-01	4.11e-02	0.00e+00	0.00e+00	0.00e+00	0.00e+00	0.00e+00	8.36e-143
 1.06040e+13	1.28e-37	5.38e-28	2.89e-19	3.44e-11	2.14e-02	9.41e-01	3.79e-02	0.00e+00	0.00e+00	0.00e+00	0.00e+00	0.00e+00	0.00e+00
 1.09902e+13	0.00e+00	7.35e-28	3.67e-19	4.05e-11	2.33e-02	9.42e-01	3.52e-02	0.00e+00	0.00e+00	0.00e+00	0.00e+00	0.00e+00	9.40e-142
 1.14180e+13	2.82e-37	1.02e-27	4.71e-19	4.80e-11	2.54e-02	9.42e-01	3.25e-02	0.00e+00	0.00e+00	0.00e+00	0.00e+00	0.00e+00	0.00e+00
 1.19047e+13	0.00e+00	1.47e-27	6.23e-19	5.81e-11	2.81e-02	9.42e-01	2.98e-02	0.00e+00	0.00e+00	0.00e+00	0.00e+00	0.00e+00	1.24e-140
 1.23824e+13	6.78e-37	2.07e-27	8.10e-19	6.94e-11	3.09e-02	9.42e-01	2.74e-02	0.00e+00	0.00e+00	0.00e+00	0.00e+00	0.00e+00	0.00e+00
 1.28792e+13	0.00e+00	2.92e-27	1.05e-18	8.30e-11	3.39e-02	9.41e-01	2.51e-02	0.00e+00	0.00e+00	0.00e+00	0.00e+00	0.00e+00	1.60e-139
 1.34243e+13	1.62e-36	4.19e-27	1.39e-18	1.00e-10	3.73e-02	9.40e-01	2.30e-02	0.00e+00	0.00e+00	0.00e+00	0.00e+00	0.00e+00	0.00e+00
 1.39756e+13	0.00e+00	6.01e-27	1.83e-18	1.21e-10	4.11e-02	9.38e-01	2.10e-02	0.00e+00	0.00e+00	0.00e+00	0.00e+00	0.00e+00	2.31e-138
 1.45489e+13	3.93e-36	8.58e-27	2.40e-18	1.45e-10	4.52e-02	9.36e-01	1.92e-02	0.00e+00	0.00e+00	0.00e+00	0.00e+00	0.00e+00	0.00e+00
 1.51608e+13	0.00e+00	1.24e-26	3.18e-18	1.75e-10	4.98e-02	9.33e-01	1.74e-02	0.00e+00	0.00e+00	0.00e+00	0.00e+00	0.00e+00	3.35e-137
 1.57685e+13	9.56e-36	1.76e-26	4.16e-18	2.11e-10	5.46e-02	9.29e-01	1.59e-02	0.00e+00	0.00e+00	0.00e+00	0.00e+00	0.00e+00	0.00e+00
 1.64005e+13	0.00e+00	2.50e-26	5.44e-18	2.52e-10	5.98e-02	9.26e-01	1.45e-02	0.00e+00	0.00e+00	0.00e+00	0.00e+00	0.00e+00	4.47e-136
 1.70864e+13	2.32e-35	3.61e-26	7.21e-18	3.05e-10	6.59e-02	9.21e-01	1.32e-02	0.00e+00	0.00e+00	0.00e+00	0.00e+00	0.00e+00	0.00e+00
 1.77998e+13	0.00e+00	5.21e-26	9.55e-18	3.69e-10	7.24e-02	9.16e-01	1.19e-02	0.00e+00	0.00e+00	0.00e+00	0.00e+00	0.00e+00	6.71e-135
 1.85417e+13	5.76e-35	7.52e-26	1.27e-17	4.47e-10	7.96e-02	9.10e-01	1.08e-02	0.00e+00	0.00e+00	0.00e+00	0.00e+00	0.00e+00	0.00e+00
 1.93133e+13	9.06e-35	1.08e-25	1.68e-17	5.40e-10	8.74e-02	9.03e-01	9.77e-03	0.00e+00	0.00e+00	0.00e+00	0.00e+00	0.00e+00	9.16e-116
 2.01158e+13	1.42e-34	1.56e-25	2.22e-17	6.53e-10	9.59e-02	8.95e-01	8.82e-03	0.00e+00	0.00e+00	0.00e+00	0.00e+00	0.00e+00	5.45e-98
 2.08435e+13	2.11e-34	2.15e-25	2.84e-17	7.71e-10	1.04e-01	8.88e-01	8.05e-03	0.00e+00	0.00e+00	0.00e+00	0.00e+00	0.00e+00	7.45e-280
 2.14532e+13	2.90e-34	2.79e-25	3.46e-17	8.81e-10	1.11e-01	8.82e-01	7.47e-03	0.00e+00	0.00e+00	0.00e+00	0.00e+00	0.00e+00	2.00e-114
 2.21224e+13	4.08e-34	3.67e-25	4.28e-17	1.01e-09	1.19e-01	8.74e-01	6.90e-03	0.00e+00	0.00e+00	0.00e+00	0.00e+00	0.00e+00	5.72e-97
 2.29657e+13	6.15e-34	5.12e-25	5.53e-17	1.21e-09	1.29e-01	8.65e-01	6.25e-03	0.00e+00	0.00e+00	0.00e+00	0.00e+00	0.00e+00	1.04e-285
 2.38431e+13	9.29e-34	7.15e-25	7.16e-17	1.43e-09	1.40e-01	8.54e-01	5.65e-03	0.00e+00	0.00e+00	0.00e+00	0.00e+00	0.00e+00	4.34e-113
 2.45962e+13	1.30e-33	9.42e-25	8.86e-17	1.65e-09	1.50e-01	8.45e-01	5.20e-03	0.00e+00	0.00e+00	0.00e+00	0.00e+00	0.00e+00	7.66e-96
 2.53795e+13	1.83e-33	1.24e-24	1.10e-16	1.91e-09	1.60e-01	8.35e-01	4.77e-03	0.00e+00	0.00e+00	0.00e+00	0.00e+00	0.00e+00	2.51e-280
 2.63537e+13	2.75e-33	1.73e-24	1.41e-16	2.26e-09	1.73e-01	8.23e-01	4.30e-03	0.00e+00	0.00e+00	0.00e+00	0.00e+00	0.00e+00	7.83e-112
 2.73399e+13	4.09e-33	2.38e-24	1.81e-16	2.67e-09	1.87e-01	8.09e-01	3.88e-03	0.00e+00	0.00e+00	0.00e+00	0.00e+00	0.00e+00	9.77e-95
 2.82011e+13	5.69e-33	3.11e-24	2.23e-16	3.06e-09	1.99e-01	7.98e-01	3.55e-03	0.00e+00	0.00e+00	0.00e+00	0.00e+00	0.00e+00	5.45e-111
 2.91357e+13	8.02e-33	4.11e-24	2.76e-16	3.53e-09	2.12e-01	7.85e-01	3.23e-03	0.00e+00	0.00e+00	0.00e+00	0.00e+00	0.00e+00	4.42e-94
 3.02722e+13	1.20e-32	5.69e-24	3.55e-16	4.18e-09	2.28e-01	7.69e-01	2.89e-03	0.00e+00	0.00e+00	0.00e+00	0.00e+00	0.00e+00	4.06e-110
 3.14280e+13	1.77e-32	7.81e-24	4.54e-16	4.91e-09	2.45e-01	7.52e-01	2.59e-03	0.00e+00	0.00e+00	0.00e+00	0.00e+00	0.00e+00	2.60e-93
 3.24906e+13	2.49e-32	1.03e-23	5.62e-16	5.66e-09	2.61e-01	7.37e-01	2.35e-03	0.00e+00	0.00e+00	0.00e+00	0.00e+00	0.00e+00	2.95e-109
 3.36750e+13	3.59e-32	1.39e-23	7.06e-16	6.57e-09	2.78e-01	7.20e-01	2.11e-03	0.00e+00	0.00e+00	0.00e+00	0.00e+00	0.00e+00	1.28e-92
 3.50463e+13	5.37e-32	1.92e-23	9.08e-16	7.76e-09	2.98e-01	7.00e-01	1.87e-03	0.00e+00	0.00e+00	0.00e+00	0.00e+00	0.00e+00	2.41e-108
 3.63971e+13	7.84e-32	2.61e-23	1.15e-15	9.05e-09	3.17e-01	6.81e-01	1.66e-03	0.00e+00	0.00e+00	0.00e+00	0.00e+00	0.00e+00	7.53e-92
 3.76919e+13	1.11e-31	3.45e-23	1.42e-15	1.04e-08	3.36e-01	6.63e-01	1.49e-03	0.00e+00	0.00e+00	0.00e+00	0.00e+00	0.00e+00	1.78e-107
 3.91195e+13	1.59e-31	4.63e-23	1.78e-15	1.21e-08	3.56e-01	6.43e-01	1.33e-03	0.00e+00	0.00e+00	0.00e+00	0.00e+00	0.00e+00	3.81e-91
 4.07142e+13	2.35e-31	6.33e-23	2.27e-15	1.41e-08	3.78e-01	6.21e-01	1.17e-03	0.00e+00	0.00e+00	0.00e+00	0.00e+00	0.00e+00	1.45e-106
 4.21648e+13	3.29e-31	8.29e-23	2.79e-15	1.61e-08	3.98e-01	6.01e-01	1.04e-03	0.00e+00	0.00e+00	0.00e+00	0.00e+00	0.00e+00	2.01e-90
 4.33868e+13	4.31e-31	1.03e-22	3.30e-15	1.79e-08	4.14e-01	5.85e-01	9.52e-04	0.00e+00	0.00e+00	0.00e+00	0.00e+00	0.00e+00	8.01e-106
 4.47311e+13	5.75e-31	1.30e-22	3.93e-15	2.00e-08	4.32e-01	5.68e-01	8.61e-04	0.00e+00	0.00e+00	0.00e+00	0.00e+00	0.00e+00	7.39e-90
 4.62482e+13	7.85e-31	1.67e-22	4.76e-15	2.26e-08	4.51e-01	5.48e-01	7.71e-04	0.00e+00	0.00e+00	0.00e+00	0.00e+00	0.00e+00	4.41e-105
 4.76999e+13	1.05e-30	2.10e-22	5.67e-15	2.53e-08	4.69e-01	5.30e-01	6.95e-04	0.00e+00	0.00e+00	0.00e+00	0.00e+00	0.00e+00	3.00e-89
 4.92972e+13	1.42e-30	2.68e-22	6.82e-15	2.84e-08	4.88e-01	5.11e-01	6.22e-04	0.00e+00	0.00e+00	0.00e+00	0.00e+00	0.00e+00	2.40e-104
 5.10720e+13	1.96e-30	3.47e-22	8.29e-15	3.21e-08	5.08e-01	4.91e-01	5.51e-04	0.00e+00	0.00e+00	0.00e+00	0.00e+00	0.00e+00	1.32e-88
 5.27357e+13	2.62e-30	4.38e-22	9.88e-15	3.58e-08	5.27e-01	4.73e-01	4.94e-04	0.00e+00	0.00e+00	0.00e+00	0.00e+00	0.00e+00	1.42e-103
 5.45566e+13	3.55e-30	5.59e-22	1.19e-14	4.01e-08	5.46e-01	4.53e-01	4.39e-04	0.00e+00	0.00e+00	0.00e+00	0.00e+00	0.00e+00	5.45e-88
 5.66045e+13	4.93e-30	7.26e-22	1.44e-14	4.53e-08	5.67e-01	4.33e-01	3.86e-04	0.00e+00	0.00e+00	0.00e+00	0.00e+00	0.00e+00	9.06e-103
 5.85610e+13	6.65e-30	9.22e-22	1.73e-14	5.05e-08	5.86e-01	4.14e-01	3.42e-04	0.00e+00	0.00e+00	0.00e+00	0.00e+00	0.00e+00	2.47e-87
 6.07039e+13	9.11e-30	1.18e-21	2.08e-14	5.66e-08	6.05e-01	3.94e-01	3.01e-04	0.00e+00	0.00e+00	0.00e+00	0.00e+00	0.00e+00	5.60e-102
 6.29719e+13	1.25e-29	1.53e-21	2.51e-14	6.35e-08	6.25e-01	3.75e-01	2.64e-04	0.00e+00	0.00e+00	0.00e+00	0.00e+00	0.00e+00	1.16e-86
 6.49560e+13	1.64e-29	1.89e-21	2.95e-14	6.99e-08	6.41e-01	3.58e-01	2.35e-04	0.00e+00	0.00e+00	0.00e+00	0.00e+00	0.00e+00	3.24e-101
 6.70742e+13	2.16e-29	2.35e-21	3.46e-14	7.70e-08	6.58e-01	3.42e-01	2.09e-04	0.00e+00	0.00e+00	0.00e+00	0.00e+00	0.00e+00	4.41e-86
 6.96519e+13	2.98e-29	3.03e-21	4.18e-14	8.61e-08	6.76e-01	3.24e-01	1.82e-04	0.00e+00	0.00e+00	0.00e+00	0.00e+00	0.00e+00	1.96e-100
 7.22206e+13	4.06e-29	3.86e-21	4.99e-14	9.58e-08	6.94e-01	3.06e-01	1.59e-04	0.00e+00	0.00e+00	0.00e+00	0.00e+00	0.00e+00	2.09e-85
 7.44882e+13	5.27e-29	4.74e-21	5.81e-14	1.05e-07	7.08e-01	2.92e-01	1.42e-04	0.00e+00	0.00e+00	0.00e+00	0.00e+00	0.00e+00	1.11e-99
 7.69706e+13	6.94e-29	5.88e-21	6.80e-14	1.15e-07	7.23e-01	2.77e-01	1.25e-04	0.00e+00	0.00e+00	0.00e+00	0.00e+00	0.00e+00	8.01e-85
 7.99561e+13	9.54e-29	7.55e-21	8.17e-14	1.28e-07	7.39e-01	2.61e-01	1.09e-04	0.00e+00	0.00e+00	0.00e+00	0.00e+00	0.00e+00	6.81e-99
 8.29426e+13	1.29e-28	9.59e-21	9.72e-14	1.41e-07	7.54e-01	2.45e-01	9.44e-05	0.00e+00	0.00e+00	0.00e+00	0.00e+00	0.00e+00	3.83e-84
 8.56605e+13	1.69e-28	1.18e-20	1.13e-13	1.54e-07	7.67e-01	2.33e-01	8.35e-05	0.00e+00	0.00e+00	0.00e+00	0.00e+00	0.00e+00	3.97e-98
 8.86824e+13	2.25e-28	1.48e-20	1.33e-13	1.69e-07	7.80e-01	2.20e-01	7.31e-05	0.00e+00	0.00e+00	0.00e+00	0.00e+00	0.00e+00	1.56e-83
 9.22131e+13	3.10e-28	1.90e-20	1.59e-13	1.88e-07	7.95e-01	2.05e-01	6.28e-05	0.00e+00	0.00e+00	0.00e+00	0.00e+00	0.00e+00	2.61e-97
 9.56981e+13	4.19e-28	2.40e-20	1.89e-13	2.07e-07	8.08e-01	1.92e-01	5.44e-05	0.00e+00	0.00e+00	0.00e+00	0.00e+00	0.00e+00	7.68e-83
 9.89960e+13	5.53e-28	2.98e-20	2.20e-13	2.26e-07	8.19e-01	1.81e-01	4.76e-05	0.00e+00	0.00e+00	0.00e+00	0.00e+00	0.00e+00	1.60e-96
 1.02659e+14	7.42e-28	3.74e-20	2.59e-13	2.47e-07	8.30e-01	1.70e-01	4.13e-05	0.00e+00	0.00e+00	0.00e+00	0.00e+00	0.00e+00	3.35e-82
 1.06796e+14	1.02e-27	4.80e-20	3.10e-13	2.73e-07	8.42e-01	1.58e-01	3.54e-05	0.00e+00	0.00e+00	0.00e+00	0.00e+00	0.00e+00	1.10e-95
 1.10957e+14	1.39e-27	6.09e-20	3.67e-13	3.00e-07	8.52e-01	1.48e-01	3.04e-05	0.00e+00	0.00e+00	0.00e+00	0.00e+00	0.00e+00	1.71e-81
 1.15284e+14	1.89e-27	7.73e-20	4.35e-13	3.29e-07	8.62e-01	1.38e-01	2.62e-05	0.00e+00	0.00e+00	0.00e+00	0.00e+00	0.00e+00	7.77e-95
 1.19926e+14	2.60e-27	9.87e-20	5.17e-13	3.63e-07	8.72e-01	1.28e-01	2.24e-05	0.00e+00	0.00e+00	0.00e+00	0.00e+00	0.00e+00	8.74e-81
 1.24753e+14	3.57e-27	1.26e-19	6.14e-13	3.98e-07	8.81e-01	1.19e-01	1.91e-05	0.00e+00	0.00e+00	0.00e+00	0.00e+00	0.00e+00	5.81e-94
 1.29358e+14	4.76e-27	1.57e-19	7.19e-13	4.34e-07	8.89e-01	1.11e-01	1.66e-05	0.00e+00	0.00e+00	0.00e+00	0.00e+00	0.00e+00	4.31e-80
 1.33565e+14	6.15e-27	1.92e-19	8.25e-13	4.68e-07	8.95e-01	1.05e-01	1.46e-05	0.00e+00	0.00e+00	0.00e+00	0.00e+00	0.00e+00	3.31e-93
 1.37531e+14	7.77e-27	2.29e-19	9.36e-13	5.01e-07	9.01e-01	9.91e-02	1.30e-05	0.00e+00	0.00e+00	0.00e+00	0.00e+00	0.00e+00	1.57e-79
 1.41910e+14	9.99e-27	2.78e-19	1.07e-12	5.38e-07	9.07e-01	9.34e-02	1.15e-05	0.00e+00	0.00e+00	0.00e+00	0.00e+00	0.00e+00	1.56e-92
 1.46820e+14	1.31e-26	3.42e-19	1.24e-12	5.82e-07	9.13e-01	8.75e-02	9.99e-06	0.00e+00	0.00e+00	0.00e+00	0.00e+00	0.00e+00	6.23e-79
 1.51464e+14	1.68e-26	4.14e-19	1.41e-12	6.24e-07	9.18e-01	8.25e-02	8.83e-06	0.00e+00	0.00e+00	0.00e+00	0.00e+00	0.00e+00	8.23e-92
 1.56544e+14	2.18e-26	5.06e-19	1.62e-12	6.72e-07	9.23e-01	7.74e-02	7.74e-06	0.00e+00	0.00e+00	0.00e+00	0.00e+00	0.00e+00	2.44e-78
 1.62244e+14	2.90e-26	6.29e-19	1.89e-12	7.29e-07	9.28e-01	7.22e-02	6.71e-06	0.00e+00	0.00e+00	0.00e+00	0.00e+00	0.00e+00	4.77e-91
 1.67531e+14	3.74e-26	7.64e-19	2.16e-12	7.82e-07	9.32e-01	6.79e-02	5.90e-06	0.00e+00	0.00e+00	0.00e+00	0.00e+00	0.00e+00	1.04e-77
 1.72436e+14	4.71e-26	9.09e-19	2.44e-12	8.33e-07	9.36e-01	6.42e-02	5.26e-06	0.00e+00	0.00e+00	0.00e+00	0.00e+00	0.00e+00	2.28e-90
 1.78058e+14	6.08e-26	1.10e-18	2.78e-12	8.94e-07	9.40e-01	6.04e-02	4.63e-06	0.00e+00	0.00e+00	0.00e+00	0.00e+00	0.00e+00	3.80e-77
 1.84876e+14	8.19e-26	1.39e-18	3.26e-12	9.71e-07	9.44e-01	5.61e-02	3.98e-06	0.00e+00	0.00e+00	0.00e+00	0.00e+00	0.00e+00	1.36e-89
 1.91604e+14	1.09e-25	1.72e-18	3.77e-12	1.05e-06	9.48e-01	5.24e-02	3.45e-06	0.00e+00	0.00e+00	0.00e+00	0.00e+00	0.00e+00	1.83e-76
 1.97502e+14	1.39e-25	2.07e-18	4.28e-12	1.12e-06	9.51e-01	4.94e-02	3.06e-06	0.00e+00	0.00e+00	0.00e+00	0.00e+00	0.00e+00	3.51e-76
 2.03967e+14	1.79e-25	2.51e-18	4.88e-12	1.20e-06	9.54e-01	4.64e-02	2.69e-06	0.00e+00	0.00e+00	0.00e+00	0.00e+00	0.00e+00	7.02e-76
 2.11789e+14	2.41e-25	3.15e-18	5.70e-12	1.30e-06	9.57e-01	4.31e-02	2.32e-06	0.00e+00	0.00e+00	0.00e+00	0.00e+00	0.00e+00	1.58e-75
 2.19633e+14	3.22e-25	3.92e-18	6.61e-12	1.40e-06	9.60e-01	4.01e-02	2.00e-06	0.00e+00	0.00e+00	0.00e+00	0.00e+00	0.00e+00	3.46e-75
 2.26729e+14	4.15e-25	4.74e-18	7.53e-12	1.50e-06	9.62e-01	3.77e-02	1.77e-06	0.00e+00	0.00e+00	0.00e+00	0.00e+00	0.00e+00	6.89e-75
 2.34592e+14	5.45e-25	5.82e-18	8.65e-12	1.61e-06	9.65e-01	3.53e-02	1.54e-06	0.00e+00	0.00e+00	0.00e+00	0.00e+00	0.00e+00	1.44e-74
 2.43832e+14	7.41e-25	7.34e-18	1.01e-11	1.75e-06	9.67e-01	3.27e-02	1.32e-06	0.00e+00	0.00e+00	0.00e+00	0.00e+00	0.00e+00	3.33e-74
 2.52960e+14	9.93e-25	9.16e-18	1.18e-11	1.88e-06	9.70e-01	3.05e-02	1.14e-06	0.00e+00	0.00e+00	0.00e+00	0.00e+00	0.00e+00	7.39e-74
 2.61505e+14	1.29e-24	1.12e-17	1.34e-11	2.02e-06	9.71e-01	2.85e-02	1.00e-06	0.00e+00	0.00e+00	0.00e+00	0.00e+00	0.00e+00	1.52e-73
 2.71049e+14	1.72e-24	1.39e-17	1.55e-11	2.17e-06	9.73e-01	2.66e-02	8.68e-07	0.00e+00	0.00e+00	0.00e+00	0.00e+00	0.00e+00	3.31e-73
 2.81921e+14	2.35e-24	1.76e-17	1.82e-11	2.36e-06	9.75e-01	2.46e-02	0.00e+00	0.00e+00	0.00e+00	0.00e+00	0.00e+00	0.00e+00	7.78e-73
 2.92722e+14	3.18e-24	2.20e-17	2.12e-11	2.55e-06	9.77e-01	2.29e-02	0.00e+00	0.00e+00	0.00e+00	0.00e+00	0.00e+00	0.00e+00	1.76e-72
 3.03954e+14	4.28e-24	2.76e-17	2.47e-11	2.75e-06	9.79e-01	2.12e-02	0.00e+00	0.00e+00	0.00e+00	0.00e+00	0.00e+00	0.00e+00	4.00e-72
 3.16143e+14	5.85e-24	3.49e-17	2.89e-11	2.98e-06	9.80e-01	1.96e-02	0.00e+00	0.00e+00	0.00e+00	0.00e+00	0.00e+00	0.00e+00	9.38e-72
 3.28818e+14	8.00e-24	4.41e-17	3.39e-11	3.23e-06	9.82e-01	1.82e-02	0.00e+00	0.00e+00	0.00e+00	0.00e+00	0.00e+00	0.00e+00	2.20e-71
 3.41095e+14	1.07e-23	5.49e-17	3.93e-11	3.48e-06	9.83e-01	1.69e-02	0.00e+00	0.00e+00	0.00e+00	0.00e+00	1.76e-17	3.73e-17	4.88e-71
 3.52638e+14	1.39e-23	6.70e-17	4.49e-11	3.73e-06	9.84e-01	1.58e-02	0.00e+00	0.00e+00	0.00e+00	0.00e+00	2.22e-17	4.48e-17	1.00e-70
 3.65549e+14	1.85e-23	8.31e-17	5.19e-11	4.01e-06	9.85e-01	1.47e-02	0.00e+00	0.00e+00	0.00e+00	0.00e+00	2.76e-17	5.55e-17	2.19e-70
 3.78566e+14	2.45e-23	1.02e-16	5.98e-11	4.31e-06	9.86e-01	1.37e-02	0.00e+00	0.00e+00	0.00e+00	0.00e+00	3.40e-17	6.84e-17	4.66e-70
 3.89371e+14	3.06e-23	1.21e-16	6.70e-11	4.57e-06	9.87e-01	1.30e-02	0.00e+00	0.00e+00	0.00e+00	0.00e+00	4.02e-17	8.10e-17	8.57e-70
 4.00802e+14	3.84e-23	1.44e-16	7.53e-11	4.85e-06	9.88e-01	1.22e-02	0.00e+00	0.00e+00	0.00e+00	0.00e+00	4.78e-17	9.62e-17	1.60e-69
 4.15424e+14	5.10e-23	1.79e-16	8.71e-11	5.22e-06	9.89e-01	1.14e-02	0.00e+00	0.00e+00	0.00e+00	0.00e+00	5.93e-17	1.19e-16	3.46e-69
 4.30754e+14	6.80e-23	2.22e-16	1.01e-10	5.63e-06	9.89e-01	1.06e-02	0.00e+00	0.00e+00	0.00e+00	0.00e+00	7.36e-17	1.48e-16	7.64e-69
 4.44285e+14	8.68e-23	2.67e-16	1.14e-10	5.99e-06	9.90e-01	9.93e-03	0.00e+00	0.00e+00	0.00e+00	0.00e+00	8.85e-17	1.78e-16	1.48e-68
 4.58914e+14	1.12e-22	3.24e-16	1.30e-10	6.41e-06	9.91e-01	9.30e-03	0.00e+00	0.00e+00	0.00e+00	0.00e+00	1.07e-16	2.16e-16	2.96e-68
 4.76542e+14	1.51e-22	4.05e-16	1.52e-10	6.93e-06	9.91e-01	8.61e-03	0.00e+00	0.00e+00	0.00e+00	0.00e+00	1.34e-16	2.71e-16	6.64e-68
 4.94419e+14	2.02e-22	5.05e-16	1.77e-10	7.48e-06	9.92e-01	7.99e-03	0.00e+00	0.00e+00	0.00e+00	0.00e+00	1.68e-16	3.38e-16	1.47e-67
 5.11164e+14	2.63e-22	6.17e-16	2.02e-10	8.01e-06	9.93e-01	7.47e-03	0.00e+00	0.00e+00	0.00e+00	0.00e+00	2.05e-16	4.12e-16	3.01e-67
 5.29792e+14	3.49e-22	7.64e-16	2.34e-10	8.63e-06	9.93e-01	6.94e-03	0.00e+00	0.00e+00	0.00e+00	0.00e+00	2.53e-16	5.10e-16	6.48e-67
 5.49530e+14	4.66e-22	9.51e-16	2.71e-10	9.31e-06	9.94e-01	6.45e-03	0.00e+00	0.00e+00	0.00e+00	0.00e+00	3.15e-16	6.35e-16	1.42e-66
 5.67062e+14	5.97e-22	1.15e-15	3.08e-10	9.93e-06	9.94e-01	6.05e-03	0.00e+00	0.00e+00	0.00e+00	0.00e+00	3.81e-16	7.67e-16	2.80e-66
 5.85916e+14	7.73e-22	1.40e-15	3.52e-10	1.06e-05	9.94e-01	5.65e-03	0.00e+00	0.00e+00	0.00e+00	0.00e+00	4.63e-16	9.33e-16	5.63e-66
 6.08519e+14	1.04e-21	1.75e-15	4.11e-10	1.15e-05	9.95e-01	5.23e-03	0.00e+00	0.00e+00	0.00e+00	0.00e+00	5.81e-16	1.17e-15	1.27e-65
 6.30774e+14	1.38e-21	2.17e-15	4.76e-10	1.24e-05	9.95e-01	4.86e-03	0.00e+00	0.00e+00	0.00e+00	0.00e+00	7.20e-16	1.45e-15	2.74e-65
 6.50589e+14	1.77e-21	2.61e-15	5.40e-10	1.32e-05	9.95e-01	4.56e-03	0.00e+00	0.00e+00	0.00e+00	0.00e+00	8.66e-16	1.75e-15	5.32e-65
 6.72452e+14	2.29e-21	3.18e-15	6.18e-10	1.42e-05	9.96e-01	4.26e-03	0.00e+00	0.00e+00	0.00e+00	0.00e+00	1.06e-15	2.13e-15	1.08e-64
 6.98520e+14	3.09e-21	3.99e-15	7.22e-10	1.53e-05	9.96e-01	3.94e-03	0.00e+00	0.00e+00	0.00e+00	0.00e+00	1.32e-15	2.67e-15	2.43e-64
 7.24364e+14	4.11e-21	4.96e-15	8.37e-10	1.66e-05	9.96e-01	3.66e-03	0.00e+00	0.00e+00	0.00e+00	0.00e+00	1.64e-15	3.31e-15	5.28e-64
 7.47934e+14	5.29e-21	6.00e-15	9.53e-10	1.77e-05	9.97e-01	3.42e-03	0.00e+00	0.00e+00	0.00e+00	0.00e+00	1.99e-15	4.01e-15	1.05e-63
 7.74238e+14	6.93e-21	7.37e-15	1.10e-09	1.90e-05	9.97e-01	3.19e-03	0.00e+00	0.00e+00	0.00e+00	0.00e+00	2.44e-15	4.92e-15	2.19e-63
 8.04902e+14	9.40e-21	9.28e-15	1.28e-09	2.06e-05	9.97e-01	2.94e-03	0.00e+00	0.00e+00	0.00e+00	0.00e+00	3.08e-15	6.20e-15	5.01e-63
 8.35046e+14	1.25e-20	1.15e-14	1.49e-09	2.22e-05	9.97e-01	2.73e-03	0.00e+00	0.00e+00	0.00e+00	0.00e+00	3.83e-15	7.72e-15	1.10e-62
 8.63491e+14	1.63e-20	1.41e-14	1.71e-09	2.38e-05	9.97e-01	2.55e-03	0.00e+00	0.00e+00	0.00e+00	0.00e+00	4.67e-15	9.42e-15	2.24e-62
 8.95155e+14	2.16e-20	1.74e-14	1.97e-09	2.57e-05	9.98e-01	2.36e-03	0.00e+00	0.00e+00	0.00e+00	0.00e+00	5.78e-15	1.17e-14	4.83e-62
 9.30991e+14	2.93e-20	2.20e-14	2.31e-09	2.78e-05	9.98e-01	2.18e-03	0.00e+00	0.00e+00	0.00e+00	0.00e+00	7.29e-15	1.47e-14	1.11e-61
 9.66841e+14	3.95e-20	2.75e-14	2.69e-09	3.01e-05	9.98e-01	2.02e-03	0.00e+00	0.00e+00	0.00e+00	0.00e+00	9.12e-15	1.84e-14	2.51e-61
 1.00045e+15	5.15e-20	3.37e-14	3.09e-09	3.23e-05	9.98e-01	1.88e-03	0.00e+00	0.00e+00	0.00e+00	0.00e+00	1.12e-14	2.25e-14	5.19e-61
 1.03683e+15	6.81e-20	4.16e-14	3.57e-09	3.48e-05	9.98e-01	1.75e-03	0.00e+00	0.00e+00	0.00e+00	0.00e+00	1.38e-14	2.78e-14	1.11e-60
 1.07750e+15	9.20e-20	5.23e-14	4.17e-09	3.76e-05	9.98e-01	1.61e-03	0.00e+00	0.00e+00	0.00e+00	0.00e+00	1.73e-14	3.50e-14	2.52e-60
 1.11544e+15	1.21e-19	6.42e-14	4.79e-09	4.04e-05	9.98e-01	1.50e-03	0.00e+00	0.00e+00	0.00e+00	0.00e+00	2.12e-14	4.30e-14	5.31e-60
 1.15051e+15	1.54e-19	7.71e-14	5.43e-09	4.30e-05	9.99e-01	1.41e-03	0.00e+00	0.00e+00	0.00e+00	0.00e+00	2.55e-14	5.16e-14	1.03e-59
 1.18441e+15	1.93e-19	9.15e-14	6.10e-09	4.57e-05	9.99e-01	1.33e-03	0.00e+00	0.00e+00	0.00e+00	0.00e+00	3.03e-14	6.13e-14	1.91e-59
 1.22221e+15	2.47e-19	1.10e-13	6.92e-09	4.87e-05	9.99e-01	1.24e-03	0.00e+00	0.00e+00	0.00e+00	0.00e+00	3.65e-14	7.38e-14	3.75e-59
 1.26404e+15	3.21e-19	1.35e-13	7.92e-09	5.22e-05	9.99e-01	1.16e-03	0.00e+00	0.00e+00	0.00e+00	0.00e+00	4.45e-14	9.01e-14	7.71e-59
 1.30292e+15	4.07e-19	1.61e-13	8.95e-09	5.55e-05	9.99e-01	1.09e-03	0.00e+00	0.00e+00	0.00e+00	0.00e+00	5.33e-14	1.08e-13	1.48e-58
 1.34532e+15	5.24e-19	1.95e-13	1.02e-08	5.93e-05	9.99e-01	1.02e-03	0.00e+00	0.00e+00	0.00e+00	0.00e+00	6.44e-14	1.30e-13	2.94e-58
 1.39311e+15	6.90e-19	2.40e-13	1.17e-08	6.37e-05	9.99e-01	9.50e-04	0.00e+00	0.00e+00	0.00e+00	0.00e+00	7.92e-14	1.61e-13	6.26e-58
 1.43858e+15	8.88e-19	2.90e-13	1.33e-08	6.80e-05	9.99e-01	8.89e-04	0.00e+00	0.00e+00	0.00e+00	0.00e+00	9.59e-14	1.94e-13	1.25e-57
 1.48837e+15	1.16e-18	3.55e-13	1.53e-08	7.29e-05	9.99e-01	8.29e-04	0.00e+00	0.00e+00	0.00e+00	0.00e+00	1.17e-13	2.38e-13	2.61e-57
 1.54321e+15	1.54e-18	4.41e-13	1.77e-08	7.85e-05	9.99e-01	7.70e-04	0.00e+00	0.00e+00	0.00e+00	0.00e+00	1.46e-13	2.95e-13	5.70e-57
 1.59360e+15	1.99e-18	5.33e-13	2.01e-08	8.38e-05	9.99e-01	7.20e-04	0.00e+00	0.00e+00	0.00e+00	0.00e+00	1.76e-13	3.57e-13	1.14e-56
 1.64805e+15	2.58e-18	6.51e-13	2.30e-08	8.97e-05	9.99e-01	6.72e-04	0.00e+00	0.00e+00	0.00e+00	0.00e+00	2.15e-13	4.36e-13	2.36e-56
 1.70906e+15	3.44e-18	8.08e-13	2.66e-08	9.66e-05	9.99e-01	6.23e-04	0.00e+00	0.00e+00	0.00e+00	0.00e+00	2.66e-13	5.41e-13	5.15e-56
 1.76659e+15	4.46e-18	9.84e-13	3.04e-08	1.03e-04	9.99e-01	5.83e-04	0.00e+00	0.00e+00	0.00e+00	0.00e+00	3.24e-13	6.59e-13	1.06e-55
 1.82935e+15	5.85e-18	1.21e-12	3.50e-08	1.11e-04	9.99e-01	5.42e-04	0.00e+00	0.00e+00	0.00e+00	0.00e+00	3.98e-13	8.10e-13	2.22e-55
 1.89909e+15	7.87e-18	1.51e-12	4.07e-08	1.20e-04	9.99e-01	5.02e-04	0.00e+00	0.00e+00	0.00e+00	0.00e+00	4.98e-13	1.01e-12	5.04e-55
 1.96417e+15	1.02e-17	1.84e-12	4.66e-08	1.28e-04	9.99e-01	4.68e-04	0.00e+00	0.00e+00	0.00e+00	0.00e+00	6.07e-13	1.24e-12	1.04e-54
 2.03490e+15	1.35e-17	2.27e-12	5.37e-08	1.38e-04	9.99e-01	4.34e-04	0.00e+00	0.00e+00	0.00e+00	0.00e+00	7.48e-13	1.52e-12	2.22e-54
 2.11410e+15	1.81e-17	2.85e-12	6.27e-08	1.50e-04	9.99e-01	4.01e-04	0.00e+00	0.00e+00	0.00e+00	0.00e+00	9.37e-13	1.91e-12	5.01e-54
 2.18928e+15	2.38e-17	3.50e-12	7.21e-08	1.61e-04	9.99e-01	3.73e-04	0.00e+00	0.00e+00	0.00e+00	0.00e+00	1.15e-12	2.35e-12	1.07e-53
 2.26968e+15	3.14e-17	4.33e-12	8.35e-08	1.73e-04	9.99e-01	3.45e-04	0.00e+00	0.00e+00	0.00e+00	0.00e+00	1.42e-12	2.91e-12	2.30e-53
 2.36050e+15	4.25e-17	5.46e-12	9.78e-08	1.88e-04	9.99e-01	3.18e-04	0.00e+00	0.00e+00	0.00e+00	0.00e+00	1.79e-12	3.66e-12	5.29e-53
 2.44999e+15	5.67e-17	6.79e-12	1.14e-07	2.03e-04	1.00e+00	2.94e-04	0.00e+00	4.66e-18	1.40e-17	2.34e-17	2.23e-12	4.56e-12	1.17e-52
 2.54307e+15	7.54e-17	8.46e-12	1.32e-07	2.20e-04	1.00e+00	2.71e-04	0.00e+00	6.21e-18	1.86e-17	3.12e-17	2.78e-12	5.68e-12	2.57e-52
 2.64176e+15	1.01e-16	1.06e-11	1.55e-07	2.38e-04	1.00e+00	2.50e-04	0.00e+00	8.29e-18	2.49e-17	4.16e-17	3.47e-12	7.10e-12	5.72e-52
 2.72420e+15	1.27e-16	1.26e-11	1.75e-07	2.54e-04	1.00e+00	2.34e-04	0.00e+00	1.05e-17	3.15e-17	5.26e-17	4.15e-12	8.50e-12	1.10e-51
 2.78776e+15	1.51e-16	1.45e-11	1.92e-07	2.67e-04	1.00e+00	2.23e-04	0.00e+00	1.25e-17	3.75e-17	6.26e-17	4.74e-12	9.72e-12	1.78e-51
 2.85662e+15	1.82e-16	1.67e-11	2.12e-07	2.82e-04	1.00e+00	2.11e-04	0.00e+00	1.50e-17	4.51e-17	7.53e-17	5.47e-12	1.12e-11	2.97e-51
 2.94614e+15	2.29e-16	1.99e-11	2.41e-07	3.01e-04	1.00e+00	1.98e-04	0.00e+00	1.89e-17	5.68e-17	9.49e-17	6.54e-12	1.34e-11	5.64e-51
 3.04331e+15	2.92e-16	2.41e-11	2.75e-07	3.23e-04	9.99e-01	1.84e-04	0.00e+00	2.41e-17	7.24e-17	1.21e-16	7.89e-12	1.62e-11	1.11e-50
 3.13110e+15	3.60e-16	2.84e-11	3.09e-07	3.44e-04	9.99e-01	1.73e-04	0.00e+00	2.98e-17	8.94e-17	1.49e-16	9.29e-12	1.91e-11	2.00e-50
 3.22588e+15	4.49e-16	3.36e-11	3.49e-07	3.67e-04	9.99e-01	1.62e-04	0.00e+00	3.71e-17	1.11e-16	1.86e-16	1.10e-11	2.26e-11	3.68e-50
 3.34505e+15	5.86e-16	4.15e-11	4.05e-07	3.97e-04	9.99e-01	1.49e-04	0.00e+00	4.85e-17	1.46e-16	2.43e-16	1.36e-11	2.79e-11	7.80e-50
 3.46500e+15	7.57e-16	5.07e-11	4.68e-07	4.30e-04	9.99e-01	1.38e-04	0.00e+00	6.26e-17	1.88e-16	3.14e-16	1.66e-11	3.41e-11	1.61e-49
 3.56681e+15	9.34e-16	5.98e-11	5.27e-07	4.58e-04	9.99e-01	1.29e-04	0.00e+00	7.73e-17	2.32e-16	3.88e-16	1.96e-11	4.02e-11	2.91e-49
 3.67599e+15	1.16e-15	7.08e-11	5.96e-07	4.90e-04	9.99e-01	1.21e-04	0.00e+00	9.57e-17	2.87e-16	4.80e-16	2.32e-11	4.76e-11	5.32e-49
 3.81247e+15	1.47e-15	8.70e-11	6.92e-07	5.32e-04	9.99e-01	1.11e-04	0.00e+00	1.22e-16	3.66e-16	6.12e-16	2.85e-11	5.86e-11	1.11e-48
 3.95321e+15	1.89e-15	1.07e-10	8.03e-07	5.77e-04	9.99e-01	1.03e-04	0.00e+00	1.57e-16	4.72e-16	7.89e-16	3.49e-11	7.18e-11	2.30e-48
 4.07799e+15	2.35e-15	1.27e-10	9.12e-07	6.18e-04	9.99e-01	9.57e-05	0.00e+00	1.95e-16	5.85e-16	9.78e-16	4.15e-11	8.55e-11	4.31e-48
 4.21324e+15	2.93e-15	1.52e-10	1.04e-06	6.66e-04	9.99e-01	8.87e-05	0.00e+00	2.44e-16	7.31e-16	1.22e-15	4.97e-11	1.02e-10	8.27e-48
 4.37549e+15	3.79e-15	1.88e-10	1.22e-06	7.26e-04	9.99e-01	8.14e-05	0.00e+00	3.15e-16	9.47e-16	1.58e-15	6.14e-11	1.26e-10	1.77e-47
 4.53572e+15	4.81e-15	2.29e-10	1.41e-06	7.88e-04	9.99e-01	7.50e-05	0.00e+00	4.01e-16	1.20e-15	2.01e-15	7.48e-11	1.54e-10	3.64e-47
 4.67899e+15	5.90e-15	2.71e-10	1.60e-06	8.46e-04	9.99e-01	6.98e-05	0.00e+00	4.92e-16	1.48e-15	2.47e-15	8.87e-11	1.83e-10	6.74e-47
 4.83733e+15	7.34e-15	3.26e-10	1.83e-06	9.13e-04	9.99e-01	6.46e-05	0.00e+00	6.14e-16	1.84e-15	3.08e-15	1.07e-10	2.19e-10	1.32e-46
 5.02538e+15	9.40e-15	4.01e-10	2.14e-06	9.96e-04	9.99e-01	5.91e-05	0.00e+00	7.86e-16	2.36e-15	3.94e-15	1.31e-10	2.70e-10	2.82e-46
 5.21170e+15	1.18e-14	4.89e-10	2.48e-06	1.08e-03	9.99e-01	5.44e-05	0.00e+00	9.92e-16	2.98e-15	4.97e-15	1.60e-10	3.29e-10	5.84e-46
 5.38285e+15	1.45e-14	5.82e-10	2.83e-06	1.17e-03	9.99e-01	5.04e-05	0.00e+00	1.22e-15	3.65e-15	6.10e-15	1.90e-10	3.92e-10	1.11e-45
 5.57466e+15	1.81e-14	7.05e-10	3.26e-06	1.26e-03	9.99e-01	4.65e-05	0.00e+00	1.52e-15	4.57e-15	7.64e-15	2.31e-10	4.75e-10	2.27e-45
 5.79675e+15	2.29e-14	8.68e-10	3.82e-06	1.38e-03	9.99e-01	4.24e-05	0.00e+00	1.93e-15	5.79e-15	9.67e-15	2.84e-10	5.84e-10	4.92e-45
 6.01402e+15	2.86e-14	1.06e-09	4.44e-06	1.51e-03	9.98e-01	3.89e-05	0.00e+00	2.41e-15	7.22e-15	1.21e-14	3.46e-10	7.11e-10	1.03e-44
 6.22076e+15	3.49e-14	1.27e-09	5.08e-06	1.63e-03	9.98e-01	3.60e-05	0.00e+00	2.94e-15	8.83e-15	1.47e-14	4.15e-10	8.52e-10	2.03e-44
 6.45039e+15	4.33e-14	1.54e-09	5.88e-06	1.77e-03	9.98e-01	3.31e-05	0.00e+00	3.65e-15	1.10e-14	1.83e-14	5.03e-10	1.03e-09	4.22e-44
 6.66707e+15	5.21e-14	1.83e-09	6.72e-06	1.91e-03	9.98e-01	3.06e-05	0.00e+00	4.40e-15	1.32e-14	2.21e-14	6.00e-10	1.23e-09	8.04e-44
 6.82956e+15	5.99e-14	2.08e-09	7.40e-06	2.02e-03	9.98e-01	2.90e-05	0.00e+00	5.07e-15	1.52e-14	2.54e-14	6.82e-10	1.40e-09	1.30e-43
 6.99584e+15	6.87e-14	2.37e-09	8.15e-06	2.14e-03	9.98e-01	2.74e-05	0.00e+00	5.82e-15	1.75e-14	2.92e-14	7.75e-10	1.59e-09	2.11e-43
 7.21201e+15	8.14e-14	2.78e-09	9.21e-06	2.29e-03	9.98e-01	2.55e-05	0.00e+00	6.91e-15	2.07e-14	3.46e-14	9.13e-10	1.87e-09	3.92e-43
 7.44449e+15	9.68e-14	3.30e-09	1.05e-05	2.47e-03	9.97e-01	2.37e-05	0.00e+00	8.22e-15	2.47e-14	4.12e-14	1.08e-09	2.21e-09	7.54e-43
 7.65226e+15	1.13e-13	3.81e-09	1.17e-05	2.63e-03	9.97e-01	2.22e-05	0.00e+00	9.59e-15	2.88e-14	4.81e-14	1.25e-09	2.56e-09	1.31e-42
 7.87648e+15	1.32e-13	4.44e-09	1.31e-05	2.81e-03	9.97e-01	2.08e-05	0.00e+00	1.13e-14	3.38e-14	5.64e-14	1.46e-09	2.98e-09	2.40e-42
 8.16329e+15	1.60e-13	5.38e-09	1.51e-05	3.06e-03	9.97e-01	1.92e-05	0.00e+00	1.37e-14	4.10e-14	6.85e-14	1.76e-09	3.61e-09	5.08e-42
 8.45319e+15	1.92e-13	6.47e-09	1.74e-05	3.31e-03	9.97e-01	1.77e-05	0.00e+00	1.64e-14	4.92e-14	8.21e-14	2.12e-09	4.34e-09	1.04e-41
 8.69502e+15	2.23e-13	7.50e-09	1.94e-05	3.54e-03	9.96e-01	1.66e-05	0.00e+00	1.91e-14	5.73e-14	9.57e-14	2.46e-09	5.03e-09	1.86e-41
 8.95264e+15	2.61e-13	8.76e-09	2.18e-05	3.78e-03	9.96e-01	1.55e-05	0.00e+00	2.23e-14	6.70e-14	1.12e-13	2.88e-09	5.88e-09	3.43e-41
 9.28022e+15	3.14e-13	1.06e-08	2.52e-05	4.11e-03	9.96e-01	1.43e-05	0.00e+00	2.69e-14	8.07e-14	1.35e-13	3.49e-09	7.13e-09	7.19e-41
 9.62408e+15	3.78e-13	1.29e-08	2.92e-05	4.47e-03	9.95e-01	1.32e-05	0.00e+00	3.24e-14	9.73e-14	1.62e-13	4.23e-09	8.65e-09	1.51e-40
 9.93093e+15	4.45e-13	1.52e-08	3.31e-05	4.81e-03	9.95e-01	1.23e-05	0.00e+00	3.82e-14	1.15e-13	1.91e-13	5.00e-09	1.02e-08	2.84e-40
 1.02644e+16	5.32e-13	1.81e-08	3.77e-05	5.19e-03	9.95e-01	1.15e-05	0.00e+00	4.58e-14	1.37e-13	2.29e-13	5.97e-09	1.22e-08	5.66e-40
 1.06619e+16	6.51e-13	2.22e-08	4.39e-05	5.66e-03	9.94e-01	1.06e-05	0.00e+00	5.61e-14	1.68e-13	2.81e-13	7.32e-09	1.49e-08	1.24e-39
 1.10529e+16	7.84e-13	2.69e-08	5.07e-05	6.16e-03	9.94e-01	9.77e-06	0.00e+00	6.76e-14	2.03e-13	3.39e-13	8.86e-09	1.80e-08	2.57e-39
 1.14048e+16	9.26e-13	3.17e-08	5.74e-05	6.62e-03	9.93e-01	9.14e-06	0.00e+00	8.00e-14	2.40e-13	4.01e-13	1.05e-08	2.13e-08	4.85e-39
 1.17958e+16	1.11e-12	3.80e-08	6.56e-05	7.15e-03	9.93e-01	8.51e-06	0.00e+00	9.61e-14	2.89e-13	4.82e-13	1.25e-08	2.55e-08	9.70e-39
 1.22572e+16	1.37e-12	4.69e-08	7.66e-05	7.82e-03	9.92e-01	7.88e-06	0.00e+00	1.19e-13	3.56e-13	5.94e-13	1.55e-08	3.15e-08	2.13e-38
 1.27106e+16	1.66e-12	5.71e-08	8.86e-05	8.50e-03	9.91e-01	7.32e-06	0.00e+00	1.44e-13	4.33e-13	7.24e-13	1.88e-08	3.83e-08	4.46e-38
 1.31285e+16	1.99e-12	6.79e-08	1.01e-04	9.16e-03	9.91e-01	6.87e-06	0.00e+00	1.73e-13	5.18e-13	8.65e-13	2.24e-08	4.55e-08	8.54e-38
 1.35995e+16	2.43e-12	8.24e-08	1.16e-04	9.95e-03	9.90e-01	6.41e-06	0.00e+00	2.12e-13	6.35e-13	1.06e-12	2.72e-08	5.52e-08	1.78e-37
 1.40547e+16	2.91e-12	9.85e-08	1.32e-04	1.07e-02	9.89e-01	6.03e-06	0.00e+00	2.53e-13	7.60e-13	1.27e-12	3.25e-08	6.60e-08	3.36e-37
 1.43899e+16	3.28e-12	1.12e-07	1.46e-04	1.14e-02	9.88e-01	5.78e-06	0.00e+00	2.86e-13	8.59e-13	1.43e-12	3.69e-08	7.49e-08	5.38e-37
 1.47259e+16	3.77e-12	1.27e-07	1.60e-04	1.20e-02	9.88e-01	5.55e-06	0.00e+00	3.29e-13	9.88e-13	1.65e-12	4.20e-08	8.52e-08	8.63e-37
 1.51627e+16	4.49e-12	1.50e-07	1.80e-04	1.28e-02	9.87e-01	5.27e-06	0.00e+00	3.93e-13	1.18e-12	1.97e-12	4.95e-08	1.00e-07	1.55e-36
 1.56334e+16	5.33e-12	1.78e-07	2.04e-04	1.38e-02	9.86e-01	5.00e-06	0.00e+00	4.66e-13	1.40e-12	2.33e-12	5.86e-08	1.19e-07	2.83e-36
 1.60531e+16	6.19e-12	2.05e-07	2.27e-04	1.47e-02	9.85e-01	4.78e-06	0.00e+00	5.42e-13	1.63e-12	2.72e-12	6.78e-08	1.37e-07	4.76e-36
 1.65036e+16	7.33e-12	2.40e-07	2.54e-04	1.57e-02	9.84e-01	4.57e-06	0.00e+00	6.42e-13	1.93e-12	3.22e-12	7.94e-08	1.61e-07	8.26e-36
 1.70891e+16	9.07e-12	2.93e-07	2.94e-04	1.70e-02	9.83e-01	4.33e-06	0.00e+00	7.96e-13	2.39e-12	3.99e-12	9.69e-08	1.96e-07	1.67e-35
 1.76781e+16	1.10e-11	3.53e-07	3.38e-04	1.85e-02	9.81e-01	4.12e-06	0.00e+00	9.67e-13	2.90e-12	4.84e-12	1.17e-07	2.37e-07	3.17e-35
 1.81504e+16	1.28e-11	4.09e-07	3.77e-04	1.97e-02	9.80e-01	3.97e-06	0.00e+00	1.13e-12	3.38e-12	5.65e-12	1.35e-07	2.74e-07	5.22e-35
 1.86435e+16	1.52e-11	4.78e-07	4.22e-04	2.10e-02	9.79e-01	3.82e-06	0.00e+00	1.34e-12	4.01e-12	6.70e-12	1.58e-07	3.20e-07	8.84e-35
 1.92845e+16	1.88e-11	5.81e-07	4.87e-04	2.28e-02	9.77e-01	3.64e-06	0.00e+00	1.65e-12	4.96e-12	8.28e-12	1.92e-07	3.89e-07	1.72e-34
 1.99536e+16	2.31e-11	7.07e-07	5.64e-04	2.48e-02	9.75e-01	3.49e-06	0.00e+00	2.04e-12	6.12e-12	1.02e-11	2.34e-07	4.73e-07	3.26e-34
 2.05191e+16	2.74e-11	8.28e-07	6.34e-04	2.65e-02	9.73e-01	3.37e-06	0.00e+00	2.42e-12	7.27e-12	1.21e-11	2.74e-07	5.54e-07	5.46e-34
 2.11139e+16	3.30e-11	9.82e-07	7.19e-04	2.85e-02	9.71e-01	3.26e-06	0.00e+00	2.92e-12	8.76e-12	1.46e-11	3.25e-07	6.57e-07	9.54e-34
 2.18791e+16	4.17e-11	1.22e-06	8.43e-04	3.12e-02	9.68e-01	3.12e-06	0.00e+00	3.69e-12	1.11e-11	1.85e-11	4.03e-07	8.13e-07	1.92e-33
 2.26351e+16	5.16e-11	1.48e-06	9.79e-04	3.40e-02	9.65e-01	3.01e-06	0.00e+00	4.58e-12	1.37e-11	2.29e-11	4.90e-07	9.89e-07	3.49e-33
 2.32292e+16	6.10e-11	1.73e-06	1.10e-03	3.64e-02	9.62e-01	2.95e-06	0.00e+00	5.42e-12	1.62e-11	2.71e-11	5.72e-07	1.15e-06	5.59e-33
 2.38434e+16	7.34e-11	2.03e-06	1.24e-03	3.90e-02	9.60e-01	2.88e-06	0.00e+00	6.53e-12	1.96e-11	3.27e-11	6.74e-07	1.36e-06	9.34e-33
 2.46418e+16	9.30e-11	2.51e-06	1.46e-03	4.27e-02	9.56e-01	2.79e-06	0.00e+00	8.27e-12	2.48e-11	4.14e-11	8.31e-07	1.67e-06	1.78e-32
 2.54458e+16	1.15e-10	3.04e-06	1.69e-03	4.66e-02	9.52e-01	2.71e-06	0.00e+00	1.03e-11	3.08e-11	5.14e-11	1.01e-06	2.03e-06	3.16e-32
 2.60831e+16	1.36e-10	3.55e-06	1.91e-03	4.99e-02	9.48e-01	2.66e-06	0.00e+00	1.22e-11	3.65e-11	6.09e-11	1.18e-06	2.37e-06	4.91e-32
 2.66402e+16	1.59e-10	4.07e-06	2.12e-03	5.30e-02	9.45e-01	2.61e-06	0.00e+00	1.42e-11	4.26e-11	7.11e-11	1.35e-06	2.72e-06	7.29e-32
 2.72669e+16	1.92e-10	4.77e-06	2.39e-03	5.68e-02	9.41e-01	2.56e-06	0.00e+00	1.72e-11	5.15e-11	8.58e-11	1.58e-06	3.19e-06	1.17e-31
 2.79411e+16	2.30e-10	5.60e-06	2.72e-03	6.11e-02	9.36e-01	2.52e-06	0.00e+00	2.05e-11	6.16e-11	1.03e-10	1.86e-06	3.74e-06	1.84e-31
 2.85558e+16	2.73e-10	6.50e-06	3.05e-03	6.52e-02	9.32e-01	2.48e-06	0.00e+00	2.44e-11	7.33e-11	1.22e-10	2.16e-06	4.34e-06	2.79e-31
 2.92335e+16	3.31e-10	7.71e-06	3.48e-03	7.02e-02	9.26e-01	2.44e-06	0.00e+00	2.97e-11	8.90e-11	1.48e-10	2.56e-06	5.15e-06	4.52e-31
