#depth	C	C+	C+2	C+3	C+4	C+5	C+6	C[1]	C[2]	C[3]	C+[1]	C+[2]	CO
 1.49634e+10	0.00e+00	0.00e+00	4.57e-28	1.59e-18	3.43e-08	3.97e-03	9.96e-01	0.00e+00	0.00e+00	0.00e+00	0.00e+00	0.00e+00	0.00e+00
 4.54887e+10	0.00e+00	5.91e-38	6.27e-28	2.02e-18	4.02e-08	4.29e-03	9.96e-01	0.00e+00	0.00e+00	0.00e+00	0.00e+00	0.00e+00	2.63e-238
 7.72350e+10	0.00e+00	0.00e+00	8.61e-28	2.56e-18	4.71e-08	4.64e-03	9.95e-01	0.00e+00	0.00e+00	0.00e+00	0.00e+00	0.00e+00	1.12e-231
 1.10251e+11	0.00e+00	1.30e-37	1.18e-27	3.25e-18	5.53e-08	5.02e-03	9.95e-01	0.00e+00	0.00e+00	0.00e+00	0.00e+00	0.00e+00	0.00e+00
 1.41289e+11	0.00e+00	0.00e+00	1.58e-27	4.03e-18	6.39e-08	5.39e-03	9.95e-01	0.00e+00	0.00e+00	0.00e+00	0.00e+00	0.00e+00	1.02e-230
 1.69214e+11	0.00e+00	2.55e-37	2.03e-27	4.87e-18	7.25e-08	5.74e-03	9.94e-01	0.00e+00	0.00e+00	0.00e+00	0.00e+00	0.00e+00	7.62e-237
 2.00769e+11	0.00e+00	0.00e+00	2.67e-27	5.99e-18	8.32e-08	6.14e-03	9.94e-01	0.00e+00	0.00e+00	0.00e+00	0.00e+00	0.00e+00	4.31e-230
 2.37940e+11	0.00e+00	5.31e-37	3.64e-27	7.57e-18	9.74e-08	6.63e-03	9.93e-01	0.00e+00	0.00e+00	0.00e+00	0.00e+00	0.00e+00	3.55e-236
 2.75569e+11	0.00e+00	0.00e+00	4.94e-27	9.52e-18	1.14e-07	7.14e-03	9.93e-01	0.00e+00	0.00e+00	0.00e+00	0.00e+00	0.00e+00	1.76e-280
 3.12121e+11	0.00e+00	1.11e-36	6.58e-27	1.18e-17	1.31e-07	7.66e-03	9.92e-01	0.00e+00	0.00e+00	0.00e+00	0.00e+00	0.00e+00	1.59e-234
 3.51950e+11	0.00e+00	0.00e+00	8.89e-27	1.48e-17	1.53e-07	8.25e-03	9.92e-01	0.00e+00	0.00e+00	0.00e+00	0.00e+00	0.00e+00	0.00e+00
 3.95955e+11	0.00e+00	2.41e-36	1.22e-26	1.88e-17	1.80e-07	8.93e-03	9.91e-01	0.00e+00	0.00e+00	0.00e+00	0.00e+00	0.00e+00	2.47e-162
 4.41720e+11	1.11e-46	3.59e-36	1.69e-26	2.40e-17	2.11e-07	9.65e-03	9.90e-01	0.00e+00	0.00e+00	0.00e+00	0.00e+00	0.00e+00	3.23e-232
 4.89316e+11	0.00e+00	0.00e+00	2.33e-26	3.05e-17	2.49e-07	1.04e-02	9.90e-01	0.00e+00	0.00e+00	0.00e+00	0.00e+00	0.00e+00	1.17e-212
 5.33225e+11	0.00e+00	7.68e-36	3.10e-26	3.79e-17	2.87e-07	1.12e-02	9.89e-01	0.00e+00	0.00e+00	0.00e+00	0.00e+00	0.00e+00	0.00e+00
 5.71109e+11	3.93e-46	1.04e-35	3.94e-26	4.54e-17	3.24e-07	1.19e-02	9.88e-01	0.00e+00	0.00e+00	0.00e+00	0.00e+00	0.00e+00	5.09e-140
 6.13059e+11	0.00e+00	0.00e+00	5.11e-26	5.52e-17	3.70e-07	1.26e-02	9.87e-01	0.00e+00	0.00e+00	0.00e+00	0.00e+00	0.00e+00	1.03e-211
 6.64470e+11	0.00e+00	2.10e-35	6.94e-26	6.95e-17	4.32e-07	1.36e-02	9.86e-01	0.00e+00	0.00e+00	0.00e+00	0.00e+00	0.00e+00	3.51e-159
 7.16656e+11	1.44e-45	3.05e-35	9.38e-26	8.72e-17	5.03e-07	1.47e-02	9.85e-01	0.00e+00	0.00e+00	0.00e+00	0.00e+00	0.00e+00	0.00e+00
 7.62657e+11	0.00e+00	0.00e+00	1.21e-25	1.06e-16	5.73e-07	1.56e-02	9.84e-01	0.00e+00	0.00e+00	0.00e+00	0.00e+00	0.00e+00	0.00e+00
 8.12140e+11	0.00e+00	5.88e-35	1.59e-25	1.30e-16	6.57e-07	1.66e-02	9.83e-01	0.00e+00	0.00e+00	0.00e+00	0.00e+00	0.00e+00	1.36e-229
 8.71874e+11	5.04e-45	8.71e-35	2.18e-25	1.64e-16	7.71e-07	1.80e-02	9.82e-01	0.00e+00	0.00e+00	0.00e+00	0.00e+00	0.00e+00	2.77e-137
 9.31437e+11	0.00e+00	1.27e-34	2.95e-25	2.07e-16	8.99e-07	1.93e-02	9.81e-01	0.00e+00	0.00e+00	0.00e+00	0.00e+00	0.00e+00	0.00e+00
 9.85003e+11	1.18e-44	1.77e-34	3.84e-25	2.52e-16	1.03e-06	2.06e-02	9.79e-01	0.00e+00	0.00e+00	0.00e+00	0.00e+00	0.00e+00	2.23e-136
 1.04427e+12	0.00e+00	2.53e-34	5.11e-25	3.13e-16	1.19e-06	2.20e-02	9.78e-01	0.00e+00	0.00e+00	0.00e+00	0.00e+00	0.00e+00	0.00e+00
 1.11429e+12	2.94e-44	3.80e-34	7.10e-25	4.00e-16	1.40e-06	2.38e-02	9.76e-01	0.00e+00	0.00e+00	0.00e+00	0.00e+00	0.00e+00	2.11e-135
 1.18340e+12	0.00e+00	5.60e-34	9.70e-25	5.06e-16	1.64e-06	2.57e-02	9.74e-01	0.00e+00	0.00e+00	0.00e+00	0.00e+00	0.00e+00	0.00e+00
 1.24715e+12	7.11e-44	7.93e-34	1.28e-24	6.25e-16	1.89e-06	2.74e-02	9.73e-01	0.00e+00	0.00e+00	0.00e+00	0.00e+00	0.00e+00	1.83e-134
 1.31879e+12	0.00e+00	1.16e-33	1.74e-24	7.86e-16	2.21e-06	2.95e-02	9.71e-01	0.00e+00	0.00e+00	0.00e+00	0.00e+00	0.00e+00	0.00e+00
 1.39855e+12	1.83e-43	1.75e-33	2.42e-24	1.01e-15	2.62e-06	3.19e-02	9.68e-01	0.00e+00	0.00e+00	0.00e+00	0.00e+00	0.00e+00	1.85e-133
 1.47360e+12	0.00e+00	2.55e-33	3.28e-24	1.27e-15	3.05e-06	3.42e-02	9.66e-01	0.00e+00	0.00e+00	0.00e+00	0.00e+00	0.00e+00	0.00e+00
 1.55453e+12	4.61e-43	3.79e-33	4.49e-24	1.60e-15	3.58e-06	3.69e-02	9.63e-01	0.00e+00	0.00e+00	0.00e+00	0.00e+00	0.00e+00	1.75e-132
 1.64464e+12	0.00e+00	5.79e-33	6.32e-24	2.07e-15	4.25e-06	3.99e-02	9.60e-01	0.00e+00	0.00e+00	0.00e+00	0.00e+00	0.00e+00	0.00e+00
 1.73165e+12	1.24e-42	8.63e-33	8.71e-24	2.64e-15	5.00e-06	4.30e-02	9.57e-01	0.00e+00	0.00e+00	0.00e+00	0.00e+00	0.00e+00	1.92e-131
 1.82414e+12	0.00e+00	1.30e-32	1.21e-23	3.38e-15	5.91e-06	4.64e-02	9.54e-01	0.00e+00	0.00e+00	0.00e+00	0.00e+00	0.00e+00	0.00e+00
 1.92704e+12	3.44e-42	2.03e-32	1.73e-23	4.42e-15	7.07e-06	5.04e-02	9.50e-01	0.00e+00	0.00e+00	0.00e+00	0.00e+00	0.00e+00	2.27e-130
 2.02966e+12	0.00e+00	3.11e-32	2.44e-23	5.72e-15	8.41e-06	5.45e-02	9.45e-01	0.00e+00	0.00e+00	0.00e+00	0.00e+00	0.00e+00	0.00e+00
 2.13638e+12	9.63e-42	4.79e-32	3.45e-23	7.42e-15	1.00e-05	5.90e-02	9.41e-01	0.00e+00	0.00e+00	0.00e+00	0.00e+00	0.00e+00	2.71e-129
 2.23786e+12	0.00e+00	7.13e-32	4.75e-23	9.43e-15	1.18e-05	6.35e-02	9.36e-01	0.00e+00	0.00e+00	0.00e+00	0.00e+00	0.00e+00	0.00e+00
 2.32295e+12	2.29e-41	9.86e-32	6.16e-23	1.15e-14	1.34e-05	6.74e-02	9.33e-01	0.00e+00	0.00e+00	0.00e+00	0.00e+00	0.00e+00	2.17e-128
 2.41533e+12	0.00e+00	1.39e-31	8.12e-23	1.41e-14	1.54e-05	7.17e-02	9.28e-01	0.00e+00	0.00e+00	0.00e+00	0.00e+00	0.00e+00	0.00e+00
 2.53185e+12	5.71e-41	2.12e-31	1.14e-22	1.82e-14	1.82e-05	7.74e-02	9.23e-01	0.00e+00	0.00e+00	0.00e+00	0.00e+00	0.00e+00	1.95e-127
 2.65436e+12	0.00e+00	3.25e-31	1.60e-22	2.35e-14	2.17e-05	8.36e-02	9.16e-01	0.00e+00	0.00e+00	0.00e+00	0.00e+00	0.00e+00	0.00e+00
 2.75781e+12	1.45e-40	4.61e-31	2.13e-22	2.90e-14	2.49e-05	8.90e-02	9.11e-01	0.00e+00	0.00e+00	0.00e+00	0.00e+00	0.00e+00	1.82e-126
 2.84727e+12	0.00e+00	6.20e-31	2.69e-22	3.47e-14	2.81e-05	9.38e-02	9.06e-01	0.00e+00	0.00e+00	0.00e+00	0.00e+00	0.00e+00	0.00e+00
 2.94893e+12	3.05e-40	8.58e-31	3.50e-22	4.22e-14	3.20e-05	9.94e-02	9.01e-01	0.00e+00	0.00e+00	0.00e+00	0.00e+00	0.00e+00	1.08e-125
 3.08109e+12	0.00e+00	1.29e-30	4.87e-22	5.40e-14	3.77e-05	1.07e-01	8.93e-01	0.00e+00	0.00e+00	0.00e+00	0.00e+00	0.00e+00	0.00e+00
 3.21782e+12	8.19e-40	1.96e-30	6.79e-22	6.92e-14	4.45e-05	1.15e-01	8.85e-01	0.00e+00	0.00e+00	0.00e+00	0.00e+00	0.00e+00	1.15e-124
 3.33183e+12	0.00e+00	2.73e-30	8.86e-22	8.45e-14	5.08e-05	1.22e-01	8.78e-01	0.00e+00	0.00e+00	0.00e+00	0.00e+00	0.00e+00	0.00e+00
 3.45135e+12	1.83e-39	3.82e-30	1.16e-21	1.03e-13	5.80e-05	1.29e-01	8.71e-01	0.00e+00	0.00e+00	0.00e+00	0.00e+00	0.00e+00	7.84e-124
 3.60425e+12	0.00e+00	5.81e-30	1.63e-21	1.33e-13	6.85e-05	1.39e-01	8.61e-01	0.00e+00	0.00e+00	0.00e+00	0.00e+00	0.00e+00	0.00e+00
 3.76147e+12	4.96e-39	8.80e-30	2.27e-21	1.71e-13	8.08e-05	1.49e-01	8.51e-01	0.00e+00	0.00e+00	0.00e+00	0.00e+00	0.00e+00	8.56e-123
 3.89516e+12	0.00e+00	1.24e-29	2.98e-21	2.09e-13	9.24e-05	1.58e-01	8.42e-01	0.00e+00	0.00e+00	0.00e+00	0.00e+00	0.00e+00	0.00e+00
 4.03735e+12	1.14e-38	1.76e-29	3.95e-21	2.58e-13	1.06e-04	1.67e-01	8.33e-01	0.00e+00	0.00e+00	0.00e+00	0.00e+00	0.00e+00	6.23e-122
 4.21503e+12	0.00e+00	2.68e-29	5.55e-21	3.32e-13	1.25e-04	1.80e-01	8.20e-01	0.00e+00	0.00e+00	0.00e+00	0.00e+00	0.00e+00	0.00e+00
 4.39701e+12	3.11e-38	4.06e-29	7.75e-21	4.26e-13	1.47e-04	1.92e-01	8.08e-01	0.00e+00	0.00e+00	0.00e+00	0.00e+00	0.00e+00	6.98e-121
 4.55773e+12	0.00e+00	5.79e-29	1.03e-20	5.26e-13	1.69e-04	2.04e-01	7.96e-01	0.00e+00	0.00e+00	0.00e+00	0.00e+00	0.00e+00	0.00e+00
 4.73266e+12	7.42e-38	8.39e-29	1.39e-20	6.56e-13	1.95e-04	2.16e-01	7.84e-01	0.00e+00	0.00e+00	0.00e+00	0.00e+00	0.00e+00	5.67e-120
 4.92759e+12	0.00e+00	1.25e-28	1.91e-20	8.32e-13	2.28e-04	2.30e-01	7.69e-01	0.00e+00	0.00e+00	0.00e+00	0.00e+00	0.00e+00	0.00e+00
 5.11833e+12	1.88e-37	1.82e-28	2.58e-20	1.04e-12	2.63e-04	2.44e-01	7.55e-01	0.00e+00	0.00e+00	0.00e+00	0.00e+00	0.00e+00	5.36e-119
 5.30454e+12	0.00e+00	2.60e-28	3.42e-20	1.28e-12	3.01e-04	2.58e-01	7.42e-01	0.00e+00	0.00e+00	0.00e+00	0.00e+00	0.00e+00	0.00e+00
 5.51505e+12	4.56e-37	3.81e-28	4.66e-20	1.61e-12	3.48e-04	2.74e-01	7.26e-01	0.00e+00	0.00e+00	0.00e+00	0.00e+00	0.00e+00	4.58e-118
 5.74758e+12	0.00e+00	5.74e-28	6.46e-20	2.05e-12	4.07e-04	2.91e-01	7.09e-01	0.00e+00	0.00e+00	0.00e+00	0.00e+00	0.00e+00	0.00e+00
 5.95375e+12	1.13e-36	8.13e-28	8.54e-20	2.52e-12	4.64e-04	3.06e-01	6.93e-01	0.00e+00	0.00e+00	0.00e+00	0.00e+00	0.00e+00	4.18e-117
 6.13708e+12	0.00e+00	1.09e-27	1.08e-19	3.00e-12	5.18e-04	3.19e-01	6.80e-01	0.00e+00	0.00e+00	0.00e+00	0.00e+00	0.00e+00	0.00e+00
 6.34574e+12	2.42e-36	1.53e-27	1.41e-19	3.65e-12	5.86e-04	3.35e-01	6.65e-01	0.00e+00	0.00e+00	0.00e+00	0.00e+00	0.00e+00	2.64e-116
 6.57008e+12	0.00e+00	2.15e-27	1.86e-19	4.46e-12	6.65e-04	3.51e-01	6.48e-01	0.00e+00	0.00e+00	0.00e+00	0.00e+00	0.00e+00	0.00e+00
 6.77093e+12	5.19e-36	2.88e-27	2.34e-19	5.29e-12	7.40e-04	3.65e-01	6.34e-01	0.00e+00	0.00e+00	0.00e+00	0.00e+00	0.00e+00	1.71e-115
 6.98817e+12	0.00e+00	3.94e-27	3.01e-19	6.36e-12	8.30e-04	3.81e-01	6.18e-01	0.00e+00	0.00e+00	0.00e+00	0.00e+00	0.00e+00	7.64e-100
 7.26813e+12	1.20e-35	5.79e-27	4.09e-19	7.97e-12	9.55e-04	4.01e-01	5.98e-01	0.00e+00	0.00e+00	0.00e+00	0.00e+00	0.00e+00	2.62e-294
 7.55386e+12	0.00e+00	8.45e-27	5.53e-19	9.93e-12	1.09e-03	4.21e-01	5.78e-01	0.00e+00	0.00e+00	0.00e+00	0.00e+00	0.00e+00	2.71e-131
 7.79203e+12	2.74e-35	1.14e-26	7.04e-19	1.18e-11	1.22e-03	4.37e-01	5.62e-01	0.00e+00	0.00e+00	0.00e+00	0.00e+00	0.00e+00	1.97e-97
 8.04418e+12	0.00e+00	1.56e-26	9.01e-19	1.42e-11	1.36e-03	4.53e-01	5.45e-01	0.00e+00	0.00e+00	0.00e+00	0.00e+00	0.00e+00	0.00e+00
 8.36540e+12	6.29e-35	2.28e-26	1.22e-18	1.76e-11	1.56e-03	4.74e-01	5.24e-01	0.00e+00	0.00e+00	0.00e+00	0.00e+00	0.00e+00	8.00e-113
 8.70360e+12	1.00e-34	3.35e-26	1.66e-18	2.20e-11	1.78e-03	4.95e-01	5.03e-01	0.00e+00	0.00e+00	0.00e+00	0.00e+00	0.00e+00	3.10e-96
 9.00686e+12	1.49e-34	4.66e-26	2.15e-18	2.67e-11	2.00e-03	5.14e-01	4.84e-01	0.00e+00	0.00e+00	0.00e+00	0.00e+00	0.00e+00	0.00e+00
 9.33749e+12	2.27e-34	6.59e-26	2.84e-18	3.25e-11	2.25e-03	5.33e-01	4.65e-01	0.00e+00	0.00e+00	0.00e+00	0.00e+00	0.00e+00	1.95e-111
 9.72981e+12	3.66e-34	9.79e-26	3.88e-18	4.08e-11	2.57e-03	5.55e-01	4.42e-01	0.00e+00	0.00e+00	0.00e+00	0.00e+00	0.00e+00	4.92e-95
 1.01256e+13	5.81e-34	1.44e-25	5.26e-18	5.08e-11	2.93e-03	5.76e-01	4.21e-01	0.00e+00	0.00e+00	0.00e+00	0.00e+00	0.00e+00	2.04e-110
 1.05027e+13	8.85e-34	2.03e-25	6.94e-18	6.19e-11	3.29e-03	5.95e-01	4.01e-01	0.00e+00	0.00e+00	0.00e+00	0.00e+00	0.00e+00	3.25e-94
 1.09181e+13	1.38e-33	2.94e-25	9.29e-18	7.64e-11	3.72e-03	6.15e-01	3.81e-01	0.00e+00	0.00e+00	0.00e+00	0.00e+00	0.00e+00	1.81e-109
 1.13542e+13	2.17e-33	4.27e-25	1.25e-17	9.44e-11	4.21e-03	6.35e-01	3.61e-01	0.00e+00	0.00e+00	0.00e+00	0.00e+00	0.00e+00	2.21e-93
 1.17486e+13	3.20e-33	5.89e-25	1.61e-17	1.13e-10	4.67e-03	6.52e-01	3.43e-01	0.00e+00	0.00e+00	0.00e+00	0.00e+00	0.00e+00	1.51e-108
 1.21789e+13	4.82e-33	8.26e-25	2.11e-17	1.37e-10	5.21e-03	6.69e-01	3.25e-01	0.00e+00	0.00e+00	0.00e+00	0.00e+00	0.00e+00	1.23e-92
 1.26855e+13	7.67e-33	1.21e-24	2.85e-17	1.70e-10	5.89e-03	6.89e-01	3.05e-01	0.00e+00	0.00e+00	0.00e+00	0.00e+00	0.00e+00	1.38e-107
 1.31821e+13	1.18e-32	1.74e-24	3.80e-17	2.09e-10	6.61e-03	7.06e-01	2.87e-01	0.00e+00	0.00e+00	0.00e+00	0.00e+00	0.00e+00	8.43e-92
 1.35836e+13	1.66e-32	2.30e-24	4.74e-17	2.44e-10	7.22e-03	7.19e-01	2.74e-01	0.00e+00	0.00e+00	0.00e+00	0.00e+00	0.00e+00	9.87e-107
 1.39137e+13	2.17e-32	2.87e-24	5.65e-17	2.77e-10	7.74e-03	7.29e-01	2.63e-01	0.00e+00	0.00e+00	0.00e+00	0.00e+00	0.00e+00	3.11e-91
 1.42860e+13	2.92e-32	3.66e-24	6.86e-17	3.17e-10	8.35e-03	7.40e-01	2.51e-01	0.00e+00	0.00e+00	0.00e+00	0.00e+00	0.00e+00	4.18e-106
 1.47699e+13	4.24e-32	4.97e-24	8.75e-17	3.77e-10	9.18e-03	7.54e-01	2.37e-01	0.00e+00	0.00e+00	0.00e+00	0.00e+00	0.00e+00	1.30e-90
 1.52856e+13	6.22e-32	6.82e-24	1.13e-16	4.51e-10	1.01e-02	7.67e-01	2.23e-01	0.00e+00	0.00e+00	0.00e+00	0.00e+00	0.00e+00	2.89e-105
 1.57370e+13	8.58e-32	8.90e-24	1.39e-16	5.23e-10	1.10e-02	7.77e-01	2.12e-01	0.00e+00	0.00e+00	0.00e+00	0.00e+00	0.00e+00	5.93e-90
 1.62181e+13	1.19e-31	1.17e-23	1.73e-16	6.09e-10	1.19e-02	7.87e-01	2.01e-01	0.00e+00	0.00e+00	0.00e+00	0.00e+00	0.00e+00	1.55e-104
 1.68348e+13	1.80e-31	1.64e-23	2.26e-16	7.36e-10	1.32e-02	8.00e-01	1.87e-01	0.00e+00	0.00e+00	0.00e+00	0.00e+00	0.00e+00	2.92e-89
 1.74655e+13	2.69e-31	2.29e-23	2.94e-16	8.88e-10	1.46e-02	8.11e-01	1.74e-01	0.00e+00	0.00e+00	0.00e+00	0.00e+00	0.00e+00	1.26e-103
 1.79956e+13	3.72e-31	2.99e-23	3.64e-16	1.03e-09	1.58e-02	8.19e-01	1.65e-01	0.00e+00	0.00e+00	0.00e+00	0.00e+00	0.00e+00	1.40e-88
 1.85570e+13	5.17e-31	3.93e-23	4.52e-16	1.20e-09	1.72e-02	8.28e-01	1.55e-01	0.00e+00	0.00e+00	0.00e+00	0.00e+00	0.00e+00	6.91e-103
 1.92667e+13	7.74e-31	5.48e-23	5.88e-16	1.44e-09	1.89e-02	8.37e-01	1.44e-01	0.00e+00	0.00e+00	0.00e+00	0.00e+00	0.00e+00	6.84e-88
 2.00103e+13	1.16e-30	7.66e-23	7.67e-16	1.74e-09	2.09e-02	8.46e-01	1.34e-01	0.00e+00	0.00e+00	0.00e+00	0.00e+00	0.00e+00	5.68e-102
 2.06791e+13	1.64e-30	1.02e-22	9.64e-16	2.04e-09	2.27e-02	8.52e-01	1.25e-01	0.00e+00	0.00e+00	0.00e+00	0.00e+00	0.00e+00	3.50e-87
 2.14095e+13	2.37e-30	1.38e-22	1.22e-15	2.41e-09	2.48e-02	8.59e-01	1.17e-01	0.00e+00	0.00e+00	0.00e+00	0.00e+00	0.00e+00	3.70e-101
 2.22737e+13	3.58e-30	1.94e-22	1.60e-15	2.91e-09	2.73e-02	8.65e-01	1.07e-01	0.00e+00	0.00e+00	0.00e+00	0.00e+00	0.00e+00	1.93e-86
 2.30661e+13	5.15e-30	2.62e-22	2.03e-15	3.44e-09	2.98e-02	8.70e-01	9.99e-02	0.00e+00	0.00e+00	0.00e+00	0.00e+00	0.00e+00	2.90e-100
 2.37084e+13	6.85e-30	3.31e-22	2.45e-15	3.91e-09	3.18e-02	8.74e-01	9.44e-02	0.00e+00	0.00e+00	0.00e+00	0.00e+00	0.00e+00	7.99e-86
 2.44015e+13	9.20e-30	4.22e-22	2.96e-15	4.46e-09	3.40e-02	8.77e-01	8.89e-02	0.00e+00	0.00e+00	0.00e+00	0.00e+00	0.00e+00	1.36e-99
 2.53025e+13	1.33e-29	5.72e-22	3.76e-15	5.27e-09	3.70e-02	8.81e-01	8.24e-02	0.00e+00	0.00e+00	0.00e+00	0.00e+00	0.00e+00	3.52e-85
 2.62698e+13	1.96e-29	7.84e-22	4.82e-15	6.25e-09	4.04e-02	8.83e-01	7.61e-02	0.00e+00	0.00e+00	0.00e+00	0.00e+00	0.00e+00	1.03e-98
 2.71115e+13	2.69e-29	1.02e-21	5.92e-15	7.21e-09	4.34e-02	8.85e-01	7.12e-02	0.00e+00	0.00e+00	0.00e+00	0.00e+00	0.00e+00	1.68e-84
 2.79938e+13	3.71e-29	1.33e-21	7.27e-15	8.30e-09	4.66e-02	8.87e-01	6.66e-02	0.00e+00	0.00e+00	0.00e+00	0.00e+00	0.00e+00	5.81e-98
 2.89600e+13	5.23e-29	1.75e-21	9.06e-15	9.66e-09	5.03e-02	8.88e-01	6.19e-02	0.00e+00	0.00e+00	0.00e+00	0.00e+00	0.00e+00	7.52e-84
 2.98415e+13	7.06e-29	2.24e-21	1.10e-14	1.10e-08	5.37e-02	8.88e-01	5.81e-02	0.00e+00	0.00e+00	0.00e+00	0.00e+00	0.00e+00	3.32e-97
 3.07937e+13	9.65e-29	2.89e-21	1.34e-14	1.26e-08	5.75e-02	8.88e-01	5.43e-02	0.00e+00	0.00e+00	0.00e+00	0.00e+00	0.00e+00	3.03e-83
 3.19734e+13	1.40e-28	3.92e-21	1.69e-14	1.48e-08	6.23e-02	8.88e-01	5.01e-02	0.00e+00	0.00e+00	0.00e+00	0.00e+00	0.00e+00	2.17e-96
 3.31608e+13	2.01e-28	5.27e-21	2.13e-14	1.73e-08	6.73e-02	8.86e-01	4.63e-02	0.00e+00	0.00e+00	0.00e+00	0.00e+00	0.00e+00	1.63e-82
 3.42001e+13	2.73e-28	6.75e-21	2.58e-14	1.97e-08	7.18e-02	8.85e-01	4.33e-02	0.00e+00	0.00e+00	0.00e+00	0.00e+00	0.00e+00	1.35e-95
 3.53355e+13	3.77e-28	8.76e-21	3.15e-14	2.26e-08	7.67e-02	8.83e-01	4.03e-02	0.00e+00	0.00e+00	0.00e+00	0.00e+00	0.00e+00	6.92e-82
 3.67117e+13	5.49e-28	1.19e-20	3.99e-14	2.65e-08	8.29e-02	8.80e-01	3.71e-02	0.00e+00	0.00e+00	0.00e+00	0.00e+00	0.00e+00	9.28e-95
 3.81082e+13	7.91e-28	1.60e-20	5.01e-14	3.09e-08	8.94e-02	8.77e-01	3.41e-02	0.00e+00	0.00e+00	0.00e+00	0.00e+00	0.00e+00	3.86e-81
 3.93907e+13	1.09e-27	2.08e-20	6.12e-14	3.54e-08	9.54e-02	8.73e-01	3.17e-02	0.00e+00	0.00e+00	0.00e+00	0.00e+00	0.00e+00	6.29e-94
 4.08182e+13	1.55e-27	2.75e-20	7.58e-14	4.08e-08	1.02e-01	8.68e-01	2.93e-02	0.00e+00	0.00e+00	0.00e+00	0.00e+00	0.00e+00	1.85e-80
 4.23670e+13	2.22e-27	3.68e-20	9.49e-14	4.75e-08	1.10e-01	8.63e-01	2.70e-02	0.00e+00	0.00e+00	0.00e+00	0.00e+00	0.00e+00	4.55e-93
 4.37645e+13	3.04e-27	4.75e-20	1.15e-13	5.40e-08	1.17e-01	8.58e-01	2.51e-02	0.00e+00	0.00e+00	0.00e+00	0.00e+00	0.00e+00	9.10e-80
 4.52720e+13	4.23e-27	6.18e-20	1.41e-13	6.17e-08	1.24e-01	8.52e-01	2.32e-02	0.00e+00	0.00e+00	0.00e+00	0.00e+00	0.00e+00	2.76e-92
 4.70616e+13	6.15e-27	8.36e-20	1.77e-13	7.20e-08	1.34e-01	8.45e-01	2.12e-02	0.00e+00	0.00e+00	0.00e+00	0.00e+00	0.00e+00	4.77e-79
 4.88193e+13	8.75e-27	1.11e-19	2.20e-13	8.31e-08	1.43e-01	8.37e-01	1.95e-02	0.00e+00	0.00e+00	0.00e+00	0.00e+00	0.00e+00	2.14e-91
 5.03149e+13	1.17e-26	1.40e-19	2.62e-13	9.35e-08	1.51e-01	8.31e-01	1.82e-02	0.00e+00	0.00e+00	0.00e+00	0.00e+00	0.00e+00	2.20e-78
 5.16000e+13	1.49e-26	1.70e-19	3.04e-13	1.03e-07	1.58e-01	8.25e-01	1.71e-02	0.00e+00	0.00e+00	0.00e+00	0.00e+00	0.00e+00	9.61e-91
 5.30027e+13	1.93e-26	2.09e-19	3.55e-13	1.14e-07	1.66e-01	8.18e-01	1.61e-02	0.00e+00	0.00e+00	0.00e+00	0.00e+00	0.00e+00	7.23e-78
 5.48264e+13	2.67e-26	2.72e-19	4.32e-13	1.30e-07	1.76e-01	8.09e-01	1.48e-02	0.00e+00	0.00e+00	0.00e+00	0.00e+00	0.00e+00	4.98e-90
 5.67086e+13	3.68e-26	3.52e-19	5.26e-13	1.48e-07	1.87e-01	8.00e-01	1.37e-02	0.00e+00	0.00e+00	0.00e+00	0.00e+00	0.00e+00	3.36e-77
 5.82749e+13	4.77e-26	4.33e-19	6.15e-13	1.64e-07	1.95e-01	7.92e-01	1.28e-02	0.00e+00	0.00e+00	0.00e+00	0.00e+00	0.00e+00	2.60e-89
 5.99189e+13	6.21e-26	5.35e-19	7.20e-13	1.82e-07	2.05e-01	7.83e-01	1.20e-02	0.00e+00	0.00e+00	0.00e+00	0.00e+00	0.00e+00	1.19e-76
 6.20561e+13	8.66e-26	6.98e-19	8.80e-13	2.07e-07	2.17e-01	7.72e-01	1.10e-02	0.00e+00	0.00e+00	0.00e+00	0.00e+00	0.00e+00	2.63e-76
 6.42880e+13	1.21e-25	9.13e-19	1.08e-12	2.36e-07	2.30e-01	7.60e-01	1.00e-02	0.00e+00	0.00e+00	0.00e+00	0.00e+00	0.00e+00	5.86e-76
 6.61899e+13	1.59e-25	1.14e-18	1.27e-12	2.63e-07	2.41e-01	7.50e-01	9.32e-03	0.00e+00	0.00e+00	0.00e+00	0.00e+00	0.00e+00	1.14e-75
 6.82091e+13	2.11e-25	1.42e-18	1.50e-12	2.93e-07	2.52e-01	7.39e-01	8.64e-03	0.00e+00	0.00e+00	0.00e+00	0.00e+00	0.00e+00	2.25e-75
 7.07525e+13	2.98e-25	1.87e-18	1.85e-12	3.35e-07	2.67e-01	7.25e-01	7.85e-03	0.00e+00	0.00e+00	0.00e+00	0.00e+00	0.00e+00	5.14e-75
 7.33704e+13	4.18e-25	2.46e-18	2.26e-12	3.82e-07	2.82e-01	7.11e-01	7.14e-03	0.00e+00	0.00e+00	0.00e+00	0.00e+00	0.00e+00	1.17e-74
 7.56587e+13	5.56e-25	3.08e-18	2.68e-12	4.26e-07	2.95e-01	6.98e-01	6.58e-03	0.00e+00	0.00e+00	0.00e+00	0.00e+00	0.00e+00	2.35e-74
 7.81248e+13	7.49e-25	3.91e-18	3.20e-12	4.77e-07	3.10e-01	6.84e-01	6.04e-03	0.00e+00	0.00e+00	0.00e+00	0.00e+00	0.00e+00	4.85e-74
 8.11240e+13	1.06e-24	5.16e-18	3.93e-12	5.45e-07	3.27e-01	6.68e-01	5.45e-03	0.00e+00	0.00e+00	0.00e+00	0.00e+00	0.00e+00	1.13e-73
 8.41120e+13	1.48e-24	6.73e-18	4.79e-12	6.17e-07	3.44e-01	6.51e-01	4.94e-03	0.00e+00	0.00e+00	0.00e+00	0.00e+00	0.00e+00	2.56e-73
 8.67541e+13	1.97e-24	8.43e-18	5.66e-12	6.86e-07	3.58e-01	6.37e-01	4.53e-03	0.00e+00	0.00e+00	0.00e+00	0.00e+00	0.00e+00	5.14e-73
 8.96510e+13	2.66e-24	1.07e-17	6.75e-12	7.67e-07	3.74e-01	6.22e-01	4.13e-03	0.00e+00	0.00e+00	0.00e+00	0.00e+00	0.00e+00	1.08e-72
 9.31291e+13	3.76e-24	1.41e-17	8.28e-12	8.72e-07	3.93e-01	6.03e-01	3.70e-03	0.00e+00	0.00e+00	0.00e+00	0.00e+00	0.00e+00	2.52e-72
 9.65928e+13	5.24e-24	1.83e-17	1.00e-11	9.85e-07	4.11e-01	5.85e-01	3.33e-03	0.00e+00	0.00e+00	0.00e+00	0.00e+00	0.00e+00	5.74e-72
 9.97353e+13	7.01e-24	2.30e-17	1.19e-11	1.09e-06	4.27e-01	5.70e-01	3.04e-03	0.00e+00	0.00e+00	0.00e+00	0.00e+00	0.00e+00	1.18e-71
 1.03230e+14	9.55e-24	2.94e-17	1.42e-11	1.22e-06	4.45e-01	5.52e-01	2.74e-03	0.00e+00	0.00e+00	0.00e+00	0.00e+00	0.00e+00	2.54e-71
 1.07325e+14	1.35e-23	3.87e-17	1.74e-11	1.38e-06	4.65e-01	5.33e-01	2.44e-03	0.00e+00	0.00e+00	0.00e+00	0.00e+00	0.00e+00	6.05e-71
 1.11363e+14	1.88e-23	5.01e-17	2.10e-11	1.56e-06	4.84e-01	5.14e-01	2.18e-03	0.00e+00	0.00e+00	0.00e+00	1.60e-17	3.41e-17	1.38e-70
 1.15160e+14	2.54e-23	6.33e-17	2.49e-11	1.73e-06	5.01e-01	4.97e-01	1.97e-03	0.00e+00	0.00e+00	0.00e+00	2.10e-17	4.23e-17	2.92e-70
 1.19395e+14	3.49e-23	8.14e-17	2.99e-11	1.93e-06	5.20e-01	4.78e-01	1.76e-03	0.00e+00	0.00e+00	0.00e+00	2.70e-17	5.44e-17	6.55e-70
 1.23778e+14	4.80e-23	1.04e-16	3.58e-11	2.15e-06	5.38e-01	4.60e-01	1.57e-03	0.00e+00	0.00e+00	0.00e+00	3.46e-17	6.98e-17	1.46e-69
 1.27591e+14	6.27e-23	1.29e-16	4.16e-11	2.35e-06	5.54e-01	4.45e-01	1.43e-03	0.00e+00	0.00e+00	0.00e+00	4.27e-17	8.60e-17	2.88e-69
 1.30963e+14	7.88e-23	1.54e-16	4.73e-11	2.54e-06	5.67e-01	4.32e-01	1.32e-03	0.00e+00	0.00e+00	0.00e+00	5.10e-17	1.03e-16	5.15e-69
 1.34614e+14	1.00e-22	1.85e-16	5.41e-11	2.75e-06	5.81e-01	4.18e-01	1.21e-03	0.00e+00	0.00e+00	0.00e+00	6.15e-17	1.24e-16	9.50e-69
 1.39360e+14	1.35e-22	2.35e-16	6.41e-11	3.04e-06	5.98e-01	4.01e-01	1.08e-03	0.00e+00	0.00e+00	0.00e+00	7.78e-17	1.57e-16	2.05e-68
 1.44184e+14	1.82e-22	2.95e-16	7.56e-11	3.35e-06	6.14e-01	3.85e-01	9.64e-04	0.00e+00	0.00e+00	0.00e+00	9.79e-17	1.97e-16	4.39e-68
 1.48104e+14	2.30e-22	3.54e-16	8.59e-11	3.61e-06	6.27e-01	3.72e-01	8.83e-04	0.00e+00	0.00e+00	0.00e+00	1.17e-16	2.36e-16	8.00e-68
 1.52194e+14	2.91e-22	4.24e-16	9.78e-11	3.89e-06	6.40e-01	3.59e-01	8.07e-04	0.00e+00	0.00e+00	0.00e+00	1.41e-16	2.84e-16	1.47e-67
 1.57511e+14	3.91e-22	5.34e-16	1.15e-10	4.28e-06	6.56e-01	3.43e-01	7.19e-04	0.00e+00	0.00e+00	0.00e+00	1.77e-16	3.57e-16	3.16e-67
 1.63126e+14	5.28e-22	6.74e-16	1.36e-10	4.70e-06	6.72e-01	3.28e-01	6.40e-04	0.00e+00	0.00e+00	0.00e+00	2.23e-16	4.50e-16	6.91e-67
 1.68008e+14	6.80e-22	8.19e-16	1.56e-10	5.09e-06	6.85e-01	3.15e-01	5.79e-04	0.00e+00	0.00e+00	0.00e+00	2.71e-16	5.47e-16	1.33e-66
 1.73230e+14	8.84e-22	1.00e-15	1.79e-10	5.51e-06	6.98e-01	3.02e-01	5.22e-04	0.00e+00	0.00e+00	0.00e+00	3.32e-16	6.69e-16	2.68e-66
 1.79721e+14	1.21e-21	1.27e-15	2.12e-10	6.07e-06	7.13e-01	2.86e-01	4.60e-04	0.00e+00	0.00e+00	0.00e+00	4.22e-16	8.52e-16	6.03e-66
 1.86364e+14	1.65e-21	1.61e-15	2.50e-10	6.66e-06	7.28e-01	2.72e-01	4.06e-04	0.00e+00	0.00e+00	0.00e+00	5.35e-16	1.08e-15	1.36e-65
 1.92256e+14	2.14e-21	1.98e-15	2.88e-10	7.21e-06	7.40e-01	2.59e-01	3.64e-04	0.00e+00	0.00e+00	0.00e+00	6.55e-16	1.32e-15	2.72e-65
 1.98669e+14	2.83e-21	2.44e-15	3.34e-10	7.83e-06	7.53e-01	2.47e-01	3.25e-04	0.00e+00	0.00e+00	0.00e+00	8.09e-16	1.63e-15	5.66e-65
 2.06354e+14	3.90e-21	3.12e-15	3.95e-10	8.60e-06	7.67e-01	2.33e-01	2.84e-04	0.00e+00	0.00e+00	0.00e+00	1.03e-15	2.09e-15	1.32e-64
 2.13984e+14	5.29e-21	3.95e-15	4.65e-10	9.40e-06	7.79e-01	2.20e-01	2.50e-04	0.00e+00	0.00e+00	0.00e+00	1.31e-15	2.64e-15	2.98e-64
 2.20891e+14	6.91e-21	4.84e-15	5.35e-10	1.02e-05	7.90e-01	2.10e-01	2.23e-04	0.00e+00	0.00e+00	0.00e+00	1.60e-15	3.24e-15	6.06e-64
 2.28566e+14	9.21e-21	6.03e-15	6.22e-10	1.10e-05	8.01e-01	1.99e-01	1.97e-04	0.00e+00	0.00e+00	0.00e+00	1.99e-15	4.03e-15	1.30e-63
 2.37578e+14	1.27e-20	7.71e-15	7.37e-10	1.21e-05	8.13e-01	1.87e-01	1.72e-04	0.00e+00	0.00e+00	0.00e+00	2.55e-15	5.16e-15	3.09e-63
 2.46489e+14	1.73e-20	9.75e-15	8.66e-10	1.32e-05	8.24e-01	1.76e-01	1.50e-04	0.00e+00	0.00e+00	0.00e+00	3.23e-15	6.53e-15	7.04e-63
 2.54859e+14	2.29e-20	1.21e-14	1.00e-09	1.42e-05	8.33e-01	1.66e-01	1.33e-04	0.00e+00	0.00e+00	0.00e+00	3.99e-15	8.06e-15	1.48e-62
 2.64185e+14	3.09e-20	1.51e-14	1.17e-09	1.55e-05	8.43e-01	1.57e-01	1.17e-04	0.00e+00	0.00e+00	0.00e+00	5.00e-15	1.01e-14	3.30e-62
 2.74783e+14	4.27e-20	1.94e-14	1.38e-09	1.69e-05	8.53e-01	1.47e-01	1.01e-04	0.00e+00	0.00e+00	0.00e+00	6.40e-15	1.30e-14	7.92e-62
 2.84369e+14	5.67e-20	2.40e-14	1.60e-09	1.83e-05	8.62e-01	1.38e-01	8.87e-05	0.00e+00	0.00e+00	0.00e+00	7.94e-15	1.61e-14	1.70e-61
 2.91782e+14	7.01e-20	2.82e-14	1.79e-09	1.94e-05	8.68e-01	1.32e-01	8.06e-05	0.00e+00	0.00e+00	0.00e+00	9.32e-15	1.89e-14	3.00e-61
 2.99208e+14	8.63e-20	3.30e-14	1.99e-09	2.06e-05	8.73e-01	1.26e-01	7.33e-05	0.00e+00	0.00e+00	0.00e+00	1.09e-14	2.21e-14	5.25e-61
 3.08863e+14	1.12e-19	4.03e-14	2.28e-09	2.21e-05	8.80e-01	1.20e-01	6.50e-05	0.00e+00	0.00e+00	0.00e+00	1.33e-14	2.70e-14	1.06e-60
 3.19098e+14	1.46e-19	4.93e-14	2.62e-09	2.38e-05	8.87e-01	1.13e-01	5.75e-05	0.00e+00	0.00e+00	0.00e+00	1.63e-14	3.30e-14	2.18e-60
 3.28004e+14	1.83e-19	5.85e-14	2.94e-09	2.53e-05	8.93e-01	1.07e-01	5.18e-05	0.00e+00	0.00e+00	0.00e+00	1.93e-14	3.92e-14	4.00e-60
 3.37502e+14	2.31e-19	6.98e-14	3.32e-09	2.69e-05	8.98e-01	1.02e-01	4.64e-05	0.00e+00	0.00e+00	0.00e+00	2.30e-14	4.68e-14	7.50e-60
 3.49742e+14	3.09e-19	8.70e-14	3.86e-09	2.92e-05	9.04e-01	9.56e-02	4.05e-05	0.00e+00	0.00e+00	0.00e+00	2.87e-14	5.83e-14	1.64e-59
 3.62300e+14	4.12e-19	1.08e-13	4.48e-09	3.15e-05	9.10e-01	8.96e-02	3.53e-05	0.00e+00	0.00e+00	0.00e+00	3.57e-14	7.25e-14	3.56e-59
 3.72847e+14	5.20e-19	1.29e-13	5.05e-09	3.36e-05	9.15e-01	8.49e-02	3.16e-05	0.00e+00	0.00e+00	0.00e+00	4.26e-14	8.66e-14	6.68e-59
 3.84026e+14	6.60e-19	1.55e-13	5.72e-09	3.59e-05	9.20e-01	8.04e-02	2.81e-05	0.00e+00	0.00e+00	0.00e+00	5.10e-14	1.04e-13	1.27e-58
 3.98167e+14	8.83e-19	1.93e-13	6.66e-09	3.89e-05	9.25e-01	7.51e-02	2.44e-05	0.00e+00	0.00e+00	0.00e+00	6.37e-14	1.30e-13	2.80e-58
 4.12822e+14	1.18e-18	2.41e-13	7.75e-09	4.21e-05	9.30e-01	7.01e-02	2.11e-05	0.00e+00	0.00e+00	0.00e+00	7.94e-14	1.62e-13	6.16e-58
 4.25627e+14	1.51e-18	2.91e-13	8.80e-09	4.50e-05	9.34e-01	6.61e-02	1.87e-05	0.00e+00	0.00e+00	0.00e+00	9.56e-14	1.95e-13	1.20e-57
 4.39364e+14	1.95e-18	3.53e-13	1.01e-08	4.82e-05	9.38e-01	6.22e-02	1.65e-05	0.00e+00	0.00e+00	0.00e+00	1.16e-13	2.37e-13	2.38e-57
 4.56085e+14	2.62e-18	4.43e-13	1.18e-08	5.24e-05	9.42e-01	5.78e-02	1.42e-05	0.00e+00	0.00e+00	0.00e+00	1.46e-13	2.97e-13	5.35e-57
 4.72754e+14	3.49e-18	5.51e-13	1.37e-08	5.66e-05	9.46e-01	5.39e-02	1.23e-05	0.00e+00	0.00e+00	0.00e+00	1.81e-13	3.70e-13	1.16e-56
 4.87437e+14	4.46e-18	6.63e-13	1.55e-08	6.05e-05	9.49e-01	5.08e-02	1.09e-05	0.00e+00	0.00e+00	0.00e+00	2.18e-13	4.46e-13	2.25e-56
 5.03471e+14	5.76e-18	8.07e-13	1.78e-08	6.50e-05	9.52e-01	4.76e-02	9.53e-06	0.00e+00	0.00e+00	0.00e+00	2.65e-13	5.42e-13	4.50e-56
 5.22799e+14	7.76e-18	1.01e-12	2.08e-08	7.06e-05	9.56e-01	4.41e-02	8.17e-06	0.00e+00	0.00e+00	0.00e+00	3.33e-13	6.81e-13	1.01e-55
 5.42029e+14	1.03e-17	1.26e-12	2.42e-08	7.64e-05	9.59e-01	4.11e-02	7.05e-06	0.00e+00	0.00e+00	0.00e+00	4.13e-13	8.47e-13	2.20e-55
 5.59259e+14	1.32e-17	1.52e-12	2.75e-08	8.18e-05	9.61e-01	3.86e-02	6.20e-06	0.00e+00	0.00e+00	0.00e+00	4.99e-13	1.02e-12	4.31e-55
 5.78270e+14	1.72e-17	1.86e-12	3.17e-08	8.80e-05	9.64e-01	3.60e-02	5.40e-06	0.00e+00	0.00e+00	0.00e+00	6.10e-13	1.25e-12	8.78e-55
 6.00811e+14	2.32e-17	2.34e-12	3.71e-08	9.57e-05	9.67e-01	3.33e-02	4.61e-06	0.00e+00	0.00e+00	0.00e+00	7.67e-13	1.58e-12	1.99e-54
 6.23066e+14	3.08e-17	2.91e-12	4.32e-08	1.04e-04	9.69e-01	3.10e-02	3.96e-06	0.00e+00	0.00e+00	0.00e+00	9.53e-13	1.96e-12	4.33e-54
 6.43469e+14	3.97e-17	3.53e-12	4.93e-08	1.11e-04	9.71e-01	2.90e-02	3.47e-06	0.00e+00	0.00e+00	0.00e+00	1.16e-12	2.38e-12	8.63e-54
 6.62887e+14	5.00e-17	4.22e-12	5.58e-08	1.18e-04	9.73e-01	2.73e-02	3.06e-06	4.07e-18	1.22e-17	2.05e-17	1.38e-12	2.84e-12	1.62e-53
 6.84679e+14	6.43e-17	5.12e-12	6.38e-08	1.27e-04	9.74e-01	2.55e-02	2.67e-06	5.24e-18	1.57e-17	2.63e-17	1.67e-12	3.45e-12	3.23e-53
 7.06824e+14	8.24e-17	6.19e-12	7.28e-08	1.36e-04	9.76e-01	2.39e-02	2.34e-06	6.71e-18	2.02e-17	3.37e-17	2.02e-12	4.17e-12	6.38e-53
 7.24669e+14	1.00e-16	7.18e-12	8.08e-08	1.44e-04	9.77e-01	2.27e-02	2.11e-06	8.14e-18	2.45e-17	4.09e-17	2.34e-12	4.84e-12	1.09e-52
 7.43110e+14	1.22e-16	8.34e-12	8.96e-08	1.52e-04	9.78e-01	2.15e-02	1.90e-06	9.90e-18	2.97e-17	4.97e-17	2.72e-12	5.62e-12	1.86e-52
 7.67083e+14	1.55e-16	1.01e-11	1.02e-07	1.63e-04	9.80e-01	2.01e-02	1.66e-06	1.27e-17	3.80e-17	6.36e-17	3.29e-12	6.79e-12	3.66e-52
 7.92208e+14	1.99e-16	1.22e-11	1.17e-07	1.75e-04	9.81e-01	1.88e-02	1.45e-06	1.62e-17	4.88e-17	8.16e-17	3.98e-12	8.23e-12	7.26e-52
 8.13641e+14	2.45e-16	1.43e-11	1.30e-07	1.85e-04	9.82e-01	1.78e-02	1.30e-06	2.00e-17	6.00e-17	1.00e-16	4.66e-12	9.64e-12	1.29e-51
 8.36314e+14	3.03e-16	1.68e-11	1.46e-07	1.96e-04	9.83e-01	1.68e-02	1.15e-06	2.47e-17	7.42e-17	1.24e-16	5.48e-12	1.13e-11	2.31e-51
 8.65788e+14	3.95e-16	2.07e-11	1.69e-07	2.12e-04	9.84e-01	1.56e-02	9.97e-07	3.23e-17	9.69e-17	1.62e-16	6.73e-12	1.39e-11	4.85e-51
 8.96291e+14	5.15e-16	2.54e-11	1.95e-07	2.28e-04	9.85e-01	1.45e-02	0.00e+00	4.21e-17	1.26e-16	2.11e-16	8.26e-12	1.71e-11	1.02e-50
 9.21870e+14	6.40e-16	3.00e-11	2.18e-07	2.42e-04	9.86e-01	1.37e-02	0.00e+00	5.23e-17	1.57e-16	2.62e-16	9.76e-12	2.02e-11	1.86e-50
 9.48859e+14	7.99e-16	3.56e-11	2.46e-07	2.58e-04	9.87e-01	1.29e-02	0.00e+00	6.53e-17	1.96e-16	3.28e-16	1.16e-11	2.40e-11	3.46e-50
 9.83411e+14	1.05e-15	4.40e-11	2.85e-07	2.79e-04	9.88e-01	1.20e-02	0.00e+00	8.58e-17	2.58e-16	4.31e-16	1.43e-11	2.97e-11	7.42e-50
 1.01963e+15	1.38e-15	5.44e-11	3.31e-07	3.01e-04	9.89e-01	1.11e-02	0.00e+00	1.13e-16	3.40e-16	5.69e-16	1.77e-11	3.68e-11	1.61e-49
 1.05153e+15	1.75e-15	6.53e-11	3.75e-07	3.22e-04	9.89e-01	1.04e-02	0.00e+00	1.43e-16	4.31e-16	7.20e-16	2.12e-11	4.41e-11	3.14e-49
 1.08595e+15	2.24e-15	7.90e-11	4.29e-07	3.45e-04	9.90e-01	9.70e-03	0.00e+00	1.83e-16	5.50e-16	9.20e-16	2.56e-11	5.33e-11	6.24e-49
 1.12753e+15	2.98e-15	9.85e-11	5.01e-07	3.75e-04	9.91e-01	8.95e-03	0.00e+00	2.44e-16	7.32e-16	1.22e-15	3.20e-11	6.65e-11	1.39e-48
 1.16902e+15	3.92e-15	1.22e-10	5.81e-07	4.05e-04	9.91e-01	8.29e-03	0.00e+00	3.21e-16	9.64e-16	1.61e-15	3.95e-11	8.23e-11	3.04e-48
 1.20618e+15	4.95e-15	1.46e-10	6.60e-07	4.33e-04	9.92e-01	7.76e-03	0.00e+00	4.06e-16	1.22e-15	2.04e-15	4.75e-11	9.89e-11	5.91e-48
 1.24710e+15	6.37e-15	1.78e-10	7.57e-07	4.66e-04	9.92e-01	7.22e-03	0.00e+00	5.22e-16	1.57e-15	2.62e-15	5.77e-11	1.20e-10	1.21e-47
 1.29566e+15	8.49e-15	2.23e-10	8.87e-07	5.06e-04	9.93e-01	6.65e-03	0.00e+00	6.96e-16	2.09e-15	3.50e-15	7.22e-11	1.51e-10	2.74e-47
 1.34369e+15	1.11e-14	2.75e-10	1.03e-06	5.48e-04	9.93e-01	6.15e-03	0.00e+00	9.13e-16	2.74e-15	4.58e-15	8.92e-11	1.86e-10	5.91e-47
 1.38832e+15	1.42e-14	3.33e-10	1.18e-06	5.88e-04	9.94e-01	5.73e-03	0.00e+00	1.17e-15	3.50e-15	5.86e-15	1.08e-10	2.25e-10	1.19e-46
 1.42712e+15	1.74e-14	3.91e-10	1.32e-06	6.25e-04	9.94e-01	5.40e-03	0.00e+00	1.43e-15	4.30e-15	7.18e-15	1.27e-10	2.64e-10	2.14e-46
 1.45948e+15	2.05e-14	4.46e-10	1.45e-06	6.57e-04	9.94e-01	5.14e-03	0.00e+00	1.69e-15	5.07e-15	8.47e-15	1.44e-10	3.01e-10	3.43e-46
 1.49528e+15	2.45e-14	5.13e-10	1.60e-06	6.93e-04	9.94e-01	4.88e-03	0.00e+00	2.02e-15	6.06e-15	1.01e-14	1.66e-10	3.47e-10	5.72e-46
 1.54181e+15	3.07e-14	6.13e-10	1.81e-06	7.41e-04	9.95e-01	4.56e-03	0.00e+00	2.53e-15	7.59e-15	1.27e-14	1.99e-10	4.14e-10	1.10e-45
 1.59039e+15	3.85e-14	7.33e-10	2.06e-06	7.94e-04	9.95e-01	4.26e-03	0.00e+00	3.17e-15	9.52e-15	1.59e-14	2.38e-10	4.96e-10	2.10e-45
 1.63151e+15	4.63e-14	8.49e-10	2.29e-06	8.40e-04	9.95e-01	4.02e-03	0.00e+00	3.81e-15	1.14e-14	1.91e-14	2.75e-10	5.74e-10	3.58e-45
 1.67488e+15	5.59e-14	9.87e-10	2.55e-06	8.91e-04	9.95e-01	3.80e-03	0.00e+00	4.61e-15	1.38e-14	2.31e-14	3.20e-10	6.67e-10	6.19e-45
 1.73126e+15	7.09e-14	1.19e-09	2.93e-06	9.60e-04	9.96e-01	3.53e-03	0.00e+00	5.85e-15	1.76e-14	2.94e-14	3.87e-10	8.07e-10	1.24e-44
 1.78936e+15	8.45e-14	1.44e-09	3.36e-06	1.03e-03	9.96e-01	3.27e-03	0.00e+00	6.97e-15	2.09e-14	3.50e-14	4.67e-10	9.74e-10	2.40e-44
 1.83766e+15	1.01e-13	1.68e-09	3.74e-06	1.10e-03	9.96e-01	3.08e-03	0.00e+00	8.37e-15	2.51e-14	4.20e-14	5.43e-10	1.13e-09	4.14e-44
 1.88839e+15	1.22e-13	1.96e-09	4.19e-06	1.17e-03	9.96e-01	2.90e-03	0.00e+00	1.01e-14	3.03e-14	5.06e-14	6.34e-10	1.32e-09	7.24e-44
 1.95435e+15	1.54e-13	2.37e-09	4.83e-06	1.26e-03	9.96e-01	2.68e-03	0.00e+00	1.27e-14	3.82e-14	6.38e-14	7.70e-10	1.60e-09	1.46e-43
 2.02360e+15	1.93e-13	2.89e-09	5.58e-06	1.37e-03	9.96e-01	2.48e-03	0.00e+00	1.60e-14	4.81e-14	8.04e-14	9.37e-10	1.95e-09	2.97e-43
 2.08309e+15	2.33e-13	3.40e-09	6.29e-06	1.46e-03	9.96e-01	2.32e-03	0.00e+00	1.93e-14	5.81e-14	9.71e-14	1.10e-09	2.29e-09	5.33e-43
 2.14639e+15	2.83e-13	4.01e-09	7.12e-06	1.57e-03	9.96e-01	2.16e-03	0.00e+00	2.35e-14	7.05e-14	1.18e-13	1.30e-09	2.71e-09	9.73e-43
 2.22583e+15	3.58e-13	4.91e-09	8.28e-06	1.70e-03	9.96e-01	1.99e-03	0.00e+00	2.97e-14	8.92e-14	1.49e-13	1.59e-09	3.32e-09	2.03e-42
 2.30838e+15	4.49e-13	6.00e-09	9.62e-06	1.85e-03	9.96e-01	1.82e-03	0.00e+00	3.73e-14	1.12e-13	1.87e-13	1.95e-09	4.05e-09	4.21e-42
 2.38174e+15	5.43e-13	7.13e-09	1.09e-05	1.99e-03	9.96e-01	1.70e-03	0.00e+00	4.52e-14	1.36e-13	2.27e-13	2.31e-09	4.81e-09	8.04e-42
 2.46101e+15	6.68e-13	8.54e-09	1.25e-05	2.15e-03	9.96e-01	1.57e-03	0.00e+00	5.56e-14	1.67e-13	2.79e-13	2.78e-09	5.77e-09	1.55e-41
 2.55595e+15	8.34e-13	1.05e-08	1.46e-05	2.35e-03	9.96e-01	1.43e-03	0.00e+00	6.96e-14	2.09e-13	3.49e-13	3.41e-09	7.07e-09	3.26e-41
 2.64987e+15	1.03e-12	1.27e-08	1.70e-05	2.56e-03	9.96e-01	1.32e-03	0.00e+00	8.57e-14	2.57e-13	4.30e-13	4.14e-09	8.59e-09	6.63e-41
 2.73438e+15	1.23e-12	1.51e-08	1.93e-05	2.76e-03	9.96e-01	1.22e-03	0.00e+00	1.03e-13	3.10e-13	5.17e-13	4.92e-09	1.02e-08	1.25e-40
 2.82805e+15	1.49e-12	1.81e-08	2.22e-05	2.99e-03	9.96e-01	1.13e-03	0.00e+00	1.25e-13	3.74e-13	6.26e-13	5.88e-09	1.22e-08	2.40e-40
 2.91980e+15	1.77e-12	2.14e-08	2.53e-05	3.23e-03	9.96e-01	1.04e-03	0.00e+00	1.48e-13	4.45e-13	7.44e-13	6.98e-09	1.44e-08	4.52e-40
 2.98834e+15	2.00e-12	2.42e-08	2.78e-05	3.41e-03	9.96e-01	9.87e-04	0.00e+00	1.68e-13	5.05e-13	8.44e-13	7.89e-09	1.63e-08	7.11e-40
 3.05674e+15	2.27e-12	2.73e-08	3.05e-05	3.59e-03	9.95e-01	9.34e-04	0.00e+00	1.91e-13	5.72e-13	9.56e-13	8.92e-09	1.84e-08	1.12e-39
 3.14566e+15	2.65e-12	3.18e-08	3.43e-05	3.85e-03	9.95e-01	8.71e-04	0.00e+00	2.23e-13	6.70e-13	1.12e-12	1.04e-08	2.14e-08	1.98e-39
 3.24077e+15	3.09e-12	3.73e-08	3.87e-05	4.13e-03	9.95e-01	8.10e-04	0.00e+00	2.61e-13	7.83e-13	1.31e-12	1.22e-08	2.51e-08	3.57e-39
 3.32422e+15	3.53e-12	4.25e-08	4.29e-05	4.39e-03	9.95e-01	7.62e-04	0.00e+00	2.98e-13	8.94e-13	1.49e-12	1.39e-08	2.87e-08	5.87e-39
 3.41302e+15	4.06e-12	4.89e-08	4.78e-05	4.68e-03	9.95e-01	7.14e-04	0.00e+00	3.43e-13	1.03e-12	1.72e-12	1.60e-08	3.29e-08	9.93e-39
 3.52845e+15	4.84e-12	5.84e-08	5.48e-05	5.06e-03	9.94e-01	6.58e-04	0.00e+00	4.09e-13	1.23e-12	2.05e-12	1.91e-08	3.93e-08	1.93e-38
 3.64536e+15	5.67e-12	6.92e-08	6.25e-05	5.47e-03	9.94e-01	6.08e-04	0.00e+00	4.80e-13	1.44e-12	2.41e-12	2.26e-08	4.66e-08	3.66e-38
 3.73965e+15	6.44e-12	7.90e-08	6.93e-05	5.82e-03	9.94e-01	5.71e-04	0.00e+00	5.46e-13	1.64e-12	2.74e-12	2.59e-08	5.32e-08	6.02e-38
 3.83770e+15	7.36e-12	9.06e-08	7.70e-05	6.18e-03	9.93e-01	5.36e-04	0.00e+00	6.25e-13	1.88e-12	3.13e-12	2.97e-08	6.09e-08	1.01e-37
 3.96515e+15	8.68e-12	1.08e-07	8.79e-05	6.69e-03	9.93e-01	4.94e-04	0.00e+00	7.38e-13	2.22e-12	3.70e-12	3.53e-08	7.25e-08	1.97e-37
 4.09988e+15	1.02e-11	1.28e-07	1.01e-04	7.24e-03	9.92e-01	4.55e-04	0.00e+00	8.69e-13	2.61e-12	4.36e-12	4.20e-08	8.62e-08	3.92e-37
 4.21741e+15	1.17e-11	1.49e-07	1.13e-04	7.75e-03	9.92e-01	4.24e-04	0.00e+00	9.95e-13	2.99e-12	4.99e-12	4.87e-08	9.99e-08	6.96e-37
 4.34354e+15	1.36e-11	1.74e-07	1.27e-04	8.31e-03	9.91e-01	3.94e-04	0.00e+00	1.16e-12	3.47e-12	5.80e-12	5.69e-08	1.17e-07	1.29e-36
 4.50315e+15	1.63e-11	2.10e-07	1.47e-04	9.06e-03	9.90e-01	3.60e-04	0.00e+00	1.39e-12	4.18e-12	6.98e-12	6.89e-08	1.41e-07	2.72e-36
 4.66750e+15	1.93e-11	2.53e-07	1.70e-04	9.87e-03	9.90e-01	3.30e-04	0.00e+00	1.65e-12	4.95e-12	8.27e-12	8.31e-08	1.70e-07	5.63e-36
 4.81070e+15	2.22e-11	2.96e-07	1.92e-04	1.06e-02	9.89e-01	3.06e-04	0.00e+00	1.90e-12	5.71e-12	9.53e-12	9.73e-08	1.99e-07	1.04e-35
 4.96516e+15	2.60e-11	3.50e-07	2.18e-04	1.14e-02	9.88e-01	2.83e-04	0.00e+00	2.24e-12	6.71e-12	1.12e-11	1.15e-07	2.35e-07	2.00e-35
 5.15352e+15	3.13e-11	4.26e-07	2.54e-04	1.25e-02	9.87e-01	2.57e-04	0.00e+00	2.70e-12	8.09e-12	1.35e-11	1.40e-07	2.86e-07	4.28e-35
 5.34324e+15	3.71e-11	5.15e-07	2.94e-04	1.36e-02	9.86e-01	2.35e-04	0.00e+00	3.20e-12	9.60e-12	1.60e-11	1.69e-07	3.45e-07	8.83e-35
 5.48917e+15	4.24e-11	5.91e-07	3.27e-04	1.45e-02	9.85e-01	2.20e-04	0.00e+00	3.66e-12	1.10e-11	1.83e-11	1.94e-07	3.97e-07	1.49e-34
 5.59897e+15	4.58e-11	6.57e-07	3.54e-04	1.52e-02	9.84e-01	2.09e-04	0.00e+00	3.96e-12	1.19e-11	1.98e-11	2.16e-07	4.41e-07	2.24e-34
 5.71978e+15	5.12e-11	7.37e-07	3.87e-04	1.60e-02	9.83e-01	1.98e-04	0.00e+00	4.43e-12	1.33e-11	2.22e-11	2.43e-07	4.94e-07	3.47e-34
 5.87684e+15	5.95e-11	8.53e-07	4.32e-04	1.71e-02	9.82e-01	1.85e-04	0.00e+00	5.15e-12	1.55e-11	2.58e-11	2.81e-07	5.72e-07	6.09e-34
 6.04800e+15	6.83e-11	9.96e-07	4.85e-04	1.83e-02	9.81e-01	1.72e-04	0.00e+00	5.92e-12	1.78e-11	2.97e-11	3.28e-07	6.68e-07	1.09e-33
 6.20140e+15	7.82e-11	1.14e-06	5.37e-04	1.94e-02	9.80e-01	1.62e-04	0.00e+00	6.78e-12	2.04e-11	3.40e-11	3.75e-07	7.63e-07	1.78e-33
 6.36472e+15	9.01e-11	1.31e-06	5.97e-04	2.07e-02	9.79e-01	1.51e-04	0.00e+00	7.82e-12	2.35e-11	3.92e-11	4.33e-07	8.79e-07	3.05e-33
 6.57704e+15	1.08e-10	1.57e-06	6.84e-04	2.24e-02	9.77e-01	1.39e-04	0.00e+00	9.39e-12	2.82e-11	4.70e-11	5.18e-07	1.05e-06	5.99e-33
 6.78945e+15	1.27e-10	1.86e-06	7.78e-04	2.41e-02	9.75e-01	1.28e-04	0.00e+00	1.11e-11	3.32e-11	5.55e-11	6.15e-07	1.25e-06	1.11e-32
 6.95684e+15	1.45e-10	2.12e-06	8.58e-04	2.56e-02	9.73e-01	1.21e-04	0.00e+00	1.26e-11	3.78e-11	6.31e-11	7.01e-07	1.42e-06	1.75e-32
 7.12933e+15	1.66e-10	2.43e-06	9.50e-04	2.71e-02	9.72e-01	1.13e-04	0.00e+00	1.45e-11	4.35e-11	7.26e-11	8.03e-07	1.63e-06	2.87e-32
 7.35358e+15	1.99e-10	2.89e-06	1.08e-03	2.92e-02	9.70e-01	1.04e-04	0.00e+00	1.74e-11	5.22e-11	8.71e-11	9.55e-07	1.94e-06	5.35e-32
 7.59070e+15	2.36e-10	3.44e-06	1.23e-03	3.16e-02	9.67e-01	9.63e-05	0.00e+00	2.07e-11	6.20e-11	1.03e-10	1.14e-06	2.30e-06	9.82e-32
 7.79618e+15	2.75e-10	3.98e-06	1.37e-03	3.36e-02	9.65e-01	9.00e-05	0.00e+00	2.41e-11	7.22e-11	1.21e-10	1.32e-06	2.67e-06	1.63e-31
 8.01491e+15	3.24e-10	4.65e-06	1.54e-03	3.60e-02	9.62e-01	8.37e-05	0.00e+00	2.84e-11	8.52e-11	1.42e-10	1.54e-06	3.12e-06	2.82e-31
 8.29925e+15	4.02e-10	5.68e-06	1.79e-03	3.92e-02	9.59e-01	7.64e-05	0.00e+00	3.54e-11	1.06e-10	1.77e-10	1.88e-06	3.80e-06	5.61e-31
 8.58361e+15	4.85e-10	6.81e-06	2.06e-03	4.25e-02	9.55e-01	7.01e-05	0.00e+00	4.27e-11	1.28e-10	2.14e-10	2.25e-06	4.56e-06	1.03e-30
 8.81309e+15	5.68e-10	7.90e-06	2.30e-03	4.53e-02	9.52e-01	6.55e-05	0.00e+00	5.01e-11	1.50e-10	2.51e-10	2.61e-06	5.28e-06	1.68e-30
 9.05649e+15	6.77e-10	9.25e-06	2.59e-03	4.85e-02	9.49e-01	6.10e-05	0.00e+00	5.97e-11	1.79e-10	2.99e-10	3.06e-06	6.19e-06	2.85e-30
 9.37291e+15	8.38e-10	1.13e-05	3.01e-03	5.28e-02	9.44e-01	5.57e-05	0.00e+00	7.40e-11	2.22e-10	3.70e-10	3.74e-06	7.55e-06	5.51e-30
 9.65794e+15	9.99e-10	1.33e-05	3.41e-03	5.68e-02	9.40e-01	5.16e-05	0.00e+00	8.83e-11	2.65e-10	4.42e-10	4.40e-06	8.88e-06	9.08e-30
 9.85190e+15	1.12e-09	1.48e-05	3.71e-03	5.97e-02	9.37e-01	4.90e-05	0.00e+00	9.92e-11	2.98e-10	4.97e-10	4.91e-06	9.92e-06	1.29e-29
 1.00538e+16	1.29e-09	1.67e-05	4.07e-03	6.29e-02	9.33e-01	4.64e-05	0.00e+00	1.14e-10	3.43e-10	5.72e-10	5.55e-06	1.12e-05	1.89e-29
 1.03162e+16	1.54e-09	1.96e-05	4.57e-03	6.72e-02	9.28e-01	4.33e-05	0.00e+00	1.36e-10	4.09e-10	6.82e-10	6.48e-06	1.31e-05	3.10e-29
 1.05855e+16	1.79e-09	2.26e-05	5.12e-03	7.16e-02	9.23e-01	4.05e-05	0.00e+00	1.59e-10	4.77e-10	7.95e-10	7.49e-06	1.51e-05	4.81e-29
 1.08244e+16	2.09e-09	2.58e-05	5.67e-03	7.59e-02	9.18e-01	3.82e-05	0.00e+00	1.86e-10	5.57e-10	9.30e-10	8.56e-06	1.73e-05	7.18e-29
 1.10959e+16	2.47e-09	3.01e-05	6.36e-03	8.09e-02	9.13e-01	3.57e-05	0.00e+00	2.19e-10	6.58e-10	1.10e-09	9.97e-06	2.01e-05	1.15e-28
 1.13841e+16	2.94e-09	3.50e-05	7.16e-03	8.65e-02	9.06e-01	3.33e-05	0.00e+00	2.61e-10	7.84e-10	1.31e-09	1.16e-05	2.34e-05	1.79e-28
 1.16488e+16	3.45e-09	4.02e-05	7.98e-03	9.19e-02	9.00e-01	3.13e-05	0.00e+00	3.07e-10	9.22e-10	1.54e-09	1.33e-05	2.69e-05	2.70e-28
 1.19478e+16	4.11e-09	4.73e-05	9.04e-03	9.84e-02	8.92e-01	2.92e-05	0.00e+00	3.67e-10	1.10e-09	1.84e-09	1.57e-05	3.16e-05	4.36e-28
 1.22647e+16	4.99e-09	5.56e-05	1.03e-02	1.06e-01	8.84e-01	2.72e-05	0.00e+00	4.45e-10	1.34e-09	2.23e-09	1.84e-05	3.71e-05	6.94e-28
 1.25432e+16	5.87e-09	6.40e-05	1.15e-02	1.12e-01	8.76e-01	2.56e-05	0.00e+00	5.25e-10	1.57e-09	2.63e-09	2.12e-05	4.27e-05	1.03e-27
 1.28437e+16	6.99e-09	7.50e-05	1.30e-02	1.20e-01	8.67e-01	2.39e-05	0.00e+00	6.26e-10	1.88e-09	3.13e-09	2.49e-05	5.01e-05	1.62e-27
 1.31684e+16	8.53e-09	8.84e-05	1.48e-02	1.29e-01	8.56e-01	2.23e-05	0.00e+00	7.64e-10	2.29e-09	3.82e-09	2.94e-05	5.91e-05	2.57e-27
 1.34577e+16	1.01e-08	1.02e-04	1.66e-02	1.37e-01	8.46e-01	2.10e-05	0.00e+00	9.07e-10	2.72e-09	4.54e-09	3.39e-05	6.82e-05	3.79e-27
