#depth	He	He+	He+2
 1.49634e+10	1.07e-22	5.95e-12	1.00e+00
 4.54887e+10	1.21e-22	6.43e-12	1.00e+00
 7.72350e+10	1.36e-22	6.96e-12	1.00e+00
 1.10251e+11	1.53e-22	7.53e-12	1.00e+00
 1.41289e+11	1.70e-22	8.09e-12	1.00e+00
 1.69214e+11	1.87e-22	8.61e-12	1.00e+00
 2.00769e+11	2.07e-22	9.21e-12	1.00e+00
 2.37940e+11	2.34e-22	9.96e-12	1.00e+00
 2.75569e+11	2.64e-22	1.07e-11	1.00e+00
 3.12121e+11	2.95e-22	1.15e-11	1.00e+00
 3.51950e+11	3.32e-22	1.24e-11	1.00e+00
 3.95955e+11	3.78e-22	1.34e-11	1.00e+00
 4.41720e+11	4.30e-22	1.46e-11	1.00e+00
 4.89316e+11	4.90e-22	1.58e-11	1.00e+00
 5.33225e+11	5.53e-22	1.69e-11	1.00e+00
 5.71109e+11	6.09e-22	1.80e-11	1.00e+00
 6.13059e+11	6.77e-22	1.91e-11	1.00e+00
 6.64470e+11	7.70e-22	2.06e-11	1.00e+00
 7.16656e+11	8.76e-22	2.22e-11	1.00e+00
 7.62657e+11	9.77e-22	2.37e-11	1.00e+00
 8.12140e+11	1.09e-21	2.53e-11	1.00e+00
 8.71874e+11	1.25e-21	2.74e-11	1.00e+00
 9.31437e+11	1.43e-21	2.95e-11	1.00e+00
 9.85003e+11	1.60e-21	3.15e-11	1.00e+00
 1.04427e+12	1.80e-21	3.38e-11	1.00e+00
 1.11429e+12	2.08e-21	3.66e-11	1.00e+00
 1.18340e+12	2.38e-21	3.96e-11	1.00e+00
 1.24715e+12	2.69e-21	4.24e-11	1.00e+00
 1.31879e+12	3.06e-21	4.57e-11	1.00e+00
 1.39855e+12	3.55e-21	4.96e-11	1.00e+00
 1.47360e+12	4.05e-21	5.34e-11	1.00e+00
 1.55453e+12	4.62e-21	5.77e-11	1.00e+00
 1.64464e+12	5.38e-21	6.28e-11	1.00e+00
 1.73165e+12	6.18e-21	6.80e-11	1.00e+00
 1.82414e+12	7.11e-21	7.38e-11	1.00e+00
 1.92704e+12	8.30e-21	8.05e-11	1.00e+00
 2.02966e+12	9.64e-21	8.77e-11	1.00e+00
 2.13638e+12	1.12e-20	9.55e-11	1.00e+00
 2.23786e+12	1.29e-20	1.03e-10	1.00e+00
 2.32295e+12	1.43e-20	1.10e-10	1.00e+00
 2.41533e+12	1.61e-20	1.18e-10	1.00e+00
 2.53185e+12	1.86e-20	1.29e-10	1.00e+00
 2.65436e+12	2.16e-20	1.40e-10	1.00e+00
 2.75781e+12	2.45e-20	1.50e-10	1.00e+00
 2.84727e+12	2.72e-20	1.59e-10	1.00e+00
 2.94893e+12	3.04e-20	1.70e-10	1.00e+00
 3.08109e+12	3.52e-20	1.85e-10	1.00e+00
 3.21782e+12	4.09e-20	2.01e-10	1.00e+00
 3.33183e+12	4.59e-20	2.15e-10	1.00e+00
 3.45135e+12	5.15e-20	2.30e-10	1.00e+00
 3.60425e+12	5.97e-20	2.51e-10	1.00e+00
 3.76147e+12	6.93e-20	2.73e-10	1.00e+00
 3.89516e+12	7.80e-20	2.93e-10	1.00e+00
 4.03735e+12	8.78e-20	3.15e-10	1.00e+00
 4.21503e+12	1.02e-19	3.43e-10	1.00e+00
 4.39701e+12	1.18e-19	3.74e-10	1.00e+00
 4.55773e+12	1.33e-19	4.03e-10	1.00e+00
 4.73266e+12	1.51e-19	4.35e-10	1.00e+00
 4.92759e+12	1.74e-19	4.73e-10	1.00e+00
 5.11833e+12	1.99e-19	5.12e-10	1.00e+00
 5.30454e+12	2.25e-19	5.52e-10	1.00e+00
 5.51505e+12	2.56e-19	5.99e-10	1.00e+00
 5.74758e+12	2.96e-19	6.53e-10	1.00e+00
 5.95375e+12	3.34e-19	7.04e-10	1.00e+00
 6.13708e+12	3.70e-19	7.50e-10	1.00e+00
 6.34574e+12	4.14e-19	8.06e-10	1.00e+00
 6.57008e+12	4.68e-19	8.68e-10	1.00e+00
 6.77093e+12	5.19e-19	9.25e-10	1.00e+00
 6.98817e+12	5.76e-19	9.91e-10	1.00e+00
 7.26813e+12	6.58e-19	1.08e-09	1.00e+00
 7.55386e+12	7.53e-19	1.17e-09	1.00e+00
 7.79203e+12	8.36e-19	1.26e-09	1.00e+00
 8.04418e+12	9.29e-19	1.35e-09	1.00e+00
 8.36540e+12	1.06e-18	1.47e-09	1.00e+00
 8.70360e+12	1.21e-18	1.60e-09	1.00e+00
 9.00686e+12	1.36e-18	1.72e-09	1.00e+00
 9.33749e+12	1.53e-18	1.87e-09	1.00e+00
 9.72981e+12	1.76e-18	2.05e-09	1.00e+00
 1.01256e+13	2.01e-18	2.24e-09	1.00e+00
 1.05027e+13	2.27e-18	2.43e-09	1.00e+00
 1.09181e+13	2.58e-18	2.65e-09	1.00e+00
 1.13542e+13	2.94e-18	2.89e-09	1.00e+00
 1.17486e+13	3.29e-18	3.13e-09	1.00e+00
 1.21789e+13	3.70e-18	3.39e-09	1.00e+00
 1.26855e+13	4.23e-18	3.72e-09	1.00e+00
 1.31821e+13	4.80e-18	4.06e-09	1.00e+00
 1.35836e+13	5.29e-18	4.35e-09	1.00e+00
 1.39137e+13	5.72e-18	4.60e-09	1.00e+00
 1.42860e+13	6.22e-18	4.89e-09	1.00e+00
 1.47699e+13	6.93e-18	5.28e-09	1.00e+00
 1.52856e+13	7.75e-18	5.72e-09	1.00e+00
 1.57370e+13	8.51e-18	6.11e-09	1.00e+00
 1.62181e+13	9.38e-18	6.55e-09	1.00e+00
 1.68348e+13	1.06e-17	7.14e-09	1.00e+00
 1.74655e+13	1.19e-17	7.78e-09	1.00e+00
 1.79956e+13	1.32e-17	8.34e-09	1.00e+00
 1.85570e+13	1.46e-17	8.95e-09	1.00e+00
 1.92667e+13	1.65e-17	9.76e-09	1.00e+00
 2.00103e+13	1.88e-17	1.07e-08	1.00e+00
 2.06791e+13	2.10e-17	1.15e-08	1.00e+00
 2.14095e+13	2.37e-17	1.24e-08	1.00e+00
 2.22737e+13	2.72e-17	1.36e-08	1.00e+00
 2.30661e+13	3.07e-17	1.47e-08	1.00e+00
 2.37084e+13	3.39e-17	1.57e-08	1.00e+00
 2.44015e+13	3.77e-17	1.67e-08	1.00e+00
 2.53025e+13	4.30e-17	1.81e-08	1.00e+00
 2.62698e+13	4.94e-17	1.97e-08	1.00e+00
 2.71115e+13	5.56e-17	2.11e-08	1.00e+00
 2.79938e+13	6.27e-17	2.27e-08	1.00e+00
 2.89600e+13	7.13e-17	2.44e-08	1.00e+00
 2.98415e+13	7.99e-17	2.60e-08	1.00e+00
 3.07937e+13	9.01e-17	2.79e-08	1.00e+00
 3.19734e+13	1.04e-16	3.02e-08	1.00e+00
 3.31608e+13	1.20e-16	3.27e-08	1.00e+00
 3.42001e+13	1.35e-16	3.49e-08	1.00e+00
 3.53355e+13	1.54e-16	3.74e-08	1.00e+00
 3.67117e+13	1.78e-16	4.05e-08	1.00e+00
 3.81082e+13	2.07e-16	4.39e-08	1.00e+00
 3.93907e+13	2.35e-16	4.70e-08	1.00e+00
 4.08182e+13	2.71e-16	5.06e-08	1.00e+00
 4.23670e+13	3.13e-16	5.47e-08	1.00e+00
 4.37645e+13	3.56e-16	5.85e-08	1.00e+00
 4.52720e+13	4.07e-16	6.28e-08	1.00e+00
 4.70616e+13	4.75e-16	6.81e-08	1.00e+00
 4.88193e+13	5.49e-16	7.35e-08	1.00e+00
 5.03149e+13	6.19e-16	7.82e-08	1.00e+00
 5.16000e+13	6.84e-16	8.24e-08	1.00e+00
 5.30027e+13	7.60e-16	8.71e-08	1.00e+00
 5.48264e+13	8.70e-16	9.34e-08	1.00e+00
 5.67086e+13	9.95e-16	1.00e-07	1.00e+00
 5.82749e+13	1.11e-15	1.06e-07	1.00e+00
 5.99189e+13	1.24e-15	1.12e-07	1.00e+00
 6.20561e+13	1.42e-15	1.21e-07	1.00e+00
 6.42880e+13	1.64e-15	1.30e-07	1.00e+00
 6.61899e+13	1.84e-15	1.38e-07	1.00e+00
 6.82091e+13	2.08e-15	1.47e-07	1.00e+00
 7.07525e+13	2.40e-15	1.58e-07	1.00e+00
 7.33704e+13	2.78e-15	1.71e-07	1.00e+00
 7.56587e+13	3.14e-15	1.82e-07	1.00e+00
 7.81248e+13	3.57e-15	1.94e-07	1.00e+00
 8.11240e+13	4.16e-15	2.10e-07	1.00e+00
 8.41120e+13	4.80e-15	2.27e-07	1.00e+00
 8.67541e+13	5.44e-15	2.42e-07	1.00e+00
 8.96510e+13	6.20e-15	2.59e-07	1.00e+00
 9.31291e+13	7.23e-15	2.80e-07	1.00e+00
 9.65928e+13	8.37e-15	3.02e-07	1.00e+00
 9.97353e+13	9.51e-15	3.23e-07	1.00e+00
 1.03230e+14	1.09e-14	3.46e-07	1.00e+00
 1.07325e+14	1.28e-14	3.75e-07	1.00e+00
 1.11363e+14	1.48e-14	4.05e-07	1.00e+00
 1.15160e+14	1.69e-14	4.34e-07	1.00e+00
 1.19395e+14	1.95e-14	4.67e-07	1.00e+00
 1.23778e+14	2.25e-14	5.04e-07	1.00e+00
 1.27591e+14	2.54e-14	5.36e-07	1.00e+00
 1.30963e+14	2.81e-14	5.65e-07	1.00e+00
 1.34614e+14	3.14e-14	5.98e-07	1.00e+00
 1.39360e+14	3.60e-14	6.41e-07	1.00e+00
 1.44184e+14	4.11e-14	6.87e-07	1.00e+00
 1.48104e+14	4.57e-14	7.26e-07	1.00e+00
 1.52194e+14	5.08e-14	7.67e-07	1.00e+00
 1.57511e+14	5.81e-14	8.22e-07	1.00e+00
 1.63126e+14	6.66e-14	8.82e-07	1.00e+00
 1.68008e+14	7.47e-14	9.36e-07	1.00e+00
 1.73230e+14	8.40e-14	9.95e-07	1.00e+00
 1.79721e+14	9.69e-14	1.07e-06	1.00e+00
 1.86364e+14	1.11e-13	1.15e-06	1.00e+00
 1.92256e+14	1.25e-13	1.23e-06	1.00e+00
 1.98669e+14	1.42e-13	1.31e-06	1.00e+00
 2.06354e+14	1.64e-13	1.41e-06	1.00e+00
 2.13984e+14	1.89e-13	1.52e-06	1.00e+00
 2.20891e+14	2.13e-13	1.62e-06	1.00e+00
 2.28566e+14	2.42e-13	1.73e-06	1.00e+00
 2.37578e+14	2.80e-13	1.87e-06	1.00e+00
 2.46489e+14	3.22e-13	2.01e-06	1.00e+00
 2.54859e+14	3.65e-13	2.15e-06	1.00e+00
 2.64185e+14	4.17e-13	2.31e-06	1.00e+00
 2.74783e+14	4.83e-13	2.50e-06	1.00e+00
 2.84369e+14	5.49e-13	2.68e-06	1.00e+00
 2.91782e+14	6.04e-13	2.82e-06	1.00e+00
 2.99208e+14	6.63e-13	2.97e-06	1.00e+00
 3.08863e+14	7.46e-13	3.16e-06	1.00e+00
 3.19098e+14	8.41e-13	3.38e-06	1.00e+00
 3.28004e+14	9.31e-13	3.57e-06	1.00e+00
 3.37502e+14	1.03e-12	3.78e-06	1.00e+00
 3.49742e+14	1.18e-12	4.07e-06	1.00e+00
 3.62300e+14	1.34e-12	4.37e-06	1.00e+00
 3.72847e+14	1.49e-12	4.63e-06	1.00e+00
 3.84026e+14	1.66e-12	4.92e-06	1.00e+00
 3.98167e+14	1.90e-12	5.30e-06	1.00e+00
 4.12822e+14	2.16e-12	5.70e-06	1.00e+00
 4.25627e+14	2.42e-12	6.07e-06	1.00e+00
 4.39364e+14	2.72e-12	6.49e-06	1.00e+00
 4.56085e+14	3.11e-12	7.01e-06	1.00e+00
 4.72754e+14	3.55e-12	7.55e-06	1.00e+00
 4.87437e+14	3.97e-12	8.04e-06	1.00e+00
 5.03471e+14	4.47e-12	8.60e-06	1.00e+00
 5.22799e+14	5.13e-12	9.31e-06	1.00e+00
 5.42029e+14	5.86e-12	1.00e-05	1.00e+00
 5.59259e+14	6.57e-12	1.07e-05	1.00e+00
 5.78270e+14	7.43e-12	1.15e-05	1.00e+00
 6.00811e+14	8.56e-12	1.25e-05	1.00e+00
 6.23066e+14	9.78e-12	1.35e-05	1.00e+00
 6.43469e+14	1.10e-11	1.44e-05	1.00e+00
 6.62887e+14	1.23e-11	1.53e-05	1.00e+00
 6.84679e+14	1.39e-11	1.64e-05	1.00e+00
 7.06824e+14	1.56e-11	1.76e-05	1.00e+00
 7.24669e+14	1.71e-11	1.85e-05	1.00e+00
 7.43110e+14	1.88e-11	1.95e-05	1.00e+00
 7.67083e+14	2.12e-11	2.09e-05	1.00e+00
 7.92208e+14	2.39e-11	2.24e-05	1.00e+00
 8.13641e+14	2.63e-11	2.36e-05	1.00e+00
 8.36314e+14	2.92e-11	2.51e-05	1.00e+00
 8.65788e+14	3.33e-11	2.70e-05	1.00e+00
 8.96291e+14	3.80e-11	2.90e-05	1.00e+00
 9.21870e+14	4.22e-11	3.08e-05	1.00e+00
 9.48859e+14	4.71e-11	3.27e-05	1.00e+00
 9.83411e+14	5.40e-11	3.53e-05	1.00e+00
 1.01963e+15	6.20e-11	3.82e-05	1.00e+00
 1.05153e+15	6.97e-11	4.07e-05	1.00e+00
 1.08595e+15	7.89e-11	4.36e-05	1.00e+00
 1.12753e+15	9.13e-11	4.73e-05	1.00e+00
 1.16902e+15	1.05e-10	5.10e-05	1.00e+00
 1.20618e+15	1.19e-10	5.45e-05	1.00e+00
 1.24710e+15	1.35e-10	5.86e-05	1.00e+00
 1.29566e+15	1.57e-10	6.36e-05	1.00e+00
 1.34369e+15	1.81e-10	6.87e-05	1.00e+00
 1.38832e+15	2.07e-10	7.37e-05	1.00e+00
 1.42712e+15	2.31e-10	7.82e-05	1.00e+00
 1.45948e+15	2.53e-10	8.21e-05	1.00e+00
 1.49528e+15	2.79e-10	8.65e-05	1.00e+00
 1.54181e+15	3.16e-10	9.25e-05	1.00e+00
 1.59039e+15	3.59e-10	9.89e-05	1.00e+00
 1.63151e+15	3.98e-10	1.05e-04	1.00e+00
 1.67488e+15	4.44e-10	1.11e-04	1.00e+00
 1.73126e+15	5.10e-10	1.19e-04	1.00e+00
 1.78936e+15	5.85e-10	1.28e-04	1.00e+00
 1.83766e+15	6.54e-10	1.36e-04	1.00e+00
 1.88839e+15	7.35e-10	1.44e-04	1.00e+00
 1.95435e+15	8.51e-10	1.56e-04	1.00e+00
 2.02360e+15	9.89e-10	1.68e-04	1.00e+00
 2.08309e+15	1.12e-09	1.80e-04	1.00e+00
 2.14639e+15	1.28e-09	1.92e-04	1.00e+00
 2.22583e+15	1.50e-09	2.09e-04	1.00e+00
 2.30838e+15	1.76e-09	2.27e-04	1.00e+00
 2.38174e+15	2.02e-09	2.43e-04	1.00e+00
 2.46101e+15	2.33e-09	2.62e-04	1.00e+00
 2.55595e+15	2.76e-09	2.86e-04	1.00e+00
 2.64987e+15	3.25e-09	3.10e-04	1.00e+00
 2.73438e+15	3.73e-09	3.33e-04	1.00e+00
 2.82805e+15	4.35e-09	3.60e-04	1.00e+00
 2.91980e+15	5.02e-09	3.87e-04	1.00e+00
 2.98834e+15	5.57e-09	4.08e-04	1.00e+00
 3.05674e+15	6.17e-09	4.30e-04	1.00e+00
 3.14566e+15	7.03e-09	4.59e-04	1.00e+00
 3.24077e+15	8.04e-09	4.92e-04	1.00e+00
 3.32422e+15	9.02e-09	5.21e-04	9.99e-01
 3.41302e+15	1.02e-08	5.53e-04	9.99e-01
 3.52845e+15	1.18e-08	5.97e-04	9.99e-01
 3.64536e+15	1.37e-08	6.43e-04	9.99e-01
 3.73965e+15	1.53e-08	6.81e-04	9.99e-01
 3.83770e+15	1.72e-08	7.22e-04	9.99e-01
 3.96515e+15	1.99e-08	7.78e-04	9.99e-01
 4.09988e+15	2.31e-08	8.39e-04	9.99e-01
 4.21741e+15	2.62e-08	8.94e-04	9.99e-01
 4.34354e+15	2.98e-08	9.55e-04	9.99e-01
 4.50315e+15	3.50e-08	1.04e-03	9.99e-01
 4.66750e+15	4.09e-08	1.12e-03	9.99e-01
 4.81070e+15	4.66e-08	1.20e-03	9.99e-01
 4.96516e+15	5.35e-08	1.29e-03	9.99e-01
 5.15352e+15	6.29e-08	1.40e-03	9.99e-01
 5.34324e+15	7.34e-08	1.51e-03	9.98e-01
 5.48917e+15	8.22e-08	1.60e-03	9.98e-01
 5.59897e+15	8.95e-08	1.67e-03	9.98e-01
 5.71978e+15	9.82e-08	1.76e-03	9.98e-01
 5.87684e+15	1.10e-07	1.86e-03	9.98e-01
 6.04800e+15	1.25e-07	1.98e-03	9.98e-01
 6.20140e+15	1.39e-07	2.09e-03	9.98e-01
 6.36472e+15	1.55e-07	2.22e-03	9.98e-01
 6.57704e+15	1.79e-07	2.38e-03	9.98e-01
 6.78945e+15	2.04e-07	2.55e-03	9.97e-01
 6.95684e+15	2.26e-07	2.68e-03	9.97e-01
 7.12933e+15	2.51e-07	2.83e-03	9.97e-01
 7.35358e+15	2.86e-07	3.03e-03	9.97e-01
 7.59070e+15	3.26e-07	3.24e-03	9.97e-01
 7.79618e+15	3.63e-07	3.43e-03	9.97e-01
 8.01491e+15	4.08e-07	3.65e-03	9.96e-01
 8.29925e+15	4.73e-07	3.94e-03	9.96e-01
 8.58361e+15	5.41e-07	4.23e-03	9.96e-01
 8.81309e+15	6.02e-07	4.47e-03	9.96e-01
 9.05649e+15	6.75e-07	4.75e-03	9.95e-01
 9.37291e+15	7.79e-07	5.13e-03	9.95e-01
 9.65794e+15	8.73e-07	5.46e-03	9.95e-01
 9.85190e+15	9.43e-07	5.70e-03	9.94e-01
 1.00538e+16	1.03e-06	5.98e-03	9.94e-01
 1.03162e+16	1.15e-06	6.35e-03	9.94e-01
 1.05855e+16	1.27e-06	6.72e-03	9.93e-01
 1.08244e+16	1.39e-06	7.07e-03	9.93e-01
 1.10959e+16	1.54e-06	7.51e-03	9.92e-01
 1.13841e+16	1.71e-06	7.98e-03	9.92e-01
 1.16488e+16	1.88e-06	8.44e-03	9.92e-01
 1.19478e+16	2.11e-06	9.01e-03	9.91e-01
 1.22647e+16	2.35e-06	9.63e-03	9.90e-01
 1.25432e+16	2.59e-06	1.02e-02	9.90e-01
 1.28437e+16	2.89e-06	1.09e-02	9.89e-01
 1.31684e+16	3.23e-06	1.17e-02	9.88e-01
 1.34577e+16	3.56e-06	1.25e-02	9.88e-01
 1.37669e+16	3.99e-06	1.34e-02	9.87e-01
 1.41008e+16	4.50e-06	1.45e-02	9.86e-01
 1.43965e+16	4.99e-06	1.55e-02	9.84e-01
 1.46605e+16	5.49e-06	1.65e-02	9.83e-01
 1.49119e+16	6.04e-06	1.76e-02	9.82e-01
 1.51970e+16	6.79e-06	1.90e-02	9.81e-01
 1.54946e+16	7.58e-06	2.06e-02	9.79e-01
 1.57475e+16	8.41e-06	2.22e-02	9.78e-01
 1.59725e+16	9.26e-06	2.37e-02	9.76e-01
 1.62220e+16	1.04e-05	2.57e-02	9.74e-01
 1.64841e+16	1.17e-05	2.79e-02	9.72e-01
 1.67113e+16	1.30e-05	3.02e-02	9.70e-01
 1.69186e+16	1.45e-05	3.26e-02	9.67e-01
 1.71182e+16	1.61e-05	3.51e-02	9.65e-01
 1.73445e+16	1.81e-05	3.85e-02	9.61e-01
 1.75891e+16	2.08e-05	4.27e-02	9.57e-01
 1.77974e+16	2.40e-05	4.70e-02	9.53e-01
 1.79618e+16	2.67e-05	5.09e-02	9.49e-01
 1.81289e+16	2.96e-05	5.54e-02	9.45e-01
 1.83463e+16	3.46e-05	6.23e-02	9.38e-01
 1.85606e+16	4.08e-05	7.06e-02	9.29e-01
 1.87172e+16	4.72e-05	7.79e-02	9.22e-01
 1.88330e+16	5.22e-05	8.40e-02	9.16e-01
 1.89493e+16	5.77e-05	9.10e-02	9.09e-01
 1.91006e+16	6.65e-05	1.02e-01	8.98e-01
 1.92595e+16	7.81e-05	1.15e-01	8.85e-01
 1.93891e+16	9.12e-05	1.27e-01	8.73e-01
 1.94856e+16	1.02e-04	1.38e-01	8.62e-01
 1.95561e+16	1.10e-04	1.47e-01	8.53e-01
 1.96253e+16	1.19e-04	1.56e-01	8.44e-01
 1.97153e+16	1.33e-04	1.70e-01	8.30e-01
 1.98082e+16	1.50e-04	1.86e-01	8.14e-01
 1.98814e+16	1.67e-04	1.99e-01	8.01e-01
 1.99358e+16	1.79e-04	2.10e-01	7.90e-01
 1.99892e+16	1.92e-04	2.22e-01	7.78e-01
 2.00585e+16	2.14e-04	2.39e-01	7.61e-01
 2.01264e+16	2.36e-04	2.56e-01	7.44e-01
 2.01814e+16	2.55e-04	2.71e-01	7.29e-01
 2.02421e+16	2.77e-04	2.89e-01	7.11e-01
 2.03209e+16	3.15e-04	3.15e-01	6.85e-01
 2.03936e+16	3.48e-04	3.39e-01	6.60e-01
 2.04489e+16	3.81e-04	3.60e-01	6.40e-01
 2.04992e+16	4.08e-04	3.79e-01	6.21e-01
 2.05524e+16	4.43e-04	4.00e-01	5.99e-01
 2.06217e+16	4.95e-04	4.30e-01	5.70e-01
 2.06894e+16	5.45e-04	4.59e-01	5.41e-01
 2.07455e+16	5.90e-04	4.83e-01	5.16e-01
 2.08088e+16	6.47e-04	5.13e-01	4.87e-01
 2.08790e+16	7.14e-04	5.45e-01	4.54e-01
 2.09458e+16	7.80e-04	5.75e-01	4.24e-01
 2.10203e+16	8.61e-04	6.10e-01	3.89e-01
 2.11020e+16	9.52e-04	6.45e-01	3.54e-01
 2.11645e+16	1.02e-03	6.70e-01	3.29e-01
 2.12061e+16	1.07e-03	6.87e-01	3.12e-01
 2.12494e+16	1.12e-03	7.05e-01	2.94e-01
 2.13057e+16	1.20e-03	7.26e-01	2.73e-01
 2.13680e+16	1.28e-03	7.48e-01	2.50e-01
 2.14266e+16	1.35e-03	7.67e-01	2.31e-01
 2.14828e+16	1.43e-03	7.85e-01	2.14e-01
 2.15474e+16	1.52e-03	8.04e-01	1.95e-01
 2.16169e+16	1.62e-03	8.22e-01	1.76e-01
 2.16781e+16	1.70e-03	8.36e-01	1.62e-01
 2.17337e+16	1.79e-03	8.49e-01	1.50e-01
 2.17967e+16	1.89e-03	8.62e-01	1.36e-01
 2.18666e+16	2.00e-03	8.75e-01	1.23e-01
 2.19312e+16	2.11e-03	8.85e-01	1.13e-01
 2.19880e+16	2.21e-03	8.93e-01	1.05e-01
 2.20488e+16	2.32e-03	9.02e-01	9.58e-02
 2.21168e+16	2.46e-03	9.10e-01	8.73e-02
 2.21799e+16	2.59e-03	9.17e-01	8.04e-02
 2.22348e+16	2.71e-03	9.23e-01	7.48e-02
 2.22933e+16	2.84e-03	9.28e-01	6.91e-02
 2.23576e+16	3.01e-03	9.33e-01	6.36e-02
 2.24152e+16	3.17e-03	9.38e-01	5.91e-02
 2.24663e+16	3.32e-03	9.41e-01	5.55e-02
 2.25234e+16	3.50e-03	9.45e-01	5.15e-02
 2.25857e+16	3.71e-03	9.49e-01	4.77e-02
 2.26403e+16	3.92e-03	9.51e-01	4.47e-02
 2.26867e+16	4.11e-03	9.54e-01	4.23e-02
 2.27368e+16	4.32e-03	9.56e-01	3.98e-02
 2.27928e+16	4.59e-03	9.58e-01	3.73e-02
 2.28441e+16	4.87e-03	9.60e-01	3.51e-02
 2.28890e+16	5.14e-03	9.62e-01	3.33e-02
 2.29379e+16	5.44e-03	9.63e-01	3.15e-02
 2.29920e+16	5.83e-03	9.65e-01	2.96e-02
 2.30406e+16	6.23e-03	9.66e-01	2.81e-02
 2.30834e+16	6.61e-03	9.67e-01	2.68e-02
 2.31311e+16	7.08e-03	9.68e-01	2.54e-02
 2.31848e+16	7.69e-03	9.68e-01	2.39e-02
 2.32348e+16	8.36e-03	9.69e-01	2.26e-02
 2.32796e+16	9.03e-03	9.69e-01	2.16e-02
 2.33289e+16	9.87e-03	9.70e-01	2.05e-02
 2.33819e+16	1.10e-02	9.70e-01	1.94e-02
 2.34263e+16	1.21e-02	9.69e-01	1.85e-02
 2.34607e+16	1.31e-02	9.69e-01	1.79e-02
 2.34910e+16	1.41e-02	9.69e-01	1.73e-02
 2.35258e+16	1.54e-02	9.68e-01	1.67e-02
 2.35642e+16	1.71e-02	9.67e-01	1.60e-02
 2.35975e+16	1.90e-02	9.66e-01	1.55e-02
 2.36238e+16	2.07e-02	9.64e-01	1.51e-02
 2.36510e+16	2.27e-02	9.63e-01	1.47e-02
 2.36813e+16	2.53e-02	9.60e-01	1.43e-02
 2.37082e+16	2.81e-02	9.58e-01	1.39e-02
 2.37306e+16	3.08e-02	9.55e-01	1.37e-02
 2.37508e+16	3.37e-02	9.53e-01	1.34e-02
 2.37739e+16	3.75e-02	9.49e-01	1.32e-02
 2.37993e+16	4.24e-02	9.45e-01	1.29e-02
 2.38214e+16	4.78e-02	9.39e-01	1.28e-02
 2.38394e+16	5.29e-02	9.34e-01	1.26e-02
 2.38557e+16	5.83e-02	9.29e-01	1.25e-02
 2.38743e+16	6.52e-02	9.22e-01	1.24e-02
 2.38941e+16	7.40e-02	9.14e-01	1.24e-02
 2.39106e+16	8.32e-02	9.04e-01	1.24e-02
 2.39239e+16	9.12e-02	8.96e-01	1.24e-02
 2.39365e+16	1.00e-01	8.87e-01	1.24e-02
 2.39508e+16	1.11e-01	8.76e-01	1.25e-02
 2.39652e+16	1.24e-01	8.63e-01	1.26e-02
 2.39774e+16	1.37e-01	8.50e-01	1.27e-02
 2.39874e+16	1.49e-01	8.38e-01	1.28e-02
 2.39965e+16	1.60e-01	8.27e-01	1.29e-02
 2.40055e+16	1.73e-01	8.14e-01	1.30e-02
 2.40128e+16	1.84e-01	8.03e-01	1.31e-02
 2.40176e+16	1.91e-01	7.96e-01	1.32e-02
 2.40219e+16	1.98e-01	7.89e-01	1.33e-02
 2.40269e+16	2.07e-01	7.80e-01	1.33e-02
 2.40325e+16	2.17e-01	7.70e-01	1.34e-02
 2.40381e+16	2.28e-01	7.59e-01	1.35e-02
 2.40432e+16	2.37e-01	7.49e-01	1.35e-02
 2.40481e+16	2.48e-01	7.39e-01	1.36e-02
 2.40532e+16	2.59e-01	7.27e-01	1.37e-02
 2.40584e+16	2.70e-01	7.16e-01	1.38e-02
 2.40634e+16	2.82e-01	7.04e-01	1.38e-02
 2.40685e+16	2.94e-01	6.92e-01	1.39e-02
 2.40735e+16	3.07e-01	6.79e-01	1.39e-02
 2.40787e+16	3.21e-01	6.65e-01	1.39e-02
 2.40837e+16	3.34e-01	6.52e-01	1.40e-02
 2.40887e+16	3.48e-01	6.38e-01	1.40e-02
 2.40938e+16	3.63e-01	6.23e-01	1.40e-02
 2.40989e+16	3.78e-01	6.08e-01	1.40e-02
 2.41040e+16	3.94e-01	5.92e-01	1.40e-02
 2.41091e+16	4.10e-01	5.76e-01	1.40e-02
 2.41144e+16	4.26e-01	5.60e-01	1.39e-02
 2.41197e+16	4.44e-01	5.42e-01	1.39e-02
 2.41250e+16	4.61e-01	5.25e-01	1.38e-02
 2.41304e+16	4.79e-01	5.07e-01	1.37e-02
 2.41359e+16	4.98e-01	4.89e-01	1.36e-02
 2.41415e+16	5.17e-01	4.70e-01	1.34e-02
 2.41471e+16	5.36e-01	4.51e-01	1.32e-02
 2.41528e+16	5.54e-01	4.33e-01	1.30e-02
 2.41585e+16	5.73e-01	4.14e-01	1.28e-02
 2.41643e+16	5.92e-01	3.96e-01	1.25e-02
 2.41703e+16	6.11e-01	3.77e-01	1.22e-02
 2.41766e+16	6.30e-01	3.59e-01	1.19e-02
 2.41830e+16	6.48e-01	3.40e-01	1.16e-02
 2.41898e+16	6.66e-01	3.22e-01	1.12e-02
 2.41970e+16	6.84e-01	3.05e-01	1.08e-02
 2.42047e+16	7.02e-01	2.88e-01	1.04e-02
 2.42130e+16	7.19e-01	2.71e-01	1.00e-02
 2.42223e+16	7.36e-01	2.55e-01	9.57e-03
 2.42327e+16	7.52e-01	2.39e-01	9.12e-03
 2.42444e+16	7.66e-01	2.25e-01	8.67e-03
 2.42567e+16	7.78e-01	2.14e-01	8.30e-03
 2.42688e+16	7.87e-01	2.05e-01	7.96e-03
 2.42808e+16	7.94e-01	1.98e-01	7.69e-03
 2.42927e+16	8.00e-01	1.93e-01	7.46e-03
 2.43064e+16	8.05e-01	1.88e-01	7.24e-03
 2.43242e+16	8.10e-01	1.83e-01	6.99e-03
 2.43473e+16	8.15e-01	1.78e-01	6.72e-03
 2.43774e+16	8.20e-01	1.74e-01	6.43e-03
 2.44165e+16	8.25e-01	1.69e-01	6.07e-03
 2.44673e+16	8.31e-01	1.63e-01	5.67e-03
 2.45334e+16	8.38e-01	1.57e-01	5.21e-03
 2.46084e+16	8.45e-01	1.50e-01	4.73e-03
 2.46827e+16	8.52e-01	1.44e-01	4.32e-03
 2.47552e+16	8.58e-01	1.38e-01	3.96e-03
 2.48275e+16	8.63e-01	1.33e-01	3.63e-03
 2.49009e+16	8.69e-01	1.28e-01	3.33e-03
 2.49753e+16	8.74e-01	1.23e-01	3.05e-03
 2.50499e+16	8.79e-01	1.18e-01	2.80e-03
 2.51248e+16	8.84e-01	1.13e-01	2.57e-03
 2.51850e+16	8.88e-01	1.10e-01	2.42e-03
 2.52253e+16	8.90e-01	1.08e-01	2.31e-03
 2.52618e+16	8.92e-01	1.06e-01	2.22e-03
 2.53014e+16	8.94e-01	1.03e-01	2.12e-03
 2.53428e+16	8.97e-01	1.01e-01	2.03e-03
 2.53830e+16	8.99e-01	9.93e-02	1.94e-03
 2.54211e+16	9.01e-01	9.75e-02	1.87e-03
 2.54580e+16	9.03e-01	9.56e-02	1.79e-03
 2.54944e+16	9.04e-01	9.39e-02	1.72e-03
 2.55305e+16	9.06e-01	9.22e-02	1.66e-03
 2.55662e+16	9.08e-01	9.05e-02	1.60e-03
 2.56014e+16	9.10e-01	8.89e-02	1.54e-03
 2.56360e+16	9.11e-01	8.74e-02	1.48e-03
 2.56700e+16	9.13e-01	8.60e-02	1.43e-03
 2.57034e+16	9.14e-01	8.45e-02	1.38e-03
 2.57365e+16	9.16e-01	8.32e-02	1.33e-03
 2.57691e+16	9.17e-01	8.18e-02	1.29e-03
 2.58014e+16	9.18e-01	8.05e-02	1.24e-03
 2.58334e+16	9.20e-01	7.93e-02	1.20e-03
 2.58650e+16	9.21e-01	7.81e-02	1.16e-03
 2.58964e+16	9.22e-01	7.69e-02	1.13e-03
 2.59277e+16	9.23e-01	7.57e-02	1.09e-03
 2.59589e+16	9.24e-01	7.46e-02	1.06e-03
 2.59901e+16	9.26e-01	7.35e-02	1.02e-03
 2.60212e+16	9.27e-01	7.24e-02	9.91e-04
 2.60524e+16	9.28e-01	7.13e-02	9.60e-04
 2.60839e+16	9.29e-01	7.02e-02	9.29e-04
 2.61157e+16	9.30e-01	6.92e-02	8.99e-04
 2.61480e+16	9.31e-01	6.81e-02	8.70e-04
 2.61813e+16	9.32e-01	6.70e-02	8.41e-04
 2.62163e+16	9.33e-01	6.59e-02	8.11e-04
 2.62526e+16	9.34e-01	6.47e-02	7.82e-04
 2.62906e+16	9.36e-01	6.36e-02	7.52e-04
 2.63309e+16	9.37e-01	6.24e-02	7.22e-04
 2.63745e+16	9.38e-01	6.11e-02	6.90e-04
 2.64226e+16	9.40e-01	5.97e-02	6.57e-04
 2.64777e+16	9.41e-01	5.81e-02	6.21e-04
 2.65372e+16	9.43e-01	5.65e-02	5.84e-04
 2.65963e+16	9.45e-01	5.49e-02	5.51e-04
 2.66539e+16	9.46e-01	5.34e-02	5.20e-04
 2.67080e+16	9.47e-01	5.21e-02	4.93e-04
 2.67573e+16	9.49e-01	5.09e-02	4.70e-04
 2.68022e+16	9.50e-01	4.99e-02	4.49e-04
 2.68430e+16	9.51e-01	4.89e-02	4.32e-04
 2.68801e+16	9.51e-01	4.81e-02	4.16e-04
 2.69139e+16	9.52e-01	4.74e-02	4.02e-04
 2.69509e+16	9.53e-01	4.65e-02	3.87e-04
 2.69909e+16	9.54e-01	4.56e-02	3.72e-04
 2.70273e+16	9.55e-01	4.48e-02	3.58e-04
 2.70604e+16	9.56e-01	4.41e-02	3.47e-04
 2.70905e+16	9.56e-01	4.35e-02	3.36e-04
 2.71179e+16	9.57e-01	4.29e-02	3.27e-04
 2.71480e+16	9.57e-01	4.23e-02	3.17e-04
 2.71804e+16	9.58e-01	4.16e-02	3.06e-04
 2.72099e+16	9.59e-01	4.10e-02	2.97e-04
 2.72368e+16	9.59e-01	4.05e-02	2.89e-04
 2.72662e+16	9.60e-01	3.99e-02	2.80e-04
 2.72980e+16	9.61e-01	3.92e-02	2.71e-04
 2.73269e+16	9.61e-01	3.86e-02	2.62e-04
 2.73532e+16	9.62e-01	3.81e-02	2.55e-04
 2.73820e+16	9.62e-01	3.75e-02	2.47e-04
 2.74132e+16	9.63e-01	3.69e-02	2.39e-04
 2.74415e+16	9.63e-01	3.64e-02	2.32e-04
 2.74673e+16	9.64e-01	3.59e-02	2.25e-04
 2.74907e+16	9.64e-01	3.55e-02	2.20e-04
 2.75164e+16	9.65e-01	3.50e-02	2.13e-04
 2.75442e+16	9.65e-01	3.45e-02	2.07e-04
 2.75694e+16	9.66e-01	3.40e-02	2.01e-04
 2.75924e+16	9.66e-01	3.36e-02	1.96e-04
 2.76176e+16	9.67e-01	3.31e-02	1.91e-04
 2.76448e+16	9.67e-01	3.27e-02	1.85e-04
 2.76695e+16	9.68e-01	3.22e-02	1.80e-04
 2.76920e+16	9.68e-01	3.19e-02	1.76e-04
 2.77167e+16	9.68e-01	3.14e-02	1.71e-04
 2.77433e+16	9.69e-01	3.10e-02	1.66e-04
 2.77675e+16	9.69e-01	3.06e-02	1.62e-04
 2.77896e+16	9.70e-01	3.02e-02	1.58e-04
 2.78138e+16	9.70e-01	2.98e-02	1.53e-04
 2.78398e+16	9.70e-01	2.94e-02	1.49e-04
 2.78636e+16	9.71e-01	2.90e-02	1.45e-04
 2.78896e+16	9.71e-01	2.86e-02	1.41e-04
 2.79177e+16	9.72e-01	2.82e-02	1.37e-04
 2.79432e+16	9.72e-01	2.78e-02	1.33e-04
 2.79665e+16	9.72e-01	2.74e-02	1.30e-04
 2.79920e+16	9.73e-01	2.70e-02	1.26e-04
 2.80195e+16	9.73e-01	2.66e-02	1.22e-04
 2.80445e+16	9.74e-01	2.63e-02	1.19e-04
 2.80673e+16	9.74e-01	2.60e-02	1.16e-04
 2.80923e+16	9.74e-01	2.56e-02	1.13e-04
 2.81192e+16	9.75e-01	2.53e-02	1.10e-04
 2.81437e+16	9.75e-01	2.50e-02	1.07e-04
 2.81706e+16	9.75e-01	2.46e-02	1.04e-04
 2.81996e+16	9.76e-01	2.42e-02	1.01e-04
 2.82260e+16	9.76e-01	2.39e-02	9.82e-05
 2.82550e+16	9.76e-01	2.35e-02	9.52e-05
 2.82862e+16	9.77e-01	2.32e-02	9.22e-05
 2.83146e+16	9.77e-01	2.28e-02	8.97e-05
 2.83458e+16	9.77e-01	2.25e-02	8.67e-05
 2.83794e+16	9.78e-01	2.21e-02	8.39e-05
 2.84100e+16	9.78e-01	2.18e-02	8.14e-05
 2.84378e+16	9.78e-01	2.15e-02	7.92e-05
 2.84684e+16	9.79e-01	2.11e-02	7.67e-05
 2.85013e+16	9.79e-01	2.08e-02	7.43e-05
 2.85313e+16	9.79e-01	2.05e-02	7.22e-05
 2.85641e+16	9.80e-01	2.01e-02	6.98e-05
 2.85996e+16	9.80e-01	1.98e-02	6.75e-05
 2.86319e+16	9.80e-01	1.95e-02	6.54e-05
 2.86612e+16	9.81e-01	1.92e-02	6.37e-05
 2.86934e+16	9.81e-01	1.89e-02	6.16e-05
 2.87281e+16	9.81e-01	1.86e-02	5.97e-05
 2.87598e+16	9.82e-01	1.83e-02	5.80e-05
 2.87944e+16	9.82e-01	1.80e-02	5.60e-05
 2.88318e+16	9.82e-01	1.77e-02	5.41e-05
 2.88658e+16	9.82e-01	1.75e-02	5.25e-05
 2.89031e+16	9.83e-01	1.71e-02	5.06e-05
 2.89434e+16	9.83e-01	1.68e-02	4.88e-05
 2.89800e+16	9.83e-01	1.66e-02	4.72e-05
 2.90202e+16	9.84e-01	1.62e-02	4.55e-05
 2.90635e+16	9.84e-01	1.59e-02	4.38e-05
 2.91029e+16	9.84e-01	1.57e-02	4.23e-05
 2.91388e+16	9.85e-01	1.54e-02	4.10e-05
 2.91782e+16	9.85e-01	1.51e-02	3.96e-05
 2.92206e+16	9.85e-01	1.49e-02	3.81e-05
 2.92593e+16	9.85e-01	1.46e-02	3.69e-05
 2.93016e+16	9.86e-01	1.43e-02	3.55e-05
 2.93473e+16	9.86e-01	1.41e-02	3.42e-05
 2.93889e+16	9.86e-01	1.38e-02	3.30e-05
 2.94345e+16	9.86e-01	1.35e-02	3.17e-05
 2.94837e+16	9.87e-01	1.33e-02	3.05e-05
 2.95285e+16	9.87e-01	1.30e-02	2.94e-05
 2.95775e+16	9.87e-01	1.27e-02	2.82e-05
 2.96305e+16	9.88e-01	1.25e-02	2.70e-05
 2.96787e+16	9.88e-01	1.22e-02	2.60e-05
 2.97315e+16	9.88e-01	1.20e-02	2.49e-05
 2.97886e+16	9.88e-01	1.17e-02	2.38e-05
 2.98405e+16	9.89e-01	1.15e-02	2.29e-05
 2.98877e+16	9.89e-01	1.13e-02	2.21e-05
 2.99394e+16	9.89e-01	1.10e-02	2.12e-05
 2.99953e+16	9.89e-01	1.08e-02	2.03e-05
 3.00461e+16	9.89e-01	1.06e-02	1.95e-05
 3.01018e+16	9.90e-01	1.03e-02	1.87e-05
 3.01620e+16	9.90e-01	1.01e-02	1.79e-05
 3.02167e+16	9.90e-01	9.92e-03	1.72e-05
 3.02767e+16	9.90e-01	9.69e-03	1.64e-05
 3.03414e+16	9.91e-01	9.46e-03	1.56e-05
 3.04003e+16	9.91e-01	9.26e-03	1.50e-05
 3.04649e+16	9.91e-01	9.04e-03	1.43e-05
 3.05346e+16	9.91e-01	8.82e-03	1.36e-05
 3.05980e+16	9.91e-01	8.62e-03	1.30e-05
 3.06675e+16	9.92e-01	8.40e-03	1.24e-05
 3.07426e+16	9.92e-01	8.19e-03	1.18e-05
 3.08108e+16	9.92e-01	8.00e-03	1.12e-05
 3.08857e+16	9.92e-01	7.79e-03	1.07e-05
 3.09664e+16	9.92e-01	7.58e-03	1.01e-05
 3.10399e+16	9.93e-01	7.40e-03	9.63e-06
 3.11205e+16	9.93e-01	7.19e-03	9.11e-06
 3.12075e+16	9.93e-01	6.99e-03	8.61e-06
 3.12866e+16	9.93e-01	6.81e-03	8.19e-06
 3.13733e+16	9.93e-01	6.61e-03	7.72e-06
 3.14669e+16	9.94e-01	6.42e-03	7.28e-06
 3.15521e+16	9.94e-01	6.25e-03	6.91e-06
 3.16454e+16	9.94e-01	6.06e-03	6.50e-06
 3.17462e+16	9.94e-01	5.87e-03	6.11e-06
 3.18379e+16	9.94e-01	5.71e-03	5.79e-06
 3.19384e+16	9.94e-01	5.53e-03	5.43e-06
 3.20631e+16	9.95e-01	5.31e-03	5.02e-06
 3.22013e+16	9.95e-01	5.09e-03	4.62e-06
 3.23458e+16	9.95e-01	4.88e-03	4.24e-06
 3.24973e+16	9.95e-01	4.66e-03	3.88e-06
 3.26547e+16	9.96e-01	4.45e-03	3.54e-06
 3.28179e+16	9.96e-01	4.25e-03	3.23e-06
 3.29862e+16	9.96e-01	4.05e-03	2.94e-06
 3.31575e+16	9.96e-01	3.86e-03	2.67e-06
 3.33314e+16	9.96e-01	3.68e-03	2.43e-06
 3.35081e+16	9.96e-01	3.50e-03	2.20e-06
 3.36881e+16	9.97e-01	3.33e-03	2.00e-06
 3.38715e+16	9.97e-01	3.17e-03	1.82e-06
 3.40581e+16	9.97e-01	3.02e-03	1.65e-06
 3.42480e+16	9.97e-01	2.87e-03	1.49e-06
 3.44411e+16	9.97e-01	2.73e-03	1.35e-06
 3.46375e+16	9.97e-01	2.59e-03	1.22e-06
 3.48374e+16	9.98e-01	2.47e-03	1.10e-06
 3.50373e+16	9.98e-01	2.34e-03	9.99e-07
 3.52400e+16	9.98e-01	2.23e-03	9.02e-07
 3.54507e+16	9.98e-01	2.11e-03	8.13e-07
 3.56661e+16	9.98e-01	2.00e-03	7.31e-07
 3.58842e+16	9.98e-01	1.90e-03	6.58e-07
 3.61058e+16	9.98e-01	1.80e-03	5.91e-07
 3.63316e+16	9.98e-01	1.70e-03	5.30e-07
 3.65617e+16	9.98e-01	1.61e-03	4.75e-07
 3.67960e+16	9.98e-01	1.52e-03	4.25e-07
 3.70346e+16	9.99e-01	1.44e-03	3.80e-07
 3.72778e+16	9.99e-01	1.36e-03	3.39e-07
 3.75259e+16	9.99e-01	1.28e-03	3.02e-07
 3.77789e+16	9.99e-01	1.21e-03	2.69e-07
 3.80370e+16	9.99e-01	1.14e-03	2.39e-07
 3.83004e+16	9.99e-01	1.07e-03	2.12e-07
 3.85694e+16	9.99e-01	1.01e-03	1.87e-07
 3.88443e+16	9.99e-01	9.45e-04	1.66e-07
 3.91252e+16	9.99e-01	8.87e-04	1.46e-07
 3.94126e+16	9.99e-01	8.31e-04	1.28e-07
 3.97068e+16	9.99e-01	7.78e-04	1.12e-07
 4.00082e+16	9.99e-01	7.27e-04	9.83e-08
 4.03171e+16	9.99e-01	6.79e-04	8.58e-08
 4.06341e+16	9.99e-01	6.33e-04	7.46e-08
 4.09551e+16	9.99e-01	5.90e-04	6.50e-08
 4.12843e+16	9.99e-01	5.48e-04	5.62e-08
 4.16273e+16	9.99e-01	5.09e-04	4.84e-08
 4.19827e+16	1.00e+00	4.71e-04	4.15e-08
 4.23515e+16	1.00e+00	4.35e-04	3.54e-08
 4.27332e+16	1.00e+00	4.00e-04	3.00e-08
 4.31287e+16	1.00e+00	3.67e-04	2.53e-08
 4.35399e+16	1.00e+00	3.36e-04	2.12e-08
 4.39688e+16	1.00e+00	3.06e-04	1.76e-08
 4.44173e+16	1.00e+00	2.78e-04	1.46e-08
 4.48881e+16	1.00e+00	2.52e-04	1.19e-08
 4.53853e+16	1.00e+00	2.26e-04	9.65e-09
 4.59114e+16	1.00e+00	2.02e-04	7.72e-09
 4.64727e+16	1.00e+00	1.80e-04	6.09e-09
 4.70705e+16	1.00e+00	1.58e-04	4.73e-09
 4.77167e+16	1.00e+00	1.38e-04	3.61e-09
 4.84165e+16	1.00e+00	1.19e-04	2.69e-09
 4.91731e+16	1.00e+00	1.02e-04	1.96e-09
 5.00602e+16	1.00e+00	8.46e-05	1.35e-09
 5.10397e+16	1.00e+00	6.93e-05	9.11e-10
 5.21012e+16	1.00e+00	5.57e-05	5.89e-10
 5.32993e+16	1.00e+00	4.38e-05	3.64e-10
 5.45480e+16	1.00e+00	3.42e-05	2.23e-10
 5.57831e+16	1.00e+00	2.70e-05	1.39e-10
 5.70067e+16	1.00e+00	2.13e-05	8.70e-11
 5.82419e+16	1.00e+00	1.69e-05	5.48e-11
 5.95041e+16	1.00e+00	1.34e-05	3.43e-11
 6.07905e+16	1.00e+00	1.06e-05	2.16e-11
 6.20997e+16	1.00e+00	8.38e-06	1.36e-11
 6.34379e+16	1.00e+00	6.63e-06	8.52e-12
 6.48027e+16	1.00e+00	5.25e-06	5.34e-12
 6.61915e+16	1.00e+00	4.15e-06	3.35e-12
 6.76030e+16	1.00e+00	3.30e-06	2.12e-12
 6.90563e+16	1.00e+00	2.61e-06	1.33e-12
 7.05638e+16	1.00e+00	2.06e-06	8.28e-13
 7.21116e+16	1.00e+00	1.62e-06	5.15e-13
 7.36962e+16	1.00e+00	1.28e-06	3.21e-13
 7.53300e+16	1.00e+00	1.00e-06	1.99e-13
 7.70206e+16	1.00e+00	7.88e-07	1.22e-13
 7.87724e+16	1.00e+00	6.16e-07	7.49e-14
 8.05930e+16	1.00e+00	4.80e-07	4.55e-14
 8.24913e+16	1.00e+00	3.72e-07	2.73e-14
 8.44804e+16	1.00e+00	2.86e-07	1.62e-14
 8.65783e+16	1.00e+00	2.19e-07	9.47e-15
 8.88083e+16	1.00e+00	1.65e-07	5.42e-15
 9.12047e+16	1.00e+00	1.23e-07	3.01e-15
 9.37536e+16	1.00e+00	9.09e-08	1.65e-15
 9.63547e+16	1.00e+00	6.73e-08	9.03e-16
 9.89427e+16	1.00e+00	5.03e-08	5.05e-16
 1.01518e+17	1.00e+00	3.79e-08	2.87e-16
 1.04089e+17	1.00e+00	2.87e-08	1.65e-16
 1.06654e+17	1.00e+00	2.19e-08	9.62e-17
 1.09197e+17	1.00e+00	1.69e-08	5.70e-17
 1.11702e+17	1.00e+00	1.31e-08	3.44e-17
 1.14158e+17	1.00e+00	1.03e-08	2.12e-17
 1.16559e+17	1.00e+00	8.14e-09	1.33e-17
 1.18898e+17	1.00e+00	6.51e-09	8.51e-18
 1.21162e+17	1.00e+00	5.26e-09	5.57e-18
 1.23348e+17	1.00e+00	4.30e-09	3.72e-18
 1.25451e+17	1.00e+00	3.55e-09	2.54e-18
 1.27473e+17	1.00e+00	2.96e-09	1.76e-18
 1.29410e+17	1.00e+00	2.49e-09	1.25e-18
 1.31263e+17	1.00e+00	2.12e-09	9.05e-19
 1.33031e+17	1.00e+00	1.82e-09	6.67e-19
 1.34716e+17	1.00e+00	1.57e-09	5.00e-19
 1.36319e+17	1.00e+00	1.37e-09	3.81e-19
 1.37843e+17	1.00e+00	1.21e-09	2.95e-19
 1.39292e+17	1.00e+00	1.07e-09	2.32e-19
 1.40668e+17	1.00e+00	9.56e-10	1.85e-19
 1.41974e+17	1.00e+00	8.59e-10	1.49e-19
 1.43213e+17	1.00e+00	7.76e-10	1.22e-19
 1.44390e+17	1.00e+00	7.05e-10	1.01e-19
 1.45507e+17	1.00e+00	6.45e-10	8.41e-20
 1.46566e+17	1.00e+00	5.92e-10	7.10e-20
 1.47570e+17	1.00e+00	5.47e-10	6.06e-20
 1.48523e+17	1.00e+00	5.07e-10	5.21e-20
 1.49428e+17	1.00e+00	4.72e-10	4.52e-20
 1.50287e+17	1.00e+00	4.42e-10	3.95e-20
 1.51103e+17	1.00e+00	4.14e-10	3.48e-20
 1.51878e+17	1.00e+00	3.90e-10	3.08e-20
 1.52614e+17	1.00e+00	3.68e-10	2.75e-20
 1.53313e+17	1.00e+00	3.49e-10	2.47e-20
 1.53978e+17	1.00e+00	3.32e-10	2.23e-20
 1.54610e+17	1.00e+00	3.16e-10	2.03e-20
 1.55213e+17	1.00e+00	3.02e-10	1.85e-20
 1.55786e+17	1.00e+00	2.89e-10	1.69e-20
 1.56332e+17	1.00e+00	2.77e-10	1.56e-20
 1.56852e+17	1.00e+00	2.66e-10	1.44e-20
 1.57348e+17	1.00e+00	2.57e-10	1.34e-20
 1.57822e+17	1.00e+00	2.48e-10	1.25e-20
 1.58274e+17	1.00e+00	2.39e-10	1.16e-20
 1.58707e+17	1.00e+00	2.32e-10	1.09e-20
 1.59120e+17	1.00e+00	2.25e-10	1.03e-20
 1.59517e+17	1.00e+00	2.18e-10	9.67e-21
 1.59896e+17	1.00e+00	2.12e-10	0.00e+00
 1.60261e+17	1.00e+00	2.06e-10	0.00e+00
 1.60611e+17	1.00e+00	2.01e-10	0.00e+00
 1.60949e+17	1.00e+00	1.96e-10	0.00e+00
 1.61274e+17	1.00e+00	1.91e-10	0.00e+00
 1.61588e+17	1.00e+00	1.87e-10	0.00e+00
 1.61892e+17	1.00e+00	1.83e-10	0.00e+00
 1.62187e+17	1.00e+00	1.79e-10	0.00e+00
 1.62473e+17	1.00e+00	1.75e-10	0.00e+00
 1.62753e+17	1.00e+00	1.72e-10	0.00e+00
 1.63026e+17	1.00e+00	1.68e-10	0.00e+00
 1.63294e+17	1.00e+00	1.65e-10	0.00e+00
 1.63559e+17	1.00e+00	1.62e-10	0.00e+00
 1.63820e+17	1.00e+00	1.59e-10	0.00e+00
 1.64080e+17	1.00e+00	1.56e-10	0.00e+00
 1.64339e+17	1.00e+00	1.53e-10	0.00e+00
 1.64601e+17	1.00e+00	1.50e-10	0.00e+00
 1.64865e+17	1.00e+00	1.47e-10	0.00e+00
 1.65136e+17	1.00e+00	1.44e-10	0.00e+00
 1.65414e+17	1.00e+00	1.41e-10	0.00e+00
 1.65704e+17	1.00e+00	1.38e-10	0.00e+00
 1.66009e+17	1.00e+00	1.35e-10	0.00e+00
 1.66336e+17	1.00e+00	1.32e-10	0.00e+00
 1.66690e+17	1.00e+00	1.29e-10	0.00e+00
 1.67082e+17	1.00e+00	1.25e-10	0.00e+00
 1.67525e+17	1.00e+00	1.21e-10	0.00e+00
 1.68039e+17	1.00e+00	1.16e-10	0.00e+00
 1.68651e+17	1.00e+00	1.11e-10	0.00e+00
 1.69407e+17	1.00e+00	1.05e-10	0.00e+00
 1.70374e+17	1.00e+00	9.80e-11	0.00e+00
 1.71631e+17	1.00e+00	8.94e-11	0.00e+00
 1.73265e+17	1.00e+00	7.94e-11	0.00e+00
 1.75390e+17	1.00e+00	6.81e-11	0.00e+00
 1.78152e+17	1.00e+00	5.60e-11	0.00e+00
 1.81742e+17	1.00e+00	4.36e-11	0.00e+00
 1.86410e+17	1.00e+00	3.17e-11	0.00e+00
 1.92180e+17	1.00e+00	2.17e-11	0.00e+00
 1.98505e+17	1.00e+00	1.46e-11	0.00e+00
 2.04983e+17	1.00e+00	1.00e-11	0.00e+00
 2.11586e+17	1.00e+00	7.07e-12	0.00e+00
 2.18221e+17	1.00e+00	5.17e-12	0.00e+00
 2.24855e+17	1.00e+00	3.94e-12	0.00e+00
 2.31489e+17	1.00e+00	3.14e-12	0.00e+00
 2.38124e+17	1.00e+00	2.60e-12	0.00e+00
 2.44758e+17	1.00e+00	2.24e-12	0.00e+00
 2.51393e+17	1.00e+00	1.99e-12	0.00e+00
 2.58027e+17	1.00e+00	1.81e-12	0.00e+00
 2.64661e+17	1.00e+00	1.67e-12	0.00e+00
 2.71296e+17	1.00e+00	1.57e-12	0.00e+00
 2.77930e+17	1.00e+00	1.49e-12	0.00e+00
 2.84564e+17	1.00e+00	1.42e-12	0.00e+00
 2.91199e+17	1.00e+00	1.36e-12	0.00e+00
 2.98828e+17	1.00e+00	1.31e-12	0.00e+00
 3.08747e+17	1.00e+00	1.05e-12	0.00e+00
 3.20640e+17	1.00e+00	7.31e-13	0.00e+00
 3.33466e+17	1.00e+00	5.62e-13	0.00e+00
 3.46804e+17	1.00e+00	4.81e-13	0.00e+00
 3.60676e+17	1.00e+00	4.12e-13	0.00e+00
 3.74348e+17	1.00e+00	3.49e-13	0.00e+00
 3.86565e+17	1.00e+00	3.48e-13	0.00e+00
 3.97053e+17	1.00e+00	3.91e-13	0.00e+00
 4.06509e+17	1.00e+00	4.21e-13	0.00e+00
 4.17059e+17	1.00e+00	4.11e-13	0.00e+00
 4.28676e+17	1.00e+00	2.76e-13	0.00e+00
 4.38138e+17	1.00e+00	2.43e-13	0.00e+00
 4.43746e+17	1.00e+00	2.94e-13	0.00e+00
 4.46293e+17	1.00e+00	3.55e-13	0.00e+00
 4.47467e+17	1.00e+00	3.85e-13	0.00e+00
 4.48145e+17	1.00e+00	4.01e-13	0.00e+00
 4.48597e+17	1.00e+00	4.09e-13	0.00e+00
 4.48987e+17	1.00e+00	4.16e-13	0.00e+00
 4.49411e+17	1.00e+00	4.21e-13	0.00e+00
 4.49906e+17	1.00e+00	4.26e-13	0.00e+00
 4.50397e+17	1.00e+00	4.30e-13	0.00e+00
 4.50773e+17	1.00e+00	4.33e-13	0.00e+00
 4.51074e+17	1.00e+00	4.35e-13	0.00e+00
 4.51396e+17	1.00e+00	4.37e-13	0.00e+00
 4.51750e+17	1.00e+00	4.38e-13	0.00e+00
 4.52104e+17	1.00e+00	4.39e-13	0.00e+00
 4.52408e+17	1.00e+00	4.40e-13	0.00e+00
 4.52651e+17	1.00e+00	4.40e-13	0.00e+00
 4.52873e+17	1.00e+00	4.40e-13	0.00e+00
 4.53107e+17	1.00e+00	4.40e-13	0.00e+00
 4.53358e+17	1.00e+00	4.40e-13	0.00e+00
 4.53602e+17	1.00e+00	4.40e-13	0.00e+00
 4.53808e+17	1.00e+00	4.39e-13	0.00e+00
 4.53983e+17	1.00e+00	4.39e-13	0.00e+00
 4.54165e+17	1.00e+00	4.39e-13	0.00e+00
 4.54372e+17	1.00e+00	4.38e-13	0.00e+00
 4.54586e+17	1.00e+00	4.37e-13	0.00e+00
 4.54774e+17	1.00e+00	4.36e-13	0.00e+00
 4.54930e+17	1.00e+00	4.36e-13	0.00e+00
 4.55074e+17	1.00e+00	4.35e-13	0.00e+00
 4.55238e+17	1.00e+00	4.34e-13	0.00e+00
 4.55431e+17	1.00e+00	4.33e-13	0.00e+00
 4.55620e+17	1.00e+00	4.32e-13	0.00e+00
 4.55779e+17	1.00e+00	4.31e-13	0.00e+00
 4.55921e+17	1.00e+00	4.30e-13	0.00e+00
 4.56071e+17	1.00e+00	4.29e-13	0.00e+00
 4.56232e+17	1.00e+00	4.28e-13	0.00e+00
 4.56403e+17	1.00e+00	4.26e-13	0.00e+00
 4.56569e+17	1.00e+00	4.25e-13	0.00e+00
 4.56722e+17	1.00e+00	4.24e-13	0.00e+00
 4.56872e+17	1.00e+00	4.22e-13	0.00e+00
 4.57027e+17	1.00e+00	4.21e-13	0.00e+00
 4.57200e+17	1.00e+00	4.20e-13	0.00e+00
 4.57383e+17	1.00e+00	4.17e-13	0.00e+00
 4.57549e+17	1.00e+00	4.16e-13	0.00e+00
 4.57709e+17	1.00e+00	4.14e-13	0.00e+00
 4.57876e+17	1.00e+00	4.13e-13	0.00e+00
 4.58055e+17	1.00e+00	4.11e-13	0.00e+00
 4.58255e+17	1.00e+00	4.09e-13	0.00e+00
 4.58467e+17	1.00e+00	4.06e-13	0.00e+00
 4.58658e+17	1.00e+00	4.04e-13	0.00e+00
 4.58824e+17	1.00e+00	4.02e-13	0.00e+00
 4.59003e+17	1.00e+00	4.00e-13	0.00e+00
 4.59223e+17	1.00e+00	3.97e-13	0.00e+00
 4.59462e+17	1.00e+00	3.94e-13	0.00e+00
 4.59687e+17	1.00e+00	3.91e-13	0.00e+00
 4.59893e+17	1.00e+00	3.88e-13	0.00e+00
 4.60101e+17	1.00e+00	3.86e-13	0.00e+00
 4.60331e+17	1.00e+00	3.83e-13	0.00e+00
 4.60587e+17	1.00e+00	3.80e-13	0.00e+00
 4.60844e+17	1.00e+00	3.76e-13	0.00e+00
 4.61094e+17	1.00e+00	3.73e-13	0.00e+00
 4.61349e+17	1.00e+00	3.69e-13	0.00e+00
 4.61592e+17	1.00e+00	3.66e-13	0.00e+00
 4.61854e+17	1.00e+00	3.62e-13	0.00e+00
 4.62158e+17	1.00e+00	3.58e-13	0.00e+00
 4.62477e+17	1.00e+00	3.53e-13	0.00e+00
 4.62787e+17	1.00e+00	3.49e-13	0.00e+00
 4.63084e+17	1.00e+00	3.44e-13	0.00e+00
 4.63388e+17	1.00e+00	3.40e-13	0.00e+00
 4.63711e+17	1.00e+00	3.35e-13	0.00e+00
 4.64058e+17	1.00e+00	3.30e-13	0.00e+00
 4.64420e+17	1.00e+00	3.25e-13	0.00e+00
 4.64782e+17	1.00e+00	3.19e-13	0.00e+00
 4.65141e+17	1.00e+00	3.14e-13	0.00e+00
 4.65496e+17	1.00e+00	3.09e-13	0.00e+00
 4.65886e+17	1.00e+00	3.03e-13	0.00e+00
 4.66313e+17	1.00e+00	2.97e-13	0.00e+00
 4.66739e+17	1.00e+00	2.91e-13	0.00e+00
 4.67154e+17	1.00e+00	2.84e-13	0.00e+00
 4.67575e+17	1.00e+00	2.78e-13	0.00e+00
 4.68016e+17	1.00e+00	2.72e-13	0.00e+00
 4.68482e+17	1.00e+00	2.65e-13	0.00e+00
 4.68966e+17	1.00e+00	2.58e-13	0.00e+00
 4.69449e+17	1.00e+00	2.51e-13	0.00e+00
 4.69921e+17	1.00e+00	2.44e-13	0.00e+00
 4.70404e+17	1.00e+00	2.38e-13	0.00e+00
 4.70920e+17	1.00e+00	2.31e-13	0.00e+00
 4.71465e+17	1.00e+00	2.23e-13	0.00e+00
 4.72014e+17	1.00e+00	2.16e-13	0.00e+00
 4.72547e+17	1.00e+00	2.08e-13	0.00e+00
 4.73090e+17	1.00e+00	2.01e-13	0.00e+00
 4.73669e+17	1.00e+00	1.94e-13	0.00e+00
 4.74278e+17	1.00e+00	1.86e-13	0.00e+00
 4.74891e+17	1.00e+00	1.78e-13	0.00e+00
 4.75495e+17	1.00e+00	1.71e-13	0.00e+00
 4.76101e+17	1.00e+00	1.64e-13	0.00e+00
 4.76732e+17	1.00e+00	1.56e-13	0.00e+00
 4.77387e+17	1.00e+00	1.49e-13	0.00e+00
 4.78071e+17	1.00e+00	1.41e-13	0.00e+00
 4.78769e+17	1.00e+00	1.34e-13	0.00e+00
 4.79450e+17	1.00e+00	1.26e-13	0.00e+00
 4.80132e+17	1.00e+00	1.20e-13	0.00e+00
 4.80850e+17	1.00e+00	1.13e-13	0.00e+00
 4.81609e+17	1.00e+00	1.06e-13	0.00e+00
 4.82406e+17	1.00e+00	9.86e-14	0.00e+00
 4.83217e+17	1.00e+00	9.14e-14	0.00e+00
 4.84008e+17	1.00e+00	8.49e-14	0.00e+00
 4.84799e+17	1.00e+00	7.88e-14	0.00e+00
 4.85577e+17	1.00e+00	7.29e-14	0.00e+00
 4.86275e+17	1.00e+00	6.76e-14	0.00e+00
 4.86866e+17	1.00e+00	6.34e-14	0.00e+00
 4.87383e+17	1.00e+00	5.98e-14	0.00e+00
 4.87878e+17	1.00e+00	5.69e-14	0.00e+00
 4.88377e+17	1.00e+00	5.39e-14	0.00e+00
 4.88869e+17	1.00e+00	5.11e-14	0.00e+00
 4.89330e+17	1.00e+00	4.85e-14	0.00e+00
 4.89752e+17	1.00e+00	4.62e-14	0.00e+00
 4.90147e+17	1.00e+00	4.41e-14	0.00e+00
 4.90529e+17	1.00e+00	4.22e-14	0.00e+00
 4.90907e+17	1.00e+00	4.04e-14	0.00e+00
 4.91277e+17	1.00e+00	3.87e-14	0.00e+00
 4.91630e+17	1.00e+00	3.70e-14	0.00e+00
 4.91965e+17	1.00e+00	3.55e-14	0.00e+00
 4.92285e+17	1.00e+00	3.42e-14	0.00e+00
 4.92597e+17	1.00e+00	3.28e-14	0.00e+00
 4.92903e+17	1.00e+00	3.16e-14	0.00e+00
 4.93200e+17	1.00e+00	3.04e-14	0.00e+00
 4.93486e+17	1.00e+00	2.92e-14	0.00e+00
 4.93760e+17	1.00e+00	2.82e-14	0.00e+00
 4.94026e+17	1.00e+00	2.72e-14	0.00e+00
 4.94284e+17	1.00e+00	2.62e-14	0.00e+00
 4.94537e+17	1.00e+00	2.53e-14	0.00e+00
 4.94781e+17	1.00e+00	2.44e-14	0.00e+00
 4.95018e+17	1.00e+00	2.36e-14	0.00e+00
 4.95250e+17	1.00e+00	2.28e-14	0.00e+00
 4.95475e+17	1.00e+00	2.21e-14	0.00e+00
 4.95692e+17	1.00e+00	2.13e-14	0.00e+00
 4.95938e+17	1.00e+00	2.06e-14	0.00e+00
 4.96258e+17	1.00e+00	1.97e-14	0.00e+00
 4.96674e+17	1.00e+00	1.87e-14	0.00e+00
 4.97214e+17	1.00e+00	1.73e-14	0.00e+00
 4.97916e+17	1.00e+00	1.56e-14	0.00e+00
 4.98787e+17	1.00e+00	1.36e-14	0.00e+00
 4.99797e+17	1.00e+00	1.15e-14	0.00e+00
 5.00815e+17	1.00e+00	9.38e-15	0.00e+00
 5.01626e+17	1.00e+00	7.84e-15	0.00e+00
 5.02200e+17	1.00e+00	6.92e-15	0.00e+00
 5.02677e+17	1.00e+00	6.29e-15	0.00e+00
 5.03183e+17	1.00e+00	5.76e-15	0.00e+00
 5.03784e+17	1.00e+00	5.18e-15	0.00e+00
