#depth	He	He+	He+2
 1.49634e+10	2.26e-20	2.01e-10	1.00e+00
 4.54887e+10	2.64e-20	2.22e-10	1.00e+00
 7.72350e+10	3.05e-20	2.45e-10	1.00e+00
 1.10251e+11	3.52e-20	2.70e-10	1.00e+00
 1.44588e+11	4.06e-20	2.99e-10	1.00e+00
 1.80298e+11	4.68e-20	3.30e-10	1.00e+00
 2.17437e+11	5.37e-20	3.65e-10	1.00e+00
 2.56061e+11	6.17e-20	4.04e-10	1.00e+00
 2.91040e+11	6.96e-20	4.42e-10	1.00e+00
 3.20258e+11	7.64e-20	4.75e-10	1.00e+00
 3.52296e+11	8.44e-20	5.13e-10	1.00e+00
 3.92776e+11	9.53e-20	5.64e-10	1.00e+00
 4.34967e+11	1.08e-19	6.21e-10	1.00e+00
 4.70865e+11	1.19e-19	6.72e-10	1.00e+00
 5.07843e+11	1.31e-19	7.27e-10	1.00e+00
 5.54282e+11	1.47e-19	8.00e-10	1.00e+00
 6.01422e+11	1.65e-19	8.80e-10	1.00e+00
 6.41989e+11	1.81e-19	9.51e-10	1.00e+00
 6.85611e+11	2.00e-19	1.03e-09	1.00e+00
 7.39435e+11	2.24e-19	1.14e-09	1.00e+00
 7.94554e+11	2.52e-19	1.25e-09	1.00e+00
 8.44373e+11	2.78e-19	1.36e-09	1.00e+00
 8.99273e+11	3.09e-19	1.49e-09	1.00e+00
 9.63873e+11	3.50e-19	1.65e-09	1.00e+00
 1.02847e+12	3.95e-19	1.81e-09	1.00e+00
 1.08995e+12	4.43e-19	1.98e-09	1.00e+00
 1.15778e+12	5.00e-19	2.17e-09	1.00e+00
 1.23402e+12	5.73e-19	2.40e-09	1.00e+00
 1.30263e+12	6.47e-19	2.62e-09	1.00e+00
 1.35925e+12	7.13e-19	2.81e-09	1.00e+00
 1.42109e+12	7.93e-19	3.02e-09	1.00e+00
 1.50013e+12	9.06e-19	3.30e-09	1.00e+00
 1.57993e+12	1.04e-18	3.61e-09	1.00e+00
 1.64593e+12	1.15e-18	3.87e-09	1.00e+00
 1.71559e+12	1.29e-18	4.15e-09	1.00e+00
 1.80502e+12	1.49e-18	4.54e-09	1.00e+00
 1.89883e+12	1.73e-18	4.96e-09	1.00e+00
 1.98098e+12	1.96e-18	5.34e-09	1.00e+00
 2.06932e+12	2.23e-18	5.78e-09	1.00e+00
 2.17660e+12	2.61e-18	6.33e-09	1.00e+00
 2.28043e+12	3.04e-18	6.89e-09	1.00e+00
 2.36779e+12	3.43e-18	7.38e-09	1.00e+00
 2.46182e+12	3.90e-18	7.92e-09	1.00e+00
 2.58022e+12	4.57e-18	8.64e-09	1.00e+00
 2.70178e+12	5.35e-18	9.42e-09	1.00e+00
 2.80757e+12	6.11e-18	1.01e-08	1.00e+00
 2.92143e+12	7.02e-18	1.09e-08	1.00e+00
 3.06046e+12	8.28e-18	1.19e-08	1.00e+00
 3.20031e+12	9.73e-18	1.30e-08	1.00e+00
 3.32510e+12	1.12e-17	1.39e-08	1.00e+00
 3.46225e+12	1.29e-17	1.50e-08	1.00e+00
 3.62553e+12	1.53e-17	1.64e-08	1.00e+00
 3.78860e+12	1.81e-17	1.79e-08	1.00e+00
 3.94016e+12	2.09e-17	1.93e-08	1.00e+00
 4.10967e+12	2.45e-17	2.09e-08	1.00e+00
 4.30398e+12	2.91e-17	2.29e-08	1.00e+00
 4.49727e+12	3.44e-17	2.49e-08	1.00e+00
 4.69829e+12	4.06e-17	2.71e-08	1.00e+00
 4.91614e+12	4.83e-17	2.96e-08	1.00e+00
 5.14272e+12	5.72e-17	3.22e-08	1.00e+00
 5.35774e+12	6.70e-17	3.49e-08	1.00e+00
 5.55132e+12	7.68e-17	3.74e-08	1.00e+00
 5.73215e+12	8.69e-17	3.98e-08	1.00e+00
 5.93171e+12	9.90e-17	4.26e-08	1.00e+00
 6.15623e+12	1.14e-16	4.57e-08	1.00e+00
 6.37091e+12	1.30e-16	4.89e-08	1.00e+00
 6.60770e+12	1.50e-16	5.24e-08	1.00e+00
 6.87149e+12	1.74e-16	5.65e-08	1.00e+00
 7.11423e+12	1.99e-16	6.05e-08	1.00e+00
 7.33902e+12	2.24e-16	6.42e-08	1.00e+00
 7.59662e+12	2.55e-16	6.86e-08	1.00e+00
 7.91202e+12	2.98e-16	7.41e-08	1.00e+00
 8.22711e+12	3.46e-16	8.00e-08	1.00e+00
 8.50117e+12	3.92e-16	8.52e-08	1.00e+00
 8.79739e+12	4.46e-16	9.09e-08	1.00e+00
 9.15908e+12	5.19e-16	9.81e-08	1.00e+00
 9.52802e+12	6.04e-16	1.06e-07	1.00e+00
 9.86151e+12	6.87e-16	1.13e-07	1.00e+00
 1.02268e+13	7.87e-16	1.21e-07	1.00e+00
 1.06569e+13	9.18e-16	1.31e-07	1.00e+00
 1.10863e+13	1.07e-15	1.41e-07	1.00e+00
 1.14907e+13	1.22e-15	1.51e-07	1.00e+00
 1.19381e+13	1.40e-15	1.62e-07	1.00e+00
 1.24455e+13	1.64e-15	1.76e-07	1.00e+00
 1.29532e+13	1.90e-15	1.89e-07	1.00e+00
 1.34812e+13	2.22e-15	2.04e-07	1.00e+00
 1.40504e+13	2.58e-15	2.21e-07	1.00e+00
 1.46423e+13	3.01e-15	2.38e-07	1.00e+00
 1.52140e+13	3.47e-15	2.56e-07	1.00e+00
 1.57493e+13	3.95e-15	2.74e-07	1.00e+00
 1.62517e+13	4.44e-15	2.90e-07	1.00e+00
 1.67968e+13	5.02e-15	3.09e-07	1.00e+00
 1.74081e+13	5.73e-15	3.31e-07	1.00e+00
 1.79876e+13	6.49e-15	3.52e-07	1.00e+00
 1.86231e+13	7.38e-15	3.76e-07	1.00e+00
 1.93370e+13	8.49e-15	4.04e-07	1.00e+00
 2.00175e+13	9.67e-15	4.32e-07	1.00e+00
 2.07653e+13	1.11e-14	4.63e-07	1.00e+00
 2.16002e+13	1.29e-14	5.00e-07	1.00e+00
 2.23997e+13	1.48e-14	5.36e-07	1.00e+00
 2.32569e+13	1.70e-14	5.76e-07	1.00e+00
 2.42171e+13	1.98e-14	6.24e-07	1.00e+00
 2.51040e+13	2.27e-14	6.69e-07	1.00e+00
 2.58713e+13	2.55e-14	7.10e-07	1.00e+00
 2.67223e+13	2.87e-14	7.55e-07	1.00e+00
 2.77623e+13	3.33e-14	8.15e-07	1.00e+00
 2.88139e+13	3.83e-14	8.76e-07	1.00e+00
 2.97585e+13	4.33e-14	9.35e-07	1.00e+00
 3.07981e+13	4.92e-14	9.99e-07	1.00e+00
 3.20283e+13	5.72e-14	1.08e-06	1.00e+00
 3.32382e+13	6.60e-14	1.17e-06	1.00e+00
 3.43422e+13	7.44e-14	1.24e-06	1.00e+00
 3.55768e+13	8.52e-14	1.33e-06	1.00e+00
 3.70151e+13	9.90e-14	1.44e-06	1.00e+00
 3.84298e+13	1.14e-13	1.56e-06	1.00e+00
 3.97672e+13	1.29e-13	1.67e-06	1.00e+00
 4.12540e+13	1.49e-13	1.79e-06	1.00e+00
 4.29340e+13	1.72e-13	1.94e-06	1.00e+00
 4.46139e+13	1.99e-13	2.10e-06	1.00e+00
 4.61903e+13	2.26e-13	2.25e-06	1.00e+00
 4.78971e+13	2.59e-13	2.42e-06	1.00e+00
 4.98032e+13	2.98e-13	2.62e-06	1.00e+00
 5.15857e+13	3.40e-13	2.81e-06	1.00e+00
 5.32399e+13	3.81e-13	2.99e-06	1.00e+00
 5.48292e+13	4.24e-13	3.17e-06	1.00e+00
 5.65894e+13	4.76e-13	3.38e-06	1.00e+00
 5.85367e+13	5.38e-13	3.62e-06	1.00e+00
 6.03530e+13	6.00e-13	3.85e-06	1.00e+00
 6.23401e+13	6.74e-13	4.11e-06	1.00e+00
 6.45748e+13	7.66e-13	4.41e-06	1.00e+00
 6.67023e+13	8.58e-13	4.71e-06	1.00e+00
 6.90385e+13	9.69e-13	5.04e-06	1.00e+00
 7.16161e+13	1.10e-12	5.44e-06	1.00e+00
 7.39922e+13	1.24e-12	5.80e-06	1.00e+00
 7.65656e+13	1.39e-12	6.23e-06	1.00e+00
 7.94401e+13	1.59e-12	6.70e-06	1.00e+00
 8.21434e+13	1.78e-12	7.17e-06	1.00e+00
 8.50954e+13	2.01e-12	7.71e-06	1.00e+00
 8.83736e+13	2.30e-12	8.33e-06	1.00e+00
 9.14359e+13	2.58e-12	8.93e-06	1.00e+00
 9.47614e+13	2.93e-12	9.60e-06	1.00e+00
 9.84777e+13	3.34e-12	1.04e-05	1.00e+00
 1.02004e+14	3.77e-12	1.12e-05	1.00e+00
 1.05776e+14	4.29e-12	1.21e-05	1.00e+00
 1.10037e+14	4.91e-12	1.31e-05	1.00e+00
 1.14235e+14	5.60e-12	1.42e-05	1.00e+00
 1.18602e+14	6.39e-12	1.53e-05	1.00e+00
 1.23376e+14	7.34e-12	1.67e-05	1.00e+00
 1.28086e+14	8.34e-12	1.80e-05	1.00e+00
 1.31990e+14	9.30e-12	1.93e-05	1.00e+00
 1.35110e+14	1.01e-11	2.02e-05	1.00e+00
 1.38544e+14	1.10e-11	2.13e-05	1.00e+00
 1.43009e+14	1.24e-11	2.29e-05	1.00e+00
 1.47807e+14	1.39e-11	2.46e-05	1.00e+00
 1.52082e+14	1.54e-11	2.61e-05	1.00e+00
 1.56684e+14	1.72e-11	2.79e-05	1.00e+00
 1.62485e+14	1.96e-11	3.03e-05	1.00e+00
 1.68358e+14	2.22e-11	3.27e-05	1.00e+00
 1.73388e+14	2.48e-11	3.49e-05	1.00e+00
 1.78812e+14	2.79e-11	3.74e-05	1.00e+00
 1.85530e+14	3.20e-11	4.06e-05	1.00e+00
 1.92365e+14	3.64e-11	4.40e-05	1.00e+00
 1.98398e+14	4.10e-11	4.72e-05	1.00e+00
 2.04955e+14	4.64e-11	5.08e-05	1.00e+00
 2.12849e+14	5.36e-11	5.53e-05	1.00e+00
 2.20675e+14	6.16e-11	6.00e-05	1.00e+00
 2.27656e+14	6.92e-11	6.43e-05	1.00e+00
 2.35349e+14	7.88e-11	6.94e-05	1.00e+00
 2.44506e+14	9.11e-11	7.57e-05	1.00e+00
 2.53614e+14	1.05e-10	8.22e-05	1.00e+00
 2.61989e+14	1.19e-10	8.86e-05	1.00e+00
 2.71365e+14	1.35e-10	9.58e-05	1.00e+00
 2.82212e+14	1.59e-10	1.05e-04	1.00e+00
 2.92837e+14	1.84e-10	1.14e-04	1.00e+00
 3.03888e+14	2.13e-10	1.24e-04	1.00e+00
 3.13986e+14	2.39e-10	1.33e-04	1.00e+00
 3.21443e+14	2.65e-10	1.41e-04	1.00e+00
 3.29108e+14	2.91e-10	1.48e-04	1.00e+00
 3.39073e+14	3.28e-10	1.59e-04	1.00e+00
 3.49919e+14	3.67e-10	1.70e-04	1.00e+00
 3.59786e+14	4.11e-10	1.81e-04	1.00e+00
 3.70489e+14	4.62e-10	1.94e-04	1.00e+00
 3.82572e+14	5.31e-10	2.08e-04	1.00e+00
 3.94124e+14	5.96e-10	2.23e-04	1.00e+00
 4.06814e+14	6.70e-10	2.39e-04	1.00e+00
 4.21011e+14	7.80e-10	2.58e-04	1.00e+00
 4.34430e+14	8.80e-10	2.77e-04	1.00e+00
 4.49137e+14	9.97e-10	2.98e-04	1.00e+00
 4.66613e+14	1.18e-09	3.25e-04	1.00e+00
 4.83681e+14	1.36e-09	3.51e-04	1.00e+00
 4.98936e+14	1.54e-09	3.77e-04	1.00e+00
 5.15846e+14	1.75e-09	4.05e-04	1.00e+00
 5.35927e+14	2.07e-09	4.41e-04	1.00e+00
 5.55892e+14	2.36e-09	4.78e-04	1.00e+00
 5.74371e+14	2.71e-09	5.14e-04	9.99e-01
 5.95091e+14	3.13e-09	5.56e-04	9.99e-01
 6.18925e+14	3.74e-09	6.06e-04	9.99e-01
 6.42251e+14	4.36e-09	6.57e-04	9.99e-01
 6.66510e+14	5.07e-09	7.13e-04	9.99e-01
 6.88703e+14	5.81e-09	7.66e-04	9.99e-01
 7.05117e+14	6.40e-09	8.06e-04	9.99e-01
 7.21920e+14	7.05e-09	8.48e-04	9.99e-01
 7.43763e+14	7.85e-09	9.04e-04	9.99e-01
 7.67708e+14	9.06e-09	9.69e-04	9.99e-01
 7.89490e+14	1.02e-08	1.03e-03	9.99e-01
 8.12914e+14	1.13e-08	1.10e-03	9.99e-01
 8.42691e+14	1.34e-08	1.19e-03	9.99e-01
 8.72628e+14	1.53e-08	1.28e-03	9.99e-01
 8.97572e+14	1.71e-08	1.36e-03	9.99e-01
 9.24125e+14	1.92e-08	1.44e-03	9.99e-01
 9.57931e+14	2.26e-08	1.56e-03	9.98e-01
 9.93374e+14	2.58e-08	1.69e-03	9.98e-01
 1.02468e+15	3.01e-08	1.80e-03	9.98e-01
 1.05841e+15	3.44e-08	1.93e-03	9.98e-01
 1.09904e+15	3.93e-08	2.09e-03	9.98e-01
 1.13935e+15	4.67e-08	2.26e-03	9.98e-01
 1.17519e+15	5.28e-08	2.42e-03	9.98e-01
 1.21447e+15	5.98e-08	2.59e-03	9.97e-01
 1.26143e+15	7.15e-08	2.82e-03	9.97e-01
 1.30806e+15	8.25e-08	3.04e-03	9.97e-01
 1.34922e+15	9.29e-08	3.25e-03	9.97e-01
 1.39356e+15	1.06e-07	3.48e-03	9.97e-01
 1.44700e+15	1.27e-07	3.78e-03	9.96e-01
 1.49916e+15	1.47e-07	4.08e-03	9.96e-01
 1.54027e+15	1.65e-07	4.33e-03	9.96e-01
 1.58012e+15	1.84e-07	4.57e-03	9.95e-01
 1.63193e+15	2.07e-07	4.90e-03	9.95e-01
 1.68767e+15	2.44e-07	5.28e-03	9.95e-01
 1.73386e+15	2.73e-07	5.60e-03	9.94e-01
 1.77926e+15	3.04e-07	5.93e-03	9.94e-01
 1.83829e+15	3.44e-07	6.36e-03	9.94e-01
 1.90248e+15	4.08e-07	6.88e-03	9.93e-01
 1.95729e+15	4.58e-07	7.32e-03	9.93e-01
 2.01244e+15	5.11e-07	7.79e-03	9.92e-01
 2.08413e+15	6.08e-07	8.44e-03	9.92e-01
 2.15730e+15	7.01e-07	9.12e-03	9.91e-01
 2.21791e+15	7.84e-07	9.71e-03	9.90e-01
 2.28220e+15	8.89e-07	1.04e-02	9.90e-01
 2.35450e+15	1.04e-06	1.12e-02	9.89e-01
 2.42185e+15	1.18e-06	1.19e-02	9.88e-01
 2.49407e+15	1.35e-06	1.28e-02	9.87e-01
 2.57437e+15	1.53e-06	1.38e-02	9.86e-01
 2.64795e+15	1.79e-06	1.48e-02	9.85e-01
 2.71303e+15	2.00e-06	1.57e-02	9.84e-01
 2.77241e+15	2.21e-06	1.66e-02	9.83e-01
 2.83770e+15	2.46e-06	1.76e-02	9.82e-01
 2.91010e+15	2.80e-06	1.88e-02	9.81e-01
 2.97491e+15	3.09e-06	1.99e-02	9.80e-01
 3.04230e+15	3.43e-06	2.12e-02	9.79e-01
 3.12992e+15	4.03e-06	2.29e-02	9.77e-01
 3.22155e+15	4.56e-06	2.48e-02	9.75e-01
 3.30054e+15	5.30e-06	2.67e-02	9.73e-01
 3.37101e+15	5.93e-06	2.84e-02	9.72e-01
 3.43784e+15	6.60e-06	3.01e-02	9.70e-01
 3.51425e+15	7.43e-06	3.23e-02	9.68e-01
 3.59845e+15	8.56e-06	3.49e-02	9.65e-01
 3.68028e+15	9.69e-06	3.76e-02	9.62e-01
 3.75882e+15	1.09e-05	4.04e-02	9.60e-01
 3.84555e+15	1.29e-05	4.40e-02	9.56e-01
 3.93865e+15	1.48e-05	4.80e-02	9.52e-01
 4.02153e+15	1.68e-05	5.21e-02	9.48e-01
 4.11078e+15	1.96e-05	5.71e-02	9.43e-01
 4.20097e+15	2.36e-05	6.28e-02	9.37e-01
 4.26387e+15	2.63e-05	6.70e-02	9.33e-01
 4.31713e+15	2.91e-05	7.12e-02	9.29e-01
 4.38636e+15	3.31e-05	7.71e-02	9.23e-01
 4.46369e+15	3.88e-05	8.45e-02	9.15e-01
 4.52371e+15	4.34e-05	9.07e-02	9.09e-01
 4.56475e+15	4.73e-05	9.54e-02	9.05e-01
 4.60895e+15	5.21e-05	1.01e-01	8.99e-01
 4.66640e+15	5.79e-05	1.09e-01	8.91e-01
 4.74110e+15	7.03e-05	1.21e-01	8.79e-01
 4.80225e+15	8.01e-05	1.32e-01	8.68e-01
 4.83586e+15	8.67e-05	1.38e-01	8.62e-01
 4.86960e+15	9.44e-05	1.46e-01	8.54e-01
 4.91347e+15	1.04e-04	1.56e-01	8.44e-01
 4.97049e+15	1.23e-04	1.71e-01	8.29e-01
 5.01996e+15	1.39e-04	1.85e-01	8.15e-01
 5.05188e+15	1.52e-04	1.95e-01	8.05e-01
 5.08566e+15	1.68e-04	2.07e-01	7.93e-01
 5.12957e+15	1.87e-04	2.24e-01	7.76e-01
 5.18665e+15	2.26e-04	2.48e-01	7.52e-01
 5.23464e+15	2.54e-04	2.70e-01	7.30e-01
 5.27079e+15	2.91e-04	2.90e-01	7.10e-01
 5.30613e+15	3.23e-04	3.09e-01	6.91e-01
 5.34041e+15	3.56e-04	3.30e-01	6.69e-01
 5.38497e+15	4.16e-04	3.60e-01	6.40e-01
 5.42601e+15	4.73e-04	3.88e-01	6.11e-01
 5.45568e+15	5.19e-04	4.10e-01	5.89e-01
 5.48014e+15	5.59e-04	4.29e-01	5.71e-01
 5.50111e+15	5.97e-04	4.45e-01	5.54e-01
 5.52484e+15	6.44e-04	4.65e-01	5.34e-01
 5.55098e+15	6.98e-04	4.87e-01	5.12e-01
 5.57506e+15	7.49e-04	5.07e-01	4.92e-01
 5.60115e+15	8.11e-04	5.30e-01	4.69e-01
 5.62899e+15	8.79e-04	5.54e-01	4.45e-01
 5.65342e+15	9.40e-04	5.74e-01	4.25e-01
 5.67951e+15	1.01e-03	5.98e-01	4.01e-01
 5.70821e+15	1.09e-03	6.22e-01	3.77e-01
 5.73421e+15	1.17e-03	6.43e-01	3.56e-01
 5.75794e+15	1.24e-03	6.62e-01	3.36e-01
 5.78483e+15	1.33e-03	6.84e-01	3.14e-01
 5.81426e+15	1.42e-03	7.06e-01	2.92e-01
 5.84120e+15	1.51e-03	7.25e-01	2.73e-01
 5.86627e+15	1.59e-03	7.43e-01	2.55e-01
 5.89472e+15	1.69e-03	7.62e-01	2.36e-01
 5.92566e+15	1.80e-03	7.81e-01	2.17e-01
 5.95364e+15	1.90e-03	7.96e-01	2.02e-01
 5.97967e+15	2.00e-03	8.10e-01	1.88e-01
 6.00931e+15	2.11e-03	8.25e-01	1.72e-01
 6.04179e+15	2.24e-03	8.40e-01	1.58e-01
 6.07109e+15	2.35e-03	8.52e-01	1.46e-01
 6.09800e+15	2.46e-03	8.62e-01	1.35e-01
 6.12863e+15	2.59e-03	8.73e-01	1.24e-01
 6.16161e+15	2.74e-03	8.84e-01	1.13e-01
 6.19107e+15	2.88e-03	8.93e-01	1.05e-01
 6.22281e+15	3.03e-03	9.01e-01	9.59e-02
 6.25687e+15	3.20e-03	9.09e-01	8.77e-02
 6.28711e+15	3.37e-03	9.16e-01	8.11e-02
 6.31956e+15	3.56e-03	9.22e-01	7.43e-02
 6.35507e+15	3.79e-03	9.29e-01	6.77e-02
 6.38749e+15	4.01e-03	9.33e-01	6.25e-02
 6.41711e+15	4.23e-03	9.38e-01	5.80e-02
 6.45018e+15	4.51e-03	9.42e-01	5.33e-02
 6.48736e+15	4.85e-03	9.46e-01	4.87e-02
 6.52248e+15	5.21e-03	9.50e-01	4.47e-02
 6.55561e+15	5.59e-03	9.53e-01	4.13e-02
 6.59356e+15	6.09e-03	9.56e-01	3.77e-02
 6.63372e+15	6.69e-03	9.59e-01	3.45e-02
 6.66706e+15	7.29e-03	9.61e-01	3.21e-02
 6.69544e+15	7.88e-03	9.62e-01	3.01e-02
 6.72706e+15	8.63e-03	9.63e-01	2.80e-02
 6.76237e+15	9.60e-03	9.64e-01	2.59e-02
 6.79434e+15	1.06e-02	9.65e-01	2.43e-02
 6.81937e+15	1.16e-02	9.65e-01	2.31e-02
 6.83895e+15	1.25e-02	9.65e-01	2.22e-02
 6.85985e+15	1.36e-02	9.65e-01	2.12e-02
 6.88310e+15	1.49e-02	9.65e-01	2.03e-02
 6.90393e+15	1.64e-02	9.64e-01	1.95e-02
 6.92165e+15	1.77e-02	9.63e-01	1.89e-02
 6.94079e+15	1.94e-02	9.62e-01	1.82e-02
 6.96145e+15	2.15e-02	9.61e-01	1.76e-02
 6.97927e+15	2.37e-02	9.59e-01	1.70e-02
 6.99427e+15	2.56e-02	9.58e-01	1.67e-02
 7.01041e+15	2.82e-02	9.56e-01	1.62e-02
 7.02825e+15	3.14e-02	9.53e-01	1.58e-02
 7.04432e+15	3.47e-02	9.50e-01	1.55e-02
 7.05851e+15	3.80e-02	9.47e-01	1.53e-02
 7.07425e+15	4.23e-02	9.43e-01	1.50e-02
 7.09159e+15	4.78e-02	9.37e-01	1.48e-02
 7.10714e+15	5.37e-02	9.32e-01	1.46e-02
 7.12086e+15	5.97e-02	9.26e-01	1.45e-02
 7.13508e+15	6.69e-02	9.19e-01	1.44e-02
 7.15009e+15	7.56e-02	9.10e-01	1.44e-02
 7.16379e+15	8.49e-02	9.01e-01	1.44e-02
 7.17548e+15	9.40e-02	8.92e-01	1.45e-02
 7.18585e+15	1.03e-01	8.82e-01	1.45e-02
 7.19580e+15	1.13e-01	8.73e-01	1.46e-02
 7.20535e+15	1.23e-01	8.62e-01	1.46e-02
 7.21260e+15	1.31e-01	8.54e-01	1.47e-02
 7.21723e+15	1.37e-01	8.48e-01	1.48e-02
 7.22149e+15	1.43e-01	8.42e-01	1.48e-02
 7.22657e+15	1.50e-01	8.35e-01	1.48e-02
 7.23215e+15	1.58e-01	8.27e-01	1.49e-02
 7.23755e+15	1.66e-01	8.19e-01	1.49e-02
 7.24263e+15	1.75e-01	8.10e-01	1.50e-02
 7.24767e+15	1.83e-01	8.02e-01	1.50e-02
 7.25275e+15	1.92e-01	7.92e-01	1.51e-02
 7.25784e+15	2.02e-01	7.83e-01	1.51e-02
 7.26289e+15	2.12e-01	7.73e-01	1.52e-02
 7.26789e+15	2.23e-01	7.62e-01	1.52e-02
 7.27290e+15	2.34e-01	7.51e-01	1.53e-02
 7.27792e+15	2.45e-01	7.39e-01	1.53e-02
 7.28295e+15	2.58e-01	7.27e-01	1.53e-02
 7.28788e+15	2.70e-01	7.15e-01	1.53e-02
 7.29277e+15	2.83e-01	7.02e-01	1.54e-02
 7.29774e+15	2.97e-01	6.88e-01	1.53e-02
 7.30269e+15	3.10e-01	6.74e-01	1.54e-02
 7.30762e+15	3.25e-01	6.59e-01	1.53e-02
 7.31254e+15	3.40e-01	6.45e-01	1.53e-02
 7.31749e+15	3.56e-01	6.29e-01	1.53e-02
 7.32251e+15	3.72e-01	6.13e-01	1.52e-02
 7.32744e+15	3.88e-01	5.97e-01	1.51e-02
 7.33236e+15	4.05e-01	5.80e-01	1.50e-02
 7.33737e+15	4.22e-01	5.63e-01	1.49e-02
 7.34245e+15	4.40e-01	5.45e-01	1.48e-02
 7.34754e+15	4.59e-01	5.27e-01	1.46e-02
 7.35261e+15	4.77e-01	5.09e-01	1.45e-02
 7.35765e+15	4.95e-01	4.91e-01	1.43e-02
 7.36266e+15	5.13e-01	4.73e-01	1.41e-02
 7.36768e+15	5.31e-01	4.55e-01	1.39e-02
 7.37273e+15	5.49e-01	4.37e-01	1.36e-02
 7.37781e+15	5.67e-01	4.19e-01	1.34e-02
 7.38293e+15	5.85e-01	4.02e-01	1.31e-02
 7.38810e+15	6.02e-01	3.85e-01	1.28e-02
 7.39339e+15	6.20e-01	3.68e-01	1.25e-02
 7.39881e+15	6.36e-01	3.52e-01	1.21e-02
 7.40430e+15	6.53e-01	3.36e-01	1.18e-02
 7.40993e+15	6.69e-01	3.20e-01	1.14e-02
 7.41581e+15	6.84e-01	3.05e-01	1.11e-02
 7.42200e+15	7.00e-01	2.89e-01	1.07e-02
 7.42856e+15	7.15e-01	2.75e-01	1.03e-02
 7.43551e+15	7.29e-01	2.61e-01	9.83e-03
 7.44293e+15	7.43e-01	2.47e-01	9.42e-03
 7.45094e+15	7.56e-01	2.35e-01	8.99e-03
 7.45970e+15	7.69e-01	2.23e-01	8.57e-03
 7.46842e+15	7.79e-01	2.13e-01	8.20e-03
 7.47677e+15	7.88e-01	2.04e-01	7.87e-03
 7.48565e+15	7.96e-01	1.97e-01	7.56e-03
 7.49561e+15	8.03e-01	1.90e-01	7.22e-03
 7.50632e+15	8.10e-01	1.83e-01	6.92e-03
 7.51747e+15	8.16e-01	1.78e-01	6.65e-03
 7.52977e+15	8.21e-01	1.72e-01	6.35e-03
 7.54305e+15	8.26e-01	1.68e-01	6.08e-03
 7.55689e+15	8.31e-01	1.63e-01	5.83e-03
 7.57177e+15	8.35e-01	1.59e-01	5.56e-03
 7.58725e+15	8.39e-01	1.55e-01	5.32e-03
 7.60276e+15	8.43e-01	1.52e-01	5.10e-03
 7.61878e+15	8.47e-01	1.48e-01	4.87e-03
 7.63488e+15	8.50e-01	1.45e-01	4.67e-03
 7.65093e+15	8.53e-01	1.42e-01	4.46e-03
 7.66673e+15	8.56e-01	1.39e-01	4.28e-03
 7.68211e+15	8.59e-01	1.37e-01	4.11e-03
 7.69771e+15	8.62e-01	1.34e-01	3.94e-03
 7.71317e+15	8.65e-01	1.31e-01	3.78e-03
 7.72810e+15	8.68e-01	1.29e-01	3.64e-03
 7.74263e+15	8.70e-01	1.26e-01	3.50e-03
 7.75688e+15	8.73e-01	1.24e-01	3.37e-03
 7.77098e+15	8.75e-01	1.22e-01	3.25e-03
 7.78503e+15	8.77e-01	1.20e-01	3.13e-03
 7.79892e+15	8.79e-01	1.18e-01	3.02e-03
 7.81258e+15	8.81e-01	1.16e-01	2.91e-03
 7.82602e+15	8.83e-01	1.14e-01	2.81e-03
 7.83928e+15	8.85e-01	1.12e-01	2.72e-03
 7.85238e+15	8.87e-01	1.10e-01	2.63e-03
 7.86529e+15	8.89e-01	1.08e-01	2.54e-03
 7.87802e+15	8.91e-01	1.07e-01	2.46e-03
 7.89065e+15	8.93e-01	1.05e-01	2.38e-03
 7.90323e+15	8.94e-01	1.03e-01	2.30e-03
 7.91570e+15	8.96e-01	1.02e-01	2.23e-03
 7.92805e+15	8.98e-01	1.00e-01	2.16e-03
 7.94031e+15	8.99e-01	9.88e-02	2.10e-03
 7.95251e+15	9.01e-01	9.73e-02	2.03e-03
 7.96465e+15	9.02e-01	9.59e-02	1.97e-03
 7.97677e+15	9.04e-01	9.45e-02	1.91e-03
 7.98885e+15	9.05e-01	9.31e-02	1.85e-03
 8.00095e+15	9.06e-01	9.18e-02	1.80e-03
 8.01310e+15	9.08e-01	9.04e-02	1.74e-03
 8.02549e+15	9.09e-01	8.91e-02	1.69e-03
 8.03820e+15	9.11e-01	8.78e-02	1.64e-03
 8.05123e+15	9.12e-01	8.64e-02	1.59e-03
 8.06444e+15	9.13e-01	8.51e-02	1.53e-03
 8.07775e+15	9.15e-01	8.37e-02	1.48e-03
 8.09146e+15	9.16e-01	8.24e-02	1.43e-03
 8.10583e+15	9.18e-01	8.10e-02	1.38e-03
 8.12100e+15	9.19e-01	7.95e-02	1.33e-03
 8.13713e+15	9.21e-01	7.81e-02	1.28e-03
 8.15488e+15	9.22e-01	7.64e-02	1.22e-03
 8.17444e+15	9.24e-01	7.46e-02	1.16e-03
 8.19626e+15	9.26e-01	7.27e-02	1.10e-03
 8.22066e+15	9.28e-01	7.06e-02	1.04e-03
 8.24501e+15	9.30e-01	6.86e-02	9.77e-04
 8.26717e+15	9.32e-01	6.69e-02	9.25e-04
 8.28734e+15	9.34e-01	6.53e-02	8.80e-04
 8.30569e+15	9.35e-01	6.39e-02	8.41e-04
 8.32238e+15	9.37e-01	6.27e-02	8.07e-04
 8.33758e+15	9.38e-01	6.15e-02	7.77e-04
 8.35141e+15	9.39e-01	6.05e-02	7.50e-04
 8.36656e+15	9.40e-01	5.94e-02	7.22e-04
 8.38292e+15	9.41e-01	5.82e-02	6.92e-04
 8.39780e+15	9.42e-01	5.72e-02	6.66e-04
 8.41135e+15	9.43e-01	5.62e-02	6.44e-04
 8.42620e+15	9.44e-01	5.52e-02	6.19e-04
 8.44222e+15	9.45e-01	5.41e-02	5.94e-04
 8.45680e+15	9.46e-01	5.31e-02	5.71e-04
 8.47007e+15	9.47e-01	5.23e-02	5.52e-04
 8.48215e+15	9.48e-01	5.15e-02	5.34e-04
 8.49314e+15	9.49e-01	5.07e-02	5.19e-04
 8.50518e+15	9.50e-01	4.99e-02	5.01e-04
 8.51818e+15	9.50e-01	4.91e-02	4.85e-04
 8.53001e+15	9.51e-01	4.84e-02	4.69e-04
 8.54078e+15	9.52e-01	4.77e-02	4.56e-04
 8.55057e+15	9.53e-01	4.70e-02	4.43e-04
 8.56131e+15	9.53e-01	4.63e-02	4.29e-04
 8.57290e+15	9.54e-01	4.57e-02	4.17e-04
 8.58345e+15	9.55e-01	4.50e-02	4.04e-04
 8.59304e+15	9.55e-01	4.44e-02	3.93e-04
 8.60356e+15	9.56e-01	4.37e-02	3.81e-04
 8.61491e+15	9.57e-01	4.31e-02	3.70e-04
 8.62525e+15	9.57e-01	4.25e-02	3.59e-04
 8.63465e+15	9.58e-01	4.19e-02	3.49e-04
 8.64495e+15	9.58e-01	4.13e-02	3.38e-04
 8.65607e+15	9.59e-01	4.07e-02	3.29e-04
 8.66619e+15	9.60e-01	4.01e-02	3.19e-04
 8.67540e+15	9.60e-01	3.96e-02	3.11e-04
 8.68550e+15	9.61e-01	3.90e-02	3.01e-04
 8.69639e+15	9.61e-01	3.85e-02	2.92e-04
 8.70631e+15	9.62e-01	3.79e-02	2.84e-04
 8.71533e+15	9.62e-01	3.74e-02	2.77e-04
 8.72522e+15	9.63e-01	3.69e-02	2.68e-04
 8.73589e+15	9.63e-01	3.64e-02	2.61e-04
 8.74561e+15	9.64e-01	3.59e-02	2.54e-04
 8.75445e+15	9.64e-01	3.54e-02	2.47e-04
 8.76413e+15	9.65e-01	3.49e-02	2.40e-04
 8.77459e+15	9.65e-01	3.44e-02	2.34e-04
 8.78411e+15	9.66e-01	3.40e-02	2.27e-04
 8.79277e+15	9.66e-01	3.36e-02	2.22e-04
 8.80225e+15	9.67e-01	3.31e-02	2.15e-04
 8.81250e+15	9.67e-01	3.27e-02	2.10e-04
 8.82182e+15	9.68e-01	3.22e-02	2.05e-04
 8.83204e+15	9.68e-01	3.18e-02	1.99e-04
 8.84306e+15	9.68e-01	3.13e-02	1.93e-04
 8.85310e+15	9.69e-01	3.09e-02	1.88e-04
 8.86410e+15	9.69e-01	3.04e-02	1.82e-04
 8.87597e+15	9.70e-01	3.00e-02	1.77e-04
 8.88677e+15	9.70e-01	2.96e-02	1.72e-04
 8.89660e+15	9.71e-01	2.92e-02	1.67e-04
 8.90738e+15	9.71e-01	2.88e-02	1.62e-04
 8.91901e+15	9.71e-01	2.83e-02	1.58e-04
 8.92959e+15	9.72e-01	2.80e-02	1.54e-04
 8.94119e+15	9.72e-01	2.75e-02	1.49e-04
 8.95371e+15	9.73e-01	2.71e-02	1.44e-04
 8.96510e+15	9.73e-01	2.67e-02	1.40e-04
 8.97547e+15	9.74e-01	2.63e-02	1.36e-04
 8.98683e+15	9.74e-01	2.59e-02	1.32e-04
 8.99910e+15	9.74e-01	2.56e-02	1.29e-04
 9.01026e+15	9.75e-01	2.52e-02	1.25e-04
 9.02249e+15	9.75e-01	2.48e-02	1.21e-04
 9.03569e+15	9.75e-01	2.44e-02	1.17e-04
 9.04771e+15	9.76e-01	2.41e-02	1.14e-04
 9.06088e+15	9.76e-01	2.37e-02	1.10e-04
 9.07509e+15	9.77e-01	2.33e-02	1.07e-04
 9.08803e+15	9.77e-01	2.29e-02	1.03e-04
 9.09980e+15	9.77e-01	2.26e-02	1.00e-04
 9.11270e+15	9.78e-01	2.22e-02	9.73e-05
 9.12662e+15	9.78e-01	2.19e-02	9.45e-05
 9.13929e+15	9.78e-01	2.16e-02	9.16e-05
 9.15318e+15	9.79e-01	2.12e-02	8.85e-05
 9.16817e+15	9.79e-01	2.08e-02	8.56e-05
 9.18181e+15	9.79e-01	2.05e-02	8.30e-05
 9.19676e+15	9.80e-01	2.01e-02	8.01e-05
 9.21290e+15	9.80e-01	1.98e-02	7.73e-05
 9.22759e+15	9.80e-01	1.95e-02	7.48e-05
 9.24368e+15	9.81e-01	1.91e-02	7.21e-05
 9.26105e+15	9.81e-01	1.87e-02	6.94e-05
 9.27686e+15	9.82e-01	1.84e-02	6.71e-05
 9.29125e+15	9.82e-01	1.81e-02	6.50e-05
 9.30701e+15	9.82e-01	1.78e-02	6.27e-05
 9.32403e+15	9.82e-01	1.75e-02	6.06e-05
 9.33952e+15	9.83e-01	1.72e-02	5.86e-05
 9.35649e+15	9.83e-01	1.69e-02	5.64e-05
 9.37481e+15	9.83e-01	1.66e-02	5.43e-05
 9.39149e+15	9.84e-01	1.63e-02	5.25e-05
 9.40976e+15	9.84e-01	1.60e-02	5.05e-05
 9.42948e+15	9.84e-01	1.56e-02	4.85e-05
 9.44743e+15	9.85e-01	1.54e-02	4.68e-05
 9.46710e+15	9.85e-01	1.50e-02	4.49e-05
 9.48833e+15	9.85e-01	1.47e-02	4.31e-05
 9.50766e+15	9.86e-01	1.45e-02	4.15e-05
 9.52524e+15	9.86e-01	1.42e-02	4.01e-05
 9.54451e+15	9.86e-01	1.39e-02	3.86e-05
 9.56531e+15	9.86e-01	1.37e-02	3.71e-05
 9.58424e+15	9.87e-01	1.34e-02	3.58e-05
 9.60498e+15	9.87e-01	1.31e-02	3.43e-05
 9.62738e+15	9.87e-01	1.29e-02	3.30e-05
 9.64776e+15	9.87e-01	1.26e-02	3.17e-05
 9.67009e+15	9.88e-01	1.23e-02	3.04e-05
 9.69419e+15	9.88e-01	1.21e-02	2.91e-05
 9.71613e+15	9.88e-01	1.18e-02	2.80e-05
 9.74017e+15	9.88e-01	1.16e-02	2.67e-05
 9.76612e+15	9.89e-01	1.13e-02	2.55e-05
 9.78974e+15	9.89e-01	1.11e-02	2.45e-05
 9.81562e+15	9.89e-01	1.08e-02	2.34e-05
 9.84356e+15	9.89e-01	1.05e-02	2.23e-05
 9.86898e+15	9.90e-01	1.03e-02	2.13e-05
 9.89684e+15	9.90e-01	1.01e-02	2.03e-05
 9.92692e+15	9.90e-01	9.80e-03	1.93e-05
 9.95429e+15	9.90e-01	9.58e-03	1.84e-05
 9.98428e+15	9.91e-01	9.33e-03	1.75e-05
 1.00167e+16	9.91e-01	9.09e-03	1.66e-05
 1.00461e+16	9.91e-01	8.87e-03	1.58e-05
 1.00784e+16	9.91e-01	8.63e-03	1.50e-05
 1.01133e+16	9.92e-01	8.39e-03	1.42e-05
 1.01450e+16	9.92e-01	8.18e-03	1.35e-05
 1.01797e+16	9.92e-01	7.95e-03	1.27e-05
 1.02173e+16	9.92e-01	7.72e-03	1.20e-05
 1.02514e+16	9.92e-01	7.52e-03	1.14e-05
 1.02888e+16	9.93e-01	7.30e-03	1.08e-05
 1.03375e+16	9.93e-01	7.02e-03	9.96e-06
 1.03935e+16	9.93e-01	6.72e-03	9.15e-06
 1.04498e+16	9.94e-01	6.44e-03	8.42e-06
 1.05062e+16	9.94e-01	6.18e-03	7.75e-06
 1.05648e+16	9.94e-01	5.92e-03	7.11e-06
 1.06262e+16	9.94e-01	5.66e-03	6.51e-06
 1.06896e+16	9.95e-01	5.41e-03	5.95e-06
 1.07551e+16	9.95e-01	5.16e-03	5.43e-06
 1.08229e+16	9.95e-01	4.92e-03	4.94e-06
 1.08928e+16	9.95e-01	4.69e-03	4.49e-06
 1.09642e+16	9.96e-01	4.47e-03	4.08e-06
 1.10366e+16	9.96e-01	4.26e-03	3.71e-06
 1.11101e+16	9.96e-01	4.06e-03	3.37e-06
 1.11842e+16	9.96e-01	3.86e-03	3.06e-06
 1.12594e+16	9.96e-01	3.68e-03	2.78e-06
 1.13370e+16	9.96e-01	3.50e-03	2.51e-06
 1.14163e+16	9.97e-01	3.33e-03	2.27e-06
 1.14969e+16	9.97e-01	3.16e-03	2.06e-06
 1.15786e+16	9.97e-01	3.01e-03	1.86e-06
 1.16618e+16	9.97e-01	2.85e-03	1.68e-06
 1.17467e+16	9.97e-01	2.71e-03	1.51e-06
 1.18331e+16	9.97e-01	2.57e-03	1.36e-06
 1.19212e+16	9.98e-01	2.44e-03	1.23e-06
 1.20109e+16	9.98e-01	2.31e-03	1.11e-06
 1.21022e+16	9.98e-01	2.19e-03	9.93e-07
 1.21952e+16	9.98e-01	2.08e-03	8.91e-07
 1.22900e+16	9.98e-01	1.96e-03	7.99e-07
 1.23868e+16	9.98e-01	1.86e-03	7.15e-07
 1.24855e+16	9.98e-01	1.76e-03	6.40e-07
 1.25862e+16	9.98e-01	1.66e-03	5.71e-07
 1.26889e+16	9.98e-01	1.57e-03	5.09e-07
 1.27938e+16	9.99e-01	1.48e-03	4.53e-07
 1.29010e+16	9.99e-01	1.39e-03	4.03e-07
 1.30104e+16	9.99e-01	1.31e-03	3.58e-07
 1.31224e+16	9.99e-01	1.23e-03	3.17e-07
 1.32369e+16	9.99e-01	1.16e-03	2.80e-07
 1.33542e+16	9.99e-01	1.09e-03	2.47e-07
 1.34744e+16	9.99e-01	1.02e-03	2.17e-07
 1.35975e+16	9.99e-01	9.55e-04	1.91e-07
 1.37239e+16	9.99e-01	8.94e-04	1.67e-07
 1.38538e+16	9.99e-01	8.35e-04	1.46e-07
 1.39873e+16	9.99e-01	7.78e-04	1.27e-07
 1.41246e+16	9.99e-01	7.25e-04	1.10e-07
 1.42652e+16	9.99e-01	6.75e-04	9.57e-08
 1.44079e+16	9.99e-01	6.28e-04	8.29e-08
 1.45557e+16	9.99e-01	5.82e-04	7.13e-08
 1.47121e+16	9.99e-01	5.38e-04	6.09e-08
 1.48752e+16	1.00e+00	4.96e-04	5.18e-08
 1.50438e+16	1.00e+00	4.56e-04	4.38e-08
 1.52188e+16	1.00e+00	4.18e-04	3.68e-08
 1.54017e+16	1.00e+00	3.82e-04	3.08e-08
 1.55935e+16	1.00e+00	3.48e-04	2.55e-08
 1.57950e+16	1.00e+00	3.15e-04	2.10e-08
 1.60075e+16	1.00e+00	2.84e-04	1.71e-08
 1.62332e+16	1.00e+00	2.55e-04	1.37e-08
 1.64725e+16	1.00e+00	2.27e-04	1.09e-08
 1.67303e+16	1.00e+00	2.01e-04	8.56e-09
 1.70080e+16	1.00e+00	1.76e-04	6.59e-09
 1.73046e+16	1.00e+00	1.54e-04	5.00e-09
 1.76294e+16	1.00e+00	1.32e-04	3.69e-09
 1.79939e+16	1.00e+00	1.11e-04	2.63e-09
 1.84284e+16	1.00e+00	9.12e-05	1.77e-09
 1.89066e+16	1.00e+00	7.38e-05	1.16e-09
 1.94091e+16	1.00e+00	5.91e-05	7.45e-10
 1.99560e+16	1.00e+00	4.67e-05	4.65e-10
 2.05188e+16	1.00e+00	3.68e-05	2.90e-10
 2.10796e+16	1.00e+00	2.92e-05	1.82e-10
 2.16416e+16	1.00e+00	2.33e-05	1.16e-10
 2.22124e+16	1.00e+00	1.85e-05	7.36e-11
 2.27961e+16	1.00e+00	1.47e-05	4.67e-11
 2.33912e+16	1.00e+00	1.17e-05	2.96e-11
 2.39958e+16	1.00e+00	9.36e-06	1.89e-11
 2.46133e+16	1.00e+00	7.46e-06	1.20e-11
 2.52452e+16	1.00e+00	5.94e-06	7.62e-12
 2.58919e+16	1.00e+00	4.73e-06	4.84e-12
 2.65546e+16	1.00e+00	3.76e-06	3.07e-12
 2.72339e+16	1.00e+00	2.99e-06	1.94e-12
 2.79300e+16	1.00e+00	2.37e-06	1.22e-12
 2.86465e+16	1.00e+00	1.88e-06	7.68e-13
 2.93879e+16	1.00e+00	1.48e-06	4.79e-13
 3.01536e+16	1.00e+00	1.17e-06	2.98e-13
 3.09325e+16	1.00e+00	9.20e-07	1.85e-13
 3.16994e+16	1.00e+00	7.32e-07	1.18e-13
 3.24438e+16	1.00e+00	5.89e-07	7.63e-14
 3.31697e+16	1.00e+00	4.78e-07	5.03e-14
 3.38787e+16	1.00e+00	3.91e-07	3.37e-14
 3.45707e+16	1.00e+00	3.22e-07	2.30e-14
 3.52423e+16	1.00e+00	2.68e-07	1.59e-14
 3.58920e+16	1.00e+00	2.25e-07	1.12e-14
 3.65196e+16	1.00e+00	1.90e-07	8.05e-15
 3.71243e+16	1.00e+00	1.62e-07	5.87e-15
 3.77059e+16	1.00e+00	1.40e-07	4.34e-15
 3.82644e+16	1.00e+00	1.21e-07	3.26e-15
 3.87996e+16	1.00e+00	1.06e-07	2.49e-15
 3.93118e+16	1.00e+00	9.28e-08	1.93e-15
 3.98015e+16	1.00e+00	8.21e-08	1.51e-15
 4.02693e+16	1.00e+00	7.32e-08	1.20e-15
 4.07158e+16	1.00e+00	6.56e-08	9.68e-16
 4.11417e+16	1.00e+00	5.92e-08	7.89e-16
 4.15480e+16	1.00e+00	5.37e-08	6.49e-16
 4.19353e+16	1.00e+00	4.89e-08	5.40e-16
 4.23044e+16	1.00e+00	4.48e-08	4.54e-16
 4.26562e+16	1.00e+00	4.12e-08	3.85e-16
 4.29914e+16	1.00e+00	3.81e-08	3.29e-16
 4.33107e+16	1.00e+00	3.54e-08	2.84e-16
 4.36151e+16	1.00e+00	3.30e-08	2.47e-16
 4.39052e+16	1.00e+00	3.09e-08	2.16e-16
 4.41817e+16	1.00e+00	2.90e-08	1.91e-16
 4.44452e+16	1.00e+00	2.73e-08	1.69e-16
 4.46965e+16	1.00e+00	2.58e-08	1.51e-16
 4.49366e+16	1.00e+00	2.44e-08	1.36e-16
 4.51660e+16	1.00e+00	2.32e-08	1.22e-16
 4.53853e+16	1.00e+00	2.21e-08	1.11e-16
 4.55951e+16	1.00e+00	2.10e-08	1.01e-16
 4.57958e+16	1.00e+00	2.01e-08	9.25e-17
 4.59880e+16	1.00e+00	1.93e-08	8.50e-17
 4.61725e+16	1.00e+00	1.85e-08	7.84e-17
 4.63498e+16	1.00e+00	1.78e-08	7.25e-17
 4.65204e+16	1.00e+00	1.71e-08	6.73e-17
 4.66847e+16	1.00e+00	1.65e-08	6.26e-17
 4.68432e+16	1.00e+00	1.60e-08	5.85e-17
 4.69964e+16	1.00e+00	1.54e-08	5.47e-17
 4.71449e+16	1.00e+00	1.49e-08	5.13e-17
 4.72893e+16	1.00e+00	1.45e-08	4.82e-17
 4.74298e+16	1.00e+00	1.40e-08	4.54e-17
 4.75671e+16	1.00e+00	1.36e-08	4.28e-17
 4.77018e+16	1.00e+00	1.32e-08	4.04e-17
 4.78343e+16	1.00e+00	1.29e-08	3.81e-17
 4.79653e+16	1.00e+00	1.25e-08	3.60e-17
 4.80956e+16	1.00e+00	1.22e-08	3.41e-17
 4.82257e+16	1.00e+00	1.18e-08	3.22e-17
 4.83567e+16	1.00e+00	1.15e-08	3.05e-17
 4.84893e+16	1.00e+00	1.12e-08	2.88e-17
 4.86249e+16	1.00e+00	1.09e-08	2.72e-17
 4.87649e+16	1.00e+00	1.05e-08	2.56e-17
 4.89110e+16	1.00e+00	1.02e-08	2.41e-17
 4.90656e+16	1.00e+00	9.88e-09	2.26e-17
 4.92315e+16	1.00e+00	9.53e-09	2.10e-17
 4.94130e+16	1.00e+00	9.17e-09	1.95e-17
 4.96155e+16	1.00e+00	8.78e-09	1.79e-17
 4.98474e+16	1.00e+00	8.35e-09	1.62e-17
 5.01210e+16	1.00e+00	7.88e-09	1.44e-17
 5.04552e+16	1.00e+00	7.34e-09	1.25e-17
 5.08806e+16	1.00e+00	6.70e-09	1.04e-17
 5.14330e+16	1.00e+00	5.96e-09	8.28e-18
 5.21512e+16	1.00e+00	5.13e-09	6.14e-18
 5.30849e+16	1.00e+00	4.23e-09	4.20e-18
 5.42986e+16	1.00e+00	3.31e-09	2.58e-18
 5.57667e+16	1.00e+00	2.48e-09	1.46e-18
 5.73308e+16	1.00e+00	1.85e-09	8.15e-19
 5.91294e+16	1.00e+00	1.32e-09	4.16e-19
 6.12896e+16	1.00e+00	8.94e-10	1.93e-19
 6.35880e+16	1.00e+00	6.00e-10	8.77e-20
 6.59508e+16	1.00e+00	4.03e-10	4.00e-20
 6.83904e+16	1.00e+00	2.71e-10	1.83e-20
 7.08533e+16	1.00e+00	1.84e-10	8.49e-21
 7.34003e+16	1.00e+00	1.24e-10	0.00e+00
 7.60702e+16	1.00e+00	8.36e-11	0.00e+00
 7.88184e+16	1.00e+00	5.62e-11	0.00e+00
 8.16334e+16	1.00e+00	3.79e-11	0.00e+00
 8.44757e+16	1.00e+00	2.58e-11	0.00e+00
 8.73179e+16	1.00e+00	1.77e-11	0.00e+00
 9.03040e+16	1.00e+00	1.20e-11	0.00e+00
 9.34341e+16	1.00e+00	8.11e-12	0.00e+00
 9.65642e+16	1.00e+00	5.54e-12	0.00e+00
 9.96943e+16	1.00e+00	3.82e-12	0.00e+00
 1.02824e+17	1.00e+00	2.67e-12	0.00e+00
 1.05661e+17	1.00e+00	1.95e-12	0.00e+00
 1.07682e+17	1.00e+00	1.58e-12	0.00e+00
 1.08842e+17	1.00e+00	1.41e-12	0.00e+00
 1.09498e+17	1.00e+00	1.32e-12	0.00e+00
 1.09891e+17	1.00e+00	1.27e-12	0.00e+00
 1.10144e+17	1.00e+00	1.23e-12	0.00e+00
 1.10347e+17	1.00e+00	1.21e-12	0.00e+00
 1.10553e+17	1.00e+00	1.18e-12	0.00e+00
 1.10788e+17	1.00e+00	1.15e-12	0.00e+00
 1.11022e+17	1.00e+00	1.12e-12	0.00e+00
 1.11224e+17	1.00e+00	1.10e-12	0.00e+00
 1.11415e+17	1.00e+00	1.08e-12	0.00e+00
 1.11598e+17	1.00e+00	1.06e-12	0.00e+00
 1.11769e+17	1.00e+00	1.04e-12	0.00e+00
 1.11923e+17	1.00e+00	1.02e-12	0.00e+00
 1.12068e+17	1.00e+00	1.01e-12	0.00e+00
 1.12208e+17	1.00e+00	9.91e-13	0.00e+00
 1.12338e+17	1.00e+00	9.78e-13	0.00e+00
 1.12469e+17	1.00e+00	9.64e-13	0.00e+00
 1.12596e+17	1.00e+00	9.51e-13	0.00e+00
 1.12711e+17	1.00e+00	9.40e-13	0.00e+00
 1.12814e+17	1.00e+00	9.30e-13	0.00e+00
 1.12914e+17	1.00e+00	9.20e-13	0.00e+00
 1.13019e+17	1.00e+00	9.10e-13	0.00e+00
 1.13125e+17	1.00e+00	8.99e-13	0.00e+00
 1.13217e+17	1.00e+00	8.91e-13	0.00e+00
 1.13289e+17	1.00e+00	8.84e-13	0.00e+00
 1.13363e+17	1.00e+00	8.78e-13	0.00e+00
 1.13456e+17	1.00e+00	8.68e-13	0.00e+00
 1.13542e+17	1.00e+00	8.60e-13	0.00e+00
 1.13623e+17	1.00e+00	8.53e-13	0.00e+00
 1.13709e+17	1.00e+00	8.45e-13	0.00e+00
 1.13792e+17	1.00e+00	8.37e-13	0.00e+00
 1.13870e+17	1.00e+00	8.30e-13	0.00e+00
 1.13944e+17	1.00e+00	8.24e-13	0.00e+00
 1.14021e+17	1.00e+00	8.17e-13	0.00e+00
 1.14098e+17	1.00e+00	8.10e-13	0.00e+00
 1.14172e+17	1.00e+00	8.03e-13	0.00e+00
 1.14244e+17	1.00e+00	7.97e-13	0.00e+00
 1.14318e+17	1.00e+00	7.90e-13	0.00e+00
 1.14394e+17	1.00e+00	7.83e-13	0.00e+00
 1.14470e+17	1.00e+00	7.77e-13	0.00e+00
 1.14546e+17	1.00e+00	7.70e-13	0.00e+00
 1.14619e+17	1.00e+00	7.64e-13	0.00e+00
 1.14690e+17	1.00e+00	7.58e-13	0.00e+00
 1.14767e+17	1.00e+00	7.51e-13	0.00e+00
 1.14849e+17	1.00e+00	7.44e-13	0.00e+00
 1.14930e+17	1.00e+00	7.37e-13	0.00e+00
 1.15009e+17	1.00e+00	7.30e-13	0.00e+00
 1.15090e+17	1.00e+00	7.24e-13	0.00e+00
 1.15175e+17	1.00e+00	7.16e-13	0.00e+00
 1.15262e+17	1.00e+00	7.09e-13	0.00e+00
 1.15355e+17	1.00e+00	7.02e-13	0.00e+00
 1.15452e+17	1.00e+00	6.94e-13	0.00e+00
 1.15544e+17	1.00e+00	6.86e-13	0.00e+00
 1.15631e+17	1.00e+00	6.79e-13	0.00e+00
 1.15723e+17	1.00e+00	6.72e-13	0.00e+00
 1.15825e+17	1.00e+00	6.64e-13	0.00e+00
 1.15930e+17	1.00e+00	6.56e-13	0.00e+00
 1.16029e+17	1.00e+00	6.48e-13	0.00e+00
 1.16130e+17	1.00e+00	6.41e-13	0.00e+00
 1.16244e+17	1.00e+00	6.32e-13	0.00e+00
 1.16365e+17	1.00e+00	6.23e-13	0.00e+00
 1.16485e+17	1.00e+00	6.14e-13	0.00e+00
 1.16597e+17	1.00e+00	6.06e-13	0.00e+00
 1.16708e+17	1.00e+00	5.98e-13	0.00e+00
 1.16830e+17	1.00e+00	5.89e-13	0.00e+00
 1.16966e+17	1.00e+00	5.80e-13	0.00e+00
 1.17108e+17	1.00e+00	5.70e-13	0.00e+00
 1.17245e+17	1.00e+00	5.61e-13	0.00e+00
 1.17378e+17	1.00e+00	5.51e-13	0.00e+00
 1.17519e+17	1.00e+00	5.42e-13	0.00e+00
 1.17669e+17	1.00e+00	5.32e-13	0.00e+00
 1.17827e+17	1.00e+00	5.22e-13	0.00e+00
 1.17988e+17	1.00e+00	5.12e-13	0.00e+00
 1.18150e+17	1.00e+00	5.02e-13	0.00e+00
 1.18313e+17	1.00e+00	4.92e-13	0.00e+00
 1.18484e+17	1.00e+00	4.82e-13	0.00e+00
 1.18666e+17	1.00e+00	4.72e-13	0.00e+00
 1.18853e+17	1.00e+00	4.61e-13	0.00e+00
 1.19038e+17	1.00e+00	4.51e-13	0.00e+00
 1.19234e+17	1.00e+00	4.40e-13	0.00e+00
 1.19445e+17	1.00e+00	4.29e-13	0.00e+00
 1.19661e+17	1.00e+00	4.17e-13	0.00e+00
 1.19873e+17	1.00e+00	4.07e-13	0.00e+00
 1.20085e+17	1.00e+00	3.96e-13	0.00e+00
 1.20311e+17	1.00e+00	3.85e-13	0.00e+00
 1.20549e+17	1.00e+00	3.74e-13	0.00e+00
 1.20794e+17	1.00e+00	3.63e-13	0.00e+00
 1.21044e+17	1.00e+00	3.52e-13	0.00e+00
 1.21298e+17	1.00e+00	3.41e-13	0.00e+00
 1.21558e+17	1.00e+00	3.30e-13	0.00e+00
 1.21829e+17	1.00e+00	3.19e-13	0.00e+00
 1.22107e+17	1.00e+00	3.08e-13	0.00e+00
 1.22394e+17	1.00e+00	2.98e-13	0.00e+00
 1.22692e+17	1.00e+00	2.87e-13	0.00e+00
 1.22993e+17	1.00e+00	2.76e-13	0.00e+00
 1.23299e+17	1.00e+00	2.66e-13	0.00e+00
 1.23624e+17	1.00e+00	2.55e-13	0.00e+00
 1.23968e+17	1.00e+00	2.45e-13	0.00e+00
 1.24309e+17	1.00e+00	2.34e-13	0.00e+00
 1.24644e+17	1.00e+00	2.25e-13	0.00e+00
 1.25004e+17	1.00e+00	2.15e-13	0.00e+00
 1.25395e+17	1.00e+00	2.05e-13	0.00e+00
 1.25784e+17	1.00e+00	1.95e-13	0.00e+00
 1.26167e+17	1.00e+00	1.86e-13	0.00e+00
 1.26566e+17	1.00e+00	1.78e-13	0.00e+00
 1.26994e+17	1.00e+00	1.69e-13	0.00e+00
 1.27449e+17	1.00e+00	1.60e-13	0.00e+00
 1.27916e+17	1.00e+00	1.51e-13	0.00e+00
 1.28377e+17	1.00e+00	1.43e-13	0.00e+00
 1.28849e+17	1.00e+00	1.35e-13	0.00e+00
 1.29365e+17	1.00e+00	1.27e-13	0.00e+00
 1.29912e+17	1.00e+00	1.20e-13	0.00e+00
 1.30474e+17	1.00e+00	1.12e-13	0.00e+00
 1.31052e+17	1.00e+00	1.05e-13	0.00e+00
 1.31645e+17	1.00e+00	9.89e-14	0.00e+00
 1.32223e+17	1.00e+00	9.30e-14	0.00e+00
 1.32750e+17	1.00e+00	8.80e-14	0.00e+00
 1.33225e+17	1.00e+00	8.37e-14	0.00e+00
 1.33683e+17	1.00e+00	7.97e-14	0.00e+00
 1.34153e+17	1.00e+00	7.59e-14	0.00e+00
 1.34620e+17	1.00e+00	7.22e-14	0.00e+00
 1.35051e+17	1.00e+00	6.90e-14	0.00e+00
 1.35432e+17	1.00e+00	6.62e-14	0.00e+00
 1.35773e+17	1.00e+00	6.38e-14	0.00e+00
 1.36092e+17	1.00e+00	6.16e-14	0.00e+00
 1.36393e+17	1.00e+00	5.96e-14	0.00e+00
 1.36677e+17	1.00e+00	5.78e-14	0.00e+00
 1.36943e+17	1.00e+00	5.61e-14	0.00e+00
 1.37191e+17	1.00e+00	5.46e-14	0.00e+00
 1.37425e+17	1.00e+00	5.32e-14	0.00e+00
 1.37647e+17	1.00e+00	5.18e-14	0.00e+00
 1.37861e+17	1.00e+00	5.06e-14	0.00e+00
 1.38067e+17	1.00e+00	4.94e-14	0.00e+00
 1.38265e+17	1.00e+00	4.83e-14	0.00e+00
 1.38455e+17	1.00e+00	4.73e-14	0.00e+00
 1.38640e+17	1.00e+00	4.63e-14	0.00e+00
 1.38820e+17	1.00e+00	4.54e-14	0.00e+00
 1.38996e+17	1.00e+00	4.46e-14	0.00e+00
 1.39168e+17	1.00e+00	4.37e-14	0.00e+00
 1.39336e+17	1.00e+00	4.29e-14	0.00e+00
 1.39500e+17	1.00e+00	4.21e-14	0.00e+00
 1.39662e+17	1.00e+00	4.14e-14	0.00e+00
 1.39820e+17	1.00e+00	4.07e-14	0.00e+00
 1.39976e+17	1.00e+00	4.00e-14	0.00e+00
 1.40130e+17	1.00e+00	3.93e-14	0.00e+00
 1.40282e+17	1.00e+00	3.87e-14	0.00e+00
 1.40432e+17	1.00e+00	3.81e-14	0.00e+00
 1.40603e+17	1.00e+00	3.74e-14	0.00e+00
 1.40826e+17	1.00e+00	3.65e-14	0.00e+00
 1.41115e+17	1.00e+00	3.53e-14	0.00e+00
 1.41491e+17	1.00e+00	3.39e-14	0.00e+00
 1.41979e+17	1.00e+00	3.22e-14	0.00e+00
 1.42593e+17	1.00e+00	3.02e-14	0.00e+00
 1.43256e+17	1.00e+00	2.82e-14	0.00e+00
 1.43854e+17	1.00e+00	2.66e-14	0.00e+00
 1.44367e+17	1.00e+00	2.53e-14	0.00e+00
 1.44852e+17	1.00e+00	2.41e-14	0.00e+00
 1.45368e+17	1.00e+00	2.29e-14	0.00e+00
 1.45932e+17	1.00e+00	2.16e-14	0.00e+00
 1.46516e+17	1.00e+00	2.04e-14	0.00e+00
 1.47090e+17	1.00e+00	1.93e-14	0.00e+00
 1.47653e+17	1.00e+00	1.83e-14	0.00e+00
 1.48229e+17	1.00e+00	1.73e-14	0.00e+00
 1.48845e+17	1.00e+00	1.63e-14	0.00e+00
 1.49508e+17	1.00e+00	1.53e-14	0.00e+00
 1.50219e+17	1.00e+00	1.43e-14	0.00e+00
 1.50985e+17	1.00e+00	1.33e-14	0.00e+00
 1.51837e+17	1.00e+00	1.23e-14	0.00e+00
 1.52832e+17	1.00e+00	1.12e-14	0.00e+00
 1.54064e+17	1.00e+00	9.98e-15	0.00e+00
 1.55651e+17	1.00e+00	8.60e-15	0.00e+00
 1.57713e+17	1.00e+00	7.10e-15	0.00e+00
 1.60394e+17	1.00e+00	5.55e-15	0.00e+00
 1.63879e+17	1.00e+00	4.06e-15	0.00e+00
 1.68410e+17	1.00e+00	2.72e-15	0.00e+00
 1.74300e+17	1.00e+00	1.63e-15	0.00e+00
 1.81182e+17	1.00e+00	9.14e-16	0.00e+00
 1.87959e+17	1.00e+00	5.27e-16	0.00e+00
 1.93980e+17	1.00e+00	3.24e-16	0.00e+00
 1.99381e+17	1.00e+00	2.10e-16	0.00e+00
 2.05371e+17	1.00e+00	1.29e-16	0.00e+00
 2.12932e+17	1.00e+00	7.00e-17	0.00e+00
 2.20488e+17	1.00e+00	3.79e-17	0.00e+00
 2.25899e+17	1.00e+00	2.40e-17	0.00e+00
 2.29145e+17	1.00e+00	1.80e-17	0.00e+00
 2.31092e+17	1.00e+00	1.49e-17	0.00e+00
 2.32261e+17	1.00e+00	1.32e-17	0.00e+00
 2.32962e+17	1.00e+00	1.22e-17	0.00e+00
 2.33383e+17	1.00e+00	1.16e-17	0.00e+00
 2.33635e+17	1.00e+00	1.12e-17	0.00e+00
 2.33800e+17	1.00e+00	1.10e-17	0.00e+00
 2.33956e+17	1.00e+00	1.08e-17	0.00e+00
 2.34153e+17	1.00e+00	1.06e-17	0.00e+00
 2.34409e+17	1.00e+00	1.02e-17	0.00e+00
 2.34696e+17	1.00e+00	9.88e-18	0.00e+00
 2.34946e+17	1.00e+00	9.55e-18	0.00e+00
 2.35135e+17	1.00e+00	9.31e-18	0.00e+00
 2.35295e+17	1.00e+00	9.11e-18	0.00e+00
 2.35472e+17	1.00e+00	8.90e-18	0.00e+00
 2.35697e+17	1.00e+00	8.64e-18	0.00e+00
 2.35953e+17	1.00e+00	8.33e-18	0.00e+00
 2.36186e+17	1.00e+00	8.05e-18	0.00e+00
 2.36366e+17	1.00e+00	7.82e-18	0.00e+00
 2.36516e+17	1.00e+00	7.64e-18	0.00e+00
 2.36678e+17	1.00e+00	7.46e-18	0.00e+00
 2.36879e+17	1.00e+00	7.24e-18	0.00e+00
 2.37111e+17	1.00e+00	6.97e-18	0.00e+00
 2.37324e+17	1.00e+00	6.60e-18	0.00e+00
 2.37494e+17	1.00e+00	6.40e-18	0.00e+00
 2.37640e+17	1.00e+00	6.24e-18	0.00e+00
 2.37794e+17	1.00e+00	6.08e-18	0.00e+00
 2.37982e+17	1.00e+00	5.89e-18	0.00e+00
 2.38195e+17	1.00e+00	5.66e-18	0.00e+00
 2.38393e+17	1.00e+00	5.45e-18	0.00e+00
 2.38557e+17	1.00e+00	5.27e-18	0.00e+00
 2.38699e+17	1.00e+00	5.13e-18	0.00e+00
 2.38850e+17	1.00e+00	4.98e-18	0.00e+00
 2.39030e+17	1.00e+00	4.81e-18	0.00e+00
 2.39232e+17	1.00e+00	4.62e-18	0.00e+00
 2.39422e+17	1.00e+00	4.43e-18	0.00e+00
 2.39582e+17	1.00e+00	4.27e-18	0.00e+00
 2.39724e+17	1.00e+00	4.14e-18	0.00e+00
 2.39872e+17	1.00e+00	4.01e-18	0.00e+00
 2.40048e+17	1.00e+00	3.87e-18	0.00e+00
 2.40247e+17	1.00e+00	3.70e-18	0.00e+00
 2.40439e+17	1.00e+00	3.53e-18	0.00e+00
 2.40602e+17	1.00e+00	3.40e-18	0.00e+00
 2.40746e+17	1.00e+00	3.28e-18	0.00e+00
 2.40894e+17	1.00e+00	3.17e-18	0.00e+00
 2.41068e+17	1.00e+00	3.05e-18	0.00e+00
 2.41267e+17	1.00e+00	2.91e-18	0.00e+00
 2.41465e+17	1.00e+00	2.77e-18	0.00e+00
 2.41635e+17	1.00e+00	2.65e-18	0.00e+00
 2.41785e+17	1.00e+00	2.55e-18	0.00e+00
 2.41938e+17	1.00e+00	2.46e-18	0.00e+00
 2.42115e+17	1.00e+00	2.36e-18	0.00e+00
 2.42322e+17	1.00e+00	2.24e-18	0.00e+00
 2.42529e+17	1.00e+00	2.13e-18	0.00e+00
 2.42712e+17	1.00e+00	2.02e-18	0.00e+00
 2.42873e+17	1.00e+00	1.94e-18	0.00e+00
 2.43037e+17	1.00e+00	1.87e-18	0.00e+00
 2.43227e+17	1.00e+00	1.78e-18	0.00e+00
