#depth	O	O+	O+2	O+3	O+4	O+5	O+6	O+7	O+8	O[1]	O[2]	O[3]
 1.49634e+10	0.00e+00	0.00e+00	1.21e-28	1.24e-20	1.82e-13	3.20e-07	1.00e+00	0.00e+00	0.00e+00	0.00e+00	0.00e+00	0.00e+00
 4.54887e+10	0.00e+00	1.76e-37	1.70e-28	1.61e-20	2.18e-13	3.52e-07	1.00e+00	2.80e-08	0.00e+00	0.00e+00	0.00e+00	0.00e+00
 7.72350e+10	0.00e+00	0.00e+00	2.37e-28	2.09e-20	2.61e-13	3.86e-07	1.00e+00	0.00e+00	0.00e+00	0.00e+00	0.00e+00	0.00e+00
 1.10251e+11	0.00e+00	4.02e-37	3.32e-28	2.71e-20	3.14e-13	4.25e-07	1.00e+00	0.00e+00	0.00e+00	0.00e+00	0.00e+00	0.00e+00
 1.44588e+11	0.00e+00	0.00e+00	4.63e-28	3.51e-20	3.76e-13	4.67e-07	1.00e+00	0.00e+00	0.00e+00	0.00e+00	0.00e+00	0.00e+00
 1.80298e+11	0.00e+00	9.11e-37	6.46e-28	4.55e-20	4.52e-13	5.14e-07	1.00e+00	0.00e+00	0.00e+00	0.00e+00	0.00e+00	0.00e+00
 2.17437e+11	0.00e+00	0.00e+00	9.01e-28	5.89e-20	5.43e-13	5.66e-07	1.00e+00	0.00e+00	0.00e+00	0.00e+00	0.00e+00	0.00e+00
 2.56061e+11	0.00e+00	2.05e-36	1.25e-27	7.64e-20	6.53e-13	6.24e-07	1.00e+00	0.00e+00	0.00e+00	0.00e+00	0.00e+00	0.00e+00
 2.91040e+11	9.24e-46	2.91e-36	1.67e-27	9.57e-20	7.67e-13	6.79e-07	1.00e+00	0.00e+00	0.00e+00	0.00e+00	0.00e+00	0.00e+00
 3.20258e+11	0.00e+00	0.00e+00	2.11e-27	1.15e-19	8.73e-13	7.28e-07	1.00e+00	0.00e+00	0.00e+00	0.00e+00	0.00e+00	0.00e+00
 3.52296e+11	0.00e+00	5.22e-36	2.70e-27	1.39e-19	1.00e-12	7.84e-07	1.00e+00	0.00e+00	0.00e+00	0.00e+00	0.00e+00	0.00e+00
 3.92776e+11	2.86e-45	7.52e-36	3.65e-27	1.77e-19	1.19e-12	8.58e-07	1.00e+00	0.00e+00	0.00e+00	0.00e+00	0.00e+00	0.00e+00
 4.34967e+11	0.00e+00	0.00e+00	4.92e-27	2.24e-19	1.41e-12	9.40e-07	1.00e+00	0.00e+00	0.00e+00	0.00e+00	0.00e+00	0.00e+00
 4.70865e+11	0.00e+00	1.46e-35	6.29e-27	2.72e-19	1.63e-12	1.01e-06	1.00e+00	0.00e+00	0.00e+00	0.00e+00	0.00e+00	0.00e+00
 5.07843e+11	8.92e-45	1.96e-35	8.03e-27	3.30e-19	1.87e-12	1.09e-06	1.00e+00	0.00e+00	0.00e+00	0.00e+00	0.00e+00	0.00e+00
 5.54282e+11	0.00e+00	0.00e+00	1.08e-26	4.18e-19	2.22e-12	1.20e-06	1.00e+00	0.00e+00	0.00e+00	0.00e+00	0.00e+00	0.00e+00
 6.01422e+11	0.00e+00	3.94e-35	1.44e-26	5.25e-19	2.62e-12	1.31e-06	1.00e+00	0.00e+00	0.00e+00	0.00e+00	0.00e+00	0.00e+00
 6.41989e+11	2.87e-44	5.23e-35	1.82e-26	6.35e-19	3.01e-12	1.42e-06	1.00e+00	0.00e+00	0.00e+00	0.00e+00	0.00e+00	0.00e+00
 6.85611e+11	0.00e+00	7.03e-35	2.33e-26	7.73e-19	3.47e-12	1.53e-06	1.00e+00	0.00e+00	0.00e+00	0.00e+00	0.00e+00	0.00e+00
 7.39435e+11	6.13e-44	9.96e-35	3.12e-26	9.76e-19	4.12e-12	1.68e-06	1.00e+00	0.00e+00	0.00e+00	0.00e+00	0.00e+00	0.00e+00
 7.94554e+11	0.00e+00	1.40e-34	4.15e-26	1.23e-18	4.88e-12	1.84e-06	1.00e+00	0.00e+00	0.00e+00	0.00e+00	0.00e+00	0.00e+00
 8.44373e+11	1.30e-43	1.88e-34	5.31e-26	1.50e-18	5.64e-12	2.00e-06	1.00e+00	0.00e+00	0.00e+00	0.00e+00	0.00e+00	0.00e+00
 8.99273e+11	0.00e+00	2.57e-34	6.91e-26	1.85e-18	6.59e-12	2.17e-06	1.00e+00	0.00e+00	0.00e+00	0.00e+00	0.00e+00	0.00e+00
 9.63873e+11	2.83e-43	3.65e-34	9.29e-26	2.35e-18	7.85e-12	2.39e-06	1.00e+00	0.00e+00	0.00e+00	0.00e+00	0.00e+00	0.00e+00
 1.02847e+12	0.00e+00	5.11e-34	1.23e-25	2.96e-18	9.28e-12	2.63e-06	1.00e+00	0.00e+00	0.00e+00	0.00e+00	0.00e+00	0.00e+00
 1.08995e+12	6.02e-43	6.94e-34	1.60e-25	3.65e-18	1.08e-11	2.86e-06	1.00e+00	0.00e+00	0.00e+00	0.00e+00	0.00e+00	0.00e+00
 1.15778e+12	0.00e+00	9.60e-34	2.10e-25	4.56e-18	1.27e-11	3.13e-06	1.00e+00	0.00e+00	0.00e+00	0.00e+00	0.00e+00	0.00e+00
 1.23402e+12	1.32e-42	1.36e-33	2.82e-25	5.79e-18	1.51e-11	3.45e-06	1.00e+00	0.00e+00	0.00e+00	0.00e+00	0.00e+00	0.00e+00
 1.30263e+12	0.00e+00	1.83e-33	3.63e-25	7.12e-18	1.76e-11	3.75e-06	1.00e+00	0.00e+00	0.00e+00	0.00e+00	0.00e+00	0.00e+00
 1.35925e+12	2.48e-42	2.33e-33	4.45e-25	8.40e-18	1.98e-11	4.01e-06	1.00e+00	0.00e+00	0.00e+00	0.00e+00	0.00e+00	0.00e+00
 1.42109e+12	0.00e+00	3.01e-33	5.52e-25	1.00e-17	2.25e-11	4.30e-06	1.00e+00	0.00e+00	0.00e+00	0.00e+00	0.00e+00	0.00e+00
 1.50013e+12	4.80e-42	4.11e-33	7.20e-25	1.24e-17	2.63e-11	4.70e-06	1.00e+00	0.00e+00	0.00e+00	0.00e+00	0.00e+00	0.00e+00
 1.57993e+12	0.00e+00	5.56e-33	9.31e-25	1.53e-17	3.06e-11	5.12e-06	1.00e+00	0.00e+00	0.00e+00	0.00e+00	0.00e+00	0.00e+00
 1.64593e+12	9.05e-42	7.08e-33	1.14e-24	1.81e-17	3.45e-11	5.47e-06	1.00e+00	0.00e+00	0.00e+00	0.00e+00	0.00e+00	0.00e+00
 1.71559e+12	0.00e+00	9.08e-33	1.41e-24	2.15e-17	3.91e-11	5.86e-06	1.00e+00	0.00e+00	0.00e+00	0.00e+00	0.00e+00	0.00e+00
 1.80502e+12	1.73e-41	1.23e-32	1.84e-24	2.66e-17	4.55e-11	6.39e-06	1.00e+00	0.00e+00	0.00e+00	0.00e+00	0.00e+00	0.00e+00
 1.89883e+12	0.00e+00	1.68e-32	2.39e-24	3.30e-17	5.31e-11	6.97e-06	1.00e+00	0.00e+00	0.00e+00	0.00e+00	0.00e+00	0.00e+00
 1.98098e+12	3.35e-41	2.19e-32	2.99e-24	3.95e-17	6.05e-11	7.50e-06	1.00e+00	0.00e+00	0.00e+00	0.00e+00	0.00e+00	0.00e+00
 2.06932e+12	0.00e+00	2.88e-32	3.77e-24	4.78e-17	6.92e-11	8.09e-06	1.00e+00	0.00e+00	0.00e+00	0.00e+00	0.00e+00	0.00e+00
 2.17660e+12	6.67e-41	3.96e-32	4.96e-24	5.97e-17	8.10e-11	8.84e-06	1.00e+00	0.00e+00	0.00e+00	0.00e+00	0.00e+00	0.00e+00
 2.28043e+12	0.00e+00	5.33e-32	6.39e-24	7.34e-17	9.38e-11	9.60e-06	1.00e+00	0.00e+00	0.00e+00	0.00e+00	0.00e+00	0.00e+00
 2.36779e+12	1.25e-40	6.81e-32	7.87e-24	8.69e-17	1.06e-10	1.03e-05	1.00e+00	0.00e+00	0.00e+00	0.00e+00	0.00e+00	0.00e+00
 2.46182e+12	0.00e+00	8.79e-32	9.78e-24	1.04e-16	1.20e-10	1.10e-05	1.00e+00	0.00e+00	0.00e+00	0.00e+00	0.00e+00	0.00e+00
 2.58022e+12	2.40e-40	1.20e-31	1.27e-23	1.28e-16	1.39e-10	1.20e-05	1.00e+00	0.00e+00	0.00e+00	0.00e+00	0.00e+00	0.00e+00
 2.70178e+12	0.00e+00	1.63e-31	1.65e-23	1.59e-16	1.61e-10	1.30e-05	1.00e+00	0.00e+00	0.00e+00	0.00e+00	0.00e+00	0.00e+00
 2.80757e+12	4.61e-40	2.11e-31	2.06e-23	1.90e-16	1.83e-10	1.40e-05	1.00e+00	0.00e+00	0.00e+00	0.00e+00	0.00e+00	0.00e+00
 2.92143e+12	0.00e+00	2.77e-31	2.60e-23	2.29e-16	2.08e-10	1.50e-05	1.00e+00	0.00e+00	0.00e+00	0.00e+00	0.00e+00	0.00e+00
 3.06046e+12	9.11e-40	3.80e-31	3.41e-23	2.85e-16	2.43e-10	1.64e-05	1.00e+00	0.00e+00	0.00e+00	0.00e+00	0.00e+00	0.00e+00
 3.20031e+12	0.00e+00	5.19e-31	4.44e-23	3.53e-16	2.82e-10	1.78e-05	1.00e+00	0.00e+00	0.00e+00	0.00e+00	0.00e+00	0.00e+00
 3.32510e+12	1.78e-39	6.79e-31	5.59e-23	4.24e-16	3.20e-10	1.91e-05	1.00e+00	0.00e+00	0.00e+00	0.00e+00	0.00e+00	0.00e+00
 3.46225e+12	0.00e+00	9.06e-31	7.13e-23	5.16e-16	3.66e-10	2.06e-05	1.00e+00	0.00e+00	0.00e+00	0.00e+00	0.00e+00	0.00e+00
 3.62553e+12	3.62e-39	1.26e-30	9.44e-23	6.46e-16	4.28e-10	2.25e-05	1.00e+00	0.00e+00	0.00e+00	0.00e+00	0.00e+00	0.00e+00
 3.78860e+12	0.00e+00	1.73e-30	1.24e-22	8.03e-16	4.96e-10	2.45e-05	1.00e+00	0.00e+00	0.00e+00	0.00e+00	0.00e+00	0.00e+00
 3.94016e+12	7.30e-39	2.31e-30	1.58e-22	9.75e-16	5.67e-10	2.64e-05	1.00e+00	0.00e+00	0.00e+00	0.00e+00	0.00e+00	0.00e+00
 4.10967e+12	0.00e+00	3.15e-30	2.05e-22	1.20e-15	6.55e-10	2.86e-05	1.00e+00	0.00e+00	0.00e+00	0.00e+00	0.00e+00	0.00e+00
 4.30398e+12	1.57e-38	4.47e-30	2.75e-22	1.52e-15	7.68e-10	3.12e-05	1.00e+00	0.00e+00	0.00e+00	0.00e+00	0.00e+00	0.00e+00
 4.49727e+12	0.00e+00	6.24e-30	3.65e-22	1.90e-15	8.93e-10	3.39e-05	1.00e+00	0.00e+00	0.00e+00	0.00e+00	0.00e+00	0.00e+00
 4.69829e+12	3.40e-38	8.73e-30	4.84e-22	2.37e-15	1.04e-09	3.68e-05	1.00e+00	0.00e+00	0.00e+00	0.00e+00	0.00e+00	0.00e+00
 4.91614e+12	0.00e+00	1.24e-29	6.50e-22	3.00e-15	1.22e-09	4.02e-05	1.00e+00	0.00e+00	0.00e+00	0.00e+00	0.00e+00	0.00e+00
 5.14272e+12	7.76e-38	1.78e-29	8.76e-22	3.78e-15	1.43e-09	4.38e-05	1.00e+00	0.00e+00	0.00e+00	0.00e+00	0.00e+00	0.00e+00
 5.35774e+12	0.00e+00	2.45e-29	1.15e-21	4.68e-15	1.65e-09	4.74e-05	1.00e+00	0.00e+00	0.00e+00	0.00e+00	0.00e+00	0.00e+00
 5.55132e+12	1.57e-37	3.26e-29	1.46e-21	5.64e-15	1.87e-09	5.07e-05	1.00e+00	0.00e+00	0.00e+00	0.00e+00	0.00e+00	0.00e+00
 5.73215e+12	0.00e+00	4.21e-29	1.80e-21	6.67e-15	2.09e-09	5.39e-05	1.00e+00	0.00e+00	0.00e+00	0.00e+00	0.00e+00	0.00e+00
 5.93171e+12	2.93e-37	5.57e-29	2.28e-21	7.99e-15	2.36e-09	5.76e-05	1.00e+00	0.00e+00	0.00e+00	0.00e+00	0.00e+00	0.00e+00
 6.15623e+12	0.00e+00	7.59e-29	2.93e-21	9.74e-15	2.70e-09	6.18e-05	1.00e+00	0.00e+00	0.00e+00	0.00e+00	0.00e+00	0.00e+00
 6.37091e+12	5.85e-37	1.01e-28	3.71e-21	1.17e-14	3.05e-09	6.60e-05	1.00e+00	0.00e+00	0.00e+00	0.00e+00	0.00e+00	0.00e+00
 6.60770e+12	0.00e+00	1.37e-28	4.77e-21	1.42e-14	3.48e-09	7.08e-05	1.00e+00	0.00e+00	0.00e+00	0.00e+00	0.00e+00	0.00e+00
 6.87149e+12	1.23e-36	1.90e-28	6.27e-21	1.75e-14	4.00e-09	7.63e-05	1.00e+00	0.00e+00	0.00e+00	0.00e+00	0.00e+00	0.00e+00
 7.11423e+12	0.00e+00	2.55e-28	7.99e-21	2.11e-14	4.54e-09	8.16e-05	1.00e+00	0.00e+00	0.00e+00	0.00e+00	0.00e+00	0.00e+00
 7.33902e+12	2.37e-36	3.32e-28	9.94e-21	2.50e-14	5.08e-09	8.66e-05	1.00e+00	0.00e+00	0.00e+00	0.00e+00	0.00e+00	0.00e+00
 7.59662e+12	0.00e+00	4.48e-28	1.27e-20	3.02e-14	5.76e-09	9.25e-05	1.00e+00	0.00e+00	0.00e+00	0.00e+00	0.00e+00	0.00e+00
 7.91202e+12	5.14e-36	6.40e-28	1.70e-20	3.77e-14	6.68e-09	9.99e-05	1.00e+00	0.00e+00	0.00e+00	0.00e+00	0.00e+00	0.00e+00
 8.22711e+12	0.00e+00	8.95e-28	2.24e-20	4.66e-14	7.71e-09	1.08e-04	1.00e+00	0.00e+00	0.00e+00	0.00e+00	0.00e+00	0.00e+00
 8.50117e+12	1.08e-35	1.20e-27	2.84e-20	5.58e-14	8.70e-09	1.15e-04	1.00e+00	0.00e+00	0.00e+00	0.00e+00	0.00e+00	0.00e+00
 8.79739e+12	0.00e+00	1.63e-27	3.63e-20	6.74e-14	9.86e-09	1.22e-04	1.00e+00	0.00e+00	0.00e+00	0.00e+00	0.00e+00	0.00e+00
 9.15908e+12	2.39e-35	2.34e-27	4.88e-20	8.42e-14	1.14e-08	1.32e-04	1.00e+00	0.00e+00	0.00e+00	0.00e+00	0.00e+00	0.00e+00
 9.52802e+12	0.00e+00	3.32e-27	6.49e-20	1.05e-13	1.32e-08	1.42e-04	1.00e+00	0.00e+00	0.00e+00	0.00e+00	0.00e+00	0.00e+00
 9.86151e+12	5.23e-35	4.54e-27	8.37e-20	1.27e-13	1.51e-08	1.52e-04	1.00e+00	0.00e+00	0.00e+00	0.00e+00	0.00e+00	0.00e+00
 1.02268e+13	7.79e-35	6.34e-27	1.09e-19	1.55e-13	1.72e-08	1.63e-04	1.00e+00	0.00e+00	0.00e+00	0.00e+00	0.00e+00	0.00e+00
 1.06569e+13	1.23e-34	9.28e-27	1.49e-19	1.96e-13	2.01e-08	1.76e-04	1.00e+00	0.00e+00	0.00e+00	0.00e+00	0.00e+00	0.00e+00
 1.10863e+13	1.88e-34	1.33e-26	1.99e-19	2.44e-13	2.33e-08	1.90e-04	1.00e+00	0.00e+00	0.00e+00	0.00e+00	0.00e+00	0.00e+00
 1.14907e+13	2.81e-34	1.86e-26	2.60e-19	2.99e-13	2.66e-08	2.03e-04	1.00e+00	0.00e+00	0.00e+00	0.00e+00	0.00e+00	0.00e+00
 1.19381e+13	4.33e-34	2.66e-26	3.47e-19	3.71e-13	3.08e-08	2.18e-04	1.00e+00	0.00e+00	0.00e+00	0.00e+00	0.00e+00	0.00e+00
 1.24455e+13	6.84e-34	3.90e-26	4.74e-19	4.69e-13	3.60e-08	2.36e-04	1.00e+00	0.00e+00	0.00e+00	0.00e+00	0.00e+00	0.00e+00
 1.29532e+13	1.09e-33	5.73e-26	6.43e-19	5.88e-13	4.18e-08	2.54e-04	1.00e+00	0.00e+00	0.00e+00	0.00e+00	0.00e+00	0.00e+00
 1.34812e+13	1.68e-33	8.29e-26	8.68e-19	7.37e-13	4.87e-08	2.74e-04	1.00e+00	0.00e+00	0.00e+00	0.00e+00	0.00e+00	0.00e+00
 1.40504e+13	2.71e-33	1.23e-25	1.19e-18	9.33e-13	5.69e-08	2.97e-04	1.00e+00	0.00e+00	0.00e+00	0.00e+00	0.00e+00	0.00e+00
 1.46423e+13	4.36e-33	1.83e-25	1.63e-18	1.18e-12	6.66e-08	3.20e-04	1.00e+00	0.00e+00	0.00e+00	0.00e+00	0.00e+00	0.00e+00
 1.52140e+13	6.75e-33	2.63e-25	2.18e-18	1.47e-12	7.71e-08	3.45e-04	1.00e+00	0.00e+00	0.00e+00	0.00e+00	0.00e+00	0.00e+00
 1.57493e+13	9.95e-33	3.64e-25	2.84e-18	1.79e-12	8.79e-08	3.68e-04	1.00e+00	0.00e+00	0.00e+00	0.00e+00	0.00e+00	0.00e+00
 1.62517e+13	1.43e-32	4.92e-25	3.62e-18	2.14e-12	9.91e-08	3.91e-04	1.00e+00	0.00e+00	0.00e+00	0.00e+00	0.00e+00	0.00e+00
 1.67968e+13	2.10e-32	6.77e-25	4.66e-18	2.59e-12	1.12e-07	4.16e-04	1.00e+00	0.00e+00	0.00e+00	0.00e+00	0.00e+00	0.00e+00
 1.74081e+13	3.17e-32	9.54e-25	6.14e-18	3.18e-12	1.29e-07	4.45e-04	1.00e+00	0.00e+00	0.00e+00	0.00e+00	0.00e+00	0.00e+00
 1.79876e+13	4.58e-32	1.30e-24	7.89e-18	3.84e-12	1.46e-07	4.74e-04	1.00e+00	0.00e+00	0.00e+00	0.00e+00	0.00e+00	0.00e+00
 1.86231e+13	6.86e-32	1.81e-24	1.03e-17	4.69e-12	1.67e-07	5.06e-04	9.99e-01	0.00e+00	0.00e+00	0.00e+00	0.00e+00	0.00e+00
 1.93370e+13	1.06e-31	2.61e-24	1.38e-17	5.83e-12	1.93e-07	5.43e-04	9.99e-01	0.00e+00	0.00e+00	0.00e+00	0.00e+00	0.00e+00
 2.00175e+13	1.58e-31	3.64e-24	1.80e-17	7.12e-12	2.21e-07	5.81e-04	9.99e-01	0.00e+00	0.00e+00	0.00e+00	0.00e+00	0.00e+00
 2.07653e+13	2.39e-31	5.14e-24	2.39e-17	8.81e-12	2.54e-07	6.23e-04	9.99e-01	0.00e+00	0.00e+00	0.00e+00	0.00e+00	0.00e+00
 2.16002e+13	3.76e-31	7.52e-24	3.24e-17	1.11e-11	2.96e-07	6.72e-04	9.99e-01	0.00e+00	0.00e+00	0.00e+00	0.00e+00	0.00e+00
 2.23997e+13	5.75e-31	1.07e-23	4.30e-17	1.37e-11	3.40e-07	7.21e-04	9.99e-01	0.00e+00	0.00e+00	0.00e+00	0.00e+00	0.00e+00
 2.32569e+13	8.84e-31	1.53e-23	5.75e-17	1.70e-11	3.94e-07	7.75e-04	9.99e-01	0.00e+00	0.00e+00	0.00e+00	0.00e+00	0.00e+00
 2.42171e+13	1.39e-30	2.24e-23	7.85e-17	2.15e-11	4.60e-07	8.39e-04	9.99e-01	0.00e+00	0.00e+00	0.00e+00	0.00e+00	0.00e+00
 2.51040e+13	2.11e-30	3.18e-23	1.04e-16	2.65e-11	5.29e-07	8.99e-04	9.99e-01	0.00e+00	0.00e+00	0.00e+00	0.00e+00	0.00e+00
 2.58713e+13	2.93e-30	4.20e-23	1.31e-16	3.16e-11	5.95e-07	9.54e-04	9.99e-01	0.00e+00	0.00e+00	0.00e+00	0.00e+00	0.00e+00
 2.67223e+13	4.30e-30	5.77e-23	1.69e-16	3.81e-11	6.74e-07	1.02e-03	9.99e-01	0.00e+00	0.00e+00	0.00e+00	0.00e+00	0.00e+00
 2.77623e+13	6.52e-30	8.22e-23	2.26e-16	4.76e-11	7.82e-07	1.10e-03	9.99e-01	0.00e+00	0.00e+00	0.00e+00	0.00e+00	0.00e+00
 2.88139e+13	1.01e-29	1.18e-22	3.02e-16	5.92e-11	9.04e-07	1.18e-03	9.99e-01	0.00e+00	0.00e+00	0.00e+00	0.00e+00	0.00e+00
 2.97585e+13	1.42e-29	1.59e-22	3.87e-16	7.14e-11	1.02e-06	1.26e-03	9.99e-01	0.00e+00	0.00e+00	0.00e+00	0.00e+00	0.00e+00
 3.07981e+13	2.13e-29	2.22e-22	5.07e-16	8.73e-11	1.17e-06	1.34e-03	9.99e-01	0.00e+00	0.00e+00	0.00e+00	0.00e+00	0.00e+00
 3.20283e+13	3.26e-29	3.19e-22	6.86e-16	1.10e-10	1.37e-06	1.45e-03	9.99e-01	0.00e+00	0.00e+00	0.00e+00	0.00e+00	0.00e+00
 3.32382e+13	4.91e-29	4.51e-22	9.12e-16	1.36e-10	1.58e-06	1.56e-03	9.98e-01	0.00e+00	0.00e+00	0.00e+00	0.00e+00	0.00e+00
 3.43422e+13	7.21e-29	6.21e-22	1.18e-15	1.65e-10	1.79e-06	1.66e-03	9.98e-01	0.00e+00	0.00e+00	0.00e+00	0.00e+00	0.00e+00
 3.55768e+13	1.05e-28	8.58e-22	1.55e-15	2.03e-10	2.06e-06	1.79e-03	9.98e-01	0.00e+00	0.00e+00	0.00e+00	0.00e+00	0.00e+00
 3.70151e+13	1.63e-28	1.24e-21	2.10e-15	2.56e-10	2.40e-06	1.93e-03	9.98e-01	0.00e+00	0.00e+00	0.00e+00	0.00e+00	0.00e+00
 3.84298e+13	2.47e-28	1.77e-21	2.82e-15	3.19e-10	2.78e-06	2.08e-03	9.98e-01	0.00e+00	0.00e+00	0.00e+00	0.00e+00	0.00e+00
 3.97672e+13	3.63e-28	2.45e-21	3.68e-15	3.90e-10	3.18e-06	2.23e-03	9.98e-01	0.00e+00	0.00e+00	0.00e+00	0.00e+00	0.00e+00
 4.12540e+13	5.53e-28	3.49e-21	4.90e-15	4.84e-10	3.67e-06	2.40e-03	9.98e-01	0.00e+00	0.00e+00	0.00e+00	0.00e+00	0.00e+00
 4.29340e+13	8.41e-28	5.00e-21	6.67e-15	6.12e-10	4.29e-06	2.60e-03	9.97e-01	0.00e+00	0.00e+00	0.00e+00	0.00e+00	0.00e+00
 4.46139e+13	1.29e-27	7.19e-21	9.00e-15	7.67e-10	4.99e-06	2.80e-03	9.97e-01	0.00e+00	0.00e+00	0.00e+00	0.00e+00	0.00e+00
 4.61903e+13	1.92e-27	1.00e-20	1.18e-14	9.40e-10	5.72e-06	3.00e-03	9.97e-01	0.00e+00	0.00e+00	0.00e+00	0.00e+00	0.00e+00
 4.78971e+13	2.86e-27	1.41e-20	1.57e-14	1.16e-09	6.59e-06	3.23e-03	9.97e-01	0.00e+00	0.00e+00	0.00e+00	0.00e+00	0.00e+00
 4.98032e+13	4.32e-27	2.01e-20	2.12e-14	1.46e-09	7.68e-06	3.49e-03	9.97e-01	0.00e+00	0.00e+00	0.00e+00	0.00e+00	0.00e+00
 5.15857e+13	6.48e-27	2.82e-20	2.79e-14	1.80e-09	8.82e-06	3.74e-03	9.96e-01	0.00e+00	0.00e+00	0.00e+00	0.00e+00	0.00e+00
 5.32399e+13	8.95e-27	3.74e-20	3.57e-14	2.17e-09	9.98e-06	3.99e-03	9.96e-01	0.00e+00	0.00e+00	0.00e+00	0.00e+00	0.00e+00
 5.48292e+13	1.26e-26	4.97e-20	4.49e-14	2.58e-09	1.12e-05	4.22e-03	9.96e-01	0.00e+00	0.00e+00	0.00e+00	0.00e+00	0.00e+00
 5.65894e+13	1.75e-26	6.61e-20	5.74e-14	3.11e-09	1.27e-05	4.50e-03	9.95e-01	0.00e+00	0.00e+00	0.00e+00	0.00e+00	0.00e+00
 5.85367e+13	2.58e-26	9.15e-20	7.49e-14	3.80e-09	1.45e-05	4.81e-03	9.95e-01	0.00e+00	0.00e+00	0.00e+00	0.00e+00	0.00e+00
 6.03530e+13	3.51e-26	1.20e-19	9.50e-14	4.55e-09	1.63e-05	5.12e-03	9.95e-01	0.00e+00	0.00e+00	0.00e+00	0.00e+00	0.00e+00
 6.23401e+13	5.13e-26	1.65e-19	1.23e-13	5.50e-09	1.86e-05	5.46e-03	9.95e-01	0.00e+00	0.00e+00	0.00e+00	0.00e+00	0.00e+00
 6.45748e+13	7.34e-26	2.25e-19	1.61e-13	6.77e-09	2.13e-05	5.86e-03	9.94e-01	0.00e+00	0.00e+00	0.00e+00	0.00e+00	0.00e+00
 6.67023e+13	1.05e-25	3.05e-19	2.08e-13	8.20e-09	2.42e-05	6.25e-03	9.94e-01	0.00e+00	0.00e+00	0.00e+00	0.00e+00	0.00e+00
 6.90385e+13	1.55e-25	4.24e-19	2.72e-13	1.01e-08	2.77e-05	6.69e-03	9.93e-01	0.00e+00	0.00e+00	0.00e+00	0.00e+00	0.00e+00
 7.16161e+13	2.25e-25	5.86e-19	3.62e-13	1.25e-08	3.20e-05	7.20e-03	9.93e-01	0.00e+00	0.00e+00	0.00e+00	0.00e+00	0.00e+00
 7.39922e+13	3.27e-25	8.04e-19	4.68e-13	1.51e-08	3.64e-05	7.68e-03	9.92e-01	0.00e+00	0.00e+00	0.00e+00	0.00e+00	0.00e+00
 7.65656e+13	4.59e-25	1.08e-18	6.10e-13	1.85e-08	4.16e-05	8.23e-03	9.92e-01	0.00e+00	0.00e+00	0.00e+00	0.00e+00	0.00e+00
 7.94401e+13	6.89e-25	1.53e-18	8.15e-13	2.30e-08	4.82e-05	8.86e-03	9.91e-01	0.00e+00	0.00e+00	0.00e+00	0.00e+00	0.00e+00
 8.21434e+13	9.98e-25	2.10e-18	1.06e-12	2.81e-08	5.49e-05	9.47e-03	9.90e-01	0.00e+00	0.00e+00	0.00e+00	0.00e+00	0.00e+00
 8.50954e+13	1.42e-24	2.87e-18	1.39e-12	3.46e-08	6.31e-05	1.02e-02	9.90e-01	0.00e+00	0.00e+00	0.00e+00	0.00e+00	0.00e+00
 8.83736e+13	2.17e-24	4.11e-18	1.87e-12	4.32e-08	7.32e-05	1.10e-02	9.89e-01	0.00e+00	0.00e+00	0.00e+00	0.00e+00	0.00e+00
 9.14359e+13	3.03e-24	5.52e-18	2.44e-12	5.29e-08	8.37e-05	1.18e-02	9.88e-01	0.00e+00	0.00e+00	0.00e+00	0.00e+00	0.00e+00
 9.47614e+13	4.53e-24	7.75e-18	3.23e-12	6.53e-08	9.64e-05	1.26e-02	9.87e-01	0.00e+00	0.00e+00	0.00e+00	0.00e+00	0.00e+00
 9.84777e+13	6.59e-24	1.08e-17	4.35e-12	8.19e-08	1.12e-04	1.37e-02	9.86e-01	0.00e+00	0.00e+00	0.00e+00	0.00e+00	0.00e+00
 1.02004e+14	9.71e-24	1.51e-17	5.72e-12	1.01e-07	1.29e-04	1.47e-02	9.85e-01	0.00e+00	0.00e+00	0.00e+00	0.00e+00	0.00e+00
 1.05776e+14	1.39e-23	2.07e-17	7.57e-12	1.25e-07	1.48e-04	1.58e-02	9.84e-01	0.00e+00	0.00e+00	0.00e+00	0.00e+00	0.00e+00
 1.10037e+14	2.11e-23	2.97e-17	1.03e-11	1.58e-07	1.73e-04	1.71e-02	9.83e-01	0.00e+00	0.00e+00	0.00e+00	0.00e+00	0.00e+00
 1.14235e+14	3.02e-23	4.09e-17	1.37e-11	1.97e-07	2.01e-04	1.85e-02	9.81e-01	0.00e+00	0.00e+00	0.00e+00	0.00e+00	0.00e+00
 1.18602e+14	4.48e-23	5.76e-17	1.83e-11	2.46e-07	2.32e-04	1.99e-02	9.80e-01	0.00e+00	0.00e+00	0.00e+00	0.00e+00	0.00e+00
 1.23376e+14	6.64e-23	8.15e-17	2.48e-11	3.10e-07	2.71e-04	2.16e-02	9.78e-01	0.00e+00	0.00e+00	0.00e+00	0.00e+00	0.00e+00
 1.28086e+14	9.73e-23	1.14e-16	3.32e-11	3.86e-07	3.14e-04	2.34e-02	9.76e-01	0.00e+00	0.00e+00	0.00e+00	0.00e+00	0.00e+00
 1.31990e+14	1.28e-22	1.47e-16	4.17e-11	4.61e-07	3.53e-04	2.49e-02	9.75e-01	0.00e+00	0.00e+00	0.00e+00	0.00e+00	0.00e+00
 1.35110e+14	1.62e-22	1.80e-16	4.99e-11	5.29e-07	3.87e-04	2.61e-02	9.74e-01	0.00e+00	0.00e+00	0.00e+00	0.00e+00	0.00e+00
 1.38544e+14	2.10e-22	2.26e-16	6.05e-11	6.13e-07	4.27e-04	2.75e-02	9.72e-01	0.00e+00	0.00e+00	0.00e+00	0.00e+00	0.00e+00
 1.43009e+14	2.83e-22	2.97e-16	7.71e-11	7.39e-07	4.83e-04	2.94e-02	9.70e-01	0.00e+00	0.00e+00	0.00e+00	0.00e+00	0.00e+00
 1.47807e+14	3.89e-22	3.95e-16	9.92e-11	8.98e-07	5.49e-04	3.15e-02	9.68e-01	0.00e+00	0.00e+00	0.00e+00	0.00e+00	0.00e+00
 1.52082e+14	5.18e-22	5.09e-16	1.23e-10	1.06e-06	6.13e-04	3.34e-02	9.66e-01	0.00e+00	0.00e+00	0.00e+00	0.00e+00	0.00e+00
 1.56684e+14	6.83e-22	6.55e-16	1.55e-10	1.26e-06	6.88e-04	3.56e-02	9.64e-01	0.00e+00	0.00e+00	0.00e+00	0.00e+00	0.00e+00
 1.62485e+14	9.74e-22	9.01e-16	2.04e-10	1.57e-06	7.92e-04	3.84e-02	9.61e-01	0.00e+00	0.00e+00	0.00e+00	0.00e+00	0.00e+00
 1.68358e+14	1.37e-21	1.22e-15	2.68e-10	1.93e-06	9.08e-04	4.13e-02	9.58e-01	0.00e+00	0.00e+00	0.00e+00	0.00e+00	0.00e+00
 1.73388e+14	1.81e-21	1.58e-15	3.35e-10	2.29e-06	1.02e-03	4.40e-02	9.55e-01	0.00e+00	0.00e+00	0.00e+00	0.00e+00	0.00e+00
 1.78812e+14	2.43e-21	2.06e-15	4.23e-10	2.75e-06	1.15e-03	4.69e-02	9.52e-01	0.00e+00	0.00e+00	0.00e+00	0.00e+00	0.00e+00
 1.85530e+14	3.45e-21	2.84e-15	5.60e-10	3.41e-06	1.32e-03	5.08e-02	9.48e-01	0.00e+00	0.00e+00	0.00e+00	0.00e+00	0.00e+00
 1.92365e+14	4.84e-21	3.88e-15	7.38e-10	4.22e-06	1.52e-03	5.47e-02	9.44e-01	0.00e+00	0.00e+00	0.00e+00	0.00e+00	0.00e+00
 1.98398e+14	6.50e-21	5.07e-15	9.34e-10	5.05e-06	1.71e-03	5.84e-02	9.40e-01	0.00e+00	0.00e+00	0.00e+00	0.00e+00	0.00e+00
 2.04955e+14	8.85e-21	6.73e-15	1.20e-09	6.11e-06	1.93e-03	6.25e-02	9.36e-01	0.00e+00	0.00e+00	0.00e+00	0.00e+00	0.00e+00
 2.12849e+14	1.27e-20	9.37e-15	1.60e-09	7.63e-06	2.23e-03	6.77e-02	9.30e-01	0.00e+00	0.00e+00	0.00e+00	0.00e+00	0.00e+00
 2.20675e+14	1.80e-20	1.29e-14	2.10e-09	9.42e-06	2.56e-03	7.30e-02	9.24e-01	0.00e+00	0.00e+00	0.00e+00	0.00e+00	0.00e+00
 2.27656e+14	2.43e-20	1.70e-14	2.67e-09	1.13e-05	2.88e-03	7.78e-02	9.19e-01	0.00e+00	0.00e+00	0.00e+00	0.00e+00	0.00e+00
 2.35349e+14	3.34e-20	2.28e-14	3.44e-09	1.37e-05	3.26e-03	8.33e-02	9.13e-01	0.00e+00	0.00e+00	0.00e+00	0.00e+00	0.00e+00
 2.44506e+14	4.85e-20	3.20e-14	4.61e-09	1.71e-05	3.77e-03	9.00e-02	9.06e-01	0.00e+00	0.00e+00	0.00e+00	0.00e+00	0.00e+00
 2.53614e+14	6.94e-20	4.43e-14	6.10e-09	2.12e-05	4.32e-03	9.69e-02	8.99e-01	0.00e+00	0.00e+00	0.00e+00	0.00e+00	0.00e+00
 2.61989e+14	9.47e-20	5.92e-14	7.82e-09	2.56e-05	4.88e-03	1.04e-01	8.92e-01	0.00e+00	0.00e+00	0.00e+00	0.00e+00	0.00e+00
 2.71365e+14	1.33e-19	8.06e-14	1.02e-08	3.13e-05	5.56e-03	1.11e-01	8.84e-01	0.00e+00	0.00e+00	0.00e+00	0.00e+00	0.00e+00
 2.82212e+14	1.99e-19	1.16e-13	1.38e-08	3.93e-05	6.43e-03	1.20e-01	8.74e-01	0.00e+00	0.00e+00	0.00e+00	0.00e+00	0.00e+00
 2.92837e+14	2.88e-19	1.62e-13	1.84e-08	4.87e-05	7.36e-03	1.29e-01	8.64e-01	0.00e+00	0.00e+00	0.00e+00	0.00e+00	0.00e+00
 3.03888e+14	4.19e-19	2.28e-13	2.44e-08	6.02e-05	8.43e-03	1.38e-01	8.53e-01	0.00e+00	0.00e+00	0.00e+00	0.00e+00	0.00e+00
 3.13986e+14	5.70e-19	3.04e-13	3.14e-08	7.26e-05	9.49e-03	1.47e-01	8.43e-01	0.00e+00	0.00e+00	0.00e+00	0.00e+00	0.00e+00
 3.21443e+14	7.41e-19	3.83e-13	3.76e-08	8.30e-05	1.03e-02	1.54e-01	8.36e-01	0.00e+00	0.00e+00	0.00e+00	0.00e+00	0.00e+00
 3.29108e+14	9.42e-19	4.75e-13	4.51e-08	9.49e-05	1.13e-02	1.61e-01	8.28e-01	0.00e+00	0.00e+00	0.00e+00	0.00e+00	0.00e+00
 3.39073e+14	1.28e-18	6.26e-13	5.67e-08	1.12e-04	1.25e-02	1.70e-01	8.18e-01	0.00e+00	0.00e+00	0.00e+00	0.00e+00	0.00e+00
 3.49919e+14	1.73e-18	8.26e-13	7.21e-08	1.34e-04	1.40e-02	1.79e-01	8.06e-01	0.00e+00	0.00e+00	0.00e+00	0.00e+00	0.00e+00
 3.59786e+14	2.31e-18	1.07e-12	8.92e-08	1.57e-04	1.55e-02	1.88e-01	7.96e-01	0.00e+00	0.00e+00	0.00e+00	0.00e+00	0.00e+00
 3.70489e+14	3.13e-18	1.41e-12	1.12e-07	1.85e-04	1.71e-02	1.98e-01	7.84e-01	0.00e+00	0.00e+00	0.00e+00	0.00e+00	0.00e+00
 3.82572e+14	4.49e-18	1.93e-12	1.43e-07	2.22e-04	1.92e-02	2.10e-01	7.71e-01	0.00e+00	0.00e+00	0.00e+00	0.00e+00	0.00e+00
 3.94124e+14	6.12e-18	2.54e-12	1.79e-07	2.62e-04	2.13e-02	2.20e-01	7.58e-01	0.00e+00	0.00e+00	0.00e+00	0.00e+00	0.00e+00
 4.06814e+14	8.35e-18	3.37e-12	2.27e-07	3.13e-04	2.37e-02	2.32e-01	7.44e-01	0.00e+00	0.00e+00	0.00e+00	0.00e+00	0.00e+00
 4.21011e+14	1.24e-17	4.73e-12	2.95e-07	3.78e-04	2.67e-02	2.45e-01	7.27e-01	0.00e+00	0.00e+00	0.00e+00	0.00e+00	0.00e+00
 4.34430e+14	1.72e-17	6.31e-12	3.74e-07	4.49e-04	2.97e-02	2.58e-01	7.12e-01	0.00e+00	0.00e+00	0.00e+00	0.00e+00	0.00e+00
 4.49137e+14	2.43e-17	8.48e-12	4.80e-07	5.38e-04	3.32e-02	2.71e-01	6.95e-01	0.00e+00	0.00e+00	1.39e-17	7.38e-18	2.60e-18
 4.66613e+14	3.76e-17	1.24e-11	6.40e-07	6.62e-04	3.76e-02	2.87e-01	6.75e-01	0.00e+00	0.00e+00	2.15e-17	1.15e-17	4.00e-18
 4.83681e+14	5.50e-17	1.72e-11	8.35e-07	8.02e-04	4.23e-02	3.01e-01	6.56e-01	0.00e+00	0.00e+00	3.15e-17	1.67e-17	5.81e-18
 4.98936e+14	7.69e-17	2.30e-11	1.05e-06	9.46e-04	4.67e-02	3.14e-01	6.38e-01	0.00e+00	0.00e+00	4.41e-17	2.34e-17	8.09e-18
 5.15846e+14	1.07e-16	3.08e-11	1.34e-06	1.13e-03	5.19e-02	3.28e-01	6.19e-01	0.00e+00	0.00e+00	6.13e-17	3.25e-17	1.12e-17
 5.35927e+14	1.68e-16	4.48e-11	1.78e-06	1.38e-03	5.85e-02	3.44e-01	5.96e-01	0.00e+00	0.00e+00	9.64e-17	5.10e-17	1.75e-17
 5.55892e+14	2.38e-16	6.12e-11	2.32e-06	1.66e-03	6.53e-02	3.59e-01	5.74e-01	0.00e+00	0.00e+00	1.37e-16	7.25e-17	2.47e-17
 5.74371e+14	3.41e-16	8.29e-11	2.93e-06	1.96e-03	7.21e-02	3.73e-01	5.53e-01	0.00e+00	0.00e+00	1.96e-16	1.03e-16	3.52e-17
 5.95091e+14	4.98e-16	1.14e-10	3.78e-06	2.35e-03	8.00e-02	3.87e-01	5.31e-01	0.00e+00	0.00e+00	2.87e-16	1.51e-16	5.13e-17
 6.18925e+14	7.96e-16	1.68e-10	5.01e-06	2.86e-03	8.96e-02	4.02e-01	5.05e-01	0.00e+00	0.00e+00	4.59e-16	2.42e-16	8.14e-17
 6.42251e+14	1.19e-15	2.35e-10	6.49e-06	3.43e-03	9.94e-02	4.16e-01	4.81e-01	0.00e+00	0.00e+00	6.86e-16	3.61e-16	1.21e-16
 6.66510e+14	1.77e-15	3.27e-10	8.41e-06	4.10e-03	1.10e-01	4.29e-01	4.57e-01	0.00e+00	0.00e+00	1.02e-15	5.38e-16	1.80e-16
 6.88703e+14	2.53e-15	4.38e-10	1.05e-05	4.80e-03	1.20e-01	4.39e-01	4.36e-01	0.00e+00	0.00e+00	1.46e-15	7.66e-16	2.56e-16
 7.05117e+14	3.26e-15	5.40e-10	1.24e-05	5.36e-03	1.28e-01	4.46e-01	4.21e-01	0.00e+00	0.00e+00	1.88e-15	9.88e-16	3.29e-16
 7.21920e+14	4.20e-15	6.66e-10	1.45e-05	5.98e-03	1.36e-01	4.53e-01	4.05e-01	0.00e+00	0.00e+00	2.43e-15	1.27e-15	4.23e-16
 7.43763e+14	5.56e-15	8.46e-10	1.77e-05	6.86e-03	1.46e-01	4.61e-01	3.86e-01	0.00e+00	0.00e+00	3.21e-15	1.69e-15	5.59e-16
 7.67708e+14	8.04e-15	1.14e-09	2.20e-05	7.93e-03	1.58e-01	4.68e-01	3.66e-01	0.00e+00	0.00e+00	4.65e-15	2.44e-15	8.08e-16
 7.89490e+14	1.09e-14	1.45e-09	2.64e-05	8.99e-03	1.69e-01	4.74e-01	3.48e-01	0.00e+00	0.00e+00	6.29e-15	3.29e-15	1.09e-15
 8.12914e+14	1.44e-14	1.83e-09	3.19e-05	1.02e-02	1.81e-01	4.79e-01	3.30e-01	0.00e+00	0.00e+00	8.34e-15	4.37e-15	1.44e-15
 8.42691e+14	2.20e-14	2.55e-09	4.04e-05	1.20e-02	1.96e-01	4.84e-01	3.08e-01	0.00e+00	0.00e+00	1.27e-14	6.67e-15	2.19e-15
 8.72628e+14	3.14e-14	3.40e-09	5.05e-05	1.39e-02	2.12e-01	4.87e-01	2.87e-01	0.00e+00	0.00e+00	1.82e-14	9.54e-15	3.13e-15
 8.97572e+14	4.13e-14	4.25e-09	6.03e-05	1.56e-02	2.24e-01	4.89e-01	2.71e-01	0.00e+00	0.00e+00	2.39e-14	1.25e-14	4.11e-15
 9.24125e+14	5.60e-14	5.42e-09	7.24e-05	1.76e-02	2.38e-01	4.90e-01	2.54e-01	0.00e+00	0.00e+00	3.25e-14	1.70e-14	5.56e-15
 9.57931e+14	8.42e-14	7.42e-09	9.05e-05	2.04e-02	2.56e-01	4.90e-01	2.34e-01	0.00e+00	0.00e+00	4.88e-14	2.55e-14	8.35e-15
 9.93374e+14	1.18e-13	9.78e-09	1.13e-04	2.35e-02	2.74e-01	4.87e-01	2.16e-01	0.00e+00	0.00e+00	6.87e-14	3.59e-14	1.17e-14
 1.02468e+15	1.73e-13	1.30e-08	1.36e-04	2.66e-02	2.89e-01	4.84e-01	2.00e-01	0.00e+00	0.00e+00	1.00e-13	5.24e-14	1.71e-14
 1.05841e+15	2.41e-13	1.68e-08	1.65e-04	3.01e-02	3.06e-01	4.80e-01	1.84e-01	0.00e+00	0.00e+00	1.40e-13	7.33e-14	2.39e-14
 1.09904e+15	3.38e-13	2.21e-08	2.06e-04	3.46e-02	3.25e-01	4.73e-01	1.67e-01	0.00e+00	0.00e+00	1.96e-13	1.03e-13	3.33e-14
 1.13935e+15	5.18e-13	3.02e-08	2.55e-04	3.95e-02	3.44e-01	4.65e-01	1.51e-01	0.00e+00	0.00e+00	3.01e-13	1.57e-13	5.11e-14
 1.17519e+15	7.03e-13	3.83e-08	3.04e-04	4.40e-02	3.60e-01	4.57e-01	1.39e-01	0.00e+00	0.00e+00	4.08e-13	2.13e-13	6.93e-14
 1.21447e+15	9.50e-13	4.85e-08	3.65e-04	4.94e-02	3.77e-01	4.47e-01	1.26e-01	0.00e+00	0.00e+00	5.52e-13	2.88e-13	9.36e-14
 1.26143e+15	1.47e-12	6.68e-08	4.52e-04	5.62e-02	3.96e-01	4.35e-01	1.12e-01	0.00e+00	0.00e+00	8.56e-13	4.47e-13	1.45e-13
 1.30806e+15	2.09e-12	8.73e-08	5.51e-04	6.34e-02	4.14e-01	4.21e-01	1.01e-01	0.00e+00	0.00e+00	1.22e-12	6.36e-13	2.06e-13
 1.34922e+15	2.78e-12	1.09e-07	6.52e-04	7.00e-02	4.29e-01	4.09e-01	9.11e-02	0.00e+00	0.00e+00	1.61e-12	8.43e-13	2.73e-13
 1.39356e+15	3.83e-12	1.38e-07	7.75e-04	7.76e-02	4.44e-01	3.96e-01	8.19e-02	0.00e+00	0.00e+00	2.23e-12	1.16e-12	3.76e-13
 1.44700e+15	5.91e-12	1.88e-07	9.49e-04	8.72e-02	4.60e-01	3.80e-01	7.18e-02	0.00e+00	0.00e+00	3.43e-12	1.79e-12	5.80e-13
 1.49916e+15	8.39e-12	2.44e-07	1.14e-03	9.69e-02	4.75e-01	3.64e-01	6.34e-02	0.00e+00	0.00e+00	4.87e-12	2.55e-12	8.23e-13
 1.54027e+15	1.10e-11	2.97e-07	1.31e-03	1.05e-01	4.85e-01	3.51e-01	5.75e-02	0.00e+00	0.00e+00	6.38e-12	3.33e-12	1.08e-12
 1.58012e+15	1.42e-11	3.58e-07	1.49e-03	1.13e-01	4.94e-01	3.39e-01	5.23e-02	0.00e+00	0.00e+00	8.24e-12	4.30e-12	1.39e-12
 1.63193e+15	1.85e-11	4.40e-07	1.75e-03	1.23e-01	5.05e-01	3.24e-01	4.64e-02	0.00e+00	0.00e+00	1.08e-11	5.63e-12	1.82e-12
 1.68767e+15	2.73e-11	5.76e-07	2.08e-03	1.35e-01	5.15e-01	3.07e-01	4.05e-02	0.00e+00	0.00e+00	1.58e-11	8.28e-12	2.68e-12
 1.73386e+15	3.55e-11	6.97e-07	2.37e-03	1.45e-01	5.22e-01	2.94e-01	3.64e-02	0.00e+00	0.00e+00	2.07e-11	1.08e-11	3.49e-12
 1.77926e+15	4.52e-11	8.32e-07	2.69e-03	1.55e-01	5.28e-01	2.81e-01	3.28e-02	0.00e+00	0.00e+00	2.63e-11	1.38e-11	4.44e-12
 1.83829e+15	5.98e-11	1.03e-06	3.14e-03	1.69e-01	5.34e-01	2.65e-01	2.86e-02	0.00e+00	0.00e+00	3.48e-11	1.82e-11	5.87e-12
 1.90248e+15	8.85e-11	1.34e-06	3.72e-03	1.84e-01	5.40e-01	2.48e-01	2.46e-02	0.00e+00	0.00e+00	5.15e-11	2.69e-11	8.69e-12
 1.95729e+15	1.15e-10	1.62e-06	4.24e-03	1.97e-01	5.43e-01	2.35e-01	2.17e-02	0.00e+00	0.00e+00	6.67e-11	3.49e-11	1.13e-11
 2.01244e+15	1.46e-10	1.93e-06	4.83e-03	2.10e-01	5.45e-01	2.21e-01	1.92e-02	0.00e+00	0.00e+00	8.47e-11	4.43e-11	1.43e-11
 2.08413e+15	2.16e-10	2.53e-06	5.70e-03	2.27e-01	5.46e-01	2.05e-01	1.62e-02	0.00e+00	0.00e+00	1.26e-10	6.57e-11	2.12e-11
 2.15730e+15	2.95e-10	3.17e-06	6.66e-03	2.45e-01	5.45e-01	1.90e-01	1.38e-02	0.00e+00	0.00e+00	1.71e-10	8.97e-11	2.90e-11
 2.21791e+15	3.73e-10	3.77e-06	7.54e-03	2.59e-01	5.43e-01	1.78e-01	1.21e-02	0.00e+00	0.00e+00	2.17e-10	1.14e-10	3.68e-11
 2.28220e+15	4.91e-10	4.58e-06	8.59e-03	2.75e-01	5.40e-01	1.65e-01	1.05e-02	0.00e+00	0.00e+00	2.85e-10	1.49e-10	4.83e-11
 2.35450e+15	7.02e-10	5.83e-06	9.92e-03	2.93e-01	5.36e-01	1.52e-01	8.85e-03	0.00e+00	0.00e+00	4.08e-10	2.14e-10	6.91e-11
 2.42185e+15	9.16e-10	7.04e-06	1.12e-02	3.09e-01	5.30e-01	1.41e-01	7.64e-03	0.00e+00	0.00e+00	5.33e-10	2.79e-10	9.03e-11
 2.49407e+15	1.20e-09	8.55e-06	1.28e-02	3.27e-01	5.24e-01	1.30e-01	6.53e-03	0.00e+00	0.00e+00	7.00e-10	3.66e-10	1.19e-10
 2.57437e+15	1.56e-09	1.04e-05	1.47e-02	3.46e-01	5.15e-01	1.19e-01	5.50e-03	0.00e+00	0.00e+00	9.10e-10	4.77e-10	1.54e-10
 2.64795e+15	2.18e-09	1.29e-05	1.67e-02	3.64e-01	5.06e-01	1.09e-01	4.66e-03	0.00e+00	0.00e+00	1.27e-09	6.65e-10	2.15e-10
 2.71303e+15	2.75e-09	1.52e-05	1.85e-02	3.79e-01	4.98e-01	1.01e-01	4.05e-03	0.00e+00	0.00e+00	1.60e-09	8.39e-10	2.72e-10
 2.77241e+15	3.39e-09	1.77e-05	2.03e-02	3.92e-01	4.89e-01	9.43e-02	3.56e-03	0.00e+00	0.00e+00	1.98e-09	1.04e-09	3.36e-10
 2.83770e+15	4.22e-09	2.06e-05	2.25e-02	4.07e-01	4.80e-01	8.73e-02	3.10e-03	0.00e+00	0.00e+00	2.45e-09	1.29e-09	4.17e-10
 2.91010e+15	5.49e-09	2.47e-05	2.52e-02	4.23e-01	4.69e-01	8.00e-02	2.64e-03	0.00e+00	0.00e+00	3.19e-09	1.67e-09	5.43e-10
 2.97491e+15	6.69e-09	2.85e-05	2.76e-02	4.37e-01	4.59e-01	7.41e-02	2.31e-03	0.00e+00	0.00e+00	3.89e-09	2.04e-09	6.62e-10
 3.04230e+15	8.10e-09	3.28e-05	3.05e-02	4.51e-01	4.48e-01	6.84e-02	2.00e-03	0.00e+00	0.00e+00	4.71e-09	2.47e-09	8.02e-10
 3.12992e+15	1.14e-08	4.13e-05	3.47e-02	4.69e-01	4.33e-01	6.13e-02	1.64e-03	0.00e+00	0.00e+00	6.64e-09	3.48e-09	1.13e-09
 3.22155e+15	1.42e-08	4.88e-05	3.91e-02	4.87e-01	4.18e-01	5.49e-02	1.37e-03	0.00e+00	0.00e+00	8.27e-09	4.34e-09	1.41e-09
 3.30054e+15	1.94e-08	6.01e-05	4.38e-02	5.02e-01	4.03e-01	4.96e-02	1.14e-03	0.00e+00	0.00e+00	1.13e-08	5.93e-09	1.93e-09
 3.37101e+15	2.41e-08	7.00e-05	4.81e-02	5.15e-01	3.91e-01	4.54e-02	9.81e-04	0.00e+00	0.00e+00	1.40e-08	7.37e-09	2.40e-09
 3.43784e+15	2.95e-08	8.08e-05	5.26e-02	5.26e-01	3.79e-01	4.17e-02	8.49e-04	0.00e+00	0.00e+00	1.72e-08	9.02e-09	2.94e-09
 3.51425e+15	3.68e-08	9.47e-05	5.81e-02	5.39e-01	3.65e-01	3.78e-02	7.20e-04	0.00e+00	0.00e+00	2.14e-08	1.13e-08	3.67e-09
 3.59845e+15	4.84e-08	1.14e-04	6.49e-02	5.51e-01	3.49e-01	3.37e-02	5.97e-04	0.00e+00	0.00e+00	2.81e-08	1.48e-08	4.82e-09
 3.68028e+15	6.07e-08	1.35e-04	7.19e-02	5.63e-01	3.34e-01	3.03e-02	5.01e-04	0.00e+00	0.00e+00	3.53e-08	1.86e-08	6.05e-09
 3.75882e+15	7.38e-08	1.56e-04	7.93e-02	5.73e-01	3.20e-01	2.73e-02	4.23e-04	0.00e+00	0.00e+00	4.30e-08	2.26e-08	7.36e-09
 3.84555e+15	1.03e-07	1.95e-04	8.92e-02	5.83e-01	3.03e-01	2.40e-02	3.43e-04	0.00e+00	0.00e+00	6.00e-08	3.15e-08	1.03e-08
 3.93865e+15	1.32e-07	2.34e-04	1.00e-01	5.92e-01	2.86e-01	2.11e-02	2.79e-04	0.00e+00	0.00e+00	7.71e-08	4.05e-08	1.32e-08
 4.02153e+15	1.63e-07	2.73e-04	1.11e-01	5.99e-01	2.71e-01	1.88e-02	2.32e-04	0.00e+00	0.00e+00	9.49e-08	4.99e-08	1.63e-08
 4.11078e+15	2.13e-07	3.31e-04	1.24e-01	6.05e-01	2.54e-01	1.64e-02	1.88e-04	0.00e+00	0.00e+00	1.24e-07	6.51e-08	2.13e-08
 4.20097e+15	3.08e-07	4.24e-04	1.40e-01	6.08e-01	2.37e-01	1.41e-02	1.48e-04	0.00e+00	0.00e+00	1.79e-07	9.42e-08	3.08e-08
 4.26387e+15	3.70e-07	4.85e-04	1.52e-01	6.09e-01	2.26e-01	1.28e-02	1.27e-04	0.00e+00	0.00e+00	2.15e-07	1.13e-07	3.71e-08
 4.31713e+15	4.43e-07	5.51e-04	1.63e-01	6.10e-01	2.15e-01	1.16e-02	1.10e-04	0.00e+00	0.00e+00	2.58e-07	1.36e-07	4.45e-08
 4.38636e+15	5.48e-07	6.43e-04	1.78e-01	6.08e-01	2.02e-01	1.03e-02	9.21e-05	0.00e+00	0.00e+00	3.19e-07	1.68e-07	5.50e-08
 4.46369e+15	7.32e-07	7.85e-04	1.98e-01	6.05e-01	1.88e-01	8.93e-03	7.39e-05	0.00e+00	0.00e+00	4.26e-07	2.24e-07	7.35e-08
 4.52371e+15	8.83e-07	9.00e-04	2.14e-01	6.00e-01	1.77e-01	8.00e-03	6.28e-05	0.00e+00	0.00e+00	5.14e-07	2.70e-07	8.87e-08
 4.56475e+15	1.02e-06	9.97e-04	2.26e-01	5.96e-01	1.69e-01	7.37e-03	5.56e-05	0.00e+00	0.00e+00	5.94e-07	3.13e-07	1.03e-07
 4.60895e+15	1.20e-06	1.12e-03	2.40e-01	5.91e-01	1.61e-01	6.72e-03	4.85e-05	0.00e+00	0.00e+00	7.00e-07	3.69e-07	1.21e-07
 4.66640e+15	1.39e-06	1.25e-03	2.59e-01	5.84e-01	1.50e-01	5.98e-03	4.12e-05	0.00e+00	0.00e+00	8.11e-07	4.27e-07	1.40e-07
 4.74110e+15	2.01e-06	1.61e-03	2.90e-01	5.68e-01	1.36e-01	4.98e-03	3.13e-05	0.00e+00	0.00e+00	1.17e-06	6.15e-07	2.02e-07
 4.80225e+15	2.48e-06	1.87e-03	3.14e-01	5.55e-01	1.25e-01	4.33e-03	2.57e-05	0.00e+00	0.00e+00	1.44e-06	7.60e-07	2.50e-07
 4.83586e+15	2.83e-06	2.05e-03	3.29e-01	5.47e-01	1.19e-01	3.97e-03	2.27e-05	0.00e+00	0.00e+00	1.65e-06	8.68e-07	2.86e-07
 4.86960e+15	3.26e-06	2.26e-03	3.45e-01	5.37e-01	1.12e-01	3.62e-03	2.00e-05	0.00e+00	0.00e+00	1.90e-06	1.00e-06	3.29e-07
 4.91347e+15	3.70e-06	2.49e-03	3.66e-01	5.24e-01	1.04e-01	3.23e-03	1.71e-05	0.00e+00	0.00e+00	2.15e-06	1.14e-06	3.74e-07
 4.97049e+15	5.07e-06	3.08e-03	4.00e-01	5.01e-01	9.32e-02	2.68e-03	1.31e-05	0.00e+00	0.00e+00	2.95e-06	1.56e-06	5.13e-07
 5.01996e+15	6.17e-06	3.54e-03	4.27e-01	4.82e-01	8.48e-02	2.31e-03	1.07e-05	0.00e+00	0.00e+00	3.59e-06	1.89e-06	6.24e-07
 5.05188e+15	7.12e-06	3.90e-03	4.47e-01	4.68e-01	7.92e-02	2.07e-03	9.20e-06	0.00e+00	0.00e+00	4.14e-06	2.19e-06	7.21e-07
 5.08566e+15	8.35e-06	4.35e-03	4.69e-01	4.52e-01	7.31e-02	1.83e-03	7.77e-06	0.00e+00	0.00e+00	4.86e-06	2.56e-06	8.46e-07
 5.12957e+15	9.64e-06	4.83e-03	4.96e-01	4.32e-01	6.58e-02	1.57e-03	6.35e-06	0.00e+00	0.00e+00	5.60e-06	2.96e-06	9.76e-07
 5.18665e+15	1.37e-05	6.09e-03	5.39e-01	3.98e-01	5.59e-02	1.22e-03	4.48e-06	0.00e+00	0.00e+00	7.94e-06	4.19e-06	1.38e-06
 5.23464e+15	1.59e-05	6.77e-03	5.70e-01	3.73e-01	4.92e-02	1.01e-03	3.53e-06	0.00e+00	0.00e+00	9.22e-06	4.87e-06	1.61e-06
 5.27079e+15	2.05e-05	7.99e-03	6.00e-01	3.48e-01	4.33e-02	8.33e-04	2.70e-06	0.00e+00	0.00e+00	1.19e-05	6.29e-06	2.08e-06
 5.30613e+15	2.43e-05	8.97e-03	6.26e-01	3.26e-01	3.84e-02	7.00e-04	2.15e-06	0.00e+00	0.00e+00	1.41e-05	7.47e-06	2.47e-06
 5.34041e+15	2.77e-05	9.80e-03	6.50e-01	3.06e-01	3.40e-02	5.89e-04	1.72e-06	0.00e+00	0.00e+00	1.61e-05	8.50e-06	2.81e-06
 5.38497e+15	3.69e-05	1.18e-02	6.85e-01	2.74e-01	2.82e-02	4.47e-04	1.20e-06	0.00e+00	0.00e+00	2.14e-05	1.13e-05	3.75e-06
 5.42601e+15	4.54e-05	1.35e-02	7.14e-01	2.48e-01	2.38e-02	3.50e-04	8.70e-07	0.00e+00	0.00e+00	2.64e-05	1.40e-05	4.63e-06
 5.45568e+15	5.30e-05	1.49e-02	7.34e-01	2.30e-01	2.08e-02	2.89e-04	0.00e+00	0.00e+00	0.00e+00	3.08e-05	1.63e-05	5.41e-06
 5.48014e+15	6.01e-05	1.61e-02	7.51e-01	2.15e-01	1.85e-02	2.46e-04	0.00e+00	0.00e+00	0.00e+00	3.50e-05	1.85e-05	6.14e-06
 5.50111e+15	6.72e-05	1.73e-02	7.64e-01	2.02e-01	1.67e-02	2.12e-04	0.00e+00	0.00e+00	0.00e+00	3.91e-05	2.07e-05	6.87e-06
 5.52484e+15	7.65e-05	1.88e-02	7.79e-01	1.87e-01	1.48e-02	1.78e-04	0.00e+00	0.00e+00	0.00e+00	4.45e-05	2.35e-05	7.83e-06
 5.55098e+15	8.80e-05	2.04e-02	7.95e-01	1.72e-01	1.28e-02	1.46e-04	0.00e+00	0.00e+00	0.00e+00	5.11e-05	2.71e-05	9.00e-06
 5.57506e+15	9.94e-05	2.21e-02	8.08e-01	1.59e-01	1.13e-02	1.22e-04	0.00e+00	0.00e+00	0.00e+00	5.78e-05	3.06e-05	1.02e-05
 5.60115e+15	1.15e-04	2.40e-02	8.21e-01	1.45e-01	9.67e-03	9.81e-05	0.00e+00	0.00e+00	0.00e+00	6.66e-05	3.52e-05	1.17e-05
 5.62899e+15	1.32e-04	2.63e-02	8.35e-01	1.31e-01	8.22e-03	7.81e-05	0.00e+00	0.00e+00	0.00e+00	7.70e-05	4.08e-05	1.36e-05
 5.65342e+15	1.51e-04	2.83e-02	8.45e-01	1.19e-01	7.11e-03	6.36e-05	0.00e+00	0.00e+00	0.00e+00	8.76e-05	4.63e-05	1.54e-05
 5.67951e+15	1.73e-04	3.07e-02	8.55e-01	1.08e-01	6.01e-03	5.03e-05	0.00e+00	0.00e+00	0.00e+00	1.00e-04	5.31e-05	1.77e-05
 5.70821e+15	2.00e-04	3.35e-02	8.65e-01	9.61e-02	5.01e-03	3.89e-05	0.00e+00	0.00e+00	0.00e+00	1.17e-04	6.17e-05	2.06e-05
 5.73421e+15	2.29e-04	3.62e-02	8.73e-01	8.65e-02	4.23e-03	3.08e-05	0.00e+00	0.00e+00	0.00e+00	1.33e-04	7.04e-05	2.35e-05
 5.75794e+15	2.58e-04	3.88e-02	8.79e-01	7.84e-02	3.61e-03	2.46e-05	0.00e+00	0.00e+00	0.00e+00	1.50e-04	7.95e-05	2.66e-05
 5.78483e+15	2.97e-04	4.20e-02	8.85e-01	6.97e-02	3.00e-03	1.89e-05	0.00e+00	0.00e+00	0.00e+00	1.72e-04	9.13e-05	3.05e-05
 5.81426e+15	3.43e-04	4.56e-02	8.90e-01	6.15e-02	2.45e-03	1.42e-05	0.00e+00	0.00e+00	0.00e+00	1.99e-04	1.05e-04	3.53e-05
 5.84120e+15	3.91e-04	4.92e-02	8.94e-01	5.47e-02	2.03e-03	1.10e-05	0.00e+00	0.00e+00	0.00e+00	2.28e-04	1.20e-04	4.03e-05
 5.86627e+15	4.42e-04	5.26e-02	8.96e-01	4.89e-02	1.70e-03	8.53e-06	0.00e+00	0.00e+00	0.00e+00	2.57e-04	1.36e-04	4.56e-05
 5.89472e+15	5.09e-04	5.69e-02	8.98e-01	4.30e-02	1.38e-03	6.36e-06	0.00e+00	0.00e+00	0.00e+00	2.96e-04	1.57e-04	5.25e-05
 5.92566e+15	5.91e-04	6.17e-02	8.99e-01	3.74e-02	1.11e-03	4.64e-06	0.00e+00	0.00e+00	0.00e+00	3.44e-04	1.82e-04	6.09e-05
 5.95364e+15	6.75e-04	6.64e-02	8.99e-01	3.30e-02	9.07e-04	3.49e-06	0.00e+00	0.00e+00	0.00e+00	3.93e-04	2.08e-04	6.97e-05
 5.97967e+15	7.63e-04	7.10e-02	8.98e-01	2.93e-02	7.51e-04	2.67e-06	0.00e+00	0.00e+00	0.00e+00	4.44e-04	2.35e-04	7.88e-05
 6.00931e+15	8.79e-04	7.66e-02	8.96e-01	2.55e-02	6.01e-04	1.94e-06	0.00e+00	0.00e+00	0.00e+00	5.12e-04	2.71e-04	9.08e-05
 6.04179e+15	1.02e-03	8.31e-02	8.93e-01	2.20e-02	4.75e-04	1.39e-06	0.00e+00	0.00e+00	0.00e+00	5.96e-04	3.15e-04	1.06e-04
 6.07109e+15	1.17e-03	8.95e-02	8.90e-01	1.92e-02	3.84e-04	1.02e-06	0.00e+00	0.00e+00	0.00e+00	6.84e-04	3.62e-04	1.21e-04
 6.09800e+15	1.33e-03	9.55e-02	8.86e-01	1.70e-02	3.15e-04	7.71e-07	0.00e+00	0.00e+00	0.00e+00	7.72e-04	4.09e-04	1.37e-04
 6.12863e+15	1.54e-03	1.03e-01	8.80e-01	1.47e-02	2.50e-04	0.00e+00	0.00e+00	0.00e+00	0.00e+00	8.96e-04	4.74e-04	1.59e-04
 6.16161e+15	1.80e-03	1.12e-01	8.73e-01	1.26e-02	1.96e-04	0.00e+00	0.00e+00	0.00e+00	0.00e+00	1.05e-03	5.54e-04	1.86e-04
 6.19107e+15	2.06e-03	1.21e-01	8.66e-01	1.10e-02	1.58e-04	0.00e+00	0.00e+00	0.00e+00	0.00e+00	1.20e-03	6.34e-04	2.13e-04
 6.22281e+15	2.40e-03	1.31e-01	8.57e-01	9.40e-03	1.24e-04	0.00e+00	0.00e+00	0.00e+00	0.00e+00	1.40e-03	7.40e-04	2.49e-04
 6.25687e+15	2.82e-03	1.42e-01	8.47e-01	8.00e-03	9.69e-05	0.00e+00	0.00e+00	0.00e+00	0.00e+00	1.64e-03	8.70e-04	2.92e-04
 6.28711e+15	3.27e-03	1.54e-01	8.36e-01	6.92e-03	7.74e-05	0.00e+00	0.00e+00	0.00e+00	0.00e+00	1.90e-03	1.01e-03	3.39e-04
 6.31956e+15	3.83e-03	1.67e-01	8.23e-01	5.89e-03	6.03e-05	0.00e+00	0.00e+00	0.00e+00	0.00e+00	2.23e-03	1.18e-03	3.97e-04
 6.35507e+15	4.55e-03	1.82e-01	8.08e-01	4.95e-03	4.61e-05	0.00e+00	0.00e+00	0.00e+00	0.00e+00	2.65e-03	1.40e-03	4.71e-04
 6.38749e+15	5.37e-03	1.99e-01	7.92e-01	4.20e-03	3.61e-05	0.00e+00	0.00e+00	0.00e+00	0.00e+00	3.12e-03	1.65e-03	5.56e-04
 6.41711e+15	6.24e-03	2.15e-01	7.76e-01	3.61e-03	2.86e-05	0.00e+00	0.00e+00	0.00e+00	0.00e+00	3.63e-03	1.92e-03	6.46e-04
 6.45018e+15	7.39e-03	2.34e-01	7.56e-01	3.03e-03	2.20e-05	0.00e+00	0.00e+00	0.00e+00	0.00e+00	4.30e-03	2.27e-03	7.65e-04
 6.48736e+15	8.96e-03	2.58e-01	7.31e-01	2.48e-03	1.63e-05	0.00e+00	0.00e+00	0.00e+00	0.00e+00	5.22e-03	2.76e-03	9.28e-04
 6.52248e+15	1.08e-02	2.83e-01	7.05e-01	2.04e-03	1.23e-05	0.00e+00	0.00e+00	0.00e+00	0.00e+00	6.27e-03	3.31e-03	1.12e-03
 6.55561e+15	1.29e-02	3.09e-01	6.77e-01	1.68e-03	9.27e-06	0.00e+00	0.00e+00	0.00e+00	0.00e+00	7.50e-03	3.96e-03	1.33e-03
 6.59356e+15	1.58e-02	3.41e-01	6.42e-01	1.33e-03	6.64e-06	0.00e+00	0.00e+00	0.00e+00	0.00e+00	9.22e-03	4.87e-03	1.64e-03
 6.63372e+15	1.99e-02	3.79e-01	6.00e-01	1.03e-03	4.61e-06	0.00e+00	0.00e+00	0.00e+00	0.00e+00	1.16e-02	6.12e-03	2.06e-03
 6.66706e+15	2.41e-02	4.14e-01	5.61e-01	8.21e-04	3.36e-06	0.00e+00	0.00e+00	0.00e+00	0.00e+00	1.41e-02	7.42e-03	2.50e-03
