#depth	O	O+	O+2	O+3	O+4	O+5	O+6	O+7	O+8	O[1]	O[2]	O[3]
 1.49634e+10	0.00e+00	9.77e-25	1.93e-14	1.27e-06	9.10e-02	8.45e-01	6.42e-02	0.00e+00	0.00e+00	0.00e+00	0.00e+00	0.00e+00
 4.54887e+10	7.30e-37	1.30e-24	2.41e-14	1.47e-06	9.77e-02	8.43e-01	5.89e-02	7.21e-09	0.00e+00	0.00e+00	0.00e+00	0.00e+00
 7.72350e+10	0.00e+00	1.73e-24	3.00e-14	1.71e-06	1.05e-01	8.41e-01	5.41e-02	0.00e+00	0.00e+00	0.00e+00	0.00e+00	0.00e+00
 1.10251e+11	1.48e-36	2.30e-24	3.74e-14	1.98e-06	1.13e-01	8.38e-01	4.96e-02	0.00e+00	0.00e+00	0.00e+00	0.00e+00	0.00e+00
 1.44588e+11	0.00e+00	3.06e-24	4.64e-14	2.29e-06	1.21e-01	8.34e-01	4.55e-02	0.00e+00	0.00e+00	0.00e+00	0.00e+00	0.00e+00
 1.80298e+11	2.96e-36	4.05e-24	5.76e-14	2.65e-06	1.29e-01	8.29e-01	4.16e-02	0.00e+00	0.00e+00	0.00e+00	0.00e+00	0.00e+00
 2.17437e+11	0.00e+00	5.36e-24	7.13e-14	3.07e-06	1.38e-01	8.24e-01	3.80e-02	0.00e+00	0.00e+00	0.00e+00	0.00e+00	0.00e+00
 2.56061e+11	5.87e-36	7.08e-24	8.82e-14	3.54e-06	1.48e-01	8.18e-01	3.47e-02	0.00e+00	0.00e+00	0.00e+00	0.00e+00	0.00e+00
 2.96231e+11	0.00e+00	9.32e-24	1.09e-13	4.08e-06	1.58e-01	8.11e-01	3.17e-02	0.00e+00	0.00e+00	0.00e+00	0.00e+00	0.00e+00
 3.38007e+11	1.15e-35	1.23e-23	1.34e-13	4.70e-06	1.68e-01	8.03e-01	2.89e-02	0.00e+00	0.00e+00	0.00e+00	0.00e+00	0.00e+00
 3.81454e+11	0.00e+00	1.61e-23	1.66e-13	5.40e-06	1.79e-01	7.95e-01	2.63e-02	0.00e+00	0.00e+00	0.00e+00	0.00e+00	0.00e+00
 4.26639e+11	2.23e-35	2.11e-23	2.04e-13	6.20e-06	1.90e-01	7.86e-01	2.39e-02	0.00e+00	0.00e+00	0.00e+00	0.00e+00	0.00e+00
 4.73631e+11	0.00e+00	2.76e-23	2.50e-13	7.12e-06	2.02e-01	7.76e-01	2.17e-02	0.00e+00	0.00e+00	0.00e+00	0.00e+00	0.00e+00
 5.22503e+11	4.29e-35	3.60e-23	3.07e-13	8.16e-06	2.14e-01	7.66e-01	1.97e-02	0.00e+00	0.00e+00	0.00e+00	0.00e+00	0.00e+00
 5.73330e+11	5.92e-35	4.69e-23	3.76e-13	9.34e-06	2.27e-01	7.55e-01	1.78e-02	0.00e+00	0.00e+00	0.00e+00	0.00e+00	0.00e+00
 6.26190e+11	8.16e-35	6.10e-23	4.60e-13	1.07e-05	2.40e-01	7.44e-01	1.61e-02	0.00e+00	0.00e+00	0.00e+00	0.00e+00	0.00e+00
 6.81164e+11	1.12e-34	7.93e-23	5.63e-13	1.22e-05	2.54e-01	7.32e-01	1.46e-02	0.00e+00	0.00e+00	0.00e+00	0.00e+00	0.00e+00
 7.38337e+11	1.54e-34	1.03e-22	6.87e-13	1.39e-05	2.68e-01	7.19e-01	1.31e-02	0.00e+00	0.00e+00	0.00e+00	0.00e+00	0.00e+00
 7.97798e+11	2.10e-34	1.33e-22	8.38e-13	1.59e-05	2.82e-01	7.06e-01	1.18e-02	0.00e+00	0.00e+00	0.00e+00	0.00e+00	0.00e+00
 8.59636e+11	2.87e-34	1.72e-22	1.02e-12	1.81e-05	2.97e-01	6.93e-01	1.07e-02	0.00e+00	0.00e+00	0.00e+00	0.00e+00	0.00e+00
 9.23949e+11	3.92e-34	2.23e-22	1.24e-12	2.05e-05	3.12e-01	6.78e-01	9.59e-03	0.00e+00	0.00e+00	0.00e+00	0.00e+00	0.00e+00
 9.90833e+11	5.33e-34	2.87e-22	1.51e-12	2.33e-05	3.28e-01	6.64e-01	8.61e-03	0.00e+00	0.00e+00	0.00e+00	0.00e+00	0.00e+00
 1.06039e+12	7.24e-34	3.70e-22	1.83e-12	2.64e-05	3.43e-01	6.49e-01	7.72e-03	0.00e+00	0.00e+00	0.00e+00	0.00e+00	0.00e+00
 1.13274e+12	9.81e-34	4.77e-22	2.22e-12	3.00e-05	3.60e-01	6.33e-01	6.92e-03	0.00e+00	0.00e+00	0.00e+00	0.00e+00	0.00e+00
 1.20797e+12	1.33e-33	6.13e-22	2.69e-12	3.39e-05	3.76e-01	6.18e-01	6.19e-03	0.00e+00	0.00e+00	0.00e+00	0.00e+00	0.00e+00
 1.28622e+12	1.79e-33	7.88e-22	3.26e-12	3.83e-05	3.93e-01	6.02e-01	5.53e-03	0.00e+00	0.00e+00	0.00e+00	0.00e+00	0.00e+00
 1.36759e+12	2.42e-33	1.01e-21	3.94e-12	4.33e-05	4.10e-01	5.85e-01	4.94e-03	0.00e+00	0.00e+00	0.00e+00	0.00e+00	0.00e+00
 1.45222e+12	3.26e-33	1.30e-21	4.76e-12	4.88e-05	4.27e-01	5.69e-01	4.40e-03	0.00e+00	0.00e+00	0.00e+00	0.00e+00	0.00e+00
 1.54024e+12	4.39e-33	1.66e-21	5.75e-12	5.50e-05	4.44e-01	5.52e-01	3.92e-03	0.00e+00	0.00e+00	0.00e+00	0.00e+00	0.00e+00
 1.63178e+12	5.90e-33	2.13e-21	6.94e-12	6.19e-05	4.61e-01	5.35e-01	3.48e-03	0.00e+00	0.00e+00	0.00e+00	0.00e+00	0.00e+00
 1.72697e+12	7.92e-33	2.73e-21	8.36e-12	6.95e-05	4.78e-01	5.18e-01	3.09e-03	0.00e+00	0.00e+00	0.00e+00	0.00e+00	0.00e+00
 1.82598e+12	1.06e-32	3.50e-21	1.01e-11	7.81e-05	4.96e-01	5.01e-01	2.74e-03	0.00e+00	0.00e+00	0.00e+00	0.00e+00	0.00e+00
 1.92895e+12	1.42e-32	4.48e-21	1.21e-11	8.76e-05	5.13e-01	4.84e-01	2.43e-03	0.00e+00	0.00e+00	0.00e+00	0.00e+00	0.00e+00
 2.03603e+12	1.91e-32	5.73e-21	1.46e-11	9.81e-05	5.30e-01	4.67e-01	2.15e-03	0.00e+00	0.00e+00	0.00e+00	0.00e+00	0.00e+00
 2.14740e+12	2.56e-32	7.33e-21	1.76e-11	1.10e-04	5.47e-01	4.51e-01	1.90e-03	0.00e+00	0.00e+00	0.00e+00	0.00e+00	0.00e+00
 2.26322e+12	3.42e-32	9.38e-21	2.11e-11	1.23e-04	5.64e-01	4.34e-01	1.67e-03	0.00e+00	0.00e+00	0.00e+00	0.00e+00	0.00e+00
 2.38368e+12	4.58e-32	1.20e-20	2.54e-11	1.37e-04	5.81e-01	4.17e-01	1.48e-03	0.00e+00	0.00e+00	0.00e+00	0.00e+00	0.00e+00
 2.50895e+12	6.12e-32	1.53e-20	3.04e-11	1.53e-04	5.98e-01	4.01e-01	1.30e-03	0.00e+00	0.00e+00	0.00e+00	0.00e+00	0.00e+00
 2.63924e+12	8.18e-32	1.96e-20	3.65e-11	1.71e-04	6.14e-01	3.84e-01	1.14e-03	0.00e+00	0.00e+00	0.00e+00	0.00e+00	0.00e+00
 2.77473e+12	1.09e-31	2.51e-20	4.38e-11	1.90e-04	6.30e-01	3.68e-01	1.00e-03	0.00e+00	0.00e+00	0.00e+00	0.00e+00	0.00e+00
 2.91565e+12	1.46e-31	3.22e-20	5.26e-11	2.11e-04	6.46e-01	3.53e-01	8.78e-04	0.00e+00	0.00e+00	0.00e+00	0.00e+00	0.00e+00
 3.06220e+12	1.95e-31	4.12e-20	6.30e-11	2.35e-04	6.62e-01	3.37e-01	7.69e-04	0.00e+00	0.00e+00	0.00e+00	0.00e+00	0.00e+00
 3.21461e+12	2.61e-31	5.28e-20	7.56e-11	2.61e-04	6.77e-01	3.22e-01	6.73e-04	0.00e+00	0.00e+00	0.00e+00	0.00e+00	0.00e+00
 3.37313e+12	3.49e-31	6.76e-20	9.06e-11	2.90e-04	6.92e-01	3.07e-01	5.88e-04	0.00e+00	0.00e+00	0.00e+00	0.00e+00	0.00e+00
 3.53798e+12	4.67e-31	8.68e-20	1.09e-10	3.21e-04	7.06e-01	2.93e-01	5.13e-04	0.00e+00	0.00e+00	0.00e+00	0.00e+00	0.00e+00
 3.70942e+12	6.25e-31	1.11e-19	1.30e-10	3.56e-04	7.20e-01	2.79e-01	4.47e-04	0.00e+00	0.00e+00	0.00e+00	0.00e+00	0.00e+00
 3.88773e+12	8.37e-31	1.43e-19	1.56e-10	3.94e-04	7.34e-01	2.65e-01	3.89e-04	0.00e+00	0.00e+00	0.00e+00	0.00e+00	0.00e+00
 4.07316e+12	1.12e-30	1.84e-19	1.87e-10	4.36e-04	7.47e-01	2.52e-01	3.39e-04	0.00e+00	0.00e+00	0.00e+00	0.00e+00	0.00e+00
 4.26602e+12	1.51e-30	2.37e-19	2.24e-10	4.82e-04	7.60e-01	2.39e-01	2.94e-04	0.00e+00	0.00e+00	0.00e+00	0.00e+00	0.00e+00
 4.46658e+12	2.03e-30	3.05e-19	2.68e-10	5.33e-04	7.72e-01	2.27e-01	2.55e-04	0.00e+00	0.00e+00	0.00e+00	0.00e+00	0.00e+00
 4.67517e+12	2.73e-30	3.93e-19	3.21e-10	5.88e-04	7.84e-01	2.15e-01	2.21e-04	0.00e+00	0.00e+00	0.00e+00	0.00e+00	0.00e+00
 4.89211e+12	3.68e-30	5.07e-19	3.84e-10	6.49e-04	7.96e-01	2.04e-01	1.91e-04	0.00e+00	0.00e+00	0.00e+00	0.00e+00	0.00e+00
 5.11772e+12	4.97e-30	6.55e-19	4.60e-10	7.16e-04	8.07e-01	1.92e-01	1.66e-04	0.00e+00	0.00e+00	0.00e+00	0.00e+00	0.00e+00
 5.35235e+12	6.72e-30	8.47e-19	5.51e-10	7.89e-04	8.17e-01	1.82e-01	1.43e-04	0.00e+00	0.00e+00	0.00e+00	0.00e+00	0.00e+00
 5.59638e+12	9.11e-30	1.10e-18	6.61e-10	8.70e-04	8.27e-01	1.72e-01	1.23e-04	0.00e+00	0.00e+00	0.00e+00	0.00e+00	0.00e+00
 5.85016e+12	1.24e-29	1.42e-18	7.91e-10	9.58e-04	8.37e-01	1.62e-01	1.06e-04	0.00e+00	0.00e+00	0.00e+00	0.00e+00	0.00e+00
 6.11409e+12	1.69e-29	1.84e-18	9.48e-10	1.05e-03	8.47e-01	1.52e-01	9.16e-05	0.00e+00	0.00e+00	0.00e+00	0.00e+00	0.00e+00
 6.38858e+12	2.30e-29	2.39e-18	1.14e-09	1.16e-03	8.55e-01	1.43e-01	7.88e-05	0.00e+00	0.00e+00	0.00e+00	0.00e+00	0.00e+00
 6.67405e+12	3.15e-29	3.10e-18	1.36e-09	1.28e-03	8.64e-01	1.35e-01	6.78e-05	0.00e+00	0.00e+00	0.00e+00	0.00e+00	0.00e+00
 6.97094e+12	4.31e-29	4.03e-18	1.63e-09	1.40e-03	8.72e-01	1.27e-01	5.82e-05	0.00e+00	0.00e+00	0.00e+00	0.00e+00	0.00e+00
 7.27970e+12	5.93e-29	5.23e-18	1.95e-09	1.54e-03	8.80e-01	1.19e-01	4.99e-05	0.00e+00	0.00e+00	0.00e+00	0.00e+00	0.00e+00
 7.60082e+12	8.16e-29	6.80e-18	2.34e-09	1.69e-03	8.87e-01	1.11e-01	4.28e-05	0.00e+00	0.00e+00	0.00e+00	0.00e+00	0.00e+00
 7.93478e+12	1.13e-28	8.84e-18	2.79e-09	1.86e-03	8.94e-01	1.04e-01	3.66e-05	0.00e+00	0.00e+00	0.00e+00	0.00e+00	0.00e+00
 8.28210e+12	1.56e-28	1.15e-17	3.34e-09	2.04e-03	9.00e-01	9.75e-02	3.14e-05	0.00e+00	0.00e+00	0.00e+00	0.00e+00	0.00e+00
 8.64331e+12	2.16e-28	1.50e-17	4.00e-09	2.24e-03	9.07e-01	9.11e-02	2.68e-05	0.00e+00	0.00e+00	0.00e+00	0.00e+00	0.00e+00
 9.01897e+12	2.99e-28	1.94e-17	4.78e-09	2.45e-03	9.12e-01	8.51e-02	2.29e-05	0.00e+00	0.00e+00	0.00e+00	0.00e+00	0.00e+00
 9.40965e+12	4.16e-28	2.53e-17	5.71e-09	2.68e-03	9.18e-01	7.94e-02	1.96e-05	0.00e+00	0.00e+00	0.00e+00	0.00e+00	0.00e+00
 9.81596e+12	5.78e-28	3.28e-17	6.82e-09	2.94e-03	9.23e-01	7.41e-02	1.67e-05	0.00e+00	0.00e+00	0.00e+00	0.00e+00	0.00e+00
 1.02385e+13	8.06e-28	4.27e-17	8.14e-09	3.22e-03	9.28e-01	6.90e-02	1.43e-05	0.00e+00	0.00e+00	0.00e+00	0.00e+00	0.00e+00
 1.06780e+13	1.12e-27	5.54e-17	9.71e-09	3.52e-03	9.32e-01	6.43e-02	1.22e-05	0.00e+00	0.00e+00	0.00e+00	0.00e+00	0.00e+00
 1.11350e+13	1.57e-27	7.19e-17	1.16e-08	3.85e-03	9.36e-01	5.98e-02	1.04e-05	0.00e+00	0.00e+00	0.00e+00	0.00e+00	0.00e+00
 1.16104e+13	2.19e-27	9.32e-17	1.38e-08	4.21e-03	9.40e-01	5.56e-02	8.83e-06	0.00e+00	0.00e+00	0.00e+00	0.00e+00	0.00e+00
 1.21047e+13	3.05e-27	1.21e-16	1.64e-08	4.60e-03	9.44e-01	5.17e-02	7.52e-06	0.00e+00	0.00e+00	0.00e+00	0.00e+00	0.00e+00
 1.26188e+13	4.26e-27	1.56e-16	1.95e-08	5.02e-03	9.47e-01	4.80e-02	6.40e-06	0.00e+00	0.00e+00	0.00e+00	0.00e+00	0.00e+00
 1.31535e+13	5.96e-27	2.02e-16	2.32e-08	5.48e-03	9.50e-01	4.46e-02	5.45e-06	0.00e+00	0.00e+00	0.00e+00	0.00e+00	0.00e+00
 1.37096e+13	8.31e-27	2.61e-16	2.76e-08	5.97e-03	9.53e-01	4.14e-02	4.64e-06	0.00e+00	0.00e+00	0.00e+00	0.00e+00	0.00e+00
 1.42879e+13	1.16e-26	3.38e-16	3.27e-08	6.51e-03	9.55e-01	3.84e-02	3.95e-06	0.00e+00	0.00e+00	0.00e+00	0.00e+00	0.00e+00
 1.48893e+13	1.62e-26	4.35e-16	3.88e-08	7.10e-03	9.57e-01	3.56e-02	3.36e-06	0.00e+00	0.00e+00	0.00e+00	0.00e+00	0.00e+00
 1.55148e+13	2.26e-26	5.61e-16	4.59e-08	7.73e-03	9.59e-01	3.30e-02	2.86e-06	0.00e+00	0.00e+00	0.00e+00	0.00e+00	0.00e+00
 1.61653e+13	3.14e-26	7.22e-16	5.44e-08	8.41e-03	9.61e-01	3.06e-02	2.44e-06	0.00e+00	0.00e+00	0.00e+00	0.00e+00	0.00e+00
 1.68419e+13	4.38e-26	9.29e-16	6.44e-08	9.15e-03	9.63e-01	2.83e-02	2.07e-06	0.00e+00	0.00e+00	0.00e+00	0.00e+00	0.00e+00
 1.75455e+13	6.09e-26	1.19e-15	7.61e-08	9.96e-03	9.64e-01	2.62e-02	1.76e-06	0.00e+00	0.00e+00	0.00e+00	0.00e+00	0.00e+00
 1.82772e+13	8.46e-26	1.53e-15	8.99e-08	1.08e-02	9.65e-01	2.43e-02	1.50e-06	0.00e+00	0.00e+00	0.00e+00	0.00e+00	0.00e+00
 1.90383e+13	1.18e-25	1.96e-15	1.06e-07	1.18e-02	9.66e-01	2.25e-02	1.28e-06	0.00e+00	0.00e+00	0.00e+00	0.00e+00	0.00e+00
 1.98297e+13	1.63e-25	2.52e-15	1.25e-07	1.28e-02	9.66e-01	2.08e-02	1.09e-06	0.00e+00	0.00e+00	0.00e+00	0.00e+00	0.00e+00
 2.06528e+13	2.26e-25	3.22e-15	1.48e-07	1.39e-02	9.67e-01	1.92e-02	9.26e-07	0.00e+00	0.00e+00	0.00e+00	0.00e+00	0.00e+00
 2.15089e+13	3.14e-25	4.12e-15	1.74e-07	1.50e-02	9.67e-01	1.78e-02	0.00e+00	0.00e+00	0.00e+00	0.00e+00	0.00e+00	0.00e+00
 2.23991e+13	4.34e-25	5.27e-15	2.05e-07	1.63e-02	9.67e-01	1.65e-02	0.00e+00	0.00e+00	0.00e+00	0.00e+00	0.00e+00	0.00e+00
 2.33250e+13	6.00e-25	6.72e-15	2.41e-07	1.77e-02	9.67e-01	1.52e-02	0.00e+00	0.00e+00	0.00e+00	0.00e+00	0.00e+00	0.00e+00
 2.42880e+13	8.30e-25	8.58e-15	2.84e-07	1.92e-02	9.67e-01	1.41e-02	0.00e+00	0.00e+00	0.00e+00	0.00e+00	0.00e+00	0.00e+00
 2.52894e+13	1.15e-24	1.09e-14	3.33e-07	2.08e-02	9.66e-01	1.30e-02	0.00e+00	0.00e+00	0.00e+00	0.00e+00	0.00e+00	0.00e+00
 2.63309e+13	1.58e-24	1.39e-14	3.91e-07	2.25e-02	9.65e-01	1.20e-02	0.00e+00	0.00e+00	0.00e+00	0.00e+00	0.00e+00	0.00e+00
 2.74141e+13	2.18e-24	1.78e-14	4.60e-07	2.44e-02	9.65e-01	1.11e-02	0.00e+00	0.00e+00	0.00e+00	0.00e+00	0.00e+00	0.00e+00
 2.85406e+13	3.01e-24	2.26e-14	5.40e-07	2.64e-02	9.63e-01	1.02e-02	0.00e+00	0.00e+00	0.00e+00	0.00e+00	0.00e+00	0.00e+00
 2.97121e+13	4.14e-24	2.87e-14	6.33e-07	2.86e-02	9.62e-01	9.44e-03	0.00e+00	0.00e+00	0.00e+00	0.00e+00	0.00e+00	0.00e+00
 3.09305e+13	5.70e-24	3.65e-14	7.42e-07	3.09e-02	9.60e-01	8.72e-03	0.00e+00	0.00e+00	0.00e+00	0.00e+00	0.00e+00	0.00e+00
 3.21977e+13	7.84e-24	4.64e-14	8.70e-07	3.34e-02	9.59e-01	8.04e-03	0.00e+00	0.00e+00	0.00e+00	0.00e+00	0.00e+00	0.00e+00
 3.35155e+13	1.08e-23	5.89e-14	1.02e-06	3.61e-02	9.56e-01	7.42e-03	0.00e+00	0.00e+00	0.00e+00	0.00e+00	0.00e+00	0.00e+00
 3.48861e+13	1.48e-23	7.47e-14	1.19e-06	3.90e-02	9.54e-01	6.84e-03	0.00e+00	0.00e+00	0.00e+00	0.00e+00	0.00e+00	0.00e+00
 3.63114e+13	2.03e-23	9.47e-14	1.40e-06	4.21e-02	9.52e-01	6.31e-03	0.00e+00	0.00e+00	0.00e+00	0.00e+00	0.00e+00	0.00e+00
 3.77938e+13	2.79e-23	1.20e-13	1.63e-06	4.55e-02	9.49e-01	5.81e-03	0.00e+00	0.00e+00	0.00e+00	0.00e+00	0.00e+00	0.00e+00
 3.93355e+13	3.83e-23	1.52e-13	1.91e-06	4.91e-02	9.46e-01	5.35e-03	0.00e+00	0.00e+00	0.00e+00	0.00e+00	0.00e+00	0.00e+00
 4.09388e+13	5.25e-23	1.93e-13	2.23e-06	5.29e-02	9.42e-01	4.93e-03	0.00e+00	0.00e+00	0.00e+00	0.00e+00	0.00e+00	0.00e+00
 4.26063e+13	7.19e-23	2.44e-13	2.61e-06	5.71e-02	9.38e-01	4.54e-03	0.00e+00	0.00e+00	0.00e+00	0.00e+00	0.00e+00	0.00e+00
 4.43405e+13	9.84e-23	3.08e-13	3.05e-06	6.15e-02	9.34e-01	4.18e-03	0.00e+00	0.00e+00	0.00e+00	0.00e+00	0.00e+00	0.00e+00
 4.61441e+13	1.35e-22	3.89e-13	3.56e-06	6.63e-02	9.30e-01	3.84e-03	0.00e+00	0.00e+00	0.00e+00	0.00e+00	0.00e+00	0.00e+00
 4.80197e+13	1.84e-22	4.92e-13	4.15e-06	7.14e-02	9.25e-01	3.54e-03	0.00e+00	0.00e+00	0.00e+00	0.00e+00	0.00e+00	0.00e+00
 4.99705e+13	2.52e-22	6.21e-13	4.84e-06	7.69e-02	9.20e-01	3.25e-03	0.00e+00	0.00e+00	0.00e+00	0.00e+00	0.00e+00	0.00e+00
 5.19992e+13	3.43e-22	7.83e-13	5.64e-06	8.27e-02	9.14e-01	2.99e-03	0.00e+00	0.00e+00	0.00e+00	0.00e+00	0.00e+00	0.00e+00
 5.41091e+13	4.69e-22	9.88e-13	6.57e-06	8.90e-02	9.08e-01	2.74e-03	0.00e+00	0.00e+00	0.00e+00	0.00e+00	0.00e+00	0.00e+00
 5.63034e+13	6.39e-22	1.24e-12	7.64e-06	9.56e-02	9.02e-01	2.52e-03	0.00e+00	0.00e+00	0.00e+00	0.00e+00	0.00e+00	0.00e+00
 5.85854e+13	8.71e-22	1.57e-12	8.89e-06	1.03e-01	8.95e-01	2.31e-03	0.00e+00	0.00e+00	0.00e+00	0.00e+00	0.00e+00	0.00e+00
 6.09588e+13	1.19e-21	1.97e-12	1.03e-05	1.10e-01	8.88e-01	2.12e-03	0.00e+00	0.00e+00	0.00e+00	0.00e+00	0.00e+00	0.00e+00
 6.34271e+13	1.62e-21	2.48e-12	1.20e-05	1.18e-01	8.80e-01	1.94e-03	0.00e+00	0.00e+00	0.00e+00	0.00e+00	0.00e+00	0.00e+00
 6.59941e+13	2.20e-21	3.12e-12	1.40e-05	1.27e-01	8.71e-01	1.77e-03	0.00e+00	0.00e+00	0.00e+00	0.00e+00	0.00e+00	0.00e+00
 6.86638e+13	2.99e-21	3.92e-12	1.62e-05	1.36e-01	8.62e-01	1.62e-03	0.00e+00	0.00e+00	0.00e+00	0.00e+00	0.00e+00	0.00e+00
 7.14402e+13	4.06e-21	4.92e-12	1.88e-05	1.46e-01	8.53e-01	1.48e-03	0.00e+00	0.00e+00	0.00e+00	0.00e+00	0.00e+00	0.00e+00
 7.43278e+13	5.51e-21	6.16e-12	2.17e-05	1.56e-01	8.43e-01	1.35e-03	0.00e+00	0.00e+00	0.00e+00	0.00e+00	0.00e+00	0.00e+00
 7.73308e+13	7.47e-21	7.72e-12	2.52e-05	1.67e-01	8.32e-01	1.24e-03	0.00e+00	0.00e+00	0.00e+00	0.00e+00	0.00e+00	0.00e+00
 8.04540e+13	1.01e-20	9.67e-12	2.91e-05	1.78e-01	8.21e-01	1.13e-03	0.00e+00	0.00e+00	0.00e+00	0.00e+00	0.00e+00	0.00e+00
 8.37021e+13	1.37e-20	1.21e-11	3.36e-05	1.90e-01	8.09e-01	1.03e-03	0.00e+00	0.00e+00	0.00e+00	0.00e+00	0.00e+00	0.00e+00
 8.70801e+13	1.85e-20	1.51e-11	3.88e-05	2.03e-01	7.96e-01	9.34e-04	0.00e+00	0.00e+00	0.00e+00	0.00e+00	0.00e+00	0.00e+00
 9.05932e+13	2.50e-20	1.89e-11	4.48e-05	2.16e-01	7.83e-01	8.49e-04	0.00e+00	0.00e+00	0.00e+00	0.00e+00	0.00e+00	0.00e+00
 9.42469e+13	3.38e-20	2.35e-11	5.16e-05	2.30e-01	7.70e-01	7.71e-04	0.00e+00	0.00e+00	0.00e+00	0.00e+00	0.00e+00	0.00e+00
 9.80467e+13	4.56e-20	2.93e-11	5.94e-05	2.44e-01	7.55e-01	6.99e-04	0.00e+00	0.00e+00	0.00e+00	0.00e+00	0.00e+00	0.00e+00
 1.01998e+14	6.15e-20	3.65e-11	6.83e-05	2.59e-01	7.40e-01	6.33e-04	0.00e+00	0.00e+00	0.00e+00	0.00e+00	0.00e+00	0.00e+00
 1.06108e+14	8.26e-20	4.54e-11	7.84e-05	2.75e-01	7.25e-01	5.73e-04	0.00e+00	0.00e+00	0.00e+00	0.00e+00	0.00e+00	0.00e+00
 1.10383e+14	1.11e-19	5.64e-11	8.99e-05	2.91e-01	7.08e-01	5.18e-04	0.00e+00	0.00e+00	0.00e+00	0.00e+00	0.00e+00	0.00e+00
 1.14828e+14	1.49e-19	6.98e-11	1.03e-04	3.08e-01	6.92e-01	4.67e-04	0.00e+00	0.00e+00	0.00e+00	0.00e+00	0.00e+00	0.00e+00
 1.19451e+14	2.00e-19	8.64e-11	1.18e-04	3.25e-01	6.75e-01	4.21e-04	0.00e+00	0.00e+00	0.00e+00	0.00e+00	0.00e+00	0.00e+00
 1.24259e+14	2.67e-19	1.07e-10	1.34e-04	3.42e-01	6.57e-01	3.79e-04	0.00e+00	0.00e+00	0.00e+00	0.00e+00	0.00e+00	0.00e+00
 1.29259e+14	3.56e-19	1.32e-10	1.53e-04	3.61e-01	6.39e-01	3.40e-04	0.00e+00	0.00e+00	0.00e+00	0.00e+00	0.00e+00	0.00e+00
 1.34459e+14	4.74e-19	1.62e-10	1.74e-04	3.79e-01	6.21e-01	3.06e-04	0.00e+00	0.00e+00	0.00e+00	0.00e+00	0.00e+00	0.00e+00
 1.39868e+14	6.31e-19	1.99e-10	1.98e-04	3.98e-01	6.02e-01	2.74e-04	0.00e+00	0.00e+00	0.00e+00	0.00e+00	0.00e+00	0.00e+00
 1.45492e+14	8.37e-19	2.44e-10	2.24e-04	4.17e-01	5.83e-01	2.45e-04	0.00e+00	0.00e+00	0.00e+00	0.00e+00	0.00e+00	0.00e+00
 1.51342e+14	1.11e-18	2.99e-10	2.54e-04	4.36e-01	5.63e-01	2.19e-04	0.00e+00	0.00e+00	0.00e+00	0.00e+00	0.00e+00	0.00e+00
 1.57426e+14	1.47e-18	3.66e-10	2.87e-04	4.56e-01	5.44e-01	1.95e-04	0.00e+00	0.00e+00	0.00e+00	0.00e+00	0.00e+00	0.00e+00
 1.63752e+14	1.94e-18	4.47e-10	3.24e-04	4.76e-01	5.24e-01	1.74e-04	0.00e+00	0.00e+00	0.00e+00	0.00e+00	0.00e+00	0.00e+00
 1.70333e+14	2.56e-18	5.45e-10	3.66e-04	4.95e-01	5.04e-01	1.54e-04	0.00e+00	0.00e+00	0.00e+00	0.00e+00	0.00e+00	0.00e+00
 1.77176e+14	3.38e-18	6.64e-10	4.12e-04	5.15e-01	4.84e-01	1.37e-04	0.00e+00	0.00e+00	0.00e+00	0.00e+00	0.00e+00	0.00e+00
 1.84293e+14	4.43e-18	8.06e-10	4.62e-04	5.35e-01	4.64e-01	1.21e-04	0.00e+00	0.00e+00	0.00e+00	0.00e+00	0.00e+00	0.00e+00
 1.91694e+14	5.83e-18	9.79e-10	5.19e-04	5.55e-01	4.45e-01	1.07e-04	0.00e+00	0.00e+00	0.00e+00	0.00e+00	0.00e+00	0.00e+00
 1.99392e+14	7.63e-18	1.19e-09	5.81e-04	5.74e-01	4.25e-01	9.49e-05	0.00e+00	0.00e+00	0.00e+00	0.00e+00	0.00e+00	0.00e+00
 2.07398e+14	1.00e-17	1.44e-09	6.50e-04	5.93e-01	4.06e-01	8.36e-05	0.00e+00	0.00e+00	0.00e+00	0.00e+00	0.00e+00	0.00e+00
 2.15723e+14	1.31e-17	1.73e-09	7.26e-04	6.12e-01	3.87e-01	7.37e-05	0.00e+00	0.00e+00	0.00e+00	0.00e+00	0.00e+00	0.00e+00
 2.24382e+14	1.71e-17	2.09e-09	8.09e-04	6.31e-01	3.68e-01	6.47e-05	0.00e+00	0.00e+00	0.00e+00	0.00e+00	0.00e+00	0.00e+00
 2.33388e+14	2.22e-17	2.52e-09	9.01e-04	6.49e-01	3.50e-01	5.68e-05	0.00e+00	0.00e+00	0.00e+00	0.00e+00	0.00e+00	0.00e+00
 2.42753e+14	2.90e-17	3.03e-09	1.00e-03	6.67e-01	3.32e-01	4.98e-05	0.00e+00	0.00e+00	0.00e+00	1.64e-17	9.00e-18	3.62e-18
 2.52493e+14	3.75e-17	3.64e-09	1.11e-03	6.84e-01	3.15e-01	4.36e-05	0.00e+00	0.00e+00	0.00e+00	2.09e-17	1.25e-17	4.14e-18
 2.62623e+14	4.87e-17	4.36e-09	1.23e-03	7.01e-01	2.98e-01	3.81e-05	0.00e+00	0.00e+00	0.00e+00	2.71e-17	1.62e-17	5.38e-18
 2.73158e+14	6.31e-17	5.23e-09	1.37e-03	7.17e-01	2.81e-01	3.32e-05	0.00e+00	0.00e+00	0.00e+00	3.52e-17	2.09e-17	6.97e-18
 2.84114e+14	8.16e-17	6.25e-09	1.51e-03	7.33e-01	2.66e-01	2.90e-05	0.00e+00	0.00e+00	0.00e+00	4.55e-17	2.71e-17	9.02e-18
 2.94778e+14	1.04e-16	7.38e-09	1.66e-03	7.47e-01	2.51e-01	2.54e-05	0.00e+00	0.00e+00	0.00e+00	5.78e-17	3.45e-17	1.15e-17
 3.04835e+14	1.29e-16	8.59e-09	1.80e-03	7.60e-01	2.39e-01	2.26e-05	0.00e+00	0.00e+00	0.00e+00	7.20e-17	4.29e-17	1.43e-17
 3.16025e+14	1.63e-16	1.01e-08	1.97e-03	7.72e-01	2.26e-01	1.98e-05	0.00e+00	0.00e+00	0.00e+00	9.09e-17	5.41e-17	1.80e-17
 3.28696e+14	2.10e-16	1.20e-08	2.17e-03	7.86e-01	2.12e-01	1.72e-05	0.00e+00	0.00e+00	0.00e+00	1.17e-16	6.98e-17	2.32e-17
 3.41075e+14	2.67e-16	1.42e-08	2.37e-03	7.98e-01	2.00e-01	1.50e-05	0.00e+00	0.00e+00	0.00e+00	1.49e-16	8.85e-17	2.95e-17
 3.52823e+14	3.31e-16	1.65e-08	2.58e-03	8.09e-01	1.89e-01	1.33e-05	0.00e+00	0.00e+00	0.00e+00	1.85e-16	1.10e-16	3.66e-17
 3.65840e+14	4.17e-16	1.93e-08	2.81e-03	8.19e-01	1.78e-01	1.16e-05	0.00e+00	0.00e+00	0.00e+00	2.33e-16	1.39e-16	4.61e-17
 3.80504e+14	5.37e-16	2.29e-08	3.08e-03	8.31e-01	1.66e-01	1.00e-05	0.00e+00	0.00e+00	0.00e+00	2.99e-16	1.78e-16	5.93e-17
 3.94904e+14	6.79e-16	2.69e-08	3.36e-03	8.41e-01	1.56e-01	8.70e-06	0.00e+00	0.00e+00	0.00e+00	3.79e-16	2.26e-16	7.51e-17
 4.08693e+14	8.45e-16	3.13e-08	3.64e-03	8.50e-01	1.47e-01	7.64e-06	0.00e+00	0.00e+00	0.00e+00	4.71e-16	2.80e-16	9.34e-17
 4.23883e+14	1.06e-15	3.66e-08	3.96e-03	8.58e-01	1.38e-01	6.65e-06	0.00e+00	0.00e+00	0.00e+00	5.93e-16	3.53e-16	1.18e-16
 4.40868e+14	1.36e-15	4.33e-08	4.33e-03	8.67e-01	1.28e-01	5.72e-06	0.00e+00	0.00e+00	0.00e+00	7.60e-16	4.52e-16	1.51e-16
 4.57677e+14	1.72e-15	5.08e-08	4.72e-03	8.75e-01	1.20e-01	4.95e-06	0.00e+00	0.00e+00	0.00e+00	9.62e-16	5.72e-16	1.91e-16
 4.75157e+14	2.18e-15	5.97e-08	5.14e-03	8.83e-01	1.12e-01	4.28e-06	0.00e+00	0.00e+00	0.00e+00	1.22e-15	7.25e-16	2.41e-16
 4.94193e+14	2.79e-15	7.05e-08	5.61e-03	8.90e-01	1.04e-01	3.67e-06	0.00e+00	0.00e+00	0.00e+00	1.56e-15	9.26e-16	3.09e-16
 5.13214e+14	3.54e-15	8.28e-08	6.10e-03	8.97e-01	9.70e-02	3.16e-06	0.00e+00	0.00e+00	0.00e+00	1.97e-15	1.17e-15	3.91e-16
 5.32996e+14	4.48e-15	9.72e-08	6.64e-03	9.03e-01	9.03e-02	2.72e-06	0.00e+00	0.00e+00	0.00e+00	2.50e-15	1.49e-15	4.96e-16
 5.54346e+14	5.73e-15	1.15e-07	7.24e-03	9.09e-01	8.37e-02	2.33e-06	0.00e+00	0.00e+00	0.00e+00	3.20e-15	1.90e-15	6.34e-16
 5.75815e+14	7.26e-15	1.35e-07	7.87e-03	9.14e-01	7.78e-02	2.00e-06	0.00e+00	0.00e+00	0.00e+00	4.05e-15	2.41e-15	8.03e-16
 5.98143e+14	9.21e-15	1.58e-07	8.56e-03	9.19e-01	7.22e-02	1.72e-06	0.00e+00	0.00e+00	0.00e+00	5.13e-15	3.05e-15	1.02e-15
 6.22098e+14	1.18e-14	1.87e-07	9.33e-03	9.24e-01	6.69e-02	1.46e-06	0.00e+00	0.00e+00	0.00e+00	6.56e-15	3.90e-15	1.30e-15
 6.46465e+14	1.49e-14	2.19e-07	1.01e-02	9.28e-01	6.19e-02	1.25e-06	0.00e+00	0.00e+00	0.00e+00	8.33e-15	4.95e-15	1.65e-15
 6.71806e+14	1.90e-14	2.58e-07	1.10e-02	9.32e-01	5.73e-02	1.07e-06	0.00e+00	0.00e+00	0.00e+00	1.06e-14	6.29e-15	2.10e-15
 6.98708e+14	2.42e-14	3.04e-07	1.20e-02	9.35e-01	5.30e-02	9.11e-07	0.00e+00	0.00e+00	0.00e+00	1.35e-14	8.03e-15	2.68e-15
 7.26687e+14	3.10e-14	3.58e-07	1.31e-02	9.38e-01	4.89e-02	0.00e+00	0.00e+00	0.00e+00	0.00e+00	1.73e-14	1.03e-14	3.42e-15
 7.55784e+14	3.95e-14	4.23e-07	1.42e-02	9.41e-01	4.51e-02	0.00e+00	0.00e+00	0.00e+00	0.00e+00	2.21e-14	1.31e-14	4.37e-15
 7.86045e+14	5.05e-14	4.98e-07	1.55e-02	9.43e-01	4.15e-02	0.00e+00	0.00e+00	0.00e+00	0.00e+00	2.82e-14	1.67e-14	5.59e-15
 8.17517e+14	6.45e-14	5.88e-07	1.69e-02	9.45e-01	3.82e-02	0.00e+00	0.00e+00	0.00e+00	0.00e+00	3.60e-14	2.14e-14	7.13e-15
 8.50248e+14	8.25e-14	6.93e-07	1.84e-02	9.46e-01	3.52e-02	0.00e+00	0.00e+00	0.00e+00	0.00e+00	4.60e-14	2.73e-14	9.12e-15
 8.84288e+14	1.05e-13	8.17e-07	2.00e-02	9.48e-01	3.23e-02	0.00e+00	0.00e+00	0.00e+00	0.00e+00	5.88e-14	3.48e-14	1.17e-14
 9.19689e+14	1.35e-13	9.64e-07	2.18e-02	9.49e-01	2.97e-02	0.00e+00	0.00e+00	0.00e+00	0.00e+00	7.52e-14	4.45e-14	1.49e-14
 9.56506e+14	1.72e-13	1.14e-06	2.37e-02	9.49e-01	2.73e-02	0.00e+00	0.00e+00	0.00e+00	0.00e+00	9.62e-14	5.70e-14	1.91e-14
 9.94797e+14	2.21e-13	1.34e-06	2.58e-02	9.49e-01	2.50e-02	0.00e+00	0.00e+00	0.00e+00	0.00e+00	1.23e-13	7.28e-14	2.44e-14
 1.03462e+15	2.82e-13	1.59e-06	2.82e-02	9.49e-01	2.29e-02	0.00e+00	0.00e+00	0.00e+00	0.00e+00	1.58e-13	9.32e-14	3.12e-14
 1.07603e+15	3.62e-13	1.87e-06	3.07e-02	9.48e-01	2.10e-02	0.00e+00	0.00e+00	0.00e+00	0.00e+00	2.02e-13	1.19e-13	4.00e-14
 1.11910e+15	4.64e-13	2.22e-06	3.35e-02	9.47e-01	1.92e-02	0.00e+00	0.00e+00	0.00e+00	0.00e+00	2.59e-13	1.53e-13	5.13e-14
 1.16390e+15	5.95e-13	2.62e-06	3.66e-02	9.46e-01	1.75e-02	0.00e+00	0.00e+00	0.00e+00	0.00e+00	3.33e-13	1.96e-13	6.58e-14
 1.21048e+15	7.63e-13	3.10e-06	4.00e-02	9.44e-01	1.59e-02	0.00e+00	0.00e+00	0.00e+00	0.00e+00	4.27e-13	2.51e-13	8.44e-14
 1.25893e+15	9.81e-13	3.68e-06	4.37e-02	9.42e-01	1.45e-02	0.00e+00	0.00e+00	0.00e+00	0.00e+00	5.49e-13	3.23e-13	1.08e-13
 1.30932e+15	1.26e-12	4.36e-06	4.78e-02	9.39e-01	1.32e-02	0.00e+00	0.00e+00	0.00e+00	0.00e+00	7.07e-13	4.15e-13	1.39e-13
 1.36172e+15	1.62e-12	5.18e-06	5.24e-02	9.36e-01	1.20e-02	0.00e+00	0.00e+00	0.00e+00	0.00e+00	9.11e-13	5.33e-13	1.80e-13
 1.41622e+15	2.10e-12	6.16e-06	5.75e-02	9.32e-01	1.08e-02	0.00e+00	0.00e+00	0.00e+00	0.00e+00	1.18e-12	6.88e-13	2.32e-13
 1.47290e+15	2.71e-12	7.33e-06	6.31e-02	9.27e-01	9.81e-03	0.00e+00	0.00e+00	0.00e+00	0.00e+00	1.52e-12	8.87e-13	2.99e-13
 1.53185e+15	3.51e-12	8.75e-06	6.95e-02	9.22e-01	8.84e-03	0.00e+00	0.00e+00	0.00e+00	0.00e+00	1.97e-12	1.15e-12	3.87e-13
 1.59315e+15	4.55e-12	1.05e-05	7.66e-02	9.15e-01	7.95e-03	0.00e+00	0.00e+00	0.00e+00	0.00e+00	2.56e-12	1.49e-12	5.02e-13
 1.65691e+15	5.93e-12	1.25e-05	8.48e-02	9.08e-01	7.13e-03	0.00e+00	0.00e+00	0.00e+00	0.00e+00	3.33e-12	1.93e-12	6.54e-13
 1.72321e+15	7.74e-12	1.51e-05	9.40e-02	9.00e-01	6.37e-03	0.00e+00	0.00e+00	0.00e+00	0.00e+00	4.36e-12	2.52e-12	8.53e-13
 1.79217e+15	1.01e-11	1.82e-05	1.05e-01	8.90e-01	5.66e-03	0.00e+00	0.00e+00	0.00e+00	0.00e+00	5.71e-12	3.29e-12	1.12e-12
 1.86389e+15	1.33e-11	2.20e-05	1.17e-01	8.78e-01	5.01e-03	0.00e+00	0.00e+00	0.00e+00	0.00e+00	7.52e-12	4.32e-12	1.47e-12
 1.93847e+15	1.76e-11	2.68e-05	1.31e-01	8.65e-01	4.40e-03	0.00e+00	0.00e+00	0.00e+00	0.00e+00	9.96e-12	5.71e-12	1.94e-12
 2.01604e+15	2.35e-11	3.28e-05	1.48e-01	8.48e-01	3.84e-03	0.00e+00	0.00e+00	0.00e+00	0.00e+00	1.33e-11	7.59e-12	2.58e-12
 2.09671e+15	3.16e-11	4.05e-05	1.68e-01	8.29e-01	3.32e-03	0.00e+00	0.00e+00	0.00e+00	0.00e+00	1.79e-11	1.02e-11	3.47e-12
 2.18061e+15	4.28e-11	5.04e-05	1.92e-01	8.05e-01	2.83e-03	0.00e+00	0.00e+00	0.00e+00	0.00e+00	2.43e-11	1.38e-11	4.70e-12
 2.26569e+15	5.82e-11	6.30e-05	2.21e-01	7.77e-01	2.39e-03	0.00e+00	0.00e+00	0.00e+00	0.00e+00	3.31e-11	1.86e-11	6.38e-12
 2.34677e+15	7.80e-11	7.81e-05	2.53e-01	7.44e-01	2.01e-03	0.00e+00	0.00e+00	0.00e+00	0.00e+00	4.44e-11	2.49e-11	8.54e-12
 2.42033e+15	1.02e-10	9.52e-05	2.89e-01	7.10e-01	1.69e-03	0.00e+00	0.00e+00	0.00e+00	0.00e+00	5.81e-11	3.25e-11	1.12e-11
 2.48691e+15	1.30e-10	1.14e-04	3.26e-01	6.73e-01	1.42e-03	0.00e+00	0.00e+00	0.00e+00	0.00e+00	7.43e-11	4.14e-11	1.42e-11
 2.54851e+15	1.64e-10	1.36e-04	3.67e-01	6.32e-01	1.19e-03	0.00e+00	0.00e+00	0.00e+00	0.00e+00	9.38e-11	5.22e-11	1.79e-11
 2.60577e+15	2.04e-10	1.61e-04	4.10e-01	5.89e-01	9.89e-04	0.00e+00	0.00e+00	0.00e+00	0.00e+00	1.17e-10	6.48e-11	2.22e-11
 2.65846e+15	2.50e-10	1.88e-04	4.56e-01	5.43e-01	8.15e-04	0.00e+00	0.00e+00	0.00e+00	0.00e+00	1.43e-10	7.92e-11	2.72e-11
 2.70695e+15	3.02e-10	2.17e-04	5.05e-01	4.95e-01	6.64e-04	0.00e+00	0.00e+00	0.00e+00	0.00e+00	1.73e-10	9.54e-11	3.28e-11
 2.75186e+15	3.59e-10	2.48e-04	5.54e-01	4.45e-01	5.33e-04	0.00e+00	0.00e+00	0.00e+00	0.00e+00	2.06e-10	1.14e-10	3.91e-11
 2.79386e+15	4.23e-10	2.81e-04	6.05e-01	3.94e-01	4.21e-04	0.00e+00	0.00e+00	0.00e+00	0.00e+00	2.43e-10	1.33e-10	4.59e-11
 2.83364e+15	4.92e-10	3.16e-04	6.57e-01	3.43e-01	3.25e-04	0.00e+00	0.00e+00	0.00e+00	0.00e+00	2.83e-10	1.55e-10	5.34e-11
 2.87187e+15	5.67e-10	3.53e-04	7.08e-01	2.91e-01	2.44e-04	0.00e+00	0.00e+00	0.00e+00	0.00e+00	3.26e-10	1.79e-10	6.15e-11
 2.90936e+15	6.47e-10	3.91e-04	7.59e-01	2.40e-01	1.76e-04	0.00e+00	0.00e+00	0.00e+00	0.00e+00	3.73e-10	2.04e-10	7.02e-11
 2.95229e+15	7.46e-10	4.35e-04	8.15e-01	1.85e-01	1.14e-04	0.00e+00	0.00e+00	0.00e+00	0.00e+00	4.30e-10	2.35e-10	8.09e-11
 2.99929e+15	8.57e-10	4.82e-04	8.68e-01	1.31e-01	6.57e-05	0.00e+00	0.00e+00	0.00e+00	0.00e+00	4.94e-10	2.69e-10	9.27e-11
 3.04443e+15	9.61e-10	5.22e-04	9.09e-01	9.00e-02	3.61e-05	0.00e+00	0.00e+00	0.00e+00	0.00e+00	5.54e-10	3.02e-10	1.04e-10
 3.09593e+15	1.08e-09	5.64e-04	9.43e-01	5.61e-02	1.71e-05	0.00e+00	0.00e+00	0.00e+00	0.00e+00	6.22e-10	3.38e-10	1.16e-10
 3.16289e+15	1.22e-09	6.07e-04	9.69e-01	3.03e-02	6.29e-06	0.00e+00	0.00e+00	0.00e+00	0.00e+00	7.04e-10	3.82e-10	1.32e-10
 3.24994e+15	1.39e-09	6.54e-04	9.84e-01	1.50e-02	1.87e-06	0.00e+00	0.00e+00	0.00e+00	0.00e+00	8.04e-10	4.35e-10	1.50e-10
 3.36309e+15	1.62e-09	7.07e-04	9.91e-01	8.03e-03	5.17e-07	0.00e+00	0.00e+00	0.00e+00	0.00e+00	9.35e-10	5.06e-10	1.74e-10
 3.49561e+15	1.90e-09	7.66e-04	9.94e-01	5.46e-03	0.00e+00	0.00e+00	0.00e+00	0.00e+00	0.00e+00	1.10e-09	5.93e-10	2.05e-10
 3.63546e+15	2.23e-09	8.29e-04	9.95e-01	4.50e-03	0.00e+00	0.00e+00	0.00e+00	0.00e+00	0.00e+00	1.29e-09	6.96e-10	2.40e-10
 3.78091e+15	2.62e-09	8.97e-04	9.95e-01	4.00e-03	0.00e+00	0.00e+00	0.00e+00	0.00e+00	0.00e+00	1.52e-09	8.15e-10	2.82e-10
 3.93218e+15	3.07e-09	9.70e-04	9.95e-01	3.61e-03	0.00e+00	0.00e+00	0.00e+00	0.00e+00	0.00e+00	1.78e-09	9.55e-10	3.31e-10
 4.08950e+15	3.61e-09	1.05e-03	9.96e-01	3.30e-03	0.00e+00	0.00e+00	0.00e+00	0.00e+00	0.00e+00	2.09e-09	1.12e-09	3.88e-10
 4.25310e+15	4.23e-09	1.14e-03	9.96e-01	3.02e-03	0.00e+00	0.00e+00	0.00e+00	0.00e+00	0.00e+00	2.46e-09	1.31e-09	4.56e-10
 4.42326e+15	4.97e-09	1.23e-03	9.96e-01	2.77e-03	0.00e+00	0.00e+00	0.00e+00	0.00e+00	0.00e+00	2.89e-09	1.54e-09	5.35e-10
 4.60022e+15	5.84e-09	1.33e-03	9.96e-01	2.54e-03	0.00e+00	0.00e+00	0.00e+00	0.00e+00	0.00e+00	3.39e-09	1.81e-09	6.28e-10
 4.78426e+15	6.87e-09	1.44e-03	9.96e-01	2.32e-03	0.00e+00	0.00e+00	0.00e+00	0.00e+00	0.00e+00	3.99e-09	2.13e-09	7.38e-10
 4.97566e+15	8.07e-09	1.56e-03	9.96e-01	2.12e-03	0.00e+00	0.00e+00	0.00e+00	0.00e+00	0.00e+00	4.69e-09	2.50e-09	8.67e-10
 5.17471e+15	9.50e-09	1.69e-03	9.96e-01	1.94e-03	0.00e+00	0.00e+00	0.00e+00	0.00e+00	0.00e+00	5.52e-09	2.94e-09	1.02e-09
 5.38173e+15	1.12e-08	1.83e-03	9.96e-01	1.77e-03	0.00e+00	0.00e+00	0.00e+00	0.00e+00	0.00e+00	6.50e-09	3.46e-09	1.20e-09
 5.59703e+15	1.32e-08	1.98e-03	9.96e-01	1.62e-03	0.00e+00	0.00e+00	0.00e+00	0.00e+00	0.00e+00	7.65e-09	4.08e-09	1.41e-09
 5.82094e+15	1.55e-08	2.14e-03	9.96e-01	1.48e-03	0.00e+00	0.00e+00	0.00e+00	0.00e+00	0.00e+00	9.02e-09	4.80e-09	1.67e-09
 6.05381e+15	1.83e-08	2.32e-03	9.96e-01	1.35e-03	0.00e+00	0.00e+00	0.00e+00	0.00e+00	0.00e+00	1.06e-08	5.66e-09	1.96e-09
 6.29599e+15	2.16e-08	2.51e-03	9.96e-01	1.22e-03	0.00e+00	0.00e+00	0.00e+00	0.00e+00	0.00e+00	1.26e-08	6.68e-09	2.32e-09
 6.54786e+15	2.55e-08	2.72e-03	9.96e-01	1.11e-03	0.00e+00	0.00e+00	0.00e+00	0.00e+00	0.00e+00	1.48e-08	7.89e-09	2.74e-09
 6.80981e+15	3.02e-08	2.95e-03	9.96e-01	1.01e-03	0.00e+00	0.00e+00	0.00e+00	0.00e+00	0.00e+00	1.75e-08	9.33e-09	3.23e-09
 7.08223e+15	3.57e-08	3.20e-03	9.96e-01	9.18e-04	0.00e+00	0.00e+00	0.00e+00	0.00e+00	0.00e+00	2.08e-08	1.10e-08	3.82e-09
 7.36555e+15	4.23e-08	3.47e-03	9.96e-01	8.31e-04	0.00e+00	0.00e+00	0.00e+00	0.00e+00	0.00e+00	2.46e-08	1.31e-08	4.53e-09
 7.66020e+15	5.01e-08	3.77e-03	9.95e-01	7.52e-04	0.00e+00	0.00e+00	0.00e+00	0.00e+00	0.00e+00	2.92e-08	1.55e-08	5.37e-09
 7.96664e+15	5.95e-08	4.09e-03	9.95e-01	6.79e-04	0.00e+00	0.00e+00	0.00e+00	0.00e+00	0.00e+00	3.46e-08	1.84e-08	6.37e-09
 8.28533e+15	7.08e-08	4.45e-03	9.95e-01	6.13e-04	0.00e+00	0.00e+00	0.00e+00	0.00e+00	0.00e+00	4.12e-08	2.19e-08	7.57e-09
 8.61678e+15	8.41e-08	4.83e-03	9.95e-01	5.51e-04	0.00e+00	0.00e+00	0.00e+00	0.00e+00	0.00e+00	4.89e-08	2.60e-08	8.99e-09
 8.96148e+15	1.00e-07	5.25e-03	9.94e-01	4.98e-04	0.00e+00	0.00e+00	0.00e+00	0.00e+00	0.00e+00	5.84e-08	3.10e-08	1.07e-08
 9.31997e+15	1.20e-07	5.72e-03	9.94e-01	4.46e-04	0.00e+00	0.00e+00	0.00e+00	0.00e+00	0.00e+00	6.96e-08	3.70e-08	1.28e-08
 9.69280e+15	1.43e-07	6.22e-03	9.93e-01	4.00e-04	0.00e+00	0.00e+00	0.00e+00	0.00e+00	0.00e+00	8.33e-08	4.42e-08	1.53e-08
 1.00805e+16	1.71e-07	6.77e-03	9.93e-01	3.57e-04	0.00e+00	0.00e+00	0.00e+00	0.00e+00	0.00e+00	9.94e-08	5.28e-08	1.83e-08
 1.04838e+16	2.05e-07	7.38e-03	9.92e-01	3.20e-04	0.00e+00	0.00e+00	0.00e+00	0.00e+00	0.00e+00	1.19e-07	6.34e-08	2.19e-08
 1.09032e+16	2.47e-07	8.05e-03	9.92e-01	2.84e-04	0.00e+00	0.00e+00	0.00e+00	0.00e+00	0.00e+00	1.43e-07	7.63e-08	2.63e-08
 1.13393e+16	2.98e-07	8.80e-03	9.91e-01	2.52e-04	0.00e+00	0.00e+00	0.00e+00	0.00e+00	0.00e+00	1.73e-07	9.23e-08	3.18e-08
 1.17929e+16	3.59e-07	9.60e-03	9.90e-01	2.23e-04	0.00e+00	0.00e+00	0.00e+00	0.00e+00	0.00e+00	2.09e-07	1.11e-07	3.83e-08
 1.22647e+16	4.36e-07	1.05e-02	9.89e-01	1.97e-04	0.00e+00	0.00e+00	0.00e+00	0.00e+00	0.00e+00	2.54e-07	1.35e-07	4.66e-08
 1.27553e+16	5.29e-07	1.15e-02	9.88e-01	1.74e-04	0.00e+00	0.00e+00	0.00e+00	0.00e+00	0.00e+00	3.08e-07	1.64e-07	5.65e-08
 1.32655e+16	6.48e-07	1.26e-02	9.87e-01	1.53e-04	0.00e+00	0.00e+00	0.00e+00	0.00e+00	0.00e+00	3.77e-07	2.01e-07	6.92e-08
 1.37962e+16	7.91e-07	1.39e-02	9.86e-01	1.34e-04	0.00e+00	0.00e+00	0.00e+00	0.00e+00	0.00e+00	4.59e-07	2.45e-07	8.44e-08
 1.43481e+16	9.74e-07	1.53e-02	9.85e-01	1.18e-04	0.00e+00	0.00e+00	0.00e+00	0.00e+00	0.00e+00	5.66e-07	3.03e-07	1.04e-07
 1.49220e+16	1.20e-06	1.68e-02	9.83e-01	1.03e-04	0.00e+00	0.00e+00	0.00e+00	0.00e+00	0.00e+00	6.99e-07	3.74e-07	1.29e-07
 1.55189e+16	1.50e-06	1.86e-02	9.81e-01	8.92e-05	0.00e+00	0.00e+00	0.00e+00	0.00e+00	0.00e+00	8.72e-07	4.68e-07	1.60e-07
 1.61397e+16	1.88e-06	2.06e-02	9.79e-01	7.79e-05	0.00e+00	0.00e+00	0.00e+00	0.00e+00	0.00e+00	1.09e-06	5.87e-07	2.01e-07
 1.67853e+16	2.38e-06	2.29e-02	9.77e-01	6.66e-05	0.00e+00	0.00e+00	0.00e+00	0.00e+00	0.00e+00	1.38e-06	7.42e-07	2.54e-07
 1.74424e+16	3.02e-06	2.54e-02	9.75e-01	5.75e-05	0.00e+00	0.00e+00	0.00e+00	0.00e+00	0.00e+00	1.75e-06	9.43e-07	3.22e-07
 1.80947e+16	3.84e-06	2.82e-02	9.72e-01	4.97e-05	0.00e+00	0.00e+00	0.00e+00	0.00e+00	0.00e+00	2.23e-06	1.20e-06	4.10e-07
 1.87874e+16	4.99e-06	3.16e-02	9.68e-01	4.26e-05	0.00e+00	0.00e+00	0.00e+00	0.00e+00	0.00e+00	2.89e-06	1.56e-06	5.32e-07
 1.95050e+16	6.56e-06	3.55e-02	9.64e-01	3.64e-05	0.00e+00	0.00e+00	0.00e+00	0.00e+00	0.00e+00	3.80e-06	2.05e-06	7.00e-07
 2.01759e+16	8.58e-06	3.98e-02	9.60e-01	3.15e-05	0.00e+00	0.00e+00	0.00e+00	0.00e+00	0.00e+00	4.97e-06	2.68e-06	9.15e-07
 2.07679e+16	1.09e-05	4.41e-02	9.56e-01	2.77e-05	0.00e+00	0.00e+00	0.00e+00	0.00e+00	0.00e+00	6.34e-06	3.42e-06	1.17e-06
 2.12965e+16	1.38e-05	4.84e-02	9.52e-01	2.47e-05	0.00e+00	0.00e+00	0.00e+00	0.00e+00	0.00e+00	7.97e-06	4.29e-06	1.47e-06
 2.18902e+16	1.81e-05	5.40e-02	9.46e-01	2.16e-05	0.00e+00	0.00e+00	0.00e+00	0.00e+00	0.00e+00	1.05e-05	5.65e-06	1.94e-06
 2.25247e+16	2.47e-05	6.11e-02	9.39e-01	1.87e-05	0.00e+00	0.00e+00	0.00e+00	0.00e+00	0.00e+00	1.43e-05	7.69e-06	2.64e-06
 2.30643e+16	3.29e-05	6.84e-02	9.32e-01	1.65e-05	0.00e+00	0.00e+00	0.00e+00	0.00e+00	0.00e+00	1.90e-05	1.02e-05	3.52e-06
 2.34813e+16	4.17e-05	7.51e-02	9.25e-01	1.50e-05	0.00e+00	0.00e+00	0.00e+00	0.00e+00	0.00e+00	2.42e-05	1.30e-05	4.46e-06
 2.37769e+16	4.99e-05	8.05e-02	9.19e-01	1.39e-05	0.00e+00	0.00e+00	0.00e+00	0.00e+00	0.00e+00	2.89e-05	1.55e-05	5.34e-06
 2.40060e+16	5.79e-05	8.52e-02	9.15e-01	1.30e-05	0.00e+00	0.00e+00	0.00e+00	0.00e+00	0.00e+00	3.36e-05	1.80e-05	6.20e-06
 2.42586e+16	6.90e-05	9.12e-02	9.09e-01	1.21e-05	0.00e+00	0.00e+00	0.00e+00	0.00e+00	0.00e+00	4.00e-05	2.15e-05	7.39e-06
 2.45342e+16	8.42e-05	9.86e-02	9.01e-01	1.12e-05	0.00e+00	0.00e+00	0.00e+00	0.00e+00	0.00e+00	4.88e-05	2.62e-05	9.02e-06
 2.47741e+16	1.01e-04	1.06e-01	8.94e-01	1.04e-05	0.00e+00	0.00e+00	0.00e+00	0.00e+00	0.00e+00	5.88e-05	3.15e-05	1.09e-05
 2.49697e+16	1.19e-04	1.13e-01	8.87e-01	9.80e-06	0.00e+00	0.00e+00	0.00e+00	0.00e+00	0.00e+00	6.90e-05	3.69e-05	1.27e-05
 2.51431e+16	1.39e-04	1.20e-01	8.80e-01	9.23e-06	0.00e+00	0.00e+00	0.00e+00	0.00e+00	0.00e+00	8.04e-05	4.30e-05	1.48e-05
 2.53384e+16	1.67e-04	1.29e-01	8.71e-01	8.56e-06	0.00e+00	0.00e+00	0.00e+00	0.00e+00	0.00e+00	9.66e-05	5.17e-05	1.78e-05
 2.55374e+16	2.03e-04	1.39e-01	8.61e-01	7.91e-06	0.00e+00	0.00e+00	0.00e+00	0.00e+00	0.00e+00	1.17e-04	6.28e-05	2.17e-05
 2.56922e+16	2.38e-04	1.48e-01	8.52e-01	7.39e-06	0.00e+00	0.00e+00	0.00e+00	0.00e+00	0.00e+00	1.38e-04	7.39e-05	2.55e-05
 2.58187e+16	2.75e-04	1.57e-01	8.43e-01	6.98e-06	0.00e+00	0.00e+00	0.00e+00	0.00e+00	0.00e+00	1.59e-04	8.51e-05	2.94e-05
 2.59573e+16	3.25e-04	1.68e-01	8.32e-01	6.47e-06	0.00e+00	0.00e+00	0.00e+00	0.00e+00	0.00e+00	1.88e-04	1.01e-04	3.47e-05
 2.61035e+16	3.90e-04	1.80e-01	8.19e-01	5.95e-06	0.00e+00	0.00e+00	0.00e+00	0.00e+00	0.00e+00	2.26e-04	1.21e-04	4.17e-05
 2.62241e+16	4.59e-04	1.93e-01	8.07e-01	5.56e-06	0.00e+00	0.00e+00	0.00e+00	0.00e+00	0.00e+00	2.66e-04	1.42e-04	4.90e-05
 2.63241e+16	5.30e-04	2.04e-01	7.95e-01	5.20e-06	0.00e+00	0.00e+00	0.00e+00	0.00e+00	0.00e+00	3.07e-04	1.64e-04	5.66e-05
 2.64327e+16	6.26e-04	2.19e-01	7.80e-01	4.78e-06	0.00e+00	0.00e+00	0.00e+00	0.00e+00	0.00e+00	3.63e-04	1.94e-04	6.68e-05
 2.65461e+16	7.50e-04	2.36e-01	7.63e-01	4.37e-06	0.00e+00	0.00e+00	0.00e+00	0.00e+00	0.00e+00	4.35e-04	2.32e-04	8.00e-05
 2.66390e+16	8.80e-04	2.52e-01	7.47e-01	4.01e-06	0.00e+00	0.00e+00	0.00e+00	0.00e+00	0.00e+00	5.11e-04	2.72e-04	9.39e-05
 2.67168e+16	1.01e-03	2.67e-01	7.32e-01	3.73e-06	0.00e+00	0.00e+00	0.00e+00	0.00e+00	0.00e+00	5.88e-04	3.13e-04	1.08e-04
 2.68022e+16	1.20e-03	2.86e-01	7.13e-01	3.38e-06	0.00e+00	0.00e+00	0.00e+00	0.00e+00	0.00e+00	6.94e-04	3.70e-04	1.27e-04
 2.68916e+16	1.43e-03	3.08e-01	6.90e-01	3.04e-06	0.00e+00	0.00e+00	0.00e+00	0.00e+00	0.00e+00	8.32e-04	4.43e-04	1.53e-04
 2.69656e+16	1.68e-03	3.29e-01	6.69e-01	2.75e-06	0.00e+00	0.00e+00	0.00e+00	0.00e+00	0.00e+00	9.76e-04	5.20e-04	1.79e-04
 2.70281e+16	1.94e-03	3.49e-01	6.49e-01	2.50e-06	0.00e+00	0.00e+00	0.00e+00	0.00e+00	0.00e+00	1.13e-03	5.99e-04	2.06e-04
 2.70965e+16	2.29e-03	3.74e-01	6.24e-01	2.23e-06	0.00e+00	0.00e+00	0.00e+00	0.00e+00	0.00e+00	1.33e-03	7.08e-04	2.44e-04
 2.71686e+16	2.75e-03	4.02e-01	5.95e-01	1.95e-06	0.00e+00	0.00e+00	0.00e+00	0.00e+00	0.00e+00	1.60e-03	8.50e-04	2.92e-04
 2.72285e+16	3.23e-03	4.29e-01	5.68e-01	1.72e-06	0.00e+00	0.00e+00	0.00e+00	0.00e+00	0.00e+00	1.88e-03	9.98e-04	3.43e-04
 2.72795e+16	3.74e-03	4.54e-01	5.42e-01	1.52e-06	0.00e+00	0.00e+00	0.00e+00	0.00e+00	0.00e+00	2.17e-03	1.15e-03	3.96e-04
 2.73359e+16	4.45e-03	4.85e-01	5.10e-01	1.30e-06	0.00e+00	0.00e+00	0.00e+00	0.00e+00	0.00e+00	2.59e-03	1.37e-03	4.71e-04
 2.73950e+16	5.36e-03	5.20e-01	4.74e-01	1.09e-06	0.00e+00	0.00e+00	0.00e+00	0.00e+00	0.00e+00	3.12e-03	1.65e-03	5.67e-04
 2.74441e+16	6.33e-03	5.52e-01	4.42e-01	9.19e-07	0.00e+00	0.00e+00	0.00e+00	0.00e+00	0.00e+00	3.68e-03	1.95e-03	6.68e-04
 2.74862e+16	7.37e-03	5.82e-01	4.11e-01	0.00e+00	0.00e+00	0.00e+00	0.00e+00	0.00e+00	0.00e+00	4.29e-03	2.27e-03	7.77e-04
 2.75327e+16	8.82e-03	6.17e-01	3.74e-01	0.00e+00	0.00e+00	0.00e+00	0.00e+00	0.00e+00	0.00e+00	5.13e-03	2.72e-03	9.29e-04
 2.75821e+16	1.08e-02	6.56e-01	3.33e-01	0.00e+00	0.00e+00	0.00e+00	0.00e+00	0.00e+00	0.00e+00	6.26e-03	3.32e-03	1.13e-03
 2.76238e+16	1.29e-02	6.91e-01	2.96e-01	0.00e+00	0.00e+00	0.00e+00	0.00e+00	0.00e+00	0.00e+00	7.50e-03	3.97e-03	1.36e-03
 2.76597e+16	1.52e-02	7.22e-01	2.63e-01	0.00e+00	0.00e+00	0.00e+00	0.00e+00	0.00e+00	0.00e+00	8.86e-03	4.70e-03	1.60e-03
 2.76995e+16	1.86e-02	7.57e-01	2.25e-01	0.00e+00	0.00e+00	0.00e+00	0.00e+00	0.00e+00	0.00e+00	1.09e-02	5.75e-03	1.96e-03
 2.77390e+16	2.30e-02	7.90e-01	1.87e-01	0.00e+00	0.00e+00	0.00e+00	0.00e+00	0.00e+00	0.00e+00	1.34e-02	7.10e-03	2.42e-03
 2.77693e+16	2.76e-02	8.15e-01	1.58e-01	0.00e+00	0.00e+00	0.00e+00	0.00e+00	0.00e+00	0.00e+00	1.61e-02	8.51e-03	2.90e-03
 2.77958e+16	3.29e-02	8.35e-01	1.33e-01	0.00e+00	0.00e+00	0.00e+00	0.00e+00	0.00e+00	0.00e+00	1.91e-02	1.01e-02	3.45e-03
 2.78218e+16	3.95e-02	8.52e-01	1.08e-01	0.00e+00	0.00e+00	0.00e+00	0.00e+00	0.00e+00	0.00e+00	2.30e-02	1.22e-02	4.15e-03
 2.78476e+16	4.85e-02	8.66e-01	8.59e-02	0.00e+00	0.00e+00	0.00e+00	0.00e+00	0.00e+00	0.00e+00	2.82e-02	1.49e-02	5.09e-03
 2.78716e+16	5.99e-02	8.74e-01	6.62e-02	0.00e+00	0.00e+00	0.00e+00	0.00e+00	0.00e+00	0.00e+00	3.49e-02	1.85e-02	6.30e-03
 2.78895e+16	7.16e-02	8.76e-01	5.27e-02	0.00e+00	0.00e+00	0.00e+00	0.00e+00	0.00e+00	0.00e+00	4.17e-02	2.20e-02	7.52e-03
 2.79007e+16	8.08e-02	8.74e-01	4.47e-02	0.00e+00	0.00e+00	0.00e+00	0.00e+00	0.00e+00	0.00e+00	4.72e-02	2.49e-02	8.50e-03
 2.79114e+16	9.19e-02	8.71e-01	3.74e-02	0.00e+00	0.00e+00	0.00e+00	0.00e+00	0.00e+00	0.00e+00	5.37e-02	2.83e-02	9.67e-03
 2.79231e+16	1.06e-01	8.63e-01	3.03e-02	0.00e+00	0.00e+00	0.00e+00	0.00e+00	0.00e+00	0.00e+00	6.22e-02	3.28e-02	1.12e-02
 2.79336e+16	1.23e-01	8.53e-01	2.44e-02	0.00e+00	0.00e+00	0.00e+00	0.00e+00	0.00e+00	0.00e+00	7.19e-02	3.78e-02	1.30e-02
 2.79422e+16	1.40e-01	8.40e-01	2.01e-02	0.00e+00	0.00e+00	0.00e+00	0.00e+00	0.00e+00	0.00e+00	8.17e-02	4.29e-02	1.47e-02
 2.79497e+16	1.57e-01	8.26e-01	1.66e-02	0.00e+00	0.00e+00	0.00e+00	0.00e+00	0.00e+00	0.00e+00	9.20e-02	4.83e-02	1.66e-02
 2.79567e+16	1.77e-01	8.09e-01	1.36e-02	0.00e+00	0.00e+00	0.00e+00	0.00e+00	0.00e+00	0.00e+00	1.04e-01	5.44e-02	1.87e-02
 2.79636e+16	2.01e-01	7.88e-01	1.10e-02	0.00e+00	0.00e+00	0.00e+00	0.00e+00	0.00e+00	0.00e+00	1.17e-01	6.14e-02	2.11e-02
 2.79699e+16	2.26e-01	7.65e-01	8.92e-03	0.00e+00	0.00e+00	0.00e+00	0.00e+00	0.00e+00	0.00e+00	1.32e-01	6.90e-02	2.38e-02
 2.79756e+16	2.53e-01	7.40e-01	7.21e-03	0.00e+00	0.00e+00	0.00e+00	0.00e+00	0.00e+00	0.00e+00	1.48e-01	7.72e-02	2.66e-02
