#depth	He	He+	He+2
 1.49634e+10	1.08e-21	2.83e-09	1.00e+00
 4.54887e+10	1.26e-21	3.08e-09	1.00e+00
 7.72350e+10	1.47e-21	3.34e-09	1.00e+00
 1.10251e+11	1.71e-21	3.63e-09	1.00e+00
 1.44588e+11	1.99e-21	3.95e-09	1.00e+00
 1.80298e+11	2.33e-21	4.29e-09	1.00e+00
 2.17437e+11	2.72e-21	4.66e-09	1.00e+00
 2.56061e+11	3.18e-21	5.07e-09	1.00e+00
 2.96231e+11	3.72e-21	5.51e-09	1.00e+00
 3.38007e+11	4.35e-21	5.99e-09	1.00e+00
 3.81454e+11	5.10e-21	6.52e-09	1.00e+00
 4.26639e+11	5.99e-21	7.09e-09	1.00e+00
 4.73631e+11	7.03e-21	7.71e-09	1.00e+00
 5.22503e+11	8.26e-21	8.40e-09	1.00e+00
 5.73330e+11	9.72e-21	9.14e-09	1.00e+00
 6.26190e+11	1.14e-20	9.95e-09	1.00e+00
 6.81164e+11	1.35e-20	1.08e-08	1.00e+00
 7.38337e+11	1.59e-20	1.18e-08	1.00e+00
 7.97798e+11	1.87e-20	1.28e-08	1.00e+00
 8.59636e+11	2.21e-20	1.40e-08	1.00e+00
 9.23949e+11	2.61e-20	1.52e-08	1.00e+00
 9.90833e+11	3.08e-20	1.66e-08	1.00e+00
 1.06039e+12	3.64e-20	1.81e-08	1.00e+00
 1.13274e+12	4.30e-20	1.97e-08	1.00e+00
 1.20797e+12	5.09e-20	2.15e-08	1.00e+00
 1.28622e+12	6.02e-20	2.34e-08	1.00e+00
 1.36759e+12	7.12e-20	2.55e-08	1.00e+00
 1.45222e+12	8.44e-20	2.78e-08	1.00e+00
 1.54024e+12	9.99e-20	3.03e-08	1.00e+00
 1.63178e+12	1.18e-19	3.30e-08	1.00e+00
 1.72697e+12	1.40e-19	3.60e-08	1.00e+00
 1.82598e+12	1.66e-19	3.93e-08	1.00e+00
 1.92895e+12	1.97e-19	4.29e-08	1.00e+00
 2.03603e+12	2.34e-19	4.67e-08	1.00e+00
 2.14740e+12	2.78e-19	5.10e-08	1.00e+00
 2.26322e+12	3.30e-19	5.56e-08	1.00e+00
 2.38368e+12	3.92e-19	6.07e-08	1.00e+00
 2.50895e+12	4.65e-19	6.62e-08	1.00e+00
 2.63924e+12	5.53e-19	7.23e-08	1.00e+00
 2.77473e+12	6.57e-19	7.89e-08	1.00e+00
 2.91565e+12	7.81e-19	8.61e-08	1.00e+00
 3.06220e+12	9.29e-19	9.40e-08	1.00e+00
 3.21461e+12	1.10e-18	1.03e-07	1.00e+00
 3.37313e+12	1.31e-18	1.12e-07	1.00e+00
 3.53798e+12	1.56e-18	1.22e-07	1.00e+00
 3.70942e+12	1.86e-18	1.34e-07	1.00e+00
 3.88773e+12	2.22e-18	1.46e-07	1.00e+00
 4.07316e+12	2.64e-18	1.60e-07	1.00e+00
 4.26602e+12	3.15e-18	1.74e-07	1.00e+00
 4.46658e+12	3.75e-18	1.91e-07	1.00e+00
 4.67517e+12	4.47e-18	2.08e-07	1.00e+00
 4.89211e+12	5.33e-18	2.28e-07	1.00e+00
 5.11772e+12	6.36e-18	2.49e-07	1.00e+00
 5.35235e+12	7.58e-18	2.72e-07	1.00e+00
 5.59638e+12	9.05e-18	2.97e-07	1.00e+00
 5.85016e+12	1.08e-17	3.25e-07	1.00e+00
 6.11409e+12	1.29e-17	3.56e-07	1.00e+00
 6.38858e+12	1.54e-17	3.89e-07	1.00e+00
 6.67405e+12	1.84e-17	4.25e-07	1.00e+00
 6.97094e+12	2.19e-17	4.65e-07	1.00e+00
 7.27970e+12	2.62e-17	5.09e-07	1.00e+00
 7.60082e+12	3.12e-17	5.57e-07	1.00e+00
 7.93478e+12	3.73e-17	6.09e-07	1.00e+00
 8.28210e+12	4.45e-17	6.66e-07	1.00e+00
 8.64331e+12	5.31e-17	7.28e-07	1.00e+00
 9.01897e+12	6.33e-17	7.96e-07	1.00e+00
 9.40965e+12	7.55e-17	8.70e-07	1.00e+00
 9.81596e+12	9.00e-17	9.51e-07	1.00e+00
 1.02385e+13	1.07e-16	1.04e-06	1.00e+00
 1.06780e+13	1.28e-16	1.14e-06	1.00e+00
 1.11350e+13	1.52e-16	1.24e-06	1.00e+00
 1.16104e+13	1.81e-16	1.36e-06	1.00e+00
 1.21047e+13	2.16e-16	1.48e-06	1.00e+00
 1.26188e+13	2.56e-16	1.62e-06	1.00e+00
 1.31535e+13	3.05e-16	1.76e-06	1.00e+00
 1.37096e+13	3.62e-16	1.93e-06	1.00e+00
 1.42879e+13	4.30e-16	2.10e-06	1.00e+00
 1.48893e+13	5.10e-16	2.29e-06	1.00e+00
 1.55148e+13	6.05e-16	2.50e-06	1.00e+00
 1.61653e+13	7.18e-16	2.72e-06	1.00e+00
 1.68419e+13	8.51e-16	2.97e-06	1.00e+00
 1.75455e+13	1.01e-15	3.23e-06	1.00e+00
 1.82772e+13	1.19e-15	3.52e-06	1.00e+00
 1.90383e+13	1.41e-15	3.84e-06	1.00e+00
 1.98297e+13	1.67e-15	4.18e-06	1.00e+00
 2.06528e+13	1.97e-15	4.55e-06	1.00e+00
 2.15089e+13	2.33e-15	4.95e-06	1.00e+00
 2.23991e+13	2.75e-15	5.38e-06	1.00e+00
 2.33250e+13	3.25e-15	5.86e-06	1.00e+00
 2.42880e+13	3.83e-15	6.37e-06	1.00e+00
 2.52894e+13	4.52e-15	6.93e-06	1.00e+00
 2.63309e+13	5.33e-15	7.53e-06	1.00e+00
 2.74141e+13	6.29e-15	8.18e-06	1.00e+00
 2.85406e+13	7.41e-15	8.89e-06	1.00e+00
 2.97121e+13	8.73e-15	9.66e-06	1.00e+00
 3.09305e+13	1.03e-14	1.05e-05	1.00e+00
 3.21977e+13	1.21e-14	1.14e-05	1.00e+00
 3.35155e+13	1.42e-14	1.24e-05	1.00e+00
 3.48861e+13	1.68e-14	1.34e-05	1.00e+00
 3.63114e+13	1.97e-14	1.46e-05	1.00e+00
 3.77938e+13	2.32e-14	1.58e-05	1.00e+00
 3.93355e+13	2.73e-14	1.72e-05	1.00e+00
 4.09388e+13	3.21e-14	1.87e-05	1.00e+00
 4.26063e+13	3.77e-14	2.02e-05	1.00e+00
 4.43405e+13	4.43e-14	2.20e-05	1.00e+00
 4.61441e+13	5.20e-14	2.38e-05	1.00e+00
 4.80197e+13	6.11e-14	2.58e-05	1.00e+00
 4.99705e+13	7.18e-14	2.80e-05	1.00e+00
 5.19992e+13	8.43e-14	3.04e-05	1.00e+00
 5.41091e+13	9.90e-14	3.29e-05	1.00e+00
 5.63034e+13	1.16e-13	3.57e-05	1.00e+00
 5.85854e+13	1.36e-13	3.87e-05	1.00e+00
 6.09588e+13	1.60e-13	4.19e-05	1.00e+00
 6.34271e+13	1.88e-13	4.54e-05	1.00e+00
 6.59941e+13	2.20e-13	4.92e-05	1.00e+00
 6.86638e+13	2.59e-13	5.34e-05	1.00e+00
 7.14402e+13	3.03e-13	5.78e-05	1.00e+00
 7.43278e+13	3.56e-13	6.26e-05	1.00e+00
 7.73308e+13	4.18e-13	6.79e-05	1.00e+00
 8.04540e+13	4.90e-13	7.35e-05	1.00e+00
 8.37021e+13	5.75e-13	7.97e-05	1.00e+00
 8.70801e+13	6.74e-13	8.63e-05	1.00e+00
 9.05932e+13	7.91e-13	9.36e-05	1.00e+00
 9.42469e+13	9.29e-13	1.01e-04	1.00e+00
 9.80467e+13	1.09e-12	1.10e-04	1.00e+00
 1.01998e+14	1.28e-12	1.19e-04	1.00e+00
 1.06108e+14	1.50e-12	1.29e-04	1.00e+00
 1.10383e+14	1.76e-12	1.40e-04	1.00e+00
 1.14828e+14	2.06e-12	1.51e-04	1.00e+00
 1.19451e+14	2.42e-12	1.64e-04	1.00e+00
 1.24259e+14	2.84e-12	1.77e-04	1.00e+00
 1.29259e+14	3.33e-12	1.92e-04	1.00e+00
 1.34459e+14	3.90e-12	2.08e-04	1.00e+00
 1.39868e+14	4.57e-12	2.25e-04	1.00e+00
 1.45492e+14	5.35e-12	2.44e-04	1.00e+00
 1.51342e+14	6.28e-12	2.64e-04	1.00e+00
 1.57426e+14	7.35e-12	2.85e-04	1.00e+00
 1.63752e+14	8.61e-12	3.09e-04	1.00e+00
 1.70333e+14	1.01e-11	3.34e-04	1.00e+00
 1.77176e+14	1.18e-11	3.62e-04	1.00e+00
 1.84293e+14	1.38e-11	3.92e-04	1.00e+00
 1.91694e+14	1.62e-11	4.24e-04	1.00e+00
 1.99392e+14	1.90e-11	4.59e-04	1.00e+00
 2.07398e+14	2.22e-11	4.97e-04	1.00e+00
 2.15723e+14	2.60e-11	5.37e-04	9.99e-01
 2.24382e+14	3.05e-11	5.82e-04	9.99e-01
 2.33388e+14	3.57e-11	6.30e-04	9.99e-01
 2.42753e+14	4.18e-11	6.81e-04	9.99e-01
 2.52493e+14	4.89e-11	7.37e-04	9.99e-01
 2.62623e+14	5.73e-11	7.97e-04	9.99e-01
 2.73158e+14	6.71e-11	8.63e-04	9.99e-01
 2.84114e+14	7.85e-11	9.34e-04	9.99e-01
 2.94778e+14	9.10e-11	1.00e-03	9.99e-01
 3.04835e+14	1.04e-10	1.07e-03	9.99e-01
 3.16025e+14	1.20e-10	1.16e-03	9.99e-01
 3.28696e+14	1.41e-10	1.25e-03	9.99e-01
 3.41075e+14	1.63e-10	1.35e-03	9.99e-01
 3.52823e+14	1.87e-10	1.44e-03	9.99e-01
 3.65840e+14	2.17e-10	1.55e-03	9.98e-01
 3.80504e+14	2.54e-10	1.68e-03	9.98e-01
 3.94904e+14	2.94e-10	1.81e-03	9.98e-01
 4.08693e+14	3.38e-10	1.93e-03	9.98e-01
 4.23883e+14	3.91e-10	2.08e-03	9.98e-01
 4.40868e+14	4.59e-10	2.25e-03	9.98e-01
 4.57677e+14	5.33e-10	2.43e-03	9.98e-01
 4.75157e+14	6.20e-10	2.62e-03	9.97e-01
 4.94193e+14	7.26e-10	2.83e-03	9.97e-01
 5.13214e+14	8.46e-10	3.05e-03	9.97e-01
 5.32996e+14	9.85e-10	3.29e-03	9.97e-01
 5.54346e+14	1.16e-09	3.56e-03	9.96e-01
 5.75815e+14	1.35e-09	3.85e-03	9.96e-01
 5.98143e+14	1.57e-09	4.15e-03	9.96e-01
 6.22098e+14	1.84e-09	4.49e-03	9.96e-01
 6.46465e+14	2.15e-09	4.85e-03	9.95e-01
 6.71806e+14	2.51e-09	5.24e-03	9.95e-01
 6.98708e+14	2.95e-09	5.68e-03	9.94e-01
 7.26687e+14	3.46e-09	6.14e-03	9.94e-01
 7.55784e+14	4.06e-09	6.65e-03	9.93e-01
 7.86045e+14	4.77e-09	7.20e-03	9.93e-01
 8.17517e+14	5.60e-09	7.79e-03	9.92e-01
 8.50248e+14	6.58e-09	8.43e-03	9.92e-01
 8.84288e+14	7.72e-09	9.13e-03	9.91e-01
 9.19689e+14	9.08e-09	9.89e-03	9.90e-01
 9.56506e+14	1.07e-08	1.07e-02	9.89e-01
 9.94797e+14	1.25e-08	1.16e-02	9.88e-01
 1.03462e+15	1.48e-08	1.26e-02	9.87e-01
 1.07603e+15	1.74e-08	1.36e-02	9.86e-01
 1.11910e+15	2.05e-08	1.48e-02	9.85e-01
 1.16390e+15	2.41e-08	1.60e-02	9.84e-01
 1.21048e+15	2.84e-08	1.74e-02	9.83e-01
 1.25893e+15	3.36e-08	1.89e-02	9.81e-01
 1.30932e+15	3.97e-08	2.06e-02	9.79e-01
 1.36172e+15	4.69e-08	2.24e-02	9.78e-01
 1.41622e+15	5.56e-08	2.44e-02	9.76e-01
 1.47290e+15	6.60e-08	2.66e-02	9.73e-01
 1.53185e+15	7.86e-08	2.91e-02	9.71e-01
 1.59315e+15	9.37e-08	3.19e-02	9.68e-01
 1.65691e+15	1.12e-07	3.51e-02	9.65e-01
 1.72321e+15	1.35e-07	3.87e-02	9.61e-01
 1.79217e+15	1.62e-07	4.29e-02	9.57e-01
 1.86389e+15	1.97e-07	4.77e-02	9.52e-01
 1.93847e+15	2.40e-07	5.34e-02	9.47e-01
 2.01604e+15	2.96e-07	6.02e-02	9.40e-01
 2.09671e+15	3.68e-07	6.85e-02	9.31e-01
 2.18061e+15	4.63e-07	7.89e-02	9.21e-01
 2.26569e+15	5.88e-07	9.18e-02	9.08e-01
 2.34677e+15	7.45e-07	1.07e-01	8.93e-01
 2.42033e+15	9.32e-07	1.25e-01	8.75e-01
 2.48691e+15	1.15e-06	1.45e-01	8.55e-01
 2.54851e+15	1.42e-06	1.68e-01	8.32e-01
 2.60577e+15	1.75e-06	1.96e-01	8.04e-01
 2.65846e+15	2.13e-06	2.28e-01	7.72e-01
 2.70695e+15	2.59e-06	2.64e-01	7.36e-01
 2.75186e+15	3.13e-06	3.06e-01	6.94e-01
 2.79386e+15	3.76e-06	3.55e-01	6.45e-01
 2.83364e+15	4.49e-06	4.09e-01	5.91e-01
 2.87187e+15	5.35e-06	4.71e-01	5.29e-01
 2.90936e+15	6.33e-06	5.41e-01	4.59e-01
 2.95229e+15	7.60e-06	6.27e-01	3.73e-01
 2.99929e+15	9.08e-06	7.23e-01	2.77e-01
 3.04443e+15	1.05e-05	8.06e-01	1.94e-01
 3.09593e+15	1.19e-05	8.81e-01	1.19e-01
 3.16289e+15	1.33e-05	9.41e-01	5.88e-02
 3.24994e+15	1.47e-05	9.78e-01	2.25e-02
 3.36309e+15	1.61e-05	9.93e-01	6.66e-03
 3.49561e+15	1.76e-05	9.98e-01	1.78e-03
 3.63546e+15	1.92e-05	9.99e-01	5.10e-04
 3.78091e+15	2.09e-05	1.00e+00	1.60e-04
 3.93218e+15	2.28e-05	1.00e+00	5.42e-05
 4.08950e+15	2.48e-05	1.00e+00	1.96e-05
 4.25310e+15	2.70e-05	1.00e+00	7.50e-06
 4.42326e+15	2.94e-05	1.00e+00	3.05e-06
 4.60022e+15	3.20e-05	1.00e+00	1.32e-06
 4.78426e+15	3.48e-05	1.00e+00	6.12e-07
 4.97566e+15	3.79e-05	1.00e+00	3.10e-07
 5.17471e+15	4.13e-05	1.00e+00	1.74e-07
 5.38173e+15	4.49e-05	1.00e+00	1.09e-07
 5.59703e+15	4.89e-05	1.00e+00	7.49e-08
 5.82094e+15	5.32e-05	1.00e+00	5.56e-08
 6.05381e+15	5.79e-05	1.00e+00	4.34e-08
 6.29599e+15	6.30e-05	1.00e+00	3.51e-08
 6.54786e+15	6.86e-05	1.00e+00	2.90e-08
 6.80981e+15	7.46e-05	1.00e+00	2.42e-08
 7.08223e+15	8.12e-05	1.00e+00	2.04e-08
 7.36555e+15	8.83e-05	1.00e+00	1.72e-08
 7.66020e+15	9.60e-05	1.00e+00	1.46e-08
 7.96664e+15	1.04e-04	1.00e+00	1.24e-08
 8.28533e+15	1.14e-04	1.00e+00	1.05e-08
 8.61678e+15	1.23e-04	1.00e+00	8.95e-09
 8.96148e+15	1.34e-04	1.00e+00	7.60e-09
 9.31997e+15	1.46e-04	1.00e+00	6.45e-09
 9.69280e+15	1.59e-04	1.00e+00	5.48e-09
 1.00805e+16	1.72e-04	1.00e+00	4.65e-09
 1.04838e+16	1.87e-04	1.00e+00	3.94e-09
 1.09032e+16	2.03e-04	1.00e+00	3.33e-09
 1.13393e+16	2.22e-04	1.00e+00	2.82e-09
 1.17929e+16	2.41e-04	1.00e+00	2.38e-09
 1.22647e+16	2.64e-04	1.00e+00	2.01e-09
 1.27553e+16	2.86e-04	1.00e+00	1.69e-09
 1.32655e+16	3.14e-04	1.00e+00	1.42e-09
 1.37962e+16	3.42e-04	1.00e+00	1.19e-09
 1.43481e+16	3.74e-04	1.00e+00	9.99e-10
 1.49220e+16	4.11e-04	1.00e+00	8.35e-10
 1.55189e+16	4.56e-04	1.00e+00	6.96e-10
 1.61397e+16	5.03e-04	9.99e-01	5.79e-10
 1.67853e+16	5.53e-04	9.99e-01	4.80e-10
 1.74424e+16	6.14e-04	9.99e-01	3.97e-10
 1.80947e+16	6.83e-04	9.99e-01	3.31e-10
 1.87874e+16	7.67e-04	9.99e-01	2.76e-10
 1.95050e+16	8.65e-04	9.99e-01	2.24e-10
 2.01759e+16	9.77e-04	9.99e-01	1.87e-10
 2.07679e+16	1.09e-03	9.99e-01	1.59e-10
 2.12965e+16	1.20e-03	9.99e-01	1.40e-10
 2.18902e+16	1.36e-03	9.99e-01	1.22e-10
 2.25247e+16	1.56e-03	9.98e-01	1.00e-10
 2.30643e+16	1.77e-03	9.98e-01	8.64e-11
 2.34813e+16	1.96e-03	9.98e-01	7.71e-11
 2.37769e+16	2.10e-03	9.98e-01	7.12e-11
 2.40060e+16	2.26e-03	9.98e-01	6.77e-11
 2.42586e+16	2.44e-03	9.98e-01	6.37e-11
 2.45342e+16	2.66e-03	9.97e-01	5.81e-11
 2.47741e+16	2.87e-03	9.97e-01	5.40e-11
 2.49697e+16	3.06e-03	9.97e-01	5.11e-11
 2.51431e+16	3.27e-03	9.97e-01	4.87e-11
 2.53384e+16	3.54e-03	9.96e-01	4.62e-11
 2.55374e+16	3.84e-03	9.96e-01	4.27e-11
 2.56922e+16	4.10e-03	9.96e-01	4.06e-11
 2.58187e+16	4.35e-03	9.96e-01	3.92e-11
 2.59573e+16	4.66e-03	9.95e-01	3.76e-11
 2.61035e+16	5.03e-03	9.95e-01	3.54e-11
 2.62241e+16	5.38e-03	9.95e-01	3.38e-11
 2.63241e+16	5.71e-03	9.94e-01	3.27e-11
 2.64327e+16	6.12e-03	9.94e-01	3.15e-11
 2.65461e+16	6.60e-03	9.93e-01	2.98e-11
 2.66390e+16	7.05e-03	9.93e-01	2.86e-11
 2.67168e+16	7.47e-03	9.93e-01	2.78e-11
 2.68022e+16	8.01e-03	9.92e-01	2.69e-11
 2.68916e+16	8.65e-03	9.91e-01	2.55e-11
 2.69656e+16	9.26e-03	9.91e-01	2.46e-11
 2.70281e+16	9.85e-03	9.90e-01	2.39e-11
 2.70965e+16	1.06e-02	9.89e-01	2.32e-11
 2.71686e+16	1.15e-02	9.89e-01	2.20e-11
 2.72285e+16	1.23e-02	9.88e-01	2.12e-11
 2.72795e+16	1.32e-02	9.87e-01	2.06e-11
 2.73359e+16	1.43e-02	9.86e-01	1.99e-11
 2.73950e+16	1.56e-02	9.84e-01	1.89e-11
 2.74441e+16	1.69e-02	9.83e-01	1.82e-11
 2.74862e+16	1.83e-02	9.82e-01	1.76e-11
 2.75327e+16	2.00e-02	9.80e-01	1.70e-11
 2.75821e+16	2.22e-02	9.78e-01	1.60e-11
 2.76238e+16	2.45e-02	9.75e-01	1.53e-11
 2.76597e+16	2.70e-02	9.73e-01	1.47e-11
 2.76995e+16	3.04e-02	9.70e-01	1.40e-11
 2.77390e+16	3.45e-02	9.65e-01	1.31e-11
 2.77693e+16	3.87e-02	9.61e-01	1.24e-11
 2.77958e+16	4.32e-02	9.57e-01	1.19e-11
 2.78218e+16	4.87e-02	9.51e-01	1.12e-11
 2.78476e+16	5.57e-02	9.44e-01	1.05e-11
 2.78716e+16	6.42e-02	9.36e-01	9.79e-12
 2.78895e+16	7.23e-02	9.28e-01	9.15e-12
 2.79007e+16	7.85e-02	9.22e-01	8.82e-12
 2.79114e+16	8.56e-02	9.14e-01	8.51e-12
 2.79231e+16	9.45e-02	9.05e-01	8.00e-12
 2.79336e+16	1.04e-01	8.96e-01	7.54e-12
 2.79422e+16	1.13e-01	8.87e-01	7.16e-12
 2.79497e+16	1.23e-01	8.77e-01	6.82e-12
 2.79567e+16	1.33e-01	8.67e-01	6.47e-12
 2.79636e+16	1.44e-01	8.56e-01	6.10e-12
 2.79699e+16	1.55e-01	8.45e-01	5.75e-12
 2.79756e+16	1.67e-01	8.33e-01	5.42e-12
 2.79810e+16	1.79e-01	8.21e-01	5.10e-12
 2.79860e+16	1.92e-01	8.08e-01	4.79e-12
 2.79908e+16	2.05e-01	7.95e-01	4.49e-12
 2.79954e+16	2.19e-01	7.81e-01	4.19e-12
 2.79996e+16	2.32e-01	7.68e-01	3.92e-12
 2.80032e+16	2.44e-01	7.56e-01	3.69e-12
 2.80062e+16	2.55e-01	7.45e-01	3.49e-12
 2.80091e+16	2.65e-01	7.35e-01	3.32e-12
 2.80117e+16	2.75e-01	7.25e-01	3.15e-12
 2.80141e+16	2.84e-01	7.16e-01	3.01e-12
 2.80164e+16	2.93e-01	7.07e-01	2.86e-12
 2.80187e+16	3.02e-01	6.98e-01	2.73e-12
 2.80204e+16	3.09e-01	6.91e-01	2.62e-12
 2.80217e+16	3.14e-01	6.86e-01	2.56e-12
 2.80228e+16	3.20e-01	6.80e-01	2.50e-12
 2.80241e+16	3.25e-01	6.75e-01	2.43e-12
 2.80255e+16	3.32e-01	6.68e-01	2.34e-12
 2.80269e+16	3.38e-01	6.62e-01	2.26e-12
 2.80282e+16	3.44e-01	6.56e-01	2.19e-12
 2.80296e+16	3.51e-01	6.49e-01	2.12e-12
 2.80309e+16	3.57e-01	6.43e-01	2.05e-12
 2.80323e+16	3.64e-01	6.36e-01	1.97e-12
 2.80337e+16	3.71e-01	6.29e-01	1.90e-12
 2.80351e+16	3.78e-01	6.22e-01	1.83e-12
 2.80365e+16	3.86e-01	6.14e-01	1.76e-12
 2.80380e+16	3.93e-01	6.07e-01	1.69e-12
 2.80394e+16	4.01e-01	5.99e-01	1.62e-12
 2.80409e+16	4.09e-01	5.91e-01	1.55e-12
 2.80423e+16	4.17e-01	5.83e-01	1.48e-12
 2.80438e+16	4.26e-01	5.74e-01	1.41e-12
 2.80453e+16	4.34e-01	5.65e-01	1.35e-12
 2.80469e+16	4.44e-01	5.56e-01	1.28e-12
 2.80484e+16	4.53e-01	5.47e-01	1.22e-12
 2.80500e+16	4.62e-01	5.38e-01	1.16e-12
 2.80516e+16	4.72e-01	5.28e-01	1.10e-12
 2.80532e+16	4.82e-01	5.18e-01	1.04e-12
 2.80548e+16	4.92e-01	5.08e-01	9.79e-13
 2.80564e+16	5.02e-01	4.98e-01	9.22e-13
 2.80581e+16	5.13e-01	4.87e-01	8.67e-13
 2.80597e+16	5.23e-01	4.77e-01	8.14e-13
 2.80614e+16	5.34e-01	4.66e-01	7.63e-13
 2.80631e+16	5.45e-01	4.55e-01	7.14e-13
 2.80648e+16	5.56e-01	4.44e-01	6.67e-13
 2.80665e+16	5.67e-01	4.33e-01	6.22e-13
 2.80682e+16	5.78e-01	4.22e-01	5.80e-13
 2.80699e+16	5.88e-01	4.12e-01	5.40e-13
 2.80716e+16	5.99e-01	4.01e-01	5.02e-13
 2.80733e+16	6.10e-01	3.90e-01	4.66e-13
 2.80750e+16	6.21e-01	3.79e-01	4.32e-13
 2.80766e+16	6.31e-01	3.69e-01	4.00e-13
 2.80783e+16	6.41e-01	3.59e-01	3.71e-13
 2.80800e+16	6.51e-01	3.49e-01	3.43e-13
 2.80816e+16	6.61e-01	3.39e-01	3.17e-13
 2.80833e+16	6.71e-01	3.29e-01	2.93e-13
 2.80849e+16	6.81e-01	3.19e-01	2.70e-13
 2.80866e+16	6.90e-01	3.10e-01	2.49e-13
 2.80882e+16	7.00e-01	3.00e-01	2.29e-13
 2.80898e+16	7.09e-01	2.91e-01	2.11e-13
 2.80914e+16	7.18e-01	2.82e-01	1.95e-13
 2.80930e+16	7.26e-01	2.74e-01	1.79e-13
 2.80946e+16	7.35e-01	2.65e-01	1.64e-13
 2.80962e+16	7.43e-01	2.57e-01	1.51e-13
 2.80978e+16	7.51e-01	2.49e-01	1.38e-13
 2.80994e+16	7.59e-01	2.41e-01	1.27e-13
 2.81010e+16	7.67e-01	2.33e-01	1.16e-13
 2.81025e+16	7.75e-01	2.25e-01	1.06e-13
 2.81041e+16	7.82e-01	2.18e-01	9.75e-14
 2.81057e+16	7.89e-01	2.11e-01	8.90e-14
 2.81072e+16	7.96e-01	2.04e-01	8.13e-14
 2.81088e+16	8.03e-01	1.97e-01	7.42e-14
 2.81103e+16	8.09e-01	1.91e-01	6.76e-14
 2.81119e+16	8.16e-01	1.84e-01	6.16e-14
 2.81134e+16	8.22e-01	1.78e-01	5.60e-14
 2.81149e+16	8.28e-01	1.72e-01	5.09e-14
 2.81165e+16	8.34e-01	1.66e-01	4.62e-14
 2.81180e+16	8.40e-01	1.60e-01	4.19e-14
 2.81196e+16	8.46e-01	1.54e-01	3.80e-14
 2.81211e+16	8.51e-01	1.49e-01	3.44e-14
 2.81226e+16	8.56e-01	1.44e-01	3.11e-14
 2.81241e+16	8.61e-01	1.39e-01	2.81e-14
 2.81256e+16	8.66e-01	1.34e-01	2.53e-14
 2.81271e+16	8.71e-01	1.29e-01	2.29e-14
 2.81286e+16	8.75e-01	1.25e-01	2.07e-14
 2.81299e+16	8.80e-01	1.20e-01	1.88e-14
 2.81313e+16	8.83e-01	1.17e-01	1.71e-14
 2.81325e+16	8.87e-01	1.13e-01	1.56e-14
 2.81336e+16	8.90e-01	1.10e-01	1.43e-14
 2.81346e+16	8.93e-01	1.07e-01	1.33e-14
 2.81356e+16	8.95e-01	1.05e-01	1.24e-14
 2.81364e+16	8.98e-01	1.02e-01	1.16e-14
 2.81372e+16	9.00e-01	1.00e-01	1.09e-14
 2.81379e+16	9.02e-01	9.83e-02	1.03e-14
 2.81385e+16	9.03e-01	9.67e-02	9.74e-15
 2.81392e+16	9.05e-01	9.49e-02	9.22e-15
 2.81400e+16	9.07e-01	9.30e-02	8.61e-15
 2.81407e+16	9.09e-01	9.13e-02	8.11e-15
 2.81413e+16	9.10e-01	8.98e-02	7.66e-15
 2.81419e+16	9.12e-01	8.84e-02	7.28e-15
 2.81425e+16	9.13e-01	8.69e-02	6.91e-15
 2.81432e+16	9.15e-01	8.54e-02	6.46e-15
 2.81438e+16	9.16e-01	8.39e-02	6.09e-15
 2.81444e+16	9.17e-01	8.26e-02	5.78e-15
 2.81449e+16	9.19e-01	8.14e-02	5.48e-15
 2.81453e+16	9.20e-01	8.04e-02	5.24e-15
 2.81458e+16	9.21e-01	7.92e-02	4.98e-15
 2.81464e+16	9.22e-01	7.80e-02	4.68e-15
 2.81469e+16	9.23e-01	7.69e-02	4.44e-15
 2.81473e+16	9.24e-01	7.59e-02	4.23e-15
 2.81478e+16	9.25e-01	7.50e-02	4.03e-15
 2.81481e+16	9.26e-01	7.42e-02	3.87e-15
 2.81485e+16	9.27e-01	7.32e-02	3.69e-15
 2.81490e+16	9.28e-01	7.23e-02	3.49e-15
 2.81494e+16	9.29e-01	7.15e-02	3.33e-15
 2.81498e+16	9.29e-01	7.07e-02	3.18e-15
 2.81501e+16	9.30e-01	6.99e-02	3.05e-15
 2.81505e+16	9.31e-01	6.91e-02	2.92e-15
 2.81509e+16	9.32e-01	6.81e-02	2.73e-15
 2.81515e+16	9.33e-01	6.70e-02	2.55e-15
 2.81519e+16	9.34e-01	6.61e-02	2.40e-15
 2.81523e+16	9.35e-01	6.52e-02	2.26e-15
 2.81527e+16	9.36e-01	6.45e-02	2.14e-15
 2.81531e+16	9.36e-01	6.38e-02	2.04e-15
 2.81534e+16	9.37e-01	6.31e-02	1.95e-15
 2.81537e+16	9.37e-01	6.26e-02	1.87e-15
 2.81540e+16	9.38e-01	6.19e-02	1.78e-15
 2.81544e+16	9.39e-01	6.10e-02	1.67e-15
 2.81549e+16	9.40e-01	6.02e-02	1.56e-15
 2.81553e+16	9.41e-01	5.94e-02	1.46e-15
 2.81557e+16	9.41e-01	5.87e-02	1.38e-15
 2.81560e+16	9.42e-01	5.82e-02	1.31e-15
 2.81563e+16	9.42e-01	5.76e-02	1.25e-15
 2.81566e+16	9.43e-01	5.70e-02	1.19e-15
 2.81570e+16	9.44e-01	5.65e-02	1.13e-15
 2.81574e+16	9.44e-01	5.57e-02	1.06e-15
 2.81578e+16	9.45e-01	5.49e-02	9.84e-16
 2.81582e+16	9.46e-01	5.42e-02	9.18e-16
 2.81586e+16	9.46e-01	5.37e-02	8.60e-16
 2.81590e+16	9.47e-01	5.31e-02	8.08e-16
 2.81593e+16	9.48e-01	5.25e-02	7.54e-16
 2.81597e+16	9.48e-01	5.18e-02	6.99e-16
 2.81601e+16	9.49e-01	5.13e-02	6.54e-16
 2.81605e+16	9.49e-01	5.08e-02	6.13e-16
 2.81608e+16	9.50e-01	5.02e-02	5.75e-16
 2.81613e+16	9.51e-01	4.94e-02	5.24e-16
 2.81618e+16	9.51e-01	4.87e-02	4.75e-16
 2.81623e+16	9.52e-01	4.80e-02	4.36e-16
 2.81627e+16	9.53e-01	4.75e-02	4.04e-16
 2.81631e+16	9.53e-01	4.69e-02	3.75e-16
 2.81635e+16	9.54e-01	4.64e-02	3.51e-16
 2.81638e+16	9.54e-01	4.59e-02	3.27e-16
 2.81643e+16	9.55e-01	4.53e-02	3.03e-16
 2.81646e+16	9.55e-01	4.48e-02	2.82e-16
 2.81650e+16	9.56e-01	4.44e-02	2.64e-16
 2.81654e+16	9.56e-01	4.39e-02	2.47e-16
 2.81659e+16	9.57e-01	4.32e-02	2.26e-16
 2.81664e+16	9.57e-01	4.26e-02	2.04e-16
 2.81669e+16	9.58e-01	4.20e-02	1.87e-16
 2.81673e+16	9.59e-01	4.15e-02	1.72e-16
 2.81677e+16	9.59e-01	4.10e-02	1.61e-16
 2.81682e+16	9.59e-01	4.05e-02	1.49e-16
 2.81686e+16	9.60e-01	4.00e-02	1.36e-16
 2.81691e+16	9.61e-01	3.95e-02	1.26e-16
 2.81695e+16	9.61e-01	3.91e-02	1.17e-16
 2.81699e+16	9.61e-01	3.86e-02	1.09e-16
 2.81705e+16	9.62e-01	3.79e-02	9.85e-17
 2.81711e+16	9.63e-01	3.73e-02	8.83e-17
 2.81716e+16	9.63e-01	3.68e-02	8.04e-17
 2.81721e+16	9.64e-01	3.62e-02	7.34e-17
 2.81726e+16	9.64e-01	3.58e-02	6.81e-17
 2.81731e+16	9.65e-01	3.52e-02	6.26e-17
 2.81736e+16	9.65e-01	3.47e-02	5.70e-17
 2.81741e+16	9.66e-01	3.42e-02	5.24e-17
 2.81746e+16	9.66e-01	3.37e-02	4.80e-17
 2.81752e+16	9.67e-01	3.31e-02	4.35e-17
 2.81757e+16	9.67e-01	3.26e-02	3.98e-17
 2.81763e+16	9.68e-01	3.20e-02	3.63e-17
 2.81769e+16	9.69e-01	3.14e-02	3.27e-17
 2.81775e+16	9.69e-01	3.08e-02	2.99e-17
 2.81781e+16	9.70e-01	3.02e-02	2.72e-17
 2.81788e+16	9.70e-01	2.95e-02	2.45e-17
 2.81794e+16	9.71e-01	2.89e-02	2.23e-17
 2.81800e+16	9.72e-01	2.84e-02	2.05e-17
 2.81806e+16	9.72e-01	2.78e-02	1.88e-17
 2.81813e+16	9.73e-01	2.72e-02	1.70e-17
 2.81819e+16	9.73e-01	2.66e-02	1.57e-17
 2.81825e+16	9.74e-01	2.60e-02	1.43e-17
 2.81832e+16	9.75e-01	2.53e-02	1.29e-17
 2.81839e+16	9.75e-01	2.47e-02	1.19e-17
 2.81846e+16	9.76e-01	2.41e-02	1.08e-17
 2.81853e+16	9.77e-01	2.34e-02	9.82e-18
 2.81860e+16	9.77e-01	2.28e-02	9.04e-18
 2.81868e+16	9.78e-01	2.21e-02	8.25e-18
 2.81876e+16	9.79e-01	2.15e-02	7.48e-18
 2.81884e+16	9.79e-01	2.09e-02	6.89e-18
 2.81892e+16	9.80e-01	2.02e-02	6.29e-18
 2.81901e+16	9.80e-01	1.95e-02	5.72e-18
 2.81909e+16	9.81e-01	1.89e-02	5.28e-18
 2.81918e+16	9.82e-01	1.82e-02	4.84e-18
 2.81927e+16	9.82e-01	1.76e-02	4.41e-18
 2.81936e+16	9.83e-01	1.70e-02	4.08e-18
 2.81945e+16	9.84e-01	1.64e-02	3.75e-18
 2.81956e+16	9.84e-01	1.57e-02	3.43e-18
 2.81965e+16	9.85e-01	1.52e-02	3.18e-18
 2.81975e+16	9.85e-01	1.46e-02	2.93e-18
 2.81986e+16	9.86e-01	1.39e-02	2.69e-18
 2.81996e+16	9.87e-01	1.34e-02	2.50e-18
 2.82007e+16	9.87e-01	1.28e-02	2.31e-18
 2.82019e+16	9.88e-01	1.23e-02	2.12e-18
 2.82030e+16	9.88e-01	1.17e-02	1.97e-18
 2.82042e+16	9.89e-01	1.12e-02	1.82e-18
 2.82055e+16	9.89e-01	1.07e-02	1.67e-18
 2.82069e+16	9.90e-01	1.01e-02	1.53e-18
 2.82087e+16	9.91e-01	9.35e-03	1.37e-18
 2.82108e+16	9.91e-01	8.60e-03	1.20e-18
 2.82130e+16	9.92e-01	7.90e-03	1.06e-18
 2.82152e+16	9.93e-01	7.24e-03	9.30e-19
 2.82176e+16	9.93e-01	6.60e-03	8.14e-19
 2.82201e+16	9.94e-01	5.98e-03	7.07e-19
 2.82227e+16	9.95e-01	5.39e-03	6.09e-19
 2.82256e+16	9.95e-01	4.82e-03	5.21e-19
 2.82286e+16	9.96e-01	4.28e-03	4.41e-19
 2.82319e+16	9.96e-01	3.77e-03	3.69e-19
 2.82354e+16	9.97e-01	3.29e-03	3.05e-19
 2.82393e+16	9.97e-01	2.83e-03	2.48e-19
 2.82436e+16	9.98e-01	2.40e-03	1.98e-19
 2.82483e+16	9.98e-01	2.00e-03	1.54e-19
 2.82537e+16	9.98e-01	1.64e-03	1.17e-19
 2.82597e+16	9.99e-01	1.30e-03	8.55e-20
 2.82666e+16	9.99e-01	1.00e-03	5.99e-20
 2.82748e+16	9.99e-01	7.39e-04	3.97e-20
 2.82842e+16	9.99e-01	5.23e-04	2.47e-20
 2.82941e+16	1.00e+00	3.65e-04	1.50e-20
 2.83041e+16	1.00e+00	2.56e-04	9.14e-21
 2.83141e+16	1.00e+00	1.80e-04	0.00e+00
 2.83240e+16	1.00e+00	1.27e-04	0.00e+00
 2.83340e+16	1.00e+00	8.98e-05	0.00e+00
 2.83440e+16	1.00e+00	6.38e-05	0.00e+00
 2.83539e+16	1.00e+00	4.54e-05	0.00e+00
 2.83639e+16	1.00e+00	3.23e-05	0.00e+00
 2.83739e+16	1.00e+00	2.31e-05	0.00e+00
 2.83838e+16	1.00e+00	1.65e-05	0.00e+00
 2.83938e+16	1.00e+00	1.18e-05	0.00e+00
 2.84037e+16	1.00e+00	8.46e-06	0.00e+00
 2.84137e+16	1.00e+00	6.07e-06	0.00e+00
 2.84237e+16	1.00e+00	4.37e-06	0.00e+00
 2.84336e+16	1.00e+00	3.14e-06	0.00e+00
 2.84436e+16	1.00e+00	2.27e-06	0.00e+00
 2.84535e+16	1.00e+00	1.64e-06	0.00e+00
 2.84635e+16	1.00e+00	1.18e-06	0.00e+00
 2.84735e+16	1.00e+00	8.53e-07	0.00e+00
 2.84834e+16	1.00e+00	6.17e-07	0.00e+00
 2.84934e+16	1.00e+00	4.48e-07	0.00e+00
 2.85034e+16	1.00e+00	3.24e-07	0.00e+00
 2.85133e+16	1.00e+00	2.35e-07	0.00e+00
 2.85233e+16	1.00e+00	1.70e-07	0.00e+00
 2.85332e+16	1.00e+00	1.24e-07	0.00e+00
 2.85432e+16	1.00e+00	8.99e-08	0.00e+00
 2.85532e+16	1.00e+00	6.53e-08	0.00e+00
 2.85631e+16	1.00e+00	4.74e-08	0.00e+00
 2.85731e+16	1.00e+00	3.46e-08	0.00e+00
 2.85830e+16	1.00e+00	2.52e-08	0.00e+00
 2.85930e+16	1.00e+00	1.83e-08	0.00e+00
 2.86030e+16	1.00e+00	1.33e-08	0.00e+00
 2.86129e+16	1.00e+00	9.73e-09	0.00e+00
 2.86229e+16	1.00e+00	7.09e-09	0.00e+00
 2.86328e+16	1.00e+00	5.16e-09	0.00e+00
 2.86428e+16	1.00e+00	3.77e-09	0.00e+00
 2.86528e+16	1.00e+00	2.75e-09	0.00e+00
 2.86627e+16	1.00e+00	2.01e-09	0.00e+00
 2.86727e+16	1.00e+00	1.47e-09	0.00e+00
 2.86826e+16	1.00e+00	1.07e-09	0.00e+00
 2.86926e+16	1.00e+00	7.82e-10	0.00e+00
 2.87026e+16	1.00e+00	5.71e-10	0.00e+00
 2.87125e+16	1.00e+00	4.17e-10	0.00e+00
 2.87225e+16	1.00e+00	3.05e-10	0.00e+00
 2.87324e+16	1.00e+00	2.23e-10	0.00e+00
 2.87424e+16	1.00e+00	1.63e-10	0.00e+00
 2.87524e+16	1.00e+00	1.19e-10	0.00e+00
 2.87623e+16	1.00e+00	8.75e-11	0.00e+00
 2.87723e+16	1.00e+00	6.40e-11	0.00e+00
 2.87822e+16	1.00e+00	4.69e-11	0.00e+00
 2.87922e+16	1.00e+00	3.43e-11	0.00e+00
 2.88022e+16	1.00e+00	2.51e-11	0.00e+00
 2.88121e+16	1.00e+00	1.84e-11	0.00e+00
 2.88221e+16	1.00e+00	1.35e-11	0.00e+00
 2.88320e+16	1.00e+00	9.87e-12	0.00e+00
 2.88420e+16	1.00e+00	7.24e-12	0.00e+00
 2.88520e+16	1.00e+00	5.30e-12	0.00e+00
 2.88619e+16	1.00e+00	3.89e-12	0.00e+00
 2.88719e+16	1.00e+00	2.85e-12	0.00e+00
 2.88818e+16	1.00e+00	2.09e-12	0.00e+00
 2.88918e+16	1.00e+00	1.53e-12	0.00e+00
 2.89017e+16	1.00e+00	1.12e-12	0.00e+00
 2.89117e+16	1.00e+00	8.23e-13	0.00e+00
 2.89217e+16	1.00e+00	6.05e-13	0.00e+00
 2.89316e+16	1.00e+00	4.43e-13	0.00e+00
 2.89431e+16	1.00e+00	3.07e-13	0.00e+00
 2.89580e+16	1.00e+00	1.92e-13	0.00e+00
 2.89773e+16	1.00e+00	1.04e-13	0.00e+00
 2.90025e+16	1.00e+00	4.71e-14	0.00e+00
 2.90352e+16	1.00e+00	1.71e-14	0.00e+00
 2.90777e+16	1.00e+00	4.63e-15	0.00e+00
 2.91330e+16	1.00e+00	8.71e-16	0.00e+00
 2.92049e+16	1.00e+00	1.04e-16	0.00e+00
 2.92983e+16	1.00e+00	7.29e-18	0.00e+00
 2.94197e+16	1.00e+00	6.69e-19	0.00e+00
 2.95776e+16	1.00e+00	3.91e-19	0.00e+00
 2.97717e+16	1.00e+00	3.28e-19	0.00e+00
 2.99857e+16	1.00e+00	2.80e-19	0.00e+00
 3.02077e+16	1.00e+00	2.43e-19	0.00e+00
 3.04359e+16	1.00e+00	2.12e-19	0.00e+00
 3.06772e+16	1.00e+00	1.86e-19	0.00e+00
 3.09283e+16	1.00e+00	1.64e-19	0.00e+00
 3.11873e+16	1.00e+00	1.46e-19	0.00e+00
 3.14679e+16	1.00e+00	1.30e-19	0.00e+00
 3.17685e+16	1.00e+00	1.16e-19	0.00e+00
 3.20810e+16	1.00e+00	1.05e-19	0.00e+00
 3.24068e+16	1.00e+00	9.63e-20	0.00e+00
 3.27502e+16	1.00e+00	8.92e-20	0.00e+00
 3.31141e+16	1.00e+00	8.35e-20	0.00e+00
 3.34978e+16	1.00e+00	7.91e-20	0.00e+00
 3.39016e+16	1.00e+00	7.57e-20	0.00e+00
 3.43288e+16	1.00e+00	7.32e-20	0.00e+00
 3.47812e+16	1.00e+00	7.15e-20	0.00e+00
 3.52606e+16	1.00e+00	7.02e-20	0.00e+00
 3.57742e+16	1.00e+00	6.95e-20	0.00e+00
 3.63267e+16	1.00e+00	6.91e-20	0.00e+00
 3.69169e+16	1.00e+00	6.91e-20	0.00e+00
 3.75475e+16	1.00e+00	6.92e-20	0.00e+00
 3.82229e+16	1.00e+00	6.96e-20	0.00e+00
 3.89458e+16	1.00e+00	7.01e-20	0.00e+00
 3.97176e+16	1.00e+00	7.08e-20	0.00e+00
 4.05406e+16	1.00e+00	7.15e-20	0.00e+00
 4.14191e+16	1.00e+00	7.24e-20	0.00e+00
 4.23570e+16	1.00e+00	7.32e-20	0.00e+00
 4.33577e+16	1.00e+00	7.42e-20	0.00e+00
 4.44263e+16	1.00e+00	7.52e-20	0.00e+00
 4.55694e+16	1.00e+00	7.62e-20	0.00e+00
 4.67916e+16	1.00e+00	7.72e-20	0.00e+00
 4.81028e+16	1.00e+00	7.83e-20	0.00e+00
 4.95149e+16	1.00e+00	7.94e-20	0.00e+00
 5.10310e+16	1.00e+00	8.05e-20	0.00e+00
 5.26599e+16	1.00e+00	8.16e-20	0.00e+00
 5.44234e+16	1.00e+00	8.27e-20	0.00e+00
 5.63438e+16	1.00e+00	8.38e-20	0.00e+00
 5.84366e+16	1.00e+00	8.49e-20	0.00e+00
 6.07181e+16	1.00e+00	8.59e-20	0.00e+00
 6.31468e+16	1.00e+00	8.70e-20	0.00e+00
 6.56727e+16	1.00e+00	8.79e-20	0.00e+00
 6.82997e+16	1.00e+00	8.87e-20	0.00e+00
 7.10317e+16	1.00e+00	8.94e-20	0.00e+00
 7.38730e+16	1.00e+00	9.01e-20	0.00e+00
 7.68280e+16	1.00e+00	9.07e-20	0.00e+00
 7.99011e+16	1.00e+00	9.11e-20	0.00e+00
 8.30972e+16	1.00e+00	9.14e-20	0.00e+00
 8.64211e+16	1.00e+00	9.16e-20	0.00e+00
 8.98780e+16	1.00e+00	9.18e-20	0.00e+00
 9.34731e+16	1.00e+00	9.19e-20	0.00e+00
 9.72121e+16	1.00e+00	9.19e-20	0.00e+00
 1.01101e+17	1.00e+00	9.18e-20	0.00e+00
 1.05145e+17	1.00e+00	9.14e-20	0.00e+00
 1.09350e+17	1.00e+00	9.10e-20	0.00e+00
 1.13725e+17	1.00e+00	9.04e-20	0.00e+00
 1.18274e+17	1.00e+00	8.96e-20	0.00e+00
 1.23004e+17	1.00e+00	8.85e-20	0.00e+00
 1.27925e+17	1.00e+00	8.71e-20	0.00e+00
 1.33042e+17	1.00e+00	8.55e-20	0.00e+00
 1.38363e+17	1.00e+00	8.33e-20	0.00e+00
 1.43898e+17	1.00e+00	8.06e-20	0.00e+00
 1.49654e+17	1.00e+00	7.73e-20	0.00e+00
 1.55620e+17	1.00e+00	7.06e-20	0.00e+00
 1.60990e+17	1.00e+00	6.77e-20	0.00e+00
 1.66265e+17	1.00e+00	6.37e-20	0.00e+00
 1.72587e+17	1.00e+00	6.03e-20	0.00e+00
 1.79490e+17	1.00e+00	5.50e-20	0.00e+00
 1.86362e+17	1.00e+00	4.90e-20	0.00e+00
 1.91963e+17	1.00e+00	4.10e-20	0.00e+00
 1.95428e+17	1.00e+00	3.58e-20	0.00e+00
 1.97811e+17	1.00e+00	3.44e-20	0.00e+00
 2.00494e+17	1.00e+00	3.31e-20	0.00e+00
 2.03980e+17	1.00e+00	3.18e-20	0.00e+00
 2.08513e+17	1.00e+00	2.90e-20	0.00e+00
 2.14406e+17	1.00e+00	2.52e-20	0.00e+00
 2.21993e+17	1.00e+00	2.22e-20	0.00e+00
 2.30775e+17	1.00e+00	1.87e-20	0.00e+00
 2.39634e+17	1.00e+00	1.61e-20	0.00e+00
 2.48847e+17	1.00e+00	1.49e-20	0.00e+00
 2.58801e+17	1.00e+00	1.22e-20	0.00e+00
 2.68591e+17	1.00e+00	1.05e-20	0.00e+00
 2.78772e+17	1.00e+00	9.14e-21	0.00e+00
 2.89923e+17	1.00e+00	8.01e-21	0.00e+00
 3.01520e+17	1.00e+00	6.96e-21	0.00e+00
 3.13581e+17	1.00e+00	6.10e-21	0.00e+00
 3.26124e+17	1.00e+00	5.32e-21	0.00e+00
 3.39169e+17	1.00e+00	4.74e-21	0.00e+00
 3.52736e+17	1.00e+00	4.20e-21	0.00e+00
 3.66383e+17	1.00e+00	3.78e-21	0.00e+00
 3.80283e+17	1.00e+00	3.37e-21	0.00e+00
 3.94002e+17	1.00e+00	3.00e-21	0.00e+00
 4.06079e+17	1.00e+00	2.72e-21	0.00e+00
 4.17117e+17	1.00e+00	2.52e-21	0.00e+00
 4.28490e+17	1.00e+00	2.32e-21	0.00e+00
 4.40364e+17	1.00e+00	2.14e-21	0.00e+00
 4.52351e+17	1.00e+00	1.98e-21	0.00e+00
 4.64164e+17	1.00e+00	1.83e-21	0.00e+00
 4.75704e+17	1.00e+00	1.71e-21	0.00e+00
 4.87150e+17	1.00e+00	1.60e-21	0.00e+00
 4.98547e+17	1.00e+00	1.50e-21	0.00e+00
 5.09582e+17	1.00e+00	1.41e-21	0.00e+00
 5.20084e+17	1.00e+00	1.34e-21	0.00e+00
 5.30073e+17	1.00e+00	1.27e-21	0.00e+00
 5.39586e+17	1.00e+00	1.21e-21	0.00e+00
 5.48620e+17	1.00e+00	1.16e-21	0.00e+00
 5.57138e+17	1.00e+00	1.12e-21	0.00e+00
 5.65121e+17	1.00e+00	1.08e-21	0.00e+00
 5.72586e+17	1.00e+00	1.04e-21	0.00e+00
 5.79565e+17	1.00e+00	1.01e-21	0.00e+00
 5.86095e+17	1.00e+00	9.82e-22	0.00e+00
 5.92203e+17	1.00e+00	9.57e-22	0.00e+00
 5.97908e+17	1.00e+00	9.34e-22	0.00e+00
 6.03237e+17	1.00e+00	9.13e-22	0.00e+00
 6.08219e+17	1.00e+00	8.94e-22	0.00e+00
 6.12883e+17	1.00e+00	8.77e-22	0.00e+00
 6.17254e+17	1.00e+00	8.61e-22	0.00e+00
 6.21353e+17	1.00e+00	8.47e-22	0.00e+00
 6.25199e+17	1.00e+00	8.34e-22	0.00e+00
 6.28810e+17	1.00e+00	8.22e-22	0.00e+00
 6.32203e+17	1.00e+00	8.12e-22	0.00e+00
 6.35397e+17	1.00e+00	8.02e-22	0.00e+00
 6.38405e+17	1.00e+00	7.91e-22	0.00e+00
 6.41240e+17	1.00e+00	7.84e-22	0.00e+00
 6.43913e+17	1.00e+00	7.74e-22	0.00e+00
 6.46437e+17	1.00e+00	7.68e-22	0.00e+00
 6.48820e+17	1.00e+00	7.60e-22	0.00e+00
 6.51074e+17	1.00e+00	7.54e-22	0.00e+00
 6.53206e+17	1.00e+00	7.47e-22	0.00e+00
 6.55224e+17	1.00e+00	7.42e-22	0.00e+00
 6.57136e+17	1.00e+00	7.36e-22	0.00e+00
 6.58948e+17	1.00e+00	7.31e-22	0.00e+00
 6.60666e+17	1.00e+00	7.26e-22	0.00e+00
 6.62297e+17	1.00e+00	7.22e-22	0.00e+00
 6.63847e+17	1.00e+00	7.18e-22	0.00e+00
 6.65319e+17	1.00e+00	7.14e-22	0.00e+00
 6.66719e+17	1.00e+00	7.09e-22	0.00e+00
 6.68051e+17	1.00e+00	7.06e-22	0.00e+00
 6.69320e+17	1.00e+00	7.03e-22	0.00e+00
 6.70529e+17	1.00e+00	7.00e-22	0.00e+00
 6.71682e+17	1.00e+00	6.97e-22	0.00e+00
 6.72784e+17	1.00e+00	6.94e-22	0.00e+00
 6.73835e+17	1.00e+00	6.91e-22	0.00e+00
 6.74841e+17	1.00e+00	6.89e-22	0.00e+00
 6.75804e+17	1.00e+00	6.86e-22	0.00e+00
 6.76726e+17	1.00e+00	6.84e-22	0.00e+00
 6.77611e+17	1.00e+00	6.82e-22	0.00e+00
 6.78461e+17	1.00e+00	6.80e-22	0.00e+00
 6.79279e+17	1.00e+00	6.78e-22	0.00e+00
 6.80067e+17	1.00e+00	6.77e-22	0.00e+00
 6.80826e+17	1.00e+00	6.75e-22	0.00e+00
 6.81561e+17	1.00e+00	6.73e-22	0.00e+00
 6.82272e+17	1.00e+00	6.72e-22	0.00e+00
 6.82962e+17	1.00e+00	6.70e-22	0.00e+00
 6.83633e+17	1.00e+00	6.68e-22	0.00e+00
 6.84288e+17	1.00e+00	6.67e-22	0.00e+00
 6.84928e+17	1.00e+00	6.66e-22	0.00e+00
 6.85555e+17	1.00e+00	6.64e-22	0.00e+00
 6.86173e+17	1.00e+00	6.63e-22	0.00e+00
 6.86783e+17	1.00e+00	6.62e-22	0.00e+00
 6.87389e+17	1.00e+00	6.60e-22	0.00e+00
 6.87992e+17	1.00e+00	6.59e-22	0.00e+00
 6.88597e+17	1.00e+00	6.57e-22	0.00e+00
 6.89206e+17	1.00e+00	6.56e-22	0.00e+00
 6.89824e+17	1.00e+00	6.54e-22	0.00e+00
 6.90455e+17	1.00e+00	6.53e-22	0.00e+00
 6.91104e+17	1.00e+00	6.51e-22	0.00e+00
 6.91779e+17	1.00e+00	6.49e-22	0.00e+00
 6.92487e+17	1.00e+00	6.47e-22	0.00e+00
 6.93237e+17	1.00e+00	6.45e-22	0.00e+00
 6.94044e+17	1.00e+00	6.43e-22	0.00e+00
 6.94923e+17	1.00e+00	6.41e-22	0.00e+00
 6.95894e+17	1.00e+00	6.38e-22	0.00e+00
 6.96988e+17	1.00e+00	6.36e-22	0.00e+00
 6.98243e+17	1.00e+00	6.32e-22	0.00e+00
 6.99714e+17	1.00e+00	6.29e-22	0.00e+00
 7.01476e+17	1.00e+00	6.25e-22	0.00e+00
 7.03639e+17	1.00e+00	6.21e-22	0.00e+00
 7.06361e+17	1.00e+00	6.14e-22	0.00e+00
 7.09868e+17	1.00e+00	6.08e-22	0.00e+00
 7.14425e+17	1.00e+00	5.97e-22	0.00e+00
 7.20351e+17	1.00e+00	5.85e-22	0.00e+00
 7.28054e+17	1.00e+00	5.69e-22	0.00e+00
 7.38068e+17	1.00e+00	5.50e-22	0.00e+00
 7.51086e+17	1.00e+00	5.26e-22	0.00e+00
 7.68009e+17	1.00e+00	4.98e-22	0.00e+00
 7.90009e+17	1.00e+00	4.63e-22	0.00e+00
 8.18493e+17	1.00e+00	4.23e-22	0.00e+00
 8.47984e+17	1.00e+00	3.85e-22	0.00e+00
 8.72100e+17	1.00e+00	3.58e-22	0.00e+00
 8.93022e+17	1.00e+00	3.38e-22	0.00e+00
 9.13446e+17	1.00e+00	3.19e-22	0.00e+00
 9.33153e+17	1.00e+00	3.03e-22	0.00e+00
 9.51111e+17	1.00e+00	2.88e-22	0.00e+00
 9.66890e+17	1.00e+00	2.76e-22	0.00e+00
 9.80705e+17	1.00e+00	2.66e-22	0.00e+00
 9.93093e+17	1.00e+00	2.58e-22	0.00e+00
 1.00433e+18	1.00e+00	2.51e-22	0.00e+00
 1.01434e+18	1.00e+00	2.44e-22	0.00e+00
 1.02315e+18	1.00e+00	2.39e-22	0.00e+00
 1.03035e+18	1.00e+00	2.35e-22	0.00e+00
 1.03537e+18	1.00e+00	2.32e-22	0.00e+00
 1.03847e+18	1.00e+00	2.30e-22	0.00e+00
 1.04034e+18	1.00e+00	2.29e-22	0.00e+00
 1.04145e+18	1.00e+00	2.29e-22	0.00e+00
 1.04215e+18	1.00e+00	2.29e-22	0.00e+00
 1.04270e+18	1.00e+00	2.31e-22	0.00e+00
 1.04324e+18	1.00e+00	2.31e-22	0.00e+00
 1.04380e+18	1.00e+00	2.31e-22	0.00e+00
 1.04432e+18	1.00e+00	2.30e-22	0.00e+00
 1.04479e+18	1.00e+00	2.31e-22	0.00e+00
 1.04523e+18	1.00e+00	2.31e-22	0.00e+00
 1.04564e+18	1.00e+00	2.32e-22	0.00e+00
 1.04605e+18	1.00e+00	2.32e-22	0.00e+00
 1.04645e+18	1.00e+00	2.32e-22	0.00e+00
 1.04680e+18	1.00e+00	2.32e-22	0.00e+00
 1.04712e+18	1.00e+00	2.33e-22	0.00e+00
 1.04743e+18	1.00e+00	2.34e-22	0.00e+00
 1.04774e+18	1.00e+00	2.33e-22	0.00e+00
 1.04804e+18	1.00e+00	2.33e-22	0.00e+00
 1.04829e+18	1.00e+00	2.34e-22	0.00e+00
 1.04855e+18	1.00e+00	2.35e-22	0.00e+00
 1.04880e+18	1.00e+00	2.35e-22	0.00e+00
 1.04904e+18	1.00e+00	2.35e-22	0.00e+00
 1.04928e+18	1.00e+00	2.35e-22	0.00e+00
 1.04950e+18	1.00e+00	2.35e-22	0.00e+00
 1.04971e+18	1.00e+00	2.35e-22	0.00e+00
 1.04991e+18	1.00e+00	2.36e-22	0.00e+00
 1.05011e+18	1.00e+00	2.36e-22	0.00e+00
 1.05032e+18	1.00e+00	2.35e-22	0.00e+00
 1.05050e+18	1.00e+00	2.35e-22	0.00e+00
 1.05067e+18	1.00e+00	2.37e-22	0.00e+00
 1.05085e+18	1.00e+00	2.36e-22	0.00e+00
 1.05105e+18	1.00e+00	2.35e-22	0.00e+00
 1.05124e+18	1.00e+00	2.34e-22	0.00e+00
 1.05143e+18	1.00e+00	2.34e-22	0.00e+00
 1.05162e+18	1.00e+00	2.33e-22	0.00e+00
 1.05180e+18	1.00e+00	2.34e-22	0.00e+00
 1.05198e+18	1.00e+00	2.34e-22	0.00e+00
 1.05217e+18	1.00e+00	2.33e-22	0.00e+00
 1.05237e+18	1.00e+00	2.32e-22	0.00e+00
 1.05255e+18	1.00e+00	2.32e-22	0.00e+00
 1.05274e+18	1.00e+00	2.32e-22	0.00e+00
 1.05293e+18	1.00e+00	2.32e-22	0.00e+00
 1.05314e+18	1.00e+00	2.30e-22	0.00e+00
 1.05333e+18	1.00e+00	2.30e-22	0.00e+00
 1.05352e+18	1.00e+00	2.30e-22	0.00e+00
 1.05373e+18	1.00e+00	2.29e-22	0.00e+00
 1.05394e+18	1.00e+00	2.28e-22	0.00e+00
 1.05415e+18	1.00e+00	2.27e-22	0.00e+00
 1.05435e+18	1.00e+00	2.27e-22	0.00e+00
 1.05457e+18	1.00e+00	2.26e-22	0.00e+00
 1.05481e+18	1.00e+00	2.24e-22	0.00e+00
 1.05504e+18	1.00e+00	2.24e-22	0.00e+00
 1.05526e+18	1.00e+00	2.23e-22	0.00e+00
 1.05549e+18	1.00e+00	2.23e-22	0.00e+00
 1.05575e+18	1.00e+00	2.21e-22	0.00e+00
 1.05599e+18	1.00e+00	2.20e-22	0.00e+00
 1.05625e+18	1.00e+00	2.20e-22	0.00e+00
 1.05652e+18	1.00e+00	2.18e-22	0.00e+00
 1.05678e+18	1.00e+00	2.17e-22	0.00e+00
 1.05705e+18	1.00e+00	2.16e-22	0.00e+00
 1.05732e+18	1.00e+00	2.15e-22	0.00e+00
 1.05761e+18	1.00e+00	2.14e-22	0.00e+00
 1.05791e+18	1.00e+00	2.12e-22	0.00e+00
 1.05821e+18	1.00e+00	2.11e-22	0.00e+00
 1.05851e+18	1.00e+00	2.10e-22	0.00e+00
 1.05881e+18	1.00e+00	2.09e-22	0.00e+00
 1.05914e+18	1.00e+00	2.07e-22	0.00e+00
 1.05947e+18	1.00e+00	2.06e-22	0.00e+00
 1.05979e+18	1.00e+00	2.05e-22	0.00e+00
 1.06013e+18	1.00e+00	2.03e-22	0.00e+00
 1.06048e+18	1.00e+00	2.01e-22	0.00e+00
 1.06083e+18	1.00e+00	2.00e-22	0.00e+00
 1.06119e+18	1.00e+00	1.99e-22	0.00e+00
 1.06157e+18	1.00e+00	1.97e-22	0.00e+00
 1.06195e+18	1.00e+00	1.95e-22	0.00e+00
 1.06233e+18	1.00e+00	1.93e-22	0.00e+00
 1.06272e+18	1.00e+00	1.92e-22	0.00e+00
 1.06313e+18	1.00e+00	1.90e-22	0.00e+00
 1.06355e+18	1.00e+00	1.88e-22	0.00e+00
 1.06397e+18	1.00e+00	1.86e-22	0.00e+00
 1.06439e+18	1.00e+00	1.84e-22	0.00e+00
 1.06482e+18	1.00e+00	1.83e-22	0.00e+00
 1.06527e+18	1.00e+00	1.81e-22	0.00e+00
 1.06573e+18	1.00e+00	1.78e-22	0.00e+00
 1.06620e+18	1.00e+00	1.76e-22	0.00e+00
 1.06666e+18	1.00e+00	1.74e-22	0.00e+00
 1.06712e+18	1.00e+00	1.72e-22	0.00e+00
 1.06761e+18	1.00e+00	1.70e-22	0.00e+00
 1.06811e+18	1.00e+00	1.68e-22	0.00e+00
 1.06861e+18	1.00e+00	1.65e-22	0.00e+00
 1.06912e+18	1.00e+00	1.63e-22	0.00e+00
 1.06963e+18	1.00e+00	1.61e-22	0.00e+00
 1.07016e+18	1.00e+00	1.58e-22	0.00e+00
 1.07069e+18	1.00e+00	1.56e-22	0.00e+00
 1.07124e+18	1.00e+00	1.54e-22	0.00e+00
 1.07181e+18	1.00e+00	1.51e-22	0.00e+00
 1.07237e+18	1.00e+00	1.49e-22	0.00e+00
 1.07294e+18	1.00e+00	1.47e-22	0.00e+00
 1.07354e+18	1.00e+00	1.44e-22	0.00e+00
 1.07414e+18	1.00e+00	1.41e-22	0.00e+00
 1.07475e+18	1.00e+00	1.39e-22	0.00e+00
 1.07537e+18	1.00e+00	1.37e-22	0.00e+00
 1.07602e+18	1.00e+00	1.34e-22	0.00e+00
 1.07669e+18	1.00e+00	1.31e-22	0.00e+00
 1.07736e+18	1.00e+00	1.29e-22	0.00e+00
 1.07804e+18	1.00e+00	1.27e-22	0.00e+00
 1.07872e+18	1.00e+00	1.24e-22	0.00e+00
 1.07937e+18	1.00e+00	1.22e-22	0.00e+00
 1.07995e+18	1.00e+00	1.21e-22	0.00e+00
 1.08048e+18	1.00e+00	1.20e-22	0.00e+00
 1.08098e+18	1.00e+00	1.19e-22	0.00e+00
 1.08145e+18	1.00e+00	1.18e-22	0.00e+00
 1.08189e+18	1.00e+00	1.18e-22	0.00e+00
 1.08231e+18	1.00e+00	1.17e-22	0.00e+00
 1.08272e+18	1.00e+00	1.17e-22	0.00e+00
 1.08310e+18	1.00e+00	1.16e-22	0.00e+00
 1.08347e+18	1.00e+00	1.16e-22	0.00e+00
 1.08382e+18	1.00e+00	1.16e-22	0.00e+00
 1.08416e+18	1.00e+00	1.16e-22	0.00e+00
 1.08449e+18	1.00e+00	1.16e-22	0.00e+00
 1.08480e+18	1.00e+00	1.16e-22	0.00e+00
 1.08511e+18	1.00e+00	1.16e-22	0.00e+00
 1.08540e+18	1.00e+00	1.16e-22	0.00e+00
 1.08569e+18	1.00e+00	1.16e-22	0.00e+00
 1.08596e+18	1.00e+00	1.16e-22	0.00e+00
 1.08622e+18	1.00e+00	1.16e-22	0.00e+00
 1.08648e+18	1.00e+00	1.16e-22	0.00e+00
 1.08673e+18	1.00e+00	1.16e-22	0.00e+00
 1.08697e+18	1.00e+00	1.16e-22	0.00e+00
 1.08720e+18	1.00e+00	1.16e-22	0.00e+00
 1.08743e+18	1.00e+00	1.17e-22	0.00e+00
 1.08765e+18	1.00e+00	1.17e-22	0.00e+00
 1.08787e+18	1.00e+00	1.17e-22	0.00e+00
 1.08808e+18	1.00e+00	1.17e-22	0.00e+00
 1.08828e+18	1.00e+00	1.17e-22	0.00e+00
 1.08848e+18	1.00e+00	1.17e-22	0.00e+00
 1.08867e+18	1.00e+00	1.17e-22	0.00e+00
 1.08886e+18	1.00e+00	1.17e-22	0.00e+00
 1.08904e+18	1.00e+00	1.17e-22	0.00e+00
 1.08926e+18	1.00e+00	1.17e-22	0.00e+00
 1.08953e+18	1.00e+00	1.16e-22	0.00e+00
 1.08989e+18	1.00e+00	1.14e-22	0.00e+00
 1.09035e+18	1.00e+00	1.11e-22	0.00e+00
 1.09095e+18	1.00e+00	1.09e-22	0.00e+00
 1.09173e+18	1.00e+00	1.07e-22	0.00e+00
 1.09258e+18	1.00e+00	1.06e-22	0.00e+00
 1.09332e+18	1.00e+00	1.05e-22	0.00e+00
 1.09393e+18	1.00e+00	1.04e-22	0.00e+00
 1.09449e+18	1.00e+00	1.04e-22	0.00e+00
 1.09505e+18	1.00e+00	1.04e-22	0.00e+00
 1.09562e+18	1.00e+00	1.03e-22	0.00e+00
 1.09619e+18	1.00e+00	1.02e-22	0.00e+00
 1.09675e+18	1.00e+00	1.02e-22	0.00e+00
 1.09731e+18	1.00e+00	1.01e-22	0.00e+00
 1.09787e+18	1.00e+00	1.01e-22	0.00e+00
 1.09844e+18	1.00e+00	1.00e-22	0.00e+00
 1.09902e+18	1.00e+00	9.97e-23	0.00e+00
 1.09962e+18	1.00e+00	9.92e-23	0.00e+00
 1.10023e+18	1.00e+00	9.87e-23	0.00e+00
 1.10087e+18	1.00e+00	9.81e-23	0.00e+00
