#depth	N	N+	N+2	N+3	N+4	N+5	N+6	N+7
 1.49634e+10	0.00e+00	0.00e+00	1.56e-31	9.46e-22	9.72e-13	4.21e-03	7.40e-01	2.56e-01
 4.54887e+10	0.00e+00	1.15e-41	2.20e-31	1.23e-21	1.17e-12	4.68e-03	7.54e-01	2.41e-01
 7.72350e+10	0.00e+00	0.00e+00	3.09e-31	1.60e-21	1.40e-12	5.20e-03	7.68e-01	2.27e-01
 1.10251e+11	0.00e+00	2.67e-41	4.34e-31	2.07e-21	1.68e-12	5.76e-03	7.81e-01	2.13e-01
 1.43093e+11	0.00e+00	0.00e+00	6.00e-31	2.66e-21	2.00e-12	6.35e-03	7.93e-01	2.01e-01
 1.77248e+11	0.00e+00	5.93e-41	8.29e-31	3.41e-21	2.38e-12	7.00e-03	8.04e-01	1.89e-01
 2.12424e+11	0.00e+00	0.00e+00	1.14e-30	4.35e-21	2.82e-12	7.70e-03	8.15e-01	1.77e-01
 2.45675e+11	0.00e+00	1.26e-40	1.53e-30	5.44e-21	3.29e-12	8.40e-03	8.24e-01	1.68e-01
 2.82097e+11	0.00e+00	0.00e+00	2.08e-30	6.89e-21	3.88e-12	9.19e-03	8.33e-01	1.58e-01
 3.22297e+11	0.00e+00	2.77e-40	2.89e-30	8.84e-21	4.61e-12	1.01e-02	8.42e-01	1.47e-01
 3.60999e+11	0.00e+00	0.00e+00	3.91e-30	1.11e-20	5.40e-12	1.10e-02	8.50e-01	1.39e-01
 4.02259e+11	0.00e+00	5.91e-40	5.33e-30	1.41e-20	6.36e-12	1.21e-02	8.58e-01	1.30e-01
 4.43251e+11	0.00e+00	0.00e+00	7.18e-30	1.77e-20	7.44e-12	1.32e-02	8.65e-01	1.22e-01
 4.77760e+11	0.00e+00	1.15e-39	9.14e-30	2.13e-20	8.44e-12	1.41e-02	8.70e-01	1.16e-01
 5.14729e+11	0.00e+00	0.00e+00	1.18e-29	2.58e-20	9.62e-12	1.51e-02	8.75e-01	1.10e-01
 5.61301e+11	0.00e+00	2.30e-39	1.60e-29	3.25e-20	1.13e-11	1.65e-02	8.81e-01	1.03e-01
 6.10016e+11	0.00e+00	0.00e+00	2.18e-29	4.11e-20	1.33e-11	1.80e-02	8.86e-01	9.60e-02
 6.53978e+11	0.00e+00	4.71e-39	2.85e-29	5.04e-20	1.52e-11	1.94e-02	8.90e-01	9.04e-02
 7.02099e+11	0.00e+00	0.00e+00	3.78e-29	6.26e-20	1.77e-11	2.10e-02	8.94e-01	8.48e-02
 7.58847e+11	0.00e+00	1.00e-38	5.23e-29	8.00e-20	2.09e-11	2.30e-02	8.98e-01	7.88e-02
 8.15742e+11	0.00e+00	0.00e+00	7.14e-29	1.01e-19	2.45e-11	2.50e-02	9.02e-01	7.34e-02
 8.70153e+11	0.00e+00	2.11e-38	9.53e-29	1.26e-19	2.84e-11	2.71e-02	9.04e-01	6.86e-02
 9.30126e+11	0.00e+00	0.00e+00	1.29e-28	1.59e-19	3.33e-11	2.94e-02	9.07e-01	6.39e-02
 9.97258e+11	0.00e+00	4.66e-38	1.80e-28	2.04e-19	3.94e-11	3.21e-02	9.09e-01	5.91e-02
 1.06707e+12	0.00e+00	0.00e+00	2.50e-28	2.61e-19	4.66e-11	3.51e-02	9.10e-01	5.46e-02
 1.13044e+12	0.00e+00	1.01e-37	3.35e-28	3.25e-19	5.41e-11	3.79e-02	9.11e-01	5.09e-02
 1.18305e+12	0.00e+00	0.00e+00	4.22e-28	3.87e-19	6.08e-11	4.03e-02	9.12e-01	4.82e-02
 1.24016e+12	0.00e+00	1.83e-37	5.40e-28	4.66e-19	6.89e-11	4.30e-02	9.12e-01	4.53e-02
 1.31286e+12	0.00e+00	0.00e+00	7.32e-28	5.86e-19	8.04e-11	4.65e-02	9.11e-01	4.21e-02
 1.38848e+12	0.00e+00	3.90e-37	9.93e-28	7.37e-19	9.38e-11	5.04e-02	9.11e-01	3.90e-02
 1.45398e+12	0.00e+00	0.00e+00	1.28e-27	8.93e-19	1.07e-10	5.38e-02	9.10e-01	3.66e-02
 1.52368e+12	0.00e+00	7.50e-37	1.68e-27	1.09e-18	1.22e-10	5.76e-02	9.08e-01	3.42e-02
 1.60929e+12	0.00e+00	0.00e+00	2.30e-27	1.38e-18	1.43e-10	6.24e-02	9.06e-01	3.15e-02
 1.69567e+12	0.00e+00	1.63e-36	3.13e-27	1.74e-18	1.67e-10	6.75e-02	9.03e-01	2.91e-02
 1.77223e+12	1.66e-46	2.27e-36	4.08e-27	2.13e-18	1.91e-10	7.21e-02	9.01e-01	2.72e-02
 1.85600e+12	0.00e+00	0.00e+00	5.43e-27	2.63e-18	2.20e-10	7.74e-02	8.97e-01	2.52e-02
 1.95637e+12	0.00e+00	4.91e-36	7.55e-27	3.37e-18	2.59e-10	8.39e-02	8.93e-01	2.31e-02
 2.05596e+12	6.71e-46	7.29e-36	1.04e-26	4.27e-18	3.03e-10	9.07e-02	8.88e-01	2.12e-02
 2.14431e+12	0.00e+00	0.00e+00	1.36e-26	5.22e-18	3.46e-10	9.68e-02	8.83e-01	1.97e-02
 2.24041e+12	0.00e+00	1.47e-35	1.81e-26	6.49e-18	3.99e-10	1.04e-01	8.78e-01	1.82e-02
 2.35558e+12	2.59e-45	2.24e-35	2.54e-26	8.34e-18	4.72e-10	1.13e-01	8.71e-01	1.66e-02
 2.47052e+12	0.00e+00	0.00e+00	3.53e-26	1.06e-17	5.54e-10	1.22e-01	8.63e-01	1.51e-02
 2.57540e+12	0.00e+00	4.85e-35	4.71e-26	1.32e-17	6.38e-10	1.30e-01	8.56e-01	1.39e-02
 2.69223e+12	1.05e-44	7.19e-35	6.45e-26	1.67e-17	7.44e-10	1.40e-01	8.47e-01	1.27e-02
 2.82840e+12	0.00e+00	0.00e+00	9.20e-26	2.17e-17	8.85e-10	1.52e-01	8.37e-01	1.15e-02
 2.96253e+12	0.00e+00	1.71e-34	1.29e-25	2.79e-17	1.04e-09	1.64e-01	8.26e-01	1.04e-02
 3.08938e+12	4.75e-44	2.52e-34	1.76e-25	3.51e-17	1.21e-09	1.76e-01	8.15e-01	9.45e-03
 3.23024e+12	0.00e+00	3.82e-34	2.45e-25	4.50e-17	1.42e-09	1.89e-01	8.02e-01	8.54e-03
 3.36946e+12	1.27e-43	5.68e-34	3.36e-25	5.69e-17	1.66e-09	2.03e-01	7.90e-01	7.73e-03
 3.48238e+12	0.00e+00	7.76e-34	4.32e-25	6.85e-17	1.87e-09	2.14e-01	7.79e-01	7.14e-03
 3.60133e+12	2.71e-43	1.07e-33	5.57e-25	8.28e-17	2.11e-09	2.26e-01	7.68e-01	6.57e-03
 3.75595e+12	0.00e+00	1.60e-33	7.68e-25	1.05e-16	2.46e-09	2.42e-01	7.52e-01	5.91e-03
 3.92112e+12	7.24e-43	2.41e-33	1.07e-24	1.34e-16	2.89e-09	2.59e-01	7.36e-01	5.30e-03
 4.05854e+12	0.00e+00	3.36e-33	1.39e-24	1.63e-16	3.27e-09	2.73e-01	7.22e-01	4.84e-03
 4.17671e+12	1.50e-42	4.42e-33	1.73e-24	1.92e-16	3.63e-09	2.85e-01	7.10e-01	4.48e-03
 4.31136e+12	0.00e+00	5.99e-33	2.21e-24	2.29e-16	4.07e-09	2.99e-01	6.97e-01	4.11e-03
 4.48640e+12	3.44e-42	8.78e-33	2.99e-24	2.87e-16	4.70e-09	3.18e-01	6.79e-01	3.69e-03
 4.66852e+12	0.00e+00	1.28e-32	4.05e-24	3.60e-16	5.42e-09	3.37e-01	6.60e-01	3.30e-03
 4.82183e+12	7.92e-42	1.75e-32	5.18e-24	4.31e-16	6.08e-09	3.52e-01	6.45e-01	3.01e-03
 4.98314e+12	0.00e+00	2.39e-32	6.65e-24	5.18e-16	6.83e-09	3.69e-01	6.29e-01	2.73e-03
 5.19076e+12	1.85e-41	3.52e-32	9.05e-24	6.50e-16	7.88e-09	3.90e-01	6.08e-01	2.42e-03
 5.40447e+12	0.00e+00	5.15e-32	1.23e-23	8.12e-16	9.06e-09	4.11e-01	5.87e-01	2.15e-03
 5.58462e+12	4.25e-41	7.01e-32	1.57e-23	9.72e-16	1.01e-08	4.28e-01	5.70e-01	1.94e-03
 5.77525e+12	0.00e+00	9.59e-32	2.01e-23	1.17e-15	1.14e-08	4.46e-01	5.52e-01	1.75e-03
 6.01562e+12	9.83e-41	1.40e-31	2.72e-23	1.46e-15	1.30e-08	4.68e-01	5.30e-01	1.54e-03
 6.26372e+12	0.00e+00	2.04e-31	3.66e-23	1.81e-15	1.49e-08	4.90e-01	5.08e-01	1.35e-03
 6.48210e+12	2.27e-40	2.79e-31	4.70e-23	2.17e-15	1.67e-08	5.09e-01	4.90e-01	1.21e-03
 6.71881e+12	0.00e+00	3.88e-31	6.09e-23	2.63e-15	1.87e-08	5.29e-01	4.70e-01	1.07e-03
 6.97614e+12	5.12e-40	5.47e-31	8.00e-23	3.20e-15	2.11e-08	5.49e-01	4.50e-01	9.47e-04
 7.20855e+12	0.00e+00	7.36e-31	1.01e-22	3.80e-15	2.34e-08	5.67e-01	4.32e-01	8.47e-04
 7.45894e+12	1.07e-39	1.00e-30	1.29e-22	4.54e-15	2.61e-08	5.85e-01	4.14e-01	7.53e-04
 7.74046e+12	0.00e+00	1.40e-30	1.68e-22	5.50e-15	2.92e-08	6.05e-01	3.94e-01	6.61e-04
 7.99862e+12	2.28e-39	1.87e-30	2.12e-22	6.50e-15	3.23e-08	6.22e-01	3.77e-01	5.89e-04
 8.21627e+12	0.00e+00	2.38e-30	2.56e-22	7.46e-15	3.50e-08	6.36e-01	3.63e-01	5.35e-04
 8.44515e+12	4.10e-39	3.04e-30	3.10e-22	8.57e-15	3.81e-08	6.50e-01	3.49e-01	4.84e-04
 8.74269e+12	0.00e+00	4.12e-30	3.95e-22	1.02e-14	4.22e-08	6.67e-01	3.32e-01	4.26e-04
 9.05042e+12	8.61e-39	5.59e-30	5.03e-22	1.21e-14	4.67e-08	6.84e-01	3.15e-01	3.75e-04
 9.30757e+12	0.00e+00	7.15e-30	6.10e-22	1.40e-14	5.07e-08	6.98e-01	3.02e-01	3.37e-04
 9.57804e+12	1.57e-38	9.17e-30	7.43e-22	1.61e-14	5.51e-08	7.11e-01	2.89e-01	3.03e-04
 9.92965e+12	0.00e+00	1.25e-29	9.51e-22	1.92e-14	6.11e-08	7.27e-01	2.72e-01	2.64e-04
 1.02976e+13	3.37e-38	1.72e-29	1.22e-21	2.30e-14	6.78e-08	7.43e-01	2.56e-01	2.29e-04
 1.06119e+13	0.00e+00	2.23e-29	1.50e-21	2.67e-14	7.38e-08	7.56e-01	2.44e-01	2.03e-04
 1.09457e+13	6.38e-38	2.90e-29	1.84e-21	3.10e-14	8.05e-08	7.69e-01	2.31e-01	1.80e-04
 1.13720e+13	0.00e+00	4.03e-29	2.39e-21	3.74e-14	8.96e-08	7.84e-01	2.16e-01	1.54e-04
 1.18157e+13	1.41e-37	5.58e-29	3.09e-21	4.50e-14	9.96e-08	7.98e-01	2.01e-01	1.32e-04
 1.22037e+13	0.00e+00	7.33e-29	3.83e-21	5.26e-14	1.09e-07	8.10e-01	1.90e-01	1.15e-04
 1.26221e+13	2.77e-37	9.73e-29	4.80e-21	6.18e-14	1.19e-07	8.22e-01	1.78e-01	1.00e-04
 1.31308e+13	0.00e+00	1.36e-28	6.24e-21	7.48e-14	1.33e-07	8.35e-01	1.65e-01	8.48e-05
 1.36517e+13	6.11e-37	1.87e-28	8.07e-21	9.01e-14	1.48e-07	8.47e-01	1.53e-01	7.17e-05
 1.41367e+13	0.00e+00	2.50e-28	1.02e-20	1.06e-13	1.62e-07	8.57e-01	1.43e-01	6.17e-05
 1.46018e+13	1.20e-36	3.27e-28	1.26e-20	1.24e-13	1.77e-07	8.66e-01	1.34e-01	5.35e-05
 1.51288e+13	0.00e+00	4.37e-28	1.58e-20	1.47e-13	1.95e-07	8.76e-01	1.24e-01	4.58e-05
 1.57139e+13	2.46e-36	5.95e-28	2.03e-20	1.76e-13	2.16e-07	8.85e-01	1.15e-01	3.86e-05
 1.62588e+13	0.00e+00	7.83e-28	2.53e-20	2.07e-13	2.36e-07	8.93e-01	1.07e-01	3.31e-05
 1.67103e+13	4.44e-36	9.75e-28	3.01e-20	2.36e-13	2.54e-07	8.99e-01	1.01e-01	2.92e-05
 1.70918e+13	0.00e+00	1.17e-27	3.48e-20	2.62e-13	2.70e-07	9.04e-01	9.58e-02	2.64e-05
 1.75232e+13	6.98e-36	1.42e-27	4.08e-20	2.94e-13	2.88e-07	9.09e-01	9.08e-02	2.35e-05
 1.80840e+13	0.00e+00	1.82e-27	4.98e-20	3.41e-13	3.14e-07	9.15e-01	8.47e-02	2.04e-05
 1.86722e+13	1.26e-35	2.34e-27	6.10e-20	3.97e-13	3.42e-07	9.21e-01	7.88e-02	1.75e-05
 1.91721e+13	0.00e+00	2.87e-27	7.20e-20	4.49e-13	3.66e-07	9.26e-01	7.43e-02	1.55e-05
 1.96980e+13	2.07e-35	3.53e-27	8.52e-20	5.08e-13	3.93e-07	9.30e-01	6.99e-02	1.37e-05
 2.03817e+13	0.00e+00	4.58e-27	1.05e-19	5.95e-13	4.29e-07	9.35e-01	6.47e-02	1.16e-05
 2.10897e+13	3.82e-35	5.93e-27	1.30e-19	6.96e-13	4.70e-07	9.40e-01	5.98e-02	9.90e-06
 2.16810e+13	0.00e+00	7.30e-27	1.54e-19	7.90e-13	5.05e-07	9.44e-01	5.62e-02	8.70e-06
 2.23012e+13	6.30e-35	9.01e-27	1.83e-19	8.96e-13	5.42e-07	9.47e-01	5.27e-02	7.63e-06
 2.31074e+13	0.00e+00	1.17e-26	2.26e-19	1.05e-12	5.93e-07	9.51e-01	4.86e-02	6.46e-06
 2.39614e+13	1.18e-34	1.53e-26	2.81e-19	1.24e-12	6.50e-07	9.55e-01	4.47e-02	5.45e-06
 2.47060e+13	0.00e+00	1.92e-26	3.38e-19	1.42e-12	7.02e-07	9.58e-01	4.17e-02	4.73e-06
 2.55026e+13	2.05e-34	2.42e-26	4.08e-19	1.63e-12	7.58e-07	9.61e-01	3.89e-02	4.10e-06
 2.64869e+13	2.85e-34	3.20e-26	5.10e-19	1.92e-12	8.31e-07	9.64e-01	3.57e-02	3.45e-06
 2.74840e+13	3.94e-34	4.19e-26	6.34e-19	2.25e-12	9.09e-07	9.67e-01	3.29e-02	2.91e-06
 2.82996e+13	5.10e-34	5.19e-26	7.53e-19	2.55e-12	9.74e-07	9.69e-01	3.08e-02	2.56e-06
 2.91106e+13	6.55e-34	6.39e-26	8.88e-19	2.87e-12	1.04e-06	9.71e-01	2.90e-02	2.26e-06
 3.01649e+13	9.00e-34	8.31e-26	1.09e-18	3.34e-12	1.13e-06	9.73e-01	2.68e-02	1.93e-06
 3.12708e+13	1.24e-33	1.08e-25	1.35e-18	3.89e-12	1.23e-06	9.75e-01	2.48e-02	1.64e-06
 3.22178e+13	1.62e-33	1.35e-25	1.61e-18	4.40e-12	1.31e-06	9.77e-01	2.33e-02	1.45e-06
 3.30826e+13	2.06e-33	1.64e-25	1.88e-18	4.91e-12	1.39e-06	9.78e-01	2.20e-02	1.29e-06
 3.40667e+13	2.68e-33	2.04e-25	2.23e-18	5.54e-12	1.49e-06	9.79e-01	2.07e-02	1.14e-06
 3.53303e+13	3.72e-33	2.68e-25	2.75e-18	6.45e-12	1.61e-06	9.81e-01	1.91e-02	9.72e-07
 3.66206e+13	5.18e-33	3.51e-25	3.40e-18	7.46e-12	1.74e-06	9.82e-01	1.77e-02	0.00e+00
 3.77153e+13	6.77e-33	4.37e-25	4.03e-18	8.43e-12	1.86e-06	9.83e-01	1.67e-02	0.00e+00
 3.88926e+13	8.99e-33	5.50e-25	4.83e-18	9.55e-12	1.99e-06	9.84e-01	1.56e-02	0.00e+00
 4.03641e+13	1.27e-32	7.30e-25	6.00e-18	1.11e-11	2.15e-06	9.86e-01	1.45e-02	0.00e+00
 4.18940e+13	1.78e-32	9.63e-25	7.45e-18	1.29e-11	2.33e-06	9.87e-01	1.34e-02	0.00e+00
 4.32670e+13	2.41e-32	1.23e-24	9.00e-18	1.47e-11	2.50e-06	9.87e-01	1.25e-02	0.00e+00
 4.47603e+13	3.32e-32	1.59e-24	1.10e-17	1.69e-11	2.68e-06	9.88e-01	1.17e-02	0.00e+00
 4.65314e+13	4.79e-32	2.15e-24	1.38e-17	1.97e-11	2.91e-06	9.89e-01	1.08e-02	0.00e+00
 4.82893e+13	6.73e-32	2.83e-24	1.71e-17	2.30e-11	3.15e-06	9.90e-01	9.99e-03	0.00e+00
 4.99050e+13	9.21e-32	3.65e-24	2.08e-17	2.62e-11	3.37e-06	9.91e-01	9.35e-03	0.00e+00
 5.14599e+13	1.23e-31	4.62e-24	2.49e-17	2.97e-11	3.60e-06	9.91e-01	8.78e-03	0.00e+00
 5.32310e+13	1.69e-31	5.98e-24	3.04e-17	3.40e-11	3.86e-06	9.92e-01	8.19e-03	0.00e+00
 5.52041e+13	2.38e-31	7.90e-24	3.76e-17	3.94e-11	4.17e-06	9.92e-01	7.60e-03	0.00e+00
 5.70543e+13	3.27e-31	1.02e-23	4.57e-17	4.49e-11	4.46e-06	9.93e-01	7.11e-03	0.00e+00
 5.87270e+13	4.27e-31	1.27e-23	5.41e-17	5.05e-11	4.74e-06	9.93e-01	6.69e-03	0.00e+00
 6.02450e+13	5.44e-31	1.54e-23	6.28e-17	5.59e-11	5.00e-06	9.94e-01	6.35e-03	0.00e+00
 6.19094e+13	7.07e-31	1.90e-23	7.38e-17	6.24e-11	5.29e-06	9.94e-01	6.01e-03	0.00e+00
 6.40730e+13	9.72e-31	2.47e-23	9.03e-17	7.17e-11	5.69e-06	9.94e-01	5.59e-03	0.00e+00
 6.62517e+13	1.33e-30	3.19e-23	1.10e-16	8.20e-11	6.10e-06	9.95e-01	5.22e-03	0.00e+00
 6.79929e+13	1.70e-30	3.89e-23	1.28e-16	9.11e-11	6.44e-06	9.95e-01	4.95e-03	0.00e+00
 6.97993e+13	2.18e-30	4.75e-23	1.49e-16	1.01e-10	6.80e-06	9.95e-01	4.69e-03	0.00e+00
 7.21477e+13	2.96e-30	6.10e-23	1.81e-16	1.16e-10	7.29e-06	9.96e-01	4.38e-03	0.00e+00
 7.46228e+13	4.05e-30	7.88e-23	2.21e-16	1.33e-10	7.83e-06	9.96e-01	4.08e-03	0.00e+00
 7.67573e+13	5.29e-30	9.78e-23	2.61e-16	1.48e-10	8.30e-06	9.96e-01	3.85e-03	0.00e+00
 7.90269e+13	6.98e-30	1.22e-22	3.10e-16	1.67e-10	8.82e-06	9.96e-01	3.60e-03	0.00e+00
 8.19309e+13	9.72e-30	1.60e-22	3.83e-16	1.93e-10	9.53e-06	9.97e-01	3.34e-03	0.00e+00
 8.49156e+13	1.35e-29	2.10e-22	4.72e-16	2.23e-10	1.03e-05	9.97e-01	3.10e-03	0.00e+00
 8.74602e+13	1.78e-29	2.63e-22	5.61e-16	2.52e-10	1.09e-05	9.97e-01	2.91e-03	0.00e+00
 9.01769e+13	2.37e-29	3.31e-22	6.71e-16	2.85e-10	1.17e-05	9.97e-01	2.73e-03	0.00e+00
 9.35617e+13	3.32e-29	4.37e-22	8.33e-16	3.30e-10	1.26e-05	9.97e-01	2.53e-03	0.00e+00
 9.70066e+13	4.66e-29	5.76e-22	1.03e-15	3.82e-10	1.36e-05	9.98e-01	2.34e-03	0.00e+00
 1.00029e+14	6.18e-29	7.26e-22	1.23e-15	4.33e-10	1.45e-05	9.98e-01	2.20e-03	0.00e+00
 1.03311e+14	8.32e-29	9.25e-22	1.49e-15	4.93e-10	1.56e-05	9.98e-01	2.05e-03	0.00e+00
 1.07285e+14	1.17e-28	1.23e-21	1.86e-15	5.75e-10	1.69e-05	9.98e-01	1.90e-03	0.00e+00
 1.11246e+14	1.65e-28	1.62e-21	2.30e-15	6.65e-10	1.82e-05	9.98e-01	1.76e-03	0.00e+00
 1.14795e+14	2.20e-28	2.05e-21	2.76e-15	7.55e-10	1.95e-05	9.98e-01	1.64e-03	0.00e+00
 1.18722e+14	2.99e-28	2.63e-21	3.37e-15	8.65e-10	2.09e-05	9.98e-01	1.53e-03	0.00e+00
 1.23375e+14	4.22e-28	3.50e-21	4.21e-15	1.01e-09	2.27e-05	9.99e-01	1.41e-03	0.00e+00
 1.27974e+14	5.92e-28	4.61e-21	5.22e-15	1.17e-09	2.45e-05	9.99e-01	1.31e-03	0.00e+00
 1.32225e+14	8.01e-28	5.91e-21	6.33e-15	1.34e-09	2.62e-05	9.99e-01	1.22e-03	0.00e+00
 1.37012e+14	1.12e-27	7.76e-21	7.81e-15	1.54e-09	2.83e-05	9.99e-01	1.13e-03	0.00e+00
 1.41991e+14	1.54e-27	1.01e-20	9.61e-15	1.78e-09	3.05e-05	9.99e-01	1.05e-03	0.00e+00
 1.45866e+14	1.98e-27	1.24e-20	1.13e-14	1.98e-09	3.22e-05	9.99e-01	9.95e-04	0.00e+00
 1.49044e+14	2.42e-27	1.46e-20	1.28e-14	2.16e-09	3.37e-05	9.99e-01	9.51e-04	0.00e+00
 1.52684e+14	3.03e-27	1.75e-20	1.48e-14	2.38e-09	3.54e-05	9.99e-01	9.05e-04	0.00e+00
 1.57414e+14	4.01e-27	2.20e-20	1.77e-14	2.69e-09	3.78e-05	9.99e-01	8.49e-04	0.00e+00
 1.62464e+14	5.45e-27	2.82e-20	2.13e-14	3.06e-09	4.03e-05	9.99e-01	7.97e-04	0.00e+00
 1.66939e+14	6.93e-27	3.45e-20	2.50e-14	3.41e-09	4.27e-05	9.99e-01	7.52e-04	0.00e+00
 1.71770e+14	9.07e-27	4.29e-20	2.96e-14	3.82e-09	4.52e-05	9.99e-01	7.10e-04	0.00e+00
 1.78005e+14	1.28e-26	5.68e-20	3.66e-14	4.41e-09	4.86e-05	9.99e-01	6.60e-04	0.00e+00
 1.84365e+14	1.76e-26	7.37e-20	4.50e-14	5.07e-09	5.23e-05	9.99e-01	6.14e-04	0.00e+00
 1.89605e+14	2.30e-26	9.16e-20	5.31e-14	5.68e-09	5.53e-05	9.99e-01	5.80e-04	0.00e+00
 1.95092e+14	3.05e-26	1.15e-19	6.30e-14	6.36e-09	5.86e-05	9.99e-01	5.48e-04	0.00e+00
 2.02172e+14	4.28e-26	1.51e-19	7.78e-14	7.33e-09	6.30e-05	9.99e-01	5.10e-04	0.00e+00
 2.09700e+14	5.98e-26	1.99e-19	9.67e-14	8.49e-09	6.78e-05	9.99e-01	4.73e-04	0.00e+00
 2.16371e+14	8.09e-26	2.54e-19	1.17e-13	9.62e-09	7.22e-05	9.99e-01	4.45e-04	0.00e+00
 2.23553e+14	1.12e-25	3.29e-19	1.42e-13	1.10e-08	7.71e-05	1.00e+00	4.17e-04	0.00e+00
 2.32179e+14	1.58e-25	4.38e-19	1.78e-13	1.27e-08	8.32e-05	1.00e+00	3.86e-04	0.00e+00
 2.40757e+14	2.25e-25	5.82e-19	2.21e-13	1.47e-08	8.94e-05	1.00e+00	3.59e-04	0.00e+00
 2.48558e+14	3.08e-25	7.50e-19	2.67e-13	1.67e-08	9.52e-05	1.00e+00	3.37e-04	0.00e+00
 2.57278e+14	4.30e-25	9.81e-19	3.28e-13	1.92e-08	1.02e-04	1.00e+00	3.15e-04	0.00e+00
 2.67465e+14	6.26e-25	1.33e-18	4.15e-13	2.24e-08	1.10e-04	1.00e+00	2.91e-04	0.00e+00
 2.77535e+14	8.93e-25	1.77e-18	5.18e-13	2.59e-08	1.18e-04	1.00e+00	2.71e-04	0.00e+00
 2.87064e+14	1.23e-24	2.31e-18	6.34e-13	2.96e-08	1.27e-04	1.00e+00	2.53e-04	0.00e+00
 2.97632e+14	1.75e-24	3.06e-18	7.87e-13	3.42e-08	1.36e-04	1.00e+00	2.36e-04	0.00e+00
 3.07682e+14	2.40e-24	3.96e-18	9.61e-13	3.91e-08	1.45e-04	1.00e+00	2.21e-04	0.00e+00
 3.15239e+14	3.03e-24	4.79e-18	1.11e-12	4.30e-08	1.52e-04	1.00e+00	2.11e-04	0.00e+00
 3.22965e+14	3.82e-24	5.78e-18	1.29e-12	4.74e-08	1.60e-04	1.00e+00	2.01e-04	0.00e+00
 3.33008e+14	5.14e-24	7.35e-18	1.55e-12	5.35e-08	1.69e-04	1.00e+00	1.89e-04	0.00e+00
 3.43858e+14	6.98e-24	9.43e-18	1.87e-12	6.08e-08	1.80e-04	1.00e+00	1.77e-04	0.00e+00
 3.53570e+14	9.10e-24	1.17e-17	2.22e-12	6.79e-08	1.91e-04	1.00e+00	1.68e-04	0.00e+00
 3.64010e+14	1.18e-23	1.46e-17	2.64e-12	7.62e-08	2.02e-04	1.00e+00	1.58e-04	0.00e+00
 3.77324e+14	1.68e-23	1.93e-17	3.27e-12	8.79e-08	2.17e-04	1.00e+00	1.48e-04	0.00e+00
 3.90821e+14	2.36e-23	2.54e-17	4.04e-12	1.01e-07	2.32e-04	1.00e+00	1.38e-04	0.00e+00
 4.02107e+14	3.03e-23	3.14e-17	4.79e-12	1.13e-07	2.46e-04	1.00e+00	1.30e-04	0.00e+00
 4.14073e+14	4.02e-23	3.94e-17	5.72e-12	1.27e-07	2.60e-04	1.00e+00	1.23e-04	0.00e+00
 4.29268e+14	5.70e-23	5.23e-17	7.09e-12	1.47e-07	2.80e-04	1.00e+00	1.14e-04	0.00e+00
 4.45084e+14	7.99e-23	6.89e-17	8.81e-12	1.70e-07	3.01e-04	1.00e+00	1.06e-04	0.00e+00
 4.58900e+14	1.04e-22	8.62e-17	1.06e-11	1.92e-07	3.20e-04	1.00e+00	1.00e-04	0.00e+00
 4.73693e+14	1.42e-22	1.11e-16	1.28e-11	2.18e-07	3.40e-04	1.00e+00	9.39e-05	0.00e+00
 4.91710e+14	1.96e-22	1.45e-16	1.60e-11	2.53e-07	3.67e-04	1.00e+00	8.70e-05	0.00e+00
 5.09626e+14	2.79e-22	1.93e-16	1.98e-11	2.91e-07	3.94e-04	1.00e+00	8.10e-05	0.00e+00
 5.25358e+14	3.61e-22	2.40e-16	2.37e-11	3.29e-07	4.19e-04	1.00e+00	7.61e-05	0.00e+00
 5.42543e+14	4.86e-22	3.06e-16	2.87e-11	3.75e-07	4.48e-04	9.99e-01	7.13e-05	0.00e+00
 5.63317e+14	6.83e-22	4.06e-16	3.59e-11	4.35e-07	4.83e-04	9.99e-01	6.61e-05	0.00e+00
 5.84049e+14	9.54e-22	5.34e-16	4.46e-11	5.03e-07	5.19e-04	9.99e-01	6.14e-05	0.00e+00
 6.02629e+14	1.25e-21	6.70e-16	5.37e-11	5.71e-07	5.54e-04	9.99e-01	5.75e-05	0.00e+00
 6.23119e+14	1.70e-21	8.63e-16	6.55e-11	6.52e-07	5.93e-04	9.99e-01	5.38e-05	0.00e+00
 6.47409e+14	2.36e-21	1.14e-15	8.22e-11	7.61e-07	6.41e-04	9.99e-01	4.97e-05	0.00e+00
 6.71259e+14	3.28e-21	1.49e-15	1.02e-10	8.79e-07	6.90e-04	9.99e-01	4.61e-05	0.00e+00
 6.93010e+14	4.28e-21	1.87e-15	1.23e-10	1.00e-06	7.38e-04	9.99e-01	4.31e-05	0.00e+00
 7.14089e+14	5.59e-21	2.34e-15	1.47e-10	1.13e-06	7.85e-04	9.99e-01	4.06e-05	0.00e+00
 7.38169e+14	7.53e-21	3.00e-15	1.79e-10	1.29e-06	8.40e-04	9.99e-01	3.79e-05	0.00e+00
 7.64404e+14	1.01e-20	3.85e-15	2.20e-10	1.48e-06	9.04e-04	9.99e-01	3.52e-05	0.00e+00
 7.86126e+14	1.30e-20	4.74e-15	2.60e-10	1.66e-06	9.57e-04	9.99e-01	3.32e-05	0.00e+00
 8.03813e+14	1.58e-20	5.58e-15	2.96e-10	1.81e-06	1.00e-03	9.99e-01	3.17e-05	0.00e+00
 8.23568e+14	1.95e-20	6.65e-15	3.42e-10	2.00e-06	1.05e-03	9.99e-01	3.01e-05	0.00e+00
 8.49251e+14	2.53e-20	8.30e-15	4.10e-10	2.26e-06	1.12e-03	9.99e-01	2.83e-05	0.00e+00
 8.76501e+14	3.34e-20	1.05e-14	4.94e-10	2.57e-06	1.20e-03	9.99e-01	2.65e-05	0.00e+00
 9.00273e+14	4.19e-20	1.27e-14	5.78e-10	2.86e-06	1.27e-03	9.99e-01	2.50e-05	0.00e+00
 9.25662e+14	5.35e-20	1.55e-14	6.82e-10	3.20e-06	1.35e-03	9.99e-01	2.36e-05	0.00e+00
 9.58667e+14	7.23e-20	2.00e-14	8.38e-10	3.68e-06	1.45e-03	9.99e-01	2.19e-05	0.00e+00
 9.92414e+14	9.72e-20	2.57e-14	1.03e-09	4.23e-06	1.56e-03	9.98e-01	2.04e-05	0.00e+00
 1.02014e+15	1.24e-19	3.15e-14	1.21e-09	4.73e-06	1.65e-03	9.98e-01	1.92e-05	0.00e+00
 1.04921e+15	1.57e-19	3.85e-14	1.43e-09	5.29e-06	1.75e-03	9.98e-01	1.81e-05	0.00e+00
 1.08696e+15	2.13e-19	4.97e-14	1.76e-09	6.10e-06	1.89e-03	9.98e-01	1.68e-05	0.00e+00
 1.12691e+15	2.90e-19	6.45e-14	2.17e-09	7.05e-06	2.03e-03	9.98e-01	1.56e-05	0.00e+00
 1.16203e+15	3.80e-19	8.07e-14	2.60e-09	7.98e-06	2.17e-03	9.98e-01	1.46e-05	0.00e+00
 1.19999e+15	5.01e-19	1.02e-13	3.14e-09	9.08e-06	2.32e-03	9.98e-01	1.36e-05	0.00e+00
 1.24589e+15	6.89e-19	1.33e-13	3.92e-09	1.06e-05	2.51e-03	9.97e-01	1.26e-05	0.00e+00
 1.29163e+15	9.43e-19	1.74e-13	4.85e-09	1.22e-05	2.71e-03	9.97e-01	1.16e-05	0.00e+00
 1.33248e+15	1.22e-18	2.16e-13	5.82e-09	1.38e-05	2.89e-03	9.97e-01	1.09e-05	0.00e+00
 1.37745e+15	1.63e-18	2.76e-13	7.07e-09	1.58e-05	3.11e-03	9.97e-01	1.01e-05	0.00e+00
 1.43093e+15	2.26e-18	3.63e-13	8.85e-09	1.84e-05	3.37e-03	9.97e-01	9.33e-06	0.00e+00
 1.48421e+15	3.05e-18	4.69e-13	1.10e-08	2.13e-05	3.64e-03	9.96e-01	8.63e-06	0.00e+00
 1.52606e+15	3.88e-18	5.73e-13	1.29e-08	2.39e-05	3.86e-03	9.96e-01	8.12e-06	0.00e+00
 1.55771e+15	4.68e-18	6.69e-13	1.46e-08	2.59e-05	4.04e-03	9.96e-01	7.76e-06	0.00e+00
 1.59220e+15	5.62e-18	7.82e-13	1.65e-08	2.83e-05	4.23e-03	9.96e-01	7.40e-06	0.00e+00
 1.63702e+15	7.09e-18	9.52e-13	1.95e-08	3.17e-05	4.49e-03	9.95e-01	6.96e-06	0.00e+00
 1.68590e+15	9.13e-18	1.18e-12	2.31e-08	3.56e-05	4.79e-03	9.95e-01	6.53e-06	0.00e+00
 1.73009e+15	1.12e-17	1.41e-12	2.69e-08	3.95e-05	5.06e-03	9.95e-01	6.17e-06	0.00e+00
 1.77757e+15	1.42e-17	1.71e-12	3.15e-08	4.41e-05	5.38e-03	9.95e-01	5.81e-06	0.00e+00
 1.83103e+15	1.80e-17	2.11e-12	3.75e-08	4.97e-05	5.72e-03	9.94e-01	5.44e-06	0.00e+00
 1.88202e+15	2.31e-17	2.58e-12	4.40e-08	5.55e-05	6.09e-03	9.94e-01	5.12e-06	0.00e+00
 1.93068e+15	2.85e-17	3.09e-12	5.11e-08	6.15e-05	6.43e-03	9.93e-01	4.83e-06	0.00e+00
 1.98655e+15	3.59e-17	3.77e-12	6.03e-08	6.90e-05	6.86e-03	9.93e-01	4.53e-06	0.00e+00
 2.04960e+15	4.59e-17	4.67e-12	7.24e-08	7.83e-05	7.34e-03	9.93e-01	4.23e-06	0.00e+00
 2.11008e+15	5.92e-17	5.78e-12	8.58e-08	8.80e-05	7.84e-03	9.92e-01	3.96e-06	0.00e+00
 2.17679e+15	7.54e-17	7.13e-12	1.03e-07	9.97e-05	8.39e-03	9.92e-01	3.69e-06	0.00e+00
 2.25120e+15	1.02e-16	9.15e-12	1.25e-07	1.14e-04	9.05e-03	9.91e-01	3.41e-06	0.00e+00
 2.32088e+15	1.28e-16	1.12e-11	1.50e-07	1.29e-04	9.68e-03	9.90e-01	3.19e-06	0.00e+00
 2.39669e+15	1.88e-16	1.41e-11	1.80e-07	1.47e-04	1.04e-02	9.89e-01	3.01e-06	0.00e+00
 2.48835e+15	2.58e-16	1.84e-11	2.25e-07	1.71e-04	1.13e-02	9.88e-01	2.83e-06	0.00e+00
 2.57866e+15	3.49e-16	2.37e-11	2.77e-07	1.97e-04	1.23e-02	9.88e-01	2.67e-06	0.00e+00
 2.65756e+15	4.47e-16	2.93e-11	3.30e-07	2.23e-04	1.32e-02	9.87e-01	2.54e-06	0.00e+00
 2.74357e+15	5.83e-16	3.67e-11	3.98e-07	2.53e-04	1.41e-02	9.86e-01	2.41e-06	0.00e+00
 2.84804e+15	7.84e-16	4.74e-11	4.96e-07	2.94e-04	1.54e-02	9.84e-01	2.27e-06	0.00e+00
 2.95321e+15	1.07e-15	6.16e-11	6.14e-07	3.40e-04	1.67e-02	9.83e-01	2.15e-06	0.00e+00
 3.03438e+15	1.31e-15	7.36e-11	7.20e-07	3.79e-04	1.78e-02	9.82e-01	2.07e-06	0.00e+00
 3.09533e+15	1.59e-15	8.59e-11	8.10e-07	4.10e-04	1.86e-02	9.81e-01	2.02e-06	0.00e+00
 3.16223e+15	1.89e-15	1.00e-10	9.19e-07	4.47e-04	1.95e-02	9.80e-01	1.96e-06	0.00e+00
 3.24920e+15	2.34e-15	1.20e-10	1.08e-06	4.98e-04	2.08e-02	9.79e-01	1.89e-06	0.00e+00
 3.34365e+15	2.92e-15	1.46e-10	1.28e-06	5.59e-04	2.22e-02	9.77e-01	1.82e-06	0.00e+00
 3.42878e+15	3.60e-15	1.75e-10	1.49e-06	6.18e-04	2.35e-02	9.76e-01	1.77e-06	0.00e+00
 3.52040e+15	4.68e-15	2.16e-10	1.74e-06	6.87e-04	2.49e-02	9.74e-01	1.73e-06	0.00e+00
 3.62351e+15	5.96e-15	2.65e-10	2.07e-06	7.72e-04	2.66e-02	9.73e-01	1.68e-06	0.00e+00
 3.72095e+15	7.22e-15	3.17e-10	2.42e-06	8.58e-04	2.82e-02	9.71e-01	1.63e-06	0.00e+00
 3.82701e+15	9.28e-15	3.90e-10	2.87e-06	9.60e-04	3.01e-02	9.69e-01	1.59e-06	0.00e+00
 3.94465e+15	1.22e-14	4.91e-10	3.44e-06	1.08e-03	3.23e-02	9.67e-01	1.56e-06	0.00e+00
 4.05408e+15	1.49e-14	5.90e-10	4.06e-06	1.21e-03	3.43e-02	9.65e-01	1.52e-06	0.00e+00
 4.17311e+15	1.97e-14	7.40e-10	4.84e-06	1.36e-03	3.66e-02	9.62e-01	1.50e-06	0.00e+00
 4.30700e+15	2.58e-14	9.33e-10	5.86e-06	1.54e-03	3.93e-02	9.59e-01	1.48e-06	0.00e+00
 4.43453e+15	3.21e-14	1.14e-09	6.98e-06	1.73e-03	4.19e-02	9.56e-01	1.45e-06	0.00e+00
 4.57463e+15	4.33e-14	1.45e-09	8.45e-06	1.96e-03	4.50e-02	9.53e-01	1.44e-06	0.00e+00
 4.73217e+15	5.82e-14	1.87e-09	1.04e-05	2.25e-03	4.85e-02	9.49e-01	1.42e-06	0.00e+00
 4.88273e+15	7.38e-14	2.32e-09	1.26e-05	2.54e-03	5.19e-02	9.46e-01	1.41e-06	0.00e+00
 5.04878e+15	1.03e-13	3.04e-09	1.54e-05	2.91e-03	5.59e-02	9.41e-01	1.41e-06	0.00e+00
 5.23254e+15	1.40e-13	3.98e-09	1.92e-05	3.36e-03	6.05e-02	9.36e-01	1.41e-06	0.00e+00
 5.40362e+15	1.80e-13	4.97e-09	2.34e-05	3.82e-03	6.48e-02	9.31e-01	1.40e-06	0.00e+00
 5.59033e+15	2.52e-13	6.56e-09	2.89e-05	4.38e-03	6.99e-02	9.26e-01	1.41e-06	0.00e+00
 5.77039e+15	3.22e-13	8.19e-09	3.51e-05	4.96e-03	7.47e-02	9.20e-01	1.41e-06	0.00e+00
 5.89966e+15	3.93e-13	9.71e-09	4.02e-05	5.42e-03	7.85e-02	9.16e-01	1.42e-06	0.00e+00
 6.02556e+15	4.92e-13	1.16e-08	4.59e-05	5.91e-03	8.22e-02	9.12e-01	1.43e-06	0.00e+00
 6.18923e+15	6.08e-13	1.40e-08	5.42e-05	6.57e-03	8.69e-02	9.06e-01	1.43e-06	0.00e+00
 6.36829e+15	8.00e-13	1.77e-08	6.48e-05	7.37e-03	9.25e-02	9.00e-01	1.44e-06	0.00e+00
 6.52890e+15	1.01e-12	2.15e-08	7.56e-05	8.14e-03	9.75e-02	8.94e-01	1.45e-06	0.00e+00
 6.69925e+15	1.25e-12	2.59e-08	8.87e-05	9.02e-03	1.03e-01	8.88e-01	1.46e-06	0.00e+00
 6.92071e+15	1.71e-12	3.37e-08	1.09e-04	1.03e-02	1.10e-01	8.79e-01	1.48e-06	0.00e+00
 7.14268e+15	2.24e-12	4.26e-08	1.32e-04	1.16e-02	1.18e-01	8.71e-01	1.49e-06	1.57e-12
 7.31764e+15	2.80e-12	5.15e-08	1.54e-04	1.28e-02	1.24e-01	8.63e-01	1.51e-06	0.00e+00
 7.49740e+15	3.64e-12	6.36e-08	1.80e-04	1.42e-02	1.30e-01	8.55e-01	1.53e-06	1.73e-12
 7.73109e+15	4.69e-12	7.95e-08	2.17e-04	1.60e-02	1.38e-01	8.46e-01	1.54e-06	0.00e+00
 7.98019e+15	6.52e-12	1.04e-07	2.66e-04	1.82e-02	1.48e-01	8.34e-01	1.56e-06	0.00e+00
 8.19596e+15	8.45e-12	1.29e-07	3.15e-04	2.02e-02	1.56e-01	8.24e-01	1.58e-06	1.99e-12
 8.42310e+15	1.08e-11	1.59e-07	3.74e-04	2.25e-02	1.64e-01	8.13e-01	1.59e-06	0.00e+00
 8.71837e+15	1.53e-11	2.13e-07	4.67e-04	2.59e-02	1.76e-01	7.98e-01	1.61e-06	0.00e+00
 9.01231e+15	1.99e-11	2.70e-07	5.72e-04	2.94e-02	1.87e-01	7.83e-01	1.61e-06	2.23e-12
 9.25111e+15	2.55e-11	3.32e-07	6.76e-04	3.26e-02	1.97e-01	7.70e-01	1.62e-06	0.00e+00
 9.50815e+15	3.32e-11	4.15e-07	8.06e-04	3.63e-02	2.07e-01	7.56e-01	1.63e-06	0.00e+00
 9.84229e+15	4.92e-11	5.68e-07	1.01e-03	4.18e-02	2.21e-01	7.36e-01	1.65e-06	0.00e+00
 1.01718e+16	6.60e-11	7.31e-07	1.24e-03	4.75e-02	2.34e-01	7.17e-01	1.64e-06	2.59e-12
 1.04274e+16	8.49e-11	9.02e-07	1.46e-03	5.24e-02	2.45e-01	7.01e-01	1.65e-06	0.00e+00
 1.06518e+16	1.05e-10	1.07e-06	1.68e-03	5.69e-02	2.54e-01	6.87e-01	1.66e-06	0.00e+00
 1.09037e+16	1.31e-10	1.30e-06	1.95e-03	6.24e-02	2.64e-01	6.71e-01	1.65e-06	0.00e+00
 1.11741e+16	1.63e-10	1.57e-06	2.28e-03	6.85e-02	2.75e-01	6.54e-01	1.64e-06	0.00e+00
 1.14277e+16	2.12e-10	1.94e-06	2.66e-03	7.51e-02	2.86e-01	6.36e-01	1.64e-06	0.00e+00
 1.16697e+16	2.61e-10	2.31e-06	3.05e-03	8.14e-02	2.95e-01	6.20e-01	1.63e-06	0.00e+00
 1.19371e+16	3.26e-10	2.78e-06	3.54e-03	8.89e-02	3.05e-01	6.02e-01	1.62e-06	0.00e+00
 1.22308e+16	4.05e-10	3.36e-06	4.14e-03	9.75e-02	3.16e-01	5.82e-01	1.60e-06	0.00e+00
 1.25155e+16	5.38e-10	4.21e-06	4.86e-03	1.07e-01	3.27e-01	5.61e-01	1.59e-06	0.00e+00
 1.27845e+16	6.66e-10	5.04e-06	5.60e-03	1.16e-01	3.36e-01	5.42e-01	1.57e-06	0.00e+00
 1.30764e+16	8.40e-10	6.12e-06	6.53e-03	1.27e-01	3.46e-01	5.21e-01	1.54e-06	0.00e+00
 1.33988e+16	1.05e-09	7.45e-06	7.69e-03	1.39e-01	3.56e-01	4.98e-01	1.51e-06	0.00e+00
 1.36937e+16	1.41e-09	9.35e-06	9.00e-03	1.51e-01	3.65e-01	4.74e-01	1.49e-06	0.00e+00
 1.39604e+16	1.72e-09	1.11e-05	1.03e-02	1.63e-01	3.72e-01	4.54e-01	1.47e-06	0.00e+00
 1.42576e+16	2.17e-09	1.34e-05	1.20e-02	1.77e-01	3.79e-01	4.32e-01	1.43e-06	0.00e+00
 1.45858e+16	2.89e-09	1.69e-05	1.41e-02	1.93e-01	3.87e-01	4.06e-01	1.40e-06	0.00e+00
 1.48835e+16	3.56e-09	2.02e-05	1.63e-02	2.08e-01	3.92e-01	3.84e-01	1.36e-06	0.00e+00
 1.51572e+16	4.29e-09	2.38e-05	1.87e-02	2.23e-01	3.95e-01	3.63e-01	1.33e-06	0.00e+00
 1.54285e+16	5.30e-09	2.83e-05	2.13e-02	2.38e-01	3.98e-01	3.43e-01	1.29e-06	0.00e+00
 1.56952e+16	7.05e-09	3.52e-05	2.45e-02	2.55e-01	4.01e-01	3.20e-01	1.26e-06	0.00e+00
 1.59477e+16	8.45e-09	4.11e-05	2.77e-02	2.70e-01	4.01e-01	3.01e-01	1.23e-06	0.00e+00
 1.62257e+16	1.11e-08	5.08e-05	3.21e-02	2.89e-01	4.01e-01	2.79e-01	1.19e-06	0.00e+00
 1.65170e+16	1.32e-08	5.93e-05	3.67e-02	3.07e-01	3.98e-01	2.58e-01	1.14e-06	0.00e+00
 1.67714e+16	1.70e-08	7.22e-05	4.19e-02	3.25e-01	3.94e-01	2.38e-01	1.11e-06	0.00e+00
 1.69968e+16	2.12e-08	8.59e-05	4.71e-02	3.42e-01	3.90e-01	2.21e-01	1.08e-06	0.00e+00
 1.72037e+16	2.52e-08	9.89e-05	5.23e-02	3.57e-01	3.85e-01	2.06e-01	1.05e-06	0.00e+00
 1.74380e+16	3.00e-08	1.15e-04	5.88e-02	3.74e-01	3.78e-01	1.89e-01	1.00e-06	0.00e+00
 1.76939e+16	4.14e-08	1.46e-04	6.79e-02	3.94e-01	3.69e-01	1.69e-01	9.68e-07	0.00e+00
 1.79067e+16	5.04e-08	1.71e-04	7.58e-02	4.10e-01	3.60e-01	1.54e-01	0.00e+00	0.00e+00
 1.80796e+16	6.02e-08	1.96e-04	8.31e-02	4.23e-01	3.51e-01	1.42e-01	0.00e+00	0.00e+00
 1.82721e+16	6.94e-08	2.21e-04	9.18e-02	4.38e-01	3.41e-01	1.30e-01	0.00e+00	0.00e+00
 1.85223e+16	9.75e-08	2.85e-04	1.06e-01	4.57e-01	3.25e-01	1.12e-01	0.00e+00	0.00e+00
 1.87519e+16	1.16e-07	3.29e-04	1.19e-01	4.73e-01	3.09e-01	9.85e-02	0.00e+00	0.00e+00
 1.89099e+16	1.51e-07	3.99e-04	1.32e-01	4.84e-01	2.96e-01	8.75e-02	0.00e+00	0.00e+00
 1.90419e+16	1.78e-07	4.50e-04	1.42e-01	4.93e-01	2.85e-01	7.95e-02	0.00e+00	0.00e+00
 1.91846e+16	2.00e-07	4.97e-04	1.53e-01	5.02e-01	2.72e-01	7.18e-02	0.00e+00	0.00e+00
 1.93701e+16	2.63e-07	6.09e-04	1.71e-01	5.13e-01	2.54e-01	6.09e-02	0.00e+00	0.00e+00
 1.95474e+16	3.33e-07	7.26e-04	1.90e-01	5.22e-01	2.36e-01	5.17e-02	0.00e+00	0.00e+00
 1.96702e+16	3.99e-07	8.28e-04	2.04e-01	5.27e-01	2.23e-01	4.56e-02	0.00e+00	0.00e+00
 1.97652e+16	4.59e-07	9.19e-04	2.16e-01	5.30e-01	2.12e-01	4.10e-02	0.00e+00	0.00e+00
 1.98680e+16	5.13e-07	1.00e-03	2.28e-01	5.34e-01	2.01e-01	3.65e-02	0.00e+00	0.00e+00
 2.00015e+16	6.13e-07	1.15e-03	2.46e-01	5.37e-01	1.85e-01	3.10e-02	0.00e+00	0.00e+00
 2.01386e+16	8.03e-07	1.39e-03	2.68e-01	5.37e-01	1.68e-01	2.53e-02	0.00e+00	0.00e+00
 2.02357e+16	9.45e-07	1.56e-03	2.84e-01	5.37e-01	1.56e-01	2.18e-02	0.00e+00	0.00e+00
 2.02940e+16	1.06e-06	1.69e-03	2.94e-01	5.36e-01	1.49e-01	1.97e-02	0.00e+00	0.00e+00
 2.03468e+16	1.15e-06	1.79e-03	3.03e-01	5.36e-01	1.42e-01	1.80e-02	0.00e+00	0.00e+00
 2.04153e+16	1.25e-06	1.91e-03	3.14e-01	5.34e-01	1.34e-01	1.61e-02	0.00e+00	0.00e+00
 2.05045e+16	1.50e-06	2.17e-03	3.31e-01	5.31e-01	1.22e-01	1.35e-02	0.00e+00	0.00e+00
 2.05831e+16	1.66e-06	2.34e-03	3.44e-01	5.29e-01	1.13e-01	1.16e-02	0.00e+00	0.00e+00
 2.06366e+16	1.92e-06	2.59e-03	3.56e-01	5.25e-01	1.06e-01	1.02e-02	0.00e+00	0.00e+00
 2.06815e+16	2.08e-06	2.74e-03	3.64e-01	5.22e-01	1.01e-01	9.27e-03	0.00e+00	0.00e+00
 2.07270e+16	2.20e-06	2.85e-03	3.72e-01	5.20e-01	9.60e-02	8.42e-03	0.00e+00	0.00e+00
 2.07861e+16	2.51e-06	3.13e-03	3.85e-01	5.16e-01	8.89e-02	7.24e-03	0.00e+00	0.00e+00
 2.08463e+16	2.80e-06	3.39e-03	3.97e-01	5.11e-01	8.23e-02	6.24e-03	0.00e+00	0.00e+00
 2.08975e+16	3.02e-06	3.57e-03	4.07e-01	5.07e-01	7.69e-02	5.50e-03	0.00e+00	0.00e+00
 2.09535e+16	3.35e-06	3.85e-03	4.18e-01	5.02e-01	7.10e-02	4.72e-03	0.00e+00	0.00e+00
 2.10158e+16	3.77e-06	4.18e-03	4.31e-01	4.96e-01	6.47e-02	3.96e-03	0.00e+00	0.00e+00
 2.10731e+16	4.23e-06	4.53e-03	4.43e-01	4.90e-01	5.92e-02	3.33e-03	0.00e+00	0.00e+00
 2.11244e+16	4.81e-06	4.94e-03	4.54e-01	4.84e-01	5.43e-02	2.82e-03	0.00e+00	0.00e+00
 2.11716e+16	5.28e-06	5.27e-03	4.64e-01	4.78e-01	5.02e-02	2.42e-03	0.00e+00	0.00e+00
 2.12233e+16	5.89e-06	5.68e-03	4.75e-01	4.71e-01	4.58e-02	2.03e-03	0.00e+00	0.00e+00
 2.12905e+16	6.75e-06	6.24e-03	4.89e-01	4.63e-01	4.05e-02	1.61e-03	0.00e+00	0.00e+00
 2.13607e+16	7.75e-06	6.86e-03	5.03e-01	4.53e-01	3.56e-02	1.26e-03	0.00e+00	0.00e+00
 2.14208e+16	8.72e-06	7.45e-03	5.15e-01	4.45e-01	3.17e-02	1.01e-03	0.00e+00	0.00e+00
 2.14849e+16	9.94e-06	8.16e-03	5.28e-01	4.35e-01	2.78e-02	7.87e-04	0.00e+00	0.00e+00
 2.15566e+16	1.14e-05	8.96e-03	5.42e-01	4.24e-01	2.41e-02	5.98e-04	0.00e+00	0.00e+00
 2.16265e+16	1.32e-05	9.86e-03	5.55e-01	4.13e-01	2.08e-02	4.53e-04	0.00e+00	0.00e+00
 2.17055e+16	1.54e-05	1.10e-02	5.70e-01	4.01e-01	1.76e-02	3.28e-04	0.00e+00	0.00e+00
 2.17923e+16	1.82e-05	1.23e-02	5.86e-01	3.87e-01	1.46e-02	2.29e-04	0.00e+00	0.00e+00
 2.18577e+16	2.07e-05	1.34e-02	5.98e-01	3.76e-01	1.27e-02	1.76e-04	0.00e+00	0.00e+00
 2.18996e+16	2.25e-05	1.42e-02	6.05e-01	3.69e-01	1.16e-02	1.48e-04	0.00e+00	0.00e+00
 2.19425e+16	2.45e-05	1.50e-02	6.12e-01	3.62e-01	1.05e-02	1.23e-04	0.00e+00	0.00e+00
 2.19983e+16	2.73e-05	1.62e-02	6.22e-01	3.53e-01	9.24e-03	9.62e-05	0.00e+00	0.00e+00
 2.20708e+16	3.15e-05	1.78e-02	6.34e-01	3.41e-01	7.83e-03	7.03e-05	0.00e+00	0.00e+00
 2.21444e+16	3.63e-05	1.96e-02	6.45e-01	3.28e-01	6.64e-03	5.14e-05	0.00e+00	0.00e+00
 2.22036e+16	4.09e-05	2.12e-02	6.55e-01	3.18e-01	5.81e-03	4.00e-05	0.00e+00	0.00e+00
 2.22648e+16	4.60e-05	2.30e-02	6.64e-01	3.08e-01	5.04e-03	3.06e-05	0.00e+00	0.00e+00
 2.23337e+16	5.27e-05	2.52e-02	6.75e-01	2.96e-01	4.30e-03	2.27e-05	0.00e+00	0.00e+00
 2.23980e+16	5.98e-05	2.74e-02	6.84e-01	2.85e-01	3.71e-03	1.72e-05	0.00e+00	0.00e+00
 2.24559e+16	6.73e-05	2.96e-02	6.92e-01	2.75e-01	3.24e-03	1.34e-05	0.00e+00	0.00e+00
 2.25202e+16	7.65e-05	3.23e-02	7.01e-01	2.64e-01	2.78e-03	1.01e-05	0.00e+00	0.00e+00
 2.25907e+16	8.84e-05	3.56e-02	7.10e-01	2.52e-01	2.36e-03	7.42e-06	0.00e+00	0.00e+00
 2.26538e+16	1.01e-04	3.88e-02	7.18e-01	2.41e-01	2.03e-03	5.65e-06	0.00e+00	0.00e+00
 2.27092e+16	1.13e-04	4.19e-02	7.25e-01	2.31e-01	1.78e-03	4.43e-06	0.00e+00	0.00e+00
 2.27705e+16	1.29e-04	4.57e-02	7.32e-01	2.20e-01	1.52e-03	3.36e-06	0.00e+00	0.00e+00
 2.28386e+16	1.49e-04	5.03e-02	7.39e-01	2.09e-01	1.29e-03	2.49e-06	0.00e+00	0.00e+00
 2.29008e+16	1.71e-04	5.52e-02	7.46e-01	1.98e-01	1.10e-03	1.88e-06	0.00e+00	0.00e+00
 2.29546e+16	1.94e-04	6.00e-02	7.50e-01	1.88e-01	9.59e-04	1.48e-06	0.00e+00	0.00e+00
 2.30122e+16	2.20e-04	6.52e-02	7.55e-01	1.79e-01	8.26e-04	1.13e-06	0.00e+00	0.00e+00
 2.30773e+16	2.57e-04	7.21e-02	7.59e-01	1.68e-01	6.94e-04	8.39e-07	0.00e+00	0.00e+00
 2.31367e+16	2.97e-04	7.94e-02	7.63e-01	1.57e-01	5.89e-04	0.00e+00	0.00e+00	0.00e+00
 2.31868e+16	3.36e-04	8.61e-02	7.64e-01	1.49e-01	5.12e-04	0.00e+00	0.00e+00	0.00e+00
 2.32399e+16	3.82e-04	9.38e-02	7.66e-01	1.40e-01	4.39e-04	0.00e+00	0.00e+00	0.00e+00
 2.32991e+16	4.45e-04	1.04e-01	7.66e-01	1.30e-01	3.68e-04	0.00e+00	0.00e+00	0.00e+00
 2.33531e+16	5.13e-04	1.14e-01	7.65e-01	1.21e-01	3.12e-04	0.00e+00	0.00e+00	0.00e+00
 2.34006e+16	5.83e-04	1.24e-01	7.63e-01	1.13e-01	2.68e-04	0.00e+00	0.00e+00	0.00e+00
 2.34528e+16	6.71e-04	1.36e-01	7.59e-01	1.04e-01	2.27e-04	0.00e+00	0.00e+00	0.00e+00
 2.35108e+16	7.91e-04	1.51e-01	7.53e-01	9.51e-02	1.86e-04	0.00e+00	0.00e+00	0.00e+00
 2.35626e+16	9.18e-04	1.66e-01	7.46e-01	8.69e-02	1.55e-04	0.00e+00	0.00e+00	0.00e+00
 2.36065e+16	1.05e-03	1.81e-01	7.38e-01	8.00e-02	1.31e-04	0.00e+00	0.00e+00	0.00e+00
 2.36539e+16	1.21e-03	1.98e-01	7.28e-01	7.30e-02	1.10e-04	0.00e+00	0.00e+00	0.00e+00
 2.37156e+16	1.46e-03	2.22e-01	7.12e-01	6.41e-02	8.54e-05	0.00e+00	0.00e+00	0.00e+00
 2.37768e+16	1.78e-03	2.52e-01	6.91e-01	5.54e-02	6.54e-05	0.00e+00	0.00e+00	0.00e+00
 2.38224e+16	2.08e-03	2.77e-01	6.71e-01	4.90e-02	5.28e-05	0.00e+00	0.00e+00	0.00e+00
 2.38607e+16	2.37e-03	3.00e-01	6.53e-01	4.40e-02	4.38e-05	0.00e+00	0.00e+00	0.00e+00
 2.39045e+16	2.75e-03	3.28e-01	6.30e-01	3.85e-02	3.49e-05	0.00e+00	0.00e+00	0.00e+00
 2.39615e+16	3.34e-03	3.69e-01	5.96e-01	3.19e-02	2.54e-05	0.00e+00	0.00e+00	0.00e+00
 2.40207e+16	4.17e-03	4.18e-01	5.53e-01	2.54e-02	1.77e-05	0.00e+00	0.00e+00	0.00e+00
 2.40673e+16	4.99e-03	4.62e-01	5.13e-01	2.07e-02	1.28e-05	0.00e+00	0.00e+00	0.00e+00
 2.41044e+16	5.75e-03	4.98e-01	4.79e-01	1.73e-02	9.76e-06	0.00e+00	0.00e+00	0.00e+00
 2.41447e+16	6.72e-03	5.39e-01	4.40e-01	1.40e-02	7.10e-06	0.00e+00	0.00e+00	0.00e+00
 2.41880e+16	7.97e-03	5.87e-01	3.94e-01	1.08e-02	4.85e-06	0.00e+00	0.00e+00	0.00e+00
 2.42244e+16	9.27e-03	6.29e-01	3.53e-01	8.41e-03	3.40e-06	0.00e+00	0.00e+00	0.00e+00
 2.42534e+16	1.04e-02	6.63e-01	3.20e-01	6.80e-03	2.52e-06	0.00e+00	0.00e+00	0.00e+00
 2.42839e+16	1.18e-02	6.97e-01	2.85e-01	5.33e-03	1.79e-06	0.00e+00	0.00e+00	0.00e+00
 2.43181e+16	1.36e-02	7.36e-01	2.46e-01	3.94e-03	1.18e-06	0.00e+00	0.00e+00	0.00e+00
 2.43488e+16	1.56e-02	7.70e-01	2.12e-01	2.91e-03	7.82e-07	0.00e+00	0.00e+00	0.00e+00
 2.43741e+16	1.74e-02	7.96e-01	1.84e-01	2.21e-03	0.00e+00	0.00e+00	0.00e+00	0.00e+00
 2.44007e+16	1.95e-02	8.21e-01	1.57e-01	1.63e-03	0.00e+00	0.00e+00	0.00e+00	0.00e+00
 2.44301e+16	2.22e-02	8.47e-01	1.30e-01	1.13e-03	0.00e+00	0.00e+00	0.00e+00	0.00e+00
 2.44558e+16	2.50e-02	8.67e-01	1.07e-01	7.86e-04	0.00e+00	0.00e+00	0.00e+00	0.00e+00
 2.44769e+16	2.76e-02	8.82e-01	9.01e-02	5.73e-04	0.00e+00	0.00e+00	0.00e+00	0.00e+00
 2.44994e+16	3.06e-02	8.94e-01	7.45e-02	4.02e-04	0.00e+00	0.00e+00	0.00e+00	0.00e+00
 2.45245e+16	3.46e-02	9.06e-01	5.90e-02	2.63e-04	0.00e+00	0.00e+00	0.00e+00	0.00e+00
 2.45475e+16	3.88e-02	9.14e-01	4.68e-02	1.73e-04	0.00e+00	0.00e+00	0.00e+00	0.00e+00
 2.45669e+16	4.29e-02	9.19e-01	3.79e-02	1.18e-04	0.00e+00	0.00e+00	0.00e+00	0.00e+00
 2.45844e+16	4.69e-02	9.22e-01	3.10e-02	8.26e-05	0.00e+00	0.00e+00	0.00e+00	0.00e+00
 2.46043e+16	5.20e-02	9.23e-01	2.45e-02	5.39e-05	0.00e+00	0.00e+00	0.00e+00	0.00e+00
 2.46250e+16	5.80e-02	9.23e-01	1.88e-02	3.37e-05	0.00e+00	0.00e+00	0.00e+00	0.00e+00
 2.46420e+16	6.37e-02	9.21e-01	1.49e-02	2.23e-05	0.00e+00	0.00e+00	0.00e+00	0.00e+00
 2.46559e+16	6.87e-02	9.19e-01	1.23e-02	1.58e-05	0.00e+00	0.00e+00	0.00e+00	0.00e+00
 2.46695e+16	7.39e-02	9.16e-01	1.01e-02	1.11e-05	0.00e+00	0.00e+00	0.00e+00	0.00e+00
 2.46842e+16	8.00e-02	9.12e-01	8.10e-03	7.54e-06	0.00e+00	0.00e+00	0.00e+00	0.00e+00
 2.46990e+16	8.67e-02	9.07e-01	6.44e-03	5.03e-06	0.00e+00	0.00e+00	0.00e+00	0.00e+00
 2.47119e+16	9.32e-02	9.02e-01	5.25e-03	3.50e-06	0.00e+00	0.00e+00	0.00e+00	0.00e+00
 2.47228e+16	9.88e-02	8.97e-01	4.39e-03	2.56e-06	0.00e+00	0.00e+00	0.00e+00	0.00e+00
 2.47328e+16	1.04e-01	8.92e-01	3.71e-03	1.91e-06	0.00e+00	0.00e+00	0.00e+00	0.00e+00
 2.47407e+16	1.09e-01	8.88e-01	3.26e-03	1.52e-06	0.00e+00	0.00e+00	0.00e+00	0.00e+00
 2.47460e+16	1.12e-01	8.86e-01	2.98e-03	1.30e-06	0.00e+00	0.00e+00	0.00e+00	0.00e+00
 2.47508e+16	1.15e-01	8.83e-01	2.74e-03	1.12e-06	0.00e+00	0.00e+00	0.00e+00	0.00e+00
 2.47565e+16	1.18e-01	8.79e-01	2.48e-03	9.44e-07	0.00e+00	0.00e+00	0.00e+00	0.00e+00
 2.47627e+16	1.22e-01	8.76e-01	2.23e-03	0.00e+00	0.00e+00	0.00e+00	0.00e+00	0.00e+00
 2.47687e+16	1.26e-01	8.72e-01	2.00e-03	0.00e+00	0.00e+00	0.00e+00	0.00e+00	0.00e+00
 2.47744e+16	1.29e-01	8.69e-01	1.81e-03	0.00e+00	0.00e+00	0.00e+00	0.00e+00	0.00e+00
 2.47800e+16	1.33e-01	8.65e-01	1.64e-03	0.00e+00	0.00e+00	0.00e+00	0.00e+00	0.00e+00
 2.47857e+16	1.37e-01	8.61e-01	1.48e-03	0.00e+00	0.00e+00	0.00e+00	0.00e+00	0.00e+00
 2.47913e+16	1.41e-01	8.58e-01	1.33e-03	0.00e+00	0.00e+00	0.00e+00	0.00e+00	0.00e+00
 2.47970e+16	1.45e-01	8.54e-01	1.20e-03	0.00e+00	0.00e+00	0.00e+00	0.00e+00	0.00e+00
 2.48026e+16	1.49e-01	8.50e-01	1.08e-03	0.00e+00	0.00e+00	0.00e+00	0.00e+00	0.00e+00
 2.48082e+16	1.53e-01	8.46e-01	9.78e-04	0.00e+00	0.00e+00	0.00e+00	0.00e+00	0.00e+00
 2.48138e+16	1.58e-01	8.41e-01	8.81e-04	0.00e+00	0.00e+00	0.00e+00	0.00e+00	0.00e+00
 2.48195e+16	1.62e-01	8.37e-01	7.92e-04	0.00e+00	0.00e+00	0.00e+00	0.00e+00	0.00e+00
 2.48250e+16	1.66e-01	8.33e-01	7.14e-04	0.00e+00	0.00e+00	0.00e+00	0.00e+00	0.00e+00
 2.48306e+16	1.71e-01	8.29e-01	6.44e-04	0.00e+00	0.00e+00	0.00e+00	0.00e+00	0.00e+00
 2.48362e+16	1.75e-01	8.24e-01	5.79e-04	0.00e+00	0.00e+00	0.00e+00	0.00e+00	0.00e+00
 2.48419e+16	1.80e-01	8.19e-01	5.21e-04	0.00e+00	0.00e+00	0.00e+00	0.00e+00	0.00e+00
 2.48476e+16	1.85e-01	8.15e-01	4.68e-04	0.00e+00	0.00e+00	0.00e+00	0.00e+00	0.00e+00
 2.48532e+16	1.90e-01	8.10e-01	4.21e-04	0.00e+00	0.00e+00	0.00e+00	0.00e+00	0.00e+00
 2.48590e+16	1.96e-01	8.04e-01	3.78e-04	0.00e+00	0.00e+00	0.00e+00	0.00e+00	0.00e+00
 2.48649e+16	2.01e-01	7.99e-01	3.39e-04	0.00e+00	0.00e+00	0.00e+00	0.00e+00	0.00e+00
 2.48708e+16	2.06e-01	7.94e-01	3.04e-04	0.00e+00	0.00e+00	0.00e+00	0.00e+00	0.00e+00
 2.48767e+16	2.12e-01	7.88e-01	2.73e-04	0.00e+00	0.00e+00	0.00e+00	0.00e+00	0.00e+00
 2.48827e+16	2.18e-01	7.82e-01	2.45e-04	0.00e+00	0.00e+00	0.00e+00	0.00e+00	0.00e+00
 2.48890e+16	2.24e-01	7.76e-01	2.19e-04	0.00e+00	0.00e+00	0.00e+00	0.00e+00	0.00e+00
 2.48952e+16	2.30e-01	7.69e-01	1.97e-04	0.00e+00	0.00e+00	0.00e+00	0.00e+00	0.00e+00
 2.49015e+16	2.37e-01	7.63e-01	1.77e-04	0.00e+00	0.00e+00	0.00e+00	0.00e+00	0.00e+00
 2.49078e+16	2.44e-01	7.56e-01	1.59e-04	0.00e+00	0.00e+00	0.00e+00	0.00e+00	0.00e+00
 2.49142e+16	2.51e-01	7.49e-01	1.44e-04	0.00e+00	0.00e+00	0.00e+00	0.00e+00	0.00e+00
 2.49208e+16	2.58e-01	7.42e-01	1.30e-04	0.00e+00	0.00e+00	0.00e+00	0.00e+00	0.00e+00
 2.49276e+16	2.66e-01	7.34e-01	1.17e-04	0.00e+00	0.00e+00	0.00e+00	0.00e+00	0.00e+00
