#depth	He	He+	He+2
 1.49634e+10	4.79e-23	2.80e-12	1.00e+00
 4.54887e+10	5.37e-23	3.03e-12	1.00e+00
 7.72350e+10	6.01e-23	3.28e-12	1.00e+00
 1.10251e+11	6.74e-23	3.54e-12	1.00e+00
 1.43093e+11	7.53e-23	3.82e-12	1.00e+00
 1.77248e+11	8.41e-23	4.12e-12	1.00e+00
 2.12424e+11	9.42e-23	4.44e-12	1.00e+00
 2.45675e+11	1.04e-22	4.76e-12	1.00e+00
 2.82097e+11	1.16e-22	5.12e-12	1.00e+00
 3.22297e+11	1.31e-22	5.53e-12	1.00e+00
 3.60999e+11	1.47e-22	5.94e-12	1.00e+00
 4.02259e+11	1.65e-22	6.39e-12	1.00e+00
 4.43251e+11	1.85e-22	6.86e-12	1.00e+00
 4.77760e+11	2.03e-22	7.27e-12	1.00e+00
 5.14729e+11	2.23e-22	7.72e-12	1.00e+00
 5.61301e+11	2.51e-22	8.31e-12	1.00e+00
 6.10016e+11	2.84e-22	8.95e-12	1.00e+00
 6.53978e+11	3.17e-22	9.55e-12	1.00e+00
 7.02099e+11	3.54e-22	1.02e-11	1.00e+00
 7.58847e+11	4.04e-22	1.11e-11	1.00e+00
 8.15742e+11	4.61e-22	1.19e-11	1.00e+00
 8.70153e+11	5.19e-22	1.28e-11	1.00e+00
 9.30126e+11	5.89e-22	1.38e-11	1.00e+00
 9.97258e+11	6.79e-22	1.50e-11	1.00e+00
 1.06707e+12	7.81e-22	1.62e-11	1.00e+00
 1.13044e+12	8.87e-22	1.74e-11	1.00e+00
 1.18305e+12	9.79e-22	1.85e-11	1.00e+00
 1.24016e+12	1.09e-21	1.96e-11	1.00e+00
 1.31286e+12	1.24e-21	2.12e-11	1.00e+00
 1.38848e+12	1.43e-21	2.29e-11	1.00e+00
 1.45398e+12	1.60e-21	2.44e-11	1.00e+00
 1.52368e+12	1.80e-21	2.61e-11	1.00e+00
 1.60929e+12	2.07e-21	2.83e-11	1.00e+00
 1.69567e+12	2.38e-21	3.05e-11	1.00e+00
 1.77223e+12	2.68e-21	3.27e-11	1.00e+00
 1.85600e+12	3.04e-21	3.52e-11	1.00e+00
 1.95637e+12	3.54e-21	3.83e-11	1.00e+00
 2.05596e+12	4.09e-21	4.15e-11	1.00e+00
 2.14431e+12	4.62e-21	4.45e-11	1.00e+00
 2.24041e+12	5.26e-21	4.80e-11	1.00e+00
 2.35558e+12	6.14e-21	5.25e-11	1.00e+00
 2.47052e+12	7.14e-21	5.72e-11	1.00e+00
 2.57540e+12	8.13e-21	6.17e-11	1.00e+00
 2.69223e+12	9.35e-21	6.71e-11	1.00e+00
 2.82840e+12	1.10e-20	7.38e-11	1.00e+00
 2.96253e+12	1.28e-20	8.09e-11	1.00e+00
 3.08938e+12	1.47e-20	8.80e-11	1.00e+00
 3.23024e+12	1.71e-20	9.64e-11	1.00e+00
 3.36946e+12	1.98e-20	1.05e-10	1.00e+00
 3.48238e+12	2.22e-20	1.13e-10	1.00e+00
 3.60133e+12	2.50e-20	1.21e-10	1.00e+00
 3.75595e+12	2.90e-20	1.32e-10	1.00e+00
 3.92112e+12	3.39e-20	1.45e-10	1.00e+00
 4.05854e+12	3.83e-20	1.57e-10	1.00e+00
 4.17671e+12	4.23e-20	1.67e-10	1.00e+00
 4.31136e+12	4.73e-20	1.79e-10	1.00e+00
 4.48640e+12	5.44e-20	1.95e-10	1.00e+00
 4.66852e+12	6.29e-20	2.13e-10	1.00e+00
 4.82183e+12	7.04e-20	2.29e-10	1.00e+00
 4.98314e+12	7.89e-20	2.47e-10	1.00e+00
 5.19076e+12	9.10e-20	2.70e-10	1.00e+00
 5.40447e+12	1.05e-19	2.96e-10	1.00e+00
 5.58462e+12	1.18e-19	3.19e-10	1.00e+00
 5.77525e+12	1.32e-19	3.44e-10	1.00e+00
 6.01562e+12	1.52e-19	3.77e-10	1.00e+00
 6.26372e+12	1.76e-19	4.13e-10	1.00e+00
 6.48210e+12	1.98e-19	4.46e-10	1.00e+00
 6.71881e+12	2.23e-19	4.84e-10	1.00e+00
 6.97614e+12	2.54e-19	5.27e-10	1.00e+00
 7.20855e+12	2.85e-19	5.68e-10	1.00e+00
 7.45894e+12	3.19e-19	6.13e-10	1.00e+00
 7.74046e+12	3.63e-19	6.67e-10	1.00e+00
 7.99862e+12	4.06e-19	7.19e-10	1.00e+00
 8.21627e+12	4.44e-19	7.65e-10	1.00e+00
 8.44515e+12	4.86e-19	8.14e-10	1.00e+00
 8.74269e+12	5.46e-19	8.82e-10	1.00e+00
 9.05042e+12	6.15e-19	9.55e-10	1.00e+00
 9.30757e+12	6.75e-19	1.02e-09	1.00e+00
 9.57804e+12	7.42e-19	1.09e-09	1.00e+00
 9.92965e+12	8.36e-19	1.18e-09	1.00e+00
 1.02976e+13	9.44e-19	1.29e-09	1.00e+00
 1.06119e+13	1.04e-18	1.38e-09	1.00e+00
 1.09457e+13	1.15e-18	1.48e-09	1.00e+00
 1.13720e+13	1.30e-18	1.62e-09	1.00e+00
 1.18157e+13	1.48e-18	1.78e-09	1.00e+00
 1.22037e+13	1.64e-18	1.92e-09	1.00e+00
 1.26221e+13	1.83e-18	2.08e-09	1.00e+00
 1.31308e+13	2.07e-18	2.29e-09	1.00e+00
 1.36517e+13	2.34e-18	2.51e-09	1.00e+00
 1.41367e+13	2.60e-18	2.74e-09	1.00e+00
 1.46018e+13	2.87e-18	2.96e-09	1.00e+00
 1.51288e+13	3.20e-18	3.23e-09	1.00e+00
 1.57139e+13	3.58e-18	3.55e-09	1.00e+00
 1.62588e+13	3.97e-18	3.87e-09	1.00e+00
 1.67103e+13	4.30e-18	4.14e-09	1.00e+00
 1.70918e+13	4.61e-18	4.38e-09	1.00e+00
 1.75232e+13	4.97e-18	4.66e-09	1.00e+00
 1.80840e+13	5.46e-18	5.05e-09	1.00e+00
 1.86722e+13	6.02e-18	5.48e-09	1.00e+00
 1.91721e+13	6.53e-18	5.85e-09	1.00e+00
 1.96980e+13	7.12e-18	6.26e-09	1.00e+00
 2.03817e+13	7.94e-18	6.83e-09	1.00e+00
 2.10897e+13	8.87e-18	7.45e-09	1.00e+00
 2.16810e+13	9.74e-18	7.99e-09	1.00e+00
 2.23012e+13	1.07e-17	8.56e-09	1.00e+00
 2.31074e+13	1.22e-17	9.35e-09	1.00e+00
 2.39614e+13	1.39e-17	1.02e-08	1.00e+00
 2.47060e+13	1.55e-17	1.10e-08	1.00e+00
 2.55026e+13	1.75e-17	1.19e-08	1.00e+00
 2.64869e+13	2.03e-17	1.30e-08	1.00e+00
 2.74840e+13	2.34e-17	1.42e-08	1.00e+00
 2.82996e+13	2.63e-17	1.52e-08	1.00e+00
 2.91106e+13	2.95e-17	1.63e-08	1.00e+00
 3.01649e+13	3.40e-17	1.76e-08	1.00e+00
 3.12708e+13	3.93e-17	1.92e-08	1.00e+00
 3.22178e+13	4.43e-17	2.05e-08	1.00e+00
 3.30826e+13	4.94e-17	2.17e-08	1.00e+00
 3.40667e+13	5.56e-17	2.32e-08	1.00e+00
 3.53303e+13	6.46e-17	2.51e-08	1.00e+00
 3.66206e+13	7.47e-17	2.71e-08	1.00e+00
 3.77153e+13	8.43e-17	2.89e-08	1.00e+00
 3.88926e+13	9.55e-17	3.09e-08	1.00e+00
 4.03641e+13	1.11e-16	3.34e-08	1.00e+00
 4.18940e+13	1.29e-16	3.62e-08	1.00e+00
 4.32670e+13	1.47e-16	3.88e-08	1.00e+00
 4.47603e+13	1.69e-16	4.16e-08	1.00e+00
 4.65314e+13	1.98e-16	4.51e-08	1.00e+00
 4.82893e+13	2.30e-16	4.89e-08	1.00e+00
 4.99050e+13	2.63e-16	5.23e-08	1.00e+00
 5.14599e+13	2.97e-16	5.57e-08	1.00e+00
 5.32310e+13	3.41e-16	5.98e-08	1.00e+00
 5.52041e+13	3.95e-16	6.45e-08	1.00e+00
 5.70543e+13	4.50e-16	6.90e-08	1.00e+00
 5.87270e+13	5.07e-16	7.34e-08	1.00e+00
 6.02450e+13	5.62e-16	7.74e-08	1.00e+00
 6.19094e+13	6.27e-16	8.18e-08	1.00e+00
 6.40730e+13	7.22e-16	8.80e-08	1.00e+00
 6.62517e+13	8.27e-16	9.44e-08	1.00e+00
 6.79929e+13	9.19e-16	9.96e-08	1.00e+00
 6.97993e+13	1.02e-15	1.05e-07	1.00e+00
 7.21477e+13	1.17e-15	1.13e-07	1.00e+00
 7.46228e+13	1.34e-15	1.21e-07	1.00e+00
 7.67573e+13	1.51e-15	1.29e-07	1.00e+00
 7.90269e+13	1.69e-15	1.37e-07	1.00e+00
 8.19309e+13	1.97e-15	1.47e-07	1.00e+00
 8.49156e+13	2.28e-15	1.59e-07	1.00e+00
 8.74602e+13	2.57e-15	1.69e-07	1.00e+00
 9.01769e+13	2.91e-15	1.81e-07	1.00e+00
 9.35617e+13	3.39e-15	1.96e-07	1.00e+00
 9.70066e+13	3.93e-15	2.11e-07	1.00e+00
 1.00029e+14	4.46e-15	2.25e-07	1.00e+00
 1.03311e+14	5.09e-15	2.41e-07	1.00e+00
 1.07285e+14	5.96e-15	2.62e-07	1.00e+00
 1.11246e+14	6.90e-15	2.83e-07	1.00e+00
 1.14795e+14	7.85e-15	3.02e-07	1.00e+00
 1.18722e+14	9.02e-15	3.25e-07	1.00e+00
 1.23375e+14	1.06e-14	3.53e-07	1.00e+00
 1.27974e+14	1.23e-14	3.81e-07	1.00e+00
 1.32225e+14	1.40e-14	4.08e-07	1.00e+00
 1.37012e+14	1.62e-14	4.40e-07	1.00e+00
 1.41991e+14	1.87e-14	4.75e-07	1.00e+00
 1.45866e+14	2.08e-14	5.02e-07	1.00e+00
 1.49044e+14	2.27e-14	5.25e-07	1.00e+00
 1.52684e+14	2.50e-14	5.52e-07	1.00e+00
 1.57414e+14	2.82e-14	5.89e-07	1.00e+00
 1.62464e+14	3.19e-14	6.28e-07	1.00e+00
 1.66939e+14	3.55e-14	6.65e-07	1.00e+00
 1.71770e+14	3.97e-14	7.05e-07	1.00e+00
 1.78005e+14	4.55e-14	7.58e-07	1.00e+00
 1.84365e+14	5.22e-14	8.15e-07	1.00e+00
 1.89605e+14	5.81e-14	8.62e-07	1.00e+00
 1.95092e+14	6.47e-14	9.13e-07	1.00e+00
 2.02172e+14	7.40e-14	9.82e-07	1.00e+00
 2.09700e+14	8.49e-14	1.06e-06	1.00e+00
 2.16371e+14	9.54e-14	1.13e-06	1.00e+00
 2.23553e+14	1.08e-13	1.20e-06	1.00e+00
 2.32179e+14	1.24e-13	1.30e-06	1.00e+00
 2.40757e+14	1.41e-13	1.39e-06	1.00e+00
 2.48558e+14	1.58e-13	1.48e-06	1.00e+00
 2.57278e+14	1.79e-13	1.59e-06	1.00e+00
 2.67465e+14	2.06e-13	1.72e-06	1.00e+00
 2.77535e+14	2.35e-13	1.85e-06	1.00e+00
 2.87064e+14	2.64e-13	1.97e-06	1.00e+00
 2.97632e+14	3.00e-13	2.12e-06	1.00e+00
 3.07682e+14	3.36e-13	2.26e-06	1.00e+00
 3.15239e+14	3.66e-13	2.37e-06	1.00e+00
 3.22965e+14	3.97e-13	2.49e-06	1.00e+00
 3.33008e+14	4.41e-13	2.64e-06	1.00e+00
 3.43858e+14	4.92e-13	2.82e-06	1.00e+00
 3.53570e+14	5.41e-13	2.97e-06	1.00e+00
 3.64010e+14	5.96e-13	3.15e-06	1.00e+00
 3.77324e+14	6.74e-13	3.38e-06	1.00e+00
 3.90821e+14	7.57e-13	3.62e-06	1.00e+00
 4.02107e+14	8.32e-13	3.84e-06	1.00e+00
 4.14073e+14	9.18e-13	4.07e-06	1.00e+00
 4.29268e+14	1.03e-12	4.37e-06	1.00e+00
 4.45084e+14	1.17e-12	4.69e-06	1.00e+00
 4.58900e+14	1.29e-12	4.99e-06	1.00e+00
 4.73693e+14	1.43e-12	5.31e-06	1.00e+00
 4.91710e+14	1.62e-12	5.74e-06	1.00e+00
 5.09626e+14	1.82e-12	6.15e-06	1.00e+00
 5.25358e+14	2.01e-12	6.55e-06	1.00e+00
 5.42543e+14	2.24e-12	6.99e-06	1.00e+00
 5.63317e+14	2.53e-12	7.55e-06	1.00e+00
 5.84049e+14	2.84e-12	8.12e-06	1.00e+00
 6.02629e+14	3.15e-12	8.66e-06	1.00e+00
 6.23119e+14	3.50e-12	9.27e-06	1.00e+00
 6.47409e+14	3.97e-12	1.00e-05	1.00e+00
 6.71259e+14	4.46e-12	1.08e-05	1.00e+00
 6.93010e+14	4.97e-12	1.16e-05	1.00e+00
 7.14089e+14	5.47e-12	1.23e-05	1.00e+00
 7.38169e+14	6.09e-12	1.32e-05	1.00e+00
 7.64404e+14	6.83e-12	1.42e-05	1.00e+00
 7.86126e+14	7.47e-12	1.50e-05	1.00e+00
 8.03813e+14	8.04e-12	1.57e-05	1.00e+00
 8.23568e+14	8.71e-12	1.65e-05	1.00e+00
 8.49251e+14	9.64e-12	1.76e-05	1.00e+00
 8.76501e+14	1.07e-11	1.88e-05	1.00e+00
 9.00273e+14	1.17e-11	1.99e-05	1.00e+00
 9.25662e+14	1.27e-11	2.11e-05	1.00e+00
 9.58667e+14	1.44e-11	2.28e-05	1.00e+00
 9.92414e+14	1.61e-11	2.45e-05	1.00e+00
 1.02014e+15	1.76e-11	2.59e-05	1.00e+00
 1.04921e+15	1.93e-11	2.75e-05	1.00e+00
 1.08696e+15	2.18e-11	2.97e-05	1.00e+00
 1.12691e+15	2.44e-11	3.20e-05	1.00e+00
 1.16203e+15	2.72e-11	3.42e-05	1.00e+00
 1.19999e+15	3.03e-11	3.66e-05	1.00e+00
 1.24589e+15	3.44e-11	3.97e-05	1.00e+00
 1.29163e+15	3.88e-11	4.28e-05	1.00e+00
 1.33248e+15	4.30e-11	4.58e-05	1.00e+00
 1.37745e+15	4.85e-11	4.92e-05	1.00e+00
 1.43093e+15	5.53e-11	5.34e-05	1.00e+00
 1.48421e+15	6.23e-11	5.77e-05	1.00e+00
 1.52606e+15	6.89e-11	6.13e-05	1.00e+00
 1.55771e+15	7.45e-11	6.42e-05	1.00e+00
 1.59220e+15	8.04e-11	6.73e-05	1.00e+00
 1.63702e+15	8.90e-11	7.15e-05	1.00e+00
 1.68590e+15	9.92e-11	7.63e-05	1.00e+00
 1.73009e+15	1.08e-10	8.06e-05	1.00e+00
 1.77757e+15	1.20e-10	8.57e-05	1.00e+00
 1.83103e+15	1.33e-10	9.14e-05	1.00e+00
 1.88202e+15	1.49e-10	9.72e-05	1.00e+00
 1.93068e+15	1.64e-10	1.03e-04	1.00e+00
 1.98655e+15	1.83e-10	1.10e-04	1.00e+00
 2.04960e+15	2.04e-10	1.18e-04	1.00e+00
 2.11008e+15	2.31e-10	1.26e-04	1.00e+00
 2.17679e+15	2.59e-10	1.35e-04	1.00e+00
 2.25120e+15	3.00e-10	1.45e-04	1.00e+00
 2.32088e+15	3.35e-10	1.56e-04	1.00e+00
 2.39669e+15	3.86e-10	1.68e-04	1.00e+00
 2.48835e+15	4.49e-10	1.83e-04	1.00e+00
 2.57866e+15	5.24e-10	1.99e-04	1.00e+00
 2.65756e+15	5.95e-10	2.13e-04	1.00e+00
 2.74357e+15	6.81e-10	2.29e-04	1.00e+00
 2.84804e+15	7.94e-10	2.50e-04	1.00e+00
 2.95321e+15	9.34e-10	2.72e-04	1.00e+00
 3.03438e+15	1.04e-09	2.89e-04	1.00e+00
 3.09533e+15	1.15e-09	3.03e-04	1.00e+00
 3.16223e+15	1.26e-09	3.18e-04	1.00e+00
 3.24920e+15	1.41e-09	3.39e-04	1.00e+00
 3.34365e+15	1.58e-09	3.62e-04	1.00e+00
 3.42878e+15	1.77e-09	3.84e-04	1.00e+00
 3.52040e+15	2.03e-09	4.09e-04	1.00e+00
 3.62351e+15	2.30e-09	4.37e-04	1.00e+00
 3.72095e+15	2.55e-09	4.64e-04	1.00e+00
 3.82701e+15	2.92e-09	4.96e-04	1.00e+00
 3.94465e+15	3.37e-09	5.33e-04	9.99e-01
 4.05408e+15	3.74e-09	5.67e-04	9.99e-01
 4.17311e+15	4.32e-09	6.07e-04	9.99e-01
 4.30700e+15	5.00e-09	6.54e-04	9.99e-01
 4.43453e+15	5.58e-09	6.98e-04	9.99e-01
 4.57463e+15	6.52e-09	7.51e-04	9.99e-01
 4.73217e+15	7.63e-09	8.13e-04	9.99e-01
 4.88273e+15	8.59e-09	8.73e-04	9.99e-01
 5.04878e+15	1.02e-08	9.44e-04	9.99e-01
 5.23254e+15	1.20e-08	1.03e-03	9.99e-01
 5.40362e+15	1.35e-08	1.10e-03	9.99e-01
 5.59033e+15	1.60e-08	1.20e-03	9.99e-01
 5.77039e+15	1.82e-08	1.28e-03	9.99e-01
 5.89966e+15	2.01e-08	1.35e-03	9.99e-01
 6.02556e+15	2.25e-08	1.42e-03	9.99e-01
 6.18923e+15	2.49e-08	1.51e-03	9.98e-01
 6.36829e+15	2.86e-08	1.62e-03	9.98e-01
 6.52890e+15	3.20e-08	1.71e-03	9.98e-01
 6.69925e+15	3.55e-08	1.82e-03	9.98e-01
 6.92071e+15	4.15e-08	1.96e-03	9.98e-01
 7.14268e+15	4.72e-08	2.11e-03	9.98e-01
 7.31764e+15	5.27e-08	2.24e-03	9.98e-01
 7.49740e+15	5.98e-08	2.37e-03	9.98e-01
 7.73109e+15	6.73e-08	2.55e-03	9.97e-01
 7.98019e+15	7.91e-08	2.75e-03	9.97e-01
 8.19596e+15	8.91e-08	2.93e-03	9.97e-01
 8.42310e+15	1.00e-07	3.12e-03	9.97e-01
 8.71837e+15	1.18e-07	3.40e-03	9.97e-01
 9.01231e+15	1.34e-07	3.67e-03	9.96e-01
 9.25111e+15	1.50e-07	3.92e-03	9.96e-01
 9.50815e+15	1.70e-07	4.19e-03	9.96e-01
 9.84229e+15	2.04e-07	4.58e-03	9.95e-01
 1.01718e+16	2.35e-07	4.96e-03	9.95e-01
 1.04274e+16	2.64e-07	5.29e-03	9.95e-01
 1.06518e+16	2.92e-07	5.59e-03	9.94e-01
 1.09037e+16	3.24e-07	5.94e-03	9.94e-01
 1.11741e+16	3.59e-07	6.34e-03	9.94e-01
 1.14277e+16	4.07e-07	6.74e-03	9.93e-01
 1.16697e+16	4.49e-07	7.13e-03	9.93e-01
 1.19371e+16	4.98e-07	7.60e-03	9.92e-01
 1.22308e+16	5.56e-07	8.14e-03	9.92e-01
 1.25155e+16	6.36e-07	8.71e-03	9.91e-01
 1.27845e+16	7.05e-07	9.27e-03	9.91e-01
 1.30764e+16	7.89e-07	9.95e-03	9.90e-01
 1.33988e+16	8.87e-07	1.07e-02	9.89e-01
 1.36937e+16	1.02e-06	1.15e-02	9.88e-01
 1.39604e+16	1.13e-06	1.23e-02	9.88e-01
 1.42576e+16	1.27e-06	1.32e-02	9.87e-01
 1.45858e+16	1.47e-06	1.44e-02	9.86e-01
 1.48835e+16	1.64e-06	1.55e-02	9.84e-01
 1.51572e+16	1.83e-06	1.67e-02	9.83e-01
 1.54285e+16	2.05e-06	1.79e-02	9.82e-01
 1.56952e+16	2.37e-06	1.94e-02	9.81e-01
 1.59477e+16	2.63e-06	2.08e-02	9.79e-01
 1.62257e+16	3.05e-06	2.27e-02	9.77e-01
 1.65170e+16	3.42e-06	2.48e-02	9.75e-01
 1.67714e+16	3.94e-06	2.69e-02	9.73e-01
 1.69968e+16	4.47e-06	2.91e-02	9.71e-01
 1.72037e+16	4.99e-06	3.13e-02	9.69e-01
 1.74380e+16	5.64e-06	3.42e-02	9.66e-01
 1.76939e+16	6.77e-06	3.79e-02	9.62e-01
 1.79067e+16	7.69e-06	4.13e-02	9.59e-01
 1.80796e+16	8.64e-06	4.45e-02	9.55e-01
 1.82721e+16	9.69e-06	4.86e-02	9.51e-01
 1.85223e+16	1.20e-05	5.51e-02	9.45e-01
 1.87519e+16	1.39e-05	6.19e-02	9.38e-01
 1.89099e+16	1.63e-05	6.77e-02	9.32e-01
 1.90419e+16	1.83e-05	7.31e-02	9.27e-01
 1.91846e+16	2.05e-05	7.98e-02	9.20e-01
 1.93701e+16	2.49e-05	9.02e-02	9.10e-01
 1.95474e+16	2.98e-05	1.02e-01	8.98e-01
 1.96702e+16	3.41e-05	1.11e-01	8.89e-01
 1.97652e+16	3.81e-05	1.20e-01	8.80e-01
 1.98680e+16	4.25e-05	1.30e-01	8.70e-01
 2.00015e+16	4.99e-05	1.45e-01	8.55e-01
 2.01386e+16	6.06e-05	1.63e-01	8.36e-01
 2.02357e+16	6.92e-05	1.78e-01	8.22e-01
 2.02940e+16	7.53e-05	1.88e-01	8.12e-01
 2.03468e+16	8.11e-05	1.98e-01	8.02e-01
 2.04153e+16	8.88e-05	2.12e-01	7.88e-01
 2.05045e+16	1.02e-04	2.31e-01	7.69e-01
 2.05831e+16	1.14e-04	2.50e-01	7.50e-01
 2.06366e+16	1.26e-04	2.64e-01	7.36e-01
 2.06815e+16	1.34e-04	2.76e-01	7.24e-01
 2.07270e+16	1.43e-04	2.89e-01	7.11e-01
 2.07861e+16	1.59e-04	3.07e-01	6.92e-01
 2.08463e+16	1.74e-04	3.27e-01	6.73e-01
 2.08975e+16	1.88e-04	3.44e-01	6.56e-01
 2.09535e+16	2.06e-04	3.65e-01	6.35e-01
 2.10158e+16	2.28e-04	3.88e-01	6.11e-01
 2.10731e+16	2.49e-04	4.11e-01	5.89e-01
 2.11244e+16	2.72e-04	4.32e-01	5.68e-01
 2.11716e+16	2.93e-04	4.52e-01	5.48e-01
 2.12233e+16	3.18e-04	4.74e-01	5.25e-01
 2.12905e+16	3.53e-04	5.04e-01	4.95e-01
 2.13607e+16	3.91e-04	5.35e-01	4.64e-01
 2.14208e+16	4.25e-04	5.62e-01	4.38e-01
 2.14849e+16	4.66e-04	5.91e-01	4.08e-01
 2.15566e+16	5.12e-04	6.22e-01	3.77e-01
 2.16265e+16	5.59e-04	6.52e-01	3.48e-01
 2.17055e+16	6.15e-04	6.84e-01	3.15e-01
 2.17923e+16	6.78e-04	7.17e-01	2.82e-01
 2.18577e+16	7.26e-04	7.39e-01	2.60e-01
 2.18996e+16	7.58e-04	7.53e-01	2.46e-01
 2.19425e+16	7.92e-04	7.67e-01	2.32e-01
 2.19983e+16	8.36e-04	7.84e-01	2.15e-01
 2.20708e+16	8.95e-04	8.05e-01	1.94e-01
 2.21444e+16	9.54e-04	8.23e-01	1.76e-01
 2.22036e+16	1.00e-03	8.37e-01	1.62e-01
 2.22648e+16	1.06e-03	8.50e-01	1.49e-01
 2.23337e+16	1.12e-03	8.63e-01	1.36e-01
 2.23980e+16	1.17e-03	8.74e-01	1.25e-01
 2.24559e+16	1.23e-03	8.84e-01	1.15e-01
 2.25202e+16	1.29e-03	8.93e-01	1.06e-01
 2.25907e+16	1.36e-03	9.02e-01	9.62e-02
 2.26538e+16	1.42e-03	9.10e-01	8.88e-02
 2.27092e+16	1.49e-03	9.16e-01	8.28e-02
 2.27705e+16	1.56e-03	9.22e-01	7.64e-02
 2.28386e+16	1.64e-03	9.28e-01	7.01e-02
 2.29008e+16	1.72e-03	9.33e-01	6.52e-02
 2.29546e+16	1.80e-03	9.37e-01	6.11e-02
 2.30122e+16	1.89e-03	9.41e-01	5.68e-02
 2.30773e+16	1.99e-03	9.45e-01	5.26e-02
 2.31367e+16	2.09e-03	9.49e-01	4.92e-02
 2.31868e+16	2.19e-03	9.51e-01	4.65e-02
 2.32399e+16	2.29e-03	9.54e-01	4.38e-02
 2.32991e+16	2.42e-03	9.57e-01	4.09e-02
 2.33531e+16	2.56e-03	9.59e-01	3.86e-02
 2.34006e+16	2.68e-03	9.61e-01	3.67e-02
 2.34528e+16	2.83e-03	9.63e-01	3.46e-02
 2.35108e+16	3.02e-03	9.65e-01	3.25e-02
 2.35626e+16	3.19e-03	9.66e-01	3.09e-02
 2.36065e+16	3.37e-03	9.67e-01	2.95e-02
 2.36539e+16	3.57e-03	9.68e-01	2.80e-02
 2.37156e+16	3.86e-03	9.70e-01	2.62e-02
 2.37768e+16	4.20e-03	9.71e-01	2.47e-02
 2.38224e+16	4.48e-03	9.72e-01	2.37e-02
 2.38607e+16	4.75e-03	9.72e-01	2.28e-02
 2.39045e+16	5.08e-03	9.73e-01	2.18e-02
 2.39615e+16	5.58e-03	9.74e-01	2.06e-02
 2.40207e+16	6.21e-03	9.74e-01	1.95e-02
 2.40673e+16	6.82e-03	9.74e-01	1.87e-02
 2.41044e+16	7.36e-03	9.75e-01	1.81e-02
 2.41447e+16	8.03e-03	9.75e-01	1.74e-02
 2.41880e+16	8.90e-03	9.74e-01	1.68e-02
 2.42244e+16	9.78e-03	9.74e-01	1.62e-02
 2.42534e+16	1.06e-02	9.74e-01	1.59e-02
 2.42839e+16	1.15e-02	9.73e-01	1.55e-02
 2.43181e+16	1.28e-02	9.72e-01	1.50e-02
 2.43488e+16	1.41e-02	9.71e-01	1.47e-02
 2.43741e+16	1.54e-02	9.70e-01	1.44e-02
 2.44007e+16	1.70e-02	9.69e-01	1.41e-02
 2.44301e+16	1.90e-02	9.67e-01	1.39e-02
 2.44558e+16	2.12e-02	9.65e-01	1.37e-02
 2.44769e+16	2.33e-02	9.63e-01	1.35e-02
 2.44994e+16	2.59e-02	9.61e-01	1.34e-02
 2.45245e+16	2.93e-02	9.57e-01	1.33e-02
 2.45475e+16	3.32e-02	9.54e-01	1.32e-02
 2.45669e+16	3.70e-02	9.50e-01	1.32e-02
 2.45844e+16	4.10e-02	9.46e-01	1.32e-02
 2.46043e+16	4.63e-02	9.40e-01	1.33e-02
 2.46250e+16	5.30e-02	9.34e-01	1.34e-02
 2.46420e+16	5.97e-02	9.27e-01	1.35e-02
 2.46559e+16	6.58e-02	9.20e-01	1.37e-02
 2.46695e+16	7.27e-02	9.13e-01	1.38e-02
 2.46842e+16	8.13e-02	9.05e-01	1.41e-02
 2.46990e+16	9.12e-02	8.94e-01	1.43e-02
 2.47119e+16	1.01e-01	8.84e-01	1.46e-02
 2.47228e+16	1.11e-01	8.74e-01	1.48e-02
 2.47328e+16	1.20e-01	8.65e-01	1.51e-02
 2.47407e+16	1.29e-01	8.56e-01	1.53e-02
 2.47460e+16	1.34e-01	8.50e-01	1.54e-02
 2.47508e+16	1.40e-01	8.44e-01	1.55e-02
 2.47565e+16	1.48e-01	8.37e-01	1.57e-02
 2.47627e+16	1.56e-01	8.28e-01	1.58e-02
 2.47687e+16	1.64e-01	8.20e-01	1.60e-02
 2.47744e+16	1.72e-01	8.11e-01	1.62e-02
 2.47800e+16	1.81e-01	8.02e-01	1.63e-02
 2.47857e+16	1.91e-01	7.93e-01	1.65e-02
 2.47913e+16	2.01e-01	7.83e-01	1.67e-02
 2.47970e+16	2.11e-01	7.72e-01	1.68e-02
 2.48026e+16	2.22e-01	7.61e-01	1.70e-02
 2.48082e+16	2.33e-01	7.50e-01	1.71e-02
 2.48138e+16	2.45e-01	7.37e-01	1.73e-02
 2.48195e+16	2.58e-01	7.24e-01	1.74e-02
 2.48250e+16	2.71e-01	7.11e-01	1.75e-02
 2.48306e+16	2.85e-01	6.98e-01	1.77e-02
 2.48362e+16	2.99e-01	6.83e-01	1.77e-02
 2.48419e+16	3.14e-01	6.68e-01	1.78e-02
 2.48476e+16	3.30e-01	6.52e-01	1.79e-02
 2.48532e+16	3.46e-01	6.36e-01	1.80e-02
 2.48590e+16	3.63e-01	6.19e-01	1.80e-02
 2.48649e+16	3.81e-01	6.01e-01	1.79e-02
 2.48708e+16	3.99e-01	5.83e-01	1.79e-02
 2.48767e+16	4.18e-01	5.64e-01	1.79e-02
 2.48827e+16	4.38e-01	5.44e-01	1.78e-02
 2.48890e+16	4.58e-01	5.24e-01	1.76e-02
 2.48952e+16	4.79e-01	5.04e-01	1.75e-02
 2.49015e+16	4.99e-01	4.84e-01	1.73e-02
 2.49078e+16	5.20e-01	4.63e-01	1.70e-02
 2.49142e+16	5.40e-01	4.43e-01	1.68e-02
 2.49208e+16	5.61e-01	4.23e-01	1.64e-02
 2.49276e+16	5.81e-01	4.03e-01	1.61e-02
 2.49347e+16	6.02e-01	3.83e-01	1.57e-02
 2.49421e+16	6.21e-01	3.63e-01	1.53e-02
 2.49500e+16	6.41e-01	3.44e-01	1.48e-02
 2.49584e+16	6.60e-01	3.25e-01	1.43e-02
 2.49676e+16	6.79e-01	3.07e-01	1.38e-02
 2.49778e+16	6.97e-01	2.90e-01	1.33e-02
 2.49895e+16	7.14e-01	2.73e-01	1.27e-02
 2.50020e+16	7.28e-01	2.60e-01	1.22e-02
 2.50146e+16	7.40e-01	2.49e-01	1.18e-02
 2.50270e+16	7.49e-01	2.40e-01	1.14e-02
 2.50393e+16	7.56e-01	2.33e-01	1.11e-02
 2.50516e+16	7.61e-01	2.28e-01	1.08e-02
 2.50657e+16	7.66e-01	2.23e-01	1.05e-02
 2.50839e+16	7.72e-01	2.18e-01	1.02e-02
 2.51077e+16	7.77e-01	2.13e-01	9.86e-03
 2.51386e+16	7.82e-01	2.08e-01	9.46e-03
 2.51787e+16	7.88e-01	2.03e-01	8.97e-03
 2.52309e+16	7.95e-01	1.97e-01	8.41e-03
 2.52987e+16	8.03e-01	1.89e-01	7.76e-03
 2.53767e+16	8.11e-01	1.81e-01	7.08e-03
 2.54552e+16	8.19e-01	1.74e-01	6.48e-03
 2.55320e+16	8.27e-01	1.67e-01	5.94e-03
 2.56081e+16	8.34e-01	1.61e-01	5.46e-03
 2.56853e+16	8.41e-01	1.54e-01	5.02e-03
 2.57636e+16	8.47e-01	1.48e-01	4.61e-03
 2.58425e+16	8.53e-01	1.42e-01	4.23e-03
 2.59068e+16	8.58e-01	1.38e-01	3.97e-03
 2.59515e+16	8.61e-01	1.35e-01	3.79e-03
 2.59922e+16	8.64e-01	1.32e-01	3.63e-03
 2.60362e+16	8.67e-01	1.30e-01	3.46e-03
 2.60819e+16	8.70e-01	1.27e-01	3.30e-03
 2.61260e+16	8.73e-01	1.24e-01	3.15e-03
 2.61683e+16	8.76e-01	1.21e-01	3.02e-03
 2.62093e+16	8.78e-01	1.19e-01	2.90e-03
 2.62498e+16	8.81e-01	1.17e-01	2.78e-03
 2.62897e+16	8.83e-01	1.14e-01	2.67e-03
 2.63289e+16	8.85e-01	1.12e-01	2.57e-03
 2.63676e+16	8.87e-01	1.10e-01	2.47e-03
 2.64057e+16	8.89e-01	1.08e-01	2.37e-03
 2.64431e+16	8.91e-01	1.06e-01	2.29e-03
 2.64798e+16	8.93e-01	1.05e-01	2.20e-03
 2.65161e+16	8.95e-01	1.03e-01	2.12e-03
 2.65518e+16	8.97e-01	1.01e-01	2.05e-03
 2.65871e+16	8.99e-01	9.94e-02	1.98e-03
 2.66220e+16	9.00e-01	9.78e-02	1.91e-03
 2.66564e+16	9.02e-01	9.63e-02	1.85e-03
 2.66904e+16	9.03e-01	9.48e-02	1.79e-03
 2.67242e+16	9.05e-01	9.33e-02	1.73e-03
 2.67577e+16	9.06e-01	9.19e-02	1.67e-03
 2.67909e+16	9.08e-01	9.05e-02	1.62e-03
 2.68239e+16	9.09e-01	8.91e-02	1.57e-03
 2.68568e+16	9.11e-01	8.78e-02	1.52e-03
 2.68897e+16	9.12e-01	8.65e-02	1.47e-03
 2.69226e+16	9.13e-01	8.52e-02	1.42e-03
 2.69556e+16	9.15e-01	8.39e-02	1.38e-03
 2.69888e+16	9.16e-01	8.26e-02	1.34e-03
 2.70224e+16	9.17e-01	8.14e-02	1.29e-03
 2.70568e+16	9.19e-01	8.01e-02	1.25e-03
 2.70924e+16	9.20e-01	7.88e-02	1.21e-03
 2.71291e+16	9.21e-01	7.75e-02	1.17e-03
 2.71671e+16	9.23e-01	7.62e-02	1.12e-03
 2.72067e+16	9.24e-01	7.49e-02	1.08e-03
 2.72485e+16	9.25e-01	7.35e-02	1.04e-03
 2.72934e+16	9.27e-01	7.20e-02	9.95e-04
 2.73416e+16	9.29e-01	7.04e-02	9.50e-04
 2.73957e+16	9.30e-01	6.87e-02	9.01e-04
 2.74590e+16	9.32e-01	6.67e-02	8.47e-04
 2.75259e+16	9.34e-01	6.48e-02	7.95e-04
 2.75888e+16	9.36e-01	6.30e-02	7.49e-04
 2.76462e+16	9.38e-01	6.15e-02	7.11e-04
 2.76983e+16	9.39e-01	6.01e-02	6.77e-04
 2.77458e+16	9.41e-01	5.88e-02	6.47e-04
 2.77890e+16	9.42e-01	5.77e-02	6.22e-04
 2.78283e+16	9.43e-01	5.67e-02	5.99e-04
 2.78640e+16	9.44e-01	5.58e-02	5.78e-04
 2.78966e+16	9.44e-01	5.50e-02	5.61e-04
 2.79322e+16	9.45e-01	5.41e-02	5.42e-04
 2.79708e+16	9.46e-01	5.32e-02	5.23e-04
 2.80058e+16	9.47e-01	5.23e-02	5.04e-04
 2.80377e+16	9.48e-01	5.16e-02	4.90e-04
 2.80726e+16	9.49e-01	5.07e-02	4.73e-04
 2.81103e+16	9.50e-01	4.99e-02	4.56e-04
 2.81447e+16	9.51e-01	4.90e-02	4.40e-04
 2.81759e+16	9.51e-01	4.83e-02	4.27e-04
 2.82101e+16	9.52e-01	4.75e-02	4.12e-04
 2.82471e+16	9.53e-01	4.67e-02	3.97e-04
 2.82807e+16	9.54e-01	4.59e-02	3.84e-04
 2.83113e+16	9.54e-01	4.53e-02	3.72e-04
 2.83392e+16	9.55e-01	4.47e-02	3.62e-04
 2.83697e+16	9.56e-01	4.40e-02	3.50e-04
 2.84026e+16	9.56e-01	4.33e-02	3.39e-04
 2.84326e+16	9.57e-01	4.27e-02	3.29e-04
 2.84599e+16	9.58e-01	4.21e-02	3.20e-04
 2.84898e+16	9.58e-01	4.14e-02	3.09e-04
 2.85220e+16	9.59e-01	4.08e-02	2.99e-04
 2.85514e+16	9.60e-01	4.02e-02	2.90e-04
 2.85781e+16	9.60e-01	3.96e-02	2.82e-04
 2.86024e+16	9.61e-01	3.92e-02	2.75e-04
 2.86291e+16	9.61e-01	3.86e-02	2.67e-04
 2.86579e+16	9.62e-01	3.80e-02	2.59e-04
 2.86840e+16	9.62e-01	3.75e-02	2.52e-04
 2.87079e+16	9.63e-01	3.71e-02	2.46e-04
 2.87340e+16	9.63e-01	3.65e-02	2.39e-04
 2.87621e+16	9.64e-01	3.60e-02	2.32e-04
 2.87878e+16	9.64e-01	3.55e-02	2.25e-04
 2.88159e+16	9.65e-01	3.50e-02	2.18e-04
 2.88462e+16	9.65e-01	3.45e-02	2.11e-04
 2.88738e+16	9.66e-01	3.40e-02	2.05e-04
 2.88990e+16	9.66e-01	3.35e-02	2.00e-04
 2.89265e+16	9.67e-01	3.30e-02	1.94e-04
 2.89562e+16	9.67e-01	3.25e-02	1.88e-04
 2.89833e+16	9.68e-01	3.21e-02	1.83e-04
 2.90079e+16	9.68e-01	3.17e-02	1.78e-04
 2.90349e+16	9.69e-01	3.12e-02	1.73e-04
 2.90640e+16	9.69e-01	3.08e-02	1.68e-04
 2.90905e+16	9.69e-01	3.04e-02	1.64e-04
 2.91146e+16	9.70e-01	3.00e-02	1.60e-04
 2.91410e+16	9.70e-01	2.96e-02	1.55e-04
 2.91695e+16	9.71e-01	2.91e-02	1.51e-04
 2.91955e+16	9.71e-01	2.88e-02	1.47e-04
 2.92239e+16	9.72e-01	2.84e-02	1.42e-04
 2.92546e+16	9.72e-01	2.79e-02	1.38e-04
 2.92826e+16	9.72e-01	2.76e-02	1.35e-04
 2.93132e+16	9.73e-01	2.71e-02	1.30e-04
 2.93463e+16	9.73e-01	2.67e-02	1.26e-04
 2.93764e+16	9.74e-01	2.63e-02	1.23e-04
 2.94093e+16	9.74e-01	2.59e-02	1.19e-04
 2.94449e+16	9.74e-01	2.54e-02	1.15e-04
 2.94773e+16	9.75e-01	2.50e-02	1.11e-04
 2.95068e+16	9.75e-01	2.47e-02	1.08e-04
 2.95391e+16	9.76e-01	2.43e-02	1.05e-04
 2.95739e+16	9.76e-01	2.39e-02	1.01e-04
 2.96056e+16	9.76e-01	2.36e-02	9.85e-05
 2.96404e+16	9.77e-01	2.32e-02	9.51e-05
 2.96779e+16	9.77e-01	2.28e-02	9.19e-05
 2.97121e+16	9.78e-01	2.24e-02	8.91e-05
 2.97495e+16	9.78e-01	2.20e-02	8.59e-05
 2.97899e+16	9.78e-01	2.16e-02	8.29e-05
 2.98267e+16	9.79e-01	2.13e-02	8.02e-05
 2.98601e+16	9.79e-01	2.09e-02	7.79e-05
 2.98968e+16	9.79e-01	2.06e-02	7.53e-05
 2.99364e+16	9.80e-01	2.02e-02	7.27e-05
 2.99724e+16	9.80e-01	1.99e-02	7.05e-05
 3.00119e+16	9.80e-01	1.95e-02	6.79e-05
 3.00545e+16	9.81e-01	1.92e-02	6.55e-05
 3.00933e+16	9.81e-01	1.89e-02	6.34e-05
 3.01358e+16	9.81e-01	1.85e-02	6.10e-05
 3.01816e+16	9.82e-01	1.81e-02	5.87e-05
 3.02234e+16	9.82e-01	1.78e-02	5.67e-05
 3.02614e+16	9.82e-01	1.76e-02	5.50e-05
 3.03030e+16	9.83e-01	1.72e-02	5.30e-05
 3.03479e+16	9.83e-01	1.69e-02	5.11e-05
 3.03888e+16	9.83e-01	1.66e-02	4.94e-05
 3.04336e+16	9.84e-01	1.63e-02	4.75e-05
 3.04820e+16	9.84e-01	1.60e-02	4.57e-05
 3.05260e+16	9.84e-01	1.57e-02	4.42e-05
 3.05743e+16	9.85e-01	1.54e-02	4.24e-05
 3.06263e+16	9.85e-01	1.51e-02	4.07e-05
 3.06737e+16	9.85e-01	1.48e-02	3.93e-05
 3.07257e+16	9.85e-01	1.45e-02	3.76e-05
 3.07817e+16	9.86e-01	1.42e-02	3.60e-05
 3.08327e+16	9.86e-01	1.39e-02	3.47e-05
 3.08887e+16	9.86e-01	1.36e-02	3.32e-05
 3.09490e+16	9.87e-01	1.33e-02	3.17e-05
 3.10039e+16	9.87e-01	1.30e-02	3.05e-05
 3.10641e+16	9.87e-01	1.27e-02	2.91e-05
 3.11291e+16	9.88e-01	1.24e-02	2.77e-05
 3.11882e+16	9.88e-01	1.22e-02	2.66e-05
 3.12420e+16	9.88e-01	1.19e-02	2.56e-05
 3.13010e+16	9.88e-01	1.17e-02	2.45e-05
 3.13646e+16	9.89e-01	1.14e-02	2.34e-05
 3.14226e+16	9.89e-01	1.12e-02	2.25e-05
 3.14860e+16	9.89e-01	1.09e-02	2.15e-05
 3.15545e+16	9.89e-01	1.06e-02	2.05e-05
 3.16169e+16	9.90e-01	1.04e-02	1.97e-05
 3.16852e+16	9.90e-01	1.02e-02	1.87e-05
 3.17590e+16	9.90e-01	9.92e-03	1.78e-05
 3.18261e+16	9.90e-01	9.71e-03	1.71e-05
 3.18997e+16	9.91e-01	9.46e-03	1.62e-05
 3.19791e+16	9.91e-01	9.21e-03	1.54e-05
 3.20514e+16	9.91e-01	9.00e-03	1.47e-05
 3.21306e+16	9.91e-01	8.76e-03	1.40e-05
 3.22160e+16	9.91e-01	8.52e-03	1.32e-05
 3.22938e+16	9.92e-01	8.32e-03	1.26e-05
 3.23791e+16	9.92e-01	8.08e-03	1.19e-05
 3.24711e+16	9.92e-01	7.85e-03	1.13e-05
 3.25549e+16	9.92e-01	7.66e-03	1.07e-05
 3.26466e+16	9.93e-01	7.43e-03	1.01e-05
 3.27457e+16	9.93e-01	7.21e-03	9.53e-06
 3.28359e+16	9.93e-01	7.02e-03	9.04e-06
 3.29347e+16	9.93e-01	6.81e-03	8.50e-06
 3.30413e+16	9.93e-01	6.60e-03	7.99e-06
 3.31384e+16	9.94e-01	6.42e-03	7.57e-06
 3.32447e+16	9.94e-01	6.21e-03	7.09e-06
 3.33766e+16	9.94e-01	5.97e-03	6.56e-06
 3.35230e+16	9.94e-01	5.72e-03	6.03e-06
 3.36769e+16	9.95e-01	5.47e-03	5.53e-06
 3.38384e+16	9.95e-01	5.23e-03	5.06e-06
 3.40062e+16	9.95e-01	4.99e-03	4.61e-06
 3.41805e+16	9.95e-01	4.76e-03	4.20e-06
 3.43600e+16	9.95e-01	4.53e-03	3.81e-06
 3.45427e+16	9.96e-01	4.32e-03	3.47e-06
 3.47282e+16	9.96e-01	4.11e-03	3.15e-06
 3.49167e+16	9.96e-01	3.91e-03	2.86e-06
 3.51086e+16	9.96e-01	3.73e-03	2.59e-06
 3.53040e+16	9.96e-01	3.54e-03	2.35e-06
 3.55029e+16	9.97e-01	3.37e-03	2.13e-06
 3.57052e+16	9.97e-01	3.20e-03	1.92e-06
 3.59109e+16	9.97e-01	3.04e-03	1.74e-06
 3.61202e+16	9.97e-01	2.89e-03	1.57e-06
 3.63330e+16	9.97e-01	2.75e-03	1.42e-06
 3.65457e+16	9.97e-01	2.61e-03	1.28e-06
 3.67616e+16	9.98e-01	2.48e-03	1.16e-06
 3.69857e+16	9.98e-01	2.35e-03	1.04e-06
 3.72148e+16	9.98e-01	2.23e-03	9.38e-07
 3.74467e+16	9.98e-01	2.11e-03	8.42e-07
 3.76823e+16	9.98e-01	2.00e-03	7.56e-07
 3.79222e+16	9.98e-01	1.89e-03	6.78e-07
 3.81666e+16	9.98e-01	1.79e-03	6.07e-07
 3.84155e+16	9.98e-01	1.69e-03	5.43e-07
 3.86688e+16	9.98e-01	1.60e-03	4.85e-07
 3.89270e+16	9.98e-01	1.51e-03	4.32e-07
 3.91900e+16	9.99e-01	1.42e-03	3.85e-07
 3.94583e+16	9.99e-01	1.34e-03	3.42e-07
 3.97319e+16	9.99e-01	1.26e-03	3.04e-07
 4.00111e+16	9.99e-01	1.19e-03	2.69e-07
 4.02960e+16	9.99e-01	1.11e-03	2.38e-07
 4.05870e+16	9.99e-01	1.05e-03	2.10e-07
 4.08844e+16	9.99e-01	9.82e-04	1.85e-07
 4.11885e+16	9.99e-01	9.20e-04	1.63e-07
 4.14996e+16	9.99e-01	8.60e-04	1.42e-07
 4.18179e+16	9.99e-01	8.04e-04	1.25e-07
 4.21442e+16	9.99e-01	7.51e-04	1.09e-07
 4.24792e+16	9.99e-01	7.00e-04	9.46e-08
 4.28181e+16	9.99e-01	6.52e-04	8.22e-08
 4.31653e+16	9.99e-01	6.07e-04	7.12e-08
 4.35292e+16	9.99e-01	5.63e-04	6.12e-08
 4.39041e+16	9.99e-01	5.21e-04	5.25e-08
 4.42892e+16	1.00e+00	4.81e-04	4.48e-08
 4.46896e+16	1.00e+00	4.43e-04	3.80e-08
 4.51059e+16	1.00e+00	4.07e-04	3.21e-08
 4.55379e+16	1.00e+00	3.72e-04	2.69e-08
 4.59874e+16	1.00e+00	3.40e-04	2.24e-08
 4.64569e+16	1.00e+00	3.09e-04	1.86e-08
 4.69489e+16	1.00e+00	2.80e-04	1.52e-08
 4.74679e+16	1.00e+00	2.52e-04	1.24e-08
 4.80165e+16	1.00e+00	2.26e-04	9.92e-09
 4.85969e+16	1.00e+00	2.01e-04	7.87e-09
 4.92197e+16	1.00e+00	1.77e-04	6.14e-09
 4.98910e+16	1.00e+00	1.55e-04	4.70e-09
 5.06140e+16	1.00e+00	1.35e-04	3.54e-09
 5.14021e+16	1.00e+00	1.15e-04	2.60e-09
 5.22743e+16	1.00e+00	9.73e-05	1.85e-09
 5.32400e+16	1.00e+00	8.06e-05	1.27e-09
 5.43594e+16	1.00e+00	6.48e-05	8.21e-10
 5.56424e+16	1.00e+00	5.09e-05	5.07e-10
 5.69815e+16	1.00e+00	3.97e-05	3.10e-10
 5.83056e+16	1.00e+00	3.12e-05	1.92e-10
 5.96130e+16	1.00e+00	2.47e-05	1.20e-10
 6.09322e+16	1.00e+00	1.96e-05	7.57e-11
 6.22792e+16	1.00e+00	1.55e-05	4.75e-11
 6.36518e+16	1.00e+00	1.23e-05	2.98e-11
 6.50435e+16	1.00e+00	9.72e-06	1.88e-11
 6.64613e+16	1.00e+00	7.71e-06	1.18e-11
 6.79153e+16	1.00e+00	6.10e-06	7.44e-12
 6.93994e+16	1.00e+00	4.83e-06	4.68e-12
 7.09091e+16	1.00e+00	3.83e-06	2.95e-12
 7.24502e+16	1.00e+00	3.04e-06	1.86e-12
 7.40310e+16	1.00e+00	2.41e-06	1.17e-12
 7.56578e+16	1.00e+00	1.91e-06	7.34e-13
 7.73370e+16	1.00e+00	1.50e-06	4.59e-13
 7.90677e+16	1.00e+00	1.19e-06	2.85e-13
 8.08475e+16	1.00e+00	9.33e-07	1.77e-13
 8.26815e+16	1.00e+00	7.34e-07	1.10e-13
 8.45805e+16	1.00e+00	5.74e-07	6.73e-14
 8.65560e+16	1.00e+00	4.48e-07	4.09e-14
 8.86171e+16	1.00e+00	3.47e-07	2.47e-14
 9.07783e+16	1.00e+00	2.68e-07	1.47e-14
 9.30615e+16	1.00e+00	2.05e-07	8.58e-15
 9.54698e+16	1.00e+00	1.55e-07	4.94e-15
 9.79353e+16	1.00e+00	1.18e-07	2.85e-15
 1.00373e+17	1.00e+00	9.03e-08	1.68e-15
 1.02767e+17	1.00e+00	7.00e-08	1.01e-15
 1.05132e+17	1.00e+00	5.46e-08	6.15e-16
 1.07474e+17	1.00e+00	4.30e-08	3.81e-16
 1.09782e+17	1.00e+00	3.41e-08	2.40e-16
 1.12040e+17	1.00e+00	2.73e-08	1.54e-16
 1.14236e+17	1.00e+00	2.20e-08	1.00e-16
 1.16367e+17	1.00e+00	1.80e-08	6.69e-17
 1.18429e+17	1.00e+00	1.48e-08	4.54e-17
 1.20418e+17	1.00e+00	1.23e-08	3.15e-17
 1.22331e+17	1.00e+00	1.03e-08	2.22e-17
 1.24166e+17	1.00e+00	8.76e-09	1.59e-17
 1.25923e+17	1.00e+00	7.49e-09	1.17e-17
 1.27601e+17	1.00e+00	6.46e-09	8.68e-18
 1.29202e+17	1.00e+00	5.62e-09	6.56e-18
 1.30728e+17	1.00e+00	4.92e-09	5.05e-18
 1.32181e+17	1.00e+00	4.35e-09	3.93e-18
 1.33563e+17	1.00e+00	3.87e-09	3.11e-18
 1.34876e+17	1.00e+00	3.46e-09	2.50e-18
 1.36125e+17	1.00e+00	3.12e-09	2.03e-18
 1.37311e+17	1.00e+00	2.83e-09	1.66e-18
 1.38438e+17	1.00e+00	2.57e-09	1.38e-18
 1.39506e+17	1.00e+00	2.36e-09	1.16e-18
 1.40520e+17	1.00e+00	2.17e-09	9.83e-19
 1.41483e+17	1.00e+00	2.01e-09	8.41e-19
 1.42398e+17	1.00e+00	1.86e-09	7.26e-19
 1.43268e+17	1.00e+00	1.74e-09	6.31e-19
 1.44093e+17	1.00e+00	1.63e-09	5.53e-19
 1.44877e+17	1.00e+00	1.53e-09	4.88e-19
 1.45622e+17	1.00e+00	1.44e-09	4.34e-19
 1.46330e+17	1.00e+00	1.36e-09	3.88e-19
 1.47003e+17	1.00e+00	1.29e-09	3.49e-19
 1.47644e+17	1.00e+00	1.23e-09	3.16e-19
 1.48254e+17	1.00e+00	1.17e-09	2.87e-19
 1.48834e+17	1.00e+00	1.12e-09	2.62e-19
 1.49387e+17	1.00e+00	1.07e-09	2.40e-19
 1.49914e+17	1.00e+00	1.03e-09	2.21e-19
 1.50417e+17	1.00e+00	9.89e-10	2.05e-19
 1.50896e+17	1.00e+00	9.53e-10	1.90e-19
 1.51354e+17	1.00e+00	9.20e-10	1.77e-19
 1.51792e+17	1.00e+00	8.90e-10	1.66e-19
 1.52211e+17	1.00e+00	8.61e-10	1.55e-19
 1.52612e+17	1.00e+00	8.35e-10	1.46e-19
 1.52996e+17	1.00e+00	8.11e-10	1.38e-19
 1.53365e+17	1.00e+00	7.88e-10	1.30e-19
 1.53719e+17	1.00e+00	7.67e-10	1.23e-19
 1.54060e+17	1.00e+00	7.48e-10	1.17e-19
 1.54388e+17	1.00e+00	7.29e-10	1.11e-19
 1.54706e+17	1.00e+00	7.12e-10	1.06e-19
 1.55012e+17	1.00e+00	6.95e-10	1.01e-19
 1.55310e+17	1.00e+00	6.80e-10	9.69e-20
 1.55599e+17	1.00e+00	6.65e-10	9.28e-20
 1.55880e+17	1.00e+00	6.51e-10	8.89e-20
 1.56156e+17	1.00e+00	6.38e-10	8.53e-20
 1.56425e+17	1.00e+00	6.25e-10	8.19e-20
 1.56691e+17	1.00e+00	6.12e-10	7.87e-20
 1.56953e+17	1.00e+00	6.00e-10	7.56e-20
 1.57214e+17	1.00e+00	5.88e-10	7.27e-20
 1.57474e+17	1.00e+00	5.77e-10	6.99e-20
 1.57735e+17	1.00e+00	5.66e-10	6.72e-20
 1.58000e+17	1.00e+00	5.55e-10	6.46e-20
 1.58269e+17	1.00e+00	5.43e-10	6.20e-20
 1.58546e+17	1.00e+00	5.32e-10	5.95e-20
 1.58834e+17	1.00e+00	5.21e-10	5.69e-20
 1.59136e+17	1.00e+00	5.09e-10	5.44e-20
 1.59459e+17	1.00e+00	4.97e-10	5.18e-20
 1.59807e+17	1.00e+00	4.84e-10	4.91e-20
 1.60192e+17	1.00e+00	4.70e-10	4.64e-20
 1.60624e+17	1.00e+00	4.55e-10	4.34e-20
 1.61122e+17	1.00e+00	4.38e-10	4.03e-20
 1.61713e+17	1.00e+00	4.18e-10	3.68e-20
 1.62438e+17	1.00e+00	3.96e-10	3.30e-20
 1.63360e+17	1.00e+00	3.69e-10	2.86e-20
 1.64556e+17	1.00e+00	3.37e-10	2.39e-20
 1.66112e+17	1.00e+00	3.00e-10	1.89e-20
 1.68134e+17	1.00e+00	2.57e-10	1.40e-20
 1.70763e+17	1.00e+00	2.12e-10	9.47e-21
 1.74180e+17	1.00e+00	1.65e-10	0.00e+00
 1.78623e+17	1.00e+00	1.20e-10	0.00e+00
 1.84237e+17	1.00e+00	8.10e-11	0.00e+00
 1.90501e+17	1.00e+00	5.32e-11	0.00e+00
 1.96949e+17	1.00e+00	3.50e-11	0.00e+00
 2.03552e+17	1.00e+00	2.33e-11	0.00e+00
 2.10186e+17	1.00e+00	1.57e-11	0.00e+00
 2.16821e+17	1.00e+00	1.09e-11	0.00e+00
 2.23455e+17	1.00e+00	7.83e-12	0.00e+00
 2.30090e+17	1.00e+00	5.79e-12	0.00e+00
 2.36724e+17	1.00e+00	4.45e-12	0.00e+00
 2.43358e+17	1.00e+00	3.56e-12	0.00e+00
 2.49993e+17	1.00e+00	2.96e-12	0.00e+00
 2.56627e+17	1.00e+00	2.55e-12	0.00e+00
 2.63262e+17	1.00e+00	2.26e-12	0.00e+00
 2.69896e+17	1.00e+00	2.05e-12	0.00e+00
 2.76530e+17	1.00e+00	1.89e-12	0.00e+00
 2.83165e+17	1.00e+00	1.77e-12	0.00e+00
 2.89799e+17	1.00e+00	1.68e-12	0.00e+00
 2.96433e+17	1.00e+00	1.60e-12	0.00e+00
 3.03068e+17	1.00e+00	1.53e-12	0.00e+00
 3.09702e+17	1.00e+00	1.47e-12	0.00e+00
 3.17331e+17	1.00e+00	1.41e-12	0.00e+00
 3.27250e+17	1.00e+00	1.13e-12	0.00e+00
 3.39513e+17	1.00e+00	7.85e-13	0.00e+00
 3.53093e+17	1.00e+00	5.52e-13	0.00e+00
 3.67217e+17	1.00e+00	4.62e-13	0.00e+00
 3.81057e+17	1.00e+00	3.89e-13	0.00e+00
 3.93271e+17	1.00e+00	3.95e-13	0.00e+00
 4.03629e+17	1.00e+00	4.51e-13	0.00e+00
 4.12956e+17	1.00e+00	4.89e-13	0.00e+00
 4.23405e+17	1.00e+00	4.75e-13	0.00e+00
 4.34988e+17	1.00e+00	3.21e-13	0.00e+00
 4.44329e+17	1.00e+00	2.78e-13	0.00e+00
 4.49522e+17	1.00e+00	3.43e-13	0.00e+00
 4.51646e+17	1.00e+00	4.14e-13	0.00e+00
 4.52595e+17	1.00e+00	4.45e-13	0.00e+00
 4.53164e+17	1.00e+00	4.62e-13	0.00e+00
 4.53531e+17	1.00e+00	4.71e-13	0.00e+00
 4.53872e+17	1.00e+00	4.77e-13	0.00e+00
 4.54304e+17	1.00e+00	4.84e-13	0.00e+00
 4.54800e+17	1.00e+00	4.91e-13	0.00e+00
 4.55271e+17	1.00e+00	4.96e-13	0.00e+00
 4.55640e+17	1.00e+00	5.01e-13	0.00e+00
 4.55933e+17	1.00e+00	5.03e-13	0.00e+00
 4.56219e+17	1.00e+00	5.05e-13	0.00e+00
 4.56524e+17	1.00e+00	5.07e-13	0.00e+00
 4.56848e+17	1.00e+00	5.09e-13	0.00e+00
 4.57152e+17	1.00e+00	5.10e-13	0.00e+00
 4.57411e+17	1.00e+00	5.11e-13	0.00e+00
 4.57634e+17	1.00e+00	5.11e-13	0.00e+00
 4.57845e+17	1.00e+00	5.12e-13	0.00e+00
 4.58071e+17	1.00e+00	5.12e-13	0.00e+00
 4.58324e+17	1.00e+00	5.12e-13	0.00e+00
 4.58561e+17	1.00e+00	5.11e-13	0.00e+00
 4.58747e+17	1.00e+00	5.11e-13	0.00e+00
 4.58908e+17	1.00e+00	5.11e-13	0.00e+00
 4.59088e+17	1.00e+00	5.11e-13	0.00e+00
 4.59292e+17	1.00e+00	5.10e-13	0.00e+00
 4.59488e+17	1.00e+00	5.09e-13	0.00e+00
 4.59660e+17	1.00e+00	5.08e-13	0.00e+00
 4.59821e+17	1.00e+00	5.08e-13	0.00e+00
 4.59984e+17	1.00e+00	5.07e-13	0.00e+00
 4.60155e+17	1.00e+00	5.06e-13	0.00e+00
 4.60332e+17	1.00e+00	5.05e-13	0.00e+00
 4.60501e+17	1.00e+00	5.03e-13	0.00e+00
 4.60660e+17	1.00e+00	5.02e-13	0.00e+00
 4.60814e+17	1.00e+00	5.01e-13	0.00e+00
 4.60969e+17	1.00e+00	5.00e-13	0.00e+00
 4.61136e+17	1.00e+00	4.99e-13	0.00e+00
 4.61312e+17	1.00e+00	4.97e-13	0.00e+00
 4.61477e+17	1.00e+00	4.95e-13	0.00e+00
 4.61633e+17	1.00e+00	4.94e-13	0.00e+00
 4.61799e+17	1.00e+00	4.92e-13	0.00e+00
 4.61974e+17	1.00e+00	4.90e-13	0.00e+00
 4.62154e+17	1.00e+00	4.88e-13	0.00e+00
 4.62336e+17	1.00e+00	4.86e-13	0.00e+00
 4.62508e+17	1.00e+00	4.84e-13	0.00e+00
 4.62677e+17	1.00e+00	4.82e-13	0.00e+00
 4.62861e+17	1.00e+00	4.80e-13	0.00e+00
 4.63076e+17	1.00e+00	4.77e-13	0.00e+00
 4.63297e+17	1.00e+00	4.74e-13	0.00e+00
 4.63490e+17	1.00e+00	4.72e-13	0.00e+00
 4.63677e+17	1.00e+00	4.69e-13	0.00e+00
 4.63886e+17	1.00e+00	4.67e-13	0.00e+00
 4.64107e+17	1.00e+00	4.63e-13	0.00e+00
 4.64328e+17	1.00e+00	4.60e-13	0.00e+00
 4.64555e+17	1.00e+00	4.57e-13	0.00e+00
 4.64789e+17	1.00e+00	4.53e-13	0.00e+00
 4.65013e+17	1.00e+00	4.50e-13	0.00e+00
 4.65250e+17	1.00e+00	4.46e-13	0.00e+00
 4.65516e+17	1.00e+00	4.43e-13	0.00e+00
 4.65799e+17	1.00e+00	4.38e-13	0.00e+00
 4.66081e+17	1.00e+00	4.33e-13	0.00e+00
 4.66350e+17	1.00e+00	4.29e-13	0.00e+00
 4.66617e+17	1.00e+00	4.25e-13	0.00e+00
 4.66897e+17	1.00e+00	4.20e-13	0.00e+00
 4.67203e+17	1.00e+00	4.15e-13	0.00e+00
 4.67530e+17	1.00e+00	4.10e-13	0.00e+00
 4.67872e+17	1.00e+00	4.04e-13	0.00e+00
 4.68207e+17	1.00e+00	3.98e-13	0.00e+00
 4.68533e+17	1.00e+00	3.93e-13	0.00e+00
 4.68866e+17	1.00e+00	3.87e-13	0.00e+00
 4.69220e+17	1.00e+00	3.81e-13	0.00e+00
 4.69599e+17	1.00e+00	3.75e-13	0.00e+00
 4.69987e+17	1.00e+00	3.68e-13	0.00e+00
 4.70377e+17	1.00e+00	3.61e-13	0.00e+00
 4.70773e+17	1.00e+00	3.55e-13	0.00e+00
 4.71195e+17	1.00e+00	3.48e-13	0.00e+00
 4.71640e+17	1.00e+00	3.40e-13	0.00e+00
 4.72074e+17	1.00e+00	3.32e-13	0.00e+00
 4.72512e+17	1.00e+00	3.25e-13	0.00e+00
 4.72976e+17	1.00e+00	3.18e-13	0.00e+00
 4.73460e+17	1.00e+00	3.09e-13	0.00e+00
 4.73951e+17	1.00e+00	3.01e-13	0.00e+00
 4.74427e+17	1.00e+00	2.93e-13	0.00e+00
 4.74917e+17	1.00e+00	2.85e-13	0.00e+00
 4.75448e+17	1.00e+00	2.77e-13	0.00e+00
 4.76007e+17	1.00e+00	2.68e-13	0.00e+00
 4.76561e+17	1.00e+00	2.59e-13	0.00e+00
 4.77095e+17	1.00e+00	2.50e-13	0.00e+00
 4.77641e+17	1.00e+00	2.42e-13	0.00e+00
 4.78232e+17	1.00e+00	2.34e-13	0.00e+00
 4.78857e+17	1.00e+00	2.24e-13	0.00e+00
 4.79480e+17	1.00e+00	2.15e-13	0.00e+00
 4.80090e+17	1.00e+00	2.06e-13	0.00e+00
 4.80706e+17	1.00e+00	1.98e-13	0.00e+00
 4.81348e+17	1.00e+00	1.89e-13	0.00e+00
 4.82017e+17	1.00e+00	1.80e-13	0.00e+00
 4.82699e+17	1.00e+00	1.71e-13	0.00e+00
 4.83380e+17	1.00e+00	1.62e-13	0.00e+00
 4.84079e+17	1.00e+00	1.54e-13	0.00e+00
 4.84823e+17	1.00e+00	1.45e-13	0.00e+00
 4.85572e+17	1.00e+00	1.36e-13	0.00e+00
 4.86310e+17	1.00e+00	1.28e-13	0.00e+00
 4.87053e+17	1.00e+00	1.21e-13	0.00e+00
 4.87851e+17	1.00e+00	1.13e-13	0.00e+00
 4.88736e+17	1.00e+00	1.04e-13	0.00e+00
 4.89629e+17	1.00e+00	9.58e-14	0.00e+00
 4.90458e+17	1.00e+00	8.82e-14	0.00e+00
 4.91196e+17	1.00e+00	8.17e-14	0.00e+00
 4.91840e+17	1.00e+00	7.64e-14	0.00e+00
 4.92416e+17	1.00e+00	7.19e-14	0.00e+00
 4.92963e+17	1.00e+00	6.80e-14	0.00e+00
 4.93500e+17	1.00e+00	6.42e-14	0.00e+00
 4.94018e+17	1.00e+00	6.08e-14	0.00e+00
 4.94503e+17	1.00e+00	5.76e-14	0.00e+00
 4.94953e+17	1.00e+00	5.48e-14	0.00e+00
 4.95376e+17	1.00e+00	5.22e-14	0.00e+00
 4.95784e+17	1.00e+00	4.99e-14	0.00e+00
 4.96182e+17	1.00e+00	4.76e-14	0.00e+00
 4.96567e+17	1.00e+00	4.55e-14	0.00e+00
 4.96935e+17	1.00e+00	4.36e-14	0.00e+00
 4.97286e+17	1.00e+00	4.18e-14	0.00e+00
 4.97624e+17	1.00e+00	4.01e-14	0.00e+00
 4.97953e+17	1.00e+00	3.85e-14	0.00e+00
 4.98273e+17	1.00e+00	3.70e-14	0.00e+00
 4.98582e+17	1.00e+00	3.56e-14	0.00e+00
 4.98880e+17	1.00e+00	3.43e-14	0.00e+00
 4.99168e+17	1.00e+00	3.30e-14	0.00e+00
 4.99446e+17	1.00e+00	3.18e-14	0.00e+00
 4.99717e+17	1.00e+00	3.07e-14	0.00e+00
 4.99981e+17	1.00e+00	2.96e-14	0.00e+00
 5.00237e+17	1.00e+00	2.85e-14	0.00e+00
 5.00484e+17	1.00e+00	2.75e-14	0.00e+00
 5.00723e+17	1.00e+00	2.66e-14	0.00e+00
 5.00954e+17	1.00e+00	2.57e-14	0.00e+00
 5.01181e+17	1.00e+00	2.49e-14	0.00e+00
 5.01404e+17	1.00e+00	2.41e-14	0.00e+00
 5.01657e+17	1.00e+00	2.33e-14	0.00e+00
 5.01986e+17	1.00e+00	2.23e-14	0.00e+00
