#depth	C	C+	C+2	C+3	C+4	C+5	C+6	C[1]	C[2]	C[3]	C+[1]	C+[2]	CO
 1.49634e+10	0.00e+00	0.00e+00	2.67e-29	1.54e-19	3.44e-09	1.06e-03	9.99e-01	0.00e+00	0.00e+00	0.00e+00	0.00e+00	0.00e+00	0.00e+00
 4.54887e+10	0.00e+00	2.86e-39	3.66e-29	1.96e-19	4.03e-09	1.15e-03	9.99e-01	0.00e+00	0.00e+00	0.00e+00	0.00e+00	0.00e+00	0.00e+00
 7.72350e+10	0.00e+00	0.00e+00	5.04e-29	2.49e-19	4.73e-09	1.25e-03	9.99e-01	0.00e+00	0.00e+00	0.00e+00	0.00e+00	0.00e+00	1.08e-211
 1.10251e+11	0.00e+00	6.34e-39	6.94e-29	3.16e-19	5.57e-09	1.35e-03	9.99e-01	0.00e+00	0.00e+00	0.00e+00	0.00e+00	0.00e+00	4.97e-217
 1.43093e+11	0.00e+00	0.00e+00	9.42e-29	3.98e-19	6.50e-09	1.46e-03	9.99e-01	0.00e+00	0.00e+00	0.00e+00	0.00e+00	0.00e+00	0.00e+00
 1.77248e+11	0.00e+00	1.36e-38	1.28e-28	5.03e-19	7.60e-09	1.57e-03	9.98e-01	0.00e+00	0.00e+00	0.00e+00	0.00e+00	0.00e+00	0.00e+00
 2.12424e+11	0.00e+00	0.00e+00	1.74e-28	6.32e-19	8.87e-09	1.70e-03	9.98e-01	0.00e+00	0.00e+00	0.00e+00	0.00e+00	0.00e+00	5.63e-287
 2.45675e+11	0.00e+00	2.82e-38	2.30e-28	7.80e-19	1.02e-08	1.82e-03	9.98e-01	0.00e+00	0.00e+00	0.00e+00	0.00e+00	0.00e+00	4.48e-215
 2.82097e+11	0.00e+00	0.00e+00	3.09e-28	9.75e-19	1.19e-08	1.96e-03	9.98e-01	0.00e+00	0.00e+00	0.00e+00	0.00e+00	0.00e+00	3.79e-209
 3.22297e+11	0.00e+00	6.02e-38	4.23e-28	1.24e-18	1.39e-08	2.12e-03	9.98e-01	0.00e+00	0.00e+00	0.00e+00	0.00e+00	0.00e+00	5.63e-214
 3.60999e+11	0.00e+00	0.00e+00	5.66e-28	1.54e-18	1.62e-08	2.28e-03	9.98e-01	0.00e+00	0.00e+00	0.00e+00	0.00e+00	0.00e+00	4.99e-285
 4.02259e+11	0.00e+00	1.26e-37	7.66e-28	1.93e-18	1.89e-08	2.46e-03	9.98e-01	0.00e+00	0.00e+00	0.00e+00	0.00e+00	0.00e+00	8.97e-165
 4.43251e+11	0.00e+00	0.00e+00	1.02e-27	2.40e-18	2.18e-08	2.64e-03	9.97e-01	0.00e+00	0.00e+00	0.00e+00	0.00e+00	0.00e+00	2.42e-211
 4.77760e+11	0.00e+00	2.42e-37	1.29e-27	2.87e-18	2.46e-08	2.80e-03	9.97e-01	0.00e+00	0.00e+00	0.00e+00	0.00e+00	0.00e+00	7.97e-164
 5.14729e+11	0.00e+00	0.00e+00	1.66e-27	3.46e-18	2.80e-08	2.98e-03	9.97e-01	0.00e+00	0.00e+00	0.00e+00	0.00e+00	0.00e+00	5.31e-234
 5.61301e+11	0.00e+00	4.79e-37	2.24e-27	4.35e-18	3.27e-08	3.21e-03	9.97e-01	0.00e+00	0.00e+00	0.00e+00	0.00e+00	0.00e+00	7.70e-163
 6.10016e+11	0.00e+00	0.00e+00	3.03e-27	5.46e-18	3.81e-08	3.47e-03	9.97e-01	0.00e+00	0.00e+00	0.00e+00	0.00e+00	0.00e+00	5.69e-210
 6.53978e+11	0.00e+00	9.71e-37	3.95e-27	6.67e-18	4.36e-08	3.70e-03	9.96e-01	0.00e+00	0.00e+00	0.00e+00	0.00e+00	0.00e+00	8.16e-162
 7.02099e+11	0.00e+00	0.00e+00	5.25e-27	8.27e-18	5.06e-08	3.97e-03	9.96e-01	0.00e+00	0.00e+00	0.00e+00	0.00e+00	0.00e+00	2.79e-209
 7.58847e+11	0.00e+00	2.06e-36	7.24e-27	1.05e-17	5.96e-08	4.30e-03	9.96e-01	0.00e+00	0.00e+00	0.00e+00	0.00e+00	0.00e+00	9.88e-161
 8.15742e+11	9.03e-47	3.03e-36	9.86e-27	1.33e-17	6.98e-08	4.65e-03	9.95e-01	0.00e+00	0.00e+00	0.00e+00	0.00e+00	0.00e+00	0.00e+00
 8.70153e+11	0.00e+00	0.00e+00	1.32e-26	1.66e-17	8.10e-08	4.99e-03	9.95e-01	0.00e+00	0.00e+00	0.00e+00	0.00e+00	0.00e+00	2.54e-196
 9.30126e+11	0.00e+00	6.36e-36	1.79e-26	2.09e-17	9.49e-08	5.38e-03	9.95e-01	0.00e+00	0.00e+00	0.00e+00	0.00e+00	0.00e+00	0.00e+00
 9.97258e+11	3.60e-46	9.63e-36	2.50e-26	2.69e-17	1.13e-07	5.84e-03	9.94e-01	0.00e+00	0.00e+00	0.00e+00	0.00e+00	0.00e+00	7.50e-139
 1.06707e+12	0.00e+00	0.00e+00	3.48e-26	3.45e-17	1.34e-07	6.34e-03	9.94e-01	0.00e+00	0.00e+00	0.00e+00	0.00e+00	0.00e+00	0.00e+00
 1.13044e+12	0.00e+00	2.10e-35	4.67e-26	4.31e-17	1.55e-07	6.81e-03	9.93e-01	0.00e+00	0.00e+00	0.00e+00	0.00e+00	0.00e+00	2.16e-157
 1.18305e+12	1.29e-45	2.81e-35	5.91e-26	5.15e-17	1.75e-07	7.22e-03	9.93e-01	0.00e+00	0.00e+00	0.00e+00	0.00e+00	0.00e+00	1.51e-204
 1.24016e+12	0.00e+00	0.00e+00	7.62e-26	6.24e-17	2.00e-07	7.67e-03	9.92e-01	0.00e+00	0.00e+00	0.00e+00	0.00e+00	0.00e+00	0.00e+00
 1.31286e+12	0.00e+00	5.66e-35	1.04e-25	7.89e-17	2.35e-07	8.28e-03	9.92e-01	0.00e+00	0.00e+00	0.00e+00	0.00e+00	0.00e+00	1.65e-203
 1.38848e+12	4.76e-45	8.34e-35	1.42e-25	9.98e-17	2.75e-07	8.94e-03	9.91e-01	0.00e+00	0.00e+00	0.00e+00	0.00e+00	0.00e+00	4.09e-136
 1.45398e+12	0.00e+00	1.16e-34	1.85e-25	1.22e-16	3.15e-07	9.52e-03	9.90e-01	0.00e+00	0.00e+00	0.00e+00	0.00e+00	0.00e+00	0.00e+00
 1.52368e+12	1.07e-44	1.63e-34	2.44e-25	1.50e-16	3.64e-07	1.02e-02	9.90e-01	0.00e+00	0.00e+00	0.00e+00	0.00e+00	0.00e+00	2.88e-135
 1.60929e+12	0.00e+00	2.45e-34	3.38e-25	1.92e-16	4.30e-07	1.10e-02	9.89e-01	0.00e+00	0.00e+00	0.00e+00	0.00e+00	0.00e+00	0.00e+00
 1.69567e+12	2.78e-44	3.64e-34	4.65e-25	2.44e-16	5.06e-07	1.19e-02	9.88e-01	0.00e+00	0.00e+00	0.00e+00	0.00e+00	0.00e+00	2.96e-134
 1.77223e+12	0.00e+00	5.12e-34	6.12e-25	3.00e-16	5.84e-07	1.27e-02	9.87e-01	0.00e+00	0.00e+00	0.00e+00	0.00e+00	0.00e+00	0.00e+00
 1.85600e+12	6.55e-44	7.44e-34	8.27e-25	3.76e-16	6.81e-07	1.37e-02	9.86e-01	0.00e+00	0.00e+00	0.00e+00	0.00e+00	0.00e+00	2.32e-133
 1.95637e+12	0.00e+00	1.14e-33	1.17e-24	4.88e-16	8.12e-07	1.48e-02	9.85e-01	0.00e+00	0.00e+00	0.00e+00	0.00e+00	0.00e+00	0.00e+00
 2.05596e+12	1.80e-43	1.72e-33	1.63e-24	6.26e-16	9.63e-07	1.61e-02	9.84e-01	0.00e+00	0.00e+00	0.00e+00	0.00e+00	0.00e+00	2.62e-132
 2.14431e+12	0.00e+00	2.45e-33	2.16e-24	7.75e-16	1.11e-06	1.72e-02	9.83e-01	0.00e+00	0.00e+00	0.00e+00	0.00e+00	0.00e+00	0.00e+00
 2.24041e+12	4.34e-43	3.60e-33	2.94e-24	9.77e-16	1.30e-06	1.85e-02	9.82e-01	0.00e+00	0.00e+00	0.00e+00	0.00e+00	0.00e+00	2.17e-131
 2.35558e+12	0.00e+00	5.61e-33	4.21e-24	1.28e-15	1.57e-06	2.01e-02	9.80e-01	0.00e+00	0.00e+00	0.00e+00	0.00e+00	0.00e+00	0.00e+00
 2.47052e+12	1.24e-42	8.65e-33	5.95e-24	1.66e-15	1.87e-06	2.18e-02	9.78e-01	0.00e+00	0.00e+00	0.00e+00	0.00e+00	0.00e+00	2.65e-130
 2.57540e+12	0.00e+00	1.27e-32	8.11e-24	2.09e-15	2.19e-06	2.35e-02	9.77e-01	0.00e+00	0.00e+00	0.00e+00	0.00e+00	0.00e+00	0.00e+00
 2.69223e+12	3.26e-42	1.93e-32	1.14e-23	2.69e-15	2.60e-06	2.54e-02	9.75e-01	0.00e+00	0.00e+00	0.00e+00	0.00e+00	0.00e+00	2.61e-129
 2.82840e+12	0.00e+00	3.10e-32	1.66e-23	3.58e-15	3.15e-06	2.78e-02	9.72e-01	0.00e+00	0.00e+00	0.00e+00	0.00e+00	0.00e+00	0.00e+00
 2.96253e+12	9.91e-42	4.88e-32	2.40e-23	4.71e-15	3.79e-06	3.03e-02	9.70e-01	0.00e+00	0.00e+00	0.00e+00	0.00e+00	0.00e+00	3.62e-128
 3.08938e+12	0.00e+00	7.41e-32	3.35e-23	6.05e-15	4.50e-06	3.28e-02	9.67e-01	0.00e+00	0.00e+00	0.00e+00	0.00e+00	0.00e+00	0.00e+00
 3.23024e+12	2.81e-41	1.16e-31	4.82e-23	7.93e-15	5.40e-06	3.57e-02	9.64e-01	0.00e+00	0.00e+00	0.00e+00	0.00e+00	0.00e+00	4.20e-127
 3.36946e+12	0.00e+00	1.79e-31	6.81e-23	1.03e-14	6.44e-06	3.87e-02	9.61e-01	0.00e+00	0.00e+00	0.00e+00	0.00e+00	0.00e+00	0.00e+00
 3.48238e+12	7.09e-41	2.51e-31	8.96e-23	1.26e-14	7.39e-06	4.12e-02	9.59e-01	0.00e+00	0.00e+00	0.00e+00	0.00e+00	0.00e+00	3.69e-126
 3.60133e+12	0.00e+00	3.56e-31	1.19e-22	1.56e-14	8.52e-06	4.40e-02	9.56e-01	0.00e+00	0.00e+00	0.00e+00	0.00e+00	0.00e+00	0.00e+00
 3.75595e+12	1.83e-40	5.53e-31	1.69e-22	2.03e-14	1.02e-05	4.78e-02	9.52e-01	0.00e+00	0.00e+00	0.00e+00	0.00e+00	0.00e+00	3.41e-125
 3.92112e+12	0.00e+00	8.71e-31	2.44e-22	2.67e-14	1.22e-05	5.20e-02	9.48e-01	0.00e+00	0.00e+00	0.00e+00	0.00e+00	0.00e+00	0.00e+00
 4.05854e+12	4.89e-40	1.25e-30	3.28e-22	3.32e-14	1.42e-05	5.57e-02	9.44e-01	0.00e+00	0.00e+00	0.00e+00	0.00e+00	0.00e+00	3.41e-124
 4.17671e+12	0.00e+00	1.70e-30	4.19e-22	3.99e-14	1.61e-05	5.89e-02	9.41e-01	0.00e+00	0.00e+00	0.00e+00	0.00e+00	0.00e+00	0.00e+00
 4.31136e+12	1.06e-39	2.39e-30	5.51e-22	4.90e-14	1.84e-05	6.27e-02	9.37e-01	0.00e+00	0.00e+00	0.00e+00	0.00e+00	0.00e+00	2.09e-123
 4.48640e+12	0.00e+00	3.65e-30	7.76e-22	6.33e-14	2.19e-05	6.79e-02	9.32e-01	0.00e+00	0.00e+00	0.00e+00	0.00e+00	0.00e+00	0.00e+00
 4.66852e+12	2.95e-39	5.60e-30	1.09e-21	8.18e-14	2.60e-05	7.34e-02	9.27e-01	0.00e+00	0.00e+00	0.00e+00	0.00e+00	0.00e+00	2.30e-122
 4.82183e+12	0.00e+00	7.91e-30	1.45e-21	1.01e-13	2.98e-05	7.83e-02	9.22e-01	0.00e+00	0.00e+00	0.00e+00	0.00e+00	0.00e+00	0.00e+00
 4.98314e+12	6.82e-39	1.13e-29	1.92e-21	1.25e-13	3.44e-05	8.35e-02	9.16e-01	0.00e+00	0.00e+00	0.00e+00	0.00e+00	0.00e+00	1.65e-121
 5.19076e+12	0.00e+00	1.74e-29	2.74e-21	1.62e-13	4.10e-05	9.05e-02	9.09e-01	0.00e+00	0.00e+00	0.00e+00	0.00e+00	0.00e+00	0.00e+00
 5.40447e+12	1.94e-38	2.69e-29	3.89e-21	2.10e-13	4.88e-05	9.79e-02	9.02e-01	0.00e+00	0.00e+00	0.00e+00	0.00e+00	0.00e+00	1.92e-120
 5.58462e+12	0.00e+00	3.82e-29	5.16e-21	2.60e-13	5.61e-05	1.04e-01	8.96e-01	0.00e+00	0.00e+00	0.00e+00	0.00e+00	0.00e+00	0.00e+00
 5.77525e+12	4.55e-38	5.47e-29	6.90e-21	3.23e-13	6.47e-05	1.11e-01	8.89e-01	0.00e+00	0.00e+00	0.00e+00	0.00e+00	0.00e+00	1.43e-119
 6.01562e+12	0.00e+00	8.46e-29	9.80e-21	4.20e-13	7.70e-05	1.20e-01	8.80e-01	0.00e+00	0.00e+00	0.00e+00	0.00e+00	0.00e+00	0.00e+00
 6.26372e+12	1.29e-37	1.30e-28	1.39e-20	5.44e-13	9.14e-05	1.30e-01	8.70e-01	0.00e+00	0.00e+00	0.00e+00	0.00e+00	0.00e+00	1.68e-118
 6.48210e+12	0.00e+00	1.87e-28	1.86e-20	6.77e-13	1.06e-04	1.39e-01	8.61e-01	0.00e+00	0.00e+00	0.00e+00	0.00e+00	0.00e+00	0.00e+00
 6.71881e+12	3.15e-37	2.74e-28	2.54e-20	8.52e-13	1.23e-04	1.48e-01	8.52e-01	0.00e+00	0.00e+00	0.00e+00	0.00e+00	0.00e+00	1.40e-117
 6.97614e+12	0.00e+00	4.09e-28	3.50e-20	1.08e-12	1.44e-04	1.59e-01	8.41e-01	0.00e+00	0.00e+00	0.00e+00	0.00e+00	0.00e+00	0.00e+00
 7.20855e+12	7.72e-37	5.79e-28	4.63e-20	1.33e-12	1.65e-04	1.69e-01	8.31e-01	0.00e+00	0.00e+00	0.00e+00	0.00e+00	0.00e+00	1.18e-116
 7.45894e+12	0.00e+00	8.30e-28	6.20e-20	1.66e-12	1.90e-04	1.79e-01	8.20e-01	0.00e+00	0.00e+00	0.00e+00	0.00e+00	0.00e+00	1.28e-100
 7.74046e+12	1.90e-36	1.23e-27	8.50e-20	2.09e-12	2.21e-04	1.92e-01	8.08e-01	0.00e+00	0.00e+00	0.00e+00	0.00e+00	0.00e+00	0.00e+00
 7.99862e+12	0.00e+00	1.73e-27	1.12e-19	2.57e-12	2.53e-04	2.03e-01	7.97e-01	0.00e+00	0.00e+00	0.00e+00	0.00e+00	0.00e+00	2.67e-132
 8.21627e+12	4.05e-36	2.30e-27	1.41e-19	3.05e-12	2.82e-04	2.13e-01	7.87e-01	0.00e+00	0.00e+00	0.00e+00	0.00e+00	0.00e+00	3.87e-98
 8.44515e+12	0.00e+00	3.07e-27	1.78e-19	3.62e-12	3.15e-04	2.23e-01	7.77e-01	0.00e+00	0.00e+00	0.00e+00	0.00e+00	0.00e+00	0.00e+00
 8.74269e+12	8.84e-36	4.41e-27	2.38e-19	4.50e-12	3.62e-04	2.37e-01	7.63e-01	0.00e+00	0.00e+00	0.00e+00	0.00e+00	0.00e+00	4.02e-114
 9.05042e+12	0.00e+00	6.34e-27	3.20e-19	5.58e-12	4.16e-04	2.51e-01	7.49e-01	0.00e+00	0.00e+00	0.00e+00	0.00e+00	0.00e+00	1.91e-98
 9.30757e+12	1.94e-35	8.49e-27	4.05e-19	6.65e-12	4.65e-04	2.63e-01	7.37e-01	0.00e+00	0.00e+00	0.00e+00	0.00e+00	0.00e+00	0.00e+00
 9.57804e+12	0.00e+00	1.14e-26	5.14e-19	7.94e-12	5.21e-04	2.75e-01	7.24e-01	0.00e+00	0.00e+00	0.00e+00	0.00e+00	0.00e+00	1.03e-129
 9.92965e+12	4.35e-35	1.66e-26	6.96e-19	9.92e-12	6.01e-04	2.92e-01	7.08e-01	0.00e+00	0.00e+00	0.00e+00	0.00e+00	0.00e+00	5.15e-96
 1.02976e+13	0.00e+00	2.43e-26	9.45e-19	1.24e-11	6.93e-04	3.09e-01	6.90e-01	0.00e+00	0.00e+00	0.00e+00	0.00e+00	0.00e+00	1.13e-128
 1.06119e+13	9.97e-35	3.32e-26	1.21e-18	1.50e-11	7.79e-04	3.23e-01	6.76e-01	0.00e+00	0.00e+00	0.00e+00	0.00e+00	0.00e+00	2.84e-95
 1.09457e+13	1.46e-34	4.56e-26	1.57e-18	1.81e-11	8.77e-04	3.39e-01	6.60e-01	0.00e+00	0.00e+00	0.00e+00	0.00e+00	0.00e+00	3.53e-111
 1.13720e+13	2.35e-34	6.77e-26	2.16e-18	2.28e-11	1.02e-03	3.59e-01	6.40e-01	0.00e+00	0.00e+00	0.00e+00	0.00e+00	0.00e+00	1.66e-94
 1.18157e+13	3.78e-34	1.00e-25	2.97e-18	2.89e-11	1.17e-03	3.79e-01	6.20e-01	0.00e+00	0.00e+00	0.00e+00	0.00e+00	0.00e+00	3.53e-110
 1.22037e+13	5.62e-34	1.40e-25	3.88e-18	3.51e-11	1.33e-03	3.96e-01	6.02e-01	0.00e+00	0.00e+00	0.00e+00	0.00e+00	0.00e+00	1.00e-93
 1.26221e+13	8.51e-34	1.98e-25	5.13e-18	4.30e-11	1.50e-03	4.15e-01	5.84e-01	0.00e+00	0.00e+00	0.00e+00	0.00e+00	0.00e+00	2.56e-109
 1.31308e+13	1.38e-33	2.96e-25	7.11e-18	5.47e-11	1.74e-03	4.37e-01	5.61e-01	0.00e+00	0.00e+00	0.00e+00	0.00e+00	0.00e+00	6.41e-93
 1.36517e+13	2.23e-33	4.41e-25	9.81e-18	6.91e-11	2.01e-03	4.60e-01	5.38e-01	0.00e+00	0.00e+00	0.00e+00	0.00e+00	0.00e+00	2.70e-108
 1.41367e+13	3.41e-33	6.28e-25	1.31e-17	8.52e-11	2.28e-03	4.80e-01	5.18e-01	0.00e+00	0.00e+00	0.00e+00	0.00e+00	0.00e+00	4.10e-92
 1.46018e+13	5.05e-33	8.72e-25	1.70e-17	1.03e-10	2.56e-03	4.99e-01	4.99e-01	0.00e+00	0.00e+00	0.00e+00	0.00e+00	0.00e+00	2.01e-107
 1.51288e+13	7.76e-33	1.25e-24	2.28e-17	1.28e-10	2.91e-03	5.19e-01	4.78e-01	0.00e+00	0.00e+00	0.00e+00	0.00e+00	0.00e+00	2.22e-91
 1.57139e+13	1.23e-32	1.83e-24	3.11e-17	1.60e-10	3.33e-03	5.42e-01	4.55e-01	0.00e+00	0.00e+00	0.00e+00	0.00e+00	0.00e+00	1.79e-106
 1.62588e+13	1.85e-32	2.58e-24	4.10e-17	1.96e-10	3.75e-03	5.62e-01	4.35e-01	0.00e+00	0.00e+00	0.00e+00	0.00e+00	0.00e+00	1.31e-90
 1.67103e+13	2.57e-32	3.39e-24	5.13e-17	2.30e-10	4.13e-03	5.77e-01	4.18e-01	0.00e+00	0.00e+00	0.00e+00	0.00e+00	0.00e+00	1.10e-105
 1.70918e+13	3.35e-32	4.23e-24	6.15e-17	2.63e-10	4.46e-03	5.90e-01	4.05e-01	0.00e+00	0.00e+00	0.00e+00	0.00e+00	0.00e+00	4.41e-90
 1.75232e+13	4.50e-32	5.42e-24	7.51e-17	3.04e-10	4.85e-03	6.04e-01	3.91e-01	0.00e+00	0.00e+00	0.00e+00	0.00e+00	0.00e+00	4.44e-105
 1.80840e+13	6.52e-32	7.39e-24	9.67e-17	3.65e-10	5.40e-03	6.22e-01	3.73e-01	0.00e+00	0.00e+00	0.00e+00	0.00e+00	0.00e+00	1.72e-89
 1.86722e+13	9.50e-32	1.01e-23	1.25e-16	4.40e-10	6.01e-03	6.40e-01	3.54e-01	0.00e+00	0.00e+00	0.00e+00	0.00e+00	0.00e+00	2.83e-104
 1.91721e+13	1.29e-31	1.31e-23	1.55e-16	5.13e-10	6.56e-03	6.54e-01	3.40e-01	0.00e+00	0.00e+00	0.00e+00	0.00e+00	0.00e+00	6.87e-89
 1.96980e+13	1.76e-31	1.70e-23	1.91e-16	5.98e-10	7.16e-03	6.68e-01	3.25e-01	0.00e+00	0.00e+00	0.00e+00	0.00e+00	0.00e+00	1.33e-103
 2.03817e+13	2.60e-31	2.36e-23	2.50e-16	7.25e-10	7.99e-03	6.85e-01	3.07e-01	0.00e+00	0.00e+00	0.00e+00	0.00e+00	0.00e+00	2.88e-88
 2.10897e+13	3.84e-31	3.27e-23	3.27e-16	8.81e-10	8.91e-03	7.02e-01	2.89e-01	0.00e+00	0.00e+00	0.00e+00	0.00e+00	0.00e+00	9.37e-103
 2.16810e+13	5.23e-31	4.24e-23	4.04e-16	1.03e-09	9.71e-03	7.15e-01	2.75e-01	0.00e+00	0.00e+00	0.00e+00	0.00e+00	0.00e+00	1.19e-87
 2.23012e+13	7.15e-31	5.50e-23	5.00e-16	1.20e-09	1.06e-02	7.27e-01	2.62e-01	0.00e+00	0.00e+00	0.00e+00	0.00e+00	0.00e+00	4.54e-102
 2.31074e+13	1.06e-30	7.64e-23	6.55e-16	1.45e-09	1.18e-02	7.43e-01	2.46e-01	0.00e+00	0.00e+00	0.00e+00	0.00e+00	0.00e+00	5.09e-87
 2.39614e+13	1.57e-30	1.07e-22	8.60e-16	1.77e-09	1.31e-02	7.57e-01	2.29e-01	0.00e+00	0.00e+00	0.00e+00	0.00e+00	0.00e+00	3.39e-101
 2.47060e+13	2.19e-30	1.40e-22	1.08e-15	2.08e-09	1.43e-02	7.69e-01	2.17e-01	0.00e+00	0.00e+00	0.00e+00	0.00e+00	0.00e+00	2.29e-86
 2.55026e+13	3.06e-30	1.86e-22	1.35e-15	2.45e-09	1.57e-02	7.80e-01	2.04e-01	0.00e+00	0.00e+00	0.00e+00	0.00e+00	0.00e+00	1.90e-100
 2.64869e+13	4.57e-30	2.60e-22	1.78e-15	2.97e-09	1.74e-02	7.93e-01	1.90e-01	0.00e+00	0.00e+00	0.00e+00	0.00e+00	0.00e+00	1.09e-85
 2.74840e+13	6.73e-30	3.60e-22	2.31e-15	3.59e-09	1.93e-02	8.04e-01	1.77e-01	0.00e+00	0.00e+00	0.00e+00	0.00e+00	0.00e+00	1.49e-99
 2.82996e+13	9.12e-30	4.63e-22	2.84e-15	4.14e-09	2.08e-02	8.12e-01	1.67e-01	0.00e+00	0.00e+00	0.00e+00	0.00e+00	0.00e+00	4.73e-85
 2.91106e+13	1.22e-29	5.89e-22	3.44e-15	4.75e-09	2.24e-02	8.19e-01	1.58e-01	0.00e+00	0.00e+00	0.00e+00	0.00e+00	0.00e+00	7.17e-99
 3.01649e+13	1.76e-29	7.97e-22	4.38e-15	5.63e-09	2.45e-02	8.28e-01	1.48e-01	0.00e+00	0.00e+00	0.00e+00	0.00e+00	0.00e+00	1.97e-84
 3.12708e+13	2.53e-29	1.08e-21	5.60e-15	6.70e-09	2.68e-02	8.36e-01	1.37e-01	0.00e+00	0.00e+00	0.00e+00	0.00e+00	0.00e+00	5.04e-98
 3.22178e+13	3.43e-29	1.39e-21	6.82e-15	7.68e-09	2.88e-02	8.41e-01	1.30e-01	0.00e+00	0.00e+00	0.00e+00	0.00e+00	0.00e+00	8.59e-84
 3.30826e+13	4.48e-29	1.73e-21	8.13e-15	8.69e-09	3.07e-02	8.46e-01	1.23e-01	0.00e+00	0.00e+00	0.00e+00	0.00e+00	0.00e+00	2.34e-97
 3.40667e+13	6.01e-29	2.20e-21	9.84e-15	9.92e-09	3.30e-02	8.51e-01	1.16e-01	0.00e+00	0.00e+00	0.00e+00	0.00e+00	0.00e+00	3.00e-83
 3.53303e+13	8.66e-29	2.98e-21	1.25e-14	1.17e-08	3.59e-02	8.56e-01	1.08e-01	0.00e+00	0.00e+00	0.00e+00	0.00e+00	0.00e+00	1.39e-96
 3.66206e+13	1.24e-28	3.99e-21	1.57e-14	1.37e-08	3.90e-02	8.61e-01	1.00e-01	0.00e+00	0.00e+00	0.00e+00	0.00e+00	0.00e+00	1.53e-82
 3.77153e+13	1.66e-28	5.07e-21	1.90e-14	1.57e-08	4.17e-02	8.64e-01	9.46e-02	0.00e+00	0.00e+00	0.00e+00	0.00e+00	0.00e+00	8.23e-96
 3.88926e+13	2.25e-28	6.51e-21	2.31e-14	1.79e-08	4.47e-02	8.66e-01	8.90e-02	0.00e+00	0.00e+00	0.00e+00	0.00e+00	0.00e+00	5.95e-82
 4.03641e+13	3.25e-28	8.79e-21	2.91e-14	2.10e-08	4.84e-02	8.69e-01	8.26e-02	0.00e+00	0.00e+00	0.00e+00	0.00e+00	0.00e+00	5.23e-95
 4.18940e+13	4.69e-28	1.19e-20	3.68e-14	2.47e-08	5.26e-02	8.71e-01	7.64e-02	0.00e+00	0.00e+00	0.00e+00	0.00e+00	0.00e+00	3.20e-81
 4.32670e+13	6.44e-28	1.54e-20	4.49e-14	2.83e-08	5.63e-02	8.72e-01	7.15e-02	0.00e+00	0.00e+00	0.00e+00	0.00e+00	0.00e+00	3.45e-94
 4.47603e+13	8.99e-28	2.01e-20	5.54e-14	3.26e-08	6.05e-02	8.73e-01	6.67e-02	0.00e+00	0.00e+00	0.00e+00	0.00e+00	0.00e+00	1.45e-80
 4.65314e+13	1.31e-27	2.74e-20	7.02e-14	3.83e-08	6.56e-02	8.73e-01	6.16e-02	0.00e+00	0.00e+00	0.00e+00	0.00e+00	0.00e+00	2.50e-93
 4.82893e+13	1.89e-27	3.68e-20	8.84e-14	4.48e-08	7.09e-02	8.72e-01	5.69e-02	0.00e+00	0.00e+00	0.00e+00	0.00e+00	0.00e+00	8.12e-80
 4.99050e+13	2.61e-27	4.78e-20	1.08e-13	5.12e-08	7.58e-02	8.71e-01	5.31e-02	0.00e+00	0.00e+00	0.00e+00	0.00e+00	0.00e+00	1.68e-92
 5.14599e+13	3.51e-27	6.09e-20	1.30e-13	5.81e-08	8.07e-02	8.70e-01	4.98e-02	0.00e+00	0.00e+00	0.00e+00	0.00e+00	0.00e+00	3.49e-79
 5.32310e+13	4.88e-27	7.94e-20	1.59e-13	6.66e-08	8.63e-02	8.67e-01	4.63e-02	0.00e+00	0.00e+00	0.00e+00	0.00e+00	0.00e+00	9.70e-92
 5.52041e+13	6.95e-27	1.06e-19	1.98e-13	7.73e-08	9.28e-02	8.64e-01	4.28e-02	0.00e+00	0.00e+00	0.00e+00	0.00e+00	0.00e+00	1.74e-78
 5.70543e+13	9.56e-27	1.37e-19	2.41e-13	8.81e-08	9.89e-02	8.61e-01	3.98e-02	0.00e+00	0.00e+00	0.00e+00	0.00e+00	0.00e+00	6.41e-91
 5.87270e+13	1.26e-26	1.72e-19	2.87e-13	9.92e-08	1.05e-01	8.58e-01	3.73e-02	0.00e+00	0.00e+00	0.00e+00	0.00e+00	0.00e+00	7.10e-78
 6.02450e+13	1.62e-26	2.09e-19	3.34e-13	1.10e-07	1.10e-01	8.55e-01	3.53e-02	0.00e+00	0.00e+00	0.00e+00	0.00e+00	0.00e+00	2.80e-90
 6.19094e+13	2.10e-26	2.59e-19	3.93e-13	1.22e-07	1.16e-01	8.51e-01	3.32e-02	0.00e+00	0.00e+00	0.00e+00	0.00e+00	0.00e+00	2.39e-77
 6.40730e+13	2.92e-26	3.38e-19	4.83e-13	1.40e-07	1.24e-01	8.46e-01	3.07e-02	0.00e+00	0.00e+00	0.00e+00	0.00e+00	0.00e+00	1.49e-89
 6.62517e+13	4.03e-26	4.38e-19	5.89e-13	1.60e-07	1.32e-01	8.40e-01	2.85e-02	0.00e+00	0.00e+00	0.00e+00	0.00e+00	0.00e+00	1.10e-76
 6.79929e+13	5.16e-26	5.35e-19	6.85e-13	1.77e-07	1.38e-01	8.35e-01	2.68e-02	0.00e+00	0.00e+00	0.00e+00	0.00e+00	0.00e+00	1.99e-76
 6.97993e+13	6.63e-26	6.55e-19	8.00e-13	1.96e-07	1.45e-01	8.30e-01	2.53e-02	0.00e+00	0.00e+00	0.00e+00	0.00e+00	0.00e+00	3.61e-76
 7.21477e+13	9.09e-26	8.46e-19	9.72e-13	2.24e-07	1.54e-01	8.23e-01	2.34e-02	0.00e+00	0.00e+00	0.00e+00	0.00e+00	0.00e+00	7.60e-76
 7.46228e+13	1.25e-25	1.10e-18	1.19e-12	2.56e-07	1.64e-01	8.15e-01	2.15e-02	0.00e+00	0.00e+00	0.00e+00	0.00e+00	0.00e+00	1.62e-75
 7.67573e+13	1.63e-25	1.36e-18	1.40e-12	2.85e-07	1.72e-01	8.08e-01	2.02e-02	0.00e+00	0.00e+00	0.00e+00	0.00e+00	0.00e+00	3.07e-75
 7.90269e+13	2.15e-25	1.70e-18	1.65e-12	3.18e-07	1.81e-01	8.00e-01	1.88e-02	0.00e+00	0.00e+00	0.00e+00	0.00e+00	0.00e+00	5.95e-75
 8.19309e+13	3.02e-25	2.23e-18	2.04e-12	3.66e-07	1.93e-01	7.90e-01	1.72e-02	0.00e+00	0.00e+00	0.00e+00	0.00e+00	0.00e+00	1.32e-74
 8.49156e+13	4.22e-25	2.93e-18	2.52e-12	4.21e-07	2.05e-01	7.79e-01	1.57e-02	0.00e+00	0.00e+00	0.00e+00	0.00e+00	0.00e+00	2.93e-74
 8.74602e+13	5.56e-25	3.66e-18	2.98e-12	4.70e-07	2.16e-01	7.69e-01	1.46e-02	0.00e+00	0.00e+00	0.00e+00	0.00e+00	0.00e+00	5.66e-74
 9.01769e+13	7.39e-25	4.60e-18	3.55e-12	5.27e-07	2.27e-01	7.59e-01	1.35e-02	0.00e+00	0.00e+00	0.00e+00	0.00e+00	0.00e+00	1.12e-73
 9.35617e+13	1.04e-24	6.07e-18	4.39e-12	6.06e-07	2.41e-01	7.46e-01	1.23e-02	0.00e+00	0.00e+00	0.00e+00	0.00e+00	0.00e+00	2.53e-73
 9.70066e+13	1.45e-24	7.95e-18	5.39e-12	6.93e-07	2.56e-01	7.33e-01	1.12e-02	0.00e+00	0.00e+00	0.00e+00	0.00e+00	0.00e+00	5.68e-73
 1.00029e+14	1.93e-24	9.98e-18	6.41e-12	7.77e-07	2.69e-01	7.21e-01	1.03e-02	0.00e+00	0.00e+00	0.00e+00	0.00e+00	0.00e+00	1.12e-72
 1.03311e+14	2.59e-24	1.27e-17	7.69e-12	8.75e-07	2.82e-01	7.08e-01	9.45e-03	0.00e+00	0.00e+00	0.00e+00	0.00e+00	0.00e+00	2.27e-72
 1.07285e+14	3.65e-24	1.67e-17	9.51e-12	1.00e-06	2.99e-01	6.92e-01	8.53e-03	0.00e+00	0.00e+00	0.00e+00	0.00e+00	0.00e+00	5.16e-72
 1.11246e+14	5.08e-24	2.18e-17	1.16e-11	1.14e-06	3.16e-01	6.77e-01	7.73e-03	0.00e+00	0.00e+00	0.00e+00	0.00e+00	0.00e+00	1.16e-71
 1.14795e+14	6.74e-24	2.74e-17	1.38e-11	1.28e-06	3.30e-01	6.63e-01	7.08e-03	0.00e+00	0.00e+00	0.00e+00	0.00e+00	0.00e+00	2.29e-71
 1.18722e+14	9.11e-24	3.49e-17	1.66e-11	1.44e-06	3.46e-01	6.47e-01	6.44e-03	0.00e+00	0.00e+00	0.00e+00	0.00e+00	0.00e+00	4.78e-71
 1.23375e+14	1.28e-23	4.59e-17	2.05e-11	1.65e-06	3.65e-01	6.29e-01	5.77e-03	0.00e+00	0.00e+00	0.00e+00	1.47e-17	3.11e-17	1.09e-70
 1.27974e+14	1.77e-23	5.96e-17	2.50e-11	1.87e-06	3.83e-01	6.11e-01	5.19e-03	0.00e+00	0.00e+00	0.00e+00	1.98e-17	3.98e-17	2.42e-70
 1.32225e+14	2.37e-23	7.51e-17	2.97e-11	2.09e-06	4.00e-01	5.95e-01	4.72e-03	0.00e+00	0.00e+00	0.00e+00	2.49e-17	5.02e-17	4.95e-70
 1.37012e+14	3.25e-23	9.67e-17	3.59e-11	2.35e-06	4.18e-01	5.78e-01	4.26e-03	0.00e+00	0.00e+00	0.00e+00	3.21e-17	6.46e-17	1.09e-69
 1.41991e+14	4.42e-23	1.24e-16	4.34e-11	2.65e-06	4.37e-01	5.59e-01	3.82e-03	0.00e+00	0.00e+00	0.00e+00	4.11e-17	8.27e-17	2.31e-69
 1.45866e+14	5.59e-23	1.49e-16	4.99e-11	2.89e-06	4.51e-01	5.46e-01	3.53e-03	0.00e+00	0.00e+00	0.00e+00	4.95e-17	9.98e-17	4.16e-69
 1.49044e+14	6.75e-23	1.73e-16	5.57e-11	3.09e-06	4.62e-01	5.35e-01	3.30e-03	0.00e+00	0.00e+00	0.00e+00	5.75e-17	1.16e-16	6.64e-69
 1.52684e+14	8.32e-23	2.05e-16	6.31e-11	3.34e-06	4.74e-01	5.23e-01	3.07e-03	0.00e+00	0.00e+00	0.00e+00	6.79e-17	1.37e-16	1.13e-68
 1.57414e+14	1.08e-22	2.52e-16	7.38e-11	3.68e-06	4.90e-01	5.07e-01	2.79e-03	0.00e+00	0.00e+00	0.00e+00	8.37e-17	1.69e-16	2.17e-68
 1.62464e+14	1.43e-22	3.14e-16	8.65e-11	4.05e-06	5.06e-01	4.91e-01	2.54e-03	0.00e+00	0.00e+00	0.00e+00	1.04e-16	2.10e-16	4.41e-68
 1.66939e+14	1.79e-22	3.77e-16	9.94e-11	4.41e-06	5.21e-01	4.77e-01	2.33e-03	0.00e+00	0.00e+00	0.00e+00	1.25e-16	2.52e-16	7.78e-68
 1.71770e+14	2.29e-22	4.58e-16	1.15e-10	4.81e-06	5.35e-01	4.62e-01	2.13e-03	0.00e+00	0.00e+00	0.00e+00	1.52e-16	3.06e-16	1.45e-67
 1.78005e+14	3.12e-22	5.84e-16	1.37e-10	5.34e-06	5.53e-01	4.45e-01	1.91e-03	0.00e+00	0.00e+00	0.00e+00	1.94e-16	3.91e-16	3.22e-67
 1.84365e+14	4.18e-22	7.37e-16	1.63e-10	5.93e-06	5.71e-01	4.27e-01	1.70e-03	0.00e+00	0.00e+00	0.00e+00	2.44e-16	4.93e-16	6.77e-67
 1.89605e+14	5.31e-22	8.88e-16	1.86e-10	6.43e-06	5.85e-01	4.13e-01	1.56e-03	0.00e+00	0.00e+00	0.00e+00	2.94e-16	5.94e-16	1.25e-66
 1.95092e+14	6.78e-22	1.08e-15	2.14e-10	6.97e-06	5.99e-01	3.99e-01	1.42e-03	0.00e+00	0.00e+00	0.00e+00	3.57e-16	7.20e-16	2.37e-66
 2.02172e+14	9.16e-22	1.36e-15	2.53e-10	7.71e-06	6.16e-01	3.82e-01	1.26e-03	0.00e+00	0.00e+00	0.00e+00	4.52e-16	9.12e-16	5.16e-66
 2.09700e+14	1.24e-21	1.73e-15	3.02e-10	8.54e-06	6.34e-01	3.65e-01	1.12e-03	0.00e+00	0.00e+00	0.00e+00	5.72e-16	1.15e-15	1.12e-65
 2.16371e+14	1.61e-21	2.12e-15	3.50e-10	9.30e-06	6.48e-01	3.51e-01	1.01e-03	0.00e+00	0.00e+00	0.00e+00	7.02e-16	1.42e-15	2.23e-65
 2.23553e+14	2.12e-21	2.63e-15	4.07e-10	1.02e-05	6.63e-01	3.36e-01	9.08e-04	0.00e+00	0.00e+00	0.00e+00	8.71e-16	1.76e-15	4.63e-65
 2.32179e+14	2.88e-21	3.34e-15	4.86e-10	1.12e-05	6.80e-01	3.19e-01	7.98e-04	0.00e+00	0.00e+00	0.00e+00	1.11e-15	2.24e-15	1.03e-64
 2.40757e+14	3.90e-21	4.23e-15	5.74e-10	1.23e-05	6.96e-01	3.04e-01	7.07e-04	0.00e+00	0.00e+00	0.00e+00	1.40e-15	2.83e-15	2.30e-64
 2.48558e+14	5.09e-21	5.20e-15	6.63e-10	1.34e-05	7.09e-01	2.90e-01	6.35e-04	0.00e+00	0.00e+00	0.00e+00	1.72e-15	3.48e-15	4.68e-64
 2.57278e+14	6.76e-21	6.49e-15	7.76e-10	1.46e-05	7.23e-01	2.77e-01	5.65e-04	0.00e+00	0.00e+00	0.00e+00	2.15e-15	4.34e-15	9.94e-64
 2.67465e+14	9.30e-21	8.32e-15	9.25e-10	1.61e-05	7.38e-01	2.61e-01	4.94e-04	0.00e+00	0.00e+00	0.00e+00	2.75e-15	5.56e-15	2.33e-63
 2.77535e+14	1.26e-20	1.05e-14	1.09e-09	1.77e-05	7.52e-01	2.48e-01	4.35e-04	0.00e+00	0.00e+00	0.00e+00	3.47e-15	7.03e-15	5.20e-63
 2.87064e+14	1.65e-20	1.30e-14	1.27e-09	1.92e-05	7.64e-01	2.35e-01	3.87e-04	0.00e+00	0.00e+00	0.00e+00	4.29e-15	8.70e-15	1.08e-62
 2.97632e+14	2.21e-20	1.63e-14	1.49e-09	2.10e-05	7.77e-01	2.23e-01	3.41e-04	0.00e+00	0.00e+00	0.00e+00	5.38e-15	1.09e-14	2.38e-62
 3.07682e+14	2.89e-20	2.00e-14	1.73e-09	2.27e-05	7.88e-01	2.12e-01	3.03e-04	0.00e+00	0.00e+00	0.00e+00	6.62e-15	1.34e-14	4.88e-62
 3.15239e+14	3.50e-20	2.33e-14	1.92e-09	2.41e-05	7.96e-01	2.04e-01	2.78e-04	0.00e+00	0.00e+00	0.00e+00	7.68e-15	1.56e-14	8.22e-62
 3.22965e+14	4.25e-20	2.70e-14	2.13e-09	2.55e-05	8.04e-01	1.96e-01	2.55e-04	0.00e+00	0.00e+00	0.00e+00	8.92e-15	1.81e-14	1.39e-61
 3.33008e+14	5.43e-20	3.27e-14	2.44e-09	2.74e-05	8.13e-01	1.87e-01	2.29e-04	0.00e+00	0.00e+00	0.00e+00	1.08e-14	2.19e-14	2.70e-61
 3.43858e+14	6.99e-20	3.98e-14	2.80e-09	2.95e-05	8.22e-01	1.77e-01	2.04e-04	0.00e+00	0.00e+00	0.00e+00	1.31e-14	2.66e-14	5.39e-61
 3.53570e+14	8.71e-20	4.71e-14	3.16e-09	3.14e-05	8.30e-01	1.69e-01	1.85e-04	0.00e+00	0.00e+00	0.00e+00	1.55e-14	3.16e-14	9.80e-61
 3.64010e+14	1.09e-19	5.60e-14	3.58e-09	3.36e-05	8.38e-01	1.61e-01	1.66e-04	0.00e+00	0.00e+00	0.00e+00	1.85e-14	3.75e-14	1.79e-60
 3.77324e+14	1.45e-19	6.98e-14	4.18e-09	3.65e-05	8.48e-01	1.52e-01	1.46e-04	0.00e+00	0.00e+00	0.00e+00	2.30e-14	4.68e-14	3.91e-60
 3.90821e+14	1.91e-19	8.65e-14	4.85e-09	3.95e-05	8.57e-01	1.43e-01	1.28e-04	0.00e+00	0.00e+00	0.00e+00	2.85e-14	5.80e-14	8.37e-60
 4.02107e+14	2.35e-19	1.02e-13	5.48e-09	4.22e-05	8.63e-01	1.36e-01	1.15e-04	0.00e+00	0.00e+00	0.00e+00	3.36e-14	6.84e-14	1.49e-59
 4.14073e+14	2.97e-19	1.22e-13	6.20e-09	4.50e-05	8.70e-01	1.30e-01	1.03e-04	0.00e+00	0.00e+00	0.00e+00	4.01e-14	8.17e-14	2.80e-59
 4.29268e+14	3.92e-19	1.52e-13	7.22e-09	4.88e-05	8.78e-01	1.22e-01	9.04e-05	0.00e+00	0.00e+00	0.00e+00	4.99e-14	1.02e-13	6.11e-59
 4.45084e+14	5.17e-19	1.88e-13	8.41e-09	5.29e-05	8.86e-01	1.14e-01	7.89e-05	0.00e+00	0.00e+00	0.00e+00	6.18e-14	1.26e-13	1.31e-58
 4.58900e+14	6.45e-19	2.24e-13	9.58e-09	5.66e-05	8.92e-01	1.08e-01	7.02e-05	0.00e+00	0.00e+00	0.00e+00	7.35e-14	1.50e-13	2.40e-58
 4.73693e+14	8.27e-19	2.71e-13	1.09e-08	6.07e-05	8.98e-01	1.02e-01	6.23e-05	0.00e+00	0.00e+00	0.00e+00	8.91e-14	1.82e-13	4.80e-58
 4.91710e+14	1.08e-18	3.35e-13	1.28e-08	6.60e-05	9.04e-01	9.54e-02	5.38e-05	0.00e+00	0.00e+00	0.00e+00	1.10e-13	2.25e-13	1.00e-57
 5.09626e+14	1.43e-18	4.16e-13	1.49e-08	7.13e-05	9.10e-01	8.95e-02	4.71e-05	0.00e+00	0.00e+00	0.00e+00	1.37e-13	2.79e-13	2.19e-57
 5.25358e+14	1.78e-18	4.93e-13	1.69e-08	7.62e-05	9.15e-01	8.46e-02	4.18e-05	0.00e+00	0.00e+00	0.00e+00	1.62e-13	3.31e-13	3.98e-57
 5.42543e+14	2.27e-18	5.95e-13	1.93e-08	8.18e-05	9.20e-01	7.96e-02	3.68e-05	0.00e+00	0.00e+00	0.00e+00	1.95e-13	4.00e-13	7.79e-57
 5.63317e+14	2.99e-18	7.40e-13	2.26e-08	8.88e-05	9.26e-01	7.42e-02	3.18e-05	0.00e+00	0.00e+00	0.00e+00	2.43e-13	4.97e-13	1.69e-56
 5.84049e+14	3.89e-18	9.12e-13	2.62e-08	9.60e-05	9.31e-01	6.93e-02	2.76e-05	0.00e+00	0.00e+00	0.00e+00	2.99e-13	6.13e-13	3.57e-56
 6.02629e+14	4.88e-18	1.09e-12	2.99e-08	1.03e-04	9.35e-01	6.52e-02	2.43e-05	0.00e+00	0.00e+00	0.00e+00	3.56e-13	7.31e-13	6.64e-56
 6.23119e+14	6.23e-18	1.32e-12	3.43e-08	1.11e-04	9.39e-01	6.12e-02	2.14e-05	0.00e+00	0.00e+00	0.00e+00	4.32e-13	8.88e-13	1.33e-55
 6.47409e+14	8.18e-18	1.63e-12	4.02e-08	1.20e-04	9.43e-01	5.68e-02	1.83e-05	0.00e+00	0.00e+00	0.00e+00	5.35e-13	1.10e-12	2.82e-55
 6.71259e+14	1.06e-17	2.01e-12	4.67e-08	1.30e-04	9.47e-01	5.30e-02	1.58e-05	0.00e+00	0.00e+00	0.00e+00	6.59e-13	1.36e-12	5.95e-55
 6.93010e+14	1.33e-17	2.40e-12	5.34e-08	1.39e-04	9.50e-01	4.97e-02	1.39e-05	0.00e+00	0.00e+00	0.00e+00	7.85e-13	1.62e-12	1.11e-54
 7.14089e+14	1.65e-17	2.84e-12	6.04e-08	1.49e-04	9.53e-01	4.68e-02	1.23e-05	0.00e+00	0.00e+00	0.00e+00	9.30e-13	1.91e-12	2.04e-54
 7.38169e+14	2.09e-17	3.44e-12	6.92e-08	1.60e-04	9.56e-01	4.39e-02	1.08e-05	0.00e+00	0.00e+00	0.00e+00	1.12e-12	2.31e-12	4.00e-54
 7.64404e+14	2.67e-17	4.17e-12	8.00e-08	1.72e-04	9.59e-01	4.09e-02	9.34e-06	0.00e+00	0.00e+00	0.00e+00	1.36e-12	2.81e-12	7.93e-54
 7.86126e+14	3.26e-17	4.89e-12	8.97e-08	1.83e-04	9.61e-01	3.87e-02	8.34e-06	0.00e+00	0.00e+00	0.00e+00	1.60e-12	3.29e-12	1.41e-53
 8.03813e+14	3.82e-17	5.54e-12	9.84e-08	1.92e-04	9.63e-01	3.70e-02	7.61e-06	0.00e+00	0.00e+00	0.00e+00	1.81e-12	3.73e-12	2.20e-53
 8.23568e+14	4.53e-17	6.34e-12	1.09e-07	2.02e-04	9.65e-01	3.52e-02	6.88e-06	3.72e-18	1.12e-17	1.87e-17	2.07e-12	4.27e-12	3.56e-53
 8.49251e+14	5.63e-17	7.52e-12	1.23e-07	2.16e-04	9.67e-01	3.31e-02	6.06e-06	4.63e-18	1.39e-17	2.33e-17	2.45e-12	5.07e-12	6.56e-53
 8.76501e+14	7.00e-17	8.97e-12	1.40e-07	2.31e-04	9.69e-01	3.10e-02	5.32e-06	5.76e-18	1.73e-17	2.89e-17	2.92e-12	6.04e-12	1.23e-52
 9.00273e+14	8.47e-17	1.04e-11	1.57e-07	2.45e-04	9.70e-01	2.94e-02	4.76e-06	6.97e-18	2.09e-17	3.50e-17	3.39e-12	7.01e-12	2.10e-52
 9.25662e+14	1.03e-16	1.22e-11	1.76e-07	2.60e-04	9.72e-01	2.77e-02	4.25e-06	8.45e-18	2.54e-17	4.24e-17	3.96e-12	8.19e-12	3.68e-52
 9.58667e+14	1.32e-16	1.48e-11	2.03e-07	2.81e-04	9.74e-01	2.58e-02	3.67e-06	1.09e-17	3.26e-17	5.46e-17	4.81e-12	9.96e-12	7.44e-52
 9.92414e+14	1.68e-16	1.79e-11	2.34e-07	3.02e-04	9.76e-01	2.40e-02	3.17e-06	1.38e-17	4.15e-17	6.93e-17	5.82e-12	1.21e-11	1.48e-51
 1.02014e+15	2.04e-16	2.09e-11	2.62e-07	3.21e-04	9.77e-01	2.27e-02	2.83e-06	1.68e-17	5.04e-17	8.43e-17	6.80e-12	1.41e-11	2.59e-51
 1.04921e+15	2.46e-16	2.43e-11	2.94e-07	3.41e-04	9.78e-01	2.14e-02	2.52e-06	2.03e-17	6.08e-17	1.02e-16	7.92e-12	1.64e-11	4.50e-51
 1.08696e+15	3.17e-16	2.97e-11	3.40e-07	3.68e-04	9.80e-01	1.99e-02	2.16e-06	2.61e-17	7.85e-17	1.31e-16	9.66e-12	2.00e-11	9.22e-51
 1.12691e+15	4.03e-16	3.61e-11	3.94e-07	3.97e-04	9.81e-01	1.85e-02	1.86e-06	3.33e-17	9.99e-17	1.67e-16	1.18e-11	2.44e-11	1.88e-50
 1.16203e+15	5.05e-16	4.30e-11	4.48e-07	4.25e-04	9.82e-01	1.73e-02	1.64e-06	4.17e-17	1.25e-16	2.09e-16	1.40e-11	2.90e-11	3.54e-50
 1.19999e+15	6.32e-16	5.14e-11	5.10e-07	4.55e-04	9.83e-01	1.62e-02	1.43e-06	5.22e-17	1.57e-16	2.62e-16	1.67e-11	3.47e-11	6.78e-50
 1.24589e+15	8.18e-16	6.32e-11	5.96e-07	4.94e-04	9.85e-01	1.49e-02	1.22e-06	6.76e-17	2.03e-16	3.39e-16	2.06e-11	4.27e-11	1.43e-49
 1.29163e+15	1.05e-15	7.73e-11	6.90e-07	5.33e-04	9.86e-01	1.38e-02	1.05e-06	8.71e-17	2.61e-16	4.37e-16	2.51e-11	5.22e-11	2.99e-49
 1.33248e+15	1.29e-15	9.13e-11	7.84e-07	5.70e-04	9.86e-01	1.30e-02	9.16e-07	1.07e-16	3.20e-16	5.35e-16	2.97e-11	6.17e-11	5.46e-49
 1.37745e+15	1.65e-15	1.10e-10	8.99e-07	6.13e-04	9.87e-01	1.21e-02	0.00e+00	1.36e-16	4.09e-16	6.83e-16	3.58e-11	7.44e-11	1.09e-48
 1.43093e+15	2.14e-15	1.36e-10	1.05e-06	6.66e-04	9.88e-01	1.11e-02	0.00e+00	1.77e-16	5.31e-16	8.87e-16	4.42e-11	9.19e-11	2.34e-48
 1.48421e+15	2.71e-15	1.65e-10	1.22e-06	7.20e-04	9.89e-01	1.03e-02	0.00e+00	2.24e-16	6.73e-16	1.12e-15	5.37e-11	1.12e-10	4.76e-48
 1.52606e+15	3.29e-15	1.93e-10	1.37e-06	7.65e-04	9.90e-01	9.69e-03	0.00e+00	2.72e-16	8.18e-16	1.37e-15	6.28e-11	1.30e-10	8.37e-48
 1.55771e+15	3.85e-15	2.18e-10	1.49e-06	8.00e-04	9.90e-01	9.27e-03	0.00e+00	3.19e-16	9.58e-16	1.60e-15	7.07e-11	1.47e-10	1.30e-47
 1.59220e+15	4.46e-15	2.45e-10	1.63e-06	8.39e-04	9.90e-01	8.84e-03	0.00e+00	3.70e-16	1.11e-15	1.86e-15	7.97e-11	1.66e-10	2.01e-47
 1.63702e+15	5.38e-15	2.86e-10	1.82e-06	8.92e-04	9.91e-01	8.32e-03	0.00e+00	4.46e-16	1.34e-15	2.24e-15	9.28e-11	1.93e-10	3.49e-47
 1.68590e+15	6.61e-15	3.36e-10	2.06e-06	9.52e-04	9.91e-01	7.80e-03	0.00e+00	5.48e-16	1.65e-15	2.75e-15	1.09e-10	2.27e-10	6.34e-47
 1.73009e+15	7.74e-15	3.85e-10	2.29e-06	1.01e-03	9.92e-01	7.38e-03	0.00e+00	6.43e-16	1.93e-15	3.23e-15	1.25e-10	2.60e-10	1.04e-46
 1.77757e+15	9.38e-15	4.49e-10	2.56e-06	1.07e-03	9.92e-01	6.94e-03	0.00e+00	7.80e-16	2.34e-15	3.91e-15	1.46e-10	3.03e-10	1.81e-46
 1.83103e+15	1.13e-14	5.25e-10	2.88e-06	1.14e-03	9.92e-01	6.51e-03	0.00e+00	9.41e-16	2.83e-15	4.72e-15	1.71e-10	3.54e-10	3.20e-46
 1.88202e+15	1.39e-14	6.16e-10	3.23e-06	1.21e-03	9.93e-01	6.12e-03	0.00e+00	1.16e-15	3.47e-15	5.81e-15	2.00e-10	4.16e-10	5.75e-46
 1.93068e+15	1.64e-14	7.06e-10	3.59e-06	1.28e-03	9.93e-01	5.78e-03	0.00e+00	1.36e-15	4.10e-15	6.85e-15	2.29e-10	4.77e-10	9.46e-46
 1.98655e+15	1.98e-14	8.23e-10	4.03e-06	1.37e-03	9.93e-01	5.42e-03	0.00e+00	1.65e-15	4.94e-15	8.26e-15	2.68e-10	5.56e-10	1.66e-45
 2.04960e+15	2.39e-14	9.68e-10	4.58e-06	1.47e-03	9.93e-01	5.06e-03	0.00e+00	2.00e-15	5.99e-15	1.00e-14	3.15e-10	6.54e-10	2.99e-45
 2.11008e+15	2.95e-14	1.14e-09	5.16e-06	1.57e-03	9.94e-01	4.73e-03	0.00e+00	2.46e-15	7.38e-15	1.23e-14	3.72e-10	7.71e-10	5.49e-45
 2.17679e+15	3.55e-14	1.34e-09	5.86e-06	1.68e-03	9.94e-01	4.41e-03	0.00e+00	2.97e-15	8.91e-15	1.49e-14	4.36e-10	9.05e-10	9.83e-45
 2.25120e+15	4.54e-14	1.63e-09	6.73e-06	1.81e-03	9.94e-01	4.08e-03	0.00e+00	3.80e-15	1.14e-14	1.90e-14	5.30e-10	1.10e-09	2.01e-44
 2.32088e+15	5.39e-14	1.90e-09	7.62e-06	1.94e-03	9.94e-01	3.81e-03	0.00e+00	4.51e-15	1.35e-14	2.26e-14	6.17e-10	1.28e-09	3.48e-44
 2.39669e+15	6.72e-14	2.27e-09	8.70e-06	2.09e-03	9.94e-01	3.54e-03	0.00e+00	5.63e-15	1.69e-14	2.83e-14	7.39e-10	1.53e-09	6.77e-44
 2.48835e+15	8.56e-14	2.78e-09	1.01e-05	2.28e-03	9.94e-01	3.24e-03	0.00e+00	7.18e-15	2.16e-14	3.60e-14	9.06e-10	1.87e-09	1.42e-43
 2.57866e+15	1.08e-13	3.38e-09	1.17e-05	2.47e-03	9.95e-01	2.98e-03	0.00e+00	9.10e-15	2.73e-14	4.56e-14	1.10e-09	2.28e-09	2.92e-43
 2.65756e+15	1.31e-13	3.97e-09	1.33e-05	2.65e-03	9.95e-01	2.78e-03	0.00e+00	1.10e-14	3.30e-14	5.52e-14	1.29e-09	2.68e-09	5.29e-43
 2.74357e+15	1.60e-13	4.71e-09	1.51e-05	2.85e-03	9.95e-01	2.58e-03	0.00e+00	1.35e-14	4.05e-14	6.76e-14	1.54e-09	3.17e-09	9.95e-43
 2.84804e+15	2.00e-13	5.72e-09	1.76e-05	3.11e-03	9.95e-01	2.37e-03	0.00e+00	1.68e-14	5.05e-14	8.44e-14	1.87e-09	3.85e-09	2.03e-42
 2.95321e+15	2.53e-13	6.98e-09	2.04e-05	3.38e-03	9.94e-01	2.17e-03	0.00e+00	2.13e-14	6.40e-14	1.07e-13	2.28e-09	4.70e-09	4.26e-42
 3.03438e+15	2.92e-13	7.96e-09	2.28e-05	3.59e-03	9.94e-01	2.04e-03	0.00e+00	2.46e-14	7.39e-14	1.24e-13	2.60e-09	5.36e-09	6.91e-42
 3.09533e+15	3.37e-13	8.97e-09	2.47e-05	3.76e-03	9.94e-01	1.94e-03	0.00e+00	2.85e-14	8.55e-14	1.43e-13	2.93e-09	6.04e-09	1.10e-41
 3.16223e+15	3.84e-13	1.01e-08	2.69e-05	3.95e-03	9.94e-01	1.85e-03	0.00e+00	3.25e-14	9.76e-14	1.63e-13	3.29e-09	6.77e-09	1.69e-41
 3.24920e+15	4.47e-13	1.15e-08	3.00e-05	4.21e-03	9.94e-01	1.73e-03	0.00e+00	3.79e-14	1.14e-13	1.90e-13	3.77e-09	7.77e-09	2.83e-41
 3.34365e+15	5.25e-13	1.33e-08	3.37e-05	4.50e-03	9.94e-01	1.62e-03	0.00e+00	4.45e-14	1.34e-13	2.23e-13	4.36e-09	8.97e-09	4.81e-41
 3.42878e+15	6.10e-13	1.53e-08	3.73e-05	4.76e-03	9.94e-01	1.53e-03	0.00e+00	5.18e-14	1.56e-13	2.60e-13	4.99e-09	1.03e-08	7.96e-41
 3.52040e+15	7.39e-13	1.79e-08	4.16e-05	5.07e-03	9.93e-01	1.43e-03	0.00e+00	6.28e-14	1.88e-13	3.15e-13	5.85e-09	1.20e-08	1.45e-40
 3.62351e+15	8.77e-13	2.08e-08	4.67e-05	5.42e-03	9.93e-01	1.34e-03	0.00e+00	7.46e-14	2.24e-13	3.74e-13	6.82e-09	1.40e-08	2.63e-40
 3.72095e+15	1.00e-12	2.37e-08	5.20e-05	5.75e-03	9.93e-01	1.26e-03	0.00e+00	8.54e-14	2.56e-13	4.28e-13	7.76e-09	1.59e-08	4.20e-40
 3.82701e+15	1.19e-12	2.77e-08	5.82e-05	6.15e-03	9.93e-01	1.17e-03	0.00e+00	1.02e-13	3.05e-13	5.09e-13	9.07e-09	1.86e-08	7.78e-40
 3.94465e+15	1.45e-12	3.28e-08	6.58e-05	6.60e-03	9.92e-01	1.09e-03	0.00e+00	1.23e-13	3.71e-13	6.19e-13	1.08e-08	2.21e-08	1.51e-39
 4.05408e+15	1.66e-12	3.75e-08	7.35e-05	7.01e-03	9.92e-01	1.02e-03	0.00e+00	1.42e-13	4.26e-13	7.12e-13	1.23e-08	2.52e-08	2.49e-39
 4.17311e+15	2.00e-12	4.44e-08	8.26e-05	7.51e-03	9.91e-01	9.52e-04	0.00e+00	1.72e-13	5.15e-13	8.60e-13	1.46e-08	2.98e-08	4.85e-39
 4.30700e+15	2.41e-12	5.26e-08	9.38e-05	8.08e-03	9.91e-01	8.81e-04	0.00e+00	2.06e-13	6.19e-13	1.03e-12	1.73e-08	3.53e-08	9.45e-39
 4.43453e+15	2.80e-12	6.07e-08	1.05e-04	8.63e-03	9.90e-01	8.23e-04	0.00e+00	2.40e-13	7.21e-13	1.20e-12	1.99e-08	4.07e-08	1.61e-38
 4.57463e+15	3.41e-12	7.28e-08	1.20e-04	9.28e-03	9.90e-01	7.62e-04	0.00e+00	2.93e-13	8.79e-13	1.47e-12	2.39e-08	4.89e-08	3.31e-38
 4.73217e+15	4.13e-12	8.75e-08	1.37e-04	1.00e-02	9.89e-01	7.01e-04	0.00e+00	3.55e-13	1.07e-12	1.78e-12	2.88e-08	5.87e-08	6.76e-38
 4.88273e+15	4.88e-12	1.02e-07	1.56e-04	1.08e-02	9.88e-01	6.52e-04	0.00e+00	4.20e-13	1.26e-12	2.11e-12	3.36e-08	6.85e-08	1.20e-37
 5.04878e+15	6.01e-12	1.25e-07	1.78e-04	1.16e-02	9.88e-01	6.00e-04	0.00e+00	5.19e-13	1.56e-12	2.60e-12	4.10e-08	8.37e-08	2.62e-37
 5.23254e+15	7.34e-12	1.52e-07	2.06e-04	1.26e-02	9.87e-01	5.49e-04	0.00e+00	6.34e-13	1.90e-12	3.18e-12	4.99e-08	1.02e-07	5.46e-37
 5.40362e+15	8.72e-12	1.78e-07	2.34e-04	1.36e-02	9.86e-01	5.09e-04	0.00e+00	7.54e-13	2.26e-12	3.78e-12	5.85e-08	1.19e-07	9.73e-37
 5.59033e+15	1.07e-11	2.18e-07	2.69e-04	1.47e-02	9.85e-01	4.67e-04	0.00e+00	9.26e-13	2.78e-12	4.64e-12	7.18e-08	1.46e-07	2.13e-36
 5.77039e+15	1.27e-11	2.56e-07	3.06e-04	1.58e-02	9.83e-01	4.33e-04	0.00e+00	1.10e-12	3.30e-12	5.51e-12	8.42e-08	1.71e-07	3.79e-36
 5.89966e+15	1.42e-11	2.89e-07	3.35e-04	1.66e-02	9.83e-01	4.10e-04	0.00e+00	1.24e-12	3.71e-12	6.20e-12	9.54e-08	1.94e-07	6.06e-36
 6.02556e+15	1.62e-11	3.30e-07	3.65e-04	1.75e-02	9.82e-01	3.89e-04	0.00e+00	1.41e-12	4.23e-12	7.06e-12	1.09e-07	2.22e-07	9.93e-36
 6.18923e+15	1.89e-11	3.79e-07	4.07e-04	1.85e-02	9.81e-01	3.64e-04	0.00e+00	1.65e-12	4.94e-12	8.25e-12	1.25e-07	2.54e-07	1.62e-35
 6.36829e+15	2.22e-11	4.48e-07	4.58e-04	1.98e-02	9.79e-01	3.39e-04	0.00e+00	1.93e-12	5.80e-12	9.69e-12	1.48e-07	3.00e-07	3.02e-35
 6.52890e+15	2.59e-11	5.16e-07	5.07e-04	2.10e-02	9.78e-01	3.19e-04	0.00e+00	2.25e-12	6.76e-12	1.13e-11	1.70e-07	3.46e-07	5.05e-35
 6.69925e+15	3.02e-11	5.91e-07	5.64e-04	2.22e-02	9.77e-01	2.99e-04	0.00e+00	2.64e-12	7.92e-12	1.32e-11	1.95e-07	3.96e-07	8.17e-35
 6.92071e+15	3.67e-11	7.17e-07	6.45e-04	2.40e-02	9.75e-01	2.75e-04	0.00e+00	3.20e-12	9.61e-12	1.60e-11	2.37e-07	4.80e-07	1.63e-34
 7.14268e+15	4.47e-11	8.50e-07	7.34e-04	2.57e-02	9.73e-01	2.55e-04	0.00e+00	3.91e-12	1.17e-11	1.96e-11	2.81e-07	5.69e-07	2.91e-34
 7.31764e+15	5.12e-11	9.77e-07	8.12e-04	2.72e-02	9.72e-01	2.40e-04	0.00e+00	4.49e-12	1.35e-11	2.25e-11	3.23e-07	6.54e-07	4.77e-34
 7.49740e+15	5.99e-11	1.14e-06	8.99e-04	2.88e-02	9.70e-01	2.25e-04	0.00e+00	5.25e-12	1.57e-11	2.63e-11	3.77e-07	7.64e-07	8.38e-34
 7.73109e+15	7.27e-11	1.34e-06	1.02e-03	3.09e-02	9.68e-01	2.09e-04	0.00e+00	6.38e-12	1.91e-11	3.19e-11	4.44e-07	8.98e-07	1.44e-33
 7.98019e+15	8.79e-11	1.64e-06	1.17e-03	3.33e-02	9.65e-01	1.92e-04	0.00e+00	7.72e-12	2.32e-11	3.87e-11	5.42e-07	1.10e-06	2.92e-33
 8.19596e+15	1.05e-10	1.92e-06	1.31e-03	3.54e-02	9.63e-01	1.79e-04	0.00e+00	9.24e-12	2.77e-11	4.62e-11	6.36e-07	1.29e-06	4.98e-33
 8.42310e+15	1.25e-10	2.24e-06	1.47e-03	3.77e-02	9.61e-01	1.67e-04	0.00e+00	1.10e-11	3.29e-11	5.49e-11	7.42e-07	1.50e-06	8.28e-33
 8.71837e+15	1.58e-10	2.78e-06	1.71e-03	4.09e-02	9.57e-01	1.53e-04	0.00e+00	1.39e-11	4.17e-11	6.96e-11	9.19e-07	1.86e-06	1.72e-32
 9.01231e+15	1.95e-10	3.31e-06	1.96e-03	4.40e-02	9.54e-01	1.41e-04	0.00e+00	1.72e-11	5.16e-11	8.61e-11	1.10e-06	2.21e-06	2.94e-32
 9.25111e+15	2.29e-10	3.86e-06	2.20e-03	4.68e-02	9.51e-01	1.32e-04	0.00e+00	2.02e-11	6.05e-11	1.01e-10	1.28e-06	2.59e-06	4.84e-32
 9.50815e+15	2.75e-10	4.56e-06	2.48e-03	5.00e-02	9.47e-01	1.22e-04	0.00e+00	2.43e-11	7.29e-11	1.22e-10	1.51e-06	3.05e-06	8.26e-32
 9.84229e+15	3.55e-10	5.78e-06	2.90e-03	5.44e-02	9.43e-01	1.11e-04	0.00e+00	3.14e-11	9.42e-11	1.57e-10	1.92e-06	3.87e-06	1.82e-31
 1.01718e+16	4.38e-10	6.99e-06	3.35e-03	5.86e-02	9.38e-01	1.02e-04	0.00e+00	3.88e-11	1.16e-10	1.94e-10	2.32e-06	4.68e-06	3.21e-31
 1.04274e+16	5.19e-10	8.19e-06	3.75e-03	6.23e-02	9.34e-01	9.56e-05	0.00e+00	4.60e-11	1.38e-10	2.30e-10	2.72e-06	5.48e-06	5.26e-31
 1.06518e+16	6.03e-10	9.36e-06	4.14e-03	6.56e-02	9.30e-01	9.03e-05	0.00e+00	5.35e-11	1.61e-10	2.68e-10	3.10e-06	6.26e-06	7.88e-31
 1.09037e+16	7.15e-10	1.08e-05	4.61e-03	6.94e-02	9.26e-01	8.49e-05	0.00e+00	6.35e-11	1.90e-10	3.18e-10	3.59e-06	7.24e-06	1.21e-30
 1.11741e+16	8.55e-10	1.25e-05	5.16e-03	7.36e-02	9.21e-01	7.96e-05	0.00e+00	7.60e-11	2.28e-10	3.80e-10	4.14e-06	8.35e-06	1.83e-30
 1.14277e+16	1.01e-09	1.47e-05	5.75e-03	7.80e-02	9.16e-01	7.46e-05	0.00e+00	8.97e-11	2.69e-10	4.49e-10	4.88e-06	9.83e-06	3.08e-30
 1.16697e+16	1.18e-09	1.68e-05	6.35e-03	8.22e-02	9.11e-01	7.04e-05	0.00e+00	1.05e-10	3.14e-10	5.24e-10	5.59e-06	1.13e-05	4.53e-30
