#depth	He	He+	He+2
 1.49634e+10	9.78e-23	6.03e-12	1.00e+00
 4.54887e+10	1.10e-22	6.53e-12	1.00e+00
 7.72350e+10	1.24e-22	7.06e-12	1.00e+00
 1.10251e+11	1.39e-22	7.65e-12	1.00e+00
 1.41144e+11	1.55e-22	8.21e-12	1.00e+00
 1.68552e+11	1.69e-22	8.73e-12	1.00e+00
 1.99253e+11	1.87e-22	9.33e-12	1.00e+00
 2.35900e+11	2.10e-22	1.01e-11	1.00e+00
 2.72771e+11	2.36e-22	1.09e-11	1.00e+00
 3.07163e+11	2.62e-22	1.16e-11	1.00e+00
 3.45423e+11	2.93e-22	1.25e-11	1.00e+00
 3.88240e+11	3.32e-22	1.35e-11	1.00e+00
 4.29471e+11	3.73e-22	1.45e-11	1.00e+00
 4.73279e+11	4.20e-22	1.57e-11	1.00e+00
 5.20408e+11	4.77e-22	1.69e-11	1.00e+00
 5.65457e+11	5.36e-22	1.82e-11	1.00e+00
 6.14038e+11	6.05e-22	1.96e-11	1.00e+00
 6.68526e+11	6.93e-22	2.13e-11	1.00e+00
 7.22607e+11	7.90e-22	2.30e-11	1.00e+00
 7.78850e+11	8.98e-22	2.49e-11	1.00e+00
 8.39931e+11	1.03e-21	2.71e-11	1.00e+00
 9.01963e+11	1.18e-21	2.93e-11	1.00e+00
 9.66477e+11	1.36e-21	3.18e-11	1.00e+00
 1.03506e+12	1.56e-21	3.46e-11	1.00e+00
 1.09929e+12	1.78e-21	3.73e-11	1.00e+00
 1.15663e+12	1.99e-21	3.98e-11	1.00e+00
 1.22122e+12	2.25e-21	4.28e-11	1.00e+00
 1.29785e+12	2.59e-21	4.64e-11	1.00e+00
 1.37555e+12	2.99e-21	5.03e-11	1.00e+00
 1.44344e+12	3.36e-21	5.39e-11	1.00e+00
 1.50355e+12	3.72e-21	5.72e-11	1.00e+00
 1.57214e+12	4.15e-21	6.11e-11	1.00e+00
 1.65809e+12	4.77e-21	6.61e-11	1.00e+00
 1.74516e+12	5.49e-21	7.15e-11	1.00e+00
 1.81984e+12	6.14e-21	7.63e-11	1.00e+00
 1.89985e+12	6.91e-21	8.17e-11	1.00e+00
 1.99894e+12	8.01e-21	8.87e-11	1.00e+00
 2.09915e+12	9.28e-21	9.61e-11	1.00e+00
 2.18692e+12	1.05e-20	1.03e-10	1.00e+00
 2.28220e+12	1.19e-20	1.11e-10	1.00e+00
 2.39773e+12	1.38e-20	1.20e-10	1.00e+00
 2.51395e+12	1.60e-20	1.31e-10	1.00e+00
 2.61921e+12	1.82e-20	1.41e-10	1.00e+00
 2.73585e+12	2.08e-20	1.52e-10	1.00e+00
 2.86628e+12	2.42e-20	1.65e-10	1.00e+00
 2.99333e+12	2.78e-20	1.79e-10	1.00e+00
 3.11657e+12	3.17e-20	1.93e-10	1.00e+00
 3.25574e+12	3.64e-20	2.09e-10	1.00e+00
 3.40983e+12	4.25e-20	2.28e-10	1.00e+00
 3.55335e+12	4.87e-20	2.47e-10	1.00e+00
 3.68448e+12	5.49e-20	2.65e-10	1.00e+00
 3.82983e+12	6.23e-20	2.86e-10	1.00e+00
 3.98332e+12	7.13e-20	3.09e-10	1.00e+00
 4.11640e+12	7.96e-20	3.29e-10	1.00e+00
 4.25843e+12	8.89e-20	3.53e-10	1.00e+00
 4.44045e+12	1.02e-19	3.83e-10	1.00e+00
 4.62819e+12	1.18e-19	4.17e-10	1.00e+00
 4.78918e+12	1.33e-19	4.47e-10	1.00e+00
 4.96163e+12	1.49e-19	4.81e-10	1.00e+00
 5.17525e+12	1.72e-19	5.24e-10	1.00e+00
 5.39632e+12	1.99e-19	5.72e-10	1.00e+00
 5.59887e+12	2.25e-19	6.18e-10	1.00e+00
 5.82340e+12	2.57e-19	6.71e-10	1.00e+00
 6.08428e+12	2.98e-19	7.36e-10	1.00e+00
 6.34292e+12	3.44e-19	8.04e-10	1.00e+00
 6.61190e+12	3.95e-19	8.79e-10	1.00e+00
 6.90630e+12	4.57e-19	9.66e-10	1.00e+00
 7.18180e+12	5.22e-19	1.05e-09	1.00e+00
 7.42613e+12	5.84e-19	1.13e-09	1.00e+00
 7.69964e+12	6.57e-19	1.22e-09	1.00e+00
 8.02628e+12	7.55e-19	1.34e-09	1.00e+00
 8.35495e+12	8.64e-19	1.47e-09	1.00e+00
 8.66148e+12	9.73e-19	1.59e-09	1.00e+00
 9.00258e+12	1.10e-18	1.73e-09	1.00e+00
 9.34169e+12	1.25e-18	1.88e-09	1.00e+00
 9.61020e+12	1.37e-18	2.00e-09	1.00e+00
 9.88758e+12	1.50e-18	2.14e-09	1.00e+00
 1.02482e+13	1.68e-18	2.32e-09	1.00e+00
 1.06297e+13	1.90e-18	2.52e-09	1.00e+00
 1.09601e+13	2.10e-18	2.70e-09	1.00e+00
 1.13112e+13	2.32e-18	2.90e-09	1.00e+00
 1.17548e+13	2.63e-18	3.17e-09	1.00e+00
 1.22074e+13	2.97e-18	3.46e-09	1.00e+00
 1.25958e+13	3.28e-18	3.72e-09	1.00e+00
 1.30121e+13	3.64e-18	4.01e-09	1.00e+00
 1.35273e+13	4.12e-18	4.38e-09	1.00e+00
 1.40574e+13	4.66e-18	4.79e-09	1.00e+00
 1.45378e+13	5.19e-18	5.18e-09	1.00e+00
 1.50673e+13	5.83e-18	5.62e-09	1.00e+00
 1.56889e+13	6.64e-18	6.18e-09	1.00e+00
 1.62679e+13	7.48e-18	6.72e-09	1.00e+00
 1.67594e+13	8.26e-18	7.20e-09	1.00e+00
 1.72992e+13	9.18e-18	7.74e-09	1.00e+00
 1.79713e+13	1.04e-17	8.44e-09	1.00e+00
 1.86708e+13	1.19e-17	9.22e-09	1.00e+00
 1.92788e+13	1.33e-17	9.91e-09	1.00e+00
 1.99126e+13	1.49e-17	1.07e-08	1.00e+00
 2.05999e+13	1.68e-17	1.15e-08	1.00e+00
 2.12174e+13	1.87e-17	1.23e-08	1.00e+00
 2.18808e+13	2.09e-17	1.32e-08	1.00e+00
 2.27158e+13	2.39e-17	1.43e-08	1.00e+00
 2.35606e+13	2.74e-17	1.55e-08	1.00e+00
 2.42892e+13	3.07e-17	1.66e-08	1.00e+00
 2.50804e+13	3.47e-17	1.78e-08	1.00e+00
 2.60531e+13	4.01e-17	1.94e-08	1.00e+00
 2.70587e+13	4.63e-17	2.10e-08	1.00e+00
 2.79868e+13	5.27e-17	2.26e-08	1.00e+00
 2.88790e+13	5.95e-17	2.42e-08	1.00e+00
 2.99007e+13	6.81e-17	2.61e-08	1.00e+00
 3.10439e+13	7.89e-17	2.83e-08	1.00e+00
 3.21238e+13	9.01e-17	3.04e-08	1.00e+00
 3.33057e+13	1.04e-16	3.28e-08	1.00e+00
 3.46228e+13	1.21e-16	3.56e-08	1.00e+00
 3.58627e+13	1.39e-16	3.84e-08	1.00e+00
 3.69731e+13	1.57e-16	4.09e-08	1.00e+00
 3.79690e+13	1.74e-16	4.33e-08	1.00e+00
 3.90636e+13	1.95e-16	4.59e-08	1.00e+00
 4.04867e+13	2.25e-16	4.95e-08	1.00e+00
 4.19340e+13	2.59e-16	5.33e-08	1.00e+00
 4.31112e+13	2.89e-16	5.65e-08	1.00e+00
 4.43401e+13	3.23e-16	5.99e-08	1.00e+00
 4.59376e+13	3.72e-16	6.46e-08	1.00e+00
 4.76263e+13	4.30e-16	6.97e-08	1.00e+00
 4.90942e+13	4.86e-16	7.42e-08	1.00e+00
 5.06630e+13	5.51e-16	7.92e-08	1.00e+00
 5.25957e+13	6.40e-16	8.56e-08	1.00e+00
 5.45315e+13	7.41e-16	9.24e-08	1.00e+00
 5.62126e+13	8.37e-16	9.84e-08	1.00e+00
 5.80324e+13	9.51e-16	1.05e-07	1.00e+00
 6.02571e+13	1.11e-15	1.14e-07	1.00e+00
 6.24928e+13	1.28e-15	1.23e-07	1.00e+00
 6.44769e+13	1.45e-15	1.31e-07	1.00e+00
 6.66494e+13	1.66e-15	1.40e-07	1.00e+00
 6.92498e+13	1.94e-15	1.52e-07	1.00e+00
 7.18335e+13	2.25e-15	1.64e-07	1.00e+00
 7.41841e+13	2.56e-15	1.75e-07	1.00e+00
 7.68047e+13	2.95e-15	1.88e-07	1.00e+00
 7.98667e+13	3.45e-15	2.04e-07	1.00e+00
 8.28853e+13	4.01e-15	2.21e-07	1.00e+00
 8.57398e+13	4.59e-15	2.36e-07	1.00e+00
 8.89145e+13	5.32e-15	2.55e-07	1.00e+00
 9.24127e+13	6.21e-15	2.76e-07	1.00e+00
 9.55931e+13	7.11e-15	2.96e-07	1.00e+00
 9.84521e+13	8.00e-15	3.14e-07	1.00e+00
 1.01206e+14	8.94e-15	3.33e-07	1.00e+00
 1.04277e+14	1.01e-14	3.54e-07	1.00e+00
 1.07666e+14	1.15e-14	3.78e-07	1.00e+00
 1.10803e+14	1.28e-14	4.00e-07	1.00e+00
 1.14212e+14	1.45e-14	4.26e-07	1.00e+00
 1.18046e+14	1.65e-14	4.55e-07	1.00e+00
 1.21701e+14	1.86e-14	4.84e-07	1.00e+00
 1.25718e+14	2.12e-14	5.17e-07	1.00e+00
 1.30209e+14	2.43e-14	5.55e-07	1.00e+00
 1.34453e+14	2.76e-14	5.92e-07	1.00e+00
 1.39108e+14	3.15e-14	6.33e-07	1.00e+00
 1.44274e+14	3.64e-14	6.81e-07	1.00e+00
 1.49077e+14	4.13e-14	7.28e-07	1.00e+00
 1.54296e+14	4.72e-14	7.79e-07	1.00e+00
 1.60134e+14	5.46e-14	8.39e-07	1.00e+00
 1.65636e+14	6.22e-14	8.97e-07	1.00e+00
 1.71629e+14	7.13e-14	9.63e-07	1.00e+00
 1.78318e+14	8.27e-14	1.04e-06	1.00e+00
 1.84637e+14	9.46e-14	1.11e-06	1.00e+00
 1.91415e+14	1.09e-13	1.20e-06	1.00e+00
 1.99102e+14	1.26e-13	1.29e-06	1.00e+00
 2.06648e+14	1.46e-13	1.39e-06	1.00e+00
 2.14495e+14	1.68e-13	1.50e-06	1.00e+00
 2.23105e+14	1.95e-13	1.62e-06	1.00e+00
 2.31042e+14	2.23e-13	1.74e-06	1.00e+00
 2.37333e+14	2.47e-13	1.84e-06	1.00e+00
 2.43644e+14	2.73e-13	1.94e-06	1.00e+00
 2.51847e+14	3.10e-13	2.07e-06	1.00e+00
 2.60490e+14	3.52e-13	2.22e-06	1.00e+00
 2.67921e+14	3.92e-13	2.35e-06	1.00e+00
 2.75799e+14	4.37e-13	2.49e-06	1.00e+00
 2.85871e+14	5.01e-13	2.68e-06	1.00e+00
 2.96282e+14	5.73e-13	2.88e-06	1.00e+00
 3.05256e+14	6.42e-13	3.06e-06	1.00e+00
 3.14877e+14	7.21e-13	3.26e-06	1.00e+00
 3.26737e+14	8.29e-13	3.51e-06	1.00e+00
 3.38654e+14	9.49e-13	3.78e-06	1.00e+00
 3.49038e+14	1.06e-12	4.02e-06	1.00e+00
 3.60280e+14	1.20e-12	4.30e-06	1.00e+00
 3.73982e+14	1.38e-12	4.64e-06	1.00e+00
 3.87696e+14	1.58e-12	5.00e-06	1.00e+00
 3.99837e+14	1.77e-12	5.33e-06	1.00e+00
 4.13118e+14	2.00e-12	5.70e-06	1.00e+00
 4.29052e+14	2.31e-12	6.17e-06	1.00e+00
 4.44894e+14	2.64e-12	6.66e-06	1.00e+00
 4.59215e+14	2.97e-12	7.11e-06	1.00e+00
 4.75103e+14	3.37e-12	7.63e-06	1.00e+00
 4.93779e+14	3.90e-12	8.28e-06	1.00e+00
 5.12155e+14	4.46e-12	8.93e-06	1.00e+00
 5.29204e+14	5.04e-12	9.57e-06	1.00e+00
 5.45567e+14	5.64e-12	1.02e-05	1.00e+00
 5.63953e+14	6.38e-12	1.09e-05	1.00e+00
 5.84400e+14	7.28e-12	1.18e-05	1.00e+00
 6.03567e+14	8.20e-12	1.26e-05	1.00e+00
 6.20214e+14	9.07e-12	1.33e-05	1.00e+00
 6.37544e+14	1.00e-11	1.41e-05	1.00e+00
 6.60073e+14	1.14e-11	1.52e-05	1.00e+00
 6.82923e+14	1.30e-11	1.63e-05	1.00e+00
 7.01404e+14	1.43e-11	1.73e-05	1.00e+00
 7.20644e+14	1.58e-11	1.83e-05	1.00e+00
 7.45656e+14	1.80e-11	1.96e-05	1.00e+00
 7.72111e+14	2.04e-11	2.11e-05	1.00e+00
 7.95154e+14	2.28e-11	2.25e-05	1.00e+00
 8.19821e+14	2.55e-11	2.40e-05	1.00e+00
 8.50454e+14	2.93e-11	2.59e-05	1.00e+00
 8.81786e+14	3.35e-11	2.79e-05	1.00e+00
 9.09497e+14	3.76e-11	2.98e-05	1.00e+00
 9.39556e+14	4.24e-11	3.19e-05	1.00e+00
 9.75692e+14	4.90e-11	3.45e-05	1.00e+00
 1.01163e+15	5.61e-11	3.72e-05	1.00e+00
 1.04396e+15	6.32e-11	3.98e-05	1.00e+00
 1.07971e+15	7.19e-11	4.27e-05	1.00e+00
 1.12193e+15	8.33e-11	4.63e-05	1.00e+00
 1.16379e+15	9.58e-11	5.00e-05	1.00e+00
 1.20277e+15	1.09e-10	5.37e-05	1.00e+00
 1.24635e+15	1.25e-10	5.79e-05	1.00e+00
 1.28814e+15	1.42e-10	6.21e-05	1.00e+00
 1.31889e+15	1.56e-10	6.54e-05	1.00e+00
 1.34977e+15	1.71e-10	6.87e-05	1.00e+00
 1.38991e+15	1.93e-10	7.32e-05	1.00e+00
 1.43346e+15	2.18e-10	7.82e-05	1.00e+00
 1.47265e+15	2.43e-10	8.30e-05	1.00e+00
 1.51480e+15	2.73e-10	8.82e-05	1.00e+00
 1.56941e+15	3.16e-10	9.53e-05	1.00e+00
 1.62465e+15	3.65e-10	1.03e-04	1.00e+00
 1.66935e+15	4.08e-10	1.09e-04	1.00e+00
 1.71594e+15	4.58e-10	1.16e-04	1.00e+00
 1.77651e+15	5.30e-10	1.25e-04	1.00e+00
 1.84099e+15	6.16e-10	1.36e-04	1.00e+00
 1.89773e+15	7.02e-10	1.45e-04	1.00e+00
 1.95868e+15	8.05e-10	1.56e-04	1.00e+00
 2.03301e+15	9.45e-10	1.70e-04	1.00e+00
 2.10781e+15	1.11e-09	1.84e-04	1.00e+00
 2.17448e+15	1.27e-09	1.98e-04	1.00e+00
 2.24749e+15	1.46e-09	2.13e-04	1.00e+00
 2.33455e+15	1.74e-09	2.32e-04	1.00e+00
 2.42084e+15	2.04e-09	2.52e-04	1.00e+00
 2.49947e+15	2.34e-09	2.71e-04	1.00e+00
 2.58716e+15	2.74e-09	2.94e-04	1.00e+00
 2.67248e+15	3.17e-09	3.16e-04	1.00e+00
 2.73562e+15	3.51e-09	3.33e-04	1.00e+00
 2.79862e+15	3.89e-09	3.51e-04	1.00e+00
 2.88052e+15	4.43e-09	3.75e-04	1.00e+00
 2.96838e+15	5.07e-09	4.02e-04	1.00e+00
 3.04610e+15	5.69e-09	4.26e-04	1.00e+00
 3.12924e+15	6.42e-09	4.53e-04	1.00e+00
 3.23733e+15	7.48e-09	4.89e-04	1.00e+00
 3.34666e+15	8.68e-09	5.27e-04	9.99e-01
 3.43477e+15	9.74e-09	5.59e-04	9.99e-01
 3.52648e+15	1.10e-08	5.94e-04	9.99e-01
 3.64570e+15	1.27e-08	6.40e-04	9.99e-01
 3.77194e+15	1.48e-08	6.91e-04	9.99e-01
 3.88224e+15	1.68e-08	7.37e-04	9.99e-01
 4.00059e+15	1.92e-08	7.89e-04	9.99e-01
 4.14885e+15	2.25e-08	8.56e-04	9.99e-01
 4.30137e+15	2.64e-08	9.27e-04	9.99e-01
 4.43645e+15	3.02e-08	9.93e-04	9.99e-01
 4.58344e+15	3.48e-08	1.07e-03	9.99e-01
 4.75987e+15	4.10e-08	1.16e-03	9.99e-01
 4.93501e+15	4.79e-08	1.26e-03	9.99e-01
 5.09299e+15	5.48e-08	1.35e-03	9.99e-01
 5.22891e+15	6.12e-08	1.43e-03	9.99e-01
 5.34607e+15	6.72e-08	1.50e-03	9.99e-01
 5.47813e+15	7.47e-08	1.58e-03	9.98e-01
 5.64980e+15	8.53e-08	1.69e-03	9.98e-01
 5.82647e+15	9.73e-08	1.80e-03	9.98e-01
 5.97172e+15	1.08e-07	1.90e-03	9.98e-01
 6.12265e+15	1.20e-07	2.01e-03	9.98e-01
 6.31886e+15	1.38e-07	2.15e-03	9.98e-01
 6.52325e+15	1.57e-07	2.30e-03	9.98e-01
 6.69535e+15	1.75e-07	2.43e-03	9.98e-01
 6.87619e+15	1.96e-07	2.58e-03	9.97e-01
 7.11128e+15	2.26e-07	2.78e-03	9.97e-01
 7.35433e+15	2.60e-07	2.98e-03	9.97e-01
 7.55761e+15	2.91e-07	3.16e-03	9.97e-01
 7.77179e+15	3.27e-07	3.35e-03	9.97e-01
 8.05021e+15	3.79e-07	3.62e-03	9.96e-01
 8.33271e+15	4.36e-07	3.90e-03	9.96e-01
 8.56549e+15	4.87e-07	4.13e-03	9.96e-01
 8.81311e+15	5.49e-07	4.40e-03	9.96e-01
 9.13215e+15	6.37e-07	4.76e-03	9.95e-01
 9.41768e+15	7.17e-07	5.07e-03	9.95e-01
 9.61272e+15	7.77e-07	5.30e-03	9.95e-01
 9.81644e+15	8.49e-07	5.56e-03	9.94e-01
 1.00813e+16	9.50e-07	5.91e-03	9.94e-01
 1.03539e+16	1.06e-06	6.27e-03	9.94e-01
 1.05946e+16	1.16e-06	6.60e-03	9.93e-01
 1.08656e+16	1.29e-06	7.01e-03	9.93e-01
 1.11565e+16	1.44e-06	7.46e-03	9.93e-01
 1.14257e+16	1.59e-06	7.90e-03	9.92e-01
 1.17282e+16	1.78e-06	8.44e-03	9.92e-01
 1.20510e+16	2.00e-06	9.03e-03	9.91e-01
 1.23343e+16	2.20e-06	9.58e-03	9.90e-01
 1.26365e+16	2.46e-06	1.02e-02	9.90e-01
 1.29638e+16	2.76e-06	1.10e-02	9.89e-01
 1.32565e+16	3.05e-06	1.17e-02	9.88e-01
 1.35699e+16	3.42e-06	1.26e-02	9.87e-01
 1.39084e+16	3.87e-06	1.36e-02	9.86e-01
 1.42084e+16	4.29e-06	1.46e-02	9.85e-01
 1.44684e+16	4.71e-06	1.55e-02	9.84e-01
 1.47474e+16	5.25e-06	1.67e-02	9.83e-01
 1.50486e+16	5.91e-06	1.80e-02	9.82e-01
 1.53117e+16	6.53e-06	1.93e-02	9.81e-01
 1.55481e+16	7.19e-06	2.06e-02	9.79e-01
 1.58171e+16	8.08e-06	2.24e-02	9.78e-01
 1.61001e+16	9.18e-06	2.44e-02	9.76e-01
 1.63351e+16	1.02e-05	2.63e-02	9.74e-01
 1.65416e+16	1.12e-05	2.82e-02	9.72e-01
 1.67777e+16	1.26e-05	3.07e-02	9.69e-01
 1.70323e+16	1.45e-05	3.38e-02	9.66e-01
 1.72485e+16	1.62e-05	3.69e-02	9.63e-01
 1.74356e+16	1.80e-05	3.99e-02	9.60e-01
 1.76472e+16	2.04e-05	4.39e-02	9.56e-01
 1.78763e+16	2.36e-05	4.90e-02	9.51e-01
 1.80728e+16	2.73e-05	5.42e-02	9.46e-01
 1.82315e+16	3.06e-05	5.91e-02	9.41e-01
 1.83963e+16	3.45e-05	6.50e-02	9.35e-01
 1.86106e+16	4.10e-05	7.42e-02	9.26e-01
 1.88158e+16	4.90e-05	8.50e-02	9.15e-01
 1.89556e+16	5.68e-05	9.40e-02	9.06e-01
 1.90530e+16	6.27e-05	1.01e-01	8.99e-01
 1.91487e+16	6.95e-05	1.09e-01	8.91e-01
 1.92732e+16	7.94e-05	1.21e-01	8.79e-01
 1.94124e+16	9.31e-05	1.36e-01	8.63e-01
 1.95194e+16	1.05e-04	1.50e-01	8.50e-01
 1.95900e+16	1.16e-04	1.61e-01	8.39e-01
 1.96481e+16	1.24e-04	1.70e-01	8.30e-01
 1.97068e+16	1.34e-04	1.80e-01	8.20e-01
 1.97831e+16	1.48e-04	1.95e-01	8.05e-01
 1.98662e+16	1.66e-04	2.13e-01	7.87e-01
 1.99378e+16	1.86e-04	2.29e-01	7.71e-01
 1.99918e+16	1.99e-04	2.43e-01	7.57e-01
 2.00428e+16	2.16e-04	2.57e-01	7.43e-01
 2.01092e+16	2.38e-04	2.77e-01	7.23e-01
 2.01816e+16	2.68e-04	3.00e-01	6.99e-01
 2.02410e+16	2.92e-04	3.21e-01	6.79e-01
 2.02974e+16	3.19e-04	3.42e-01	6.58e-01
 2.03707e+16	3.60e-04	3.71e-01	6.28e-01
 2.04397e+16	3.97e-04	4.00e-01	5.99e-01
 2.05029e+16	4.41e-04	4.29e-01	5.71e-01
 2.05666e+16	4.85e-04	4.58e-01	5.42e-01
 2.06307e+16	5.35e-04	4.89e-01	5.10e-01
 2.07012e+16	5.92e-04	5.23e-01	4.76e-01
 2.07667e+16	6.49e-04	5.56e-01	4.44e-01
 2.08386e+16	7.17e-04	5.92e-01	4.08e-01
 2.09175e+16	7.93e-04	6.29e-01	3.70e-01
 2.09908e+16	8.67e-04	6.63e-01	3.36e-01
 2.10712e+16	9.52e-04	6.99e-01	3.00e-01
 2.11454e+16	1.03e-03	7.28e-01	2.71e-01
 2.11956e+16	1.08e-03	7.47e-01	2.52e-01
 2.12449e+16	1.14e-03	7.65e-01	2.34e-01
 2.13090e+16	1.21e-03	7.87e-01	2.11e-01
 2.13797e+16	1.29e-03	8.09e-01	1.89e-01
 2.14454e+16	1.37e-03	8.27e-01	1.71e-01
 2.15170e+16	1.45e-03	8.46e-01	1.53e-01
 2.15960e+16	1.55e-03	8.63e-01	1.35e-01
 2.16660e+16	1.63e-03	8.77e-01	1.21e-01
 2.17285e+16	1.71e-03	8.88e-01	1.10e-01
 2.17996e+16	1.80e-03	8.99e-01	9.88e-02
 2.18772e+16	1.90e-03	9.10e-01	8.81e-02
 2.19459e+16	2.00e-03	9.18e-01	7.97e-02
 2.20064e+16	2.09e-03	9.25e-01	7.31e-02
 2.20739e+16	2.19e-03	9.32e-01	6.61e-02
 2.21485e+16	2.31e-03	9.38e-01	5.96e-02
 2.22153e+16	2.43e-03	9.43e-01	5.44e-02
 2.22734e+16	2.54e-03	9.47e-01	5.03e-02
 2.23371e+16	2.66e-03	9.51e-01	4.60e-02
 2.24074e+16	2.81e-03	9.55e-01	4.19e-02
 2.24704e+16	2.96e-03	9.58e-01	3.88e-02
 2.25244e+16	3.09e-03	9.61e-01	3.62e-02
 2.25826e+16	3.24e-03	9.63e-01	3.36e-02
 2.26467e+16	3.43e-03	9.66e-01	3.10e-02
 2.27039e+16	3.61e-03	9.67e-01	2.89e-02
 2.27536e+16	3.78e-03	9.69e-01	2.72e-02
 2.28080e+16	3.98e-03	9.71e-01	2.55e-02
 2.28677e+16	4.22e-03	9.72e-01	2.38e-02
 2.29206e+16	4.46e-03	9.73e-01	2.24e-02
 2.29665e+16	4.69e-03	9.74e-01	2.12e-02
 2.30173e+16	4.96e-03	9.75e-01	2.00e-02
 2.30738e+16	5.29e-03	9.76e-01	1.87e-02
 2.31244e+16	5.63e-03	9.77e-01	1.77e-02
 2.31677e+16	5.95e-03	9.77e-01	1.69e-02
 2.32149e+16	6.32e-03	9.78e-01	1.60e-02
 2.32681e+16	6.81e-03	9.78e-01	1.51e-02
 2.33178e+16	7.33e-03	9.78e-01	1.44e-02
 2.33621e+16	7.85e-03	9.78e-01	1.37e-02
 2.34108e+16	8.49e-03	9.79e-01	1.30e-02
 2.34655e+16	9.33e-03	9.78e-01	1.23e-02
 2.35147e+16	1.03e-02	9.78e-01	1.16e-02
 2.35555e+16	1.11e-02	9.78e-01	1.12e-02
 2.35988e+16	1.22e-02	9.77e-01	1.07e-02
 2.36445e+16	1.36e-02	9.76e-01	1.02e-02
 2.36811e+16	1.49e-02	9.75e-01	9.83e-03
 2.37098e+16	1.61e-02	9.74e-01	9.57e-03
 2.37400e+16	1.75e-02	9.73e-01	9.26e-03
 2.37793e+16	1.96e-02	9.71e-01	8.90e-03
 2.38178e+16	2.23e-02	9.69e-01	8.58e-03
 2.38446e+16	2.47e-02	9.67e-01	8.37e-03
 2.38642e+16	2.66e-02	9.65e-01	8.24e-03
 2.38850e+16	2.88e-02	9.63e-01	8.08e-03
 2.39120e+16	3.21e-02	9.60e-01	7.87e-03
 2.39403e+16	3.65e-02	9.56e-01	7.70e-03
 2.39628e+16	4.10e-02	9.51e-01	7.57e-03
 2.39803e+16	4.48e-02	9.48e-01	7.50e-03
 2.39987e+16	4.95e-02	9.43e-01	7.40e-03
 2.40227e+16	5.64e-02	9.36e-01	7.31e-03
 2.40463e+16	6.52e-02	9.28e-01	7.25e-03
 2.40629e+16	7.31e-02	9.20e-01	7.23e-03
 2.40754e+16	7.94e-02	9.13e-01	7.24e-03
 2.40888e+16	8.71e-02	9.06e-01	7.23e-03
 2.41062e+16	9.84e-02	8.94e-01	7.25e-03
 2.41238e+16	1.12e-01	8.80e-01	7.31e-03
 2.41372e+16	1.25e-01	8.68e-01	7.36e-03
 2.41476e+16	1.36e-01	8.57e-01	7.44e-03
 2.41570e+16	1.46e-01	8.46e-01	7.50e-03
 2.41664e+16	1.58e-01	8.34e-01	7.56e-03
 2.41758e+16	1.71e-01	8.21e-01	7.62e-03
 2.41831e+16	1.82e-01	8.10e-01	7.70e-03
 2.41877e+16	1.89e-01	8.03e-01	7.75e-03
 2.41918e+16	1.96e-01	7.96e-01	7.78e-03
 2.41968e+16	2.05e-01	7.88e-01	7.82e-03
 2.42024e+16	2.15e-01	7.78e-01	7.87e-03
 2.42077e+16	2.24e-01	7.68e-01	7.92e-03
 2.42126e+16	2.34e-01	7.58e-01	7.98e-03
 2.42175e+16	2.44e-01	7.48e-01	8.01e-03
 2.42224e+16	2.55e-01	7.37e-01	8.07e-03
 2.42274e+16	2.66e-01	7.26e-01	8.11e-03
 2.42323e+16	2.77e-01	7.15e-01	8.17e-03
 2.42371e+16	2.89e-01	7.03e-01	8.21e-03
 2.42420e+16	3.01e-01	6.90e-01	8.24e-03
 2.42467e+16	3.14e-01	6.78e-01	8.28e-03
 2.42514e+16	3.26e-01	6.65e-01	8.32e-03
 2.42562e+16	3.40e-01	6.52e-01	8.34e-03
 2.42610e+16	3.54e-01	6.38e-01	8.38e-03
 2.42657e+16	3.68e-01	6.24e-01	8.40e-03
 2.42704e+16	3.82e-01	6.09e-01	8.42e-03
 2.42751e+16	3.97e-01	5.95e-01	8.43e-03
 2.42798e+16	4.12e-01	5.79e-01	8.42e-03
 2.42845e+16	4.28e-01	5.64e-01	8.43e-03
 2.42892e+16	4.44e-01	5.48e-01	8.40e-03
 2.42940e+16	4.60e-01	5.32e-01	8.40e-03
 2.42987e+16	4.76e-01	5.15e-01	8.36e-03
 2.43035e+16	4.93e-01	4.98e-01	8.31e-03
 2.43083e+16	5.11e-01	4.81e-01	8.26e-03
 2.43130e+16	5.28e-01	4.64e-01	8.20e-03
 2.43178e+16	5.45e-01	4.47e-01	8.12e-03
 2.43225e+16	5.62e-01	4.30e-01	8.03e-03
 2.43272e+16	5.78e-01	4.14e-01	7.93e-03
 2.43320e+16	5.95e-01	3.97e-01	7.82e-03
 2.43367e+16	6.12e-01	3.80e-01	7.70e-03
 2.43416e+16	6.29e-01	3.64e-01	7.56e-03
 2.43465e+16	6.45e-01	3.48e-01	7.40e-03
 2.43515e+16	6.61e-01	3.31e-01	7.24e-03
 2.43566e+16	6.77e-01	3.16e-01	7.07e-03
 2.43618e+16	6.93e-01	3.00e-01	6.89e-03
 2.43671e+16	7.08e-01	2.85e-01	6.69e-03
 2.43727e+16	7.24e-01	2.70e-01	6.48e-03
 2.43786e+16	7.39e-01	2.55e-01	6.25e-03
 2.43848e+16	7.53e-01	2.41e-01	6.01e-03
 2.43915e+16	7.68e-01	2.27e-01	5.77e-03
 2.43986e+16	7.81e-01	2.13e-01	5.52e-03
 2.44064e+16	7.95e-01	2.00e-01	5.27e-03
 2.44151e+16	8.07e-01	1.88e-01	5.01e-03
 2.44248e+16	8.19e-01	1.76e-01	4.76e-03
 2.44357e+16	8.29e-01	1.66e-01	4.52e-03
 2.44473e+16	8.38e-01	1.58e-01	4.31e-03
 2.44587e+16	8.44e-01	1.51e-01	4.14e-03
 2.44701e+16	8.50e-01	1.46e-01	4.00e-03
 2.44814e+16	8.54e-01	1.42e-01	3.87e-03
 2.44944e+16	8.57e-01	1.39e-01	3.76e-03
 2.45113e+16	8.61e-01	1.35e-01	3.63e-03
 2.45333e+16	8.65e-01	1.32e-01	3.49e-03
 2.45619e+16	8.68e-01	1.29e-01	3.34e-03
 2.45990e+16	8.72e-01	1.25e-01	3.16e-03
 2.46473e+16	8.76e-01	1.21e-01	2.95e-03
 2.47089e+16	8.81e-01	1.16e-01	2.72e-03
 2.47645e+16	8.85e-01	1.13e-01	2.54e-03
 2.48014e+16	8.87e-01	1.10e-01	2.43e-03
 2.48334e+16	8.89e-01	1.08e-01	2.33e-03
 2.48677e+16	8.92e-01	1.06e-01	2.23e-03
 2.49037e+16	8.94e-01	1.04e-01	2.13e-03
 2.49390e+16	8.96e-01	1.02e-01	2.04e-03
 2.49726e+16	8.98e-01	9.98e-02	1.96e-03
 2.50050e+16	9.00e-01	9.80e-02	1.88e-03
 2.50372e+16	9.02e-01	9.62e-02	1.81e-03
 2.50690e+16	9.04e-01	9.45e-02	1.74e-03
 2.51005e+16	9.06e-01	9.28e-02	1.67e-03
 2.51314e+16	9.07e-01	9.12e-02	1.61e-03
 2.51618e+16	9.09e-01	8.96e-02	1.55e-03
 2.51918e+16	9.10e-01	8.81e-02	1.50e-03
 2.52213e+16	9.12e-01	8.66e-02	1.45e-03
 2.52505e+16	9.13e-01	8.52e-02	1.40e-03
 2.52794e+16	9.15e-01	8.39e-02	1.35e-03
 2.53080e+16	9.16e-01	8.25e-02	1.30e-03
 2.53363e+16	9.18e-01	8.12e-02	1.26e-03
 2.53645e+16	9.19e-01	8.00e-02	1.22e-03
 2.53926e+16	9.20e-01	7.87e-02	1.18e-03
 2.54205e+16	9.21e-01	7.75e-02	1.14e-03
 2.54485e+16	9.23e-01	7.63e-02	1.10e-03
 2.54766e+16	9.24e-01	7.52e-02	1.07e-03
 2.55049e+16	9.25e-01	7.40e-02	1.03e-03
 2.55334e+16	9.26e-01	7.29e-02	1.00e-03
 2.55623e+16	9.27e-01	7.17e-02	9.67e-04
 2.55917e+16	9.29e-01	7.06e-02	9.34e-04
 2.56223e+16	9.30e-01	6.94e-02	9.01e-04
 2.56546e+16	9.31e-01	6.82e-02	8.68e-04
 2.56885e+16	9.32e-01	6.69e-02	8.34e-04
 2.57243e+16	9.34e-01	6.56e-02	8.00e-04
 2.57627e+16	9.35e-01	6.43e-02	7.65e-04
 2.58051e+16	9.36e-01	6.28e-02	7.28e-04
 2.58533e+16	9.38e-01	6.11e-02	6.88e-04
 2.59066e+16	9.40e-01	5.94e-02	6.47e-04
 2.59596e+16	9.42e-01	5.77e-02	6.09e-04
 2.60099e+16	9.43e-01	5.62e-02	5.75e-04
 2.60571e+16	9.45e-01	5.48e-02	5.46e-04
 2.61001e+16	9.46e-01	5.36e-02	5.20e-04
 2.61392e+16	9.47e-01	5.25e-02	4.97e-04
 2.61748e+16	9.48e-01	5.15e-02	4.78e-04
 2.62071e+16	9.49e-01	5.06e-02	4.61e-04
 2.62366e+16	9.50e-01	4.98e-02	4.45e-04
 2.62634e+16	9.50e-01	4.91e-02	4.32e-04
 2.62928e+16	9.51e-01	4.83e-02	4.17e-04
 2.63245e+16	9.52e-01	4.75e-02	4.03e-04
 2.63534e+16	9.53e-01	4.68e-02	3.89e-04
 2.63797e+16	9.54e-01	4.61e-02	3.77e-04
 2.64036e+16	9.54e-01	4.55e-02	3.68e-04
 2.64298e+16	9.55e-01	4.48e-02	3.56e-04
 2.64581e+16	9.55e-01	4.42e-02	3.45e-04
 2.64838e+16	9.56e-01	4.35e-02	3.35e-04
 2.65120e+16	9.57e-01	4.28e-02	3.23e-04
 2.65424e+16	9.58e-01	4.21e-02	3.12e-04
 2.65701e+16	9.58e-01	4.14e-02	3.01e-04
 2.65953e+16	9.59e-01	4.08e-02	2.92e-04
 2.66183e+16	9.59e-01	4.03e-02	2.85e-04
 2.66434e+16	9.60e-01	3.97e-02	2.76e-04
 2.66706e+16	9.61e-01	3.91e-02	2.67e-04
 2.66953e+16	9.61e-01	3.85e-02	2.59e-04
 2.67177e+16	9.62e-01	3.80e-02	2.52e-04
 2.67382e+16	9.62e-01	3.76e-02	2.46e-04
 2.67606e+16	9.63e-01	3.70e-02	2.39e-04
 2.67848e+16	9.63e-01	3.65e-02	2.32e-04
 2.68068e+16	9.64e-01	3.60e-02	2.25e-04
 2.68269e+16	9.64e-01	3.56e-02	2.20e-04
 2.68488e+16	9.65e-01	3.51e-02	2.13e-04
 2.68725e+16	9.65e-01	3.46e-02	2.07e-04
 2.68941e+16	9.66e-01	3.41e-02	2.02e-04
 2.69137e+16	9.66e-01	3.37e-02	1.97e-04
 2.69352e+16	9.67e-01	3.33e-02	1.91e-04
 2.69584e+16	9.67e-01	3.28e-02	1.86e-04
 2.69796e+16	9.67e-01	3.24e-02	1.81e-04
 2.69988e+16	9.68e-01	3.20e-02	1.77e-04
 2.70199e+16	9.68e-01	3.16e-02	1.72e-04
 2.70426e+16	9.69e-01	3.11e-02	1.67e-04
 2.70633e+16	9.69e-01	3.07e-02	1.63e-04
 2.70822e+16	9.69e-01	3.04e-02	1.59e-04
 2.71028e+16	9.70e-01	3.00e-02	1.54e-04
 2.71251e+16	9.70e-01	2.96e-02	1.50e-04
 2.71454e+16	9.71e-01	2.92e-02	1.47e-04
 2.71676e+16	9.71e-01	2.88e-02	1.42e-04
 2.71916e+16	9.71e-01	2.84e-02	1.38e-04
 2.72134e+16	9.72e-01	2.80e-02	1.34e-04
 2.72333e+16	9.72e-01	2.77e-02	1.31e-04
 2.72550e+16	9.73e-01	2.73e-02	1.28e-04
 2.72785e+16	9.73e-01	2.69e-02	1.24e-04
 2.72999e+16	9.73e-01	2.66e-02	1.21e-04
 2.73234e+16	9.74e-01	2.62e-02	1.17e-04
 2.73487e+16	9.74e-01	2.58e-02	1.14e-04
 2.73717e+16	9.74e-01	2.54e-02	1.11e-04
 2.73969e+16	9.75e-01	2.50e-02	1.07e-04
 2.74241e+16	9.75e-01	2.46e-02	1.04e-04
 2.74489e+16	9.76e-01	2.43e-02	1.01e-04
 2.74715e+16	9.76e-01	2.40e-02	9.85e-05
 2.74962e+16	9.76e-01	2.36e-02	9.55e-05
 2.75229e+16	9.77e-01	2.33e-02	9.27e-05
 2.75472e+16	9.77e-01	2.30e-02	9.02e-05
 2.75738e+16	9.77e-01	2.26e-02	8.73e-05
 2.76025e+16	9.78e-01	2.22e-02	8.46e-05
 2.76286e+16	9.78e-01	2.19e-02	8.22e-05
 2.76524e+16	9.78e-01	2.16e-02	8.00e-05
 2.76785e+16	9.79e-01	2.13e-02	7.76e-05
 2.77066e+16	9.79e-01	2.10e-02	7.52e-05
 2.77322e+16	9.79e-01	2.07e-02	7.32e-05
 2.77603e+16	9.80e-01	2.03e-02	7.08e-05
 2.77906e+16	9.80e-01	2.00e-02	6.85e-05
 2.78181e+16	9.80e-01	1.97e-02	6.66e-05
 2.78483e+16	9.81e-01	1.94e-02	6.43e-05
 2.78810e+16	9.81e-01	1.90e-02	6.21e-05
 2.79106e+16	9.81e-01	1.87e-02	6.02e-05
 2.79376e+16	9.81e-01	1.85e-02	5.86e-05
 2.79672e+16	9.82e-01	1.82e-02	5.67e-05
 2.79992e+16	9.82e-01	1.79e-02	5.48e-05
 2.80282e+16	9.82e-01	1.76e-02	5.32e-05
 2.80601e+16	9.83e-01	1.73e-02	5.14e-05
 2.80945e+16	9.83e-01	1.70e-02	4.96e-05
 2.81258e+16	9.83e-01	1.67e-02	4.81e-05
 2.81601e+16	9.84e-01	1.64e-02	4.64e-05
 2.81971e+16	9.84e-01	1.61e-02	4.47e-05
 2.82308e+16	9.84e-01	1.59e-02	4.32e-05
 2.82677e+16	9.84e-01	1.56e-02	4.16e-05
 2.83076e+16	9.85e-01	1.52e-02	4.00e-05
 2.83438e+16	9.85e-01	1.50e-02	3.87e-05
 2.83768e+16	9.85e-01	1.47e-02	3.75e-05
 2.84130e+16	9.85e-01	1.45e-02	3.61e-05
 2.84521e+16	9.86e-01	1.42e-02	3.48e-05
 2.84876e+16	9.86e-01	1.40e-02	3.37e-05
 2.85265e+16	9.86e-01	1.37e-02	3.24e-05
 2.85686e+16	9.87e-01	1.34e-02	3.12e-05
 2.86068e+16	9.87e-01	1.32e-02	3.01e-05
 2.86487e+16	9.87e-01	1.29e-02	2.89e-05
 2.86940e+16	9.87e-01	1.27e-02	2.77e-05
 2.87351e+16	9.88e-01	1.24e-02	2.67e-05
 2.87803e+16	9.88e-01	1.22e-02	2.56e-05
 2.88290e+16	9.88e-01	1.19e-02	2.46e-05
 2.88733e+16	9.88e-01	1.17e-02	2.36e-05
 2.89219e+16	9.89e-01	1.14e-02	2.26e-05
 2.89743e+16	9.89e-01	1.12e-02	2.16e-05
 2.90220e+16	9.89e-01	1.09e-02	2.07e-05
 2.90743e+16	9.89e-01	1.07e-02	1.98e-05
 2.91308e+16	9.90e-01	1.04e-02	1.89e-05
 2.91822e+16	9.90e-01	1.02e-02	1.81e-05
 2.92289e+16	9.90e-01	1.00e-02	1.74e-05
 2.92801e+16	9.90e-01	9.79e-03	1.67e-05
 2.93355e+16	9.90e-01	9.57e-03	1.59e-05
 2.93858e+16	9.91e-01	9.38e-03	1.53e-05
 2.94409e+16	9.91e-01	9.16e-03	1.46e-05
 2.95005e+16	9.91e-01	8.94e-03	1.39e-05
 2.95546e+16	9.91e-01	8.75e-03	1.34e-05
 2.96140e+16	9.91e-01	8.54e-03	1.27e-05
 2.96781e+16	9.92e-01	8.33e-03	1.21e-05
 2.97364e+16	9.92e-01	8.14e-03	1.16e-05
 2.98003e+16	9.92e-01	7.93e-03	1.10e-05
 2.98693e+16	9.92e-01	7.73e-03	1.05e-05
 2.99321e+16	9.92e-01	7.55e-03	1.00e-05
 3.00009e+16	9.93e-01	7.35e-03	9.47e-06
 3.00752e+16	9.93e-01	7.15e-03	8.98e-06
 3.01428e+16	9.93e-01	6.98e-03	8.55e-06
 3.02169e+16	9.93e-01	6.78e-03	8.08e-06
 3.02969e+16	9.93e-01	6.59e-03	7.64e-06
 3.03696e+16	9.94e-01	6.42e-03	7.26e-06
 3.04494e+16	9.94e-01	6.23e-03	6.85e-06
 3.05354e+16	9.94e-01	6.05e-03	6.45e-06
 3.06138e+16	9.94e-01	5.89e-03	6.12e-06
 3.06996e+16	9.94e-01	5.71e-03	5.75e-06
 3.08093e+16	9.95e-01	5.48e-03	5.32e-06
 3.09331e+16	9.95e-01	5.25e-03	4.89e-06
 3.10616e+16	9.95e-01	5.03e-03	4.49e-06
 3.11959e+16	9.95e-01	4.81e-03	4.11e-06
 3.13356e+16	9.95e-01	4.59e-03	3.75e-06
 3.14805e+16	9.96e-01	4.38e-03	3.42e-06
 3.16298e+16	9.96e-01	4.18e-03	3.11e-06
 3.17818e+16	9.96e-01	3.98e-03	2.83e-06
 3.19361e+16	9.96e-01	3.79e-03	2.57e-06
 3.20931e+16	9.96e-01	3.61e-03	2.33e-06
 3.22532e+16	9.97e-01	3.44e-03	2.12e-06
 3.24163e+16	9.97e-01	3.27e-03	1.92e-06
 3.25823e+16	9.97e-01	3.12e-03	1.74e-06
 3.27512e+16	9.97e-01	2.96e-03	1.58e-06
 3.29231e+16	9.97e-01	2.82e-03	1.43e-06
 3.30980e+16	9.97e-01	2.68e-03	1.29e-06
 3.32761e+16	9.97e-01	2.55e-03	1.17e-06
 3.34542e+16	9.98e-01	2.42e-03	1.06e-06
 3.36350e+16	9.98e-01	2.30e-03	9.56e-07
 3.38229e+16	9.98e-01	2.18e-03	8.61e-07
 3.40152e+16	9.98e-01	2.07e-03	7.75e-07
 3.42099e+16	9.98e-01	1.96e-03	6.97e-07
 3.44079e+16	9.98e-01	1.86e-03	6.27e-07
 3.46096e+16	9.98e-01	1.76e-03	5.62e-07
 3.48153e+16	9.98e-01	1.66e-03	5.04e-07
 3.50249e+16	9.98e-01	1.57e-03	4.51e-07
 3.52384e+16	9.99e-01	1.49e-03	4.03e-07
 3.54562e+16	9.99e-01	1.40e-03	3.60e-07
 3.56784e+16	9.99e-01	1.32e-03	3.21e-07
 3.59051e+16	9.99e-01	1.25e-03	2.86e-07
 3.61364e+16	9.99e-01	1.18e-03	2.54e-07
 3.63727e+16	9.99e-01	1.11e-03	2.25e-07
 3.66140e+16	9.99e-01	1.04e-03	1.99e-07
 3.68607e+16	9.99e-01	9.78e-04	1.76e-07
 3.71129e+16	9.99e-01	9.17e-04	1.55e-07
 3.73711e+16	9.99e-01	8.60e-04	1.36e-07
 3.76355e+16	9.99e-01	8.05e-04	1.20e-07
 3.79064e+16	9.99e-01	7.52e-04	1.05e-07
 3.81842e+16	9.99e-01	7.03e-04	9.13e-08
 3.84694e+16	9.99e-01	6.55e-04	7.94e-08
 3.87582e+16	9.99e-01	6.11e-04	6.92e-08
 3.90544e+16	9.99e-01	5.68e-04	5.98e-08
 3.93634e+16	9.99e-01	5.27e-04	5.16e-08
 3.96835e+16	1.00e+00	4.88e-04	4.42e-08
 4.00157e+16	1.00e+00	4.51e-04	3.77e-08
 4.03596e+16	1.00e+00	4.15e-04	3.20e-08
 4.07160e+16	1.00e+00	3.81e-04	2.70e-08
 4.10866e+16	1.00e+00	3.49e-04	2.27e-08
 4.14732e+16	1.00e+00	3.18e-04	1.89e-08
 4.18775e+16	1.00e+00	2.89e-04	1.56e-08
 4.23019e+16	1.00e+00	2.62e-04	1.28e-08
 4.27500e+16	1.00e+00	2.36e-04	1.03e-08
 4.32239e+16	1.00e+00	2.11e-04	8.29e-09
 4.37296e+16	1.00e+00	1.87e-04	6.54e-09
 4.42678e+16	1.00e+00	1.65e-04	5.10e-09
 4.48471e+16	1.00e+00	1.44e-04	3.89e-09
 4.54807e+16	1.00e+00	1.25e-04	2.90e-09
 4.61734e+16	1.00e+00	1.06e-04	2.11e-09
 4.69401e+16	1.00e+00	8.91e-05	1.48e-09
 4.78039e+16	1.00e+00	7.32e-05	1.00e-09
 4.87891e+16	1.00e+00	5.85e-05	6.41e-10
 4.98780e+16	1.00e+00	4.59e-05	3.95e-10
 5.10024e+16	1.00e+00	3.59e-05	2.42e-10
 5.21170e+16	1.00e+00	2.82e-05	1.50e-10
 5.32247e+16	1.00e+00	2.23e-05	9.39e-11
 5.43430e+16	1.00e+00	1.76e-05	5.89e-11
 5.54845e+16	1.00e+00	1.39e-05	3.68e-11
 5.66504e+16	1.00e+00	1.10e-05	2.29e-11
 5.78336e+16	1.00e+00	8.67e-06	1.44e-11
 5.90371e+16	1.00e+00	6.84e-06	8.96e-12
 6.02654e+16	1.00e+00	5.40e-06	5.60e-12
 6.15212e+16	1.00e+00	4.26e-06	3.49e-12
 6.28097e+16	1.00e+00	3.35e-06	2.18e-12
 6.41331e+16	1.00e+00	2.64e-06	1.35e-12
 6.54996e+16	1.00e+00	2.07e-06	8.36e-13
 6.69093e+16	1.00e+00	1.62e-06	5.14e-13
 6.83589e+16	1.00e+00	1.27e-06	3.15e-13
 6.98549e+16	1.00e+00	9.92e-07	1.92e-13
 7.14087e+16	1.00e+00	7.71e-07	1.17e-13
 7.30276e+16	1.00e+00	5.97e-07	6.99e-14
 7.47164e+16	1.00e+00	4.60e-07	4.16e-14
 7.64881e+16	1.00e+00	3.52e-07	2.44e-14
 7.83574e+16	1.00e+00	2.67e-07	1.41e-14
 8.03424e+16	1.00e+00	2.01e-07	7.96e-15
 8.24681e+16	1.00e+00	1.49e-07	4.40e-15
 8.47701e+16	1.00e+00	1.09e-07	2.34e-15
 8.72753e+16	1.00e+00	7.80e-08	1.21e-15
 8.99073e+16	1.00e+00	5.56e-08	6.15e-16
 9.25698e+16	1.00e+00	3.99e-08	3.18e-16
 9.52506e+16	1.00e+00	2.89e-08	1.66e-16
 9.79666e+16	1.00e+00	2.09e-08	8.75e-17
 1.00722e+17	1.00e+00	1.52e-08	4.64e-17
 1.03502e+17	1.00e+00	1.12e-08	2.49e-17
 1.06295e+17	1.00e+00	8.22e-09	1.35e-17
 1.09089e+17	1.00e+00	6.10e-09	7.45e-18
 1.11872e+17	1.00e+00	4.56e-09	4.17e-18
 1.14635e+17	1.00e+00	3.44e-09	2.37e-18
 1.17363e+17	1.00e+00	2.62e-09	1.38e-18
 1.20043e+17	1.00e+00	2.01e-09	8.14e-19
 1.22668e+17	1.00e+00	1.56e-09	4.92e-19
 1.25229e+17	1.00e+00	1.23e-09	3.04e-19
 1.27712e+17	1.00e+00	9.76e-10	1.92e-19
 1.30105e+17	1.00e+00	7.85e-10	1.24e-19
 1.32411e+17	1.00e+00	6.39e-10	8.22e-20
 1.34629e+17	1.00e+00	5.25e-10	5.56e-20
 1.36755e+17	1.00e+00	4.36e-10	3.84e-20
 1.38786e+17	1.00e+00	3.67e-10	2.72e-20
 1.40723e+17	1.00e+00	3.11e-10	1.96e-20
 1.42567e+17	1.00e+00	2.67e-10	1.44e-20
 1.44321e+17	1.00e+00	2.31e-10	1.08e-20
 1.45989e+17	1.00e+00	2.01e-10	8.20e-21
 1.47573e+17	1.00e+00	1.77e-10	0.00e+00
 1.49075e+17	1.00e+00	1.57e-10	0.00e+00
 1.50500e+17	1.00e+00	1.40e-10	0.00e+00
 1.51851e+17	1.00e+00	1.26e-10	0.00e+00
 1.53133e+17	1.00e+00	1.14e-10	0.00e+00
 1.54348e+17	1.00e+00	1.04e-10	0.00e+00
 1.55500e+17	1.00e+00	9.51e-11	0.00e+00
 1.56593e+17	1.00e+00	8.76e-11	0.00e+00
 1.57629e+17	1.00e+00	8.09e-11	0.00e+00
 1.58611e+17	1.00e+00	7.52e-11	0.00e+00
 1.59543e+17	1.00e+00	7.02e-11	0.00e+00
 1.60427e+17	1.00e+00	6.58e-11	0.00e+00
 1.61267e+17	1.00e+00	6.18e-11	0.00e+00
 1.62064e+17	1.00e+00	5.84e-11	0.00e+00
 1.62821e+17	1.00e+00	5.53e-11	0.00e+00
 1.63540e+17	1.00e+00	5.25e-11	0.00e+00
 1.64224e+17	1.00e+00	5.00e-11	0.00e+00
 1.64874e+17	1.00e+00	4.77e-11	0.00e+00
 1.65493e+17	1.00e+00	4.57e-11	0.00e+00
 1.66082e+17	1.00e+00	4.39e-11	0.00e+00
 1.66643e+17	1.00e+00	4.22e-11	0.00e+00
 1.67177e+17	1.00e+00	4.07e-11	0.00e+00
 1.67687e+17	1.00e+00	3.93e-11	0.00e+00
 1.68173e+17	1.00e+00	3.80e-11	0.00e+00
 1.68637e+17	1.00e+00	3.68e-11	0.00e+00
 1.69081e+17	1.00e+00	3.57e-11	0.00e+00
 1.69505e+17	1.00e+00	3.47e-11	0.00e+00
 1.69912e+17	1.00e+00	3.38e-11	0.00e+00
 1.70301e+17	1.00e+00	3.29e-11	0.00e+00
 1.70675e+17	1.00e+00	3.21e-11	0.00e+00
 1.71035e+17	1.00e+00	3.13e-11	0.00e+00
 1.71380e+17	1.00e+00	3.07e-11	0.00e+00
 1.71713e+17	1.00e+00	3.00e-11	0.00e+00
 1.72035e+17	1.00e+00	2.93e-11	0.00e+00
 1.72346e+17	1.00e+00	2.88e-11	0.00e+00
 1.72648e+17	1.00e+00	2.82e-11	0.00e+00
 1.72941e+17	1.00e+00	2.77e-11	0.00e+00
 1.73227e+17	1.00e+00	2.72e-11	0.00e+00
 1.73506e+17	1.00e+00	2.67e-11	0.00e+00
 1.73780e+17	1.00e+00	2.62e-11	0.00e+00
 1.74050e+17	1.00e+00	2.58e-11	0.00e+00
 1.74316e+17	1.00e+00	2.53e-11	0.00e+00
 1.74581e+17	1.00e+00	2.49e-11	0.00e+00
 1.74845e+17	1.00e+00	2.45e-11	0.00e+00
 1.75110e+17	1.00e+00	2.41e-11	0.00e+00
 1.75379e+17	1.00e+00	2.37e-11	0.00e+00
 1.75652e+17	1.00e+00	2.33e-11	0.00e+00
 1.75934e+17	1.00e+00	2.29e-11	0.00e+00
 1.76226e+17	1.00e+00	2.25e-11	0.00e+00
 1.76533e+17	1.00e+00	2.20e-11	0.00e+00
 1.76860e+17	1.00e+00	2.16e-11	0.00e+00
 1.77213e+17	1.00e+00	2.11e-11	0.00e+00
 1.77603e+17	1.00e+00	2.06e-11	0.00e+00
 1.78040e+17	1.00e+00	2.00e-11	0.00e+00
 1.78543e+17	1.00e+00	1.94e-11	0.00e+00
 1.79139e+17	1.00e+00	1.87e-11	0.00e+00
 1.79868e+17	1.00e+00	1.79e-11	0.00e+00
 1.80793e+17	1.00e+00	1.69e-11	0.00e+00
 1.81991e+17	1.00e+00	1.57e-11	0.00e+00
 1.83548e+17	1.00e+00	1.43e-11	0.00e+00
 1.85573e+17	1.00e+00	1.26e-11	0.00e+00
 1.88206e+17	1.00e+00	1.08e-11	0.00e+00
 1.91628e+17	1.00e+00	8.93e-12	0.00e+00
 1.96077e+17	1.00e+00	7.00e-12	0.00e+00
 2.01694e+17	1.00e+00	5.23e-12	0.00e+00
 2.07958e+17	1.00e+00	3.87e-12	0.00e+00
 2.14375e+17	1.00e+00	3.05e-12	0.00e+00
 2.20947e+17	1.00e+00	2.52e-12	0.00e+00
 2.27581e+17	1.00e+00	2.16e-12	0.00e+00
 2.34216e+17	1.00e+00	1.93e-12	0.00e+00
 2.40850e+17	1.00e+00	1.77e-12	0.00e+00
 2.47484e+17	1.00e+00	1.65e-12	0.00e+00
 2.54119e+17	1.00e+00	1.56e-12	0.00e+00
 2.60753e+17	1.00e+00	1.49e-12	0.00e+00
 2.68383e+17	1.00e+00	1.43e-12	0.00e+00
 2.78149e+17	1.00e+00	1.14e-12	0.00e+00
 2.89275e+17	1.00e+00	8.29e-13	0.00e+00
 3.00846e+17	1.00e+00	7.18e-13	0.00e+00
 3.12880e+17	1.00e+00	6.36e-13	0.00e+00
 3.25395e+17	1.00e+00	5.61e-13	0.00e+00
 3.38411e+17	1.00e+00	4.91e-13	0.00e+00
 3.51947e+17	1.00e+00	4.25e-13	0.00e+00
 3.65661e+17	1.00e+00	3.62e-13	0.00e+00
 3.78601e+17	1.00e+00	3.33e-13	0.00e+00
 3.90105e+17	1.00e+00	3.51e-13	0.00e+00
 4.00345e+17	1.00e+00	3.77e-13	0.00e+00
 4.09875e+17	1.00e+00	3.85e-13	0.00e+00
 4.19101e+17	1.00e+00	3.66e-13	0.00e+00
 4.27892e+17	1.00e+00	3.36e-13	0.00e+00
 4.35817e+17	1.00e+00	3.17e-13	0.00e+00
 4.41991e+17	1.00e+00	3.10e-13	0.00e+00
 4.45783e+17	1.00e+00	3.36e-13	0.00e+00
 4.47786e+17	1.00e+00	3.64e-13	0.00e+00
 4.48896e+17	1.00e+00	3.81e-13	0.00e+00
 4.49562e+17	1.00e+00	3.90e-13	0.00e+00
 4.50005e+17	1.00e+00	3.95e-13	0.00e+00
 4.50374e+17	1.00e+00	3.99e-13	0.00e+00
 4.50780e+17	1.00e+00	4.01e-13	0.00e+00
 4.51295e+17	1.00e+00	4.04e-13	0.00e+00
 4.51819e+17	1.00e+00	4.06e-13	0.00e+00
 4.52232e+17	1.00e+00	4.07e-13	0.00e+00
 4.52545e+17	1.00e+00	4.08e-13	0.00e+00
 4.52795e+17	1.00e+00	4.09e-13	0.00e+00
 4.53053e+17	1.00e+00	4.09e-13	0.00e+00
 4.53388e+17	1.00e+00	4.09e-13	0.00e+00
 4.53760e+17	1.00e+00	4.09e-13	0.00e+00
 4.54065e+17	1.00e+00	4.08e-13	0.00e+00
 4.54275e+17	1.00e+00	4.08e-13	0.00e+00
 4.54463e+17	1.00e+00	4.07e-13	0.00e+00
 4.54696e+17	1.00e+00	4.07e-13	0.00e+00
 4.54969e+17	1.00e+00	4.06e-13	0.00e+00
 4.55216e+17	1.00e+00	4.05e-13	0.00e+00
 4.55406e+17	1.00e+00	4.04e-13	0.00e+00
 4.55562e+17	1.00e+00	4.03e-13	0.00e+00
 4.55732e+17	1.00e+00	4.03e-13	0.00e+00
 4.55928e+17	1.00e+00	4.02e-13	0.00e+00
 4.56125e+17	1.00e+00	4.01e-13	0.00e+00
 4.56304e+17	1.00e+00	4.00e-13	0.00e+00
 4.56465e+17	1.00e+00	3.99e-13	0.00e+00
 4.56621e+17	1.00e+00	3.98e-13	0.00e+00
 4.56778e+17	1.00e+00	3.97e-13	0.00e+00
 4.56938e+17	1.00e+00	3.96e-13	0.00e+00
 4.57103e+17	1.00e+00	3.94e-13	0.00e+00
 4.57260e+17	1.00e+00	3.93e-13	0.00e+00
 4.57409e+17	1.00e+00	3.92e-13	0.00e+00
 4.57561e+17	1.00e+00	3.91e-13	0.00e+00
 4.57717e+17	1.00e+00	3.90e-13	0.00e+00
 4.57869e+17	1.00e+00	3.88e-13	0.00e+00
 4.58018e+17	1.00e+00	3.87e-13	0.00e+00
 4.58173e+17	1.00e+00	3.86e-13	0.00e+00
 4.58334e+17	1.00e+00	3.84e-13	0.00e+00
 4.58491e+17	1.00e+00	3.82e-13	0.00e+00
 4.58645e+17	1.00e+00	3.81e-13	0.00e+00
 4.58799e+17	1.00e+00	3.79e-13	0.00e+00
 4.58958e+17	1.00e+00	3.78e-13	0.00e+00
 4.59131e+17	1.00e+00	3.76e-13	0.00e+00
 4.59310e+17	1.00e+00	3.74e-13	0.00e+00
 4.59485e+17	1.00e+00	3.72e-13	0.00e+00
 4.59659e+17	1.00e+00	3.70e-13	0.00e+00
 4.59847e+17	1.00e+00	3.68e-13	0.00e+00
 4.60041e+17	1.00e+00	3.66e-13	0.00e+00
 4.60227e+17	1.00e+00	3.64e-13	0.00e+00
 4.60407e+17	1.00e+00	3.61e-13	0.00e+00
 4.60598e+17	1.00e+00	3.59e-13	0.00e+00
 4.60812e+17	1.00e+00	3.57e-13	0.00e+00
 4.61024e+17	1.00e+00	3.54e-13	0.00e+00
 4.61225e+17	1.00e+00	3.51e-13	0.00e+00
 4.61432e+17	1.00e+00	3.49e-13	0.00e+00
 4.61664e+17	1.00e+00	3.46e-13	0.00e+00
 4.61922e+17	1.00e+00	3.43e-13	0.00e+00
 4.62173e+17	1.00e+00	3.39e-13	0.00e+00
 4.62411e+17	1.00e+00	3.36e-13	0.00e+00
 4.62651e+17	1.00e+00	3.33e-13	0.00e+00
 4.62905e+17	1.00e+00	3.29e-13	0.00e+00
 4.63175e+17	1.00e+00	3.26e-13	0.00e+00
 4.63451e+17	1.00e+00	3.22e-13	0.00e+00
 4.63732e+17	1.00e+00	3.18e-13	0.00e+00
 4.64028e+17	1.00e+00	3.14e-13	0.00e+00
 4.64333e+17	1.00e+00	3.10e-13	0.00e+00
 4.64635e+17	1.00e+00	3.05e-13	0.00e+00
 4.64942e+17	1.00e+00	3.01e-13	0.00e+00
 4.65265e+17	1.00e+00	2.97e-13	0.00e+00
 4.65607e+17	1.00e+00	2.92e-13	0.00e+00
 4.65966e+17	1.00e+00	2.87e-13	0.00e+00
 4.66327e+17	1.00e+00	2.82e-13	0.00e+00
 4.66685e+17	1.00e+00	2.77e-13	0.00e+00
 4.67049e+17	1.00e+00	2.72e-13	0.00e+00
 4.67439e+17	1.00e+00	2.66e-13	0.00e+00
 4.67848e+17	1.00e+00	2.61e-13	0.00e+00
 4.68243e+17	1.00e+00	2.55e-13	0.00e+00
 4.68650e+17	1.00e+00	2.50e-13	0.00e+00
 4.69093e+17	1.00e+00	2.44e-13	0.00e+00
 4.69552e+17	1.00e+00	2.37e-13	0.00e+00
 4.70010e+17	1.00e+00	2.31e-13	0.00e+00
 4.70457e+17	1.00e+00	2.25e-13	0.00e+00
 4.70903e+17	1.00e+00	2.19e-13	0.00e+00
 4.71378e+17	1.00e+00	2.13e-13	0.00e+00
 4.71889e+17	1.00e+00	2.06e-13	0.00e+00
 4.72410e+17	1.00e+00	1.99e-13	0.00e+00
 4.72925e+17	1.00e+00	1.93e-13	0.00e+00
 4.73441e+17	1.00e+00	1.86e-13	0.00e+00
 4.73972e+17	1.00e+00	1.80e-13	0.00e+00
 4.74520e+17	1.00e+00	1.73e-13	0.00e+00
 4.75088e+17	1.00e+00	1.66e-13	0.00e+00
 4.75673e+17	1.00e+00	1.60e-13	0.00e+00
 4.76263e+17	1.00e+00	1.53e-13	0.00e+00
 4.76851e+17	1.00e+00	1.46e-13	0.00e+00
 4.77448e+17	1.00e+00	1.40e-13	0.00e+00
 4.78081e+17	1.00e+00	1.33e-13	0.00e+00
 4.78751e+17	1.00e+00	1.26e-13	0.00e+00
 4.79411e+17	1.00e+00	1.19e-13	0.00e+00
 4.80068e+17	1.00e+00	1.13e-13	0.00e+00
 4.80736e+17	1.00e+00	1.06e-13	0.00e+00
 4.81425e+17	1.00e+00	1.00e-13	0.00e+00
 4.82162e+17	1.00e+00	9.41e-14	0.00e+00
 4.82925e+17	1.00e+00	8.75e-14	0.00e+00
 4.83664e+17	1.00e+00	8.16e-14	0.00e+00
 4.84413e+17	1.00e+00	7.60e-14	0.00e+00
 4.85212e+17	1.00e+00	7.04e-14	0.00e+00
 4.85981e+17	1.00e+00	6.48e-14	0.00e+00
 4.86634e+17	1.00e+00	6.01e-14	0.00e+00
 4.87170e+17	1.00e+00	5.65e-14	0.00e+00
 4.87647e+17	1.00e+00	5.36e-14	0.00e+00
 4.88131e+17	1.00e+00	5.11e-14	0.00e+00
 4.88634e+17	1.00e+00	4.83e-14	0.00e+00
 4.89120e+17	1.00e+00	4.57e-14	0.00e+00
 4.89557e+17	1.00e+00	4.33e-14	0.00e+00
 4.89949e+17	1.00e+00	4.13e-14	0.00e+00
 4.90322e+17	1.00e+00	3.96e-14	0.00e+00
 4.90696e+17	1.00e+00	3.79e-14	0.00e+00
 4.91071e+17	1.00e+00	3.62e-14	0.00e+00
 4.91432e+17	1.00e+00	3.46e-14	0.00e+00
 4.91769e+17	1.00e+00	3.32e-14	0.00e+00
 4.92087e+17	1.00e+00	3.18e-14	0.00e+00
 4.92395e+17	1.00e+00	3.06e-14	0.00e+00
 4.92700e+17	1.00e+00	2.94e-14	0.00e+00
 4.92998e+17	1.00e+00	2.83e-14	0.00e+00
 4.93285e+17	1.00e+00	2.72e-14	0.00e+00
 4.93559e+17	1.00e+00	2.62e-14	0.00e+00
 4.93823e+17	1.00e+00	2.53e-14	0.00e+00
 4.94080e+17	1.00e+00	2.43e-14	0.00e+00
 4.94330e+17	1.00e+00	2.35e-14	0.00e+00
 4.94575e+17	1.00e+00	2.27e-14	0.00e+00
 4.94814e+17	1.00e+00	2.18e-14	0.00e+00
 4.95043e+17	1.00e+00	2.11e-14	0.00e+00
 4.95262e+17	1.00e+00	2.04e-14	0.00e+00
 4.95476e+17	1.00e+00	1.98e-14	0.00e+00
 4.95688e+17	1.00e+00	1.91e-14	0.00e+00
 4.95934e+17	1.00e+00	1.85e-14	0.00e+00
 4.96254e+17	1.00e+00	1.77e-14	0.00e+00
 4.96669e+17	1.00e+00	1.67e-14	0.00e+00
 4.97209e+17	1.00e+00	1.54e-14	0.00e+00
 4.97911e+17	1.00e+00	1.39e-14	0.00e+00
 4.98818e+17	1.00e+00	1.20e-14	0.00e+00
 4.99926e+17	1.00e+00	9.97e-15	0.00e+00
 5.00997e+17	1.00e+00	7.95e-15	0.00e+00
 5.01766e+17	1.00e+00	6.63e-15	0.00e+00
 5.02275e+17	1.00e+00	5.91e-15	0.00e+00
 5.02706e+17	1.00e+00	5.44e-15	0.00e+00
 5.03207e+17	1.00e+00	4.99e-15	0.00e+00
 5.03827e+17	1.00e+00	4.46e-15	0.00e+00
