#depth	He	He+	He+2
 1.49634e+10	8.95e-21	1.11e-10	1.00e+00
 4.54887e+10	1.05e-20	1.22e-10	1.00e+00
 7.72350e+10	1.22e-20	1.34e-10	1.00e+00
 1.10251e+11	1.41e-20	1.48e-10	1.00e+00
 1.43322e+11	1.63e-20	1.62e-10	1.00e+00
 1.77716e+11	1.88e-20	1.78e-10	1.00e+00
 2.14752e+11	2.18e-20	1.96e-10	1.00e+00
 2.51289e+11	2.51e-20	2.15e-10	1.00e+00
 2.89287e+11	2.88e-20	2.35e-10	1.00e+00
 3.30785e+11	3.33e-20	2.60e-10	1.00e+00
 3.73019e+11	3.83e-20	2.86e-10	1.00e+00
 4.16941e+11	4.40e-20	3.16e-10	1.00e+00
 4.63546e+11	5.06e-20	3.49e-10	1.00e+00
 5.12014e+11	5.81e-20	3.86e-10	1.00e+00
 5.55825e+11	6.56e-20	4.22e-10	1.00e+00
 5.92284e+11	7.20e-20	4.54e-10	1.00e+00
 6.32205e+11	7.95e-20	4.90e-10	1.00e+00
 6.82828e+11	8.99e-20	5.38e-10	1.00e+00
 7.35673e+11	1.02e-19	5.92e-10	1.00e+00
 7.80465e+11	1.12e-19	6.41e-10	1.00e+00
 8.26480e+11	1.23e-19	6.93e-10	1.00e+00
 8.84502e+11	1.39e-19	7.63e-10	1.00e+00
 9.43479e+11	1.56e-19	8.38e-10	1.00e+00
 9.93961e+11	1.71e-19	9.06e-10	1.00e+00
 1.04805e+12	1.88e-19	9.82e-10	1.00e+00
 1.11516e+12	2.11e-19	1.08e-09	1.00e+00
 1.18404e+12	2.37e-19	1.19e-09	1.00e+00
 1.24587e+12	2.62e-19	1.29e-09	1.00e+00
 1.31371e+12	2.91e-19	1.41e-09	1.00e+00
 1.39406e+12	3.28e-19	1.56e-09	1.00e+00
 1.47465e+12	3.70e-19	1.72e-09	1.00e+00
 1.55092e+12	4.14e-19	1.88e-09	1.00e+00
 1.63536e+12	4.67e-19	2.06e-09	1.00e+00
 1.73070e+12	5.34e-19	2.28e-09	1.00e+00
 1.82576e+12	6.09e-19	2.51e-09	1.00e+00
 1.90961e+12	6.83e-19	2.72e-09	1.00e+00
 1.97988e+12	7.51e-19	2.91e-09	1.00e+00
 2.05546e+12	8.30e-19	3.12e-09	1.00e+00
 2.15370e+12	9.45e-19	3.40e-09	1.00e+00
 2.25650e+12	1.08e-18	3.71e-09	1.00e+00
 2.34418e+12	1.21e-18	3.98e-09	1.00e+00
 2.43715e+12	1.36e-18	4.29e-09	1.00e+00
 2.55445e+12	1.57e-18	4.69e-09	1.00e+00
 2.67532e+12	1.82e-18	5.12e-09	1.00e+00
 2.78129e+12	2.07e-18	5.52e-09	1.00e+00
 2.89599e+12	2.36e-18	5.96e-09	1.00e+00
 3.02315e+12	2.73e-18	6.48e-09	1.00e+00
 3.14111e+12	3.11e-18	6.99e-09	1.00e+00
 3.26904e+12	3.58e-18	7.55e-09	1.00e+00
 3.41126e+12	4.16e-18	8.21e-09	1.00e+00
 3.54385e+12	4.77e-18	8.85e-09	1.00e+00
 3.68803e+12	5.52e-18	9.58e-09	1.00e+00
 3.84843e+12	6.46e-18	1.04e-08	1.00e+00
 3.99843e+12	7.44e-18	1.12e-08	1.00e+00
 4.16193e+12	8.65e-18	1.22e-08	1.00e+00
 4.34447e+12	1.02e-17	1.33e-08	1.00e+00
 4.51622e+12	1.18e-17	1.43e-08	1.00e+00
 4.70394e+12	1.38e-17	1.55e-08	1.00e+00
 4.91417e+12	1.63e-17	1.70e-08	1.00e+00
 5.11335e+12	1.90e-17	1.84e-08	1.00e+00
 5.32752e+12	2.23e-17	1.99e-08	1.00e+00
 5.57055e+12	2.66e-17	2.18e-08	1.00e+00
 5.81002e+12	3.14e-17	2.38e-08	1.00e+00
 6.05906e+12	3.70e-17	2.58e-08	1.00e+00
 6.33135e+12	4.40e-17	2.82e-08	1.00e+00
 6.61454e+12	5.21e-17	3.08e-08	1.00e+00
 6.89113e+12	6.15e-17	3.34e-08	1.00e+00
 7.14251e+12	7.08e-17	3.59e-08	1.00e+00
 7.36619e+12	7.99e-17	3.82e-08	1.00e+00
 7.60661e+12	9.06e-17	4.07e-08	1.00e+00
 7.91231e+12	1.06e-16	4.40e-08	1.00e+00
 8.22319e+12	1.23e-16	4.76e-08	1.00e+00
 8.48472e+12	1.39e-16	5.06e-08	1.00e+00
 8.76178e+12	1.58e-16	5.39e-08	1.00e+00
 9.11172e+12	1.84e-16	5.82e-08	1.00e+00
 9.47018e+12	2.15e-16	6.29e-08	1.00e+00
 9.77646e+12	2.43e-16	6.69e-08	1.00e+00
 1.01011e+13	2.76e-16	7.13e-08	1.00e+00
 1.05053e+13	3.20e-16	7.69e-08	1.00e+00
 1.09196e+13	3.74e-16	8.32e-08	1.00e+00
 1.12825e+13	4.23e-16	8.85e-08	1.00e+00
 1.16718e+13	4.82e-16	9.45e-08	1.00e+00
 1.21447e+13	5.62e-16	1.02e-07	1.00e+00
 1.26241e+13	6.51e-16	1.10e-07	1.00e+00
 1.30625e+13	7.43e-16	1.18e-07	1.00e+00
 1.35496e+13	8.54e-16	1.26e-07	1.00e+00
 1.41164e+13	9.97e-16	1.36e-07	1.00e+00
 1.46758e+13	1.16e-15	1.47e-07	1.00e+00
 1.52049e+13	1.32e-15	1.57e-07	1.00e+00
 1.57904e+13	1.53e-15	1.69e-07	1.00e+00
 1.64519e+13	1.79e-15	1.83e-07	1.00e+00
 1.71182e+13	2.07e-15	1.97e-07	1.00e+00
 1.78111e+13	2.41e-15	2.13e-07	1.00e+00
 1.85535e+13	2.81e-15	2.30e-07	1.00e+00
 1.93256e+13	3.27e-15	2.49e-07	1.00e+00
 2.00744e+13	3.78e-15	2.68e-07	1.00e+00
 2.07804e+13	4.30e-15	2.86e-07	1.00e+00
 2.14480e+13	4.84e-15	3.03e-07	1.00e+00
 2.21768e+13	5.49e-15	3.24e-07	1.00e+00
 2.29873e+13	6.30e-15	3.47e-07	1.00e+00
 2.37459e+13	7.12e-15	3.69e-07	1.00e+00
 2.45740e+13	8.09e-15	3.94e-07	1.00e+00
 2.55578e+13	9.38e-15	4.25e-07	1.00e+00
 2.65270e+13	1.08e-14	4.57e-07	1.00e+00
 2.74081e+13	1.22e-14	4.87e-07	1.00e+00
 2.83919e+13	1.40e-14	5.21e-07	1.00e+00
 2.95418e+13	1.63e-14	5.63e-07	1.00e+00
 3.06989e+13	1.88e-14	6.07e-07	1.00e+00
 3.17433e+13	2.14e-14	6.48e-07	1.00e+00
 3.27038e+13	2.39e-14	6.87e-07	1.00e+00
 3.38062e+13	2.72e-14	7.34e-07	1.00e+00
 3.51328e+13	3.14e-14	7.91e-07	1.00e+00
 3.64472e+13	3.62e-14	8.52e-07	1.00e+00
 3.76185e+13	4.08e-14	9.06e-07	1.00e+00
 3.89077e+13	4.65e-14	9.70e-07	1.00e+00
 4.04440e+13	5.38e-14	1.05e-06	1.00e+00
 4.19701e+13	6.21e-14	1.13e-06	1.00e+00
 4.33610e+13	7.01e-14	1.20e-06	1.00e+00
 4.49078e+13	8.01e-14	1.29e-06	1.00e+00
 4.67127e+13	9.30e-14	1.40e-06	1.00e+00
 4.84877e+13	1.07e-13	1.51e-06	1.00e+00
 5.01579e+13	1.22e-13	1.61e-06	1.00e+00
 5.20184e+13	1.40e-13	1.74e-06	1.00e+00
 5.41291e+13	1.62e-13	1.88e-06	1.00e+00
 5.62344e+13	1.87e-13	2.03e-06	1.00e+00
 5.81968e+13	2.13e-13	2.17e-06	1.00e+00
 6.03274e+13	2.43e-13	2.34e-06	1.00e+00
 6.27174e+13	2.81e-13	2.53e-06	1.00e+00
 6.49478e+13	3.19e-13	2.71e-06	1.00e+00
 6.70089e+13	3.58e-13	2.89e-06	1.00e+00
 6.89861e+13	3.98e-13	3.07e-06	1.00e+00
 7.11801e+13	4.46e-13	3.26e-06	1.00e+00
 7.36094e+13	5.04e-13	3.49e-06	1.00e+00
 7.58721e+13	5.63e-13	3.71e-06	1.00e+00
 7.83414e+13	6.31e-13	3.96e-06	1.00e+00
 8.11099e+13	7.15e-13	4.24e-06	1.00e+00
 8.37473e+13	8.01e-13	4.53e-06	1.00e+00
 8.66560e+13	9.05e-13	4.85e-06	1.00e+00
 8.98727e+13	1.03e-12	5.23e-06	1.00e+00
 9.28443e+13	1.16e-12	5.58e-06	1.00e+00
 9.60623e+13	1.30e-12	5.98e-06	1.00e+00
 9.96537e+13	1.48e-12	6.45e-06	1.00e+00
 1.03023e+14	1.66e-12	6.89e-06	1.00e+00
 1.06696e+14	1.88e-12	7.41e-06	1.00e+00
 1.10777e+14	2.14e-12	7.99e-06	1.00e+00
 1.14593e+14	2.41e-12	8.57e-06	1.00e+00
 1.18746e+14	2.73e-12	9.21e-06	1.00e+00
 1.23384e+14	3.11e-12	9.98e-06	1.00e+00
 1.27764e+14	3.51e-12	1.07e-05	1.00e+00
 1.32460e+14	3.99e-12	1.16e-05	1.00e+00
 1.37681e+14	4.56e-12	1.25e-05	1.00e+00
 1.42753e+14	5.18e-12	1.35e-05	1.00e+00
 1.48135e+14	5.89e-12	1.46e-05	1.00e+00
 1.54090e+14	6.77e-12	1.59e-05	1.00e+00
 1.60045e+14	7.70e-12	1.72e-05	1.00e+00
 1.64999e+14	8.60e-12	1.84e-05	1.00e+00
 1.68850e+14	9.32e-12	1.93e-05	1.00e+00
 1.73027e+14	1.01e-11	2.03e-05	1.00e+00
 1.78457e+14	1.13e-11	2.17e-05	1.00e+00
 1.84335e+14	1.27e-11	2.33e-05	1.00e+00
 1.89627e+14	1.41e-11	2.48e-05	1.00e+00
 1.95340e+14	1.57e-11	2.64e-05	1.00e+00
 2.02555e+14	1.79e-11	2.86e-05	1.00e+00
 2.09828e+14	2.04e-11	3.10e-05	1.00e+00
 2.15965e+14	2.26e-11	3.30e-05	1.00e+00
 2.22521e+14	2.52e-11	3.52e-05	1.00e+00
 2.30767e+14	2.89e-11	3.82e-05	1.00e+00
 2.39305e+14	3.31e-11	4.15e-05	1.00e+00
 2.46839e+14	3.72e-11	4.44e-05	1.00e+00
 2.54969e+14	4.18e-11	4.78e-05	1.00e+00
 2.64771e+14	4.85e-11	5.21e-05	1.00e+00
 2.74474e+14	5.57e-11	5.65e-05	1.00e+00
 2.83090e+14	6.25e-11	6.05e-05	1.00e+00
 2.92564e+14	7.11e-11	6.53e-05	1.00e+00
 3.03892e+14	8.22e-11	7.11e-05	1.00e+00
 3.15177e+14	9.46e-11	7.73e-05	1.00e+00
 3.25480e+14	1.07e-10	8.31e-05	1.00e+00
 3.36961e+14	1.22e-10	8.99e-05	1.00e+00
 3.50334e+14	1.42e-10	9.82e-05	1.00e+00
 3.63500e+14	1.64e-10	1.07e-04	1.00e+00
 3.75981e+14	1.87e-10	1.15e-04	1.00e+00
 3.89838e+14	2.17e-10	1.25e-04	1.00e+00
 4.02924e+14	2.44e-10	1.35e-04	1.00e+00
 4.12699e+14	2.69e-10	1.42e-04	1.00e+00
 4.22698e+14	2.98e-10	1.50e-04	1.00e+00
 4.35697e+14	3.36e-10	1.61e-04	1.00e+00
 4.49756e+14	3.81e-10	1.73e-04	1.00e+00
 4.62368e+14	4.25e-10	1.84e-04	1.00e+00
 4.75941e+14	4.76e-10	1.96e-04	1.00e+00
 4.93300e+14	5.51e-10	2.13e-04	1.00e+00
 5.10895e+14	6.33e-10	2.30e-04	1.00e+00
 5.25576e+14	7.11e-10	2.45e-04	1.00e+00
 5.41155e+14	7.99e-10	2.62e-04	1.00e+00
 5.60974e+14	9.24e-10	2.84e-04	1.00e+00
 5.81888e+14	1.07e-09	3.08e-04	1.00e+00
 6.00638e+14	1.21e-09	3.30e-04	1.00e+00
 6.20991e+14	1.37e-09	3.56e-04	1.00e+00
 6.45160e+14	1.62e-09	3.88e-04	1.00e+00
 6.68969e+14	1.88e-09	4.20e-04	1.00e+00
 6.90624e+14	2.14e-09	4.50e-04	1.00e+00
 7.14797e+14	2.44e-09	4.86e-04	1.00e+00
 7.43044e+14	2.89e-09	5.30e-04	9.99e-01
 7.70897e+14	3.36e-09	5.74e-04	9.99e-01
 7.97221e+14	3.86e-09	6.18e-04	9.99e-01
 8.26496e+14	4.41e-09	6.68e-04	9.99e-01
 8.59586e+14	5.29e-09	7.29e-04	9.99e-01
 8.87346e+14	6.03e-09	7.81e-04	9.99e-01
 9.07327e+14	6.60e-09	8.20e-04	9.99e-01
 9.28235e+14	7.26e-09	8.62e-04	9.99e-01
 9.55415e+14	8.05e-09	9.17e-04	9.99e-01
 9.85771e+14	9.33e-09	9.83e-04	9.99e-01
 1.01411e+15	1.05e-08	1.04e-03	9.99e-01
 1.04481e+15	1.16e-08	1.11e-03	9.99e-01
 1.07945e+15	1.36e-08	1.20e-03	9.99e-01
 1.11232e+15	1.53e-08	1.27e-03	9.99e-01
 1.14816e+15	1.72e-08	1.36e-03	9.99e-01
 1.18842e+15	2.02e-08	1.47e-03	9.99e-01
 1.22657e+15	2.29e-08	1.57e-03	9.98e-01
 1.26830e+15	2.59e-08	1.69e-03	9.98e-01
 1.31506e+15	3.07e-08	1.83e-03	9.98e-01
 1.35861e+15	3.49e-08	1.96e-03	9.98e-01
 1.40550e+15	3.97e-08	2.11e-03	9.98e-01
 1.45817e+15	4.72e-08	2.28e-03	9.98e-01
 1.50747e+15	5.39e-08	2.45e-03	9.98e-01
 1.56070e+15	6.14e-08	2.64e-03	9.97e-01
 1.62055e+15	7.34e-08	2.86e-03	9.97e-01
 1.67688e+15	8.41e-08	3.08e-03	9.97e-01
 1.72839e+15	9.44e-08	3.29e-03	9.97e-01
 1.78578e+15	1.08e-07	3.53e-03	9.96e-01
 1.85041e+15	1.28e-07	3.81e-03	9.96e-01
 1.91126e+15	1.46e-07	4.09e-03	9.96e-01
 1.96359e+15	1.62e-07	4.33e-03	9.96e-01
 2.01802e+15	1.82e-07	4.60e-03	9.95e-01
 2.07915e+15	2.10e-07	4.92e-03	9.95e-01
 2.13475e+15	2.34e-07	5.21e-03	9.95e-01
 2.19280e+15	2.59e-07	5.52e-03	9.94e-01
 2.26826e+15	3.05e-07	5.96e-03	9.94e-01
 2.34316e+15	3.44e-07	6.40e-03	9.94e-01
 2.40486e+15	3.93e-07	6.79e-03	9.93e-01
 2.47261e+15	4.44e-07	7.23e-03	9.93e-01
 2.56067e+15	5.06e-07	7.82e-03	9.92e-01
 2.65113e+15	6.03e-07	8.48e-03	9.92e-01
 2.72470e+15	6.76e-07	9.03e-03	9.91e-01
 2.80037e+15	7.56e-07	9.62e-03	9.90e-01
 2.89873e+15	9.03e-07	1.05e-02	9.90e-01
 3.00012e+15	1.04e-06	1.13e-02	9.89e-01
 3.08306e+15	1.17e-06	1.21e-02	9.88e-01
 3.16851e+15	1.33e-06	1.30e-02	9.87e-01
 3.27960e+15	1.60e-06	1.42e-02	9.86e-01
 3.38703e+15	1.84e-06	1.53e-02	9.85e-01
 3.46833e+15	2.05e-06	1.63e-02	9.84e-01
 3.54123e+15	2.29e-06	1.73e-02	9.83e-01
 3.61136e+15	2.50e-06	1.82e-02	9.82e-01
 3.68936e+15	2.78e-06	1.93e-02	9.81e-01
 3.79076e+15	3.26e-06	2.09e-02	9.79e-01
 3.89803e+15	3.73e-06	2.26e-02	9.77e-01
 3.99379e+15	4.19e-06	2.42e-02	9.76e-01
 4.08199e+15	4.73e-06	2.59e-02	9.74e-01
 4.16356e+15	5.28e-06	2.76e-02	9.72e-01
 4.25366e+15	5.97e-06	2.96e-02	9.70e-01
 4.35151e+15	6.80e-06	3.19e-02	9.68e-01
 4.43886e+15	7.67e-06	3.42e-02	9.66e-01
 4.51802e+15	8.58e-06	3.64e-02	9.64e-01
 4.60710e+15	9.85e-06	3.92e-02	9.61e-01
 4.69985e+15	1.12e-05	4.23e-02	9.58e-01
 4.78172e+15	1.26e-05	4.54e-02	9.55e-01
 4.87251e+15	1.42e-05	4.92e-02	9.51e-01
 4.99054e+15	1.75e-05	5.48e-02	9.45e-01
 5.10007e+15	2.04e-05	6.06e-02	9.39e-01
 5.17745e+15	2.28e-05	6.53e-02	9.35e-01
 5.25694e+15	2.60e-05	7.08e-02	9.29e-01
 5.34414e+15	3.09e-05	7.76e-02	9.22e-01
 5.41417e+15	3.48e-05	8.36e-02	9.16e-01
 5.47800e+15	3.93e-05	9.00e-02	9.10e-01
 5.54298e+15	4.42e-05	9.69e-02	9.03e-01
 5.59638e+15	4.90e-05	1.03e-01	8.97e-01
 5.64507e+15	5.40e-05	1.10e-01	8.90e-01
 5.70068e+15	5.95e-05	1.18e-01	8.82e-01
 5.77297e+15	7.03e-05	1.30e-01	8.70e-01
 5.83646e+15	7.95e-05	1.41e-01	8.59e-01
 5.87953e+15	8.89e-05	1.50e-01	8.50e-01
 5.91685e+15	9.74e-05	1.59e-01	8.41e-01
 5.95567e+15	1.07e-04	1.68e-01	8.32e-01
 6.00614e+15	1.21e-04	1.82e-01	8.18e-01
 6.05817e+15	1.38e-04	1.98e-01	8.02e-01
 6.10038e+15	1.54e-04	2.12e-01	7.88e-01
 6.13581e+15	1.69e-04	2.24e-01	7.75e-01
 6.17427e+15	1.85e-04	2.40e-01	7.60e-01
 6.22427e+15	2.16e-04	2.62e-01	7.38e-01
 6.27083e+15	2.43e-04	2.84e-01	7.16e-01
 6.31292e+15	2.75e-04	3.06e-01	6.93e-01
 6.35734e+15	3.17e-04	3.32e-01	6.68e-01
 6.39207e+15	3.49e-04	3.53e-01	6.47e-01
 6.42451e+15	3.84e-04	3.74e-01	6.25e-01
 6.46667e+15	4.37e-04	4.04e-01	5.96e-01
 6.51026e+15	4.94e-04	4.35e-01	5.64e-01
 6.54731e+15	5.50e-04	4.64e-01	5.35e-01
 6.57596e+15	5.95e-04	4.86e-01	5.14e-01
 6.59777e+15	6.32e-04	5.03e-01	4.96e-01
 6.62183e+15	6.76e-04	5.23e-01	4.76e-01
 6.65311e+15	7.37e-04	5.50e-01	4.50e-01
 6.68488e+15	8.00e-04	5.75e-01	4.24e-01
 6.71107e+15	8.54e-04	5.96e-01	4.03e-01
 6.73891e+15	9.16e-04	6.19e-01	3.80e-01
 6.77007e+15	9.87e-04	6.44e-01	3.55e-01
 6.79949e+15	1.06e-03	6.67e-01	3.32e-01
 6.83164e+15	1.14e-03	6.91e-01	3.08e-01
 6.86589e+15	1.22e-03	7.15e-01	2.83e-01
 6.89581e+15	1.29e-03	7.35e-01	2.64e-01
 6.92763e+15	1.38e-03	7.56e-01	2.43e-01
 6.96264e+15	1.47e-03	7.76e-01	2.22e-01
 6.99446e+15	1.55e-03	7.94e-01	2.05e-01
 7.02396e+15	1.63e-03	8.09e-01	1.90e-01
 7.05781e+15	1.73e-03	8.25e-01	1.73e-01
 7.09482e+15	1.83e-03	8.41e-01	1.57e-01
 7.12806e+15	1.92e-03	8.54e-01	1.44e-01
 7.15850e+15	2.01e-03	8.65e-01	1.33e-01
 7.19323e+15	2.12e-03	8.77e-01	1.21e-01
 7.23126e+15	2.23e-03	8.88e-01	1.10e-01
 7.26542e+15	2.34e-03	8.97e-01	1.01e-01
 7.30165e+15	2.46e-03	9.06e-01	9.16e-02
 7.34005e+15	2.60e-03	9.14e-01	8.33e-02
 7.37331e+15	2.72e-03	9.21e-01	7.68e-02
 7.40393e+15	2.84e-03	9.26e-01	7.12e-02
 7.43908e+15	2.98e-03	9.32e-01	6.51e-02
 7.47819e+15	3.15e-03	9.37e-01	5.94e-02
 7.51333e+15	3.32e-03	9.42e-01	5.48e-02
 7.54429e+15	3.48e-03	9.46e-01	5.09e-02
 7.57892e+15	3.67e-03	9.49e-01	4.69e-02
 7.61805e+15	3.90e-03	9.53e-01	4.30e-02
 7.65427e+15	4.14e-03	9.56e-01	3.97e-02
 7.68675e+15	4.38e-03	9.59e-01	3.69e-02
 7.72314e+15	4.68e-03	9.61e-01	3.40e-02
 7.76403e+15	5.06e-03	9.64e-01	3.11e-02
 7.80286e+15	5.47e-03	9.66e-01	2.87e-02
 7.83855e+15	5.89e-03	9.67e-01	2.67e-02
 7.87284e+15	6.35e-03	9.69e-01	2.49e-02
 7.91215e+15	6.95e-03	9.70e-01	2.30e-02
 7.95348e+15	7.71e-03	9.71e-01	2.12e-02
 7.98769e+15	8.47e-03	9.72e-01	1.98e-02
 8.01685e+15	9.23e-03	9.72e-01	1.87e-02
 8.04918e+15	1.02e-02	9.72e-01	1.76e-02
 8.08121e+15	1.13e-02	9.72e-01	1.66e-02
 8.10498e+15	1.23e-02	9.72e-01	1.60e-02
 8.12437e+15	1.32e-02	9.71e-01	1.54e-02
 8.14590e+15	1.43e-02	9.71e-01	1.48e-02
 8.16973e+15	1.58e-02	9.70e-01	1.42e-02
 8.19118e+15	1.73e-02	9.69e-01	1.38e-02
 8.20966e+15	1.88e-02	9.68e-01	1.33e-02
 8.22687e+15	2.05e-02	9.67e-01	1.30e-02
 8.24646e+15	2.25e-02	9.65e-01	1.26e-02
 8.26755e+15	2.51e-02	9.63e-01	1.22e-02
 8.28543e+15	2.78e-02	9.60e-01	1.19e-02
 8.30030e+15	3.03e-02	9.58e-01	1.18e-02
 8.31638e+15	3.34e-02	9.55e-01	1.15e-02
 8.33431e+15	3.74e-02	9.51e-01	1.13e-02
 8.35073e+15	4.17e-02	9.47e-01	1.11e-02
 8.36537e+15	4.60e-02	9.43e-01	1.11e-02
 8.38163e+15	5.17e-02	9.37e-01	1.10e-02
 8.39947e+15	5.90e-02	9.30e-01	1.09e-02
 8.41518e+15	6.68e-02	9.22e-01	1.09e-02
 8.42850e+15	7.43e-02	9.15e-01	1.09e-02
 8.44093e+15	8.26e-02	9.07e-01	1.09e-02
 8.45340e+15	9.17e-02	8.97e-01	1.10e-02
 8.46507e+15	1.02e-01	8.87e-01	1.10e-02
 8.47541e+15	1.11e-01	8.78e-01	1.11e-02
 8.48480e+15	1.21e-01	8.68e-01	1.12e-02
 8.49179e+15	1.29e-01	8.60e-01	1.12e-02
 8.49641e+15	1.34e-01	8.54e-01	1.13e-02
 8.50083e+15	1.40e-01	8.48e-01	1.13e-02
 8.50602e+15	1.47e-01	8.41e-01	1.14e-02
 8.51161e+15	1.55e-01	8.33e-01	1.14e-02
 8.51697e+15	1.63e-01	8.25e-01	1.15e-02
 8.52207e+15	1.71e-01	8.17e-01	1.16e-02
 8.52718e+15	1.80e-01	8.08e-01	1.16e-02
 8.53228e+15	1.89e-01	7.99e-01	1.17e-02
 8.53736e+15	1.99e-01	7.90e-01	1.17e-02
 8.54240e+15	2.08e-01	7.80e-01	1.18e-02
 8.54739e+15	2.19e-01	7.70e-01	1.18e-02
 8.55238e+15	2.29e-01	7.59e-01	1.19e-02
 8.55738e+15	2.41e-01	7.48e-01	1.19e-02
 8.56238e+15	2.52e-01	7.36e-01	1.20e-02
 8.56727e+15	2.65e-01	7.23e-01	1.20e-02
 8.57210e+15	2.77e-01	7.11e-01	1.20e-02
 8.57701e+15	2.90e-01	6.98e-01	1.20e-02
 8.58189e+15	3.04e-01	6.84e-01	1.21e-02
 8.58674e+15	3.18e-01	6.70e-01	1.21e-02
 8.59156e+15	3.32e-01	6.56e-01	1.21e-02
 8.59639e+15	3.48e-01	6.40e-01	1.21e-02
 8.60127e+15	3.63e-01	6.25e-01	1.21e-02
 8.60607e+15	3.79e-01	6.09e-01	1.20e-02
 8.61084e+15	3.95e-01	5.93e-01	1.20e-02
 8.61566e+15	4.12e-01	5.76e-01	1.20e-02
 8.62053e+15	4.29e-01	5.59e-01	1.19e-02
 8.62541e+15	4.47e-01	5.41e-01	1.18e-02
 8.63025e+15	4.65e-01	5.23e-01	1.17e-02
 8.63504e+15	4.83e-01	5.06e-01	1.16e-02
 8.63981e+15	5.00e-01	4.88e-01	1.15e-02
 8.64458e+15	5.18e-01	4.71e-01	1.13e-02
 8.64932e+15	5.36e-01	4.53e-01	1.12e-02
 8.65405e+15	5.53e-01	4.36e-01	1.10e-02
 8.65879e+15	5.71e-01	4.18e-01	1.08e-02
 8.66354e+15	5.88e-01	4.02e-01	1.06e-02
 8.66827e+15	6.04e-01	3.85e-01	1.04e-02
 8.67306e+15	6.21e-01	3.69e-01	1.02e-02
 8.67798e+15	6.37e-01	3.53e-01	9.97e-03
 8.68298e+15	6.54e-01	3.37e-01	9.72e-03
 8.68804e+15	6.70e-01	3.21e-01	9.44e-03
 8.69328e+15	6.85e-01	3.06e-01	9.16e-03
 8.69870e+15	7.00e-01	2.91e-01	8.87e-03
 8.70429e+15	7.15e-01	2.76e-01	8.57e-03
 8.71014e+15	7.29e-01	2.63e-01	8.26e-03
 8.71629e+15	7.43e-01	2.49e-01	7.95e-03
 8.72270e+15	7.56e-01	2.36e-01	7.64e-03
 8.72963e+15	7.69e-01	2.24e-01	7.31e-03
 8.73644e+15	7.79e-01	2.14e-01	7.03e-03
 8.74273e+15	7.88e-01	2.05e-01	6.77e-03
 8.74922e+15	7.97e-01	1.97e-01	6.52e-03
 8.75618e+15	8.04e-01	1.89e-01	6.28e-03
 8.76362e+15	8.12e-01	1.82e-01	6.05e-03
 8.77151e+15	8.18e-01	1.76e-01	5.83e-03
 8.77991e+15	8.24e-01	1.70e-01	5.61e-03
 8.78895e+15	8.30e-01	1.65e-01	5.42e-03
 8.79894e+15	8.35e-01	1.60e-01	5.20e-03
 8.80964e+15	8.39e-01	1.56e-01	5.02e-03
 8.82109e+15	8.44e-01	1.51e-01	4.82e-03
 8.83339e+15	8.48e-01	1.48e-01	4.64e-03
 8.84659e+15	8.51e-01	1.44e-01	4.46e-03
 8.86081e+15	8.55e-01	1.41e-01	4.28e-03
 8.87529e+15	8.58e-01	1.38e-01	4.12e-03
 8.89008e+15	8.61e-01	1.35e-01	3.96e-03
 8.90547e+15	8.64e-01	1.33e-01	3.81e-03
 8.92112e+15	8.66e-01	1.30e-01	3.66e-03
 8.93663e+15	8.69e-01	1.27e-01	3.52e-03
 8.95181e+15	8.72e-01	1.25e-01	3.39e-03
 8.96679e+15	8.74e-01	1.23e-01	3.26e-03
 8.98158e+15	8.76e-01	1.21e-01	3.14e-03
 8.99622e+15	8.78e-01	1.18e-01	3.03e-03
 9.01080e+15	8.81e-01	1.16e-01	2.92e-03
 9.02524e+15	8.83e-01	1.14e-01	2.82e-03
 9.03949e+15	8.85e-01	1.13e-01	2.72e-03
 9.05352e+15	8.87e-01	1.11e-01	2.63e-03
 9.06739e+15	8.89e-01	1.09e-01	2.54e-03
 9.08106e+15	8.90e-01	1.07e-01	2.46e-03
 9.09455e+15	8.92e-01	1.06e-01	2.38e-03
 9.10797e+15	8.94e-01	1.04e-01	2.30e-03
 9.12134e+15	8.95e-01	1.02e-01	2.23e-03
 9.13462e+15	8.97e-01	1.01e-01	2.16e-03
 9.14779e+15	8.99e-01	9.92e-02	2.09e-03
 9.16089e+15	9.00e-01	9.77e-02	2.03e-03
 9.17396e+15	9.02e-01	9.63e-02	1.97e-03
 9.18700e+15	9.03e-01	9.48e-02	1.91e-03
 9.20004e+15	9.05e-01	9.34e-02	1.85e-03
 9.21311e+15	9.06e-01	9.21e-02	1.79e-03
 9.22624e+15	9.08e-01	9.07e-02	1.74e-03
 9.23964e+15	9.09e-01	8.93e-02	1.68e-03
 9.25344e+15	9.10e-01	8.79e-02	1.63e-03
 9.26755e+15	9.12e-01	8.66e-02	1.57e-03
 9.28194e+15	9.13e-01	8.52e-02	1.52e-03
 9.29672e+15	9.15e-01	8.38e-02	1.47e-03
 9.31207e+15	9.16e-01	8.23e-02	1.42e-03
 9.32818e+15	9.18e-01	8.08e-02	1.36e-03
 9.34530e+15	9.19e-01	7.93e-02	1.31e-03
 9.36411e+15	9.21e-01	7.76e-02	1.25e-03
 9.38473e+15	9.23e-01	7.59e-02	1.19e-03
 9.40782e+15	9.25e-01	7.39e-02	1.13e-03
 9.43358e+15	9.27e-01	7.18e-02	1.06e-03
 9.45905e+15	9.29e-01	6.98e-02	1.00e-03
 9.48223e+15	9.31e-01	6.80e-02	9.49e-04
 9.50332e+15	9.33e-01	6.65e-02	9.03e-04
 9.52251e+15	9.34e-01	6.51e-02	8.64e-04
 9.53998e+15	9.35e-01	6.38e-02	8.29e-04
 9.55588e+15	9.37e-01	6.27e-02	7.99e-04
 9.57034e+15	9.38e-01	6.16e-02	7.71e-04
 9.58619e+15	9.39e-01	6.05e-02	7.43e-04
 9.60330e+15	9.40e-01	5.94e-02	7.13e-04
 9.61887e+15	9.41e-01	5.83e-02	6.86e-04
 9.63304e+15	9.42e-01	5.74e-02	6.64e-04
 9.64857e+15	9.43e-01	5.64e-02	6.39e-04
 9.66534e+15	9.44e-01	5.53e-02	6.13e-04
 9.68059e+15	9.45e-01	5.43e-02	5.91e-04
 9.69447e+15	9.46e-01	5.34e-02	5.71e-04
 9.70710e+15	9.47e-01	5.26e-02	5.53e-04
 9.71860e+15	9.48e-01	5.19e-02	5.37e-04
 9.73120e+15	9.48e-01	5.10e-02	5.19e-04
 9.74480e+15	9.49e-01	5.02e-02	5.03e-04
 9.75717e+15	9.50e-01	4.95e-02	4.87e-04
 9.76843e+15	9.51e-01	4.88e-02	4.73e-04
 9.78077e+15	9.52e-01	4.80e-02	4.57e-04
 9.79409e+15	9.52e-01	4.73e-02	4.43e-04
 9.80622e+15	9.53e-01	4.65e-02	4.28e-04
 9.81725e+15	9.54e-01	4.59e-02	4.16e-04
 9.82729e+15	9.54e-01	4.53e-02	4.05e-04
 9.83829e+15	9.55e-01	4.46e-02	3.93e-04
 9.85017e+15	9.56e-01	4.40e-02	3.81e-04
 9.86097e+15	9.56e-01	4.34e-02	3.70e-04
 9.87081e+15	9.57e-01	4.28e-02	3.61e-04
 9.88159e+15	9.57e-01	4.22e-02	3.50e-04
 9.89322e+15	9.58e-01	4.16e-02	3.40e-04
 9.90381e+15	9.59e-01	4.10e-02	3.30e-04
 9.91344e+15	9.59e-01	4.05e-02	3.21e-04
 9.92400e+15	9.60e-01	3.99e-02	3.12e-04
 9.93540e+15	9.60e-01	3.93e-02	3.03e-04
 9.94577e+15	9.61e-01	3.88e-02	2.94e-04
 9.95521e+15	9.61e-01	3.83e-02	2.87e-04
 9.96555e+15	9.62e-01	3.77e-02	2.78e-04
 9.97672e+15	9.63e-01	3.72e-02	2.70e-04
 9.98688e+15	9.63e-01	3.67e-02	2.63e-04
 9.99613e+15	9.63e-01	3.62e-02	2.56e-04
 1.00063e+16	9.64e-01	3.57e-02	2.49e-04
 1.00172e+16	9.65e-01	3.52e-02	2.42e-04
 1.00271e+16	9.65e-01	3.48e-02	2.36e-04
 1.00362e+16	9.65e-01	3.44e-02	2.30e-04
 1.00461e+16	9.66e-01	3.39e-02	2.24e-04
 1.00568e+16	9.66e-01	3.34e-02	2.18e-04
 1.00666e+16	9.67e-01	3.30e-02	2.12e-04
 1.00773e+16	9.67e-01	3.25e-02	2.06e-04
 1.00888e+16	9.68e-01	3.21e-02	2.00e-04
 1.00993e+16	9.68e-01	3.17e-02	1.95e-04
 1.01108e+16	9.69e-01	3.12e-02	1.89e-04
 1.01232e+16	9.69e-01	3.07e-02	1.84e-04
 1.01345e+16	9.70e-01	3.03e-02	1.78e-04
 1.01448e+16	9.70e-01	2.99e-02	1.74e-04
 1.01561e+16	9.70e-01	2.95e-02	1.69e-04
 1.01683e+16	9.71e-01	2.90e-02	1.64e-04
 1.01793e+16	9.71e-01	2.86e-02	1.60e-04
 1.01915e+16	9.72e-01	2.82e-02	1.55e-04
 1.02046e+16	9.72e-01	2.78e-02	1.50e-04
 1.02165e+16	9.72e-01	2.74e-02	1.46e-04
 1.02295e+16	9.73e-01	2.69e-02	1.41e-04
 1.02436e+16	9.73e-01	2.65e-02	1.36e-04
 1.02565e+16	9.74e-01	2.61e-02	1.32e-04
 1.02681e+16	9.74e-01	2.57e-02	1.29e-04
 1.02809e+16	9.75e-01	2.53e-02	1.25e-04
 1.02948e+16	9.75e-01	2.49e-02	1.21e-04
 1.03073e+16	9.75e-01	2.46e-02	1.17e-04
 1.03211e+16	9.76e-01	2.41e-02	1.13e-04
 1.03360e+16	9.76e-01	2.37e-02	1.10e-04
 1.03495e+16	9.77e-01	2.34e-02	1.06e-04
 1.03618e+16	9.77e-01	2.31e-02	1.04e-04
 1.03753e+16	9.77e-01	2.27e-02	1.00e-04
 1.03899e+16	9.78e-01	2.24e-02	9.75e-05
 1.04031e+16	9.78e-01	2.20e-02	9.44e-05
 1.04176e+16	9.78e-01	2.16e-02	9.13e-05
 1.04333e+16	9.79e-01	2.13e-02	8.83e-05
 1.04476e+16	9.79e-01	2.09e-02	8.56e-05
 1.04632e+16	9.79e-01	2.06e-02	8.26e-05
 1.04801e+16	9.80e-01	2.02e-02	7.98e-05
 1.04955e+16	9.80e-01	1.99e-02	7.72e-05
 1.05095e+16	9.80e-01	1.96e-02	7.50e-05
 1.05248e+16	9.81e-01	1.93e-02	7.25e-05
 1.05413e+16	9.81e-01	1.89e-02	7.01e-05
 1.05564e+16	9.81e-01	1.86e-02	6.79e-05
 1.05729e+16	9.82e-01	1.83e-02	6.56e-05
 1.05907e+16	9.82e-01	1.80e-02	6.33e-05
 1.06069e+16	9.82e-01	1.77e-02	6.13e-05
 1.06246e+16	9.83e-01	1.73e-02	5.90e-05
 1.06438e+16	9.83e-01	1.70e-02	5.68e-05
 1.06612e+16	9.83e-01	1.67e-02	5.49e-05
 1.06803e+16	9.84e-01	1.64e-02	5.28e-05
 1.07010e+16	9.84e-01	1.61e-02	5.08e-05
 1.07197e+16	9.84e-01	1.58e-02	4.90e-05
 1.07403e+16	9.84e-01	1.55e-02	4.70e-05
 1.07625e+16	9.85e-01	1.51e-02	4.51e-05
 1.07827e+16	9.85e-01	1.49e-02	4.34e-05
 1.08011e+16	9.85e-01	1.46e-02	4.20e-05
 1.08213e+16	9.86e-01	1.43e-02	4.04e-05
 1.08430e+16	9.86e-01	1.40e-02	3.88e-05
 1.08629e+16	9.86e-01	1.38e-02	3.75e-05
 1.08845e+16	9.86e-01	1.35e-02	3.60e-05
 1.09080e+16	9.87e-01	1.32e-02	3.45e-05
 1.09293e+16	9.87e-01	1.30e-02	3.32e-05
 1.09526e+16	9.87e-01	1.27e-02	3.18e-05
 1.09779e+16	9.88e-01	1.24e-02	3.05e-05
 1.10008e+16	9.88e-01	1.22e-02	2.93e-05
 1.10260e+16	9.88e-01	1.19e-02	2.80e-05
 1.10531e+16	9.88e-01	1.16e-02	2.67e-05
 1.10778e+16	9.89e-01	1.14e-02	2.57e-05
 1.11049e+16	9.89e-01	1.11e-02	2.45e-05
 1.11341e+16	9.89e-01	1.08e-02	2.33e-05
 1.11607e+16	9.89e-01	1.06e-02	2.23e-05
 1.11898e+16	9.90e-01	1.03e-02	2.13e-05
 1.12213e+16	9.90e-01	1.01e-02	2.02e-05
 1.12499e+16	9.90e-01	9.86e-03	1.93e-05
 1.12813e+16	9.90e-01	9.61e-03	1.83e-05
 1.13152e+16	9.91e-01	9.35e-03	1.74e-05
 1.13460e+16	9.91e-01	9.13e-03	1.66e-05
 1.13798e+16	9.91e-01	8.88e-03	1.57e-05
 1.14162e+16	9.91e-01	8.64e-03	1.49e-05
 1.14494e+16	9.92e-01	8.43e-03	1.42e-05
 1.14858e+16	9.92e-01	8.19e-03	1.34e-05
 1.15250e+16	9.92e-01	7.95e-03	1.26e-05
 1.15607e+16	9.92e-01	7.74e-03	1.20e-05
 1.15999e+16	9.92e-01	7.52e-03	1.13e-05
 1.16508e+16	9.93e-01	7.23e-03	1.05e-05
 1.17090e+16	9.93e-01	6.93e-03	9.62e-06
 1.17672e+16	9.93e-01	6.65e-03	8.87e-06
 1.18256e+16	9.94e-01	6.38e-03	8.17e-06
 1.18864e+16	9.94e-01	6.11e-03	7.51e-06
 1.19501e+16	9.94e-01	5.85e-03	6.88e-06
 1.20159e+16	9.94e-01	5.59e-03	6.30e-06
 1.20838e+16	9.95e-01	5.34e-03	5.75e-06
 1.21540e+16	9.95e-01	5.10e-03	5.25e-06
 1.22269e+16	9.95e-01	4.86e-03	4.77e-06
 1.23017e+16	9.95e-01	4.63e-03	4.33e-06
 1.23778e+16	9.96e-01	4.41e-03	3.94e-06
 1.24549e+16	9.96e-01	4.20e-03	3.57e-06
 1.25335e+16	9.96e-01	4.00e-03	3.24e-06
 1.26135e+16	9.96e-01	3.81e-03	2.94e-06
 1.26939e+16	9.96e-01	3.63e-03	2.67e-06
 1.27755e+16	9.97e-01	3.45e-03	2.42e-06
 1.28598e+16	9.97e-01	3.28e-03	2.19e-06
 1.29460e+16	9.97e-01	3.12e-03	1.98e-06
 1.30335e+16	9.97e-01	2.96e-03	1.79e-06
 1.31224e+16	9.97e-01	2.81e-03	1.61e-06
 1.32128e+16	9.97e-01	2.67e-03	1.46e-06
 1.33052e+16	9.97e-01	2.53e-03	1.31e-06
 1.33993e+16	9.98e-01	2.40e-03	1.18e-06
 1.34950e+16	9.98e-01	2.28e-03	1.06e-06
 1.35924e+16	9.98e-01	2.16e-03	9.54e-07
 1.36917e+16	9.98e-01	2.04e-03	8.56e-07
 1.37931e+16	9.98e-01	1.93e-03	7.67e-07
 1.38965e+16	9.98e-01	1.83e-03	6.86e-07
 1.40019e+16	9.98e-01	1.73e-03	6.13e-07
 1.41095e+16	9.98e-01	1.63e-03	5.47e-07
 1.42193e+16	9.98e-01	1.54e-03	4.87e-07
 1.43313e+16	9.99e-01	1.45e-03	4.34e-07
 1.44458e+16	9.99e-01	1.37e-03	3.85e-07
 1.45629e+16	9.99e-01	1.29e-03	3.42e-07
 1.46826e+16	9.99e-01	1.21e-03	3.02e-07
 1.48050e+16	9.99e-01	1.14e-03	2.67e-07
 1.49304e+16	9.99e-01	1.07e-03	2.35e-07
 1.50589e+16	9.99e-01	1.00e-03	2.07e-07
 1.51907e+16	9.99e-01	9.36e-04	1.82e-07
 1.53260e+16	9.99e-01	8.75e-04	1.59e-07
 1.54649e+16	9.99e-01	8.17e-04	1.38e-07
 1.56077e+16	9.99e-01	7.62e-04	1.21e-07
 1.57547e+16	9.99e-01	7.09e-04	1.05e-07
 1.59055e+16	9.99e-01	6.60e-04	9.06e-08
 1.60584e+16	9.99e-01	6.13e-04	7.83e-08
 1.62168e+16	9.99e-01	5.68e-04	6.73e-08
 1.63845e+16	9.99e-01	5.25e-04	5.74e-08
 1.65595e+16	1.00e+00	4.83e-04	4.87e-08
 1.67404e+16	1.00e+00	4.44e-04	4.11e-08
 1.69283e+16	1.00e+00	4.06e-04	3.45e-08
 1.71248e+16	1.00e+00	3.71e-04	2.88e-08
 1.73310e+16	1.00e+00	3.37e-04	2.38e-08
 1.75479e+16	1.00e+00	3.05e-04	1.95e-08
 1.77768e+16	1.00e+00	2.75e-04	1.58e-08
 1.80202e+16	1.00e+00	2.46e-04	1.27e-08
 1.82784e+16	1.00e+00	2.19e-04	1.01e-08
 1.85573e+16	1.00e+00	1.93e-04	7.84e-09
 1.88581e+16	1.00e+00	1.69e-04	6.00e-09
 1.91799e+16	1.00e+00	1.47e-04	4.52e-09
 1.95358e+16	1.00e+00	1.25e-04	3.31e-09
 1.99400e+16	1.00e+00	1.05e-04	2.32e-09
 2.04090e+16	1.00e+00	8.58e-05	1.55e-09
 2.09329e+16	1.00e+00	6.89e-05	9.99e-10
 2.14941e+16	1.00e+00	5.46e-05	6.29e-10
 2.20819e+16	1.00e+00	4.30e-05	3.91e-10
 2.26743e+16	1.00e+00	3.40e-05	2.45e-10
 2.32655e+16	1.00e+00	2.70e-05	1.55e-10
 2.38625e+16	1.00e+00	2.15e-05	9.79e-11
 2.44701e+16	1.00e+00	1.71e-05	6.21e-11
 2.50902e+16	1.00e+00	1.36e-05	3.93e-11
 2.57215e+16	1.00e+00	1.08e-05	2.49e-11
 2.63630e+16	1.00e+00	8.62e-06	1.59e-11
 2.70181e+16	1.00e+00	6.87e-06	1.01e-11
 2.76883e+16	1.00e+00	5.47e-06	6.39e-12
 2.83736e+16	1.00e+00	4.35e-06	4.05e-12
 2.90753e+16	1.00e+00	3.46e-06	2.56e-12
 2.97940e+16	1.00e+00	2.75e-06	1.62e-12
 3.05298e+16	1.00e+00	2.18e-06	1.02e-12
 3.12867e+16	1.00e+00	1.73e-06	6.41e-13
 3.20688e+16	1.00e+00	1.36e-06	4.00e-13
 3.28771e+16	1.00e+00	1.07e-06	2.48e-13
 3.37157e+16	1.00e+00	8.40e-07	1.52e-13
 3.45915e+16	1.00e+00	6.54e-07	9.26e-14
 3.55124e+16	1.00e+00	5.06e-07	5.55e-14
 3.64633e+16	1.00e+00	3.90e-07	3.31e-14
 3.74131e+16	1.00e+00	3.03e-07	2.00e-14
 3.83441e+16	1.00e+00	2.38e-07	1.23e-14
 3.92548e+16	1.00e+00	1.88e-07	7.74e-15
 4.01505e+16	1.00e+00	1.50e-07	4.94e-15
 4.10300e+16	1.00e+00	1.21e-07	3.20e-15
 4.18883e+16	1.00e+00	9.82e-08	2.11e-15
 4.27213e+16	1.00e+00	8.04e-08	1.42e-15
 4.35277e+16	1.00e+00	6.65e-08	9.73e-16
 4.43068e+16	1.00e+00	5.55e-08	6.79e-16
 4.50576e+16	1.00e+00	4.67e-08	4.82e-16
 4.57797e+16	1.00e+00	3.97e-08	3.48e-16
 4.64725e+16	1.00e+00	3.40e-08	2.56e-16
 4.71360e+16	1.00e+00	2.94e-08	1.91e-16
 4.77707e+16	1.00e+00	2.56e-08	1.45e-16
 4.83771e+16	1.00e+00	2.25e-08	1.12e-16
 4.89559e+16	1.00e+00	1.98e-08	8.76e-17
 4.95079e+16	1.00e+00	1.77e-08	6.95e-17
 5.00340e+16	1.00e+00	1.58e-08	5.58e-17
 5.05354e+16	1.00e+00	1.43e-08	4.53e-17
 5.10130e+16	1.00e+00	1.29e-08	3.73e-17
 5.14677e+16	1.00e+00	1.18e-08	3.10e-17
 5.19005e+16	1.00e+00	1.08e-08	2.60e-17
 5.23125e+16	1.00e+00	9.92e-09	2.20e-17
 5.27047e+16	1.00e+00	9.17e-09	1.89e-17
 5.30779e+16	1.00e+00	8.51e-09	1.63e-17
 5.34333e+16	1.00e+00	7.93e-09	1.41e-17
 5.37718e+16	1.00e+00	7.42e-09	1.24e-17
 5.40942e+16	1.00e+00	6.96e-09	1.09e-17
 5.44013e+16	1.00e+00	6.56e-09	9.69e-18
 5.46939e+16	1.00e+00	6.20e-09	8.66e-18
 5.49729e+16	1.00e+00	5.87e-09	7.78e-18
 5.52390e+16	1.00e+00	5.58e-09	7.02e-18
 5.54929e+16	1.00e+00	5.31e-09	6.37e-18
 5.57353e+16	1.00e+00	5.07e-09	5.81e-18
 5.59671e+16	1.00e+00	4.85e-09	5.33e-18
 5.61890e+16	1.00e+00	4.65e-09	4.90e-18
 5.64015e+16	1.00e+00	4.47e-09	4.52e-18
 5.66052e+16	1.00e+00	4.30e-09	4.19e-18
 5.68006e+16	1.00e+00	4.15e-09	3.89e-18
 5.69882e+16	1.00e+00	4.00e-09	3.63e-18
 5.71689e+16	1.00e+00	3.87e-09	3.40e-18
 5.73431e+16	1.00e+00	3.75e-09	3.18e-18
 5.75113e+16	1.00e+00	3.63e-09	2.99e-18
 5.76741e+16	1.00e+00	3.52e-09	2.82e-18
 5.78319e+16	1.00e+00	3.42e-09	2.66e-18
 5.79854e+16	1.00e+00	3.32e-09	2.51e-18
 5.81350e+16	1.00e+00	3.23e-09	2.38e-18
 5.82813e+16	1.00e+00	3.15e-09	2.25e-18
 5.84251e+16	1.00e+00	3.07e-09	2.14e-18
 5.85667e+16	1.00e+00	2.99e-09	2.03e-18
 5.87070e+16	1.00e+00	2.91e-09	1.93e-18
 5.88467e+16	1.00e+00	2.84e-09	1.83e-18
 5.89866e+16	1.00e+00	2.76e-09	1.74e-18
 5.91276e+16	1.00e+00	2.69e-09	1.65e-18
 5.92709e+16	1.00e+00	2.62e-09	1.57e-18
 5.94178e+16	1.00e+00	2.56e-09	1.49e-18
 5.95700e+16	1.00e+00	2.49e-09	1.41e-18
 5.97294e+16	1.00e+00	2.41e-09	1.33e-18
 5.98987e+16	1.00e+00	2.34e-09	1.25e-18
 6.00815e+16	1.00e+00	2.26e-09	1.17e-18
 6.02826e+16	1.00e+00	2.18e-09	1.09e-18
 6.05086e+16	1.00e+00	2.09e-09	1.00e-18
 6.07693e+16	1.00e+00	2.00e-09	9.12e-19
 6.10798e+16	1.00e+00	1.89e-09	8.15e-19
 6.14632e+16	1.00e+00	1.76e-09	7.09e-19
 6.19543e+16	1.00e+00	1.61e-09	5.94e-19
 6.25928e+16	1.00e+00	1.43e-09	4.73e-19
 6.34227e+16	1.00e+00	1.24e-09	3.52e-19
 6.45017e+16	1.00e+00	1.02e-09	2.42e-19
 6.59044e+16	1.00e+00	8.04e-10	1.50e-19
 6.77278e+16	1.00e+00	5.91e-10	8.14e-20
 6.99906e+16	1.00e+00	4.10e-10	3.93e-20
 7.24548e+16	1.00e+00	2.80e-10	1.84e-20
 7.50152e+16	1.00e+00	1.90e-10	8.55e-21
 7.77108e+16	1.00e+00	1.28e-10	0.00e+00
 8.04856e+16	1.00e+00	8.62e-11	0.00e+00
 8.33141e+16	1.00e+00	5.84e-11	0.00e+00
 8.61562e+16	1.00e+00	3.99e-11	0.00e+00
 8.89983e+16	1.00e+00	2.75e-11	0.00e+00
 9.19844e+16	1.00e+00	1.88e-11	0.00e+00
 9.51144e+16	1.00e+00	1.28e-11	0.00e+00
 9.82444e+16	1.00e+00	8.76e-12	0.00e+00
 1.01374e+17	1.00e+00	6.07e-12	0.00e+00
 1.04505e+17	1.00e+00	4.25e-12	0.00e+00
 1.07635e+17	1.00e+00	3.00e-12	0.00e+00
 1.10765e+17	1.00e+00	2.14e-12	0.00e+00
 1.13895e+17	1.00e+00	1.54e-12	0.00e+00
 1.17025e+17	1.00e+00	1.12e-12	0.00e+00
 1.20155e+17	1.00e+00	8.18e-13	0.00e+00
 1.23286e+17	1.00e+00	6.03e-13	0.00e+00
 1.26334e+17	1.00e+00	4.53e-13	0.00e+00
 1.28954e+17	1.00e+00	3.58e-13	0.00e+00
 1.30777e+17	1.00e+00	3.07e-13	0.00e+00
 1.31853e+17	1.00e+00	2.81e-13	0.00e+00
 1.32479e+17	1.00e+00	2.67e-13	0.00e+00
 1.32854e+17	1.00e+00	2.59e-13	0.00e+00
 1.33096e+17	1.00e+00	2.54e-13	0.00e+00
 1.33308e+17	1.00e+00	2.49e-13	0.00e+00
 1.33540e+17	1.00e+00	2.44e-13	0.00e+00
 1.33783e+17	1.00e+00	2.39e-13	0.00e+00
 1.34007e+17	1.00e+00	2.35e-13	0.00e+00
 1.34201e+17	1.00e+00	2.31e-13	0.00e+00
 1.34386e+17	1.00e+00	2.27e-13	0.00e+00
 1.34579e+17	1.00e+00	2.23e-13	0.00e+00
 1.34762e+17	1.00e+00	2.20e-13	0.00e+00
 1.34920e+17	1.00e+00	2.17e-13	0.00e+00
 1.35067e+17	1.00e+00	2.14e-13	0.00e+00
 1.35215e+17	1.00e+00	2.12e-13	0.00e+00
 1.35356e+17	1.00e+00	2.09e-13	0.00e+00
 1.35482e+17	1.00e+00	2.07e-13	0.00e+00
 1.35600e+17	1.00e+00	2.05e-13	0.00e+00
 1.35721e+17	1.00e+00	2.03e-13	0.00e+00
 1.35843e+17	1.00e+00	2.00e-13	0.00e+00
 1.35950e+17	1.00e+00	1.99e-13	0.00e+00
 1.36047e+17	1.00e+00	1.97e-13	0.00e+00
 1.36148e+17	1.00e+00	1.95e-13	0.00e+00
 1.36255e+17	1.00e+00	1.93e-13	0.00e+00
 1.36352e+17	1.00e+00	1.92e-13	0.00e+00
 1.36439e+17	1.00e+00	1.90e-13	0.00e+00
 1.36528e+17	1.00e+00	1.89e-13	0.00e+00
 1.36619e+17	1.00e+00	1.87e-13	0.00e+00
 1.36709e+17	1.00e+00	1.86e-13	0.00e+00
 1.36793e+17	1.00e+00	1.84e-13	0.00e+00
 1.36873e+17	1.00e+00	1.83e-13	0.00e+00
 1.36955e+17	1.00e+00	1.82e-13	0.00e+00
 1.37038e+17	1.00e+00	1.80e-13	0.00e+00
 1.37122e+17	1.00e+00	1.79e-13	0.00e+00
 1.37205e+17	1.00e+00	1.78e-13	0.00e+00
 1.37283e+17	1.00e+00	1.76e-13	0.00e+00
 1.37358e+17	1.00e+00	1.75e-13	0.00e+00
 1.37437e+17	1.00e+00	1.74e-13	0.00e+00
 1.37522e+17	1.00e+00	1.73e-13	0.00e+00
 1.37605e+17	1.00e+00	1.71e-13	0.00e+00
 1.37686e+17	1.00e+00	1.70e-13	0.00e+00
 1.37769e+17	1.00e+00	1.69e-13	0.00e+00
 1.37855e+17	1.00e+00	1.67e-13	0.00e+00
 1.37938e+17	1.00e+00	1.66e-13	0.00e+00
 1.38021e+17	1.00e+00	1.65e-13	0.00e+00
 1.38109e+17	1.00e+00	1.63e-13	0.00e+00
 1.38203e+17	1.00e+00	1.62e-13	0.00e+00
 1.38298e+17	1.00e+00	1.60e-13	0.00e+00
 1.38398e+17	1.00e+00	1.59e-13	0.00e+00
 1.38500e+17	1.00e+00	1.57e-13	0.00e+00
 1.38597e+17	1.00e+00	1.56e-13	0.00e+00
 1.38690e+17	1.00e+00	1.54e-13	0.00e+00
 1.38788e+17	1.00e+00	1.53e-13	0.00e+00
 1.38895e+17	1.00e+00	1.51e-13	0.00e+00
 1.39003e+17	1.00e+00	1.49e-13	0.00e+00
 1.39113e+17	1.00e+00	1.48e-13	0.00e+00
 1.39228e+17	1.00e+00	1.46e-13	0.00e+00
 1.39351e+17	1.00e+00	1.44e-13	0.00e+00
 1.39471e+17	1.00e+00	1.43e-13	0.00e+00
 1.39588e+17	1.00e+00	1.41e-13	0.00e+00
 1.39712e+17	1.00e+00	1.39e-13	0.00e+00
 1.39844e+17	1.00e+00	1.37e-13	0.00e+00
 1.39980e+17	1.00e+00	1.36e-13	0.00e+00
 1.40119e+17	1.00e+00	1.34e-13	0.00e+00
 1.40259e+17	1.00e+00	1.32e-13	0.00e+00
 1.40401e+17	1.00e+00	1.30e-13	0.00e+00
 1.40548e+17	1.00e+00	1.28e-13	0.00e+00
 1.40696e+17	1.00e+00	1.26e-13	0.00e+00
 1.40852e+17	1.00e+00	1.24e-13	0.00e+00
 1.41020e+17	1.00e+00	1.22e-13	0.00e+00
 1.41196e+17	1.00e+00	1.20e-13	0.00e+00
 1.41374e+17	1.00e+00	1.17e-13	0.00e+00
 1.41549e+17	1.00e+00	1.15e-13	0.00e+00
 1.41726e+17	1.00e+00	1.13e-13	0.00e+00
 1.41914e+17	1.00e+00	1.11e-13	0.00e+00
 1.42110e+17	1.00e+00	1.09e-13	0.00e+00
 1.42321e+17	1.00e+00	1.06e-13	0.00e+00
 1.42535e+17	1.00e+00	1.04e-13	0.00e+00
 1.42740e+17	1.00e+00	1.02e-13	0.00e+00
 1.42954e+17	1.00e+00	9.95e-14	0.00e+00
 1.43188e+17	1.00e+00	9.70e-14	0.00e+00
 1.43428e+17	1.00e+00	9.46e-14	0.00e+00
 1.43670e+17	1.00e+00	9.21e-14	0.00e+00
 1.43911e+17	1.00e+00	8.98e-14	0.00e+00
 1.44154e+17	1.00e+00	8.75e-14	0.00e+00
 1.44413e+17	1.00e+00	8.51e-14	0.00e+00
 1.44694e+17	1.00e+00	8.25e-14	0.00e+00
 1.44980e+17	1.00e+00	8.00e-14	0.00e+00
 1.45262e+17	1.00e+00	7.76e-14	0.00e+00
 1.45545e+17	1.00e+00	7.52e-14	0.00e+00
 1.45841e+17	1.00e+00	7.27e-14	0.00e+00
 1.46154e+17	1.00e+00	7.03e-14	0.00e+00
 1.46474e+17	1.00e+00	6.79e-14	0.00e+00
 1.46801e+17	1.00e+00	6.55e-14	0.00e+00
 1.47133e+17	1.00e+00	6.31e-14	0.00e+00
 1.47478e+17	1.00e+00	6.08e-14	0.00e+00
 1.47847e+17	1.00e+00	5.83e-14	0.00e+00
 1.48216e+17	1.00e+00	5.60e-14	0.00e+00
 1.48586e+17	1.00e+00	5.37e-14	0.00e+00
 1.48971e+17	1.00e+00	5.14e-14	0.00e+00
 1.49370e+17	1.00e+00	4.92e-14	0.00e+00
 1.49783e+17	1.00e+00	4.69e-14	0.00e+00
 1.50198e+17	1.00e+00	4.48e-14	0.00e+00
 1.50625e+17	1.00e+00	4.28e-14	0.00e+00
 1.51094e+17	1.00e+00	4.06e-14	0.00e+00
 1.51586e+17	1.00e+00	3.85e-14	0.00e+00
 1.52071e+17	1.00e+00	3.64e-14	0.00e+00
 1.52562e+17	1.00e+00	3.45e-14	0.00e+00
 1.53066e+17	1.00e+00	3.27e-14	0.00e+00
 1.53593e+17	1.00e+00	3.09e-14	0.00e+00
 1.54169e+17	1.00e+00	2.91e-14	0.00e+00
 1.54787e+17	1.00e+00	2.73e-14	0.00e+00
 1.55402e+17	1.00e+00	2.55e-14	0.00e+00
 1.55981e+17	1.00e+00	2.41e-14	0.00e+00
 1.56503e+17	1.00e+00	2.28e-14	0.00e+00
 1.56983e+17	1.00e+00	2.18e-14	0.00e+00
 1.57440e+17	1.00e+00	2.08e-14	0.00e+00
 1.57886e+17	1.00e+00	1.99e-14	0.00e+00
 1.58317e+17	1.00e+00	1.90e-14	0.00e+00
 1.58723e+17	1.00e+00	1.82e-14	0.00e+00
 1.59100e+17	1.00e+00	1.75e-14	0.00e+00
 1.59449e+17	1.00e+00	1.69e-14	0.00e+00
 1.59778e+17	1.00e+00	1.63e-14	0.00e+00
 1.60089e+17	1.00e+00	1.58e-14	0.00e+00
 1.60381e+17	1.00e+00	1.53e-14	0.00e+00
 1.60655e+17	1.00e+00	1.48e-14	0.00e+00
 1.60913e+17	1.00e+00	1.44e-14	0.00e+00
 1.61158e+17	1.00e+00	1.41e-14	0.00e+00
 1.61393e+17	1.00e+00	1.37e-14	0.00e+00
 1.61618e+17	1.00e+00	1.34e-14	0.00e+00
 1.61834e+17	1.00e+00	1.31e-14	0.00e+00
 1.62041e+17	1.00e+00	1.28e-14	0.00e+00
 1.62239e+17	1.00e+00	1.25e-14	0.00e+00
 1.62431e+17	1.00e+00	1.22e-14	0.00e+00
 1.62618e+17	1.00e+00	1.20e-14	0.00e+00
 1.62801e+17	1.00e+00	1.18e-14	0.00e+00
 1.62979e+17	1.00e+00	1.15e-14	0.00e+00
 1.63152e+17	1.00e+00	1.13e-14	0.00e+00
 1.63322e+17	1.00e+00	1.11e-14	0.00e+00
 1.63489e+17	1.00e+00	1.09e-14	0.00e+00
 1.63652e+17	1.00e+00	1.07e-14	0.00e+00
 1.63813e+17	1.00e+00	1.05e-14	0.00e+00
 1.63971e+17	1.00e+00	1.04e-14	0.00e+00
 1.64126e+17	1.00e+00	1.02e-14	0.00e+00
 1.64304e+17	1.00e+00	1.00e-14	0.00e+00
 1.64534e+17	1.00e+00	9.76e-15	0.00e+00
 1.64835e+17	1.00e+00	9.45e-15	0.00e+00
 1.65225e+17	1.00e+00	9.07e-15	0.00e+00
 1.65732e+17	1.00e+00	8.61e-15	0.00e+00
 1.66371e+17	1.00e+00	8.08e-15	0.00e+00
 1.67071e+17	1.00e+00	7.54e-15	0.00e+00
 1.67704e+17	1.00e+00	7.08e-15	0.00e+00
 1.68233e+17	1.00e+00	6.73e-15	0.00e+00
 1.68716e+17	1.00e+00	6.43e-15	0.00e+00
 1.69228e+17	1.00e+00	6.12e-15	0.00e+00
 1.69796e+17	1.00e+00	5.81e-15	0.00e+00
 1.70391e+17	1.00e+00	5.49e-15	0.00e+00
 1.70972e+17	1.00e+00	5.21e-15	0.00e+00
 1.71533e+17	1.00e+00	4.95e-15	0.00e+00
 1.72099e+17	1.00e+00	4.70e-15	0.00e+00
 1.72700e+17	1.00e+00	4.45e-15	0.00e+00
 1.73349e+17	1.00e+00	4.20e-15	0.00e+00
 1.74039e+17	1.00e+00	3.96e-15	0.00e+00
 1.74772e+17	1.00e+00	3.71e-15	0.00e+00
 1.75568e+17	1.00e+00	3.46e-15	0.00e+00
 1.76474e+17	1.00e+00	3.19e-15	0.00e+00
 1.77561e+17	1.00e+00	2.91e-15	0.00e+00
 1.78940e+17	1.00e+00	2.58e-15	0.00e+00
 1.80731e+17	1.00e+00	2.21e-15	0.00e+00
 1.83061e+17	1.00e+00	1.81e-15	0.00e+00
 1.86089e+17	1.00e+00	1.41e-15	0.00e+00
 1.90025e+17	1.00e+00	1.02e-15	0.00e+00
 1.95143e+17	1.00e+00	6.76e-16	0.00e+00
 2.01795e+17	1.00e+00	3.99e-16	0.00e+00
 2.09667e+17	1.00e+00	2.18e-16	0.00e+00
 2.17647e+17	1.00e+00	1.20e-16	0.00e+00
 2.24825e+17	1.00e+00	7.11e-17	0.00e+00
 2.31073e+17	1.00e+00	4.51e-17	0.00e+00
 2.37830e+17	1.00e+00	2.73e-17	0.00e+00
 2.45369e+17	1.00e+00	1.57e-17	0.00e+00
 2.52108e+17	1.00e+00	9.65e-18	0.00e+00
 2.57772e+17	1.00e+00	6.24e-18	0.00e+00
 2.63729e+17	1.00e+00	3.97e-18	0.00e+00
 2.69926e+17	1.00e+00	2.48e-18	0.00e+00
 2.74544e+17	1.00e+00	1.69e-18	0.00e+00
 2.77315e+17	1.00e+00	1.34e-18	0.00e+00
 2.78977e+17	1.00e+00	1.16e-18	0.00e+00
 2.79975e+17	1.00e+00	1.06e-18	0.00e+00
 2.80573e+17	1.00e+00	9.98e-19	0.00e+00
 2.80932e+17	1.00e+00	9.64e-19	0.00e+00
 2.81163e+17	1.00e+00	9.43e-19	0.00e+00
 2.81372e+17	1.00e+00	9.24e-19	0.00e+00
 2.81632e+17	1.00e+00	9.01e-19	0.00e+00
 2.81971e+17	1.00e+00	8.72e-19	0.00e+00
 2.82355e+17	1.00e+00	8.40e-19	0.00e+00
 2.82697e+17	1.00e+00	8.11e-19	0.00e+00
 2.82959e+17	1.00e+00	7.89e-19	0.00e+00
 2.83180e+17	1.00e+00	7.71e-19	0.00e+00
 2.83417e+17	1.00e+00	7.53e-19	0.00e+00
 2.83713e+17	1.00e+00	7.30e-19	0.00e+00
 2.84055e+17	1.00e+00	7.04e-19	0.00e+00
 2.84371e+17	1.00e+00	6.79e-19	0.00e+00
 2.84619e+17	1.00e+00	6.60e-19	0.00e+00
 2.84823e+17	1.00e+00	6.45e-19	0.00e+00
 2.85037e+17	1.00e+00	6.30e-19	0.00e+00
 2.85298e+17	1.00e+00	6.11e-19	0.00e+00
 2.85600e+17	1.00e+00	5.89e-19	0.00e+00
 2.85885e+17	1.00e+00	5.69e-19	0.00e+00
 2.86115e+17	1.00e+00	5.52e-19	0.00e+00
 2.86308e+17	1.00e+00	5.39e-19	0.00e+00
 2.86506e+17	1.00e+00	5.26e-19	0.00e+00
 2.86744e+17	1.00e+00	5.10e-19	0.00e+00
 2.87016e+17	1.00e+00	4.92e-19	0.00e+00
 2.87276e+17	1.00e+00	4.75e-19	0.00e+00
 2.87490e+17	1.00e+00	4.60e-19	0.00e+00
 2.87673e+17	1.00e+00	4.49e-19	0.00e+00
 2.87859e+17	1.00e+00	4.37e-19	0.00e+00
 2.88080e+17	1.00e+00	4.24e-19	0.00e+00
 2.88330e+17	1.00e+00	4.08e-19	0.00e+00
 2.88570e+17	1.00e+00	3.93e-19	0.00e+00
 2.88774e+17	1.00e+00	3.80e-19	0.00e+00
 2.88950e+17	1.00e+00	3.70e-19	0.00e+00
 2.89129e+17	1.00e+00	3.60e-19	0.00e+00
 2.89338e+17	1.00e+00	3.48e-19	0.00e+00
 2.89573e+17	1.00e+00	3.35e-19	0.00e+00
 2.89800e+17	1.00e+00	3.22e-19	0.00e+00
