#depth	O	O+	O+2	O+3	O+4	O+5	O+6	O+7	O+8	O[1]	O[2]	O[3]
 1.49634e+10	0.00e+00	0.00e+00	1.51e-29	2.51e-21	6.03e-14	1.81e-07	1.00e+00	0.00e+00	0.00e+00	0.00e+00	0.00e+00	0.00e+00
 4.54887e+10	0.00e+00	1.33e-38	2.11e-29	3.25e-21	7.19e-14	1.99e-07	1.00e+00	4.95e-08	0.00e+00	0.00e+00	0.00e+00	0.00e+00
 7.72350e+10	0.00e+00	0.00e+00	2.95e-29	4.20e-21	8.57e-14	2.17e-07	1.00e+00	0.00e+00	0.00e+00	0.00e+00	0.00e+00	0.00e+00
 1.10251e+11	0.00e+00	3.06e-38	4.12e-29	5.42e-21	1.02e-13	2.38e-07	1.00e+00	0.00e+00	0.00e+00	0.00e+00	0.00e+00	0.00e+00
 1.43322e+11	0.00e+00	0.00e+00	5.69e-29	6.95e-21	1.21e-13	2.60e-07	1.00e+00	0.00e+00	0.00e+00	0.00e+00	0.00e+00	0.00e+00
 1.77716e+11	0.00e+00	6.81e-38	7.86e-29	8.92e-21	1.44e-13	2.84e-07	1.00e+00	0.00e+00	0.00e+00	0.00e+00	0.00e+00	0.00e+00
 2.14752e+11	0.00e+00	0.00e+00	1.10e-28	1.15e-20	1.73e-13	3.12e-07	1.00e+00	0.00e+00	0.00e+00	0.00e+00	0.00e+00	0.00e+00
 2.51289e+11	0.00e+00	1.53e-37	1.51e-28	1.48e-20	2.05e-13	3.41e-07	1.00e+00	0.00e+00	0.00e+00	0.00e+00	0.00e+00	0.00e+00
 2.89287e+11	0.00e+00	0.00e+00	2.08e-28	1.89e-20	2.43e-13	3.72e-07	1.00e+00	0.00e+00	0.00e+00	0.00e+00	0.00e+00	0.00e+00
 3.30785e+11	0.00e+00	3.42e-37	2.91e-28	2.45e-20	2.92e-13	4.09e-07	1.00e+00	0.00e+00	0.00e+00	0.00e+00	0.00e+00	0.00e+00
 3.73019e+11	0.00e+00	0.00e+00	4.03e-28	3.15e-20	3.49e-13	4.49e-07	1.00e+00	0.00e+00	0.00e+00	0.00e+00	0.00e+00	0.00e+00
 4.16941e+11	0.00e+00	7.63e-37	5.59e-28	4.06e-20	4.17e-13	4.93e-07	1.00e+00	0.00e+00	0.00e+00	0.00e+00	0.00e+00	0.00e+00
 4.63546e+11	0.00e+00	0.00e+00	7.80e-28	5.27e-20	5.01e-13	5.43e-07	1.00e+00	0.00e+00	0.00e+00	0.00e+00	0.00e+00	0.00e+00
 5.12014e+11	0.00e+00	1.72e-36	1.09e-27	6.82e-20	6.02e-13	5.98e-07	1.00e+00	0.00e+00	0.00e+00	0.00e+00	0.00e+00	0.00e+00
 5.55825e+11	7.49e-46	2.45e-36	1.45e-27	8.55e-20	7.07e-13	6.51e-07	1.00e+00	0.00e+00	0.00e+00	0.00e+00	0.00e+00	0.00e+00
 5.92284e+11	0.00e+00	0.00e+00	1.83e-27	1.03e-19	8.05e-13	6.97e-07	1.00e+00	0.00e+00	0.00e+00	0.00e+00	0.00e+00	0.00e+00
 6.32205e+11	0.00e+00	4.37e-36	2.33e-27	1.24e-19	9.24e-13	7.50e-07	1.00e+00	0.00e+00	0.00e+00	0.00e+00	0.00e+00	0.00e+00
 6.82828e+11	2.32e-45	6.30e-36	3.15e-27	1.57e-19	1.10e-12	8.21e-07	1.00e+00	0.00e+00	0.00e+00	0.00e+00	0.00e+00	0.00e+00
 7.35673e+11	0.00e+00	0.00e+00	4.26e-27	2.00e-19	1.30e-12	9.00e-07	1.00e+00	0.00e+00	0.00e+00	0.00e+00	0.00e+00	0.00e+00
 7.80465e+11	0.00e+00	1.22e-35	5.44e-27	2.42e-19	1.50e-12	9.70e-07	1.00e+00	0.00e+00	0.00e+00	0.00e+00	0.00e+00	0.00e+00
 8.26480e+11	7.22e-45	1.64e-35	6.94e-27	2.94e-19	1.72e-12	1.04e-06	1.00e+00	0.00e+00	0.00e+00	0.00e+00	0.00e+00	0.00e+00
 8.84502e+11	0.00e+00	0.00e+00	9.32e-27	3.72e-19	2.04e-12	1.15e-06	1.00e+00	0.00e+00	0.00e+00	0.00e+00	0.00e+00	0.00e+00
 9.43479e+11	0.00e+00	3.30e-35	1.24e-26	4.67e-19	2.41e-12	1.25e-06	1.00e+00	0.00e+00	0.00e+00	0.00e+00	0.00e+00	0.00e+00
 9.93961e+11	2.33e-44	4.39e-35	1.57e-26	5.64e-19	2.76e-12	1.35e-06	1.00e+00	0.00e+00	0.00e+00	0.00e+00	0.00e+00	0.00e+00
 1.04805e+12	0.00e+00	5.88e-35	2.01e-26	6.86e-19	3.18e-12	1.46e-06	1.00e+00	0.00e+00	0.00e+00	0.00e+00	0.00e+00	0.00e+00
 1.11516e+12	4.97e-44	8.34e-35	2.69e-26	8.66e-19	3.78e-12	1.60e-06	1.00e+00	0.00e+00	0.00e+00	0.00e+00	0.00e+00	0.00e+00
 1.18404e+12	0.00e+00	1.17e-34	3.58e-26	1.09e-18	4.47e-12	1.76e-06	1.00e+00	0.00e+00	0.00e+00	0.00e+00	0.00e+00	0.00e+00
 1.24587e+12	1.05e-43	1.57e-34	4.57e-26	1.33e-18	5.16e-12	1.90e-06	1.00e+00	0.00e+00	0.00e+00	0.00e+00	0.00e+00	0.00e+00
 1.31371e+12	0.00e+00	2.15e-34	5.93e-26	1.64e-18	6.02e-12	2.07e-06	1.00e+00	0.00e+00	0.00e+00	0.00e+00	0.00e+00	0.00e+00
 1.39406e+12	2.29e-43	3.05e-34	7.97e-26	2.08e-18	7.17e-12	2.28e-06	1.00e+00	0.00e+00	0.00e+00	0.00e+00	0.00e+00	0.00e+00
 1.47465e+12	0.00e+00	4.26e-34	1.06e-25	2.62e-18	8.48e-12	2.50e-06	1.00e+00	0.00e+00	0.00e+00	0.00e+00	0.00e+00	0.00e+00
 1.55092e+12	4.86e-43	5.78e-34	1.37e-25	3.22e-18	9.87e-12	2.72e-06	1.00e+00	0.00e+00	0.00e+00	0.00e+00	0.00e+00	0.00e+00
 1.63536e+12	0.00e+00	8.00e-34	1.80e-25	4.02e-18	1.16e-11	2.97e-06	1.00e+00	0.00e+00	0.00e+00	0.00e+00	0.00e+00	0.00e+00
 1.73070e+12	1.07e-42	1.13e-33	2.42e-25	5.11e-18	1.38e-11	3.28e-06	1.00e+00	0.00e+00	0.00e+00	0.00e+00	0.00e+00	0.00e+00
 1.82576e+12	0.00e+00	1.58e-33	3.20e-25	6.43e-18	1.63e-11	3.60e-06	1.00e+00	0.00e+00	0.00e+00	0.00e+00	0.00e+00	0.00e+00
 1.90961e+12	2.19e-42	2.10e-33	4.07e-25	7.81e-18	1.88e-11	3.89e-06	1.00e+00	0.00e+00	0.00e+00	0.00e+00	0.00e+00	0.00e+00
 1.97988e+12	0.00e+00	2.64e-33	4.94e-25	9.14e-18	2.11e-11	4.15e-06	1.00e+00	0.00e+00	0.00e+00	0.00e+00	0.00e+00	0.00e+00
 2.05546e+12	3.79e-42	3.35e-33	6.05e-25	1.08e-17	2.38e-11	4.44e-06	1.00e+00	0.00e+00	0.00e+00	0.00e+00	0.00e+00	0.00e+00
 2.15370e+12	0.00e+00	4.53e-33	7.81e-25	1.33e-17	2.76e-11	4.83e-06	1.00e+00	0.00e+00	0.00e+00	0.00e+00	0.00e+00	0.00e+00
 2.25650e+12	7.63e-42	6.12e-33	1.01e-24	1.63e-17	3.21e-11	5.25e-06	1.00e+00	0.00e+00	0.00e+00	0.00e+00	0.00e+00	0.00e+00
 2.34418e+12	0.00e+00	7.85e-33	1.25e-24	1.94e-17	3.63e-11	5.63e-06	1.00e+00	0.00e+00	0.00e+00	0.00e+00	0.00e+00	0.00e+00
 2.43715e+12	1.37e-41	1.01e-32	1.55e-24	2.32e-17	4.13e-11	6.05e-06	1.00e+00	0.00e+00	0.00e+00	0.00e+00	0.00e+00	0.00e+00
 2.55445e+12	0.00e+00	1.38e-32	2.02e-24	2.88e-17	4.82e-11	6.60e-06	1.00e+00	0.00e+00	0.00e+00	0.00e+00	0.00e+00	0.00e+00
 2.67532e+12	2.82e-41	1.88e-32	2.63e-24	3.56e-17	5.61e-11	7.19e-06	1.00e+00	0.00e+00	0.00e+00	0.00e+00	0.00e+00	0.00e+00
 2.78129e+12	0.00e+00	2.45e-32	3.29e-24	4.27e-17	6.39e-11	7.73e-06	1.00e+00	0.00e+00	0.00e+00	0.00e+00	0.00e+00	0.00e+00
 2.89599e+12	5.26e-41	3.22e-32	4.16e-24	5.17e-17	7.31e-11	8.34e-06	1.00e+00	0.00e+00	0.00e+00	0.00e+00	0.00e+00	0.00e+00
 3.02315e+12	0.00e+00	4.32e-32	5.34e-24	6.34e-17	8.45e-11	9.05e-06	1.00e+00	0.00e+00	0.00e+00	0.00e+00	0.00e+00	0.00e+00
 3.14111e+12	1.00e-40	5.62e-32	6.68e-24	7.61e-17	9.62e-11	9.74e-06	1.00e+00	0.00e+00	0.00e+00	0.00e+00	0.00e+00	0.00e+00
 3.26904e+12	0.00e+00	7.42e-32	8.47e-24	9.21e-17	1.10e-10	1.05e-05	1.00e+00	0.00e+00	0.00e+00	0.00e+00	0.00e+00	0.00e+00
 3.41126e+12	1.94e-40	9.98e-32	1.09e-23	1.13e-16	1.27e-10	1.14e-05	1.00e+00	0.00e+00	0.00e+00	0.00e+00	0.00e+00	0.00e+00
 3.54385e+12	0.00e+00	1.31e-31	1.37e-23	1.36e-16	1.45e-10	1.23e-05	1.00e+00	0.00e+00	0.00e+00	0.00e+00	0.00e+00	0.00e+00
 3.68803e+12	3.68e-40	1.73e-31	1.75e-23	1.66e-16	1.66e-10	1.33e-05	1.00e+00	0.00e+00	0.00e+00	0.00e+00	0.00e+00	0.00e+00
 3.84843e+12	0.00e+00	2.35e-31	2.26e-23	2.05e-16	1.93e-10	1.44e-05	1.00e+00	0.00e+00	0.00e+00	0.00e+00	0.00e+00	0.00e+00
 3.99843e+12	7.18e-40	3.10e-31	2.86e-23	2.47e-16	2.20e-10	1.55e-05	1.00e+00	0.00e+00	0.00e+00	0.00e+00	0.00e+00	0.00e+00
 4.16193e+12	0.00e+00	4.15e-31	3.67e-23	3.02e-16	2.53e-10	1.68e-05	1.00e+00	0.00e+00	0.00e+00	0.00e+00	0.00e+00	0.00e+00
 4.34447e+12	1.44e-39	5.68e-31	4.80e-23	3.75e-16	2.94e-10	1.82e-05	1.00e+00	0.00e+00	0.00e+00	0.00e+00	0.00e+00	0.00e+00
 4.51622e+12	0.00e+00	7.57e-31	6.12e-23	4.57e-16	3.36e-10	1.97e-05	1.00e+00	0.00e+00	0.00e+00	0.00e+00	0.00e+00	0.00e+00
 4.70394e+12	2.86e-39	1.03e-30	7.93e-23	5.62e-16	3.88e-10	2.13e-05	1.00e+00	0.00e+00	0.00e+00	0.00e+00	0.00e+00	0.00e+00
 4.91417e+12	0.00e+00	1.42e-30	1.05e-22	7.03e-16	4.53e-10	2.33e-05	1.00e+00	0.00e+00	0.00e+00	0.00e+00	0.00e+00	0.00e+00
 5.11335e+12	5.92e-39	1.93e-30	1.35e-22	8.62e-16	5.21e-10	2.51e-05	1.00e+00	0.00e+00	0.00e+00	0.00e+00	0.00e+00	0.00e+00
 5.32752e+12	0.00e+00	2.65e-30	1.77e-22	1.07e-15	6.03e-10	2.73e-05	1.00e+00	0.00e+00	0.00e+00	0.00e+00	0.00e+00	0.00e+00
 5.57055e+12	1.27e-38	3.73e-30	2.37e-22	1.35e-15	7.07e-10	2.98e-05	1.00e+00	0.00e+00	0.00e+00	0.00e+00	0.00e+00	0.00e+00
 5.81002e+12	0.00e+00	5.18e-30	3.12e-22	1.68e-15	8.22e-10	3.24e-05	1.00e+00	0.00e+00	0.00e+00	0.00e+00	0.00e+00	0.00e+00
 6.05906e+12	2.73e-38	7.23e-30	4.13e-22	2.09e-15	9.55e-10	3.52e-05	1.00e+00	0.00e+00	0.00e+00	0.00e+00	0.00e+00	0.00e+00
 6.33135e+12	0.00e+00	1.03e-29	5.54e-22	2.64e-15	1.12e-09	3.84e-05	1.00e+00	0.00e+00	0.00e+00	0.00e+00	0.00e+00	0.00e+00
 6.61454e+12	6.21e-38	1.47e-29	7.47e-22	3.34e-15	1.31e-09	4.18e-05	1.00e+00	0.00e+00	0.00e+00	0.00e+00	0.00e+00	0.00e+00
 6.89113e+12	0.00e+00	2.03e-29	9.84e-22	4.16e-15	1.52e-09	4.54e-05	1.00e+00	0.00e+00	0.00e+00	0.00e+00	0.00e+00	0.00e+00
 7.14251e+12	1.28e-37	2.74e-29	1.26e-21	5.04e-15	1.73e-09	4.87e-05	1.00e+00	0.00e+00	0.00e+00	0.00e+00	0.00e+00	0.00e+00
 7.36619e+12	0.00e+00	3.53e-29	1.56e-21	5.95e-15	1.94e-09	5.17e-05	1.00e+00	0.00e+00	0.00e+00	0.00e+00	0.00e+00	0.00e+00
 7.60661e+12	2.36e-37	4.62e-29	1.95e-21	7.08e-15	2.18e-09	5.51e-05	1.00e+00	0.00e+00	0.00e+00	0.00e+00	0.00e+00	0.00e+00
 7.91231e+12	0.00e+00	6.46e-29	2.57e-21	8.77e-15	2.51e-09	5.95e-05	1.00e+00	0.00e+00	0.00e+00	0.00e+00	0.00e+00	0.00e+00
 8.22319e+12	5.04e-37	8.89e-29	3.35e-21	1.08e-14	2.90e-09	6.43e-05	1.00e+00	0.00e+00	0.00e+00	0.00e+00	0.00e+00	0.00e+00
 8.48472e+12	0.00e+00	1.16e-28	4.19e-21	1.28e-14	3.25e-09	6.84e-05	1.00e+00	0.00e+00	0.00e+00	0.00e+00	0.00e+00	0.00e+00
 8.76178e+12	9.59e-37	1.54e-28	5.26e-21	1.53e-14	3.66e-09	7.28e-05	1.00e+00	0.00e+00	0.00e+00	0.00e+00	0.00e+00	0.00e+00
 9.11172e+12	0.00e+00	2.17e-28	6.97e-21	1.90e-14	4.23e-09	7.85e-05	1.00e+00	0.00e+00	0.00e+00	0.00e+00	0.00e+00	0.00e+00
 9.47018e+12	2.11e-36	3.01e-28	9.17e-21	2.35e-14	4.88e-09	8.48e-05	1.00e+00	0.00e+00	0.00e+00	0.00e+00	0.00e+00	0.00e+00
 9.77646e+12	0.00e+00	3.99e-28	1.15e-20	2.81e-14	5.49e-09	9.02e-05	1.00e+00	0.00e+00	0.00e+00	0.00e+00	0.00e+00	0.00e+00
 1.01011e+13	4.14e-36	5.33e-28	1.46e-20	3.37e-14	6.20e-09	9.61e-05	1.00e+00	0.00e+00	0.00e+00	0.00e+00	0.00e+00	0.00e+00
 1.05053e+13	0.00e+00	7.60e-28	1.95e-20	4.19e-14	7.18e-09	1.04e-04	1.00e+00	0.00e+00	0.00e+00	0.00e+00	0.00e+00	0.00e+00
 1.09196e+13	9.33e-36	1.06e-27	2.58e-20	5.20e-14	8.29e-09	1.12e-04	1.00e+00	0.00e+00	0.00e+00	0.00e+00	0.00e+00	0.00e+00
 1.12825e+13	0.00e+00	1.44e-27	3.29e-20	6.25e-14	9.37e-09	1.19e-04	1.00e+00	0.00e+00	0.00e+00	0.00e+00	0.00e+00	0.00e+00
 1.16718e+13	1.93e-35	1.96e-27	4.22e-20	7.56e-14	1.06e-08	1.27e-04	1.00e+00	0.00e+00	0.00e+00	0.00e+00	0.00e+00	0.00e+00
 1.21447e+13	0.00e+00	2.81e-27	5.67e-20	9.45e-14	1.24e-08	1.37e-04	1.00e+00	0.00e+00	0.00e+00	0.00e+00	0.00e+00	0.00e+00
 1.26241e+13	4.54e-35	4.03e-27	7.58e-20	1.18e-13	1.43e-08	1.48e-04	1.00e+00	0.00e+00	0.00e+00	0.00e+00	0.00e+00	0.00e+00
 1.30625e+13	6.59e-35	5.51e-27	9.77e-20	1.43e-13	1.63e-08	1.58e-04	1.00e+00	0.00e+00	0.00e+00	0.00e+00	0.00e+00	0.00e+00
 1.35496e+13	9.90e-35	7.75e-27	1.29e-19	1.76e-13	1.87e-08	1.70e-04	1.00e+00	0.00e+00	0.00e+00	0.00e+00	0.00e+00	0.00e+00
 1.41164e+13	1.57e-34	1.14e-26	1.75e-19	2.22e-13	2.18e-08	1.83e-04	1.00e+00	0.00e+00	0.00e+00	0.00e+00	0.00e+00	0.00e+00
 1.46758e+13	2.40e-34	1.63e-26	2.35e-19	2.77e-13	2.53e-08	1.98e-04	1.00e+00	0.00e+00	0.00e+00	0.00e+00	0.00e+00	0.00e+00
 1.52049e+13	3.60e-34	2.28e-26	3.08e-19	3.39e-13	2.90e-08	2.12e-04	1.00e+00	0.00e+00	0.00e+00	0.00e+00	0.00e+00	0.00e+00
 1.57904e+13	5.56e-34	3.28e-26	4.11e-19	4.20e-13	3.35e-08	2.27e-04	1.00e+00	0.00e+00	0.00e+00	0.00e+00	0.00e+00	0.00e+00
 1.64519e+13	8.78e-34	4.81e-26	5.61e-19	5.32e-13	3.91e-08	2.46e-04	1.00e+00	0.00e+00	0.00e+00	0.00e+00	0.00e+00	0.00e+00
 1.71182e+13	1.39e-33	7.05e-26	7.61e-19	6.68e-13	4.56e-08	2.65e-04	1.00e+00	0.00e+00	0.00e+00	0.00e+00	0.00e+00	0.00e+00
 1.78111e+13	2.20e-33	1.03e-25	1.03e-18	8.39e-13	5.31e-08	2.86e-04	1.00e+00	0.00e+00	0.00e+00	0.00e+00	0.00e+00	0.00e+00
 1.85535e+13	3.52e-33	1.53e-25	1.41e-18	1.06e-12	6.21e-08	3.09e-04	1.00e+00	0.00e+00	0.00e+00	0.00e+00	0.00e+00	0.00e+00
 1.93256e+13	5.64e-33	2.26e-25	1.94e-18	1.34e-12	7.26e-08	3.34e-04	1.00e+00	0.00e+00	0.00e+00	0.00e+00	0.00e+00	0.00e+00
 2.00744e+13	8.68e-33	3.25e-25	2.59e-18	1.67e-12	8.40e-08	3.60e-04	1.00e+00	0.00e+00	0.00e+00	0.00e+00	0.00e+00	0.00e+00
 2.07804e+13	1.30e-32	4.54e-25	3.39e-18	2.04e-12	9.60e-08	3.84e-04	1.00e+00	0.00e+00	0.00e+00	0.00e+00	0.00e+00	0.00e+00
 2.14480e+13	1.88e-32	6.18e-25	4.34e-18	2.46e-12	1.08e-07	4.08e-04	1.00e+00	0.00e+00	0.00e+00	0.00e+00	0.00e+00	0.00e+00
 2.21768e+13	2.78e-32	8.54e-25	5.62e-18	2.98e-12	1.23e-07	4.35e-04	1.00e+00	0.00e+00	0.00e+00	0.00e+00	0.00e+00	0.00e+00
 2.29873e+13	4.17e-32	1.20e-24	7.41e-18	3.67e-12	1.42e-07	4.67e-04	1.00e+00	0.00e+00	0.00e+00	0.00e+00	0.00e+00	0.00e+00
 2.37459e+13	6.11e-32	1.65e-24	9.55e-18	4.43e-12	1.61e-07	4.97e-04	1.00e+00	0.00e+00	0.00e+00	0.00e+00	0.00e+00	0.00e+00
 2.45740e+13	9.17e-32	2.31e-24	1.25e-17	5.41e-12	1.84e-07	5.30e-04	9.99e-01	0.00e+00	0.00e+00	0.00e+00	0.00e+00	0.00e+00
 2.55578e+13	1.44e-31	3.37e-24	1.69e-17	6.80e-12	2.14e-07	5.72e-04	9.99e-01	0.00e+00	0.00e+00	0.00e+00	0.00e+00	0.00e+00
 2.65270e+13	2.19e-31	4.79e-24	2.26e-17	8.45e-12	2.47e-07	6.15e-04	9.99e-01	0.00e+00	0.00e+00	0.00e+00	0.00e+00	0.00e+00
 2.74081e+13	3.22e-31	6.59e-24	2.92e-17	1.02e-11	2.81e-07	6.55e-04	9.99e-01	0.00e+00	0.00e+00	0.00e+00	0.00e+00	0.00e+00
 2.83919e+13	4.88e-31	9.32e-24	3.85e-17	1.26e-11	3.22e-07	7.01e-04	9.99e-01	0.00e+00	0.00e+00	0.00e+00	0.00e+00	0.00e+00
 2.95418e+13	7.61e-31	1.36e-23	5.23e-17	1.58e-11	3.76e-07	7.58e-04	9.99e-01	0.00e+00	0.00e+00	0.00e+00	0.00e+00	0.00e+00
 3.06989e+13	1.20e-30	1.98e-23	7.07e-17	1.98e-11	4.36e-07	8.16e-04	9.99e-01	0.00e+00	0.00e+00	0.00e+00	0.00e+00	0.00e+00
 3.17433e+13	1.74e-30	2.71e-23	9.16e-17	2.41e-11	4.97e-07	8.72e-04	9.99e-01	0.00e+00	0.00e+00	0.00e+00	0.00e+00	0.00e+00
 3.27038e+13	2.47e-30	3.63e-23	1.16e-16	2.87e-11	5.58e-07	9.24e-04	9.99e-01	0.00e+00	0.00e+00	0.00e+00	0.00e+00	0.00e+00
 3.38062e+13	3.57e-30	4.95e-23	1.50e-16	3.49e-11	6.36e-07	9.86e-04	9.99e-01	0.00e+00	0.00e+00	0.00e+00	0.00e+00	0.00e+00
 3.51328e+13	5.61e-30	7.21e-23	2.02e-16	4.37e-11	7.39e-07	1.06e-03	9.99e-01	0.00e+00	0.00e+00	0.00e+00	0.00e+00	0.00e+00
 3.64472e+13	8.37e-30	1.01e-22	2.69e-16	5.42e-11	8.53e-07	1.14e-03	9.99e-01	0.00e+00	0.00e+00	0.00e+00	0.00e+00	0.00e+00
 3.76185e+13	1.22e-29	1.38e-22	3.44e-16	6.53e-11	9.65e-07	1.22e-03	9.99e-01	0.00e+00	0.00e+00	0.00e+00	0.00e+00	0.00e+00
 3.89077e+13	1.75e-29	1.89e-22	4.47e-16	7.95e-11	1.10e-06	1.30e-03	9.99e-01	0.00e+00	0.00e+00	0.00e+00	0.00e+00	0.00e+00
 4.04440e+13	2.76e-29	2.76e-22	6.06e-16	9.99e-11	1.28e-06	1.40e-03	9.99e-01	0.00e+00	0.00e+00	0.00e+00	0.00e+00	0.00e+00
 4.19701e+13	4.10e-29	3.87e-22	8.06e-16	1.24e-10	1.48e-06	1.51e-03	9.98e-01	0.00e+00	0.00e+00	0.00e+00	0.00e+00	0.00e+00
 4.33610e+13	6.04e-29	5.34e-22	1.04e-15	1.50e-10	1.68e-06	1.61e-03	9.98e-01	0.00e+00	0.00e+00	0.00e+00	0.00e+00	0.00e+00
 4.49078e+13	8.81e-29	7.38e-22	1.37e-15	1.85e-10	1.93e-06	1.73e-03	9.98e-01	0.00e+00	0.00e+00	0.00e+00	0.00e+00	0.00e+00
 4.67127e+13	1.37e-28	1.07e-21	1.86e-15	2.33e-10	2.26e-06	1.87e-03	9.98e-01	0.00e+00	0.00e+00	0.00e+00	0.00e+00	0.00e+00
 4.84877e+13	2.07e-28	1.52e-21	2.49e-15	2.90e-10	2.61e-06	2.02e-03	9.98e-01	0.00e+00	0.00e+00	0.00e+00	0.00e+00	0.00e+00
 5.01579e+13	3.08e-28	2.12e-21	3.25e-15	3.55e-10	2.98e-06	2.16e-03	9.98e-01	0.00e+00	0.00e+00	0.00e+00	0.00e+00	0.00e+00
 5.20184e+13	4.53e-28	2.95e-21	4.30e-15	4.39e-10	3.44e-06	2.32e-03	9.98e-01	0.00e+00	0.00e+00	0.00e+00	0.00e+00	0.00e+00
 5.41291e+13	7.18e-28	4.35e-21	5.88e-15	5.56e-10	4.03e-06	2.51e-03	9.97e-01	0.00e+00	0.00e+00	0.00e+00	0.00e+00	0.00e+00
 5.62344e+13	1.07e-27	6.15e-21	7.91e-15	6.96e-10	4.68e-06	2.71e-03	9.97e-01	0.00e+00	0.00e+00	0.00e+00	0.00e+00	0.00e+00
 5.81968e+13	1.60e-27	8.58e-21	1.04e-14	8.52e-10	5.35e-06	2.90e-03	9.97e-01	0.00e+00	0.00e+00	0.00e+00	0.00e+00	0.00e+00
 6.03274e+13	2.34e-27	1.19e-20	1.37e-14	1.05e-09	6.16e-06	3.12e-03	9.97e-01	0.00e+00	0.00e+00	0.00e+00	0.00e+00	0.00e+00
 6.27174e+13	3.66e-27	1.73e-20	1.86e-14	1.32e-09	7.18e-06	3.37e-03	9.97e-01	0.00e+00	0.00e+00	0.00e+00	0.00e+00	0.00e+00
 6.49478e+13	5.26e-27	2.37e-20	2.44e-14	1.63e-09	8.24e-06	3.62e-03	9.96e-01	0.00e+00	0.00e+00	0.00e+00	0.00e+00	0.00e+00
 6.70089e+13	7.55e-27	3.21e-20	3.12e-14	1.96e-09	9.32e-06	3.85e-03	9.96e-01	0.00e+00	0.00e+00	0.00e+00	0.00e+00	0.00e+00
 6.89861e+13	1.01e-26	4.16e-20	3.91e-14	2.33e-09	1.05e-05	4.08e-03	9.96e-01	0.00e+00	0.00e+00	0.00e+00	0.00e+00	0.00e+00
 7.11801e+13	1.44e-26	5.60e-20	5.00e-14	2.80e-09	1.18e-05	4.34e-03	9.96e-01	0.00e+00	0.00e+00	0.00e+00	0.00e+00	0.00e+00
 7.36094e+13	2.11e-26	7.73e-20	6.50e-14	3.41e-09	1.35e-05	4.64e-03	9.95e-01	0.00e+00	0.00e+00	0.00e+00	0.00e+00	0.00e+00
 7.58721e+13	2.94e-26	1.02e-19	8.25e-14	4.08e-09	1.52e-05	4.93e-03	9.95e-01	0.00e+00	0.00e+00	0.00e+00	0.00e+00	0.00e+00
 7.83414e+13	4.09e-26	1.37e-19	1.06e-13	4.93e-09	1.73e-05	5.26e-03	9.95e-01	0.00e+00	0.00e+00	0.00e+00	0.00e+00	0.00e+00
 8.11099e+13	6.12e-26	1.91e-19	1.39e-13	6.06e-09	1.98e-05	5.63e-03	9.94e-01	0.00e+00	0.00e+00	0.00e+00	0.00e+00	0.00e+00
 8.37473e+13	8.44e-26	2.54e-19	1.79e-13	7.32e-09	2.24e-05	6.01e-03	9.94e-01	0.00e+00	0.00e+00	0.00e+00	0.00e+00	0.00e+00
 8.66560e+13	1.26e-25	3.54e-19	2.34e-13	8.96e-09	2.57e-05	6.43e-03	9.94e-01	0.00e+00	0.00e+00	0.00e+00	0.00e+00	0.00e+00
 8.98727e+13	1.82e-25	4.90e-19	3.10e-13	1.11e-08	2.96e-05	6.92e-03	9.93e-01	0.00e+00	0.00e+00	0.00e+00	0.00e+00	0.00e+00
 9.28443e+13	2.60e-25	6.64e-19	4.01e-13	1.35e-08	3.37e-05	7.39e-03	9.93e-01	0.00e+00	0.00e+00	0.00e+00	0.00e+00	0.00e+00
 9.60623e+13	3.82e-25	9.18e-19	5.24e-13	1.65e-08	3.85e-05	7.91e-03	9.92e-01	0.00e+00	0.00e+00	0.00e+00	0.00e+00	0.00e+00
 9.96537e+13	5.52e-25	1.27e-18	6.98e-13	2.05e-08	4.45e-05	8.51e-03	9.91e-01	0.00e+00	0.00e+00	0.00e+00	0.00e+00	0.00e+00
 1.03023e+14	8.09e-25	1.75e-18	9.07e-13	2.50e-08	5.08e-05	9.09e-03	9.91e-01	0.00e+00	0.00e+00	0.00e+00	0.00e+00	0.00e+00
 1.06696e+14	1.15e-24	2.39e-18	1.19e-12	3.07e-08	5.83e-05	9.76e-03	9.90e-01	0.00e+00	0.00e+00	0.00e+00	0.00e+00	0.00e+00
 1.10777e+14	1.75e-24	3.41e-18	1.60e-12	3.83e-08	6.76e-05	1.05e-02	9.89e-01	0.00e+00	0.00e+00	0.00e+00	0.00e+00	0.00e+00
 1.14593e+14	2.46e-24	4.60e-18	2.08e-12	4.69e-08	7.72e-05	1.13e-02	9.89e-01	0.00e+00	0.00e+00	0.00e+00	0.00e+00	0.00e+00
 1.18746e+14	3.64e-24	6.43e-18	2.75e-12	5.79e-08	8.89e-05	1.21e-02	9.88e-01	0.00e+00	0.00e+00	0.00e+00	0.00e+00	0.00e+00
 1.23384e+14	5.31e-24	8.97e-18	3.70e-12	7.26e-08	1.03e-04	1.31e-02	9.87e-01	0.00e+00	0.00e+00	0.00e+00	0.00e+00	0.00e+00
 1.27764e+14	7.82e-24	1.25e-17	4.86e-12	8.92e-08	1.19e-04	1.40e-02	9.86e-01	0.00e+00	0.00e+00	0.00e+00	0.00e+00	0.00e+00
 1.32460e+14	1.12e-23	1.71e-17	6.43e-12	1.10e-07	1.37e-04	1.51e-02	9.85e-01	0.00e+00	0.00e+00	0.00e+00	0.00e+00	0.00e+00
 1.37681e+14	1.69e-23	2.44e-17	8.69e-12	1.39e-07	1.59e-04	1.64e-02	9.83e-01	0.00e+00	0.00e+00	0.00e+00	0.00e+00	0.00e+00
 1.42753e+14	2.38e-23	3.33e-17	1.15e-11	1.72e-07	1.83e-04	1.76e-02	9.82e-01	0.00e+00	0.00e+00	0.00e+00	0.00e+00	0.00e+00
 1.48135e+14	3.53e-23	4.67e-17	1.53e-11	2.14e-07	2.12e-04	1.90e-02	9.81e-01	0.00e+00	0.00e+00	0.00e+00	0.00e+00	0.00e+00
 1.54090e+14	5.23e-23	6.62e-17	2.07e-11	2.70e-07	2.47e-04	2.06e-02	9.79e-01	0.00e+00	0.00e+00	0.00e+00	0.00e+00	0.00e+00
 1.60045e+14	7.73e-23	9.31e-17	2.78e-11	3.38e-07	2.87e-04	2.23e-02	9.77e-01	0.00e+00	0.00e+00	0.00e+00	0.00e+00	0.00e+00
 1.64999e+14	1.03e-22	1.21e-16	3.51e-11	4.04e-07	3.23e-04	2.38e-02	9.76e-01	0.00e+00	0.00e+00	0.00e+00	0.00e+00	0.00e+00
 1.68850e+14	1.29e-22	1.48e-16	4.19e-11	4.63e-07	3.54e-04	2.49e-02	9.75e-01	0.00e+00	0.00e+00	0.00e+00	0.00e+00	0.00e+00
 1.73027e+14	1.66e-22	1.84e-16	5.06e-11	5.35e-07	3.89e-04	2.62e-02	9.73e-01	0.00e+00	0.00e+00	0.00e+00	0.00e+00	0.00e+00
 1.78457e+14	2.23e-22	2.40e-16	6.41e-11	6.41e-07	4.39e-04	2.79e-02	9.72e-01	0.00e+00	0.00e+00	0.00e+00	0.00e+00	0.00e+00
 1.84335e+14	3.05e-22	3.18e-16	8.21e-11	7.76e-07	4.98e-04	2.99e-02	9.70e-01	0.00e+00	0.00e+00	0.00e+00	0.00e+00	0.00e+00
 1.89627e+14	4.07e-22	4.10e-16	1.02e-10	9.17e-07	5.57e-04	3.17e-02	9.68e-01	0.00e+00	0.00e+00	0.00e+00	0.00e+00	0.00e+00
 1.95340e+14	5.36e-22	5.27e-16	1.28e-10	1.09e-06	6.24e-04	3.38e-02	9.66e-01	0.00e+00	0.00e+00	0.00e+00	0.00e+00	0.00e+00
 2.02555e+14	7.63e-22	7.23e-16	1.69e-10	1.35e-06	7.19e-04	3.64e-02	9.63e-01	0.00e+00	0.00e+00	0.00e+00	0.00e+00	0.00e+00
 2.09828e+14	1.07e-21	9.82e-16	2.21e-10	1.66e-06	8.24e-04	3.92e-02	9.60e-01	0.00e+00	0.00e+00	0.00e+00	0.00e+00	0.00e+00
 2.15965e+14	1.42e-21	1.26e-15	2.75e-10	1.97e-06	9.21e-04	4.17e-02	9.57e-01	0.00e+00	0.00e+00	0.00e+00	0.00e+00	0.00e+00
 2.22521e+14	1.88e-21	1.64e-15	3.45e-10	2.35e-06	1.03e-03	4.44e-02	9.55e-01	0.00e+00	0.00e+00	0.00e+00	0.00e+00	0.00e+00
 2.30767e+14	2.65e-21	2.24e-15	4.55e-10	2.91e-06	1.19e-03	4.79e-02	9.51e-01	0.00e+00	0.00e+00	0.00e+00	0.00e+00	0.00e+00
 2.39305e+14	3.75e-21	3.07e-15	6.01e-10	3.60e-06	1.37e-03	5.17e-02	9.47e-01	0.00e+00	0.00e+00	0.00e+00	0.00e+00	0.00e+00
 2.46839e+14	5.06e-21	4.03e-15	7.61e-10	4.32e-06	1.54e-03	5.52e-02	9.43e-01	0.00e+00	0.00e+00	0.00e+00	0.00e+00	0.00e+00
 2.54969e+14	6.84e-21	5.32e-15	9.75e-10	5.22e-06	1.74e-03	5.91e-02	9.39e-01	0.00e+00	0.00e+00	0.00e+00	0.00e+00	0.00e+00
 2.64771e+14	9.81e-21	7.40e-15	1.30e-09	6.52e-06	2.02e-03	6.40e-02	9.34e-01	0.00e+00	0.00e+00	0.00e+00	0.00e+00	0.00e+00
 2.74474e+14	1.39e-20	1.02e-14	1.71e-09	8.05e-06	2.31e-03	6.90e-02	9.29e-01	0.00e+00	0.00e+00	0.00e+00	0.00e+00	0.00e+00
 2.83090e+14	1.87e-20	1.34e-14	2.17e-09	9.64e-06	2.60e-03	7.35e-02	9.24e-01	0.00e+00	0.00e+00	0.00e+00	0.00e+00	0.00e+00
 2.92564e+14	2.55e-20	1.78e-14	2.79e-09	1.17e-05	2.94e-03	7.88e-02	9.18e-01	0.00e+00	0.00e+00	0.00e+00	0.00e+00	0.00e+00
 3.03892e+14	3.69e-20	2.50e-14	3.73e-09	1.46e-05	3.40e-03	8.51e-02	9.11e-01	0.00e+00	0.00e+00	0.00e+00	0.00e+00	0.00e+00
 3.15177e+14	5.25e-20	3.45e-14	4.93e-09	1.80e-05	3.89e-03	9.17e-02	9.04e-01	0.00e+00	0.00e+00	0.00e+00	0.00e+00	0.00e+00
 3.25480e+14	7.24e-20	4.61e-14	6.31e-09	2.17e-05	4.39e-03	9.78e-02	8.98e-01	0.00e+00	0.00e+00	0.00e+00	0.00e+00	0.00e+00
 3.36961e+14	1.02e-19	6.30e-14	8.24e-09	2.66e-05	5.00e-03	1.05e-01	8.90e-01	0.00e+00	0.00e+00	0.00e+00	0.00e+00	0.00e+00
 3.50334e+14	1.50e-19	8.95e-14	1.11e-08	3.33e-05	5.78e-03	1.13e-01	8.81e-01	0.00e+00	0.00e+00	0.00e+00	0.00e+00	0.00e+00
 3.63500e+14	2.16e-19	1.25e-13	1.48e-08	4.12e-05	6.62e-03	1.22e-01	8.72e-01	0.00e+00	0.00e+00	0.00e+00	0.00e+00	0.00e+00
 3.75981e+14	3.03e-19	1.70e-13	1.91e-08	5.01e-05	7.50e-03	1.30e-01	8.62e-01	0.00e+00	0.00e+00	0.00e+00	0.00e+00	0.00e+00
 3.89838e+14	4.37e-19	2.37e-13	2.53e-08	6.17e-05	8.56e-03	1.39e-01	8.52e-01	0.00e+00	0.00e+00	0.00e+00	0.00e+00	0.00e+00
 4.02924e+14	5.97e-19	3.17e-13	3.25e-08	7.45e-05	9.65e-03	1.48e-01	8.42e-01	0.00e+00	0.00e+00	0.00e+00	0.00e+00	0.00e+00
 4.12699e+14	7.67e-19	3.97e-13	3.91e-08	8.54e-05	1.05e-02	1.55e-01	8.34e-01	0.00e+00	0.00e+00	0.00e+00	0.00e+00	0.00e+00
 4.22698e+14	9.97e-19	5.00e-13	4.70e-08	9.79e-05	1.15e-02	1.62e-01	8.26e-01	0.00e+00	0.00e+00	0.00e+00	0.00e+00	0.00e+00
 4.35697e+14	1.36e-18	6.62e-13	5.93e-08	1.16e-04	1.28e-02	1.72e-01	8.16e-01	0.00e+00	0.00e+00	0.00e+00	0.00e+00	0.00e+00
 4.49756e+14	1.89e-18	8.90e-13	7.57e-08	1.39e-04	1.43e-02	1.82e-01	8.04e-01	0.00e+00	0.00e+00	0.00e+00	0.00e+00	0.00e+00
 4.62368e+14	2.53e-18	1.15e-12	9.35e-08	1.63e-04	1.58e-02	1.91e-01	7.93e-01	0.00e+00	0.00e+00	0.00e+00	0.00e+00	0.00e+00
 4.75941e+14	3.40e-18	1.50e-12	1.17e-07	1.92e-04	1.75e-02	2.01e-01	7.82e-01	0.00e+00	0.00e+00	0.00e+00	0.00e+00	0.00e+00
 4.93300e+14	4.98e-18	2.11e-12	1.53e-07	2.34e-04	1.98e-02	2.13e-01	7.67e-01	0.00e+00	0.00e+00	0.00e+00	0.00e+00	0.00e+00
 5.10895e+14	7.15e-18	2.92e-12	2.00e-07	2.85e-04	2.24e-02	2.26e-01	7.51e-01	0.00e+00	0.00e+00	0.00e+00	0.00e+00	0.00e+00
 5.25576e+14	9.73e-18	3.82e-12	2.49e-07	3.33e-04	2.47e-02	2.37e-01	7.38e-01	0.00e+00	0.00e+00	0.00e+00	0.00e+00	0.00e+00
 5.41155e+14	1.33e-17	5.02e-12	3.10e-07	3.92e-04	2.73e-02	2.48e-01	7.24e-01	0.00e+00	0.00e+00	0.00e+00	0.00e+00	0.00e+00
 5.60974e+14	1.95e-17	7.03e-12	4.07e-07	4.77e-04	3.08e-02	2.62e-01	7.06e-01	0.00e+00	0.00e+00	0.00e+00	0.00e+00	0.00e+00
 5.81888e+14	2.92e-17	9.90e-12	5.36e-07	5.82e-04	3.48e-02	2.77e-01	6.88e-01	0.00e+00	0.00e+00	1.67e-17	8.85e-18	3.11e-18
 6.00638e+14	4.07e-17	1.33e-11	6.79e-07	6.91e-04	3.86e-02	2.90e-01	6.71e-01	0.00e+00	0.00e+00	2.33e-17	1.24e-17	4.33e-18
 6.20991e+14	5.67e-17	1.78e-11	8.69e-07	8.26e-04	4.30e-02	3.04e-01	6.53e-01	0.00e+00	0.00e+00	3.25e-17	1.72e-17	5.99e-18
 6.45160e+14	8.77e-17	2.58e-11	1.15e-06	1.01e-03	4.86e-02	3.20e-01	6.30e-01	0.00e+00	0.00e+00	5.03e-17	2.67e-17	9.22e-18
 6.68969e+14	1.30e-16	3.61e-11	1.51e-06	1.22e-03	5.45e-02	3.35e-01	6.09e-01	0.00e+00	0.00e+00	7.46e-17	3.95e-17	1.36e-17
 6.90624e+14	1.83e-16	4.85e-11	1.90e-06	1.44e-03	6.02e-02	3.48e-01	5.90e-01	0.00e+00	0.00e+00	1.05e-16	5.58e-17	1.91e-17
 7.14797e+14	2.58e-16	6.55e-11	2.44e-06	1.72e-03	6.68e-02	3.62e-01	5.69e-01	0.00e+00	0.00e+00	1.48e-16	7.83e-17	2.67e-17
 7.43044e+14	4.04e-16	9.51e-11	3.23e-06	2.10e-03	7.50e-02	3.78e-01	5.44e-01	0.00e+00	0.00e+00	2.33e-16	1.23e-16	4.17e-17
 7.70897e+14	6.02e-16	1.33e-10	4.20e-06	2.53e-03	8.35e-02	3.93e-01	5.21e-01	0.00e+00	0.00e+00	3.47e-16	1.83e-16	6.19e-17
 7.97221e+14	8.67e-16	1.81e-10	5.33e-06	2.99e-03	9.19e-02	4.06e-01	5.00e-01	0.00e+00	0.00e+00	5.00e-16	2.63e-16	8.87e-17
 8.26496e+14	1.24e-15	2.45e-10	6.86e-06	3.56e-03	1.02e-01	4.19e-01	4.76e-01	0.00e+00	0.00e+00	7.14e-16	3.75e-16	1.26e-16
 8.59586e+14	1.98e-15	3.59e-10	9.03e-06	4.31e-03	1.13e-01	4.32e-01	4.50e-01	0.00e+00	0.00e+00	1.14e-15	6.00e-16	2.01e-16
 8.87346e+14	2.79e-15	4.76e-10	1.12e-05	5.01e-03	1.23e-01	4.42e-01	4.29e-01	0.00e+00	0.00e+00	1.61e-15	8.46e-16	2.82e-16
 9.07327e+14	3.54e-15	5.80e-10	1.31e-05	5.57e-03	1.30e-01	4.49e-01	4.15e-01	0.00e+00	0.00e+00	2.05e-15	1.07e-15	3.58e-16
 9.28235e+14	4.53e-15	7.09e-10	1.53e-05	6.19e-03	1.38e-01	4.55e-01	4.00e-01	0.00e+00	0.00e+00	2.62e-15	1.37e-15	4.57e-16
 9.55415e+14	5.94e-15	8.94e-10	1.85e-05	7.06e-03	1.49e-01	4.63e-01	3.82e-01	0.00e+00	0.00e+00	3.44e-15	1.80e-15	5.98e-16
 9.85771e+14	8.65e-15	1.20e-09	2.29e-05	8.15e-03	1.60e-01	4.70e-01	3.61e-01	0.00e+00	0.00e+00	5.00e-15	2.62e-15	8.68e-16
 1.01411e+15	1.17e-14	1.54e-09	2.75e-05	9.25e-03	1.72e-01	4.75e-01	3.44e-01	0.00e+00	0.00e+00	6.78e-15	3.55e-15	1.17e-15
 1.04481e+15	1.54e-14	1.94e-09	3.34e-05	1.05e-02	1.84e-01	4.80e-01	3.25e-01	0.00e+00	0.00e+00	8.94e-15	4.68e-15	1.55e-15
 1.07945e+15	2.28e-14	2.63e-09	4.14e-05	1.22e-02	1.98e-01	4.85e-01	3.05e-01	0.00e+00	0.00e+00	1.32e-14	6.91e-15	2.27e-15
 1.11232e+15	3.10e-14	3.36e-09	5.01e-05	1.38e-02	2.11e-01	4.88e-01	2.87e-01	0.00e+00	0.00e+00	1.79e-14	9.39e-15	3.09e-15
 1.14816e+15	4.20e-14	4.32e-09	6.12e-05	1.58e-02	2.26e-01	4.89e-01	2.69e-01	0.00e+00	0.00e+00	2.43e-14	1.27e-14	4.18e-15
 1.18842e+15	6.31e-14	5.90e-09	7.61e-05	1.82e-02	2.42e-01	4.90e-01	2.49e-01	0.00e+00	0.00e+00	3.66e-14	1.91e-14	6.27e-15
 1.22657e+15	8.68e-14	7.61e-09	9.24e-05	2.07e-02	2.58e-01	4.90e-01	2.32e-01	0.00e+00	0.00e+00	5.04e-14	2.63e-14	8.62e-15
 1.26830e+15	1.19e-13	9.84e-09	1.13e-04	2.36e-02	2.74e-01	4.87e-01	2.15e-01	0.00e+00	0.00e+00	6.91e-14	3.61e-14	1.18e-14
 1.31506e+15	1.82e-13	1.36e-08	1.41e-04	2.72e-02	2.93e-01	4.84e-01	1.96e-01	0.00e+00	0.00e+00	1.06e-13	5.53e-14	1.80e-14
 1.35861e+15	2.53e-13	1.75e-08	1.71e-04	3.08e-02	3.10e-01	4.79e-01	1.81e-01	0.00e+00	0.00e+00	1.47e-13	7.66e-14	2.50e-14
 1.40550e+15	3.46e-13	2.25e-08	2.09e-04	3.49e-02	3.27e-01	4.72e-01	1.65e-01	0.00e+00	0.00e+00	2.01e-13	1.05e-13	3.42e-14
 1.45817e+15	5.32e-13	3.10e-08	2.59e-04	3.99e-02	3.46e-01	4.64e-01	1.49e-01	0.00e+00	0.00e+00	3.09e-13	1.61e-13	5.25e-14
 1.50747e+15	7.39e-13	3.99e-08	3.14e-04	4.49e-02	3.64e-01	4.55e-01	1.36e-01	0.00e+00	0.00e+00	4.29e-13	2.24e-13	7.28e-14
 1.56070e+15	1.02e-12	5.12e-08	3.81e-04	5.07e-02	3.81e-01	4.45e-01	1.23e-01	0.00e+00	0.00e+00	5.90e-13	3.08e-13	1.00e-13
 1.62055e+15	1.57e-12	7.04e-08	4.71e-04	5.76e-02	4.00e-01	4.32e-01	1.09e-01	0.00e+00	0.00e+00	9.12e-13	4.77e-13	1.55e-13
 1.67688e+15	2.19e-12	9.06e-08	5.68e-04	6.45e-02	4.17e-01	4.19e-01	9.83e-02	0.00e+00	0.00e+00	1.27e-12	6.64e-13	2.15e-13
 1.72839e+15	2.88e-12	1.12e-07	6.69e-04	7.11e-02	4.32e-01	4.07e-01	8.92e-02	0.00e+00	0.00e+00	1.67e-12	8.75e-13	2.83e-13
 1.78578e+15	3.98e-12	1.43e-07	7.97e-04	7.88e-02	4.47e-01	3.94e-01	8.00e-02	0.00e+00	0.00e+00	2.31e-12	1.21e-12	3.92e-13
 1.85041e+15	6.01e-12	1.92e-07	9.65e-04	8.81e-02	4.62e-01	3.78e-01	7.06e-02	0.00e+00	0.00e+00	3.49e-12	1.83e-12	5.91e-13
 1.91126e+15	8.18e-12	2.41e-07	1.14e-03	9.70e-02	4.76e-01	3.63e-01	6.30e-02	0.00e+00	0.00e+00	4.75e-12	2.48e-12	8.04e-13
 1.96359e+15	1.04e-11	2.90e-07	1.31e-03	1.05e-01	4.86e-01	3.51e-01	5.71e-02	0.00e+00	0.00e+00	6.05e-12	3.16e-12	1.02e-12
 2.01802e+15	1.36e-11	3.54e-07	1.51e-03	1.14e-01	4.96e-01	3.38e-01	5.16e-02	0.00e+00	0.00e+00	7.93e-12	4.14e-12	1.34e-12
 2.07915e+15	1.92e-11	4.50e-07	1.76e-03	1.24e-01	5.06e-01	3.23e-01	4.59e-02	0.00e+00	0.00e+00	1.12e-11	5.84e-12	1.89e-12
 2.13475e+15	2.46e-11	5.40e-07	2.01e-03	1.33e-01	5.14e-01	3.10e-01	4.14e-02	0.00e+00	0.00e+00	1.43e-11	7.48e-12	2.42e-12
 2.19280e+15	3.11e-11	6.45e-07	2.29e-03	1.43e-01	5.21e-01	2.97e-01	3.72e-02	0.00e+00	0.00e+00	1.81e-11	9.45e-12	3.06e-12
 2.26826e+15	4.55e-11	8.41e-07	2.72e-03	1.56e-01	5.29e-01	2.80e-01	3.22e-02	0.00e+00	0.00e+00	2.64e-11	1.38e-11	4.47e-12
 2.34316e+15	5.92e-11	1.03e-06	3.17e-03	1.69e-01	5.35e-01	2.64e-01	2.82e-02	0.00e+00	0.00e+00	3.44e-11	1.80e-11	5.82e-12
 2.40486e+15	8.05e-11	1.27e-06	3.61e-03	1.81e-01	5.40e-01	2.51e-01	2.51e-02	0.00e+00	0.00e+00	4.68e-11	2.45e-11	7.92e-12
 2.47261e+15	1.06e-10	1.54e-06	4.12e-03	1.94e-01	5.43e-01	2.37e-01	2.21e-02	0.00e+00	0.00e+00	6.15e-11	3.22e-11	1.04e-11
 2.56067e+15	1.41e-10	1.91e-06	4.85e-03	2.10e-01	5.46e-01	2.21e-01	1.89e-02	0.00e+00	0.00e+00	8.17e-11	4.28e-11	1.38e-11
 2.65113e+15	2.09e-10	2.51e-06	5.73e-03	2.28e-01	5.47e-01	2.04e-01	1.60e-02	0.00e+00	0.00e+00	1.22e-10	6.37e-11	2.06e-11
 2.72470e+15	2.69e-10	3.01e-06	6.50e-03	2.42e-01	5.46e-01	1.92e-01	1.40e-02	0.00e+00	0.00e+00	1.56e-10	8.18e-11	2.65e-11
 2.80037e+15	3.40e-10	3.58e-06	7.37e-03	2.57e-01	5.44e-01	1.79e-01	1.23e-02	0.00e+00	0.00e+00	1.98e-10	1.03e-10	3.35e-11
 2.89873e+15	5.04e-10	4.69e-06	8.68e-03	2.76e-01	5.41e-01	1.64e-01	1.02e-02	0.00e+00	0.00e+00	2.93e-10	1.54e-10	4.97e-11
 3.00012e+15	6.86e-10	5.86e-06	1.01e-02	2.96e-01	5.35e-01	1.50e-01	8.59e-03	0.00e+00	0.00e+00	3.99e-10	2.09e-10	6.77e-11
 3.08306e+15	8.66e-10	6.95e-06	1.14e-02	3.12e-01	5.30e-01	1.39e-01	7.44e-03	0.00e+00	0.00e+00	5.04e-10	2.64e-10	8.55e-11
 3.16851e+15	1.13e-09	8.39e-06	1.30e-02	3.29e-01	5.23e-01	1.29e-01	6.39e-03	0.00e+00	0.00e+00	6.57e-10	3.44e-10	1.11e-10
 3.27960e+15	1.69e-09	1.10e-05	1.52e-02	3.50e-01	5.13e-01	1.16e-01	5.22e-03	0.00e+00	0.00e+00	9.83e-10	5.15e-10	1.67e-10
 3.38703e+15	2.25e-09	1.36e-05	1.75e-02	3.71e-01	5.02e-01	1.05e-01	4.34e-03	0.00e+00	0.00e+00	1.31e-09	6.87e-10	2.23e-10
 3.46833e+15	2.77e-09	1.58e-05	1.95e-02	3.86e-01	4.93e-01	9.74e-02	3.78e-03	0.00e+00	0.00e+00	1.61e-09	8.44e-10	2.74e-10
 3.54123e+15	3.52e-09	1.86e-05	2.14e-02	4.00e-01	4.85e-01	9.07e-02	3.31e-03	0.00e+00	0.00e+00	2.05e-09	1.07e-09	3.49e-10
 3.61136e+15	4.17e-09	2.10e-05	2.34e-02	4.12e-01	4.76e-01	8.49e-02	2.94e-03	0.00e+00	0.00e+00	2.42e-09	1.27e-09	4.12e-10
 3.68936e+15	5.14e-09	2.44e-05	2.58e-02	4.26e-01	4.67e-01	7.86e-02	2.57e-03	0.00e+00	0.00e+00	2.99e-09	1.57e-09	5.09e-10
 3.79076e+15	7.19e-09	3.07e-05	2.94e-02	4.45e-01	4.53e-01	7.09e-02	2.13e-03	0.00e+00	0.00e+00	4.19e-09	2.20e-09	7.13e-10
 3.89803e+15	9.31e-09	3.70e-05	3.32e-02	4.63e-01	4.38e-01	6.38e-02	1.77e-03	0.00e+00	0.00e+00	5.42e-09	2.84e-09	9.24e-10
 3.99379e+15	1.15e-08	4.33e-05	3.71e-02	4.79e-01	4.25e-01	5.80e-02	1.51e-03	0.00e+00	0.00e+00	6.72e-09	3.52e-09	1.15e-09
 4.08199e+15	1.45e-08	5.10e-05	4.11e-02	4.93e-01	4.12e-01	5.30e-02	1.29e-03	0.00e+00	0.00e+00	8.46e-09	4.44e-09	1.44e-09
 4.16356e+15	1.80e-08	5.94e-05	4.51e-02	5.05e-01	4.00e-01	4.87e-02	1.11e-03	0.00e+00	0.00e+00	1.05e-08	5.50e-09	1.79e-09
 4.25366e+15	2.27e-08	6.99e-05	5.00e-02	5.19e-01	3.86e-01	4.42e-02	9.48e-04	0.00e+00	0.00e+00	1.32e-08	6.93e-09	2.26e-09
 4.35151e+15	2.90e-08	8.33e-05	5.58e-02	5.33e-01	3.71e-01	3.98e-02	7.96e-04	0.00e+00	0.00e+00	1.69e-08	8.86e-09	2.89e-09
 4.43886e+15	3.64e-08	9.78e-05	6.15e-02	5.44e-01	3.57e-01	3.62e-02	6.80e-04	0.00e+00	0.00e+00	2.12e-08	1.11e-08	3.62e-09
 4.51802e+15	4.48e-08	1.13e-04	6.73e-02	5.54e-01	3.45e-01	3.31e-02	5.87e-04	0.00e+00	0.00e+00	2.61e-08	1.37e-08	4.47e-09
 4.60710e+15	5.89e-08	1.37e-04	7.46e-02	5.65e-01	3.30e-01	2.98e-02	4.93e-04	0.00e+00	0.00e+00	3.43e-08	1.80e-08	5.87e-09
 4.69985e+15	7.46e-08	1.62e-04	8.26e-02	5.74e-01	3.16e-01	2.68e-02	4.15e-04	0.00e+00	0.00e+00	4.34e-08	2.28e-08	7.44e-09
 4.78172e+15	9.26e-08	1.88e-04	9.06e-02	5.82e-01	3.02e-01	2.43e-02	3.54e-04	0.00e+00	0.00e+00	5.39e-08	2.83e-08	9.24e-09
 4.87251e+15	1.13e-07	2.18e-04	1.00e-01	5.90e-01	2.87e-01	2.18e-02	2.98e-04	0.00e+00	0.00e+00	6.56e-08	3.45e-08	1.13e-08
 4.99054e+15	1.68e-07	2.87e-04	1.15e-01	5.98e-01	2.67e-01	1.85e-02	2.31e-04	0.00e+00	0.00e+00	9.80e-08	5.15e-08	1.68e-08
 5.10007e+15	2.17e-07	3.46e-04	1.30e-01	6.04e-01	2.50e-01	1.61e-02	1.87e-04	0.00e+00	0.00e+00	1.26e-07	6.64e-08	2.17e-08
 5.17745e+15	2.60e-07	3.96e-04	1.42e-01	6.06e-01	2.37e-01	1.45e-02	1.59e-04	0.00e+00	0.00e+00	1.51e-07	7.95e-08	2.60e-08
 5.25694e+15	3.24e-07	4.65e-04	1.56e-01	6.07e-01	2.23e-01	1.29e-02	1.34e-04	0.00e+00	0.00e+00	1.89e-07	9.93e-08	3.25e-08
 5.34414e+15	4.52e-07	5.82e-04	1.74e-01	6.06e-01	2.08e-01	1.12e-02	1.08e-04	0.00e+00	0.00e+00	2.63e-07	1.38e-07	4.54e-08
 5.41417e+15	5.53e-07	6.73e-04	1.89e-01	6.03e-01	1.96e-01	1.01e-02	9.15e-05	0.00e+00	0.00e+00	3.22e-07	1.69e-07	5.55e-08
 5.47800e+15	6.83e-07	7.81e-04	2.05e-01	6.00e-01	1.85e-01	9.02e-03	7.76e-05	0.00e+00	0.00e+00	3.98e-07	2.09e-07	6.86e-08
 5.54298e+15	8.31e-07	8.99e-04	2.22e-01	5.95e-01	1.74e-01	8.07e-03	6.59e-05	0.00e+00	0.00e+00	4.84e-07	2.55e-07	8.35e-08
 5.59638e+15	9.88e-07	1.02e-03	2.38e-01	5.89e-01	1.65e-01	7.32e-03	5.72e-05	0.00e+00	0.00e+00	5.75e-07	3.03e-07	9.93e-08
 5.64507e+15	1.16e-06	1.14e-03	2.53e-01	5.83e-01	1.56e-01	6.67e-03	5.00e-05	0.00e+00	0.00e+00	6.76e-07	3.56e-07	1.17e-07
 5.70068e+15	1.33e-06	1.26e-03	2.71e-01	5.75e-01	1.46e-01	6.00e-03	4.31e-05	0.00e+00	0.00e+00	7.71e-07	4.06e-07	1.33e-07
 5.77297e+15	1.78e-06	1.55e-03	2.99e-01	5.61e-01	1.33e-01	5.10e-03	3.42e-05	0.00e+00	0.00e+00	1.04e-06	5.47e-07	1.80e-07
 5.83646e+15	2.12e-06	1.76e-03	3.24e-01	5.48e-01	1.23e-01	4.46e-03	2.83e-05	0.00e+00	0.00e+00	1.24e-06	6.51e-07	2.14e-07
 5.87953e+15	2.63e-06	2.04e-03	3.44e-01	5.35e-01	1.15e-01	3.98e-03	2.41e-05	0.00e+00	0.00e+00	1.53e-06	8.07e-07	2.65e-07
 5.91685e+15	3.08e-06	2.27e-03	3.62e-01	5.24e-01	1.08e-01	3.61e-03	2.10e-05	0.00e+00	0.00e+00	1.79e-06	9.44e-07	3.11e-07
 5.95567e+15	3.53e-06	2.51e-03	3.81e-01	5.12e-01	1.01e-01	3.26e-03	1.83e-05	0.00e+00	0.00e+00	2.06e-06	1.08e-06	3.57e-07
 6.00614e+15	4.33e-06	2.89e-03	4.08e-01	4.94e-01	9.22e-02	2.82e-03	1.49e-05	0.00e+00	0.00e+00	2.52e-06	1.33e-06	4.37e-07
 6.05817e+15	5.33e-06	3.34e-03	4.37e-01	4.74e-01	8.33e-02	2.41e-03	1.21e-05	0.00e+00	0.00e+00	3.10e-06	1.64e-06	5.39e-07
 6.10038e+15	6.47e-06	3.80e-03	4.63e-01	4.55e-01	7.61e-02	2.09e-03	9.96e-06	0.00e+00	0.00e+00	3.76e-06	1.99e-06	6.54e-07
 6.13581e+15	7.52e-06	4.21e-03	4.85e-01	4.39e-01	7.02e-02	1.85e-03	8.45e-06	0.00e+00	0.00e+00	4.37e-06	2.31e-06	7.61e-07
 6.17427e+15	8.43e-06	4.58e-03	5.09e-01	4.21e-01	6.41e-02	1.62e-03	7.13e-06	0.00e+00	0.00e+00	4.90e-06	2.59e-06	8.54e-07
 6.22427e+15	1.10e-05	5.47e-03	5.44e-01	3.93e-01	5.58e-02	1.32e-03	5.40e-06	0.00e+00	0.00e+00	6.39e-06	3.37e-06	1.11e-06
 6.27083e+15	1.29e-05	6.11e-03	5.74e-01	3.70e-01	4.92e-02	1.10e-03	4.26e-06	0.00e+00	0.00e+00	7.49e-06	3.96e-06	1.31e-06
 6.31292e+15	1.57e-05	6.98e-03	6.04e-01	3.45e-01	4.30e-02	9.06e-04	3.31e-06	0.00e+00	0.00e+00	9.14e-06	4.83e-06	1.60e-06
 6.35734e+15	2.05e-05	8.28e-03	6.38e-01	3.16e-01	3.69e-02	7.20e-04	2.43e-06	0.00e+00	0.00e+00	1.19e-05	6.29e-06	2.08e-06
 6.39207e+15	2.39e-05	9.17e-03	6.62e-01	2.96e-01	3.26e-02	6.05e-04	1.94e-06	0.00e+00	0.00e+00	1.39e-05	7.36e-06	2.44e-06
 6.42451e+15	2.78e-05	1.01e-02	6.85e-01	2.76e-01	2.87e-02	5.06e-04	1.54e-06	0.00e+00	0.00e+00	1.62e-05	8.55e-06	2.83e-06
 6.46667e+15	3.45e-05	1.16e-02	7.15e-01	2.49e-01	2.41e-02	3.93e-04	1.11e-06	0.00e+00	0.00e+00	2.00e-05	1.06e-05	3.51e-06
 6.51026e+15	4.22e-05	1.32e-02	7.43e-01	2.24e-01	2.00e-02	3.02e-04	7.95e-07	0.00e+00	0.00e+00	2.46e-05	1.30e-05	4.31e-06
 6.54731e+15	5.05e-05	1.48e-02	7.66e-01	2.02e-01	1.68e-02	2.37e-04	0.00e+00	0.00e+00	0.00e+00	2.94e-05	1.55e-05	5.15e-06
 6.57596e+15	5.76e-05	1.60e-02	7.83e-01	1.87e-01	1.47e-02	1.96e-04	0.00e+00	0.00e+00	0.00e+00	3.35e-05	1.77e-05	5.88e-06
 6.59777e+15	6.38e-05	1.71e-02	7.95e-01	1.75e-01	1.31e-02	1.68e-04	0.00e+00	0.00e+00	0.00e+00	3.71e-05	1.96e-05	6.53e-06
 6.62183e+15	7.16e-05	1.83e-02	8.08e-01	1.62e-01	1.16e-02	1.41e-04	0.00e+00	0.00e+00	0.00e+00	4.16e-05	2.20e-05	7.32e-06
 6.65311e+15	8.34e-05	2.01e-02	8.24e-01	1.46e-01	9.73e-03	1.11e-04	0.00e+00	0.00e+00	0.00e+00	4.85e-05	2.57e-05	8.54e-06
 6.68488e+15	9.64e-05	2.19e-02	8.38e-01	1.32e-01	8.17e-03	8.68e-05	0.00e+00	0.00e+00	0.00e+00	5.60e-05	2.97e-05	9.88e-06
 6.71107e+15	1.09e-04	2.36e-02	8.49e-01	1.20e-01	7.05e-03	7.05e-05	0.00e+00	0.00e+00	0.00e+00	6.34e-05	3.35e-05	1.12e-05
 6.73891e+15	1.24e-04	2.54e-02	8.60e-01	1.09e-01	5.96e-03	5.59e-05	0.00e+00	0.00e+00	0.00e+00	7.22e-05	3.82e-05	1.27e-05
 6.77007e+15	1.43e-04	2.76e-02	8.70e-01	9.69e-02	4.94e-03	4.30e-05	0.00e+00	0.00e+00	0.00e+00	8.33e-05	4.41e-05	1.47e-05
 6.79949e+15	1.63e-04	2.98e-02	8.79e-01	8.69e-02	4.13e-03	3.35e-05	0.00e+00	0.00e+00	0.00e+00	9.48e-05	5.02e-05	1.68e-05
 6.83164e+15	1.89e-04	3.24e-02	8.87e-01	7.67e-02	3.36e-03	2.51e-05	0.00e+00	0.00e+00	0.00e+00	1.10e-04	5.80e-05	1.94e-05
 6.86589e+15	2.19e-04	3.52e-02	8.95e-01	6.72e-02	2.70e-03	1.86e-05	0.00e+00	0.00e+00	0.00e+00	1.27e-04	6.74e-05	2.25e-05
 6.89581e+15	2.49e-04	3.78e-02	9.00e-01	5.99e-02	2.24e-03	1.43e-05	0.00e+00	0.00e+00	0.00e+00	1.45e-04	7.66e-05	2.56e-05
 6.92763e+15	2.86e-04	4.08e-02	9.05e-01	5.26e-02	1.81e-03	1.06e-05	0.00e+00	0.00e+00	0.00e+00	1.66e-04	8.80e-05	2.94e-05
 6.96264e+15	3.31e-04	4.42e-02	9.08e-01	4.58e-02	1.44e-03	7.67e-06	0.00e+00	0.00e+00	0.00e+00	1.92e-04	1.02e-04	3.41e-05
 6.99446e+15	3.78e-04	4.75e-02	9.11e-01	4.03e-02	1.17e-03	5.71e-06	0.00e+00	0.00e+00	0.00e+00	2.20e-04	1.16e-04	3.90e-05
 7.02396e+15	4.27e-04	5.08e-02	9.12e-01	3.57e-02	9.61e-04	4.33e-06	0.00e+00	0.00e+00	0.00e+00	2.49e-04	1.32e-04	4.41e-05
 7.05781e+15	4.92e-04	5.48e-02	9.13e-01	3.11e-02	7.63e-04	3.12e-06	0.00e+00	0.00e+00	0.00e+00	2.86e-04	1.51e-04	5.08e-05
 7.09482e+15	5.71e-04	5.94e-02	9.13e-01	2.68e-02	5.98e-04	2.21e-06	0.00e+00	0.00e+00	0.00e+00	3.32e-04	1.76e-04	5.90e-05
 7.12806e+15	6.54e-04	6.38e-02	9.12e-01	2.34e-02	4.80e-04	1.61e-06	0.00e+00	0.00e+00	0.00e+00	3.81e-04	2.02e-04	6.76e-05
 7.15850e+15	7.40e-04	6.81e-02	9.10e-01	2.07e-02	3.93e-04	1.21e-06	0.00e+00	0.00e+00	0.00e+00	4.30e-04	2.28e-04	7.65e-05
 7.19323e+15	8.53e-04	7.34e-02	9.07e-01	1.79e-02	3.10e-04	8.59e-07	0.00e+00	0.00e+00	0.00e+00	4.96e-04	2.63e-04	8.82e-05
 7.23126e+15	9.94e-04	7.97e-02	9.04e-01	1.53e-02	2.41e-04	0.00e+00	0.00e+00	0.00e+00	0.00e+00	5.78e-04	3.06e-04	1.03e-04
 7.26542e+15	1.14e-03	8.56e-02	9.00e-01	1.34e-02	1.93e-04	0.00e+00	0.00e+00	0.00e+00	0.00e+00	6.62e-04	3.50e-04	1.18e-04
 7.30165e+15	1.32e-03	9.27e-02	8.94e-01	1.15e-02	1.51e-04	0.00e+00	0.00e+00	0.00e+00	0.00e+00	7.69e-04	4.07e-04	1.37e-04
 7.34005e+15	1.55e-03	1.01e-01	8.88e-01	9.83e-03	1.18e-04	0.00e+00	0.00e+00	0.00e+00	0.00e+00	9.02e-04	4.77e-04	1.60e-04
 7.37331e+15	1.78e-03	1.08e-01	8.81e-01	8.59e-03	9.49e-05	0.00e+00	0.00e+00	0.00e+00	0.00e+00	1.04e-03	5.48e-04	1.84e-04
 7.40393e+15	2.02e-03	1.16e-01	8.74e-01	7.56e-03	7.75e-05	0.00e+00	0.00e+00	0.00e+00	0.00e+00	1.18e-03	6.23e-04	2.09e-04
 7.43908e+15	2.34e-03	1.25e-01	8.66e-01	6.53e-03	6.12e-05	0.00e+00	0.00e+00	0.00e+00	0.00e+00	1.36e-03	7.20e-04	2.42e-04
 7.47819e+15	2.77e-03	1.37e-01	8.55e-01	5.54e-03	4.73e-05	0.00e+00	0.00e+00	0.00e+00	0.00e+00	1.61e-03	8.52e-04	2.86e-04
 7.51333e+15	3.22e-03	1.48e-01	8.44e-01	4.78e-03	3.76e-05	0.00e+00	0.00e+00	0.00e+00	0.00e+00	1.88e-03	9.93e-04	3.34e-04
 7.54429e+15	3.70e-03	1.59e-01	8.33e-01	4.19e-03	3.06e-05	0.00e+00	0.00e+00	0.00e+00	0.00e+00	2.15e-03	1.14e-03	3.83e-04
 7.57892e+15	4.30e-03	1.72e-01	8.20e-01	3.60e-03	2.41e-05	0.00e+00	0.00e+00	0.00e+00	0.00e+00	2.50e-03	1.32e-03	4.45e-04
 7.61805e+15	5.13e-03	1.89e-01	8.03e-01	3.03e-03	1.85e-05	0.00e+00	0.00e+00	0.00e+00	0.00e+00	2.99e-03	1.58e-03	5.31e-04
