#depth	C	C+	C+2	C+3	C+4	C+5	C+6	C[1]	C[2]	C[3]	C+[1]	C+[2]	CO
 1.49634e+10	0.00e+00	5.56e-28	2.80e-19	4.10e-11	2.07e-02	9.34e-01	4.56e-02	0.00e+00	0.00e+00	0.00e+00	0.00e+00	0.00e+00	0.00e+00
 4.54887e+10	1.48e-37	8.05e-28	3.72e-19	4.97e-11	2.29e-02	9.35e-01	4.17e-02	0.00e+00	0.00e+00	0.00e+00	0.00e+00	0.00e+00	4.63e-123
 7.72350e+10	0.00e+00	1.17e-27	4.94e-19	6.02e-11	2.53e-02	9.37e-01	3.82e-02	0.00e+00	0.00e+00	0.00e+00	0.00e+00	0.00e+00	0.00e+00
 1.10251e+11	3.72e-37	1.69e-27	6.56e-19	7.30e-11	2.80e-02	9.37e-01	3.49e-02	0.00e+00	0.00e+00	0.00e+00	0.00e+00	0.00e+00	5.24e-122
 1.43322e+11	0.00e+00	2.42e-27	8.64e-19	8.79e-11	3.09e-02	9.37e-01	3.19e-02	0.00e+00	0.00e+00	0.00e+00	0.00e+00	0.00e+00	0.00e+00
 1.77716e+11	9.10e-37	3.47e-27	1.14e-18	1.06e-10	3.40e-02	9.37e-01	2.92e-02	0.00e+00	0.00e+00	0.00e+00	0.00e+00	0.00e+00	5.50e-121
 2.14752e+11	0.00e+00	5.04e-27	1.52e-18	1.29e-10	3.76e-02	9.36e-01	2.66e-02	0.00e+00	0.00e+00	0.00e+00	0.00e+00	0.00e+00	0.00e+00
 2.51289e+11	2.25e-36	7.20e-27	1.99e-18	1.54e-10	4.13e-02	9.34e-01	2.43e-02	0.00e+00	0.00e+00	0.00e+00	0.00e+00	0.00e+00	5.95e-120
 2.89287e+11	0.00e+00	1.03e-26	2.62e-18	1.86e-10	4.54e-02	9.32e-01	2.22e-02	0.00e+00	0.00e+00	0.00e+00	0.00e+00	0.00e+00	0.00e+00
 3.30785e+11	5.59e-36	1.50e-26	3.50e-18	2.26e-10	5.02e-02	9.30e-01	2.01e-02	0.00e+00	0.00e+00	0.00e+00	0.00e+00	0.00e+00	6.47e-119
 3.73019e+11	0.00e+00	2.16e-26	4.64e-18	2.73e-10	5.53e-02	9.26e-01	1.83e-02	0.00e+00	0.00e+00	0.00e+00	0.00e+00	0.00e+00	0.00e+00
 4.16941e+11	1.40e-35	3.13e-26	6.16e-18	3.30e-10	6.08e-02	9.23e-01	1.66e-02	0.00e+00	0.00e+00	0.00e+00	0.00e+00	0.00e+00	7.11e-118
 4.63546e+11	0.00e+00	4.56e-26	8.23e-18	4.01e-10	6.71e-02	9.18e-01	1.50e-02	0.00e+00	0.00e+00	0.00e+00	0.00e+00	0.00e+00	0.00e+00
 5.12014e+11	3.55e-35	6.63e-26	1.10e-17	4.87e-10	7.39e-02	9.13e-01	1.35e-02	0.00e+00	0.00e+00	0.00e+00	0.00e+00	0.00e+00	8.19e-117
 5.55825e+11	0.00e+00	9.21e-26	1.42e-17	5.77e-10	8.04e-02	9.07e-01	1.24e-02	0.00e+00	0.00e+00	0.00e+00	0.00e+00	0.00e+00	7.67e-100
 5.92284e+11	7.39e-35	1.20e-25	1.73e-17	6.61e-10	8.60e-02	9.03e-01	1.15e-02	0.00e+00	0.00e+00	0.00e+00	0.00e+00	0.00e+00	0.00e+00
 6.32205e+11	1.05e-34	1.58e-25	2.15e-17	7.64e-10	9.24e-02	8.97e-01	1.06e-02	0.00e+00	0.00e+00	0.00e+00	0.00e+00	0.00e+00	1.38e-115
 6.82828e+11	1.60e-34	2.23e-25	2.81e-17	9.13e-10	1.01e-01	8.90e-01	9.61e-03	0.00e+00	0.00e+00	0.00e+00	0.00e+00	0.00e+00	2.12e-97
 7.35673e+11	2.45e-34	3.15e-25	3.67e-17	1.09e-09	1.10e-01	8.81e-01	8.69e-03	0.00e+00	0.00e+00	0.00e+00	0.00e+00	0.00e+00	0.00e+00
 7.80465e+11	3.47e-34	4.17e-25	4.56e-17	1.26e-09	1.18e-01	8.74e-01	8.00e-03	0.00e+00	0.00e+00	0.00e+00	0.00e+00	0.00e+00	3.20e-114
 8.26480e+11	4.89e-34	5.51e-25	5.66e-17	1.46e-09	1.26e-01	8.66e-01	7.36e-03	0.00e+00	0.00e+00	0.00e+00	0.00e+00	0.00e+00	2.46e-96
 8.84502e+11	7.44e-34	7.74e-25	7.37e-17	1.74e-09	1.37e-01	8.56e-01	6.64e-03	0.00e+00	0.00e+00	0.00e+00	0.00e+00	0.00e+00	0.00e+00
 9.43479e+11	1.12e-33	1.08e-24	9.53e-17	2.07e-09	1.49e-01	8.45e-01	5.99e-03	0.00e+00	0.00e+00	0.00e+00	0.00e+00	0.00e+00	6.97e-113
 9.93961e+11	1.57e-33	1.41e-24	1.18e-16	2.38e-09	1.59e-01	8.35e-01	5.49e-03	0.00e+00	0.00e+00	0.00e+00	0.00e+00	0.00e+00	3.10e-95
 1.04805e+12	2.21e-33	1.87e-24	1.46e-16	2.75e-09	1.70e-01	8.25e-01	5.02e-03	0.00e+00	0.00e+00	0.00e+00	0.00e+00	0.00e+00	4.21e-112
 1.11516e+12	3.34e-33	2.61e-24	1.90e-16	3.27e-09	1.84e-01	8.11e-01	4.50e-03	0.00e+00	0.00e+00	0.00e+00	0.00e+00	0.00e+00	1.62e-94
 1.18404e+12	5.00e-33	3.62e-24	2.45e-16	3.88e-09	1.99e-01	7.97e-01	4.03e-03	0.00e+00	0.00e+00	0.00e+00	0.00e+00	0.00e+00	3.66e-111
 1.24587e+12	7.06e-33	4.79e-24	3.05e-16	4.49e-09	2.12e-01	7.84e-01	3.67e-03	0.00e+00	0.00e+00	0.00e+00	0.00e+00	0.00e+00	8.29e-94
 1.31371e+12	1.02e-32	6.43e-24	3.84e-16	5.23e-09	2.27e-01	7.69e-01	3.31e-03	0.00e+00	0.00e+00	0.00e+00	0.00e+00	0.00e+00	2.44e-110
 1.39406e+12	1.53e-32	8.97e-24	4.99e-16	6.21e-09	2.45e-01	7.52e-01	2.94e-03	0.00e+00	0.00e+00	0.00e+00	0.00e+00	0.00e+00	4.53e-93
 1.47465e+12	2.27e-32	1.23e-23	6.40e-16	7.32e-09	2.63e-01	7.34e-01	2.61e-03	0.00e+00	0.00e+00	0.00e+00	0.00e+00	0.00e+00	2.13e-109
 1.55092e+12	3.23e-32	1.64e-23	8.01e-16	8.49e-09	2.80e-01	7.17e-01	2.35e-03	0.00e+00	0.00e+00	0.00e+00	0.00e+00	0.00e+00	2.34e-92
 1.63536e+12	4.70e-32	2.22e-23	1.01e-15	9.92e-09	2.99e-01	6.99e-01	2.09e-03	0.00e+00	0.00e+00	0.00e+00	0.00e+00	0.00e+00	1.54e-108
 1.73070e+12	7.02e-32	3.08e-23	1.31e-15	1.17e-08	3.21e-01	6.78e-01	1.84e-03	0.00e+00	0.00e+00	0.00e+00	0.00e+00	0.00e+00	1.30e-91
 1.82576e+12	1.03e-31	4.19e-23	1.66e-15	1.37e-08	3.42e-01	6.57e-01	1.63e-03	0.00e+00	0.00e+00	0.00e+00	0.00e+00	0.00e+00	1.32e-107
 1.90961e+12	1.41e-31	5.43e-23	2.04e-15	1.56e-08	3.60e-01	6.39e-01	1.46e-03	0.00e+00	0.00e+00	0.00e+00	0.00e+00	0.00e+00	6.17e-91
 1.97988e+12	1.83e-31	6.69e-23	2.40e-15	1.74e-08	3.75e-01	6.24e-01	1.34e-03	0.00e+00	0.00e+00	0.00e+00	0.00e+00	0.00e+00	6.54e-107
 2.05546e+12	2.39e-31	8.31e-23	2.84e-15	1.94e-08	3.91e-01	6.08e-01	1.22e-03	0.00e+00	0.00e+00	0.00e+00	0.00e+00	0.00e+00	2.01e-90
 2.15370e+12	3.33e-31	1.09e-22	3.50e-15	2.22e-08	4.12e-01	5.87e-01	1.09e-03	0.00e+00	0.00e+00	0.00e+00	0.00e+00	0.00e+00	3.53e-106
 2.25650e+12	4.65e-31	1.42e-22	4.31e-15	2.54e-08	4.33e-01	5.66e-01	9.63e-04	0.00e+00	0.00e+00	0.00e+00	0.00e+00	0.00e+00	9.06e-90
 2.34418e+12	6.10e-31	1.77e-22	5.12e-15	2.83e-08	4.50e-01	5.49e-01	8.71e-04	0.00e+00	0.00e+00	0.00e+00	0.00e+00	0.00e+00	1.96e-105
 2.43715e+12	8.05e-31	2.22e-22	6.09e-15	3.17e-08	4.68e-01	5.31e-01	7.85e-04	0.00e+00	0.00e+00	0.00e+00	0.00e+00	0.00e+00	3.18e-89
 2.55445e+12	1.13e-30	2.91e-22	7.50e-15	3.62e-08	4.90e-01	5.09e-01	6.90e-04	0.00e+00	0.00e+00	0.00e+00	0.00e+00	0.00e+00	1.13e-104
 2.67532e+12	1.57e-30	3.79e-22	9.22e-15	4.12e-08	5.12e-01	4.88e-01	6.06e-04	0.00e+00	0.00e+00	0.00e+00	0.00e+00	0.00e+00	1.47e-88
 2.78129e+12	2.06e-30	4.74e-22	1.09e-14	4.59e-08	5.30e-01	4.69e-01	5.43e-04	0.00e+00	0.00e+00	0.00e+00	0.00e+00	0.00e+00	6.57e-104
 2.89599e+12	2.75e-30	5.97e-22	1.31e-14	5.13e-08	5.49e-01	4.50e-01	4.83e-04	0.00e+00	0.00e+00	0.00e+00	0.00e+00	0.00e+00	5.45e-88
 3.02315e+12	3.73e-30	7.63e-22	1.58e-14	5.78e-08	5.69e-01	4.30e-01	4.25e-04	0.00e+00	0.00e+00	0.00e+00	0.00e+00	0.00e+00	3.73e-103
 3.14111e+12	4.89e-30	9.49e-22	1.87e-14	6.41e-08	5.87e-01	4.12e-01	3.79e-04	0.00e+00	0.00e+00	0.00e+00	0.00e+00	0.00e+00	2.11e-87
 3.26904e+12	6.49e-30	1.19e-21	2.22e-14	7.14e-08	6.06e-01	3.94e-01	3.36e-04	0.00e+00	0.00e+00	0.00e+00	0.00e+00	0.00e+00	1.93e-102
 3.41126e+12	8.76e-30	1.52e-21	2.67e-14	8.00e-08	6.25e-01	3.75e-01	2.94e-04	0.00e+00	0.00e+00	0.00e+00	0.00e+00	0.00e+00	8.40e-87
 3.54385e+12	1.15e-29	1.88e-21	3.15e-14	8.85e-08	6.42e-01	3.57e-01	2.61e-04	0.00e+00	0.00e+00	0.00e+00	0.00e+00	0.00e+00	1.06e-101
 3.68803e+12	1.52e-29	2.35e-21	3.74e-14	9.83e-08	6.60e-01	3.40e-01	2.30e-04	0.00e+00	0.00e+00	0.00e+00	0.00e+00	0.00e+00	3.14e-86
 3.84843e+12	2.05e-29	2.99e-21	4.49e-14	1.10e-07	6.78e-01	3.21e-01	2.00e-04	0.00e+00	0.00e+00	0.00e+00	0.00e+00	0.00e+00	6.16e-101
 3.99843e+12	2.68e-29	3.70e-21	5.28e-14	1.21e-07	6.94e-01	3.05e-01	1.77e-04	0.00e+00	0.00e+00	0.00e+00	0.00e+00	0.00e+00	1.24e-85
 4.16193e+12	3.55e-29	4.63e-21	6.25e-14	1.34e-07	7.11e-01	2.89e-01	1.55e-04	0.00e+00	0.00e+00	0.00e+00	0.00e+00	0.00e+00	3.32e-100
 4.34447e+12	4.78e-29	5.88e-21	7.49e-14	1.49e-07	7.28e-01	2.72e-01	1.34e-04	0.00e+00	0.00e+00	0.00e+00	0.00e+00	0.00e+00	5.14e-85
 4.51622e+12	6.28e-29	7.30e-21	8.82e-14	1.65e-07	7.43e-01	2.57e-01	1.17e-04	0.00e+00	0.00e+00	0.00e+00	0.00e+00	0.00e+00	1.95e-99
 4.70394e+12	8.34e-29	9.15e-21	1.04e-13	1.82e-07	7.58e-01	2.42e-01	1.02e-04	0.00e+00	0.00e+00	0.00e+00	0.00e+00	0.00e+00	2.04e-84
 4.91417e+12	1.13e-28	1.17e-20	1.25e-13	2.02e-07	7.73e-01	2.27e-01	8.76e-05	0.00e+00	0.00e+00	0.00e+00	0.00e+00	0.00e+00	1.23e-98
 5.11335e+12	1.49e-28	1.45e-20	1.48e-13	2.23e-07	7.87e-01	2.13e-01	7.62e-05	0.00e+00	0.00e+00	0.00e+00	0.00e+00	0.00e+00	8.75e-84
 5.32752e+12	1.99e-28	1.82e-20	1.75e-13	2.46e-07	8.00e-01	2.00e-01	6.60e-05	0.00e+00	0.00e+00	0.00e+00	0.00e+00	0.00e+00	7.30e-98
 5.57055e+12	2.71e-28	2.33e-20	2.09e-13	2.73e-07	8.14e-01	1.86e-01	5.62e-05	0.00e+00	0.00e+00	0.00e+00	0.00e+00	0.00e+00	3.97e-83
 5.81002e+12	3.64e-28	2.94e-20	2.49e-13	3.01e-07	8.26e-01	1.74e-01	4.83e-05	0.00e+00	0.00e+00	0.00e+00	0.00e+00	0.00e+00	5.00e-97
 6.05906e+12	4.88e-28	3.70e-20	2.95e-13	3.32e-07	8.38e-01	1.62e-01	4.15e-05	0.00e+00	0.00e+00	0.00e+00	0.00e+00	0.00e+00	1.79e-82
 6.33135e+12	6.64e-28	4.71e-20	3.52e-13	3.67e-07	8.49e-01	1.51e-01	3.54e-05	0.00e+00	0.00e+00	0.00e+00	0.00e+00	0.00e+00	3.44e-96
 6.61454e+12	9.04e-28	6.00e-20	4.19e-13	4.05e-07	8.60e-01	1.40e-01	3.02e-05	0.00e+00	0.00e+00	0.00e+00	0.00e+00	0.00e+00	8.84e-82
 6.89113e+12	1.20e-27	7.51e-20	4.94e-13	4.45e-07	8.70e-01	1.30e-01	2.59e-05	0.00e+00	0.00e+00	0.00e+00	0.00e+00	0.00e+00	2.34e-95
 7.14251e+12	1.55e-27	9.15e-20	5.70e-13	4.82e-07	8.77e-01	1.23e-01	2.27e-05	0.00e+00	0.00e+00	0.00e+00	0.00e+00	0.00e+00	3.59e-81
 7.36619e+12	1.93e-27	1.08e-19	6.44e-13	5.16e-07	8.84e-01	1.16e-01	2.03e-05	0.00e+00	0.00e+00	0.00e+00	0.00e+00	0.00e+00	1.07e-94
 7.60661e+12	2.42e-27	1.29e-19	7.32e-13	5.54e-07	8.90e-01	1.10e-01	1.80e-05	0.00e+00	0.00e+00	0.00e+00	0.00e+00	0.00e+00	1.16e-80
 7.91231e+12	3.21e-27	1.61e-19	8.55e-13	6.03e-07	8.97e-01	1.03e-01	1.55e-05	0.00e+00	0.00e+00	0.00e+00	0.00e+00	0.00e+00	5.61e-94
 8.22319e+12	4.21e-27	1.99e-19	9.97e-13	6.56e-07	9.04e-01	9.57e-02	1.34e-05	0.00e+00	0.00e+00	0.00e+00	0.00e+00	0.00e+00	4.99e-80
 8.48472e+12	5.27e-27	2.37e-19	1.13e-12	7.02e-07	9.09e-01	9.06e-02	1.19e-05	0.00e+00	0.00e+00	0.00e+00	0.00e+00	0.00e+00	2.82e-93
 8.76178e+12	6.64e-27	2.83e-19	1.28e-12	7.52e-07	9.14e-01	8.55e-02	1.06e-05	0.00e+00	0.00e+00	0.00e+00	0.00e+00	0.00e+00	1.68e-79
 9.11172e+12	8.81e-27	3.52e-19	1.49e-12	8.16e-07	9.20e-01	7.98e-02	9.16e-06	0.00e+00	0.00e+00	0.00e+00	0.00e+00	0.00e+00	1.51e-92
 9.47018e+12	1.16e-26	4.36e-19	1.74e-12	8.87e-07	9.26e-01	7.43e-02	7.90e-06	0.00e+00	0.00e+00	0.00e+00	0.00e+00	0.00e+00	7.49e-79
 9.77646e+12	1.46e-26	5.20e-19	1.97e-12	9.48e-07	9.30e-01	7.01e-02	7.02e-06	0.00e+00	0.00e+00	0.00e+00	0.00e+00	0.00e+00	7.89e-92
 1.01011e+13	1.86e-26	6.25e-19	2.23e-12	1.01e-06	9.34e-01	6.61e-02	6.21e-06	0.00e+00	0.00e+00	0.00e+00	0.00e+00	0.00e+00	2.65e-78
 1.05053e+13	2.48e-26	7.80e-19	2.60e-12	1.10e-06	9.38e-01	6.16e-02	5.36e-06	0.00e+00	0.00e+00	0.00e+00	0.00e+00	0.00e+00	4.39e-91
 1.09196e+13	3.27e-26	9.66e-19	3.03e-12	1.19e-06	9.43e-01	5.73e-02	4.62e-06	0.00e+00	0.00e+00	0.00e+00	0.00e+00	0.00e+00	1.22e-77
 1.12825e+13	4.17e-26	1.16e-18	3.44e-12	1.27e-06	9.46e-01	5.40e-02	4.09e-06	0.00e+00	0.00e+00	0.00e+00	0.00e+00	0.00e+00	2.41e-90
 1.16718e+13	5.37e-26	1.41e-18	3.92e-12	1.36e-06	9.49e-01	5.07e-02	3.60e-06	0.00e+00	0.00e+00	0.00e+00	0.00e+00	0.00e+00	4.69e-77
 1.21447e+13	7.21e-26	1.76e-18	4.57e-12	1.48e-06	9.53e-01	4.72e-02	3.10e-06	0.00e+00	0.00e+00	0.00e+00	0.00e+00	0.00e+00	1.43e-89
 1.26241e+13	9.63e-26	2.20e-18	5.32e-12	1.60e-06	9.56e-01	4.39e-02	2.68e-06	0.00e+00	0.00e+00	0.00e+00	0.00e+00	0.00e+00	2.30e-76
 1.30625e+13	1.24e-25	2.67e-18	6.07e-12	1.71e-06	9.59e-01	4.12e-02	2.35e-06	0.00e+00	0.00e+00	0.00e+00	0.00e+00	0.00e+00	4.60e-76
 1.35496e+13	1.64e-25	3.28e-18	6.99e-12	1.84e-06	9.61e-01	3.86e-02	2.05e-06	0.00e+00	0.00e+00	0.00e+00	0.00e+00	0.00e+00	9.75e-76
 1.41164e+13	2.23e-25	4.16e-18	8.20e-12	2.00e-06	9.64e-01	3.58e-02	1.76e-06	0.00e+00	0.00e+00	0.00e+00	0.00e+00	0.00e+00	2.28e-75
 1.46758e+13	2.98e-25	5.18e-18	9.53e-12	2.16e-06	9.67e-01	3.32e-02	1.52e-06	0.00e+00	0.00e+00	0.00e+00	0.00e+00	0.00e+00	5.03e-75
 1.52049e+13	3.91e-25	6.35e-18	1.09e-11	2.32e-06	9.69e-01	3.11e-02	1.33e-06	0.00e+00	0.00e+00	0.00e+00	0.00e+00	0.00e+00	1.05e-74
 1.57904e+13	5.22e-25	7.90e-18	1.26e-11	2.49e-06	9.71e-01	2.90e-02	1.15e-06	0.00e+00	0.00e+00	0.00e+00	0.00e+00	0.00e+00	2.34e-74
 1.64519e+13	7.12e-25	9.98e-18	1.48e-11	2.71e-06	9.73e-01	2.69e-02	9.85e-07	0.00e+00	0.00e+00	0.00e+00	0.00e+00	0.00e+00	5.45e-74
 1.71182e+13	9.66e-25	1.26e-17	1.73e-11	2.92e-06	9.75e-01	2.50e-02	0.00e+00	0.00e+00	0.00e+00	0.00e+00	0.00e+00	0.00e+00	1.26e-73
 1.78111e+13	1.31e-24	1.58e-17	2.02e-11	3.16e-06	9.77e-01	2.32e-02	0.00e+00	0.00e+00	0.00e+00	0.00e+00	0.00e+00	0.00e+00	2.93e-73
 1.85535e+13	1.79e-24	2.00e-17	2.36e-11	3.42e-06	9.79e-01	2.15e-02	0.00e+00	0.00e+00	0.00e+00	0.00e+00	0.00e+00	0.00e+00	6.93e-73
 1.93256e+13	2.46e-24	2.54e-17	2.77e-11	3.70e-06	9.80e-01	1.99e-02	0.00e+00	0.00e+00	0.00e+00	0.00e+00	0.00e+00	0.00e+00	1.64e-72
 2.00744e+13	3.28e-24	3.15e-17	3.21e-11	3.99e-06	9.81e-01	1.85e-02	0.00e+00	0.00e+00	0.00e+00	0.00e+00	0.00e+00	0.00e+00	3.64e-72
 2.07804e+13	4.29e-24	3.85e-17	3.66e-11	4.27e-06	9.83e-01	1.74e-02	0.00e+00	0.00e+00	0.00e+00	0.00e+00	0.00e+00	0.00e+00	7.61e-72
 2.14480e+13	5.48e-24	4.64e-17	4.14e-11	4.54e-06	9.84e-01	1.64e-02	0.00e+00	0.00e+00	0.00e+00	0.00e+00	1.50e-17	3.14e-17	1.50e-71
 2.21768e+13	7.10e-24	5.63e-17	4.72e-11	4.84e-06	9.85e-01	1.54e-02	0.00e+00	0.00e+00	0.00e+00	0.00e+00	1.87e-17	3.76e-17	3.05e-71
 2.29873e+13	9.33e-24	6.92e-17	5.43e-11	5.20e-06	9.86e-01	1.43e-02	0.00e+00	0.00e+00	0.00e+00	0.00e+00	2.30e-17	4.62e-17	6.45e-71
 2.37459e+13	1.20e-23	8.36e-17	6.15e-11	5.53e-06	9.87e-01	1.35e-02	0.00e+00	0.00e+00	0.00e+00	0.00e+00	2.78e-17	5.59e-17	1.30e-70
 2.45740e+13	1.57e-23	1.02e-16	7.03e-11	5.91e-06	9.87e-01	1.26e-02	0.00e+00	0.00e+00	0.00e+00	0.00e+00	3.39e-17	6.83e-17	2.72e-70
 2.55578e+13	2.12e-23	1.28e-16	8.19e-11	6.38e-06	9.88e-01	1.17e-02	0.00e+00	0.00e+00	0.00e+00	0.00e+00	4.26e-17	8.58e-17	6.25e-70
 2.65270e+13	2.82e-23	1.59e-16	9.48e-11	6.87e-06	9.89e-01	1.09e-02	0.00e+00	0.00e+00	0.00e+00	0.00e+00	5.27e-17	1.06e-16	1.35e-69
 2.74081e+13	3.63e-23	1.92e-16	1.08e-10	7.32e-06	9.90e-01	1.03e-02	0.00e+00	0.00e+00	0.00e+00	0.00e+00	6.38e-17	1.28e-16	2.73e-69
 2.83919e+13	4.78e-23	2.36e-16	1.24e-10	7.84e-06	9.90e-01	9.58e-03	0.00e+00	0.00e+00	0.00e+00	0.00e+00	7.85e-17	1.58e-16	5.82e-69
 2.95418e+13	6.46e-23	2.97e-16	1.44e-10	8.48e-06	9.91e-01	8.87e-03	0.00e+00	0.00e+00	0.00e+00	0.00e+00	9.85e-17	1.98e-16	1.33e-68
 3.06989e+13	8.71e-23	3.72e-16	1.68e-10	9.14e-06	9.92e-01	8.24e-03	0.00e+00	0.00e+00	0.00e+00	0.00e+00	1.23e-16	2.49e-16	3.04e-68
 3.17433e+13	1.12e-22	4.50e-16	1.91e-10	9.78e-06	9.92e-01	7.72e-03	0.00e+00	0.00e+00	0.00e+00	0.00e+00	1.49e-16	3.01e-16	6.06e-68
 3.27038e+13	1.41e-22	5.36e-16	2.15e-10	1.04e-05	9.93e-01	7.28e-03	0.00e+00	0.00e+00	0.00e+00	0.00e+00	1.78e-16	3.58e-16	1.15e-67
 3.38062e+13	1.81e-22	6.47e-16	2.45e-10	1.11e-05	9.93e-01	6.82e-03	0.00e+00	0.00e+00	0.00e+00	0.00e+00	2.15e-16	4.33e-16	2.27e-67
 3.51328e+13	2.44e-22	8.12e-16	2.85e-10	1.19e-05	9.94e-01	6.33e-03	0.00e+00	0.00e+00	0.00e+00	0.00e+00	2.69e-16	5.42e-16	5.19e-67
 3.64472e+13	3.21e-22	9.99e-16	3.29e-10	1.29e-05	9.94e-01	5.88e-03	0.00e+00	0.00e+00	0.00e+00	0.00e+00	3.31e-16	6.67e-16	1.10e-66
 3.76185e+13	4.11e-22	1.20e-15	3.73e-10	1.37e-05	9.94e-01	5.53e-03	0.00e+00	0.00e+00	0.00e+00	0.00e+00	3.99e-16	8.04e-16	2.17e-66
 3.89077e+13	5.27e-22	1.45e-15	4.26e-10	1.47e-05	9.95e-01	5.17e-03	0.00e+00	0.00e+00	0.00e+00	0.00e+00	4.82e-16	9.72e-16	4.27e-66
 4.04440e+13	7.12e-22	1.83e-15	4.96e-10	1.58e-05	9.95e-01	4.80e-03	0.00e+00	0.00e+00	0.00e+00	0.00e+00	6.06e-16	1.22e-15	9.84e-66
 4.19701e+13	9.33e-22	2.25e-15	5.75e-10	1.71e-05	9.96e-01	4.45e-03	0.00e+00	0.00e+00	0.00e+00	0.00e+00	7.45e-16	1.50e-15	2.06e-65
 4.33610e+13	1.20e-21	2.72e-15	6.54e-10	1.82e-05	9.96e-01	4.18e-03	0.00e+00	0.00e+00	0.00e+00	0.00e+00	9.04e-16	1.82e-15	4.17e-65
 4.49078e+13	1.56e-21	3.32e-15	7.52e-10	1.95e-05	9.96e-01	3.89e-03	0.00e+00	0.00e+00	0.00e+00	0.00e+00	1.10e-15	2.22e-15	8.44e-65
 4.67127e+13	2.09e-21	4.15e-15	8.79e-10	2.11e-05	9.96e-01	3.60e-03	0.00e+00	0.00e+00	0.00e+00	0.00e+00	1.38e-15	2.78e-15	1.90e-64
 4.84877e+13	2.77e-21	5.14e-15	1.02e-09	2.28e-05	9.97e-01	3.34e-03	0.00e+00	0.00e+00	0.00e+00	0.00e+00	1.70e-15	3.44e-15	4.10e-64
 5.01579e+13	3.59e-21	6.27e-15	1.16e-09	2.44e-05	9.97e-01	3.12e-03	0.00e+00	0.00e+00	0.00e+00	0.00e+00	2.08e-15	4.19e-15	8.47e-64
 5.20184e+13	4.68e-21	7.68e-15	1.35e-09	2.62e-05	9.97e-01	2.90e-03	0.00e+00	0.00e+00	0.00e+00	0.00e+00	2.55e-15	5.13e-15	1.75e-63
 5.41291e+13	6.34e-21	9.69e-15	1.58e-09	2.84e-05	9.97e-01	2.68e-03	0.00e+00	0.00e+00	0.00e+00	0.00e+00	3.21e-15	6.48e-15	4.06e-63
 5.62344e+13	8.36e-21	1.20e-14	1.83e-09	3.07e-05	9.97e-01	2.48e-03	0.00e+00	0.00e+00	0.00e+00	0.00e+00	3.97e-15	8.00e-15	8.64e-63
 5.81968e+13	1.09e-20	1.46e-14	2.10e-09	3.29e-05	9.98e-01	2.32e-03	0.00e+00	0.00e+00	0.00e+00	0.00e+00	4.85e-15	9.78e-15	1.79e-62
 6.03274e+13	1.41e-20	1.78e-14	2.42e-09	3.54e-05	9.98e-01	2.16e-03	0.00e+00	0.00e+00	0.00e+00	0.00e+00	5.91e-15	1.19e-14	3.64e-62
 6.27174e+13	1.89e-20	2.24e-14	2.83e-09	3.82e-05	9.98e-01	2.00e-03	0.00e+00	0.00e+00	0.00e+00	0.00e+00	7.41e-15	1.50e-14	8.27e-62
 6.49478e+13	2.42e-20	2.71e-14	3.25e-09	4.11e-05	9.98e-01	1.86e-03	0.00e+00	0.00e+00	0.00e+00	0.00e+00	8.97e-15	1.81e-14	1.64e-61
 6.70089e+13	3.07e-20	3.25e-14	3.68e-09	4.37e-05	9.98e-01	1.75e-03	0.00e+00	0.00e+00	0.00e+00	0.00e+00	1.08e-14	2.17e-14	3.17e-61
 6.89861e+13	3.76e-20	3.80e-14	4.13e-09	4.64e-05	9.98e-01	1.65e-03	0.00e+00	0.00e+00	0.00e+00	0.00e+00	1.26e-14	2.54e-14	5.53e-61
 7.11801e+13	4.75e-20	4.54e-14	4.68e-09	4.94e-05	9.98e-01	1.55e-03	0.00e+00	0.00e+00	0.00e+00	0.00e+00	1.50e-14	3.04e-14	1.06e-60
 7.36094e+13	6.12e-20	5.52e-14	5.34e-09	5.28e-05	9.99e-01	1.45e-03	0.00e+00	0.00e+00	0.00e+00	0.00e+00	1.83e-14	3.69e-14	2.13e-60
 7.58721e+13	7.62e-20	6.54e-14	6.03e-09	5.62e-05	9.99e-01	1.36e-03	0.00e+00	0.00e+00	0.00e+00	0.00e+00	2.16e-14	4.37e-14	3.93e-60
 7.83414e+13	9.54e-20	7.77e-14	6.85e-09	5.99e-05	9.99e-01	1.28e-03	0.00e+00	0.00e+00	0.00e+00	0.00e+00	2.57e-14	5.20e-14	7.31e-60
 8.11099e+13	1.24e-19	9.52e-14	7.86e-09	6.42e-05	9.99e-01	1.19e-03	0.00e+00	0.00e+00	0.00e+00	0.00e+00	3.15e-14	6.37e-14	1.53e-59
 8.37473e+13	1.55e-19	1.13e-13	8.93e-09	6.86e-05	9.99e-01	1.11e-03	0.00e+00	0.00e+00	0.00e+00	0.00e+00	3.73e-14	7.56e-14	2.80e-59
 8.66560e+13	2.01e-19	1.38e-13	1.02e-08	7.34e-05	9.99e-01	1.04e-03	0.00e+00	0.00e+00	0.00e+00	0.00e+00	4.56e-14	9.23e-14	5.80e-59
 8.98727e+13	2.59e-19	1.68e-13	1.18e-08	7.91e-05	9.99e-01	9.67e-04	0.00e+00	0.00e+00	0.00e+00	0.00e+00	5.55e-14	1.12e-13	1.17e-58
 9.28443e+13	3.28e-19	2.01e-13	1.35e-08	8.44e-05	9.99e-01	9.06e-04	0.00e+00	0.00e+00	0.00e+00	0.00e+00	6.65e-14	1.35e-13	2.26e-58
 9.60623e+13	4.21e-19	2.45e-13	1.54e-08	9.04e-05	9.99e-01	8.46e-04	0.00e+00	0.00e+00	0.00e+00	0.00e+00	8.09e-14	1.64e-13	4.57e-58
 9.96537e+13	5.41e-19	2.98e-13	1.79e-08	9.75e-05	9.99e-01	7.84e-04	0.00e+00	0.00e+00	0.00e+00	0.00e+00	9.83e-14	1.99e-13	9.17e-58
 1.03023e+14	6.95e-19	3.61e-13	2.04e-08	1.04e-04	9.99e-01	7.34e-04	0.00e+00	0.00e+00	0.00e+00	0.00e+00	1.19e-13	2.42e-13	1.85e-57
 1.06696e+14	8.86e-19	4.36e-13	2.35e-08	1.12e-04	9.99e-01	6.83e-04	0.00e+00	0.00e+00	0.00e+00	0.00e+00	1.44e-13	2.92e-13	3.62e-57
 1.10777e+14	1.16e-18	5.39e-13	2.72e-08	1.21e-04	9.99e-01	6.33e-04	0.00e+00	0.00e+00	0.00e+00	0.00e+00	1.78e-13	3.61e-13	7.81e-57
 1.14593e+14	1.47e-18	6.46e-13	3.12e-08	1.30e-04	9.99e-01	5.90e-04	0.00e+00	0.00e+00	0.00e+00	0.00e+00	2.13e-13	4.33e-13	1.49e-56
 1.18746e+14	1.90e-18	7.90e-13	3.59e-08	1.39e-04	9.99e-01	5.49e-04	0.00e+00	0.00e+00	0.00e+00	0.00e+00	2.60e-13	5.29e-13	3.07e-56
 1.23384e+14	2.45e-18	9.66e-13	4.19e-08	1.51e-04	9.99e-01	5.07e-04	0.00e+00	0.00e+00	0.00e+00	0.00e+00	3.18e-13	6.47e-13	6.28e-56
 1.27764e+14	3.16e-18	1.18e-12	4.82e-08	1.62e-04	9.99e-01	4.72e-04	0.00e+00	0.00e+00	0.00e+00	0.00e+00	3.88e-13	7.90e-13	1.29e-55
 1.32460e+14	4.04e-18	1.43e-12	5.57e-08	1.75e-04	9.99e-01	4.38e-04	0.00e+00	0.00e+00	0.00e+00	0.00e+00	4.70e-13	9.57e-13	2.55e-55
 1.37681e+14	5.29e-18	1.77e-12	6.50e-08	1.89e-04	9.99e-01	4.05e-04	0.00e+00	0.00e+00	0.00e+00	0.00e+00	5.82e-13	1.19e-12	5.49e-55
 1.42753e+14	6.70e-18	2.13e-12	7.52e-08	2.04e-04	9.99e-01	3.75e-04	0.00e+00	0.00e+00	0.00e+00	0.00e+00	7.01e-13	1.43e-12	1.06e-54
 1.48135e+14	8.71e-18	2.62e-12	8.72e-08	2.20e-04	9.99e-01	3.47e-04	0.00e+00	0.00e+00	0.00e+00	0.00e+00	8.61e-13	1.76e-12	2.23e-54
 1.54090e+14	1.14e-17	3.23e-12	1.02e-07	2.39e-04	9.99e-01	3.19e-04	0.00e+00	0.00e+00	0.00e+00	0.00e+00	1.06e-12	2.17e-12	4.73e-54
 1.60045e+14	1.47e-17	3.97e-12	1.19e-07	2.59e-04	9.99e-01	2.95e-04	0.00e+00	0.00e+00	0.00e+00	0.00e+00	1.31e-12	2.67e-12	9.87e-54
 1.64999e+14	1.80e-17	4.66e-12	1.35e-07	2.77e-04	9.99e-01	2.76e-04	0.00e+00	0.00e+00	0.00e+00	0.00e+00	1.53e-12	3.13e-12	1.74e-53
 1.68850e+14	2.09e-17	5.25e-12	1.48e-07	2.91e-04	9.99e-01	2.63e-04	0.00e+00	0.00e+00	0.00e+00	0.00e+00	1.73e-12	3.53e-12	2.67e-53
 1.73027e+14	2.46e-17	6.00e-12	1.63e-07	3.06e-04	9.99e-01	2.50e-04	0.00e+00	0.00e+00	0.00e+00	0.00e+00	1.97e-12	4.03e-12	4.30e-53
 1.78457e+14	3.01e-17	7.05e-12	1.85e-07	3.27e-04	9.99e-01	2.34e-04	0.00e+00	0.00e+00	0.00e+00	0.00e+00	2.31e-12	4.73e-12	7.63e-53
 1.84335e+14	3.71e-17	8.35e-12	2.10e-07	3.51e-04	9.99e-01	2.18e-04	0.00e+00	0.00e+00	0.00e+00	0.00e+00	2.74e-12	5.61e-12	1.40e-52
 1.89627e+14	4.48e-17	9.73e-12	2.36e-07	3.73e-04	9.99e-01	2.05e-04	0.00e+00	0.00e+00	0.00e+00	0.00e+00	3.20e-12	6.54e-12	2.42e-52
 1.95340e+14	5.43e-17	1.13e-11	2.66e-07	3.98e-04	9.99e-01	1.92e-04	0.00e+00	4.54e-18	1.36e-17	2.28e-17	3.72e-12	7.62e-12	4.19e-52
 2.02555e+14	6.88e-17	1.37e-11	3.08e-07	4.30e-04	9.99e-01	1.78e-04	0.00e+00	5.75e-18	1.73e-17	2.89e-17	4.51e-12	9.22e-12	8.32e-52
 2.09828e+14	8.64e-17	1.65e-11	3.55e-07	4.65e-04	9.99e-01	1.65e-04	0.00e+00	7.23e-18	2.17e-17	3.62e-17	5.42e-12	1.11e-11	1.62e-51
 2.15965e+14	1.04e-16	1.92e-11	3.99e-07	4.95e-04	9.99e-01	1.55e-04	0.00e+00	8.71e-18	2.62e-17	4.37e-17	6.30e-12	1.29e-11	2.80e-51
 2.22521e+14	1.25e-16	2.24e-11	4.50e-07	5.29e-04	9.99e-01	1.45e-04	0.00e+00	1.05e-17	3.15e-17	5.26e-17	7.35e-12	1.51e-11	4.86e-51
 2.30767e+14	1.58e-16	2.71e-11	5.21e-07	5.73e-04	9.99e-01	1.34e-04	0.00e+00	1.33e-17	3.99e-17	6.67e-17	8.88e-12	1.82e-11	9.68e-51
 2.39305e+14	2.00e-16	3.27e-11	6.04e-07	6.21e-04	9.99e-01	1.23e-04	0.00e+00	1.68e-17	5.03e-17	8.40e-17	1.07e-11	2.20e-11	1.93e-50
 2.46839e+14	2.43e-16	3.84e-11	6.84e-07	6.65e-04	9.99e-01	1.15e-04	0.00e+00	2.04e-17	6.13e-17	1.02e-16	1.26e-11	2.58e-11	3.48e-50
 2.54969e+14	2.95e-16	4.52e-11	7.79e-07	7.15e-04	9.99e-01	1.07e-04	0.00e+00	2.48e-17	7.44e-17	1.24e-16	1.48e-11	3.04e-11	6.32e-50
 2.64771e+14	3.76e-16	5.51e-11	9.08e-07	7.79e-04	9.99e-01	9.86e-05	0.00e+00	3.17e-17	9.51e-17	1.59e-16	1.81e-11	3.70e-11	1.31e-49
 2.74474e+14	4.71e-16	6.64e-11	1.05e-06	8.45e-04	9.99e-01	9.10e-05	0.00e+00	3.97e-17	1.19e-16	1.99e-16	2.18e-11	4.46e-11	2.62e-49
 2.83090e+14	5.74e-16	7.80e-11	1.19e-06	9.05e-04	9.99e-01	8.50e-05	0.00e+00	4.84e-17	1.45e-16	2.43e-16	2.56e-11	5.24e-11	4.77e-49
 2.92564e+14	7.03e-16	9.22e-11	1.36e-06	9.75e-04	9.99e-01	7.89e-05	0.00e+00	5.94e-17	1.78e-16	2.98e-16	3.03e-11	6.20e-11	8.96e-49
 3.03892e+14	8.90e-16	1.12e-10	1.58e-06	1.06e-03	9.99e-01	7.25e-05	0.00e+00	7.53e-17	2.26e-16	3.78e-16	3.68e-11	7.55e-11	1.88e-48
 3.15177e+14	1.12e-15	1.36e-10	1.83e-06	1.15e-03	9.99e-01	6.68e-05	0.00e+00	9.46e-17	2.84e-16	4.74e-16	4.45e-11	9.10e-11	3.83e-48
 3.25480e+14	1.37e-15	1.60e-10	2.08e-06	1.24e-03	9.99e-01	6.23e-05	0.00e+00	1.17e-16	3.50e-16	5.85e-16	5.27e-11	1.08e-10	7.28e-48
 3.36961e+14	1.71e-15	1.92e-10	2.40e-06	1.34e-03	9.99e-01	5.77e-05	0.00e+00	1.46e-16	4.37e-16	7.30e-16	6.31e-11	1.29e-10	1.45e-47
 3.50334e+14	2.18e-15	2.35e-10	2.80e-06	1.46e-03	9.98e-01	5.29e-05	0.00e+00	1.85e-16	5.57e-16	9.30e-16	7.72e-11	1.58e-10	3.16e-47
 3.63500e+14	2.76e-15	2.85e-10	3.25e-06	1.59e-03	9.98e-01	4.88e-05	0.00e+00	2.35e-16	7.04e-16	1.18e-15	9.36e-11	1.91e-10	6.72e-47
 3.75981e+14	3.41e-15	3.40e-10	3.71e-06	1.71e-03	9.98e-01	4.52e-05	0.00e+00	2.91e-16	8.72e-16	1.46e-15	1.12e-10	2.28e-10	1.34e-46
 3.89838e+14	4.30e-15	4.11e-10	4.29e-06	1.86e-03	9.98e-01	4.17e-05	0.00e+00	3.67e-16	1.10e-15	1.84e-15	1.35e-10	2.76e-10	2.86e-46
 4.02924e+14	5.20e-15	4.84e-10	4.89e-06	2.00e-03	9.98e-01	3.89e-05	0.00e+00	4.44e-16	1.33e-15	2.23e-15	1.59e-10	3.25e-10	5.43e-46
 4.12699e+14	6.09e-15	5.51e-10	5.38e-06	2.11e-03	9.98e-01	3.68e-05	0.00e+00	5.21e-16	1.56e-15	2.61e-15	1.81e-10	3.70e-10	9.11e-46
 4.22698e+14	7.23e-15	6.30e-10	5.92e-06	2.23e-03	9.98e-01	3.50e-05	0.00e+00	6.19e-16	1.86e-15	3.10e-15	2.07e-10	4.23e-10	1.56e-45
 4.35697e+14	8.78e-15	7.39e-10	6.68e-06	2.39e-03	9.98e-01	3.27e-05	0.00e+00	7.53e-16	2.26e-15	3.77e-15	2.43e-10	4.96e-10	2.96e-45
 4.49756e+14	1.08e-14	8.75e-10	7.58e-06	2.56e-03	9.97e-01	3.05e-05	0.00e+00	9.25e-16	2.78e-15	4.64e-15	2.88e-10	5.87e-10	5.83e-45
 4.62368e+14	1.29e-14	1.01e-09	8.47e-06	2.73e-03	9.97e-01	2.87e-05	0.00e+00	1.11e-15	3.33e-15	5.56e-15	3.34e-10	6.81e-10	1.05e-44
 4.75941e+14	1.55e-14	1.18e-09	9.50e-06	2.91e-03	9.97e-01	2.70e-05	0.00e+00	1.33e-15	4.00e-15	6.68e-15	3.89e-10	7.93e-10	1.94e-44
 4.93300e+14	1.97e-14	1.44e-09	1.10e-05	3.15e-03	9.97e-01	2.50e-05	0.00e+00	1.70e-15	5.10e-15	8.51e-15	4.73e-10	9.64e-10	4.24e-44
 5.10895e+14	2.45e-14	1.73e-09	1.26e-05	3.41e-03	9.97e-01	2.32e-05	0.00e+00	2.12e-15	6.35e-15	1.06e-14	5.69e-10	1.16e-09	8.89e-44
 5.25576e+14	2.99e-14	2.02e-09	1.41e-05	3.63e-03	9.96e-01	2.18e-05	0.00e+00	2.58e-15	7.75e-15	1.29e-14	6.66e-10	1.36e-09	1.67e-43
 5.41155e+14	3.63e-14	2.37e-09	1.58e-05	3.87e-03	9.96e-01	2.05e-05	0.00e+00	3.13e-15	9.40e-15	1.57e-14	7.80e-10	1.59e-09	3.14e-43
 5.60974e+14	4.60e-14	2.88e-09	1.83e-05	4.20e-03	9.96e-01	1.90e-05	0.00e+00	3.98e-15	1.20e-14	2.00e-14	9.49e-10	1.93e-09	6.86e-43
 5.81888e+14	5.88e-14	3.52e-09	2.11e-05	4.55e-03	9.95e-01	1.76e-05	0.00e+00	5.09e-15	1.53e-14	2.55e-14	1.16e-09	2.36e-09	1.54e-42
 6.00638e+14	7.22e-14	4.17e-09	2.39e-05	4.88e-03	9.95e-01	1.65e-05	0.00e+00	6.26e-15	1.88e-14	3.13e-14	1.38e-09	2.80e-09	3.04e-42
 6.20991e+14	8.83e-14	4.95e-09	2.73e-05	5.25e-03	9.95e-01	1.54e-05	0.00e+00	7.66e-15	2.30e-14	3.84e-14	1.63e-09	3.32e-09	5.96e-42
 6.45160e+14	1.16e-13	6.18e-09	3.18e-05	5.72e-03	9.94e-01	1.42e-05	0.00e+00	1.01e-14	3.02e-14	5.05e-14	2.04e-09	4.14e-09	1.44e-41
 6.68969e+14	1.49e-13	7.57e-09	3.67e-05	6.19e-03	9.94e-01	1.32e-05	0.00e+00	1.30e-14	3.89e-14	6.49e-14	2.50e-09	5.07e-09	3.19e-41
 6.90624e+14	1.85e-13	9.04e-09	4.17e-05	6.64e-03	9.93e-01	1.24e-05	0.00e+00	1.61e-14	4.84e-14	8.07e-14	2.98e-09	6.06e-09	6.40e-41
 7.14797e+14	2.28e-13	1.08e-08	4.77e-05	7.16e-03	9.93e-01	1.16e-05	0.00e+00	1.99e-14	5.98e-14	9.98e-14	3.57e-09	7.24e-09	1.28e-40
 7.43044e+14	3.04e-13	1.36e-08	5.57e-05	7.80e-03	9.92e-01	1.07e-05	0.00e+00	2.65e-14	7.96e-14	1.33e-13	4.49e-09	9.10e-09	3.15e-40
 7.70897e+14	3.93e-13	1.67e-08	6.45e-05	8.44e-03	9.91e-01	1.00e-05	0.00e+00	3.44e-14	1.03e-13	1.72e-13	5.53e-09	1.12e-08	7.03e-40
 7.97221e+14	4.97e-13	2.02e-08	7.37e-05	9.09e-03	9.91e-01	9.39e-06	0.00e+00	4.34e-14	1.30e-13	2.18e-13	6.69e-09	1.36e-08	1.46e-39
 8.26496e+14	6.22e-13	2.45e-08	8.50e-05	9.82e-03	9.90e-01	8.78e-06	0.00e+00	5.45e-14	1.63e-13	2.73e-13	8.09e-09	1.64e-08	3.00e-39
 8.59586e+14	8.44e-13	3.12e-08	9.95e-05	1.07e-02	9.89e-01	8.17e-06	0.00e+00	7.41e-14	2.22e-13	3.71e-13	1.03e-08	2.09e-08	7.68e-39
 8.87346e+14	1.06e-12	3.74e-08	1.13e-04	1.15e-02	9.88e-01	7.73e-06	0.00e+00	9.29e-14	2.79e-13	4.65e-13	1.24e-08	2.50e-08	1.53e-38
 9.07327e+14	1.24e-12	4.25e-08	1.23e-04	1.20e-02	9.88e-01	7.43e-06	0.00e+00	1.09e-13	3.26e-13	5.44e-13	1.41e-08	2.84e-08	2.46e-38
 9.28235e+14	1.45e-12	4.84e-08	1.35e-04	1.26e-02	9.87e-01	7.15e-06	0.00e+00	1.28e-13	3.83e-13	6.39e-13	1.60e-08	3.24e-08	4.03e-38
 9.55415e+14	1.73e-12	5.63e-08	1.52e-04	1.34e-02	9.86e-01	6.80e-06	0.00e+00	1.52e-13	4.56e-13	7.61e-13	1.86e-08	3.77e-08	6.98e-38
 9.85771e+14	2.21e-12	6.84e-08	1.72e-04	1.44e-02	9.85e-01	6.45e-06	0.00e+00	1.95e-13	5.84e-13	9.74e-13	2.26e-08	4.58e-08	1.47e-37
 1.01411e+15	2.71e-12	8.07e-08	1.92e-04	1.53e-02	9.84e-01	6.17e-06	0.00e+00	2.39e-13	7.16e-13	1.20e-12	2.67e-08	5.40e-08	2.70e-37
 1.04481e+15	3.26e-12	9.43e-08	2.17e-04	1.63e-02	9.83e-01	5.89e-06	0.00e+00	2.87e-13	8.61e-13	1.44e-12	3.12e-08	6.31e-08	4.73e-37
 1.07945e+15	4.21e-12	1.16e-07	2.47e-04	1.75e-02	9.82e-01	5.60e-06	0.00e+00	3.71e-13	1.11e-12	1.86e-12	3.83e-08	7.75e-08	1.02e-36
 1.11232e+15	5.17e-12	1.37e-07	2.78e-04	1.86e-02	9.81e-01	5.35e-06	0.00e+00	4.56e-13	1.37e-12	2.28e-12	4.55e-08	9.19e-08	1.89e-36
 1.14816e+15	6.35e-12	1.63e-07	3.16e-04	1.99e-02	9.80e-01	5.11e-06	0.00e+00	5.61e-13	1.68e-12	2.81e-12	5.40e-08	1.09e-07	3.45e-36
 1.18842e+15	8.34e-12	2.03e-07	3.63e-04	2.15e-02	9.78e-01	4.88e-06	0.00e+00	7.38e-13	2.21e-12	3.69e-12	6.72e-08	1.36e-07	7.72e-36
 1.22657e+15	1.03e-11	2.43e-07	4.12e-04	2.30e-02	9.77e-01	4.67e-06	0.00e+00	9.16e-13	2.75e-12	4.58e-12	8.05e-08	1.63e-07	1.46e-35
 1.26830e+15	1.29e-11	2.92e-07	4.71e-04	2.46e-02	9.75e-01	4.47e-06	0.00e+00	1.14e-12	3.42e-12	5.71e-12	9.66e-08	1.95e-07	2.78e-35
 1.31506e+15	1.72e-11	3.67e-07	5.45e-04	2.66e-02	9.73e-01	4.29e-06	0.00e+00	1.52e-12	4.57e-12	7.62e-12	1.22e-07	2.46e-07	6.44e-35
 1.35861e+15	2.14e-11	4.43e-07	6.21e-04	2.85e-02	9.71e-01	4.12e-06	0.00e+00	1.90e-12	5.70e-12	9.50e-12	1.47e-07	2.96e-07	1.24e-34
 1.40550e+15	2.68e-11	5.33e-07	7.11e-04	3.06e-02	9.69e-01	3.96e-06	0.00e+00	2.38e-12	7.13e-12	1.19e-11	1.77e-07	3.57e-07	2.35e-34
 1.45817e+15	3.58e-11	6.76e-07	8.26e-04	3.31e-02	9.66e-01	3.82e-06	0.00e+00	3.18e-12	9.54e-12	1.59e-11	2.24e-07	4.52e-07	5.49e-34
 1.50747e+15	4.48e-11	8.18e-07	9.44e-04	3.55e-02	9.64e-01	3.68e-06	0.00e+00	3.98e-12	1.20e-11	1.99e-11	2.71e-07	5.47e-07	1.06e-33
 1.56070e+15	5.64e-11	9.90e-07	1.08e-03	3.82e-02	9.61e-01	3.56e-06	0.00e+00	5.02e-12	1.50e-11	2.51e-11	3.28e-07	6.62e-07	2.02e-33
 1.62055e+15	7.57e-11	1.26e-06	1.26e-03	4.14e-02	9.57e-01	3.45e-06	0.00e+00	6.74e-12	2.02e-11	3.37e-11	4.19e-07	8.44e-07	4.75e-33
 1.67688e+15	9.53e-11	1.54e-06	1.45e-03	4.45e-02	9.54e-01	3.34e-06	0.00e+00	8.50e-12	2.55e-11	4.25e-11	5.11e-07	1.03e-06	9.19e-33
 1.72839e+15	1.17e-10	1.82e-06	1.64e-03	4.74e-02	9.51e-01	3.26e-06	0.00e+00	1.04e-11	3.12e-11	5.20e-11	6.04e-07	1.22e-06	1.61e-32
 1.78578e+15	1.46e-10	2.21e-06	1.87e-03	5.08e-02	9.47e-01	3.18e-06	0.00e+00	1.31e-11	3.92e-11	6.54e-11	7.32e-07	1.47e-06	3.08e-32
 1.85041e+15	1.94e-10	2.79e-06	2.17e-03	5.48e-02	9.43e-01	3.11e-06	0.00e+00	1.73e-11	5.19e-11	8.65e-11	9.24e-07	1.86e-06	6.89e-32
 1.91126e+15	2.41e-10	3.36e-06	2.47e-03	5.86e-02	9.39e-01	3.03e-06	0.00e+00	2.15e-11	6.46e-11	1.08e-10	1.12e-06	2.25e-06	1.28e-31
 1.96359e+15	2.89e-10	3.91e-06	2.76e-03	6.20e-02	9.35e-01	2.98e-06	0.00e+00	2.58e-11	7.75e-11	1.29e-10	1.30e-06	2.61e-06	2.08e-31
 2.01802e+15	3.50e-10	4.60e-06	3.08e-03	6.57e-02	9.31e-01	2.93e-06	0.00e+00	3.13e-11	9.40e-11	1.57e-10	1.53e-06	3.07e-06	3.57e-31
 2.07915e+15	4.42e-10	5.60e-06	3.49e-03	7.01e-02	9.26e-01	2.88e-06	0.00e+00	3.96e-11	1.19e-10	1.98e-10	1.86e-06	3.74e-06	6.97e-31
 2.13475e+15	5.29e-10	6.53e-06	3.89e-03	7.40e-02	9.22e-01	2.84e-06	0.00e+00	4.74e-11	1.42e-10	2.37e-10	2.17e-06	4.36e-06	1.14e-30
 2.19280e+15	6.34e-10	7.59e-06	4.34e-03	7.83e-02	9.17e-01	2.80e-06	0.00e+00	5.69e-11	1.71e-10	2.85e-10	2.52e-06	5.07e-06	1.84e-30
 2.26826e+15	8.24e-10	9.47e-06	5.00e-03	8.42e-02	9.11e-01	2.75e-06	0.00e+00	7.40e-11	2.22e-10	3.70e-10	3.15e-06	6.32e-06	3.85e-30
 2.34316e+15	1.02e-09	1.13e-05	5.70e-03	8.99e-02	9.04e-01	2.70e-06	0.00e+00	9.16e-11	2.75e-10	4.58e-10	3.75e-06	7.55e-06	6.57e-30
 2.40486e+15	1.25e-09	1.35e-05	6.36e-03	9.52e-02	8.98e-01	2.67e-06	0.00e+00	1.12e-10	3.37e-10	5.62e-10	4.48e-06	9.00e-06	1.19e-29
 2.47261e+15	1.53e-09	1.60e-05	7.14e-03	1.01e-01	8.92e-01	2.64e-06	0.00e+00	1.38e-10	4.13e-10	6.89e-10	5.31e-06	1.07e-05	2.04e-29
 2.56067e+15	1.93e-09	1.94e-05	8.25e-03	1.08e-01	8.83e-01	2.59e-06	0.00e+00	1.74e-10	5.22e-10	8.71e-10	6.44e-06	1.29e-05	3.63e-29
 2.65113e+15	2.54e-09	2.45e-05	9.56e-03	1.17e-01	8.73e-01	2.56e-06	0.00e+00	2.29e-10	6.88e-10	1.15e-09	8.14e-06	1.64e-05	7.80e-29
 2.72470e+15	3.08e-09	2.88e-05	1.07e-02	1.24e-01	8.65e-01	2.53e-06	0.00e+00	2.78e-10	8.33e-10	1.39e-09	9.58e-06	1.92e-05	1.28e-28
 2.80037e+15	3.73e-09	3.37e-05	1.20e-02	1.31e-01	8.57e-01	2.49e-06	0.00e+00	3.37e-10	1.01e-09	1.68e-09	1.12e-05	2.25e-05	2.04e-28
 2.89873e+15	4.93e-09	4.27e-05	1.40e-02	1.41e-01	8.45e-01	2.46e-06	0.00e+00	4.46e-10	1.34e-09	2.23e-09	1.42e-05	2.85e-05	4.35e-28
 3.00012e+15	6.30e-09	5.24e-05	1.61e-02	1.52e-01	8.32e-01	2.42e-06	0.00e+00	5.70e-10	1.71e-09	2.85e-09	1.74e-05	3.50e-05	7.92e-28
 3.08306e+15	7.64e-09	6.14e-05	1.81e-02	1.60e-01	8.22e-01	2.39e-06	0.00e+00	6.92e-10	2.08e-09	3.46e-09	2.04e-05	4.10e-05	1.25e-27
 3.16851e+15	9.39e-09	7.29e-05	2.04e-02	1.70e-01	8.10e-01	2.36e-06	0.00e+00	8.52e-10	2.56e-09	4.26e-09	2.42e-05	4.86e-05	2.09e-27
 3.27960e+15	1.27e-08	9.30e-05	2.38e-02	1.83e-01	7.93e-01	2.33e-06	0.00e+00	1.15e-09	3.46e-09	5.76e-09	3.09e-05	6.21e-05	4.50e-27
 3.38703e+15	1.60e-08	1.13e-04	2.73e-02	1.95e-01	7.78e-01	2.28e-06	0.00e+00	1.45e-09	4.36e-09	7.26e-09	3.76e-05	7.54e-05	7.76e-27
 3.46833e+15	1.91e-08	1.30e-04	3.03e-02	2.05e-01	7.65e-01	2.26e-06	0.00e+00	1.74e-09	5.20e-09	8.67e-09	4.33e-05	8.69e-05	1.16e-26
 3.54123e+15	2.28e-08	1.51e-04	3.33e-02	2.14e-01	7.53e-01	2.24e-06	0.00e+00	2.08e-09	6.23e-09	1.04e-08	5.03e-05	1.01e-04	1.81e-26
 3.61136e+15	2.65e-08	1.70e-04	3.63e-02	2.22e-01	7.41e-01	2.21e-06	0.00e+00	2.41e-09	7.23e-09	1.21e-08	5.65e-05	1.13e-04	2.50e-26
 3.68936e+15	3.14e-08	1.95e-04	4.00e-02	2.32e-01	7.28e-01	2.18e-06	0.00e+00	2.86e-09	8.59e-09	1.43e-08	6.50e-05	1.30e-04	3.72e-26
 3.79076e+15	4.04e-08	2.40e-04	4.55e-02	2.46e-01	7.08e-01	2.15e-06	0.00e+00	3.69e-09	1.11e-08	1.85e-08	7.97e-05	1.60e-04	6.95e-26
 3.89803e+15	5.05e-08	2.86e-04	5.15e-02	2.59e-01	6.89e-01	2.11e-06	0.00e+00	4.62e-09	1.38e-08	2.31e-08	9.53e-05	1.91e-04	1.12e-25
 3.99379e+15	6.12e-08	3.33e-04	5.75e-02	2.72e-01	6.70e-01	2.07e-06	0.00e+00	5.60e-09	1.68e-08	2.80e-08	1.11e-04	2.22e-04	1.69e-25
 4.08199e+15	7.38e-08	3.87e-04	6.37e-02	2.84e-01	6.52e-01	2.04e-06	0.00e+00	6.76e-09	2.03e-08	3.38e-08	1.29e-04	2.58e-04	2.57e-25
 4.16356e+15	8.81e-08	4.44e-04	7.00e-02	2.95e-01	6.35e-01	2.01e-06	0.00e+00	8.08e-09	2.42e-08	4.04e-08	1.48e-04	2.96e-04	3.81e-25
 4.25366e+15	1.07e-07	5.17e-04	7.76e-02	3.07e-01	6.15e-01	1.98e-06	0.00e+00	9.81e-09	2.94e-08	4.90e-08	1.72e-04	3.45e-04	5.82e-25
 4.35151e+15	1.31e-07	6.07e-04	8.65e-02	3.20e-01	5.93e-01	1.94e-06	0.00e+00	1.21e-08	3.62e-08	6.03e-08	2.02e-04	4.04e-04	8.86e-25
 4.43886e+15	1.58e-07	7.02e-04	9.53e-02	3.31e-01	5.73e-01	1.91e-06	0.00e+00	1.45e-08	4.36e-08	7.27e-08	2.34e-04	4.68e-04	1.33e-24
 4.51802e+15	1.88e-07	8.01e-04	1.04e-01	3.42e-01	5.53e-01	1.88e-06	0.00e+00	1.73e-08	5.18e-08	8.63e-08	2.67e-04	5.34e-04	1.93e-24
 4.60710e+15	2.33e-07	9.43e-04	1.15e-01	3.54e-01	5.30e-01	1.85e-06	0.00e+00	2.14e-08	6.42e-08	1.07e-07	3.14e-04	6.29e-04	3.14e-24
 4.69985e+15	2.83e-07	1.10e-03	1.27e-01	3.66e-01	5.06e-01	1.82e-06	0.00e+00	2.60e-08	7.81e-08	1.30e-07	3.65e-04	7.30e-04	4.77e-24
 4.78172e+15	3.38e-07	1.25e-03	1.39e-01	3.76e-01	4.84e-01	1.78e-06	0.00e+00	3.11e-08	9.33e-08	1.55e-07	4.17e-04	8.35e-04	6.97e-24
 4.87251e+15	4.03e-07	1.43e-03	1.53e-01	3.86e-01	4.60e-01	1.74e-06	0.00e+00	3.72e-08	1.11e-07	1.86e-07	4.76e-04	9.51e-04	9.95e-24
 4.99054e+15	5.45e-07	1.79e-03	1.74e-01	4.00e-01	4.25e-01	1.69e-06	0.00e+00	5.03e-08	1.51e-07	2.52e-07	5.96e-04	1.19e-03	2.01e-23
 5.10007e+15	6.72e-07	2.10e-03	1.94e-01	4.09e-01	3.94e-01	1.64e-06	0.00e+00	6.21e-08	1.86e-07	3.10e-07	6.99e-04	1.40e-03	3.08e-23
 5.17745e+15	7.84e-07	2.34e-03	2.10e-01	4.16e-01	3.72e-01	1.60e-06	0.00e+00	7.25e-08	2.17e-07	3.62e-07	7.81e-04	1.56e-03	4.21e-23
 5.25694e+15	9.33e-07	2.66e-03	2.27e-01	4.22e-01	3.48e-01	1.55e-06	0.00e+00	8.64e-08	2.59e-07	4.32e-07	8.88e-04	1.77e-03	6.14e-23
 5.34414e+15	1.18e-06	3.16e-03	2.50e-01	4.27e-01	3.20e-01	1.50e-06	0.00e+00	1.09e-07	3.27e-07	5.45e-07	1.05e-03	2.11e-03	1.08e-22
 5.41417e+15	1.37e-06	3.53e-03	2.68e-01	4.30e-01	2.99e-01	1.47e-06	0.00e+00	1.27e-07	3.81e-07	6.34e-07	1.18e-03	2.35e-03	1.50e-22
 5.47800e+15	1.61e-06	3.95e-03	2.86e-01	4.32e-01	2.78e-01	1.43e-06	0.00e+00	1.49e-07	4.47e-07	7.45e-07	1.32e-03	2.63e-03	2.14e-22
 5.54298e+15	1.85e-06	4.38e-03	3.04e-01	4.33e-01	2.58e-01	1.38e-06	0.00e+00	1.72e-07	5.16e-07	8.59e-07	1.46e-03	2.92e-03	2.94e-22
 5.59638e+15	2.10e-06	4.78e-03	3.20e-01	4.33e-01	2.42e-01	1.34e-06	0.00e+00	1.95e-07	5.85e-07	9.75e-07	1.59e-03	3.18e-03	3.89e-22
 5.64507e+15	2.36e-06	5.18e-03	3.36e-01	4.32e-01	2.27e-01	1.31e-06	0.00e+00	2.19e-07	6.58e-07	1.10e-06	1.73e-03	3.45e-03	5.06e-22
 5.70068e+15	2.64e-06	5.57e-03	3.53e-01	4.31e-01	2.11e-01	1.27e-06	0.00e+00	2.46e-07	7.36e-07	1.23e-06	1.86e-03	3.71e-03	6.25e-22
 5.77297e+15	3.19e-06	6.40e-03	3.79e-01	4.27e-01	1.88e-01	1.20e-06	0.00e+00	2.97e-07	8.92e-07	1.49e-06	2.14e-03	4.26e-03	1.01e-21
 5.83646e+15	3.65e-06	6.97e-03	4.00e-01	4.23e-01	1.71e-01	1.14e-06	0.00e+00	3.41e-07	1.02e-06	1.70e-06	2.33e-03	4.64e-03	1.33e-21
 5.87953e+15	4.19e-06	7.65e-03	4.17e-01	4.18e-01	1.58e-01	1.11e-06	0.00e+00	3.91e-07	1.17e-06	1.95e-06	2.55e-03	5.09e-03	1.86e-21
 5.91685e+15	4.65e-06	8.18e-03	4.31e-01	4.14e-01	1.47e-01	1.07e-06	0.00e+00	4.34e-07	1.30e-06	2.17e-06	2.73e-03	5.45e-03	2.39e-21
 5.95567e+15	5.11e-06	8.71e-03	4.46e-01	4.10e-01	1.36e-01	1.03e-06	0.00e+00	4.77e-07	1.43e-06	2.38e-06	2.91e-03	5.80e-03	2.95e-21
 6.00614e+15	5.82e-06	9.50e-03	4.66e-01	4.03e-01	1.22e-01	9.74e-07	0.00e+00	5.44e-07	1.63e-06	2.72e-06	3.17e-03	6.33e-03	4.04e-21
 6.05817e+15	6.69e-06	1.04e-02	4.86e-01	3.95e-01	1.09e-01	0.00e+00	0.00e+00	6.25e-07	1.88e-06	3.12e-06	3.46e-03	6.90e-03	5.57e-21
 6.10038e+15	7.62e-06	1.12e-02	5.03e-01	3.87e-01	9.85e-02	0.00e+00	0.00e+00	7.13e-07	2.14e-06	3.56e-06	3.73e-03	7.45e-03	7.51e-21
 6.13581e+15	8.41e-06	1.19e-02	5.18e-01	3.80e-01	9.02e-02	0.00e+00	0.00e+00	7.88e-07	2.36e-06	3.93e-06	3.97e-03	7.91e-03	9.43e-21
 6.17427e+15	9.10e-06	1.25e-02	5.32e-01	3.73e-01	8.21e-02	0.00e+00	0.00e+00	8.53e-07	2.56e-06	4.26e-06	4.16e-03	8.30e-03	1.11e-20
 6.22427e+15	1.07e-05	1.38e-02	5.54e-01	3.62e-01	7.08e-02	0.00e+00	0.00e+00	1.00e-06	3.01e-06	5.01e-06	4.60e-03	9.18e-03	1.68e-20
 6.27083e+15	1.20e-05	1.47e-02	5.71e-01	3.52e-01	6.23e-02	0.00e+00	0.00e+00	1.12e-06	3.37e-06	5.61e-06	4.89e-03	9.76e-03	2.11e-20
 6.31292e+15	1.36e-05	1.58e-02	5.88e-01	3.42e-01	5.44e-02	0.00e+00	0.00e+00	1.28e-06	3.84e-06	6.39e-06	5.27e-03	1.05e-02	2.84e-20
 6.35734e+15	1.63e-05	1.73e-02	6.07e-01	3.29e-01	4.64e-02	0.00e+00	0.00e+00	1.53e-06	4.60e-06	7.65e-06	5.77e-03	1.15e-02	4.25e-20
 6.39207e+15	1.81e-05	1.83e-02	6.20e-01	3.20e-01	4.12e-02	0.00e+00	0.00e+00	1.70e-06	5.11e-06	8.50e-06	6.10e-03	1.22e-02	5.36e-20
 6.42451e+15	1.99e-05	1.92e-02	6.33e-01	3.11e-01	3.65e-02	0.00e+00	0.00e+00	1.87e-06	5.61e-06	9.35e-06	6.43e-03	1.28e-02	6.67e-20
 6.46667e+15	2.31e-05	2.07e-02	6.49e-01	2.99e-01	3.09e-02	0.00e+00	0.00e+00	2.18e-06	6.53e-06	1.09e-05	6.91e-03	1.38e-02	9.20e-20
 6.51026e+15	2.64e-05	2.21e-02	6.65e-01	2.87e-01	2.59e-02	0.00e+00	0.00e+00	2.49e-06	7.47e-06	1.24e-05	7.40e-03	1.47e-02	1.24e-19
 6.54731e+15	2.92e-05	2.35e-02	6.78e-01	2.76e-01	2.22e-02	0.00e+00	0.00e+00	2.76e-06	8.27e-06	1.38e-05	7.85e-03	1.56e-02	1.63e-19
 6.57596e+15	3.19e-05	2.45e-02	6.87e-01	2.68e-01	1.96e-02	0.00e+00	0.00e+00	3.02e-06	9.05e-06	1.51e-05	8.19e-03	1.63e-02	2.01e-19
 6.59777e+15	3.41e-05	2.53e-02	6.95e-01	2.62e-01	1.78e-02	0.00e+00	0.00e+00	3.23e-06	9.68e-06	1.61e-05	8.47e-03	1.69e-02	2.37e-19
 6.62183e+15	3.63e-05	2.63e-02	7.02e-01	2.55e-01	1.59e-02	0.00e+00	0.00e+00	3.45e-06	1.03e-05	1.72e-05	8.79e-03	1.75e-02	2.83e-19
 6.65311e+15	4.03e-05	2.76e-02	7.13e-01	2.46e-01	1.37e-02	0.00e+00	0.00e+00	3.82e-06	1.15e-05	1.91e-05	9.22e-03	1.84e-02	3.64e-19
 6.68488e+15	4.35e-05	2.89e-02	7.22e-01	2.37e-01	1.18e-02	0.00e+00	0.00e+00	4.14e-06	1.24e-05	2.06e-05	9.66e-03	1.92e-02	4.55e-19
 6.71107e+15	4.72e-05	3.00e-02	7.30e-01	2.30e-01	1.04e-02	0.00e+00	0.00e+00	4.49e-06	1.35e-05	2.24e-05	1.00e-02	2.00e-02	5.57e-19
 6.73891e+15	5.09e-05	3.13e-02	7.38e-01	2.22e-01	9.01e-03	0.00e+00	0.00e+00	4.85e-06	1.45e-05	2.42e-05	1.04e-02	2.08e-02	6.86e-19
 6.77007e+15	5.53e-05	3.27e-02	7.46e-01	2.13e-01	7.69e-03	0.00e+00	0.00e+00	5.27e-06	1.58e-05	2.63e-05	1.09e-02	2.17e-02	8.64e-19
 6.79949e+15	5.94e-05	3.40e-02	7.54e-01	2.06e-01	6.61e-03	0.00e+00	0.00e+00	5.67e-06	1.70e-05	2.83e-05	1.14e-02	2.26e-02	1.06e-18
 6.83164e+15	6.45e-05	3.55e-02	7.62e-01	1.97e-01	5.57e-03	0.00e+00	0.00e+00	6.16e-06	1.85e-05	3.08e-05	1.19e-02	2.37e-02	1.35e-18
