#depth	He	He+	He+2
 1.49634e+10	4.06e-23	3.56e-12	1.00e+00
 4.54887e+10	4.54e-23	3.85e-12	1.00e+00
 7.72350e+10	5.05e-23	4.17e-12	1.00e+00
 1.10251e+11	5.63e-23	4.51e-12	1.00e+00
 1.44588e+11	6.29e-23	4.88e-12	1.00e+00
 1.80298e+11	7.02e-23	5.29e-12	1.00e+00
 2.17437e+11	7.86e-23	5.73e-12	1.00e+00
 2.56061e+11	8.81e-23	6.21e-12	1.00e+00
 2.96231e+11	9.88e-23	6.73e-12	1.00e+00
 3.35120e+11	1.10e-22	7.25e-12	1.00e+00
 3.70682e+11	1.21e-22	7.75e-12	1.00e+00
 4.10128e+11	1.35e-22	8.33e-12	1.00e+00
 4.56036e+11	1.52e-22	9.02e-12	1.00e+00
 5.01519e+11	1.70e-22	9.74e-12	1.00e+00
 5.45219e+11	1.90e-22	1.05e-11	1.00e+00
 5.93352e+11	2.13e-22	1.13e-11	1.00e+00
 6.47012e+11	2.41e-22	1.22e-11	1.00e+00
 7.01549e+11	2.74e-22	1.33e-11	1.00e+00
 7.58267e+11	3.10e-22	1.44e-11	1.00e+00
 8.18524e+11	3.53e-22	1.56e-11	1.00e+00
 8.81192e+11	4.03e-22	1.70e-11	1.00e+00
 9.46366e+11	4.60e-22	1.84e-11	1.00e+00
 1.01415e+12	5.27e-22	2.00e-11	1.00e+00
 1.08464e+12	6.03e-22	2.18e-11	1.00e+00
 1.15795e+12	6.92e-22	2.37e-11	1.00e+00
 1.22674e+12	7.85e-22	2.55e-11	1.00e+00
 1.28800e+12	8.75e-22	2.73e-11	1.00e+00
 1.35668e+12	9.83e-22	2.93e-11	1.00e+00
 1.43837e+12	1.13e-21	3.19e-11	1.00e+00
 1.52061e+12	1.29e-21	3.45e-11	1.00e+00
 1.59745e+12	1.46e-21	3.71e-11	1.00e+00
 1.68259e+12	1.66e-21	4.02e-11	1.00e+00
 1.77982e+12	1.92e-21	4.38e-11	1.00e+00
 1.87639e+12	2.21e-21	4.77e-11	1.00e+00
 1.97682e+12	2.54e-21	5.18e-11	1.00e+00
 2.08582e+12	2.95e-21	5.66e-11	1.00e+00
 2.19673e+12	3.41e-21	6.18e-11	1.00e+00
 2.29999e+12	3.89e-21	6.68e-11	1.00e+00
 2.39531e+12	4.37e-21	7.17e-11	1.00e+00
 2.50434e+12	4.97e-21	7.75e-11	1.00e+00
 2.63225e+12	5.77e-21	8.48e-11	1.00e+00
 2.75897e+12	6.65e-21	9.23e-11	1.00e+00
 2.87762e+12	7.55e-21	9.98e-11	1.00e+00
 3.00950e+12	8.64e-21	1.09e-10	1.00e+00
 3.15981e+12	1.01e-20	1.19e-10	1.00e+00
 3.30791e+12	1.16e-20	1.30e-10	1.00e+00
 3.46193e+12	1.33e-20	1.43e-10	1.00e+00
 3.63034e+12	1.55e-20	1.57e-10	1.00e+00
 3.79974e+12	1.79e-20	1.72e-10	1.00e+00
 3.97593e+12	2.06e-20	1.89e-10	1.00e+00
 4.16489e+12	2.39e-20	2.08e-10	1.00e+00
 4.35264e+12	2.75e-20	2.28e-10	1.00e+00
 4.54790e+12	3.16e-20	2.51e-10	1.00e+00
 4.75974e+12	3.65e-20	2.77e-10	1.00e+00
 4.98006e+12	4.21e-20	3.06e-10	1.00e+00
 5.20919e+12	4.84e-20	3.38e-10	1.00e+00
 5.44748e+12	5.56e-20	3.74e-10	1.00e+00
 5.66260e+12	6.28e-20	4.09e-10	1.00e+00
 5.84117e+12	6.90e-20	4.39e-10	1.00e+00
 6.03650e+12	7.62e-20	4.74e-10	1.00e+00
 6.28481e+12	8.60e-20	5.20e-10	1.00e+00
 6.54428e+12	9.73e-20	5.73e-10	1.00e+00
 6.77332e+12	1.08e-19	6.21e-10	1.00e+00
 6.98539e+12	1.18e-19	6.69e-10	1.00e+00
 7.22596e+12	1.30e-19	7.25e-10	1.00e+00
 7.52413e+12	1.47e-19	7.99e-10	1.00e+00
 7.82185e+12	1.65e-19	8.78e-10	1.00e+00
 8.07716e+12	1.81e-19	9.48e-10	1.00e+00
 8.35267e+12	1.99e-19	1.03e-09	1.00e+00
 8.69352e+12	2.24e-19	1.13e-09	1.00e+00
 9.04381e+12	2.51e-19	1.25e-09	1.00e+00
 9.36074e+12	2.77e-19	1.36e-09	1.00e+00
 9.70980e+12	3.09e-19	1.48e-09	1.00e+00
 1.01202e+13	3.49e-19	1.64e-09	1.00e+00
 1.05302e+13	3.94e-19	1.80e-09	1.00e+00
 1.09203e+13	4.41e-19	1.97e-09	1.00e+00
 1.13508e+13	4.99e-19	2.16e-09	1.00e+00
 1.18348e+13	5.71e-19	2.39e-09	1.00e+00
 1.22704e+13	6.45e-19	2.61e-09	1.00e+00
 1.26301e+13	7.11e-19	2.79e-09	1.00e+00
 1.30230e+13	7.90e-19	3.01e-09	1.00e+00
 1.35249e+13	9.03e-19	3.29e-09	1.00e+00
 1.40315e+13	1.03e-18	3.59e-09	1.00e+00
 1.44506e+13	1.15e-18	3.85e-09	1.00e+00
 1.48930e+13	1.29e-18	4.13e-09	1.00e+00
 1.54608e+13	1.48e-18	4.51e-09	1.00e+00
 1.60563e+13	1.72e-18	4.93e-09	1.00e+00
 1.65777e+13	1.95e-18	5.32e-09	1.00e+00
 1.71384e+13	2.22e-18	5.75e-09	1.00e+00
 1.78195e+13	2.60e-18	6.29e-09	1.00e+00
 1.84786e+13	3.02e-18	6.85e-09	1.00e+00
 1.90330e+13	3.41e-18	7.34e-09	1.00e+00
 1.96297e+13	3.87e-18	7.88e-09	1.00e+00
 2.03813e+13	4.53e-18	8.60e-09	1.00e+00
 2.11528e+13	5.31e-18	9.37e-09	1.00e+00
 2.18241e+13	6.06e-18	1.01e-08	1.00e+00
 2.25464e+13	6.97e-18	1.08e-08	1.00e+00
 2.34287e+13	8.22e-18	1.18e-08	1.00e+00
 2.43163e+13	9.65e-18	1.29e-08	1.00e+00
 2.51080e+13	1.11e-17	1.39e-08	1.00e+00
 2.59778e+13	1.28e-17	1.50e-08	1.00e+00
 2.70137e+13	1.52e-17	1.64e-08	1.00e+00
 2.80487e+13	1.79e-17	1.78e-08	1.00e+00
 2.90102e+13	2.07e-17	1.92e-08	1.00e+00
 3.00857e+13	2.43e-17	2.08e-08	1.00e+00
 3.13191e+13	2.89e-17	2.28e-08	1.00e+00
 3.25423e+13	3.41e-17	2.48e-08	1.00e+00
 3.38145e+13	4.03e-17	2.70e-08	1.00e+00
 3.51970e+13	4.79e-17	2.95e-08	1.00e+00
 3.66348e+13	5.68e-17	3.21e-08	1.00e+00
 3.79998e+13	6.65e-17	3.48e-08	1.00e+00
 3.92287e+13	7.62e-17	3.72e-08	1.00e+00
 4.03762e+13	8.62e-17	3.97e-08	1.00e+00
 4.16426e+13	9.83e-17	4.24e-08	1.00e+00
 4.30674e+13	1.13e-16	4.55e-08	1.00e+00
 4.44291e+13	1.29e-16	4.86e-08	1.00e+00
 4.59300e+13	1.48e-16	5.22e-08	1.00e+00
 4.76024e+13	1.72e-16	5.63e-08	1.00e+00
 4.91428e+13	1.97e-16	6.02e-08	1.00e+00
 5.05704e+13	2.22e-16	6.39e-08	1.00e+00
 5.22064e+13	2.53e-16	6.83e-08	1.00e+00
 5.42086e+13	2.95e-16	7.38e-08	1.00e+00
 5.62069e+13	3.44e-16	7.96e-08	1.00e+00
 5.79454e+13	3.89e-16	8.48e-08	1.00e+00
 5.98264e+13	4.43e-16	9.05e-08	1.00e+00
 6.21223e+13	5.15e-16	9.76e-08	1.00e+00
 6.44618e+13	6.00e-16	1.05e-07	1.00e+00
 6.65767e+13	6.82e-16	1.12e-07	1.00e+00
 6.88956e+13	7.82e-16	1.20e-07	1.00e+00
 7.16254e+13	9.12e-16	1.30e-07	1.00e+00
 7.43484e+13	1.06e-15	1.40e-07	1.00e+00
 7.69093e+13	1.21e-15	1.50e-07	1.00e+00
 7.97447e+13	1.40e-15	1.61e-07	1.00e+00
 8.29644e+13	1.63e-15	1.75e-07	1.00e+00
 8.62043e+13	1.90e-15	1.88e-07	1.00e+00
 8.95737e+13	2.20e-15	2.03e-07	1.00e+00
 9.31866e+13	2.56e-15	2.20e-07	1.00e+00
 9.69440e+13	2.99e-15	2.37e-07	1.00e+00
 1.00573e+14	3.46e-15	2.55e-07	1.00e+00
 1.03975e+14	3.93e-15	2.72e-07	1.00e+00
 1.07191e+14	4.42e-15	2.89e-07	1.00e+00
 1.10702e+14	5.00e-15	3.08e-07	1.00e+00
 1.14600e+14	5.73e-15	3.30e-07	1.00e+00
 1.18243e+14	6.46e-15	3.51e-07	1.00e+00
 1.22222e+14	7.33e-15	3.74e-07	1.00e+00
 1.26715e+14	8.44e-15	4.02e-07	1.00e+00
 1.31033e+14	9.62e-15	4.30e-07	1.00e+00
 1.35783e+14	1.10e-14	4.61e-07	1.00e+00
 1.41110e+14	1.28e-14	4.97e-07	1.00e+00
 1.46213e+14	1.47e-14	5.34e-07	1.00e+00
 1.51656e+14	1.69e-14	5.73e-07	1.00e+00
 1.57752e+14	1.97e-14	6.21e-07	1.00e+00
 1.63386e+14	2.26e-14	6.66e-07	1.00e+00
 1.68260e+14	2.54e-14	7.07e-07	1.00e+00
 1.73661e+14	2.86e-14	7.52e-07	1.00e+00
 1.80264e+14	3.31e-14	8.12e-07	1.00e+00
 1.86950e+14	3.82e-14	8.74e-07	1.00e+00
 1.92955e+14	4.32e-14	9.32e-07	1.00e+00
 1.99551e+14	4.91e-14	9.96e-07	1.00e+00
 2.07359e+14	5.70e-14	1.08e-06	1.00e+00
 2.15034e+14	6.55e-14	1.16e-06	1.00e+00
 2.22048e+14	7.43e-14	1.24e-06	1.00e+00
 2.29913e+14	8.49e-14	1.33e-06	1.00e+00
 2.39060e+14	9.86e-14	1.44e-06	1.00e+00
 2.48030e+14	1.13e-13	1.55e-06	1.00e+00
 2.56505e+14	1.29e-13	1.66e-06	1.00e+00
 2.65941e+14	1.48e-13	1.79e-06	1.00e+00
 2.76608e+14	1.72e-13	1.94e-06	1.00e+00
 2.87268e+14	1.98e-13	2.09e-06	1.00e+00
 2.97258e+14	2.25e-13	2.24e-06	1.00e+00
 3.08083e+14	2.58e-13	2.41e-06	1.00e+00
 3.20177e+14	2.97e-13	2.61e-06	1.00e+00
 3.31463e+14	3.38e-13	2.80e-06	1.00e+00
 3.41936e+14	3.79e-13	2.98e-06	1.00e+00
 3.52006e+14	4.22e-13	3.16e-06	1.00e+00
 3.63153e+14	4.73e-13	3.37e-06	1.00e+00
 3.75509e+14	5.34e-13	3.61e-06	1.00e+00
 3.87008e+14	5.97e-13	3.83e-06	1.00e+00
 3.99527e+14	6.69e-13	4.09e-06	1.00e+00
 4.13573e+14	7.58e-13	4.39e-06	1.00e+00
 4.26983e+14	8.51e-13	4.68e-06	1.00e+00
 4.41796e+14	9.60e-13	5.02e-06	1.00e+00
 4.58105e+14	1.09e-12	5.40e-06	1.00e+00
 4.73125e+14	1.22e-12	5.77e-06	1.00e+00
 4.89416e+14	1.38e-12	6.18e-06	1.00e+00
 5.07622e+14	1.58e-12	6.67e-06	1.00e+00
 5.24690e+14	1.77e-12	7.13e-06	1.00e+00
 5.43249e+14	2.00e-12	7.66e-06	1.00e+00
 5.63931e+14	2.27e-12	8.27e-06	1.00e+00
 5.83262e+14	2.56e-12	8.86e-06	1.00e+00
 6.04264e+14	2.89e-12	9.54e-06	1.00e+00
 6.27696e+14	3.31e-12	1.03e-05	1.00e+00
 6.49828e+14	3.73e-12	1.11e-05	1.00e+00
 6.73615e+14	4.22e-12	1.19e-05	1.00e+00
 7.00589e+14	4.84e-12	1.30e-05	1.00e+00
 7.26972e+14	5.51e-12	1.40e-05	1.00e+00
 7.54410e+14	6.27e-12	1.52e-05	1.00e+00
 7.84616e+14	7.19e-12	1.65e-05	1.00e+00
 8.14428e+14	8.22e-12	1.79e-05	1.00e+00
 8.38958e+14	9.13e-12	1.90e-05	1.00e+00
 8.58471e+14	9.90e-12	2.00e-05	1.00e+00
 8.80077e+14	1.08e-11	2.11e-05	1.00e+00
 9.08164e+14	1.21e-11	2.26e-05	1.00e+00
 9.38345e+14	1.36e-11	2.42e-05	1.00e+00
 9.65241e+14	1.50e-11	2.58e-05	1.00e+00
 9.94199e+14	1.68e-11	2.75e-05	1.00e+00
 1.03079e+15	1.92e-11	2.98e-05	1.00e+00
 1.06788e+15	2.18e-11	3.22e-05	1.00e+00
 1.09944e+15	2.43e-11	3.44e-05	1.00e+00
 1.13325e+15	2.70e-11	3.67e-05	1.00e+00
 1.17542e+15	3.11e-11	3.99e-05	1.00e+00
 1.21862e+15	3.57e-11	4.33e-05	1.00e+00
 1.25662e+15	4.00e-11	4.64e-05	1.00e+00
 1.29769e+15	4.49e-11	4.99e-05	1.00e+00
 1.34733e+15	5.21e-11	5.43e-05	1.00e+00
 1.39663e+15	5.98e-11	5.90e-05	1.00e+00
 1.44045e+15	6.71e-11	6.32e-05	1.00e+00
 1.48864e+15	7.63e-11	6.82e-05	1.00e+00
 1.54621e+15	8.82e-11	7.43e-05	1.00e+00
 1.60353e+15	1.01e-10	8.07e-05	1.00e+00
 1.65601e+15	1.15e-10	8.68e-05	1.00e+00
 1.71464e+15	1.32e-10	9.40e-05	1.00e+00
 1.78275e+15	1.53e-10	1.03e-04	1.00e+00
 1.84973e+15	1.77e-10	1.12e-04	1.00e+00
 1.91342e+15	2.02e-10	1.21e-04	1.00e+00
 1.96911e+15	2.26e-10	1.29e-04	1.00e+00
 2.01528e+15	2.48e-10	1.36e-04	1.00e+00
 2.06624e+15	2.74e-10	1.44e-04	1.00e+00
 2.13250e+15	3.10e-10	1.54e-04	1.00e+00
 2.20206e+15	3.48e-10	1.66e-04	1.00e+00
 2.26194e+15	3.88e-10	1.76e-04	1.00e+00
 2.32577e+15	4.36e-10	1.88e-04	1.00e+00
 2.40876e+15	5.04e-10	2.03e-04	1.00e+00
 2.49403e+15	5.71e-10	2.20e-04	1.00e+00
 2.56519e+15	6.42e-10	2.34e-04	1.00e+00
 2.64061e+15	7.25e-10	2.50e-04	1.00e+00
 2.73692e+15	8.42e-10	2.71e-04	1.00e+00
 2.83768e+15	9.59e-10	2.94e-04	1.00e+00
 2.92706e+15	1.09e-09	3.15e-04	1.00e+00
 3.02435e+15	1.24e-09	3.39e-04	1.00e+00
 3.14094e+15	1.47e-09	3.69e-04	1.00e+00
 3.25667e+15	1.70e-09	4.00e-04	1.00e+00
 3.36125e+15	1.91e-09	4.29e-04	1.00e+00
 3.47729e+15	2.19e-09	4.63e-04	1.00e+00
 3.61374e+15	2.62e-09	5.05e-04	9.99e-01
 3.74843e+15	3.03e-09	5.47e-04	9.99e-01
 3.87425e+15	3.47e-09	5.89e-04	9.99e-01
 4.01499e+15	4.02e-09	6.37e-04	9.99e-01
 4.17562e+15	4.64e-09	6.95e-04	9.99e-01
 4.33465e+15	5.53e-09	7.56e-04	9.99e-01
 4.46429e+15	6.24e-09	8.06e-04	9.99e-01
 4.56447e+15	6.84e-09	8.46e-04	9.99e-01
 4.67413e+15	7.55e-09	8.92e-04	9.99e-01
 4.81670e+15	8.56e-09	9.54e-04	9.99e-01
 4.97147e+15	9.59e-09	1.02e-03	9.99e-01
 5.11161e+15	1.10e-08	1.09e-03	9.99e-01
 5.26326e+15	1.23e-08	1.16e-03	9.99e-01
 5.45597e+15	1.44e-08	1.26e-03	9.99e-01
 5.64921e+15	1.66e-08	1.36e-03	9.99e-01
 5.80962e+15	1.87e-08	1.44e-03	9.99e-01
 5.98022e+15	2.11e-08	1.54e-03	9.98e-01
 6.19819e+15	2.40e-08	1.66e-03	9.98e-01
 6.42323e+15	2.86e-08	1.80e-03	9.98e-01
 6.61720e+15	3.23e-08	1.93e-03	9.98e-01
 6.82528e+15	3.66e-08	2.06e-03	9.98e-01
 7.08177e+15	4.22e-08	2.24e-03	9.98e-01
 7.33771e+15	5.02e-08	2.43e-03	9.98e-01
 7.55950e+15	5.69e-08	2.60e-03	9.97e-01
 7.80037e+15	6.48e-08	2.80e-03	9.97e-01
 8.09526e+15	7.49e-08	3.04e-03	9.97e-01
 8.38239e+15	8.93e-08	3.31e-03	9.97e-01
 8.61819e+15	1.00e-07	3.53e-03	9.96e-01
 8.86524e+15	1.14e-07	3.77e-03	9.96e-01
 9.18499e+15	1.30e-07	4.10e-03	9.96e-01
 9.49378e+15	1.54e-07	4.45e-03	9.96e-01
 9.71123e+15	1.70e-07	4.70e-03	9.95e-01
 9.91542e+15	1.88e-07	4.96e-03	9.95e-01
 1.01809e+16	2.11e-07	5.30e-03	9.95e-01
 1.04729e+16	2.42e-07	5.71e-03	9.94e-01
 1.07401e+16	2.71e-07	6.09e-03	9.94e-01
 1.10280e+16	3.04e-07	6.54e-03	9.93e-01
 1.13486e+16	3.56e-07	7.09e-03	9.93e-01
 1.16357e+16	4.00e-07	7.59e-03	9.92e-01
 1.18917e+16	4.42e-07	8.08e-03	9.92e-01
 1.21831e+16	5.00e-07	8.70e-03	9.91e-01
 1.25077e+16	5.87e-07	9.44e-03	9.91e-01
 1.28066e+16	6.61e-07	1.02e-02	9.90e-01
 1.30840e+16	7.38e-07	1.09e-02	9.89e-01
 1.34024e+16	8.68e-07	1.19e-02	9.88e-01
 1.37306e+16	9.79e-07	1.29e-02	9.87e-01
 1.40079e+16	1.13e-06	1.40e-02	9.86e-01
 1.42614e+16	1.27e-06	1.50e-02	9.85e-01
 1.45477e+16	1.43e-06	1.63e-02	9.84e-01
 1.48618e+16	1.68e-06	1.79e-02	9.82e-01
 1.51367e+16	1.93e-06	1.95e-02	9.81e-01
 1.53748e+16	2.16e-06	2.10e-02	9.79e-01
 1.56404e+16	2.55e-06	2.31e-02	9.77e-01
 1.59201e+16	2.89e-06	2.54e-02	9.75e-01
 1.61673e+16	3.42e-06	2.79e-02	9.72e-01
 1.63897e+16	3.92e-06	3.05e-02	9.70e-01
 1.65877e+16	4.44e-06	3.31e-02	9.67e-01
 1.67725e+16	5.03e-06	3.59e-02	9.64e-01
 1.69831e+16	5.79e-06	3.96e-02	9.60e-01
 1.72176e+16	6.87e-06	4.44e-02	9.56e-01
 1.74280e+16	7.98e-06	4.96e-02	9.50e-01
 1.76100e+16	9.44e-06	5.50e-02	9.45e-01
 1.77774e+16	1.08e-05	6.08e-02	9.39e-01
 1.79620e+16	1.28e-05	6.87e-02	9.31e-01
 1.81552e+16	1.56e-05	7.85e-02	9.21e-01
 1.83120e+16	1.89e-05	8.84e-02	9.12e-01
 1.84349e+16	2.18e-05	9.77e-02	9.02e-01
 1.85609e+16	2.55e-05	1.09e-01	8.91e-01
 1.87011e+16	3.08e-05	1.24e-01	8.76e-01
 1.88191e+16	3.60e-05	1.39e-01	8.61e-01
 1.89165e+16	4.10e-05	1.54e-01	8.46e-01
 1.90277e+16	4.98e-05	1.74e-01	8.26e-01
 1.91339e+16	5.77e-05	1.97e-01	8.03e-01
 1.92117e+16	6.70e-05	2.16e-01	7.84e-01
 1.92676e+16	7.37e-05	2.32e-01	7.68e-01
 1.93166e+16	8.07e-05	2.47e-01	7.53e-01
 1.93803e+16	9.07e-05	2.69e-01	7.31e-01
 1.94493e+16	1.03e-04	2.94e-01	7.06e-01
 1.95089e+16	1.14e-04	3.19e-01	6.81e-01
 1.95701e+16	1.30e-04	3.47e-01	6.53e-01
 1.96297e+16	1.45e-04	3.75e-01	6.25e-01
 1.96789e+16	1.59e-04	4.01e-01	5.99e-01
 1.97345e+16	1.78e-04	4.32e-01	5.68e-01
 1.97925e+16	1.98e-04	4.65e-01	5.35e-01
 1.98448e+16	2.18e-04	4.97e-01	5.03e-01
 1.99039e+16	2.43e-04	5.34e-01	4.66e-01
 1.99696e+16	2.72e-04	5.75e-01	4.25e-01
 2.00323e+16	3.01e-04	6.14e-01	3.86e-01
 2.01019e+16	3.35e-04	6.56e-01	3.43e-01
 2.01788e+16	3.72e-04	7.00e-01	2.99e-01
 2.02523e+16	4.08e-04	7.39e-01	2.60e-01
 2.03349e+16	4.49e-04	7.79e-01	2.20e-01
 2.04423e+16	5.00e-04	8.24e-01	1.76e-01
 2.05587e+16	5.50e-04	8.61e-01	1.38e-01
 2.06867e+16	6.01e-04	8.94e-01	1.05e-01
 2.08532e+16	6.62e-04	9.25e-01	7.48e-02
 2.10360e+16	7.22e-04	9.47e-01	5.27e-02
 2.12130e+16	7.78e-04	9.61e-01	3.82e-02
 2.13504e+16	8.20e-04	9.68e-01	3.07e-02
 2.14361e+16	8.48e-04	9.72e-01	2.68e-02
 2.15203e+16	8.75e-04	9.76e-01	2.34e-02
 2.16297e+16	9.14e-04	9.79e-01	1.96e-02
 2.17523e+16	9.57e-04	9.83e-01	1.64e-02
 2.18653e+16	1.00e-03	9.85e-01	1.40e-02
 2.19655e+16	1.04e-03	9.87e-01	1.22e-02
 2.20759e+16	1.09e-03	9.88e-01	1.05e-02
 2.21957e+16	1.15e-03	9.90e-01	9.00e-03
 2.22913e+16	1.20e-03	9.91e-01	8.03e-03
 2.23607e+16	1.24e-03	9.91e-01	7.39e-03
 2.24325e+16	1.28e-03	9.92e-01	6.76e-03
 2.25258e+16	1.35e-03	9.93e-01	6.03e-03
 2.26205e+16	1.41e-03	9.93e-01	5.43e-03
 2.26936e+16	1.47e-03	9.94e-01	5.01e-03
 2.27546e+16	1.52e-03	9.94e-01	4.68e-03
 2.28233e+16	1.59e-03	9.94e-01	4.33e-03
 2.29008e+16	1.66e-03	9.94e-01	3.98e-03
 2.29721e+16	1.74e-03	9.95e-01	3.70e-03
 2.30337e+16	1.81e-03	9.95e-01	3.47e-03
 2.31002e+16	1.90e-03	9.95e-01	3.23e-03
 2.31728e+16	2.00e-03	9.95e-01	3.00e-03
 2.32361e+16	2.10e-03	9.95e-01	2.82e-03
 2.32904e+16	2.18e-03	9.95e-01	2.68e-03
 2.33504e+16	2.29e-03	9.95e-01	2.51e-03
 2.34159e+16	2.42e-03	9.95e-01	2.36e-03
 2.34737e+16	2.55e-03	9.95e-01	2.23e-03
 2.35238e+16	2.67e-03	9.95e-01	2.13e-03
 2.35790e+16	2.81e-03	9.95e-01	2.02e-03
 2.36391e+16	2.99e-03	9.95e-01	1.91e-03
 2.36923e+16	3.16e-03	9.95e-01	1.82e-03
 2.37389e+16	3.32e-03	9.95e-01	1.74e-03
 2.37903e+16	3.52e-03	9.95e-01	1.66e-03
 2.38467e+16	3.77e-03	9.95e-01	1.58e-03
 2.38973e+16	4.02e-03	9.94e-01	1.51e-03
 2.39422e+16	4.27e-03	9.94e-01	1.45e-03
 2.39921e+16	4.57e-03	9.94e-01	1.38e-03
 2.40475e+16	4.96e-03	9.94e-01	1.32e-03
 2.40983e+16	5.38e-03	9.93e-01	1.26e-03
 2.41448e+16	5.82e-03	9.93e-01	1.21e-03
 2.41973e+16	6.39e-03	9.92e-01	1.16e-03
 2.42528e+16	7.09e-03	9.92e-01	1.11e-03
 2.42985e+16	7.81e-03	9.91e-01	1.07e-03
 2.43340e+16	8.44e-03	9.91e-01	1.04e-03
 2.43702e+16	9.20e-03	9.90e-01	1.00e-03
 2.44098e+16	1.02e-02	9.89e-01	9.73e-04
 2.44442e+16	1.12e-02	9.88e-01	9.48e-04
 2.44727e+16	1.21e-02	9.87e-01	9.31e-04
 2.45031e+16	1.33e-02	9.86e-01	9.10e-04
 2.45365e+16	1.48e-02	9.84e-01	8.90e-04
 2.45653e+16	1.64e-02	9.83e-01	8.72e-04
 2.45889e+16	1.79e-02	9.81e-01	8.61e-04
 2.46140e+16	1.98e-02	9.79e-01	8.47e-04
 2.46416e+16	2.22e-02	9.77e-01	8.37e-04
 2.46660e+16	2.49e-02	9.74e-01	8.28e-04
 2.46866e+16	2.74e-02	9.72e-01	8.23e-04
 2.47087e+16	3.06e-02	9.69e-01	8.19e-04
 2.47329e+16	3.48e-02	9.64e-01	8.18e-04
 2.47539e+16	3.93e-02	9.60e-01	8.19e-04
 2.47711e+16	4.36e-02	9.56e-01	8.23e-04
 2.47894e+16	4.90e-02	9.50e-01	8.25e-04
 2.48087e+16	5.55e-02	9.44e-01	8.37e-04
 2.48252e+16	6.23e-02	9.37e-01	8.47e-04
 2.48394e+16	6.90e-02	9.30e-01	8.60e-04
 2.48533e+16	7.67e-02	9.22e-01	8.70e-04
 2.48673e+16	8.52e-02	9.14e-01	8.89e-04
 2.48801e+16	9.44e-02	9.05e-01	9.05e-04
 2.48913e+16	1.03e-01	8.96e-01	9.22e-04
 2.49018e+16	1.13e-01	8.86e-01	9.37e-04
 2.49118e+16	1.23e-01	8.76e-01	9.57e-04
 2.49197e+16	1.31e-01	8.68e-01	9.71e-04
 2.49248e+16	1.37e-01	8.62e-01	9.81e-04
 2.49293e+16	1.43e-01	8.56e-01	9.90e-04
 2.49346e+16	1.50e-01	8.49e-01	1.00e-03
 2.49405e+16	1.58e-01	8.41e-01	1.01e-03
 2.49462e+16	1.66e-01	8.33e-01	1.02e-03
 2.49514e+16	1.74e-01	8.25e-01	1.04e-03
 2.49565e+16	1.83e-01	8.16e-01	1.05e-03
 2.49617e+16	1.91e-01	8.08e-01	1.06e-03
 2.49669e+16	2.01e-01	7.98e-01	1.07e-03
 2.49720e+16	2.10e-01	7.88e-01	1.09e-03
 2.49770e+16	2.21e-01	7.78e-01	1.10e-03
 2.49820e+16	2.31e-01	7.68e-01	1.11e-03
 2.49869e+16	2.42e-01	7.57e-01	1.12e-03
 2.49918e+16	2.54e-01	7.45e-01	1.14e-03
 2.49966e+16	2.65e-01	7.34e-01	1.15e-03
 2.50013e+16	2.77e-01	7.22e-01	1.16e-03
 2.50060e+16	2.89e-01	7.09e-01	1.17e-03
 2.50107e+16	3.02e-01	6.97e-01	1.18e-03
 2.50153e+16	3.16e-01	6.83e-01	1.19e-03
 2.50199e+16	3.29e-01	6.70e-01	1.20e-03
 2.50243e+16	3.43e-01	6.56e-01	1.21e-03
 2.50288e+16	3.57e-01	6.42e-01	1.22e-03
 2.50332e+16	3.71e-01	6.27e-01	1.23e-03
 2.50376e+16	3.87e-01	6.12e-01	1.23e-03
 2.50418e+16	4.01e-01	5.98e-01	1.24e-03
 2.50460e+16	4.16e-01	5.83e-01	1.25e-03
 2.50502e+16	4.31e-01	5.67e-01	1.25e-03
 2.50544e+16	4.47e-01	5.51e-01	1.26e-03
 2.50584e+16	4.63e-01	5.36e-01	1.26e-03
 2.50624e+16	4.78e-01	5.21e-01	1.26e-03
 2.50663e+16	4.93e-01	5.05e-01	1.26e-03
 2.50702e+16	5.08e-01	4.90e-01	1.27e-03
 2.50740e+16	5.23e-01	4.75e-01	1.26e-03
 2.50776e+16	5.38e-01	4.61e-01	1.26e-03
 2.50811e+16	5.53e-01	4.46e-01	1.26e-03
 2.50847e+16	5.67e-01	4.31e-01	1.25e-03
 2.50882e+16	5.82e-01	4.17e-01	1.25e-03
 2.50917e+16	5.95e-01	4.03e-01	1.24e-03
 2.50950e+16	6.09e-01	3.90e-01	1.24e-03
 2.50983e+16	6.22e-01	3.76e-01	1.23e-03
 2.51015e+16	6.35e-01	3.63e-01	1.22e-03
 2.51047e+16	6.48e-01	3.51e-01	1.21e-03
 2.51079e+16	6.60e-01	3.38e-01	1.20e-03
 2.51110e+16	6.72e-01	3.26e-01	1.19e-03
 2.51140e+16	6.84e-01	3.15e-01	1.18e-03
 2.51170e+16	6.96e-01	3.03e-01	1.16e-03
 2.51201e+16	7.07e-01	2.92e-01	1.15e-03
 2.51230e+16	7.18e-01	2.81e-01	1.14e-03
 2.51260e+16	7.28e-01	2.71e-01	1.12e-03
 2.51289e+16	7.38e-01	2.60e-01	1.11e-03
 2.51318e+16	7.48e-01	2.51e-01	1.09e-03
 2.51346e+16	7.58e-01	2.41e-01	1.07e-03
 2.51371e+16	7.66e-01	2.33e-01	1.06e-03
 2.51391e+16	7.72e-01	2.27e-01	1.04e-03
 2.51409e+16	7.78e-01	2.21e-01	1.03e-03
 2.51427e+16	7.84e-01	2.15e-01	1.02e-03
 2.51447e+16	7.90e-01	2.09e-01	1.00e-03
 2.51465e+16	7.96e-01	2.03e-01	9.92e-04
 2.51483e+16	8.01e-01	1.98e-01	9.78e-04
 2.51500e+16	8.06e-01	1.93e-01	9.66e-04
 2.51516e+16	8.11e-01	1.88e-01	9.53e-04
 2.51533e+16	8.15e-01	1.84e-01	9.41e-04
 2.51549e+16	8.20e-01	1.79e-01	9.28e-04
 2.51565e+16	8.24e-01	1.75e-01	9.16e-04
 2.51580e+16	8.28e-01	1.71e-01	9.04e-04
 2.51595e+16	8.32e-01	1.67e-01	8.92e-04
 2.51610e+16	8.36e-01	1.63e-01	8.80e-04
 2.51625e+16	8.39e-01	1.60e-01	8.68e-04
 2.51639e+16	8.43e-01	1.56e-01	8.56e-04
 2.51654e+16	8.46e-01	1.53e-01	8.45e-04
 2.51668e+16	8.50e-01	1.49e-01	8.33e-04
 2.51683e+16	8.53e-01	1.46e-01	8.21e-04
 2.51697e+16	8.56e-01	1.43e-01	8.09e-04
 2.51712e+16	8.60e-01	1.40e-01	7.97e-04
 2.51727e+16	8.63e-01	1.36e-01	7.84e-04
 2.51742e+16	8.66e-01	1.33e-01	7.72e-04
 2.51758e+16	8.69e-01	1.30e-01	7.59e-04
 2.51775e+16	8.73e-01	1.26e-01	7.45e-04
 2.51792e+16	8.76e-01	1.23e-01	7.32e-04
 2.51812e+16	8.80e-01	1.19e-01	7.16e-04
 2.51834e+16	8.84e-01	1.15e-01	6.99e-04
 2.51858e+16	8.88e-01	1.11e-01	6.79e-04
 2.51885e+16	8.93e-01	1.07e-01	6.59e-04
 2.51911e+16	8.97e-01	1.03e-01	6.40e-04
 2.51935e+16	9.00e-01	9.91e-02	6.21e-04
 2.51959e+16	9.04e-01	9.55e-02	6.02e-04
 2.51983e+16	9.07e-01	9.22e-02	5.84e-04
 2.52006e+16	9.10e-01	8.91e-02	5.67e-04
 2.52027e+16	9.13e-01	8.65e-02	5.51e-04
 2.52046e+16	9.15e-01	8.41e-02	5.37e-04
 2.52063e+16	9.17e-01	8.20e-02	5.25e-04
 2.52079e+16	9.19e-01	8.02e-02	5.13e-04
 2.52096e+16	9.21e-01	7.82e-02	5.01e-04
 2.52114e+16	9.23e-01	7.62e-02	4.89e-04
 2.52131e+16	9.25e-01	7.45e-02	4.78e-04
 2.52146e+16	9.27e-01	7.29e-02	4.68e-04
 2.52160e+16	9.28e-01	7.16e-02	4.59e-04
 2.52176e+16	9.30e-01	7.00e-02	4.49e-04
 2.52192e+16	9.31e-01	6.86e-02	4.39e-04
 2.52207e+16	9.32e-01	6.72e-02	4.30e-04
 2.52221e+16	9.34e-01	6.61e-02	4.23e-04
 2.52236e+16	9.35e-01	6.47e-02	4.13e-04
 2.52252e+16	9.36e-01	6.35e-02	4.05e-04
 2.52267e+16	9.37e-01	6.23e-02	3.97e-04
 2.52283e+16	9.39e-01	6.10e-02	3.88e-04
 2.52300e+16	9.40e-01	5.98e-02	3.79e-04
 2.52316e+16	9.41e-01	5.87e-02	3.72e-04
 2.52331e+16	9.42e-01	5.77e-02	3.65e-04
 2.52346e+16	9.43e-01	5.66e-02	3.57e-04
 2.52364e+16	9.44e-01	5.56e-02	3.49e-04
 2.52379e+16	9.45e-01	5.47e-02	3.42e-04
 2.52393e+16	9.46e-01	5.38e-02	3.36e-04
 2.52409e+16	9.47e-01	5.29e-02	3.29e-04
 2.52425e+16	9.48e-01	5.20e-02	3.23e-04
 2.52441e+16	9.48e-01	5.12e-02	3.17e-04
 2.52457e+16	9.49e-01	5.03e-02	3.11e-04
 2.52475e+16	9.50e-01	4.95e-02	3.04e-04
 2.52492e+16	9.51e-01	4.87e-02	2.99e-04
 2.52510e+16	9.52e-01	4.79e-02	2.93e-04
 2.52529e+16	9.53e-01	4.71e-02	2.87e-04
 2.52547e+16	9.53e-01	4.64e-02	2.82e-04
 2.52566e+16	9.54e-01	4.56e-02	2.76e-04
 2.52587e+16	9.55e-01	4.49e-02	2.70e-04
 2.52606e+16	9.55e-01	4.43e-02	2.66e-04
 2.52627e+16	9.56e-01	4.35e-02	2.60e-04
 2.52649e+16	9.57e-01	4.29e-02	2.55e-04
 2.52670e+16	9.57e-01	4.23e-02	2.51e-04
 2.52692e+16	9.58e-01	4.17e-02	2.46e-04
 2.52721e+16	9.59e-01	4.09e-02	2.40e-04
 2.52753e+16	9.60e-01	4.02e-02	2.35e-04
 2.52781e+16	9.60e-01	3.96e-02	2.31e-04
 2.52807e+16	9.61e-01	3.90e-02	2.26e-04
 2.52836e+16	9.61e-01	3.85e-02	2.22e-04
 2.52873e+16	9.62e-01	3.78e-02	2.17e-04
 2.52913e+16	9.63e-01	3.73e-02	2.13e-04
 2.52949e+16	9.63e-01	3.68e-02	2.09e-04
 2.52989e+16	9.64e-01	3.62e-02	2.04e-04
 2.53041e+16	9.64e-01	3.57e-02	2.00e-04
 2.53097e+16	9.65e-01	3.51e-02	1.96e-04
 2.53148e+16	9.65e-01	3.46e-02	1.92e-04
 2.53204e+16	9.66e-01	3.41e-02	1.88e-04
 2.53277e+16	9.66e-01	3.36e-02	1.84e-04
 2.53355e+16	9.67e-01	3.32e-02	1.80e-04
 2.53426e+16	9.67e-01	3.28e-02	1.77e-04
 2.53504e+16	9.67e-01	3.24e-02	1.73e-04
 2.53606e+16	9.68e-01	3.19e-02	1.69e-04
 2.53716e+16	9.68e-01	3.15e-02	1.65e-04
 2.53816e+16	9.69e-01	3.11e-02	1.62e-04
 2.53925e+16	9.69e-01	3.07e-02	1.58e-04
 2.54067e+16	9.70e-01	3.03e-02	1.54e-04
 2.54221e+16	9.70e-01	2.98e-02	1.49e-04
 2.54361e+16	9.70e-01	2.94e-02	1.46e-04
 2.54514e+16	9.71e-01	2.89e-02	1.41e-04
 2.54679e+16	9.71e-01	2.85e-02	1.37e-04
 2.54829e+16	9.72e-01	2.81e-02	1.33e-04
 2.54994e+16	9.72e-01	2.77e-02	1.29e-04
 2.55172e+16	9.73e-01	2.72e-02	1.25e-04
 2.55334e+16	9.73e-01	2.68e-02	1.22e-04
 2.55512e+16	9.73e-01	2.64e-02	1.18e-04
 2.55703e+16	9.74e-01	2.60e-02	1.14e-04
 2.55878e+16	9.74e-01	2.56e-02	1.11e-04
 2.56069e+16	9.75e-01	2.51e-02	1.07e-04
 2.56275e+16	9.75e-01	2.47e-02	1.04e-04
 2.56463e+16	9.76e-01	2.43e-02	1.00e-04
 2.56668e+16	9.76e-01	2.38e-02	9.68e-05
 2.56890e+16	9.77e-01	2.34e-02	9.33e-05
 2.57092e+16	9.77e-01	2.30e-02	9.03e-05
 2.57276e+16	9.77e-01	2.27e-02	8.77e-05
 2.57478e+16	9.78e-01	2.23e-02	8.47e-05
 2.57695e+16	9.78e-01	2.19e-02	8.19e-05
 2.57893e+16	9.78e-01	2.15e-02	7.94e-05
 2.58110e+16	9.79e-01	2.11e-02	7.66e-05
 2.58344e+16	9.79e-01	2.07e-02	7.38e-05
 2.58557e+16	9.80e-01	2.04e-02	7.14e-05
 2.58791e+16	9.80e-01	2.00e-02	6.88e-05
 2.59043e+16	9.80e-01	1.96e-02	6.62e-05
 2.59272e+16	9.81e-01	1.93e-02	6.40e-05
 2.59481e+16	9.81e-01	1.90e-02	6.20e-05
 2.59710e+16	9.81e-01	1.86e-02	5.98e-05
 2.59956e+16	9.82e-01	1.83e-02	5.77e-05
 2.60181e+16	9.82e-01	1.80e-02	5.58e-05
 2.60427e+16	9.82e-01	1.76e-02	5.38e-05
 2.60693e+16	9.83e-01	1.73e-02	5.18e-05
 2.60935e+16	9.83e-01	1.70e-02	5.00e-05
 2.61200e+16	9.83e-01	1.66e-02	4.81e-05
 2.61486e+16	9.84e-01	1.63e-02	4.62e-05
 2.61747e+16	9.84e-01	1.60e-02	4.46e-05
 2.62032e+16	9.84e-01	1.57e-02	4.28e-05
 2.62340e+16	9.85e-01	1.53e-02	4.10e-05
 2.62621e+16	9.85e-01	1.51e-02	3.95e-05
 2.62928e+16	9.85e-01	1.47e-02	3.78e-05
 2.63259e+16	9.86e-01	1.44e-02	3.62e-05
 2.63561e+16	9.86e-01	1.41e-02	3.48e-05
 2.63892e+16	9.86e-01	1.38e-02	3.33e-05
 2.64249e+16	9.87e-01	1.35e-02	3.18e-05
 2.64574e+16	9.87e-01	1.32e-02	3.05e-05
 2.64930e+16	9.87e-01	1.29e-02	2.91e-05
 2.65314e+16	9.87e-01	1.26e-02	2.77e-05
 2.65664e+16	9.88e-01	1.23e-02	2.65e-05
 2.66047e+16	9.88e-01	1.20e-02	2.52e-05
 2.66461e+16	9.88e-01	1.17e-02	2.40e-05
 2.66838e+16	9.89e-01	1.14e-02	2.30e-05
 2.67180e+16	9.89e-01	1.12e-02	2.20e-05
 2.67556e+16	9.89e-01	1.09e-02	2.10e-05
 2.67961e+16	9.89e-01	1.07e-02	2.01e-05
 2.68330e+16	9.90e-01	1.04e-02	1.92e-05
 2.68734e+16	9.90e-01	1.02e-02	1.83e-05
 2.69171e+16	9.90e-01	9.91e-03	1.74e-05
 2.69568e+16	9.90e-01	9.69e-03	1.67e-05
 2.70003e+16	9.91e-01	9.44e-03	1.58e-05
 2.70473e+16	9.91e-01	9.19e-03	1.50e-05
 2.70900e+16	9.91e-01	8.98e-03	1.43e-05
 2.71369e+16	9.91e-01	8.74e-03	1.36e-05
 2.71874e+16	9.91e-01	8.50e-03	1.29e-05
 2.72335e+16	9.92e-01	8.29e-03	1.23e-05
 2.72839e+16	9.92e-01	8.06e-03	1.16e-05
 2.73383e+16	9.92e-01	7.83e-03	1.09e-05
 2.73980e+16	9.92e-01	7.57e-03	1.02e-05
 2.74730e+16	9.93e-01	7.27e-03	9.45e-06
 2.75561e+16	9.93e-01	6.96e-03	8.68e-06
 2.76400e+16	9.93e-01	6.66e-03	7.97e-06
 2.77260e+16	9.94e-01	6.38e-03	7.31e-06
 2.78158e+16	9.94e-01	6.10e-03	6.69e-06
 2.79091e+16	9.94e-01	5.82e-03	6.11e-06
 2.80058e+16	9.94e-01	5.56e-03	5.56e-06
 2.81057e+16	9.95e-01	5.29e-03	5.06e-06
 2.82080e+16	9.95e-01	5.04e-03	4.60e-06
 2.83119e+16	9.95e-01	4.81e-03	4.18e-06
 2.84177e+16	9.95e-01	4.58e-03	3.79e-06
 2.85256e+16	9.96e-01	4.36e-03	3.44e-06
 2.86356e+16	9.96e-01	4.15e-03	3.12e-06
 2.87477e+16	9.96e-01	3.95e-03	2.83e-06
 2.88617e+16	9.96e-01	3.75e-03	2.56e-06
 2.89779e+16	9.96e-01	3.57e-03	2.32e-06
 2.90946e+16	9.97e-01	3.40e-03	2.10e-06
 2.92129e+16	9.97e-01	3.23e-03	1.90e-06
 2.93356e+16	9.97e-01	3.07e-03	1.72e-06
 2.94614e+16	9.97e-01	2.91e-03	1.55e-06
 2.95892e+16	9.97e-01	2.76e-03	1.39e-06
 2.97191e+16	9.97e-01	2.62e-03	1.25e-06
 2.98514e+16	9.98e-01	2.48e-03	1.13e-06
 2.99863e+16	9.98e-01	2.35e-03	1.01e-06
 3.01238e+16	9.98e-01	2.23e-03	9.10e-07
 3.02641e+16	9.98e-01	2.11e-03	8.16e-07
 3.04073e+16	9.98e-01	2.00e-03	7.30e-07
 3.05533e+16	9.98e-01	1.89e-03	6.53e-07
 3.07025e+16	9.98e-01	1.78e-03	5.83e-07
 3.08547e+16	9.98e-01	1.68e-03	5.20e-07
 3.10102e+16	9.98e-01	1.59e-03	4.63e-07
 3.11691e+16	9.99e-01	1.50e-03	4.12e-07
 3.13314e+16	9.99e-01	1.41e-03	3.65e-07
 3.14975e+16	9.99e-01	1.33e-03	3.24e-07
 3.16675e+16	9.99e-01	1.25e-03	2.86e-07
 3.18415e+16	9.99e-01	1.17e-03	2.52e-07
 3.20198e+16	9.99e-01	1.10e-03	2.22e-07
 3.22025e+16	9.99e-01	1.03e-03	1.95e-07
 3.23899e+16	9.99e-01	9.66e-04	1.71e-07
 3.25823e+16	9.99e-01	9.02e-04	1.49e-07
 3.27803e+16	9.99e-01	8.43e-04	1.30e-07
 3.29840e+16	9.99e-01	7.86e-04	1.13e-07
 3.31938e+16	9.99e-01	7.33e-04	9.84e-08
 3.34057e+16	9.99e-01	6.83e-04	8.53e-08
 3.36233e+16	9.99e-01	6.34e-04	7.35e-08
 3.38541e+16	9.99e-01	5.87e-04	6.29e-08
 3.40952e+16	9.99e-01	5.42e-04	5.36e-08
 3.43440e+16	1.00e+00	5.00e-04	4.54e-08
 3.46019e+16	1.00e+00	4.59e-04	3.83e-08
 3.48709e+16	1.00e+00	4.21e-04	3.21e-08
 3.51525e+16	1.00e+00	3.84e-04	2.67e-08
 3.54485e+16	1.00e+00	3.50e-04	2.20e-08
 3.57601e+16	1.00e+00	3.17e-04	1.80e-08
 3.60882e+16	1.00e+00	2.85e-04	1.46e-08
 3.64379e+16	1.00e+00	2.56e-04	1.17e-08
 3.68117e+16	1.00e+00	2.28e-04	9.20e-09
 3.72103e+16	1.00e+00	2.01e-04	7.15e-09
 3.76397e+16	1.00e+00	1.76e-04	5.46e-09
 3.81075e+16	1.00e+00	1.52e-04	4.07e-09
 3.86226e+16	1.00e+00	1.30e-04	2.95e-09
 3.92129e+16	1.00e+00	1.09e-04	2.05e-09
 3.98683e+16	1.00e+00	8.92e-05	1.38e-09
 4.05827e+16	1.00e+00	7.20e-05	8.91e-10
 4.13887e+16	1.00e+00	5.65e-05	5.48e-10
 4.22524e+16	1.00e+00	4.38e-05	3.30e-10
 4.31188e+16	1.00e+00	3.40e-05	2.00e-10
 4.39796e+16	1.00e+00	2.65e-05	1.22e-10
 4.48499e+16	1.00e+00	2.07e-05	7.44e-11
 4.57430e+16	1.00e+00	1.60e-05	4.51e-11
 4.66610e+16	1.00e+00	1.24e-05	2.72e-11
 4.76042e+16	1.00e+00	9.57e-06	1.63e-11
 4.85762e+16	1.00e+00	7.36e-06	9.75e-12
 4.95806e+16	1.00e+00	5.64e-06	5.78e-12
 5.06228e+16	1.00e+00	4.30e-06	3.38e-12
 5.17018e+16	1.00e+00	3.26e-06	1.97e-12
 5.28253e+16	1.00e+00	2.46e-06	1.13e-12
 5.40042e+16	1.00e+00	1.85e-06	6.43e-13
 5.52428e+16	1.00e+00	1.38e-06	3.59e-13
 5.65508e+16	1.00e+00	1.01e-06	1.97e-13
 5.79400e+16	1.00e+00	7.39e-07	1.05e-13
 5.94207e+16	1.00e+00	5.32e-07	5.50e-14
 6.09683e+16	1.00e+00	3.82e-07	2.85e-14
 6.25343e+16	1.00e+00	2.75e-07	1.49e-14
 6.41004e+16	1.00e+00	2.00e-07	7.93e-15
 6.56664e+16	1.00e+00	1.47e-07	4.29e-15
 6.72324e+16	1.00e+00	1.09e-07	2.35e-15
 6.87985e+16	1.00e+00	8.08e-08	1.31e-15
 7.03645e+16	1.00e+00	6.06e-08	7.37e-16
 7.21654e+16	1.00e+00	4.35e-08	3.81e-16
 7.42320e+16	1.00e+00	3.03e-08	1.86e-16
 7.63292e+16	1.00e+00	2.13e-08	9.16e-17
 7.85777e+16	1.00e+00	1.46e-08	4.35e-17
 8.10127e+16	1.00e+00	9.92e-09	2.01e-17
 8.34829e+16	1.00e+00	6.78e-09	9.40e-18
 8.59531e+16	1.00e+00	4.69e-09	4.50e-18
 8.85293e+16	1.00e+00	3.22e-09	2.12e-18
 9.12510e+16	1.00e+00	2.19e-09	9.88e-19
 9.40525e+16	1.00e+00	1.49e-09	4.59e-19
 9.68945e+16	1.00e+00	1.03e-09	2.17e-19
 9.97365e+16	1.00e+00	7.11e-10	1.04e-19
 1.02578e+17	1.00e+00	4.98e-10	5.12e-20
 1.05420e+17	1.00e+00	3.52e-10	2.56e-20
 1.08262e+17	1.00e+00	2.51e-10	1.30e-20
 1.11104e+17	1.00e+00	1.80e-10	6.74e-21
 1.13947e+17	1.00e+00	1.31e-10	0.00e+00
 1.16789e+17	1.00e+00	9.53e-11	0.00e+00
 1.19774e+17	1.00e+00	6.88e-11	0.00e+00
 1.22904e+17	1.00e+00	4.96e-11	0.00e+00
 1.26034e+17	1.00e+00	3.60e-11	0.00e+00
 1.29164e+17	1.00e+00	2.64e-11	0.00e+00
 1.32294e+17	1.00e+00	1.95e-11	0.00e+00
 1.35424e+17	1.00e+00	1.46e-11	0.00e+00
 1.38554e+17	1.00e+00	1.10e-11	0.00e+00
 1.41668e+17	1.00e+00	8.46e-12	0.00e+00
 1.44711e+17	1.00e+00	6.61e-12	0.00e+00
 1.47641e+17	1.00e+00	5.28e-12	0.00e+00
 1.50456e+17	1.00e+00	4.31e-12	0.00e+00
 1.53163e+17	1.00e+00	3.59e-12	0.00e+00
 1.55760e+17	1.00e+00	3.05e-12	0.00e+00
 1.58246e+17	1.00e+00	2.65e-12	0.00e+00
 1.60614e+17	1.00e+00	2.34e-12	0.00e+00
 1.62865e+17	1.00e+00	2.10e-12	0.00e+00
 1.65002e+17	1.00e+00	1.91e-12	0.00e+00
 1.67029e+17	1.00e+00	1.77e-12	0.00e+00
 1.68953e+17	1.00e+00	1.65e-12	0.00e+00
 1.70776e+17	1.00e+00	1.56e-12	0.00e+00
 1.72502e+17	1.00e+00	1.48e-12	0.00e+00
 1.74135e+17	1.00e+00	1.42e-12	0.00e+00
 1.75681e+17	1.00e+00	1.37e-12	0.00e+00
 1.77145e+17	1.00e+00	1.33e-12	0.00e+00
 1.78531e+17	1.00e+00	1.29e-12	0.00e+00
 1.79843e+17	1.00e+00	1.26e-12	0.00e+00
 1.81086e+17	1.00e+00	1.24e-12	0.00e+00
 1.82264e+17	1.00e+00	1.22e-12	0.00e+00
 1.83379e+17	1.00e+00	1.20e-12	0.00e+00
 1.84436e+17	1.00e+00	1.18e-12	0.00e+00
 1.85438e+17	1.00e+00	1.17e-12	0.00e+00
 1.86388e+17	1.00e+00	1.16e-12	0.00e+00
 1.87289e+17	1.00e+00	1.15e-12	0.00e+00
 1.88144e+17	1.00e+00	1.14e-12	0.00e+00
 1.88957e+17	1.00e+00	1.13e-12	0.00e+00
 1.89728e+17	1.00e+00	1.13e-12	0.00e+00
 1.90461e+17	1.00e+00	1.12e-12	0.00e+00
 1.91158e+17	1.00e+00	1.11e-12	0.00e+00
 1.91821e+17	1.00e+00	1.11e-12	0.00e+00
 1.92451e+17	1.00e+00	1.11e-12	0.00e+00
 1.93052e+17	1.00e+00	1.10e-12	0.00e+00
 1.93624e+17	1.00e+00	1.10e-12	0.00e+00
 1.94170e+17	1.00e+00	1.09e-12	0.00e+00
 1.94690e+17	1.00e+00	1.09e-12	0.00e+00
 1.95187e+17	1.00e+00	1.09e-12	0.00e+00
 1.95662e+17	1.00e+00	1.09e-12	0.00e+00
 1.96116e+17	1.00e+00	1.08e-12	0.00e+00
 1.96551e+17	1.00e+00	1.08e-12	0.00e+00
 1.96968e+17	1.00e+00	1.08e-12	0.00e+00
 1.97368e+17	1.00e+00	1.08e-12	0.00e+00
 1.97752e+17	1.00e+00	1.08e-12	0.00e+00
 1.98121e+17	1.00e+00	1.07e-12	0.00e+00
 1.98477e+17	1.00e+00	1.07e-12	0.00e+00
 1.98821e+17	1.00e+00	1.07e-12	0.00e+00
 1.99153e+17	1.00e+00	1.07e-12	0.00e+00
 1.99475e+17	1.00e+00	1.07e-12	0.00e+00
 1.99788e+17	1.00e+00	1.07e-12	0.00e+00
 2.00093e+17	1.00e+00	1.07e-12	0.00e+00
 2.00390e+17	1.00e+00	1.07e-12	0.00e+00
 2.00682e+17	1.00e+00	1.06e-12	0.00e+00
 2.00968e+17	1.00e+00	1.06e-12	0.00e+00
 2.01252e+17	1.00e+00	1.06e-12	0.00e+00
 2.01533e+17	1.00e+00	1.06e-12	0.00e+00
 2.01813e+17	1.00e+00	1.06e-12	0.00e+00
 2.02094e+17	1.00e+00	1.06e-12	0.00e+00
 2.02377e+17	1.00e+00	1.06e-12	0.00e+00
 2.02666e+17	1.00e+00	1.06e-12	0.00e+00
 2.02962e+17	1.00e+00	1.05e-12	0.00e+00
 2.03268e+17	1.00e+00	1.05e-12	0.00e+00
 2.03589e+17	1.00e+00	1.05e-12	0.00e+00
 2.03929e+17	1.00e+00	1.05e-12	0.00e+00
 2.04295e+17	1.00e+00	1.05e-12	0.00e+00
 2.04695e+17	1.00e+00	1.04e-12	0.00e+00
 2.05141e+17	1.00e+00	1.04e-12	0.00e+00
 2.05650e+17	1.00e+00	1.04e-12	0.00e+00
 2.06245e+17	1.00e+00	1.03e-12	0.00e+00
 2.06964e+17	1.00e+00	1.03e-12	0.00e+00
 2.07860e+17	1.00e+00	1.02e-12	0.00e+00
 2.09013e+17	1.00e+00	1.00e-12	0.00e+00
 2.10512e+17	1.00e+00	9.81e-13	0.00e+00
 2.12461e+17	1.00e+00	9.48e-13	0.00e+00
 2.14994e+17	1.00e+00	9.03e-13	0.00e+00
 2.18287e+17	1.00e+00	8.41e-13	0.00e+00
 2.22568e+17	1.00e+00	7.61e-13	0.00e+00
 2.28134e+17	1.00e+00	6.63e-13	0.00e+00
 2.35369e+17	1.00e+00	5.49e-13	0.00e+00
 2.44247e+17	1.00e+00	4.25e-13	0.00e+00
 2.54017e+17	1.00e+00	3.38e-13	0.00e+00
 2.64178e+17	1.00e+00	3.01e-13	0.00e+00
 2.74745e+17	1.00e+00	2.73e-13	0.00e+00
 2.85735e+17	1.00e+00	2.47e-13	0.00e+00
 2.97164e+17	1.00e+00	2.21e-13	0.00e+00
 3.09051e+17	1.00e+00	1.97e-13	0.00e+00
 3.21413e+17	1.00e+00	1.74e-13	0.00e+00
 3.34270e+17	1.00e+00	1.52e-13	0.00e+00
 3.47641e+17	1.00e+00	1.31e-13	0.00e+00
 3.61076e+17	1.00e+00	1.11e-13	0.00e+00
 3.73642e+17	1.00e+00	1.04e-13	0.00e+00
 3.84846e+17	1.00e+00	1.10e-13	0.00e+00
 3.94948e+17	1.00e+00	1.16e-13	0.00e+00
 4.04452e+17	1.00e+00	1.16e-13	0.00e+00
 4.13572e+17	1.00e+00	1.09e-13	0.00e+00
 4.22103e+17	1.00e+00	1.02e-13	0.00e+00
 4.29718e+17	1.00e+00	9.71e-14	0.00e+00
 4.36258e+17	1.00e+00	9.51e-14	0.00e+00
 4.41272e+17	1.00e+00	9.38e-14	0.00e+00
 4.44432e+17	1.00e+00	9.80e-14	0.00e+00
 4.46250e+17	1.00e+00	1.03e-13	0.00e+00
 4.47332e+17	1.00e+00	1.05e-13	0.00e+00
 4.47982e+17	1.00e+00	1.07e-13	0.00e+00
 4.48393e+17	1.00e+00	1.08e-13	0.00e+00
 4.48743e+17	1.00e+00	1.09e-13	0.00e+00
 4.49146e+17	1.00e+00	1.09e-13	0.00e+00
 4.49598e+17	1.00e+00	1.10e-13	0.00e+00
 4.50025e+17	1.00e+00	1.10e-13	0.00e+00
 4.50367e+17	1.00e+00	1.10e-13	0.00e+00
 4.50656e+17	1.00e+00	1.10e-13	0.00e+00
 4.50940e+17	1.00e+00	1.10e-13	0.00e+00
 4.51236e+17	1.00e+00	1.10e-13	0.00e+00
 4.51519e+17	1.00e+00	1.10e-13	0.00e+00
 4.51771e+17	1.00e+00	1.09e-13	0.00e+00
 4.52000e+17	1.00e+00	1.09e-13	0.00e+00
 4.52228e+17	1.00e+00	1.09e-13	0.00e+00
 4.52458e+17	1.00e+00	1.09e-13	0.00e+00
 4.52675e+17	1.00e+00	1.09e-13	0.00e+00
 4.52875e+17	1.00e+00	1.08e-13	0.00e+00
 4.53060e+17	1.00e+00	1.08e-13	0.00e+00
 4.53239e+17	1.00e+00	1.08e-13	0.00e+00
 4.53417e+17	1.00e+00	1.07e-13	0.00e+00
 4.53592e+17	1.00e+00	1.07e-13	0.00e+00
 4.53761e+17	1.00e+00	1.07e-13	0.00e+00
 4.53923e+17	1.00e+00	1.07e-13	0.00e+00
 4.54080e+17	1.00e+00	1.06e-13	0.00e+00
 4.54231e+17	1.00e+00	1.06e-13	0.00e+00
 4.54377e+17	1.00e+00	1.06e-13	0.00e+00
 4.54522e+17	1.00e+00	1.05e-13	0.00e+00
 4.54667e+17	1.00e+00	1.05e-13	0.00e+00
 4.54811e+17	1.00e+00	1.05e-13	0.00e+00
 4.54952e+17	1.00e+00	1.04e-13	0.00e+00
 4.55091e+17	1.00e+00	1.04e-13	0.00e+00
 4.55228e+17	1.00e+00	1.04e-13	0.00e+00
 4.55361e+17	1.00e+00	1.03e-13	0.00e+00
 4.55492e+17	1.00e+00	1.03e-13	0.00e+00
 4.55631e+17	1.00e+00	1.03e-13	0.00e+00
 4.55778e+17	1.00e+00	1.02e-13	0.00e+00
 4.55921e+17	1.00e+00	1.02e-13	0.00e+00
 4.56058e+17	1.00e+00	1.01e-13	0.00e+00
 4.56194e+17	1.00e+00	1.01e-13	0.00e+00
 4.56333e+17	1.00e+00	1.00e-13	0.00e+00
 4.56484e+17	1.00e+00	1.00e-13	0.00e+00
 4.56640e+17	1.00e+00	9.95e-14	0.00e+00
 4.56792e+17	1.00e+00	9.90e-14	0.00e+00
 4.56939e+17	1.00e+00	9.85e-14	0.00e+00
 4.57103e+17	1.00e+00	9.80e-14	0.00e+00
 4.57280e+17	1.00e+00	9.73e-14	0.00e+00
 4.57445e+17	1.00e+00	9.67e-14	0.00e+00
 4.57599e+17	1.00e+00	9.62e-14	0.00e+00
 4.57766e+17	1.00e+00	9.56e-14	0.00e+00
 4.57954e+17	1.00e+00	9.49e-14	0.00e+00
 4.58146e+17	1.00e+00	9.42e-14	0.00e+00
 4.58324e+17	1.00e+00	9.35e-14	0.00e+00
 4.58504e+17	1.00e+00	9.28e-14	0.00e+00
 4.58700e+17	1.00e+00	9.20e-14	0.00e+00
 4.58896e+17	1.00e+00	9.13e-14	0.00e+00
 4.59098e+17	1.00e+00	9.05e-14	0.00e+00
 4.59320e+17	1.00e+00	8.97e-14	0.00e+00
 4.59550e+17	1.00e+00	8.87e-14	0.00e+00
 4.59770e+17	1.00e+00	8.78e-14	0.00e+00
 4.59985e+17	1.00e+00	8.69e-14	0.00e+00
 4.60209e+17	1.00e+00	8.60e-14	0.00e+00
 4.60452e+17	1.00e+00	8.51e-14	0.00e+00
 4.60716e+17	1.00e+00	8.40e-14	0.00e+00
 4.60983e+17	1.00e+00	8.29e-14	0.00e+00
 4.61245e+17	1.00e+00	8.18e-14	0.00e+00
 4.61505e+17	1.00e+00	8.06e-14	0.00e+00
 4.61773e+17	1.00e+00	7.95e-14	0.00e+00
 4.62058e+17	1.00e+00	7.83e-14	0.00e+00
 4.62352e+17	1.00e+00	7.71e-14	0.00e+00
 4.62655e+17	1.00e+00	7.58e-14	0.00e+00
 4.62965e+17	1.00e+00	7.46e-14	0.00e+00
 4.63292e+17	1.00e+00	7.32e-14	0.00e+00
 4.63631e+17	1.00e+00	7.17e-14	0.00e+00
 4.63959e+17	1.00e+00	7.03e-14	0.00e+00
 4.64287e+17	1.00e+00	6.90e-14	0.00e+00
 4.64643e+17	1.00e+00	6.76e-14	0.00e+00
 4.65026e+17	1.00e+00	6.59e-14	0.00e+00
 4.65403e+17	1.00e+00	6.43e-14	0.00e+00
 4.65765e+17	1.00e+00	6.28e-14	0.00e+00
 4.66143e+17	1.00e+00	6.13e-14	0.00e+00
 4.66550e+17	1.00e+00	5.97e-14	0.00e+00
 4.66974e+17	1.00e+00	5.80e-14	0.00e+00
 4.67400e+17	1.00e+00	5.63e-14	0.00e+00
 4.67816e+17	1.00e+00	5.46e-14	0.00e+00
 4.68237e+17	1.00e+00	5.30e-14	0.00e+00
 4.68683e+17	1.00e+00	5.13e-14	0.00e+00
 4.69154e+17	1.00e+00	4.96e-14	0.00e+00
 4.69629e+17	1.00e+00	4.78e-14	0.00e+00
 4.70102e+17	1.00e+00	4.61e-14	0.00e+00
 4.70586e+17	1.00e+00	4.43e-14	0.00e+00
 4.71086e+17	1.00e+00	4.26e-14	0.00e+00
 4.71597e+17	1.00e+00	4.08e-14	0.00e+00
 4.72121e+17	1.00e+00	3.90e-14	0.00e+00
 4.72649e+17	1.00e+00	3.73e-14	0.00e+00
 4.73189e+17	1.00e+00	3.56e-14	0.00e+00
 4.73744e+17	1.00e+00	3.39e-14	0.00e+00
 4.74317e+17	1.00e+00	3.21e-14	0.00e+00
 4.74907e+17	1.00e+00	3.04e-14	0.00e+00
 4.75490e+17	1.00e+00	2.87e-14	0.00e+00
 4.76082e+17	1.00e+00	2.71e-14	0.00e+00
 4.76710e+17	1.00e+00	2.55e-14	0.00e+00
 4.77366e+17	1.00e+00	2.39e-14	0.00e+00
 4.78051e+17	1.00e+00	2.23e-14	0.00e+00
 4.78760e+17	1.00e+00	2.06e-14	0.00e+00
 4.79456e+17	1.00e+00	1.91e-14	0.00e+00
 4.80128e+17	1.00e+00	1.77e-14	0.00e+00
 4.80750e+17	1.00e+00	1.64e-14	0.00e+00
 4.81298e+17	1.00e+00	1.54e-14	0.00e+00
 4.81788e+17	1.00e+00	1.45e-14	0.00e+00
 4.82248e+17	1.00e+00	1.37e-14	0.00e+00
 4.82697e+17	1.00e+00	1.30e-14	0.00e+00
 4.83133e+17	1.00e+00	1.23e-14	0.00e+00
 4.83548e+17	1.00e+00	1.17e-14	0.00e+00
 4.83936e+17	1.00e+00	1.11e-14	0.00e+00
 4.84302e+17	1.00e+00	1.06e-14	0.00e+00
 4.84657e+17	1.00e+00	1.01e-14	0.00e+00
 4.85003e+17	1.00e+00	9.66e-15	0.00e+00
 4.85337e+17	1.00e+00	9.24e-15	0.00e+00
 4.85658e+17	1.00e+00	8.84e-15	0.00e+00
 4.85964e+17	1.00e+00	8.47e-15	0.00e+00
 4.86259e+17	1.00e+00	8.13e-15	0.00e+00
 4.86546e+17	1.00e+00	7.81e-15	0.00e+00
 4.86824e+17	1.00e+00	7.50e-15	0.00e+00
 4.87093e+17	1.00e+00	7.21e-15	0.00e+00
 4.87352e+17	1.00e+00	6.92e-15	0.00e+00
 4.87602e+17	1.00e+00	6.67e-15	0.00e+00
 4.87844e+17	1.00e+00	6.42e-15	0.00e+00
 4.88080e+17	1.00e+00	6.19e-15	0.00e+00
 4.88311e+17	1.00e+00	5.97e-15	0.00e+00
 4.88534e+17	1.00e+00	5.76e-15	0.00e+00
 4.88753e+17	1.00e+00	5.56e-15	0.00e+00
 4.88965e+17	1.00e+00	5.35e-15	0.00e+00
 4.89168e+17	1.00e+00	5.17e-15	0.00e+00
 4.89364e+17	1.00e+00	5.01e-15	0.00e+00
 4.89558e+17	1.00e+00	4.85e-15	0.00e+00
 4.89752e+17	1.00e+00	4.69e-15	0.00e+00
 4.89975e+17	1.00e+00	4.53e-15	0.00e+00
 4.90266e+17	1.00e+00	4.34e-15	0.00e+00
 4.90643e+17	1.00e+00	4.09e-15	0.00e+00
 4.91134e+17	1.00e+00	3.79e-15	0.00e+00
 4.91772e+17	1.00e+00	3.42e-15	0.00e+00
 4.92601e+17	1.00e+00	2.98e-15	0.00e+00
 4.93560e+17	1.00e+00	2.49e-15	0.00e+00
 4.94437e+17	1.00e+00	2.06e-15	0.00e+00
 4.95104e+17	1.00e+00	1.76e-15	0.00e+00
 4.95617e+17	1.00e+00	1.58e-15	0.00e+00
 4.96109e+17	1.00e+00	1.43e-15	0.00e+00
 4.96666e+17	1.00e+00	1.29e-15	0.00e+00
 4.97283e+17	1.00e+00	1.14e-15	0.00e+00
 4.97904e+17	1.00e+00	1.01e-15	0.00e+00
 4.98479e+17	1.00e+00	8.89e-16	0.00e+00
 4.99012e+17	1.00e+00	7.96e-16	0.00e+00
 4.99550e+17	1.00e+00	7.15e-16	0.00e+00
