#depth	C	C+	C+2	C+3	C+4	C+5	C+6	C[1]	C[2]	C[3]	C+[1]	C+[2]	CO
 1.49634e+10	1.31e-45	2.33e-34	3.38e-24	1.52e-14	2.28e-04	4.09e-01	5.91e-01	0.00e+00	0.00e+00	0.00e+00	0.00e+00	0.00e+00	2.56e-144
 4.54887e+10	0.00e+00	3.32e-34	4.45e-24	1.85e-14	2.56e-04	4.28e-01	5.72e-01	0.00e+00	0.00e+00	0.00e+00	0.00e+00	0.00e+00	2.28e-188
 7.72350e+10	3.14e-45	4.77e-34	5.91e-24	2.27e-14	2.90e-04	4.47e-01	5.52e-01	0.00e+00	0.00e+00	0.00e+00	0.00e+00	0.00e+00	2.52e-143
 1.10251e+11	0.00e+00	6.85e-34	7.85e-24	2.78e-14	3.28e-04	4.67e-01	5.32e-01	0.00e+00	0.00e+00	0.00e+00	0.00e+00	0.00e+00	1.18e-187
 1.44588e+11	7.58e-45	9.82e-34	1.04e-23	3.40e-14	3.71e-04	4.87e-01	5.13e-01	0.00e+00	0.00e+00	0.00e+00	0.00e+00	0.00e+00	2.50e-142
 1.80298e+11	0.00e+00	1.41e-33	1.38e-23	4.16e-14	4.19e-04	5.07e-01	4.93e-01	0.00e+00	0.00e+00	0.00e+00	0.00e+00	0.00e+00	6.15e-187
 2.17437e+11	1.83e-44	2.02e-33	1.82e-23	5.07e-14	4.72e-04	5.27e-01	4.73e-01	0.00e+00	0.00e+00	0.00e+00	0.00e+00	0.00e+00	2.49e-141
 2.56061e+11	0.00e+00	2.89e-33	2.41e-23	6.19e-14	5.32e-04	5.47e-01	4.53e-01	0.00e+00	0.00e+00	0.00e+00	0.00e+00	0.00e+00	3.20e-186
 2.96231e+11	4.39e-44	4.13e-33	3.18e-23	7.55e-14	5.98e-04	5.66e-01	4.33e-01	0.00e+00	0.00e+00	0.00e+00	0.00e+00	0.00e+00	2.47e-140
 3.35120e+11	0.00e+00	5.76e-33	4.11e-23	9.06e-14	6.67e-04	5.84e-01	4.15e-01	0.00e+00	0.00e+00	0.00e+00	0.00e+00	0.00e+00	1.67e-185
 3.70682e+11	9.46e-44	7.73e-33	5.17e-23	1.06e-13	7.34e-04	6.00e-01	3.99e-01	0.00e+00	0.00e+00	0.00e+00	0.00e+00	0.00e+00	1.86e-139
 4.10128e+11	0.00e+00	1.06e-32	6.61e-23	1.27e-13	8.15e-04	6.17e-01	3.82e-01	0.00e+00	0.00e+00	0.00e+00	0.00e+00	0.00e+00	7.05e-185
 4.56036e+11	2.15e-43	1.51e-32	8.68e-23	1.54e-13	9.11e-04	6.36e-01	3.63e-01	0.00e+00	0.00e+00	0.00e+00	0.00e+00	0.00e+00	1.60e-138
 5.01519e+11	0.00e+00	2.11e-32	1.12e-22	1.85e-13	1.01e-03	6.53e-01	3.46e-01	0.00e+00	0.00e+00	0.00e+00	0.00e+00	0.00e+00	3.19e-184
 5.45219e+11	4.75e-43	2.88e-32	1.43e-22	2.19e-13	1.12e-03	6.69e-01	3.30e-01	0.00e+00	0.00e+00	0.00e+00	0.00e+00	0.00e+00	1.30e-137
 5.93352e+11	0.00e+00	4.02e-32	1.85e-22	2.62e-13	1.25e-03	6.85e-01	3.14e-01	0.00e+00	0.00e+00	0.00e+00	0.00e+00	0.00e+00	1.38e-183
 6.47012e+11	1.10e-42	5.72e-32	2.43e-22	3.18e-13	1.39e-03	7.02e-01	2.97e-01	0.00e+00	0.00e+00	0.00e+00	0.00e+00	0.00e+00	1.21e-136
 7.01549e+11	0.00e+00	8.09e-32	3.18e-22	3.83e-13	1.55e-03	7.18e-01	2.80e-01	0.00e+00	0.00e+00	0.00e+00	0.00e+00	0.00e+00	6.30e-183
 7.58267e+11	2.59e-42	1.14e-31	4.15e-22	4.62e-13	1.73e-03	7.34e-01	2.64e-01	0.00e+00	0.00e+00	0.00e+00	0.00e+00	0.00e+00	1.15e-135
 8.18524e+11	0.00e+00	1.63e-31	5.46e-22	5.60e-13	1.93e-03	7.49e-01	2.49e-01	0.00e+00	0.00e+00	0.00e+00	0.00e+00	0.00e+00	2.82e-182
 8.81192e+11	6.20e-42	2.33e-31	7.17e-22	6.77e-13	2.15e-03	7.64e-01	2.34e-01	0.00e+00	0.00e+00	0.00e+00	0.00e+00	0.00e+00	1.17e-134
 9.46366e+11	0.00e+00	3.32e-31	9.43e-22	8.19e-13	2.40e-03	7.78e-01	2.19e-01	0.00e+00	0.00e+00	0.00e+00	0.00e+00	0.00e+00	1.21e-181
 1.01415e+12	1.49e-41	4.73e-31	1.24e-21	9.91e-13	2.67e-03	7.92e-01	2.06e-01	0.00e+00	0.00e+00	0.00e+00	0.00e+00	0.00e+00	1.19e-133
 1.08464e+12	0.00e+00	6.75e-31	1.63e-21	1.20e-12	2.97e-03	8.05e-01	1.93e-01	0.00e+00	0.00e+00	0.00e+00	0.00e+00	0.00e+00	4.30e-181
 1.15795e+12	3.57e-41	9.63e-31	2.14e-21	1.45e-12	3.31e-03	8.17e-01	1.80e-01	0.00e+00	0.00e+00	0.00e+00	0.00e+00	0.00e+00	1.21e-132
 1.22674e+12	0.00e+00	1.33e-30	2.74e-21	1.72e-12	3.64e-03	8.27e-01	1.69e-01	0.00e+00	0.00e+00	0.00e+00	0.00e+00	0.00e+00	7.93e-181
 1.28800e+12	7.47e-41	1.75e-30	3.39e-21	1.99e-12	3.95e-03	8.36e-01	1.60e-01	0.00e+00	0.00e+00	0.00e+00	0.00e+00	0.00e+00	8.63e-132
 1.35668e+12	0.00e+00	2.37e-30	4.28e-21	2.34e-12	4.33e-03	8.45e-01	1.51e-01	0.00e+00	0.00e+00	0.00e+00	0.00e+00	0.00e+00	0.00e+00
 1.43837e+12	1.67e-40	3.35e-30	5.58e-21	2.81e-12	4.80e-03	8.54e-01	1.41e-01	0.00e+00	0.00e+00	0.00e+00	0.00e+00	0.00e+00	7.25e-131
 1.52061e+12	0.00e+00	4.69e-30	7.22e-21	3.36e-12	5.30e-03	8.63e-01	1.31e-01	0.00e+00	0.00e+00	0.00e+00	0.00e+00	0.00e+00	0.00e+00
 1.59745e+12	3.67e-40	6.36e-30	9.12e-21	3.95e-12	5.79e-03	8.71e-01	1.23e-01	0.00e+00	0.00e+00	0.00e+00	0.00e+00	0.00e+00	5.91e-130
 1.68259e+12	0.00e+00	8.83e-30	1.17e-20	4.69e-12	6.38e-03	8.78e-01	1.15e-01	0.00e+00	0.00e+00	0.00e+00	0.00e+00	0.00e+00	0.00e+00
 1.77982e+12	8.60e-40	1.26e-29	1.54e-20	5.67e-12	7.08e-03	8.86e-01	1.07e-01	0.00e+00	0.00e+00	0.00e+00	0.00e+00	0.00e+00	5.63e-129
 1.87639e+12	0.00e+00	1.78e-29	2.01e-20	6.80e-12	7.82e-03	8.93e-01	9.92e-02	0.00e+00	0.00e+00	0.00e+00	0.00e+00	0.00e+00	0.00e+00
 1.97682e+12	2.02e-39	2.52e-29	2.62e-20	8.16e-12	8.64e-03	8.99e-01	9.21e-02	0.00e+00	0.00e+00	0.00e+00	0.00e+00	0.00e+00	5.41e-128
 2.08582e+12	0.00e+00	3.62e-29	3.46e-20	9.86e-12	9.59e-03	9.05e-01	8.51e-02	0.00e+00	0.00e+00	0.00e+00	0.00e+00	0.00e+00	0.00e+00
 2.19673e+12	4.91e-39	5.16e-29	4.54e-20	1.19e-11	1.06e-02	9.11e-01	7.86e-02	0.00e+00	0.00e+00	0.00e+00	0.00e+00	0.00e+00	5.69e-127
 2.29999e+12	0.00e+00	7.10e-29	5.79e-20	1.40e-11	1.16e-02	9.15e-01	7.33e-02	0.00e+00	0.00e+00	0.00e+00	0.00e+00	0.00e+00	0.00e+00
 2.39531e+12	1.04e-38	9.45e-29	7.21e-20	1.63e-11	1.26e-02	9.19e-01	6.87e-02	0.00e+00	0.00e+00	0.00e+00	0.00e+00	0.00e+00	4.14e-126
 2.50434e+12	0.00e+00	1.30e-28	9.21e-20	1.93e-11	1.38e-02	9.22e-01	6.39e-02	0.00e+00	0.00e+00	0.00e+00	0.00e+00	0.00e+00	0.00e+00
 2.63225e+12	2.41e-38	1.86e-28	1.21e-19	2.32e-11	1.52e-02	9.26e-01	5.88e-02	0.00e+00	0.00e+00	0.00e+00	0.00e+00	0.00e+00	3.83e-125
 2.75897e+12	0.00e+00	2.63e-28	1.58e-19	2.78e-11	1.68e-02	9.29e-01	5.43e-02	0.00e+00	0.00e+00	0.00e+00	0.00e+00	0.00e+00	0.00e+00
 2.87762e+12	5.44e-38	3.59e-28	2.00e-19	3.27e-11	1.83e-02	9.31e-01	5.05e-02	0.00e+00	0.00e+00	0.00e+00	0.00e+00	0.00e+00	3.29e-124
 3.00950e+12	0.00e+00	5.02e-28	2.59e-19	3.89e-11	2.01e-02	9.33e-01	4.67e-02	0.00e+00	0.00e+00	0.00e+00	0.00e+00	0.00e+00	0.00e+00
 3.15981e+12	1.31e-37	7.27e-28	3.44e-19	4.71e-11	2.22e-02	9.35e-01	4.27e-02	0.00e+00	0.00e+00	0.00e+00	0.00e+00	0.00e+00	3.31e-123
 3.30791e+12	0.00e+00	1.03e-27	4.50e-19	5.66e-11	2.45e-02	9.36e-01	3.93e-02	0.00e+00	0.00e+00	0.00e+00	0.00e+00	0.00e+00	0.00e+00
 3.46193e+12	3.13e-37	1.47e-27	5.89e-19	6.79e-11	2.70e-02	9.37e-01	3.61e-02	0.00e+00	0.00e+00	0.00e+00	0.00e+00	0.00e+00	3.31e-122
 3.63034e+12	0.00e+00	2.13e-27	7.84e-19	8.23e-11	2.98e-02	9.37e-01	3.29e-02	0.00e+00	0.00e+00	0.00e+00	0.00e+00	0.00e+00	0.00e+00
 3.79974e+12	7.77e-37	3.06e-27	1.03e-18	9.93e-11	3.29e-02	9.37e-01	3.01e-02	0.00e+00	0.00e+00	0.00e+00	0.00e+00	0.00e+00	3.64e-121
 3.97593e+12	0.00e+00	4.39e-27	1.36e-18	1.20e-10	3.62e-02	9.36e-01	2.75e-02	0.00e+00	0.00e+00	0.00e+00	0.00e+00	0.00e+00	0.00e+00
 4.16489e+12	1.94e-36	6.38e-27	1.82e-18	1.45e-10	4.00e-02	9.35e-01	2.50e-02	0.00e+00	0.00e+00	0.00e+00	0.00e+00	0.00e+00	4.02e-120
 4.35264e+12	0.00e+00	9.14e-27	2.39e-18	1.75e-10	4.40e-02	9.33e-01	2.29e-02	0.00e+00	0.00e+00	0.00e+00	0.00e+00	0.00e+00	0.00e+00
 4.54790e+12	4.73e-36	1.31e-26	3.15e-18	2.11e-10	4.84e-02	9.31e-01	2.08e-02	0.00e+00	0.00e+00	0.00e+00	0.00e+00	0.00e+00	4.18e-119
 4.75974e+12	0.00e+00	1.91e-26	4.21e-18	2.56e-10	5.35e-02	9.28e-01	1.89e-02	0.00e+00	0.00e+00	0.00e+00	0.00e+00	0.00e+00	0.00e+00
 4.98006e+12	1.20e-35	2.78e-26	5.62e-18	3.10e-10	5.90e-02	9.24e-01	1.71e-02	0.00e+00	0.00e+00	0.00e+00	0.00e+00	0.00e+00	4.83e-118
 5.20919e+12	0.00e+00	4.04e-26	7.51e-18	3.77e-10	6.51e-02	9.19e-01	1.55e-02	0.00e+00	0.00e+00	0.00e+00	0.00e+00	0.00e+00	0.00e+00
 5.44748e+12	3.06e-35	5.89e-26	1.00e-17	4.58e-10	7.17e-02	9.14e-01	1.40e-02	0.00e+00	0.00e+00	0.00e+00	0.00e+00	0.00e+00	5.57e-117
 5.66260e+12	0.00e+00	8.17e-26	1.29e-17	5.43e-10	7.80e-02	9.09e-01	1.28e-02	0.00e+00	0.00e+00	0.00e+00	0.00e+00	0.00e+00	5.54e-100
 5.84117e+12	6.36e-35	1.06e-25	1.58e-17	6.22e-10	8.34e-02	9.05e-01	1.19e-02	0.00e+00	0.00e+00	0.00e+00	0.00e+00	0.00e+00	0.00e+00
 6.03650e+12	8.99e-35	1.40e-25	1.96e-17	7.18e-10	8.96e-02	8.99e-01	1.10e-02	0.00e+00	0.00e+00	0.00e+00	0.00e+00	0.00e+00	9.33e-116
 6.28481e+12	1.37e-34	1.98e-25	2.55e-17	8.57e-10	9.77e-02	8.92e-01	9.95e-03	0.00e+00	0.00e+00	0.00e+00	0.00e+00	0.00e+00	1.53e-97
 6.54428e+12	2.11e-34	2.79e-25	3.34e-17	1.03e-09	1.07e-01	8.84e-01	9.01e-03	0.00e+00	0.00e+00	0.00e+00	0.00e+00	0.00e+00	0.00e+00
 6.77332e+12	3.02e-34	3.74e-25	4.19e-17	1.19e-09	1.15e-01	8.77e-01	8.26e-03	0.00e+00	0.00e+00	0.00e+00	0.00e+00	0.00e+00	2.24e-114
 6.98539e+12	4.18e-34	4.85e-25	5.13e-17	1.37e-09	1.22e-01	8.70e-01	7.64e-03	0.00e+00	0.00e+00	0.00e+00	0.00e+00	0.00e+00	1.74e-96
 7.22596e+12	5.96e-34	6.47e-25	6.41e-17	1.59e-09	1.31e-01	8.62e-01	7.01e-03	0.00e+00	0.00e+00	0.00e+00	0.00e+00	0.00e+00	0.00e+00
 7.52413e+12	9.11e-34	9.11e-25	8.36e-17	1.90e-09	1.43e-01	8.51e-01	6.30e-03	0.00e+00	0.00e+00	0.00e+00	0.00e+00	0.00e+00	4.06e-113
 7.82185e+12	1.37e-33	1.26e-24	1.08e-16	2.25e-09	1.55e-01	8.39e-01	5.69e-03	0.00e+00	0.00e+00	0.00e+00	0.00e+00	0.00e+00	2.30e-95
 8.07716e+12	1.91e-33	1.66e-24	1.33e-16	2.59e-09	1.65e-01	8.29e-01	5.22e-03	0.00e+00	0.00e+00	0.00e+00	0.00e+00	0.00e+00	2.85e-112
 8.35267e+12	2.69e-33	2.19e-24	1.66e-16	2.99e-09	1.77e-01	8.18e-01	4.77e-03	0.00e+00	0.00e+00	0.00e+00	0.00e+00	0.00e+00	1.01e-94
 8.69352e+12	4.06e-33	3.05e-24	2.15e-16	3.55e-09	1.91e-01	8.04e-01	4.27e-03	0.00e+00	0.00e+00	0.00e+00	0.00e+00	0.00e+00	2.11e-111
 9.04381e+12	6.07e-33	4.23e-24	2.77e-16	4.21e-09	2.07e-01	7.90e-01	3.82e-03	0.00e+00	0.00e+00	0.00e+00	0.00e+00	0.00e+00	5.97e-94
 9.36074e+12	8.60e-33	5.61e-24	3.45e-16	4.87e-09	2.20e-01	7.76e-01	3.47e-03	0.00e+00	0.00e+00	0.00e+00	0.00e+00	0.00e+00	1.56e-110
 9.70980e+12	1.24e-32	7.55e-24	4.36e-16	5.68e-09	2.36e-01	7.61e-01	3.12e-03	0.00e+00	0.00e+00	0.00e+00	0.00e+00	0.00e+00	2.86e-93
 1.01202e+13	1.87e-32	1.05e-23	5.66e-16	6.75e-09	2.54e-01	7.43e-01	2.77e-03	0.00e+00	0.00e+00	0.00e+00	0.00e+00	0.00e+00	1.27e-109
 1.05302e+13	2.77e-32	1.45e-23	7.25e-16	7.95e-09	2.73e-01	7.25e-01	2.46e-03	0.00e+00	0.00e+00	0.00e+00	0.00e+00	0.00e+00	1.66e-92
 1.09203e+13	3.94e-32	1.93e-23	9.07e-16	9.22e-09	2.90e-01	7.07e-01	2.21e-03	0.00e+00	0.00e+00	0.00e+00	0.00e+00	0.00e+00	9.57e-109
 1.13508e+13	5.72e-32	2.61e-23	1.15e-15	1.08e-08	3.10e-01	6.88e-01	1.97e-03	0.00e+00	0.00e+00	0.00e+00	0.00e+00	0.00e+00	8.31e-92
 1.18348e+13	8.53e-32	3.60e-23	1.48e-15	1.27e-08	3.31e-01	6.67e-01	1.73e-03	0.00e+00	0.00e+00	0.00e+00	0.00e+00	0.00e+00	7.93e-108
 1.22704e+13	1.20e-31	4.75e-23	1.83e-15	1.46e-08	3.51e-01	6.48e-01	1.54e-03	0.00e+00	0.00e+00	0.00e+00	0.00e+00	0.00e+00	4.31e-91
 1.26301e+13	1.57e-31	5.92e-23	2.18e-15	1.63e-08	3.66e-01	6.32e-01	1.41e-03	0.00e+00	0.00e+00	0.00e+00	0.00e+00	0.00e+00	4.32e-107
 1.30230e+13	2.09e-31	7.45e-23	2.60e-15	1.83e-08	3.83e-01	6.16e-01	1.28e-03	0.00e+00	0.00e+00	0.00e+00	0.00e+00	0.00e+00	1.50e-90
 1.35249e+13	2.96e-31	9.87e-23	3.24e-15	2.11e-08	4.04e-01	5.95e-01	1.13e-03	0.00e+00	0.00e+00	0.00e+00	0.00e+00	0.00e+00	2.54e-106
 1.40315e+13	4.14e-31	1.29e-22	4.00e-15	2.42e-08	4.25e-01	5.74e-01	1.01e-03	0.00e+00	0.00e+00	0.00e+00	0.00e+00	0.00e+00	7.01e-90
 1.44506e+13	5.40e-31	1.60e-22	4.73e-15	2.69e-08	4.42e-01	5.57e-01	9.12e-04	0.00e+00	0.00e+00	0.00e+00	0.00e+00	0.00e+00	1.39e-105
 1.48930e+13	7.07e-31	1.99e-22	5.60e-15	3.00e-08	4.59e-01	5.40e-01	8.25e-04	0.00e+00	0.00e+00	0.00e+00	0.00e+00	0.00e+00	2.38e-89
 1.54608e+13	9.85e-31	2.61e-22	6.89e-15	3.43e-08	4.81e-01	5.18e-01	7.27e-04	0.00e+00	0.00e+00	0.00e+00	0.00e+00	0.00e+00	7.77e-105
 1.60563e+13	1.37e-30	3.41e-22	8.48e-15	3.91e-08	5.03e-01	4.96e-01	6.39e-04	0.00e+00	0.00e+00	0.00e+00	0.00e+00	0.00e+00	1.09e-88
 1.65777e+13	1.81e-30	4.27e-22	1.01e-14	4.36e-08	5.21e-01	4.78e-01	5.72e-04	0.00e+00	0.00e+00	0.00e+00	0.00e+00	0.00e+00	4.54e-104
 1.71384e+13	2.42e-30	5.38e-22	1.20e-14	4.88e-08	5.40e-01	4.59e-01	5.10e-04	0.00e+00	0.00e+00	0.00e+00	0.00e+00	0.00e+00	4.07e-88
 1.78195e+13	3.38e-30	7.04e-22	1.48e-14	5.55e-08	5.63e-01	4.37e-01	4.44e-04	0.00e+00	0.00e+00	0.00e+00	0.00e+00	0.00e+00	2.79e-103
 1.84786e+13	4.59e-30	9.01e-22	1.79e-14	6.25e-08	5.83e-01	4.17e-01	3.90e-04	0.00e+00	0.00e+00	0.00e+00	0.00e+00	0.00e+00	1.83e-87
 1.90330e+13	5.89e-30	1.10e-21	2.09e-14	6.87e-08	5.99e-01	4.00e-01	3.50e-04	0.00e+00	0.00e+00	0.00e+00	0.00e+00	0.00e+00	1.45e-102
 1.96297e+13	7.62e-30	1.35e-21	2.45e-14	7.58e-08	6.16e-01	3.84e-01	3.13e-04	0.00e+00	0.00e+00	0.00e+00	0.00e+00	0.00e+00	6.08e-87
 2.03813e+13	1.04e-29	1.74e-21	2.96e-14	8.53e-08	6.36e-01	3.64e-01	2.73e-04	0.00e+00	0.00e+00	0.00e+00	0.00e+00	0.00e+00	7.97e-102
 2.11528e+13	1.41e-29	2.22e-21	3.57e-14	9.56e-08	6.56e-01	3.44e-01	2.37e-04	0.00e+00	0.00e+00	0.00e+00	0.00e+00	0.00e+00	2.65e-86
 2.18241e+13	1.82e-29	2.72e-21	4.17e-14	1.05e-07	6.71e-01	3.29e-01	2.11e-04	0.00e+00	0.00e+00	0.00e+00	0.00e+00	0.00e+00	4.34e-101
 2.25464e+13	2.37e-29	3.36e-21	4.90e-14	1.16e-07	6.87e-01	3.13e-01	1.87e-04	0.00e+00	0.00e+00	0.00e+00	0.00e+00	0.00e+00	9.30e-86
 2.34287e+13	3.23e-29	4.30e-21	5.91e-14	1.30e-07	7.06e-01	2.94e-01	1.61e-04	0.00e+00	0.00e+00	0.00e+00	0.00e+00	0.00e+00	2.50e-100
 2.43163e+13	4.35e-29	5.45e-21	7.07e-14	1.44e-07	7.23e-01	2.77e-01	1.40e-04	0.00e+00	0.00e+00	0.00e+00	0.00e+00	0.00e+00	4.07e-85
 2.51080e+13	5.61e-29	6.67e-21	8.23e-14	1.58e-07	7.37e-01	2.63e-01	1.24e-04	0.00e+00	0.00e+00	0.00e+00	0.00e+00	0.00e+00	1.38e-99
 2.59778e+13	7.34e-29	8.26e-21	9.67e-14	1.74e-07	7.51e-01	2.49e-01	1.09e-04	0.00e+00	0.00e+00	0.00e+00	0.00e+00	0.00e+00	1.49e-84
 2.70137e+13	9.97e-29	1.05e-20	1.16e-13	1.94e-07	7.67e-01	2.33e-01	9.31e-05	0.00e+00	0.00e+00	0.00e+00	0.00e+00	0.00e+00	8.33e-99
 2.80487e+13	1.34e-28	1.33e-20	1.38e-13	2.15e-07	7.82e-01	2.18e-01	8.03e-05	0.00e+00	0.00e+00	0.00e+00	0.00e+00	0.00e+00	6.67e-84
 2.90102e+13	1.74e-28	1.64e-20	1.61e-13	2.35e-07	7.94e-01	2.06e-01	7.03e-05	0.00e+00	0.00e+00	0.00e+00	0.00e+00	0.00e+00	4.81e-98
 3.00857e+13	2.31e-28	2.05e-20	1.90e-13	2.59e-07	8.07e-01	1.93e-01	6.09e-05	0.00e+00	0.00e+00	0.00e+00	0.00e+00	0.00e+00	2.64e-83
 3.13191e+13	3.15e-28	2.62e-20	2.28e-13	2.87e-07	8.20e-01	1.80e-01	5.19e-05	0.00e+00	0.00e+00	0.00e+00	0.00e+00	0.00e+00	3.16e-97
 3.25423e+13	4.23e-28	3.30e-20	2.71e-13	3.17e-07	8.32e-01	1.68e-01	4.46e-05	0.00e+00	0.00e+00	0.00e+00	0.00e+00	0.00e+00	1.24e-82
 3.38145e+13	5.67e-28	4.16e-20	3.21e-13	3.49e-07	8.44e-01	1.56e-01	3.83e-05	0.00e+00	0.00e+00	0.00e+00	0.00e+00	0.00e+00	2.09e-96
 3.51970e+13	7.71e-28	5.29e-20	3.84e-13	3.86e-07	8.55e-01	1.45e-01	3.26e-05	0.00e+00	0.00e+00	0.00e+00	0.00e+00	0.00e+00	5.81e-82
 3.66348e+13	1.05e-27	6.74e-20	4.56e-13	4.25e-07	8.65e-01	1.35e-01	2.78e-05	0.00e+00	0.00e+00	0.00e+00	0.00e+00	0.00e+00	1.52e-95
 3.79998e+13	1.39e-27	8.38e-20	5.35e-13	4.65e-07	8.74e-01	1.26e-01	2.40e-05	0.00e+00	0.00e+00	0.00e+00	0.00e+00	0.00e+00	2.70e-81
 3.92287e+13	1.77e-27	1.01e-19	6.14e-13	5.02e-07	8.81e-01	1.19e-01	2.11e-05	0.00e+00	0.00e+00	0.00e+00	0.00e+00	0.00e+00	8.21e-95
 4.03762e+13	2.20e-27	1.20e-19	6.95e-13	5.38e-07	8.88e-01	1.12e-01	1.88e-05	0.00e+00	0.00e+00	0.00e+00	0.00e+00	0.00e+00	9.06e-81
 4.16426e+13	2.79e-27	1.45e-19	7.93e-13	5.79e-07	8.94e-01	1.06e-01	1.66e-05	0.00e+00	0.00e+00	0.00e+00	0.00e+00	0.00e+00	3.60e-94
 4.30674e+13	3.61e-27	1.77e-19	9.14e-13	6.26e-07	9.01e-01	9.94e-02	1.45e-05	0.00e+00	0.00e+00	0.00e+00	0.00e+00	0.00e+00	3.36e-80
 4.44291e+13	4.58e-27	2.12e-19	1.04e-12	6.73e-07	9.06e-01	9.36e-02	1.28e-05	0.00e+00	0.00e+00	0.00e+00	0.00e+00	0.00e+00	1.81e-93
 4.59300e+13	5.91e-27	2.59e-19	1.20e-12	7.26e-07	9.12e-01	8.78e-02	1.12e-05	0.00e+00	0.00e+00	0.00e+00	0.00e+00	0.00e+00	1.24e-79
 4.76024e+13	7.77e-27	3.20e-19	1.39e-12	7.88e-07	9.18e-01	8.20e-02	9.71e-06	0.00e+00	0.00e+00	0.00e+00	0.00e+00	0.00e+00	1.01e-92
 4.91428e+13	9.93e-27	3.86e-19	1.59e-12	8.47e-07	9.23e-01	7.71e-02	8.54e-06	0.00e+00	0.00e+00	0.00e+00	0.00e+00	0.00e+00	4.94e-79
 5.05704e+13	1.24e-26	4.57e-19	1.80e-12	9.03e-07	9.27e-01	7.30e-02	7.62e-06	0.00e+00	0.00e+00	0.00e+00	0.00e+00	0.00e+00	4.60e-92
 5.22064e+13	1.58e-26	5.52e-19	2.05e-12	9.69e-07	9.31e-01	6.86e-02	6.71e-06	0.00e+00	0.00e+00	0.00e+00	0.00e+00	0.00e+00	1.73e-78
 5.42086e+13	2.12e-26	6.91e-19	2.39e-12	1.05e-06	9.36e-01	6.39e-02	5.78e-06	0.00e+00	0.00e+00	0.00e+00	0.00e+00	0.00e+00	2.65e-91
 5.62069e+13	2.79e-26	8.54e-19	2.78e-12	1.14e-06	9.41e-01	5.95e-02	4.99e-06	0.00e+00	0.00e+00	0.00e+00	0.00e+00	0.00e+00	7.96e-78
 5.79454e+13	3.53e-26	1.02e-18	3.15e-12	1.22e-06	9.44e-01	5.61e-02	4.42e-06	0.00e+00	0.00e+00	0.00e+00	0.00e+00	0.00e+00	1.42e-90
 5.98264e+13	4.53e-26	1.24e-18	3.59e-12	1.30e-06	9.47e-01	5.27e-02	3.90e-06	0.00e+00	0.00e+00	0.00e+00	0.00e+00	0.00e+00	2.96e-77
 6.21223e+13	6.09e-26	1.55e-18	4.19e-12	1.41e-06	9.51e-01	4.91e-02	3.36e-06	0.00e+00	0.00e+00	0.00e+00	0.00e+00	0.00e+00	8.32e-90
 6.44618e+13	8.08e-26	1.92e-18	4.87e-12	1.53e-06	9.54e-01	4.56e-02	2.89e-06	0.00e+00	0.00e+00	0.00e+00	0.00e+00	0.00e+00	1.42e-76
 6.65767e+13	1.04e-25	2.33e-18	5.55e-12	1.64e-06	9.57e-01	4.29e-02	2.55e-06	0.00e+00	0.00e+00	0.00e+00	0.00e+00	0.00e+00	2.84e-76
 6.88956e+13	1.36e-25	2.86e-18	6.37e-12	1.76e-06	9.60e-01	4.01e-02	2.23e-06	0.00e+00	0.00e+00	0.00e+00	0.00e+00	0.00e+00	5.93e-76
 7.16254e+13	1.85e-25	3.61e-18	7.46e-12	1.91e-06	9.63e-01	3.73e-02	1.91e-06	0.00e+00	0.00e+00	0.00e+00	0.00e+00	0.00e+00	1.37e-75
 7.43484e+13	2.47e-25	4.49e-18	8.68e-12	2.06e-06	9.65e-01	3.46e-02	1.65e-06	0.00e+00	0.00e+00	0.00e+00	0.00e+00	0.00e+00	3.01e-75
 7.69093e+13	3.23e-25	5.50e-18	9.94e-12	2.21e-06	9.68e-01	3.24e-02	1.44e-06	0.00e+00	0.00e+00	0.00e+00	0.00e+00	0.00e+00	6.26e-75
 7.97447e+13	4.30e-25	6.83e-18	1.15e-11	2.38e-06	9.70e-01	3.03e-02	1.25e-06	0.00e+00	0.00e+00	0.00e+00	0.00e+00	0.00e+00	1.37e-74
 8.29644e+13	5.89e-25	8.65e-18	1.35e-11	2.58e-06	9.72e-01	2.80e-02	1.07e-06	0.00e+00	0.00e+00	0.00e+00	0.00e+00	0.00e+00	3.26e-74
 8.62043e+13	7.95e-25	1.09e-17	1.57e-11	2.79e-06	9.74e-01	2.60e-02	9.23e-07	0.00e+00	0.00e+00	0.00e+00	0.00e+00	0.00e+00	7.39e-74
 8.95737e+13	1.08e-24	1.36e-17	1.83e-11	3.01e-06	9.76e-01	2.42e-02	0.00e+00	0.00e+00	0.00e+00	0.00e+00	0.00e+00	0.00e+00	1.71e-73
 9.31866e+13	1.48e-24	1.73e-17	2.15e-11	3.26e-06	9.78e-01	2.24e-02	0.00e+00	0.00e+00	0.00e+00	0.00e+00	0.00e+00	0.00e+00	4.07e-73
 9.69440e+13	2.02e-24	2.19e-17	2.51e-11	3.53e-06	9.79e-01	2.07e-02	0.00e+00	0.00e+00	0.00e+00	0.00e+00	0.00e+00	0.00e+00	9.62e-73
 1.00573e+14	2.69e-24	2.72e-17	2.91e-11	3.81e-06	9.81e-01	1.93e-02	0.00e+00	0.00e+00	0.00e+00	0.00e+00	0.00e+00	0.00e+00	2.12e-72
 1.03975e+14	3.51e-24	3.32e-17	3.32e-11	4.07e-06	9.82e-01	1.81e-02	0.00e+00	0.00e+00	0.00e+00	0.00e+00	0.00e+00	0.00e+00	4.40e-72
 1.07191e+14	4.48e-24	3.99e-17	3.75e-11	4.32e-06	9.83e-01	1.71e-02	0.00e+00	0.00e+00	0.00e+00	0.00e+00	0.00e+00	0.00e+00	8.61e-72
 1.10702e+14	5.78e-24	4.83e-17	4.27e-11	4.61e-06	9.84e-01	1.60e-02	0.00e+00	0.00e+00	0.00e+00	0.00e+00	1.56e-17	3.27e-17	1.74e-71
 1.14600e+14	7.58e-24	5.92e-17	4.90e-11	4.94e-06	9.85e-01	1.50e-02	0.00e+00	0.00e+00	0.00e+00	0.00e+00	1.97e-17	3.96e-17	3.65e-71
 1.18243e+14	9.73e-24	7.14e-17	5.55e-11	5.26e-06	9.86e-01	1.41e-02	0.00e+00	0.00e+00	0.00e+00	0.00e+00	2.37e-17	4.77e-17	7.26e-71
 1.22222e+14	1.27e-23	8.71e-17	6.33e-11	5.62e-06	9.87e-01	1.32e-02	0.00e+00	0.00e+00	0.00e+00	0.00e+00	2.89e-17	5.82e-17	1.51e-70
 1.26715e+14	1.68e-23	1.08e-16	7.31e-11	6.04e-06	9.88e-01	1.23e-02	0.00e+00	0.00e+00	0.00e+00	0.00e+00	3.58e-17	7.21e-17	3.30e-70
 1.31033e+14	2.18e-23	1.31e-16	8.35e-11	6.46e-06	9.88e-01	1.15e-02	0.00e+00	0.00e+00	0.00e+00	0.00e+00	4.35e-17	8.76e-17	6.72e-70
 1.35783e+14	2.90e-23	1.62e-16	9.62e-11	6.93e-06	9.89e-01	1.08e-02	0.00e+00	0.00e+00	0.00e+00	0.00e+00	5.38e-17	1.08e-16	1.46e-69
 1.41110e+14	3.92e-23	2.04e-16	1.12e-10	7.48e-06	9.90e-01	9.98e-03	0.00e+00	0.00e+00	0.00e+00	0.00e+00	6.77e-17	1.36e-16	3.39e-69
 1.46213e+14	5.17e-23	2.51e-16	1.29e-10	8.04e-06	9.91e-01	9.29e-03	0.00e+00	0.00e+00	0.00e+00	0.00e+00	8.33e-17	1.68e-16	7.20e-69
 1.51656e+14	6.91e-23	3.13e-16	1.50e-10	8.65e-06	9.91e-01	8.65e-03	0.00e+00	0.00e+00	0.00e+00	0.00e+00	1.04e-16	2.09e-16	1.61e-68
 1.57752e+14	9.36e-23	3.93e-16	1.75e-10	9.37e-06	9.92e-01	8.00e-03	0.00e+00	0.00e+00	0.00e+00	0.00e+00	1.30e-16	2.63e-16	3.69e-68
 1.63386e+14	1.23e-22	4.85e-16	2.01e-10	1.00e-05	9.93e-01	7.46e-03	0.00e+00	0.00e+00	0.00e+00	0.00e+00	1.61e-16	3.24e-16	7.93e-68
 1.68260e+14	1.54e-22	5.74e-16	2.27e-10	1.07e-05	9.93e-01	7.03e-03	0.00e+00	0.00e+00	0.00e+00	0.00e+00	1.90e-16	3.84e-16	1.46e-67
 1.73661e+14	1.98e-22	6.94e-16	2.57e-10	1.14e-05	9.93e-01	6.61e-03	0.00e+00	0.00e+00	0.00e+00	0.00e+00	2.30e-16	4.64e-16	2.93e-67
 1.80264e+14	2.64e-22	8.61e-16	2.99e-10	1.23e-05	9.94e-01	6.13e-03	0.00e+00	0.00e+00	0.00e+00	0.00e+00	2.86e-16	5.76e-16	6.38e-67
 1.86950e+14	3.50e-22	1.07e-15	3.46e-10	1.32e-05	9.94e-01	5.70e-03	0.00e+00	0.00e+00	0.00e+00	0.00e+00	3.54e-16	7.13e-16	1.38e-66
 1.92955e+14	4.47e-22	1.28e-15	3.93e-10	1.41e-05	9.95e-01	5.35e-03	0.00e+00	0.00e+00	0.00e+00	0.00e+00	4.26e-16	8.58e-16	2.71e-66
 1.99551e+14	5.81e-22	1.57e-15	4.49e-10	1.51e-05	9.95e-01	5.00e-03	0.00e+00	0.00e+00	0.00e+00	0.00e+00	5.20e-16	1.05e-15	5.61e-66
 2.07359e+14	7.77e-22	1.95e-15	5.24e-10	1.63e-05	9.95e-01	4.63e-03	0.00e+00	0.00e+00	0.00e+00	0.00e+00	6.48e-16	1.31e-15	1.24e-65
 2.15034e+14	1.03e-21	2.43e-15	6.06e-10	1.75e-05	9.96e-01	4.30e-03	0.00e+00	0.00e+00	0.00e+00	0.00e+00	8.05e-16	1.62e-15	2.72e-65
 2.22048e+14	1.31e-21	2.91e-15	6.91e-10	1.87e-05	9.96e-01	4.03e-03	0.00e+00	0.00e+00	0.00e+00	0.00e+00	9.66e-16	1.95e-15	5.20e-65
 2.29913e+14	1.71e-21	3.57e-15	7.94e-10	2.01e-05	9.96e-01	3.76e-03	0.00e+00	0.00e+00	0.00e+00	0.00e+00	1.18e-15	2.39e-15	1.09e-64
 2.39060e+14	2.30e-21	4.48e-15	9.30e-10	2.18e-05	9.97e-01	3.47e-03	0.00e+00	0.00e+00	0.00e+00	0.00e+00	1.48e-15	2.99e-15	2.46e-64
 2.48030e+14	3.07e-21	5.57e-15	1.08e-09	2.35e-05	9.97e-01	3.23e-03	0.00e+00	0.00e+00	0.00e+00	0.00e+00	1.85e-15	3.72e-15	5.46e-64
 2.56505e+14	3.93e-21	6.73e-15	1.23e-09	2.51e-05	9.97e-01	3.01e-03	0.00e+00	0.00e+00	0.00e+00	0.00e+00	2.23e-15	4.50e-15	1.07e-63
 2.65941e+14	5.20e-21	8.34e-15	1.43e-09	2.70e-05	9.97e-01	2.80e-03	0.00e+00	0.00e+00	0.00e+00	0.00e+00	2.76e-15	5.57e-15	2.33e-63
 2.76608e+14	6.94e-21	1.04e-14	1.67e-09	2.93e-05	9.97e-01	2.58e-03	0.00e+00	0.00e+00	0.00e+00	0.00e+00	3.44e-15	6.95e-15	5.14e-63
 2.87268e+14	9.23e-21	1.29e-14	1.94e-09	3.16e-05	9.98e-01	2.39e-03	0.00e+00	0.00e+00	0.00e+00	0.00e+00	4.28e-15	8.64e-15	1.13e-62
 2.97258e+14	1.20e-20	1.58e-14	2.23e-09	3.39e-05	9.98e-01	2.23e-03	0.00e+00	0.00e+00	0.00e+00	0.00e+00	5.24e-15	1.06e-14	2.34e-62
 3.08083e+14	1.57e-20	1.94e-14	2.57e-09	3.65e-05	9.98e-01	2.08e-03	0.00e+00	0.00e+00	0.00e+00	0.00e+00	6.42e-15	1.30e-14	4.90e-62
 3.20177e+14	2.07e-20	2.40e-14	3.00e-09	3.95e-05	9.98e-01	1.92e-03	0.00e+00	0.00e+00	0.00e+00	0.00e+00	7.95e-15	1.61e-14	1.05e-61
 3.31463e+14	2.70e-20	2.95e-14	3.45e-09	4.23e-05	9.98e-01	1.79e-03	0.00e+00	0.00e+00	0.00e+00	0.00e+00	9.76e-15	1.97e-14	2.22e-61
 3.41936e+14	3.36e-20	3.49e-14	3.91e-09	4.51e-05	9.98e-01	1.68e-03	0.00e+00	0.00e+00	0.00e+00	0.00e+00	1.15e-14	2.33e-14	4.04e-61
 3.52006e+14	4.19e-20	4.12e-14	4.39e-09	4.78e-05	9.98e-01	1.58e-03	0.00e+00	0.00e+00	0.00e+00	0.00e+00	1.36e-14	2.76e-14	7.41e-61
 3.63153e+14	5.30e-20	4.95e-14	4.97e-09	5.09e-05	9.98e-01	1.49e-03	0.00e+00	0.00e+00	0.00e+00	0.00e+00	1.64e-14	3.31e-14	1.43e-60
 3.75509e+14	6.72e-20	5.94e-14	5.68e-09	5.45e-05	9.99e-01	1.39e-03	0.00e+00	0.00e+00	0.00e+00	0.00e+00	1.97e-14	3.97e-14	2.76e-60
 3.87008e+14	8.47e-20	7.10e-14	6.41e-09	5.79e-05	9.99e-01	1.31e-03	0.00e+00	0.00e+00	0.00e+00	0.00e+00	2.35e-14	4.75e-14	5.26e-60
 3.99527e+14	1.06e-19	8.42e-14	7.28e-09	6.19e-05	9.99e-01	1.22e-03	0.00e+00	0.00e+00	0.00e+00	0.00e+00	2.79e-14	5.64e-14	9.68e-60
 4.13573e+14	1.37e-19	1.03e-13	8.36e-09	6.63e-05	9.99e-01	1.14e-03	0.00e+00	0.00e+00	0.00e+00	0.00e+00	3.40e-14	6.87e-14	1.99e-59
 4.26983e+14	1.74e-19	1.23e-13	9.50e-09	7.08e-05	9.99e-01	1.07e-03	0.00e+00	0.00e+00	0.00e+00	0.00e+00	4.08e-14	8.27e-14	3.87e-59
 4.41796e+14	2.20e-19	1.48e-13	1.09e-08	7.59e-05	9.99e-01	9.98e-04	0.00e+00	0.00e+00	0.00e+00	0.00e+00	4.91e-14	9.94e-14	7.47e-59
 4.58105e+14	2.90e-19	1.84e-13	1.26e-08	8.16e-05	9.99e-01	9.27e-04	0.00e+00	0.00e+00	0.00e+00	0.00e+00	6.06e-14	1.23e-13	1.61e-58
 4.73125e+14	3.61e-19	2.18e-13	1.43e-08	8.73e-05	9.99e-01	8.67e-04	0.00e+00	0.00e+00	0.00e+00	0.00e+00	7.20e-14	1.46e-13	2.97e-58
 4.89416e+14	4.67e-19	2.66e-13	1.64e-08	9.34e-05	9.99e-01	8.10e-04	0.00e+00	0.00e+00	0.00e+00	0.00e+00	8.77e-14	1.78e-13	6.08e-58
 5.07622e+14	6.02e-19	3.23e-13	1.90e-08	1.01e-04	9.99e-01	7.50e-04	0.00e+00	0.00e+00	0.00e+00	0.00e+00	1.07e-13	2.16e-13	1.23e-57
 5.24690e+14	7.63e-19	3.89e-13	2.17e-08	1.08e-04	9.99e-01	7.02e-04	0.00e+00	0.00e+00	0.00e+00	0.00e+00	1.28e-13	2.60e-13	2.39e-57
 5.43249e+14	9.82e-19	4.74e-13	2.49e-08	1.16e-04	9.99e-01	6.53e-04	0.00e+00	0.00e+00	0.00e+00	0.00e+00	1.56e-13	3.17e-13	4.87e-57
 5.63931e+14	1.27e-18	5.78e-13	2.90e-08	1.25e-04	9.99e-01	6.05e-04	0.00e+00	0.00e+00	0.00e+00	0.00e+00	1.91e-13	3.87e-13	9.89e-57
 5.83262e+14	1.63e-18	7.02e-13	3.32e-08	1.34e-04	9.99e-01	5.64e-04	0.00e+00	0.00e+00	0.00e+00	0.00e+00	2.32e-13	4.70e-13	2.00e-56
 6.04264e+14	2.06e-18	8.45e-13	3.82e-08	1.44e-04	9.99e-01	5.24e-04	0.00e+00	0.00e+00	0.00e+00	0.00e+00	2.79e-13	5.66e-13	3.86e-56
 6.27696e+14	2.72e-18	1.05e-12	4.45e-08	1.56e-04	9.99e-01	4.84e-04	0.00e+00	0.00e+00	0.00e+00	0.00e+00	3.45e-13	7.02e-13	8.37e-56
 6.49828e+14	3.43e-18	1.26e-12	5.12e-08	1.67e-04	9.99e-01	4.50e-04	0.00e+00	0.00e+00	0.00e+00	0.00e+00	4.15e-13	8.44e-13	1.61e-55
 6.73615e+14	4.46e-18	1.55e-12	5.91e-08	1.80e-04	9.99e-01	4.18e-04	0.00e+00	0.00e+00	0.00e+00	0.00e+00	5.10e-13	1.04e-12	3.39e-55
 7.00589e+14	5.79e-18	1.90e-12	6.92e-08	1.96e-04	9.99e-01	3.85e-04	0.00e+00	0.00e+00	0.00e+00	0.00e+00	6.25e-13	1.27e-12	7.04e-55
 7.26972e+14	7.51e-18	2.34e-12	8.03e-08	2.11e-04	9.99e-01	3.56e-04	0.00e+00	0.00e+00	0.00e+00	0.00e+00	7.69e-13	1.57e-12	1.48e-54
 7.54410e+14	9.59e-18	2.83e-12	9.32e-08	2.28e-04	9.99e-01	3.29e-04	0.00e+00	0.00e+00	0.00e+00	0.00e+00	9.33e-13	1.90e-12	2.95e-54
 7.84616e+14	1.26e-17	3.53e-12	1.09e-07	2.48e-04	9.99e-01	3.03e-04	0.00e+00	0.00e+00	0.00e+00	0.00e+00	1.16e-12	2.37e-12	6.44e-54
 8.14428e+14	1.61e-17	4.28e-12	1.27e-07	2.69e-04	9.99e-01	2.80e-04	0.00e+00	0.00e+00	0.00e+00	0.00e+00	1.41e-12	2.87e-12	1.28e-53
 8.38958e+14	1.97e-17	5.02e-12	1.43e-07	2.86e-04	9.99e-01	2.62e-04	0.00e+00	0.00e+00	0.00e+00	0.00e+00	1.65e-12	3.37e-12	2.26e-53
 8.58471e+14	2.29e-17	5.67e-12	1.57e-07	3.00e-04	9.99e-01	2.50e-04	0.00e+00	0.00e+00	0.00e+00	0.00e+00	1.86e-12	3.81e-12	3.50e-53
 8.80077e+14	2.71e-17	6.50e-12	1.74e-07	3.17e-04	9.99e-01	2.37e-04	0.00e+00	0.00e+00	0.00e+00	0.00e+00	2.13e-12	4.36e-12	5.70e-53
 9.08164e+14	3.33e-17	7.66e-12	1.97e-07	3.39e-04	9.99e-01	2.21e-04	0.00e+00	0.00e+00	0.00e+00	0.00e+00	2.51e-12	5.14e-12	1.02e-52
 9.38345e+14	4.12e-17	9.09e-12	2.25e-07	3.64e-04	9.99e-01	2.06e-04	0.00e+00	0.00e+00	0.00e+00	0.00e+00	2.99e-12	6.11e-12	1.89e-52
 9.65241e+14	4.97e-17	1.06e-11	2.52e-07	3.87e-04	9.99e-01	1.94e-04	0.00e+00	4.15e-18	1.24e-17	2.08e-17	3.48e-12	7.12e-12	3.28e-52
 9.94199e+14	6.01e-17	1.23e-11	2.85e-07	4.13e-04	9.99e-01	1.81e-04	0.00e+00	5.02e-18	1.51e-17	2.52e-17	4.05e-12	8.29e-12	5.65e-52
 1.03079e+15	7.61e-17	1.49e-11	3.30e-07	4.47e-04	9.99e-01	1.68e-04	0.00e+00	6.37e-18	1.91e-17	3.19e-17	4.91e-12	1.00e-11	1.12e-51
 1.06788e+15	9.54e-17	1.80e-11	3.81e-07	4.83e-04	9.99e-01	1.55e-04	0.00e+00	7.98e-18	2.40e-17	4.00e-17	5.90e-12	1.21e-11	2.18e-51
 1.09944e+15	1.15e-16	2.09e-11	4.28e-07	5.15e-04	9.99e-01	1.45e-04	0.00e+00	9.65e-18	2.90e-17	4.84e-17	6.87e-12	1.41e-11	3.79e-51
 1.13325e+15	1.39e-16	2.46e-11	4.84e-07	5.50e-04	9.99e-01	1.36e-04	0.00e+00	1.17e-17	3.51e-17	5.86e-17	8.06e-12	1.65e-11	6.74e-51
 1.17542e+15	1.77e-16	2.97e-11	5.62e-07	5.98e-04	9.99e-01	1.25e-04	0.00e+00	1.48e-17	4.45e-17	7.43e-17	9.74e-12	2.00e-11	1.34e-50
 1.21862e+15	2.22e-16	3.59e-11	6.51e-07	6.48e-04	9.99e-01	1.16e-04	0.00e+00	1.87e-17	5.61e-17	9.37e-17	1.18e-11	2.41e-11	2.69e-50
 1.25662e+15	2.70e-16	4.21e-11	7.37e-07	6.94e-04	9.99e-01	1.08e-04	0.00e+00	2.27e-17	6.83e-17	1.14e-16	1.38e-11	2.83e-11	4.82e-50
 1.29769e+15	3.28e-16	4.96e-11	8.39e-07	7.45e-04	9.99e-01	1.01e-04	0.00e+00	2.76e-17	8.29e-17	1.39e-16	1.63e-11	3.34e-11	8.80e-50
 1.34733e+15	4.21e-16	6.06e-11	9.78e-07	8.12e-04	9.99e-01	9.24e-05	0.00e+00	3.54e-17	1.06e-16	1.78e-16	1.99e-11	4.07e-11	1.84e-49
 1.39663e+15	5.25e-16	7.29e-11	1.13e-06	8.80e-04	9.99e-01	8.52e-05	0.00e+00	4.43e-17	1.33e-16	2.22e-16	2.39e-11	4.90e-11	3.66e-49
 1.44045e+15	6.39e-16	8.57e-11	1.28e-06	9.43e-04	9.99e-01	7.95e-05	0.00e+00	5.40e-17	1.62e-16	2.71e-16	2.81e-11	5.76e-11	6.69e-49
 1.48864e+15	7.83e-16	1.01e-10	1.46e-06	1.02e-03	9.99e-01	7.38e-05	0.00e+00	6.62e-17	1.99e-16	3.32e-16	3.33e-11	6.81e-11	1.26e-48
 1.54621e+15	9.91e-16	1.24e-10	1.71e-06	1.11e-03	9.99e-01	6.78e-05	0.00e+00	8.39e-17	2.52e-16	4.21e-16	4.05e-11	8.30e-11	2.65e-48
 1.60353e+15	1.25e-15	1.50e-10	1.98e-06	1.20e-03	9.99e-01	6.25e-05	0.00e+00	1.06e-16	3.19e-16	5.33e-16	4.91e-11	1.00e-10	5.47e-48
 1.65601e+15	1.53e-15	1.76e-10	2.25e-06	1.29e-03	9.99e-01	5.81e-05	0.00e+00	1.30e-16	3.89e-16	6.50e-16	5.79e-11	1.19e-10	1.03e-47
 1.71464e+15	1.89e-15	2.11e-10	2.58e-06	1.40e-03	9.99e-01	5.37e-05	0.00e+00	1.61e-16	4.83e-16	8.06e-16	6.94e-11	1.42e-10	2.05e-47
 1.78275e+15	2.43e-15	2.59e-10	3.02e-06	1.53e-03	9.98e-01	4.92e-05	0.00e+00	2.06e-16	6.20e-16	1.03e-15	8.52e-11	1.74e-10	4.54e-47
 1.84973e+15	3.06e-15	3.15e-10	3.50e-06	1.66e-03	9.98e-01	4.53e-05	0.00e+00	2.61e-16	7.83e-16	1.31e-15	1.03e-10	2.11e-10	9.70e-47
 1.91342e+15	3.79e-15	3.76e-10	4.01e-06	1.79e-03	9.98e-01	4.20e-05	0.00e+00	3.23e-16	9.70e-16	1.62e-15	1.23e-10	2.52e-10	1.94e-46
 1.96911e+15	4.53e-15	4.37e-10	4.50e-06	1.91e-03	9.98e-01	3.94e-05	0.00e+00	3.87e-16	1.16e-15	1.94e-15	1.43e-10	2.93e-10	3.51e-46
 2.01528e+15	5.26e-15	4.94e-10	4.94e-06	2.01e-03	9.98e-01	3.74e-05	0.00e+00	4.49e-16	1.35e-15	2.25e-15	1.62e-10	3.32e-10	5.73e-46
 2.06624e+15	6.16e-15	5.64e-10	5.46e-06	2.13e-03	9.98e-01	3.54e-05	0.00e+00	5.27e-16	1.58e-15	2.64e-15	1.85e-10	3.78e-10	9.68e-46
 2.13250e+15	7.47e-15	6.64e-10	6.19e-06	2.29e-03	9.98e-01	3.29e-05	0.00e+00	6.40e-16	1.92e-15	3.21e-15	2.18e-10	4.46e-10	1.86e-45
 2.20206e+15	9.03e-15	7.81e-10	7.03e-06	2.45e-03	9.98e-01	3.07e-05	0.00e+00	7.74e-16	2.32e-15	3.88e-15	2.57e-10	5.24e-10	3.53e-45
 2.26194e+15	1.07e-14	9.03e-10	7.83e-06	2.61e-03	9.97e-01	2.89e-05	0.00e+00	9.21e-16	2.77e-15	4.62e-15	2.97e-10	6.06e-10	6.29e-45
 2.32577e+15	1.31e-14	1.06e-09	8.75e-06	2.78e-03	9.97e-01	2.72e-05	0.00e+00	1.12e-15	3.37e-15	5.63e-15	3.48e-10	7.10e-10	1.18e-44
 2.40876e+15	1.64e-14	1.28e-09	1.01e-05	3.01e-03	9.97e-01	2.52e-05	0.00e+00	1.41e-15	4.24e-15	7.08e-15	4.20e-10	8.57e-10	2.52e-44
 2.49403e+15	1.99e-14	1.52e-09	1.16e-05	3.25e-03	9.97e-01	2.33e-05	0.00e+00	1.72e-15	5.16e-15	8.61e-15	5.00e-10	1.02e-09	4.98e-44
 2.56519e+15	2.40e-14	1.77e-09	1.29e-05	3.46e-03	9.97e-01	2.19e-05	0.00e+00	2.07e-15	6.20e-15	1.04e-14	5.83e-10	1.19e-09	9.25e-44
 2.64061e+15	2.96e-14	2.10e-09	1.45e-05	3.69e-03	9.96e-01	2.06e-05	0.00e+00	2.56e-15	7.68e-15	1.28e-14	6.91e-10	1.41e-09	1.81e-43
 2.73692e+15	3.75e-14	2.55e-09	1.67e-05	4.00e-03	9.96e-01	1.91e-05	0.00e+00	3.24e-15	9.72e-15	1.62e-14	8.40e-10	1.71e-09	3.96e-43
 2.83768e+15	4.59e-14	3.05e-09	1.93e-05	4.33e-03	9.96e-01	1.76e-05	0.00e+00	3.97e-15	1.19e-14	1.99e-14	1.01e-09	2.05e-09	8.02e-43
 2.92706e+15	5.63e-14	3.63e-09	2.19e-05	4.64e-03	9.95e-01	1.65e-05	0.00e+00	4.87e-15	1.46e-14	2.44e-14	1.20e-09	2.43e-09	1.61e-42
 3.02435e+15	6.96e-14	4.34e-09	2.49e-05	4.99e-03	9.95e-01	1.54e-05	0.00e+00	6.03e-15	1.81e-14	3.02e-14	1.43e-09	2.91e-09	3.25e-42
 3.14094e+15	9.17e-14	5.43e-09	2.90e-05	5.43e-03	9.95e-01	1.42e-05	0.00e+00	7.97e-15	2.39e-14	3.99e-14	1.79e-09	3.64e-09	7.91e-42
 3.25667e+15	1.15e-13	6.61e-09	3.35e-05	5.88e-03	9.94e-01	1.32e-05	0.00e+00	1.00e-14	3.00e-14	5.01e-14	2.18e-09	4.43e-09	1.69e-41
 3.36125e+15	1.39e-13	7.79e-09	3.80e-05	6.31e-03	9.94e-01	1.24e-05	0.00e+00	1.21e-14	3.64e-14	6.07e-14	2.57e-09	5.22e-09	3.20e-41
 3.47729e+15	1.73e-13	9.40e-09	4.34e-05	6.80e-03	9.93e-01	1.15e-05	0.00e+00	1.51e-14	4.53e-14	7.56e-14	3.10e-09	6.30e-09	6.62e-41
 3.61374e+15	2.29e-13	1.18e-08	5.07e-05	7.41e-03	9.93e-01	1.07e-05	0.00e+00	2.00e-14	5.99e-14	9.99e-14	3.91e-09	7.93e-09	1.64e-40
 3.74843e+15	2.92e-13	1.46e-08	5.87e-05	8.03e-03	9.92e-01	9.92e-06	0.00e+00	2.56e-14	7.67e-14	1.28e-13	4.82e-09	9.77e-09	3.52e-40
 3.87425e+15	3.63e-13	1.76e-08	6.69e-05	8.63e-03	9.91e-01	9.30e-06	0.00e+00	3.18e-14	9.53e-14	1.59e-13	5.81e-09	1.18e-08	7.17e-40
 4.01499e+15	4.59e-13	2.15e-08	7.72e-05	9.34e-03	9.91e-01	8.68e-06	0.00e+00	4.02e-14	1.21e-13	2.01e-13	7.11e-09	1.44e-08	1.53e-39
 4.17562e+15	5.79e-13	2.64e-08	9.03e-05	1.02e-02	9.90e-01	8.06e-06	0.00e+00	5.08e-14	1.52e-13	2.54e-13	8.71e-09	1.76e-08	3.26e-39
 4.33465e+15	7.63e-13	3.33e-08	1.05e-04	1.10e-02	9.89e-01	7.53e-06	0.00e+00	6.70e-14	2.01e-13	3.35e-13	1.10e-08	2.23e-08	7.94e-39
 4.46429e+15	9.28e-13	3.95e-08	1.18e-04	1.18e-02	9.88e-01	7.14e-06	0.00e+00	8.15e-14	2.45e-13	4.08e-13	1.30e-08	2.64e-08	1.49e-38
 4.56447e+15	1.08e-12	4.48e-08	1.29e-04	1.24e-02	9.88e-01	6.87e-06	0.00e+00	9.45e-14	2.84e-13	4.73e-13	1.48e-08	3.00e-08	2.38e-38
 4.67413e+15	1.26e-12	5.14e-08	1.42e-04	1.30e-02	9.87e-01	6.59e-06	0.00e+00	1.11e-13	3.33e-13	5.56e-13	1.70e-08	3.44e-08	3.95e-38
 4.81670e+15	1.55e-12	6.11e-08	1.60e-04	1.39e-02	9.86e-01	6.26e-06	0.00e+00	1.36e-13	4.08e-13	6.81e-13	2.02e-08	4.09e-08	7.46e-38
 4.97147e+15	1.87e-12	7.22e-08	1.82e-04	1.49e-02	9.85e-01	5.93e-06	0.00e+00	1.65e-13	4.94e-13	8.25e-13	2.39e-08	4.83e-08	1.35e-37
 5.11161e+15	2.30e-12	8.63e-08	2.04e-04	1.58e-02	9.84e-01	5.68e-06	0.00e+00	2.03e-13	6.08e-13	1.01e-12	2.86e-08	5.77e-08	2.60e-37
 5.26326e+15	2.78e-12	1.02e-07	2.30e-04	1.68e-02	9.83e-01	5.42e-06	0.00e+00	2.46e-13	7.37e-13	1.23e-12	3.38e-08	6.82e-08	4.63e-37
 5.45597e+15	3.56e-12	1.26e-07	2.66e-04	1.82e-02	9.81e-01	5.12e-06	0.00e+00	3.15e-13	9.44e-13	1.57e-12	4.18e-08	8.45e-08	9.99e-37
 5.64921e+15	4.52e-12	1.55e-07	3.06e-04	1.97e-02	9.80e-01	4.87e-06	0.00e+00	4.00e-13	1.20e-12	2.00e-12	5.14e-08	1.04e-07	2.05e-36
 5.80962e+15	5.44e-12	1.83e-07	3.43e-04	2.09e-02	9.79e-01	4.68e-06	0.00e+00	4.82e-13	1.45e-12	2.41e-12	6.05e-08	1.22e-07	3.63e-36
 5.98022e+15	6.65e-12	2.17e-07	3.86e-04	2.23e-02	9.77e-01	4.50e-06	0.00e+00	5.89e-13	1.77e-12	2.95e-12	7.19e-08	1.45e-07	6.62e-36
 6.19819e+15	8.34e-12	2.63e-07	4.47e-04	2.40e-02	9.76e-01	4.28e-06	0.00e+00	7.39e-13	2.22e-12	3.70e-12	8.71e-08	1.76e-07	1.23e-35
 6.42323e+15	1.09e-11	3.32e-07	5.18e-04	2.60e-02	9.73e-01	4.10e-06	0.00e+00	9.63e-13	2.89e-12	4.82e-12	1.10e-07	2.22e-07	2.79e-35
 6.61720e+15	1.33e-11	3.96e-07	5.86e-04	2.77e-02	9.72e-01	3.96e-06	0.00e+00	1.18e-12	3.55e-12	5.92e-12	1.31e-07	2.65e-07	5.07e-35
 6.82528e+15	1.64e-11	4.75e-07	6.66e-04	2.97e-02	9.70e-01	3.81e-06	0.00e+00	1.46e-12	4.37e-12	7.29e-12	1.57e-07	3.17e-07	9.20e-35
 7.08177e+15	2.09e-11	5.83e-07	7.76e-04	3.22e-02	9.67e-01	3.66e-06	0.00e+00	1.86e-12	5.58e-12	9.32e-12	1.93e-07	3.90e-07	1.81e-34
 7.33771e+15	2.73e-11	7.38e-07	9.02e-04	3.48e-02	9.64e-01	3.53e-06	0.00e+00	2.43e-12	7.29e-12	1.22e-11	2.45e-07	4.93e-07	4.05e-34
 7.55950e+15	3.35e-11	8.83e-07	1.02e-03	3.72e-02	9.62e-01	3.43e-06	0.00e+00	2.99e-12	8.96e-12	1.49e-11	2.93e-07	5.90e-07	7.20e-34
 7.80037e+15	4.18e-11	1.06e-06	1.17e-03	3.98e-02	9.59e-01	3.33e-06	0.00e+00	3.73e-12	1.12e-11	1.86e-11	3.53e-07	7.12e-07	1.31e-33
 8.09526e+15	5.38e-11	1.31e-06	1.37e-03	4.32e-02	9.55e-01	3.22e-06	0.00e+00	4.80e-12	1.44e-11	2.40e-11	4.36e-07	8.78e-07	2.54e-33
 8.38239e+15	7.00e-11	1.66e-06	1.59e-03	4.69e-02	9.52e-01	3.14e-06	0.00e+00	6.25e-12	1.88e-11	3.13e-11	5.52e-07	1.11e-06	5.56e-33
 8.61819e+15	8.56e-11	1.98e-06	1.79e-03	4.98e-02	9.48e-01	3.07e-06	0.00e+00	7.65e-12	2.29e-11	3.83e-11	6.56e-07	1.32e-06	9.41e-33
 8.86524e+15	1.05e-10	2.36e-06	2.03e-03	5.32e-02	9.45e-01	3.01e-06	0.00e+00	9.40e-12	2.82e-11	4.70e-11	7.83e-07	1.58e-06	1.63e-32
 9.18499e+15	1.35e-10	2.89e-06	2.37e-03	5.76e-02	9.40e-01	2.93e-06	0.00e+00	1.21e-11	3.62e-11	6.04e-11	9.58e-07	1.93e-06	2.98e-32
 9.49378e+15	1.75e-10	3.64e-06	2.74e-03	6.22e-02	9.35e-01	2.88e-06	0.00e+00	1.57e-11	4.71e-11	7.85e-11	1.21e-06	2.43e-06	6.18e-32
 9.71123e+15	2.05e-10	4.19e-06	3.03e-03	6.56e-02	9.31e-01	2.84e-06	0.00e+00	1.83e-11	5.50e-11	9.18e-11	1.39e-06	2.80e-06	9.31e-32
 9.91542e+15	2.41e-10	4.80e-06	3.33e-03	6.89e-02	9.28e-01	2.81e-06	0.00e+00	2.16e-11	6.48e-11	1.08e-10	1.59e-06	3.20e-06	1.41e-31
 1.01809e+16	2.95e-10	5.68e-06	3.76e-03	7.33e-02	9.23e-01	2.76e-06	0.00e+00	2.65e-11	7.94e-11	1.32e-10	1.89e-06	3.79e-06	2.31e-31
 1.04729e+16	3.67e-10	6.86e-06	4.29e-03	7.86e-02	9.17e-01	2.72e-06	0.00e+00	3.30e-11	9.89e-11	1.65e-10	2.28e-06	4.58e-06	4.06e-31
 1.07401e+16	4.46e-10	8.07e-06	4.83e-03	8.34e-02	9.12e-01	2.69e-06	0.00e+00	4.01e-11	1.20e-10	2.00e-10	2.68e-06	5.39e-06	6.41e-31
 1.10280e+16	5.48e-10	9.52e-06	5.47e-03	8.90e-02	9.06e-01	2.65e-06	0.00e+00	4.93e-11	1.48e-10	2.46e-10	3.16e-06	6.35e-06	1.02e-30
 1.13486e+16	7.02e-10	1.18e-05	6.30e-03	9.57e-02	8.98e-01	2.64e-06	0.00e+00	6.32e-11	1.90e-10	3.16e-10	3.93e-06	7.89e-06	1.96e-30
 1.16357e+16	8.54e-10	1.39e-05	7.12e-03	1.02e-01	8.91e-01	2.60e-06	0.00e+00	7.70e-11	2.31e-10	3.85e-10	4.63e-06	9.30e-06	3.05e-30
 1.18917e+16	1.02e-09	1.60e-05	7.93e-03	1.08e-01	8.84e-01	2.58e-06	0.00e+00	9.20e-11	2.76e-10	4.60e-10	5.33e-06	1.07e-05	4.50e-30
 1.21831e+16	1.25e-09	1.90e-05	8.98e-03	1.15e-01	8.76e-01	2.56e-06	0.00e+00	1.13e-10	3.39e-10	5.65e-10	6.33e-06	1.27e-05	7.25e-30
 1.25077e+16	1.61e-09	2.36e-05	1.03e-02	1.23e-01	8.66e-01	2.55e-06	0.00e+00	1.46e-10	4.36e-10	7.28e-10	7.85e-06	1.58e-05	1.37e-29
 1.28066e+16	1.97e-09	2.79e-05	1.17e-02	1.31e-01	8.57e-01	2.53e-06	0.00e+00	1.78e-10	5.35e-10	8.92e-10	9.29e-06	1.86e-05	2.12e-29
 1.30840e+16	2.39e-09	3.24e-05	1.32e-02	1.39e-01	8.48e-01	2.52e-06	0.00e+00	2.16e-10	6.48e-10	1.08e-09	1.08e-05	2.16e-05	3.17e-29
 1.34024e+16	3.08e-09	4.02e-05	1.51e-02	1.49e-01	8.36e-01	2.52e-06	0.00e+00	2.79e-10	8.36e-10	1.39e-09	1.34e-05	2.68e-05	5.96e-29
 1.37306e+16	3.82e-09	4.75e-05	1.73e-02	1.60e-01	8.23e-01	2.50e-06	0.00e+00	3.46e-10	1.04e-09	1.73e-09	1.58e-05	3.17e-05	8.86e-29
 1.40079e+16	4.72e-09	5.74e-05	1.96e-02	1.70e-01	8.11e-01	2.50e-06	0.00e+00	4.28e-10	1.28e-09	2.14e-09	1.91e-05	3.83e-05	1.54e-28
 1.42614e+16	5.69e-09	6.69e-05	2.19e-02	1.79e-01	7.99e-01	2.51e-06	0.00e+00	5.16e-10	1.55e-09	2.58e-09	2.23e-05	4.46e-05	2.31e-28
 1.45477e+16	7.00e-09	7.79e-05	2.48e-02	1.90e-01	7.85e-01	2.50e-06	0.00e+00	6.36e-10	1.91e-09	3.18e-09	2.59e-05	5.20e-05	3.39e-28
 1.48618e+16	8.93e-09	9.63e-05	2.86e-02	2.04e-01	7.67e-01	2.50e-06	0.00e+00	8.12e-10	2.44e-09	4.06e-09	3.20e-05	6.42e-05	6.11e-28
 1.51367e+16	1.11e-08	1.14e-04	3.24e-02	2.16e-01	7.51e-01	2.52e-06	0.00e+00	1.01e-09	3.03e-09	5.05e-09	3.81e-05	7.63e-05	9.67e-28
 1.53748e+16	1.33e-08	1.31e-04	3.61e-02	2.27e-01	7.36e-01	2.53e-06	0.00e+00	1.21e-09	3.63e-09	6.05e-09	4.37e-05	8.75e-05	1.37e-27
 1.56404e+16	1.70e-08	1.61e-04	4.11e-02	2.42e-01	7.17e-01	2.57e-06	0.00e+00	1.55e-09	4.65e-09	7.76e-09	5.36e-05	1.07e-04	2.51e-27
 1.59201e+16	2.08e-08	1.87e-04	4.68e-02	2.56e-01	6.97e-01	2.56e-06	6.07e-12	1.90e-09	5.70e-09	9.51e-09	6.24e-05	1.25e-04	3.59e-27
 1.61673e+16	2.64e-08	2.29e-04	5.31e-02	2.72e-01	6.75e-01	2.61e-06	0.00e+00	2.41e-09	7.22e-09	1.20e-08	7.63e-05	1.53e-04	6.53e-27
 1.63897e+16	3.20e-08	2.68e-04	5.93e-02	2.86e-01	6.55e-01	2.64e-06	6.95e-12	2.92e-09	8.77e-09	1.46e-08	8.92e-05	1.79e-04	9.97e-27
 1.65877e+16	3.83e-08	3.09e-04	6.57e-02	2.98e-01	6.36e-01	2.67e-06	0.00e+00	3.50e-09	1.05e-08	1.75e-08	1.03e-04	2.06e-04	1.48e-26
 1.67725e+16	4.56e-08	3.54e-04	7.24e-02	3.11e-01	6.16e-01	2.70e-06	7.84e-12	4.17e-09	1.25e-08	2.08e-08	1.18e-04	2.36e-04	2.17e-26
 1.69831e+16	5.59e-08	4.13e-04	8.11e-02	3.27e-01	5.92e-01	2.73e-06	0.00e+00	5.12e-09	1.54e-08	2.56e-08	1.38e-04	2.75e-04	3.29e-26
 1.72176e+16	7.01e-08	4.95e-04	9.21e-02	3.44e-01	5.63e-01	2.78e-06	9.19e-12	6.43e-09	1.93e-08	3.21e-08	1.65e-04	3.30e-04	5.51e-26
 1.74280e+16	8.56e-08	5.71e-04	1.03e-01	3.61e-01	5.35e-01	2.79e-06	0.00e+00	7.85e-09	2.36e-08	3.93e-08	1.90e-04	3.81e-04	8.14e-26
 1.76100e+16	1.06e-07	6.81e-04	1.15e-01	3.76e-01	5.08e-01	2.88e-06	0.00e+00	9.74e-09	2.92e-08	4.87e-08	2.27e-04	4.54e-04	1.40e-25
