#depth	He	He+	He+2
 1.49634e+10	7.65e-23	5.98e-11	1.00e+00
 4.54887e+10	8.51e-23	6.47e-11	1.00e+00
 7.72350e+10	9.46e-23	7.01e-11	1.00e+00
 1.10251e+11	1.05e-22	7.59e-11	1.00e+00
 1.44588e+11	1.17e-22	8.21e-11	1.00e+00
 1.80298e+11	1.30e-22	8.90e-11	1.00e+00
 2.17437e+11	1.45e-22	9.64e-11	1.00e+00
 2.56061e+11	1.61e-22	1.04e-10	1.00e+00
 2.96231e+11	1.79e-22	1.13e-10	1.00e+00
 3.38007e+11	2.00e-22	1.22e-10	1.00e+00
 3.81454e+11	2.23e-22	1.33e-10	1.00e+00
 4.26639e+11	2.49e-22	1.44e-10	1.00e+00
 4.73631e+11	2.79e-22	1.56e-10	1.00e+00
 5.22503e+11	3.12e-22	1.69e-10	1.00e+00
 5.73330e+11	3.50e-22	1.83e-10	1.00e+00
 6.26190e+11	3.93e-22	1.99e-10	1.00e+00
 6.81164e+11	4.42e-22	2.15e-10	1.00e+00
 7.38337e+11	4.97e-22	2.34e-10	1.00e+00
 7.97798e+11	5.60e-22	2.53e-10	1.00e+00
 8.59636e+11	6.32e-22	2.75e-10	1.00e+00
 9.23949e+11	7.13e-22	2.98e-10	1.00e+00
 9.90833e+11	8.07e-22	3.24e-10	1.00e+00
 1.06039e+12	9.15e-22	3.52e-10	1.00e+00
 1.13274e+12	1.04e-21	3.82e-10	1.00e+00
 1.20797e+12	1.18e-21	4.15e-10	1.00e+00
 1.28622e+12	1.34e-21	4.50e-10	1.00e+00
 1.36759e+12	1.53e-21	4.89e-10	1.00e+00
 1.45222e+12	1.75e-21	5.32e-10	1.00e+00
 1.54024e+12	2.00e-21	5.78e-10	1.00e+00
 1.63178e+12	2.29e-21	6.29e-10	1.00e+00
 1.72697e+12	2.62e-21	6.84e-10	1.00e+00
 1.82598e+12	3.01e-21	7.44e-10	1.00e+00
 1.92895e+12	3.46e-21	8.10e-10	1.00e+00
 2.03603e+12	3.99e-21	8.82e-10	1.00e+00
 2.14740e+12	4.60e-21	9.60e-10	1.00e+00
 2.26322e+12	5.32e-21	1.05e-09	1.00e+00
 2.38368e+12	6.16e-21	1.14e-09	1.00e+00
 2.50895e+12	7.13e-21	1.24e-09	1.00e+00
 2.63924e+12	8.28e-21	1.35e-09	1.00e+00
 2.77473e+12	9.63e-21	1.48e-09	1.00e+00
 2.91565e+12	1.12e-20	1.61e-09	1.00e+00
 3.06220e+12	1.31e-20	1.76e-09	1.00e+00
 3.21461e+12	1.53e-20	1.92e-09	1.00e+00
 3.37313e+12	1.78e-20	2.09e-09	1.00e+00
 3.53798e+12	2.09e-20	2.28e-09	1.00e+00
 3.70942e+12	2.45e-20	2.49e-09	1.00e+00
 3.88773e+12	2.88e-20	2.73e-09	1.00e+00
 4.07316e+12	3.38e-20	2.98e-09	1.00e+00
 4.26602e+12	3.98e-20	3.26e-09	1.00e+00
 4.46658e+12	4.70e-20	3.56e-09	1.00e+00
 4.67517e+12	5.54e-20	3.89e-09	1.00e+00
 4.89211e+12	6.55e-20	4.26e-09	1.00e+00
 5.11772e+12	7.75e-20	4.66e-09	1.00e+00
 5.35235e+12	9.19e-20	5.10e-09	1.00e+00
 5.59638e+12	1.09e-19	5.58e-09	1.00e+00
 5.85016e+12	1.29e-19	6.11e-09	1.00e+00
 6.11409e+12	1.54e-19	6.69e-09	1.00e+00
 6.38858e+12	1.83e-19	7.33e-09	1.00e+00
 6.67405e+12	2.18e-19	8.03e-09	1.00e+00
 6.97094e+12	2.60e-19	8.80e-09	1.00e+00
 7.27970e+12	3.10e-19	9.65e-09	1.00e+00
 7.60082e+12	3.71e-19	1.06e-08	1.00e+00
 7.93478e+12	4.43e-19	1.16e-08	1.00e+00
 8.28210e+12	5.30e-19	1.27e-08	1.00e+00
 8.64331e+12	6.34e-19	1.39e-08	1.00e+00
 9.01897e+12	7.60e-19	1.53e-08	1.00e+00
 9.40965e+12	9.10e-19	1.68e-08	1.00e+00
 9.81596e+12	1.09e-18	1.84e-08	1.00e+00
 1.02385e+13	1.31e-18	2.02e-08	1.00e+00
 1.06780e+13	1.57e-18	2.22e-08	1.00e+00
 1.11350e+13	1.88e-18	2.43e-08	1.00e+00
 1.16104e+13	2.25e-18	2.67e-08	1.00e+00
 1.21047e+13	2.70e-18	2.93e-08	1.00e+00
 1.26188e+13	3.24e-18	3.21e-08	1.00e+00
 1.31535e+13	3.89e-18	3.52e-08	1.00e+00
 1.37096e+13	4.67e-18	3.87e-08	1.00e+00
 1.42879e+13	5.60e-18	4.24e-08	1.00e+00
 1.48893e+13	6.71e-18	4.65e-08	1.00e+00
 1.55148e+13	8.05e-18	5.10e-08	1.00e+00
 1.61653e+13	9.64e-18	5.59e-08	1.00e+00
 1.68419e+13	1.16e-17	6.12e-08	1.00e+00
 1.75455e+13	1.38e-17	6.71e-08	1.00e+00
 1.82772e+13	1.66e-17	7.35e-08	1.00e+00
 1.90383e+13	1.98e-17	8.05e-08	1.00e+00
 1.98297e+13	2.37e-17	8.81e-08	1.00e+00
 2.06528e+13	2.83e-17	9.65e-08	1.00e+00
 2.15089e+13	3.38e-17	1.06e-07	1.00e+00
 2.23991e+13	4.04e-17	1.15e-07	1.00e+00
 2.33250e+13	4.83e-17	1.26e-07	1.00e+00
 2.42880e+13	5.76e-17	1.38e-07	1.00e+00
 2.52894e+13	6.87e-17	1.51e-07	1.00e+00
 2.63309e+13	8.19e-17	1.65e-07	1.00e+00
 2.74141e+13	9.76e-17	1.80e-07	1.00e+00
 2.85406e+13	1.16e-16	1.97e-07	1.00e+00
 2.97121e+13	1.39e-16	2.15e-07	1.00e+00
 3.09305e+13	1.65e-16	2.35e-07	1.00e+00
 3.21485e+13	1.95e-16	2.56e-07	1.00e+00
 3.34151e+13	2.31e-16	2.78e-07	1.00e+00
 3.47817e+13	2.74e-16	3.03e-07	1.00e+00
 3.62028e+13	3.26e-16	3.31e-07	1.00e+00
 3.76809e+13	3.88e-16	3.61e-07	1.00e+00
 3.92180e+13	4.61e-16	3.94e-07	1.00e+00
 4.08167e+13	5.48e-16	4.30e-07	1.00e+00
 4.24793e+13	6.51e-16	4.69e-07	1.00e+00
 4.42084e+13	7.73e-16	5.11e-07	1.00e+00
 4.60067e+13	9.17e-16	5.56e-07	1.00e+00
 4.78768e+13	1.09e-15	6.06e-07	1.00e+00
 4.98218e+13	1.29e-15	6.60e-07	1.00e+00
 5.18446e+13	1.53e-15	7.19e-07	1.00e+00
 5.39484e+13	1.81e-15	7.83e-07	1.00e+00
 5.61362e+13	2.15e-15	8.53e-07	1.00e+00
 5.84116e+13	2.54e-15	9.29e-07	1.00e+00
 6.07780e+13	3.01e-15	1.01e-06	1.00e+00
 6.32390e+13	3.56e-15	1.10e-06	1.00e+00
 6.57985e+13	4.22e-15	1.20e-06	1.00e+00
 6.84604e+13	4.99e-15	1.30e-06	1.00e+00
 7.12287e+13	5.90e-15	1.42e-06	1.00e+00
 7.41078e+13	6.98e-15	1.54e-06	1.00e+00
 7.71020e+13	8.25e-15	1.68e-06	1.00e+00
 8.02161e+13	9.75e-15	1.82e-06	1.00e+00
 8.34546e+13	1.15e-14	1.98e-06	1.00e+00
 8.68227e+13	1.36e-14	2.15e-06	1.00e+00
 9.03256e+13	1.61e-14	2.34e-06	1.00e+00
 9.39685e+13	1.90e-14	2.54e-06	1.00e+00
 9.77572e+13	2.25e-14	2.77e-06	1.00e+00
 1.01697e+14	2.65e-14	3.01e-06	1.00e+00
 1.05795e+14	3.13e-14	3.27e-06	1.00e+00
 1.10057e+14	3.70e-14	3.55e-06	1.00e+00
 1.14489e+14	4.37e-14	3.86e-06	1.00e+00
 1.19099e+14	5.15e-14	4.19e-06	1.00e+00
 1.23893e+14	6.08e-14	4.55e-06	1.00e+00
 1.28878e+14	7.17e-14	4.95e-06	1.00e+00
 1.34063e+14	8.46e-14	5.37e-06	1.00e+00
 1.39456e+14	9.97e-14	5.83e-06	1.00e+00
 1.45064e+14	1.18e-13	6.33e-06	1.00e+00
 1.50896e+14	1.39e-13	6.88e-06	1.00e+00
 1.56962e+14	1.63e-13	7.47e-06	1.00e+00
 1.63270e+14	1.93e-13	8.11e-06	1.00e+00
 1.69831e+14	2.27e-13	8.80e-06	1.00e+00
 1.76654e+14	2.67e-13	9.56e-06	1.00e+00
 1.83751e+14	3.15e-13	1.04e-05	1.00e+00
 1.91130e+14	3.71e-13	1.13e-05	1.00e+00
 1.98806e+14	4.37e-13	1.22e-05	1.00e+00
 2.06487e+14	5.11e-13	1.32e-05	1.00e+00
 2.14476e+14	5.98e-13	1.43e-05	1.00e+00
 2.23085e+14	7.04e-13	1.55e-05	1.00e+00
 2.32038e+14	8.29e-13	1.68e-05	1.00e+00
 2.41349e+14	9.76e-13	1.83e-05	1.00e+00
 2.51033e+14	1.15e-12	1.98e-05	1.00e+00
 2.61104e+14	1.35e-12	2.15e-05	1.00e+00
 2.71579e+14	1.59e-12	2.33e-05	1.00e+00
 2.82472e+14	1.87e-12	2.53e-05	1.00e+00
 2.93800e+14	2.19e-12	2.74e-05	1.00e+00
 3.05582e+14	2.58e-12	2.97e-05	1.00e+00
 3.17836e+14	3.03e-12	3.22e-05	1.00e+00
 3.30579e+14	3.56e-12	3.49e-05	1.00e+00
 3.43832e+14	4.18e-12	3.78e-05	1.00e+00
 3.57615e+14	4.91e-12	4.10e-05	1.00e+00
 3.71950e+14	5.76e-12	4.44e-05	1.00e+00
 3.86858e+14	6.76e-12	4.81e-05	1.00e+00
 4.02362e+14	7.93e-12	5.21e-05	1.00e+00
 4.18486e+14	9.30e-12	5.65e-05	1.00e+00
 4.35256e+14	1.09e-11	6.12e-05	1.00e+00
 4.52696e+14	1.28e-11	6.62e-05	1.00e+00
 4.70834e+14	1.50e-11	7.17e-05	1.00e+00
 4.89697e+14	1.75e-11	7.76e-05	1.00e+00
 5.09315e+14	2.06e-11	8.40e-05	1.00e+00
 5.29717e+14	2.41e-11	9.10e-05	1.00e+00
 5.50936e+14	2.82e-11	9.85e-05	1.00e+00
 5.73003e+14	3.30e-11	1.07e-04	1.00e+00
 5.95953e+14	3.87e-11	1.15e-04	1.00e+00
 6.19821e+14	4.53e-11	1.25e-04	1.00e+00
 6.44644e+14	5.30e-11	1.35e-04	1.00e+00
 6.70460e+14	6.20e-11	1.46e-04	1.00e+00
 6.97308e+14	7.26e-11	1.58e-04	1.00e+00
 7.25230e+14	8.50e-11	1.71e-04	1.00e+00
 7.54269e+14	9.94e-11	1.85e-04	1.00e+00
 7.84470e+14	1.16e-10	2.00e-04	1.00e+00
 8.15879e+14	1.36e-10	2.17e-04	1.00e+00
 8.48544e+14	1.59e-10	2.35e-04	1.00e+00
 8.82516e+14	1.86e-10	2.54e-04	1.00e+00
 9.17846e+14	2.18e-10	2.75e-04	1.00e+00
 9.54590e+14	2.55e-10	2.97e-04	1.00e+00
 9.92803e+14	2.98e-10	3.22e-04	1.00e+00
 1.03255e+15	3.49e-10	3.48e-04	1.00e+00
 1.07142e+15	4.05e-10	3.75e-04	1.00e+00
 1.10851e+15	4.63e-10	4.01e-04	1.00e+00
 1.14955e+15	5.35e-10	4.32e-04	1.00e+00
 1.19556e+15	6.26e-10	4.67e-04	1.00e+00
 1.24162e+15	7.27e-10	5.03e-04	9.99e-01
 1.28952e+15	8.46e-10	5.43e-04	9.99e-01
 1.34113e+15	9.88e-10	5.87e-04	9.99e-01
 1.39480e+15	1.15e-09	6.35e-04	9.99e-01
 1.45062e+15	1.35e-09	6.87e-04	9.99e-01
 1.50868e+15	1.58e-09	7.43e-04	9.99e-01
 1.56906e+15	1.84e-09	8.03e-04	9.99e-01
 1.63185e+15	2.15e-09	8.69e-04	9.99e-01
 1.69715e+15	2.51e-09	9.39e-04	9.99e-01
 1.76507e+15	2.93e-09	1.02e-03	9.99e-01
 1.83052e+15	3.38e-09	1.09e-03	9.99e-01
 1.89116e+15	3.85e-09	1.16e-03	9.99e-01
 1.95941e+15	4.43e-09	1.25e-03	9.99e-01
 2.03606e+15	5.15e-09	1.35e-03	9.99e-01
 2.10913e+15	5.91e-09	1.45e-03	9.99e-01
 2.18689e+15	6.83e-09	1.56e-03	9.98e-01
 2.27144e+15	7.92e-09	1.68e-03	9.98e-01
 2.35170e+15	9.09e-09	1.80e-03	9.98e-01
 2.43813e+15	1.05e-08	1.93e-03	9.98e-01
 2.53262e+15	1.22e-08	2.08e-03	9.98e-01
 2.62229e+15	1.40e-08	2.23e-03	9.98e-01
 2.71860e+15	1.61e-08	2.40e-03	9.98e-01
 2.82390e+15	1.87e-08	2.58e-03	9.97e-01
 2.92389e+15	2.15e-08	2.77e-03	9.97e-01
 3.03137e+15	2.48e-08	2.98e-03	9.97e-01
 3.14843e+15	2.89e-08	3.21e-03	9.97e-01
 3.25926e+15	3.31e-08	3.44e-03	9.97e-01
 3.37873e+15	3.83e-08	3.70e-03	9.96e-01
 3.50947e+15	4.46e-08	4.00e-03	9.96e-01
 3.63311e+15	5.13e-08	4.29e-03	9.96e-01
 3.76615e+15	5.94e-08	4.62e-03	9.95e-01
 3.91200e+15	6.93e-08	4.99e-03	9.95e-01
 4.05048e+15	7.98e-08	5.36e-03	9.95e-01
 4.19932e+15	9.27e-08	5.79e-03	9.94e-01
 4.35964e+15	1.08e-07	6.27e-03	9.94e-01
 4.50874e+15	1.24e-07	6.73e-03	9.93e-01
 4.67149e+15	1.44e-07	7.28e-03	9.93e-01
 4.85345e+15	1.70e-07	7.92e-03	9.92e-01
 5.02637e+15	1.97e-07	8.56e-03	9.91e-01
 5.19041e+15	2.27e-07	9.21e-03	9.91e-01
 5.37732e+15	2.66e-07	1.00e-02	9.90e-01
 5.58282e+15	3.14e-07	1.10e-02	9.89e-01
 5.77948e+15	3.68e-07	1.20e-02	9.88e-01
 5.96919e+15	4.27e-07	1.30e-02	9.87e-01
 6.18329e+15	5.07e-07	1.43e-02	9.86e-01
 6.41506e+15	6.07e-07	1.59e-02	9.84e-01
 6.63275e+15	7.19e-07	1.76e-02	9.82e-01
 6.84168e+15	8.46e-07	1.94e-02	9.81e-01
 7.07633e+15	1.02e-06	2.19e-02	9.78e-01
 7.33332e+15	1.26e-06	2.49e-02	9.75e-01
 7.56364e+15	1.52e-06	2.82e-02	9.72e-01
 7.76915e+15	1.82e-06	3.18e-02	9.68e-01
 7.99813e+15	2.25e-06	3.69e-02	9.63e-01
 8.24019e+15	2.83e-06	4.35e-02	9.56e-01
 8.44182e+15	3.48e-06	5.07e-02	9.49e-01
 8.61100e+15	4.21e-06	5.86e-02	9.41e-01
 8.76507e+15	5.07e-06	6.77e-02	9.32e-01
 8.91018e+15	6.14e-06	7.88e-02	9.21e-01
 9.04679e+15	7.46e-06	9.22e-02	9.08e-01
 9.16949e+15	9.05e-06	1.08e-01	8.92e-01
 9.27642e+15	1.09e-05	1.26e-01	8.74e-01
 9.37037e+15	1.30e-05	1.47e-01	8.53e-01
 9.45518e+15	1.56e-05	1.71e-01	8.29e-01
 9.53262e+15	1.85e-05	1.99e-01	8.01e-01
 9.60345e+15	2.20e-05	2.32e-01	7.68e-01
 9.66820e+15	2.60e-05	2.70e-01	7.30e-01
 9.72780e+15	3.08e-05	3.13e-01	6.87e-01
 9.78336e+15	3.63e-05	3.62e-01	6.38e-01
 9.83566e+15	4.25e-05	4.18e-01	5.82e-01
 9.88598e+15	4.96e-05	4.80e-01	5.20e-01
 9.94320e+15	5.88e-05	5.60e-01	4.40e-01
 1.00047e+16	6.96e-05	6.51e-01	3.49e-01
 1.00607e+16	7.96e-05	7.33e-01	2.67e-01
 1.01226e+16	8.98e-05	8.12e-01	1.88e-01
 1.02028e+16	1.01e-04	8.87e-01	1.13e-01
 1.03027e+16	1.10e-04	9.43e-01	5.74e-02
 1.04283e+16	1.17e-04	9.75e-01	2.52e-02
 1.05917e+16	1.23e-04	9.90e-01	9.54e-03
 1.08040e+16	1.29e-04	9.97e-01	3.21e-03
 1.10800e+16	1.37e-04	9.99e-01	9.72e-04
 1.14388e+16	1.46e-04	1.00e+00	2.67e-04
 1.18744e+16	1.58e-04	1.00e+00	7.18e-05
 1.23400e+16	1.71e-04	1.00e+00	2.18e-05
 1.27952e+16	1.84e-04	1.00e+00	7.96e-06
 1.32065e+16	1.97e-04	1.00e+00	3.57e-06
 1.35811e+16	2.10e-04	1.00e+00	1.85e-06
 1.40082e+16	2.25e-04	1.00e+00	9.27e-07
 1.44895e+16	2.43e-04	1.00e+00	4.69e-07
 1.49468e+16	2.61e-04	1.00e+00	2.67e-07
 1.53794e+16	2.79e-04	1.00e+00	1.68e-07
 1.58740e+16	3.02e-04	1.00e+00	1.06e-07
 1.64197e+16	3.28e-04	1.00e+00	6.93e-08
 1.69214e+16	3.54e-04	1.00e+00	5.05e-08
 1.73917e+16	3.82e-04	1.00e+00	3.94e-08
 1.79315e+16	4.16e-04	1.00e+00	3.11e-08
 1.85216e+16	4.57e-04	1.00e+00	2.43e-08
 1.90559e+16	4.97e-04	1.00e+00	2.02e-08
 1.95508e+16	5.39e-04	9.99e-01	1.73e-08
 2.01158e+16	5.94e-04	9.99e-01	1.48e-08
 2.07256e+16	6.61e-04	9.99e-01	1.23e-08
 2.12591e+16	7.27e-04	9.99e-01	1.06e-08
 2.17244e+16	7.95e-04	9.99e-01	9.50e-09
 2.21665e+16	8.71e-04	9.99e-01	8.51e-09
 2.25965e+16	9.56e-04	9.99e-01	7.64e-09
 2.29988e+16	1.05e-03	9.99e-01	6.89e-09
 2.33633e+16	1.15e-03	9.99e-01	6.30e-09
 2.36926e+16	1.27e-03	9.99e-01	5.79e-09
 2.39947e+16	1.38e-03	9.99e-01	5.37e-09
 2.42009e+16	1.48e-03	9.99e-01	5.01e-09
 2.42980e+16	1.53e-03	9.98e-01	4.96e-09
 2.43819e+16	1.58e-03	9.98e-01	4.88e-09
 2.44909e+16	1.65e-03	9.98e-01	4.74e-09
 2.46327e+16	1.74e-03	9.98e-01	4.57e-09
 2.47652e+16	1.84e-03	9.98e-01	4.34e-09
 2.48543e+16	1.91e-03	9.98e-01	4.25e-09
 2.49387e+16	1.99e-03	9.98e-01	4.18e-09
 2.50332e+16	2.08e-03	9.98e-01	4.05e-09
 2.51208e+16	2.17e-03	9.98e-01	3.93e-09
 2.51980e+16	2.26e-03	9.98e-01	3.84e-09
 2.52707e+16	2.35e-03	9.98e-01	3.76e-09
 2.53537e+16	2.47e-03	9.98e-01	3.67e-09
 2.54390e+16	2.60e-03	9.97e-01	3.54e-09
 2.55078e+16	2.71e-03	9.97e-01	3.46e-09
 2.55665e+16	2.82e-03	9.97e-01	3.40e-09
 2.56321e+16	2.96e-03	9.97e-01	3.33e-09
 2.57026e+16	3.11e-03	9.97e-01	3.22e-09
 2.57634e+16	3.26e-03	9.97e-01	3.14e-09
 2.58162e+16	3.40e-03	9.97e-01	3.08e-09
 2.58750e+16	3.58e-03	9.96e-01	3.02e-09
 2.59374e+16	3.78e-03	9.96e-01	2.92e-09
 2.59902e+16	3.97e-03	9.96e-01	2.85e-09
 2.60363e+16	4.16e-03	9.96e-01	2.79e-09
 2.60880e+16	4.39e-03	9.96e-01	2.73e-09
 2.61433e+16	4.67e-03	9.95e-01	2.64e-09
 2.61908e+16	4.93e-03	9.95e-01	2.57e-09
 2.62327e+16	5.20e-03	9.95e-01	2.51e-09
 2.62798e+16	5.53e-03	9.94e-01	2.45e-09
 2.63304e+16	5.93e-03	9.94e-01	2.36e-09
 2.63746e+16	6.32e-03	9.94e-01	2.28e-09
 2.64142e+16	6.73e-03	9.93e-01	2.22e-09
 2.64591e+16	7.27e-03	9.93e-01	2.16e-09
 2.65077e+16	7.93e-03	9.92e-01	2.06e-09
 2.65500e+16	8.60e-03	9.91e-01	1.98e-09
 2.65862e+16	9.27e-03	9.91e-01	1.91e-09
 2.66259e+16	1.02e-02	9.90e-01	1.84e-09
 2.66679e+16	1.12e-02	9.89e-01	1.74e-09
 2.67031e+16	1.23e-02	9.88e-01	1.66e-09
 2.67335e+16	1.34e-02	9.87e-01	1.59e-09
 2.67671e+16	1.49e-02	9.85e-01	1.52e-09
 2.68028e+16	1.67e-02	9.83e-01	1.42e-09
 2.68294e+16	1.84e-02	9.82e-01	1.34e-09
 2.68472e+16	1.97e-02	9.80e-01	1.30e-09
 2.68655e+16	2.13e-02	9.79e-01	1.26e-09
 2.68892e+16	2.36e-02	9.76e-01	1.19e-09
 2.69124e+16	2.62e-02	9.74e-01	1.10e-09
 2.69295e+16	2.85e-02	9.72e-01	1.05e-09
 2.69436e+16	3.06e-02	9.69e-01	1.01e-09
 2.69594e+16	3.34e-02	9.67e-01	9.64e-10
 2.69766e+16	3.67e-02	9.63e-01	8.97e-10
 2.69917e+16	4.03e-02	9.60e-01	8.43e-10
 2.70048e+16	4.36e-02	9.56e-01	7.98e-10
 2.70190e+16	4.81e-02	9.52e-01	7.54e-10
 2.70341e+16	5.33e-02	9.47e-01	6.91e-10
 2.70468e+16	5.83e-02	9.42e-01	6.43e-10
 2.70581e+16	6.36e-02	9.36e-01	6.05e-10
 2.70709e+16	7.03e-02	9.30e-01	5.61e-10
 2.70847e+16	7.85e-02	9.22e-01	5.02e-10
 2.70965e+16	8.68e-02	9.13e-01	4.58e-10
 2.71068e+16	9.48e-02	9.05e-01	4.23e-10
 2.71174e+16	1.04e-01	8.96e-01	3.88e-10
 2.71292e+16	1.16e-01	8.84e-01	3.46e-10
 2.71403e+16	1.29e-01	8.71e-01	3.04e-10
 2.71494e+16	1.41e-01	8.59e-01	2.76e-10
 2.71573e+16	1.52e-01	8.48e-01	2.53e-10
 2.71649e+16	1.64e-01	8.36e-01	2.30e-10
 2.71723e+16	1.76e-01	8.24e-01	2.09e-10
 2.71780e+16	1.86e-01	8.14e-01	1.91e-10
 2.71818e+16	1.93e-01	8.07e-01	1.83e-10
 2.71853e+16	2.01e-01	7.99e-01	1.76e-10
 2.71894e+16	2.09e-01	7.91e-01	1.65e-10
 2.71937e+16	2.19e-01	7.81e-01	1.54e-10
 2.71979e+16	2.28e-01	7.72e-01	1.44e-10
 2.72019e+16	2.37e-01	7.63e-01	1.35e-10
 2.72059e+16	2.47e-01	7.53e-01	1.27e-10
 2.72098e+16	2.57e-01	7.43e-01	1.19e-10
 2.72137e+16	2.68e-01	7.32e-01	1.11e-10
 2.72176e+16	2.78e-01	7.22e-01	1.03e-10
 2.72215e+16	2.90e-01	7.10e-01	9.65e-11
 2.72253e+16	3.01e-01	6.99e-01	8.96e-11
 2.72291e+16	3.13e-01	6.87e-01	8.34e-11
 2.72327e+16	3.24e-01	6.76e-01	7.78e-11
 2.72365e+16	3.37e-01	6.63e-01	7.22e-11
 2.72401e+16	3.49e-01	6.51e-01	6.70e-11
 2.72438e+16	3.62e-01	6.38e-01	6.22e-11
 2.72474e+16	3.74e-01	6.26e-01	5.77e-11
 2.72509e+16	3.88e-01	6.12e-01	5.35e-11
 2.72545e+16	4.01e-01	5.99e-01	4.95e-11
 2.72580e+16	4.14e-01	5.86e-01	4.58e-11
 2.72614e+16	4.28e-01	5.72e-01	4.25e-11
 2.72649e+16	4.42e-01	5.58e-01	3.94e-11
 2.72683e+16	4.55e-01	5.45e-01	3.65e-11
 2.72716e+16	4.69e-01	5.31e-01	3.38e-11
 2.72750e+16	4.83e-01	5.17e-01	3.13e-11
 2.72783e+16	4.97e-01	5.03e-01	2.91e-11
 2.72815e+16	5.11e-01	4.89e-01	2.70e-11
 2.72848e+16	5.25e-01	4.75e-01	2.51e-11
 2.72880e+16	5.39e-01	4.61e-01	2.34e-11
 2.72911e+16	5.52e-01	4.48e-01	2.18e-11
 2.72941e+16	5.65e-01	4.35e-01	2.04e-11
 2.72971e+16	5.78e-01	4.22e-01	1.91e-11
 2.73000e+16	5.91e-01	4.09e-01	1.80e-11
 2.73029e+16	6.03e-01	3.97e-01	1.69e-11
 2.73057e+16	6.16e-01	3.84e-01	1.60e-11
 2.73085e+16	6.28e-01	3.72e-01	1.51e-11
 2.73113e+16	6.39e-01	3.61e-01	1.43e-11
 2.73140e+16	6.51e-01	3.49e-01	1.36e-11
 2.73166e+16	6.62e-01	3.38e-01	1.29e-11
 2.73193e+16	6.73e-01	3.27e-01	1.23e-11
 2.73219e+16	6.84e-01	3.16e-01	1.18e-11
 2.73244e+16	6.95e-01	3.05e-01	1.13e-11
 2.73269e+16	7.05e-01	2.95e-01	1.08e-11
 2.73294e+16	7.14e-01	2.86e-01	1.04e-11
 2.73318e+16	7.24e-01	2.76e-01	1.00e-11
 2.73342e+16	7.33e-01	2.67e-01	9.66e-12
 2.73366e+16	7.42e-01	2.58e-01	9.34e-12
 2.73389e+16	7.51e-01	2.49e-01	9.04e-12
 2.73413e+16	7.60e-01	2.40e-01	8.76e-12
 2.73436e+16	7.68e-01	2.32e-01	8.49e-12
 2.73458e+16	7.76e-01	2.24e-01	8.25e-12
 2.73481e+16	7.84e-01	2.16e-01	8.03e-12
 2.73503e+16	7.91e-01	2.09e-01	7.82e-12
 2.73525e+16	7.98e-01	2.02e-01	7.62e-12
 2.73547e+16	8.06e-01	1.94e-01	7.43e-12
 2.73567e+16	8.12e-01	1.88e-01	7.24e-12
 2.73583e+16	8.17e-01	1.83e-01	7.11e-12
 2.73599e+16	8.22e-01	1.78e-01	6.98e-12
 2.73617e+16	8.27e-01	1.73e-01	6.85e-12
 2.73635e+16	8.33e-01	1.67e-01	6.70e-12
 2.73655e+16	8.38e-01	1.62e-01	6.56e-12
 2.73675e+16	8.44e-01	1.56e-01	6.42e-12
 2.73695e+16	8.50e-01	1.50e-01	6.28e-12
 2.73716e+16	8.55e-01	1.45e-01	6.14e-12
 2.73736e+16	8.61e-01	1.39e-01	6.00e-12
 2.73756e+16	8.66e-01	1.34e-01	5.86e-12
 2.73776e+16	8.71e-01	1.29e-01	5.73e-12
 2.73796e+16	8.75e-01	1.25e-01	5.60e-12
 2.73816e+16	8.80e-01	1.20e-01	5.47e-12
 2.73835e+16	8.85e-01	1.15e-01	5.34e-12
 2.73855e+16	8.89e-01	1.11e-01	5.22e-12
 2.73873e+16	8.93e-01	1.07e-01	5.10e-12
 2.73891e+16	8.97e-01	1.03e-01	4.98e-12
 2.73908e+16	9.00e-01	9.97e-02	4.86e-12
 2.73925e+16	9.04e-01	9.63e-02	4.75e-12
 2.73941e+16	9.07e-01	9.31e-02	4.65e-12
 2.73956e+16	9.10e-01	9.02e-02	4.55e-12
 2.73970e+16	9.12e-01	8.76e-02	4.45e-12
 2.73982e+16	9.15e-01	8.53e-02	4.37e-12
 2.73993e+16	9.17e-01	8.32e-02	4.29e-12
 2.74004e+16	9.19e-01	8.14e-02	4.22e-12
 2.74013e+16	9.20e-01	7.97e-02	4.15e-12
 2.74021e+16	9.22e-01	7.82e-02	4.09e-12
 2.74029e+16	9.23e-01	7.67e-02	4.02e-12
 2.74036e+16	9.24e-01	7.55e-02	3.97e-12
 2.74044e+16	9.26e-01	7.41e-02	3.91e-12
 2.74052e+16	9.27e-01	7.28e-02	3.86e-12
 2.74060e+16	9.29e-01	7.14e-02	3.80e-12
 2.74067e+16	9.30e-01	7.03e-02	3.75e-12
 2.74073e+16	9.31e-01	6.92e-02	3.69e-12
 2.74080e+16	9.32e-01	6.80e-02	3.64e-12
 2.74087e+16	9.33e-01	6.68e-02	3.59e-12
 2.74094e+16	9.34e-01	6.58e-02	3.54e-12
 2.74100e+16	9.35e-01	6.48e-02	3.49e-12
 2.74106e+16	9.36e-01	6.39e-02	3.45e-12
 2.74111e+16	9.37e-01	6.31e-02	3.41e-12
 2.74117e+16	9.38e-01	6.21e-02	3.36e-12
 2.74124e+16	9.39e-01	6.09e-02	3.31e-12
 2.74132e+16	9.40e-01	5.97e-02	3.25e-12
 2.74139e+16	9.41e-01	5.86e-02	3.18e-12
 2.74145e+16	9.42e-01	5.76e-02	3.13e-12
 2.74151e+16	9.43e-01	5.67e-02	3.09e-12
 2.74157e+16	9.44e-01	5.59e-02	3.04e-12
 2.74162e+16	9.45e-01	5.52e-02	3.01e-12
 2.74166e+16	9.45e-01	5.45e-02	2.97e-12
 2.74171e+16	9.46e-01	5.37e-02	2.93e-12
 2.74176e+16	9.47e-01	5.29e-02	2.88e-12
 2.74181e+16	9.48e-01	5.22e-02	2.84e-12
 2.74185e+16	9.48e-01	5.16e-02	2.81e-12
 2.74190e+16	9.49e-01	5.09e-02	2.77e-12
 2.74195e+16	9.50e-01	5.01e-02	2.73e-12
 2.74200e+16	9.51e-01	4.95e-02	2.69e-12
 2.74204e+16	9.51e-01	4.89e-02	2.66e-12
 2.74209e+16	9.52e-01	4.82e-02	2.62e-12
 2.74214e+16	9.53e-01	4.75e-02	2.58e-12
 2.74219e+16	9.53e-01	4.68e-02	2.54e-12
 2.74223e+16	9.54e-01	4.63e-02	2.51e-12
 2.74227e+16	9.54e-01	4.57e-02	2.48e-12
 2.74231e+16	9.55e-01	4.52e-02	2.45e-12
 2.74235e+16	9.55e-01	4.46e-02	2.42e-12
 2.74239e+16	9.56e-01	4.40e-02	2.39e-12
 2.74243e+16	9.56e-01	4.35e-02	2.36e-12
 2.74247e+16	9.57e-01	4.30e-02	2.33e-12
 2.74252e+16	9.58e-01	4.25e-02	2.30e-12
 2.74256e+16	9.58e-01	4.20e-02	2.27e-12
 2.74260e+16	9.59e-01	4.14e-02	2.24e-12
 2.74265e+16	9.59e-01	4.08e-02	2.21e-12
 2.74269e+16	9.60e-01	4.03e-02	2.18e-12
 2.74273e+16	9.60e-01	3.99e-02	2.16e-12
 2.74277e+16	9.61e-01	3.94e-02	2.13e-12
 2.74282e+16	9.61e-01	3.88e-02	2.10e-12
 2.74286e+16	9.62e-01	3.84e-02	2.07e-12
 2.74290e+16	9.62e-01	3.80e-02	2.05e-12
 2.74294e+16	9.63e-01	3.75e-02	2.02e-12
 2.74300e+16	9.63e-01	3.68e-02	1.99e-12
 2.74306e+16	9.64e-01	3.62e-02	1.96e-12
 2.74311e+16	9.64e-01	3.57e-02	1.93e-12
 2.74316e+16	9.65e-01	3.52e-02	1.90e-12
 2.74320e+16	9.65e-01	3.48e-02	1.88e-12
 2.74324e+16	9.66e-01	3.44e-02	1.86e-12
 2.74329e+16	9.66e-01	3.39e-02	1.84e-12
 2.74335e+16	9.67e-01	3.33e-02	1.80e-12
 2.74341e+16	9.67e-01	3.27e-02	1.77e-12
 2.74347e+16	9.68e-01	3.23e-02	1.75e-12
 2.74352e+16	9.68e-01	3.18e-02	1.72e-12
 2.74357e+16	9.69e-01	3.13e-02	1.70e-12
 2.74361e+16	9.69e-01	3.10e-02	1.68e-12
 2.74366e+16	9.69e-01	3.06e-02	1.66e-12
 2.74372e+16	9.70e-01	3.00e-02	1.63e-12
 2.74378e+16	9.70e-01	2.95e-02	1.60e-12
 2.74384e+16	9.71e-01	2.91e-02	1.58e-12
 2.74390e+16	9.71e-01	2.86e-02	1.56e-12
 2.74395e+16	9.72e-01	2.82e-02	1.54e-12
 2.74400e+16	9.72e-01	2.78e-02	1.52e-12
 2.74407e+16	9.73e-01	2.72e-02	1.49e-12
 2.74415e+16	9.73e-01	2.67e-02	1.46e-12
 2.74422e+16	9.74e-01	2.62e-02	1.44e-12
 2.74428e+16	9.74e-01	2.58e-02	1.42e-12
 2.74434e+16	9.75e-01	2.54e-02	1.40e-12
 2.74439e+16	9.75e-01	2.51e-02	1.38e-12
 2.74445e+16	9.75e-01	2.47e-02	1.36e-12
 2.74451e+16	9.76e-01	2.43e-02	1.34e-12
 2.74457e+16	9.76e-01	2.39e-02	1.32e-12
 2.74463e+16	9.76e-01	2.36e-02	1.30e-12
 2.74470e+16	9.77e-01	2.32e-02	1.28e-12
 2.74476e+16	9.77e-01	2.28e-02	1.26e-12
 2.74481e+16	9.78e-01	2.25e-02	1.25e-12
 2.74487e+16	9.78e-01	2.22e-02	1.23e-12
 2.74495e+16	9.78e-01	2.17e-02	1.21e-12
 2.74504e+16	9.79e-01	2.13e-02	1.19e-12
 2.74511e+16	9.79e-01	2.09e-02	1.17e-12
 2.74518e+16	9.79e-01	2.05e-02	1.15e-12
 2.74525e+16	9.80e-01	2.02e-02	1.13e-12
 2.74532e+16	9.80e-01	1.98e-02	1.12e-12
 2.74539e+16	9.81e-01	1.95e-02	1.10e-12
 2.74546e+16	9.81e-01	1.92e-02	1.08e-12
 2.74554e+16	9.81e-01	1.88e-02	1.07e-12
 2.74562e+16	9.82e-01	1.85e-02	1.05e-12
 2.74569e+16	9.82e-01	1.82e-02	1.03e-12
 2.74578e+16	9.82e-01	1.78e-02	1.02e-12
 2.74586e+16	9.83e-01	1.75e-02	9.99e-13
 2.74594e+16	9.83e-01	1.72e-02	9.84e-13
 2.74603e+16	9.83e-01	1.68e-02	9.66e-13
 2.74612e+16	9.84e-01	1.64e-02	9.49e-13
 2.74621e+16	9.84e-01	1.61e-02	9.34e-13
 2.74629e+16	9.84e-01	1.59e-02	9.21e-13
 2.74637e+16	9.84e-01	1.56e-02	9.05e-13
 2.74647e+16	9.85e-01	1.53e-02	8.90e-13
 2.74655e+16	9.85e-01	1.50e-02	8.77e-13
 2.74664e+16	9.85e-01	1.47e-02	8.61e-13
 2.74674e+16	9.86e-01	1.44e-02	8.46e-13
 2.74683e+16	9.86e-01	1.41e-02	8.33e-13
 2.74693e+16	9.86e-01	1.38e-02	8.17e-13
 2.74704e+16	9.87e-01	1.35e-02	8.03e-13
 2.74714e+16	9.87e-01	1.32e-02	7.89e-13
 2.74725e+16	9.87e-01	1.29e-02	7.73e-13
 2.74736e+16	9.87e-01	1.26e-02	7.59e-13
 2.74747e+16	9.88e-01	1.24e-02	7.46e-13
 2.74758e+16	9.88e-01	1.21e-02	7.31e-13
 2.74771e+16	9.88e-01	1.18e-02	7.16e-13
 2.74782e+16	9.88e-01	1.15e-02	7.03e-13
 2.74794e+16	9.89e-01	1.12e-02	6.88e-13
 2.74810e+16	9.89e-01	1.09e-02	6.69e-13
 2.74829e+16	9.90e-01	1.05e-02	6.49e-13
 2.74848e+16	9.90e-01	1.01e-02	6.30e-13
 2.74866e+16	9.90e-01	9.77e-03	6.11e-13
 2.74885e+16	9.91e-01	9.41e-03	5.92e-13
 2.74905e+16	9.91e-01	9.05e-03	5.73e-13
 2.74925e+16	9.91e-01	8.69e-03	5.53e-13
 2.74946e+16	9.92e-01	8.32e-03	5.32e-13
 2.74968e+16	9.92e-01	7.94e-03	5.10e-13
 2.74990e+16	9.92e-01	7.54e-03	4.88e-13
 2.75013e+16	9.93e-01	7.13e-03	4.63e-13
 2.75037e+16	9.93e-01	6.70e-03	4.37e-13
 2.75063e+16	9.94e-01	6.26e-03	4.10e-13
 2.75089e+16	9.94e-01	5.81e-03	3.83e-13
 2.75116e+16	9.95e-01	5.37e-03	3.55e-13
 2.75144e+16	9.95e-01	4.93e-03	3.27e-13
 2.75174e+16	9.95e-01	4.50e-03	3.00e-13
 2.75205e+16	9.96e-01	4.09e-03	2.73e-13
 2.75237e+16	9.96e-01	3.69e-03	2.48e-13
 2.75272e+16	9.97e-01	3.32e-03	2.23e-13
 2.75308e+16	9.97e-01	2.96e-03	1.99e-13
 2.75346e+16	9.97e-01	2.62e-03	1.77e-13
 2.75387e+16	9.98e-01	2.30e-03	1.56e-13
 2.75431e+16	9.98e-01	2.00e-03	1.36e-13
 2.75478e+16	9.98e-01	1.72e-03	1.17e-13
 2.75529e+16	9.99e-01	1.46e-03	9.92e-14
 2.75584e+16	9.99e-01	1.22e-03	8.29e-14
 2.75646e+16	9.99e-01	9.96e-04	6.80e-14
 2.75715e+16	9.99e-01	7.96e-04	5.44e-14
 2.75794e+16	9.99e-01	6.17e-04	4.21e-14
 2.75885e+16	1.00e+00	4.58e-04	3.13e-14
 2.75984e+16	1.00e+00	3.34e-04	2.28e-14
 2.76084e+16	1.00e+00	2.43e-04	1.66e-14
 2.76183e+16	1.00e+00	1.77e-04	1.21e-14
 2.76283e+16	1.00e+00	1.29e-04	8.78e-15
 2.76382e+16	1.00e+00	9.35e-05	6.34e-15
 2.76482e+16	1.00e+00	6.84e-05	4.65e-15
 2.76581e+16	1.00e+00	4.99e-05	3.39e-15
 2.76681e+16	1.00e+00	3.64e-05	2.46e-15
 2.76781e+16	1.00e+00	2.66e-05	1.80e-15
 2.76880e+16	1.00e+00	1.94e-05	1.31e-15
 2.76980e+16	1.00e+00	1.42e-05	9.54e-16
 2.77079e+16	1.00e+00	1.04e-05	6.95e-16
 2.77179e+16	1.00e+00	7.56e-06	5.04e-16
 2.77278e+16	1.00e+00	5.53e-06	3.67e-16
 2.77378e+16	1.00e+00	4.05e-06	2.69e-16
 2.77477e+16	1.00e+00	2.96e-06	1.96e-16
 2.77577e+16	1.00e+00	2.17e-06	1.43e-16
 2.77676e+16	1.00e+00	1.58e-06	1.04e-16
 2.77776e+16	1.00e+00	1.16e-06	7.61e-17
 2.77876e+16	1.00e+00	8.49e-07	5.55e-17
 2.77975e+16	1.00e+00	6.21e-07	4.05e-17
 2.78075e+16	1.00e+00	4.54e-07	2.94e-17
 2.78174e+16	1.00e+00	3.33e-07	2.16e-17
 2.78274e+16	1.00e+00	2.44e-07	1.57e-17
 2.78373e+16	1.00e+00	1.79e-07	1.14e-17
 2.78473e+16	1.00e+00	1.31e-07	8.36e-18
 2.78572e+16	1.00e+00	9.64e-08	6.14e-18
 2.78672e+16	1.00e+00	7.09e-08	4.49e-18
 2.78771e+16	1.00e+00	5.20e-08	3.28e-18
 2.78871e+16	1.00e+00	3.83e-08	2.41e-18
 2.78970e+16	1.00e+00	2.84e-08	1.78e-18
 2.79070e+16	1.00e+00	2.10e-08	1.31e-18
 2.79170e+16	1.00e+00	1.56e-08	9.65e-19
 2.79269e+16	1.00e+00	1.16e-08	7.17e-19
 2.79369e+16	1.00e+00	8.73e-09	5.38e-19
 2.79468e+16	1.00e+00	6.60e-09	4.05e-19
 2.79568e+16	1.00e+00	5.02e-09	3.06e-19
 2.79667e+16	1.00e+00	3.88e-09	2.35e-19
 2.79767e+16	1.00e+00	3.04e-09	1.84e-19
 2.79866e+16	1.00e+00	2.42e-09	1.46e-19
 2.79966e+16	1.00e+00	1.96e-09	1.18e-19
 2.80065e+16	1.00e+00	1.63e-09	9.70e-20
 2.80165e+16	1.00e+00	1.38e-09	8.23e-20
 2.80264e+16	1.00e+00	1.20e-09	7.11e-20
 2.80364e+16	1.00e+00	1.07e-09	6.26e-20
 2.80463e+16	1.00e+00	9.66e-10	5.65e-20
 2.80563e+16	1.00e+00	8.93e-10	5.21e-20
 2.80663e+16	1.00e+00	8.36e-10	4.85e-20
 2.80762e+16	1.00e+00	7.95e-10	4.59e-20
 2.80862e+16	1.00e+00	7.64e-10	4.39e-20
 2.80961e+16	1.00e+00	7.38e-10	4.21e-20
 2.81061e+16	1.00e+00	7.20e-10	4.10e-20
 2.81160e+16	1.00e+00	7.04e-10	3.98e-20
 2.81275e+16	1.00e+00	6.91e-10	3.89e-20
 2.81423e+16	1.00e+00	6.77e-10	3.78e-20
 2.81617e+16	1.00e+00	6.61e-10	3.64e-20
 2.81868e+16	1.00e+00	6.49e-10	3.53e-20
 2.82195e+16	1.00e+00	6.34e-10	3.39e-20
 2.82620e+16	1.00e+00	6.16e-10	3.22e-20
 2.83173e+16	1.00e+00	5.95e-10	3.01e-20
 2.83891e+16	1.00e+00	5.68e-10	2.76e-20
 2.84825e+16	1.00e+00	5.34e-10	2.46e-20
 2.86035e+16	1.00e+00	4.94e-10	2.11e-20
 2.87446e+16	1.00e+00	4.51e-10	1.78e-20
 2.88920e+16	1.00e+00	4.11e-10	1.48e-20
 2.90467e+16	1.00e+00	3.72e-10	1.22e-20
 2.92157e+16	1.00e+00	3.33e-10	9.85e-21
 2.94049e+16	1.00e+00	2.94e-10	0.00e+00
 2.96162e+16	1.00e+00	2.55e-10	0.00e+00
 2.98460e+16	1.00e+00	2.20e-10	0.00e+00
 3.00919e+16	1.00e+00	1.87e-10	0.00e+00
 3.03587e+16	1.00e+00	1.57e-10	0.00e+00
 3.06515e+16	1.00e+00	1.30e-10	0.00e+00
 3.09710e+16	1.00e+00	1.06e-10	0.00e+00
 3.13217e+16	1.00e+00	8.45e-11	0.00e+00
 3.17080e+16	1.00e+00	6.62e-11	0.00e+00
 3.21308e+16	1.00e+00	5.08e-11	0.00e+00
 3.25970e+16	1.00e+00	3.81e-11	0.00e+00
 3.31075e+16	1.00e+00	2.80e-11	0.00e+00
 3.36456e+16	1.00e+00	2.04e-11	0.00e+00
 3.41970e+16	1.00e+00	1.48e-11	0.00e+00
 3.47539e+16	1.00e+00	1.08e-11	0.00e+00
 3.53109e+16	1.00e+00	7.92e-12	0.00e+00
 3.58678e+16	1.00e+00	5.84e-12	0.00e+00
 3.64247e+16	1.00e+00	4.34e-12	0.00e+00
 3.69816e+16	1.00e+00	3.23e-12	0.00e+00
 3.75768e+16	1.00e+00	2.36e-12	0.00e+00
 3.82164e+16	1.00e+00	1.71e-12	0.00e+00
 3.89593e+16	1.00e+00	1.17e-12	0.00e+00
 3.99251e+16	1.00e+00	7.23e-13	0.00e+00
 4.11807e+16	1.00e+00	3.96e-13	0.00e+00
 4.27281e+16	1.00e+00	1.96e-13	0.00e+00
 4.44373e+16	1.00e+00	9.32e-14	0.00e+00
 4.62148e+16	1.00e+00	4.45e-14	0.00e+00
 4.80634e+16	1.00e+00	2.13e-14	0.00e+00
 4.99860e+16	1.00e+00	1.02e-14	0.00e+00
 5.19855e+16	1.00e+00	4.87e-15	0.00e+00
 5.40649e+16	1.00e+00	2.32e-15	0.00e+00
 5.62275e+16	1.00e+00	1.11e-15	0.00e+00
 5.84767e+16	1.00e+00	5.30e-16	0.00e+00
 6.08158e+16	1.00e+00	2.52e-16	0.00e+00
 6.32484e+16	1.00e+00	1.19e-16	0.00e+00
 6.57784e+16	1.00e+00	5.53e-17	0.00e+00
 6.84096e+16	1.00e+00	2.59e-17	0.00e+00
 7.11460e+16	1.00e+00	1.19e-17	0.00e+00
 7.39919e+16	1.00e+00	5.52e-18	0.00e+00
 7.69516e+16	1.00e+00	2.55e-18	0.00e+00
 8.00296e+16	1.00e+00	1.19e-18	0.00e+00
 8.31072e+16	1.00e+00	5.85e-19	0.00e+00
 8.62990e+16	1.00e+00	3.05e-19	0.00e+00
 8.97422e+16	1.00e+00	1.70e-19	0.00e+00
 9.33319e+16	1.00e+00	1.03e-19	0.00e+00
 9.63716e+16	1.00e+00	7.88e-20	0.00e+00
 9.90050e+16	1.00e+00	6.62e-20	0.00e+00
 1.02280e+17	1.00e+00	5.73e-20	0.00e+00
 1.06213e+17	1.00e+00	4.71e-20	0.00e+00
 1.09511e+17	1.00e+00	3.69e-20	0.00e+00
 1.11309e+17	1.00e+00	3.48e-20	0.00e+00
 1.12648e+17	1.00e+00	3.28e-20	0.00e+00
 1.14388e+17	1.00e+00	3.11e-20	0.00e+00
 1.16650e+17	1.00e+00	2.95e-20	0.00e+00
 1.19592e+17	1.00e+00	2.57e-20	0.00e+00
 1.23415e+17	1.00e+00	2.21e-20	0.00e+00
 1.28088e+17	1.00e+00	1.87e-20	0.00e+00
 1.33095e+17	1.00e+00	1.57e-20	0.00e+00
 1.38301e+17	1.00e+00	1.42e-20	0.00e+00
 1.43833e+17	1.00e+00	1.23e-20	0.00e+00
 1.49587e+17	1.00e+00	9.72e-21	0.00e+00
 1.55056e+17	1.00e+00	8.32e-21	0.00e+00
 1.60743e+17	1.00e+00	7.29e-21	0.00e+00
 1.67173e+17	1.00e+00	6.41e-21	0.00e+00
 1.73860e+17	1.00e+00	5.51e-21	0.00e+00
 1.80814e+17	1.00e+00	4.82e-21	0.00e+00
 1.88047e+17	1.00e+00	4.21e-21	0.00e+00
 1.95569e+17	1.00e+00	3.73e-21	0.00e+00
 2.02864e+17	1.00e+00	3.29e-21	0.00e+00
 2.09771e+17	1.00e+00	2.99e-21	0.00e+00
 2.16855e+17	1.00e+00	2.70e-21	0.00e+00
 2.24260e+17	1.00e+00	2.44e-21	0.00e+00
 2.31860e+17	1.00e+00	2.21e-21	0.00e+00
 2.39595e+17	1.00e+00	2.01e-21	0.00e+00
 2.47458e+17	1.00e+00	1.83e-21	0.00e+00
 2.55428e+17	1.00e+00	1.68e-21	0.00e+00
 2.63464e+17	1.00e+00	1.53e-21	0.00e+00
 2.71531e+17	1.00e+00	1.41e-21	0.00e+00
 2.79591e+17	1.00e+00	1.30e-21	0.00e+00
 2.87591e+17	1.00e+00	1.21e-21	0.00e+00
 2.95485e+17	1.00e+00	1.12e-21	0.00e+00
 3.03220e+17	1.00e+00	1.04e-21	0.00e+00
 3.10698e+17	1.00e+00	9.77e-22	0.00e+00
 3.17804e+17	1.00e+00	9.19e-22	0.00e+00
 3.24564e+17	1.00e+00	8.68e-22	0.00e+00
 3.31073e+17	1.00e+00	8.23e-22	0.00e+00
 3.37330e+17	1.00e+00	7.83e-22	0.00e+00
 3.43281e+17	1.00e+00	7.47e-22	0.00e+00
 3.48904e+17	1.00e+00	7.16e-22	0.00e+00
 3.54194e+17	1.00e+00	6.88e-22	0.00e+00
 3.59159e+17	1.00e+00	6.64e-22	0.00e+00
 3.63840e+17	1.00e+00	6.41e-22	0.00e+00
 3.68253e+17	1.00e+00	6.22e-22	0.00e+00
 3.72398e+17	1.00e+00	6.05e-22	0.00e+00
 3.76278e+17	1.00e+00	5.89e-22	0.00e+00
 3.79918e+17	1.00e+00	5.75e-22	0.00e+00
 3.83336e+17	1.00e+00	5.62e-22	0.00e+00
 3.86553e+17	1.00e+00	5.50e-22	0.00e+00
 3.89579e+17	1.00e+00	5.39e-22	0.00e+00
 3.92424e+17	1.00e+00	5.30e-22	0.00e+00
 3.95099e+17	1.00e+00	5.21e-22	0.00e+00
 3.97617e+17	1.00e+00	5.13e-22	0.00e+00
 3.99990e+17	1.00e+00	5.05e-22	0.00e+00
 4.02228e+17	1.00e+00	4.98e-22	0.00e+00
 4.04342e+17	1.00e+00	4.93e-22	0.00e+00
 4.06337e+17	1.00e+00	4.86e-22	0.00e+00
 4.08221e+17	1.00e+00	4.81e-22	0.00e+00
 4.10002e+17	1.00e+00	4.76e-22	0.00e+00
 4.11686e+17	1.00e+00	4.72e-22	0.00e+00
 4.13280e+17	1.00e+00	4.69e-22	0.00e+00
 4.14790e+17	1.00e+00	4.66e-22	0.00e+00
 4.16222e+17	1.00e+00	4.64e-22	0.00e+00
 4.17579e+17	1.00e+00	4.64e-22	0.00e+00
 4.18866e+17	1.00e+00	4.64e-22	0.00e+00
 4.20087e+17	1.00e+00	4.66e-22	0.00e+00
 4.21247e+17	1.00e+00	4.69e-22	0.00e+00
 4.22350e+17	1.00e+00	4.75e-22	0.00e+00
 4.23399e+17	1.00e+00	4.83e-22	0.00e+00
 4.24397e+17	1.00e+00	4.93e-22	0.00e+00
 4.25347e+17	1.00e+00	5.05e-22	0.00e+00
 4.26252e+17	1.00e+00	5.20e-22	0.00e+00
 4.27116e+17	1.00e+00	5.38e-22	0.00e+00
 4.27939e+17	1.00e+00	5.58e-22	0.00e+00
 4.28726e+17	1.00e+00	5.81e-22	0.00e+00
 4.29479e+17	1.00e+00	6.07e-22	0.00e+00
 4.30198e+17	1.00e+00	6.35e-22	0.00e+00
 4.30887e+17	1.00e+00	6.66e-22	0.00e+00
 4.31548e+17	1.00e+00	6.98e-22	0.00e+00
 4.32183e+17	1.00e+00	7.32e-22	0.00e+00
 4.32793e+17	1.00e+00	7.68e-22	0.00e+00
 4.33380e+17	1.00e+00	8.04e-22	0.00e+00
 4.33947e+17	1.00e+00	8.41e-22	0.00e+00
 4.34494e+17	1.00e+00	8.78e-22	0.00e+00
 4.35023e+17	1.00e+00	9.15e-22	0.00e+00
 4.35536e+17	1.00e+00	9.50e-22	0.00e+00
 4.36035e+17	1.00e+00	9.84e-22	0.00e+00
 4.36522e+17	1.00e+00	1.02e-21	0.00e+00
 4.36997e+17	1.00e+00	1.05e-21	0.00e+00
 4.37463e+17	1.00e+00	1.07e-21	0.00e+00
 4.37921e+17	1.00e+00	1.10e-21	0.00e+00
 4.38374e+17	1.00e+00	1.11e-21	0.00e+00
 4.38823e+17	1.00e+00	1.13e-21	0.00e+00
 4.39270e+17	1.00e+00	1.13e-21	0.00e+00
 4.39718e+17	1.00e+00	1.13e-21	0.00e+00
 4.40170e+17	1.00e+00	1.13e-21	0.00e+00
 4.40628e+17	1.00e+00	1.11e-21	0.00e+00
 4.41097e+17	1.00e+00	1.09e-21	0.00e+00
 4.41580e+17	1.00e+00	1.05e-21	0.00e+00
 4.42082e+17	1.00e+00	1.01e-21	0.00e+00
 4.42611e+17	1.00e+00	9.54e-22	0.00e+00
 4.43175e+17	1.00e+00	8.87e-22	0.00e+00
 4.43783e+17	1.00e+00	8.10e-22	0.00e+00
 4.44450e+17	1.00e+00	7.26e-22	0.00e+00
 4.45195e+17	1.00e+00	6.38e-22	0.00e+00
 4.46043e+17	1.00e+00	5.54e-22	0.00e+00
 4.47029e+17	1.00e+00	4.81e-22	0.00e+00
 4.48207e+17	1.00e+00	4.27e-22	0.00e+00
 4.49652e+17	1.00e+00	3.93e-22	0.00e+00
 4.51476e+17	1.00e+00	3.77e-22	0.00e+00
 4.53833e+17	1.00e+00	3.69e-22	0.00e+00
 4.56897e+17	1.00e+00	3.62e-22	0.00e+00
 4.60881e+17	1.00e+00	3.54e-22	0.00e+00
 4.66059e+17	1.00e+00	3.43e-22	0.00e+00
 4.72791e+17	1.00e+00	3.30e-22	0.00e+00
 4.81542e+17	1.00e+00	3.14e-22	0.00e+00
 4.92919e+17	1.00e+00	2.96e-22	0.00e+00
 5.07709e+17	1.00e+00	2.74e-22	0.00e+00
 5.26390e+17	1.00e+00	2.49e-22	0.00e+00
 5.46934e+17	1.00e+00	2.25e-22	0.00e+00
 5.66345e+17	1.00e+00	2.06e-22	0.00e+00
 5.84198e+17	1.00e+00	1.91e-22	0.00e+00
 6.01453e+17	1.00e+00	1.78e-22	0.00e+00
 6.18473e+17	1.00e+00	1.66e-22	0.00e+00
 6.34747e+17	1.00e+00	1.56e-22	0.00e+00
 6.49484e+17	1.00e+00	1.47e-22	0.00e+00
 6.62444e+17	1.00e+00	1.41e-22	0.00e+00
 6.73930e+17	1.00e+00	1.35e-22	0.00e+00
 6.84167e+17	1.00e+00	1.31e-22	0.00e+00
 6.92625e+17	1.00e+00	1.27e-22	0.00e+00
 6.98344e+17	1.00e+00	1.25e-22	0.00e+00
 7.01522e+17	1.00e+00	1.24e-22	0.00e+00
 7.03278e+17	1.00e+00	1.24e-22	0.00e+00
 7.04331e+17	1.00e+00	1.37e-22	0.00e+00
 7.04977e+17	1.00e+00	2.83e-22	0.00e+00
 7.05438e+17	1.00e+00	6.67e-22	0.00e+00
 7.05897e+17	1.00e+00	8.86e-22	0.00e+00
 7.06397e+17	1.00e+00	7.14e-22	0.00e+00
 7.06866e+17	1.00e+00	6.82e-22	0.00e+00
 7.07266e+17	1.00e+00	8.56e-22	0.00e+00
 7.07648e+17	1.00e+00	1.07e-21	0.00e+00
 7.08027e+17	1.00e+00	9.88e-22	0.00e+00
 7.08371e+17	1.00e+00	1.11e-21	0.00e+00
 7.08680e+17	1.00e+00	1.22e-21	0.00e+00
 7.08975e+17	1.00e+00	1.39e-21	0.00e+00
 7.09257e+17	1.00e+00	1.37e-21	0.00e+00
 7.09523e+17	1.00e+00	1.51e-21	0.00e+00
 7.09779e+17	1.00e+00	1.52e-21	0.00e+00
 7.10026e+17	1.00e+00	1.63e-21	0.00e+00
 7.10260e+17	1.00e+00	1.62e-21	0.00e+00
 7.10469e+17	1.00e+00	1.76e-21	0.00e+00
 7.10678e+17	1.00e+00	1.85e-21	0.00e+00
 7.10888e+17	1.00e+00	1.83e-21	0.00e+00
 7.11081e+17	1.00e+00	1.87e-21	0.00e+00
 7.11261e+17	1.00e+00	1.97e-21	0.00e+00
 7.11437e+17	1.00e+00	2.03e-21	0.00e+00
 7.11622e+17	1.00e+00	2.05e-21	0.00e+00
 7.11798e+17	1.00e+00	1.98e-21	0.00e+00
 7.11957e+17	1.00e+00	2.10e-21	0.00e+00
 7.12115e+17	1.00e+00	2.16e-21	0.00e+00
 7.12278e+17	1.00e+00	2.17e-21	0.00e+00
 7.12439e+17	1.00e+00	2.14e-21	0.00e+00
 7.12595e+17	1.00e+00	2.17e-21	0.00e+00
 7.12747e+17	1.00e+00	2.20e-21	0.00e+00
 7.12899e+17	1.00e+00	2.23e-21	0.00e+00
 7.13050e+17	1.00e+00	2.22e-21	0.00e+00
 7.13201e+17	1.00e+00	2.23e-21	0.00e+00
 7.13346e+17	1.00e+00	2.23e-21	0.00e+00
 7.13500e+17	1.00e+00	2.29e-21	0.00e+00
 7.13656e+17	1.00e+00	2.16e-21	0.00e+00
 7.13803e+17	1.00e+00	2.23e-21	0.00e+00
 7.13954e+17	1.00e+00	2.23e-21	0.00e+00
 7.14111e+17	1.00e+00	2.21e-21	0.00e+00
 7.14271e+17	1.00e+00	2.16e-21	0.00e+00
 7.14430e+17	1.00e+00	2.15e-21	0.00e+00
 7.14585e+17	1.00e+00	2.15e-21	0.00e+00
 7.14750e+17	1.00e+00	2.18e-21	0.00e+00
 7.14925e+17	1.00e+00	2.05e-21	0.00e+00
 7.15092e+17	1.00e+00	2.05e-21	0.00e+00
 7.15257e+17	1.00e+00	2.07e-21	0.00e+00
 7.15436e+17	1.00e+00	2.07e-21	0.00e+00
 7.15622e+17	1.00e+00	1.96e-21	0.00e+00
 7.15801e+17	1.00e+00	1.96e-21	0.00e+00
 7.15978e+17	1.00e+00	1.97e-21	0.00e+00
 7.16170e+17	1.00e+00	1.99e-21	0.00e+00
 7.16377e+17	1.00e+00	1.83e-21	0.00e+00
 7.16578e+17	1.00e+00	1.81e-21	0.00e+00
 7.16772e+17	1.00e+00	1.83e-21	0.00e+00
 7.16982e+17	1.00e+00	1.86e-21	0.00e+00
 7.17206e+17	1.00e+00	1.71e-21	0.00e+00
 7.17432e+17	1.00e+00	1.69e-21	0.00e+00
 7.17652e+17	1.00e+00	1.65e-21	0.00e+00
 7.17878e+17	1.00e+00	1.71e-21	0.00e+00
 7.18121e+17	1.00e+00	1.60e-21	0.00e+00
 7.18367e+17	1.00e+00	1.55e-21	0.00e+00
 7.18613e+17	1.00e+00	1.53e-21	0.00e+00
 7.18865e+17	1.00e+00	1.52e-21	0.00e+00
 7.19124e+17	1.00e+00	1.47e-21	0.00e+00
 7.19389e+17	1.00e+00	1.44e-21	0.00e+00
 7.19657e+17	1.00e+00	1.40e-21	0.00e+00
 7.19936e+17	1.00e+00	1.39e-21	0.00e+00
 7.20226e+17	1.00e+00	1.31e-21	0.00e+00
 7.20518e+17	1.00e+00	1.28e-21	0.00e+00
 7.20811e+17	1.00e+00	1.25e-21	0.00e+00
 7.21114e+17	1.00e+00	1.25e-21	0.00e+00
 7.21429e+17	1.00e+00	1.17e-21	0.00e+00
 7.21753e+17	1.00e+00	1.14e-21	0.00e+00
 7.22080e+17	1.00e+00	1.09e-21	0.00e+00
 7.22409e+17	1.00e+00	1.09e-21	0.00e+00
 7.22746e+17	1.00e+00	1.06e-21	0.00e+00
 7.23104e+17	1.00e+00	1.02e-21	0.00e+00
 7.23468e+17	1.00e+00	9.13e-22	0.00e+00
 7.23831e+17	1.00e+00	9.53e-22	0.00e+00
 7.24206e+17	1.00e+00	8.96e-22	0.00e+00
 7.24590e+17	1.00e+00	8.76e-22	0.00e+00
 7.24979e+17	1.00e+00	8.21e-22	0.00e+00
 7.25369e+17	1.00e+00	8.25e-22	0.00e+00
 7.25767e+17	1.00e+00	8.00e-22	0.00e+00
 7.26181e+17	1.00e+00	7.68e-22	0.00e+00
 7.26603e+17	1.00e+00	7.04e-22	0.00e+00
 7.27027e+17	1.00e+00	7.04e-22	0.00e+00
 7.27459e+17	1.00e+00	6.82e-22	0.00e+00
 7.27901e+17	1.00e+00	6.48e-22	0.00e+00
 7.28355e+17	1.00e+00	6.21e-22	0.00e+00
 7.28823e+17	1.00e+00	5.81e-22	0.00e+00
 7.29297e+17	1.00e+00	5.51e-22	0.00e+00
 7.29770e+17	1.00e+00	5.38e-22	0.00e+00
 7.30268e+17	1.00e+00	5.40e-22	0.00e+00
 7.30782e+17	1.00e+00	4.41e-22	0.00e+00
 7.31274e+17	1.00e+00	4.67e-22	0.00e+00
 7.31768e+17	1.00e+00	4.89e-22	0.00e+00
 7.32285e+17	1.00e+00	4.55e-22	0.00e+00
 7.32817e+17	1.00e+00	4.04e-22	0.00e+00
 7.33380e+17	1.00e+00	3.94e-22	0.00e+00
 7.33949e+17	1.00e+00	3.18e-22	0.00e+00
 7.34528e+17	1.00e+00	3.63e-22	0.00e+00
 7.35137e+17	1.00e+00	2.86e-22	0.00e+00
 7.35750e+17	1.00e+00	2.88e-22	0.00e+00
 7.36372e+17	1.00e+00	2.65e-22	0.00e+00
 7.37003e+17	1.00e+00	2.62e-22	0.00e+00
 7.37624e+17	1.00e+00	2.42e-22	0.00e+00
 7.38191e+17	1.00e+00	2.70e-22	0.00e+00
 7.38700e+17	1.00e+00	3.37e-22	0.00e+00
 7.39172e+17	1.00e+00	3.98e-22	0.00e+00
 7.39625e+17	1.00e+00	4.32e-22	0.00e+00
 7.40061e+17	1.00e+00	4.53e-22	0.00e+00
 7.40478e+17	1.00e+00	4.80e-22	0.00e+00
 7.40875e+17	1.00e+00	5.13e-22	0.00e+00
 7.41254e+17	1.00e+00	5.47e-22	0.00e+00
 7.41619e+17	1.00e+00	5.77e-22	0.00e+00
 7.41969e+17	1.00e+00	6.05e-22	0.00e+00
 7.42306e+17	1.00e+00	6.33e-22	0.00e+00
 7.42629e+17	1.00e+00	6.62e-22	0.00e+00
 7.42939e+17	1.00e+00	6.91e-22	0.00e+00
 7.43237e+17	1.00e+00	7.19e-22	0.00e+00
 7.43522e+17	1.00e+00	7.49e-22	0.00e+00
 7.43796e+17	1.00e+00	7.78e-22	0.00e+00
 7.44060e+17	1.00e+00	8.07e-22	0.00e+00
 7.44314e+17	1.00e+00	8.32e-22	0.00e+00
 7.44560e+17	1.00e+00	8.55e-22	0.00e+00
 7.44797e+17	1.00e+00	8.77e-22	0.00e+00
 7.45025e+17	1.00e+00	9.00e-22	0.00e+00
 7.45244e+17	1.00e+00	9.28e-22	0.00e+00
 7.45457e+17	1.00e+00	9.49e-22	0.00e+00
 7.45664e+17	1.00e+00	9.66e-22	0.00e+00
 7.45866e+17	1.00e+00	9.82e-22	0.00e+00
 7.46062e+17	1.00e+00	9.97e-22	0.00e+00
 7.46253e+17	1.00e+00	1.01e-21	0.00e+00
 7.46439e+17	1.00e+00	1.03e-21	0.00e+00
 7.46621e+17	1.00e+00	1.04e-21	0.00e+00
 7.46799e+17	1.00e+00	1.05e-21	0.00e+00
 7.46973e+17	1.00e+00	1.06e-21	0.00e+00
 7.47144e+17	1.00e+00	1.07e-21	0.00e+00
 7.47312e+17	1.00e+00	1.08e-21	0.00e+00
 7.47503e+17	1.00e+00	1.09e-21	0.00e+00
 7.47752e+17	1.00e+00	9.64e-22	0.00e+00
 7.48076e+17	1.00e+00	7.68e-22	0.00e+00
 7.48496e+17	1.00e+00	5.54e-22	0.00e+00
 7.49043e+17	1.00e+00	3.61e-22	0.00e+00
 7.49714e+17	1.00e+00	2.11e-22	0.00e+00
 7.50422e+17	1.00e+00	1.46e-22	0.00e+00
 7.51075e+17	1.00e+00	1.61e-22	0.00e+00
 7.51666e+17	1.00e+00	2.01e-22	0.00e+00
