#depth	O	O+	O+2	O+3	O+4	O+5	O+6	O+7	O+8	O[1]	O[2]	O[3]
 1.49634e+10	0.00e+00	0.00e+00	5.45e-32	1.57e-22	2.92e-14	1.96e-07	1.00e+00	1.15e-16	0.00e+00	0.00e+00	0.00e+00	0.00e+00
 4.54887e+10	0.00e+00	1.65e-42	7.47e-32	1.99e-22	3.42e-14	2.12e-07	1.00e+00	0.00e+00	0.00e+00	0.00e+00	0.00e+00	0.00e+00
 7.72350e+10	0.00e+00	0.00e+00	1.02e-31	2.53e-22	4.01e-14	2.29e-07	1.00e+00	0.00e+00	0.00e+00	0.00e+00	0.00e+00	0.00e+00
 1.10251e+11	0.00e+00	3.62e-42	1.40e-31	3.20e-22	4.69e-14	2.48e-07	1.00e+00	0.00e+00	0.00e+00	0.00e+00	0.00e+00	0.00e+00
 1.44588e+11	0.00e+00	0.00e+00	1.92e-31	4.05e-22	5.49e-14	2.69e-07	1.00e+00	0.00e+00	0.00e+00	0.00e+00	0.00e+00	0.00e+00
 1.80298e+11	0.00e+00	7.94e-42	2.63e-31	5.13e-22	6.44e-14	2.91e-07	1.00e+00	0.00e+00	0.00e+00	0.00e+00	0.00e+00	0.00e+00
 2.17437e+11	0.00e+00	0.00e+00	3.60e-31	6.50e-22	7.54e-14	3.15e-07	1.00e+00	0.00e+00	0.00e+00	0.00e+00	0.00e+00	0.00e+00
 2.56061e+11	0.00e+00	1.74e-41	4.93e-31	8.24e-22	8.83e-14	3.41e-07	1.00e+00	0.00e+00	0.00e+00	0.00e+00	0.00e+00	0.00e+00
 2.96231e+11	0.00e+00	0.00e+00	6.76e-31	1.04e-21	1.03e-13	3.69e-07	1.00e+00	0.00e+00	0.00e+00	0.00e+00	0.00e+00	0.00e+00
 3.38007e+11	0.00e+00	3.83e-41	9.26e-31	1.32e-21	1.21e-13	4.00e-07	1.00e+00	0.00e+00	0.00e+00	0.00e+00	0.00e+00	0.00e+00
 3.81454e+11	0.00e+00	0.00e+00	1.27e-30	1.68e-21	1.42e-13	4.33e-07	1.00e+00	0.00e+00	0.00e+00	0.00e+00	0.00e+00	0.00e+00
 4.26639e+11	0.00e+00	8.40e-41	1.74e-30	2.12e-21	1.67e-13	4.69e-07	1.00e+00	0.00e+00	0.00e+00	0.00e+00	0.00e+00	0.00e+00
 4.73631e+11	0.00e+00	0.00e+00	2.38e-30	2.69e-21	1.95e-13	5.08e-07	1.00e+00	0.00e+00	0.00e+00	0.00e+00	0.00e+00	0.00e+00
 5.22503e+11	0.00e+00	1.84e-40	3.27e-30	3.41e-21	2.29e-13	5.50e-07	1.00e+00	0.00e+00	0.00e+00	0.00e+00	0.00e+00	0.00e+00
 5.73330e+11	0.00e+00	0.00e+00	4.48e-30	4.33e-21	2.69e-13	5.96e-07	1.00e+00	0.00e+00	0.00e+00	0.00e+00	0.00e+00	0.00e+00
 6.26190e+11	0.00e+00	4.05e-40	6.14e-30	5.49e-21	3.15e-13	6.46e-07	1.00e+00	0.00e+00	0.00e+00	0.00e+00	0.00e+00	0.00e+00
 6.81164e+11	0.00e+00	0.00e+00	8.41e-30	6.96e-21	3.69e-13	7.00e-07	1.00e+00	0.00e+00	0.00e+00	0.00e+00	0.00e+00	0.00e+00
 7.38337e+11	0.00e+00	8.89e-40	1.15e-29	8.83e-21	4.33e-13	7.58e-07	1.00e+00	0.00e+00	0.00e+00	0.00e+00	0.00e+00	0.00e+00
 7.97798e+11	0.00e+00	0.00e+00	1.58e-29	1.12e-20	5.09e-13	8.22e-07	1.00e+00	0.00e+00	0.00e+00	0.00e+00	0.00e+00	0.00e+00
 8.59636e+11	0.00e+00	1.95e-39	2.17e-29	1.42e-20	5.97e-13	8.91e-07	1.00e+00	0.00e+00	0.00e+00	0.00e+00	0.00e+00	0.00e+00
 9.23949e+11	0.00e+00	0.00e+00	2.98e-29	1.81e-20	7.01e-13	9.66e-07	1.00e+00	0.00e+00	0.00e+00	0.00e+00	0.00e+00	0.00e+00
 9.90833e+11	0.00e+00	4.29e-39	4.08e-29	2.29e-20	8.23e-13	1.05e-06	1.00e+00	0.00e+00	0.00e+00	0.00e+00	0.00e+00	0.00e+00
 1.06039e+12	0.00e+00	0.00e+00	5.60e-29	2.91e-20	9.67e-13	1.14e-06	1.00e+00	0.00e+00	0.00e+00	0.00e+00	0.00e+00	0.00e+00
 1.13274e+12	0.00e+00	9.44e-39	7.68e-29	3.70e-20	1.14e-12	1.23e-06	1.00e+00	0.00e+00	0.00e+00	0.00e+00	0.00e+00	0.00e+00
 1.20797e+12	0.00e+00	0.00e+00	1.05e-28	4.69e-20	1.34e-12	1.34e-06	1.00e+00	0.00e+00	0.00e+00	0.00e+00	0.00e+00	0.00e+00
 1.28622e+12	0.00e+00	2.07e-38	1.45e-28	5.96e-20	1.57e-12	1.45e-06	1.00e+00	0.00e+00	0.00e+00	0.00e+00	0.00e+00	0.00e+00
 1.36759e+12	0.00e+00	0.00e+00	1.99e-28	7.58e-20	1.85e-12	1.58e-06	1.00e+00	0.00e+00	0.00e+00	0.00e+00	0.00e+00	0.00e+00
 1.45222e+12	0.00e+00	4.56e-38	2.73e-28	9.64e-20	2.17e-12	1.71e-06	1.00e+00	0.00e+00	0.00e+00	0.00e+00	0.00e+00	0.00e+00
 1.54024e+12	0.00e+00	0.00e+00	3.74e-28	1.23e-19	2.56e-12	1.86e-06	1.00e+00	0.00e+00	0.00e+00	0.00e+00	0.00e+00	0.00e+00
 1.63178e+12	0.00e+00	1.00e-37	5.14e-28	1.56e-19	3.01e-12	2.02e-06	1.00e+00	0.00e+00	0.00e+00	0.00e+00	0.00e+00	0.00e+00
 1.72697e+12	0.00e+00	0.00e+00	7.06e-28	1.98e-19	3.55e-12	2.19e-06	1.00e+00	0.00e+00	0.00e+00	0.00e+00	0.00e+00	0.00e+00
 1.82598e+12	0.00e+00	2.20e-37	9.69e-28	2.52e-19	4.18e-12	2.39e-06	1.00e+00	0.00e+00	0.00e+00	0.00e+00	0.00e+00	0.00e+00
 1.92895e+12	0.00e+00	0.00e+00	1.33e-27	3.21e-19	4.92e-12	2.59e-06	1.00e+00	0.00e+00	0.00e+00	0.00e+00	0.00e+00	0.00e+00
 2.03603e+12	0.00e+00	4.84e-37	1.83e-27	4.09e-19	5.81e-12	2.82e-06	1.00e+00	0.00e+00	0.00e+00	0.00e+00	0.00e+00	0.00e+00
 2.14740e+12	0.00e+00	0.00e+00	2.51e-27	5.21e-19	6.85e-12	3.07e-06	1.00e+00	0.00e+00	0.00e+00	0.00e+00	0.00e+00	0.00e+00
 2.26322e+12	0.00e+00	1.06e-36	3.45e-27	6.64e-19	8.09e-12	3.35e-06	1.00e+00	0.00e+00	0.00e+00	0.00e+00	0.00e+00	0.00e+00
 2.38368e+12	0.00e+00	0.00e+00	4.74e-27	8.46e-19	9.56e-12	3.64e-06	1.00e+00	0.00e+00	0.00e+00	0.00e+00	0.00e+00	0.00e+00
 2.49718e+12	0.00e+00	2.24e-36	6.32e-27	1.06e-18	1.11e-11	3.94e-06	1.00e+00	0.00e+00	0.00e+00	0.00e+00	0.00e+00	0.00e+00
 2.59907e+12	1.35e-46	3.06e-36	8.12e-27	1.28e-18	1.27e-11	4.22e-06	1.00e+00	0.00e+00	0.00e+00	0.00e+00	0.00e+00	0.00e+00
 2.71361e+12	0.00e+00	0.00e+00	1.07e-26	1.58e-18	1.47e-11	4.54e-06	1.00e+00	0.00e+00	0.00e+00	0.00e+00	0.00e+00	0.00e+00
 2.84888e+12	0.00e+00	6.26e-36	1.45e-26	2.00e-18	1.73e-11	4.95e-06	1.00e+00	0.00e+00	0.00e+00	0.00e+00	0.00e+00	0.00e+00
 2.98391e+12	4.91e-46	9.03e-36	1.96e-26	2.51e-18	2.03e-11	5.38e-06	1.00e+00	0.00e+00	0.00e+00	0.00e+00	0.00e+00	0.00e+00
 3.11094e+12	0.00e+00	0.00e+00	2.57e-26	3.10e-18	2.35e-11	5.80e-06	1.00e+00	0.00e+00	0.00e+00	0.00e+00	0.00e+00	0.00e+00
 3.25192e+12	0.00e+00	1.79e-35	3.43e-26	3.88e-18	2.74e-11	6.29e-06	1.00e+00	0.00e+00	0.00e+00	0.00e+00	0.00e+00	0.00e+00
 3.41192e+12	1.77e-45	2.64e-35	4.70e-26	4.95e-18	3.26e-11	6.88e-06	1.00e+00	0.00e+00	0.00e+00	0.00e+00	0.00e+00	0.00e+00
 3.57138e+12	0.00e+00	3.82e-35	6.36e-26	6.26e-18	3.84e-11	7.51e-06	1.00e+00	0.00e+00	0.00e+00	0.00e+00	0.00e+00	0.00e+00
 3.73722e+12	4.24e-45	5.51e-35	8.60e-26	7.93e-18	4.54e-11	8.20e-06	1.00e+00	0.00e+00	0.00e+00	0.00e+00	0.00e+00	0.00e+00
 3.91664e+12	0.00e+00	8.06e-35	1.18e-25	1.01e-17	5.40e-11	9.00e-06	1.00e+00	0.00e+00	0.00e+00	0.00e+00	0.00e+00	0.00e+00
 4.10323e+12	1.04e-44	1.18e-34	1.61e-25	1.30e-17	6.44e-11	9.88e-06	1.00e+00	0.00e+00	0.00e+00	0.00e+00	0.00e+00	0.00e+00
 4.29729e+12	0.00e+00	1.71e-34	2.19e-25	1.66e-17	7.67e-11	1.09e-05	1.00e+00	0.00e+00	0.00e+00	0.00e+00	0.00e+00	0.00e+00
 4.49911e+12	2.52e-44	2.48e-34	2.98e-25	2.12e-17	9.15e-11	1.19e-05	1.00e+00	0.00e+00	0.00e+00	0.00e+00	0.00e+00	0.00e+00
 4.70900e+12	0.00e+00	3.58e-34	4.05e-25	2.70e-17	1.09e-10	1.31e-05	1.00e+00	0.00e+00	0.00e+00	0.00e+00	0.00e+00	0.00e+00
 4.92728e+12	5.96e-44	5.14e-34	5.49e-25	3.45e-17	1.31e-10	1.45e-05	1.00e+00	0.00e+00	0.00e+00	0.00e+00	0.00e+00	0.00e+00
 5.15430e+12	0.00e+00	7.35e-34	7.42e-25	4.40e-17	1.56e-10	1.60e-05	1.00e+00	0.00e+00	0.00e+00	0.00e+00	0.00e+00	0.00e+00
 5.39040e+12	1.37e-43	1.04e-33	1.00e-24	5.61e-17	1.86e-10	1.77e-05	1.00e+00	0.00e+00	0.00e+00	0.00e+00	0.00e+00	0.00e+00
 5.63594e+12	0.00e+00	1.48e-33	1.34e-24	7.14e-17	2.23e-10	1.95e-05	1.00e+00	0.00e+00	0.00e+00	0.00e+00	0.00e+00	0.00e+00
 5.88966e+12	3.04e-43	2.07e-33	1.79e-24	9.06e-17	2.66e-10	2.16e-05	1.00e+00	0.00e+00	0.00e+00	0.00e+00	0.00e+00	0.00e+00
 6.14664e+12	0.00e+00	2.86e-33	2.37e-24	1.14e-16	3.16e-10	2.38e-05	1.00e+00	0.00e+00	0.00e+00	0.00e+00	0.00e+00	0.00e+00
 6.40338e+12	6.28e-43	3.88e-33	3.09e-24	1.43e-16	3.72e-10	2.62e-05	1.00e+00	0.00e+00	0.00e+00	0.00e+00	0.00e+00	0.00e+00
 6.66263e+12	0.00e+00	5.20e-33	3.99e-24	1.77e-16	4.37e-10	2.87e-05	1.00e+00	0.00e+00	0.00e+00	0.00e+00	0.00e+00	0.00e+00
 6.92948e+12	1.22e-42	6.93e-33	5.13e-24	2.19e-16	5.11e-10	3.15e-05	1.00e+00	0.00e+00	0.00e+00	0.00e+00	0.00e+00	0.00e+00
 7.20691e+12	0.00e+00	9.21e-33	6.59e-24	2.70e-16	5.98e-10	3.45e-05	1.00e+00	0.00e+00	0.00e+00	0.00e+00	0.00e+00	0.00e+00
 7.49580e+12	2.33e-42	1.22e-32	8.46e-24	3.34e-16	7.00e-10	3.79e-05	1.00e+00	0.00e+00	0.00e+00	0.00e+00	0.00e+00	0.00e+00
 7.79741e+12	0.00e+00	1.62e-32	1.09e-23	4.13e-16	8.19e-10	4.15e-05	1.00e+00	0.00e+00	0.00e+00	0.00e+00	0.00e+00	0.00e+00
 8.11462e+12	4.41e-42	2.15e-32	1.40e-23	5.12e-16	9.59e-10	4.56e-05	1.00e+00	0.00e+00	0.00e+00	0.00e+00	0.00e+00	0.00e+00
 8.45128e+12	0.00e+00	2.88e-32	1.81e-23	6.38e-16	1.12e-09	5.02e-05	1.00e+00	0.00e+00	0.00e+00	0.00e+00	0.00e+00	0.00e+00
 8.81127e+12	8.55e-42	3.88e-32	2.36e-23	8.00e-16	1.32e-09	5.53e-05	1.00e+00	0.00e+00	0.00e+00	0.00e+00	0.00e+00	0.00e+00
 9.19249e+12	0.00e+00	5.26e-32	3.10e-23	1.01e-15	1.56e-09	6.10e-05	1.00e+00	0.00e+00	0.00e+00	0.00e+00	0.00e+00	0.00e+00
 9.59011e+12	1.70e-41	7.15e-32	4.07e-23	1.27e-15	1.84e-09	6.73e-05	1.00e+00	0.00e+00	0.00e+00	0.00e+00	0.00e+00	0.00e+00
 9.98107e+12	0.00e+00	9.59e-32	5.28e-23	1.58e-15	2.15e-09	7.37e-05	1.00e+00	0.00e+00	0.00e+00	0.00e+00	0.00e+00	0.00e+00
 1.03877e+13	3.30e-41	1.29e-31	6.86e-23	1.96e-15	2.51e-09	8.07e-05	1.00e+00	0.00e+00	0.00e+00	0.00e+00	0.00e+00	0.00e+00
 1.08331e+13	0.00e+00	1.77e-31	9.05e-23	2.47e-15	2.94e-09	8.87e-05	1.00e+00	0.00e+00	0.00e+00	0.00e+00	0.00e+00	0.00e+00
 1.12826e+13	6.66e-41	2.41e-31	1.19e-22	3.09e-15	3.44e-09	9.72e-05	1.00e+00	0.00e+00	0.00e+00	0.00e+00	0.00e+00	0.00e+00
 1.17502e+13	0.00e+00	3.30e-31	1.56e-22	3.87e-15	4.02e-09	1.06e-04	1.00e+00	0.00e+00	0.00e+00	0.00e+00	0.00e+00	0.00e+00
 1.22501e+13	1.37e-40	4.57e-31	2.07e-22	4.87e-15	4.71e-09	1.17e-04	1.00e+00	0.00e+00	0.00e+00	0.00e+00	0.00e+00	0.00e+00
 1.27700e+13	0.00e+00	6.36e-31	2.75e-22	6.15e-15	5.52e-09	1.28e-04	1.00e+00	0.00e+00	0.00e+00	0.00e+00	0.00e+00	0.00e+00
 1.33108e+13	2.93e-40	8.89e-31	3.67e-22	7.75e-15	6.47e-09	1.40e-04	1.00e+00	0.00e+00	0.00e+00	0.00e+00	0.00e+00	0.00e+00
 1.38731e+13	0.00e+00	1.25e-30	4.90e-22	9.78e-15	7.58e-09	1.53e-04	1.00e+00	0.00e+00	0.00e+00	0.00e+00	0.00e+00	0.00e+00
 1.44580e+13	6.37e-40	1.76e-30	6.56e-22	1.23e-14	8.87e-09	1.67e-04	1.00e+00	0.00e+00	0.00e+00	0.00e+00	0.00e+00	0.00e+00
 1.50662e+13	0.00e+00	2.48e-30	8.79e-22	1.56e-14	1.04e-08	1.82e-04	1.00e+00	0.00e+00	0.00e+00	0.00e+00	0.00e+00	0.00e+00
 1.56988e+13	1.42e-39	3.52e-30	1.18e-21	1.97e-14	1.21e-08	1.99e-04	1.00e+00	0.00e+00	0.00e+00	0.00e+00	0.00e+00	0.00e+00
 1.63062e+13	0.00e+00	4.88e-30	1.55e-21	2.44e-14	1.40e-08	2.15e-04	1.00e+00	0.00e+00	0.00e+00	0.00e+00	0.00e+00	0.00e+00
 1.68692e+13	2.90e-39	6.56e-30	1.99e-21	2.96e-14	1.60e-08	2.31e-04	1.00e+00	0.00e+00	0.00e+00	0.00e+00	0.00e+00	0.00e+00
 1.75052e+13	0.00e+00	9.07e-30	2.60e-21	3.65e-14	1.84e-08	2.50e-04	1.00e+00	0.00e+00	0.00e+00	0.00e+00	0.00e+00	0.00e+00
 1.82353e+13	6.43e-39	1.30e-29	3.52e-21	4.62e-14	2.16e-08	2.72e-04	1.00e+00	0.00e+00	0.00e+00	0.00e+00	0.00e+00	0.00e+00
 1.89549e+13	0.00e+00	1.84e-29	4.68e-21	5.76e-14	2.50e-08	2.95e-04	1.00e+00	0.00e+00	0.00e+00	0.00e+00	0.00e+00	0.00e+00
 1.97034e+13	1.44e-38	2.60e-29	6.24e-21	7.20e-14	2.90e-08	3.19e-04	1.00e+00	0.00e+00	0.00e+00	0.00e+00	0.00e+00	0.00e+00
 2.05214e+13	0.00e+00	3.76e-29	8.46e-21	9.10e-14	3.39e-08	3.47e-04	1.00e+00	0.00e+00	0.00e+00	0.00e+00	0.00e+00	0.00e+00
 2.13481e+13	3.38e-38	5.40e-29	1.14e-20	1.14e-13	3.95e-08	3.76e-04	1.00e+00	0.00e+00	0.00e+00	0.00e+00	0.00e+00	0.00e+00
 2.22078e+13	0.00e+00	7.75e-29	1.53e-20	1.43e-13	4.60e-08	4.07e-04	1.00e+00	0.00e+00	0.00e+00	0.00e+00	0.00e+00	0.00e+00
 2.31261e+13	8.04e-38	1.13e-28	2.08e-20	1.81e-13	5.38e-08	4.42e-04	1.00e+00	0.00e+00	0.00e+00	0.00e+00	0.00e+00	0.00e+00
 2.40810e+13	0.00e+00	1.64e-28	2.83e-20	2.29e-13	6.29e-08	4.80e-04	1.00e+00	0.00e+00	0.00e+00	0.00e+00	0.00e+00	0.00e+00
 2.50742e+13	1.95e-37	2.40e-28	3.84e-20	2.90e-13	7.35e-08	5.20e-04	9.99e-01	0.00e+00	0.00e+00	0.00e+00	0.00e+00	0.00e+00
 2.61071e+13	0.00e+00	3.50e-28	5.23e-20	3.66e-13	8.60e-08	5.64e-04	9.99e-01	0.00e+00	0.00e+00	0.00e+00	0.00e+00	0.00e+00
 2.71813e+13	4.80e-37	5.12e-28	7.12e-20	4.63e-13	1.01e-07	6.12e-04	9.99e-01	0.00e+00	0.00e+00	0.00e+00	0.00e+00	0.00e+00
 2.82985e+13	0.00e+00	7.50e-28	9.70e-20	5.86e-13	1.18e-07	6.63e-04	9.99e-01	0.00e+00	0.00e+00	0.00e+00	0.00e+00	0.00e+00
 2.94604e+13	1.19e-36	1.10e-27	1.32e-19	7.41e-13	1.37e-07	7.18e-04	9.99e-01	0.00e+00	0.00e+00	0.00e+00	0.00e+00	0.00e+00
 3.06687e+13	0.00e+00	1.62e-27	1.80e-19	9.37e-13	1.61e-07	7.78e-04	9.99e-01	0.00e+00	0.00e+00	0.00e+00	0.00e+00	0.00e+00
 3.19254e+13	2.97e-36	2.37e-27	2.46e-19	1.18e-12	1.88e-07	8.42e-04	9.99e-01	0.00e+00	0.00e+00	0.00e+00	0.00e+00	0.00e+00
 3.32047e+13	0.00e+00	3.46e-27	3.34e-19	1.49e-12	2.19e-07	9.11e-04	9.99e-01	0.00e+00	0.00e+00	0.00e+00	0.00e+00	0.00e+00
 3.45352e+13	7.32e-36	5.06e-27	4.53e-19	1.88e-12	2.55e-07	9.84e-04	9.99e-01	0.00e+00	0.00e+00	0.00e+00	0.00e+00	0.00e+00
 3.59466e+13	0.00e+00	7.45e-27	6.18e-19	2.37e-12	2.99e-07	1.07e-03	9.99e-01	0.00e+00	0.00e+00	0.00e+00	0.00e+00	0.00e+00
 3.74144e+13	1.85e-35	1.10e-26	8.45e-19	3.00e-12	3.49e-07	1.15e-03	9.99e-01	0.00e+00	0.00e+00	0.00e+00	0.00e+00	0.00e+00
 3.89409e+13	0.00e+00	1.62e-26	1.15e-18	3.80e-12	4.08e-07	1.25e-03	9.99e-01	0.00e+00	0.00e+00	0.00e+00	0.00e+00	0.00e+00
 4.05284e+13	4.68e-35	2.39e-26	1.58e-18	4.80e-12	4.77e-07	1.35e-03	9.99e-01	0.00e+00	0.00e+00	0.00e+00	0.00e+00	0.00e+00
 4.21795e+13	7.45e-35	3.52e-26	2.15e-18	6.07e-12	5.58e-07	1.46e-03	9.99e-01	0.00e+00	0.00e+00	0.00e+00	0.00e+00	0.00e+00
 4.38966e+13	1.19e-34	5.20e-26	2.95e-18	7.68e-12	6.53e-07	1.58e-03	9.98e-01	0.00e+00	0.00e+00	0.00e+00	0.00e+00	0.00e+00
 4.56824e+13	1.89e-34	7.67e-26	4.03e-18	9.71e-12	7.63e-07	1.71e-03	9.98e-01	0.00e+00	0.00e+00	0.00e+00	0.00e+00	0.00e+00
 4.75396e+13	3.02e-34	1.13e-25	5.50e-18	1.23e-11	8.93e-07	1.85e-03	9.98e-01	0.00e+00	0.00e+00	0.00e+00	0.00e+00	0.00e+00
 4.94711e+13	4.81e-34	1.67e-25	7.52e-18	1.55e-11	1.04e-06	2.00e-03	9.98e-01	0.00e+00	0.00e+00	0.00e+00	0.00e+00	0.00e+00
 5.14799e+13	7.67e-34	2.47e-25	1.03e-17	1.96e-11	1.22e-06	2.16e-03	9.98e-01	0.00e+00	0.00e+00	0.00e+00	0.00e+00	0.00e+00
 5.35690e+13	1.22e-33	3.64e-25	1.41e-17	2.48e-11	1.43e-06	2.34e-03	9.98e-01	0.00e+00	0.00e+00	0.00e+00	0.00e+00	0.00e+00
 5.56872e+13	1.92e-33	5.32e-25	1.91e-17	3.12e-11	1.66e-06	2.52e-03	9.97e-01	0.00e+00	0.00e+00	0.00e+00	0.00e+00	0.00e+00
 5.78902e+13	3.02e-33	7.75e-25	2.57e-17	3.93e-11	1.94e-06	2.72e-03	9.97e-01	0.00e+00	0.00e+00	0.00e+00	0.00e+00	0.00e+00
 6.02358e+13	4.81e-33	1.15e-24	3.53e-17	4.97e-11	2.26e-06	2.95e-03	9.97e-01	0.00e+00	0.00e+00	0.00e+00	0.00e+00	0.00e+00
 6.26751e+13	7.68e-33	1.69e-24	4.83e-17	6.28e-11	2.65e-06	3.19e-03	9.97e-01	0.00e+00	0.00e+00	0.00e+00	0.00e+00	0.00e+00
 6.52120e+13	1.21e-32	2.49e-24	6.59e-17	7.94e-11	3.09e-06	3.45e-03	9.97e-01	0.00e+00	0.00e+00	0.00e+00	0.00e+00	0.00e+00
 6.78504e+13	1.94e-32	3.67e-24	9.01e-17	1.00e-10	3.62e-06	3.73e-03	9.96e-01	0.00e+00	0.00e+00	0.00e+00	0.00e+00	0.00e+00
 7.05944e+13	3.05e-32	5.38e-24	1.23e-16	1.27e-10	4.23e-06	4.04e-03	9.96e-01	0.00e+00	0.00e+00	0.00e+00	0.00e+00	0.00e+00
 7.32000e+13	4.68e-32	7.69e-24	1.63e-16	1.57e-10	4.88e-06	4.34e-03	9.96e-01	0.00e+00	0.00e+00	0.00e+00	0.00e+00	0.00e+00
 7.55725e+13	6.71e-32	1.04e-23	2.10e-16	1.90e-10	5.53e-06	4.63e-03	9.95e-01	0.00e+00	0.00e+00	0.00e+00	0.00e+00	0.00e+00
 7.82541e+13	1.01e-31	1.47e-23	2.76e-16	2.33e-10	6.35e-06	4.96e-03	9.95e-01	0.00e+00	0.00e+00	0.00e+00	0.00e+00	0.00e+00
 8.13802e+13	1.57e-31	2.14e-23	3.75e-16	2.94e-10	7.40e-06	5.37e-03	9.95e-01	0.00e+00	0.00e+00	0.00e+00	0.00e+00	0.00e+00
 8.44559e+13	2.43e-31	3.07e-23	5.02e-16	3.67e-10	8.57e-06	5.78e-03	9.94e-01	0.00e+00	0.00e+00	0.00e+00	0.00e+00	0.00e+00
 8.73601e+13	3.56e-31	4.25e-23	6.53e-16	4.48e-10	9.79e-06	6.19e-03	9.94e-01	0.00e+00	0.00e+00	0.00e+00	0.00e+00	0.00e+00
 9.05899e+13	5.43e-31	6.05e-23	8.69e-16	5.55e-10	1.13e-05	6.66e-03	9.93e-01	0.00e+00	0.00e+00	0.00e+00	0.00e+00	0.00e+00
 9.42435e+13	8.47e-31	8.81e-23	1.18e-15	7.02e-10	1.32e-05	7.21e-03	9.93e-01	0.00e+00	0.00e+00	0.00e+00	0.00e+00	0.00e+00
 9.78774e+13	1.30e-30	1.27e-22	1.59e-15	8.78e-10	1.53e-05	7.79e-03	9.92e-01	0.00e+00	0.00e+00	0.00e+00	0.00e+00	0.00e+00
 1.01657e+14	2.00e-30	1.82e-22	2.14e-15	1.10e-09	1.78e-05	8.41e-03	9.92e-01	0.00e+00	0.00e+00	0.00e+00	0.00e+00	0.00e+00
 1.05753e+14	3.10e-30	2.65e-22	2.90e-15	1.39e-09	2.08e-05	9.12e-03	9.91e-01	0.00e+00	0.00e+00	0.00e+00	0.00e+00	0.00e+00
 1.10013e+14	4.85e-30	3.87e-22	3.95e-15	1.75e-09	2.43e-05	9.88e-03	9.90e-01	0.00e+00	0.00e+00	0.00e+00	0.00e+00	0.00e+00
 1.14443e+14	7.47e-30	5.60e-22	5.37e-15	2.21e-09	2.83e-05	1.07e-02	9.89e-01	0.00e+00	0.00e+00	0.00e+00	0.00e+00	0.00e+00
 1.19051e+14	1.17e-29	8.17e-22	7.30e-15	2.80e-09	3.31e-05	1.16e-02	9.88e-01	0.00e+00	0.00e+00	0.00e+00	0.00e+00	0.00e+00
 1.23843e+14	1.78e-29	1.18e-21	9.90e-15	3.53e-09	3.86e-05	1.26e-02	9.87e-01	0.00e+00	0.00e+00	0.00e+00	0.00e+00	0.00e+00
 1.28827e+14	2.78e-29	1.72e-21	1.35e-14	4.46e-09	4.51e-05	1.37e-02	9.86e-01	0.00e+00	0.00e+00	0.00e+00	0.00e+00	0.00e+00
 1.34010e+14	4.21e-29	2.46e-21	1.82e-14	5.64e-09	5.27e-05	1.48e-02	9.85e-01	0.00e+00	0.00e+00	0.00e+00	0.00e+00	0.00e+00
 1.39400e+14	6.50e-29	3.57e-21	2.48e-14	7.12e-09	6.15e-05	1.61e-02	9.84e-01	0.00e+00	0.00e+00	0.00e+00	0.00e+00	0.00e+00
 1.45006e+14	9.91e-29	5.15e-21	3.36e-14	8.99e-09	7.18e-05	1.75e-02	9.82e-01	0.00e+00	0.00e+00	0.00e+00	0.00e+00	0.00e+00
 1.50836e+14	1.53e-28	7.48e-21	4.57e-14	1.13e-08	8.37e-05	1.89e-02	9.81e-01	0.00e+00	0.00e+00	0.00e+00	0.00e+00	0.00e+00
 1.56741e+14	2.29e-28	1.06e-20	6.14e-14	1.42e-08	9.73e-05	2.05e-02	9.79e-01	0.00e+00	0.00e+00	0.00e+00	0.00e+00	0.00e+00
 1.62883e+14	3.47e-28	1.52e-20	8.27e-14	1.79e-08	1.13e-04	2.23e-02	9.78e-01	0.00e+00	0.00e+00	0.00e+00	0.00e+00	0.00e+00
 1.69428e+14	5.20e-28	2.17e-20	1.12e-13	2.26e-08	1.32e-04	2.42e-02	9.76e-01	0.00e+00	0.00e+00	0.00e+00	0.00e+00	0.00e+00
 1.76235e+14	7.96e-28	3.14e-20	1.52e-13	2.85e-08	1.54e-04	2.63e-02	9.74e-01	0.00e+00	0.00e+00	0.00e+00	0.00e+00	0.00e+00
 1.83314e+14	1.18e-27	4.46e-20	2.06e-13	3.60e-08	1.79e-04	2.86e-02	9.71e-01	0.00e+00	0.00e+00	0.00e+00	0.00e+00	0.00e+00
 1.90677e+14	1.80e-27	6.45e-20	2.79e-13	4.54e-08	2.09e-04	3.10e-02	9.69e-01	0.00e+00	0.00e+00	0.00e+00	0.00e+00	0.00e+00
 1.97680e+14	2.57e-27	8.85e-20	3.68e-13	5.62e-08	2.40e-04	3.35e-02	9.66e-01	0.00e+00	0.00e+00	0.00e+00	0.00e+00	0.00e+00
 2.04057e+14	3.55e-27	1.18e-19	4.70e-13	6.77e-08	2.72e-04	3.58e-02	9.64e-01	0.00e+00	0.00e+00	0.00e+00	0.00e+00	0.00e+00
 2.11248e+14	5.03e-27	1.61e-19	6.14e-13	8.31e-08	3.11e-04	3.86e-02	9.61e-01	0.00e+00	0.00e+00	0.00e+00	0.00e+00	0.00e+00
 2.19633e+14	7.46e-27	2.29e-19	8.29e-13	1.05e-07	3.61e-04	4.19e-02	9.58e-01	0.00e+00	0.00e+00	0.00e+00	0.00e+00	0.00e+00
 2.27980e+14	1.08e-26	3.20e-19	1.11e-12	1.30e-07	4.17e-04	4.54e-02	9.54e-01	0.00e+00	0.00e+00	0.00e+00	0.00e+00	0.00e+00
 2.35967e+14	1.52e-26	4.37e-19	1.44e-12	1.60e-07	4.76e-04	4.88e-02	9.51e-01	0.00e+00	0.00e+00	0.00e+00	0.00e+00	0.00e+00
 2.44743e+14	2.17e-26	6.05e-19	1.91e-12	1.98e-07	5.47e-04	5.28e-02	9.47e-01	0.00e+00	0.00e+00	0.00e+00	0.00e+00	0.00e+00
 2.54563e+14	3.19e-26	8.62e-19	2.60e-12	2.50e-07	6.36e-04	5.74e-02	9.42e-01	0.00e+00	0.00e+00	0.00e+00	0.00e+00	0.00e+00
 2.64444e+14	4.62e-26	1.21e-18	3.49e-12	3.13e-07	7.36e-04	6.23e-02	9.37e-01	0.00e+00	0.00e+00	0.00e+00	0.00e+00	0.00e+00
 2.73413e+14	6.40e-26	1.64e-18	4.53e-12	3.82e-07	8.36e-04	6.69e-02	9.32e-01	0.00e+00	0.00e+00	0.00e+00	0.00e+00	0.00e+00
 2.81502e+14	8.49e-26	2.13e-18	5.69e-12	4.54e-07	9.34e-04	7.12e-02	9.28e-01	0.00e+00	0.00e+00	0.00e+00	0.00e+00	0.00e+00
 2.90690e+14	1.16e-25	2.85e-18	7.32e-12	5.49e-07	1.06e-03	7.62e-02	9.23e-01	0.00e+00	0.00e+00	0.00e+00	0.00e+00	0.00e+00
 3.01816e+14	1.68e-25	4.02e-18	9.83e-12	6.85e-07	1.22e-03	8.25e-02	9.16e-01	0.00e+00	0.00e+00	0.00e+00	0.00e+00	0.00e+00
 3.12939e+14	2.41e-25	5.59e-18	1.31e-11	8.49e-07	1.40e-03	8.90e-02	9.10e-01	0.00e+00	0.00e+00	0.00e+00	0.00e+00	0.00e+00
 3.22892e+14	3.28e-25	7.43e-18	1.67e-11	1.02e-06	1.57e-03	9.49e-02	9.04e-01	0.00e+00	0.00e+00	0.00e+00	0.00e+00	0.00e+00
 3.33844e+14	4.59e-25	1.01e-17	2.17e-11	1.24e-06	1.78e-03	1.02e-01	8.97e-01	0.00e+00	0.00e+00	0.00e+00	0.00e+00	0.00e+00
 3.46850e+14	6.71e-25	1.43e-17	2.94e-11	1.56e-06	2.06e-03	1.10e-01	8.88e-01	0.00e+00	0.00e+00	0.00e+00	0.00e+00	0.00e+00
 3.59734e+14	9.67e-25	2.01e-17	3.92e-11	1.93e-06	2.36e-03	1.18e-01	8.79e-01	0.00e+00	0.00e+00	0.00e+00	0.00e+00	0.00e+00
 3.71606e+14	1.34e-24	2.71e-17	5.07e-11	2.33e-06	2.67e-03	1.26e-01	8.71e-01	0.00e+00	0.00e+00	0.00e+00	0.00e+00	0.00e+00
 3.84954e+14	1.93e-24	3.76e-17	6.69e-11	2.86e-06	3.04e-03	1.35e-01	8.62e-01	0.00e+00	0.00e+00	0.00e+00	0.00e+00	0.00e+00
 4.00363e+14	2.86e-24	5.38e-17	9.12e-11	3.60e-06	3.52e-03	1.46e-01	8.51e-01	0.00e+00	0.00e+00	0.00e+00	0.00e+00	0.00e+00
 4.15495e+14	4.20e-24	7.59e-17	1.22e-10	4.46e-06	4.03e-03	1.56e-01	8.40e-01	0.00e+00	0.00e+00	0.00e+00	0.00e+00	0.00e+00
 4.31232e+14	6.12e-24	1.07e-16	1.63e-10	5.53e-06	4.62e-03	1.67e-01	8.28e-01	0.00e+00	0.00e+00	0.00e+00	0.00e+00	0.00e+00
 4.48511e+14	9.17e-24	1.53e-16	2.22e-10	6.94e-06	5.34e-03	1.80e-01	8.15e-01	0.00e+00	0.00e+00	0.00e+00	0.00e+00	0.00e+00
 4.65926e+14	1.39e-23	2.21e-16	2.99e-10	8.62e-06	6.12e-03	1.92e-01	8.02e-01	0.00e+00	0.00e+00	0.00e+00	0.00e+00	0.00e+00
 4.84037e+14	1.99e-23	3.07e-16	4.02e-10	1.07e-05	7.02e-03	2.05e-01	7.88e-01	0.00e+00	0.00e+00	0.00e+00	0.00e+00	0.00e+00
 5.03429e+14	3.08e-23	4.48e-16	5.45e-10	1.34e-05	8.08e-03	2.19e-01	7.73e-01	0.00e+00	0.00e+00	0.00e+00	0.00e+00	0.00e+00
 5.23596e+14	4.48e-23	6.29e-16	7.39e-10	1.67e-05	9.28e-03	2.34e-01	7.56e-01	0.00e+00	0.00e+00	0.00e+00	0.00e+00	0.00e+00
 5.44570e+14	6.74e-23	9.02e-16	1.00e-09	2.08e-05	1.06e-02	2.50e-01	7.40e-01	0.00e+00	0.00e+00	0.00e+00	0.00e+00	0.00e+00
 5.66382e+14	1.03e-22	1.30e-15	1.35e-09	2.59e-05	1.22e-02	2.66e-01	7.22e-01	0.00e+00	0.00e+00	0.00e+00	0.00e+00	0.00e+00
 5.89068e+14	1.54e-22	1.86e-15	1.82e-09	3.22e-05	1.40e-02	2.82e-01	7.04e-01	0.00e+00	0.00e+00	0.00e+00	0.00e+00	0.00e+00
 6.12660e+14	2.30e-22	2.64e-15	2.45e-09	3.99e-05	1.59e-02	2.99e-01	6.85e-01	0.00e+00	0.00e+00	0.00e+00	0.00e+00	0.00e+00
 6.37197e+14	3.44e-22	3.75e-15	3.30e-09	4.94e-05	1.82e-02	3.16e-01	6.65e-01	0.00e+00	0.00e+00	0.00e+00	0.00e+00	0.00e+00
 6.61158e+14	4.93e-22	5.15e-15	4.35e-09	6.02e-05	2.05e-02	3.33e-01	6.46e-01	0.00e+00	0.00e+00	0.00e+00	0.00e+00	0.00e+00
 6.84015e+14	6.94e-22	6.95e-15	5.60e-09	7.23e-05	2.29e-02	3.48e-01	6.29e-01	0.00e+00	0.00e+00	0.00e+00	0.00e+00	0.00e+00
 7.09343e+14	1.01e-21	9.63e-15	7.33e-09	8.76e-05	2.58e-02	3.65e-01	6.09e-01	0.00e+00	0.00e+00	0.00e+00	0.00e+00	0.00e+00
 7.35757e+14	1.49e-21	1.34e-14	9.58e-09	1.06e-04	2.90e-02	3.82e-01	5.89e-01	0.00e+00	0.00e+00	0.00e+00	0.00e+00	0.00e+00
 7.59621e+14	2.06e-21	1.77e-14	1.21e-08	1.25e-04	3.20e-02	3.97e-01	5.71e-01	0.00e+00	0.00e+00	0.00e+00	0.00e+00	0.00e+00
 7.85779e+14	2.90e-21	2.38e-14	1.55e-08	1.49e-04	3.55e-02	4.13e-01	5.52e-01	0.00e+00	0.00e+00	0.00e+00	0.00e+00	0.00e+00
 8.16590e+14	4.30e-21	3.33e-14	2.04e-08	1.82e-04	3.99e-02	4.30e-01	5.30e-01	0.00e+00	0.00e+00	0.00e+00	0.00e+00	0.00e+00
 8.47300e+14	6.24e-21	4.59e-14	2.66e-08	2.19e-04	4.46e-02	4.47e-01	5.08e-01	0.00e+00	0.00e+00	0.00e+00	0.00e+00	0.00e+00
 8.76307e+14	8.77e-21	6.14e-14	3.39e-08	2.60e-04	4.92e-02	4.62e-01	4.89e-01	0.00e+00	0.00e+00	0.00e+00	0.00e+00	0.00e+00
 9.08457e+14	1.26e-20	8.36e-14	4.37e-08	3.11e-04	5.46e-02	4.78e-01	4.67e-01	0.00e+00	0.00e+00	0.00e+00	0.00e+00	0.00e+00
 9.42440e+14	1.83e-20	1.15e-13	5.66e-08	3.72e-04	6.06e-02	4.93e-01	4.46e-01	0.00e+00	0.00e+00	0.00e+00	0.00e+00	0.00e+00
 9.73124e+14	2.52e-20	1.51e-13	7.06e-08	4.34e-04	6.62e-02	5.06e-01	4.27e-01	0.00e+00	0.00e+00	0.00e+00	0.00e+00	0.00e+00
 1.00654e+15	3.55e-20	2.01e-13	8.92e-08	5.11e-04	7.26e-02	5.19e-01	4.08e-01	0.00e+00	0.00e+00	0.00e+00	0.00e+00	0.00e+00
 1.04596e+15	5.19e-20	2.77e-13	1.16e-07	6.13e-04	8.04e-02	5.33e-01	3.86e-01	0.00e+00	0.00e+00	0.00e+00	0.00e+00	0.00e+00
 1.08446e+15	7.52e-20	3.78e-13	1.48e-07	7.26e-04	8.84e-02	5.46e-01	3.65e-01	0.00e+00	0.00e+00	0.00e+00	0.00e+00	0.00e+00
 1.11962e+15	1.03e-19	4.91e-13	1.84e-07	8.41e-04	9.58e-02	5.56e-01	3.48e-01	0.00e+00	0.00e+00	0.00e+00	0.00e+00	0.00e+00
 1.15914e+15	1.46e-19	6.57e-13	2.31e-07	9.85e-04	1.05e-01	5.66e-01	3.29e-01	0.00e+00	0.00e+00	0.00e+00	0.00e+00	0.00e+00
 1.20512e+15	2.14e-19	9.07e-13	3.00e-07	1.18e-03	1.15e-01	5.76e-01	3.08e-01	0.00e+00	0.00e+00	0.00e+00	0.00e+00	0.00e+00
 1.25024e+15	3.11e-19	1.23e-12	3.81e-07	1.38e-03	1.25e-01	5.84e-01	2.89e-01	0.00e+00	0.00e+00	0.00e+00	0.00e+00	0.00e+00
 1.29297e+15	4.29e-19	1.61e-12	4.73e-07	1.60e-03	1.36e-01	5.91e-01	2.72e-01	0.00e+00	0.00e+00	0.00e+00	0.00e+00	0.00e+00
 1.34052e+15	6.14e-19	2.17e-12	5.96e-07	1.87e-03	1.47e-01	5.97e-01	2.54e-01	0.00e+00	0.00e+00	0.00e+00	0.00e+00	0.00e+00
 1.39417e+15	9.07e-19	2.99e-12	7.66e-07	2.22e-03	1.60e-01	6.02e-01	2.35e-01	0.00e+00	0.00e+00	0.00e+00	0.00e+00	0.00e+00
 1.44772e+15	1.32e-18	4.06e-12	9.70e-07	2.60e-03	1.74e-01	6.05e-01	2.18e-01	0.00e+00	0.00e+00	0.00e+00	0.00e+00	0.00e+00
 1.50342e+15	1.91e-18	5.49e-12	1.23e-06	3.03e-03	1.88e-01	6.07e-01	2.02e-01	0.00e+00	0.00e+00	0.00e+00	0.00e+00	0.00e+00
 1.56359e+15	2.80e-18	7.51e-12	1.56e-06	3.56e-03	2.04e-01	6.07e-01	1.86e-01	0.00e+00	0.00e+00	0.00e+00	0.00e+00	0.00e+00
 1.62616e+15	4.10e-18	1.02e-11	1.98e-06	4.16e-03	2.20e-01	6.05e-01	1.71e-01	0.00e+00	0.00e+00	0.00e+00	0.00e+00	0.00e+00
 1.69124e+15	5.87e-18	1.37e-11	2.50e-06	4.86e-03	2.37e-01	6.02e-01	1.56e-01	0.00e+00	0.00e+00	0.00e+00	0.00e+00	0.00e+00
 1.75891e+15	8.69e-18	1.88e-11	3.16e-06	5.66e-03	2.54e-01	5.98e-01	1.42e-01	0.00e+00	0.00e+00	0.00e+00	0.00e+00	0.00e+00
 1.82930e+15	1.27e-17	2.56e-11	3.98e-06	6.57e-03	2.72e-01	5.92e-01	1.30e-01	0.00e+00	0.00e+00	0.00e+00	0.00e+00	0.00e+00
 1.90250e+15	1.85e-17	3.46e-11	5.00e-06	7.60e-03	2.91e-01	5.84e-01	1.18e-01	0.00e+00	0.00e+00	0.00e+00	0.00e+00	0.00e+00
 1.97863e+15	2.70e-17	4.66e-11	6.26e-06	8.78e-03	3.10e-01	5.75e-01	1.06e-01	0.00e+00	0.00e+00	1.53e-17	8.32e-18	3.26e-18
 2.05781e+15	3.92e-17	6.28e-11	7.82e-06	1.01e-02	3.30e-01	5.64e-01	9.60e-02	0.00e+00	0.00e+00	2.21e-17	1.23e-17	4.53e-18
 2.14015e+15	5.67e-17	8.42e-11	9.74e-06	1.16e-02	3.50e-01	5.52e-01	8.64e-02	0.00e+00	0.00e+00	3.20e-17	1.78e-17	6.54e-18
 2.22579e+15	8.19e-17	1.13e-10	1.21e-05	1.33e-02	3.70e-01	5.39e-01	7.75e-02	0.00e+00	0.00e+00	4.63e-17	2.57e-17	9.42e-18
 2.30896e+15	1.15e-16	1.48e-10	1.48e-05	1.51e-02	3.89e-01	5.26e-01	6.99e-02	0.00e+00	0.00e+00	6.53e-17	3.60e-17	1.32e-17
 2.38341e+15	1.55e-16	1.87e-10	1.76e-05	1.68e-02	4.06e-01	5.14e-01	6.38e-02	0.00e+00	0.00e+00	8.77e-17	4.82e-17	1.77e-17
 2.46378e+15	2.11e-16	2.38e-10	2.10e-05	1.87e-02	4.23e-01	5.00e-01	5.78e-02	0.00e+00	0.00e+00	1.19e-16	6.55e-17	2.40e-17
 2.55941e+15	2.99e-16	3.13e-10	2.56e-05	2.12e-02	4.43e-01	4.84e-01	5.16e-02	0.00e+00	0.00e+00	1.70e-16	9.27e-17	3.39e-17
 2.65481e+15	4.06e-16	3.99e-10	3.10e-05	2.38e-02	4.62e-01	4.68e-01	4.61e-02	0.00e+00	0.00e+00	2.31e-16	1.26e-16	4.59e-17
 2.74334e+15	5.62e-16	5.13e-10	3.69e-05	2.64e-02	4.79e-01	4.53e-01	4.15e-02	0.00e+00	0.00e+00	3.20e-16	1.74e-16	6.33e-17
 2.82970e+15	7.47e-16	6.40e-10	4.32e-05	2.91e-02	4.94e-01	4.39e-01	3.76e-02	0.00e+00	0.00e+00	4.26e-16	2.31e-16	8.39e-17
 2.92870e+15	9.92e-16	8.02e-10	5.14e-05	3.22e-02	5.11e-01	4.23e-01	3.36e-02	0.00e+00	0.00e+00	5.67e-16	3.06e-16	1.11e-16
 3.03846e+15	1.39e-15	1.04e-09	6.19e-05	3.60e-02	5.29e-01	4.05e-01	2.97e-02	0.00e+00	0.00e+00	7.92e-16	4.26e-16	1.55e-16
 3.14056e+15	1.91e-15	1.33e-09	7.32e-05	3.97e-02	5.45e-01	3.89e-01	2.64e-02	0.00e+00	0.00e+00	1.09e-15	5.88e-16	2.12e-16
 3.25166e+15	2.62e-15	1.70e-09	8.68e-05	4.39e-02	5.61e-01	3.72e-01	2.34e-02	0.00e+00	0.00e+00	1.50e-15	8.06e-16	2.90e-16
 3.37532e+15	3.66e-15	2.19e-09	1.04e-04	4.87e-02	5.77e-01	3.54e-01	2.05e-02	0.00e+00	0.00e+00	2.10e-15	1.12e-15	4.04e-16
 3.49110e+15	4.93e-15	2.75e-09	1.23e-04	5.35e-02	5.91e-01	3.37e-01	1.81e-02	0.00e+00	0.00e+00	2.83e-15	1.51e-15	5.41e-16
 3.61696e+15	6.54e-15	3.43e-09	1.45e-04	5.89e-02	6.05e-01	3.20e-01	1.59e-02	0.00e+00	0.00e+00	3.75e-15	2.00e-15	7.15e-16
 3.75737e+15	9.43e-15	4.53e-09	1.74e-04	6.53e-02	6.19e-01	3.02e-01	1.37e-02	0.00e+00	0.00e+00	5.42e-15	2.89e-15	1.03e-15
 3.88941e+15	1.28e-14	5.72e-09	2.05e-04	7.15e-02	6.31e-01	2.85e-01	1.20e-02	0.00e+00	0.00e+00	7.38e-15	3.93e-15	1.39e-15
 4.03103e+15	1.76e-14	7.26e-09	2.42e-04	7.83e-02	6.42e-01	2.69e-01	1.04e-02	0.00e+00	0.00e+00	1.01e-14	5.38e-15	1.90e-15
 4.18890e+15	2.45e-14	9.35e-09	2.89e-04	8.63e-02	6.53e-01	2.51e-01	8.96e-03	0.00e+00	0.00e+00	1.41e-14	7.51e-15	2.64e-15
 4.34137e+15	3.24e-14	1.16e-08	3.39e-04	9.42e-02	6.62e-01	2.36e-01	7.74e-03	0.00e+00	0.00e+00	1.87e-14	9.91e-15	3.48e-15
 4.48630e+15	4.45e-14	1.47e-08	3.95e-04	1.02e-01	6.69e-01	2.21e-01	6.73e-03	0.00e+00	0.00e+00	2.56e-14	1.36e-14	4.76e-15
 4.64874e+15	6.10e-14	1.86e-08	4.63e-04	1.11e-01	6.76e-01	2.07e-01	5.78e-03	0.00e+00	0.00e+00	3.52e-14	1.87e-14	6.50e-15
 4.82772e+15	8.46e-14	2.37e-08	5.48e-04	1.22e-01	6.82e-01	1.91e-01	4.91e-03	0.00e+00	0.00e+00	4.88e-14	2.59e-14	8.99e-15
 4.99477e+15	1.13e-13	2.95e-08	6.37e-04	1.31e-01	6.85e-01	1.78e-01	4.22e-03	0.00e+00	0.00e+00	6.52e-14	3.46e-14	1.20e-14
 5.17550e+15	1.49e-13	3.63e-08	7.43e-04	1.42e-01	6.88e-01	1.65e-01	3.59e-03	0.00e+00	0.00e+00	8.58e-14	4.54e-14	1.57e-14
 5.37460e+15	2.13e-13	4.73e-08	8.79e-04	1.55e-01	6.89e-01	1.52e-01	3.01e-03	0.00e+00	0.00e+00	1.23e-13	6.51e-14	2.24e-14
 5.56340e+15	2.87e-13	5.89e-08	1.02e-03	1.67e-01	6.89e-01	1.40e-01	2.56e-03	0.00e+00	0.00e+00	1.66e-13	8.78e-14	3.01e-14
 5.74447e+15	3.67e-13	7.09e-08	1.17e-03	1.79e-01	6.88e-01	1.30e-01	2.20e-03	0.00e+00	0.00e+00	2.12e-13	1.12e-13	3.84e-14
 5.95104e+15	4.98e-13	8.89e-08	1.36e-03	1.92e-01	6.86e-01	1.19e-01	1.85e-03	0.00e+00	0.00e+00	2.88e-13	1.52e-13	5.20e-14
 6.17846e+15	7.12e-13	1.15e-07	1.60e-03	2.08e-01	6.81e-01	1.08e-01	1.53e-03	0.00e+00	0.00e+00	4.12e-13	2.17e-13	7.40e-14
 6.39737e+15	9.68e-13	1.44e-07	1.85e-03	2.23e-01	6.75e-01	9.84e-02	1.28e-03	0.00e+00	0.00e+00	5.60e-13	2.96e-13	1.00e-13
 6.60902e+15	1.28e-12	1.77e-07	2.13e-03	2.38e-01	6.69e-01	9.01e-02	1.08e-03	0.00e+00	0.00e+00	7.40e-13	3.91e-13	1.32e-13
 6.84674e+15	1.74e-12	2.21e-07	2.47e-03	2.55e-01	6.60e-01	8.14e-02	8.90e-04	0.00e+00	0.00e+00	1.01e-12	5.32e-13	1.80e-13
 7.10521e+15	2.40e-12	2.79e-07	2.88e-03	2.74e-01	6.50e-01	7.31e-02	7.27e-04	0.00e+00	0.00e+00	1.39e-12	7.34e-13	2.48e-13
 7.32846e+15	3.15e-12	3.40e-07	3.29e-03	2.90e-01	6.39e-01	6.66e-02	6.11e-04	0.00e+00	0.00e+00	1.83e-12	9.63e-13	3.24e-13
 7.52604e+15	4.00e-12	4.04e-07	3.67e-03	3.05e-01	6.30e-01	6.13e-02	5.25e-04	0.00e+00	0.00e+00	2.32e-12	1.22e-12	4.11e-13
 7.75266e+15	5.19e-12	4.88e-07	4.16e-03	3.21e-01	6.18e-01	5.57e-02	4.41e-04	0.00e+00	0.00e+00	3.00e-12	1.58e-12	5.32e-13
 8.03838e+15	6.87e-12	6.01e-07	4.84e-03	3.42e-01	6.03e-01	4.94e-02	3.55e-04	0.00e+00	0.00e+00	3.98e-12	2.10e-12	7.04e-13
 8.32844e+15	9.88e-12	7.75e-07	5.64e-03	3.64e-01	5.86e-01	4.37e-02	2.85e-04	0.00e+00	0.00e+00	5.73e-12	3.02e-12	1.01e-12
 8.56704e+15	1.27e-11	9.30e-07	6.35e-03	3.82e-01	5.72e-01	3.95e-02	2.39e-04	0.00e+00	0.00e+00	7.38e-12	3.89e-12	1.30e-12
 8.81123e+15	1.59e-11	1.10e-06	7.16e-03	4.00e-01	5.57e-01	3.56e-02	1.99e-04	0.00e+00	0.00e+00	9.24e-12	4.87e-12	1.63e-12
 9.12825e+15	2.31e-11	1.42e-06	8.37e-03	4.25e-01	5.36e-01	3.10e-02	1.56e-04	0.00e+00	0.00e+00	1.34e-11	7.06e-12	2.35e-12
 9.45124e+15	3.22e-11	1.80e-06	9.72e-03	4.49e-01	5.15e-01	2.70e-02	1.24e-04	0.00e+00	0.00e+00	1.87e-11	9.83e-12	3.27e-12
 9.70976e+15	3.97e-11	2.11e-06	1.09e-02	4.67e-01	4.97e-01	2.41e-02	1.02e-04	0.00e+00	0.00e+00	2.30e-11	1.21e-11	4.03e-12
 9.97321e+15	5.19e-11	2.55e-06	1.24e-02	4.87e-01	4.79e-01	2.14e-02	8.40e-05	0.00e+00	0.00e+00	3.01e-11	1.59e-11	5.27e-12
 1.03157e+16	7.62e-11	3.34e-06	1.45e-02	5.13e-01	4.54e-01	1.83e-02	6.47e-05	0.00e+00	0.00e+00	4.43e-11	2.33e-11	7.74e-12
 1.06620e+16	1.06e-10	4.24e-06	1.69e-02	5.37e-01	4.30e-01	1.57e-02	5.02e-05	0.00e+00	0.00e+00	6.18e-11	3.25e-11	1.08e-11
 1.09370e+16	1.38e-10	5.11e-06	1.91e-02	5.56e-01	4.11e-01	1.38e-02	4.09e-05	0.00e+00	0.00e+00	8.02e-11	4.22e-11	1.40e-11
 1.12182e+16	1.75e-10	6.08e-06	2.16e-02	5.76e-01	3.90e-01	1.21e-02	3.31e-05	0.00e+00	0.00e+00	1.01e-10	5.34e-11	1.77e-11
 1.15836e+16	2.67e-10	8.17e-06	2.56e-02	6.01e-01	3.63e-01	1.01e-02	2.48e-05	0.00e+00	0.00e+00	1.55e-10	8.17e-11	2.70e-11
 1.19396e+16	3.77e-10	1.05e-05	3.01e-02	6.23e-01	3.38e-01	8.50e-03	1.89e-05	0.00e+00	0.00e+00	2.19e-10	1.15e-10	3.82e-11
 1.22053e+16	4.64e-10	1.23e-05	3.40e-02	6.40e-01	3.19e-01	7.43e-03	1.54e-05	0.00e+00	0.00e+00	2.70e-10	1.42e-10	4.70e-11
 1.24729e+16	6.17e-10	1.51e-05	3.87e-02	6.56e-01	2.99e-01	6.44e-03	1.24e-05	0.00e+00	0.00e+00	3.59e-10	1.89e-10	6.25e-11
 1.27738e+16	9.07e-10	1.97e-05	4.49e-02	6.72e-01	2.77e-01	5.45e-03	9.59e-06	0.00e+00	0.00e+00	5.27e-10	2.78e-10	9.18e-11
 1.30462e+16	1.22e-09	2.44e-05	5.15e-02	6.86e-01	2.58e-01	4.68e-03	7.64e-06	0.00e+00	0.00e+00	7.08e-10	3.73e-10	1.23e-10
 1.32842e+16	1.60e-09	2.99e-05	5.84e-02	6.97e-01	2.40e-01	4.07e-03	6.20e-06	0.00e+00	0.00e+00	9.31e-10	4.90e-10	1.62e-10
 1.35490e+16	2.21e-09	3.78e-05	6.78e-02	7.08e-01	2.21e-01	3.44e-03	4.86e-06	0.00e+00	0.00e+00	1.28e-09	6.76e-10	2.24e-10
 1.37946e+16	2.94e-09	4.68e-05	7.80e-02	7.16e-01	2.03e-01	2.94e-03	3.87e-06	0.00e+00	0.00e+00	1.71e-09	9.01e-10	2.98e-10
 1.39804e+16	3.76e-09	5.61e-05	8.75e-02	7.21e-01	1.89e-01	2.58e-03	3.22e-06	0.00e+00	0.00e+00	2.19e-09	1.15e-09	3.81e-10
 1.41516e+16	4.75e-09	6.68e-05	9.77e-02	7.23e-01	1.77e-01	2.28e-03	2.70e-06	0.00e+00	0.00e+00	2.76e-09	1.46e-09	4.82e-10
 1.43124e+16	5.97e-09	7.92e-05	1.09e-01	7.25e-01	1.64e-01	2.01e-03	2.27e-06	0.00e+00	0.00e+00	3.47e-09	1.83e-09	6.05e-10
 1.44949e+16	7.83e-09	9.72e-05	1.24e-01	7.24e-01	1.50e-01	1.73e-03	1.84e-06	0.00e+00	0.00e+00	4.55e-09	2.40e-09	7.94e-10
 1.47001e+16	1.08e-08	1.24e-04	1.45e-01	7.19e-01	1.34e-01	1.43e-03	1.43e-06	0.00e+00	0.00e+00	6.29e-09	3.31e-09	1.10e-09
 1.48856e+16	1.48e-08	1.57e-04	1.69e-01	7.10e-01	1.20e-01	1.19e-03	1.12e-06	0.00e+00	0.00e+00	8.58e-09	4.52e-09	1.50e-09
 1.50393e+16	1.95e-08	1.95e-04	1.94e-01	6.98e-01	1.07e-01	1.01e-03	8.92e-07	0.00e+00	0.00e+00	1.13e-08	5.96e-09	1.98e-09
 1.51750e+16	2.54e-08	2.39e-04	2.21e-01	6.82e-01	9.53e-02	8.48e-04	0.00e+00	0.00e+00	0.00e+00	1.48e-08	7.79e-09	2.58e-09
 1.53047e+16	3.30e-08	2.93e-04	2.53e-01	6.62e-01	8.40e-02	7.07e-04	0.00e+00	0.00e+00	0.00e+00	1.92e-08	1.01e-08	3.36e-09
 1.54293e+16	4.31e-08	3.61e-04	2.89e-01	6.37e-01	7.29e-02	5.79e-04	0.00e+00	0.00e+00	0.00e+00	2.51e-08	1.32e-08	4.39e-09
 1.55445e+16	5.63e-08	4.45e-04	3.31e-01	6.06e-01	6.25e-02	4.68e-04	0.00e+00	0.00e+00	0.00e+00	3.27e-08	1.73e-08	5.74e-09
 1.56483e+16	6.78e-08	5.20e-04	3.75e-01	5.71e-01	5.29e-02	3.75e-04	0.00e+00	0.00e+00	0.00e+00	3.94e-08	2.08e-08	6.92e-09
 1.57427e+16	9.15e-08	6.53e-04	4.23e-01	5.32e-01	4.41e-02	2.95e-04	0.00e+00	0.00e+00	0.00e+00	5.32e-08	2.81e-08	9.35e-09
 1.58135e+16	1.05e-07	7.33e-04	4.62e-01	4.99e-01	3.78e-02	2.42e-04	0.00e+00	0.00e+00	0.00e+00	6.12e-08	3.23e-08	1.08e-08
 1.58718e+16	1.28e-07	8.52e-04	5.00e-01	4.66e-01	3.24e-02	1.99e-04	0.00e+00	0.00e+00	0.00e+00	7.47e-08	3.95e-08	1.32e-08
 1.59328e+16	1.51e-07	9.66e-04	5.42e-01	4.30e-01	2.73e-02	1.60e-04	0.00e+00	0.00e+00	0.00e+00	8.77e-08	4.63e-08	1.55e-08
 1.59877e+16	1.75e-07	1.08e-03	5.82e-01	3.94e-01	2.27e-02	1.28e-04	0.00e+00	0.00e+00	0.00e+00	1.02e-07	5.38e-08	1.80e-08
 1.60495e+16	2.06e-07	1.23e-03	6.29e-01	3.52e-01	1.80e-02	9.59e-05	0.00e+00	0.00e+00	0.00e+00	1.20e-07	6.33e-08	2.12e-08
 1.61153e+16	2.43e-07	1.40e-03	6.79e-01	3.05e-01	1.37e-02	6.83e-05	0.00e+00	0.00e+00	0.00e+00	1.41e-07	7.49e-08	2.51e-08
 1.61724e+16	2.80e-07	1.55e-03	7.23e-01	2.65e-01	1.04e-02	4.90e-05	0.00e+00	0.00e+00	0.00e+00	1.63e-07	8.61e-08	2.89e-08
 1.62327e+16	3.23e-07	1.72e-03	7.68e-01	2.23e-01	7.49e-03	3.29e-05	0.00e+00	0.00e+00	0.00e+00	1.88e-07	9.95e-08	3.34e-08
 1.62998e+16	3.72e-07	1.91e-03	8.13e-01	1.80e-01	5.05e-03	2.04e-05	0.00e+00	0.00e+00	0.00e+00	2.17e-07	1.15e-07	3.86e-08
 1.63648e+16	4.22e-07	2.07e-03	8.50e-01	1.45e-01	3.34e-03	1.23e-05	0.00e+00	0.00e+00	0.00e+00	2.45e-07	1.30e-07	4.39e-08
 1.64384e+16	4.78e-07	2.25e-03	8.85e-01	1.11e-01	2.02e-03	6.68e-06	0.00e+00	0.00e+00	0.00e+00	2.78e-07	1.48e-07	4.98e-08
 1.65320e+16	5.46e-07	2.44e-03	9.18e-01	7.89e-02	1.06e-03	3.01e-06	0.00e+00	0.00e+00	0.00e+00	3.17e-07	1.68e-07	5.70e-08
 1.66427e+16	6.18e-07	2.62e-03	9.43e-01	5.40e-02	4.99e-04	1.18e-06	0.00e+00	0.00e+00	0.00e+00	3.60e-07	1.91e-07	6.47e-08
 1.67722e+16	6.94e-07	2.78e-03	9.61e-01	3.63e-02	2.19e-04	4.12e-07	0.00e+00	0.00e+00	0.00e+00	4.04e-07	2.14e-07	7.28e-08
 1.69352e+16	7.80e-07	2.94e-03	9.73e-01	2.41e-02	8.66e-05	0.00e+00	0.00e+00	0.00e+00	0.00e+00	4.54e-07	2.41e-07	8.19e-08
 1.71471e+16	8.87e-07	3.10e-03	9.80e-01	1.64e-02	3.16e-05	0.00e+00	0.00e+00	0.00e+00	0.00e+00	5.15e-07	2.74e-07	9.31e-08
 1.74226e+16	1.03e-06	3.28e-03	9.85e-01	1.18e-02	1.10e-05	0.00e+00	0.00e+00	0.00e+00	0.00e+00	5.98e-07	3.18e-07	1.08e-07
 1.77807e+16	1.24e-06	3.51e-03	9.87e-01	9.29e-03	3.80e-06	0.00e+00	0.00e+00	0.00e+00	0.00e+00	7.20e-07	3.83e-07	1.30e-07
 1.82462e+16	1.57e-06	3.81e-03	9.88e-01	7.81e-03	1.28e-06	0.00e+00	0.00e+00	0.00e+00	0.00e+00	9.15e-07	4.86e-07	1.65e-07
 1.87454e+16	2.05e-06	4.18e-03	9.89e-01	6.94e-03	4.92e-07	0.00e+00	0.00e+00	0.00e+00	0.00e+00	1.19e-06	6.34e-07	2.15e-07
 1.91803e+16	2.61e-06	4.55e-03	9.89e-01	6.36e-03	0.00e+00	0.00e+00	0.00e+00	0.00e+00	0.00e+00	1.52e-06	8.08e-07	2.74e-07
 1.95721e+16	3.28e-06	4.93e-03	9.89e-01	5.93e-03	0.00e+00	0.00e+00	0.00e+00	0.00e+00	0.00e+00	1.91e-06	1.01e-06	3.43e-07
 2.00159e+16	4.31e-06	5.43e-03	9.89e-01	5.46e-03	0.00e+00	0.00e+00	0.00e+00	0.00e+00	0.00e+00	2.50e-06	1.33e-06	4.51e-07
 2.04943e+16	5.88e-06	6.09e-03	9.89e-01	4.99e-03	0.00e+00	0.00e+00	0.00e+00	0.00e+00	0.00e+00	3.42e-06	1.82e-06	6.14e-07
 2.09012e+16	7.82e-06	6.77e-03	9.89e-01	4.56e-03	0.00e+00	0.00e+00	0.00e+00	0.00e+00	0.00e+00	4.54e-06	2.42e-06	8.17e-07
 2.12374e+16	1.00e-05	7.45e-03	9.88e-01	4.25e-03	0.00e+00	0.00e+00	0.00e+00	0.00e+00	0.00e+00	5.82e-06	3.09e-06	1.04e-06
 2.15981e+16	1.33e-05	8.33e-03	9.88e-01	3.88e-03	0.00e+00	0.00e+00	0.00e+00	0.00e+00	0.00e+00	7.73e-06	4.11e-06	1.39e-06
 2.19816e+16	1.84e-05	9.50e-03	9.87e-01	3.50e-03	0.00e+00	0.00e+00	0.00e+00	0.00e+00	0.00e+00	1.07e-05	5.68e-06	1.91e-06
 2.22996e+16	2.45e-05	1.07e-02	9.86e-01	3.18e-03	0.00e+00	0.00e+00	0.00e+00	0.00e+00	0.00e+00	1.43e-05	7.57e-06	2.55e-06
 2.25601e+16	3.15e-05	1.19e-02	9.85e-01	2.92e-03	0.00e+00	0.00e+00	0.00e+00	0.00e+00	0.00e+00	1.83e-05	9.72e-06	3.28e-06
 2.28408e+16	4.21e-05	1.36e-02	9.84e-01	2.63e-03	0.00e+00	0.00e+00	0.00e+00	0.00e+00	0.00e+00	2.45e-05	1.30e-05	4.37e-06
 2.30738e+16	5.40e-05	1.52e-02	9.82e-01	2.40e-03	0.00e+00	0.00e+00	0.00e+00	0.00e+00	0.00e+00	3.14e-05	1.66e-05	5.60e-06
 2.31895e+16	6.16e-05	1.62e-02	9.81e-01	2.28e-03	0.00e+00	0.00e+00	0.00e+00	0.00e+00	0.00e+00	3.58e-05	1.90e-05	6.39e-06
 2.32849e+16	6.89e-05	1.71e-02	9.81e-01	2.18e-03	0.00e+00	0.00e+00	0.00e+00	0.00e+00	0.00e+00	4.01e-05	2.13e-05	7.16e-06
 2.34090e+16	8.02e-05	1.83e-02	9.80e-01	2.05e-03	0.00e+00	0.00e+00	0.00e+00	0.00e+00	0.00e+00	4.66e-05	2.47e-05	8.32e-06
 2.35486e+16	9.53e-05	1.99e-02	9.78e-01	1.91e-03	0.00e+00	0.00e+00	0.00e+00	0.00e+00	0.00e+00	5.54e-05	2.94e-05	9.89e-06
 2.36776e+16	1.13e-04	2.16e-02	9.77e-01	1.78e-03	0.00e+00	0.00e+00	0.00e+00	0.00e+00	0.00e+00	6.55e-05	3.47e-05	1.17e-05
 2.37903e+16	1.31e-04	2.32e-02	9.75e-01	1.67e-03	0.00e+00	0.00e+00	0.00e+00	0.00e+00	0.00e+00	7.61e-05	4.03e-05	1.36e-05
 2.39128e+16	1.55e-04	2.53e-02	9.73e-01	1.55e-03	0.00e+00	0.00e+00	0.00e+00	0.00e+00	0.00e+00	9.04e-05	4.79e-05	1.61e-05
 2.40312e+16	1.84e-04	2.76e-02	9.71e-01	1.44e-03	0.00e+00	0.00e+00	0.00e+00	0.00e+00	0.00e+00	1.07e-04	5.67e-05	1.91e-05
 2.41158e+16	2.09e-04	2.94e-02	9.69e-01	1.36e-03	0.00e+00	0.00e+00	0.00e+00	0.00e+00	0.00e+00	1.21e-04	6.43e-05	2.16e-05
 2.41973e+16	2.37e-04	3.14e-02	9.67e-01	1.28e-03	0.00e+00	0.00e+00	0.00e+00	0.00e+00	0.00e+00	1.38e-04	7.31e-05	2.46e-05
 2.42892e+16	2.74e-04	3.38e-02	9.65e-01	1.20e-03	0.00e+00	0.00e+00	0.00e+00	0.00e+00	0.00e+00	1.59e-04	8.45e-05	2.84e-05
 2.43750e+16	3.16e-04	3.64e-02	9.62e-01	1.12e-03	0.00e+00	0.00e+00	0.00e+00	0.00e+00	0.00e+00	1.84e-04	9.72e-05	3.27e-05
 2.44505e+16	3.59e-04	3.89e-02	9.60e-01	1.06e-03	0.00e+00	0.00e+00	0.00e+00	0.00e+00	0.00e+00	2.09e-04	1.10e-04	3.71e-05
 2.45323e+16	4.14e-04	4.19e-02	9.57e-01	9.87e-04	0.00e+00	0.00e+00	0.00e+00	0.00e+00	0.00e+00	2.41e-04	1.27e-04	4.28e-05
 2.46194e+16	4.84e-04	4.55e-02	9.53e-01	9.13e-04	0.00e+00	0.00e+00	0.00e+00	0.00e+00	0.00e+00	2.81e-04	1.49e-04	5.01e-05
 2.46930e+16	5.55e-04	4.90e-02	9.50e-01	8.54e-04	0.00e+00	0.00e+00	0.00e+00	0.00e+00	0.00e+00	3.23e-04	1.71e-04	5.74e-05
