#depth	O	O+	O+2	O+3	O+4	O+5	O+6	O+7	O+8	O[1]	O[2]	O[3]
 1.49634e+10	0.00e+00	0.00e+00	1.90e-30	5.19e-22	2.05e-14	1.05e-07	1.00e+00	0.00e+00	0.00e+00	0.00e+00	0.00e+00	0.00e+00
 4.54887e+10	0.00e+00	1.30e-39	2.65e-30	6.68e-22	2.44e-14	1.14e-07	1.00e+00	6.81e-08	0.00e+00	0.00e+00	0.00e+00	0.00e+00
 7.72350e+10	0.00e+00	0.00e+00	3.69e-30	8.60e-22	2.89e-14	1.25e-07	1.00e+00	0.00e+00	0.00e+00	0.00e+00	0.00e+00	0.00e+00
 1.10251e+11	0.00e+00	2.96e-39	5.15e-30	1.11e-21	3.44e-14	1.36e-07	1.00e+00	0.00e+00	0.00e+00	0.00e+00	0.00e+00	0.00e+00
 1.41982e+11	0.00e+00	0.00e+00	7.01e-30	1.40e-21	4.04e-14	1.48e-07	1.00e+00	0.00e+00	0.00e+00	0.00e+00	0.00e+00	0.00e+00
 1.71435e+11	0.00e+00	6.11e-39	9.24e-30	1.73e-21	4.66e-14	1.59e-07	1.00e+00	0.00e+00	0.00e+00	0.00e+00	0.00e+00	0.00e+00
 2.04671e+11	0.00e+00	0.00e+00	1.25e-29	2.18e-21	5.46e-14	1.72e-07	1.00e+00	0.00e+00	0.00e+00	0.00e+00	0.00e+00	0.00e+00
 2.42785e+11	0.00e+00	1.34e-38	1.74e-29	2.80e-21	6.49e-14	1.88e-07	1.00e+00	0.00e+00	0.00e+00	0.00e+00	0.00e+00	0.00e+00
 2.80453e+11	0.00e+00	0.00e+00	2.40e-29	3.58e-21	7.68e-14	2.05e-07	1.00e+00	0.00e+00	0.00e+00	0.00e+00	0.00e+00	0.00e+00
 3.16784e+11	0.00e+00	2.86e-38	3.22e-29	4.49e-21	8.98e-14	2.23e-07	1.00e+00	0.00e+00	0.00e+00	0.00e+00	0.00e+00	0.00e+00
 3.56537e+11	0.00e+00	0.00e+00	4.41e-29	5.71e-21	1.06e-13	2.42e-07	1.00e+00	0.00e+00	0.00e+00	0.00e+00	0.00e+00	0.00e+00
 4.00726e+11	0.00e+00	6.37e-38	6.16e-29	7.38e-21	1.27e-13	2.65e-07	1.00e+00	0.00e+00	0.00e+00	0.00e+00	0.00e+00	0.00e+00
 4.45484e+11	0.00e+00	0.00e+00	8.54e-29	9.49e-21	1.51e-13	2.90e-07	1.00e+00	0.00e+00	0.00e+00	0.00e+00	0.00e+00	0.00e+00
 4.92032e+11	0.00e+00	1.42e-37	1.18e-28	1.22e-20	1.79e-13	3.18e-07	1.00e+00	0.00e+00	0.00e+00	0.00e+00	0.00e+00	0.00e+00
 5.39980e+11	0.00e+00	0.00e+00	1.64e-28	1.57e-20	2.13e-13	3.48e-07	1.00e+00	0.00e+00	0.00e+00	0.00e+00	0.00e+00	0.00e+00
 5.89845e+11	0.00e+00	3.16e-37	2.26e-28	2.01e-20	2.54e-13	3.81e-07	1.00e+00	0.00e+00	0.00e+00	0.00e+00	0.00e+00	0.00e+00
 6.43366e+11	0.00e+00	0.00e+00	3.16e-28	2.61e-20	3.05e-13	4.18e-07	1.00e+00	0.00e+00	0.00e+00	0.00e+00	0.00e+00	0.00e+00
 6.99027e+11	0.00e+00	7.16e-37	4.41e-28	3.37e-20	3.65e-13	4.60e-07	1.00e+00	0.00e+00	0.00e+00	0.00e+00	0.00e+00	0.00e+00
 7.56915e+11	0.00e+00	0.00e+00	6.15e-28	4.37e-20	4.38e-13	5.05e-07	1.00e+00	0.00e+00	0.00e+00	0.00e+00	0.00e+00	0.00e+00
 8.17118e+11	0.00e+00	1.61e-36	8.58e-28	5.66e-20	5.26e-13	5.56e-07	1.00e+00	0.00e+00	0.00e+00	0.00e+00	0.00e+00	0.00e+00
 8.79730e+11	7.83e-46	2.41e-36	1.19e-27	7.32e-20	6.31e-13	6.12e-07	1.00e+00	0.00e+00	0.00e+00	0.00e+00	0.00e+00	0.00e+00
 9.36482e+11	0.00e+00	0.00e+00	1.59e-27	9.17e-20	7.41e-13	6.66e-07	1.00e+00	0.00e+00	0.00e+00	0.00e+00	0.00e+00	0.00e+00
 9.83974e+11	0.00e+00	4.55e-36	2.01e-27	1.10e-19	8.43e-13	7.13e-07	1.00e+00	0.00e+00	0.00e+00	0.00e+00	0.00e+00	0.00e+00
 1.03609e+12	2.39e-45	6.15e-36	2.58e-27	1.34e-19	9.68e-13	7.67e-07	1.00e+00	0.00e+00	0.00e+00	0.00e+00	0.00e+00	0.00e+00
 1.10182e+12	0.00e+00	0.00e+00	3.48e-27	1.69e-19	1.15e-12	8.39e-07	1.00e+00	0.00e+00	0.00e+00	0.00e+00	0.00e+00	0.00e+00
 1.17024e+12	0.00e+00	1.27e-35	4.70e-27	2.15e-19	1.36e-12	9.19e-07	1.00e+00	0.00e+00	0.00e+00	0.00e+00	0.00e+00	0.00e+00
 1.22888e+12	8.13e-45	1.72e-35	6.03e-27	2.61e-19	1.56e-12	9.90e-07	1.00e+00	0.00e+00	0.00e+00	0.00e+00	0.00e+00	0.00e+00
 1.28980e+12	0.00e+00	0.00e+00	7.73e-27	3.17e-19	1.80e-12	1.07e-06	1.00e+00	0.00e+00	0.00e+00	0.00e+00	0.00e+00	0.00e+00
 1.36568e+12	0.00e+00	3.33e-35	1.04e-26	4.02e-19	2.13e-12	1.17e-06	1.00e+00	0.00e+00	0.00e+00	0.00e+00	0.00e+00	0.00e+00
 1.44254e+12	2.69e-44	4.71e-35	1.39e-26	5.06e-19	2.52e-12	1.28e-06	1.00e+00	0.00e+00	0.00e+00	0.00e+00	0.00e+00	0.00e+00
 1.50949e+12	0.00e+00	6.31e-35	1.77e-26	6.13e-19	2.90e-12	1.38e-06	1.00e+00	0.00e+00	0.00e+00	0.00e+00	0.00e+00	0.00e+00
 1.58204e+12	5.46e-44	8.56e-35	2.29e-26	7.50e-19	3.35e-12	1.49e-06	1.00e+00	0.00e+00	0.00e+00	0.00e+00	0.00e+00	0.00e+00
 1.67047e+12	0.00e+00	1.22e-34	3.08e-26	9.49e-19	3.97e-12	1.63e-06	1.00e+00	0.00e+00	0.00e+00	0.00e+00	0.00e+00	0.00e+00
 1.76051e+12	1.26e-43	1.73e-34	4.11e-26	1.20e-18	4.69e-12	1.79e-06	1.00e+00	0.00e+00	0.00e+00	0.00e+00	0.00e+00	0.00e+00
 1.84304e+12	0.00e+00	2.35e-34	5.31e-26	1.47e-18	5.44e-12	1.94e-06	1.00e+00	0.00e+00	0.00e+00	0.00e+00	0.00e+00	0.00e+00
 1.93485e+12	2.65e-43	3.26e-34	6.98e-26	1.82e-18	6.37e-12	2.11e-06	1.00e+00	0.00e+00	0.00e+00	0.00e+00	0.00e+00	0.00e+00
 2.04144e+12	0.00e+00	4.68e-34	9.46e-26	2.32e-18	7.59e-12	2.32e-06	1.00e+00	0.00e+00	0.00e+00	0.00e+00	0.00e+00	0.00e+00
 2.14671e+12	6.12e-43	6.61e-34	1.26e-25	2.92e-18	8.95e-12	2.54e-06	1.00e+00	0.00e+00	0.00e+00	0.00e+00	0.00e+00	0.00e+00
 2.24745e+12	0.00e+00	9.07e-34	1.64e-25	3.61e-18	1.04e-11	2.76e-06	1.00e+00	0.00e+00	0.00e+00	0.00e+00	0.00e+00	0.00e+00
 2.35854e+12	1.32e-42	1.27e-33	2.18e-25	4.52e-18	1.22e-11	3.01e-06	1.00e+00	0.00e+00	0.00e+00	0.00e+00	0.00e+00	0.00e+00
 2.48280e+12	0.00e+00	1.82e-33	2.94e-25	5.74e-18	1.46e-11	3.31e-06	1.00e+00	0.00e+00	0.00e+00	0.00e+00	0.00e+00	0.00e+00
 2.59572e+12	2.92e-42	2.49e-33	3.83e-25	7.09e-18	1.69e-11	3.59e-06	1.00e+00	0.00e+00	0.00e+00	0.00e+00	0.00e+00	0.00e+00
 2.69064e+12	0.00e+00	3.22e-33	4.74e-25	8.40e-18	1.91e-11	3.84e-06	1.00e+00	0.00e+00	0.00e+00	0.00e+00	0.00e+00	0.00e+00
 2.79498e+12	5.44e-42	4.22e-33	5.96e-25	1.01e-17	2.18e-11	4.12e-06	1.00e+00	0.00e+00	0.00e+00	0.00e+00	0.00e+00	0.00e+00
 2.91276e+12	0.00e+00	5.69e-33	7.65e-25	1.23e-17	2.51e-11	4.45e-06	1.00e+00	0.00e+00	0.00e+00	0.00e+00	0.00e+00	0.00e+00
 3.02551e+12	1.07e-41	7.50e-33	9.63e-25	1.48e-17	2.86e-11	4.78e-06	1.00e+00	0.00e+00	0.00e+00	0.00e+00	0.00e+00	0.00e+00
 3.14959e+12	0.00e+00	1.01e-32	1.23e-24	1.80e-17	3.28e-11	5.15e-06	1.00e+00	0.00e+00	0.00e+00	0.00e+00	0.00e+00	0.00e+00
 3.28741e+12	2.19e-41	1.38e-32	1.60e-24	2.21e-17	3.81e-11	5.59e-06	1.00e+00	0.00e+00	0.00e+00	0.00e+00	0.00e+00	0.00e+00
 3.41655e+12	0.00e+00	1.84e-32	2.04e-24	2.68e-17	4.36e-11	6.01e-06	1.00e+00	0.00e+00	0.00e+00	0.00e+00	0.00e+00	0.00e+00
 3.55788e+12	4.37e-41	2.49e-32	2.62e-24	3.27e-17	5.02e-11	6.49e-06	1.00e+00	0.00e+00	0.00e+00	0.00e+00	0.00e+00	0.00e+00
 3.71682e+12	0.00e+00	3.45e-32	3.45e-24	4.07e-17	5.86e-11	7.06e-06	1.00e+00	0.00e+00	0.00e+00	0.00e+00	0.00e+00	0.00e+00
 3.86863e+12	9.19e-41	4.68e-32	4.44e-24	4.97e-17	6.74e-11	7.62e-06	1.00e+00	0.00e+00	0.00e+00	0.00e+00	0.00e+00	0.00e+00
 4.03518e+12	0.00e+00	6.46e-32	5.81e-24	6.15e-17	7.83e-11	8.26e-06	1.00e+00	0.00e+00	0.00e+00	0.00e+00	0.00e+00	0.00e+00
 4.21178e+12	1.98e-40	8.97e-32	7.65e-24	7.64e-17	9.11e-11	8.97e-06	1.00e+00	0.00e+00	0.00e+00	0.00e+00	0.00e+00	0.00e+00
 4.36627e+12	0.00e+00	1.18e-31	9.65e-24	9.18e-17	1.04e-10	9.61e-06	1.00e+00	0.00e+00	0.00e+00	0.00e+00	0.00e+00	0.00e+00
 4.53114e+12	3.86e-40	1.58e-31	1.23e-23	1.11e-16	1.18e-10	1.03e-05	1.00e+00	0.00e+00	0.00e+00	0.00e+00	0.00e+00	0.00e+00
 4.73177e+12	0.00e+00	2.22e-31	1.63e-23	1.39e-16	1.38e-10	1.12e-05	1.00e+00	0.00e+00	0.00e+00	0.00e+00	0.00e+00	0.00e+00
 4.93161e+12	8.44e-40	3.08e-31	2.14e-23	1.72e-16	1.60e-10	1.22e-05	1.00e+00	0.00e+00	0.00e+00	0.00e+00	0.00e+00	0.00e+00
 5.10785e+12	0.00e+00	4.07e-31	2.69e-23	2.06e-16	1.82e-10	1.30e-05	1.00e+00	0.00e+00	0.00e+00	0.00e+00	0.00e+00	0.00e+00
 5.30070e+12	1.66e-39	5.48e-31	3.45e-23	2.50e-16	2.08e-10	1.40e-05	1.00e+00	0.00e+00	0.00e+00	0.00e+00	0.00e+00	0.00e+00
 5.53286e+12	0.00e+00	7.73e-31	4.58e-23	3.13e-16	2.43e-10	1.52e-05	1.00e+00	0.00e+00	0.00e+00	0.00e+00	0.00e+00	0.00e+00
 5.76520e+12	3.68e-39	1.08e-30	6.04e-23	3.89e-16	2.83e-10	1.65e-05	1.00e+00	0.00e+00	0.00e+00	0.00e+00	0.00e+00	0.00e+00
 5.97640e+12	0.00e+00	1.44e-30	7.70e-23	4.70e-16	3.22e-10	1.77e-05	1.00e+00	0.00e+00	0.00e+00	0.00e+00	0.00e+00	0.00e+00
 6.21105e+12	7.56e-39	1.98e-30	1.00e-22	5.77e-16	3.71e-10	1.91e-05	1.00e+00	0.00e+00	0.00e+00	0.00e+00	0.00e+00	0.00e+00
 6.48551e+12	0.00e+00	2.83e-30	1.34e-22	7.27e-16	4.35e-10	2.08e-05	1.00e+00	0.00e+00	0.00e+00	0.00e+00	0.00e+00	0.00e+00
 6.75646e+12	1.71e-38	3.97e-30	1.78e-22	9.05e-16	5.05e-10	2.25e-05	1.00e+00	0.00e+00	0.00e+00	0.00e+00	0.00e+00	0.00e+00
 7.01230e+12	0.00e+00	5.42e-30	2.30e-22	1.11e-15	5.80e-10	2.42e-05	1.00e+00	0.00e+00	0.00e+00	0.00e+00	0.00e+00	0.00e+00
 7.29678e+12	3.66e-38	7.57e-30	3.03e-22	1.37e-15	6.71e-10	2.62e-05	1.00e+00	0.00e+00	0.00e+00	0.00e+00	0.00e+00	0.00e+00
 7.61857e+12	0.00e+00	1.09e-29	4.08e-22	1.73e-15	7.88e-10	2.85e-05	1.00e+00	0.00e+00	0.00e+00	0.00e+00	0.00e+00	0.00e+00
 7.94166e+12	8.54e-38	1.55e-29	5.47e-22	2.17e-15	9.19e-10	3.09e-05	1.00e+00	0.00e+00	0.00e+00	0.00e+00	0.00e+00	0.00e+00
 8.27767e+12	0.00e+00	2.21e-29	7.32e-22	2.72e-15	1.07e-09	3.36e-05	1.00e+00	0.00e+00	0.00e+00	0.00e+00	0.00e+00	0.00e+00
 8.63870e+12	2.00e-37	3.19e-29	9.89e-22	3.44e-15	1.26e-09	3.65e-05	1.00e+00	0.00e+00	0.00e+00	0.00e+00	0.00e+00	0.00e+00
 9.01418e+12	0.00e+00	4.61e-29	1.34e-21	4.34e-15	1.47e-09	3.97e-05	1.00e+00	0.00e+00	0.00e+00	0.00e+00	0.00e+00	0.00e+00
 9.38360e+12	4.69e-37	6.55e-29	1.78e-21	5.42e-15	1.71e-09	4.30e-05	1.00e+00	0.00e+00	0.00e+00	0.00e+00	0.00e+00	0.00e+00
 9.72705e+12	0.00e+00	8.96e-29	2.31e-21	6.61e-15	1.96e-09	4.61e-05	1.00e+00	0.00e+00	0.00e+00	0.00e+00	0.00e+00	0.00e+00
 1.00370e+13	9.42e-37	1.18e-28	2.89e-21	7.87e-15	2.21e-09	4.91e-05	1.00e+00	0.00e+00	0.00e+00	0.00e+00	0.00e+00	0.00e+00
 1.03692e+13	0.00e+00	1.58e-28	3.66e-21	9.43e-15	2.49e-09	5.23e-05	1.00e+00	0.00e+00	0.00e+00	0.00e+00	0.00e+00	0.00e+00
 1.07831e+13	2.00e-36	2.23e-28	4.86e-21	1.17e-14	2.89e-09	5.65e-05	1.00e+00	0.00e+00	0.00e+00	0.00e+00	0.00e+00	0.00e+00
 1.11982e+13	0.00e+00	3.12e-28	6.40e-21	1.45e-14	3.33e-09	6.09e-05	1.00e+00	0.00e+00	0.00e+00	0.00e+00	0.00e+00	0.00e+00
 1.15547e+13	4.17e-36	4.14e-28	8.05e-21	1.73e-14	3.75e-09	6.47e-05	1.00e+00	0.00e+00	0.00e+00	0.00e+00	0.00e+00	0.00e+00
 1.19402e+13	0.00e+00	5.58e-28	1.02e-20	2.08e-14	4.25e-09	6.90e-05	1.00e+00	0.00e+00	0.00e+00	0.00e+00	0.00e+00	0.00e+00
 1.24162e+13	9.05e-36	7.94e-28	1.37e-20	2.59e-14	4.93e-09	7.45e-05	1.00e+00	0.00e+00	0.00e+00	0.00e+00	0.00e+00	0.00e+00
 1.28925e+13	0.00e+00	1.12e-27	1.80e-20	3.20e-14	5.69e-09	8.02e-05	1.00e+00	0.00e+00	0.00e+00	0.00e+00	0.00e+00	0.00e+00
 1.33037e+13	1.92e-35	1.49e-27	2.28e-20	3.82e-14	6.41e-09	8.53e-05	1.00e+00	0.00e+00	0.00e+00	0.00e+00	0.00e+00	0.00e+00
 1.37478e+13	0.00e+00	2.02e-27	2.91e-20	4.61e-14	7.26e-09	9.09e-05	1.00e+00	0.00e+00	0.00e+00	0.00e+00	0.00e+00	0.00e+00
 1.42938e+13	4.21e-35	2.89e-27	3.89e-20	5.75e-14	8.43e-09	9.81e-05	1.00e+00	0.00e+00	0.00e+00	0.00e+00	0.00e+00	0.00e+00
 1.48448e+13	6.38e-35	4.10e-27	5.16e-20	7.12e-14	9.74e-09	1.06e-04	1.00e+00	0.00e+00	0.00e+00	0.00e+00	0.00e+00	0.00e+00
 1.53328e+13	9.17e-35	5.55e-27	6.59e-20	8.57e-14	1.10e-08	1.13e-04	1.00e+00	0.00e+00	0.00e+00	0.00e+00	0.00e+00	0.00e+00
 1.58664e+13	1.34e-34	7.63e-27	8.53e-20	1.04e-13	1.26e-08	1.20e-04	1.00e+00	0.00e+00	0.00e+00	0.00e+00	0.00e+00	0.00e+00
 1.65063e+13	2.08e-34	1.10e-26	1.15e-19	1.31e-13	1.46e-08	1.30e-04	1.00e+00	0.00e+00	0.00e+00	0.00e+00	0.00e+00	0.00e+00
 1.71441e+13	3.19e-34	1.58e-26	1.53e-19	1.62e-13	1.69e-08	1.40e-04	1.00e+00	0.00e+00	0.00e+00	0.00e+00	0.00e+00	0.00e+00
 1.77249e+13	4.65e-34	2.16e-26	1.97e-19	1.97e-13	1.92e-08	1.49e-04	1.00e+00	0.00e+00	0.00e+00	0.00e+00	0.00e+00	0.00e+00
 1.83722e+13	6.98e-34	3.03e-26	2.59e-19	2.42e-13	2.21e-08	1.60e-04	1.00e+00	0.00e+00	0.00e+00	0.00e+00	0.00e+00	0.00e+00
 1.91278e+13	1.10e-33	4.44e-26	3.52e-19	3.05e-13	2.58e-08	1.73e-04	1.00e+00	0.00e+00	0.00e+00	0.00e+00	0.00e+00	0.00e+00
 1.98725e+13	1.70e-33	6.39e-26	4.72e-19	3.80e-13	2.99e-08	1.87e-04	1.00e+00	0.00e+00	0.00e+00	0.00e+00	0.00e+00	0.00e+00
 2.05772e+13	2.53e-33	8.91e-26	6.17e-19	4.64e-13	3.42e-08	2.00e-04	1.00e+00	0.00e+00	0.00e+00	0.00e+00	0.00e+00	0.00e+00
 2.13604e+13	3.88e-33	1.27e-25	8.21e-19	5.77e-13	3.95e-08	2.15e-04	1.00e+00	0.00e+00	0.00e+00	0.00e+00	0.00e+00	0.00e+00
 2.22448e+13	6.17e-33	1.88e-25	1.12e-18	7.29e-13	4.62e-08	2.33e-04	1.00e+00	0.00e+00	0.00e+00	0.00e+00	0.00e+00	0.00e+00
 2.31330e+13	9.67e-33	2.73e-25	1.52e-18	9.15e-13	5.37e-08	2.51e-04	1.00e+00	0.00e+00	0.00e+00	0.00e+00	0.00e+00	0.00e+00
 2.40567e+13	1.52e-32	3.97e-25	2.05e-18	1.15e-12	6.26e-08	2.71e-04	1.00e+00	0.00e+00	0.00e+00	0.00e+00	0.00e+00	0.00e+00
 2.50489e+13	2.41e-32	5.86e-25	2.80e-18	1.45e-12	7.32e-08	2.93e-04	1.00e+00	0.00e+00	0.00e+00	0.00e+00	0.00e+00	0.00e+00
 2.60096e+13	3.71e-32	8.40e-25	3.74e-18	1.81e-12	8.47e-08	3.16e-04	1.00e+00	0.00e+00	0.00e+00	0.00e+00	0.00e+00	0.00e+00
 2.69130e+13	5.50e-32	1.17e-24	4.87e-18	2.21e-12	9.68e-08	3.38e-04	1.00e+00	0.00e+00	0.00e+00	0.00e+00	0.00e+00	0.00e+00
 2.79237e+13	8.40e-32	1.66e-24	6.48e-18	2.74e-12	1.12e-07	3.63e-04	1.00e+00	0.00e+00	0.00e+00	0.00e+00	0.00e+00	0.00e+00
 2.89424e+13	1.27e-31	2.34e-24	8.54e-18	3.37e-12	1.28e-07	3.90e-04	1.00e+00	0.00e+00	0.00e+00	0.00e+00	0.00e+00	0.00e+00
 2.97883e+13	1.77e-31	3.09e-24	1.07e-17	3.99e-12	1.44e-07	4.13e-04	1.00e+00	0.00e+00	0.00e+00	0.00e+00	0.00e+00	0.00e+00
 3.06836e+13	2.48e-31	4.11e-24	1.34e-17	4.74e-12	1.61e-07	4.37e-04	1.00e+00	0.00e+00	0.00e+00	0.00e+00	0.00e+00	0.00e+00
 3.18284e+13	3.77e-31	5.84e-24	1.78e-17	5.87e-12	1.86e-07	4.71e-04	1.00e+00	0.00e+00	0.00e+00	0.00e+00	0.00e+00	0.00e+00
 3.30293e+13	5.82e-31	8.41e-24	2.40e-17	7.30e-12	2.15e-07	5.07e-04	9.99e-01	0.00e+00	0.00e+00	0.00e+00	0.00e+00	0.00e+00
 3.40916e+13	8.29e-31	1.13e-23	3.03e-17	8.78e-12	2.44e-07	5.39e-04	9.99e-01	0.00e+00	0.00e+00	0.00e+00	0.00e+00	0.00e+00
 3.52419e+13	1.21e-30	1.55e-23	3.92e-17	1.07e-11	2.78e-07	5.76e-04	9.99e-01	0.00e+00	0.00e+00	0.00e+00	0.00e+00	0.00e+00
 3.66248e+13	1.88e-30	2.24e-23	5.27e-17	1.34e-11	3.23e-07	6.23e-04	9.99e-01	0.00e+00	0.00e+00	0.00e+00	0.00e+00	0.00e+00
 3.80257e+13	2.88e-30	3.21e-23	7.05e-17	1.66e-11	3.74e-07	6.71e-04	9.99e-01	0.00e+00	0.00e+00	0.00e+00	0.00e+00	0.00e+00
 3.93377e+13	4.24e-30	4.44e-23	9.16e-17	2.03e-11	4.28e-07	7.19e-04	9.99e-01	0.00e+00	0.00e+00	0.00e+00	0.00e+00	0.00e+00
 4.07962e+13	6.41e-30	6.28e-23	1.21e-16	2.51e-11	4.93e-07	7.73e-04	9.99e-01	0.00e+00	0.00e+00	0.00e+00	0.00e+00	0.00e+00
 4.23419e+13	9.76e-30	8.95e-23	1.62e-16	3.13e-11	5.71e-07	8.34e-04	9.99e-01	0.00e+00	0.00e+00	0.00e+00	0.00e+00	0.00e+00
 4.37160e+13	1.40e-29	1.21e-22	2.07e-16	3.77e-11	6.48e-07	8.89e-04	9.99e-01	0.00e+00	0.00e+00	0.00e+00	0.00e+00	0.00e+00
 4.51947e+13	2.05e-29	1.67e-22	2.67e-16	4.59e-11	7.38e-07	9.51e-04	9.99e-01	0.00e+00	0.00e+00	0.00e+00	0.00e+00	0.00e+00
 4.69660e+13	3.16e-29	2.40e-22	3.60e-16	5.75e-11	8.59e-07	1.03e-03	9.99e-01	0.00e+00	0.00e+00	0.00e+00	0.00e+00	0.00e+00
 4.87092e+13	4.77e-29	3.39e-22	4.77e-16	7.12e-11	9.92e-07	1.11e-03	9.99e-01	0.00e+00	0.00e+00	0.00e+00	0.00e+00	0.00e+00
 5.02623e+13	6.80e-29	4.58e-22	6.08e-16	8.57e-11	1.12e-06	1.18e-03	9.99e-01	0.00e+00	0.00e+00	0.00e+00	0.00e+00	0.00e+00
 5.19770e+13	9.93e-29	6.29e-22	7.87e-16	1.04e-10	1.28e-06	1.26e-03	9.99e-01	0.00e+00	0.00e+00	0.00e+00	0.00e+00	0.00e+00
 5.40201e+13	1.53e-28	9.07e-22	1.06e-15	1.31e-10	1.49e-06	1.37e-03	9.99e-01	0.00e+00	0.00e+00	0.00e+00	0.00e+00	0.00e+00
 5.60484e+13	2.32e-28	1.29e-21	1.41e-15	1.63e-10	1.73e-06	1.47e-03	9.99e-01	0.00e+00	0.00e+00	0.00e+00	0.00e+00	0.00e+00
 5.79046e+13	3.36e-28	1.76e-21	1.81e-15	1.97e-10	1.96e-06	1.58e-03	9.98e-01	0.00e+00	0.00e+00	0.00e+00	0.00e+00	0.00e+00
 5.99788e+13	5.00e-28	2.45e-21	2.38e-15	2.43e-10	2.26e-06	1.69e-03	9.98e-01	0.00e+00	0.00e+00	0.00e+00	0.00e+00	0.00e+00
 6.23891e+13	7.79e-28	3.57e-21	3.22e-15	3.06e-10	2.64e-06	1.83e-03	9.98e-01	0.00e+00	0.00e+00	0.00e+00	0.00e+00	0.00e+00
 6.47546e+13	1.19e-27	5.09e-21	4.30e-15	3.81e-10	3.06e-06	1.98e-03	9.98e-01	0.00e+00	0.00e+00	0.00e+00	0.00e+00	0.00e+00
 6.69940e+13	1.75e-27	7.04e-21	5.60e-15	4.66e-10	3.50e-06	2.12e-03	9.98e-01	0.00e+00	0.00e+00	0.00e+00	0.00e+00	0.00e+00
 6.94829e+13	2.64e-27	9.97e-21	7.43e-15	5.78e-10	4.04e-06	2.28e-03	9.98e-01	0.00e+00	0.00e+00	0.00e+00	0.00e+00	0.00e+00
 7.22921e+13	4.14e-27	1.46e-20	1.01e-14	7.30e-10	4.72e-06	2.48e-03	9.98e-01	0.00e+00	0.00e+00	0.00e+00	0.00e+00	0.00e+00
 7.49598e+13	6.25e-27	2.06e-20	1.34e-14	9.04e-10	5.45e-06	2.67e-03	9.97e-01	0.00e+00	0.00e+00	0.00e+00	0.00e+00	0.00e+00
 7.73902e+13	8.99e-27	2.80e-20	1.71e-14	1.09e-09	6.18e-06	2.84e-03	9.97e-01	0.00e+00	0.00e+00	0.00e+00	0.00e+00	0.00e+00
 8.01387e+13	1.34e-26	3.91e-20	2.25e-14	1.34e-09	7.10e-06	3.05e-03	9.97e-01	0.00e+00	0.00e+00	0.00e+00	0.00e+00	0.00e+00
 8.33411e+13	2.09e-26	5.69e-20	3.05e-14	1.69e-09	8.29e-06	3.31e-03	9.97e-01	0.00e+00	0.00e+00	0.00e+00	0.00e+00	0.00e+00
 8.64155e+13	3.17e-26	8.06e-20	4.05e-14	2.10e-09	9.57e-06	3.56e-03	9.96e-01	0.00e+00	0.00e+00	0.00e+00	0.00e+00	0.00e+00
 8.89617e+13	4.42e-26	1.07e-19	5.07e-14	2.49e-09	1.07e-05	3.77e-03	9.96e-01	0.00e+00	0.00e+00	0.00e+00	0.00e+00	0.00e+00
 9.15389e+13	6.14e-26	1.40e-19	6.34e-14	2.95e-09	1.20e-05	4.00e-03	9.96e-01	0.00e+00	0.00e+00	0.00e+00	0.00e+00	0.00e+00
 9.48704e+13	9.24e-26	1.98e-19	8.38e-14	3.64e-09	1.38e-05	4.30e-03	9.96e-01	0.00e+00	0.00e+00	0.00e+00	0.00e+00	0.00e+00
 9.83174e+13	1.39e-25	2.80e-19	1.11e-13	4.50e-09	1.59e-05	4.62e-03	9.95e-01	0.00e+00	0.00e+00	0.00e+00	0.00e+00	0.00e+00
 1.01238e+14	1.96e-25	3.72e-19	1.39e-13	5.35e-09	1.79e-05	4.90e-03	9.95e-01	0.00e+00	0.00e+00	0.00e+00	0.00e+00	0.00e+00
 1.04341e+14	2.77e-25	4.98e-19	1.76e-13	6.40e-09	2.02e-05	5.21e-03	9.95e-01	0.00e+00	0.00e+00	0.00e+00	0.00e+00	0.00e+00
 1.08231e+14	4.22e-25	7.10e-19	2.35e-13	7.95e-09	2.33e-05	5.60e-03	9.94e-01	0.00e+00	0.00e+00	0.00e+00	0.00e+00	0.00e+00
 1.12241e+14	6.43e-25	1.01e-18	3.12e-13	9.86e-09	2.69e-05	6.03e-03	9.94e-01	0.00e+00	0.00e+00	0.00e+00	0.00e+00	0.00e+00
 1.15772e+14	9.22e-25	1.37e-18	3.98e-13	1.18e-08	3.04e-05	6.42e-03	9.94e-01	0.00e+00	0.00e+00	0.00e+00	0.00e+00	0.00e+00
 1.19586e+14	1.34e-24	1.87e-18	5.13e-13	1.43e-08	3.46e-05	6.85e-03	9.93e-01	0.00e+00	0.00e+00	0.00e+00	0.00e+00	0.00e+00
 1.24192e+14	2.07e-24	2.70e-18	6.90e-13	1.80e-08	4.02e-05	7.39e-03	9.93e-01	0.00e+00	0.00e+00	0.00e+00	0.00e+00	0.00e+00
 1.28760e+14	3.15e-24	3.83e-18	9.16e-13	2.22e-08	4.64e-05	7.95e-03	9.92e-01	0.00e+00	0.00e+00	0.00e+00	0.00e+00	0.00e+00
 1.32817e+14	4.51e-24	5.18e-18	1.17e-12	2.67e-08	5.24e-05	8.46e-03	9.91e-01	0.00e+00	0.00e+00	0.00e+00	0.00e+00	0.00e+00
 1.37277e+14	6.59e-24	7.12e-18	1.51e-12	3.25e-08	5.97e-05	9.04e-03	9.91e-01	0.00e+00	0.00e+00	0.00e+00	0.00e+00	0.00e+00
 1.42608e+14	1.02e-23	1.03e-17	2.04e-12	4.07e-08	6.95e-05	9.77e-03	9.90e-01	0.00e+00	0.00e+00	0.00e+00	0.00e+00	0.00e+00
 1.47904e+14	1.55e-23	1.46e-17	2.71e-12	5.06e-08	8.02e-05	1.05e-02	9.89e-01	0.00e+00	0.00e+00	0.00e+00	0.00e+00	0.00e+00
 1.52719e+14	2.25e-23	2.00e-17	3.48e-12	6.11e-08	9.11e-05	1.12e-02	9.89e-01	0.00e+00	0.00e+00	0.00e+00	0.00e+00	0.00e+00
 1.58078e+14	3.33e-23	2.78e-17	4.55e-12	7.50e-08	1.04e-04	1.20e-02	9.88e-01	0.00e+00	0.00e+00	0.00e+00	0.00e+00	0.00e+00
 1.64344e+14	5.18e-23	4.03e-17	6.16e-12	9.44e-08	1.22e-04	1.30e-02	9.87e-01	0.00e+00	0.00e+00	0.00e+00	0.00e+00	0.00e+00
 1.70510e+14	7.87e-23	5.74e-17	8.20e-12	1.17e-07	1.41e-04	1.40e-02	9.86e-01	0.00e+00	0.00e+00	0.00e+00	0.00e+00	0.00e+00
 1.76296e+14	1.15e-22	7.89e-17	1.06e-11	1.43e-07	1.61e-04	1.50e-02	9.85e-01	0.00e+00	0.00e+00	0.00e+00	0.00e+00	0.00e+00
 1.82750e+14	1.72e-22	1.11e-16	1.40e-11	1.77e-07	1.85e-04	1.62e-02	9.84e-01	0.00e+00	0.00e+00	0.00e+00	0.00e+00	0.00e+00
 1.90090e+14	2.67e-22	1.61e-16	1.90e-11	2.23e-07	2.16e-04	1.75e-02	9.82e-01	0.00e+00	0.00e+00	0.00e+00	0.00e+00	0.00e+00
 1.97403e+14	4.05e-22	2.30e-16	2.54e-11	2.79e-07	2.51e-04	1.89e-02	9.81e-01	0.00e+00	0.00e+00	0.00e+00	0.00e+00	0.00e+00
 2.05008e+14	6.16e-22	3.28e-16	3.40e-11	3.49e-07	2.91e-04	2.05e-02	9.79e-01	0.00e+00	0.00e+00	0.00e+00	0.00e+00	0.00e+00
 2.13011e+14	9.35e-22	4.68e-16	4.56e-11	4.37e-07	3.39e-04	2.22e-02	9.77e-01	0.00e+00	0.00e+00	0.00e+00	0.00e+00	0.00e+00
 2.19760e+14	1.32e-21	6.27e-16	5.80e-11	5.25e-07	3.83e-04	2.36e-02	9.76e-01	0.00e+00	0.00e+00	0.00e+00	0.00e+00	0.00e+00
 2.25032e+14	1.70e-21	7.80e-16	6.94e-11	6.04e-07	4.21e-04	2.48e-02	9.75e-01	0.00e+00	0.00e+00	0.00e+00	0.00e+00	0.00e+00
 2.30764e+14	2.23e-21	9.83e-16	8.40e-11	7.00e-07	4.64e-04	2.62e-02	9.73e-01	0.00e+00	0.00e+00	0.00e+00	0.00e+00	0.00e+00
 2.38216e+14	3.13e-21	1.31e-15	1.07e-10	8.44e-07	5.26e-04	2.80e-02	9.71e-01	0.00e+00	0.00e+00	0.00e+00	0.00e+00	0.00e+00
 2.46284e+14	4.45e-21	1.78e-15	1.38e-10	1.03e-06	5.99e-04	3.00e-02	9.69e-01	0.00e+00	0.00e+00	0.00e+00	0.00e+00	0.00e+00
 2.53553e+14	6.05e-21	2.32e-15	1.71e-10	1.22e-06	6.72e-04	3.19e-02	9.67e-01	0.00e+00	0.00e+00	0.00e+00	0.00e+00	0.00e+00
 2.61399e+14	8.31e-21	3.05e-15	2.16e-10	1.46e-06	7.56e-04	3.40e-02	9.65e-01	0.00e+00	0.00e+00	0.00e+00	0.00e+00	0.00e+00
 2.71166e+14	1.22e-20	4.25e-15	2.84e-10	1.81e-06	8.73e-04	3.68e-02	9.62e-01	0.00e+00	0.00e+00	0.00e+00	0.00e+00	0.00e+00
 2.81000e+14	1.76e-20	5.85e-15	3.72e-10	2.23e-06	1.00e-03	3.96e-02	9.59e-01	0.00e+00	0.00e+00	0.00e+00	0.00e+00	0.00e+00
 2.89519e+14	2.39e-20	7.65e-15	4.65e-10	2.65e-06	1.13e-03	4.22e-02	9.57e-01	0.00e+00	0.00e+00	0.00e+00	0.00e+00	0.00e+00
 2.98756e+14	3.27e-20	1.01e-14	5.87e-10	3.19e-06	1.27e-03	4.52e-02	9.54e-01	0.00e+00	0.00e+00	0.00e+00	0.00e+00	0.00e+00
 3.10072e+14	4.78e-20	1.40e-14	7.76e-10	3.96e-06	1.47e-03	4.89e-02	9.50e-01	0.00e+00	0.00e+00	0.00e+00	0.00e+00	0.00e+00
 3.21522e+14	6.89e-20	1.94e-14	1.02e-09	4.90e-06	1.69e-03	5.28e-02	9.46e-01	0.00e+00	0.00e+00	0.00e+00	0.00e+00	0.00e+00
 3.31734e+14	9.40e-20	2.55e-14	1.29e-09	5.87e-06	1.91e-03	5.64e-02	9.42e-01	0.00e+00	0.00e+00	0.00e+00	0.00e+00	0.00e+00
 3.42905e+14	1.31e-19	3.42e-14	1.65e-09	7.13e-06	2.17e-03	6.05e-02	9.37e-01	0.00e+00	0.00e+00	0.00e+00	0.00e+00	0.00e+00
 3.56219e+14	1.91e-19	4.78e-14	2.19e-09	8.90e-06	2.51e-03	6.56e-02	9.32e-01	0.00e+00	0.00e+00	0.00e+00	0.00e+00	0.00e+00
 3.69371e+14	2.74e-19	6.58e-14	2.87e-09	1.10e-05	2.88e-03	7.08e-02	9.26e-01	0.00e+00	0.00e+00	0.00e+00	0.00e+00	0.00e+00
 3.81287e+14	3.75e-19	8.70e-14	3.63e-09	1.32e-05	3.25e-03	7.57e-02	9.21e-01	0.00e+00	0.00e+00	0.00e+00	0.00e+00	0.00e+00
 3.94540e+14	5.26e-19	1.18e-13	4.68e-09	1.61e-05	3.70e-03	8.13e-02	9.15e-01	0.00e+00	0.00e+00	0.00e+00	0.00e+00	0.00e+00
 4.10087e+14	7.71e-19	1.65e-13	6.25e-09	2.02e-05	4.28e-03	8.81e-02	9.08e-01	0.00e+00	0.00e+00	0.00e+00	0.00e+00	0.00e+00
 4.25395e+14	1.11e-18	2.29e-13	8.22e-09	2.49e-05	4.91e-03	9.51e-02	9.00e-01	0.00e+00	0.00e+00	0.00e+00	0.00e+00	0.00e+00
 4.39667e+14	1.54e-18	3.06e-13	1.05e-08	3.01e-05	5.55e-03	1.02e-01	8.93e-01	0.00e+00	0.00e+00	0.00e+00	0.00e+00	0.00e+00
 4.55635e+14	2.19e-18	4.20e-13	1.37e-08	3.70e-05	6.34e-03	1.09e-01	8.84e-01	0.00e+00	0.00e+00	0.00e+00	0.00e+00	0.00e+00
 4.73890e+14	3.24e-18	5.97e-13	1.84e-08	4.64e-05	7.34e-03	1.18e-01	8.74e-01	0.00e+00	0.00e+00	0.00e+00	0.00e+00	0.00e+00
 4.91929e+14	4.70e-18	8.34e-13	2.44e-08	5.75e-05	8.42e-03	1.27e-01	8.64e-01	0.00e+00	0.00e+00	0.00e+00	0.00e+00	0.00e+00
 5.10690e+14	6.85e-18	1.17e-12	3.23e-08	7.13e-05	9.65e-03	1.37e-01	8.53e-01	0.00e+00	0.00e+00	0.00e+00	0.00e+00	0.00e+00
 5.27732e+14	9.54e-18	1.57e-12	4.14e-08	8.59e-05	1.09e-02	1.46e-01	8.43e-01	0.00e+00	0.00e+00	0.00e+00	0.00e+00	0.00e+00
 5.40483e+14	1.21e-17	1.95e-12	4.95e-08	9.84e-05	1.19e-02	1.53e-01	8.35e-01	0.00e+00	0.00e+00	0.00e+00	0.00e+00	0.00e+00
 5.53677e+14	1.55e-17	2.42e-12	5.93e-08	1.13e-04	1.29e-02	1.60e-01	8.27e-01	0.00e+00	0.00e+00	0.00e+00	0.00e+00	0.00e+00
 5.70831e+14	2.12e-17	3.19e-12	7.47e-08	1.34e-04	1.44e-02	1.70e-01	8.16e-01	0.00e+00	0.00e+00	0.00e+00	0.00e+00	0.00e+00
 5.89473e+14	3.00e-17	4.28e-12	9.51e-08	1.61e-04	1.62e-02	1.80e-01	8.04e-01	0.00e+00	0.00e+00	1.73e-17	9.01e-18	3.02e-18
 6.06351e+14	4.01e-17	5.54e-12	1.18e-07	1.89e-04	1.79e-02	1.89e-01	7.93e-01	0.00e+00	0.00e+00	2.30e-17	1.21e-17	4.05e-18
 6.24590e+14	5.44e-17	7.26e-12	1.47e-07	2.23e-04	1.98e-02	2.00e-01	7.80e-01	0.00e+00	0.00e+00	3.13e-17	1.64e-17	5.48e-18
 6.47612e+14	7.94e-17	1.01e-11	1.93e-07	2.73e-04	2.25e-02	2.13e-01	7.65e-01	0.00e+00	0.00e+00	4.57e-17	2.40e-17	7.96e-18
 6.70796e+14	1.15e-16	1.40e-11	2.51e-07	3.32e-04	2.54e-02	2.26e-01	7.49e-01	0.00e+00	0.00e+00	6.61e-17	3.46e-17	1.15e-17
 6.90390e+14	1.55e-16	1.82e-11	3.12e-07	3.89e-04	2.81e-02	2.37e-01	7.35e-01	0.00e+00	0.00e+00	8.95e-17	4.68e-17	1.55e-17
 7.11371e+14	2.13e-16	2.40e-11	3.90e-07	4.58e-04	3.11e-02	2.49e-01	7.20e-01	0.00e+00	0.00e+00	1.23e-16	6.41e-17	2.12e-17
 7.37710e+14	3.13e-16	3.36e-11	5.11e-07	5.59e-04	3.51e-02	2.63e-01	7.01e-01	0.00e+00	0.00e+00	1.81e-16	9.43e-17	3.11e-17
 7.65326e+14	4.63e-16	4.71e-11	6.72e-07	6.82e-04	3.97e-02	2.78e-01	6.81e-01	0.00e+00	0.00e+00	2.67e-16	1.39e-16	4.58e-17
 7.90329e+14	6.52e-16	6.32e-11	8.51e-07	8.10e-04	4.40e-02	2.92e-01	6.63e-01	0.00e+00	0.00e+00	3.77e-16	1.96e-16	6.43e-17
 8.17622e+14	9.38e-16	8.65e-11	1.09e-06	9.70e-04	4.91e-02	3.06e-01	6.44e-01	0.00e+00	0.00e+00	5.43e-16	2.83e-16	9.24e-17
 8.49724e+14	1.42e-15	1.23e-10	1.45e-06	1.19e-03	5.55e-02	3.22e-01	6.21e-01	0.00e+00	0.00e+00	8.25e-16	4.29e-16	1.40e-16
 8.81065e+14	2.10e-15	1.72e-10	1.89e-06	1.44e-03	6.22e-02	3.38e-01	5.98e-01	0.00e+00	0.00e+00	1.22e-15	6.34e-16	2.06e-16
 9.09831e+14	2.99e-15	2.31e-10	2.39e-06	1.70e-03	6.86e-02	3.51e-01	5.78e-01	0.00e+00	0.00e+00	1.73e-15	9.00e-16	2.92e-16
 9.42264e+14	4.37e-15	3.18e-10	3.07e-06	2.03e-03	7.63e-02	3.66e-01	5.56e-01	0.00e+00	0.00e+00	2.53e-15	1.32e-15	4.27e-16
 9.79822e+14	6.70e-15	4.53e-10	4.07e-06	2.48e-03	8.56e-02	3.82e-01	5.30e-01	0.00e+00	0.00e+00	3.88e-15	2.02e-15	6.54e-16
 1.01662e+15	1.00e-14	6.33e-10	5.29e-06	2.98e-03	9.52e-02	3.96e-01	5.05e-01	0.00e+00	0.00e+00	5.82e-15	3.03e-15	9.78e-16
 1.05154e+15	1.46e-14	8.59e-10	6.71e-06	3.52e-03	1.05e-01	4.09e-01	4.83e-01	0.00e+00	0.00e+00	8.44e-15	4.39e-15	1.42e-15
 1.08212e+15	1.99e-14	1.11e-09	8.21e-06	4.05e-03	1.13e-01	4.20e-01	4.63e-01	0.00e+00	0.00e+00	1.16e-14	6.01e-15	1.94e-15
 1.10749e+15	2.57e-14	1.37e-09	9.65e-06	4.53e-03	1.21e-01	4.27e-01	4.47e-01	0.00e+00	0.00e+00	1.49e-14	7.75e-15	2.50e-15
 1.13541e+15	3.38e-14	1.71e-09	1.15e-05	5.10e-03	1.29e-01	4.36e-01	4.30e-01	0.00e+00	0.00e+00	1.96e-14	1.02e-14	3.28e-15
 1.17171e+15	4.77e-14	2.26e-09	1.42e-05	5.91e-03	1.40e-01	4.45e-01	4.09e-01	0.00e+00	0.00e+00	2.77e-14	1.44e-14	4.63e-15
 1.21001e+15	6.79e-14	3.00e-09	1.77e-05	6.87e-03	1.52e-01	4.54e-01	3.87e-01	0.00e+00	0.00e+00	3.94e-14	2.05e-14	6.59e-15
 1.24292e+15	9.11e-14	3.80e-09	2.13e-05	7.77e-03	1.63e-01	4.61e-01	3.69e-01	0.00e+00	0.00e+00	5.29e-14	2.75e-14	8.85e-15
 1.27772e+15	1.23e-13	4.83e-09	2.56e-05	8.80e-03	1.74e-01	4.67e-01	3.51e-01	0.00e+00	0.00e+00	7.16e-14	3.72e-14	1.20e-14
 1.32297e+15	1.81e-13	6.54e-09	3.22e-05	1.03e-02	1.89e-01	4.73e-01	3.28e-01	0.00e+00	0.00e+00	1.05e-13	5.46e-14	1.75e-14
 1.36954e+15	2.63e-13	8.81e-09	4.05e-05	1.20e-02	2.04e-01	4.78e-01	3.05e-01	0.00e+00	0.00e+00	1.53e-13	7.95e-14	2.55e-14
 1.40831e+15	3.57e-13	1.12e-08	4.85e-05	1.35e-02	2.17e-01	4.81e-01	2.88e-01	0.00e+00	0.00e+00	2.07e-13	1.08e-13	3.46e-14
 1.44917e+15	4.87e-13	1.43e-08	5.84e-05	1.53e-02	2.31e-01	4.83e-01	2.70e-01	0.00e+00	0.00e+00	2.83e-13	1.47e-13	4.72e-14
 1.50173e+15	7.17e-13	1.93e-08	7.33e-05	1.77e-02	2.49e-01	4.84e-01	2.49e-01	0.00e+00	0.00e+00	4.16e-13	2.17e-13	6.95e-14
 1.55699e+15	1.06e-12	2.60e-08	9.21e-05	2.05e-02	2.67e-01	4.84e-01	2.28e-01	0.00e+00	0.00e+00	6.14e-13	3.20e-13	1.02e-13
 1.60523e+15	1.47e-12	3.35e-08	1.11e-04	2.32e-02	2.83e-01	4.82e-01	2.12e-01	0.00e+00	0.00e+00	8.52e-13	4.43e-13	1.42e-13
 1.65683e+15	2.06e-12	4.35e-08	1.35e-04	2.63e-02	3.00e-01	4.79e-01	1.95e-01	0.00e+00	0.00e+00	1.19e-12	6.22e-13	1.99e-13
 1.71973e+15	3.06e-12	5.90e-08	1.70e-04	3.04e-02	3.20e-01	4.73e-01	1.76e-01	0.00e+00	0.00e+00	1.78e-12	9.25e-13	2.97e-13
 1.78219e+15	4.44e-12	7.84e-08	2.11e-04	3.47e-02	3.39e-01	4.66e-01	1.59e-01	0.00e+00	0.00e+00	2.58e-12	1.34e-12	4.31e-13
 1.83734e+15	6.10e-12	1.00e-07	2.53e-04	3.89e-02	3.56e-01	4.59e-01	1.46e-01	0.00e+00	0.00e+00	3.55e-12	1.85e-12	5.92e-13
 1.89811e+15	8.57e-12	1.29e-07	3.06e-04	4.37e-02	3.74e-01	4.50e-01	1.32e-01	0.00e+00	0.00e+00	4.98e-12	2.59e-12	8.31e-13
 1.97112e+15	1.27e-11	1.74e-07	3.82e-04	5.00e-02	3.94e-01	4.38e-01	1.17e-01	0.00e+00	0.00e+00	7.38e-12	3.84e-12	1.23e-12
 2.04057e+15	1.81e-11	2.28e-07	4.66e-04	5.63e-02	4.12e-01	4.26e-01	1.05e-01	0.00e+00	0.00e+00	1.05e-11	5.49e-12	1.76e-12
 2.09887e+15	2.42e-11	2.84e-07	5.48e-04	6.20e-02	4.26e-01	4.16e-01	9.54e-02	0.00e+00	0.00e+00	1.41e-11	7.34e-12	2.35e-12
 2.15147e+15	3.12e-11	3.44e-07	6.30e-04	6.72e-02	4.39e-01	4.06e-01	8.75e-02	0.00e+00	0.00e+00	1.82e-11	9.47e-12	3.03e-12
 2.20914e+15	4.10e-11	4.22e-07	7.30e-04	7.33e-02	4.52e-01	3.95e-01	7.97e-02	0.00e+00	0.00e+00	2.39e-11	1.24e-11	3.99e-12
 2.27332e+15	5.50e-11	5.25e-07	8.56e-04	8.03e-02	4.65e-01	3.82e-01	7.17e-02	0.00e+00	0.00e+00	3.20e-11	1.67e-11	5.34e-12
 2.33363e+15	7.15e-11	6.40e-07	9.88e-04	8.72e-02	4.77e-01	3.70e-01	6.51e-02	0.00e+00	0.00e+00	4.16e-11	2.17e-11	6.95e-12
 2.39967e+15	9.52e-11	7.92e-07	1.15e-03	9.50e-02	4.89e-01	3.57e-01	5.84e-02	0.00e+00	0.00e+00	5.54e-11	2.89e-11	9.25e-12
 2.47225e+15	1.28e-10	9.89e-07	1.35e-03	1.04e-01	5.01e-01	3.42e-01	5.19e-02	0.00e+00	0.00e+00	7.46e-11	3.89e-11	1.25e-11
 2.53945e+15	1.67e-10	1.21e-06	1.56e-03	1.12e-01	5.11e-01	3.29e-01	4.66e-02	0.00e+00	0.00e+00	9.72e-11	5.07e-11	1.63e-11
 2.61298e+15	2.23e-10	1.50e-06	1.82e-03	1.22e-01	5.20e-01	3.14e-01	4.14e-02	0.00e+00	0.00e+00	1.30e-10	6.77e-11	2.17e-11
 2.69442e+15	3.01e-10	1.87e-06	2.13e-03	1.33e-01	5.30e-01	2.99e-01	3.63e-02	0.00e+00	0.00e+00	1.75e-10	9.14e-11	2.93e-11
 2.77126e+15	3.96e-10	2.30e-06	2.47e-03	1.44e-01	5.37e-01	2.84e-01	3.21e-02	0.00e+00	0.00e+00	2.30e-10	1.20e-10	3.85e-11
 2.85628e+15	5.35e-10	2.87e-06	2.89e-03	1.56e-01	5.44e-01	2.69e-01	2.80e-02	0.00e+00	0.00e+00	3.11e-10	1.62e-10	5.21e-11
 2.94897e+15	7.26e-10	3.61e-06	3.41e-03	1.70e-01	5.50e-01	2.52e-01	2.42e-02	0.00e+00	0.00e+00	4.23e-10	2.21e-10	7.08e-11
 3.03277e+15	9.45e-10	4.40e-06	3.92e-03	1.82e-01	5.54e-01	2.38e-01	2.12e-02	0.00e+00	0.00e+00	5.50e-10	2.87e-10	9.22e-11
 3.12285e+15	1.26e-09	5.45e-06	4.56e-03	1.96e-01	5.57e-01	2.24e-01	1.84e-02	0.00e+00	0.00e+00	7.33e-10	3.83e-10	1.23e-10
 3.22276e+15	1.69e-09	6.80e-06	5.33e-03	2.11e-01	5.59e-01	2.08e-01	1.57e-02	0.00e+00	0.00e+00	9.84e-10	5.14e-10	1.65e-10
 3.31645e+15	2.21e-09	8.31e-06	6.15e-03	2.26e-01	5.59e-01	1.95e-01	1.36e-02	0.00e+00	0.00e+00	1.28e-09	6.71e-10	2.16e-10
 3.41926e+15	2.96e-09	1.03e-05	7.17e-03	2.43e-01	5.58e-01	1.80e-01	1.15e-02	0.00e+00	0.00e+00	1.73e-09	9.02e-10	2.90e-10
 3.53135e+15	3.98e-09	1.29e-05	8.39e-03	2.61e-01	5.55e-01	1.66e-01	9.72e-03	0.00e+00	0.00e+00	2.32e-09	1.21e-09	3.90e-10
 3.62825e+15	5.06e-09	1.55e-05	9.56e-03	2.77e-01	5.51e-01	1.54e-01	8.39e-03	0.00e+00	0.00e+00	2.94e-09	1.54e-09	4.97e-10
 3.71301e+15	6.25e-09	1.82e-05	1.07e-02	2.90e-01	5.47e-01	1.44e-01	7.36e-03	0.00e+00	0.00e+00	3.64e-09	1.90e-09	6.14e-10
 3.80918e+15	7.98e-09	2.18e-05	1.21e-02	3.06e-01	5.41e-01	1.34e-01	6.34e-03	0.00e+00	0.00e+00	4.64e-09	2.43e-09	7.84e-10
 3.91786e+15	1.03e-08	2.65e-05	1.39e-02	3.24e-01	5.34e-01	1.23e-01	5.37e-03	0.00e+00	0.00e+00	6.01e-09	3.14e-09	1.02e-09
 4.01923e+15	1.29e-08	3.15e-05	1.58e-02	3.41e-01	5.26e-01	1.13e-01	4.61e-03	0.00e+00	0.00e+00	7.52e-09	3.94e-09	1.27e-09
 4.11232e+15	1.59e-08	3.68e-05	1.76e-02	3.56e-01	5.18e-01	1.05e-01	4.00e-03	0.00e+00	0.00e+00	9.25e-09	4.85e-09	1.57e-09
 4.21821e+15	2.02e-08	4.41e-05	2.00e-02	3.73e-01	5.07e-01	9.62e-02	3.39e-03	0.00e+00	0.00e+00	1.18e-08	6.17e-09	2.00e-09
 4.33392e+15	2.59e-08	5.32e-05	2.28e-02	3.91e-01	4.95e-01	8.74e-02	2.84e-03	0.00e+00	0.00e+00	1.51e-08	7.90e-09	2.56e-09
 4.43909e+15	3.20e-08	6.26e-05	2.56e-02	4.08e-01	4.84e-01	8.01e-02	2.43e-03	0.00e+00	0.00e+00	1.86e-08	9.77e-09	3.17e-09
 4.53547e+15	3.89e-08	7.26e-05	2.85e-02	4.23e-01	4.73e-01	7.37e-02	2.10e-03	0.00e+00	0.00e+00	2.27e-08	1.19e-08	3.85e-09
 4.64369e+15	4.88e-08	8.60e-05	3.20e-02	4.39e-01	4.60e-01	6.71e-02	1.77e-03	0.00e+00	0.00e+00	2.84e-08	1.49e-08	4.83e-09
 4.76455e+15	6.21e-08	1.03e-04	3.65e-02	4.57e-01	4.45e-01	6.03e-02	1.47e-03	0.00e+00	0.00e+00	3.62e-08	1.90e-08	6.16e-09
 4.87734e+15	7.67e-08	1.21e-04	4.10e-02	4.73e-01	4.30e-01	5.45e-02	1.24e-03	0.00e+00	0.00e+00	4.46e-08	2.34e-08	7.61e-09
 4.98337e+15	9.42e-08	1.42e-04	4.58e-02	4.88e-01	4.16e-01	4.95e-02	1.05e-03	0.00e+00	0.00e+00	5.48e-08	2.88e-08	9.35e-09
 5.08917e+15	1.15e-07	1.66e-04	5.10e-02	5.02e-01	4.01e-01	4.48e-02	8.88e-04	0.00e+00	0.00e+00	6.72e-08	3.53e-08	1.15e-08
 5.21071e+15	1.49e-07	2.00e-04	5.80e-02	5.17e-01	3.84e-01	3.98e-02	7.28e-04	0.00e+00	0.00e+00	8.65e-08	4.54e-08	1.48e-08
 5.33960e+15	1.87e-07	2.40e-04	6.60e-02	5.32e-01	3.66e-01	3.52e-02	5.94e-04	0.00e+00	0.00e+00	1.09e-07	5.72e-08	1.86e-08
 5.45287e+15	2.32e-07	2.82e-04	7.40e-02	5.44e-01	3.49e-01	3.14e-02	4.94e-04	0.00e+00	0.00e+00	1.35e-07	7.09e-08	2.31e-08
 5.55877e+15	2.86e-07	3.31e-04	8.25e-02	5.55e-01	3.34e-01	2.82e-02	4.14e-04	0.00e+00	0.00e+00	1.67e-07	8.75e-08	2.85e-08
 5.66260e+15	3.51e-07	3.86e-04	9.19e-02	5.64e-01	3.18e-01	2.52e-02	3.46e-04	0.00e+00	0.00e+00	2.04e-07	1.07e-07	3.51e-08
 5.76423e+15	4.30e-07	4.50e-04	1.02e-01	5.72e-01	3.02e-01	2.25e-02	2.90e-04	0.00e+00	0.00e+00	2.50e-07	1.31e-07	4.29e-08
 5.86461e+15	5.21e-07	5.21e-04	1.13e-01	5.79e-01	2.87e-01	2.01e-02	2.44e-04	0.00e+00	0.00e+00	3.03e-07	1.59e-07	5.20e-08
 5.97907e+15	6.75e-07	6.32e-04	1.28e-01	5.85e-01	2.68e-01	1.75e-02	1.95e-04	0.00e+00	0.00e+00	3.93e-07	2.07e-07	6.76e-08
 6.09352e+15	8.37e-07	7.46e-04	1.44e-01	5.89e-01	2.51e-01	1.52e-02	1.59e-04	0.00e+00	0.00e+00	4.87e-07	2.56e-07	8.38e-08
 6.18752e+15	1.03e-06	8.69e-04	1.60e-01	5.90e-01	2.36e-01	1.35e-02	1.32e-04	0.00e+00	0.00e+00	5.96e-07	3.14e-07	1.03e-07
 6.26512e+15	1.22e-06	9.90e-04	1.74e-01	5.90e-01	2.23e-01	1.21e-02	1.12e-04	0.00e+00	0.00e+00	7.11e-07	3.74e-07	1.22e-07
 6.32829e+15	1.41e-06	1.10e-03	1.87e-01	5.88e-01	2.13e-01	1.11e-02	9.84e-05	0.00e+00	0.00e+00	8.18e-07	4.31e-07	1.41e-07
 6.39687e+15	1.65e-06	1.24e-03	2.02e-01	5.85e-01	2.01e-01	9.98e-03	8.47e-05	0.00e+00	0.00e+00	9.58e-07	5.04e-07	1.65e-07
 6.47385e+15	1.92e-06	1.39e-03	2.20e-01	5.81e-01	1.88e-01	8.88e-03	7.16e-05	0.00e+00	0.00e+00	1.12e-06	5.88e-07	1.93e-07
 6.54934e+15	2.38e-06	1.63e-03	2.41e-01	5.74e-01	1.75e-01	7.81e-03	5.94e-05	0.00e+00	0.00e+00	1.39e-06	7.29e-07	2.39e-07
 6.61416e+15	2.71e-06	1.80e-03	2.60e-01	5.67e-01	1.65e-01	7.01e-03	5.10e-05	0.00e+00	0.00e+00	1.58e-06	8.30e-07	2.72e-07
 6.67749e+15	3.31e-06	2.08e-03	2.81e-01	5.57e-01	1.53e-01	6.19e-03	4.27e-05	0.00e+00	0.00e+00	1.93e-06	1.02e-06	3.33e-07
 6.74224e+15	3.80e-06	2.31e-03	3.03e-01	5.47e-01	1.42e-01	5.49e-03	3.61e-05	0.00e+00	0.00e+00	2.21e-06	1.16e-06	3.82e-07
 6.80882e+15	4.79e-06	2.72e-03	3.30e-01	5.32e-01	1.30e-01	4.72e-03	2.92e-05	0.00e+00	0.00e+00	2.79e-06	1.47e-06	4.82e-07
 6.87254e+15	5.63e-06	3.06e-03	3.56e-01	5.17e-01	1.20e-01	4.12e-03	2.42e-05	0.00e+00	0.00e+00	3.27e-06	1.73e-06	5.67e-07
 6.92385e+15	6.37e-06	3.36e-03	3.78e-01	5.04e-01	1.11e-01	3.66e-03	2.06e-05	0.00e+00	0.00e+00	3.71e-06	1.95e-06	6.42e-07
 6.98186e+15	7.95e-06	3.92e-03	4.09e-01	4.84e-01	1.00e-01	3.12e-03	1.65e-05	0.00e+00	0.00e+00	4.63e-06	2.44e-06	8.02e-07
 7.03896e+15	9.32e-06	4.40e-03	4.37e-01	4.65e-01	9.09e-02	2.68e-03	1.35e-05	0.00e+00	0.00e+00	5.42e-06	2.86e-06	9.40e-07
 7.08745e+15	1.06e-05	4.82e-03	4.63e-01	4.47e-01	8.28e-02	2.33e-03	1.12e-05	0.00e+00	0.00e+00	6.15e-06	3.25e-06	1.07e-06
 7.14307e+15	1.33e-05	5.62e-03	4.97e-01	4.22e-01	7.32e-02	1.93e-03	8.68e-06	0.00e+00	0.00e+00	7.74e-06	4.08e-06	1.34e-06
 7.19741e+15	1.51e-05	6.18e-03	5.28e-01	3.99e-01	6.50e-02	1.63e-03	6.97e-06	0.00e+00	0.00e+00	8.80e-06	4.65e-06	1.53e-06
 7.25008e+15	1.82e-05	7.03e-03	5.61e-01	3.73e-01	5.67e-02	1.33e-03	5.37e-06	0.00e+00	0.00e+00	1.06e-05	5.60e-06	1.84e-06
 7.30567e+15	2.21e-05	8.00e-03	5.97e-01	3.45e-01	4.86e-02	1.07e-03	4.02e-06	0.00e+00	0.00e+00	1.29e-05	6.79e-06	2.24e-06
 7.35301e+15	2.72e-05	9.15e-03	6.29e-01	3.18e-01	4.20e-02	8.60e-04	3.03e-06	0.00e+00	0.00e+00	1.58e-05	8.35e-06	2.76e-06
 7.39239e+15	3.13e-05	1.00e-02	6.55e-01	2.97e-01	3.70e-02	7.18e-04	2.40e-06	0.00e+00	0.00e+00	1.82e-05	9.60e-06	3.17e-06
 7.43349e+15	3.55e-05	1.09e-02	6.81e-01	2.75e-01	3.20e-02	5.88e-04	1.87e-06	0.00e+00	0.00e+00	2.07e-05	1.09e-05	3.60e-06
 7.48691e+15	4.52e-05	1.27e-02	7.17e-01	2.44e-01	2.60e-02	4.34e-04	1.26e-06	0.00e+00	0.00e+00	2.63e-05	1.39e-05	4.60e-06
 7.53856e+15	5.43e-05	1.43e-02	7.48e-01	2.17e-01	2.11e-02	3.26e-04	8.79e-07	0.00e+00	0.00e+00	3.16e-05	1.67e-05	5.52e-06
 7.57309e+15	6.15e-05	1.54e-02	7.67e-01	1.99e-01	1.83e-02	2.67e-04	0.00e+00	0.00e+00	0.00e+00	3.58e-05	1.89e-05	6.26e-06
 7.59841e+15	6.77e-05	1.63e-02	7.81e-01	1.86e-01	1.63e-02	2.28e-04	0.00e+00	0.00e+00	0.00e+00	3.94e-05	2.08e-05	6.89e-06
 7.62654e+15	7.56e-05	1.75e-02	7.96e-01	1.72e-01	1.43e-02	1.89e-04	0.00e+00	0.00e+00	0.00e+00	4.39e-05	2.32e-05	7.70e-06
 7.66312e+15	8.73e-05	1.90e-02	8.15e-01	1.54e-01	1.19e-02	1.47e-04	0.00e+00	0.00e+00	0.00e+00	5.08e-05	2.68e-05	8.91e-06
 7.70072e+15	1.01e-04	2.07e-02	8.31e-01	1.38e-01	9.86e-03	1.13e-04	0.00e+00	0.00e+00	0.00e+00	5.85e-05	3.09e-05	1.03e-05
 7.73201e+15	1.13e-04	2.22e-02	8.44e-01	1.25e-01	8.39e-03	9.04e-05	0.00e+00	0.00e+00	0.00e+00	6.57e-05	3.47e-05	1.15e-05
 7.76506e+15	1.29e-04	2.39e-02	8.57e-01	1.12e-01	6.98e-03	7.00e-05	0.00e+00	0.00e+00	0.00e+00	7.48e-05	3.95e-05	1.31e-05
 7.80181e+15	1.47e-04	2.59e-02	8.69e-01	9.93e-02	5.69e-03	5.28e-05	0.00e+00	0.00e+00	0.00e+00	8.57e-05	4.53e-05	1.51e-05
 7.83651e+15	1.68e-04	2.78e-02	8.79e-01	8.83e-02	4.68e-03	4.02e-05	0.00e+00	0.00e+00	0.00e+00	9.75e-05	5.16e-05	1.72e-05
 7.86942e+15	1.90e-04	2.98e-02	8.87e-01	7.87e-02	3.86e-03	3.08e-05	0.00e+00	0.00e+00	0.00e+00	1.10e-04	5.83e-05	1.94e-05
 7.90686e+15	2.18e-04	3.23e-02	8.96e-01	6.87e-02	3.08e-03	2.25e-05	0.00e+00	0.00e+00	0.00e+00	1.27e-04	6.71e-05	2.24e-05
 7.94689e+15	2.53e-04	3.50e-02	9.03e-01	5.95e-02	2.43e-03	1.61e-05	0.00e+00	0.00e+00	0.00e+00	1.47e-04	7.77e-05	2.59e-05
 7.98201e+15	2.87e-04	3.75e-02	9.08e-01	5.24e-02	1.97e-03	1.20e-05	0.00e+00	0.00e+00	0.00e+00	1.67e-04	8.82e-05	2.94e-05
 8.01940e+15	3.29e-04	4.04e-02	9.12e-01	4.55e-02	1.55e-03	8.62e-06	0.00e+00	0.00e+00	0.00e+00	1.91e-04	1.01e-04	3.38e-05
 8.06023e+15	3.80e-04	4.38e-02	9.15e-01	3.92e-02	1.21e-03	6.08e-06	0.00e+00	0.00e+00	0.00e+00	2.21e-04	1.17e-04	3.91e-05
 8.09693e+15	4.34e-04	4.70e-02	9.17e-01	3.42e-02	9.65e-04	4.42e-06	0.00e+00	0.00e+00	0.00e+00	2.52e-04	1.34e-04	4.46e-05
 8.13070e+15	4.90e-04	5.02e-02	9.18e-01	3.02e-02	7.83e-04	3.29e-06	0.00e+00	0.00e+00	0.00e+00	2.85e-04	1.51e-04	5.04e-05
 8.16928e+15	5.62e-04	5.40e-02	9.19e-01	2.60e-02	6.12e-04	2.32e-06	0.00e+00	0.00e+00	0.00e+00	3.27e-04	1.73e-04	5.79e-05
 8.21142e+15	6.52e-04	5.86e-02	9.18e-01	2.23e-02	4.73e-04	1.60e-06	0.00e+00	0.00e+00	0.00e+00	3.79e-04	2.01e-04	6.72e-05
 8.24915e+15	7.47e-04	6.30e-02	9.17e-01	1.94e-02	3.75e-04	1.15e-06	0.00e+00	0.00e+00	0.00e+00	4.34e-04	2.30e-04	7.69e-05
 8.28345e+15	8.43e-04	6.72e-02	9.15e-01	1.71e-02	3.04e-04	8.51e-07	0.00e+00	0.00e+00	0.00e+00	4.91e-04	2.60e-04	8.69e-05
 8.32235e+15	9.71e-04	7.25e-02	9.12e-01	1.47e-02	2.38e-04	0.00e+00	0.00e+00	0.00e+00	0.00e+00	5.65e-04	2.99e-04	1.00e-04
 8.36493e+15	1.13e-03	7.87e-02	9.07e-01	1.26e-02	1.84e-04	0.00e+00	0.00e+00	0.00e+00	0.00e+00	6.57e-04	3.48e-04	1.16e-04
 8.40306e+15	1.30e-03	8.49e-02	9.03e-01	1.09e-02	1.46e-04	0.00e+00	0.00e+00	0.00e+00	0.00e+00	7.57e-04	4.00e-04	1.34e-04
 8.43739e+15	1.47e-03	9.08e-02	8.98e-01	9.63e-03	1.18e-04	0.00e+00	0.00e+00	0.00e+00	0.00e+00	8.58e-04	4.54e-04	1.52e-04
 8.47596e+15	1.70e-03	9.81e-02	8.92e-01	8.31e-03	9.29e-05	0.00e+00	0.00e+00	0.00e+00	0.00e+00	9.90e-04	5.24e-04	1.76e-04
 8.51830e+15	1.99e-03	1.07e-01	8.84e-01	7.10e-03	7.20e-05	0.00e+00	0.00e+00	0.00e+00	0.00e+00	1.16e-03	6.13e-04	2.06e-04
 8.55627e+15	2.31e-03	1.16e-01	8.76e-01	6.16e-03	5.73e-05	0.00e+00	0.00e+00	0.00e+00	0.00e+00	1.34e-03	7.10e-04	2.38e-04
 8.59023e+15	2.63e-03	1.24e-01	8.68e-01	5.42e-03	4.67e-05	0.00e+00	0.00e+00	0.00e+00	0.00e+00	1.53e-03	8.10e-04	2.72e-04
 8.62824e+15	3.06e-03	1.35e-01	8.58e-01	4.67e-03	3.67e-05	0.00e+00	0.00e+00	0.00e+00	0.00e+00	1.78e-03	9.41e-04	3.16e-04
 8.67015e+15	3.61e-03	1.47e-01	8.45e-01	3.97e-03	2.84e-05	0.00e+00	0.00e+00	0.00e+00	0.00e+00	2.10e-03	1.11e-03	3.73e-04
 8.70827e+15	4.23e-03	1.60e-01	8.32e-01	3.42e-03	2.25e-05	0.00e+00	0.00e+00	0.00e+00	0.00e+00	2.46e-03	1.30e-03	4.37e-04
