#depth	He	He+	He+2
 1.49634e+10	8.65e-21	1.23e-10	1.00e+00
 4.54887e+10	1.02e-20	1.35e-10	1.00e+00
 7.72350e+10	1.18e-20	1.47e-10	1.00e+00
 1.10251e+11	1.37e-20	1.61e-10	1.00e+00
 1.41982e+11	1.58e-20	1.75e-10	1.00e+00
 1.71435e+11	1.79e-20	1.88e-10	1.00e+00
 2.04671e+11	2.05e-20	2.04e-10	1.00e+00
 2.42785e+11	2.39e-20	2.23e-10	1.00e+00
 2.80453e+11	2.76e-20	2.43e-10	1.00e+00
 3.16784e+11	3.15e-20	2.64e-10	1.00e+00
 3.56537e+11	3.62e-20	2.88e-10	1.00e+00
 4.00726e+11	4.21e-20	3.15e-10	1.00e+00
 4.45484e+11	4.87e-20	3.45e-10	1.00e+00
 4.92032e+11	5.62e-20	3.78e-10	1.00e+00
 5.39980e+11	6.49e-20	4.14e-10	1.00e+00
 5.89845e+11	7.47e-20	4.54e-10	1.00e+00
 6.43366e+11	8.64e-20	4.99e-10	1.00e+00
 6.99027e+11	9.98e-20	5.49e-10	1.00e+00
 7.56915e+11	1.15e-19	6.05e-10	1.00e+00
 8.17118e+11	1.33e-19	6.66e-10	1.00e+00
 8.79730e+11	1.53e-19	7.34e-10	1.00e+00
 9.36482e+11	1.73e-19	7.99e-10	1.00e+00
 9.83974e+11	1.90e-19	8.56e-10	1.00e+00
 1.03609e+12	2.10e-19	9.21e-10	1.00e+00
 1.10182e+12	2.38e-19	1.01e-09	1.00e+00
 1.17024e+12	2.71e-19	1.10e-09	1.00e+00
 1.22888e+12	3.00e-19	1.19e-09	1.00e+00
 1.28980e+12	3.32e-19	1.28e-09	1.00e+00
 1.36568e+12	3.76e-19	1.41e-09	1.00e+00
 1.44254e+12	4.26e-19	1.54e-09	1.00e+00
 1.50949e+12	4.72e-19	1.66e-09	1.00e+00
 1.58204e+12	5.24e-19	1.80e-09	1.00e+00
 1.67047e+12	5.95e-19	1.97e-09	1.00e+00
 1.76051e+12	6.73e-19	2.16e-09	1.00e+00
 1.84304e+12	7.51e-19	2.34e-09	1.00e+00
 1.93485e+12	8.45e-19	2.55e-09	1.00e+00
 2.04144e+12	9.66e-19	2.80e-09	1.00e+00
 2.14671e+12	1.10e-18	3.07e-09	1.00e+00
 2.24745e+12	1.24e-18	3.33e-09	1.00e+00
 2.35854e+12	1.41e-18	3.64e-09	1.00e+00
 2.48280e+12	1.62e-18	4.00e-09	1.00e+00
 2.59572e+12	1.83e-18	4.34e-09	1.00e+00
 2.69064e+12	2.03e-18	4.64e-09	1.00e+00
 2.79498e+12	2.27e-18	4.98e-09	1.00e+00
 2.91276e+12	2.56e-18	5.38e-09	1.00e+00
 3.02551e+12	2.87e-18	5.78e-09	1.00e+00
 3.14959e+12	3.25e-18	6.23e-09	1.00e+00
 3.28741e+12	3.71e-18	6.76e-09	1.00e+00
 3.41655e+12	4.19e-18	7.27e-09	1.00e+00
 3.55788e+12	4.77e-18	7.85e-09	1.00e+00
 3.71682e+12	5.51e-18	8.54e-09	1.00e+00
 3.86863e+12	6.29e-18	9.22e-09	1.00e+00
 4.03518e+12	7.24e-18	9.99e-09	1.00e+00
 4.21178e+12	8.38e-18	1.09e-08	1.00e+00
 4.36627e+12	9.49e-18	1.16e-08	1.00e+00
 4.53114e+12	1.08e-17	1.25e-08	1.00e+00
 4.73177e+12	1.26e-17	1.36e-08	1.00e+00
 4.93161e+12	1.45e-17	1.47e-08	1.00e+00
 5.10785e+12	1.65e-17	1.58e-08	1.00e+00
 5.30070e+12	1.88e-17	1.69e-08	1.00e+00
 5.53286e+12	2.20e-17	1.84e-08	1.00e+00
 5.76520e+12	2.56e-17	2.00e-08	1.00e+00
 5.97640e+12	2.92e-17	2.14e-08	1.00e+00
 6.21105e+12	3.36e-17	2.31e-08	1.00e+00
 6.48551e+12	3.95e-17	2.51e-08	1.00e+00
 6.75646e+12	4.61e-17	2.72e-08	1.00e+00
 7.01230e+12	5.30e-17	2.93e-08	1.00e+00
 7.29678e+12	6.15e-17	3.17e-08	1.00e+00
 7.61857e+12	7.25e-17	3.45e-08	1.00e+00
 7.94166e+12	8.48e-17	3.74e-08	1.00e+00
 8.27767e+12	9.93e-17	4.06e-08	1.00e+00
 8.63870e+12	1.17e-16	4.41e-08	1.00e+00
 9.01418e+12	1.38e-16	4.80e-08	1.00e+00
 9.38360e+12	1.61e-16	5.19e-08	1.00e+00
 9.72705e+12	1.84e-16	5.57e-08	1.00e+00
 1.00370e+13	2.08e-16	5.93e-08	1.00e+00
 1.03692e+13	2.36e-16	6.32e-08	1.00e+00
 1.07831e+13	2.74e-16	6.82e-08	1.00e+00
 1.11982e+13	3.18e-16	7.35e-08	1.00e+00
 1.15547e+13	3.58e-16	7.82e-08	1.00e+00
 1.19402e+13	4.07e-16	8.33e-08	1.00e+00
 1.24162e+13	4.73e-16	9.00e-08	1.00e+00
 1.28925e+13	5.47e-16	9.69e-08	1.00e+00
 1.33037e+13	6.18e-16	1.03e-07	1.00e+00
 1.37478e+13	7.01e-16	1.10e-07	1.00e+00
 1.42938e+13	8.16e-16	1.18e-07	1.00e+00
 1.48448e+13	9.44e-16	1.28e-07	1.00e+00
 1.53328e+13	1.07e-15	1.36e-07	1.00e+00
 1.58664e+13	1.22e-15	1.45e-07	1.00e+00
 1.65063e+13	1.42e-15	1.57e-07	1.00e+00
 1.71441e+13	1.65e-15	1.69e-07	1.00e+00
 1.77249e+13	1.87e-15	1.80e-07	1.00e+00
 1.83722e+13	2.15e-15	1.93e-07	1.00e+00
 1.91278e+13	2.52e-15	2.09e-07	1.00e+00
 1.98725e+13	2.92e-15	2.25e-07	1.00e+00
 2.05772e+13	3.34e-15	2.41e-07	1.00e+00
 2.13604e+13	3.85e-15	2.59e-07	1.00e+00
 2.22448e+13	4.51e-15	2.81e-07	1.00e+00
 2.31330e+13	5.25e-15	3.03e-07	1.00e+00
 2.40567e+13	6.11e-15	3.27e-07	1.00e+00
 2.50489e+13	7.15e-15	3.54e-07	1.00e+00
 2.60096e+13	8.28e-15	3.81e-07	1.00e+00
 2.69130e+13	9.45e-15	4.08e-07	1.00e+00
 2.79237e+13	1.09e-14	4.38e-07	1.00e+00
 2.89424e+13	1.25e-14	4.70e-07	1.00e+00
 2.97883e+13	1.40e-14	4.98e-07	1.00e+00
 3.06836e+13	1.58e-14	5.28e-07	1.00e+00
 3.18284e+13	1.82e-14	5.68e-07	1.00e+00
 3.30293e+13	2.10e-14	6.11e-07	1.00e+00
 3.40916e+13	2.38e-14	6.51e-07	1.00e+00
 3.52419e+13	2.71e-14	6.96e-07	1.00e+00
 3.66248e+13	3.16e-14	7.52e-07	1.00e+00
 3.80257e+13	3.66e-14	8.10e-07	1.00e+00
 3.93377e+13	4.18e-14	8.68e-07	1.00e+00
 4.07962e+13	4.83e-14	9.34e-07	1.00e+00
 4.23419e+13	5.60e-14	1.01e-06	1.00e+00
 4.37160e+13	6.35e-14	1.07e-06	1.00e+00
 4.51947e+13	7.24e-14	1.15e-06	1.00e+00
 4.69660e+13	8.43e-14	1.24e-06	1.00e+00
 4.87092e+13	9.74e-14	1.34e-06	1.00e+00
 5.02623e+13	1.10e-13	1.43e-06	1.00e+00
 5.19770e+13	1.26e-13	1.53e-06	1.00e+00
 5.40201e+13	1.47e-13	1.65e-06	1.00e+00
 5.60484e+13	1.70e-13	1.78e-06	1.00e+00
 5.79046e+13	1.93e-13	1.91e-06	1.00e+00
 5.99788e+13	2.22e-13	2.05e-06	1.00e+00
 6.23891e+13	2.59e-13	2.22e-06	1.00e+00
 6.47546e+13	3.00e-13	2.40e-06	1.00e+00
 6.69940e+13	3.43e-13	2.57e-06	1.00e+00
 6.94829e+13	3.96e-13	2.77e-06	1.00e+00
 7.22921e+13	4.62e-13	3.00e-06	1.00e+00
 7.49598e+13	5.32e-13	3.23e-06	1.00e+00
 7.73902e+13	6.02e-13	3.45e-06	1.00e+00
 8.01387e+13	6.89e-13	3.71e-06	1.00e+00
 8.33411e+13	8.02e-13	4.02e-06	1.00e+00
 8.64155e+13	9.21e-13	4.32e-06	1.00e+00
 8.89617e+13	1.03e-12	4.59e-06	1.00e+00
 9.15389e+13	1.15e-12	4.86e-06	1.00e+00
 9.48704e+13	1.32e-12	5.23e-06	1.00e+00
 9.83174e+13	1.51e-12	5.62e-06	1.00e+00
 1.01238e+14	1.68e-12	5.96e-06	1.00e+00
 1.04341e+14	1.89e-12	6.34e-06	1.00e+00
 1.08231e+14	2.16e-12	6.83e-06	1.00e+00
 1.12241e+14	2.48e-12	7.35e-06	1.00e+00
 1.15772e+14	2.78e-12	7.83e-06	1.00e+00
 1.19586e+14	3.14e-12	8.36e-06	1.00e+00
 1.24192e+14	3.62e-12	9.03e-06	1.00e+00
 1.28760e+14	4.14e-12	9.71e-06	1.00e+00
 1.32817e+14	4.64e-12	1.03e-05	1.00e+00
 1.37277e+14	5.24e-12	1.11e-05	1.00e+00
 1.42608e+14	6.04e-12	1.20e-05	1.00e+00
 1.47904e+14	6.91e-12	1.29e-05	1.00e+00
 1.52719e+14	7.77e-12	1.37e-05	1.00e+00
 1.58078e+14	8.83e-12	1.48e-05	1.00e+00
 1.64344e+14	1.02e-11	1.60e-05	1.00e+00
 1.70510e+14	1.17e-11	1.72e-05	1.00e+00
 1.76296e+14	1.32e-11	1.85e-05	1.00e+00
 1.82750e+14	1.51e-11	1.99e-05	1.00e+00
 1.90090e+14	1.75e-11	2.16e-05	1.00e+00
 1.97403e+14	2.02e-11	2.34e-05	1.00e+00
 2.05008e+14	2.33e-11	2.53e-05	1.00e+00
 2.13011e+14	2.70e-11	2.74e-05	1.00e+00
 2.19760e+14	3.04e-11	2.93e-05	1.00e+00
 2.25032e+14	3.33e-11	3.08e-05	1.00e+00
 2.30764e+14	3.66e-11	3.25e-05	1.00e+00
 2.38216e+14	4.15e-11	3.48e-05	1.00e+00
 2.46284e+14	4.72e-11	3.74e-05	1.00e+00
 2.53553e+14	5.29e-11	3.98e-05	1.00e+00
 2.61399e+14	5.97e-11	4.25e-05	1.00e+00
 2.71166e+14	6.91e-11	4.61e-05	1.00e+00
 2.81000e+14	7.97e-11	4.98e-05	1.00e+00
 2.89519e+14	8.98e-11	5.32e-05	1.00e+00
 2.98756e+14	1.02e-10	5.70e-05	1.00e+00
 3.10072e+14	1.19e-10	6.19e-05	1.00e+00
 3.21522e+14	1.38e-10	6.71e-05	1.00e+00
 3.31734e+14	1.57e-10	7.20e-05	1.00e+00
 3.42905e+14	1.80e-10	7.75e-05	1.00e+00
 3.56219e+14	2.11e-10	8.44e-05	1.00e+00
 3.69371e+14	2.46e-10	9.16e-05	1.00e+00
 3.81287e+14	2.82e-10	9.84e-05	1.00e+00
 3.94540e+14	3.26e-10	1.06e-04	1.00e+00
 4.10087e+14	3.84e-10	1.16e-04	1.00e+00
 4.25395e+14	4.49e-10	1.26e-04	1.00e+00
 4.39667e+14	5.17e-10	1.36e-04	1.00e+00
 4.55635e+14	6.03e-10	1.47e-04	1.00e+00
 4.73890e+14	7.14e-10	1.61e-04	1.00e+00
 4.91929e+14	8.39e-10	1.75e-04	1.00e+00
 5.10690e+14	9.87e-10	1.90e-04	1.00e+00
 5.27732e+14	1.14e-09	2.05e-04	1.00e+00
 5.40483e+14	1.26e-09	2.16e-04	1.00e+00
 5.53677e+14	1.40e-09	2.28e-04	1.00e+00
 5.70831e+14	1.60e-09	2.45e-04	1.00e+00
 5.89473e+14	1.84e-09	2.63e-04	1.00e+00
 6.06351e+14	2.08e-09	2.80e-04	1.00e+00
 6.24590e+14	2.36e-09	3.00e-04	1.00e+00
 6.47612e+14	2.77e-09	3.25e-04	1.00e+00
 6.70796e+14	3.22e-09	3.51e-04	1.00e+00
 6.90390e+14	3.65e-09	3.75e-04	1.00e+00
 7.11371e+14	4.15e-09	4.01e-04	1.00e+00
 7.37710e+14	4.86e-09	4.34e-04	1.00e+00
 7.65326e+14	5.70e-09	4.71e-04	1.00e+00
 7.90329e+14	6.55e-09	5.06e-04	9.99e-01
 8.17622e+14	7.59e-09	5.45e-04	9.99e-01
 8.49724e+14	8.97e-09	5.94e-04	9.99e-01
 8.81065e+14	1.05e-08	6.43e-04	9.99e-01
 9.09831e+14	1.20e-08	6.89e-04	9.99e-01
 9.42264e+14	1.40e-08	7.45e-04	9.99e-01
 9.79822e+14	1.66e-08	8.11e-04	9.99e-01
 1.01662e+15	1.94e-08	8.79e-04	9.99e-01
 1.05154e+15	2.24e-08	9.45e-04	9.99e-01
 1.08212e+15	2.54e-08	1.01e-03	9.99e-01
 1.10749e+15	2.80e-08	1.06e-03	9.99e-01
 1.13541e+15	3.11e-08	1.12e-03	9.99e-01
 1.17171e+15	3.56e-08	1.19e-03	9.99e-01
 1.21001e+15	4.08e-08	1.28e-03	9.99e-01
 1.24292e+15	4.58e-08	1.36e-03	9.99e-01
 1.27772e+15	5.14e-08	1.44e-03	9.99e-01
 1.32297e+15	5.96e-08	1.55e-03	9.98e-01
 1.36954e+15	6.90e-08	1.67e-03	9.98e-01
 1.40831e+15	7.75e-08	1.77e-03	9.98e-01
 1.44917e+15	8.75e-08	1.88e-03	9.98e-01
 1.50173e+15	1.02e-07	2.03e-03	9.98e-01
 1.55699e+15	1.18e-07	2.19e-03	9.98e-01
 1.60523e+15	1.34e-07	2.33e-03	9.98e-01
 1.65683e+15	1.53e-07	2.49e-03	9.98e-01
 1.71973e+15	1.79e-07	2.70e-03	9.97e-01
 1.78219e+15	2.07e-07	2.91e-03	9.97e-01
 1.83734e+15	2.35e-07	3.10e-03	9.97e-01
 1.89811e+15	2.68e-07	3.31e-03	9.97e-01
 1.97112e+15	3.14e-07	3.59e-03	9.96e-01
 2.04057e+15	3.62e-07	3.85e-03	9.96e-01
 2.09887e+15	4.06e-07	4.09e-03	9.96e-01
 2.15147e+15	4.50e-07	4.30e-03	9.96e-01
 2.20914e+15	5.02e-07	4.55e-03	9.95e-01
 2.27332e+15	5.66e-07	4.83e-03	9.95e-01
 2.33363e+15	6.29e-07	5.09e-03	9.95e-01
 2.39967e+15	7.07e-07	5.40e-03	9.95e-01
 2.47225e+15	8.00e-07	5.75e-03	9.94e-01
 2.53945e+15	8.93e-07	6.07e-03	9.94e-01
 2.61298e+15	1.01e-06	6.45e-03	9.94e-01
 2.69442e+15	1.14e-06	6.88e-03	9.93e-01
 2.77126e+15	1.28e-06	7.29e-03	9.93e-01
 2.85628e+15	1.46e-06	7.78e-03	9.92e-01
 2.94897e+15	1.66e-06	8.31e-03	9.92e-01
 3.03277e+15	1.86e-06	8.81e-03	9.91e-01
 3.12285e+15	2.10e-06	9.39e-03	9.91e-01
 3.22276e+15	2.39e-06	1.00e-02	9.90e-01
 3.31645e+15	2.69e-06	1.07e-02	9.89e-01
 3.41926e+15	3.07e-06	1.14e-02	9.89e-01
 3.53135e+15	3.50e-06	1.22e-02	9.88e-01
 3.62825e+15	3.91e-06	1.30e-02	9.87e-01
 3.71301e+15	4.30e-06	1.36e-02	9.86e-01
 3.80918e+15	4.81e-06	1.45e-02	9.86e-01
 3.91786e+15	5.42e-06	1.54e-02	9.85e-01
 4.01923e+15	6.02e-06	1.64e-02	9.84e-01
 4.11232e+15	6.64e-06	1.73e-02	9.83e-01
 4.21821e+15	7.44e-06	1.84e-02	9.82e-01
 4.33392e+15	8.38e-06	1.97e-02	9.80e-01
 4.43909e+15	9.29e-06	2.09e-02	9.79e-01
 4.53547e+15	1.02e-05	2.21e-02	9.78e-01
 4.64369e+15	1.14e-05	2.36e-02	9.76e-01
 4.76455e+15	1.29e-05	2.53e-02	9.75e-01
 4.87734e+15	1.43e-05	2.70e-02	9.73e-01
 4.98337e+15	1.59e-05	2.88e-02	9.71e-01
 5.08917e+15	1.77e-05	3.08e-02	9.69e-01
 5.21071e+15	2.01e-05	3.33e-02	9.67e-01
 5.33960e+15	2.28e-05	3.61e-02	9.64e-01
 5.45287e+15	2.56e-05	3.89e-02	9.61e-01
 5.55877e+15	2.86e-05	4.18e-02	9.58e-01
 5.66260e+15	3.20e-05	4.51e-02	9.55e-01
 5.76423e+15	3.58e-05	4.86e-02	9.51e-01
 5.86461e+15	4.00e-05	5.24e-02	9.48e-01
 5.97907e+15	4.61e-05	5.76e-02	9.42e-01
 6.09352e+15	5.26e-05	6.32e-02	9.37e-01
 6.18752e+15	5.92e-05	6.87e-02	9.31e-01
 6.26512e+15	6.55e-05	7.37e-02	9.26e-01
 6.32829e+15	7.13e-05	7.83e-02	9.22e-01
 6.39687e+15	7.85e-05	8.39e-02	9.16e-01
 6.47385e+15	8.72e-05	9.08e-02	9.09e-01
 6.54934e+15	9.84e-05	9.85e-02	9.01e-01
 6.61416e+15	1.08e-04	1.06e-01	8.94e-01
 6.67749e+15	1.21e-04	1.14e-01	8.86e-01
 6.74224e+15	1.33e-04	1.23e-01	8.76e-01
 6.80882e+15	1.52e-04	1.34e-01	8.65e-01
 6.87254e+15	1.69e-04	1.46e-01	8.54e-01
 6.92385e+15	1.86e-04	1.57e-01	8.43e-01
 6.98186e+15	2.11e-04	1.70e-01	8.29e-01
 7.03896e+15	2.35e-04	1.85e-01	8.15e-01
 7.08745e+15	2.59e-04	1.99e-01	8.00e-01
 7.14307e+15	2.95e-04	2.18e-01	7.82e-01
 7.19741e+15	3.30e-04	2.37e-01	7.62e-01
 7.25008e+15	3.73e-04	2.59e-01	7.40e-01
 7.30567e+15	4.25e-04	2.85e-01	7.15e-01
 7.35301e+15	4.79e-04	3.08e-01	6.91e-01
 7.39239e+15	5.26e-04	3.29e-01	6.70e-01
 7.43349e+15	5.80e-04	3.54e-01	6.45e-01
 7.48691e+15	6.68e-04	3.88e-01	6.11e-01
 7.53856e+15	7.55e-04	4.23e-01	5.76e-01
 7.57309e+15	8.17e-04	4.47e-01	5.53e-01
 7.59841e+15	8.68e-04	4.65e-01	5.34e-01
 7.62654e+15	9.29e-04	4.87e-01	5.13e-01
 7.66312e+15	1.01e-03	5.15e-01	4.84e-01
 7.70072e+15	1.10e-03	5.44e-01	4.55e-01
 7.73201e+15	1.18e-03	5.67e-01	4.32e-01
 7.76506e+15	1.27e-03	5.93e-01	4.05e-01
 7.80181e+15	1.38e-03	6.21e-01	3.77e-01
 7.83651e+15	1.47e-03	6.47e-01	3.52e-01
 7.86942e+15	1.57e-03	6.70e-01	3.28e-01
 7.90686e+15	1.69e-03	6.97e-01	3.02e-01
 7.94689e+15	1.82e-03	7.23e-01	2.76e-01
 7.98201e+15	1.93e-03	7.44e-01	2.54e-01
 8.01940e+15	2.06e-03	7.66e-01	2.32e-01
 8.06023e+15	2.19e-03	7.87e-01	2.11e-01
 8.09693e+15	2.32e-03	8.05e-01	1.93e-01
 8.13070e+15	2.44e-03	8.20e-01	1.77e-01
 8.16928e+15	2.59e-03	8.37e-01	1.61e-01
 8.21142e+15	2.74e-03	8.52e-01	1.45e-01
 8.24915e+15	2.89e-03	8.65e-01	1.32e-01
 8.28345e+15	3.03e-03	8.75e-01	1.21e-01
 8.32235e+15	3.20e-03	8.87e-01	1.10e-01
 8.36493e+15	3.38e-03	8.97e-01	9.94e-02
 8.40306e+15	3.56e-03	9.06e-01	9.07e-02
 8.43739e+15	3.73e-03	9.13e-01	8.37e-02
 8.47596e+15	3.93e-03	9.20e-01	7.61e-02
 8.51830e+15	4.16e-03	9.27e-01	6.90e-02
 8.55627e+15	4.38e-03	9.32e-01	6.33e-02
 8.59023e+15	4.59e-03	9.37e-01	5.87e-02
 8.62824e+15	4.86e-03	9.41e-01	5.37e-02
 8.67015e+15	5.17e-03	9.46e-01	4.89e-02
 8.70827e+15	5.47e-03	9.49e-01	4.51e-02
 8.74232e+15	5.77e-03	9.52e-01	4.19e-02
 8.77995e+15	6.14e-03	9.55e-01	3.86e-02
 8.82198e+15	6.58e-03	9.58e-01	3.53e-02
 8.86080e+15	7.06e-03	9.60e-01	3.26e-02
 8.89641e+15	7.53e-03	9.62e-01	3.03e-02
 8.93674e+15	8.14e-03	9.64e-01	2.79e-02
 8.98144e+15	8.91e-03	9.66e-01	2.55e-02
 9.02130e+15	9.74e-03	9.67e-01	2.36e-02
 9.05541e+15	1.05e-02	9.67e-01	2.21e-02
 9.09256e+15	1.15e-02	9.68e-01	2.05e-02
 9.13310e+15	1.28e-02	9.68e-01	1.90e-02
 9.16842e+15	1.41e-02	9.68e-01	1.78e-02
 9.19601e+15	1.54e-02	9.68e-01	1.69e-02
 9.21871e+15	1.65e-02	9.67e-01	1.62e-02
 9.24376e+15	1.79e-02	9.67e-01	1.54e-02
 9.27137e+15	1.97e-02	9.66e-01	1.47e-02
 9.29565e+15	2.16e-02	9.64e-01	1.40e-02
 9.31595e+15	2.34e-02	9.63e-01	1.35e-02
 9.33770e+15	2.56e-02	9.61e-01	1.30e-02
 9.36128e+15	2.83e-02	9.59e-01	1.25e-02
 9.38160e+15	3.12e-02	9.57e-01	1.21e-02
 9.39855e+15	3.39e-02	9.54e-01	1.17e-02
 9.41676e+15	3.72e-02	9.51e-01	1.14e-02
 9.43694e+15	4.14e-02	9.48e-01	1.10e-02
 9.45495e+15	4.60e-02	9.43e-01	1.07e-02
 9.47019e+15	5.04e-02	9.39e-01	1.05e-02
 9.48428e+15	5.51e-02	9.35e-01	1.03e-02
 9.50030e+15	6.10e-02	9.29e-01	1.01e-02
 9.51818e+15	6.88e-02	9.21e-01	9.91e-03
 9.53442e+15	7.73e-02	9.13e-01	9.77e-03
 9.54831e+15	8.57e-02	9.05e-01	9.67e-03
 9.56122e+15	9.46e-02	8.96e-01	9.58e-03
 9.57320e+15	1.04e-01	8.86e-01	9.51e-03
 9.58390e+15	1.13e-01	8.77e-01	9.49e-03
 9.59438e+15	1.24e-01	8.67e-01	9.46e-03
 9.60512e+15	1.35e-01	8.55e-01	9.44e-03
 9.61560e+15	1.48e-01	8.42e-01	9.43e-03
 9.62521e+15	1.61e-01	8.29e-01	9.46e-03
 9.63364e+15	1.74e-01	8.17e-01	9.48e-03
 9.63984e+15	1.83e-01	8.07e-01	9.50e-03
 9.64406e+15	1.90e-01	8.00e-01	9.52e-03
 9.64814e+15	1.97e-01	7.93e-01	9.52e-03
 9.65294e+15	2.06e-01	7.84e-01	9.52e-03
 9.65809e+15	2.16e-01	7.74e-01	9.54e-03
 9.66302e+15	2.26e-01	7.65e-01	9.56e-03
 9.66770e+15	2.35e-01	7.55e-01	9.58e-03
 9.67236e+15	2.46e-01	7.45e-01	9.58e-03
 9.67704e+15	2.56e-01	7.34e-01	9.61e-03
 9.68170e+15	2.67e-01	7.23e-01	9.61e-03
 9.68631e+15	2.78e-01	7.12e-01	9.64e-03
 9.69093e+15	2.90e-01	7.00e-01	9.64e-03
 9.69557e+15	3.02e-01	6.88e-01	9.64e-03
 9.70008e+15	3.15e-01	6.76e-01	9.65e-03
 9.70454e+15	3.27e-01	6.63e-01	9.65e-03
 9.70908e+15	3.41e-01	6.50e-01	9.63e-03
 9.71360e+15	3.54e-01	6.36e-01	9.64e-03
 9.71809e+15	3.68e-01	6.22e-01	9.61e-03
 9.72256e+15	3.82e-01	6.08e-01	9.61e-03
 9.72704e+15	3.97e-01	5.94e-01	9.57e-03
 9.73158e+15	4.12e-01	5.78e-01	9.53e-03
 9.73604e+15	4.27e-01	5.63e-01	9.49e-03
 9.74047e+15	4.43e-01	5.48e-01	9.44e-03
 9.74496e+15	4.59e-01	5.32e-01	9.39e-03
 9.74951e+15	4.75e-01	5.16e-01	9.32e-03
 9.75409e+15	4.92e-01	4.99e-01	9.23e-03
 9.75863e+15	5.08e-01	4.83e-01	9.15e-03
 9.76310e+15	5.25e-01	4.66e-01	9.04e-03
 9.76758e+15	5.41e-01	4.50e-01	8.94e-03
 9.77209e+15	5.57e-01	4.34e-01	8.82e-03
 9.77656e+15	5.74e-01	4.18e-01	8.69e-03
 9.78105e+15	5.90e-01	4.01e-01	8.54e-03
 9.78559e+15	6.06e-01	3.85e-01	8.39e-03
 9.79013e+15	6.22e-01	3.70e-01	8.23e-03
 9.79470e+15	6.38e-01	3.54e-01	8.05e-03
 9.79934e+15	6.54e-01	3.39e-01	7.86e-03
 9.80407e+15	6.69e-01	3.24e-01	7.68e-03
 9.80885e+15	6.84e-01	3.09e-01	7.48e-03
 9.81370e+15	6.98e-01	2.94e-01	7.27e-03
 9.81873e+15	7.13e-01	2.80e-01	7.03e-03
 9.82400e+15	7.27e-01	2.66e-01	6.80e-03
 9.82949e+15	7.41e-01	2.52e-01	6.55e-03
 9.83517e+15	7.55e-01	2.39e-01	6.30e-03
 9.84115e+15	7.68e-01	2.26e-01	6.05e-03
 9.84753e+15	7.80e-01	2.14e-01	5.79e-03
 9.85430e+15	7.92e-01	2.02e-01	5.54e-03
 9.86157e+15	8.04e-01	1.91e-01	5.27e-03
 9.86963e+15	8.14e-01	1.81e-01	5.01e-03
 9.87864e+15	8.25e-01	1.71e-01	4.76e-03
 9.88767e+15	8.33e-01	1.62e-01	4.53e-03
 9.89578e+15	8.40e-01	1.56e-01	4.35e-03
 9.90414e+15	8.45e-01	1.50e-01	4.17e-03
 9.91387e+15	8.51e-01	1.45e-01	4.00e-03
 9.92468e+15	8.56e-01	1.40e-01	3.83e-03
 9.93634e+15	8.60e-01	1.36e-01	3.68e-03
 9.94901e+15	8.64e-01	1.32e-01	3.53e-03
 9.96289e+15	8.68e-01	1.29e-01	3.38e-03
 9.97796e+15	8.71e-01	1.25e-01	3.24e-03
 9.99404e+15	8.75e-01	1.22e-01	3.10e-03
 1.00109e+16	8.77e-01	1.20e-01	2.97e-03
 1.00282e+16	8.80e-01	1.17e-01	2.85e-03
 1.00458e+16	8.83e-01	1.15e-01	2.73e-03
 1.00634e+16	8.85e-01	1.12e-01	2.62e-03
 1.00808e+16	8.88e-01	1.10e-01	2.51e-03
 1.00981e+16	8.90e-01	1.08e-01	2.41e-03
 1.01156e+16	8.92e-01	1.06e-01	2.31e-03
 1.01327e+16	8.94e-01	1.04e-01	2.23e-03
 1.01492e+16	8.96e-01	1.02e-01	2.14e-03
 1.01658e+16	8.98e-01	1.00e-01	2.06e-03
 1.01821e+16	9.00e-01	9.84e-02	1.99e-03
 1.01979e+16	9.01e-01	9.67e-02	1.92e-03
 1.02132e+16	9.03e-01	9.51e-02	1.85e-03
 1.02281e+16	9.05e-01	9.36e-02	1.79e-03
 1.02432e+16	9.06e-01	9.20e-02	1.73e-03
 1.02584e+16	9.08e-01	9.06e-02	1.67e-03
 1.02733e+16	9.09e-01	8.91e-02	1.61e-03
 1.02880e+16	9.11e-01	8.77e-02	1.56e-03
 1.03025e+16	9.12e-01	8.64e-02	1.51e-03
 1.03169e+16	9.13e-01	8.51e-02	1.46e-03
 1.03313e+16	9.15e-01	8.38e-02	1.42e-03
 1.03455e+16	9.16e-01	8.25e-02	1.37e-03
 1.03598e+16	9.17e-01	8.13e-02	1.33e-03
 1.03740e+16	9.19e-01	8.01e-02	1.29e-03
 1.03881e+16	9.20e-01	7.89e-02	1.25e-03
 1.04024e+16	9.21e-01	7.77e-02	1.21e-03
 1.04167e+16	9.22e-01	7.65e-02	1.17e-03
 1.04311e+16	9.23e-01	7.54e-02	1.14e-03
 1.04459e+16	9.25e-01	7.42e-02	1.10e-03
 1.04612e+16	9.26e-01	7.31e-02	1.06e-03
 1.04770e+16	9.27e-01	7.19e-02	1.03e-03
 1.04933e+16	9.28e-01	7.07e-02	9.91e-04
 1.05102e+16	9.30e-01	6.94e-02	9.55e-04
 1.05281e+16	9.31e-01	6.82e-02	9.19e-04
 1.05471e+16	9.32e-01	6.68e-02	8.81e-04
 1.05679e+16	9.34e-01	6.54e-02	8.42e-04
 1.05912e+16	9.35e-01	6.38e-02	8.00e-04
 1.06182e+16	9.37e-01	6.20e-02	7.54e-04
 1.06474e+16	9.39e-01	6.02e-02	7.08e-04
 1.06750e+16	9.41e-01	5.85e-02	6.67e-04
 1.07002e+16	9.42e-01	5.71e-02	6.32e-04
 1.07231e+16	9.44e-01	5.58e-02	6.02e-04
 1.07440e+16	9.45e-01	5.46e-02	5.76e-04
 1.07630e+16	9.46e-01	5.35e-02	5.53e-04
 1.07802e+16	9.47e-01	5.26e-02	5.33e-04
 1.07960e+16	9.48e-01	5.17e-02	5.14e-04
 1.08103e+16	9.49e-01	5.10e-02	4.99e-04
 1.08259e+16	9.49e-01	5.01e-02	4.81e-04
 1.08429e+16	9.50e-01	4.93e-02	4.64e-04
 1.08583e+16	9.51e-01	4.85e-02	4.49e-04
 1.08723e+16	9.52e-01	4.77e-02	4.35e-04
 1.08850e+16	9.52e-01	4.71e-02	4.23e-04
 1.08990e+16	9.53e-01	4.64e-02	4.10e-04
 1.09141e+16	9.54e-01	4.57e-02	3.96e-04
 1.09278e+16	9.55e-01	4.50e-02	3.84e-04
 1.09403e+16	9.55e-01	4.44e-02	3.73e-04
 1.09540e+16	9.56e-01	4.37e-02	3.62e-04
 1.09687e+16	9.57e-01	4.30e-02	3.50e-04
 1.09822e+16	9.57e-01	4.24e-02	3.39e-04
 1.09944e+16	9.58e-01	4.18e-02	3.29e-04
 1.10056e+16	9.58e-01	4.13e-02	3.21e-04
 1.10178e+16	9.59e-01	4.07e-02	3.11e-04
 1.10309e+16	9.60e-01	4.01e-02	3.02e-04
 1.10429e+16	9.60e-01	3.95e-02	2.94e-04
 1.10538e+16	9.61e-01	3.91e-02	2.86e-04
 1.10658e+16	9.61e-01	3.85e-02	2.78e-04
 1.10787e+16	9.62e-01	3.79e-02	2.69e-04
 1.10904e+16	9.62e-01	3.74e-02	2.62e-04
 1.11011e+16	9.63e-01	3.69e-02	2.55e-04
 1.11128e+16	9.63e-01	3.64e-02	2.48e-04
 1.11255e+16	9.64e-01	3.59e-02	2.41e-04
 1.11370e+16	9.64e-01	3.54e-02	2.34e-04
 1.11474e+16	9.65e-01	3.50e-02	2.28e-04
 1.11589e+16	9.65e-01	3.45e-02	2.21e-04
 1.11713e+16	9.66e-01	3.40e-02	2.15e-04
 1.11826e+16	9.66e-01	3.35e-02	2.09e-04
 1.11928e+16	9.67e-01	3.31e-02	2.04e-04
 1.12041e+16	9.67e-01	3.26e-02	1.98e-04
 1.12162e+16	9.68e-01	3.22e-02	1.92e-04
 1.12272e+16	9.68e-01	3.18e-02	1.87e-04
 1.12373e+16	9.68e-01	3.14e-02	1.83e-04
 1.12483e+16	9.69e-01	3.09e-02	1.77e-04
 1.12602e+16	9.69e-01	3.05e-02	1.73e-04
 1.12710e+16	9.70e-01	3.01e-02	1.68e-04
 1.12808e+16	9.70e-01	2.98e-02	1.64e-04
 1.12916e+16	9.70e-01	2.94e-02	1.60e-04
 1.13033e+16	9.71e-01	2.90e-02	1.56e-04
 1.13139e+16	9.71e-01	2.86e-02	1.52e-04
 1.13255e+16	9.72e-01	2.82e-02	1.47e-04
 1.13380e+16	9.72e-01	2.78e-02	1.43e-04
 1.13494e+16	9.72e-01	2.75e-02	1.39e-04
 1.13619e+16	9.73e-01	2.70e-02	1.35e-04
 1.13754e+16	9.73e-01	2.66e-02	1.31e-04
 1.13877e+16	9.74e-01	2.63e-02	1.28e-04
 1.13989e+16	9.74e-01	2.59e-02	1.25e-04
 1.14111e+16	9.74e-01	2.56e-02	1.21e-04
 1.14243e+16	9.75e-01	2.52e-02	1.18e-04
 1.14363e+16	9.75e-01	2.49e-02	1.14e-04
 1.14495e+16	9.75e-01	2.45e-02	1.11e-04
 1.14638e+16	9.76e-01	2.41e-02	1.08e-04
 1.14767e+16	9.76e-01	2.38e-02	1.05e-04
 1.14885e+16	9.76e-01	2.35e-02	1.02e-04
 1.15014e+16	9.77e-01	2.31e-02	9.89e-05
 1.15153e+16	9.77e-01	2.28e-02	9.61e-05
 1.15280e+16	9.77e-01	2.25e-02	9.35e-05
 1.15419e+16	9.78e-01	2.21e-02	9.05e-05
 1.15569e+16	9.78e-01	2.18e-02	8.78e-05
 1.15706e+16	9.78e-01	2.15e-02	8.53e-05
 1.15856e+16	9.79e-01	2.11e-02	8.25e-05
 1.16017e+16	9.79e-01	2.08e-02	7.98e-05
 1.16164e+16	9.79e-01	2.05e-02	7.74e-05
 1.16298e+16	9.80e-01	2.02e-02	7.53e-05
 1.16445e+16	9.80e-01	1.98e-02	7.30e-05
 1.16603e+16	9.80e-01	1.95e-02	7.07e-05
 1.16747e+16	9.81e-01	1.93e-02	6.87e-05
 1.16905e+16	9.81e-01	1.89e-02	6.64e-05
 1.17075e+16	9.81e-01	1.86e-02	6.43e-05
 1.17230e+16	9.82e-01	1.83e-02	6.23e-05
 1.17400e+16	9.82e-01	1.80e-02	6.02e-05
 1.17583e+16	9.82e-01	1.77e-02	5.81e-05
 1.17750e+16	9.83e-01	1.74e-02	5.62e-05
 1.17902e+16	9.83e-01	1.72e-02	5.46e-05
 1.18069e+16	9.83e-01	1.69e-02	5.28e-05
 1.18248e+16	9.83e-01	1.66e-02	5.11e-05
 1.18412e+16	9.84e-01	1.63e-02	4.95e-05
 1.18591e+16	9.84e-01	1.60e-02	4.78e-05
 1.18785e+16	9.84e-01	1.57e-02	4.61e-05
 1.18961e+16	9.84e-01	1.55e-02	4.47e-05
 1.19153e+16	9.85e-01	1.52e-02	4.30e-05
 1.19362e+16	9.85e-01	1.49e-02	4.15e-05
 1.19551e+16	9.85e-01	1.47e-02	4.01e-05
 1.19724e+16	9.86e-01	1.44e-02	3.88e-05
 1.19913e+16	9.86e-01	1.42e-02	3.75e-05
 1.20117e+16	9.86e-01	1.39e-02	3.62e-05
 1.20302e+16	9.86e-01	1.37e-02	3.50e-05
 1.20506e+16	9.87e-01	1.34e-02	3.37e-05
 1.20725e+16	9.87e-01	1.32e-02	3.25e-05
 1.20925e+16	9.87e-01	1.30e-02	3.14e-05
 1.21144e+16	9.87e-01	1.27e-02	3.02e-05
 1.21381e+16	9.88e-01	1.25e-02	2.90e-05
 1.21596e+16	9.88e-01	1.22e-02	2.80e-05
 1.21832e+16	9.88e-01	1.20e-02	2.69e-05
 1.22086e+16	9.88e-01	1.17e-02	2.58e-05
 1.22318e+16	9.88e-01	1.15e-02	2.48e-05
 1.22572e+16	9.89e-01	1.13e-02	2.38e-05
 1.22846e+16	9.89e-01	1.10e-02	2.28e-05
 1.23095e+16	9.89e-01	1.08e-02	2.19e-05
 1.23368e+16	9.89e-01	1.06e-02	2.09e-05
 1.23663e+16	9.90e-01	1.03e-02	2.00e-05
 1.23931e+16	9.90e-01	1.01e-02	1.92e-05
 1.24226e+16	9.90e-01	9.86e-03	1.83e-05
 1.24543e+16	9.90e-01	9.62e-03	1.74e-05
 1.24832e+16	9.91e-01	9.41e-03	1.67e-05
 1.25095e+16	9.91e-01	9.23e-03	1.60e-05
 1.25383e+16	9.91e-01	9.02e-03	1.53e-05
 1.25694e+16	9.91e-01	8.81e-03	1.46e-05
 1.25977e+16	9.91e-01	8.63e-03	1.41e-05
 1.26288e+16	9.92e-01	8.43e-03	1.34e-05
 1.26622e+16	9.92e-01	8.22e-03	1.28e-05
 1.26927e+16	9.92e-01	8.05e-03	1.22e-05
 1.27261e+16	9.92e-01	7.85e-03	1.16e-05
 1.27622e+16	9.92e-01	7.65e-03	1.11e-05
 1.27950e+16	9.93e-01	7.48e-03	1.06e-05
 1.28309e+16	9.93e-01	7.28e-03	1.01e-05
 1.28697e+16	9.93e-01	7.09e-03	9.53e-06
 1.29051e+16	9.93e-01	6.92e-03	9.09e-06
 1.29438e+16	9.93e-01	6.73e-03	8.61e-06
 1.29941e+16	9.93e-01	6.50e-03	8.02e-06
 1.30535e+16	9.94e-01	6.24e-03	7.40e-06
 1.31153e+16	9.94e-01	5.98e-03	6.82e-06
 1.31773e+16	9.94e-01	5.75e-03	6.29e-06
 1.32414e+16	9.94e-01	5.51e-03	5.80e-06
 1.33084e+16	9.95e-01	5.28e-03	5.32e-06
 1.33777e+16	9.95e-01	5.05e-03	4.88e-06
 1.34494e+16	9.95e-01	4.83e-03	4.46e-06
 1.35235e+16	9.95e-01	4.61e-03	4.08e-06
 1.36003e+16	9.96e-01	4.40e-03	3.71e-06
 1.36794e+16	9.96e-01	4.19e-03	3.38e-06
 1.37602e+16	9.96e-01	4.00e-03	3.07e-06
 1.38422e+16	9.96e-01	3.81e-03	2.79e-06
 1.39256e+16	9.96e-01	3.63e-03	2.54e-06
 1.40105e+16	9.97e-01	3.45e-03	2.30e-06
 1.40970e+16	9.97e-01	3.29e-03	2.09e-06
 1.41838e+16	9.97e-01	3.13e-03	1.90e-06
 1.42719e+16	9.97e-01	2.98e-03	1.72e-06
 1.43629e+16	9.97e-01	2.84e-03	1.56e-06
 1.44562e+16	9.97e-01	2.69e-03	1.41e-06
 1.45508e+16	9.97e-01	2.56e-03	1.27e-06
 1.46468e+16	9.98e-01	2.43e-03	1.15e-06
 1.47447e+16	9.98e-01	2.31e-03	1.04e-06
 1.48446e+16	9.98e-01	2.19e-03	9.33e-07
 1.49463e+16	9.98e-01	2.08e-03	8.40e-07
 1.50497e+16	9.98e-01	1.97e-03	7.55e-07
 1.51551e+16	9.98e-01	1.86e-03	6.78e-07
 1.52627e+16	9.98e-01	1.76e-03	6.08e-07
 1.53725e+16	9.98e-01	1.67e-03	5.45e-07
 1.54844e+16	9.98e-01	1.58e-03	4.87e-07
 1.55986e+16	9.99e-01	1.49e-03	4.36e-07
 1.57151e+16	9.99e-01	1.41e-03	3.89e-07
 1.58341e+16	9.99e-01	1.33e-03	3.46e-07
 1.59556e+16	9.99e-01	1.25e-03	3.08e-07
 1.60798e+16	9.99e-01	1.18e-03	2.73e-07
 1.62069e+16	9.99e-01	1.11e-03	2.42e-07
 1.63369e+16	9.99e-01	1.04e-03	2.14e-07
 1.64699e+16	9.99e-01	9.79e-04	1.89e-07
 1.66063e+16	9.99e-01	9.18e-04	1.66e-07
 1.67461e+16	9.99e-01	8.60e-04	1.46e-07
 1.68896e+16	9.99e-01	8.05e-04	1.28e-07
 1.70370e+16	9.99e-01	7.51e-04	1.12e-07
 1.71885e+16	9.99e-01	7.01e-04	9.73e-08
 1.73443e+16	9.99e-01	6.53e-04	8.45e-08
 1.75042e+16	9.99e-01	6.08e-04	7.34e-08
 1.76663e+16	9.99e-01	5.65e-04	6.35e-08
 1.78341e+16	9.99e-01	5.24e-04	5.46e-08
 1.80118e+16	1.00e+00	4.84e-04	4.67e-08
 1.81972e+16	1.00e+00	4.46e-04	3.96e-08
 1.83889e+16	1.00e+00	4.10e-04	3.35e-08
 1.85880e+16	1.00e+00	3.76e-04	2.82e-08
 1.87961e+16	1.00e+00	3.43e-04	2.35e-08
 1.90144e+16	1.00e+00	3.12e-04	1.95e-08
 1.92439e+16	1.00e+00	2.83e-04	1.60e-08
 1.94862e+16	1.00e+00	2.55e-04	1.30e-08
 1.97435e+16	1.00e+00	2.28e-04	1.04e-08
 2.00203e+16	1.00e+00	2.03e-04	8.25e-09
 2.03130e+16	1.00e+00	1.79e-04	6.46e-09
 2.06273e+16	1.00e+00	1.57e-04	4.96e-09
 2.09743e+16	1.00e+00	1.36e-04	3.72e-09
 2.13545e+16	1.00e+00	1.16e-04	2.72e-09
 2.17750e+16	1.00e+00	9.77e-05	1.92e-09
 2.22486e+16	1.00e+00	8.06e-05	1.31e-09
 2.27896e+16	1.00e+00	6.49e-05	8.50e-10
 2.33924e+16	1.00e+00	5.12e-05	5.30e-10
 2.40209e+16	1.00e+00	4.02e-05	3.28e-10
 2.46453e+16	1.00e+00	3.18e-05	2.05e-10
 2.52668e+16	1.00e+00	2.53e-05	1.30e-10
 2.58955e+16	1.00e+00	2.01e-05	8.21e-11
 2.65354e+16	1.00e+00	1.60e-05	5.21e-11
 2.71875e+16	1.00e+00	1.27e-05	3.30e-11
 2.78513e+16	1.00e+00	1.01e-05	2.09e-11
 2.85255e+16	1.00e+00	8.06e-06	1.33e-11
 2.92134e+16	1.00e+00	6.42e-06	8.43e-12
 2.99180e+16	1.00e+00	5.10e-06	5.33e-12
 3.06359e+16	1.00e+00	4.06e-06	3.38e-12
 3.13693e+16	1.00e+00	3.23e-06	2.14e-12
 3.21214e+16	1.00e+00	2.56e-06	1.35e-12
 3.28919e+16	1.00e+00	2.03e-06	8.51e-13
 3.36836e+16	1.00e+00	1.61e-06	5.34e-13
 3.44969e+16	1.00e+00	1.27e-06	3.34e-13
 3.53363e+16	1.00e+00	1.00e-06	2.08e-13
 3.62072e+16	1.00e+00	7.87e-07	1.28e-13
 3.71130e+16	1.00e+00	6.15e-07	7.81e-14
 3.80605e+16	1.00e+00	4.77e-07	4.70e-14
 3.90602e+16	1.00e+00	3.67e-07	2.78e-14
 4.01264e+16	1.00e+00	2.78e-07	1.61e-14
 4.12641e+16	1.00e+00	2.09e-07	9.09e-15
 4.24372e+16	1.00e+00	1.57e-07	5.13e-15
 4.36023e+16	1.00e+00	1.19e-07	2.94e-15
 4.47520e+16	1.00e+00	9.08e-08	1.72e-15
 4.58909e+16	1.00e+00	7.00e-08	1.02e-15
 4.70186e+16	1.00e+00	5.43e-08	6.17e-16
 4.81302e+16	1.00e+00	4.25e-08	3.79e-16
 4.92193e+16	1.00e+00	3.36e-08	2.37e-16
 5.02811e+16	1.00e+00	2.68e-08	1.51e-16
 5.13130e+16	1.00e+00	2.17e-08	9.87e-17
 5.23139e+16	1.00e+00	1.76e-08	6.56e-17
 5.32817e+16	1.00e+00	1.45e-08	4.45e-17
 5.42140e+16	1.00e+00	1.21e-08	3.08e-17
 5.51093e+16	1.00e+00	1.01e-08	2.17e-17
 5.59679e+16	1.00e+00	8.59e-09	1.56e-17
 5.67902e+16	1.00e+00	7.35e-09	1.14e-17
 5.75764e+16	1.00e+00	6.34e-09	8.53e-18
 5.83269e+16	1.00e+00	5.52e-09	6.46e-18
 5.90426e+16	1.00e+00	4.84e-09	4.98e-18
 5.97248e+16	1.00e+00	4.27e-09	3.89e-18
 6.03747e+16	1.00e+00	3.80e-09	3.08e-18
 6.09934e+16	1.00e+00	3.41e-09	2.47e-18
 6.15820e+16	1.00e+00	3.07e-09	2.01e-18
 6.21418e+16	1.00e+00	2.78e-09	1.65e-18
 6.26743e+16	1.00e+00	2.54e-09	1.38e-18
 6.31806e+16	1.00e+00	2.32e-09	1.16e-18
 6.36622e+16	1.00e+00	2.14e-09	9.82e-19
 6.41200e+16	1.00e+00	1.98e-09	8.41e-19
 6.45555e+16	1.00e+00	1.84e-09	7.26e-19
 6.49698e+16	1.00e+00	1.72e-09	6.32e-19
 6.53640e+16	1.00e+00	1.61e-09	5.54e-19
 6.57391e+16	1.00e+00	1.51e-09	4.90e-19
 6.60959e+16	1.00e+00	1.42e-09	4.35e-19
 6.64356e+16	1.00e+00	1.34e-09	3.89e-19
 6.67593e+16	1.00e+00	1.28e-09	3.50e-19
 6.70679e+16	1.00e+00	1.21e-09	3.17e-19
 6.73622e+16	1.00e+00	1.16e-09	2.88e-19
 6.76429e+16	1.00e+00	1.10e-09	2.63e-19
 6.79109e+16	1.00e+00	1.06e-09	2.41e-19
 6.81669e+16	1.00e+00	1.01e-09	2.22e-19
 6.84118e+16	1.00e+00	9.76e-10	2.06e-19
 6.86461e+16	1.00e+00	9.40e-10	1.91e-19
 6.88706e+16	1.00e+00	9.07e-10	1.78e-19
 6.90859e+16	1.00e+00	8.76e-10	1.66e-19
 6.92927e+16	1.00e+00	8.48e-10	1.56e-19
 6.94916e+16	1.00e+00	8.22e-10	1.46e-19
 6.96832e+16	1.00e+00	7.97e-10	1.38e-19
 6.98681e+16	1.00e+00	7.74e-10	1.30e-19
 7.00468e+16	1.00e+00	7.53e-10	1.23e-19
 7.02199e+16	1.00e+00	7.32e-10	1.16e-19
 7.03880e+16	1.00e+00	7.13e-10	1.10e-19
 7.05518e+16	1.00e+00	6.95e-10	1.05e-19
 7.07118e+16	1.00e+00	6.78e-10	9.97e-20
 7.08686e+16	1.00e+00	6.62e-10	9.50e-20
 7.10229e+16	1.00e+00	6.46e-10	9.06e-20
 7.11754e+16	1.00e+00	6.31e-10	8.64e-20
 7.13268e+16	1.00e+00	6.16e-10	8.24e-20
 7.14781e+16	1.00e+00	6.02e-10	7.87e-20
 7.16301e+16	1.00e+00	5.88e-10	7.51e-20
 7.17841e+16	1.00e+00	5.74e-10	7.16e-20
 7.19411e+16	1.00e+00	5.60e-10	6.82e-20
 7.21030e+16	1.00e+00	5.46e-10	6.49e-20
 7.22716e+16	1.00e+00	5.32e-10	6.16e-20
 7.24495e+16	1.00e+00	5.18e-10	5.83e-20
 7.26401e+16	1.00e+00	5.03e-10	5.50e-20
 7.28476e+16	1.00e+00	4.87e-10	5.16e-20
 7.30782e+16	1.00e+00	4.70e-10	4.80e-20
 7.33406e+16	1.00e+00	4.51e-10	4.43e-20
 7.36478e+16	1.00e+00	4.30e-10	4.03e-20
 7.40198e+16	1.00e+00	4.06e-10	3.59e-20
 7.44882e+16	1.00e+00	3.77e-10	3.11e-20
 7.50938e+16	1.00e+00	3.44e-10	2.58e-20
 7.58810e+16	1.00e+00	3.05e-10	2.03e-20
 7.69043e+16	1.00e+00	2.61e-10	1.50e-20
 7.82347e+16	1.00e+00	2.14e-10	1.01e-20
 7.99642e+16	1.00e+00	1.66e-10	6.10e-21
 8.22126e+16	1.00e+00	1.21e-10	0.00e+00
 8.49044e+16	1.00e+00	8.35e-11	0.00e+00
 8.77465e+16	1.00e+00	5.74e-11	0.00e+00
 9.05886e+16	1.00e+00	3.98e-11	0.00e+00
 9.35746e+16	1.00e+00	2.73e-11	0.00e+00
 9.67045e+16	1.00e+00	1.87e-11	0.00e+00
 9.98345e+16	1.00e+00	1.29e-11	0.00e+00
 1.02964e+17	1.00e+00	8.98e-12	0.00e+00
 1.06094e+17	1.00e+00	6.32e-12	0.00e+00
 1.09224e+17	1.00e+00	4.49e-12	0.00e+00
 1.12354e+17	1.00e+00	3.22e-12	0.00e+00
 1.15484e+17	1.00e+00	2.33e-12	0.00e+00
 1.18614e+17	1.00e+00	1.71e-12	0.00e+00
 1.21744e+17	1.00e+00	1.26e-12	0.00e+00
 1.24874e+17	1.00e+00	9.39e-13	0.00e+00
 1.28004e+17	1.00e+00	7.07e-13	0.00e+00
 1.31533e+17	1.00e+00	5.17e-13	0.00e+00
 1.35535e+17	1.00e+00	3.68e-13	0.00e+00
 1.40226e+17	1.00e+00	2.52e-13	0.00e+00
 1.45735e+17	1.00e+00	1.65e-13	0.00e+00
 1.50984e+17	1.00e+00	1.12e-13	0.00e+00
 1.54744e+17	1.00e+00	8.84e-14	0.00e+00
 1.56733e+17	1.00e+00	8.00e-14	0.00e+00
 1.57687e+17	1.00e+00	7.67e-14	0.00e+00
 1.58221e+17	1.00e+00	7.50e-14	0.00e+00
 1.58542e+17	1.00e+00	7.39e-14	0.00e+00
 1.58760e+17	1.00e+00	7.32e-14	0.00e+00
 1.58984e+17	1.00e+00	7.24e-14	0.00e+00
 1.59262e+17	1.00e+00	7.14e-14	0.00e+00
 1.59547e+17	1.00e+00	7.04e-14	0.00e+00
 1.59800e+17	1.00e+00	6.96e-14	0.00e+00
 1.60031e+17	1.00e+00	6.88e-14	0.00e+00
 1.60236e+17	1.00e+00	6.81e-14	0.00e+00
 1.60429e+17	1.00e+00	6.74e-14	0.00e+00
 1.60622e+17	1.00e+00	6.67e-14	0.00e+00
 1.60802e+17	1.00e+00	6.61e-14	0.00e+00
 1.60970e+17	1.00e+00	6.56e-14	0.00e+00
 1.61127e+17	1.00e+00	6.50e-14	0.00e+00
 1.61271e+17	1.00e+00	6.45e-14	0.00e+00
 1.61411e+17	1.00e+00	6.40e-14	0.00e+00
 1.61548e+17	1.00e+00	6.36e-14	0.00e+00
 1.61681e+17	1.00e+00	6.31e-14	0.00e+00
 1.61812e+17	1.00e+00	6.27e-14	0.00e+00
 1.61930e+17	1.00e+00	6.23e-14	0.00e+00
 1.62040e+17	1.00e+00	6.19e-14	0.00e+00
 1.62146e+17	1.00e+00	6.16e-14	0.00e+00
 1.62251e+17	1.00e+00	6.12e-14	0.00e+00
 1.62356e+17	1.00e+00	6.08e-14	0.00e+00
 1.62459e+17	1.00e+00	6.05e-14	0.00e+00
 1.62559e+17	1.00e+00	6.01e-14	0.00e+00
 1.62652e+17	1.00e+00	5.98e-14	0.00e+00
 1.62740e+17	1.00e+00	5.96e-14	0.00e+00
 1.62830e+17	1.00e+00	5.92e-14	0.00e+00
 1.62925e+17	1.00e+00	5.89e-14	0.00e+00
 1.63016e+17	1.00e+00	5.85e-14	0.00e+00
 1.63103e+17	1.00e+00	5.83e-14	0.00e+00
 1.63190e+17	1.00e+00	5.80e-14	0.00e+00
 1.63278e+17	1.00e+00	5.76e-14	0.00e+00
 1.63364e+17	1.00e+00	5.73e-14	0.00e+00
 1.63446e+17	1.00e+00	5.71e-14	0.00e+00
 1.63533e+17	1.00e+00	5.68e-14	0.00e+00
 1.63623e+17	1.00e+00	5.64e-14	0.00e+00
 1.63712e+17	1.00e+00	5.61e-14	0.00e+00
 1.63797e+17	1.00e+00	5.58e-14	0.00e+00
 1.63885e+17	1.00e+00	5.55e-14	0.00e+00
 1.63977e+17	1.00e+00	5.51e-14	0.00e+00
 1.64068e+17	1.00e+00	5.48e-14	0.00e+00
 1.64157e+17	1.00e+00	5.45e-14	0.00e+00
 1.64252e+17	1.00e+00	5.41e-14	0.00e+00
 1.64351e+17	1.00e+00	5.37e-14	0.00e+00
 1.64452e+17	1.00e+00	5.33e-14	0.00e+00
 1.64558e+17	1.00e+00	5.30e-14	0.00e+00
 1.64668e+17	1.00e+00	5.25e-14	0.00e+00
 1.64772e+17	1.00e+00	5.22e-14	0.00e+00
 1.64871e+17	1.00e+00	5.18e-14	0.00e+00
 1.64976e+17	1.00e+00	5.14e-14	0.00e+00
 1.65089e+17	1.00e+00	5.10e-14	0.00e+00
 1.65205e+17	1.00e+00	5.06e-14	0.00e+00
 1.65322e+17	1.00e+00	5.02e-14	0.00e+00
 1.65445e+17	1.00e+00	4.97e-14	0.00e+00
 1.65577e+17	1.00e+00	4.92e-14	0.00e+00
 1.65704e+17	1.00e+00	4.87e-14	0.00e+00
 1.65829e+17	1.00e+00	4.83e-14	0.00e+00
 1.65961e+17	1.00e+00	4.78e-14	0.00e+00
 1.66102e+17	1.00e+00	4.73e-14	0.00e+00
 1.66247e+17	1.00e+00	4.68e-14	0.00e+00
 1.66395e+17	1.00e+00	4.63e-14	0.00e+00
 1.66544e+17	1.00e+00	4.57e-14	0.00e+00
 1.66692e+17	1.00e+00	4.52e-14	0.00e+00
 1.66847e+17	1.00e+00	4.47e-14	0.00e+00
 1.67015e+17	1.00e+00	4.41e-14	0.00e+00
 1.67190e+17	1.00e+00	4.35e-14	0.00e+00
 1.67366e+17	1.00e+00	4.29e-14	0.00e+00
 1.67542e+17	1.00e+00	4.23e-14	0.00e+00
 1.67721e+17	1.00e+00	4.17e-14	0.00e+00
 1.67907e+17	1.00e+00	4.10e-14	0.00e+00
 1.68104e+17	1.00e+00	4.04e-14	0.00e+00
 1.68310e+17	1.00e+00	3.97e-14	0.00e+00
 1.68518e+17	1.00e+00	3.90e-14	0.00e+00
 1.68721e+17	1.00e+00	3.84e-14	0.00e+00
 1.68939e+17	1.00e+00	3.77e-14	0.00e+00
 1.69179e+17	1.00e+00	3.69e-14	0.00e+00
 1.69423e+17	1.00e+00	3.61e-14	0.00e+00
 1.69662e+17	1.00e+00	3.54e-14	0.00e+00
 1.69898e+17	1.00e+00	3.47e-14	0.00e+00
 1.70147e+17	1.00e+00	3.39e-14	0.00e+00
 1.70414e+17	1.00e+00	3.31e-14	0.00e+00
 1.70691e+17	1.00e+00	3.23e-14	0.00e+00
 1.70966e+17	1.00e+00	3.15e-14	0.00e+00
 1.71239e+17	1.00e+00	3.07e-14	0.00e+00
 1.71524e+17	1.00e+00	2.99e-14	0.00e+00
 1.71829e+17	1.00e+00	2.91e-14	0.00e+00
 1.72145e+17	1.00e+00	2.82e-14	0.00e+00
 1.72461e+17	1.00e+00	2.74e-14	0.00e+00
 1.72770e+17	1.00e+00	2.66e-14	0.00e+00
 1.73090e+17	1.00e+00	2.58e-14	0.00e+00
 1.73438e+17	1.00e+00	2.50e-14	0.00e+00
 1.73809e+17	1.00e+00	2.41e-14	0.00e+00
 1.74188e+17	1.00e+00	2.31e-14	0.00e+00
 1.74552e+17	1.00e+00	2.23e-14	0.00e+00
 1.74908e+17	1.00e+00	2.15e-14	0.00e+00
 1.75285e+17	1.00e+00	2.07e-14	0.00e+00
 1.75709e+17	1.00e+00	1.98e-14	0.00e+00
 1.76155e+17	1.00e+00	1.89e-14	0.00e+00
 1.76576e+17	1.00e+00	1.81e-14	0.00e+00
 1.76987e+17	1.00e+00	1.73e-14	0.00e+00
 1.77426e+17	1.00e+00	1.65e-14	0.00e+00
 1.77904e+17	1.00e+00	1.58e-14	0.00e+00
 1.78424e+17	1.00e+00	1.49e-14	0.00e+00
 1.78951e+17	1.00e+00	1.41e-14	0.00e+00
 1.79459e+17	1.00e+00	1.33e-14	0.00e+00
 1.79960e+17	1.00e+00	1.26e-14	0.00e+00
 1.80503e+17	1.00e+00	1.18e-14	0.00e+00
 1.81113e+17	1.00e+00	1.11e-14	0.00e+00
 1.81751e+17	1.00e+00	1.03e-14	0.00e+00
 1.82366e+17	1.00e+00	9.64e-15	0.00e+00
 1.82910e+17	1.00e+00	9.05e-15	0.00e+00
 1.83387e+17	1.00e+00	8.56e-15	0.00e+00
 1.83832e+17	1.00e+00	8.14e-15	0.00e+00
 1.84274e+17	1.00e+00	7.75e-15	0.00e+00
 1.84711e+17	1.00e+00	7.37e-15	0.00e+00
 1.85129e+17	1.00e+00	7.01e-15	0.00e+00
 1.85515e+17	1.00e+00	6.70e-15	0.00e+00
 1.85874e+17	1.00e+00	6.41e-15	0.00e+00
 1.86213e+17	1.00e+00	6.15e-15	0.00e+00
 1.86540e+17	1.00e+00	5.91e-15	0.00e+00
 1.86852e+17	1.00e+00	5.68e-15	0.00e+00
 1.87146e+17	1.00e+00	5.47e-15	0.00e+00
 1.87420e+17	1.00e+00	5.28e-15	0.00e+00
 1.87678e+17	1.00e+00	5.10e-15	0.00e+00
 1.87926e+17	1.00e+00	4.94e-15	0.00e+00
 1.88166e+17	1.00e+00	4.79e-15	0.00e+00
 1.88396e+17	1.00e+00	4.65e-15	0.00e+00
 1.88615e+17	1.00e+00	4.52e-15	0.00e+00
 1.88825e+17	1.00e+00	4.40e-15	0.00e+00
 1.89029e+17	1.00e+00	4.28e-15	0.00e+00
 1.89226e+17	1.00e+00	4.17e-15	0.00e+00
 1.89418e+17	1.00e+00	4.07e-15	0.00e+00
 1.89604e+17	1.00e+00	3.97e-15	0.00e+00
 1.89785e+17	1.00e+00	3.88e-15	0.00e+00
 1.89962e+17	1.00e+00	3.79e-15	0.00e+00
 1.90135e+17	1.00e+00	3.70e-15	0.00e+00
 1.90305e+17	1.00e+00	3.62e-15	0.00e+00
 1.90471e+17	1.00e+00	3.54e-15	0.00e+00
 1.90634e+17	1.00e+00	3.47e-15	0.00e+00
 1.90794e+17	1.00e+00	3.40e-15	0.00e+00
 1.90953e+17	1.00e+00	3.33e-15	0.00e+00
 1.91133e+17	1.00e+00	3.26e-15	0.00e+00
 1.91368e+17	1.00e+00	3.16e-15	0.00e+00
 1.91672e+17	1.00e+00	3.05e-15	0.00e+00
 1.92069e+17	1.00e+00	2.91e-15	0.00e+00
 1.92584e+17	1.00e+00	2.74e-15	0.00e+00
 1.93236e+17	1.00e+00	2.53e-15	0.00e+00
 1.93946e+17	1.00e+00	2.32e-15	0.00e+00
 1.94584e+17	1.00e+00	2.15e-15	0.00e+00
 1.95124e+17	1.00e+00	2.02e-15	0.00e+00
 1.95626e+17	1.00e+00	1.91e-15	0.00e+00
 1.96155e+17	1.00e+00	1.80e-15	0.00e+00
 1.96729e+17	1.00e+00	1.69e-15	0.00e+00
 1.97319e+17	1.00e+00	1.59e-15	0.00e+00
 1.97894e+17	1.00e+00	1.49e-15	0.00e+00
 1.98454e+17	1.00e+00	1.41e-15	0.00e+00
 1.99024e+17	1.00e+00	1.33e-15	0.00e+00
 1.99627e+17	1.00e+00	1.25e-15	0.00e+00
 2.00270e+17	1.00e+00	1.17e-15	0.00e+00
 2.00949e+17	1.00e+00	1.10e-15	0.00e+00
 2.01665e+17	1.00e+00	1.03e-15	0.00e+00
 2.02439e+17	1.00e+00	9.55e-16	0.00e+00
 2.03314e+17	1.00e+00	8.82e-16	0.00e+00
 2.04347e+17	1.00e+00	8.05e-16	0.00e+00
 2.05630e+17	1.00e+00	7.18e-16	0.00e+00
 2.07281e+17	1.00e+00	6.23e-16	0.00e+00
 2.09428e+17	1.00e+00	5.20e-16	0.00e+00
 2.12219e+17	1.00e+00	4.14e-16	0.00e+00
 2.15847e+17	1.00e+00	3.10e-16	0.00e+00
 2.20564e+17	1.00e+00	2.15e-16	0.00e+00
 2.26695e+17	1.00e+00	1.36e-16	0.00e+00
 2.34666e+17	1.00e+00	7.58e-17	0.00e+00
 2.43955e+17	1.00e+00	3.92e-17	0.00e+00
 2.53067e+17	1.00e+00	2.09e-17	0.00e+00
 2.61046e+17	1.00e+00	1.21e-17	0.00e+00
 2.67980e+17	1.00e+00	7.42e-18	0.00e+00
 2.75531e+17	1.00e+00	4.39e-18	0.00e+00
 2.83876e+17	1.00e+00	2.50e-18	0.00e+00
 2.91141e+17	1.00e+00	1.49e-18	0.00e+00
 2.97031e+17	1.00e+00	9.99e-19	0.00e+00
 3.03243e+17	1.00e+00	6.47e-19	0.00e+00
 3.10045e+17	1.00e+00	4.04e-19	0.00e+00
 3.16160e+17	1.00e+00	2.62e-19	0.00e+00
 3.22654e+17	1.00e+00	1.63e-19	0.00e+00
 3.28527e+17	1.00e+00	1.05e-19	0.00e+00
 3.32051e+17	1.00e+00	7.92e-20	0.00e+00
 3.34165e+17	1.00e+00	6.64e-20	0.00e+00
 3.35433e+17	1.00e+00	5.95e-20	0.00e+00
 3.36194e+17	1.00e+00	5.56e-20	0.00e+00
 3.36651e+17	1.00e+00	5.34e-20	0.00e+00
 3.36933e+17	1.00e+00	5.20e-20	0.00e+00
 3.37159e+17	1.00e+00	5.10e-20	0.00e+00
 3.37424e+17	1.00e+00	4.98e-20	0.00e+00
 3.37770e+17	1.00e+00	4.82e-20	0.00e+00
 3.38186e+17	1.00e+00	4.64e-20	0.00e+00
 3.38601e+17	1.00e+00	4.46e-20	0.00e+00
 3.38942e+17	1.00e+00	4.31e-20	0.00e+00
 3.39212e+17	1.00e+00	4.20e-20	0.00e+00
 3.39471e+17	1.00e+00	4.10e-20	0.00e+00
 3.39778e+17	1.00e+00	3.98e-20	0.00e+00
 3.40149e+17	1.00e+00	3.83e-20	0.00e+00
 3.40525e+17	1.00e+00	3.69e-20	0.00e+00
 3.40837e+17	1.00e+00	3.57e-20	0.00e+00
 3.41087e+17	1.00e+00	3.48e-20	0.00e+00
 3.41323e+17	1.00e+00	3.39e-20	0.00e+00
 3.41597e+17	1.00e+00	3.30e-20	0.00e+00
 3.41928e+17	1.00e+00	3.18e-20	0.00e+00
 3.42269e+17	1.00e+00	3.06e-20	0.00e+00
 3.42557e+17	1.00e+00	2.96e-20	0.00e+00
 3.42789e+17	1.00e+00	2.88e-20	0.00e+00
 3.43006e+17	1.00e+00	2.81e-20	0.00e+00
 3.43255e+17	1.00e+00	2.74e-20	0.00e+00
 3.43555e+17	1.00e+00	2.64e-20	0.00e+00
 3.43867e+17	1.00e+00	2.54e-20	0.00e+00
 3.44135e+17	1.00e+00	2.46e-20	0.00e+00
