#depth	C	C+	C+2	C+3	C+4	C+5	C+6	C[1]	C[2]	C[3]	C+[1]	C+[2]	CO
 1.49634e+10	0.00e+00	1.33e-28	9.95e-20	1.66e-11	1.45e-02	9.33e-01	5.26e-02	0.00e+00	0.00e+00	0.00e+00	0.00e+00	0.00e+00	0.00e+00
 4.54887e+10	3.54e-38	1.91e-28	1.31e-19	2.00e-11	1.60e-02	9.36e-01	4.84e-02	0.00e+00	0.00e+00	0.00e+00	0.00e+00	0.00e+00	8.39e-125
 7.72350e+10	0.00e+00	2.73e-28	1.72e-19	2.42e-11	1.77e-02	9.38e-01	4.46e-02	0.00e+00	0.00e+00	0.00e+00	0.00e+00	0.00e+00	0.00e+00
 1.10251e+11	8.60e-38	3.91e-28	2.26e-19	2.91e-11	1.96e-02	9.40e-01	4.09e-02	0.00e+00	0.00e+00	0.00e+00	0.00e+00	0.00e+00	8.95e-124
 1.41982e+11	0.00e+00	5.46e-28	2.92e-19	3.47e-11	2.14e-02	9.41e-01	3.78e-02	0.00e+00	0.00e+00	0.00e+00	0.00e+00	0.00e+00	0.00e+00
 1.71435e+11	1.88e-37	7.37e-28	3.67e-19	4.05e-11	2.33e-02	9.42e-01	3.52e-02	0.00e+00	0.00e+00	0.00e+00	0.00e+00	0.00e+00	7.21e-123
 2.04671e+11	0.00e+00	1.02e-27	4.71e-19	4.80e-11	2.54e-02	9.42e-01	3.25e-02	0.00e+00	0.00e+00	0.00e+00	0.00e+00	0.00e+00	0.00e+00
 2.42785e+11	4.41e-37	1.46e-27	6.21e-19	5.79e-11	2.81e-02	9.42e-01	2.98e-02	0.00e+00	0.00e+00	0.00e+00	0.00e+00	0.00e+00	6.92e-122
 2.80453e+11	0.00e+00	2.07e-27	8.10e-19	6.94e-11	3.09e-02	9.42e-01	2.74e-02	0.00e+00	0.00e+00	0.00e+00	0.00e+00	0.00e+00	0.00e+00
 3.16784e+11	1.01e-36	2.86e-27	1.04e-18	8.20e-11	3.37e-02	9.41e-01	2.53e-02	0.00e+00	0.00e+00	0.00e+00	0.00e+00	0.00e+00	6.25e-121
 3.56537e+11	0.00e+00	4.02e-27	1.34e-18	9.79e-11	3.69e-02	9.40e-01	2.32e-02	0.00e+00	0.00e+00	0.00e+00	0.00e+00	0.00e+00	0.00e+00
 4.00726e+11	2.42e-36	5.80e-27	1.78e-18	1.18e-10	4.07e-02	9.38e-01	2.12e-02	0.00e+00	0.00e+00	0.00e+00	0.00e+00	0.00e+00	6.35e-120
 4.45484e+11	0.00e+00	8.29e-27	2.34e-18	1.42e-10	4.47e-02	9.36e-01	1.93e-02	0.00e+00	0.00e+00	0.00e+00	0.00e+00	0.00e+00	0.00e+00
 4.92032e+11	5.87e-36	1.19e-26	3.07e-18	1.71e-10	4.92e-02	9.33e-01	1.77e-02	0.00e+00	0.00e+00	0.00e+00	0.00e+00	0.00e+00	6.59e-119
 5.39980e+11	0.00e+00	1.69e-26	4.03e-18	2.06e-10	5.40e-02	9.30e-01	1.61e-02	0.00e+00	0.00e+00	0.00e+00	0.00e+00	0.00e+00	0.00e+00
 5.89845e+11	1.41e-35	2.41e-26	5.29e-18	2.48e-10	5.93e-02	9.26e-01	1.47e-02	0.00e+00	0.00e+00	0.00e+00	0.00e+00	0.00e+00	6.74e-118
 6.43366e+11	0.00e+00	3.49e-26	7.02e-18	3.00e-10	6.52e-02	9.21e-01	1.33e-02	0.00e+00	0.00e+00	0.00e+00	0.00e+00	0.00e+00	0.00e+00
 6.99027e+11	3.51e-35	5.03e-26	9.30e-18	3.62e-10	7.18e-02	9.16e-01	1.21e-02	0.00e+00	0.00e+00	0.00e+00	0.00e+00	0.00e+00	7.44e-117
 7.56915e+11	0.00e+00	7.27e-26	1.23e-17	4.38e-10	7.89e-02	9.10e-01	1.09e-02	0.00e+00	0.00e+00	0.00e+00	0.00e+00	0.00e+00	0.00e+00
 8.17118e+11	8.69e-35	1.05e-25	1.63e-17	5.30e-10	8.66e-02	9.04e-01	9.87e-03	0.00e+00	0.00e+00	0.00e+00	0.00e+00	0.00e+00	8.18e-116
 8.79730e+11	1.37e-34	1.51e-25	2.17e-17	6.41e-10	9.51e-02	8.96e-01	8.91e-03	0.00e+00	0.00e+00	0.00e+00	0.00e+00	0.00e+00	4.96e-98
 9.36482e+11	2.03e-34	2.08e-25	2.77e-17	7.56e-10	1.03e-01	8.89e-01	8.13e-03	0.00e+00	0.00e+00	0.00e+00	0.00e+00	0.00e+00	0.00e+00
 9.83974e+11	2.79e-34	2.70e-25	3.38e-17	8.64e-10	1.10e-01	8.82e-01	7.55e-03	0.00e+00	0.00e+00	0.00e+00	0.00e+00	0.00e+00	1.78e-114
 1.03609e+12	3.91e-34	3.55e-25	4.17e-17	9.96e-10	1.18e-01	8.75e-01	6.97e-03	0.00e+00	0.00e+00	0.00e+00	0.00e+00	0.00e+00	5.21e-97
 1.10182e+12	5.91e-34	4.96e-25	5.40e-17	1.18e-09	1.28e-01	8.66e-01	6.32e-03	0.00e+00	0.00e+00	0.00e+00	0.00e+00	0.00e+00	0.00e+00
 1.17024e+12	8.92e-34	6.93e-25	6.99e-17	1.41e-09	1.39e-01	8.55e-01	5.72e-03	0.00e+00	0.00e+00	0.00e+00	0.00e+00	0.00e+00	3.88e-113
 1.22888e+12	1.25e-33	9.12e-25	8.64e-17	1.62e-09	1.48e-01	8.46e-01	5.25e-03	0.00e+00	0.00e+00	0.00e+00	0.00e+00	0.00e+00	6.97e-96
 1.28980e+12	1.76e-33	1.20e-24	1.07e-16	1.87e-09	1.59e-01	8.37e-01	4.82e-03	0.00e+00	0.00e+00	0.00e+00	0.00e+00	0.00e+00	0.00e+00
 1.36568e+12	2.64e-33	1.67e-24	1.38e-16	2.22e-09	1.72e-01	8.24e-01	4.35e-03	0.00e+00	0.00e+00	0.00e+00	0.00e+00	0.00e+00	6.98e-112
 1.44254e+12	3.93e-33	2.30e-24	1.77e-16	2.62e-09	1.85e-01	8.11e-01	3.92e-03	0.00e+00	0.00e+00	0.00e+00	0.00e+00	0.00e+00	8.89e-95
 1.50949e+12	5.46e-33	3.01e-24	2.17e-16	3.01e-09	1.97e-01	7.99e-01	3.59e-03	0.00e+00	0.00e+00	0.00e+00	0.00e+00	0.00e+00	4.85e-111
 1.58204e+12	7.70e-33	3.98e-24	2.69e-16	3.47e-09	2.10e-01	7.86e-01	3.27e-03	0.00e+00	0.00e+00	0.00e+00	0.00e+00	0.00e+00	4.00e-94
 1.67047e+12	1.15e-32	5.51e-24	3.47e-16	4.10e-09	2.26e-01	7.71e-01	2.93e-03	0.00e+00	0.00e+00	0.00e+00	0.00e+00	0.00e+00	3.60e-110
 1.76051e+12	1.70e-32	7.56e-24	4.43e-16	4.82e-09	2.43e-01	7.54e-01	2.62e-03	0.00e+00	0.00e+00	0.00e+00	0.00e+00	0.00e+00	2.35e-93
 1.84304e+12	2.39e-32	9.98e-24	5.48e-16	5.56e-09	2.59e-01	7.39e-01	2.38e-03	0.00e+00	0.00e+00	0.00e+00	0.00e+00	0.00e+00	2.61e-109
 1.93485e+12	3.44e-32	1.34e-23	6.88e-16	6.45e-09	2.76e-01	7.22e-01	2.14e-03	0.00e+00	0.00e+00	0.00e+00	0.00e+00	0.00e+00	1.15e-92
 2.04144e+12	5.15e-32	1.86e-23	8.85e-16	7.62e-09	2.95e-01	7.03e-01	1.89e-03	0.00e+00	0.00e+00	0.00e+00	0.00e+00	0.00e+00	2.12e-108
 2.14671e+12	7.52e-32	2.52e-23	1.12e-15	8.89e-09	3.15e-01	6.83e-01	1.69e-03	0.00e+00	0.00e+00	0.00e+00	0.00e+00	0.00e+00	6.77e-92
 2.24745e+12	1.06e-31	3.34e-23	1.39e-15	1.02e-08	3.33e-01	6.65e-01	1.51e-03	0.00e+00	0.00e+00	0.00e+00	0.00e+00	0.00e+00	1.56e-107
 2.35854e+12	1.53e-31	4.48e-23	1.74e-15	1.18e-08	3.53e-01	6.45e-01	1.35e-03	0.00e+00	0.00e+00	0.00e+00	0.00e+00	0.00e+00	3.42e-91
 2.48280e+12	2.25e-31	6.13e-23	2.22e-15	1.38e-08	3.76e-01	6.23e-01	1.19e-03	0.00e+00	0.00e+00	0.00e+00	0.00e+00	0.00e+00	1.27e-106
 2.59572e+12	3.15e-31	8.03e-23	2.73e-15	1.58e-08	3.95e-01	6.04e-01	1.06e-03	0.00e+00	0.00e+00	0.00e+00	0.00e+00	0.00e+00	1.81e-90
 2.69064e+12	4.13e-31	9.99e-23	3.22e-15	1.76e-08	4.11e-01	5.88e-01	9.67e-04	0.00e+00	0.00e+00	0.00e+00	0.00e+00	0.00e+00	7.02e-106
 2.79498e+12	5.51e-31	1.26e-22	3.84e-15	1.97e-08	4.29e-01	5.70e-01	8.76e-04	0.00e+00	0.00e+00	0.00e+00	0.00e+00	0.00e+00	6.62e-90
 2.91276e+12	7.52e-31	1.62e-22	4.65e-15	2.22e-08	4.48e-01	5.51e-01	7.84e-04	0.00e+00	0.00e+00	0.00e+00	0.00e+00	0.00e+00	3.85e-105
 3.02551e+12	1.00e-30	2.03e-22	5.53e-15	2.48e-08	4.66e-01	5.33e-01	7.08e-04	0.00e+00	0.00e+00	0.00e+00	0.00e+00	0.00e+00	2.68e-89
 3.14959e+12	1.36e-30	2.59e-22	6.65e-15	2.79e-08	4.85e-01	5.15e-01	6.34e-04	0.00e+00	0.00e+00	0.00e+00	0.00e+00	0.00e+00	2.09e-104
 3.28741e+12	1.87e-30	3.36e-22	8.08e-15	3.15e-08	5.05e-01	4.94e-01	5.62e-04	0.00e+00	0.00e+00	0.00e+00	0.00e+00	0.00e+00	1.18e-88
 3.41655e+12	2.50e-30	4.23e-22	9.62e-15	3.51e-08	5.24e-01	4.76e-01	5.04e-04	0.00e+00	0.00e+00	0.00e+00	0.00e+00	0.00e+00	1.23e-103
 3.55788e+12	3.39e-30	5.39e-22	1.15e-14	3.94e-08	5.43e-01	4.57e-01	4.48e-04	0.00e+00	0.00e+00	0.00e+00	0.00e+00	0.00e+00	4.86e-88
 3.71682e+12	4.70e-30	7.00e-22	1.41e-14	4.44e-08	5.64e-01	4.36e-01	3.94e-04	0.00e+00	0.00e+00	0.00e+00	0.00e+00	0.00e+00	7.83e-103
 3.86863e+12	6.35e-30	8.89e-22	1.68e-14	4.96e-08	5.82e-01	4.17e-01	3.50e-04	0.00e+00	0.00e+00	0.00e+00	0.00e+00	0.00e+00	2.20e-87
 4.03518e+12	8.70e-30	1.14e-21	2.02e-14	5.56e-08	6.02e-01	3.98e-01	3.08e-04	0.00e+00	0.00e+00	0.00e+00	0.00e+00	0.00e+00	4.83e-102
 4.21178e+12	1.20e-29	1.47e-21	2.45e-14	6.24e-08	6.22e-01	3.78e-01	2.70e-04	0.00e+00	0.00e+00	0.00e+00	0.00e+00	0.00e+00	1.03e-86
 4.36627e+12	1.57e-29	1.82e-21	2.87e-14	6.86e-08	6.38e-01	3.62e-01	2.41e-04	0.00e+00	0.00e+00	0.00e+00	0.00e+00	0.00e+00	2.80e-101
 4.53114e+12	2.07e-29	2.27e-21	3.37e-14	7.56e-08	6.54e-01	3.46e-01	2.15e-04	0.00e+00	0.00e+00	0.00e+00	0.00e+00	0.00e+00	3.95e-86
 4.73177e+12	2.86e-29	2.93e-21	4.07e-14	8.46e-08	6.73e-01	3.27e-01	1.87e-04	0.00e+00	0.00e+00	0.00e+00	0.00e+00	0.00e+00	1.70e-100
 4.93161e+12	3.89e-29	3.73e-21	4.87e-14	9.41e-08	6.91e-01	3.09e-01	1.63e-04	0.00e+00	0.00e+00	0.00e+00	0.00e+00	0.00e+00	1.88e-85
 5.10785e+12	5.05e-29	4.58e-21	5.66e-14	1.03e-07	7.05e-01	2.95e-01	1.46e-04	0.00e+00	0.00e+00	0.00e+00	0.00e+00	0.00e+00	9.60e-100
 5.30070e+12	6.65e-29	5.69e-21	6.63e-14	1.13e-07	7.20e-01	2.80e-01	1.29e-04	0.00e+00	0.00e+00	0.00e+00	0.00e+00	0.00e+00	7.20e-85
 5.53286e+12	9.14e-29	7.31e-21	7.96e-14	1.26e-07	7.36e-01	2.64e-01	1.12e-04	0.00e+00	0.00e+00	0.00e+00	0.00e+00	0.00e+00	5.91e-99
 5.76520e+12	1.24e-28	9.28e-21	9.48e-14	1.39e-07	7.52e-01	2.48e-01	9.70e-05	0.00e+00	0.00e+00	0.00e+00	0.00e+00	0.00e+00	3.45e-84
 5.97640e+12	1.62e-28	1.14e-20	1.10e-13	1.52e-07	7.65e-01	2.35e-01	8.58e-05	0.00e+00	0.00e+00	0.00e+00	0.00e+00	0.00e+00	3.45e-98
 6.21105e+12	2.16e-28	1.43e-20	1.30e-13	1.66e-07	7.78e-01	2.22e-01	7.52e-05	0.00e+00	0.00e+00	0.00e+00	0.00e+00	0.00e+00	1.41e-83
 6.48551e+12	2.97e-28	1.84e-20	1.55e-13	1.85e-07	7.92e-01	2.08e-01	6.46e-05	0.00e+00	0.00e+00	0.00e+00	0.00e+00	0.00e+00	2.27e-97
 6.75646e+12	4.03e-28	2.33e-20	1.84e-13	2.03e-07	8.05e-01	1.95e-01	5.60e-05	0.00e+00	0.00e+00	0.00e+00	0.00e+00	0.00e+00	6.94e-83
 7.01230e+12	5.30e-28	2.88e-20	2.15e-13	2.22e-07	8.16e-01	1.84e-01	4.91e-05	0.00e+00	0.00e+00	0.00e+00	0.00e+00	0.00e+00	1.39e-96
 7.29678e+12	7.13e-28	3.63e-20	2.53e-13	2.43e-07	8.28e-01	1.72e-01	4.26e-05	0.00e+00	0.00e+00	0.00e+00	0.00e+00	0.00e+00	3.02e-82
 7.61857e+12	9.82e-28	4.65e-20	3.02e-13	2.69e-07	8.39e-01	1.61e-01	3.65e-05	0.00e+00	0.00e+00	0.00e+00	0.00e+00	0.00e+00	9.60e-96
 7.94166e+12	1.34e-27	5.90e-20	3.58e-13	2.95e-07	8.50e-01	1.50e-01	3.14e-05	0.00e+00	0.00e+00	0.00e+00	0.00e+00	0.00e+00	1.54e-81
 8.27767e+12	1.82e-27	7.49e-20	4.24e-13	3.24e-07	8.60e-01	1.40e-01	2.70e-05	0.00e+00	0.00e+00	0.00e+00	0.00e+00	0.00e+00	6.74e-95
 8.63870e+12	2.50e-27	9.58e-20	5.05e-13	3.57e-07	8.70e-01	1.30e-01	2.31e-05	0.00e+00	0.00e+00	0.00e+00	0.00e+00	0.00e+00	7.91e-81
 9.01418e+12	3.43e-27	1.22e-19	6.00e-13	3.92e-07	8.79e-01	1.21e-01	1.98e-05	0.00e+00	0.00e+00	0.00e+00	0.00e+00	0.00e+00	5.05e-94
 9.38360e+12	4.63e-27	1.54e-19	7.05e-13	4.28e-07	8.87e-01	1.13e-01	1.70e-05	0.00e+00	0.00e+00	0.00e+00	0.00e+00	0.00e+00	4.00e-80
 9.72705e+12	6.05e-27	1.89e-19	8.16e-13	4.63e-07	8.94e-01	1.06e-01	1.49e-05	0.00e+00	0.00e+00	0.00e+00	0.00e+00	0.00e+00	3.09e-93
 1.00370e+13	7.65e-27	2.27e-19	9.25e-13	4.96e-07	9.00e-01	1.00e-01	1.33e-05	0.00e+00	0.00e+00	0.00e+00	0.00e+00	0.00e+00	1.51e-79
 1.03692e+13	9.76e-27	2.73e-19	1.05e-12	5.32e-07	9.05e-01	9.45e-02	1.18e-05	0.00e+00	0.00e+00	0.00e+00	0.00e+00	0.00e+00	1.43e-92
 1.07831e+13	1.31e-26	3.42e-19	1.23e-12	5.79e-07	9.12e-01	8.81e-02	1.01e-05	0.00e+00	0.00e+00	0.00e+00	0.00e+00	0.00e+00	6.28e-79
 1.11982e+13	1.74e-26	4.25e-19	1.43e-12	6.27e-07	9.18e-01	8.23e-02	8.81e-06	0.00e+00	0.00e+00	0.00e+00	0.00e+00	0.00e+00	9.05e-92
 1.15547e+13	2.20e-26	5.09e-19	1.62e-12	6.71e-07	9.22e-01	7.78e-02	7.83e-06	0.00e+00	0.00e+00	0.00e+00	0.00e+00	0.00e+00	2.50e-78
 1.19402e+13	2.82e-26	6.14e-19	1.85e-12	7.18e-07	9.27e-01	7.33e-02	6.92e-06	0.00e+00	0.00e+00	0.00e+00	0.00e+00	0.00e+00	4.28e-91
 1.24162e+13	3.78e-26	7.69e-19	2.16e-12	7.80e-07	9.32e-01	6.83e-02	5.97e-06	0.00e+00	0.00e+00	0.00e+00	0.00e+00	0.00e+00	1.07e-77
 1.28925e+13	5.03e-26	9.56e-19	2.51e-12	8.44e-07	9.36e-01	6.37e-02	5.18e-06	0.00e+00	0.00e+00	0.00e+00	0.00e+00	0.00e+00	2.76e-90
 1.33037e+13	6.38e-26	1.15e-18	2.84e-12	9.01e-07	9.40e-01	6.02e-02	4.60e-06	0.00e+00	0.00e+00	0.00e+00	0.00e+00	0.00e+00	4.36e-77
 1.37478e+13	8.19e-26	1.38e-18	3.24e-12	9.64e-07	9.43e-01	5.67e-02	4.06e-06	0.00e+00	0.00e+00	0.00e+00	0.00e+00	0.00e+00	1.33e-89
 1.42938e+13	1.10e-25	1.73e-18	3.78e-12	1.04e-06	9.47e-01	5.27e-02	3.50e-06	0.00e+00	0.00e+00	0.00e+00	0.00e+00	0.00e+00	1.89e-76
 1.48448e+13	1.47e-25	2.16e-18	4.38e-12	1.13e-06	9.51e-01	4.91e-02	3.03e-06	0.00e+00	0.00e+00	0.00e+00	0.00e+00	0.00e+00	4.11e-76
 1.53328e+13	1.88e-25	2.60e-18	4.98e-12	1.21e-06	9.54e-01	4.63e-02	2.68e-06	0.00e+00	0.00e+00	0.00e+00	0.00e+00	0.00e+00	8.04e-76
 1.58664e+13	2.44e-25	3.17e-18	5.70e-12	1.29e-06	9.57e-01	4.34e-02	2.36e-06	0.00e+00	0.00e+00	0.00e+00	0.00e+00	0.00e+00	1.63e-75
 1.65063e+13	3.30e-25	3.98e-18	6.66e-12	1.40e-06	9.60e-01	4.03e-02	2.02e-06	0.00e+00	0.00e+00	0.00e+00	0.00e+00	0.00e+00	3.70e-75
 1.71441e+13	4.41e-25	4.96e-18	7.73e-12	1.51e-06	9.62e-01	3.76e-02	1.75e-06	0.00e+00	0.00e+00	0.00e+00	0.00e+00	0.00e+00	8.14e-75
 1.77249e+13	5.70e-25	6.02e-18	8.81e-12	1.62e-06	9.65e-01	3.53e-02	1.54e-06	0.00e+00	0.00e+00	0.00e+00	0.00e+00	0.00e+00	1.64e-74
 1.83722e+13	7.51e-25	7.41e-18	1.01e-11	1.74e-06	9.67e-01	3.30e-02	1.34e-06	0.00e+00	0.00e+00	0.00e+00	0.00e+00	0.00e+00	3.46e-74
 1.91278e+13	1.02e-24	9.37e-18	1.19e-11	1.89e-06	9.69e-01	3.06e-02	1.15e-06	0.00e+00	0.00e+00	0.00e+00	0.00e+00	0.00e+00	8.05e-74
 1.98725e+13	1.37e-24	1.17e-17	1.38e-11	2.04e-06	9.72e-01	2.84e-02	9.95e-07	0.00e+00	0.00e+00	0.00e+00	0.00e+00	0.00e+00	1.80e-73
 2.05772e+13	1.80e-24	1.43e-17	1.58e-11	2.18e-06	9.73e-01	2.66e-02	0.00e+00	0.00e+00	0.00e+00	0.00e+00	0.00e+00	0.00e+00	3.75e-73
 2.13604e+13	2.40e-24	1.78e-17	1.83e-11	2.35e-06	9.75e-01	2.48e-02	0.00e+00	0.00e+00	0.00e+00	0.00e+00	0.00e+00	0.00e+00	8.24e-73
 2.22448e+13	3.29e-24	2.26e-17	2.15e-11	2.55e-06	9.77e-01	2.29e-02	0.00e+00	0.00e+00	0.00e+00	0.00e+00	0.00e+00	0.00e+00	1.94e-72
 2.31330e+13	4.45e-24	2.84e-17	2.51e-11	2.76e-06	9.79e-01	2.13e-02	0.00e+00	0.00e+00	0.00e+00	0.00e+00	0.00e+00	0.00e+00	4.44e-72
 2.40567e+13	6.03e-24	3.56e-17	2.92e-11	2.98e-06	9.80e-01	1.97e-02	0.00e+00	0.00e+00	0.00e+00	0.00e+00	0.00e+00	0.00e+00	1.02e-71
 2.50489e+13	8.24e-24	4.51e-17	3.43e-11	3.24e-06	9.82e-01	1.83e-02	0.00e+00	0.00e+00	0.00e+00	0.00e+00	1.44e-17	3.07e-17	2.39e-71
 2.60096e+13	1.10e-23	5.62e-17	3.97e-11	3.49e-06	9.83e-01	1.70e-02	0.00e+00	0.00e+00	0.00e+00	0.00e+00	1.87e-17	3.76e-17	5.31e-71
 2.69130e+13	1.44e-23	6.87e-17	4.54e-11	3.73e-06	9.84e-01	1.59e-02	0.00e+00	0.00e+00	0.00e+00	0.00e+00	2.28e-17	4.59e-17	1.10e-70
 2.79237e+13	1.92e-23	8.52e-17	5.26e-11	4.02e-06	9.85e-01	1.48e-02	0.00e+00	0.00e+00	0.00e+00	0.00e+00	2.83e-17	5.69e-17	2.40e-70
 2.89424e+13	2.53e-23	1.05e-16	6.05e-11	4.32e-06	9.86e-01	1.38e-02	0.00e+00	0.00e+00	0.00e+00	0.00e+00	3.49e-17	7.02e-17	5.11e-70
 2.97883e+13	3.16e-23	1.24e-16	6.78e-11	4.58e-06	9.87e-01	1.31e-02	0.00e+00	0.00e+00	0.00e+00	0.00e+00	4.13e-17	8.31e-17	9.44e-70
 3.06836e+13	3.98e-23	1.48e-16	7.62e-11	4.86e-06	9.88e-01	1.23e-02	0.00e+00	0.00e+00	0.00e+00	0.00e+00	4.91e-17	9.88e-17	1.77e-69
 3.18284e+13	5.29e-23	1.83e-16	8.81e-11	5.23e-06	9.89e-01	1.15e-02	0.00e+00	0.00e+00	0.00e+00	0.00e+00	6.08e-17	1.22e-16	3.84e-69
 3.30293e+13	7.05e-23	2.28e-16	1.02e-10	5.63e-06	9.89e-01	1.07e-02	0.00e+00	0.00e+00	0.00e+00	0.00e+00	7.56e-17	1.52e-16	8.48e-69
 3.40916e+13	9.02e-23	2.74e-16	1.16e-10	6.00e-06	9.90e-01	1.00e-02	0.00e+00	0.00e+00	0.00e+00	0.00e+00	9.10e-17	1.83e-16	1.65e-68
 3.52419e+13	1.17e-22	3.33e-16	1.32e-10	6.42e-06	9.91e-01	9.37e-03	0.00e+00	0.00e+00	0.00e+00	0.00e+00	1.10e-16	2.22e-16	3.32e-68
 3.66248e+13	1.57e-22	4.17e-16	1.54e-10	6.94e-06	9.91e-01	8.68e-03	0.00e+00	0.00e+00	0.00e+00	0.00e+00	1.38e-16	2.79e-16	7.47e-68
 3.80257e+13	2.10e-22	5.20e-16	1.79e-10	7.49e-06	9.92e-01	8.06e-03	0.00e+00	0.00e+00	0.00e+00	0.00e+00	1.72e-16	3.47e-16	1.65e-67
 3.93377e+13	2.74e-22	6.34e-16	2.04e-10	8.03e-06	9.92e-01	7.53e-03	0.00e+00	0.00e+00	0.00e+00	0.00e+00	2.10e-16	4.24e-16	3.38e-67
 4.07962e+13	3.63e-22	7.85e-16	2.36e-10	8.64e-06	9.93e-01	7.00e-03	0.00e+00	0.00e+00	0.00e+00	0.00e+00	2.61e-16	5.25e-16	7.28e-67
 4.23419e+13	4.84e-22	9.76e-16	2.74e-10	9.33e-06	9.93e-01	6.50e-03	0.00e+00	0.00e+00	0.00e+00	0.00e+00	3.24e-16	6.52e-16	1.59e-66
 4.37160e+13	6.20e-22	1.18e-15	3.11e-10	9.95e-06	9.94e-01	6.10e-03	0.00e+00	0.00e+00	0.00e+00	0.00e+00	3.91e-16	7.87e-16	3.13e-66
 4.51947e+13	8.02e-22	1.43e-15	3.56e-10	1.07e-05	9.94e-01	5.70e-03	0.00e+00	0.00e+00	0.00e+00	0.00e+00	4.75e-16	9.57e-16	6.29e-66
 4.69660e+13	1.08e-21	1.79e-15	4.15e-10	1.15e-05	9.95e-01	5.27e-03	0.00e+00	0.00e+00	0.00e+00	0.00e+00	5.95e-16	1.20e-15	1.41e-65
 4.87092e+13	1.43e-21	2.22e-15	4.80e-10	1.24e-05	9.95e-01	4.90e-03	0.00e+00	0.00e+00	0.00e+00	0.00e+00	7.37e-16	1.48e-15	3.04e-65
 5.02623e+13	1.82e-21	2.67e-15	5.44e-10	1.32e-05	9.95e-01	4.60e-03	0.00e+00	0.00e+00	0.00e+00	0.00e+00	8.86e-16	1.78e-15	5.88e-65
 5.19770e+13	2.36e-21	3.25e-15	6.23e-10	1.42e-05	9.96e-01	4.29e-03	0.00e+00	0.00e+00	0.00e+00	0.00e+00	1.08e-15	2.17e-15	1.19e-64
 5.40201e+13	3.18e-21	4.08e-15	7.27e-10	1.54e-05	9.96e-01	3.97e-03	0.00e+00	0.00e+00	0.00e+00	0.00e+00	1.35e-15	2.72e-15	2.67e-64
 5.60484e+13	4.24e-21	5.06e-15	8.43e-10	1.66e-05	9.96e-01	3.68e-03	0.00e+00	0.00e+00	0.00e+00	0.00e+00	1.68e-15	3.38e-15	5.80e-64
 5.79046e+13	5.45e-21	6.13e-15	9.60e-10	1.77e-05	9.97e-01	3.45e-03	0.00e+00	0.00e+00	0.00e+00	0.00e+00	2.03e-15	4.10e-15	1.15e-63
 5.99788e+13	7.15e-21	7.53e-15	1.11e-09	1.91e-05	9.97e-01	3.21e-03	0.00e+00	0.00e+00	0.00e+00	0.00e+00	2.50e-15	5.04e-15	2.41e-63
 6.23891e+13	9.70e-21	9.49e-15	1.30e-09	2.07e-05	9.97e-01	2.96e-03	0.00e+00	0.00e+00	0.00e+00	0.00e+00	3.15e-15	6.35e-15	5.51e-63
 6.47546e+13	1.29e-20	1.18e-14	1.50e-09	2.23e-05	9.97e-01	2.75e-03	0.00e+00	0.00e+00	0.00e+00	0.00e+00	3.91e-15	7.90e-15	1.21e-62
 6.69940e+13	1.68e-20	1.44e-14	1.72e-09	2.39e-05	9.97e-01	2.56e-03	0.00e+00	0.00e+00	0.00e+00	0.00e+00	4.78e-15	9.64e-15	2.47e-62
 6.94829e+13	2.23e-20	1.79e-14	2.00e-09	2.58e-05	9.98e-01	2.38e-03	0.00e+00	0.00e+00	0.00e+00	0.00e+00	5.92e-15	1.19e-14	5.33e-62
 7.22921e+13	3.04e-20	2.25e-14	2.34e-09	2.80e-05	9.98e-01	2.19e-03	0.00e+00	0.00e+00	0.00e+00	0.00e+00	7.47e-15	1.51e-14	1.23e-61
 7.49598e+13	4.02e-20	2.79e-14	2.71e-09	3.01e-05	9.98e-01	2.04e-03	0.00e+00	0.00e+00	0.00e+00	0.00e+00	9.24e-15	1.87e-14	2.65e-61
 7.73902e+13	5.15e-20	3.37e-14	3.07e-09	3.22e-05	9.98e-01	1.91e-03	0.00e+00	0.00e+00	0.00e+00	0.00e+00	1.11e-14	2.25e-14	5.21e-61
 8.01387e+13	6.75e-20	4.13e-14	3.54e-09	3.46e-05	9.98e-01	1.78e-03	0.00e+00	0.00e+00	0.00e+00	0.00e+00	1.37e-14	2.76e-14	1.09e-60
 8.33411e+13	9.16e-20	5.21e-14	4.14e-09	3.74e-05	9.98e-01	1.64e-03	0.00e+00	0.00e+00	0.00e+00	0.00e+00	1.72e-14	3.48e-14	2.50e-60
 8.64155e+13	1.21e-19	6.44e-14	4.78e-09	4.03e-05	9.98e-01	1.53e-03	0.00e+00	0.00e+00	0.00e+00	0.00e+00	2.13e-14	4.31e-14	5.40e-60
 8.89617e+13	1.52e-19	7.65e-14	5.37e-09	4.28e-05	9.99e-01	1.44e-03	0.00e+00	0.00e+00	0.00e+00	0.00e+00	2.53e-14	5.12e-14	1.00e-59
 9.15389e+13	1.90e-19	9.05e-14	6.02e-09	4.53e-05	9.99e-01	1.36e-03	0.00e+00	0.00e+00	0.00e+00	0.00e+00	2.99e-14	6.05e-14	1.84e-59
 9.48704e+13	2.51e-19	1.12e-13	6.95e-09	4.88e-05	9.99e-01	1.26e-03	0.00e+00	0.00e+00	0.00e+00	0.00e+00	3.69e-14	7.47e-14	3.94e-59
 9.83174e+13	3.32e-19	1.38e-13	8.02e-09	5.25e-05	9.99e-01	1.17e-03	0.00e+00	0.00e+00	0.00e+00	0.00e+00	4.56e-14	9.23e-14	8.45e-59
 1.01238e+14	4.17e-19	1.64e-13	9.01e-09	5.56e-05	9.99e-01	1.11e-03	0.00e+00	0.00e+00	0.00e+00	0.00e+00	5.42e-14	1.10e-13	1.58e-58
 1.04341e+14	5.28e-19	1.96e-13	1.02e-08	5.92e-05	9.99e-01	1.04e-03	0.00e+00	0.00e+00	0.00e+00	0.00e+00	6.47e-14	1.31e-13	3.01e-58
 1.08231e+14	7.03e-19	2.43e-13	1.18e-08	6.38e-05	9.99e-01	9.67e-04	0.00e+00	0.00e+00	0.00e+00	0.00e+00	8.03e-14	1.63e-13	6.60e-58
 1.12241e+14	9.34e-19	3.01e-13	1.36e-08	6.87e-05	9.99e-01	8.98e-04	0.00e+00	0.00e+00	0.00e+00	0.00e+00	9.96e-14	2.02e-13	1.44e-57
 1.15772e+14	1.19e-18	3.62e-13	1.54e-08	7.31e-05	9.99e-01	8.43e-04	0.00e+00	0.00e+00	0.00e+00	0.00e+00	1.20e-13	2.42e-13	2.81e-57
 1.19586e+14	1.53e-18	4.38e-13	1.76e-08	7.81e-05	9.99e-01	7.90e-04	0.00e+00	0.00e+00	0.00e+00	0.00e+00	1.45e-13	2.94e-13	5.61e-57
 1.24192e+14	2.06e-18	5.48e-13	2.04e-08	8.43e-05	9.99e-01	7.31e-04	0.00e+00	0.00e+00	0.00e+00	0.00e+00	1.81e-13	3.67e-13	1.26e-56
 1.28760e+14	2.73e-18	6.79e-13	2.36e-08	9.08e-05	9.99e-01	6.80e-04	0.00e+00	0.00e+00	0.00e+00	0.00e+00	2.24e-13	4.55e-13	2.75e-56
 1.32817e+14	3.49e-18	8.15e-13	2.67e-08	9.67e-05	9.99e-01	6.38e-04	0.00e+00	0.00e+00	0.00e+00	0.00e+00	2.69e-13	5.46e-13	5.37e-56
 1.37277e+14	4.51e-18	9.91e-13	3.05e-08	1.03e-04	9.99e-01	5.97e-04	0.00e+00	0.00e+00	0.00e+00	0.00e+00	3.27e-13	6.64e-13	1.09e-55
 1.42608e+14	6.07e-18	1.24e-12	3.55e-08	1.12e-04	9.99e-01	5.52e-04	0.00e+00	0.00e+00	0.00e+00	0.00e+00	4.09e-13	8.32e-13	2.46e-55
 1.47904e+14	8.07e-18	1.54e-12	4.11e-08	1.20e-04	9.99e-01	5.12e-04	0.00e+00	0.00e+00	0.00e+00	0.00e+00	5.07e-13	1.03e-12	5.39e-55
 1.52719e+14	1.04e-17	1.86e-12	4.67e-08	1.29e-04	9.99e-01	4.80e-04	0.00e+00	0.00e+00	0.00e+00	0.00e+00	6.12e-13	1.25e-12	1.07e-54
 1.58078e+14	1.35e-17	2.28e-12	5.37e-08	1.38e-04	9.99e-01	4.47e-04	0.00e+00	0.00e+00	0.00e+00	0.00e+00	7.50e-13	1.53e-12	2.24e-54
 1.64344e+14	1.83e-17	2.86e-12	6.28e-08	1.50e-04	9.99e-01	4.13e-04	0.00e+00	0.00e+00	0.00e+00	0.00e+00	9.42e-13	1.92e-12	5.14e-54
 1.70510e+14	2.43e-17	3.55e-12	7.28e-08	1.61e-04	9.99e-01	3.83e-04	0.00e+00	0.00e+00	0.00e+00	0.00e+00	1.17e-12	2.39e-12	1.13e-53
 1.76296e+14	3.15e-17	4.32e-12	8.33e-08	1.73e-04	9.99e-01	3.57e-04	0.00e+00	0.00e+00	0.00e+00	0.00e+00	1.42e-12	2.90e-12	2.30e-53
 1.82750e+14	4.15e-17	5.34e-12	9.63e-08	1.86e-04	9.99e-01	3.31e-04	0.00e+00	0.00e+00	0.00e+00	0.00e+00	1.75e-12	3.58e-12	4.92e-53
 1.90090e+14	5.61e-17	6.72e-12	1.13e-07	2.02e-04	9.99e-01	3.05e-04	0.00e+00	4.62e-18	1.39e-17	2.32e-17	2.21e-12	4.51e-12	1.13e-52
 1.97403e+14	7.49e-17	8.38e-12	1.31e-07	2.19e-04	9.99e-01	2.82e-04	0.00e+00	6.17e-18	1.85e-17	3.10e-17	2.75e-12	5.63e-12	2.52e-52
 2.05008e+14	9.99e-17	1.04e-11	1.53e-07	2.37e-04	1.00e+00	2.61e-04	0.00e+00	8.23e-18	2.47e-17	4.13e-17	3.43e-12	7.02e-12	5.59e-52
 2.13011e+14	1.33e-16	1.30e-11	1.79e-07	2.57e-04	1.00e+00	2.40e-04	0.00e+00	1.10e-17	3.30e-17	5.52e-17	4.28e-12	8.77e-12	1.25e-51
 2.19760e+14	1.69e-16	1.56e-11	2.03e-07	2.75e-04	1.00e+00	2.25e-04	0.00e+00	1.39e-17	4.19e-17	7.00e-17	5.13e-12	1.05e-11	2.41e-51
 2.25032e+14	2.02e-16	1.79e-11	2.23e-07	2.89e-04	9.99e-01	2.14e-04	0.00e+00	1.67e-17	5.00e-17	8.36e-17	5.88e-12	1.21e-11	3.94e-51
 2.30764e+14	2.44e-16	2.07e-11	2.47e-07	3.05e-04	9.99e-01	2.03e-04	0.00e+00	2.01e-17	6.04e-17	1.01e-16	6.80e-12	1.39e-11	6.65e-51
 2.38216e+14	3.09e-16	2.49e-11	2.81e-07	3.27e-04	9.99e-01	1.89e-04	0.00e+00	2.55e-17	7.65e-17	1.28e-16	8.16e-12	1.67e-11	1.28e-50
 2.46284e+14	3.95e-16	3.01e-11	3.22e-07	3.51e-04	9.99e-01	1.76e-04	0.00e+00	3.26e-17	9.80e-17	1.64e-16	9.87e-12	2.03e-11	2.56e-50
 2.53553e+14	4.90e-16	3.56e-11	3.63e-07	3.74e-04	9.99e-01	1.66e-04	0.00e+00	4.05e-17	1.21e-16	2.03e-16	1.17e-11	2.39e-11	4.66e-50
 2.61399e+14	6.12e-16	4.23e-11	4.11e-07	4.00e-04	9.99e-01	1.55e-04	0.00e+00	5.06e-17	1.52e-16	2.54e-16	1.39e-11	2.85e-11	8.71e-50
 2.71166e+14	8.00e-16	5.22e-11	4.77e-07	4.33e-04	9.99e-01	1.43e-04	0.00e+00	6.62e-17	1.99e-16	3.32e-16	1.71e-11	3.51e-11	1.85e-49
 2.81000e+14	1.04e-15	6.39e-11	5.52e-07	4.69e-04	9.99e-01	1.32e-04	0.00e+00	8.58e-17	2.58e-16	4.30e-16	2.09e-11	4.30e-11	3.83e-49
 2.89519e+14	1.29e-15	7.56e-11	6.23e-07	5.00e-04	9.99e-01	1.24e-04	0.00e+00	1.06e-16	3.20e-16	5.34e-16	2.47e-11	5.09e-11	7.06e-49
 2.98756e+14	1.60e-15	9.01e-11	7.08e-07	5.37e-04	9.99e-01	1.16e-04	0.00e+00	1.33e-16	4.00e-16	6.68e-16	2.95e-11	6.06e-11	1.33e-48
 3.10072e+14	2.09e-15	1.11e-10	8.25e-07	5.84e-04	9.99e-01	1.07e-04	0.00e+00	1.74e-16	5.21e-16	8.71e-16	3.63e-11	7.47e-11	2.83e-48
 3.21522e+14	2.70e-15	1.36e-10	9.56e-07	6.33e-04	9.99e-01	9.84e-05	0.00e+00	2.25e-16	6.75e-16	1.13e-15	4.45e-11	9.15e-11	5.92e-48
 3.31734e+14	3.36e-15	1.62e-10	1.09e-06	6.80e-04	9.99e-01	9.17e-05	0.00e+00	2.80e-16	8.40e-16	1.40e-15	5.29e-11	1.09e-10	1.11e-47
 3.42905e+14	4.24e-15	1.94e-10	1.24e-06	7.32e-04	9.99e-01	8.52e-05	0.00e+00	3.53e-16	1.06e-15	1.77e-15	6.35e-11	1.31e-10	2.17e-47
 3.56219e+14	5.52e-15	2.40e-10	1.45e-06	7.98e-04	9.99e-01	7.83e-05	0.00e+00	4.60e-16	1.38e-15	2.31e-15	7.84e-11	1.61e-10	4.70e-47
 3.69371e+14	7.08e-15	2.93e-10	1.68e-06	8.67e-04	9.99e-01	7.22e-05	0.00e+00	5.91e-16	1.78e-15	2.97e-15	9.57e-11	1.97e-10	9.78e-47
 3.81287e+14	8.80e-15	3.48e-10	1.92e-06	9.32e-04	9.99e-01	6.73e-05	0.00e+00	7.35e-16	2.21e-15	3.69e-15	1.14e-10	2.34e-10	1.86e-46
 3.94540e+14	1.11e-14	4.20e-10	2.20e-06	1.01e-03	9.99e-01	6.23e-05	0.00e+00	9.28e-16	2.79e-15	4.66e-15	1.37e-10	2.83e-10	3.71e-46
 4.10087e+14	1.44e-14	5.18e-10	2.58e-06	1.10e-03	9.99e-01	5.71e-05	0.00e+00	1.21e-15	3.63e-15	6.06e-15	1.69e-10	3.49e-10	8.10e-46
 4.25395e+14	1.84e-14	6.32e-10	2.99e-06	1.20e-03	9.99e-01	5.26e-05	0.00e+00	1.55e-15	4.64e-15	7.76e-15	2.07e-10	4.25e-10	1.70e-45
 4.39667e+14	2.30e-14	7.56e-10	3.42e-06	1.29e-03	9.99e-01	4.89e-05	0.00e+00	1.93e-15	5.80e-15	9.69e-15	2.47e-10	5.09e-10	3.33e-45
 4.55635e+14	2.92e-14	9.16e-10	3.95e-06	1.40e-03	9.99e-01	4.51e-05	0.00e+00	2.45e-15	7.37e-15	1.23e-14	3.00e-10	6.16e-10	6.88e-45
 4.73890e+14	3.79e-14	1.13e-09	4.62e-06	1.53e-03	9.98e-01	4.13e-05	0.00e+00	3.19e-15	9.57e-15	1.60e-14	3.70e-10	7.62e-10	1.53e-44
 4.91929e+14	4.85e-14	1.38e-09	5.37e-06	1.67e-03	9.98e-01	3.80e-05	0.00e+00	4.09e-15	1.23e-14	2.05e-14	4.53e-10	9.31e-10	3.29e-44
 5.10690e+14	6.20e-14	1.69e-09	6.25e-06	1.82e-03	9.98e-01	3.50e-05	0.00e+00	5.24e-15	1.57e-14	2.63e-14	5.54e-10	1.14e-09	7.10e-44
 5.27732e+14	7.69e-14	2.02e-09	7.13e-06	1.96e-03	9.98e-01	3.25e-05	0.00e+00	6.50e-15	1.95e-14	3.26e-14	6.61e-10	1.36e-09	1.39e-43
 5.40483e+14	8.99e-14	2.29e-09	7.84e-06	2.07e-03	9.98e-01	3.09e-05	0.00e+00	7.60e-15	2.28e-14	3.81e-14	7.51e-10	1.54e-09	2.28e-43
 5.53677e+14	1.05e-13	2.61e-09	8.64e-06	2.19e-03	9.98e-01	2.93e-05	0.00e+00	8.92e-15	2.68e-14	4.47e-14	8.56e-10	1.76e-09	3.74e-43
 5.70831e+14	1.28e-13	3.08e-09	9.76e-06	2.35e-03	9.98e-01	2.73e-05	0.00e+00	1.09e-14	3.27e-14	5.46e-14	1.01e-09	2.07e-09	7.03e-43
 5.89473e+14	1.59e-13	3.66e-09	1.11e-05	2.53e-03	9.97e-01	2.55e-05	0.00e+00	1.35e-14	4.04e-14	6.75e-14	1.20e-09	2.46e-09	1.40e-42
 6.06351e+14	1.91e-13	4.26e-09	1.24e-05	2.69e-03	9.97e-01	2.40e-05	0.00e+00	1.62e-14	4.87e-14	8.13e-14	1.40e-09	2.86e-09	2.51e-42
 6.24590e+14	2.31e-13	4.99e-09	1.40e-05	2.88e-03	9.97e-01	2.25e-05	0.00e+00	1.97e-14	5.91e-14	9.87e-14	1.64e-09	3.35e-09	4.70e-42
 6.47612e+14	2.94e-13	6.07e-09	1.62e-05	3.13e-03	9.97e-01	2.08e-05	0.00e+00	2.50e-14	7.51e-14	1.25e-13	1.99e-09	4.08e-09	1.02e-41
 6.70796e+14	3.52e-13	7.33e-09	1.86e-05	3.39e-03	9.97e-01	1.92e-05	0.00e+00	3.00e-14	9.02e-14	1.51e-13	2.41e-09	4.93e-09	2.15e-41
 6.90390e+14	4.23e-13	8.57e-09	2.09e-05	3.62e-03	9.96e-01	1.81e-05	0.00e+00	3.62e-14	1.09e-13	1.81e-13	2.81e-09	5.76e-09	4.00e-41
 7.11371e+14	5.13e-13	1.01e-08	2.35e-05	3.88e-03	9.96e-01	1.70e-05	0.00e+00	4.38e-14	1.32e-13	2.20e-13	3.31e-09	6.76e-09	7.63e-41
 7.37710e+14	6.48e-13	1.23e-08	2.72e-05	4.21e-03	9.96e-01	1.57e-05	0.00e+00	5.54e-14	1.66e-13	2.78e-13	4.03e-09	8.24e-09	1.67e-40
 7.65326e+14	8.18e-13	1.50e-08	3.15e-05	4.57e-03	9.95e-01	1.46e-05	0.00e+00	7.01e-14	2.10e-13	3.51e-13	4.92e-09	1.01e-08	3.71e-40
 7.90329e+14	1.00e-12	1.78e-08	3.58e-05	4.92e-03	9.95e-01	1.36e-05	0.00e+00	8.61e-14	2.59e-13	4.32e-13	5.86e-09	1.20e-08	7.42e-40
 8.17622e+14	1.25e-12	2.15e-08	4.10e-05	5.31e-03	9.95e-01	1.27e-05	0.00e+00	1.07e-13	3.22e-13	5.37e-13	7.06e-09	1.44e-08	1.55e-39
 8.49724e+14	1.60e-12	2.65e-08	4.78e-05	5.79e-03	9.94e-01	1.18e-05	0.00e+00	1.37e-13	4.12e-13	6.88e-13	8.73e-09	1.78e-08	3.59e-39
 8.81065e+14	2.01e-12	3.23e-08	5.52e-05	6.29e-03	9.94e-01	1.09e-05	0.00e+00	1.73e-13	5.19e-13	8.66e-13	1.06e-08	2.17e-08	7.85e-39
 9.09831e+14	2.47e-12	3.86e-08	6.28e-05	6.75e-03	9.93e-01	1.03e-05	0.00e+00	2.13e-13	6.38e-13	1.07e-12	1.27e-08	2.59e-08	1.58e-38
 9.42264e+14	3.08e-12	4.68e-08	7.22e-05	7.31e-03	9.93e-01	9.58e-06	0.00e+00	2.66e-13	7.98e-13	1.33e-12	1.54e-08	3.14e-08	3.38e-38
 9.79822e+14	3.95e-12	5.82e-08	8.43e-05	7.98e-03	9.92e-01	8.89e-06	0.00e+00	3.41e-13	1.02e-12	1.71e-12	1.92e-08	3.90e-08	7.92e-38
 1.01662e+15	4.99e-12	7.15e-08	9.78e-05	8.67e-03	9.91e-01	8.30e-06	0.00e+00	4.32e-13	1.30e-12	2.17e-12	2.35e-08	4.79e-08	1.75e-37
 1.05154e+15	6.20e-12	8.64e-08	1.12e-04	9.35e-03	9.91e-01	7.81e-06	0.00e+00	5.37e-13	1.61e-12	2.69e-12	2.85e-08	5.79e-08	3.64e-37
 1.08212e+15	7.37e-12	1.01e-07	1.26e-04	9.97e-03	9.90e-01	7.43e-06	0.00e+00	6.39e-13	1.92e-12	3.20e-12	3.34e-08	6.79e-08	6.78e-37
 1.10749e+15	8.52e-12	1.15e-07	1.38e-04	1.05e-02	9.89e-01	7.14e-06	0.00e+00	7.39e-13	2.22e-12	3.70e-12	3.80e-08	7.73e-08	1.12e-36
 1.13541e+15	9.99e-12	1.33e-07	1.52e-04	1.11e-02	9.89e-01	6.84e-06	0.00e+00	8.68e-13	2.60e-12	4.35e-12	4.38e-08	8.90e-08	1.92e-36
 1.17171e+15	1.22e-11	1.58e-07	1.73e-04	1.19e-02	9.88e-01	6.47e-06	0.00e+00	1.06e-12	3.19e-12	5.32e-12	5.22e-08	1.06e-07	3.79e-36
 1.21001e+15	1.50e-11	1.90e-07	1.96e-04	1.28e-02	9.87e-01	6.13e-06	0.00e+00	1.30e-12	3.91e-12	6.52e-12	6.26e-08	1.27e-07	7.58e-36
 1.24292e+15	1.76e-11	2.21e-07	2.19e-04	1.36e-02	9.86e-01	5.89e-06	0.00e+00	1.53e-12	4.61e-12	7.69e-12	7.30e-08	1.48e-07	1.35e-35
 1.27772e+15	2.11e-11	2.59e-07	2.45e-04	1.44e-02	9.85e-01	5.64e-06	0.00e+00	1.84e-12	5.52e-12	9.21e-12	8.54e-08	1.73e-07	2.44e-35
 1.32297e+15	2.62e-11	3.15e-07	2.81e-04	1.56e-02	9.84e-01	5.35e-06	0.00e+00	2.29e-12	6.87e-12	1.15e-11	1.04e-07	2.11e-07	5.17e-35
 1.36954e+15	3.25e-11	3.83e-07	3.23e-04	1.69e-02	9.83e-01	5.08e-06	0.00e+00	2.84e-12	8.53e-12	1.42e-11	1.27e-07	2.57e-07	1.07e-34
 1.40831e+15	3.85e-11	4.50e-07	3.62e-04	1.80e-02	9.82e-01	4.90e-06	0.00e+00	3.36e-12	1.01e-11	1.68e-11	1.49e-07	3.01e-07	1.94e-34
 1.44917e+15	4.62e-11	5.30e-07	4.06e-04	1.91e-02	9.80e-01	4.71e-06	0.00e+00	4.04e-12	1.21e-11	2.02e-11	1.75e-07	3.55e-07	3.56e-34
 1.50173e+15	5.80e-11	6.49e-07	4.69e-04	2.07e-02	9.79e-01	4.48e-06	0.00e+00	5.08e-12	1.52e-11	2.54e-11	2.15e-07	4.35e-07	7.57e-34
 1.55699e+15	7.25e-11	7.99e-07	5.43e-04	2.25e-02	9.77e-01	4.28e-06	0.00e+00	6.36e-12	1.91e-11	3.18e-11	2.64e-07	5.35e-07	1.62e-33
 1.60523e+15	8.69e-11	9.52e-07	6.15e-04	2.40e-02	9.75e-01	4.14e-06	0.00e+00	7.63e-12	2.29e-11	3.82e-11	3.15e-07	6.37e-07	3.05e-33
 1.65683e+15	1.07e-10	1.14e-06	6.99e-04	2.58e-02	9.74e-01	3.99e-06	0.00e+00	9.37e-12	2.81e-11	4.69e-11	3.78e-07	7.65e-07	5.90e-33
 1.71973e+15	1.34e-10	1.42e-06	8.14e-04	2.80e-02	9.71e-01	3.84e-06	0.00e+00	1.18e-11	3.54e-11	5.90e-11	4.68e-07	9.48e-07	1.28e-32
 1.78219e+15	1.67e-10	1.73e-06	9.40e-04	3.04e-02	9.69e-01	3.69e-06	0.00e+00	1.47e-11	4.41e-11	7.36e-11	5.74e-07	1.16e-06	2.65e-32
 1.83734e+15	2.00e-10	2.07e-06	1.06e-03	3.25e-02	9.66e-01	3.60e-06	0.00e+00	1.76e-11	5.29e-11	8.83e-11	6.84e-07	1.38e-06	4.93e-32
 1.89811e+15	2.47e-10	2.50e-06	1.22e-03	3.50e-02	9.64e-01	3.49e-06	0.00e+00	2.18e-11	6.53e-11	1.09e-10	8.26e-07	1.67e-06	9.58e-32
 1.97112e+15	3.11e-10	3.10e-06	1.42e-03	3.81e-02	9.61e-01	3.38e-06	0.00e+00	2.74e-11	8.23e-11	1.37e-10	1.03e-06	2.08e-06	2.06e-31
 2.04057e+15	3.85e-10	3.79e-06	1.63e-03	4.11e-02	9.57e-01	3.27e-06	0.00e+00	3.40e-11	1.02e-10	1.70e-10	1.25e-06	2.53e-06	4.12e-31
 2.09887e+15	4.56e-10	4.46e-06	1.83e-03	4.38e-02	9.54e-01	3.22e-06	0.00e+00	4.03e-11	1.21e-10	2.02e-10	1.48e-06	2.98e-06	7.26e-31
 2.15147e+15	5.32e-10	5.15e-06	2.03e-03	4.63e-02	9.52e-01	3.16e-06	0.00e+00	4.71e-11	1.41e-10	2.36e-10	1.71e-06	3.44e-06	1.19e-30
 2.20914e+15	6.33e-10	6.02e-06	2.26e-03	4.92e-02	9.49e-01	3.09e-06	0.00e+00	5.61e-11	1.68e-10	2.81e-10	1.99e-06	4.02e-06	2.03e-30
 2.27332e+15	7.56e-10	7.10e-06	2.55e-03	5.25e-02	9.45e-01	3.02e-06	0.00e+00	6.70e-11	2.01e-10	3.36e-10	2.35e-06	4.75e-06	3.58e-30
 2.33363e+15	8.96e-10	8.27e-06	2.83e-03	5.57e-02	9.41e-01	2.97e-06	0.00e+00	7.95e-11	2.39e-10	3.98e-10	2.74e-06	5.53e-06	6.00e-30
 2.39967e+15	1.07e-09	9.75e-06	3.18e-03	5.93e-02	9.37e-01	2.92e-06	0.00e+00	9.53e-11	2.86e-10	4.77e-10	3.23e-06	6.52e-06	1.05e-29
 2.47225e+15	1.30e-09	1.16e-05	3.60e-03	6.35e-02	9.33e-01	2.86e-06	0.00e+00	1.16e-10	3.47e-10	5.78e-10	3.85e-06	7.75e-06	1.87e-29
 2.53945e+15	1.55e-09	1.36e-05	4.02e-03	6.74e-02	9.29e-01	2.82e-06	0.00e+00	1.37e-10	4.12e-10	6.88e-10	4.50e-06	9.07e-06	3.14e-29
 2.61298e+15	1.88e-09	1.61e-05	4.53e-03	7.20e-02	9.23e-01	2.79e-06	0.00e+00	1.67e-10	5.01e-10	8.36e-10	5.33e-06	1.07e-05	5.51e-29
 2.69442e+15	2.28e-09	1.92e-05	5.14e-03	7.72e-02	9.18e-01	2.73e-06	0.00e+00	2.03e-10	6.09e-10	1.02e-09	6.38e-06	1.28e-05	9.91e-29
 2.77126e+15	2.74e-09	2.27e-05	5.78e-03	8.22e-02	9.12e-01	2.69e-06	0.00e+00	2.44e-10	7.33e-10	1.22e-09	7.52e-06	1.51e-05	1.69e-28
 2.85628e+15	3.38e-09	2.71e-05	6.56e-03	8.82e-02	9.05e-01	2.65e-06	0.00e+00	3.01e-10	9.04e-10	1.51e-09	9.00e-06	1.81e-05	3.05e-28
 2.94897e+15	4.17e-09	3.27e-05	7.50e-03	9.48e-02	8.98e-01	2.60e-06	0.00e+00	3.73e-10	1.12e-09	1.87e-09	1.09e-05	2.19e-05	5.53e-28
 3.03277e+15	4.99e-09	3.85e-05	8.42e-03	1.01e-01	8.91e-01	2.56e-06	0.00e+00	4.47e-10	1.34e-09	2.24e-09	1.28e-05	2.57e-05	9.25e-28
 3.12285e+15	6.15e-09	4.59e-05	9.54e-03	1.08e-01	8.82e-01	2.52e-06	0.00e+00	5.51e-10	1.65e-09	2.76e-09	1.53e-05	3.07e-05	1.62e-27
 3.22276e+15	7.54e-09	5.53e-05	1.09e-02	1.16e-01	8.73e-01	2.47e-06	0.00e+00	6.77e-10	2.03e-09	3.39e-09	1.84e-05	3.69e-05	2.89e-27
 3.31645e+15	9.17e-09	6.55e-05	1.23e-02	1.24e-01	8.64e-01	2.43e-06	0.00e+00	8.24e-10	2.47e-09	4.12e-09	2.17e-05	4.37e-05	4.85e-27
 3.41926e+15	1.15e-08	7.88e-05	1.40e-02	1.33e-01	8.53e-01	2.40e-06	0.00e+00	1.03e-09	3.10e-09	5.17e-09	2.62e-05	5.26e-05	8.63e-27
 3.53135e+15	1.42e-08	9.53e-05	1.61e-02	1.43e-01	8.41e-01	2.34e-06	0.00e+00	1.28e-09	3.84e-09	6.40e-09	3.17e-05	6.36e-05	1.53e-26
 3.62825e+15	1.71e-08	1.12e-04	1.80e-02	1.52e-01	8.30e-01	2.31e-06	0.00e+00	1.55e-09	4.64e-09	7.73e-09	3.71e-05	7.45e-05	2.44e-26
 3.71301e+15	2.02e-08	1.28e-04	1.99e-02	1.60e-01	8.20e-01	2.28e-06	0.00e+00	1.82e-09	5.46e-09	9.11e-09	4.26e-05	8.55e-05	3.69e-26
 3.80918e+15	2.44e-08	1.50e-04	2.22e-02	1.69e-01	8.08e-01	2.23e-06	0.00e+00	2.20e-09	6.60e-09	1.10e-08	4.99e-05	1.00e-04	5.92e-26
 3.91786e+15	3.02e-08	1.78e-04	2.51e-02	1.80e-01	7.94e-01	2.21e-06	0.00e+00	2.73e-09	8.20e-09	1.37e-08	5.91e-05	1.19e-04	9.78e-26
 4.01923e+15	3.58e-08	2.07e-04	2.81e-02	1.91e-01	7.81e-01	2.16e-06	0.00e+00	3.25e-09	9.74e-09	1.62e-08	6.88e-05	1.38e-04	1.51e-25
 4.11232e+15	4.25e-08	2.38e-04	3.10e-02	2.01e-01	7.68e-01	2.12e-06	0.00e+00	3.85e-09	1.16e-08	1.93e-08	7.91e-05	1.59e-04	2.25e-25
 4.21821e+15	5.17e-08	2.79e-04	3.48e-02	2.13e-01	7.52e-01	2.07e-06	0.00e+00	4.70e-09	1.41e-08	2.35e-08	9.28e-05	1.86e-04	3.59e-25
 4.33392e+15	6.38e-08	3.29e-04	3.93e-02	2.26e-01	7.35e-01	2.03e-06	0.00e+00	5.80e-09	1.74e-08	2.90e-08	1.10e-04	2.20e-04	5.76e-25
 4.43909e+15	7.67e-08	3.81e-04	4.37e-02	2.37e-01	7.18e-01	2.00e-06	0.00e+00	6.98e-09	2.09e-08	3.49e-08	1.27e-04	2.54e-04	8.64e-25
 4.53547e+15	9.09e-08	4.36e-04	4.82e-02	2.49e-01	7.03e-01	1.96e-06	0.00e+00	8.28e-09	2.48e-08	4.14e-08	1.45e-04	2.91e-04	1.25e-24
 4.64369e+15	1.09e-07	5.07e-04	5.39e-02	2.62e-01	6.84e-01	1.91e-06	0.00e+00	9.96e-09	2.99e-08	4.98e-08	1.69e-04	3.38e-04	1.93e-24
 4.76455e+15	1.36e-07	5.98e-04	6.07e-02	2.76e-01	6.62e-01	1.88e-06	0.00e+00	1.24e-08	3.72e-08	6.21e-08	1.99e-04	3.99e-04	3.05e-24
 4.87734e+15	1.62e-07	6.92e-04	6.77e-02	2.90e-01	6.42e-01	1.82e-06	0.00e+00	1.48e-08	4.44e-08	7.40e-08	2.30e-04	4.61e-04	4.52e-24
 4.98337e+15	1.94e-07	7.96e-04	7.50e-02	3.03e-01	6.21e-01	1.78e-06	0.00e+00	1.78e-08	5.32e-08	8.87e-08	2.65e-04	5.31e-04	6.44e-24
 5.08917e+15	2.32e-07	9.14e-04	8.30e-02	3.16e-01	6.00e-01	1.74e-06	0.00e+00	2.13e-08	6.38e-08	1.06e-07	3.04e-04	6.09e-04	9.44e-24
 5.21071e+15	2.90e-07	1.08e-03	9.36e-02	3.31e-01	5.74e-01	1.69e-06	0.00e+00	2.66e-08	7.99e-08	1.33e-07	3.59e-04	7.19e-04	1.51e-23
 5.33960e+15	3.55e-07	1.26e-03	1.05e-01	3.46e-01	5.47e-01	1.63e-06	0.00e+00	3.27e-08	9.80e-08	1.63e-07	4.21e-04	8.43e-04	2.31e-23
 5.45287e+15	4.29e-07	1.46e-03	1.17e-01	3.60e-01	5.22e-01	1.59e-06	0.00e+00	3.95e-08	1.18e-07	1.97e-07	4.86e-04	9.72e-04	3.40e-23
 5.55877e+15	5.21e-07	1.67e-03	1.29e-01	3.72e-01	4.97e-01	1.56e-06	0.00e+00	4.79e-08	1.44e-07	2.40e-07	5.57e-04	1.11e-03	4.96e-23
 5.66260e+15	6.18e-07	1.91e-03	1.42e-01	3.84e-01	4.72e-01	1.51e-06	0.00e+00	5.69e-08	1.71e-07	2.85e-07	6.36e-04	1.27e-03	7.16e-23
 5.76423e+15	7.36e-07	2.17e-03	1.56e-01	3.95e-01	4.47e-01	1.48e-06	0.00e+00	6.79e-08	2.04e-07	3.39e-07	7.23e-04	1.45e-03	1.03e-22
 5.86461e+15	8.67e-07	2.45e-03	1.71e-01	4.04e-01	4.22e-01	1.43e-06	0.00e+00	8.01e-08	2.40e-07	4.00e-07	8.18e-04	1.64e-03	1.44e-22
 5.97907e+15	1.07e-06	2.87e-03	1.91e-01	4.15e-01	3.91e-01	1.37e-06	0.00e+00	9.92e-08	2.97e-07	4.96e-07	9.55e-04	1.91e-03	2.28e-22
 6.09352e+15	1.29e-06	3.28e-03	2.11e-01	4.24e-01	3.62e-01	1.32e-06	0.00e+00	1.19e-07	3.58e-07	5.97e-07	1.09e-03	2.19e-03	3.28e-22
 6.18752e+15	1.52e-06	3.69e-03	2.29e-01	4.30e-01	3.37e-01	1.28e-06	0.00e+00	1.40e-07	4.21e-07	7.01e-07	1.23e-03	2.46e-03	4.63e-22
 6.26512e+15	1.76e-06	4.08e-03	2.46e-01	4.34e-01	3.16e-01	1.26e-06	0.00e+00	1.63e-07	4.88e-07	8.13e-07	1.36e-03	2.72e-03	6.21e-22
 6.32829e+15	1.96e-06	4.42e-03	2.60e-01	4.37e-01	2.99e-01	1.23e-06	0.00e+00	1.81e-07	5.44e-07	9.06e-07	1.47e-03	2.94e-03	7.86e-22
 6.39687e+15	2.23e-06	4.83e-03	2.76e-01	4.39e-01	2.80e-01	1.20e-06	0.00e+00	2.07e-07	6.21e-07	1.03e-06	1.61e-03	3.22e-03	1.02e-21
 6.47385e+15	2.53e-06	5.27e-03	2.95e-01	4.41e-01	2.59e-01	1.15e-06	0.00e+00	2.35e-07	7.04e-07	1.17e-06	1.76e-03	3.51e-03	1.32e-21
 6.54934e+15	2.94e-06	5.87e-03	3.16e-01	4.41e-01	2.38e-01	1.11e-06	0.00e+00	2.74e-07	8.20e-07	1.37e-06	1.96e-03	3.91e-03	1.87e-21
 6.61416e+15	3.27e-06	6.30e-03	3.33e-01	4.40e-01	2.21e-01	1.08e-06	0.00e+00	3.04e-07	9.12e-07	1.52e-06	2.10e-03	4.20e-03	2.31e-21
 6.67749e+15	3.74e-06	6.94e-03	3.53e-01	4.38e-01	2.02e-01	1.04e-06	0.00e+00	3.48e-07	1.04e-06	1.74e-06	2.31e-03	4.62e-03	3.18e-21
 6.74224e+15	4.17e-06	7.45e-03	3.71e-01	4.35e-01	1.86e-01	1.00e-06	0.00e+00	3.89e-07	1.17e-06	1.94e-06	2.48e-03	4.96e-03	3.94e-21
 6.80882e+15	4.84e-06	8.26e-03	3.94e-01	4.31e-01	1.67e-01	9.64e-07	0.00e+00	4.51e-07	1.35e-06	2.25e-06	2.76e-03	5.51e-03	5.70e-21
 6.87254e+15	5.43e-06	8.92e-03	4.14e-01	4.26e-01	1.52e-01	0.00e+00	0.00e+00	5.06e-07	1.52e-06	2.53e-06	2.98e-03	5.94e-03	7.26e-21
 6.92385e+15	5.96e-06	9.46e-03	4.30e-01	4.21e-01	1.39e-01	0.00e+00	0.00e+00	5.55e-07	1.67e-06	2.77e-06	3.16e-03	6.30e-03	8.79e-21
 6.98186e+15	6.86e-06	1.04e-02	4.52e-01	4.14e-01	1.24e-01	0.00e+00	0.00e+00	6.40e-07	1.92e-06	3.20e-06	3.46e-03	6.91e-03	1.24e-20
 7.03896e+15	7.64e-06	1.11e-02	4.72e-01	4.06e-01	1.11e-01	0.00e+00	0.00e+00	7.13e-07	2.14e-06	3.56e-06	3.71e-03	7.40e-03	1.57e-20
 7.08745e+15	8.38e-06	1.17e-02	4.88e-01	3.99e-01	1.01e-01	0.00e+00	0.00e+00	7.83e-07	2.35e-06	3.91e-06	3.92e-03	7.82e-03	1.89e-20
 7.14307e+15	9.71e-06	1.28e-02	5.10e-01	3.89e-01	8.78e-02	0.00e+00	0.00e+00	9.08e-07	2.72e-06	4.53e-06	4.28e-03	8.54e-03	2.68e-20
 7.19741e+15	1.07e-05	1.35e-02	5.28e-01	3.80e-01	7.80e-02	0.00e+00	0.00e+00	9.97e-07	2.99e-06	4.98e-06	4.52e-03	9.02e-03	3.21e-20
 7.25008e+15	1.20e-05	1.45e-02	5.48e-01	3.70e-01	6.78e-02	0.00e+00	0.00e+00	1.13e-06	3.38e-06	5.63e-06	4.86e-03	9.69e-03	4.22e-20
 7.30567e+15	1.37e-05	1.56e-02	5.68e-01	3.58e-01	5.82e-02	0.00e+00	0.00e+00	1.28e-06	3.85e-06	6.41e-06	5.22e-03	1.04e-02	5.60e-20
 7.35301e+15	1.57e-05	1.68e-02	5.86e-01	3.47e-01	5.02e-02	0.00e+00	0.00e+00	1.47e-06	4.42e-06	7.36e-06	5.61e-03	1.12e-02	7.60e-20
 7.39239e+15	1.74e-05	1.77e-02	6.00e-01	3.37e-01	4.45e-02	0.00e+00	0.00e+00	1.63e-06	4.89e-06	8.14e-06	5.90e-03	1.18e-02	9.27e-20
 7.43349e+15	1.90e-05	1.85e-02	6.14e-01	3.28e-01	3.90e-02	0.00e+00	0.00e+00	1.78e-06	5.34e-06	8.89e-06	6.18e-03	1.23e-02	1.11e-19
 7.48691e+15	2.22e-05	2.01e-02	6.35e-01	3.13e-01	3.19e-02	0.00e+00	0.00e+00	2.09e-06	6.25e-06	1.04e-05	6.70e-03	1.34e-02	1.62e-19
 7.53856e+15	2.51e-05	2.14e-02	6.51e-01	3.01e-01	2.66e-02	0.00e+00	0.00e+00	2.36e-06	7.08e-06	1.18e-05	7.13e-03	1.42e-02	2.12e-19
 7.57309e+15	2.78e-05	2.22e-02	6.62e-01	2.92e-01	2.34e-02	0.00e+00	0.00e+00	2.62e-06	7.86e-06	1.31e-05	7.43e-03	1.48e-02	2.58e-19
 7.59841e+15	2.97e-05	2.30e-02	6.70e-01	2.85e-01	2.12e-02	0.00e+00	0.00e+00	2.80e-06	8.40e-06	1.40e-05	7.67e-03	1.53e-02	2.99e-19
 7.62654e+15	3.19e-05	2.38e-02	6.79e-01	2.78e-01	1.88e-02	0.00e+00	0.00e+00	3.01e-06	9.02e-06	1.50e-05	7.95e-03	1.58e-02	3.55e-19
 7.66312e+15	3.53e-05	2.49e-02	6.91e-01	2.68e-01	1.61e-02	0.00e+00	0.00e+00	3.33e-06	9.99e-06	1.66e-05	8.33e-03	1.66e-02	4.48e-19
 7.70072e+15	3.83e-05	2.61e-02	7.02e-01	2.58e-01	1.37e-02	0.00e+00	0.00e+00	3.62e-06	1.08e-05	1.81e-05	8.72e-03	1.74e-02	5.58e-19
 7.73201e+15	4.12e-05	2.71e-02	7.11e-01	2.50e-01	1.20e-02	0.00e+00	0.00e+00	3.90e-06	1.17e-05	1.95e-05	9.05e-03	1.80e-02	6.68e-19
 7.76506e+15	4.46e-05	2.82e-02	7.20e-01	2.41e-01	1.03e-02	0.00e+00	0.00e+00	4.23e-06	1.27e-05	2.11e-05	9.44e-03	1.88e-02	8.21e-19
 7.80181e+15	4.82e-05	2.95e-02	7.30e-01	2.32e-01	8.66e-03	0.00e+00	0.00e+00	4.57e-06	1.37e-05	2.28e-05	9.86e-03	1.96e-02	1.02e-18
 7.83651e+15	5.22e-05	3.07e-02	7.39e-01	2.23e-01	7.37e-03	0.00e+00	0.00e+00	4.96e-06	1.49e-05	2.47e-05	1.03e-02	2.05e-02	1.25e-18
