#depth	He	He+	He+2
 1.49634e+10	3.58e-23	1.98e-11	1.00e+00
 4.54887e+10	3.95e-23	2.14e-11	1.00e+00
 7.72350e+10	4.35e-23	2.32e-11	1.00e+00
 1.10251e+11	4.79e-23	2.51e-11	1.00e+00
 1.44588e+11	5.27e-23	2.73e-11	1.00e+00
 1.80298e+11	5.81e-23	2.95e-11	1.00e+00
 2.17437e+11	6.40e-23	3.20e-11	1.00e+00
 2.56061e+11	7.05e-23	3.48e-11	1.00e+00
 2.96231e+11	7.77e-23	3.77e-11	1.00e+00
 3.38007e+11	8.57e-23	4.09e-11	1.00e+00
 3.81454e+11	9.45e-23	4.44e-11	1.00e+00
 4.26639e+11	1.04e-22	4.82e-11	1.00e+00
 4.73631e+11	1.15e-22	5.24e-11	1.00e+00
 5.22503e+11	1.27e-22	5.69e-11	1.00e+00
 5.73330e+11	1.40e-22	6.18e-11	1.00e+00
 6.26190e+11	1.55e-22	6.71e-11	1.00e+00
 6.81164e+11	1.72e-22	7.30e-11	1.00e+00
 7.38337e+11	1.90e-22	7.93e-11	1.00e+00
 7.97798e+11	2.11e-22	8.62e-11	1.00e+00
 8.59636e+11	2.34e-22	9.38e-11	1.00e+00
 9.23949e+11	2.60e-22	1.02e-10	1.00e+00
 9.90833e+11	2.89e-22	1.11e-10	1.00e+00
 1.06039e+12	3.21e-22	1.21e-10	1.00e+00
 1.13274e+12	3.58e-22	1.32e-10	1.00e+00
 1.20797e+12	3.99e-22	1.43e-10	1.00e+00
 1.28622e+12	4.46e-22	1.56e-10	1.00e+00
 1.36759e+12	4.99e-22	1.70e-10	1.00e+00
 1.45222e+12	5.58e-22	1.86e-10	1.00e+00
 1.54024e+12	6.26e-22	2.02e-10	1.00e+00
 1.63178e+12	7.03e-22	2.21e-10	1.00e+00
 1.72697e+12	7.91e-22	2.41e-10	1.00e+00
 1.82598e+12	8.90e-22	2.63e-10	1.00e+00
 1.92895e+12	1.00e-21	2.87e-10	1.00e+00
 2.03603e+12	1.14e-21	3.13e-10	1.00e+00
 2.14740e+12	1.29e-21	3.42e-10	1.00e+00
 2.26322e+12	1.46e-21	3.73e-10	1.00e+00
 2.38368e+12	1.66e-21	4.08e-10	1.00e+00
 2.50895e+12	1.88e-21	4.45e-10	1.00e+00
 2.63924e+12	2.15e-21	4.87e-10	1.00e+00
 2.77473e+12	2.46e-21	5.32e-10	1.00e+00
 2.91565e+12	2.81e-21	5.81e-10	1.00e+00
 3.06220e+12	3.23e-21	6.36e-10	1.00e+00
 3.21461e+12	3.71e-21	6.95e-10	1.00e+00
 3.37313e+12	4.27e-21	7.61e-10	1.00e+00
 3.53798e+12	4.93e-21	8.32e-10	1.00e+00
 3.70942e+12	5.70e-21	9.10e-10	1.00e+00
 3.88773e+12	6.61e-21	9.96e-10	1.00e+00
 4.07316e+12	7.68e-21	1.09e-09	1.00e+00
 4.26602e+12	8.94e-21	1.19e-09	1.00e+00
 4.46658e+12	1.04e-20	1.31e-09	1.00e+00
 4.67517e+12	1.22e-20	1.43e-09	1.00e+00
 4.89211e+12	1.43e-20	1.57e-09	1.00e+00
 5.11772e+12	1.67e-20	1.72e-09	1.00e+00
 5.35235e+12	1.96e-20	1.88e-09	1.00e+00
 5.59638e+12	2.31e-20	2.06e-09	1.00e+00
 5.85016e+12	2.72e-20	2.25e-09	1.00e+00
 6.11409e+12	3.22e-20	2.47e-09	1.00e+00
 6.38858e+12	3.80e-20	2.70e-09	1.00e+00
 6.67405e+12	4.50e-20	2.96e-09	1.00e+00
 6.97094e+12	5.34e-20	3.24e-09	1.00e+00
 7.27970e+12	6.33e-20	3.55e-09	1.00e+00
 7.60082e+12	7.52e-20	3.89e-09	1.00e+00
 7.93478e+12	8.95e-20	4.26e-09	1.00e+00
 8.28210e+12	1.06e-19	4.67e-09	1.00e+00
 8.64331e+12	1.27e-19	5.11e-09	1.00e+00
 9.01897e+12	1.51e-19	5.60e-09	1.00e+00
 9.40965e+12	1.80e-19	6.13e-09	1.00e+00
 9.81596e+12	2.15e-19	6.71e-09	1.00e+00
 1.02385e+13	2.56e-19	7.34e-09	1.00e+00
 1.06780e+13	3.06e-19	8.04e-09	1.00e+00
 1.11197e+13	3.63e-19	8.77e-09	1.00e+00
 1.15791e+13	4.32e-19	9.57e-09	1.00e+00
 1.20722e+13	5.15e-19	1.05e-08	1.00e+00
 1.25850e+13	6.16e-19	1.15e-08	1.00e+00
 1.31184e+13	7.35e-19	1.25e-08	1.00e+00
 1.36730e+13	8.78e-19	1.37e-08	1.00e+00
 1.42499e+13	1.05e-18	1.50e-08	1.00e+00
 1.48498e+13	1.25e-18	1.64e-08	1.00e+00
 1.54737e+13	1.50e-18	1.79e-08	1.00e+00
 1.61226e+13	1.79e-18	1.96e-08	1.00e+00
 1.67974e+13	2.13e-18	2.15e-08	1.00e+00
 1.74992e+13	2.55e-18	2.35e-08	1.00e+00
 1.82291e+13	3.04e-18	2.56e-08	1.00e+00
 1.89882e+13	3.63e-18	2.80e-08	1.00e+00
 1.97777e+13	4.34e-18	3.06e-08	1.00e+00
 2.05987e+13	5.18e-18	3.35e-08	1.00e+00
 2.14526e+13	6.18e-18	3.66e-08	1.00e+00
 2.23406e+13	7.38e-18	3.99e-08	1.00e+00
 2.32642e+13	8.80e-18	4.36e-08	1.00e+00
 2.42247e+13	1.05e-17	4.77e-08	1.00e+00
 2.52236e+13	1.25e-17	5.21e-08	1.00e+00
 2.62625e+13	1.50e-17	5.69e-08	1.00e+00
 2.73429e+13	1.78e-17	6.22e-08	1.00e+00
 2.84665e+13	2.13e-17	6.79e-08	1.00e+00
 2.96351e+13	2.54e-17	7.41e-08	1.00e+00
 3.08505e+13	3.03e-17	8.10e-08	1.00e+00
 3.21144e+13	3.61e-17	8.85e-08	1.00e+00
 3.34289e+13	4.30e-17	9.66e-08	1.00e+00
 3.47960e+13	5.13e-17	1.05e-07	1.00e+00
 3.62178e+13	6.12e-17	1.15e-07	1.00e+00
 3.76964e+13	7.29e-17	1.26e-07	1.00e+00
 3.92342e+13	8.68e-17	1.37e-07	1.00e+00
 4.08335e+13	1.03e-16	1.50e-07	1.00e+00
 4.24967e+13	1.23e-16	1.63e-07	1.00e+00
 4.42265e+13	1.47e-16	1.78e-07	1.00e+00
 4.60255e+13	1.75e-16	1.95e-07	1.00e+00
 4.78965e+13	2.08e-16	2.12e-07	1.00e+00
 4.98422e+13	2.48e-16	2.32e-07	1.00e+00
 5.18659e+13	2.95e-16	2.53e-07	1.00e+00
 5.39704e+13	3.52e-16	2.76e-07	1.00e+00
 5.61592e+13	4.19e-16	3.01e-07	1.00e+00
 5.84355e+13	5.00e-16	3.29e-07	1.00e+00
 6.08028e+13	5.95e-16	3.59e-07	1.00e+00
 6.32648e+13	7.09e-16	3.92e-07	1.00e+00
 6.58254e+13	8.46e-16	4.28e-07	1.00e+00
 6.84883e+13	1.01e-15	4.67e-07	1.00e+00
 7.10619e+13	1.19e-15	5.07e-07	1.00e+00
 7.34710e+13	1.38e-15	5.45e-07	1.00e+00
 7.61723e+13	1.61e-15	5.91e-07	1.00e+00
 7.92491e+13	1.92e-15	6.45e-07	1.00e+00
 8.23003e+13	2.27e-15	7.01e-07	1.00e+00
 8.54735e+13	2.69e-15	7.62e-07	1.00e+00
 8.89224e+13	3.20e-15	8.32e-07	1.00e+00
 9.24237e+13	3.80e-15	9.06e-07	1.00e+00
 9.60650e+13	4.51e-15	9.87e-07	1.00e+00
 9.99376e+13	5.37e-15	1.08e-06	1.00e+00
 1.03965e+14	6.39e-15	1.18e-06	1.00e+00
 1.08154e+14	7.62e-15	1.28e-06	1.00e+00
 1.12510e+14	9.08e-15	1.40e-06	1.00e+00
 1.17040e+14	1.08e-14	1.53e-06	1.00e+00
 1.21751e+14	1.29e-14	1.67e-06	1.00e+00
 1.26651e+14	1.53e-14	1.82e-06	1.00e+00
 1.31747e+14	1.83e-14	1.99e-06	1.00e+00
 1.37047e+14	2.17e-14	2.17e-06	1.00e+00
 1.42559e+14	2.59e-14	2.37e-06	1.00e+00
 1.48291e+14	3.08e-14	2.59e-06	1.00e+00
 1.54253e+14	3.67e-14	2.82e-06	1.00e+00
 1.60453e+14	4.36e-14	3.08e-06	1.00e+00
 1.66901e+14	5.19e-14	3.36e-06	1.00e+00
 1.73607e+14	6.17e-14	3.67e-06	1.00e+00
 1.80581e+14	7.32e-14	3.99e-06	1.00e+00
 1.87834e+14	8.69e-14	4.35e-06	1.00e+00
 1.95378e+14	1.03e-13	4.75e-06	1.00e+00
 2.03223e+14	1.22e-13	5.17e-06	1.00e+00
 2.11381e+14	1.45e-13	5.63e-06	1.00e+00
 2.19867e+14	1.71e-13	6.13e-06	1.00e+00
 2.28691e+14	2.03e-13	6.68e-06	1.00e+00
 2.37869e+14	2.39e-13	7.26e-06	1.00e+00
 2.47413e+14	2.83e-13	7.90e-06	1.00e+00
 2.57340e+14	3.34e-13	8.60e-06	1.00e+00
 2.67663e+14	3.93e-13	9.35e-06	1.00e+00
 2.78400e+14	4.64e-13	1.02e-05	1.00e+00
 2.89566e+14	5.46e-13	1.10e-05	1.00e+00
 3.01178e+14	6.43e-13	1.20e-05	1.00e+00
 3.13256e+14	7.56e-13	1.30e-05	1.00e+00
 3.25816e+14	8.90e-13	1.42e-05	1.00e+00
 3.38878e+14	1.05e-12	1.54e-05	1.00e+00
 3.52463e+14	1.23e-12	1.67e-05	1.00e+00
 3.65711e+14	1.43e-12	1.81e-05	1.00e+00
 3.78349e+14	1.64e-12	1.94e-05	1.00e+00
 3.92372e+14	1.91e-12	2.10e-05	1.00e+00
 4.08096e+14	2.23e-12	2.28e-05	1.00e+00
 4.23901e+14	2.61e-12	2.46e-05	1.00e+00
 4.40337e+14	3.04e-12	2.67e-05	1.00e+00
 4.57981e+14	3.56e-12	2.89e-05	1.00e+00
 4.76330e+14	4.17e-12	3.14e-05	1.00e+00
 4.95413e+14	4.88e-12	3.40e-05	1.00e+00
 5.15260e+14	5.71e-12	3.69e-05	1.00e+00
 5.35900e+14	6.66e-12	4.00e-05	1.00e+00
 5.57366e+14	7.79e-12	4.34e-05	1.00e+00
 5.79690e+14	9.09e-12	4.70e-05	1.00e+00
 6.02908e+14	1.06e-11	5.09e-05	1.00e+00
 6.27054e+14	1.24e-11	5.52e-05	1.00e+00
 6.52166e+14	1.44e-11	5.98e-05	1.00e+00
 6.78283e+14	1.68e-11	6.48e-05	1.00e+00
 7.05444e+14	1.96e-11	7.01e-05	1.00e+00
 7.33692e+14	2.28e-11	7.59e-05	1.00e+00
 7.63069e+14	2.66e-11	8.21e-05	1.00e+00
 7.93622e+14	3.10e-11	8.90e-05	1.00e+00
 8.25397e+14	3.60e-11	9.63e-05	1.00e+00
 8.58443e+14	4.19e-11	1.04e-04	1.00e+00
 8.92810e+14	4.87e-11	1.13e-04	1.00e+00
 9.28553e+14	5.69e-11	1.22e-04	1.00e+00
 9.65725e+14	6.61e-11	1.32e-04	1.00e+00
 1.00438e+15	7.65e-11	1.43e-04	1.00e+00
 1.04459e+15	8.94e-11	1.55e-04	1.00e+00
 1.08640e+15	1.04e-10	1.67e-04	1.00e+00
 1.12989e+15	1.20e-10	1.81e-04	1.00e+00
 1.17511e+15	1.40e-10	1.96e-04	1.00e+00
 1.22080e+15	1.62e-10	2.11e-04	1.00e+00
 1.26832e+15	1.87e-10	2.28e-04	1.00e+00
 1.31908e+15	2.18e-10	2.47e-04	1.00e+00
 1.37187e+15	2.53e-10	2.67e-04	1.00e+00
 1.42678e+15	2.92e-10	2.89e-04	1.00e+00
 1.48388e+15	3.41e-10	3.13e-04	1.00e+00
 1.53834e+15	3.91e-10	3.36e-04	1.00e+00
 1.58863e+15	4.40e-10	3.59e-04	1.00e+00
 1.64585e+15	5.06e-10	3.86e-04	1.00e+00
 1.71171e+15	5.86e-10	4.17e-04	1.00e+00
 1.77625e+15	6.71e-10	4.49e-04	1.00e+00
 1.83805e+15	7.67e-10	4.82e-04	1.00e+00
 1.90629e+15	8.79e-10	5.18e-04	9.99e-01
 1.98257e+15	1.01e-09	5.61e-04	9.99e-01
 2.05921e+15	1.18e-09	6.06e-04	9.99e-01
 2.13893e+15	1.36e-09	6.54e-04	9.99e-01
 2.22451e+15	1.56e-09	7.07e-04	9.99e-01
 2.31352e+15	1.82e-09	7.67e-04	9.99e-01
 2.40609e+15	2.11e-09	8.30e-04	9.99e-01
 2.49527e+15	2.41e-09	8.93e-04	9.99e-01
 2.57767e+15	2.74e-09	9.56e-04	9.99e-01
 2.67046e+15	3.13e-09	1.03e-03	9.99e-01
 2.77475e+15	3.61e-09	1.11e-03	9.99e-01
 2.87390e+15	4.10e-09	1.19e-03	9.99e-01
 2.96835e+15	4.67e-09	1.27e-03	9.99e-01
 3.07588e+15	5.34e-09	1.37e-03	9.99e-01
 3.19560e+15	6.14e-09	1.48e-03	9.99e-01
 3.30914e+15	7.06e-09	1.59e-03	9.98e-01
 3.41668e+15	7.97e-09	1.70e-03	9.98e-01
 3.53945e+15	9.14e-09	1.83e-03	9.98e-01
 3.67662e+15	1.06e-08	1.98e-03	9.98e-01
 3.80620e+15	1.21e-08	2.13e-03	9.98e-01
 3.92937e+15	1.37e-08	2.28e-03	9.98e-01
 4.07050e+15	1.58e-08	2.46e-03	9.98e-01
 4.22745e+15	1.83e-08	2.66e-03	9.97e-01
 4.37502e+15	2.10e-08	2.87e-03	9.97e-01
 4.51544e+15	2.38e-08	3.07e-03	9.97e-01
 4.67651e+15	2.75e-08	3.32e-03	9.97e-01
 4.85537e+15	3.19e-08	3.61e-03	9.96e-01
 5.02649e+15	3.69e-08	3.90e-03	9.96e-01
 5.19056e+15	4.19e-08	4.19e-03	9.96e-01
 5.37633e+15	4.91e-08	4.56e-03	9.95e-01
 5.58324e+15	5.76e-08	4.98e-03	9.95e-01
 5.78381e+15	6.72e-08	5.42e-03	9.95e-01
 5.97448e+15	7.77e-08	5.86e-03	9.94e-01
 6.18609e+15	9.08e-08	6.39e-03	9.94e-01
 6.41722e+15	1.08e-07	7.03e-03	9.93e-01
 6.62230e+15	1.25e-07	7.64e-03	9.92e-01
 6.80541e+15	1.42e-07	8.22e-03	9.92e-01
 7.01141e+15	1.63e-07	8.93e-03	9.91e-01
 7.27042e+15	1.98e-07	9.94e-03	9.90e-01
 7.52942e+15	2.37e-07	1.10e-02	9.89e-01
 7.74368e+15	2.73e-07	1.20e-02	9.88e-01
 7.96868e+15	3.24e-07	1.33e-02	9.87e-01
 8.21952e+15	3.87e-07	1.48e-02	9.85e-01
 8.45895e+15	4.56e-07	1.64e-02	9.84e-01
 8.68908e+15	5.47e-07	1.83e-02	9.82e-01
 8.91000e+15	6.47e-07	2.03e-02	9.80e-01
 9.15509e+15	7.83e-07	2.29e-02	9.77e-01
 9.42848e+15	9.64e-07	2.64e-02	9.74e-01
 9.67845e+15	1.21e-06	3.05e-02	9.70e-01
 9.87921e+15	1.44e-06	3.43e-02	9.66e-01
 1.00762e+16	1.73e-06	3.91e-02	9.61e-01
 1.03323e+16	2.25e-06	4.69e-02	9.53e-01
 1.05833e+16	2.95e-06	5.72e-02	9.43e-01
 1.07642e+16	3.65e-06	6.72e-02	9.33e-01
 1.09063e+16	4.40e-06	7.75e-02	9.22e-01
 1.10398e+16	5.31e-06	8.98e-02	9.10e-01
 1.11684e+16	6.47e-06	1.05e-01	8.95e-01
 1.12864e+16	7.90e-06	1.23e-01	8.77e-01
 1.13898e+16	9.54e-06	1.44e-01	8.56e-01
 1.14809e+16	1.14e-05	1.67e-01	8.33e-01
 1.15635e+16	1.36e-05	1.94e-01	8.06e-01
 1.16396e+16	1.60e-05	2.26e-01	7.74e-01
 1.17101e+16	1.90e-05	2.63e-01	7.37e-01
 1.17748e+16	2.21e-05	3.05e-01	6.95e-01
 1.18340e+16	2.62e-05	3.51e-01	6.49e-01
 1.18896e+16	3.05e-05	4.04e-01	5.96e-01
 1.19525e+16	3.64e-05	4.75e-01	5.25e-01
 1.20187e+16	4.34e-05	5.58e-01	4.42e-01
 1.20757e+16	5.00e-05	6.35e-01	3.65e-01
 1.21362e+16	5.72e-05	7.17e-01	2.83e-01
 1.22096e+16	6.52e-05	8.03e-01	1.97e-01
 1.22876e+16	7.18e-05	8.73e-01	1.27e-01
 1.23683e+16	7.73e-05	9.21e-01	7.90e-02
 1.24648e+16	8.27e-05	9.55e-01	4.48e-02
 1.25902e+16	8.83e-05	9.78e-01	2.24e-02
 1.27533e+16	9.34e-05	9.90e-01	9.95e-03
 1.29652e+16	9.84e-05	9.96e-01	3.96e-03
 1.32407e+16	1.05e-04	9.98e-01	1.43e-03
 1.35989e+16	1.13e-04	9.99e-01	4.67e-04
 1.40645e+16	1.25e-04	1.00e+00	1.38e-04
 1.45629e+16	1.39e-04	1.00e+00	4.56e-05
 1.50006e+16	1.52e-04	1.00e+00	1.97e-05
 1.54665e+16	1.66e-04	1.00e+00	8.78e-06
 1.59851e+16	1.84e-04	1.00e+00	3.94e-06
 1.64675e+16	1.97e-04	1.00e+00	2.02e-06
 1.69158e+16	2.15e-04	1.00e+00	1.13e-06
 1.74242e+16	2.39e-04	1.00e+00	6.17e-07
 1.79834e+16	2.63e-04	1.00e+00	3.40e-07
 1.84902e+16	2.83e-04	1.00e+00	2.10e-07
 1.89568e+16	3.07e-04	1.00e+00	1.40e-07
 1.94895e+16	3.39e-04	1.00e+00	9.20e-08
 2.00446e+16	3.71e-04	1.00e+00	6.29e-08
 2.05217e+16	4.03e-04	1.00e+00	4.75e-08
 2.10350e+16	4.40e-04	1.00e+00	3.64e-08
 2.15854e+16	4.85e-04	1.00e+00	2.80e-08
 2.20498e+16	5.27e-04	9.99e-01	2.30e-08
 2.24329e+16	5.69e-04	9.99e-01	2.00e-08
 2.27902e+16	6.12e-04	9.99e-01	1.77e-08
 2.32004e+16	6.71e-04	9.99e-01	1.55e-08
 2.36144e+16	7.41e-04	9.99e-01	1.33e-08
 2.39288e+16	8.06e-04	9.99e-01	1.21e-08
 2.41167e+16	8.49e-04	9.99e-01	1.14e-08
 2.42132e+16	8.73e-04	9.99e-01	1.12e-08
 2.43069e+16	8.99e-04	9.99e-01	1.09e-08
 2.44288e+16	9.37e-04	9.99e-01	1.05e-08
 2.45873e+16	9.89e-04	9.99e-01	1.00e-08
 2.47422e+16	1.05e-03	9.99e-01	9.44e-09
 2.48553e+16	1.09e-03	9.99e-01	9.12e-09
 2.49440e+16	1.13e-03	9.99e-01	8.90e-09
 2.50380e+16	1.18e-03	9.99e-01	8.67e-09
 2.51405e+16	1.23e-03	9.99e-01	8.35e-09
 2.52311e+16	1.28e-03	9.99e-01	8.09e-09
 2.53103e+16	1.33e-03	9.99e-01	7.89e-09
 2.53977e+16	1.39e-03	9.99e-01	7.69e-09
 2.54899e+16	1.46e-03	9.99e-01	7.41e-09
 2.55672e+16	1.52e-03	9.98e-01	7.21e-09
 2.56342e+16	1.58e-03	9.98e-01	7.04e-09
 2.57087e+16	1.66e-03	9.98e-01	6.87e-09
 2.57883e+16	1.74e-03	9.98e-01	6.64e-09
 2.58568e+16	1.82e-03	9.98e-01	6.46e-09
 2.59164e+16	1.90e-03	9.98e-01	6.32e-09
 2.59825e+16	2.00e-03	9.98e-01	6.17e-09
 2.60534e+16	2.11e-03	9.98e-01	5.96e-09
 2.61144e+16	2.21e-03	9.98e-01	5.80e-09
 2.61673e+16	2.31e-03	9.98e-01	5.67e-09
 2.62260e+16	2.44e-03	9.98e-01	5.53e-09
 2.62892e+16	2.59e-03	9.97e-01	5.34e-09
 2.63441e+16	2.73e-03	9.97e-01	5.19e-09
 2.63922e+16	2.87e-03	9.97e-01	5.07e-09
 2.64456e+16	3.05e-03	9.97e-01	4.94e-09
 2.65033e+16	3.26e-03	9.97e-01	4.75e-09
 2.65539e+16	3.47e-03	9.97e-01	4.61e-09
 2.65987e+16	3.68e-03	9.96e-01	4.49e-09
 2.66488e+16	3.95e-03	9.96e-01	4.36e-09
 2.67035e+16	4.28e-03	9.96e-01	4.17e-09
 2.67523e+16	4.62e-03	9.95e-01	4.01e-09
 2.67967e+16	4.97e-03	9.95e-01	3.88e-09
 2.68470e+16	5.44e-03	9.95e-01	3.74e-09
 2.68995e+16	6.02e-03	9.94e-01	3.53e-09
 2.69423e+16	6.58e-03	9.93e-01	3.38e-09
 2.69788e+16	7.14e-03	9.93e-01	3.27e-09
 2.70191e+16	7.88e-03	9.92e-01	3.14e-09
 2.70626e+16	8.81e-03	9.91e-01	2.95e-09
 2.71000e+16	9.79e-03	9.90e-01	2.80e-09
 2.71288e+16	1.07e-02	9.89e-01	2.68e-09
 2.71521e+16	1.15e-02	9.89e-01	2.59e-09
 2.71778e+16	1.26e-02	9.87e-01	2.50e-09
 2.72054e+16	1.39e-02	9.86e-01	2.35e-09
 2.72291e+16	1.52e-02	9.85e-01	2.24e-09
 2.72490e+16	1.65e-02	9.84e-01	2.15e-09
 2.72705e+16	1.81e-02	9.82e-01	2.07e-09
 2.72933e+16	2.01e-02	9.80e-01	1.94e-09
 2.73127e+16	2.22e-02	9.78e-01	1.84e-09
 2.73292e+16	2.41e-02	9.76e-01	1.76e-09
 2.73471e+16	2.66e-02	9.73e-01	1.68e-09
 2.73663e+16	2.97e-02	9.70e-01	1.56e-09
 2.73830e+16	3.28e-02	9.67e-01	1.47e-09
 2.73976e+16	3.60e-02	9.64e-01	1.40e-09
 2.74140e+16	4.02e-02	9.60e-01	1.32e-09
 2.74317e+16	4.53e-02	9.55e-01	1.21e-09
 2.74470e+16	5.09e-02	9.49e-01	1.13e-09
 2.74604e+16	5.62e-02	9.44e-01	1.06e-09
 2.74743e+16	6.30e-02	9.37e-01	9.93e-10
 2.74888e+16	7.08e-02	9.29e-01	9.13e-10
 2.75020e+16	7.94e-02	9.21e-01	8.45e-10
 2.75138e+16	8.79e-02	9.12e-01	7.94e-10
 2.75245e+16	9.70e-02	9.03e-01	7.42e-10
 2.75343e+16	1.06e-01	8.94e-01	7.04e-10
 2.75436e+16	1.16e-01	8.84e-01	6.64e-10
 2.75523e+16	1.26e-01	8.74e-01	6.32e-10
 2.75591e+16	1.34e-01	8.66e-01	6.02e-10
 2.75635e+16	1.40e-01	8.60e-01	5.91e-10
 2.75677e+16	1.46e-01	8.54e-01	5.81e-10
 2.75724e+16	1.53e-01	8.47e-01	5.64e-10
 2.75775e+16	1.61e-01	8.39e-01	5.47e-10
 2.75823e+16	1.69e-01	8.31e-01	5.33e-10
 2.75869e+16	1.77e-01	8.23e-01	5.20e-10
 2.75915e+16	1.86e-01	8.14e-01	5.08e-10
 2.75960e+16	1.95e-01	8.05e-01	4.96e-10
 2.76006e+16	2.04e-01	7.96e-01	4.86e-10
 2.76051e+16	2.13e-01	7.87e-01	4.76e-10
 2.76096e+16	2.24e-01	7.76e-01	4.65e-10
 2.76140e+16	2.34e-01	7.66e-01	4.56e-10
 2.76182e+16	2.44e-01	7.56e-01	4.49e-10
 2.76226e+16	2.56e-01	7.44e-01	4.41e-10
 2.76269e+16	2.67e-01	7.33e-01	4.34e-10
 2.76311e+16	2.79e-01	7.21e-01	4.28e-10
 2.76353e+16	2.92e-01	7.08e-01	4.22e-10
 2.76394e+16	3.04e-01	6.96e-01	4.17e-10
 2.76434e+16	3.17e-01	6.83e-01	4.12e-10
 2.76475e+16	3.30e-01	6.70e-01	4.07e-10
 2.76515e+16	3.43e-01	6.57e-01	4.03e-10
 2.76554e+16	3.57e-01	6.43e-01	3.99e-10
 2.76593e+16	3.71e-01	6.29e-01	3.96e-10
 2.76632e+16	3.85e-01	6.15e-01	3.93e-10
 2.76670e+16	4.00e-01	6.00e-01	3.90e-10
 2.76708e+16	4.15e-01	5.85e-01	3.87e-10
 2.76745e+16	4.29e-01	5.71e-01	3.85e-10
 2.76781e+16	4.44e-01	5.56e-01	3.83e-10
 2.76818e+16	4.59e-01	5.41e-01	3.81e-10
 2.76853e+16	4.74e-01	5.26e-01	3.79e-10
 2.76888e+16	4.88e-01	5.12e-01	3.77e-10
 2.76922e+16	5.03e-01	4.97e-01	3.75e-10
 2.76956e+16	5.18e-01	4.82e-01	3.73e-10
 2.76989e+16	5.32e-01	4.68e-01	3.71e-10
 2.77021e+16	5.46e-01	4.54e-01	3.69e-10
 2.77053e+16	5.60e-01	4.40e-01	3.67e-10
 2.77084e+16	5.73e-01	4.27e-01	3.65e-10
 2.77114e+16	5.87e-01	4.13e-01	3.62e-10
 2.77144e+16	6.00e-01	4.00e-01	3.60e-10
 2.77173e+16	6.13e-01	3.87e-01	3.58e-10
 2.77202e+16	6.25e-01	3.75e-01	3.56e-10
 2.77230e+16	6.37e-01	3.63e-01	3.53e-10
 2.77258e+16	6.49e-01	3.51e-01	3.51e-10
 2.77285e+16	6.61e-01	3.39e-01	3.48e-10
 2.77312e+16	6.72e-01	3.28e-01	3.45e-10
 2.77338e+16	6.83e-01	3.17e-01	3.43e-10
 2.77364e+16	6.93e-01	3.07e-01	3.40e-10
 2.77389e+16	7.04e-01	2.96e-01	3.37e-10
 2.77415e+16	7.14e-01	2.86e-01	3.34e-10
 2.77439e+16	7.23e-01	2.77e-01	3.30e-10
 2.77464e+16	7.33e-01	2.67e-01	3.27e-10
 2.77488e+16	7.42e-01	2.58e-01	3.24e-10
 2.77512e+16	7.51e-01	2.49e-01	3.21e-10
 2.77535e+16	7.59e-01	2.41e-01	3.17e-10
 2.77556e+16	7.67e-01	2.33e-01	3.14e-10
 2.77572e+16	7.73e-01	2.27e-01	3.11e-10
 2.77588e+16	7.78e-01	2.22e-01	3.08e-10
 2.77605e+16	7.85e-01	2.15e-01	3.04e-10
 2.77623e+16	7.91e-01	2.09e-01	3.01e-10
 2.77640e+16	7.96e-01	2.04e-01	2.98e-10
 2.77657e+16	8.02e-01	1.98e-01	2.95e-10
 2.77675e+16	8.08e-01	1.92e-01	2.92e-10
 2.77693e+16	8.13e-01	1.87e-01	2.89e-10
 2.77712e+16	8.19e-01	1.81e-01	2.85e-10
 2.77733e+16	8.25e-01	1.75e-01	2.81e-10
 2.77753e+16	8.32e-01	1.68e-01	2.76e-10
 2.77775e+16	8.38e-01	1.62e-01	2.72e-10
 2.77795e+16	8.44e-01	1.56e-01	2.68e-10
 2.77815e+16	8.49e-01	1.51e-01	2.63e-10
 2.77836e+16	8.55e-01	1.45e-01	2.59e-10
 2.77856e+16	8.60e-01	1.40e-01	2.54e-10
 2.77876e+16	8.65e-01	1.35e-01	2.49e-10
 2.77896e+16	8.70e-01	1.30e-01	2.44e-10
 2.77915e+16	8.75e-01	1.25e-01	2.39e-10
 2.77934e+16	8.79e-01	1.21e-01	2.34e-10
 2.77952e+16	8.83e-01	1.17e-01	2.29e-10
 2.77969e+16	8.87e-01	1.13e-01	2.25e-10
 2.77985e+16	8.91e-01	1.09e-01	2.20e-10
 2.77999e+16	8.94e-01	1.06e-01	2.16e-10
 2.78013e+16	8.97e-01	1.03e-01	2.12e-10
 2.78025e+16	9.00e-01	1.00e-01	2.08e-10
 2.78036e+16	9.02e-01	9.80e-02	2.05e-10
 2.78046e+16	9.04e-01	9.59e-02	2.02e-10
 2.78055e+16	9.06e-01	9.40e-02	1.99e-10
 2.78063e+16	9.08e-01	9.22e-02	1.95e-10
 2.78071e+16	9.09e-01	9.07e-02	1.93e-10
 2.78079e+16	9.11e-01	8.89e-02	1.90e-10
 2.78088e+16	9.13e-01	8.72e-02	1.88e-10
 2.78096e+16	9.14e-01	8.56e-02	1.85e-10
 2.78104e+16	9.16e-01	8.41e-02	1.82e-10
 2.78110e+16	9.17e-01	8.28e-02	1.80e-10
 2.78118e+16	9.19e-01	8.13e-02	1.77e-10
 2.78126e+16	9.20e-01	7.99e-02	1.75e-10
 2.78133e+16	9.22e-01	7.85e-02	1.72e-10
 2.78139e+16	9.23e-01	7.73e-02	1.70e-10
 2.78145e+16	9.24e-01	7.61e-02	1.67e-10
 2.78151e+16	9.25e-01	7.51e-02	1.65e-10
 2.78157e+16	9.26e-01	7.39e-02	1.63e-10
 2.78163e+16	9.27e-01	7.27e-02	1.61e-10
 2.78169e+16	9.28e-01	7.17e-02	1.59e-10
 2.78175e+16	9.29e-01	7.07e-02	1.56e-10
 2.78179e+16	9.30e-01	6.98e-02	1.55e-10
 2.78185e+16	9.31e-01	6.88e-02	1.52e-10
 2.78191e+16	9.32e-01	6.77e-02	1.50e-10
 2.78196e+16	9.33e-01	6.68e-02	1.48e-10
 2.78201e+16	9.34e-01	6.59e-02	1.46e-10
 2.78206e+16	9.35e-01	6.49e-02	1.44e-10
 2.78211e+16	9.36e-01	6.39e-02	1.42e-10
 2.78217e+16	9.37e-01	6.31e-02	1.40e-10
 2.78221e+16	9.38e-01	6.23e-02	1.38e-10
 2.78225e+16	9.39e-01	6.15e-02	1.36e-10
 2.78229e+16	9.39e-01	6.08e-02	1.35e-10
 2.78234e+16	9.40e-01	6.00e-02	1.33e-10
 2.78239e+16	9.41e-01	5.90e-02	1.31e-10
 2.78245e+16	9.42e-01	5.80e-02	1.29e-10
 2.78250e+16	9.43e-01	5.71e-02	1.27e-10
 2.78255e+16	9.44e-01	5.63e-02	1.25e-10
 2.78260e+16	9.44e-01	5.56e-02	1.23e-10
 2.78264e+16	9.45e-01	5.49e-02	1.22e-10
 2.78268e+16	9.46e-01	5.43e-02	1.20e-10
 2.78272e+16	9.46e-01	5.36e-02	1.19e-10
 2.78277e+16	9.47e-01	5.27e-02	1.17e-10
 2.78283e+16	9.48e-01	5.19e-02	1.15e-10
 2.78288e+16	9.49e-01	5.11e-02	1.13e-10
 2.78293e+16	9.50e-01	5.03e-02	1.11e-10
 2.78297e+16	9.50e-01	4.97e-02	1.10e-10
 2.78301e+16	9.51e-01	4.91e-02	1.08e-10
 2.78304e+16	9.51e-01	4.86e-02	1.07e-10
 2.78308e+16	9.52e-01	4.80e-02	1.06e-10
 2.78313e+16	9.53e-01	4.72e-02	1.04e-10
 2.78319e+16	9.54e-01	4.65e-02	1.03e-10
 2.78324e+16	9.54e-01	4.58e-02	1.01e-10
 2.78328e+16	9.55e-01	4.52e-02	9.98e-11
 2.78333e+16	9.55e-01	4.46e-02	9.84e-11
 2.78339e+16	9.56e-01	4.38e-02	9.67e-11
 2.78344e+16	9.57e-01	4.32e-02	9.55e-11
 2.78348e+16	9.57e-01	4.27e-02	9.43e-11
 2.78353e+16	9.58e-01	4.20e-02	9.27e-11
 2.78358e+16	9.59e-01	4.14e-02	9.14e-11
 2.78363e+16	9.59e-01	4.08e-02	9.03e-11
 2.78368e+16	9.60e-01	4.02e-02	8.87e-11
 2.78374e+16	9.60e-01	3.95e-02	8.73e-11
 2.78379e+16	9.61e-01	3.89e-02	8.62e-11
 2.78384e+16	9.62e-01	3.84e-02	8.50e-11
 2.78389e+16	9.62e-01	3.78e-02	8.38e-11
 2.78394e+16	9.63e-01	3.72e-02	8.25e-11
 2.78399e+16	9.63e-01	3.67e-02	8.14e-11
 2.78404e+16	9.64e-01	3.62e-02	8.02e-11
 2.78409e+16	9.64e-01	3.57e-02	7.92e-11
 2.78416e+16	9.65e-01	3.50e-02	7.77e-11
 2.78423e+16	9.66e-01	3.43e-02	7.62e-11
 2.78429e+16	9.66e-01	3.37e-02	7.51e-11
 2.78435e+16	9.67e-01	3.32e-02	7.39e-11
 2.78440e+16	9.67e-01	3.27e-02	7.29e-11
 2.78446e+16	9.68e-01	3.21e-02	7.18e-11
 2.78452e+16	9.68e-01	3.16e-02	7.07e-11
 2.78458e+16	9.69e-01	3.11e-02	6.96e-11
 2.78463e+16	9.69e-01	3.06e-02	6.86e-11
 2.78469e+16	9.70e-01	3.01e-02	6.77e-11
 2.78476e+16	9.71e-01	2.95e-02	6.63e-11
 2.78484e+16	9.71e-01	2.89e-02	6.51e-11
 2.78492e+16	9.72e-01	2.83e-02	6.40e-11
 2.78498e+16	9.72e-01	2.78e-02	6.29e-11
 2.78504e+16	9.73e-01	2.74e-02	6.20e-11
 2.78511e+16	9.73e-01	2.69e-02	6.10e-11
 2.78518e+16	9.74e-01	2.64e-02	6.00e-11
 2.78525e+16	9.74e-01	2.59e-02	5.91e-11
 2.78531e+16	9.74e-01	2.55e-02	5.82e-11
 2.78537e+16	9.75e-01	2.51e-02	5.74e-11
 2.78544e+16	9.75e-01	2.46e-02	5.65e-11
 2.78550e+16	9.76e-01	2.42e-02	5.57e-11
 2.78557e+16	9.76e-01	2.38e-02	5.48e-11
 2.78565e+16	9.77e-01	2.33e-02	5.39e-11
 2.78572e+16	9.77e-01	2.29e-02	5.32e-11
 2.78579e+16	9.78e-01	2.25e-02	5.22e-11
 2.78588e+16	9.78e-01	2.20e-02	5.14e-11
 2.78595e+16	9.78e-01	2.17e-02	5.06e-11
 2.78602e+16	9.79e-01	2.13e-02	4.99e-11
 2.78609e+16	9.79e-01	2.09e-02	4.91e-11
 2.78617e+16	9.80e-01	2.05e-02	4.83e-11
 2.78624e+16	9.80e-01	2.01e-02	4.76e-11
 2.78632e+16	9.80e-01	1.97e-02	4.68e-11
 2.78641e+16	9.81e-01	1.93e-02	4.60e-11
 2.78648e+16	9.81e-01	1.90e-02	4.53e-11
 2.78657e+16	9.81e-01	1.86e-02	4.45e-11
 2.78666e+16	9.82e-01	1.82e-02	4.37e-11
 2.78675e+16	9.82e-01	1.78e-02	4.30e-11
 2.78684e+16	9.83e-01	1.74e-02	4.22e-11
 2.78694e+16	9.83e-01	1.71e-02	4.15e-11
 2.78703e+16	9.83e-01	1.67e-02	4.08e-11
 2.78711e+16	9.84e-01	1.64e-02	4.02e-11
 2.78720e+16	9.84e-01	1.60e-02	3.94e-11
 2.78730e+16	9.84e-01	1.57e-02	3.88e-11
 2.78738e+16	9.85e-01	1.54e-02	3.82e-11
 2.78748e+16	9.85e-01	1.51e-02	3.74e-11
 2.78759e+16	9.85e-01	1.47e-02	3.68e-11
 2.78768e+16	9.86e-01	1.44e-02	3.62e-11
 2.78779e+16	9.86e-01	1.41e-02	3.55e-11
 2.78790e+16	9.86e-01	1.37e-02	3.48e-11
 2.78800e+16	9.87e-01	1.35e-02	3.42e-11
 2.78811e+16	9.87e-01	1.31e-02	3.35e-11
 2.78823e+16	9.87e-01	1.28e-02	3.28e-11
 2.78834e+16	9.87e-01	1.25e-02	3.22e-11
 2.78847e+16	9.88e-01	1.22e-02	3.15e-11
 2.78862e+16	9.88e-01	1.18e-02	3.07e-11
 2.78881e+16	9.89e-01	1.13e-02	2.98e-11
 2.78899e+16	9.89e-01	1.09e-02	2.89e-11
 2.78917e+16	9.89e-01	1.05e-02	2.81e-11
 2.78935e+16	9.90e-01	1.02e-02	2.73e-11
 2.78955e+16	9.90e-01	9.79e-03	2.65e-11
 2.78975e+16	9.91e-01	9.42e-03	2.57e-11
 2.78995e+16	9.91e-01	9.06e-03	2.49e-11
 2.79016e+16	9.91e-01	8.71e-03	2.41e-11
 2.79038e+16	9.92e-01	8.37e-03	2.33e-11
 2.79060e+16	9.92e-01	8.03e-03	2.25e-11
 2.79083e+16	9.92e-01	7.70e-03	2.17e-11
 2.79107e+16	9.93e-01	7.37e-03	2.10e-11
 2.79132e+16	9.93e-01	7.05e-03	2.02e-11
 2.79157e+16	9.93e-01	6.73e-03	1.94e-11
 2.79184e+16	9.94e-01	6.41e-03	1.86e-11
 2.79211e+16	9.94e-01	6.08e-03	1.77e-11
 2.79239e+16	9.94e-01	5.75e-03	1.69e-11
 2.79268e+16	9.95e-01	5.40e-03	1.59e-11
 2.79299e+16	9.95e-01	5.03e-03	1.49e-11
 2.79331e+16	9.95e-01	4.64e-03	1.39e-11
 2.79364e+16	9.96e-01	4.24e-03	1.27e-11
 2.79398e+16	9.96e-01	3.84e-03	1.16e-11
 2.79435e+16	9.97e-01	3.45e-03	1.04e-11
 2.79474e+16	9.97e-01	3.07e-03	9.31e-12
 2.79515e+16	9.97e-01	2.70e-03	8.22e-12
 2.79559e+16	9.98e-01	2.35e-03	7.17e-12
 2.79606e+16	9.98e-01	2.03e-03	6.20e-12
 2.79657e+16	9.98e-01	1.72e-03	5.28e-12
 2.79712e+16	9.99e-01	1.44e-03	4.43e-12
 2.79773e+16	9.99e-01	1.19e-03	3.64e-12
 2.79841e+16	9.99e-01	9.51e-04	2.92e-12
 2.79919e+16	9.99e-01	7.39e-04	2.27e-12
 2.80009e+16	9.99e-01	5.52e-04	1.70e-12
 2.80107e+16	1.00e+00	4.04e-04	1.24e-12
 2.80206e+16	1.00e+00	2.94e-04	9.01e-13
 2.80306e+16	1.00e+00	2.14e-04	6.56e-13
 2.80405e+16	1.00e+00	1.56e-04	4.77e-13
 2.80505e+16	1.00e+00	1.14e-04	3.47e-13
 2.80604e+16	1.00e+00	8.30e-05	2.53e-13
 2.80704e+16	1.00e+00	6.06e-05	1.84e-13
 2.80804e+16	1.00e+00	4.43e-05	1.34e-13
 2.80903e+16	1.00e+00	3.23e-05	9.81e-14
 2.81003e+16	1.00e+00	2.36e-05	7.16e-14
 2.81102e+16	1.00e+00	1.73e-05	5.22e-14
 2.81202e+16	1.00e+00	1.27e-05	3.81e-14
 2.81301e+16	1.00e+00	9.27e-06	2.79e-14
 2.81401e+16	1.00e+00	6.79e-06	2.04e-14
 2.81500e+16	1.00e+00	4.97e-06	1.48e-14
 2.81600e+16	1.00e+00	3.66e-06	1.09e-14
 2.81699e+16	1.00e+00	2.68e-06	7.98e-15
 2.81799e+16	1.00e+00	1.97e-06	5.82e-15
 2.81898e+16	1.00e+00	1.45e-06	4.28e-15
 2.81998e+16	1.00e+00	1.08e-06	3.17e-15
 2.82097e+16	1.00e+00	7.99e-07	2.34e-15
 2.82197e+16	1.00e+00	5.95e-07	1.74e-15
 2.82296e+16	1.00e+00	4.45e-07	1.29e-15
 2.82396e+16	1.00e+00	3.37e-07	9.79e-16
 2.82496e+16	1.00e+00	2.57e-07	7.45e-16
 2.82595e+16	1.00e+00	1.98e-07	5.70e-16
 2.82695e+16	1.00e+00	1.56e-07	4.47e-16
 2.82794e+16	1.00e+00	1.24e-07	3.55e-16
 2.82894e+16	1.00e+00	1.01e-07	2.87e-16
 2.82993e+16	1.00e+00	8.37e-08	2.37e-16
 2.83093e+16	1.00e+00	7.14e-08	2.02e-16
 2.83192e+16	1.00e+00	6.22e-08	1.75e-16
 2.83292e+16	1.00e+00	5.53e-08	1.55e-16
 2.83391e+16	1.00e+00	5.03e-08	1.40e-16
 2.83491e+16	1.00e+00	4.66e-08	1.30e-16
 2.83590e+16	1.00e+00	4.38e-08	1.22e-16
 2.83690e+16	1.00e+00	4.16e-08	1.15e-16
 2.83789e+16	1.00e+00	4.00e-08	1.10e-16
 2.83889e+16	1.00e+00	3.89e-08	1.07e-16
 2.83988e+16	1.00e+00	3.79e-08	1.03e-16
 2.84088e+16	1.00e+00	3.71e-08	1.01e-16
 2.84202e+16	1.00e+00	3.65e-08	9.85e-17
 2.84351e+16	1.00e+00	3.58e-08	9.58e-17
 2.84545e+16	1.00e+00	3.50e-08	9.30e-17
 2.84796e+16	1.00e+00	3.43e-08	9.00e-17
 2.85123e+16	1.00e+00	3.35e-08	8.65e-17
 2.85548e+16	1.00e+00	3.26e-08	8.22e-17
 2.86100e+16	1.00e+00	3.14e-08	7.71e-17
 2.86818e+16	1.00e+00	3.00e-08	7.08e-17
 2.87752e+16	1.00e+00	2.83e-08	6.32e-17
 2.88907e+16	1.00e+00	2.62e-08	5.51e-17
 2.90191e+16	1.00e+00	2.42e-08	4.73e-17
 2.91549e+16	1.00e+00	2.22e-08	4.01e-17
 2.93032e+16	1.00e+00	2.01e-08	3.33e-17
 2.94692e+16	1.00e+00	1.80e-08	2.71e-17
 2.96554e+16	1.00e+00	1.60e-08	2.14e-17
 2.98638e+16	1.00e+00	1.39e-08	1.64e-17
 3.00933e+16	1.00e+00	1.20e-08	1.23e-17
 3.03426e+16	1.00e+00	1.02e-08	9.01e-18
 3.06171e+16	1.00e+00	8.54e-09	6.39e-18
 3.09196e+16	1.00e+00	7.04e-09	4.39e-18
 3.12555e+16	1.00e+00	5.68e-09	2.89e-18
 3.16371e+16	1.00e+00	4.47e-09	1.81e-18
 3.20643e+16	1.00e+00	3.44e-09	1.08e-18
 3.25286e+16	1.00e+00	2.60e-09	6.26e-19
 3.30450e+16	1.00e+00	1.91e-09	3.41e-19
 3.35992e+16	1.00e+00	1.38e-09	1.82e-19
 3.41561e+16	1.00e+00	1.01e-09	9.83e-20
 3.47130e+16	1.00e+00	7.44e-10	5.37e-20
 3.52699e+16	1.00e+00	5.50e-10	2.96e-20
 3.58619e+16	1.00e+00	4.00e-10	1.58e-20
 3.64952e+16	1.00e+00	2.88e-10	8.29e-21
 3.71445e+16	1.00e+00	2.07e-10	0.00e+00
 3.78100e+16	1.00e+00	1.49e-10	0.00e+00
 3.84923e+16	1.00e+00	1.07e-10	0.00e+00
 3.91915e+16	1.00e+00	7.68e-11	0.00e+00
 3.98977e+16	1.00e+00	5.53e-11	0.00e+00
 4.06040e+16	1.00e+00	4.02e-11	0.00e+00
 4.13102e+16	1.00e+00	2.94e-11	0.00e+00
 4.20486e+16	1.00e+00	2.12e-11	0.00e+00
 4.28309e+16	1.00e+00	1.52e-11	0.00e+00
 4.36328e+16	1.00e+00	1.09e-11	0.00e+00
 4.44507e+16	1.00e+00	7.79e-12	0.00e+00
 4.52850e+16	1.00e+00	5.58e-12	0.00e+00
 4.61275e+16	1.00e+00	4.01e-12	0.00e+00
 4.69700e+16	1.00e+00	2.90e-12	0.00e+00
 4.78324e+16	1.00e+00	2.09e-12	0.00e+00
 4.87282e+16	1.00e+00	1.50e-12	0.00e+00
 4.97736e+16	1.00e+00	1.02e-12	0.00e+00
 5.11326e+16	1.00e+00	6.24e-13	0.00e+00
 5.28994e+16	1.00e+00	3.37e-13	0.00e+00
 5.49759e+16	1.00e+00	1.69e-13	0.00e+00
 5.71750e+16	1.00e+00	8.38e-14	0.00e+00
 5.94620e+16	1.00e+00	4.13e-14	0.00e+00
 6.18406e+16	1.00e+00	2.03e-14	0.00e+00
 6.43142e+16	1.00e+00	9.93e-15	0.00e+00
 6.68868e+16	1.00e+00	4.82e-15	0.00e+00
 6.95623e+16	1.00e+00	2.31e-15	0.00e+00
 7.21456e+16	1.00e+00	1.16e-15	0.00e+00
 7.46920e+16	1.00e+00	6.02e-16	0.00e+00
 7.75395e+16	1.00e+00	2.88e-16	0.00e+00
 8.04786e+16	1.00e+00	1.39e-16	0.00e+00
 8.34235e+16	1.00e+00	6.54e-17	0.00e+00
 8.62619e+16	1.00e+00	3.29e-17	0.00e+00
 8.88147e+16	1.00e+00	1.77e-17	0.00e+00
 9.08276e+16	1.00e+00	1.13e-17	0.00e+00
 9.26044e+16	1.00e+00	7.36e-18	0.00e+00
 9.45219e+16	1.00e+00	4.82e-18	0.00e+00
 9.66224e+16	1.00e+00	3.00e-18	0.00e+00
 9.93530e+16	1.00e+00	1.64e-18	0.00e+00
 1.02232e+17	1.00e+00	8.99e-19	0.00e+00
 1.04539e+17	1.00e+00	5.80e-19	0.00e+00
 1.06774e+17	1.00e+00	3.73e-19	0.00e+00
 1.09681e+17	1.00e+00	2.20e-19	0.00e+00
 1.13459e+17	1.00e+00	1.14e-19	0.00e+00
 1.17379e+17	1.00e+00	6.43e-20	0.00e+00
 1.21485e+17	1.00e+00	3.82e-20	0.00e+00
 1.26282e+17	1.00e+00	2.42e-20	0.00e+00
 1.31334e+17	1.00e+00	1.77e-20	0.00e+00
 1.36587e+17	1.00e+00	1.39e-20	0.00e+00
 1.42051e+17	1.00e+00	1.11e-20	0.00e+00
 1.47733e+17	1.00e+00	9.56e-21	0.00e+00
 1.53642e+17	1.00e+00	8.45e-21	0.00e+00
 1.59788e+17	1.00e+00	7.60e-21	0.00e+00
 1.66179e+17	1.00e+00	6.88e-21	0.00e+00
 1.72827e+17	1.00e+00	6.26e-21	0.00e+00
 1.79228e+17	1.00e+00	5.73e-21	0.00e+00
 1.85217e+17	1.00e+00	5.52e-21	0.00e+00
 1.91346e+17	1.00e+00	5.27e-21	0.00e+00
 1.97775e+17	1.00e+00	4.94e-21	0.00e+00
 2.04389e+17	1.00e+00	4.63e-21	0.00e+00
 2.11119e+17	1.00e+00	4.36e-21	0.00e+00
 2.17966e+17	1.00e+00	4.13e-21	0.00e+00
 2.24913e+17	1.00e+00	3.92e-21	0.00e+00
 2.31931e+17	1.00e+00	3.74e-21	0.00e+00
 2.38981e+17	1.00e+00	3.57e-21	0.00e+00
 2.46044e+17	1.00e+00	3.43e-21	0.00e+00
 2.53067e+17	1.00e+00	3.31e-21	0.00e+00
 2.60002e+17	1.00e+00	3.22e-21	0.00e+00
 2.66841e+17	1.00e+00	3.13e-21	0.00e+00
 2.73530e+17	1.00e+00	3.06e-21	0.00e+00
 2.80032e+17	1.00e+00	3.02e-21	0.00e+00
 2.86309e+17	1.00e+00	2.98e-21	0.00e+00
 2.92338e+17	1.00e+00	2.96e-21	0.00e+00
 2.98106e+17	1.00e+00	2.96e-21	0.00e+00
 3.03595e+17	1.00e+00	2.96e-21	0.00e+00
 3.08796e+17	1.00e+00	2.97e-21	0.00e+00
 3.13716e+17	1.00e+00	2.98e-21	0.00e+00
 3.18352e+17	1.00e+00	3.00e-21	0.00e+00
 3.22705e+17	1.00e+00	3.03e-21	0.00e+00
 3.26793e+17	1.00e+00	3.05e-21	0.00e+00
 3.30641e+17	1.00e+00	3.08e-21	0.00e+00
 3.34265e+17	1.00e+00	3.10e-21	0.00e+00
 3.37672e+17	1.00e+00	3.12e-21	0.00e+00
 3.40875e+17	1.00e+00	3.14e-21	0.00e+00
 3.43886e+17	1.00e+00	3.16e-21	0.00e+00
 3.46716e+17	1.00e+00	3.18e-21	0.00e+00
 3.49380e+17	1.00e+00	3.20e-21	0.00e+00
 3.51889e+17	1.00e+00	3.22e-21	0.00e+00
 3.54253e+17	1.00e+00	3.23e-21	0.00e+00
 3.56483e+17	1.00e+00	3.25e-21	0.00e+00
 3.58585e+17	1.00e+00	3.26e-21	0.00e+00
 3.60568e+17	1.00e+00	3.28e-21	0.00e+00
 3.62440e+17	1.00e+00	3.29e-21	0.00e+00
 3.64210e+17	1.00e+00	3.30e-21	0.00e+00
 3.65884e+17	1.00e+00	3.31e-21	0.00e+00
 3.67467e+17	1.00e+00	3.32e-21	0.00e+00
 3.68966e+17	1.00e+00	3.33e-21	0.00e+00
 3.70385e+17	1.00e+00	3.34e-21	0.00e+00
 3.71730e+17	1.00e+00	3.35e-21	0.00e+00
 3.73006e+17	1.00e+00	3.37e-21	0.00e+00
 3.74216e+17	1.00e+00	3.38e-21	0.00e+00
 3.75364e+17	1.00e+00	3.39e-21	0.00e+00
 3.76455e+17	1.00e+00	3.41e-21	0.00e+00
 3.77491e+17	1.00e+00	3.43e-21	0.00e+00
 3.78476e+17	1.00e+00	3.45e-21	0.00e+00
 3.79414e+17	1.00e+00	3.47e-21	0.00e+00
 3.80307e+17	1.00e+00	3.49e-21	0.00e+00
 3.81158e+17	1.00e+00	3.52e-21	0.00e+00
 3.81969e+17	1.00e+00	3.55e-21	0.00e+00
 3.82742e+17	1.00e+00	3.59e-21	0.00e+00
 3.83481e+17	1.00e+00	3.62e-21	0.00e+00
 3.84187e+17	1.00e+00	3.66e-21	0.00e+00
 3.84863e+17	1.00e+00	3.71e-21	0.00e+00
 3.85510e+17	1.00e+00	3.75e-21	0.00e+00
 3.86130e+17	1.00e+00	3.80e-21	0.00e+00
 3.86725e+17	1.00e+00	3.84e-21	0.00e+00
 3.87297e+17	1.00e+00	3.89e-21	0.00e+00
 3.87848e+17	1.00e+00	3.94e-21	0.00e+00
 3.88379e+17	1.00e+00	3.99e-21	0.00e+00
 3.88891e+17	1.00e+00	4.04e-21	0.00e+00
 3.89387e+17	1.00e+00	4.09e-21	0.00e+00
 3.89867e+17	1.00e+00	4.13e-21	0.00e+00
 3.90334e+17	1.00e+00	4.18e-21	0.00e+00
 3.90789e+17	1.00e+00	4.22e-21	0.00e+00
 3.91233e+17	1.00e+00	4.26e-21	0.00e+00
 3.91668e+17	1.00e+00	4.29e-21	0.00e+00
 3.92096e+17	1.00e+00	4.32e-21	0.00e+00
 3.92519e+17	1.00e+00	4.35e-21	0.00e+00
 3.92937e+17	1.00e+00	4.36e-21	0.00e+00
 3.93354e+17	1.00e+00	4.37e-21	0.00e+00
 3.93772e+17	1.00e+00	4.37e-21	0.00e+00
 3.94192e+17	1.00e+00	4.37e-21	0.00e+00
 3.94619e+17	1.00e+00	4.35e-21	0.00e+00
 3.95054e+17	1.00e+00	4.32e-21	0.00e+00
 3.95503e+17	1.00e+00	4.28e-21	0.00e+00
 3.95970e+17	1.00e+00	4.22e-21	0.00e+00
 3.96460e+17	1.00e+00	4.15e-21	0.00e+00
 3.96983e+17	1.00e+00	4.07e-21	0.00e+00
 3.97547e+17	1.00e+00	3.96e-21	0.00e+00
 3.98165e+17	1.00e+00	3.85e-21	0.00e+00
 3.98855e+17	1.00e+00	3.72e-21	0.00e+00
 3.99641e+17	1.00e+00	3.56e-21	0.00e+00
 4.00557e+17	1.00e+00	3.43e-21	0.00e+00
 4.01652e+17	1.00e+00	3.33e-21	0.00e+00
 4.02998e+17	1.00e+00	3.23e-21	0.00e+00
 4.04706e+17	1.00e+00	3.15e-21	0.00e+00
 4.06918e+17	1.00e+00	3.04e-21	0.00e+00
 4.09792e+17	1.00e+00	2.90e-21	0.00e+00
 4.13530e+17	1.00e+00	2.70e-21	0.00e+00
 4.18388e+17	1.00e+00	2.43e-21	0.00e+00
 4.24704e+17	1.00e+00	2.11e-21	0.00e+00
 4.32915e+17	1.00e+00	1.75e-21	0.00e+00
 4.43588e+17	1.00e+00	1.36e-21	0.00e+00
 4.57464e+17	1.00e+00	9.79e-22	0.00e+00
 4.74613e+17	1.00e+00	6.52e-22	0.00e+00
 4.93598e+17	1.00e+00	4.67e-22	0.00e+00
 5.12239e+17	1.00e+00	4.01e-22	0.00e+00
 5.29568e+17	1.00e+00	4.06e-22	0.00e+00
 5.46048e+17	1.00e+00	4.07e-22	0.00e+00
 5.62125e+17	1.00e+00	3.87e-22	0.00e+00
 5.77532e+17	1.00e+00	3.60e-22	0.00e+00
 5.91597e+17	1.00e+00	3.52e-22	0.00e+00
 6.04097e+17	1.00e+00	3.59e-22	0.00e+00
 6.15259e+17	1.00e+00	3.62e-22	0.00e+00
 6.25180e+17	1.00e+00	3.56e-22	0.00e+00
 6.33130e+17	1.00e+00	3.49e-22	0.00e+00
 6.38277e+17	1.00e+00	3.72e-22	0.00e+00
 6.41093e+17	1.00e+00	4.05e-22	0.00e+00
 6.42661e+17	1.00e+00	4.26e-22	0.00e+00
 6.43602e+17	1.00e+00	4.67e-22	0.00e+00
 6.44185e+17	1.00e+00	7.12e-22	0.00e+00
 6.44630e+17	1.00e+00	1.19e-21	0.00e+00
 6.45072e+17	1.00e+00	1.31e-21	0.00e+00
 6.45532e+17	1.00e+00	1.25e-21	0.00e+00
 6.45963e+17	1.00e+00	1.21e-21	0.00e+00
 6.46355e+17	1.00e+00	1.43e-21	0.00e+00
 6.46731e+17	1.00e+00	1.49e-21	0.00e+00
 6.47091e+17	1.00e+00	1.57e-21	0.00e+00
 6.47422e+17	1.00e+00	1.63e-21	0.00e+00
 6.47734e+17	1.00e+00	1.81e-21	0.00e+00
 6.48026e+17	1.00e+00	1.82e-21	0.00e+00
 6.48297e+17	1.00e+00	2.01e-21	0.00e+00
 6.48566e+17	1.00e+00	2.04e-21	0.00e+00
 6.48818e+17	1.00e+00	2.08e-21	0.00e+00
 6.49044e+17	1.00e+00	2.21e-21	0.00e+00
 6.49263e+17	1.00e+00	2.36e-21	0.00e+00
 6.49481e+17	1.00e+00	2.34e-21	0.00e+00
 6.49687e+17	1.00e+00	2.41e-21	0.00e+00
 6.49882e+17	1.00e+00	2.47e-21	0.00e+00
 6.50067e+17	1.00e+00	2.59e-21	0.00e+00
 6.50248e+17	1.00e+00	2.66e-21	0.00e+00
 6.50429e+17	1.00e+00	2.70e-21	0.00e+00
 6.50604e+17	1.00e+00	2.70e-21	0.00e+00
 6.50770e+17	1.00e+00	2.86e-21	0.00e+00
 6.50931e+17	1.00e+00	3.01e-21	0.00e+00
 6.51092e+17	1.00e+00	3.15e-21	0.00e+00
 6.51249e+17	1.00e+00	3.10e-21	0.00e+00
 6.51402e+17	1.00e+00	3.40e-21	0.00e+00
 6.51553e+17	1.00e+00	3.52e-21	0.00e+00
 6.51704e+17	1.00e+00	3.62e-21	0.00e+00
 6.51855e+17	1.00e+00	3.46e-21	0.00e+00
 6.52004e+17	1.00e+00	3.71e-21	0.00e+00
 6.52146e+17	1.00e+00	3.77e-21	0.00e+00
 6.52297e+17	1.00e+00	5.04e-21	0.00e+00
 6.52449e+17	1.00e+00	3.06e-21	0.00e+00
 6.52593e+17	1.00e+00	4.26e-21	0.00e+00
 6.52740e+17	1.00e+00	3.94e-21	0.00e+00
 6.52893e+17	1.00e+00	3.61e-21	0.00e+00
 6.53049e+17	1.00e+00	3.22e-21	0.00e+00
 6.53203e+17	1.00e+00	3.31e-21	0.00e+00
 6.53353e+17	1.00e+00	3.28e-21	0.00e+00
 6.53513e+17	1.00e+00	3.82e-21	0.00e+00
 6.53682e+17	1.00e+00	2.78e-21	0.00e+00
 6.53844e+17	1.00e+00	2.88e-21	0.00e+00
 6.54003e+17	1.00e+00	3.01e-21	0.00e+00
 6.54175e+17	1.00e+00	2.99e-21	0.00e+00
 6.54354e+17	1.00e+00	2.62e-21	0.00e+00
 6.54527e+17	1.00e+00	2.66e-21	0.00e+00
 6.54697e+17	1.00e+00	2.69e-21	0.00e+00
 6.54882e+17	1.00e+00	2.75e-21	0.00e+00
 6.55081e+17	1.00e+00	2.44e-21	0.00e+00
 6.55275e+17	1.00e+00	2.41e-21	0.00e+00
 6.55462e+17	1.00e+00	2.43e-21	0.00e+00
 6.55663e+17	1.00e+00	2.49e-21	0.00e+00
 6.55878e+17	1.00e+00	2.28e-21	0.00e+00
 6.56087e+17	1.00e+00	2.27e-21	0.00e+00
 6.56303e+17	1.00e+00	2.27e-21	0.00e+00
 6.56533e+17	1.00e+00	2.19e-21	0.00e+00
 6.56761e+17	1.00e+00	2.10e-21	0.00e+00
 6.56988e+17	1.00e+00	2.15e-21	0.00e+00
 6.57224e+17	1.00e+00	2.08e-21	0.00e+00
 6.57471e+17	1.00e+00	2.05e-21	0.00e+00
 6.57728e+17	1.00e+00	1.94e-21	0.00e+00
 6.57985e+17	1.00e+00	1.91e-21	0.00e+00
 6.58240e+17	1.00e+00	1.89e-21	0.00e+00
 6.58504e+17	1.00e+00	1.90e-21	0.00e+00
 6.58782e+17	1.00e+00	1.79e-21	0.00e+00
 6.59069e+17	1.00e+00	1.75e-21	0.00e+00
 6.59358e+17	1.00e+00	1.66e-21	0.00e+00
 6.59645e+17	1.00e+00	1.68e-21	0.00e+00
 6.59943e+17	1.00e+00	1.65e-21	0.00e+00
 6.60257e+17	1.00e+00	1.58e-21	0.00e+00
 6.60578e+17	1.00e+00	1.48e-21	0.00e+00
 6.60899e+17	1.00e+00	1.47e-21	0.00e+00
 6.61225e+17	1.00e+00	1.44e-21	0.00e+00
 6.61564e+17	1.00e+00	1.41e-21	0.00e+00
 6.61914e+17	1.00e+00	1.32e-21	0.00e+00
 6.62280e+17	1.00e+00	1.29e-21	0.00e+00
 6.62654e+17	1.00e+00	1.18e-21	0.00e+00
 6.63018e+17	1.00e+00	1.20e-21	0.00e+00
 6.63383e+17	1.00e+00	1.20e-21	0.00e+00
 6.63767e+17	1.00e+00	1.17e-21	0.00e+00
 6.64166e+17	1.00e+00	1.06e-21	0.00e+00
 6.64567e+17	1.00e+00	1.04e-21	0.00e+00
 6.64971e+17	1.00e+00	1.02e-21	0.00e+00
 6.65387e+17	1.00e+00	9.90e-22	0.00e+00
 6.65815e+17	1.00e+00	9.16e-22	0.00e+00
 6.66245e+17	1.00e+00	9.00e-22	0.00e+00
 6.66689e+17	1.00e+00	8.66e-22	0.00e+00
 6.67142e+17	1.00e+00	8.05e-22	0.00e+00
 6.67594e+17	1.00e+00	7.92e-22	0.00e+00
 6.68046e+17	1.00e+00	7.80e-22	0.00e+00
 6.68512e+17	1.00e+00	7.59e-22	0.00e+00
 6.68998e+17	1.00e+00	6.98e-22	0.00e+00
 6.69495e+17	1.00e+00	6.45e-22	0.00e+00
 6.69988e+17	1.00e+00	6.23e-22	0.00e+00
 6.70506e+17	1.00e+00	6.34e-22	0.00e+00
 6.71046e+17	1.00e+00	5.15e-22	0.00e+00
 6.71577e+17	1.00e+00	5.27e-22	0.00e+00
 6.72111e+17	1.00e+00	5.16e-22	0.00e+00
 6.72671e+17	1.00e+00	4.97e-22	0.00e+00
 6.73265e+17	1.00e+00	4.20e-22	0.00e+00
 6.73865e+17	1.00e+00	3.88e-22	0.00e+00
 6.74466e+17	1.00e+00	3.81e-22	0.00e+00
 6.75085e+17	1.00e+00	3.63e-22	0.00e+00
 6.75732e+17	1.00e+00	3.27e-22	0.00e+00
 6.76371e+17	1.00e+00	2.91e-22	0.00e+00
 6.76948e+17	1.00e+00	3.25e-22	0.00e+00
 6.77460e+17	1.00e+00	4.04e-22	0.00e+00
 6.77935e+17	1.00e+00	4.71e-22	0.00e+00
 6.78392e+17	1.00e+00	5.04e-22	0.00e+00
 6.78832e+17	1.00e+00	5.24e-22	0.00e+00
 6.79253e+17	1.00e+00	5.52e-22	0.00e+00
 6.79653e+17	1.00e+00	5.88e-22	0.00e+00
 6.80035e+17	1.00e+00	6.24e-22	0.00e+00
 6.80403e+17	1.00e+00	6.56e-22	0.00e+00
 6.80756e+17	1.00e+00	6.85e-22	0.00e+00
 6.81096e+17	1.00e+00	7.15e-22	0.00e+00
 6.81422e+17	1.00e+00	7.45e-22	0.00e+00
 6.81735e+17	1.00e+00	7.75e-22	0.00e+00
 6.82035e+17	1.00e+00	8.08e-22	0.00e+00
 6.82323e+17	1.00e+00	8.39e-22	0.00e+00
 6.82601e+17	1.00e+00	8.66e-22	0.00e+00
 6.82868e+17	1.00e+00	8.93e-22	0.00e+00
 6.83124e+17	1.00e+00	9.29e-22	0.00e+00
 6.83370e+17	1.00e+00	9.56e-22	0.00e+00
 6.83610e+17	1.00e+00	9.79e-22	0.00e+00
 6.83842e+17	1.00e+00	9.96e-22	0.00e+00
 6.84062e+17	1.00e+00	1.03e-21	0.00e+00
 6.84275e+17	1.00e+00	1.06e-21	0.00e+00
 6.84483e+17	1.00e+00	1.08e-21	0.00e+00
 6.84687e+17	1.00e+00	1.09e-21	0.00e+00
 6.84885e+17	1.00e+00	1.10e-21	0.00e+00
 6.85077e+17	1.00e+00	1.12e-21	0.00e+00
 6.85264e+17	1.00e+00	1.14e-21	0.00e+00
 6.85447e+17	1.00e+00	1.15e-21	0.00e+00
 6.85625e+17	1.00e+00	1.17e-21	0.00e+00
 6.85801e+17	1.00e+00	1.18e-21	0.00e+00
 6.85973e+17	1.00e+00	1.19e-21	0.00e+00
 6.86169e+17	1.00e+00	1.20e-21	0.00e+00
 6.86423e+17	1.00e+00	1.05e-21	0.00e+00
 6.86755e+17	1.00e+00	8.33e-22	0.00e+00
 6.87185e+17	1.00e+00	5.99e-22	0.00e+00
 6.87745e+17	1.00e+00	3.85e-22	0.00e+00
 6.88437e+17	1.00e+00	2.22e-22	0.00e+00
 6.89164e+17	1.00e+00	1.48e-22	0.00e+00
 6.89816e+17	1.00e+00	1.67e-22	0.00e+00
 6.90390e+17	1.00e+00	2.35e-22	0.00e+00
