#depth	O	O+	O+2	O+3	O+4	O+5	O+6	O+7	O+8	O[1]	O[2]	O[3]
 1.49634e+10	0.00e+00	0.00e+00	2.12e-28	3.25e-19	1.47e-11	6.89e-06	1.00e+00	0.00e+00	0.00e+00	0.00e+00	0.00e+00	0.00e+00
 4.54887e+10	0.00e+00	7.16e-39	2.90e-28	4.11e-19	1.72e-11	7.46e-06	1.00e+00	0.00e+00	0.00e+00	0.00e+00	0.00e+00	0.00e+00
 7.72350e+10	0.00e+00	0.00e+00	3.97e-28	5.21e-19	2.02e-11	8.09e-06	1.00e+00	0.00e+00	0.00e+00	0.00e+00	0.00e+00	0.00e+00
 1.10251e+11	0.00e+00	1.56e-38	5.44e-28	6.60e-19	2.37e-11	8.76e-06	1.00e+00	0.00e+00	0.00e+00	0.00e+00	0.00e+00	0.00e+00
 1.44588e+11	0.00e+00	0.00e+00	7.44e-28	8.36e-19	2.77e-11	9.50e-06	1.00e+00	0.00e+00	0.00e+00	0.00e+00	0.00e+00	0.00e+00
 1.80298e+11	0.00e+00	3.41e-38	1.02e-27	1.06e-18	3.25e-11	1.03e-05	1.00e+00	0.00e+00	0.00e+00	0.00e+00	0.00e+00	0.00e+00
 2.17437e+11	0.00e+00	0.00e+00	1.39e-27	1.34e-18	3.81e-11	1.12e-05	1.00e+00	0.00e+00	0.00e+00	0.00e+00	0.00e+00	0.00e+00
 2.56061e+11	0.00e+00	7.43e-38	1.90e-27	1.70e-18	4.47e-11	1.21e-05	1.00e+00	0.00e+00	0.00e+00	0.00e+00	0.00e+00	0.00e+00
 2.96231e+11	0.00e+00	0.00e+00	2.60e-27	2.15e-18	5.25e-11	1.31e-05	1.00e+00	0.00e+00	0.00e+00	0.00e+00	0.00e+00	0.00e+00
 3.38007e+11	0.00e+00	1.62e-37	3.56e-27	2.73e-18	6.16e-11	1.42e-05	1.00e+00	0.00e+00	0.00e+00	0.00e+00	0.00e+00	0.00e+00
 3.81454e+11	0.00e+00	0.00e+00	4.86e-27	3.46e-18	7.23e-11	1.54e-05	1.00e+00	0.00e+00	0.00e+00	0.00e+00	0.00e+00	0.00e+00
 4.26639e+11	0.00e+00	3.51e-37	6.65e-27	4.39e-18	8.49e-11	1.67e-05	1.00e+00	0.00e+00	0.00e+00	0.00e+00	0.00e+00	0.00e+00
 4.73631e+11	0.00e+00	0.00e+00	9.09e-27	5.56e-18	9.97e-11	1.82e-05	1.00e+00	0.00e+00	0.00e+00	0.00e+00	0.00e+00	0.00e+00
 5.22503e+11	0.00e+00	7.62e-37	1.24e-26	7.05e-18	1.17e-10	1.97e-05	1.00e+00	0.00e+00	0.00e+00	0.00e+00	0.00e+00	0.00e+00
 5.73330e+11	0.00e+00	0.00e+00	1.70e-26	8.93e-18	1.38e-10	2.14e-05	1.00e+00	0.00e+00	0.00e+00	0.00e+00	0.00e+00	0.00e+00
 6.26190e+11	0.00e+00	1.65e-36	2.32e-26	1.13e-17	1.62e-10	2.32e-05	1.00e+00	0.00e+00	0.00e+00	0.00e+00	0.00e+00	0.00e+00
 6.81164e+11	1.41e-47	2.43e-36	3.17e-26	1.44e-17	1.90e-10	2.52e-05	1.00e+00	0.00e+00	0.00e+00	0.00e+00	0.00e+00	0.00e+00
 7.38337e+11	0.00e+00	0.00e+00	4.33e-26	1.82e-17	2.23e-10	2.74e-05	1.00e+00	0.00e+00	0.00e+00	0.00e+00	0.00e+00	0.00e+00
 7.97798e+11	0.00e+00	5.25e-36	5.91e-26	2.31e-17	2.62e-10	2.98e-05	1.00e+00	0.00e+00	0.00e+00	0.00e+00	0.00e+00	0.00e+00
 8.59636e+11	5.60e-47	7.72e-36	8.06e-26	2.93e-17	3.09e-10	3.24e-05	1.00e+00	0.00e+00	0.00e+00	0.00e+00	0.00e+00	0.00e+00
 9.23949e+11	0.00e+00	0.00e+00	1.10e-25	3.71e-17	3.63e-10	3.52e-05	1.00e+00	0.00e+00	0.00e+00	0.00e+00	0.00e+00	0.00e+00
 9.90833e+11	0.00e+00	1.66e-35	1.50e-25	4.71e-17	4.27e-10	3.82e-05	1.00e+00	0.00e+00	0.00e+00	0.00e+00	0.00e+00	0.00e+00
 1.06039e+12	2.21e-46	2.44e-35	2.05e-25	5.97e-17	5.02e-10	4.16e-05	1.00e+00	0.00e+00	0.00e+00	0.00e+00	0.00e+00	0.00e+00
 1.13274e+12	0.00e+00	3.57e-35	2.79e-25	7.57e-17	5.91e-10	4.52e-05	1.00e+00	0.00e+00	0.00e+00	0.00e+00	0.00e+00	0.00e+00
 1.20797e+12	5.49e-46	5.23e-35	3.81e-25	9.60e-17	6.95e-10	4.92e-05	1.00e+00	0.00e+00	0.00e+00	0.00e+00	0.00e+00	0.00e+00
 1.28622e+12	0.00e+00	7.65e-35	5.19e-25	1.22e-16	8.19e-10	5.35e-05	1.00e+00	0.00e+00	0.00e+00	0.00e+00	0.00e+00	0.00e+00
 1.36759e+12	1.36e-45	1.12e-34	7.06e-25	1.54e-16	9.64e-10	5.83e-05	1.00e+00	0.00e+00	0.00e+00	0.00e+00	0.00e+00	0.00e+00
 1.45222e+12	0.00e+00	1.63e-34	9.62e-25	1.96e-16	1.13e-09	6.34e-05	1.00e+00	0.00e+00	0.00e+00	0.00e+00	0.00e+00	0.00e+00
 1.54024e+12	3.35e-45	2.38e-34	1.31e-24	2.48e-16	1.34e-09	6.91e-05	1.00e+00	0.00e+00	0.00e+00	0.00e+00	0.00e+00	0.00e+00
 1.63178e+12	0.00e+00	3.48e-34	1.78e-24	3.15e-16	1.57e-09	7.52e-05	1.00e+00	0.00e+00	0.00e+00	0.00e+00	0.00e+00	0.00e+00
 1.72697e+12	8.21e-45	5.07e-34	2.42e-24	3.99e-16	1.85e-09	8.19e-05	1.00e+00	0.00e+00	0.00e+00	0.00e+00	0.00e+00	0.00e+00
 1.82598e+12	0.00e+00	7.38e-34	3.29e-24	5.05e-16	2.18e-09	8.93e-05	1.00e+00	0.00e+00	0.00e+00	0.00e+00	0.00e+00	0.00e+00
 1.92895e+12	2.00e-44	1.07e-33	4.47e-24	6.41e-16	2.57e-09	9.73e-05	1.00e+00	0.00e+00	0.00e+00	0.00e+00	0.00e+00	0.00e+00
 2.03603e+12	0.00e+00	1.56e-33	6.07e-24	8.12e-16	3.03e-09	1.06e-04	1.00e+00	0.00e+00	0.00e+00	0.00e+00	0.00e+00	0.00e+00
 2.14740e+12	4.86e-44	2.26e-33	8.23e-24	1.03e-15	3.57e-09	1.16e-04	1.00e+00	0.00e+00	0.00e+00	0.00e+00	0.00e+00	0.00e+00
 2.26322e+12	0.00e+00	3.28e-33	1.12e-23	1.30e-15	4.21e-09	1.26e-04	1.00e+00	0.00e+00	0.00e+00	0.00e+00	0.00e+00	0.00e+00
 2.38368e+12	1.17e-43	4.74e-33	1.51e-23	1.65e-15	4.96e-09	1.37e-04	1.00e+00	0.00e+00	0.00e+00	0.00e+00	0.00e+00	0.00e+00
 2.50895e+12	0.00e+00	6.86e-33	2.05e-23	2.09e-15	5.85e-09	1.50e-04	1.00e+00	0.00e+00	0.00e+00	0.00e+00	0.00e+00	0.00e+00
 2.63924e+12	2.80e-43	9.91e-33	2.77e-23	2.65e-15	6.89e-09	1.64e-04	1.00e+00	0.00e+00	0.00e+00	0.00e+00	0.00e+00	0.00e+00
 2.77473e+12	0.00e+00	1.43e-32	3.75e-23	3.35e-15	8.12e-09	1.78e-04	1.00e+00	0.00e+00	0.00e+00	0.00e+00	0.00e+00	0.00e+00
 2.91565e+12	6.66e-43	2.06e-32	5.07e-23	4.24e-15	9.56e-09	1.95e-04	1.00e+00	0.00e+00	0.00e+00	0.00e+00	0.00e+00	0.00e+00
 3.06220e+12	0.00e+00	2.97e-32	6.85e-23	5.37e-15	1.13e-08	2.13e-04	1.00e+00	0.00e+00	0.00e+00	0.00e+00	0.00e+00	0.00e+00
 3.21461e+12	1.57e-42	4.27e-32	9.25e-23	6.79e-15	1.33e-08	2.32e-04	1.00e+00	0.00e+00	0.00e+00	0.00e+00	0.00e+00	0.00e+00
 3.37313e+12	0.00e+00	6.13e-32	1.25e-22	8.59e-15	1.56e-08	2.53e-04	1.00e+00	0.00e+00	0.00e+00	0.00e+00	0.00e+00	0.00e+00
 3.53798e+12	3.69e-42	8.80e-32	1.68e-22	1.09e-14	1.84e-08	2.77e-04	1.00e+00	0.00e+00	0.00e+00	0.00e+00	0.00e+00	0.00e+00
 3.70942e+12	0.00e+00	1.26e-31	2.27e-22	1.37e-14	2.17e-08	3.02e-04	1.00e+00	0.00e+00	0.00e+00	0.00e+00	0.00e+00	0.00e+00
 3.88773e+12	8.59e-42	1.80e-31	3.05e-22	1.74e-14	2.56e-08	3.30e-04	1.00e+00	0.00e+00	0.00e+00	0.00e+00	0.00e+00	0.00e+00
 4.07316e+12	0.00e+00	2.58e-31	4.11e-22	2.20e-14	3.01e-08	3.60e-04	1.00e+00	0.00e+00	0.00e+00	0.00e+00	0.00e+00	0.00e+00
 4.26602e+12	1.98e-41	3.68e-31	5.53e-22	2.78e-14	3.54e-08	3.94e-04	1.00e+00	0.00e+00	0.00e+00	0.00e+00	0.00e+00	0.00e+00
 4.46658e+12	0.00e+00	5.24e-31	7.43e-22	3.51e-14	4.17e-08	4.30e-04	1.00e+00	0.00e+00	0.00e+00	0.00e+00	0.00e+00	0.00e+00
 4.67517e+12	4.55e-41	7.46e-31	9.98e-22	4.43e-14	4.91e-08	4.70e-04	1.00e+00	0.00e+00	0.00e+00	0.00e+00	0.00e+00	0.00e+00
 4.89211e+12	0.00e+00	1.06e-30	1.34e-21	5.60e-14	5.77e-08	5.13e-04	9.99e-01	0.00e+00	0.00e+00	0.00e+00	0.00e+00	0.00e+00
 5.11772e+12	1.04e-40	1.51e-30	1.80e-21	7.07e-14	6.79e-08	5.61e-04	9.99e-01	0.00e+00	0.00e+00	0.00e+00	0.00e+00	0.00e+00
 5.35235e+12	0.00e+00	2.14e-30	2.41e-21	8.92e-14	7.99e-08	6.13e-04	9.99e-01	0.00e+00	0.00e+00	0.00e+00	0.00e+00	0.00e+00
 5.59638e+12	2.35e-40	3.03e-30	3.23e-21	1.13e-13	9.40e-08	6.70e-04	9.99e-01	0.00e+00	0.00e+00	0.00e+00	0.00e+00	0.00e+00
 5.85016e+12	0.00e+00	4.29e-30	4.33e-21	1.42e-13	1.10e-07	7.32e-04	9.99e-01	0.00e+00	0.00e+00	0.00e+00	0.00e+00	0.00e+00
 6.11409e+12	5.28e-40	6.08e-30	5.79e-21	1.79e-13	1.30e-07	8.00e-04	9.99e-01	0.00e+00	0.00e+00	0.00e+00	0.00e+00	0.00e+00
 6.38858e+12	0.00e+00	8.59e-30	7.75e-21	2.26e-13	1.53e-07	8.75e-04	9.99e-01	0.00e+00	0.00e+00	0.00e+00	0.00e+00	0.00e+00
 6.67405e+12	1.18e-39	1.21e-29	1.04e-20	2.86e-13	1.79e-07	9.56e-04	9.99e-01	0.00e+00	0.00e+00	0.00e+00	0.00e+00	0.00e+00
 6.97094e+12	0.00e+00	1.71e-29	1.39e-20	3.60e-13	2.10e-07	1.04e-03	9.99e-01	0.00e+00	0.00e+00	0.00e+00	0.00e+00	0.00e+00
 7.27970e+12	2.63e-39	2.42e-29	1.86e-20	4.55e-13	2.47e-07	1.14e-03	9.99e-01	0.00e+00	0.00e+00	0.00e+00	0.00e+00	0.00e+00
 7.60082e+12	0.00e+00	3.41e-29	2.48e-20	5.74e-13	2.90e-07	1.25e-03	9.99e-01	0.00e+00	0.00e+00	0.00e+00	0.00e+00	0.00e+00
 7.93478e+12	5.82e-39	4.81e-29	3.32e-20	7.24e-13	3.40e-07	1.36e-03	9.99e-01	0.00e+00	0.00e+00	0.00e+00	0.00e+00	0.00e+00
 8.28210e+12	0.00e+00	6.77e-29	4.44e-20	9.13e-13	3.99e-07	1.49e-03	9.99e-01	0.00e+00	0.00e+00	0.00e+00	0.00e+00	0.00e+00
 8.64331e+12	1.29e-38	9.55e-29	5.93e-20	1.15e-12	4.68e-07	1.63e-03	9.98e-01	0.00e+00	0.00e+00	0.00e+00	0.00e+00	0.00e+00
 9.01897e+12	0.00e+00	1.34e-28	7.93e-20	1.45e-12	5.49e-07	1.78e-03	9.98e-01	0.00e+00	0.00e+00	0.00e+00	0.00e+00	0.00e+00
 9.40965e+12	2.84e-38	1.89e-28	1.06e-19	1.83e-12	6.43e-07	1.94e-03	9.98e-01	0.00e+00	0.00e+00	0.00e+00	0.00e+00	0.00e+00
 9.81596e+12	0.00e+00	2.67e-28	1.42e-19	2.31e-12	7.54e-07	2.12e-03	9.98e-01	0.00e+00	0.00e+00	0.00e+00	0.00e+00	0.00e+00
 1.02385e+13	6.25e-38	3.76e-28	1.90e-19	2.91e-12	8.83e-07	2.32e-03	9.98e-01	0.00e+00	0.00e+00	0.00e+00	0.00e+00	0.00e+00
 1.06780e+13	0.00e+00	5.30e-28	2.54e-19	3.67e-12	1.03e-06	2.53e-03	9.97e-01	0.00e+00	0.00e+00	0.00e+00	0.00e+00	0.00e+00
 1.11197e+13	1.36e-37	7.39e-28	3.36e-19	4.60e-12	1.21e-06	2.76e-03	9.97e-01	0.00e+00	0.00e+00	0.00e+00	0.00e+00	0.00e+00
 1.15791e+13	0.00e+00	1.03e-27	4.46e-19	5.76e-12	1.40e-06	3.00e-03	9.97e-01	0.00e+00	0.00e+00	0.00e+00	0.00e+00	0.00e+00
 1.20722e+13	2.95e-37	1.45e-27	5.97e-19	7.27e-12	1.64e-06	3.28e-03	9.97e-01	0.00e+00	0.00e+00	0.00e+00	0.00e+00	0.00e+00
 1.25850e+13	0.00e+00	2.05e-27	8.00e-19	9.17e-12	1.92e-06	3.58e-03	9.96e-01	0.00e+00	0.00e+00	0.00e+00	0.00e+00	0.00e+00
 1.31184e+13	6.52e-37	2.90e-27	1.07e-18	1.16e-11	2.25e-06	3.91e-03	9.96e-01	0.00e+00	0.00e+00	0.00e+00	0.00e+00	0.00e+00
 1.36730e+13	0.00e+00	4.10e-27	1.44e-18	1.46e-11	2.63e-06	4.27e-03	9.96e-01	0.00e+00	0.00e+00	0.00e+00	0.00e+00	0.00e+00
 1.42499e+13	1.44e-36	5.80e-27	1.93e-18	1.84e-11	3.08e-06	4.66e-03	9.95e-01	0.00e+00	0.00e+00	0.00e+00	0.00e+00	0.00e+00
 1.48498e+13	0.00e+00	8.21e-27	2.59e-18	2.32e-11	3.60e-06	5.08e-03	9.95e-01	0.00e+00	0.00e+00	0.00e+00	0.00e+00	0.00e+00
 1.54737e+13	3.19e-36	1.16e-26	3.47e-18	2.93e-11	4.21e-06	5.54e-03	9.94e-01	0.00e+00	0.00e+00	0.00e+00	0.00e+00	0.00e+00
 1.61226e+13	0.00e+00	1.65e-26	4.67e-18	3.70e-11	4.92e-06	6.05e-03	9.94e-01	0.00e+00	0.00e+00	0.00e+00	0.00e+00	0.00e+00
 1.67974e+13	7.09e-36	2.34e-26	6.27e-18	4.67e-11	5.75e-06	6.59e-03	9.93e-01	0.00e+00	0.00e+00	0.00e+00	0.00e+00	0.00e+00
 1.74992e+13	0.00e+00	3.32e-26	8.43e-18	5.90e-11	6.72e-06	7.19e-03	9.93e-01	0.00e+00	0.00e+00	0.00e+00	0.00e+00	0.00e+00
 1.82291e+13	1.58e-35	4.72e-26	1.13e-17	7.45e-11	7.85e-06	7.84e-03	9.92e-01	0.00e+00	0.00e+00	0.00e+00	0.00e+00	0.00e+00
 1.89882e+13	0.00e+00	6.72e-26	1.53e-17	9.40e-11	9.17e-06	8.55e-03	9.91e-01	0.00e+00	0.00e+00	0.00e+00	0.00e+00	0.00e+00
 1.97777e+13	3.53e-35	9.56e-26	2.06e-17	1.19e-10	1.07e-05	9.32e-03	9.91e-01	0.00e+00	0.00e+00	0.00e+00	0.00e+00	0.00e+00
 2.05987e+13	5.28e-35	1.36e-25	2.77e-17	1.50e-10	1.25e-05	1.02e-02	9.90e-01	0.00e+00	0.00e+00	0.00e+00	0.00e+00	0.00e+00
 2.14526e+13	7.90e-35	1.94e-25	3.73e-17	1.89e-10	1.46e-05	1.11e-02	9.89e-01	0.00e+00	0.00e+00	0.00e+00	0.00e+00	0.00e+00
 2.23406e+13	1.18e-34	2.77e-25	5.03e-17	2.39e-10	1.70e-05	1.21e-02	9.88e-01	0.00e+00	0.00e+00	0.00e+00	0.00e+00	0.00e+00
 2.32642e+13	1.77e-34	3.96e-25	6.79e-17	3.02e-10	1.99e-05	1.31e-02	9.87e-01	0.00e+00	0.00e+00	0.00e+00	0.00e+00	0.00e+00
 2.42247e+13	2.66e-34	5.66e-25	9.17e-17	3.81e-10	2.32e-05	1.43e-02	9.86e-01	0.00e+00	0.00e+00	0.00e+00	0.00e+00	0.00e+00
 2.52236e+13	3.99e-34	8.10e-25	1.24e-16	4.81e-10	2.71e-05	1.56e-02	9.84e-01	0.00e+00	0.00e+00	0.00e+00	0.00e+00	0.00e+00
 2.62625e+13	6.00e-34	1.16e-24	1.67e-16	6.08e-10	3.16e-05	1.70e-02	9.83e-01	0.00e+00	0.00e+00	0.00e+00	0.00e+00	0.00e+00
 2.73429e+13	9.02e-34	1.66e-24	2.26e-16	7.68e-10	3.69e-05	1.85e-02	9.81e-01	0.00e+00	0.00e+00	0.00e+00	0.00e+00	0.00e+00
 2.84665e+13	1.36e-33	2.39e-24	3.06e-16	9.70e-10	4.30e-05	2.01e-02	9.80e-01	0.00e+00	0.00e+00	0.00e+00	0.00e+00	0.00e+00
 2.96351e+13	2.05e-33	3.43e-24	4.14e-16	1.22e-09	5.01e-05	2.19e-02	9.78e-01	0.00e+00	0.00e+00	0.00e+00	0.00e+00	0.00e+00
 3.08505e+13	3.08e-33	4.93e-24	5.61e-16	1.55e-09	5.84e-05	2.39e-02	9.76e-01	0.00e+00	0.00e+00	0.00e+00	0.00e+00	0.00e+00
 3.21144e+13	4.65e-33	7.09e-24	7.60e-16	1.95e-09	6.81e-05	2.60e-02	9.74e-01	0.00e+00	0.00e+00	0.00e+00	0.00e+00	0.00e+00
 3.34289e+13	7.03e-33	1.02e-23	1.03e-15	2.47e-09	7.94e-05	2.82e-02	9.72e-01	0.00e+00	0.00e+00	0.00e+00	0.00e+00	0.00e+00
 3.47960e+13	1.06e-32	1.47e-23	1.40e-15	3.12e-09	9.25e-05	3.07e-02	9.69e-01	0.00e+00	0.00e+00	0.00e+00	0.00e+00	0.00e+00
 3.62178e+13	1.61e-32	2.13e-23	1.89e-15	3.93e-09	1.08e-04	3.34e-02	9.66e-01	0.00e+00	0.00e+00	0.00e+00	0.00e+00	0.00e+00
 3.76964e+13	2.44e-32	3.08e-23	2.57e-15	4.97e-09	1.26e-04	3.63e-02	9.64e-01	0.00e+00	0.00e+00	0.00e+00	0.00e+00	0.00e+00
 3.92342e+13	3.71e-32	4.46e-23	3.49e-15	6.27e-09	1.46e-04	3.94e-02	9.60e-01	0.00e+00	0.00e+00	0.00e+00	0.00e+00	0.00e+00
 4.08335e+13	5.63e-32	6.45e-23	4.75e-15	7.92e-09	1.70e-04	4.28e-02	9.57e-01	0.00e+00	0.00e+00	0.00e+00	0.00e+00	0.00e+00
 4.24967e+13	8.55e-32	9.34e-23	6.45e-15	9.99e-09	1.98e-04	4.65e-02	9.53e-01	0.00e+00	0.00e+00	0.00e+00	0.00e+00	0.00e+00
 4.42265e+13	1.31e-31	1.36e-22	8.77e-15	1.26e-08	2.31e-04	5.05e-02	9.49e-01	0.00e+00	0.00e+00	0.00e+00	0.00e+00	0.00e+00
 4.60255e+13	1.98e-31	1.97e-22	1.19e-14	1.59e-08	2.68e-04	5.48e-02	9.45e-01	0.00e+00	0.00e+00	0.00e+00	0.00e+00	0.00e+00
 4.78965e+13	3.03e-31	2.86e-22	1.62e-14	2.01e-08	3.12e-04	5.94e-02	9.40e-01	0.00e+00	0.00e+00	0.00e+00	0.00e+00	0.00e+00
 4.98422e+13	4.61e-31	4.16e-22	2.21e-14	2.53e-08	3.63e-04	6.45e-02	9.35e-01	0.00e+00	0.00e+00	0.00e+00	0.00e+00	0.00e+00
 5.18659e+13	7.07e-31	6.06e-22	3.00e-14	3.19e-08	4.22e-04	6.98e-02	9.30e-01	0.00e+00	0.00e+00	0.00e+00	0.00e+00	0.00e+00
 5.39704e+13	1.08e-30	8.81e-22	4.08e-14	4.02e-08	4.90e-04	7.57e-02	9.24e-01	0.00e+00	0.00e+00	0.00e+00	0.00e+00	0.00e+00
 5.61592e+13	1.65e-30	1.29e-21	5.56e-14	5.07e-08	5.69e-04	8.19e-02	9.18e-01	0.00e+00	0.00e+00	0.00e+00	0.00e+00	0.00e+00
 5.84355e+13	2.52e-30	1.87e-21	7.57e-14	6.39e-08	6.61e-04	8.87e-02	9.11e-01	0.00e+00	0.00e+00	0.00e+00	0.00e+00	0.00e+00
 6.08028e+13	3.85e-30	2.73e-21	1.03e-13	8.05e-08	7.66e-04	9.59e-02	9.03e-01	0.00e+00	0.00e+00	0.00e+00	0.00e+00	0.00e+00
 6.32648e+13	5.89e-30	3.98e-21	1.40e-13	1.01e-07	8.89e-04	1.04e-01	8.95e-01	0.00e+00	0.00e+00	0.00e+00	0.00e+00	0.00e+00
 6.58254e+13	9.03e-30	5.82e-21	1.91e-13	1.28e-07	1.03e-03	1.12e-01	8.87e-01	0.00e+00	0.00e+00	0.00e+00	0.00e+00	0.00e+00
 6.84883e+13	1.38e-29	8.50e-21	2.60e-13	1.60e-07	1.19e-03	1.21e-01	8.78e-01	0.00e+00	0.00e+00	0.00e+00	0.00e+00	0.00e+00
 7.10619e+13	2.06e-29	1.21e-20	3.47e-13	1.99e-07	1.37e-03	1.30e-01	8.69e-01	0.00e+00	0.00e+00	0.00e+00	0.00e+00	0.00e+00
 7.34710e+13	2.95e-29	1.66e-20	4.49e-13	2.40e-07	1.55e-03	1.38e-01	8.60e-01	0.00e+00	0.00e+00	0.00e+00	0.00e+00	0.00e+00
 7.61723e+13	4.36e-29	2.35e-20	5.94e-13	2.96e-07	1.76e-03	1.48e-01	8.50e-01	0.00e+00	0.00e+00	0.00e+00	0.00e+00	0.00e+00
 7.92491e+13	6.73e-29	3.45e-20	8.09e-13	3.71e-07	2.04e-03	1.59e-01	8.39e-01	0.00e+00	0.00e+00	0.00e+00	0.00e+00	0.00e+00
 8.23003e+13	1.01e-28	4.95e-20	1.08e-12	4.61e-07	2.34e-03	1.71e-01	8.27e-01	0.00e+00	0.00e+00	0.00e+00	0.00e+00	0.00e+00
 8.54735e+13	1.53e-28	7.12e-20	1.45e-12	5.72e-07	2.68e-03	1.83e-01	8.15e-01	0.00e+00	0.00e+00	0.00e+00	0.00e+00	0.00e+00
 8.89224e+13	2.35e-28	1.04e-19	1.97e-12	7.16e-07	3.09e-03	1.96e-01	8.01e-01	0.00e+00	0.00e+00	0.00e+00	0.00e+00	0.00e+00
 9.24237e+13	3.59e-28	1.51e-19	2.66e-12	8.91e-07	3.54e-03	2.10e-01	7.87e-01	0.00e+00	0.00e+00	0.00e+00	0.00e+00	0.00e+00
 9.60650e+13	5.48e-28	2.18e-19	3.58e-12	1.11e-06	4.06e-03	2.24e-01	7.72e-01	0.00e+00	0.00e+00	0.00e+00	0.00e+00	0.00e+00
 9.99376e+13	8.39e-28	3.17e-19	4.85e-12	1.38e-06	4.66e-03	2.39e-01	7.56e-01	0.00e+00	0.00e+00	0.00e+00	0.00e+00	0.00e+00
 1.03965e+14	1.29e-27	4.62e-19	6.57e-12	1.72e-06	5.35e-03	2.55e-01	7.39e-01	0.00e+00	0.00e+00	0.00e+00	0.00e+00	0.00e+00
 1.08154e+14	1.99e-27	6.74e-19	8.89e-12	2.14e-06	6.12e-03	2.72e-01	7.22e-01	0.00e+00	0.00e+00	0.00e+00	0.00e+00	0.00e+00
 1.12510e+14	3.06e-27	9.81e-19	1.20e-11	2.67e-06	7.00e-03	2.89e-01	7.04e-01	0.00e+00	0.00e+00	0.00e+00	0.00e+00	0.00e+00
 1.17040e+14	4.70e-27	1.43e-18	1.62e-11	3.31e-06	8.00e-03	3.07e-01	6.85e-01	0.00e+00	0.00e+00	0.00e+00	0.00e+00	0.00e+00
 1.21751e+14	7.23e-27	2.07e-18	2.19e-11	4.10e-06	9.13e-03	3.26e-01	6.65e-01	0.00e+00	0.00e+00	0.00e+00	0.00e+00	0.00e+00
 1.26651e+14	1.11e-26	3.00e-18	2.95e-11	5.08e-06	1.04e-02	3.45e-01	6.45e-01	0.00e+00	0.00e+00	0.00e+00	0.00e+00	0.00e+00
 1.31747e+14	1.71e-26	4.35e-18	3.96e-11	6.28e-06	1.18e-02	3.64e-01	6.24e-01	0.00e+00	0.00e+00	0.00e+00	0.00e+00	0.00e+00
 1.37047e+14	2.62e-26	6.29e-18	5.32e-11	7.75e-06	1.34e-02	3.84e-01	6.03e-01	0.00e+00	0.00e+00	0.00e+00	0.00e+00	0.00e+00
 1.42559e+14	4.02e-26	9.07e-18	7.13e-11	9.55e-06	1.52e-02	4.04e-01	5.81e-01	0.00e+00	0.00e+00	0.00e+00	0.00e+00	0.00e+00
 1.48291e+14	6.16e-26	1.31e-17	9.54e-11	1.17e-05	1.72e-02	4.24e-01	5.59e-01	0.00e+00	0.00e+00	0.00e+00	0.00e+00	0.00e+00
 1.54253e+14	9.42e-26	1.88e-17	1.27e-10	1.44e-05	1.94e-02	4.44e-01	5.37e-01	0.00e+00	0.00e+00	0.00e+00	0.00e+00	0.00e+00
 1.60453e+14	1.44e-25	2.69e-17	1.70e-10	1.77e-05	2.18e-02	4.64e-01	5.14e-01	0.00e+00	0.00e+00	0.00e+00	0.00e+00	0.00e+00
 1.66901e+14	2.23e-25	3.90e-17	2.26e-10	2.16e-05	2.46e-02	4.84e-01	4.92e-01	0.00e+00	0.00e+00	0.00e+00	0.00e+00	0.00e+00
 1.73607e+14	3.35e-25	5.51e-17	3.00e-10	2.64e-05	2.76e-02	5.03e-01	4.69e-01	0.00e+00	0.00e+00	0.00e+00	0.00e+00	0.00e+00
 1.80581e+14	5.16e-25	7.91e-17	3.97e-10	3.21e-05	3.09e-02	5.22e-01	4.47e-01	0.00e+00	0.00e+00	0.00e+00	0.00e+00	0.00e+00
 1.87834e+14	7.72e-25	1.11e-16	5.25e-10	3.90e-05	3.45e-02	5.41e-01	4.24e-01	0.00e+00	0.00e+00	0.00e+00	0.00e+00	0.00e+00
 1.95378e+14	1.19e-24	1.59e-16	6.93e-10	4.73e-05	3.85e-02	5.59e-01	4.02e-01	0.00e+00	0.00e+00	0.00e+00	0.00e+00	0.00e+00
 2.03223e+14	1.79e-24	2.24e-16	9.11e-10	5.72e-05	4.29e-02	5.76e-01	3.81e-01	0.00e+00	0.00e+00	0.00e+00	0.00e+00	0.00e+00
 2.11381e+14	2.71e-24	3.15e-16	1.20e-09	6.90e-05	4.76e-02	5.93e-01	3.59e-01	0.00e+00	0.00e+00	0.00e+00	0.00e+00	0.00e+00
 2.19867e+14	4.07e-24	4.42e-16	1.57e-09	8.31e-05	5.28e-02	6.08e-01	3.39e-01	0.00e+00	0.00e+00	0.00e+00	0.00e+00	0.00e+00
 2.28691e+14	6.09e-24	6.17e-16	2.04e-09	9.98e-05	5.84e-02	6.23e-01	3.19e-01	0.00e+00	0.00e+00	0.00e+00	0.00e+00	0.00e+00
 2.37869e+14	9.10e-24	8.58e-16	2.66e-09	1.20e-04	6.45e-02	6.36e-01	2.99e-01	0.00e+00	0.00e+00	0.00e+00	0.00e+00	0.00e+00
 2.47413e+14	1.36e-23	1.19e-15	3.46e-09	1.43e-04	7.10e-02	6.49e-01	2.80e-01	0.00e+00	0.00e+00	0.00e+00	0.00e+00	0.00e+00
 2.57340e+14	2.02e-23	1.65e-15	4.49e-09	1.71e-04	7.81e-02	6.60e-01	2.62e-01	0.00e+00	0.00e+00	0.00e+00	0.00e+00	0.00e+00
 2.67663e+14	2.99e-23	2.28e-15	5.80e-09	2.03e-04	8.57e-02	6.70e-01	2.45e-01	0.00e+00	0.00e+00	0.00e+00	0.00e+00	0.00e+00
 2.78400e+14	4.41e-23	3.13e-15	7.49e-09	2.42e-04	9.38e-02	6.78e-01	2.28e-01	0.00e+00	0.00e+00	0.00e+00	0.00e+00	0.00e+00
 2.89566e+14	6.49e-23	4.29e-15	9.64e-09	2.87e-04	1.03e-01	6.85e-01	2.12e-01	0.00e+00	0.00e+00	0.00e+00	0.00e+00	0.00e+00
 3.01178e+14	9.53e-23	5.86e-15	1.24e-08	3.39e-04	1.12e-01	6.91e-01	1.96e-01	0.00e+00	0.00e+00	0.00e+00	0.00e+00	0.00e+00
 3.13256e+14	1.40e-22	7.99e-15	1.59e-08	4.01e-04	1.22e-01	6.96e-01	1.82e-01	0.00e+00	0.00e+00	0.00e+00	0.00e+00	0.00e+00
 3.25816e+14	2.04e-22	1.09e-14	2.03e-08	4.72e-04	1.32e-01	6.99e-01	1.68e-01	0.00e+00	0.00e+00	0.00e+00	0.00e+00	0.00e+00
 3.38878e+14	2.98e-22	1.48e-14	2.59e-08	5.55e-04	1.43e-01	7.01e-01	1.55e-01	0.00e+00	0.00e+00	0.00e+00	0.00e+00	0.00e+00
 3.52463e+14	4.33e-22	2.00e-14	3.31e-08	6.52e-04	1.55e-01	7.01e-01	1.43e-01	0.00e+00	0.00e+00	0.00e+00	0.00e+00	0.00e+00
 3.65711e+14	5.97e-22	2.60e-14	4.14e-08	7.56e-04	1.67e-01	7.00e-01	1.32e-01	0.00e+00	0.00e+00	0.00e+00	0.00e+00	0.00e+00
 3.78349e+14	8.25e-22	3.37e-14	5.09e-08	8.66e-04	1.78e-01	6.98e-01	1.22e-01	0.00e+00	0.00e+00	0.00e+00	0.00e+00	0.00e+00
 3.92372e+14	1.18e-21	4.50e-14	6.33e-08	9.99e-04	1.91e-01	6.95e-01	1.13e-01	0.00e+00	0.00e+00	0.00e+00	0.00e+00	0.00e+00
 4.08096e+14	1.67e-21	5.93e-14	8.00e-08	1.16e-03	2.05e-01	6.91e-01	1.03e-01	0.00e+00	0.00e+00	0.00e+00	0.00e+00	0.00e+00
 4.23901e+14	2.37e-21	7.87e-14	1.00e-07	1.35e-03	2.19e-01	6.85e-01	9.46e-02	0.00e+00	0.00e+00	0.00e+00	0.00e+00	0.00e+00
 4.40337e+14	3.43e-21	1.06e-13	1.25e-07	1.56e-03	2.34e-01	6.78e-01	8.65e-02	0.00e+00	0.00e+00	0.00e+00	0.00e+00	0.00e+00
 4.57981e+14	4.90e-21	1.41e-13	1.57e-07	1.80e-03	2.50e-01	6.69e-01	7.86e-02	0.00e+00	0.00e+00	0.00e+00	0.00e+00	0.00e+00
 4.76330e+14	7.00e-21	1.87e-13	1.97e-07	2.08e-03	2.67e-01	6.60e-01	7.14e-02	0.00e+00	0.00e+00	0.00e+00	0.00e+00	0.00e+00
 4.95413e+14	9.96e-21	2.48e-13	2.46e-07	2.40e-03	2.84e-01	6.49e-01	6.47e-02	0.00e+00	0.00e+00	0.00e+00	0.00e+00	0.00e+00
 5.15260e+14	1.42e-20	3.29e-13	3.07e-07	2.76e-03	3.02e-01	6.37e-01	5.85e-02	0.00e+00	0.00e+00	0.00e+00	0.00e+00	0.00e+00
 5.35900e+14	1.96e-20	4.26e-13	3.82e-07	3.17e-03	3.20e-01	6.24e-01	5.29e-02	0.00e+00	0.00e+00	0.00e+00	0.00e+00	0.00e+00
 5.57366e+14	2.79e-20	5.64e-13	4.74e-07	3.63e-03	3.38e-01	6.10e-01	4.77e-02	0.00e+00	0.00e+00	0.00e+00	0.00e+00	0.00e+00
 5.79690e+14	4.00e-20	7.50e-13	5.86e-07	4.16e-03	3.57e-01	5.96e-01	4.29e-02	0.00e+00	0.00e+00	0.00e+00	0.00e+00	0.00e+00
 6.02908e+14	5.64e-20	9.83e-13	7.25e-07	4.74e-03	3.77e-01	5.80e-01	3.85e-02	0.00e+00	0.00e+00	0.00e+00	0.00e+00	0.00e+00
 6.27054e+14	7.93e-20	1.29e-12	8.94e-07	5.40e-03	3.96e-01	5.64e-01	3.46e-02	0.00e+00	0.00e+00	0.00e+00	0.00e+00	0.00e+00
 6.52166e+14	1.11e-19	1.69e-12	1.10e-06	6.14e-03	4.16e-01	5.47e-01	3.09e-02	0.00e+00	0.00e+00	0.00e+00	0.00e+00	0.00e+00
 6.78283e+14	1.56e-19	2.20e-12	1.35e-06	6.96e-03	4.36e-01	5.29e-01	2.76e-02	0.00e+00	0.00e+00	0.00e+00	0.00e+00	0.00e+00
 7.05444e+14	2.16e-19	2.84e-12	1.66e-06	7.88e-03	4.56e-01	5.12e-01	2.46e-02	0.00e+00	0.00e+00	0.00e+00	0.00e+00	0.00e+00
 7.33692e+14	3.03e-19	3.71e-12	2.02e-06	8.89e-03	4.76e-01	4.93e-01	2.19e-02	0.00e+00	0.00e+00	0.00e+00	0.00e+00	0.00e+00
 7.63069e+14	4.26e-19	4.84e-12	2.47e-06	1.00e-02	4.96e-01	4.75e-01	1.94e-02	0.00e+00	0.00e+00	0.00e+00	0.00e+00	0.00e+00
 7.93622e+14	5.89e-19	6.24e-12	3.01e-06	1.13e-02	5.16e-01	4.56e-01	1.72e-02	0.00e+00	0.00e+00	0.00e+00	0.00e+00	0.00e+00
 8.25397e+14	8.20e-19	8.08e-12	3.65e-06	1.27e-02	5.35e-01	4.37e-01	1.52e-02	0.00e+00	0.00e+00	0.00e+00	0.00e+00	0.00e+00
 8.58443e+14	1.15e-18	1.05e-11	4.43e-06	1.42e-02	5.54e-01	4.18e-01	1.34e-02	0.00e+00	0.00e+00	0.00e+00	0.00e+00	0.00e+00
 8.92810e+14	1.60e-18	1.36e-11	5.36e-06	1.59e-02	5.73e-01	3.99e-01	1.18e-02	0.00e+00	0.00e+00	0.00e+00	0.00e+00	0.00e+00
 9.28553e+14	2.21e-18	1.75e-11	6.49e-06	1.77e-02	5.91e-01	3.80e-01	1.04e-02	0.00e+00	0.00e+00	0.00e+00	0.00e+00	0.00e+00
 9.65725e+14	3.06e-18	2.25e-11	7.81e-06	1.98e-02	6.09e-01	3.62e-01	9.12e-03	0.00e+00	0.00e+00	0.00e+00	0.00e+00	0.00e+00
 1.00438e+15	4.25e-18	2.90e-11	9.39e-06	2.20e-02	6.26e-01	3.44e-01	8.00e-03	0.00e+00	0.00e+00	0.00e+00	0.00e+00	0.00e+00
 1.04459e+15	5.88e-18	3.73e-11	1.13e-05	2.44e-02	6.43e-01	3.26e-01	6.97e-03	0.00e+00	0.00e+00	0.00e+00	0.00e+00	0.00e+00
 1.08640e+15	8.18e-18	4.80e-11	1.35e-05	2.71e-02	6.59e-01	3.08e-01	6.09e-03	0.00e+00	0.00e+00	0.00e+00	0.00e+00	0.00e+00
 1.12989e+15	1.12e-17	6.13e-11	1.62e-05	2.99e-02	6.74e-01	2.91e-01	5.31e-03	0.00e+00	0.00e+00	0.00e+00	0.00e+00	0.00e+00
 1.17511e+15	1.56e-17	7.88e-11	1.94e-05	3.31e-02	6.88e-01	2.74e-01	4.60e-03	0.00e+00	0.00e+00	0.00e+00	0.00e+00	0.00e+00
 1.22080e+15	2.14e-17	1.00e-10	2.30e-05	3.64e-02	7.01e-01	2.58e-01	4.01e-03	0.00e+00	0.00e+00	0.00e+00	0.00e+00	0.00e+00
 1.26832e+15	2.92e-17	1.27e-10	2.73e-05	4.00e-02	7.14e-01	2.43e-01	3.49e-03	0.00e+00	0.00e+00	1.64e-17	9.03e-18	3.63e-18
 1.31908e+15	4.02e-17	1.63e-10	3.26e-05	4.40e-02	7.25e-01	2.28e-01	3.01e-03	0.00e+00	0.00e+00	2.24e-17	1.31e-17	4.56e-18
 1.37187e+15	5.55e-17	2.08e-10	3.86e-05	4.83e-02	7.36e-01	2.13e-01	2.60e-03	0.00e+00	0.00e+00	3.11e-17	1.80e-17	6.31e-18
 1.42678e+15	7.54e-17	2.63e-10	4.58e-05	5.29e-02	7.46e-01	1.99e-01	2.24e-03	0.00e+00	0.00e+00	4.22e-17	2.45e-17	8.57e-18
 1.48388e+15	1.05e-16	3.37e-10	5.44e-05	5.80e-02	7.54e-01	1.86e-01	1.92e-03	0.00e+00	0.00e+00	5.86e-17	3.39e-17	1.19e-17
 1.53834e+15	1.41e-16	4.22e-10	6.34e-05	6.30e-02	7.61e-01	1.74e-01	1.67e-03	0.00e+00	0.00e+00	7.89e-17	4.54e-17	1.60e-17
 1.58863e+15	1.80e-16	5.09e-10	7.26e-05	6.76e-02	7.67e-01	1.64e-01	1.47e-03	0.00e+00	0.00e+00	1.01e-16	5.80e-17	2.05e-17
 1.64585e+15	2.42e-16	6.36e-10	8.45e-05	7.32e-02	7.72e-01	1.53e-01	1.28e-03	0.00e+00	0.00e+00	1.36e-16	7.77e-17	2.75e-17
 1.71171e+15	3.33e-16	8.10e-10	9.95e-05	7.97e-02	7.77e-01	1.42e-01	1.09e-03	0.00e+00	0.00e+00	1.87e-16	1.07e-16	3.78e-17
 1.77625e+15	4.41e-16	1.00e-09	1.16e-04	8.63e-02	7.80e-01	1.32e-01	9.38e-04	0.00e+00	0.00e+00	2.48e-16	1.41e-16	5.01e-17
 1.83805e+15	5.87e-16	1.24e-09	1.34e-04	9.29e-02	7.83e-01	1.23e-01	8.13e-04	0.00e+00	0.00e+00	3.31e-16	1.87e-16	6.67e-17
 1.90629e+15	7.88e-16	1.55e-09	1.55e-04	1.00e-01	7.84e-01	1.15e-01	6.99e-04	0.00e+00	0.00e+00	4.45e-16	2.51e-16	8.96e-17
 1.98257e+15	1.06e-15	1.94e-09	1.82e-04	1.08e-01	7.85e-01	1.06e-01	5.93e-04	0.00e+00	0.00e+00	5.98e-16	3.36e-16	1.20e-16
 2.05921e+15	1.45e-15	2.45e-09	2.13e-04	1.17e-01	7.85e-01	9.74e-02	5.04e-04	0.00e+00	0.00e+00	8.21e-16	4.60e-16	1.65e-16
 2.13893e+15	1.97e-15	3.08e-09	2.47e-04	1.26e-01	7.83e-01	8.97e-02	4.28e-04	0.00e+00	0.00e+00	1.12e-15	6.24e-16	2.24e-16
 2.22451e+15	2.64e-15	3.83e-09	2.89e-04	1.36e-01	7.81e-01	8.22e-02	3.61e-04	0.00e+00	0.00e+00	1.50e-15	8.32e-16	2.99e-16
 2.31352e+15	3.65e-15	4.89e-09	3.38e-04	1.47e-01	7.77e-01	7.52e-02	3.03e-04	0.00e+00	0.00e+00	2.07e-15	1.15e-15	4.13e-16
 2.40609e+15	5.00e-15	6.17e-09	3.94e-04	1.59e-01	7.72e-01	6.87e-02	2.55e-04	0.00e+00	0.00e+00	2.84e-15	1.57e-15	5.65e-16
 2.49527e+15	6.52e-15	7.53e-09	4.53e-04	1.70e-01	7.67e-01	6.31e-02	2.16e-04	0.00e+00	0.00e+00	3.71e-15	2.04e-15	7.36e-16
 2.57767e+15	8.57e-15	9.21e-09	5.16e-04	1.80e-01	7.60e-01	5.83e-02	1.86e-04	0.00e+00	0.00e+00	4.88e-15	2.68e-15	9.65e-16
 2.67046e+15	1.13e-14	1.13e-08	5.91e-04	1.92e-01	7.53e-01	5.35e-02	1.58e-04	0.00e+00	0.00e+00	6.45e-15	3.53e-15	1.27e-15
 2.77475e+15	1.53e-14	1.41e-08	6.83e-04	2.06e-01	7.45e-01	4.86e-02	1.32e-04	0.00e+00	0.00e+00	8.75e-15	4.76e-15	1.72e-15
 2.87390e+15	1.97e-14	1.71e-08	7.79e-04	2.19e-01	7.36e-01	4.45e-02	1.12e-04	0.00e+00	0.00e+00	1.13e-14	6.12e-15	2.21e-15
 2.96835e+15	2.58e-14	2.08e-08	8.83e-04	2.31e-01	7.27e-01	4.09e-02	9.56e-05	0.00e+00	0.00e+00	1.48e-14	8.00e-15	2.88e-15
 3.07588e+15	3.42e-14	2.56e-08	1.01e-03	2.46e-01	7.16e-01	3.72e-02	8.05e-05	0.00e+00	0.00e+00	1.96e-14	1.06e-14	3.81e-15
 3.19560e+15	4.49e-14	3.13e-08	1.16e-03	2.61e-01	7.04e-01	3.36e-02	6.68e-05	0.00e+00	0.00e+00	2.58e-14	1.39e-14	5.00e-15
 3.30914e+15	6.01e-14	3.87e-08	1.32e-03	2.77e-01	6.91e-01	3.05e-02	5.60e-05	0.00e+00	0.00e+00	3.45e-14	1.85e-14	6.67e-15
 3.41668e+15	7.73e-14	4.65e-08	1.48e-03	2.91e-01	6.79e-01	2.79e-02	4.77e-05	0.00e+00	0.00e+00	4.43e-14	2.38e-14	8.56e-15
 3.53945e+15	1.01e-13	5.67e-08	1.69e-03	3.08e-01	6.65e-01	2.52e-02	3.97e-05	0.00e+00	0.00e+00	5.81e-14	3.12e-14	1.12e-14
 3.67662e+15	1.36e-13	7.05e-08	1.94e-03	3.26e-01	6.49e-01	2.26e-02	3.26e-05	0.00e+00	0.00e+00	7.84e-14	4.20e-14	1.50e-14
 3.80620e+15	1.78e-13	8.55e-08	2.20e-03	3.44e-01	6.34e-01	2.03e-02	2.71e-05	0.00e+00	0.00e+00	1.02e-13	5.47e-14	1.95e-14
 3.92937e+15	2.28e-13	1.02e-07	2.46e-03	3.60e-01	6.19e-01	1.84e-02	2.29e-05	0.00e+00	0.00e+00	1.31e-13	7.01e-14	2.50e-14
 4.07050e+15	2.99e-13	1.25e-07	2.79e-03	3.79e-01	6.02e-01	1.65e-02	1.88e-05	0.00e+00	0.00e+00	1.72e-13	9.19e-14	3.27e-14
 4.22745e+15	4.02e-13	1.54e-07	3.18e-03	3.99e-01	5.83e-01	1.46e-02	1.53e-05	0.00e+00	0.00e+00	2.31e-13	1.23e-13	4.38e-14
 4.37502e+15	5.23e-13	1.87e-07	3.60e-03	4.18e-01	5.65e-01	1.31e-02	1.26e-05	0.00e+00	0.00e+00	3.01e-13	1.61e-13	5.69e-14
 4.51544e+15	6.68e-13	2.23e-07	4.01e-03	4.35e-01	5.49e-01	1.18e-02	1.05e-05	0.00e+00	0.00e+00	3.85e-13	2.05e-13	7.24e-14
 4.67651e+15	8.78e-13	2.71e-07	4.54e-03	4.56e-01	5.29e-01	1.04e-02	8.56e-06	0.00e+00	0.00e+00	5.06e-13	2.70e-13	9.49e-14
 4.85537e+15	1.17e-12	3.33e-07	5.16e-03	4.77e-01	5.09e-01	9.12e-03	6.86e-06	0.00e+00	0.00e+00	6.73e-13	3.58e-13	1.26e-13
 5.02649e+15	1.53e-12	4.05e-07	5.82e-03	4.98e-01	4.88e-01	8.04e-03	5.56e-06	0.00e+00	0.00e+00	8.85e-13	4.71e-13	1.65e-13
 5.19056e+15	1.93e-12	4.77e-07	6.49e-03	5.16e-01	4.70e-01	7.14e-03	4.57e-06	0.00e+00	0.00e+00	1.11e-12	5.93e-13	2.07e-13
 5.37633e+15	2.61e-12	5.91e-07	7.35e-03	5.38e-01	4.49e-01	6.23e-03	3.65e-06	0.00e+00	0.00e+00	1.50e-12	7.99e-13	2.78e-13
 5.58324e+15	3.51e-12	7.30e-07	8.36e-03	5.60e-01	4.26e-01	5.37e-03	2.86e-06	0.00e+00	0.00e+00	2.03e-12	1.08e-12	3.74e-13
 5.78381e+15	4.65e-12	8.92e-07	9.44e-03	5.81e-01	4.05e-01	4.66e-03	2.27e-06	0.00e+00	0.00e+00	2.69e-12	1.43e-12	4.94e-13
 5.97448e+15	6.04e-12	1.08e-06	1.06e-02	6.00e-01	3.85e-01	4.07e-03	1.83e-06	0.00e+00	0.00e+00	3.49e-12	1.85e-12	6.41e-13
 6.18609e+15	8.02e-12	1.31e-06	1.19e-02	6.21e-01	3.64e-01	3.50e-03	1.44e-06	0.00e+00	0.00e+00	4.64e-12	2.46e-12	8.48e-13
 6.41722e+15	1.08e-11	1.62e-06	1.36e-02	6.42e-01	3.41e-01	2.98e-03	1.11e-06	0.00e+00	0.00e+00	6.25e-12	3.31e-12	1.14e-12
 6.62230e+15	1.40e-11	1.95e-06	1.51e-02	6.60e-01	3.22e-01	2.58e-03	8.85e-07	0.00e+00	0.00e+00	8.12e-12	4.31e-12	1.48e-12
 6.80541e+15	1.76e-11	2.30e-06	1.66e-02	6.75e-01	3.06e-01	2.27e-03	0.00e+00	0.00e+00	0.00e+00	1.02e-11	5.40e-12	1.85e-12
 7.01141e+15	2.20e-11	2.69e-06	1.85e-02	6.91e-01	2.88e-01	1.97e-03	0.00e+00	0.00e+00	0.00e+00	1.28e-11	6.75e-12	2.31e-12
 7.27042e+15	3.12e-11	3.44e-06	2.12e-02	7.11e-01	2.66e-01	1.64e-03	0.00e+00	0.00e+00	0.00e+00	1.80e-11	9.56e-12	3.26e-12
 7.52942e+15	4.25e-11	4.29e-06	2.41e-02	7.29e-01	2.46e-01	1.37e-03	0.00e+00	0.00e+00	0.00e+00	2.46e-11	1.30e-11	4.44e-12
 7.74368e+15	5.27e-11	5.00e-06	2.68e-02	7.42e-01	2.30e-01	1.18e-03	0.00e+00	0.00e+00	0.00e+00	3.05e-11	1.62e-11	5.50e-12
 7.96868e+15	7.15e-11	6.21e-06	3.01e-02	7.56e-01	2.13e-01	1.00e-03	0.00e+00	0.00e+00	0.00e+00	4.14e-11	2.19e-11	7.44e-12
 8.21952e+15	9.63e-11	7.69e-06	3.41e-02	7.69e-01	1.96e-01	8.37e-04	0.00e+00	0.00e+00	0.00e+00	5.58e-11	2.95e-11	1.00e-11
 8.45895e+15	1.22e-10	9.12e-06	3.84e-02	7.80e-01	1.81e-01	7.04e-04	0.00e+00	0.00e+00	0.00e+00	7.06e-11	3.73e-11	1.26e-11
 8.68908e+15	1.68e-10	1.15e-05	4.33e-02	7.90e-01	1.66e-01	5.94e-04	0.00e+00	0.00e+00	0.00e+00	9.73e-11	5.15e-11	1.74e-11
 8.91000e+15	2.19e-10	1.39e-05	4.86e-02	7.98e-01	1.53e-01	5.04e-04	0.00e+00	0.00e+00	0.00e+00	1.27e-10	6.71e-11	2.27e-11
 9.15509e+15	2.98e-10	1.74e-05	5.55e-02	8.05e-01	1.39e-01	4.18e-04	0.00e+00	0.00e+00	0.00e+00	1.73e-10	9.13e-11	3.08e-11
 9.42848e+15	3.91e-10	2.14e-05	6.44e-02	8.11e-01	1.24e-01	3.38e-04	0.00e+00	0.00e+00	0.00e+00	2.27e-10	1.20e-10	4.04e-11
 9.67845e+15	5.75e-10	2.84e-05	7.46e-02	8.14e-01	1.11e-01	2.76e-04	0.00e+00	0.00e+00	0.00e+00	3.34e-10	1.77e-10	5.95e-11
 9.87921e+15	7.54e-10	3.48e-05	8.42e-02	8.14e-01	1.01e-01	2.33e-04	0.00e+00	0.00e+00	0.00e+00	4.37e-10	2.31e-10	7.79e-11
 1.00762e+16	9.90e-10	4.28e-05	9.57e-02	8.12e-01	9.17e-02	1.96e-04	0.00e+00	0.00e+00	0.00e+00	5.75e-10	3.04e-10	1.02e-10
 1.03323e+16	1.46e-09	5.74e-05	1.14e-01	8.06e-01	7.95e-02	1.54e-04	0.00e+00	0.00e+00	0.00e+00	8.46e-10	4.47e-10	1.51e-10
 1.05833e+16	2.12e-09	7.70e-05	1.38e-01	7.94e-01	6.82e-02	1.20e-04	0.00e+00	0.00e+00	0.00e+00	1.23e-09	6.52e-10	2.19e-10
 1.07642e+16	2.86e-09	9.73e-05	1.60e-01	7.80e-01	6.01e-02	9.79e-05	0.00e+00	0.00e+00	0.00e+00	1.66e-09	8.77e-10	2.95e-10
 1.09063e+16	3.68e-09	1.19e-04	1.81e-01	7.65e-01	5.36e-02	8.23e-05	0.00e+00	0.00e+00	0.00e+00	2.14e-09	1.13e-09	3.80e-10
 1.10398e+16	4.48e-09	1.40e-04	2.06e-01	7.46e-01	4.75e-02	6.88e-05	0.00e+00	0.00e+00	0.00e+00	2.60e-09	1.38e-09	4.63e-10
 1.11684e+16	5.80e-09	1.73e-04	2.36e-01	7.23e-01	4.16e-02	5.67e-05	0.00e+00	0.00e+00	0.00e+00	3.37e-09	1.78e-09	6.00e-10
 1.12864e+16	7.46e-09	2.12e-04	2.69e-01	6.95e-01	3.61e-02	4.66e-05	0.00e+00	0.00e+00	0.00e+00	4.33e-09	2.29e-09	7.72e-10
 1.13898e+16	9.42e-09	2.57e-04	3.04e-01	6.64e-01	3.13e-02	3.83e-05	0.00e+00	0.00e+00	0.00e+00	5.48e-09	2.90e-09	9.77e-10
 1.14809e+16	1.17e-08	3.08e-04	3.42e-01	6.31e-01	2.70e-02	3.14e-05	0.00e+00	0.00e+00	0.00e+00	6.81e-09	3.61e-09	1.22e-09
 1.15635e+16	1.44e-08	3.66e-04	3.82e-01	5.94e-01	2.31e-02	2.56e-05	0.00e+00	0.00e+00	0.00e+00	8.38e-09	4.43e-09	1.50e-09
 1.16396e+16	1.81e-08	4.43e-04	4.26e-01	5.54e-01	1.95e-02	2.06e-05	0.00e+00	0.00e+00	0.00e+00	1.05e-08	5.58e-09	1.88e-09
 1.17101e+16	2.18e-08	5.18e-04	4.73e-01	5.11e-01	1.62e-02	1.63e-05	0.00e+00	0.00e+00	0.00e+00	1.27e-08	6.71e-09	2.27e-09
 1.17748e+16	2.59e-08	6.00e-04	5.21e-01	4.65e-01	1.33e-02	1.27e-05	0.00e+00	0.00e+00	0.00e+00	1.51e-08	7.97e-09	2.70e-09
 1.18340e+16	3.03e-08	6.86e-04	5.70e-01	4.19e-01	1.07e-02	9.81e-06	0.00e+00	0.00e+00	0.00e+00	1.76e-08	9.35e-09	3.16e-09
 1.18896e+16	3.52e-08	7.79e-04	6.20e-01	3.71e-01	8.46e-03	7.38e-06	0.00e+00	0.00e+00	0.00e+00	2.05e-08	1.09e-08	3.68e-09
 1.19525e+16	4.16e-08	8.97e-04	6.80e-01	3.13e-01	6.16e-03	5.05e-06	0.00e+00	0.00e+00	0.00e+00	2.42e-08	1.28e-08	4.35e-09
 1.20187e+16	4.89e-08	1.03e-03	7.42e-01	2.53e-01	4.18e-03	3.20e-06	0.00e+00	0.00e+00	0.00e+00	2.84e-08	1.51e-08	5.12e-09
 1.20757e+16	5.56e-08	1.14e-03	7.93e-01	2.03e-01	2.83e-03	2.02e-06	0.00e+00	0.00e+00	0.00e+00	3.23e-08	1.71e-08	5.83e-09
 1.21362e+16	6.30e-08	1.26e-03	8.42e-01	1.55e-01	1.76e-03	1.15e-06	0.00e+00	0.00e+00	0.00e+00	3.66e-08	1.94e-08	6.62e-09
 1.22096e+16	7.15e-08	1.39e-03	8.89e-01	1.09e-01	9.43e-04	5.52e-07	0.00e+00	0.00e+00	0.00e+00	4.16e-08	2.21e-08	7.53e-09
 1.22876e+16	7.96e-08	1.50e-03	9.24e-01	7.37e-02	4.70e-04	0.00e+00	0.00e+00	0.00e+00	0.00e+00	4.63e-08	2.46e-08	8.40e-09
 1.23683e+16	8.69e-08	1.59e-03	9.48e-01	5.00e-02	2.29e-04	0.00e+00	0.00e+00	0.00e+00	0.00e+00	5.05e-08	2.68e-08	9.18e-09
 1.24648e+16	9.44e-08	1.67e-03	9.65e-01	3.30e-02	1.02e-04	0.00e+00	0.00e+00	0.00e+00	0.00e+00	5.49e-08	2.91e-08	9.98e-09
 1.25902e+16	1.03e-07	1.74e-03	9.77e-01	2.16e-02	3.99e-05	0.00e+00	0.00e+00	0.00e+00	0.00e+00	5.96e-08	3.17e-08	1.09e-08
 1.27533e+16	1.12e-07	1.82e-03	9.83e-01	1.49e-02	1.47e-05	0.00e+00	0.00e+00	0.00e+00	0.00e+00	6.50e-08	3.45e-08	1.18e-08
 1.29652e+16	1.23e-07	1.90e-03	9.87e-01	1.13e-02	5.20e-06	0.00e+00	0.00e+00	0.00e+00	0.00e+00	7.18e-08	3.81e-08	1.31e-08
 1.32407e+16	1.39e-07	1.99e-03	9.89e-01	9.40e-03	1.77e-06	0.00e+00	0.00e+00	0.00e+00	0.00e+00	8.09e-08	4.29e-08	1.47e-08
 1.35989e+16	1.61e-07	2.11e-03	9.90e-01	8.31e-03	5.62e-07	0.00e+00	0.00e+00	0.00e+00	0.00e+00	9.39e-08	4.99e-08	1.71e-08
 1.40645e+16	1.95e-07	2.28e-03	9.90e-01	7.50e-03	0.00e+00	0.00e+00	0.00e+00	0.00e+00	0.00e+00	1.14e-07	6.04e-08	2.07e-08
 1.45629e+16	2.39e-07	2.46e-03	9.91e-01	6.86e-03	0.00e+00	0.00e+00	0.00e+00	0.00e+00	0.00e+00	1.39e-07	7.39e-08	2.53e-08
 1.50006e+16	2.85e-07	2.63e-03	9.91e-01	6.38e-03	0.00e+00	0.00e+00	0.00e+00	0.00e+00	0.00e+00	1.66e-07	8.80e-08	3.01e-08
 1.54665e+16	3.45e-07	2.83e-03	9.91e-01	5.93e-03	0.00e+00	0.00e+00	0.00e+00	0.00e+00	0.00e+00	2.00e-07	1.07e-07	3.64e-08
 1.59851e+16	4.26e-07	3.06e-03	9.91e-01	5.46e-03	0.00e+00	0.00e+00	0.00e+00	0.00e+00	0.00e+00	2.48e-07	1.32e-07	4.50e-08
 1.64675e+16	5.20e-07	3.30e-03	9.92e-01	5.09e-03	0.00e+00	0.00e+00	0.00e+00	0.00e+00	0.00e+00	3.03e-07	1.61e-07	5.50e-08
 1.69158e+16	6.28e-07	3.53e-03	9.92e-01	4.76e-03	0.00e+00	0.00e+00	0.00e+00	0.00e+00	0.00e+00	3.65e-07	1.94e-07	6.63e-08
 1.74242e+16	7.81e-07	3.81e-03	9.92e-01	4.40e-03	0.00e+00	0.00e+00	0.00e+00	0.00e+00	0.00e+00	4.54e-07	2.42e-07	8.25e-08
 1.79834e+16	9.98e-07	4.16e-03	9.92e-01	4.06e-03	0.00e+00	0.00e+00	0.00e+00	0.00e+00	0.00e+00	5.80e-07	3.09e-07	1.05e-07
 1.84902e+16	1.25e-06	4.50e-03	9.92e-01	3.75e-03	0.00e+00	0.00e+00	0.00e+00	0.00e+00	0.00e+00	7.27e-07	3.87e-07	1.32e-07
 1.89568e+16	1.55e-06	4.85e-03	9.92e-01	3.51e-03	0.00e+00	0.00e+00	0.00e+00	0.00e+00	0.00e+00	9.03e-07	4.81e-07	1.64e-07
 1.94895e+16	2.02e-06	5.30e-03	9.91e-01	3.24e-03	0.00e+00	0.00e+00	0.00e+00	0.00e+00	0.00e+00	1.17e-06	6.24e-07	2.12e-07
 2.00446e+16	2.67e-06	5.84e-03	9.91e-01	2.98e-03	0.00e+00	0.00e+00	0.00e+00	0.00e+00	0.00e+00	1.55e-06	8.26e-07	2.81e-07
 2.05217e+16	3.45e-06	6.38e-03	9.91e-01	2.75e-03	0.00e+00	0.00e+00	0.00e+00	0.00e+00	0.00e+00	2.00e-06	1.07e-06	3.62e-07
 2.10350e+16	4.62e-06	7.06e-03	9.90e-01	2.52e-03	0.00e+00	0.00e+00	0.00e+00	0.00e+00	0.00e+00	2.69e-06	1.43e-06	4.86e-07
 2.15854e+16	6.46e-06	7.94e-03	9.90e-01	2.29e-03	0.00e+00	0.00e+00	0.00e+00	0.00e+00	0.00e+00	3.75e-06	2.00e-06	6.78e-07
 2.20498e+16	8.75e-06	8.86e-03	9.89e-01	2.09e-03	0.00e+00	0.00e+00	0.00e+00	0.00e+00	0.00e+00	5.08e-06	2.71e-06	9.18e-07
 2.24329e+16	1.15e-05	9.79e-03	9.88e-01	1.92e-03	0.00e+00	0.00e+00	0.00e+00	0.00e+00	0.00e+00	6.68e-06	3.55e-06	1.20e-06
 2.27902e+16	1.51e-05	1.08e-02	9.87e-01	1.77e-03	0.00e+00	0.00e+00	0.00e+00	0.00e+00	0.00e+00	8.77e-06	4.67e-06	1.58e-06
 2.32004e+16	2.13e-05	1.24e-02	9.86e-01	1.59e-03	0.00e+00	0.00e+00	0.00e+00	0.00e+00	0.00e+00	1.24e-05	6.57e-06	2.22e-06
 2.36144e+16	3.09e-05	1.44e-02	9.84e-01	1.41e-03	0.00e+00	0.00e+00	0.00e+00	0.00e+00	0.00e+00	1.79e-05	9.53e-06	3.22e-06
 2.39288e+16	4.22e-05	1.64e-02	9.82e-01	1.26e-03	0.00e+00	0.00e+00	0.00e+00	0.00e+00	0.00e+00	2.45e-05	1.30e-05	4.41e-06
 2.41167e+16	5.13e-05	1.78e-02	9.81e-01	1.18e-03	0.00e+00	0.00e+00	0.00e+00	0.00e+00	0.00e+00	2.98e-05	1.58e-05	5.36e-06
 2.42132e+16	5.71e-05	1.87e-02	9.80e-01	1.14e-03	0.00e+00	0.00e+00	0.00e+00	0.00e+00	0.00e+00	3.32e-05	1.76e-05	5.95e-06
 2.43069e+16	6.37e-05	1.96e-02	9.79e-01	1.10e-03	0.00e+00	0.00e+00	0.00e+00	0.00e+00	0.00e+00	3.70e-05	1.97e-05	6.64e-06
 2.44288e+16	7.37e-05	2.09e-02	9.78e-01	1.04e-03	0.00e+00	0.00e+00	0.00e+00	0.00e+00	0.00e+00	4.28e-05	2.28e-05	7.69e-06
 2.45873e+16	8.98e-05	2.28e-02	9.76e-01	9.60e-04	0.00e+00	0.00e+00	0.00e+00	0.00e+00	0.00e+00	5.22e-05	2.77e-05	9.36e-06
 2.47422e+16	1.10e-04	2.50e-02	9.74e-01	8.88e-04	0.00e+00	0.00e+00	0.00e+00	0.00e+00	0.00e+00	6.37e-05	3.38e-05	1.14e-05
 2.48553e+16	1.27e-04	2.69e-02	9.72e-01	8.39e-04	0.00e+00	0.00e+00	0.00e+00	0.00e+00	0.00e+00	7.40e-05	3.93e-05	1.33e-05
 2.49440e+16	1.44e-04	2.85e-02	9.71e-01	8.00e-04	0.00e+00	0.00e+00	0.00e+00	0.00e+00	0.00e+00	8.38e-05	4.45e-05	1.50e-05
 2.50380e+16	1.66e-04	3.04e-02	9.69e-01	7.55e-04	0.00e+00	0.00e+00	0.00e+00	0.00e+00	0.00e+00	9.64e-05	5.11e-05	1.73e-05
 2.51405e+16	1.94e-04	3.28e-02	9.66e-01	7.06e-04	0.00e+00	0.00e+00	0.00e+00	0.00e+00	0.00e+00	1.13e-04	5.97e-05	2.01e-05
 2.52311e+16	2.23e-04	3.51e-02	9.64e-01	6.64e-04	0.00e+00	0.00e+00	0.00e+00	0.00e+00	0.00e+00	1.30e-04	6.88e-05	2.32e-05
 2.53103e+16	2.53e-04	3.74e-02	9.62e-01	6.29e-04	0.00e+00	0.00e+00	0.00e+00	0.00e+00	0.00e+00	1.47e-04	7.82e-05	2.64e-05
 2.53977e+16	2.95e-04	4.03e-02	9.59e-01	5.88e-04	0.00e+00	0.00e+00	0.00e+00	0.00e+00	0.00e+00	1.71e-04	9.08e-05	3.06e-05
 2.54899e+16	3.46e-04	4.37e-02	9.55e-01	5.47e-04	0.00e+00	0.00e+00	0.00e+00	0.00e+00	0.00e+00	2.01e-04	1.07e-04	3.59e-05
 2.55672e+16	3.98e-04	4.69e-02	9.52e-01	5.14e-04	0.00e+00	0.00e+00	0.00e+00	0.00e+00	0.00e+00	2.31e-04	1.23e-04	4.14e-05
 2.56342e+16	4.51e-04	5.00e-02	9.49e-01	4.85e-04	0.00e+00	0.00e+00	0.00e+00	0.00e+00	0.00e+00	2.62e-04	1.39e-04	4.69e-05
 2.57087e+16	5.23e-04	5.39e-02	9.45e-01	4.52e-04	0.00e+00	0.00e+00	0.00e+00	0.00e+00	0.00e+00	3.04e-04	1.61e-04	5.44e-05
 2.57883e+16	6.14e-04	5.85e-02	9.40e-01	4.17e-04	0.00e+00	0.00e+00	0.00e+00	0.00e+00	0.00e+00	3.57e-04	1.89e-04	6.38e-05
 2.58568e+16	7.09e-04	6.31e-02	9.36e-01	3.89e-04	0.00e+00	0.00e+00	0.00e+00	0.00e+00	0.00e+00	4.12e-04	2.18e-04	7.37e-05
 2.59164e+16	8.08e-04	6.75e-02	9.31e-01	3.64e-04	0.00e+00	0.00e+00	0.00e+00	0.00e+00	0.00e+00	4.70e-04	2.49e-04	8.39e-05
 2.59825e+16	9.39e-04	7.30e-02	9.26e-01	3.38e-04	0.00e+00	0.00e+00	0.00e+00	0.00e+00	0.00e+00	5.46e-04	2.89e-04	9.76e-05
 2.60534e+16	1.11e-03	7.97e-02	9.19e-01	3.09e-04	0.00e+00	0.00e+00	0.00e+00	0.00e+00	0.00e+00	6.44e-04	3.41e-04	1.15e-04
 2.61144e+16	1.28e-03	8.62e-02	9.12e-01	2.86e-04	0.00e+00	0.00e+00	0.00e+00	0.00e+00	0.00e+00	7.46e-04	3.95e-04	1.33e-04
 2.61673e+16	1.47e-03	9.25e-02	9.06e-01	2.66e-04	0.00e+00	0.00e+00	0.00e+00	0.00e+00	0.00e+00	8.53e-04	4.52e-04	1.52e-04
 2.62260e+16	1.71e-03	1.00e-01	8.98e-01	2.44e-04	0.00e+00	0.00e+00	0.00e+00	0.00e+00	0.00e+00	9.96e-04	5.28e-04	1.78e-04
 2.62892e+16	2.03e-03	1.10e-01	8.88e-01	2.21e-04	0.00e+00	0.00e+00	0.00e+00	0.00e+00	0.00e+00	1.18e-03	6.26e-04	2.11e-04
 2.63441e+16	2.37e-03	1.20e-01	8.78e-01	2.03e-04	0.00e+00	0.00e+00	0.00e+00	0.00e+00	0.00e+00	1.38e-03	7.29e-04	2.46e-04
 2.63922e+16	2.73e-03	1.29e-01	8.68e-01	1.86e-04	0.00e+00	0.00e+00	0.00e+00	0.00e+00	0.00e+00	1.59e-03	8.40e-04	2.83e-04
