#depth	O	O+	O+2	O+3	O+4	O+5	O+6	O+7	O+8	O[1]	O[2]	O[3]
 1.49634e+10	0.00e+00	0.00e+00	1.82e-32	1.54e-23	1.92e-15	3.17e-08	1.00e+00	0.00e+00	0.00e+00	0.00e+00	0.00e+00	0.00e+00
 4.54887e+10	0.00e+00	3.96e-42	2.52e-32	1.97e-23	2.26e-15	3.44e-08	1.00e+00	2.26e-07	0.00e+00	0.00e+00	0.00e+00	0.00e+00
 7.72350e+10	0.00e+00	0.00e+00	3.49e-32	2.52e-23	2.66e-15	3.74e-08	1.00e+00	0.00e+00	0.00e+00	0.00e+00	0.00e+00	0.00e+00
 1.10251e+11	0.00e+00	8.87e-42	4.82e-32	3.21e-23	3.14e-15	4.06e-08	1.00e+00	0.00e+00	0.00e+00	0.00e+00	0.00e+00	0.00e+00
 1.41315e+11	0.00e+00	0.00e+00	6.46e-32	4.01e-23	3.64e-15	4.38e-08	1.00e+00	0.00e+00	0.00e+00	0.00e+00	0.00e+00	0.00e+00
 1.69120e+11	0.00e+00	1.76e-41	8.34e-32	4.86e-23	4.14e-15	4.67e-08	1.00e+00	0.00e+00	0.00e+00	0.00e+00	0.00e+00	0.00e+00
 2.00336e+11	0.00e+00	0.00e+00	1.10e-31	6.00e-23	4.77e-15	5.02e-08	1.00e+00	0.00e+00	0.00e+00	0.00e+00	0.00e+00	0.00e+00
 2.37303e+11	0.00e+00	3.69e-41	1.51e-31	7.63e-23	5.61e-15	5.44e-08	1.00e+00	0.00e+00	0.00e+00	0.00e+00	0.00e+00	0.00e+00
 2.74279e+11	0.00e+00	0.00e+00	2.05e-31	9.61e-23	6.56e-15	5.89e-08	1.00e+00	0.00e+00	0.00e+00	0.00e+00	0.00e+00	0.00e+00
 3.09020e+11	0.00e+00	7.63e-41	2.71e-31	1.19e-22	7.55e-15	6.33e-08	1.00e+00	0.00e+00	0.00e+00	0.00e+00	0.00e+00	0.00e+00
 3.47593e+11	0.00e+00	0.00e+00	3.66e-31	1.49e-22	8.81e-15	6.83e-08	1.00e+00	0.00e+00	0.00e+00	0.00e+00	0.00e+00	0.00e+00
 3.91423e+11	0.00e+00	1.66e-40	5.08e-31	1.91e-22	1.04e-14	7.44e-08	1.00e+00	0.00e+00	0.00e+00	0.00e+00	0.00e+00	0.00e+00
 4.35113e+11	0.00e+00	0.00e+00	6.96e-31	2.42e-22	1.22e-14	8.07e-08	1.00e+00	0.00e+00	0.00e+00	0.00e+00	0.00e+00	0.00e+00
 4.80550e+11	0.00e+00	3.65e-40	9.54e-31	3.08e-22	1.44e-14	8.76e-08	1.00e+00	0.00e+00	0.00e+00	0.00e+00	0.00e+00	0.00e+00
 5.29698e+11	0.00e+00	0.00e+00	1.33e-30	3.95e-22	1.71e-14	9.55e-08	1.00e+00	0.00e+00	0.00e+00	0.00e+00	0.00e+00	0.00e+00
 5.80813e+11	0.00e+00	8.29e-40	1.85e-30	5.08e-22	2.02e-14	1.04e-07	1.00e+00	0.00e+00	0.00e+00	0.00e+00	0.00e+00	0.00e+00
 6.29007e+11	0.00e+00	0.00e+00	2.49e-30	6.38e-22	2.36e-14	1.13e-07	1.00e+00	0.00e+00	0.00e+00	0.00e+00	0.00e+00	0.00e+00
 6.72338e+11	0.00e+00	1.66e-39	3.24e-30	7.78e-22	2.70e-14	1.21e-07	1.00e+00	0.00e+00	0.00e+00	0.00e+00	0.00e+00	0.00e+00
 7.21087e+11	0.00e+00	0.00e+00	4.31e-30	9.67e-22	3.14e-14	1.30e-07	1.00e+00	0.00e+00	0.00e+00	0.00e+00	0.00e+00	0.00e+00
 7.78577e+11	0.00e+00	3.55e-39	5.97e-30	1.24e-21	3.71e-14	1.42e-07	1.00e+00	0.00e+00	0.00e+00	0.00e+00	0.00e+00	0.00e+00
 8.35876e+11	0.00e+00	0.00e+00	8.16e-30	1.57e-21	4.37e-14	1.54e-07	1.00e+00	0.00e+00	0.00e+00	0.00e+00	0.00e+00	0.00e+00
 8.89699e+11	0.00e+00	7.44e-39	1.08e-29	1.95e-21	5.07e-14	1.66e-07	1.00e+00	0.00e+00	0.00e+00	0.00e+00	0.00e+00	0.00e+00
 9.49446e+11	0.00e+00	0.00e+00	1.47e-29	2.46e-21	5.93e-14	1.80e-07	1.00e+00	0.00e+00	0.00e+00	0.00e+00	0.00e+00	0.00e+00
 1.01735e+12	0.00e+00	1.64e-38	2.05e-29	3.18e-21	7.08e-14	1.97e-07	1.00e+00	0.00e+00	0.00e+00	0.00e+00	0.00e+00	0.00e+00
 1.08420e+12	0.00e+00	0.00e+00	2.82e-29	4.05e-21	8.36e-14	2.14e-07	1.00e+00	0.00e+00	0.00e+00	0.00e+00	0.00e+00	0.00e+00
 1.15373e+12	0.00e+00	3.59e-38	3.87e-29	5.17e-21	9.90e-14	2.34e-07	1.00e+00	0.00e+00	0.00e+00	0.00e+00	0.00e+00	0.00e+00
 1.22981e+12	0.00e+00	0.00e+00	5.41e-29	6.69e-21	1.18e-13	2.56e-07	1.00e+00	0.00e+00	0.00e+00	0.00e+00	0.00e+00	0.00e+00
 1.30664e+12	0.00e+00	8.11e-38	7.50e-29	8.59e-21	1.41e-13	2.80e-07	1.00e+00	0.00e+00	0.00e+00	0.00e+00	0.00e+00	0.00e+00
 1.38654e+12	0.00e+00	0.00e+00	1.04e-28	1.10e-20	1.67e-13	3.06e-07	1.00e+00	0.00e+00	0.00e+00	0.00e+00	0.00e+00	0.00e+00
 1.46882e+12	0.00e+00	1.80e-37	1.43e-28	1.42e-20	1.99e-13	3.35e-07	1.00e+00	0.00e+00	0.00e+00	0.00e+00	0.00e+00	0.00e+00
 1.54956e+12	0.00e+00	0.00e+00	1.95e-28	1.79e-20	2.34e-13	3.65e-07	1.00e+00	0.00e+00	0.00e+00	0.00e+00	0.00e+00	0.00e+00
 1.63664e+12	0.00e+00	3.87e-37	2.67e-28	2.29e-20	2.78e-13	3.99e-07	1.00e+00	0.00e+00	0.00e+00	0.00e+00	0.00e+00	0.00e+00
 1.73203e+12	0.00e+00	0.00e+00	3.73e-28	2.96e-20	3.33e-13	4.38e-07	1.00e+00	0.00e+00	0.00e+00	0.00e+00	0.00e+00	0.00e+00
 1.83124e+12	0.00e+00	8.77e-37	5.21e-28	3.84e-20	4.00e-13	4.82e-07	1.00e+00	0.00e+00	0.00e+00	0.00e+00	0.00e+00	0.00e+00
 1.93442e+12	0.00e+00	0.00e+00	7.26e-28	4.97e-20	4.80e-13	5.30e-07	1.00e+00	0.00e+00	0.00e+00	0.00e+00	0.00e+00	0.00e+00
 2.04172e+12	0.00e+00	1.97e-36	1.01e-27	6.43e-20	5.76e-13	5.83e-07	1.00e+00	0.00e+00	0.00e+00	0.00e+00	0.00e+00	0.00e+00
 2.13877e+12	9.36e-46	2.80e-36	1.35e-27	8.06e-20	6.76e-13	6.34e-07	1.00e+00	0.00e+00	0.00e+00	0.00e+00	0.00e+00	0.00e+00
 2.21963e+12	0.00e+00	0.00e+00	1.70e-27	9.66e-20	7.68e-13	6.79e-07	1.00e+00	0.00e+00	0.00e+00	0.00e+00	0.00e+00	0.00e+00
 2.30822e+12	0.00e+00	5.01e-36	2.18e-27	1.17e-19	8.81e-13	7.30e-07	1.00e+00	0.00e+00	0.00e+00	0.00e+00	0.00e+00	0.00e+00
 2.42043e+12	2.89e-45	7.22e-36	2.94e-27	1.48e-19	1.04e-12	7.98e-07	1.00e+00	0.00e+00	0.00e+00	0.00e+00	0.00e+00	0.00e+00
 2.53743e+12	0.00e+00	0.00e+00	3.97e-27	1.88e-19	1.24e-12	8.73e-07	1.00e+00	0.00e+00	0.00e+00	0.00e+00	0.00e+00	0.00e+00
 2.64109e+12	0.00e+00	1.42e-35	5.14e-27	2.30e-19	1.43e-12	9.43e-07	1.00e+00	0.00e+00	0.00e+00	0.00e+00	0.00e+00	0.00e+00
 2.73797e+12	9.02e-45	1.88e-35	6.48e-27	2.76e-19	1.63e-12	1.01e-06	1.00e+00	0.00e+00	0.00e+00	0.00e+00	0.00e+00	0.00e+00
 2.84861e+12	0.00e+00	0.00e+00	8.37e-27	3.38e-19	1.88e-12	1.09e-06	1.00e+00	0.00e+00	0.00e+00	0.00e+00	0.00e+00	0.00e+00
 2.98434e+12	0.00e+00	3.67e-35	1.13e-26	4.29e-19	2.24e-12	1.20e-06	1.00e+00	0.00e+00	0.00e+00	0.00e+00	0.00e+00	0.00e+00
 3.11944e+12	3.02e-44	5.19e-35	1.51e-26	5.39e-19	2.64e-12	1.31e-06	1.00e+00	0.00e+00	0.00e+00	0.00e+00	0.00e+00	0.00e+00
 3.23707e+12	0.00e+00	6.94e-35	1.92e-26	6.53e-19	3.03e-12	1.41e-06	1.00e+00	0.00e+00	0.00e+00	0.00e+00	0.00e+00	0.00e+00
 3.36524e+12	6.11e-44	9.41e-35	2.47e-26	7.98e-19	3.50e-12	1.53e-06	1.00e+00	0.00e+00	0.00e+00	0.00e+00	0.00e+00	0.00e+00
 3.52139e+12	0.00e+00	1.34e-34	3.33e-26	1.01e-18	4.16e-12	1.67e-06	1.00e+00	0.00e+00	0.00e+00	0.00e+00	0.00e+00	0.00e+00
 3.68075e+12	1.40e-43	1.90e-34	4.45e-26	1.27e-18	4.91e-12	1.83e-06	1.00e+00	0.00e+00	0.00e+00	0.00e+00	0.00e+00	0.00e+00
 3.82750e+12	0.00e+00	2.58e-34	5.75e-26	1.56e-18	5.70e-12	1.99e-06	1.00e+00	0.00e+00	0.00e+00	0.00e+00	0.00e+00	0.00e+00
 3.99104e+12	2.98e-43	3.59e-34	7.58e-26	1.95e-18	6.67e-12	2.16e-06	1.00e+00	0.00e+00	0.00e+00	0.00e+00	0.00e+00	0.00e+00
 4.18011e+12	0.00e+00	5.17e-34	1.03e-25	2.48e-18	7.96e-12	2.38e-06	1.00e+00	0.00e+00	0.00e+00	0.00e+00	0.00e+00	0.00e+00
 4.36606e+12	6.87e-43	7.30e-34	1.37e-25	3.12e-18	9.39e-12	2.61e-06	1.00e+00	0.00e+00	0.00e+00	0.00e+00	0.00e+00	0.00e+00
 4.54438e+12	0.00e+00	1.00e-33	1.79e-25	3.86e-18	1.09e-11	2.83e-06	1.00e+00	0.00e+00	0.00e+00	0.00e+00	0.00e+00	0.00e+00
 4.74102e+12	1.48e-42	1.40e-33	2.37e-25	4.83e-18	1.28e-11	3.09e-06	1.00e+00	0.00e+00	0.00e+00	0.00e+00	0.00e+00	0.00e+00
 4.96058e+12	0.00e+00	2.01e-33	3.20e-25	6.14e-18	1.53e-11	3.39e-06	1.00e+00	0.00e+00	0.00e+00	0.00e+00	0.00e+00	0.00e+00
 5.16036e+12	3.28e-42	2.75e-33	4.16e-25	7.57e-18	1.77e-11	3.69e-06	1.00e+00	0.00e+00	0.00e+00	0.00e+00	0.00e+00	0.00e+00
 5.32877e+12	0.00e+00	3.56e-33	5.16e-25	8.98e-18	2.00e-11	3.94e-06	1.00e+00	0.00e+00	0.00e+00	0.00e+00	0.00e+00	0.00e+00
 5.51408e+12	6.13e-42	4.68e-33	6.49e-25	1.08e-17	2.28e-11	4.23e-06	1.00e+00	0.00e+00	0.00e+00	0.00e+00	0.00e+00	0.00e+00
 5.72336e+12	0.00e+00	6.31e-33	8.33e-25	1.32e-17	2.63e-11	4.57e-06	1.00e+00	0.00e+00	0.00e+00	0.00e+00	0.00e+00	0.00e+00
 5.92390e+12	1.21e-41	8.32e-33	1.05e-24	1.58e-17	3.00e-11	4.91e-06	1.00e+00	0.00e+00	0.00e+00	0.00e+00	0.00e+00	0.00e+00
 6.14469e+12	0.00e+00	1.12e-32	1.35e-24	1.93e-17	3.45e-11	5.29e-06	1.00e+00	0.00e+00	0.00e+00	0.00e+00	0.00e+00	0.00e+00
 6.38995e+12	2.49e-41	1.54e-32	1.76e-24	2.38e-17	4.01e-11	5.74e-06	1.00e+00	0.00e+00	0.00e+00	0.00e+00	0.00e+00	0.00e+00
 6.61982e+12	0.00e+00	2.05e-32	2.23e-24	2.88e-17	4.59e-11	6.18e-06	1.00e+00	0.00e+00	0.00e+00	0.00e+00	0.00e+00	0.00e+00
 6.87145e+12	4.99e-41	2.78e-32	2.88e-24	3.52e-17	5.29e-11	6.67e-06	1.00e+00	0.00e+00	0.00e+00	0.00e+00	0.00e+00	0.00e+00
 7.15451e+12	0.00e+00	3.87e-32	3.80e-24	4.39e-17	6.17e-11	7.26e-06	1.00e+00	0.00e+00	0.00e+00	0.00e+00	0.00e+00	0.00e+00
 7.42505e+12	1.05e-40	5.26e-32	4.90e-24	5.37e-17	7.11e-11	7.84e-06	1.00e+00	0.00e+00	0.00e+00	0.00e+00	0.00e+00	0.00e+00
 7.67535e+12	0.00e+00	6.91e-32	6.15e-24	6.43e-17	8.08e-11	8.40e-06	1.00e+00	0.00e+00	0.00e+00	0.00e+00	0.00e+00	0.00e+00
 7.95271e+12	2.06e-40	9.28e-32	7.86e-24	7.81e-17	9.25e-11	9.04e-06	1.00e+00	0.00e+00	0.00e+00	0.00e+00	0.00e+00	0.00e+00
 8.26361e+12	0.00e+00	1.28e-31	1.03e-23	9.63e-17	1.07e-10	9.79e-06	1.00e+00	0.00e+00	0.00e+00	0.00e+00	0.00e+00	0.00e+00
 8.55742e+12	4.22e-40	1.71e-31	1.31e-23	1.17e-16	1.23e-10	1.05e-05	1.00e+00	0.00e+00	0.00e+00	0.00e+00	0.00e+00	0.00e+00
 8.87868e+12	0.00e+00	2.33e-31	1.69e-23	1.43e-16	1.41e-10	1.14e-05	1.00e+00	0.00e+00	0.00e+00	0.00e+00	0.00e+00	0.00e+00
 9.23413e+12	8.96e-40	3.24e-31	2.23e-23	1.78e-16	1.64e-10	1.23e-05	1.00e+00	0.00e+00	0.00e+00	0.00e+00	0.00e+00	0.00e+00
 9.56403e+12	0.00e+00	4.36e-31	2.85e-23	2.16e-16	1.88e-10	1.32e-05	1.00e+00	0.00e+00	0.00e+00	0.00e+00	0.00e+00	0.00e+00
 9.92292e+12	1.84e-39	5.96e-31	3.70e-23	2.64e-16	2.16e-10	1.43e-05	1.00e+00	0.00e+00	0.00e+00	0.00e+00	0.00e+00	0.00e+00
 1.03243e+13	0.00e+00	8.34e-31	4.89e-23	3.29e-16	2.52e-10	1.55e-05	1.00e+00	0.00e+00	0.00e+00	0.00e+00	0.00e+00	0.00e+00
 1.07029e+13	3.93e-39	1.14e-30	6.32e-23	4.03e-16	2.89e-10	1.67e-05	1.00e+00	0.00e+00	0.00e+00	0.00e+00	0.00e+00	0.00e+00
 1.11156e+13	0.00e+00	1.58e-30	8.27e-23	4.97e-16	3.35e-10	1.81e-05	1.00e+00	0.00e+00	0.00e+00	0.00e+00	0.00e+00	0.00e+00
 1.15758e+13	8.68e-39	2.23e-30	1.10e-22	6.24e-16	3.91e-10	1.96e-05	1.00e+00	0.00e+00	0.00e+00	0.00e+00	0.00e+00	0.00e+00
 1.20121e+13	0.00e+00	3.08e-30	1.44e-22	7.68e-16	4.51e-10	2.12e-05	1.00e+00	0.00e+00	0.00e+00	0.00e+00	0.00e+00	0.00e+00
 1.24801e+13	1.88e-38	4.30e-30	1.90e-22	9.52e-16	5.23e-10	2.29e-05	1.00e+00	0.00e+00	0.00e+00	0.00e+00	0.00e+00	0.00e+00
 1.30092e+13	0.00e+00	6.17e-30	2.56e-22	1.20e-15	6.14e-10	2.50e-05	1.00e+00	0.00e+00	0.00e+00	0.00e+00	0.00e+00	0.00e+00
 1.35312e+13	4.33e-38	8.72e-30	3.40e-22	1.50e-15	7.15e-10	2.71e-05	1.00e+00	0.00e+00	0.00e+00	0.00e+00	0.00e+00	0.00e+00
 1.40741e+13	0.00e+00	1.23e-29	4.53e-22	1.88e-15	8.32e-10	2.93e-05	1.00e+00	0.00e+00	0.00e+00	0.00e+00	0.00e+00	0.00e+00
 1.46670e+13	1.00e-37	1.78e-29	6.12e-22	2.37e-15	9.76e-10	3.19e-05	1.00e+00	0.00e+00	0.00e+00	0.00e+00	0.00e+00	0.00e+00
 1.52836e+13	0.00e+00	2.57e-29	8.27e-22	2.99e-15	1.14e-09	3.47e-05	1.00e+00	0.00e+00	0.00e+00	0.00e+00	0.00e+00	0.00e+00
 1.59249e+13	2.39e-37	3.71e-29	1.12e-21	3.78e-15	1.34e-09	3.78e-05	1.00e+00	0.00e+00	0.00e+00	0.00e+00	0.00e+00	0.00e+00
 1.65532e+13	0.00e+00	5.25e-29	1.49e-21	4.72e-15	1.56e-09	4.09e-05	1.00e+00	0.00e+00	0.00e+00	0.00e+00	0.00e+00	0.00e+00
 1.71357e+13	5.21e-37	7.17e-29	1.92e-21	5.75e-15	1.78e-09	4.39e-05	1.00e+00	0.00e+00	0.00e+00	0.00e+00	0.00e+00	0.00e+00
 1.77801e+13	0.00e+00	1.00e-28	2.53e-21	7.10e-15	2.06e-09	4.73e-05	1.00e+00	0.00e+00	0.00e+00	0.00e+00	0.00e+00	0.00e+00
 1.84431e+13	1.15e-36	1.40e-28	3.32e-21	8.75e-15	2.37e-09	5.09e-05	1.00e+00	0.00e+00	0.00e+00	0.00e+00	0.00e+00	0.00e+00
 1.89962e+13	0.00e+00	1.83e-28	4.14e-21	1.04e-14	2.66e-09	5.41e-05	1.00e+00	0.00e+00	0.00e+00	0.00e+00	0.00e+00	0.00e+00
 1.95792e+13	2.20e-36	2.42e-28	5.19e-21	1.23e-14	2.99e-09	5.75e-05	1.00e+00	0.00e+00	0.00e+00	0.00e+00	0.00e+00	0.00e+00
 2.03219e+13	0.00e+00	3.41e-28	6.86e-21	1.53e-14	3.46e-09	6.20e-05	1.00e+00	0.00e+00	0.00e+00	0.00e+00	0.00e+00	0.00e+00
 2.10982e+13	4.98e-36	4.81e-28	9.09e-21	1.90e-14	4.00e-09	6.69e-05	1.00e+00	0.00e+00	0.00e+00	0.00e+00	0.00e+00	0.00e+00
 2.17846e+13	0.00e+00	6.49e-28	1.16e-20	2.28e-14	4.53e-09	7.13e-05	1.00e+00	0.00e+00	0.00e+00	0.00e+00	0.00e+00	0.00e+00
 2.25282e+13	1.03e-35	8.87e-28	1.49e-20	2.77e-14	5.16e-09	7.63e-05	1.00e+00	0.00e+00	0.00e+00	0.00e+00	0.00e+00	0.00e+00
 2.33588e+13	0.00e+00	1.24e-27	1.97e-20	3.42e-14	5.95e-09	8.20e-05	1.00e+00	0.00e+00	0.00e+00	0.00e+00	0.00e+00	0.00e+00
 2.41381e+13	2.22e-35	1.69e-27	2.52e-20	4.13e-14	6.76e-09	8.76e-05	1.00e+00	0.00e+00	0.00e+00	0.00e+00	0.00e+00	0.00e+00
 2.49868e+13	0.00e+00	2.34e-27	3.29e-20	5.05e-14	7.73e-09	9.39e-05	1.00e+00	0.00e+00	0.00e+00	0.00e+00	0.00e+00	0.00e+00
 2.59306e+13	4.97e-35	3.32e-27	4.36e-20	6.27e-14	8.93e-09	1.01e-04	1.00e+00	0.00e+00	0.00e+00	0.00e+00	0.00e+00	0.00e+00
 2.68106e+13	7.26e-35	4.56e-27	5.63e-20	7.61e-14	1.02e-08	1.08e-04	1.00e+00	0.00e+00	0.00e+00	0.00e+00	0.00e+00	0.00e+00
 2.77674e+13	1.08e-34	6.37e-27	7.38e-20	9.33e-14	1.17e-08	1.16e-04	1.00e+00	0.00e+00	0.00e+00	0.00e+00	0.00e+00	0.00e+00
 2.88367e+13	1.66e-34	9.12e-27	9.86e-20	1.16e-13	1.35e-08	1.25e-04	1.00e+00	0.00e+00	0.00e+00	0.00e+00	0.00e+00	0.00e+00
 2.98430e+13	2.46e-34	1.27e-26	1.28e-19	1.42e-13	1.55e-08	1.34e-04	1.00e+00	0.00e+00	0.00e+00	0.00e+00	0.00e+00	0.00e+00
 3.09422e+13	3.72e-34	1.79e-26	1.70e-19	1.76e-13	1.78e-08	1.44e-04	1.00e+00	0.00e+00	0.00e+00	0.00e+00	0.00e+00	0.00e+00
 3.21704e+13	5.81e-34	2.60e-26	2.30e-19	2.20e-13	2.08e-08	1.55e-04	1.00e+00	0.00e+00	0.00e+00	0.00e+00	0.00e+00	0.00e+00
 3.33286e+13	8.74e-34	3.66e-26	3.02e-19	2.71e-13	2.38e-08	1.66e-04	1.00e+00	0.00e+00	0.00e+00	0.00e+00	0.00e+00	0.00e+00
 3.45725e+13	1.34e-33	5.22e-26	4.01e-19	3.36e-13	2.75e-08	1.79e-04	1.00e+00	0.00e+00	0.00e+00	0.00e+00	0.00e+00	0.00e+00
 3.59853e+13	2.12e-33	7.68e-26	5.48e-19	4.25e-13	3.22e-08	1.94e-04	1.00e+00	0.00e+00	0.00e+00	0.00e+00	0.00e+00	0.00e+00
 3.73708e+13	3.28e-33	1.11e-25	7.35e-19	5.31e-13	3.73e-08	2.09e-04	1.00e+00	0.00e+00	0.00e+00	0.00e+00	0.00e+00	0.00e+00
 3.88117e+13	5.10e-33	1.60e-25	9.88e-19	6.63e-13	4.33e-08	2.25e-04	1.00e+00	0.00e+00	0.00e+00	0.00e+00	0.00e+00	0.00e+00
 4.03941e+13	8.11e-33	2.36e-25	1.35e-18	8.38e-13	5.07e-08	2.44e-04	1.00e+00	0.00e+00	0.00e+00	0.00e+00	0.00e+00	0.00e+00
 4.19950e+13	1.27e-32	3.44e-25	1.83e-18	1.05e-12	5.90e-08	2.63e-04	1.00e+00	0.00e+00	0.00e+00	0.00e+00	0.00e+00	0.00e+00
 4.36599e+13	2.00e-32	5.02e-25	2.47e-18	1.32e-12	6.88e-08	2.84e-04	1.00e+00	0.00e+00	0.00e+00	0.00e+00	0.00e+00	0.00e+00
 4.53323e+13	3.10e-32	7.23e-25	3.32e-18	1.65e-12	7.98e-08	3.06e-04	1.00e+00	0.00e+00	0.00e+00	0.00e+00	0.00e+00	0.00e+00
 4.69104e+13	4.62e-32	1.01e-24	4.34e-18	2.02e-12	9.13e-08	3.28e-04	1.00e+00	0.00e+00	0.00e+00	0.00e+00	0.00e+00	0.00e+00
 4.86555e+13	7.06e-32	1.44e-24	5.77e-18	2.51e-12	1.05e-07	3.53e-04	1.00e+00	0.00e+00	0.00e+00	0.00e+00	0.00e+00	0.00e+00
 5.04032e+13	1.06e-31	2.02e-24	7.59e-18	3.09e-12	1.21e-07	3.78e-04	1.00e+00	0.00e+00	0.00e+00	0.00e+00	0.00e+00	0.00e+00
 5.18440e+13	1.48e-31	2.66e-24	9.47e-18	3.65e-12	1.35e-07	4.00e-04	1.00e+00	0.00e+00	0.00e+00	0.00e+00	0.00e+00	0.00e+00
 5.33661e+13	2.06e-31	3.53e-24	1.19e-17	4.32e-12	1.52e-07	4.24e-04	1.00e+00	0.00e+00	0.00e+00	0.00e+00	0.00e+00	0.00e+00
 5.53260e+13	3.13e-31	5.00e-24	1.57e-17	5.35e-12	1.75e-07	4.56e-04	1.00e+00	0.00e+00	0.00e+00	0.00e+00	0.00e+00	0.00e+00
 5.73900e+13	4.78e-31	7.12e-24	2.09e-17	6.64e-12	2.02e-07	4.91e-04	1.00e+00	0.00e+00	0.00e+00	0.00e+00	0.00e+00	0.00e+00
 5.92050e+13	6.93e-31	9.74e-24	2.70e-17	7.98e-12	2.29e-07	5.22e-04	9.99e-01	0.00e+00	0.00e+00	0.00e+00	0.00e+00	0.00e+00
 6.11608e+13	9.98e-31	1.32e-23	3.44e-17	9.67e-12	2.60e-07	5.57e-04	9.99e-01	0.00e+00	0.00e+00	0.00e+00	0.00e+00	0.00e+00
 6.35266e+13	1.54e-30	1.90e-23	4.62e-17	1.21e-11	3.02e-07	6.02e-04	9.99e-01	0.00e+00	0.00e+00	0.00e+00	0.00e+00	0.00e+00
 6.59299e+13	2.36e-30	2.72e-23	6.18e-17	1.51e-11	3.50e-07	6.49e-04	9.99e-01	0.00e+00	0.00e+00	0.00e+00	0.00e+00	0.00e+00
 6.81643e+13	3.47e-30	3.75e-23	8.01e-17	1.84e-11	3.99e-07	6.94e-04	9.99e-01	0.00e+00	0.00e+00	0.00e+00	0.00e+00	0.00e+00
 7.06559e+13	5.23e-30	5.30e-23	1.06e-16	2.27e-11	4.60e-07	7.46e-04	9.99e-01	0.00e+00	0.00e+00	0.00e+00	0.00e+00	0.00e+00
 7.33188e+13	7.98e-30	7.56e-23	1.41e-16	2.82e-11	5.33e-07	8.05e-04	9.99e-01	0.00e+00	0.00e+00	0.00e+00	0.00e+00	0.00e+00
 7.56862e+13	1.15e-29	1.03e-22	1.81e-16	3.41e-11	6.05e-07	8.58e-04	9.99e-01	0.00e+00	0.00e+00	0.00e+00	0.00e+00	0.00e+00
 7.82268e+13	1.67e-29	1.41e-22	2.34e-16	4.14e-11	6.89e-07	9.18e-04	9.99e-01	0.00e+00	0.00e+00	0.00e+00	0.00e+00	0.00e+00
 8.12710e+13	2.58e-29	2.03e-22	3.14e-16	5.19e-11	8.02e-07	9.92e-04	9.99e-01	0.00e+00	0.00e+00	0.00e+00	0.00e+00	0.00e+00
 8.42631e+13	3.90e-29	2.87e-22	4.16e-16	6.43e-11	9.26e-07	1.07e-03	9.99e-01	0.00e+00	0.00e+00	0.00e+00	0.00e+00	0.00e+00
 8.69215e+13	5.56e-29	3.86e-22	5.30e-16	7.73e-11	1.05e-06	1.14e-03	9.99e-01	0.00e+00	0.00e+00	0.00e+00	0.00e+00	0.00e+00
 8.98530e+13	8.09e-29	5.30e-22	6.85e-16	9.40e-11	1.19e-06	1.22e-03	9.99e-01	0.00e+00	0.00e+00	0.00e+00	0.00e+00	0.00e+00
 9.33551e+13	1.25e-28	7.64e-22	9.22e-16	1.18e-10	1.39e-06	1.32e-03	9.99e-01	0.00e+00	0.00e+00	0.00e+00	0.00e+00	0.00e+00
 9.68352e+13	1.89e-28	1.08e-21	1.23e-15	1.46e-10	1.61e-06	1.42e-03	9.99e-01	0.00e+00	0.00e+00	0.00e+00	0.00e+00	0.00e+00
 1.00008e+14	2.73e-28	1.48e-21	1.57e-15	1.77e-10	1.83e-06	1.52e-03	9.98e-01	0.00e+00	0.00e+00	0.00e+00	0.00e+00	0.00e+00
 1.03545e+14	4.05e-28	2.06e-21	2.06e-15	2.18e-10	2.10e-06	1.63e-03	9.98e-01	0.00e+00	0.00e+00	0.00e+00	0.00e+00	0.00e+00
 1.07670e+14	6.30e-28	2.99e-21	2.79e-15	2.74e-10	2.45e-06	1.77e-03	9.98e-01	0.00e+00	0.00e+00	0.00e+00	0.00e+00	0.00e+00
 1.11725e+14	9.60e-28	4.26e-21	3.73e-15	3.42e-10	2.84e-06	1.90e-03	9.98e-01	0.00e+00	0.00e+00	0.00e+00	0.00e+00	0.00e+00
 1.15544e+14	1.41e-27	5.88e-21	4.84e-15	4.17e-10	3.24e-06	2.04e-03	9.98e-01	0.00e+00	0.00e+00	0.00e+00	0.00e+00	0.00e+00
 1.19798e+14	2.12e-27	8.30e-21	6.41e-15	5.16e-10	3.74e-06	2.20e-03	9.98e-01	0.00e+00	0.00e+00	0.00e+00	0.00e+00	0.00e+00
 1.24619e+14	3.33e-27	1.21e-20	8.71e-15	6.53e-10	4.38e-06	2.38e-03	9.98e-01	0.00e+00	0.00e+00	0.00e+00	0.00e+00	0.00e+00
 1.29435e+14	5.13e-27	1.75e-20	1.17e-14	8.17e-10	5.09e-06	2.57e-03	9.97e-01	0.00e+00	0.00e+00	0.00e+00	0.00e+00	0.00e+00
 1.33938e+14	7.59e-27	2.42e-20	1.53e-14	1.00e-09	5.83e-06	2.76e-03	9.97e-01	0.00e+00	0.00e+00	0.00e+00	0.00e+00	0.00e+00
 1.38819e+14	1.14e-26	3.42e-20	2.02e-14	1.24e-09	6.72e-06	2.97e-03	9.97e-01	0.00e+00	0.00e+00	0.00e+00	0.00e+00	0.00e+00
 1.44286e+14	1.78e-26	4.96e-20	2.73e-14	1.56e-09	7.84e-06	3.21e-03	9.97e-01	0.00e+00	0.00e+00	0.00e+00	0.00e+00	0.00e+00
 1.49392e+14	2.65e-26	6.95e-20	3.59e-14	1.91e-09	8.99e-06	3.45e-03	9.97e-01	0.00e+00	0.00e+00	0.00e+00	0.00e+00	0.00e+00
 1.54121e+14	3.79e-26	9.38e-20	4.58e-14	2.30e-09	1.02e-05	3.67e-03	9.96e-01	0.00e+00	0.00e+00	0.00e+00	0.00e+00	0.00e+00
 1.58673e+14	5.30e-26	1.24e-19	5.75e-14	2.74e-09	1.14e-05	3.89e-03	9.96e-01	0.00e+00	0.00e+00	0.00e+00	0.00e+00	0.00e+00
 1.63730e+14	7.61e-26	1.68e-19	7.35e-14	3.30e-09	1.29e-05	4.15e-03	9.96e-01	0.00e+00	0.00e+00	0.00e+00	0.00e+00	0.00e+00
 1.69325e+14	1.12e-25	2.33e-19	9.57e-14	4.02e-09	1.48e-05	4.44e-03	9.96e-01	0.00e+00	0.00e+00	0.00e+00	0.00e+00	0.00e+00
 1.74537e+14	1.59e-25	3.13e-19	1.21e-13	4.82e-09	1.67e-05	4.72e-03	9.95e-01	0.00e+00	0.00e+00	0.00e+00	0.00e+00	0.00e+00
 1.80226e+14	2.31e-25	4.27e-19	1.56e-13	5.83e-09	1.89e-05	5.04e-03	9.95e-01	0.00e+00	0.00e+00	0.00e+00	0.00e+00	0.00e+00
 1.86628e+14	3.46e-25	6.00e-19	2.05e-13	7.17e-09	2.18e-05	5.41e-03	9.95e-01	0.00e+00	0.00e+00	0.00e+00	0.00e+00	0.00e+00
 1.92735e+14	5.02e-25	8.21e-19	2.64e-13	8.69e-09	2.47e-05	5.77e-03	9.94e-01	0.00e+00	0.00e+00	0.00e+00	0.00e+00	0.00e+00
 1.99452e+14	7.46e-25	1.14e-18	3.46e-13	1.06e-08	2.83e-05	6.19e-03	9.94e-01	0.00e+00	0.00e+00	0.00e+00	0.00e+00	0.00e+00
 2.06853e+14	1.14e-24	1.63e-18	4.61e-13	1.32e-08	3.27e-05	6.66e-03	9.93e-01	0.00e+00	0.00e+00	0.00e+00	0.00e+00	0.00e+00
 2.13655e+14	1.66e-24	2.23e-18	5.94e-13	1.60e-08	3.72e-05	7.11e-03	9.93e-01	0.00e+00	0.00e+00	0.00e+00	0.00e+00	0.00e+00
 2.21010e+14	2.45e-24	3.11e-18	7.75e-13	1.96e-08	4.26e-05	7.61e-03	9.92e-01	0.00e+00	0.00e+00	0.00e+00	0.00e+00	0.00e+00
 2.29243e+14	3.75e-24	4.43e-18	1.03e-12	2.43e-08	4.92e-05	8.19e-03	9.92e-01	0.00e+00	0.00e+00	0.00e+00	0.00e+00	0.00e+00
 2.36994e+14	5.51e-24	6.12e-18	1.34e-12	2.97e-08	5.62e-05	8.76e-03	9.91e-01	0.00e+00	0.00e+00	0.00e+00	0.00e+00	0.00e+00
 2.45450e+14	8.25e-24	8.60e-18	1.76e-12	3.65e-08	6.45e-05	9.40e-03	9.91e-01	0.00e+00	0.00e+00	0.00e+00	0.00e+00	0.00e+00
 2.54839e+14	1.27e-23	1.24e-17	2.36e-12	4.56e-08	7.49e-05	1.01e-02	9.90e-01	0.00e+00	0.00e+00	0.00e+00	0.00e+00	0.00e+00
 2.63593e+14	1.88e-23	1.72e-17	3.08e-12	5.58e-08	8.56e-05	1.09e-02	9.89e-01	0.00e+00	0.00e+00	0.00e+00	0.00e+00	0.00e+00
 2.73107e+14	2.82e-23	2.41e-17	4.06e-12	6.88e-08	9.85e-05	1.17e-02	9.88e-01	0.00e+00	0.00e+00	0.00e+00	0.00e+00	0.00e+00
 2.83755e+14	4.35e-23	3.48e-17	5.47e-12	8.64e-08	1.15e-04	1.26e-02	9.87e-01	0.00e+00	0.00e+00	0.00e+00	0.00e+00	0.00e+00
 2.93846e+14	6.48e-23	4.87e-17	7.19e-12	1.06e-07	1.32e-04	1.36e-02	9.86e-01	0.00e+00	0.00e+00	0.00e+00	0.00e+00	0.00e+00
 3.04648e+14	9.76e-23	6.88e-17	9.52e-12	1.32e-07	1.52e-04	1.46e-02	9.85e-01	0.00e+00	0.00e+00	0.00e+00	0.00e+00	0.00e+00
 3.16864e+14	1.52e-22	1.00e-16	1.29e-11	1.66e-07	1.77e-04	1.58e-02	9.84e-01	0.00e+00	0.00e+00	0.00e+00	0.00e+00	0.00e+00
 3.28873e+14	2.31e-22	1.43e-16	1.72e-11	2.07e-07	2.06e-04	1.71e-02	9.83e-01	0.00e+00	0.00e+00	0.00e+00	0.00e+00	0.00e+00
 3.41362e+14	3.50e-22	2.03e-16	2.30e-11	2.58e-07	2.38e-04	1.84e-02	9.81e-01	0.00e+00	0.00e+00	0.00e+00	0.00e+00	0.00e+00
 3.55046e+14	5.39e-22	2.93e-16	3.11e-11	3.26e-07	2.78e-04	2.00e-02	9.80e-01	0.00e+00	0.00e+00	0.00e+00	0.00e+00	0.00e+00
 3.68540e+14	8.12e-22	4.16e-16	4.14e-11	4.06e-07	3.22e-04	2.16e-02	9.78e-01	0.00e+00	0.00e+00	0.00e+00	0.00e+00	0.00e+00
 3.79722e+14	1.13e-21	5.50e-16	5.21e-11	4.84e-07	3.63e-04	2.30e-02	9.77e-01	0.00e+00	0.00e+00	0.00e+00	0.00e+00	0.00e+00
 3.88732e+14	1.46e-21	6.83e-16	6.23e-11	5.56e-07	3.98e-04	2.41e-02	9.75e-01	0.00e+00	0.00e+00	0.00e+00	0.00e+00	0.00e+00
 3.98725e+14	1.92e-21	8.64e-16	7.56e-11	6.46e-07	4.40e-04	2.54e-02	9.74e-01	0.00e+00	0.00e+00	0.00e+00	0.00e+00	0.00e+00
 4.11716e+14	2.70e-21	1.16e-15	9.64e-11	7.80e-07	4.99e-04	2.72e-02	9.72e-01	0.00e+00	0.00e+00	0.00e+00	0.00e+00	0.00e+00
 4.25654e+14	3.85e-21	1.57e-15	1.24e-10	9.49e-07	5.68e-04	2.92e-02	9.70e-01	0.00e+00	0.00e+00	0.00e+00	0.00e+00	0.00e+00
 4.38028e+14	5.20e-21	2.04e-15	1.54e-10	1.12e-06	6.36e-04	3.10e-02	9.68e-01	0.00e+00	0.00e+00	0.00e+00	0.00e+00	0.00e+00
 4.51320e+14	7.15e-21	2.68e-15	1.93e-10	1.34e-06	7.15e-04	3.30e-02	9.66e-01	0.00e+00	0.00e+00	0.00e+00	0.00e+00	0.00e+00
 4.68024e+14	1.04e-20	3.72e-15	2.54e-10	1.66e-06	8.24e-04	3.56e-02	9.64e-01	0.00e+00	0.00e+00	0.00e+00	0.00e+00	0.00e+00
 4.84969e+14	1.51e-20	5.13e-15	3.33e-10	2.04e-06	9.47e-04	3.84e-02	9.61e-01	0.00e+00	0.00e+00	0.00e+00	0.00e+00	0.00e+00
 4.99575e+14	2.05e-20	6.69e-15	4.16e-10	2.43e-06	1.06e-03	4.09e-02	9.58e-01	0.00e+00	0.00e+00	0.00e+00	0.00e+00	0.00e+00
 5.15338e+14	2.81e-20	8.82e-15	5.25e-10	2.91e-06	1.20e-03	4.37e-02	9.55e-01	0.00e+00	0.00e+00	0.00e+00	0.00e+00	0.00e+00
 5.34748e+14	4.10e-20	1.23e-14	6.92e-10	3.62e-06	1.38e-03	4.73e-02	9.51e-01	0.00e+00	0.00e+00	0.00e+00	0.00e+00	0.00e+00
 5.54492e+14	5.91e-20	1.69e-14	9.09e-10	4.48e-06	1.59e-03	5.11e-02	9.47e-01	0.00e+00	0.00e+00	0.00e+00	0.00e+00	0.00e+00
 5.72085e+14	8.07e-20	2.23e-14	1.15e-09	5.37e-06	1.80e-03	5.46e-02	9.44e-01	0.00e+00	0.00e+00	0.00e+00	0.00e+00	0.00e+00
 5.91287e+14	1.12e-19	2.98e-14	1.47e-09	6.52e-06	2.04e-03	5.86e-02	9.39e-01	0.00e+00	0.00e+00	0.00e+00	0.00e+00	0.00e+00
 6.14198e+14	1.64e-19	4.18e-14	1.95e-09	8.14e-06	2.36e-03	6.36e-02	9.34e-01	0.00e+00	0.00e+00	0.00e+00	0.00e+00	0.00e+00
 6.36816e+14	2.35e-19	5.75e-14	2.56e-09	1.00e-05	2.72e-03	6.86e-02	9.29e-01	0.00e+00	0.00e+00	0.00e+00	0.00e+00	0.00e+00
 6.57230e+14	3.22e-19	7.59e-14	3.23e-09	1.21e-05	3.06e-03	7.33e-02	9.24e-01	0.00e+00	0.00e+00	0.00e+00	0.00e+00	0.00e+00
 6.79892e+14	4.50e-19	1.02e-13	4.17e-09	1.47e-05	3.48e-03	7.87e-02	9.18e-01	0.00e+00	0.00e+00	0.00e+00	0.00e+00	0.00e+00
 7.06570e+14	6.58e-19	1.44e-13	5.56e-09	1.84e-05	4.03e-03	8.53e-02	9.11e-01	0.00e+00	0.00e+00	0.00e+00	0.00e+00	0.00e+00
 7.32889e+14	9.46e-19	1.99e-13	7.30e-09	2.27e-05	4.63e-03	9.21e-02	9.03e-01	0.00e+00	0.00e+00	0.00e+00	0.00e+00	0.00e+00
 7.57314e+14	1.31e-18	2.66e-13	9.33e-09	2.75e-05	5.23e-03	9.85e-02	8.96e-01	0.00e+00	0.00e+00	0.00e+00	0.00e+00	0.00e+00
 7.84692e+14	1.86e-18	3.64e-13	1.22e-08	3.37e-05	5.97e-03	1.06e-01	8.88e-01	0.00e+00	0.00e+00	0.00e+00	0.00e+00	0.00e+00
 8.16109e+14	2.75e-18	5.17e-13	1.64e-08	4.23e-05	6.91e-03	1.15e-01	8.78e-01	0.00e+00	0.00e+00	0.00e+00	0.00e+00	0.00e+00
 8.47006e+14	3.99e-18	7.21e-13	2.16e-08	5.24e-05	7.93e-03	1.24e-01	8.68e-01	0.00e+00	0.00e+00	0.00e+00	0.00e+00	0.00e+00
 8.79139e+14	5.80e-18	1.01e-12	2.86e-08	6.49e-05	9.10e-03	1.33e-01	8.58e-01	0.00e+00	0.00e+00	0.00e+00	0.00e+00	0.00e+00
 9.08428e+14	8.07e-18	1.35e-12	3.66e-08	7.84e-05	1.03e-02	1.42e-01	8.48e-01	0.00e+00	0.00e+00	0.00e+00	0.00e+00	0.00e+00
 9.30238e+14	1.02e-17	1.68e-12	4.38e-08	8.97e-05	1.12e-02	1.49e-01	8.40e-01	0.00e+00	0.00e+00	0.00e+00	0.00e+00	0.00e+00
 9.52718e+14	1.31e-17	2.08e-12	5.24e-08	1.03e-04	1.22e-02	1.55e-01	8.32e-01	0.00e+00	0.00e+00	0.00e+00	0.00e+00	0.00e+00
 9.81941e+14	1.77e-17	2.74e-12	6.58e-08	1.22e-04	1.36e-02	1.65e-01	8.22e-01	0.00e+00	0.00e+00	0.00e+00	0.00e+00	0.00e+00
 1.01370e+15	2.50e-17	3.66e-12	8.37e-08	1.46e-04	1.52e-02	1.75e-01	8.10e-01	0.00e+00	0.00e+00	1.44e-17	7.53e-18	2.55e-18
 1.04245e+15	3.34e-17	4.72e-12	1.03e-07	1.71e-04	1.68e-02	1.84e-01	7.99e-01	0.00e+00	0.00e+00	1.92e-17	1.01e-17	3.40e-18
 1.07349e+15	4.52e-17	6.17e-12	1.29e-07	2.02e-04	1.87e-02	1.94e-01	7.87e-01	0.00e+00	0.00e+00	2.60e-17	1.37e-17	4.59e-18
 1.11286e+15	6.57e-17	8.59e-12	1.69e-07	2.47e-04	2.12e-02	2.07e-01	7.72e-01	0.00e+00	0.00e+00	3.78e-17	1.98e-17	6.64e-18
 1.15252e+15	9.46e-17	1.19e-11	2.20e-07	3.01e-04	2.40e-02	2.19e-01	7.56e-01	0.00e+00	0.00e+00	5.45e-17	2.85e-17	9.53e-18
 1.18573e+15	1.27e-16	1.54e-11	2.72e-07	3.52e-04	2.64e-02	2.30e-01	7.43e-01	0.00e+00	0.00e+00	7.33e-17	3.83e-17	1.28e-17
 1.22111e+15	1.73e-16	2.01e-11	3.39e-07	4.14e-04	2.92e-02	2.42e-01	7.29e-01	0.00e+00	0.00e+00	9.99e-17	5.22e-17	1.73e-17
 1.26595e+15	2.54e-16	2.81e-11	4.45e-07	5.05e-04	3.30e-02	2.56e-01	7.10e-01	0.00e+00	0.00e+00	1.47e-16	7.65e-17	2.54e-17
 1.31303e+15	3.74e-16	3.94e-11	5.84e-07	6.16e-04	3.73e-02	2.71e-01	6.91e-01	0.00e+00	0.00e+00	2.16e-16	1.13e-16	3.73e-17
 1.35538e+15	5.24e-16	5.27e-11	7.38e-07	7.30e-04	4.14e-02	2.84e-01	6.74e-01	0.00e+00	0.00e+00	3.03e-16	1.58e-16	5.20e-17
 1.40164e+15	7.51e-16	7.18e-11	9.47e-07	8.75e-04	4.62e-02	2.98e-01	6.55e-01	0.00e+00	0.00e+00	4.34e-16	2.26e-16	7.44e-17
 1.45635e+15	1.14e-15	1.02e-10	1.26e-06	1.07e-03	5.22e-02	3.15e-01	6.32e-01	0.00e+00	0.00e+00	6.57e-16	3.42e-16	1.12e-16
 1.51003e+15	1.68e-15	1.43e-10	1.64e-06	1.30e-03	5.86e-02	3.30e-01	6.10e-01	0.00e+00	0.00e+00	9.71e-16	5.06e-16	1.66e-16
 1.55895e+15	2.37e-15	1.91e-10	2.07e-06	1.53e-03	6.46e-02	3.44e-01	5.90e-01	0.00e+00	0.00e+00	1.37e-15	7.13e-16	2.33e-16
 1.61374e+15	3.44e-15	2.62e-10	2.66e-06	1.83e-03	7.18e-02	3.58e-01	5.68e-01	0.00e+00	0.00e+00	1.99e-15	1.04e-15	3.39e-16
 1.67762e+15	5.25e-15	3.73e-10	3.51e-06	2.23e-03	8.07e-02	3.75e-01	5.42e-01	0.00e+00	0.00e+00	3.04e-15	1.58e-15	5.16e-16
 1.74053e+15	7.85e-15	5.22e-10	4.57e-06	2.69e-03	8.99e-02	3.89e-01	5.18e-01	0.00e+00	0.00e+00	4.55e-15	2.37e-15	7.70e-16
 1.79989e+15	1.13e-14	7.07e-10	5.81e-06	3.18e-03	9.90e-02	4.02e-01	4.95e-01	0.00e+00	0.00e+00	6.56e-15	3.41e-15	1.11e-15
 1.86585e+15	1.68e-14	9.77e-10	7.49e-06	3.80e-03	1.10e-01	4.16e-01	4.71e-01	0.00e+00	0.00e+00	9.73e-15	5.06e-15	1.64e-15
 1.92860e+15	2.41e-14	1.31e-09	9.43e-06	4.46e-03	1.20e-01	4.27e-01	4.48e-01	0.00e+00	0.00e+00	1.40e-14	7.26e-15	2.36e-15
 1.97533e+15	3.12e-14	1.63e-09	1.12e-05	5.00e-03	1.28e-01	4.35e-01	4.32e-01	0.00e+00	0.00e+00	1.81e-14	9.43e-15	3.06e-15
 2.02265e+15	4.05e-14	2.01e-09	1.31e-05	5.60e-03	1.36e-01	4.43e-01	4.15e-01	0.00e+00	0.00e+00	2.35e-14	1.22e-14	3.96e-15
 2.08418e+15	5.61e-14	2.62e-09	1.61e-05	6.44e-03	1.47e-01	4.52e-01	3.95e-01	0.00e+00	0.00e+00	3.26e-14	1.70e-14	5.49e-15
 2.15100e+15	7.91e-14	3.45e-09	2.00e-05	7.46e-03	1.59e-01	4.60e-01	3.73e-01	0.00e+00	0.00e+00	4.59e-14	2.39e-14	7.73e-15
 2.21111e+15	1.07e-13	4.39e-09	2.41e-05	8.46e-03	1.70e-01	4.66e-01	3.55e-01	0.00e+00	0.00e+00	6.20e-14	3.23e-14	1.04e-14
 2.27567e+15	1.46e-13	5.63e-09	2.92e-05	9.63e-03	1.83e-01	4.72e-01	3.36e-01	0.00e+00	0.00e+00	8.48e-14	4.41e-14	1.43e-14
 2.35842e+15	2.16e-13	7.68e-09	3.71e-05	1.13e-02	1.98e-01	4.78e-01	3.12e-01	0.00e+00	0.00e+00	1.25e-13	6.52e-14	2.11e-14
 2.44189e+15	3.13e-13	1.03e-08	4.65e-05	1.31e-02	2.14e-01	4.82e-01	2.90e-01	0.00e+00	0.00e+00	1.81e-13	9.45e-14	3.05e-14
 2.51077e+15	4.21e-13	1.31e-08	5.58e-05	1.48e-02	2.28e-01	4.84e-01	2.73e-01	0.00e+00	0.00e+00	2.45e-13	1.27e-13	4.11e-14
 2.58359e+15	5.73e-13	1.66e-08	6.71e-05	1.67e-02	2.42e-01	4.85e-01	2.56e-01	0.00e+00	0.00e+00	3.33e-13	1.73e-13	5.60e-14
 2.67727e+15	8.38e-13	2.24e-08	8.42e-05	1.94e-02	2.60e-01	4.85e-01	2.35e-01	0.00e+00	0.00e+00	4.87e-13	2.53e-13	8.18e-14
 2.77586e+15	1.23e-12	3.01e-08	1.06e-04	2.24e-02	2.79e-01	4.84e-01	2.15e-01	0.00e+00	0.00e+00	7.12e-13	3.71e-13	1.20e-13
 2.86215e+15	1.69e-12	3.87e-08	1.28e-04	2.54e-02	2.95e-01	4.81e-01	1.98e-01	0.00e+00	0.00e+00	9.81e-13	5.11e-13	1.65e-13
 2.95464e+15	2.37e-12	5.02e-08	1.56e-04	2.87e-02	3.13e-01	4.76e-01	1.82e-01	0.00e+00	0.00e+00	1.38e-12	7.17e-13	2.31e-13
 3.06707e+15	3.52e-12	6.81e-08	1.96e-04	3.32e-02	3.33e-01	4.70e-01	1.64e-01	0.00e+00	0.00e+00	2.05e-12	1.07e-12	3.44e-13
 3.17803e+15	5.10e-12	9.06e-08	2.43e-04	3.79e-02	3.53e-01	4.62e-01	1.47e-01	0.00e+00	0.00e+00	2.96e-12	1.54e-12	4.98e-13
 3.27512e+15	6.98e-12	1.15e-07	2.91e-04	4.24e-02	3.69e-01	4.54e-01	1.34e-01	0.00e+00	0.00e+00	4.05e-12	2.11e-12	6.81e-13
 3.38155e+15	9.75e-12	1.49e-07	3.51e-04	4.76e-02	3.87e-01	4.44e-01	1.22e-01	0.00e+00	0.00e+00	5.67e-12	2.95e-12	9.52e-13
 3.51056e+15	1.44e-11	2.00e-07	4.38e-04	5.43e-02	4.07e-01	4.31e-01	1.07e-01	0.00e+00	0.00e+00	8.37e-12	4.37e-12	1.41e-12
 3.63450e+15	2.05e-11	2.62e-07	5.35e-04	6.12e-02	4.25e-01	4.18e-01	9.55e-02	0.00e+00	0.00e+00	1.19e-11	6.21e-12	2.00e-12
 3.72948e+15	2.65e-11	3.20e-07	6.20e-04	6.68e-02	4.38e-01	4.07e-01	8.72e-02	0.00e+00	0.00e+00	1.54e-11	8.04e-12	2.59e-12
 3.82121e+15	3.41e-11	3.86e-07	7.12e-04	7.24e-02	4.50e-01	3.97e-01	7.99e-02	0.00e+00	0.00e+00	1.98e-11	1.03e-11	3.33e-12
 3.94046e+15	4.67e-11	4.90e-07	8.48e-04	8.00e-02	4.65e-01	3.83e-01	7.12e-02	0.00e+00	0.00e+00	2.71e-11	1.42e-11	4.56e-12
 4.06255e+15	6.32e-11	6.17e-07	1.01e-03	8.83e-02	4.79e-01	3.68e-01	6.34e-02	0.00e+00	0.00e+00	3.68e-11	1.92e-11	6.18e-12
 4.16461e+15	8.07e-11	7.43e-07	1.15e-03	9.53e-02	4.90e-01	3.56e-01	5.75e-02	0.00e+00	0.00e+00	4.69e-11	2.45e-11	7.89e-12
 4.27354e+15	1.05e-10	9.05e-07	1.33e-03	1.03e-01	5.00e-01	3.43e-01	5.17e-02	0.00e+00	0.00e+00	6.09e-11	3.18e-11	1.02e-11
 4.41515e+15	1.46e-10	1.16e-06	1.59e-03	1.14e-01	5.13e-01	3.26e-01	4.51e-02	0.00e+00	0.00e+00	8.47e-11	4.42e-11	1.42e-11
 4.55884e+15	1.98e-10	1.47e-06	1.90e-03	1.25e-01	5.24e-01	3.10e-01	3.94e-02	0.00e+00	0.00e+00	1.15e-10	6.02e-11	1.94e-11
 4.67863e+15	2.54e-10	1.77e-06	2.18e-03	1.35e-01	5.31e-01	2.96e-01	3.51e-02	0.00e+00	0.00e+00	1.48e-10	7.72e-11	2.49e-11
 4.80777e+15	3.33e-10	2.17e-06	2.52e-03	1.46e-01	5.39e-01	2.82e-01	3.10e-02	0.00e+00	0.00e+00	1.94e-10	1.01e-10	3.26e-11
 4.97565e+15	4.69e-10	2.81e-06	3.04e-03	1.61e-01	5.47e-01	2.63e-01	2.64e-02	0.00e+00	0.00e+00	2.73e-10	1.42e-10	4.59e-11
 5.14457e+15	6.40e-10	3.56e-06	3.62e-03	1.76e-01	5.53e-01	2.46e-01	2.25e-02	0.00e+00	0.00e+00	3.72e-10	1.94e-10	6.27e-11
 5.27945e+15	8.14e-10	4.29e-06	4.15e-03	1.88e-01	5.56e-01	2.32e-01	1.98e-02	0.00e+00	0.00e+00	4.74e-10	2.47e-10	7.98e-11
 5.41937e+15	1.05e-09	5.20e-06	4.77e-03	2.01e-01	5.58e-01	2.18e-01	1.73e-02	0.00e+00	0.00e+00	6.12e-10	3.20e-10	1.03e-10
 5.60127e+15	1.45e-09	6.63e-06	5.68e-03	2.19e-01	5.59e-01	2.01e-01	1.45e-02	0.00e+00	0.00e+00	8.44e-10	4.41e-10	1.42e-10
 5.78749e+15	1.96e-09	8.35e-06	6.74e-03	2.37e-01	5.58e-01	1.85e-01	1.22e-02	0.00e+00	0.00e+00	1.14e-09	5.96e-10	1.92e-10
 5.94041e+15	2.49e-09	1.00e-05	7.72e-03	2.53e-01	5.56e-01	1.73e-01	1.05e-02	0.00e+00	0.00e+00	1.45e-09	7.57e-10	2.45e-10
 6.10031e+15	3.23e-09	1.22e-05	8.89e-03	2.69e-01	5.53e-01	1.60e-01	9.03e-03	0.00e+00	0.00e+00	1.88e-09	9.83e-10	3.18e-10
 6.27207e+15	4.16e-09	1.48e-05	1.03e-02	2.87e-01	5.48e-01	1.47e-01	7.67e-03	0.00e+00	0.00e+00	2.42e-09	1.27e-09	4.09e-10
 6.42472e+15	5.19e-09	1.76e-05	1.17e-02	3.03e-01	5.42e-01	1.37e-01	6.64e-03	0.00e+00	0.00e+00	3.02e-09	1.58e-09	5.11e-10
 6.56279e+15	6.33e-09	2.05e-05	1.31e-02	3.17e-01	5.36e-01	1.28e-01	5.81e-03	0.00e+00	0.00e+00	3.68e-09	1.93e-09	6.24e-10
 6.71641e+15	7.97e-09	2.44e-05	1.48e-02	3.34e-01	5.28e-01	1.18e-01	5.00e-03	0.00e+00	0.00e+00	4.64e-09	2.43e-09	7.86e-10
 6.88706e+15	1.02e-08	2.94e-05	1.70e-02	3.52e-01	5.19e-01	1.08e-01	4.23e-03	0.00e+00	0.00e+00	5.92e-09	3.10e-09	1.00e-09
 7.04521e+15	1.26e-08	3.47e-05	1.92e-02	3.69e-01	5.09e-01	9.95e-02	3.64e-03	0.00e+00	0.00e+00	7.31e-09	3.83e-09	1.24e-09
 7.19333e+15	1.53e-08	4.04e-05	2.15e-02	3.84e-01	4.99e-01	9.19e-02	3.15e-03	0.00e+00	0.00e+00	8.92e-09	4.68e-09	1.52e-09
 7.36307e+15	1.97e-08	4.88e-05	2.45e-02	4.03e-01	4.87e-01	8.34e-02	2.65e-03	0.00e+00	0.00e+00	1.15e-08	6.00e-09	1.95e-09
 7.54392e+15	2.48e-08	5.84e-05	2.81e-02	4.21e-01	4.73e-01	7.54e-02	2.22e-03	0.00e+00	0.00e+00	1.44e-08	7.56e-09	2.46e-09
 7.70354e+15	3.06e-08	6.87e-05	3.17e-02	4.38e-01	4.60e-01	6.88e-02	1.89e-03	0.00e+00	0.00e+00	1.78e-08	9.34e-09	3.03e-09
 7.85272e+15	3.76e-08	8.04e-05	3.55e-02	4.53e-01	4.47e-01	6.29e-02	1.62e-03	0.00e+00	0.00e+00	2.19e-08	1.15e-08	3.73e-09
 8.00151e+15	4.57e-08	9.35e-05	3.97e-02	4.68e-01	4.33e-01	5.75e-02	1.39e-03	0.00e+00	0.00e+00	2.66e-08	1.40e-08	4.54e-09
 8.17239e+15	5.91e-08	1.13e-04	4.54e-02	4.85e-01	4.17e-01	5.14e-02	1.15e-03	0.00e+00	0.00e+00	3.44e-08	1.80e-08	5.87e-09
 8.35223e+15	7.43e-08	1.35e-04	5.20e-02	5.02e-01	3.99e-01	4.58e-02	9.50e-04	0.00e+00	0.00e+00	4.32e-08	2.27e-08	7.38e-09
 8.50821e+15	9.20e-08	1.60e-04	5.86e-02	5.16e-01	3.83e-01	4.13e-02	8.00e-04	0.00e+00	0.00e+00	5.35e-08	2.81e-08	9.15e-09
 8.65239e+15	1.14e-07	1.88e-04	6.57e-02	5.29e-01	3.67e-01	3.73e-02	6.78e-04	0.00e+00	0.00e+00	6.63e-08	3.48e-08	1.13e-08
 8.81671e+15	1.47e-07	2.28e-04	7.52e-02	5.42e-01	3.49e-01	3.29e-02	5.55e-04	0.00e+00	0.00e+00	8.57e-08	4.50e-08	1.47e-08
 8.98857e+15	1.86e-07	2.74e-04	8.62e-02	5.55e-01	3.29e-01	2.89e-02	4.54e-04	0.00e+00	0.00e+00	1.08e-07	5.69e-08	1.86e-08
 9.13520e+15	2.33e-07	3.25e-04	9.75e-02	5.64e-01	3.12e-01	2.57e-02	3.78e-04	0.00e+00	0.00e+00	1.35e-07	7.11e-08	2.32e-08
 9.26752e+15	2.91e-07	3.84e-04	1.09e-01	5.72e-01	2.95e-01	2.29e-02	3.17e-04	0.00e+00	0.00e+00	1.69e-07	8.90e-08	2.91e-08
 9.39325e+15	3.53e-07	4.46e-04	1.22e-01	5.77e-01	2.80e-01	2.05e-02	2.68e-04	0.00e+00	0.00e+00	2.05e-07	1.08e-07	3.52e-08
 9.53368e+15	4.34e-07	5.25e-04	1.38e-01	5.82e-01	2.61e-01	1.79e-02	2.19e-04	0.00e+00	0.00e+00	2.53e-07	1.33e-07	4.34e-08
 9.68563e+15	5.92e-07	6.60e-04	1.60e-01	5.84e-01	2.40e-01	1.53e-02	1.73e-04	0.00e+00	0.00e+00	3.44e-07	1.81e-07	5.92e-08
 9.80537e+15	7.44e-07	7.82e-04	1.79e-01	5.83e-01	2.24e-01	1.34e-02	1.43e-04	0.00e+00	0.00e+00	4.33e-07	2.28e-07	7.45e-08
 9.89468e+15	8.83e-07	8.90e-04	1.96e-01	5.81e-01	2.11e-01	1.20e-02	1.22e-04	0.00e+00	0.00e+00	5.14e-07	2.70e-07	8.84e-08
 9.97526e+15	1.04e-06	1.00e-03	2.12e-01	5.77e-01	1.99e-01	1.09e-02	1.06e-04	0.00e+00	0.00e+00	6.04e-07	3.17e-07	1.04e-07
 1.00511e+16	1.20e-06	1.12e-03	2.29e-01	5.72e-01	1.88e-01	9.84e-03	9.20e-05	0.00e+00	0.00e+00	6.98e-07	3.67e-07	1.20e-07
 1.01373e+16	1.45e-06	1.29e-03	2.51e-01	5.65e-01	1.74e-01	8.67e-03	7.70e-05	0.00e+00	0.00e+00	8.46e-07	4.45e-07	1.46e-07
 1.02252e+16	1.69e-06	1.45e-03	2.75e-01	5.55e-01	1.61e-01	7.62e-03	6.46e-05	0.00e+00	0.00e+00	9.85e-07	5.18e-07	1.70e-07
 1.03017e+16	2.10e-06	1.70e-03	3.00e-01	5.43e-01	1.48e-01	6.67e-03	5.37e-05	0.00e+00	0.00e+00	1.22e-06	6.44e-07	2.11e-07
 1.03667e+16	2.46e-06	1.90e-03	3.22e-01	5.32e-01	1.38e-01	5.94e-03	4.58e-05	0.00e+00	0.00e+00	1.43e-06	7.55e-07	2.47e-07
 1.04218e+16	2.72e-06	2.05e-03	3.42e-01	5.22e-01	1.29e-01	5.38e-03	4.01e-05	0.00e+00	0.00e+00	1.58e-06	8.33e-07	2.73e-07
 1.04847e+16	3.33e-06	2.37e-03	3.69e-01	5.06e-01	1.18e-01	4.68e-03	3.32e-05	0.00e+00	0.00e+00	1.94e-06	1.02e-06	3.35e-07
 1.05484e+16	3.87e-06	2.64e-03	3.95e-01	4.90e-01	1.08e-01	4.09e-03	2.78e-05	0.00e+00	0.00e+00	2.25e-06	1.18e-06	3.89e-07
 1.06131e+16	4.68e-06	3.02e-03	4.26e-01	4.70e-01	9.72e-02	3.48e-03	2.24e-05	0.00e+00	0.00e+00	2.72e-06	1.44e-06	4.71e-07
 1.06794e+16	5.32e-06	3.32e-03	4.57e-01	4.49e-01	8.69e-02	2.97e-03	1.83e-05	0.00e+00	0.00e+00	3.10e-06	1.63e-06	5.36e-07
 1.07478e+16	6.76e-06	3.91e-03	4.96e-01	4.22e-01	7.56e-02	2.41e-03	1.39e-05	0.00e+00	0.00e+00	3.93e-06	2.07e-06	6.82e-07
 1.08119e+16	8.05e-06	4.41e-03	5.30e-01	3.97e-01	6.62e-02	1.99e-03	1.08e-05	0.00e+00	0.00e+00	4.68e-06	2.47e-06	8.12e-07
 1.08595e+16	9.01e-06	4.77e-03	5.57e-01	3.77e-01	5.93e-02	1.71e-03	8.94e-06	0.00e+00	0.00e+00	5.24e-06	2.76e-06	9.09e-07
 1.09105e+16	1.09e-05	5.40e-03	5.89e-01	3.53e-01	5.18e-02	1.40e-03	6.94e-06	0.00e+00	0.00e+00	6.32e-06	3.33e-06	1.10e-06
 1.09646e+16	1.24e-05	5.90e-03	6.20e-01	3.28e-01	4.48e-02	1.15e-03	5.41e-06	0.00e+00	0.00e+00	7.18e-06	3.79e-06	1.25e-06
 1.10227e+16	1.53e-05	6.78e-03	6.57e-01	2.98e-01	3.73e-02	8.89e-04	3.88e-06	0.00e+00	0.00e+00	8.91e-06	4.71e-06	1.55e-06
 1.10801e+16	1.82e-05	7.56e-03	6.90e-01	2.71e-01	3.11e-02	6.89e-04	2.82e-06	0.00e+00	0.00e+00	1.06e-05	5.59e-06	1.84e-06
 1.11270e+16	2.10e-05	8.28e-03	7.17e-01	2.48e-01	2.64e-02	5.50e-04	2.12e-06	0.00e+00	0.00e+00	1.22e-05	6.45e-06	2.13e-06
 1.11783e+16	2.48e-05	9.18e-03	7.46e-01	2.22e-01	2.16e-02	4.19e-04	1.51e-06	0.00e+00	0.00e+00	1.44e-05	7.62e-06	2.52e-06
 1.12355e+16	2.95e-05	1.02e-02	7.76e-01	1.96e-01	1.72e-02	3.06e-04	1.02e-06	0.00e+00	0.00e+00	1.72e-05	9.08e-06	3.00e-06
 1.12900e+16	3.47e-05	1.12e-02	8.02e-01	1.72e-01	1.37e-02	2.24e-04	6.93e-07	0.00e+00	0.00e+00	2.02e-05	1.07e-05	3.53e-06
 1.13504e+16	4.18e-05	1.25e-02	8.29e-01	1.48e-01	1.04e-02	1.53e-04	0.00e+00	0.00e+00	0.00e+00	2.43e-05	1.29e-05	4.26e-06
 1.14158e+16	5.07e-05	1.40e-02	8.54e-01	1.24e-01	7.63e-03	1.01e-04	0.00e+00	0.00e+00	0.00e+00	2.95e-05	1.56e-05	5.17e-06
 1.14652e+16	5.80e-05	1.51e-02	8.70e-01	1.09e-01	6.07e-03	7.37e-05	0.00e+00	0.00e+00	0.00e+00	3.37e-05	1.78e-05	5.92e-06
 1.14991e+16	6.38e-05	1.59e-02	8.80e-01	9.91e-02	5.13e-03	5.85e-05	0.00e+00	0.00e+00	0.00e+00	3.71e-05	1.96e-05	6.53e-06
 1.15355e+16	7.09e-05	1.69e-02	8.90e-01	8.90e-02	4.25e-03	4.51e-05	0.00e+00	0.00e+00	0.00e+00	4.12e-05	2.18e-05	7.25e-06
 1.15828e+16	8.11e-05	1.82e-02	9.01e-01	7.74e-02	3.31e-03	3.21e-05	0.00e+00	0.00e+00	0.00e+00	4.71e-05	2.49e-05	8.30e-06
 1.16343e+16	9.32e-05	1.96e-02	9.11e-01	6.66e-02	2.54e-03	2.22e-05	0.00e+00	0.00e+00	0.00e+00	5.42e-05	2.87e-05	9.55e-06
 1.16815e+16	1.05e-04	2.09e-02	9.19e-01	5.80e-02	1.99e-03	1.59e-05	0.00e+00	0.00e+00	0.00e+00	6.13e-05	3.24e-05	1.08e-05
 1.17331e+16	1.21e-04	2.25e-02	9.26e-01	4.96e-02	1.51e-03	1.08e-05	0.00e+00	0.00e+00	0.00e+00	7.04e-05	3.73e-05	1.24e-05
 1.17900e+16	1.40e-04	2.44e-02	9.32e-01	4.20e-02	1.12e-03	7.14e-06	0.00e+00	0.00e+00	0.00e+00	8.15e-05	4.31e-05	1.44e-05
 1.18418e+16	1.60e-04	2.61e-02	9.37e-01	3.61e-02	8.61e-04	4.92e-06	0.00e+00	0.00e+00	0.00e+00	9.30e-05	4.92e-05	1.64e-05
 1.18892e+16	1.80e-04	2.78e-02	9.40e-01	3.15e-02	6.75e-04	3.49e-06	0.00e+00	0.00e+00	0.00e+00	1.05e-04	5.54e-05	1.85e-05
 1.19432e+16	2.07e-04	2.99e-02	9.43e-01	2.68e-02	5.08e-04	2.33e-06	0.00e+00	0.00e+00	0.00e+00	1.20e-04	6.36e-05	2.13e-05
 1.20023e+16	2.39e-04	3.23e-02	9.44e-01	2.27e-02	3.78e-04	1.53e-06	0.00e+00	0.00e+00	0.00e+00	1.39e-04	7.36e-05	2.46e-05
 1.20554e+16	2.74e-04	3.46e-02	9.45e-01	1.95e-02	2.90e-04	1.04e-06	0.00e+00	0.00e+00	0.00e+00	1.59e-04	8.43e-05	2.82e-05
 1.21036e+16	3.08e-04	3.69e-02	9.46e-01	1.71e-02	2.29e-04	7.43e-07	0.00e+00	0.00e+00	0.00e+00	1.79e-04	9.50e-05	3.18e-05
 1.21581e+16	3.53e-04	3.96e-02	9.45e-01	1.46e-02	1.74e-04	0.00e+00	0.00e+00	0.00e+00	0.00e+00	2.05e-04	1.09e-04	3.64e-05
 1.22184e+16	4.11e-04	4.29e-02	9.44e-01	1.24e-02	1.31e-04	0.00e+00	0.00e+00	0.00e+00	0.00e+00	2.39e-04	1.27e-04	4.24e-05
