#depth	C	C+	C+2	C+3	C+4	C+5	C+6	C[1]	C[2]	C[3]	C+[1]	C+[2]	CO
 1.49634e+10	0.00e+00	8.97e-31	2.18e-21	1.20e-12	3.49e-03	8.41e-01	1.56e-01	0.00e+00	0.00e+00	0.00e+00	0.00e+00	0.00e+00	0.00e+00
 4.54887e+10	7.22e-41	1.27e-30	2.85e-21	1.45e-12	3.87e-03	8.51e-01	1.45e-01	0.00e+00	0.00e+00	0.00e+00	0.00e+00	0.00e+00	5.28e-132
 7.72350e+10	0.00e+00	1.80e-30	3.72e-21	1.74e-12	4.28e-03	8.61e-01	1.35e-01	0.00e+00	0.00e+00	0.00e+00	0.00e+00	0.00e+00	0.00e+00
 1.10251e+11	1.71e-40	2.55e-30	4.86e-21	2.09e-12	4.73e-03	8.69e-01	1.26e-01	0.00e+00	0.00e+00	0.00e+00	0.00e+00	0.00e+00	5.29e-131
 1.41315e+11	0.00e+00	3.50e-30	6.18e-21	2.47e-12	5.18e-03	8.77e-01	1.18e-01	0.00e+00	0.00e+00	0.00e+00	0.00e+00	0.00e+00	0.00e+00
 1.69120e+11	3.53e-40	4.60e-30	7.62e-21	2.85e-12	5.61e-03	8.83e-01	1.11e-01	0.00e+00	0.00e+00	0.00e+00	0.00e+00	0.00e+00	3.73e-130
 2.00336e+11	0.00e+00	6.20e-30	9.57e-21	3.34e-12	6.11e-03	8.90e-01	1.04e-01	0.00e+00	0.00e+00	0.00e+00	0.00e+00	0.00e+00	0.00e+00
 2.37303e+11	7.80e-40	8.73e-30	1.24e-20	4.00e-12	6.73e-03	8.96e-01	9.69e-02	0.00e+00	0.00e+00	0.00e+00	0.00e+00	0.00e+00	3.11e-129
 2.74279e+11	0.00e+00	1.21e-29	1.60e-20	4.75e-12	7.40e-03	9.02e-01	9.03e-02	0.00e+00	0.00e+00	0.00e+00	0.00e+00	0.00e+00	0.00e+00
 3.09020e+11	1.69e-39	1.63e-29	2.01e-20	5.55e-12	8.05e-03	9.07e-01	8.46e-02	0.00e+00	0.00e+00	0.00e+00	0.00e+00	0.00e+00	2.49e-128
 3.47593e+11	0.00e+00	2.26e-29	2.57e-20	6.57e-12	8.82e-03	9.12e-01	7.87e-02	0.00e+00	0.00e+00	0.00e+00	0.00e+00	0.00e+00	0.00e+00
 3.91423e+11	3.90e-39	3.21e-29	3.36e-20	7.90e-12	9.74e-03	9.17e-01	7.28e-02	0.00e+00	0.00e+00	0.00e+00	0.00e+00	0.00e+00	2.32e-127
 4.35113e+11	0.00e+00	4.51e-29	4.36e-20	9.45e-12	1.07e-02	9.22e-01	6.74e-02	0.00e+00	0.00e+00	0.00e+00	0.00e+00	0.00e+00	0.00e+00
 4.80550e+11	9.05e-39	6.33e-29	5.64e-20	1.13e-11	1.18e-02	9.26e-01	6.24e-02	0.00e+00	0.00e+00	0.00e+00	0.00e+00	0.00e+00	2.20e-126
 5.29698e+11	0.00e+00	9.04e-29	7.41e-20	1.36e-11	1.30e-02	9.29e-01	5.76e-02	0.00e+00	0.00e+00	0.00e+00	0.00e+00	0.00e+00	0.00e+00
 5.80813e+11	2.18e-38	1.29e-28	9.72e-20	1.64e-11	1.44e-02	9.33e-01	5.30e-02	0.00e+00	0.00e+00	0.00e+00	0.00e+00	0.00e+00	2.32e-125
 6.29007e+11	0.00e+00	1.79e-28	1.25e-19	1.94e-11	1.58e-02	9.35e-01	4.92e-02	0.00e+00	0.00e+00	0.00e+00	0.00e+00	0.00e+00	0.00e+00
 6.72338e+11	4.62e-38	2.37e-28	1.54e-19	2.24e-11	1.70e-02	9.37e-01	4.61e-02	0.00e+00	0.00e+00	0.00e+00	0.00e+00	0.00e+00	1.71e-124
 7.21087e+11	0.00e+00	3.23e-28	1.96e-19	2.64e-11	1.85e-02	9.39e-01	4.28e-02	0.00e+00	0.00e+00	0.00e+00	0.00e+00	0.00e+00	0.00e+00
 7.78577e+11	1.05e-37	4.58e-28	2.56e-19	3.17e-11	2.04e-02	9.40e-01	3.94e-02	0.00e+00	0.00e+00	0.00e+00	0.00e+00	0.00e+00	1.51e-123
 8.35876e+11	0.00e+00	6.44e-28	3.31e-19	3.78e-11	2.24e-02	9.41e-01	3.63e-02	0.00e+00	0.00e+00	0.00e+00	0.00e+00	0.00e+00	0.00e+00
 8.89699e+11	2.33e-37	8.75e-28	4.19e-19	4.43e-11	2.44e-02	9.42e-01	3.38e-02	0.00e+00	0.00e+00	0.00e+00	0.00e+00	0.00e+00	1.27e-122
 9.49446e+11	0.00e+00	1.21e-27	5.38e-19	5.25e-11	2.67e-02	9.42e-01	3.12e-02	0.00e+00	0.00e+00	0.00e+00	0.00e+00	0.00e+00	0.00e+00
 1.01735e+12	5.51e-37	1.75e-27	7.12e-19	6.36e-11	2.95e-02	9.42e-01	2.85e-02	0.00e+00	0.00e+00	0.00e+00	0.00e+00	0.00e+00	1.25e-121
 1.08420e+12	0.00e+00	2.47e-27	9.25e-19	7.59e-11	3.23e-02	9.41e-01	2.62e-02	0.00e+00	0.00e+00	0.00e+00	0.00e+00	0.00e+00	0.00e+00
 1.15373e+12	1.30e-36	3.50e-27	1.21e-18	9.10e-11	3.55e-02	9.40e-01	2.40e-02	0.00e+00	0.00e+00	0.00e+00	0.00e+00	0.00e+00	1.21e-120
 1.22981e+12	0.00e+00	5.04e-27	1.60e-18	1.10e-10	3.92e-02	9.39e-01	2.19e-02	0.00e+00	0.00e+00	0.00e+00	0.00e+00	0.00e+00	0.00e+00
 1.30664e+12	3.16e-36	7.19e-27	2.10e-18	1.32e-10	4.31e-02	9.37e-01	2.01e-02	0.00e+00	0.00e+00	0.00e+00	0.00e+00	0.00e+00	1.28e-119
 1.38654e+12	0.00e+00	1.03e-26	2.75e-18	1.59e-10	4.73e-02	9.34e-01	1.83e-02	0.00e+00	0.00e+00	0.00e+00	0.00e+00	0.00e+00	0.00e+00
 1.46882e+12	7.61e-36	1.46e-26	3.61e-18	1.91e-10	5.20e-02	9.31e-01	1.67e-02	0.00e+00	0.00e+00	0.00e+00	0.00e+00	0.00e+00	1.31e-118
 1.54956e+12	0.00e+00	2.05e-26	4.66e-18	2.27e-10	5.68e-02	9.28e-01	1.53e-02	0.00e+00	0.00e+00	0.00e+00	0.00e+00	0.00e+00	0.00e+00
 1.63664e+12	1.77e-35	2.90e-26	6.09e-18	2.72e-10	6.22e-02	9.24e-01	1.40e-02	0.00e+00	0.00e+00	0.00e+00	0.00e+00	0.00e+00	1.23e-117
 1.73203e+12	0.00e+00	4.19e-26	8.07e-18	3.29e-10	6.84e-02	9.19e-01	1.27e-02	0.00e+00	0.00e+00	0.00e+00	0.00e+00	0.00e+00	0.00e+00
 1.83124e+12	4.40e-35	6.04e-26	1.07e-17	3.99e-10	7.52e-02	9.13e-01	1.15e-02	0.00e+00	0.00e+00	0.00e+00	0.00e+00	0.00e+00	1.35e-116
 1.93442e+12	0.00e+00	8.73e-26	1.42e-17	4.82e-10	8.27e-02	9.07e-01	1.04e-02	0.00e+00	0.00e+00	0.00e+00	0.00e+00	0.00e+00	0.00e+00
 2.04172e+12	1.09e-34	1.26e-25	1.88e-17	5.83e-10	9.08e-02	9.00e-01	9.38e-03	0.00e+00	0.00e+00	0.00e+00	0.00e+00	0.00e+00	1.48e-115
 2.13877e+12	1.62e-34	1.73e-25	2.40e-17	6.88e-10	9.84e-02	8.93e-01	8.57e-03	0.00e+00	0.00e+00	0.00e+00	0.00e+00	0.00e+00	7.21e-98
 2.21963e+12	2.22e-34	2.24e-25	2.93e-17	7.85e-10	1.05e-01	8.87e-01	7.97e-03	0.00e+00	0.00e+00	0.00e+00	0.00e+00	0.00e+00	0.00e+00
 2.30822e+12	3.11e-34	2.94e-25	3.61e-17	9.04e-10	1.12e-01	8.80e-01	7.36e-03	0.00e+00	0.00e+00	0.00e+00	0.00e+00	0.00e+00	2.37e-114
 2.42043e+12	4.69e-34	4.11e-25	4.67e-17	1.07e-09	1.22e-01	8.71e-01	6.68e-03	0.00e+00	0.00e+00	0.00e+00	0.00e+00	0.00e+00	7.80e-97
 2.53743e+12	7.09e-34	5.74e-25	6.05e-17	1.28e-09	1.33e-01	8.61e-01	6.05e-03	0.00e+00	0.00e+00	0.00e+00	0.00e+00	0.00e+00	0.00e+00
 2.64109e+12	1.01e-33	7.64e-25	7.53e-17	1.48e-09	1.42e-01	8.52e-01	5.55e-03	0.00e+00	0.00e+00	0.00e+00	0.00e+00	0.00e+00	5.34e-113
 2.73797e+12	1.38e-33	9.88e-25	9.18e-17	1.69e-09	1.51e-01	8.44e-01	5.13e-03	0.00e+00	0.00e+00	0.00e+00	0.00e+00	0.00e+00	8.68e-96
 2.84861e+12	1.96e-33	1.31e-24	1.14e-16	1.96e-09	1.62e-01	8.33e-01	4.69e-03	0.00e+00	0.00e+00	0.00e+00	0.00e+00	0.00e+00	0.00e+00
 2.98434e+12	2.96e-33	1.83e-24	1.48e-16	2.33e-09	1.75e-01	8.20e-01	4.22e-03	0.00e+00	0.00e+00	0.00e+00	0.00e+00	0.00e+00	9.42e-112
 3.11944e+12	4.38e-33	2.52e-24	1.89e-16	2.74e-09	1.89e-01	8.07e-01	3.81e-03	0.00e+00	0.00e+00	0.00e+00	0.00e+00	0.00e+00	1.14e-94
 3.23707e+12	6.08e-33	3.28e-24	2.32e-16	3.15e-09	2.01e-01	7.95e-01	3.49e-03	0.00e+00	0.00e+00	0.00e+00	0.00e+00	0.00e+00	6.47e-111
 3.36524e+12	8.56e-33	4.34e-24	2.88e-16	3.63e-09	2.14e-01	7.82e-01	3.18e-03	0.00e+00	0.00e+00	0.00e+00	0.00e+00	0.00e+00	5.08e-94
 3.52139e+12	1.28e-32	6.00e-24	3.70e-16	4.29e-09	2.31e-01	7.66e-01	2.85e-03	0.00e+00	0.00e+00	0.00e+00	0.00e+00	0.00e+00	4.79e-110
 3.68075e+12	1.89e-32	8.24e-24	4.73e-16	5.04e-09	2.48e-01	7.50e-01	2.55e-03	0.00e+00	0.00e+00	0.00e+00	0.00e+00	0.00e+00	2.99e-93
 3.82750e+12	2.66e-32	1.09e-23	5.86e-16	5.81e-09	2.63e-01	7.34e-01	2.31e-03	0.00e+00	0.00e+00	0.00e+00	0.00e+00	0.00e+00	3.49e-109
 3.99104e+12	3.83e-32	1.46e-23	7.36e-16	6.75e-09	2.81e-01	7.17e-01	2.07e-03	0.00e+00	0.00e+00	0.00e+00	0.00e+00	0.00e+00	1.47e-92
 4.18011e+12	5.74e-32	2.03e-23	9.48e-16	7.96e-09	3.01e-01	6.97e-01	1.83e-03	0.00e+00	0.00e+00	0.00e+00	0.00e+00	0.00e+00	2.86e-108
 4.36606e+12	8.37e-32	2.75e-23	1.20e-15	9.29e-09	3.21e-01	6.78e-01	1.63e-03	0.00e+00	0.00e+00	0.00e+00	0.00e+00	0.00e+00	8.65e-92
 4.54438e+12	1.18e-31	3.64e-23	1.49e-15	1.07e-08	3.39e-01	6.59e-01	1.46e-03	0.00e+00	0.00e+00	0.00e+00	0.00e+00	0.00e+00	2.11e-107
 4.74102e+12	1.70e-31	4.88e-23	1.86e-15	1.24e-08	3.59e-01	6.39e-01	1.30e-03	0.00e+00	0.00e+00	0.00e+00	0.00e+00	0.00e+00	4.37e-91
 4.96058e+12	2.50e-31	6.67e-23	2.36e-15	1.44e-08	3.82e-01	6.17e-01	1.15e-03	0.00e+00	0.00e+00	0.00e+00	0.00e+00	0.00e+00	1.71e-106
 5.16036e+12	3.50e-31	8.74e-23	2.91e-15	1.65e-08	4.02e-01	5.97e-01	1.02e-03	0.00e+00	0.00e+00	0.00e+00	0.00e+00	0.00e+00	2.31e-90
 5.32877e+12	4.59e-31	1.09e-22	3.43e-15	1.83e-08	4.18e-01	5.81e-01	9.33e-04	0.00e+00	0.00e+00	0.00e+00	0.00e+00	0.00e+00	9.47e-106
 5.51408e+12	6.12e-31	1.37e-22	4.09e-15	2.05e-08	4.35e-01	5.64e-01	8.44e-04	0.00e+00	0.00e+00	0.00e+00	0.00e+00	0.00e+00	8.49e-90
 5.72336e+12	8.36e-31	1.76e-22	4.95e-15	2.32e-08	4.55e-01	5.45e-01	7.55e-04	0.00e+00	0.00e+00	0.00e+00	0.00e+00	0.00e+00	5.22e-105
 5.92390e+12	1.11e-30	2.22e-22	5.90e-15	2.59e-08	4.73e-01	5.27e-01	6.81e-04	0.00e+00	0.00e+00	0.00e+00	0.00e+00	0.00e+00	3.46e-89
 6.14469e+12	1.51e-30	2.82e-22	7.09e-15	2.90e-08	4.92e-01	5.08e-01	6.09e-04	0.00e+00	0.00e+00	0.00e+00	0.00e+00	0.00e+00	2.85e-104
 6.38995e+12	2.09e-30	3.66e-22	8.62e-15	3.28e-08	5.12e-01	4.87e-01	5.40e-04	0.00e+00	0.00e+00	0.00e+00	0.00e+00	0.00e+00	1.53e-88
 6.61982e+12	2.79e-30	4.62e-22	1.03e-14	3.66e-08	5.31e-01	4.69e-01	4.83e-04	0.00e+00	0.00e+00	0.00e+00	0.00e+00	0.00e+00	1.70e-103
 6.87145e+12	3.78e-30	5.89e-22	1.23e-14	4.10e-08	5.50e-01	4.50e-01	4.29e-04	0.00e+00	0.00e+00	0.00e+00	0.00e+00	0.00e+00	6.35e-88
 7.15451e+12	5.26e-30	7.65e-22	1.50e-14	4.63e-08	5.71e-01	4.29e-01	3.77e-04	0.00e+00	0.00e+00	0.00e+00	0.00e+00	0.00e+00	1.09e-102
 7.42505e+12	7.11e-30	9.72e-22	1.80e-14	5.17e-08	5.89e-01	4.10e-01	3.34e-04	0.00e+00	0.00e+00	0.00e+00	0.00e+00	0.00e+00	2.90e-87
 7.67535e+12	9.29e-30	1.20e-21	2.11e-14	5.69e-08	6.06e-01	3.94e-01	3.00e-04	0.00e+00	0.00e+00	0.00e+00	0.00e+00	0.00e+00	5.88e-102
 7.95271e+12	1.24e-29	1.51e-21	2.49e-14	6.30e-08	6.24e-01	3.76e-01	2.66e-04	0.00e+00	0.00e+00	0.00e+00	0.00e+00	0.00e+00	1.12e-86
 8.26361e+12	1.68e-29	1.92e-21	2.98e-14	7.03e-08	6.42e-01	3.58e-01	2.34e-04	0.00e+00	0.00e+00	0.00e+00	0.00e+00	0.00e+00	3.46e-101
 8.55742e+12	2.22e-29	2.40e-21	3.52e-14	7.75e-08	6.59e-01	3.41e-01	2.08e-04	0.00e+00	0.00e+00	0.00e+00	0.00e+00	0.00e+00	4.72e-86
 8.87868e+12	2.98e-29	3.03e-21	4.17e-14	8.58e-08	6.75e-01	3.24e-01	1.83e-04	0.00e+00	0.00e+00	0.00e+00	0.00e+00	0.00e+00	1.94e-100
 9.23413e+12	4.07e-29	3.87e-21	4.99e-14	9.55e-08	6.93e-01	3.07e-01	1.60e-04	0.00e+00	0.00e+00	0.00e+00	0.00e+00	0.00e+00	2.11e-85
 9.56403e+12	5.37e-29	4.81e-21	5.86e-14	1.05e-07	7.08e-01	2.92e-01	1.42e-04	0.00e+00	0.00e+00	0.00e+00	0.00e+00	0.00e+00	1.16e-99
 9.92292e+12	7.19e-29	6.05e-21	6.93e-14	1.16e-07	7.24e-01	2.76e-01	1.24e-04	0.00e+00	0.00e+00	0.00e+00	0.00e+00	0.00e+00	8.76e-85
 1.03243e+13	9.81e-29	7.72e-21	8.29e-14	1.29e-07	7.40e-01	2.60e-01	1.08e-04	0.00e+00	0.00e+00	0.00e+00	0.00e+00	0.00e+00	7.35e-99
 1.07029e+13	1.30e-28	9.63e-21	9.73e-14	1.41e-07	7.54e-01	2.46e-01	9.49e-05	0.00e+00	0.00e+00	0.00e+00	0.00e+00	0.00e+00	3.91e-84
 1.11156e+13	1.75e-28	1.21e-20	1.15e-13	1.55e-07	7.68e-01	2.32e-01	8.28e-05	0.00e+00	0.00e+00	0.00e+00	0.00e+00	0.00e+00	4.39e-98
 1.15758e+13	2.40e-28	1.56e-20	1.38e-13	1.72e-07	7.83e-01	2.17e-01	7.14e-05	0.00e+00	0.00e+00	0.00e+00	0.00e+00	0.00e+00	1.85e-83
 1.20121e+13	3.20e-28	1.95e-20	1.62e-13	1.89e-07	7.95e-01	2.05e-01	6.24e-05	0.00e+00	0.00e+00	0.00e+00	0.00e+00	0.00e+00	2.87e-97
 1.24801e+13	4.31e-28	2.45e-20	1.91e-13	2.08e-07	8.08e-01	1.92e-01	5.42e-05	0.00e+00	0.00e+00	0.00e+00	0.00e+00	0.00e+00	8.30e-83
 1.30092e+13	5.95e-28	3.15e-20	2.29e-13	2.30e-07	8.21e-01	1.79e-01	4.64e-05	0.00e+00	0.00e+00	0.00e+00	0.00e+00	0.00e+00	1.99e-96
 1.35312e+13	8.07e-28	3.99e-20	2.71e-13	2.53e-07	8.32e-01	1.68e-01	4.01e-05	0.00e+00	0.00e+00	0.00e+00	0.00e+00	0.00e+00	4.17e-82
 1.40741e+13	1.09e-27	5.06e-20	3.21e-13	2.78e-07	8.43e-01	1.57e-01	3.46e-05	0.00e+00	0.00e+00	0.00e+00	0.00e+00	0.00e+00	1.36e-95
 1.46670e+13	1.51e-27	6.47e-20	3.82e-13	3.06e-07	8.54e-01	1.46e-01	2.96e-05	0.00e+00	0.00e+00	0.00e+00	0.00e+00	0.00e+00	2.11e-81
 1.52836e+13	2.07e-27	8.28e-20	4.55e-13	3.37e-07	8.64e-01	1.36e-01	2.53e-05	0.00e+00	0.00e+00	0.00e+00	0.00e+00	0.00e+00	1.02e-94
 1.59249e+13	2.84e-27	1.06e-19	5.41e-13	3.71e-07	8.74e-01	1.26e-01	2.17e-05	0.00e+00	0.00e+00	0.00e+00	0.00e+00	0.00e+00	1.11e-80
 1.65532e+13	3.83e-27	1.33e-19	6.37e-13	4.05e-07	8.82e-01	1.18e-01	1.87e-05	0.00e+00	0.00e+00	0.00e+00	0.00e+00	0.00e+00	7.20e-94
 1.71357e+13	5.00e-27	1.63e-19	7.36e-13	4.38e-07	8.89e-01	1.11e-01	1.64e-05	0.00e+00	0.00e+00	0.00e+00	0.00e+00	0.00e+00	4.90e-80
 1.77801e+13	6.65e-27	2.03e-19	8.57e-13	4.76e-07	8.97e-01	1.03e-01	1.42e-05	0.00e+00	0.00e+00	0.00e+00	0.00e+00	0.00e+00	4.18e-93
 1.84431e+13	8.82e-27	2.53e-19	9.98e-13	5.17e-07	9.03e-01	9.67e-02	1.23e-05	0.00e+00	0.00e+00	0.00e+00	0.00e+00	0.00e+00	2.20e-79
 1.89962e+13	1.11e-26	3.01e-19	1.13e-12	5.52e-07	9.08e-01	9.16e-02	1.10e-05	0.00e+00	0.00e+00	0.00e+00	0.00e+00	0.00e+00	2.14e-92
 1.95792e+13	1.40e-26	3.60e-19	1.28e-12	5.90e-07	9.13e-01	8.67e-02	9.81e-06	0.00e+00	0.00e+00	0.00e+00	0.00e+00	0.00e+00	7.51e-79
 2.03219e+13	1.87e-26	4.48e-19	1.49e-12	6.40e-07	9.19e-01	8.09e-02	8.50e-06	0.00e+00	0.00e+00	0.00e+00	0.00e+00	0.00e+00	1.14e-91
 2.10982e+13	2.49e-26	5.59e-19	1.74e-12	6.95e-07	9.25e-01	7.55e-02	7.35e-06	0.00e+00	0.00e+00	0.00e+00	0.00e+00	0.00e+00	3.49e-78
 2.17846e+13	3.19e-26	6.76e-19	1.98e-12	7.44e-07	9.29e-01	7.11e-02	6.50e-06	0.00e+00	0.00e+00	0.00e+00	0.00e+00	0.00e+00	6.42e-91
 2.25282e+13	4.14e-26	8.24e-19	2.27e-12	7.99e-07	9.33e-01	6.68e-02	5.70e-06	0.00e+00	0.00e+00	0.00e+00	0.00e+00	0.00e+00	1.37e-77
 2.33588e+13	5.48e-26	1.02e-18	2.63e-12	8.64e-07	9.38e-01	6.24e-02	4.95e-06	0.00e+00	0.00e+00	0.00e+00	0.00e+00	0.00e+00	3.66e-90
 2.41381e+13	7.07e-26	1.24e-18	3.00e-12	9.26e-07	9.41e-01	5.87e-02	4.36e-06	0.00e+00	0.00e+00	0.00e+00	0.00e+00	0.00e+00	5.76e-77
 2.49868e+13	9.25e-26	1.52e-18	3.45e-12	9.96e-07	9.45e-01	5.50e-02	3.82e-06	0.00e+00	0.00e+00	0.00e+00	0.00e+00	0.00e+00	1.98e-89
 2.59306e+13	1.23e-25	1.89e-18	4.01e-12	1.08e-06	9.49e-01	5.12e-02	3.30e-06	0.00e+00	0.00e+00	0.00e+00	0.00e+00	0.00e+00	2.58e-76
 2.68106e+13	1.60e-25	2.30e-18	4.58e-12	1.16e-06	9.52e-01	4.81e-02	2.90e-06	0.00e+00	0.00e+00	0.00e+00	0.00e+00	0.00e+00	5.21e-76
 2.77674e+13	2.10e-25	2.83e-18	5.28e-12	1.24e-06	9.55e-01	4.50e-02	2.53e-06	0.00e+00	0.00e+00	0.00e+00	0.00e+00	0.00e+00	1.09e-75
 2.88367e+13	2.82e-25	3.54e-18	6.14e-12	1.34e-06	9.58e-01	4.19e-02	2.19e-06	0.00e+00	0.00e+00	0.00e+00	0.00e+00	0.00e+00	2.42e-75
 2.98430e+13	3.69e-25	4.33e-18	7.05e-12	1.44e-06	9.61e-01	3.92e-02	1.91e-06	0.00e+00	0.00e+00	0.00e+00	0.00e+00	0.00e+00	5.02e-75
 3.09422e+13	4.90e-25	5.36e-18	8.14e-12	1.55e-06	9.63e-01	3.66e-02	1.66e-06	0.00e+00	0.00e+00	0.00e+00	0.00e+00	0.00e+00	1.08e-74
 3.21704e+13	6.63e-25	6.75e-18	9.52e-12	1.68e-06	9.66e-01	3.40e-02	1.43e-06	0.00e+00	0.00e+00	0.00e+00	0.00e+00	0.00e+00	2.47e-74
 3.33286e+13	8.75e-25	8.32e-18	1.10e-11	1.81e-06	9.68e-01	3.17e-02	1.24e-06	0.00e+00	0.00e+00	0.00e+00	0.00e+00	0.00e+00	5.26e-74
 3.45725e+13	1.17e-24	1.03e-17	1.27e-11	1.95e-06	9.70e-01	2.96e-02	1.08e-06	0.00e+00	0.00e+00	0.00e+00	0.00e+00	0.00e+00	1.15e-73
 3.59853e+13	1.60e-24	1.31e-17	1.49e-11	2.12e-06	9.73e-01	2.74e-02	9.22e-07	0.00e+00	0.00e+00	0.00e+00	0.00e+00	0.00e+00	2.70e-73
 3.73708e+13	2.15e-24	1.64e-17	1.73e-11	2.29e-06	9.75e-01	2.55e-02	0.00e+00	0.00e+00	0.00e+00	0.00e+00	0.00e+00	0.00e+00	6.07e-73
 3.88117e+13	2.89e-24	2.05e-17	2.01e-11	2.47e-06	9.76e-01	2.37e-02	0.00e+00	0.00e+00	0.00e+00	0.00e+00	0.00e+00	0.00e+00	1.37e-72
 4.03941e+13	3.95e-24	2.59e-17	2.36e-11	2.68e-06	9.78e-01	2.19e-02	0.00e+00	0.00e+00	0.00e+00	0.00e+00	0.00e+00	0.00e+00	3.21e-72
 4.19950e+13	5.36e-24	3.26e-17	2.75e-11	2.90e-06	9.80e-01	2.03e-02	0.00e+00	0.00e+00	0.00e+00	0.00e+00	0.00e+00	0.00e+00	7.39e-72
 4.36599e+13	7.28e-24	4.11e-17	3.22e-11	3.13e-06	9.81e-01	1.88e-02	0.00e+00	0.00e+00	0.00e+00	0.00e+00	0.00e+00	0.00e+00	1.70e-71
 4.53323e+13	9.77e-24	5.13e-17	3.74e-11	3.38e-06	9.83e-01	1.75e-02	0.00e+00	0.00e+00	0.00e+00	0.00e+00	1.64e-17	3.49e-17	3.81e-71
 4.69104e+13	1.28e-23	6.28e-17	4.28e-11	3.62e-06	9.84e-01	1.64e-02	0.00e+00	0.00e+00	0.00e+00	0.00e+00	2.08e-17	4.20e-17	7.95e-71
 4.86555e+13	1.70e-23	7.80e-17	4.95e-11	3.90e-06	9.85e-01	1.52e-02	0.00e+00	0.00e+00	0.00e+00	0.00e+00	2.59e-17	5.21e-17	1.74e-70
 5.04032e+13	2.25e-23	9.61e-17	5.70e-11	4.19e-06	9.86e-01	1.42e-02	0.00e+00	0.00e+00	0.00e+00	0.00e+00	3.19e-17	6.42e-17	3.70e-70
 5.18440e+13	2.80e-23	1.13e-16	6.38e-11	4.44e-06	9.87e-01	1.34e-02	0.00e+00	0.00e+00	0.00e+00	0.00e+00	3.77e-17	7.58e-17	6.78e-70
 5.33661e+13	3.52e-23	1.35e-16	7.16e-11	4.70e-06	9.87e-01	1.27e-02	0.00e+00	0.00e+00	0.00e+00	0.00e+00	4.47e-17	9.00e-17	1.26e-69
 5.53260e+13	4.67e-23	1.67e-16	8.27e-11	5.06e-06	9.88e-01	1.18e-02	0.00e+00	0.00e+00	0.00e+00	0.00e+00	5.53e-17	1.11e-16	2.72e-69
 5.73900e+13	6.22e-23	2.07e-16	9.57e-11	5.45e-06	9.89e-01	1.10e-02	0.00e+00	0.00e+00	0.00e+00	0.00e+00	6.87e-17	1.38e-16	5.95e-69
 5.92050e+13	7.94e-23	2.49e-16	1.08e-10	5.81e-06	9.90e-01	1.03e-02	0.00e+00	0.00e+00	0.00e+00	0.00e+00	8.26e-17	1.66e-16	1.17e-68
 6.11608e+13	1.02e-22	3.02e-16	1.23e-10	6.21e-06	9.90e-01	9.68e-03	0.00e+00	0.00e+00	0.00e+00	0.00e+00	1.00e-16	2.01e-16	2.32e-68
 6.35266e+13	1.38e-22	3.77e-16	1.44e-10	6.71e-06	9.91e-01	8.97e-03	0.00e+00	0.00e+00	0.00e+00	0.00e+00	1.25e-16	2.52e-16	5.21e-68
 6.59299e+13	1.84e-22	4.70e-16	1.67e-10	7.24e-06	9.92e-01	8.33e-03	0.00e+00	0.00e+00	0.00e+00	0.00e+00	1.56e-16	3.14e-16	1.15e-67
 6.81643e+13	2.39e-22	5.73e-16	1.91e-10	7.75e-06	9.92e-01	7.79e-03	0.00e+00	0.00e+00	0.00e+00	0.00e+00	1.90e-16	3.83e-16	2.34e-67
 7.06559e+13	3.16e-22	7.08e-16	2.20e-10	8.34e-06	9.93e-01	7.24e-03	0.00e+00	0.00e+00	0.00e+00	0.00e+00	2.35e-16	4.73e-16	5.01e-67
 7.33188e+13	4.22e-22	8.81e-16	2.56e-10	9.00e-06	9.93e-01	6.72e-03	0.00e+00	0.00e+00	0.00e+00	0.00e+00	2.92e-16	5.88e-16	1.10e-66
 7.56862e+13	5.41e-22	1.06e-15	2.91e-10	9.61e-06	9.94e-01	6.30e-03	0.00e+00	0.00e+00	0.00e+00	0.00e+00	3.53e-16	7.10e-16	2.16e-66
 7.82268e+13	7.00e-22	1.29e-15	3.32e-10	1.03e-05	9.94e-01	5.90e-03	0.00e+00	0.00e+00	0.00e+00	0.00e+00	4.28e-16	8.63e-16	4.35e-66
 8.12710e+13	9.42e-22	1.62e-15	3.87e-10	1.11e-05	9.95e-01	5.45e-03	0.00e+00	0.00e+00	0.00e+00	0.00e+00	5.37e-16	1.08e-15	9.75e-66
 8.42631e+13	1.25e-21	2.00e-15	4.48e-10	1.20e-05	9.95e-01	5.07e-03	0.00e+00	0.00e+00	0.00e+00	0.00e+00	6.65e-16	1.34e-15	2.10e-65
 8.69215e+13	1.59e-21	2.41e-15	5.07e-10	1.28e-05	9.95e-01	4.76e-03	0.00e+00	0.00e+00	0.00e+00	0.00e+00	7.98e-16	1.61e-15	4.05e-65
 8.98530e+13	2.06e-21	2.93e-15	5.80e-10	1.37e-05	9.96e-01	4.45e-03	0.00e+00	0.00e+00	0.00e+00	0.00e+00	9.71e-16	1.96e-15	8.16e-65
 9.33551e+13	2.77e-21	3.67e-15	6.77e-10	1.48e-05	9.96e-01	4.11e-03	0.00e+00	0.00e+00	0.00e+00	0.00e+00	1.22e-15	2.45e-15	1.83e-64
 9.68352e+13	3.69e-21	4.56e-15	7.85e-10	1.60e-05	9.96e-01	3.82e-03	0.00e+00	0.00e+00	0.00e+00	0.00e+00	1.51e-15	3.04e-15	3.97e-64
 1.00008e+14	4.74e-21	5.51e-15	8.94e-10	1.71e-05	9.96e-01	3.57e-03	0.00e+00	0.00e+00	0.00e+00	0.00e+00	1.83e-15	3.68e-15	7.86e-64
 1.03545e+14	6.21e-21	6.76e-15	1.03e-09	1.84e-05	9.97e-01	3.33e-03	0.00e+00	0.00e+00	0.00e+00	0.00e+00	2.24e-15	4.52e-15	1.63e-63
 1.07670e+14	8.41e-21	8.52e-15	1.20e-09	1.99e-05	9.97e-01	3.07e-03	0.00e+00	0.00e+00	0.00e+00	0.00e+00	2.82e-15	5.69e-15	3.73e-63
 1.11725e+14	1.12e-20	1.06e-14	1.40e-09	2.15e-05	9.97e-01	2.85e-03	0.00e+00	0.00e+00	0.00e+00	0.00e+00	3.51e-15	7.08e-15	8.16e-63
 1.15544e+14	1.46e-20	1.29e-14	1.60e-09	2.30e-05	9.97e-01	2.66e-03	0.00e+00	0.00e+00	0.00e+00	0.00e+00	4.28e-15	8.64e-15	1.66e-62
 1.19798e+14	1.93e-20	1.60e-14	1.85e-09	2.48e-05	9.98e-01	2.47e-03	0.00e+00	0.00e+00	0.00e+00	0.00e+00	5.30e-15	1.07e-14	3.57e-62
 1.24619e+14	2.62e-20	2.02e-14	2.17e-09	2.69e-05	9.98e-01	2.28e-03	0.00e+00	0.00e+00	0.00e+00	0.00e+00	6.69e-15	1.35e-14	8.23e-62
 1.29435e+14	3.52e-20	2.53e-14	2.53e-09	2.91e-05	9.98e-01	2.11e-03	0.00e+00	0.00e+00	0.00e+00	0.00e+00	8.36e-15	1.69e-14	1.84e-61
 1.33938e+14	4.60e-20	3.09e-14	2.90e-09	3.12e-05	9.98e-01	1.96e-03	0.00e+00	0.00e+00	0.00e+00	0.00e+00	1.02e-14	2.07e-14	3.81e-61
 1.38819e+14	6.08e-20	3.82e-14	3.35e-09	3.36e-05	9.98e-01	1.83e-03	0.00e+00	0.00e+00	0.00e+00	0.00e+00	1.26e-14	2.55e-14	8.15e-61
 1.44286e+14	8.21e-20	4.79e-14	3.92e-09	3.64e-05	9.98e-01	1.69e-03	0.00e+00	0.00e+00	0.00e+00	0.00e+00	1.59e-14	3.21e-14	1.85e-60
 1.49392e+14	1.08e-19	5.89e-14	4.50e-09	3.91e-05	9.98e-01	1.57e-03	0.00e+00	0.00e+00	0.00e+00	0.00e+00	1.95e-14	3.94e-14	3.90e-60
 1.54121e+14	1.37e-19	7.08e-14	5.10e-09	4.17e-05	9.98e-01	1.47e-03	0.00e+00	0.00e+00	0.00e+00	0.00e+00	2.34e-14	4.74e-14	7.57e-60
 1.58673e+14	1.73e-19	8.41e-14	5.74e-09	4.42e-05	9.99e-01	1.39e-03	0.00e+00	0.00e+00	0.00e+00	0.00e+00	2.78e-14	5.63e-14	1.41e-59
 1.63730e+14	2.20e-19	1.01e-13	6.51e-09	4.72e-05	9.99e-01	1.30e-03	0.00e+00	0.00e+00	0.00e+00	0.00e+00	3.35e-14	6.77e-14	2.75e-59
 1.69325e+14	2.87e-19	1.23e-13	7.45e-09	5.05e-05	9.99e-01	1.22e-03	0.00e+00	0.00e+00	0.00e+00	0.00e+00	4.08e-14	8.27e-14	5.66e-59
 1.74537e+14	3.64e-19	1.48e-13	8.41e-09	5.37e-05	9.99e-01	1.14e-03	0.00e+00	0.00e+00	0.00e+00	0.00e+00	4.89e-14	9.89e-14	1.08e-58
 1.80226e+14	4.67e-19	1.79e-13	9.56e-09	5.74e-05	9.99e-01	1.07e-03	0.00e+00	0.00e+00	0.00e+00	0.00e+00	5.91e-14	1.20e-13	2.16e-58
 1.86628e+14	6.14e-19	2.20e-13	1.10e-08	6.16e-05	9.99e-01	9.99e-04	0.00e+00	0.00e+00	0.00e+00	0.00e+00	7.26e-14	1.47e-13	4.56e-58
 1.92735e+14	7.91e-19	2.66e-13	1.25e-08	6.58e-05	9.99e-01	9.36e-04	0.00e+00	0.00e+00	0.00e+00	0.00e+00	8.78e-14	1.78e-13	9.12e-58
 1.99452e+14	1.03e-18	3.25e-13	1.44e-08	7.05e-05	9.99e-01	8.72e-04	0.00e+00	0.00e+00	0.00e+00	0.00e+00	1.08e-13	2.18e-13	1.90e-57
 2.06853e+14	1.38e-18	4.04e-13	1.66e-08	7.60e-05	9.99e-01	8.10e-04	0.00e+00	0.00e+00	0.00e+00	0.00e+00	1.33e-13	2.71e-13	4.17e-57
 2.13655e+14	1.77e-18	4.89e-13	1.89e-08	8.12e-05	9.99e-01	7.59e-04	0.00e+00	0.00e+00	0.00e+00	0.00e+00	1.62e-13	3.28e-13	8.37e-57
 2.21010e+14	2.31e-18	5.98e-13	2.17e-08	8.69e-05	9.99e-01	7.08e-04	0.00e+00	0.00e+00	0.00e+00	0.00e+00	1.97e-13	4.01e-13	1.74e-56
 2.29243e+14	3.08e-18	7.43e-13	2.51e-08	9.37e-05	9.99e-01	6.57e-04	0.00e+00	0.00e+00	0.00e+00	0.00e+00	2.45e-13	4.98e-13	3.81e-56
 2.36994e+14	4.00e-18	9.04e-13	2.87e-08	1.00e-04	9.99e-01	6.14e-04	0.00e+00	0.00e+00	0.00e+00	0.00e+00	2.98e-13	6.06e-13	7.81e-56
 2.45450e+14	5.26e-18	1.11e-12	3.30e-08	1.08e-04	9.99e-01	5.72e-04	0.00e+00	0.00e+00	0.00e+00	0.00e+00	3.67e-13	7.46e-13	1.66e-55
 2.54839e+14	7.05e-18	1.39e-12	3.84e-08	1.16e-04	9.99e-01	5.29e-04	0.00e+00	0.00e+00	0.00e+00	0.00e+00	4.58e-13	9.31e-13	3.71e-55
 2.63593e+14	9.18e-18	1.70e-12	4.40e-08	1.25e-04	9.99e-01	4.94e-04	0.00e+00	0.00e+00	0.00e+00	0.00e+00	5.59e-13	1.14e-12	7.70e-55
 2.73107e+14	1.21e-17	2.09e-12	5.07e-08	1.34e-04	9.99e-01	4.59e-04	0.00e+00	0.00e+00	0.00e+00	0.00e+00	6.89e-13	1.40e-12	1.64e-54
 2.83755e+14	1.63e-17	2.62e-12	5.92e-08	1.45e-04	9.99e-01	4.25e-04	0.00e+00	0.00e+00	0.00e+00	0.00e+00	8.62e-13	1.76e-12	3.72e-54
 2.93846e+14	2.13e-17	3.22e-12	6.81e-08	1.56e-04	9.99e-01	3.95e-04	0.00e+00	0.00e+00	0.00e+00	0.00e+00	1.06e-12	2.16e-12	7.86e-54
 3.04648e+14	2.82e-17	3.98e-12	7.87e-08	1.68e-04	9.99e-01	3.67e-04	0.00e+00	0.00e+00	0.00e+00	0.00e+00	1.31e-12	2.67e-12	1.70e-53
 3.16864e+14	3.82e-17	5.02e-12	9.23e-08	1.82e-04	9.99e-01	3.38e-04	0.00e+00	0.00e+00	0.00e+00	0.00e+00	1.65e-12	3.37e-12	3.93e-53
 3.28873e+14	5.09e-17	6.24e-12	1.07e-07	1.97e-04	9.99e-01	3.13e-04	0.00e+00	4.19e-18	1.26e-17	2.10e-17	2.05e-12	4.19e-12	8.65e-53
 3.41362e+14	6.77e-17	7.76e-12	1.25e-07	2.13e-04	9.99e-01	2.89e-04	0.00e+00	5.57e-18	1.67e-17	2.80e-17	2.55e-12	5.21e-12	1.91e-52
 3.55046e+14	9.14e-17	9.76e-12	1.46e-07	2.31e-04	1.00e+00	2.66e-04	0.00e+00	7.52e-18	2.26e-17	3.78e-17	3.20e-12	6.56e-12	4.36e-52
 3.68540e+14	1.21e-16	1.21e-11	1.70e-07	2.51e-04	1.00e+00	2.46e-04	0.00e+00	9.99e-18	3.00e-17	5.01e-17	3.98e-12	8.15e-12	9.56e-52
 3.79722e+14	1.52e-16	1.44e-11	1.92e-07	2.67e-04	1.00e+00	2.31e-04	0.00e+00	1.25e-17	3.77e-17	6.29e-17	4.73e-12	9.70e-12	1.80e-51
 3.88732e+14	1.81e-16	1.65e-11	2.11e-07	2.80e-04	9.99e-01	2.20e-04	0.00e+00	1.50e-17	4.49e-17	7.51e-17	5.42e-12	1.11e-11	2.93e-51
 3.98725e+14	2.20e-16	1.91e-11	2.34e-07	2.96e-04	9.99e-01	2.08e-04	0.00e+00	1.81e-17	5.44e-17	9.09e-17	6.28e-12	1.29e-11	4.98e-51
 4.11716e+14	2.79e-16	2.30e-11	2.66e-07	3.17e-04	9.99e-01	1.94e-04	0.00e+00	2.30e-17	6.91e-17	1.16e-16	7.55e-12	1.55e-11	9.70e-51
 4.25654e+14	3.57e-16	2.79e-11	3.05e-07	3.41e-04	9.99e-01	1.81e-04	0.00e+00	2.95e-17	8.86e-17	1.48e-16	9.14e-12	1.88e-11	1.93e-50
 4.38028e+14	4.41e-16	3.29e-11	3.43e-07	3.63e-04	9.99e-01	1.70e-04	0.00e+00	3.64e-17	1.09e-16	1.83e-16	1.08e-11	2.21e-11	3.49e-50
 4.51320e+14	5.51e-16	3.90e-11	3.87e-07	3.87e-04	9.99e-01	1.59e-04	0.00e+00	4.55e-17	1.37e-16	2.28e-16	1.28e-11	2.62e-11	6.49e-50
 4.68024e+14	7.18e-16	4.80e-11	4.49e-07	4.19e-04	9.99e-01	1.47e-04	0.00e+00	5.94e-17	1.78e-16	2.98e-16	1.57e-11	3.23e-11	1.37e-49
 4.84969e+14	9.30e-16	5.88e-11	5.20e-07	4.54e-04	9.99e-01	1.36e-04	0.00e+00	7.70e-17	2.31e-16	3.86e-16	1.92e-11	3.95e-11	2.84e-49
 4.99575e+14	1.15e-15	6.95e-11	5.87e-07	4.85e-04	9.99e-01	1.28e-04	0.00e+00	9.56e-17	2.87e-16	4.80e-16	2.27e-11	4.68e-11	5.21e-49
 5.15338e+14	1.44e-15	8.28e-11	6.66e-07	5.19e-04	9.99e-01	1.19e-04	0.00e+00	1.19e-16	3.59e-16	5.99e-16	2.71e-11	5.57e-11	9.79e-49
 5.34748e+14	1.88e-15	1.02e-10	7.75e-07	5.64e-04	9.99e-01	1.10e-04	0.00e+00	1.56e-16	4.68e-16	7.82e-16	3.34e-11	6.87e-11	2.08e-48
 5.54492e+14	2.43e-15	1.25e-10	9.00e-07	6.12e-04	9.99e-01	1.01e-04	0.00e+00	2.02e-16	6.05e-16	1.01e-15	4.09e-11	8.42e-11	4.34e-48
 5.72085e+14	3.02e-15	1.49e-10	1.02e-06	6.57e-04	9.99e-01	9.45e-05	0.00e+00	2.51e-16	7.54e-16	1.26e-15	4.86e-11	1.00e-10	8.17e-48
 5.91287e+14	3.81e-15	1.79e-10	1.17e-06	7.08e-04	9.99e-01	8.78e-05	0.00e+00	3.17e-16	9.51e-16	1.59e-15	5.84e-11	1.20e-10	1.59e-47
 6.14198e+14	4.96e-15	2.21e-10	1.37e-06	7.72e-04	9.99e-01	8.07e-05	0.00e+00	4.13e-16	1.24e-15	2.07e-15	7.21e-11	1.49e-10	3.44e-47
 6.36816e+14	6.36e-15	2.69e-10	1.58e-06	8.38e-04	9.99e-01	7.44e-05	0.00e+00	5.31e-16	1.59e-15	2.66e-15	8.80e-11	1.81e-10	7.15e-47
 6.57230e+14	7.89e-15	3.20e-10	1.80e-06	9.00e-04	9.99e-01	6.93e-05	0.00e+00	6.59e-16	1.98e-15	3.31e-15	1.05e-10	2.16e-10	1.35e-46
 6.79892e+14	9.94e-15	3.85e-10	2.07e-06	9.73e-04	9.99e-01	6.42e-05	0.00e+00	8.31e-16	2.50e-15	4.17e-15	1.26e-10	2.59e-10	2.69e-46
 7.06570e+14	1.29e-14	4.75e-10	2.42e-06	1.06e-03	9.99e-01	5.89e-05	0.00e+00	1.08e-15	3.24e-15	5.42e-15	1.55e-10	3.20e-10	5.85e-46
 7.32889e+14	1.65e-14	5.80e-10	2.80e-06	1.16e-03	9.99e-01	5.43e-05	0.00e+00	1.38e-15	4.15e-15	6.94e-15	1.90e-10	3.90e-10	1.23e-45
 7.57314e+14	2.05e-14	6.93e-10	3.20e-06	1.25e-03	9.99e-01	5.04e-05	0.00e+00	1.72e-15	5.18e-15	8.65e-15	2.27e-10	4.66e-10	2.39e-45
 7.84692e+14	2.60e-14	8.39e-10	3.70e-06	1.35e-03	9.99e-01	4.66e-05	0.00e+00	2.18e-15	6.56e-15	1.10e-14	2.75e-10	5.65e-10	4.92e-45
 8.16109e+14	3.37e-14	1.04e-09	4.33e-06	1.48e-03	9.98e-01	4.26e-05	0.00e+00	2.84e-15	8.52e-15	1.42e-14	3.39e-10	6.98e-10	1.09e-44
 8.47006e+14	4.31e-14	1.27e-09	5.03e-06	1.61e-03	9.98e-01	3.92e-05	0.00e+00	3.63e-15	1.09e-14	1.82e-14	4.15e-10	8.53e-10	2.34e-44
 8.79139e+14	5.50e-14	1.55e-09	5.85e-06	1.75e-03	9.98e-01	3.61e-05	0.00e+00	4.64e-15	1.39e-14	2.33e-14	5.07e-10	1.04e-09	5.01e-44
 9.08428e+14	6.82e-14	1.85e-09	6.67e-06	1.89e-03	9.98e-01	3.36e-05	0.00e+00	5.76e-15	1.73e-14	2.89e-14	6.04e-10	1.24e-09	9.82e-44
 9.30238e+14	7.96e-14	2.10e-09	7.34e-06	2.00e-03	9.98e-01	3.18e-05	0.00e+00	6.73e-15	2.02e-14	3.37e-14	6.87e-10	1.41e-09	1.60e-43
 9.52718e+14	8.94e-14	2.38e-09	8.08e-06	2.11e-03	9.98e-01	3.02e-05	0.00e+00	7.57e-15	2.27e-14	3.80e-14	7.81e-10	1.60e-09	2.59e-43
 9.81941e+14	1.08e-13	2.80e-09	9.12e-06	2.26e-03	9.98e-01	2.82e-05	0.00e+00	9.19e-15	2.76e-14	4.61e-14	9.18e-10	1.88e-09	4.82e-43
 1.01370e+15	1.33e-13	3.33e-09	1.04e-05	2.43e-03	9.98e-01	2.63e-05	0.00e+00	1.13e-14	3.38e-14	5.65e-14	1.09e-09	2.24e-09	9.48e-43
 1.04245e+15	1.59e-13	3.87e-09	1.16e-05	2.59e-03	9.97e-01	2.47e-05	0.00e+00	1.35e-14	4.04e-14	6.75e-14	1.27e-09	2.60e-09	1.69e-42
 1.07349e+15	1.91e-13	4.53e-09	1.30e-05	2.77e-03	9.97e-01	2.32e-05	0.00e+00	1.62e-14	4.88e-14	8.14e-14	1.48e-09	3.04e-09	3.12e-42
 1.11286e+15	2.40e-13	5.49e-09	1.51e-05	3.01e-03	9.97e-01	2.14e-05	0.00e+00	2.04e-14	6.14e-14	1.02e-13	1.80e-09	3.69e-09	6.74e-42
 1.15252e+15	2.99e-13	6.63e-09	1.73e-05	3.26e-03	9.97e-01	1.99e-05	0.00e+00	2.55e-14	7.65e-14	1.28e-13	2.18e-09	4.46e-09	1.42e-41
 1.18573e+15	3.57e-13	7.73e-09	1.94e-05	3.48e-03	9.96e-01	1.87e-05	0.00e+00	3.05e-14	9.15e-14	1.53e-13	2.54e-09	5.19e-09	2.61e-41
 1.22111e+15	4.29e-13	9.05e-09	2.18e-05	3.72e-03	9.96e-01	1.75e-05	0.00e+00	3.67e-14	1.10e-13	1.84e-13	2.97e-09	6.08e-09	4.91e-41
 1.26595e+15	5.38e-13	1.10e-08	2.52e-05	4.04e-03	9.96e-01	1.62e-05	0.00e+00	4.60e-14	1.38e-13	2.31e-13	3.62e-09	7.40e-09	1.07e-40
 1.31303e+15	6.75e-13	1.34e-08	2.91e-05	4.38e-03	9.96e-01	1.50e-05	0.00e+00	5.78e-14	1.74e-13	2.90e-13	4.41e-09	9.01e-09	2.35e-40
 1.35538e+15	8.22e-13	1.59e-08	3.30e-05	4.71e-03	9.95e-01	1.41e-05	0.00e+00	7.05e-14	2.12e-13	3.53e-13	5.24e-09	1.07e-08	4.65e-40
 1.40164e+15	1.01e-12	1.91e-08	3.78e-05	5.08e-03	9.95e-01	1.31e-05	0.00e+00	8.70e-14	2.61e-13	4.36e-13	6.29e-09	1.28e-08	9.61e-40
 1.45635e+15	1.28e-12	2.36e-08	4.40e-05	5.54e-03	9.94e-01	1.21e-05	0.00e+00	1.10e-13	3.31e-13	5.53e-13	7.76e-09	1.58e-08	2.21e-39
 1.51003e+15	1.60e-12	2.88e-08	5.09e-05	6.02e-03	9.94e-01	1.13e-05	0.00e+00	1.38e-13	4.14e-13	6.91e-13	9.46e-09	1.93e-08	4.78e-39
 1.55895e+15	1.95e-12	3.42e-08	5.77e-05	6.46e-03	9.93e-01	1.06e-05	0.00e+00	1.68e-13	5.05e-13	8.43e-13	1.13e-08	2.30e-08	9.51e-39
 1.61374e+15	2.41e-12	4.14e-08	6.62e-05	6.99e-03	9.93e-01	9.89e-06	0.00e+00	2.08e-13	6.25e-13	1.04e-12	1.36e-08	2.78e-08	2.00e-38
 1.67762e+15	3.06e-12	5.13e-08	7.73e-05	7.63e-03	9.92e-01	9.17e-06	0.00e+00	2.65e-13	7.95e-13	1.33e-12	1.69e-08	3.44e-08	4.64e-38
 1.74053e+15	3.84e-12	6.29e-08	8.96e-05	8.28e-03	9.92e-01	8.55e-06	0.00e+00	3.32e-13	9.97e-13	1.66e-12	2.07e-08	4.22e-08	1.03e-37
 1.79989e+15	4.71e-12	7.58e-08	1.02e-04	8.93e-03	9.91e-01	8.04e-06	0.00e+00	4.08e-13	1.22e-12	2.04e-12	2.50e-08	5.08e-08	2.12e-37
 1.86585e+15	5.87e-12	9.27e-08	1.18e-04	9.68e-03	9.90e-01	7.53e-06	0.00e+00	5.09e-13	1.53e-12	2.55e-12	3.05e-08	6.21e-08	4.61e-37
 1.92860e+15	7.16e-12	1.11e-07	1.35e-04	1.04e-02	9.89e-01	7.11e-06	0.00e+00	6.21e-13	1.86e-12	3.11e-12	3.67e-08	7.47e-08	9.35e-37
 1.97533e+15	8.17e-12	1.27e-07	1.49e-04	1.10e-02	9.89e-01	6.83e-06	0.00e+00	7.10e-13	2.13e-12	3.55e-12	4.20e-08	8.53e-08	1.56e-36
 2.02265e+15	9.45e-12	1.45e-07	1.64e-04	1.16e-02	9.88e-01	6.56e-06	0.00e+00	8.21e-13	2.47e-12	4.11e-12	4.80e-08	9.74e-08	2.59e-36
 2.08418e+15	1.14e-11	1.72e-07	1.84e-04	1.24e-02	9.87e-01	6.23e-06	0.00e+00	9.91e-13	2.97e-12	4.96e-12	5.67e-08	1.15e-07	4.90e-36
 2.15100e+15	1.38e-11	2.05e-07	2.09e-04	1.33e-02	9.86e-01	5.91e-06	0.00e+00	1.20e-12	3.60e-12	6.00e-12	6.77e-08	1.37e-07	9.55e-36
 2.21111e+15	1.62e-11	2.40e-07	2.34e-04	1.42e-02	9.86e-01	5.66e-06	0.00e+00	1.41e-12	4.24e-12	7.08e-12	7.92e-08	1.61e-07	1.71e-35
 2.27567e+15	1.93e-11	2.82e-07	2.62e-04	1.51e-02	9.85e-01	5.42e-06	0.00e+00	1.68e-12	5.05e-12	8.43e-12	9.31e-08	1.89e-07	3.15e-35
 2.35842e+15	2.39e-11	3.46e-07	3.03e-04	1.64e-02	9.83e-01	5.14e-06	0.00e+00	2.09e-12	6.26e-12	1.05e-11	1.14e-07	2.31e-07	6.73e-35
 2.44189e+15	2.94e-11	4.20e-07	3.48e-04	1.77e-02	9.82e-01	4.88e-06	0.00e+00	2.57e-12	7.72e-12	1.29e-11	1.39e-07	2.81e-07	1.38e-34
 2.51077e+15	3.43e-11	4.92e-07	3.90e-04	1.88e-02	9.81e-01	4.72e-06	0.00e+00	3.00e-12	9.02e-12	1.50e-11	1.62e-07	3.29e-07	2.46e-34
 2.58359e+15	4.09e-11	5.78e-07	4.38e-04	2.01e-02	9.79e-01	4.54e-06	0.00e+00	3.58e-12	1.08e-11	1.79e-11	1.91e-07	3.87e-07	4.47e-34
 2.67727e+15	5.10e-11	7.08e-07	5.06e-04	2.18e-02	9.78e-01	4.32e-06	0.00e+00	4.47e-12	1.34e-11	2.24e-11	2.34e-07	4.74e-07	9.34e-34
 2.77586e+15	6.31e-11	8.68e-07	5.85e-04	2.36e-02	9.76e-01	4.13e-06	0.00e+00	5.54e-12	1.66e-11	2.77e-11	2.87e-07	5.81e-07	1.95e-33
 2.86215e+15	7.54e-11	1.03e-06	6.62e-04	2.53e-02	9.74e-01	4.00e-06	0.00e+00	6.63e-12	1.99e-11	3.32e-11	3.42e-07	6.92e-07	3.63e-33
 2.95464e+15	9.23e-11	1.24e-06	7.54e-04	2.71e-02	9.72e-01	3.86e-06	0.00e+00	8.12e-12	2.44e-11	4.06e-11	4.11e-07	8.31e-07	6.97e-33
 3.06707e+15	1.16e-10	1.54e-06	8.78e-04	2.95e-02	9.70e-01	3.72e-06	0.00e+00	1.02e-11	3.07e-11	5.12e-11	5.10e-07	1.03e-06	1.50e-32
 3.17803e+15	1.44e-10	1.88e-06	1.01e-03	3.20e-02	9.67e-01	3.58e-06	0.00e+00	1.27e-11	3.81e-11	6.36e-11	6.24e-07	1.26e-06	3.06e-32
 3.27512e+15	1.73e-10	2.24e-06	1.15e-03	3.43e-02	9.65e-01	3.49e-06	0.00e+00	1.53e-11	4.59e-11	7.65e-11	7.42e-07	1.50e-06	5.58e-32
 3.38155e+15	2.13e-10	2.70e-06	1.31e-03	3.68e-02	9.62e-01	3.38e-06	0.00e+00	1.88e-11	5.63e-11	9.40e-11	8.94e-07	1.81e-06	1.07e-31
 3.51056e+15	2.69e-10	3.36e-06	1.53e-03	4.01e-02	9.58e-01	3.28e-06	0.00e+00	2.38e-11	7.13e-11	1.19e-10	1.11e-06	2.25e-06	2.27e-31
 3.63450e+15	3.32e-10	4.09e-06	1.76e-03	4.34e-02	9.55e-01	3.18e-06	0.00e+00	2.94e-11	8.81e-11	1.47e-10	1.36e-06	2.74e-06	4.45e-31
 3.72948e+15	3.88e-10	4.75e-06	1.95e-03	4.60e-02	9.52e-01	3.13e-06	0.00e+00	3.44e-11	1.03e-10	1.72e-10	1.57e-06	3.17e-06	7.29e-31
 3.82121e+15	4.55e-10	5.47e-06	2.16e-03	4.87e-02	9.49e-01	3.08e-06	0.00e+00	4.03e-11	1.21e-10	2.02e-10	1.81e-06	3.66e-06	1.18e-30
 3.94046e+15	5.55e-10	6.56e-06	2.45e-03	5.22e-02	9.45e-01	3.00e-06	0.00e+00	4.92e-11	1.48e-10	2.46e-10	2.17e-06	4.38e-06	2.17e-30
 4.06255e+15	6.72e-10	7.82e-06	2.78e-03	5.60e-02	9.41e-01	2.94e-06	0.00e+00	5.97e-11	1.79e-10	2.99e-10	2.59e-06	5.23e-06	3.87e-30
 4.16461e+15	7.85e-10	9.03e-06	3.08e-03	5.93e-02	9.38e-01	2.89e-06	0.00e+00	6.98e-11	2.09e-10	3.49e-10	2.99e-06	6.03e-06	6.17e-30
 4.27354e+15	9.32e-10	1.05e-05	3.44e-03	6.29e-02	9.34e-01	2.84e-06	0.00e+00	8.29e-11	2.49e-10	4.15e-10	3.49e-06	7.03e-06	1.02e-29
 4.41515e+15	1.17e-09	1.28e-05	3.95e-03	6.79e-02	9.28e-01	2.79e-06	0.00e+00	1.04e-10	3.12e-10	5.20e-10	4.24e-06	8.54e-06	1.93e-29
 4.55884e+15	1.43e-09	1.54e-05	4.51e-03	7.32e-02	9.22e-01	2.74e-06	0.00e+00	1.28e-10	3.84e-10	6.40e-10	5.10e-06	1.03e-05	3.48e-29
 4.67863e+15	1.69e-09	1.79e-05	5.02e-03	7.77e-02	9.17e-01	2.69e-06	0.00e+00	1.51e-10	4.54e-10	7.57e-10	5.93e-06	1.19e-05	5.58e-29
 4.80777e+15	2.04e-09	2.10e-05	5.65e-03	8.28e-02	9.11e-01	2.65e-06	0.00e+00	1.82e-10	5.47e-10	9.13e-10	6.98e-06	1.41e-05	9.42e-29
 4.97565e+15	2.61e-09	2.59e-05	6.55e-03	8.99e-02	9.04e-01	2.60e-06	0.00e+00	2.34e-10	7.02e-10	1.17e-09	8.60e-06	1.73e-05	1.81e-28
 5.14457e+15	3.26e-09	3.14e-05	7.54e-03	9.72e-02	8.95e-01	2.56e-06	0.00e+00	2.92e-10	8.77e-10	1.46e-09	1.04e-05	2.10e-05	3.28e-28
 5.27945e+15	3.89e-09	3.66e-05	8.42e-03	1.03e-01	8.88e-01	2.52e-06	0.00e+00	3.49e-10	1.05e-09	1.75e-09	1.22e-05	2.44e-05	5.17e-28
 5.41937e+15	4.70e-09	4.30e-05	9.46e-03	1.10e-01	8.81e-01	2.49e-06	0.00e+00	4.22e-10	1.27e-09	2.11e-09	1.43e-05	2.87e-05	8.48e-28
 5.60127e+15	5.91e-09	5.26e-05	1.10e-02	1.19e-01	8.70e-01	2.43e-06	0.00e+00	5.31e-10	1.59e-09	2.66e-09	1.75e-05	3.52e-05	1.57e-27
 5.78749e+15	7.50e-09	6.40e-05	1.26e-02	1.29e-01	8.59e-01	2.39e-06	0.00e+00	6.76e-10	2.03e-09	3.38e-09	2.13e-05	4.27e-05	2.70e-27
 5.94041e+15	9.04e-09	7.48e-05	1.42e-02	1.37e-01	8.49e-01	2.36e-06	0.00e+00	8.15e-10	2.45e-09	4.08e-09	2.49e-05	4.99e-05	4.25e-27
 6.10031e+15	1.11e-08	8.85e-05	1.60e-02	1.46e-01	8.38e-01	2.32e-06	0.00e+00	1.00e-09	3.00e-09	5.01e-09	2.94e-05	5.91e-05	7.00e-27
 6.27207e+15	1.34e-08	1.05e-04	1.82e-02	1.56e-01	8.25e-01	2.28e-06	0.00e+00	1.21e-09	3.63e-09	6.06e-09	3.49e-05	7.00e-05	1.13e-26
 6.42472e+15	1.60e-08	1.22e-04	2.03e-02	1.66e-01	8.14e-01	2.25e-06	0.00e+00	1.45e-09	4.35e-09	7.26e-09	4.04e-05	8.12e-05	1.72e-26
 6.56279e+15	1.89e-08	1.39e-04	2.24e-02	1.74e-01	8.03e-01	2.22e-06	0.00e+00	1.71e-09	5.14e-09	8.56e-09	4.62e-05	9.28e-05	2.50e-26
 6.71641e+15	2.28e-08	1.62e-04	2.51e-02	1.85e-01	7.90e-01	2.18e-06	0.00e+00	2.07e-09	6.20e-09	1.03e-08	5.39e-05	1.08e-04	3.87e-26
 6.88706e+15	2.80e-08	1.91e-04	2.84e-02	1.97e-01	7.75e-01	2.15e-06	0.00e+00	2.54e-09	7.63e-09	1.27e-08	6.34e-05	1.27e-04	6.10e-26
 7.04521e+15	3.36e-08	2.21e-04	3.17e-02	2.08e-01	7.60e-01	2.13e-06	0.00e+00	3.06e-09	9.17e-09	1.53e-08	7.35e-05	1.47e-04	9.09e-26
 7.19333e+15	3.96e-08	2.53e-04	3.51e-02	2.19e-01	7.46e-01	2.10e-06	0.00e+00	3.60e-09	1.08e-08	1.80e-08	8.43e-05	1.69e-04	1.32e-25
 7.36307e+15	4.90e-08	2.99e-04	3.97e-02	2.32e-01	7.28e-01	2.06e-06	0.00e+00	4.47e-09	1.34e-08	2.23e-08	9.95e-05	1.99e-04	2.11e-25
 7.54392e+15	5.97e-08	3.52e-04	4.50e-02	2.46e-01	7.09e-01	2.02e-06	0.00e+00	5.44e-09	1.63e-08	2.72e-08	1.17e-04	2.35e-04	3.24e-25
 7.70354e+15	7.16e-08	4.06e-04	5.02e-02	2.59e-01	6.90e-01	1.99e-06	0.00e+00	6.54e-09	1.96e-08	3.27e-08	1.35e-04	2.71e-04	4.77e-25
 7.85272e+15	8.68e-08	4.68e-04	5.58e-02	2.72e-01	6.72e-01	1.97e-06	0.00e+00	7.93e-09	2.38e-08	3.96e-08	1.56e-04	3.12e-04	6.97e-25
 8.00151e+15	1.02e-07	5.35e-04	6.19e-02	2.85e-01	6.53e-01	1.94e-06	0.00e+00	9.31e-09	2.79e-08	4.66e-08	1.78e-04	3.57e-04	1.00e-24
 8.17239e+15	1.27e-07	6.33e-04	7.01e-02	3.00e-01	6.29e-01	1.92e-06	0.00e+00	1.17e-08	3.50e-08	5.84e-08	2.11e-04	4.22e-04	1.61e-24
 8.35223e+15	1.56e-07	7.43e-04	7.93e-02	3.16e-01	6.04e-01	1.88e-06	0.00e+00	1.43e-08	4.29e-08	7.14e-08	2.48e-04	4.96e-04	2.43e-24
 8.50821e+15	1.87e-07	8.58e-04	8.85e-02	3.30e-01	5.80e-01	1.85e-06	0.00e+00	1.72e-08	5.16e-08	8.60e-08	2.86e-04	5.72e-04	3.58e-24
 8.65239e+15	2.28e-07	9.87e-04	9.82e-02	3.44e-01	5.57e-01	1.84e-06	0.00e+00	2.09e-08	6.27e-08	1.04e-07	3.29e-04	6.58e-04	5.26e-24
 8.81671e+15	2.83e-07	1.16e-03	1.11e-01	3.60e-01	5.28e-01	1.81e-06	0.00e+00	2.60e-08	7.80e-08	1.30e-07	3.88e-04	7.76e-04	8.39e-24
 8.98857e+15	3.44e-07	1.36e-03	1.25e-01	3.75e-01	4.98e-01	1.77e-06	0.00e+00	3.17e-08	9.49e-08	1.58e-07	4.53e-04	9.07e-04	1.26e-23
 9.13520e+15	4.15e-07	1.57e-03	1.39e-01	3.89e-01	4.70e-01	1.74e-06	0.00e+00	3.82e-08	1.15e-07	1.91e-07	5.22e-04	1.05e-03	1.87e-23
 9.26752e+15	5.02e-07	1.80e-03	1.54e-01	4.01e-01	4.44e-01	1.73e-06	0.00e+00	4.62e-08	1.39e-07	2.31e-07	5.98e-04	1.20e-03	2.77e-23
 9.39325e+15	5.85e-07	2.03e-03	1.69e-01	4.11e-01	4.18e-01	1.70e-06	0.00e+00	5.40e-08	1.62e-07	2.70e-07	6.75e-04	1.35e-03	3.86e-23
 9.53368e+15	7.13e-07	2.31e-03	1.87e-01	4.22e-01	3.88e-01	1.66e-06	0.00e+00	6.58e-08	1.97e-07	3.29e-07	7.70e-04	1.54e-03	5.58e-23
 9.68563e+15	8.80e-07	2.74e-03	2.10e-01	4.33e-01	3.54e-01	1.62e-06	0.00e+00	8.13e-08	2.44e-07	4.06e-07	9.13e-04	1.83e-03	9.36e-23
 9.80537e+15	1.05e-06	3.10e-03	2.30e-01	4.41e-01	3.26e-01	1.63e-06	0.00e+00	9.74e-08	2.92e-07	4.87e-07	1.03e-03	2.07e-03	1.37e-22
 9.89468e+15	1.19e-06	3.41e-03	2.46e-01	4.46e-01	3.05e-01	1.62e-06	0.00e+00	1.10e-07	3.31e-07	5.51e-07	1.14e-03	2.27e-03	1.81e-22
 9.97526e+15	1.34e-06	3.71e-03	2.61e-01	4.49e-01	2.86e-01	1.60e-06	0.00e+00	1.24e-07	3.72e-07	6.21e-07	1.24e-03	2.47e-03	2.36e-22
 1.00511e+16	1.51e-06	4.01e-03	2.76e-01	4.52e-01	2.68e-01	1.58e-06	0.00e+00	1.40e-07	4.19e-07	6.98e-07	1.34e-03	2.67e-03	2.99e-22
 1.01373e+16	1.72e-06	4.42e-03	2.94e-01	4.55e-01	2.47e-01	1.54e-06	0.00e+00	1.60e-07	4.79e-07	7.97e-07	1.47e-03	2.94e-03	4.10e-22
 1.02252e+16	1.96e-06	4.78e-03	3.13e-01	4.56e-01	2.26e-01	1.50e-06	0.00e+00	1.81e-07	5.44e-07	9.06e-07	1.60e-03	3.19e-03	5.23e-22
 1.03017e+16	2.23e-06	5.28e-03	3.32e-01	4.56e-01	2.07e-01	1.48e-06	0.00e+00	2.07e-07	6.19e-07	1.03e-06	1.76e-03	3.52e-03	7.36e-22
 1.03667e+16	2.47e-06	5.67e-03	3.48e-01	4.56e-01	1.91e-01	1.46e-06	0.00e+00	2.30e-07	6.89e-07	1.15e-06	1.89e-03	3.78e-03	9.44e-22
 1.04218e+16	2.68e-06	5.95e-03	3.61e-01	4.55e-01	1.78e-01	1.43e-06	0.00e+00	2.49e-07	7.46e-07	1.24e-06	1.99e-03	3.97e-03	1.10e-21
 1.04847e+16	3.02e-06	6.48e-03	3.79e-01	4.53e-01	1.62e-01	1.38e-06	0.00e+00	2.81e-07	8.42e-07	1.40e-06	2.16e-03	4.32e-03	1.52e-21
 1.05484e+16	3.35e-06	6.92e-03	3.95e-01	4.50e-01	1.48e-01	1.35e-06	0.00e+00	3.11e-07	9.33e-07	1.55e-06	2.31e-03	4.61e-03	1.90e-21
 1.06131e+16	3.78e-06	7.49e-03	4.14e-01	4.46e-01	1.33e-01	1.29e-06	0.00e+00	3.52e-07	1.06e-06	1.76e-06	2.50e-03	4.99e-03	2.56e-21
 1.06794e+16	4.20e-06	7.92e-03	4.31e-01	4.42e-01	1.19e-01	1.24e-06	0.00e+00	3.91e-07	1.17e-06	1.95e-06	2.64e-03	5.28e-03	3.07e-21
 1.07478e+16	4.81e-06	8.68e-03	4.52e-01	4.36e-01	1.04e-01	1.16e-06	0.00e+00	4.49e-07	1.35e-06	2.24e-06	2.90e-03	5.79e-03	4.45e-21
 1.08119e+16	5.45e-06	9.28e-03	4.70e-01	4.29e-01	9.17e-02	1.11e-06	0.00e+00	5.08e-07	1.52e-06	2.54e-06	3.10e-03	6.19e-03	5.74e-21
 1.08595e+16	5.93e-06	9.70e-03	4.83e-01	4.25e-01	8.31e-02	1.06e-06	0.00e+00	5.54e-07	1.66e-06	2.77e-06	3.24e-03	6.46e-03	6.75e-21
 1.09105e+16	6.67e-06	1.04e-02	4.99e-01	4.18e-01	7.33e-02	9.87e-07	0.00e+00	6.23e-07	1.87e-06	3.11e-06	3.46e-03	6.91e-03	9.00e-21
 1.09646e+16	7.37e-06	1.09e-02	5.13e-01	4.11e-01	6.47e-02	0.00e+00	0.00e+00	6.89e-07	2.07e-06	3.44e-06	3.64e-03	7.26e-03	1.08e-20
