#depth	He	He+	He+2
 1.49634e+10	9.85e-23	6.74e-12	1.00e+00
 4.54887e+10	1.11e-22	7.30e-12	1.00e+00
 7.72350e+10	1.25e-22	7.92e-12	1.00e+00
 1.10251e+11	1.41e-22	8.58e-12	1.00e+00
 1.42308e+11	1.58e-22	9.26e-12	1.00e+00
 1.72652e+11	1.75e-22	9.92e-12	1.00e+00
 2.06490e+11	1.96e-22	1.07e-11	1.00e+00
 2.44676e+11	2.22e-22	1.16e-11	1.00e+00
 2.83272e+11	2.51e-22	1.26e-11	1.00e+00
 3.23412e+11	2.84e-22	1.36e-11	1.00e+00
 3.66275e+11	3.24e-22	1.48e-11	1.00e+00
 4.10853e+11	3.69e-22	1.60e-11	1.00e+00
 4.57214e+11	4.21e-22	1.74e-11	1.00e+00
 5.05429e+11	4.81e-22	1.89e-11	1.00e+00
 5.55573e+11	5.51e-22	2.06e-11	1.00e+00
 6.07723e+11	6.31e-22	2.24e-11	1.00e+00
 6.61958e+11	7.24e-22	2.43e-11	1.00e+00
 7.12935e+11	8.22e-22	2.63e-11	1.00e+00
 7.58494e+11	9.17e-22	2.81e-11	1.00e+00
 8.09626e+11	1.03e-21	3.02e-11	1.00e+00
 8.70260e+11	1.19e-21	3.28e-11	1.00e+00
 9.31216e+11	1.36e-21	3.56e-11	1.00e+00
 9.88383e+11	1.54e-21	3.83e-11	1.00e+00
 1.05162e+12	1.75e-21	4.14e-11	1.00e+00
 1.12361e+12	2.02e-21	4.52e-11	1.00e+00
 1.19540e+12	2.33e-21	4.92e-11	1.00e+00
 1.27006e+12	2.68e-21	5.35e-11	1.00e+00
 1.35079e+12	3.11e-21	5.85e-11	1.00e+00
 1.43475e+12	3.61e-21	6.39e-11	1.00e+00
 1.51390e+12	4.14e-21	6.93e-11	1.00e+00
 1.58511e+12	4.65e-21	7.44e-11	1.00e+00
 1.66528e+12	5.28e-21	8.05e-11	1.00e+00
 1.75978e+12	6.13e-21	8.79e-11	1.00e+00
 1.85424e+12	7.07e-21	9.59e-11	1.00e+00
 1.94316e+12	8.03e-21	1.04e-10	1.00e+00
 2.04149e+12	9.20e-21	1.13e-10	1.00e+00
 2.15308e+12	1.07e-20	1.24e-10	1.00e+00
 2.26338e+12	1.23e-20	1.36e-10	1.00e+00
 2.37809e+12	1.42e-20	1.48e-10	1.00e+00
 2.50314e+12	1.65e-20	1.63e-10	1.00e+00
 2.62933e+12	1.91e-20	1.79e-10	1.00e+00
 2.76056e+12	2.20e-20	1.97e-10	1.00e+00
 2.89589e+12	2.54e-20	2.16e-10	1.00e+00
 3.02867e+12	2.90e-20	2.36e-10	1.00e+00
 3.17179e+12	3.32e-20	2.59e-10	1.00e+00
 3.32859e+12	3.83e-20	2.87e-10	1.00e+00
 3.49166e+12	4.41e-20	3.17e-10	1.00e+00
 3.66125e+12	5.08e-20	3.50e-10	1.00e+00
 3.83763e+12	5.83e-20	3.87e-10	1.00e+00
 3.99708e+12	6.58e-20	4.23e-10	1.00e+00
 4.12980e+12	7.23e-20	4.55e-10	1.00e+00
 4.27515e+12	7.98e-20	4.91e-10	1.00e+00
 4.45941e+12	9.02e-20	5.40e-10	1.00e+00
 4.65173e+12	1.02e-19	5.94e-10	1.00e+00
 4.81481e+12	1.12e-19	6.43e-10	1.00e+00
 4.98238e+12	1.24e-19	6.95e-10	1.00e+00
 5.19361e+12	1.39e-19	7.65e-10	1.00e+00
 5.40828e+12	1.56e-19	8.40e-10	1.00e+00
 5.59215e+12	1.72e-19	9.08e-10	1.00e+00
 5.78924e+12	1.89e-19	9.85e-10	1.00e+00
 6.03362e+12	2.12e-19	1.09e-09	1.00e+00
 6.28437e+12	2.38e-19	1.19e-09	1.00e+00
 6.50967e+12	2.63e-19	1.30e-09	1.00e+00
 6.75698e+12	2.92e-19	1.42e-09	1.00e+00
 7.04967e+12	3.30e-19	1.57e-09	1.00e+00
 7.34310e+12	3.72e-19	1.72e-09	1.00e+00
 7.62100e+12	4.16e-19	1.88e-09	1.00e+00
 7.92848e+12	4.69e-19	2.06e-09	1.00e+00
 8.27555e+12	5.36e-19	2.28e-09	1.00e+00
 8.62170e+12	6.12e-19	2.51e-09	1.00e+00
 8.92726e+12	6.86e-19	2.73e-09	1.00e+00
 9.18343e+12	7.55e-19	2.91e-09	1.00e+00
 9.45904e+12	8.35e-19	3.12e-09	1.00e+00
 9.81732e+12	9.51e-19	3.40e-09	1.00e+00
 1.01921e+13	1.09e-18	3.72e-09	1.00e+00
 1.05117e+13	1.22e-18	3.99e-09	1.00e+00
 1.08506e+13	1.37e-18	4.29e-09	1.00e+00
 1.12779e+13	1.58e-18	4.70e-09	1.00e+00
 1.17182e+13	1.83e-18	5.13e-09	1.00e+00
 1.21046e+13	2.08e-18	5.53e-09	1.00e+00
 1.25230e+13	2.37e-18	5.98e-09	1.00e+00
 1.29865e+13	2.75e-18	6.50e-09	1.00e+00
 1.34160e+13	3.13e-18	7.00e-09	1.00e+00
 1.38817e+13	3.60e-18	7.57e-09	1.00e+00
 1.43996e+13	4.19e-18	8.23e-09	1.00e+00
 1.48828e+13	4.80e-18	8.87e-09	1.00e+00
 1.54083e+13	5.55e-18	9.60e-09	1.00e+00
 1.59928e+13	6.50e-18	1.04e-08	1.00e+00
 1.65392e+13	7.49e-18	1.13e-08	1.00e+00
 1.71348e+13	8.70e-18	1.22e-08	1.00e+00
 1.77998e+13	1.02e-17	1.33e-08	1.00e+00
 1.84257e+13	1.19e-17	1.44e-08	1.00e+00
 1.91098e+13	1.39e-17	1.56e-08	1.00e+00
 1.98761e+13	1.64e-17	1.70e-08	1.00e+00
 2.06021e+13	1.92e-17	1.84e-08	1.00e+00
 2.13825e+13	2.25e-17	2.00e-08	1.00e+00
 2.22677e+13	2.68e-17	2.19e-08	1.00e+00
 2.31405e+13	3.16e-17	2.38e-08	1.00e+00
 2.40481e+13	3.73e-17	2.59e-08	1.00e+00
 2.50400e+13	4.44e-17	2.83e-08	1.00e+00
 2.60715e+13	5.25e-17	3.09e-08	1.00e+00
 2.70800e+13	6.19e-17	3.35e-08	1.00e+00
 2.79982e+13	7.13e-17	3.60e-08	1.00e+00
 2.88145e+13	8.06e-17	3.83e-08	1.00e+00
 2.96902e+13	9.14e-17	4.08e-08	1.00e+00
 3.08039e+13	1.07e-16	4.41e-08	1.00e+00
 3.19372e+13	1.24e-16	4.77e-08	1.00e+00
 3.28929e+13	1.41e-16	5.08e-08	1.00e+00
 3.39071e+13	1.59e-16	5.41e-08	1.00e+00
 3.51849e+13	1.86e-16	5.84e-08	1.00e+00
 3.64908e+13	2.17e-16	6.31e-08	1.00e+00
 3.76063e+13	2.45e-16	6.71e-08	1.00e+00
 3.87891e+13	2.78e-16	7.16e-08	1.00e+00
 4.02617e+13	3.23e-16	7.72e-08	1.00e+00
 4.17720e+13	3.77e-16	8.35e-08	1.00e+00
 4.30960e+13	4.27e-16	8.89e-08	1.00e+00
 4.45168e+13	4.87e-16	9.49e-08	1.00e+00
 4.62412e+13	5.66e-16	1.02e-07	1.00e+00
 4.79930e+13	6.60e-16	1.11e-07	1.00e+00
 4.95804e+13	7.50e-16	1.18e-07	1.00e+00
 5.13214e+13	8.59e-16	1.26e-07	1.00e+00
 5.33665e+13	1.00e-15	1.37e-07	1.00e+00
 5.54121e+13	1.17e-15	1.47e-07	1.00e+00
 5.73535e+13	1.33e-15	1.58e-07	1.00e+00
 5.94917e+13	1.54e-15	1.69e-07	1.00e+00
 6.19013e+13	1.80e-15	1.84e-07	1.00e+00
 6.43287e+13	2.09e-15	1.98e-07	1.00e+00
 6.68532e+13	2.42e-15	2.13e-07	1.00e+00
 6.95573e+13	2.82e-15	2.31e-07	1.00e+00
 7.23695e+13	3.29e-15	2.49e-07	1.00e+00
 7.50990e+13	3.81e-15	2.68e-07	1.00e+00
 7.76769e+13	4.33e-15	2.86e-07	1.00e+00
 8.01171e+13	4.88e-15	3.04e-07	1.00e+00
 8.27811e+13	5.54e-15	3.24e-07	1.00e+00
 8.57413e+13	6.35e-15	3.48e-07	1.00e+00
 8.85151e+13	7.18e-15	3.70e-07	1.00e+00
 9.15497e+13	8.16e-15	3.95e-07	1.00e+00
 9.49764e+13	9.41e-15	4.25e-07	1.00e+00
 9.82713e+13	1.07e-14	4.55e-07	1.00e+00
 1.01867e+14	1.23e-14	4.88e-07	1.00e+00
 1.05971e+14	1.44e-14	5.28e-07	1.00e+00
 1.09991e+14	1.66e-14	5.69e-07	1.00e+00
 1.14171e+14	1.92e-14	6.12e-07	1.00e+00
 1.18377e+14	2.21e-14	6.58e-07	1.00e+00
 1.22084e+14	2.48e-14	7.00e-07	1.00e+00
 1.26119e+14	2.82e-14	7.47e-07	1.00e+00
 1.30983e+14	3.27e-14	8.07e-07	1.00e+00
 1.35813e+14	3.76e-14	8.67e-07	1.00e+00
 1.40132e+14	4.24e-14	9.24e-07	1.00e+00
 1.44897e+14	4.83e-14	9.89e-07	1.00e+00
 1.50558e+14	5.61e-14	1.07e-06	1.00e+00
 1.56145e+14	6.45e-14	1.15e-06	1.00e+00
 1.61250e+14	7.30e-14	1.23e-06	1.00e+00
 1.66962e+14	8.34e-14	1.32e-06	1.00e+00
 1.73609e+14	9.69e-14	1.43e-06	1.00e+00
 1.80139e+14	1.12e-13	1.54e-06	1.00e+00
 1.86293e+14	1.27e-13	1.65e-06	1.00e+00
 1.93137e+14	1.46e-13	1.77e-06	1.00e+00
 2.00892e+14	1.69e-13	1.92e-06	1.00e+00
 2.08649e+14	1.95e-13	2.08e-06	1.00e+00
 2.15895e+14	2.22e-13	2.22e-06	1.00e+00
 2.23740e+14	2.53e-13	2.39e-06	1.00e+00
 2.32720e+14	2.93e-13	2.59e-06	1.00e+00
 2.41185e+14	3.35e-13	2.78e-06	1.00e+00
 2.48810e+14	3.75e-13	2.97e-06	1.00e+00
 2.56017e+14	4.17e-13	3.14e-06	1.00e+00
 2.63998e+14	4.67e-13	3.34e-06	1.00e+00
 2.72915e+14	5.26e-13	3.58e-06	1.00e+00
 2.81313e+14	5.88e-13	3.80e-06	1.00e+00
 2.90493e+14	6.61e-13	4.06e-06	1.00e+00
 3.00742e+14	7.49e-13	4.36e-06	1.00e+00
 3.10462e+14	8.39e-13	4.65e-06	1.00e+00
 3.21179e+14	9.46e-13	4.98e-06	1.00e+00
 3.33023e+14	1.08e-12	5.36e-06	1.00e+00
 3.43979e+14	1.21e-12	5.73e-06	1.00e+00
 3.55870e+14	1.36e-12	6.14e-06	1.00e+00
 3.69133e+14	1.55e-12	6.62e-06	1.00e+00
 3.81541e+14	1.74e-12	7.08e-06	1.00e+00
 3.95032e+14	1.97e-12	7.61e-06	1.00e+00
 4.10025e+14	2.24e-12	8.21e-06	1.00e+00
 4.24051e+14	2.52e-12	8.80e-06	1.00e+00
 4.39338e+14	2.85e-12	9.46e-06	1.00e+00
 4.56450e+14	3.26e-12	1.02e-05	1.00e+00
 4.72603e+14	3.68e-12	1.10e-05	1.00e+00
 4.89894e+14	4.18e-12	1.19e-05	1.00e+00
 5.09106e+14	4.78e-12	1.29e-05	1.00e+00
 5.27761e+14	5.41e-12	1.39e-05	1.00e+00
 5.47577e+14	6.15e-12	1.50e-05	1.00e+00
 5.69510e+14	7.06e-12	1.63e-05	1.00e+00
 5.91026e+14	8.04e-12	1.76e-05	1.00e+00
 6.08750e+14	8.94e-12	1.88e-05	1.00e+00
 6.22947e+14	9.69e-12	1.97e-05	1.00e+00
 6.38604e+14	1.06e-11	2.08e-05	1.00e+00
 6.58959e+14	1.19e-11	2.23e-05	1.00e+00
 6.80819e+14	1.33e-11	2.39e-05	1.00e+00
 7.00281e+14	1.47e-11	2.54e-05	1.00e+00
 7.21225e+14	1.64e-11	2.71e-05	1.00e+00
 7.47738e+14	1.88e-11	2.94e-05	1.00e+00
 7.74586e+14	2.12e-11	3.17e-05	1.00e+00
 7.97477e+14	2.37e-11	3.39e-05	1.00e+00
 8.22135e+14	2.64e-11	3.62e-05	1.00e+00
 8.52808e+14	3.04e-11	3.94e-05	1.00e+00
 8.84130e+14	3.48e-11	4.27e-05	1.00e+00
 9.11667e+14	3.90e-11	4.58e-05	1.00e+00
 9.41457e+14	4.39e-11	4.92e-05	1.00e+00
 9.77476e+14	5.09e-11	5.36e-05	1.00e+00
 1.01325e+15	5.83e-11	5.81e-05	1.00e+00
 1.04504e+15	6.55e-11	6.23e-05	1.00e+00
 1.08001e+15	7.46e-11	6.72e-05	1.00e+00
 1.12178e+15	8.62e-11	7.33e-05	1.00e+00
 1.16336e+15	9.93e-11	7.96e-05	1.00e+00
 1.20137e+15	1.12e-10	8.55e-05	1.00e+00
 1.24377e+15	1.29e-10	9.26e-05	1.00e+00
 1.29310e+15	1.49e-10	1.01e-04	1.00e+00
 1.34165e+15	1.72e-10	1.10e-04	1.00e+00
 1.38777e+15	1.97e-10	1.19e-04	1.00e+00
 1.43895e+15	2.28e-10	1.29e-04	1.00e+00
 1.48718e+15	2.56e-10	1.39e-04	1.00e+00
 1.52332e+15	2.83e-10	1.47e-04	1.00e+00
 1.56042e+15	3.13e-10	1.55e-04	1.00e+00
 1.60866e+15	3.54e-10	1.66e-04	1.00e+00
 1.66078e+15	4.02e-10	1.79e-04	1.00e+00
 1.70750e+15	4.48e-10	1.90e-04	1.00e+00
 1.75780e+15	5.02e-10	2.03e-04	1.00e+00
 1.82197e+15	5.81e-10	2.20e-04	1.00e+00
 1.88704e+15	6.71e-10	2.38e-04	1.00e+00
 1.94161e+15	7.51e-10	2.54e-04	1.00e+00
 1.99967e+15	8.45e-10	2.71e-04	1.00e+00
 2.07315e+15	9.63e-10	2.94e-04	1.00e+00
 2.15081e+15	1.14e-09	3.20e-04	1.00e+00
 2.22066e+15	1.29e-09	3.43e-04	1.00e+00
 2.29622e+15	1.47e-09	3.69e-04	1.00e+00
 2.38573e+15	1.73e-09	4.03e-04	1.00e+00
 2.47361e+15	2.00e-09	4.36e-04	1.00e+00
 2.55361e+15	2.28e-09	4.68e-04	1.00e+00
 2.64308e+15	2.59e-09	5.05e-04	9.99e-01
 2.74753e+15	3.08e-09	5.51e-04	9.99e-01
 2.85053e+15	3.57e-09	5.97e-04	9.99e-01
 2.94803e+15	4.10e-09	6.43e-04	9.99e-01
 3.05637e+15	4.70e-09	6.96e-04	9.99e-01
 3.17866e+15	5.64e-09	7.60e-04	9.99e-01
 3.28134e+15	6.42e-09	8.15e-04	9.99e-01
 3.35541e+15	7.04e-09	8.56e-04	9.99e-01
 3.43299e+15	7.74e-09	9.00e-04	9.99e-01
 3.53383e+15	8.59e-09	9.58e-04	9.99e-01
 3.64628e+15	9.95e-09	1.03e-03	9.99e-01
 3.75113e+15	1.12e-08	1.09e-03	9.99e-01
 3.86477e+15	1.24e-08	1.17e-03	9.99e-01
 3.99288e+15	1.45e-08	1.25e-03	9.99e-01
 4.11439e+15	1.64e-08	1.34e-03	9.99e-01
 4.24691e+15	1.84e-08	1.43e-03	9.99e-01
 4.39593e+15	2.17e-08	1.55e-03	9.98e-01
 4.53664e+15	2.45e-08	1.66e-03	9.98e-01
 4.68982e+15	2.79e-08	1.78e-03	9.98e-01
 4.85875e+15	3.22e-08	1.93e-03	9.98e-01
 5.01474e+15	3.76e-08	2.07e-03	9.98e-01
 5.18413e+15	4.30e-08	2.23e-03	9.98e-01
 5.37183e+15	4.93e-08	2.41e-03	9.98e-01
 5.54781e+15	5.65e-08	2.59e-03	9.97e-01
 5.74106e+15	6.68e-08	2.80e-03	9.97e-01
 5.95270e+15	7.73e-08	3.03e-03	9.97e-01
 6.14191e+15	8.74e-08	3.26e-03	9.97e-01
 6.31547e+15	9.87e-08	3.47e-03	9.97e-01
 6.51503e+15	1.15e-07	3.74e-03	9.96e-01
 6.73751e+15	1.32e-07	4.03e-03	9.96e-01
 6.92938e+15	1.48e-07	4.30e-03	9.96e-01
 7.09311e+15	1.64e-07	4.55e-03	9.95e-01
 7.28066e+15	1.84e-07	4.85e-03	9.95e-01
 7.48981e+15	2.13e-07	5.19e-03	9.95e-01
 7.67950e+15	2.36e-07	5.51e-03	9.94e-01
 7.87858e+15	2.63e-07	5.88e-03	9.94e-01
 8.13738e+15	3.12e-07	6.39e-03	9.94e-01
 8.39000e+15	3.57e-07	6.90e-03	9.93e-01
 8.58753e+15	3.99e-07	7.33e-03	9.93e-01
 8.79724e+15	4.49e-07	7.83e-03	9.92e-01
 9.06988e+15	5.11e-07	8.51e-03	9.91e-01
 9.35017e+15	6.07e-07	9.27e-03	9.91e-01
 9.57739e+15	6.79e-07	9.93e-03	9.90e-01
 9.80972e+15	7.63e-07	1.07e-02	9.89e-01
 1.01117e+16	9.17e-07	1.18e-02	9.88e-01
 1.04030e+16	1.05e-06	1.28e-02	9.87e-01
 1.06207e+16	1.18e-06	1.38e-02	9.86e-01
 1.08444e+16	1.36e-06	1.48e-02	9.85e-01
 1.10921e+16	1.54e-06	1.61e-02	9.84e-01
 1.13254e+16	1.75e-06	1.74e-02	9.83e-01
 1.15449e+16	1.99e-06	1.88e-02	9.81e-01
 1.17429e+16	2.26e-06	2.02e-02	9.80e-01
 1.19086e+16	2.47e-06	2.15e-02	9.79e-01
 1.20816e+16	2.75e-06	2.29e-02	9.77e-01
 1.23064e+16	3.22e-06	2.51e-02	9.75e-01
 1.25466e+16	3.76e-06	2.77e-02	9.72e-01
 1.27562e+16	4.38e-06	3.04e-02	9.70e-01
 1.29423e+16	4.99e-06	3.30e-02	9.67e-01
 1.31148e+16	5.67e-06	3.59e-02	9.64e-01
 1.32775e+16	6.43e-06	3.89e-02	9.61e-01
 1.34615e+16	7.30e-06	4.29e-02	9.57e-01
 1.37007e+16	9.11e-06	4.91e-02	9.51e-01
 1.39250e+16	1.11e-05	5.61e-02	9.44e-01
 1.40774e+16	1.27e-05	6.20e-02	9.38e-01
 1.42228e+16	1.51e-05	6.87e-02	9.31e-01
 1.43817e+16	1.76e-05	7.73e-02	9.23e-01
 1.45290e+16	2.09e-05	8.69e-02	9.13e-01
 1.46626e+16	2.48e-05	9.73e-02	9.03e-01
 1.47796e+16	2.96e-05	1.08e-01	8.92e-01
 1.48696e+16	3.35e-05	1.18e-01	8.82e-01
 1.49527e+16	3.79e-05	1.28e-01	8.72e-01
 1.50608e+16	4.38e-05	1.44e-01	8.56e-01
 1.52012e+16	5.60e-05	1.69e-01	8.31e-01
 1.53090e+16	6.60e-05	1.92e-01	8.08e-01
 1.53567e+16	7.31e-05	2.03e-01	7.97e-01
 1.53924e+16	7.80e-05	2.13e-01	7.87e-01
 1.54301e+16	8.37e-05	2.24e-01	7.76e-01
 1.54791e+16	9.21e-05	2.39e-01	7.61e-01
 1.55427e+16	1.04e-04	2.61e-01	7.39e-01
 1.56084e+16	1.19e-04	2.85e-01	7.15e-01
 1.56618e+16	1.31e-04	3.07e-01	6.93e-01
 1.57165e+16	1.47e-04	3.33e-01	6.67e-01
 1.57758e+16	1.68e-04	3.62e-01	6.38e-01
 1.58245e+16	1.83e-04	3.87e-01	6.13e-01
 1.58710e+16	2.04e-04	4.14e-01	5.86e-01
 1.59217e+16	2.26e-04	4.43e-01	5.57e-01
 1.59777e+16	2.53e-04	4.78e-01	5.22e-01
 1.60386e+16	2.84e-04	5.17e-01	4.83e-01
 1.60937e+16	3.15e-04	5.53e-01	4.47e-01
 1.61537e+16	3.52e-04	5.93e-01	4.07e-01
 1.62195e+16	3.93e-04	6.35e-01	3.65e-01
 1.62812e+16	4.33e-04	6.73e-01	3.27e-01
 1.63496e+16	4.78e-04	7.13e-01	2.86e-01
 1.64386e+16	5.38e-04	7.61e-01	2.39e-01
 1.65318e+16	5.97e-04	8.03e-01	1.97e-01
 1.66153e+16	6.49e-04	8.35e-01	1.64e-01
 1.67087e+16	7.05e-04	8.66e-01	1.34e-01
 1.68302e+16	7.74e-04	8.96e-01	1.03e-01
 1.69371e+16	8.29e-04	9.16e-01	8.31e-02
 1.70021e+16	8.61e-04	9.26e-01	7.32e-02
 1.70634e+16	8.93e-04	9.35e-01	6.45e-02
 1.71430e+16	9.33e-04	9.44e-01	5.50e-02
 1.72466e+16	9.87e-04	9.54e-01	4.50e-02
 1.73522e+16	1.04e-03	9.62e-01	3.73e-02
 1.74368e+16	1.09e-03	9.67e-01	3.23e-02
 1.75233e+16	1.13e-03	9.71e-01	2.77e-02
 1.76357e+16	1.20e-03	9.76e-01	2.30e-02
 1.77384e+16	1.26e-03	9.79e-01	1.97e-02
 1.78033e+16	1.31e-03	9.81e-01	1.79e-02
 1.78624e+16	1.35e-03	9.82e-01	1.63e-02
 1.79393e+16	1.41e-03	9.84e-01	1.45e-02
 1.80212e+16	1.47e-03	9.86e-01	1.29e-02
 1.80892e+16	1.53e-03	9.87e-01	1.18e-02
 1.81466e+16	1.59e-03	9.88e-01	1.09e-02
 1.82102e+16	1.65e-03	9.88e-01	9.97e-03
 1.82806e+16	1.73e-03	9.89e-01	9.07e-03
 1.83446e+16	1.81e-03	9.90e-01	8.37e-03
 1.84008e+16	1.88e-03	9.90e-01	7.78e-03
 1.84620e+16	1.97e-03	9.91e-01	7.19e-03
 1.85284e+16	2.07e-03	9.91e-01	6.61e-03
 1.85866e+16	2.17e-03	9.92e-01	6.17e-03
 1.86370e+16	2.26e-03	9.92e-01	5.80e-03
 1.86920e+16	2.37e-03	9.92e-01	5.43e-03
 1.87522e+16	2.50e-03	9.92e-01	5.05e-03
 1.88055e+16	2.63e-03	9.93e-01	4.75e-03
 1.88526e+16	2.75e-03	9.93e-01	4.50e-03
 1.89050e+16	2.90e-03	9.93e-01	4.23e-03
 1.89617e+16	3.08e-03	9.93e-01	3.97e-03
 1.90112e+16	3.26e-03	9.93e-01	3.76e-03
 1.90548e+16	3.43e-03	9.93e-01	3.58e-03
 1.91039e+16	3.63e-03	9.93e-01	3.39e-03
 1.91577e+16	3.89e-03	9.93e-01	3.20e-03
 1.92058e+16	4.15e-03	9.93e-01	3.04e-03
 1.92487e+16	4.41e-03	9.93e-01	2.90e-03
 1.92967e+16	4.73e-03	9.93e-01	2.75e-03
 1.93499e+16	5.14e-03	9.92e-01	2.61e-03
 1.93992e+16	5.59e-03	9.92e-01	2.48e-03
 1.94440e+16	6.06e-03	9.92e-01	2.36e-03
 1.94874e+16	6.58e-03	9.91e-01	2.26e-03
 1.95370e+16	7.26e-03	9.91e-01	2.15e-03
 1.95885e+16	8.12e-03	9.90e-01	2.05e-03
 1.96297e+16	8.97e-03	9.89e-01	1.97e-03
 1.96612e+16	9.71e-03	9.88e-01	1.92e-03
 1.96927e+16	1.06e-02	9.88e-01	1.86e-03
 1.97274e+16	1.17e-02	9.87e-01	1.80e-03
 1.97579e+16	1.29e-02	9.85e-01	1.75e-03
 1.97834e+16	1.39e-02	9.84e-01	1.72e-03
 1.98107e+16	1.53e-02	9.83e-01	1.68e-03
 1.98404e+16	1.71e-02	9.81e-01	1.64e-03
 1.98659e+16	1.89e-02	9.79e-01	1.61e-03
 1.98872e+16	2.07e-02	9.78e-01	1.59e-03
 1.99101e+16	2.28e-02	9.76e-01	1.56e-03
 1.99353e+16	2.57e-02	9.73e-01	1.54e-03
 1.99578e+16	2.87e-02	9.70e-01	1.53e-03
 1.99768e+16	3.18e-02	9.67e-01	1.52e-03
 1.99972e+16	3.56e-02	9.63e-01	1.51e-03
 2.00193e+16	4.05e-02	9.58e-01	1.51e-03
 2.00384e+16	4.57e-02	9.53e-01	1.51e-03
 2.00541e+16	5.05e-02	9.48e-01	1.52e-03
 2.00701e+16	5.65e-02	9.42e-01	1.53e-03
 2.00871e+16	6.36e-02	9.35e-01	1.55e-03
 2.01028e+16	7.14e-02	9.27e-01	1.57e-03
 2.01168e+16	7.96e-02	9.19e-01	1.59e-03
 2.01299e+16	8.82e-02	9.10e-01	1.62e-03
 2.01423e+16	9.76e-02	9.01e-01	1.64e-03
 2.01534e+16	1.07e-01	8.91e-01	1.68e-03
 2.01634e+16	1.16e-01	8.82e-01	1.70e-03
 2.01726e+16	1.26e-01	8.72e-01	1.73e-03
 2.01800e+16	1.34e-01	8.64e-01	1.75e-03
 2.01850e+16	1.40e-01	8.58e-01	1.77e-03
 2.01896e+16	1.46e-01	8.52e-01	1.78e-03
 2.01949e+16	1.53e-01	8.45e-01	1.80e-03
 2.02005e+16	1.62e-01	8.37e-01	1.82e-03
 2.02061e+16	1.70e-01	8.28e-01	1.84e-03
 2.02112e+16	1.78e-01	8.20e-01	1.86e-03
 2.02164e+16	1.87e-01	8.11e-01	1.88e-03
 2.02215e+16	1.96e-01	8.02e-01	1.90e-03
 2.02267e+16	2.05e-01	7.93e-01	1.92e-03
 2.02318e+16	2.16e-01	7.82e-01	1.94e-03
 2.02367e+16	2.26e-01	7.72e-01	1.96e-03
 2.02416e+16	2.36e-01	7.62e-01	1.98e-03
 2.02465e+16	2.48e-01	7.50e-01	2.00e-03
 2.02513e+16	2.59e-01	7.39e-01	2.02e-03
 2.02561e+16	2.71e-01	7.27e-01	2.04e-03
 2.02608e+16	2.83e-01	7.15e-01	2.06e-03
 2.02655e+16	2.96e-01	7.02e-01	2.08e-03
 2.02702e+16	3.09e-01	6.89e-01	2.09e-03
 2.02747e+16	3.23e-01	6.75e-01	2.11e-03
 2.02792e+16	3.36e-01	6.61e-01	2.12e-03
 2.02837e+16	3.51e-01	6.47e-01	2.14e-03
 2.02882e+16	3.65e-01	6.33e-01	2.15e-03
 2.02926e+16	3.80e-01	6.18e-01	2.16e-03
 2.02969e+16	3.95e-01	6.03e-01	2.17e-03
 2.03012e+16	4.10e-01	5.88e-01	2.18e-03
 2.03055e+16	4.26e-01	5.72e-01	2.18e-03
 2.03097e+16	4.41e-01	5.56e-01	2.19e-03
 2.03138e+16	4.57e-01	5.41e-01	2.19e-03
 2.03179e+16	4.73e-01	5.25e-01	2.19e-03
 2.03220e+16	4.89e-01	5.09e-01	2.19e-03
 2.03259e+16	5.05e-01	4.93e-01	2.19e-03
 2.03298e+16	5.20e-01	4.78e-01	2.19e-03
 2.03336e+16	5.35e-01	4.63e-01	2.18e-03
 2.03372e+16	5.50e-01	4.48e-01	2.17e-03
 2.03409e+16	5.65e-01	4.33e-01	2.16e-03
 2.03445e+16	5.79e-01	4.18e-01	2.15e-03
 2.03481e+16	5.94e-01	4.04e-01	2.13e-03
 2.03515e+16	6.08e-01	3.90e-01	2.12e-03
 2.03550e+16	6.22e-01	3.76e-01	2.10e-03
 2.03584e+16	6.35e-01	3.63e-01	2.08e-03
 2.03617e+16	6.49e-01	3.49e-01	2.06e-03
 2.03651e+16	6.61e-01	3.36e-01	2.04e-03
 2.03683e+16	6.74e-01	3.24e-01	2.02e-03
 2.03715e+16	6.86e-01	3.12e-01	1.99e-03
 2.03747e+16	6.98e-01	3.00e-01	1.96e-03
 2.03779e+16	7.10e-01	2.88e-01	1.93e-03
 2.03811e+16	7.21e-01	2.77e-01	1.90e-03
 2.03843e+16	7.32e-01	2.66e-01	1.87e-03
 2.03874e+16	7.43e-01	2.55e-01	1.84e-03
 2.03906e+16	7.53e-01	2.45e-01	1.81e-03
 2.03934e+16	7.62e-01	2.36e-01	1.78e-03
 2.03956e+16	7.69e-01	2.29e-01	1.75e-03
 2.03977e+16	7.76e-01	2.22e-01	1.72e-03
 2.03999e+16	7.83e-01	2.15e-01	1.69e-03
 2.04021e+16	7.89e-01	2.09e-01	1.67e-03
 2.04042e+16	7.95e-01	2.03e-01	1.64e-03
 2.04062e+16	8.01e-01	1.97e-01	1.61e-03
 2.04082e+16	8.07e-01	1.92e-01	1.59e-03
 2.04102e+16	8.12e-01	1.87e-01	1.56e-03
 2.04121e+16	8.17e-01	1.82e-01	1.54e-03
 2.04139e+16	8.22e-01	1.77e-01	1.51e-03
 2.04157e+16	8.26e-01	1.72e-01	1.49e-03
 2.04175e+16	8.30e-01	1.68e-01	1.46e-03
 2.04193e+16	8.35e-01	1.64e-01	1.44e-03
 2.04210e+16	8.39e-01	1.60e-01	1.42e-03
 2.04227e+16	8.43e-01	1.56e-01	1.39e-03
 2.04244e+16	8.46e-01	1.52e-01	1.37e-03
 2.04261e+16	8.50e-01	1.49e-01	1.35e-03
 2.04278e+16	8.53e-01	1.45e-01	1.32e-03
 2.04295e+16	8.57e-01	1.42e-01	1.30e-03
 2.04311e+16	8.60e-01	1.39e-01	1.28e-03
 2.04328e+16	8.63e-01	1.35e-01	1.26e-03
 2.04345e+16	8.66e-01	1.32e-01	1.24e-03
 2.04362e+16	8.69e-01	1.29e-01	1.22e-03
 2.04379e+16	8.72e-01	1.26e-01	1.19e-03
 2.04397e+16	8.75e-01	1.23e-01	1.17e-03
 2.04415e+16	8.78e-01	1.20e-01	1.15e-03
 2.04434e+16	8.81e-01	1.17e-01	1.13e-03
 2.04454e+16	8.84e-01	1.14e-01	1.10e-03
 2.04475e+16	8.87e-01	1.11e-01	1.08e-03
 2.04498e+16	8.91e-01	1.08e-01	1.06e-03
 2.04523e+16	8.94e-01	1.05e-01	1.03e-03
 2.04552e+16	8.98e-01	1.01e-01	9.99e-04
 2.04585e+16	9.01e-01	9.76e-02	9.66e-04
 2.04621e+16	9.05e-01	9.38e-02	9.33e-04
 2.04659e+16	9.09e-01	9.02e-02	9.00e-04
 2.04696e+16	9.12e-01	8.68e-02	8.69e-04
 2.04733e+16	9.15e-01	8.37e-02	8.38e-04
 2.04769e+16	9.18e-01	8.10e-02	8.11e-04
 2.04803e+16	9.21e-01	7.86e-02	7.87e-04
 2.04833e+16	9.23e-01	7.67e-02	7.67e-04
 2.04866e+16	9.25e-01	7.45e-02	7.44e-04
 2.04901e+16	9.27e-01	7.26e-02	7.24e-04
 2.04934e+16	9.28e-01	7.10e-02	7.07e-04
 2.04970e+16	9.30e-01	6.92e-02	6.87e-04
 2.05008e+16	9.32e-01	6.76e-02	6.70e-04
 2.05043e+16	9.33e-01	6.62e-02	6.55e-04
 2.05081e+16	9.35e-01	6.48e-02	6.38e-04
 2.05123e+16	9.36e-01	6.35e-02	6.23e-04
 2.05160e+16	9.37e-01	6.24e-02	6.10e-04
 2.05201e+16	9.38e-01	6.12e-02	5.96e-04
 2.05255e+16	9.40e-01	5.99e-02	5.80e-04
 2.05313e+16	9.41e-01	5.87e-02	5.67e-04
 2.05366e+16	9.42e-01	5.78e-02	5.54e-04
 2.05423e+16	9.43e-01	5.67e-02	5.40e-04
 2.05498e+16	9.44e-01	5.56e-02	5.26e-04
 2.05579e+16	9.45e-01	5.47e-02	5.13e-04
 2.05653e+16	9.46e-01	5.39e-02	5.02e-04
 2.05734e+16	9.47e-01	5.30e-02	4.88e-04
 2.05839e+16	9.47e-01	5.21e-02	4.75e-04
 2.05952e+16	9.48e-01	5.13e-02	4.62e-04
 2.06055e+16	9.49e-01	5.06e-02	4.51e-04
 2.06168e+16	9.50e-01	4.98e-02	4.38e-04
 2.06290e+16	9.50e-01	4.91e-02	4.27e-04
 2.06401e+16	9.51e-01	4.85e-02	4.17e-04
 2.06523e+16	9.52e-01	4.79e-02	4.05e-04
 2.06654e+16	9.52e-01	4.72e-02	3.94e-04
 2.06774e+16	9.53e-01	4.66e-02	3.84e-04
 2.06905e+16	9.54e-01	4.59e-02	3.72e-04
 2.07046e+16	9.54e-01	4.52e-02	3.62e-04
 2.07175e+16	9.55e-01	4.46e-02	3.52e-04
 2.07292e+16	9.56e-01	4.41e-02	3.43e-04
 2.07420e+16	9.56e-01	4.34e-02	3.33e-04
 2.07559e+16	9.57e-01	4.28e-02	3.24e-04
 2.07685e+16	9.57e-01	4.23e-02	3.15e-04
 2.07800e+16	9.58e-01	4.17e-02	3.08e-04
 2.07925e+16	9.59e-01	4.12e-02	2.99e-04
 2.08061e+16	9.59e-01	4.06e-02	2.91e-04
 2.08185e+16	9.60e-01	4.01e-02	2.83e-04
 2.08320e+16	9.60e-01	3.95e-02	2.75e-04
 2.08466e+16	9.61e-01	3.89e-02	2.67e-04
 2.08599e+16	9.61e-01	3.83e-02	2.59e-04
 2.08720e+16	9.62e-01	3.79e-02	2.53e-04
 2.08852e+16	9.62e-01	3.73e-02	2.45e-04
 2.08996e+16	9.63e-01	3.68e-02	2.38e-04
 2.09126e+16	9.64e-01	3.63e-02	2.32e-04
 2.09244e+16	9.64e-01	3.58e-02	2.26e-04
 2.09374e+16	9.64e-01	3.53e-02	2.20e-04
 2.09514e+16	9.65e-01	3.48e-02	2.14e-04
 2.09642e+16	9.65e-01	3.44e-02	2.08e-04
 2.09782e+16	9.66e-01	3.38e-02	2.02e-04
 2.09933e+16	9.66e-01	3.33e-02	1.96e-04
 2.10070e+16	9.67e-01	3.29e-02	1.91e-04
 2.10221e+16	9.67e-01	3.24e-02	1.85e-04
 2.10383e+16	9.68e-01	3.19e-02	1.79e-04
 2.10531e+16	9.68e-01	3.14e-02	1.74e-04
 2.10666e+16	9.69e-01	3.10e-02	1.70e-04
 2.10813e+16	9.69e-01	3.05e-02	1.65e-04
 2.10972e+16	9.70e-01	3.01e-02	1.60e-04
 2.11117e+16	9.70e-01	2.97e-02	1.56e-04
 2.11276e+16	9.71e-01	2.92e-02	1.51e-04
 2.11447e+16	9.71e-01	2.87e-02	1.46e-04
 2.11603e+16	9.72e-01	2.83e-02	1.42e-04
 2.11745e+16	9.72e-01	2.79e-02	1.38e-04
 2.11900e+16	9.72e-01	2.75e-02	1.34e-04
 2.12068e+16	9.73e-01	2.71e-02	1.30e-04
 2.12221e+16	9.73e-01	2.67e-02	1.26e-04
 2.12389e+16	9.74e-01	2.63e-02	1.22e-04
 2.12569e+16	9.74e-01	2.58e-02	1.18e-04
 2.12734e+16	9.74e-01	2.55e-02	1.15e-04
 2.12914e+16	9.75e-01	2.50e-02	1.11e-04
 2.13108e+16	9.75e-01	2.46e-02	1.07e-04
 2.13286e+16	9.76e-01	2.42e-02	1.04e-04
 2.13447e+16	9.76e-01	2.39e-02	1.01e-04
 2.13623e+16	9.76e-01	2.35e-02	9.81e-05
 2.13814e+16	9.77e-01	2.31e-02	9.50e-05
 2.13987e+16	9.77e-01	2.28e-02	9.22e-05
 2.14177e+16	9.78e-01	2.24e-02	8.91e-05
 2.14382e+16	9.78e-01	2.20e-02	8.62e-05
 2.14569e+16	9.78e-01	2.16e-02	8.35e-05
 2.14774e+16	9.79e-01	2.12e-02	8.06e-05
 2.14995e+16	9.79e-01	2.09e-02	7.77e-05
 2.15196e+16	9.79e-01	2.05e-02	7.52e-05
 2.15416e+16	9.80e-01	2.01e-02	7.24e-05
 2.15654e+16	9.80e-01	1.97e-02	6.97e-05
 2.15870e+16	9.81e-01	1.94e-02	6.74e-05
 2.16067e+16	9.81e-01	1.91e-02	6.53e-05
 2.16283e+16	9.81e-01	1.87e-02	6.30e-05
 2.16516e+16	9.82e-01	1.84e-02	6.08e-05
 2.16728e+16	9.82e-01	1.81e-02	5.88e-05
 2.16960e+16	9.82e-01	1.78e-02	5.67e-05
 2.17211e+16	9.83e-01	1.74e-02	5.45e-05
 2.17439e+16	9.83e-01	1.71e-02	5.27e-05
 2.17689e+16	9.83e-01	1.68e-02	5.07e-05
 2.17959e+16	9.84e-01	1.64e-02	4.87e-05
 2.18205e+16	9.84e-01	1.61e-02	4.70e-05
 2.18474e+16	9.84e-01	1.58e-02	4.51e-05
 2.18764e+16	9.84e-01	1.55e-02	4.32e-05
 2.19029e+16	9.85e-01	1.52e-02	4.16e-05
 2.19319e+16	9.85e-01	1.48e-02	3.99e-05
 2.19632e+16	9.85e-01	1.45e-02	3.82e-05
 2.19916e+16	9.86e-01	1.42e-02	3.67e-05
 2.20175e+16	9.86e-01	1.40e-02	3.54e-05
 2.20459e+16	9.86e-01	1.37e-02	3.40e-05
 2.20766e+16	9.87e-01	1.34e-02	3.26e-05
 2.21045e+16	9.87e-01	1.32e-02	3.14e-05
 2.21350e+16	9.87e-01	1.29e-02	3.01e-05
 2.21680e+16	9.87e-01	1.26e-02	2.88e-05
 2.21980e+16	9.88e-01	1.23e-02	2.77e-05
 2.22310e+16	9.88e-01	1.21e-02	2.65e-05
 2.22665e+16	9.88e-01	1.18e-02	2.53e-05
 2.22988e+16	9.88e-01	1.15e-02	2.43e-05
 2.23342e+16	9.89e-01	1.13e-02	2.31e-05
 2.23725e+16	9.89e-01	1.10e-02	2.20e-05
 2.24072e+16	9.89e-01	1.08e-02	2.11e-05
 2.24454e+16	9.89e-01	1.05e-02	2.01e-05
 2.24865e+16	9.90e-01	1.02e-02	1.91e-05
 2.25240e+16	9.90e-01	9.99e-03	1.83e-05
 2.25651e+16	9.90e-01	9.73e-03	1.73e-05
 2.26094e+16	9.91e-01	9.47e-03	1.65e-05
 2.26497e+16	9.91e-01	9.25e-03	1.57e-05
 2.26939e+16	9.91e-01	9.00e-03	1.49e-05
 2.27416e+16	9.91e-01	8.75e-03	1.41e-05
 2.27850e+16	9.91e-01	8.54e-03	1.34e-05
 2.28326e+16	9.92e-01	8.30e-03	1.27e-05
 2.28839e+16	9.92e-01	8.05e-03	1.20e-05
 2.29307e+16	9.92e-01	7.85e-03	1.14e-05
 2.29819e+16	9.92e-01	7.62e-03	1.07e-05
 2.30485e+16	9.93e-01	7.32e-03	9.91e-06
 2.31252e+16	9.93e-01	7.02e-03	9.11e-06
 2.32031e+16	9.93e-01	6.72e-03	8.38e-06
 2.32823e+16	9.94e-01	6.44e-03	7.70e-06
 2.33648e+16	9.94e-01	6.17e-03	7.06e-06
 2.34507e+16	9.94e-01	5.89e-03	6.45e-06
 2.35397e+16	9.94e-01	5.63e-03	5.89e-06
 2.36318e+16	9.95e-01	5.37e-03	5.37e-06
 2.37270e+16	9.95e-01	5.12e-03	4.88e-06
 2.38245e+16	9.95e-01	4.87e-03	4.44e-06
 2.39236e+16	9.95e-01	4.64e-03	4.03e-06
 2.40244e+16	9.96e-01	4.42e-03	3.66e-06
 2.41272e+16	9.96e-01	4.21e-03	3.32e-06
 2.42318e+16	9.96e-01	4.01e-03	3.01e-06
 2.43384e+16	9.96e-01	3.81e-03	2.73e-06
 2.44469e+16	9.96e-01	3.62e-03	2.47e-06
 2.45575e+16	9.97e-01	3.45e-03	2.24e-06
 2.46684e+16	9.97e-01	3.28e-03	2.02e-06
 2.47809e+16	9.97e-01	3.12e-03	1.83e-06
 2.48975e+16	9.97e-01	2.96e-03	1.65e-06
 2.50170e+16	9.97e-01	2.81e-03	1.49e-06
 2.51384e+16	9.97e-01	2.66e-03	1.34e-06
 2.52619e+16	9.97e-01	2.53e-03	1.21e-06
 2.53875e+16	9.98e-01	2.40e-03	1.09e-06
 2.55155e+16	9.98e-01	2.27e-03	9.75e-07
 2.56461e+16	9.98e-01	2.15e-03	8.75e-07
 2.57793e+16	9.98e-01	2.03e-03	7.84e-07
 2.59151e+16	9.98e-01	1.92e-03	7.02e-07
 2.60538e+16	9.98e-01	1.82e-03	6.27e-07
 2.61952e+16	9.98e-01	1.72e-03	5.60e-07
 2.63397e+16	9.98e-01	1.62e-03	4.99e-07
 2.64871e+16	9.98e-01	1.53e-03	4.44e-07
 2.66378e+16	9.99e-01	1.44e-03	3.95e-07
 2.67917e+16	9.99e-01	1.36e-03	3.50e-07
 2.69492e+16	9.99e-01	1.27e-03	3.10e-07
 2.71103e+16	9.99e-01	1.20e-03	2.74e-07
 2.72753e+16	9.99e-01	1.12e-03	2.41e-07
 2.74442e+16	9.99e-01	1.05e-03	2.12e-07
 2.76175e+16	9.99e-01	9.88e-04	1.87e-07
 2.77952e+16	9.99e-01	9.25e-04	1.63e-07
 2.79778e+16	9.99e-01	8.64e-04	1.42e-07
 2.81653e+16	9.99e-01	8.06e-04	1.24e-07
 2.83582e+16	9.99e-01	7.51e-04	1.08e-07
 2.85571e+16	9.99e-01	6.99e-04	9.34e-08
 2.87581e+16	9.99e-01	6.51e-04	8.09e-08
 2.89645e+16	9.99e-01	6.04e-04	6.97e-08
 2.91834e+16	9.99e-01	5.58e-04	5.95e-08
 2.94121e+16	9.99e-01	5.15e-04	5.06e-08
 2.96484e+16	1.00e+00	4.74e-04	4.28e-08
 2.98933e+16	1.00e+00	4.35e-04	3.60e-08
 3.01489e+16	1.00e+00	3.98e-04	3.01e-08
 3.04167e+16	1.00e+00	3.62e-04	2.50e-08
 3.06978e+16	1.00e+00	3.29e-04	2.06e-08
 3.09944e+16	1.00e+00	2.97e-04	1.68e-08
 3.13080e+16	1.00e+00	2.67e-04	1.35e-08
 3.16421e+16	1.00e+00	2.38e-04	1.08e-08
 3.19993e+16	1.00e+00	2.11e-04	8.44e-09
 3.23812e+16	1.00e+00	1.86e-04	6.52e-09
 3.27937e+16	1.00e+00	1.62e-04	4.94e-09
 3.32446e+16	1.00e+00	1.39e-04	3.66e-09
 3.37427e+16	1.00e+00	1.18e-04	2.63e-09
 3.42916e+16	1.00e+00	9.88e-05	1.83e-09
 3.49252e+16	1.00e+00	8.03e-05	1.21e-09
 3.56587e+16	1.00e+00	6.34e-05	7.53e-10
 3.64431e+16	1.00e+00	4.95e-05	4.60e-10
 3.72335e+16	1.00e+00	3.87e-05	2.82e-10
 3.80168e+16	1.00e+00	3.05e-05	1.75e-10
 3.88050e+16	1.00e+00	2.40e-05	1.09e-10
 3.96073e+16	1.00e+00	1.88e-05	6.74e-11
 4.04262e+16	1.00e+00	1.48e-05	4.17e-11
 4.12609e+16	1.00e+00	1.16e-05	2.58e-11
 4.21131e+16	1.00e+00	9.09e-06	1.59e-11
 4.29859e+16	1.00e+00	7.11e-06	9.80e-12
 4.38770e+16	1.00e+00	5.56e-06	6.03e-12
 4.47906e+16	1.00e+00	4.35e-06	3.71e-12
 4.57374e+16	1.00e+00	3.39e-06	2.26e-12
 4.67173e+16	1.00e+00	2.63e-06	1.36e-12
 4.77261e+16	1.00e+00	2.03e-06	8.18e-13
 4.87645e+16	1.00e+00	1.57e-06	4.89e-13
 4.98395e+16	1.00e+00	1.20e-06	2.90e-13
 5.09628e+16	1.00e+00	9.20e-07	1.70e-13
 5.21417e+16	1.00e+00	6.98e-07	9.82e-14
 5.33779e+16	1.00e+00	5.26e-07	5.59e-14
 5.46830e+16	1.00e+00	3.92e-07	3.12e-14
 5.60725e+16	1.00e+00	2.89e-07	1.70e-14
 5.75625e+16	1.00e+00	2.10e-07	9.01e-15
 5.91189e+16	1.00e+00	1.52e-07	4.74e-15
 6.06849e+16	1.00e+00	1.11e-07	2.52e-15
 6.22509e+16	1.00e+00	8.15e-08	1.37e-15
 6.38169e+16	1.00e+00	6.03e-08	7.49e-16
 6.53829e+16	1.00e+00	4.50e-08	4.18e-16
 6.69489e+16	1.00e+00	3.38e-08	2.36e-16
 6.87497e+16	1.00e+00	2.43e-08	1.22e-16
 7.08163e+16	1.00e+00	1.69e-08	5.95e-17
 7.29911e+16	1.00e+00	1.17e-08	2.85e-17
 7.52850e+16	1.00e+00	8.05e-09	1.35e-17
 7.76428e+16	1.00e+00	5.54e-09	6.38e-18
 8.00441e+16	1.00e+00	3.83e-09	3.05e-18
 8.24900e+16	1.00e+00	2.66e-09	1.47e-18
 8.49781e+16	1.00e+00	1.85e-09	7.16e-19
 8.75014e+16	1.00e+00	1.30e-09	3.52e-19
 9.00571e+16	1.00e+00	9.14e-10	1.75e-19
 9.26391e+16	1.00e+00	6.48e-10	8.79e-20
 9.52375e+16	1.00e+00	4.62e-10	4.48e-20
 9.78424e+16	1.00e+00	3.32e-10	2.31e-20
 1.00442e+17	1.00e+00	2.41e-10	1.22e-20
 1.03023e+17	1.00e+00	1.76e-10	6.54e-21
 1.05573e+17	1.00e+00	1.31e-10	0.00e+00
 1.08083e+17	1.00e+00	9.77e-11	0.00e+00
 1.10541e+17	1.00e+00	7.41e-11	0.00e+00
 1.12936e+17	1.00e+00	5.69e-11	0.00e+00
 1.15261e+17	1.00e+00	4.43e-11	0.00e+00
 1.17507e+17	1.00e+00	3.49e-11	0.00e+00
 1.19672e+17	1.00e+00	2.79e-11	0.00e+00
 1.21749e+17	1.00e+00	2.26e-11	0.00e+00
 1.23737e+17	1.00e+00	1.86e-11	0.00e+00
 1.25636e+17	1.00e+00	1.54e-11	0.00e+00
 1.27446e+17	1.00e+00	1.30e-11	0.00e+00
 1.29169e+17	1.00e+00	1.11e-11	0.00e+00
 1.30806e+17	1.00e+00	9.54e-12	0.00e+00
 1.32361e+17	1.00e+00	8.31e-12	0.00e+00
 1.33836e+17	1.00e+00	7.31e-12	0.00e+00
 1.35235e+17	1.00e+00	6.49e-12	0.00e+00
 1.36561e+17	1.00e+00	5.82e-12	0.00e+00
 1.37818e+17	1.00e+00	5.26e-12	0.00e+00
 1.39010e+17	1.00e+00	4.78e-12	0.00e+00
 1.40139e+17	1.00e+00	4.38e-12	0.00e+00
 1.41209e+17	1.00e+00	4.04e-12	0.00e+00
 1.42224e+17	1.00e+00	3.75e-12	0.00e+00
 1.43185e+17	1.00e+00	3.50e-12	0.00e+00
 1.44098e+17	1.00e+00	3.29e-12	0.00e+00
 1.44962e+17	1.00e+00	3.10e-12	0.00e+00
 1.45782e+17	1.00e+00	2.94e-12	0.00e+00
 1.46560e+17	1.00e+00	2.79e-12	0.00e+00
 1.47299e+17	1.00e+00	2.66e-12	0.00e+00
 1.48001e+17	1.00e+00	2.54e-12	0.00e+00
 1.48668e+17	1.00e+00	2.44e-12	0.00e+00
 1.49301e+17	1.00e+00	2.35e-12	0.00e+00
 1.49903e+17	1.00e+00	2.27e-12	0.00e+00
 1.50475e+17	1.00e+00	2.19e-12	0.00e+00
 1.51020e+17	1.00e+00	2.13e-12	0.00e+00
 1.51539e+17	1.00e+00	2.07e-12	0.00e+00
 1.52033e+17	1.00e+00	2.01e-12	0.00e+00
 1.52504e+17	1.00e+00	1.96e-12	0.00e+00
 1.52954e+17	1.00e+00	1.92e-12	0.00e+00
 1.53382e+17	1.00e+00	1.88e-12	0.00e+00
 1.53792e+17	1.00e+00	1.84e-12	0.00e+00
 1.54184e+17	1.00e+00	1.80e-12	0.00e+00
 1.54559e+17	1.00e+00	1.77e-12	0.00e+00
 1.54918e+17	1.00e+00	1.74e-12	0.00e+00
 1.55263e+17	1.00e+00	1.71e-12	0.00e+00
 1.55593e+17	1.00e+00	1.68e-12	0.00e+00
 1.55911e+17	1.00e+00	1.66e-12	0.00e+00
 1.56218e+17	1.00e+00	1.64e-12	0.00e+00
 1.56514e+17	1.00e+00	1.61e-12	0.00e+00
 1.56799e+17	1.00e+00	1.59e-12	0.00e+00
 1.57076e+17	1.00e+00	1.57e-12	0.00e+00
 1.57345e+17	1.00e+00	1.56e-12	0.00e+00
 1.57606e+17	1.00e+00	1.54e-12	0.00e+00
 1.57861e+17	1.00e+00	1.52e-12	0.00e+00
 1.58111e+17	1.00e+00	1.51e-12	0.00e+00
 1.58357e+17	1.00e+00	1.49e-12	0.00e+00
 1.58599e+17	1.00e+00	1.47e-12	0.00e+00
 1.58840e+17	1.00e+00	1.46e-12	0.00e+00
 1.59079e+17	1.00e+00	1.45e-12	0.00e+00
 1.59319e+17	1.00e+00	1.43e-12	0.00e+00
 1.59561e+17	1.00e+00	1.42e-12	0.00e+00
 1.59807e+17	1.00e+00	1.40e-12	0.00e+00
 1.60059e+17	1.00e+00	1.39e-12	0.00e+00
 1.60320e+17	1.00e+00	1.38e-12	0.00e+00
 1.60592e+17	1.00e+00	1.36e-12	0.00e+00
 1.60881e+17	1.00e+00	1.35e-12	0.00e+00
 1.61192e+17	1.00e+00	1.33e-12	0.00e+00
 1.61533e+17	1.00e+00	1.31e-12	0.00e+00
 1.61912e+17	1.00e+00	1.29e-12	0.00e+00
 1.62345e+17	1.00e+00	1.27e-12	0.00e+00
 1.62854e+17	1.00e+00	1.25e-12	0.00e+00
 1.63469e+17	1.00e+00	1.22e-12	0.00e+00
 1.64241e+17	1.00e+00	1.18e-12	0.00e+00
 1.65237e+17	1.00e+00	1.14e-12	0.00e+00
 1.66532e+17	1.00e+00	1.09e-12	0.00e+00
 1.68216e+17	1.00e+00	1.02e-12	0.00e+00
 1.70404e+17	1.00e+00	9.41e-13	0.00e+00
 1.73249e+17	1.00e+00	8.48e-13	0.00e+00
 1.76947e+17	1.00e+00	7.43e-13	0.00e+00
 1.81755e+17	1.00e+00	6.28e-13	0.00e+00
 1.88006e+17	1.00e+00	5.09e-13	0.00e+00
 1.95369e+17	1.00e+00	3.93e-13	0.00e+00
 2.03184e+17	1.00e+00	3.28e-13	0.00e+00
 2.11311e+17	1.00e+00	2.90e-13	0.00e+00
 2.19764e+17	1.00e+00	2.60e-13	0.00e+00
 2.28554e+17	1.00e+00	2.34e-13	0.00e+00
 2.37697e+17	1.00e+00	2.10e-13	0.00e+00
 2.47205e+17	1.00e+00	1.87e-13	0.00e+00
 2.57093e+17	1.00e+00	1.66e-13	0.00e+00
 2.67376e+17	1.00e+00	1.46e-13	0.00e+00
 2.78072e+17	1.00e+00	1.26e-13	0.00e+00
 2.88778e+17	1.00e+00	1.08e-13	0.00e+00
 2.98764e+17	1.00e+00	1.00e-13	0.00e+00
 3.07671e+17	1.00e+00	9.99e-14	0.00e+00
 3.15715e+17	1.00e+00	1.01e-13	0.00e+00
 3.23307e+17	1.00e+00	9.75e-14	0.00e+00
 3.30572e+17	1.00e+00	9.05e-14	0.00e+00
 3.37344e+17	1.00e+00	8.32e-14	0.00e+00
 3.43347e+17	1.00e+00	7.76e-14	0.00e+00
 3.47965e+17	1.00e+00	7.42e-14	0.00e+00
 3.50804e+17	1.00e+00	7.59e-14	0.00e+00
 3.52361e+17	1.00e+00	7.83e-14	0.00e+00
 3.53260e+17	1.00e+00	7.99e-14	0.00e+00
 3.53800e+17	1.00e+00	8.07e-14	0.00e+00
 3.54157e+17	1.00e+00	8.12e-14	0.00e+00
 3.54484e+17	1.00e+00	8.15e-14	0.00e+00
 3.54856e+17	1.00e+00	8.18e-14	0.00e+00
 3.55257e+17	1.00e+00	8.19e-14	0.00e+00
 3.55626e+17	1.00e+00	8.20e-14	0.00e+00
 3.55929e+17	1.00e+00	8.20e-14	0.00e+00
 3.56178e+17	1.00e+00	8.19e-14	0.00e+00
 3.56427e+17	1.00e+00	8.19e-14	0.00e+00
 3.56704e+17	1.00e+00	8.18e-14	0.00e+00
 3.56970e+17	1.00e+00	8.16e-14	0.00e+00
 3.57196e+17	1.00e+00	8.15e-14	0.00e+00
 3.57402e+17	1.00e+00	8.13e-14	0.00e+00
 3.57606e+17	1.00e+00	8.12e-14	0.00e+00
 3.57807e+17	1.00e+00	8.10e-14	0.00e+00
 3.58004e+17	1.00e+00	8.08e-14	0.00e+00
 3.58184e+17	1.00e+00	8.06e-14	0.00e+00
 3.58350e+17	1.00e+00	8.04e-14	0.00e+00
 3.58507e+17	1.00e+00	8.02e-14	0.00e+00
 3.58662e+17	1.00e+00	8.00e-14	0.00e+00
 3.58820e+17	1.00e+00	7.98e-14	0.00e+00
 3.58975e+17	1.00e+00	7.95e-14	0.00e+00
 3.59123e+17	1.00e+00	7.93e-14	0.00e+00
 3.59262e+17	1.00e+00	7.91e-14	0.00e+00
 3.59397e+17	1.00e+00	7.89e-14	0.00e+00
 3.59528e+17	1.00e+00	7.86e-14	0.00e+00
 3.59657e+17	1.00e+00	7.84e-14	0.00e+00
 3.59786e+17	1.00e+00	7.82e-14	0.00e+00
 3.59916e+17	1.00e+00	7.79e-14	0.00e+00
 3.60040e+17	1.00e+00	7.77e-14	0.00e+00
 3.60160e+17	1.00e+00	7.74e-14	0.00e+00
 3.60284e+17	1.00e+00	7.72e-14	0.00e+00
 3.60413e+17	1.00e+00	7.69e-14	0.00e+00
 3.60539e+17	1.00e+00	7.66e-14	0.00e+00
 3.60659e+17	1.00e+00	7.64e-14	0.00e+00
 3.60782e+17	1.00e+00	7.61e-14	0.00e+00
 3.60910e+17	1.00e+00	7.58e-14	0.00e+00
 3.61040e+17	1.00e+00	7.55e-14	0.00e+00
 3.61170e+17	1.00e+00	7.51e-14	0.00e+00
 3.61293e+17	1.00e+00	7.48e-14	0.00e+00
 3.61417e+17	1.00e+00	7.45e-14	0.00e+00
 3.61550e+17	1.00e+00	7.42e-14	0.00e+00
 3.61690e+17	1.00e+00	7.38e-14	0.00e+00
 3.61830e+17	1.00e+00	7.34e-14	0.00e+00
 3.61977e+17	1.00e+00	7.31e-14	0.00e+00
 3.62135e+17	1.00e+00	7.26e-14	0.00e+00
 3.62286e+17	1.00e+00	7.22e-14	0.00e+00
 3.62429e+17	1.00e+00	7.18e-14	0.00e+00
 3.62570e+17	1.00e+00	7.14e-14	0.00e+00
 3.62726e+17	1.00e+00	7.09e-14	0.00e+00
 3.62902e+17	1.00e+00	7.04e-14	0.00e+00
 3.63074e+17	1.00e+00	6.99e-14	0.00e+00
 3.63233e+17	1.00e+00	6.94e-14	0.00e+00
 3.63401e+17	1.00e+00	6.89e-14	0.00e+00
 3.63589e+17	1.00e+00	6.83e-14	0.00e+00
 3.63781e+17	1.00e+00	6.77e-14	0.00e+00
 3.63972e+17	1.00e+00	6.71e-14	0.00e+00
 3.64161e+17	1.00e+00	6.65e-14	0.00e+00
 3.64355e+17	1.00e+00	6.59e-14	0.00e+00
 3.64563e+17	1.00e+00	6.52e-14	0.00e+00
 3.64780e+17	1.00e+00	6.45e-14	0.00e+00
 3.65001e+17	1.00e+00	6.38e-14	0.00e+00
 3.65223e+17	1.00e+00	6.31e-14	0.00e+00
 3.65447e+17	1.00e+00	6.23e-14	0.00e+00
 3.65678e+17	1.00e+00	6.16e-14	0.00e+00
 3.65921e+17	1.00e+00	6.08e-14	0.00e+00
 3.66175e+17	1.00e+00	5.99e-14	0.00e+00
 3.66436e+17	1.00e+00	5.90e-14	0.00e+00
 3.66686e+17	1.00e+00	5.82e-14	0.00e+00
 3.66954e+17	1.00e+00	5.74e-14	0.00e+00
 3.67257e+17	1.00e+00	5.63e-14	0.00e+00
 3.67547e+17	1.00e+00	5.53e-14	0.00e+00
 3.67835e+17	1.00e+00	5.44e-14	0.00e+00
 3.68138e+17	1.00e+00	5.34e-14	0.00e+00
 3.68456e+17	1.00e+00	5.23e-14	0.00e+00
 3.68781e+17	1.00e+00	5.12e-14	0.00e+00
 3.69109e+17	1.00e+00	5.01e-14	0.00e+00
 3.69440e+17	1.00e+00	4.90e-14	0.00e+00
 3.69777e+17	1.00e+00	4.79e-14	0.00e+00
 3.70137e+17	1.00e+00	4.68e-14	0.00e+00
 3.70512e+17	1.00e+00	4.55e-14	0.00e+00
 3.70885e+17	1.00e+00	4.43e-14	0.00e+00
 3.71258e+17	1.00e+00	4.31e-14	0.00e+00
 3.71640e+17	1.00e+00	4.19e-14	0.00e+00
 3.72032e+17	1.00e+00	4.07e-14	0.00e+00
 3.72444e+17	1.00e+00	3.95e-14	0.00e+00
 3.72874e+17	1.00e+00	3.81e-14	0.00e+00
 3.73309e+17	1.00e+00	3.68e-14	0.00e+00
 3.73743e+17	1.00e+00	3.55e-14	0.00e+00
 3.74183e+17	1.00e+00	3.42e-14	0.00e+00
 3.74635e+17	1.00e+00	3.30e-14	0.00e+00
 3.75103e+17	1.00e+00	3.17e-14	0.00e+00
 3.75583e+17	1.00e+00	3.04e-14	0.00e+00
 3.76082e+17	1.00e+00	2.91e-14	0.00e+00
 3.76590e+17	1.00e+00	2.77e-14	0.00e+00
 3.77104e+17	1.00e+00	2.64e-14	0.00e+00
 3.77629e+17	1.00e+00	2.51e-14	0.00e+00
 3.78156e+17	1.00e+00	2.38e-14	0.00e+00
 3.78696e+17	1.00e+00	2.26e-14	0.00e+00
 3.79261e+17	1.00e+00	2.14e-14	0.00e+00
 3.79851e+17	1.00e+00	2.01e-14	0.00e+00
 3.80467e+17	1.00e+00	1.89e-14	0.00e+00
 3.81103e+17	1.00e+00	1.76e-14	0.00e+00
 3.81743e+17	1.00e+00	1.64e-14	0.00e+00
 3.82391e+17	1.00e+00	1.53e-14	0.00e+00
 3.83062e+17	1.00e+00	1.42e-14	0.00e+00
 3.83720e+17	1.00e+00	1.31e-14	0.00e+00
 3.84301e+17	1.00e+00	1.22e-14	0.00e+00
 3.84795e+17	1.00e+00	1.14e-14	0.00e+00
 3.85243e+17	1.00e+00	1.08e-14	0.00e+00
 3.85684e+17	1.00e+00	1.02e-14	0.00e+00
 3.86126e+17	1.00e+00	9.66e-15	0.00e+00
 3.86551e+17	1.00e+00	9.14e-15	0.00e+00
 3.86946e+17	1.00e+00	8.67e-15	0.00e+00
 3.87313e+17	1.00e+00	8.25e-15	0.00e+00
 3.87666e+17	1.00e+00	7.87e-15	0.00e+00
 3.88011e+17	1.00e+00	7.51e-15	0.00e+00
 3.88347e+17	1.00e+00	7.16e-15	0.00e+00
 3.88670e+17	1.00e+00	6.84e-15	0.00e+00
 3.88977e+17	1.00e+00	6.54e-15	0.00e+00
 3.89271e+17	1.00e+00	6.27e-15	0.00e+00
 3.89555e+17	1.00e+00	6.01e-15	0.00e+00
 3.89832e+17	1.00e+00	5.76e-15	0.00e+00
 3.90099e+17	1.00e+00	5.53e-15	0.00e+00
 3.90356e+17	1.00e+00	5.31e-15	0.00e+00
 3.90604e+17	1.00e+00	5.09e-15	0.00e+00
 3.90844e+17	1.00e+00	4.91e-15	0.00e+00
 3.91077e+17	1.00e+00	4.71e-15	0.00e+00
 3.91300e+17	1.00e+00	4.55e-15	0.00e+00
 3.91518e+17	1.00e+00	4.38e-15	0.00e+00
 3.91732e+17	1.00e+00	4.22e-15	0.00e+00
 3.91939e+17	1.00e+00	4.07e-15	0.00e+00
 3.92139e+17	1.00e+00	3.93e-15	0.00e+00
 3.92333e+17	1.00e+00	3.80e-15	0.00e+00
 3.92524e+17	1.00e+00	3.67e-15	0.00e+00
 3.92713e+17	1.00e+00	3.55e-15	0.00e+00
 3.92897e+17	1.00e+00	3.44e-15	0.00e+00
 3.93106e+17	1.00e+00	3.32e-15	0.00e+00
 3.93378e+17	1.00e+00	3.18e-15	0.00e+00
 3.93732e+17	1.00e+00	3.00e-15	0.00e+00
 3.94191e+17	1.00e+00	2.79e-15	0.00e+00
 3.94788e+17	1.00e+00	2.53e-15	0.00e+00
 3.95565e+17	1.00e+00	2.21e-15	0.00e+00
 3.96454e+17	1.00e+00	1.86e-15	0.00e+00
 3.97262e+17	1.00e+00	1.56e-15	0.00e+00
 3.97890e+17	1.00e+00	1.35e-15	0.00e+00
 3.98400e+17	1.00e+00	1.21e-15	0.00e+00
 3.98905e+17	1.00e+00	1.10e-15	0.00e+00
 3.99472e+17	1.00e+00	9.87e-16	0.00e+00
 4.00085e+17	1.00e+00	8.72e-16	0.00e+00
 4.00688e+17	1.00e+00	7.69e-16	0.00e+00
 4.01250e+17	1.00e+00	6.82e-16	0.00e+00
 4.01791e+17	1.00e+00	6.10e-16	0.00e+00
 4.02350e+17	1.00e+00	5.46e-16	0.00e+00
 4.02949e+17	1.00e+00	4.85e-16	0.00e+00
 4.03577e+17	1.00e+00	4.27e-16	0.00e+00
 4.04221e+17	1.00e+00	3.75e-16	0.00e+00
 4.04882e+17	1.00e+00	3.27e-16	0.00e+00
 4.05579e+17	1.00e+00	2.85e-16	0.00e+00
 4.06347e+17	1.00e+00	2.46e-16	0.00e+00
 4.07216e+17	1.00e+00	2.08e-16	0.00e+00
 4.08225e+17	1.00e+00	1.72e-16	0.00e+00
 4.09442e+17	1.00e+00	1.37e-16	0.00e+00
 4.10991e+17	1.00e+00	1.04e-16	0.00e+00
 4.13005e+17	1.00e+00	7.30e-17	0.00e+00
 4.15622e+17	1.00e+00	4.61e-17	0.00e+00
 4.19025e+17	1.00e+00	2.55e-17	0.00e+00
 4.23448e+17	1.00e+00	1.20e-17	0.00e+00
