#depth	C	C+	C+2	C+3	C+4	C+5	C+6	C[1]	C[2]	C[3]	C+[1]	C+[2]	CO
 1.49634e+10	0.00e+00	4.19e-33	3.22e-23	7.63e-14	6.04e-04	5.66e-01	4.33e-01	0.00e+00	0.00e+00	0.00e+00	0.00e+00	0.00e+00	2.16e-161
 4.54887e+10	6.86e-44	5.94e-33	4.21e-23	9.21e-14	6.74e-04	5.86e-01	4.13e-01	0.00e+00	0.00e+00	0.00e+00	0.00e+00	0.00e+00	7.13e-218
 7.72350e+10	0.00e+00	8.48e-33	5.55e-23	1.12e-13	7.57e-04	6.05e-01	3.94e-01	0.00e+00	0.00e+00	0.00e+00	0.00e+00	0.00e+00	2.96e-160
 1.10251e+11	1.64e-43	1.21e-32	7.32e-23	1.36e-13	8.49e-04	6.24e-01	3.75e-01	0.00e+00	0.00e+00	0.00e+00	0.00e+00	0.00e+00	4.26e-217
 1.42308e+11	0.00e+00	1.69e-32	9.46e-23	1.63e-13	9.44e-04	6.42e-01	3.58e-01	0.00e+00	0.00e+00	0.00e+00	0.00e+00	0.00e+00	3.71e-159
 1.72652e+11	3.58e-43	2.29e-32	1.20e-22	1.93e-13	1.04e-03	6.57e-01	3.42e-01	0.00e+00	0.00e+00	0.00e+00	0.00e+00	0.00e+00	7.25e-205
 2.06490e+11	0.00e+00	3.18e-32	1.54e-22	2.31e-13	1.16e-03	6.74e-01	3.25e-01	0.00e+00	0.00e+00	0.00e+00	0.00e+00	0.00e+00	3.79e-158
 2.44676e+11	8.28e-43	4.53e-32	2.03e-22	2.80e-13	1.29e-03	6.91e-01	3.08e-01	0.00e+00	0.00e+00	0.00e+00	0.00e+00	0.00e+00	2.93e-204
 2.83272e+11	0.00e+00	6.39e-32	2.65e-22	3.37e-13	1.44e-03	7.07e-01	2.91e-01	0.00e+00	0.00e+00	0.00e+00	0.00e+00	0.00e+00	5.04e-157
 3.23412e+11	1.93e-42	9.03e-32	3.46e-22	4.07e-13	1.60e-03	7.23e-01	2.75e-01	0.00e+00	0.00e+00	0.00e+00	0.00e+00	0.00e+00	2.37e-203
 3.66275e+11	0.00e+00	1.29e-31	4.54e-22	4.92e-13	1.79e-03	7.39e-01	2.59e-01	0.00e+00	0.00e+00	0.00e+00	0.00e+00	0.00e+00	6.72e-156
 4.10853e+11	4.63e-42	1.83e-31	5.97e-22	5.96e-13	2.00e-03	7.54e-01	2.44e-01	0.00e+00	0.00e+00	0.00e+00	0.00e+00	0.00e+00	1.18e-202
 4.57214e+11	0.00e+00	2.61e-31	7.85e-22	7.21e-13	2.23e-03	7.69e-01	2.29e-01	0.00e+00	0.00e+00	0.00e+00	0.00e+00	0.00e+00	9.34e-155
 5.05429e+11	1.11e-41	3.73e-31	1.03e-21	8.72e-13	2.48e-03	7.83e-01	2.15e-01	0.00e+00	0.00e+00	0.00e+00	0.00e+00	0.00e+00	0.00e+00
 5.55573e+11	0.00e+00	5.32e-31	1.36e-21	1.05e-12	2.76e-03	7.96e-01	2.01e-01	0.00e+00	0.00e+00	0.00e+00	0.00e+00	0.00e+00	1.30e-153
 6.07723e+11	2.66e-41	7.58e-31	1.78e-21	1.28e-12	3.08e-03	8.09e-01	1.88e-01	0.00e+00	0.00e+00	0.00e+00	0.00e+00	0.00e+00	1.96e-200
 6.61958e+11	0.00e+00	1.08e-30	2.34e-21	1.54e-12	3.43e-03	8.21e-01	1.76e-01	0.00e+00	0.00e+00	0.00e+00	0.00e+00	0.00e+00	1.84e-152
 7.12935e+11	6.13e-41	1.49e-30	3.00e-21	1.83e-12	3.77e-03	8.31e-01	1.65e-01	0.00e+00	0.00e+00	0.00e+00	0.00e+00	0.00e+00	2.41e-199
 7.58494e+11	0.00e+00	1.97e-30	3.71e-21	2.12e-12	4.10e-03	8.39e-01	1.56e-01	0.00e+00	0.00e+00	0.00e+00	0.00e+00	0.00e+00	1.72e-151
 8.09626e+11	1.26e-40	2.68e-30	4.70e-21	2.50e-12	4.49e-03	8.48e-01	1.47e-01	0.00e+00	0.00e+00	0.00e+00	0.00e+00	0.00e+00	0.00e+00
 8.70260e+11	0.00e+00	3.79e-30	6.13e-21	3.00e-12	4.97e-03	8.58e-01	1.37e-01	0.00e+00	0.00e+00	0.00e+00	0.00e+00	0.00e+00	1.95e-150
 9.31216e+11	2.94e-40	5.31e-30	7.94e-21	3.59e-12	5.49e-03	8.66e-01	1.28e-01	0.00e+00	0.00e+00	0.00e+00	0.00e+00	0.00e+00	2.28e-197
 9.88383e+11	0.00e+00	7.20e-30	1.00e-20	4.21e-12	6.01e-03	8.74e-01	1.20e-01	0.00e+00	0.00e+00	0.00e+00	0.00e+00	0.00e+00	2.13e-149
 1.05162e+12	6.44e-40	1.00e-29	1.29e-20	5.02e-12	6.62e-03	8.81e-01	1.12e-01	0.00e+00	0.00e+00	0.00e+00	0.00e+00	0.00e+00	2.13e-196
 1.12361e+12	0.00e+00	1.43e-29	1.70e-20	6.06e-12	7.34e-03	8.89e-01	1.04e-01	0.00e+00	0.00e+00	0.00e+00	0.00e+00	0.00e+00	2.77e-148
 1.19540e+12	1.54e-39	2.03e-29	2.22e-20	7.27e-12	8.11e-03	8.95e-01	9.65e-02	0.00e+00	0.00e+00	0.00e+00	0.00e+00	0.00e+00	2.89e-195
 1.27006e+12	0.00e+00	2.87e-29	2.90e-20	8.73e-12	8.97e-03	9.02e-01	8.95e-02	0.00e+00	0.00e+00	0.00e+00	0.00e+00	0.00e+00	3.65e-147
 1.35079e+12	3.71e-39	4.12e-29	3.82e-20	1.06e-11	9.95e-03	9.07e-01	8.27e-02	0.00e+00	0.00e+00	0.00e+00	0.00e+00	0.00e+00	4.15e-194
 1.43475e+12	0.00e+00	5.93e-29	5.05e-20	1.28e-11	1.10e-02	9.13e-01	7.63e-02	0.00e+00	0.00e+00	0.00e+00	0.00e+00	0.00e+00	5.42e-146
 1.51390e+12	8.76e-39	8.24e-29	6.49e-20	1.52e-11	1.21e-02	9.17e-01	7.08e-02	0.00e+00	0.00e+00	0.00e+00	0.00e+00	0.00e+00	6.28e-193
 1.58511e+12	0.00e+00	1.10e-28	8.10e-20	1.76e-11	1.31e-02	9.20e-01	6.64e-02	0.00e+00	0.00e+00	0.00e+00	0.00e+00	0.00e+00	5.39e-145
 1.66528e+12	1.85e-38	1.51e-28	1.03e-19	2.08e-11	1.44e-02	9.24e-01	6.18e-02	0.00e+00	0.00e+00	0.00e+00	0.00e+00	0.00e+00	1.44e-192
 1.75978e+12	0.00e+00	2.16e-28	1.36e-19	2.51e-11	1.59e-02	9.27e-01	5.69e-02	0.00e+00	0.00e+00	0.00e+00	0.00e+00	0.00e+00	6.59e-144
 1.85424e+12	4.45e-38	3.05e-28	1.77e-19	3.00e-11	1.75e-02	9.30e-01	5.25e-02	0.00e+00	0.00e+00	0.00e+00	0.00e+00	0.00e+00	0.00e+00
 1.94316e+12	0.00e+00	4.18e-28	2.25e-19	3.54e-11	1.91e-02	9.32e-01	4.87e-02	0.00e+00	0.00e+00	0.00e+00	0.00e+00	0.00e+00	7.67e-143
 2.04149e+12	1.00e-37	5.86e-28	2.92e-19	4.22e-11	2.10e-02	9.34e-01	4.50e-02	0.00e+00	0.00e+00	0.00e+00	0.00e+00	0.00e+00	1.05e-202
 2.15308e+12	0.00e+00	8.49e-28	3.87e-19	5.11e-11	2.32e-02	9.36e-01	4.12e-02	0.00e+00	0.00e+00	0.00e+00	0.00e+00	0.00e+00	1.05e-141
 2.26338e+12	2.45e-37	1.21e-27	5.07e-19	6.13e-11	2.56e-02	9.37e-01	3.78e-02	0.00e+00	0.00e+00	0.00e+00	0.00e+00	0.00e+00	2.25e-215
 2.37809e+12	0.00e+00	1.72e-27	6.65e-19	7.37e-11	2.81e-02	9.37e-01	3.47e-02	0.00e+00	0.00e+00	0.00e+00	0.00e+00	0.00e+00	1.44e-140
 2.50314e+12	6.05e-37	2.50e-27	8.85e-19	8.94e-11	3.11e-02	9.37e-01	3.17e-02	0.00e+00	0.00e+00	0.00e+00	0.00e+00	0.00e+00	0.00e+00
 2.62933e+12	0.00e+00	3.59e-27	1.17e-18	1.08e-10	3.43e-02	9.37e-01	2.90e-02	0.00e+00	0.00e+00	0.00e+00	0.00e+00	0.00e+00	2.17e-139
 2.76056e+12	1.49e-36	5.16e-27	1.54e-18	1.30e-10	3.78e-02	9.36e-01	2.64e-02	0.00e+00	0.00e+00	0.00e+00	0.00e+00	0.00e+00	1.06e-225
 2.89589e+12	0.00e+00	7.41e-27	2.04e-18	1.57e-10	4.17e-02	9.34e-01	2.41e-02	0.00e+00	0.00e+00	0.00e+00	0.00e+00	0.00e+00	3.14e-138
 3.02867e+12	3.57e-36	1.04e-26	2.65e-18	1.87e-10	4.56e-02	9.32e-01	2.21e-02	0.00e+00	0.00e+00	0.00e+00	0.00e+00	0.00e+00	7.66e-225
 3.17179e+12	0.00e+00	1.49e-26	3.48e-18	2.25e-10	5.01e-02	9.30e-01	2.02e-02	0.00e+00	0.00e+00	0.00e+00	0.00e+00	0.00e+00	4.09e-137
 3.32859e+12	8.86e-36	2.17e-26	4.65e-18	2.73e-10	5.53e-02	9.26e-01	1.83e-02	0.00e+00	0.00e+00	0.00e+00	0.00e+00	0.00e+00	0.00e+00
 3.49166e+12	0.00e+00	3.16e-26	6.21e-18	3.32e-10	6.10e-02	9.22e-01	1.65e-02	0.00e+00	0.00e+00	0.00e+00	0.00e+00	0.00e+00	6.48e-136
 3.66125e+12	2.25e-35	4.60e-26	8.29e-18	4.03e-10	6.73e-02	9.18e-01	1.49e-02	0.00e+00	0.00e+00	0.00e+00	0.00e+00	0.00e+00	1.07e-236
 3.83763e+12	0.00e+00	6.70e-26	1.11e-17	4.90e-10	7.41e-02	9.12e-01	1.35e-02	0.00e+00	0.00e+00	0.00e+00	0.00e+00	0.00e+00	1.02e-134
 3.99708e+12	5.39e-35	9.29e-26	1.43e-17	5.80e-10	8.06e-02	9.07e-01	1.23e-02	0.00e+00	0.00e+00	0.00e+00	0.00e+00	0.00e+00	1.95e-98
 4.12980e+12	7.48e-35	1.21e-25	1.75e-17	6.65e-10	8.63e-02	9.02e-01	1.14e-02	0.00e+00	0.00e+00	0.00e+00	0.00e+00	0.00e+00	0.00e+00
 4.27515e+12	1.06e-34	1.60e-25	2.17e-17	7.68e-10	9.26e-02	8.97e-01	1.06e-02	0.00e+00	0.00e+00	0.00e+00	0.00e+00	0.00e+00	1.43e-115
 4.45941e+12	1.62e-34	2.25e-25	2.83e-17	9.18e-10	1.01e-01	8.89e-01	9.58e-03	0.00e+00	0.00e+00	0.00e+00	0.00e+00	0.00e+00	2.18e-97
 4.65173e+12	2.48e-34	3.18e-25	3.69e-17	1.10e-09	1.10e-01	8.81e-01	8.67e-03	0.00e+00	0.00e+00	0.00e+00	0.00e+00	0.00e+00	0.00e+00
 4.81481e+12	3.51e-34	4.21e-25	4.59e-17	1.27e-09	1.18e-01	8.74e-01	7.97e-03	0.00e+00	0.00e+00	0.00e+00	0.00e+00	0.00e+00	3.31e-114
 4.98238e+12	4.95e-34	5.57e-25	5.70e-17	1.47e-09	1.27e-01	8.66e-01	7.33e-03	0.00e+00	0.00e+00	0.00e+00	0.00e+00	0.00e+00	2.52e-96
 5.19361e+12	7.53e-34	7.81e-25	7.42e-17	1.75e-09	1.38e-01	8.56e-01	6.61e-03	0.00e+00	0.00e+00	0.00e+00	0.00e+00	0.00e+00	0.00e+00
 5.40828e+12	1.13e-33	1.09e-24	9.60e-17	2.08e-09	1.49e-01	8.45e-01	5.97e-03	0.00e+00	0.00e+00	0.00e+00	0.00e+00	0.00e+00	7.20e-113
 5.59215e+12	1.58e-33	1.43e-24	1.19e-16	2.39e-09	1.59e-01	8.35e-01	5.48e-03	0.00e+00	0.00e+00	0.00e+00	0.00e+00	0.00e+00	3.18e-95
 5.78924e+12	2.24e-33	1.89e-24	1.47e-16	2.77e-09	1.71e-01	8.24e-01	5.00e-03	0.00e+00	0.00e+00	0.00e+00	0.00e+00	0.00e+00	4.35e-112
 6.03362e+12	3.38e-33	2.63e-24	1.91e-16	3.29e-09	1.85e-01	8.11e-01	4.49e-03	0.00e+00	0.00e+00	0.00e+00	0.00e+00	0.00e+00	1.66e-94
 6.28437e+12	5.06e-33	3.65e-24	2.47e-16	3.90e-09	1.99e-01	7.97e-01	4.02e-03	0.00e+00	0.00e+00	0.00e+00	0.00e+00	0.00e+00	3.79e-111
 6.50967e+12	7.15e-33	4.83e-24	3.07e-16	4.51e-09	2.13e-01	7.83e-01	3.65e-03	0.00e+00	0.00e+00	0.00e+00	0.00e+00	0.00e+00	8.53e-94
 6.75698e+12	1.03e-32	6.49e-24	3.87e-16	5.25e-09	2.28e-01	7.69e-01	3.30e-03	0.00e+00	0.00e+00	0.00e+00	0.00e+00	0.00e+00	2.53e-110
 7.04967e+12	1.55e-32	9.06e-24	5.02e-16	6.24e-09	2.46e-01	7.51e-01	2.93e-03	0.00e+00	0.00e+00	0.00e+00	0.00e+00	0.00e+00	4.66e-93
 7.34310e+12	2.30e-32	1.25e-23	6.44e-16	7.36e-09	2.64e-01	7.33e-01	2.60e-03	0.00e+00	0.00e+00	0.00e+00	0.00e+00	0.00e+00	2.20e-109
 7.62100e+12	3.27e-32	1.66e-23	8.06e-16	8.53e-09	2.81e-01	7.17e-01	2.34e-03	0.00e+00	0.00e+00	0.00e+00	0.00e+00	0.00e+00	2.41e-92
 7.92848e+12	4.75e-32	2.25e-23	1.02e-15	9.96e-09	3.00e-01	6.98e-01	2.08e-03	0.00e+00	0.00e+00	0.00e+00	0.00e+00	0.00e+00	1.59e-108
 8.27555e+12	7.10e-32	3.11e-23	1.32e-15	1.18e-08	3.21e-01	6.77e-01	1.83e-03	0.00e+00	0.00e+00	0.00e+00	0.00e+00	0.00e+00	1.34e-91
 8.62170e+12	1.04e-31	4.23e-23	1.67e-15	1.38e-08	3.42e-01	6.56e-01	1.62e-03	0.00e+00	0.00e+00	0.00e+00	0.00e+00	0.00e+00	1.36e-107
 8.92726e+12	1.43e-31	5.48e-23	2.05e-15	1.57e-08	3.61e-01	6.38e-01	1.46e-03	0.00e+00	0.00e+00	0.00e+00	0.00e+00	0.00e+00	6.37e-91
 9.18343e+12	1.85e-31	6.75e-23	2.41e-15	1.75e-08	3.76e-01	6.23e-01	1.33e-03	0.00e+00	0.00e+00	0.00e+00	0.00e+00	0.00e+00	6.79e-107
 9.45904e+12	2.42e-31	8.38e-23	2.85e-15	1.95e-08	3.92e-01	6.07e-01	1.22e-03	0.00e+00	0.00e+00	0.00e+00	0.00e+00	0.00e+00	2.08e-90
 9.81732e+12	3.37e-31	1.10e-22	3.52e-15	2.23e-08	4.12e-01	5.87e-01	1.08e-03	0.00e+00	0.00e+00	0.00e+00	0.00e+00	0.00e+00	3.67e-106
 1.01921e+13	4.71e-31	1.44e-22	4.34e-15	2.55e-08	4.33e-01	5.66e-01	9.59e-04	0.00e+00	0.00e+00	0.00e+00	0.00e+00	0.00e+00	9.39e-90
 1.05117e+13	6.18e-31	1.79e-22	5.15e-15	2.85e-08	4.51e-01	5.48e-01	8.67e-04	0.00e+00	0.00e+00	0.00e+00	0.00e+00	0.00e+00	2.04e-105
 1.08506e+13	8.16e-31	2.24e-22	6.13e-15	3.18e-08	4.69e-01	5.31e-01	7.81e-04	0.00e+00	0.00e+00	0.00e+00	0.00e+00	0.00e+00	3.30e-89
 1.12779e+13	1.14e-30	2.94e-22	7.56e-15	3.63e-08	4.91e-01	5.09e-01	6.87e-04	0.00e+00	0.00e+00	0.00e+00	0.00e+00	0.00e+00	1.19e-104
 1.17182e+13	1.59e-30	3.83e-22	9.28e-15	4.14e-08	5.12e-01	4.87e-01	6.04e-04	0.00e+00	0.00e+00	0.00e+00	0.00e+00	0.00e+00	1.52e-88
 1.21046e+13	2.09e-30	4.79e-22	1.10e-14	4.61e-08	5.31e-01	4.69e-01	5.40e-04	0.00e+00	0.00e+00	0.00e+00	0.00e+00	0.00e+00	6.87e-104
 1.25230e+13	2.79e-30	6.04e-22	1.32e-14	5.16e-08	5.50e-01	4.50e-01	4.81e-04	0.00e+00	0.00e+00	0.00e+00	0.00e+00	0.00e+00	5.67e-88
 1.29865e+13	3.78e-30	7.72e-22	1.59e-14	5.80e-08	5.70e-01	4.29e-01	4.23e-04	0.00e+00	0.00e+00	0.00e+00	0.00e+00	0.00e+00	3.91e-103
 1.34160e+13	4.96e-30	9.59e-22	1.88e-14	6.44e-08	5.88e-01	4.12e-01	3.77e-04	0.00e+00	0.00e+00	0.00e+00	0.00e+00	0.00e+00	2.19e-87
 1.38817e+13	6.58e-30	1.20e-21	2.24e-14	7.17e-08	6.07e-01	3.93e-01	3.34e-04	0.00e+00	0.00e+00	0.00e+00	0.00e+00	0.00e+00	2.02e-102
 1.43996e+13	8.89e-30	1.53e-21	2.69e-14	8.04e-08	6.26e-01	3.74e-01	2.93e-04	0.00e+00	0.00e+00	0.00e+00	0.00e+00	0.00e+00	8.73e-87
 1.48828e+13	1.16e-29	1.90e-21	3.17e-14	8.89e-08	6.43e-01	3.57e-01	2.59e-04	0.00e+00	0.00e+00	0.00e+00	0.00e+00	0.00e+00	1.11e-101
 1.54083e+13	1.54e-29	2.38e-21	3.77e-14	9.87e-08	6.61e-01	3.39e-01	2.28e-04	0.00e+00	0.00e+00	0.00e+00	0.00e+00	0.00e+00	3.26e-86
 1.59928e+13	2.08e-29	3.02e-21	4.52e-14	1.10e-07	6.79e-01	3.21e-01	1.99e-04	0.00e+00	0.00e+00	0.00e+00	0.00e+00	0.00e+00	6.45e-101
 1.65392e+13	2.71e-29	3.74e-21	5.32e-14	1.22e-07	6.95e-01	3.05e-01	1.75e-04	0.00e+00	0.00e+00	0.00e+00	0.00e+00	0.00e+00	1.29e-85
 1.71348e+13	3.60e-29	4.68e-21	6.30e-14	1.35e-07	7.12e-01	2.88e-01	1.54e-04	0.00e+00	0.00e+00	0.00e+00	0.00e+00	0.00e+00	3.48e-100
 1.77998e+13	4.85e-29	5.94e-21	7.55e-14	1.50e-07	7.29e-01	2.71e-01	1.33e-04	0.00e+00	0.00e+00	0.00e+00	0.00e+00	0.00e+00	5.33e-85
 1.84257e+13	6.36e-29	7.38e-21	8.88e-14	1.65e-07	7.44e-01	2.56e-01	1.16e-04	0.00e+00	0.00e+00	0.00e+00	0.00e+00	0.00e+00	2.04e-99
 1.91098e+13	8.46e-29	9.25e-21	1.05e-13	1.83e-07	7.59e-01	2.41e-01	1.01e-04	0.00e+00	0.00e+00	0.00e+00	0.00e+00	0.00e+00	2.12e-84
 1.98761e+13	1.15e-28	1.18e-20	1.26e-13	2.03e-07	7.74e-01	2.26e-01	8.69e-05	0.00e+00	0.00e+00	0.00e+00	0.00e+00	0.00e+00	1.29e-98
 2.06021e+13	1.51e-28	1.47e-20	1.49e-13	2.24e-07	7.88e-01	2.12e-01	7.56e-05	0.00e+00	0.00e+00	0.00e+00	0.00e+00	0.00e+00	9.07e-84
 2.13825e+13	2.01e-28	1.84e-20	1.76e-13	2.47e-07	8.01e-01	1.99e-01	6.54e-05	0.00e+00	0.00e+00	0.00e+00	0.00e+00	0.00e+00	7.64e-98
 2.22677e+13	2.75e-28	2.35e-20	2.11e-13	2.74e-07	8.15e-01	1.85e-01	5.58e-05	0.00e+00	0.00e+00	0.00e+00	0.00e+00	0.00e+00	4.11e-83
 2.31405e+13	3.69e-28	2.96e-20	2.50e-13	3.03e-07	8.27e-01	1.73e-01	4.79e-05	0.00e+00	0.00e+00	0.00e+00	0.00e+00	0.00e+00	5.23e-97
 2.40481e+13	4.94e-28	3.73e-20	2.97e-13	3.34e-07	8.38e-01	1.62e-01	4.12e-05	0.00e+00	0.00e+00	0.00e+00	0.00e+00	0.00e+00	1.85e-82
 2.50400e+13	6.71e-28	4.75e-20	3.54e-13	3.69e-07	8.50e-01	1.50e-01	3.50e-05	0.00e+00	0.00e+00	0.00e+00	0.00e+00	0.00e+00	3.58e-96
 2.60715e+13	9.16e-28	6.06e-20	4.22e-13	4.07e-07	8.60e-01	1.40e-01	2.99e-05	0.00e+00	0.00e+00	0.00e+00	0.00e+00	0.00e+00	9.16e-82
 2.70800e+13	1.22e-27	7.58e-20	4.98e-13	4.47e-07	8.70e-01	1.30e-01	2.57e-05	0.00e+00	0.00e+00	0.00e+00	0.00e+00	0.00e+00	2.45e-95
 2.79982e+13	1.57e-27	9.23e-20	5.74e-13	4.84e-07	8.78e-01	1.22e-01	2.25e-05	0.00e+00	0.00e+00	0.00e+00	0.00e+00	0.00e+00	3.72e-81
 2.88145e+13	1.95e-27	1.09e-19	6.49e-13	5.18e-07	8.84e-01	1.16e-01	2.01e-05	0.00e+00	0.00e+00	0.00e+00	0.00e+00	0.00e+00	1.13e-94
 2.96902e+13	2.45e-27	1.31e-19	7.37e-13	5.56e-07	8.91e-01	1.09e-01	1.78e-05	0.00e+00	0.00e+00	0.00e+00	0.00e+00	0.00e+00	1.20e-80
 3.08039e+13	3.25e-27	1.63e-19	8.61e-13	6.05e-07	8.98e-01	1.02e-01	1.54e-05	0.00e+00	0.00e+00	0.00e+00	0.00e+00	0.00e+00	5.88e-94
 3.19372e+13	4.26e-27	2.01e-19	1.00e-12	6.59e-07	9.05e-01	9.53e-02	1.33e-05	0.00e+00	0.00e+00	0.00e+00	0.00e+00	0.00e+00	5.18e-80
 3.28929e+13	5.33e-27	2.39e-19	1.14e-12	7.06e-07	9.10e-01	9.00e-02	1.18e-05	0.00e+00	0.00e+00	0.00e+00	0.00e+00	0.00e+00	2.95e-93
 3.39071e+13	6.73e-27	2.86e-19	1.29e-12	7.55e-07	9.15e-01	8.51e-02	1.05e-05	0.00e+00	0.00e+00	0.00e+00	0.00e+00	0.00e+00	1.75e-79
 3.51849e+13	8.95e-27	3.56e-19	1.50e-12	8.20e-07	9.21e-01	7.93e-02	9.06e-06	0.00e+00	0.00e+00	0.00e+00	0.00e+00	0.00e+00	1.59e-92
 3.64908e+13	1.18e-26	4.40e-19	1.75e-12	8.91e-07	9.26e-01	7.39e-02	7.81e-06	0.00e+00	0.00e+00	0.00e+00	0.00e+00	0.00e+00	7.80e-79
 3.76063e+13	1.48e-26	5.26e-19	1.98e-12	9.52e-07	9.30e-01	6.98e-02	6.94e-06	0.00e+00	0.00e+00	0.00e+00	0.00e+00	0.00e+00	8.33e-92
 3.87891e+13	1.88e-26	6.32e-19	2.25e-12	1.02e-06	9.34e-01	6.58e-02	6.14e-06	0.00e+00	0.00e+00	0.00e+00	0.00e+00	0.00e+00	2.76e-78
 4.02617e+13	2.51e-26	7.88e-19	2.62e-12	1.10e-06	9.39e-01	6.13e-02	5.30e-06	0.00e+00	0.00e+00	0.00e+00	0.00e+00	0.00e+00	4.63e-91
 4.17720e+13	3.32e-26	9.76e-19	3.05e-12	1.20e-06	9.43e-01	5.70e-02	4.56e-06	0.00e+00	0.00e+00	0.00e+00	0.00e+00	0.00e+00	1.27e-77
 4.30960e+13	4.23e-26	1.17e-18	3.46e-12	1.28e-06	9.46e-01	5.37e-02	4.04e-06	0.00e+00	0.00e+00	0.00e+00	0.00e+00	0.00e+00	2.54e-90
 4.45168e+13	5.45e-26	1.42e-18	3.95e-12	1.37e-06	9.50e-01	5.05e-02	3.56e-06	0.00e+00	0.00e+00	0.00e+00	0.00e+00	0.00e+00	4.88e-77
 4.62412e+13	7.33e-26	1.78e-18	4.61e-12	1.48e-06	9.53e-01	4.69e-02	3.07e-06	0.00e+00	0.00e+00	0.00e+00	0.00e+00	0.00e+00	1.52e-89
 4.79930e+13	9.72e-26	2.21e-18	5.36e-12	1.61e-06	9.56e-01	4.36e-02	2.64e-06	0.00e+00	0.00e+00	0.00e+00	0.00e+00	0.00e+00	2.35e-76
 4.95804e+13	1.26e-25	2.69e-18	6.11e-12	1.72e-06	9.59e-01	4.10e-02	2.33e-06	0.00e+00	0.00e+00	0.00e+00	0.00e+00	0.00e+00	4.75e-76
 5.13214e+13	1.65e-25	3.30e-18	7.02e-12	1.85e-06	9.62e-01	3.84e-02	2.03e-06	0.00e+00	0.00e+00	0.00e+00	0.00e+00	0.00e+00	9.95e-76
 5.33665e+13	2.24e-25	4.17e-18	8.22e-12	2.00e-06	9.64e-01	3.56e-02	1.74e-06	0.00e+00	0.00e+00	0.00e+00	0.00e+00	0.00e+00	2.31e-75
 5.54121e+13	3.00e-25	5.20e-18	9.56e-12	2.17e-06	9.67e-01	3.31e-02	1.50e-06	0.00e+00	0.00e+00	0.00e+00	0.00e+00	0.00e+00	5.10e-75
 5.73535e+13	3.94e-25	6.38e-18	1.10e-11	2.32e-06	9.69e-01	3.10e-02	1.31e-06	0.00e+00	0.00e+00	0.00e+00	0.00e+00	0.00e+00	1.08e-74
 5.94917e+13	5.26e-25	7.94e-18	1.27e-11	2.50e-06	9.71e-01	2.89e-02	1.14e-06	0.00e+00	0.00e+00	0.00e+00	0.00e+00	0.00e+00	2.39e-74
 6.19013e+13	7.17e-25	1.00e-17	1.49e-11	2.71e-06	9.73e-01	2.67e-02	9.75e-07	0.00e+00	0.00e+00	0.00e+00	0.00e+00	0.00e+00	5.55e-74
 6.43287e+13	9.73e-25	1.26e-17	1.74e-11	2.93e-06	9.75e-01	2.48e-02	0.00e+00	0.00e+00	0.00e+00	0.00e+00	0.00e+00	0.00e+00	1.29e-73
 6.68532e+13	1.32e-24	1.59e-17	2.03e-11	3.17e-06	9.77e-01	2.31e-02	0.00e+00	0.00e+00	0.00e+00	0.00e+00	0.00e+00	0.00e+00	2.99e-73
 6.95573e+13	1.81e-24	2.01e-17	2.37e-11	3.43e-06	9.79e-01	2.14e-02	0.00e+00	0.00e+00	0.00e+00	0.00e+00	0.00e+00	0.00e+00	7.06e-73
 7.23695e+13	2.47e-24	2.55e-17	2.78e-11	3.71e-06	9.80e-01	1.98e-02	0.00e+00	0.00e+00	0.00e+00	0.00e+00	0.00e+00	0.00e+00	1.67e-72
 7.50990e+13	3.30e-24	3.17e-17	3.22e-11	4.00e-06	9.82e-01	1.84e-02	0.00e+00	0.00e+00	0.00e+00	0.00e+00	0.00e+00	0.00e+00	3.70e-72
 7.76769e+13	4.32e-24	3.87e-17	3.68e-11	4.28e-06	9.83e-01	1.73e-02	0.00e+00	0.00e+00	0.00e+00	0.00e+00	0.00e+00	0.00e+00	7.74e-72
 8.01171e+13	5.52e-24	4.66e-17	4.16e-11	4.55e-06	9.84e-01	1.63e-02	0.00e+00	0.00e+00	0.00e+00	0.00e+00	1.50e-17	3.16e-17	1.53e-71
 8.27811e+13	7.15e-24	5.66e-17	4.74e-11	4.86e-06	9.85e-01	1.53e-02	0.00e+00	0.00e+00	0.00e+00	0.00e+00	1.88e-17	3.78e-17	3.12e-71
 8.57413e+13	9.41e-24	6.96e-17	5.45e-11	5.21e-06	9.86e-01	1.42e-02	0.00e+00	0.00e+00	0.00e+00	0.00e+00	2.31e-17	4.65e-17	6.62e-71
 8.85151e+13	1.21e-23	8.41e-17	6.19e-11	5.55e-06	9.87e-01	1.34e-02	0.00e+00	0.00e+00	0.00e+00	0.00e+00	2.79e-17	5.62e-17	1.33e-70
 9.15497e+13	1.58e-23	1.03e-16	7.07e-11	5.94e-06	9.87e-01	1.25e-02	0.00e+00	0.00e+00	0.00e+00	0.00e+00	3.42e-17	6.88e-17	2.79e-70
 9.49764e+13	2.11e-23	1.28e-16	8.19e-11	6.39e-06	9.88e-01	1.17e-02	0.00e+00	0.00e+00	0.00e+00	0.00e+00	4.25e-17	8.55e-17	6.17e-70
 9.82713e+13	2.75e-23	1.56e-16	9.38e-11	6.84e-06	9.89e-01	1.09e-02	0.00e+00	0.00e+00	0.00e+00	0.00e+00	5.18e-17	1.04e-16	1.27e-69
 1.01867e+14	3.66e-23	1.93e-16	1.08e-10	7.35e-06	9.90e-01	1.02e-02	0.00e+00	0.00e+00	0.00e+00	0.00e+00	6.41e-17	1.29e-16	2.78e-69
 1.05971e+14	4.99e-23	2.45e-16	1.27e-10	7.95e-06	9.91e-01	9.42e-03	0.00e+00	0.00e+00	0.00e+00	0.00e+00	8.12e-17	1.63e-16	6.58e-69
 1.09991e+14	6.65e-23	3.04e-16	1.47e-10	8.57e-06	9.91e-01	8.75e-03	0.00e+00	0.00e+00	0.00e+00	0.00e+00	1.01e-16	2.03e-16	1.44e-68
 1.14171e+14	8.95e-23	3.80e-16	1.70e-10	9.23e-06	9.92e-01	8.13e-03	0.00e+00	0.00e+00	0.00e+00	0.00e+00	1.26e-16	2.54e-16	3.28e-68
 1.18377e+14	1.18e-22	4.68e-16	1.97e-10	9.93e-06	9.92e-01	7.56e-03	0.00e+00	0.00e+00	0.00e+00	0.00e+00	1.55e-16	3.13e-16	6.98e-68
 1.22084e+14	1.50e-22	5.62e-16	2.23e-10	1.06e-05	9.93e-01	7.12e-03	0.00e+00	0.00e+00	0.00e+00	0.00e+00	1.87e-16	3.76e-16	1.37e-67
 1.26119e+14	1.93e-22	6.79e-16	2.54e-10	1.13e-05	9.93e-01	6.67e-03	0.00e+00	0.00e+00	0.00e+00	0.00e+00	2.25e-16	4.53e-16	2.70e-67
 1.30983e+14	2.58e-22	8.47e-16	2.95e-10	1.22e-05	9.94e-01	6.18e-03	0.00e+00	0.00e+00	0.00e+00	0.00e+00	2.81e-16	5.66e-16	6.01e-67
 1.35813e+14	3.43e-22	1.05e-15	3.41e-10	1.31e-05	9.94e-01	5.75e-03	0.00e+00	0.00e+00	0.00e+00	0.00e+00	3.49e-16	7.03e-16	1.32e-66
 1.40132e+14	4.35e-22	1.26e-15	3.87e-10	1.40e-05	9.95e-01	5.40e-03	0.00e+00	0.00e+00	0.00e+00	0.00e+00	4.17e-16	8.41e-16	2.52e-66
 1.44897e+14	5.62e-22	1.53e-15	4.42e-10	1.49e-05	9.95e-01	5.05e-03	0.00e+00	0.00e+00	0.00e+00	0.00e+00	5.07e-16	1.02e-15	5.11e-66
 1.50558e+14	7.54e-22	1.91e-15	5.16e-10	1.62e-05	9.95e-01	4.67e-03	0.00e+00	0.00e+00	0.00e+00	0.00e+00	6.34e-16	1.28e-15	1.14e-65
 1.56145e+14	9.99e-22	2.37e-15	5.97e-10	1.74e-05	9.96e-01	4.35e-03	0.00e+00	0.00e+00	0.00e+00	0.00e+00	7.85e-16	1.58e-15	2.48e-65
 1.61250e+14	1.28e-21	2.86e-15	6.79e-10	1.86e-05	9.96e-01	4.08e-03	0.00e+00	0.00e+00	0.00e+00	0.00e+00	9.49e-16	1.91e-15	4.94e-65
 1.66962e+14	1.66e-21	3.49e-15	7.81e-10	1.99e-05	9.96e-01	3.80e-03	0.00e+00	0.00e+00	0.00e+00	0.00e+00	1.16e-15	2.33e-15	1.01e-64
 1.73609e+14	2.25e-21	4.40e-15	9.13e-10	2.16e-05	9.96e-01	3.51e-03	0.00e+00	0.00e+00	0.00e+00	0.00e+00	1.46e-15	2.94e-15	2.33e-64
 1.80139e+14	2.96e-21	5.42e-15	1.06e-09	2.33e-05	9.97e-01	3.26e-03	0.00e+00	0.00e+00	0.00e+00	0.00e+00	1.80e-15	3.62e-15	4.92e-64
 1.86293e+14	3.84e-21	6.61e-15	1.21e-09	2.49e-05	9.97e-01	3.05e-03	0.00e+00	0.00e+00	0.00e+00	0.00e+00	2.19e-15	4.42e-15	1.02e-63
 1.93137e+14	5.01e-21	8.10e-15	1.40e-09	2.68e-05	9.97e-01	2.83e-03	0.00e+00	0.00e+00	0.00e+00	0.00e+00	2.68e-15	5.41e-15	2.10e-63
 2.00892e+14	6.79e-21	1.02e-14	1.64e-09	2.90e-05	9.97e-01	2.61e-03	0.00e+00	0.00e+00	0.00e+00	0.00e+00	3.39e-15	6.83e-15	4.88e-63
 2.08649e+14	8.95e-21	1.26e-14	1.91e-09	3.14e-05	9.98e-01	2.42e-03	0.00e+00	0.00e+00	0.00e+00	0.00e+00	4.18e-15	8.44e-15	1.04e-62
 2.15895e+14	1.16e-20	1.54e-14	2.19e-09	3.36e-05	9.98e-01	2.26e-03	0.00e+00	0.00e+00	0.00e+00	0.00e+00	5.09e-15	1.03e-14	2.11e-62
 2.23740e+14	1.52e-20	1.89e-14	2.53e-09	3.61e-05	9.98e-01	2.10e-03	0.00e+00	0.00e+00	0.00e+00	0.00e+00	6.28e-15	1.27e-14	4.51e-62
 2.32720e+14	2.02e-20	2.36e-14	2.96e-09	3.92e-05	9.98e-01	1.94e-03	0.00e+00	0.00e+00	0.00e+00	0.00e+00	7.80e-15	1.58e-14	9.84e-62
 2.41185e+14	2.66e-20	2.91e-14	3.41e-09	4.21e-05	9.98e-01	1.80e-03	0.00e+00	0.00e+00	0.00e+00	0.00e+00	9.63e-15	1.95e-14	2.12e-61
 2.48810e+14	3.31e-20	3.45e-14	3.87e-09	4.49e-05	9.98e-01	1.69e-03	0.00e+00	0.00e+00	0.00e+00	0.00e+00	1.14e-14	2.30e-14	3.87e-61
 2.56017e+14	4.10e-20	4.06e-14	4.33e-09	4.75e-05	9.98e-01	1.60e-03	0.00e+00	0.00e+00	0.00e+00	0.00e+00	1.34e-14	2.71e-14	7.01e-61
 2.63998e+14	5.18e-20	4.86e-14	4.90e-09	5.06e-05	9.98e-01	1.50e-03	0.00e+00	0.00e+00	0.00e+00	0.00e+00	1.61e-14	3.25e-14	1.34e-60
 2.72915e+14	6.55e-20	5.82e-14	5.60e-09	5.41e-05	9.99e-01	1.40e-03	0.00e+00	0.00e+00	0.00e+00	0.00e+00	1.93e-14	3.90e-14	2.57e-60
 2.81313e+14	8.27e-20	6.96e-14	6.32e-09	5.75e-05	9.99e-01	1.32e-03	0.00e+00	0.00e+00	0.00e+00	0.00e+00	2.30e-14	4.66e-14	4.92e-60
 2.90493e+14	1.03e-19	8.28e-14	7.19e-09	6.14e-05	9.99e-01	1.24e-03	0.00e+00	0.00e+00	0.00e+00	0.00e+00	2.74e-14	5.54e-14	9.09e-60
 3.00742e+14	1.34e-19	1.01e-13	8.25e-09	6.59e-05	9.99e-01	1.15e-03	0.00e+00	0.00e+00	0.00e+00	0.00e+00	3.34e-14	6.76e-14	1.87e-59
 3.10462e+14	1.70e-19	1.21e-13	9.37e-09	7.03e-05	9.99e-01	1.08e-03	0.00e+00	0.00e+00	0.00e+00	0.00e+00	4.01e-14	8.12e-14	3.64e-59
 3.21179e+14	2.15e-19	1.46e-13	1.07e-08	7.53e-05	9.99e-01	1.01e-03	0.00e+00	0.00e+00	0.00e+00	0.00e+00	4.82e-14	9.76e-14	7.01e-59
 3.33023e+14	2.83e-19	1.80e-13	1.24e-08	8.10e-05	9.99e-01	9.37e-04	0.00e+00	0.00e+00	0.00e+00	0.00e+00	5.95e-14	1.21e-13	1.51e-58
 3.43979e+14	3.53e-19	2.14e-13	1.41e-08	8.66e-05	9.99e-01	8.77e-04	0.00e+00	0.00e+00	0.00e+00	0.00e+00	7.07e-14	1.43e-13	2.79e-58
 3.55870e+14	4.57e-19	2.61e-13	1.62e-08	9.27e-05	9.99e-01	8.18e-04	0.00e+00	0.00e+00	0.00e+00	0.00e+00	8.62e-14	1.75e-13	5.73e-58
 3.69133e+14	5.90e-19	3.18e-13	1.88e-08	1.00e-04	9.99e-01	7.59e-04	0.00e+00	0.00e+00	0.00e+00	0.00e+00	1.05e-13	2.13e-13	1.16e-57
 3.81541e+14	7.51e-19	3.84e-13	2.14e-08	1.07e-04	9.99e-01	7.10e-04	0.00e+00	0.00e+00	0.00e+00	0.00e+00	1.27e-13	2.57e-13	2.30e-57
 3.95032e+14	9.56e-19	4.63e-13	2.46e-08	1.15e-04	9.99e-01	6.60e-04	0.00e+00	0.00e+00	0.00e+00	0.00e+00	1.53e-13	3.10e-13	4.47e-57
 4.10025e+14	1.25e-18	5.70e-13	2.86e-08	1.24e-04	9.99e-01	6.12e-04	0.00e+00	0.00e+00	0.00e+00	0.00e+00	1.88e-13	3.82e-13	9.45e-57
 4.24051e+14	1.57e-18	6.83e-13	3.27e-08	1.33e-04	9.99e-01	5.70e-04	0.00e+00	0.00e+00	0.00e+00	0.00e+00	2.25e-13	4.58e-13	1.80e-56
 4.39338e+14	2.04e-18	8.38e-13	3.77e-08	1.43e-04	9.99e-01	5.31e-04	0.00e+00	0.00e+00	0.00e+00	0.00e+00	2.76e-13	5.62e-13	3.78e-56
 4.56450e+14	2.64e-18	1.02e-12	4.39e-08	1.55e-04	9.99e-01	4.90e-04	0.00e+00	0.00e+00	0.00e+00	0.00e+00	3.38e-13	6.87e-13	7.73e-56
 4.72603e+14	3.40e-18	1.25e-12	5.05e-08	1.66e-04	9.99e-01	4.56e-04	0.00e+00	0.00e+00	0.00e+00	0.00e+00	4.12e-13	8.38e-13	1.58e-55
 4.89894e+14	4.30e-18	1.51e-12	5.84e-08	1.79e-04	9.99e-01	4.22e-04	0.00e+00	0.00e+00	0.00e+00	0.00e+00	4.96e-13	1.01e-12	3.05e-55
 5.09106e+14	5.68e-18	1.87e-12	6.81e-08	1.94e-04	9.99e-01	3.90e-04	0.00e+00	0.00e+00	0.00e+00	0.00e+00	6.15e-13	1.25e-12	6.65e-55
 5.27761e+14	7.20e-18	2.26e-12	7.87e-08	2.09e-04	9.99e-01	3.62e-04	0.00e+00	0.00e+00	0.00e+00	0.00e+00	7.44e-13	1.52e-12	1.31e-54
 5.47577e+14	9.34e-18	2.78e-12	9.13e-08	2.26e-04	9.99e-01	3.35e-04	0.00e+00	0.00e+00	0.00e+00	0.00e+00	9.14e-13	1.86e-12	2.75e-54
 5.69510e+14	1.21e-17	3.41e-12	1.07e-07	2.45e-04	9.99e-01	3.08e-04	0.00e+00	0.00e+00	0.00e+00	0.00e+00	1.12e-12	2.29e-12	5.70e-54
 5.91026e+14	1.56e-17	4.18e-12	1.24e-07	2.65e-04	9.99e-01	2.85e-04	0.00e+00	0.00e+00	0.00e+00	0.00e+00	1.38e-12	2.81e-12	1.19e-53
 6.08750e+14	1.89e-17	4.87e-12	1.40e-07	2.83e-04	9.99e-01	2.67e-04	0.00e+00	0.00e+00	0.00e+00	0.00e+00	1.60e-12	3.27e-12	2.03e-53
 6.22947e+14	2.21e-17	5.51e-12	1.54e-07	2.97e-04	9.99e-01	2.54e-04	0.00e+00	0.00e+00	0.00e+00	0.00e+00	1.81e-12	3.70e-12	3.16e-53
 6.38604e+14	2.61e-17	6.31e-12	1.70e-07	3.13e-04	9.99e-01	2.41e-04	0.00e+00	0.00e+00	0.00e+00	0.00e+00	2.07e-12	4.24e-12	5.14e-53
 6.58959e+14	3.21e-17	7.43e-12	1.93e-07	3.35e-04	9.99e-01	2.25e-04	0.00e+00	0.00e+00	0.00e+00	0.00e+00	2.44e-12	4.99e-12	9.21e-53
 6.80819e+14	3.97e-17	8.82e-12	2.20e-07	3.59e-04	9.99e-01	2.10e-04	0.00e+00	0.00e+00	0.00e+00	0.00e+00	2.90e-12	5.92e-12	1.70e-52
 7.00281e+14	4.79e-17	1.03e-11	2.46e-07	3.82e-04	9.99e-01	1.97e-04	0.00e+00	4.00e-18	1.20e-17	2.00e-17	3.37e-12	6.90e-12	2.94e-52
 7.21225e+14	5.79e-17	1.20e-11	2.78e-07	4.07e-04	9.99e-01	1.85e-04	0.00e+00	4.84e-18	1.45e-17	2.43e-17	3.93e-12	8.04e-12	5.06e-52
 7.47738e+14	7.31e-17	1.45e-11	3.22e-07	4.41e-04	9.99e-01	1.71e-04	0.00e+00	6.11e-18	1.84e-17	3.07e-17	4.75e-12	9.72e-12	9.99e-52
 7.74586e+14	9.18e-17	1.74e-11	3.71e-07	4.76e-04	9.99e-01	1.58e-04	0.00e+00	7.68e-18	2.31e-17	3.85e-17	5.73e-12	1.17e-11	1.97e-51
 7.97477e+14	1.11e-16	2.03e-11	4.18e-07	5.08e-04	9.99e-01	1.48e-04	0.00e+00	9.28e-18	2.79e-17	4.65e-17	6.65e-12	1.36e-11	3.38e-51
 8.22135e+14	1.34e-16	2.38e-11	4.72e-07	5.43e-04	9.99e-01	1.39e-04	0.00e+00	1.13e-17	3.38e-17	5.65e-17	7.81e-12	1.60e-11	6.05e-51
 8.52808e+14	1.70e-16	2.88e-11	5.49e-07	5.90e-04	9.99e-01	1.28e-04	0.00e+00	1.43e-17	4.29e-17	7.16e-17	9.44e-12	1.93e-11	1.20e-50
 8.84130e+14	2.14e-16	3.47e-11	6.35e-07	6.39e-04	9.99e-01	1.18e-04	0.00e+00	1.80e-17	5.39e-17	9.01e-17	1.14e-11	2.33e-11	2.38e-50
 9.11667e+14	2.61e-16	4.09e-11	7.19e-07	6.84e-04	9.99e-01	1.10e-04	0.00e+00	2.20e-17	6.59e-17	1.10e-16	1.34e-11	2.75e-11	4.34e-50
 9.41457e+14	3.16e-16	4.81e-11	8.19e-07	7.35e-04	9.99e-01	1.03e-04	0.00e+00	2.66e-17	7.99e-17	1.34e-16	1.58e-11	3.23e-11	7.87e-50
 9.77476e+14	4.04e-16	5.86e-11	9.55e-07	8.01e-04	9.99e-01	9.44e-05	0.00e+00	3.41e-17	1.02e-16	1.71e-16	1.92e-11	3.94e-11	1.63e-49
 1.01325e+15	5.07e-16	7.07e-11	1.10e-06	8.68e-04	9.99e-01	8.70e-05	0.00e+00	4.28e-17	1.28e-16	2.14e-16	2.32e-11	4.75e-11	3.28e-49
 1.04504e+15	6.17e-16	8.30e-11	1.25e-06	9.30e-04	9.99e-01	8.13e-05	0.00e+00	5.21e-17	1.56e-16	2.61e-16	2.72e-11	5.58e-11	5.98e-49
 1.08001e+15	7.56e-16	9.83e-11	1.43e-06	1.00e-03	9.99e-01	7.54e-05	0.00e+00	6.39e-17	1.92e-16	3.20e-16	3.22e-11	6.60e-11	1.13e-48
 1.12178e+15	9.57e-16	1.20e-10	1.66e-06	1.09e-03	9.99e-01	6.93e-05	0.00e+00	8.10e-17	2.43e-16	4.06e-16	3.93e-11	8.04e-11	2.36e-48
 1.16336e+15	1.20e-15	1.44e-10	1.93e-06	1.19e-03	9.99e-01	6.38e-05	0.00e+00	1.02e-16	3.06e-16	5.10e-16	4.74e-11	9.71e-11	4.83e-48
 1.20137e+15	1.48e-15	1.71e-10	2.19e-06	1.27e-03	9.99e-01	5.95e-05	0.00e+00	1.25e-16	3.76e-16	6.28e-16	5.62e-11	1.15e-10	9.19e-48
 1.24377e+15	1.84e-15	2.05e-10	2.52e-06	1.38e-03	9.99e-01	5.50e-05	0.00e+00	1.56e-16	4.69e-16	7.84e-16	6.73e-11	1.38e-10	1.84e-47
 1.29310e+15	2.34e-15	2.51e-10	2.95e-06	1.50e-03	9.98e-01	5.04e-05	0.00e+00	1.99e-16	5.98e-16	9.98e-16	8.24e-11	1.69e-10	4.02e-47
 1.34165e+15	2.96e-15	3.04e-10	3.42e-06	1.63e-03	9.98e-01	4.64e-05	0.00e+00	2.52e-16	7.56e-16	1.26e-15	1.00e-10	2.04e-10	8.56e-47
 1.38777e+15	3.65e-15	3.63e-10	3.91e-06	1.76e-03	9.98e-01	4.30e-05	0.00e+00	3.12e-16	9.36e-16	1.56e-15	1.19e-10	2.44e-10	1.72e-46
 1.43895e+15	4.61e-15	4.39e-10	4.52e-06	1.92e-03	9.98e-01	3.97e-05	0.00e+00	3.93e-16	1.18e-15	1.97e-15	1.44e-10	2.95e-10	3.66e-46
 1.48718e+15	5.57e-15	5.18e-10	5.15e-06	2.06e-03	9.98e-01	3.69e-05	0.00e+00	4.76e-16	1.43e-15	2.39e-15	1.70e-10	3.48e-10	6.96e-46
 1.52332e+15	6.50e-15	5.90e-10	5.67e-06	2.18e-03	9.98e-01	3.50e-05	0.00e+00	5.56e-16	1.67e-15	2.79e-15	1.94e-10	3.96e-10	1.17e-45
 1.56042e+15	7.71e-15	6.75e-10	6.25e-06	2.30e-03	9.98e-01	3.32e-05	0.00e+00	6.61e-16	1.98e-15	3.31e-15	2.22e-10	4.53e-10	2.01e-45
 1.60866e+15	9.37e-15	7.93e-10	7.06e-06	2.46e-03	9.98e-01	3.10e-05	0.00e+00	8.04e-16	2.41e-15	4.03e-15	2.61e-10	5.32e-10	3.83e-45
 1.66078e+15	1.15e-14	9.40e-10	8.01e-06	2.64e-03	9.97e-01	2.89e-05	0.00e+00	9.86e-16	2.96e-15	4.94e-15	3.09e-10	6.31e-10	7.53e-45
 1.70750e+15	1.37e-14	1.09e-09	8.95e-06	2.81e-03	9.97e-01	2.72e-05	0.00e+00	1.18e-15	3.55e-15	5.92e-15	3.59e-10	7.32e-10	1.37e-44
 1.75780e+15	1.65e-14	1.27e-09	1.00e-05	3.00e-03	9.97e-01	2.55e-05	0.00e+00	1.42e-15	4.26e-15	7.11e-15	4.19e-10	8.54e-10	2.52e-44
 1.82197e+15	2.09e-14	1.55e-09	1.16e-05	3.25e-03	9.97e-01	2.36e-05	0.00e+00	1.80e-15	5.41e-15	9.04e-15	5.10e-10	1.04e-09	5.52e-44
 1.88704e+15	2.61e-14	1.87e-09	1.33e-05	3.52e-03	9.96e-01	2.18e-05	0.00e+00	2.26e-15	6.77e-15	1.13e-14	6.15e-10	1.25e-09	1.17e-43
 1.94161e+15	3.16e-14	2.18e-09	1.49e-05	3.75e-03	9.96e-01	2.06e-05	0.00e+00	2.73e-15	8.19e-15	1.37e-14	7.19e-10	1.46e-09	2.17e-43
 1.99967e+15	3.83e-14	2.56e-09	1.68e-05	4.00e-03	9.96e-01	1.93e-05	0.00e+00	3.31e-15	9.93e-15	1.66e-14	8.44e-10	1.72e-09	4.11e-43
 2.07315e+15	4.70e-14	3.07e-09	1.94e-05	4.34e-03	9.96e-01	1.79e-05	0.00e+00	4.07e-15	1.22e-14	2.04e-14	1.01e-09	2.06e-09	8.36e-43
 2.15081e+15	6.15e-14	3.81e-09	2.24e-05	4.71e-03	9.95e-01	1.65e-05	0.00e+00	5.33e-15	1.60e-14	2.67e-14	1.26e-09	2.55e-09	2.02e-42
 2.22066e+15	7.62e-14	4.55e-09	2.55e-05	5.05e-03	9.95e-01	1.55e-05	0.00e+00	6.61e-15	1.98e-14	3.31e-14	1.50e-09	3.05e-09	4.06e-42
 2.29622e+15	9.42e-14	5.45e-09	2.91e-05	5.44e-03	9.95e-01	1.44e-05	0.00e+00	8.18e-15	2.46e-14	4.10e-14	1.80e-09	3.65e-09	8.24e-42
 2.38573e+15	1.22e-13	6.76e-09	3.39e-05	5.93e-03	9.94e-01	1.33e-05	0.00e+00	1.06e-14	3.19e-14	5.32e-14	2.23e-09	4.53e-09	1.93e-41
 2.47361e+15	1.54e-13	8.24e-09	3.91e-05	6.41e-03	9.94e-01	1.24e-05	0.00e+00	1.34e-14	4.02e-14	6.71e-14	2.72e-09	5.52e-09	4.14e-41
 2.55361e+15	1.90e-13	9.85e-09	4.44e-05	6.88e-03	9.93e-01	1.16e-05	0.00e+00	1.66e-14	4.98e-14	8.30e-14	3.25e-09	6.60e-09	8.27e-41
 2.64308e+15	2.34e-13	1.18e-08	5.09e-05	7.42e-03	9.93e-01	1.08e-05	0.00e+00	2.05e-14	6.14e-14	1.02e-13	3.89e-09	7.89e-09	1.65e-40
 2.74753e+15	3.08e-13	1.48e-08	5.95e-05	8.09e-03	9.92e-01	1.00e-05	0.00e+00	2.69e-14	8.09e-14	1.35e-13	4.90e-09	9.93e-09	4.03e-40
 2.85053e+15	3.96e-13	1.83e-08	6.89e-05	8.76e-03	9.91e-01	9.34e-06	0.00e+00	3.46e-14	1.04e-13	1.73e-13	6.04e-09	1.22e-08	8.92e-40
 2.94803e+15	4.96e-13	2.21e-08	7.88e-05	9.43e-03	9.90e-01	8.76e-06	0.00e+00	4.34e-14	1.30e-13	2.17e-13	7.31e-09	1.48e-08	1.80e-39
 3.05637e+15	6.19e-13	2.68e-08	9.10e-05	1.02e-02	9.90e-01	8.19e-06	0.00e+00	5.43e-14	1.63e-13	2.72e-13	8.85e-09	1.79e-08	3.69e-39
 3.17866e+15	8.28e-13	3.41e-08	1.07e-04	1.11e-02	9.89e-01	7.62e-06	0.00e+00	7.26e-14	2.18e-13	3.64e-13	1.13e-08	2.28e-08	9.27e-39
 3.28134e+15	1.02e-12	4.10e-08	1.21e-04	1.19e-02	9.88e-01	7.21e-06	0.00e+00	9.00e-14	2.70e-13	4.51e-13	1.36e-08	2.74e-08	1.83e-38
 3.35541e+15	1.19e-12	4.66e-08	1.32e-04	1.25e-02	9.87e-01	6.93e-06	0.00e+00	1.04e-13	3.13e-13	5.23e-13	1.54e-08	3.12e-08	2.93e-38
 3.43299e+15	1.39e-12	5.31e-08	1.45e-04	1.32e-02	9.87e-01	6.66e-06	0.00e+00	1.22e-13	3.66e-13	6.11e-13	1.76e-08	3.56e-08	4.78e-38
 3.53383e+15	1.65e-12	6.18e-08	1.63e-04	1.40e-02	9.86e-01	6.34e-06	0.00e+00	1.45e-13	4.36e-13	7.28e-13	2.05e-08	4.14e-08	8.26e-38
 3.64628e+15	2.08e-12	7.52e-08	1.85e-04	1.50e-02	9.85e-01	6.02e-06	0.00e+00	1.83e-13	5.50e-13	9.18e-13	2.49e-08	5.03e-08	1.72e-37
 3.75113e+15	2.53e-12	8.88e-08	2.07e-04	1.59e-02	9.84e-01	5.75e-06	0.00e+00	2.23e-13	6.69e-13	1.12e-12	2.94e-08	5.94e-08	3.13e-37
 3.86477e+15	3.04e-12	1.04e-07	2.34e-04	1.70e-02	9.83e-01	5.49e-06	0.00e+00	2.69e-13	8.06e-13	1.34e-12	3.44e-08	6.95e-08	5.47e-37
 3.99288e+15	3.87e-12	1.28e-07	2.67e-04	1.83e-02	9.81e-01	5.22e-06	0.00e+00	3.42e-13	1.03e-12	1.71e-12	4.23e-08	8.55e-08	1.17e-36
 4.11439e+15	4.75e-12	1.52e-07	3.01e-04	1.95e-02	9.80e-01	5.00e-06	0.00e+00	4.19e-13	1.26e-12	2.10e-12	5.04e-08	1.02e-07	2.14e-36
 4.24691e+15	5.79e-12	1.80e-07	3.42e-04	2.08e-02	9.79e-01	4.78e-06	0.00e+00	5.12e-13	1.54e-12	2.56e-12	5.97e-08	1.21e-07	3.82e-36
 4.39593e+15	7.48e-12	2.25e-07	3.94e-04	2.25e-02	9.77e-01	4.56e-06	0.00e+00	6.62e-13	1.99e-12	3.31e-12	7.45e-08	1.50e-07	8.46e-36
 4.53664e+15	9.18e-12	2.69e-07	4.48e-04	2.40e-02	9.76e-01	4.37e-06	0.00e+00	8.14e-13	2.44e-12	4.07e-12	8.93e-08	1.80e-07	1.57e-35
 4.68982e+15	1.14e-11	3.23e-07	5.12e-04	2.58e-02	9.74e-01	4.19e-06	0.00e+00	1.01e-12	3.03e-12	5.06e-12	1.07e-07	2.16e-07	2.95e-35
 4.85875e+15	1.45e-11	3.98e-07	5.92e-04	2.78e-02	9.72e-01	4.01e-06	0.00e+00	1.29e-12	3.86e-12	6.44e-12	1.32e-07	2.66e-07	5.96e-35
 5.01474e+15	1.85e-11	4.91e-07	6.75e-04	2.99e-02	9.69e-01	3.88e-06	0.00e+00	1.64e-12	4.92e-12	8.21e-12	1.63e-07	3.28e-07	1.24e-34
 5.18413e+15	2.31e-11	5.96e-07	7.74e-04	3.21e-02	9.67e-01	3.73e-06	0.00e+00	2.06e-12	6.17e-12	1.03e-11	1.97e-07	3.98e-07	2.37e-34
 5.37183e+15	2.92e-11	7.26e-07	8.95e-04	3.46e-02	9.64e-01	3.59e-06	0.00e+00	2.60e-12	7.80e-12	1.30e-11	2.41e-07	4.85e-07	4.53e-34
 5.54781e+15	3.65e-11	8.81e-07	1.02e-03	3.71e-02	9.62e-01	3.48e-06	0.00e+00	3.25e-12	9.74e-12	1.63e-11	2.92e-07	5.89e-07	8.65e-34
 5.74106e+15	4.76e-11	1.11e-06	1.18e-03	4.01e-02	9.59e-01	3.38e-06	0.00e+00	4.24e-12	1.27e-11	2.12e-11	3.67e-07	7.39e-07	1.84e-33
 5.95270e+15	6.08e-11	1.37e-06	1.38e-03	4.34e-02	9.55e-01	3.27e-06	0.00e+00	5.42e-12	1.63e-11	2.71e-11	4.54e-07	9.15e-07	3.63e-33
 6.14191e+15	7.51e-11	1.63e-06	1.57e-03	4.64e-02	9.52e-01	3.19e-06	0.00e+00	6.70e-12	2.01e-11	3.35e-11	5.42e-07	1.09e-06	6.37e-33
 6.31547e+15	9.13e-11	1.94e-06	1.76e-03	4.94e-02	9.49e-01	3.12e-06	0.00e+00	8.15e-12	2.45e-11	4.08e-11	6.43e-07	1.30e-06	1.10e-32
 6.51503e+15	1.17e-10	2.39e-06	2.02e-03	5.30e-02	9.45e-01	3.06e-06	0.00e+00	1.04e-11	3.13e-11	5.22e-11	7.94e-07	1.60e-06	2.21e-32
 6.73751e+15	1.47e-10	2.92e-06	2.33e-03	5.70e-02	9.41e-01	2.98e-06	0.00e+00	1.32e-11	3.95e-11	6.59e-11	9.71e-07	1.95e-06	4.08e-32
 6.92938e+15	1.79e-10	3.44e-06	2.62e-03	6.07e-02	9.37e-01	2.92e-06	0.00e+00	1.60e-11	4.80e-11	8.00e-11	1.14e-06	2.30e-06	6.67e-32
 7.09311e+15	2.12e-10	3.98e-06	2.90e-03	6.40e-02	9.33e-01	2.88e-06	0.00e+00	1.89e-11	5.68e-11	9.48e-11	1.32e-06	2.66e-06	1.05e-31
 7.28066e+15	2.57e-10	4.68e-06	3.25e-03	6.79e-02	9.29e-01	2.84e-06	0.00e+00	2.30e-11	6.90e-11	1.15e-10	1.56e-06	3.13e-06	1.73e-31
 7.48981e+15	3.22e-10	5.70e-06	3.69e-03	7.25e-02	9.24e-01	2.80e-06	0.00e+00	2.89e-11	8.67e-11	1.45e-10	1.89e-06	3.81e-06	3.24e-31
 7.67950e+15	3.85e-10	6.65e-06	4.12e-03	7.67e-02	9.19e-01	2.76e-06	0.00e+00	3.46e-11	1.04e-10	1.73e-10	2.21e-06	4.44e-06	5.05e-31
 7.87858e+15	4.65e-10	7.74e-06	4.62e-03	8.13e-02	9.14e-01	2.72e-06	0.00e+00	4.18e-11	1.25e-10	2.09e-10	2.57e-06	5.17e-06	7.90e-31
 8.13738e+15	6.07e-10	9.74e-06	5.37e-03	8.80e-02	9.07e-01	2.69e-06	0.00e+00	5.46e-11	1.64e-10	2.73e-10	3.24e-06	6.51e-06	1.63e-30
 8.39000e+15	7.62e-10	1.18e-05	6.17e-03	9.44e-02	8.99e-01	2.65e-06	0.00e+00	6.85e-11	2.06e-10	3.43e-10	3.94e-06	7.91e-06	2.84e-30
 8.58753e+15	9.14e-10	1.38e-05	6.87e-03	9.98e-02	8.93e-01	2.63e-06	0.00e+00	8.23e-11	2.47e-10	4.12e-10	4.59e-06	9.22e-06	4.42e-30
 8.79724e+15	1.11e-09	1.63e-05	7.71e-03	1.06e-01	8.86e-01	2.60e-06	0.00e+00	1.00e-10	3.01e-10	5.02e-10	5.40e-06	1.09e-05	7.17e-30
 9.06988e+15	1.41e-09	1.96e-05	8.92e-03	1.14e-01	8.77e-01	2.56e-06	0.00e+00	1.27e-10	3.82e-10	6.37e-10	6.51e-06	1.31e-05	1.19e-29
 9.35017e+15	1.85e-09	2.47e-05	1.04e-02	1.23e-01	8.67e-01	2.56e-06	0.00e+00	1.67e-10	5.02e-10	8.37e-10	8.22e-06	1.65e-05	2.38e-29
 9.57739e+15	2.24e-09	2.90e-05	1.17e-02	1.30e-01	8.58e-01	2.53e-06	0.00e+00	2.02e-10	6.06e-10	1.01e-09	9.64e-06	1.94e-05	3.64e-29
 9.80972e+15	2.73e-09	3.40e-05	1.32e-02	1.38e-01	8.48e-01	2.51e-06	0.00e+00	2.47e-10	7.41e-10	1.24e-09	1.13e-05	2.27e-05	5.60e-29
 1.01117e+16	3.65e-09	4.35e-05	1.55e-02	1.50e-01	8.34e-01	2.49e-06	0.00e+00	3.30e-10	9.91e-10	1.65e-09	1.45e-05	2.90e-05	1.16e-28
 1.04030e+16	4.63e-09	5.22e-05	1.79e-02	1.61e-01	8.21e-01	2.47e-06	0.00e+00	4.20e-10	1.26e-09	2.10e-09	1.74e-05	3.48e-05	1.83e-28
 1.06207e+16	5.57e-09	6.12e-05	2.00e-02	1.70e-01	8.10e-01	2.46e-06	0.00e+00	5.05e-10	1.52e-09	2.53e-09	2.04e-05	4.09e-05	2.82e-28
 1.08444e+16	6.96e-09	7.35e-05	2.26e-02	1.81e-01	7.97e-01	2.46e-06	0.00e+00	6.32e-10	1.90e-09	3.16e-09	2.45e-05	4.91e-05	4.79e-28
 1.10921e+16	8.58e-09	8.66e-05	2.57e-02	1.92e-01	7.82e-01	2.44e-06	0.00e+00	7.80e-10	2.34e-09	3.90e-09	2.88e-05	5.77e-05	7.28e-28
 1.13254e+16	1.05e-08	1.03e-04	2.90e-02	2.04e-01	7.67e-01	2.43e-06	0.00e+00	9.59e-10	2.88e-09	4.80e-09	3.41e-05	6.84e-05	1.15e-27
 1.15449e+16	1.29e-08	1.21e-04	3.26e-02	2.15e-01	7.52e-01	2.43e-06	0.00e+00	1.18e-09	3.53e-09	5.88e-09	4.02e-05	8.06e-05	1.79e-27
 1.17429e+16	1.58e-08	1.43e-04	3.63e-02	2.26e-01	7.38e-01	2.44e-06	0.00e+00	1.44e-09	4.32e-09	7.20e-09	4.75e-05	9.52e-05	2.85e-27
 1.19086e+16	1.83e-08	1.60e-04	3.96e-02	2.35e-01	7.25e-01	2.44e-06	0.00e+00	1.67e-09	5.00e-09	8.33e-09	5.31e-05	1.06e-04	3.81e-27
 1.20816e+16	2.15e-08	1.82e-04	4.36e-02	2.46e-01	7.11e-01	2.44e-06	0.00e+00	1.96e-09	5.89e-09	9.82e-09	6.06e-05	1.21e-04	5.40e-27
 1.23064e+16	2.72e-08	2.21e-04	4.95e-02	2.60e-01	6.90e-01	2.45e-06	0.00e+00	2.48e-09	7.44e-09	1.24e-08	7.35e-05	1.47e-04	9.40e-27
 1.25466e+16	3.46e-08	2.66e-04	5.66e-02	2.76e-01	6.67e-01	2.46e-06	0.00e+00	3.16e-09	9.49e-09	1.58e-08	8.87e-05	1.78e-04	1.56e-26
 1.27562e+16	4.35e-08	3.19e-04	6.39e-02	2.91e-01	6.45e-01	2.49e-06	0.00e+00	3.98e-09	1.19e-08	1.99e-08	1.06e-04	2.13e-04	2.61e-26
 1.29423e+16	5.24e-08	3.70e-04	7.11e-02	3.04e-01	6.24e-01	2.50e-06	6.64e-12	4.79e-09	1.44e-08	2.40e-08	1.23e-04	2.47e-04	3.93e-26
 1.31148e+16	6.29e-08	4.28e-04	7.87e-02	3.17e-01	6.03e-01	2.52e-06	0.00e+00	5.77e-09	1.73e-08	2.88e-08	1.43e-04	2.85e-04	5.85e-26
 1.32775e+16	7.52e-08	4.92e-04	8.68e-02	3.30e-01	5.83e-01	2.53e-06	0.00e+00	6.89e-09	2.07e-08	3.45e-08	1.64e-04	3.28e-04	8.64e-26
 1.34615e+16	9.08e-08	5.61e-04	9.68e-02	3.45e-01	5.58e-01	2.53e-06	0.00e+00	8.33e-09	2.50e-08	4.16e-08	1.87e-04	3.74e-04	1.21e-25
 1.37007e+16	1.21e-07	7.12e-04	1.13e-01	3.65e-01	5.21e-01	2.56e-06	0.00e+00	1.11e-08	3.34e-08	5.56e-08	2.37e-04	4.75e-04	2.45e-25
 1.39250e+16	1.58e-07	8.71e-04	1.30e-01	3.84e-01	4.85e-01	2.60e-06	9.55e-12	1.45e-08	4.36e-08	7.26e-08	2.90e-04	5.81e-04	4.40e-25
 1.40774e+16	1.89e-07	9.87e-04	1.42e-01	3.97e-01	4.60e-01	2.62e-06	0.00e+00	1.74e-08	5.21e-08	8.68e-08	3.29e-04	6.58e-04	6.25e-25
 1.42228e+16	2.32e-07	1.17e-03	1.57e-01	4.10e-01	4.31e-01	2.66e-06	0.00e+00	2.14e-08	6.41e-08	1.07e-07	3.89e-04	7.78e-04	1.06e-24
 1.43817e+16	2.80e-07	1.33e-03	1.74e-01	4.24e-01	4.01e-01	2.66e-06	1.23e-11	2.58e-08	7.73e-08	1.29e-07	4.43e-04	8.85e-04	1.54e-24
 1.45290e+16	3.40e-07	1.54e-03	1.92e-01	4.36e-01	3.71e-01	2.68e-06	0.00e+00	3.14e-08	9.41e-08	1.57e-07	5.13e-04	1.03e-03	2.44e-24
 1.46626e+16	4.11e-07	1.77e-03	2.10e-01	4.47e-01	3.42e-01	2.70e-06	0.00e+00	3.79e-08	1.14e-07	1.89e-07	5.90e-04	1.18e-03	3.84e-24
 1.47796e+16	5.04e-07	2.07e-03	2.28e-01	4.56e-01	3.14e-01	2.77e-06	0.00e+00	4.66e-08	1.40e-07	2.33e-07	6.90e-04	1.38e-03	6.72e-24
 1.48696e+16	5.69e-07	2.27e-03	2.42e-01	4.62e-01	2.93e-01	2.77e-06	1.86e-11	5.26e-08	1.58e-07	2.63e-07	7.58e-04	1.51e-03	9.14e-24
 1.49527e+16	6.49e-07	2.49e-03	2.56e-01	4.68e-01	2.73e-01	2.77e-06	0.00e+00	6.00e-08	1.80e-07	3.00e-07	8.31e-04	1.66e-03	1.26e-23
