#depth	N	N+	N+2	N+3	N+4	N+5	N+6	N+7
 1.49634e+10	0.00e+00	0.00e+00	1.16e-27	3.13e-18	9.71e-10	9.51e-01	4.94e-02	1.20e-06
 4.54887e+10	0.00e+00	1.39e-37	1.48e-27	3.68e-18	1.06e-09	9.54e-01	4.59e-02	1.03e-06
 7.72350e+10	0.00e+00	0.00e+00	1.88e-27	4.34e-18	1.15e-09	9.58e-01	4.22e-02	8.73e-07
 1.10251e+11	0.00e+00	2.65e-37	2.40e-27	5.11e-18	1.25e-09	9.61e-01	3.89e-02	0.00e+00
 1.42308e+11	0.00e+00	0.00e+00	3.02e-27	5.95e-18	1.35e-09	9.64e-01	3.61e-02	0.00e+00
 1.72652e+11	0.00e+00	4.72e-37	3.71e-27	6.84e-18	1.45e-09	9.66e-01	3.37e-02	0.00e+00
 2.06490e+11	0.00e+00	0.00e+00	4.65e-27	7.96e-18	1.57e-09	9.69e-01	3.13e-02	0.00e+00
 2.44676e+11	0.00e+00	8.79e-37	5.93e-27	9.38e-18	1.70e-09	9.71e-01	2.89e-02	0.00e+00
 2.83272e+11	0.00e+00	0.00e+00	7.53e-27	1.10e-17	1.84e-09	9.73e-01	2.67e-02	0.00e+00
 3.23412e+11	0.00e+00	1.65e-36	9.55e-27	1.29e-17	2.00e-09	9.75e-01	2.46e-02	0.00e+00
 3.66275e+11	4.93e-47	2.29e-36	1.22e-26	1.52e-17	2.17e-09	9.77e-01	2.27e-02	0.00e+00
 4.10853e+11	0.00e+00	0.00e+00	1.56e-26	1.79e-17	2.36e-09	9.79e-01	2.09e-02	0.00e+00
 4.57214e+11	0.00e+00	4.39e-36	1.99e-26	2.11e-17	2.57e-09	9.81e-01	1.93e-02	0.00e+00
 5.05429e+11	1.67e-46	6.09e-36	2.55e-26	2.49e-17	2.79e-09	9.82e-01	1.77e-02	0.00e+00
 5.55573e+11	0.00e+00	0.00e+00	3.26e-26	2.94e-17	3.04e-09	9.84e-01	1.63e-02	0.00e+00
 6.07723e+11	0.00e+00	1.17e-35	4.18e-26	3.47e-17	3.30e-09	9.85e-01	1.50e-02	0.00e+00
 6.61958e+11	5.71e-46	1.63e-35	5.35e-26	4.09e-17	3.59e-09	9.86e-01	1.38e-02	0.00e+00
 7.12935e+11	0.00e+00	0.00e+00	6.70e-26	4.76e-17	3.87e-09	9.87e-01	1.28e-02	0.00e+00
 7.58494e+11	0.00e+00	2.84e-35	8.14e-26	5.42e-17	4.14e-09	9.88e-01	1.20e-02	0.00e+00
 8.09626e+11	1.63e-45	3.76e-35	1.01e-25	6.25e-17	4.45e-09	9.89e-01	1.12e-02	0.00e+00
 8.70260e+11	0.00e+00	0.00e+00	1.28e-25	7.35e-17	4.83e-09	9.90e-01	1.03e-02	0.00e+00
 9.31216e+11	0.00e+00	7.11e-35	1.63e-25	8.62e-17	5.23e-09	9.91e-01	9.49e-03	0.00e+00
 9.88383e+11	5.11e-45	9.43e-35	2.01e-25	9.94e-17	5.62e-09	9.91e-01	8.83e-03	0.00e+00
 1.05162e+12	0.00e+00	0.00e+00	2.53e-25	1.16e-16	6.08e-09	9.92e-01	8.17e-03	0.00e+00
 1.12361e+12	0.00e+00	1.79e-34	3.26e-25	1.37e-16	6.62e-09	9.93e-01	7.50e-03	0.00e+00
 1.19540e+12	1.70e-44	2.47e-34	4.16e-25	1.62e-16	7.19e-09	9.93e-01	6.90e-03	0.00e+00
 1.27006e+12	0.00e+00	3.41e-34	5.31e-25	1.91e-16	7.81e-09	9.94e-01	6.35e-03	0.00e+00
 1.35079e+12	3.86e-44	4.77e-34	6.85e-25	2.26e-16	8.52e-09	9.94e-01	5.83e-03	0.00e+00
 1.43475e+12	0.00e+00	6.69e-34	8.84e-25	2.69e-16	9.30e-09	9.95e-01	5.34e-03	0.00e+00
 1.51390e+12	8.63e-44	9.10e-34	1.12e-24	3.14e-16	1.01e-08	9.95e-01	4.93e-03	0.00e+00
 1.58511e+12	0.00e+00	1.19e-33	1.37e-24	3.60e-16	1.08e-08	9.95e-01	4.60e-03	0.00e+00
 1.66528e+12	1.74e-43	1.60e-33	1.71e-24	4.18e-16	1.16e-08	9.96e-01	4.27e-03	0.00e+00
 1.75978e+12	0.00e+00	2.23e-33	2.20e-24	4.96e-16	1.27e-08	9.96e-01	3.91e-03	0.00e+00
 1.85424e+12	3.94e-43	3.08e-33	2.81e-24	5.85e-16	1.38e-08	9.96e-01	3.60e-03	0.00e+00
 1.94316e+12	0.00e+00	4.13e-33	3.51e-24	6.81e-16	1.49e-08	9.97e-01	3.33e-03	0.00e+00
 2.04149e+12	8.40e-43	5.66e-33	4.46e-24	8.00e-16	1.62e-08	9.97e-01	3.07e-03	0.00e+00
 2.15308e+12	0.00e+00	7.98e-33	5.80e-24	9.55e-16	1.77e-08	9.97e-01	2.80e-03	0.00e+00
 2.26338e+12	1.94e-42	1.11e-32	7.44e-24	1.13e-15	1.93e-08	9.97e-01	2.57e-03	0.00e+00
 2.37809e+12	0.00e+00	1.54e-32	9.57e-24	1.34e-15	2.11e-08	9.98e-01	2.36e-03	0.00e+00
 2.50314e+12	4.49e-42	2.18e-32	1.25e-23	1.61e-15	2.31e-08	9.98e-01	2.15e-03	0.00e+00
 2.62933e+12	0.00e+00	3.05e-32	1.61e-23	1.91e-15	2.53e-08	9.98e-01	1.97e-03	0.00e+00
 2.76056e+12	1.03e-41	4.28e-32	2.09e-23	2.28e-15	2.77e-08	9.98e-01	1.80e-03	0.00e+00
 2.89589e+12	0.00e+00	5.98e-32	2.70e-23	2.72e-15	3.03e-08	9.98e-01	1.64e-03	0.00e+00
 3.02867e+12	2.32e-41	8.21e-32	3.44e-23	3.21e-15	3.30e-08	9.98e-01	1.51e-03	0.00e+00
 3.17179e+12	0.00e+00	1.14e-31	4.44e-23	3.82e-15	3.61e-08	9.99e-01	1.38e-03	0.00e+00
 3.32859e+12	5.36e-41	1.62e-31	5.80e-23	4.60e-15	3.97e-08	9.99e-01	1.25e-03	0.00e+00
 3.49166e+12	0.00e+00	2.29e-31	7.58e-23	5.53e-15	4.37e-08	9.99e-01	1.14e-03	0.00e+00
 3.66125e+12	1.26e-40	3.23e-31	9.91e-23	6.66e-15	4.81e-08	9.99e-01	1.04e-03	0.00e+00
 3.83763e+12	0.00e+00	4.57e-31	1.30e-22	8.02e-15	5.31e-08	9.99e-01	9.40e-04	0.00e+00
 3.99708e+12	2.79e-40	6.17e-31	1.64e-22	9.44e-15	5.78e-08	9.99e-01	8.64e-04	0.00e+00
 4.12980e+12	0.00e+00	7.86e-31	1.97e-22	1.08e-14	6.19e-08	9.99e-01	8.07e-04	0.00e+00
 4.27515e+12	5.14e-40	1.02e-30	2.41e-22	1.24e-14	6.66e-08	9.99e-01	7.50e-04	0.00e+00
 4.45941e+12	0.00e+00	1.39e-30	3.08e-22	1.47e-14	7.29e-08	9.99e-01	6.85e-04	0.00e+00
 4.65173e+12	1.11e-39	1.90e-30	3.94e-22	1.75e-14	7.99e-08	9.99e-01	6.25e-04	0.00e+00
 4.81481e+12	0.00e+00	2.46e-30	4.82e-22	2.02e-14	8.62e-08	9.99e-01	5.80e-04	0.00e+00
 4.98238e+12	2.06e-39	3.17e-30	5.88e-22	2.32e-14	9.29e-08	9.99e-01	5.39e-04	0.00e+00
 5.19361e+12	0.00e+00	4.31e-30	7.50e-22	2.76e-14	1.02e-07	1.00e+00	4.92e-04	0.00e+00
 5.40828e+12	4.31e-39	5.82e-30	9.51e-22	3.27e-14	1.12e-07	1.00e+00	4.49e-04	0.00e+00
 5.59215e+12	0.00e+00	7.45e-30	1.16e-21	3.76e-14	1.20e-07	1.00e+00	4.17e-04	0.00e+00
 5.78924e+12	7.92e-39	9.61e-30	1.41e-21	4.35e-14	1.30e-07	1.00e+00	3.86e-04	0.00e+00
 6.03362e+12	0.00e+00	1.30e-29	1.80e-21	5.17e-14	1.43e-07	1.00e+00	3.52e-04	0.00e+00
 6.28437e+12	1.64e-38	1.75e-29	2.28e-21	6.13e-14	1.56e-07	1.00e+00	3.21e-04	0.00e+00
 6.50967e+12	0.00e+00	2.27e-29	2.80e-21	7.11e-14	1.69e-07	1.00e+00	2.97e-04	0.00e+00
 6.75698e+12	3.08e-38	2.97e-29	3.47e-21	8.31e-14	1.84e-07	1.00e+00	2.73e-04	0.00e+00
 7.04967e+12	0.00e+00	4.03e-29	4.44e-21	9.93e-14	2.03e-07	1.00e+00	2.48e-04	0.00e+00
 7.34310e+12	6.33e-38	5.41e-29	5.61e-21	1.18e-13	2.23e-07	1.00e+00	2.26e-04	0.00e+00
 7.62100e+12	0.00e+00	7.05e-29	6.95e-21	1.38e-13	2.43e-07	1.00e+00	2.08e-04	0.00e+00
 7.92848e+12	1.22e-37	9.35e-29	8.71e-21	1.62e-13	2.66e-07	1.00e+00	1.90e-04	0.00e+00
 8.27555e+12	0.00e+00	1.27e-28	1.11e-20	1.94e-13	2.93e-07	1.00e+00	1.73e-04	0.00e+00
 8.62170e+12	2.49e-37	1.69e-28	1.40e-20	2.30e-13	3.21e-07	1.00e+00	1.57e-04	0.00e+00
 8.92726e+12	0.00e+00	2.16e-28	1.71e-20	2.66e-13	3.48e-07	1.00e+00	1.45e-04	0.00e+00
 9.18343e+12	4.24e-37	2.64e-28	2.01e-20	2.99e-13	3.71e-07	1.00e+00	1.37e-04	0.00e+00
 9.45904e+12	0.00e+00	3.25e-28	2.37e-20	3.38e-13	3.97e-07	1.00e+00	1.28e-04	0.00e+00
 9.81732e+12	7.42e-37	4.22e-28	2.92e-20	3.94e-13	4.31e-07	1.00e+00	1.18e-04	0.00e+00
 1.01921e+13	0.00e+00	5.47e-28	3.61e-20	4.59e-13	4.70e-07	1.00e+00	1.08e-04	0.00e+00
 1.05117e+13	1.31e-36	6.79e-28	4.29e-20	5.22e-13	5.04e-07	1.00e+00	1.01e-04	0.00e+00
 1.08506e+13	0.00e+00	8.47e-28	5.13e-20	5.94e-13	5.41e-07	1.00e+00	9.39e-05	0.00e+00
 1.12779e+13	2.36e-36	1.11e-27	6.36e-20	6.96e-13	5.90e-07	1.00e+00	8.61e-05	0.00e+00
 1.17182e+13	0.00e+00	1.44e-27	7.88e-20	8.14e-13	6.44e-07	1.00e+00	7.90e-05	0.00e+00
 1.21046e+13	4.25e-36	1.81e-27	9.45e-20	9.29e-13	6.93e-07	1.00e+00	7.35e-05	0.00e+00
 1.25230e+13	0.00e+00	2.29e-27	1.14e-19	1.07e-12	7.47e-07	1.00e+00	6.81e-05	0.00e+00
 1.29865e+13	7.61e-36	2.94e-27	1.40e-19	1.24e-12	8.11e-07	1.00e+00	6.28e-05	0.00e+00
 1.34160e+13	0.00e+00	3.69e-27	1.68e-19	1.41e-12	8.73e-07	1.00e+00	5.84e-05	0.00e+00
 1.38817e+13	1.32e-35	4.67e-27	2.03e-19	1.62e-12	9.42e-07	1.00e+00	5.42e-05	0.00e+00
 1.43996e+13	0.00e+00	6.01e-27	2.49e-19	1.88e-12	1.02e-06	1.00e+00	4.99e-05	0.00e+00
 1.48828e+13	2.36e-35	7.55e-27	2.99e-19	2.15e-12	1.10e-06	1.00e+00	4.64e-05	0.00e+00
 1.54083e+13	0.00e+00	9.60e-27	3.63e-19	2.47e-12	1.19e-06	1.00e+00	4.30e-05	0.00e+00
 1.59928e+13	4.27e-35	1.24e-26	4.46e-19	2.88e-12	1.29e-06	1.00e+00	3.96e-05	0.00e+00
 1.65392e+13	0.00e+00	1.57e-26	5.38e-19	3.29e-12	1.39e-06	1.00e+00	3.67e-05	0.00e+00
 1.71348e+13	7.60e-35	2.01e-26	6.55e-19	3.80e-12	1.51e-06	1.00e+00	3.40e-05	0.00e+00
 1.77998e+13	0.00e+00	2.61e-26	8.10e-19	4.43e-12	1.64e-06	1.00e+00	3.13e-05	0.00e+00
 1.84257e+13	1.39e-34	3.32e-26	9.83e-19	5.08e-12	1.77e-06	1.00e+00	2.90e-05	0.00e+00
 1.91098e+13	1.89e-34	4.29e-26	1.21e-18	5.88e-12	1.92e-06	1.00e+00	2.68e-05	0.00e+00
 1.98761e+13	2.63e-34	5.64e-26	1.50e-18	6.89e-12	2.09e-06	1.00e+00	2.46e-05	0.00e+00
 2.06021e+13	3.56e-34	7.25e-26	1.84e-18	7.95e-12	2.26e-06	1.00e+00	2.27e-05	0.00e+00
 2.13825e+13	4.88e-34	9.43e-26	2.26e-18	9.22e-12	2.45e-06	1.00e+00	2.10e-05	0.00e+00
 2.22677e+13	6.88e-34	1.25e-25	2.84e-18	1.08e-11	2.68e-06	1.00e+00	1.92e-05	0.00e+00
 2.31405e+13	9.55e-34	1.65e-25	3.53e-18	1.26e-11	2.91e-06	1.00e+00	1.77e-05	0.00e+00
 2.40481e+13	1.33e-33	2.16e-25	4.38e-18	1.47e-11	3.16e-06	1.00e+00	1.63e-05	0.00e+00
 2.50400e+13	1.88e-33	2.88e-25	5.50e-18	1.73e-11	3.45e-06	1.00e+00	1.49e-05	0.00e+00
 2.60715e+13	2.69e-33	3.87e-25	6.93e-18	2.03e-11	3.76e-06	1.00e+00	1.37e-05	0.00e+00
 2.70800e+13	3.72e-33	5.07e-25	8.59e-18	2.36e-11	4.08e-06	1.00e+00	1.26e-05	0.00e+00
 2.79982e+13	4.99e-33	6.45e-25	1.04e-17	2.70e-11	4.38e-06	1.00e+00	1.18e-05	0.00e+00
 2.88145e+13	6.43e-33	7.95e-25	1.22e-17	3.02e-11	4.66e-06	1.00e+00	1.11e-05	0.00e+00
 2.96902e+13	8.40e-33	9.89e-25	1.45e-17	3.40e-11	4.96e-06	1.00e+00	1.04e-05	0.00e+00
 3.08039e+13	1.17e-32	1.30e-24	1.79e-17	3.94e-11	5.36e-06	1.00e+00	9.62e-06	0.00e+00
 3.19372e+13	1.61e-32	1.69e-24	2.20e-17	4.54e-11	5.79e-06	1.00e+00	8.91e-06	0.00e+00
 3.28929e+13	2.09e-32	2.09e-24	2.61e-17	5.11e-11	6.16e-06	1.00e+00	8.37e-06	0.00e+00
 3.39071e+13	2.77e-32	2.63e-24	3.11e-17	5.76e-11	6.56e-06	1.00e+00	7.87e-06	0.00e+00
 3.51849e+13	3.90e-32	3.47e-24	3.85e-17	6.66e-11	7.08e-06	1.00e+00	7.29e-06	0.00e+00
 3.64908e+13	5.39e-32	4.53e-24	4.75e-17	7.70e-11	7.65e-06	1.00e+00	6.75e-06	0.00e+00
 3.76063e+13	7.12e-32	5.69e-24	5.66e-17	8.67e-11	8.13e-06	1.00e+00	6.35e-06	0.00e+00
 3.87891e+13	9.50e-32	7.18e-24	6.77e-17	9.80e-11	8.67e-06	1.00e+00	5.96e-06	0.00e+00
 4.02617e+13	1.35e-31	9.55e-24	8.42e-17	1.14e-10	9.35e-06	1.00e+00	5.53e-06	0.00e+00
 4.17720e+13	1.88e-31	1.25e-23	1.04e-16	1.31e-10	1.01e-05	1.00e+00	5.12e-06	0.00e+00
 4.30960e+13	2.54e-31	1.59e-23	1.25e-16	1.49e-10	1.08e-05	1.00e+00	4.81e-06	0.00e+00
 4.45168e+13	3.45e-31	2.04e-23	1.51e-16	1.69e-10	1.15e-05	1.00e+00	4.50e-06	0.00e+00
 4.62412e+13	4.98e-31	2.74e-23	1.89e-16	1.96e-10	1.24e-05	1.00e+00	4.17e-06	0.00e+00
 4.79930e+13	7.01e-31	3.63e-23	2.34e-16	2.27e-10	1.34e-05	1.00e+00	3.86e-06	0.00e+00
 4.95804e+13	9.63e-31	4.68e-23	2.84e-16	2.59e-10	1.43e-05	1.00e+00	3.62e-06	0.00e+00
 5.13214e+13	1.35e-30	6.12e-23	3.48e-16	2.96e-10	1.53e-05	1.00e+00	3.38e-06	0.00e+00
 5.33665e+13	1.97e-30	8.32e-23	4.38e-16	3.46e-10	1.65e-05	1.00e+00	3.13e-06	0.00e+00
 5.54121e+13	2.82e-30	1.11e-22	5.47e-16	4.01e-10	1.78e-05	1.00e+00	2.90e-06	0.00e+00
 5.73535e+13	3.95e-30	1.46e-22	6.70e-16	4.60e-10	1.91e-05	1.00e+00	2.71e-06	0.00e+00
 5.94917e+13	5.68e-30	1.94e-22	8.33e-16	5.31e-10	2.05e-05	1.00e+00	2.52e-06	0.00e+00
 6.19013e+13	8.31e-30	2.64e-22	1.05e-15	6.21e-10	2.22e-05	1.00e+00	2.33e-06	0.00e+00
 6.43287e+13	1.22e-29	3.59e-22	1.32e-15	7.23e-10	2.39e-05	1.00e+00	2.16e-06	0.00e+00
 6.68532e+13	1.79e-29	4.87e-22	1.66e-15	8.42e-10	2.58e-05	1.00e+00	2.00e-06	0.00e+00
 6.95573e+13	2.64e-29	6.66e-22	2.10e-15	9.85e-10	2.79e-05	1.00e+00	1.85e-06	0.00e+00
 7.23695e+13	3.91e-29	9.11e-22	2.66e-15	1.15e-09	3.02e-05	1.00e+00	1.71e-06	0.00e+00
 7.50990e+13	5.59e-29	1.22e-21	3.31e-15	1.33e-09	3.25e-05	1.00e+00	1.59e-06	0.00e+00
 7.76769e+13	7.82e-29	1.59e-21	4.05e-15	1.52e-09	3.47e-05	1.00e+00	1.49e-06	0.00e+00
 8.01171e+13	1.07e-28	2.04e-21	4.87e-15	1.72e-09	3.68e-05	1.00e+00	1.40e-06	0.00e+00
 8.27811e+13	1.47e-28	2.64e-21	5.92e-15	1.96e-09	3.93e-05	1.00e+00	1.31e-06	0.00e+00
 8.57413e+13	2.07e-28	3.47e-21	7.29e-15	2.25e-09	4.21e-05	1.00e+00	1.23e-06	0.00e+00
 8.85151e+13	2.84e-28	4.46e-21	8.81e-15	2.56e-09	4.48e-05	1.00e+00	1.15e-06	0.00e+00
 9.15497e+13	3.98e-28	5.85e-21	1.08e-14	2.92e-09	4.79e-05	1.00e+00	1.08e-06	0.00e+00
 9.49764e+13	5.72e-28	7.81e-21	1.34e-14	3.38e-09	5.15e-05	1.00e+00	1.00e-06	0.00e+00
 9.82713e+13	7.93e-28	1.02e-20	1.64e-14	3.87e-09	5.51e-05	1.00e+00	9.36e-07	0.00e+00
 1.01867e+14	1.13e-27	1.35e-20	2.03e-14	4.46e-09	5.92e-05	1.00e+00	0.00e+00	0.00e+00
 1.05971e+14	1.67e-27	1.85e-20	2.57e-14	5.22e-09	6.40e-05	1.00e+00	0.00e+00	0.00e+00
 1.09991e+14	2.39e-27	2.46e-20	3.21e-14	6.05e-09	6.89e-05	1.00e+00	0.00e+00	0.00e+00
 1.14171e+14	3.47e-27	3.32e-20	4.01e-14	7.02e-09	7.42e-05	1.00e+00	0.00e+00	0.00e+00
 1.18377e+14	4.87e-27	4.38e-20	4.97e-14	8.10e-09	7.98e-05	1.00e+00	0.00e+00	0.00e+00
 1.22084e+14	6.62e-27	5.59e-20	5.97e-14	9.16e-09	8.48e-05	1.00e+00	0.00e+00	0.00e+00
 1.26119e+14	8.99e-27	7.18e-20	7.25e-14	1.04e-08	9.06e-05	1.00e+00	0.00e+00	0.00e+00
 1.30983e+14	1.29e-26	9.62e-20	9.08e-14	1.21e-08	9.77e-05	1.00e+00	0.00e+00	0.00e+00
 1.35813e+14	1.85e-26	1.28e-19	1.13e-13	1.40e-08	1.05e-04	1.00e+00	0.00e+00	0.00e+00
 1.40132e+14	2.47e-26	1.63e-19	1.36e-13	1.59e-08	1.12e-04	1.00e+00	0.00e+00	0.00e+00
 1.44897e+14	3.40e-26	2.11e-19	1.66e-13	1.81e-08	1.20e-04	1.00e+00	0.00e+00	0.00e+00
 1.50558e+14	4.89e-26	2.83e-19	2.08e-13	2.11e-08	1.29e-04	1.00e+00	0.00e+00	0.00e+00
 1.56145e+14	6.94e-26	3.75e-19	2.58e-13	2.44e-08	1.39e-04	1.00e+00	0.00e+00	0.00e+00
 1.61250e+14	9.51e-26	4.83e-19	3.13e-13	2.77e-08	1.48e-04	1.00e+00	0.00e+00	0.00e+00
 1.66962e+14	1.31e-25	6.28e-19	3.85e-13	3.19e-08	1.59e-04	1.00e+00	0.00e+00	0.00e+00
 1.73609e+14	1.92e-25	8.54e-19	4.85e-13	3.72e-08	1.72e-04	1.00e+00	0.00e+00	0.00e+00
 1.80139e+14	2.67e-25	1.12e-18	6.04e-13	4.32e-08	1.86e-04	1.00e+00	0.00e+00	0.00e+00
 1.86293e+14	3.72e-25	1.47e-18	7.38e-13	4.93e-08	1.99e-04	1.00e+00	0.00e+00	0.00e+00
 1.93137e+14	5.14e-25	1.91e-18	9.14e-13	5.70e-08	2.14e-04	1.00e+00	0.00e+00	0.00e+00
 2.00892e+14	7.56e-25	2.61e-18	1.16e-12	6.67e-08	2.31e-04	1.00e+00	0.00e+00	0.00e+00
 2.08649e+14	1.06e-24	3.45e-18	1.45e-12	7.76e-08	2.50e-04	1.00e+00	0.00e+00	0.00e+00
 2.15895e+14	1.45e-24	4.47e-18	1.77e-12	8.89e-08	2.68e-04	1.00e+00	0.00e+00	0.00e+00
 2.23740e+14	2.06e-24	5.91e-18	2.19e-12	1.02e-07	2.88e-04	1.00e+00	0.00e+00	0.00e+00
 2.32720e+14	2.91e-24	7.89e-18	2.77e-12	1.20e-07	3.12e-04	1.00e+00	0.00e+00	0.00e+00
 2.41185e+14	4.12e-24	1.04e-17	3.43e-12	1.38e-07	3.35e-04	1.00e+00	0.00e+00	0.00e+00
 2.48810e+14	5.38e-24	1.31e-17	4.12e-12	1.57e-07	3.57e-04	1.00e+00	0.00e+00	0.00e+00
 2.56017e+14	7.03e-24	1.62e-17	4.88e-12	1.75e-07	3.78e-04	1.00e+00	0.00e+00	0.00e+00
 2.63998e+14	9.46e-24	2.06e-17	5.86e-12	1.98e-07	4.03e-04	1.00e+00	0.00e+00	0.00e+00
 2.72915e+14	1.26e-23	2.62e-17	7.14e-12	2.26e-07	4.31e-04	1.00e+00	0.00e+00	0.00e+00
 2.81313e+14	1.69e-23	3.33e-17	8.55e-12	2.56e-07	4.58e-04	1.00e+00	0.00e+00	0.00e+00
 2.90493e+14	2.22e-23	4.18e-17	1.03e-11	2.91e-07	4.89e-04	1.00e+00	0.00e+00	0.00e+00
 3.00742e+14	3.07e-23	5.45e-17	1.27e-11	3.34e-07	5.24e-04	9.99e-01	0.00e+00	0.00e+00
 3.10462e+14	4.16e-23	6.96e-17	1.54e-11	3.79e-07	5.59e-04	9.99e-01	0.00e+00	0.00e+00
 3.21179e+14	5.55e-23	8.89e-17	1.88e-11	4.34e-07	5.99e-04	9.99e-01	0.00e+00	0.00e+00
 3.33023e+14	7.86e-23	1.18e-16	2.33e-11	5.01e-07	6.44e-04	9.99e-01	0.00e+00	0.00e+00
 3.43979e+14	1.03e-22	1.48e-16	2.82e-11	5.70e-07	6.89e-04	9.99e-01	0.00e+00	0.00e+00
 3.55870e+14	1.43e-22	1.93e-16	3.46e-11	6.53e-07	7.37e-04	9.99e-01	0.00e+00	0.00e+00
 3.69133e+14	1.95e-22	2.50e-16	4.29e-11	7.56e-07	7.95e-04	9.99e-01	0.00e+00	0.00e+00
 3.81541e+14	2.65e-22	3.22e-16	5.22e-11	8.62e-07	8.50e-04	9.99e-01	0.00e+00	0.00e+00
 3.95032e+14	3.55e-22	4.12e-16	6.41e-11	9.91e-07	9.13e-04	9.99e-01	0.00e+00	0.00e+00
 4.10025e+14	4.96e-22	5.44e-16	8.00e-11	1.15e-06	9.85e-04	9.99e-01	0.00e+00	0.00e+00
 4.24051e+14	6.61e-22	6.92e-16	9.76e-11	1.31e-06	1.06e-03	9.99e-01	0.00e+00	0.00e+00
 4.39338e+14	9.22e-22	9.08e-16	1.20e-10	1.51e-06	1.13e-03	9.99e-01	0.00e+00	0.00e+00
 4.56450e+14	1.26e-21	1.18e-15	1.51e-10	1.76e-06	1.23e-03	9.99e-01	0.00e+00	0.00e+00
 4.72603e+14	1.74e-21	1.54e-15	1.85e-10	2.03e-06	1.32e-03	9.99e-01	0.00e+00	0.00e+00
 4.89894e+14	2.31e-21	1.97e-15	2.29e-10	2.34e-06	1.42e-03	9.99e-01	0.00e+00	0.00e+00
 5.09106e+14	3.26e-21	2.62e-15	2.87e-10	2.73e-06	1.54e-03	9.98e-01	0.00e+00	0.00e+00
 5.27761e+14	4.38e-21	3.38e-15	3.55e-10	3.15e-06	1.66e-03	9.98e-01	0.00e+00	0.00e+00
 5.47577e+14	6.11e-21	4.44e-15	4.42e-10	3.65e-06	1.79e-03	9.98e-01	0.00e+00	0.00e+00
 5.69510e+14	8.36e-21	5.82e-15	5.56e-10	4.27e-06	1.95e-03	9.98e-01	0.00e+00	0.00e+00
 5.91026e+14	1.16e-20	7.63e-15	6.92e-10	4.96e-06	2.10e-03	9.98e-01	0.00e+00	0.00e+00
 6.08750e+14	1.45e-20	9.31e-15	8.22e-10	5.58e-06	2.24e-03	9.98e-01	0.00e+00	0.00e+00
 6.22947e+14	1.76e-20	1.10e-14	9.42e-10	6.12e-06	2.35e-03	9.98e-01	0.00e+00	0.00e+00
 6.38604e+14	2.18e-20	1.31e-14	1.09e-09	6.76e-06	2.48e-03	9.98e-01	0.00e+00	0.00e+00
 6.58959e+14	2.80e-20	1.63e-14	1.31e-09	7.67e-06	2.66e-03	9.97e-01	0.00e+00	0.00e+00
 6.80819e+14	3.64e-20	2.04e-14	1.59e-09	8.74e-06	2.85e-03	9.97e-01	0.00e+00	0.00e+00
 7.00281e+14	4.63e-20	2.50e-14	1.87e-09	9.78e-06	3.02e-03	9.97e-01	0.00e+00	0.00e+00
 7.21225e+14	5.81e-20	3.05e-14	2.22e-09	1.10e-05	3.23e-03	9.97e-01	0.00e+00	0.00e+00
 7.47738e+14	7.76e-20	3.91e-14	2.74e-09	1.27e-05	3.49e-03	9.96e-01	0.00e+00	0.00e+00
 7.74586e+14	1.04e-19	5.01e-14	3.37e-09	1.46e-05	3.76e-03	9.96e-01	0.00e+00	0.00e+00
 7.97477e+14	1.30e-19	6.10e-14	4.00e-09	1.65e-05	4.02e-03	9.96e-01	0.00e+00	0.00e+00
 8.22135e+14	1.67e-19	7.55e-14	4.78e-09	1.86e-05	4.29e-03	9.96e-01	0.00e+00	0.00e+00
 8.52808e+14	2.22e-19	9.69e-14	5.93e-09	2.15e-05	4.65e-03	9.95e-01	0.00e+00	0.00e+00
 8.84130e+14	2.95e-19	1.24e-13	7.32e-09	2.49e-05	5.04e-03	9.95e-01	0.00e+00	0.00e+00
 9.11667e+14	3.79e-19	1.54e-13	8.76e-09	2.81e-05	5.39e-03	9.95e-01	0.00e+00	0.00e+00
 9.41457e+14	4.86e-19	1.91e-13	1.06e-08	3.20e-05	5.79e-03	9.94e-01	0.00e+00	0.00e+00
 9.77476e+14	6.56e-19	2.48e-13	1.32e-08	3.72e-05	6.30e-03	9.94e-01	0.00e+00	0.00e+00
 1.01325e+15	8.74e-19	3.18e-13	1.63e-08	4.29e-05	6.82e-03	9.93e-01	0.00e+00	0.00e+00
 1.04504e+15	1.12e-18	3.94e-13	1.96e-08	4.85e-05	7.30e-03	9.93e-01	0.00e+00	0.00e+00
 1.08001e+15	1.45e-18	4.93e-13	2.37e-08	5.54e-05	7.87e-03	9.92e-01	0.00e+00	0.00e+00
 1.12178e+15	1.96e-18	6.42e-13	2.97e-08	6.44e-05	8.56e-03	9.91e-01	0.00e+00	0.00e+00
 1.16336e+15	2.62e-18	8.27e-13	3.68e-08	7.45e-05	9.28e-03	9.91e-01	0.00e+00	0.00e+00
 1.20137e+15	3.41e-18	1.04e-12	4.45e-08	8.47e-05	9.96e-03	9.90e-01	0.00e+00	0.00e+00
 1.24377e+15	4.52e-18	1.32e-12	5.47e-08	9.73e-05	1.08e-02	9.89e-01	0.00e+00	0.00e+00
 1.29310e+15	6.20e-18	1.74e-12	6.90e-08	1.14e-04	1.17e-02	9.88e-01	0.00e+00	0.00e+00
 1.34165e+15	8.38e-18	2.26e-12	8.59e-08	1.32e-04	1.27e-02	9.87e-01	0.00e+00	0.00e+00
 1.38777e+15	1.11e-17	2.87e-12	1.05e-07	1.51e-04	1.37e-02	9.86e-01	0.00e+00	0.00e+00
 1.43895e+15	1.49e-17	3.72e-12	1.30e-07	1.74e-04	1.49e-02	9.85e-01	0.00e+00	0.00e+00
 1.48718e+15	1.93e-17	4.66e-12	1.59e-07	1.98e-04	1.60e-02	9.84e-01	0.00e+00	0.00e+00
 1.52332e+15	2.37e-17	5.55e-12	1.83e-07	2.18e-04	1.69e-02	9.83e-01	0.00e+00	0.00e+00
 1.56042e+15	2.95e-17	6.66e-12	2.12e-07	2.40e-04	1.78e-02	9.82e-01	0.00e+00	0.00e+00
 1.60866e+15	3.81e-17	8.30e-12	2.55e-07	2.71e-04	1.90e-02	9.81e-01	0.00e+00	0.00e+00
 1.66078e+15	4.99e-17	1.05e-11	3.08e-07	3.08e-04	2.04e-02	9.79e-01	0.00e+00	0.00e+00
 1.70750e+15	6.35e-17	1.28e-11	3.65e-07	3.44e-04	2.17e-02	9.78e-01	0.00e+00	0.00e+00
 1.75780e+15	8.12e-17	1.58e-11	4.34e-07	3.86e-04	2.31e-02	9.76e-01	0.00e+00	0.00e+00
 1.82197e+15	1.11e-16	2.07e-11	5.40e-07	4.46e-04	2.50e-02	9.75e-01	0.00e+00	0.00e+00
 1.88704e+15	1.63e-16	2.68e-11	6.67e-07	5.13e-04	2.70e-02	9.72e-01	0.00e+00	0.00e+00
 1.94161e+15	2.11e-16	3.31e-11	7.93e-07	5.74e-04	2.87e-02	9.71e-01	0.00e+00	0.00e+00
 1.99967e+15	2.74e-16	4.12e-11	9.47e-07	6.45e-04	3.06e-02	9.69e-01	0.00e+00	0.00e+00
 2.07315e+15	3.65e-16	5.30e-11	1.18e-06	7.45e-04	3.31e-02	9.66e-01	0.00e+00	0.00e+00
 2.15081e+15	5.25e-16	7.11e-11	1.48e-06	8.63e-04	3.59e-02	9.63e-01	0.00e+00	0.00e+00
 2.22066e+15	7.04e-16	9.07e-11	1.79e-06	9.80e-04	3.84e-02	9.61e-01	0.00e+00	0.00e+00
 2.29622e+15	9.46e-16	1.16e-10	2.19e-06	1.12e-03	4.12e-02	9.58e-01	0.00e+00	0.00e+00
 2.38573e+15	1.35e-15	1.56e-10	2.77e-06	1.30e-03	4.48e-02	9.54e-01	0.00e+00	0.00e+00
 2.47361e+15	1.87e-15	2.05e-10	3.45e-06	1.50e-03	4.83e-02	9.50e-01	0.00e+00	0.00e+00
 2.55361e+15	2.51e-15	2.61e-10	4.19e-06	1.71e-03	5.17e-02	9.47e-01	0.00e+00	0.00e+00
 2.64308e+15	3.35e-15	3.35e-10	5.17e-06	1.96e-03	5.55e-02	9.43e-01	0.00e+00	0.00e+00
 2.74753e+15	4.94e-15	4.57e-10	6.55e-06	2.28e-03	6.03e-02	9.37e-01	0.00e+00	0.00e+00
 2.85053e+15	7.00e-15	6.08e-10	8.19e-06	2.64e-03	6.50e-02	9.32e-01	0.00e+00	0.00e+00
 2.94803e+15	9.60e-15	7.89e-10	1.01e-05	3.02e-03	6.97e-02	9.27e-01	0.00e+00	0.00e+00
 3.05637e+15	1.31e-14	1.03e-09	1.25e-05	3.48e-03	7.50e-02	9.21e-01	0.00e+00	0.00e+00
 3.17866e+15	1.97e-14	1.42e-09	1.59e-05	4.06e-03	8.14e-02	9.15e-01	0.00e+00	0.00e+00
 3.28134e+15	2.67e-14	1.82e-09	1.93e-05	4.60e-03	8.68e-02	9.09e-01	0.00e+00	0.00e+00
 3.35541e+15	3.30e-14	2.16e-09	2.21e-05	5.02e-03	9.07e-02	9.04e-01	0.00e+00	0.00e+00
 3.43299e+15	4.11e-14	2.59e-09	2.54e-05	5.49e-03	9.50e-02	9.00e-01	0.00e+00	0.00e+00
 3.53383e+15	5.22e-14	3.18e-09	3.02e-05	6.15e-03	1.01e-01	8.93e-01	0.00e+00	0.00e+00
 3.64628e+15	7.29e-14	4.14e-09	3.66e-05	6.95e-03	1.07e-01	8.86e-01	0.00e+00	0.00e+00
 3.75113e+15	9.57e-14	5.17e-09	4.34e-05	7.76e-03	1.13e-01	8.79e-01	0.00e+00	0.00e+00
 3.86477e+15	1.23e-13	6.40e-09	5.20e-05	8.71e-03	1.20e-01	8.71e-01	0.00e+00	0.00e+00
 3.99288e+15	1.75e-13	8.43e-09	6.34e-05	9.90e-03	1.28e-01	8.62e-01	0.00e+00	0.00e+00
 4.11439e+15	2.33e-13	1.07e-08	7.59e-05	1.11e-02	1.35e-01	8.54e-01	0.00e+00	0.00e+00
 4.24691e+15	3.04e-13	1.34e-08	9.17e-05	1.25e-02	1.43e-01	8.44e-01	0.00e+00	0.00e+00
 4.39593e+15	4.41e-13	1.79e-08	1.13e-04	1.43e-02	1.53e-01	8.32e-01	0.00e+00	0.00e+00
 4.53664e+15	5.90e-13	2.28e-08	1.37e-04	1.62e-02	1.62e-01	8.21e-01	0.00e+00	0.00e+00
 4.68982e+15	7.88e-13	2.91e-08	1.66e-04	1.83e-02	1.72e-01	8.09e-01	0.00e+00	0.00e+00
 4.85875e+15	1.10e-12	3.82e-08	2.06e-04	2.10e-02	1.83e-01	7.95e-01	0.00e+00	0.00e+00
 5.01474e+15	1.57e-12	5.02e-08	2.49e-04	2.37e-02	1.94e-01	7.82e-01	0.00e+00	0.00e+00
 5.18413e+15	2.13e-12	6.48e-08	3.03e-04	2.68e-02	2.06e-01	7.67e-01	0.00e+00	0.00e+00
 5.37183e+15	2.90e-12	8.40e-08	3.74e-04	3.06e-02	2.18e-01	7.51e-01	0.00e+00	0.00e+00
 5.54781e+15	3.97e-12	1.08e-07	4.53e-04	3.45e-02	2.30e-01	7.35e-01	0.00e+00	0.00e+00
 5.74106e+15	5.78e-12	1.45e-07	5.58e-04	3.92e-02	2.44e-01	7.16e-01	0.00e+00	0.00e+00
 5.95270e+15	8.07e-12	1.91e-07	6.89e-04	4.47e-02	2.58e-01	6.96e-01	0.00e+00	0.00e+00
 6.14191e+15	1.06e-11	2.40e-07	8.27e-04	5.00e-02	2.71e-01	6.78e-01	0.00e+00	0.00e+00
 6.31547e+15	1.38e-11	2.98e-07	9.75e-04	5.53e-02	2.83e-01	6.61e-01	0.00e+00	0.00e+00
 6.51503e+15	1.95e-11	3.89e-07	1.18e-03	6.20e-02	2.96e-01	6.41e-01	0.00e+00	0.00e+00
 6.73751e+15	2.66e-11	5.02e-07	1.43e-03	6.98e-02	3.10e-01	6.19e-01	0.00e+00	0.00e+00
 6.92938e+15	3.38e-11	6.15e-07	1.68e-03	7.69e-02	3.22e-01	6.00e-01	0.00e+00	0.00e+00
 7.09311e+15	4.24e-11	7.38e-07	1.92e-03	8.34e-02	3.32e-01	5.83e-01	0.00e+00	0.00e+00
 7.28066e+15	5.44e-11	9.04e-07	2.24e-03	9.13e-02	3.43e-01	5.64e-01	0.00e+00	0.00e+00
 7.48981e+15	7.44e-11	1.15e-06	2.65e-03	1.01e-01	3.55e-01	5.41e-01	0.00e+00	0.00e+00
 7.67950e+15	9.34e-11	1.39e-06	3.06e-03	1.10e-01	3.65e-01	5.22e-01	0.00e+00	0.00e+00
 7.87858e+15	1.17e-10	1.67e-06	3.55e-03	1.19e-01	3.75e-01	5.02e-01	0.00e+00	0.00e+00
 8.13738e+15	1.67e-10	2.21e-06	4.31e-03	1.33e-01	3.88e-01	4.75e-01	0.00e+00	0.00e+00
 8.39000e+15	2.22e-10	2.79e-06	5.12e-03	1.47e-01	3.98e-01	4.50e-01	0.00e+00	0.00e+00
 8.58753e+15	2.78e-10	3.35e-06	5.86e-03	1.58e-01	4.06e-01	4.30e-01	0.00e+00	0.00e+00
 8.79724e+15	3.54e-10	4.06e-06	6.75e-03	1.71e-01	4.13e-01	4.09e-01	0.00e+00	0.00e+00
 9.06988e+15	4.57e-10	5.03e-06	8.03e-03	1.88e-01	4.21e-01	3.83e-01	0.00e+00	0.00e+00
 9.35017e+15	6.50e-10	6.59e-06	9.62e-03	2.07e-01	4.28e-01	3.55e-01	0.00e+00	0.00e+00
 9.57739e+15	8.10e-10	7.90e-06	1.10e-02	2.22e-01	4.32e-01	3.34e-01	0.00e+00	0.00e+00
 9.80972e+15	1.00e-09	9.43e-06	1.27e-02	2.39e-01	4.35e-01	3.13e-01	0.00e+00	0.00e+00
 1.01117e+16	1.44e-09	1.24e-05	1.52e-02	2.62e-01	4.38e-01	2.85e-01	0.00e+00	0.00e+00
 1.04030e+16	1.82e-09	1.52e-05	1.79e-02	2.83e-01	4.37e-01	2.62e-01	0.00e+00	0.00e+00
 1.06207e+16	2.27e-09	1.81e-05	2.02e-02	3.00e-01	4.36e-01	2.44e-01	0.00e+00	0.00e+00
 1.08444e+16	2.95e-09	2.20e-05	2.30e-02	3.18e-01	4.34e-01	2.25e-01	0.00e+00	0.00e+00
 1.10921e+16	3.63e-09	2.62e-05	2.63e-02	3.38e-01	4.29e-01	2.07e-01	0.00e+00	0.00e+00
 1.13254e+16	4.56e-09	3.13e-05	2.99e-02	3.57e-01	4.24e-01	1.90e-01	0.00e+00	0.00e+00
 1.15449e+16	5.67e-09	3.72e-05	3.37e-02	3.75e-01	4.17e-01	1.74e-01	0.00e+00	0.00e+00
 1.17429e+16	7.17e-09	4.43e-05	3.75e-02	3.92e-01	4.11e-01	1.60e-01	0.00e+00	0.00e+00
 1.19086e+16	8.24e-09	4.97e-05	4.09e-02	4.05e-01	4.04e-01	1.50e-01	0.00e+00	0.00e+00
 1.20816e+16	9.77e-09	5.68e-05	4.49e-02	4.20e-01	3.97e-01	1.39e-01	0.00e+00	0.00e+00
 1.23064e+16	1.27e-08	6.93e-05	5.09e-02	4.39e-01	3.86e-01	1.24e-01	0.00e+00	0.00e+00
 1.25466e+16	1.63e-08	8.38e-05	5.78e-02	4.59e-01	3.73e-01	1.11e-01	0.00e+00	0.00e+00
 1.27562e+16	2.08e-08	1.01e-04	6.48e-02	4.76e-01	3.60e-01	9.89e-02	0.00e+00	0.00e+00
 1.29423e+16	2.53e-08	1.17e-04	7.16e-02	4.91e-01	3.48e-01	8.94e-02	0.00e+00	0.00e+00
 1.31148e+16	3.05e-08	1.35e-04	7.86e-02	5.04e-01	3.36e-01	8.09e-02	0.00e+00	0.00e+00
 1.32775e+16	3.66e-08	1.55e-04	8.60e-02	5.17e-01	3.24e-01	7.33e-02	0.00e+00	0.00e+00
 1.34615e+16	4.26e-08	1.76e-04	9.48e-02	5.30e-01	3.10e-01	6.55e-02	0.00e+00	0.00e+00
 1.37007e+16	5.90e-08	2.24e-04	1.09e-01	5.47e-01	2.89e-01	5.51e-02	0.00e+00	0.00e+00
 1.39250e+16	7.73e-08	2.74e-04	1.23e-01	5.61e-01	2.69e-01	4.66e-02	0.00e+00	0.00e+00
 1.40774e+16	9.02e-08	3.09e-04	1.34e-01	5.69e-01	2.55e-01	4.14e-02	0.00e+00	0.00e+00
 1.42228e+16	1.15e-07	3.68e-04	1.46e-01	5.77e-01	2.40e-01	3.61e-02	0.00e+00	0.00e+00
 1.43817e+16	1.35e-07	4.17e-04	1.60e-01	5.84e-01	2.24e-01	3.12e-02	0.00e+00	0.00e+00
 1.45290e+16	1.65e-07	4.85e-04	1.74e-01	5.90e-01	2.09e-01	2.69e-02	0.00e+00	0.00e+00
 1.46626e+16	2.02e-07	5.62e-04	1.89e-01	5.94e-01	1.94e-01	2.31e-02	0.00e+00	0.00e+00
 1.47796e+16	2.61e-07	6.69e-04	2.04e-01	5.96e-01	1.80e-01	1.98e-02	0.00e+00	0.00e+00
 1.48696e+16	2.98e-07	7.40e-04	2.15e-01	5.97e-01	1.70e-01	1.76e-02	0.00e+00	0.00e+00
 1.49527e+16	3.43e-07	8.18e-04	2.26e-01	5.97e-01	1.60e-01	1.57e-02	0.00e+00	0.00e+00
 1.50608e+16	3.84e-07	8.95e-04	2.40e-01	5.98e-01	1.48e-01	1.35e-02	0.00e+00	0.00e+00
 1.52012e+16	5.16e-07	1.10e-03	2.63e-01	5.95e-01	1.30e-01	1.06e-02	0.00e+00	0.00e+00
 1.53090e+16	5.90e-07	1.22e-03	2.79e-01	5.93e-01	1.18e-01	8.82e-03	0.00e+00	0.00e+00
 1.53567e+16	6.87e-07	1.35e-03	2.88e-01	5.91e-01	1.12e-01	7.93e-03	0.00e+00	0.00e+00
 1.53924e+16	7.32e-07	1.41e-03	2.94e-01	5.89e-01	1.08e-01	7.37e-03	0.00e+00	0.00e+00
 1.54301e+16	7.83e-07	1.48e-03	3.01e-01	5.88e-01	1.03e-01	6.80e-03	0.00e+00	0.00e+00
 1.54791e+16	8.61e-07	1.59e-03	3.10e-01	5.85e-01	9.75e-02	6.09e-03	0.00e+00	0.00e+00
 1.55427e+16	9.76e-07	1.73e-03	3.22e-01	5.81e-01	8.98e-02	5.23e-03	0.00e+00	0.00e+00
 1.56084e+16	1.11e-06	1.90e-03	3.34e-01	5.77e-01	8.23e-02	4.44e-03	0.00e+00	0.00e+00
 1.56618e+16	1.20e-06	2.01e-03	3.44e-01	5.74e-01	7.64e-02	3.88e-03	0.00e+00	0.00e+00
 1.57165e+16	1.34e-06	2.17e-03	3.55e-01	5.70e-01	7.02e-02	3.32e-03	0.00e+00	0.00e+00
 1.57758e+16	1.57e-06	2.42e-03	3.67e-01	5.64e-01	6.36e-02	2.75e-03	0.00e+00	0.00e+00
 1.58245e+16	1.67e-06	2.54e-03	3.76e-01	5.61e-01	5.88e-02	2.39e-03	0.00e+00	0.00e+00
 1.58710e+16	1.90e-06	2.76e-03	3.86e-01	5.56e-01	5.38e-02	2.02e-03	0.00e+00	0.00e+00
 1.59217e+16	2.10e-06	2.97e-03	3.96e-01	5.50e-01	4.89e-02	1.70e-03	0.00e+00	0.00e+00
 1.59777e+16	2.37e-06	3.22e-03	4.07e-01	5.45e-01	4.37e-02	1.38e-03	0.00e+00	0.00e+00
 1.60386e+16	2.68e-06	3.50e-03	4.19e-01	5.38e-01	3.85e-02	1.09e-03	0.00e+00	0.00e+00
 1.60937e+16	2.99e-06	3.79e-03	4.30e-01	5.31e-01	3.41e-02	8.75e-04	0.00e+00	0.00e+00
 1.61537e+16	3.39e-06	4.12e-03	4.41e-01	5.24e-01	2.96e-02	6.75e-04	0.00e+00	0.00e+00
 1.62195e+16	3.85e-06	4.50e-03	4.54e-01	5.16e-01	2.54e-02	5.06e-04	0.00e+00	0.00e+00
 1.62812e+16	4.34e-06	4.88e-03	4.65e-01	5.08e-01	2.18e-02	3.83e-04	0.00e+00	0.00e+00
 1.63496e+16	4.94e-06	5.33e-03	4.77e-01	5.00e-01	1.83e-02	2.77e-04	0.00e+00	0.00e+00
 1.64386e+16	5.82e-06	5.95e-03	4.92e-01	4.88e-01	1.45e-02	1.79e-04	0.00e+00	0.00e+00
 1.65318e+16	6.86e-06	6.64e-03	5.06e-01	4.76e-01	1.14e-02	1.15e-04	0.00e+00	0.00e+00
 1.66153e+16	7.91e-06	7.30e-03	5.19e-01	4.65e-01	9.14e-03	7.60e-05	0.00e+00	0.00e+00
 1.67087e+16	9.26e-06	8.10e-03	5.33e-01	4.52e-01	7.13e-03	4.77e-05	0.00e+00	0.00e+00
 1.68302e+16	1.13e-05	9.22e-03	5.50e-01	4.36e-01	5.19e-03	2.62e-05	0.00e+00	0.00e+00
 1.69371e+16	1.34e-05	1.03e-02	5.64e-01	4.22e-01	4.01e-03	1.60e-05	0.00e+00	0.00e+00
 1.70021e+16	1.48e-05	1.10e-02	5.72e-01	4.13e-01	3.43e-03	1.19e-05	0.00e+00	0.00e+00
 1.70634e+16	1.63e-05	1.17e-02	5.81e-01	4.05e-01	2.94e-03	8.85e-06	0.00e+00	0.00e+00
 1.71430e+16	1.85e-05	1.27e-02	5.91e-01	3.94e-01	2.42e-03	6.08e-06	0.00e+00	0.00e+00
 1.72466e+16	2.18e-05	1.42e-02	6.05e-01	3.79e-01	1.88e-03	3.74e-06	0.00e+00	0.00e+00
 1.73522e+16	2.58e-05	1.59e-02	6.19e-01	3.64e-01	1.47e-03	2.35e-06	0.00e+00	0.00e+00
 1.74368e+16	2.97e-05	1.74e-02	6.30e-01	3.51e-01	1.21e-03	1.62e-06	0.00e+00	0.00e+00
 1.75233e+16	3.43e-05	1.91e-02	6.41e-01	3.39e-01	9.89e-04	1.10e-06	0.00e+00	0.00e+00
 1.76357e+16	4.14e-05	2.16e-02	6.56e-01	3.21e-01	7.60e-04	6.63e-07	0.00e+00	0.00e+00
 1.77384e+16	4.97e-05	2.44e-02	6.70e-01	3.05e-01	6.05e-04	0.00e+00	0.00e+00	0.00e+00
 1.78033e+16	5.59e-05	2.63e-02	6.78e-01	2.95e-01	5.23e-04	0.00e+00	0.00e+00	0.00e+00
 1.78624e+16	6.23e-05	2.83e-02	6.86e-01	2.85e-01	4.54e-04	0.00e+00	0.00e+00	0.00e+00
 1.79393e+16	7.19e-05	3.11e-02	6.96e-01	2.73e-01	3.78e-04	0.00e+00	0.00e+00	0.00e+00
 1.80212e+16	8.42e-05	3.45e-02	7.06e-01	2.59e-01	3.12e-04	0.00e+00	0.00e+00	0.00e+00
 1.80892e+16	9.62e-05	3.77e-02	7.14e-01	2.48e-01	2.66e-04	0.00e+00	0.00e+00	0.00e+00
 1.81466e+16	1.08e-04	4.07e-02	7.21e-01	2.38e-01	2.32e-04	0.00e+00	0.00e+00	0.00e+00
 1.82102e+16	1.23e-04	4.44e-02	7.28e-01	2.27e-01	1.97e-04	0.00e+00	0.00e+00	0.00e+00
 1.82806e+16	1.43e-04	4.90e-02	7.36e-01	2.15e-01	1.66e-04	0.00e+00	0.00e+00	0.00e+00
 1.83446e+16	1.64e-04	5.36e-02	7.42e-01	2.04e-01	1.41e-04	0.00e+00	0.00e+00	0.00e+00
 1.84008e+16	1.86e-04	5.83e-02	7.48e-01	1.94e-01	1.22e-04	0.00e+00	0.00e+00	0.00e+00
 1.84620e+16	2.14e-04	6.39e-02	7.53e-01	1.83e-01	1.03e-04	0.00e+00	0.00e+00	0.00e+00
 1.85284e+16	2.50e-04	7.07e-02	7.57e-01	1.71e-01	8.63e-05	0.00e+00	0.00e+00	0.00e+00
 1.85866e+16	2.87e-04	7.75e-02	7.61e-01	1.61e-01	7.34e-05	0.00e+00	0.00e+00	0.00e+00
 1.86370e+16	3.25e-04	8.42e-02	7.63e-01	1.52e-01	6.36e-05	0.00e+00	0.00e+00	0.00e+00
 1.86920e+16	3.73e-04	9.21e-02	7.65e-01	1.43e-01	5.39e-05	0.00e+00	0.00e+00	0.00e+00
 1.87522e+16	4.36e-04	1.02e-01	7.65e-01	1.32e-01	4.49e-05	0.00e+00	0.00e+00	0.00e+00
 1.88055e+16	5.03e-04	1.12e-01	7.64e-01	1.23e-01	3.81e-05	0.00e+00	0.00e+00	0.00e+00
 1.88526e+16	5.71e-04	1.22e-01	7.62e-01	1.15e-01	3.27e-05	0.00e+00	0.00e+00	0.00e+00
 1.89050e+16	6.60e-04	1.34e-01	7.59e-01	1.06e-01	2.73e-05	0.00e+00	0.00e+00	0.00e+00
 1.89617e+16	7.77e-04	1.49e-01	7.54e-01	9.71e-02	2.24e-05	0.00e+00	0.00e+00	0.00e+00
 1.90112e+16	9.01e-04	1.63e-01	7.47e-01	8.91e-02	1.88e-05	0.00e+00	0.00e+00	0.00e+00
 1.90548e+16	1.03e-03	1.77e-01	7.39e-01	8.21e-02	1.59e-05	0.00e+00	0.00e+00	0.00e+00
 1.91039e+16	1.20e-03	1.95e-01	7.29e-01	7.44e-02	1.30e-05	0.00e+00	0.00e+00	0.00e+00
 1.91577e+16	1.42e-03	2.18e-01	7.15e-01	6.62e-02	1.04e-05	0.00e+00	0.00e+00	0.00e+00
 1.92058e+16	1.66e-03	2.40e-01	6.99e-01	5.91e-02	8.44e-06	0.00e+00	0.00e+00	0.00e+00
 1.92487e+16	1.92e-03	2.62e-01	6.83e-01	5.30e-02	6.91e-06	0.00e+00	0.00e+00	0.00e+00
 1.92967e+16	2.26e-03	2.90e-01	6.61e-01	4.63e-02	5.43e-06	0.00e+00	0.00e+00	0.00e+00
 1.93499e+16	2.73e-03	3.25e-01	6.33e-01	3.94e-02	4.10e-06	0.00e+00	0.00e+00	0.00e+00
 1.93992e+16	3.28e-03	3.61e-01	6.02e-01	3.33e-02	3.10e-06	0.00e+00	0.00e+00	0.00e+00
 1.94440e+16	3.87e-03	3.97e-01	5.71e-01	2.81e-02	2.35e-06	0.00e+00	0.00e+00	0.00e+00
 1.94874e+16	4.57e-03	4.36e-01	5.36e-01	2.34e-02	1.76e-06	0.00e+00	0.00e+00	0.00e+00
 1.95370e+16	5.52e-03	4.84e-01	4.92e-01	1.86e-02	1.22e-06	0.00e+00	0.00e+00	0.00e+00
 1.95885e+16	6.77e-03	5.38e-01	4.41e-01	1.41e-02	8.06e-07	0.00e+00	0.00e+00	0.00e+00
 1.96297e+16	8.03e-03	5.84e-01	3.97e-01	1.10e-02	0.00e+00	0.00e+00	0.00e+00	0.00e+00
 1.96612e+16	9.16e-03	6.21e-01	3.61e-01	8.89e-03	0.00e+00	0.00e+00	0.00e+00	0.00e+00
 1.96927e+16	1.04e-02	6.58e-01	3.25e-01	7.03e-03	0.00e+00	0.00e+00	0.00e+00	0.00e+00
 1.97274e+16	1.21e-02	6.98e-01	2.84e-01	5.29e-03	0.00e+00	0.00e+00	0.00e+00	0.00e+00
 1.97579e+16	1.38e-02	7.33e-01	2.49e-01	4.02e-03	0.00e+00	0.00e+00	0.00e+00	0.00e+00
 1.97834e+16	1.55e-02	7.62e-01	2.20e-01	3.13e-03	0.00e+00	0.00e+00	0.00e+00	0.00e+00
 1.98107e+16	1.74e-02	7.91e-01	1.90e-01	2.34e-03	0.00e+00	0.00e+00	0.00e+00	0.00e+00
 1.98404e+16	1.99e-02	8.20e-01	1.59e-01	1.66e-03	0.00e+00	0.00e+00	0.00e+00	0.00e+00
 1.98659e+16	2.24e-02	8.43e-01	1.34e-01	1.19e-03	0.00e+00	0.00e+00	0.00e+00	0.00e+00
 1.98872e+16	2.48e-02	8.60e-01	1.14e-01	8.89e-04	0.00e+00	0.00e+00	0.00e+00	0.00e+00
 1.99101e+16	2.76e-02	8.76e-01	9.55e-02	6.35e-04	0.00e+00	0.00e+00	0.00e+00	0.00e+00
 1.99353e+16	3.12e-02	8.91e-01	7.70e-02	4.27e-04	0.00e+00	0.00e+00	0.00e+00	0.00e+00
 1.99578e+16	3.49e-02	9.02e-01	6.24e-02	2.90e-04	0.00e+00	0.00e+00	0.00e+00	0.00e+00
 1.99768e+16	3.85e-02	9.10e-01	5.16e-02	2.05e-04	0.00e+00	0.00e+00	0.00e+00	0.00e+00
 1.99972e+16	4.28e-02	9.16e-01	4.15e-02	1.38e-04	0.00e+00	0.00e+00	0.00e+00	0.00e+00
 2.00193e+16	4.81e-02	9.19e-01	3.23e-02	8.79e-05	0.00e+00	0.00e+00	0.00e+00	0.00e+00
 2.00384e+16	5.34e-02	9.21e-01	2.55e-02	5.77e-05	0.00e+00	0.00e+00	0.00e+00	0.00e+00
 2.00541e+16	5.83e-02	9.21e-01	2.09e-02	4.03e-05	0.00e+00	0.00e+00	0.00e+00	0.00e+00
 2.00701e+16	6.39e-02	9.19e-01	1.68e-02	2.73e-05	0.00e+00	0.00e+00	0.00e+00	0.00e+00
 2.00871e+16	7.04e-02	9.16e-01	1.33e-02	1.79e-05	0.00e+00	0.00e+00	0.00e+00	0.00e+00
 2.01028e+16	7.72e-02	9.12e-01	1.05e-02	1.18e-05	0.00e+00	0.00e+00	0.00e+00	0.00e+00
 2.01168e+16	8.38e-02	9.08e-01	8.50e-03	8.06e-06	0.00e+00	0.00e+00	0.00e+00	0.00e+00
 2.01299e+16	9.05e-02	9.03e-01	6.90e-03	5.56e-06	0.00e+00	0.00e+00	0.00e+00	0.00e+00
 2.01423e+16	9.74e-02	8.97e-01	5.64e-03	3.87e-06	0.00e+00	0.00e+00	0.00e+00	0.00e+00
 2.01534e+16	1.04e-01	8.91e-01	4.68e-03	2.77e-06	0.00e+00	0.00e+00	0.00e+00	0.00e+00
 2.01634e+16	1.10e-01	8.86e-01	3.94e-03	2.04e-06	0.00e+00	0.00e+00	0.00e+00	0.00e+00
 2.01726e+16	1.16e-01	8.81e-01	3.35e-03	1.53e-06	0.00e+00	0.00e+00	0.00e+00	0.00e+00
 2.01800e+16	1.21e-01	8.76e-01	2.94e-03	1.21e-06	0.00e+00	0.00e+00	0.00e+00	0.00e+00
 2.01850e+16	1.25e-01	8.73e-01	2.69e-03	1.03e-06	0.00e+00	0.00e+00	0.00e+00	0.00e+00
 2.01896e+16	1.28e-01	8.69e-01	2.47e-03	8.85e-07	0.00e+00	0.00e+00	0.00e+00	0.00e+00
 2.01949e+16	1.32e-01	8.65e-01	2.23e-03	0.00e+00	0.00e+00	0.00e+00	0.00e+00	0.00e+00
 2.02005e+16	1.37e-01	8.61e-01	2.00e-03	0.00e+00	0.00e+00	0.00e+00	0.00e+00	0.00e+00
 2.02061e+16	1.41e-01	8.57e-01	1.80e-03	0.00e+00	0.00e+00	0.00e+00	0.00e+00	0.00e+00
 2.02112e+16	1.46e-01	8.53e-01	1.63e-03	0.00e+00	0.00e+00	0.00e+00	0.00e+00	0.00e+00
 2.02164e+16	1.50e-01	8.48e-01	1.48e-03	0.00e+00	0.00e+00	0.00e+00	0.00e+00	0.00e+00
 2.02215e+16	1.55e-01	8.44e-01	1.33e-03	0.00e+00	0.00e+00	0.00e+00	0.00e+00	0.00e+00
 2.02267e+16	1.60e-01	8.39e-01	1.20e-03	0.00e+00	0.00e+00	0.00e+00	0.00e+00	0.00e+00
 2.02318e+16	1.65e-01	8.34e-01	1.08e-03	0.00e+00	0.00e+00	0.00e+00	0.00e+00	0.00e+00
 2.02367e+16	1.70e-01	8.29e-01	9.78e-04	0.00e+00	0.00e+00	0.00e+00	0.00e+00	0.00e+00
 2.02416e+16	1.75e-01	8.24e-01	8.84e-04	0.00e+00	0.00e+00	0.00e+00	0.00e+00	0.00e+00
 2.02465e+16	1.80e-01	8.19e-01	7.96e-04	0.00e+00	0.00e+00	0.00e+00	0.00e+00	0.00e+00
 2.02513e+16	1.85e-01	8.14e-01	7.18e-04	0.00e+00	0.00e+00	0.00e+00	0.00e+00	0.00e+00
 2.02561e+16	1.91e-01	8.08e-01	6.46e-04	0.00e+00	0.00e+00	0.00e+00	0.00e+00	0.00e+00
 2.02608e+16	1.97e-01	8.03e-01	5.83e-04	0.00e+00	0.00e+00	0.00e+00	0.00e+00	0.00e+00
 2.02655e+16	2.03e-01	7.96e-01	5.25e-04	0.00e+00	0.00e+00	0.00e+00	0.00e+00	0.00e+00
 2.02702e+16	2.09e-01	7.91e-01	4.72e-04	0.00e+00	0.00e+00	0.00e+00	0.00e+00	0.00e+00
 2.02747e+16	2.15e-01	7.84e-01	4.25e-04	0.00e+00	0.00e+00	0.00e+00	0.00e+00	0.00e+00
 2.02792e+16	2.22e-01	7.78e-01	3.83e-04	0.00e+00	0.00e+00	0.00e+00	0.00e+00	0.00e+00
 2.02837e+16	2.29e-01	7.71e-01	3.44e-04	0.00e+00	0.00e+00	0.00e+00	0.00e+00	0.00e+00
 2.02882e+16	2.36e-01	7.64e-01	3.10e-04	0.00e+00	0.00e+00	0.00e+00	0.00e+00	0.00e+00
 2.02926e+16	2.43e-01	7.57e-01	2.78e-04	0.00e+00	0.00e+00	0.00e+00	0.00e+00	0.00e+00
 2.02969e+16	2.51e-01	7.49e-01	2.50e-04	0.00e+00	0.00e+00	0.00e+00	0.00e+00	0.00e+00
 2.03012e+16	2.60e-01	7.40e-01	2.24e-04	0.00e+00	0.00e+00	0.00e+00	0.00e+00	0.00e+00
 2.03055e+16	2.68e-01	7.32e-01	2.01e-04	0.00e+00	0.00e+00	0.00e+00	0.00e+00	0.00e+00
 2.03097e+16	2.77e-01	7.23e-01	1.80e-04	0.00e+00	0.00e+00	0.00e+00	0.00e+00	0.00e+00
 2.03138e+16	2.86e-01	7.14e-01	1.62e-04	0.00e+00	0.00e+00	0.00e+00	0.00e+00	0.00e+00
 2.03179e+16	2.96e-01	7.04e-01	1.45e-04	0.00e+00	0.00e+00	0.00e+00	0.00e+00	0.00e+00
 2.03220e+16	3.06e-01	6.94e-01	1.29e-04	0.00e+00	0.00e+00	0.00e+00	0.00e+00	0.00e+00
 2.03259e+16	3.17e-01	6.83e-01	1.16e-04	0.00e+00	0.00e+00	0.00e+00	0.00e+00	0.00e+00
 2.03298e+16	3.29e-01	6.70e-01	1.04e-04	0.00e+00	0.00e+00	0.00e+00	0.00e+00	0.00e+00
 2.03336e+16	3.41e-01	6.59e-01	9.29e-05	0.00e+00	0.00e+00	0.00e+00	0.00e+00	0.00e+00
 2.03372e+16	3.52e-01	6.48e-01	8.34e-05	0.00e+00	0.00e+00	0.00e+00	0.00e+00	0.00e+00
 2.03409e+16	3.67e-01	6.33e-01	7.44e-05	0.00e+00	0.00e+00	0.00e+00	0.00e+00	0.00e+00
 2.03445e+16	3.80e-01	6.20e-01	6.66e-05	0.00e+00	0.00e+00	0.00e+00	0.00e+00	0.00e+00
 2.03481e+16	3.94e-01	6.06e-01	5.96e-05	0.00e+00	0.00e+00	0.00e+00	0.00e+00	0.00e+00
 2.03515e+16	4.09e-01	5.91e-01	5.32e-05	0.00e+00	0.00e+00	0.00e+00	0.00e+00	0.00e+00
 2.03550e+16	4.25e-01	5.75e-01	4.75e-05	0.00e+00	0.00e+00	0.00e+00	0.00e+00	0.00e+00
 2.03584e+16	4.42e-01	5.58e-01	4.23e-05	0.00e+00	0.00e+00	0.00e+00	0.00e+00	0.00e+00
 2.03617e+16	4.59e-01	5.41e-01	3.77e-05	0.00e+00	0.00e+00	0.00e+00	0.00e+00	0.00e+00
 2.03651e+16	4.79e-01	5.21e-01	3.33e-05	0.00e+00	0.00e+00	0.00e+00	0.00e+00	0.00e+00
 2.03683e+16	4.98e-01	5.02e-01	2.96e-05	0.00e+00	0.00e+00	0.00e+00	0.00e+00	0.00e+00
 2.03715e+16	5.17e-01	4.83e-01	2.62e-05	0.00e+00	0.00e+00	0.00e+00	0.00e+00	0.00e+00
 2.03747e+16	5.38e-01	4.62e-01	2.32e-05	0.00e+00	0.00e+00	0.00e+00	0.00e+00	0.00e+00
 2.03779e+16	5.59e-01	4.41e-01	2.04e-05	0.00e+00	0.00e+00	0.00e+00	0.00e+00	0.00e+00
 2.03811e+16	5.80e-01	4.20e-01	1.79e-05	0.00e+00	0.00e+00	0.00e+00	0.00e+00	0.00e+00
 2.03843e+16	6.02e-01	3.98e-01	1.57e-05	0.00e+00	0.00e+00	0.00e+00	0.00e+00	0.00e+00
 2.03874e+16	6.25e-01	3.75e-01	1.37e-05	0.00e+00	0.00e+00	0.00e+00	0.00e+00	0.00e+00
 2.03906e+16	6.48e-01	3.52e-01	1.19e-05	0.00e+00	0.00e+00	0.00e+00	0.00e+00	0.00e+00
 2.03934e+16	6.68e-01	3.32e-01	1.05e-05	0.00e+00	0.00e+00	0.00e+00	0.00e+00	0.00e+00
 2.03956e+16	6.84e-01	3.16e-01	9.52e-06	0.00e+00	0.00e+00	0.00e+00	0.00e+00	0.00e+00
 2.03977e+16	6.98e-01	3.02e-01	8.66e-06	0.00e+00	0.00e+00	0.00e+00	0.00e+00	0.00e+00
 2.03999e+16	7.15e-01	2.85e-01	7.76e-06	0.00e+00	0.00e+00	0.00e+00	0.00e+00	0.00e+00
 2.04021e+16	7.29e-01	2.71e-01	7.01e-06	0.00e+00	0.00e+00	0.00e+00	0.00e+00	0.00e+00
 2.04042e+16	7.46e-01	2.54e-01	6.28e-06	0.00e+00	0.00e+00	0.00e+00	0.00e+00	0.00e+00
 2.04062e+16	7.58e-01	2.42e-01	5.71e-06	0.00e+00	0.00e+00	0.00e+00	0.00e+00	0.00e+00
 2.04082e+16	7.71e-01	2.29e-01	5.17e-06	0.00e+00	0.00e+00	0.00e+00	0.00e+00	0.00e+00
 2.04102e+16	7.84e-01	2.16e-01	4.68e-06	0.00e+00	0.00e+00	0.00e+00	0.00e+00	0.00e+00
 2.04121e+16	7.97e-01	2.03e-01	4.24e-06	0.00e+00	0.00e+00	0.00e+00	0.00e+00	0.00e+00
 2.04139e+16	8.08e-01	1.92e-01	3.84e-06	0.00e+00	0.00e+00	0.00e+00	0.00e+00	0.00e+00
 2.04157e+16	8.19e-01	1.81e-01	3.49e-06	0.00e+00	0.00e+00	0.00e+00	0.00e+00	0.00e+00
 2.04175e+16	8.29e-01	1.71e-01	3.18e-06	0.00e+00	0.00e+00	0.00e+00	0.00e+00	0.00e+00
 2.04193e+16	8.39e-01	1.61e-01	2.90e-06	0.00e+00	0.00e+00	0.00e+00	0.00e+00	0.00e+00
 2.04210e+16	8.48e-01	1.52e-01	2.64e-06	0.00e+00	0.00e+00	0.00e+00	0.00e+00	0.00e+00
 2.04227e+16	8.57e-01	1.43e-01	2.41e-06	0.00e+00	0.00e+00	0.00e+00	0.00e+00	0.00e+00
