#depth	C	C+	C+2	C+3	C+4	C+5	C+6	C[1]	C[2]	C[3]	C+[1]	C+[2]	CO
 1.49634e+10	0.00e+00	0.00e+00	4.46e-31	2.67e-21	6.41e-11	1.18e-04	1.00e+00	0.00e+00	0.00e+00	0.00e+00	0.00e+00	0.00e+00	0.00e+00
 4.54887e+10	0.00e+00	5.06e-41	6.09e-31	3.37e-21	7.48e-11	1.28e-04	1.00e+00	0.00e+00	0.00e+00	0.00e+00	0.00e+00	0.00e+00	0.00e+00
 7.72350e+10	0.00e+00	0.00e+00	8.35e-31	4.27e-21	8.76e-11	1.38e-04	1.00e+00	0.00e+00	0.00e+00	0.00e+00	0.00e+00	0.00e+00	0.00e+00
 1.10251e+11	0.00e+00	1.12e-40	1.15e-30	5.42e-21	1.03e-10	1.50e-04	1.00e+00	0.00e+00	0.00e+00	0.00e+00	0.00e+00	0.00e+00	0.00e+00
 1.42729e+11	0.00e+00	0.00e+00	1.55e-30	6.78e-21	1.19e-10	1.61e-04	1.00e+00	0.00e+00	0.00e+00	0.00e+00	0.00e+00	0.00e+00	0.00e+00
 1.76506e+11	0.00e+00	2.37e-40	2.09e-30	8.51e-21	1.39e-10	1.73e-04	1.00e+00	0.00e+00	0.00e+00	0.00e+00	0.00e+00	0.00e+00	0.00e+00
 2.13493e+11	0.00e+00	0.00e+00	2.87e-30	1.08e-20	1.63e-10	1.87e-04	1.00e+00	0.00e+00	0.00e+00	0.00e+00	0.00e+00	0.00e+00	1.82e-212
 2.50863e+11	0.00e+00	5.17e-40	3.91e-30	1.36e-20	1.90e-10	2.01e-04	1.00e+00	0.00e+00	0.00e+00	0.00e+00	0.00e+00	0.00e+00	0.00e+00
 2.89729e+11	0.00e+00	0.00e+00	5.34e-30	1.72e-20	2.23e-10	2.17e-04	1.00e+00	0.00e+00	0.00e+00	0.00e+00	0.00e+00	0.00e+00	3.42e-211
 3.31245e+11	0.00e+00	1.13e-39	7.34e-30	2.18e-20	2.62e-10	2.34e-04	1.00e+00	0.00e+00	0.00e+00	0.00e+00	0.00e+00	0.00e+00	0.00e+00
 3.72093e+11	0.00e+00	0.00e+00	9.90e-30	2.73e-20	3.04e-10	2.51e-04	1.00e+00	0.00e+00	0.00e+00	0.00e+00	0.00e+00	0.00e+00	0.00e+00
 4.14576e+11	0.00e+00	2.42e-39	1.35e-29	3.45e-20	3.55e-10	2.71e-04	1.00e+00	0.00e+00	0.00e+00	0.00e+00	0.00e+00	0.00e+00	3.95e-166
 4.54906e+11	0.00e+00	0.00e+00	1.77e-29	4.23e-20	4.07e-10	2.89e-04	1.00e+00	0.00e+00	0.00e+00	0.00e+00	0.00e+00	0.00e+00	4.30e-225
 4.88043e+11	0.00e+00	4.50e-39	2.22e-29	5.01e-20	4.57e-10	3.06e-04	1.00e+00	0.00e+00	0.00e+00	0.00e+00	0.00e+00	0.00e+00	3.16e-272
 5.23940e+11	0.00e+00	0.00e+00	2.81e-29	5.98e-20	5.15e-10	3.23e-04	1.00e+00	0.00e+00	0.00e+00	0.00e+00	0.00e+00	0.00e+00	0.00e+00
 5.70077e+11	0.00e+00	8.70e-39	3.76e-29	7.46e-20	5.98e-10	3.47e-04	1.00e+00	0.00e+00	0.00e+00	0.00e+00	0.00e+00	0.00e+00	0.00e+00
 6.18840e+11	0.00e+00	0.00e+00	5.06e-29	9.33e-20	6.94e-10	3.73e-04	1.00e+00	0.00e+00	0.00e+00	0.00e+00	0.00e+00	0.00e+00	3.29e-272
 6.61987e+11	0.00e+00	1.73e-38	6.53e-29	1.13e-19	7.91e-10	3.96e-04	1.00e+00	0.00e+00	0.00e+00	0.00e+00	0.00e+00	0.00e+00	3.24e-163
 7.08522e+11	0.00e+00	0.00e+00	8.54e-29	1.38e-19	9.05e-10	4.21e-04	1.00e+00	0.00e+00	0.00e+00	0.00e+00	0.00e+00	0.00e+00	1.40e-223
 7.64484e+11	0.00e+00	3.57e-38	1.17e-28	1.75e-19	1.06e-09	4.55e-04	1.00e+00	0.00e+00	0.00e+00	0.00e+00	0.00e+00	0.00e+00	3.71e-162
 8.20843e+11	0.00e+00	0.00e+00	1.58e-28	2.20e-19	1.24e-09	4.90e-04	1.00e+00	0.00e+00	0.00e+00	0.00e+00	0.00e+00	0.00e+00	0.00e+00
 8.70182e+11	0.00e+00	7.16e-38	2.04e-28	2.67e-19	1.41e-09	5.21e-04	9.99e-01	0.00e+00	0.00e+00	0.00e+00	0.00e+00	0.00e+00	3.88e-161
 9.22255e+11	0.00e+00	0.00e+00	2.66e-28	3.25e-19	1.62e-09	5.53e-04	9.99e-01	0.00e+00	0.00e+00	0.00e+00	0.00e+00	0.00e+00	0.00e+00
 9.85685e+11	0.00e+00	1.47e-37	3.63e-28	4.12e-19	1.90e-09	5.97e-04	9.99e-01	0.00e+00	0.00e+00	0.00e+00	0.00e+00	0.00e+00	4.25e-160
 1.04841e+12	0.00e+00	0.00e+00	4.89e-28	5.15e-19	2.21e-09	6.42e-04	9.99e-01	0.00e+00	0.00e+00	0.00e+00	0.00e+00	0.00e+00	0.00e+00
 1.10270e+12	0.00e+00	2.89e-37	6.27e-28	6.22e-19	2.51e-09	6.81e-04	9.99e-01	0.00e+00	0.00e+00	0.00e+00	0.00e+00	0.00e+00	4.11e-159
 1.16151e+12	0.00e+00	0.00e+00	8.17e-28	7.59e-19	2.87e-09	7.25e-04	9.99e-01	0.00e+00	0.00e+00	0.00e+00	0.00e+00	0.00e+00	0.00e+00
 1.23360e+12	0.00e+00	5.92e-37	1.12e-27	9.61e-19	3.38e-09	7.81e-04	9.99e-01	0.00e+00	0.00e+00	0.00e+00	0.00e+00	0.00e+00	4.42e-158
 1.30641e+12	0.00e+00	0.00e+00	1.51e-27	1.21e-18	3.95e-09	8.41e-04	9.99e-01	0.00e+00	0.00e+00	0.00e+00	0.00e+00	0.00e+00	0.00e+00
 1.37098e+12	0.00e+00	1.20e-36	1.97e-27	1.47e-18	4.52e-09	8.95e-04	9.99e-01	0.00e+00	0.00e+00	0.00e+00	0.00e+00	0.00e+00	4.55e-157
 1.44138e+12	1.14e-46	1.69e-36	2.60e-27	1.82e-18	5.21e-09	9.55e-04	9.99e-01	0.00e+00	0.00e+00	0.00e+00	0.00e+00	0.00e+00	4.49e-217
 1.52575e+12	0.00e+00	0.00e+00	3.58e-27	2.32e-18	6.15e-09	1.03e-03	9.99e-01	0.00e+00	0.00e+00	0.00e+00	0.00e+00	0.00e+00	1.95e-235
 1.60988e+12	0.00e+00	3.71e-36	4.89e-27	2.93e-18	7.23e-09	1.11e-03	9.99e-01	0.00e+00	0.00e+00	0.00e+00	0.00e+00	0.00e+00	2.94e-203
 1.68626e+12	4.38e-46	5.21e-36	6.43e-27	3.61e-18	8.33e-09	1.19e-03	9.99e-01	0.00e+00	0.00e+00	0.00e+00	0.00e+00	0.00e+00	4.38e-136
 1.77099e+12	0.00e+00	0.00e+00	8.62e-27	4.50e-18	9.69e-09	1.27e-03	9.99e-01	0.00e+00	0.00e+00	0.00e+00	0.00e+00	0.00e+00	0.00e+00
 1.87022e+12	0.00e+00	1.14e-35	1.21e-26	5.81e-18	1.15e-08	1.38e-03	9.99e-01	0.00e+00	0.00e+00	0.00e+00	0.00e+00	0.00e+00	8.36e-154
 1.96836e+12	1.79e-45	1.69e-35	1.66e-26	7.39e-18	1.36e-08	1.49e-03	9.99e-01	0.00e+00	0.00e+00	0.00e+00	0.00e+00	0.00e+00	0.00e+00
 2.05597e+12	0.00e+00	0.00e+00	2.18e-26	9.10e-18	1.57e-08	1.59e-03	9.98e-01	0.00e+00	0.00e+00	0.00e+00	0.00e+00	0.00e+00	0.00e+00
 2.14983e+12	0.00e+00	3.40e-35	2.91e-26	1.13e-17	1.82e-08	1.71e-03	9.98e-01	0.00e+00	0.00e+00	0.00e+00	0.00e+00	0.00e+00	8.56e-214
 2.26190e+12	6.76e-45	5.13e-35	4.06e-26	1.46e-17	2.17e-08	1.85e-03	9.98e-01	0.00e+00	0.00e+00	0.00e+00	0.00e+00	0.00e+00	3.48e-133
 2.37324e+12	0.00e+00	7.65e-35	5.60e-26	1.85e-17	2.56e-08	2.00e-03	9.98e-01	0.00e+00	0.00e+00	0.00e+00	0.00e+00	0.00e+00	0.00e+00
 2.47468e+12	1.65e-44	1.08e-34	7.41e-26	2.29e-17	2.96e-08	2.14e-03	9.98e-01	0.00e+00	0.00e+00	0.00e+00	0.00e+00	0.00e+00	3.05e-132
 2.56542e+12	0.00e+00	1.47e-34	9.49e-26	2.76e-17	3.36e-08	2.27e-03	9.98e-01	0.00e+00	0.00e+00	0.00e+00	0.00e+00	0.00e+00	0.00e+00
 2.64845e+12	3.31e-44	1.93e-34	1.18e-25	3.26e-17	3.77e-08	2.39e-03	9.98e-01	0.00e+00	0.00e+00	0.00e+00	0.00e+00	0.00e+00	1.63e-131
 2.74366e+12	0.00e+00	2.63e-34	1.51e-25	3.94e-17	4.28e-08	2.54e-03	9.97e-01	0.00e+00	0.00e+00	0.00e+00	0.00e+00	0.00e+00	0.00e+00
 2.86745e+12	7.63e-44	3.88e-34	2.07e-25	4.98e-17	5.03e-08	2.74e-03	9.97e-01	0.00e+00	0.00e+00	0.00e+00	0.00e+00	0.00e+00	1.23e-130
 2.99504e+12	0.00e+00	5.72e-34	2.83e-25	6.31e-17	5.92e-08	2.96e-03	9.97e-01	0.00e+00	0.00e+00	0.00e+00	0.00e+00	0.00e+00	0.00e+00
 3.10090e+12	1.77e-43	7.83e-34	3.65e-25	7.64e-17	6.75e-08	3.15e-03	9.97e-01	0.00e+00	0.00e+00	0.00e+00	0.00e+00	0.00e+00	9.31e-130
 3.21184e+12	0.00e+00	1.08e-33	4.73e-25	9.30e-17	7.72e-08	3.35e-03	9.97e-01	0.00e+00	0.00e+00	0.00e+00	0.00e+00	0.00e+00	0.00e+00
 3.35500e+12	4.24e-43	1.62e-33	6.56e-25	1.19e-16	9.14e-08	3.62e-03	9.96e-01	0.00e+00	0.00e+00	0.00e+00	0.00e+00	0.00e+00	7.61e-129
 3.50566e+12	0.00e+00	2.46e-33	9.16e-25	1.53e-16	1.09e-07	3.93e-03	9.96e-01	0.00e+00	0.00e+00	0.00e+00	0.00e+00	0.00e+00	0.00e+00
 3.63708e+12	1.07e-42	3.51e-33	1.22e-24	1.90e-16	1.26e-07	4.21e-03	9.96e-01	0.00e+00	0.00e+00	0.00e+00	0.00e+00	0.00e+00	6.96e-128
 3.77784e+12	0.00e+00	5.07e-33	1.64e-24	2.37e-16	1.46e-07	4.53e-03	9.95e-01	0.00e+00	0.00e+00	0.00e+00	0.00e+00	0.00e+00	0.00e+00
 3.94951e+12	2.83e-42	7.89e-33	2.34e-24	3.09e-16	1.76e-07	4.93e-03	9.95e-01	0.00e+00	0.00e+00	0.00e+00	0.00e+00	0.00e+00	7.07e-127
 4.12500e+12	0.00e+00	1.23e-32	3.33e-24	4.03e-16	2.11e-07	5.38e-03	9.95e-01	0.00e+00	0.00e+00	0.00e+00	0.00e+00	0.00e+00	0.00e+00
 4.27193e+12	7.40e-42	1.76e-32	4.45e-24	5.01e-16	2.44e-07	5.77e-03	9.94e-01	0.00e+00	0.00e+00	0.00e+00	0.00e+00	0.00e+00	6.91e-126
 4.39667e+12	0.00e+00	2.38e-32	5.68e-24	6.02e-16	2.77e-07	6.12e-03	9.94e-01	0.00e+00	0.00e+00	0.00e+00	0.00e+00	0.00e+00	0.00e+00
 4.53739e+12	1.59e-41	3.32e-32	7.42e-24	7.35e-16	3.17e-07	6.53e-03	9.93e-01	0.00e+00	0.00e+00	0.00e+00	0.00e+00	0.00e+00	4.20e-125
 4.72033e+12	0.00e+00	5.08e-32	1.05e-23	9.49e-16	3.77e-07	7.09e-03	9.93e-01	0.00e+00	0.00e+00	0.00e+00	0.00e+00	0.00e+00	0.00e+00
 4.90948e+12	4.47e-41	7.85e-32	1.48e-23	1.23e-15	4.50e-07	7.72e-03	9.92e-01	0.00e+00	0.00e+00	0.00e+00	0.00e+00	0.00e+00	4.78e-124
 5.06638e+12	0.00e+00	1.12e-31	1.97e-23	1.52e-15	5.20e-07	8.27e-03	9.92e-01	0.00e+00	0.00e+00	0.00e+00	0.00e+00	0.00e+00	0.00e+00
 5.23003e+12	1.06e-40	1.60e-31	2.63e-23	1.89e-15	6.02e-07	8.87e-03	9.91e-01	0.00e+00	0.00e+00	0.00e+00	0.00e+00	0.00e+00	3.57e-123
 5.44277e+12	0.00e+00	2.55e-31	3.83e-23	2.50e-15	7.27e-07	9.71e-03	9.90e-01	0.00e+00	0.00e+00	0.00e+00	0.00e+00	0.00e+00	0.00e+00
 5.66131e+12	3.25e-40	4.07e-31	5.57e-23	3.30e-15	8.78e-07	1.06e-02	9.89e-01	0.00e+00	0.00e+00	0.00e+00	0.00e+00	0.00e+00	4.81e-122
 5.84126e+12	0.00e+00	5.94e-31	7.55e-23	4.14e-15	1.02e-06	1.14e-02	9.89e-01	0.00e+00	0.00e+00	0.00e+00	0.00e+00	0.00e+00	0.00e+00
 6.02909e+12	8.13e-40	8.74e-31	1.03e-22	5.22e-15	1.20e-06	1.23e-02	9.88e-01	0.00e+00	0.00e+00	0.00e+00	0.00e+00	0.00e+00	4.01e-121
 6.24055e+12	0.00e+00	1.34e-30	1.45e-22	6.74e-15	1.42e-06	1.34e-02	9.87e-01	0.00e+00	0.00e+00	0.00e+00	0.00e+00	0.00e+00	0.00e+00
 6.44072e+12	2.18e-39	1.99e-30	2.00e-22	8.55e-15	1.67e-06	1.45e-02	9.86e-01	0.00e+00	0.00e+00	0.00e+00	0.00e+00	0.00e+00	3.88e-120
 6.63015e+12	0.00e+00	2.86e-30	2.68e-22	1.06e-14	1.93e-06	1.55e-02	9.84e-01	0.00e+00	0.00e+00	0.00e+00	0.00e+00	0.00e+00	0.00e+00
 6.83905e+12	5.43e-39	4.24e-30	3.68e-22	1.35e-14	2.26e-06	1.68e-02	9.83e-01	0.00e+00	0.00e+00	0.00e+00	0.00e+00	0.00e+00	3.12e-119
 7.07931e+12	0.00e+00	6.58e-30	5.25e-22	1.76e-14	2.71e-06	1.83e-02	9.82e-01	0.00e+00	0.00e+00	0.00e+00	0.00e+00	0.00e+00	0.00e+00
 7.32199e+12	1.54e-38	1.01e-29	7.44e-22	2.28e-14	3.22e-06	1.99e-02	9.80e-01	0.00e+00	0.00e+00	0.00e+00	0.00e+00	0.00e+00	3.37e-118
 7.55158e+12	0.00e+00	1.50e-29	1.02e-21	2.89e-14	3.78e-06	2.15e-02	9.79e-01	0.00e+00	0.00e+00	0.00e+00	0.00e+00	0.00e+00	0.00e+00
 7.78531e+12	3.92e-38	2.21e-29	1.40e-21	3.65e-14	4.42e-06	2.32e-02	9.77e-01	0.00e+00	0.00e+00	0.00e+00	0.00e+00	0.00e+00	2.85e-117
 8.03794e+12	0.00e+00	3.30e-29	1.94e-21	4.66e-14	5.20e-06	2.51e-02	9.75e-01	0.00e+00	0.00e+00	0.00e+00	0.00e+00	0.00e+00	1.62e-101
 8.30780e+12	1.04e-37	5.00e-29	2.72e-21	6.00e-14	6.16e-06	2.72e-02	9.73e-01	0.00e+00	0.00e+00	0.00e+00	0.00e+00	0.00e+00	0.00e+00
 8.56286e+12	0.00e+00	7.29e-29	3.70e-21	7.55e-14	7.18e-06	2.93e-02	9.71e-01	0.00e+00	0.00e+00	0.00e+00	0.00e+00	0.00e+00	1.29e-132
 8.79122e+12	2.42e-37	1.01e-28	4.82e-21	9.21e-14	8.20e-06	3.12e-02	9.69e-01	0.00e+00	0.00e+00	0.00e+00	0.00e+00	0.00e+00	5.46e-99
 9.04751e+12	0.00e+00	1.44e-28	6.43e-21	1.14e-13	9.47e-06	3.34e-02	9.67e-01	0.00e+00	0.00e+00	0.00e+00	0.00e+00	0.00e+00	0.00e+00
 9.37546e+12	6.18e-37	2.22e-28	9.15e-21	1.49e-13	1.13e-05	3.64e-02	9.64e-01	0.00e+00	0.00e+00	0.00e+00	0.00e+00	0.00e+00	1.58e-114
 9.70649e+12	0.00e+00	3.37e-28	1.29e-20	1.93e-13	1.34e-05	3.95e-02	9.60e-01	0.00e+00	0.00e+00	0.00e+00	0.00e+00	0.00e+00	3.81e-99
 9.97822e+12	1.51e-36	4.69e-28	1.69e-20	2.36e-13	1.53e-05	4.22e-02	9.58e-01	0.00e+00	0.00e+00	0.00e+00	0.00e+00	0.00e+00	0.00e+00
 1.02629e+13	0.00e+00	6.54e-28	2.21e-20	2.89e-13	1.76e-05	4.50e-02	9.55e-01	0.00e+00	0.00e+00	0.00e+00	0.00e+00	0.00e+00	8.97e-130
 1.06331e+13	3.68e-36	9.91e-28	3.11e-20	3.74e-13	2.08e-05	4.88e-02	9.51e-01	0.00e+00	0.00e+00	0.00e+00	0.00e+00	0.00e+00	1.20e-96
 1.10182e+13	0.00e+00	1.50e-27	4.36e-20	4.82e-13	2.47e-05	5.29e-02	9.47e-01	0.00e+00	0.00e+00	0.00e+00	0.00e+00	0.00e+00	1.09e-128
 1.13423e+13	8.98e-36	2.10e-27	5.73e-20	5.92e-13	2.83e-05	5.65e-02	9.43e-01	0.00e+00	0.00e+00	0.00e+00	0.00e+00	0.00e+00	7.08e-96
 1.16834e+13	0.00e+00	2.94e-27	7.55e-20	7.29e-13	3.25e-05	6.03e-02	9.40e-01	0.00e+00	0.00e+00	0.00e+00	0.00e+00	0.00e+00	8.30e-128
 1.21268e+13	2.22e-35	4.48e-27	1.07e-19	9.45e-13	3.86e-05	6.55e-02	9.34e-01	0.00e+00	0.00e+00	0.00e+00	0.00e+00	0.00e+00	4.33e-95
 1.25851e+13	0.00e+00	6.81e-27	1.50e-19	1.22e-12	4.57e-05	7.10e-02	9.29e-01	0.00e+00	0.00e+00	0.00e+00	0.00e+00	0.00e+00	1.06e-126
 1.29674e+13	5.44e-35	9.52e-27	1.97e-19	1.50e-12	5.24e-05	7.57e-02	9.24e-01	0.00e+00	0.00e+00	0.00e+00	0.00e+00	0.00e+00	2.61e-94
 1.33690e+13	8.13e-35	1.33e-26	2.60e-19	1.85e-12	6.00e-05	8.08e-02	9.19e-01	0.00e+00	0.00e+00	0.00e+00	0.00e+00	0.00e+00	1.40e-109
 1.38829e+13	1.33e-34	2.02e-26	3.65e-19	2.39e-12	7.11e-05	8.75e-02	9.12e-01	0.00e+00	0.00e+00	0.00e+00	0.00e+00	0.00e+00	1.59e-93
 1.44167e+13	2.18e-34	3.06e-26	5.13e-19	3.08e-12	8.40e-05	9.46e-02	9.05e-01	0.00e+00	0.00e+00	0.00e+00	0.00e+00	0.00e+00	1.45e-108
 1.48717e+13	3.27e-34	4.30e-26	6.76e-19	3.79e-12	9.64e-05	1.01e-01	8.99e-01	0.00e+00	0.00e+00	0.00e+00	0.00e+00	0.00e+00	9.70e-93
 1.53504e+13	4.91e-34	6.05e-26	8.95e-19	4.68e-12	1.11e-04	1.08e-01	8.92e-01	0.00e+00	0.00e+00	0.00e+00	0.00e+00	0.00e+00	1.00e-107
 1.59483e+13	8.03e-34	9.15e-26	1.25e-18	6.03e-12	1.31e-04	1.16e-01	8.84e-01	0.00e+00	0.00e+00	0.00e+00	0.00e+00	0.00e+00	6.00e-92
 1.65605e+13	1.30e-33	1.37e-25	1.75e-18	7.74e-12	1.54e-04	1.25e-01	8.74e-01	0.00e+00	0.00e+00	0.00e+00	0.00e+00	0.00e+00	1.03e-106
 1.70481e+13	1.88e-33	1.87e-25	2.25e-18	9.37e-12	1.74e-04	1.33e-01	8.67e-01	0.00e+00	0.00e+00	0.00e+00	0.00e+00	0.00e+00	3.38e-91
 1.74246e+13	2.48e-33	2.37e-25	2.72e-18	1.08e-11	1.91e-04	1.39e-01	8.61e-01	0.00e+00	0.00e+00	0.00e+00	0.00e+00	0.00e+00	4.84e-106
 1.78242e+13	3.32e-33	3.02e-25	3.32e-18	1.25e-11	2.11e-04	1.45e-01	8.55e-01	0.00e+00	0.00e+00	0.00e+00	0.00e+00	0.00e+00	1.07e-90
 1.83436e+13	4.77e-33	4.09e-25	4.26e-18	1.51e-11	2.38e-04	1.53e-01	8.47e-01	0.00e+00	0.00e+00	0.00e+00	0.00e+00	0.00e+00	2.32e-105
 1.89024e+13	6.97e-33	5.64e-25	5.54e-18	1.84e-11	2.70e-04	1.62e-01	8.38e-01	0.00e+00	0.00e+00	0.00e+00	0.00e+00	0.00e+00	4.83e-90
 1.93978e+13	9.66e-33	7.42e-25	6.93e-18	2.18e-11	3.01e-04	1.70e-01	8.29e-01	0.00e+00	0.00e+00	0.00e+00	0.00e+00	0.00e+00	1.27e-104
 1.99270e+13	1.35e-32	9.86e-25	8.75e-18	2.59e-11	3.37e-04	1.79e-01	8.20e-01	0.00e+00	0.00e+00	0.00e+00	0.00e+00	0.00e+00	1.87e-89
 2.06150e+13	2.08e-32	1.41e-24	1.17e-17	3.23e-11	3.89e-04	1.91e-01	8.09e-01	0.00e+00	0.00e+00	0.00e+00	0.00e+00	0.00e+00	8.01e-104
 2.13135e+13	3.16e-32	2.01e-24	1.57e-17	4.02e-11	4.47e-04	2.03e-01	7.96e-01	0.00e+00	0.00e+00	0.00e+00	0.00e+00	0.00e+00	1.04e-88
 2.18787e+13	4.38e-32	2.65e-24	1.97e-17	4.76e-11	4.99e-04	2.13e-01	7.86e-01	0.00e+00	0.00e+00	0.00e+00	0.00e+00	0.00e+00	4.85e-103
 2.24663e+13	6.09e-32	3.50e-24	2.47e-17	5.65e-11	5.56e-04	2.23e-01	7.76e-01	0.00e+00	0.00e+00	0.00e+00	0.00e+00	0.00e+00	3.93e-88
 2.32302e+13	9.25e-32	4.98e-24	3.30e-17	7.01e-11	6.39e-04	2.37e-01	7.62e-01	0.00e+00	0.00e+00	0.00e+00	0.00e+00	0.00e+00	2.95e-102
 2.40396e+13	1.42e-31	7.14e-24	4.44e-17	8.76e-11	7.36e-04	2.52e-01	7.47e-01	0.00e+00	0.00e+00	0.00e+00	0.00e+00	0.00e+00	2.16e-87
 2.47450e+13	2.03e-31	9.68e-24	5.70e-17	1.06e-10	8.29e-04	2.65e-01	7.34e-01	0.00e+00	0.00e+00	0.00e+00	0.00e+00	0.00e+00	1.98e-101
 2.54988e+13	2.94e-31	1.32e-23	7.38e-17	1.28e-10	9.37e-04	2.79e-01	7.20e-01	0.00e+00	0.00e+00	0.00e+00	0.00e+00	0.00e+00	9.41e-87
 2.64583e+13	4.65e-31	1.95e-23	1.02e-16	1.63e-10	1.09e-03	2.97e-01	7.02e-01	0.00e+00	0.00e+00	0.00e+00	0.00e+00	0.00e+00	1.47e-100
 2.74510e+13	7.32e-31	2.86e-23	1.40e-16	2.07e-10	1.26e-03	3.15e-01	6.83e-01	0.00e+00	0.00e+00	0.00e+00	0.00e+00	0.00e+00	5.83e-86
 2.83165e+13	1.07e-30	3.95e-23	1.82e-16	2.52e-10	1.43e-03	3.32e-01	6.67e-01	0.00e+00	0.00e+00	0.00e+00	0.00e+00	0.00e+00	1.11e-99
 2.92509e+13	1.59e-30	5.52e-23	2.40e-16	3.10e-10	1.63e-03	3.49e-01	6.50e-01	0.00e+00	0.00e+00	0.00e+00	0.00e+00	0.00e+00	2.74e-85
 3.02910e+13	2.43e-30	7.91e-23	3.24e-16	3.88e-10	1.87e-03	3.68e-01	6.30e-01	0.00e+00	0.00e+00	0.00e+00	0.00e+00	0.00e+00	8.09e-99
 3.11434e+13	3.39e-30	1.05e-22	4.11e-16	4.63e-10	2.09e-03	3.84e-01	6.14e-01	0.00e+00	0.00e+00	0.00e+00	0.00e+00	0.00e+00	1.24e-84
 3.17811e+13	4.32e-30	1.29e-22	4.87e-16	5.26e-10	2.26e-03	3.95e-01	6.02e-01	0.00e+00	0.00e+00	0.00e+00	0.00e+00	0.00e+00	3.30e-98
 3.24649e+13	5.56e-30	1.60e-22	5.83e-16	6.01e-10	2.45e-03	4.07e-01	5.90e-01	0.00e+00	0.00e+00	0.00e+00	0.00e+00	0.00e+00	3.33e-84
 3.33539e+13	7.65e-30	2.10e-22	7.30e-16	7.12e-10	2.72e-03	4.23e-01	5.74e-01	0.00e+00	0.00e+00	0.00e+00	0.00e+00	0.00e+00	1.34e-97
 3.43299e+13	1.07e-29	2.80e-22	9.29e-16	8.52e-10	3.03e-03	4.40e-01	5.57e-01	0.00e+00	0.00e+00	0.00e+00	0.00e+00	0.00e+00	1.24e-83
 3.52235e+13	1.45e-29	3.61e-22	1.15e-15	9.97e-10	3.34e-03	4.55e-01	5.42e-01	0.00e+00	0.00e+00	0.00e+00	0.00e+00	0.00e+00	6.47e-97
 3.61901e+13	1.98e-29	4.70e-22	1.43e-15	1.17e-09	3.68e-03	4.71e-01	5.26e-01	0.00e+00	0.00e+00	0.00e+00	0.00e+00	0.00e+00	4.24e-83
 3.74465e+13	2.92e-29	6.54e-22	1.88e-15	1.44e-09	4.16e-03	4.91e-01	5.05e-01	0.00e+00	0.00e+00	0.00e+00	0.00e+00	0.00e+00	3.72e-96
 3.87213e+13	4.27e-29	9.03e-22	2.46e-15	1.76e-09	4.68e-03	5.10e-01	4.85e-01	0.00e+00	0.00e+00	0.00e+00	0.00e+00	0.00e+00	2.02e-82
 3.97548e+13	5.73e-29	1.16e-21	3.02e-15	2.04e-09	5.13e-03	5.25e-01	4.70e-01	0.00e+00	0.00e+00	0.00e+00	0.00e+00	0.00e+00	2.03e-95
 4.08331e+13	7.71e-29	1.49e-21	3.71e-15	2.38e-09	5.61e-03	5.40e-01	4.55e-01	0.00e+00	0.00e+00	0.00e+00	0.00e+00	0.00e+00	6.87e-82
 4.22349e+13	1.12e-28	2.04e-21	4.80e-15	2.87e-09	6.27e-03	5.59e-01	4.35e-01	0.00e+00	0.00e+00	0.00e+00	0.00e+00	0.00e+00	1.11e-94
 4.37448e+13	1.64e-28	2.82e-21	6.26e-15	3.49e-09	7.03e-03	5.78e-01	4.15e-01	0.00e+00	0.00e+00	0.00e+00	0.00e+00	0.00e+00	3.34e-81
 4.51088e+13	2.29e-28	3.72e-21	7.86e-15	4.12e-09	7.74e-03	5.94e-01	3.99e-01	0.00e+00	0.00e+00	0.00e+00	0.00e+00	0.00e+00	7.04e-94
 4.65958e+13	3.24e-28	4.98e-21	9.93e-15	4.88e-09	8.54e-03	6.10e-01	3.82e-01	0.00e+00	0.00e+00	0.00e+00	0.00e+00	0.00e+00	1.44e-80
 4.84000e+13	4.87e-28	7.00e-21	1.31e-14	5.96e-09	9.58e-03	6.29e-01	3.62e-01	0.00e+00	0.00e+00	0.00e+00	0.00e+00	0.00e+00	5.03e-93
 5.02495e+13	7.24e-28	9.74e-21	1.70e-14	7.20e-09	1.07e-02	6.46e-01	3.43e-01	0.00e+00	0.00e+00	0.00e+00	0.00e+00	0.00e+00	8.24e-80
 5.19469e+13	1.03e-27	1.30e-20	2.15e-14	8.52e-09	1.17e-02	6.62e-01	3.27e-01	0.00e+00	0.00e+00	0.00e+00	0.00e+00	0.00e+00	3.62e-92
 5.34360e+13	1.38e-27	1.67e-20	2.62e-14	9.80e-09	1.27e-02	6.74e-01	3.13e-01	0.00e+00	0.00e+00	0.00e+00	0.00e+00	0.00e+00	3.42e-79
 5.49946e+13	1.87e-27	2.13e-20	3.18e-14	1.13e-08	1.38e-02	6.86e-01	3.00e-01	0.00e+00	0.00e+00	0.00e+00	0.00e+00	0.00e+00	1.77e-91
 5.70080e+13	2.72e-27	2.90e-20	4.06e-14	1.34e-08	1.51e-02	7.01e-01	2.84e-01	0.00e+00	0.00e+00	0.00e+00	0.00e+00	0.00e+00	1.56e-78
 5.90239e+13	3.89e-27	3.91e-20	5.12e-14	1.57e-08	1.66e-02	7.14e-01	2.69e-01	0.00e+00	0.00e+00	0.00e+00	0.00e+00	0.00e+00	1.28e-90
 6.06389e+13	5.15e-27	4.92e-20	6.13e-14	1.79e-08	1.78e-02	7.24e-01	2.58e-01	0.00e+00	0.00e+00	0.00e+00	0.00e+00	0.00e+00	6.64e-78
 6.23216e+13	6.82e-27	6.19e-20	7.34e-14	2.03e-08	1.91e-02	7.34e-01	2.47e-01	0.00e+00	0.00e+00	0.00e+00	0.00e+00	0.00e+00	5.79e-90
 6.45090e+13	9.72e-27	8.26e-20	9.18e-14	2.37e-08	2.08e-02	7.45e-01	2.34e-01	0.00e+00	0.00e+00	0.00e+00	0.00e+00	0.00e+00	2.86e-77
 6.68647e+13	1.40e-26	1.12e-19	1.16e-13	2.78e-08	2.27e-02	7.56e-01	2.21e-01	0.00e+00	0.00e+00	0.00e+00	0.00e+00	0.00e+00	4.13e-89
 6.89782e+13	1.93e-26	1.45e-19	1.41e-13	3.20e-08	2.45e-02	7.65e-01	2.10e-01	0.00e+00	0.00e+00	0.00e+00	0.00e+00	0.00e+00	1.40e-76
 7.12646e+13	2.69e-26	1.89e-19	1.74e-13	3.69e-08	2.65e-02	7.75e-01	1.99e-01	0.00e+00	0.00e+00	0.00e+00	0.00e+00	0.00e+00	3.03e-76
 7.40230e+13	3.95e-26	2.59e-19	2.21e-13	4.35e-08	2.89e-02	7.84e-01	1.87e-01	0.00e+00	0.00e+00	0.00e+00	0.00e+00	0.00e+00	7.48e-76
 7.67690e+13	5.71e-26	3.49e-19	2.78e-13	5.09e-08	3.15e-02	7.93e-01	1.75e-01	0.00e+00	0.00e+00	0.00e+00	0.00e+00	0.00e+00	1.78e-75
 7.92274e+13	7.85e-26	4.52e-19	3.39e-13	5.83e-08	3.38e-02	8.00e-01	1.66e-01	0.00e+00	0.00e+00	0.00e+00	0.00e+00	0.00e+00	3.75e-75
 8.19382e+13	1.10e-25	5.95e-19	4.18e-13	6.73e-08	3.65e-02	8.07e-01	1.57e-01	0.00e+00	0.00e+00	0.00e+00	0.00e+00	0.00e+00	8.33e-75
 8.51547e+13	1.62e-25	8.13e-19	5.31e-13	7.92e-08	3.97e-02	8.14e-01	1.46e-01	0.00e+00	0.00e+00	0.00e+00	0.00e+00	0.00e+00	2.08e-74
 8.83446e+13	2.35e-25	1.10e-18	6.66e-13	9.24e-08	4.31e-02	8.20e-01	1.37e-01	0.00e+00	0.00e+00	0.00e+00	0.00e+00	0.00e+00	4.98e-74
 9.12483e+13	3.24e-25	1.42e-18	8.14e-13	1.06e-07	4.63e-02	8.25e-01	1.29e-01	0.00e+00	0.00e+00	0.00e+00	0.00e+00	0.00e+00	1.06e-73
 9.39863e+13	4.35e-25	1.80e-18	9.76e-13	1.20e-07	4.93e-02	8.28e-01	1.22e-01	0.00e+00	0.00e+00	0.00e+00	0.00e+00	0.00e+00	2.14e-73
 9.70678e+13	6.00e-25	2.34e-18	1.19e-12	1.37e-07	5.28e-02	8.32e-01	1.15e-01	0.00e+00	0.00e+00	0.00e+00	0.00e+00	0.00e+00	4.60e-73
 1.00519e+14	8.48e-25	3.10e-18	1.47e-12	1.58e-07	5.70e-02	8.35e-01	1.08e-01	0.00e+00	0.00e+00	0.00e+00	0.00e+00	0.00e+00	1.03e-72
 1.03606e+14	1.15e-24	3.95e-18	1.77e-12	1.79e-07	6.07e-02	8.38e-01	1.02e-01	0.00e+00	0.00e+00	0.00e+00	0.00e+00	0.00e+00	2.13e-72
 1.06181e+14	1.46e-24	4.80e-18	2.06e-12	1.99e-07	6.40e-02	8.39e-01	9.68e-02	0.00e+00	0.00e+00	0.00e+00	0.00e+00	0.00e+00	3.74e-72
 1.08935e+14	1.88e-24	5.89e-18	2.41e-12	2.21e-07	6.75e-02	8.41e-01	9.19e-02	0.00e+00	0.00e+00	0.00e+00	0.00e+00	0.00e+00	6.78e-72
 1.12515e+14	2.58e-24	7.61e-18	2.93e-12	2.52e-07	7.22e-02	8.42e-01	8.62e-02	0.00e+00	0.00e+00	0.00e+00	0.00e+00	0.00e+00	1.44e-71
 1.16201e+14	3.54e-24	9.83e-18	3.57e-12	2.87e-07	7.71e-02	8.42e-01	8.08e-02	0.00e+00	0.00e+00	0.00e+00	0.00e+00	0.00e+00	3.06e-71
 1.19255e+14	4.57e-24	1.21e-17	4.17e-12	3.20e-07	8.13e-02	8.42e-01	7.67e-02	0.00e+00	0.00e+00	0.00e+00	0.00e+00	0.00e+00	5.61e-71
 1.22457e+14	5.91e-24	1.49e-17	4.91e-12	3.57e-07	8.58e-02	8.42e-01	7.25e-02	0.00e+00	0.00e+00	0.00e+00	0.00e+00	0.00e+00	1.03e-70
 1.26620e+14	8.20e-24	1.94e-17	6.00e-12	4.08e-07	9.17e-02	8.41e-01	6.77e-02	0.00e+00	0.00e+00	0.00e+00	0.00e+00	0.00e+00	2.24e-70
 1.30943e+14	1.13e-23	2.53e-17	7.37e-12	4.69e-07	9.83e-02	8.39e-01	6.29e-02	0.00e+00	0.00e+00	0.00e+00	0.00e+00	0.00e+00	4.77e-70
 1.34540e+14	1.47e-23	3.13e-17	8.67e-12	5.23e-07	1.04e-01	8.37e-01	5.94e-02	0.00e+00	0.00e+00	0.00e+00	0.00e+00	0.00e+00	8.91e-70
 1.38284e+14	1.92e-23	3.88e-17	1.02e-11	5.83e-07	1.09e-01	8.35e-01	5.60e-02	0.00e+00	0.00e+00	0.00e+00	0.00e+00	0.00e+00	1.69e-69
 1.43151e+14	2.67e-23	5.08e-17	1.26e-11	6.73e-07	1.17e-01	8.31e-01	5.18e-02	0.00e+00	0.00e+00	0.00e+00	1.62e-17	3.45e-17	3.64e-69
 1.48219e+14	3.74e-23	6.66e-17	1.55e-11	7.72e-07	1.25e-01	8.27e-01	4.80e-02	0.00e+00	0.00e+00	0.00e+00	2.21e-17	4.45e-17	8.09e-69
 1.52559e+14	4.93e-23	8.34e-17	1.84e-11	8.67e-07	1.32e-01	8.23e-01	4.50e-02	0.00e+00	0.00e+00	0.00e+00	2.76e-17	5.58e-17	1.56e-68
 1.57215e+14	6.56e-23	1.05e-16	2.20e-11	9.77e-07	1.40e-01	8.18e-01	4.20e-02	0.00e+00	0.00e+00	0.00e+00	3.49e-17	7.04e-17	3.08e-68
 1.63058e+14	9.23e-23	1.39e-16	2.75e-11	1.13e-06	1.50e-01	8.11e-01	3.86e-02	0.00e+00	0.00e+00	0.00e+00	4.61e-17	9.31e-17	6.86e-68
 1.69065e+14	1.30e-22	1.84e-16	3.40e-11	1.30e-06	1.60e-01	8.04e-01	3.55e-02	0.00e+00	0.00e+00	0.00e+00	6.08e-17	1.23e-16	1.55e-67
 1.74360e+14	1.74e-22	2.33e-16	4.07e-11	1.47e-06	1.70e-01	7.97e-01	3.30e-02	0.00e+00	0.00e+00	0.00e+00	7.71e-17	1.56e-16	3.12e-67
 1.80111e+14	2.35e-22	2.98e-16	4.93e-11	1.67e-06	1.80e-01	7.90e-01	3.05e-02	0.00e+00	0.00e+00	0.00e+00	9.87e-17	1.99e-16	6.42e-67
 1.87043e+14	3.32e-22	3.95e-16	6.16e-11	1.94e-06	1.93e-01	7.80e-01	2.78e-02	0.00e+00	0.00e+00	0.00e+00	1.31e-16	2.64e-16	1.45e-66
 1.93910e+14	4.65e-22	5.19e-16	7.59e-11	2.22e-06	2.05e-01	7.70e-01	2.54e-02	0.00e+00	0.00e+00	0.00e+00	1.72e-16	3.47e-16	3.25e-66
 2.00069e+14	6.21e-22	6.57e-16	9.09e-11	2.50e-06	2.16e-01	7.60e-01	2.35e-02	0.00e+00	0.00e+00	0.00e+00	2.17e-16	4.40e-16	6.55e-66
 2.06909e+14	8.45e-22	8.44e-16	1.10e-10	2.84e-06	2.29e-01	7.50e-01	2.16e-02	0.00e+00	0.00e+00	0.00e+00	2.79e-16	5.65e-16	1.37e-65
 2.15005e+14	1.19e-21	1.12e-15	1.38e-10	3.29e-06	2.44e-01	7.37e-01	1.96e-02	0.00e+00	0.00e+00	0.00e+00	3.70e-16	7.49e-16	3.11e-65
 2.22224e+14	1.61e-21	1.43e-15	1.66e-10	3.71e-06	2.57e-01	7.25e-01	1.80e-02	0.00e+00	0.00e+00	0.00e+00	4.72e-16	9.56e-16	6.47e-65
 2.27452e+14	1.98e-21	1.69e-15	1.89e-10	4.04e-06	2.67e-01	7.16e-01	1.69e-02	0.00e+00	0.00e+00	0.00e+00	5.59e-16	1.13e-15	1.07e-64
 2.32602e+14	2.42e-21	1.99e-15	2.15e-10	4.39e-06	2.76e-01	7.08e-01	1.60e-02	0.00e+00	0.00e+00	0.00e+00	6.58e-16	1.33e-15	1.74e-64
 2.39298e+14	3.14e-21	2.46e-15	2.51e-10	4.86e-06	2.88e-01	6.97e-01	1.48e-02	0.00e+00	0.00e+00	0.00e+00	8.12e-16	1.65e-15	3.31e-64
 2.46564e+14	4.07e-21	3.04e-15	2.97e-10	5.42e-06	3.02e-01	6.85e-01	1.37e-02	0.00e+00	0.00e+00	0.00e+00	1.00e-15	2.03e-15	6.18e-64
 2.53048e+14	5.14e-21	3.67e-15	3.43e-10	5.93e-06	3.13e-01	6.74e-01	1.28e-02	0.00e+00	0.00e+00	0.00e+00	1.21e-15	2.46e-15	1.10e-63
 2.59953e+14	6.54e-21	4.46e-15	3.97e-10	6.51e-06	3.26e-01	6.62e-01	1.19e-02	0.00e+00	0.00e+00	0.00e+00	1.47e-15	2.99e-15	2.00e-63
 2.68930e+14	8.75e-21	5.66e-15	4.79e-10	7.34e-06	3.42e-01	6.47e-01	1.08e-02	0.00e+00	0.00e+00	0.00e+00	1.87e-15	3.79e-15	4.10e-63
 2.78017e+14	1.18e-20	7.20e-15	5.72e-10	8.21e-06	3.57e-01	6.33e-01	9.87e-03	0.00e+00	0.00e+00	0.00e+00	2.38e-15	4.82e-15	8.70e-63
 2.85379e+14	1.48e-20	8.64e-15	6.58e-10	8.98e-06	3.70e-01	6.21e-01	9.17e-03	0.00e+00	0.00e+00	0.00e+00	2.85e-15	5.79e-15	1.52e-62
 2.93081e+14	1.85e-20	1.04e-14	7.60e-10	9.82e-06	3.83e-01	6.08e-01	8.51e-03	0.00e+00	0.00e+00	0.00e+00	3.42e-15	6.95e-15	2.66e-62
 3.03093e+14	2.50e-20	1.32e-14	9.06e-10	1.10e-05	4.00e-01	5.93e-01	7.74e-03	0.00e+00	0.00e+00	0.00e+00	4.35e-15	8.84e-15	5.67e-62
 3.13705e+14	3.33e-20	1.67e-14	1.09e-09	1.23e-05	4.17e-01	5.76e-01	7.00e-03	0.00e+00	0.00e+00	0.00e+00	5.49e-15	1.12e-14	1.16e-61
 3.22921e+14	4.29e-20	2.04e-14	1.26e-09	1.35e-05	4.32e-01	5.62e-01	6.45e-03	0.00e+00	0.00e+00	0.00e+00	6.72e-15	1.37e-14	2.20e-61
 3.32728e+14	5.54e-20	2.51e-14	1.48e-09	1.48e-05	4.47e-01	5.47e-01	5.91e-03	0.00e+00	0.00e+00	0.00e+00	8.27e-15	1.68e-14	4.28e-61
 3.45051e+14	7.56e-20	3.22e-14	1.78e-09	1.66e-05	4.65e-01	5.29e-01	5.31e-03	0.00e+00	0.00e+00	0.00e+00	1.06e-14	2.16e-14	9.46e-61
 3.57838e+14	1.02e-19	4.10e-14	2.14e-09	1.86e-05	4.84e-01	5.11e-01	4.76e-03	0.00e+00	0.00e+00	0.00e+00	1.35e-14	2.75e-14	2.02e-60
 3.69222e+14	1.33e-19	5.07e-14	2.51e-09	2.05e-05	5.00e-01	4.96e-01	4.33e-03	0.00e+00	0.00e+00	0.00e+00	1.67e-14	3.40e-14	4.04e-60
 3.81589e+14	1.76e-19	6.34e-14	2.95e-09	2.26e-05	5.17e-01	4.80e-01	3.92e-03	0.00e+00	0.00e+00	0.00e+00	2.09e-14	4.26e-14	8.35e-60
 3.96366e+14	2.41e-19	8.17e-14	3.57e-09	2.53e-05	5.36e-01	4.61e-01	3.49e-03	0.00e+00	0.00e+00	0.00e+00	2.69e-14	5.49e-14	1.91e-59
 4.11156e+14	3.26e-19	1.04e-13	4.27e-09	2.82e-05	5.54e-01	4.43e-01	3.12e-03	0.00e+00	0.00e+00	0.00e+00	3.42e-14	6.99e-14	4.20e-59
 4.24807e+14	4.26e-19	1.29e-13	5.01e-09	3.09e-05	5.70e-01	4.27e-01	2.81e-03	0.00e+00	0.00e+00	0.00e+00	4.23e-14	8.66e-14	8.47e-59
 4.36538e+14	5.32e-19	1.54e-13	5.72e-09	3.35e-05	5.84e-01	4.13e-01	2.58e-03	0.00e+00	0.00e+00	0.00e+00	5.05e-14	1.03e-13	1.51e-58
 4.46422e+14	6.34e-19	1.77e-13	6.37e-09	3.56e-05	5.95e-01	4.03e-01	2.40e-03	0.00e+00	0.00e+00	0.00e+00	5.81e-14	1.19e-13	2.41e-58
 4.57463e+14	7.77e-19	2.08e-13	7.16e-09	3.81e-05	6.07e-01	3.91e-01	2.22e-03	0.00e+00	0.00e+00	0.00e+00	6.83e-14	1.40e-13	4.16e-58
 4.71815e+14	9.91e-19	2.53e-13	8.30e-09	4.16e-05	6.22e-01	3.76e-01	2.01e-03	0.00e+00	0.00e+00	0.00e+00	8.30e-14	1.70e-13	7.88e-58
 4.86784e+14	1.28e-18	3.11e-13	9.61e-09	4.52e-05	6.36e-01	3.62e-01	1.82e-03	0.00e+00	0.00e+00	0.00e+00	1.02e-13	2.09e-13	1.59e-57
 4.99529e+14	1.58e-18	3.66e-13	1.09e-08	4.86e-05	6.48e-01	3.50e-01	1.67e-03	0.00e+00	0.00e+00	0.00e+00	1.20e-13	2.46e-13	2.71e-57
 5.13073e+14	1.95e-18	4.34e-13	1.23e-08	5.22e-05	6.60e-01	3.38e-01	1.53e-03	0.00e+00	0.00e+00	0.00e+00	1.42e-13	2.92e-13	4.86e-57
 5.30680e+14	2.53e-18	5.35e-13	1.44e-08	5.71e-05	6.75e-01	3.23e-01	1.36e-03	0.00e+00	0.00e+00	0.00e+00	1.75e-13	3.60e-13	9.78e-57
 5.48744e+14	3.32e-18	6.64e-13	1.68e-08	6.23e-05	6.90e-01	3.09e-01	1.22e-03	0.00e+00	0.00e+00	0.00e+00	2.17e-13	4.47e-13	2.05e-56
 5.63730e+14	4.10e-18	7.84e-13	1.91e-08	6.70e-05	7.02e-01	2.97e-01	1.11e-03	0.00e+00	0.00e+00	0.00e+00	2.56e-13	5.28e-13	3.59e-56
 5.79535e+14	5.08e-18	9.32e-13	2.16e-08	7.19e-05	7.13e-01	2.86e-01	1.01e-03	0.00e+00	0.00e+00	0.00e+00	3.04e-13	6.27e-13	6.49e-56
 6.00083e+14	6.65e-18	1.15e-12	2.54e-08	7.87e-05	7.27e-01	2.72e-01	8.95e-04	0.00e+00	0.00e+00	0.00e+00	3.76e-13	7.76e-13	1.34e-55
 6.21543e+14	8.74e-18	1.44e-12	2.97e-08	8.59e-05	7.41e-01	2.58e-01	7.94e-04	0.00e+00	0.00e+00	0.00e+00	4.69e-13	9.68e-13	2.86e-55
 6.40035e+14	1.10e-17	1.72e-12	3.39e-08	9.27e-05	7.53e-01	2.47e-01	7.14e-04	0.00e+00	0.00e+00	0.00e+00	5.60e-13	1.16e-12	5.25e-55
 6.59920e+14	1.38e-17	2.07e-12	3.89e-08	9.99e-05	7.64e-01	2.36e-01	6.42e-04	0.00e+00	0.00e+00	0.00e+00	6.75e-13	1.40e-12	1.01e-54
 6.84597e+14	1.83e-17	2.58e-12	4.59e-08	1.10e-04	7.77e-01	2.22e-01	5.62e-04	0.00e+00	0.00e+00	0.00e+00	8.42e-13	1.74e-12	2.16e-54
 7.09602e+14	2.40e-17	3.22e-12	5.39e-08	1.20e-04	7.90e-01	2.10e-01	4.92e-04	0.00e+00	0.00e+00	0.00e+00	1.05e-12	2.17e-12	4.58e-54
 7.31326e+14	3.00e-17	3.85e-12	6.15e-08	1.29e-04	7.99e-01	2.00e-01	4.42e-04	0.00e+00	0.00e+00	0.00e+00	1.25e-12	2.60e-12	8.61e-54
 7.54685e+14	3.81e-17	4.65e-12	7.07e-08	1.39e-04	8.10e-01	1.90e-01	3.93e-04	0.00e+00	0.00e+00	0.00e+00	1.51e-12	3.13e-12	1.65e-53
 7.83261e+14	5.05e-17	5.82e-12	8.33e-08	1.52e-04	8.21e-01	1.78e-01	3.42e-04	4.13e-18	1.24e-17	2.07e-17	1.89e-12	3.92e-12	3.61e-53
 8.12016e+14	6.59e-17	7.21e-12	9.75e-08	1.66e-04	8.32e-01	1.68e-01	2.99e-04	5.40e-18	1.62e-17	2.71e-17	2.34e-12	4.86e-12	7.63e-53
 8.37442e+14	8.20e-17	8.62e-12	1.12e-07	1.79e-04	8.41e-01	1.59e-01	2.66e-04	6.71e-18	2.02e-17	3.37e-17	2.80e-12	5.82e-12	1.42e-52
 8.65143e+14	1.05e-16	1.04e-11	1.29e-07	1.93e-04	8.49e-01	1.50e-01	2.34e-04	8.58e-18	2.58e-17	4.31e-17	3.39e-12	7.05e-12	2.79e-52
 8.98431e+14	1.37e-16	1.30e-11	1.51e-07	2.11e-04	8.59e-01	1.40e-01	2.03e-04	1.12e-17	3.36e-17	5.62e-17	4.22e-12	8.79e-12	6.02e-52
 9.29505e+14	1.77e-16	1.59e-11	1.76e-07	2.29e-04	8.68e-01	1.32e-01	1.77e-04	1.45e-17	4.35e-17	7.28e-17	5.17e-12	1.08e-11	1.22e-51
 9.54542e+14	2.14e-16	1.86e-11	1.97e-07	2.44e-04	8.74e-01	1.26e-01	1.60e-04	1.76e-17	5.28e-17	8.82e-17	6.03e-12	1.26e-11	2.11e-51
 9.77124e+14	2.52e-16	2.13e-11	2.18e-07	2.58e-04	8.79e-01	1.20e-01	1.46e-04	2.07e-17	6.21e-17	1.04e-16	6.89e-12	1.44e-11	3.37e-51
 1.00239e+15	3.05e-16	2.47e-11	2.43e-07	2.74e-04	8.85e-01	1.15e-01	1.32e-04	2.50e-17	7.50e-17	1.25e-16	8.00e-12	1.67e-11	5.71e-51
 1.03095e+15	3.73e-16	2.91e-11	2.75e-07	2.92e-04	8.91e-01	1.09e-01	1.18e-04	3.06e-17	9.20e-17	1.54e-16	9.43e-12	1.97e-11	1.02e-50
 1.05804e+15	4.46e-16	3.37e-11	3.07e-07	3.10e-04	8.96e-01	1.04e-01	1.06e-04	3.66e-17	1.10e-16	1.84e-16	1.09e-11	2.28e-11	1.71e-50
 1.08752e+15	5.47e-16	3.96e-11	3.45e-07	3.31e-04	9.01e-01	9.84e-02	9.51e-05	4.49e-17	1.35e-16	2.25e-16	1.28e-11	2.67e-11	3.02e-50
 1.12001e+15	6.67e-16	4.67e-11	3.91e-07	3.54e-04	9.07e-01	9.30e-02	8.46e-05	5.48e-17	1.64e-16	2.75e-16	1.51e-11	3.16e-11	5.41e-50
 1.14988e+15	8.13e-16	5.45e-11	4.39e-07	3.76e-04	9.11e-01	8.83e-02	7.59e-05	6.67e-17	2.00e-16	3.35e-16	1.77e-11	3.69e-11	9.38e-50
 1.18220e+15	9.90e-16	6.39e-11	4.93e-07	4.01e-04	9.16e-01	8.37e-02	6.78e-05	8.13e-17	2.44e-16	4.08e-16	2.07e-11	4.32e-11	1.65e-49
 1.21845e+15	1.22e-15	7.60e-11	5.61e-07	4.30e-04	9.21e-01	7.88e-02	5.98e-05	1.01e-16	3.02e-16	5.05e-16	2.46e-11	5.14e-11	3.03e-49
 1.25247e+15	1.49e-15	8.89e-11	6.31e-07	4.58e-04	9.25e-01	7.47e-02	5.35e-05	1.22e-16	3.67e-16	6.14e-16	2.88e-11	6.01e-11	5.33e-49
 1.28934e+15	1.82e-15	1.05e-10	7.13e-07	4.89e-04	9.29e-01	7.05e-02	4.74e-05	1.50e-16	4.50e-16	7.53e-16	3.40e-11	7.10e-11	9.58e-49
 1.33059e+15	2.24e-15	1.25e-10	8.14e-07	5.26e-04	9.33e-01	6.62e-02	4.16e-05	1.84e-16	5.54e-16	9.26e-16	4.04e-11	8.44e-11	1.77e-48
 1.36951e+15	2.79e-15	1.48e-10	9.21e-07	5.62e-04	9.37e-01	6.24e-02	3.68e-05	2.30e-16	6.89e-16	1.15e-15	4.79e-11	1.00e-10	3.25e-48
 1.41210e+15	3.45e-15	1.76e-10	1.05e-06	6.02e-04	9.41e-01	5.86e-02	3.25e-05	2.84e-16	8.52e-16	1.42e-15	5.70e-11	1.19e-10	6.04e-48
 1.45988e+15	4.34e-15	2.12e-10	1.21e-06	6.50e-04	9.45e-01	5.47e-02	2.82e-05	3.58e-16	1.07e-15	1.79e-15	6.88e-11	1.44e-10	1.18e-47
 1.50510e+15	5.37e-15	2.53e-10	1.37e-06	6.96e-04	9.48e-01	5.14e-02	2.48e-05	4.43e-16	1.33e-15	2.22e-15	8.18e-11	1.71e-10	2.19e-47
 1.55456e+15	6.72e-15	3.03e-10	1.57e-06	7.49e-04	9.51e-01	4.81e-02	2.16e-05	5.54e-16	1.66e-15	2.78e-15	9.81e-11	2.05e-10	4.19e-47
 1.61419e+15	8.71e-15	3.75e-10	1.84e-06	8.16e-04	9.55e-01	4.44e-02	1.84e-05	7.18e-16	2.16e-15	3.60e-15	1.21e-10	2.53e-10	8.95e-47
 1.67297e+15	1.09e-14	4.55e-10	2.14e-06	8.84e-04	9.58e-01	4.13e-02	1.58e-05	9.00e-16	2.70e-15	4.52e-15	1.47e-10	3.07e-10	1.78e-46
 1.72480e+15	1.35e-14	5.40e-10	2.43e-06	9.47e-04	9.60e-01	3.87e-02	1.39e-05	1.11e-15	3.34e-15	5.58e-15	1.75e-10	3.65e-10	3.29e-46
 1.78161e+15	1.68e-14	6.47e-10	2.78e-06	1.02e-03	9.63e-01	3.61e-02	1.21e-05	1.39e-15	4.16e-15	6.96e-15	2.10e-10	4.38e-10	6.28e-46
 1.83763e+15	2.07e-14	7.70e-10	3.16e-06	1.09e-03	9.65e-01	3.38e-02	1.05e-05	1.71e-15	5.14e-15	8.59e-15	2.49e-10	5.21e-10	1.17e-45
 1.87974e+15	2.48e-14	8.85e-10	3.48e-06	1.15e-03	9.67e-01	3.22e-02	9.55e-06	2.05e-15	6.16e-15	1.03e-14	2.87e-10	5.99e-10	1.93e-45
 1.92160e+15	2.88e-14	1.00e-09	3.81e-06	1.21e-03	9.68e-01	3.07e-02	8.67e-06	2.38e-15	7.14e-15	1.19e-14	3.24e-10	6.77e-10	2.99e-45
 1.97601e+15	3.48e-14	1.17e-09	4.29e-06	1.29e-03	9.70e-01	2.89e-02	7.67e-06	2.88e-15	8.65e-15	1.45e-14	3.79e-10	7.91e-10	5.25e-45
 2.03418e+15	4.19e-14	1.37e-09	4.84e-06	1.38e-03	9.72e-01	2.71e-02	6.75e-06	3.47e-15	1.04e-14	1.74e-14	4.44e-10	9.27e-10	9.20e-45
 2.08486e+15	4.94e-14	1.57e-09	5.36e-06	1.46e-03	9.73e-01	2.57e-02	6.06e-06	4.10e-15	1.23e-14	2.06e-14	5.10e-10	1.06e-09	1.51e-44
 2.13838e+15	5.77e-14	1.80e-09	5.95e-06	1.54e-03	9.74e-01	2.43e-02	5.42e-06	4.78e-15	1.44e-14	2.40e-14	5.83e-10	1.21e-09	2.42e-44
 2.20795e+15	7.30e-14	2.17e-09	6.81e-06	1.66e-03	9.76e-01	2.26e-02	4.69e-06	6.06e-15	1.82e-14	3.04e-14	7.03e-10	1.47e-09	4.76e-44
 2.27847e+15	8.74e-14	2.55e-09	7.75e-06	1.78e-03	9.77e-01	2.11e-02	4.09e-06	7.26e-15	2.18e-14	3.64e-14	8.26e-10	1.72e-09	8.43e-44
 2.33520e+15	1.03e-13	2.92e-09	8.58e-06	1.88e-03	9.78e-01	2.00e-02	3.66e-06	8.54e-15	2.56e-14	4.28e-14	9.48e-10	1.97e-09	1.38e-43
 2.39393e+15	1.21e-13	3.35e-09	9.51e-06	1.99e-03	9.79e-01	1.89e-02	3.27e-06	1.00e-14	3.02e-14	5.04e-14	1.09e-09	2.26e-09	2.24e-43
 2.47028e+15	1.50e-13	4.01e-09	1.08e-05	2.14e-03	9.80e-01	1.76e-02	2.84e-06	1.25e-14	3.76e-14	6.28e-14	1.30e-09	2.71e-09	4.28e-43
 2.55072e+15	1.84e-13	4.78e-09	1.24e-05	2.31e-03	9.81e-01	1.64e-02	2.45e-06	1.54e-14	4.61e-14	7.71e-14	1.55e-09	3.22e-09	8.02e-43
 2.61965e+15	2.22e-13	5.56e-09	1.38e-05	2.45e-03	9.82e-01	1.54e-02	2.17e-06	1.85e-14	5.55e-14	9.28e-14	1.81e-09	3.76e-09	1.39e-42
 2.69244e+15	2.62e-13	6.43e-09	1.55e-05	2.61e-03	9.83e-01	1.45e-02	1.92e-06	2.18e-14	6.56e-14	1.10e-13	2.09e-09	4.34e-09	2.34e-42
 2.78706e+15	3.30e-13	7.80e-09	1.79e-05	2.83e-03	9.84e-01	1.34e-02	1.63e-06	2.75e-14	8.27e-14	1.38e-13	2.53e-09	5.26e-09	4.70e-42
 2.88576e+15	4.09e-13	9.42e-09	2.07e-05	3.07e-03	9.85e-01	1.23e-02	1.39e-06	3.42e-14	1.03e-13	1.72e-13	3.06e-09	6.36e-09	9.26e-42
 2.96961e+15	4.77e-13	1.09e-08	2.32e-05	3.28e-03	9.85e-01	1.15e-02	1.22e-06	3.99e-14	1.20e-13	2.00e-13	3.53e-09	7.32e-09	1.53e-41
 3.05850e+15	5.86e-13	1.29e-08	2.62e-05	3.51e-03	9.86e-01	1.08e-02	1.06e-06	4.92e-14	1.48e-13	2.47e-13	4.20e-09	8.70e-09	2.93e-41
 3.17093e+15	7.24e-13	1.56e-08	3.05e-05	3.82e-03	9.86e-01	9.89e-03	8.97e-07	6.08e-14	1.83e-13	3.05e-13	5.07e-09	1.05e-08	5.78e-41
 3.28811e+15	9.18e-13	1.91e-08	3.54e-05	4.16e-03	9.87e-01	9.07e-03	0.00e+00	7.72e-14	2.32e-13	3.87e-13	6.23e-09	1.29e-08	1.22e-40
 3.39071e+15	1.09e-12	2.24e-08	4.01e-05	4.47e-03	9.87e-01	8.43e-03	0.00e+00	9.14e-14	2.74e-13	4.59e-13	7.29e-09	1.51e-08	2.15e-40
 3.47517e+15	1.26e-12	2.56e-08	4.44e-05	4.73e-03	9.87e-01	7.96e-03	0.00e+00	1.06e-13	3.19e-13	5.34e-13	8.35e-09	1.73e-08	3.51e-40
 3.54863e+15	1.43e-12	2.87e-08	4.84e-05	4.97e-03	9.87e-01	7.57e-03	0.00e+00	1.21e-13	3.63e-13	6.07e-13	9.36e-09	1.93e-08	5.23e-40
 3.63286e+15	1.63e-12	3.22e-08	5.32e-05	5.25e-03	9.88e-01	7.16e-03	0.00e+00	1.38e-13	4.14e-13	6.91e-13	1.05e-08	2.17e-08	7.99e-40
 3.74236e+15	2.00e-12	3.84e-08	6.01e-05	5.64e-03	9.88e-01	6.66e-03	0.00e+00	1.69e-13	5.08e-13	8.48e-13	1.25e-08	2.58e-08	1.53e-39
 3.85411e+15	2.37e-12	4.49e-08	6.78e-05	6.04e-03	9.88e-01	6.20e-03	0.00e+00	2.01e-13	6.02e-13	1.01e-12	1.47e-08	3.02e-08	2.73e-39
 3.94433e+15	2.68e-12	5.06e-08	7.45e-05	6.37e-03	9.88e-01	5.87e-03	0.00e+00	2.27e-13	6.82e-13	1.14e-12	1.66e-08	3.41e-08	4.21e-39
 4.03715e+15	3.05e-12	5.69e-08	8.19e-05	6.73e-03	9.88e-01	5.55e-03	0.00e+00	2.59e-13	7.77e-13	1.30e-12	1.86e-08	3.83e-08	6.42e-39
 4.15782e+15	3.70e-12	6.75e-08	9.25e-05	7.22e-03	9.88e-01	5.16e-03	0.00e+00	3.14e-13	9.43e-13	1.57e-12	2.21e-08	4.54e-08	1.22e-38
 4.28339e+15	4.33e-12	7.87e-08	1.04e-04	7.74e-03	9.87e-01	4.80e-03	0.00e+00	3.68e-13	1.10e-12	1.85e-12	2.58e-08	5.30e-08	2.15e-38
 4.38892e+15	4.96e-12	8.91e-08	1.15e-04	8.19e-03	9.87e-01	4.53e-03	0.00e+00	4.22e-13	1.27e-12	2.12e-12	2.92e-08	6.00e-08	3.43e-38
 4.49970e+15	5.73e-12	1.02e-07	1.28e-04	8.70e-03	9.87e-01	4.25e-03	0.00e+00	4.88e-13	1.47e-12	2.45e-12	3.36e-08	6.89e-08	5.90e-38
 4.64373e+15	6.89e-12	1.21e-07	1.45e-04	9.36e-03	9.87e-01	3.93e-03	0.00e+00	5.88e-13	1.76e-12	2.95e-12	3.98e-08	8.16e-08	1.13e-37
 4.79299e+15	8.27e-12	1.45e-07	1.65e-04	1.01e-02	9.86e-01	3.63e-03	0.00e+00	7.07e-13	2.12e-12	3.54e-12	4.74e-08	9.72e-08	2.23e-37
 4.91793e+15	9.48e-12	1.66e-07	1.83e-04	1.07e-02	9.86e-01	3.41e-03	0.00e+00	8.11e-13	2.43e-12	4.06e-12	5.43e-08	1.11e-07	3.72e-37
 5.04921e+15	1.11e-11	1.92e-07	2.04e-04	1.14e-02	9.85e-01	3.19e-03	0.00e+00	9.53e-13	2.86e-12	4.78e-12	6.30e-08	1.29e-07	6.58e-37
 5.21988e+15	1.34e-11	2.29e-07	2.34e-04	1.23e-02	9.84e-01	2.94e-03	0.00e+00	1.15e-12	3.46e-12	5.78e-12	7.53e-08	1.54e-07	1.29e-36
 5.39990e+15	1.59e-11	2.74e-07	2.69e-04	1.34e-02	9.84e-01	2.70e-03	0.00e+00	1.37e-12	4.11e-12	6.86e-12	8.99e-08	1.84e-07	2.49e-36
 5.55644e+15	1.86e-11	3.19e-07	3.02e-04	1.43e-02	9.83e-01	2.51e-03	0.00e+00	1.60e-12	4.79e-12	8.00e-12	1.05e-07	2.14e-07	4.48e-36
 5.72431e+15	2.21e-11	3.72e-07	3.41e-04	1.53e-02	9.82e-01	2.34e-03	0.00e+00	1.90e-12	5.71e-12	9.54e-12	1.22e-07	2.50e-07	7.87e-36
 5.93559e+15	2.73e-11	4.60e-07	3.96e-04	1.67e-02	9.81e-01	2.13e-03	0.00e+00	2.35e-12	7.06e-12	1.18e-11	1.51e-07	3.09e-07	1.77e-35
 6.12450e+15	3.17e-11	5.42e-07	4.50e-04	1.80e-02	9.80e-01	1.97e-03	0.00e+00	2.74e-12	8.22e-12	1.37e-11	1.79e-07	3.64e-07	3.25e-35
 6.24758e+15	3.56e-11	6.09e-07	4.88e-04	1.88e-02	9.79e-01	1.87e-03	0.00e+00	3.08e-12	9.23e-12	1.54e-11	2.01e-07	4.09e-07	5.04e-35
 6.36391e+15	3.97e-11	6.75e-07	5.27e-04	1.97e-02	9.78e-01	1.78e-03	0.00e+00	3.43e-12	1.03e-11	1.72e-11	2.22e-07	4.53e-07	7.37e-35
 6.51514e+15	4.53e-11	7.69e-07	5.80e-04	2.08e-02	9.77e-01	1.68e-03	0.00e+00	3.93e-12	1.18e-11	1.97e-11	2.53e-07	5.16e-07	1.19e-34
 6.71174e+15	5.35e-11	9.05e-07	6.56e-04	2.23e-02	9.76e-01	1.55e-03	0.00e+00	4.64e-12	1.39e-11	2.32e-11	2.98e-07	6.07e-07	2.14e-34
 6.91114e+15	6.26e-11	1.06e-06	7.41e-04	2.39e-02	9.74e-01	1.44e-03	0.00e+00	5.44e-12	1.63e-11	2.72e-11	3.51e-07	7.13e-07	3.78e-34
 7.06847e+15	7.18e-11	1.21e-06	8.13e-04	2.51e-02	9.73e-01	1.36e-03	0.00e+00	6.24e-12	1.87e-11	3.13e-11	3.99e-07	8.12e-07	5.98e-34
 7.22727e+15	8.21e-11	1.37e-06	8.92e-04	2.65e-02	9.71e-01	1.28e-03	0.00e+00	7.14e-12	2.14e-11	3.58e-11	4.53e-07	9.20e-07	9.36e-34
 7.43372e+15	9.69e-11	1.58e-06	1.00e-03	2.83e-02	9.70e-01	1.20e-03	0.00e+00	8.44e-12	2.53e-11	4.23e-11	5.21e-07	1.06e-06	1.51e-33
 7.65273e+15	1.15e-10	1.89e-06	1.13e-03	3.03e-02	9.67e-01	1.11e-03	0.00e+00	1.00e-11	3.01e-11	5.03e-11	6.25e-07	1.27e-06	2.92e-33
 7.83845e+15	1.31e-10	2.16e-06	1.25e-03	3.20e-02	9.66e-01	1.04e-03	0.00e+00	1.15e-11	3.44e-11	5.74e-11	7.15e-07	1.45e-06	4.59e-33
 8.03025e+15	1.53e-10	2.49e-06	1.39e-03	3.39e-02	9.64e-01	9.74e-04	0.00e+00	1.33e-11	4.00e-11	6.68e-11	8.21e-07	1.67e-06	7.47e-33
 8.27960e+15	1.86e-10	2.92e-06	1.58e-03	3.64e-02	9.61e-01	9.01e-04	0.00e+00	1.63e-11	4.88e-11	8.14e-11	9.63e-07	1.95e-06	1.26e-32
 8.53770e+15	2.23e-10	3.55e-06	1.81e-03	3.92e-02	9.58e-01	8.28e-04	0.00e+00	1.95e-11	5.86e-11	9.78e-11	1.17e-06	2.38e-06	2.50e-32
 8.74930e+15	2.58e-10	4.09e-06	2.00e-03	4.15e-02	9.56e-01	7.75e-04	0.00e+00	2.26e-11	6.79e-11	1.13e-10	1.35e-06	2.74e-06	3.99e-32
 8.96654e+15	3.04e-10	4.73e-06	2.23e-03	4.41e-02	9.53e-01	7.25e-04	0.00e+00	2.66e-11	8.00e-11	1.33e-10	1.56e-06	3.16e-06	6.54e-32
