#depth	N	N+	N+2	N+3	N+4	N+5	N+6	N+7
 1.49634e+10	0.00e+00	5.88e-44	1.13e-33	6.88e-24	8.16e-15	4.46e-05	1.10e-01	8.90e-01
 4.54887e+10	0.00e+00	0.00e+00	1.68e-33	9.48e-24	1.04e-14	5.25e-05	1.18e-01	8.82e-01
 7.72350e+10	0.00e+00	1.51e-43	2.49e-33	1.29e-23	1.31e-14	6.13e-05	1.27e-01	8.73e-01
 1.10251e+11	0.00e+00	0.00e+00	3.68e-33	1.77e-23	1.66e-14	7.16e-05	1.36e-01	8.64e-01
 1.42729e+11	0.00e+00	3.77e-43	5.32e-33	2.37e-23	2.06e-14	8.28e-05	1.45e-01	8.55e-01
 1.76506e+11	0.00e+00	0.00e+00	7.70e-33	3.19e-23	2.57e-14	9.57e-05	1.54e-01	8.46e-01
 2.13493e+11	0.00e+00	9.41e-43	1.14e-32	4.35e-23	3.24e-14	1.12e-04	1.65e-01	8.35e-01
 2.50863e+11	0.00e+00	0.00e+00	1.66e-32	5.88e-23	4.06e-14	1.29e-04	1.76e-01	8.24e-01
 2.89729e+11	0.00e+00	2.34e-42	2.42e-32	7.94e-23	5.08e-14	1.50e-04	1.87e-01	8.13e-01
 3.31245e+11	0.00e+00	0.00e+00	3.57e-32	1.08e-22	6.39e-14	1.74e-04	1.99e-01	8.01e-01
 3.72093e+11	0.00e+00	5.78e-42	5.14e-32	1.44e-22	7.92e-14	2.00e-04	2.11e-01	7.88e-01
 4.14576e+11	0.00e+00	0.00e+00	7.42e-32	1.93e-22	9.85e-14	2.31e-04	2.24e-01	7.76e-01
 4.54906e+11	0.00e+00	1.35e-41	1.04e-31	2.52e-22	1.20e-13	2.63e-04	2.36e-01	7.63e-01
 4.88043e+11	0.00e+00	0.00e+00	1.35e-31	3.12e-22	1.40e-13	2.91e-04	2.46e-01	7.53e-01
 5.23940e+11	0.00e+00	2.60e-41	1.79e-31	3.89e-22	1.65e-13	3.24e-04	2.57e-01	7.43e-01
 5.70077e+11	0.00e+00	0.00e+00	2.54e-31	5.13e-22	2.03e-13	3.70e-04	2.71e-01	7.29e-01
 6.18840e+11	0.00e+00	6.08e-41	3.62e-31	6.79e-22	2.50e-13	4.23e-04	2.86e-01	7.14e-01
 6.61987e+11	0.00e+00	0.00e+00	4.89e-31	8.62e-22	2.98e-13	4.74e-04	2.99e-01	7.01e-01
 7.08522e+11	0.00e+00	1.28e-40	6.69e-31	1.10e-21	3.57e-13	5.32e-04	3.13e-01	6.87e-01
 7.64484e+11	0.00e+00	0.00e+00	9.65e-31	1.48e-21	4.42e-13	6.11e-04	3.29e-01	6.70e-01
 8.20843e+11	0.00e+00	3.06e-40	1.37e-30	1.95e-21	5.42e-13	6.96e-04	3.46e-01	6.54e-01
 8.70182e+11	0.00e+00	0.00e+00	1.85e-30	2.46e-21	6.44e-13	7.77e-04	3.60e-01	6.39e-01
 9.22255e+11	0.00e+00	6.33e-40	2.50e-30	3.12e-21	7.65e-13	8.66e-04	3.75e-01	6.24e-01
 9.85685e+11	0.00e+00	0.00e+00	3.58e-30	4.14e-21	9.41e-13	9.87e-04	3.93e-01	6.07e-01
 1.04841e+12	0.00e+00	1.47e-39	5.03e-30	5.41e-21	1.14e-12	1.12e-03	4.10e-01	5.89e-01
 1.10270e+12	0.00e+00	0.00e+00	6.67e-30	6.75e-21	1.34e-12	1.23e-03	4.24e-01	5.74e-01
 1.16151e+12	0.00e+00	2.98e-39	8.96e-30	8.51e-21	1.59e-12	1.37e-03	4.40e-01	5.59e-01
 1.23360e+12	0.00e+00	0.00e+00	1.27e-29	1.12e-20	1.94e-12	1.55e-03	4.58e-01	5.40e-01
 1.30641e+12	0.00e+00	6.90e-39	1.79e-29	1.46e-20	2.35e-12	1.75e-03	4.77e-01	5.22e-01
 1.37098e+12	0.00e+00	0.00e+00	2.39e-29	1.83e-20	2.77e-12	1.93e-03	4.92e-01	5.06e-01
 1.44138e+12	0.00e+00	1.43e-38	3.25e-29	2.33e-20	3.28e-12	2.14e-03	5.09e-01	4.89e-01
 1.52575e+12	0.00e+00	0.00e+00	4.63e-29	3.06e-20	4.00e-12	2.42e-03	5.28e-01	4.70e-01
 1.60988e+12	0.00e+00	3.32e-38	6.49e-29	3.99e-20	4.84e-12	2.72e-03	5.46e-01	4.51e-01
 1.68626e+12	0.00e+00	0.00e+00	8.73e-29	5.02e-20	5.70e-12	3.00e-03	5.62e-01	4.35e-01
 1.77099e+12	0.00e+00	7.03e-38	1.20e-28	6.41e-20	6.78e-12	3.32e-03	5.79e-01	4.18e-01
 1.87022e+12	0.00e+00	0.00e+00	1.71e-28	8.46e-20	8.27e-12	3.74e-03	5.98e-01	3.98e-01
 1.96836e+12	0.00e+00	1.65e-37	2.41e-28	1.10e-19	9.97e-12	4.18e-03	6.16e-01	3.80e-01
 2.05597e+12	0.00e+00	0.00e+00	3.22e-28	1.38e-19	1.17e-11	4.59e-03	6.31e-01	3.65e-01
 2.14983e+12	0.00e+00	3.43e-37	4.36e-28	1.74e-19	1.38e-11	5.05e-03	6.46e-01	3.49e-01
 2.26190e+12	0.00e+00	0.00e+00	6.18e-28	2.28e-19	1.67e-11	5.65e-03	6.63e-01	3.31e-01
 2.37324e+12	0.00e+00	7.93e-37	8.64e-28	2.95e-19	2.00e-11	6.27e-03	6.79e-01	3.14e-01
 2.47468e+12	0.00e+00	0.00e+00	1.16e-27	3.68e-19	2.33e-11	6.86e-03	6.93e-01	3.00e-01
 2.56542e+12	0.00e+00	1.56e-36	1.49e-27	4.48e-19	2.68e-11	7.42e-03	7.05e-01	2.88e-01
 2.64845e+12	3.08e-46	2.05e-36	1.87e-27	5.32e-19	3.02e-11	7.95e-03	7.15e-01	2.77e-01
 2.74366e+12	0.00e+00	0.00e+00	2.41e-27	6.47e-19	3.46e-11	8.58e-03	7.26e-01	2.65e-01
 2.86745e+12	0.00e+00	4.17e-36	3.32e-27	8.26e-19	4.10e-11	9.44e-03	7.40e-01	2.51e-01
 2.99504e+12	1.14e-45	6.19e-36	4.58e-27	1.06e-18	4.86e-11	1.04e-02	7.53e-01	2.37e-01
 3.10090e+12	0.00e+00	0.00e+00	5.91e-27	1.28e-18	5.57e-11	1.12e-02	7.63e-01	2.26e-01
 3.21184e+12	0.00e+00	1.18e-35	7.70e-27	1.57e-18	6.39e-11	1.21e-02	7.73e-01	2.15e-01
 3.35500e+12	3.99e-45	1.77e-35	1.07e-26	2.02e-18	7.60e-11	1.33e-02	7.84e-01	2.02e-01
 3.50566e+12	0.00e+00	0.00e+00	1.50e-26	2.61e-18	9.07e-11	1.47e-02	7.96e-01	1.90e-01
 3.63708e+12	0.00e+00	3.83e-35	2.00e-26	3.24e-18	1.05e-10	1.59e-02	8.05e-01	1.79e-01
 3.77784e+12	1.55e-44	5.51e-35	2.68e-26	4.05e-18	1.23e-10	1.73e-02	8.14e-01	1.69e-01
 3.94951e+12	0.00e+00	0.00e+00	3.82e-26	5.31e-18	1.48e-10	1.91e-02	8.24e-01	1.57e-01
 4.12500e+12	0.00e+00	1.32e-34	5.43e-26	6.93e-18	1.77e-10	2.11e-02	8.33e-01	1.46e-01
 4.27193e+12	6.72e-44	1.89e-34	7.24e-26	8.61e-18	2.05e-10	2.28e-02	8.40e-01	1.38e-01
 4.39667e+12	0.00e+00	2.54e-34	9.21e-26	1.03e-17	2.32e-10	2.44e-02	8.45e-01	1.31e-01
 4.53739e+12	1.42e-43	3.52e-34	1.20e-25	1.26e-17	2.66e-10	2.62e-02	8.50e-01	1.23e-01
 4.72033e+12	0.00e+00	5.35e-34	1.68e-25	1.63e-17	3.16e-10	2.87e-02	8.57e-01	1.15e-01
 4.90948e+12	3.88e-43	8.18e-34	2.36e-25	2.11e-17	3.77e-10	3.14e-02	8.62e-01	1.06e-01
 5.06638e+12	0.00e+00	1.15e-33	3.12e-25	2.60e-17	4.34e-10	3.38e-02	8.67e-01	9.97e-02
 5.23003e+12	8.90e-43	1.64e-33	4.14e-25	3.22e-17	5.02e-10	3.65e-02	8.70e-01	9.34e-02
 5.44277e+12	0.00e+00	2.56e-33	5.94e-25	4.23e-17	6.04e-10	4.01e-02	8.74e-01	8.58e-02
 5.66131e+12	2.60e-42	4.02e-33	8.55e-25	5.57e-17	7.27e-10	4.41e-02	8.77e-01	7.87e-02
 5.84126e+12	0.00e+00	5.77e-33	1.15e-24	6.95e-17	8.44e-10	4.76e-02	8.79e-01	7.34e-02
 6.02909e+12	6.24e-42	8.34e-33	1.54e-24	8.71e-17	9.83e-10	5.14e-02	8.80e-01	6.82e-02
 6.24055e+12	0.00e+00	1.25e-32	2.14e-24	1.12e-16	1.16e-09	5.60e-02	8.81e-01	6.29e-02
 6.44072e+12	1.58e-41	1.82e-32	2.90e-24	1.41e-16	1.36e-09	6.06e-02	8.81e-01	5.82e-02
 6.63015e+12	0.00e+00	2.57e-32	3.84e-24	1.74e-16	1.57e-09	6.51e-02	8.81e-01	5.42e-02
 6.83905e+12	3.72e-41	3.71e-32	5.17e-24	2.18e-16	1.83e-09	7.02e-02	8.80e-01	5.02e-02
 7.07931e+12	0.00e+00	5.59e-32	7.23e-24	2.82e-16	2.17e-09	7.65e-02	8.78e-01	4.59e-02
 7.32199e+12	9.79e-41	8.35e-32	1.00e-23	3.61e-16	2.56e-09	8.30e-02	8.75e-01	4.21e-02
 7.55158e+12	0.00e+00	1.20e-31	1.35e-23	4.53e-16	2.99e-09	8.95e-02	8.72e-01	3.88e-02
 7.78531e+12	2.32e-40	1.72e-31	1.80e-23	5.66e-16	3.47e-09	9.63e-02	8.68e-01	3.58e-02
 8.03794e+12	0.00e+00	2.49e-31	2.44e-23	7.13e-16	4.06e-09	1.04e-01	8.63e-01	3.29e-02
 8.30780e+12	5.67e-40	3.64e-31	3.33e-23	9.05e-16	4.76e-09	1.12e-01	8.58e-01	3.01e-02
 8.56286e+12	0.00e+00	5.14e-31	4.41e-23	1.12e-15	5.51e-09	1.20e-01	8.52e-01	2.77e-02
 8.79122e+12	1.22e-39	6.91e-31	5.62e-23	1.35e-15	6.24e-09	1.28e-01	8.47e-01	2.58e-02
 9.04751e+12	0.00e+00	9.53e-31	7.31e-23	1.65e-15	7.15e-09	1.36e-01	8.40e-01	2.39e-02
 9.37546e+12	2.84e-39	1.41e-30	1.01e-22	2.12e-15	8.44e-09	1.47e-01	8.31e-01	2.16e-02
 9.70649e+12	0.00e+00	2.06e-30	1.38e-22	2.69e-15	9.90e-09	1.58e-01	8.22e-01	1.97e-02
 9.97822e+12	6.35e-39	2.78e-30	1.76e-22	3.24e-15	1.12e-08	1.68e-01	8.14e-01	1.82e-02
 1.02629e+13	0.00e+00	3.75e-30	2.24e-22	3.91e-15	1.27e-08	1.78e-01	8.05e-01	1.69e-02
 1.06331e+13	1.42e-38	5.45e-30	3.05e-22	4.94e-15	1.49e-08	1.91e-01	7.94e-01	1.53e-02
 1.10182e+13	0.00e+00	7.91e-30	4.13e-22	6.24e-15	1.74e-08	2.05e-01	7.81e-01	1.38e-02
 1.13423e+13	3.14e-38	1.07e-29	5.28e-22	7.53e-15	1.97e-08	2.16e-01	7.71e-01	1.27e-02
 1.16834e+13	0.00e+00	1.44e-29	6.75e-22	9.09e-15	2.23e-08	2.29e-01	7.60e-01	1.17e-02
 1.21268e+13	7.05e-38	2.11e-29	9.19e-22	1.15e-14	2.61e-08	2.45e-01	7.45e-01	1.05e-02
 1.25851e+13	0.00e+00	3.05e-29	1.25e-21	1.45e-14	3.04e-08	2.61e-01	7.29e-01	9.44e-03
 1.29674e+13	1.56e-37	4.11e-29	1.59e-21	1.74e-14	3.43e-08	2.75e-01	7.16e-01	8.66e-03
 1.33690e+13	0.00e+00	5.55e-29	2.03e-21	2.10e-14	3.87e-08	2.90e-01	7.02e-01	7.92e-03
 1.38829e+13	3.46e-37	8.02e-29	2.73e-21	2.64e-14	4.49e-08	3.08e-01	6.85e-01	7.08e-03
 1.44167e+13	0.00e+00	1.16e-28	3.68e-21	3.31e-14	5.20e-08	3.27e-01	6.66e-01	6.32e-03
 1.48717e+13	7.62e-37	1.56e-28	4.69e-21	3.97e-14	5.86e-08	3.43e-01	6.51e-01	5.75e-03
 1.53504e+13	0.00e+00	2.11e-28	5.99e-21	4.78e-14	6.60e-08	3.60e-01	6.35e-01	5.22e-03
 1.59483e+13	1.68e-36	3.02e-28	8.03e-21	5.97e-14	7.61e-08	3.80e-01	6.15e-01	4.64e-03
 1.65605e+13	0.00e+00	4.31e-28	1.07e-20	7.41e-14	8.74e-08	4.01e-01	5.95e-01	4.12e-03
 1.70481e+13	3.54e-36	5.64e-28	1.33e-20	8.74e-14	9.72e-08	4.17e-01	5.79e-01	3.76e-03
 1.74246e+13	0.00e+00	6.91e-28	1.57e-20	9.89e-14	1.05e-07	4.29e-01	5.67e-01	3.50e-03
 1.78242e+13	5.78e-36	8.52e-28	1.86e-20	1.12e-13	1.14e-07	4.42e-01	5.55e-01	3.25e-03
 1.83436e+13	0.00e+00	1.11e-27	2.30e-20	1.32e-13	1.26e-07	4.58e-01	5.39e-01	2.96e-03
 1.89024e+13	1.10e-35	1.46e-27	2.87e-20	1.56e-13	1.40e-07	4.75e-01	5.22e-01	2.68e-03
 1.93978e+13	0.00e+00	1.85e-27	3.47e-20	1.80e-13	1.53e-07	4.90e-01	5.07e-01	2.46e-03
 1.99270e+13	1.94e-35	2.35e-27	4.23e-20	2.09e-13	1.68e-07	5.06e-01	4.92e-01	2.24e-03
 2.06150e+13	0.00e+00	3.19e-27	5.41e-20	2.51e-13	1.89e-07	5.25e-01	4.73e-01	1.99e-03
 2.13135e+13	3.98e-35	4.30e-27	6.89e-20	3.01e-13	2.12e-07	5.45e-01	4.54e-01	1.77e-03
 2.18787e+13	0.00e+00	5.42e-27	8.31e-20	3.47e-13	2.31e-07	5.59e-01	4.39e-01	1.61e-03
 2.24663e+13	6.93e-35	6.85e-27	1.00e-19	4.00e-13	2.52e-07	5.75e-01	4.24e-01	1.47e-03
 2.32302e+13	0.00e+00	9.18e-27	1.27e-19	4.78e-13	2.82e-07	5.93e-01	4.05e-01	1.30e-03
 2.40396e+13	1.40e-34	1.24e-26	1.62e-19	5.74e-13	3.15e-07	6.13e-01	3.86e-01	1.14e-03
 2.47450e+13	1.88e-34	1.59e-26	1.99e-19	6.68e-13	3.46e-07	6.29e-01	3.70e-01	1.02e-03
 2.54988e+13	2.55e-34	2.05e-26	2.45e-19	7.82e-13	3.81e-07	6.45e-01	3.54e-01	9.11e-04
 2.64583e+13	3.70e-34	2.81e-26	3.16e-19	9.48e-13	4.29e-07	6.65e-01	3.34e-01	7.89e-04
 2.74510e+13	5.34e-34	3.82e-26	4.07e-19	1.15e-12	4.83e-07	6.84e-01	3.15e-01	6.81e-04
 2.83165e+13	7.24e-34	4.95e-26	5.02e-19	1.35e-12	5.32e-07	7.00e-01	2.99e-01	6.01e-04
 2.92509e+13	9.94e-34	6.46e-26	6.25e-19	1.59e-12	5.88e-07	7.16e-01	2.83e-01	5.27e-04
 3.02910e+13	1.39e-33	8.59e-26	7.90e-19	1.90e-12	6.56e-07	7.33e-01	2.67e-01	4.55e-04
 3.11434e+13	1.81e-33	1.07e-25	9.49e-19	2.19e-12	7.14e-07	7.46e-01	2.54e-01	4.05e-04
 3.17811e+13	2.19e-33	1.26e-25	1.08e-18	2.42e-12	7.59e-07	7.55e-01	2.45e-01	3.73e-04
 3.24649e+13	2.68e-33	1.50e-25	1.25e-18	2.69e-12	8.08e-07	7.64e-01	2.35e-01	3.41e-04
 3.33539e+13	3.45e-33	1.85e-25	1.49e-18	3.07e-12	8.76e-07	7.76e-01	2.24e-01	3.04e-04
 3.43299e+13	4.50e-33	2.32e-25	1.79e-18	3.54e-12	9.54e-07	7.88e-01	2.12e-01	2.68e-04
 3.52235e+13	5.70e-33	2.84e-25	2.11e-18	4.01e-12	1.03e-06	7.98e-01	2.02e-01	2.40e-04
 3.61901e+13	7.31e-33	3.50e-25	2.50e-18	4.56e-12	1.11e-06	8.08e-01	1.92e-01	2.14e-04
 3.74465e+13	9.97e-33	4.55e-25	3.10e-18	5.36e-12	1.22e-06	8.20e-01	1.80e-01	1.85e-04
 3.87213e+13	1.35e-32	5.87e-25	3.83e-18	6.28e-12	1.34e-06	8.32e-01	1.68e-01	1.60e-04
 3.97548e+13	1.72e-32	7.18e-25	4.51e-18	7.09e-12	1.44e-06	8.40e-01	1.60e-01	1.43e-04
 4.08331e+13	2.19e-32	8.82e-25	5.32e-18	8.02e-12	1.55e-06	8.48e-01	1.52e-01	1.28e-04
 4.22349e+13	2.98e-32	1.14e-24	6.55e-18	9.35e-12	1.69e-06	8.58e-01	1.42e-01	1.11e-04
 4.37448e+13	4.10e-32	1.49e-24	8.12e-18	1.10e-11	1.85e-06	8.67e-01	1.33e-01	9.56e-05
 4.51088e+13	5.43e-32	1.88e-24	9.80e-18	1.26e-11	2.00e-06	8.75e-01	1.25e-01	8.41e-05
 4.65958e+13	7.36e-32	2.42e-24	1.19e-17	1.45e-11	2.17e-06	8.82e-01	1.17e-01	7.36e-05
 4.84000e+13	1.04e-31	3.22e-24	1.50e-17	1.71e-11	2.39e-06	8.91e-01	1.09e-01	6.28e-05
 5.02495e+13	1.48e-31	4.31e-24	1.89e-17	2.01e-11	2.61e-06	8.99e-01	1.01e-01	5.39e-05
 5.19469e+13	2.02e-31	5.56e-24	2.31e-17	2.32e-11	2.82e-06	9.05e-01	9.50e-02	4.70e-05
 5.34360e+13	2.63e-31	6.90e-24	2.74e-17	2.62e-11	3.02e-06	9.10e-01	8.99e-02	4.19e-05
 5.49946e+13	3.45e-31	8.63e-24	3.25e-17	2.95e-11	3.22e-06	9.15e-01	8.51e-02	3.73e-05
 5.70080e+13	4.87e-31	1.14e-23	4.04e-17	3.44e-11	3.50e-06	9.21e-01	7.95e-02	3.23e-05
 5.90239e+13	6.80e-31	1.50e-23	4.99e-17	3.97e-11	3.78e-06	9.26e-01	7.43e-02	2.81e-05
 6.06389e+13	8.80e-31	1.85e-23	5.86e-17	4.45e-11	4.01e-06	9.29e-01	7.05e-02	2.52e-05
 6.23216e+13	1.14e-30	2.29e-23	6.92e-17	4.98e-11	4.26e-06	9.33e-01	6.69e-02	2.27e-05
 6.45090e+13	1.60e-30	3.00e-23	8.51e-17	5.75e-11	4.59e-06	9.37e-01	6.27e-02	1.98e-05
 6.68647e+13	2.27e-30	3.99e-23	1.06e-16	6.66e-11	4.96e-06	9.41e-01	5.85e-02	1.72e-05
 6.89782e+13	3.08e-30	5.09e-23	1.27e-16	7.57e-11	5.31e-06	9.45e-01	5.52e-02	1.52e-05
 7.12646e+13	4.23e-30	6.59e-23	1.55e-16	8.65e-11	5.69e-06	9.48e-01	5.18e-02	1.34e-05
 7.40230e+13	6.15e-30	8.90e-23	1.95e-16	1.01e-10	6.16e-06	9.52e-01	4.82e-02	1.15e-05
 7.67690e+13	8.78e-30	1.19e-22	2.43e-16	1.17e-10	6.65e-06	9.55e-01	4.50e-02	9.98e-06
 7.92274e+13	1.20e-29	1.52e-22	2.93e-16	1.33e-10	7.11e-06	9.58e-01	4.23e-02	8.82e-06
 8.19382e+13	1.67e-29	1.99e-22	3.59e-16	1.53e-10	7.62e-06	9.60e-01	3.97e-02	7.73e-06
 8.51547e+13	2.43e-29	2.70e-22	4.52e-16	1.78e-10	8.25e-06	9.63e-01	3.68e-02	6.65e-06
 8.83446e+13	3.49e-29	3.61e-22	5.64e-16	2.07e-10	8.91e-06	9.66e-01	3.43e-02	5.75e-06
 9.12483e+13	4.77e-29	4.64e-22	6.84e-16	2.36e-10	9.53e-06	9.68e-01	3.22e-02	5.06e-06
 9.39863e+13	6.38e-29	5.87e-22	8.17e-16	2.66e-10	1.01e-05	9.70e-01	3.04e-02	4.50e-06
 9.70678e+13	8.78e-29	7.58e-22	9.92e-16	3.03e-10	1.08e-05	9.71e-01	2.86e-02	3.97e-06
 1.00519e+14	1.22e-28	9.94e-22	1.22e-15	3.49e-10	1.16e-05	9.73e-01	2.67e-02	3.45e-06
 1.03606e+14	1.66e-28	1.27e-21	1.47e-15	3.94e-10	1.24e-05	9.75e-01	2.51e-02	3.06e-06
 1.06181e+14	2.09e-28	1.53e-21	1.70e-15	4.36e-10	1.30e-05	9.76e-01	2.39e-02	2.77e-06
 1.08935e+14	2.67e-28	1.86e-21	1.98e-15	4.83e-10	1.38e-05	9.77e-01	2.27e-02	2.50e-06
 1.12515e+14	3.64e-28	2.40e-21	2.40e-15	5.51e-10	1.47e-05	9.79e-01	2.13e-02	2.19e-06
 1.16201e+14	4.98e-28	3.09e-21	2.91e-15	6.28e-10	1.57e-05	9.80e-01	2.00e-02	1.93e-06
 1.19255e+14	6.42e-28	3.79e-21	3.39e-15	6.97e-10	1.66e-05	9.81e-01	1.90e-02	1.74e-06
 1.22457e+14	8.22e-28	4.64e-21	3.97e-15	7.76e-10	1.76e-05	9.82e-01	1.80e-02	1.56e-06
 1.26620e+14	1.14e-27	6.03e-21	4.85e-15	8.89e-10	1.88e-05	9.83e-01	1.68e-02	1.36e-06
 1.30943e+14	1.55e-27	7.77e-21	5.92e-15	1.02e-09	2.02e-05	9.84e-01	1.57e-02	1.18e-06
 1.34540e+14	2.01e-27	9.59e-21	6.95e-15	1.14e-09	2.14e-05	9.85e-01	1.49e-02	1.06e-06
 1.38284e+14	2.62e-27	1.19e-20	8.19e-15	1.27e-09	2.26e-05	9.86e-01	1.41e-02	9.49e-07
 1.43151e+14	3.59e-27	1.54e-20	1.00e-14	1.46e-09	2.44e-05	9.87e-01	1.31e-02	0.00e+00
 1.48219e+14	5.00e-27	2.02e-20	1.24e-14	1.68e-09	2.62e-05	9.88e-01	1.22e-02	0.00e+00
 1.52559e+14	6.58e-27	2.52e-20	1.47e-14	1.89e-09	2.79e-05	9.88e-01	1.15e-02	0.00e+00
 1.57215e+14	8.70e-27	3.16e-20	1.75e-14	2.14e-09	2.97e-05	9.89e-01	1.08e-02	0.00e+00
 1.63058e+14	1.21e-26	4.15e-20	2.17e-14	2.48e-09	3.21e-05	9.90e-01	1.00e-02	0.00e+00
 1.69065e+14	1.69e-26	5.47e-20	2.69e-14	2.88e-09	3.46e-05	9.91e-01	9.29e-03	0.00e+00
 1.74360e+14	2.27e-26	6.94e-20	3.23e-14	3.26e-09	3.70e-05	9.91e-01	8.72e-03	0.00e+00
 1.80111e+14	3.06e-26	8.86e-20	3.92e-14	3.72e-09	3.96e-05	9.92e-01	8.15e-03	0.00e+00
 1.87043e+14	4.26e-26	1.17e-19	4.89e-14	4.34e-09	4.30e-05	9.92e-01	7.52e-03	0.00e+00
 1.93910e+14	5.95e-26	1.54e-19	6.05e-14	5.02e-09	4.63e-05	9.93e-01	6.98e-03	0.00e+00
 2.00069e+14	7.99e-26	1.95e-19	7.28e-14	5.70e-09	4.95e-05	9.93e-01	6.55e-03	0.00e+00
 2.06909e+14	1.09e-25	2.52e-19	8.88e-14	6.53e-09	5.31e-05	9.94e-01	6.10e-03	0.00e+00
 2.15005e+14	1.52e-25	3.33e-19	1.11e-13	7.63e-09	5.77e-05	9.94e-01	5.63e-03	0.00e+00
 2.22224e+14	2.06e-25	4.28e-19	1.36e-13	8.72e-09	6.18e-05	9.95e-01	5.26e-03	0.00e+00
 2.27452e+14	2.54e-25	5.08e-19	1.55e-13	9.59e-09	6.49e-05	9.95e-01	5.01e-03	0.00e+00
 2.32602e+14	3.11e-25	6.01e-19	1.77e-13	1.05e-08	6.80e-05	9.95e-01	4.78e-03	0.00e+00
 2.39298e+14	4.09e-25	7.49e-19	2.10e-13	1.18e-08	7.21e-05	9.95e-01	4.51e-03	0.00e+00
 2.46564e+14	5.28e-25	9.30e-19	2.50e-13	1.33e-08	7.69e-05	9.96e-01	4.23e-03	0.00e+00
 2.53048e+14	6.73e-25	1.13e-18	2.92e-13	1.47e-08	8.11e-05	9.96e-01	4.01e-03	0.00e+00
 2.59953e+14	8.69e-25	1.40e-18	3.43e-13	1.64e-08	8.57e-05	9.96e-01	3.80e-03	0.00e+00
 2.68930e+14	1.17e-24	1.79e-18	4.19e-13	1.89e-08	9.21e-05	9.96e-01	3.54e-03	0.00e+00
 2.78017e+14	1.61e-24	2.32e-18	5.11e-13	2.15e-08	9.85e-05	9.97e-01	3.31e-03	0.00e+00
 2.85379e+14	2.04e-24	2.82e-18	5.96e-13	2.39e-08	1.04e-04	9.97e-01	3.14e-03	0.00e+00
 2.93081e+14	2.57e-24	3.42e-18	6.99e-13	2.66e-08	1.10e-04	9.97e-01	2.97e-03	0.00e+00
 3.03093e+14	3.56e-24	4.45e-18	8.53e-13	3.05e-08	1.18e-04	9.97e-01	2.77e-03	0.00e+00
 3.13705e+14	4.80e-24	5.73e-18	1.05e-12	3.50e-08	1.26e-04	9.97e-01	2.58e-03	0.00e+00
 3.22921e+14	6.30e-24	7.15e-18	1.24e-12	3.93e-08	1.34e-04	9.97e-01	2.44e-03	0.00e+00
 3.32728e+14	8.38e-24	9.02e-18	1.49e-12	4.43e-08	1.42e-04	9.98e-01	2.29e-03	0.00e+00
 3.45051e+14	1.18e-23	1.19e-17	1.85e-12	5.13e-08	1.53e-04	9.98e-01	2.13e-03	0.00e+00
 3.57838e+14	1.62e-23	1.56e-17	2.30e-12	5.93e-08	1.65e-04	9.98e-01	1.98e-03	0.00e+00
 3.69222e+14	2.17e-23	1.98e-17	2.77e-12	6.72e-08	1.76e-04	9.98e-01	1.86e-03	0.00e+00
 3.81589e+14	2.98e-23	2.56e-17	3.37e-12	7.67e-08	1.88e-04	9.98e-01	1.74e-03	0.00e+00
 3.96366e+14	4.24e-23	3.42e-17	4.23e-12	8.93e-08	2.03e-04	9.98e-01	1.61e-03	0.00e+00
 4.11156e+14	5.95e-23	4.51e-17	5.26e-12	1.03e-07	2.18e-04	9.98e-01	1.50e-03	0.00e+00
 4.24807e+14	8.03e-23	5.78e-17	6.40e-12	1.18e-07	2.33e-04	9.98e-01	1.40e-03	0.00e+00
 4.36538e+14	1.03e-22	7.10e-17	7.53e-12	1.31e-07	2.46e-04	9.98e-01	1.32e-03	0.00e+00
 4.46422e+14	1.25e-22	8.38e-17	8.61e-12	1.44e-07	2.57e-04	9.98e-01	1.26e-03	0.00e+00
 4.57463e+14	1.59e-22	1.02e-16	9.97e-12	1.58e-07	2.70e-04	9.99e-01	1.20e-03	0.00e+00
 4.71815e+14	2.09e-22	1.27e-16	1.20e-11	1.79e-07	2.87e-04	9.99e-01	1.13e-03	0.00e+00
 4.86784e+14	2.84e-22	1.63e-16	1.45e-11	2.03e-07	3.06e-04	9.99e-01	1.06e-03	0.00e+00
 4.99529e+14	3.56e-22	1.97e-16	1.69e-11	2.25e-07	3.22e-04	9.99e-01	1.01e-03	0.00e+00
 5.13073e+14	4.60e-22	2.43e-16	1.98e-11	2.50e-07	3.39e-04	9.99e-01	9.57e-04	0.00e+00
 5.30680e+14	6.19e-22	3.12e-16	2.42e-11	2.86e-07	3.63e-04	9.99e-01	8.94e-04	0.00e+00
 5.48744e+14	8.56e-22	4.05e-16	2.96e-11	3.27e-07	3.88e-04	9.99e-01	8.37e-04	0.00e+00
 5.63730e+14	1.09e-21	4.95e-16	3.48e-11	3.64e-07	4.10e-04	9.99e-01	7.92e-04	0.00e+00
 5.79535e+14	1.41e-21	6.12e-16	4.10e-11	4.07e-07	4.33e-04	9.99e-01	7.50e-04	0.00e+00
 6.00083e+14	1.91e-21	7.91e-16	5.05e-11	4.68e-07	4.65e-04	9.99e-01	6.98e-04	0.00e+00
 6.21543e+14	2.67e-21	1.04e-15	6.23e-11	5.38e-07	4.98e-04	9.99e-01	6.51e-04	0.00e+00
 6.40035e+14	3.46e-21	1.29e-15	7.42e-11	6.05e-07	5.29e-04	9.99e-01	6.13e-04	0.00e+00
 6.59920e+14	4.60e-21	1.63e-15	8.91e-11	6.84e-07	5.62e-04	9.99e-01	5.77e-04	0.00e+00
 6.84597e+14	6.37e-21	2.14e-15	1.11e-10	7.92e-07	6.06e-04	9.99e-01	5.35e-04	0.00e+00
 7.09602e+14	8.81e-21	2.80e-15	1.37e-10	9.15e-07	6.52e-04	9.99e-01	4.97e-04	0.00e+00
 7.31326e+14	1.16e-20	3.51e-15	1.64e-10	1.03e-06	6.92e-04	9.99e-01	4.68e-04	0.00e+00
 7.54685e+14	1.53e-20	4.43e-15	1.98e-10	1.17e-06	7.38e-04	9.99e-01	4.39e-04	0.00e+00
 7.83261e+14	2.15e-20	5.86e-15	2.47e-10	1.36e-06	7.96e-04	9.99e-01	4.06e-04	0.00e+00
 8.12016e+14	2.96e-20	7.66e-15	3.07e-10	1.57e-06	8.57e-04	9.99e-01	3.77e-04	0.00e+00
 8.37442e+14	3.87e-20	9.59e-15	3.68e-10	1.78e-06	9.13e-04	9.99e-01	3.54e-04	0.00e+00
 8.65143e+14	5.16e-20	1.22e-14	4.46e-10	2.03e-06	9.77e-04	9.99e-01	3.31e-04	0.00e+00
 8.98431e+14	7.19e-20	1.61e-14	5.58e-10	2.36e-06	1.06e-03	9.99e-01	3.06e-04	0.00e+00
 9.29505e+14	9.72e-20	2.07e-14	6.83e-10	2.71e-06	1.13e-03	9.99e-01	2.85e-04	0.00e+00
 9.54542e+14	1.23e-19	2.52e-14	8.00e-10	3.01e-06	1.20e-03	9.99e-01	2.70e-04	0.00e+00
 9.77124e+14	1.50e-19	2.98e-14	9.18e-10	3.31e-06	1.26e-03	9.98e-01	2.57e-04	0.00e+00
 1.00239e+15	1.88e-19	3.60e-14	1.07e-09	3.67e-06	1.33e-03	9.98e-01	2.43e-04	0.00e+00
 1.03095e+15	2.41e-19	4.42e-14	1.26e-09	4.11e-06	1.41e-03	9.98e-01	2.29e-04	0.00e+00
 1.05804e+15	3.00e-19	5.33e-14	1.47e-09	4.56e-06	1.49e-03	9.98e-01	2.17e-04	0.00e+00
 1.08752e+15	3.82e-19	6.52e-14	1.73e-09	5.10e-06	1.58e-03	9.98e-01	2.05e-04	0.00e+00
 1.12001e+15	4.91e-19	8.06e-14	2.06e-09	5.74e-06	1.67e-03	9.98e-01	1.93e-04	0.00e+00
 1.14988e+15	6.20e-19	9.79e-14	2.40e-09	6.39e-06	1.77e-03	9.98e-01	1.82e-04	0.00e+00
 1.18220e+15	7.90e-19	1.20e-13	2.83e-09	7.14e-06	1.88e-03	9.98e-01	1.72e-04	0.00e+00
 1.21845e+15	1.02e-18	1.49e-13	3.38e-09	8.07e-06	2.00e-03	9.98e-01	1.61e-04	0.00e+00
 1.25247e+15	1.30e-18	1.82e-13	3.97e-09	9.02e-06	2.12e-03	9.98e-01	1.52e-04	0.00e+00
 1.28934e+15	1.67e-18	2.25e-13	4.71e-09	1.01e-05	2.26e-03	9.98e-01	1.42e-04	0.00e+00
 1.33059e+15	2.16e-18	2.81e-13	5.67e-09	1.15e-05	2.41e-03	9.97e-01	1.33e-04	0.00e+00
 1.36951e+15	2.80e-18	3.47e-13	6.71e-09	1.29e-05	2.57e-03	9.97e-01	1.25e-04	0.00e+00
 1.41210e+15	3.65e-18	4.34e-13	8.03e-09	1.46e-05	2.74e-03	9.97e-01	1.17e-04	0.00e+00
 1.45988e+15	4.84e-18	5.51e-13	9.76e-09	1.67e-05	2.94e-03	9.97e-01	1.09e-04	0.00e+00
 1.50510e+15	6.30e-18	6.88e-13	1.17e-08	1.89e-05	3.14e-03	9.97e-01	1.02e-04	0.00e+00
 1.55456e+15	8.30e-18	8.67e-13	1.41e-08	2.16e-05	3.37e-03	9.97e-01	9.51e-05	0.00e+00
 1.61419e+15	1.14e-17	1.14e-12	1.76e-08	2.51e-05	3.65e-03	9.96e-01	8.76e-05	0.00e+00
 1.67297e+15	1.53e-17	1.46e-12	2.17e-08	2.90e-05	3.94e-03	9.96e-01	8.11e-05	0.00e+00
 1.72480e+15	1.98e-17	1.82e-12	2.59e-08	3.28e-05	4.21e-03	9.96e-01	7.58e-05	0.00e+00
 1.78161e+15	2.61e-17	2.29e-12	3.13e-08	3.74e-05	4.52e-03	9.95e-01	7.06e-05	0.00e+00
 1.83763e+15	3.40e-17	2.86e-12	3.76e-08	4.24e-05	4.83e-03	9.95e-01	6.60e-05	0.00e+00
 1.87974e+15	4.22e-17	3.41e-12	4.29e-08	4.65e-05	5.08e-03	9.95e-01	6.27e-05	0.00e+00
 1.92160e+15	5.08e-17	3.99e-12	4.88e-08	5.08e-05	5.32e-03	9.95e-01	5.97e-05	0.00e+00
 1.97601e+15	6.44e-17	4.88e-12	5.74e-08	5.69e-05	5.66e-03	9.94e-01	5.61e-05	0.00e+00
 2.03418e+15	8.16e-17	5.97e-12	6.80e-08	6.39e-05	6.03e-03	9.94e-01	5.26e-05	0.00e+00
 2.08486e+15	1.01e-16	7.13e-12	7.85e-08	7.06e-05	6.36e-03	9.94e-01	4.98e-05	0.00e+00
 2.13838e+15	1.23e-16	8.47e-12	9.11e-08	7.82e-05	6.73e-03	9.93e-01	4.71e-05	0.00e+00
 2.20795e+15	1.82e-16	1.07e-11	1.10e-07	8.91e-05	7.23e-03	9.93e-01	4.37e-05	0.00e+00
 2.27847e+15	2.31e-16	1.33e-11	1.32e-07	1.01e-04	7.74e-03	9.92e-01	4.08e-05	0.00e+00
 2.33520e+15	2.84e-16	1.58e-11	1.52e-07	1.12e-04	8.18e-03	9.92e-01	3.86e-05	0.00e+00
 2.39393e+15	3.49e-16	1.88e-11	1.76e-07	1.24e-04	8.65e-03	9.91e-01	3.64e-05	0.00e+00
 2.47028e+15	4.62e-16	2.37e-11	2.11e-07	1.40e-04	9.28e-03	9.91e-01	3.39e-05	0.00e+00
 2.55072e+15	6.01e-16	2.97e-11	2.55e-07	1.60e-04	9.98e-03	9.90e-01	3.15e-05	0.00e+00
 2.61965e+15	7.63e-16	3.61e-11	2.98e-07	1.78e-04	1.06e-02	9.89e-01	2.96e-05	0.00e+00
 2.69244e+15	9.48e-16	4.36e-11	3.49e-07	1.99e-04	1.13e-02	9.89e-01	2.78e-05	0.00e+00
 2.78706e+15	1.27e-15	5.58e-11	4.27e-07	2.28e-04	1.22e-02	9.88e-01	2.56e-05	0.00e+00
 2.88576e+15	1.70e-15	7.12e-11	5.23e-07	2.63e-04	1.32e-02	9.87e-01	2.36e-05	0.00e+00
 2.96961e+15	2.09e-15	8.59e-11	6.19e-07	2.95e-04	1.40e-02	9.86e-01	2.22e-05	0.00e+00
 3.05850e+15	2.73e-15	1.07e-10	7.35e-07	3.32e-04	1.50e-02	9.85e-01	2.07e-05	0.00e+00
 3.17093e+15	3.63e-15	1.37e-10	9.08e-07	3.84e-04	1.63e-02	9.83e-01	1.91e-05	0.00e+00
 3.28811e+15	4.98e-15	1.78e-10	1.12e-06	4.45e-04	1.78e-02	9.82e-01	1.76e-05	0.00e+00
 3.39071e+15	6.30e-15	2.20e-10	1.35e-06	5.03e-04	1.90e-02	9.80e-01	1.65e-05	0.00e+00
 3.47517e+15	7.77e-15	2.62e-10	1.56e-06	5.55e-04	2.01e-02	9.79e-01	1.56e-05	0.00e+00
 3.54863e+15	9.25e-15	3.05e-10	1.76e-06	6.04e-04	2.11e-02	9.78e-01	1.49e-05	0.00e+00
 3.63286e+15	1.10e-14	3.56e-10	2.02e-06	6.64e-04	2.23e-02	9.77e-01	1.41e-05	0.00e+00
 3.74236e+15	1.45e-14	4.47e-10	2.41e-06	7.49e-04	2.39e-02	9.75e-01	1.32e-05	0.00e+00
 3.85411e+15	1.85e-14	5.51e-10	2.87e-06	8.43e-04	2.56e-02	9.74e-01	1.24e-05	0.00e+00
 3.94433e+15	2.22e-14	6.47e-10	3.29e-06	9.25e-04	2.70e-02	9.72e-01	1.18e-05	0.00e+00
 4.03715e+15	2.65e-14	7.57e-10	3.78e-06	1.02e-03	2.84e-02	9.71e-01	1.12e-05	0.00e+00
 4.15782e+15	3.48e-14	9.49e-10	4.52e-06	1.14e-03	3.04e-02	9.68e-01	1.05e-05	0.00e+00
 4.28339e+15	4.41e-14	1.17e-09	5.40e-06	1.29e-03	3.26e-02	9.66e-01	9.83e-06	0.00e+00
 4.38892e+15	5.33e-14	1.38e-09	6.24e-06	1.42e-03	3.44e-02	9.64e-01	9.34e-06	0.00e+00
 4.49970e+15	6.65e-14	1.67e-09	7.26e-06	1.57e-03	3.65e-02	9.62e-01	8.85e-06	0.00e+00
 4.64373e+15	8.67e-14	2.10e-09	8.79e-06	1.78e-03	3.92e-02	9.59e-01	8.29e-06	0.00e+00
 4.79299e+15	1.14e-13	2.65e-09	1.06e-05	2.03e-03	4.22e-02	9.56e-01	7.77e-06	0.00e+00
 4.91793e+15	1.41e-13	3.19e-09	1.24e-05	2.25e-03	4.47e-02	9.53e-01	7.39e-06	0.00e+00
 5.04921e+15	1.79e-13	3.90e-09	1.46e-05	2.50e-03	4.75e-02	9.50e-01	7.01e-06	0.00e+00
 5.21988e+15	2.37e-13	4.98e-09	1.79e-05	2.86e-03	5.12e-02	9.46e-01	6.57e-06	0.00e+00
 5.39990e+15	3.11e-13	6.34e-09	2.20e-05	3.27e-03	5.53e-02	9.41e-01	6.16e-06	0.00e+00
 5.55644e+15	3.96e-13	7.84e-09	2.63e-05	3.67e-03	5.90e-02	9.37e-01	5.84e-06	0.00e+00
 5.72431e+15	5.02e-13	9.69e-09	3.15e-05	4.14e-03	6.29e-02	9.33e-01	5.54e-06	0.00e+00
 5.93559e+15	7.12e-13	1.30e-08	3.96e-05	4.80e-03	6.84e-02	9.27e-01	5.20e-06	0.00e+00
 6.12450e+15	9.20e-13	1.63e-08	4.80e-05	5.44e-03	7.33e-02	9.21e-01	4.93e-06	0.00e+00
 6.24758e+15	1.11e-12	1.91e-08	5.44e-05	5.89e-03	7.67e-02	9.17e-01	4.79e-06	0.00e+00
 6.36391e+15	1.31e-12	2.20e-08	6.10e-05	6.35e-03	7.99e-02	9.14e-01	4.65e-06	0.00e+00
 6.51514e+15	1.62e-12	2.63e-08	7.07e-05	6.98e-03	8.41e-02	9.09e-01	4.49e-06	0.00e+00
 6.71174e+15	2.10e-12	3.29e-08	8.52e-05	7.87e-03	8.97e-02	9.02e-01	4.29e-06	0.00e+00
 6.91114e+15	2.71e-12	4.12e-08	1.02e-04	8.86e-03	9.57e-02	8.95e-01	4.11e-06	0.00e+00
 7.06847e+15	3.34e-12	4.92e-08	1.18e-04	9.70e-03	1.00e-01	8.90e-01	4.00e-06	0.00e+00
 7.22727e+15	4.09e-12	5.85e-08	1.36e-04	1.06e-02	1.05e-01	8.84e-01	3.89e-06	0.00e+00
 7.43372e+15	5.08e-12	7.12e-08	1.62e-04	1.19e-02	1.12e-01	8.76e-01	3.74e-06	0.00e+00
 7.65273e+15	6.86e-12	9.12e-08	1.95e-04	1.34e-02	1.19e-01	8.67e-01	3.63e-06	0.00e+00
 7.83845e+15	8.48e-12	1.10e-07	2.27e-04	1.47e-02	1.25e-01	8.60e-01	3.53e-06	0.00e+00
 8.03025e+15	1.06e-11	1.33e-07	2.64e-04	1.62e-02	1.32e-01	8.52e-01	3.44e-06	0.00e+00
 8.27960e+15	1.36e-11	1.66e-07	3.20e-04	1.83e-02	1.40e-01	8.41e-01	3.33e-06	0.00e+00
 8.53770e+15	1.88e-11	2.16e-07	3.91e-04	2.08e-02	1.50e-01	8.29e-01	3.25e-06	0.00e+00
 8.74930e+15	2.36e-11	2.62e-07	4.57e-04	2.29e-02	1.57e-01	8.19e-01	3.18e-06	0.00e+00
 8.96654e+15	2.98e-11	3.20e-07	5.36e-04	2.53e-02	1.66e-01	8.09e-01	3.11e-06	0.00e+00
 9.24895e+15	3.94e-11	4.07e-07	6.54e-04	2.87e-02	1.76e-01	7.95e-01	3.03e-06	0.00e+00
 9.53803e+15	5.31e-11	5.24e-07	7.99e-04	3.24e-02	1.87e-01	7.80e-01	2.96e-06	0.00e+00
 9.77957e+15	6.78e-11	6.43e-07	9.39e-04	3.59e-02	1.96e-01	7.67e-01	2.91e-06	0.00e+00
 1.00374e+16	8.70e-11	7.95e-07	1.11e-03	3.98e-02	2.06e-01	7.53e-01	2.86e-06	0.00e+00
 1.03725e+16	1.15e-10	1.02e-06	1.37e-03	4.53e-02	2.19e-01	7.34e-01	2.78e-06	0.00e+00
 1.07045e+16	1.63e-10	1.35e-06	1.70e-03	5.16e-02	2.33e-01	7.14e-01	2.74e-06	0.00e+00
 1.09575e+16	2.05e-10	1.64e-06	1.98e-03	5.66e-02	2.43e-01	6.99e-01	2.71e-06	0.00e+00
 1.11765e+16	2.49e-10	1.93e-06	2.26e-03	6.12e-02	2.51e-01	6.85e-01	2.67e-06	0.00e+00
 1.14261e+16	3.09e-10	2.33e-06	2.62e-03	6.69e-02	2.61e-01	6.69e-01	2.63e-06	0.00e+00
 1.16913e+16	3.76e-10	2.76e-06	3.03e-03	7.31e-02	2.71e-01	6.53e-01	2.58e-06	0.00e+00
 1.19765e+16	5.02e-10	3.49e-06	3.60e-03	8.08e-02	2.83e-01	6.33e-01	2.55e-06	0.00e+00
 1.22562e+16	6.25e-10	4.22e-06	4.19e-03	8.84e-02	2.93e-01	6.15e-01	2.50e-06	0.00e+00
 1.25284e+16	7.80e-10	5.08e-06	4.87e-03	9.65e-02	3.03e-01	5.96e-01	2.46e-06	0.00e+00
 1.28223e+16	9.63e-10	6.11e-06	5.69e-03	1.06e-01	3.13e-01	5.76e-01	2.41e-06	0.00e+00
 1.31016e+16	1.26e-09	7.61e-06	6.66e-03	1.15e-01	3.23e-01	5.55e-01	2.38e-06	0.00e+00
 1.33670e+16	1.54e-09	9.00e-06	7.64e-03	1.25e-01	3.32e-01	5.36e-01	2.33e-06	0.00e+00
 1.36566e+16	1.89e-09	1.08e-05	8.88e-03	1.36e-01	3.41e-01	5.15e-01	2.28e-06	0.00e+00
 1.39748e+16	2.57e-09	1.38e-05	1.06e-02	1.49e-01	3.51e-01	4.89e-01	2.24e-06	0.00e+00
 1.42541e+16	3.20e-09	1.65e-05	1.22e-02	1.61e-01	3.59e-01	4.68e-01	2.19e-06	0.00e+00
 1.45411e+16	3.96e-09	1.98e-05	1.41e-02	1.75e-01	3.65e-01	4.46e-01	2.14e-06	0.00e+00
 1.48602e+16	4.91e-09	2.39e-05	1.65e-02	1.90e-01	3.72e-01	4.22e-01	2.08e-06	0.00e+00
 1.51560e+16	6.59e-09	3.02e-05	1.94e-02	2.06e-01	3.78e-01	3.96e-01	2.03e-06	0.00e+00
 1.54186e+16	8.10e-09	3.59e-05	2.21e-02	2.20e-01	3.82e-01	3.76e-01	1.98e-06	0.00e+00
 1.56636e+16	9.91e-09	4.24e-05	2.51e-02	2.34e-01	3.85e-01	3.56e-01	1.94e-06	0.00e+00
 1.59060e+16	1.21e-08	5.01e-05	2.84e-02	2.49e-01	3.87e-01	3.36e-01	1.89e-06	0.00e+00
 1.61466e+16	1.46e-08	5.86e-05	3.21e-02	2.64e-01	3.87e-01	3.17e-01	1.84e-06	0.00e+00
 1.64217e+16	1.85e-08	7.11e-05	3.71e-02	2.82e-01	3.87e-01	2.94e-01	1.78e-06	0.00e+00
 1.67084e+16	2.37e-08	8.69e-05	4.30e-02	3.01e-01	3.85e-01	2.71e-01	1.72e-06	0.00e+00
 1.69475e+16	2.83e-08	1.01e-04	4.85e-02	3.18e-01	3.82e-01	2.52e-01	1.66e-06	0.00e+00
 1.71568e+16	3.64e-08	1.22e-04	5.46e-02	3.34e-01	3.78e-01	2.33e-01	1.62e-06	0.00e+00
 1.73522e+16	4.17e-08	1.38e-04	6.03e-02	3.47e-01	3.74e-01	2.19e-01	1.58e-06	0.00e+00
 1.75684e+16	5.55e-08	1.71e-04	6.86e-02	3.65e-01	3.67e-01	1.99e-01	1.53e-06	0.00e+00
 1.77887e+16	6.37e-08	1.93e-04	7.65e-02	3.81e-01	3.59e-01	1.83e-01	1.47e-06	0.00e+00
 1.79840e+16	7.66e-08	2.24e-04	8.50e-02	3.95e-01	3.51e-01	1.68e-01	1.42e-06	0.00e+00
 1.81762e+16	9.34e-08	2.62e-04	9.46e-02	4.10e-01	3.42e-01	1.53e-01	1.36e-06	0.00e+00
 1.83604e+16	1.14e-07	3.06e-04	1.05e-01	4.24e-01	3.31e-01	1.39e-01	1.31e-06	0.00e+00
 1.85330e+16	1.50e-07	3.74e-04	1.17e-01	4.38e-01	3.20e-01	1.24e-01	1.26e-06	0.00e+00
 1.86867e+16	1.76e-07	4.24e-04	1.28e-01	4.49e-01	3.10e-01	1.13e-01	1.22e-06	0.00e+00
 1.88483e+16	2.04e-07	4.79e-04	1.40e-01	4.60e-01	2.98e-01	1.02e-01	1.16e-06	0.00e+00
 1.90585e+16	2.91e-07	6.21e-04	1.60e-01	4.74e-01	2.79e-01	8.59e-02	1.08e-06	0.00e+00
 1.92458e+16	3.59e-07	7.31e-04	1.77e-01	4.85e-01	2.63e-01	7.46e-02	1.02e-06	0.00e+00
 1.93672e+16	4.24e-07	8.29e-04	1.91e-01	4.91e-01	2.51e-01	6.68e-02	9.69e-07	0.00e+00
 1.94887e+16	4.93e-07	9.30e-04	2.05e-01	4.97e-01	2.38e-01	5.96e-02	0.00e+00	0.00e+00
 1.96466e+16	6.11e-07	1.09e-03	2.25e-01	5.03e-01	2.21e-01	5.06e-02	0.00e+00	0.00e+00
 1.97977e+16	7.60e-07	1.29e-03	2.46e-01	5.06e-01	2.04e-01	4.27e-02	0.00e+00	0.00e+00
 1.99021e+16	8.98e-07	1.45e-03	2.61e-01	5.08e-01	1.92e-01	3.74e-02	0.00e+00	0.00e+00
 1.99850e+16	1.03e-06	1.60e-03	2.75e-01	5.09e-01	1.82e-01	3.34e-02	0.00e+00	0.00e+00
 2.00775e+16	1.14e-06	1.74e-03	2.89e-01	5.09e-01	1.71e-01	2.96e-02	0.00e+00	0.00e+00
 2.01977e+16	1.48e-06	2.09e-03	3.12e-01	5.07e-01	1.55e-01	2.41e-02	0.00e+00	0.00e+00
 2.02936e+16	1.63e-06	2.25e-03	3.27e-01	5.05e-01	1.44e-01	2.11e-02	0.00e+00	0.00e+00
 2.03468e+16	1.89e-06	2.50e-03	3.39e-01	5.03e-01	1.37e-01	1.89e-02	0.00e+00	0.00e+00
 2.03923e+16	2.04e-06	2.64e-03	3.48e-01	5.01e-01	1.32e-01	1.74e-02	0.00e+00	0.00e+00
 2.04388e+16	2.22e-06	2.81e-03	3.57e-01	4.99e-01	1.26e-01	1.59e-02	0.00e+00	0.00e+00
 2.04993e+16	2.38e-06	2.96e-03	3.68e-01	4.96e-01	1.19e-01	1.43e-02	0.00e+00	0.00e+00
 2.05779e+16	2.81e-06	3.33e-03	3.85e-01	4.91e-01	1.09e-01	1.21e-02	0.00e+00	0.00e+00
 2.06502e+16	3.20e-06	3.65e-03	3.99e-01	4.86e-01	1.01e-01	1.04e-02	0.00e+00	0.00e+00
 2.06993e+16	3.44e-06	3.85e-03	4.09e-01	4.82e-01	9.55e-02	9.34e-03	0.00e+00	0.00e+00
 2.07483e+16	3.77e-06	4.10e-03	4.20e-01	4.78e-01	8.99e-02	8.32e-03	0.00e+00	0.00e+00
 2.08121e+16	4.36e-06	4.55e-03	4.35e-01	4.71e-01	8.25e-02	7.03e-03	0.00e+00	0.00e+00
 2.08742e+16	4.78e-06	4.85e-03	4.47e-01	4.66e-01	7.64e-02	6.08e-03	0.00e+00	0.00e+00
 2.09341e+16	5.37e-06	5.27e-03	4.60e-01	4.59e-01	7.03e-02	5.18e-03	0.00e+00	0.00e+00
 2.09978e+16	6.28e-06	5.87e-03	4.76e-01	4.51e-01	6.37e-02	4.28e-03	0.00e+00	0.00e+00
 2.10487e+16	7.03e-06	6.35e-03	4.87e-01	4.44e-01	5.89e-02	3.68e-03	0.00e+00	0.00e+00
 2.10904e+16	7.60e-06	6.70e-03	4.96e-01	4.39e-01	5.53e-02	3.27e-03	0.00e+00	0.00e+00
 2.11382e+16	8.45e-06	7.21e-03	5.08e-01	4.31e-01	5.10e-02	2.80e-03	0.00e+00	0.00e+00
 2.12003e+16	9.59e-06	7.88e-03	5.21e-01	4.22e-01	4.60e-02	2.29e-03	0.00e+00	0.00e+00
 2.12664e+16	1.10e-05	8.66e-03	5.36e-01	4.13e-01	4.10e-02	1.85e-03	0.00e+00	0.00e+00
 2.13239e+16	1.20e-05	9.22e-03	5.47e-01	4.05e-01	3.73e-02	1.55e-03	0.00e+00	0.00e+00
 2.13848e+16	1.40e-05	1.02e-02	5.61e-01	3.94e-01	3.31e-02	1.23e-03	0.00e+00	0.00e+00
 2.14486e+16	1.60e-05	1.12e-02	5.75e-01	3.83e-01	2.93e-02	9.79e-04	0.00e+00	0.00e+00
 2.15065e+16	1.82e-05	1.22e-02	5.87e-01	3.73e-01	2.62e-02	7.90e-04	0.00e+00	0.00e+00
 2.15718e+16	2.09e-05	1.35e-02	6.01e-01	3.62e-01	2.29e-02	6.14e-04	0.00e+00	0.00e+00
 2.16454e+16	2.45e-05	1.50e-02	6.16e-01	3.49e-01	1.97e-02	4.61e-04	0.00e+00	0.00e+00
 2.17031e+16	2.79e-05	1.64e-02	6.28e-01	3.38e-01	1.75e-02	3.68e-04	0.00e+00	0.00e+00
 2.17396e+16	3.01e-05	1.73e-02	6.35e-01	3.32e-01	1.62e-02	3.18e-04	0.00e+00	0.00e+00
 2.17756e+16	3.21e-05	1.81e-02	6.41e-01	3.26e-01	1.50e-02	2.77e-04	0.00e+00	0.00e+00
 2.18224e+16	3.60e-05	1.95e-02	6.50e-01	3.17e-01	1.35e-02	2.26e-04	0.00e+00	0.00e+00
 2.18735e+16	4.02e-05	2.10e-02	6.60e-01	3.07e-01	1.20e-02	1.83e-04	0.00e+00	0.00e+00
 2.19217e+16	4.47e-05	2.26e-02	6.68e-01	2.98e-01	1.08e-02	1.49e-04	0.00e+00	0.00e+00
 2.19757e+16	5.04e-05	2.45e-02	6.78e-01	2.88e-01	9.50e-03	1.18e-04	0.00e+00	0.00e+00
 2.20343e+16	5.72e-05	2.67e-02	6.88e-01	2.77e-01	8.31e-03	9.21e-05	0.00e+00	0.00e+00
 2.20869e+16	6.44e-05	2.88e-02	6.96e-01	2.67e-01	7.35e-03	7.34e-05	0.00e+00	0.00e+00
 2.21353e+16	7.10e-05	3.08e-02	7.03e-01	2.59e-01	6.58e-03	5.99e-05	0.00e+00	0.00e+00
 2.21901e+16	8.09e-05	3.36e-02	7.12e-01	2.48e-01	5.73e-03	4.65e-05	0.00e+00	0.00e+00
 2.22484e+16	9.15e-05	3.65e-02	7.20e-01	2.38e-01	5.00e-03	3.63e-05	0.00e+00	0.00e+00
 2.23017e+16	1.04e-04	3.99e-02	7.28e-01	2.28e-01	4.36e-03	2.83e-05	0.00e+00	0.00e+00
 2.23505e+16	1.17e-04	4.29e-02	7.34e-01	2.19e-01	3.87e-03	2.28e-05	0.00e+00	0.00e+00
 2.24033e+16	1.32e-04	4.66e-02	7.41e-01	2.09e-01	3.38e-03	1.79e-05	0.00e+00	0.00e+00
 2.24626e+16	1.50e-04	5.08e-02	7.47e-01	1.99e-01	2.91e-03	1.37e-05	0.00e+00	0.00e+00
 2.25192e+16	1.73e-04	5.58e-02	7.53e-01	1.88e-01	2.50e-03	1.05e-05	0.00e+00	0.00e+00
 2.25688e+16	1.94e-04	6.03e-02	7.57e-01	1.80e-01	2.20e-03	8.37e-06	0.00e+00	0.00e+00
 2.26208e+16	2.20e-04	6.56e-02	7.62e-01	1.70e-01	1.90e-03	6.51e-06	0.00e+00	0.00e+00
 2.26779e+16	2.54e-04	7.21e-02	7.66e-01	1.60e-01	1.62e-03	4.95e-06	0.00e+00	0.00e+00
 2.27295e+16	2.88e-04	7.83e-02	7.68e-01	1.52e-01	1.41e-03	3.88e-06	0.00e+00	0.00e+00
 2.27775e+16	3.27e-04	8.51e-02	7.70e-01	1.43e-01	1.22e-03	3.05e-06	0.00e+00	0.00e+00
 2.28251e+16	3.68e-04	9.21e-02	7.71e-01	1.35e-01	1.06e-03	2.42e-06	0.00e+00	0.00e+00
 2.28793e+16	4.25e-04	1.01e-01	7.71e-01	1.26e-01	9.00e-04	1.83e-06	0.00e+00	0.00e+00
 2.29367e+16	4.97e-04	1.12e-01	7.70e-01	1.17e-01	7.52e-04	1.36e-06	0.00e+00	0.00e+00
 2.29851e+16	5.68e-04	1.22e-01	7.68e-01	1.09e-01	6.45e-04	1.06e-06	0.00e+00	0.00e+00
 2.30284e+16	6.42e-04	1.32e-01	7.65e-01	1.02e-01	5.57e-04	8.36e-07	0.00e+00	0.00e+00
 2.30781e+16	7.37e-04	1.45e-01	7.60e-01	9.40e-02	4.71e-04	0.00e+00	0.00e+00	0.00e+00
 2.31339e+16	8.68e-04	1.61e-01	7.53e-01	8.53e-02	3.85e-04	0.00e+00	0.00e+00	0.00e+00
 2.31836e+16	1.01e-03	1.77e-01	7.44e-01	7.76e-02	3.20e-04	0.00e+00	0.00e+00	0.00e+00
 2.32253e+16	1.15e-03	1.93e-01	7.35e-01	7.14e-02	2.72e-04	0.00e+00	0.00e+00	0.00e+00
 2.32706e+16	1.32e-03	2.10e-01	7.23e-01	6.50e-02	2.26e-04	0.00e+00	0.00e+00	0.00e+00
 2.33295e+16	1.59e-03	2.36e-01	7.06e-01	5.70e-02	1.77e-04	0.00e+00	0.00e+00	0.00e+00
 2.33893e+16	1.95e-03	2.67e-01	6.82e-01	4.90e-02	1.35e-04	0.00e+00	0.00e+00	0.00e+00
 2.34352e+16	2.29e-03	2.95e-01	6.60e-01	4.29e-02	1.07e-04	0.00e+00	0.00e+00	0.00e+00
 2.34732e+16	2.62e-03	3.19e-01	6.40e-01	3.83e-02	8.82e-05	0.00e+00	0.00e+00	0.00e+00
 2.35158e+16	3.04e-03	3.49e-01	6.15e-01	3.34e-02	7.00e-05	0.00e+00	0.00e+00	0.00e+00
 2.35713e+16	3.68e-03	3.91e-01	5.78e-01	2.74e-02	5.07e-05	0.00e+00	0.00e+00	0.00e+00
 2.36284e+16	4.58e-03	4.41e-01	5.32e-01	2.16e-02	3.49e-05	0.00e+00	0.00e+00	0.00e+00
 2.36731e+16	5.48e-03	4.85e-01	4.92e-01	1.75e-02	2.53e-05	0.00e+00	0.00e+00	0.00e+00
 2.37089e+16	6.31e-03	5.23e-01	4.56e-01	1.45e-02	1.91e-05	0.00e+00	0.00e+00	0.00e+00
 2.37480e+16	7.35e-03	5.64e-01	4.17e-01	1.17e-02	1.38e-05	0.00e+00	0.00e+00	0.00e+00
 2.37905e+16	8.72e-03	6.13e-01	3.70e-01	8.86e-03	9.30e-06	0.00e+00	0.00e+00	0.00e+00
 2.38259e+16	1.01e-02	6.55e-01	3.28e-01	6.85e-03	6.47e-06	0.00e+00	0.00e+00	0.00e+00
 2.38537e+16	1.14e-02	6.87e-01	2.96e-01	5.49e-03	4.76e-06	0.00e+00	0.00e+00	0.00e+00
 2.38829e+16	1.28e-02	7.20e-01	2.63e-01	4.29e-03	3.39e-06	0.00e+00	0.00e+00	0.00e+00
 2.39209e+16	1.50e-02	7.60e-01	2.21e-01	3.03e-03	2.12e-06	0.00e+00	0.00e+00	0.00e+00
 2.39583e+16	1.77e-02	8.00e-01	1.80e-01	2.03e-03	1.25e-06	0.00e+00	0.00e+00	0.00e+00
 2.39845e+16	2.00e-02	8.27e-01	1.52e-01	1.47e-03	8.17e-07	0.00e+00	0.00e+00	0.00e+00
 2.40038e+16	2.18e-02	8.44e-01	1.33e-01	1.15e-03	0.00e+00	0.00e+00	0.00e+00	0.00e+00
 2.40242e+16	2.39e-02	8.60e-01	1.16e-01	8.77e-04	0.00e+00	0.00e+00	0.00e+00	0.00e+00
 2.40508e+16	2.69e-02	8.78e-01	9.47e-02	6.04e-04	0.00e+00	0.00e+00	0.00e+00	0.00e+00
 2.40792e+16	3.07e-02	8.95e-01	7.43e-02	3.88e-04	0.00e+00	0.00e+00	0.00e+00	0.00e+00
 2.41028e+16	3.45e-02	9.06e-01	5.92e-02	2.58e-04	0.00e+00	0.00e+00	0.00e+00	0.00e+00
 2.41219e+16	3.79e-02	9.13e-01	4.89e-02	1.83e-04	0.00e+00	0.00e+00	0.00e+00	0.00e+00
 2.41423e+16	4.19e-02	9.18e-01	3.96e-02	1.25e-04	0.00e+00	0.00e+00	0.00e+00	0.00e+00
 2.41649e+16	4.70e-02	9.22e-01	3.07e-02	7.96e-05	0.00e+00	0.00e+00	0.00e+00	0.00e+00
 2.41848e+16	5.22e-02	9.24e-01	2.41e-02	5.19e-05	0.00e+00	0.00e+00	0.00e+00	0.00e+00
 2.42011e+16	5.68e-02	9.24e-01	1.96e-02	3.61e-05	0.00e+00	0.00e+00	0.00e+00	0.00e+00
 2.42179e+16	6.21e-02	9.22e-01	1.57e-02	2.45e-05	0.00e+00	0.00e+00	0.00e+00	0.00e+00
 2.42363e+16	6.83e-02	9.19e-01	1.23e-02	1.59e-05	0.00e+00	0.00e+00	0.00e+00	0.00e+00
 2.42529e+16	7.44e-02	9.16e-01	9.67e-03	1.05e-05	0.00e+00	0.00e+00	0.00e+00	0.00e+00
 2.42674e+16	8.04e-02	9.12e-01	7.81e-03	7.31e-06	0.00e+00	0.00e+00	0.00e+00	0.00e+00
 2.42807e+16	8.63e-02	9.07e-01	6.39e-03	5.19e-06	0.00e+00	0.00e+00	0.00e+00	0.00e+00
 2.42936e+16	9.20e-02	9.03e-01	5.25e-03	3.72e-06	0.00e+00	0.00e+00	0.00e+00	0.00e+00
 2.43058e+16	9.80e-02	8.98e-01	4.34e-03	2.72e-06	0.00e+00	0.00e+00	0.00e+00	0.00e+00
 2.43169e+16	1.03e-01	8.93e-01	3.64e-03	2.04e-06	0.00e+00	0.00e+00	0.00e+00	0.00e+00
 2.43253e+16	1.07e-01	8.89e-01	3.19e-03	1.65e-06	0.00e+00	0.00e+00	0.00e+00	0.00e+00
 2.43308e+16	1.10e-01	8.87e-01	2.92e-03	1.44e-06	0.00e+00	0.00e+00	0.00e+00	0.00e+00
 2.43359e+16	1.13e-01	8.84e-01	2.69e-03	1.27e-06	0.00e+00	0.00e+00	0.00e+00	0.00e+00
 2.43421e+16	1.16e-01	8.81e-01	2.44e-03	1.09e-06	0.00e+00	0.00e+00	0.00e+00	0.00e+00
 2.43490e+16	1.20e-01	8.78e-01	2.18e-03	9.21e-07	0.00e+00	0.00e+00	0.00e+00	0.00e+00
 2.43556e+16	1.24e-01	8.75e-01	1.96e-03	0.00e+00	0.00e+00	0.00e+00	0.00e+00	0.00e+00
 2.43619e+16	1.27e-01	8.71e-01	1.77e-03	0.00e+00	0.00e+00	0.00e+00	0.00e+00	0.00e+00
 2.43682e+16	1.30e-01	8.68e-01	1.60e-03	0.00e+00	0.00e+00	0.00e+00	0.00e+00	0.00e+00
 2.43746e+16	1.34e-01	8.65e-01	1.45e-03	0.00e+00	0.00e+00	0.00e+00	0.00e+00	0.00e+00
 2.43812e+16	1.38e-01	8.61e-01	1.30e-03	0.00e+00	0.00e+00	0.00e+00	0.00e+00	0.00e+00
 2.43878e+16	1.41e-01	8.58e-01	1.17e-03	0.00e+00	0.00e+00	0.00e+00	0.00e+00	0.00e+00
 2.43944e+16	1.45e-01	8.54e-01	1.06e-03	0.00e+00	0.00e+00	0.00e+00	0.00e+00	0.00e+00
 2.44010e+16	1.48e-01	8.51e-01	9.53e-04	0.00e+00	0.00e+00	0.00e+00	0.00e+00	0.00e+00
 2.44078e+16	1.52e-01	8.47e-01	8.58e-04	0.00e+00	0.00e+00	0.00e+00	0.00e+00	0.00e+00
 2.44149e+16	1.56e-01	8.43e-01	7.71e-04	0.00e+00	0.00e+00	0.00e+00	0.00e+00	0.00e+00
 2.44219e+16	1.60e-01	8.39e-01	6.94e-04	0.00e+00	0.00e+00	0.00e+00	0.00e+00	0.00e+00
 2.44291e+16	1.64e-01	8.36e-01	6.25e-04	0.00e+00	0.00e+00	0.00e+00	0.00e+00	0.00e+00
 2.44366e+16	1.67e-01	8.32e-01	5.62e-04	0.00e+00	0.00e+00	0.00e+00	0.00e+00	0.00e+00
 2.44443e+16	1.71e-01	8.28e-01	5.05e-04	0.00e+00	0.00e+00	0.00e+00	0.00e+00	0.00e+00
 2.44524e+16	1.75e-01	8.24e-01	4.54e-04	0.00e+00	0.00e+00	0.00e+00	0.00e+00	0.00e+00
 2.44607e+16	1.79e-01	8.20e-01	4.09e-04	0.00e+00	0.00e+00	0.00e+00	0.00e+00	0.00e+00
 2.44696e+16	1.84e-01	8.16e-01	3.67e-04	0.00e+00	0.00e+00	0.00e+00	0.00e+00	0.00e+00
 2.44791e+16	1.88e-01	8.12e-01	3.30e-04	0.00e+00	0.00e+00	0.00e+00	0.00e+00	0.00e+00
 2.44891e+16	1.92e-01	8.08e-01	2.98e-04	0.00e+00	0.00e+00	0.00e+00	0.00e+00	0.00e+00
