#depth	O	O+	O+2	O+3	O+4	O+5	O+6	O+7	O+8	O[1]	O[2]	O[3]
 1.49634e+10	0.00e+00	0.00e+00	0.00e+00	1.17e-27	1.38e-18	4.51e-10	4.64e-01	5.35e-01	1.46e-03	0.00e+00	0.00e+00	0.00e+00
 4.54887e+10	0.00e+00	0.00e+00	3.47e-37	1.55e-27	1.69e-18	5.09e-10	4.84e-01	5.15e-01	1.30e-03	0.00e+00	0.00e+00	0.00e+00
 7.72350e+10	0.00e+00	0.00e+00	0.00e+00	2.04e-27	2.06e-18	5.74e-10	5.04e-01	4.94e-01	1.15e-03	0.00e+00	0.00e+00	0.00e+00
 1.10251e+11	0.00e+00	0.00e+00	7.05e-37	2.69e-27	2.50e-18	6.46e-10	5.25e-01	4.74e-01	1.02e-03	0.00e+00	0.00e+00	0.00e+00
 1.42729e+11	0.00e+00	0.00e+00	0.00e+00	3.48e-27	3.01e-18	7.21e-10	5.44e-01	4.55e-01	9.10e-04	0.00e+00	0.00e+00	0.00e+00
 1.76506e+11	0.00e+00	0.00e+00	1.37e-36	4.51e-27	3.62e-18	8.04e-10	5.63e-01	4.36e-01	8.10e-04	0.00e+00	0.00e+00	0.00e+00
 2.13493e+11	0.00e+00	7.28e-47	1.95e-36	5.91e-27	4.38e-18	9.00e-10	5.83e-01	4.17e-01	7.15e-04	0.00e+00	0.00e+00	0.00e+00
 2.50863e+11	0.00e+00	0.00e+00	2.73e-36	7.68e-27	5.27e-18	1.00e-09	6.02e-01	3.98e-01	6.32e-04	0.00e+00	0.00e+00	0.00e+00
 2.89729e+11	0.00e+00	1.67e-46	3.82e-36	9.97e-27	6.34e-18	1.12e-09	6.20e-01	3.79e-01	5.58e-04	0.00e+00	0.00e+00	0.00e+00
 3.31245e+11	0.00e+00	0.00e+00	0.00e+00	1.30e-26	7.64e-18	1.24e-09	6.39e-01	3.61e-01	4.90e-04	0.00e+00	0.00e+00	0.00e+00
 3.72093e+11	0.00e+00	0.00e+00	7.47e-36	1.67e-26	9.11e-18	1.38e-09	6.56e-01	3.43e-01	4.33e-04	0.00e+00	0.00e+00	0.00e+00
 4.14576e+11	0.00e+00	5.67e-46	1.03e-35	2.15e-26	1.09e-17	1.52e-09	6.73e-01	3.26e-01	3.82e-04	0.00e+00	0.00e+00	0.00e+00
 4.54906e+11	0.00e+00	0.00e+00	0.00e+00	2.70e-26	1.27e-17	1.67e-09	6.89e-01	3.11e-01	3.40e-04	0.00e+00	0.00e+00	0.00e+00
 4.88043e+11	0.00e+00	0.00e+00	1.76e-35	3.23e-26	1.44e-17	1.79e-09	7.00e-01	2.99e-01	3.10e-04	0.00e+00	0.00e+00	0.00e+00
 5.23940e+11	0.00e+00	1.48e-45	2.25e-35	3.91e-26	1.65e-17	1.93e-09	7.13e-01	2.87e-01	2.81e-04	0.00e+00	0.00e+00	0.00e+00
 5.70077e+11	0.00e+00	0.00e+00	0.00e+00	4.94e-26	1.94e-17	2.12e-09	7.27e-01	2.73e-01	2.48e-04	0.00e+00	0.00e+00	0.00e+00
 6.18840e+11	0.00e+00	0.00e+00	4.19e-35	6.28e-26	2.29e-17	2.32e-09	7.42e-01	2.58e-01	2.18e-04	0.00e+00	0.00e+00	0.00e+00
 6.61987e+11	0.00e+00	4.43e-45	5.46e-35	7.70e-26	2.64e-17	2.51e-09	7.54e-01	2.46e-01	1.95e-04	0.00e+00	0.00e+00	0.00e+00
 7.08522e+11	0.00e+00	0.00e+00	7.21e-35	9.52e-26	3.06e-17	2.73e-09	7.66e-01	2.34e-01	1.74e-04	0.00e+00	0.00e+00	0.00e+00
 7.64484e+11	0.00e+00	9.30e-45	9.95e-35	1.22e-25	3.63e-17	3.00e-09	7.79e-01	2.20e-01	1.52e-04	0.00e+00	0.00e+00	0.00e+00
 8.20843e+11	0.00e+00	0.00e+00	1.36e-34	1.54e-25	4.27e-17	3.28e-09	7.92e-01	2.08e-01	1.33e-04	0.00e+00	0.00e+00	0.00e+00
 8.70182e+11	0.00e+00	1.89e-44	1.77e-34	1.89e-25	4.90e-17	3.53e-09	8.02e-01	1.98e-01	1.19e-04	0.00e+00	0.00e+00	0.00e+00
 9.22255e+11	0.00e+00	0.00e+00	2.31e-34	2.32e-25	5.65e-17	3.82e-09	8.12e-01	1.88e-01	1.06e-04	0.00e+00	0.00e+00	0.00e+00
 9.85685e+11	0.00e+00	3.91e-44	3.17e-34	2.94e-25	6.66e-17	4.17e-09	8.24e-01	1.76e-01	9.23e-05	0.00e+00	0.00e+00	0.00e+00
 1.04841e+12	0.00e+00	0.00e+00	4.28e-34	3.70e-25	7.78e-17	4.54e-09	8.34e-01	1.66e-01	8.08e-05	0.00e+00	0.00e+00	0.00e+00
 1.10270e+12	0.00e+00	7.74e-44	5.49e-34	4.47e-25	8.87e-17	4.87e-09	8.42e-01	1.58e-01	7.23e-05	0.00e+00	0.00e+00	0.00e+00
 1.16151e+12	0.00e+00	0.00e+00	7.15e-34	5.47e-25	1.02e-16	5.24e-09	8.50e-01	1.49e-01	6.43e-05	0.00e+00	0.00e+00	0.00e+00
 1.23360e+12	0.00e+00	1.58e-43	9.77e-34	6.93e-25	1.20e-16	5.71e-09	8.60e-01	1.40e-01	5.59e-05	0.00e+00	0.00e+00	0.00e+00
 1.30641e+12	0.00e+00	0.00e+00	1.32e-33	8.72e-25	1.40e-16	6.21e-09	8.69e-01	1.31e-01	4.87e-05	0.00e+00	0.00e+00	0.00e+00
 1.37098e+12	0.00e+00	3.19e-43	1.71e-33	1.06e-24	1.60e-16	6.67e-09	8.76e-01	1.24e-01	4.33e-05	0.00e+00	0.00e+00	0.00e+00
 1.44138e+12	0.00e+00	0.00e+00	2.26e-33	1.31e-24	1.84e-16	7.18e-09	8.83e-01	1.17e-01	3.82e-05	0.00e+00	0.00e+00	0.00e+00
 1.52575e+12	0.00e+00	6.66e-43	3.10e-33	1.66e-24	2.17e-16	7.83e-09	8.91e-01	1.09e-01	3.30e-05	0.00e+00	0.00e+00	0.00e+00
 1.60988e+12	0.00e+00	0.00e+00	4.20e-33	2.09e-24	2.54e-16	8.50e-09	8.98e-01	1.02e-01	2.87e-05	0.00e+00	0.00e+00	0.00e+00
 1.68626e+12	0.00e+00	1.36e-42	5.49e-33	2.56e-24	2.91e-16	9.13e-09	9.04e-01	9.65e-02	2.53e-05	0.00e+00	0.00e+00	0.00e+00
 1.77099e+12	0.00e+00	0.00e+00	7.31e-33	3.19e-24	3.37e-16	9.86e-09	9.09e-01	9.05e-02	2.21e-05	0.00e+00	0.00e+00	0.00e+00
 1.87022e+12	0.00e+00	2.91e-42	1.01e-32	4.07e-24	3.98e-16	1.08e-08	9.16e-01	8.41e-02	1.90e-05	0.00e+00	0.00e+00	0.00e+00
 1.96836e+12	0.00e+00	0.00e+00	1.38e-32	5.15e-24	4.66e-16	1.17e-08	9.22e-01	7.84e-02	1.64e-05	0.00e+00	0.00e+00	0.00e+00
 2.05597e+12	0.00e+00	5.96e-42	1.80e-32	6.29e-24	5.34e-16	1.25e-08	9.26e-01	7.38e-02	1.45e-05	0.00e+00	0.00e+00	0.00e+00
 2.14983e+12	0.00e+00	0.00e+00	2.38e-32	7.77e-24	6.16e-16	1.35e-08	9.31e-01	6.92e-02	1.27e-05	0.00e+00	0.00e+00	0.00e+00
 2.26190e+12	0.00e+00	1.26e-41	3.27e-32	9.89e-24	7.25e-16	1.47e-08	9.36e-01	6.43e-02	1.09e-05	0.00e+00	0.00e+00	0.00e+00
 2.37324e+12	0.00e+00	0.00e+00	4.45e-32	1.25e-23	8.48e-16	1.59e-08	9.40e-01	5.99e-02	9.39e-06	0.00e+00	0.00e+00	0.00e+00
 2.47468e+12	0.00e+00	2.58e-41	5.81e-32	1.53e-23	9.72e-16	1.71e-08	9.44e-01	5.62e-02	8.25e-06	0.00e+00	0.00e+00	0.00e+00
 2.56542e+12	0.00e+00	0.00e+00	7.37e-32	1.83e-23	1.10e-15	1.82e-08	9.47e-01	5.32e-02	7.36e-06	0.00e+00	0.00e+00	0.00e+00
 2.64845e+12	0.00e+00	4.51e-41	9.08e-32	2.14e-23	1.22e-15	1.92e-08	9.49e-01	5.06e-02	6.65e-06	0.00e+00	0.00e+00	0.00e+00
 2.74366e+12	0.00e+00	0.00e+00	1.15e-31	2.56e-23	1.38e-15	2.04e-08	9.52e-01	4.79e-02	5.93e-06	0.00e+00	0.00e+00	0.00e+00
 2.86745e+12	0.00e+00	8.79e-41	1.55e-31	3.21e-23	1.60e-15	2.20e-08	9.55e-01	4.46e-02	5.13e-06	0.00e+00	0.00e+00	0.00e+00
 2.99504e+12	0.00e+00	0.00e+00	2.09e-31	4.02e-23	1.86e-15	2.38e-08	9.58e-01	4.15e-02	4.44e-06	0.00e+00	0.00e+00	0.00e+00
 3.10090e+12	0.00e+00	1.72e-40	2.65e-31	4.82e-23	2.11e-15	2.53e-08	9.61e-01	3.92e-02	3.95e-06	0.00e+00	0.00e+00	0.00e+00
 3.21184e+12	0.00e+00	0.00e+00	3.40e-31	5.81e-23	2.39e-15	2.70e-08	9.63e-01	3.70e-02	3.50e-06	0.00e+00	0.00e+00	0.00e+00
 3.35500e+12	0.00e+00	3.45e-40	4.63e-31	7.33e-23	2.80e-15	2.93e-08	9.66e-01	3.43e-02	3.00e-06	0.00e+00	0.00e+00	0.00e+00
 3.50566e+12	0.00e+00	0.00e+00	6.34e-31	9.31e-23	3.28e-15	3.18e-08	9.68e-01	3.18e-02	2.57e-06	0.00e+00	0.00e+00	0.00e+00
 3.63708e+12	0.00e+00	7.17e-40	8.30e-31	1.14e-22	3.77e-15	3.41e-08	9.70e-01	2.97e-02	2.25e-06	0.00e+00	0.00e+00	0.00e+00
 3.77784e+12	0.00e+00	0.00e+00	1.10e-30	1.41e-22	4.34e-15	3.66e-08	9.72e-01	2.78e-02	1.96e-06	0.00e+00	0.00e+00	0.00e+00
 3.94951e+12	0.00e+00	1.54e-39	1.53e-30	1.82e-22	5.15e-15	3.99e-08	9.74e-01	2.56e-02	1.66e-06	0.00e+00	0.00e+00	0.00e+00
 4.12500e+12	0.00e+00	0.00e+00	2.13e-30	2.33e-22	6.10e-15	4.35e-08	9.76e-01	2.36e-02	1.41e-06	0.00e+00	0.00e+00	0.00e+00
 4.27193e+12	0.00e+00	3.27e-39	2.79e-30	2.87e-22	7.01e-15	4.67e-08	9.78e-01	2.21e-02	1.23e-06	0.00e+00	0.00e+00	0.00e+00
 4.39667e+12	0.00e+00	0.00e+00	3.51e-30	3.41e-22	7.88e-15	4.96e-08	9.79e-01	2.08e-02	1.10e-06	0.00e+00	0.00e+00	0.00e+00
 4.53739e+12	0.00e+00	5.91e-39	4.49e-30	4.11e-22	8.95e-15	5.29e-08	9.80e-01	1.96e-02	9.66e-07	0.00e+00	0.00e+00	0.00e+00
 4.72033e+12	0.00e+00	0.00e+00	6.17e-30	5.24e-22	1.05e-14	5.75e-08	9.82e-01	1.81e-02	0.00e+00	0.00e+00	0.00e+00	0.00e+00
 4.90948e+12	0.00e+00	1.31e-38	8.51e-30	6.69e-22	1.24e-14	6.25e-08	9.83e-01	1.67e-02	0.00e+00	0.00e+00	0.00e+00	0.00e+00
 5.06638e+12	0.00e+00	0.00e+00	1.10e-29	8.17e-22	1.42e-14	6.70e-08	9.84e-01	1.56e-02	0.00e+00	0.00e+00	0.00e+00	0.00e+00
 5.23003e+12	0.00e+00	2.53e-38	1.44e-29	1.00e-21	1.64e-14	7.19e-08	9.85e-01	1.46e-02	0.00e+00	0.00e+00	0.00e+00	0.00e+00
 5.44277e+12	0.00e+00	0.00e+00	2.02e-29	1.30e-21	1.95e-14	7.87e-08	9.87e-01	1.34e-02	0.00e+00	0.00e+00	0.00e+00	0.00e+00
 5.66131e+12	0.00e+00	5.90e-38	2.84e-29	1.68e-21	2.33e-14	8.62e-08	9.88e-01	1.22e-02	0.00e+00	0.00e+00	0.00e+00	0.00e+00
 5.84126e+12	0.00e+00	0.00e+00	3.72e-29	2.08e-21	2.70e-14	9.28e-08	9.89e-01	1.14e-02	0.00e+00	0.00e+00	0.00e+00	0.00e+00
 6.02909e+12	0.00e+00	1.17e-37	4.91e-29	2.57e-21	3.12e-14	1.00e-07	9.89e-01	1.06e-02	0.00e+00	0.00e+00	0.00e+00	0.00e+00
 6.24055e+12	0.00e+00	0.00e+00	6.66e-29	3.25e-21	3.67e-14	1.09e-07	9.90e-01	9.75e-03	0.00e+00	0.00e+00	0.00e+00	0.00e+00
 6.44072e+12	0.00e+00	2.42e-37	8.82e-29	4.04e-21	4.27e-14	1.18e-07	9.91e-01	9.04e-03	0.00e+00	0.00e+00	0.00e+00	0.00e+00
 6.63015e+12	0.00e+00	0.00e+00	1.14e-28	4.93e-21	4.90e-14	1.26e-07	9.92e-01	8.43e-03	0.00e+00	0.00e+00	0.00e+00	0.00e+00
 6.83905e+12	0.00e+00	4.69e-37	1.50e-28	6.11e-21	5.69e-14	1.36e-07	9.92e-01	7.81e-03	0.00e+00	0.00e+00	0.00e+00	0.00e+00
 7.07931e+12	0.00e+00	0.00e+00	2.04e-28	7.76e-21	6.73e-14	1.49e-07	9.93e-01	7.18e-03	0.00e+00	0.00e+00	0.00e+00	0.00e+00
 7.32199e+12	0.00e+00	9.93e-37	2.76e-28	9.79e-21	7.93e-14	1.62e-07	9.93e-01	6.61e-03	0.00e+00	0.00e+00	0.00e+00	0.00e+00
 7.55158e+12	0.00e+00	0.00e+00	3.62e-28	1.21e-20	9.21e-14	1.75e-07	9.94e-01	6.12e-03	0.00e+00	0.00e+00	0.00e+00	0.00e+00
 7.78531e+12	0.00e+00	1.93e-36	4.73e-28	1.49e-20	1.07e-13	1.89e-07	9.94e-01	5.67e-03	0.00e+00	0.00e+00	0.00e+00	0.00e+00
 8.03794e+12	2.50e-45	2.72e-36	6.25e-28	1.86e-20	1.24e-13	2.05e-07	9.95e-01	5.24e-03	0.00e+00	0.00e+00	0.00e+00	0.00e+00
 8.30780e+12	0.00e+00	0.00e+00	8.32e-28	2.32e-20	1.46e-13	2.23e-07	9.95e-01	4.83e-03	0.00e+00	0.00e+00	0.00e+00	0.00e+00
 8.56286e+12	0.00e+00	5.32e-36	1.08e-27	2.84e-20	1.69e-13	2.40e-07	9.96e-01	4.48e-03	0.00e+00	0.00e+00	0.00e+00	0.00e+00
 8.79122e+12	7.80e-45	7.01e-36	1.35e-27	3.39e-20	1.91e-13	2.57e-07	9.96e-01	4.20e-03	0.00e+00	0.00e+00	0.00e+00	0.00e+00
 9.04751e+12	0.00e+00	0.00e+00	1.72e-27	4.10e-20	2.19e-13	2.76e-07	9.96e-01	3.92e-03	0.00e+00	0.00e+00	0.00e+00	0.00e+00
 9.37546e+12	0.00e+00	1.36e-35	2.32e-27	5.18e-20	2.58e-13	3.01e-07	9.96e-01	3.59e-03	0.00e+00	0.00e+00	0.00e+00	0.00e+00
 9.70649e+12	2.65e-44	1.94e-35	3.09e-27	6.50e-20	3.04e-13	3.28e-07	9.97e-01	3.30e-03	0.00e+00	0.00e+00	0.00e+00	0.00e+00
 9.97822e+12	0.00e+00	0.00e+00	3.89e-27	7.77e-20	3.45e-13	3.51e-07	9.97e-01	3.09e-03	0.00e+00	0.00e+00	0.00e+00	0.00e+00
 1.02629e+13	0.00e+00	3.40e-35	4.89e-27	9.30e-20	3.93e-13	3.76e-07	9.97e-01	2.89e-03	0.00e+00	0.00e+00	0.00e+00	0.00e+00
 1.06331e+13	7.92e-44	4.84e-35	6.53e-27	1.17e-19	4.62e-13	4.09e-07	9.97e-01	2.66e-03	0.00e+00	0.00e+00	0.00e+00	0.00e+00
 1.10182e+13	0.00e+00	6.87e-35	8.71e-27	1.46e-19	5.42e-13	4.45e-07	9.98e-01	2.44e-03	0.00e+00	0.00e+00	0.00e+00	0.00e+00
 1.13423e+13	1.70e-43	9.14e-35	1.10e-26	1.75e-19	6.18e-13	4.77e-07	9.98e-01	2.28e-03	0.00e+00	0.00e+00	0.00e+00	0.00e+00
 1.16834e+13	0.00e+00	1.22e-34	1.39e-26	2.11e-19	7.05e-13	5.12e-07	9.98e-01	2.13e-03	0.00e+00	0.00e+00	0.00e+00	0.00e+00
 1.21268e+13	3.70e-43	1.75e-34	1.87e-26	2.66e-19	8.32e-13	5.58e-07	9.98e-01	1.95e-03	0.00e+00	0.00e+00	0.00e+00	0.00e+00
 1.25851e+13	0.00e+00	2.51e-34	2.51e-26	3.35e-19	9.80e-13	6.09e-07	9.98e-01	1.79e-03	0.00e+00	0.00e+00	0.00e+00	0.00e+00
 1.29674e+13	8.01e-43	3.35e-34	3.18e-26	4.04e-19	1.12e-12	6.53e-07	9.98e-01	1.67e-03	0.00e+00	0.00e+00	0.00e+00	0.00e+00
 1.33690e+13	0.00e+00	4.49e-34	4.05e-26	4.87e-19	1.28e-12	7.00e-07	9.98e-01	1.56e-03	0.00e+00	0.00e+00	0.00e+00	0.00e+00
 1.38829e+13	1.75e-42	6.44e-34	5.44e-26	6.13e-19	1.51e-12	7.64e-07	9.99e-01	1.43e-03	0.00e+00	0.00e+00	0.00e+00	0.00e+00
 1.44167e+13	0.00e+00	9.23e-34	7.30e-26	7.73e-19	1.77e-12	8.33e-07	9.99e-01	1.32e-03	0.00e+00	0.00e+00	0.00e+00	0.00e+00
 1.48717e+13	3.82e-42	1.24e-33	9.31e-26	9.34e-19	2.03e-12	8.94e-07	9.99e-01	1.23e-03	0.00e+00	0.00e+00	0.00e+00	0.00e+00
 1.53504e+13	0.00e+00	1.68e-33	1.19e-25	1.13e-18	2.33e-12	9.61e-07	9.99e-01	1.14e-03	0.00e+00	0.00e+00	0.00e+00	0.00e+00
 1.59483e+13	8.42e-42	2.40e-33	1.60e-25	1.43e-18	2.74e-12	1.05e-06	9.99e-01	1.05e-03	0.00e+00	0.00e+00	0.00e+00	0.00e+00
 1.65605e+13	0.00e+00	3.43e-33	2.14e-25	1.79e-18	3.23e-12	1.14e-06	9.99e-01	9.61e-04	0.00e+00	0.00e+00	0.00e+00	0.00e+00
 1.70481e+13	1.78e-41	4.51e-33	2.68e-25	2.14e-18	3.65e-12	1.22e-06	9.99e-01	9.00e-04	0.00e+00	0.00e+00	0.00e+00	0.00e+00
 1.74246e+13	0.00e+00	5.54e-33	3.18e-25	2.44e-18	4.01e-12	1.28e-06	9.99e-01	8.57e-04	0.00e+00	0.00e+00	0.00e+00	0.00e+00
 1.78242e+13	2.93e-41	6.85e-33	3.78e-25	2.80e-18	4.42e-12	1.35e-06	9.99e-01	8.14e-04	0.00e+00	0.00e+00	0.00e+00	0.00e+00
 1.83436e+13	0.00e+00	8.97e-33	4.72e-25	3.33e-18	5.00e-12	1.44e-06	9.99e-01	7.63e-04	0.00e+00	0.00e+00	0.00e+00	0.00e+00
 1.89024e+13	5.63e-41	1.19e-32	5.95e-25	3.99e-18	5.69e-12	1.54e-06	9.99e-01	7.13e-04	0.00e+00	0.00e+00	0.00e+00	0.00e+00
 1.93978e+13	0.00e+00	1.51e-32	7.25e-25	4.66e-18	6.36e-12	1.64e-06	9.99e-01	6.72e-04	0.00e+00	0.00e+00	0.00e+00	0.00e+00
 1.99270e+13	1.01e-40	1.94e-32	8.91e-25	5.48e-18	7.13e-12	1.74e-06	9.99e-01	6.33e-04	0.00e+00	0.00e+00	0.00e+00	0.00e+00
 2.06150e+13	0.00e+00	2.66e-32	1.16e-24	6.73e-18	8.25e-12	1.88e-06	9.99e-01	5.86e-04	0.00e+00	0.00e+00	0.00e+00	0.00e+00
 2.13135e+13	2.11e-40	3.61e-32	1.49e-24	8.22e-18	9.53e-12	2.03e-06	9.99e-01	5.42e-04	0.00e+00	0.00e+00	0.00e+00	0.00e+00
 2.18787e+13	0.00e+00	4.60e-32	1.82e-24	9.62e-18	1.07e-11	2.16e-06	9.99e-01	5.11e-04	0.00e+00	0.00e+00	0.00e+00	0.00e+00
 2.24663e+13	3.75e-40	5.86e-32	2.22e-24	1.13e-17	1.19e-11	2.30e-06	1.00e+00	4.81e-04	0.00e+00	0.00e+00	0.00e+00	0.00e+00
 2.32302e+13	0.00e+00	7.95e-32	2.87e-24	1.38e-17	1.38e-11	2.48e-06	1.00e+00	4.45e-04	0.00e+00	0.00e+00	0.00e+00	0.00e+00
 2.40396e+13	7.76e-40	1.08e-31	3.71e-24	1.69e-17	1.60e-11	2.69e-06	1.00e+00	4.11e-04	0.00e+00	0.00e+00	0.00e+00	0.00e+00
 2.47450e+13	0.00e+00	1.41e-31	4.61e-24	2.01e-17	1.81e-11	2.88e-06	1.00e+00	3.84e-04	0.00e+00	0.00e+00	0.00e+00	0.00e+00
 2.54988e+13	1.45e-39	1.84e-31	5.77e-24	2.41e-17	2.06e-11	3.09e-06	1.00e+00	3.58e-04	0.00e+00	0.00e+00	0.00e+00	0.00e+00
 2.64583e+13	0.00e+00	2.56e-31	7.60e-24	3.01e-17	2.42e-11	3.37e-06	1.00e+00	3.28e-04	0.00e+00	0.00e+00	0.00e+00	0.00e+00
 2.74510e+13	3.13e-39	3.54e-31	9.99e-24	3.75e-17	2.84e-11	3.69e-06	1.00e+00	3.01e-04	0.00e+00	0.00e+00	0.00e+00	0.00e+00
 2.83165e+13	0.00e+00	4.64e-31	1.26e-23	4.51e-17	3.25e-11	3.97e-06	1.00e+00	2.80e-04	0.00e+00	0.00e+00	0.00e+00	0.00e+00
 2.92509e+13	5.98e-39	6.16e-31	1.59e-23	5.47e-17	3.74e-11	4.29e-06	1.00e+00	2.59e-04	0.00e+00	0.00e+00	0.00e+00	0.00e+00
 3.02910e+13	0.00e+00	8.31e-31	2.06e-23	6.73e-17	4.35e-11	4.67e-06	1.00e+00	2.38e-04	0.00e+00	0.00e+00	0.00e+00	0.00e+00
 3.11434e+13	1.12e-38	1.05e-30	2.51e-23	7.93e-17	4.90e-11	5.00e-06	1.00e+00	2.23e-04	0.00e+00	0.00e+00	0.00e+00	0.00e+00
 3.17811e+13	0.00e+00	1.25e-30	2.91e-23	8.94e-17	5.35e-11	5.25e-06	1.00e+00	2.12e-04	0.00e+00	0.00e+00	0.00e+00	0.00e+00
 3.24649e+13	1.69e-38	1.50e-30	3.40e-23	1.01e-16	5.86e-11	5.52e-06	1.00e+00	2.02e-04	0.00e+00	0.00e+00	0.00e+00	0.00e+00
 3.33539e+13	0.00e+00	1.88e-30	4.13e-23	1.19e-16	6.58e-11	5.89e-06	1.00e+00	1.89e-04	0.00e+00	0.00e+00	0.00e+00	0.00e+00
 3.43299e+13	2.91e-38	2.40e-30	5.07e-23	1.41e-16	7.44e-11	6.32e-06	1.00e+00	1.76e-04	0.00e+00	0.00e+00	0.00e+00	0.00e+00
 3.52235e+13	0.00e+00	2.97e-30	6.10e-23	1.64e-16	8.30e-11	6.72e-06	1.00e+00	1.66e-04	0.00e+00	0.00e+00	0.00e+00	0.00e+00
 3.61901e+13	4.88e-38	3.74e-30	7.41e-23	1.92e-16	9.30e-11	7.17e-06	1.00e+00	1.56e-04	0.00e+00	0.00e+00	0.00e+00	0.00e+00
 3.74465e+13	0.00e+00	4.98e-30	9.46e-23	2.34e-16	1.07e-10	7.77e-06	1.00e+00	1.44e-04	0.00e+00	0.00e+00	0.00e+00	0.00e+00
 3.87213e+13	9.41e-38	6.59e-30	1.20e-22	2.85e-16	1.24e-10	8.42e-06	1.00e+00	1.33e-04	0.00e+00	0.00e+00	0.00e+00	0.00e+00
 3.97548e+13	0.00e+00	8.24e-30	1.45e-22	3.32e-16	1.38e-10	8.95e-06	1.00e+00	1.25e-04	0.00e+00	0.00e+00	0.00e+00	0.00e+00
 4.08331e+13	1.60e-37	1.04e-29	1.77e-22	3.89e-16	1.54e-10	9.51e-06	1.00e+00	1.18e-04	0.00e+00	0.00e+00	0.00e+00	0.00e+00
 4.22349e+13	0.00e+00	1.38e-29	2.26e-22	4.74e-16	1.77e-10	1.03e-05	1.00e+00	1.09e-04	0.00e+00	0.00e+00	0.00e+00	0.00e+00
 4.37448e+13	3.18e-37	1.87e-29	2.91e-22	5.82e-16	2.05e-10	1.11e-05	1.00e+00	1.01e-04	0.00e+00	0.00e+00	0.00e+00	0.00e+00
 4.51088e+13	0.00e+00	2.45e-29	3.65e-22	6.96e-16	2.32e-10	1.19e-05	1.00e+00	9.39e-05	0.00e+00	0.00e+00	0.00e+00	0.00e+00
 4.65958e+13	6.11e-37	3.27e-29	4.65e-22	8.42e-16	2.65e-10	1.28e-05	1.00e+00	8.75e-05	0.00e+00	0.00e+00	0.00e+00	0.00e+00
 4.84000e+13	0.00e+00	4.57e-29	6.14e-22	1.05e-15	3.09e-10	1.39e-05	1.00e+00	8.04e-05	0.00e+00	0.00e+00	0.00e+00	0.00e+00
 5.02495e+13	1.35e-36	6.43e-29	8.15e-22	1.31e-15	3.59e-10	1.51e-05	1.00e+00	7.42e-05	0.00e+00	0.00e+00	0.00e+00	0.00e+00
 5.19469e+13	0.00e+00	8.67e-29	1.04e-21	1.59e-15	4.11e-10	1.62e-05	1.00e+00	6.91e-05	0.00e+00	0.00e+00	0.00e+00	0.00e+00
 5.34360e+13	2.59e-36	1.12e-28	1.29e-21	1.88e-15	4.61e-10	1.73e-05	1.00e+00	6.50e-05	0.00e+00	0.00e+00	0.00e+00	0.00e+00
 5.49946e+13	0.00e+00	1.46e-28	1.61e-21	2.23e-15	5.17e-10	1.83e-05	1.00e+00	6.12e-05	0.00e+00	0.00e+00	0.00e+00	0.00e+00
 5.70080e+13	5.29e-36	2.05e-28	2.12e-21	2.75e-15	5.97e-10	1.98e-05	1.00e+00	5.68e-05	0.00e+00	0.00e+00	0.00e+00	0.00e+00
 5.90239e+13	0.00e+00	2.84e-28	2.76e-21	3.38e-15	6.86e-10	2.13e-05	1.00e+00	5.28e-05	0.00e+00	0.00e+00	0.00e+00	0.00e+00
 6.06389e+13	1.05e-35	3.65e-28	3.40e-21	3.96e-15	7.64e-10	2.25e-05	1.00e+00	4.99e-05	0.00e+00	0.00e+00	0.00e+00	0.00e+00
 6.23216e+13	0.00e+00	4.74e-28	4.20e-21	4.66e-15	8.52e-10	2.38e-05	1.00e+00	4.72e-05	0.00e+00	0.00e+00	0.00e+00	0.00e+00
 6.45090e+13	2.12e-35	6.60e-28	5.49e-21	5.71e-15	9.77e-10	2.55e-05	1.00e+00	4.40e-05	0.00e+00	0.00e+00	0.00e+00	0.00e+00
 6.68647e+13	0.00e+00	9.33e-28	7.27e-21	7.06e-15	1.13e-09	2.74e-05	1.00e+00	4.09e-05	0.00e+00	0.00e+00	0.00e+00	0.00e+00
 6.89782e+13	4.58e-35	1.26e-27	9.26e-21	8.49e-15	1.28e-09	2.92e-05	1.00e+00	3.84e-05	0.00e+00	0.00e+00	0.00e+00	0.00e+00
 7.12646e+13	6.67e-35	1.72e-27	1.20e-20	1.03e-14	1.45e-09	3.12e-05	1.00e+00	3.60e-05	0.00e+00	0.00e+00	0.00e+00	0.00e+00
 7.40230e+13	1.04e-34	2.49e-27	1.61e-20	1.29e-14	1.69e-09	3.37e-05	1.00e+00	3.33e-05	0.00e+00	0.00e+00	0.00e+00	0.00e+00
 7.67690e+13	1.59e-34	3.56e-27	2.14e-20	1.60e-14	1.95e-09	3.62e-05	1.00e+00	3.10e-05	0.00e+00	0.00e+00	0.00e+00	0.00e+00
 7.92274e+13	2.29e-34	4.83e-27	2.75e-20	1.93e-14	2.21e-09	3.86e-05	1.00e+00	2.91e-05	0.00e+00	0.00e+00	0.00e+00	0.00e+00
 8.19382e+13	3.39e-34	6.72e-27	3.58e-20	2.36e-14	2.53e-09	4.13e-05	1.00e+00	2.72e-05	0.00e+00	0.00e+00	0.00e+00	0.00e+00
 8.51547e+13	5.33e-34	9.80e-27	4.85e-20	2.96e-14	2.94e-09	4.46e-05	1.00e+00	2.52e-05	0.00e+00	0.00e+00	0.00e+00	0.00e+00
 8.83446e+13	8.19e-34	1.40e-26	6.49e-20	3.69e-14	3.41e-09	4.80e-05	1.00e+00	2.34e-05	0.00e+00	0.00e+00	0.00e+00	0.00e+00
 9.12483e+13	1.18e-33	1.92e-26	8.36e-20	4.47e-14	3.87e-09	5.12e-05	1.00e+00	2.19e-05	0.00e+00	0.00e+00	0.00e+00	0.00e+00
 9.39863e+13	1.68e-33	2.56e-26	1.06e-19	5.32e-14	4.36e-09	5.43e-05	1.00e+00	2.07e-05	0.00e+00	0.00e+00	0.00e+00	0.00e+00
 9.70678e+13	2.45e-33	3.52e-26	1.36e-19	6.45e-14	4.95e-09	5.79e-05	1.00e+00	1.94e-05	0.00e+00	0.00e+00	0.00e+00	0.00e+00
 1.00519e+14	3.64e-33	4.91e-26	1.79e-19	7.94e-14	5.69e-09	6.22e-05	1.00e+00	1.80e-05	0.00e+00	0.00e+00	0.00e+00	0.00e+00
 1.03606e+14	5.22e-33	6.63e-26	2.28e-19	9.50e-14	6.42e-09	6.61e-05	1.00e+00	1.70e-05	0.00e+00	0.00e+00	0.00e+00	0.00e+00
 1.06181e+14	6.86e-33	8.36e-26	2.76e-19	1.10e-13	7.08e-09	6.95e-05	1.00e+00	1.62e-05	0.00e+00	0.00e+00	0.00e+00	0.00e+00
 1.08935e+14	9.18e-33	1.07e-25	3.37e-19	1.28e-13	7.84e-09	7.32e-05	1.00e+00	1.53e-05	0.00e+00	0.00e+00	0.00e+00	0.00e+00
 1.12515e+14	1.33e-32	1.46e-25	4.34e-19	1.55e-13	8.92e-09	7.82e-05	1.00e+00	1.44e-05	0.00e+00	0.00e+00	0.00e+00	0.00e+00
 1.16201e+14	1.93e-32	2.00e-25	5.59e-19	1.88e-13	1.01e-08	8.34e-05	1.00e+00	1.34e-05	0.00e+00	0.00e+00	0.00e+00	0.00e+00
 1.19255e+14	2.61e-32	2.57e-25	6.85e-19	2.19e-13	1.12e-08	8.80e-05	1.00e+00	1.28e-05	0.00e+00	0.00e+00	0.00e+00	0.00e+00
 1.22457e+14	3.50e-32	3.29e-25	8.42e-19	2.56e-13	1.25e-08	9.29e-05	1.00e+00	1.21e-05	0.00e+00	0.00e+00	0.00e+00	0.00e+00
 1.26620e+14	5.16e-32	4.56e-25	1.09e-18	3.13e-13	1.43e-08	9.94e-05	1.00e+00	1.13e-05	0.00e+00	0.00e+00	0.00e+00	0.00e+00
 1.30943e+14	7.42e-32	6.21e-25	1.42e-18	3.82e-13	1.63e-08	1.07e-04	1.00e+00	1.05e-05	0.00e+00	0.00e+00	0.00e+00	0.00e+00
 1.34540e+14	1.01e-31	8.06e-25	1.75e-18	4.49e-13	1.82e-08	1.13e-04	1.00e+00	9.95e-06	0.00e+00	0.00e+00	0.00e+00	0.00e+00
 1.38284e+14	1.39e-31	1.05e-24	2.17e-18	5.28e-13	2.03e-08	1.19e-04	1.00e+00	9.41e-06	0.00e+00	0.00e+00	0.00e+00	0.00e+00
 1.43151e+14	2.00e-31	1.44e-24	2.83e-18	6.48e-13	2.34e-08	1.28e-04	1.00e+00	8.74e-06	0.00e+00	0.00e+00	0.00e+00	0.00e+00
 1.48219e+14	2.98e-31	2.01e-24	3.71e-18	7.97e-13	2.68e-08	1.38e-04	1.00e+00	8.14e-06	0.00e+00	0.00e+00	0.00e+00	0.00e+00
 1.52559e+14	4.12e-31	2.65e-24	4.65e-18	9.46e-13	3.01e-08	1.46e-04	1.00e+00	7.67e-06	0.00e+00	0.00e+00	0.00e+00	0.00e+00
 1.57215e+14	5.73e-31	3.50e-24	5.86e-18	1.13e-12	3.40e-08	1.56e-04	1.00e+00	7.20e-06	0.00e+00	0.00e+00	0.00e+00	0.00e+00
 1.63058e+14	8.44e-31	4.88e-24	7.75e-18	1.40e-12	3.94e-08	1.68e-04	1.00e+00	6.66e-06	0.00e+00	0.00e+00	0.00e+00	0.00e+00
 1.69065e+14	1.26e-30	6.87e-24	1.03e-17	1.74e-12	4.55e-08	1.81e-04	1.00e+00	6.18e-06	0.00e+00	0.00e+00	0.00e+00	0.00e+00
 1.74360e+14	1.78e-30	9.19e-24	1.30e-17	2.09e-12	5.15e-08	1.94e-04	1.00e+00	5.79e-06	0.00e+00	0.00e+00	0.00e+00	0.00e+00
 1.80111e+14	2.54e-30	1.24e-23	1.67e-17	2.53e-12	5.86e-08	2.07e-04	1.00e+00	5.41e-06	0.00e+00	0.00e+00	0.00e+00	0.00e+00
 1.87043e+14	3.75e-30	1.74e-23	2.23e-17	3.17e-12	6.82e-08	2.25e-04	1.00e+00	4.99e-06	0.00e+00	0.00e+00	0.00e+00	0.00e+00
 1.93910e+14	5.59e-30	2.45e-23	2.96e-17	3.93e-12	7.88e-08	2.42e-04	1.00e+00	4.63e-06	0.00e+00	0.00e+00	0.00e+00	0.00e+00
 2.00069e+14	7.93e-30	3.29e-23	3.77e-17	4.73e-12	8.93e-08	2.58e-04	1.00e+00	4.34e-06	0.00e+00	0.00e+00	0.00e+00	0.00e+00
 2.06909e+14	1.14e-29	4.49e-23	4.89e-17	5.77e-12	1.02e-07	2.77e-04	1.00e+00	4.05e-06	0.00e+00	0.00e+00	0.00e+00	0.00e+00
 2.15005e+14	1.70e-29	6.33e-23	6.56e-17	7.25e-12	1.19e-07	3.01e-04	1.00e+00	3.73e-06	0.00e+00	0.00e+00	0.00e+00	0.00e+00
 2.22224e+14	2.44e-29	8.62e-23	8.48e-17	8.82e-12	1.36e-07	3.22e-04	1.00e+00	3.48e-06	0.00e+00	0.00e+00	0.00e+00	0.00e+00
 2.27452e+14	3.13e-29	1.07e-22	1.01e-16	1.01e-11	1.49e-07	3.38e-04	1.00e+00	3.32e-06	0.00e+00	0.00e+00	0.00e+00	0.00e+00
 2.32602e+14	3.99e-29	1.31e-22	1.21e-16	1.16e-11	1.63e-07	3.54e-04	1.00e+00	3.16e-06	0.00e+00	0.00e+00	0.00e+00	0.00e+00
 2.39298e+14	5.51e-29	1.72e-22	1.51e-16	1.37e-11	1.83e-07	3.75e-04	1.00e+00	2.98e-06	0.00e+00	0.00e+00	0.00e+00	0.00e+00
 2.46564e+14	7.48e-29	2.25e-22	1.89e-16	1.64e-11	2.06e-07	4.00e-04	1.00e+00	2.80e-06	0.00e+00	0.00e+00	0.00e+00	0.00e+00
 2.53048e+14	9.99e-29	2.88e-22	2.32e-16	1.91e-11	2.29e-07	4.22e-04	1.00e+00	2.66e-06	0.00e+00	0.00e+00	0.00e+00	0.00e+00
 2.59953e+14	1.36e-28	3.72e-22	2.87e-16	2.24e-11	2.55e-07	4.45e-04	1.00e+00	2.51e-06	0.00e+00	0.00e+00	0.00e+00	0.00e+00
 2.68930e+14	1.93e-28	5.06e-22	3.73e-16	2.74e-11	2.91e-07	4.78e-04	1.00e+00	2.34e-06	0.00e+00	0.00e+00	0.00e+00	0.00e+00
 2.78017e+14	2.84e-28	6.99e-22	4.85e-16	3.34e-11	3.33e-07	5.11e-04	9.99e-01	2.19e-06	0.00e+00	0.00e+00	0.00e+00	0.00e+00
 2.85379e+14	3.76e-28	8.89e-22	5.94e-16	3.90e-11	3.69e-07	5.40e-04	9.99e-01	2.07e-06	0.00e+00	0.00e+00	0.00e+00	0.00e+00
 2.93081e+14	4.96e-28	1.13e-21	7.31e-16	4.57e-11	4.11e-07	5.70e-04	9.99e-01	1.96e-06	0.00e+00	0.00e+00	0.00e+00	0.00e+00
 3.03093e+14	7.33e-28	1.57e-21	9.53e-16	5.59e-11	4.70e-07	6.10e-04	9.99e-01	1.83e-06	0.00e+00	0.00e+00	0.00e+00	0.00e+00
 3.13705e+14	1.05e-27	2.15e-21	1.25e-15	6.86e-11	5.39e-07	6.55e-04	9.99e-01	1.71e-06	0.00e+00	0.00e+00	0.00e+00	0.00e+00
 3.22921e+14	1.46e-27	2.83e-21	1.57e-15	8.15e-11	6.04e-07	6.94e-04	9.99e-01	1.61e-06	0.00e+00	0.00e+00	0.00e+00	0.00e+00
 3.32728e+14	2.05e-27	3.79e-21	1.99e-15	9.74e-11	6.81e-07	7.37e-04	9.99e-01	1.51e-06	0.00e+00	0.00e+00	0.00e+00	0.00e+00
 3.45051e+14	3.08e-27	5.35e-21	2.65e-15	1.21e-10	7.87e-07	7.93e-04	9.99e-01	1.41e-06	0.00e+00	0.00e+00	0.00e+00	0.00e+00
 3.57838e+14	4.54e-27	7.48e-21	3.52e-15	1.50e-10	9.10e-07	8.54e-04	9.99e-01	1.31e-06	0.00e+00	0.00e+00	0.00e+00	0.00e+00
 3.69222e+14	6.48e-27	1.01e-20	4.52e-15	1.81e-10	1.03e-06	9.09e-04	9.99e-01	1.23e-06	0.00e+00	0.00e+00	0.00e+00	0.00e+00
 3.81589e+14	9.47e-27	1.39e-20	5.88e-15	2.21e-10	1.18e-06	9.71e-04	9.99e-01	1.15e-06	0.00e+00	0.00e+00	0.00e+00	0.00e+00
 3.96366e+14	1.45e-26	2.00e-20	7.95e-15	2.77e-10	1.37e-06	1.05e-03	9.99e-01	1.06e-06	0.00e+00	0.00e+00	0.00e+00	0.00e+00
 4.11156e+14	2.19e-26	2.84e-20	1.06e-14	3.44e-10	1.58e-06	1.13e-03	9.99e-01	9.87e-07	0.00e+00	0.00e+00	0.00e+00	0.00e+00
 4.24807e+14	3.15e-26	3.88e-20	1.38e-14	4.18e-10	1.80e-06	1.20e-03	9.99e-01	0.00e+00	0.00e+00	0.00e+00	0.00e+00	0.00e+00
 4.36538e+14	4.26e-26	5.02e-20	1.71e-14	4.92e-10	2.01e-06	1.27e-03	9.99e-01	0.00e+00	0.00e+00	0.00e+00	0.00e+00	0.00e+00
 4.46422e+14	5.41e-26	6.17e-20	2.04e-14	5.62e-10	2.19e-06	1.33e-03	9.99e-01	0.00e+00	0.00e+00	0.00e+00	0.00e+00	0.00e+00
 4.57463e+14	7.22e-26	7.86e-20	2.49e-14	6.51e-10	2.42e-06	1.39e-03	9.99e-01	0.00e+00	0.00e+00	0.00e+00	0.00e+00	0.00e+00
 4.71815e+14	1.00e-25	1.05e-19	3.17e-14	7.82e-10	2.73e-06	1.48e-03	9.99e-01	0.00e+00	0.00e+00	0.00e+00	0.00e+00	0.00e+00
 4.86784e+14	1.46e-25	1.43e-19	4.08e-14	9.43e-10	3.09e-06	1.57e-03	9.98e-01	0.00e+00	0.00e+00	0.00e+00	0.00e+00	0.00e+00
 4.99529e+14	1.92e-25	1.81e-19	5.00e-14	1.10e-09	3.43e-06	1.66e-03	9.98e-01	0.00e+00	0.00e+00	0.00e+00	0.00e+00	0.00e+00
 5.13073e+14	2.62e-25	2.35e-19	6.21e-14	1.29e-09	3.81e-06	1.75e-03	9.98e-01	0.00e+00	0.00e+00	0.00e+00	0.00e+00	0.00e+00
 5.30680e+14	3.75e-25	3.22e-19	8.10e-14	1.58e-09	4.36e-06	1.87e-03	9.98e-01	0.00e+00	0.00e+00	0.00e+00	0.00e+00	0.00e+00
 5.48744e+14	5.56e-25	4.48e-19	1.06e-13	1.93e-09	4.98e-06	2.00e-03	9.98e-01	0.00e+00	0.00e+00	0.00e+00	0.00e+00	0.00e+00
 5.63730e+14	7.42e-25	5.75e-19	1.31e-13	2.26e-09	5.54e-06	2.11e-03	9.98e-01	0.00e+00	0.00e+00	0.00e+00	0.00e+00	0.00e+00
 5.79535e+14	1.02e-24	7.51e-19	1.64e-13	2.67e-09	6.19e-06	2.23e-03	9.98e-01	0.00e+00	0.00e+00	0.00e+00	0.00e+00	0.00e+00
 6.00083e+14	1.48e-24	1.04e-18	2.15e-13	3.29e-09	7.11e-06	2.39e-03	9.98e-01	0.00e+00	0.00e+00	0.00e+00	0.00e+00	0.00e+00
 6.21543e+14	2.22e-24	1.46e-18	2.86e-13	4.06e-09	8.17e-06	2.56e-03	9.97e-01	0.00e+00	0.00e+00	0.00e+00	0.00e+00	0.00e+00
 6.40035e+14	3.03e-24	1.91e-18	3.60e-13	4.83e-09	9.19e-06	2.72e-03	9.97e-01	0.00e+00	0.00e+00	0.00e+00	0.00e+00	0.00e+00
 6.59920e+14	4.28e-24	2.57e-18	4.60e-13	5.80e-09	1.04e-05	2.89e-03	9.97e-01	0.00e+00	0.00e+00	0.00e+00	0.00e+00	0.00e+00
 6.84597e+14	6.35e-24	3.61e-18	6.14e-13	7.22e-09	1.20e-05	3.11e-03	9.97e-01	0.00e+00	0.00e+00	0.00e+00	0.00e+00	0.00e+00
 7.09602e+14	9.38e-24	5.05e-18	8.14e-13	8.95e-09	1.39e-05	3.35e-03	9.97e-01	0.00e+00	0.00e+00	0.00e+00	0.00e+00	0.00e+00
 7.31326e+14	1.31e-23	6.74e-18	1.04e-12	1.07e-08	1.56e-05	3.55e-03	9.96e-01	0.00e+00	0.00e+00	0.00e+00	0.00e+00	0.00e+00
 7.54685e+14	1.84e-23	9.01e-18	1.33e-12	1.29e-08	1.77e-05	3.79e-03	9.96e-01	0.00e+00	0.00e+00	0.00e+00	0.00e+00	0.00e+00
 7.83261e+14	2.76e-23	1.28e-17	1.78e-12	1.61e-08	2.05e-05	4.08e-03	9.96e-01	0.00e+00	0.00e+00	0.00e+00	0.00e+00	0.00e+00
 8.12016e+14	4.07e-23	1.79e-17	2.36e-12	2.00e-08	2.37e-05	4.39e-03	9.96e-01	0.00e+00	0.00e+00	0.00e+00	0.00e+00	0.00e+00
 8.37442e+14	5.64e-23	2.37e-17	3.01e-12	2.40e-08	2.68e-05	4.68e-03	9.95e-01	0.00e+00	0.00e+00	0.00e+00	0.00e+00	0.00e+00
 8.65143e+14	7.95e-23	3.19e-17	3.87e-12	2.92e-08	3.05e-05	5.00e-03	9.95e-01	0.00e+00	0.00e+00	0.00e+00	0.00e+00	0.00e+00
 8.98431e+14	1.19e-22	4.52e-17	5.21e-12	3.65e-08	3.55e-05	5.40e-03	9.95e-01	0.00e+00	0.00e+00	0.00e+00	0.00e+00	0.00e+00
 9.29505e+14	1.70e-22	6.17e-17	6.79e-12	4.48e-08	4.07e-05	5.81e-03	9.94e-01	0.00e+00	0.00e+00	0.00e+00	0.00e+00	0.00e+00
 9.54542e+14	2.26e-22	7.89e-17	8.36e-12	5.24e-08	4.53e-05	6.13e-03	9.94e-01	0.00e+00	0.00e+00	0.00e+00	0.00e+00	0.00e+00
 9.77124e+14	2.89e-22	9.76e-17	1.00e-11	6.03e-08	4.97e-05	6.43e-03	9.94e-01	0.00e+00	0.00e+00	0.00e+00	0.00e+00	0.00e+00
 1.00239e+15	3.77e-22	1.23e-16	1.22e-11	7.02e-08	5.50e-05	6.79e-03	9.93e-01	0.00e+00	0.00e+00	0.00e+00	0.00e+00	0.00e+00
 1.03095e+15	5.08e-22	1.59e-16	1.52e-11	8.30e-08	6.16e-05	7.20e-03	9.93e-01	0.00e+00	0.00e+00	0.00e+00	0.00e+00	0.00e+00
 1.05804e+15	6.63e-22	2.01e-16	1.86e-11	9.68e-08	6.83e-05	7.59e-03	9.92e-01	0.00e+00	0.00e+00	0.00e+00	0.00e+00	0.00e+00
 1.08752e+15	8.83e-22	2.58e-16	2.30e-11	1.14e-07	7.62e-05	8.05e-03	9.92e-01	0.00e+00	0.00e+00	0.00e+00	0.00e+00	0.00e+00
 1.12001e+15	1.20e-21	3.36e-16	2.89e-11	1.36e-07	8.57e-05	8.55e-03	9.91e-01	0.00e+00	0.00e+00	0.00e+00	0.00e+00	0.00e+00
 1.14988e+15	1.58e-21	4.27e-16	3.54e-11	1.59e-07	9.52e-05	9.05e-03	9.91e-01	0.00e+00	0.00e+00	0.00e+00	0.00e+00	0.00e+00
 1.18220e+15	2.11e-21	5.50e-16	4.39e-11	1.87e-07	1.06e-04	9.59e-03	9.90e-01	0.00e+00	0.00e+00	0.00e+00	0.00e+00	0.00e+00
 1.21845e+15	2.87e-21	7.20e-16	5.53e-11	2.24e-07	1.20e-04	1.02e-02	9.90e-01	0.00e+00	0.00e+00	0.00e+00	0.00e+00	0.00e+00
 1.25247e+15	3.82e-21	9.25e-16	6.85e-11	2.64e-07	1.34e-04	1.08e-02	9.89e-01	0.00e+00	0.00e+00	0.00e+00	0.00e+00	0.00e+00
 1.28934e+15	5.14e-21	1.20e-15	8.56e-11	3.14e-07	1.50e-04	1.15e-02	9.88e-01	0.00e+00	0.00e+00	0.00e+00	0.00e+00	0.00e+00
 1.33059e+15	7.04e-21	1.58e-15	1.09e-10	3.78e-07	1.70e-04	1.23e-02	9.88e-01	0.00e+00	0.00e+00	0.00e+00	0.00e+00	0.00e+00
 1.36951e+15	9.54e-21	2.06e-15	1.36e-10	4.49e-07	1.91e-04	1.31e-02	9.87e-01	0.00e+00	0.00e+00	0.00e+00	0.00e+00	0.00e+00
 1.41210e+15	1.31e-20	2.71e-15	1.72e-10	5.38e-07	2.16e-04	1.39e-02	9.86e-01	0.00e+00	0.00e+00	0.00e+00	0.00e+00	0.00e+00
 1.45988e+15	1.83e-20	3.65e-15	2.22e-10	6.55e-07	2.46e-04	1.50e-02	9.85e-01	0.00e+00	0.00e+00	0.00e+00	0.00e+00	0.00e+00
 1.50510e+15	2.51e-20	4.80e-15	2.81e-10	7.85e-07	2.78e-04	1.60e-02	9.84e-01	0.00e+00	0.00e+00	0.00e+00	0.00e+00	0.00e+00
 1.55456e+15	3.48e-20	6.40e-15	3.59e-10	9.51e-07	3.16e-04	1.71e-02	9.83e-01	0.00e+00	0.00e+00	0.00e+00	0.00e+00	0.00e+00
 1.61419e+15	5.11e-20	8.95e-15	4.79e-10	1.19e-06	3.67e-04	1.85e-02	9.81e-01	0.00e+00	0.00e+00	0.00e+00	0.00e+00	0.00e+00
 1.67297e+15	7.24e-20	1.22e-14	6.30e-10	1.47e-06	4.23e-04	2.00e-02	9.80e-01	0.00e+00	0.00e+00	0.00e+00	0.00e+00	0.00e+00
 1.72480e+15	9.86e-20	1.60e-14	7.95e-10	1.76e-06	4.77e-04	2.13e-02	9.78e-01	0.00e+00	0.00e+00	0.00e+00	0.00e+00	0.00e+00
 1.78161e+15	1.37e-19	2.14e-14	1.02e-09	2.13e-06	5.43e-04	2.29e-02	9.77e-01	0.00e+00	0.00e+00	0.00e+00	0.00e+00	0.00e+00
 1.83763e+15	1.87e-19	2.82e-14	1.29e-09	2.56e-06	6.13e-04	2.44e-02	9.75e-01	0.00e+00	0.00e+00	0.00e+00	0.00e+00	0.00e+00
 1.87974e+15	2.41e-19	3.49e-14	1.53e-09	2.93e-06	6.70e-04	2.56e-02	9.74e-01	0.00e+00	0.00e+00	0.00e+00	0.00e+00	0.00e+00
 1.92160e+15	3.00e-19	4.23e-14	1.81e-09	3.33e-06	7.31e-04	2.69e-02	9.72e-01	0.00e+00	0.00e+00	0.00e+00	0.00e+00	0.00e+00
 1.97601e+15	3.97e-19	5.42e-14	2.23e-09	3.93e-06	8.16e-04	2.85e-02	9.71e-01	0.00e+00	0.00e+00	0.00e+00	0.00e+00	0.00e+00
 2.03418e+15	5.27e-19	6.98e-14	2.79e-09	4.67e-06	9.15e-04	3.03e-02	9.69e-01	0.00e+00	0.00e+00	0.00e+00	0.00e+00	0.00e+00
 2.08486e+15	6.77e-19	8.70e-14	3.36e-09	5.40e-06	1.01e-03	3.20e-02	9.67e-01	0.00e+00	0.00e+00	0.00e+00	0.00e+00	0.00e+00
 2.13838e+15	8.57e-19	1.08e-13	4.07e-09	6.27e-06	1.11e-03	3.37e-02	9.65e-01	0.00e+00	0.00e+00	0.00e+00	0.00e+00	0.00e+00
 2.20795e+15	1.20e-18	1.44e-13	5.18e-09	7.58e-06	1.26e-03	3.62e-02	9.63e-01	0.00e+00	0.00e+00	0.00e+00	0.00e+00	0.00e+00
 2.27847e+15	1.60e-18	1.88e-13	6.58e-09	9.13e-06	1.43e-03	3.87e-02	9.60e-01	0.00e+00	0.00e+00	0.00e+00	0.00e+00	0.00e+00
 2.33520e+15	2.05e-18	2.34e-13	7.93e-09	1.06e-05	1.57e-03	4.08e-02	9.58e-01	0.00e+00	0.00e+00	0.00e+00	0.00e+00	0.00e+00
 2.39393e+15	2.61e-18	2.91e-13	9.56e-09	1.22e-05	1.73e-03	4.30e-02	9.55e-01	0.00e+00	0.00e+00	0.00e+00	0.00e+00	0.00e+00
 2.47028e+15	3.61e-18	3.86e-13	1.21e-08	1.47e-05	1.96e-03	4.60e-02	9.52e-01	0.00e+00	0.00e+00	0.00e+00	0.00e+00	0.00e+00
 2.55072e+15	4.93e-18	5.11e-13	1.54e-08	1.78e-05	2.22e-03	4.94e-02	9.48e-01	0.00e+00	0.00e+00	0.00e+00	0.00e+00	0.00e+00
 2.61965e+15	6.50e-18	6.51e-13	1.89e-08	2.08e-05	2.46e-03	5.22e-02	9.45e-01	0.00e+00	0.00e+00	0.00e+00	0.00e+00	0.00e+00
 2.69244e+15	8.43e-18	8.25e-13	2.32e-08	2.44e-05	2.74e-03	5.54e-02	9.42e-01	0.00e+00	0.00e+00	0.00e+00	0.00e+00	0.00e+00
 2.78706e+15	1.19e-17	1.12e-12	3.01e-08	2.99e-05	3.13e-03	5.97e-02	9.37e-01	0.00e+00	0.00e+00	0.00e+00	0.00e+00	0.00e+00
 2.88576e+15	1.67e-17	1.52e-12	3.92e-08	3.67e-05	3.58e-03	6.44e-02	9.32e-01	0.00e+00	0.00e+00	0.00e+00	0.00e+00	0.00e+00
 2.96961e+15	2.16e-17	1.94e-12	4.87e-08	4.34e-05	3.99e-03	6.83e-02	9.28e-01	0.00e+00	0.00e+00	0.00e+00	0.00e+00	0.00e+00
 3.05850e+15	3.01e-17	2.55e-12	6.08e-08	5.17e-05	4.47e-03	7.29e-02	9.23e-01	0.00e+00	0.00e+00	1.73e-17	9.02e-18	3.05e-18
 3.17093e+15	4.24e-17	3.49e-12	8.00e-08	6.39e-05	5.13e-03	7.87e-02	9.16e-01	0.00e+00	0.00e+00	2.44e-17	1.27e-17	4.28e-18
 3.28811e+15	6.16e-17	4.86e-12	1.05e-07	7.90e-05	5.90e-03	8.51e-02	9.09e-01	0.00e+00	0.00e+00	3.55e-17	1.85e-17	6.19e-18
 3.39071e+15	8.23e-17	6.35e-12	1.33e-07	9.46e-05	6.62e-03	9.07e-02	9.03e-01	0.00e+00	0.00e+00	4.74e-17	2.47e-17	8.25e-18
 3.47517e+15	1.06e-16	7.94e-12	1.60e-07	1.09e-04	7.27e-03	9.55e-02	8.97e-01	0.00e+00	0.00e+00	6.10e-17	3.17e-17	1.06e-17
 3.54863e+15	1.31e-16	9.60e-12	1.88e-07	1.23e-04	7.87e-03	9.98e-02	8.92e-01	0.00e+00	0.00e+00	7.53e-17	3.92e-17	1.30e-17
 3.63286e+15	1.62e-16	1.17e-11	2.25e-07	1.42e-04	8.59e-03	1.05e-01	8.87e-01	0.00e+00	0.00e+00	9.34e-17	4.86e-17	1.62e-17
 3.74236e+15	2.26e-16	1.57e-11	2.82e-07	1.69e-04	9.61e-03	1.12e-01	8.79e-01	0.00e+00	0.00e+00	1.30e-16	6.77e-17	2.24e-17
 3.85411e+15	3.04e-16	2.05e-11	3.54e-07	2.00e-04	1.07e-02	1.19e-01	8.71e-01	0.00e+00	0.00e+00	1.76e-16	9.13e-17	3.02e-17
 3.94433e+15	3.82e-16	2.52e-11	4.22e-07	2.29e-04	1.17e-02	1.24e-01	8.64e-01	0.00e+00	0.00e+00	2.20e-16	1.15e-16	3.78e-17
 4.03715e+15	4.75e-16	3.09e-11	5.05e-07	2.62e-04	1.28e-02	1.30e-01	8.57e-01	0.00e+00	0.00e+00	2.75e-16	1.43e-16	4.71e-17
 4.15782e+15	6.63e-16	4.12e-11	6.34e-07	3.11e-04	1.42e-02	1.38e-01	8.47e-01	0.00e+00	0.00e+00	3.83e-16	1.99e-16	6.55e-17
 4.28339e+15	8.92e-16	5.40e-11	7.98e-07	3.70e-04	1.59e-02	1.47e-01	8.37e-01	0.00e+00	0.00e+00	5.16e-16	2.68e-16	8.81e-17
 4.38892e+15	1.13e-15	6.72e-11	9.62e-07	4.25e-04	1.74e-02	1.53e-01	8.29e-01	0.00e+00	0.00e+00	6.56e-16	3.41e-16	1.12e-16
 4.49970e+15	1.49e-15	8.56e-11	1.17e-06	4.92e-04	1.90e-02	1.61e-01	8.19e-01	0.00e+00	0.00e+00	8.64e-16	4.49e-16	1.47e-16
 4.64373e+15	2.09e-15	1.15e-10	1.49e-06	5.90e-04	2.14e-02	1.71e-01	8.07e-01	0.00e+00	0.00e+00	1.21e-15	6.28e-16	2.05e-16
 4.79299e+15	2.96e-15	1.56e-10	1.90e-06	7.08e-04	2.40e-02	1.82e-01	7.93e-01	0.00e+00	0.00e+00	1.71e-15	8.90e-16	2.91e-16
 4.91793e+15	3.87e-15	1.98e-10	2.32e-06	8.20e-04	2.63e-02	1.91e-01	7.82e-01	0.00e+00	0.00e+00	2.24e-15	1.17e-15	3.81e-16
 5.04921e+15	5.22e-15	2.57e-10	2.85e-06	9.54e-04	2.89e-02	2.00e-01	7.70e-01	0.00e+00	0.00e+00	3.02e-15	1.57e-15	5.13e-16
 5.21988e+15	7.47e-15	3.52e-10	3.69e-06	1.15e-03	3.25e-02	2.12e-01	7.54e-01	0.00e+00	0.00e+00	4.32e-15	2.25e-15	7.33e-16
 5.39990e+15	1.07e-14	4.82e-10	4.80e-06	1.40e-03	3.66e-02	2.25e-01	7.37e-01	0.00e+00	0.00e+00	6.17e-15	3.21e-15	1.04e-15
 5.55644e+15	1.46e-14	6.34e-10	6.00e-06	1.64e-03	4.05e-02	2.37e-01	7.21e-01	0.00e+00	0.00e+00	8.45e-15	4.40e-15	1.43e-15
 5.72431e+15	1.98e-14	8.31e-10	7.54e-06	1.94e-03	4.48e-02	2.48e-01	7.05e-01	0.00e+00	0.00e+00	1.15e-14	5.97e-15	1.94e-15
 5.93559e+15	3.09e-14	1.20e-09	1.00e-05	2.38e-03	5.08e-02	2.63e-01	6.84e-01	0.00e+00	0.00e+00	1.79e-14	9.32e-15	3.03e-15
 6.12450e+15	4.33e-14	1.61e-09	1.27e-05	2.82e-03	5.65e-02	2.76e-01	6.65e-01	0.00e+00	0.00e+00	2.51e-14	1.31e-14	4.24e-15
 6.24758e+15	5.53e-14	1.98e-09	1.49e-05	3.15e-03	6.04e-02	2.85e-01	6.52e-01	0.00e+00	0.00e+00	3.20e-14	1.67e-14	5.42e-15
 6.36391e+15	6.84e-14	2.36e-09	1.71e-05	3.49e-03	6.42e-02	2.92e-01	6.40e-01	0.00e+00	0.00e+00	3.96e-14	2.06e-14	6.70e-15
 6.51514e+15	8.95e-14	2.96e-09	2.05e-05	3.97e-03	6.94e-02	3.02e-01	6.24e-01	0.00e+00	0.00e+00	5.19e-14	2.70e-14	8.77e-15
 6.71174e+15	1.25e-13	3.93e-09	2.58e-05	4.66e-03	7.65e-02	3.15e-01	6.04e-01	0.00e+00	0.00e+00	7.24e-14	3.77e-14	1.22e-14
 6.91114e+15	1.74e-13	5.20e-09	3.23e-05	5.46e-03	8.40e-02	3.27e-01	5.84e-01	0.00e+00	0.00e+00	1.01e-13	5.26e-14	1.71e-14
 7.06847e+15	2.27e-13	6.48e-09	3.83e-05	6.16e-03	9.03e-02	3.36e-01	5.68e-01	0.00e+00	0.00e+00	1.32e-13	6.87e-14	2.23e-14
 7.22727e+15	2.94e-13	8.02e-09	4.54e-05	6.93e-03	9.68e-02	3.45e-01	5.51e-01	0.00e+00	0.00e+00	1.71e-13	8.89e-14	2.88e-14
 7.43372e+15	3.89e-13	1.03e-08	5.60e-05	8.03e-03	1.05e-01	3.56e-01	5.31e-01	0.00e+00	0.00e+00	2.26e-13	1.18e-13	3.81e-14
 7.65273e+15	5.70e-13	1.39e-08	7.00e-05	9.36e-03	1.15e-01	3.67e-01	5.08e-01	0.00e+00	0.00e+00	3.30e-13	1.72e-13	5.58e-14
 7.83845e+15	7.47e-13	1.74e-08	8.38e-05	1.06e-02	1.24e-01	3.76e-01	4.90e-01	0.00e+00	0.00e+00	4.34e-13	2.26e-13	7.32e-14
 8.03025e+15	9.92e-13	2.19e-08	1.01e-04	1.20e-02	1.33e-01	3.84e-01	4.71e-01	0.00e+00	0.00e+00	5.76e-13	3.00e-13	9.72e-14
 8.27960e+15	1.35e-12	2.86e-08	1.26e-04	1.40e-02	1.45e-01	3.93e-01	4.47e-01	0.00e+00	0.00e+00	7.85e-13	4.09e-13	1.32e-13
 8.53770e+15	2.03e-12	3.93e-08	1.59e-04	1.64e-02	1.58e-01	4.03e-01	4.22e-01	0.00e+00	0.00e+00	1.18e-12	6.16e-13	1.99e-13
 8.74930e+15	2.70e-12	4.95e-08	1.90e-04	1.85e-02	1.69e-01	4.09e-01	4.03e-01	0.00e+00	0.00e+00	1.57e-12	8.17e-13	2.64e-13
 8.96654e+15	3.62e-12	6.26e-08	2.28e-04	2.09e-02	1.81e-01	4.15e-01	3.83e-01	0.00e+00	0.00e+00	2.10e-12	1.10e-12	3.54e-13
 9.24895e+15	5.07e-12	8.28e-08	2.86e-04	2.42e-02	1.96e-01	4.21e-01	3.59e-01	0.00e+00	0.00e+00	2.95e-12	1.54e-12	4.96e-13
 9.53803e+15	7.34e-12	1.11e-07	3.58e-04	2.81e-02	2.12e-01	4.25e-01	3.34e-01	0.00e+00	0.00e+00	4.26e-12	2.22e-12	7.18e-13
 9.77957e+15	9.88e-12	1.41e-07	4.30e-04	3.16e-02	2.25e-01	4.28e-01	3.15e-01	0.00e+00	0.00e+00	5.74e-12	2.99e-12	9.66e-13
 1.00374e+16	1.34e-11	1.80e-07	5.19e-04	3.57e-02	2.40e-01	4.29e-01	2.94e-01	0.00e+00	0.00e+00	7.76e-12	4.05e-12	1.31e-12
 1.03725e+16	1.85e-11	2.37e-07	6.56e-04	4.15e-02	2.58e-01	4.29e-01	2.70e-01	0.00e+00	0.00e+00	1.08e-11	5.61e-12	1.81e-12
 1.07045e+16	2.83e-11	3.28e-07	8.26e-04	4.79e-02	2.77e-01	4.28e-01	2.46e-01	0.00e+00	0.00e+00	1.65e-11	8.59e-12	2.77e-12
 1.09575e+16	3.72e-11	4.08e-07	9.75e-04	5.32e-02	2.91e-01	4.25e-01	2.30e-01	0.00e+00	0.00e+00	2.16e-11	1.13e-11	3.64e-12
 1.11765e+16	4.68e-11	4.90e-07	1.12e-03	5.80e-02	3.03e-01	4.22e-01	2.16e-01	0.00e+00	0.00e+00	2.72e-11	1.42e-11	4.57e-12
 1.14261e+16	6.04e-11	6.01e-07	1.32e-03	6.40e-02	3.16e-01	4.18e-01	2.01e-01	0.00e+00	0.00e+00	3.51e-11	1.83e-11	5.90e-12
 1.16913e+16	7.54e-11	7.27e-07	1.54e-03	7.05e-02	3.29e-01	4.12e-01	1.86e-01	0.00e+00	0.00e+00	4.38e-11	2.29e-11	7.37e-12
 1.19765e+16	1.07e-10	9.42e-07	1.85e-03	7.84e-02	3.45e-01	4.05e-01	1.70e-01	0.00e+00	0.00e+00	6.19e-11	3.23e-11	1.04e-11
 1.22562e+16	1.37e-10	1.16e-06	2.17e-03	8.63e-02	3.58e-01	3.98e-01	1.56e-01	0.00e+00	0.00e+00	7.96e-11	4.15e-11	1.34e-11
 1.25284e+16	1.76e-10	1.42e-06	2.55e-03	9.47e-02	3.71e-01	3.89e-01	1.43e-01	0.00e+00	0.00e+00	1.02e-10	5.34e-11	1.72e-11
 1.28223e+16	2.24e-10	1.73e-06	3.00e-03	1.04e-01	3.83e-01	3.79e-01	1.31e-01	0.00e+00	0.00e+00	1.30e-10	6.78e-11	2.18e-11
 1.31016e+16	3.07e-10	2.19e-06	3.53e-03	1.14e-01	3.96e-01	3.69e-01	1.18e-01	0.00e+00	0.00e+00	1.79e-10	9.33e-11	3.01e-11
 1.33670e+16	3.83e-10	2.63e-06	4.07e-03	1.23e-01	4.06e-01	3.58e-01	1.08e-01	0.00e+00	0.00e+00	2.23e-10	1.16e-10	3.75e-11
 1.36566e+16	4.83e-10	3.19e-06	4.77e-03	1.34e-01	4.16e-01	3.47e-01	9.82e-02	0.00e+00	0.00e+00	2.81e-10	1.46e-10	4.72e-11
 1.39748e+16	6.92e-10	4.17e-06	5.70e-03	1.48e-01	4.27e-01	3.33e-01	8.70e-02	0.00e+00	0.00e+00	4.02e-10	2.10e-10	6.77e-11
 1.42541e+16	8.85e-10	5.07e-06	6.60e-03	1.60e-01	4.35e-01	3.20e-01	7.87e-02	0.00e+00	0.00e+00	5.15e-10	2.69e-10	8.66e-11
 1.45411e+16	1.12e-09	6.16e-06	7.69e-03	1.73e-01	4.42e-01	3.07e-01	7.07e-02	0.00e+00	0.00e+00	6.52e-10	3.41e-10	1.10e-10
 1.48602e+16	1.43e-09	7.55e-06	9.08e-03	1.88e-01	4.49e-01	2.92e-01	6.27e-02	0.00e+00	0.00e+00	8.30e-10	4.34e-10	1.40e-10
 1.51560e+16	2.02e-09	9.71e-06	1.07e-02	2.03e-01	4.54e-01	2.77e-01	5.53e-02	0.00e+00	0.00e+00	1.17e-09	6.12e-10	1.97e-10
 1.54186e+16	2.55e-09	1.17e-05	1.23e-02	2.17e-01	4.57e-01	2.64e-01	4.96e-02	0.00e+00	0.00e+00	1.48e-09	7.74e-10	2.49e-10
 1.56636e+16	3.21e-09	1.40e-05	1.40e-02	2.30e-01	4.59e-01	2.52e-01	4.47e-02	0.00e+00	0.00e+00	1.87e-09	9.75e-10	3.14e-10
