#depth	O	O+	O+2	O+3	O+4	O+5	O+6	O+7	O+8	O[1]	O[2]	O[3]
 1.49634e+10	0.00e+00	0.00e+00	3.68e-29	4.97e-21	9.63e-14	2.31e-07	1.00e+00	0.00e+00	0.00e+00	0.00e+00	0.00e+00	0.00e+00
 4.54887e+10	0.00e+00	5.10e-38	5.15e-29	6.43e-21	1.15e-13	2.53e-07	1.00e+00	3.11e-08	0.00e+00	0.00e+00	0.00e+00	0.00e+00
 7.72350e+10	0.00e+00	0.00e+00	7.19e-29	8.32e-21	1.37e-13	2.77e-07	1.00e+00	0.00e+00	0.00e+00	0.00e+00	0.00e+00	0.00e+00
 1.10251e+11	0.00e+00	1.17e-37	1.01e-28	1.08e-20	1.64e-13	3.04e-07	1.00e+00	0.00e+00	0.00e+00	0.00e+00	0.00e+00	0.00e+00
 1.42809e+11	0.00e+00	0.00e+00	1.38e-28	1.38e-20	1.95e-13	3.32e-07	1.00e+00	0.00e+00	0.00e+00	0.00e+00	0.00e+00	0.00e+00
 1.76669e+11	0.00e+00	2.55e-37	1.90e-28	1.76e-20	2.31e-13	3.62e-07	1.00e+00	0.00e+00	0.00e+00	0.00e+00	0.00e+00	0.00e+00
 2.13662e+11	0.00e+00	0.00e+00	2.65e-28	2.28e-20	2.77e-13	3.98e-07	1.00e+00	0.00e+00	0.00e+00	0.00e+00	0.00e+00	0.00e+00
 2.51339e+11	0.00e+00	5.73e-37	3.68e-28	2.93e-20	3.31e-13	4.37e-07	1.00e+00	0.00e+00	0.00e+00	0.00e+00	0.00e+00	0.00e+00
 2.90523e+11	0.00e+00	0.00e+00	5.11e-28	3.78e-20	3.95e-13	4.79e-07	1.00e+00	0.00e+00	0.00e+00	0.00e+00	0.00e+00	0.00e+00
 3.32071e+11	0.00e+00	1.28e-36	7.12e-28	4.89e-20	4.75e-13	5.27e-07	1.00e+00	0.00e+00	0.00e+00	0.00e+00	0.00e+00	0.00e+00
 3.75281e+11	5.98e-46	1.93e-36	9.92e-28	6.34e-20	5.70e-13	5.80e-07	1.00e+00	0.00e+00	0.00e+00	0.00e+00	0.00e+00	0.00e+00
 4.14350e+11	0.00e+00	0.00e+00	1.32e-27	7.93e-20	6.68e-13	6.31e-07	1.00e+00	0.00e+00	0.00e+00	0.00e+00	0.00e+00	0.00e+00
 4.46887e+11	0.00e+00	3.63e-36	1.67e-27	9.51e-20	7.60e-13	6.75e-07	1.00e+00	0.00e+00	0.00e+00	0.00e+00	0.00e+00	0.00e+00
 4.82526e+11	1.82e-45	4.89e-36	2.13e-27	1.15e-19	8.72e-13	7.26e-07	1.00e+00	0.00e+00	0.00e+00	0.00e+00	0.00e+00	0.00e+00
 5.27687e+11	0.00e+00	0.00e+00	2.88e-27	1.46e-19	1.03e-12	7.93e-07	1.00e+00	0.00e+00	0.00e+00	0.00e+00	0.00e+00	0.00e+00
 5.74791e+11	0.00e+00	1.01e-35	3.90e-27	1.85e-19	1.22e-12	8.68e-07	1.00e+00	0.00e+00	0.00e+00	0.00e+00	0.00e+00	0.00e+00
 6.16496e+11	6.28e-45	1.38e-35	5.04e-27	2.26e-19	1.41e-12	9.38e-07	1.00e+00	0.00e+00	0.00e+00	0.00e+00	0.00e+00	0.00e+00
 6.55454e+11	0.00e+00	0.00e+00	6.35e-27	2.72e-19	1.61e-12	1.01e-06	1.00e+00	0.00e+00	0.00e+00	0.00e+00	0.00e+00	0.00e+00
 6.99938e+11	0.00e+00	2.49e-35	8.20e-27	3.32e-19	1.86e-12	1.09e-06	1.00e+00	0.00e+00	0.00e+00	0.00e+00	0.00e+00	0.00e+00
 7.54547e+11	1.95e-44	3.58e-35	1.11e-26	4.22e-19	2.21e-12	1.19e-06	1.00e+00	0.00e+00	0.00e+00	0.00e+00	0.00e+00	0.00e+00
 8.08922e+11	0.00e+00	5.07e-35	1.48e-26	5.30e-19	2.61e-12	1.30e-06	1.00e+00	0.00e+00	0.00e+00	0.00e+00	0.00e+00	0.00e+00
 8.56224e+11	4.14e-44	6.77e-35	1.88e-26	6.42e-19	2.99e-12	1.40e-06	1.00e+00	0.00e+00	0.00e+00	0.00e+00	0.00e+00	0.00e+00
 9.07726e+11	0.00e+00	9.17e-35	2.42e-26	7.85e-19	3.46e-12	1.52e-06	1.00e+00	0.00e+00	0.00e+00	0.00e+00	0.00e+00	0.00e+00
 9.70536e+11	9.04e-44	1.31e-34	3.26e-26	9.94e-19	4.11e-12	1.66e-06	1.00e+00	0.00e+00	0.00e+00	0.00e+00	0.00e+00	0.00e+00
 1.03466e+12	0.00e+00	1.85e-34	4.36e-26	1.25e-18	4.85e-12	1.82e-06	1.00e+00	0.00e+00	0.00e+00	0.00e+00	0.00e+00	0.00e+00
 1.09363e+12	1.96e-43	2.52e-34	5.63e-26	1.54e-18	5.63e-12	1.97e-06	1.00e+00	0.00e+00	0.00e+00	0.00e+00	0.00e+00	0.00e+00
 1.15931e+12	0.00e+00	3.50e-34	7.41e-26	1.91e-18	6.59e-12	2.15e-06	1.00e+00	0.00e+00	0.00e+00	0.00e+00	0.00e+00	0.00e+00
 1.23532e+12	4.44e-43	5.04e-34	1.01e-25	2.44e-18	7.86e-12	2.37e-06	1.00e+00	0.00e+00	0.00e+00	0.00e+00	0.00e+00	0.00e+00
 1.31016e+12	0.00e+00	7.10e-34	1.34e-25	3.07e-18	9.27e-12	2.59e-06	1.00e+00	0.00e+00	0.00e+00	0.00e+00	0.00e+00	0.00e+00
 1.38188e+12	9.67e-43	9.75e-34	1.75e-25	3.79e-18	1.08e-11	2.81e-06	1.00e+00	0.00e+00	0.00e+00	0.00e+00	0.00e+00	0.00e+00
 1.46097e+12	0.00e+00	1.36e-33	2.31e-25	4.74e-18	1.27e-11	3.07e-06	1.00e+00	0.00e+00	0.00e+00	0.00e+00	0.00e+00	0.00e+00
 1.54934e+12	2.19e-42	1.95e-33	3.13e-25	6.03e-18	1.51e-11	3.37e-06	1.00e+00	0.00e+00	0.00e+00	0.00e+00	0.00e+00	0.00e+00
 1.62970e+12	0.00e+00	2.68e-33	4.07e-25	7.44e-18	1.75e-11	3.66e-06	1.00e+00	0.00e+00	0.00e+00	0.00e+00	0.00e+00	0.00e+00
 1.69738e+12	4.30e-42	3.46e-33	5.04e-25	8.82e-18	1.98e-11	3.91e-06	1.00e+00	0.00e+00	0.00e+00	0.00e+00	0.00e+00	0.00e+00
 1.77182e+12	0.00e+00	4.55e-33	6.34e-25	1.06e-17	2.25e-11	4.20e-06	1.00e+00	0.00e+00	0.00e+00	0.00e+00	0.00e+00	0.00e+00
 1.85589e+12	8.42e-42	6.13e-33	8.14e-25	1.29e-17	2.60e-11	4.54e-06	1.00e+00	0.00e+00	0.00e+00	0.00e+00	0.00e+00	0.00e+00
 1.93643e+12	0.00e+00	8.08e-33	1.03e-24	1.55e-17	2.96e-11	4.87e-06	1.00e+00	0.00e+00	0.00e+00	0.00e+00	0.00e+00	0.00e+00
 2.02511e+12	1.65e-41	1.09e-32	1.31e-24	1.89e-17	3.41e-11	5.26e-06	1.00e+00	0.00e+00	0.00e+00	0.00e+00	0.00e+00	0.00e+00
 2.12360e+12	0.00e+00	1.49e-32	1.71e-24	2.33e-17	3.95e-11	5.70e-06	1.00e+00	0.00e+00	0.00e+00	0.00e+00	0.00e+00	0.00e+00
 2.21590e+12	3.38e-41	1.99e-32	2.18e-24	2.82e-17	4.52e-11	6.13e-06	1.00e+00	0.00e+00	0.00e+00	0.00e+00	0.00e+00	0.00e+00
 2.31692e+12	0.00e+00	2.70e-32	2.81e-24	3.45e-17	5.22e-11	6.63e-06	1.00e+00	0.00e+00	0.00e+00	0.00e+00	0.00e+00	0.00e+00
 2.43003e+12	7.07e-41	3.74e-32	3.69e-24	4.29e-17	6.08e-11	7.20e-06	1.00e+00	0.00e+00	0.00e+00	0.00e+00	0.00e+00	0.00e+00
 2.53787e+12	0.00e+00	5.08e-32	4.76e-24	5.24e-17	6.99e-11	7.77e-06	1.00e+00	0.00e+00	0.00e+00	0.00e+00	0.00e+00	0.00e+00
 2.63852e+12	1.39e-40	6.66e-32	5.97e-24	6.28e-17	7.95e-11	8.33e-06	1.00e+00	0.00e+00	0.00e+00	0.00e+00	0.00e+00	0.00e+00
 2.75080e+12	0.00e+00	8.97e-32	7.65e-24	7.64e-17	9.11e-11	8.97e-06	1.00e+00	0.00e+00	0.00e+00	0.00e+00	0.00e+00	0.00e+00
 2.87612e+12	2.89e-40	1.24e-31	9.99e-24	9.43e-17	1.06e-10	9.70e-06	1.00e+00	0.00e+00	0.00e+00	0.00e+00	0.00e+00	0.00e+00
 2.99399e+12	0.00e+00	1.65e-31	1.27e-23	1.14e-16	1.21e-10	1.04e-05	1.00e+00	0.00e+00	0.00e+00	0.00e+00	0.00e+00	0.00e+00
 3.12282e+12	5.82e-40	2.25e-31	1.64e-23	1.40e-16	1.39e-10	1.13e-05	1.00e+00	0.00e+00	0.00e+00	0.00e+00	0.00e+00	0.00e+00
 3.26536e+12	0.00e+00	3.13e-31	2.16e-23	1.73e-16	1.61e-10	1.22e-05	1.00e+00	0.00e+00	0.00e+00	0.00e+00	0.00e+00	0.00e+00
 3.39781e+12	1.22e-39	4.20e-31	2.77e-23	2.11e-16	1.85e-10	1.31e-05	1.00e+00	0.00e+00	0.00e+00	0.00e+00	0.00e+00	0.00e+00
 3.54205e+12	0.00e+00	5.75e-31	3.59e-23	2.58e-16	2.13e-10	1.42e-05	1.00e+00	0.00e+00	0.00e+00	0.00e+00	0.00e+00	0.00e+00
 3.70327e+12	2.61e-39	8.04e-31	4.74e-23	3.22e-16	2.48e-10	1.54e-05	1.00e+00	0.00e+00	0.00e+00	0.00e+00	0.00e+00	0.00e+00
 3.85525e+12	0.00e+00	1.10e-30	6.13e-23	3.93e-16	2.85e-10	1.66e-05	1.00e+00	0.00e+00	0.00e+00	0.00e+00	0.00e+00	0.00e+00
 4.02105e+12	5.51e-39	1.52e-30	8.02e-23	4.85e-16	3.29e-10	1.79e-05	1.00e+00	0.00e+00	0.00e+00	0.00e+00	0.00e+00	0.00e+00
 4.20600e+12	0.00e+00	2.15e-30	1.07e-22	6.09e-16	3.85e-10	1.95e-05	1.00e+00	0.00e+00	0.00e+00	0.00e+00	0.00e+00	0.00e+00
 4.38111e+12	1.21e-38	2.97e-30	1.40e-22	7.49e-16	4.44e-10	2.10e-05	1.00e+00	0.00e+00	0.00e+00	0.00e+00	0.00e+00	0.00e+00
 4.56903e+12	0.00e+00	4.14e-30	1.84e-22	9.29e-16	5.14e-10	2.27e-05	1.00e+00	0.00e+00	0.00e+00	0.00e+00	0.00e+00	0.00e+00
 4.78172e+12	2.75e-38	5.94e-30	2.48e-22	1.17e-15	6.04e-10	2.48e-05	1.00e+00	0.00e+00	0.00e+00	0.00e+00	0.00e+00	0.00e+00
 4.99134e+12	0.00e+00	8.40e-30	3.30e-22	1.46e-15	7.03e-10	2.68e-05	1.00e+00	0.00e+00	0.00e+00	0.00e+00	0.00e+00	0.00e+00
 5.20934e+12	6.24e-38	1.19e-29	4.39e-22	1.83e-15	8.18e-10	2.91e-05	1.00e+00	0.00e+00	0.00e+00	0.00e+00	0.00e+00	0.00e+00
 5.44764e+12	0.00e+00	1.71e-29	5.93e-22	2.31e-15	9.59e-10	3.17e-05	1.00e+00	0.00e+00	0.00e+00	0.00e+00	0.00e+00	0.00e+00
 5.69046e+12	1.47e-37	2.45e-29	7.97e-22	2.91e-15	1.12e-09	3.44e-05	1.00e+00	0.00e+00	0.00e+00	0.00e+00	0.00e+00	0.00e+00
 5.94300e+12	0.00e+00	3.52e-29	1.07e-21	3.66e-15	1.31e-09	3.73e-05	1.00e+00	0.00e+00	0.00e+00	0.00e+00	0.00e+00	0.00e+00
 6.19747e+12	3.40e-37	5.00e-29	1.43e-21	4.57e-15	1.53e-09	4.04e-05	1.00e+00	0.00e+00	0.00e+00	0.00e+00	0.00e+00	0.00e+00
 6.43411e+12	0.00e+00	6.85e-29	1.85e-21	5.58e-15	1.75e-09	4.34e-05	1.00e+00	0.00e+00	0.00e+00	0.00e+00	0.00e+00	0.00e+00
 6.69339e+12	7.36e-37	9.58e-29	2.44e-21	6.89e-15	2.02e-09	4.68e-05	1.00e+00	0.00e+00	0.00e+00	0.00e+00	0.00e+00	0.00e+00
 6.95903e+12	0.00e+00	1.33e-28	3.20e-21	8.50e-15	2.32e-09	5.04e-05	1.00e+00	0.00e+00	0.00e+00	0.00e+00	0.00e+00	0.00e+00
 7.18001e+12	1.50e-36	1.75e-28	3.98e-21	1.01e-14	2.61e-09	5.35e-05	1.00e+00	0.00e+00	0.00e+00	0.00e+00	0.00e+00	0.00e+00
 7.41289e+12	0.00e+00	2.30e-28	4.99e-21	1.20e-14	2.93e-09	5.69e-05	1.00e+00	0.00e+00	0.00e+00	0.00e+00	0.00e+00	0.00e+00
 7.71037e+12	3.12e-36	3.24e-28	6.59e-21	1.48e-14	3.38e-09	6.13e-05	1.00e+00	0.00e+00	0.00e+00	0.00e+00	0.00e+00	0.00e+00
 8.02183e+12	0.00e+00	4.57e-28	8.73e-21	1.84e-14	3.92e-09	6.61e-05	1.00e+00	0.00e+00	0.00e+00	0.00e+00	0.00e+00	0.00e+00
 8.29666e+12	6.68e-36	6.16e-28	1.11e-20	2.21e-14	4.43e-09	7.05e-05	1.00e+00	0.00e+00	0.00e+00	0.00e+00	0.00e+00	0.00e+00
 8.59388e+12	0.00e+00	8.42e-28	1.43e-20	2.68e-14	5.05e-09	7.54e-05	1.00e+00	0.00e+00	0.00e+00	0.00e+00	0.00e+00	0.00e+00
 8.92665e+12	1.45e-35	1.18e-27	1.88e-20	3.31e-14	5.81e-09	8.11e-05	1.00e+00	0.00e+00	0.00e+00	0.00e+00	0.00e+00	0.00e+00
 9.24004e+12	0.00e+00	1.61e-27	2.42e-20	4.00e-14	6.61e-09	8.66e-05	1.00e+00	0.00e+00	0.00e+00	0.00e+00	0.00e+00	0.00e+00
 9.58184e+12	3.09e-35	2.23e-27	3.15e-20	4.89e-14	7.56e-09	9.28e-05	1.00e+00	0.00e+00	0.00e+00	0.00e+00	0.00e+00	0.00e+00
 9.96090e+12	4.68e-35	3.16e-27	4.18e-20	6.07e-14	8.74e-09	1.00e-04	1.00e+00	0.00e+00	0.00e+00	0.00e+00	0.00e+00	0.00e+00
 1.03130e+13	6.82e-35	4.33e-27	5.40e-20	7.36e-14	9.96e-09	1.07e-04	1.00e+00	0.00e+00	0.00e+00	0.00e+00	0.00e+00	0.00e+00
 1.06953e+13	1.01e-34	6.04e-27	7.06e-20	9.02e-14	1.14e-08	1.15e-04	1.00e+00	0.00e+00	0.00e+00	0.00e+00	0.00e+00	0.00e+00
 1.11229e+13	1.55e-34	8.64e-27	9.43e-20	1.12e-13	1.32e-08	1.23e-04	1.00e+00	0.00e+00	0.00e+00	0.00e+00	0.00e+00	0.00e+00
 1.15262e+13	2.30e-34	1.20e-26	1.23e-19	1.37e-13	1.51e-08	1.32e-04	1.00e+00	0.00e+00	0.00e+00	0.00e+00	0.00e+00	0.00e+00
 1.19670e+13	3.49e-34	1.70e-26	1.62e-19	1.70e-13	1.74e-08	1.42e-04	1.00e+00	0.00e+00	0.00e+00	0.00e+00	0.00e+00	0.00e+00
 1.24591e+13	5.44e-34	2.46e-26	2.19e-19	2.13e-13	2.03e-08	1.53e-04	1.00e+00	0.00e+00	0.00e+00	0.00e+00	0.00e+00	0.00e+00
 1.29224e+13	8.17e-34	3.46e-26	2.88e-19	2.62e-13	2.33e-08	1.65e-04	1.00e+00	0.00e+00	0.00e+00	0.00e+00	0.00e+00	0.00e+00
 1.34206e+13	1.25e-33	4.93e-26	3.83e-19	3.24e-13	2.69e-08	1.77e-04	1.00e+00	0.00e+00	0.00e+00	0.00e+00	0.00e+00	0.00e+00
 1.39873e+13	1.98e-33	7.26e-26	5.23e-19	4.10e-13	3.14e-08	1.92e-04	1.00e+00	0.00e+00	0.00e+00	0.00e+00	0.00e+00	0.00e+00
 1.45423e+13	3.07e-33	1.05e-25	7.02e-19	5.12e-13	3.65e-08	2.06e-04	1.00e+00	0.00e+00	0.00e+00	0.00e+00	0.00e+00	0.00e+00
 1.51195e+13	4.76e-33	1.51e-25	9.42e-19	6.39e-13	4.23e-08	2.22e-04	1.00e+00	0.00e+00	0.00e+00	0.00e+00	0.00e+00	0.00e+00
 1.57542e+13	7.57e-33	2.23e-25	1.29e-18	8.09e-13	4.95e-08	2.41e-04	1.00e+00	0.00e+00	0.00e+00	0.00e+00	0.00e+00	0.00e+00
 1.63951e+13	1.19e-32	3.25e-25	1.74e-18	1.02e-12	5.76e-08	2.60e-04	1.00e+00	0.00e+00	0.00e+00	0.00e+00	0.00e+00	0.00e+00
 1.70616e+13	1.87e-32	4.74e-25	2.36e-18	1.28e-12	6.71e-08	2.81e-04	1.00e+00	0.00e+00	0.00e+00	0.00e+00	0.00e+00	0.00e+00
 1.77320e+13	2.89e-32	6.82e-25	3.16e-18	1.59e-12	7.78e-08	3.03e-04	1.00e+00	0.00e+00	0.00e+00	0.00e+00	0.00e+00	0.00e+00
 1.83635e+13	4.31e-32	9.51e-25	4.13e-18	1.95e-12	8.90e-08	3.24e-04	1.00e+00	0.00e+00	0.00e+00	0.00e+00	0.00e+00	0.00e+00
 1.90623e+13	6.59e-32	1.36e-24	5.50e-18	2.42e-12	1.03e-07	3.48e-04	1.00e+00	0.00e+00	0.00e+00	0.00e+00	0.00e+00	0.00e+00
 1.97623e+13	9.91e-32	1.91e-24	7.24e-18	2.97e-12	1.18e-07	3.74e-04	1.00e+00	0.00e+00	0.00e+00	0.00e+00	0.00e+00	0.00e+00
 2.03378e+13	1.38e-31	2.51e-24	9.02e-18	3.51e-12	1.32e-07	3.95e-04	1.00e+00	0.00e+00	0.00e+00	0.00e+00	0.00e+00	0.00e+00
 2.09448e+13	1.92e-31	3.32e-24	1.13e-17	4.16e-12	1.48e-07	4.19e-04	1.00e+00	0.00e+00	0.00e+00	0.00e+00	0.00e+00	0.00e+00
 2.17287e+13	2.91e-31	4.70e-24	1.50e-17	5.15e-12	1.70e-07	4.50e-04	1.00e+00	0.00e+00	0.00e+00	0.00e+00	0.00e+00	0.00e+00
 2.25552e+13	4.44e-31	6.70e-24	1.99e-17	6.39e-12	1.97e-07	4.84e-04	1.00e+00	0.00e+00	0.00e+00	0.00e+00	0.00e+00	0.00e+00
 2.32799e+13	6.44e-31	9.16e-24	2.56e-17	7.67e-12	2.23e-07	5.15e-04	9.99e-01	0.00e+00	0.00e+00	0.00e+00	0.00e+00	0.00e+00
 2.40596e+13	9.26e-31	1.24e-23	3.27e-17	9.29e-12	2.53e-07	5.50e-04	9.99e-01	0.00e+00	0.00e+00	0.00e+00	0.00e+00	0.00e+00
 2.50053e+13	1.43e-30	1.79e-23	4.39e-17	1.16e-11	2.94e-07	5.94e-04	9.99e-01	0.00e+00	0.00e+00	0.00e+00	0.00e+00	0.00e+00
 2.59669e+13	2.19e-30	2.55e-23	5.86e-17	1.45e-11	3.41e-07	6.40e-04	9.99e-01	0.00e+00	0.00e+00	0.00e+00	0.00e+00	0.00e+00
 2.68581e+13	3.21e-30	3.52e-23	7.59e-17	1.76e-11	3.89e-07	6.84e-04	9.99e-01	0.00e+00	0.00e+00	0.00e+00	0.00e+00	0.00e+00
 2.78533e+13	4.84e-30	4.97e-23	1.00e-16	2.18e-11	4.48e-07	7.36e-04	9.99e-01	0.00e+00	0.00e+00	0.00e+00	0.00e+00	0.00e+00
 2.89206e+13	7.39e-30	7.08e-23	1.34e-16	2.71e-11	5.19e-07	7.94e-04	9.99e-01	0.00e+00	0.00e+00	0.00e+00	0.00e+00	0.00e+00
 2.98691e+13	1.07e-29	9.62e-23	1.71e-16	3.27e-11	5.88e-07	8.46e-04	9.99e-01	0.00e+00	0.00e+00	0.00e+00	0.00e+00	0.00e+00
 3.08859e+13	1.55e-29	1.32e-22	2.21e-16	3.97e-11	6.71e-07	9.05e-04	9.99e-01	0.00e+00	0.00e+00	0.00e+00	0.00e+00	0.00e+00
 3.21048e+13	2.39e-29	1.90e-22	2.98e-16	4.98e-11	7.80e-07	9.79e-04	9.99e-01	0.00e+00	0.00e+00	0.00e+00	0.00e+00	0.00e+00
 3.33025e+13	3.62e-29	2.69e-22	3.94e-16	6.17e-11	9.01e-07	1.05e-03	9.99e-01	0.00e+00	0.00e+00	0.00e+00	0.00e+00	0.00e+00
 3.43652e+13	5.15e-29	3.62e-22	5.02e-16	7.41e-11	1.02e-06	1.12e-03	9.99e-01	0.00e+00	0.00e+00	0.00e+00	0.00e+00	0.00e+00
 3.55363e+13	7.50e-29	4.97e-22	6.49e-16	9.01e-11	1.16e-06	1.20e-03	9.99e-01	0.00e+00	0.00e+00	0.00e+00	0.00e+00	0.00e+00
 3.69371e+13	1.16e-28	7.15e-22	8.73e-16	1.13e-10	1.35e-06	1.30e-03	9.99e-01	0.00e+00	0.00e+00	0.00e+00	0.00e+00	0.00e+00
 3.83306e+13	1.75e-28	1.02e-21	1.16e-15	1.40e-10	1.56e-06	1.40e-03	9.99e-01	0.00e+00	0.00e+00	0.00e+00	0.00e+00	0.00e+00
 3.95999e+13	2.53e-28	1.38e-21	1.49e-15	1.70e-10	1.78e-06	1.50e-03	9.99e-01	0.00e+00	0.00e+00	0.00e+00	0.00e+00	0.00e+00
 4.10137e+13	3.75e-28	1.93e-21	1.95e-15	2.09e-10	2.04e-06	1.61e-03	9.98e-01	0.00e+00	0.00e+00	0.00e+00	0.00e+00	0.00e+00
 4.26640e+13	5.83e-28	2.79e-21	2.64e-15	2.63e-10	2.38e-06	1.74e-03	9.98e-01	0.00e+00	0.00e+00	0.00e+00	0.00e+00	0.00e+00
 4.42863e+13	8.88e-28	3.98e-21	3.52e-15	3.27e-10	2.76e-06	1.88e-03	9.98e-01	0.00e+00	0.00e+00	0.00e+00	0.00e+00	0.00e+00
 4.58112e+13	1.30e-27	5.49e-21	4.57e-15	3.99e-10	3.15e-06	2.01e-03	9.98e-01	0.00e+00	0.00e+00	0.00e+00	0.00e+00	0.00e+00
 4.75114e+13	1.96e-27	7.76e-21	6.06e-15	4.95e-10	3.64e-06	2.17e-03	9.98e-01	0.00e+00	0.00e+00	0.00e+00	0.00e+00	0.00e+00
 4.94418e+13	3.07e-27	1.13e-20	8.23e-15	6.25e-10	4.26e-06	2.35e-03	9.98e-01	0.00e+00	0.00e+00	0.00e+00	0.00e+00	0.00e+00
 5.13659e+13	4.74e-27	1.63e-20	1.11e-14	7.82e-10	4.95e-06	2.54e-03	9.97e-01	0.00e+00	0.00e+00	0.00e+00	0.00e+00	0.00e+00
 5.31606e+13	6.98e-27	2.26e-20	1.44e-14	9.57e-10	5.67e-06	2.72e-03	9.97e-01	0.00e+00	0.00e+00	0.00e+00	0.00e+00	0.00e+00
 5.51107e+13	1.05e-26	3.19e-20	1.91e-14	1.18e-09	6.53e-06	2.93e-03	9.97e-01	0.00e+00	0.00e+00	0.00e+00	0.00e+00	0.00e+00
 5.72974e+13	1.63e-26	4.62e-20	2.58e-14	1.49e-09	7.61e-06	3.17e-03	9.97e-01	0.00e+00	0.00e+00	0.00e+00	0.00e+00	0.00e+00
 5.93369e+13	2.44e-26	6.47e-20	3.38e-14	1.83e-09	8.74e-06	3.40e-03	9.97e-01	0.00e+00	0.00e+00	0.00e+00	0.00e+00	0.00e+00
 6.12238e+13	3.48e-26	8.73e-20	4.31e-14	2.20e-09	9.89e-06	3.62e-03	9.96e-01	0.00e+00	0.00e+00	0.00e+00	0.00e+00	0.00e+00
 6.30387e+13	4.86e-26	1.16e-19	5.41e-14	2.61e-09	1.11e-05	3.84e-03	9.96e-01	0.00e+00	0.00e+00	0.00e+00	0.00e+00	0.00e+00
 6.50538e+13	6.97e-26	1.56e-19	6.91e-14	3.15e-09	1.26e-05	4.09e-03	9.96e-01	0.00e+00	0.00e+00	0.00e+00	0.00e+00	0.00e+00
 6.72836e+13	1.03e-25	2.16e-19	8.98e-14	3.84e-09	1.43e-05	4.38e-03	9.96e-01	0.00e+00	0.00e+00	0.00e+00	0.00e+00	0.00e+00
 6.93603e+13	1.46e-25	2.90e-19	1.14e-13	4.59e-09	1.62e-05	4.65e-03	9.95e-01	0.00e+00	0.00e+00	0.00e+00	0.00e+00	0.00e+00
 7.16276e+13	2.10e-25	3.95e-19	1.46e-13	5.55e-09	1.84e-05	4.96e-03	9.95e-01	0.00e+00	0.00e+00	0.00e+00	0.00e+00	0.00e+00
 7.41764e+13	3.15e-25	5.54e-19	1.92e-13	6.83e-09	2.11e-05	5.33e-03	9.95e-01	0.00e+00	0.00e+00	0.00e+00	0.00e+00	0.00e+00
 7.66102e+13	4.57e-25	7.57e-19	2.47e-13	8.26e-09	2.39e-05	5.68e-03	9.94e-01	0.00e+00	0.00e+00	0.00e+00	0.00e+00	0.00e+00
 7.92933e+13	6.79e-25	1.06e-18	3.24e-13	1.01e-08	2.74e-05	6.09e-03	9.94e-01	0.00e+00	0.00e+00	0.00e+00	0.00e+00	0.00e+00
 8.22491e+13	1.03e-24	1.50e-18	4.31e-13	1.26e-08	3.17e-05	6.55e-03	9.93e-01	0.00e+00	0.00e+00	0.00e+00	0.00e+00	0.00e+00
 8.49666e+13	1.51e-24	2.06e-18	5.55e-13	1.52e-08	3.60e-05	6.99e-03	9.93e-01	0.00e+00	0.00e+00	0.00e+00	0.00e+00	0.00e+00
 8.79064e+13	2.23e-24	2.87e-18	7.24e-13	1.86e-08	4.12e-05	7.49e-03	9.92e-01	0.00e+00	0.00e+00	0.00e+00	0.00e+00	0.00e+00
 9.11947e+13	3.40e-24	4.09e-18	9.65e-13	2.31e-08	4.76e-05	8.06e-03	9.92e-01	0.00e+00	0.00e+00	0.00e+00	0.00e+00	0.00e+00
 9.42896e+13	5.00e-24	5.64e-18	1.25e-12	2.82e-08	5.43e-05	8.62e-03	9.91e-01	0.00e+00	0.00e+00	0.00e+00	0.00e+00	0.00e+00
 9.76663e+13	7.50e-24	7.93e-18	1.65e-12	3.47e-08	6.24e-05	9.25e-03	9.91e-01	0.00e+00	0.00e+00	0.00e+00	0.00e+00	0.00e+00
 1.01416e+14	1.16e-23	1.14e-17	2.21e-12	4.34e-08	7.24e-05	9.98e-03	9.90e-01	0.00e+00	0.00e+00	0.00e+00	0.00e+00	0.00e+00
 1.04914e+14	1.70e-23	1.58e-17	2.88e-12	5.30e-08	8.28e-05	1.07e-02	9.89e-01	0.00e+00	0.00e+00	0.00e+00	0.00e+00	0.00e+00
 1.08717e+14	2.56e-23	2.23e-17	3.80e-12	6.54e-08	9.53e-05	1.15e-02	9.88e-01	0.00e+00	0.00e+00	0.00e+00	0.00e+00	0.00e+00
 1.12972e+14	3.96e-23	3.22e-17	5.12e-12	8.21e-08	1.11e-04	1.24e-02	9.87e-01	0.00e+00	0.00e+00	0.00e+00	0.00e+00	0.00e+00
 1.17002e+14	5.91e-23	4.51e-17	6.73e-12	1.01e-07	1.27e-04	1.33e-02	9.87e-01	0.00e+00	0.00e+00	0.00e+00	0.00e+00	0.00e+00
 1.21318e+14	8.88e-23	6.35e-17	8.91e-12	1.25e-07	1.47e-04	1.43e-02	9.86e-01	0.00e+00	0.00e+00	0.00e+00	0.00e+00	0.00e+00
 1.26200e+14	1.39e-22	9.26e-17	1.21e-11	1.58e-07	1.72e-04	1.55e-02	9.84e-01	0.00e+00	0.00e+00	0.00e+00	0.00e+00	0.00e+00
 1.30997e+14	2.10e-22	1.32e-16	1.61e-11	1.97e-07	1.99e-04	1.68e-02	9.83e-01	0.00e+00	0.00e+00	0.00e+00	0.00e+00	0.00e+00
 1.35985e+14	3.19e-22	1.87e-16	2.15e-11	2.45e-07	2.30e-04	1.81e-02	9.82e-01	0.00e+00	0.00e+00	0.00e+00	0.00e+00	0.00e+00
 1.41455e+14	4.93e-22	2.71e-16	2.91e-11	3.10e-07	2.69e-04	1.96e-02	9.80e-01	0.00e+00	0.00e+00	0.00e+00	0.00e+00	0.00e+00
 1.46847e+14	7.44e-22	3.85e-16	3.88e-11	3.86e-07	3.12e-04	2.12e-02	9.78e-01	0.00e+00	0.00e+00	0.00e+00	0.00e+00	0.00e+00
 1.51311e+14	1.04e-21	5.10e-16	4.88e-11	4.60e-07	3.51e-04	2.26e-02	9.77e-01	0.00e+00	0.00e+00	0.00e+00	0.00e+00	0.00e+00
 1.54901e+14	1.33e-21	6.33e-16	5.84e-11	5.28e-07	3.85e-04	2.37e-02	9.76e-01	0.00e+00	0.00e+00	0.00e+00	0.00e+00	0.00e+00
 1.58880e+14	1.75e-21	7.99e-16	7.08e-11	6.13e-07	4.25e-04	2.50e-02	9.75e-01	0.00e+00	0.00e+00	0.00e+00	0.00e+00	0.00e+00
 1.64053e+14	2.47e-21	1.07e-15	9.03e-11	7.40e-07	4.82e-04	2.67e-02	9.73e-01	0.00e+00	0.00e+00	0.00e+00	0.00e+00	0.00e+00
 1.69604e+14	3.52e-21	1.45e-15	1.16e-10	9.00e-07	5.49e-04	2.86e-02	9.71e-01	0.00e+00	0.00e+00	0.00e+00	0.00e+00	0.00e+00
 1.74531e+14	4.75e-21	1.89e-15	1.44e-10	1.06e-06	6.14e-04	3.04e-02	9.69e-01	0.00e+00	0.00e+00	0.00e+00	0.00e+00	0.00e+00
 1.79822e+14	6.52e-21	2.47e-15	1.81e-10	1.27e-06	6.90e-04	3.24e-02	9.67e-01	0.00e+00	0.00e+00	0.00e+00	0.00e+00	0.00e+00
 1.86484e+14	9.52e-21	3.43e-15	2.38e-10	1.57e-06	7.96e-04	3.49e-02	9.64e-01	0.00e+00	0.00e+00	0.00e+00	0.00e+00	0.00e+00
 1.93242e+14	1.38e-20	4.73e-15	3.11e-10	1.93e-06	9.14e-04	3.77e-02	9.61e-01	0.00e+00	0.00e+00	0.00e+00	0.00e+00	0.00e+00
 1.99043e+14	1.87e-20	6.17e-15	3.88e-10	2.30e-06	1.03e-03	4.01e-02	9.59e-01	0.00e+00	0.00e+00	0.00e+00	0.00e+00	0.00e+00
 2.05289e+14	2.55e-20	8.11e-15	4.89e-10	2.76e-06	1.16e-03	4.28e-02	9.56e-01	0.00e+00	0.00e+00	0.00e+00	0.00e+00	0.00e+00
 2.13010e+14	3.72e-20	1.13e-14	6.44e-10	3.42e-06	1.33e-03	4.63e-02	9.52e-01	0.00e+00	0.00e+00	0.00e+00	0.00e+00	0.00e+00
 2.20905e+14	5.37e-20	1.55e-14	8.45e-10	4.23e-06	1.54e-03	5.00e-02	9.48e-01	0.00e+00	0.00e+00	0.00e+00	0.00e+00	0.00e+00
 2.27943e+14	7.35e-20	2.05e-14	1.07e-09	5.08e-06	1.73e-03	5.35e-02	9.45e-01	0.00e+00	0.00e+00	0.00e+00	0.00e+00	0.00e+00
 2.35614e+14	1.02e-19	2.74e-14	1.37e-09	6.16e-06	1.97e-03	5.74e-02	9.41e-01	0.00e+00	0.00e+00	0.00e+00	0.00e+00	0.00e+00
 2.44764e+14	1.49e-19	3.84e-14	1.82e-09	7.69e-06	2.28e-03	6.22e-02	9.35e-01	0.00e+00	0.00e+00	0.00e+00	0.00e+00	0.00e+00
 2.53789e+14	2.14e-19	5.28e-14	2.38e-09	9.50e-06	2.62e-03	6.72e-02	9.30e-01	0.00e+00	0.00e+00	0.00e+00	0.00e+00	0.00e+00
 2.61930e+14	2.92e-19	6.96e-14	3.01e-09	1.14e-05	2.95e-03	7.18e-02	9.25e-01	0.00e+00	0.00e+00	0.00e+00	0.00e+00	0.00e+00
 2.70969e+14	4.09e-19	9.38e-14	3.87e-09	1.39e-05	3.36e-03	7.71e-02	9.20e-01	0.00e+00	0.00e+00	0.00e+00	0.00e+00	0.00e+00
 2.81614e+14	5.98e-19	1.32e-13	5.16e-09	1.74e-05	3.88e-03	8.35e-02	9.13e-01	0.00e+00	0.00e+00	0.00e+00	0.00e+00	0.00e+00
 2.92119e+14	8.58e-19	1.82e-13	6.78e-09	2.15e-05	4.46e-03	9.01e-02	9.05e-01	0.00e+00	0.00e+00	0.00e+00	0.00e+00	0.00e+00
 3.01861e+14	1.19e-18	2.43e-13	8.66e-09	2.59e-05	5.04e-03	9.64e-02	8.99e-01	0.00e+00	0.00e+00	0.00e+00	0.00e+00	0.00e+00
 3.12782e+14	1.69e-18	3.33e-13	1.13e-08	3.18e-05	5.75e-03	1.04e-01	8.91e-01	0.00e+00	0.00e+00	0.00e+00	0.00e+00	0.00e+00
 3.25324e+14	2.49e-18	4.72e-13	1.51e-08	3.99e-05	6.66e-03	1.12e-01	8.81e-01	0.00e+00	0.00e+00	0.00e+00	0.00e+00	0.00e+00
 3.37643e+14	3.61e-18	6.58e-13	2.00e-08	4.94e-05	7.64e-03	1.21e-01	8.71e-01	0.00e+00	0.00e+00	0.00e+00	0.00e+00	0.00e+00
 3.50455e+14	5.24e-18	9.18e-13	2.65e-08	6.12e-05	8.76e-03	1.30e-01	8.61e-01	0.00e+00	0.00e+00	0.00e+00	0.00e+00	0.00e+00
 3.62142e+14	7.29e-18	1.23e-12	3.38e-08	7.38e-05	9.87e-03	1.39e-01	8.51e-01	0.00e+00	0.00e+00	0.00e+00	0.00e+00	0.00e+00
 3.70834e+14	9.25e-18	1.53e-12	4.04e-08	8.44e-05	1.08e-02	1.45e-01	8.44e-01	0.00e+00	0.00e+00	0.00e+00	0.00e+00	0.00e+00
 3.79781e+14	1.18e-17	1.89e-12	4.83e-08	9.67e-05	1.17e-02	1.52e-01	8.36e-01	0.00e+00	0.00e+00	0.00e+00	0.00e+00	0.00e+00
 3.91411e+14	1.60e-17	2.48e-12	6.06e-08	1.15e-04	1.31e-02	1.61e-01	8.26e-01	0.00e+00	0.00e+00	0.00e+00	0.00e+00	0.00e+00
 4.04055e+14	2.21e-17	3.32e-12	7.70e-08	1.37e-04	1.46e-02	1.71e-01	8.14e-01	0.00e+00	0.00e+00	0.00e+00	0.00e+00	0.00e+00
 4.15494e+14	3.01e-17	4.28e-12	9.50e-08	1.61e-04	1.62e-02	1.80e-01	8.04e-01	0.00e+00	0.00e+00	1.74e-17	9.06e-18	3.04e-18
 4.27843e+14	4.05e-17	5.58e-12	1.18e-07	1.89e-04	1.79e-02	1.90e-01	7.92e-01	0.00e+00	0.00e+00	2.32e-17	1.22e-17	4.09e-18
 4.43535e+14	5.88e-17	7.76e-12	1.55e-07	2.32e-04	2.04e-02	2.02e-01	7.77e-01	0.00e+00	0.00e+00	3.38e-17	1.78e-17	5.92e-18
 4.59335e+14	8.47e-17	1.07e-11	2.02e-07	2.82e-04	2.30e-02	2.15e-01	7.62e-01	0.00e+00	0.00e+00	4.88e-17	2.56e-17	8.48e-18
 4.72508e+14	1.14e-16	1.39e-11	2.49e-07	3.30e-04	2.53e-02	2.25e-01	7.49e-01	0.00e+00	0.00e+00	6.56e-17	3.44e-17	1.14e-17
 4.86503e+14	1.55e-16	1.81e-11	3.10e-07	3.87e-04	2.80e-02	2.36e-01	7.35e-01	0.00e+00	0.00e+00	8.91e-17	4.66e-17	1.54e-17
 5.04317e+14	2.26e-16	2.53e-11	4.06e-07	4.72e-04	3.16e-02	2.50e-01	7.17e-01	0.00e+00	0.00e+00	1.30e-16	6.82e-17	2.24e-17
 5.23095e+14	3.33e-16	3.54e-11	5.32e-07	5.76e-04	3.57e-02	2.65e-01	6.98e-01	0.00e+00	0.00e+00	1.92e-16	1.00e-16	3.30e-17
 5.39985e+14	4.67e-16	4.74e-11	6.74e-07	6.83e-04	3.97e-02	2.78e-01	6.81e-01	0.00e+00	0.00e+00	2.70e-16	1.41e-16	4.61e-17
 5.58419e+14	6.69e-16	6.45e-11	8.64e-07	8.18e-04	4.43e-02	2.92e-01	6.63e-01	0.00e+00	0.00e+00	3.87e-16	2.02e-16	6.59e-17
 5.80229e+14	1.01e-15	9.19e-11	1.15e-06	1.00e-03	5.01e-02	3.08e-01	6.40e-01	0.00e+00	0.00e+00	5.85e-16	3.05e-16	9.93e-17
 6.01662e+14	1.49e-15	1.28e-10	1.49e-06	1.22e-03	5.62e-02	3.24e-01	6.19e-01	0.00e+00	0.00e+00	8.64e-16	4.50e-16	1.46e-16
 6.21196e+14	2.11e-15	1.72e-10	1.88e-06	1.43e-03	6.21e-02	3.37e-01	5.99e-01	0.00e+00	0.00e+00	1.22e-15	6.37e-16	2.07e-16
 6.43033e+14	3.07e-15	2.35e-10	2.42e-06	1.71e-03	6.90e-02	3.52e-01	5.77e-01	0.00e+00	0.00e+00	1.78e-15	9.26e-16	3.00e-16
 6.68498e+14	4.69e-15	3.36e-10	3.20e-06	2.09e-03	7.75e-02	3.68e-01	5.52e-01	0.00e+00	0.00e+00	2.72e-15	1.41e-15	4.57e-16
 6.93572e+14	7.03e-15	4.70e-10	4.17e-06	2.52e-03	8.65e-02	3.83e-01	5.28e-01	0.00e+00	0.00e+00	4.08e-15	2.12e-15	6.85e-16
 7.17151e+14	1.02e-14	6.36e-10	5.29e-06	2.98e-03	9.52e-02	3.96e-01	5.06e-01	0.00e+00	0.00e+00	5.89e-15	3.06e-15	9.87e-16
 7.43371e+14	1.50e-14	8.79e-10	6.81e-06	3.55e-03	1.05e-01	4.10e-01	4.82e-01	0.00e+00	0.00e+00	8.72e-15	4.53e-15	1.46e-15
 7.68432e+14	2.16e-14	1.18e-09	8.59e-06	4.17e-03	1.15e-01	4.21e-01	4.59e-01	0.00e+00	0.00e+00	1.26e-14	6.53e-15	2.10e-15
 7.87091e+14	2.82e-14	1.47e-09	1.02e-05	4.69e-03	1.23e-01	4.29e-01	4.43e-01	0.00e+00	0.00e+00	1.64e-14	8.50e-15	2.73e-15
 8.05924e+14	3.66e-14	1.81e-09	1.20e-05	5.25e-03	1.31e-01	4.37e-01	4.27e-01	0.00e+00	0.00e+00	2.12e-14	1.10e-14	3.54e-15
 8.30408e+14	5.08e-14	2.36e-09	1.47e-05	6.04e-03	1.42e-01	4.46e-01	4.06e-01	0.00e+00	0.00e+00	2.95e-14	1.53e-14	4.92e-15
 8.56977e+14	7.19e-14	3.12e-09	1.82e-05	6.99e-03	1.53e-01	4.55e-01	3.85e-01	0.00e+00	0.00e+00	4.17e-14	2.17e-14	6.96e-15
 8.80838e+14	9.72e-14	3.97e-09	2.19e-05	7.92e-03	1.64e-01	4.61e-01	3.67e-01	0.00e+00	0.00e+00	5.65e-14	2.94e-14	9.41e-15
 9.06441e+14	1.33e-13	5.10e-09	2.65e-05	9.02e-03	1.76e-01	4.67e-01	3.48e-01	0.00e+00	0.00e+00	7.74e-14	4.02e-14	1.29e-14
 9.39345e+14	1.97e-13	6.96e-09	3.36e-05	1.06e-02	1.91e-01	4.74e-01	3.24e-01	0.00e+00	0.00e+00	1.15e-13	5.96e-14	1.91e-14
 9.72587e+14	2.88e-13	9.37e-09	4.21e-05	1.23e-02	2.07e-01	4.79e-01	3.02e-01	0.00e+00	0.00e+00	1.68e-13	8.71e-14	2.79e-14
 9.99918e+14	3.91e-13	1.19e-08	5.04e-05	1.39e-02	2.20e-01	4.81e-01	2.85e-01	0.00e+00	0.00e+00	2.27e-13	1.18e-13	3.78e-14
 1.02872e+15	5.33e-13	1.51e-08	6.06e-05	1.56e-02	2.34e-01	4.83e-01	2.68e-01	0.00e+00	0.00e+00	3.10e-13	1.61e-13	5.15e-14
 1.06591e+15	7.85e-13	2.04e-08	7.59e-05	1.81e-02	2.51e-01	4.84e-01	2.47e-01	0.00e+00	0.00e+00	4.56e-13	2.37e-13	7.58e-14
 1.10532e+15	1.16e-12	2.77e-08	9.54e-05	2.10e-02	2.70e-01	4.83e-01	2.26e-01	0.00e+00	0.00e+00	6.76e-13	3.51e-13	1.12e-13
 1.13980e+15	1.62e-12	3.57e-08	1.15e-04	2.37e-02	2.86e-01	4.81e-01	2.09e-01	0.00e+00	0.00e+00	9.41e-13	4.89e-13	1.56e-13
 1.17659e+15	2.28e-12	4.64e-08	1.40e-04	2.69e-02	3.03e-01	4.78e-01	1.93e-01	0.00e+00	0.00e+00	1.33e-12	6.89e-13	2.20e-13
 1.22135e+15	3.40e-12	6.29e-08	1.76e-04	3.10e-02	3.23e-01	4.72e-01	1.74e-01	0.00e+00	0.00e+00	1.98e-12	1.03e-12	3.29e-13
 1.26588e+15	4.97e-12	8.40e-08	2.18e-04	3.55e-02	3.42e-01	4.65e-01	1.57e-01	0.00e+00	0.00e+00	2.89e-12	1.51e-12	4.81e-13
 1.30509e+15	6.85e-12	1.07e-07	2.62e-04	3.97e-02	3.59e-01	4.57e-01	1.44e-01	0.00e+00	0.00e+00	3.99e-12	2.07e-12	6.62e-13
 1.34797e+15	9.64e-12	1.39e-07	3.16e-04	4.45e-02	3.76e-01	4.48e-01	1.31e-01	0.00e+00	0.00e+00	5.61e-12	2.92e-12	9.32e-13
 1.39966e+15	1.43e-11	1.86e-07	3.93e-04	5.08e-02	3.96e-01	4.37e-01	1.16e-01	0.00e+00	0.00e+00	8.31e-12	4.33e-12	1.38e-12
 1.44920e+15	2.04e-11	2.44e-07	4.80e-04	5.72e-02	4.14e-01	4.24e-01	1.04e-01	0.00e+00	0.00e+00	1.19e-11	6.18e-12	1.97e-12
 1.49091e+15	2.73e-11	3.03e-07	5.63e-04	6.29e-02	4.29e-01	4.14e-01	9.41e-02	0.00e+00	0.00e+00	1.59e-11	8.26e-12	2.64e-12
 1.52838e+15	3.51e-11	3.66e-07	6.47e-04	6.83e-02	4.41e-01	4.04e-01	8.64e-02	0.00e+00	0.00e+00	2.04e-11	1.06e-11	3.40e-12
 1.56945e+15	4.62e-11	4.49e-07	7.50e-04	7.43e-02	4.54e-01	3.92e-01	7.87e-02	0.00e+00	0.00e+00	2.69e-11	1.40e-11	4.48e-12
 1.61528e+15	6.21e-11	5.60e-07	8.79e-04	8.14e-02	4.67e-01	3.80e-01	7.08e-02	0.00e+00	0.00e+00	3.61e-11	1.88e-11	6.02e-12
 1.65837e+15	8.11e-11	6.83e-07	1.01e-03	8.83e-02	4.79e-01	3.68e-01	6.42e-02	0.00e+00	0.00e+00	4.72e-11	2.46e-11	7.86e-12
 1.70544e+15	1.08e-10	8.45e-07	1.18e-03	9.62e-02	4.91e-01	3.54e-01	5.77e-02	0.00e+00	0.00e+00	6.29e-11	3.28e-11	1.05e-11
 1.75732e+15	1.46e-10	1.06e-06	1.39e-03	1.05e-01	5.02e-01	3.40e-01	5.12e-02	0.00e+00	0.00e+00	8.50e-11	4.43e-11	1.42e-11
 1.80541e+15	1.91e-10	1.29e-06	1.60e-03	1.14e-01	5.12e-01	3.27e-01	4.60e-02	0.00e+00	0.00e+00	1.11e-10	5.80e-11	1.86e-11
 1.85791e+15	2.56e-10	1.60e-06	1.86e-03	1.23e-01	5.22e-01	3.12e-01	4.08e-02	0.00e+00	0.00e+00	1.49e-10	7.76e-11	2.48e-11
 1.91624e+15	3.47e-10	2.01e-06	2.18e-03	1.34e-01	5.31e-01	2.97e-01	3.58e-02	0.00e+00	0.00e+00	2.02e-10	1.05e-10	3.37e-11
 1.97134e+15	4.58e-10	2.47e-06	2.52e-03	1.45e-01	5.39e-01	2.82e-01	3.17e-02	0.00e+00	0.00e+00	2.66e-10	1.39e-10	4.45e-11
 2.03218e+15	6.19e-10	3.08e-06	2.95e-03	1.57e-01	5.45e-01	2.67e-01	2.76e-02	0.00e+00	0.00e+00	3.60e-10	1.88e-10	6.02e-11
 2.09880e+15	8.46e-10	3.89e-06	3.47e-03	1.71e-01	5.51e-01	2.51e-01	2.38e-02	0.00e+00	0.00e+00	4.93e-10	2.57e-10	8.23e-11
 2.15923e+15	1.11e-09	4.75e-06	4.00e-03	1.83e-01	5.55e-01	2.37e-01	2.09e-02	0.00e+00	0.00e+00	6.45e-10	3.37e-10	1.08e-10
 2.22405e+15	1.48e-09	5.89e-06	4.64e-03	1.97e-01	5.58e-01	2.22e-01	1.81e-02	0.00e+00	0.00e+00	8.62e-10	4.50e-10	1.44e-10
 2.29607e+15	2.00e-09	7.37e-06	5.42e-03	2.12e-01	5.60e-01	2.07e-01	1.55e-02	0.00e+00	0.00e+00	1.17e-09	6.09e-10	1.95e-10
 2.36383e+15	2.63e-09	9.02e-06	6.24e-03	2.27e-01	5.60e-01	1.93e-01	1.34e-02	0.00e+00	0.00e+00	1.53e-09	7.99e-10	2.57e-10
 2.43832e+15	3.55e-09	1.13e-05	7.27e-03	2.44e-01	5.59e-01	1.79e-01	1.14e-02	0.00e+00	0.00e+00	2.06e-09	1.08e-09	3.46e-10
 2.51976e+15	4.79e-09	1.41e-05	8.50e-03	2.61e-01	5.56e-01	1.65e-01	9.56e-03	0.00e+00	0.00e+00	2.79e-09	1.46e-09	4.69e-10
 2.59047e+15	6.14e-09	1.70e-05	9.68e-03	2.77e-01	5.52e-01	1.53e-01	8.25e-03	0.00e+00	0.00e+00	3.57e-09	1.87e-09	6.01e-10
 2.65237e+15	7.62e-09	2.00e-05	1.08e-02	2.91e-01	5.48e-01	1.43e-01	7.24e-03	0.00e+00	0.00e+00	4.43e-09	2.32e-09	7.47e-10
 2.72259e+15	9.75e-09	2.40e-05	1.23e-02	3.06e-01	5.42e-01	1.33e-01	6.23e-03	0.00e+00	0.00e+00	5.67e-09	2.97e-09	9.56e-10
 2.79701e+15	1.24e-08	2.88e-05	1.39e-02	3.23e-01	5.35e-01	1.23e-01	5.33e-03	0.00e+00	0.00e+00	7.23e-09	3.78e-09	1.22e-09
 2.86448e+15	1.53e-08	3.37e-05	1.55e-02	3.37e-01	5.28e-01	1.14e-01	4.64e-03	0.00e+00	0.00e+00	8.93e-09	4.67e-09	1.51e-09
 2.92970e+15	1.87e-08	3.92e-05	1.73e-02	3.52e-01	5.21e-01	1.06e-01	4.06e-03	0.00e+00	0.00e+00	1.09e-08	5.71e-09	1.84e-09
 3.00445e+15	2.37e-08	4.67e-05	1.94e-02	3.68e-01	5.11e-01	9.78e-02	3.47e-03	0.00e+00	0.00e+00	1.38e-08	7.22e-09	2.33e-09
 3.08818e+15	3.03e-08	5.61e-05	2.21e-02	3.85e-01	5.00e-01	8.91e-02	2.92e-03	0.00e+00	0.00e+00	1.76e-08	9.23e-09	2.99e-09
 3.16739e+15	3.78e-08	6.64e-05	2.48e-02	4.02e-01	4.89e-01	8.16e-02	2.48e-03	0.00e+00	0.00e+00	2.20e-08	1.15e-08	3.73e-09
 3.24282e+15	4.66e-08	7.77e-05	2.77e-02	4.17e-01	4.78e-01	7.49e-02	2.13e-03	0.00e+00	0.00e+00	2.71e-08	1.42e-08	4.61e-09
 3.31782e+15	5.69e-08	9.05e-05	3.07e-02	4.32e-01	4.66e-01	6.88e-02	1.83e-03	0.00e+00	0.00e+00	3.31e-08	1.74e-08	5.63e-09
 3.40360e+15	7.27e-08	1.08e-04	3.47e-02	4.49e-01	4.52e-01	6.22e-02	1.53e-03	0.00e+00	0.00e+00	4.23e-08	2.22e-08	7.19e-09
 3.49721e+15	9.17e-08	1.30e-04	3.93e-02	4.66e-01	4.37e-01	5.58e-02	1.27e-03	0.00e+00	0.00e+00	5.34e-08	2.80e-08	9.08e-09
 3.58351e+15	1.14e-07	1.53e-04	4.41e-02	4.82e-01	4.23e-01	5.04e-02	1.06e-03	0.00e+00	0.00e+00	6.64e-08	3.48e-08	1.13e-08
 3.66576e+15	1.40e-07	1.79e-04	4.90e-02	4.96e-01	4.08e-01	4.57e-02	8.97e-04	0.00e+00	0.00e+00	8.15e-08	4.28e-08	1.39e-08
 3.76024e+15	1.79e-07	2.15e-04	5.55e-02	5.11e-01	3.91e-01	4.06e-02	7.35e-04	0.00e+00	0.00e+00	1.04e-07	5.47e-08	1.78e-08
 3.86163e+15	2.26e-07	2.57e-04	6.29e-02	5.27e-01	3.74e-01	3.59e-02	5.99e-04	0.00e+00	0.00e+00	1.32e-07	6.92e-08	2.25e-08
 3.95232e+15	2.80e-07	3.02e-04	7.04e-02	5.40e-01	3.57e-01	3.20e-02	4.96e-04	0.00e+00	0.00e+00	1.63e-07	8.56e-08	2.79e-08
 4.03661e+15	3.44e-07	3.52e-04	7.81e-02	5.50e-01	3.42e-01	2.88e-02	4.15e-04	0.00e+00	0.00e+00	2.00e-07	1.05e-07	3.42e-08
 4.11937e+15	4.16e-07	4.08e-04	8.65e-02	5.60e-01	3.27e-01	2.58e-02	3.49e-04	0.00e+00	0.00e+00	2.42e-07	1.27e-07	4.15e-08
 4.21404e+15	5.33e-07	4.90e-04	9.75e-02	5.70e-01	3.09e-01	2.26e-02	2.82e-04	0.00e+00	0.00e+00	3.10e-07	1.63e-07	5.32e-08
 4.31076e+15	6.59e-07	5.77e-04	1.09e-01	5.79e-01	2.91e-01	1.99e-02	2.30e-04	0.00e+00	0.00e+00	3.83e-07	2.01e-07	6.58e-08
 4.39301e+15	8.02e-07	6.70e-04	1.21e-01	5.84e-01	2.76e-01	1.77e-02	1.91e-04	0.00e+00	0.00e+00	4.66e-07	2.45e-07	8.02e-08
 4.48284e+15	1.01e-06	7.96e-04	1.35e-01	5.89e-01	2.59e-01	1.54e-02	1.55e-04	0.00e+00	0.00e+00	5.88e-07	3.09e-07	1.01e-07
 4.56665e+15	1.22e-06	9.20e-04	1.49e-01	5.92e-01	2.44e-01	1.37e-02	1.28e-04	0.00e+00	0.00e+00	7.10e-07	3.74e-07	1.22e-07
 4.62572e+15	1.41e-06	1.03e-03	1.61e-01	5.93e-01	2.33e-01	1.25e-02	1.12e-04	0.00e+00	0.00e+00	8.22e-07	4.33e-07	1.42e-07
 4.68563e+15	1.65e-06	1.16e-03	1.73e-01	5.92e-01	2.22e-01	1.13e-02	9.60e-05	0.00e+00	0.00e+00	9.62e-07	5.06e-07	1.66e-07
 4.76350e+15	2.07e-06	1.36e-03	1.92e-01	5.90e-01	2.07e-01	9.84e-03	7.80e-05	0.00e+00	0.00e+00	1.20e-06	6.33e-07	2.07e-07
 4.83807e+15	2.48e-06	1.56e-03	2.10e-01	5.86e-01	1.93e-01	8.66e-03	6.47e-05	0.00e+00	0.00e+00	1.44e-06	7.60e-07	2.49e-07
 4.89399e+15	2.87e-06	1.74e-03	2.25e-01	5.82e-01	1.83e-01	7.83e-03	5.57e-05	0.00e+00	0.00e+00	1.67e-06	8.79e-07	2.88e-07
 4.95233e+15	3.38e-06	1.97e-03	2.43e-01	5.76e-01	1.72e-01	6.99e-03	4.72e-05	0.00e+00	0.00e+00	1.96e-06	1.03e-06	3.39e-07
 5.01723e+15	3.94e-06	2.21e-03	2.64e-01	5.68e-01	1.60e-01	6.16e-03	3.94e-05	0.00e+00	0.00e+00	2.29e-06	1.21e-06	3.96e-07
 5.08045e+15	4.73e-06	2.53e-03	2.86e-01	5.58e-01	1.48e-01	5.39e-03	3.25e-05	0.00e+00	0.00e+00	2.75e-06	1.45e-06	4.76e-07
 5.13860e+15	5.79e-06	2.92e-03	3.09e-01	5.46e-01	1.37e-01	4.71e-03	2.68e-05	0.00e+00	0.00e+00	3.37e-06	1.77e-06	5.83e-07
 5.18712e+15	6.68e-06	3.25e-03	3.30e-01	5.35e-01	1.28e-01	4.21e-03	2.28e-05	0.00e+00	0.00e+00	3.89e-06	2.05e-06	6.73e-07
 5.23695e+15	7.64e-06	3.59e-03	3.52e-01	5.22e-01	1.19e-01	3.72e-03	1.93e-05	0.00e+00	0.00e+00	4.45e-06	2.34e-06	7.71e-07
 5.30173e+15	9.38e-06	4.16e-03	3.83e-01	5.03e-01	1.07e-01	3.13e-03	1.52e-05	0.00e+00	0.00e+00	5.46e-06	2.88e-06	9.47e-07
 5.36643e+15	1.16e-05	4.84e-03	4.17e-01	4.81e-01	9.52e-02	2.61e-03	1.18e-05	0.00e+00	0.00e+00	6.74e-06	3.56e-06	1.17e-06
 5.41575e+15	1.43e-05	5.61e-03	4.46e-01	4.60e-01	8.62e-02	2.22e-03	9.42e-06	0.00e+00	0.00e+00	8.34e-06	4.40e-06	1.45e-06
 5.45404e+15	1.64e-05	6.15e-03	4.69e-01	4.44e-01	7.96e-02	1.96e-03	7.95e-06	0.00e+00	0.00e+00	9.52e-06	5.02e-06	1.66e-06
 5.49327e+15	1.88e-05	6.79e-03	4.93e-01	4.26e-01	7.28e-02	1.71e-03	6.62e-06	0.00e+00	0.00e+00	1.09e-05	5.77e-06	1.90e-06
 5.54426e+15	2.28e-05	7.76e-03	5.26e-01	4.01e-01	6.41e-02	1.41e-03	5.12e-06	0.00e+00	0.00e+00	1.33e-05	7.01e-06	2.31e-06
 5.59753e+15	2.78e-05	8.89e-03	5.61e-01	3.73e-01	5.56e-02	1.14e-03	3.87e-06	0.00e+00	0.00e+00	1.62e-05	8.55e-06	2.82e-06
 5.64218e+15	3.20e-05	9.79e-03	5.90e-01	3.50e-01	4.90e-02	9.51e-04	3.05e-06	0.00e+00	0.00e+00	1.86e-05	9.82e-06	3.24e-06
 5.68864e+15	3.85e-05	1.11e-02	6.23e-01	3.23e-01	4.22e-02	7.64e-04	2.29e-06	0.00e+00	0.00e+00	2.24e-05	1.18e-05	3.91e-06
 5.73841e+15	4.70e-05	1.27e-02	6.57e-01	2.94e-01	3.56e-02	5.97e-04	1.67e-06	0.00e+00	0.00e+00	2.73e-05	1.44e-05	4.77e-06
 5.78173e+15	5.64e-05	1.42e-02	6.87e-01	2.68e-01	3.03e-02	4.73e-04	1.23e-06	0.00e+00	0.00e+00	3.28e-05	1.73e-05	5.74e-06
 5.81387e+15	6.66e-05	1.58e-02	7.09e-01	2.48e-01	2.66e-02	3.91e-04	9.57e-07	0.00e+00	0.00e+00	3.87e-05	2.05e-05	6.77e-06
 5.83502e+15	7.25e-05	1.67e-02	7.23e-01	2.35e-01	2.44e-02	3.46e-04	0.00e+00	0.00e+00	0.00e+00	4.21e-05	2.23e-05	7.37e-06
 5.85532e+15	7.77e-05	1.75e-02	7.36e-01	2.24e-01	2.24e-02	3.07e-04	0.00e+00	0.00e+00	0.00e+00	4.52e-05	2.39e-05	7.91e-06
 5.88170e+15	8.88e-05	1.90e-02	7.53e-01	2.08e-01	1.98e-02	2.57e-04	0.00e+00	0.00e+00	0.00e+00	5.17e-05	2.73e-05	9.05e-06
 5.91017e+15	9.83e-05	2.02e-02	7.69e-01	1.93e-01	1.74e-02	2.15e-04	0.00e+00	0.00e+00	0.00e+00	5.72e-05	3.02e-05	1.00e-05
 5.94135e+15	1.16e-04	2.23e-02	7.88e-01	1.74e-01	1.48e-02	1.70e-04	0.00e+00	0.00e+00	0.00e+00	6.72e-05	3.55e-05	1.18e-05
 5.97219e+15	1.32e-04	2.42e-02	8.04e-01	1.59e-01	1.27e-02	1.38e-04	0.00e+00	0.00e+00	0.00e+00	7.66e-05	4.05e-05	1.34e-05
 5.99775e+15	1.45e-04	2.56e-02	8.16e-01	1.47e-01	1.11e-02	1.15e-04	0.00e+00	0.00e+00	0.00e+00	8.41e-05	4.44e-05	1.48e-05
 6.02613e+15	1.67e-04	2.79e-02	8.30e-01	1.32e-01	9.44e-03	9.07e-05	0.00e+00	0.00e+00	0.00e+00	9.74e-05	5.15e-05	1.71e-05
 6.05595e+15	1.91e-04	3.02e-02	8.42e-01	1.19e-01	7.98e-03	7.18e-05	0.00e+00	0.00e+00	0.00e+00	1.11e-04	5.86e-05	1.95e-05
 6.08302e+15	2.15e-04	3.23e-02	8.52e-01	1.08e-01	6.82e-03	5.75e-05	0.00e+00	0.00e+00	0.00e+00	1.25e-04	6.61e-05	2.20e-05
 6.11358e+15	2.47e-04	3.51e-02	8.63e-01	9.61e-02	5.63e-03	4.40e-05	0.00e+00	0.00e+00	0.00e+00	1.44e-04	7.60e-05	2.53e-05
 6.14626e+15	2.85e-04	3.81e-02	8.72e-01	8.48e-02	4.60e-03	3.32e-05	0.00e+00	0.00e+00	0.00e+00	1.66e-04	8.76e-05	2.92e-05
 6.17521e+15	3.24e-04	4.10e-02	8.79e-01	7.57e-02	3.84e-03	2.58e-05	0.00e+00	0.00e+00	0.00e+00	1.88e-04	9.95e-05	3.32e-05
 6.20209e+15	3.64e-04	4.38e-02	8.85e-01	6.79e-02	3.22e-03	2.02e-05	0.00e+00	0.00e+00	0.00e+00	2.12e-04	1.12e-04	3.74e-05
 6.23278e+15	4.18e-04	4.73e-02	8.90e-01	5.97e-02	2.62e-03	1.51e-05	0.00e+00	0.00e+00	0.00e+00	2.43e-04	1.29e-04	4.29e-05
 6.26605e+15	4.84e-04	5.13e-02	8.94e-01	5.19e-02	2.10e-03	1.10e-05	0.00e+00	0.00e+00	0.00e+00	2.81e-04	1.49e-04	4.97e-05
 6.29579e+15	5.51e-04	5.52e-02	8.97e-01	4.58e-02	1.72e-03	8.32e-06	0.00e+00	0.00e+00	0.00e+00	3.20e-04	1.69e-04	5.66e-05
 6.32315e+15	6.21e-04	5.89e-02	8.98e-01	4.08e-02	1.42e-03	6.39e-06	0.00e+00	0.00e+00	0.00e+00	3.61e-04	1.91e-04	6.38e-05
 6.35429e+15	7.13e-04	6.36e-02	8.99e-01	3.55e-02	1.14e-03	4.66e-06	0.00e+00	0.00e+00	0.00e+00	4.15e-04	2.19e-04	7.33e-05
 6.38833e+15	8.25e-04	6.89e-02	8.99e-01	3.07e-02	9.01e-04	3.34e-06	0.00e+00	0.00e+00	0.00e+00	4.80e-04	2.54e-04	8.49e-05
 6.41907e+15	9.44e-04	7.42e-02	8.97e-01	2.68e-02	7.27e-04	2.46e-06	0.00e+00	0.00e+00	0.00e+00	5.49e-04	2.90e-04	9.72e-05
 6.44743e+15	1.07e-03	7.93e-02	8.95e-01	2.37e-02	5.96e-04	1.86e-06	0.00e+00	0.00e+00	0.00e+00	6.21e-04	3.29e-04	1.10e-04
 6.47974e+15	1.23e-03	8.56e-02	8.92e-01	2.05e-02	4.71e-04	1.33e-06	0.00e+00	0.00e+00	0.00e+00	7.16e-04	3.79e-04	1.27e-04
 6.51504e+15	1.44e-03	9.31e-02	8.88e-01	1.75e-02	3.67e-04	9.29e-07	0.00e+00	0.00e+00	0.00e+00	8.35e-04	4.42e-04	1.48e-04
 6.54663e+15	1.65e-03	1.00e-01	8.82e-01	1.52e-02	2.94e-04	0.00e+00	0.00e+00	0.00e+00	0.00e+00	9.60e-04	5.08e-04	1.70e-04
 6.57542e+15	1.87e-03	1.07e-01	8.77e-01	1.34e-02	2.39e-04	0.00e+00	0.00e+00	0.00e+00	0.00e+00	1.09e-03	5.76e-04	1.93e-04
 6.60818e+15	2.17e-03	1.16e-01	8.70e-01	1.15e-02	1.88e-04	0.00e+00	0.00e+00	0.00e+00	0.00e+00	1.26e-03	6.67e-04	2.24e-04
 6.64418e+15	2.54e-03	1.26e-01	8.61e-01	9.80e-03	1.46e-04	0.00e+00	0.00e+00	0.00e+00	0.00e+00	1.48e-03	7.80e-04	2.62e-04
 6.67719e+15	2.95e-03	1.37e-01	8.51e-01	8.43e-03	1.15e-04	0.00e+00	0.00e+00	0.00e+00	0.00e+00	1.72e-03	9.08e-04	3.05e-04
 6.70702e+15	3.39e-03	1.48e-01	8.41e-01	7.34e-03	9.27e-05	0.00e+00	0.00e+00	0.00e+00	0.00e+00	1.97e-03	1.04e-03	3.50e-04
 6.73995e+15	3.93e-03	1.60e-01	8.30e-01	6.29e-03	7.26e-05	0.00e+00	0.00e+00	0.00e+00	0.00e+00	2.29e-03	1.21e-03	4.06e-04
 6.77712e+15	4.68e-03	1.75e-01	8.15e-01	5.27e-03	5.53e-05	0.00e+00	0.00e+00	0.00e+00	0.00e+00	2.72e-03	1.44e-03	4.83e-04
 6.81167e+15	5.53e-03	1.92e-01	7.98e-01	4.46e-03	4.29e-05	0.00e+00	0.00e+00	0.00e+00	0.00e+00	3.22e-03	1.70e-03	5.72e-04
 6.84235e+15	6.44e-03	2.08e-01	7.82e-01	3.83e-03	3.40e-05	0.00e+00	0.00e+00	0.00e+00	0.00e+00	3.75e-03	1.98e-03	6.65e-04
 6.87616e+15	7.58e-03	2.26e-01	7.63e-01	3.23e-03	2.62e-05	0.00e+00	0.00e+00	0.00e+00	0.00e+00	4.41e-03	2.33e-03	7.83e-04
 6.92011e+15	9.42e-03	2.53e-01	7.35e-01	2.57e-03	1.85e-05	0.00e+00	0.00e+00	0.00e+00	0.00e+00	5.49e-03	2.90e-03	9.74e-04
 6.96448e+15	1.19e-02	2.85e-01	7.01e-01	2.02e-03	1.30e-05	0.00e+00	0.00e+00	0.00e+00	0.00e+00	6.92e-03	3.66e-03	1.23e-03
 6.99897e+15	1.43e-02	3.13e-01	6.71e-01	1.66e-03	9.78e-06	0.00e+00	0.00e+00	0.00e+00	0.00e+00	8.35e-03	4.41e-03	1.48e-03
 7.02845e+15	1.68e-02	3.39e-01	6.43e-01	1.39e-03	7.58e-06	0.00e+00	0.00e+00	0.00e+00	0.00e+00	9.81e-03	5.18e-03	1.74e-03
 7.06186e+15	2.02e-02	3.69e-01	6.09e-01	1.13e-03	5.61e-06	0.00e+00	0.00e+00	0.00e+00	0.00e+00	1.18e-02	6.20e-03	2.09e-03
 7.10530e+15	2.58e-02	4.14e-01	5.60e-01	8.38e-04	3.70e-06	0.00e+00	0.00e+00	0.00e+00	0.00e+00	1.50e-02	7.93e-03	2.67e-03
