#depth	N	N+	N+2	N+3	N+4	N+5	N+6	N+7
 1.49634e+10	0.00e+00	2.41e-32	1.30e-23	1.25e-15	2.03e-08	9.98e-01	1.92e-03	0.00e+00
 4.54887e+10	7.36e-42	3.39e-32	1.69e-23	1.50e-15	2.23e-08	9.98e-01	1.75e-03	1.37e-09
 7.72350e+10	0.00e+00	4.77e-32	2.20e-23	1.79e-15	2.44e-08	9.98e-01	1.60e-03	0.00e+00
 1.10251e+11	1.72e-41	6.72e-32	2.86e-23	2.15e-15	2.68e-08	9.99e-01	1.46e-03	0.00e+00
 1.42809e+11	0.00e+00	9.31e-32	3.67e-23	2.55e-15	2.93e-08	9.99e-01	1.34e-03	0.00e+00
 1.76669e+11	3.86e-41	1.29e-31	4.71e-23	3.03e-15	3.20e-08	9.99e-01	1.23e-03	0.00e+00
 2.13662e+11	0.00e+00	1.82e-31	6.13e-23	3.64e-15	3.52e-08	9.99e-01	1.12e-03	0.00e+00
 2.51339e+11	8.95e-41	2.54e-31	7.94e-23	4.35e-15	3.86e-08	9.99e-01	1.02e-03	0.00e+00
 2.90523e+11	0.00e+00	3.56e-31	1.03e-22	5.21e-15	4.24e-08	9.99e-01	9.30e-04	0.00e+00
 3.32071e+11	2.07e-40	5.01e-31	1.34e-22	6.27e-15	4.66e-08	9.99e-01	8.46e-04	0.00e+00
 3.75281e+11	0.00e+00	7.04e-31	1.74e-22	7.54e-15	5.13e-08	9.99e-01	7.70e-04	0.00e+00
 4.14350e+11	4.53e-40	9.47e-31	2.19e-22	8.86e-15	5.58e-08	9.99e-01	7.08e-04	0.00e+00
 4.46887e+11	0.00e+00	1.20e-30	2.64e-22	1.01e-14	5.97e-08	9.99e-01	6.63e-04	0.00e+00
 4.82526e+11	8.30e-40	1.55e-30	3.22e-22	1.16e-14	6.42e-08	9.99e-01	6.17e-04	0.00e+00
 5.27687e+11	0.00e+00	2.11e-30	4.10e-22	1.37e-14	7.03e-08	9.99e-01	5.65e-04	0.00e+00
 5.74791e+11	1.77e-39	2.88e-30	5.22e-22	1.63e-14	7.69e-08	9.99e-01	5.17e-04	0.00e+00
 6.16496e+11	0.00e+00	3.75e-30	6.42e-22	1.89e-14	8.31e-08	1.00e+00	4.79e-04	0.00e+00
 6.55454e+11	3.28e-39	4.76e-30	7.73e-22	2.16e-14	8.91e-08	1.00e+00	4.47e-04	0.00e+00
 6.99938e+11	0.00e+00	6.19e-30	9.51e-22	2.50e-14	9.64e-08	1.00e+00	4.14e-04	0.00e+00
 7.54547e+11	6.60e-39	8.44e-30	1.21e-21	2.98e-14	1.06e-07	1.00e+00	3.78e-04	0.00e+00
 8.08922e+11	0.00e+00	1.13e-29	1.53e-21	3.52e-14	1.16e-07	1.00e+00	3.47e-04	0.00e+00
 8.56224e+11	1.28e-38	1.45e-29	1.86e-21	4.05e-14	1.24e-07	1.00e+00	3.22e-04	0.00e+00
 9.07726e+11	0.00e+00	1.88e-29	2.29e-21	4.69e-14	1.35e-07	1.00e+00	2.98e-04	0.00e+00
 9.70536e+11	2.54e-38	2.55e-29	2.91e-21	5.58e-14	1.48e-07	1.00e+00	2.72e-04	0.00e+00
 1.03466e+12	0.00e+00	3.44e-29	3.68e-21	6.62e-14	1.62e-07	1.00e+00	2.49e-04	0.00e+00
 1.09363e+12	5.00e-38	4.47e-29	4.53e-21	7.69e-14	1.75e-07	1.00e+00	2.30e-04	0.00e+00
 1.15931e+12	0.00e+00	5.92e-29	5.66e-21	9.03e-14	1.91e-07	1.00e+00	2.12e-04	0.00e+00
 1.23532e+12	1.02e-37	8.08e-29	7.24e-21	1.08e-13	2.10e-07	1.00e+00	1.93e-04	0.00e+00
 1.31016e+12	0.00e+00	1.08e-28	9.13e-21	1.28e-13	2.30e-07	1.00e+00	1.76e-04	0.00e+00
 1.38188e+12	2.02e-37	1.42e-28	1.13e-20	1.49e-13	2.50e-07	1.00e+00	1.62e-04	0.00e+00
 1.46097e+12	0.00e+00	1.89e-28	1.42e-20	1.76e-13	2.73e-07	1.00e+00	1.49e-04	0.00e+00
 1.54934e+12	4.14e-37	2.57e-28	1.81e-20	2.09e-13	3.00e-07	1.00e+00	1.36e-04	0.00e+00
 1.62970e+12	0.00e+00	3.35e-28	2.23e-20	2.44e-13	3.26e-07	1.00e+00	1.25e-04	0.00e+00
 1.69738e+12	7.44e-37	4.16e-28	2.65e-20	2.76e-13	3.48e-07	1.00e+00	1.17e-04	0.00e+00
 1.77182e+12	0.00e+00	5.25e-28	3.19e-20	3.15e-13	3.74e-07	1.00e+00	1.09e-04	0.00e+00
 1.85589e+12	1.34e-36	6.76e-28	3.89e-20	3.64e-13	4.04e-07	1.00e+00	1.01e-04	0.00e+00
 1.93643e+12	0.00e+00	8.54e-28	4.68e-20	4.16e-13	4.34e-07	1.00e+00	9.43e-05	0.00e+00
 2.02511e+12	2.41e-36	1.10e-27	5.70e-20	4.79e-13	4.68e-07	1.00e+00	8.75e-05	0.00e+00
 2.12360e+12	0.00e+00	1.43e-27	7.04e-20	5.58e-13	5.08e-07	1.00e+00	8.08e-05	0.00e+00
 2.21590e+12	4.47e-36	1.82e-27	8.52e-20	6.39e-13	5.46e-07	1.00e+00	7.52e-05	0.00e+00
 2.31692e+12	0.00e+00	2.35e-27	1.04e-19	7.39e-13	5.91e-07	1.00e+00	6.96e-05	0.00e+00
 2.43003e+12	8.50e-36	3.10e-27	1.30e-19	8.64e-13	6.42e-07	1.00e+00	6.41e-05	0.00e+00
 2.53787e+12	0.00e+00	4.00e-27	1.58e-19	9.95e-13	6.93e-07	1.00e+00	5.95e-05	0.00e+00
 2.63852e+12	1.53e-35	5.02e-27	1.89e-19	1.13e-12	7.43e-07	1.00e+00	5.55e-05	0.00e+00
 2.75080e+12	0.00e+00	6.44e-27	2.30e-19	1.30e-12	8.00e-07	1.00e+00	5.16e-05	0.00e+00
 2.87612e+12	2.87e-35	8.42e-27	2.84e-19	1.51e-12	8.66e-07	1.00e+00	4.77e-05	0.00e+00
 2.99399e+12	0.00e+00	1.07e-26	3.43e-19	1.73e-12	9.31e-07	1.00e+00	4.44e-05	0.00e+00
 3.12282e+12	5.26e-35	1.38e-26	4.20e-19	2.00e-12	1.01e-06	1.00e+00	4.12e-05	0.00e+00
 3.26536e+12	0.00e+00	1.82e-26	5.20e-19	2.33e-12	1.09e-06	1.00e+00	3.80e-05	0.00e+00
 3.39781e+12	9.92e-35	2.33e-26	6.31e-19	2.67e-12	1.17e-06	1.00e+00	3.54e-05	0.00e+00
 3.54205e+12	0.00e+00	3.02e-26	7.73e-19	3.08e-12	1.26e-06	1.00e+00	3.28e-05	0.00e+00
 3.70327e+12	1.91e-34	3.99e-26	9.62e-19	3.59e-12	1.37e-06	1.00e+00	3.02e-05	0.00e+00
 3.85525e+12	2.62e-34	5.15e-26	1.17e-18	4.13e-12	1.48e-06	1.00e+00	2.81e-05	0.00e+00
 4.02105e+12	3.63e-34	6.74e-26	1.45e-18	4.79e-12	1.60e-06	1.00e+00	2.60e-05	0.00e+00
 4.20600e+12	5.16e-34	8.99e-26	1.81e-18	5.61e-12	1.74e-06	1.00e+00	2.39e-05	0.00e+00
 4.38111e+12	7.14e-34	1.17e-25	2.22e-18	6.48e-12	1.88e-06	1.00e+00	2.22e-05	0.00e+00
 4.56903e+12	9.99e-34	1.54e-25	2.75e-18	7.52e-12	2.03e-06	1.00e+00	2.05e-05	0.00e+00
 4.78172e+12	1.44e-33	2.07e-25	3.47e-18	8.85e-12	2.21e-06	1.00e+00	1.89e-05	0.00e+00
 4.99134e+12	2.04e-33	2.75e-25	4.32e-18	1.03e-11	2.40e-06	1.00e+00	1.74e-05	0.00e+00
 5.20934e+12	2.89e-33	3.66e-25	5.39e-18	1.20e-11	2.60e-06	1.00e+00	1.61e-05	0.00e+00
 5.44764e+12	4.17e-33	4.94e-25	6.80e-18	1.41e-11	2.83e-06	1.00e+00	1.48e-05	0.00e+00
 5.69046e+12	5.98e-33	6.63e-25	8.53e-18	1.66e-11	3.07e-06	1.00e+00	1.36e-05	0.00e+00
 5.94300e+12	8.60e-33	8.90e-25	1.07e-17	1.94e-11	3.34e-06	1.00e+00	1.25e-05	0.00e+00
 6.19747e+12	1.22e-32	1.18e-24	1.34e-17	2.26e-11	3.61e-06	1.00e+00	1.16e-05	0.00e+00
 6.43411e+12	1.68e-32	1.53e-24	1.63e-17	2.59e-11	3.88e-06	1.00e+00	1.08e-05	0.00e+00
 6.69339e+12	2.35e-32	2.01e-24	2.01e-17	2.99e-11	4.19e-06	1.00e+00	1.00e-05	0.00e+00
 6.95903e+12	3.28e-32	2.64e-24	2.47e-17	3.45e-11	4.51e-06	1.00e+00	9.30e-06	0.00e+00
 7.18001e+12	4.29e-32	3.28e-24	2.92e-17	3.88e-11	4.79e-06	1.00e+00	8.76e-06	0.00e+00
 7.41289e+12	5.66e-32	4.11e-24	3.47e-17	4.36e-11	5.09e-06	1.00e+00	8.25e-06	0.00e+00
 7.71037e+12	7.97e-32	5.42e-24	4.29e-17	5.04e-11	5.48e-06	1.00e+00	7.65e-06	0.00e+00
 8.02183e+12	1.13e-31	7.17e-24	5.32e-17	5.84e-11	5.92e-06	1.00e+00	7.09e-06	0.00e+00
 8.29666e+12	1.52e-31	9.12e-24	6.39e-17	6.62e-11	6.31e-06	1.00e+00	6.65e-06	0.00e+00
 8.59388e+12	2.07e-31	1.17e-23	7.75e-17	7.54e-11	6.75e-06	1.00e+00	6.22e-06	0.00e+00
 8.92665e+12	2.90e-31	1.54e-23	9.54e-17	8.69e-11	7.26e-06	1.00e+00	5.79e-06	0.00e+00
 9.24004e+12	3.96e-31	1.98e-23	1.15e-16	9.89e-11	7.75e-06	1.00e+00	5.42e-06	0.00e+00
 9.58184e+12	5.49e-31	2.58e-23	1.41e-16	1.13e-10	8.31e-06	1.00e+00	5.06e-06	0.00e+00
 9.96090e+12	7.78e-31	3.41e-23	1.75e-16	1.31e-10	8.95e-06	1.00e+00	4.70e-06	0.00e+00
 1.03130e+13	1.07e-30	4.40e-23	2.12e-16	1.49e-10	9.56e-06	1.00e+00	4.40e-06	0.00e+00
 1.06953e+13	1.49e-30	5.75e-23	2.59e-16	1.71e-10	1.03e-05	1.00e+00	4.10e-06	0.00e+00
 1.11229e+13	2.13e-30	7.67e-23	3.23e-16	1.98e-10	1.11e-05	1.00e+00	3.80e-06	0.00e+00
 1.15262e+13	2.96e-30	9.99e-23	3.94e-16	2.27e-10	1.18e-05	1.00e+00	3.56e-06	0.00e+00
 1.19670e+13	4.19e-30	1.32e-22	4.86e-16	2.61e-10	1.27e-05	1.00e+00	3.31e-06	0.00e+00
 1.24591e+13	6.08e-30	1.78e-22	6.10e-16	3.05e-10	1.37e-05	1.00e+00	3.06e-06	0.00e+00
 1.29224e+13	8.55e-30	2.34e-22	7.50e-16	3.50e-10	1.47e-05	1.00e+00	2.86e-06	0.00e+00
 1.34206e+13	1.22e-29	3.11e-22	9.29e-16	4.04e-10	1.58e-05	1.00e+00	2.66e-06	0.00e+00
 1.39873e+13	1.79e-29	4.24e-22	1.17e-15	4.73e-10	1.71e-05	1.00e+00	2.45e-06	0.00e+00
 1.45423e+13	2.58e-29	5.69e-22	1.46e-15	5.48e-10	1.85e-05	1.00e+00	2.28e-06	0.00e+00
 1.51195e+13	3.73e-29	7.64e-22	1.83e-15	6.36e-10	1.99e-05	1.00e+00	2.11e-06	0.00e+00
 1.57542e+13	5.50e-29	1.04e-21	2.31e-15	7.45e-10	2.16e-05	1.00e+00	1.95e-06	0.00e+00
 1.63951e+13	8.02e-29	1.41e-21	2.90e-15	8.68e-10	2.33e-05	1.00e+00	1.81e-06	0.00e+00
 1.70616e+13	1.17e-28	1.91e-21	3.65e-15	1.01e-09	2.51e-05	1.00e+00	1.67e-06	0.00e+00
 1.77320e+13	1.69e-28	2.56e-21	4.55e-15	1.17e-09	2.71e-05	1.00e+00	1.55e-06	0.00e+00
 1.83635e+13	2.35e-28	3.34e-21	5.56e-15	1.34e-09	2.90e-05	1.00e+00	1.45e-06	0.00e+00
 1.90623e+13	3.35e-28	4.45e-21	6.89e-15	1.55e-09	3.12e-05	1.00e+00	1.35e-06	0.00e+00
 1.97623e+13	4.72e-28	5.85e-21	8.48e-15	1.78e-09	3.35e-05	1.00e+00	1.26e-06	0.00e+00
 2.03378e+13	6.20e-28	7.29e-21	1.00e-14	1.99e-09	3.54e-05	1.00e+00	1.19e-06	0.00e+00
 2.09448e+13	8.20e-28	9.12e-21	1.19e-14	2.23e-09	3.75e-05	1.00e+00	1.12e-06	0.00e+00
 2.17287e+13	1.16e-27	1.21e-20	1.47e-14	2.57e-09	4.03e-05	1.00e+00	1.04e-06	0.00e+00
 2.25552e+13	1.66e-27	1.60e-20	1.82e-14	2.98e-09	4.34e-05	1.00e+00	9.71e-07	0.00e+00
 2.32799e+13	2.24e-27	2.04e-20	2.18e-14	3.37e-09	4.62e-05	1.00e+00	0.00e+00	0.00e+00
 2.40596e+13	3.06e-27	2.63e-20	2.64e-14	3.83e-09	4.93e-05	1.00e+00	0.00e+00	0.00e+00
 2.50053e+13	4.41e-27	3.53e-20	3.30e-14	4.45e-09	5.32e-05	1.00e+00	0.00e+00	0.00e+00
 2.59669e+13	6.31e-27	4.71e-20	4.11e-14	5.16e-09	5.74e-05	1.00e+00	0.00e+00	0.00e+00
 2.68581e+13	8.69e-27	6.09e-20	4.99e-14	5.89e-09	6.14e-05	1.00e+00	0.00e+00	0.00e+00
 2.78533e+13	1.23e-26	8.04e-20	6.17e-14	6.79e-09	6.60e-05	1.00e+00	0.00e+00	0.00e+00
 2.89206e+13	1.75e-26	1.07e-19	7.67e-14	7.87e-09	7.12e-05	1.00e+00	0.00e+00	0.00e+00
 2.98691e+13	2.38e-26	1.37e-19	9.25e-14	8.93e-09	7.59e-05	1.00e+00	0.00e+00	0.00e+00
 3.08859e+13	3.26e-26	1.77e-19	1.12e-13	1.02e-08	8.12e-05	1.00e+00	0.00e+00	0.00e+00
 3.21048e+13	4.70e-26	2.37e-19	1.41e-13	1.19e-08	8.79e-05	1.00e+00	0.00e+00	0.00e+00
 3.33025e+13	6.64e-26	3.14e-19	1.74e-13	1.37e-08	9.46e-05	1.00e+00	0.00e+00	0.00e+00
 3.43652e+13	8.94e-26	3.99e-19	2.09e-13	1.55e-08	1.01e-04	1.00e+00	0.00e+00	0.00e+00
 3.55363e+13	1.23e-25	5.15e-19	2.54e-13	1.77e-08	1.08e-04	1.00e+00	0.00e+00	0.00e+00
 3.69371e+13	1.76e-25	6.92e-19	3.18e-13	2.07e-08	1.17e-04	1.00e+00	0.00e+00	0.00e+00
 3.83306e+13	2.50e-25	9.18e-19	3.94e-13	2.39e-08	1.26e-04	1.00e+00	0.00e+00	0.00e+00
 3.95999e+13	3.41e-25	1.18e-18	4.77e-13	2.72e-08	1.34e-04	1.00e+00	0.00e+00	0.00e+00
 4.10137e+13	4.75e-25	1.54e-18	5.85e-13	3.13e-08	1.44e-04	1.00e+00	0.00e+00	0.00e+00
 4.26640e+13	6.88e-25	2.08e-18	7.36e-13	3.66e-08	1.57e-04	1.00e+00	0.00e+00	0.00e+00
 4.42863e+13	9.81e-25	2.77e-18	9.15e-13	4.24e-08	1.69e-04	1.00e+00	0.00e+00	0.00e+00
 4.58112e+13	1.35e-24	3.58e-18	1.11e-12	4.85e-08	1.81e-04	1.00e+00	0.00e+00	0.00e+00
 4.75114e+13	1.91e-24	4.74e-18	1.38e-12	5.60e-08	1.95e-04	1.00e+00	0.00e+00	0.00e+00
 4.94418e+13	2.78e-24	6.42e-18	1.74e-12	6.56e-08	2.11e-04	1.00e+00	0.00e+00	0.00e+00
 5.13659e+13	4.01e-24	8.62e-18	2.18e-12	7.63e-08	2.28e-04	1.00e+00	0.00e+00	0.00e+00
 5.31606e+13	5.55e-24	1.12e-17	2.66e-12	8.75e-08	2.45e-04	1.00e+00	0.00e+00	0.00e+00
 5.51107e+13	7.83e-24	1.48e-17	3.29e-12	1.01e-07	2.64e-04	1.00e+00	0.00e+00	0.00e+00
 5.72974e+13	1.13e-23	2.00e-17	4.13e-12	1.18e-07	2.85e-04	1.00e+00	0.00e+00	0.00e+00
 5.93369e+13	1.59e-23	2.62e-17	5.07e-12	1.35e-07	3.06e-04	1.00e+00	0.00e+00	0.00e+00
 6.12238e+13	2.14e-23	3.33e-17	6.09e-12	1.53e-07	3.27e-04	1.00e+00	0.00e+00	0.00e+00
 6.30387e+13	2.83e-23	4.18e-17	7.24e-12	1.72e-07	3.46e-04	1.00e+00	0.00e+00	0.00e+00
 6.50538e+13	3.83e-23	5.33e-17	8.71e-12	1.95e-07	3.69e-04	1.00e+00	0.00e+00	0.00e+00
 6.72836e+13	5.29e-23	6.91e-17	1.06e-11	2.23e-07	3.95e-04	1.00e+00	0.00e+00	0.00e+00
 6.93603e+13	7.10e-23	8.76e-17	1.27e-11	2.52e-07	4.20e-04	1.00e+00	0.00e+00	0.00e+00
 7.16276e+13	9.67e-23	1.12e-16	1.53e-11	2.86e-07	4.49e-04	1.00e+00	0.00e+00	0.00e+00
 7.41764e+13	1.35e-22	1.47e-16	1.89e-11	3.29e-07	4.82e-04	1.00e+00	0.00e+00	0.00e+00
 7.66102e+13	1.85e-22	1.90e-16	2.28e-11	3.74e-07	5.14e-04	9.99e-01	0.00e+00	0.00e+00
 7.92933e+13	2.58e-22	2.48e-16	2.79e-11	4.29e-07	5.51e-04	9.99e-01	0.00e+00	0.00e+00
 8.22491e+13	3.67e-22	3.29e-16	3.47e-11	4.96e-07	5.94e-04	9.99e-01	0.00e+00	0.00e+00
 8.49666e+13	5.04e-22	4.24e-16	4.20e-11	5.64e-07	6.34e-04	9.99e-01	0.00e+00	0.00e+00
 8.79064e+13	6.99e-22	5.53e-16	5.14e-11	6.46e-07	6.79e-04	9.99e-01	0.00e+00	0.00e+00
 9.11947e+13	9.97e-22	7.35e-16	6.38e-11	7.48e-07	7.32e-04	9.99e-01	0.00e+00	0.00e+00
 9.42896e+13	1.38e-21	9.53e-16	7.77e-11	8.54e-07	7.83e-04	9.99e-01	0.00e+00	0.00e+00
 9.76663e+13	1.93e-21	1.25e-15	9.57e-11	9.82e-07	8.41e-04	9.99e-01	0.00e+00	0.00e+00
 1.01416e+14	2.78e-21	1.68e-15	1.19e-10	1.14e-06	9.08e-04	9.99e-01	0.00e+00	0.00e+00
 1.04914e+14	3.85e-21	2.19e-15	1.46e-10	1.31e-06	9.73e-04	9.99e-01	0.00e+00	0.00e+00
 1.08717e+14	5.42e-21	2.88e-15	1.80e-10	1.51e-06	1.05e-03	9.99e-01	0.00e+00	0.00e+00
 1.12972e+14	7.83e-21	3.87e-15	2.26e-10	1.76e-06	1.13e-03	9.99e-01	0.00e+00	0.00e+00
 1.17002e+14	1.10e-20	5.08e-15	2.78e-10	2.02e-06	1.22e-03	9.99e-01	0.00e+00	0.00e+00
 1.21318e+14	1.54e-20	6.71e-15	3.43e-10	2.33e-06	1.31e-03	9.99e-01	0.00e+00	0.00e+00
 1.26200e+14	2.25e-20	9.09e-15	4.33e-10	2.73e-06	1.42e-03	9.99e-01	0.00e+00	0.00e+00
 1.30997e+14	3.19e-20	1.21e-14	5.39e-10	3.17e-06	1.54e-03	9.98e-01	0.00e+00	0.00e+00
 1.35985e+14	4.53e-20	1.61e-14	6.71e-10	3.69e-06	1.66e-03	9.98e-01	0.00e+00	0.00e+00
 1.41455e+14	6.55e-20	2.17e-14	8.46e-10	4.32e-06	1.80e-03	9.98e-01	0.00e+00	0.00e+00
 1.46847e+14	9.27e-20	2.88e-14	1.05e-09	5.02e-06	1.95e-03	9.98e-01	0.00e+00	0.00e+00
 1.51311e+14	1.23e-19	3.61e-14	1.25e-09	5.66e-06	2.08e-03	9.98e-01	0.00e+00	0.00e+00
 1.54901e+14	1.52e-19	4.31e-14	1.44e-09	6.21e-06	2.18e-03	9.98e-01	0.00e+00	0.00e+00
 1.58880e+14	1.91e-19	5.21e-14	1.67e-09	6.88e-06	2.31e-03	9.98e-01	0.00e+00	0.00e+00
 1.64053e+14	2.56e-19	6.61e-14	2.01e-09	7.83e-06	2.47e-03	9.98e-01	0.00e+00	0.00e+00
 1.69604e+14	3.46e-19	8.47e-14	2.44e-09	8.95e-06	2.65e-03	9.97e-01	0.00e+00	0.00e+00
 1.74531e+14	4.47e-19	1.05e-13	2.88e-09	1.00e-05	2.82e-03	9.97e-01	0.00e+00	0.00e+00
 1.79822e+14	5.85e-19	1.30e-13	3.43e-09	1.13e-05	3.01e-03	9.97e-01	0.00e+00	0.00e+00
 1.86484e+14	8.07e-19	1.70e-13	4.23e-09	1.31e-05	3.26e-03	9.97e-01	0.00e+00	0.00e+00
 1.93242e+14	1.10e-18	2.21e-13	5.20e-09	1.51e-05	3.52e-03	9.96e-01	0.00e+00	0.00e+00
 1.99043e+14	1.43e-18	2.74e-13	6.17e-09	1.70e-05	3.76e-03	9.96e-01	0.00e+00	0.00e+00
 2.05289e+14	1.87e-18	3.42e-13	7.37e-09	1.93e-05	4.02e-03	9.96e-01	0.00e+00	0.00e+00
 2.13010e+14	2.58e-18	4.47e-13	9.13e-09	2.24e-05	4.36e-03	9.96e-01	0.00e+00	0.00e+00
 2.20905e+14	3.52e-18	5.80e-13	1.13e-08	2.59e-05	4.73e-03	9.95e-01	0.00e+00	0.00e+00
 2.27943e+14	4.60e-18	7.26e-13	1.35e-08	2.94e-05	5.08e-03	9.95e-01	0.00e+00	0.00e+00
 2.35614e+14	6.09e-18	9.18e-13	1.63e-08	3.36e-05	5.47e-03	9.95e-01	0.00e+00	0.00e+00
 2.44764e+14	8.41e-18	1.21e-12	2.03e-08	3.92e-05	5.95e-03	9.94e-01	0.00e+00	0.00e+00
 2.53789e+14	1.14e-17	1.56e-12	2.51e-08	4.54e-05	6.46e-03	9.93e-01	0.00e+00	0.00e+00
 2.61930e+14	1.49e-17	1.95e-12	3.01e-08	5.15e-05	6.94e-03	9.93e-01	0.00e+00	0.00e+00
 2.70969e+14	1.97e-17	2.48e-12	3.66e-08	5.90e-05	7.49e-03	9.92e-01	0.00e+00	0.00e+00
 2.81614e+14	2.72e-17	3.25e-12	4.57e-08	6.89e-05	8.17e-03	9.92e-01	0.00e+00	0.00e+00
 2.92119e+14	3.69e-17	4.21e-12	5.65e-08	7.99e-05	8.88e-03	9.91e-01	0.00e+00	0.00e+00
 3.01861e+14	4.85e-17	5.31e-12	6.83e-08	9.11e-05	9.56e-03	9.90e-01	0.00e+00	0.00e+00
 3.12782e+14	6.52e-17	6.83e-12	8.40e-08	1.05e-04	1.04e-02	9.90e-01	0.00e+00	0.00e+00
 3.25324e+14	9.04e-17	9.02e-12	1.06e-07	1.23e-04	1.13e-02	9.89e-01	0.00e+00	0.00e+00
 3.37643e+14	1.23e-16	1.17e-11	1.31e-07	1.43e-04	1.23e-02	9.88e-01	0.00e+00	0.00e+00
 3.50455e+14	2.01e-16	1.53e-11	1.63e-07	1.66e-04	1.34e-02	9.86e-01	0.00e+00	0.00e+00
 3.62142e+14	2.66e-16	1.93e-11	1.98e-07	1.89e-04	1.44e-02	9.85e-01	0.00e+00	0.00e+00
 3.70834e+14	3.26e-16	2.29e-11	2.27e-07	2.08e-04	1.52e-02	9.85e-01	0.00e+00	0.00e+00
 3.79781e+14	4.00e-16	2.71e-11	2.61e-07	2.29e-04	1.61e-02	9.84e-01	0.00e+00	0.00e+00
 3.91411e+14	5.18e-16	3.36e-11	3.12e-07	2.58e-04	1.72e-02	9.83e-01	0.00e+00	0.00e+00
 4.04055e+14	6.82e-16	4.23e-11	3.76e-07	2.93e-04	1.85e-02	9.81e-01	0.00e+00	0.00e+00
 4.15494e+14	8.69e-16	5.17e-11	4.44e-07	3.28e-04	1.97e-02	9.80e-01	0.00e+00	0.00e+00
 4.27843e+14	1.12e-15	6.38e-11	5.28e-07	3.68e-04	2.11e-02	9.79e-01	0.00e+00	0.00e+00
 4.43535e+14	1.53e-15	8.30e-11	6.54e-07	4.26e-04	2.28e-02	9.77e-01	0.00e+00	0.00e+00
 4.59335e+14	2.08e-15	1.07e-10	8.06e-07	4.90e-04	2.47e-02	9.75e-01	0.00e+00	0.00e+00
 4.72508e+14	2.67e-15	1.32e-10	9.54e-07	5.48e-04	2.63e-02	9.73e-01	0.00e+00	0.00e+00
 4.86503e+14	3.45e-15	1.63e-10	1.14e-06	6.16e-04	2.81e-02	9.71e-01	0.00e+00	0.00e+00
 5.04317e+14	4.74e-15	2.12e-10	1.41e-06	7.12e-04	3.04e-02	9.69e-01	0.00e+00	0.00e+00
 5.23095e+14	6.44e-15	2.78e-10	1.75e-06	8.24e-04	3.30e-02	9.66e-01	0.00e+00	0.00e+00
 5.39985e+14	8.53e-15	3.52e-10	2.12e-06	9.36e-04	3.54e-02	9.64e-01	0.00e+00	0.00e+00
 5.58419e+14	1.15e-14	4.51e-10	2.60e-06	1.07e-03	3.81e-02	9.61e-01	0.00e+00	0.00e+00
 5.80229e+14	1.62e-14	6.01e-10	3.28e-06	1.25e-03	4.15e-02	9.57e-01	0.00e+00	0.00e+00
 6.01662e+14	2.24e-14	7.89e-10	4.08e-06	1.44e-03	4.49e-02	9.54e-01	0.00e+00	0.00e+00
 6.21196e+14	2.99e-14	1.00e-09	4.95e-06	1.64e-03	4.81e-02	9.50e-01	0.00e+00	0.00e+00
 6.43033e+14	4.09e-14	1.30e-09	6.10e-06	1.88e-03	5.19e-02	9.46e-01	0.00e+00	0.00e+00
 6.68498e+14	5.82e-14	1.75e-09	7.73e-06	2.20e-03	5.65e-02	9.41e-01	0.00e+00	0.00e+00
 6.93572e+14	8.16e-14	2.32e-09	9.68e-06	2.55e-03	6.12e-02	9.36e-01	0.00e+00	0.00e+00
 7.17151e+14	1.11e-13	2.99e-09	1.19e-05	2.92e-03	6.57e-02	9.31e-01	0.00e+00	0.00e+00
 7.43371e+14	1.54e-13	3.93e-09	1.47e-05	3.37e-03	7.10e-02	9.26e-01	0.00e+00	0.00e+00
 7.68432e+14	2.09e-13	5.07e-09	1.80e-05	3.84e-03	7.62e-02	9.20e-01	0.00e+00	0.00e+00
 7.87091e+14	2.60e-13	6.10e-09	2.09e-05	4.23e-03	8.02e-02	9.16e-01	0.00e+00	0.00e+00
 8.05924e+14	3.24e-13	7.32e-09	2.41e-05	4.65e-03	8.43e-02	9.11e-01	0.00e+00	0.00e+00
 8.30408e+14	4.28e-13	9.22e-09	2.90e-05	5.24e-03	8.98e-02	9.05e-01	0.00e+00	0.00e+00
 8.56977e+14	5.72e-13	1.18e-08	3.51e-05	5.94e-03	9.59e-02	8.98e-01	0.00e+00	0.00e+00
 8.80838e+14	7.40e-13	1.46e-08	4.15e-05	6.62e-03	1.02e-01	8.92e-01	0.00e+00	0.00e+00
 9.06441e+14	9.66e-13	1.82e-08	4.94e-05	7.42e-03	1.08e-01	8.85e-01	0.00e+00	0.00e+00
 9.39345e+14	1.35e-12	2.40e-08	6.15e-05	8.55e-03	1.16e-01	8.75e-01	0.00e+00	0.00e+00
 9.72587e+14	1.86e-12	3.14e-08	7.59e-05	9.80e-03	1.24e-01	8.66e-01	0.00e+00	0.00e+00
 9.99918e+14	2.41e-12	3.90e-08	8.99e-05	1.09e-02	1.32e-01	8.57e-01	0.00e+00	0.00e+00
 1.02872e+15	3.15e-12	4.87e-08	1.07e-04	1.22e-02	1.39e-01	8.48e-01	0.00e+00	0.00e+00
 1.06591e+15	4.39e-12	6.41e-08	1.32e-04	1.40e-02	1.49e-01	8.36e-01	0.00e+00	0.00e+00
 1.10532e+15	6.15e-12	8.51e-08	1.65e-04	1.62e-02	1.60e-01	8.23e-01	0.00e+00	0.00e+00
 1.13980e+15	8.19e-12	1.08e-07	1.98e-04	1.82e-02	1.70e-01	8.12e-01	0.00e+00	0.00e+00
 1.17659e+15	1.10e-11	1.38e-07	2.40e-04	2.06e-02	1.81e-01	7.99e-01	0.00e+00	0.00e+00
 1.22135e+15	1.56e-11	1.85e-07	3.01e-04	2.38e-02	1.94e-01	7.82e-01	0.00e+00	0.00e+00
 1.26588e+15	2.17e-11	2.44e-07	3.73e-04	2.73e-02	2.07e-01	7.65e-01	0.00e+00	0.00e+00
 1.30509e+15	2.88e-11	3.09e-07	4.47e-04	3.06e-02	2.18e-01	7.51e-01	0.00e+00	0.00e+00
 1.34797e+15	3.88e-11	3.96e-07	5.41e-04	3.45e-02	2.31e-01	7.34e-01	0.00e+00	0.00e+00
 1.39966e+15	5.49e-11	5.28e-07	6.76e-04	3.97e-02	2.47e-01	7.13e-01	0.00e+00	0.00e+00
 1.44920e+15	7.51e-11	6.87e-07	8.28e-04	4.51e-02	2.61e-01	6.93e-01	0.00e+00	0.00e+00
 1.49091e+15	9.71e-11	8.52e-07	9.77e-04	4.99e-02	2.73e-01	6.76e-01	0.00e+00	0.00e+00
 1.52838e+15	1.21e-10	1.03e-06	1.13e-03	5.46e-02	2.84e-01	6.60e-01	0.00e+00	0.00e+00
 1.56945e+15	1.55e-10	1.26e-06	1.31e-03	6.00e-02	2.96e-01	6.43e-01	0.00e+00	0.00e+00
 1.61528e+15	2.01e-10	1.56e-06	1.55e-03	6.64e-02	3.09e-01	6.23e-01	0.00e+00	0.00e+00
 1.65837e+15	2.55e-10	1.90e-06	1.80e-03	7.27e-02	3.21e-01	6.05e-01	0.00e+00	0.00e+00
 1.70544e+15	3.29e-10	2.35e-06	2.11e-03	8.00e-02	3.33e-01	5.85e-01	0.00e+00	0.00e+00
 1.75732e+15	4.30e-10	2.94e-06	2.49e-03	8.85e-02	3.46e-01	5.63e-01	0.00e+00	0.00e+00
 1.80541e+15	5.47e-10	3.59e-06	2.90e-03	9.67e-02	3.58e-01	5.42e-01	0.00e+00	0.00e+00
 1.85791e+15	7.09e-10	4.44e-06	3.40e-03	1.06e-01	3.70e-01	5.20e-01	0.00e+00	0.00e+00
 1.91624e+15	9.31e-10	5.56e-06	4.02e-03	1.17e-01	3.83e-01	4.96e-01	0.00e+00	0.00e+00
 1.97134e+15	1.19e-09	6.82e-06	4.67e-03	1.28e-01	3.94e-01	4.73e-01	0.00e+00	0.00e+00
 2.03218e+15	1.56e-09	8.52e-06	5.50e-03	1.40e-01	4.05e-01	4.49e-01	0.00e+00	0.00e+00
 2.09880e+15	2.06e-09	1.07e-05	6.52e-03	1.55e-01	4.16e-01	4.23e-01	0.00e+00	0.00e+00
 2.15923e+15	2.63e-09	1.31e-05	7.54e-03	1.68e-01	4.25e-01	4.00e-01	0.00e+00	0.00e+00
 2.22405e+15	3.41e-09	1.61e-05	8.79e-03	1.82e-01	4.33e-01	3.76e-01	0.00e+00	0.00e+00
 2.29607e+15	4.46e-09	2.01e-05	1.03e-02	1.99e-01	4.41e-01	3.50e-01	0.00e+00	0.00e+00
 2.36383e+15	5.69e-09	2.45e-05	1.19e-02	2.15e-01	4.46e-01	3.27e-01	0.00e+00	0.00e+00
 2.43832e+15	7.44e-09	3.05e-05	1.39e-02	2.33e-01	4.51e-01	3.03e-01	0.00e+00	0.00e+00
 2.51976e+15	9.75e-09	3.79e-05	1.63e-02	2.52e-01	4.54e-01	2.78e-01	0.00e+00	0.00e+00
 2.59047e+15	1.22e-08	4.54e-05	1.85e-02	2.69e-01	4.55e-01	2.58e-01	0.00e+00	0.00e+00
 2.65237e+15	1.48e-08	5.31e-05	2.07e-02	2.84e-01	4.54e-01	2.41e-01	0.00e+00	0.00e+00
 2.72259e+15	1.84e-08	6.32e-05	2.34e-02	3.01e-01	4.53e-01	2.23e-01	0.00e+00	0.00e+00
 2.79701e+15	2.29e-08	7.52e-05	2.64e-02	3.18e-01	4.50e-01	2.05e-01	0.00e+00	0.00e+00
 2.86448e+15	2.77e-08	8.75e-05	2.94e-02	3.34e-01	4.47e-01	1.89e-01	0.00e+00	0.00e+00
 2.92970e+15	3.31e-08	1.01e-04	3.25e-02	3.49e-01	4.42e-01	1.76e-01	0.00e+00	0.00e+00
 3.00445e+15	4.08e-08	1.19e-04	3.63e-02	3.67e-01	4.36e-01	1.60e-01	0.00e+00	0.00e+00
 3.08818e+15	5.08e-08	1.41e-04	4.10e-02	3.85e-01	4.29e-01	1.45e-01	0.00e+00	0.00e+00
 3.16739e+15	6.20e-08	1.65e-04	4.56e-02	4.02e-01	4.20e-01	1.32e-01	0.00e+00	0.00e+00
 3.24282e+15	7.48e-08	1.91e-04	5.04e-02	4.18e-01	4.11e-01	1.20e-01	0.00e+00	0.00e+00
 3.31782e+15	8.95e-08	2.20e-04	5.55e-02	4.33e-01	4.02e-01	1.09e-01	0.00e+00	0.00e+00
 3.40360e+15	1.11e-07	2.59e-04	6.20e-02	4.51e-01	3.90e-01	9.73e-02	0.00e+00	0.00e+00
 3.49721e+15	1.37e-07	3.05e-04	6.92e-02	4.68e-01	3.76e-01	8.63e-02	0.00e+00	0.00e+00
 3.58351e+15	1.66e-07	3.54e-04	7.65e-02	4.83e-01	3.63e-01	7.70e-02	0.00e+00	0.00e+00
 3.66576e+15	1.99e-07	4.07e-04	8.39e-02	4.96e-01	3.51e-01	6.89e-02	0.00e+00	0.00e+00
 3.76024e+15	2.47e-07	4.80e-04	9.34e-02	5.11e-01	3.35e-01	6.02e-02	0.00e+00	0.00e+00
 3.86163e+15	3.04e-07	5.62e-04	1.04e-01	5.25e-01	3.18e-01	5.24e-02	0.00e+00	0.00e+00
 3.95232e+15	3.66e-07	6.48e-04	1.14e-01	5.36e-01	3.03e-01	4.60e-02	0.00e+00	0.00e+00
 4.03661e+15	4.37e-07	7.41e-04	1.24e-01	5.45e-01	2.89e-01	4.06e-02	0.00e+00	0.00e+00
 4.11937e+15	5.16e-07	8.41e-04	1.35e-01	5.53e-01	2.75e-01	3.59e-02	0.00e+00	0.00e+00
 4.21404e+15	6.37e-07	9.84e-04	1.49e-01	5.61e-01	2.58e-01	3.08e-02	0.00e+00	0.00e+00
 4.31076e+15	7.65e-07	1.13e-03	1.63e-01	5.67e-01	2.42e-01	2.65e-02	0.00e+00	0.00e+00
 4.39301e+15	9.03e-07	1.28e-03	1.76e-01	5.71e-01	2.28e-01	2.32e-02	0.00e+00	0.00e+00
 4.48284e+15	1.10e-06	1.48e-03	1.93e-01	5.74e-01	2.12e-01	1.98e-02	0.00e+00	0.00e+00
 4.56665e+15	1.28e-06	1.67e-03	2.08e-01	5.75e-01	1.99e-01	1.72e-02	0.00e+00	0.00e+00
 4.62572e+15	1.45e-06	1.83e-03	2.19e-01	5.75e-01	1.89e-01	1.54e-02	0.00e+00	0.00e+00
 4.68563e+15	1.65e-06	2.01e-03	2.32e-01	5.73e-01	1.79e-01	1.38e-02	0.00e+00	0.00e+00
 4.76350e+15	1.98e-06	2.30e-03	2.50e-01	5.70e-01	1.65e-01	1.17e-02	0.00e+00	0.00e+00
 4.83807e+15	2.29e-06	2.57e-03	2.68e-01	5.66e-01	1.54e-01	1.01e-02	0.00e+00	0.00e+00
 4.89399e+15	2.58e-06	2.81e-03	2.81e-01	5.62e-01	1.45e-01	9.03e-03	0.00e+00	0.00e+00
 4.95233e+15	2.94e-06	3.09e-03	2.97e-01	5.57e-01	1.35e-01	7.94e-03	0.00e+00	0.00e+00
 5.01723e+15	3.32e-06	3.39e-03	3.14e-01	5.50e-01	1.26e-01	6.89e-03	0.00e+00	0.00e+00
 5.08045e+15	3.83e-06	3.78e-03	3.33e-01	5.41e-01	1.16e-01	5.92e-03	0.00e+00	0.00e+00
 5.13860e+15	4.50e-06	4.24e-03	3.52e-01	5.32e-01	1.07e-01	5.08e-03	0.00e+00	0.00e+00
 5.18712e+15	5.03e-06	4.61e-03	3.67e-01	5.24e-01	9.99e-02	4.48e-03	0.00e+00	0.00e+00
 5.23695e+15	5.58e-06	4.98e-03	3.83e-01	5.15e-01	9.28e-02	3.93e-03	0.00e+00	0.00e+00
 5.30173e+15	6.56e-06	5.60e-03	4.06e-01	5.02e-01	8.36e-02	3.25e-03	0.00e+00	0.00e+00
 5.36643e+15	7.72e-06	6.31e-03	4.29e-01	4.87e-01	7.49e-02	2.68e-03	0.00e+00	0.00e+00
 5.41575e+15	9.12e-06	7.10e-03	4.49e-01	4.73e-01	6.81e-02	2.25e-03	0.00e+00	0.00e+00
 5.45404e+15	1.01e-05	7.64e-03	4.64e-01	4.63e-01	6.32e-02	1.97e-03	0.00e+00	0.00e+00
 5.49327e+15	1.13e-05	8.27e-03	4.80e-01	4.52e-01	5.83e-02	1.71e-03	0.00e+00	0.00e+00
 5.54426e+15	1.31e-05	9.21e-03	5.01e-01	4.36e-01	5.21e-02	1.41e-03	0.00e+00	0.00e+00
 5.59753e+15	1.53e-05	1.03e-02	5.23e-01	4.20e-01	4.61e-02	1.14e-03	0.00e+00	0.00e+00
 5.64218e+15	1.70e-05	1.11e-02	5.40e-01	4.06e-01	4.15e-02	9.56e-04	0.00e+00	0.00e+00
 5.68864e+15	1.97e-05	1.23e-02	5.60e-01	3.90e-01	3.67e-02	7.74e-04	0.00e+00	0.00e+00
 5.73841e+15	2.30e-05	1.38e-02	5.81e-01	3.73e-01	3.20e-02	6.12e-04	0.00e+00	0.00e+00
 5.78173e+15	2.66e-05	1.53e-02	5.99e-01	3.57e-01	2.81e-02	4.91e-04	0.00e+00	0.00e+00
 5.81387e+15	3.04e-05	1.67e-02	6.14e-01	3.44e-01	2.53e-02	4.09e-04	0.00e+00	0.00e+00
 5.83502e+15	3.26e-05	1.76e-02	6.22e-01	3.36e-01	2.37e-02	3.66e-04	0.00e+00	0.00e+00
 5.85532e+15	3.44e-05	1.83e-02	6.30e-01	3.29e-01	2.22e-02	3.29e-04	0.00e+00	0.00e+00
 5.88170e+15	3.84e-05	1.97e-02	6.41e-01	3.19e-01	2.01e-02	2.78e-04	0.00e+00	0.00e+00
 5.91017e+15	4.18e-05	2.09e-02	6.52e-01	3.09e-01	1.83e-02	2.38e-04	0.00e+00	0.00e+00
 5.94135e+15	4.78e-05	2.29e-02	6.65e-01	2.96e-01	1.62e-02	1.92e-04	0.00e+00	0.00e+00
 5.97219e+15	5.32e-05	2.47e-02	6.76e-01	2.85e-01	1.44e-02	1.59e-04	0.00e+00	0.00e+00
 5.99775e+15	5.75e-05	2.61e-02	6.84e-01	2.76e-01	1.31e-02	1.36e-04	0.00e+00	0.00e+00
 6.02613e+15	6.51e-05	2.84e-02	6.95e-01	2.65e-01	1.16e-02	1.10e-04	0.00e+00	0.00e+00
 6.05595e+15	7.27e-05	3.06e-02	7.05e-01	2.54e-01	1.03e-02	8.93e-05	0.00e+00	0.00e+00
 6.08302e+15	8.05e-05	3.28e-02	7.13e-01	2.44e-01	9.14e-03	7.35e-05	0.00e+00	0.00e+00
 6.11358e+15	9.08e-05	3.56e-02	7.23e-01	2.33e-01	7.95e-03	5.82e-05	0.00e+00	0.00e+00
 6.14626e+15	1.03e-04	3.87e-02	7.32e-01	2.22e-01	6.87e-03	4.55e-05	0.00e+00	0.00e+00
 6.17521e+15	1.15e-04	4.17e-02	7.40e-01	2.13e-01	6.01e-03	3.64e-05	0.00e+00	0.00e+00
 6.20209e+15	1.27e-04	4.47e-02	7.46e-01	2.04e-01	5.28e-03	2.93e-05	0.00e+00	0.00e+00
 6.23278e+15	1.44e-04	4.85e-02	7.53e-01	1.94e-01	4.54e-03	2.27e-05	0.00e+00	0.00e+00
 6.26605e+15	1.64e-04	5.29e-02	7.60e-01	1.83e-01	3.85e-03	1.73e-05	0.00e+00	0.00e+00
 6.29579e+15	1.84e-04	5.72e-02	7.65e-01	1.74e-01	3.31e-03	1.35e-05	0.00e+00	0.00e+00
 6.32315e+15	2.05e-04	6.14e-02	7.69e-01	1.66e-01	2.88e-03	1.06e-05	0.00e+00	0.00e+00
 6.35429e+15	2.32e-04	6.67e-02	7.74e-01	1.57e-01	2.43e-03	8.06e-06	0.00e+00	0.00e+00
 6.38833e+15	2.65e-04	7.28e-02	7.78e-01	1.47e-01	2.03e-03	5.98e-06	0.00e+00	0.00e+00
 6.41907e+15	3.00e-04	7.89e-02	7.80e-01	1.39e-01	1.72e-03	4.54e-06	0.00e+00	0.00e+00
 6.44743e+15	3.36e-04	8.49e-02	7.82e-01	1.32e-01	1.47e-03	3.51e-06	0.00e+00	0.00e+00
 6.47974e+15	3.83e-04	9.25e-02	7.83e-01	1.23e-01	1.22e-03	2.59e-06	0.00e+00	0.00e+00
 6.51504e+15	4.41e-04	1.01e-01	7.83e-01	1.14e-01	1.00e-03	1.87e-06	0.00e+00	0.00e+00
 6.54663e+15	5.02e-04	1.10e-01	7.82e-01	1.07e-01	8.35e-04	1.39e-06	0.00e+00	0.00e+00
 6.57542e+15	5.65e-04	1.19e-01	7.80e-01	1.00e-01	7.04e-04	1.05e-06	0.00e+00	0.00e+00
 6.60818e+15	6.48e-04	1.30e-01	7.76e-01	9.28e-02	5.76e-04	7.60e-07	0.00e+00	0.00e+00
 6.64418e+15	7.51e-04	1.42e-01	7.71e-01	8.52e-02	4.64e-04	0.00e+00	0.00e+00	0.00e+00
 6.67719e+15	8.64e-04	1.55e-01	7.65e-01	7.82e-02	3.77e-04	0.00e+00	0.00e+00	0.00e+00
 6.70702e+15	9.84e-04	1.69e-01	7.58e-01	7.22e-02	3.11e-04	0.00e+00	0.00e+00	0.00e+00
 6.73995e+15	1.13e-03	1.84e-01	7.49e-01	6.59e-02	2.51e-04	0.00e+00	0.00e+00	0.00e+00
 6.77712e+15	1.34e-03	2.03e-01	7.36e-01	5.91e-02	1.95e-04	0.00e+00	0.00e+00	0.00e+00
 6.81167e+15	1.56e-03	2.24e-01	7.22e-01	5.29e-02	1.53e-04	0.00e+00	0.00e+00	0.00e+00
 6.84235e+15	1.80e-03	2.43e-01	7.07e-01	4.77e-02	1.23e-04	0.00e+00	0.00e+00	0.00e+00
 6.87616e+15	2.10e-03	2.67e-01	6.89e-01	4.23e-02	9.53e-05	0.00e+00	0.00e+00	0.00e+00
 6.92011e+15	2.57e-03	3.00e-01	6.61e-01	3.58e-02	6.75e-05	0.00e+00	0.00e+00	0.00e+00
 6.96448e+15	3.19e-03	3.40e-01	6.27e-01	2.96e-02	4.68e-05	0.00e+00	0.00e+00	0.00e+00
 6.99897e+15	3.78e-03	3.74e-01	5.97e-01	2.51e-02	3.45e-05	0.00e+00	0.00e+00	0.00e+00
 7.02845e+15	4.39e-03	4.06e-01	5.68e-01	2.16e-02	2.62e-05	0.00e+00	0.00e+00	0.00e+00
 7.06186e+15	5.19e-03	4.43e-01	5.34e-01	1.80e-02	1.90e-05	0.00e+00	0.00e+00	0.00e+00
 7.10530e+15	6.48e-03	4.96e-01	4.83e-01	1.38e-02	1.19e-05	0.00e+00	0.00e+00	0.00e+00
 7.14753e+15	8.09e-03	5.53e-01	4.29e-01	1.03e-02	7.37e-06	0.00e+00	0.00e+00	0.00e+00
 7.17714e+15	9.53e-03	5.95e-01	3.88e-01	8.13e-03	5.08e-06	0.00e+00	0.00e+00	0.00e+00
 7.20459e+15	1.10e-02	6.33e-01	3.49e-01	6.41e-03	3.50e-06	0.00e+00	0.00e+00	0.00e+00
 7.23383e+15	1.30e-02	6.75e-01	3.07e-01	4.85e-03	2.28e-06	0.00e+00	0.00e+00	0.00e+00
 7.25802e+15	1.48e-02	7.10e-01	2.72e-01	3.77e-03	1.57e-06	0.00e+00	0.00e+00	0.00e+00
 7.27789e+15	1.66e-02	7.37e-01	2.43e-01	3.01e-03	1.12e-06	0.00e+00	0.00e+00	0.00e+00
 7.29952e+15	1.87e-02	7.65e-01	2.14e-01	2.32e-03	7.68e-07	0.00e+00	0.00e+00	0.00e+00
 7.32330e+15	2.15e-02	7.95e-01	1.82e-01	1.70e-03	0.00e+00	0.00e+00	0.00e+00	0.00e+00
 7.34419e+15	2.43e-02	8.19e-01	1.56e-01	1.26e-03	0.00e+00	0.00e+00	0.00e+00	0.00e+00
 7.36151e+15	2.70e-02	8.37e-01	1.35e-01	9.68e-04	0.00e+00	0.00e+00	0.00e+00	0.00e+00
 7.37988e+15	3.02e-02	8.54e-01	1.15e-01	7.16e-04	0.00e+00	0.00e+00	0.00e+00	0.00e+00
 7.39973e+15	3.41e-02	8.70e-01	9.55e-02	5.07e-04	0.00e+00	0.00e+00	0.00e+00	0.00e+00
 7.41705e+15	3.81e-02	8.82e-01	7.99e-02	3.67e-04	0.00e+00	0.00e+00	0.00e+00	0.00e+00
 7.43211e+15	4.21e-02	8.90e-01	6.78e-02	2.73e-04	0.00e+00	0.00e+00	0.00e+00	0.00e+00
 7.44630e+15	4.63e-02	8.96e-01	5.75e-02	2.04e-04	0.00e+00	0.00e+00	0.00e+00	0.00e+00
 7.46234e+15	5.15e-02	9.01e-01	4.74e-02	1.44e-04	0.00e+00	0.00e+00	0.00e+00	0.00e+00
 7.47993e+15	5.82e-02	9.04e-01	3.78e-02	9.61e-05	0.00e+00	0.00e+00	0.00e+00	0.00e+00
 7.49523e+15	6.50e-02	9.04e-01	3.05e-02	6.59e-05	0.00e+00	0.00e+00	0.00e+00	0.00e+00
 7.50817e+15	7.15e-02	9.03e-01	2.52e-02	4.75e-05	0.00e+00	0.00e+00	0.00e+00	0.00e+00
 7.52236e+15	7.94e-02	9.00e-01	2.04e-02	3.25e-05	0.00e+00	0.00e+00	0.00e+00	0.00e+00
 7.53832e+15	8.94e-02	8.95e-01	1.58e-02	2.09e-05	0.00e+00	0.00e+00	0.00e+00	0.00e+00
 7.55324e+15	1.01e-01	8.87e-01	1.23e-02	1.35e-05	0.00e+00	0.00e+00	0.00e+00	0.00e+00
 7.56514e+15	1.10e-01	8.80e-01	9.95e-03	9.39e-06	0.00e+00	0.00e+00	0.00e+00	0.00e+00
 7.57457e+15	1.19e-01	8.73e-01	8.37e-03	6.98e-06	0.00e+00	0.00e+00	0.00e+00	0.00e+00
 7.58445e+15	1.29e-01	8.64e-01	6.97e-03	5.07e-06	0.00e+00	0.00e+00	0.00e+00	0.00e+00
 7.59577e+15	1.41e-01	8.54e-01	5.61e-03	3.49e-06	0.00e+00	0.00e+00	0.00e+00	0.00e+00
 7.60667e+15	1.53e-01	8.43e-01	4.52e-03	2.41e-06	0.00e+00	0.00e+00	0.00e+00	0.00e+00
 7.61575e+15	1.64e-01	8.32e-01	3.76e-03	1.75e-06	0.00e+00	0.00e+00	0.00e+00	0.00e+00
 7.62364e+15	1.74e-01	8.23e-01	3.19e-03	1.32e-06	0.00e+00	0.00e+00	0.00e+00	0.00e+00
 7.62984e+15	1.82e-01	8.15e-01	2.80e-03	1.06e-06	0.00e+00	0.00e+00	0.00e+00	0.00e+00
 7.63417e+15	1.88e-01	8.09e-01	2.56e-03	9.09e-07	0.00e+00	0.00e+00	0.00e+00	0.00e+00
 7.63826e+15	1.94e-01	8.03e-01	2.34e-03	0.00e+00	0.00e+00	0.00e+00	0.00e+00	0.00e+00
 7.64298e+15	2.01e-01	7.97e-01	2.11e-03	0.00e+00	0.00e+00	0.00e+00	0.00e+00	0.00e+00
 7.64809e+15	2.09e-01	7.89e-01	1.89e-03	0.00e+00	0.00e+00	0.00e+00	0.00e+00	0.00e+00
 7.65302e+15	2.16e-01	7.82e-01	1.69e-03	0.00e+00	0.00e+00	0.00e+00	0.00e+00	0.00e+00
 7.65769e+15	2.23e-01	7.75e-01	1.53e-03	0.00e+00	0.00e+00	0.00e+00	0.00e+00	0.00e+00
 7.66234e+15	2.31e-01	7.68e-01	1.37e-03	0.00e+00	0.00e+00	0.00e+00	0.00e+00	0.00e+00
 7.66702e+15	2.38e-01	7.60e-01	1.24e-03	0.00e+00	0.00e+00	0.00e+00	0.00e+00	0.00e+00
 7.67171e+15	2.46e-01	7.53e-01	1.11e-03	0.00e+00	0.00e+00	0.00e+00	0.00e+00	0.00e+00
 7.67636e+15	2.54e-01	7.45e-01	9.99e-04	0.00e+00	0.00e+00	0.00e+00	0.00e+00	0.00e+00
 7.68099e+15	2.62e-01	7.37e-01	8.97e-04	0.00e+00	0.00e+00	0.00e+00	0.00e+00	0.00e+00
 7.68565e+15	2.70e-01	7.29e-01	8.05e-04	0.00e+00	0.00e+00	0.00e+00	0.00e+00	0.00e+00
 7.69023e+15	2.78e-01	7.22e-01	7.23e-04	0.00e+00	0.00e+00	0.00e+00	0.00e+00	0.00e+00
 7.69477e+15	2.86e-01	7.14e-01	6.50e-04	0.00e+00	0.00e+00	0.00e+00	0.00e+00	0.00e+00
 7.69939e+15	2.94e-01	7.06e-01	5.83e-04	0.00e+00	0.00e+00	0.00e+00	0.00e+00	0.00e+00
 7.70400e+15	3.02e-01	6.97e-01	5.23e-04	0.00e+00	0.00e+00	0.00e+00	0.00e+00	0.00e+00
 7.70860e+15	3.11e-01	6.89e-01	4.68e-04	0.00e+00	0.00e+00	0.00e+00	0.00e+00	0.00e+00
 7.71319e+15	3.19e-01	6.80e-01	4.20e-04	0.00e+00	0.00e+00	0.00e+00	0.00e+00	0.00e+00
 7.71781e+15	3.28e-01	6.71e-01	3.76e-04	0.00e+00	0.00e+00	0.00e+00	0.00e+00	0.00e+00
 7.72251e+15	3.37e-01	6.63e-01	3.36e-04	0.00e+00	0.00e+00	0.00e+00	0.00e+00	0.00e+00
 7.72715e+15	3.46e-01	6.54e-01	3.01e-04	0.00e+00	0.00e+00	0.00e+00	0.00e+00	0.00e+00
 7.73180e+15	3.55e-01	6.45e-01	2.69e-04	0.00e+00	0.00e+00	0.00e+00	0.00e+00	0.00e+00
 7.73653e+15	3.64e-01	6.35e-01	2.40e-04	0.00e+00	0.00e+00	0.00e+00	0.00e+00	0.00e+00
 7.74134e+15	3.74e-01	6.26e-01	2.14e-04	0.00e+00	0.00e+00	0.00e+00	0.00e+00	0.00e+00
 7.74619e+15	3.84e-01	6.16e-01	1.91e-04	0.00e+00	0.00e+00	0.00e+00	0.00e+00	0.00e+00
 7.75101e+15	3.94e-01	6.06e-01	1.71e-04	0.00e+00	0.00e+00	0.00e+00	0.00e+00	0.00e+00
 7.75583e+15	4.04e-01	5.96e-01	1.53e-04	0.00e+00	0.00e+00	0.00e+00	0.00e+00	0.00e+00
 7.76068e+15	4.14e-01	5.86e-01	1.36e-04	0.00e+00	0.00e+00	0.00e+00	0.00e+00	0.00e+00
 7.76557e+15	4.25e-01	5.75e-01	1.22e-04	0.00e+00	0.00e+00	0.00e+00	0.00e+00	0.00e+00
 7.77049e+15	4.35e-01	5.65e-01	1.09e-04	0.00e+00	0.00e+00	0.00e+00	0.00e+00	0.00e+00
 7.77544e+15	4.46e-01	5.54e-01	9.78e-05	0.00e+00	0.00e+00	0.00e+00	0.00e+00	0.00e+00
 7.78051e+15	4.58e-01	5.42e-01	8.75e-05	0.00e+00	0.00e+00	0.00e+00	0.00e+00	0.00e+00
 7.78568e+15	4.69e-01	5.31e-01	7.84e-05	0.00e+00	0.00e+00	0.00e+00	0.00e+00	0.00e+00
 7.79092e+15	4.81e-01	5.19e-01	7.03e-05	0.00e+00	0.00e+00	0.00e+00	0.00e+00	0.00e+00
 7.79634e+15	4.93e-01	5.07e-01	6.30e-05	0.00e+00	0.00e+00	0.00e+00	0.00e+00	0.00e+00
 7.80197e+15	5.06e-01	4.94e-01	5.64e-05	0.00e+00	0.00e+00	0.00e+00	0.00e+00	0.00e+00
 7.80782e+15	5.20e-01	4.80e-01	5.04e-05	0.00e+00	0.00e+00	0.00e+00	0.00e+00	0.00e+00
 7.81390e+15	5.34e-01	4.66e-01	4.52e-05	0.00e+00	0.00e+00	0.00e+00	0.00e+00	0.00e+00
 7.82025e+15	5.48e-01	4.52e-01	4.05e-05	0.00e+00	0.00e+00	0.00e+00	0.00e+00	0.00e+00
 7.82706e+15	5.62e-01	4.38e-01	3.63e-05	0.00e+00	0.00e+00	0.00e+00	0.00e+00	0.00e+00
 7.83449e+15	5.77e-01	4.23e-01	3.23e-05	0.00e+00	0.00e+00	0.00e+00	0.00e+00	0.00e+00
 7.84255e+15	5.93e-01	4.07e-01	2.89e-05	0.00e+00	0.00e+00	0.00e+00	0.00e+00	0.00e+00
 7.85133e+15	6.09e-01	3.91e-01	2.58e-05	0.00e+00	0.00e+00	0.00e+00	0.00e+00	0.00e+00
 7.86110e+15	6.26e-01	3.74e-01	2.30e-05	0.00e+00	0.00e+00	0.00e+00	0.00e+00	0.00e+00
 7.87216e+15	6.43e-01	3.57e-01	2.05e-05	0.00e+00	0.00e+00	0.00e+00	0.00e+00	0.00e+00
 7.88391e+15	6.60e-01	3.40e-01	1.83e-05	0.00e+00	0.00e+00	0.00e+00	0.00e+00	0.00e+00
 7.89557e+15	6.75e-01	3.25e-01	1.66e-05	0.00e+00	0.00e+00	0.00e+00	0.00e+00	0.00e+00
 7.90716e+15	6.90e-01	3.10e-01	1.52e-05	0.00e+00	0.00e+00	0.00e+00	0.00e+00	0.00e+00
 7.92026e+15	7.02e-01	2.98e-01	1.39e-05	0.00e+00	0.00e+00	0.00e+00	0.00e+00	0.00e+00
 7.93561e+15	7.17e-01	2.83e-01	1.26e-05	0.00e+00	0.00e+00	0.00e+00	0.00e+00	0.00e+00
 7.95212e+15	7.31e-01	2.69e-01	1.14e-05	0.00e+00	0.00e+00	0.00e+00	0.00e+00	0.00e+00
 7.96949e+15	7.44e-01	2.56e-01	1.04e-05	0.00e+00	0.00e+00	0.00e+00	0.00e+00	0.00e+00
 7.98761e+15	7.58e-01	2.42e-01	9.40e-06	0.00e+00	0.00e+00	0.00e+00	0.00e+00	0.00e+00
 8.00622e+15	7.71e-01	2.29e-01	8.51e-06	0.00e+00	0.00e+00	0.00e+00	0.00e+00	0.00e+00
 8.02505e+15	7.84e-01	2.16e-01	7.70e-06	0.00e+00	0.00e+00	0.00e+00	0.00e+00	0.00e+00
 8.04383e+15	7.96e-01	2.04e-01	6.97e-06	0.00e+00	0.00e+00	0.00e+00	0.00e+00	0.00e+00
 8.06243e+15	8.08e-01	1.92e-01	6.31e-06	0.00e+00	0.00e+00	0.00e+00	0.00e+00	0.00e+00
 8.08078e+15	8.19e-01	1.81e-01	5.71e-06	0.00e+00	0.00e+00	0.00e+00	0.00e+00	0.00e+00
 8.09882e+15	8.30e-01	1.70e-01	5.18e-06	0.00e+00	0.00e+00	0.00e+00	0.00e+00	0.00e+00
 8.11654e+15	8.40e-01	1.60e-01	4.69e-06	0.00e+00	0.00e+00	0.00e+00	0.00e+00	0.00e+00
 8.13394e+15	8.50e-01	1.50e-01	4.26e-06	0.00e+00	0.00e+00	0.00e+00	0.00e+00	0.00e+00
 8.15100e+15	8.59e-01	1.41e-01	3.86e-06	0.00e+00	0.00e+00	0.00e+00	0.00e+00	0.00e+00
 8.16774e+15	8.68e-01	1.32e-01	3.50e-06	0.00e+00	0.00e+00	0.00e+00	0.00e+00	0.00e+00
 8.18458e+15	8.75e-01	1.25e-01	3.18e-06	0.00e+00	0.00e+00	0.00e+00	0.00e+00	0.00e+00
 8.20092e+15	8.84e-01	1.16e-01	2.88e-06	0.00e+00	0.00e+00	0.00e+00	0.00e+00	0.00e+00
 8.21665e+15	8.91e-01	1.09e-01	2.63e-06	0.00e+00	0.00e+00	0.00e+00	0.00e+00	0.00e+00
 8.23243e+15	8.97e-01	1.03e-01	2.39e-06	0.00e+00	0.00e+00	0.00e+00	0.00e+00	0.00e+00
 8.24790e+15	9.04e-01	9.63e-02	2.18e-06	0.00e+00	0.00e+00	0.00e+00	0.00e+00	0.00e+00
 8.26293e+15	9.10e-01	9.04e-02	1.98e-06	0.00e+00	0.00e+00	0.00e+00	0.00e+00	0.00e+00
 8.27763e+15	9.15e-01	8.49e-02	1.81e-06	0.00e+00	0.00e+00	0.00e+00	0.00e+00	0.00e+00
 8.29193e+15	9.20e-01	7.99e-02	1.66e-06	0.00e+00	0.00e+00	0.00e+00	0.00e+00	0.00e+00
 8.30597e+15	9.25e-01	7.51e-02	1.52e-06	0.00e+00	0.00e+00	0.00e+00	0.00e+00	0.00e+00
 8.32005e+15	9.29e-01	7.06e-02	1.39e-06	0.00e+00	0.00e+00	0.00e+00	0.00e+00	0.00e+00
 8.33410e+15	9.34e-01	6.63e-02	1.28e-06	0.00e+00	0.00e+00	0.00e+00	0.00e+00	0.00e+00
 8.34795e+15	9.38e-01	6.24e-02	1.17e-06	0.00e+00	0.00e+00	0.00e+00	0.00e+00	0.00e+00
 8.36157e+15	9.41e-01	5.87e-02	1.07e-06	0.00e+00	0.00e+00	0.00e+00	0.00e+00	0.00e+00
 8.37502e+15	9.45e-01	5.52e-02	9.86e-07	0.00e+00	0.00e+00	0.00e+00	0.00e+00	0.00e+00
 8.38833e+15	9.48e-01	5.20e-02	9.07e-07	0.00e+00	0.00e+00	0.00e+00	0.00e+00	0.00e+00
 8.40153e+15	9.51e-01	4.90e-02	8.34e-07	0.00e+00	0.00e+00	0.00e+00	0.00e+00	0.00e+00
 8.41461e+15	9.54e-01	4.61e-02	7.68e-07	0.00e+00	0.00e+00	0.00e+00	0.00e+00	0.00e+00
 8.42758e+15	9.56e-01	4.35e-02	7.08e-07	0.00e+00	0.00e+00	0.00e+00	0.00e+00	0.00e+00
 8.44047e+15	9.59e-01	4.10e-02	6.53e-07	0.00e+00	0.00e+00	0.00e+00	0.00e+00	0.00e+00
 8.45329e+15	9.61e-01	3.87e-02	6.02e-07	0.00e+00	0.00e+00	0.00e+00	0.00e+00	0.00e+00
 8.46607e+15	9.63e-01	3.65e-02	5.56e-07	0.00e+00	0.00e+00	0.00e+00	0.00e+00	0.00e+00
 8.47882e+15	9.66e-01	3.45e-02	5.14e-07	0.00e+00	0.00e+00	0.00e+00	0.00e+00	0.00e+00
 8.49157e+15	9.67e-01	3.26e-02	4.75e-07	0.00e+00	0.00e+00	0.00e+00	0.00e+00	0.00e+00
 8.50435e+15	9.69e-01	3.08e-02	4.39e-07	0.00e+00	0.00e+00	0.00e+00	0.00e+00	0.00e+00
 8.51719e+15	9.71e-01	2.91e-02	4.05e-07	0.00e+00	0.00e+00	0.00e+00	0.00e+00	0.00e+00
 8.53027e+15	9.73e-01	2.74e-02	3.74e-07	0.00e+00	0.00e+00	0.00e+00	0.00e+00	0.00e+00
 8.54375e+15	9.74e-01	2.58e-02	3.45e-07	0.00e+00	0.00e+00	0.00e+00	0.00e+00	0.00e+00
 8.55755e+15	9.76e-01	2.43e-02	3.18e-07	0.00e+00	0.00e+00	0.00e+00	0.00e+00	0.00e+00
 8.57164e+15	9.77e-01	2.29e-02	2.92e-07	0.00e+00	0.00e+00	0.00e+00	0.00e+00	0.00e+00
 8.58609e+15	9.78e-01	2.16e-02	2.69e-07	0.00e+00	0.00e+00	0.00e+00	0.00e+00	0.00e+00
 8.60110e+15	9.80e-01	2.03e-02	2.46e-07	0.00e+00	0.00e+00	0.00e+00	0.00e+00	0.00e+00
 8.61686e+15	9.81e-01	1.90e-02	2.25e-07	0.00e+00	0.00e+00	0.00e+00	0.00e+00	0.00e+00
 8.63362e+15	9.82e-01	1.78e-02	2.05e-07	0.00e+00	0.00e+00	0.00e+00	0.00e+00	0.00e+00
 8.65175e+15	9.83e-01	1.66e-02	1.86e-07	0.00e+00	0.00e+00	0.00e+00	0.00e+00	0.00e+00
 8.67176e+15	9.85e-01	1.53e-02	1.66e-07	0.00e+00	0.00e+00	0.00e+00	0.00e+00	0.00e+00
 8.69478e+15	9.86e-01	1.41e-02	1.47e-07	0.00e+00	0.00e+00	0.00e+00	0.00e+00	0.00e+00
 8.72059e+15	9.87e-01	1.28e-02	1.29e-07	0.00e+00	0.00e+00	0.00e+00	0.00e+00	0.00e+00
 8.74610e+15	9.88e-01	1.18e-02	1.14e-07	0.00e+00	0.00e+00	0.00e+00	0.00e+00	0.00e+00
 8.76931e+15	9.89e-01	1.10e-02	1.03e-07	0.00e+00	0.00e+00	0.00e+00	0.00e+00	0.00e+00
 8.79044e+15	9.90e-01	1.03e-02	9.34e-08	0.00e+00	0.00e+00	0.00e+00	0.00e+00	0.00e+00
 8.80966e+15	9.90e-01	9.76e-03	8.60e-08	0.00e+00	0.00e+00	0.00e+00	0.00e+00	0.00e+00
 8.82715e+15	9.91e-01	9.31e-03	8.00e-08	0.00e+00	0.00e+00	0.00e+00	0.00e+00	0.00e+00
 8.84307e+15	9.91e-01	8.93e-03	7.50e-08	0.00e+00	0.00e+00	0.00e+00	0.00e+00	0.00e+00
 8.85756e+15	9.91e-01	8.60e-03	7.08e-08	0.00e+00	0.00e+00	0.00e+00	0.00e+00	0.00e+00
 8.87074e+15	9.92e-01	8.33e-03	6.73e-08	0.00e+00	0.00e+00	0.00e+00	0.00e+00	0.00e+00
 8.88518e+15	9.92e-01	8.05e-03	6.36e-08	0.00e+00	0.00e+00	0.00e+00	0.00e+00	0.00e+00
 8.90078e+15	9.92e-01	7.76e-03	6.00e-08	0.00e+00	0.00e+00	0.00e+00	0.00e+00	0.00e+00
