#depth	He	He+	He+2
 1.49634e+10	3.31e-20	2.74e-10	1.00e+00
 4.54887e+10	3.89e-20	3.00e-10	1.00e+00
 7.72350e+10	4.51e-20	3.29e-10	1.00e+00
 1.10251e+11	5.23e-20	3.61e-10	1.00e+00
 1.42809e+11	6.03e-20	3.95e-10	1.00e+00
 1.76669e+11	6.92e-20	4.32e-10	1.00e+00
 2.13662e+11	8.01e-20	4.75e-10	1.00e+00
 2.51339e+11	9.23e-20	5.22e-10	1.00e+00
 2.90523e+11	1.06e-19	5.73e-10	1.00e+00
 3.32071e+11	1.23e-19	6.31e-10	1.00e+00
 3.75281e+11	1.41e-19	6.95e-10	1.00e+00
 4.14350e+11	1.60e-19	7.56e-10	1.00e+00
 4.46887e+11	1.76e-19	8.10e-10	1.00e+00
 4.82526e+11	1.94e-19	8.71e-10	1.00e+00
 5.27687e+11	2.20e-19	9.53e-10	1.00e+00
 5.74791e+11	2.50e-19	1.04e-09	1.00e+00
 6.16496e+11	2.78e-19	1.13e-09	1.00e+00
 6.55454e+11	3.06e-19	1.21e-09	1.00e+00
 6.99938e+11	3.40e-19	1.31e-09	1.00e+00
 7.54547e+11	3.86e-19	1.44e-09	1.00e+00
 8.08922e+11	4.37e-19	1.57e-09	1.00e+00
 8.56224e+11	4.83e-19	1.69e-09	1.00e+00
 9.07726e+11	5.37e-19	1.83e-09	1.00e+00
 9.70536e+11	6.09e-19	2.01e-09	1.00e+00
 1.03466e+12	6.90e-19	2.20e-09	1.00e+00
 1.09363e+12	7.70e-19	2.38e-09	1.00e+00
 1.15931e+12	8.67e-19	2.60e-09	1.00e+00
 1.23532e+12	9.92e-19	2.86e-09	1.00e+00
 1.31016e+12	1.13e-18	3.13e-09	1.00e+00
 1.38188e+12	1.27e-18	3.40e-09	1.00e+00
 1.46097e+12	1.45e-18	3.71e-09	1.00e+00
 1.54934e+12	1.66e-18	4.08e-09	1.00e+00
 1.62970e+12	1.89e-18	4.43e-09	1.00e+00
 1.69738e+12	2.09e-18	4.73e-09	1.00e+00
 1.77182e+12	2.34e-18	5.08e-09	1.00e+00
 1.85589e+12	2.64e-18	5.49e-09	1.00e+00
 1.93643e+12	2.96e-18	5.90e-09	1.00e+00
 2.02511e+12	3.35e-18	6.36e-09	1.00e+00
 2.12360e+12	3.84e-18	6.90e-09	1.00e+00
 2.21590e+12	4.34e-18	7.41e-09	1.00e+00
 2.31692e+12	4.94e-18	8.02e-09	1.00e+00
 2.43003e+12	5.71e-18	8.72e-09	1.00e+00
 2.53787e+12	6.52e-18	9.40e-09	1.00e+00
 2.63852e+12	7.35e-18	1.01e-08	1.00e+00
 2.75080e+12	8.38e-18	1.08e-08	1.00e+00
 2.87612e+12	9.66e-18	1.17e-08	1.00e+00
 2.99399e+12	1.10e-17	1.26e-08	1.00e+00
 3.12282e+12	1.26e-17	1.36e-08	1.00e+00
 3.26536e+12	1.46e-17	1.48e-08	1.00e+00
 3.39781e+12	1.67e-17	1.59e-08	1.00e+00
 3.54205e+12	1.93e-17	1.71e-08	1.00e+00
 3.70327e+12	2.24e-17	1.86e-08	1.00e+00
 3.85525e+12	2.58e-17	2.00e-08	1.00e+00
 4.02105e+12	2.98e-17	2.17e-08	1.00e+00
 4.20600e+12	3.50e-17	2.36e-08	1.00e+00
 4.38111e+12	4.04e-17	2.54e-08	1.00e+00
 4.56903e+12	4.69e-17	2.75e-08	1.00e+00
 4.78172e+12	5.53e-17	2.99e-08	1.00e+00
 4.99134e+12	6.45e-17	3.24e-08	1.00e+00
 5.20934e+12	7.53e-17	3.52e-08	1.00e+00
 5.44764e+12	8.87e-17	3.83e-08	1.00e+00
 5.69046e+12	1.04e-16	4.16e-08	1.00e+00
 5.94300e+12	1.22e-16	4.51e-08	1.00e+00
 6.19747e+12	1.43e-16	4.89e-08	1.00e+00
 6.43411e+12	1.64e-16	5.25e-08	1.00e+00
 6.69339e+12	1.90e-16	5.66e-08	1.00e+00
 6.95903e+12	2.20e-16	6.09e-08	1.00e+00
 7.18001e+12	2.47e-16	6.47e-08	1.00e+00
 7.41289e+12	2.78e-16	6.87e-08	1.00e+00
 7.71037e+12	3.22e-16	7.41e-08	1.00e+00
 8.02183e+12	3.74e-16	7.99e-08	1.00e+00
 8.29666e+12	4.25e-16	8.52e-08	1.00e+00
 8.59388e+12	4.85e-16	9.11e-08	1.00e+00
 8.92665e+12	5.60e-16	9.80e-08	1.00e+00
 9.24004e+12	6.37e-16	1.05e-07	1.00e+00
 9.58184e+12	7.31e-16	1.12e-07	1.00e+00
 9.96090e+12	8.47e-16	1.21e-07	1.00e+00
 1.03130e+13	9.66e-16	1.29e-07	1.00e+00
 1.06953e+13	1.11e-15	1.38e-07	1.00e+00
 1.11229e+13	1.29e-15	1.49e-07	1.00e+00
 1.15262e+13	1.47e-15	1.60e-07	1.00e+00
 1.19670e+13	1.70e-15	1.71e-07	1.00e+00
 1.24591e+13	1.98e-15	1.85e-07	1.00e+00
 1.29224e+13	2.27e-15	1.99e-07	1.00e+00
 1.34206e+13	2.62e-15	2.14e-07	1.00e+00
 1.39873e+13	3.07e-15	2.31e-07	1.00e+00
 1.45423e+13	3.56e-15	2.49e-07	1.00e+00
 1.51195e+13	4.13e-15	2.68e-07	1.00e+00
 1.57542e+13	4.84e-15	2.91e-07	1.00e+00
 1.63951e+13	5.63e-15	3.14e-07	1.00e+00
 1.70616e+13	6.56e-15	3.39e-07	1.00e+00
 1.77320e+13	7.61e-15	3.65e-07	1.00e+00
 1.83635e+13	8.70e-15	3.91e-07	1.00e+00
 1.90623e+13	1.00e-14	4.20e-07	1.00e+00
 1.97623e+13	1.15e-14	4.51e-07	1.00e+00
 2.03378e+13	1.29e-14	4.77e-07	1.00e+00
 2.09448e+13	1.44e-14	5.05e-07	1.00e+00
 2.17287e+13	1.67e-14	5.43e-07	1.00e+00
 2.25552e+13	1.92e-14	5.85e-07	1.00e+00
 2.32799e+13	2.18e-14	6.22e-07	1.00e+00
 2.40596e+13	2.47e-14	6.64e-07	1.00e+00
 2.50053e+13	2.87e-14	7.17e-07	1.00e+00
 2.59669e+13	3.33e-14	7.73e-07	1.00e+00
 2.68581e+13	3.80e-14	8.26e-07	1.00e+00
 2.78533e+13	4.38e-14	8.89e-07	1.00e+00
 2.89206e+13	5.08e-14	9.58e-07	1.00e+00
 2.98691e+13	5.76e-14	1.02e-06	1.00e+00
 3.08859e+13	6.57e-14	1.09e-06	1.00e+00
 3.21048e+13	7.65e-14	1.18e-06	1.00e+00
 3.33025e+13	8.84e-14	1.27e-06	1.00e+00
 3.43652e+13	1.00e-13	1.36e-06	1.00e+00
 3.55363e+13	1.14e-13	1.45e-06	1.00e+00
 3.69371e+13	1.33e-13	1.57e-06	1.00e+00
 3.83306e+13	1.54e-13	1.69e-06	1.00e+00
 3.95999e+13	1.75e-13	1.81e-06	1.00e+00
 4.10137e+13	2.01e-13	1.94e-06	1.00e+00
 4.26640e+13	2.34e-13	2.11e-06	1.00e+00
 4.42863e+13	2.71e-13	2.27e-06	1.00e+00
 4.58112e+13	3.09e-13	2.44e-06	1.00e+00
 4.75114e+13	3.57e-13	2.62e-06	1.00e+00
 4.94418e+13	4.17e-13	2.85e-06	1.00e+00
 5.13659e+13	4.83e-13	3.07e-06	1.00e+00
 5.31606e+13	5.52e-13	3.30e-06	1.00e+00
 5.51107e+13	6.34e-13	3.55e-06	1.00e+00
 5.72974e+13	7.37e-13	3.84e-06	1.00e+00
 5.93369e+13	8.43e-13	4.12e-06	1.00e+00
 6.12238e+13	9.50e-13	4.39e-06	1.00e+00
 6.30387e+13	1.06e-12	4.66e-06	1.00e+00
 6.50538e+13	1.20e-12	4.97e-06	1.00e+00
 6.72836e+13	1.36e-12	5.32e-06	1.00e+00
 6.93603e+13	1.53e-12	5.66e-06	1.00e+00
 7.16276e+13	1.72e-12	6.04e-06	1.00e+00
 7.41764e+13	1.96e-12	6.48e-06	1.00e+00
 7.66102e+13	2.22e-12	6.92e-06	1.00e+00
 7.92933e+13	2.52e-12	7.42e-06	1.00e+00
 8.22491e+13	2.89e-12	7.99e-06	1.00e+00
 8.49666e+13	3.26e-12	8.53e-06	1.00e+00
 8.79064e+13	3.70e-12	9.14e-06	1.00e+00
 9.11947e+13	4.24e-12	9.84e-06	1.00e+00
 9.42896e+13	4.79e-12	1.05e-05	1.00e+00
 9.76663e+13	5.46e-12	1.13e-05	1.00e+00
 1.01416e+14	6.27e-12	1.22e-05	1.00e+00
 1.04914e+14	7.11e-12	1.31e-05	1.00e+00
 1.08717e+14	8.10e-12	1.41e-05	1.00e+00
 1.12972e+14	9.34e-12	1.52e-05	1.00e+00
 1.17002e+14	1.06e-11	1.63e-05	1.00e+00
 1.21318e+14	1.22e-11	1.76e-05	1.00e+00
 1.26200e+14	1.41e-11	1.91e-05	1.00e+00
 1.30997e+14	1.62e-11	2.07e-05	1.00e+00
 1.35985e+14	1.86e-11	2.23e-05	1.00e+00
 1.41455e+14	2.16e-11	2.42e-05	1.00e+00
 1.46847e+14	2.49e-11	2.62e-05	1.00e+00
 1.51311e+14	2.78e-11	2.79e-05	1.00e+00
 1.54901e+14	3.04e-11	2.93e-05	1.00e+00
 1.58880e+14	3.36e-11	3.10e-05	1.00e+00
 1.64053e+14	3.80e-11	3.32e-05	1.00e+00
 1.69604e+14	4.32e-11	3.56e-05	1.00e+00
 1.74531e+14	4.84e-11	3.79e-05	1.00e+00
 1.79822e+14	5.43e-11	4.04e-05	1.00e+00
 1.86484e+14	6.27e-11	4.37e-05	1.00e+00
 1.93242e+14	7.23e-11	4.72e-05	1.00e+00
 1.99043e+14	8.14e-11	5.04e-05	1.00e+00
 2.05289e+14	9.22e-11	5.40e-05	1.00e+00
 2.13010e+14	1.07e-10	5.85e-05	1.00e+00
 2.20905e+14	1.24e-10	6.35e-05	1.00e+00
 2.27943e+14	1.42e-10	6.80e-05	1.00e+00
 2.35614e+14	1.62e-10	7.33e-05	1.00e+00
 2.44764e+14	1.90e-10	7.98e-05	1.00e+00
 2.53789e+14	2.21e-10	8.65e-05	1.00e+00
 2.61930e+14	2.53e-10	9.29e-05	1.00e+00
 2.70969e+14	2.92e-10	1.00e-04	1.00e+00
 2.81614e+14	3.44e-10	1.09e-04	1.00e+00
 2.92119e+14	4.02e-10	1.19e-04	1.00e+00
 3.01861e+14	4.62e-10	1.28e-04	1.00e+00
 3.12782e+14	5.38e-10	1.39e-04	1.00e+00
 3.25324e+14	6.37e-10	1.52e-04	1.00e+00
 3.37643e+14	7.48e-10	1.65e-04	1.00e+00
 3.50455e+14	8.79e-10	1.79e-04	1.00e+00
 3.62142e+14	1.01e-09	1.93e-04	1.00e+00
 3.70834e+14	1.12e-09	2.04e-04	1.00e+00
 3.79781e+14	1.24e-09	2.15e-04	1.00e+00
 3.91411e+14	1.42e-09	2.30e-04	1.00e+00
 4.04055e+14	1.63e-09	2.47e-04	1.00e+00
 4.15494e+14	1.84e-09	2.63e-04	1.00e+00
 4.27843e+14	2.09e-09	2.81e-04	1.00e+00
 4.43535e+14	2.44e-09	3.04e-04	1.00e+00
 4.59335e+14	2.84e-09	3.29e-04	1.00e+00
 4.72508e+14	3.21e-09	3.51e-04	1.00e+00
 4.86503e+14	3.64e-09	3.74e-04	1.00e+00
 5.04317e+14	4.26e-09	4.06e-04	1.00e+00
 5.23095e+14	4.99e-09	4.40e-04	1.00e+00
 5.39985e+14	5.73e-09	4.72e-04	1.00e+00
 5.58419e+14	6.62e-09	5.09e-04	9.99e-01
 5.80229e+14	7.82e-09	5.53e-04	9.99e-01
 6.01662e+14	9.15e-09	6.00e-04	9.99e-01
 6.21196e+14	1.05e-08	6.43e-04	9.99e-01
 6.43033e+14	1.22e-08	6.94e-04	9.99e-01
 6.68498e+14	1.44e-08	7.55e-04	9.99e-01
 6.93572e+14	1.69e-08	8.18e-04	9.99e-01
 7.17151e+14	1.95e-08	8.80e-04	9.99e-01
 7.43371e+14	2.27e-08	9.51e-04	9.99e-01
 7.68432e+14	2.62e-08	1.02e-03	9.99e-01
 7.87091e+14	2.90e-08	1.08e-03	9.99e-01
 8.05924e+14	3.21e-08	1.13e-03	9.99e-01
 8.30408e+14	3.65e-08	1.21e-03	9.99e-01
 8.56977e+14	4.17e-08	1.29e-03	9.99e-01
 8.80838e+14	4.68e-08	1.37e-03	9.99e-01
 9.06441e+14	5.29e-08	1.46e-03	9.99e-01
 9.39345e+14	6.16e-08	1.57e-03	9.98e-01
 9.72587e+14	7.14e-08	1.69e-03	9.98e-01
 9.99918e+14	8.02e-08	1.80e-03	9.98e-01
 1.02872e+15	9.04e-08	1.91e-03	9.98e-01
 1.06591e+15	1.05e-07	2.06e-03	9.98e-01
 1.10532e+15	1.22e-07	2.22e-03	9.98e-01
 1.13980e+15	1.39e-07	2.37e-03	9.98e-01
 1.17659e+15	1.59e-07	2.54e-03	9.97e-01
 1.22135e+15	1.86e-07	2.74e-03	9.97e-01
 1.26588e+15	2.15e-07	2.96e-03	9.97e-01
 1.30509e+15	2.44e-07	3.15e-03	9.97e-01
 1.34797e+15	2.80e-07	3.37e-03	9.97e-01
 1.39966e+15	3.27e-07	3.65e-03	9.96e-01
 1.44920e+15	3.77e-07	3.92e-03	9.96e-01
 1.49091e+15	4.23e-07	4.16e-03	9.96e-01
 1.52838e+15	4.68e-07	4.38e-03	9.96e-01
 1.56945e+15	5.23e-07	4.63e-03	9.95e-01
 1.61528e+15	5.90e-07	4.92e-03	9.95e-01
 1.65837e+15	6.57e-07	5.19e-03	9.95e-01
 1.70544e+15	7.39e-07	5.51e-03	9.94e-01
 1.75732e+15	8.36e-07	5.86e-03	9.94e-01
 1.80541e+15	9.35e-07	6.20e-03	9.94e-01
 1.85791e+15	1.05e-06	6.58e-03	9.93e-01
 1.91624e+15	1.20e-06	7.02e-03	9.93e-01
 1.97134e+15	1.35e-06	7.44e-03	9.93e-01
 2.03218e+15	1.53e-06	7.94e-03	9.92e-01
 2.09880e+15	1.75e-06	8.49e-03	9.92e-01
 2.15923e+15	1.96e-06	9.00e-03	9.91e-01
 2.22405e+15	2.22e-06	9.59e-03	9.90e-01
 2.29607e+15	2.53e-06	1.02e-02	9.90e-01
 2.36383e+15	2.86e-06	1.09e-02	9.89e-01
 2.43832e+15	3.26e-06	1.17e-02	9.88e-01
 2.51976e+15	3.73e-06	1.25e-02	9.88e-01
 2.59047e+15	4.17e-06	1.32e-02	9.87e-01
 2.65237e+15	4.60e-06	1.39e-02	9.86e-01
 2.72259e+15	5.14e-06	1.48e-02	9.85e-01
 2.79701e+15	5.76e-06	1.57e-02	9.84e-01
 2.86448e+15	6.35e-06	1.65e-02	9.84e-01
 2.92970e+15	6.97e-06	1.73e-02	9.83e-01
 3.00445e+15	7.78e-06	1.84e-02	9.82e-01
 3.08818e+15	8.74e-06	1.96e-02	9.80e-01
 3.16739e+15	9.73e-06	2.08e-02	9.79e-01
 3.24282e+15	1.08e-05	2.20e-02	9.78e-01
 3.31782e+15	1.19e-05	2.32e-02	9.77e-01
 3.40360e+15	1.34e-05	2.48e-02	9.75e-01
 3.49721e+15	1.50e-05	2.65e-02	9.73e-01
 3.58351e+15	1.68e-05	2.82e-02	9.72e-01
 3.66576e+15	1.86e-05	3.00e-02	9.70e-01
 3.76024e+15	2.11e-05	3.23e-02	9.68e-01
 3.86163e+15	2.38e-05	3.48e-02	9.65e-01
 3.95232e+15	2.67e-05	3.73e-02	9.63e-01
 4.03661e+15	2.97e-05	3.98e-02	9.60e-01
 4.11937e+15	3.29e-05	4.26e-02	9.57e-01
 4.21404e+15	3.75e-05	4.61e-02	9.54e-01
 4.31076e+15	4.23e-05	5.00e-02	9.50e-01
 4.39301e+15	4.72e-05	5.37e-02	9.46e-01
 4.48284e+15	5.36e-05	5.83e-02	9.42e-01
 4.56665e+15	5.99e-05	6.29e-02	9.37e-01
 4.62572e+15	6.50e-05	6.65e-02	9.33e-01
 4.68563e+15	7.12e-05	7.07e-02	9.29e-01
 4.76350e+15	8.08e-05	7.68e-02	9.23e-01
 4.83807e+15	9.02e-05	8.30e-02	9.17e-01
 4.89399e+15	9.85e-05	8.83e-02	9.12e-01
 4.95233e+15	1.09e-04	9.45e-02	9.05e-01
 5.01723e+15	1.21e-04	1.02e-01	8.98e-01
 5.08045e+15	1.35e-04	1.11e-01	8.89e-01
 5.13860e+15	1.51e-04	1.19e-01	8.81e-01
 5.18712e+15	1.66e-04	1.27e-01	8.73e-01
 5.23695e+15	1.82e-04	1.36e-01	8.63e-01
 5.30173e+15	2.08e-04	1.50e-01	8.50e-01
 5.36643e+15	2.39e-04	1.65e-01	8.35e-01
 5.41575e+15	2.68e-04	1.78e-01	8.22e-01
 5.45404e+15	2.92e-04	1.89e-01	8.10e-01
 5.49327e+15	3.21e-04	2.02e-01	7.97e-01
 5.54426e+15	3.64e-04	2.21e-01	7.79e-01
 5.59753e+15	4.14e-04	2.42e-01	7.58e-01
 5.64218e+15	4.61e-04	2.62e-01	7.38e-01
 5.68864e+15	5.22e-04	2.85e-01	7.14e-01
 5.73841e+15	5.95e-04	3.12e-01	6.87e-01
 5.78173e+15	6.69e-04	3.38e-01	6.61e-01
 5.81387e+15	7.31e-04	3.58e-01	6.41e-01
 5.83502e+15	7.72e-04	3.72e-01	6.27e-01
 5.85532e+15	8.14e-04	3.86e-01	6.13e-01
 5.88170e+15	8.80e-04	4.06e-01	5.94e-01
 5.91017e+15	9.47e-04	4.27e-01	5.72e-01
 5.94135e+15	1.04e-03	4.51e-01	5.48e-01
 5.97219e+15	1.12e-03	4.75e-01	5.24e-01
 5.99775e+15	1.20e-03	4.96e-01	5.03e-01
 6.02613e+15	1.29e-03	5.20e-01	4.79e-01
 6.05595e+15	1.40e-03	5.44e-01	4.54e-01
 6.08302e+15	1.49e-03	5.66e-01	4.32e-01
 6.11358e+15	1.61e-03	5.92e-01	4.06e-01
 6.14626e+15	1.74e-03	6.19e-01	3.79e-01
 6.17521e+15	1.86e-03	6.42e-01	3.57e-01
 6.20209e+15	1.98e-03	6.63e-01	3.35e-01
 6.23278e+15	2.12e-03	6.86e-01	3.12e-01
 6.26605e+15	2.27e-03	7.10e-01	2.88e-01
 6.29579e+15	2.41e-03	7.30e-01	2.68e-01
 6.32315e+15	2.55e-03	7.48e-01	2.50e-01
 6.35429e+15	2.71e-03	7.67e-01	2.30e-01
 6.38833e+15	2.89e-03	7.86e-01	2.11e-01
 6.41907e+15	3.06e-03	8.03e-01	1.94e-01
 6.44743e+15	3.21e-03	8.16e-01	1.80e-01
 6.47974e+15	3.41e-03	8.32e-01	1.65e-01
 6.51504e+15	3.62e-03	8.46e-01	1.50e-01
 6.54663e+15	3.82e-03	8.58e-01	1.38e-01
 6.57542e+15	4.01e-03	8.68e-01	1.28e-01
 6.60818e+15	4.25e-03	8.79e-01	1.17e-01
 6.64418e+15	4.52e-03	8.89e-01	1.07e-01
 6.67719e+15	4.77e-03	8.97e-01	9.80e-02
 6.70702e+15	5.03e-03	9.04e-01	9.07e-02
 6.73995e+15	5.33e-03	9.12e-01	8.30e-02
 6.77712e+15	5.70e-03	9.19e-01	7.55e-02
 6.81167e+15	6.06e-03	9.25e-01	6.94e-02
 6.84235e+15	6.43e-03	9.29e-01	6.43e-02
 6.87616e+15	6.86e-03	9.34e-01	5.89e-02
 6.92011e+15	7.49e-03	9.40e-01	5.27e-02
 6.96448e+15	8.23e-03	9.44e-01	4.75e-02
 6.99897e+15	8.88e-03	9.47e-01	4.40e-02
 7.02845e+15	9.52e-03	9.49e-01	4.10e-02
 7.06186e+15	1.03e-02	9.52e-01	3.78e-02
 7.10530e+15	1.15e-02	9.54e-01	3.41e-02
 7.14753e+15	1.30e-02	9.56e-01	3.12e-02
 7.17714e+15	1.42e-02	9.57e-01	2.92e-02
 7.20459e+15	1.55e-02	9.57e-01	2.75e-02
 7.23383e+15	1.71e-02	9.57e-01	2.57e-02
 7.25802e+15	1.87e-02	9.57e-01	2.45e-02
 7.27789e+15	2.02e-02	9.56e-01	2.34e-02
 7.29952e+15	2.19e-02	9.56e-01	2.24e-02
 7.32330e+15	2.42e-02	9.55e-01	2.13e-02
 7.34419e+15	2.66e-02	9.53e-01	2.04e-02
 7.36151e+15	2.88e-02	9.52e-01	1.97e-02
 7.37988e+15	3.16e-02	9.50e-01	1.89e-02
 7.39973e+15	3.49e-02	9.47e-01	1.82e-02
 7.41705e+15	3.84e-02	9.44e-01	1.76e-02
 7.43211e+15	4.17e-02	9.41e-01	1.72e-02
 7.44630e+15	4.55e-02	9.38e-01	1.67e-02
 7.46234e+15	5.02e-02	9.34e-01	1.62e-02
 7.47993e+15	5.60e-02	9.28e-01	1.58e-02
 7.49523e+15	6.23e-02	9.22e-01	1.54e-02
 7.50817e+15	6.81e-02	9.17e-01	1.52e-02
 7.52236e+15	7.56e-02	9.10e-01	1.48e-02
 7.53832e+15	8.50e-02	9.00e-01	1.46e-02
 7.55324e+15	9.56e-02	8.90e-01	1.44e-02
 7.56514e+15	1.05e-01	8.80e-01	1.43e-02
 7.57457e+15	1.14e-01	8.72e-01	1.42e-02
 7.58445e+15	1.24e-01	8.62e-01	1.41e-02
 7.59577e+15	1.36e-01	8.50e-01	1.40e-02
 7.60667e+15	1.50e-01	8.36e-01	1.39e-02
 7.61575e+15	1.63e-01	8.23e-01	1.39e-02
 7.62364e+15	1.74e-01	8.12e-01	1.39e-02
 7.62984e+15	1.84e-01	8.02e-01	1.39e-02
 7.63417e+15	1.92e-01	7.94e-01	1.39e-02
 7.63826e+15	1.99e-01	7.87e-01	1.39e-02
 7.64298e+15	2.08e-01	7.78e-01	1.39e-02
 7.64809e+15	2.18e-01	7.68e-01	1.39e-02
 7.65302e+15	2.28e-01	7.58e-01	1.39e-02
 7.65769e+15	2.37e-01	7.49e-01	1.39e-02
 7.66234e+15	2.48e-01	7.38e-01	1.39e-02
 7.66702e+15	2.58e-01	7.28e-01	1.39e-02
 7.67171e+15	2.70e-01	7.16e-01	1.38e-02
 7.67636e+15	2.81e-01	7.05e-01	1.39e-02
 7.68099e+15	2.93e-01	6.93e-01	1.38e-02
 7.68565e+15	3.06e-01	6.81e-01	1.38e-02
 7.69023e+15	3.18e-01	6.68e-01	1.38e-02
 7.69477e+15	3.31e-01	6.55e-01	1.37e-02
 7.69939e+15	3.45e-01	6.41e-01	1.37e-02
 7.70400e+15	3.58e-01	6.28e-01	1.37e-02
 7.70860e+15	3.73e-01	6.13e-01	1.36e-02
 7.71319e+15	3.87e-01	5.99e-01	1.35e-02
 7.71781e+15	4.03e-01	5.84e-01	1.35e-02
 7.72251e+15	4.18e-01	5.68e-01	1.34e-02
 7.72715e+15	4.34e-01	5.53e-01	1.33e-02
 7.73180e+15	4.50e-01	5.37e-01	1.31e-02
 7.73653e+15	4.67e-01	5.20e-01	1.30e-02
 7.74134e+15	4.84e-01	5.03e-01	1.29e-02
 7.74619e+15	5.01e-01	4.86e-01	1.27e-02
 7.75101e+15	5.18e-01	4.69e-01	1.25e-02
 7.75583e+15	5.35e-01	4.52e-01	1.23e-02
 7.76068e+15	5.52e-01	4.36e-01	1.21e-02
 7.76557e+15	5.69e-01	4.19e-01	1.19e-02
 7.77049e+15	5.86e-01	4.02e-01	1.17e-02
 7.77544e+15	6.03e-01	3.85e-01	1.14e-02
 7.78051e+15	6.20e-01	3.69e-01	1.11e-02
 7.78568e+15	6.36e-01	3.53e-01	1.08e-02
 7.79092e+15	6.53e-01	3.37e-01	1.05e-02
 7.79634e+15	6.69e-01	3.21e-01	1.02e-02
 7.80197e+15	6.85e-01	3.06e-01	9.88e-03
 7.80782e+15	7.00e-01	2.91e-01	9.55e-03
 7.81390e+15	7.15e-01	2.76e-01	9.20e-03
 7.82025e+15	7.29e-01	2.62e-01	8.84e-03
 7.82706e+15	7.43e-01	2.48e-01	8.45e-03
 7.83449e+15	7.57e-01	2.35e-01	8.07e-03
 7.84255e+15	7.70e-01	2.22e-01	7.68e-03
 7.85133e+15	7.83e-01	2.10e-01	7.29e-03
 7.86110e+15	7.95e-01	1.99e-01	6.91e-03
 7.87216e+15	8.05e-01	1.88e-01	6.52e-03
 7.88391e+15	8.15e-01	1.79e-01	6.18e-03
 7.89557e+15	8.22e-01	1.72e-01	5.88e-03
 7.90716e+15	8.28e-01	1.66e-01	5.63e-03
 7.92026e+15	8.34e-01	1.61e-01	5.35e-03
 7.93561e+15	8.39e-01	1.55e-01	5.08e-03
 7.95212e+15	8.44e-01	1.51e-01	4.82e-03
 7.96949e+15	8.49e-01	1.47e-01	4.58e-03
 7.98761e+15	8.53e-01	1.43e-01	4.35e-03
 8.00622e+15	8.57e-01	1.39e-01	4.13e-03
 8.02505e+15	8.61e-01	1.36e-01	3.93e-03
 8.04383e+15	8.64e-01	1.32e-01	3.74e-03
 8.06243e+15	8.67e-01	1.29e-01	3.56e-03
 8.08078e+15	8.70e-01	1.26e-01	3.39e-03
 8.09882e+15	8.73e-01	1.24e-01	3.24e-03
 8.11654e+15	8.76e-01	1.21e-01	3.09e-03
 8.13394e+15	8.79e-01	1.18e-01	2.96e-03
 8.15100e+15	8.81e-01	1.16e-01	2.83e-03
 8.16774e+15	8.84e-01	1.14e-01	2.72e-03
 8.18458e+15	8.86e-01	1.11e-01	2.60e-03
 8.20092e+15	8.88e-01	1.09e-01	2.50e-03
 8.21665e+15	8.90e-01	1.07e-01	2.40e-03
 8.23243e+15	8.93e-01	1.05e-01	2.31e-03
 8.24790e+15	8.95e-01	1.03e-01	2.22e-03
 8.26293e+15	8.96e-01	1.01e-01	2.14e-03
 8.27763e+15	8.98e-01	9.96e-02	2.06e-03
 8.29193e+15	9.00e-01	9.80e-02	1.99e-03
 8.30597e+15	9.02e-01	9.63e-02	1.92e-03
 8.32005e+15	9.03e-01	9.48e-02	1.86e-03
 8.33410e+15	9.05e-01	9.32e-02	1.79e-03
 8.34795e+15	9.07e-01	9.17e-02	1.73e-03
 8.36157e+15	9.08e-01	9.03e-02	1.68e-03
 8.37502e+15	9.10e-01	8.89e-02	1.62e-03
 8.38833e+15	9.11e-01	8.75e-02	1.57e-03
 8.40153e+15	9.12e-01	8.62e-02	1.52e-03
 8.41461e+15	9.14e-01	8.49e-02	1.47e-03
 8.42758e+15	9.15e-01	8.36e-02	1.43e-03
 8.44047e+15	9.16e-01	8.24e-02	1.38e-03
 8.45329e+15	9.17e-01	8.12e-02	1.34e-03
 8.46607e+15	9.19e-01	8.00e-02	1.30e-03
 8.47882e+15	9.20e-01	7.88e-02	1.26e-03
 8.49157e+15	9.21e-01	7.77e-02	1.23e-03
 8.50435e+15	9.22e-01	7.66e-02	1.19e-03
 8.51719e+15	9.23e-01	7.55e-02	1.15e-03
 8.53027e+15	9.25e-01	7.44e-02	1.12e-03
 8.54375e+15	9.26e-01	7.33e-02	1.08e-03
 8.55755e+15	9.27e-01	7.21e-02	1.05e-03
 8.57164e+15	9.28e-01	7.10e-02	1.01e-03
 8.58609e+15	9.29e-01	6.98e-02	9.79e-04
 8.60110e+15	9.30e-01	6.87e-02	9.45e-04
 8.61686e+15	9.32e-01	6.75e-02	9.11e-04
 8.63362e+15	9.33e-01	6.62e-02	8.75e-04
 8.65175e+15	9.34e-01	6.49e-02	8.38e-04
 8.67176e+15	9.36e-01	6.34e-02	8.00e-04
 8.69478e+15	9.37e-01	6.18e-02	7.57e-04
 8.72059e+15	9.39e-01	6.00e-02	7.12e-04
 8.74610e+15	9.41e-01	5.84e-02	6.72e-04
 8.76931e+15	9.42e-01	5.69e-02	6.37e-04
 8.79044e+15	9.44e-01	5.56e-02	6.06e-04
 8.80966e+15	9.45e-01	5.44e-02	5.80e-04
 8.82715e+15	9.46e-01	5.34e-02	5.57e-04
 8.84307e+15	9.47e-01	5.24e-02	5.36e-04
 8.85756e+15	9.48e-01	5.16e-02	5.18e-04
 8.87074e+15	9.49e-01	5.08e-02	5.02e-04
 8.88518e+15	9.50e-01	5.00e-02	4.85e-04
 8.90078e+15	9.50e-01	4.91e-02	4.68e-04
 8.91497e+15	9.51e-01	4.84e-02	4.53e-04
 8.92788e+15	9.52e-01	4.76e-02	4.38e-04
 8.93963e+15	9.53e-01	4.70e-02	4.26e-04
 8.95251e+15	9.53e-01	4.63e-02	4.13e-04
 8.96641e+15	9.54e-01	4.55e-02	3.99e-04
 8.97906e+15	9.55e-01	4.48e-02	3.86e-04
 8.99058e+15	9.55e-01	4.42e-02	3.76e-04
 9.00319e+15	9.56e-01	4.36e-02	3.64e-04
 9.01681e+15	9.57e-01	4.29e-02	3.52e-04
 9.02920e+15	9.57e-01	4.22e-02	3.41e-04
 9.04048e+15	9.58e-01	4.17e-02	3.32e-04
 9.05074e+15	9.59e-01	4.11e-02	3.23e-04
 9.06199e+15	9.59e-01	4.05e-02	3.13e-04
 9.07413e+15	9.60e-01	4.00e-02	3.04e-04
 9.08518e+15	9.60e-01	3.94e-02	2.96e-04
 9.09523e+15	9.61e-01	3.89e-02	2.88e-04
 9.10625e+15	9.61e-01	3.84e-02	2.79e-04
 9.11814e+15	9.62e-01	3.78e-02	2.71e-04
 9.12897e+15	9.62e-01	3.73e-02	2.64e-04
 9.13882e+15	9.63e-01	3.68e-02	2.57e-04
 9.14961e+15	9.63e-01	3.63e-02	2.49e-04
 9.16126e+15	9.64e-01	3.58e-02	2.42e-04
 9.17186e+15	9.65e-01	3.53e-02	2.35e-04
 9.18151e+15	9.65e-01	3.48e-02	2.29e-04
 9.19209e+15	9.65e-01	3.43e-02	2.23e-04
 9.20350e+15	9.66e-01	3.39e-02	2.16e-04
 9.21389e+15	9.66e-01	3.34e-02	2.10e-04
 9.22334e+15	9.67e-01	3.30e-02	2.05e-04
 9.23370e+15	9.67e-01	3.25e-02	1.99e-04
 9.24488e+15	9.68e-01	3.21e-02	1.94e-04
 9.25506e+15	9.68e-01	3.16e-02	1.88e-04
 9.26432e+15	9.69e-01	3.13e-02	1.84e-04
 9.27446e+15	9.69e-01	3.08e-02	1.79e-04
 9.28542e+15	9.69e-01	3.04e-02	1.74e-04
 9.29539e+15	9.70e-01	3.00e-02	1.69e-04
 9.30446e+15	9.70e-01	2.97e-02	1.65e-04
 9.31440e+15	9.71e-01	2.93e-02	1.61e-04
 9.32513e+15	9.71e-01	2.89e-02	1.57e-04
 9.33489e+15	9.71e-01	2.85e-02	1.53e-04
 9.34560e+15	9.72e-01	2.81e-02	1.48e-04
 9.35715e+15	9.72e-01	2.77e-02	1.44e-04
 9.36766e+15	9.72e-01	2.74e-02	1.40e-04
 9.37918e+15	9.73e-01	2.70e-02	1.36e-04
 9.39162e+15	9.73e-01	2.66e-02	1.32e-04
 9.40294e+15	9.74e-01	2.62e-02	1.29e-04
 9.41323e+15	9.74e-01	2.59e-02	1.25e-04
 9.42452e+15	9.74e-01	2.55e-02	1.22e-04
 9.43670e+15	9.75e-01	2.51e-02	1.18e-04
 9.44779e+15	9.75e-01	2.48e-02	1.15e-04
 9.45994e+15	9.75e-01	2.44e-02	1.12e-04
 9.47306e+15	9.76e-01	2.40e-02	1.08e-04
 9.48499e+15	9.76e-01	2.37e-02	1.05e-04
 9.49585e+15	9.77e-01	2.34e-02	1.03e-04
 9.50776e+15	9.77e-01	2.30e-02	9.95e-05
 9.52060e+15	9.77e-01	2.27e-02	9.67e-05
 9.53230e+15	9.77e-01	2.24e-02	9.41e-05
 9.54511e+15	9.78e-01	2.21e-02	9.12e-05
 9.55894e+15	9.78e-01	2.17e-02	8.84e-05
 9.57153e+15	9.79e-01	2.14e-02	8.59e-05
 9.58532e+15	9.79e-01	2.11e-02	8.31e-05
 9.60021e+15	9.79e-01	2.07e-02	8.04e-05
 9.61376e+15	9.80e-01	2.04e-02	7.80e-05
 9.62610e+15	9.80e-01	2.01e-02	7.59e-05
 9.63961e+15	9.80e-01	1.98e-02	7.35e-05
 9.65420e+15	9.80e-01	1.95e-02	7.13e-05
 9.66747e+15	9.81e-01	1.92e-02	6.92e-05
 9.68202e+15	9.81e-01	1.89e-02	6.69e-05
 9.69772e+15	9.81e-01	1.86e-02	6.48e-05
 9.71201e+15	9.82e-01	1.83e-02	6.28e-05
 9.72767e+15	9.82e-01	1.80e-02	6.06e-05
 9.74458e+15	9.82e-01	1.76e-02	5.85e-05
 9.75996e+15	9.83e-01	1.74e-02	5.67e-05
 9.77396e+15	9.83e-01	1.71e-02	5.50e-05
 9.78930e+15	9.83e-01	1.68e-02	5.32e-05
 9.80587e+15	9.83e-01	1.65e-02	5.15e-05
 9.82094e+15	9.84e-01	1.63e-02	4.99e-05
 9.83745e+15	9.84e-01	1.60e-02	4.82e-05
 9.85528e+15	9.84e-01	1.57e-02	4.65e-05
 9.87151e+15	9.85e-01	1.55e-02	4.50e-05
 9.88929e+15	9.85e-01	1.52e-02	4.34e-05
 9.90848e+15	9.85e-01	1.49e-02	4.18e-05
 9.92595e+15	9.85e-01	1.46e-02	4.04e-05
 9.94184e+15	9.86e-01	1.44e-02	3.91e-05
 9.95926e+15	9.86e-01	1.41e-02	3.78e-05
 9.97806e+15	9.86e-01	1.39e-02	3.65e-05
 9.99517e+15	9.86e-01	1.37e-02	3.53e-05
 1.00139e+16	9.87e-01	1.34e-02	3.40e-05
 1.00342e+16	9.87e-01	1.32e-02	3.28e-05
 1.00526e+16	9.87e-01	1.29e-02	3.17e-05
 1.00728e+16	9.87e-01	1.27e-02	3.05e-05
 1.00946e+16	9.88e-01	1.24e-02	2.93e-05
 1.01144e+16	9.88e-01	1.22e-02	2.83e-05
 1.01361e+16	9.88e-01	1.20e-02	2.71e-05
 1.01596e+16	9.88e-01	1.17e-02	2.60e-05
 1.01809e+16	9.88e-01	1.15e-02	2.51e-05
 1.02043e+16	9.89e-01	1.12e-02	2.40e-05
 1.02296e+16	9.89e-01	1.10e-02	2.30e-05
 1.02526e+16	9.89e-01	1.08e-02	2.21e-05
 1.02777e+16	9.89e-01	1.05e-02	2.11e-05
 1.03049e+16	9.90e-01	1.03e-02	2.01e-05
 1.03297e+16	9.90e-01	1.01e-02	1.93e-05
 1.03522e+16	9.90e-01	9.89e-03	1.86e-05
 1.03769e+16	9.90e-01	9.67e-03	1.78e-05
 1.04035e+16	9.91e-01	9.46e-03	1.71e-05
 1.04277e+16	9.91e-01	9.28e-03	1.64e-05
 1.04543e+16	9.91e-01	9.07e-03	1.57e-05
 1.04830e+16	9.91e-01	8.86e-03	1.50e-05
 1.05090e+16	9.91e-01	8.68e-03	1.44e-05
 1.05376e+16	9.92e-01	8.47e-03	1.37e-05
 1.05685e+16	9.92e-01	8.27e-03	1.31e-05
 1.05966e+16	9.92e-01	8.09e-03	1.25e-05
 1.06274e+16	9.92e-01	7.89e-03	1.19e-05
 1.06606e+16	9.92e-01	7.69e-03	1.13e-05
 1.06908e+16	9.92e-01	7.51e-03	1.08e-05
 1.07240e+16	9.93e-01	7.32e-03	1.03e-05
 1.07597e+16	9.93e-01	7.12e-03	9.75e-06
 1.07923e+16	9.93e-01	6.95e-03	9.29e-06
 1.08280e+16	9.93e-01	6.76e-03	8.80e-06
 1.08743e+16	9.93e-01	6.53e-03	8.20e-06
 1.09290e+16	9.94e-01	6.26e-03	7.57e-06
 1.09857e+16	9.94e-01	6.01e-03	6.98e-06
 1.10424e+16	9.94e-01	5.77e-03	6.44e-06
 1.11009e+16	9.94e-01	5.54e-03	5.93e-06
 1.11621e+16	9.95e-01	5.31e-03	5.45e-06
 1.12255e+16	9.95e-01	5.08e-03	5.00e-06
 1.12909e+16	9.95e-01	4.86e-03	4.58e-06
 1.13586e+16	9.95e-01	4.64e-03	4.18e-06
 1.14287e+16	9.96e-01	4.43e-03	3.81e-06
 1.15012e+16	9.96e-01	4.22e-03	3.47e-06
 1.15754e+16	9.96e-01	4.02e-03	3.15e-06
 1.16507e+16	9.96e-01	3.84e-03	2.87e-06
 1.17271e+16	9.96e-01	3.65e-03	2.61e-06
 1.18050e+16	9.97e-01	3.48e-03	2.37e-06
 1.18833e+16	9.97e-01	3.32e-03	2.15e-06
 1.19627e+16	9.97e-01	3.16e-03	1.95e-06
 1.20447e+16	9.97e-01	3.01e-03	1.77e-06
 1.21287e+16	9.97e-01	2.86e-03	1.60e-06
 1.22139e+16	9.97e-01	2.72e-03	1.45e-06
 1.23003e+16	9.97e-01	2.58e-03	1.31e-06
 1.23884e+16	9.98e-01	2.45e-03	1.18e-06
 1.24781e+16	9.98e-01	2.33e-03	1.07e-06
 1.25697e+16	9.98e-01	2.21e-03	9.61e-07
 1.26629e+16	9.98e-01	2.09e-03	8.66e-07
 1.27578e+16	9.98e-01	1.99e-03	7.79e-07
 1.28543e+16	9.98e-01	1.88e-03	7.00e-07
 1.29529e+16	9.98e-01	1.78e-03	6.28e-07
 1.30535e+16	9.98e-01	1.69e-03	5.62e-07
 1.31561e+16	9.98e-01	1.59e-03	5.03e-07
 1.32606e+16	9.98e-01	1.51e-03	4.50e-07
 1.33674e+16	9.99e-01	1.42e-03	4.02e-07
 1.34764e+16	9.99e-01	1.34e-03	3.58e-07
 1.35877e+16	9.99e-01	1.27e-03	3.18e-07
 1.37015e+16	9.99e-01	1.19e-03	2.83e-07
 1.38178e+16	9.99e-01	1.12e-03	2.51e-07
 1.39369e+16	9.99e-01	1.05e-03	2.22e-07
 1.40588e+16	9.99e-01	9.90e-04	1.96e-07
 1.41836e+16	9.99e-01	9.29e-04	1.73e-07
 1.43116e+16	9.99e-01	8.71e-04	1.52e-07
 1.44430e+16	9.99e-01	8.15e-04	1.33e-07
 1.45780e+16	9.99e-01	7.62e-04	1.16e-07
 1.47167e+16	9.99e-01	7.10e-04	1.01e-07
 1.48595e+16	9.99e-01	6.62e-04	8.80e-08
 1.50057e+16	9.99e-01	6.16e-04	7.64e-08
 1.51540e+16	9.99e-01	5.74e-04	6.62e-08
 1.53076e+16	9.99e-01	5.32e-04	5.70e-08
 1.54703e+16	1.00e+00	4.92e-04	4.87e-08
 1.56400e+16	1.00e+00	4.53e-04	4.14e-08
 1.58153e+16	1.00e+00	4.17e-04	3.51e-08
 1.59974e+16	1.00e+00	3.82e-04	2.95e-08
 1.61877e+16	1.00e+00	3.49e-04	2.47e-08
 1.63873e+16	1.00e+00	3.18e-04	2.05e-08
 1.65971e+16	1.00e+00	2.88e-04	1.68e-08
 1.68185e+16	1.00e+00	2.60e-04	1.37e-08
 1.70536e+16	1.00e+00	2.33e-04	1.10e-08
 1.73063e+16	1.00e+00	2.07e-04	8.74e-09
 1.75735e+16	1.00e+00	1.84e-04	6.86e-09
 1.78600e+16	1.00e+00	1.61e-04	5.28e-09
 1.81762e+16	1.00e+00	1.40e-04	3.97e-09
 1.85223e+16	1.00e+00	1.20e-04	2.92e-09
 1.89046e+16	1.00e+00	1.01e-04	2.08e-09
 1.93283e+16	1.00e+00	8.38e-05	1.44e-09
 1.98224e+16	1.00e+00	6.75e-05	9.32e-10
 2.03902e+16	1.00e+00	5.30e-05	5.76e-10
 2.09775e+16	1.00e+00	4.16e-05	3.55e-10
 2.15525e+16	1.00e+00	3.30e-05	2.23e-10
 2.21223e+16	1.00e+00	2.63e-05	1.42e-10
 2.27014e+16	1.00e+00	2.09e-05	9.00e-11
 2.32937e+16	1.00e+00	1.66e-05	5.71e-11
 2.38981e+16	1.00e+00	1.32e-05	3.62e-11
 2.45125e+16	1.00e+00	1.05e-05	2.30e-11
 2.51366e+16	1.00e+00	8.41e-06	1.46e-11
 2.57742e+16	1.00e+00	6.70e-06	9.31e-12
 2.64267e+16	1.00e+00	5.34e-06	5.92e-12
 2.70942e+16	1.00e+00	4.25e-06	3.75e-12
 2.77779e+16	1.00e+00	3.38e-06	2.38e-12
 2.84782e+16	1.00e+00	2.68e-06	1.50e-12
 2.91956e+16	1.00e+00	2.13e-06	9.49e-13
 2.99337e+16	1.00e+00	1.69e-06	5.96e-13
 3.06968e+16	1.00e+00	1.33e-06	3.72e-13
 3.14858e+16	1.00e+00	1.05e-06	2.31e-13
 3.23050e+16	1.00e+00	8.23e-07	1.42e-13
 3.31611e+16	1.00e+00	6.41e-07	8.63e-14
 3.40425e+16	1.00e+00	4.99e-07	5.23e-14
 3.49164e+16	1.00e+00	3.91e-07	3.23e-14
 3.57674e+16	1.00e+00	3.10e-07	2.03e-14
 3.65983e+16	1.00e+00	2.48e-07	1.30e-14
 3.74123e+16	1.00e+00	2.00e-07	8.51e-15
 3.82101e+16	1.00e+00	1.63e-07	5.64e-15
 3.89878e+16	1.00e+00	1.34e-07	3.80e-15
 3.97414e+16	1.00e+00	1.11e-07	2.61e-15
 4.04691e+16	1.00e+00	9.25e-08	1.82e-15
 4.11707e+16	1.00e+00	7.79e-08	1.30e-15
 4.18463e+16	1.00e+00	6.62e-08	9.39e-16
 4.24953e+16	1.00e+00	5.68e-08	6.91e-16
 4.31176e+16	1.00e+00	4.91e-08	5.17e-16
 4.37132e+16	1.00e+00	4.27e-08	3.92e-16
 4.42824e+16	1.00e+00	3.75e-08	3.02e-16
 4.48260e+16	1.00e+00	3.31e-08	2.36e-16
 4.53451e+16	1.00e+00	2.95e-08	1.87e-16
 4.58403e+16	1.00e+00	2.64e-08	1.50e-16
 4.63124e+16	1.00e+00	2.38e-08	1.22e-16
 4.67621e+16	1.00e+00	2.15e-08	1.00e-16
 4.71904e+16	1.00e+00	1.96e-08	8.34e-17
 4.75982e+16	1.00e+00	1.79e-08	6.99e-17
 4.79865e+16	1.00e+00	1.65e-08	5.92e-17
 4.83561e+16	1.00e+00	1.53e-08	5.06e-17
 4.87077e+16	1.00e+00	1.42e-08	4.36e-17
 4.90424e+16	1.00e+00	1.32e-08	3.79e-17
 4.93614e+16	1.00e+00	1.23e-08	3.32e-17
 4.96656e+16	1.00e+00	1.16e-08	2.92e-17
 4.99554e+16	1.00e+00	1.09e-08	2.59e-17
 5.02317e+16	1.00e+00	1.03e-08	2.31e-17
 5.04950e+16	1.00e+00	9.75e-09	2.08e-17
 5.07461e+16	1.00e+00	9.26e-09	1.88e-17
 5.09860e+16	1.00e+00	8.81e-09	1.70e-17
 5.12155e+16	1.00e+00	8.41e-09	1.55e-17
 5.14348e+16	1.00e+00	8.05e-09	1.42e-17
 5.16445e+16	1.00e+00	7.71e-09	1.30e-17
 5.18455e+16	1.00e+00	7.40e-09	1.20e-17
 5.20382e+16	1.00e+00	7.12e-09	1.11e-17
 5.22233e+16	1.00e+00	6.86e-09	1.03e-17
 5.24012e+16	1.00e+00	6.62e-09	9.64e-18
 5.25725e+16	1.00e+00	6.40e-09	9.01e-18
 5.27377e+16	1.00e+00	6.19e-09	8.44e-18
 5.28973e+16	1.00e+00	6.00e-09	7.92e-18
 5.30519e+16	1.00e+00	5.82e-09	7.45e-18
 5.32019e+16	1.00e+00	5.65e-09	7.03e-18
 5.33480e+16	1.00e+00	5.49e-09	6.64e-18
 5.34905e+16	1.00e+00	5.34e-09	6.28e-18
 5.36301e+16	1.00e+00	5.19e-09	5.94e-18
 5.37673e+16	1.00e+00	5.05e-09	5.63e-18
 5.39028e+16	1.00e+00	4.92e-09	5.34e-18
 5.40372e+16	1.00e+00	4.79e-09	5.07e-18
 5.41712e+16	1.00e+00	4.67e-09	4.81e-18
 5.43058e+16	1.00e+00	4.55e-09	4.57e-18
 5.44419e+16	1.00e+00	4.43e-09	4.33e-18
 5.45806e+16	1.00e+00	4.31e-09	4.11e-18
 5.47232e+16	1.00e+00	4.19e-09	3.89e-18
 5.48715e+16	1.00e+00	4.07e-09	3.67e-18
 5.50276e+16	1.00e+00	3.95e-09	3.45e-18
 5.51944e+16	1.00e+00	3.82e-09	3.24e-18
 5.53756e+16	1.00e+00	3.69e-09	3.02e-18
 5.55765e+16	1.00e+00	3.55e-09	2.79e-18
 5.58044e+16	1.00e+00	3.40e-09	2.56e-18
 5.60703e+16	1.00e+00	3.22e-09	2.31e-18
 5.63909e+16	1.00e+00	3.03e-09	2.04e-18
 5.67933e+16	1.00e+00	2.80e-09	1.75e-18
 5.73127e+16	1.00e+00	2.53e-09	1.43e-18
 5.79880e+16	1.00e+00	2.23e-09	1.11e-18
 5.88659e+16	1.00e+00	1.89e-09	7.96e-19
 6.00072e+16	1.00e+00	1.53e-09	5.23e-19
 6.14908e+16	1.00e+00	1.17e-09	3.06e-19
 6.34196e+16	1.00e+00	8.28e-10	1.55e-19
 6.56644e+16	1.00e+00	5.67e-10	7.33e-20
 6.80510e+16	1.00e+00	3.84e-10	3.38e-20
 7.05147e+16	1.00e+00	2.60e-10	1.57e-20
 7.29781e+16	1.00e+00	1.78e-10	7.41e-21
 7.55510e+16	1.00e+00	1.21e-10	0.00e+00
 7.82728e+16	1.00e+00	8.17e-11	0.00e+00
 8.10744e+16	1.00e+00	5.51e-11	0.00e+00
 8.39165e+16	1.00e+00	3.74e-11	0.00e+00
 8.67586e+16	1.00e+00	2.56e-11	0.00e+00
 8.96008e+16	1.00e+00	1.77e-11	0.00e+00
 9.25869e+16	1.00e+00	1.21e-11	0.00e+00
 9.57170e+16	1.00e+00	8.28e-12	0.00e+00
 9.88471e+16	1.00e+00	5.70e-12	0.00e+00
 1.01977e+17	1.00e+00	3.96e-12	0.00e+00
 1.05107e+17	1.00e+00	2.78e-12	0.00e+00
 1.08238e+17	1.00e+00	1.97e-12	0.00e+00
 1.11368e+17	1.00e+00	1.41e-12	0.00e+00
 1.14498e+17	1.00e+00	1.01e-12	0.00e+00
 1.17220e+17	1.00e+00	7.75e-13	0.00e+00
 1.19070e+17	1.00e+00	6.50e-13	0.00e+00
 1.20155e+17	1.00e+00	5.90e-13	0.00e+00
 1.20780e+17	1.00e+00	5.56e-13	0.00e+00
 1.21156e+17	1.00e+00	5.38e-13	0.00e+00
 1.21395e+17	1.00e+00	5.26e-13	0.00e+00
 1.21589e+17	1.00e+00	5.16e-13	0.00e+00
 1.21800e+17	1.00e+00	5.05e-13	0.00e+00
 1.22052e+17	1.00e+00	4.93e-13	0.00e+00
 1.22306e+17	1.00e+00	4.81e-13	0.00e+00
 1.22511e+17	1.00e+00	4.72e-13	0.00e+00
 1.22679e+17	1.00e+00	4.65e-13	0.00e+00
 1.22842e+17	1.00e+00	4.57e-13	0.00e+00
 1.23012e+17	1.00e+00	4.50e-13	0.00e+00
 1.23182e+17	1.00e+00	4.42e-13	0.00e+00
 1.23338e+17	1.00e+00	4.36e-13	0.00e+00
 1.23473e+17	1.00e+00	4.30e-13	0.00e+00
 1.23595e+17	1.00e+00	4.26e-13	0.00e+00
 1.23718e+17	1.00e+00	4.20e-13	0.00e+00
 1.23845e+17	1.00e+00	4.15e-13	0.00e+00
 1.23967e+17	1.00e+00	4.10e-13	0.00e+00
 1.24079e+17	1.00e+00	4.06e-13	0.00e+00
 1.24181e+17	1.00e+00	4.02e-13	0.00e+00
 1.24278e+17	1.00e+00	3.98e-13	0.00e+00
 1.24379e+17	1.00e+00	3.94e-13	0.00e+00
 1.24478e+17	1.00e+00	3.91e-13	0.00e+00
 1.24565e+17	1.00e+00	3.88e-13	0.00e+00
 1.24647e+17	1.00e+00	3.85e-13	0.00e+00
 1.24737e+17	1.00e+00	3.81e-13	0.00e+00
 1.24834e+17	1.00e+00	3.77e-13	0.00e+00
 1.24920e+17	1.00e+00	3.74e-13	0.00e+00
 1.24993e+17	1.00e+00	3.72e-13	0.00e+00
 1.25071e+17	1.00e+00	3.69e-13	0.00e+00
 1.25156e+17	1.00e+00	3.66e-13	0.00e+00
 1.25236e+17	1.00e+00	3.63e-13	0.00e+00
 1.25309e+17	1.00e+00	3.60e-13	0.00e+00
 1.25387e+17	1.00e+00	3.57e-13	0.00e+00
 1.25466e+17	1.00e+00	3.54e-13	0.00e+00
 1.25544e+17	1.00e+00	3.52e-13	0.00e+00
 1.25614e+17	1.00e+00	3.49e-13	0.00e+00
 1.25691e+17	1.00e+00	3.47e-13	0.00e+00
 1.25778e+17	1.00e+00	3.43e-13	0.00e+00
 1.25861e+17	1.00e+00	3.40e-13	0.00e+00
 1.25935e+17	1.00e+00	3.38e-13	0.00e+00
 1.26009e+17	1.00e+00	3.35e-13	0.00e+00
 1.26089e+17	1.00e+00	3.32e-13	0.00e+00
 1.26175e+17	1.00e+00	3.29e-13	0.00e+00
 1.26264e+17	1.00e+00	3.26e-13	0.00e+00
 1.26352e+17	1.00e+00	3.23e-13	0.00e+00
 1.26434e+17	1.00e+00	3.20e-13	0.00e+00
 1.26521e+17	1.00e+00	3.18e-13	0.00e+00
 1.26622e+17	1.00e+00	3.14e-13	0.00e+00
 1.26726e+17	1.00e+00	3.10e-13	0.00e+00
 1.26818e+17	1.00e+00	3.08e-13	0.00e+00
 1.26903e+17	1.00e+00	3.05e-13	0.00e+00
 1.26997e+17	1.00e+00	3.02e-13	0.00e+00
 1.27107e+17	1.00e+00	2.98e-13	0.00e+00
 1.27221e+17	1.00e+00	2.95e-13	0.00e+00
 1.27327e+17	1.00e+00	2.91e-13	0.00e+00
 1.27431e+17	1.00e+00	2.88e-13	0.00e+00
 1.27542e+17	1.00e+00	2.84e-13	0.00e+00
 1.27661e+17	1.00e+00	2.81e-13	0.00e+00
 1.27785e+17	1.00e+00	2.77e-13	0.00e+00
 1.27906e+17	1.00e+00	2.73e-13	0.00e+00
 1.28027e+17	1.00e+00	2.70e-13	0.00e+00
 1.28155e+17	1.00e+00	2.66e-13	0.00e+00
 1.28290e+17	1.00e+00	2.62e-13	0.00e+00
 1.28429e+17	1.00e+00	2.58e-13	0.00e+00
 1.28572e+17	1.00e+00	2.54e-13	0.00e+00
 1.28715e+17	1.00e+00	2.50e-13	0.00e+00
 1.28861e+17	1.00e+00	2.46e-13	0.00e+00
 1.29014e+17	1.00e+00	2.42e-13	0.00e+00
 1.29174e+17	1.00e+00	2.38e-13	0.00e+00
 1.29340e+17	1.00e+00	2.33e-13	0.00e+00
 1.29508e+17	1.00e+00	2.29e-13	0.00e+00
 1.29673e+17	1.00e+00	2.25e-13	0.00e+00
 1.29852e+17	1.00e+00	2.20e-13	0.00e+00
 1.30050e+17	1.00e+00	2.15e-13	0.00e+00
 1.30246e+17	1.00e+00	2.11e-13	0.00e+00
 1.30437e+17	1.00e+00	2.06e-13	0.00e+00
 1.30631e+17	1.00e+00	2.02e-13	0.00e+00
 1.30842e+17	1.00e+00	1.97e-13	0.00e+00
 1.31066e+17	1.00e+00	1.92e-13	0.00e+00
 1.31288e+17	1.00e+00	1.87e-13	0.00e+00
 1.31501e+17	1.00e+00	1.83e-13	0.00e+00
 1.31731e+17	1.00e+00	1.78e-13	0.00e+00
 1.31981e+17	1.00e+00	1.73e-13	0.00e+00
 1.32238e+17	1.00e+00	1.68e-13	0.00e+00
 1.32495e+17	1.00e+00	1.63e-13	0.00e+00
 1.32750e+17	1.00e+00	1.59e-13	0.00e+00
 1.33013e+17	1.00e+00	1.54e-13	0.00e+00
 1.33292e+17	1.00e+00	1.49e-13	0.00e+00
 1.33586e+17	1.00e+00	1.44e-13	0.00e+00
 1.33880e+17	1.00e+00	1.39e-13	0.00e+00
 1.34179e+17	1.00e+00	1.34e-13	0.00e+00
 1.34489e+17	1.00e+00	1.30e-13	0.00e+00
 1.34805e+17	1.00e+00	1.25e-13	0.00e+00
 1.35128e+17	1.00e+00	1.21e-13	0.00e+00
 1.35474e+17	1.00e+00	1.16e-13	0.00e+00
 1.35836e+17	1.00e+00	1.11e-13	0.00e+00
 1.36192e+17	1.00e+00	1.06e-13	0.00e+00
 1.36547e+17	1.00e+00	1.02e-13	0.00e+00
 1.36919e+17	1.00e+00	9.79e-14	0.00e+00
 1.37315e+17	1.00e+00	9.35e-14	0.00e+00
 1.37725e+17	1.00e+00	8.94e-14	0.00e+00
 1.38159e+17	1.00e+00	8.50e-14	0.00e+00
 1.38608e+17	1.00e+00	8.08e-14	0.00e+00
 1.39054e+17	1.00e+00	7.68e-14	0.00e+00
 1.39507e+17	1.00e+00	7.29e-14	0.00e+00
 1.39962e+17	1.00e+00	6.94e-14	0.00e+00
 1.40448e+17	1.00e+00	6.57e-14	0.00e+00
 1.40982e+17	1.00e+00	6.21e-14	0.00e+00
 1.41546e+17	1.00e+00	5.83e-14	0.00e+00
 1.42113e+17	1.00e+00	5.50e-14	0.00e+00
 1.42681e+17	1.00e+00	5.18e-14	0.00e+00
 1.43278e+17	1.00e+00	4.87e-14	0.00e+00
 1.43871e+17	1.00e+00	4.59e-14	0.00e+00
 1.44408e+17	1.00e+00	4.35e-14	0.00e+00
 1.44885e+17	1.00e+00	4.14e-14	0.00e+00
 1.45335e+17	1.00e+00	3.96e-14	0.00e+00
 1.45779e+17	1.00e+00	3.79e-14	0.00e+00
 1.46211e+17	1.00e+00	3.63e-14	0.00e+00
 1.46614e+17	1.00e+00	3.48e-14	0.00e+00
 1.46979e+17	1.00e+00	3.35e-14	0.00e+00
 1.47313e+17	1.00e+00	3.23e-14	0.00e+00
 1.47624e+17	1.00e+00	3.13e-14	0.00e+00
 1.47920e+17	1.00e+00	3.03e-14	0.00e+00
 1.48198e+17	1.00e+00	2.94e-14	0.00e+00
 1.48457e+17	1.00e+00	2.87e-14	0.00e+00
 1.48701e+17	1.00e+00	2.79e-14	0.00e+00
 1.48933e+17	1.00e+00	2.72e-14	0.00e+00
 1.49156e+17	1.00e+00	2.66e-14	0.00e+00
 1.49371e+17	1.00e+00	2.60e-14	0.00e+00
 1.49576e+17	1.00e+00	2.54e-14	0.00e+00
 1.49773e+17	1.00e+00	2.48e-14	0.00e+00
 1.49963e+17	1.00e+00	2.43e-14	0.00e+00
 1.50149e+17	1.00e+00	2.38e-14	0.00e+00
 1.50330e+17	1.00e+00	2.34e-14	0.00e+00
 1.50506e+17	1.00e+00	2.30e-14	0.00e+00
 1.50678e+17	1.00e+00	2.25e-14	0.00e+00
 1.50846e+17	1.00e+00	2.21e-14	0.00e+00
 1.51011e+17	1.00e+00	2.17e-14	0.00e+00
 1.51173e+17	1.00e+00	2.14e-14	0.00e+00
 1.51332e+17	1.00e+00	2.10e-14	0.00e+00
 1.51488e+17	1.00e+00	2.07e-14	0.00e+00
 1.51643e+17	1.00e+00	2.03e-14	0.00e+00
 1.51795e+17	1.00e+00	2.00e-14	0.00e+00
 1.51969e+17	1.00e+00	1.97e-14	0.00e+00
 1.52195e+17	1.00e+00	1.92e-14	0.00e+00
 1.52489e+17	1.00e+00	1.86e-14	0.00e+00
 1.52871e+17	1.00e+00	1.79e-14	0.00e+00
 1.53368e+17	1.00e+00	1.70e-14	0.00e+00
 1.53993e+17	1.00e+00	1.59e-14	0.00e+00
 1.54669e+17	1.00e+00	1.49e-14	0.00e+00
 1.55276e+17	1.00e+00	1.41e-14	0.00e+00
 1.55794e+17	1.00e+00	1.34e-14	0.00e+00
 1.56283e+17	1.00e+00	1.28e-14	0.00e+00
 1.56803e+17	1.00e+00	1.21e-14	0.00e+00
 1.57370e+17	1.00e+00	1.15e-14	0.00e+00
 1.57956e+17	1.00e+00	1.09e-14	0.00e+00
 1.58530e+17	1.00e+00	1.03e-14	0.00e+00
 1.59091e+17	1.00e+00	9.80e-15	0.00e+00
 1.59665e+17	1.00e+00	9.29e-15	0.00e+00
 1.60275e+17	1.00e+00	8.79e-15	0.00e+00
 1.60931e+17	1.00e+00	8.27e-15	0.00e+00
 1.61632e+17	1.00e+00	7.77e-15	0.00e+00
 1.62382e+17	1.00e+00	7.26e-15	0.00e+00
 1.63208e+17	1.00e+00	6.74e-15	0.00e+00
 1.64161e+17	1.00e+00	6.18e-15	0.00e+00
 1.65324e+17	1.00e+00	5.56e-15	0.00e+00
 1.66811e+17	1.00e+00	4.87e-15	0.00e+00
 1.68745e+17	1.00e+00	4.10e-15	0.00e+00
 1.71258e+17	1.00e+00	3.29e-15	0.00e+00
 1.74526e+17	1.00e+00	2.48e-15	0.00e+00
 1.78774e+17	1.00e+00	1.73e-15	0.00e+00
 1.84296e+17	1.00e+00	1.09e-15	0.00e+00
 1.91166e+17	1.00e+00	6.24e-16	0.00e+00
 1.98812e+17	1.00e+00	3.41e-16	0.00e+00
 2.06067e+17	1.00e+00	1.95e-16	0.00e+00
 2.12193e+17	1.00e+00	1.22e-16	0.00e+00
 2.17579e+17	1.00e+00	8.08e-17	0.00e+00
 2.23598e+17	1.00e+00	5.07e-17	0.00e+00
 2.31422e+17	1.00e+00	2.77e-17	0.00e+00
 2.39426e+17	1.00e+00	1.49e-17	0.00e+00
 2.45158e+17	1.00e+00	9.49e-18	0.00e+00
 2.48596e+17	1.00e+00	7.00e-18	0.00e+00
 2.50660e+17	1.00e+00	5.85e-18	0.00e+00
 2.51898e+17	1.00e+00	5.23e-18	0.00e+00
 2.52640e+17	1.00e+00	4.87e-18	0.00e+00
 2.53086e+17	1.00e+00	4.67e-18	0.00e+00
 2.53353e+17	1.00e+00	4.55e-18	0.00e+00
 2.53544e+17	1.00e+00	4.46e-18	0.00e+00
 2.53753e+17	1.00e+00	4.37e-18	0.00e+00
 2.54024e+17	1.00e+00	4.26e-18	0.00e+00
 2.54362e+17	1.00e+00	4.12e-18	0.00e+00
 2.54718e+17	1.00e+00	3.97e-18	0.00e+00
 2.55023e+17	1.00e+00	3.85e-18	0.00e+00
 2.55262e+17	1.00e+00	3.75e-18	0.00e+00
 2.55478e+17	1.00e+00	3.67e-18	0.00e+00
 2.55724e+17	1.00e+00	3.57e-18	0.00e+00
 2.56022e+17	1.00e+00	3.46e-18	0.00e+00
 2.56339e+17	1.00e+00	3.34e-18	0.00e+00
 2.56617e+17	1.00e+00	3.24e-18	0.00e+00
 2.56839e+17	1.00e+00	3.16e-18	0.00e+00
 2.57038e+17	1.00e+00	3.09e-18	0.00e+00
 2.57260e+17	1.00e+00	3.01e-18	0.00e+00
 2.57525e+17	1.00e+00	2.92e-18	0.00e+00
 2.57809e+17	1.00e+00	2.82e-18	0.00e+00
 2.58063e+17	1.00e+00	2.73e-18	0.00e+00
 2.58270e+17	1.00e+00	2.66e-18	0.00e+00
 2.58455e+17	1.00e+00	2.59e-18	0.00e+00
 2.58655e+17	1.00e+00	2.53e-18	0.00e+00
 2.58892e+17	1.00e+00	2.45e-18	0.00e+00
 2.59147e+17	1.00e+00	2.37e-18	0.00e+00
 2.59380e+17	1.00e+00	2.29e-18	0.00e+00
 2.59575e+17	1.00e+00	2.23e-18	0.00e+00
 2.59748e+17	1.00e+00	2.17e-18	0.00e+00
 2.59933e+17	1.00e+00	2.12e-18	0.00e+00
 2.60150e+17	1.00e+00	2.05e-18	0.00e+00
 2.60386e+17	1.00e+00	1.98e-18	0.00e+00
 2.60603e+17	1.00e+00	1.91e-18	0.00e+00
 2.60787e+17	1.00e+00	1.85e-18	0.00e+00
 2.60952e+17	1.00e+00	1.80e-18	0.00e+00
 2.61127e+17	1.00e+00	1.75e-18	0.00e+00
 2.61330e+17	1.00e+00	1.69e-18	0.00e+00
 2.61550e+17	1.00e+00	1.63e-18	0.00e+00
 2.61756e+17	1.00e+00	1.55e-18	0.00e+00
 2.61933e+17	1.00e+00	1.49e-18	0.00e+00
 2.62094e+17	1.00e+00	1.45e-18	0.00e+00
 2.62264e+17	1.00e+00	1.41e-18	0.00e+00
 2.62460e+17	1.00e+00	1.36e-18	0.00e+00
 2.62672e+17	1.00e+00	1.30e-18	0.00e+00
 2.62873e+17	1.00e+00	1.25e-18	0.00e+00
 2.63047e+17	1.00e+00	1.21e-18	0.00e+00
 2.63207e+17	1.00e+00	1.17e-18	0.00e+00
 2.63376e+17	1.00e+00	1.13e-18	0.00e+00
 2.63566e+17	1.00e+00	1.09e-18	0.00e+00
 2.63772e+17	1.00e+00	1.04e-18	0.00e+00
