#depth	N	N+	N+2	N+3	N+4	N+5	N+6	N+7
 1.49634e+10	5.90e-45	1.11e-34	2.21e-25	7.90e-17	5.01e-09	9.92e-01	7.80e-03	0.00e+00
 4.54887e+10	0.00e+00	1.54e-34	2.84e-25	9.34e-17	5.45e-09	9.93e-01	7.16e-03	2.22e-08
 7.72350e+10	1.35e-44	2.15e-34	3.64e-25	1.11e-16	5.94e-09	9.93e-01	6.57e-03	0.00e+00
 1.10251e+11	0.00e+00	3.00e-34	4.68e-25	1.31e-16	6.47e-09	9.94e-01	6.03e-03	0.00e+00
 1.43127e+11	3.03e-44	4.12e-34	5.95e-25	1.54e-16	7.02e-09	9.94e-01	5.55e-03	0.00e+00
 1.77317e+11	0.00e+00	5.68e-34	7.58e-25	1.81e-16	7.62e-09	9.95e-01	5.11e-03	0.00e+00
 2.14337e+11	6.87e-44	7.94e-34	9.77e-25	2.15e-16	8.31e-09	9.95e-01	4.69e-03	0.00e+00
 2.52837e+11	0.00e+00	1.11e-33	1.26e-24	2.55e-16	9.07e-09	9.96e-01	4.30e-03	0.00e+00
 2.89111e+11	1.52e-43	1.50e-33	1.58e-24	2.98e-16	9.81e-09	9.96e-01	3.97e-03	0.00e+00
 3.21695e+11	0.00e+00	1.96e-33	1.94e-24	3.42e-16	1.05e-08	9.96e-01	3.71e-03	0.00e+00
 3.58351e+11	3.05e-43	2.62e-33	2.41e-24	3.97e-16	1.13e-08	9.97e-01	3.44e-03	0.00e+00
 4.01615e+11	0.00e+00	3.64e-33	3.09e-24	4.70e-16	1.23e-08	9.97e-01	3.16e-03	0.00e+00
 4.44883e+11	6.84e-43	5.02e-33	3.95e-24	5.55e-16	1.34e-08	9.97e-01	2.90e-03	0.00e+00
 4.85431e+11	0.00e+00	6.70e-33	4.92e-24	6.44e-16	1.45e-08	9.97e-01	2.69e-03	0.00e+00
 5.30325e+11	1.44e-42	9.13e-33	6.23e-24	7.56e-16	1.57e-08	9.98e-01	2.48e-03	0.00e+00
 5.81465e+11	0.00e+00	1.28e-32	8.07e-24	9.02e-16	1.72e-08	9.98e-01	2.27e-03	0.00e+00
 6.31982e+11	3.30e-42	1.78e-32	1.03e-23	1.07e-15	1.88e-08	9.98e-01	2.08e-03	0.00e+00
 6.84519e+11	0.00e+00	2.46e-32	1.32e-23	1.27e-15	2.05e-08	9.98e-01	1.91e-03	0.00e+00
 7.41827e+11	7.56e-42	3.46e-32	1.72e-23	1.51e-15	2.24e-08	9.98e-01	1.74e-03	0.00e+00
 7.99664e+11	0.00e+00	4.83e-32	2.22e-23	1.80e-15	2.45e-08	9.98e-01	1.60e-03	0.00e+00
 8.59814e+11	1.73e-41	6.73e-32	2.86e-23	2.15e-15	2.68e-08	9.99e-01	1.46e-03	0.00e+00
 9.21744e+11	0.00e+00	9.37e-32	3.68e-23	2.56e-15	2.93e-08	9.99e-01	1.34e-03	0.00e+00
 9.82432e+11	3.83e-41	1.28e-31	4.68e-23	3.02e-15	3.19e-08	9.99e-01	1.23e-03	0.00e+00
 1.04794e+12	0.00e+00	1.77e-31	6.01e-23	3.59e-15	3.49e-08	9.99e-01	1.12e-03	0.00e+00
 1.11978e+12	8.75e-41	2.50e-31	7.82e-23	4.31e-15	3.84e-08	9.99e-01	1.02e-03	0.00e+00
 1.19450e+12	0.00e+00	3.51e-31	1.02e-22	5.18e-15	4.22e-08	9.99e-01	9.33e-04	0.00e+00
 1.27220e+12	2.04e-40	4.95e-31	1.33e-22	6.23e-15	4.64e-08	9.99e-01	8.49e-04	0.00e+00
 1.35302e+12	0.00e+00	6.96e-31	1.73e-22	7.49e-15	5.11e-08	9.99e-01	7.72e-04	0.00e+00
 1.42608e+12	4.47e-40	9.36e-31	2.17e-22	8.80e-15	5.56e-08	9.99e-01	7.11e-04	0.00e+00
 1.48691e+12	0.00e+00	1.19e-30	2.62e-22	1.00e-14	5.95e-08	9.99e-01	6.65e-04	0.00e+00
 1.55353e+12	8.17e-40	1.53e-30	3.19e-22	1.15e-14	6.40e-08	9.99e-01	6.19e-04	0.00e+00
 1.63798e+12	0.00e+00	2.08e-30	4.06e-22	1.37e-14	7.00e-08	9.99e-01	5.67e-04	0.00e+00
 1.72606e+12	1.75e-39	2.84e-30	5.17e-22	1.62e-14	7.66e-08	9.99e-01	5.19e-04	0.00e+00
 1.80403e+12	0.00e+00	3.70e-30	6.35e-22	1.88e-14	8.28e-08	1.00e+00	4.81e-04	0.00e+00
 1.87684e+12	3.23e-39	4.70e-30	7.66e-22	2.14e-14	8.88e-08	1.00e+00	4.49e-04	0.00e+00
 1.95998e+12	0.00e+00	6.11e-30	9.41e-22	2.48e-14	9.60e-08	1.00e+00	4.16e-04	0.00e+00
 2.06207e+12	6.50e-39	8.33e-30	1.20e-21	2.96e-14	1.05e-07	1.00e+00	3.80e-04	0.00e+00
 2.16375e+12	0.00e+00	1.12e-29	1.52e-21	3.50e-14	1.15e-07	1.00e+00	3.48e-04	0.00e+00
 2.25216e+12	1.26e-38	1.43e-29	1.84e-21	4.02e-14	1.24e-07	1.00e+00	3.23e-04	0.00e+00
 2.34839e+12	0.00e+00	1.86e-29	2.26e-21	4.66e-14	1.34e-07	1.00e+00	2.99e-04	0.00e+00
 2.46581e+12	2.50e-38	2.52e-29	2.88e-21	5.54e-14	1.47e-07	1.00e+00	2.73e-04	0.00e+00
 2.58570e+12	0.00e+00	3.40e-29	3.64e-21	6.57e-14	1.61e-07	1.00e+00	2.50e-04	0.00e+00
 2.69592e+12	4.92e-38	4.41e-29	4.48e-21	7.63e-14	1.75e-07	1.00e+00	2.31e-04	0.00e+00
 2.81861e+12	0.00e+00	5.85e-29	5.60e-21	8.96e-14	1.90e-07	1.00e+00	2.12e-04	0.00e+00
 2.96069e+12	1.01e-37	7.98e-29	7.17e-21	1.07e-13	2.09e-07	1.00e+00	1.93e-04	0.00e+00
 3.10062e+12	0.00e+00	1.07e-28	9.04e-21	1.27e-13	2.29e-07	1.00e+00	1.77e-04	0.00e+00
 3.23469e+12	1.99e-37	1.40e-28	1.12e-20	1.48e-13	2.49e-07	1.00e+00	1.63e-04	0.00e+00
 3.38254e+12	0.00e+00	1.86e-28	1.40e-20	1.74e-13	2.72e-07	1.00e+00	1.49e-04	0.00e+00
 3.54776e+12	4.08e-37	2.53e-28	1.79e-20	2.08e-13	2.99e-07	1.00e+00	1.36e-04	0.00e+00
 3.69801e+12	0.00e+00	3.31e-28	2.21e-20	2.42e-13	3.25e-07	1.00e+00	1.26e-04	0.00e+00
 3.82451e+12	7.33e-37	4.11e-28	2.63e-20	2.74e-13	3.47e-07	1.00e+00	1.18e-04	0.00e+00
 3.96365e+12	0.00e+00	5.18e-28	3.15e-20	3.13e-13	3.72e-07	1.00e+00	1.10e-04	0.00e+00
 4.12075e+12	1.32e-36	6.67e-28	3.85e-20	3.61e-13	4.02e-07	1.00e+00	1.02e-04	0.00e+00
 4.27123e+12	0.00e+00	8.43e-28	4.63e-20	4.13e-13	4.32e-07	1.00e+00	9.47e-05	0.00e+00
 4.43689e+12	2.37e-36	1.08e-27	5.64e-20	4.76e-13	4.66e-07	1.00e+00	8.79e-05	0.00e+00
 4.62089e+12	0.00e+00	1.41e-27	6.96e-20	5.53e-13	5.06e-07	1.00e+00	8.11e-05	0.00e+00
 4.79333e+12	4.39e-36	1.80e-27	8.43e-20	6.35e-13	5.44e-07	1.00e+00	7.55e-05	0.00e+00
 4.98206e+12	0.00e+00	2.32e-27	1.03e-19	7.33e-13	5.88e-07	1.00e+00	6.99e-05	0.00e+00
 5.19436e+12	8.38e-36	3.06e-27	1.28e-19	8.57e-13	6.40e-07	1.00e+00	6.44e-05	0.00e+00
 5.39721e+12	0.00e+00	3.95e-27	1.57e-19	9.90e-13	6.91e-07	1.00e+00	5.97e-05	0.00e+00
 5.58504e+12	1.51e-35	4.96e-27	1.88e-19	1.13e-12	7.40e-07	1.00e+00	5.57e-05	0.00e+00
 5.79340e+12	0.00e+00	6.35e-27	2.28e-19	1.29e-12	7.97e-07	1.00e+00	5.18e-05	0.00e+00
 6.02692e+12	2.81e-35	8.29e-27	2.81e-19	1.50e-12	8.62e-07	1.00e+00	4.79e-05	0.00e+00
 6.24753e+12	0.00e+00	1.06e-26	3.39e-19	1.72e-12	9.28e-07	1.00e+00	4.46e-05	0.00e+00
 6.48873e+12	5.18e-35	1.37e-26	4.15e-19	1.98e-12	1.00e-06	1.00e+00	4.14e-05	0.00e+00
 6.75559e+12	0.00e+00	1.80e-26	5.15e-19	2.31e-12	1.08e-06	1.00e+00	3.82e-05	0.00e+00
 7.00353e+12	9.76e-35	2.30e-26	6.24e-19	2.65e-12	1.17e-06	1.00e+00	3.55e-05	0.00e+00
 7.27362e+12	0.00e+00	2.98e-26	7.65e-19	3.06e-12	1.26e-06	1.00e+00	3.29e-05	0.00e+00
 7.57544e+12	1.89e-34	3.94e-26	9.52e-19	3.57e-12	1.37e-06	1.00e+00	3.04e-05	0.00e+00
 7.85981e+12	2.58e-34	5.09e-26	1.16e-18	4.11e-12	1.47e-06	1.00e+00	2.82e-05	0.00e+00
 8.16987e+12	3.58e-34	6.66e-26	1.43e-18	4.76e-12	1.59e-06	1.00e+00	2.61e-05	0.00e+00
 8.51576e+12	5.09e-34	8.88e-26	1.79e-18	5.58e-12	1.73e-06	1.00e+00	2.40e-05	0.00e+00
 8.84310e+12	7.03e-34	1.16e-25	2.20e-18	6.44e-12	1.87e-06	1.00e+00	2.23e-05	0.00e+00
 9.19436e+12	9.83e-34	1.52e-25	2.73e-18	7.47e-12	2.02e-06	1.00e+00	2.06e-05	0.00e+00
 9.59206e+12	1.42e-33	2.05e-25	3.44e-18	8.79e-12	2.20e-06	1.00e+00	1.89e-05	0.00e+00
 9.98413e+12	2.00e-33	2.72e-25	4.28e-18	1.02e-11	2.39e-06	1.00e+00	1.75e-05	0.00e+00
 1.03919e+13	2.84e-33	3.62e-25	5.34e-18	1.20e-11	2.59e-06	1.00e+00	1.61e-05	0.00e+00
 1.08375e+13	4.10e-33	4.87e-25	6.73e-18	1.40e-11	2.82e-06	1.00e+00	1.48e-05	0.00e+00
 1.12914e+13	5.89e-33	6.54e-25	8.45e-18	1.64e-11	3.06e-06	1.00e+00	1.37e-05	0.00e+00
 1.17634e+13	8.46e-33	8.78e-25	1.06e-17	1.93e-11	3.33e-06	1.00e+00	1.26e-05	0.00e+00
 1.22392e+13	1.20e-32	1.17e-24	1.32e-17	2.24e-11	3.60e-06	1.00e+00	1.16e-05	0.00e+00
 1.26815e+13	1.65e-32	1.51e-24	1.61e-17	2.57e-11	3.87e-06	1.00e+00	1.08e-05	0.00e+00
 1.31661e+13	2.31e-32	1.99e-24	1.99e-17	2.97e-11	4.17e-06	1.00e+00	1.00e-05	0.00e+00
 1.36627e+13	3.22e-32	2.60e-24	2.45e-17	3.43e-11	4.49e-06	1.00e+00	9.33e-06	0.00e+00
 1.40756e+13	4.22e-32	3.24e-24	2.89e-17	3.85e-11	4.77e-06	1.00e+00	8.79e-06	0.00e+00
 1.45105e+13	5.56e-32	4.05e-24	3.44e-17	4.33e-11	5.07e-06	1.00e+00	8.28e-06	0.00e+00
 1.50664e+13	7.83e-32	5.34e-24	4.25e-17	5.01e-11	5.46e-06	1.00e+00	7.68e-06	0.00e+00
 1.56486e+13	1.11e-31	7.06e-24	5.26e-17	5.80e-11	5.90e-06	1.00e+00	7.12e-06	0.00e+00
 1.61620e+13	1.49e-31	8.98e-24	6.32e-17	6.57e-11	6.29e-06	1.00e+00	6.68e-06	0.00e+00
 1.67169e+13	2.03e-31	1.16e-23	7.66e-17	7.49e-11	6.72e-06	1.00e+00	6.25e-06	0.00e+00
 1.73386e+13	2.85e-31	1.52e-23	9.43e-17	8.63e-11	7.23e-06	1.00e+00	5.81e-06	0.00e+00
 1.79247e+13	3.88e-31	1.95e-23	1.14e-16	9.81e-11	7.72e-06	1.00e+00	5.44e-06	0.00e+00
 1.85640e+13	5.39e-31	2.54e-23	1.39e-16	1.12e-10	8.28e-06	1.00e+00	5.08e-06	0.00e+00
 1.92727e+13	7.64e-31	3.36e-23	1.73e-16	1.30e-10	8.92e-06	1.00e+00	4.71e-06	0.00e+00
 1.99305e+13	1.05e-30	4.33e-23	2.09e-16	1.48e-10	9.53e-06	1.00e+00	4.41e-06	0.00e+00
 2.06448e+13	1.46e-30	5.66e-23	2.56e-16	1.70e-10	1.02e-05	1.00e+00	4.12e-06	0.00e+00
 2.14439e+13	2.09e-30	7.55e-23	3.19e-16	1.97e-10	1.10e-05	1.00e+00	3.82e-06	0.00e+00
 2.21977e+13	2.90e-30	9.83e-23	3.89e-16	2.25e-10	1.18e-05	1.00e+00	3.57e-06	0.00e+00
 2.30217e+13	4.11e-30	1.30e-22	4.81e-16	2.59e-10	1.27e-05	1.00e+00	3.32e-06	0.00e+00
 2.39413e+13	5.96e-30	1.75e-22	6.03e-16	3.02e-10	1.37e-05	1.00e+00	3.07e-06	0.00e+00
 2.48069e+13	8.37e-30	2.30e-22	7.41e-16	3.47e-10	1.47e-05	1.00e+00	2.87e-06	0.00e+00
 2.57379e+13	1.19e-29	3.06e-22	9.17e-16	4.01e-10	1.58e-05	1.00e+00	2.67e-06	0.00e+00
 2.67973e+13	1.76e-29	4.17e-22	1.16e-15	4.69e-10	1.71e-05	1.00e+00	2.46e-06	0.00e+00
 2.78343e+13	2.53e-29	5.59e-22	1.45e-15	5.44e-10	1.84e-05	1.00e+00	2.29e-06	0.00e+00
 2.89127e+13	3.65e-29	7.51e-22	1.81e-15	6.31e-10	1.98e-05	1.00e+00	2.12e-06	0.00e+00
 3.00992e+13	5.38e-29	1.02e-21	2.28e-15	7.39e-10	2.15e-05	1.00e+00	1.96e-06	0.00e+00
 3.12965e+13	7.84e-29	1.39e-21	2.87e-15	8.61e-10	2.32e-05	1.00e+00	1.81e-06	0.00e+00
 3.25417e+13	1.14e-28	1.88e-21	3.60e-15	1.00e-09	2.50e-05	1.00e+00	1.68e-06	0.00e+00
 3.37949e+13	1.65e-28	2.52e-21	4.49e-15	1.16e-09	2.70e-05	1.00e+00	1.56e-06	0.00e+00
 3.49751e+13	2.30e-28	3.28e-21	5.49e-15	1.33e-09	2.89e-05	1.00e+00	1.46e-06	0.00e+00
 3.62809e+13	3.28e-28	4.37e-21	6.80e-15	1.54e-09	3.11e-05	1.00e+00	1.35e-06	0.00e+00
 3.75891e+13	4.61e-28	5.74e-21	8.37e-15	1.77e-09	3.33e-05	1.00e+00	1.26e-06	0.00e+00
 3.86639e+13	6.06e-28	7.15e-21	9.88e-15	1.97e-09	3.53e-05	1.00e+00	1.19e-06	0.00e+00
 3.97970e+13	8.01e-28	8.95e-21	1.17e-14	2.21e-09	3.73e-05	1.00e+00	1.13e-06	0.00e+00
 4.12612e+13	1.13e-27	1.18e-20	1.45e-14	2.55e-09	4.01e-05	1.00e+00	1.05e-06	0.00e+00
 4.28056e+13	1.62e-27	1.57e-20	1.79e-14	2.95e-09	4.32e-05	1.00e+00	9.75e-07	0.00e+00
 4.41588e+13	2.19e-27	2.00e-20	2.15e-14	3.34e-09	4.60e-05	1.00e+00	0.00e+00	0.00e+00
 4.56134e+13	2.99e-27	2.58e-20	2.60e-14	3.79e-09	4.91e-05	1.00e+00	0.00e+00	0.00e+00
 4.73792e+13	4.30e-27	3.46e-20	3.25e-14	4.41e-09	5.30e-05	1.00e+00	0.00e+00	0.00e+00
 4.91759e+13	6.15e-27	4.61e-20	4.05e-14	5.11e-09	5.71e-05	1.00e+00	0.00e+00	0.00e+00
 5.08393e+13	8.47e-27	5.96e-20	4.92e-14	5.83e-09	6.11e-05	1.00e+00	0.00e+00	0.00e+00
 5.26975e+13	1.19e-26	7.87e-20	6.07e-14	6.72e-09	6.57e-05	1.00e+00	0.00e+00	0.00e+00
 5.46929e+13	1.70e-26	1.05e-19	7.55e-14	7.80e-09	7.09e-05	1.00e+00	0.00e+00	0.00e+00
 5.64667e+13	2.32e-26	1.34e-19	9.11e-14	8.85e-09	7.56e-05	1.00e+00	0.00e+00	0.00e+00
 5.83673e+13	3.18e-26	1.73e-19	1.11e-13	1.01e-08	8.09e-05	1.00e+00	0.00e+00	0.00e+00
 6.06453e+13	4.58e-26	2.33e-19	1.39e-13	1.18e-08	8.75e-05	1.00e+00	0.00e+00	0.00e+00
 6.28831e+13	6.47e-26	3.08e-19	1.71e-13	1.36e-08	9.42e-05	1.00e+00	0.00e+00	0.00e+00
 6.48681e+13	8.71e-26	3.91e-19	2.06e-13	1.54e-08	1.00e-04	1.00e+00	0.00e+00	0.00e+00
 6.70555e+13	1.19e-25	5.05e-19	2.50e-13	1.76e-08	1.07e-04	1.00e+00	0.00e+00	0.00e+00
 6.96727e+13	1.72e-25	6.77e-19	3.13e-13	2.05e-08	1.16e-04	1.00e+00	0.00e+00	0.00e+00
 7.22757e+13	2.44e-25	8.99e-19	3.88e-13	2.37e-08	1.25e-04	1.00e+00	0.00e+00	0.00e+00
 7.46448e+13	3.32e-25	1.15e-18	4.69e-13	2.69e-08	1.34e-04	1.00e+00	0.00e+00	0.00e+00
 7.72827e+13	4.62e-25	1.51e-18	5.76e-13	3.09e-08	1.44e-04	1.00e+00	0.00e+00	0.00e+00
 8.03641e+13	6.70e-25	2.03e-18	7.24e-13	3.62e-08	1.56e-04	1.00e+00	0.00e+00	0.00e+00
 8.33945e+13	9.54e-25	2.71e-18	9.01e-13	4.20e-08	1.68e-04	1.00e+00	0.00e+00	0.00e+00
 8.62413e+13	1.31e-24	3.51e-18	1.10e-12	4.80e-08	1.80e-04	1.00e+00	0.00e+00	0.00e+00
 8.94160e+13	1.86e-24	4.63e-18	1.36e-12	5.54e-08	1.94e-04	1.00e+00	0.00e+00	0.00e+00
 9.30225e+13	2.71e-24	6.28e-18	1.71e-12	6.49e-08	2.10e-04	1.00e+00	0.00e+00	0.00e+00
 9.66150e+13	3.89e-24	8.42e-18	2.14e-12	7.55e-08	2.27e-04	1.00e+00	0.00e+00	0.00e+00
 9.99622e+13	5.39e-24	1.10e-17	2.62e-12	8.66e-08	2.44e-04	1.00e+00	0.00e+00	0.00e+00
 1.03602e+14	7.60e-24	1.45e-17	3.23e-12	9.99e-08	2.62e-04	1.00e+00	0.00e+00	0.00e+00
 1.07686e+14	1.10e-23	1.95e-17	4.06e-12	1.17e-07	2.84e-04	1.00e+00	0.00e+00	0.00e+00
 1.11493e+14	1.54e-23	2.55e-17	4.99e-12	1.34e-07	3.05e-04	1.00e+00	0.00e+00	0.00e+00
 1.15013e+14	2.07e-23	3.25e-17	5.99e-12	1.52e-07	3.25e-04	1.00e+00	0.00e+00	0.00e+00
 1.18398e+14	2.74e-23	4.07e-17	7.11e-12	1.70e-07	3.44e-04	1.00e+00	0.00e+00	0.00e+00
 1.22158e+14	3.71e-23	5.19e-17	8.55e-12	1.93e-07	3.67e-04	1.00e+00	0.00e+00	0.00e+00
 1.26317e+14	5.12e-23	6.74e-17	1.04e-11	2.20e-07	3.93e-04	1.00e+00	0.00e+00	0.00e+00
 1.30187e+14	6.86e-23	8.53e-17	1.25e-11	2.49e-07	4.18e-04	1.00e+00	0.00e+00	0.00e+00
 1.34412e+14	9.35e-23	1.09e-16	1.51e-11	2.82e-07	4.46e-04	1.00e+00	0.00e+00	0.00e+00
 1.39164e+14	1.31e-22	1.43e-16	1.85e-11	3.25e-07	4.79e-04	1.00e+00	0.00e+00	0.00e+00
 1.43702e+14	1.79e-22	1.84e-16	2.24e-11	3.69e-07	5.11e-04	9.99e-01	0.00e+00	0.00e+00
 1.48703e+14	2.49e-22	2.41e-16	2.74e-11	4.23e-07	5.48e-04	9.99e-01	0.00e+00	0.00e+00
 1.54216e+14	3.54e-22	3.20e-16	3.40e-11	4.89e-07	5.90e-04	9.99e-01	0.00e+00	0.00e+00
 1.59289e+14	4.86e-22	4.12e-16	4.12e-11	5.56e-07	6.30e-04	9.99e-01	0.00e+00	0.00e+00
 1.64776e+14	6.74e-22	5.37e-16	5.03e-11	6.37e-07	6.74e-04	9.99e-01	0.00e+00	0.00e+00
 1.70913e+14	9.61e-22	7.14e-16	6.25e-11	7.37e-07	7.27e-04	9.99e-01	0.00e+00	0.00e+00
 1.76685e+14	1.33e-21	9.25e-16	7.61e-11	8.42e-07	7.77e-04	9.99e-01	0.00e+00	0.00e+00
 1.82978e+14	1.86e-21	1.22e-15	9.36e-11	9.68e-07	8.35e-04	9.99e-01	0.00e+00	0.00e+00
 1.89969e+14	2.67e-21	1.63e-15	1.17e-10	1.12e-06	9.01e-04	9.99e-01	0.00e+00	0.00e+00
 1.96488e+14	3.71e-21	2.12e-15	1.43e-10	1.29e-06	9.65e-04	9.99e-01	0.00e+00	0.00e+00
 2.03580e+14	5.21e-21	2.79e-15	1.76e-10	1.48e-06	1.04e-03	9.99e-01	0.00e+00	0.00e+00
 2.11517e+14	7.51e-21	3.75e-15	2.20e-10	1.73e-06	1.12e-03	9.99e-01	0.00e+00	0.00e+00
 2.19022e+14	1.05e-20	4.91e-15	2.71e-10	1.99e-06	1.21e-03	9.99e-01	0.00e+00	0.00e+00
 2.27062e+14	1.48e-20	6.49e-15	3.35e-10	2.30e-06	1.30e-03	9.99e-01	0.00e+00	0.00e+00
 2.36175e+14	2.15e-20	8.78e-15	4.23e-10	2.69e-06	1.41e-03	9.99e-01	0.00e+00	0.00e+00
 2.45109e+14	3.06e-20	1.17e-14	5.26e-10	3.12e-06	1.52e-03	9.98e-01	0.00e+00	0.00e+00
 2.54400e+14	4.34e-20	1.55e-14	6.54e-10	3.62e-06	1.65e-03	9.98e-01	0.00e+00	0.00e+00
 2.64606e+14	6.28e-20	2.10e-14	8.25e-10	4.24e-06	1.79e-03	9.98e-01	0.00e+00	0.00e+00
 2.74650e+14	8.86e-20	2.78e-14	1.03e-09	4.93e-06	1.93e-03	9.98e-01	0.00e+00	0.00e+00
 2.82944e+14	1.17e-19	3.48e-14	1.22e-09	5.56e-06	2.06e-03	9.98e-01	0.00e+00	0.00e+00
 2.89611e+14	1.45e-19	4.15e-14	1.40e-09	6.10e-06	2.16e-03	9.98e-01	0.00e+00	0.00e+00
 2.97004e+14	1.83e-19	5.02e-14	1.62e-09	6.75e-06	2.28e-03	9.98e-01	0.00e+00	0.00e+00
 3.06615e+14	2.44e-19	6.36e-14	1.95e-09	7.68e-06	2.44e-03	9.98e-01	0.00e+00	0.00e+00
 3.16930e+14	3.30e-19	8.14e-14	2.37e-09	8.77e-06	2.62e-03	9.97e-01	0.00e+00	0.00e+00
 3.26090e+14	4.26e-19	1.01e-13	2.79e-09	9.84e-06	2.79e-03	9.97e-01	0.00e+00	0.00e+00
 3.35928e+14	5.56e-19	1.25e-13	3.32e-09	1.11e-05	2.98e-03	9.97e-01	0.00e+00	0.00e+00
 3.48333e+14	7.68e-19	1.63e-13	4.10e-09	1.28e-05	3.22e-03	9.97e-01	0.00e+00	0.00e+00
 3.60919e+14	1.05e-18	2.12e-13	5.04e-09	1.48e-05	3.48e-03	9.97e-01	0.00e+00	0.00e+00
 3.71699e+14	1.36e-18	2.63e-13	5.98e-09	1.67e-05	3.71e-03	9.96e-01	0.00e+00	0.00e+00
 3.83287e+14	1.78e-18	3.28e-13	7.13e-09	1.89e-05	3.97e-03	9.96e-01	0.00e+00	0.00e+00
 3.97648e+14	2.45e-18	4.28e-13	8.83e-09	2.19e-05	4.31e-03	9.96e-01	0.00e+00	0.00e+00
 4.12367e+14	3.35e-18	5.56e-13	1.09e-08	2.54e-05	4.67e-03	9.95e-01	0.00e+00	0.00e+00
 4.25484e+14	4.38e-18	6.96e-13	1.31e-08	2.88e-05	5.01e-03	9.95e-01	0.00e+00	0.00e+00
 4.39766e+14	5.80e-18	8.81e-13	1.58e-08	3.29e-05	5.40e-03	9.95e-01	0.00e+00	0.00e+00
 4.56810e+14	8.00e-18	1.16e-12	1.97e-08	3.83e-05	5.88e-03	9.94e-01	0.00e+00	0.00e+00
 4.73617e+14	1.09e-17	1.50e-12	2.42e-08	4.43e-05	6.38e-03	9.94e-01	0.00e+00	0.00e+00
 4.88753e+14	1.41e-17	1.87e-12	2.91e-08	5.03e-05	6.85e-03	9.93e-01	0.00e+00	0.00e+00
 5.05546e+14	1.88e-17	2.37e-12	3.54e-08	5.77e-05	7.39e-03	9.93e-01	0.00e+00	0.00e+00
 5.25353e+14	2.59e-17	3.12e-12	4.42e-08	6.73e-05	8.06e-03	9.92e-01	0.00e+00	0.00e+00
 5.44913e+14	3.51e-17	4.04e-12	5.46e-08	7.80e-05	8.76e-03	9.91e-01	0.00e+00	0.00e+00
 5.63013e+14	4.61e-17	5.08e-12	6.60e-08	8.89e-05	9.43e-03	9.90e-01	0.00e+00	0.00e+00
 5.83323e+14	6.19e-17	6.53e-12	8.11e-08	1.02e-04	1.02e-02	9.90e-01	0.00e+00	0.00e+00
 6.06686e+14	8.58e-17	8.63e-12	1.02e-07	1.20e-04	1.12e-02	9.89e-01	0.00e+00	0.00e+00
 6.29585e+14	1.17e-16	1.12e-11	1.26e-07	1.39e-04	1.22e-02	9.88e-01	0.00e+00	0.00e+00
 6.53400e+14	1.90e-16	1.46e-11	1.57e-07	1.62e-04	1.32e-02	9.87e-01	0.00e+00	0.00e+00
 6.75157e+14	2.52e-16	1.84e-11	1.90e-07	1.84e-04	1.42e-02	9.86e-01	0.00e+00	0.00e+00
 6.91299e+14	3.08e-16	2.18e-11	2.19e-07	2.03e-04	1.50e-02	9.85e-01	0.00e+00	0.00e+00
 7.07887e+14	3.77e-16	2.59e-11	2.51e-07	2.23e-04	1.59e-02	9.84e-01	0.00e+00	0.00e+00
 7.29450e+14	4.88e-16	3.20e-11	3.00e-07	2.51e-04	1.70e-02	9.83e-01	0.00e+00	0.00e+00
 7.52895e+14	6.41e-16	4.03e-11	3.62e-07	2.85e-04	1.82e-02	9.81e-01	0.00e+00	0.00e+00
 7.74104e+14	8.15e-16	4.92e-11	4.26e-07	3.19e-04	1.94e-02	9.80e-01	0.00e+00	0.00e+00
 7.96996e+14	1.03e-15	6.07e-11	5.07e-07	3.59e-04	2.07e-02	9.79e-01	0.00e+00	0.00e+00
 8.26148e+14	1.41e-15	7.88e-11	6.28e-07	4.14e-04	2.25e-02	9.77e-01	0.00e+00	0.00e+00
 8.55494e+14	1.91e-15	1.02e-10	7.73e-07	4.76e-04	2.43e-02	9.75e-01	0.00e+00	0.00e+00
 8.79857e+14	2.43e-15	1.25e-10	9.14e-07	5.33e-04	2.59e-02	9.74e-01	0.00e+00	0.00e+00
 9.05690e+14	3.13e-15	1.54e-10	1.09e-06	5.99e-04	2.76e-02	9.72e-01	0.00e+00	0.00e+00
 9.38711e+14	4.26e-15	2.00e-10	1.35e-06	6.91e-04	3.00e-02	9.69e-01	0.00e+00	0.00e+00
 9.73526e+14	5.89e-15	2.62e-10	1.68e-06	8.00e-04	3.25e-02	9.67e-01	0.00e+00	0.00e+00
 1.00472e+15	7.77e-15	3.31e-10	2.02e-06	9.07e-04	3.48e-02	9.64e-01	0.00e+00	0.00e+00
 1.03876e+15	1.04e-14	4.23e-10	2.48e-06	1.04e-03	3.75e-02	9.61e-01	0.00e+00	0.00e+00
 1.07917e+15	1.47e-14	5.64e-10	3.12e-06	1.21e-03	4.08e-02	9.58e-01	0.00e+00	0.00e+00
 1.11893e+15	2.03e-14	7.39e-10	3.88e-06	1.40e-03	4.42e-02	9.54e-01	0.00e+00	0.00e+00
 1.15506e+15	2.69e-14	9.37e-10	4.70e-06	1.59e-03	4.73e-02	9.51e-01	0.00e+00	0.00e+00
 1.19541e+15	3.66e-14	1.21e-09	5.79e-06	1.82e-03	5.10e-02	9.47e-01	0.00e+00	0.00e+00
 1.24259e+15	5.18e-14	1.63e-09	7.33e-06	2.13e-03	5.55e-02	9.42e-01	0.00e+00	0.00e+00
 1.28914e+15	7.23e-14	2.15e-09	9.17e-06	2.47e-03	6.01e-02	9.37e-01	0.00e+00	0.00e+00
 1.33290e+15	9.80e-14	2.77e-09	1.12e-05	2.82e-03	6.46e-02	9.33e-01	0.00e+00	0.00e+00
 1.38160e+15	1.36e-13	3.65e-09	1.40e-05	3.25e-03	6.98e-02	9.27e-01	0.00e+00	0.00e+00
 1.43689e+15	1.94e-13	4.92e-09	1.78e-05	3.81e-03	7.59e-02	9.20e-01	0.00e+00	0.00e+00
 1.48335e+15	2.60e-13	6.29e-09	2.16e-05	4.33e-03	8.13e-02	9.14e-01	0.00e+00	0.00e+00
 1.51671e+15	3.18e-13	7.46e-09	2.47e-05	4.73e-03	8.52e-02	9.10e-01	0.00e+00	0.00e+00
 1.55140e+15	3.92e-13	8.88e-09	2.84e-05	5.17e-03	8.93e-02	9.05e-01	0.00e+00	0.00e+00
 1.59650e+15	5.10e-13	1.11e-08	3.38e-05	5.79e-03	9.48e-02	8.99e-01	0.00e+00	0.00e+00
 1.64686e+15	6.78e-13	1.41e-08	4.08e-05	6.56e-03	1.01e-01	8.92e-01	0.00e+00	0.00e+00
 1.69409e+15	8.80e-13	1.75e-08	4.85e-05	7.34e-03	1.07e-01	8.85e-01	0.00e+00	0.00e+00
 1.74554e+15	1.16e-12	2.20e-08	5.82e-05	8.26e-03	1.14e-01	8.78e-01	0.00e+00	0.00e+00
 1.80305e+15	1.56e-12	2.83e-08	7.09e-05	9.40e-03	1.22e-01	8.69e-01	0.00e+00	0.00e+00
 1.85712e+15	2.05e-12	3.56e-08	8.48e-05	1.06e-02	1.29e-01	8.60e-01	0.00e+00	0.00e+00
 1.91611e+15	2.74e-12	4.53e-08	1.03e-04	1.19e-02	1.38e-01	8.50e-01	0.00e+00	0.00e+00
 1.98236e+15	3.75e-12	5.89e-08	1.26e-04	1.36e-02	1.47e-01	8.39e-01	0.00e+00	0.00e+00
 2.04546e+15	5.00e-12	7.50e-08	1.52e-04	1.54e-02	1.57e-01	8.28e-01	0.00e+00	0.00e+00
 2.11488e+15	6.81e-12	9.71e-08	1.86e-04	1.75e-02	1.67e-01	8.15e-01	0.00e+00	0.00e+00
 2.19186e+15	9.43e-12	1.28e-07	2.31e-04	2.01e-02	1.79e-01	8.01e-01	0.00e+00	0.00e+00
 2.26320e+15	1.26e-11	1.63e-07	2.80e-04	2.28e-02	1.90e-01	7.87e-01	0.00e+00	0.00e+00
 2.34048e+15	1.72e-11	2.11e-07	3.42e-04	2.59e-02	2.02e-01	7.72e-01	0.00e+00	0.00e+00
 2.42666e+15	2.39e-11	2.79e-07	4.25e-04	2.97e-02	2.16e-01	7.54e-01	0.00e+00	0.00e+00
 2.50721e+15	3.22e-11	3.58e-07	5.16e-04	3.36e-02	2.29e-01	7.37e-01	0.00e+00	0.00e+00
 2.59474e+15	4.43e-11	4.66e-07	6.32e-04	3.82e-02	2.43e-01	7.19e-01	0.00e+00	0.00e+00
 2.68798e+15	6.10e-11	6.10e-07	7.78e-04	4.35e-02	2.57e-01	6.98e-01	0.00e+00	0.00e+00
 2.76979e+15	8.01e-11	7.65e-07	9.26e-04	4.86e-02	2.70e-01	6.80e-01	0.00e+00	0.00e+00
 2.84016e+15	1.00e-10	9.24e-07	1.07e-03	5.32e-02	2.81e-01	6.65e-01	0.00e+00	0.00e+00
 2.91452e+15	1.27e-10	1.13e-06	1.25e-03	5.84e-02	2.93e-01	6.48e-01	0.00e+00	0.00e+00
 2.99813e+15	1.64e-10	1.39e-06	1.47e-03	6.45e-02	3.05e-01	6.29e-01	0.00e+00	0.00e+00
 3.07792e+15	2.08e-10	1.69e-06	1.70e-03	7.08e-02	3.17e-01	6.11e-01	0.00e+00	0.00e+00
 3.16580e+15	2.68e-10	2.10e-06	2.00e-03	7.81e-02	3.30e-01	5.90e-01	0.00e+00	0.00e+00
 3.26156e+15	3.49e-10	2.61e-06	2.37e-03	8.64e-02	3.43e-01	5.68e-01	0.00e+00	0.00e+00
 3.34953e+15	4.42e-10	3.17e-06	2.75e-03	9.45e-02	3.54e-01	5.48e-01	0.00e+00	0.00e+00
 3.44586e+15	5.71e-10	3.92e-06	3.22e-03	1.04e-01	3.67e-01	5.26e-01	0.00e+00	0.00e+00
 3.55264e+15	7.45e-10	4.89e-06	3.81e-03	1.15e-01	3.79e-01	5.02e-01	0.00e+00	0.00e+00
 3.65361e+15	9.52e-10	5.99e-06	4.44e-03	1.25e-01	3.90e-01	4.80e-01	0.00e+00	0.00e+00
 3.76547e+15	1.25e-09	7.47e-06	5.23e-03	1.38e-01	4.02e-01	4.55e-01	0.00e+00	0.00e+00
 3.88688e+15	1.64e-09	9.35e-06	6.20e-03	1.52e-01	4.13e-01	4.29e-01	0.00e+00	0.00e+00
 3.99598e+15	2.07e-09	1.14e-05	7.17e-03	1.65e-01	4.22e-01	4.06e-01	0.00e+00	0.00e+00
 4.11304e+15	2.67e-09	1.40e-05	8.36e-03	1.80e-01	4.30e-01	3.82e-01	0.00e+00	0.00e+00
 4.24302e+15	3.48e-09	1.74e-05	9.83e-03	1.96e-01	4.38e-01	3.56e-01	0.00e+00	0.00e+00
 4.36432e+15	4.40e-09	2.10e-05	1.13e-02	2.12e-01	4.43e-01	3.34e-01	0.00e+00	0.00e+00
 4.49656e+15	5.72e-09	2.60e-05	1.32e-02	2.30e-01	4.48e-01	3.09e-01	0.00e+00	0.00e+00
 4.64049e+15	7.43e-09	3.21e-05	1.55e-02	2.50e-01	4.51e-01	2.84e-01	0.00e+00	0.00e+00
 4.76456e+15	9.20e-09	3.82e-05	1.76e-02	2.66e-01	4.52e-01	2.64e-01	0.00e+00	0.00e+00
 4.87294e+15	1.11e-08	4.45e-05	1.97e-02	2.82e-01	4.52e-01	2.47e-01	0.00e+00	0.00e+00
 4.99597e+15	1.38e-08	5.28e-05	2.23e-02	2.99e-01	4.50e-01	2.28e-01	0.00e+00	0.00e+00
 5.13469e+15	1.73e-08	6.34e-05	2.55e-02	3.18e-01	4.47e-01	2.09e-01	0.00e+00	0.00e+00
 5.26367e+15	2.11e-08	7.45e-05	2.87e-02	3.36e-01	4.43e-01	1.92e-01	0.00e+00	0.00e+00
 5.38130e+15	2.54e-08	8.62e-05	3.20e-02	3.53e-01	4.38e-01	1.77e-01	0.00e+00	0.00e+00
 5.51431e+15	3.14e-08	1.02e-04	3.60e-02	3.71e-01	4.32e-01	1.61e-01	0.00e+00	0.00e+00
 5.65924e+15	3.90e-08	1.21e-04	4.08e-02	3.91e-01	4.23e-01	1.45e-01	0.00e+00	0.00e+00
 5.79021e+15	4.71e-08	1.41e-04	4.55e-02	4.08e-01	4.14e-01	1.32e-01	0.00e+00	0.00e+00
 5.90998e+15	5.60e-08	1.61e-04	5.01e-02	4.24e-01	4.05e-01	1.20e-01	0.00e+00	0.00e+00
 6.04464e+15	6.84e-08	1.88e-04	5.59e-02	4.41e-01	3.94e-01	1.08e-01	0.00e+00	0.00e+00
 6.19364e+15	8.46e-08	2.23e-04	6.29e-02	4.60e-01	3.81e-01	9.60e-02	0.00e+00	0.00e+00
 6.33018e+15	1.02e-07	2.57e-04	6.98e-02	4.76e-01	3.68e-01	8.60e-02	0.00e+00	0.00e+00
 6.45720e+15	1.21e-07	2.95e-04	7.69e-02	4.90e-01	3.55e-01	7.72e-02	0.00e+00	0.00e+00
 6.60293e+15	1.51e-07	3.49e-04	8.61e-02	5.06e-01	3.40e-01	6.76e-02	0.00e+00	0.00e+00
 6.75622e+15	1.85e-07	4.08e-04	9.62e-02	5.21e-01	3.23e-01	5.89e-02	0.00e+00	0.00e+00
 6.88887e+15	2.23e-07	4.71e-04	1.06e-01	5.33e-01	3.08e-01	5.19e-02	0.00e+00	0.00e+00
 7.01076e+15	2.65e-07	5.38e-04	1.16e-01	5.43e-01	2.94e-01	4.60e-02	0.00e+00	0.00e+00
 7.14914e+15	3.24e-07	6.27e-04	1.29e-01	5.54e-01	2.77e-01	3.98e-02	0.00e+00	0.00e+00
 7.29741e+15	4.03e-07	7.40e-04	1.43e-01	5.63e-01	2.59e-01	3.39e-02	0.00e+00	0.00e+00
 7.42085e+15	4.78e-07	8.45e-04	1.57e-01	5.70e-01	2.43e-01	2.95e-02	0.00e+00	0.00e+00
 7.52390e+15	5.58e-07	9.49e-04	1.69e-01	5.74e-01	2.30e-01	2.61e-02	0.00e+00	0.00e+00
 7.63814e+15	6.63e-07	1.08e-03	1.84e-01	5.77e-01	2.15e-01	2.26e-02	0.00e+00	0.00e+00
 7.76211e+15	8.12e-07	1.26e-03	2.02e-01	5.79e-01	1.99e-01	1.91e-02	0.00e+00	0.00e+00
 7.86821e+15	9.55e-07	1.42e-03	2.18e-01	5.79e-01	1.85e-01	1.65e-02	0.00e+00	0.00e+00
 7.94900e+15	1.08e-06	1.56e-03	2.31e-01	5.78e-01	1.75e-01	1.47e-02	0.00e+00	0.00e+00
 8.01641e+15	1.21e-06	1.70e-03	2.43e-01	5.76e-01	1.66e-01	1.32e-02	0.00e+00	0.00e+00
 8.09307e+15	1.34e-06	1.84e-03	2.57e-01	5.74e-01	1.56e-01	1.17e-02	0.00e+00	0.00e+00
 8.19273e+15	1.59e-06	2.09e-03	2.77e-01	5.69e-01	1.42e-01	9.89e-03	0.00e+00	0.00e+00
 8.28684e+15	1.87e-06	2.37e-03	2.97e-01	5.62e-01	1.30e-01	8.35e-03	0.00e+00	0.00e+00
 8.35078e+15	2.18e-06	2.64e-03	3.12e-01	5.56e-01	1.22e-01	7.30e-03	0.00e+00	0.00e+00
 8.39860e+15	2.39e-06	2.83e-03	3.24e-01	5.52e-01	1.15e-01	6.61e-03	0.00e+00	0.00e+00
 8.44842e+15	2.57e-06	2.99e-03	3.35e-01	5.47e-01	1.09e-01	5.98e-03	0.00e+00	0.00e+00
 8.51317e+15	3.04e-06	3.36e-03	3.53e-01	5.38e-01	1.00e-01	5.08e-03	0.00e+00	0.00e+00
 8.57655e+15	3.40e-06	3.66e-03	3.69e-01	5.30e-01	9.25e-02	4.41e-03	0.00e+00	0.00e+00
 8.63001e+15	3.72e-06	3.91e-03	3.84e-01	5.23e-01	8.60e-02	3.88e-03	0.00e+00	0.00e+00
 8.69138e+15	4.24e-06	4.30e-03	4.01e-01	5.13e-01	7.84e-02	3.28e-03	0.00e+00	0.00e+00
 8.75641e+15	4.89e-06	4.77e-03	4.20e-01	5.01e-01	7.08e-02	2.73e-03	0.00e+00	0.00e+00
 8.81138e+15	5.71e-06	5.32e-03	4.38e-01	4.90e-01	6.42e-02	2.28e-03	0.00e+00	0.00e+00
 8.85558e+15	6.31e-06	5.72e-03	4.52e-01	4.81e-01	5.93e-02	1.98e-03	0.00e+00	0.00e+00
 8.90060e+15	6.89e-06	6.10e-03	4.65e-01	4.72e-01	5.45e-02	1.71e-03	0.00e+00	0.00e+00
 8.95912e+15	8.24e-06	6.91e-03	4.86e-01	4.58e-01	4.80e-02	1.36e-03	0.00e+00	0.00e+00
 9.01527e+15	9.10e-06	7.43e-03	5.02e-01	4.46e-01	4.29e-02	1.12e-03	0.00e+00	0.00e+00
 9.06831e+15	1.08e-05	8.37e-03	5.21e-01	4.32e-01	3.76e-02	8.84e-04	0.00e+00	0.00e+00
 9.12084e+15	1.20e-05	9.04e-03	5.36e-01	4.20e-01	3.33e-02	7.18e-04	0.00e+00	0.00e+00
 9.17271e+15	1.42e-05	1.02e-02	5.55e-01	4.06e-01	2.88e-02	5.53e-04	0.00e+00	0.00e+00
 9.22516e+15	1.63e-05	1.12e-02	5.71e-01	3.92e-01	2.50e-02	4.32e-04	0.00e+00	0.00e+00
 9.27089e+15	1.85e-05	1.22e-02	5.85e-01	3.80e-01	2.19e-02	3.42e-04	0.00e+00	0.00e+00
 9.30949e+15	2.05e-05	1.31e-02	5.97e-01	3.70e-01	1.96e-02	2.81e-04	0.00e+00	0.00e+00
 9.34038e+15	2.23e-05	1.39e-02	6.06e-01	3.62e-01	1.78e-02	2.38e-04	0.00e+00	0.00e+00
 9.37461e+15	2.46e-05	1.49e-02	6.16e-01	3.53e-01	1.59e-02	1.96e-04	0.00e+00	0.00e+00
 9.41910e+15	2.79e-05	1.62e-02	6.29e-01	3.41e-01	1.37e-02	1.51e-04	0.00e+00	0.00e+00
 9.46398e+15	3.16e-05	1.77e-02	6.41e-01	3.29e-01	1.18e-02	1.16e-04	0.00e+00	0.00e+00
 9.50005e+15	3.49e-05	1.89e-02	6.50e-01	3.20e-01	1.05e-02	9.37e-05	0.00e+00	0.00e+00
 9.53761e+15	3.89e-05	2.03e-02	6.60e-01	3.10e-01	9.15e-03	7.39e-05	0.00e+00	0.00e+00
 9.58645e+15	4.46e-05	2.24e-02	6.72e-01	2.98e-01	7.66e-03	5.40e-05	0.00e+00	0.00e+00
 9.63598e+15	5.12e-05	2.45e-02	6.84e-01	2.85e-01	6.41e-03	3.95e-05	0.00e+00	0.00e+00
 9.67579e+15	5.71e-05	2.64e-02	6.92e-01	2.76e-01	5.55e-03	3.07e-05	0.00e+00	0.00e+00
 9.71693e+15	6.41e-05	2.86e-02	7.01e-01	2.65e-01	4.74e-03	2.32e-05	0.00e+00	0.00e+00
 9.76335e+15	7.30e-05	3.12e-02	7.11e-01	2.54e-01	3.97e-03	1.71e-05	0.00e+00	0.00e+00
 9.80728e+15	8.24e-05	3.38e-02	7.19e-01	2.44e-01	3.36e-03	1.28e-05	0.00e+00	0.00e+00
 9.84820e+15	9.24e-05	3.65e-02	7.26e-01	2.34e-01	2.87e-03	9.68e-06	0.00e+00	0.00e+00
 9.89455e+15	1.05e-04	3.98e-02	7.34e-01	2.23e-01	2.39e-03	7.03e-06	0.00e+00	0.00e+00
 9.94477e+15	1.21e-04	4.38e-02	7.42e-01	2.12e-01	1.97e-03	4.99e-06	0.00e+00	0.00e+00
 9.98910e+15	1.37e-04	4.75e-02	7.49e-01	2.02e-01	1.66e-03	3.70e-06	0.00e+00	0.00e+00
 1.00291e+16	1.54e-04	5.12e-02	7.54e-01	1.93e-01	1.42e-03	2.81e-06	0.00e+00	0.00e+00
 1.00745e+16	1.76e-04	5.59e-02	7.60e-01	1.83e-01	1.18e-03	2.04e-06	0.00e+00	0.00e+00
 1.01237e+16	2.03e-04	6.14e-02	7.65e-01	1.73e-01	9.64e-04	1.44e-06	0.00e+00	0.00e+00
 1.01674e+16	2.30e-04	6.68e-02	7.69e-01	1.63e-01	8.09e-04	1.07e-06	0.00e+00	0.00e+00
 1.02072e+16	2.60e-04	7.22e-02	7.72e-01	1.55e-01	6.86e-04	8.04e-07	0.00e+00	0.00e+00
 1.02522e+16	2.97e-04	7.88e-02	7.75e-01	1.46e-01	5.67e-04	0.00e+00	0.00e+00	0.00e+00
 1.03018e+16	3.46e-04	8.71e-02	7.77e-01	1.36e-01	4.60e-04	0.00e+00	0.00e+00	0.00e+00
 1.03456e+16	3.98e-04	9.52e-02	7.77e-01	1.27e-01	3.82e-04	0.00e+00	0.00e+00	0.00e+00
 1.03837e+16	4.49e-04	1.03e-01	7.77e-01	1.19e-01	3.23e-04	0.00e+00	0.00e+00	0.00e+00
 1.04265e+16	5.16e-04	1.13e-01	7.76e-01	1.11e-01	2.66e-04	0.00e+00	0.00e+00	0.00e+00
 1.04735e+16	6.03e-04	1.24e-01	7.73e-01	1.02e-01	2.14e-04	0.00e+00	0.00e+00	0.00e+00
 1.05156e+16	6.96e-04	1.36e-01	7.68e-01	9.42e-02	1.76e-04	0.00e+00	0.00e+00	0.00e+00
 1.05527e+16	7.92e-04	1.48e-01	7.64e-01	8.75e-02	1.47e-04	0.00e+00	0.00e+00	0.00e+00
 1.05940e+16	9.14e-04	1.62e-01	7.57e-01	8.02e-02	1.20e-04	0.00e+00	0.00e+00	0.00e+00
 1.06394e+16	1.08e-03	1.80e-01	7.47e-01	7.24e-02	9.50e-05	0.00e+00	0.00e+00	0.00e+00
 1.06801e+16	1.25e-03	1.97e-01	7.36e-01	6.56e-02	7.68e-05	0.00e+00	0.00e+00	0.00e+00
 1.07168e+16	1.44e-03	2.15e-01	7.24e-01	5.96e-02	6.27e-05	0.00e+00	0.00e+00	0.00e+00
 1.07581e+16	1.69e-03	2.37e-01	7.08e-01	5.32e-02	4.94e-05	0.00e+00	0.00e+00	0.00e+00
 1.08038e+16	2.02e-03	2.64e-01	6.87e-01	4.64e-02	3.76e-05	0.00e+00	0.00e+00	0.00e+00
 1.08453e+16	2.39e-03	2.92e-01	6.65e-01	4.05e-02	2.89e-05	0.00e+00	0.00e+00	0.00e+00
 1.08830e+16	2.80e-03	3.20e-01	6.41e-01	3.54e-02	2.25e-05	0.00e+00	0.00e+00	0.00e+00
 1.09256e+16	3.35e-03	3.55e-01	6.12e-01	3.00e-02	1.66e-05	0.00e+00	0.00e+00	0.00e+00
 1.09724e+16	4.11e-03	3.98e-01	5.74e-01	2.45e-02	1.17e-05	0.00e+00	0.00e+00	0.00e+00
 1.10137e+16	4.93e-03	4.40e-01	5.35e-01	2.01e-02	8.31e-06	0.00e+00	0.00e+00	0.00e+00
 1.10489e+16	5.80e-03	4.79e-01	4.98e-01	1.66e-02	6.08e-06	0.00e+00	0.00e+00	0.00e+00
 1.10868e+16	6.92e-03	5.23e-01	4.57e-01	1.33e-02	4.23e-06	0.00e+00	0.00e+00	0.00e+00
 1.11286e+16	8.41e-03	5.75e-01	4.06e-01	1.00e-02	2.73e-06	0.00e+00	0.00e+00	0.00e+00
 1.11624e+16	9.93e-03	6.20e-01	3.62e-01	7.72e-03	1.84e-06	0.00e+00	0.00e+00	0.00e+00
 1.11865e+16	1.12e-02	6.52e-01	3.31e-01	6.32e-03	1.37e-06	0.00e+00	0.00e+00	0.00e+00
 1.12108e+16	1.26e-02	6.84e-01	2.99e-01	5.08e-03	9.93e-07	0.00e+00	0.00e+00	0.00e+00
 1.12424e+16	1.47e-02	7.24e-01	2.58e-01	3.74e-03	0.00e+00	0.00e+00	0.00e+00	0.00e+00
 1.12737e+16	1.73e-02	7.63e-01	2.17e-01	2.66e-03	0.00e+00	0.00e+00	0.00e+00	0.00e+00
 1.12967e+16	1.95e-02	7.91e-01	1.88e-01	2.00e-03	0.00e+00	0.00e+00	0.00e+00	0.00e+00
 1.13146e+16	2.14e-02	8.10e-01	1.67e-01	1.58e-03	0.00e+00	0.00e+00	0.00e+00	0.00e+00
 1.13340e+16	2.38e-02	8.30e-01	1.45e-01	1.21e-03	0.00e+00	0.00e+00	0.00e+00	0.00e+00
 1.13592e+16	2.72e-02	8.53e-01	1.19e-01	8.36e-04	0.00e+00	0.00e+00	0.00e+00	0.00e+00
 1.13845e+16	3.14e-02	8.73e-01	9.51e-02	5.53e-04	0.00e+00	0.00e+00	0.00e+00	0.00e+00
 1.14034e+16	3.50e-02	8.86e-01	7.89e-02	3.93e-04	0.00e+00	0.00e+00	0.00e+00	0.00e+00
 1.14182e+16	3.84e-02	8.94e-01	6.77e-02	2.98e-04	0.00e+00	0.00e+00	0.00e+00	0.00e+00
 1.14342e+16	4.21e-02	9.01e-01	5.70e-02	2.17e-04	0.00e+00	0.00e+00	0.00e+00	0.00e+00
 1.14551e+16	4.78e-02	9.07e-01	4.49e-02	1.41e-04	0.00e+00	0.00e+00	0.00e+00	0.00e+00
 1.14762e+16	5.47e-02	9.11e-01	3.44e-02	8.79e-05	0.00e+00	0.00e+00	0.00e+00	0.00e+00
 1.14922e+16	6.09e-02	9.12e-01	2.75e-02	5.94e-05	0.00e+00	0.00e+00	0.00e+00	0.00e+00
 1.15053e+16	6.65e-02	9.11e-01	2.29e-02	4.27e-05	0.00e+00	0.00e+00	0.00e+00	0.00e+00
 1.15198e+16	7.33e-02	9.08e-01	1.85e-02	2.92e-05	0.00e+00	0.00e+00	0.00e+00	0.00e+00
 1.15360e+16	8.20e-02	9.04e-01	1.44e-02	1.88e-05	0.00e+00	0.00e+00	0.00e+00	0.00e+00
 1.15508e+16	9.08e-02	8.98e-01	1.13e-02	1.22e-05	0.00e+00	0.00e+00	0.00e+00	0.00e+00
 1.15630e+16	9.92e-02	8.92e-01	9.13e-03	8.47e-06	0.00e+00	0.00e+00	0.00e+00	0.00e+00
 1.15732e+16	1.07e-01	8.86e-01	7.61e-03	6.16e-06	0.00e+00	0.00e+00	0.00e+00	0.00e+00
 1.15835e+16	1.15e-01	8.79e-01	6.31e-03	4.42e-06	0.00e+00	0.00e+00	0.00e+00	0.00e+00
 1.15943e+16	1.24e-01	8.71e-01	5.15e-03	3.10e-06	0.00e+00	0.00e+00	0.00e+00	0.00e+00
 1.16044e+16	1.33e-01	8.63e-01	4.24e-03	2.21e-06	0.00e+00	0.00e+00	0.00e+00	0.00e+00
 1.16132e+16	1.42e-01	8.55e-01	3.57e-03	1.63e-06	0.00e+00	0.00e+00	0.00e+00	0.00e+00
 1.16196e+16	1.48e-01	8.49e-01	3.13e-03	1.30e-06	0.00e+00	0.00e+00	0.00e+00	0.00e+00
 1.16239e+16	1.52e-01	8.45e-01	2.87e-03	1.12e-06	0.00e+00	0.00e+00	0.00e+00	0.00e+00
 1.16279e+16	1.57e-01	8.41e-01	2.64e-03	9.67e-07	0.00e+00	0.00e+00	0.00e+00	0.00e+00
 1.16328e+16	1.62e-01	8.36e-01	2.39e-03	0.00e+00	0.00e+00	0.00e+00	0.00e+00	0.00e+00
 1.16380e+16	1.68e-01	8.30e-01	2.14e-03	0.00e+00	0.00e+00	0.00e+00	0.00e+00	0.00e+00
 1.16430e+16	1.74e-01	8.24e-01	1.92e-03	0.00e+00	0.00e+00	0.00e+00	0.00e+00	0.00e+00
 1.16477e+16	1.79e-01	8.19e-01	1.74e-03	0.00e+00	0.00e+00	0.00e+00	0.00e+00	0.00e+00
 1.16524e+16	1.85e-01	8.14e-01	1.57e-03	0.00e+00	0.00e+00	0.00e+00	0.00e+00	0.00e+00
 1.16571e+16	1.91e-01	8.08e-01	1.42e-03	0.00e+00	0.00e+00	0.00e+00	0.00e+00	0.00e+00
 1.16618e+16	1.97e-01	8.02e-01	1.27e-03	0.00e+00	0.00e+00	0.00e+00	0.00e+00	0.00e+00
 1.16664e+16	2.02e-01	7.96e-01	1.15e-03	0.00e+00	0.00e+00	0.00e+00	0.00e+00	0.00e+00
 1.16710e+16	2.09e-01	7.90e-01	1.04e-03	0.00e+00	0.00e+00	0.00e+00	0.00e+00	0.00e+00
 1.16756e+16	2.15e-01	7.84e-01	9.34e-04	0.00e+00	0.00e+00	0.00e+00	0.00e+00	0.00e+00
 1.16801e+16	2.21e-01	7.78e-01	8.40e-04	0.00e+00	0.00e+00	0.00e+00	0.00e+00	0.00e+00
 1.16846e+16	2.28e-01	7.72e-01	7.57e-04	0.00e+00	0.00e+00	0.00e+00	0.00e+00	0.00e+00
 1.16891e+16	2.34e-01	7.65e-01	6.81e-04	0.00e+00	0.00e+00	0.00e+00	0.00e+00	0.00e+00
 1.16935e+16	2.41e-01	7.58e-01	6.13e-04	0.00e+00	0.00e+00	0.00e+00	0.00e+00	0.00e+00
 1.16980e+16	2.48e-01	7.51e-01	5.51e-04	0.00e+00	0.00e+00	0.00e+00	0.00e+00	0.00e+00
 1.17025e+16	2.55e-01	7.44e-01	4.95e-04	0.00e+00	0.00e+00	0.00e+00	0.00e+00	0.00e+00
 1.17068e+16	2.62e-01	7.37e-01	4.45e-04	0.00e+00	0.00e+00	0.00e+00	0.00e+00	0.00e+00
 1.17112e+16	2.69e-01	7.30e-01	4.01e-04	0.00e+00	0.00e+00	0.00e+00	0.00e+00	0.00e+00
 1.17155e+16	2.77e-01	7.23e-01	3.60e-04	0.00e+00	0.00e+00	0.00e+00	0.00e+00	0.00e+00
 1.17199e+16	2.84e-01	7.15e-01	3.23e-04	0.00e+00	0.00e+00	0.00e+00	0.00e+00	0.00e+00
 1.17243e+16	2.92e-01	7.08e-01	2.89e-04	0.00e+00	0.00e+00	0.00e+00	0.00e+00	0.00e+00
 1.17286e+16	3.00e-01	6.99e-01	2.60e-04	0.00e+00	0.00e+00	0.00e+00	0.00e+00	0.00e+00
 1.17330e+16	3.09e-01	6.91e-01	2.33e-04	0.00e+00	0.00e+00	0.00e+00	0.00e+00	0.00e+00
 1.17373e+16	3.18e-01	6.82e-01	2.09e-04	0.00e+00	0.00e+00	0.00e+00	0.00e+00	0.00e+00
 1.17416e+16	3.27e-01	6.73e-01	1.87e-04	0.00e+00	0.00e+00	0.00e+00	0.00e+00	0.00e+00
 1.17458e+16	3.36e-01	6.64e-01	1.68e-04	0.00e+00	0.00e+00	0.00e+00	0.00e+00	0.00e+00
 1.17502e+16	3.45e-01	6.55e-01	1.50e-04	0.00e+00	0.00e+00	0.00e+00	0.00e+00	0.00e+00
 1.17545e+16	3.55e-01	6.45e-01	1.34e-04	0.00e+00	0.00e+00	0.00e+00	0.00e+00	0.00e+00
 1.17587e+16	3.66e-01	6.34e-01	1.20e-04	0.00e+00	0.00e+00	0.00e+00	0.00e+00	0.00e+00
 1.17629e+16	3.76e-01	6.24e-01	1.08e-04	0.00e+00	0.00e+00	0.00e+00	0.00e+00	0.00e+00
 1.17670e+16	3.87e-01	6.13e-01	9.70e-05	0.00e+00	0.00e+00	0.00e+00	0.00e+00	0.00e+00
 1.17712e+16	3.99e-01	6.01e-01	8.69e-05	0.00e+00	0.00e+00	0.00e+00	0.00e+00	0.00e+00
 1.17754e+16	4.11e-01	5.89e-01	7.79e-05	0.00e+00	0.00e+00	0.00e+00	0.00e+00	0.00e+00
 1.17796e+16	4.22e-01	5.77e-01	6.99e-05	0.00e+00	0.00e+00	0.00e+00	0.00e+00	0.00e+00
 1.17838e+16	4.36e-01	5.64e-01	6.25e-05	0.00e+00	0.00e+00	0.00e+00	0.00e+00	0.00e+00
 1.17881e+16	4.48e-01	5.52e-01	5.62e-05	0.00e+00	0.00e+00	0.00e+00	0.00e+00	0.00e+00
 1.17924e+16	4.65e-01	5.35e-01	5.00e-05	0.00e+00	0.00e+00	0.00e+00	0.00e+00	0.00e+00
 1.17968e+16	4.79e-01	5.21e-01	4.48e-05	0.00e+00	0.00e+00	0.00e+00	0.00e+00	0.00e+00
 1.18012e+16	4.94e-01	5.06e-01	4.00e-05	0.00e+00	0.00e+00	0.00e+00	0.00e+00	0.00e+00
 1.18058e+16	5.10e-01	4.89e-01	3.57e-05	0.00e+00	0.00e+00	0.00e+00	0.00e+00	0.00e+00
 1.18105e+16	5.28e-01	4.72e-01	3.17e-05	0.00e+00	0.00e+00	0.00e+00	0.00e+00	0.00e+00
 1.18153e+16	5.48e-01	4.52e-01	2.80e-05	0.00e+00	0.00e+00	0.00e+00	0.00e+00	0.00e+00
 1.18203e+16	5.67e-01	4.33e-01	2.48e-05	0.00e+00	0.00e+00	0.00e+00	0.00e+00	0.00e+00
 1.18254e+16	5.87e-01	4.13e-01	2.20e-05	0.00e+00	0.00e+00	0.00e+00	0.00e+00	0.00e+00
 1.18308e+16	6.07e-01	3.93e-01	1.94e-05	0.00e+00	0.00e+00	0.00e+00	0.00e+00	0.00e+00
 1.18366e+16	6.30e-01	3.70e-01	1.70e-05	0.00e+00	0.00e+00	0.00e+00	0.00e+00	0.00e+00
 1.18426e+16	6.50e-01	3.50e-01	1.49e-05	0.00e+00	0.00e+00	0.00e+00	0.00e+00	0.00e+00
 1.18492e+16	6.72e-01	3.28e-01	1.31e-05	0.00e+00	0.00e+00	0.00e+00	0.00e+00	0.00e+00
 1.18553e+16	6.91e-01	3.09e-01	1.16e-05	0.00e+00	0.00e+00	0.00e+00	0.00e+00	0.00e+00
 1.18605e+16	7.05e-01	2.95e-01	1.06e-05	0.00e+00	0.00e+00	0.00e+00	0.00e+00	0.00e+00
 1.18657e+16	7.20e-01	2.80e-01	9.66e-06	0.00e+00	0.00e+00	0.00e+00	0.00e+00	0.00e+00
 1.18714e+16	7.33e-01	2.67e-01	8.83e-06	0.00e+00	0.00e+00	0.00e+00	0.00e+00	0.00e+00
 1.18776e+16	7.47e-01	2.53e-01	8.04e-06	0.00e+00	0.00e+00	0.00e+00	0.00e+00	0.00e+00
 1.18842e+16	7.61e-01	2.39e-01	7.30e-06	0.00e+00	0.00e+00	0.00e+00	0.00e+00	0.00e+00
 1.18911e+16	7.74e-01	2.26e-01	6.67e-06	0.00e+00	0.00e+00	0.00e+00	0.00e+00	0.00e+00
 1.18984e+16	7.86e-01	2.14e-01	6.10e-06	0.00e+00	0.00e+00	0.00e+00	0.00e+00	0.00e+00
 1.19063e+16	7.98e-01	2.02e-01	5.59e-06	0.00e+00	0.00e+00	0.00e+00	0.00e+00	0.00e+00
 1.19149e+16	8.10e-01	1.90e-01	5.10e-06	0.00e+00	0.00e+00	0.00e+00	0.00e+00	0.00e+00
 1.19245e+16	8.19e-01	1.81e-01	4.69e-06	0.00e+00	0.00e+00	0.00e+00	0.00e+00	0.00e+00
 1.19349e+16	8.31e-01	1.69e-01	4.28e-06	0.00e+00	0.00e+00	0.00e+00	0.00e+00	0.00e+00
 1.19461e+16	8.40e-01	1.60e-01	3.93e-06	0.00e+00	0.00e+00	0.00e+00	0.00e+00	0.00e+00
 1.19585e+16	8.48e-01	1.52e-01	3.61e-06	0.00e+00	0.00e+00	0.00e+00	0.00e+00	0.00e+00
 1.19716e+16	8.58e-01	1.42e-01	3.30e-06	0.00e+00	0.00e+00	0.00e+00	0.00e+00	0.00e+00
 1.19856e+16	8.66e-01	1.34e-01	3.01e-06	0.00e+00	0.00e+00	0.00e+00	0.00e+00	0.00e+00
 1.20008e+16	8.74e-01	1.26e-01	2.76e-06	0.00e+00	0.00e+00	0.00e+00	0.00e+00	0.00e+00
 1.20164e+16	8.83e-01	1.17e-01	2.50e-06	0.00e+00	0.00e+00	0.00e+00	0.00e+00	0.00e+00
 1.20321e+16	8.90e-01	1.10e-01	2.28e-06	0.00e+00	0.00e+00	0.00e+00	0.00e+00	0.00e+00
 1.20485e+16	8.97e-01	1.03e-01	2.07e-06	0.00e+00	0.00e+00	0.00e+00	0.00e+00	0.00e+00
 1.20649e+16	9.04e-01	9.61e-02	1.89e-06	0.00e+00	0.00e+00	0.00e+00	0.00e+00	0.00e+00
 1.20810e+16	9.10e-01	8.99e-02	1.72e-06	0.00e+00	0.00e+00	0.00e+00	0.00e+00	0.00e+00
 1.20966e+16	9.16e-01	8.43e-02	1.57e-06	0.00e+00	0.00e+00	0.00e+00	0.00e+00	0.00e+00
 1.21121e+16	9.21e-01	7.90e-02	1.44e-06	0.00e+00	0.00e+00	0.00e+00	0.00e+00	0.00e+00
 1.21277e+16	9.26e-01	7.40e-02	1.31e-06	0.00e+00	0.00e+00	0.00e+00	0.00e+00	0.00e+00
 1.21435e+16	9.31e-01	6.92e-02	1.20e-06	0.00e+00	0.00e+00	0.00e+00	0.00e+00	0.00e+00
 1.21592e+16	9.35e-01	6.48e-02	1.09e-06	0.00e+00	0.00e+00	0.00e+00	0.00e+00	0.00e+00
 1.21746e+16	9.39e-01	6.06e-02	9.99e-07	0.00e+00	0.00e+00	0.00e+00	0.00e+00	0.00e+00
 1.21900e+16	9.43e-01	5.68e-02	9.14e-07	0.00e+00	0.00e+00	0.00e+00	0.00e+00	0.00e+00
 1.22054e+16	9.47e-01	5.31e-02	8.36e-07	0.00e+00	0.00e+00	0.00e+00	0.00e+00	0.00e+00
 1.22208e+16	9.50e-01	4.98e-02	7.64e-07	0.00e+00	0.00e+00	0.00e+00	0.00e+00	0.00e+00
 1.22362e+16	9.53e-01	4.66e-02	6.99e-07	0.00e+00	0.00e+00	0.00e+00	0.00e+00	0.00e+00
 1.22517e+16	9.56e-01	4.36e-02	6.39e-07	0.00e+00	0.00e+00	0.00e+00	0.00e+00	0.00e+00
 1.22673e+16	9.59e-01	4.08e-02	5.85e-07	0.00e+00	0.00e+00	0.00e+00	0.00e+00	0.00e+00
 1.22831e+16	9.62e-01	3.82e-02	5.34e-07	0.00e+00	0.00e+00	0.00e+00	0.00e+00	0.00e+00
 1.22992e+16	9.64e-01	3.57e-02	4.88e-07	0.00e+00	0.00e+00	0.00e+00	0.00e+00	0.00e+00
 1.23159e+16	9.67e-01	3.33e-02	4.44e-07	0.00e+00	0.00e+00	0.00e+00	0.00e+00	0.00e+00
 1.23333e+16	9.69e-01	3.10e-02	4.03e-07	0.00e+00	0.00e+00	0.00e+00	0.00e+00	0.00e+00
 1.23515e+16	9.71e-01	2.88e-02	3.65e-07	0.00e+00	0.00e+00	0.00e+00	0.00e+00	0.00e+00
 1.23705e+16	9.73e-01	2.67e-02	3.29e-07	0.00e+00	0.00e+00	0.00e+00	0.00e+00	0.00e+00
 1.23907e+16	9.75e-01	2.47e-02	2.96e-07	0.00e+00	0.00e+00	0.00e+00	0.00e+00	0.00e+00
 1.24127e+16	9.77e-01	2.28e-02	2.64e-07	0.00e+00	0.00e+00	0.00e+00	0.00e+00	0.00e+00
 1.24370e+16	9.79e-01	2.08e-02	2.33e-07	0.00e+00	0.00e+00	0.00e+00	0.00e+00	0.00e+00
