#depth	He	He+	He+2
 1.49634e+10	3.02e-21	6.70e-11	1.00e+00
 4.54887e+10	3.53e-21	7.30e-11	1.00e+00
 7.72350e+10	4.09e-21	7.95e-11	1.00e+00
 1.10251e+11	4.74e-21	8.66e-11	1.00e+00
 1.43127e+11	5.47e-21	9.40e-11	1.00e+00
 1.77317e+11	6.30e-21	1.02e-10	1.00e+00
 2.14337e+11	7.32e-21	1.11e-10	1.00e+00
 2.52837e+11	8.50e-21	1.21e-10	1.00e+00
 2.89111e+11	9.77e-21	1.31e-10	1.00e+00
 3.21695e+11	1.10e-20	1.41e-10	1.00e+00
 3.58351e+11	1.25e-20	1.52e-10	1.00e+00
 4.01615e+11	1.45e-20	1.66e-10	1.00e+00
 4.44883e+11	1.67e-20	1.80e-10	1.00e+00
 4.85431e+11	1.90e-20	1.95e-10	1.00e+00
 5.30325e+11	2.18e-20	2.11e-10	1.00e+00
 5.81465e+11	2.53e-20	2.31e-10	1.00e+00
 6.31982e+11	2.93e-20	2.52e-10	1.00e+00
 6.84519e+11	3.37e-20	2.75e-10	1.00e+00
 7.41827e+11	3.92e-20	3.02e-10	1.00e+00
 7.99664e+11	4.54e-20	3.30e-10	1.00e+00
 8.59814e+11	5.23e-20	3.62e-10	1.00e+00
 9.21744e+11	6.04e-20	3.96e-10	1.00e+00
 9.82432e+11	6.90e-20	4.31e-10	1.00e+00
 1.04794e+12	7.92e-20	4.72e-10	1.00e+00
 1.11978e+12	9.16e-20	5.19e-10	1.00e+00
 1.19450e+12	1.06e-19	5.71e-10	1.00e+00
 1.27220e+12	1.22e-19	6.29e-10	1.00e+00
 1.35302e+12	1.40e-19	6.92e-10	1.00e+00
 1.42608e+12	1.59e-19	7.53e-10	1.00e+00
 1.48691e+12	1.75e-19	8.07e-10	1.00e+00
 1.55353e+12	1.93e-19	8.68e-10	1.00e+00
 1.63798e+12	2.19e-19	9.49e-10	1.00e+00
 1.72606e+12	2.49e-19	1.04e-09	1.00e+00
 1.80403e+12	2.77e-19	1.12e-09	1.00e+00
 1.87684e+12	3.05e-19	1.21e-09	1.00e+00
 1.95998e+12	3.38e-19	1.30e-09	1.00e+00
 2.06207e+12	3.84e-19	1.43e-09	1.00e+00
 2.16375e+12	4.34e-19	1.56e-09	1.00e+00
 2.25216e+12	4.81e-19	1.68e-09	1.00e+00
 2.34839e+12	5.34e-19	1.82e-09	1.00e+00
 2.46581e+12	6.06e-19	2.00e-09	1.00e+00
 2.58570e+12	6.87e-19	2.19e-09	1.00e+00
 2.69592e+12	7.66e-19	2.37e-09	1.00e+00
 2.81861e+12	8.63e-19	2.59e-09	1.00e+00
 2.96069e+12	9.87e-19	2.85e-09	1.00e+00
 3.10062e+12	1.12e-18	3.11e-09	1.00e+00
 3.23469e+12	1.26e-18	3.38e-09	1.00e+00
 3.38254e+12	1.44e-18	3.69e-09	1.00e+00
 3.54776e+12	1.65e-18	4.06e-09	1.00e+00
 3.69801e+12	1.88e-18	4.41e-09	1.00e+00
 3.82451e+12	2.08e-18	4.71e-09	1.00e+00
 3.96365e+12	2.32e-18	5.06e-09	1.00e+00
 4.12075e+12	2.62e-18	5.46e-09	1.00e+00
 4.27123e+12	2.94e-18	5.87e-09	1.00e+00
 4.43689e+12	3.33e-18	6.33e-09	1.00e+00
 4.62089e+12	3.81e-18	6.87e-09	1.00e+00
 4.79333e+12	4.31e-18	7.39e-09	1.00e+00
 4.98206e+12	4.91e-18	7.98e-09	1.00e+00
 5.19436e+12	5.67e-18	8.68e-09	1.00e+00
 5.39721e+12	6.47e-18	9.37e-09	1.00e+00
 5.58504e+12	7.30e-18	1.00e-08	1.00e+00
 5.79340e+12	8.31e-18	1.08e-08	1.00e+00
 6.02692e+12	9.58e-18	1.17e-08	1.00e+00
 6.24753e+12	1.09e-17	1.26e-08	1.00e+00
 6.48873e+12	1.25e-17	1.36e-08	1.00e+00
 6.75559e+12	1.45e-17	1.47e-08	1.00e+00
 7.00353e+12	1.66e-17	1.58e-08	1.00e+00
 7.27362e+12	1.91e-17	1.71e-08	1.00e+00
 7.57544e+12	2.23e-17	1.85e-08	1.00e+00
 7.85981e+12	2.56e-17	2.00e-08	1.00e+00
 8.16987e+12	2.96e-17	2.16e-08	1.00e+00
 8.51576e+12	3.47e-17	2.35e-08	1.00e+00
 8.84310e+12	4.01e-17	2.53e-08	1.00e+00
 9.19436e+12	4.66e-17	2.74e-08	1.00e+00
 9.59206e+12	5.48e-17	2.98e-08	1.00e+00
 9.98413e+12	6.40e-17	3.23e-08	1.00e+00
 1.03919e+13	7.48e-17	3.50e-08	1.00e+00
 1.08375e+13	8.81e-17	3.81e-08	1.00e+00
 1.12914e+13	1.03e-16	4.14e-08	1.00e+00
 1.17634e+13	1.21e-16	4.49e-08	1.00e+00
 1.22392e+13	1.42e-16	4.87e-08	1.00e+00
 1.26815e+13	1.63e-16	5.23e-08	1.00e+00
 1.31661e+13	1.88e-16	5.63e-08	1.00e+00
 1.36627e+13	2.18e-16	6.07e-08	1.00e+00
 1.40756e+13	2.45e-16	6.44e-08	1.00e+00
 1.45105e+13	2.76e-16	6.84e-08	1.00e+00
 1.50664e+13	3.20e-16	7.37e-08	1.00e+00
 1.56486e+13	3.71e-16	7.96e-08	1.00e+00
 1.61620e+13	4.21e-16	8.48e-08	1.00e+00
 1.67169e+13	4.81e-16	9.07e-08	1.00e+00
 1.73386e+13	5.55e-16	9.75e-08	1.00e+00
 1.79247e+13	6.32e-16	1.04e-07	1.00e+00
 1.85640e+13	7.25e-16	1.12e-07	1.00e+00
 1.92727e+13	8.40e-16	1.20e-07	1.00e+00
 1.99305e+13	9.57e-16	1.28e-07	1.00e+00
 2.06448e+13	1.10e-15	1.38e-07	1.00e+00
 2.14439e+13	1.28e-15	1.48e-07	1.00e+00
 2.21977e+13	1.46e-15	1.59e-07	1.00e+00
 2.30217e+13	1.68e-15	1.71e-07	1.00e+00
 2.39413e+13	1.96e-15	1.84e-07	1.00e+00
 2.48069e+13	2.25e-15	1.98e-07	1.00e+00
 2.57379e+13	2.60e-15	2.13e-07	1.00e+00
 2.67973e+13	3.04e-15	2.30e-07	1.00e+00
 2.78343e+13	3.53e-15	2.48e-07	1.00e+00
 2.89127e+13	4.09e-15	2.67e-07	1.00e+00
 3.00992e+13	4.79e-15	2.89e-07	1.00e+00
 3.12965e+13	5.58e-15	3.12e-07	1.00e+00
 3.25417e+13	6.50e-15	3.37e-07	1.00e+00
 3.37949e+13	7.54e-15	3.63e-07	1.00e+00
 3.49751e+13	8.62e-15	3.89e-07	1.00e+00
 3.62809e+13	9.95e-15	4.18e-07	1.00e+00
 3.75891e+13	1.14e-14	4.49e-07	1.00e+00
 3.86639e+13	1.28e-14	4.75e-07	1.00e+00
 3.97970e+13	1.43e-14	5.03e-07	1.00e+00
 4.12612e+13	1.65e-14	5.40e-07	1.00e+00
 4.28056e+13	1.91e-14	5.81e-07	1.00e+00
 4.41588e+13	2.15e-14	6.19e-07	1.00e+00
 4.56134e+13	2.45e-14	6.60e-07	1.00e+00
 4.73792e+13	2.85e-14	7.13e-07	1.00e+00
 4.91759e+13	3.30e-14	7.68e-07	1.00e+00
 5.08393e+13	3.76e-14	8.21e-07	1.00e+00
 5.26975e+13	4.33e-14	8.83e-07	1.00e+00
 5.46929e+13	5.02e-14	9.53e-07	1.00e+00
 5.64667e+13	5.70e-14	1.02e-06	1.00e+00
 5.83673e+13	6.50e-14	1.09e-06	1.00e+00
 6.06453e+13	7.57e-14	1.18e-06	1.00e+00
 6.28831e+13	8.75e-14	1.27e-06	1.00e+00
 6.48681e+13	9.90e-14	1.35e-06	1.00e+00
 6.70555e+13	1.13e-13	1.44e-06	1.00e+00
 6.96727e+13	1.32e-13	1.56e-06	1.00e+00
 7.22757e+13	1.52e-13	1.69e-06	1.00e+00
 7.46448e+13	1.73e-13	1.80e-06	1.00e+00
 7.72827e+13	1.98e-13	1.93e-06	1.00e+00
 8.03641e+13	2.32e-13	2.10e-06	1.00e+00
 8.33945e+13	2.68e-13	2.26e-06	1.00e+00
 8.62413e+13	3.06e-13	2.42e-06	1.00e+00
 8.94160e+13	3.53e-13	2.61e-06	1.00e+00
 9.30225e+13	4.12e-13	2.83e-06	1.00e+00
 9.66150e+13	4.78e-13	3.06e-06	1.00e+00
 9.99622e+13	5.46e-13	3.28e-06	1.00e+00
 1.03602e+14	6.27e-13	3.53e-06	1.00e+00
 1.07686e+14	7.29e-13	3.82e-06	1.00e+00
 1.11493e+14	8.33e-13	4.10e-06	1.00e+00
 1.15013e+14	9.39e-13	4.37e-06	1.00e+00
 1.18398e+14	1.05e-12	4.63e-06	1.00e+00
 1.22158e+14	1.18e-12	4.94e-06	1.00e+00
 1.26317e+14	1.34e-12	5.29e-06	1.00e+00
 1.30187e+14	1.51e-12	5.62e-06	1.00e+00
 1.34412e+14	1.70e-12	6.00e-06	1.00e+00
 1.39164e+14	1.94e-12	6.44e-06	1.00e+00
 1.43702e+14	2.19e-12	6.87e-06	1.00e+00
 1.48703e+14	2.49e-12	7.36e-06	1.00e+00
 1.54216e+14	2.85e-12	7.93e-06	1.00e+00
 1.59289e+14	3.22e-12	8.47e-06	1.00e+00
 1.64776e+14	3.65e-12	9.07e-06	1.00e+00
 1.70913e+14	4.18e-12	9.77e-06	1.00e+00
 1.76685e+14	4.73e-12	1.05e-05	1.00e+00
 1.82978e+14	5.38e-12	1.12e-05	1.00e+00
 1.89969e+14	6.19e-12	1.21e-05	1.00e+00
 1.96488e+14	7.01e-12	1.30e-05	1.00e+00
 2.03580e+14	7.99e-12	1.40e-05	1.00e+00
 2.11517e+14	9.21e-12	1.51e-05	1.00e+00
 2.19022e+14	1.05e-11	1.62e-05	1.00e+00
 2.27062e+14	1.20e-11	1.75e-05	1.00e+00
 2.36175e+14	1.39e-11	1.90e-05	1.00e+00
 2.45109e+14	1.59e-11	2.05e-05	1.00e+00
 2.54400e+14	1.83e-11	2.21e-05	1.00e+00
 2.64606e+14	2.12e-11	2.40e-05	1.00e+00
 2.74650e+14	2.45e-11	2.60e-05	1.00e+00
 2.82944e+14	2.74e-11	2.77e-05	1.00e+00
 2.89611e+14	3.00e-11	2.91e-05	1.00e+00
 2.97004e+14	3.30e-11	3.07e-05	1.00e+00
 3.06615e+14	3.73e-11	3.28e-05	1.00e+00
 3.16930e+14	4.24e-11	3.52e-05	1.00e+00
 3.26090e+14	4.74e-11	3.75e-05	1.00e+00
 3.35928e+14	5.33e-11	4.00e-05	1.00e+00
 3.48333e+14	6.15e-11	4.32e-05	1.00e+00
 3.60919e+14	7.09e-11	4.67e-05	1.00e+00
 3.71699e+14	7.97e-11	4.98e-05	1.00e+00
 3.83287e+14	9.03e-11	5.33e-05	1.00e+00
 3.97648e+14	1.05e-10	5.78e-05	1.00e+00
 4.12367e+14	1.22e-10	6.27e-05	1.00e+00
 4.25484e+14	1.38e-10	6.72e-05	1.00e+00
 4.39766e+14	1.59e-10	7.24e-05	1.00e+00
 4.56810e+14	1.86e-10	7.88e-05	1.00e+00
 4.73617e+14	2.16e-10	8.55e-05	1.00e+00
 4.88753e+14	2.47e-10	9.18e-05	1.00e+00
 5.05546e+14	2.85e-10	9.90e-05	1.00e+00
 5.25353e+14	3.36e-10	1.08e-04	1.00e+00
 5.44913e+14	3.92e-10	1.17e-04	1.00e+00
 5.63013e+14	4.51e-10	1.26e-04	1.00e+00
 5.83323e+14	5.25e-10	1.37e-04	1.00e+00
 6.06686e+14	6.22e-10	1.50e-04	1.00e+00
 6.29585e+14	7.29e-10	1.63e-04	1.00e+00
 6.53400e+14	8.56e-10	1.77e-04	1.00e+00
 6.75157e+14	9.87e-10	1.90e-04	1.00e+00
 6.91299e+14	1.09e-09	2.01e-04	1.00e+00
 7.07887e+14	1.21e-09	2.12e-04	1.00e+00
 7.29450e+14	1.38e-09	2.27e-04	1.00e+00
 7.52895e+14	1.58e-09	2.43e-04	1.00e+00
 7.74104e+14	1.79e-09	2.59e-04	1.00e+00
 7.96996e+14	2.02e-09	2.77e-04	1.00e+00
 8.26148e+14	2.37e-09	3.00e-04	1.00e+00
 8.55494e+14	2.75e-09	3.24e-04	1.00e+00
 8.79857e+14	3.11e-09	3.45e-04	1.00e+00
 9.05690e+14	3.53e-09	3.68e-04	1.00e+00
 9.38711e+14	4.13e-09	3.99e-04	1.00e+00
 9.73526e+14	4.83e-09	4.33e-04	1.00e+00
 1.00472e+15	5.53e-09	4.64e-04	1.00e+00
 1.03876e+15	6.40e-09	5.00e-04	1.00e+00
 1.07917e+15	7.54e-09	5.44e-04	9.99e-01
 1.11893e+15	8.82e-09	5.89e-04	9.99e-01
 1.15506e+15	1.01e-08	6.31e-04	9.99e-01
 1.19541e+15	1.17e-08	6.80e-04	9.99e-01
 1.24259e+15	1.39e-08	7.41e-04	9.99e-01
 1.28914e+15	1.62e-08	8.02e-04	9.99e-01
 1.33290e+15	1.87e-08	8.63e-04	9.99e-01
 1.38160e+15	2.18e-08	9.33e-04	9.99e-01
 1.43689e+15	2.58e-08	1.02e-03	9.99e-01
 1.48335e+15	2.96e-08	1.09e-03	9.99e-01
 1.51671e+15	3.25e-08	1.14e-03	9.99e-01
 1.55140e+15	3.58e-08	1.20e-03	9.99e-01
 1.59650e+15	4.04e-08	1.27e-03	9.99e-01
 1.64686e+15	4.61e-08	1.36e-03	9.99e-01
 1.69409e+15	5.19e-08	1.45e-03	9.99e-01
 1.74554e+15	5.89e-08	1.54e-03	9.98e-01
 1.80305e+15	6.76e-08	1.65e-03	9.98e-01
 1.85712e+15	7.63e-08	1.76e-03	9.98e-01
 1.91611e+15	8.71e-08	1.88e-03	9.98e-01
 1.98236e+15	1.00e-07	2.02e-03	9.98e-01
 2.04546e+15	1.14e-07	2.16e-03	9.98e-01
 2.11488e+15	1.31e-07	2.31e-03	9.98e-01
 2.19186e+15	1.52e-07	2.49e-03	9.98e-01
 2.26320e+15	1.74e-07	2.67e-03	9.97e-01
 2.34048e+15	2.00e-07	2.86e-03	9.97e-01
 2.42666e+15	2.32e-07	3.09e-03	9.97e-01
 2.50721e+15	2.65e-07	3.30e-03	9.97e-01
 2.59474e+15	3.06e-07	3.55e-03	9.96e-01
 2.68798e+15	3.54e-07	3.82e-03	9.96e-01
 2.76979e+15	4.00e-07	4.06e-03	9.96e-01
 2.84016e+15	4.43e-07	4.28e-03	9.96e-01
 2.91452e+15	4.94e-07	4.52e-03	9.95e-01
 2.99813e+15	5.55e-07	4.79e-03	9.95e-01
 3.07792e+15	6.18e-07	5.06e-03	9.95e-01
 3.16580e+15	6.95e-07	5.37e-03	9.95e-01
 3.26156e+15	7.85e-07	5.71e-03	9.94e-01
 3.34953e+15	8.75e-07	6.03e-03	9.94e-01
 3.44586e+15	9.86e-07	6.41e-03	9.94e-01
 3.55264e+15	1.12e-06	6.84e-03	9.93e-01
 3.65361e+15	1.25e-06	7.24e-03	9.93e-01
 3.76547e+15	1.42e-06	7.73e-03	9.92e-01
 3.88688e+15	1.62e-06	8.27e-03	9.92e-01
 3.99598e+15	1.81e-06	8.76e-03	9.91e-01
 4.11304e+15	2.05e-06	9.34e-03	9.91e-01
 4.24302e+15	2.33e-06	9.99e-03	9.90e-01
 4.36432e+15	2.61e-06	1.06e-02	9.89e-01
 4.49656e+15	2.97e-06	1.14e-02	9.89e-01
 4.64049e+15	3.39e-06	1.22e-02	9.88e-01
 4.76456e+15	3.77e-06	1.29e-02	9.87e-01
 4.87294e+15	4.15e-06	1.36e-02	9.86e-01
 4.99597e+15	4.63e-06	1.45e-02	9.86e-01
 5.13469e+15	5.21e-06	1.55e-02	9.85e-01
 5.26367e+15	5.79e-06	1.64e-02	9.84e-01
 5.38130e+15	6.38e-06	1.74e-02	9.83e-01
 5.51431e+15	7.15e-06	1.85e-02	9.81e-01
 5.65924e+15	8.05e-06	1.99e-02	9.80e-01
 5.79021e+15	8.93e-06	2.12e-02	9.79e-01
 5.90998e+15	9.83e-06	2.24e-02	9.78e-01
 6.04464e+15	1.10e-05	2.40e-02	9.76e-01
 6.19364e+15	1.24e-05	2.59e-02	9.74e-01
 6.33018e+15	1.39e-05	2.78e-02	9.72e-01
 6.45720e+15	1.54e-05	2.98e-02	9.70e-01
 6.60293e+15	1.76e-05	3.23e-02	9.68e-01
 6.75622e+15	2.00e-05	3.52e-02	9.65e-01
 6.88887e+15	2.25e-05	3.81e-02	9.62e-01
 7.01076e+15	2.51e-05	4.11e-02	9.59e-01
 7.14914e+15	2.87e-05	4.50e-02	9.55e-01
 7.29741e+15	3.33e-05	4.97e-02	9.50e-01
 7.42085e+15	3.76e-05	5.42e-02	9.46e-01
 7.52390e+15	4.19e-05	5.86e-02	9.41e-01
 7.63814e+15	4.77e-05	6.42e-02	9.36e-01
 7.76211e+15	5.53e-05	7.12e-02	9.29e-01
 7.86821e+15	6.27e-05	7.81e-02	9.22e-01
 7.94900e+15	6.92e-05	8.41e-02	9.16e-01
 8.01641e+15	7.57e-05	8.97e-02	9.10e-01
 8.09307e+15	8.36e-05	9.71e-02	9.03e-01
 8.19273e+15	9.67e-05	1.08e-01	8.92e-01
 8.28684e+15	1.11e-04	1.20e-01	8.80e-01
 8.35078e+15	1.24e-04	1.29e-01	8.71e-01
 8.39860e+15	1.34e-04	1.37e-01	8.63e-01
 8.44842e+15	1.45e-04	1.46e-01	8.54e-01
 8.51317e+15	1.65e-04	1.59e-01	8.41e-01
 8.57655e+15	1.84e-04	1.72e-01	8.27e-01
 8.63001e+15	2.02e-04	1.86e-01	8.14e-01
 8.69138e+15	2.29e-04	2.03e-01	7.96e-01
 8.75641e+15	2.61e-04	2.24e-01	7.76e-01
 8.81138e+15	2.94e-04	2.44e-01	7.56e-01
 8.85558e+15	3.23e-04	2.61e-01	7.39e-01
 8.90060e+15	3.55e-04	2.81e-01	7.19e-01
 8.95912e+15	4.08e-04	3.09e-01	6.91e-01
 9.01527e+15	4.58e-04	3.38e-01	6.62e-01
 9.06831e+15	5.22e-04	3.69e-01	6.31e-01
 9.12084e+15	5.83e-04	4.00e-01	5.99e-01
 9.17271e+15	6.60e-04	4.35e-01	5.64e-01
 9.22516e+15	7.40e-04	4.71e-01	5.28e-01
 9.27089e+15	8.16e-04	5.03e-01	4.96e-01
 9.30949e+15	8.84e-04	5.31e-01	4.68e-01
 9.34038e+15	9.42e-04	5.53e-01	4.46e-01
 9.37461e+15	1.01e-03	5.79e-01	4.20e-01
 9.41910e+15	1.10e-03	6.12e-01	3.87e-01
 9.46398e+15	1.20e-03	6.43e-01	3.56e-01
 9.50005e+15	1.28e-03	6.67e-01	3.32e-01
 9.53761e+15	1.36e-03	6.92e-01	3.06e-01
 9.58645e+15	1.48e-03	7.23e-01	2.75e-01
 9.63598e+15	1.60e-03	7.51e-01	2.47e-01
 9.67579e+15	1.69e-03	7.72e-01	2.26e-01
 9.71693e+15	1.79e-03	7.93e-01	2.05e-01
 9.76335e+15	1.91e-03	8.14e-01	1.84e-01
 9.80728e+15	2.02e-03	8.32e-01	1.66e-01
 9.84820e+15	2.12e-03	8.47e-01	1.51e-01
 9.89455e+15	2.25e-03	8.63e-01	1.35e-01
 9.94477e+15	2.38e-03	8.77e-01	1.20e-01
 9.98910e+15	2.50e-03	8.89e-01	1.09e-01
 1.00291e+16	2.62e-03	8.98e-01	9.91e-02
 1.00745e+16	2.75e-03	9.08e-01	8.92e-02
 1.01237e+16	2.91e-03	9.17e-01	7.98e-02
 1.01674e+16	3.04e-03	9.24e-01	7.27e-02
 1.02072e+16	3.18e-03	9.30e-01	6.65e-02
 1.02522e+16	3.35e-03	9.37e-01	6.01e-02
 1.03018e+16	3.53e-03	9.42e-01	5.42e-02
 1.03456e+16	3.72e-03	9.47e-01	4.95e-02
 1.03837e+16	3.88e-03	9.50e-01	4.58e-02
 1.04265e+16	4.08e-03	9.54e-01	4.19e-02
 1.04735e+16	4.32e-03	9.58e-01	3.81e-02
 1.05156e+16	4.56e-03	9.60e-01	3.51e-02
 1.05527e+16	4.79e-03	9.63e-01	3.27e-02
 1.05940e+16	5.05e-03	9.65e-01	3.01e-02
 1.06394e+16	5.38e-03	9.67e-01	2.76e-02
 1.06801e+16	5.71e-03	9.69e-01	2.56e-02
 1.07168e+16	6.02e-03	9.70e-01	2.39e-02
 1.07581e+16	6.42e-03	9.71e-01	2.21e-02
 1.08038e+16	6.91e-03	9.73e-01	2.04e-02
 1.08453e+16	7.42e-03	9.74e-01	1.90e-02
 1.08830e+16	7.95e-03	9.74e-01	1.77e-02
 1.09256e+16	8.61e-03	9.75e-01	1.64e-02
 1.09724e+16	9.47e-03	9.75e-01	1.51e-02
 1.10137e+16	1.03e-02	9.76e-01	1.41e-02
 1.10489e+16	1.12e-02	9.75e-01	1.33e-02
 1.10868e+16	1.23e-02	9.75e-01	1.25e-02
 1.11286e+16	1.37e-02	9.75e-01	1.16e-02
 1.11624e+16	1.51e-02	9.74e-01	1.10e-02
 1.11865e+16	1.63e-02	9.73e-01	1.06e-02
 1.12108e+16	1.75e-02	9.72e-01	1.02e-02
 1.12424e+16	1.94e-02	9.71e-01	9.67e-03
 1.12737e+16	2.18e-02	9.69e-01	9.22e-03
 1.12967e+16	2.39e-02	9.67e-01	8.89e-03
 1.13146e+16	2.56e-02	9.66e-01	8.67e-03
 1.13340e+16	2.78e-02	9.64e-01	8.39e-03
 1.13592e+16	3.10e-02	9.61e-01	8.08e-03
 1.13845e+16	3.50e-02	9.57e-01	7.80e-03
 1.14034e+16	3.87e-02	9.54e-01	7.60e-03
 1.14182e+16	4.19e-02	9.51e-01	7.47e-03
 1.14342e+16	4.57e-02	9.47e-01	7.31e-03
 1.14551e+16	5.16e-02	9.41e-01	7.12e-03
 1.14762e+16	5.88e-02	9.34e-01	6.96e-03
 1.14922e+16	6.56e-02	9.28e-01	6.86e-03
 1.15053e+16	7.16e-02	9.22e-01	6.80e-03
 1.15198e+16	7.94e-02	9.14e-01	6.71e-03
 1.15360e+16	8.93e-02	9.04e-01	6.66e-03
 1.15508e+16	1.00e-01	8.93e-01	6.63e-03
 1.15630e+16	1.10e-01	8.83e-01	6.63e-03
 1.15732e+16	1.20e-01	8.74e-01	6.62e-03
 1.15835e+16	1.30e-01	8.63e-01	6.62e-03
 1.15943e+16	1.43e-01	8.51e-01	6.63e-03
 1.16044e+16	1.55e-01	8.38e-01	6.66e-03
 1.16132e+16	1.68e-01	8.26e-01	6.68e-03
 1.16196e+16	1.78e-01	8.16e-01	6.71e-03
 1.16239e+16	1.84e-01	8.09e-01	6.73e-03
 1.16279e+16	1.91e-01	8.02e-01	6.74e-03
 1.16328e+16	2.00e-01	7.94e-01	6.75e-03
 1.16380e+16	2.09e-01	7.84e-01	6.76e-03
 1.16430e+16	2.19e-01	7.75e-01	6.79e-03
 1.16477e+16	2.28e-01	7.65e-01	6.82e-03
 1.16524e+16	2.38e-01	7.55e-01	6.83e-03
 1.16571e+16	2.48e-01	7.45e-01	6.86e-03
 1.16618e+16	2.59e-01	7.34e-01	6.87e-03
 1.16664e+16	2.70e-01	7.24e-01	6.89e-03
 1.16710e+16	2.81e-01	7.12e-01	6.90e-03
 1.16756e+16	2.92e-01	7.01e-01	6.93e-03
 1.16801e+16	3.05e-01	6.88e-01	6.93e-03
 1.16846e+16	3.17e-01	6.76e-01	6.96e-03
 1.16891e+16	3.30e-01	6.63e-01	6.96e-03
 1.16935e+16	3.43e-01	6.50e-01	6.98e-03
 1.16980e+16	3.56e-01	6.37e-01	6.98e-03
 1.17025e+16	3.70e-01	6.23e-01	6.97e-03
 1.17068e+16	3.84e-01	6.09e-01	6.97e-03
 1.17112e+16	3.98e-01	5.95e-01	6.97e-03
 1.17155e+16	4.13e-01	5.80e-01	6.95e-03
 1.17199e+16	4.28e-01	5.65e-01	6.94e-03
 1.17243e+16	4.44e-01	5.49e-01	6.91e-03
 1.17286e+16	4.59e-01	5.34e-01	6.89e-03
 1.17330e+16	4.75e-01	5.18e-01	6.85e-03
 1.17373e+16	4.90e-01	5.03e-01	6.82e-03
 1.17416e+16	5.06e-01	4.87e-01	6.77e-03
 1.17458e+16	5.22e-01	4.71e-01	6.71e-03
 1.17502e+16	5.39e-01	4.55e-01	6.65e-03
 1.17545e+16	5.55e-01	4.39e-01	6.58e-03
 1.17587e+16	5.70e-01	4.23e-01	6.50e-03
 1.17629e+16	5.86e-01	4.08e-01	6.42e-03
 1.17670e+16	6.01e-01	3.92e-01	6.33e-03
 1.17712e+16	6.17e-01	3.77e-01	6.23e-03
 1.17754e+16	6.32e-01	3.62e-01	6.12e-03
 1.17796e+16	6.47e-01	3.47e-01	6.01e-03
 1.17838e+16	6.62e-01	3.33e-01	5.90e-03
 1.17881e+16	6.76e-01	3.18e-01	5.76e-03
 1.17924e+16	6.90e-01	3.04e-01	5.64e-03
 1.17968e+16	7.04e-01	2.90e-01	5.49e-03
 1.18012e+16	7.18e-01	2.77e-01	5.34e-03
 1.18058e+16	7.32e-01	2.63e-01	5.19e-03
 1.18105e+16	7.45e-01	2.50e-01	5.03e-03
 1.18153e+16	7.58e-01	2.38e-01	4.86e-03
 1.18203e+16	7.70e-01	2.26e-01	4.69e-03
 1.18254e+16	7.82e-01	2.14e-01	4.52e-03
 1.18308e+16	7.93e-01	2.02e-01	4.34e-03
 1.18366e+16	8.04e-01	1.91e-01	4.17e-03
 1.18426e+16	8.15e-01	1.81e-01	3.98e-03
 1.18492e+16	8.26e-01	1.71e-01	3.80e-03
 1.18553e+16	8.34e-01	1.62e-01	3.64e-03
 1.18605e+16	8.40e-01	1.56e-01	3.52e-03
 1.18657e+16	8.46e-01	1.50e-01	3.40e-03
 1.18714e+16	8.52e-01	1.45e-01	3.28e-03
 1.18776e+16	8.57e-01	1.39e-01	3.16e-03
 1.18842e+16	8.62e-01	1.34e-01	3.05e-03
 1.18911e+16	8.67e-01	1.30e-01	2.94e-03
 1.18984e+16	8.71e-01	1.26e-01	2.85e-03
 1.19063e+16	8.75e-01	1.22e-01	2.75e-03
 1.19149e+16	8.78e-01	1.19e-01	2.66e-03
 1.19245e+16	8.82e-01	1.16e-01	2.57e-03
 1.19349e+16	8.85e-01	1.13e-01	2.49e-03
 1.19461e+16	8.87e-01	1.10e-01	2.40e-03
 1.19585e+16	8.90e-01	1.08e-01	2.32e-03
 1.19716e+16	8.92e-01	1.06e-01	2.24e-03
 1.19856e+16	8.94e-01	1.04e-01	2.17e-03
 1.20008e+16	8.96e-01	1.02e-01	2.08e-03
 1.20164e+16	8.98e-01	9.97e-02	2.02e-03
 1.20321e+16	9.00e-01	9.80e-02	1.94e-03
 1.20485e+16	9.02e-01	9.63e-02	1.88e-03
 1.20649e+16	9.04e-01	9.46e-02	1.81e-03
 1.20810e+16	9.05e-01	9.30e-02	1.75e-03
 1.20966e+16	9.07e-01	9.15e-02	1.69e-03
 1.21121e+16	9.08e-01	9.00e-02	1.63e-03
 1.21277e+16	9.10e-01	8.86e-02	1.58e-03
 1.21435e+16	9.11e-01	8.72e-02	1.53e-03
 1.21592e+16	9.13e-01	8.59e-02	1.48e-03
 1.21746e+16	9.14e-01	8.45e-02	1.43e-03
 1.21900e+16	9.15e-01	8.32e-02	1.38e-03
 1.22054e+16	9.17e-01	8.20e-02	1.34e-03
 1.22208e+16	9.18e-01	8.07e-02	1.30e-03
 1.22362e+16	9.19e-01	7.95e-02	1.26e-03
 1.22517e+16	9.20e-01	7.83e-02	1.22e-03
 1.22673e+16	9.22e-01	7.71e-02	1.18e-03
 1.22831e+16	9.23e-01	7.59e-02	1.14e-03
 1.22992e+16	9.24e-01	7.47e-02	1.10e-03
 1.23159e+16	9.25e-01	7.35e-02	1.06e-03
 1.23333e+16	9.27e-01	7.22e-02	1.03e-03
 1.23515e+16	9.28e-01	7.10e-02	9.89e-04
 1.23705e+16	9.29e-01	6.96e-02	9.51e-04
 1.23907e+16	9.31e-01	6.83e-02	9.12e-04
 1.24127e+16	9.32e-01	6.68e-02	8.71e-04
 1.24370e+16	9.34e-01	6.52e-02	8.28e-04
 1.24651e+16	9.36e-01	6.34e-02	7.81e-04
 1.24959e+16	9.38e-01	6.16e-02	7.33e-04
 1.25255e+16	9.39e-01	5.99e-02	6.91e-04
 1.25525e+16	9.41e-01	5.83e-02	6.54e-04
 1.25771e+16	9.42e-01	5.70e-02	6.23e-04
 1.25994e+16	9.44e-01	5.58e-02	5.95e-04
 1.26198e+16	9.45e-01	5.47e-02	5.71e-04
 1.26383e+16	9.46e-01	5.37e-02	5.50e-04
 1.26551e+16	9.47e-01	5.28e-02	5.31e-04
 1.26704e+16	9.47e-01	5.21e-02	5.15e-04
 1.26872e+16	9.48e-01	5.12e-02	4.97e-04
 1.27091e+16	9.49e-01	5.01e-02	4.75e-04
 1.27326e+16	9.51e-01	4.89e-02	4.52e-04
 1.27541e+16	9.52e-01	4.79e-02	4.33e-04
 1.27736e+16	9.53e-01	4.70e-02	4.15e-04
 1.27914e+16	9.53e-01	4.62e-02	4.00e-04
 1.28075e+16	9.54e-01	4.54e-02	3.87e-04
 1.28222e+16	9.55e-01	4.47e-02	3.75e-04
 1.28356e+16	9.56e-01	4.41e-02	3.64e-04
 1.28503e+16	9.56e-01	4.34e-02	3.52e-04
 1.28661e+16	9.57e-01	4.28e-02	3.41e-04
 1.28805e+16	9.58e-01	4.21e-02	3.30e-04
 1.28936e+16	9.58e-01	4.15e-02	3.21e-04
 1.29056e+16	9.59e-01	4.10e-02	3.13e-04
 1.29186e+16	9.59e-01	4.04e-02	3.03e-04
 1.29328e+16	9.60e-01	3.98e-02	2.94e-04
 1.29456e+16	9.60e-01	3.93e-02	2.86e-04
 1.29573e+16	9.61e-01	3.88e-02	2.78e-04
 1.29701e+16	9.62e-01	3.82e-02	2.70e-04
 1.29839e+16	9.62e-01	3.76e-02	2.62e-04
 1.29965e+16	9.63e-01	3.71e-02	2.54e-04
 1.30080e+16	9.63e-01	3.67e-02	2.48e-04
 1.30184e+16	9.64e-01	3.62e-02	2.42e-04
 1.30298e+16	9.64e-01	3.57e-02	2.35e-04
 1.30421e+16	9.64e-01	3.53e-02	2.29e-04
 1.30533e+16	9.65e-01	3.48e-02	2.23e-04
 1.30635e+16	9.65e-01	3.44e-02	2.18e-04
 1.30747e+16	9.66e-01	3.40e-02	2.12e-04
 1.30868e+16	9.66e-01	3.35e-02	2.06e-04
 1.30978e+16	9.67e-01	3.31e-02	2.01e-04
 1.31098e+16	9.67e-01	3.26e-02	1.95e-04
 1.31228e+16	9.68e-01	3.22e-02	1.90e-04
 1.31347e+16	9.68e-01	3.18e-02	1.85e-04
 1.31454e+16	9.68e-01	3.14e-02	1.80e-04
 1.31572e+16	9.69e-01	3.09e-02	1.75e-04
 1.31700e+16	9.69e-01	3.05e-02	1.70e-04
 1.31816e+16	9.70e-01	3.01e-02	1.66e-04
 1.31921e+16	9.70e-01	2.98e-02	1.62e-04
 1.32037e+16	9.70e-01	2.94e-02	1.57e-04
 1.32161e+16	9.71e-01	2.90e-02	1.53e-04
 1.32275e+16	9.71e-01	2.86e-02	1.49e-04
 1.32399e+16	9.72e-01	2.82e-02	1.45e-04
 1.32534e+16	9.72e-01	2.78e-02	1.41e-04
 1.32656e+16	9.72e-01	2.74e-02	1.37e-04
 1.32790e+16	9.73e-01	2.70e-02	1.33e-04
 1.32934e+16	9.73e-01	2.66e-02	1.29e-04
 1.33066e+16	9.74e-01	2.62e-02	1.26e-04
 1.33186e+16	9.74e-01	2.59e-02	1.23e-04
 1.33317e+16	9.74e-01	2.55e-02	1.19e-04
 1.33458e+16	9.75e-01	2.52e-02	1.16e-04
 1.33587e+16	9.75e-01	2.48e-02	1.13e-04
 1.33729e+16	9.75e-01	2.44e-02	1.09e-04
 1.33881e+16	9.76e-01	2.41e-02	1.06e-04
 1.34020e+16	9.76e-01	2.37e-02	1.03e-04
 1.34146e+16	9.76e-01	2.34e-02	1.00e-04
 1.34284e+16	9.77e-01	2.31e-02	9.72e-05
 1.34434e+16	9.77e-01	2.27e-02	9.44e-05
 1.34570e+16	9.77e-01	2.24e-02	9.18e-05
 1.34719e+16	9.78e-01	2.21e-02	8.89e-05
 1.34880e+16	9.78e-01	2.17e-02	8.62e-05
 1.35026e+16	9.79e-01	2.14e-02	8.37e-05
 1.35186e+16	9.79e-01	2.11e-02	8.10e-05
 1.35359e+16	9.79e-01	2.07e-02	7.83e-05
 1.35517e+16	9.80e-01	2.04e-02	7.60e-05
 1.35660e+16	9.80e-01	2.01e-02	7.39e-05
 1.35817e+16	9.80e-01	1.98e-02	7.16e-05
 1.35987e+16	9.80e-01	1.95e-02	6.94e-05
 1.36141e+16	9.81e-01	1.92e-02	6.74e-05
 1.36310e+16	9.81e-01	1.89e-02	6.51e-05
 1.36493e+16	9.81e-01	1.85e-02	6.30e-05
 1.36659e+16	9.82e-01	1.83e-02	6.11e-05
 1.36841e+16	9.82e-01	1.79e-02	5.89e-05
 1.37038e+16	9.82e-01	1.76e-02	5.69e-05
 1.37217e+16	9.83e-01	1.73e-02	5.51e-05
 1.37379e+16	9.83e-01	1.71e-02	5.35e-05
 1.37558e+16	9.83e-01	1.68e-02	5.17e-05
 1.37750e+16	9.83e-01	1.65e-02	5.00e-05
 1.37925e+16	9.84e-01	1.63e-02	4.85e-05
 1.38117e+16	9.84e-01	1.60e-02	4.68e-05
 1.38325e+16	9.84e-01	1.57e-02	4.51e-05
 1.38513e+16	9.85e-01	1.54e-02	4.37e-05
 1.38720e+16	9.85e-01	1.51e-02	4.21e-05
 1.38943e+16	9.85e-01	1.48e-02	4.05e-05
 1.39146e+16	9.85e-01	1.46e-02	3.92e-05
 1.39331e+16	9.86e-01	1.44e-02	3.80e-05
 1.39534e+16	9.86e-01	1.41e-02	3.66e-05
 1.39752e+16	9.86e-01	1.39e-02	3.54e-05
 1.39951e+16	9.86e-01	1.36e-02	3.42e-05
 1.40169e+16	9.87e-01	1.34e-02	3.30e-05
 1.40404e+16	9.87e-01	1.31e-02	3.17e-05
 1.40619e+16	9.87e-01	1.29e-02	3.07e-05
 1.40853e+16	9.87e-01	1.26e-02	2.95e-05
 1.41107e+16	9.88e-01	1.24e-02	2.83e-05
 1.41337e+16	9.88e-01	1.22e-02	2.73e-05
 1.41590e+16	9.88e-01	1.19e-02	2.62e-05
 1.41862e+16	9.88e-01	1.17e-02	2.52e-05
 1.42111e+16	9.89e-01	1.14e-02	2.42e-05
 1.42383e+16	9.89e-01	1.12e-02	2.32e-05
 1.42676e+16	9.89e-01	1.09e-02	2.22e-05
 1.42943e+16	9.89e-01	1.07e-02	2.13e-05
 1.43236e+16	9.89e-01	1.05e-02	2.04e-05
 1.43552e+16	9.90e-01	1.02e-02	1.95e-05
 1.43840e+16	9.90e-01	1.00e-02	1.87e-05
 1.44155e+16	9.90e-01	9.79e-03	1.78e-05
 1.44495e+16	9.90e-01	9.55e-03	1.70e-05
 1.44805e+16	9.91e-01	9.34e-03	1.62e-05
 1.45087e+16	9.91e-01	9.16e-03	1.56e-05
 1.45395e+16	9.91e-01	8.95e-03	1.49e-05
 1.45729e+16	9.91e-01	8.75e-03	1.43e-05
 1.46032e+16	9.91e-01	8.57e-03	1.37e-05
 1.46364e+16	9.92e-01	8.36e-03	1.30e-05
 1.46723e+16	9.92e-01	8.16e-03	1.24e-05
 1.47050e+16	9.92e-01	7.99e-03	1.19e-05
 1.47408e+16	9.92e-01	7.79e-03	1.13e-05
 1.47794e+16	9.92e-01	7.59e-03	1.08e-05
 1.48145e+16	9.93e-01	7.42e-03	1.03e-05
 1.48531e+16	9.93e-01	7.22e-03	9.77e-06
 1.48947e+16	9.93e-01	7.03e-03	9.26e-06
 1.49325e+16	9.93e-01	6.86e-03	8.83e-06
 1.49740e+16	9.93e-01	6.68e-03	8.36e-06
 1.50279e+16	9.94e-01	6.44e-03	7.79e-06
 1.50916e+16	9.94e-01	6.18e-03	7.18e-06
 1.51580e+16	9.94e-01	5.93e-03	6.62e-06
 1.52248e+16	9.94e-01	5.69e-03	6.10e-06
 1.52940e+16	9.95e-01	5.46e-03	5.61e-06
 1.53661e+16	9.95e-01	5.22e-03	5.15e-06
 1.54408e+16	9.95e-01	5.00e-03	4.72e-06
 1.55181e+16	9.95e-01	4.77e-03	4.31e-06
 1.55980e+16	9.95e-01	4.56e-03	3.93e-06
 1.56808e+16	9.96e-01	4.35e-03	3.58e-06
 1.57659e+16	9.96e-01	4.14e-03	3.26e-06
 1.58523e+16	9.96e-01	3.95e-03	2.96e-06
 1.59401e+16	9.96e-01	3.76e-03	2.69e-06
 1.60294e+16	9.96e-01	3.58e-03	2.44e-06
 1.61204e+16	9.97e-01	3.41e-03	2.22e-06
 1.62130e+16	9.97e-01	3.25e-03	2.01e-06
 1.63060e+16	9.97e-01	3.09e-03	1.83e-06
 1.64003e+16	9.97e-01	2.94e-03	1.66e-06
 1.64979e+16	9.97e-01	2.80e-03	1.50e-06
 1.65978e+16	9.97e-01	2.66e-03	1.35e-06
 1.66992e+16	9.97e-01	2.52e-03	1.22e-06
 1.68021e+16	9.98e-01	2.40e-03	1.10e-06
 1.69071e+16	9.98e-01	2.27e-03	9.94e-07
 1.70142e+16	9.98e-01	2.16e-03	8.95e-07
 1.71232e+16	9.98e-01	2.05e-03	8.06e-07
 1.72342e+16	9.98e-01	1.94e-03	7.24e-07
 1.73472e+16	9.98e-01	1.84e-03	6.50e-07
 1.74626e+16	9.98e-01	1.74e-03	5.83e-07
 1.75804e+16	9.98e-01	1.64e-03	5.22e-07
 1.77004e+16	9.98e-01	1.55e-03	4.67e-07
 1.78229e+16	9.99e-01	1.47e-03	4.17e-07
 1.79480e+16	9.99e-01	1.38e-03	3.71e-07
 1.80757e+16	9.99e-01	1.31e-03	3.31e-07
 1.82062e+16	9.99e-01	1.23e-03	2.94e-07
 1.83395e+16	9.99e-01	1.16e-03	2.61e-07
 1.84759e+16	9.99e-01	1.09e-03	2.31e-07
 1.86155e+16	9.99e-01	1.02e-03	2.04e-07
 1.87585e+16	9.99e-01	9.61e-04	1.80e-07
 1.89049e+16	9.99e-01	9.01e-04	1.58e-07
 1.90552e+16	9.99e-01	8.43e-04	1.39e-07
 1.92094e+16	9.99e-01	7.88e-04	1.22e-07
 1.93679e+16	9.99e-01	7.36e-04	1.06e-07
 1.95309e+16	9.99e-01	6.86e-04	9.22e-08
 1.96986e+16	9.99e-01	6.39e-04	8.02e-08
 1.98677e+16	9.99e-01	5.95e-04	6.95e-08
 2.00414e+16	9.99e-01	5.53e-04	6.01e-08
 2.02258e+16	9.99e-01	5.12e-04	5.15e-08
 2.04186e+16	1.00e+00	4.72e-04	4.39e-08
 2.06176e+16	1.00e+00	4.35e-04	3.72e-08
 2.08235e+16	1.00e+00	3.99e-04	3.14e-08
 2.10384e+16	1.00e+00	3.65e-04	2.63e-08
 2.12635e+16	1.00e+00	3.33e-04	2.19e-08
 2.14994e+16	1.00e+00	3.03e-04	1.81e-08
 2.17477e+16	1.00e+00	2.74e-04	1.48e-08
 2.20105e+16	1.00e+00	2.46e-04	1.20e-08
 2.22920e+16	1.00e+00	2.20e-04	9.58e-09
 2.25886e+16	1.00e+00	1.96e-04	7.58e-09
 2.29054e+16	1.00e+00	1.72e-04	5.89e-09
 2.32527e+16	1.00e+00	1.50e-04	4.49e-09
 2.36306e+16	1.00e+00	1.30e-04	3.34e-09
 2.40447e+16	1.00e+00	1.10e-04	2.42e-09
 2.45061e+16	1.00e+00	9.24e-05	1.70e-09
 2.50243e+16	1.00e+00	7.59e-05	1.15e-09
 2.56235e+16	1.00e+00	6.05e-05	7.28e-10
 2.62888e+16	1.00e+00	4.73e-05	4.47e-10
 2.69608e+16	1.00e+00	3.72e-05	2.77e-10
 2.76202e+16	1.00e+00	2.95e-05	1.74e-10
 2.82798e+16	1.00e+00	2.34e-05	1.10e-10
 2.89500e+16	1.00e+00	1.86e-05	6.94e-11
 2.96333e+16	1.00e+00	1.48e-05	4.39e-11
 3.03300e+16	1.00e+00	1.17e-05	2.77e-11
 3.10369e+16	1.00e+00	9.32e-06	1.75e-11
 3.17558e+16	1.00e+00	7.41e-06	1.11e-11
 3.24902e+16	1.00e+00	5.89e-06	7.01e-12
 3.32377e+16	1.00e+00	4.68e-06	4.45e-12
 3.40027e+16	1.00e+00	3.72e-06	2.81e-12
 3.47890e+16	1.00e+00	2.95e-06	1.77e-12
 3.55913e+16	1.00e+00	2.34e-06	1.11e-12
 3.64107e+16	1.00e+00	1.85e-06	6.99e-13
 3.72527e+16	1.00e+00	1.46e-06	4.37e-13
 3.81191e+16	1.00e+00	1.16e-06	2.72e-13
 3.90127e+16	1.00e+00	9.08e-07	1.69e-13
 3.99368e+16	1.00e+00	7.12e-07	1.04e-13
 4.08971e+16	1.00e+00	5.55e-07	6.31e-14
 4.19017e+16	1.00e+00	4.30e-07	3.79e-14
 4.29598e+16	1.00e+00	3.31e-07	2.24e-14
 4.40848e+16	1.00e+00	2.51e-07	1.30e-14
 4.52961e+16	1.00e+00	1.88e-07	7.27e-15
 4.66241e+16	1.00e+00	1.38e-07	3.91e-15
 4.80408e+16	1.00e+00	1.00e-07	2.06e-15
 4.94754e+16	1.00e+00	7.29e-08	1.10e-15
 5.09055e+16	1.00e+00	5.36e-08	5.93e-16
 5.23387e+16	1.00e+00	3.97e-08	3.25e-16
 5.37773e+16	1.00e+00	2.95e-08	1.81e-16
 5.52152e+16	1.00e+00	2.22e-08	1.02e-16
 5.66426e+16	1.00e+00	1.68e-08	5.82e-17
 5.80548e+16	1.00e+00	1.28e-08	3.40e-17
 5.94442e+16	1.00e+00	9.87e-09	2.03e-17
 6.08042e+16	1.00e+00	7.70e-09	1.23e-17
 6.21343e+16	1.00e+00	6.06e-09	7.66e-18
 6.34289e+16	1.00e+00	4.83e-09	4.86e-18
 6.46828e+16	1.00e+00	3.89e-09	3.16e-18
 6.58935e+16	1.00e+00	3.17e-09	2.10e-18
 6.70590e+16	1.00e+00	2.61e-09	1.42e-18
 6.81776e+16	1.00e+00	2.17e-09	9.87e-19
 6.92502e+16	1.00e+00	1.82e-09	6.98e-19
 7.02770e+16	1.00e+00	1.55e-09	5.04e-19
 7.12576e+16	1.00e+00	1.33e-09	3.70e-19
 7.21920e+16	1.00e+00	1.15e-09	2.77e-19
 7.30822e+16	1.00e+00	1.00e-09	2.11e-19
 7.39302e+16	1.00e+00	8.80e-10	1.63e-19
 7.47373e+16	1.00e+00	7.79e-10	1.28e-19
 7.55049e+16	1.00e+00	6.95e-10	1.02e-19
 7.62343e+16	1.00e+00	6.24e-10	8.23e-20
 7.69274e+16	1.00e+00	5.64e-10	6.72e-20
 7.75859e+16	1.00e+00	5.12e-10	5.55e-20
 7.82117e+16	1.00e+00	4.68e-10	4.64e-20
 7.88063e+16	1.00e+00	4.30e-10	3.91e-20
 7.93712e+16	1.00e+00	3.96e-10	3.33e-20
 7.99078e+16	1.00e+00	3.67e-10	2.86e-20
 8.04180e+16	1.00e+00	3.42e-10	2.48e-20
 8.09030e+16	1.00e+00	3.20e-10	2.17e-20
 8.13640e+16	1.00e+00	3.00e-10	1.91e-20
 8.18021e+16	1.00e+00	2.82e-10	1.69e-20
 8.22187e+16	1.00e+00	2.66e-10	1.51e-20
 8.26155e+16	1.00e+00	2.52e-10	1.35e-20
 8.29934e+16	1.00e+00	2.39e-10	1.22e-20
 8.33533e+16	1.00e+00	2.28e-10	1.11e-20
 8.36961e+16	1.00e+00	2.17e-10	1.01e-20
 8.40228e+16	1.00e+00	2.08e-10	9.23e-21
 8.43347e+16	1.00e+00	1.99e-10	0.00e+00
 8.46326e+16	1.00e+00	1.92e-10	0.00e+00
 8.49173e+16	1.00e+00	1.84e-10	0.00e+00
 8.51894e+16	1.00e+00	1.78e-10	0.00e+00
 8.54498e+16	1.00e+00	1.72e-10	0.00e+00
 8.56993e+16	1.00e+00	1.66e-10	0.00e+00
 8.59388e+16	1.00e+00	1.61e-10	0.00e+00
 8.61688e+16	1.00e+00	1.56e-10	0.00e+00
 8.63901e+16	1.00e+00	1.52e-10	0.00e+00
 8.66033e+16	1.00e+00	1.47e-10	0.00e+00
 8.68090e+16	1.00e+00	1.43e-10	0.00e+00
 8.70079e+16	1.00e+00	1.40e-10	0.00e+00
 8.72008e+16	1.00e+00	1.36e-10	0.00e+00
 8.73882e+16	1.00e+00	1.33e-10	0.00e+00
 8.75707e+16	1.00e+00	1.30e-10	0.00e+00
 8.77490e+16	1.00e+00	1.27e-10	0.00e+00
 8.79239e+16	1.00e+00	1.24e-10	0.00e+00
 8.80960e+16	1.00e+00	1.21e-10	0.00e+00
 8.82663e+16	1.00e+00	1.18e-10	0.00e+00
 8.84354e+16	1.00e+00	1.16e-10	0.00e+00
 8.86044e+16	1.00e+00	1.13e-10	0.00e+00
 8.87743e+16	1.00e+00	1.11e-10	0.00e+00
 8.89464e+16	1.00e+00	1.08e-10	0.00e+00
 8.91221e+16	1.00e+00	1.06e-10	0.00e+00
 8.93033e+16	1.00e+00	1.03e-10	0.00e+00
 8.94921e+16	1.00e+00	1.01e-10	0.00e+00
 8.96914e+16	1.00e+00	9.84e-11	0.00e+00
 8.99048e+16	1.00e+00	9.56e-11	0.00e+00
 9.01372e+16	1.00e+00	9.29e-11	0.00e+00
 9.03956e+16	1.00e+00	8.97e-11	0.00e+00
 9.06895e+16	1.00e+00	8.64e-11	0.00e+00
 9.10333e+16	1.00e+00	8.25e-11	0.00e+00
 9.14488e+16	1.00e+00	7.82e-11	0.00e+00
 9.19707e+16	1.00e+00	7.30e-11	0.00e+00
 9.26445e+16	1.00e+00	6.69e-11	0.00e+00
 9.35205e+16	1.00e+00	5.97e-11	0.00e+00
 9.46592e+16	1.00e+00	5.16e-11	0.00e+00
 9.61396e+16	1.00e+00	4.29e-11	0.00e+00
 9.80641e+16	1.00e+00	3.38e-11	0.00e+00
 1.00566e+17	1.00e+00	2.49e-11	0.00e+00
 1.03545e+17	1.00e+00	1.76e-11	0.00e+00
 1.06675e+17	1.00e+00	1.24e-11	0.00e+00
 1.09805e+17	1.00e+00	8.82e-12	0.00e+00
 1.12935e+17	1.00e+00	6.33e-12	0.00e+00
 1.16065e+17	1.00e+00	4.59e-12	0.00e+00
 1.19195e+17	1.00e+00	3.36e-12	0.00e+00
 1.22325e+17	1.00e+00	2.49e-12	0.00e+00
 1.25454e+17	1.00e+00	1.86e-12	0.00e+00
 1.28584e+17	1.00e+00	1.41e-12	0.00e+00
 1.32113e+17	1.00e+00	1.04e-12	0.00e+00
 1.36116e+17	1.00e+00	7.49e-13	0.00e+00
 1.40274e+17	1.00e+00	5.45e-13	0.00e+00
 1.44551e+17	1.00e+00	4.03e-13	0.00e+00
 1.49517e+17	1.00e+00	2.93e-13	0.00e+00
 1.55370e+17	1.00e+00	2.04e-13	0.00e+00
 1.61585e+17	1.00e+00	1.45e-13	0.00e+00
 1.67730e+17	1.00e+00	1.08e-13	0.00e+00
 1.73331e+17	1.00e+00	8.67e-14	0.00e+00
 1.78293e+17	1.00e+00	7.45e-14	0.00e+00
 1.82819e+17	1.00e+00	6.58e-14	0.00e+00
 1.87142e+17	1.00e+00	5.82e-14	0.00e+00
 1.90884e+17	1.00e+00	5.13e-14	0.00e+00
 1.93397e+17	1.00e+00	4.80e-14	0.00e+00
 1.94796e+17	1.00e+00	4.71e-14	0.00e+00
 1.95585e+17	1.00e+00	4.68e-14	0.00e+00
 1.96059e+17	1.00e+00	4.65e-14	0.00e+00
 1.96362e+17	1.00e+00	4.64e-14	0.00e+00
 1.96606e+17	1.00e+00	4.63e-14	0.00e+00
 1.96865e+17	1.00e+00	4.62e-14	0.00e+00
 1.97169e+17	1.00e+00	4.60e-14	0.00e+00
 1.97479e+17	1.00e+00	4.57e-14	0.00e+00
 1.97736e+17	1.00e+00	4.55e-14	0.00e+00
 1.97948e+17	1.00e+00	4.53e-14	0.00e+00
 1.98152e+17	1.00e+00	4.51e-14	0.00e+00
 1.98360e+17	1.00e+00	4.49e-14	0.00e+00
 1.98567e+17	1.00e+00	4.47e-14	0.00e+00
 1.98757e+17	1.00e+00	4.45e-14	0.00e+00
 1.98924e+17	1.00e+00	4.43e-14	0.00e+00
 1.99076e+17	1.00e+00	4.42e-14	0.00e+00
 1.99229e+17	1.00e+00	4.40e-14	0.00e+00
 1.99386e+17	1.00e+00	4.38e-14	0.00e+00
 1.99535e+17	1.00e+00	4.36e-14	0.00e+00
 1.99672e+17	1.00e+00	4.35e-14	0.00e+00
 1.99797e+17	1.00e+00	4.33e-14	0.00e+00
 1.99917e+17	1.00e+00	4.32e-14	0.00e+00
 2.00037e+17	1.00e+00	4.30e-14	0.00e+00
 2.00157e+17	1.00e+00	4.29e-14	0.00e+00
 2.00273e+17	1.00e+00	4.27e-14	0.00e+00
 2.00384e+17	1.00e+00	4.26e-14	0.00e+00
 2.00492e+17	1.00e+00	4.24e-14	0.00e+00
 2.00592e+17	1.00e+00	4.23e-14	0.00e+00
 2.00687e+17	1.00e+00	4.22e-14	0.00e+00
 2.00788e+17	1.00e+00	4.20e-14	0.00e+00
 2.00893e+17	1.00e+00	4.18e-14	0.00e+00
 2.00994e+17	1.00e+00	4.17e-14	0.00e+00
 2.01089e+17	1.00e+00	4.15e-14	0.00e+00
 2.01183e+17	1.00e+00	4.14e-14	0.00e+00
 2.01280e+17	1.00e+00	4.12e-14	0.00e+00
 2.01373e+17	1.00e+00	4.11e-14	0.00e+00
 2.01464e+17	1.00e+00	4.10e-14	0.00e+00
 2.01560e+17	1.00e+00	4.08e-14	0.00e+00
 2.01660e+17	1.00e+00	4.06e-14	0.00e+00
 2.01757e+17	1.00e+00	4.04e-14	0.00e+00
 2.01851e+17	1.00e+00	4.03e-14	0.00e+00
 2.01947e+17	1.00e+00	4.01e-14	0.00e+00
 2.02049e+17	1.00e+00	3.99e-14	0.00e+00
 2.02152e+17	1.00e+00	3.97e-14	0.00e+00
 2.02255e+17	1.00e+00	3.95e-14	0.00e+00
 2.02357e+17	1.00e+00	3.93e-14	0.00e+00
 2.02461e+17	1.00e+00	3.91e-14	0.00e+00
 2.02567e+17	1.00e+00	3.89e-14	0.00e+00
 2.02684e+17	1.00e+00	3.87e-14	0.00e+00
 2.02805e+17	1.00e+00	3.85e-14	0.00e+00
 2.02919e+17	1.00e+00	3.82e-14	0.00e+00
 2.03029e+17	1.00e+00	3.80e-14	0.00e+00
 2.03147e+17	1.00e+00	3.78e-14	0.00e+00
 2.03283e+17	1.00e+00	3.75e-14	0.00e+00
 2.03420e+17	1.00e+00	3.73e-14	0.00e+00
 2.03546e+17	1.00e+00	3.70e-14	0.00e+00
 2.03667e+17	1.00e+00	3.68e-14	0.00e+00
 2.03798e+17	1.00e+00	3.65e-14	0.00e+00
 2.03948e+17	1.00e+00	3.62e-14	0.00e+00
 2.04108e+17	1.00e+00	3.59e-14	0.00e+00
 2.04260e+17	1.00e+00	3.55e-14	0.00e+00
 2.04400e+17	1.00e+00	3.53e-14	0.00e+00
 2.04547e+17	1.00e+00	3.50e-14	0.00e+00
 2.04714e+17	1.00e+00	3.46e-14	0.00e+00
 2.04893e+17	1.00e+00	3.42e-14	0.00e+00
 2.05072e+17	1.00e+00	3.39e-14	0.00e+00
 2.05245e+17	1.00e+00	3.35e-14	0.00e+00
 2.05417e+17	1.00e+00	3.31e-14	0.00e+00
 2.05596e+17	1.00e+00	3.28e-14	0.00e+00
 2.05790e+17	1.00e+00	3.24e-14	0.00e+00
 2.05995e+17	1.00e+00	3.19e-14	0.00e+00
 2.06204e+17	1.00e+00	3.15e-14	0.00e+00
 2.06401e+17	1.00e+00	3.11e-14	0.00e+00
 2.06612e+17	1.00e+00	3.06e-14	0.00e+00
 2.06845e+17	1.00e+00	3.01e-14	0.00e+00
 2.07080e+17	1.00e+00	2.96e-14	0.00e+00
 2.07316e+17	1.00e+00	2.92e-14	0.00e+00
 2.07559e+17	1.00e+00	2.86e-14	0.00e+00
 2.07811e+17	1.00e+00	2.81e-14	0.00e+00
 2.08066e+17	1.00e+00	2.76e-14	0.00e+00
 2.08327e+17	1.00e+00	2.71e-14	0.00e+00
 2.08597e+17	1.00e+00	2.65e-14	0.00e+00
 2.08878e+17	1.00e+00	2.59e-14	0.00e+00
 2.09163e+17	1.00e+00	2.53e-14	0.00e+00
 2.09453e+17	1.00e+00	2.48e-14	0.00e+00
 2.09756e+17	1.00e+00	2.42e-14	0.00e+00
 2.10067e+17	1.00e+00	2.35e-14	0.00e+00
 2.10382e+17	1.00e+00	2.29e-14	0.00e+00
 2.10709e+17	1.00e+00	2.23e-14	0.00e+00
 2.11046e+17	1.00e+00	2.17e-14	0.00e+00
 2.11391e+17	1.00e+00	2.10e-14	0.00e+00
 2.11738e+17	1.00e+00	2.04e-14	0.00e+00
 2.12092e+17	1.00e+00	1.97e-14	0.00e+00
 2.12463e+17	1.00e+00	1.91e-14	0.00e+00
 2.12845e+17	1.00e+00	1.84e-14	0.00e+00
 2.13245e+17	1.00e+00	1.77e-14	0.00e+00
 2.13655e+17	1.00e+00	1.70e-14	0.00e+00
 2.14059e+17	1.00e+00	1.63e-14	0.00e+00
 2.14461e+17	1.00e+00	1.57e-14	0.00e+00
 2.14900e+17	1.00e+00	1.50e-14	0.00e+00
 2.15372e+17	1.00e+00	1.43e-14	0.00e+00
 2.15830e+17	1.00e+00	1.36e-14	0.00e+00
 2.16280e+17	1.00e+00	1.30e-14	0.00e+00
 2.16758e+17	1.00e+00	1.23e-14	0.00e+00
 2.17271e+17	1.00e+00	1.17e-14	0.00e+00
 2.17813e+17	1.00e+00	1.10e-14	0.00e+00
 2.18363e+17	1.00e+00	1.03e-14	0.00e+00
 2.18906e+17	1.00e+00	9.67e-15	0.00e+00
 2.19462e+17	1.00e+00	9.07e-15	0.00e+00
 2.20054e+17	1.00e+00	8.47e-15	0.00e+00
 2.20688e+17	1.00e+00	7.86e-15	0.00e+00
 2.21314e+17	1.00e+00	7.25e-15	0.00e+00
 2.21866e+17	1.00e+00	6.73e-15	0.00e+00
 2.22338e+17	1.00e+00	6.31e-15	0.00e+00
 2.22770e+17	1.00e+00	5.96e-15	0.00e+00
 2.23199e+17	1.00e+00	5.64e-15	0.00e+00
 2.23630e+17	1.00e+00	5.32e-15	0.00e+00
 2.24047e+17	1.00e+00	5.02e-15	0.00e+00
 2.24432e+17	1.00e+00	4.75e-15	0.00e+00
 2.24790e+17	1.00e+00	4.51e-15	0.00e+00
 2.25131e+17	1.00e+00	4.29e-15	0.00e+00
 2.25461e+17	1.00e+00	4.09e-15	0.00e+00
 2.25782e+17	1.00e+00	3.89e-15	0.00e+00
 2.26086e+17	1.00e+00	3.71e-15	0.00e+00
 2.26373e+17	1.00e+00	3.55e-15	0.00e+00
 2.26644e+17	1.00e+00	3.39e-15	0.00e+00
 2.26902e+17	1.00e+00	3.26e-15	0.00e+00
 2.27152e+17	1.00e+00	3.12e-15	0.00e+00
 2.27394e+17	1.00e+00	3.00e-15	0.00e+00
 2.27626e+17	1.00e+00	2.88e-15	0.00e+00
 2.27847e+17	1.00e+00	2.78e-15	0.00e+00
 2.28060e+17	1.00e+00	2.68e-15	0.00e+00
 2.28266e+17	1.00e+00	2.58e-15	0.00e+00
 2.28468e+17	1.00e+00	2.49e-15	0.00e+00
 2.28663e+17	1.00e+00	2.41e-15	0.00e+00
 2.28852e+17	1.00e+00	2.33e-15	0.00e+00
 2.29036e+17	1.00e+00	2.25e-15	0.00e+00
 2.29216e+17	1.00e+00	2.18e-15	0.00e+00
 2.29392e+17	1.00e+00	2.12e-15	0.00e+00
 2.29564e+17	1.00e+00	2.05e-15	0.00e+00
 2.29734e+17	1.00e+00	1.99e-15	0.00e+00
 2.29901e+17	1.00e+00	1.93e-15	0.00e+00
 2.30090e+17	1.00e+00	1.87e-15	0.00e+00
 2.30336e+17	1.00e+00	1.80e-15	0.00e+00
 2.30657e+17	1.00e+00	1.71e-15	0.00e+00
 2.31073e+17	1.00e+00	1.60e-15	0.00e+00
 2.31614e+17	1.00e+00	1.47e-15	0.00e+00
 2.32313e+17	1.00e+00	1.31e-15	0.00e+00
 2.33085e+17	1.00e+00	1.14e-15	0.00e+00
 2.33768e+17	1.00e+00	9.98e-16	0.00e+00
 2.34320e+17	1.00e+00	8.96e-16	0.00e+00
 2.34810e+17	1.00e+00	8.21e-16	0.00e+00
 2.35325e+17	1.00e+00	7.53e-16	0.00e+00
 2.35901e+17	1.00e+00	6.85e-16	0.00e+00
 2.36510e+17	1.00e+00	6.17e-16	0.00e+00
 2.37098e+17	1.00e+00	5.57e-16	0.00e+00
 2.37656e+17	1.00e+00	5.06e-16	0.00e+00
 2.38211e+17	1.00e+00	4.63e-16	0.00e+00
 2.38797e+17	1.00e+00	4.22e-16	0.00e+00
 2.39426e+17	1.00e+00	3.82e-16	0.00e+00
 2.40088e+17	1.00e+00	3.45e-16	0.00e+00
 2.40776e+17	1.00e+00	3.11e-16	0.00e+00
 2.41503e+17	1.00e+00	2.79e-16	0.00e+00
 2.42304e+17	1.00e+00	2.49e-16	0.00e+00
 2.43225e+17	1.00e+00	2.20e-16	0.00e+00
 2.44329e+17	1.00e+00	1.91e-16	0.00e+00
 2.45716e+17	1.00e+00	1.61e-16	0.00e+00
 2.47515e+17	1.00e+00	1.30e-16	0.00e+00
 2.49852e+17	1.00e+00	1.00e-16	0.00e+00
 2.52892e+17	1.00e+00	7.34e-17	0.00e+00
 2.56843e+17	1.00e+00	5.06e-17	0.00e+00
 2.61979e+17	1.00e+00	3.27e-17	0.00e+00
 2.68656e+17	1.00e+00	1.96e-17	0.00e+00
 2.77336e+17	1.00e+00	1.05e-17	0.00e+00
 2.87887e+17	1.00e+00	5.05e-18	0.00e+00
 2.99403e+17	1.00e+00	2.38e-18	0.00e+00
 3.10247e+17	1.00e+00	1.15e-18	0.00e+00
 3.19247e+17	1.00e+00	6.49e-19	0.00e+00
 3.26903e+17	1.00e+00	4.01e-19	0.00e+00
 3.35254e+17	1.00e+00	2.34e-19	0.00e+00
 3.44552e+17	1.00e+00	1.30e-19	0.00e+00
 3.52692e+17	1.00e+00	7.87e-20	0.00e+00
 3.59153e+17	1.00e+00	5.26e-20	0.00e+00
 3.65822e+17	1.00e+00	3.41e-20	0.00e+00
 3.73254e+17	1.00e+00	2.12e-20	0.00e+00
 3.80021e+17	1.00e+00	1.37e-20	0.00e+00
 3.85828e+17	1.00e+00	9.33e-21	0.00e+00
 3.92048e+17	1.00e+00	6.12e-21	0.00e+00
 4.00133e+17	1.00e+00	3.49e-21	0.00e+00
 4.10644e+17	1.00e+00	1.65e-21	0.00e+00
 4.20150e+17	1.00e+00	7.92e-22	0.00e+00
 4.25365e+17	1.00e+00	5.03e-22	0.00e+00
 4.27841e+17	1.00e+00	3.97e-22	0.00e+00
 4.29080e+17	1.00e+00	3.49e-22	0.00e+00
 4.29737e+17	1.00e+00	3.28e-22	0.00e+00
 4.30128e+17	1.00e+00	3.22e-22	0.00e+00
 4.30368e+17	1.00e+00	3.26e-22	0.00e+00
 4.30557e+17	1.00e+00	3.29e-22	0.00e+00
 4.30779e+17	1.00e+00	3.24e-22	0.00e+00
 4.31067e+17	1.00e+00	3.11e-22	0.00e+00
 4.31418e+17	1.00e+00	2.93e-22	0.00e+00
 4.31766e+17	1.00e+00	2.77e-22	0.00e+00
 4.32050e+17	1.00e+00	2.71e-22	0.00e+00
 4.32280e+17	1.00e+00	2.69e-22	0.00e+00
 4.32505e+17	1.00e+00	2.66e-22	0.00e+00
 4.32773e+17	1.00e+00	2.57e-22	0.00e+00
