#depth	C	C+	C+2	C+3	C+4	C+5	C+6	C[1]	C[2]	C[3]	C+[1]	C+[2]	CO
 1.49634e+10	0.00e+00	1.08e-29	1.46e-20	4.47e-12	7.15e-03	9.00e-01	9.26e-02	0.00e+00	0.00e+00	0.00e+00	0.00e+00	0.00e+00	0.00e+00
 4.54887e+10	1.57e-39	1.54e-29	1.91e-20	5.37e-12	7.91e-03	9.06e-01	8.57e-02	0.00e+00	0.00e+00	0.00e+00	0.00e+00	0.00e+00	2.03e-128
 7.72350e+10	0.00e+00	2.18e-29	2.50e-20	6.46e-12	8.74e-03	9.12e-01	7.93e-02	0.00e+00	0.00e+00	0.00e+00	0.00e+00	0.00e+00	0.00e+00
 1.10251e+11	3.75e-39	3.11e-29	3.28e-20	7.77e-12	9.66e-03	9.17e-01	7.33e-02	0.00e+00	0.00e+00	0.00e+00	0.00e+00	0.00e+00	2.09e-127
 1.43127e+11	0.00e+00	4.36e-29	4.25e-20	9.28e-12	1.06e-02	9.21e-01	6.79e-02	0.00e+00	0.00e+00	0.00e+00	0.00e+00	0.00e+00	0.00e+00
 1.77317e+11	8.69e-39	6.13e-29	5.50e-20	1.11e-11	1.17e-02	9.25e-01	6.29e-02	0.00e+00	0.00e+00	0.00e+00	0.00e+00	0.00e+00	1.97e-126
 2.14337e+11	0.00e+00	8.75e-29	7.22e-20	1.34e-11	1.29e-02	9.29e-01	5.80e-02	0.00e+00	0.00e+00	0.00e+00	0.00e+00	0.00e+00	0.00e+00
 2.52837e+11	2.10e-38	1.25e-28	9.48e-20	1.61e-11	1.43e-02	9.32e-01	5.34e-02	0.00e+00	0.00e+00	0.00e+00	0.00e+00	0.00e+00	2.08e-125
 2.89111e+11	0.00e+00	1.73e-28	1.21e-19	1.90e-11	1.56e-02	9.35e-01	4.96e-02	0.00e+00	0.00e+00	0.00e+00	0.00e+00	0.00e+00	0.00e+00
 3.21695e+11	4.43e-38	2.29e-28	1.50e-19	2.20e-11	1.69e-02	9.37e-01	4.64e-02	0.00e+00	0.00e+00	0.00e+00	0.00e+00	0.00e+00	1.53e-124
 3.58351e+11	0.00e+00	3.12e-28	1.91e-19	2.59e-11	1.84e-02	9.38e-01	4.32e-02	0.00e+00	0.00e+00	0.00e+00	0.00e+00	0.00e+00	0.00e+00
 4.01615e+11	1.00e-37	4.42e-28	2.49e-19	3.10e-11	2.02e-02	9.40e-01	3.98e-02	0.00e+00	0.00e+00	0.00e+00	0.00e+00	0.00e+00	1.34e-123
 4.44883e+11	0.00e+00	6.22e-28	3.23e-19	3.71e-11	2.22e-02	9.41e-01	3.66e-02	0.00e+00	0.00e+00	0.00e+00	0.00e+00	0.00e+00	0.00e+00
 4.85431e+11	2.24e-37	8.46e-28	4.09e-19	4.36e-11	2.42e-02	9.42e-01	3.40e-02	0.00e+00	0.00e+00	0.00e+00	0.00e+00	0.00e+00	1.14e-122
 5.30325e+11	0.00e+00	1.18e-27	5.25e-19	5.17e-11	2.64e-02	9.42e-01	3.14e-02	0.00e+00	0.00e+00	0.00e+00	0.00e+00	0.00e+00	0.00e+00
 5.81465e+11	5.28e-37	1.69e-27	6.94e-19	6.24e-11	2.92e-02	9.42e-01	2.88e-02	0.00e+00	0.00e+00	0.00e+00	0.00e+00	0.00e+00	1.11e-121
 6.31982e+11	0.00e+00	2.39e-27	9.04e-19	7.47e-11	3.21e-02	9.42e-01	2.64e-02	0.00e+00	0.00e+00	0.00e+00	0.00e+00	0.00e+00	0.00e+00
 6.84519e+11	1.24e-36	3.38e-27	1.18e-18	8.95e-11	3.52e-02	9.41e-01	2.42e-02	0.00e+00	0.00e+00	0.00e+00	0.00e+00	0.00e+00	1.08e-120
 7.41827e+11	0.00e+00	4.88e-27	1.56e-18	1.08e-10	3.88e-02	9.39e-01	2.21e-02	0.00e+00	0.00e+00	0.00e+00	0.00e+00	0.00e+00	0.00e+00
 7.99664e+11	3.03e-36	6.96e-27	2.04e-18	1.30e-10	4.27e-02	9.37e-01	2.02e-02	0.00e+00	0.00e+00	0.00e+00	0.00e+00	0.00e+00	1.15e-119
 8.59814e+11	0.00e+00	9.93e-27	2.68e-18	1.56e-10	4.69e-02	9.35e-01	1.85e-02	0.00e+00	0.00e+00	0.00e+00	0.00e+00	0.00e+00	0.00e+00
 9.21744e+11	7.30e-36	1.41e-26	3.52e-18	1.88e-10	5.15e-02	9.32e-01	1.69e-02	0.00e+00	0.00e+00	0.00e+00	0.00e+00	0.00e+00	1.17e-118
 9.82432e+11	0.00e+00	1.98e-26	4.54e-18	2.23e-10	5.63e-02	9.28e-01	1.55e-02	0.00e+00	0.00e+00	0.00e+00	0.00e+00	0.00e+00	0.00e+00
 1.04794e+12	1.70e-35	2.80e-26	5.93e-18	2.67e-10	6.16e-02	9.24e-01	1.41e-02	0.00e+00	0.00e+00	0.00e+00	0.00e+00	0.00e+00	1.09e-117
 1.11978e+12	0.00e+00	4.04e-26	7.86e-18	3.24e-10	6.78e-02	9.19e-01	1.28e-02	0.00e+00	0.00e+00	0.00e+00	0.00e+00	0.00e+00	0.00e+00
 1.19450e+12	4.21e-35	5.84e-26	1.04e-17	3.91e-10	7.45e-02	9.14e-01	1.16e-02	0.00e+00	0.00e+00	0.00e+00	0.00e+00	0.00e+00	1.21e-116
 1.27220e+12	0.00e+00	8.43e-26	1.38e-17	4.73e-10	8.19e-02	9.08e-01	1.05e-02	0.00e+00	0.00e+00	0.00e+00	0.00e+00	0.00e+00	0.00e+00
 1.35302e+12	1.04e-34	1.22e-25	1.83e-17	5.72e-10	9.00e-02	9.01e-01	9.47e-03	0.00e+00	0.00e+00	0.00e+00	0.00e+00	0.00e+00	1.32e-115
 1.42608e+12	1.55e-34	1.67e-25	2.34e-17	6.75e-10	9.76e-02	8.94e-01	8.66e-03	0.00e+00	0.00e+00	0.00e+00	0.00e+00	0.00e+00	6.55e-98
 1.48691e+12	2.12e-34	2.16e-25	2.85e-17	7.71e-10	1.04e-01	8.88e-01	8.05e-03	0.00e+00	0.00e+00	0.00e+00	0.00e+00	0.00e+00	0.00e+00
 1.55353e+12	2.97e-34	2.84e-25	3.52e-17	8.88e-10	1.11e-01	8.81e-01	7.44e-03	0.00e+00	0.00e+00	0.00e+00	0.00e+00	0.00e+00	2.11e-114
 1.63798e+12	4.49e-34	3.97e-25	4.55e-17	1.06e-09	1.21e-01	8.72e-01	6.75e-03	0.00e+00	0.00e+00	0.00e+00	0.00e+00	0.00e+00	7.07e-97
 1.72606e+12	6.78e-34	5.55e-25	5.89e-17	1.26e-09	1.31e-01	8.62e-01	6.11e-03	0.00e+00	0.00e+00	0.00e+00	0.00e+00	0.00e+00	0.00e+00
 1.80403e+12	9.64e-34	7.37e-25	7.33e-17	1.45e-09	1.41e-01	8.53e-01	5.61e-03	0.00e+00	0.00e+00	0.00e+00	0.00e+00	0.00e+00	4.76e-113
 1.87684e+12	1.32e-33	9.53e-25	8.94e-17	1.66e-09	1.50e-01	8.45e-01	5.18e-03	0.00e+00	0.00e+00	0.00e+00	0.00e+00	0.00e+00	7.87e-96
 1.95998e+12	1.87e-33	1.26e-24	1.11e-16	1.92e-09	1.61e-01	8.35e-01	4.75e-03	0.00e+00	0.00e+00	0.00e+00	0.00e+00	0.00e+00	0.00e+00
 2.06207e+12	2.83e-33	1.77e-24	1.44e-16	2.28e-09	1.74e-01	8.22e-01	4.27e-03	0.00e+00	0.00e+00	0.00e+00	0.00e+00	0.00e+00	8.37e-112
 2.16375e+12	4.19e-33	2.43e-24	1.84e-16	2.69e-09	1.88e-01	8.09e-01	3.85e-03	0.00e+00	0.00e+00	0.00e+00	0.00e+00	0.00e+00	1.03e-94
 2.25216e+12	5.81e-33	3.17e-24	2.26e-16	3.09e-09	2.00e-01	7.97e-01	3.53e-03	0.00e+00	0.00e+00	0.00e+00	0.00e+00	0.00e+00	5.74e-111
 2.34839e+12	8.19e-33	4.18e-24	2.80e-16	3.56e-09	2.13e-01	7.84e-01	3.22e-03	0.00e+00	0.00e+00	0.00e+00	0.00e+00	0.00e+00	4.59e-94
 2.46581e+12	1.22e-32	5.79e-24	3.60e-16	4.21e-09	2.29e-01	7.68e-01	2.88e-03	0.00e+00	0.00e+00	0.00e+00	0.00e+00	0.00e+00	4.24e-110
 2.58570e+12	1.81e-32	7.95e-24	4.60e-16	4.95e-09	2.46e-01	7.52e-01	2.58e-03	0.00e+00	0.00e+00	0.00e+00	0.00e+00	0.00e+00	2.70e-93
 2.69592e+12	2.54e-32	1.05e-23	5.70e-16	5.70e-09	2.61e-01	7.36e-01	2.34e-03	0.00e+00	0.00e+00	0.00e+00	0.00e+00	0.00e+00	3.09e-109
 2.81861e+12	3.66e-32	1.41e-23	7.16e-16	6.62e-09	2.79e-01	7.19e-01	2.10e-03	0.00e+00	0.00e+00	0.00e+00	0.00e+00	0.00e+00	1.33e-92
 2.96069e+12	5.48e-32	1.96e-23	9.21e-16	7.82e-09	2.99e-01	6.99e-01	1.86e-03	0.00e+00	0.00e+00	0.00e+00	0.00e+00	0.00e+00	2.52e-108
 3.10062e+12	8.00e-32	2.65e-23	1.17e-15	9.12e-09	3.18e-01	6.80e-01	1.65e-03	0.00e+00	0.00e+00	0.00e+00	0.00e+00	0.00e+00	7.80e-92
 3.23469e+12	1.13e-31	3.51e-23	1.44e-15	1.05e-08	3.37e-01	6.62e-01	1.48e-03	0.00e+00	0.00e+00	0.00e+00	0.00e+00	0.00e+00	1.86e-107
 3.38254e+12	1.63e-31	4.71e-23	1.81e-15	1.21e-08	3.57e-01	6.42e-01	1.32e-03	0.00e+00	0.00e+00	0.00e+00	0.00e+00	0.00e+00	3.94e-91
 3.54776e+12	2.39e-31	6.43e-23	2.30e-15	1.42e-08	3.79e-01	6.20e-01	1.16e-03	0.00e+00	0.00e+00	0.00e+00	0.00e+00	0.00e+00	1.51e-106
 3.69801e+12	3.35e-31	8.43e-23	2.83e-15	1.62e-08	3.99e-01	6.00e-01	1.04e-03	0.00e+00	0.00e+00	0.00e+00	0.00e+00	0.00e+00	2.08e-90
 3.82451e+12	4.39e-31	1.05e-22	3.34e-15	1.80e-08	4.15e-01	5.84e-01	9.47e-04	0.00e+00	0.00e+00	0.00e+00	0.00e+00	0.00e+00	8.35e-106
 3.96365e+12	5.85e-31	1.32e-22	3.98e-15	2.02e-08	4.33e-01	5.67e-01	8.57e-04	0.00e+00	0.00e+00	0.00e+00	0.00e+00	0.00e+00	7.65e-90
 4.12075e+12	8.00e-31	1.70e-22	4.82e-15	2.28e-08	4.52e-01	5.47e-01	7.67e-04	0.00e+00	0.00e+00	0.00e+00	0.00e+00	0.00e+00	4.59e-105
 4.27123e+12	1.07e-30	2.14e-22	5.74e-15	2.54e-08	4.70e-01	5.30e-01	6.92e-04	0.00e+00	0.00e+00	0.00e+00	0.00e+00	0.00e+00	3.11e-89
 4.43689e+12	1.44e-30	2.72e-22	6.90e-15	2.85e-08	4.89e-01	5.11e-01	6.19e-04	0.00e+00	0.00e+00	0.00e+00	0.00e+00	0.00e+00	2.50e-104
 4.62089e+12	1.99e-30	3.53e-22	8.39e-15	3.23e-08	5.09e-01	4.90e-01	5.49e-04	0.00e+00	0.00e+00	0.00e+00	0.00e+00	0.00e+00	1.37e-88
 4.79333e+12	2.66e-30	4.45e-22	9.99e-15	3.60e-08	5.28e-01	4.72e-01	4.92e-04	0.00e+00	0.00e+00	0.00e+00	0.00e+00	0.00e+00	1.48e-103
 4.98206e+12	3.61e-30	5.67e-22	1.20e-14	4.03e-08	5.47e-01	4.53e-01	4.37e-04	0.00e+00	0.00e+00	0.00e+00	0.00e+00	0.00e+00	5.67e-88
 5.19436e+12	5.02e-30	7.37e-22	1.46e-14	4.55e-08	5.68e-01	4.32e-01	3.84e-04	0.00e+00	0.00e+00	0.00e+00	0.00e+00	0.00e+00	9.48e-103
 5.39721e+12	6.78e-30	9.36e-22	1.75e-14	5.08e-08	5.87e-01	4.13e-01	3.41e-04	0.00e+00	0.00e+00	0.00e+00	0.00e+00	0.00e+00	2.58e-87
 5.58504e+12	8.86e-30	1.16e-21	2.05e-14	5.60e-08	6.03e-01	3.97e-01	3.05e-04	0.00e+00	0.00e+00	0.00e+00	0.00e+00	0.00e+00	5.09e-102
 5.79340e+12	1.18e-29	1.45e-21	2.42e-14	6.20e-08	6.21e-01	3.79e-01	2.72e-04	0.00e+00	0.00e+00	0.00e+00	0.00e+00	0.00e+00	9.93e-87
 6.02692e+12	1.60e-29	1.85e-21	2.90e-14	6.91e-08	6.39e-01	3.61e-01	2.39e-04	0.00e+00	0.00e+00	0.00e+00	0.00e+00	0.00e+00	3.00e-101
 6.24753e+12	2.12e-29	2.31e-21	3.42e-14	7.63e-08	6.56e-01	3.44e-01	2.12e-04	0.00e+00	0.00e+00	0.00e+00	0.00e+00	0.00e+00	4.19e-86
 6.48873e+12	2.84e-29	2.91e-21	4.06e-14	8.44e-08	6.73e-01	3.27e-01	1.87e-04	0.00e+00	0.00e+00	0.00e+00	0.00e+00	0.00e+00	1.68e-100
 6.75559e+12	3.88e-29	3.72e-21	4.85e-14	9.39e-08	6.90e-01	3.10e-01	1.64e-04	0.00e+00	0.00e+00	0.00e+00	0.00e+00	0.00e+00	1.88e-85
 7.00353e+12	5.12e-29	4.64e-21	5.71e-14	1.03e-07	7.06e-01	2.94e-01	1.44e-04	0.00e+00	0.00e+00	0.00e+00	0.00e+00	0.00e+00	1.00e-99
 7.27362e+12	6.86e-29	5.83e-21	6.74e-14	1.14e-07	7.21e-01	2.79e-01	1.27e-04	0.00e+00	0.00e+00	0.00e+00	0.00e+00	0.00e+00	7.78e-85
 7.57544e+12	9.37e-29	7.45e-21	8.07e-14	1.27e-07	7.38e-01	2.62e-01	1.10e-04	0.00e+00	0.00e+00	0.00e+00	0.00e+00	0.00e+00	6.37e-99
 7.85981e+12	1.24e-28	9.29e-21	9.48e-14	1.39e-07	7.52e-01	2.48e-01	9.70e-05	0.00e+00	0.00e+00	0.00e+00	0.00e+00	0.00e+00	3.47e-84
 8.16987e+12	1.67e-28	1.17e-20	1.12e-13	1.53e-07	7.66e-01	2.34e-01	8.46e-05	0.00e+00	0.00e+00	0.00e+00	0.00e+00	0.00e+00	3.80e-98
 8.51576e+12	2.29e-28	1.50e-20	1.34e-13	1.70e-07	7.81e-01	2.19e-01	7.30e-05	0.00e+00	0.00e+00	0.00e+00	0.00e+00	0.00e+00	1.64e-83
 8.84310e+12	3.06e-28	1.88e-20	1.58e-13	1.86e-07	7.93e-01	2.07e-01	6.37e-05	0.00e+00	0.00e+00	0.00e+00	0.00e+00	0.00e+00	2.48e-97
 9.19436e+12	4.11e-28	2.37e-20	1.86e-13	2.05e-07	8.06e-01	1.94e-01	5.54e-05	0.00e+00	0.00e+00	0.00e+00	0.00e+00	0.00e+00	7.34e-83
 9.59206e+12	5.68e-28	3.04e-20	2.23e-13	2.27e-07	8.19e-01	1.81e-01	4.75e-05	0.00e+00	0.00e+00	0.00e+00	0.00e+00	0.00e+00	1.72e-96
 9.98413e+12	7.70e-28	3.85e-20	2.64e-13	2.49e-07	8.31e-01	1.69e-01	4.10e-05	0.00e+00	0.00e+00	0.00e+00	0.00e+00	0.00e+00	3.70e-82
 1.03919e+13	1.04e-27	4.88e-20	3.13e-13	2.74e-07	8.42e-01	1.58e-01	3.54e-05	0.00e+00	0.00e+00	0.00e+00	0.00e+00	0.00e+00	1.17e-95
 1.08375e+13	1.44e-27	6.24e-20	3.73e-13	3.02e-07	8.53e-01	1.47e-01	3.03e-05	0.00e+00	0.00e+00	0.00e+00	0.00e+00	0.00e+00	1.86e-81
 1.12914e+13	1.96e-27	7.95e-20	4.42e-13	3.32e-07	8.63e-01	1.37e-01	2.60e-05	0.00e+00	0.00e+00	0.00e+00	0.00e+00	0.00e+00	8.59e-95
 1.17634e+13	2.68e-27	1.01e-19	5.24e-13	3.64e-07	8.72e-01	1.28e-01	2.23e-05	0.00e+00	0.00e+00	0.00e+00	0.00e+00	0.00e+00	9.51e-81
 1.22392e+13	3.62e-27	1.27e-19	6.18e-13	3.98e-07	8.81e-01	1.19e-01	1.92e-05	0.00e+00	0.00e+00	0.00e+00	0.00e+00	0.00e+00	6.01e-94
 1.26815e+13	4.74e-27	1.57e-19	7.15e-13	4.31e-07	8.88e-01	1.12e-01	1.68e-05	0.00e+00	0.00e+00	0.00e+00	0.00e+00	0.00e+00	4.26e-80
 1.31661e+13	6.31e-27	1.95e-19	8.34e-13	4.69e-07	8.95e-01	1.05e-01	1.46e-05	0.00e+00	0.00e+00	0.00e+00	0.00e+00	0.00e+00	3.53e-93
 1.36627e+13	8.36e-27	2.43e-19	9.70e-13	5.09e-07	9.02e-01	9.80e-02	1.27e-05	0.00e+00	0.00e+00	0.00e+00	0.00e+00	0.00e+00	1.91e-79
 1.40756e+13	1.05e-26	2.89e-19	1.10e-12	5.43e-07	9.07e-01	9.28e-02	1.13e-05	0.00e+00	0.00e+00	0.00e+00	0.00e+00	0.00e+00	1.80e-92
 1.45105e+13	1.32e-26	3.45e-19	1.24e-12	5.80e-07	9.12e-01	8.79e-02	1.01e-05	0.00e+00	0.00e+00	0.00e+00	0.00e+00	0.00e+00	6.47e-79
 1.50664e+13	1.76e-26	4.29e-19	1.44e-12	6.30e-07	9.18e-01	8.20e-02	8.74e-06	0.00e+00	0.00e+00	0.00e+00	0.00e+00	0.00e+00	9.50e-92
 1.56486e+13	2.36e-26	5.36e-19	1.68e-12	6.84e-07	9.23e-01	7.65e-02	7.56e-06	0.00e+00	0.00e+00	0.00e+00	0.00e+00	0.00e+00	3.00e-78
 1.61620e+13	3.02e-26	6.47e-19	1.92e-12	7.32e-07	9.28e-01	7.21e-02	6.68e-06	0.00e+00	0.00e+00	0.00e+00	0.00e+00	0.00e+00	5.33e-91
 1.67169e+13	3.91e-26	7.88e-19	2.20e-12	7.87e-07	9.32e-01	6.78e-02	5.88e-06	0.00e+00	0.00e+00	0.00e+00	0.00e+00	0.00e+00	1.17e-77
 1.73386e+13	5.17e-26	9.75e-19	2.55e-12	8.50e-07	9.37e-01	6.33e-02	5.11e-06	0.00e+00	0.00e+00	0.00e+00	0.00e+00	0.00e+00	3.02e-90
 1.79247e+13	6.67e-26	1.18e-18	2.91e-12	9.12e-07	9.40e-01	5.95e-02	4.50e-06	0.00e+00	0.00e+00	0.00e+00	0.00e+00	0.00e+00	4.91e-77
 1.85640e+13	8.74e-26	1.45e-18	3.35e-12	9.81e-07	9.44e-01	5.58e-02	3.93e-06	0.00e+00	0.00e+00	0.00e+00	0.00e+00	0.00e+00	1.64e-89
 1.92727e+13	1.16e-25	1.81e-18	3.89e-12	1.06e-06	9.48e-01	5.20e-02	3.40e-06	0.00e+00	0.00e+00	0.00e+00	0.00e+00	0.00e+00	2.21e-76
 1.99305e+13	1.51e-25	2.20e-18	4.45e-12	1.14e-06	9.51e-01	4.88e-02	2.99e-06	0.00e+00	0.00e+00	0.00e+00	0.00e+00	0.00e+00	4.45e-76
 2.06448e+13	1.98e-25	2.71e-18	5.12e-12	1.22e-06	9.54e-01	4.57e-02	2.61e-06	0.00e+00	0.00e+00	0.00e+00	0.00e+00	0.00e+00	9.30e-76
 2.14439e+13	2.66e-25	3.38e-18	5.95e-12	1.32e-06	9.57e-01	4.25e-02	2.25e-06	0.00e+00	0.00e+00	0.00e+00	0.00e+00	0.00e+00	2.05e-75
 2.21977e+13	3.47e-25	4.14e-18	6.83e-12	1.42e-06	9.60e-01	3.98e-02	1.97e-06	0.00e+00	0.00e+00	0.00e+00	0.00e+00	0.00e+00	4.25e-75
 2.30217e+13	4.60e-25	5.12e-18	7.89e-12	1.53e-06	9.63e-01	3.72e-02	1.71e-06	0.00e+00	0.00e+00	0.00e+00	0.00e+00	0.00e+00	9.17e-75
 2.39413e+13	6.24e-25	6.44e-18	9.22e-12	1.66e-06	9.65e-01	3.45e-02	1.47e-06	0.00e+00	0.00e+00	0.00e+00	0.00e+00	0.00e+00	2.09e-74
 2.48069e+13	8.22e-25	7.94e-18	1.06e-11	1.78e-06	9.68e-01	3.22e-02	1.28e-06	0.00e+00	0.00e+00	0.00e+00	0.00e+00	0.00e+00	4.43e-74
 2.57379e+13	1.09e-24	9.85e-18	1.23e-11	1.92e-06	9.70e-01	3.01e-02	1.11e-06	0.00e+00	0.00e+00	0.00e+00	0.00e+00	0.00e+00	9.68e-74
 2.67973e+13	1.50e-24	1.25e-17	1.44e-11	2.08e-06	9.72e-01	2.78e-02	9.52e-07	0.00e+00	0.00e+00	0.00e+00	0.00e+00	0.00e+00	2.27e-73
 2.78343e+13	2.01e-24	1.56e-17	1.68e-11	2.25e-06	9.74e-01	2.59e-02	0.00e+00	0.00e+00	0.00e+00	0.00e+00	0.00e+00	0.00e+00	5.10e-73
 2.89127e+13	2.71e-24	1.95e-17	1.95e-11	2.43e-06	9.76e-01	2.41e-02	0.00e+00	0.00e+00	0.00e+00	0.00e+00	0.00e+00	0.00e+00	1.15e-72
 3.00992e+13	3.71e-24	2.47e-17	2.28e-11	2.63e-06	9.78e-01	2.23e-02	0.00e+00	0.00e+00	0.00e+00	0.00e+00	0.00e+00	0.00e+00	2.70e-72
 3.12965e+13	5.03e-24	3.11e-17	2.67e-11	2.85e-06	9.79e-01	2.06e-02	0.00e+00	0.00e+00	0.00e+00	0.00e+00	0.00e+00	0.00e+00	6.19e-72
 3.25417e+13	6.82e-24	3.91e-17	3.11e-11	3.08e-06	9.81e-01	1.91e-02	0.00e+00	0.00e+00	0.00e+00	0.00e+00	0.00e+00	0.00e+00	1.42e-71
 3.37949e+13	9.16e-24	4.88e-17	3.61e-11	3.32e-06	9.82e-01	1.78e-02	0.00e+00	0.00e+00	0.00e+00	0.00e+00	1.56e-17	3.32e-17	3.19e-71
 3.49751e+13	1.20e-23	5.98e-17	4.14e-11	3.56e-06	9.83e-01	1.66e-02	0.00e+00	0.00e+00	0.00e+00	0.00e+00	1.98e-17	3.99e-17	6.64e-71
 3.62809e+13	1.59e-23	7.42e-17	4.79e-11	3.84e-06	9.85e-01	1.55e-02	0.00e+00	0.00e+00	0.00e+00	0.00e+00	2.46e-17	4.95e-17	1.45e-70
 3.75891e+13	2.10e-23	9.14e-17	5.51e-11	4.12e-06	9.86e-01	1.45e-02	0.00e+00	0.00e+00	0.00e+00	0.00e+00	3.03e-17	6.10e-17	3.09e-70
 3.86639e+13	2.62e-23	1.08e-16	6.16e-11	4.36e-06	9.86e-01	1.37e-02	0.00e+00	0.00e+00	0.00e+00	0.00e+00	3.58e-17	7.21e-17	5.64e-70
 3.97970e+13	3.28e-23	1.28e-16	6.91e-11	4.62e-06	9.87e-01	1.29e-02	0.00e+00	0.00e+00	0.00e+00	0.00e+00	4.24e-17	8.54e-17	1.04e-69
 4.12612e+13	4.35e-23	1.58e-16	7.98e-11	4.97e-06	9.88e-01	1.20e-02	0.00e+00	0.00e+00	0.00e+00	0.00e+00	5.25e-17	1.06e-16	2.25e-69
 4.28056e+13	5.80e-23	1.96e-16	9.24e-11	5.36e-06	9.89e-01	1.12e-02	0.00e+00	0.00e+00	0.00e+00	0.00e+00	6.52e-17	1.31e-16	4.92e-69
 4.41588e+13	7.40e-23	2.36e-16	1.05e-10	5.70e-06	9.89e-01	1.05e-02	0.00e+00	0.00e+00	0.00e+00	0.00e+00	7.83e-17	1.58e-16	9.67e-69
 4.56134e+13	9.52e-23	2.86e-16	1.19e-10	6.09e-06	9.90e-01	9.87e-03	0.00e+00	0.00e+00	0.00e+00	0.00e+00	9.48e-17	1.91e-16	1.91e-68
 4.73792e+13	1.28e-22	3.57e-16	1.38e-10	6.58e-06	9.91e-01	9.15e-03	0.00e+00	0.00e+00	0.00e+00	0.00e+00	1.19e-16	2.39e-16	4.27e-68
 4.91759e+13	1.71e-22	4.45e-16	1.61e-10	7.10e-06	9.92e-01	8.49e-03	0.00e+00	0.00e+00	0.00e+00	0.00e+00	1.48e-16	2.97e-16	9.41e-68
 5.08393e+13	2.22e-22	5.41e-16	1.83e-10	7.60e-06	9.92e-01	7.95e-03	0.00e+00	0.00e+00	0.00e+00	0.00e+00	1.80e-16	3.61e-16	1.91e-67
 5.26975e+13	2.93e-22	6.68e-16	2.12e-10	8.17e-06	9.93e-01	7.39e-03	0.00e+00	0.00e+00	0.00e+00	0.00e+00	2.22e-16	4.47e-16	4.08e-67
 5.46929e+13	3.91e-22	8.32e-16	2.46e-10	8.82e-06	9.93e-01	6.86e-03	0.00e+00	0.00e+00	0.00e+00	0.00e+00	2.76e-16	5.56e-16	8.95e-67
 5.64667e+13	5.02e-22	1.00e-15	2.79e-10	9.42e-06	9.94e-01	6.43e-03	0.00e+00	0.00e+00	0.00e+00	0.00e+00	3.33e-16	6.71e-16	1.76e-66
 5.83673e+13	6.49e-22	1.22e-15	3.19e-10	1.01e-05	9.94e-01	6.02e-03	0.00e+00	0.00e+00	0.00e+00	0.00e+00	4.05e-16	8.15e-16	3.55e-66
 6.06453e+13	8.74e-22	1.53e-15	3.72e-10	1.09e-05	9.94e-01	5.57e-03	0.00e+00	0.00e+00	0.00e+00	0.00e+00	5.07e-16	1.02e-15	7.95e-66
 6.28831e+13	1.16e-21	1.89e-15	4.30e-10	1.17e-05	9.95e-01	5.17e-03	0.00e+00	0.00e+00	0.00e+00	0.00e+00	6.28e-16	1.26e-15	1.71e-65
 6.48681e+13	1.48e-21	2.27e-15	4.88e-10	1.25e-05	9.95e-01	4.86e-03	0.00e+00	0.00e+00	0.00e+00	0.00e+00	7.54e-16	1.52e-15	3.30e-65
 6.70555e+13	1.91e-21	2.76e-15	5.57e-10	1.34e-05	9.95e-01	4.54e-03	0.00e+00	0.00e+00	0.00e+00	0.00e+00	9.16e-16	1.85e-15	6.63e-65
 6.96727e+13	2.57e-21	3.46e-15	6.50e-10	1.45e-05	9.96e-01	4.20e-03	0.00e+00	0.00e+00	0.00e+00	0.00e+00	1.15e-15	2.31e-15	1.48e-64
 7.22757e+13	3.41e-21	4.30e-15	7.54e-10	1.57e-05	9.96e-01	3.90e-03	0.00e+00	0.00e+00	0.00e+00	0.00e+00	1.42e-15	2.87e-15	3.22e-64
 7.46448e+13	4.38e-21	5.19e-15	8.58e-10	1.67e-05	9.96e-01	3.65e-03	0.00e+00	0.00e+00	0.00e+00	0.00e+00	1.72e-15	3.47e-15	6.37e-64
 7.72827e+13	5.74e-21	6.37e-15	9.87e-10	1.80e-05	9.97e-01	3.40e-03	0.00e+00	0.00e+00	0.00e+00	0.00e+00	2.11e-15	4.26e-15	1.32e-63
 8.03641e+13	7.77e-21	8.02e-15	1.16e-09	1.95e-05	9.97e-01	3.14e-03	0.00e+00	0.00e+00	0.00e+00	0.00e+00	2.66e-15	5.36e-15	3.01e-63
 8.33945e+13	1.04e-20	9.98e-15	1.34e-09	2.10e-05	9.97e-01	2.91e-03	0.00e+00	0.00e+00	0.00e+00	0.00e+00	3.31e-15	6.67e-15	6.59e-63
 8.62413e+13	1.34e-20	1.22e-14	1.53e-09	2.25e-05	9.97e-01	2.72e-03	0.00e+00	0.00e+00	0.00e+00	0.00e+00	4.03e-15	8.13e-15	1.34e-62
 8.94160e+13	1.78e-20	1.50e-14	1.77e-09	2.43e-05	9.97e-01	2.52e-03	0.00e+00	0.00e+00	0.00e+00	0.00e+00	4.98e-15	1.01e-14	2.87e-62
 9.30225e+13	2.42e-20	1.90e-14	2.08e-09	2.64e-05	9.98e-01	2.33e-03	0.00e+00	0.00e+00	0.00e+00	0.00e+00	6.29e-15	1.27e-14	6.61e-62
 9.66150e+13	3.25e-20	2.37e-14	2.42e-09	2.85e-05	9.98e-01	2.15e-03	0.00e+00	0.00e+00	0.00e+00	0.00e+00	7.86e-15	1.59e-14	1.48e-61
 9.99622e+13	4.23e-20	2.90e-14	2.78e-09	3.06e-05	9.98e-01	2.01e-03	0.00e+00	0.00e+00	0.00e+00	0.00e+00	9.61e-15	1.94e-14	3.04e-61
 1.03602e+14	5.59e-20	3.58e-14	3.21e-09	3.29e-05	9.98e-01	1.87e-03	0.00e+00	0.00e+00	0.00e+00	0.00e+00	1.19e-14	2.39e-14	6.49e-61
 1.07686e+14	7.55e-20	4.50e-14	3.75e-09	3.56e-05	9.98e-01	1.73e-03	0.00e+00	0.00e+00	0.00e+00	0.00e+00	1.49e-14	3.01e-14	1.47e-60
 1.11493e+14	9.90e-20	5.52e-14	4.31e-09	3.82e-05	9.98e-01	1.61e-03	0.00e+00	0.00e+00	0.00e+00	0.00e+00	1.83e-14	3.69e-14	3.09e-60
 1.15013e+14	1.26e-19	6.63e-14	4.88e-09	4.07e-05	9.98e-01	1.51e-03	0.00e+00	0.00e+00	0.00e+00	0.00e+00	2.20e-14	4.44e-14	5.99e-60
 1.18398e+14	1.58e-19	7.87e-14	5.48e-09	4.32e-05	9.99e-01	1.42e-03	0.00e+00	0.00e+00	0.00e+00	0.00e+00	2.60e-14	5.27e-14	1.11e-59
 1.22158e+14	2.02e-19	9.47e-14	6.21e-09	4.61e-05	9.99e-01	1.34e-03	0.00e+00	0.00e+00	0.00e+00	0.00e+00	3.13e-14	6.33e-14	2.16e-59
 1.26317e+14	2.62e-19	1.15e-13	7.11e-09	4.93e-05	9.99e-01	1.25e-03	0.00e+00	0.00e+00	0.00e+00	0.00e+00	3.82e-14	7.72e-14	4.43e-59
 1.30187e+14	3.32e-19	1.38e-13	8.02e-09	5.25e-05	9.99e-01	1.17e-03	0.00e+00	0.00e+00	0.00e+00	0.00e+00	4.56e-14	9.23e-14	8.44e-59
 1.34412e+14	4.26e-19	1.67e-13	9.11e-09	5.60e-05	9.99e-01	1.10e-03	0.00e+00	0.00e+00	0.00e+00	0.00e+00	5.51e-14	1.11e-13	1.67e-58
 1.39164e+14	5.59e-19	2.05e-13	1.05e-08	6.01e-05	9.99e-01	1.02e-03	0.00e+00	0.00e+00	0.00e+00	0.00e+00	6.76e-14	1.37e-13	3.52e-58
 1.43702e+14	7.19e-19	2.47e-13	1.19e-08	6.41e-05	9.99e-01	9.60e-04	0.00e+00	0.00e+00	0.00e+00	0.00e+00	8.17e-14	1.66e-13	7.02e-58
 1.48703e+14	9.39e-19	3.03e-13	1.37e-08	6.88e-05	9.99e-01	8.96e-04	0.00e+00	0.00e+00	0.00e+00	0.00e+00	1.00e-13	2.03e-13	1.46e-57
 1.54216e+14	1.25e-18	3.76e-13	1.58e-08	7.41e-05	9.99e-01	8.32e-04	0.00e+00	0.00e+00	0.00e+00	0.00e+00	1.24e-13	2.52e-13	3.20e-57
 1.59289e+14	1.61e-18	4.55e-13	1.80e-08	7.91e-05	9.99e-01	7.79e-04	0.00e+00	0.00e+00	0.00e+00	0.00e+00	1.50e-13	3.05e-13	6.43e-57
 1.64776e+14	2.10e-18	5.56e-13	2.06e-08	8.48e-05	9.99e-01	7.27e-04	0.00e+00	0.00e+00	0.00e+00	0.00e+00	1.83e-13	3.72e-13	1.33e-56
 1.70913e+14	2.79e-18	6.90e-13	2.39e-08	9.13e-05	9.99e-01	6.75e-04	0.00e+00	0.00e+00	0.00e+00	0.00e+00	2.28e-13	4.62e-13	2.92e-56
 1.76685e+14	3.63e-18	8.40e-13	2.73e-08	9.77e-05	9.99e-01	6.31e-04	0.00e+00	0.00e+00	0.00e+00	0.00e+00	2.77e-13	5.63e-13	5.97e-56
 1.82978e+14	4.76e-18	1.03e-12	3.14e-08	1.05e-04	9.99e-01	5.87e-04	0.00e+00	0.00e+00	0.00e+00	0.00e+00	3.41e-13	6.92e-13	1.27e-55
 1.89969e+14	6.38e-18	1.29e-12	3.65e-08	1.13e-04	9.99e-01	5.44e-04	0.00e+00	0.00e+00	0.00e+00	0.00e+00	4.25e-13	8.64e-13	2.83e-55
 1.96488e+14	8.32e-18	1.57e-12	4.18e-08	1.21e-04	9.99e-01	5.08e-04	0.00e+00	0.00e+00	0.00e+00	0.00e+00	5.19e-13	1.06e-12	5.86e-55
 2.03580e+14	1.10e-17	1.94e-12	4.82e-08	1.31e-04	9.99e-01	4.72e-04	0.00e+00	0.00e+00	0.00e+00	0.00e+00	6.39e-13	1.30e-12	1.25e-54
 2.11517e+14	1.47e-17	2.43e-12	5.62e-08	1.41e-04	9.99e-01	4.37e-04	0.00e+00	0.00e+00	0.00e+00	0.00e+00	8.00e-13	1.63e-12	2.84e-54
 2.19022e+14	1.93e-17	2.99e-12	6.46e-08	1.52e-04	9.99e-01	4.06e-04	0.00e+00	0.00e+00	0.00e+00	0.00e+00	9.82e-13	2.00e-12	5.99e-54
 2.27062e+14	2.55e-17	3.69e-12	7.47e-08	1.63e-04	9.99e-01	3.77e-04	0.00e+00	0.00e+00	0.00e+00	0.00e+00	1.21e-12	2.48e-12	1.29e-53
 2.36175e+14	3.46e-17	4.65e-12	8.76e-08	1.77e-04	9.99e-01	3.48e-04	0.00e+00	0.00e+00	0.00e+00	0.00e+00	1.53e-12	3.12e-12	2.98e-53
 2.45109e+14	4.61e-17	5.78e-12	1.02e-07	1.92e-04	9.99e-01	3.22e-04	0.00e+00	3.79e-18	1.14e-17	1.90e-17	1.90e-12	3.88e-12	6.56e-53
 2.54400e+14	6.12e-17	7.19e-12	1.18e-07	2.07e-04	9.99e-01	2.98e-04	0.00e+00	5.04e-18	1.51e-17	2.53e-17	2.36e-12	4.83e-12	1.44e-52
 2.64606e+14	8.28e-17	9.05e-12	1.39e-07	2.25e-04	1.00e+00	2.74e-04	0.00e+00	6.81e-18	2.05e-17	3.42e-17	2.97e-12	6.08e-12	3.32e-52
 2.74650e+14	1.10e-16	1.12e-11	1.61e-07	2.44e-04	1.00e+00	2.53e-04	0.00e+00	9.04e-18	2.72e-17	4.54e-17	3.69e-12	7.55e-12	7.25e-52
 2.82944e+14	1.38e-16	1.34e-11	1.82e-07	2.59e-04	1.00e+00	2.38e-04	0.00e+00	1.13e-17	3.41e-17	5.69e-17	4.38e-12	8.98e-12	1.36e-51
 2.89611e+14	1.64e-16	1.53e-11	2.00e-07	2.72e-04	1.00e+00	2.26e-04	0.00e+00	1.35e-17	4.06e-17	6.79e-17	5.01e-12	1.03e-11	2.21e-51
 2.97004e+14	1.98e-16	1.77e-11	2.21e-07	2.88e-04	9.99e-01	2.15e-04	0.00e+00	1.64e-17	4.91e-17	8.21e-17	5.80e-12	1.19e-11	3.75e-51
 3.06615e+14	2.52e-16	2.13e-11	2.52e-07	3.08e-04	9.99e-01	2.01e-04	0.00e+00	2.08e-17	6.23e-17	1.04e-16	6.97e-12	1.43e-11	7.27e-51
 3.16930e+14	3.22e-16	2.57e-11	2.88e-07	3.31e-04	9.99e-01	1.87e-04	0.00e+00	2.66e-17	7.98e-17	1.33e-16	8.43e-12	1.73e-11	1.44e-50
 3.26090e+14	3.98e-16	3.03e-11	3.23e-07	3.52e-04	9.99e-01	1.76e-04	0.00e+00	3.28e-17	9.86e-17	1.65e-16	9.92e-12	2.04e-11	2.60e-50
 3.35928e+14	4.95e-16	3.59e-11	3.65e-07	3.75e-04	9.99e-01	1.65e-04	0.00e+00	4.09e-17	1.23e-16	2.05e-16	1.18e-11	2.41e-11	4.81e-50
 3.48333e+14	6.46e-16	4.42e-11	4.23e-07	4.06e-04	9.99e-01	1.52e-04	0.00e+00	5.34e-17	1.60e-16	2.68e-16	1.45e-11	2.97e-11	1.01e-49
 3.60919e+14	8.37e-16	5.41e-11	4.89e-07	4.39e-04	9.99e-01	1.41e-04	0.00e+00	6.92e-17	2.08e-16	3.47e-16	1.77e-11	3.64e-11	2.10e-49
 3.71699e+14	1.04e-15	6.39e-11	5.52e-07	4.68e-04	9.99e-01	1.32e-04	0.00e+00	8.58e-17	2.58e-16	4.31e-16	2.09e-11	4.30e-11	3.84e-49
 3.83287e+14	1.29e-15	7.59e-11	6.25e-07	5.02e-04	9.99e-01	1.23e-04	0.00e+00	1.07e-16	3.21e-16	5.36e-16	2.48e-11	5.11e-11	7.14e-49
 3.97648e+14	1.68e-15	9.34e-11	7.27e-07	5.45e-04	9.99e-01	1.14e-04	0.00e+00	1.39e-16	4.19e-16	6.99e-16	3.06e-11	6.29e-11	1.52e-48
 4.12367e+14	2.18e-15	1.15e-10	8.44e-07	5.91e-04	9.99e-01	1.05e-04	0.00e+00	1.81e-16	5.42e-16	9.07e-16	3.75e-11	7.71e-11	3.17e-48
 4.25484e+14	2.71e-15	1.37e-10	9.59e-07	6.34e-04	9.99e-01	9.81e-05	0.00e+00	2.26e-16	6.77e-16	1.13e-15	4.46e-11	9.19e-11	5.99e-48
 4.39766e+14	3.42e-15	1.64e-10	1.10e-06	6.83e-04	9.99e-01	9.11e-05	0.00e+00	2.84e-16	8.54e-16	1.43e-15	5.36e-11	1.10e-10	1.17e-47
 4.56810e+14	4.46e-15	2.02e-10	1.28e-06	7.45e-04	9.99e-01	8.37e-05	0.00e+00	3.71e-16	1.11e-15	1.86e-15	6.62e-11	1.36e-10	2.52e-47
 4.73617e+14	5.72e-15	2.47e-10	1.49e-06	8.09e-04	9.99e-01	7.72e-05	0.00e+00	4.77e-16	1.43e-15	2.39e-15	8.08e-11	1.66e-10	5.23e-47
 4.88753e+14	7.09e-15	2.94e-10	1.69e-06	8.69e-04	9.99e-01	7.20e-05	0.00e+00	5.92e-16	1.78e-15	2.97e-15	9.60e-11	1.98e-10	9.85e-47
 5.05546e+14	8.95e-15	3.54e-10	1.94e-06	9.38e-04	9.99e-01	6.67e-05	0.00e+00	7.48e-16	2.24e-15	3.75e-15	1.16e-10	2.38e-10	1.96e-46
 5.25353e+14	1.16e-14	4.36e-10	2.27e-06	1.02e-03	9.99e-01	6.12e-05	0.00e+00	9.72e-16	2.92e-15	4.88e-15	1.43e-10	2.93e-10	4.25e-46
 5.44913e+14	1.49e-14	5.32e-10	2.63e-06	1.11e-03	9.99e-01	5.64e-05	0.00e+00	1.25e-15	3.74e-15	6.25e-15	1.74e-10	3.58e-10	8.93e-46
 5.63013e+14	1.85e-14	6.35e-10	3.00e-06	1.20e-03	9.99e-01	5.24e-05	0.00e+00	1.55e-15	4.66e-15	7.79e-15	2.08e-10	4.28e-10	1.73e-45
 5.83323e+14	2.35e-14	7.70e-10	3.46e-06	1.30e-03	9.99e-01	4.84e-05	0.00e+00	1.97e-15	5.92e-15	9.88e-15	2.52e-10	5.18e-10	3.56e-45
 6.06686e+14	3.05e-14	9.51e-10	4.06e-06	1.42e-03	9.99e-01	4.43e-05	0.00e+00	2.56e-15	7.69e-15	1.29e-14	3.11e-10	6.40e-10	7.91e-45
 6.29585e+14	3.89e-14	1.16e-09	4.71e-06	1.55e-03	9.98e-01	4.08e-05	0.00e+00	3.28e-15	9.83e-15	1.64e-14	3.80e-10	7.81e-10	1.69e-44
 6.53400e+14	4.97e-14	1.42e-09	5.47e-06	1.69e-03	9.98e-01	3.76e-05	0.00e+00	4.19e-15	1.26e-14	2.10e-14	4.64e-10	9.54e-10	3.60e-44
 6.75157e+14	6.16e-14	1.69e-09	6.25e-06	1.82e-03	9.98e-01	3.49e-05	0.00e+00	5.20e-15	1.56e-14	2.61e-14	5.54e-10	1.14e-09	7.05e-44
 6.91299e+14	7.19e-14	1.92e-09	6.87e-06	1.92e-03	9.98e-01	3.31e-05	0.00e+00	6.08e-15	1.82e-14	3.05e-14	6.29e-10	1.29e-09	1.14e-43
 7.07887e+14	8.40e-14	2.18e-09	7.55e-06	2.03e-03	9.98e-01	3.14e-05	0.00e+00	7.11e-15	2.13e-14	3.56e-14	7.14e-10	1.47e-09	1.87e-43
 7.29450e+14	1.02e-13	2.56e-09	8.52e-06	2.17e-03	9.98e-01	2.94e-05	0.00e+00	8.65e-15	2.60e-14	4.34e-14	8.39e-10	1.72e-09	3.46e-43
 7.52895e+14	1.26e-13	3.04e-09	9.67e-06	2.34e-03	9.98e-01	2.74e-05	0.00e+00	1.07e-14	3.20e-14	5.34e-14	9.95e-10	2.04e-09	6.67e-43
 7.74104e+14	1.51e-13	3.53e-09	1.08e-05	2.49e-03	9.97e-01	2.58e-05	0.00e+00	1.28e-14	3.84e-14	6.41e-14	1.16e-09	2.37e-09	1.21e-42
 7.96996e+14	1.74e-13	4.12e-09	1.21e-05	2.66e-03	9.97e-01	2.42e-05	0.00e+00	1.48e-14	4.45e-14	7.43e-14	1.35e-09	2.77e-09	2.18e-42
 8.26148e+14	2.20e-13	5.00e-09	1.40e-05	2.89e-03	9.97e-01	2.24e-05	0.00e+00	1.87e-14	5.61e-14	9.37e-14	1.64e-09	3.36e-09	4.68e-42
 8.55494e+14	2.74e-13	6.04e-09	1.61e-05	3.13e-03	9.97e-01	2.07e-05	0.00e+00	2.34e-14	7.01e-14	1.17e-13	1.98e-09	4.06e-09	9.87e-42
 8.79857e+14	3.28e-13	7.02e-09	1.80e-05	3.33e-03	9.97e-01	1.95e-05	0.00e+00	2.79e-14	8.38e-14	1.40e-13	2.30e-09	4.72e-09	1.80e-41
 9.05690e+14	3.94e-13	8.21e-09	2.02e-05	3.56e-03	9.96e-01	1.83e-05	0.00e+00	3.36e-14	1.01e-13	1.68e-13	2.69e-09	5.51e-09	3.35e-41
 9.38711e+14	4.92e-13	9.94e-09	2.34e-05	3.87e-03	9.96e-01	1.70e-05	0.00e+00	4.21e-14	1.26e-13	2.11e-13	3.26e-09	6.68e-09	7.23e-41
 9.73526e+14	6.21e-13	1.21e-08	2.70e-05	4.20e-03	9.96e-01	1.57e-05	0.00e+00	5.31e-14	1.60e-13	2.66e-13	3.98e-09	8.14e-09	1.59e-40
 1.00472e+15	7.59e-13	1.44e-08	3.06e-05	4.51e-03	9.95e-01	1.47e-05	0.00e+00	6.50e-14	1.95e-13	3.26e-13	4.73e-09	9.66e-09	3.13e-40
 1.03876e+15	9.34e-13	1.72e-08	3.50e-05	4.86e-03	9.95e-01	1.37e-05	0.00e+00	8.02e-14	2.41e-13	4.02e-13	5.66e-09	1.16e-08	6.44e-40
 1.07917e+15	1.19e-12	2.13e-08	4.07e-05	5.30e-03	9.95e-01	1.27e-05	0.00e+00	1.02e-13	3.07e-13	5.13e-13	6.99e-09	1.43e-08	1.48e-39
 1.11893e+15	1.49e-12	2.59e-08	4.71e-05	5.75e-03	9.94e-01	1.18e-05	0.00e+00	1.28e-13	3.85e-13	6.43e-13	8.52e-09	1.74e-08	3.24e-39
 1.15506e+15	1.82e-12	3.08e-08	5.34e-05	6.17e-03	9.94e-01	1.11e-05	0.00e+00	1.57e-13	4.71e-13	7.87e-13	1.01e-08	2.07e-08	6.43e-39
 1.19541e+15	2.26e-12	3.72e-08	6.12e-05	6.67e-03	9.93e-01	1.03e-05	0.00e+00	1.95e-13	5.85e-13	9.77e-13	1.23e-08	2.50e-08	1.35e-38
 1.24259e+15	2.88e-12	4.61e-08	7.14e-05	7.28e-03	9.93e-01	9.58e-06	0.00e+00	2.49e-13	7.47e-13	1.25e-12	1.52e-08	3.09e-08	3.11e-38
 1.28914e+15	3.63e-12	5.65e-08	8.27e-05	7.91e-03	9.92e-01	8.93e-06	0.00e+00	3.14e-13	9.41e-13	1.57e-12	1.86e-08	3.79e-08	6.90e-38
 1.33290e+15	4.47e-12	6.81e-08	9.46e-05	8.52e-03	9.91e-01	8.39e-06	0.00e+00	3.86e-13	1.16e-12	1.94e-12	2.24e-08	4.56e-08	1.42e-37
 1.38160e+15	5.59e-12	8.31e-08	1.09e-04	9.24e-03	9.91e-01	7.86e-06	0.00e+00	4.85e-13	1.45e-12	2.43e-12	2.74e-08	5.57e-08	3.10e-37
 1.43689e+15	7.13e-12	1.03e-07	1.28e-04	1.01e-02	9.90e-01	7.32e-06	0.00e+00	6.18e-13	1.86e-12	3.10e-12	3.41e-08	6.93e-08	7.24e-37
 1.48335e+15	8.60e-12	1.24e-07	1.45e-04	1.08e-02	9.89e-01	6.94e-06	0.00e+00	7.47e-13	2.24e-12	3.74e-12	4.08e-08	8.29e-08	1.43e-36
 1.51671e+15	9.84e-12	1.40e-07	1.59e-04	1.14e-02	9.88e-01	6.69e-06	0.00e+00	8.55e-13	2.57e-12	4.28e-12	4.62e-08	9.39e-08	2.31e-36
 1.55140e+15	1.13e-11	1.59e-07	1.74e-04	1.20e-02	9.88e-01	6.44e-06	0.00e+00	9.86e-13	2.96e-12	4.94e-12	5.25e-08	1.07e-07	3.76e-36
 1.59650e+15	1.36e-11	1.87e-07	1.95e-04	1.28e-02	9.87e-01	6.13e-06	0.00e+00	1.18e-12	3.55e-12	5.93e-12	6.16e-08	1.25e-07	6.97e-36
 1.64686e+15	1.65e-11	2.23e-07	2.21e-04	1.37e-02	9.86e-01	5.82e-06	0.00e+00	1.43e-12	4.30e-12	7.18e-12	7.34e-08	1.49e-07	1.35e-35
 1.69409e+15	1.96e-11	2.61e-07	2.47e-04	1.46e-02	9.85e-01	5.58e-06	0.00e+00	1.71e-12	5.13e-12	8.56e-12	8.63e-08	1.75e-07	2.46e-35
 1.74554e+15	2.36e-11	3.10e-07	2.79e-04	1.56e-02	9.84e-01	5.33e-06	0.00e+00	2.06e-12	6.17e-12	1.03e-11	1.02e-07	2.07e-07	4.65e-35
 1.80305e+15	2.85e-11	3.72e-07	3.18e-04	1.68e-02	9.83e-01	5.09e-06	0.00e+00	2.49e-12	7.49e-12	1.25e-11	1.23e-07	2.49e-07	9.25e-35
 1.85712e+15	3.44e-11	4.40e-07	3.58e-04	1.79e-02	9.82e-01	4.88e-06	0.00e+00	3.01e-12	9.03e-12	1.51e-11	1.45e-07	2.95e-07	1.72e-34
 1.91611e+15	4.16e-11	5.26e-07	4.06e-04	1.92e-02	9.80e-01	4.67e-06	0.00e+00	3.64e-12	1.09e-11	1.82e-11	1.74e-07	3.52e-07	3.34e-34
 1.98236e+15	5.13e-11	6.38e-07	4.66e-04	2.07e-02	9.79e-01	4.47e-06	0.00e+00	4.49e-12	1.35e-11	2.25e-11	2.11e-07	4.27e-07	6.77e-34
 2.04546e+15	6.19e-11	7.63e-07	5.29e-04	2.22e-02	9.77e-01	4.30e-06	0.00e+00	5.43e-12	1.63e-11	2.72e-11	2.52e-07	5.11e-07	1.30e-33
 2.11488e+15	7.61e-11	9.24e-07	6.06e-04	2.39e-02	9.75e-01	4.13e-06	0.00e+00	6.68e-12	2.00e-11	3.34e-11	3.06e-07	6.18e-07	2.61e-33
 2.19186e+15	9.43e-11	1.13e-06	7.00e-04	2.59e-02	9.73e-01	3.96e-06	0.00e+00	8.29e-12	2.49e-11	4.15e-11	3.74e-07	7.58e-07	5.42e-33
 2.26320e+15	1.14e-10	1.36e-06	7.97e-04	2.79e-02	9.71e-01	3.83e-06	0.00e+00	1.01e-11	3.02e-11	5.04e-11	4.50e-07	9.10e-07	1.04e-32
 2.34048e+15	1.40e-10	1.65e-06	9.14e-04	3.00e-02	9.69e-01	3.70e-06	0.00e+00	1.24e-11	3.71e-11	6.18e-11	5.46e-07	1.10e-06	2.07e-32
 2.42666e+15	1.75e-10	2.03e-06	1.06e-03	3.26e-02	9.66e-01	3.57e-06	0.00e+00	1.54e-11	4.62e-11	7.72e-11	6.71e-07	1.36e-06	4.30e-32
 2.50721e+15	2.14e-10	2.45e-06	1.21e-03	3.51e-02	9.64e-01	3.46e-06	0.00e+00	1.89e-11	5.66e-11	9.44e-11	8.11e-07	1.64e-06	8.30e-32
 2.59474e+15	2.66e-10	2.99e-06	1.39e-03	3.79e-02	9.61e-01	3.36e-06	0.00e+00	2.35e-11	7.04e-11	1.18e-10	9.91e-07	2.00e-06	1.68e-31
 2.68798e+15	3.31e-10	3.67e-06	1.61e-03	4.10e-02	9.57e-01	3.26e-06	0.00e+00	2.92e-11	8.77e-11	1.46e-10	1.21e-06	2.45e-06	3.39e-31
 2.76979e+15	3.99e-10	4.36e-06	1.82e-03	4.39e-02	9.54e-01	3.19e-06	0.00e+00	3.53e-11	1.06e-10	1.77e-10	1.44e-06	2.92e-06	6.12e-31
 2.84016e+15	4.66e-10	5.04e-06	2.02e-03	4.65e-02	9.52e-01	3.14e-06	0.00e+00	4.12e-11	1.24e-10	2.06e-10	1.67e-06	3.37e-06	1.00e-30
 2.91452e+15	5.50e-10	5.87e-06	2.24e-03	4.93e-02	9.48e-01	3.08e-06	0.00e+00	4.87e-11	1.46e-10	2.44e-10	1.94e-06	3.92e-06	1.68e-30
 2.99813e+15	6.57e-10	6.91e-06	2.52e-03	5.26e-02	9.45e-01	3.01e-06	0.00e+00	5.83e-11	1.75e-10	2.92e-10	2.29e-06	4.62e-06	2.93e-30
 3.07792e+15	7.78e-10	8.05e-06	2.81e-03	5.58e-02	9.41e-01	2.96e-06	0.00e+00	6.90e-11	2.07e-10	3.45e-10	2.67e-06	5.38e-06	4.89e-30
 3.16580e+15	9.34e-10	9.51e-06	3.16e-03	5.95e-02	9.37e-01	2.90e-06	0.00e+00	8.30e-11	2.49e-10	4.15e-10	3.15e-06	6.35e-06	8.54e-30
 3.26156e+15	1.13e-09	1.13e-05	3.57e-03	6.37e-02	9.33e-01	2.85e-06	0.00e+00	1.00e-10	3.01e-10	5.03e-10	3.75e-06	7.55e-06	1.51e-29
 3.34953e+15	1.34e-09	1.32e-05	3.99e-03	6.77e-02	9.28e-01	2.80e-06	0.00e+00	1.19e-10	3.58e-10	5.98e-10	4.38e-06	8.82e-06	2.51e-29
 3.44586e+15	1.62e-09	1.56e-05	4.49e-03	7.23e-02	9.23e-01	2.76e-06	0.00e+00	1.44e-10	4.33e-10	7.22e-10	5.18e-06	1.04e-05	4.36e-29
 3.55264e+15	1.97e-09	1.87e-05	5.10e-03	7.75e-02	9.17e-01	2.70e-06	0.00e+00	1.76e-10	5.27e-10	8.79e-10	6.19e-06	1.25e-05	7.77e-29
 3.65361e+15	2.38e-09	2.20e-05	5.73e-03	8.26e-02	9.12e-01	2.67e-06	0.00e+00	2.12e-10	6.36e-10	1.06e-09	7.30e-06	1.47e-05	1.31e-28
 3.76547e+15	2.91e-09	2.63e-05	6.52e-03	8.87e-02	9.05e-01	2.62e-06	0.00e+00	2.60e-10	7.80e-10	1.30e-09	8.74e-06	1.76e-05	2.34e-28
 3.88688e+15	3.59e-09	3.17e-05	7.44e-03	9.54e-02	8.97e-01	2.57e-06	0.00e+00	3.21e-10	9.63e-10	1.61e-09	1.05e-05	2.12e-05	4.19e-28
 3.99598e+15	4.33e-09	3.73e-05	8.36e-03	1.02e-01	8.90e-01	2.54e-06	0.00e+00	3.88e-10	1.16e-09	1.94e-09	1.24e-05	2.49e-05	6.93e-28
 4.11304e+15	5.29e-09	4.44e-05	9.48e-03	1.09e-01	8.82e-01	2.50e-06	0.00e+00	4.74e-10	1.42e-09	2.37e-09	1.48e-05	2.97e-05	1.20e-27
 4.24302e+15	6.61e-09	5.34e-05	1.08e-02	1.17e-01	8.72e-01	2.47e-06	0.00e+00	5.94e-10	1.78e-09	2.97e-09	1.78e-05	3.57e-05	2.11e-27
 4.36432e+15	7.97e-09	6.31e-05	1.22e-02	1.25e-01	8.63e-01	2.42e-06	0.00e+00	7.17e-10	2.15e-09	3.59e-09	2.10e-05	4.22e-05	3.47e-27
 4.49656e+15	1.00e-08	7.59e-05	1.39e-02	1.34e-01	8.52e-01	2.38e-06	0.00e+00	9.01e-10	2.70e-09	4.50e-09	2.52e-05	5.07e-05	6.08e-27
 4.64049e+15	1.25e-08	9.16e-05	1.60e-02	1.44e-01	8.40e-01	2.35e-06	0.00e+00	1.13e-09	3.38e-09	5.64e-09	3.04e-05	6.11e-05	1.06e-26
 4.76456e+15	1.49e-08	1.07e-04	1.79e-02	1.53e-01	8.29e-01	2.30e-06	0.00e+00	1.34e-09	4.03e-09	6.72e-09	3.56e-05	7.14e-05	1.66e-26
 4.87294e+15	1.78e-08	1.23e-04	1.98e-02	1.61e-01	8.19e-01	2.27e-06	0.00e+00	1.60e-09	4.81e-09	8.02e-09	4.08e-05	8.19e-05	2.47e-26
 4.99597e+15	2.12e-08	1.44e-04	2.21e-02	1.71e-01	8.07e-01	2.23e-06	0.00e+00	1.92e-09	5.77e-09	9.62e-09	4.77e-05	9.58e-05	3.92e-26
 5.13469e+15	2.60e-08	1.70e-04	2.51e-02	1.82e-01	7.93e-01	2.18e-06	0.00e+00	2.35e-09	7.05e-09	1.18e-08	5.65e-05	1.13e-04	6.36e-26
 5.26367e+15	3.13e-08	1.98e-04	2.80e-02	1.93e-01	7.79e-01	2.15e-06	0.00e+00	2.84e-09	8.52e-09	1.42e-08	6.57e-05	1.32e-04	9.44e-26
 5.38130e+15	3.71e-08	2.27e-04	3.10e-02	2.03e-01	7.66e-01	2.12e-06	0.00e+00	3.37e-09	1.01e-08	1.68e-08	7.55e-05	1.51e-04	1.40e-25
 5.51431e+15	4.52e-08	2.66e-04	3.49e-02	2.15e-01	7.50e-01	2.08e-06	0.00e+00	4.11e-09	1.23e-08	2.06e-08	8.86e-05	1.78e-04	2.21e-25
 5.65924e+15	5.59e-08	3.14e-04	3.94e-02	2.29e-01	7.32e-01	2.04e-06	0.00e+00	5.09e-09	1.53e-08	2.55e-08	1.05e-04	2.10e-04	3.50e-25
 5.79021e+15	6.74e-08	3.63e-04	4.39e-02	2.41e-01	7.15e-01	2.01e-06	0.00e+00	6.14e-09	1.84e-08	3.07e-08	1.21e-04	2.42e-04	5.20e-25
 5.90998e+15	7.97e-08	4.15e-04	4.85e-02	2.52e-01	6.99e-01	1.98e-06	0.00e+00	7.27e-09	2.18e-08	3.64e-08	1.38e-04	2.77e-04	7.49e-25
 6.04464e+15	9.60e-08	4.84e-04	5.44e-02	2.66e-01	6.79e-01	1.93e-06	0.00e+00	8.76e-09	2.63e-08	4.38e-08	1.61e-04	3.23e-04	1.15e-24
 6.19364e+15	1.20e-07	5.71e-04	6.15e-02	2.81e-01	6.57e-01	1.90e-06	0.00e+00	1.09e-08	3.28e-08	5.47e-08	1.90e-04	3.81e-04	1.81e-24
 6.33018e+15	1.43e-07	6.60e-04	6.86e-02	2.94e-01	6.36e-01	1.86e-06	0.00e+00	1.31e-08	3.92e-08	6.53e-08	2.20e-04	4.40e-04	2.66e-24
 6.45720e+15	1.71e-07	7.59e-04	7.61e-02	3.08e-01	6.15e-01	1.82e-06	0.00e+00	1.56e-08	4.69e-08	7.81e-08	2.53e-04	5.06e-04	3.88e-24
 6.60293e+15	2.14e-07	8.97e-04	8.60e-02	3.24e-01	5.90e-01	1.80e-06	0.00e+00	1.97e-08	5.90e-08	9.83e-08	2.99e-04	5.98e-04	6.21e-24
 6.75622e+15	2.62e-07	1.05e-03	9.72e-02	3.39e-01	5.63e-01	1.74e-06	0.00e+00	2.40e-08	7.21e-08	1.20e-07	3.51e-04	7.02e-04	9.50e-24
 6.88887e+15	3.20e-07	1.22e-03	1.08e-01	3.53e-01	5.37e-01	1.71e-06	0.00e+00	2.94e-08	8.82e-08	1.47e-07	4.06e-04	8.13e-04	1.41e-23
 7.01076e+15	3.82e-07	1.39e-03	1.20e-01	3.66e-01	5.13e-01	1.68e-06	0.00e+00	3.51e-08	1.05e-07	1.76e-07	4.64e-04	9.29e-04	2.04e-23
 7.14914e+15	4.65e-07	1.63e-03	1.34e-01	3.80e-01	4.84e-01	1.62e-06	0.00e+00	4.29e-08	1.29e-07	2.14e-07	5.42e-04	1.08e-03	3.14e-23
 7.29741e+15	5.85e-07	1.92e-03	1.51e-01	3.94e-01	4.52e-01	1.60e-06	0.00e+00	5.40e-08	1.62e-07	2.70e-07	6.40e-04	1.28e-03	5.01e-23
 7.42085e+15	7.00e-07	2.19e-03	1.67e-01	4.05e-01	4.25e-01	1.56e-06	0.00e+00	6.46e-08	1.94e-07	3.23e-07	7.30e-04	1.46e-03	7.19e-23
 7.52390e+15	8.19e-07	2.46e-03	1.82e-01	4.14e-01	4.01e-01	1.53e-06	0.00e+00	7.56e-08	2.27e-07	3.78e-07	8.20e-04	1.64e-03	9.97e-23
 7.63814e+15	9.82e-07	2.80e-03	2.00e-01	4.23e-01	3.74e-01	1.49e-06	0.00e+00	9.08e-08	2.72e-07	4.54e-07	9.33e-04	1.87e-03	1.45e-22
 7.76211e+15	1.19e-06	3.24e-03	2.21e-01	4.32e-01	3.43e-01	1.45e-06	0.00e+00	1.10e-07	3.30e-07	5.50e-07	1.08e-03	2.16e-03	2.24e-22
 7.86821e+15	1.40e-06	3.64e-03	2.41e-01	4.38e-01	3.17e-01	1.42e-06	0.00e+00	1.30e-07	3.89e-07	6.48e-07	1.21e-03	2.43e-03	3.16e-22
 7.94900e+15	1.58e-06	3.98e-03	2.57e-01	4.42e-01	2.98e-01	1.40e-06	0.00e+00	1.47e-07	4.39e-07	7.32e-07	1.33e-03	2.65e-03	4.09e-22
 8.01641e+15	1.77e-06	4.31e-03	2.71e-01	4.44e-01	2.80e-01	1.37e-06	0.00e+00	1.64e-07	4.91e-07	8.19e-07	1.44e-03	2.87e-03	5.21e-22
 8.09307e+15	1.99e-06	4.66e-03	2.88e-01	4.46e-01	2.61e-01	1.33e-06	0.00e+00	1.85e-07	5.54e-07	9.24e-07	1.55e-03	3.10e-03	6.53e-22
 8.19273e+15	2.36e-06	5.23e-03	3.12e-01	4.47e-01	2.35e-01	1.27e-06	0.00e+00	2.19e-07	6.57e-07	1.09e-06	1.74e-03	3.49e-03	9.40e-22
 8.28684e+15	2.76e-06	5.83e-03	3.36e-01	4.47e-01	2.12e-01	1.23e-06	0.00e+00	2.57e-07	7.70e-07	1.28e-06	1.95e-03	3.89e-03	1.33e-21
 8.35078e+15	3.12e-06	6.38e-03	3.54e-01	4.45e-01	1.95e-01	1.22e-06	0.00e+00	2.90e-07	8.71e-07	1.45e-06	2.13e-03	4.25e-03	1.81e-21
 8.39860e+15	3.38e-06	6.76e-03	3.67e-01	4.43e-01	1.83e-01	1.19e-06	0.00e+00	3.14e-07	9.42e-07	1.57e-06	2.25e-03	4.50e-03	2.21e-21
 8.44842e+15	3.67e-06	7.11e-03	3.81e-01	4.41e-01	1.71e-01	1.16e-06	0.00e+00	3.41e-07	1.02e-06	1.70e-06	2.37e-03	4.74e-03	2.58e-21
 8.51317e+15	4.20e-06	7.81e-03	4.02e-01	4.37e-01	1.53e-01	1.12e-06	0.00e+00	3.91e-07	1.17e-06	1.95e-06	2.60e-03	5.20e-03	3.67e-21
 8.57655e+15	4.69e-06	8.37e-03	4.20e-01	4.32e-01	1.39e-01	1.07e-06	0.00e+00	4.37e-07	1.31e-06	2.18e-06	2.79e-03	5.57e-03	4.60e-21
 8.63001e+15	5.13e-06	8.84e-03	4.36e-01	4.28e-01	1.27e-01	1.03e-06	0.00e+00	4.78e-07	1.43e-06	2.39e-06	2.95e-03	5.89e-03	5.56e-21
 8.69138e+15	5.78e-06	9.53e-03	4.56e-01	4.22e-01	1.13e-01	9.75e-07	0.00e+00	5.39e-07	1.62e-06	2.69e-06	3.18e-03	6.35e-03	7.27e-21
 8.75641e+15	6.57e-06	1.03e-02	4.76e-01	4.14e-01	9.94e-02	0.00e+00	0.00e+00	6.13e-07	1.84e-06	3.06e-06	3.44e-03	6.86e-03	9.70e-21
 8.81138e+15	7.48e-06	1.11e-02	4.95e-01	4.06e-01	8.77e-02	0.00e+00	0.00e+00	6.98e-07	2.09e-06	3.49e-06	3.72e-03	7.42e-03	1.33e-20
 8.85558e+15	8.19e-06	1.17e-02	5.10e-01	3.99e-01	7.93e-02	0.00e+00	0.00e+00	7.66e-07	2.30e-06	3.82e-06	3.91e-03	7.81e-03	1.62e-20
 8.90060e+15	8.94e-06	1.23e-02	5.24e-01	3.93e-01	7.13e-02	0.00e+00	0.00e+00	8.36e-07	2.51e-06	4.18e-06	4.10e-03	8.19e-03	1.92e-20
 8.95912e+15	1.06e-05	1.34e-02	5.45e-01	3.81e-01	6.05e-02	0.00e+00	0.00e+00	9.92e-07	2.97e-06	4.95e-06	4.46e-03	8.90e-03	2.75e-20
 9.01527e+15	1.15e-05	1.41e-02	5.61e-01	3.72e-01	5.25e-02	0.00e+00	0.00e+00	1.08e-06	3.24e-06	5.40e-06	4.70e-03	9.38e-03	3.30e-20
 9.06831e+15	1.32e-05	1.52e-02	5.80e-01	3.61e-01	4.43e-02	0.00e+00	0.00e+00	1.24e-06	3.71e-06	6.18e-06	5.07e-03	1.01e-02	4.63e-20
 9.12084e+15	1.49e-05	1.60e-02	5.95e-01	3.51e-01	3.81e-02	0.00e+00	0.00e+00	1.40e-06	4.19e-06	6.97e-06	5.33e-03	1.06e-02	5.61e-20
 9.17271e+15	1.76e-05	1.72e-02	6.12e-01	3.39e-01	3.16e-02	0.00e+00	0.00e+00	1.65e-06	4.95e-06	8.24e-06	5.73e-03	1.14e-02	7.79e-20
 9.22516e+15	1.92e-05	1.82e-02	6.27e-01	3.28e-01	2.65e-02	0.00e+00	0.00e+00	1.81e-06	5.43e-06	9.05e-06	6.07e-03	1.21e-02	1.00e-19
 9.27089e+15	2.17e-05	1.92e-02	6.41e-01	3.17e-01	2.24e-02	0.00e+00	0.00e+00	2.05e-06	6.14e-06	1.02e-05	6.40e-03	1.28e-02	1.27e-19
