#depth	O	O+	O+2	O+3	O+4	O+5	O+6	O+7	O+8	O[1]	O[2]	O[3]
 1.49634e+10	0.00e+00	2.97e-46	1.55e-35	7.59e-26	5.47e-17	5.33e-09	1.00e+00	1.88e-06	0.00e+00	0.00e+00	0.00e+00	0.00e+00
 4.54887e+10	0.00e+00	0.00e+00	2.13e-35	9.63e-26	6.41e-17	5.78e-09	1.00e+00	1.74e-06	5.63e-16	0.00e+00	0.00e+00	0.00e+00
 7.72350e+10	0.00e+00	6.54e-46	2.92e-35	1.22e-25	7.51e-17	6.25e-09	1.00e+00	1.60e-06	0.00e+00	0.00e+00	0.00e+00	0.00e+00
 1.10251e+11	0.00e+00	0.00e+00	4.00e-35	1.55e-25	8.80e-17	6.77e-09	1.00e+00	1.48e-06	0.00e+00	0.00e+00	0.00e+00	0.00e+00
 1.44588e+11	0.00e+00	1.44e-45	5.49e-35	1.96e-25	1.03e-16	7.32e-09	1.00e+00	1.36e-06	0.00e+00	0.00e+00	0.00e+00	0.00e+00
 1.80298e+11	0.00e+00	0.00e+00	7.53e-35	2.49e-25	1.21e-16	7.93e-09	1.00e+00	1.26e-06	0.00e+00	0.00e+00	0.00e+00	0.00e+00
 2.17437e+11	0.00e+00	3.18e-45	1.03e-34	3.15e-25	1.42e-16	8.59e-09	1.00e+00	1.16e-06	0.00e+00	0.00e+00	0.00e+00	0.00e+00
 2.56061e+11	0.00e+00	0.00e+00	1.42e-34	4.00e-25	1.66e-16	9.30e-09	1.00e+00	1.07e-06	0.00e+00	0.00e+00	0.00e+00	0.00e+00
 2.96231e+11	0.00e+00	7.01e-45	1.95e-34	5.08e-25	1.95e-16	1.01e-08	1.00e+00	9.87e-07	0.00e+00	0.00e+00	0.00e+00	0.00e+00
 3.38007e+11	0.00e+00	0.00e+00	2.68e-34	6.44e-25	2.28e-16	1.09e-08	1.00e+00	0.00e+00	0.00e+00	0.00e+00	0.00e+00	0.00e+00
 3.81454e+11	0.00e+00	1.55e-44	3.68e-34	8.18e-25	2.68e-16	1.18e-08	1.00e+00	0.00e+00	0.00e+00	0.00e+00	0.00e+00	0.00e+00
 4.23571e+11	0.00e+00	0.00e+00	4.94e-34	1.02e-24	3.11e-16	1.27e-08	1.00e+00	0.00e+00	0.00e+00	0.00e+00	0.00e+00	0.00e+00
 4.62221e+11	0.00e+00	3.12e-44	6.43e-34	1.25e-24	3.55e-16	1.36e-08	1.00e+00	0.00e+00	0.00e+00	0.00e+00	0.00e+00	0.00e+00
 5.05190e+11	0.00e+00	0.00e+00	8.54e-34	1.54e-24	4.09e-16	1.46e-08	1.00e+00	0.00e+00	0.00e+00	0.00e+00	0.00e+00	0.00e+00
 5.55030e+11	0.00e+00	6.60e-44	1.17e-33	1.96e-24	4.80e-16	1.58e-08	1.00e+00	0.00e+00	0.00e+00	0.00e+00	0.00e+00	0.00e+00
 6.04304e+11	0.00e+00	0.00e+00	1.58e-33	2.45e-24	5.59e-16	1.71e-08	1.00e+00	0.00e+00	0.00e+00	0.00e+00	0.00e+00	0.00e+00
 6.55549e+11	0.00e+00	1.40e-43	2.14e-33	3.08e-24	6.50e-16	1.84e-08	1.00e+00	0.00e+00	0.00e+00	0.00e+00	0.00e+00	0.00e+00
 7.11698e+11	0.00e+00	0.00e+00	2.95e-33	3.92e-24	7.64e-16	2.00e-08	1.00e+00	0.00e+00	0.00e+00	0.00e+00	0.00e+00	0.00e+00
 7.68499e+11	0.00e+00	3.09e-43	4.03e-33	4.95e-24	8.94e-16	2.16e-08	1.00e+00	0.00e+00	0.00e+00	0.00e+00	0.00e+00	0.00e+00
 8.27572e+11	0.00e+00	0.00e+00	5.51e-33	6.27e-24	1.05e-15	2.34e-08	1.00e+00	0.00e+00	0.00e+00	0.00e+00	0.00e+00	0.00e+00
 8.90602e+11	0.00e+00	6.81e-43	7.59e-33	7.98e-24	1.23e-15	2.54e-08	1.00e+00	0.00e+00	0.00e+00	0.00e+00	0.00e+00	0.00e+00
 9.56153e+11	0.00e+00	0.00e+00	1.05e-32	1.02e-23	1.45e-15	2.75e-08	1.00e+00	0.00e+00	0.00e+00	0.00e+00	0.00e+00	0.00e+00
 1.02433e+12	0.00e+00	1.52e-42	1.44e-32	1.29e-23	1.70e-15	2.99e-08	1.00e+00	0.00e+00	0.00e+00	0.00e+00	0.00e+00	0.00e+00
 1.09523e+12	0.00e+00	0.00e+00	1.99e-32	1.65e-23	2.00e-15	3.24e-08	1.00e+00	0.00e+00	0.00e+00	0.00e+00	0.00e+00	0.00e+00
 1.16896e+12	0.00e+00	3.40e-42	2.75e-32	2.11e-23	2.36e-15	3.52e-08	1.00e+00	0.00e+00	0.00e+00	0.00e+00	0.00e+00	0.00e+00
 1.24565e+12	0.00e+00	0.00e+00	3.80e-32	2.69e-23	2.78e-15	3.82e-08	1.00e+00	0.00e+00	0.00e+00	0.00e+00	0.00e+00	0.00e+00
 1.32540e+12	0.00e+00	7.62e-42	5.25e-32	3.43e-23	3.28e-15	4.15e-08	1.00e+00	0.00e+00	0.00e+00	0.00e+00	0.00e+00	0.00e+00
 1.40038e+12	0.00e+00	0.00e+00	7.04e-32	4.28e-23	3.80e-15	4.47e-08	1.00e+00	0.00e+00	0.00e+00	0.00e+00	0.00e+00	0.00e+00
 1.46744e+12	0.00e+00	1.51e-41	9.08e-32	5.18e-23	4.33e-15	4.78e-08	1.00e+00	0.00e+00	0.00e+00	0.00e+00	0.00e+00	0.00e+00
 1.54271e+12	0.00e+00	0.00e+00	1.20e-31	6.39e-23	4.98e-15	5.13e-08	1.00e+00	0.00e+00	0.00e+00	0.00e+00	0.00e+00	0.00e+00
 1.63193e+12	0.00e+00	3.17e-41	1.65e-31	8.13e-23	5.85e-15	5.56e-08	1.00e+00	0.00e+00	0.00e+00	0.00e+00	0.00e+00	0.00e+00
 1.72159e+12	0.00e+00	0.00e+00	2.24e-31	1.03e-22	6.85e-15	6.02e-08	1.00e+00	0.00e+00	0.00e+00	0.00e+00	0.00e+00	0.00e+00
 1.80574e+12	0.00e+00	6.59e-41	2.96e-31	1.27e-22	7.90e-15	6.47e-08	1.00e+00	0.00e+00	0.00e+00	0.00e+00	0.00e+00	0.00e+00
 1.89879e+12	0.00e+00	0.00e+00	3.99e-31	1.59e-22	9.21e-15	6.99e-08	1.00e+00	0.00e+00	0.00e+00	0.00e+00	0.00e+00	0.00e+00
 2.00466e+12	0.00e+00	1.44e-40	5.54e-31	2.04e-22	1.09e-14	7.61e-08	1.00e+00	0.00e+00	0.00e+00	0.00e+00	0.00e+00	0.00e+00
 2.11032e+12	0.00e+00	0.00e+00	7.60e-31	2.59e-22	1.28e-14	8.26e-08	1.00e+00	0.00e+00	0.00e+00	0.00e+00	0.00e+00	0.00e+00
 2.22020e+12	0.00e+00	3.17e-40	1.04e-30	3.29e-22	1.51e-14	8.97e-08	1.00e+00	0.00e+00	0.00e+00	0.00e+00	0.00e+00	0.00e+00
 2.33893e+12	0.00e+00	0.00e+00	1.45e-30	4.23e-22	1.79e-14	9.77e-08	1.00e+00	0.00e+00	0.00e+00	0.00e+00	0.00e+00	0.00e+00
 2.46242e+12	0.00e+00	7.22e-40	2.02e-30	5.43e-22	2.12e-14	1.07e-07	1.00e+00	0.00e+00	0.00e+00	0.00e+00	0.00e+00	0.00e+00
 2.57888e+12	0.00e+00	0.00e+00	2.73e-30	6.82e-22	2.47e-14	1.15e-07	1.00e+00	0.00e+00	0.00e+00	0.00e+00	0.00e+00	0.00e+00
 2.68372e+12	0.00e+00	1.45e-39	3.54e-30	8.33e-22	2.83e-14	1.23e-07	1.00e+00	0.00e+00	0.00e+00	0.00e+00	0.00e+00	0.00e+00
 2.80180e+12	0.00e+00	0.00e+00	4.72e-30	1.04e-21	3.29e-14	1.33e-07	1.00e+00	0.00e+00	0.00e+00	0.00e+00	0.00e+00	0.00e+00
 2.94088e+12	0.00e+00	3.12e-39	6.54e-30	1.33e-21	3.89e-14	1.45e-07	1.00e+00	0.00e+00	0.00e+00	0.00e+00	0.00e+00	0.00e+00
 3.07984e+12	0.00e+00	0.00e+00	8.95e-30	1.69e-21	4.59e-14	1.58e-07	1.00e+00	0.00e+00	0.00e+00	0.00e+00	0.00e+00	0.00e+00
 3.21073e+12	0.00e+00	6.57e-39	1.19e-29	2.10e-21	5.33e-14	1.70e-07	1.00e+00	0.00e+00	0.00e+00	0.00e+00	0.00e+00	0.00e+00
 3.35544e+12	0.00e+00	0.00e+00	1.62e-29	2.65e-21	6.25e-14	1.85e-07	1.00e+00	0.00e+00	0.00e+00	0.00e+00	0.00e+00	0.00e+00
 3.51959e+12	0.00e+00	1.45e-38	2.26e-29	3.43e-21	7.45e-14	2.02e-07	1.00e+00	0.00e+00	0.00e+00	0.00e+00	0.00e+00	0.00e+00
 3.68192e+12	0.00e+00	0.00e+00	3.11e-29	4.37e-21	8.82e-14	2.21e-07	1.00e+00	0.00e+00	0.00e+00	0.00e+00	0.00e+00	0.00e+00
 3.85074e+12	0.00e+00	3.21e-38	4.28e-29	5.59e-21	1.04e-13	2.41e-07	1.00e+00	0.00e+00	0.00e+00	0.00e+00	0.00e+00	0.00e+00
 4.03470e+12	0.00e+00	0.00e+00	5.98e-29	7.23e-21	1.25e-13	2.64e-07	1.00e+00	0.00e+00	0.00e+00	0.00e+00	0.00e+00	0.00e+00
 4.22041e+12	0.00e+00	7.26e-38	8.29e-29	9.28e-21	1.48e-13	2.88e-07	1.00e+00	0.00e+00	0.00e+00	0.00e+00	0.00e+00	0.00e+00
 4.41356e+12	0.00e+00	0.00e+00	1.15e-28	1.19e-20	1.77e-13	3.15e-07	1.00e+00	0.00e+00	0.00e+00	0.00e+00	0.00e+00	0.00e+00
 4.61275e+12	0.00e+00	1.62e-37	1.59e-28	1.53e-20	2.10e-13	3.45e-07	1.00e+00	0.00e+00	0.00e+00	0.00e+00	0.00e+00	0.00e+00
 4.80839e+12	0.00e+00	0.00e+00	2.16e-28	1.94e-20	2.48e-13	3.76e-07	1.00e+00	0.00e+00	0.00e+00	0.00e+00	0.00e+00	0.00e+00
 5.01914e+12	0.00e+00	3.49e-37	2.96e-28	2.48e-20	2.95e-13	4.11e-07	1.00e+00	0.00e+00	0.00e+00	0.00e+00	0.00e+00	0.00e+00
 5.24983e+12	0.00e+00	0.00e+00	4.14e-28	3.22e-20	3.54e-13	4.52e-07	1.00e+00	0.00e+00	0.00e+00	0.00e+00	0.00e+00	0.00e+00
 5.48975e+12	0.00e+00	7.93e-37	5.77e-28	4.17e-20	4.25e-13	4.98e-07	1.00e+00	0.00e+00	0.00e+00	0.00e+00	0.00e+00	0.00e+00
 5.73927e+12	0.00e+00	0.00e+00	8.05e-28	5.40e-20	5.10e-13	5.48e-07	1.00e+00	0.00e+00	0.00e+00	0.00e+00	0.00e+00	0.00e+00
 5.99877e+12	0.00e+00	1.79e-36	1.12e-27	7.00e-20	6.13e-13	6.04e-07	1.00e+00	0.00e+00	0.00e+00	0.00e+00	0.00e+00	0.00e+00
 6.23343e+12	7.84e-46	2.54e-36	1.50e-27	8.77e-20	7.20e-13	6.57e-07	1.00e+00	0.00e+00	0.00e+00	0.00e+00	0.00e+00	0.00e+00
 6.42889e+12	0.00e+00	0.00e+00	1.89e-27	1.05e-19	8.20e-13	7.04e-07	1.00e+00	0.00e+00	0.00e+00	0.00e+00	0.00e+00	0.00e+00
 6.64298e+12	0.00e+00	4.55e-36	2.41e-27	1.28e-19	9.42e-13	7.57e-07	1.00e+00	0.00e+00	0.00e+00	0.00e+00	0.00e+00	0.00e+00
 6.91423e+12	2.43e-45	6.55e-36	3.26e-27	1.62e-19	1.12e-12	8.29e-07	1.00e+00	0.00e+00	0.00e+00	0.00e+00	0.00e+00	0.00e+00
 7.19728e+12	0.00e+00	0.00e+00	4.40e-27	2.05e-19	1.32e-12	9.09e-07	1.00e+00	0.00e+00	0.00e+00	0.00e+00	0.00e+00	0.00e+00
 7.43745e+12	0.00e+00	1.27e-35	5.62e-27	2.49e-19	1.52e-12	9.79e-07	1.00e+00	0.00e+00	0.00e+00	0.00e+00	0.00e+00	0.00e+00
 7.68436e+12	7.56e-45	1.70e-35	7.17e-27	3.02e-19	1.75e-12	1.06e-06	1.00e+00	0.00e+00	0.00e+00	0.00e+00	0.00e+00	0.00e+00
 7.99537e+12	0.00e+00	0.00e+00	9.62e-27	3.81e-19	2.08e-12	1.16e-06	1.00e+00	0.00e+00	0.00e+00	0.00e+00	0.00e+00	0.00e+00
 8.31139e+12	0.00e+00	3.43e-35	1.28e-26	4.80e-19	2.45e-12	1.27e-06	1.00e+00	0.00e+00	0.00e+00	0.00e+00	0.00e+00	0.00e+00
 8.58233e+12	2.44e-44	4.56e-35	1.63e-26	5.79e-19	2.81e-12	1.36e-06	1.00e+00	0.00e+00	0.00e+00	0.00e+00	0.00e+00	0.00e+00
 8.87296e+12	0.00e+00	6.12e-35	2.08e-26	7.05e-19	3.25e-12	1.47e-06	1.00e+00	0.00e+00	0.00e+00	0.00e+00	0.00e+00	0.00e+00
 9.23293e+12	5.21e-44	8.67e-35	2.78e-26	8.90e-19	3.85e-12	1.62e-06	1.00e+00	0.00e+00	0.00e+00	0.00e+00	0.00e+00	0.00e+00
 9.60215e+12	0.00e+00	1.22e-34	3.70e-26	1.12e-18	4.56e-12	1.77e-06	1.00e+00	0.00e+00	0.00e+00	0.00e+00	0.00e+00	0.00e+00
 9.93432e+12	1.10e-43	1.64e-34	4.73e-26	1.37e-18	5.27e-12	1.92e-06	1.00e+00	0.00e+00	0.00e+00	0.00e+00	0.00e+00	0.00e+00
 1.02993e+13	0.00e+00	2.24e-34	6.15e-26	1.69e-18	6.14e-12	2.09e-06	1.00e+00	0.00e+00	0.00e+00	0.00e+00	0.00e+00	0.00e+00
 1.07306e+13	2.41e-43	3.18e-34	8.26e-26	2.14e-18	7.31e-12	2.30e-06	1.00e+00	0.00e+00	0.00e+00	0.00e+00	0.00e+00	0.00e+00
 1.11628e+13	0.00e+00	4.45e-34	1.10e-25	2.69e-18	8.65e-12	2.53e-06	1.00e+00	0.00e+00	0.00e+00	0.00e+00	0.00e+00	0.00e+00
 1.15725e+13	5.11e-43	6.04e-34	1.42e-25	3.32e-18	1.01e-11	2.75e-06	1.00e+00	0.00e+00	0.00e+00	0.00e+00	0.00e+00	0.00e+00
 1.20255e+13	0.00e+00	8.35e-34	1.86e-25	4.14e-18	1.18e-11	3.01e-06	1.00e+00	0.00e+00	0.00e+00	0.00e+00	0.00e+00	0.00e+00
 1.25364e+13	1.13e-42	1.18e-33	2.51e-25	5.26e-18	1.41e-11	3.31e-06	1.00e+00	0.00e+00	0.00e+00	0.00e+00	0.00e+00	0.00e+00
 1.30464e+13	0.00e+00	1.65e-33	3.32e-25	6.62e-18	1.67e-11	3.64e-06	1.00e+00	0.00e+00	0.00e+00	0.00e+00	0.00e+00	0.00e+00
 1.34970e+13	2.31e-42	2.19e-33	4.22e-25	8.04e-18	1.92e-11	3.94e-06	1.00e+00	0.00e+00	0.00e+00	0.00e+00	0.00e+00	0.00e+00
 1.38749e+13	0.00e+00	2.76e-33	5.13e-25	9.42e-18	2.15e-11	4.20e-06	1.00e+00	0.00e+00	0.00e+00	0.00e+00	0.00e+00	0.00e+00
 1.42815e+13	4.01e-42	3.51e-33	6.29e-25	1.11e-17	2.43e-11	4.49e-06	1.00e+00	0.00e+00	0.00e+00	0.00e+00	0.00e+00	0.00e+00
 1.48101e+13	0.00e+00	4.75e-33	8.13e-25	1.37e-17	2.82e-11	4.88e-06	1.00e+00	0.00e+00	0.00e+00	0.00e+00	0.00e+00	0.00e+00
 1.53631e+13	8.09e-42	6.42e-33	1.05e-24	1.69e-17	3.28e-11	5.31e-06	1.00e+00	0.00e+00	0.00e+00	0.00e+00	0.00e+00	0.00e+00
 1.58347e+13	0.00e+00	8.24e-33	1.30e-24	2.01e-17	3.72e-11	5.70e-06	1.00e+00	0.00e+00	0.00e+00	0.00e+00	0.00e+00	0.00e+00
 1.63346e+13	1.46e-41	1.07e-32	1.62e-24	2.40e-17	4.22e-11	6.12e-06	1.00e+00	0.00e+00	0.00e+00	0.00e+00	0.00e+00	0.00e+00
 1.69646e+13	0.00e+00	1.46e-32	2.11e-24	2.97e-17	4.93e-11	6.67e-06	1.00e+00	0.00e+00	0.00e+00	0.00e+00	0.00e+00	0.00e+00
 1.76134e+13	3.00e-41	1.98e-32	2.74e-24	3.69e-17	5.74e-11	7.28e-06	1.00e+00	0.00e+00	0.00e+00	0.00e+00	0.00e+00	0.00e+00
 1.81836e+13	0.00e+00	2.58e-32	3.43e-24	4.42e-17	6.54e-11	7.83e-06	1.00e+00	0.00e+00	0.00e+00	0.00e+00	0.00e+00	0.00e+00
 1.88015e+13	5.59e-41	3.40e-32	4.34e-24	5.35e-17	7.49e-11	8.45e-06	1.00e+00	0.00e+00	0.00e+00	0.00e+00	0.00e+00	0.00e+00
 1.94853e+13	0.00e+00	4.55e-32	5.58e-24	6.56e-17	8.66e-11	9.17e-06	1.00e+00	0.00e+00	0.00e+00	0.00e+00	0.00e+00	0.00e+00
 2.01179e+13	1.06e-40	5.92e-32	6.98e-24	7.88e-17	9.85e-11	9.86e-06	1.00e+00	0.00e+00	0.00e+00	0.00e+00	0.00e+00	0.00e+00
 2.08033e+13	0.00e+00	7.81e-32	8.84e-24	9.54e-17	1.13e-10	1.06e-05	1.00e+00	0.00e+00	0.00e+00	0.00e+00	0.00e+00	0.00e+00
 2.15663e+13	2.06e-40	1.05e-31	1.14e-23	1.17e-16	1.30e-10	1.15e-05	1.00e+00	0.00e+00	0.00e+00	0.00e+00	0.00e+00	0.00e+00
 2.22790e+13	0.00e+00	1.38e-31	1.43e-23	1.41e-16	1.49e-10	1.24e-05	1.00e+00	0.00e+00	0.00e+00	0.00e+00	0.00e+00	0.00e+00
 2.30544e+13	3.91e-40	1.83e-31	1.82e-23	1.72e-16	1.70e-10	1.34e-05	1.00e+00	0.00e+00	0.00e+00	0.00e+00	0.00e+00	0.00e+00
 2.39167e+13	0.00e+00	2.47e-31	2.36e-23	2.12e-16	1.97e-10	1.46e-05	1.00e+00	0.00e+00	0.00e+00	0.00e+00	0.00e+00	0.00e+00
 2.47224e+13	7.63e-40	3.26e-31	2.99e-23	2.56e-16	2.25e-10	1.57e-05	1.00e+00	0.00e+00	0.00e+00	0.00e+00	0.00e+00	0.00e+00
 2.56004e+13	0.00e+00	4.37e-31	3.84e-23	3.13e-16	2.59e-10	1.70e-05	1.00e+00	0.00e+00	0.00e+00	0.00e+00	0.00e+00	0.00e+00
 2.65812e+13	1.53e-39	5.97e-31	5.01e-23	3.89e-16	3.01e-10	1.85e-05	1.00e+00	0.00e+00	0.00e+00	0.00e+00	0.00e+00	0.00e+00
 2.75050e+13	0.00e+00	7.96e-31	6.40e-23	4.73e-16	3.45e-10	2.00e-05	1.00e+00	0.00e+00	0.00e+00	0.00e+00	0.00e+00	0.00e+00
 2.85150e+13	3.04e-39	1.08e-30	8.29e-23	5.83e-16	3.98e-10	2.16e-05	1.00e+00	0.00e+00	0.00e+00	0.00e+00	0.00e+00	0.00e+00
 2.96462e+13	0.00e+00	1.50e-30	1.10e-22	7.29e-16	4.65e-10	2.36e-05	1.00e+00	0.00e+00	0.00e+00	0.00e+00	0.00e+00	0.00e+00
 3.07180e+13	6.29e-39	2.03e-30	1.42e-22	8.96e-16	5.35e-10	2.55e-05	1.00e+00	0.00e+00	0.00e+00	0.00e+00	0.00e+00	0.00e+00
 3.18692e+13	0.00e+00	2.79e-30	1.85e-22	1.11e-15	6.19e-10	2.76e-05	1.00e+00	0.00e+00	0.00e+00	0.00e+00	0.00e+00	0.00e+00
 3.31739e+13	1.35e-38	3.93e-30	2.48e-22	1.40e-15	7.25e-10	3.02e-05	1.00e+00	0.00e+00	0.00e+00	0.00e+00	0.00e+00	0.00e+00
 3.44620e+13	0.00e+00	5.47e-30	3.27e-22	1.74e-15	8.43e-10	3.28e-05	1.00e+00	0.00e+00	0.00e+00	0.00e+00	0.00e+00	0.00e+00
 3.58016e+13	2.90e-38	7.62e-30	4.33e-22	2.18e-15	9.80e-10	3.57e-05	1.00e+00	0.00e+00	0.00e+00	0.00e+00	0.00e+00	0.00e+00
 3.72636e+13	0.00e+00	1.08e-29	5.80e-22	2.75e-15	1.15e-09	3.89e-05	1.00e+00	0.00e+00	0.00e+00	0.00e+00	0.00e+00	0.00e+00
 3.87841e+13	6.58e-38	1.54e-29	7.82e-22	3.47e-15	1.34e-09	4.24e-05	1.00e+00	0.00e+00	0.00e+00	0.00e+00	0.00e+00	0.00e+00
 4.02215e+13	0.00e+00	2.13e-29	1.02e-21	4.29e-15	1.55e-09	4.59e-05	1.00e+00	0.00e+00	0.00e+00	0.00e+00	0.00e+00	0.00e+00
 4.15112e+13	1.32e-37	2.82e-29	1.29e-21	5.16e-15	1.76e-09	4.91e-05	1.00e+00	0.00e+00	0.00e+00	0.00e+00	0.00e+00	0.00e+00
 4.27150e+13	0.00e+00	3.65e-29	1.60e-21	6.09e-15	1.97e-09	5.22e-05	1.00e+00	0.00e+00	0.00e+00	0.00e+00	0.00e+00	0.00e+00
 4.40405e+13	2.46e-37	4.81e-29	2.02e-21	7.29e-15	2.22e-09	5.57e-05	1.00e+00	0.00e+00	0.00e+00	0.00e+00	0.00e+00	0.00e+00
 4.55329e+13	0.00e+00	6.52e-29	2.59e-21	8.86e-15	2.53e-09	5.97e-05	1.00e+00	0.00e+00	0.00e+00	0.00e+00	0.00e+00	0.00e+00
 4.69600e+13	4.88e-37	8.62e-29	3.27e-21	1.06e-14	2.86e-09	6.38e-05	1.00e+00	0.00e+00	0.00e+00	0.00e+00	0.00e+00	0.00e+00
 4.85327e+13	0.00e+00	1.17e-28	4.20e-21	1.29e-14	3.26e-09	6.84e-05	1.00e+00	0.00e+00	0.00e+00	0.00e+00	0.00e+00	0.00e+00
 5.02825e+13	1.01e-36	1.61e-28	5.49e-21	1.59e-14	3.74e-09	7.37e-05	1.00e+00	0.00e+00	0.00e+00	0.00e+00	0.00e+00	0.00e+00
 5.18956e+13	0.00e+00	2.16e-28	6.98e-21	1.91e-14	4.24e-09	7.87e-05	1.00e+00	0.00e+00	0.00e+00	0.00e+00	0.00e+00	0.00e+00
 5.33971e+13	1.94e-36	2.81e-28	8.68e-21	2.26e-14	4.74e-09	8.35e-05	1.00e+00	0.00e+00	0.00e+00	0.00e+00	0.00e+00	0.00e+00
 5.51206e+13	0.00e+00	3.79e-28	1.11e-20	2.72e-14	5.38e-09	8.92e-05	1.00e+00	0.00e+00	0.00e+00	0.00e+00	0.00e+00	0.00e+00
 5.72316e+13	4.20e-36	5.40e-28	1.48e-20	3.40e-14	6.24e-09	9.64e-05	1.00e+00	0.00e+00	0.00e+00	0.00e+00	0.00e+00	0.00e+00
 5.93354e+13	0.00e+00	7.54e-28	1.95e-20	4.20e-14	7.19e-09	1.04e-04	1.00e+00	0.00e+00	0.00e+00	0.00e+00	0.00e+00	0.00e+00
 6.11588e+13	8.73e-36	1.01e-27	2.47e-20	5.03e-14	8.11e-09	1.11e-04	1.00e+00	0.00e+00	0.00e+00	0.00e+00	0.00e+00	0.00e+00
 6.31285e+13	0.00e+00	1.36e-27	3.15e-20	6.06e-14	9.19e-09	1.18e-04	1.00e+00	0.00e+00	0.00e+00	0.00e+00	0.00e+00	0.00e+00
 6.55415e+13	1.92e-35	1.96e-27	4.23e-20	7.57e-14	1.07e-08	1.27e-04	1.00e+00	0.00e+00	0.00e+00	0.00e+00	0.00e+00	0.00e+00
 6.80050e+13	0.00e+00	2.76e-27	5.62e-20	9.41e-14	1.23e-08	1.37e-04	1.00e+00	0.00e+00	0.00e+00	0.00e+00	0.00e+00	0.00e+00
 7.02225e+13	4.19e-35	3.77e-27	7.22e-20	1.14e-13	1.40e-08	1.47e-04	1.00e+00	0.00e+00	0.00e+00	0.00e+00	0.00e+00	0.00e+00
 7.26465e+13	6.20e-35	5.25e-27	9.43e-20	1.39e-13	1.60e-08	1.57e-04	1.00e+00	0.00e+00	0.00e+00	0.00e+00	0.00e+00	0.00e+00
 7.55118e+13	9.75e-35	7.66e-27	1.28e-19	1.75e-13	1.86e-08	1.69e-04	1.00e+00	0.00e+00	0.00e+00	0.00e+00	0.00e+00	0.00e+00
 7.83759e+13	1.49e-34	1.09e-26	1.71e-19	2.18e-13	2.16e-08	1.83e-04	1.00e+00	0.00e+00	0.00e+00	0.00e+00	0.00e+00	0.00e+00
 8.10580e+13	2.21e-34	1.52e-26	2.23e-19	2.66e-13	2.47e-08	1.95e-04	1.00e+00	0.00e+00	0.00e+00	0.00e+00	0.00e+00	0.00e+00
 8.40338e+13	3.40e-34	2.18e-26	2.97e-19	3.30e-13	2.85e-08	2.10e-04	1.00e+00	0.00e+00	0.00e+00	0.00e+00	0.00e+00	0.00e+00
 8.74251e+13	5.33e-34	3.18e-26	4.04e-19	4.17e-13	3.33e-08	2.27e-04	1.00e+00	0.00e+00	0.00e+00	0.00e+00	0.00e+00	0.00e+00
 9.07925e+13	8.39e-34	4.64e-26	5.46e-19	5.23e-13	3.87e-08	2.45e-04	1.00e+00	0.00e+00	0.00e+00	0.00e+00	0.00e+00	0.00e+00
 9.42945e+13	1.32e-33	6.77e-26	7.38e-19	6.55e-13	4.49e-08	2.64e-04	1.00e+00	0.00e+00	0.00e+00	0.00e+00	0.00e+00	0.00e+00
 9.80962e+13	2.11e-33	1.00e-25	1.01e-18	8.28e-13	5.25e-08	2.85e-04	1.00e+00	0.00e+00	0.00e+00	0.00e+00	0.00e+00	0.00e+00
 1.02050e+14	3.34e-33	1.47e-25	1.38e-18	1.05e-12	6.14e-08	3.08e-04	1.00e+00	0.00e+00	0.00e+00	0.00e+00	0.00e+00	0.00e+00
 1.06162e+14	5.37e-33	2.18e-25	1.89e-18	1.32e-12	7.18e-08	3.33e-04	1.00e+00	0.00e+00	0.00e+00	0.00e+00	0.00e+00	0.00e+00
 1.10153e+14	8.37e-33	3.15e-25	2.54e-18	1.65e-12	8.32e-08	3.58e-04	1.00e+00	0.00e+00	0.00e+00	0.00e+00	0.00e+00	0.00e+00
 1.13913e+14	1.25e-32	4.40e-25	3.32e-18	2.02e-12	9.50e-08	3.83e-04	1.00e+00	0.00e+00	0.00e+00	0.00e+00	0.00e+00	0.00e+00
 1.17455e+14	1.78e-32	5.92e-25	4.22e-18	2.42e-12	1.07e-07	4.07e-04	1.00e+00	0.00e+00	0.00e+00	0.00e+00	0.00e+00	0.00e+00
 1.21309e+14	2.63e-32	8.18e-25	5.47e-18	2.93e-12	1.22e-07	4.33e-04	1.00e+00	0.00e+00	0.00e+00	0.00e+00	0.00e+00	0.00e+00
 1.25629e+14	4.01e-32	1.16e-24	7.23e-18	3.61e-12	1.40e-07	4.64e-04	1.00e+00	0.00e+00	0.00e+00	0.00e+00	0.00e+00	0.00e+00
 1.29723e+14	5.85e-32	1.60e-24	9.33e-18	4.37e-12	1.59e-07	4.94e-04	1.00e+00	0.00e+00	0.00e+00	0.00e+00	0.00e+00	0.00e+00
 1.34214e+14	8.70e-32	2.22e-24	1.22e-17	5.35e-12	1.82e-07	5.28e-04	9.99e-01	0.00e+00	0.00e+00	0.00e+00	0.00e+00	0.00e+00
 1.39229e+14	1.35e-31	3.20e-24	1.64e-17	6.66e-12	2.11e-07	5.68e-04	9.99e-01	0.00e+00	0.00e+00	0.00e+00	0.00e+00	0.00e+00
 1.43998e+14	2.02e-31	4.48e-24	2.14e-17	8.14e-12	2.41e-07	6.07e-04	9.99e-01	0.00e+00	0.00e+00	0.00e+00	0.00e+00	0.00e+00
 1.49230e+14	3.08e-31	6.37e-24	2.85e-17	1.01e-11	2.77e-07	6.51e-04	9.99e-01	0.00e+00	0.00e+00	0.00e+00	0.00e+00	0.00e+00
 1.55102e+14	4.78e-31	9.23e-24	3.86e-17	1.27e-11	3.23e-07	7.03e-04	9.99e-01	0.00e+00	0.00e+00	0.00e+00	0.00e+00	0.00e+00
 1.60770e+14	7.39e-31	1.33e-23	5.14e-17	1.57e-11	3.73e-07	7.55e-04	9.99e-01	0.00e+00	0.00e+00	0.00e+00	0.00e+00	0.00e+00
 1.66791e+14	1.11e-30	1.88e-23	6.86e-17	1.95e-11	4.31e-07	8.13e-04	9.99e-01	0.00e+00	0.00e+00	0.00e+00	0.00e+00	0.00e+00
 1.72953e+14	1.71e-30	2.69e-23	9.17e-17	2.42e-11	4.98e-07	8.73e-04	9.99e-01	0.00e+00	0.00e+00	0.00e+00	0.00e+00	0.00e+00
 1.78404e+14	2.45e-30	3.63e-23	1.17e-16	2.92e-11	5.63e-07	9.29e-04	9.99e-01	0.00e+00	0.00e+00	0.00e+00	0.00e+00	0.00e+00
 1.84327e+14	3.63e-30	5.03e-23	1.52e-16	3.54e-11	6.41e-07	9.91e-04	9.99e-01	0.00e+00	0.00e+00	0.00e+00	0.00e+00	0.00e+00
 1.91443e+14	5.56e-30	7.22e-23	2.05e-16	4.44e-11	7.45e-07	1.07e-03	9.99e-01	0.00e+00	0.00e+00	0.00e+00	0.00e+00	0.00e+00
 1.98483e+14	8.43e-30	1.03e-22	2.73e-16	5.50e-11	8.60e-07	1.15e-03	9.99e-01	0.00e+00	0.00e+00	0.00e+00	0.00e+00	0.00e+00
 2.04764e+14	1.20e-29	1.39e-22	3.49e-16	6.63e-11	9.73e-07	1.22e-03	9.99e-01	0.00e+00	0.00e+00	0.00e+00	0.00e+00	0.00e+00
 2.11687e+14	1.79e-29	1.93e-22	4.55e-16	8.08e-11	1.11e-06	1.31e-03	9.99e-01	0.00e+00	0.00e+00	0.00e+00	0.00e+00	0.00e+00
 2.19927e+14	2.74e-29	2.76e-22	6.15e-16	1.01e-10	1.29e-06	1.41e-03	9.99e-01	0.00e+00	0.00e+00	0.00e+00	0.00e+00	0.00e+00
 2.28074e+14	4.13e-29	3.92e-22	8.19e-16	1.26e-10	1.49e-06	1.52e-03	9.98e-01	0.00e+00	0.00e+00	0.00e+00	0.00e+00	0.00e+00
 2.35493e+14	6.05e-29	5.38e-22	1.06e-15	1.53e-10	1.70e-06	1.62e-03	9.98e-01	0.00e+00	0.00e+00	0.00e+00	0.00e+00	0.00e+00
 2.43772e+14	8.79e-29	7.42e-22	1.39e-15	1.87e-10	1.95e-06	1.74e-03	9.98e-01	0.00e+00	0.00e+00	0.00e+00	0.00e+00	0.00e+00
 2.53435e+14	1.40e-28	1.09e-21	1.89e-15	2.36e-10	2.27e-06	1.88e-03	9.98e-01	0.00e+00	0.00e+00	0.00e+00	0.00e+00	0.00e+00
 2.62966e+14	2.08e-28	1.54e-21	2.52e-15	2.94e-10	2.63e-06	2.03e-03	9.98e-01	0.00e+00	0.00e+00	0.00e+00	0.00e+00	0.00e+00
 2.71930e+14	3.04e-28	2.12e-21	3.29e-15	3.60e-10	3.00e-06	2.17e-03	9.98e-01	0.00e+00	0.00e+00	0.00e+00	0.00e+00	0.00e+00
 2.81889e+14	4.55e-28	2.98e-21	4.37e-15	4.46e-10	3.47e-06	2.33e-03	9.98e-01	0.00e+00	0.00e+00	0.00e+00	0.00e+00	0.00e+00
 2.93195e+14	7.10e-28	4.35e-21	5.97e-15	5.63e-10	4.05e-06	2.52e-03	9.97e-01	0.00e+00	0.00e+00	0.00e+00	0.00e+00	0.00e+00
 3.04478e+14	1.11e-27	6.30e-21	8.05e-15	7.06e-10	4.71e-06	2.72e-03	9.97e-01	0.00e+00	0.00e+00	0.00e+00	0.00e+00	0.00e+00
 3.15029e+14	1.59e-27	8.61e-21	1.05e-14	8.64e-10	5.39e-06	2.91e-03	9.97e-01	0.00e+00	0.00e+00	0.00e+00	0.00e+00	0.00e+00
 3.26477e+14	2.41e-27	1.22e-20	1.40e-14	1.07e-09	6.21e-06	3.13e-03	9.97e-01	0.00e+00	0.00e+00	0.00e+00	0.00e+00	0.00e+00
 3.39301e+14	3.62e-27	1.74e-20	1.89e-14	1.35e-09	7.24e-06	3.38e-03	9.97e-01	0.00e+00	0.00e+00	0.00e+00	0.00e+00	0.00e+00
 3.51249e+14	5.36e-27	2.42e-20	2.49e-14	1.65e-09	8.31e-06	3.63e-03	9.96e-01	0.00e+00	0.00e+00	0.00e+00	0.00e+00	0.00e+00
 3.62268e+14	7.65e-27	3.26e-20	3.17e-14	1.99e-09	9.39e-06	3.86e-03	9.96e-01	0.00e+00	0.00e+00	0.00e+00	0.00e+00	0.00e+00
 3.72871e+14	1.05e-26	4.28e-20	3.99e-14	2.36e-09	1.05e-05	4.09e-03	9.96e-01	0.00e+00	0.00e+00	0.00e+00	0.00e+00	0.00e+00
 3.84656e+14	1.46e-26	5.68e-20	5.09e-14	2.84e-09	1.19e-05	4.36e-03	9.96e-01	0.00e+00	0.00e+00	0.00e+00	0.00e+00	0.00e+00
 3.97660e+14	2.15e-26	7.87e-20	6.63e-14	3.46e-09	1.36e-05	4.66e-03	9.95e-01	0.00e+00	0.00e+00	0.00e+00	0.00e+00	0.00e+00
 4.09755e+14	2.92e-26	1.03e-19	8.38e-14	4.14e-09	1.53e-05	4.95e-03	9.95e-01	0.00e+00	0.00e+00	0.00e+00	0.00e+00	0.00e+00
 4.22987e+14	4.17e-26	1.39e-19	1.08e-13	5.00e-09	1.74e-05	5.28e-03	9.95e-01	0.00e+00	0.00e+00	0.00e+00	0.00e+00	0.00e+00
 4.37855e+14	6.19e-26	1.94e-19	1.42e-13	6.15e-09	1.99e-05	5.65e-03	9.94e-01	0.00e+00	0.00e+00	0.00e+00	0.00e+00	0.00e+00
 4.52037e+14	8.58e-26	2.58e-19	1.82e-13	7.44e-09	2.26e-05	6.03e-03	9.94e-01	0.00e+00	0.00e+00	0.00e+00	0.00e+00	0.00e+00
 4.67662e+14	1.27e-25	3.60e-19	2.38e-13	9.11e-09	2.59e-05	6.46e-03	9.94e-01	0.00e+00	0.00e+00	0.00e+00	0.00e+00	0.00e+00
 4.84911e+14	1.83e-25	4.95e-19	3.16e-13	1.13e-08	2.99e-05	6.96e-03	9.93e-01	0.00e+00	0.00e+00	0.00e+00	0.00e+00	0.00e+00
 5.00770e+14	2.63e-25	6.73e-19	4.08e-13	1.37e-08	3.40e-05	7.42e-03	9.93e-01	0.00e+00	0.00e+00	0.00e+00	0.00e+00	0.00e+00
 5.17885e+14	3.84e-25	9.28e-19	5.32e-13	1.67e-08	3.88e-05	7.94e-03	9.92e-01	0.00e+00	0.00e+00	0.00e+00	0.00e+00	0.00e+00
 5.37054e+14	5.54e-25	1.28e-18	7.07e-13	2.07e-08	4.48e-05	8.55e-03	9.91e-01	0.00e+00	0.00e+00	0.00e+00	0.00e+00	0.00e+00
 5.55090e+14	8.10e-25	1.76e-18	9.18e-13	2.52e-08	5.11e-05	9.13e-03	9.91e-01	0.00e+00	0.00e+00	0.00e+00	0.00e+00	0.00e+00
 5.74734e+14	1.14e-24	2.39e-18	1.20e-12	3.10e-08	5.86e-05	9.80e-03	9.90e-01	0.00e+00	0.00e+00	0.00e+00	0.00e+00	0.00e+00
 5.96515e+14	1.75e-24	3.43e-18	1.62e-12	3.87e-08	6.79e-05	1.06e-02	9.89e-01	0.00e+00	0.00e+00	0.00e+00	0.00e+00	0.00e+00
 6.16870e+14	2.45e-24	4.60e-18	2.10e-12	4.73e-08	7.76e-05	1.13e-02	9.89e-01	0.00e+00	0.00e+00	0.00e+00	0.00e+00	0.00e+00
 6.39092e+14	3.58e-24	6.39e-18	2.77e-12	5.83e-08	8.92e-05	1.22e-02	9.88e-01	0.00e+00	0.00e+00	0.00e+00	0.00e+00	0.00e+00
 6.63898e+14	5.27e-24	8.97e-18	3.73e-12	7.32e-08	1.04e-04	1.31e-02	9.87e-01	0.00e+00	0.00e+00	0.00e+00	0.00e+00	0.00e+00
 6.87250e+14	7.67e-24	1.24e-17	4.89e-12	8.98e-08	1.19e-04	1.41e-02	9.86e-01	0.00e+00	0.00e+00	0.00e+00	0.00e+00	0.00e+00
 7.12325e+14	1.10e-23	1.70e-17	6.46e-12	1.11e-07	1.37e-04	1.52e-02	9.85e-01	0.00e+00	0.00e+00	0.00e+00	0.00e+00	0.00e+00
 7.40848e+14	1.69e-23	2.46e-17	8.78e-12	1.40e-07	1.60e-04	1.64e-02	9.83e-01	0.00e+00	0.00e+00	0.00e+00	0.00e+00	0.00e+00
 7.68824e+14	2.41e-23	3.38e-17	1.17e-11	1.75e-07	1.85e-04	1.78e-02	9.82e-01	0.00e+00	0.00e+00	0.00e+00	0.00e+00	0.00e+00
 7.95523e+14	3.47e-23	4.63e-17	1.52e-11	2.14e-07	2.12e-04	1.90e-02	9.81e-01	0.00e+00	0.00e+00	0.00e+00	0.00e+00	0.00e+00
 8.24977e+14	4.95e-23	6.36e-17	2.02e-11	2.65e-07	2.44e-04	2.05e-02	9.79e-01	0.00e+00	0.00e+00	0.00e+00	0.00e+00	0.00e+00
 8.58006e+14	7.52e-23	9.13e-17	2.74e-11	3.35e-07	2.85e-04	2.22e-02	9.77e-01	0.00e+00	0.00e+00	0.00e+00	0.00e+00	0.00e+00
 8.86089e+14	1.02e-22	1.20e-16	3.51e-11	4.05e-07	3.23e-04	2.38e-02	9.76e-01	0.00e+00	0.00e+00	0.00e+00	0.00e+00	0.00e+00
 9.06679e+14	1.28e-22	1.47e-16	4.19e-11	4.64e-07	3.54e-04	2.50e-02	9.75e-01	0.00e+00	0.00e+00	0.00e+00	0.00e+00	0.00e+00
 9.28172e+14	1.63e-22	1.82e-16	5.02e-11	5.33e-07	3.88e-04	2.62e-02	9.73e-01	0.00e+00	0.00e+00	0.00e+00	0.00e+00	0.00e+00
 9.56114e+14	2.17e-22	2.35e-16	6.31e-11	6.35e-07	4.36e-04	2.79e-02	9.72e-01	0.00e+00	0.00e+00	0.00e+00	0.00e+00	0.00e+00
 9.86941e+14	2.95e-22	3.10e-16	8.05e-11	7.66e-07	4.93e-04	2.98e-02	9.70e-01	0.00e+00	0.00e+00	0.00e+00	0.00e+00	0.00e+00
 1.01551e+15	3.95e-22	4.00e-16	1.00e-10	9.07e-07	5.51e-04	3.16e-02	9.68e-01	0.00e+00	0.00e+00	0.00e+00	0.00e+00	0.00e+00
 1.04665e+15	5.22e-22	5.18e-16	1.26e-10	1.08e-06	6.20e-04	3.37e-02	9.66e-01	0.00e+00	0.00e+00	0.00e+00	0.00e+00	0.00e+00
 1.08150e+15	7.27e-22	6.94e-16	1.63e-10	1.32e-06	7.05e-04	3.61e-02	9.63e-01	0.00e+00	0.00e+00	0.00e+00	0.00e+00	0.00e+00
 1.11470e+15	9.64e-22	8.98e-16	2.05e-10	1.57e-06	7.93e-04	3.85e-02	9.61e-01	0.00e+00	0.00e+00	0.00e+00	0.00e+00	0.00e+00
 1.15136e+15	1.33e-21	1.20e-15	2.63e-10	1.90e-06	8.99e-04	4.12e-02	9.58e-01	0.00e+00	0.00e+00	0.00e+00	0.00e+00	0.00e+00
 1.19231e+15	1.84e-21	1.62e-15	3.43e-10	2.34e-06	1.03e-03	4.44e-02	9.55e-01	0.00e+00	0.00e+00	0.00e+00	0.00e+00	0.00e+00
 1.23082e+15	2.52e-21	2.14e-15	4.38e-10	2.82e-06	1.16e-03	4.74e-02	9.51e-01	0.00e+00	0.00e+00	0.00e+00	0.00e+00	0.00e+00
 1.27288e+15	3.47e-21	2.87e-15	5.66e-10	3.44e-06	1.33e-03	5.10e-02	9.48e-01	0.00e+00	0.00e+00	0.00e+00	0.00e+00	0.00e+00
 1.31957e+15	4.88e-21	3.92e-15	7.46e-10	4.25e-06	1.52e-03	5.49e-02	9.44e-01	0.00e+00	0.00e+00	0.00e+00	0.00e+00	0.00e+00
 1.36300e+15	6.66e-21	5.21e-15	9.57e-10	5.15e-06	1.73e-03	5.89e-02	9.39e-01	0.00e+00	0.00e+00	0.00e+00	0.00e+00	0.00e+00
 1.41017e+15	9.21e-21	7.01e-15	1.24e-09	6.29e-06	1.97e-03	6.32e-02	9.35e-01	0.00e+00	0.00e+00	0.00e+00	0.00e+00	0.00e+00
 1.46274e+15	1.31e-20	9.70e-15	1.65e-09	7.81e-06	2.26e-03	6.84e-02	9.29e-01	0.00e+00	0.00e+00	0.00e+00	0.00e+00	0.00e+00
 1.51170e+15	1.79e-20	1.29e-14	2.12e-09	9.47e-06	2.57e-03	7.31e-02	9.24e-01	0.00e+00	0.00e+00	0.00e+00	0.00e+00	0.00e+00
 1.56474e+15	2.52e-20	1.76e-14	2.76e-09	1.16e-05	2.93e-03	7.87e-02	9.18e-01	0.00e+00	0.00e+00	0.00e+00	0.00e+00	0.00e+00
 1.62388e+15	3.62e-20	2.45e-14	3.68e-09	1.44e-05	3.37e-03	8.50e-02	9.12e-01	0.00e+00	0.00e+00	0.00e+00	0.00e+00	0.00e+00
 1.67947e+15	5.02e-20	3.31e-14	4.76e-09	1.75e-05	3.83e-03	9.10e-02	9.05e-01	0.00e+00	0.00e+00	0.00e+00	0.00e+00	0.00e+00
 1.74003e+15	7.11e-20	4.56e-14	6.26e-09	2.16e-05	4.37e-03	9.79e-02	8.98e-01	0.00e+00	0.00e+00	0.00e+00	0.00e+00	0.00e+00
 1.80764e+15	1.04e-19	6.43e-14	8.40e-09	2.70e-05	5.05e-03	1.06e-01	8.89e-01	0.00e+00	0.00e+00	0.00e+00	0.00e+00	0.00e+00
 1.87169e+15	1.44e-19	8.74e-14	1.10e-08	3.30e-05	5.75e-03	1.13e-01	8.81e-01	0.00e+00	0.00e+00	0.00e+00	0.00e+00	0.00e+00
 1.94033e+15	2.10e-19	1.23e-13	1.45e-08	4.07e-05	6.58e-03	1.22e-01	8.72e-01	0.00e+00	0.00e+00	0.00e+00	0.00e+00	0.00e+00
 2.01797e+15	3.12e-19	1.76e-13	1.97e-08	5.12e-05	7.61e-03	1.32e-01	8.61e-01	0.00e+00	0.00e+00	0.00e+00	0.00e+00	0.00e+00
 2.09443e+15	4.57e-19	2.48e-13	2.62e-08	6.34e-05	8.73e-03	1.41e-01	8.50e-01	0.00e+00	0.00e+00	0.00e+00	0.00e+00	0.00e+00
 2.15666e+15	6.14e-19	3.24e-13	3.29e-08	7.51e-05	9.72e-03	1.49e-01	8.41e-01	0.00e+00	0.00e+00	0.00e+00	0.00e+00	0.00e+00
 2.20516e+15	7.73e-19	3.99e-13	3.90e-08	8.53e-05	1.05e-02	1.56e-01	8.34e-01	0.00e+00	0.00e+00	0.00e+00	0.00e+00	0.00e+00
 2.25839e+15	9.88e-19	4.98e-13	4.69e-08	9.78e-05	1.15e-02	1.63e-01	8.26e-01	0.00e+00	0.00e+00	0.00e+00	0.00e+00	0.00e+00
 2.32758e+15	1.34e-18	6.58e-13	5.92e-08	1.16e-04	1.28e-02	1.72e-01	8.15e-01	0.00e+00	0.00e+00	0.00e+00	0.00e+00	0.00e+00
 2.40235e+15	1.86e-18	8.83e-13	7.56e-08	1.39e-04	1.44e-02	1.82e-01	8.03e-01	0.00e+00	0.00e+00	0.00e+00	0.00e+00	0.00e+00
 2.46931e+15	2.50e-18	1.15e-12	9.34e-08	1.63e-04	1.58e-02	1.91e-01	7.93e-01	0.00e+00	0.00e+00	0.00e+00	0.00e+00	0.00e+00
 2.54133e+15	3.36e-18	1.50e-12	1.16e-07	1.91e-04	1.75e-02	2.01e-01	7.81e-01	0.00e+00	0.00e+00	0.00e+00	0.00e+00	0.00e+00
 2.63369e+15	4.93e-18	2.10e-12	1.53e-07	2.34e-04	1.99e-02	2.14e-01	7.66e-01	0.00e+00	0.00e+00	0.00e+00	0.00e+00	0.00e+00
 2.72742e+15	7.06e-18	2.90e-12	2.00e-07	2.85e-04	2.25e-02	2.27e-01	7.50e-01	0.00e+00	0.00e+00	0.00e+00	0.00e+00	0.00e+00
 2.80543e+15	9.62e-18	3.80e-12	2.48e-07	3.34e-04	2.48e-02	2.38e-01	7.37e-01	0.00e+00	0.00e+00	0.00e+00	0.00e+00	0.00e+00
 2.88808e+15	1.31e-17	4.99e-12	3.10e-07	3.92e-04	2.74e-02	2.49e-01	7.23e-01	0.00e+00	0.00e+00	0.00e+00	0.00e+00	0.00e+00
 2.99351e+15	1.92e-17	7.00e-12	4.07e-07	4.78e-04	3.10e-02	2.64e-01	7.05e-01	0.00e+00	0.00e+00	0.00e+00	0.00e+00	0.00e+00
 3.10481e+15	2.79e-17	9.64e-12	5.36e-07	5.83e-04	3.50e-02	2.78e-01	6.86e-01	0.00e+00	0.00e+00	1.60e-17	8.46e-18	3.00e-18
 3.20436e+15	3.91e-17	1.30e-11	6.80e-07	6.92e-04	3.89e-02	2.92e-01	6.69e-01	0.00e+00	0.00e+00	2.24e-17	1.19e-17	4.20e-18
 3.31236e+15	5.58e-17	1.77e-11	8.71e-07	8.28e-04	4.33e-02	3.06e-01	6.50e-01	0.00e+00	0.00e+00	3.20e-17	1.70e-17	5.96e-18
 3.44089e+15	8.74e-17	2.59e-11	1.16e-06	1.02e-03	4.90e-02	3.22e-01	6.28e-01	0.00e+00	0.00e+00	5.02e-17	2.66e-17	9.27e-18
 3.56758e+15	1.28e-16	3.60e-11	1.51e-06	1.23e-03	5.50e-02	3.38e-01	6.06e-01	0.00e+00	0.00e+00	7.36e-17	3.89e-17	1.35e-17
 3.68239e+15	1.81e-16	4.84e-11	1.91e-06	1.45e-03	6.07e-02	3.51e-01	5.87e-01	0.00e+00	0.00e+00	1.04e-16	5.49e-17	1.90e-17
 3.81030e+15	2.54e-16	6.54e-11	2.45e-06	1.73e-03	6.75e-02	3.66e-01	5.65e-01	0.00e+00	0.00e+00	1.46e-16	7.71e-17	2.66e-17
 3.96027e+15	4.03e-16	9.57e-11	3.26e-06	2.12e-03	7.59e-02	3.82e-01	5.40e-01	0.00e+00	0.00e+00	2.32e-16	1.22e-16	4.20e-17
 4.10824e+15	6.00e-16	1.34e-10	4.24e-06	2.55e-03	8.46e-02	3.97e-01	5.16e-01	0.00e+00	0.00e+00	3.45e-16	1.82e-16	6.23e-17
 4.24731e+15	8.62e-16	1.82e-10	5.38e-06	3.01e-03	9.32e-02	4.10e-01	4.94e-01	0.00e+00	0.00e+00	4.96e-16	2.61e-16	8.93e-17
 4.40240e+15	1.26e-15	2.50e-10	6.94e-06	3.60e-03	1.03e-01	4.23e-01	4.70e-01	0.00e+00	0.00e+00	7.26e-16	3.82e-16	1.30e-16
 4.57852e+15	1.95e-15	3.60e-10	9.16e-06	4.36e-03	1.15e-01	4.37e-01	4.43e-01	0.00e+00	0.00e+00	1.13e-15	5.93e-16	2.01e-16
 4.72589e+15	2.75e-15	4.79e-10	1.14e-05	5.08e-03	1.25e-01	4.47e-01	4.22e-01	0.00e+00	0.00e+00	1.59e-15	8.35e-16	2.83e-16
 4.83118e+15	3.49e-15	5.83e-10	1.33e-05	5.64e-03	1.33e-01	4.54e-01	4.07e-01	0.00e+00	0.00e+00	2.01e-15	1.06e-15	3.58e-16
 4.94092e+15	4.45e-15	7.12e-10	1.55e-05	6.27e-03	1.41e-01	4.61e-01	3.92e-01	0.00e+00	0.00e+00	2.57e-15	1.35e-15	4.56e-16
 5.08360e+15	5.83e-15	8.98e-10	1.88e-05	7.16e-03	1.52e-01	4.68e-01	3.73e-01	0.00e+00	0.00e+00	3.37e-15	1.77e-15	5.96e-16
 5.24293e+15	8.47e-15	1.21e-09	2.33e-05	8.27e-03	1.64e-01	4.75e-01	3.53e-01	0.00e+00	0.00e+00	4.89e-15	2.57e-15	8.63e-16
 5.39174e+15	1.14e-14	1.54e-09	2.81e-05	9.39e-03	1.75e-01	4.81e-01	3.34e-01	0.00e+00	0.00e+00	6.60e-15	3.47e-15	1.16e-15
 5.55300e+15	1.51e-14	1.95e-09	3.41e-05	1.07e-02	1.88e-01	4.86e-01	3.16e-01	0.00e+00	0.00e+00	8.72e-15	4.58e-15	1.53e-15
 5.73437e+15	2.22e-14	2.64e-09	4.23e-05	1.24e-02	2.03e-01	4.90e-01	2.95e-01	0.00e+00	0.00e+00	1.28e-14	6.74e-15	2.25e-15
 5.90568e+15	3.00e-14	3.37e-09	5.12e-05	1.41e-02	2.17e-01	4.93e-01	2.77e-01	0.00e+00	0.00e+00	1.74e-14	9.12e-15	3.04e-15
 6.09222e+15	4.06e-14	4.33e-09	6.27e-05	1.61e-02	2.32e-01	4.94e-01	2.58e-01	0.00e+00	0.00e+00	2.35e-14	1.23e-14	4.11e-15
 6.30150e+15	6.08e-14	5.92e-09	7.80e-05	1.85e-02	2.49e-01	4.94e-01	2.38e-01	0.00e+00	0.00e+00	3.52e-14	1.85e-14	6.14e-15
 6.49936e+15	8.33e-14	7.62e-09	9.49e-05	2.11e-02	2.65e-01	4.93e-01	2.21e-01	0.00e+00	0.00e+00	4.82e-14	2.53e-14	8.41e-15
 6.71559e+15	1.14e-13	9.85e-09	1.17e-04	2.41e-02	2.82e-01	4.90e-01	2.03e-01	0.00e+00	0.00e+00	6.60e-14	3.46e-14	1.15e-14
 6.95336e+15	1.73e-13	1.35e-08	1.45e-04	2.77e-02	3.01e-01	4.86e-01	1.85e-01	0.00e+00	0.00e+00	1.00e-13	5.25e-14	1.74e-14
 7.17181e+15	2.36e-13	1.73e-08	1.76e-04	3.13e-02	3.19e-01	4.80e-01	1.69e-01	0.00e+00	0.00e+00	1.37e-13	7.17e-14	2.37e-14
 7.40845e+15	3.21e-13	2.22e-08	2.14e-04	3.55e-02	3.37e-01	4.73e-01	1.54e-01	0.00e+00	0.00e+00	1.86e-13	9.75e-14	3.22e-14
 7.67119e+15	4.86e-13	3.03e-08	2.65e-04	4.06e-02	3.57e-01	4.64e-01	1.38e-01	0.00e+00	0.00e+00	2.82e-13	1.48e-13	4.87e-14
 7.91641e+15	6.74e-13	3.91e-08	3.20e-04	4.56e-02	3.74e-01	4.54e-01	1.25e-01	0.00e+00	0.00e+00	3.91e-13	2.05e-13	6.75e-14
 8.18376e+15	9.43e-13	5.08e-08	3.90e-04	5.15e-02	3.93e-01	4.43e-01	1.12e-01	0.00e+00	0.00e+00	5.47e-13	2.86e-13	9.43e-14
 8.47874e+15	1.31e-12	6.61e-08	4.81e-04	5.85e-02	4.13e-01	4.29e-01	9.95e-02	0.00e+00	0.00e+00	7.60e-13	3.98e-13	1.31e-13
 8.75477e+15	1.93e-12	8.80e-08	5.82e-04	6.55e-02	4.30e-01	4.15e-01	8.85e-02	0.00e+00	0.00e+00	1.12e-12	5.88e-13	1.93e-13
 9.00808e+15	2.59e-12	1.10e-07	6.86e-04	7.23e-02	4.45e-01	4.02e-01	7.96e-02	0.00e+00	0.00e+00	1.50e-12	7.88e-13	2.58e-13
 9.28671e+15	3.52e-12	1.40e-07	8.19e-04	8.02e-02	4.61e-01	3.87e-01	7.08e-02	0.00e+00	0.00e+00	2.04e-12	1.07e-12	3.51e-13
 9.59999e+15	4.78e-12	1.78e-07	9.90e-04	8.95e-02	4.77e-01	3.70e-01	6.20e-02	0.00e+00	0.00e+00	2.77e-12	1.45e-12	4.76e-13
 9.89814e+15	6.96e-12	2.33e-07	1.18e-03	9.92e-02	4.91e-01	3.54e-01	5.44e-02	0.00e+00	0.00e+00	4.04e-12	2.12e-12	6.92e-13
 1.01447e+16	8.94e-12	2.82e-07	1.36e-03	1.07e-01	5.02e-01	3.41e-01	4.90e-02	0.00e+00	0.00e+00	5.19e-12	2.72e-12	8.89e-13
 1.03842e+16	1.14e-11	3.40e-07	1.56e-03	1.16e-01	5.11e-01	3.27e-01	4.42e-02	0.00e+00	0.00e+00	6.63e-12	3.48e-12	1.14e-12
 1.06956e+16	1.48e-11	4.19e-07	1.84e-03	1.27e-01	5.22e-01	3.10e-01	3.86e-02	0.00e+00	0.00e+00	8.61e-12	4.51e-12	1.47e-12
 1.10280e+16	2.16e-11	5.49e-07	2.20e-03	1.39e-01	5.33e-01	2.92e-01	3.33e-02	0.00e+00	0.00e+00	1.25e-11	6.56e-12	2.14e-12
 1.13020e+16	2.75e-11	6.61e-07	2.52e-03	1.50e-01	5.40e-01	2.78e-01	2.95e-02	0.00e+00	0.00e+00	1.60e-11	8.36e-12	2.73e-12
 1.15724e+16	3.43e-11	7.87e-07	2.89e-03	1.61e-01	5.46e-01	2.64e-01	2.62e-02	0.00e+00	0.00e+00	1.99e-11	1.04e-11	3.41e-12
 1.19239e+16	5.02e-11	1.03e-06	3.45e-03	1.77e-01	5.52e-01	2.46e-01	2.23e-02	0.00e+00	0.00e+00	2.92e-11	1.53e-11	4.99e-12
 1.22713e+16	6.66e-11	1.28e-06	4.06e-03	1.92e-01	5.56e-01	2.29e-01	1.91e-02	0.00e+00	0.00e+00	3.87e-11	2.03e-11	6.62e-12
 1.25500e+16	8.27e-11	1.52e-06	4.63e-03	2.04e-01	5.58e-01	2.16e-01	1.68e-02	0.00e+00	0.00e+00	4.81e-11	2.52e-11	8.21e-12
 1.28489e+16	1.07e-10	1.85e-06	5.33e-03	2.19e-01	5.59e-01	2.02e-01	1.46e-02	0.00e+00	0.00e+00	6.22e-11	3.26e-11	1.06e-11
 1.31848e+16	1.53e-10	2.37e-06	6.24e-03	2.36e-01	5.58e-01	1.87e-01	1.24e-02	0.00e+00	0.00e+00	8.87e-11	4.65e-11	1.52e-11
 1.34976e+16	1.98e-10	2.89e-06	7.18e-03	2.51e-01	5.56e-01	1.74e-01	1.07e-02	0.00e+00	0.00e+00	1.15e-10	6.04e-11	1.97e-11
 1.37874e+16	2.50e-10	3.45e-06	8.18e-03	2.66e-01	5.53e-01	1.63e-01	9.36e-03	0.00e+00	0.00e+00	1.46e-10	7.63e-11	2.49e-11
 1.41182e+16	3.19e-10	4.18e-06	9.49e-03	2.84e-01	5.48e-01	1.50e-01	7.97e-03	0.00e+00	0.00e+00	1.86e-10	9.73e-11	3.17e-11
 1.44670e+16	4.62e-10	5.41e-06	1.11e-02	3.04e-01	5.41e-01	1.37e-01	6.68e-03	0.00e+00	0.00e+00	2.69e-10	1.41e-10	4.58e-11
 1.47574e+16	5.77e-10	6.43e-06	1.27e-02	3.20e-01	5.34e-01	1.27e-01	5.79e-03	0.00e+00	0.00e+00	3.35e-10	1.76e-10	5.73e-11
 1.50535e+16	7.20e-10	7.66e-06	1.45e-02	3.38e-01	5.26e-01	1.17e-01	4.98e-03	0.00e+00	0.00e+00	4.18e-10	2.19e-10	7.14e-11
 1.53808e+16	1.03e-09	9.86e-06	1.69e-02	3.58e-01	5.15e-01	1.06e-01	4.17e-03	0.00e+00	0.00e+00	6.01e-10	3.15e-10	1.03e-10
 1.56686e+16	1.32e-09	1.19e-05	1.93e-02	3.76e-01	5.04e-01	9.73e-02	3.58e-03	0.00e+00	0.00e+00	7.70e-10	4.04e-10	1.32e-10
 1.59187e+16	1.67e-09	1.41e-05	2.17e-02	3.91e-01	4.94e-01	9.00e-02	3.12e-03	0.00e+00	0.00e+00	9.70e-10	5.09e-10	1.66e-10
 1.62003e+16	2.14e-09	1.70e-05	2.48e-02	4.10e-01	4.81e-01	8.20e-02	2.66e-03	0.00e+00	0.00e+00	1.24e-09	6.53e-10	2.13e-10
 1.65058e+16	2.94e-09	2.14e-05	2.89e-02	4.29e-01	4.66e-01	7.39e-02	2.22e-03	0.00e+00	0.00e+00	1.71e-09	8.95e-10	2.92e-10
 1.67715e+16	3.84e-09	2.61e-05	3.30e-02	4.47e-01	4.51e-01	6.72e-02	1.89e-03	0.00e+00	0.00e+00	2.23e-09	1.17e-09	3.82e-10
 1.70017e+16	4.73e-09	3.07e-05	3.71e-02	4.62e-01	4.37e-01	6.17e-02	1.65e-03	0.00e+00	0.00e+00	2.75e-09	1.44e-09	4.70e-10
 1.72216e+16	5.71e-09	3.56e-05	4.17e-02	4.77e-01	4.24e-01	5.67e-02	1.44e-03	0.00e+00	0.00e+00	3.32e-09	1.74e-09	5.68e-10
 1.74721e+16	7.42e-09	4.35e-05	4.79e-02	4.93e-01	4.06e-01	5.10e-02	1.21e-03	0.00e+00	0.00e+00	4.32e-09	2.27e-09	7.38e-10
 1.77398e+16	9.99e-09	5.43e-05	5.58e-02	5.11e-01	3.87e-01	4.54e-02	1.01e-03	0.00e+00	0.00e+00	5.81e-09	3.05e-09	9.95e-10
 1.79673e+16	1.32e-08	6.67e-05	6.39e-02	5.25e-01	3.69e-01	4.08e-02	8.52e-04	0.00e+00	0.00e+00	7.69e-09	4.04e-09	1.32e-09
 1.81604e+16	1.70e-08	8.02e-05	7.21e-02	5.37e-01	3.53e-01	3.70e-02	7.33e-04	0.00e+00	0.00e+00	9.91e-09	5.20e-09	1.70e-09
 1.83366e+16	2.28e-08	9.83e-05	8.10e-02	5.47e-01	3.38e-01	3.35e-02	6.31e-04	0.00e+00	0.00e+00	1.33e-08	6.96e-09	2.27e-09
 1.84937e+16	2.70e-08	1.12e-04	8.99e-02	5.56e-01	3.23e-01	3.07e-02	5.54e-04	0.00e+00	0.00e+00	1.57e-08	8.25e-09	2.69e-09
 1.86604e+16	3.40e-08	1.34e-04	1.01e-01	5.64e-01	3.07e-01	2.77e-02	4.75e-04	0.00e+00	0.00e+00	1.98e-08	1.04e-08	3.39e-09
 1.88770e+16	5.25e-08	1.80e-04	1.19e-01	5.73e-01	2.84e-01	2.38e-02	3.78e-04	0.00e+00	0.00e+00	3.05e-08	1.60e-08	5.24e-09
 1.90817e+16	6.94e-08	2.24e-04	1.39e-01	5.78e-01	2.61e-01	2.05e-02	3.07e-04	0.00e+00	0.00e+00	4.04e-08	2.12e-08	6.93e-09
 1.92271e+16	9.00e-08	2.71e-04	1.57e-01	5.80e-01	2.44e-01	1.82e-02	2.59e-04	0.00e+00	0.00e+00	5.23e-08	2.75e-08	8.99e-09
 1.93519e+16	1.13e-07	3.20e-04	1.75e-01	5.80e-01	2.28e-01	1.62e-02	2.21e-04	0.00e+00	0.00e+00	6.59e-08	3.46e-08	1.13e-08
 1.94937e+16	1.39e-07	3.76e-04	1.98e-01	5.78e-01	2.10e-01	1.41e-02	1.83e-04	0.00e+00	0.00e+00	8.08e-08	4.25e-08	1.39e-08
 1.96487e+16	1.86e-07	4.68e-04	2.28e-01	5.71e-01	1.88e-01	1.19e-02	1.46e-04	0.00e+00	0.00e+00	1.08e-07	5.69e-08	1.86e-08
 1.97816e+16	2.49e-07	5.77e-04	2.59e-01	5.60e-01	1.69e-01	1.01e-02	1.16e-04	0.00e+00	0.00e+00	1.45e-07	7.61e-08	2.49e-08
 1.98842e+16	3.36e-07	7.09e-04	2.88e-01	5.48e-01	1.54e-01	8.69e-03	9.52e-05	0.00e+00	0.00e+00	1.96e-07	1.03e-07	3.37e-08
 1.99639e+16	4.03e-07	8.09e-04	3.12e-01	5.37e-01	1.42e-01	7.68e-03	8.10e-05	0.00e+00	0.00e+00	2.35e-07	1.23e-07	4.05e-08
 2.00446e+16	4.91e-07	9.31e-04	3.40e-01	5.23e-01	1.29e-01	6.68e-03	6.75e-05	0.00e+00	0.00e+00	2.85e-07	1.50e-07	4.92e-08
 2.01263e+16	5.68e-07	1.04e-03	3.69e-01	5.08e-01	1.17e-01	5.78e-03	5.62e-05	0.00e+00	0.00e+00	3.30e-07	1.74e-07	5.70e-08
 2.01973e+16	7.20e-07	1.22e-03	3.99e-01	4.90e-01	1.05e-01	4.97e-03	4.61e-05	0.00e+00	0.00e+00	4.19e-07	2.21e-07	7.24e-08
 2.02558e+16	8.21e-07	1.34e-03	4.23e-01	4.75e-01	9.64e-02	4.40e-03	3.96e-05	0.00e+00	0.00e+00	4.77e-07	2.51e-07	8.25e-08
 2.03105e+16	9.18e-07	1.46e-03	4.47e-01	4.59e-01	8.78e-02	3.86e-03	3.36e-05	0.00e+00	0.00e+00	5.34e-07	2.81e-07	9.24e-08
 2.03817e+16	1.15e-06	1.70e-03	4.82e-01	4.36e-01	7.68e-02	3.20e-03	2.65e-05	0.00e+00	0.00e+00	6.67e-07	3.51e-07	1.16e-07
 2.04494e+16	1.36e-06	1.91e-03	5.16e-01	4.13e-01	6.72e-02	2.66e-03	2.11e-05	0.00e+00	0.00e+00	7.92e-07	4.17e-07	1.37e-07
 2.05003e+16	1.55e-06	2.09e-03	5.42e-01	3.94e-01	6.02e-02	2.29e-03	1.75e-05	0.00e+00	0.00e+00	9.04e-07	4.77e-07	1.57e-07
 2.05540e+16	1.80e-06	2.31e-03	5.71e-01	3.72e-01	5.29e-02	1.92e-03	1.40e-05	0.00e+00	0.00e+00	1.05e-06	5.52e-07	1.82e-07
 2.06239e+16	2.18e-06	2.62e-03	6.09e-01	3.42e-01	4.41e-02	1.50e-03	1.03e-05	0.00e+00	0.00e+00	1.27e-06	6.69e-07	2.20e-07
 2.06928e+16	2.59e-06	2.94e-03	6.46e-01	3.14e-01	3.65e-02	1.16e-03	7.56e-06	0.00e+00	0.00e+00	1.51e-06	7.96e-07	2.63e-07
 2.07461e+16	2.96e-06	3.21e-03	6.74e-01	2.91e-01	3.11e-02	9.38e-04	5.83e-06	0.00e+00	0.00e+00	1.72e-06	9.09e-07	3.00e-07
 2.08010e+16	3.42e-06	3.52e-03	7.03e-01	2.66e-01	2.59e-02	7.36e-04	4.33e-06	0.00e+00	0.00e+00	1.99e-06	1.05e-06	3.47e-07
