#depth	He	He+	He+2
 1.49634e+10	3.38e-23	3.09e-12	1.00e+00
 4.54887e+10	3.76e-23	3.34e-12	1.00e+00
 7.72350e+10	4.18e-23	3.62e-12	1.00e+00
 1.10251e+11	4.65e-23	3.92e-12	1.00e+00
 1.44588e+11	5.18e-23	4.24e-12	1.00e+00
 1.80298e+11	5.78e-23	4.60e-12	1.00e+00
 2.17437e+11	6.45e-23	4.98e-12	1.00e+00
 2.56061e+11	7.21e-23	5.39e-12	1.00e+00
 2.96231e+11	8.07e-23	5.84e-12	1.00e+00
 3.38007e+11	9.05e-23	6.33e-12	1.00e+00
 3.81454e+11	1.02e-22	6.86e-12	1.00e+00
 4.23571e+11	1.13e-22	7.40e-12	1.00e+00
 4.62221e+11	1.25e-22	7.91e-12	1.00e+00
 5.05190e+11	1.39e-22	8.50e-12	1.00e+00
 5.55030e+11	1.56e-22	9.21e-12	1.00e+00
 6.04304e+11	1.76e-22	9.94e-12	1.00e+00
 6.55549e+11	1.97e-22	1.07e-11	1.00e+00
 7.11698e+11	2.24e-22	1.17e-11	1.00e+00
 7.68499e+11	2.53e-22	1.26e-11	1.00e+00
 8.27572e+11	2.86e-22	1.37e-11	1.00e+00
 8.90602e+11	3.26e-22	1.48e-11	1.00e+00
 9.56153e+11	3.72e-22	1.61e-11	1.00e+00
 1.02433e+12	4.24e-22	1.75e-11	1.00e+00
 1.09523e+12	4.85e-22	1.90e-11	1.00e+00
 1.16896e+12	5.55e-22	2.07e-11	1.00e+00
 1.24565e+12	6.36e-22	2.25e-11	1.00e+00
 1.32540e+12	7.30e-22	2.45e-11	1.00e+00
 1.40038e+12	8.29e-22	2.64e-11	1.00e+00
 1.46744e+12	9.24e-22	2.82e-11	1.00e+00
 1.54271e+12	1.04e-21	3.03e-11	1.00e+00
 1.63193e+12	1.20e-21	3.30e-11	1.00e+00
 1.72159e+12	1.37e-21	3.58e-11	1.00e+00
 1.80574e+12	1.55e-21	3.85e-11	1.00e+00
 1.89879e+12	1.76e-21	4.17e-11	1.00e+00
 2.00466e+12	2.04e-21	4.54e-11	1.00e+00
 2.11032e+12	2.35e-21	4.94e-11	1.00e+00
 2.22020e+12	2.71e-21	5.38e-11	1.00e+00
 2.33893e+12	3.14e-21	5.88e-11	1.00e+00
 2.46242e+12	3.64e-21	6.42e-11	1.00e+00
 2.57888e+12	4.18e-21	6.97e-11	1.00e+00
 2.68372e+12	4.70e-21	7.48e-11	1.00e+00
 2.80180e+12	5.33e-21	8.09e-11	1.00e+00
 2.94088e+12	6.19e-21	8.84e-11	1.00e+00
 3.07984e+12	7.13e-21	9.64e-11	1.00e+00
 3.21073e+12	8.11e-21	1.04e-10	1.00e+00
 3.35544e+12	9.29e-21	1.14e-10	1.00e+00
 3.51959e+12	1.08e-20	1.25e-10	1.00e+00
 3.68192e+12	1.25e-20	1.36e-10	1.00e+00
 3.85074e+12	1.44e-20	1.49e-10	1.00e+00
 4.03470e+12	1.67e-20	1.64e-10	1.00e+00
 4.22041e+12	1.93e-20	1.80e-10	1.00e+00
 4.41356e+12	2.22e-20	1.98e-10	1.00e+00
 4.61275e+12	2.56e-20	2.18e-10	1.00e+00
 4.80839e+12	2.92e-20	2.38e-10	1.00e+00
 5.01914e+12	3.35e-20	2.61e-10	1.00e+00
 5.24983e+12	3.87e-20	2.89e-10	1.00e+00
 5.48975e+12	4.46e-20	3.19e-10	1.00e+00
 5.73927e+12	5.13e-20	3.53e-10	1.00e+00
 5.99877e+12	5.89e-20	3.90e-10	1.00e+00
 6.23343e+12	6.64e-20	4.26e-10	1.00e+00
 6.42889e+12	7.30e-20	4.58e-10	1.00e+00
 6.64298e+12	8.06e-20	4.95e-10	1.00e+00
 6.91423e+12	9.10e-20	5.44e-10	1.00e+00
 7.19728e+12	1.03e-19	5.98e-10	1.00e+00
 7.43745e+12	1.14e-19	6.47e-10	1.00e+00
 7.68436e+12	1.25e-19	7.00e-10	1.00e+00
 7.99537e+12	1.41e-19	7.70e-10	1.00e+00
 8.31139e+12	1.58e-19	8.47e-10	1.00e+00
 8.58233e+12	1.73e-19	9.15e-10	1.00e+00
 8.87296e+12	1.91e-19	9.92e-10	1.00e+00
 9.23293e+12	2.14e-19	1.09e-09	1.00e+00
 9.60215e+12	2.40e-19	1.20e-09	1.00e+00
 9.93432e+12	2.65e-19	1.31e-09	1.00e+00
 1.02993e+13	2.95e-19	1.43e-09	1.00e+00
 1.07306e+13	3.33e-19	1.58e-09	1.00e+00
 1.11628e+13	3.76e-19	1.74e-09	1.00e+00
 1.15725e+13	4.20e-19	1.90e-09	1.00e+00
 1.20255e+13	4.74e-19	2.08e-09	1.00e+00
 1.25364e+13	5.43e-19	2.30e-09	1.00e+00
 1.30464e+13	6.19e-19	2.53e-09	1.00e+00
 1.34970e+13	6.95e-19	2.75e-09	1.00e+00
 1.38749e+13	7.64e-19	2.94e-09	1.00e+00
 1.42815e+13	8.46e-19	3.15e-09	1.00e+00
 1.48101e+13	9.63e-19	3.43e-09	1.00e+00
 1.53631e+13	1.10e-18	3.75e-09	1.00e+00
 1.58347e+13	1.23e-18	4.02e-09	1.00e+00
 1.63346e+13	1.39e-18	4.33e-09	1.00e+00
 1.69646e+13	1.60e-18	4.74e-09	1.00e+00
 1.76134e+13	1.86e-18	5.17e-09	1.00e+00
 1.81836e+13	2.11e-18	5.58e-09	1.00e+00
 1.88015e+13	2.41e-18	6.03e-09	1.00e+00
 1.94853e+13	2.79e-18	6.56e-09	1.00e+00
 2.01179e+13	3.18e-18	7.06e-09	1.00e+00
 2.08033e+13	3.66e-18	7.63e-09	1.00e+00
 2.15663e+13	4.26e-18	8.30e-09	1.00e+00
 2.22790e+13	4.88e-18	8.95e-09	1.00e+00
 2.30544e+13	5.65e-18	9.69e-09	1.00e+00
 2.39167e+13	6.61e-18	1.05e-08	1.00e+00
 2.47224e+13	7.62e-18	1.14e-08	1.00e+00
 2.56004e+13	8.86e-18	1.23e-08	1.00e+00
 2.65812e+13	1.04e-17	1.34e-08	1.00e+00
 2.75050e+13	1.21e-17	1.45e-08	1.00e+00
 2.85150e+13	1.41e-17	1.57e-08	1.00e+00
 2.96462e+13	1.68e-17	1.72e-08	1.00e+00
 3.07180e+13	1.96e-17	1.86e-08	1.00e+00
 3.18692e+13	2.29e-17	2.02e-08	1.00e+00
 3.31739e+13	2.73e-17	2.21e-08	1.00e+00
 3.44620e+13	3.22e-17	2.41e-08	1.00e+00
 3.58016e+13	3.80e-17	2.62e-08	1.00e+00
 3.72636e+13	4.53e-17	2.86e-08	1.00e+00
 3.87841e+13	5.36e-17	3.12e-08	1.00e+00
 4.02215e+13	6.27e-17	3.38e-08	1.00e+00
 4.15112e+13	7.19e-17	3.62e-08	1.00e+00
 4.27150e+13	8.12e-17	3.85e-08	1.00e+00
 4.40405e+13	9.25e-17	4.11e-08	1.00e+00
 4.55329e+13	1.06e-16	4.41e-08	1.00e+00
 4.69600e+13	1.21e-16	4.71e-08	1.00e+00
 4.85327e+13	1.39e-16	5.05e-08	1.00e+00
 5.02825e+13	1.62e-16	5.45e-08	1.00e+00
 5.18956e+13	1.85e-16	5.82e-08	1.00e+00
 5.33971e+13	2.08e-16	6.18e-08	1.00e+00
 5.51206e+13	2.37e-16	6.61e-08	1.00e+00
 5.72316e+13	2.77e-16	7.14e-08	1.00e+00
 5.93354e+13	3.22e-16	7.71e-08	1.00e+00
 6.11588e+13	3.65e-16	8.20e-08	1.00e+00
 6.31285e+13	4.15e-16	8.75e-08	1.00e+00
 6.55415e+13	4.82e-16	9.44e-08	1.00e+00
 6.80050e+13	5.62e-16	1.02e-07	1.00e+00
 7.02225e+13	6.39e-16	1.09e-07	1.00e+00
 7.26465e+13	7.31e-16	1.16e-07	1.00e+00
 7.55118e+13	8.52e-16	1.26e-07	1.00e+00
 7.83759e+13	9.91e-16	1.36e-07	1.00e+00
 8.10580e+13	1.13e-15	1.45e-07	1.00e+00
 8.40338e+13	1.30e-15	1.56e-07	1.00e+00
 8.74251e+13	1.53e-15	1.69e-07	1.00e+00
 9.07925e+13	1.77e-15	1.82e-07	1.00e+00
 9.42945e+13	2.05e-15	1.96e-07	1.00e+00
 9.80962e+13	2.39e-15	2.12e-07	1.00e+00
 1.02050e+14	2.79e-15	2.29e-07	1.00e+00
 1.06162e+14	3.25e-15	2.47e-07	1.00e+00
 1.10153e+14	3.75e-15	2.66e-07	1.00e+00
 1.13913e+14	4.27e-15	2.84e-07	1.00e+00
 1.17455e+14	4.82e-15	3.02e-07	1.00e+00
 1.21309e+14	5.45e-15	3.22e-07	1.00e+00
 1.25629e+14	6.23e-15	3.45e-07	1.00e+00
 1.29723e+14	7.06e-15	3.67e-07	1.00e+00
 1.34214e+14	8.06e-15	3.93e-07	1.00e+00
 1.39229e+14	9.29e-15	4.22e-07	1.00e+00
 1.43998e+14	1.06e-14	4.51e-07	1.00e+00
 1.49230e+14	1.21e-14	4.84e-07	1.00e+00
 1.55102e+14	1.41e-14	5.23e-07	1.00e+00
 1.60770e+14	1.62e-14	5.61e-07	1.00e+00
 1.66791e+14	1.87e-14	6.05e-07	1.00e+00
 1.72953e+14	2.15e-14	6.49e-07	1.00e+00
 1.78404e+14	2.43e-14	6.91e-07	1.00e+00
 1.84327e+14	2.75e-14	7.38e-07	1.00e+00
 1.91443e+14	3.20e-14	7.97e-07	1.00e+00
 1.98483e+14	3.68e-14	8.57e-07	1.00e+00
 2.04764e+14	4.15e-14	9.13e-07	1.00e+00
 2.11687e+14	4.71e-14	9.76e-07	1.00e+00
 2.19927e+14	5.47e-14	1.06e-06	1.00e+00
 2.28074e+14	6.31e-14	1.14e-06	1.00e+00
 2.35493e+14	7.13e-14	1.21e-06	1.00e+00
 2.43772e+14	8.16e-14	1.30e-06	1.00e+00
 2.53435e+14	9.46e-14	1.41e-06	1.00e+00
 2.62966e+14	1.09e-13	1.52e-06	1.00e+00
 2.71930e+14	1.24e-13	1.63e-06	1.00e+00
 2.81889e+14	1.42e-13	1.75e-06	1.00e+00
 2.93195e+14	1.65e-13	1.90e-06	1.00e+00
 3.04478e+14	1.90e-13	2.05e-06	1.00e+00
 3.15029e+14	2.16e-13	2.19e-06	1.00e+00
 3.26477e+14	2.47e-13	2.36e-06	1.00e+00
 3.39301e+14	2.85e-13	2.55e-06	1.00e+00
 3.51249e+14	3.24e-13	2.74e-06	1.00e+00
 3.62268e+14	3.64e-13	2.91e-06	1.00e+00
 3.72871e+14	4.05e-13	3.09e-06	1.00e+00
 3.84656e+14	4.53e-13	3.29e-06	1.00e+00
 3.97660e+14	5.12e-13	3.52e-06	1.00e+00
 4.09755e+14	5.71e-13	3.74e-06	1.00e+00
 4.22987e+14	6.41e-13	3.99e-06	1.00e+00
 4.37855e+14	7.26e-13	4.28e-06	1.00e+00
 4.52037e+14	8.13e-13	4.57e-06	1.00e+00
 4.67662e+14	9.20e-13	4.89e-06	1.00e+00
 4.84911e+14	1.05e-12	5.28e-06	1.00e+00
 5.00770e+14	1.17e-12	5.63e-06	1.00e+00
 5.17885e+14	1.32e-12	6.03e-06	1.00e+00
 5.37054e+14	1.50e-12	6.50e-06	1.00e+00
 5.55090e+14	1.69e-12	6.94e-06	1.00e+00
 5.74734e+14	1.91e-12	7.46e-06	1.00e+00
 5.96515e+14	2.17e-12	8.05e-06	1.00e+00
 6.16870e+14	2.45e-12	8.63e-06	1.00e+00
 6.39092e+14	2.77e-12	9.28e-06	1.00e+00
 6.63898e+14	3.16e-12	1.00e-05	1.00e+00
 6.87250e+14	3.56e-12	1.08e-05	1.00e+00
 7.12325e+14	4.03e-12	1.16e-05	1.00e+00
 7.40848e+14	4.62e-12	1.26e-05	1.00e+00
 7.68824e+14	5.27e-12	1.36e-05	1.00e+00
 7.95523e+14	5.93e-12	1.46e-05	1.00e+00
 8.24977e+14	6.74e-12	1.58e-05	1.00e+00
 8.58006e+14	7.72e-12	1.72e-05	1.00e+00
 8.86089e+14	8.69e-12	1.84e-05	1.00e+00
 9.06679e+14	9.40e-12	1.94e-05	1.00e+00
 9.28172e+14	1.02e-11	2.04e-05	1.00e+00
 9.56114e+14	1.14e-11	2.17e-05	1.00e+00
 9.86941e+14	1.27e-11	2.33e-05	1.00e+00
 1.01551e+15	1.41e-11	2.47e-05	1.00e+00
 1.04665e+15	1.57e-11	2.65e-05	1.00e+00
 1.08150e+15	1.77e-11	2.84e-05	1.00e+00
 1.11470e+15	1.98e-11	3.04e-05	1.00e+00
 1.15136e+15	2.22e-11	3.26e-05	1.00e+00
 1.19231e+15	2.53e-11	3.53e-05	1.00e+00
 1.23082e+15	2.84e-11	3.79e-05	1.00e+00
 1.27288e+15	3.24e-11	4.09e-05	1.00e+00
 1.31957e+15	3.68e-11	4.43e-05	1.00e+00
 1.36300e+15	4.18e-11	4.77e-05	1.00e+00
 1.41017e+15	4.73e-11	5.15e-05	1.00e+00
 1.46274e+15	5.47e-11	5.60e-05	1.00e+00
 1.51170e+15	6.15e-11	6.02e-05	1.00e+00
 1.56474e+15	7.09e-11	6.53e-05	1.00e+00
 1.62388e+15	8.16e-11	7.10e-05	1.00e+00
 1.67947e+15	9.29e-11	7.66e-05	1.00e+00
 1.74003e+15	1.07e-10	8.31e-05	1.00e+00
 1.80764e+15	1.24e-10	9.06e-05	1.00e+00
 1.87169e+15	1.40e-10	9.79e-05	1.00e+00
 1.94033e+15	1.63e-10	1.06e-04	1.00e+00
 2.01797e+15	1.90e-10	1.16e-04	1.00e+00
 2.09443e+15	2.20e-10	1.27e-04	1.00e+00
 2.15666e+15	2.46e-10	1.35e-04	1.00e+00
 2.20516e+15	2.69e-10	1.42e-04	1.00e+00
 2.25839e+15	2.96e-10	1.50e-04	1.00e+00
 2.32758e+15	3.33e-10	1.61e-04	1.00e+00
 2.40235e+15	3.78e-10	1.73e-04	1.00e+00
 2.46931e+15	4.22e-10	1.84e-04	1.00e+00
 2.54133e+15	4.72e-10	1.96e-04	1.00e+00
 2.63369e+15	5.46e-10	2.13e-04	1.00e+00
 2.72742e+15	6.27e-10	2.30e-04	1.00e+00
 2.80543e+15	7.03e-10	2.45e-04	1.00e+00
 2.88808e+15	7.90e-10	2.62e-04	1.00e+00
 2.99351e+15	9.14e-10	2.84e-04	1.00e+00
 3.10481e+15	1.04e-09	3.08e-04	1.00e+00
 3.20436e+15	1.19e-09	3.31e-04	1.00e+00
 3.31236e+15	1.36e-09	3.56e-04	1.00e+00
 3.44089e+15	1.61e-09	3.88e-04	1.00e+00
 3.56758e+15	1.85e-09	4.20e-04	1.00e+00
 3.68239e+15	2.11e-09	4.51e-04	1.00e+00
 3.81030e+15	2.40e-09	4.87e-04	1.00e+00
 3.96027e+15	2.87e-09	5.31e-04	9.99e-01
 4.10824e+15	3.33e-09	5.76e-04	9.99e-01
 4.24731e+15	3.81e-09	6.20e-04	9.99e-01
 4.40240e+15	4.40e-09	6.71e-04	9.99e-01
 4.57852e+15	5.21e-09	7.32e-04	9.99e-01
 4.72589e+15	5.93e-09	7.85e-04	9.99e-01
 4.83118e+15	6.50e-09	8.24e-04	9.99e-01
 4.94092e+15	7.13e-09	8.66e-04	9.99e-01
 5.08360e+15	7.91e-09	9.22e-04	9.99e-01
 5.24293e+15	9.15e-09	9.89e-04	9.99e-01
 5.39174e+15	1.02e-08	1.05e-03	9.99e-01
 5.55300e+15	1.14e-08	1.12e-03	9.99e-01
 5.73437e+15	1.33e-08	1.21e-03	9.99e-01
 5.90568e+15	1.49e-08	1.28e-03	9.99e-01
 6.09222e+15	1.68e-08	1.38e-03	9.99e-01
 6.30150e+15	1.97e-08	1.49e-03	9.99e-01
 6.49936e+15	2.23e-08	1.59e-03	9.98e-01
 6.71559e+15	2.53e-08	1.71e-03	9.98e-01
 6.95336e+15	2.98e-08	1.85e-03	9.98e-01
 7.17181e+15	3.38e-08	1.98e-03	9.98e-01
 7.40845e+15	3.83e-08	2.13e-03	9.98e-01
 7.67119e+15	4.53e-08	2.31e-03	9.98e-01
 7.91641e+15	5.17e-08	2.48e-03	9.98e-01
 8.18376e+15	5.93e-08	2.67e-03	9.97e-01
 8.47874e+15	6.81e-08	2.90e-03	9.97e-01
 8.75477e+15	8.00e-08	3.13e-03	9.97e-01
 9.00808e+15	9.04e-08	3.34e-03	9.97e-01
 9.28671e+15	1.03e-07	3.60e-03	9.96e-01
 9.59999e+15	1.17e-07	3.89e-03	9.96e-01
 9.89814e+15	1.38e-07	4.20e-03	9.96e-01
 1.01447e+16	1.53e-07	4.46e-03	9.96e-01
 1.03842e+16	1.70e-07	4.73e-03	9.95e-01
 1.06956e+16	1.92e-07	5.09e-03	9.95e-01
 1.10280e+16	2.25e-07	5.51e-03	9.94e-01
 1.13020e+16	2.51e-07	5.87e-03	9.94e-01
 1.15724e+16	2.79e-07	6.26e-03	9.94e-01
 1.19239e+16	3.29e-07	6.82e-03	9.93e-01
 1.22713e+16	3.75e-07	7.38e-03	9.93e-01
 1.25500e+16	4.16e-07	7.87e-03	9.92e-01
 1.28489e+16	4.70e-07	8.46e-03	9.92e-01
 1.31848e+16	5.51e-07	9.17e-03	9.91e-01
 1.34976e+16	6.23e-07	9.88e-03	9.90e-01
 1.37874e+16	6.99e-07	1.06e-02	9.89e-01
 1.41182e+16	7.94e-07	1.15e-02	9.88e-01
 1.44670e+16	9.39e-07	1.26e-02	9.87e-01
 1.47574e+16	1.05e-06	1.36e-02	9.86e-01
 1.50535e+16	1.19e-06	1.47e-02	9.85e-01
 1.53808e+16	1.41e-06	1.61e-02	9.84e-01
 1.56686e+16	1.60e-06	1.75e-02	9.82e-01
 1.59187e+16	1.81e-06	1.89e-02	9.81e-01
 1.62003e+16	2.07e-06	2.06e-02	9.79e-01
 1.65058e+16	2.43e-06	2.28e-02	9.77e-01
 1.67715e+16	2.81e-06	2.50e-02	9.75e-01
 1.70017e+16	3.17e-06	2.71e-02	9.73e-01
 1.72216e+16	3.56e-06	2.95e-02	9.71e-01
 1.74721e+16	4.14e-06	3.27e-02	9.67e-01
 1.77398e+16	4.92e-06	3.66e-02	9.63e-01
 1.79673e+16	5.75e-06	4.06e-02	9.59e-01
 1.81604e+16	6.64e-06	4.47e-02	9.55e-01
 1.83366e+16	7.73e-06	4.90e-02	9.51e-01
 1.84937e+16	8.67e-06	5.34e-02	9.47e-01
 1.86604e+16	9.99e-06	5.90e-02	9.41e-01
 1.88770e+16	1.26e-05	6.77e-02	9.32e-01
 1.90817e+16	1.51e-05	7.77e-02	9.22e-01
 1.92271e+16	1.77e-05	8.66e-02	9.13e-01
 1.93519e+16	2.04e-05	9.56e-02	9.04e-01
 1.94937e+16	2.38e-05	1.08e-01	8.92e-01
 1.96487e+16	2.89e-05	1.24e-01	8.76e-01
 1.97816e+16	3.48e-05	1.41e-01	8.59e-01
 1.98842e+16	4.11e-05	1.57e-01	8.43e-01
 1.99639e+16	4.64e-05	1.71e-01	8.29e-01
 2.00446e+16	5.29e-05	1.88e-01	8.12e-01
 2.01263e+16	5.97e-05	2.07e-01	7.93e-01
 2.01973e+16	6.83e-05	2.25e-01	7.75e-01
 2.02558e+16	7.52e-05	2.42e-01	7.58e-01
 2.03105e+16	8.26e-05	2.60e-01	7.40e-01
 2.03817e+16	9.50e-05	2.86e-01	7.14e-01
 2.04494e+16	1.07e-04	3.12e-01	6.88e-01
 2.05003e+16	1.18e-04	3.34e-01	6.66e-01
 2.05540e+16	1.31e-04	3.59e-01	6.41e-01
 2.06239e+16	1.50e-04	3.95e-01	6.05e-01
 2.06928e+16	1.70e-04	4.31e-01	5.68e-01
 2.07461e+16	1.87e-04	4.62e-01	5.38e-01
 2.08010e+16	2.08e-04	4.95e-01	5.04e-01
 2.08725e+16	2.36e-04	5.39e-01	4.60e-01
 2.09455e+16	2.66e-04	5.84e-01	4.16e-01
 2.10064e+16	2.92e-04	6.21e-01	3.78e-01
 2.10713e+16	3.23e-04	6.61e-01	3.39e-01
 2.11557e+16	3.63e-04	7.09e-01	2.90e-01
 2.12447e+16	4.03e-04	7.55e-01	2.45e-01
 2.13251e+16	4.39e-04	7.91e-01	2.09e-01
 2.14147e+16	4.78e-04	8.26e-01	1.73e-01
 2.15312e+16	5.26e-04	8.64e-01	1.35e-01
 2.16826e+16	5.81e-04	9.01e-01	9.86e-02
 2.18470e+16	6.35e-04	9.28e-01	7.11e-02
 2.20280e+16	6.89e-04	9.49e-01	5.01e-02
 2.22634e+16	7.56e-04	9.66e-01	3.28e-02
 2.25089e+16	8.27e-04	9.77e-01	2.22e-02
 2.26679e+16	8.74e-04	9.81e-01	1.78e-02
 2.27449e+16	8.99e-04	9.83e-01	1.60e-02
 2.28148e+16	9.23e-04	9.85e-01	1.45e-02
 2.29056e+16	9.55e-04	9.86e-01	1.27e-02
 2.30237e+16	9.98e-04	9.88e-01	1.08e-02
 2.31516e+16	1.05e-03	9.90e-01	9.17e-03
 2.32624e+16	1.10e-03	9.91e-01	8.03e-03
 2.33585e+16	1.15e-03	9.92e-01	7.15e-03
 2.34449e+16	1.19e-03	9.92e-01	6.46e-03
 2.35227e+16	1.24e-03	9.93e-01	5.91e-03
 2.36097e+16	1.29e-03	9.93e-01	5.34e-03
 2.37024e+16	1.35e-03	9.94e-01	4.82e-03
 2.37811e+16	1.41e-03	9.94e-01	4.43e-03
 2.38495e+16	1.46e-03	9.94e-01	4.12e-03
 2.39260e+16	1.52e-03	9.95e-01	3.79e-03
 2.40091e+16	1.60e-03	9.95e-01	3.48e-03
 2.40816e+16	1.67e-03	9.95e-01	3.23e-03
 2.41440e+16	1.73e-03	9.95e-01	3.04e-03
 2.42124e+16	1.81e-03	9.95e-01	2.83e-03
 2.42876e+16	1.91e-03	9.95e-01	2.63e-03
 2.43538e+16	2.00e-03	9.96e-01	2.47e-03
 2.44104e+16	2.09e-03	9.96e-01	2.34e-03
 2.44722e+16	2.19e-03	9.96e-01	2.20e-03
 2.45398e+16	2.31e-03	9.96e-01	2.07e-03
 2.45994e+16	2.43e-03	9.96e-01	1.96e-03
 2.46507e+16	2.55e-03	9.96e-01	1.87e-03
 2.47067e+16	2.68e-03	9.96e-01	1.77e-03
 2.47686e+16	2.84e-03	9.95e-01	1.67e-03
 2.48237e+16	3.00e-03	9.95e-01	1.59e-03
 2.48714e+16	3.15e-03	9.95e-01	1.53e-03
 2.49237e+16	3.34e-03	9.95e-01	1.46e-03
 2.49812e+16	3.56e-03	9.95e-01	1.39e-03
 2.50325e+16	3.79e-03	9.95e-01	1.33e-03
 2.50777e+16	4.02e-03	9.95e-01	1.28e-03
 2.51281e+16	4.29e-03	9.94e-01	1.22e-03
 2.51838e+16	4.64e-03	9.94e-01	1.16e-03
 2.52345e+16	5.00e-03	9.94e-01	1.11e-03
 2.52804e+16	5.37e-03	9.94e-01	1.07e-03
 2.53322e+16	5.85e-03	9.93e-01	1.03e-03
 2.53884e+16	6.46e-03	9.93e-01	9.80e-04
 2.54366e+16	7.11e-03	9.92e-01	9.43e-04
 2.54773e+16	7.71e-03	9.91e-01	9.15e-04
 2.55143e+16	8.37e-03	9.91e-01	8.89e-04
 2.55495e+16	9.09e-03	9.90e-01	8.64e-04
 2.55839e+16	9.90e-03	9.89e-01	8.41e-04
 2.56172e+16	1.08e-02	9.88e-01	8.22e-04
 2.56487e+16	1.18e-02	9.87e-01	8.02e-04
 2.56786e+16	1.29e-02	9.86e-01	7.85e-04
 2.57068e+16	1.41e-02	9.85e-01	7.70e-04
 2.57340e+16	1.55e-02	9.84e-01	7.57e-04
 2.57602e+16	1.70e-02	9.82e-01	7.45e-04
 2.57855e+16	1.87e-02	9.81e-01	7.36e-04
 2.58100e+16	2.07e-02	9.79e-01	7.25e-04
 2.58335e+16	2.28e-02	9.76e-01	7.20e-04
 2.58561e+16	2.53e-02	9.74e-01	7.14e-04
 2.58782e+16	2.82e-02	9.71e-01	7.09e-04
 2.58997e+16	3.14e-02	9.68e-01	7.07e-04
 2.59202e+16	3.51e-02	9.64e-01	7.06e-04
 2.59395e+16	3.92e-02	9.60e-01	7.08e-04
 2.59576e+16	4.36e-02	9.56e-01	7.13e-04
 2.59751e+16	4.87e-02	9.51e-01	7.17e-04
 2.59920e+16	5.45e-02	9.45e-01	7.22e-04
 2.60077e+16	6.05e-02	9.39e-01	7.34e-04
 2.60230e+16	6.75e-02	9.32e-01	7.43e-04
 2.60381e+16	7.56e-02	9.24e-01	7.54e-04
 2.60522e+16	8.42e-02	9.15e-01	7.68e-04
 2.60649e+16	9.28e-02	9.06e-01	7.85e-04
 2.60761e+16	1.02e-01	8.98e-01	7.99e-04
 2.60864e+16	1.11e-01	8.88e-01	8.12e-04
 2.60967e+16	1.21e-01	8.78e-01	8.30e-04
 2.61048e+16	1.29e-01	8.70e-01	8.43e-04
 2.61099e+16	1.35e-01	8.64e-01	8.51e-04
 2.61145e+16	1.41e-01	8.59e-01	8.59e-04
 2.61198e+16	1.47e-01	8.52e-01	8.69e-04
 2.61257e+16	1.55e-01	8.44e-01	8.80e-04
 2.61314e+16	1.64e-01	8.35e-01	8.90e-04
 2.61367e+16	1.71e-01	8.28e-01	9.02e-04
 2.61418e+16	1.80e-01	8.19e-01	9.12e-04
 2.61471e+16	1.89e-01	8.10e-01	9.22e-04
 2.61523e+16	1.98e-01	8.01e-01	9.33e-04
 2.61573e+16	2.07e-01	7.92e-01	9.46e-04
 2.61624e+16	2.18e-01	7.82e-01	9.55e-04
 2.61674e+16	2.28e-01	7.71e-01	9.68e-04
 2.61724e+16	2.38e-01	7.61e-01	9.78e-04
 2.61773e+16	2.50e-01	7.49e-01	9.88e-04
 2.61821e+16	2.61e-01	7.38e-01	9.99e-04
 2.61868e+16	2.73e-01	7.26e-01	1.01e-03
 2.61916e+16	2.86e-01	7.13e-01	1.02e-03
 2.61963e+16	2.98e-01	7.01e-01	1.03e-03
 2.62009e+16	3.11e-01	6.88e-01	1.04e-03
 2.62054e+16	3.24e-01	6.75e-01	1.05e-03
 2.62100e+16	3.38e-01	6.61e-01	1.06e-03
 2.62145e+16	3.53e-01	6.46e-01	1.06e-03
 2.62188e+16	3.67e-01	6.32e-01	1.07e-03
 2.62231e+16	3.81e-01	6.18e-01	1.08e-03
 2.62274e+16	3.96e-01	6.03e-01	1.09e-03
 2.62317e+16	4.11e-01	5.88e-01	1.09e-03
 2.62359e+16	4.26e-01	5.73e-01	1.09e-03
 2.62400e+16	4.42e-01	5.57e-01	1.10e-03
 2.62441e+16	4.57e-01	5.42e-01	1.10e-03
 2.62481e+16	4.72e-01	5.27e-01	1.11e-03
 2.62521e+16	4.88e-01	5.11e-01	1.11e-03
 2.62559e+16	5.03e-01	4.96e-01	1.11e-03
 2.62597e+16	5.18e-01	4.81e-01	1.11e-03
 2.62634e+16	5.33e-01	4.66e-01	1.11e-03
 2.62670e+16	5.47e-01	4.52e-01	1.11e-03
 2.62706e+16	5.62e-01	4.37e-01	1.10e-03
 2.62740e+16	5.76e-01	4.23e-01	1.10e-03
 2.62775e+16	5.90e-01	4.09e-01	1.09e-03
 2.62809e+16	6.04e-01	3.95e-01	1.09e-03
 2.62842e+16	6.17e-01	3.82e-01	1.08e-03
 2.62874e+16	6.30e-01	3.69e-01	1.07e-03
 2.62906e+16	6.43e-01	3.56e-01	1.07e-03
 2.62937e+16	6.55e-01	3.44e-01	1.06e-03
 2.62968e+16	6.67e-01	3.32e-01	1.05e-03
 2.62998e+16	6.79e-01	3.20e-01	1.04e-03
 2.63029e+16	6.91e-01	3.08e-01	1.03e-03
 2.63059e+16	7.02e-01	2.97e-01	1.02e-03
 2.63088e+16	7.13e-01	2.86e-01	1.01e-03
 2.63117e+16	7.23e-01	2.76e-01	9.95e-04
 2.63146e+16	7.34e-01	2.65e-01	9.82e-04
 2.63175e+16	7.44e-01	2.56e-01	9.70e-04
 2.63203e+16	7.53e-01	2.46e-01	9.56e-04
 2.63231e+16	7.63e-01	2.36e-01	9.41e-04
 2.63255e+16	7.70e-01	2.29e-01	9.28e-04
 2.63274e+16	7.76e-01	2.23e-01	9.17e-04
 2.63291e+16	7.82e-01	2.17e-01	9.06e-04
 2.63309e+16	7.87e-01	2.12e-01	8.95e-04
 2.63327e+16	7.93e-01	2.06e-01	8.82e-04
 2.63345e+16	7.99e-01	2.01e-01	8.72e-04
 2.63362e+16	8.04e-01	1.96e-01	8.61e-04
 2.63378e+16	8.08e-01	1.91e-01	8.51e-04
 2.63394e+16	8.13e-01	1.86e-01	8.40e-04
 2.63410e+16	8.17e-01	1.82e-01	8.29e-04
 2.63426e+16	8.22e-01	1.78e-01	8.18e-04
 2.63441e+16	8.26e-01	1.73e-01	8.08e-04
 2.63456e+16	8.30e-01	1.70e-01	7.98e-04
 2.63470e+16	8.33e-01	1.66e-01	7.88e-04
 2.63485e+16	8.37e-01	1.62e-01	7.78e-04
 2.63499e+16	8.41e-01	1.58e-01	7.67e-04
 2.63514e+16	8.44e-01	1.55e-01	7.57e-04
 2.63528e+16	8.48e-01	1.52e-01	7.47e-04
 2.63542e+16	8.51e-01	1.48e-01	7.37e-04
 2.63556e+16	8.54e-01	1.45e-01	7.26e-04
 2.63571e+16	8.58e-01	1.42e-01	7.16e-04
 2.63586e+16	8.61e-01	1.38e-01	7.05e-04
 2.63601e+16	8.64e-01	1.35e-01	6.94e-04
 2.63616e+16	8.68e-01	1.32e-01	6.82e-04
 2.63633e+16	8.71e-01	1.28e-01	6.70e-04
 2.63650e+16	8.75e-01	1.25e-01	6.59e-04
 2.63670e+16	8.78e-01	1.21e-01	6.44e-04
 2.63692e+16	8.83e-01	1.17e-01	6.29e-04
 2.63716e+16	8.87e-01	1.12e-01	6.12e-04
 2.63742e+16	8.91e-01	1.08e-01	5.94e-04
 2.63766e+16	8.95e-01	1.04e-01	5.77e-04
 2.63789e+16	8.99e-01	1.00e-01	5.61e-04
 2.63812e+16	9.03e-01	9.68e-02	5.44e-04
 2.63833e+16	9.06e-01	9.36e-02	5.29e-04
 2.63853e+16	9.09e-01	9.08e-02	5.15e-04
 2.63871e+16	9.11e-01	8.83e-02	5.02e-04
 2.63887e+16	9.13e-01	8.61e-02	4.91e-04
 2.63902e+16	9.15e-01	8.41e-02	4.81e-04
 2.63916e+16	9.17e-01	8.23e-02	4.71e-04
 2.63931e+16	9.19e-01	8.04e-02	4.61e-04
 2.63947e+16	9.21e-01	7.85e-02	4.50e-04
 2.63961e+16	9.23e-01	7.68e-02	4.41e-04
 2.63974e+16	9.24e-01	7.53e-02	4.32e-04
 2.63989e+16	9.26e-01	7.36e-02	4.23e-04
 2.64005e+16	9.28e-01	7.20e-02	4.14e-04
 2.64019e+16	9.29e-01	7.05e-02	4.05e-04
 2.64032e+16	9.30e-01	6.92e-02	3.97e-04
 2.64046e+16	9.32e-01	6.77e-02	3.89e-04
 2.64062e+16	9.33e-01	6.63e-02	3.80e-04
 2.64075e+16	9.35e-01	6.50e-02	3.72e-04
 2.64088e+16	9.36e-01	6.38e-02	3.66e-04
 2.64102e+16	9.37e-01	6.25e-02	3.57e-04
 2.64117e+16	9.38e-01	6.12e-02	3.49e-04
 2.64131e+16	9.40e-01	6.01e-02	3.42e-04
 2.64143e+16	9.41e-01	5.91e-02	3.36e-04
 2.64157e+16	9.42e-01	5.80e-02	3.29e-04
 2.64172e+16	9.43e-01	5.69e-02	3.22e-04
 2.64185e+16	9.44e-01	5.59e-02	3.15e-04
 2.64197e+16	9.45e-01	5.50e-02	3.10e-04
 2.64211e+16	9.46e-01	5.40e-02	3.03e-04
 2.64225e+16	9.47e-01	5.31e-02	2.97e-04
 2.64238e+16	9.48e-01	5.22e-02	2.92e-04
 2.64250e+16	9.48e-01	5.14e-02	2.87e-04
 2.64263e+16	9.49e-01	5.06e-02	2.81e-04
 2.64278e+16	9.50e-01	4.98e-02	2.76e-04
 2.64290e+16	9.51e-01	4.90e-02	2.71e-04
 2.64305e+16	9.52e-01	4.82e-02	2.65e-04
 2.64320e+16	9.52e-01	4.74e-02	2.60e-04
 2.64334e+16	9.53e-01	4.67e-02	2.55e-04
 2.64349e+16	9.54e-01	4.59e-02	2.50e-04
 2.64365e+16	9.55e-01	4.51e-02	2.45e-04
 2.64380e+16	9.55e-01	4.45e-02	2.41e-04
 2.64397e+16	9.56e-01	4.37e-02	2.36e-04
 2.64414e+16	9.57e-01	4.30e-02	2.31e-04
 2.64430e+16	9.57e-01	4.24e-02	2.27e-04
 2.64448e+16	9.58e-01	4.17e-02	2.22e-04
 2.64467e+16	9.59e-01	4.10e-02	2.18e-04
 2.64484e+16	9.59e-01	4.04e-02	2.14e-04
 2.64503e+16	9.60e-01	3.98e-02	2.10e-04
 2.64524e+16	9.61e-01	3.92e-02	2.06e-04
 2.64542e+16	9.61e-01	3.86e-02	2.02e-04
 2.64563e+16	9.62e-01	3.80e-02	1.98e-04
 2.64589e+16	9.62e-01	3.73e-02	1.94e-04
 2.64618e+16	9.63e-01	3.67e-02	1.90e-04
 2.64644e+16	9.64e-01	3.61e-02	1.86e-04
 2.64672e+16	9.64e-01	3.55e-02	1.82e-04
 2.64710e+16	9.65e-01	3.49e-02	1.78e-04
 2.64750e+16	9.66e-01	3.42e-02	1.74e-04
 2.64786e+16	9.66e-01	3.37e-02	1.71e-04
 2.64826e+16	9.67e-01	3.31e-02	1.67e-04
 2.64878e+16	9.67e-01	3.25e-02	1.63e-04
 2.64934e+16	9.68e-01	3.20e-02	1.59e-04
 2.64985e+16	9.68e-01	3.15e-02	1.56e-04
 2.65041e+16	9.69e-01	3.10e-02	1.52e-04
 2.65114e+16	9.69e-01	3.05e-02	1.49e-04
 2.65192e+16	9.70e-01	3.01e-02	1.46e-04
 2.65264e+16	9.70e-01	2.97e-02	1.43e-04
 2.65342e+16	9.71e-01	2.93e-02	1.40e-04
 2.65444e+16	9.71e-01	2.88e-02	1.36e-04
 2.65554e+16	9.71e-01	2.85e-02	1.33e-04
 2.65674e+16	9.72e-01	2.80e-02	1.30e-04
 2.65830e+16	9.72e-01	2.75e-02	1.26e-04
 2.65999e+16	9.73e-01	2.71e-02	1.22e-04
 2.66153e+16	9.73e-01	2.67e-02	1.19e-04
 2.66322e+16	9.74e-01	2.63e-02	1.15e-04
 2.66503e+16	9.74e-01	2.58e-02	1.12e-04
 2.66669e+16	9.74e-01	2.55e-02	1.08e-04
 2.66850e+16	9.75e-01	2.50e-02	1.05e-04
 2.67046e+16	9.75e-01	2.46e-02	1.02e-04
 2.67224e+16	9.76e-01	2.42e-02	9.87e-05
 2.67420e+16	9.76e-01	2.38e-02	9.55e-05
 2.67630e+16	9.77e-01	2.34e-02	9.23e-05
 2.67822e+16	9.77e-01	2.30e-02	8.94e-05
 2.68032e+16	9.77e-01	2.26e-02	8.63e-05
 2.68259e+16	9.78e-01	2.22e-02	8.33e-05
 2.68466e+16	9.78e-01	2.18e-02	8.06e-05
 2.68692e+16	9.79e-01	2.14e-02	7.77e-05
 2.68936e+16	9.79e-01	2.10e-02	7.48e-05
 2.69158e+16	9.79e-01	2.06e-02	7.23e-05
 2.69361e+16	9.80e-01	2.03e-02	7.01e-05
 2.69582e+16	9.80e-01	1.99e-02	6.76e-05
 2.69822e+16	9.80e-01	1.96e-02	6.53e-05
 2.70039e+16	9.81e-01	1.93e-02	6.32e-05
 2.70278e+16	9.81e-01	1.89e-02	6.09e-05
 2.70536e+16	9.81e-01	1.85e-02	5.86e-05
 2.70770e+16	9.82e-01	1.82e-02	5.67e-05
 2.71027e+16	9.82e-01	1.78e-02	5.45e-05
 2.71304e+16	9.82e-01	1.75e-02	5.24e-05
 2.71557e+16	9.83e-01	1.72e-02	5.06e-05
 2.71833e+16	9.83e-01	1.68e-02	4.85e-05
 2.72132e+16	9.83e-01	1.65e-02	4.66e-05
 2.72403e+16	9.84e-01	1.61e-02	4.49e-05
 2.72701e+16	9.84e-01	1.58e-02	4.30e-05
 2.73022e+16	9.85e-01	1.54e-02	4.12e-05
 2.73315e+16	9.85e-01	1.51e-02	3.96e-05
 2.73635e+16	9.85e-01	1.48e-02	3.79e-05
 2.73981e+16	9.86e-01	1.45e-02	3.62e-05
 2.74296e+16	9.86e-01	1.42e-02	3.47e-05
 2.74583e+16	9.86e-01	1.39e-02	3.35e-05
 2.74897e+16	9.86e-01	1.36e-02	3.21e-05
 2.75236e+16	9.87e-01	1.33e-02	3.08e-05
 2.75544e+16	9.87e-01	1.30e-02	2.96e-05
 2.75882e+16	9.87e-01	1.28e-02	2.83e-05
 2.76247e+16	9.88e-01	1.25e-02	2.71e-05
 2.76579e+16	9.88e-01	1.22e-02	2.60e-05
 2.76943e+16	9.88e-01	1.19e-02	2.48e-05
 2.77336e+16	9.88e-01	1.16e-02	2.37e-05
 2.77693e+16	9.89e-01	1.14e-02	2.27e-05
 2.78085e+16	9.89e-01	1.11e-02	2.16e-05
 2.78508e+16	9.89e-01	1.08e-02	2.06e-05
 2.78893e+16	9.89e-01	1.06e-02	1.97e-05
 2.79314e+16	9.90e-01	1.03e-02	1.87e-05
 2.79769e+16	9.90e-01	1.01e-02	1.78e-05
 2.80184e+16	9.90e-01	9.82e-03	1.70e-05
 2.80638e+16	9.90e-01	9.56e-03	1.61e-05
 2.81128e+16	9.91e-01	9.30e-03	1.52e-05
 2.81574e+16	9.91e-01	9.08e-03	1.45e-05
 2.82062e+16	9.91e-01	8.83e-03	1.37e-05
 2.82590e+16	9.91e-01	8.57e-03	1.30e-05
 2.83070e+16	9.92e-01	8.36e-03	1.23e-05
 2.83596e+16	9.92e-01	8.12e-03	1.16e-05
 2.84164e+16	9.92e-01	7.87e-03	1.10e-05
 2.84786e+16	9.92e-01	7.61e-03	1.03e-05
 2.85556e+16	9.93e-01	7.30e-03	9.46e-06
 2.86395e+16	9.93e-01	6.99e-03	8.68e-06
 2.87243e+16	9.93e-01	6.69e-03	7.98e-06
 2.88115e+16	9.94e-01	6.41e-03	7.32e-06
 2.89026e+16	9.94e-01	6.12e-03	6.69e-06
 2.89971e+16	9.94e-01	5.85e-03	6.11e-06
 2.90950e+16	9.94e-01	5.58e-03	5.56e-06
 2.91962e+16	9.95e-01	5.32e-03	5.06e-06
 2.92996e+16	9.95e-01	5.06e-03	4.60e-06
 2.94048e+16	9.95e-01	4.83e-03	4.18e-06
 2.95118e+16	9.95e-01	4.60e-03	3.79e-06
 2.96210e+16	9.96e-01	4.38e-03	3.44e-06
 2.97323e+16	9.96e-01	4.16e-03	3.12e-06
 2.98456e+16	9.96e-01	3.96e-03	2.83e-06
 2.99611e+16	9.96e-01	3.77e-03	2.56e-06
 3.00787e+16	9.96e-01	3.58e-03	2.32e-06
 3.01967e+16	9.97e-01	3.41e-03	2.10e-06
 3.03165e+16	9.97e-01	3.24e-03	1.90e-06
 3.04407e+16	9.97e-01	3.08e-03	1.72e-06
 3.05680e+16	9.97e-01	2.92e-03	1.55e-06
 3.06974e+16	9.97e-01	2.77e-03	1.39e-06
 3.08290e+16	9.97e-01	2.63e-03	1.25e-06
 3.09629e+16	9.98e-01	2.49e-03	1.13e-06
 3.10995e+16	9.98e-01	2.36e-03	1.01e-06
 3.12388e+16	9.98e-01	2.24e-03	9.10e-07
 3.13809e+16	9.98e-01	2.12e-03	8.16e-07
 3.15258e+16	9.98e-01	2.00e-03	7.30e-07
 3.16738e+16	9.98e-01	1.89e-03	6.53e-07
 3.18249e+16	9.98e-01	1.79e-03	5.83e-07
 3.19791e+16	9.98e-01	1.69e-03	5.20e-07
 3.21366e+16	9.98e-01	1.59e-03	4.63e-07
 3.22976e+16	9.98e-01	1.50e-03	4.11e-07
 3.24621e+16	9.99e-01	1.42e-03	3.65e-07
 3.26304e+16	9.99e-01	1.33e-03	3.23e-07
 3.28027e+16	9.99e-01	1.25e-03	2.86e-07
 3.29791e+16	9.99e-01	1.18e-03	2.52e-07
 3.31599e+16	9.99e-01	1.10e-03	2.22e-07
 3.33451e+16	9.99e-01	1.04e-03	1.95e-07
 3.35351e+16	9.99e-01	9.70e-04	1.71e-07
 3.37302e+16	9.99e-01	9.07e-04	1.49e-07
 3.39309e+16	9.99e-01	8.48e-04	1.30e-07
 3.41375e+16	9.99e-01	7.90e-04	1.13e-07
 3.43504e+16	9.99e-01	7.37e-04	9.83e-08
 3.45653e+16	9.99e-01	6.86e-04	8.52e-08
 3.47862e+16	9.99e-01	6.38e-04	7.34e-08
 3.50204e+16	9.99e-01	5.90e-04	6.28e-08
 3.52650e+16	9.99e-01	5.45e-04	5.35e-08
 3.55176e+16	9.99e-01	5.03e-04	4.54e-08
 3.57794e+16	1.00e+00	4.62e-04	3.83e-08
 3.60525e+16	1.00e+00	4.24e-04	3.21e-08
 3.63385e+16	1.00e+00	3.87e-04	2.67e-08
 3.66391e+16	1.00e+00	3.52e-04	2.20e-08
 3.69557e+16	1.00e+00	3.19e-04	1.80e-08
 3.72890e+16	1.00e+00	2.88e-04	1.46e-08
 3.76444e+16	1.00e+00	2.58e-04	1.16e-08
 3.80243e+16	1.00e+00	2.29e-04	9.18e-09
 3.84297e+16	1.00e+00	2.03e-04	7.13e-09
 3.88663e+16	1.00e+00	1.78e-04	5.44e-09
 3.93422e+16	1.00e+00	1.54e-04	4.06e-09
 3.98663e+16	1.00e+00	1.31e-04	2.95e-09
 4.04412e+16	1.00e+00	1.11e-04	2.08e-09
 4.11013e+16	1.00e+00	9.08e-05	1.39e-09
 4.18611e+16	1.00e+00	7.26e-05	8.83e-10
 4.26959e+16	1.00e+00	5.68e-05	5.39e-10
 4.35730e+16	1.00e+00	4.40e-05	3.24e-10
 4.44529e+16	1.00e+00	3.41e-05	1.96e-10
 4.53321e+16	1.00e+00	2.65e-05	1.19e-10
 4.62251e+16	1.00e+00	2.06e-05	7.21e-11
 4.71441e+16	1.00e+00	1.59e-05	4.33e-11
 4.80892e+16	1.00e+00	1.22e-05	2.59e-11
 4.90610e+16	1.00e+00	9.40e-06	1.54e-11
 5.00651e+16	1.00e+00	7.18e-06	9.09e-12
 5.11067e+16	1.00e+00	5.46e-06	5.31e-12
 5.21910e+16	1.00e+00	4.13e-06	3.07e-12
 5.33194e+16	1.00e+00	3.11e-06	1.75e-12
 5.44963e+16	1.00e+00	2.32e-06	9.91e-13
 5.57324e+16	1.00e+00	1.72e-06	5.52e-13
 5.70446e+16	1.00e+00	1.27e-06	3.00e-13
 5.84438e+16	1.00e+00	9.17e-07	1.59e-13
 5.99327e+16	1.00e+00	6.57e-07	8.24e-14
 6.14832e+16	1.00e+00	4.70e-07	4.24e-14
 6.30493e+16	1.00e+00	3.38e-07	2.21e-14
 6.46153e+16	1.00e+00	2.45e-07	1.17e-14
 6.61813e+16	1.00e+00	1.79e-07	6.30e-15
 6.77474e+16	1.00e+00	1.32e-07	3.44e-15
 6.93134e+16	1.00e+00	9.82e-08	1.91e-15
 7.08795e+16	1.00e+00	7.34e-08	1.07e-15
 7.26804e+16	1.00e+00	5.26e-08	5.52e-16
 7.47470e+16	1.00e+00	3.66e-08	2.68e-16
 7.68442e+16	1.00e+00	2.56e-08	1.32e-16
 7.90698e+16	1.00e+00	1.76e-08	6.28e-17
 8.14701e+16	1.00e+00	1.20e-08	2.91e-17
 8.39285e+16	1.00e+00	8.19e-09	1.36e-17
 8.63988e+16	1.00e+00	5.65e-09	6.51e-18
 8.89751e+16	1.00e+00	3.87e-09	3.06e-18
 9.16835e+16	1.00e+00	2.64e-09	1.42e-18
 9.44582e+16	1.00e+00	1.80e-09	6.64e-19
 9.72865e+16	1.00e+00	1.23e-09	3.13e-19
 1.00129e+17	1.00e+00	8.54e-10	1.50e-19
 1.02971e+17	1.00e+00	5.97e-10	7.34e-20
 1.05813e+17	1.00e+00	4.21e-10	3.66e-20
 1.08655e+17	1.00e+00	3.00e-10	1.86e-20
 1.11497e+17	1.00e+00	2.15e-10	9.57e-21
 1.14339e+17	1.00e+00	1.56e-10	0.00e+00
 1.17181e+17	1.00e+00	1.14e-10	0.00e+00
 1.20167e+17	1.00e+00	8.18e-11	0.00e+00
 1.23296e+17	1.00e+00	5.88e-11	0.00e+00
 1.26426e+17	1.00e+00	4.26e-11	0.00e+00
 1.29556e+17	1.00e+00	3.12e-11	0.00e+00
 1.32686e+17	1.00e+00	2.30e-11	0.00e+00
 1.35816e+17	1.00e+00	1.72e-11	0.00e+00
 1.38946e+17	1.00e+00	1.30e-11	0.00e+00
 1.42200e+17	1.00e+00	9.75e-12	0.00e+00
 1.45611e+17	1.00e+00	7.35e-12	0.00e+00
 1.48985e+17	1.00e+00	5.65e-12	0.00e+00
 1.52204e+17	1.00e+00	4.47e-12	0.00e+00
 1.55276e+17	1.00e+00	3.64e-12	0.00e+00
 1.58242e+17	1.00e+00	3.03e-12	0.00e+00
 1.61115e+17	1.00e+00	2.58e-12	0.00e+00
 1.63881e+17	1.00e+00	2.24e-12	0.00e+00
 1.66521e+17	1.00e+00	1.99e-12	0.00e+00
 1.69029e+17	1.00e+00	1.80e-12	0.00e+00
 1.71411e+17	1.00e+00	1.65e-12	0.00e+00
 1.73675e+17	1.00e+00	1.54e-12	0.00e+00
 1.75826e+17	1.00e+00	1.46e-12	0.00e+00
 1.77866e+17	1.00e+00	1.39e-12	0.00e+00
 1.79797e+17	1.00e+00	1.33e-12	0.00e+00
 1.81625e+17	1.00e+00	1.29e-12	0.00e+00
 1.83354e+17	1.00e+00	1.26e-12	0.00e+00
 1.84990e+17	1.00e+00	1.23e-12	0.00e+00
 1.86540e+17	1.00e+00	1.20e-12	0.00e+00
 1.88007e+17	1.00e+00	1.19e-12	0.00e+00
 1.89395e+17	1.00e+00	1.17e-12	0.00e+00
 1.90709e+17	1.00e+00	1.16e-12	0.00e+00
 1.91954e+17	1.00e+00	1.15e-12	0.00e+00
 1.93133e+17	1.00e+00	1.14e-12	0.00e+00
 1.94250e+17	1.00e+00	1.13e-12	0.00e+00
 1.95308e+17	1.00e+00	1.12e-12	0.00e+00
 1.96312e+17	1.00e+00	1.12e-12	0.00e+00
 1.97264e+17	1.00e+00	1.11e-12	0.00e+00
 1.98167e+17	1.00e+00	1.11e-12	0.00e+00
 1.99025e+17	1.00e+00	1.11e-12	0.00e+00
 1.99839e+17	1.00e+00	1.10e-12	0.00e+00
 2.00613e+17	1.00e+00	1.10e-12	0.00e+00
 2.01348e+17	1.00e+00	1.10e-12	0.00e+00
 2.02047e+17	1.00e+00	1.10e-12	0.00e+00
 2.02713e+17	1.00e+00	1.09e-12	0.00e+00
 2.03346e+17	1.00e+00	1.09e-12	0.00e+00
 2.03949e+17	1.00e+00	1.09e-12	0.00e+00
 2.04524e+17	1.00e+00	1.09e-12	0.00e+00
 2.05073e+17	1.00e+00	1.09e-12	0.00e+00
 2.05596e+17	1.00e+00	1.09e-12	0.00e+00
 2.06097e+17	1.00e+00	1.09e-12	0.00e+00
 2.06575e+17	1.00e+00	1.09e-12	0.00e+00
 2.07032e+17	1.00e+00	1.09e-12	0.00e+00
 2.07471e+17	1.00e+00	1.09e-12	0.00e+00
 2.07891e+17	1.00e+00	1.08e-12	0.00e+00
 2.08295e+17	1.00e+00	1.08e-12	0.00e+00
 2.08683e+17	1.00e+00	1.08e-12	0.00e+00
 2.09057e+17	1.00e+00	1.08e-12	0.00e+00
 2.09418e+17	1.00e+00	1.08e-12	0.00e+00
 2.09766e+17	1.00e+00	1.08e-12	0.00e+00
 2.10104e+17	1.00e+00	1.08e-12	0.00e+00
 2.10431e+17	1.00e+00	1.08e-12	0.00e+00
 2.10750e+17	1.00e+00	1.08e-12	0.00e+00
 2.11061e+17	1.00e+00	1.08e-12	0.00e+00
 2.11365e+17	1.00e+00	1.08e-12	0.00e+00
 2.11664e+17	1.00e+00	1.08e-12	0.00e+00
 2.11959e+17	1.00e+00	1.08e-12	0.00e+00
 2.12251e+17	1.00e+00	1.08e-12	0.00e+00
 2.12541e+17	1.00e+00	1.08e-12	0.00e+00
 2.12832e+17	1.00e+00	1.08e-12	0.00e+00
 2.13124e+17	1.00e+00	1.08e-12	0.00e+00
 2.13421e+17	1.00e+00	1.08e-12	0.00e+00
 2.13724e+17	1.00e+00	1.07e-12	0.00e+00
 2.14037e+17	1.00e+00	1.07e-12	0.00e+00
 2.14363e+17	1.00e+00	1.07e-12	0.00e+00
 2.14707e+17	1.00e+00	1.07e-12	0.00e+00
 2.15074e+17	1.00e+00	1.07e-12	0.00e+00
 2.15473e+17	1.00e+00	1.07e-12	0.00e+00
 2.15915e+17	1.00e+00	1.07e-12	0.00e+00
 2.16413e+17	1.00e+00	1.06e-12	0.00e+00
 2.16990e+17	1.00e+00	1.06e-12	0.00e+00
 2.17676e+17	1.00e+00	1.05e-12	0.00e+00
 2.18519e+17	1.00e+00	1.05e-12	0.00e+00
 2.19594e+17	1.00e+00	1.03e-12	0.00e+00
 2.20989e+17	1.00e+00	1.02e-12	0.00e+00
 2.22803e+17	1.00e+00	9.89e-13	0.00e+00
 2.25161e+17	1.00e+00	9.48e-13	0.00e+00
 2.28227e+17	1.00e+00	8.91e-13	0.00e+00
 2.32212e+17	1.00e+00	8.16e-13	0.00e+00
 2.37392e+17	1.00e+00	7.21e-13	0.00e+00
 2.44127e+17	1.00e+00	6.08e-13	0.00e+00
 2.52882e+17	1.00e+00	4.82e-13	0.00e+00
 2.62987e+17	1.00e+00	3.52e-13	0.00e+00
 2.73506e+17	1.00e+00	3.09e-13	0.00e+00
 2.84447e+17	1.00e+00	2.79e-13	0.00e+00
 2.95825e+17	1.00e+00	2.53e-13	0.00e+00
 3.07658e+17	1.00e+00	2.27e-13	0.00e+00
 3.19964e+17	1.00e+00	2.02e-13	0.00e+00
 3.32763e+17	1.00e+00	1.79e-13	0.00e+00
 3.46073e+17	1.00e+00	1.56e-13	0.00e+00
 3.59916e+17	1.00e+00	1.35e-13	0.00e+00
 3.74313e+17	1.00e+00	1.15e-13	0.00e+00
 3.88362e+17	1.00e+00	9.67e-14	0.00e+00
 4.00819e+17	1.00e+00	1.01e-13	0.00e+00
 4.11617e+17	1.00e+00	1.14e-13	0.00e+00
 4.21489e+17	1.00e+00	1.22e-13	0.00e+00
 4.31101e+17	1.00e+00	1.17e-13	0.00e+00
 4.40448e+17	1.00e+00	1.06e-13	0.00e+00
 4.49008e+17	1.00e+00	9.85e-14	0.00e+00
 4.56369e+17	1.00e+00	9.66e-14	0.00e+00
 4.62249e+17	1.00e+00	9.70e-14	0.00e+00
 4.66397e+17	1.00e+00	1.00e-13	0.00e+00
 4.68968e+17	1.00e+00	1.06e-13	0.00e+00
 4.70486e+17	1.00e+00	1.10e-13	0.00e+00
 4.71397e+17	1.00e+00	1.12e-13	0.00e+00
 4.71944e+17	1.00e+00	1.13e-13	0.00e+00
 4.72327e+17	1.00e+00	1.14e-13	0.00e+00
 4.72712e+17	1.00e+00	1.15e-13	0.00e+00
 4.73167e+17	1.00e+00	1.15e-13	0.00e+00
 4.73638e+17	1.00e+00	1.15e-13	0.00e+00
 4.74044e+17	1.00e+00	1.16e-13	0.00e+00
 4.74377e+17	1.00e+00	1.16e-13	0.00e+00
 4.74672e+17	1.00e+00	1.16e-13	0.00e+00
 4.74958e+17	1.00e+00	1.16e-13	0.00e+00
 4.75245e+17	1.00e+00	1.15e-13	0.00e+00
 4.75528e+17	1.00e+00	1.15e-13	0.00e+00
 4.75792e+17	1.00e+00	1.15e-13	0.00e+00
 4.76027e+17	1.00e+00	1.15e-13	0.00e+00
 4.76252e+17	1.00e+00	1.15e-13	0.00e+00
 4.76476e+17	1.00e+00	1.14e-13	0.00e+00
 4.76689e+17	1.00e+00	1.14e-13	0.00e+00
 4.76892e+17	1.00e+00	1.14e-13	0.00e+00
 4.77083e+17	1.00e+00	1.14e-13	0.00e+00
 4.77268e+17	1.00e+00	1.13e-13	0.00e+00
 4.77449e+17	1.00e+00	1.13e-13	0.00e+00
 4.77625e+17	1.00e+00	1.13e-13	0.00e+00
 4.77794e+17	1.00e+00	1.12e-13	0.00e+00
 4.77956e+17	1.00e+00	1.12e-13	0.00e+00
 4.78115e+17	1.00e+00	1.12e-13	0.00e+00
 4.78270e+17	1.00e+00	1.11e-13	0.00e+00
 4.78421e+17	1.00e+00	1.11e-13	0.00e+00
 4.78569e+17	1.00e+00	1.11e-13	0.00e+00
 4.78717e+17	1.00e+00	1.10e-13	0.00e+00
 4.78857e+17	1.00e+00	1.10e-13	0.00e+00
 4.78994e+17	1.00e+00	1.10e-13	0.00e+00
 4.79138e+17	1.00e+00	1.09e-13	0.00e+00
 4.79287e+17	1.00e+00	1.09e-13	0.00e+00
 4.79431e+17	1.00e+00	1.08e-13	0.00e+00
 4.79569e+17	1.00e+00	1.08e-13	0.00e+00
 4.79705e+17	1.00e+00	1.08e-13	0.00e+00
 4.79843e+17	1.00e+00	1.07e-13	0.00e+00
 4.79992e+17	1.00e+00	1.07e-13	0.00e+00
 4.80145e+17	1.00e+00	1.06e-13	0.00e+00
 4.80287e+17	1.00e+00	1.06e-13	0.00e+00
 4.80425e+17	1.00e+00	1.05e-13	0.00e+00
 4.80575e+17	1.00e+00	1.05e-13	0.00e+00
 4.80734e+17	1.00e+00	1.04e-13	0.00e+00
 4.80897e+17	1.00e+00	1.04e-13	0.00e+00
 4.81063e+17	1.00e+00	1.03e-13	0.00e+00
 4.81229e+17	1.00e+00	1.03e-13	0.00e+00
 4.81393e+17	1.00e+00	1.02e-13	0.00e+00
 4.81551e+17	1.00e+00	1.01e-13	0.00e+00
 4.81720e+17	1.00e+00	1.01e-13	0.00e+00
 4.81914e+17	1.00e+00	1.00e-13	0.00e+00
 4.82112e+17	1.00e+00	9.92e-14	0.00e+00
 4.82288e+17	1.00e+00	9.85e-14	0.00e+00
 4.82462e+17	1.00e+00	9.79e-14	0.00e+00
 4.82661e+17	1.00e+00	9.71e-14	0.00e+00
 4.82880e+17	1.00e+00	9.62e-14	0.00e+00
 4.83090e+17	1.00e+00	9.54e-14	0.00e+00
 4.83291e+17	1.00e+00	9.45e-14	0.00e+00
 4.83507e+17	1.00e+00	9.37e-14	0.00e+00
 4.83738e+17	1.00e+00	9.27e-14	0.00e+00
 4.83970e+17	1.00e+00	9.17e-14	0.00e+00
 4.84202e+17	1.00e+00	9.08e-14	0.00e+00
 4.84446e+17	1.00e+00	8.97e-14	0.00e+00
 4.84700e+17	1.00e+00	8.86e-14	0.00e+00
 4.84953e+17	1.00e+00	8.75e-14	0.00e+00
 4.85210e+17	1.00e+00	8.64e-14	0.00e+00
 4.85486e+17	1.00e+00	8.53e-14	0.00e+00
 4.85773e+17	1.00e+00	8.40e-14	0.00e+00
 4.86057e+17	1.00e+00	8.28e-14	0.00e+00
 4.86344e+17	1.00e+00	8.15e-14	0.00e+00
 4.86643e+17	1.00e+00	8.03e-14	0.00e+00
 4.86968e+17	1.00e+00	7.89e-14	0.00e+00
 4.87309e+17	1.00e+00	7.73e-14	0.00e+00
 4.87634e+17	1.00e+00	7.58e-14	0.00e+00
 4.87947e+17	1.00e+00	7.45e-14	0.00e+00
 4.88286e+17	1.00e+00	7.31e-14	0.00e+00
 4.88670e+17	1.00e+00	7.15e-14	0.00e+00
 4.89053e+17	1.00e+00	6.97e-14	0.00e+00
 4.89409e+17	1.00e+00	6.82e-14	0.00e+00
 4.89771e+17	1.00e+00	6.67e-14	0.00e+00
 4.90169e+17	1.00e+00	6.51e-14	0.00e+00
 4.90593e+17	1.00e+00	6.33e-14	0.00e+00
 4.91014e+17	1.00e+00	6.15e-14	0.00e+00
 4.91417e+17	1.00e+00	5.98e-14	0.00e+00
 4.91829e+17	1.00e+00	5.82e-14	0.00e+00
 4.92276e+17	1.00e+00	5.64e-14	0.00e+00
 4.92748e+17	1.00e+00	5.45e-14	0.00e+00
 4.93216e+17	1.00e+00	5.26e-14	0.00e+00
 4.93676e+17	1.00e+00	5.08e-14	0.00e+00
 4.94143e+17	1.00e+00	4.91e-14	0.00e+00
 4.94635e+17	1.00e+00	4.73e-14	0.00e+00
 4.95148e+17	1.00e+00	4.54e-14	0.00e+00
 4.95663e+17	1.00e+00	4.35e-14	0.00e+00
 4.96169e+17	1.00e+00	4.17e-14	0.00e+00
 4.96694e+17	1.00e+00	3.99e-14	0.00e+00
 4.97257e+17	1.00e+00	3.81e-14	0.00e+00
 4.97833e+17	1.00e+00	3.62e-14	0.00e+00
 4.98394e+17	1.00e+00	3.43e-14	0.00e+00
 4.98953e+17	1.00e+00	3.26e-14	0.00e+00
 4.99546e+17	1.00e+00	3.09e-14	0.00e+00
 5.00175e+17	1.00e+00	2.91e-14	0.00e+00
 5.00802e+17	1.00e+00	2.74e-14	0.00e+00
 5.01441e+17	1.00e+00	2.57e-14	0.00e+00
 5.02127e+17	1.00e+00	2.40e-14	0.00e+00
 5.02830e+17	1.00e+00	2.23e-14	0.00e+00
 5.03518e+17	1.00e+00	2.07e-14	0.00e+00
 5.04197e+17	1.00e+00	1.92e-14	0.00e+00
 5.04862e+17	1.00e+00	1.78e-14	0.00e+00
 5.05467e+17	1.00e+00	1.66e-14	0.00e+00
 5.05994e+17	1.00e+00	1.55e-14	0.00e+00
 5.06466e+17	1.00e+00	1.47e-14	0.00e+00
 5.06916e+17	1.00e+00	1.39e-14	0.00e+00
 5.07362e+17	1.00e+00	1.32e-14	0.00e+00
 5.07794e+17	1.00e+00	1.25e-14	0.00e+00
 5.08201e+17	1.00e+00	1.19e-14	0.00e+00
 5.08581e+17	1.00e+00	1.13e-14	0.00e+00
 5.08941e+17	1.00e+00	1.08e-14	0.00e+00
 5.09290e+17	1.00e+00	1.03e-14	0.00e+00
 5.09632e+17	1.00e+00	9.87e-15	0.00e+00
 5.09962e+17	1.00e+00	9.45e-15	0.00e+00
 5.10279e+17	1.00e+00	9.05e-15	0.00e+00
 5.10582e+17	1.00e+00	8.68e-15	0.00e+00
 5.10873e+17	1.00e+00	8.33e-15	0.00e+00
 5.11157e+17	1.00e+00	8.00e-15	0.00e+00
 5.11432e+17	1.00e+00	7.69e-15	0.00e+00
 5.11699e+17	1.00e+00	7.40e-15	0.00e+00
 5.11956e+17	1.00e+00	7.11e-15	0.00e+00
 5.12203e+17	1.00e+00	6.85e-15	0.00e+00
 5.12443e+17	1.00e+00	6.60e-15	0.00e+00
 5.12677e+17	1.00e+00	6.36e-15	0.00e+00
 5.12906e+17	1.00e+00	6.14e-15	0.00e+00
 5.13129e+17	1.00e+00	5.93e-15	0.00e+00
 5.13346e+17	1.00e+00	5.71e-15	0.00e+00
 5.13554e+17	1.00e+00	5.51e-15	0.00e+00
 5.13755e+17	1.00e+00	5.33e-15	0.00e+00
 5.13953e+17	1.00e+00	5.17e-15	0.00e+00
 5.14150e+17	1.00e+00	5.00e-15	0.00e+00
 5.14379e+17	1.00e+00	4.83e-15	0.00e+00
 5.14675e+17	1.00e+00	4.63e-15	0.00e+00
 5.15061e+17	1.00e+00	4.36e-15	0.00e+00
 5.15562e+17	1.00e+00	4.03e-15	0.00e+00
 5.16214e+17	1.00e+00	3.63e-15	0.00e+00
 5.17061e+17	1.00e+00	3.16e-15	0.00e+00
 5.18061e+17	1.00e+00	2.63e-15	0.00e+00
 5.18983e+17	1.00e+00	2.15e-15	0.00e+00
 5.19665e+17	1.00e+00	1.83e-15	0.00e+00
 5.20173e+17	1.00e+00	1.64e-15	0.00e+00
 5.20655e+17	1.00e+00	1.50e-15	0.00e+00
 5.21209e+17	1.00e+00	1.35e-15	0.00e+00
 5.21831e+17	1.00e+00	1.20e-15	0.00e+00
 5.22459e+17	1.00e+00	1.05e-15	0.00e+00
 5.23036e+17	1.00e+00	9.27e-16	0.00e+00
 5.23566e+17	1.00e+00	8.30e-16	0.00e+00
