#depth	C	C+	C+2	C+3	C+4	C+5	C+6	C[1]	C[2]	C[3]	C+[1]	C+[2]	CO
 1.49634e+10	5.99e-46	1.22e-34	2.04e-24	1.06e-14	1.82e-04	3.75e-01	6.24e-01	0.00e+00	0.00e+00	0.00e+00	0.00e+00	0.00e+00	3.39e-145
 4.54887e+10	0.00e+00	1.75e-34	2.70e-24	1.29e-14	2.05e-04	3.94e-01	6.06e-01	0.00e+00	0.00e+00	0.00e+00	0.00e+00	0.00e+00	5.28e-189
 7.72350e+10	1.44e-45	2.51e-34	3.59e-24	1.58e-14	2.33e-04	4.13e-01	5.87e-01	0.00e+00	0.00e+00	0.00e+00	0.00e+00	0.00e+00	3.34e-144
 1.10251e+11	0.00e+00	3.62e-34	4.77e-24	1.94e-14	2.64e-04	4.33e-01	5.67e-01	0.00e+00	0.00e+00	0.00e+00	0.00e+00	0.00e+00	2.74e-188
 1.44588e+11	3.49e-45	5.19e-34	6.32e-24	2.38e-14	2.99e-04	4.52e-01	5.48e-01	0.00e+00	0.00e+00	0.00e+00	0.00e+00	0.00e+00	3.31e-143
 1.80298e+11	0.00e+00	7.46e-34	8.39e-24	2.92e-14	3.38e-04	4.72e-01	5.28e-01	0.00e+00	0.00e+00	0.00e+00	0.00e+00	0.00e+00	1.43e-187
 2.17437e+11	8.43e-45	1.07e-33	1.11e-23	3.57e-14	3.82e-04	4.92e-01	5.08e-01	0.00e+00	0.00e+00	0.00e+00	0.00e+00	0.00e+00	3.29e-142
 2.56061e+11	0.00e+00	1.53e-33	1.47e-23	4.36e-14	4.31e-04	5.12e-01	4.88e-01	0.00e+00	0.00e+00	0.00e+00	0.00e+00	0.00e+00	7.49e-187
 2.96231e+11	2.03e-44	2.20e-33	1.95e-23	5.32e-14	4.86e-04	5.31e-01	4.68e-01	0.00e+00	0.00e+00	0.00e+00	0.00e+00	0.00e+00	3.27e-141
 3.38007e+11	0.00e+00	3.15e-33	2.57e-23	6.49e-14	5.47e-04	5.51e-01	4.48e-01	0.00e+00	0.00e+00	0.00e+00	0.00e+00	0.00e+00	3.89e-186
 3.81454e+11	4.88e-44	4.50e-33	3.40e-23	7.91e-14	6.15e-04	5.71e-01	4.28e-01	0.00e+00	0.00e+00	0.00e+00	0.00e+00	0.00e+00	3.25e-140
 4.23571e+11	0.00e+00	6.27e-33	4.39e-23	9.49e-14	6.86e-04	5.89e-01	4.10e-01	0.00e+00	0.00e+00	0.00e+00	0.00e+00	0.00e+00	2.03e-185
 4.62221e+11	1.05e-43	8.43e-33	5.53e-23	1.12e-13	7.55e-04	6.05e-01	3.94e-01	0.00e+00	0.00e+00	0.00e+00	0.00e+00	0.00e+00	2.46e-139
 5.05190e+11	0.00e+00	1.16e-32	7.08e-23	1.33e-13	8.38e-04	6.22e-01	3.77e-01	0.00e+00	0.00e+00	0.00e+00	0.00e+00	0.00e+00	8.59e-185
 5.55030e+11	2.40e-43	1.65e-32	9.30e-23	1.61e-13	9.38e-04	6.40e-01	3.59e-01	0.00e+00	0.00e+00	0.00e+00	0.00e+00	0.00e+00	2.15e-138
 6.04304e+11	0.00e+00	2.31e-32	1.21e-22	1.94e-13	1.04e-03	6.58e-01	3.41e-01	0.00e+00	0.00e+00	0.00e+00	0.00e+00	0.00e+00	3.92e-184
 6.55549e+11	5.48e-43	3.24e-32	1.57e-22	2.33e-13	1.16e-03	6.74e-01	3.24e-01	0.00e+00	0.00e+00	0.00e+00	0.00e+00	0.00e+00	1.90e-137
 7.11698e+11	0.00e+00	4.61e-32	2.06e-22	2.83e-13	1.30e-03	6.92e-01	3.07e-01	0.00e+00	0.00e+00	0.00e+00	0.00e+00	0.00e+00	1.77e-183
 7.68499e+11	1.29e-42	6.51e-32	2.69e-22	3.41e-13	1.45e-03	7.08e-01	2.90e-01	0.00e+00	0.00e+00	0.00e+00	0.00e+00	0.00e+00	1.84e-136
 8.27572e+11	0.00e+00	9.21e-32	3.51e-22	4.11e-13	1.61e-03	7.24e-01	2.74e-01	0.00e+00	0.00e+00	0.00e+00	0.00e+00	0.00e+00	8.39e-183
 8.90602e+11	3.06e-42	1.31e-31	4.62e-22	4.98e-13	1.80e-03	7.40e-01	2.58e-01	0.00e+00	0.00e+00	0.00e+00	0.00e+00	0.00e+00	1.80e-135
 9.56153e+11	0.00e+00	1.87e-31	6.07e-22	6.02e-13	2.01e-03	7.55e-01	2.43e-01	0.00e+00	0.00e+00	0.00e+00	0.00e+00	0.00e+00	3.76e-182
 1.02433e+12	7.34e-42	2.67e-31	7.97e-22	7.29e-13	2.24e-03	7.70e-01	2.28e-01	0.00e+00	0.00e+00	0.00e+00	0.00e+00	0.00e+00	1.82e-134
 1.09523e+12	0.00e+00	3.80e-31	1.05e-21	8.82e-13	2.50e-03	7.83e-01	2.14e-01	0.00e+00	0.00e+00	0.00e+00	0.00e+00	0.00e+00	1.58e-181
 1.16896e+12	1.76e-41	5.42e-31	1.38e-21	1.07e-12	2.78e-03	7.97e-01	2.01e-01	0.00e+00	0.00e+00	0.00e+00	0.00e+00	0.00e+00	1.86e-133
 1.24565e+12	0.00e+00	7.74e-31	1.81e-21	1.29e-12	3.10e-03	8.09e-01	1.88e-01	0.00e+00	0.00e+00	0.00e+00	0.00e+00	0.00e+00	5.24e-181
 1.32540e+12	4.23e-41	1.10e-30	2.38e-21	1.56e-12	3.45e-03	8.21e-01	1.75e-01	0.00e+00	0.00e+00	0.00e+00	0.00e+00	0.00e+00	1.90e-132
 1.40038e+12	0.00e+00	1.52e-30	3.04e-21	1.85e-12	3.79e-03	8.32e-01	1.65e-01	0.00e+00	0.00e+00	0.00e+00	0.00e+00	0.00e+00	5.69e-181
 1.46744e+12	8.88e-41	2.01e-30	3.77e-21	2.15e-12	4.12e-03	8.40e-01	1.56e-01	0.00e+00	0.00e+00	0.00e+00	0.00e+00	0.00e+00	1.36e-131
 1.54271e+12	0.00e+00	2.73e-30	4.77e-21	2.52e-12	4.52e-03	8.49e-01	1.47e-01	0.00e+00	0.00e+00	0.00e+00	0.00e+00	0.00e+00	0.00e+00
 1.63193e+12	1.99e-40	3.87e-30	6.23e-21	3.03e-12	5.00e-03	8.58e-01	1.37e-01	0.00e+00	0.00e+00	0.00e+00	0.00e+00	0.00e+00	1.16e-130
 1.72159e+12	0.00e+00	5.42e-30	8.07e-21	3.63e-12	5.53e-03	8.67e-01	1.28e-01	0.00e+00	0.00e+00	0.00e+00	0.00e+00	0.00e+00	0.00e+00
 1.80574e+12	4.40e-40	7.36e-30	1.02e-20	4.26e-12	6.04e-03	8.74e-01	1.20e-01	0.00e+00	0.00e+00	0.00e+00	0.00e+00	0.00e+00	9.55e-130
 1.89879e+12	0.00e+00	1.02e-29	1.31e-20	5.07e-12	6.66e-03	8.82e-01	1.12e-01	0.00e+00	0.00e+00	0.00e+00	0.00e+00	0.00e+00	0.00e+00
 2.00466e+12	1.03e-39	1.47e-29	1.73e-20	6.13e-12	7.39e-03	8.89e-01	1.03e-01	0.00e+00	0.00e+00	0.00e+00	0.00e+00	0.00e+00	9.15e-129
 2.11032e+12	0.00e+00	2.07e-29	2.26e-20	7.36e-12	8.16e-03	8.96e-01	9.61e-02	0.00e+00	0.00e+00	0.00e+00	0.00e+00	0.00e+00	0.00e+00
 2.22020e+12	2.44e-39	2.93e-29	2.94e-20	8.83e-12	9.03e-03	9.02e-01	8.91e-02	0.00e+00	0.00e+00	0.00e+00	0.00e+00	0.00e+00	8.91e-128
 2.33893e+12	0.00e+00	4.22e-29	3.89e-20	1.07e-11	1.00e-02	9.08e-01	8.23e-02	0.00e+00	0.00e+00	0.00e+00	0.00e+00	0.00e+00	0.00e+00
 2.46242e+12	5.98e-39	6.06e-29	5.13e-20	1.29e-11	1.11e-02	9.13e-01	7.59e-02	0.00e+00	0.00e+00	0.00e+00	0.00e+00	0.00e+00	9.63e-127
 2.57888e+12	0.00e+00	8.43e-29	6.61e-20	1.53e-11	1.22e-02	9.17e-01	7.05e-02	0.00e+00	0.00e+00	0.00e+00	0.00e+00	0.00e+00	0.00e+00
 2.68372e+12	1.29e-38	1.12e-28	8.24e-20	1.78e-11	1.32e-02	9.21e-01	6.60e-02	0.00e+00	0.00e+00	0.00e+00	0.00e+00	0.00e+00	7.33e-126
 2.80180e+12	0.00e+00	1.54e-28	1.05e-19	2.11e-11	1.45e-02	9.24e-01	6.14e-02	0.00e+00	0.00e+00	0.00e+00	0.00e+00	0.00e+00	0.00e+00
 2.94088e+12	2.98e-38	2.21e-28	1.38e-19	2.54e-11	1.60e-02	9.27e-01	5.66e-02	0.00e+00	0.00e+00	0.00e+00	0.00e+00	0.00e+00	6.71e-125
 3.07984e+12	0.00e+00	3.12e-28	1.80e-19	3.04e-11	1.76e-02	9.30e-01	5.22e-02	0.00e+00	0.00e+00	0.00e+00	0.00e+00	0.00e+00	0.00e+00
 3.21073e+12	6.77e-38	4.28e-28	2.29e-19	3.58e-11	1.92e-02	9.32e-01	4.85e-02	0.00e+00	0.00e+00	0.00e+00	0.00e+00	0.00e+00	5.87e-124
 3.35544e+12	0.00e+00	6.01e-28	2.97e-19	4.27e-11	2.11e-02	9.34e-01	4.47e-02	0.00e+00	0.00e+00	0.00e+00	0.00e+00	0.00e+00	0.00e+00
 3.51959e+12	1.63e-37	8.69e-28	3.94e-19	5.17e-11	2.34e-02	9.36e-01	4.10e-02	0.00e+00	0.00e+00	0.00e+00	0.00e+00	0.00e+00	5.95e-123
 3.68192e+12	0.00e+00	1.24e-27	5.17e-19	6.21e-11	2.57e-02	9.37e-01	3.76e-02	0.00e+00	0.00e+00	0.00e+00	0.00e+00	0.00e+00	0.00e+00
 3.85074e+12	3.92e-37	1.76e-27	6.78e-19	7.47e-11	2.83e-02	9.37e-01	3.45e-02	0.00e+00	0.00e+00	0.00e+00	0.00e+00	0.00e+00	6.02e-122
 4.03470e+12	0.00e+00	2.56e-27	9.02e-19	9.05e-11	3.13e-02	9.37e-01	3.15e-02	0.00e+00	0.00e+00	0.00e+00	0.00e+00	0.00e+00	0.00e+00
 4.22041e+12	9.78e-37	3.68e-27	1.19e-18	1.09e-10	3.45e-02	9.37e-01	2.88e-02	0.00e+00	0.00e+00	0.00e+00	0.00e+00	0.00e+00	6.65e-121
 4.41356e+12	0.00e+00	5.29e-27	1.57e-18	1.32e-10	3.81e-02	9.36e-01	2.63e-02	0.00e+00	0.00e+00	0.00e+00	0.00e+00	0.00e+00	0.00e+00
 4.61275e+12	2.41e-36	7.59e-27	2.08e-18	1.59e-10	4.19e-02	9.34e-01	2.40e-02	0.00e+00	0.00e+00	0.00e+00	0.00e+00	0.00e+00	7.09e-120
 4.80839e+12	0.00e+00	1.07e-26	2.70e-18	1.90e-10	4.59e-02	9.32e-01	2.20e-02	0.00e+00	0.00e+00	0.00e+00	0.00e+00	0.00e+00	0.00e+00
 5.01914e+12	5.74e-36	1.53e-26	3.55e-18	2.28e-10	5.05e-02	9.30e-01	2.00e-02	0.00e+00	0.00e+00	0.00e+00	0.00e+00	0.00e+00	6.92e-119
 5.24983e+12	0.00e+00	2.23e-26	4.74e-18	2.77e-10	5.57e-02	9.26e-01	1.81e-02	0.00e+00	0.00e+00	0.00e+00	0.00e+00	0.00e+00	0.00e+00
 5.48975e+12	1.46e-35	3.24e-26	6.33e-18	3.36e-10	6.14e-02	9.22e-01	1.64e-02	0.00e+00	0.00e+00	0.00e+00	0.00e+00	0.00e+00	7.99e-118
 5.73927e+12	0.00e+00	4.72e-26	8.46e-18	4.09e-10	6.77e-02	9.17e-01	1.48e-02	0.00e+00	0.00e+00	0.00e+00	0.00e+00	0.00e+00	0.00e+00
 5.99877e+12	3.71e-35	6.87e-26	1.13e-17	4.96e-10	7.46e-02	9.12e-01	1.34e-02	0.00e+00	0.00e+00	0.00e+00	0.00e+00	0.00e+00	9.20e-117
 6.23343e+12	0.00e+00	9.54e-26	1.46e-17	5.88e-10	8.12e-02	9.07e-01	1.22e-02	0.00e+00	0.00e+00	0.00e+00	0.00e+00	0.00e+00	8.46e-100
 6.42889e+12	7.72e-35	1.24e-25	1.78e-17	6.74e-10	8.68e-02	9.02e-01	1.14e-02	0.00e+00	0.00e+00	0.00e+00	0.00e+00	0.00e+00	0.00e+00
 6.64298e+12	1.09e-34	1.64e-25	2.21e-17	7.79e-10	9.32e-02	8.96e-01	1.05e-02	0.00e+00	0.00e+00	0.00e+00	0.00e+00	0.00e+00	1.56e-115
 6.91423e+12	1.67e-34	2.31e-25	2.89e-17	9.31e-10	1.02e-01	8.89e-01	9.51e-03	0.00e+00	0.00e+00	0.00e+00	0.00e+00	0.00e+00	2.35e-97
 7.19728e+12	2.56e-34	3.27e-25	3.77e-17	1.11e-09	1.11e-01	8.81e-01	8.60e-03	0.00e+00	0.00e+00	0.00e+00	0.00e+00	0.00e+00	0.00e+00
 7.43745e+12	3.63e-34	4.33e-25	4.69e-17	1.29e-09	1.19e-01	8.73e-01	7.91e-03	0.00e+00	0.00e+00	0.00e+00	0.00e+00	0.00e+00	3.61e-114
 7.68436e+12	5.12e-34	5.72e-25	5.82e-17	1.49e-09	1.27e-01	8.65e-01	7.27e-03	0.00e+00	0.00e+00	0.00e+00	0.00e+00	0.00e+00	2.71e-96
 7.99537e+12	7.78e-34	8.02e-25	7.57e-17	1.77e-09	1.39e-01	8.55e-01	6.56e-03	0.00e+00	0.00e+00	0.00e+00	0.00e+00	0.00e+00	0.00e+00
 8.31139e+12	1.17e-33	1.12e-24	9.79e-17	2.11e-09	1.50e-01	8.44e-01	5.92e-03	0.00e+00	0.00e+00	0.00e+00	0.00e+00	0.00e+00	7.86e-113
 8.58233e+12	1.64e-33	1.46e-24	1.21e-16	2.43e-09	1.60e-01	8.34e-01	5.43e-03	0.00e+00	0.00e+00	0.00e+00	0.00e+00	0.00e+00	3.42e-95
 8.87296e+12	2.31e-33	1.94e-24	1.51e-16	2.81e-09	1.72e-01	8.23e-01	4.96e-03	0.00e+00	0.00e+00	0.00e+00	0.00e+00	0.00e+00	4.76e-112
 9.23293e+12	3.49e-33	2.70e-24	1.95e-16	3.34e-09	1.86e-01	8.10e-01	4.45e-03	0.00e+00	0.00e+00	0.00e+00	0.00e+00	0.00e+00	1.79e-94
 9.60215e+12	5.22e-33	3.75e-24	2.52e-16	3.95e-09	2.01e-01	7.95e-01	3.98e-03	0.00e+00	0.00e+00	0.00e+00	0.00e+00	0.00e+00	4.14e-111
 9.93432e+12	7.39e-33	4.96e-24	3.14e-16	4.57e-09	2.14e-01	7.82e-01	3.62e-03	0.00e+00	0.00e+00	0.00e+00	0.00e+00	0.00e+00	9.18e-94
 1.02993e+13	1.06e-32	6.67e-24	3.95e-16	5.33e-09	2.29e-01	7.67e-01	3.26e-03	0.00e+00	0.00e+00	0.00e+00	0.00e+00	0.00e+00	2.77e-110
 1.07306e+13	1.60e-32	9.31e-24	5.13e-16	6.33e-09	2.47e-01	7.50e-01	2.90e-03	0.00e+00	0.00e+00	0.00e+00	0.00e+00	0.00e+00	5.02e-93
 1.11628e+13	2.37e-32	1.28e-23	6.58e-16	7.46e-09	2.65e-01	7.32e-01	2.58e-03	0.00e+00	0.00e+00	0.00e+00	0.00e+00	0.00e+00	2.41e-109
 1.15725e+13	3.38e-32	1.70e-23	8.23e-16	8.65e-09	2.83e-01	7.15e-01	2.32e-03	0.00e+00	0.00e+00	0.00e+00	0.00e+00	0.00e+00	2.60e-92
 1.20255e+13	4.91e-32	2.31e-23	1.04e-15	1.01e-08	3.02e-01	6.96e-01	2.06e-03	0.00e+00	0.00e+00	0.00e+00	0.00e+00	0.00e+00	1.75e-108
 1.25364e+13	7.34e-32	3.19e-23	1.34e-15	1.19e-08	3.23e-01	6.75e-01	1.82e-03	0.00e+00	0.00e+00	0.00e+00	0.00e+00	0.00e+00	1.44e-91
 1.30464e+13	1.07e-31	4.34e-23	1.71e-15	1.40e-08	3.44e-01	6.54e-01	1.60e-03	0.00e+00	0.00e+00	0.00e+00	0.00e+00	0.00e+00	1.50e-107
 1.34970e+13	1.48e-31	5.63e-23	2.09e-15	1.59e-08	3.63e-01	6.36e-01	1.44e-03	0.00e+00	0.00e+00	0.00e+00	0.00e+00	0.00e+00	6.87e-91
 1.38749e+13	1.91e-31	6.93e-23	2.46e-15	1.77e-08	3.78e-01	6.21e-01	1.32e-03	0.00e+00	0.00e+00	0.00e+00	0.00e+00	0.00e+00	7.46e-107
 1.42815e+13	2.50e-31	8.61e-23	2.91e-15	1.97e-08	3.94e-01	6.05e-01	1.20e-03	0.00e+00	0.00e+00	0.00e+00	0.00e+00	0.00e+00	2.24e-90
 1.48101e+13	3.49e-31	1.13e-22	3.59e-15	2.26e-08	4.14e-01	5.85e-01	1.07e-03	0.00e+00	0.00e+00	0.00e+00	0.00e+00	0.00e+00	4.04e-106
 1.53631e+13	4.87e-31	1.48e-22	4.43e-15	2.59e-08	4.35e-01	5.64e-01	9.47e-04	0.00e+00	0.00e+00	0.00e+00	0.00e+00	0.00e+00	1.02e-89
 1.58347e+13	6.40e-31	1.84e-22	5.26e-15	2.88e-08	4.53e-01	5.46e-01	8.56e-04	0.00e+00	0.00e+00	0.00e+00	0.00e+00	0.00e+00	2.25e-105
 1.63346e+13	8.44e-31	2.30e-22	6.25e-15	3.22e-08	4.71e-01	5.28e-01	7.71e-04	0.00e+00	0.00e+00	0.00e+00	0.00e+00	0.00e+00	3.58e-89
 1.69646e+13	1.18e-30	3.02e-22	7.71e-15	3.68e-08	4.93e-01	5.06e-01	6.78e-04	0.00e+00	0.00e+00	0.00e+00	0.00e+00	0.00e+00	1.31e-104
 1.76134e+13	1.64e-30	3.94e-22	9.47e-15	4.19e-08	5.15e-01	4.85e-01	5.95e-04	0.00e+00	0.00e+00	0.00e+00	0.00e+00	0.00e+00	1.65e-88
 1.81836e+13	2.16e-30	4.92e-22	1.13e-14	4.67e-08	5.33e-01	4.66e-01	5.33e-04	0.00e+00	0.00e+00	0.00e+00	0.00e+00	0.00e+00	7.60e-104
 1.88015e+13	2.89e-30	6.20e-22	1.34e-14	5.22e-08	5.52e-01	4.47e-01	4.74e-04	0.00e+00	0.00e+00	0.00e+00	0.00e+00	0.00e+00	6.16e-88
 1.94853e+13	3.92e-30	7.93e-22	1.62e-14	5.88e-08	5.72e-01	4.27e-01	4.17e-04	0.00e+00	0.00e+00	0.00e+00	0.00e+00	0.00e+00	4.33e-103
 2.01179e+13	5.13e-30	9.86e-22	1.92e-14	6.52e-08	5.90e-01	4.09e-01	3.72e-04	0.00e+00	0.00e+00	0.00e+00	0.00e+00	0.00e+00	2.38e-87
 2.08033e+13	6.80e-30	1.24e-21	2.28e-14	7.26e-08	6.09e-01	3.91e-01	3.29e-04	0.00e+00	0.00e+00	0.00e+00	0.00e+00	0.00e+00	2.23e-102
 2.15663e+13	9.18e-30	1.57e-21	2.75e-14	8.14e-08	6.28e-01	3.71e-01	2.88e-04	0.00e+00	0.00e+00	0.00e+00	0.00e+00	0.00e+00	9.46e-87
 2.22790e+13	1.20e-29	1.95e-21	3.24e-14	9.00e-08	6.45e-01	3.54e-01	2.55e-04	0.00e+00	0.00e+00	0.00e+00	0.00e+00	0.00e+00	1.23e-101
 2.30544e+13	1.59e-29	2.44e-21	3.84e-14	9.99e-08	6.63e-01	3.37e-01	2.25e-04	0.00e+00	0.00e+00	0.00e+00	0.00e+00	0.00e+00	3.54e-86
 2.39167e+13	2.15e-29	3.10e-21	4.61e-14	1.12e-07	6.81e-01	3.18e-01	1.96e-04	0.00e+00	0.00e+00	0.00e+00	0.00e+00	0.00e+00	7.15e-101
 2.47224e+13	2.81e-29	3.84e-21	5.42e-14	1.23e-07	6.97e-01	3.02e-01	1.73e-04	0.00e+00	0.00e+00	0.00e+00	0.00e+00	0.00e+00	1.40e-85
 2.56004e+13	3.72e-29	4.80e-21	6.42e-14	1.36e-07	7.14e-01	2.86e-01	1.51e-04	0.00e+00	0.00e+00	0.00e+00	0.00e+00	0.00e+00	3.86e-100
 2.65812e+13	5.01e-29	6.10e-21	7.70e-14	1.52e-07	7.31e-01	2.69e-01	1.31e-04	0.00e+00	0.00e+00	0.00e+00	0.00e+00	0.00e+00	5.79e-85
 2.75050e+13	6.57e-29	7.57e-21	9.06e-14	1.67e-07	7.45e-01	2.54e-01	1.14e-04	0.00e+00	0.00e+00	0.00e+00	0.00e+00	0.00e+00	2.26e-99
 2.85150e+13	8.74e-29	9.49e-21	1.07e-13	1.85e-07	7.60e-01	2.40e-01	9.95e-05	0.00e+00	0.00e+00	0.00e+00	0.00e+00	0.00e+00	2.30e-84
 2.96462e+13	1.19e-28	1.21e-20	1.29e-13	2.06e-07	7.76e-01	2.24e-01	8.54e-05	0.00e+00	0.00e+00	0.00e+00	0.00e+00	0.00e+00	1.43e-98
 3.07180e+13	1.56e-28	1.51e-20	1.52e-13	2.27e-07	7.89e-01	2.11e-01	7.42e-05	0.00e+00	0.00e+00	0.00e+00	0.00e+00	0.00e+00	9.87e-84
 3.18692e+13	2.08e-28	1.89e-20	1.79e-13	2.50e-07	8.02e-01	1.98e-01	6.42e-05	0.00e+00	0.00e+00	0.00e+00	0.00e+00	0.00e+00	8.52e-98
 3.31739e+13	2.84e-28	2.41e-20	2.15e-13	2.78e-07	8.16e-01	1.84e-01	5.47e-05	0.00e+00	0.00e+00	0.00e+00	0.00e+00	0.00e+00	4.48e-83
 3.44620e+13	3.81e-28	3.04e-20	2.55e-13	3.06e-07	8.28e-01	1.72e-01	4.70e-05	0.00e+00	0.00e+00	0.00e+00	0.00e+00	0.00e+00	5.84e-97
 3.58016e+13	5.11e-28	3.84e-20	3.03e-13	3.38e-07	8.40e-01	1.60e-01	4.04e-05	0.00e+00	0.00e+00	0.00e+00	0.00e+00	0.00e+00	2.02e-82
 3.72636e+13	6.94e-28	4.88e-20	3.62e-13	3.74e-07	8.51e-01	1.49e-01	3.43e-05	0.00e+00	0.00e+00	0.00e+00	0.00e+00	0.00e+00	4.00e-96
 3.87841e+13	9.46e-28	6.21e-20	4.30e-13	4.12e-07	8.62e-01	1.38e-01	2.93e-05	0.00e+00	0.00e+00	0.00e+00	0.00e+00	0.00e+00	9.93e-82
 4.02215e+13	1.25e-27	7.73e-20	5.04e-13	4.50e-07	8.71e-01	1.29e-01	2.53e-05	0.00e+00	0.00e+00	0.00e+00	0.00e+00	0.00e+00	2.66e-95
 4.15112e+13	1.59e-27	9.33e-20	5.78e-13	4.86e-07	8.78e-01	1.22e-01	2.23e-05	0.00e+00	0.00e+00	0.00e+00	0.00e+00	0.00e+00	3.85e-81
 4.27150e+13	1.98e-27	1.11e-19	6.54e-13	5.21e-07	8.85e-01	1.15e-01	1.99e-05	0.00e+00	0.00e+00	0.00e+00	0.00e+00	0.00e+00	1.18e-94
 4.40405e+13	2.50e-27	1.33e-19	7.46e-13	5.60e-07	8.91e-01	1.09e-01	1.76e-05	0.00e+00	0.00e+00	0.00e+00	0.00e+00	0.00e+00	1.27e-80
 4.55329e+13	3.23e-27	1.62e-19	8.59e-13	6.05e-07	8.98e-01	1.02e-01	1.54e-05	0.00e+00	0.00e+00	0.00e+00	0.00e+00	0.00e+00	5.80e-94
 4.69600e+13	4.09e-27	1.94e-19	9.80e-13	6.50e-07	9.04e-01	9.63e-02	1.36e-05	0.00e+00	0.00e+00	0.00e+00	0.00e+00	0.00e+00	4.66e-80
 4.85327e+13	5.26e-27	2.36e-19	1.13e-12	7.02e-07	9.10e-01	9.04e-02	1.19e-05	0.00e+00	0.00e+00	0.00e+00	0.00e+00	0.00e+00	2.84e-93
 5.02825e+13	6.90e-27	2.92e-19	1.31e-12	7.61e-07	9.16e-01	8.44e-02	1.03e-05	0.00e+00	0.00e+00	0.00e+00	0.00e+00	0.00e+00	1.88e-79
 5.18956e+13	8.80e-27	3.52e-19	1.49e-12	8.18e-07	9.21e-01	7.94e-02	9.09e-06	0.00e+00	0.00e+00	0.00e+00	0.00e+00	0.00e+00	1.51e-92
 5.33971e+13	1.09e-26	4.16e-19	1.68e-12	8.72e-07	9.25e-01	7.52e-02	8.11e-06	0.00e+00	0.00e+00	0.00e+00	0.00e+00	0.00e+00	6.43e-79
 5.51206e+13	1.40e-26	5.03e-19	1.92e-12	9.36e-07	9.29e-01	7.08e-02	7.14e-06	0.00e+00	0.00e+00	0.00e+00	0.00e+00	0.00e+00	6.89e-92
 5.72316e+13	1.87e-26	6.29e-19	2.24e-12	1.02e-06	9.34e-01	6.58e-02	6.15e-06	0.00e+00	0.00e+00	0.00e+00	0.00e+00	0.00e+00	2.73e-78
 5.93354e+13	2.47e-26	7.77e-19	2.60e-12	1.10e-06	9.39e-01	6.13e-02	5.31e-06	0.00e+00	0.00e+00	0.00e+00	0.00e+00	0.00e+00	4.39e-91
 6.11588e+13	3.12e-26	9.30e-19	2.95e-12	1.18e-06	9.42e-01	5.78e-02	4.71e-06	0.00e+00	0.00e+00	0.00e+00	0.00e+00	0.00e+00	1.08e-77
 6.31285e+13	3.99e-26	1.12e-18	3.36e-12	1.26e-06	9.46e-01	5.44e-02	4.15e-06	0.00e+00	0.00e+00	0.00e+00	0.00e+00	0.00e+00	2.11e-90
 6.55415e+13	5.36e-26	1.41e-18	3.91e-12	1.36e-06	9.49e-01	5.06e-02	3.58e-06	0.00e+00	0.00e+00	0.00e+00	0.00e+00	0.00e+00	4.68e-77
 6.80050e+13	7.11e-26	1.74e-18	4.55e-12	1.48e-06	9.53e-01	4.71e-02	3.09e-06	0.00e+00	0.00e+00	0.00e+00	0.00e+00	0.00e+00	1.39e-89
 7.02225e+13	9.14e-26	2.11e-18	5.19e-12	1.58e-06	9.56e-01	4.43e-02	2.72e-06	0.00e+00	0.00e+00	0.00e+00	0.00e+00	0.00e+00	1.99e-76
 7.26465e+13	1.19e-25	2.59e-18	5.95e-12	1.70e-06	9.59e-01	4.15e-02	2.38e-06	0.00e+00	0.00e+00	0.00e+00	0.00e+00	0.00e+00	4.13e-76
 7.55118e+13	1.62e-25	3.26e-18	6.96e-12	1.84e-06	9.62e-01	3.85e-02	2.04e-06	0.00e+00	0.00e+00	0.00e+00	0.00e+00	0.00e+00	9.50e-76
 7.83759e+13	2.16e-25	4.06e-18	8.10e-12	1.99e-06	9.64e-01	3.58e-02	1.76e-06	0.00e+00	0.00e+00	0.00e+00	0.00e+00	0.00e+00	2.09e-75
 8.10580e+13	2.82e-25	4.96e-18	9.27e-12	2.13e-06	9.66e-01	3.35e-02	1.55e-06	0.00e+00	0.00e+00	0.00e+00	0.00e+00	0.00e+00	4.32e-75
 8.40338e+13	3.76e-25	6.16e-18	1.07e-11	2.30e-06	9.69e-01	3.13e-02	1.34e-06	0.00e+00	0.00e+00	0.00e+00	0.00e+00	0.00e+00	9.50e-75
 8.74251e+13	5.11e-25	7.78e-18	1.26e-11	2.49e-06	9.71e-01	2.90e-02	1.15e-06	0.00e+00	0.00e+00	0.00e+00	0.00e+00	0.00e+00	2.19e-74
 9.07925e+13	6.91e-25	9.76e-18	1.46e-11	2.69e-06	9.73e-01	2.69e-02	9.90e-07	0.00e+00	0.00e+00	0.00e+00	0.00e+00	0.00e+00	5.03e-74
 9.42945e+13	9.34e-25	1.22e-17	1.70e-11	2.90e-06	9.75e-01	2.50e-02	0.00e+00	0.00e+00	0.00e+00	0.00e+00	0.00e+00	0.00e+00	1.15e-73
 9.80962e+13	1.28e-24	1.55e-17	1.99e-11	3.15e-06	9.77e-01	2.32e-02	0.00e+00	0.00e+00	0.00e+00	0.00e+00	0.00e+00	0.00e+00	2.72e-73
 1.02050e+14	1.74e-24	1.96e-17	2.34e-11	3.41e-06	9.79e-01	2.15e-02	0.00e+00	0.00e+00	0.00e+00	0.00e+00	0.00e+00	0.00e+00	6.37e-73
 1.06162e+14	2.39e-24	2.48e-17	2.73e-11	3.69e-06	9.80e-01	1.99e-02	0.00e+00	0.00e+00	0.00e+00	0.00e+00	0.00e+00	0.00e+00	1.52e-72
 1.10153e+14	3.20e-24	3.10e-17	3.17e-11	3.97e-06	9.81e-01	1.85e-02	0.00e+00	0.00e+00	0.00e+00	0.00e+00	0.00e+00	0.00e+00	3.41e-72
 1.13913e+14	4.17e-24	3.78e-17	3.62e-11	4.25e-06	9.83e-01	1.74e-02	0.00e+00	0.00e+00	0.00e+00	0.00e+00	0.00e+00	0.00e+00	7.09e-72
 1.17455e+14	5.30e-24	4.53e-17	4.09e-11	4.52e-06	9.84e-01	1.63e-02	0.00e+00	0.00e+00	0.00e+00	0.00e+00	1.46e-17	3.07e-17	1.37e-71
 1.21309e+14	6.87e-24	5.49e-17	4.65e-11	4.82e-06	9.85e-01	1.54e-02	0.00e+00	0.00e+00	0.00e+00	0.00e+00	1.82e-17	3.67e-17	2.78e-71
 1.25629e+14	9.07e-24	6.78e-17	5.35e-11	5.16e-06	9.86e-01	1.44e-02	0.00e+00	0.00e+00	0.00e+00	0.00e+00	2.25e-17	4.53e-17	6.01e-71
 1.29723e+14	1.17e-23	8.20e-17	6.08e-11	5.51e-06	9.87e-01	1.35e-02	0.00e+00	0.00e+00	0.00e+00	0.00e+00	2.72e-17	5.48e-17	1.21e-70
 1.34214e+14	1.52e-23	1.00e-16	6.96e-11	5.90e-06	9.87e-01	1.26e-02	0.00e+00	0.00e+00	0.00e+00	0.00e+00	3.32e-17	6.69e-17	2.50e-70
 1.39229e+14	2.04e-23	1.24e-16	8.06e-11	6.34e-06	9.88e-01	1.17e-02	0.00e+00	0.00e+00	0.00e+00	0.00e+00	4.13e-17	8.31e-17	5.57e-70
 1.43998e+14	2.66e-23	1.52e-16	9.21e-11	6.78e-06	9.89e-01	1.10e-02	0.00e+00	0.00e+00	0.00e+00	0.00e+00	5.05e-17	1.02e-16	1.16e-69
 1.49230e+14	3.52e-23	1.88e-16	1.06e-10	7.28e-06	9.90e-01	1.02e-02	0.00e+00	0.00e+00	0.00e+00	0.00e+00	6.24e-17	1.26e-16	2.52e-69
 1.55102e+14	4.75e-23	2.36e-16	1.24e-10	7.88e-06	9.91e-01	9.48e-03	0.00e+00	0.00e+00	0.00e+00	0.00e+00	7.82e-17	1.57e-16	5.72e-69
 1.60770e+14	6.33e-23	2.92e-16	1.43e-10	8.46e-06	9.91e-01	8.84e-03	0.00e+00	0.00e+00	0.00e+00	0.00e+00	9.71e-17	1.95e-16	1.26e-68
 1.66791e+14	8.37e-23	3.62e-16	1.66e-10	9.12e-06	9.92e-01	8.21e-03	0.00e+00	0.00e+00	0.00e+00	0.00e+00	1.20e-16	2.42e-16	2.71e-68
 1.72953e+14	1.12e-22	4.48e-16	1.92e-10	9.80e-06	9.92e-01	7.64e-03	0.00e+00	0.00e+00	0.00e+00	0.00e+00	1.49e-16	3.00e-16	5.98e-68
 1.78404e+14	1.42e-22	5.38e-16	2.17e-10	1.04e-05	9.93e-01	7.18e-03	0.00e+00	0.00e+00	0.00e+00	0.00e+00	1.79e-16	3.60e-16	1.16e-67
 1.84327e+14	1.83e-22	6.54e-16	2.47e-10	1.11e-05	9.93e-01	6.74e-03	0.00e+00	0.00e+00	0.00e+00	0.00e+00	2.17e-16	4.37e-16	2.36e-67
 1.91443e+14	2.45e-22	8.15e-16	2.88e-10	1.20e-05	9.94e-01	6.24e-03	0.00e+00	0.00e+00	0.00e+00	0.00e+00	2.70e-16	5.45e-16	5.22e-67
 1.98483e+14	3.25e-22	1.01e-15	3.33e-10	1.30e-05	9.94e-01	5.81e-03	0.00e+00	0.00e+00	0.00e+00	0.00e+00	3.34e-16	6.74e-16	1.13e-66
 2.04764e+14	4.12e-22	1.21e-15	3.77e-10	1.38e-05	9.95e-01	5.45e-03	0.00e+00	0.00e+00	0.00e+00	0.00e+00	4.01e-16	8.08e-16	2.18e-66
 2.11687e+14	5.36e-22	1.48e-15	4.31e-10	1.47e-05	9.95e-01	5.11e-03	0.00e+00	0.00e+00	0.00e+00	0.00e+00	4.90e-16	9.86e-16	4.50e-66
 2.19927e+14	7.15e-22	1.84e-15	5.03e-10	1.59e-05	9.95e-01	4.72e-03	0.00e+00	0.00e+00	0.00e+00	0.00e+00	6.09e-16	1.23e-15	9.88e-66
 2.28074e+14	9.45e-22	2.27e-15	5.82e-10	1.72e-05	9.96e-01	4.39e-03	0.00e+00	0.00e+00	0.00e+00	0.00e+00	7.53e-16	1.52e-15	2.12e-65
 2.35493e+14	1.21e-21	2.75e-15	6.61e-10	1.83e-05	9.96e-01	4.12e-03	0.00e+00	0.00e+00	0.00e+00	0.00e+00	9.12e-16	1.84e-15	4.26e-65
 2.43772e+14	1.57e-21	3.34e-15	7.61e-10	1.97e-05	9.96e-01	3.84e-03	0.00e+00	0.00e+00	0.00e+00	0.00e+00	1.11e-15	2.24e-15	8.57e-65
 2.53435e+14	2.13e-21	4.22e-15	8.89e-10	2.13e-05	9.96e-01	3.55e-03	0.00e+00	0.00e+00	0.00e+00	0.00e+00	1.40e-15	2.82e-15	2.00e-64
 2.62966e+14	2.80e-21	5.20e-15	1.03e-09	2.30e-05	9.97e-01	3.29e-03	0.00e+00	0.00e+00	0.00e+00	0.00e+00	1.72e-15	3.47e-15	4.20e-64
 2.71930e+14	3.61e-21	6.31e-15	1.18e-09	2.46e-05	9.97e-01	3.08e-03	0.00e+00	0.00e+00	0.00e+00	0.00e+00	2.09e-15	4.22e-15	8.49e-64
 2.81889e+14	4.73e-21	7.77e-15	1.36e-09	2.65e-05	9.97e-01	2.86e-03	0.00e+00	0.00e+00	0.00e+00	0.00e+00	2.57e-15	5.19e-15	1.79e-63
 2.93195e+14	6.37e-21	9.74e-15	1.60e-09	2.87e-05	9.97e-01	2.64e-03	0.00e+00	0.00e+00	0.00e+00	0.00e+00	3.23e-15	6.51e-15	4.07e-63
 3.04478e+14	8.53e-21	1.22e-14	1.86e-09	3.09e-05	9.98e-01	2.45e-03	0.00e+00	0.00e+00	0.00e+00	0.00e+00	4.04e-15	8.15e-15	9.17e-63
 3.15029e+14	1.09e-20	1.47e-14	2.13e-09	3.32e-05	9.98e-01	2.28e-03	0.00e+00	0.00e+00	0.00e+00	0.00e+00	4.88e-15	9.84e-15	1.80e-62
 3.26477e+14	1.44e-20	1.82e-14	2.46e-09	3.56e-05	9.98e-01	2.13e-03	0.00e+00	0.00e+00	0.00e+00	0.00e+00	6.02e-15	1.22e-14	3.89e-62
 3.39301e+14	1.90e-20	2.25e-14	2.87e-09	3.86e-05	9.98e-01	1.96e-03	0.00e+00	0.00e+00	0.00e+00	0.00e+00	7.45e-15	1.50e-14	8.30e-62
 3.51249e+14	2.47e-20	2.75e-14	3.30e-09	4.14e-05	9.98e-01	1.83e-03	0.00e+00	0.00e+00	0.00e+00	0.00e+00	9.09e-15	1.84e-14	1.71e-61
 3.62268e+14	3.12e-20	3.29e-14	3.73e-09	4.40e-05	9.98e-01	1.72e-03	0.00e+00	0.00e+00	0.00e+00	0.00e+00	1.09e-14	2.20e-14	3.29e-61
 3.72871e+14	3.86e-20	3.87e-14	4.18e-09	4.67e-05	9.98e-01	1.62e-03	0.00e+00	0.00e+00	0.00e+00	0.00e+00	1.28e-14	2.59e-14	5.92e-61
 3.84656e+14	4.81e-20	4.60e-14	4.74e-09	4.98e-05	9.98e-01	1.52e-03	0.00e+00	0.00e+00	0.00e+00	0.00e+00	1.52e-14	3.07e-14	1.09e-60
 3.97660e+14	6.22e-20	5.59e-14	5.41e-09	5.32e-05	9.99e-01	1.42e-03	0.00e+00	0.00e+00	0.00e+00	0.00e+00	1.85e-14	3.74e-14	2.23e-60
 4.09755e+14	7.65e-20	6.57e-14	6.11e-09	5.66e-05	9.99e-01	1.34e-03	0.00e+00	0.00e+00	0.00e+00	0.00e+00	2.17e-14	4.40e-14	3.95e-60
 4.22987e+14	9.72e-20	7.88e-14	6.93e-09	6.03e-05	9.99e-01	1.25e-03	0.00e+00	0.00e+00	0.00e+00	0.00e+00	2.61e-14	5.27e-14	7.66e-60
 4.37855e+14	1.26e-19	9.64e-14	7.96e-09	6.47e-05	9.99e-01	1.17e-03	0.00e+00	0.00e+00	0.00e+00	0.00e+00	3.19e-14	6.45e-14	1.58e-59
 4.52037e+14	1.57e-19	1.14e-13	9.05e-09	6.91e-05	9.99e-01	1.10e-03	0.00e+00	0.00e+00	0.00e+00	0.00e+00	3.78e-14	7.66e-14	2.92e-59
 4.67662e+14	2.04e-19	1.40e-13	1.04e-08	7.40e-05	9.99e-01	1.02e-03	0.00e+00	0.00e+00	0.00e+00	0.00e+00	4.62e-14	9.35e-14	6.02e-59
 4.84911e+14	2.61e-19	1.69e-13	1.20e-08	7.97e-05	9.99e-01	9.49e-04	0.00e+00	0.00e+00	0.00e+00	0.00e+00	5.60e-14	1.13e-13	1.20e-58
 5.00770e+14	3.32e-19	2.04e-13	1.36e-08	8.51e-05	9.99e-01	8.89e-04	0.00e+00	0.00e+00	0.00e+00	0.00e+00	6.73e-14	1.36e-13	2.33e-58
 5.17885e+14	4.25e-19	2.47e-13	1.56e-08	9.11e-05	9.99e-01	8.30e-04	0.00e+00	0.00e+00	0.00e+00	0.00e+00	8.16e-14	1.65e-13	4.68e-58
 5.37054e+14	5.45e-19	3.00e-13	1.80e-08	9.81e-05	9.99e-01	7.70e-04	0.00e+00	0.00e+00	0.00e+00	0.00e+00	9.90e-14	2.01e-13	9.35e-58
 5.55090e+14	6.99e-19	3.64e-13	2.06e-08	1.05e-04	9.99e-01	7.20e-04	0.00e+00	0.00e+00	0.00e+00	0.00e+00	1.20e-13	2.44e-13	1.88e-57
 5.74734e+14	8.85e-19	4.37e-13	2.37e-08	1.13e-04	9.99e-01	6.70e-04	0.00e+00	0.00e+00	0.00e+00	0.00e+00	1.44e-13	2.93e-13	3.62e-57
 5.96515e+14	1.17e-18	5.42e-13	2.75e-08	1.22e-04	9.99e-01	6.21e-04	0.00e+00	0.00e+00	0.00e+00	0.00e+00	1.79e-13	3.63e-13	7.91e-57
 6.16870e+14	1.47e-18	6.48e-13	3.15e-08	1.30e-04	9.99e-01	5.79e-04	0.00e+00	0.00e+00	0.00e+00	0.00e+00	2.14e-13	4.34e-13	1.49e-56
 6.39092e+14	1.89e-18	7.89e-13	3.62e-08	1.40e-04	9.99e-01	5.38e-04	0.00e+00	0.00e+00	0.00e+00	0.00e+00	2.60e-13	5.29e-13	3.04e-56
 6.63898e+14	2.45e-18	9.69e-13	4.22e-08	1.52e-04	9.99e-01	4.97e-04	0.00e+00	0.00e+00	0.00e+00	0.00e+00	3.19e-13	6.49e-13	6.29e-56
 6.87250e+14	3.15e-18	1.18e-12	4.85e-08	1.63e-04	9.99e-01	4.63e-04	0.00e+00	0.00e+00	0.00e+00	0.00e+00	3.88e-13	7.89e-13	1.27e-55
 7.12325e+14	4.01e-18	1.42e-12	5.60e-08	1.75e-04	9.99e-01	4.29e-04	0.00e+00	0.00e+00	0.00e+00	0.00e+00	4.69e-13	9.55e-13	2.51e-55
 7.40848e+14	5.32e-18	1.78e-12	6.56e-08	1.90e-04	9.99e-01	3.96e-04	0.00e+00	0.00e+00	0.00e+00	0.00e+00	5.86e-13	1.19e-12	5.60e-55
 7.68824e+14	6.78e-18	2.16e-12	7.62e-08	2.06e-04	9.99e-01	3.65e-04	0.00e+00	0.00e+00	0.00e+00	0.00e+00	7.10e-13	1.45e-12	1.10e-54
 7.95523e+14	8.65e-18	2.61e-12	8.73e-08	2.21e-04	9.99e-01	3.40e-04	0.00e+00	0.00e+00	0.00e+00	0.00e+00	8.58e-13	1.75e-12	2.19e-54
 8.24977e+14	1.10e-17	3.16e-12	1.01e-07	2.38e-04	9.99e-01	3.15e-04	0.00e+00	0.00e+00	0.00e+00	0.00e+00	1.04e-12	2.12e-12	4.32e-54
 8.58006e+14	1.44e-17	3.93e-12	1.18e-07	2.59e-04	9.99e-01	2.90e-04	0.00e+00	0.00e+00	0.00e+00	0.00e+00	1.29e-12	2.64e-12	9.48e-54
 8.86089e+14	1.79e-17	4.65e-12	1.35e-07	2.77e-04	9.99e-01	2.70e-04	0.00e+00	0.00e+00	0.00e+00	0.00e+00	1.53e-12	3.12e-12	1.73e-53
 9.06679e+14	2.08e-17	5.25e-12	1.48e-07	2.91e-04	9.99e-01	2.57e-04	0.00e+00	0.00e+00	0.00e+00	0.00e+00	1.72e-12	3.52e-12	2.65e-53
 9.28172e+14	2.43e-17	5.97e-12	1.63e-07	3.06e-04	9.99e-01	2.45e-04	0.00e+00	0.00e+00	0.00e+00	0.00e+00	1.96e-12	4.01e-12	4.20e-53
 9.56114e+14	2.96e-17	6.96e-12	1.84e-07	3.26e-04	9.99e-01	2.29e-04	0.00e+00	0.00e+00	0.00e+00	0.00e+00	2.29e-12	4.68e-12	7.29e-53
 9.86941e+14	3.64e-17	8.23e-12	2.09e-07	3.49e-04	9.99e-01	2.14e-04	0.00e+00	0.00e+00	0.00e+00	0.00e+00	2.70e-12	5.53e-12	1.32e-52
 1.01551e+15	4.40e-17	9.61e-12	2.34e-07	3.71e-04	9.99e-01	2.01e-04	0.00e+00	0.00e+00	0.00e+00	0.00e+00	3.16e-12	6.45e-12	2.31e-52
 1.04665e+15	5.34e-17	1.12e-11	2.65e-07	3.97e-04	9.99e-01	1.88e-04	0.00e+00	4.46e-18	1.34e-17	2.24e-17	3.69e-12	7.54e-12	4.02e-52
 1.08150e+15	6.62e-17	1.34e-11	3.02e-07	4.26e-04	9.99e-01	1.75e-04	0.00e+00	5.54e-18	1.66e-17	2.78e-17	4.40e-12	8.99e-12	7.58e-52
 1.11470e+15	8.06e-17	1.57e-11	3.42e-07	4.56e-04	9.99e-01	1.64e-04	0.00e+00	6.74e-18	2.02e-17	3.38e-17	5.14e-12	1.05e-11	1.33e-51
 1.15136e+15	9.92e-17	1.86e-11	3.90e-07	4.89e-04	9.99e-01	1.53e-04	0.00e+00	8.30e-18	2.49e-17	4.16e-17	6.10e-12	1.25e-11	2.47e-51
 1.19231e+15	1.24e-16	2.23e-11	4.50e-07	5.29e-04	9.99e-01	1.41e-04	0.00e+00	1.04e-17	3.13e-17	5.22e-17	7.31e-12	1.50e-11	4.74e-51
 1.23082e+15	1.52e-16	2.63e-11	5.11e-07	5.67e-04	9.99e-01	1.32e-04	0.00e+00	1.27e-17	3.82e-17	6.39e-17	8.64e-12	1.77e-11	8.69e-51
 1.27288e+15	1.89e-16	3.14e-11	5.87e-07	6.12e-04	9.99e-01	1.22e-04	0.00e+00	1.59e-17	4.77e-17	7.97e-17	1.03e-11	2.11e-11	1.65e-50
 1.31957e+15	2.35e-16	3.78e-11	6.78e-07	6.62e-04	9.99e-01	1.13e-04	0.00e+00	1.98e-17	5.94e-17	9.92e-17	1.24e-11	2.54e-11	3.23e-50
 1.36300e+15	2.91e-16	4.48e-11	7.74e-07	7.13e-04	9.99e-01	1.05e-04	0.00e+00	2.45e-17	7.36e-17	1.23e-16	1.47e-11	3.01e-11	6.04e-50
 1.41017e+15	3.58e-16	5.33e-11	8.88e-07	7.69e-04	9.99e-01	9.73e-05	0.00e+00	3.01e-17	9.04e-17	1.51e-16	1.75e-11	3.58e-11	1.15e-49
 1.46274e+15	4.55e-16	6.47e-11	1.03e-06	8.36e-04	9.99e-01	8.95e-05	0.00e+00	3.84e-17	1.15e-16	1.92e-16	2.12e-11	4.35e-11	2.35e-49
 1.51170e+15	5.53e-16	7.64e-11	1.18e-06	8.99e-04	9.99e-01	8.32e-05	0.00e+00	4.66e-17	1.40e-16	2.34e-16	2.51e-11	5.14e-11	4.35e-49
 1.56474e+15	6.93e-16	9.17e-11	1.35e-06	9.73e-04	9.99e-01	7.69e-05	0.00e+00	5.86e-17	1.76e-16	2.94e-16	3.01e-11	6.16e-11	8.63e-49
 1.62388e+15	8.76e-16	1.11e-10	1.57e-06	1.06e-03	9.99e-01	7.08e-05	0.00e+00	7.41e-17	2.23e-16	3.72e-16	3.65e-11	7.47e-11	1.78e-48
 1.67947e+15	1.08e-15	1.32e-10	1.80e-06	1.14e-03	9.99e-01	6.56e-05	0.00e+00	9.14e-17	2.74e-16	4.58e-16	4.34e-11	8.89e-11	3.44e-48
 1.74003e+15	1.35e-15	1.59e-10	2.08e-06	1.24e-03	9.99e-01	6.05e-05	0.00e+00	1.14e-16	3.43e-16	5.73e-16	5.23e-11	1.07e-10	6.94e-48
 1.80764e+15	1.71e-15	1.94e-10	2.42e-06	1.35e-03	9.99e-01	5.56e-05	0.00e+00	1.45e-16	4.35e-16	7.26e-16	6.37e-11	1.30e-10	1.47e-47
 1.87169e+15	2.09e-15	2.31e-10	2.78e-06	1.46e-03	9.98e-01	5.14e-05	0.00e+00	1.78e-16	5.35e-16	8.93e-16	7.59e-11	1.55e-10	2.88e-47
 1.94033e+15	2.67e-15	2.81e-10	3.22e-06	1.58e-03	9.98e-01	4.74e-05	0.00e+00	2.27e-16	6.83e-16	1.14e-15	9.23e-11	1.89e-10	6.20e-47
 2.01797e+15	3.41e-15	3.45e-10	3.76e-06	1.73e-03	9.98e-01	4.34e-05	0.00e+00	2.91e-16	8.73e-16	1.46e-15	1.13e-10	2.32e-10	1.39e-46
 2.09443e+15	4.33e-15	4.20e-10	4.37e-06	1.88e-03	9.98e-01	3.99e-05	0.00e+00	3.70e-16	1.11e-15	1.85e-15	1.38e-10	2.82e-10	3.02e-46
 2.15666e+15	5.19e-15	4.90e-10	4.91e-06	2.01e-03	9.98e-01	3.74e-05	0.00e+00	4.43e-16	1.33e-15	2.22e-15	1.61e-10	3.29e-10	5.52e-46
 2.20516e+15	5.99e-15	5.51e-10	5.37e-06	2.11e-03	9.98e-01	3.56e-05	0.00e+00	5.12e-16	1.54e-15	2.57e-15	1.81e-10	3.70e-10	8.84e-46
 2.25839e+15	6.97e-15	6.26e-10	5.91e-06	2.23e-03	9.98e-01	3.37e-05	0.00e+00	5.97e-16	1.79e-15	2.99e-15	2.06e-10	4.20e-10	1.46e-45
 2.32758e+15	8.39e-15	7.33e-10	6.66e-06	2.38e-03	9.98e-01	3.15e-05	0.00e+00	7.19e-16	2.16e-15	3.60e-15	2.41e-10	4.92e-10	2.74e-45
 2.40235e+15	1.02e-14	8.66e-10	7.56e-06	2.56e-03	9.97e-01	2.94e-05	0.00e+00	8.77e-16	2.63e-15	4.40e-15	2.85e-10	5.81e-10	5.34e-45
 2.46931e+15	1.23e-14	1.01e-09	8.44e-06	2.72e-03	9.97e-01	2.77e-05	0.00e+00	1.06e-15	3.18e-15	5.30e-15	3.31e-10	6.76e-10	9.73e-45
 2.54133e+15	1.47e-14	1.17e-09	9.46e-06	2.90e-03	9.97e-01	2.60e-05	0.00e+00	1.27e-15	3.80e-15	6.34e-15	3.86e-10	7.86e-10	1.78e-44
 2.63369e+15	1.86e-14	1.42e-09	1.09e-05	3.14e-03	9.97e-01	2.40e-05	0.00e+00	1.61e-15	4.82e-15	8.04e-15	4.69e-10	9.55e-10	3.88e-44
 2.72742e+15	2.30e-14	1.71e-09	1.25e-05	3.40e-03	9.97e-01	2.22e-05	0.00e+00	1.98e-15	5.96e-15	9.94e-15	5.63e-10	1.15e-09	8.06e-44
 2.80543e+15	2.79e-14	2.00e-09	1.40e-05	3.62e-03	9.96e-01	2.09e-05	0.00e+00	2.41e-15	7.24e-15	1.21e-14	6.59e-10	1.34e-09	1.50e-43
 2.88808e+15	3.37e-14	2.34e-09	1.57e-05	3.86e-03	9.96e-01	1.96e-05	0.00e+00	2.91e-15	8.73e-15	1.46e-14	7.72e-10	1.57e-09	2.81e-43
 2.99351e+15	4.25e-14	2.85e-09	1.82e-05	4.19e-03	9.96e-01	1.82e-05	0.00e+00	3.67e-15	1.10e-14	1.84e-14	9.38e-10	1.91e-09	6.10e-43
 3.10481e+15	5.22e-14	3.42e-09	2.10e-05	4.54e-03	9.95e-01	1.68e-05	0.00e+00	4.52e-15	1.36e-14	2.27e-14	1.13e-09	2.29e-09	1.27e-42
 3.20436e+15	6.42e-14	4.08e-09	2.38e-05	4.87e-03	9.95e-01	1.57e-05	0.00e+00	5.57e-15	1.67e-14	2.79e-14	1.34e-09	2.73e-09	2.53e-42
 3.31236e+15	7.96e-14	4.89e-09	2.72e-05	5.24e-03	9.95e-01	1.46e-05	0.00e+00	6.91e-15	2.07e-14	3.46e-14	1.61e-09	3.28e-09	5.17e-42
 3.44089e+15	1.05e-13	6.13e-09	3.16e-05	5.71e-03	9.94e-01	1.35e-05	0.00e+00	9.14e-15	2.74e-14	4.58e-14	2.02e-09	4.11e-09	1.26e-41
 3.56758e+15	1.32e-13	7.47e-09	3.65e-05	6.18e-03	9.94e-01	1.25e-05	0.00e+00	1.15e-14	3.44e-14	5.75e-14	2.46e-09	5.00e-09	2.70e-41
 3.68239e+15	1.62e-13	8.92e-09	4.15e-05	6.63e-03	9.93e-01	1.18e-05	0.00e+00	1.41e-14	4.24e-14	7.08e-14	2.94e-09	5.97e-09	5.37e-41
 3.81030e+15	1.99e-13	1.07e-08	4.75e-05	7.14e-03	9.93e-01	1.10e-05	0.00e+00	1.74e-14	5.21e-14	8.70e-14	3.52e-09	7.13e-09	1.06e-40
 3.96027e+15	2.63e-13	1.34e-08	5.55e-05	7.79e-03	9.92e-01	1.01e-05	0.00e+00	2.30e-14	6.91e-14	1.15e-13	4.44e-09	9.01e-09	2.57e-40
 4.10824e+15	3.35e-13	1.66e-08	6.42e-05	8.44e-03	9.91e-01	9.44e-06	0.00e+00	2.93e-14	8.78e-14	1.47e-13	5.47e-09	1.11e-08	5.64e-40
 4.24731e+15	4.16e-13	2.00e-08	7.34e-05	9.08e-03	9.91e-01	8.85e-06	0.00e+00	3.64e-14	1.09e-13	1.82e-13	6.61e-09	1.34e-08	1.14e-39
 4.40240e+15	5.24e-13	2.44e-08	8.47e-05	9.82e-03	9.90e-01	8.27e-06	0.00e+00	4.59e-14	1.38e-13	2.30e-13	8.07e-09	1.63e-08	2.43e-39
 4.57852e+15	6.87e-13	3.07e-08	9.92e-05	1.07e-02	9.89e-01	7.69e-06	0.00e+00	6.03e-14	1.81e-13	3.02e-13	1.02e-08	2.06e-08	5.77e-39
 4.72589e+15	8.45e-13	3.68e-08	1.13e-04	1.15e-02	9.88e-01	7.26e-06	0.00e+00	7.42e-14	2.23e-13	3.72e-13	1.22e-08	2.46e-08	1.13e-38
 4.83118e+15	9.77e-13	4.17e-08	1.23e-04	1.20e-02	9.88e-01	6.98e-06	0.00e+00	8.59e-14	2.58e-13	4.30e-13	1.38e-08	2.79e-08	1.80e-38
 4.94092e+15	1.14e-12	4.75e-08	1.35e-04	1.26e-02	9.87e-01	6.71e-06	0.00e+00	1.00e-13	3.00e-13	5.00e-13	1.57e-08	3.18e-08	2.90e-38
 5.08360e+15	1.35e-12	5.51e-08	1.51e-04	1.34e-02	9.86e-01	6.38e-06	0.00e+00	1.19e-13	3.56e-13	5.94e-13	1.82e-08	3.69e-08	4.96e-38
 5.24293e+15	1.69e-12	6.69e-08	1.71e-04	1.44e-02	9.85e-01	6.06e-06	0.00e+00	1.49e-13	4.47e-13	7.45e-13	2.22e-08	4.48e-08	1.02e-37
 5.39174e+15	2.03e-12	7.88e-08	1.92e-04	1.53e-02	9.85e-01	5.79e-06	0.00e+00	1.79e-13	5.38e-13	8.97e-13	2.61e-08	5.27e-08	1.83e-37
 5.55300e+15	2.44e-12	9.21e-08	2.16e-04	1.63e-02	9.83e-01	5.52e-06	0.00e+00	2.15e-13	6.46e-13	1.08e-12	3.05e-08	6.16e-08	3.13e-37
 5.73437e+15	3.08e-12	1.13e-07	2.46e-04	1.75e-02	9.82e-01	5.25e-06	0.00e+00	2.72e-13	8.16e-13	1.36e-12	3.74e-08	7.55e-08	6.52e-37
 5.90568e+15	3.73e-12	1.34e-07	2.77e-04	1.86e-02	9.81e-01	5.02e-06	0.00e+00	3.30e-13	9.89e-13	1.65e-12	4.42e-08	8.94e-08	1.17e-36
 6.09222e+15	4.56e-12	1.58e-07	3.15e-04	1.99e-02	9.80e-01	4.79e-06	0.00e+00	4.03e-13	1.21e-12	2.02e-12	5.25e-08	1.06e-07	2.11e-36
 6.30150e+15	5.85e-12	1.97e-07	3.62e-04	2.15e-02	9.78e-01	4.58e-06	0.00e+00	5.18e-13	1.55e-12	2.59e-12	6.51e-08	1.32e-07	4.50e-36
 6.49936e+15	7.16e-12	2.35e-07	4.10e-04	2.30e-02	9.77e-01	4.39e-06	0.00e+00	6.34e-13	1.90e-12	3.17e-12	7.79e-08	1.57e-07	8.16e-36
 6.71559e+15	8.87e-12	2.82e-07	4.69e-04	2.47e-02	9.75e-01	4.20e-06	0.00e+00	7.86e-13	2.36e-12	3.93e-12	9.33e-08	1.88e-07	1.52e-35
 6.95336e+15	1.15e-11	3.53e-07	5.42e-04	2.66e-02	9.73e-01	4.03e-06	0.00e+00	1.02e-12	3.05e-12	5.10e-12	1.17e-07	2.36e-07	3.32e-35
 7.17181e+15	1.41e-11	4.23e-07	6.16e-04	2.85e-02	9.71e-01	3.88e-06	0.00e+00	1.25e-12	3.75e-12	6.25e-12	1.40e-07	2.83e-07	5.98e-35
 7.40845e+15	1.75e-11	5.07e-07	7.05e-04	3.06e-02	9.69e-01	3.73e-06	0.00e+00	1.55e-12	4.66e-12	7.77e-12	1.68e-07	3.39e-07	1.10e-34
 7.67119e+15	2.27e-11	6.37e-07	8.17e-04	3.31e-02	9.66e-01	3.61e-06	0.00e+00	2.02e-12	6.05e-12	1.01e-11	2.11e-07	4.26e-07	2.39e-34
 7.91641e+15	2.81e-11	7.71e-07	9.32e-04	3.54e-02	9.64e-01	3.49e-06	0.00e+00	2.50e-12	7.51e-12	1.25e-11	2.56e-07	5.15e-07	4.41e-34
 8.18376e+15	3.55e-11	9.40e-07	1.07e-03	3.81e-02	9.61e-01	3.38e-06	0.00e+00	3.16e-12	9.49e-12	1.58e-11	3.12e-07	6.28e-07	8.36e-34
 8.47874e+15	4.51e-11	1.15e-06	1.25e-03	4.12e-02	9.58e-01	3.26e-06	0.00e+00	4.02e-12	1.21e-11	2.01e-11	3.81e-07	7.68e-07	1.56e-33
 8.75477e+15	5.77e-11	1.43e-06	1.43e-03	4.44e-02	9.54e-01	3.19e-06	0.00e+00	5.15e-12	1.54e-11	2.58e-11	4.74e-07	9.55e-07	3.22e-33
 9.00808e+15	7.05e-11	1.70e-06	1.62e-03	4.73e-02	9.51e-01	3.11e-06	0.00e+00	6.29e-12	1.89e-11	3.15e-11	5.65e-07	1.14e-06	5.55e-33
 9.28671e+15	8.79e-11	2.05e-06	1.85e-03	5.07e-02	9.47e-01	3.04e-06	0.00e+00	7.85e-12	2.36e-11	3.93e-11	6.81e-07	1.37e-06	9.94e-33
 9.59999e+15	1.11e-10	2.49e-06	2.14e-03	5.46e-02	9.43e-01	2.96e-06	0.00e+00	9.93e-12	2.98e-11	4.97e-11	8.26e-07	1.66e-06	1.77e-32
 9.89814e+15	1.41e-10	3.08e-06	2.45e-03	5.88e-02	9.39e-01	2.91e-06	0.00e+00	1.26e-11	3.79e-11	6.31e-11	1.02e-06	2.06e-06	3.49e-32
 1.01447e+16	1.69e-10	3.60e-06	2.73e-03	6.22e-02	9.35e-01	2.87e-06	0.00e+00	1.51e-11	4.54e-11	7.57e-11	1.20e-06	2.40e-06	5.51e-32
 1.03842e+16	2.01e-10	4.19e-06	3.04e-03	6.57e-02	9.31e-01	2.83e-06	0.00e+00	1.81e-11	5.42e-11	9.03e-11	1.39e-06	2.80e-06	8.72e-32
 1.06956e+16	2.51e-10	4.98e-06	3.48e-03	7.04e-02	9.26e-01	2.78e-06	0.00e+00	2.25e-11	6.75e-11	1.13e-10	1.65e-06	3.33e-06	1.43e-31
 1.10280e+16	3.21e-10	6.21e-06	4.02e-03	7.59e-02	9.20e-01	2.74e-06	0.00e+00	2.88e-11	8.64e-11	1.44e-10	2.06e-06	4.15e-06	2.81e-31
 1.13020e+16	3.86e-10	7.26e-06	4.50e-03	8.05e-02	9.15e-01	2.70e-06	0.00e+00	3.47e-11	1.04e-10	1.73e-10	2.41e-06	4.85e-06	4.32e-31
 1.15724e+16	4.64e-10	8.42e-06	5.04e-03	8.53e-02	9.10e-01	2.67e-06	0.00e+00	4.17e-11	1.25e-10	2.09e-10	2.80e-06	5.62e-06	6.62e-31
 1.19239e+16	6.04e-10	1.06e-05	5.85e-03	9.22e-02	9.02e-01	2.64e-06	0.00e+00	5.43e-11	1.63e-10	2.72e-10	3.51e-06	7.05e-06	1.32e-30
 1.22713e+16	7.55e-10	1.28e-05	6.73e-03	9.90e-02	8.94e-01	2.61e-06	0.00e+00	6.80e-11	2.04e-10	3.40e-10	4.24e-06	8.52e-06	2.17e-30
 1.25500e+16	9.07e-10	1.48e-05	7.52e-03	1.05e-01	8.88e-01	2.59e-06	0.00e+00	8.17e-11	2.45e-10	4.09e-10	4.91e-06	9.85e-06	3.25e-30
 1.28489e+16	1.11e-09	1.75e-05	8.50e-03	1.12e-01	8.80e-01	2.56e-06	0.00e+00	1.00e-10	3.00e-10	5.00e-10	5.81e-06	1.17e-05	5.19e-30
 1.31848e+16	1.42e-09	2.16e-05	9.77e-03	1.20e-01	8.70e-01	2.56e-06	0.00e+00	1.28e-10	3.85e-10	6.42e-10	7.19e-06	1.44e-05	9.76e-30
 1.34976e+16	1.74e-09	2.57e-05	1.11e-02	1.28e-01	8.61e-01	2.54e-06	0.00e+00	1.57e-10	4.72e-10	7.88e-10	8.54e-06	1.71e-05	1.55e-29
 1.37874e+16	2.12e-09	3.01e-05	1.24e-02	1.35e-01	8.52e-01	2.53e-06	0.00e+00	1.92e-10	5.76e-10	9.61e-10	1.00e-05	2.01e-05	2.36e-29
 1.41182e+16	2.64e-09	3.57e-05	1.42e-02	1.45e-01	8.41e-01	2.51e-06	0.00e+00	2.39e-10	7.17e-10	1.20e-09	1.19e-05	2.38e-05	3.72e-29
 1.44670e+16	3.44e-09	4.47e-05	1.65e-02	1.56e-01	8.28e-01	2.52e-06	0.00e+00	3.12e-10	9.36e-10	1.56e-09	1.49e-05	2.98e-05	7.11e-29
 1.47574e+16	4.15e-09	5.22e-05	1.85e-02	1.65e-01	8.16e-01	2.51e-06	0.00e+00	3.76e-10	1.13e-09	1.88e-09	1.74e-05	3.48e-05	1.05e-28
 1.50535e+16	5.08e-09	6.11e-05	2.10e-02	1.76e-01	8.03e-01	2.50e-06	0.00e+00	4.61e-10	1.38e-09	2.30e-09	2.03e-05	4.07e-05	1.58e-28
 1.53808e+16	6.59e-09	7.61e-05	2.42e-02	1.88e-01	7.87e-01	2.53e-06	0.00e+00	5.98e-10	1.79e-09	2.99e-09	2.53e-05	5.07e-05	2.99e-28
 1.56686e+16	8.03e-09	8.98e-05	2.73e-02	2.00e-01	7.73e-01	2.53e-06	0.00e+00	7.31e-10	2.19e-09	3.65e-09	2.99e-05	5.99e-05	4.60e-28
 1.59187e+16	9.71e-09	1.05e-04	3.05e-02	2.11e-01	7.59e-01	2.54e-06	0.00e+00	8.83e-10	2.65e-09	4.42e-09	3.48e-05	6.98e-05	6.92e-28
 1.62003e+16	1.21e-08	1.24e-04	3.47e-02	2.24e-01	7.42e-01	2.55e-06	0.00e+00	1.10e-09	3.30e-09	5.50e-09	4.13e-05	8.27e-05	1.08e-27
 1.65058e+16	1.55e-08	1.52e-04	3.99e-02	2.39e-01	7.21e-01	2.58e-06	0.00e+00	1.41e-09	4.23e-09	7.04e-09	5.05e-05	1.01e-04	1.89e-27
 1.67715e+16	1.92e-08	1.80e-04	4.51e-02	2.53e-01	7.02e-01	2.61e-06	6.27e-12	1.75e-09	5.25e-09	8.75e-09	5.99e-05	1.20e-04	3.04e-27
 1.70017e+16	2.30e-08	2.07e-04	5.02e-02	2.66e-01	6.84e-01	2.63e-06	0.00e+00	2.10e-09	6.29e-09	1.05e-08	6.91e-05	1.38e-04	4.35e-27
 1.72216e+16	2.73e-08	2.36e-04	5.57e-02	2.79e-01	6.65e-01	2.64e-06	0.00e+00	2.50e-09	7.49e-09	1.25e-08	7.88e-05	1.58e-04	6.14e-27
 1.74721e+16	3.38e-08	2.80e-04	6.32e-02	2.95e-01	6.42e-01	2.65e-06	0.00e+00	3.09e-09	9.27e-09	1.54e-08	9.34e-05	1.87e-04	9.74e-27
 1.77398e+16	4.30e-08	3.38e-04	7.24e-02	3.13e-01	6.15e-01	2.69e-06	0.00e+00	3.93e-09	1.18e-08	1.97e-08	1.13e-04	2.25e-04	1.64e-26
 1.79673e+16	5.34e-08	4.01e-04	8.15e-02	3.29e-01	5.89e-01	2.75e-06	8.51e-12	4.89e-09	1.47e-08	2.44e-08	1.34e-04	2.67e-04	2.65e-26
 1.81604e+16	6.46e-08	4.66e-04	9.05e-02	3.44e-01	5.65e-01	2.80e-06	0.00e+00	5.92e-09	1.78e-08	2.96e-08	1.55e-04	3.11e-04	4.10e-26
 1.83366e+16	7.88e-08	5.48e-04	1.00e-01	3.58e-01	5.42e-01	2.89e-06	1.04e-11	7.22e-09	2.17e-08	3.61e-08	1.83e-04	3.65e-04	6.74e-26
