#depth	He	He+	He+2
 1.49634e+10	3.43e-23	3.53e-12	1.00e+00
 4.54887e+10	3.82e-23	3.82e-12	1.00e+00
 7.72350e+10	4.24e-23	4.13e-12	1.00e+00
 1.10251e+11	4.71e-23	4.47e-12	1.00e+00
 1.42964e+11	5.21e-23	4.82e-12	1.00e+00
 1.76985e+11	5.76e-23	5.19e-12	1.00e+00
 2.13991e+11	6.41e-23	5.62e-12	1.00e+00
 2.52477e+11	7.14e-23	6.08e-12	1.00e+00
 2.92503e+11	7.95e-23	6.58e-12	1.00e+00
 3.34130e+11	8.87e-23	7.13e-12	1.00e+00
 3.77422e+11	9.91e-23	7.72e-12	1.00e+00
 4.22445e+11	1.11e-22	8.35e-12	1.00e+00
 4.69270e+11	1.24e-22	9.05e-12	1.00e+00
 5.17968e+11	1.39e-22	9.80e-12	1.00e+00
 5.68613e+11	1.56e-22	1.06e-11	1.00e+00
 6.21284e+11	1.75e-22	1.15e-11	1.00e+00
 6.76063e+11	1.97e-22	1.24e-11	1.00e+00
 7.33032e+11	2.22e-22	1.35e-11	1.00e+00
 7.88778e+11	2.50e-22	1.45e-11	1.00e+00
 8.40342e+11	2.77e-22	1.56e-11	1.00e+00
 8.97470e+11	3.08e-22	1.67e-11	1.00e+00
 9.63296e+11	3.50e-22	1.81e-11	1.00e+00
 1.02800e+12	3.95e-22	1.96e-11	1.00e+00
 1.09529e+12	4.45e-22	2.11e-11	1.00e+00
 1.16903e+12	5.06e-22	2.29e-11	1.00e+00
 1.24386e+12	5.75e-22	2.48e-11	1.00e+00
 1.32167e+12	6.54e-22	2.68e-11	1.00e+00
 1.40447e+12	7.47e-22	2.91e-11	1.00e+00
 1.49057e+12	8.55e-22	3.16e-11	1.00e+00
 1.58012e+12	9.79e-22	3.43e-11	1.00e+00
 1.67325e+12	1.12e-21	3.73e-11	1.00e+00
 1.77011e+12	1.29e-21	4.05e-11	1.00e+00
 1.87084e+12	1.48e-21	4.40e-11	1.00e+00
 1.97560e+12	1.71e-21	4.78e-11	1.00e+00
 2.07422e+12	1.95e-21	5.15e-11	1.00e+00
 2.16257e+12	2.17e-21	5.50e-11	1.00e+00
 2.26180e+12	2.45e-21	5.91e-11	1.00e+00
 2.37921e+12	2.83e-21	6.42e-11	1.00e+00
 2.49659e+12	3.25e-21	6.95e-11	1.00e+00
 2.60699e+12	3.68e-21	7.47e-11	1.00e+00
 2.72951e+12	4.19e-21	8.07e-11	1.00e+00
 2.86862e+12	4.87e-21	8.79e-11	1.00e+00
 3.00743e+12	5.62e-21	9.55e-11	1.00e+00
 3.15179e+12	6.48e-21	1.04e-10	1.00e+00
 3.30779e+12	7.53e-21	1.13e-10	1.00e+00
 3.47003e+12	8.74e-21	1.23e-10	1.00e+00
 3.62309e+12	1.00e-20	1.34e-10	1.00e+00
 3.76085e+12	1.13e-20	1.43e-10	1.00e+00
 3.91590e+12	1.28e-20	1.55e-10	1.00e+00
 4.09857e+12	1.49e-20	1.69e-10	1.00e+00
 4.28104e+12	1.72e-20	1.84e-10	1.00e+00
 4.45234e+12	1.96e-20	1.98e-10	1.00e+00
 4.64188e+12	2.24e-20	2.15e-10	1.00e+00
 4.85748e+12	2.61e-20	2.35e-10	1.00e+00
 5.07154e+12	3.02e-20	2.57e-10	1.00e+00
 5.27934e+12	3.45e-20	2.79e-10	1.00e+00
 5.50562e+12	3.96e-20	3.04e-10	1.00e+00
 5.75577e+12	4.61e-20	3.34e-10	1.00e+00
 6.01036e+12	5.33e-20	3.66e-10	1.00e+00
 6.25935e+12	6.11e-20	3.99e-10	1.00e+00
 6.52386e+12	7.01e-20	4.36e-10	1.00e+00
 6.81474e+12	8.11e-20	4.79e-10	1.00e+00
 7.11128e+12	9.35e-20	5.26e-10	1.00e+00
 7.41969e+12	1.08e-19	5.78e-10	1.00e+00
 7.74640e+12	1.24e-19	6.36e-10	1.00e+00
 8.08619e+12	1.43e-19	7.01e-10	1.00e+00
 8.39356e+12	1.62e-19	7.63e-10	1.00e+00
 8.64976e+12	1.78e-19	8.17e-10	1.00e+00
 8.93049e+12	1.97e-19	8.78e-10	1.00e+00
 9.28590e+12	2.23e-19	9.61e-10	1.00e+00
 9.65648e+12	2.54e-19	1.05e-09	1.00e+00
 9.98488e+12	2.82e-19	1.14e-09	1.00e+00
 1.02920e+13	3.10e-19	1.22e-09	1.00e+00
 1.06428e+13	3.45e-19	1.32e-09	1.00e+00
 1.10729e+13	3.91e-19	1.45e-09	1.00e+00
 1.15009e+13	4.43e-19	1.58e-09	1.00e+00
 1.18739e+13	4.90e-19	1.71e-09	1.00e+00
 1.22805e+13	5.45e-19	1.85e-09	1.00e+00
 1.27755e+13	6.18e-19	2.02e-09	1.00e+00
 1.32804e+13	7.00e-19	2.22e-09	1.00e+00
 1.37460e+13	7.82e-19	2.40e-09	1.00e+00
 1.42652e+13	8.81e-19	2.62e-09	1.00e+00
 1.48648e+13	1.01e-18	2.88e-09	1.00e+00
 1.54539e+13	1.15e-18	3.16e-09	1.00e+00
 1.60192e+13	1.29e-18	3.43e-09	1.00e+00
 1.66425e+13	1.47e-18	3.74e-09	1.00e+00
 1.73381e+13	1.69e-18	4.11e-09	1.00e+00
 1.79714e+13	1.92e-18	4.47e-09	1.00e+00
 1.85057e+13	2.13e-18	4.77e-09	1.00e+00
 1.90940e+13	2.38e-18	5.12e-09	1.00e+00
 1.97582e+13	2.69e-18	5.54e-09	1.00e+00
 2.03944e+13	3.02e-18	5.95e-09	1.00e+00
 2.10949e+13	3.42e-18	6.42e-09	1.00e+00
 2.18732e+13	3.91e-18	6.96e-09	1.00e+00
 2.26027e+13	4.42e-18	7.49e-09	1.00e+00
 2.34013e+13	5.04e-18	8.10e-09	1.00e+00
 2.42997e+13	5.83e-18	8.80e-09	1.00e+00
 2.51583e+13	6.66e-18	9.51e-09	1.00e+00
 2.59521e+13	7.52e-18	1.02e-08	1.00e+00
 2.68315e+13	8.56e-18	1.10e-08	1.00e+00
 2.78172e+13	9.86e-18	1.19e-08	1.00e+00
 2.87484e+13	1.12e-17	1.28e-08	1.00e+00
 2.97660e+13	1.29e-17	1.38e-08	1.00e+00
 3.08928e+13	1.50e-17	1.49e-08	1.00e+00
 3.19397e+13	1.71e-17	1.61e-08	1.00e+00
 3.30789e+13	1.97e-17	1.73e-08	1.00e+00
 3.43525e+13	2.30e-17	1.88e-08	1.00e+00
 3.55538e+13	2.64e-17	2.03e-08	1.00e+00
 3.68628e+13	3.05e-17	2.19e-08	1.00e+00
 3.83228e+13	3.58e-17	2.38e-08	1.00e+00
 3.97073e+13	4.14e-17	2.57e-08	1.00e+00
 4.11915e+13	4.81e-17	2.78e-08	1.00e+00
 4.28691e+13	5.66e-17	3.03e-08	1.00e+00
 4.45263e+13	6.61e-17	3.28e-08	1.00e+00
 4.62498e+13	7.72e-17	3.56e-08	1.00e+00
 4.81297e+13	9.10e-17	3.87e-08	1.00e+00
 5.00848e+13	1.07e-16	4.21e-08	1.00e+00
 5.21181e+13	1.26e-16	4.58e-08	1.00e+00
 5.41115e+13	1.47e-16	4.96e-08	1.00e+00
 5.59616e+13	1.69e-16	5.32e-08	1.00e+00
 5.80071e+13	1.95e-16	5.73e-08	1.00e+00
 6.01104e+13	2.26e-16	6.18e-08	1.00e+00
 6.18677e+13	2.54e-16	6.56e-08	1.00e+00
 6.37213e+13	2.87e-16	6.97e-08	1.00e+00
 6.60793e+13	3.32e-16	7.52e-08	1.00e+00
 6.85419e+13	3.86e-16	8.11e-08	1.00e+00
 7.07219e+13	4.38e-16	8.65e-08	1.00e+00
 7.30857e+13	5.00e-16	9.25e-08	1.00e+00
 7.57257e+13	5.78e-16	9.95e-08	1.00e+00
 7.82000e+13	6.58e-16	1.06e-07	1.00e+00
 8.08920e+13	7.55e-16	1.14e-07	1.00e+00
 8.38880e+13	8.74e-16	1.23e-07	1.00e+00
 8.66844e+13	9.97e-16	1.31e-07	1.00e+00
 8.97253e+13	1.15e-15	1.41e-07	1.00e+00
 9.31241e+13	1.33e-15	1.52e-07	1.00e+00
 9.63215e+13	1.52e-15	1.62e-07	1.00e+00
 9.98107e+13	1.75e-15	1.74e-07	1.00e+00
 1.03711e+14	2.05e-15	1.88e-07	1.00e+00
 1.07394e+14	2.35e-15	2.02e-07	1.00e+00
 1.11345e+14	2.72e-15	2.17e-07	1.00e+00
 1.15829e+14	3.18e-15	2.35e-07	1.00e+00
 1.20229e+14	3.69e-15	2.53e-07	1.00e+00
 1.24805e+14	4.28e-15	2.73e-07	1.00e+00
 1.29827e+14	5.01e-15	2.95e-07	1.00e+00
 1.34914e+14	5.83e-15	3.19e-07	1.00e+00
 1.40204e+14	6.80e-15	3.45e-07	1.00e+00
 1.45515e+14	7.88e-15	3.71e-07	1.00e+00
 1.50533e+14	9.01e-15	3.97e-07	1.00e+00
 1.56078e+14	1.04e-14	4.27e-07	1.00e+00
 1.61631e+14	1.20e-14	4.59e-07	1.00e+00
 1.66217e+14	1.34e-14	4.85e-07	1.00e+00
 1.71067e+14	1.50e-14	5.14e-07	1.00e+00
 1.77300e+14	1.73e-14	5.53e-07	1.00e+00
 1.83849e+14	2.00e-14	5.95e-07	1.00e+00
 1.89618e+14	2.26e-14	6.33e-07	1.00e+00
 1.95852e+14	2.57e-14	6.76e-07	1.00e+00
 2.03378e+14	2.99e-14	7.30e-07	1.00e+00
 2.11007e+14	3.47e-14	7.87e-07	1.00e+00
 2.18109e+14	3.96e-14	8.42e-07	1.00e+00
 2.26030e+14	4.57e-14	9.06e-07	1.00e+00
 2.34488e+14	5.30e-14	9.78e-07	1.00e+00
 2.42006e+14	6.01e-14	1.04e-06	1.00e+00
 2.50072e+14	6.86e-14	1.12e-06	1.00e+00
 2.59739e+14	7.99e-14	1.21e-06	1.00e+00
 2.69244e+14	9.23e-14	1.30e-06	1.00e+00
 2.77691e+14	1.05e-13	1.39e-06	1.00e+00
 2.87006e+14	1.19e-13	1.49e-06	1.00e+00
 2.98132e+14	1.39e-13	1.61e-06	1.00e+00
 3.09179e+14	1.61e-13	1.73e-06	1.00e+00
 3.19245e+14	1.83e-13	1.85e-06	1.00e+00
 3.30469e+14	2.10e-13	1.99e-06	1.00e+00
 3.43563e+14	2.45e-13	2.16e-06	1.00e+00
 3.56441e+14	2.84e-13	2.33e-06	1.00e+00
 3.68572e+14	3.24e-13	2.50e-06	1.00e+00
 3.82083e+14	3.73e-13	2.69e-06	1.00e+00
 3.97397e+14	4.36e-13	2.92e-06	1.00e+00
 4.12691e+14	5.05e-13	3.15e-06	1.00e+00
 4.26998e+14	5.78e-13	3.38e-06	1.00e+00
 4.42507e+14	6.64e-13	3.64e-06	1.00e+00
 4.59870e+14	7.71e-13	3.93e-06	1.00e+00
 4.76071e+14	8.81e-13	4.22e-06	1.00e+00
 4.91059e+14	9.93e-13	4.50e-06	1.00e+00
 5.05506e+14	1.11e-12	4.78e-06	1.00e+00
 5.21580e+14	1.25e-12	5.09e-06	1.00e+00
 5.39361e+14	1.42e-12	5.45e-06	1.00e+00
 5.55901e+14	1.60e-12	5.80e-06	1.00e+00
 5.73943e+14	1.80e-12	6.19e-06	1.00e+00
 5.94259e+14	2.06e-12	6.64e-06	1.00e+00
 6.13630e+14	2.32e-12	7.09e-06	1.00e+00
 6.34910e+14	2.64e-12	7.60e-06	1.00e+00
 6.58348e+14	3.02e-12	8.19e-06	1.00e+00
 6.79870e+14	3.41e-12	8.74e-06	1.00e+00
 7.03129e+14	3.87e-12	9.36e-06	1.00e+00
 7.29176e+14	4.43e-12	1.01e-05	1.00e+00
 7.53711e+14	5.01e-12	1.08e-05	1.00e+00
 7.80469e+14	5.70e-12	1.16e-05	1.00e+00
 8.10182e+14	6.55e-12	1.25e-05	1.00e+00
 8.37879e+14	7.42e-12	1.34e-05	1.00e+00
 8.68021e+14	8.46e-12	1.44e-05	1.00e+00
 9.01790e+14	9.75e-12	1.56e-05	1.00e+00
 9.33744e+14	1.11e-11	1.67e-05	1.00e+00
 9.67959e+14	1.27e-11	1.80e-05	1.00e+00
 1.00671e+15	1.47e-11	1.95e-05	1.00e+00
 1.04477e+15	1.69e-11	2.11e-05	1.00e+00
 1.08435e+15	1.94e-11	2.28e-05	1.00e+00
 1.12776e+15	2.25e-11	2.48e-05	1.00e+00
 1.17053e+15	2.59e-11	2.68e-05	1.00e+00
 1.20596e+15	2.90e-11	2.86e-05	1.00e+00
 1.23455e+15	3.18e-11	3.00e-05	1.00e+00
 1.26630e+15	3.51e-11	3.17e-05	1.00e+00
 1.30757e+15	3.98e-11	3.40e-05	1.00e+00
 1.35181e+15	4.53e-11	3.65e-05	1.00e+00
 1.39104e+15	5.07e-11	3.88e-05	1.00e+00
 1.43318e+15	5.70e-11	4.14e-05	1.00e+00
 1.48615e+15	6.59e-11	4.49e-05	1.00e+00
 1.53992e+15	7.59e-11	4.85e-05	1.00e+00
 1.58627e+15	8.55e-11	5.18e-05	1.00e+00
 1.63627e+15	9.71e-11	5.55e-05	1.00e+00
 1.69784e+15	1.13e-10	6.02e-05	1.00e+00
 1.76036e+15	1.31e-10	6.53e-05	1.00e+00
 1.81593e+15	1.49e-10	7.00e-05	1.00e+00
 1.87654e+15	1.71e-10	7.53e-05	1.00e+00
 1.94903e+15	2.00e-10	8.20e-05	1.00e+00
 2.02072e+15	2.33e-10	8.89e-05	1.00e+00
 2.08531e+15	2.66e-10	9.55e-05	1.00e+00
 2.15692e+15	3.06e-10	1.03e-04	1.00e+00
 2.24137e+15	3.61e-10	1.12e-04	1.00e+00
 2.32471e+15	4.22e-10	1.22e-04	1.00e+00
 2.40192e+15	4.85e-10	1.31e-04	1.00e+00
 2.48855e+15	5.65e-10	1.42e-04	1.00e+00
 2.58812e+15	6.69e-10	1.56e-04	1.00e+00
 2.68588e+15	7.85e-10	1.69e-04	1.00e+00
 2.78755e+15	9.21e-10	1.84e-04	1.00e+00
 2.88032e+15	1.06e-09	1.98e-04	1.00e+00
 2.94935e+15	1.17e-09	2.09e-04	1.00e+00
 3.02049e+15	1.30e-09	2.20e-04	1.00e+00
 3.11297e+15	1.48e-09	2.36e-04	1.00e+00
 3.21316e+15	1.70e-09	2.53e-04	1.00e+00
 3.30365e+15	1.92e-09	2.70e-04	1.00e+00
 3.40154e+15	2.18e-09	2.88e-04	1.00e+00
 3.52603e+15	2.55e-09	3.12e-04	1.00e+00
 3.65126e+15	2.96e-09	3.38e-04	1.00e+00
 3.75581e+15	3.35e-09	3.59e-04	1.00e+00
 3.86733e+15	3.80e-09	3.84e-04	1.00e+00
 4.00898e+15	4.44e-09	4.16e-04	1.00e+00
 4.15787e+15	5.19e-09	4.51e-04	1.00e+00
 4.29150e+15	5.95e-09	4.83e-04	1.00e+00
 4.43722e+15	6.87e-09	5.20e-04	9.99e-01
 4.60999e+15	8.10e-09	5.66e-04	9.99e-01
 4.77947e+15	9.45e-09	6.12e-04	9.99e-01
 4.93335e+15	1.08e-08	6.56e-04	9.99e-01
 5.10540e+15	1.25e-08	7.07e-04	9.99e-01
 5.30672e+15	1.48e-08	7.69e-04	9.99e-01
 5.50435e+15	1.72e-08	8.33e-04	9.99e-01
 5.68970e+15	1.98e-08	8.94e-04	9.99e-01
 5.89713e+15	2.30e-08	9.66e-04	9.99e-01
 6.09511e+15	2.64e-08	1.04e-03	9.99e-01
 6.24190e+15	2.91e-08	1.09e-03	9.99e-01
 6.39017e+15	3.21e-08	1.15e-03	9.99e-01
 6.58291e+15	3.64e-08	1.22e-03	9.99e-01
 6.79197e+15	4.15e-08	1.31e-03	9.99e-01
 6.97964e+15	4.64e-08	1.38e-03	9.99e-01
 7.18103e+15	5.23e-08	1.47e-03	9.99e-01
 7.44077e+15	6.08e-08	1.59e-03	9.98e-01
 7.70243e+15	7.01e-08	1.71e-03	9.98e-01
 7.91547e+15	7.84e-08	1.81e-03	9.98e-01
 8.13921e+15	8.81e-08	1.92e-03	9.98e-01
 8.43007e+15	1.02e-07	2.07e-03	9.98e-01
 8.73513e+15	1.18e-07	2.23e-03	9.98e-01
 8.99740e+15	1.33e-07	2.37e-03	9.98e-01
 9.27710e+15	1.51e-07	2.53e-03	9.97e-01
 9.62392e+15	1.76e-07	2.73e-03	9.97e-01
 9.96970e+15	2.03e-07	2.94e-03	9.97e-01
 1.02627e+16	2.28e-07	3.13e-03	9.97e-01
 1.05755e+16	2.59e-07	3.34e-03	9.97e-01
 1.09673e+16	3.01e-07	3.62e-03	9.96e-01
 1.13533e+16	3.46e-07	3.89e-03	9.96e-01
 1.16698e+16	3.86e-07	4.13e-03	9.96e-01
 1.19497e+16	4.25e-07	4.35e-03	9.96e-01
 1.22585e+16	4.74e-07	4.61e-03	9.95e-01
 1.25962e+16	5.30e-07	4.90e-03	9.95e-01
 1.29126e+16	5.86e-07	5.18e-03	9.95e-01
 1.32649e+16	6.60e-07	5.53e-03	9.94e-01
 1.36418e+16	7.40e-07	5.90e-03	9.94e-01
 1.39859e+16	8.22e-07	6.26e-03	9.94e-01
 1.43681e+16	9.28e-07	6.71e-03	9.93e-01
 1.47810e+16	1.05e-06	7.21e-03	9.93e-01
 1.51599e+16	1.17e-06	7.69e-03	9.92e-01
 1.55121e+16	1.30e-06	8.19e-03	9.92e-01
 1.59033e+16	1.46e-06	8.81e-03	9.91e-01
 1.63212e+16	1.65e-06	9.50e-03	9.90e-01
 1.66857e+16	1.84e-06	1.02e-02	9.90e-01
 1.70713e+16	2.07e-06	1.10e-02	9.89e-01
 1.74884e+16	2.35e-06	1.19e-02	9.88e-01
 1.78388e+16	2.61e-06	1.28e-02	9.87e-01
 1.81312e+16	2.86e-06	1.36e-02	9.86e-01
 1.84562e+16	3.19e-06	1.46e-02	9.85e-01
 1.88163e+16	3.62e-06	1.59e-02	9.84e-01
 1.91395e+16	4.03e-06	1.72e-02	9.83e-01
 1.94244e+16	4.47e-06	1.85e-02	9.82e-01
 1.97418e+16	5.05e-06	2.01e-02	9.80e-01
 2.00808e+16	5.78e-06	2.22e-02	9.78e-01
 2.03697e+16	6.50e-06	2.42e-02	9.76e-01
 2.06220e+16	7.23e-06	2.62e-02	9.74e-01
 2.09049e+16	8.31e-06	2.89e-02	9.71e-01
 2.12015e+16	9.54e-06	3.21e-02	9.68e-01
 2.14524e+16	1.09e-05	3.54e-02	9.65e-01
 2.16705e+16	1.23e-05	3.88e-02	9.61e-01
 2.19093e+16	1.40e-05	4.32e-02	9.57e-01
 2.21678e+16	1.64e-05	4.90e-02	9.51e-01
 2.23875e+16	1.93e-05	5.50e-02	9.45e-01
 2.25610e+16	2.19e-05	6.07e-02	9.39e-01
 2.27388e+16	2.49e-05	6.77e-02	9.32e-01
 2.29397e+16	2.94e-05	7.72e-02	9.23e-01
 2.31203e+16	3.51e-05	8.77e-02	9.12e-01
 2.32616e+16	4.02e-05	9.78e-02	9.02e-01
 2.34021e+16	4.65e-05	1.10e-01	8.90e-01
 2.35561e+16	5.51e-05	1.26e-01	8.74e-01
 2.36906e+16	6.39e-05	1.43e-01	8.57e-01
 2.38049e+16	7.47e-05	1.60e-01	8.40e-01
 2.39064e+16	8.46e-05	1.79e-01	8.21e-01
 2.39990e+16	9.70e-05	1.98e-01	8.02e-01
 2.40752e+16	1.07e-04	2.16e-01	7.84e-01
 2.41459e+16	1.20e-04	2.35e-01	7.65e-01
 2.42182e+16	1.34e-04	2.56e-01	7.44e-01
 2.42827e+16	1.47e-04	2.78e-01	7.22e-01
 2.43566e+16	1.66e-04	3.05e-01	6.95e-01
 2.44344e+16	1.89e-04	3.36e-01	6.63e-01
 2.44961e+16	2.08e-04	3.64e-01	6.36e-01
 2.45553e+16	2.29e-04	3.92e-01	6.08e-01
 2.46194e+16	2.54e-04	4.25e-01	5.75e-01
 2.46803e+16	2.80e-04	4.58e-01	5.42e-01
 2.47500e+16	3.13e-04	4.98e-01	5.02e-01
 2.48251e+16	3.49e-04	5.41e-01	4.59e-01
 2.48931e+16	3.85e-04	5.81e-01	4.18e-01
 2.49675e+16	4.27e-04	6.25e-01	3.75e-01
 2.50500e+16	4.72e-04	6.71e-01	3.28e-01
 2.51296e+16	5.17e-04	7.13e-01	2.86e-01
 2.52196e+16	5.67e-04	7.57e-01	2.42e-01
 2.53366e+16	6.31e-04	8.06e-01	1.93e-01
 2.54627e+16	6.93e-04	8.48e-01	1.51e-01
 2.56005e+16	7.56e-04	8.85e-01	1.14e-01
 2.57797e+16	8.31e-04	9.19e-01	8.03e-02
 2.59800e+16	9.07e-04	9.44e-01	5.54e-02
 2.62077e+16	9.90e-04	9.62e-01	3.70e-02
 2.64609e+16	1.08e-03	9.74e-01	2.47e-02
 2.66927e+16	1.17e-03	9.81e-01	1.76e-02
 2.68555e+16	1.24e-03	9.85e-01	1.43e-02
 2.69522e+16	1.29e-03	9.86e-01	1.26e-02
 2.70472e+16	1.34e-03	9.88e-01	1.11e-02
 2.71705e+16	1.40e-03	9.89e-01	9.47e-03
 2.73310e+16	1.49e-03	9.91e-01	7.74e-03
 2.74880e+16	1.59e-03	9.92e-01	6.50e-03
 2.76015e+16	1.67e-03	9.93e-01	5.75e-03
 2.76942e+16	1.74e-03	9.93e-01	5.20e-03
 2.77843e+16	1.82e-03	9.93e-01	4.72e-03
 2.78713e+16	1.89e-03	9.94e-01	4.31e-03
 2.79557e+16	1.97e-03	9.94e-01	3.95e-03
 2.80382e+16	2.06e-03	9.94e-01	3.63e-03
 2.81184e+16	2.15e-03	9.94e-01	3.35e-03
 2.81969e+16	2.24e-03	9.95e-01	3.10e-03
 2.82733e+16	2.34e-03	9.95e-01	2.88e-03
 2.83473e+16	2.45e-03	9.95e-01	2.69e-03
 2.84191e+16	2.56e-03	9.95e-01	2.51e-03
 2.84887e+16	2.67e-03	9.95e-01	2.35e-03
 2.85572e+16	2.80e-03	9.95e-01	2.21e-03
 2.86243e+16	2.93e-03	9.95e-01	2.08e-03
 2.86891e+16	3.06e-03	9.95e-01	1.96e-03
 2.87517e+16	3.21e-03	9.95e-01	1.85e-03
 2.88128e+16	3.36e-03	9.95e-01	1.75e-03
 2.88726e+16	3.52e-03	9.95e-01	1.66e-03
 2.89309e+16	3.70e-03	9.95e-01	1.58e-03
 2.89877e+16	3.88e-03	9.95e-01	1.51e-03
 2.90432e+16	4.07e-03	9.94e-01	1.44e-03
 2.90972e+16	4.28e-03	9.94e-01	1.37e-03
 2.91501e+16	4.50e-03	9.94e-01	1.31e-03
 2.92022e+16	4.74e-03	9.94e-01	1.25e-03
 2.92536e+16	5.00e-03	9.94e-01	1.20e-03
 2.93040e+16	5.29e-03	9.94e-01	1.15e-03
 2.93532e+16	5.59e-03	9.93e-01	1.10e-03
 2.94017e+16	5.92e-03	9.93e-01	1.06e-03
 2.94498e+16	6.28e-03	9.93e-01	1.02e-03
 2.94976e+16	6.68e-03	9.92e-01	9.80e-04
 2.95451e+16	7.13e-03	9.92e-01	9.43e-04
 2.95997e+16	7.71e-03	9.91e-01	9.00e-04
 2.96580e+16	8.44e-03	9.91e-01	8.59e-04
 2.97079e+16	9.18e-03	9.90e-01	8.26e-04
 2.97515e+16	9.91e-03	9.89e-01	7.98e-04
 2.97996e+16	1.08e-02	9.88e-01	7.67e-04
 2.98520e+16	1.20e-02	9.87e-01	7.36e-04
 2.98955e+16	1.33e-02	9.86e-01	7.11e-04
 2.99286e+16	1.43e-02	9.85e-01	6.94e-04
 2.99628e+16	1.56e-02	9.84e-01	6.74e-04
 3.00011e+16	1.73e-02	9.82e-01	6.53e-04
 3.00352e+16	1.91e-02	9.80e-01	6.36e-04
 3.00632e+16	2.08e-02	9.79e-01	6.25e-04
 3.00928e+16	2.29e-02	9.76e-01	6.10e-04
 3.01251e+16	2.57e-02	9.74e-01	5.96e-04
 3.01529e+16	2.86e-02	9.71e-01	5.85e-04
 3.01754e+16	3.14e-02	9.68e-01	5.77e-04
 3.01991e+16	3.47e-02	9.65e-01	5.68e-04
 3.02254e+16	3.91e-02	9.60e-01	5.60e-04
 3.02487e+16	4.39e-02	9.56e-01	5.54e-04
 3.02679e+16	4.86e-02	9.51e-01	5.50e-04
 3.02854e+16	5.35e-02	9.46e-01	5.47e-04
 3.03053e+16	5.99e-02	9.40e-01	5.44e-04
 3.03264e+16	6.81e-02	9.31e-01	5.43e-04
 3.03434e+16	7.63e-02	9.23e-01	5.43e-04
 3.03571e+16	8.35e-02	9.16e-01	5.46e-04
 3.03707e+16	9.18e-02	9.08e-01	5.49e-04
 3.03865e+16	1.03e-01	8.97e-01	5.53e-04
 3.04022e+16	1.15e-01	8.84e-01	5.60e-04
 3.04150e+16	1.28e-01	8.72e-01	5.65e-04
 3.04257e+16	1.39e-01	8.61e-01	5.73e-04
 3.04353e+16	1.50e-01	8.49e-01	5.79e-04
 3.04444e+16	1.62e-01	8.38e-01	5.86e-04
 3.04518e+16	1.72e-01	8.28e-01	5.92e-04
 3.04566e+16	1.78e-01	8.21e-01	5.97e-04
 3.04608e+16	1.85e-01	8.14e-01	6.00e-04
 3.04658e+16	1.93e-01	8.06e-01	6.04e-04
 3.04712e+16	2.02e-01	7.97e-01	6.09e-04
 3.04765e+16	2.11e-01	7.88e-01	6.14e-04
 3.04814e+16	2.20e-01	7.79e-01	6.20e-04
 3.04862e+16	2.30e-01	7.70e-01	6.24e-04
 3.04911e+16	2.39e-01	7.60e-01	6.30e-04
 3.04959e+16	2.50e-01	7.49e-01	6.34e-04
 3.05007e+16	2.60e-01	7.39e-01	6.41e-04
 3.05054e+16	2.71e-01	7.28e-01	6.45e-04
 3.05101e+16	2.82e-01	7.17e-01	6.50e-04
 3.05146e+16	2.94e-01	7.06e-01	6.55e-04
 3.05191e+16	3.05e-01	6.94e-01	6.61e-04
 3.05236e+16	3.17e-01	6.82e-01	6.64e-04
 3.05281e+16	3.29e-01	6.70e-01	6.70e-04
 3.05325e+16	3.42e-01	6.57e-01	6.74e-04
 3.05368e+16	3.55e-01	6.45e-01	6.79e-04
 3.05411e+16	3.68e-01	6.31e-01	6.83e-04
 3.05454e+16	3.82e-01	6.18e-01	6.87e-04
 3.05496e+16	3.95e-01	6.04e-01	6.90e-04
 3.05537e+16	4.09e-01	5.91e-01	6.94e-04
 3.05578e+16	4.22e-01	5.77e-01	6.97e-04
 3.05619e+16	4.36e-01	5.63e-01	7.00e-04
 3.05659e+16	4.51e-01	5.48e-01	7.02e-04
 3.05699e+16	4.65e-01	5.34e-01	7.04e-04
 3.05738e+16	4.79e-01	5.20e-01	7.06e-04
 3.05777e+16	4.94e-01	5.06e-01	7.08e-04
 3.05816e+16	5.09e-01	4.91e-01	7.07e-04
 3.05854e+16	5.22e-01	4.77e-01	7.09e-04
 3.05890e+16	5.37e-01	4.63e-01	7.08e-04
 3.05926e+16	5.50e-01	4.49e-01	7.07e-04
 3.05962e+16	5.64e-01	4.35e-01	7.06e-04
 3.05997e+16	5.78e-01	4.22e-01	7.06e-04
 3.06032e+16	5.91e-01	4.08e-01	7.03e-04
 3.06065e+16	6.04e-01	3.95e-01	7.01e-04
 3.06098e+16	6.17e-01	3.83e-01	6.99e-04
 3.06131e+16	6.29e-01	3.70e-01	6.96e-04
 3.06163e+16	6.42e-01	3.58e-01	6.91e-04
 3.06195e+16	6.54e-01	3.45e-01	6.87e-04
 3.06226e+16	6.66e-01	3.34e-01	6.83e-04
 3.06257e+16	6.77e-01	3.22e-01	6.78e-04
 3.06287e+16	6.88e-01	3.11e-01	6.72e-04
 3.06317e+16	6.99e-01	3.00e-01	6.67e-04
 3.06347e+16	7.10e-01	2.89e-01	6.61e-04
 3.06376e+16	7.20e-01	2.79e-01	6.55e-04
 3.06405e+16	7.30e-01	2.69e-01	6.48e-04
 3.06433e+16	7.40e-01	2.59e-01	6.41e-04
 3.06462e+16	7.50e-01	2.50e-01	6.33e-04
 3.06490e+16	7.59e-01	2.40e-01	6.26e-04
 3.06518e+16	7.68e-01	2.32e-01	6.19e-04
 3.06545e+16	7.76e-01	2.23e-01	6.10e-04
 3.06572e+16	7.85e-01	2.14e-01	6.02e-04
 3.06600e+16	7.93e-01	2.06e-01	5.93e-04
 3.06627e+16	8.01e-01	1.98e-01	5.83e-04
 3.06654e+16	8.09e-01	1.90e-01	5.74e-04
 3.06677e+16	8.15e-01	1.84e-01	5.65e-04
 3.06693e+16	8.20e-01	1.80e-01	5.59e-04
 3.06709e+16	8.24e-01	1.75e-01	5.52e-04
 3.06725e+16	8.28e-01	1.71e-01	5.45e-04
 3.06742e+16	8.33e-01	1.66e-01	5.38e-04
 3.06759e+16	8.37e-01	1.62e-01	5.31e-04
 3.06774e+16	8.41e-01	1.58e-01	5.25e-04
 3.06790e+16	8.45e-01	1.54e-01	5.18e-04
 3.06805e+16	8.49e-01	1.51e-01	5.11e-04
 3.06820e+16	8.52e-01	1.47e-01	5.05e-04
 3.06834e+16	8.56e-01	1.44e-01	4.98e-04
 3.06849e+16	8.59e-01	1.41e-01	4.92e-04
 3.06863e+16	8.62e-01	1.37e-01	4.85e-04
 3.06877e+16	8.65e-01	1.34e-01	4.79e-04
 3.06891e+16	8.68e-01	1.31e-01	4.73e-04
 3.06905e+16	8.71e-01	1.28e-01	4.66e-04
 3.06919e+16	8.74e-01	1.25e-01	4.60e-04
 3.06934e+16	8.77e-01	1.22e-01	4.53e-04
 3.06948e+16	8.80e-01	1.19e-01	4.46e-04
 3.06963e+16	8.83e-01	1.17e-01	4.39e-04
 3.06979e+16	8.86e-01	1.14e-01	4.32e-04
 3.06994e+16	8.89e-01	1.11e-01	4.25e-04
 3.07011e+16	8.92e-01	1.08e-01	4.18e-04
 3.07030e+16	8.95e-01	1.04e-01	4.09e-04
 3.07052e+16	8.99e-01	1.00e-01	3.99e-04
 3.07076e+16	9.03e-01	9.66e-02	3.88e-04
 3.07100e+16	9.07e-01	9.30e-02	3.77e-04
 3.07122e+16	9.10e-01	8.96e-02	3.67e-04
 3.07144e+16	9.13e-01	8.65e-02	3.57e-04
 3.07165e+16	9.16e-01	8.34e-02	3.47e-04
 3.07186e+16	9.19e-01	8.06e-02	3.37e-04
 3.07206e+16	9.22e-01	7.80e-02	3.28e-04
 3.07224e+16	9.24e-01	7.57e-02	3.19e-04
 3.07241e+16	9.26e-01	7.36e-02	3.12e-04
 3.07256e+16	9.28e-01	7.18e-02	3.05e-04
 3.07269e+16	9.30e-01	7.02e-02	2.99e-04
 3.07282e+16	9.31e-01	6.87e-02	2.93e-04
 3.07295e+16	9.33e-01	6.72e-02	2.87e-04
 3.07310e+16	9.34e-01	6.56e-02	2.80e-04
 3.07324e+16	9.36e-01	6.42e-02	2.75e-04
 3.07336e+16	9.37e-01	6.29e-02	2.69e-04
 3.07347e+16	9.38e-01	6.18e-02	2.65e-04
 3.07359e+16	9.39e-01	6.06e-02	2.60e-04
 3.07372e+16	9.40e-01	5.93e-02	2.54e-04
 3.07384e+16	9.42e-01	5.82e-02	2.50e-04
 3.07395e+16	9.43e-01	5.72e-02	2.45e-04
 3.07407e+16	9.44e-01	5.61e-02	2.40e-04
 3.07420e+16	9.45e-01	5.50e-02	2.35e-04
 3.07431e+16	9.46e-01	5.40e-02	2.31e-04
 3.07442e+16	9.47e-01	5.32e-02	2.27e-04
 3.07454e+16	9.48e-01	5.22e-02	2.23e-04
 3.07466e+16	9.49e-01	5.12e-02	2.18e-04
 3.07478e+16	9.49e-01	5.03e-02	2.14e-04
 3.07488e+16	9.50e-01	4.95e-02	2.11e-04
 3.07500e+16	9.51e-01	4.86e-02	2.06e-04
 3.07512e+16	9.52e-01	4.77e-02	2.02e-04
 3.07523e+16	9.53e-01	4.70e-02	1.99e-04
 3.07533e+16	9.54e-01	4.63e-02	1.95e-04
 3.07545e+16	9.54e-01	4.55e-02	1.91e-04
 3.07557e+16	9.55e-01	4.47e-02	1.88e-04
 3.07568e+16	9.56e-01	4.40e-02	1.85e-04
 3.07578e+16	9.56e-01	4.34e-02	1.82e-04
 3.07589e+16	9.57e-01	4.27e-02	1.78e-04
 3.07601e+16	9.58e-01	4.20e-02	1.75e-04
 3.07611e+16	9.58e-01	4.14e-02	1.72e-04
 3.07623e+16	9.59e-01	4.07e-02	1.69e-04
 3.07636e+16	9.60e-01	4.01e-02	1.66e-04
 3.07648e+16	9.60e-01	3.95e-02	1.63e-04
 3.07660e+16	9.61e-01	3.88e-02	1.59e-04
 3.07674e+16	9.62e-01	3.82e-02	1.56e-04
 3.07687e+16	9.62e-01	3.76e-02	1.54e-04
 3.07698e+16	9.63e-01	3.71e-02	1.51e-04
 3.07710e+16	9.63e-01	3.65e-02	1.48e-04
 3.07724e+16	9.64e-01	3.60e-02	1.46e-04
 3.07736e+16	9.64e-01	3.55e-02	1.43e-04
 3.07749e+16	9.65e-01	3.49e-02	1.41e-04
 3.07764e+16	9.65e-01	3.44e-02	1.38e-04
 3.07777e+16	9.66e-01	3.39e-02	1.36e-04
 3.07792e+16	9.66e-01	3.34e-02	1.34e-04
 3.07810e+16	9.67e-01	3.28e-02	1.30e-04
 3.07831e+16	9.68e-01	3.22e-02	1.28e-04
 3.07849e+16	9.68e-01	3.17e-02	1.25e-04
 3.07866e+16	9.69e-01	3.12e-02	1.23e-04
 3.07884e+16	9.69e-01	3.07e-02	1.21e-04
 3.07908e+16	9.70e-01	3.01e-02	1.18e-04
 3.07934e+16	9.70e-01	2.96e-02	1.15e-04
 3.07957e+16	9.71e-01	2.91e-02	1.13e-04
 3.07979e+16	9.71e-01	2.87e-02	1.11e-04
 3.08002e+16	9.72e-01	2.82e-02	1.09e-04
 3.08033e+16	9.72e-01	2.77e-02	1.07e-04
 3.08066e+16	9.73e-01	2.72e-02	1.04e-04
 3.08095e+16	9.73e-01	2.68e-02	1.02e-04
 3.08128e+16	9.74e-01	2.63e-02	1.00e-04
 3.08171e+16	9.74e-01	2.58e-02	9.79e-05
 3.08217e+16	9.75e-01	2.54e-02	9.59e-05
 3.08259e+16	9.75e-01	2.50e-02	9.40e-05
 3.08305e+16	9.75e-01	2.46e-02	9.20e-05
 3.08364e+16	9.76e-01	2.42e-02	8.99e-05
 3.08429e+16	9.76e-01	2.38e-02	8.83e-05
 3.08487e+16	9.76e-01	2.35e-02	8.65e-05
 3.08551e+16	9.77e-01	2.32e-02	8.47e-05
 3.08635e+16	9.77e-01	2.28e-02	8.29e-05
 3.08725e+16	9.77e-01	2.26e-02	8.14e-05
 3.08824e+16	9.78e-01	2.22e-02	7.95e-05
 3.08952e+16	9.78e-01	2.19e-02	7.75e-05
 3.09091e+16	9.78e-01	2.16e-02	7.57e-05
 3.09242e+16	9.79e-01	2.13e-02	7.36e-05
 3.09440e+16	9.79e-01	2.09e-02	7.12e-05
 3.09653e+16	9.79e-01	2.05e-02	6.89e-05
 3.09847e+16	9.80e-01	2.02e-02	6.69e-05
 3.10059e+16	9.80e-01	1.99e-02	6.47e-05
 3.10289e+16	9.80e-01	1.96e-02	6.26e-05
 3.10497e+16	9.81e-01	1.93e-02	6.07e-05
 3.10726e+16	9.81e-01	1.89e-02	5.86e-05
 3.10973e+16	9.81e-01	1.86e-02	5.66e-05
 3.11198e+16	9.82e-01	1.83e-02	5.49e-05
 3.11444e+16	9.82e-01	1.80e-02	5.29e-05
 3.11710e+16	9.82e-01	1.76e-02	5.09e-05
 3.11952e+16	9.83e-01	1.73e-02	4.93e-05
 3.12172e+16	9.83e-01	1.71e-02	4.78e-05
 3.12413e+16	9.83e-01	1.68e-02	4.62e-05
 3.12674e+16	9.83e-01	1.65e-02	4.46e-05
 3.12911e+16	9.84e-01	1.62e-02	4.32e-05
 3.13170e+16	9.84e-01	1.59e-02	4.16e-05
 3.13451e+16	9.84e-01	1.56e-02	4.01e-05
 3.13706e+16	9.85e-01	1.54e-02	3.88e-05
 3.13986e+16	9.85e-01	1.51e-02	3.73e-05
 3.14287e+16	9.85e-01	1.48e-02	3.59e-05
 3.14562e+16	9.85e-01	1.45e-02	3.46e-05
 3.14863e+16	9.86e-01	1.42e-02	3.33e-05
 3.15188e+16	9.86e-01	1.39e-02	3.19e-05
 3.15484e+16	9.86e-01	1.37e-02	3.08e-05
 3.15808e+16	9.87e-01	1.34e-02	2.95e-05
 3.16157e+16	9.87e-01	1.31e-02	2.83e-05
 3.16476e+16	9.87e-01	1.28e-02	2.72e-05
 3.16825e+16	9.87e-01	1.25e-02	2.60e-05
 3.17201e+16	9.88e-01	1.23e-02	2.49e-05
 3.17544e+16	9.88e-01	1.20e-02	2.39e-05
 3.17856e+16	9.88e-01	1.18e-02	2.30e-05
 3.18197e+16	9.88e-01	1.15e-02	2.21e-05
 3.18566e+16	9.89e-01	1.13e-02	2.11e-05
 3.18902e+16	9.89e-01	1.11e-02	2.04e-05
 3.19270e+16	9.89e-01	1.08e-02	1.95e-05
 3.19667e+16	9.89e-01	1.06e-02	1.86e-05
 3.20028e+16	9.90e-01	1.04e-02	1.79e-05
 3.20424e+16	9.90e-01	1.01e-02	1.71e-05
 3.20852e+16	9.90e-01	9.90e-03	1.63e-05
 3.21241e+16	9.90e-01	9.69e-03	1.56e-05
 3.21667e+16	9.91e-01	9.46e-03	1.49e-05
 3.22128e+16	9.91e-01	9.22e-03	1.42e-05
 3.22546e+16	9.91e-01	9.02e-03	1.36e-05
 3.23005e+16	9.91e-01	8.79e-03	1.29e-05
 3.23501e+16	9.91e-01	8.57e-03	1.22e-05
 3.23952e+16	9.92e-01	8.37e-03	1.17e-05
 3.24446e+16	9.92e-01	8.15e-03	1.11e-05
 3.24979e+16	9.92e-01	7.93e-03	1.05e-05
 3.25464e+16	9.92e-01	7.74e-03	1.00e-05
 3.25996e+16	9.92e-01	7.52e-03	9.45e-06
 3.26571e+16	9.93e-01	7.31e-03	8.93e-06
 3.27093e+16	9.93e-01	7.13e-03	8.50e-06
 3.27666e+16	9.93e-01	6.92e-03	8.01e-06
 3.28410e+16	9.93e-01	6.66e-03	7.43e-06
 3.29271e+16	9.94e-01	6.38e-03	6.83e-06
 3.30155e+16	9.94e-01	6.12e-03	6.29e-06
 3.31060e+16	9.94e-01	5.86e-03	5.78e-06
 3.32002e+16	9.94e-01	5.61e-03	5.30e-06
 3.32982e+16	9.95e-01	5.36e-03	4.84e-06
 3.33998e+16	9.95e-01	5.12e-03	4.42e-06
 3.35051e+16	9.95e-01	4.88e-03	4.03e-06
 3.36135e+16	9.95e-01	4.66e-03	3.66e-06
 3.37236e+16	9.96e-01	4.44e-03	3.33e-06
 3.38356e+16	9.96e-01	4.23e-03	3.03e-06
 3.39498e+16	9.96e-01	4.03e-03	2.75e-06
 3.40664e+16	9.96e-01	3.84e-03	2.50e-06
 3.41851e+16	9.96e-01	3.65e-03	2.27e-06
 3.43060e+16	9.97e-01	3.48e-03	2.05e-06
 3.44292e+16	9.97e-01	3.31e-03	1.86e-06
 3.45547e+16	9.97e-01	3.15e-03	1.69e-06
 3.46808e+16	9.97e-01	3.00e-03	1.53e-06
 3.48086e+16	9.97e-01	2.85e-03	1.38e-06
 3.49413e+16	9.97e-01	2.71e-03	1.25e-06
 3.50774e+16	9.97e-01	2.57e-03	1.13e-06
 3.52157e+16	9.98e-01	2.44e-03	1.01e-06
 3.53563e+16	9.98e-01	2.31e-03	9.14e-07
 3.54996e+16	9.98e-01	2.19e-03	8.22e-07
 3.56459e+16	9.98e-01	2.08e-03	7.39e-07
 3.57950e+16	9.98e-01	1.97e-03	6.63e-07
 3.59472e+16	9.98e-01	1.86e-03	5.94e-07
 3.61025e+16	9.98e-01	1.76e-03	5.32e-07
 3.62612e+16	9.98e-01	1.67e-03	4.76e-07
 3.64232e+16	9.98e-01	1.58e-03	4.25e-07
 3.65887e+16	9.99e-01	1.49e-03	3.79e-07
 3.67579e+16	9.99e-01	1.40e-03	3.37e-07
 3.69308e+16	9.99e-01	1.32e-03	3.00e-07
 3.71078e+16	9.99e-01	1.25e-03	2.66e-07
 3.72889e+16	9.99e-01	1.17e-03	2.35e-07
 3.74744e+16	9.99e-01	1.10e-03	2.08e-07
 3.76644e+16	9.99e-01	1.04e-03	1.83e-07
 3.78592e+16	9.99e-01	9.73e-04	1.61e-07
 3.80590e+16	9.99e-01	9.11e-04	1.41e-07
 3.82645e+16	9.99e-01	8.54e-04	1.24e-07
 3.84758e+16	9.99e-01	7.98e-04	1.08e-07
 3.86932e+16	9.99e-01	7.45e-04	9.42e-08
 3.89172e+16	9.99e-01	6.95e-04	8.19e-08
 3.91434e+16	9.99e-01	6.48e-04	7.11e-08
 3.93759e+16	9.99e-01	6.03e-04	6.14e-08
 3.96225e+16	9.99e-01	5.59e-04	5.26e-08
 3.98801e+16	9.99e-01	5.17e-04	4.49e-08
 4.01461e+16	1.00e+00	4.77e-04	3.81e-08
 4.04218e+16	1.00e+00	4.40e-04	3.22e-08
 4.07095e+16	1.00e+00	4.03e-04	2.70e-08
 4.10106e+16	1.00e+00	3.69e-04	2.25e-08
 4.13273e+16	1.00e+00	3.36e-04	1.86e-08
 4.16605e+16	1.00e+00	3.05e-04	1.53e-08
 4.20115e+16	1.00e+00	2.76e-04	1.24e-08
 4.23856e+16	1.00e+00	2.47e-04	9.92e-09
 4.27856e+16	1.00e+00	2.21e-04	7.84e-09
 4.32120e+16	1.00e+00	1.95e-04	6.11e-09
 4.36711e+16	1.00e+00	1.71e-04	4.67e-09
 4.41711e+16	1.00e+00	1.49e-04	3.49e-09
 4.47213e+16	1.00e+00	1.27e-04	2.54e-09
 4.53238e+16	1.00e+00	1.08e-04	1.80e-09
 4.60145e+16	1.00e+00	8.81e-05	1.20e-09
 4.68581e+16	1.00e+00	6.94e-05	7.39e-10
 4.78171e+16	1.00e+00	5.32e-05	4.34e-10
 4.87985e+16	1.00e+00	4.06e-05	2.53e-10
 4.97704e+16	1.00e+00	3.11e-05	1.49e-10
 5.07471e+16	1.00e+00	2.38e-05	8.78e-11
 5.17550e+16	1.00e+00	1.81e-05	5.11e-11
 5.28035e+16	1.00e+00	1.37e-05	2.94e-11
 5.38939e+16	1.00e+00	1.02e-05	1.67e-11
 5.50288e+16	1.00e+00	7.63e-06	9.41e-12
 5.62194e+16	1.00e+00	5.63e-06	5.19e-12
 5.74763e+16	1.00e+00	4.12e-06	2.81e-12
 5.88053e+16	1.00e+00	2.98e-06	1.49e-12
 6.02187e+16	1.00e+00	2.13e-06	7.71e-13
 6.17307e+16	1.00e+00	1.50e-06	3.87e-13
 6.32966e+16	1.00e+00	1.06e-06	1.95e-13
 6.48626e+16	1.00e+00	7.51e-07	9.96e-14
 6.64287e+16	1.00e+00	5.38e-07	5.18e-14
 6.79948e+16	1.00e+00	3.90e-07	2.74e-14
 6.95608e+16	1.00e+00	2.85e-07	1.47e-14
 7.11269e+16	1.00e+00	2.09e-07	8.04e-15
 7.26930e+16	1.00e+00	1.55e-07	4.45e-15
 7.42590e+16	1.00e+00	1.16e-07	2.50e-15
 7.58251e+16	1.00e+00	8.72e-08	1.42e-15
 7.76260e+16	1.00e+00	6.28e-08	7.42e-16
 7.96926e+16	1.00e+00	4.40e-08	3.66e-16
 8.17898e+16	1.00e+00	3.10e-08	1.82e-16
 8.40501e+16	1.00e+00	2.14e-08	8.70e-17
 8.64970e+16	1.00e+00	1.45e-08	4.05e-17
 8.89675e+16	1.00e+00	9.97e-09	1.92e-17
 9.14380e+16	1.00e+00	6.92e-09	9.27e-18
 9.40274e+16	1.00e+00	4.76e-09	4.39e-18
 9.67754e+16	1.00e+00	3.24e-09	2.05e-18
 9.95902e+16	1.00e+00	2.22e-09	9.59e-19
 1.02432e+17	1.00e+00	1.53e-09	4.56e-19
 1.05274e+17	1.00e+00	1.06e-09	2.21e-19
 1.08116e+17	1.00e+00	7.46e-10	1.09e-19
 1.10958e+17	1.00e+00	5.29e-10	5.51e-20
 1.13800e+17	1.00e+00	3.78e-10	2.82e-20
 1.16642e+17	1.00e+00	2.73e-10	1.47e-20
 1.19484e+17	1.00e+00	1.98e-10	7.75e-21
 1.22326e+17	1.00e+00	1.45e-10	0.00e+00
 1.25168e+17	1.00e+00	1.07e-10	0.00e+00
 1.28154e+17	1.00e+00	7.79e-11	0.00e+00
 1.31284e+17	1.00e+00	5.66e-11	0.00e+00
 1.34414e+17	1.00e+00	4.15e-11	0.00e+00
 1.37544e+17	1.00e+00	3.07e-11	0.00e+00
 1.40673e+17	1.00e+00	2.29e-11	0.00e+00
 1.44203e+17	1.00e+00	1.65e-11	0.00e+00
 1.48131e+17	1.00e+00	1.18e-11	0.00e+00
 1.52136e+17	1.00e+00	8.45e-12	0.00e+00
 1.56315e+17	1.00e+00	6.11e-12	0.00e+00
 1.60654e+17	1.00e+00	4.47e-12	0.00e+00
 1.65046e+17	1.00e+00	3.36e-12	0.00e+00
 1.69394e+17	1.00e+00	2.62e-12	0.00e+00
 1.73674e+17	1.00e+00	2.12e-12	0.00e+00
 1.77888e+17	1.00e+00	1.78e-12	0.00e+00
 1.82025e+17	1.00e+00	1.55e-12	0.00e+00
 1.86065e+17	1.00e+00	1.39e-12	0.00e+00
 1.89988e+17	1.00e+00	1.28e-12	0.00e+00
 1.93775e+17	1.00e+00	1.20e-12	0.00e+00
 1.97417e+17	1.00e+00	1.15e-12	0.00e+00
 2.00907e+17	1.00e+00	1.11e-12	0.00e+00
 2.04237e+17	1.00e+00	1.09e-12	0.00e+00
 2.07407e+17	1.00e+00	1.08e-12	0.00e+00
 2.10419e+17	1.00e+00	1.07e-12	0.00e+00
 2.13281e+17	1.00e+00	1.07e-12	0.00e+00
 2.15995e+17	1.00e+00	1.07e-12	0.00e+00
 2.18564e+17	1.00e+00	1.07e-12	0.00e+00
 2.20994e+17	1.00e+00	1.07e-12	0.00e+00
 2.23290e+17	1.00e+00	1.08e-12	0.00e+00
 2.25461e+17	1.00e+00	1.08e-12	0.00e+00
 2.27514e+17	1.00e+00	1.09e-12	0.00e+00
 2.29455e+17	1.00e+00	1.09e-12	0.00e+00
 2.31290e+17	1.00e+00	1.10e-12	0.00e+00
 2.33025e+17	1.00e+00	1.10e-12	0.00e+00
 2.34665e+17	1.00e+00	1.11e-12	0.00e+00
 2.36217e+17	1.00e+00	1.11e-12	0.00e+00
 2.37686e+17	1.00e+00	1.12e-12	0.00e+00
 2.39076e+17	1.00e+00	1.12e-12	0.00e+00
 2.40393e+17	1.00e+00	1.13e-12	0.00e+00
 2.41639e+17	1.00e+00	1.13e-12	0.00e+00
 2.42821e+17	1.00e+00	1.14e-12	0.00e+00
 2.43941e+17	1.00e+00	1.14e-12	0.00e+00
 2.45004e+17	1.00e+00	1.14e-12	0.00e+00
 2.46013e+17	1.00e+00	1.15e-12	0.00e+00
 2.46971e+17	1.00e+00	1.15e-12	0.00e+00
 2.47880e+17	1.00e+00	1.15e-12	0.00e+00
 2.48744e+17	1.00e+00	1.16e-12	0.00e+00
 2.49565e+17	1.00e+00	1.16e-12	0.00e+00
 2.50347e+17	1.00e+00	1.16e-12	0.00e+00
 2.51091e+17	1.00e+00	1.17e-12	0.00e+00
 2.51799e+17	1.00e+00	1.17e-12	0.00e+00
 2.52474e+17	1.00e+00	1.17e-12	0.00e+00
 2.53118e+17	1.00e+00	1.17e-12	0.00e+00
 2.53732e+17	1.00e+00	1.17e-12	0.00e+00
 2.54319e+17	1.00e+00	1.18e-12	0.00e+00
 2.54880e+17	1.00e+00	1.18e-12	0.00e+00
 2.55417e+17	1.00e+00	1.18e-12	0.00e+00
 2.55931e+17	1.00e+00	1.18e-12	0.00e+00
 2.56424e+17	1.00e+00	1.18e-12	0.00e+00
 2.56897e+17	1.00e+00	1.18e-12	0.00e+00
 2.57352e+17	1.00e+00	1.18e-12	0.00e+00
 2.57789e+17	1.00e+00	1.19e-12	0.00e+00
 2.58212e+17	1.00e+00	1.19e-12	0.00e+00
 2.58619e+17	1.00e+00	1.19e-12	0.00e+00
 2.59014e+17	1.00e+00	1.19e-12	0.00e+00
 2.59397e+17	1.00e+00	1.19e-12	0.00e+00
 2.59769e+17	1.00e+00	1.19e-12	0.00e+00
 2.60131e+17	1.00e+00	1.19e-12	0.00e+00
 2.60486e+17	1.00e+00	1.19e-12	0.00e+00
 2.60834e+17	1.00e+00	1.19e-12	0.00e+00
 2.61176e+17	1.00e+00	1.19e-12	0.00e+00
 2.61515e+17	1.00e+00	1.19e-12	0.00e+00
 2.61851e+17	1.00e+00	1.19e-12	0.00e+00
 2.62186e+17	1.00e+00	1.19e-12	0.00e+00
 2.62524e+17	1.00e+00	1.19e-12	0.00e+00
 2.62864e+17	1.00e+00	1.19e-12	0.00e+00
 2.63211e+17	1.00e+00	1.20e-12	0.00e+00
 2.63567e+17	1.00e+00	1.19e-12	0.00e+00
 2.63937e+17	1.00e+00	1.19e-12	0.00e+00
 2.64324e+17	1.00e+00	1.19e-12	0.00e+00
 2.64735e+17	1.00e+00	1.19e-12	0.00e+00
 2.65177e+17	1.00e+00	1.19e-12	0.00e+00
 2.65661e+17	1.00e+00	1.19e-12	0.00e+00
 2.66201e+17	1.00e+00	1.19e-12	0.00e+00
 2.66817e+17	1.00e+00	1.19e-12	0.00e+00
 2.67535e+17	1.00e+00	1.18e-12	0.00e+00
 2.68399e+17	1.00e+00	1.18e-12	0.00e+00
 2.69472e+17	1.00e+00	1.17e-12	0.00e+00
 2.70848e+17	1.00e+00	1.15e-12	0.00e+00
 2.72636e+17	1.00e+00	1.12e-12	0.00e+00
 2.74961e+17	1.00e+00	1.08e-12	0.00e+00
 2.77984e+17	1.00e+00	1.02e-12	0.00e+00
 2.81913e+17	1.00e+00	9.42e-13	0.00e+00
 2.87022e+17	1.00e+00	8.39e-13	0.00e+00
 2.93662e+17	1.00e+00	7.15e-13	0.00e+00
 3.02295e+17	1.00e+00	5.74e-13	0.00e+00
 3.13318e+17	1.00e+00	4.25e-13	0.00e+00
 3.25851e+17	1.00e+00	2.96e-13	0.00e+00
 3.38885e+17	1.00e+00	2.61e-13	0.00e+00
 3.52440e+17	1.00e+00	2.34e-13	0.00e+00
 3.66538e+17	1.00e+00	2.10e-13	0.00e+00
 3.81199e+17	1.00e+00	1.86e-13	0.00e+00
 3.96447e+17	1.00e+00	1.64e-13	0.00e+00
 4.12305e+17	1.00e+00	1.43e-13	0.00e+00
 4.28798e+17	1.00e+00	1.23e-13	0.00e+00
 4.45950e+17	1.00e+00	1.04e-13	0.00e+00
 4.63158e+17	1.00e+00	8.74e-14	0.00e+00
 4.79207e+17	1.00e+00	8.54e-14	0.00e+00
 4.93500e+17	1.00e+00	9.73e-14	0.00e+00
 5.06393e+17	1.00e+00	1.10e-13	0.00e+00
 5.18543e+17	1.00e+00	1.15e-13	0.00e+00
 5.30227e+17	1.00e+00	1.10e-13	0.00e+00
 5.41148e+17	1.00e+00	1.04e-13	0.00e+00
 5.50873e+17	1.00e+00	1.04e-13	0.00e+00
 5.59285e+17	1.00e+00	1.07e-13	0.00e+00
 5.66623e+17	1.00e+00	1.09e-13	0.00e+00
 5.72466e+17	1.00e+00	1.07e-13	0.00e+00
 5.76180e+17	1.00e+00	1.14e-13	0.00e+00
 5.78243e+17	1.00e+00	1.23e-13	0.00e+00
 5.79428e+17	1.00e+00	1.28e-13	0.00e+00
 5.80139e+17	1.00e+00	1.31e-13	0.00e+00
 5.80592e+17	1.00e+00	1.32e-13	0.00e+00
 5.80987e+17	1.00e+00	1.34e-13	0.00e+00
 5.81446e+17	1.00e+00	1.35e-13	0.00e+00
 5.81938e+17	1.00e+00	1.35e-13	0.00e+00
 5.82389e+17	1.00e+00	1.36e-13	0.00e+00
 5.82770e+17	1.00e+00	1.36e-13	0.00e+00
 5.83106e+17	1.00e+00	1.36e-13	0.00e+00
 5.83429e+17	1.00e+00	1.37e-13	0.00e+00
 5.83773e+17	1.00e+00	1.37e-13	0.00e+00
 5.84128e+17	1.00e+00	1.36e-13	0.00e+00
 5.84418e+17	1.00e+00	1.36e-13	0.00e+00
 5.84644e+17	1.00e+00	1.36e-13	0.00e+00
 5.84873e+17	1.00e+00	1.36e-13	0.00e+00
 5.85132e+17	1.00e+00	1.36e-13	0.00e+00
 5.85394e+17	1.00e+00	1.36e-13	0.00e+00
 5.85631e+17	1.00e+00	1.35e-13	0.00e+00
 5.85840e+17	1.00e+00	1.35e-13	0.00e+00
 5.86031e+17	1.00e+00	1.35e-13	0.00e+00
 5.86216e+17	1.00e+00	1.34e-13	0.00e+00
 5.86413e+17	1.00e+00	1.34e-13	0.00e+00
 5.86619e+17	1.00e+00	1.34e-13	0.00e+00
 5.86805e+17	1.00e+00	1.33e-13	0.00e+00
 5.86971e+17	1.00e+00	1.33e-13	0.00e+00
 5.87129e+17	1.00e+00	1.33e-13	0.00e+00
 5.87298e+17	1.00e+00	1.32e-13	0.00e+00
 5.87481e+17	1.00e+00	1.32e-13	0.00e+00
 5.87650e+17	1.00e+00	1.31e-13	0.00e+00
 5.87800e+17	1.00e+00	1.31e-13	0.00e+00
 5.87955e+17	1.00e+00	1.31e-13	0.00e+00
 5.88123e+17	1.00e+00	1.30e-13	0.00e+00
 5.88283e+17	1.00e+00	1.30e-13	0.00e+00
 5.88436e+17	1.00e+00	1.29e-13	0.00e+00
 5.88592e+17	1.00e+00	1.29e-13	0.00e+00
 5.88753e+17	1.00e+00	1.28e-13	0.00e+00
 5.88914e+17	1.00e+00	1.28e-13	0.00e+00
 5.89075e+17	1.00e+00	1.27e-13	0.00e+00
 5.89237e+17	1.00e+00	1.27e-13	0.00e+00
 5.89399e+17	1.00e+00	1.26e-13	0.00e+00
 5.89563e+17	1.00e+00	1.26e-13	0.00e+00
 5.89724e+17	1.00e+00	1.25e-13	0.00e+00
 5.89897e+17	1.00e+00	1.24e-13	0.00e+00
 5.90084e+17	1.00e+00	1.24e-13	0.00e+00
 5.90271e+17	1.00e+00	1.23e-13	0.00e+00
 5.90450e+17	1.00e+00	1.22e-13	0.00e+00
 5.90625e+17	1.00e+00	1.22e-13	0.00e+00
 5.90819e+17	1.00e+00	1.21e-13	0.00e+00
 5.91025e+17	1.00e+00	1.20e-13	0.00e+00
 5.91221e+17	1.00e+00	1.19e-13	0.00e+00
 5.91419e+17	1.00e+00	1.18e-13	0.00e+00
 5.91638e+17	1.00e+00	1.17e-13	0.00e+00
 5.91858e+17	1.00e+00	1.16e-13	0.00e+00
 5.92077e+17	1.00e+00	1.16e-13	0.00e+00
 5.92296e+17	1.00e+00	1.15e-13	0.00e+00
 5.92521e+17	1.00e+00	1.14e-13	0.00e+00
 5.92766e+17	1.00e+00	1.13e-13	0.00e+00
 5.93015e+17	1.00e+00	1.11e-13	0.00e+00
 5.93266e+17	1.00e+00	1.10e-13	0.00e+00
 5.93521e+17	1.00e+00	1.09e-13	0.00e+00
 5.93785e+17	1.00e+00	1.08e-13	0.00e+00
 5.94064e+17	1.00e+00	1.07e-13	0.00e+00
 5.94349e+17	1.00e+00	1.05e-13	0.00e+00
 5.94635e+17	1.00e+00	1.04e-13	0.00e+00
 5.94925e+17	1.00e+00	1.02e-13	0.00e+00
 5.95223e+17	1.00e+00	1.01e-13	0.00e+00
 5.95532e+17	1.00e+00	9.96e-14	0.00e+00
 5.95844e+17	1.00e+00	9.81e-14	0.00e+00
 5.96178e+17	1.00e+00	9.66e-14	0.00e+00
 5.96541e+17	1.00e+00	9.48e-14	0.00e+00
 5.96893e+17	1.00e+00	9.30e-14	0.00e+00
 5.97222e+17	1.00e+00	9.15e-14	0.00e+00
 5.97574e+17	1.00e+00	8.99e-14	0.00e+00
 5.97983e+17	1.00e+00	8.80e-14	0.00e+00
 5.98397e+17	1.00e+00	8.58e-14	0.00e+00
 5.98771e+17	1.00e+00	8.40e-14	0.00e+00
 5.99148e+17	1.00e+00	8.24e-14	0.00e+00
 5.99575e+17	1.00e+00	8.04e-14	0.00e+00
 6.00029e+17	1.00e+00	7.82e-14	0.00e+00
 6.00464e+17	1.00e+00	7.61e-14	0.00e+00
 6.00885e+17	1.00e+00	7.42e-14	0.00e+00
 6.01327e+17	1.00e+00	7.23e-14	0.00e+00
 6.01800e+17	1.00e+00	7.01e-14	0.00e+00
 6.02294e+17	1.00e+00	6.79e-14	0.00e+00
 6.02781e+17	1.00e+00	6.57e-14	0.00e+00
 6.03259e+17	1.00e+00	6.36e-14	0.00e+00
 6.03754e+17	1.00e+00	6.15e-14	0.00e+00
 6.04279e+17	1.00e+00	5.93e-14	0.00e+00
 6.04818e+17	1.00e+00	5.71e-14	0.00e+00
 6.05356e+17	1.00e+00	5.48e-14	0.00e+00
 6.05897e+17	1.00e+00	5.27e-14	0.00e+00
 6.06455e+17	1.00e+00	5.05e-14	0.00e+00
 6.07030e+17	1.00e+00	4.82e-14	0.00e+00
 6.07609e+17	1.00e+00	4.61e-14	0.00e+00
 6.08190e+17	1.00e+00	4.40e-14	0.00e+00
 6.08803e+17	1.00e+00	4.18e-14	0.00e+00
 6.09444e+17	1.00e+00	3.95e-14	0.00e+00
 6.10075e+17	1.00e+00	3.74e-14	0.00e+00
 6.10700e+17	1.00e+00	3.53e-14	0.00e+00
 6.11346e+17	1.00e+00	3.34e-14	0.00e+00
 6.12031e+17	1.00e+00	3.14e-14	0.00e+00
 6.12754e+17	1.00e+00	2.93e-14	0.00e+00
 6.13497e+17	1.00e+00	2.73e-14	0.00e+00
 6.14233e+17	1.00e+00	2.53e-14	0.00e+00
 6.14968e+17	1.00e+00	2.34e-14	0.00e+00
 6.15681e+17	1.00e+00	2.17e-14	0.00e+00
 6.16319e+17	1.00e+00	2.02e-14	0.00e+00
 6.16867e+17	1.00e+00	1.89e-14	0.00e+00
 6.17359e+17	1.00e+00	1.79e-14	0.00e+00
 6.17833e+17	1.00e+00	1.70e-14	0.00e+00
 6.18301e+17	1.00e+00	1.61e-14	0.00e+00
 6.18755e+17	1.00e+00	1.53e-14	0.00e+00
 6.19179e+17	1.00e+00	1.45e-14	0.00e+00
 6.19573e+17	1.00e+00	1.38e-14	0.00e+00
 6.19945e+17	1.00e+00	1.32e-14	0.00e+00
 6.20308e+17	1.00e+00	1.26e-14	0.00e+00
 6.20662e+17	1.00e+00	1.21e-14	0.00e+00
 6.21003e+17	1.00e+00	1.16e-14	0.00e+00
 6.21329e+17	1.00e+00	1.11e-14	0.00e+00
 6.21640e+17	1.00e+00	1.07e-14	0.00e+00
 6.21941e+17	1.00e+00	1.02e-14	0.00e+00
 6.22235e+17	1.00e+00	9.85e-15	0.00e+00
 6.22520e+17	1.00e+00	9.47e-15	0.00e+00
 6.22796e+17	1.00e+00	9.12e-15	0.00e+00
 6.23062e+17	1.00e+00	8.78e-15	0.00e+00
 6.23319e+17	1.00e+00	8.46e-15	0.00e+00
 6.23568e+17	1.00e+00	8.17e-15	0.00e+00
 6.23811e+17	1.00e+00	7.88e-15	0.00e+00
 6.24050e+17	1.00e+00	7.60e-15	0.00e+00
 6.24280e+17	1.00e+00	7.34e-15	0.00e+00
 6.24501e+17	1.00e+00	7.10e-15	0.00e+00
 6.24717e+17	1.00e+00	6.86e-15	0.00e+00
 6.24930e+17	1.00e+00	6.63e-15	0.00e+00
 6.25138e+17	1.00e+00	6.42e-15	0.00e+00
 6.25341e+17	1.00e+00	6.20e-15	0.00e+00
 6.25573e+17	1.00e+00	6.02e-15	0.00e+00
 6.25874e+17	1.00e+00	5.76e-15	0.00e+00
 6.26266e+17	1.00e+00	5.44e-15	0.00e+00
 6.26775e+17	1.00e+00	5.05e-15	0.00e+00
 6.27436e+17	1.00e+00	4.56e-15	0.00e+00
 6.28297e+17	1.00e+00	3.98e-15	0.00e+00
 6.29368e+17	1.00e+00	3.32e-15	0.00e+00
 6.30428e+17	1.00e+00	2.65e-15	0.00e+00
