#depth	C	C+	C+2	C+3	C+4	C+5	C+6	C[1]	C[2]	C[3]	C+[1]	C+[2]	CO
 1.49634e+10	1.39e-46	2.77e-35	6.98e-25	4.03e-15	1.22e-04	3.41e-01	6.59e-01	0.00e+00	0.00e+00	0.00e+00	0.00e+00	0.00e+00	4.31e-147
 4.54887e+10	0.00e+00	3.99e-35	9.31e-25	4.97e-15	1.39e-04	3.59e-01	6.41e-01	0.00e+00	0.00e+00	0.00e+00	0.00e+00	0.00e+00	2.28e-211
 7.72350e+10	3.39e-46	5.76e-35	1.24e-24	6.13e-15	1.59e-04	3.77e-01	6.22e-01	0.00e+00	0.00e+00	0.00e+00	0.00e+00	0.00e+00	4.30e-146
 1.10251e+11	0.00e+00	8.31e-35	1.66e-24	7.55e-15	1.80e-04	3.96e-01	6.04e-01	0.00e+00	0.00e+00	0.00e+00	0.00e+00	0.00e+00	8.78e-211
 1.42964e+11	8.07e-46	1.18e-34	2.17e-24	9.19e-15	2.04e-04	4.14e-01	5.85e-01	0.00e+00	0.00e+00	0.00e+00	0.00e+00	0.00e+00	4.04e-145
 1.76985e+11	0.00e+00	1.66e-34	2.85e-24	1.12e-14	2.30e-04	4.33e-01	5.67e-01	0.00e+00	0.00e+00	0.00e+00	0.00e+00	0.00e+00	3.31e-210
 2.13991e+11	1.92e-45	2.39e-34	3.79e-24	1.37e-14	2.61e-04	4.52e-01	5.47e-01	0.00e+00	0.00e+00	0.00e+00	0.00e+00	0.00e+00	3.81e-144
 2.52477e+11	0.00e+00	3.43e-34	5.02e-24	1.68e-14	2.95e-04	4.72e-01	5.28e-01	0.00e+00	0.00e+00	0.00e+00	0.00e+00	0.00e+00	1.21e-209
 2.92503e+11	4.61e-45	4.92e-34	6.65e-24	2.06e-14	3.33e-04	4.92e-01	5.08e-01	0.00e+00	0.00e+00	0.00e+00	0.00e+00	0.00e+00	3.77e-143
 3.34130e+11	0.00e+00	7.04e-34	8.79e-24	2.51e-14	3.76e-04	5.12e-01	4.88e-01	0.00e+00	0.00e+00	0.00e+00	0.00e+00	0.00e+00	4.57e-209
 3.77422e+11	1.11e-44	1.01e-33	1.16e-23	3.06e-14	4.24e-04	5.31e-01	4.68e-01	0.00e+00	0.00e+00	0.00e+00	0.00e+00	0.00e+00	3.60e-275
 4.22445e+11	0.00e+00	1.44e-33	1.53e-23	3.73e-14	4.77e-04	5.51e-01	4.48e-01	0.00e+00	0.00e+00	0.00e+00	0.00e+00	0.00e+00	4.14e-163
 4.69270e+11	2.64e-44	2.05e-33	2.02e-23	4.54e-14	5.36e-04	5.71e-01	4.29e-01	0.00e+00	0.00e+00	0.00e+00	0.00e+00	0.00e+00	1.18e-229
 5.17968e+11	0.00e+00	2.92e-33	2.66e-23	5.52e-14	6.02e-04	5.90e-01	4.09e-01	0.00e+00	0.00e+00	0.00e+00	0.00e+00	0.00e+00	5.59e-162
 5.68613e+11	6.28e-44	4.16e-33	3.49e-23	6.70e-14	6.75e-04	6.09e-01	3.90e-01	0.00e+00	0.00e+00	0.00e+00	0.00e+00	0.00e+00	5.97e-229
 6.21284e+11	0.00e+00	5.91e-33	4.59e-23	8.13e-14	7.56e-04	6.28e-01	3.72e-01	0.00e+00	0.00e+00	0.00e+00	0.00e+00	0.00e+00	7.53e-161
 6.76063e+11	1.49e-43	8.40e-33	6.02e-23	9.85e-14	8.45e-04	6.46e-01	3.53e-01	0.00e+00	0.00e+00	0.00e+00	0.00e+00	0.00e+00	2.97e-228
 7.33032e+11	0.00e+00	1.19e-32	7.89e-23	1.19e-13	9.44e-04	6.64e-01	3.35e-01	0.00e+00	0.00e+00	0.00e+00	0.00e+00	0.00e+00	1.01e-159
 7.88778e+11	3.43e-43	1.66e-32	1.02e-22	1.43e-13	1.05e-03	6.80e-01	3.18e-01	0.00e+00	0.00e+00	0.00e+00	0.00e+00	0.00e+00	1.48e-227
 8.40342e+11	0.00e+00	2.22e-32	1.28e-22	1.67e-13	1.15e-03	6.95e-01	3.04e-01	0.00e+00	0.00e+00	0.00e+00	0.00e+00	0.00e+00	1.03e-158
 8.97470e+11	7.24e-43	3.05e-32	1.63e-22	1.98e-13	1.27e-03	7.10e-01	2.89e-01	0.00e+00	0.00e+00	0.00e+00	0.00e+00	0.00e+00	5.96e-227
 9.63296e+11	0.00e+00	4.31e-32	2.13e-22	2.39e-13	1.41e-03	7.26e-01	2.73e-01	0.00e+00	0.00e+00	0.00e+00	0.00e+00	0.00e+00	1.21e-157
 1.02800e+12	1.66e-42	5.99e-32	2.74e-22	2.85e-13	1.56e-03	7.41e-01	2.58e-01	0.00e+00	0.00e+00	0.00e+00	0.00e+00	0.00e+00	2.55e-226
 1.09529e+12	0.00e+00	8.33e-32	3.53e-22	3.40e-13	1.72e-03	7.55e-01	2.44e-01	0.00e+00	0.00e+00	0.00e+00	0.00e+00	0.00e+00	1.42e-156
 1.16903e+12	3.83e-42	1.18e-31	4.60e-22	4.10e-13	1.91e-03	7.69e-01	2.29e-01	0.00e+00	0.00e+00	0.00e+00	0.00e+00	0.00e+00	9.56e-226
 1.24386e+12	0.00e+00	1.65e-31	5.97e-22	4.91e-13	2.12e-03	7.83e-01	2.15e-01	0.00e+00	0.00e+00	0.00e+00	0.00e+00	0.00e+00	1.86e-155
 1.32167e+12	8.82e-42	2.32e-31	7.74e-22	5.88e-13	2.34e-03	7.95e-01	2.02e-01	0.00e+00	0.00e+00	0.00e+00	0.00e+00	0.00e+00	3.07e-225
 1.40447e+12	0.00e+00	3.28e-31	1.01e-21	7.07e-13	2.60e-03	8.08e-01	1.89e-01	0.00e+00	0.00e+00	0.00e+00	0.00e+00	0.00e+00	2.45e-154
 1.49057e+12	2.07e-41	4.64e-31	1.32e-21	8.50e-13	2.88e-03	8.20e-01	1.77e-01	0.00e+00	0.00e+00	0.00e+00	0.00e+00	0.00e+00	8.86e-225
 1.58012e+12	0.00e+00	6.56e-31	1.72e-21	1.02e-12	3.19e-03	8.31e-01	1.66e-01	0.00e+00	0.00e+00	0.00e+00	0.00e+00	0.00e+00	3.32e-153
 1.67325e+12	4.88e-41	9.28e-31	2.24e-21	1.23e-12	3.53e-03	8.42e-01	1.55e-01	0.00e+00	0.00e+00	0.00e+00	0.00e+00	0.00e+00	0.00e+00
 1.77011e+12	0.00e+00	1.31e-30	2.92e-21	1.47e-12	3.90e-03	8.52e-01	1.44e-01	0.00e+00	0.00e+00	0.00e+00	0.00e+00	0.00e+00	4.54e-152
 1.87084e+12	1.15e-40	1.86e-30	3.81e-21	1.77e-12	4.32e-03	8.61e-01	1.34e-01	0.00e+00	0.00e+00	0.00e+00	0.00e+00	0.00e+00	0.00e+00
 1.97560e+12	0.00e+00	2.63e-30	4.97e-21	2.13e-12	4.77e-03	8.70e-01	1.25e-01	0.00e+00	0.00e+00	0.00e+00	0.00e+00	0.00e+00	6.24e-151
 2.07422e+12	2.61e-40	3.61e-30	6.33e-21	2.51e-12	5.23e-03	8.78e-01	1.17e-01	0.00e+00	0.00e+00	0.00e+00	0.00e+00	0.00e+00	0.00e+00
 2.16257e+12	0.00e+00	4.74e-30	7.80e-21	2.90e-12	5.66e-03	8.84e-01	1.10e-01	0.00e+00	0.00e+00	0.00e+00	0.00e+00	0.00e+00	5.74e-150
 2.26180e+12	5.31e-40	6.40e-30	9.80e-21	3.39e-12	6.16e-03	8.90e-01	1.04e-01	0.00e+00	0.00e+00	0.00e+00	0.00e+00	0.00e+00	0.00e+00
 2.37921e+12	0.00e+00	9.01e-30	1.27e-20	4.06e-12	6.79e-03	8.97e-01	9.63e-02	0.00e+00	0.00e+00	0.00e+00	0.00e+00	0.00e+00	6.43e-149
 2.49659e+12	1.22e-39	1.25e-29	1.64e-20	4.83e-12	7.46e-03	9.03e-01	8.96e-02	0.00e+00	0.00e+00	0.00e+00	0.00e+00	0.00e+00	0.00e+00
 2.60699e+12	0.00e+00	1.69e-29	2.06e-20	5.65e-12	8.12e-03	9.08e-01	8.40e-02	0.00e+00	0.00e+00	0.00e+00	0.00e+00	0.00e+00	6.83e-148
 2.72951e+12	2.63e-39	2.33e-29	2.63e-20	6.68e-12	8.90e-03	9.13e-01	7.82e-02	0.00e+00	0.00e+00	0.00e+00	0.00e+00	0.00e+00	0.00e+00
 2.86862e+12	0.00e+00	3.31e-29	3.44e-20	8.04e-12	9.83e-03	9.18e-01	7.23e-02	0.00e+00	0.00e+00	0.00e+00	0.00e+00	0.00e+00	8.64e-147
 3.00743e+12	6.19e-39	4.66e-29	4.47e-20	9.61e-12	1.08e-02	9.22e-01	6.69e-02	0.00e+00	0.00e+00	0.00e+00	0.00e+00	0.00e+00	0.00e+00
 3.15179e+12	0.00e+00	6.55e-29	5.79e-20	1.15e-11	1.19e-02	9.26e-01	6.20e-02	0.00e+00	0.00e+00	0.00e+00	0.00e+00	0.00e+00	1.11e-145
 3.30779e+12	1.46e-38	9.35e-29	7.60e-20	1.38e-11	1.32e-02	9.30e-01	5.71e-02	0.00e+00	0.00e+00	0.00e+00	0.00e+00	0.00e+00	0.00e+00
 3.47003e+12	0.00e+00	1.33e-28	9.97e-20	1.66e-11	1.45e-02	9.33e-01	5.26e-02	0.00e+00	0.00e+00	0.00e+00	0.00e+00	0.00e+00	1.60e-144
 3.62309e+12	3.40e-38	1.85e-28	1.28e-19	1.97e-11	1.59e-02	9.35e-01	4.88e-02	0.00e+00	0.00e+00	0.00e+00	0.00e+00	0.00e+00	0.00e+00
 3.76085e+12	0.00e+00	2.45e-28	1.58e-19	2.28e-11	1.72e-02	9.37e-01	4.57e-02	0.00e+00	0.00e+00	0.00e+00	0.00e+00	0.00e+00	1.55e-143
 3.91590e+12	7.08e-38	3.34e-28	2.01e-19	2.68e-11	1.87e-02	9.39e-01	4.25e-02	0.00e+00	0.00e+00	0.00e+00	0.00e+00	0.00e+00	0.00e+00
 4.09857e+12	0.00e+00	4.74e-28	2.62e-19	3.22e-11	2.06e-02	9.40e-01	3.91e-02	0.00e+00	0.00e+00	0.00e+00	0.00e+00	0.00e+00	1.83e-142
 4.28104e+12	1.67e-37	6.67e-28	3.41e-19	3.85e-11	2.27e-02	9.41e-01	3.60e-02	0.00e+00	0.00e+00	0.00e+00	0.00e+00	0.00e+00	0.00e+00
 4.45234e+12	0.00e+00	9.08e-28	4.31e-19	4.52e-11	2.47e-02	9.42e-01	3.35e-02	0.00e+00	0.00e+00	0.00e+00	0.00e+00	0.00e+00	2.07e-141
 4.64188e+12	3.68e-37	1.26e-27	5.55e-19	5.37e-11	2.70e-02	9.42e-01	3.09e-02	0.00e+00	0.00e+00	0.00e+00	0.00e+00	0.00e+00	0.00e+00
 4.85748e+12	0.00e+00	1.81e-27	7.31e-19	6.47e-11	2.97e-02	9.42e-01	2.83e-02	0.00e+00	0.00e+00	0.00e+00	0.00e+00	0.00e+00	2.71e-140
 5.07154e+12	8.87e-37	2.57e-27	9.56e-19	7.77e-11	3.27e-02	9.41e-01	2.59e-02	0.00e+00	0.00e+00	0.00e+00	0.00e+00	0.00e+00	0.00e+00
 5.27934e+12	0.00e+00	3.57e-27	1.23e-18	9.20e-11	3.57e-02	9.40e-01	2.39e-02	0.00e+00	0.00e+00	0.00e+00	0.00e+00	0.00e+00	3.33e-139
 5.50562e+12	2.03e-36	5.02e-27	1.59e-18	1.10e-10	3.91e-02	9.39e-01	2.20e-02	0.00e+00	0.00e+00	0.00e+00	0.00e+00	0.00e+00	0.00e+00
 5.75577e+12	0.00e+00	7.25e-27	2.11e-18	1.33e-10	4.32e-02	9.37e-01	2.00e-02	0.00e+00	0.00e+00	0.00e+00	0.00e+00	0.00e+00	4.61e-138
 6.01036e+12	4.98e-36	1.04e-26	2.77e-18	1.60e-10	4.75e-02	9.34e-01	1.83e-02	0.00e+00	0.00e+00	0.00e+00	0.00e+00	0.00e+00	0.00e+00
 6.25935e+12	0.00e+00	1.46e-26	3.59e-18	1.91e-10	5.19e-02	9.31e-01	1.67e-02	0.00e+00	0.00e+00	0.00e+00	0.00e+00	0.00e+00	6.06e-137
 6.52386e+12	1.16e-35	2.06e-26	4.69e-18	2.28e-10	5.69e-02	9.28e-01	1.53e-02	0.00e+00	0.00e+00	0.00e+00	0.00e+00	0.00e+00	0.00e+00
 6.81474e+12	0.00e+00	2.97e-26	6.21e-18	2.76e-10	6.26e-02	9.24e-01	1.39e-02	0.00e+00	0.00e+00	0.00e+00	0.00e+00	0.00e+00	8.46e-136
 7.11128e+12	2.86e-35	4.26e-26	8.19e-18	3.33e-10	6.87e-02	9.19e-01	1.26e-02	0.00e+00	0.00e+00	0.00e+00	0.00e+00	0.00e+00	0.00e+00
 7.41969e+12	0.00e+00	6.11e-26	1.08e-17	4.01e-10	7.54e-02	9.13e-01	1.14e-02	0.00e+00	0.00e+00	0.00e+00	0.00e+00	0.00e+00	1.20e-134
 7.74640e+12	7.02e-35	8.82e-26	1.43e-17	4.85e-10	8.29e-02	9.07e-01	1.03e-02	0.00e+00	0.00e+00	0.00e+00	0.00e+00	0.00e+00	0.00e+00
 8.08619e+12	1.10e-34	1.27e-25	1.90e-17	5.86e-10	9.10e-02	9.00e-01	9.35e-03	0.00e+00	0.00e+00	0.00e+00	0.00e+00	0.00e+00	1.54e-115
 8.39356e+12	1.64e-34	1.75e-25	2.42e-17	6.92e-10	9.87e-02	8.93e-01	8.54e-03	0.00e+00	0.00e+00	0.00e+00	0.00e+00	0.00e+00	7.44e-98
 8.64976e+12	2.25e-34	2.27e-25	2.95e-17	7.90e-10	1.05e-01	8.87e-01	7.94e-03	0.00e+00	0.00e+00	0.00e+00	0.00e+00	0.00e+00	0.00e+00
 8.93049e+12	3.15e-34	2.97e-25	3.64e-17	9.10e-10	1.13e-01	8.80e-01	7.34e-03	0.00e+00	0.00e+00	0.00e+00	0.00e+00	0.00e+00	2.46e-114
 9.28590e+12	4.75e-34	4.15e-25	4.71e-17	1.08e-09	1.22e-01	8.71e-01	6.66e-03	0.00e+00	0.00e+00	0.00e+00	0.00e+00	0.00e+00	8.05e-97
 9.65648e+12	7.18e-34	5.81e-25	6.10e-17	1.29e-09	1.33e-01	8.61e-01	6.02e-03	0.00e+00	0.00e+00	0.00e+00	0.00e+00	0.00e+00	0.00e+00
 9.98488e+12	1.02e-33	7.72e-25	7.59e-17	1.49e-09	1.43e-01	8.52e-01	5.53e-03	0.00e+00	0.00e+00	0.00e+00	0.00e+00	0.00e+00	5.55e-113
 1.02920e+13	1.40e-33	9.98e-25	9.26e-17	1.70e-09	1.52e-01	8.43e-01	5.11e-03	0.00e+00	0.00e+00	0.00e+00	0.00e+00	0.00e+00	8.96e-96
 1.06428e+13	1.99e-33	1.33e-24	1.15e-16	1.97e-09	1.62e-01	8.33e-01	4.68e-03	0.00e+00	0.00e+00	0.00e+00	0.00e+00	0.00e+00	0.00e+00
 1.10729e+13	3.00e-33	1.85e-24	1.49e-16	2.34e-09	1.76e-01	8.20e-01	4.21e-03	0.00e+00	0.00e+00	0.00e+00	0.00e+00	0.00e+00	9.80e-112
 1.15009e+13	4.44e-33	2.55e-24	1.91e-16	2.76e-09	1.90e-01	8.07e-01	3.79e-03	0.00e+00	0.00e+00	0.00e+00	0.00e+00	0.00e+00	1.17e-94
 1.18739e+13	6.16e-33	3.32e-24	2.34e-16	3.16e-09	2.02e-01	7.95e-01	3.48e-03	0.00e+00	0.00e+00	0.00e+00	0.00e+00	0.00e+00	6.73e-111
 1.22805e+13	8.68e-33	4.38e-24	2.90e-16	3.65e-09	2.15e-01	7.82e-01	3.17e-03	0.00e+00	0.00e+00	0.00e+00	0.00e+00	0.00e+00	5.25e-94
 1.27755e+13	1.30e-32	6.07e-24	3.73e-16	4.31e-09	2.32e-01	7.66e-01	2.83e-03	0.00e+00	0.00e+00	0.00e+00	0.00e+00	0.00e+00	4.99e-110
 1.32804e+13	1.91e-32	8.33e-24	4.77e-16	5.07e-09	2.48e-01	7.49e-01	2.54e-03	0.00e+00	0.00e+00	0.00e+00	0.00e+00	0.00e+00	3.09e-93
 1.37460e+13	2.70e-32	1.10e-23	5.91e-16	5.84e-09	2.64e-01	7.34e-01	2.30e-03	0.00e+00	0.00e+00	0.00e+00	0.00e+00	0.00e+00	3.64e-109
 1.42652e+13	3.89e-32	1.48e-23	7.43e-16	6.79e-09	2.82e-01	7.16e-01	2.06e-03	0.00e+00	0.00e+00	0.00e+00	0.00e+00	0.00e+00	1.53e-92
 1.48648e+13	5.82e-32	2.05e-23	9.55e-16	8.01e-09	3.02e-01	6.96e-01	1.82e-03	0.00e+00	0.00e+00	0.00e+00	0.00e+00	0.00e+00	2.99e-108
 1.54539e+13	8.49e-32	2.78e-23	1.21e-15	9.34e-09	3.21e-01	6.77e-01	1.62e-03	0.00e+00	0.00e+00	0.00e+00	0.00e+00	0.00e+00	8.98e-92
 1.60192e+13	1.20e-31	3.68e-23	1.50e-15	1.07e-08	3.40e-01	6.59e-01	1.46e-03	0.00e+00	0.00e+00	0.00e+00	0.00e+00	0.00e+00	2.20e-107
 1.66425e+13	1.72e-31	4.93e-23	1.87e-15	1.24e-08	3.60e-01	6.38e-01	1.30e-03	0.00e+00	0.00e+00	0.00e+00	0.00e+00	0.00e+00	4.54e-91
 1.73381e+13	2.54e-31	6.74e-23	2.38e-15	1.45e-08	3.82e-01	6.16e-01	1.14e-03	0.00e+00	0.00e+00	0.00e+00	0.00e+00	0.00e+00	1.79e-106
 1.79714e+13	3.55e-31	8.83e-23	2.93e-15	1.66e-08	4.02e-01	5.97e-01	1.02e-03	0.00e+00	0.00e+00	0.00e+00	0.00e+00	0.00e+00	2.40e-90
 1.85057e+13	4.66e-31	1.10e-22	3.46e-15	1.84e-08	4.19e-01	5.80e-01	9.28e-04	0.00e+00	0.00e+00	0.00e+00	0.00e+00	0.00e+00	9.91e-106
 1.90940e+13	6.21e-31	1.38e-22	4.12e-15	2.06e-08	4.36e-01	5.63e-01	8.40e-04	0.00e+00	0.00e+00	0.00e+00	0.00e+00	0.00e+00	8.84e-90
 1.97582e+13	8.49e-31	1.78e-22	4.99e-15	2.33e-08	4.55e-01	5.44e-01	7.51e-04	0.00e+00	0.00e+00	0.00e+00	0.00e+00	0.00e+00	5.48e-105
 2.03944e+13	1.13e-30	2.24e-22	5.95e-15	2.60e-08	4.73e-01	5.26e-01	6.77e-04	0.00e+00	0.00e+00	0.00e+00	0.00e+00	0.00e+00	3.61e-89
 2.10949e+13	1.53e-30	2.86e-22	7.15e-15	2.92e-08	4.93e-01	5.07e-01	6.06e-04	0.00e+00	0.00e+00	0.00e+00	0.00e+00	0.00e+00	3.00e-104
 2.18732e+13	2.12e-30	3.70e-22	8.69e-15	3.30e-08	5.13e-01	4.86e-01	5.36e-04	0.00e+00	0.00e+00	0.00e+00	0.00e+00	0.00e+00	1.60e-88
 2.26027e+13	2.83e-30	4.67e-22	1.04e-14	3.68e-08	5.32e-01	4.68e-01	4.80e-04	0.00e+00	0.00e+00	0.00e+00	0.00e+00	0.00e+00	1.79e-103
 2.34013e+13	3.85e-30	5.96e-22	1.24e-14	4.12e-08	5.51e-01	4.49e-01	4.27e-04	0.00e+00	0.00e+00	0.00e+00	0.00e+00	0.00e+00	6.64e-88
 2.42997e+13	5.35e-30	7.75e-22	1.51e-14	4.65e-08	5.72e-01	4.28e-01	3.75e-04	0.00e+00	0.00e+00	0.00e+00	0.00e+00	0.00e+00	1.15e-102
 2.51583e+13	7.23e-30	9.85e-22	1.81e-14	5.19e-08	5.90e-01	4.09e-01	3.32e-04	0.00e+00	0.00e+00	0.00e+00	0.00e+00	0.00e+00	3.04e-87
 2.59521e+13	9.45e-30	1.22e-21	2.12e-14	5.72e-08	6.07e-01	3.93e-01	2.98e-04	0.00e+00	0.00e+00	0.00e+00	0.00e+00	0.00e+00	6.21e-102
 2.68315e+13	1.26e-29	1.53e-21	2.51e-14	6.34e-08	6.25e-01	3.75e-01	2.64e-04	0.00e+00	0.00e+00	0.00e+00	0.00e+00	0.00e+00	1.17e-86
 2.78172e+13	1.71e-29	1.95e-21	3.01e-14	7.07e-08	6.43e-01	3.57e-01	2.32e-04	0.00e+00	0.00e+00	0.00e+00	0.00e+00	0.00e+00	3.65e-101
 2.87484e+13	2.26e-29	2.43e-21	3.55e-14	7.80e-08	6.60e-01	3.40e-01	2.06e-04	0.00e+00	0.00e+00	0.00e+00	0.00e+00	0.00e+00	4.93e-86
 2.97660e+13	3.03e-29	3.06e-21	4.20e-14	8.63e-08	6.76e-01	3.23e-01	1.82e-04	0.00e+00	0.00e+00	0.00e+00	0.00e+00	0.00e+00	2.05e-100
 3.08928e+13	4.14e-29	3.91e-21	5.04e-14	9.61e-08	6.94e-01	3.06e-01	1.59e-04	0.00e+00	0.00e+00	0.00e+00	0.00e+00	0.00e+00	2.21e-85
 3.19397e+13	5.46e-29	4.87e-21	5.91e-14	1.06e-07	7.09e-01	2.91e-01	1.40e-04	0.00e+00	0.00e+00	0.00e+00	0.00e+00	0.00e+00	1.23e-99
 3.30789e+13	7.30e-29	6.12e-21	6.99e-14	1.16e-07	7.25e-01	2.75e-01	1.23e-04	0.00e+00	0.00e+00	0.00e+00	0.00e+00	0.00e+00	9.14e-85
 3.43525e+13	9.97e-29	7.82e-21	8.36e-14	1.29e-07	7.41e-01	2.59e-01	1.07e-04	0.00e+00	0.00e+00	0.00e+00	0.00e+00	0.00e+00	7.77e-99
 3.55538e+13	1.32e-28	9.75e-21	9.82e-14	1.42e-07	7.55e-01	2.45e-01	9.40e-05	0.00e+00	0.00e+00	0.00e+00	0.00e+00	0.00e+00	4.08e-84
 3.68628e+13	1.78e-28	1.23e-20	1.16e-13	1.56e-07	7.69e-01	2.31e-01	8.20e-05	0.00e+00	0.00e+00	0.00e+00	0.00e+00	0.00e+00	4.63e-98
 3.83228e+13	2.44e-28	1.57e-20	1.39e-13	1.73e-07	7.84e-01	2.16e-01	7.07e-05	0.00e+00	0.00e+00	0.00e+00	0.00e+00	0.00e+00	1.93e-83
 3.97073e+13	3.25e-28	1.97e-20	1.63e-13	1.90e-07	7.96e-01	2.04e-01	6.17e-05	0.00e+00	0.00e+00	0.00e+00	0.00e+00	0.00e+00	3.03e-97
 4.11915e+13	4.38e-28	2.48e-20	1.93e-13	2.09e-07	8.09e-01	1.91e-01	5.36e-05	0.00e+00	0.00e+00	0.00e+00	0.00e+00	0.00e+00	8.64e-83
 4.28691e+13	6.04e-28	3.19e-20	2.31e-13	2.31e-07	8.22e-01	1.78e-01	4.59e-05	0.00e+00	0.00e+00	0.00e+00	0.00e+00	0.00e+00	2.10e-96
 4.45263e+13	8.20e-28	4.04e-20	2.74e-13	2.54e-07	8.33e-01	1.67e-01	3.97e-05	0.00e+00	0.00e+00	0.00e+00	0.00e+00	0.00e+00	4.35e-82
 4.62498e+13	1.11e-27	5.12e-20	3.24e-13	2.79e-07	8.44e-01	1.56e-01	3.42e-05	0.00e+00	0.00e+00	0.00e+00	0.00e+00	0.00e+00	1.43e-95
 4.81297e+13	1.53e-27	6.55e-20	3.86e-13	3.08e-07	8.55e-01	1.45e-01	2.93e-05	0.00e+00	0.00e+00	0.00e+00	0.00e+00	0.00e+00	2.19e-81
 5.00848e+13	2.10e-27	8.37e-20	4.59e-13	3.39e-07	8.65e-01	1.35e-01	2.50e-05	0.00e+00	0.00e+00	0.00e+00	0.00e+00	0.00e+00	1.07e-94
 5.21181e+13	2.88e-27	1.07e-19	5.46e-13	3.73e-07	8.74e-01	1.26e-01	2.14e-05	0.00e+00	0.00e+00	0.00e+00	0.00e+00	0.00e+00	1.16e-80
 5.41115e+13	3.89e-27	1.35e-19	6.42e-13	4.07e-07	8.83e-01	1.17e-01	1.85e-05	0.00e+00	0.00e+00	0.00e+00	0.00e+00	0.00e+00	7.60e-94
 5.59616e+13	5.08e-27	1.65e-19	7.42e-13	4.41e-07	8.90e-01	1.10e-01	1.62e-05	0.00e+00	0.00e+00	0.00e+00	0.00e+00	0.00e+00	5.11e-80
 5.80071e+13	6.75e-27	2.06e-19	8.65e-13	4.79e-07	8.97e-01	1.03e-01	1.40e-05	0.00e+00	0.00e+00	0.00e+00	0.00e+00	0.00e+00	4.42e-93
 6.01104e+13	8.96e-27	2.56e-19	1.01e-12	5.20e-07	9.04e-01	9.62e-02	1.22e-05	0.00e+00	0.00e+00	0.00e+00	0.00e+00	0.00e+00	2.29e-79
 6.18677e+13	1.13e-26	3.04e-19	1.14e-12	5.55e-07	9.09e-01	9.11e-02	1.09e-05	0.00e+00	0.00e+00	0.00e+00	0.00e+00	0.00e+00	2.27e-92
 6.37213e+13	1.42e-26	3.64e-19	1.29e-12	5.93e-07	9.14e-01	8.62e-02	9.69e-06	0.00e+00	0.00e+00	0.00e+00	0.00e+00	0.00e+00	7.84e-79
 6.60793e+13	1.90e-26	4.54e-19	1.50e-12	6.44e-07	9.20e-01	8.04e-02	8.39e-06	0.00e+00	0.00e+00	0.00e+00	0.00e+00	0.00e+00	1.21e-91
 6.85419e+13	2.53e-26	5.66e-19	1.75e-12	6.99e-07	9.25e-01	7.50e-02	7.25e-06	0.00e+00	0.00e+00	0.00e+00	0.00e+00	0.00e+00	3.65e-78
 7.07219e+13	3.25e-26	6.84e-19	2.00e-12	7.48e-07	9.29e-01	7.07e-02	6.41e-06	0.00e+00	0.00e+00	0.00e+00	0.00e+00	0.00e+00	6.82e-91
 7.30857e+13	4.21e-26	8.35e-19	2.29e-12	8.04e-07	9.34e-01	6.64e-02	5.63e-06	0.00e+00	0.00e+00	0.00e+00	0.00e+00	0.00e+00	1.43e-77
 7.57257e+13	5.58e-26	1.03e-18	2.65e-12	8.70e-07	9.38e-01	6.20e-02	4.88e-06	0.00e+00	0.00e+00	0.00e+00	0.00e+00	0.00e+00	3.89e-90
 7.82000e+13	7.20e-26	1.25e-18	3.03e-12	9.32e-07	9.42e-01	5.83e-02	4.30e-06	0.00e+00	0.00e+00	0.00e+00	0.00e+00	0.00e+00	6.03e-77
 8.08920e+13	9.41e-26	1.54e-18	3.48e-12	1.00e-06	9.45e-01	5.46e-02	3.76e-06	0.00e+00	0.00e+00	0.00e+00	0.00e+00	0.00e+00	2.11e-89
 8.38880e+13	1.25e-25	1.91e-18	4.05e-12	1.08e-06	9.49e-01	5.09e-02	3.26e-06	0.00e+00	0.00e+00	0.00e+00	0.00e+00	0.00e+00	2.70e-76
 8.66844e+13	1.63e-25	2.33e-18	4.63e-12	1.16e-06	9.52e-01	4.78e-02	2.86e-06	0.00e+00	0.00e+00	0.00e+00	0.00e+00	0.00e+00	5.45e-76
 8.97253e+13	2.14e-25	2.87e-18	5.33e-12	1.25e-06	9.55e-01	4.47e-02	2.49e-06	0.00e+00	0.00e+00	0.00e+00	0.00e+00	0.00e+00	1.14e-75
 9.31241e+13	2.87e-25	3.58e-18	6.21e-12	1.35e-06	9.58e-01	4.16e-02	2.15e-06	0.00e+00	0.00e+00	0.00e+00	0.00e+00	0.00e+00	2.54e-75
 9.63215e+13	3.75e-25	4.39e-18	7.12e-12	1.45e-06	9.61e-01	3.89e-02	1.88e-06	0.00e+00	0.00e+00	0.00e+00	0.00e+00	0.00e+00	5.26e-75
 9.98107e+13	4.98e-25	5.44e-18	8.23e-12	1.57e-06	9.64e-01	3.63e-02	1.64e-06	0.00e+00	0.00e+00	0.00e+00	0.00e+00	0.00e+00	1.13e-74
 1.03711e+14	6.75e-25	6.84e-18	9.62e-12	1.70e-06	9.66e-01	3.37e-02	1.40e-06	0.00e+00	0.00e+00	0.00e+00	0.00e+00	0.00e+00	2.59e-74
 1.07394e+14	8.90e-25	8.43e-18	1.11e-11	1.82e-06	9.69e-01	3.15e-02	1.22e-06	0.00e+00	0.00e+00	0.00e+00	0.00e+00	0.00e+00	5.51e-74
 1.11345e+14	1.19e-24	1.05e-17	1.28e-11	1.96e-06	9.71e-01	2.94e-02	1.06e-06	0.00e+00	0.00e+00	0.00e+00	0.00e+00	0.00e+00	1.21e-73
 1.15829e+14	1.62e-24	1.33e-17	1.50e-11	2.13e-06	9.73e-01	2.72e-02	9.06e-07	0.00e+00	0.00e+00	0.00e+00	0.00e+00	0.00e+00	2.83e-73
 1.20229e+14	2.18e-24	1.66e-17	1.75e-11	2.30e-06	9.75e-01	2.53e-02	0.00e+00	0.00e+00	0.00e+00	0.00e+00	0.00e+00	0.00e+00	6.35e-73
 1.24805e+14	2.94e-24	2.07e-17	2.03e-11	2.48e-06	9.77e-01	2.35e-02	0.00e+00	0.00e+00	0.00e+00	0.00e+00	0.00e+00	0.00e+00	1.43e-72
 1.29827e+14	4.02e-24	2.62e-17	2.38e-11	2.69e-06	9.78e-01	2.17e-02	0.00e+00	0.00e+00	0.00e+00	0.00e+00	0.00e+00	0.00e+00	3.36e-72
 1.34914e+14	5.45e-24	3.30e-17	2.78e-11	2.92e-06	9.80e-01	2.01e-02	0.00e+00	0.00e+00	0.00e+00	0.00e+00	0.00e+00	0.00e+00	7.73e-72
 1.40204e+14	7.39e-24	4.16e-17	3.25e-11	3.15e-06	9.81e-01	1.87e-02	0.00e+00	0.00e+00	0.00e+00	0.00e+00	0.00e+00	0.00e+00	1.78e-71
 1.45515e+14	9.93e-24	5.19e-17	3.77e-11	3.40e-06	9.83e-01	1.73e-02	0.00e+00	0.00e+00	0.00e+00	0.00e+00	1.66e-17	3.53e-17	3.98e-71
 1.50533e+14	1.30e-23	6.36e-17	4.32e-11	3.65e-06	9.84e-01	1.62e-02	0.00e+00	0.00e+00	0.00e+00	0.00e+00	2.11e-17	4.25e-17	8.30e-71
 1.56078e+14	1.73e-23	7.89e-17	5.00e-11	3.93e-06	9.85e-01	1.51e-02	0.00e+00	0.00e+00	0.00e+00	0.00e+00	2.62e-17	5.27e-17	1.82e-70
 1.61631e+14	2.28e-23	9.72e-17	5.76e-11	4.22e-06	9.86e-01	1.41e-02	0.00e+00	0.00e+00	0.00e+00	0.00e+00	3.23e-17	6.49e-17	3.86e-70
 1.66217e+14	2.85e-23	1.15e-16	6.44e-11	4.46e-06	9.87e-01	1.33e-02	0.00e+00	0.00e+00	0.00e+00	0.00e+00	3.81e-17	7.67e-17	7.08e-70
 1.71067e+14	3.57e-23	1.36e-16	7.23e-11	4.73e-06	9.87e-01	1.26e-02	0.00e+00	0.00e+00	0.00e+00	0.00e+00	4.52e-17	9.11e-17	1.32e-69
 1.77300e+14	4.74e-23	1.69e-16	8.35e-11	5.10e-06	9.88e-01	1.17e-02	0.00e+00	0.00e+00	0.00e+00	0.00e+00	5.60e-17	1.13e-16	2.84e-69
 1.83849e+14	6.32e-23	2.09e-16	9.67e-11	5.49e-06	9.89e-01	1.09e-02	0.00e+00	0.00e+00	0.00e+00	0.00e+00	6.95e-17	1.40e-16	6.22e-69
 1.89618e+14	8.06e-23	2.52e-16	1.10e-10	5.85e-06	9.90e-01	1.02e-02	0.00e+00	0.00e+00	0.00e+00	0.00e+00	8.36e-17	1.68e-16	1.22e-68
 1.95852e+14	1.04e-22	3.05e-16	1.25e-10	6.25e-06	9.90e-01	9.58e-03	0.00e+00	0.00e+00	0.00e+00	0.00e+00	1.01e-16	2.04e-16	2.43e-68
 2.03378e+14	1.40e-22	3.82e-16	1.45e-10	6.76e-06	9.91e-01	8.87e-03	0.00e+00	0.00e+00	0.00e+00	0.00e+00	1.27e-16	2.55e-16	5.43e-68
 2.11007e+14	1.87e-22	4.76e-16	1.69e-10	7.29e-06	9.92e-01	8.24e-03	0.00e+00	0.00e+00	0.00e+00	0.00e+00	1.58e-16	3.18e-16	1.20e-67
 2.18109e+14	2.43e-22	5.80e-16	1.93e-10	7.80e-06	9.92e-01	7.70e-03	0.00e+00	0.00e+00	0.00e+00	0.00e+00	1.92e-16	3.87e-16	2.43e-67
 2.26030e+14	3.22e-22	7.17e-16	2.23e-10	8.40e-06	9.93e-01	7.16e-03	0.00e+00	0.00e+00	0.00e+00	0.00e+00	2.38e-16	4.79e-16	5.22e-67
 2.34488e+14	4.29e-22	8.93e-16	2.59e-10	9.07e-06	9.93e-01	6.65e-03	0.00e+00	0.00e+00	0.00e+00	0.00e+00	2.96e-16	5.97e-16	1.15e-66
 2.42006e+14	5.50e-22	1.08e-15	2.94e-10	9.68e-06	9.94e-01	6.23e-03	0.00e+00	0.00e+00	0.00e+00	0.00e+00	3.57e-16	7.20e-16	2.25e-66
 2.50072e+14	7.12e-22	1.31e-15	3.36e-10	1.04e-05	9.94e-01	5.83e-03	0.00e+00	0.00e+00	0.00e+00	0.00e+00	4.34e-16	8.75e-16	4.52e-66
 2.59739e+14	9.58e-22	1.64e-15	3.92e-10	1.12e-05	9.95e-01	5.39e-03	0.00e+00	0.00e+00	0.00e+00	0.00e+00	5.44e-16	1.10e-15	1.02e-65
 2.69244e+14	1.27e-21	2.03e-15	4.54e-10	1.21e-05	9.95e-01	5.01e-03	0.00e+00	0.00e+00	0.00e+00	0.00e+00	6.74e-16	1.36e-15	2.18e-65
 2.77691e+14	1.62e-21	2.44e-15	5.14e-10	1.29e-05	9.95e-01	4.70e-03	0.00e+00	0.00e+00	0.00e+00	0.00e+00	8.10e-16	1.63e-15	4.23e-65
 2.87006e+14	2.10e-21	2.97e-15	5.88e-10	1.38e-05	9.96e-01	4.39e-03	0.00e+00	0.00e+00	0.00e+00	0.00e+00	9.86e-16	1.99e-15	8.52e-65
 2.98132e+14	2.83e-21	3.73e-15	6.87e-10	1.49e-05	9.96e-01	4.06e-03	0.00e+00	0.00e+00	0.00e+00	0.00e+00	1.24e-15	2.49e-15	1.91e-64
 3.09179e+14	3.76e-21	4.63e-15	7.96e-10	1.61e-05	9.96e-01	3.77e-03	0.00e+00	0.00e+00	0.00e+00	0.00e+00	1.53e-15	3.09e-15	4.16e-64
 3.19245e+14	4.83e-21	5.60e-15	9.07e-10	1.72e-05	9.96e-01	3.53e-03	0.00e+00	0.00e+00	0.00e+00	0.00e+00	1.86e-15	3.74e-15	8.23e-64
 3.30469e+14	6.33e-21	6.87e-15	1.04e-09	1.85e-05	9.97e-01	3.29e-03	0.00e+00	0.00e+00	0.00e+00	0.00e+00	2.28e-15	4.59e-15	1.71e-63
 3.43563e+14	8.58e-21	8.66e-15	1.22e-09	2.01e-05	9.97e-01	3.04e-03	0.00e+00	0.00e+00	0.00e+00	0.00e+00	2.87e-15	5.79e-15	3.91e-63
 3.56441e+14	1.14e-20	1.08e-14	1.42e-09	2.17e-05	9.97e-01	2.81e-03	0.00e+00	0.00e+00	0.00e+00	0.00e+00	3.57e-15	7.20e-15	8.58e-63
 3.68572e+14	1.49e-20	1.31e-14	1.62e-09	2.32e-05	9.97e-01	2.63e-03	0.00e+00	0.00e+00	0.00e+00	0.00e+00	4.35e-15	8.78e-15	1.75e-62
 3.82083e+14	1.97e-20	1.63e-14	1.88e-09	2.50e-05	9.98e-01	2.44e-03	0.00e+00	0.00e+00	0.00e+00	0.00e+00	5.39e-15	1.09e-14	3.76e-62
 3.97397e+14	2.68e-20	2.05e-14	2.20e-09	2.72e-05	9.98e-01	2.25e-03	0.00e+00	0.00e+00	0.00e+00	0.00e+00	6.80e-15	1.37e-14	8.66e-62
 4.12691e+14	3.60e-20	2.57e-14	2.56e-09	2.93e-05	9.98e-01	2.08e-03	0.00e+00	0.00e+00	0.00e+00	0.00e+00	8.50e-15	1.72e-14	1.95e-61
 4.26998e+14	4.70e-20	3.14e-14	2.94e-09	3.15e-05	9.98e-01	1.94e-03	0.00e+00	0.00e+00	0.00e+00	0.00e+00	1.04e-14	2.10e-14	4.02e-61
 4.42507e+14	6.21e-20	3.88e-14	3.40e-09	3.39e-05	9.98e-01	1.80e-03	0.00e+00	0.00e+00	0.00e+00	0.00e+00	1.28e-14	2.59e-14	8.61e-61
 4.59870e+14	8.39e-20	4.87e-14	3.97e-09	3.67e-05	9.98e-01	1.67e-03	0.00e+00	0.00e+00	0.00e+00	0.00e+00	1.61e-14	3.26e-14	1.96e-60
 4.76071e+14	1.10e-19	5.98e-14	4.56e-09	3.94e-05	9.98e-01	1.55e-03	0.00e+00	0.00e+00	0.00e+00	0.00e+00	1.98e-14	4.00e-14	4.12e-60
 4.91059e+14	1.40e-19	7.19e-14	5.17e-09	4.20e-05	9.99e-01	1.46e-03	0.00e+00	0.00e+00	0.00e+00	0.00e+00	2.38e-14	4.81e-14	7.98e-60
 5.05506e+14	1.76e-19	8.54e-14	5.81e-09	4.45e-05	9.99e-01	1.37e-03	0.00e+00	0.00e+00	0.00e+00	0.00e+00	2.82e-14	5.71e-14	1.49e-59
 5.21580e+14	2.25e-19	1.03e-13	6.59e-09	4.75e-05	9.99e-01	1.29e-03	0.00e+00	0.00e+00	0.00e+00	0.00e+00	3.40e-14	6.88e-14	2.90e-59
 5.39361e+14	2.92e-19	1.25e-13	7.54e-09	5.08e-05	9.99e-01	1.20e-03	0.00e+00	0.00e+00	0.00e+00	0.00e+00	4.14e-14	8.39e-14	5.96e-59
 5.55901e+14	3.71e-19	1.50e-13	8.51e-09	5.41e-05	9.99e-01	1.13e-03	0.00e+00	0.00e+00	0.00e+00	0.00e+00	4.96e-14	1.00e-13	1.14e-58
 5.73943e+14	4.76e-19	1.81e-13	9.67e-09	5.77e-05	9.99e-01	1.06e-03	0.00e+00	0.00e+00	0.00e+00	0.00e+00	5.99e-14	1.21e-13	2.27e-58
 5.94259e+14	6.25e-19	2.23e-13	1.11e-08	6.20e-05	9.99e-01	9.86e-04	0.00e+00	0.00e+00	0.00e+00	0.00e+00	7.36e-14	1.49e-13	4.78e-58
 6.13630e+14	8.05e-19	2.69e-13	1.27e-08	6.62e-05	9.99e-01	9.24e-04	0.00e+00	0.00e+00	0.00e+00	0.00e+00	8.90e-14	1.80e-13	9.56e-58
 6.34910e+14	1.05e-18	3.30e-13	1.45e-08	7.10e-05	9.99e-01	8.62e-04	0.00e+00	0.00e+00	0.00e+00	0.00e+00	1.09e-13	2.21e-13	1.99e-57
 6.58348e+14	1.40e-18	4.09e-13	1.68e-08	7.64e-05	9.99e-01	8.00e-04	0.00e+00	0.00e+00	0.00e+00	0.00e+00	1.35e-13	2.74e-13	4.36e-57
 6.79870e+14	1.80e-18	4.95e-13	1.91e-08	8.16e-05	9.99e-01	7.49e-04	0.00e+00	0.00e+00	0.00e+00	0.00e+00	1.63e-13	3.32e-13	8.71e-57
 7.03129e+14	2.34e-18	6.05e-13	2.19e-08	8.74e-05	9.99e-01	6.99e-04	0.00e+00	0.00e+00	0.00e+00	0.00e+00	2.00e-13	4.05e-13	1.80e-56
 7.29176e+14	3.12e-18	7.50e-13	2.53e-08	9.42e-05	9.99e-01	6.49e-04	0.00e+00	0.00e+00	0.00e+00	0.00e+00	2.47e-13	5.03e-13	3.93e-56
 7.53711e+14	4.05e-18	9.13e-13	2.89e-08	1.01e-04	9.99e-01	6.06e-04	0.00e+00	0.00e+00	0.00e+00	0.00e+00	3.01e-13	6.12e-13	8.06e-56
 7.80469e+14	5.31e-18	1.12e-12	3.33e-08	1.08e-04	9.99e-01	5.64e-04	0.00e+00	0.00e+00	0.00e+00	0.00e+00	3.70e-13	7.52e-13	1.70e-55
 8.10182e+14	7.12e-18	1.40e-12	3.87e-08	1.17e-04	9.99e-01	5.23e-04	0.00e+00	0.00e+00	0.00e+00	0.00e+00	4.61e-13	9.39e-13	3.81e-55
 8.37879e+14	9.25e-18	1.71e-12	4.43e-08	1.25e-04	9.99e-01	4.88e-04	0.00e+00	0.00e+00	0.00e+00	0.00e+00	5.63e-13	1.15e-12	7.86e-55
 8.68021e+14	1.22e-17	2.11e-12	5.10e-08	1.34e-04	9.99e-01	4.53e-04	0.00e+00	0.00e+00	0.00e+00	0.00e+00	6.93e-13	1.41e-12	1.68e-54
 9.01790e+14	1.64e-17	2.64e-12	5.95e-08	1.46e-04	9.99e-01	4.19e-04	0.00e+00	0.00e+00	0.00e+00	0.00e+00	8.68e-13	1.77e-12	3.79e-54
 9.33744e+14	2.15e-17	3.24e-12	6.84e-08	1.56e-04	9.99e-01	3.90e-04	0.00e+00	0.00e+00	0.00e+00	0.00e+00	1.07e-12	2.18e-12	8.07e-54
 9.67959e+14	2.84e-17	4.00e-12	7.91e-08	1.68e-04	9.99e-01	3.62e-04	0.00e+00	0.00e+00	0.00e+00	0.00e+00	1.32e-12	2.69e-12	1.73e-53
 1.00671e+15	3.85e-17	5.05e-12	9.27e-08	1.83e-04	9.99e-01	3.33e-04	0.00e+00	0.00e+00	0.00e+00	0.00e+00	1.66e-12	3.39e-12	4.01e-53
 1.04477e+15	5.12e-17	6.27e-12	1.08e-07	1.98e-04	9.99e-01	3.08e-04	0.00e+00	4.21e-18	1.27e-17	2.12e-17	2.06e-12	4.21e-12	8.81e-53
 1.08435e+15	6.81e-17	7.80e-12	1.25e-07	2.13e-04	1.00e+00	2.85e-04	0.00e+00	5.61e-18	1.68e-17	2.82e-17	2.56e-12	5.24e-12	1.94e-52
 1.12776e+15	9.19e-17	9.82e-12	1.47e-07	2.32e-04	1.00e+00	2.62e-04	0.00e+00	7.57e-18	2.27e-17	3.80e-17	3.22e-12	6.59e-12	4.45e-52
 1.17053e+15	1.22e-16	1.22e-11	1.71e-07	2.51e-04	1.00e+00	2.42e-04	0.00e+00	1.01e-17	3.02e-17	5.05e-17	4.00e-12	8.20e-12	9.75e-52
 1.20596e+15	1.53e-16	1.45e-11	1.93e-07	2.67e-04	1.00e+00	2.28e-04	0.00e+00	1.26e-17	3.79e-17	6.34e-17	4.76e-12	9.76e-12	1.84e-51
 1.23455e+15	1.83e-16	1.66e-11	2.12e-07	2.81e-04	1.00e+00	2.16e-04	0.00e+00	1.51e-17	4.52e-17	7.55e-17	5.45e-12	1.12e-11	2.98e-51
 1.26630e+15	2.21e-16	1.93e-11	2.35e-07	2.97e-04	9.99e-01	2.05e-04	0.00e+00	1.82e-17	5.47e-17	9.14e-17	6.32e-12	1.30e-11	5.07e-51
 1.30757e+15	2.81e-16	2.32e-11	2.68e-07	3.18e-04	9.99e-01	1.91e-04	0.00e+00	2.32e-17	6.95e-17	1.16e-16	7.60e-12	1.56e-11	9.87e-51
 1.35181e+15	3.60e-16	2.81e-11	3.07e-07	3.42e-04	9.99e-01	1.78e-04	0.00e+00	2.97e-17	8.92e-17	1.49e-16	9.21e-12	1.89e-11	1.97e-50
 1.39104e+15	4.44e-16	3.32e-11	3.45e-07	3.64e-04	9.99e-01	1.67e-04	0.00e+00	3.67e-17	1.10e-16	1.84e-16	1.09e-11	2.23e-11	3.56e-50
 1.43318e+15	5.54e-16	3.94e-11	3.90e-07	3.89e-04	9.99e-01	1.56e-04	0.00e+00	4.58e-17	1.37e-16	2.30e-16	1.29e-11	2.65e-11	6.60e-50
 1.48615e+15	7.23e-16	4.84e-11	4.53e-07	4.21e-04	9.99e-01	1.44e-04	0.00e+00	5.98e-17	1.80e-16	3.00e-16	1.59e-11	3.26e-11	1.39e-49
 1.53992e+15	9.35e-16	5.93e-11	5.24e-07	4.56e-04	9.99e-01	1.34e-04	0.00e+00	7.74e-17	2.33e-16	3.89e-16	1.94e-11	3.99e-11	2.89e-49
 1.58627e+15	1.16e-15	7.02e-11	5.91e-07	4.87e-04	9.99e-01	1.25e-04	0.00e+00	9.61e-17	2.88e-16	4.82e-16	2.30e-11	4.72e-11	5.31e-49
 1.63627e+15	1.44e-15	8.36e-11	6.72e-07	5.22e-04	9.99e-01	1.17e-04	0.00e+00	1.20e-16	3.60e-16	6.01e-16	2.73e-11	5.62e-11	9.93e-49
 1.69784e+15	1.88e-15	1.03e-10	7.81e-07	5.67e-04	9.99e-01	1.08e-04	0.00e+00	1.56e-16	4.69e-16	7.83e-16	3.37e-11	6.93e-11	2.11e-48
 1.76036e+15	2.43e-15	1.26e-10	9.06e-07	6.15e-04	9.99e-01	9.93e-05	0.00e+00	2.02e-16	6.06e-16	1.01e-15	4.12e-11	8.49e-11	4.40e-48
 1.81593e+15	3.02e-15	1.50e-10	1.03e-06	6.60e-04	9.99e-01	9.26e-05	0.00e+00	2.51e-16	7.53e-16	1.26e-15	4.90e-11	1.01e-10	8.23e-48
 1.87654e+15	3.79e-15	1.80e-10	1.18e-06	7.11e-04	9.99e-01	8.60e-05	0.00e+00	3.15e-16	9.46e-16	1.58e-15	5.88e-11	1.21e-10	1.60e-47
 1.94903e+15	4.92e-15	2.22e-10	1.37e-06	7.75e-04	9.99e-01	7.89e-05	0.00e+00	4.10e-16	1.23e-15	2.06e-15	7.25e-11	1.49e-10	3.44e-47
 2.02072e+15	6.30e-15	2.71e-10	1.59e-06	8.41e-04	9.99e-01	7.28e-05	0.00e+00	5.26e-16	1.58e-15	2.64e-15	8.85e-11	1.82e-10	7.13e-47
 2.08531e+15	7.80e-15	3.22e-10	1.81e-06	9.04e-04	9.99e-01	6.78e-05	0.00e+00	6.51e-16	1.96e-15	3.27e-15	1.05e-10	2.17e-10	1.34e-46
 2.15692e+15	9.51e-15	3.87e-10	2.08e-06	9.77e-04	9.99e-01	6.28e-05	0.00e+00	7.95e-16	2.39e-15	3.99e-15	1.26e-10	2.60e-10	2.62e-46
 2.24137e+15	1.23e-14	4.77e-10	2.43e-06	1.07e-03	9.99e-01	5.75e-05	0.00e+00	1.03e-15	3.08e-15	5.15e-15	1.56e-10	3.21e-10	5.68e-46
 2.32471e+15	1.55e-14	5.82e-10	2.82e-06	1.16e-03	9.99e-01	5.29e-05	0.00e+00	1.30e-15	3.91e-15	6.54e-15	1.90e-10	3.91e-10	1.19e-45
 2.40192e+15	1.92e-14	6.94e-10	3.21e-06	1.25e-03	9.99e-01	4.92e-05	0.00e+00	1.61e-15	4.84e-15	8.08e-15	2.27e-10	4.67e-10	2.29e-45
 2.48855e+15	2.41e-14	8.41e-10	3.71e-06	1.36e-03	9.99e-01	4.54e-05	0.00e+00	2.03e-15	6.08e-15	1.02e-14	2.75e-10	5.66e-10	4.70e-45
 2.58812e+15	3.09e-14	1.04e-09	4.35e-06	1.48e-03	9.98e-01	4.15e-05	0.00e+00	2.60e-15	7.82e-15	1.31e-14	3.40e-10	6.99e-10	1.04e-44
 2.68588e+15	3.90e-14	1.27e-09	5.05e-06	1.62e-03	9.98e-01	3.81e-05	0.00e+00	3.29e-15	9.87e-15	1.65e-14	4.15e-10	8.53e-10	2.21e-44
 2.78755e+15	4.92e-14	1.55e-09	5.87e-06	1.76e-03	9.98e-01	3.51e-05	0.00e+00	4.15e-15	1.25e-14	2.08e-14	5.06e-10	1.04e-09	4.71e-44
 2.88032e+15	6.00e-14	1.84e-09	6.69e-06	1.90e-03	9.98e-01	3.26e-05	0.00e+00	5.07e-15	1.52e-14	2.54e-14	6.04e-10	1.24e-09	9.17e-44
 2.94935e+15	6.95e-14	2.09e-09	7.36e-06	2.00e-03	9.98e-01	3.09e-05	0.00e+00	5.88e-15	1.77e-14	2.95e-14	6.85e-10	1.41e-09	1.49e-43
 3.02049e+15	8.04e-14	2.38e-09	8.09e-06	2.12e-03	9.98e-01	2.92e-05	0.00e+00	6.80e-15	2.04e-14	3.41e-14	7.78e-10	1.60e-09	2.42e-43
 3.11297e+15	9.65e-14	2.79e-09	9.14e-06	2.27e-03	9.98e-01	2.73e-05	0.00e+00	8.18e-15	2.45e-14	4.10e-14	9.15e-10	1.88e-09	4.49e-43
 3.21316e+15	1.17e-13	3.31e-09	1.04e-05	2.44e-03	9.98e-01	2.54e-05	0.00e+00	9.89e-15	2.97e-14	4.96e-14	1.08e-09	2.23e-09	8.73e-43
 3.30365e+15	1.38e-13	3.83e-09	1.16e-05	2.60e-03	9.97e-01	2.39e-05	0.00e+00	1.17e-14	3.51e-14	5.86e-14	1.26e-09	2.58e-09	1.54e-42
 3.40154e+15	1.64e-13	4.48e-09	1.30e-05	2.78e-03	9.97e-01	2.24e-05	0.00e+00	1.39e-14	4.18e-14	6.98e-14	1.47e-09	3.01e-09	2.83e-42
 3.52603e+15	2.03e-13	5.44e-09	1.51e-05	3.02e-03	9.97e-01	2.07e-05	0.00e+00	1.73e-14	5.18e-14	8.65e-14	1.79e-09	3.66e-09	6.00e-42
 3.65126e+15	2.47e-13	6.56e-09	1.73e-05	3.28e-03	9.97e-01	1.92e-05	0.00e+00	2.11e-14	6.34e-14	1.06e-13	2.15e-09	4.41e-09	1.25e-41
 3.75581e+15	2.92e-13	7.62e-09	1.94e-05	3.49e-03	9.96e-01	1.80e-05	0.00e+00	2.49e-14	7.48e-14	1.25e-13	2.50e-09	5.12e-09	2.26e-41
 3.86733e+15	3.46e-13	8.92e-09	2.18e-05	3.74e-03	9.96e-01	1.69e-05	0.00e+00	2.96e-14	8.87e-14	1.48e-13	2.93e-09	5.99e-09	4.21e-41
 4.00898e+15	4.25e-13	1.08e-08	2.51e-05	4.06e-03	9.96e-01	1.56e-05	0.00e+00	3.64e-14	1.09e-13	1.82e-13	3.56e-09	7.28e-09	9.09e-41
 4.15787e+15	5.21e-13	1.32e-08	2.91e-05	4.41e-03	9.96e-01	1.44e-05	0.00e+00	4.47e-14	1.34e-13	2.24e-13	4.33e-09	8.85e-09	1.97e-40
 4.29150e+15	6.24e-13	1.56e-08	3.29e-05	4.74e-03	9.95e-01	1.35e-05	0.00e+00	5.36e-14	1.61e-13	2.69e-13	5.13e-09	1.05e-08	3.84e-40
 4.43722e+15	7.55e-13	1.87e-08	3.76e-05	5.12e-03	9.95e-01	1.26e-05	0.00e+00	6.49e-14	1.95e-13	3.25e-13	6.15e-09	1.25e-08	7.83e-40
 4.60999e+15	9.32e-13	2.30e-08	4.39e-05	5.58e-03	9.94e-01	1.16e-05	0.00e+00	8.02e-14	2.41e-13	4.02e-13	7.57e-09	1.54e-08	1.77e-39
 4.77947e+15	1.13e-12	2.80e-08	5.06e-05	6.06e-03	9.94e-01	1.08e-05	0.00e+00	9.78e-14	2.93e-13	4.90e-13	9.21e-09	1.88e-08	3.79e-39
 4.93335e+15	1.36e-12	3.32e-08	5.74e-05	6.51e-03	9.93e-01	1.01e-05	0.00e+00	1.17e-13	3.52e-13	5.87e-13	1.09e-08	2.23e-08	7.32e-39
 5.10540e+15	1.65e-12	4.00e-08	6.58e-05	7.04e-03	9.93e-01	9.42e-06	0.00e+00	1.42e-13	4.27e-13	7.13e-13	1.32e-08	2.68e-08	1.51e-38
 5.30672e+15	2.02e-12	4.95e-08	7.69e-05	7.69e-03	9.92e-01	8.74e-06	0.00e+00	1.75e-13	5.25e-13	8.77e-13	1.63e-08	3.32e-08	3.41e-38
 5.50435e+15	2.48e-12	6.02e-08	8.89e-05	8.36e-03	9.92e-01	8.13e-06	0.00e+00	2.15e-13	6.45e-13	1.08e-12	1.99e-08	4.04e-08	7.32e-38
 5.68970e+15	2.99e-12	7.23e-08	1.01e-04	9.01e-03	9.91e-01	7.64e-06	0.00e+00	2.59e-13	7.77e-13	1.30e-12	2.38e-08	4.85e-08	1.45e-37
 5.89713e+15	3.65e-12	8.79e-08	1.17e-04	9.78e-03	9.90e-01	7.14e-06	0.00e+00	3.17e-13	9.52e-13	1.59e-12	2.90e-08	5.89e-08	3.08e-37
 6.09511e+15	4.38e-12	1.05e-07	1.34e-04	1.05e-02	9.89e-01	6.74e-06	0.00e+00	3.81e-13	1.14e-12	1.91e-12	3.47e-08	7.05e-08	6.03e-37
 6.24190e+15	4.94e-12	1.20e-07	1.47e-04	1.11e-02	9.89e-01	6.47e-06	0.00e+00	4.30e-13	1.29e-12	2.16e-12	3.95e-08	8.03e-08	9.80e-37
 6.39017e+15	5.67e-12	1.36e-07	1.61e-04	1.17e-02	9.88e-01	6.21e-06	0.00e+00	4.93e-13	1.48e-12	2.47e-12	4.50e-08	9.14e-08	1.59e-36
 6.58291e+15	6.75e-12	1.61e-07	1.82e-04	1.26e-02	9.87e-01	5.90e-06	0.00e+00	5.88e-13	1.77e-12	2.95e-12	5.30e-08	1.08e-07	2.94e-36
 6.79197e+15	8.05e-12	1.91e-07	2.06e-04	1.35e-02	9.86e-01	5.59e-06	0.00e+00	7.03e-13	2.11e-12	3.52e-12	6.31e-08	1.28e-07	5.58e-36
 6.97964e+15	9.41e-12	2.23e-07	2.30e-04	1.43e-02	9.85e-01	5.36e-06	0.00e+00	8.22e-13	2.47e-12	4.12e-12	7.35e-08	1.49e-07	9.68e-36
 7.18103e+15	1.11e-11	2.61e-07	2.58e-04	1.53e-02	9.84e-01	5.12e-06	0.00e+00	9.70e-13	2.91e-12	4.86e-12	8.62e-08	1.75e-07	1.74e-35
 7.44077e+15	1.38e-11	3.19e-07	2.98e-04	1.66e-02	9.83e-01	4.86e-06	0.00e+00	1.21e-12	3.62e-12	6.04e-12	1.06e-07	2.14e-07	3.61e-35
 7.70243e+15	1.68e-11	3.87e-07	3.43e-04	1.80e-02	9.82e-01	4.62e-06	0.00e+00	1.47e-12	4.42e-12	7.37e-12	1.28e-07	2.59e-07	7.22e-35
 7.91547e+15	1.97e-11	4.51e-07	3.82e-04	1.91e-02	9.80e-01	4.45e-06	0.00e+00	1.73e-12	5.18e-12	8.64e-12	1.49e-07	3.02e-07	1.22e-34
 8.13921e+15	2.34e-11	5.28e-07	4.29e-04	2.04e-02	9.79e-01	4.29e-06	0.00e+00	2.05e-12	6.16e-12	1.03e-11	1.75e-07	3.54e-07	2.14e-34
 8.43007e+15	2.90e-11	6.45e-07	4.95e-04	2.21e-02	9.77e-01	4.08e-06	0.00e+00	2.55e-12	7.65e-12	1.28e-11	2.13e-07	4.32e-07	4.36e-34
 8.73513e+15	3.58e-11	7.88e-07	5.72e-04	2.40e-02	9.75e-01	3.90e-06	0.00e+00	3.15e-12	9.45e-12	1.58e-11	2.61e-07	5.27e-07	8.68e-34
 8.99740e+15	4.29e-11	9.33e-07	6.46e-04	2.57e-02	9.74e-01	3.78e-06	0.00e+00	3.78e-12	1.13e-11	1.89e-11	3.09e-07	6.24e-07	1.54e-33
 9.27710e+15	5.22e-11	1.11e-06	7.34e-04	2.77e-02	9.72e-01	3.65e-06	0.00e+00	4.60e-12	1.38e-11	2.30e-11	3.69e-07	7.45e-07	2.83e-33
 9.62392e+15	6.54e-11	1.38e-06	8.54e-04	3.02e-02	9.69e-01	3.49e-06	0.00e+00	5.78e-12	1.73e-11	2.89e-11	4.55e-07	9.20e-07	5.82e-33
 9.96970e+15	8.12e-11	1.68e-06	9.88e-04	3.28e-02	9.66e-01	3.36e-06	0.00e+00	7.18e-12	2.15e-11	3.59e-11	5.57e-07	1.12e-06	1.13e-32
 1.02627e+16	9.77e-11	1.99e-06	1.12e-03	3.51e-02	9.64e-01	3.28e-06	0.00e+00	8.65e-12	2.60e-11	4.33e-11	6.58e-07	1.33e-06	1.96e-32
 1.05755e+16	1.19e-10	2.37e-06	1.27e-03	3.77e-02	9.61e-01	3.19e-06	0.00e+00	1.06e-11	3.17e-11	5.29e-11	7.86e-07	1.59e-06	3.51e-32
 1.09673e+16	1.50e-10	2.94e-06	1.48e-03	4.12e-02	9.57e-01	3.08e-06	0.00e+00	1.33e-11	4.00e-11	6.66e-11	9.74e-07	1.96e-06	7.07e-32
 1.13533e+16	1.87e-10	3.58e-06	1.72e-03	4.48e-02	9.53e-01	2.98e-06	0.00e+00	1.66e-11	4.97e-11	8.30e-11	1.19e-06	2.39e-06	1.33e-31
 1.16698e+16	2.24e-10	4.21e-06	1.93e-03	4.79e-02	9.50e-01	2.94e-06	0.00e+00	1.99e-11	5.97e-11	9.97e-11	1.40e-06	2.81e-06	2.19e-31
 1.19497e+16	2.62e-10	4.84e-06	2.14e-03	5.08e-02	9.47e-01	2.88e-06	0.00e+00	2.33e-11	6.99e-11	1.17e-10	1.60e-06	3.23e-06	3.37e-31
 1.22585e+16	3.14e-10	5.65e-06	2.40e-03	5.42e-02	9.43e-01	2.83e-06	0.00e+00	2.79e-11	8.38e-11	1.40e-10	1.88e-06	3.78e-06	5.50e-31
 1.25962e+16	3.73e-10	6.64e-06	2.71e-03	5.80e-02	9.39e-01	2.76e-06	0.00e+00	3.33e-11	9.98e-11	1.66e-10	2.20e-06	4.44e-06	8.99e-31
 1.29126e+16	4.42e-10	7.71e-06	3.02e-03	6.18e-02	9.35e-01	2.71e-06	0.00e+00	3.95e-11	1.18e-10	1.97e-10	2.56e-06	5.15e-06	1.41e-30
 1.32649e+16	5.40e-10	9.14e-06	3.43e-03	6.64e-02	9.30e-01	2.67e-06	0.00e+00	4.83e-11	1.45e-10	2.42e-10	3.03e-06	6.10e-06	2.37e-30
 1.36418e+16	6.52e-10	1.08e-05	3.90e-03	7.13e-02	9.25e-01	2.61e-06	0.00e+00	5.84e-11	1.75e-10	2.92e-10	3.59e-06	7.23e-06	3.91e-30
 1.39859e+16	7.78e-10	1.26e-05	4.38e-03	7.62e-02	9.19e-01	2.57e-06	0.00e+00	6.97e-11	2.09e-10	3.49e-10	4.19e-06	8.44e-06	6.12e-30
 1.43681e+16	9.56e-10	1.51e-05	5.00e-03	8.20e-02	9.13e-01	2.53e-06	0.00e+00	8.57e-11	2.57e-10	4.29e-10	5.00e-06	1.01e-05	1.03e-29
 1.47810e+16	1.19e-09	1.81e-05	5.74e-03	8.86e-02	9.06e-01	2.50e-06	0.00e+00	1.07e-10	3.20e-10	5.33e-10	6.00e-06	1.21e-05	1.72e-29
 1.51599e+16	1.43e-09	2.13e-05	6.51e-03	9.50e-02	8.99e-01	2.46e-06	0.00e+00	1.28e-10	3.85e-10	6.42e-10	7.06e-06	1.42e-05	2.72e-29
 1.55121e+16	1.70e-09	2.47e-05	7.32e-03	1.01e-01	8.91e-01	2.43e-06	0.00e+00	1.53e-10	4.60e-10	7.67e-10	8.22e-06	1.65e-05	4.16e-29
 1.59033e+16	2.10e-09	2.95e-05	8.36e-03	1.09e-01	8.83e-01	2.39e-06	0.00e+00	1.89e-10	5.68e-10	9.46e-10	9.80e-06	1.97e-05	6.86e-29
 1.63212e+16	2.62e-09	3.53e-05	9.61e-03	1.18e-01	8.73e-01	2.37e-06	0.00e+00	2.36e-10	7.08e-10	1.18e-09	1.17e-05	2.35e-05	1.12e-28
 1.66857e+16	3.16e-09	4.12e-05	1.09e-02	1.26e-01	8.63e-01	2.35e-06	0.00e+00	2.85e-10	8.54e-10	1.42e-09	1.37e-05	2.75e-05	1.69e-28
 1.70713e+16	3.85e-09	4.89e-05	1.24e-02	1.35e-01	8.52e-01	2.32e-06	0.00e+00	3.48e-10	1.04e-09	1.74e-09	1.63e-05	3.26e-05	2.73e-28
 1.74884e+16	4.83e-09	5.87e-05	1.43e-02	1.46e-01	8.40e-01	2.31e-06	0.00e+00	4.37e-10	1.31e-09	2.19e-09	1.95e-05	3.92e-05	4.44e-28
 1.78388e+16	5.80e-09	6.82e-05	1.61e-02	1.55e-01	8.28e-01	2.30e-06	0.00e+00	5.25e-10	1.58e-09	2.63e-09	2.27e-05	4.55e-05	6.54e-28
 1.81312e+16	6.78e-09	7.77e-05	1.79e-02	1.64e-01	8.18e-01	2.30e-06	0.00e+00	6.15e-10	1.84e-09	3.07e-09	2.58e-05	5.18e-05	9.25e-28
 1.84562e+16	8.13e-09	9.03e-05	2.01e-02	1.74e-01	8.05e-01	2.28e-06	0.00e+00	7.37e-10	2.21e-09	3.69e-09	3.00e-05	6.03e-05	1.38e-27
 1.88163e+16	1.00e-08	1.07e-04	2.30e-02	1.87e-01	7.90e-01	2.28e-06	0.00e+00	9.08e-10	2.72e-09	4.54e-09	3.56e-05	7.13e-05	2.18e-27
 1.91395e+16	1.20e-08	1.24e-04	2.59e-02	1.98e-01	7.76e-01	2.29e-06	0.00e+00	1.09e-09	3.28e-09	5.47e-09	4.13e-05	8.28e-05	3.21e-27
 1.94244e+16	1.43e-08	1.42e-04	2.89e-02	2.09e-01	7.62e-01	2.29e-06	0.00e+00	1.30e-09	3.90e-09	6.51e-09	4.73e-05	9.48e-05	4.57e-27
 1.97418e+16	1.73e-08	1.66e-04	3.27e-02	2.23e-01	7.44e-01	2.28e-06	0.00e+00	1.57e-09	4.72e-09	7.86e-09	5.54e-05	1.11e-04	6.94e-27
 2.00808e+16	2.15e-08	1.98e-04	3.75e-02	2.38e-01	7.24e-01	2.30e-06	0.00e+00	1.96e-09	5.87e-09	9.78e-09	6.59e-05	1.32e-04	1.10e-26
 2.03697e+16	2.59e-08	2.29e-04	4.22e-02	2.52e-01	7.06e-01	2.32e-06	0.00e+00	2.36e-09	7.09e-09	1.18e-08	7.63e-05	1.53e-04	1.61e-26
 2.06220e+16	3.04e-08	2.61e-04	4.69e-02	2.65e-01	6.88e-01	2.34e-06	0.00e+00	2.77e-09	8.31e-09	1.39e-08	8.68e-05	1.74e-04	2.26e-26
 2.09049e+16	3.74e-08	3.08e-04	5.32e-02	2.81e-01	6.66e-01	2.36e-06	0.00e+00	3.42e-09	1.02e-08	1.71e-08	1.02e-04	2.05e-04	3.60e-26
 2.12015e+16	4.57e-08	3.60e-04	6.06e-02	2.98e-01	6.41e-01	2.38e-06	5.27e-12	4.17e-09	1.25e-08	2.09e-08	1.20e-04	2.40e-04	5.40e-26
