#depth	O	O+	O+2	O+3	O+4	O+5	O+6	O+7	O+8	O[1]	O[2]	O[3]
 1.49634e+10	0.00e+00	0.00e+00	7.80e-33	2.58e-23	6.61e-15	8.35e-08	1.00e+00	2.72e-14	0.00e+00	0.00e+00	0.00e+00	0.00e+00
 4.54887e+10	0.00e+00	2.33e-43	1.07e-32	3.26e-23	7.75e-15	9.04e-08	1.00e+00	0.00e+00	0.00e+00	0.00e+00	0.00e+00	0.00e+00
 7.72350e+10	0.00e+00	0.00e+00	1.46e-32	4.13e-23	9.07e-15	9.79e-08	1.00e+00	0.00e+00	0.00e+00	0.00e+00	0.00e+00	0.00e+00
 1.10251e+11	0.00e+00	5.11e-43	2.01e-32	5.24e-23	1.06e-14	1.06e-07	1.00e+00	0.00e+00	0.00e+00	0.00e+00	0.00e+00	0.00e+00
 1.43899e+11	0.00e+00	0.00e+00	2.73e-32	6.60e-23	1.24e-14	1.14e-07	1.00e+00	0.00e+00	0.00e+00	0.00e+00	0.00e+00	0.00e+00
 1.78893e+11	0.00e+00	1.11e-42	3.72e-32	8.33e-23	1.45e-14	1.24e-07	1.00e+00	0.00e+00	0.00e+00	0.00e+00	0.00e+00	0.00e+00
 2.15976e+11	0.00e+00	0.00e+00	5.10e-32	1.06e-22	1.70e-14	1.34e-07	1.00e+00	0.00e+00	0.00e+00	0.00e+00	0.00e+00	0.00e+00
 2.54542e+11	0.00e+00	2.43e-42	6.99e-32	1.34e-22	1.99e-14	1.45e-07	1.00e+00	0.00e+00	0.00e+00	0.00e+00	0.00e+00	0.00e+00
 2.94650e+11	0.00e+00	0.00e+00	9.58e-32	1.70e-22	2.33e-14	1.57e-07	1.00e+00	0.00e+00	0.00e+00	0.00e+00	0.00e+00	0.00e+00
 3.36363e+11	0.00e+00	5.34e-42	1.31e-31	2.15e-22	2.73e-14	1.70e-07	1.00e+00	0.00e+00	0.00e+00	0.00e+00	0.00e+00	0.00e+00
 3.79744e+11	0.00e+00	0.00e+00	1.80e-31	2.73e-22	3.20e-14	1.84e-07	1.00e+00	0.00e+00	0.00e+00	0.00e+00	0.00e+00	0.00e+00
 4.24861e+11	0.00e+00	1.17e-41	2.47e-31	3.46e-22	3.76e-14	2.00e-07	1.00e+00	0.00e+00	0.00e+00	0.00e+00	0.00e+00	0.00e+00
 4.71782e+11	0.00e+00	0.00e+00	3.39e-31	4.39e-22	4.41e-14	2.16e-07	1.00e+00	0.00e+00	0.00e+00	0.00e+00	0.00e+00	0.00e+00
 5.20580e+11	0.00e+00	2.58e-41	4.65e-31	5.56e-22	5.17e-14	2.34e-07	1.00e+00	0.00e+00	0.00e+00	0.00e+00	0.00e+00	0.00e+00
 5.71330e+11	0.00e+00	0.00e+00	6.37e-31	7.06e-22	6.07e-14	2.54e-07	1.00e+00	0.00e+00	0.00e+00	0.00e+00	0.00e+00	0.00e+00
 6.19356e+11	0.00e+00	5.49e-41	8.50e-31	8.77e-22	7.02e-14	2.73e-07	1.00e+00	0.00e+00	0.00e+00	0.00e+00	0.00e+00	0.00e+00
 6.62749e+11	0.00e+00	0.00e+00	1.09e-30	1.06e-21	7.97e-14	2.91e-07	1.00e+00	0.00e+00	0.00e+00	0.00e+00	0.00e+00	0.00e+00
 7.11601e+11	0.00e+00	1.06e-40	1.44e-30	1.30e-21	9.16e-14	3.13e-07	1.00e+00	0.00e+00	0.00e+00	0.00e+00	0.00e+00	0.00e+00
 7.68960e+11	0.00e+00	0.00e+00	1.97e-30	1.65e-21	1.07e-13	3.38e-07	1.00e+00	0.00e+00	0.00e+00	0.00e+00	0.00e+00	0.00e+00
 8.25876e+11	0.00e+00	2.26e-40	2.65e-30	2.06e-21	1.25e-13	3.65e-07	1.00e+00	0.00e+00	0.00e+00	0.00e+00	0.00e+00	0.00e+00
 8.79524e+11	0.00e+00	0.00e+00	3.47e-30	2.53e-21	1.43e-13	3.91e-07	1.00e+00	0.00e+00	0.00e+00	0.00e+00	0.00e+00	0.00e+00
 9.39088e+11	0.00e+00	4.55e-40	4.64e-30	3.16e-21	1.66e-13	4.22e-07	1.00e+00	0.00e+00	0.00e+00	0.00e+00	0.00e+00	0.00e+00
 1.00658e+12	0.00e+00	0.00e+00	6.38e-30	4.01e-21	1.95e-13	4.58e-07	1.00e+00	0.00e+00	0.00e+00	0.00e+00	0.00e+00	0.00e+00
 1.07379e+12	0.00e+00	9.88e-40	8.65e-30	5.05e-21	2.28e-13	4.95e-07	1.00e+00	0.00e+00	0.00e+00	0.00e+00	0.00e+00	0.00e+00
 1.14369e+12	0.00e+00	0.00e+00	1.17e-29	6.36e-21	2.66e-13	5.35e-07	1.00e+00	0.00e+00	0.00e+00	0.00e+00	0.00e+00	0.00e+00
 1.21936e+12	0.00e+00	2.15e-39	1.61e-29	8.09e-21	3.13e-13	5.81e-07	1.00e+00	0.00e+00	0.00e+00	0.00e+00	0.00e+00	0.00e+00
 1.29806e+12	0.00e+00	0.00e+00	2.22e-29	1.03e-20	3.69e-13	6.31e-07	1.00e+00	0.00e+00	0.00e+00	0.00e+00	0.00e+00	0.00e+00
 1.37991e+12	0.00e+00	4.74e-39	3.05e-29	1.31e-20	4.34e-13	6.86e-07	1.00e+00	0.00e+00	0.00e+00	0.00e+00	0.00e+00	0.00e+00
 1.46504e+12	0.00e+00	0.00e+00	4.19e-29	1.67e-20	5.12e-13	7.45e-07	1.00e+00	0.00e+00	0.00e+00	0.00e+00	0.00e+00	0.00e+00
 1.55356e+12	0.00e+00	1.05e-38	5.77e-29	2.12e-20	6.03e-13	8.10e-07	1.00e+00	0.00e+00	0.00e+00	0.00e+00	0.00e+00	0.00e+00
 1.64563e+12	0.00e+00	0.00e+00	7.94e-29	2.70e-20	7.10e-13	8.80e-07	1.00e+00	0.00e+00	0.00e+00	0.00e+00	0.00e+00	0.00e+00
 1.74139e+12	0.00e+00	2.31e-38	1.09e-28	3.45e-20	8.38e-13	9.57e-07	1.00e+00	0.00e+00	0.00e+00	0.00e+00	0.00e+00	0.00e+00
 1.84097e+12	0.00e+00	0.00e+00	1.50e-28	4.39e-20	9.88e-13	1.04e-06	1.00e+00	0.00e+00	0.00e+00	0.00e+00	0.00e+00	0.00e+00
 1.94453e+12	0.00e+00	5.11e-38	2.07e-28	5.60e-20	1.17e-12	1.13e-06	1.00e+00	0.00e+00	0.00e+00	0.00e+00	0.00e+00	0.00e+00
 2.05224e+12	0.00e+00	0.00e+00	2.85e-28	7.14e-20	1.38e-12	1.23e-06	1.00e+00	0.00e+00	0.00e+00	0.00e+00	0.00e+00	0.00e+00
 2.16426e+12	0.00e+00	1.13e-37	3.92e-28	9.11e-20	1.63e-12	1.34e-06	1.00e+00	0.00e+00	0.00e+00	0.00e+00	0.00e+00	0.00e+00
 2.28076e+12	0.00e+00	0.00e+00	5.40e-28	1.16e-19	1.92e-12	1.46e-06	1.00e+00	0.00e+00	0.00e+00	0.00e+00	0.00e+00	0.00e+00
 2.40191e+12	0.00e+00	2.49e-37	7.43e-28	1.48e-19	2.27e-12	1.59e-06	1.00e+00	0.00e+00	0.00e+00	0.00e+00	0.00e+00	0.00e+00
 2.52792e+12	0.00e+00	0.00e+00	1.02e-27	1.90e-19	2.69e-12	1.74e-06	1.00e+00	0.00e+00	0.00e+00	0.00e+00	0.00e+00	0.00e+00
 2.65896e+12	0.00e+00	5.48e-37	1.41e-27	2.42e-19	3.18e-12	1.89e-06	1.00e+00	0.00e+00	0.00e+00	0.00e+00	0.00e+00	0.00e+00
 2.79524e+12	0.00e+00	0.00e+00	1.94e-27	3.09e-19	3.76e-12	2.06e-06	1.00e+00	0.00e+00	0.00e+00	0.00e+00	0.00e+00	0.00e+00
 2.93698e+12	0.00e+00	1.21e-36	2.67e-27	3.95e-19	4.46e-12	2.25e-06	1.00e+00	0.00e+00	0.00e+00	0.00e+00	0.00e+00	0.00e+00
 3.08439e+12	1.14e-46	1.79e-36	3.67e-27	5.05e-19	5.28e-12	2.46e-06	1.00e+00	0.00e+00	0.00e+00	0.00e+00	0.00e+00	0.00e+00
 3.23769e+12	0.00e+00	0.00e+00	5.05e-27	6.45e-19	6.26e-12	2.68e-06	1.00e+00	0.00e+00	0.00e+00	0.00e+00	0.00e+00	0.00e+00
 3.39712e+12	0.00e+00	3.92e-36	6.94e-27	8.24e-19	7.42e-12	2.93e-06	1.00e+00	0.00e+00	0.00e+00	0.00e+00	0.00e+00	0.00e+00
 3.56293e+12	4.64e-46	5.80e-36	9.55e-27	1.05e-18	8.80e-12	3.20e-06	1.00e+00	0.00e+00	0.00e+00	0.00e+00	0.00e+00	0.00e+00
 3.73538e+12	0.00e+00	0.00e+00	1.31e-26	1.35e-18	1.04e-11	3.50e-06	1.00e+00	0.00e+00	0.00e+00	0.00e+00	0.00e+00	0.00e+00
 3.91472e+12	0.00e+00	1.27e-35	1.80e-26	1.72e-18	1.24e-11	3.83e-06	1.00e+00	0.00e+00	0.00e+00	0.00e+00	0.00e+00	0.00e+00
 4.10124e+12	1.87e-45	1.86e-35	2.47e-26	2.20e-18	1.47e-11	4.19e-06	1.00e+00	0.00e+00	0.00e+00	0.00e+00	0.00e+00	0.00e+00
 4.29521e+12	0.00e+00	0.00e+00	3.39e-26	2.81e-18	1.75e-11	4.59e-06	1.00e+00	0.00e+00	0.00e+00	0.00e+00	0.00e+00	0.00e+00
 4.49695e+12	0.00e+00	4.03e-35	4.65e-26	3.60e-18	2.08e-11	5.03e-06	1.00e+00	0.00e+00	0.00e+00	0.00e+00	0.00e+00	0.00e+00
 4.70675e+12	7.39e-45	5.92e-35	6.37e-26	4.60e-18	2.48e-11	5.51e-06	1.00e+00	0.00e+00	0.00e+00	0.00e+00	0.00e+00	0.00e+00
 4.92495e+12	0.00e+00	8.67e-35	8.72e-26	5.88e-18	2.94e-11	6.04e-06	1.00e+00	0.00e+00	0.00e+00	0.00e+00	0.00e+00	0.00e+00
 5.15187e+12	1.83e-44	1.27e-34	1.19e-25	7.51e-18	3.51e-11	6.63e-06	1.00e+00	0.00e+00	0.00e+00	0.00e+00	0.00e+00	0.00e+00
 5.38788e+12	0.00e+00	1.85e-34	1.63e-25	9.59e-18	4.17e-11	7.27e-06	1.00e+00	0.00e+00	0.00e+00	0.00e+00	0.00e+00	0.00e+00
 5.60567e+12	4.23e-44	2.57e-34	2.14e-25	1.19e-17	4.88e-11	7.91e-06	1.00e+00	0.00e+00	0.00e+00	0.00e+00	0.00e+00	0.00e+00
 5.79394e+12	0.00e+00	3.40e-34	2.69e-25	1.43e-17	5.55e-11	8.48e-06	1.00e+00	0.00e+00	0.00e+00	0.00e+00	0.00e+00	0.00e+00
 6.00276e+12	8.34e-44	4.56e-34	3.45e-25	1.74e-17	6.39e-11	9.15e-06	1.00e+00	0.00e+00	0.00e+00	0.00e+00	0.00e+00	0.00e+00
 6.25817e+12	0.00e+00	6.46e-34	4.60e-25	2.19e-17	7.55e-11	1.00e-05	1.00e+00	0.00e+00	0.00e+00	0.00e+00	0.00e+00	0.00e+00
 6.51863e+12	1.87e-43	9.04e-34	6.10e-25	2.75e-17	8.89e-11	1.10e-05	1.00e+00	0.00e+00	0.00e+00	0.00e+00	0.00e+00	0.00e+00
 6.75552e+12	0.00e+00	1.21e-33	7.80e-25	3.35e-17	1.03e-10	1.19e-05	1.00e+00	0.00e+00	0.00e+00	0.00e+00	0.00e+00	0.00e+00
 7.01728e+12	3.80e-43	1.65e-33	1.01e-24	4.13e-17	1.20e-10	1.29e-05	1.00e+00	0.00e+00	0.00e+00	0.00e+00	0.00e+00	0.00e+00
 7.32350e+12	0.00e+00	2.34e-33	1.36e-24	5.24e-17	1.42e-10	1.42e-05	1.00e+00	0.00e+00	0.00e+00	0.00e+00	0.00e+00	0.00e+00
 7.62487e+12	8.29e-43	3.23e-33	1.79e-24	6.56e-17	1.68e-10	1.56e-05	1.00e+00	0.00e+00	0.00e+00	0.00e+00	0.00e+00	0.00e+00
 7.90752e+12	0.00e+00	4.31e-33	2.29e-24	8.03e-17	1.95e-10	1.70e-05	1.00e+00	0.00e+00	0.00e+00	0.00e+00	0.00e+00	0.00e+00
 8.22298e+12	1.66e-42	5.86e-33	2.98e-24	9.98e-17	2.29e-10	1.86e-05	1.00e+00	0.00e+00	0.00e+00	0.00e+00	0.00e+00	0.00e+00
 8.58183e+12	0.00e+00	8.15e-33	3.96e-24	1.26e-16	2.72e-10	2.05e-05	1.00e+00	0.00e+00	0.00e+00	0.00e+00	0.00e+00	0.00e+00
 8.93924e+12	3.48e-42	1.11e-32	5.19e-24	1.59e-16	3.22e-10	2.26e-05	1.00e+00	0.00e+00	0.00e+00	0.00e+00	0.00e+00	0.00e+00
 9.29778e+12	0.00e+00	1.50e-32	6.73e-24	1.97e-16	3.78e-10	2.48e-05	1.00e+00	0.00e+00	0.00e+00	0.00e+00	0.00e+00	0.00e+00
 9.68279e+12	6.93e-42	2.03e-32	8.79e-24	2.47e-16	4.46e-10	2.73e-05	1.00e+00	0.00e+00	0.00e+00	0.00e+00	0.00e+00	0.00e+00
 1.00940e+13	0.00e+00	2.77e-32	1.15e-23	3.10e-16	5.28e-10	3.01e-05	1.00e+00	0.00e+00	0.00e+00	0.00e+00	0.00e+00	0.00e+00
 1.05180e+13	1.39e-41	3.75e-32	1.51e-23	3.89e-16	6.23e-10	3.33e-05	1.00e+00	0.00e+00	0.00e+00	0.00e+00	0.00e+00	0.00e+00
 1.09532e+13	0.00e+00	5.05e-32	1.96e-23	4.87e-16	7.33e-10	3.66e-05	1.00e+00	0.00e+00	0.00e+00	0.00e+00	0.00e+00	0.00e+00
 1.14117e+13	2.73e-41	6.82e-32	2.56e-23	6.11e-16	8.64e-10	4.04e-05	1.00e+00	0.00e+00	0.00e+00	0.00e+00	0.00e+00	0.00e+00
 1.18966e+13	0.00e+00	9.26e-32	3.36e-23	7.69e-16	1.02e-09	4.45e-05	1.00e+00	0.00e+00	0.00e+00	0.00e+00	0.00e+00	0.00e+00
 1.24024e+13	5.43e-41	1.26e-31	4.42e-23	9.68e-16	1.20e-09	4.91e-05	1.00e+00	0.00e+00	0.00e+00	0.00e+00	0.00e+00	0.00e+00
 1.29285e+13	0.00e+00	1.71e-31	5.81e-23	1.22e-15	1.42e-09	5.41e-05	1.00e+00	0.00e+00	0.00e+00	0.00e+00	0.00e+00	0.00e+00
 1.34755e+13	1.09e-40	2.34e-31	7.65e-23	1.53e-15	1.67e-09	5.96e-05	1.00e+00	0.00e+00	0.00e+00	0.00e+00	0.00e+00	0.00e+00
 1.40445e+13	0.00e+00	3.20e-31	1.01e-22	1.93e-15	1.96e-09	6.55e-05	1.00e+00	0.00e+00	0.00e+00	0.00e+00	0.00e+00	0.00e+00
 1.46362e+13	2.22e-40	4.40e-31	1.33e-22	2.43e-15	2.30e-09	7.20e-05	1.00e+00	0.00e+00	0.00e+00	0.00e+00	0.00e+00	0.00e+00
 1.52516e+13	0.00e+00	6.07e-31	1.76e-22	3.07e-15	2.70e-09	7.90e-05	1.00e+00	0.00e+00	0.00e+00	0.00e+00	0.00e+00	0.00e+00
 1.58915e+13	4.60e-40	8.40e-31	2.34e-22	3.86e-15	3.17e-09	8.67e-05	1.00e+00	0.00e+00	0.00e+00	0.00e+00	0.00e+00	0.00e+00
 1.65571e+13	0.00e+00	1.17e-30	3.11e-22	4.87e-15	3.71e-09	9.50e-05	1.00e+00	0.00e+00	0.00e+00	0.00e+00	0.00e+00	0.00e+00
 1.72331e+13	9.67e-40	1.62e-30	4.11e-22	6.11e-15	4.33e-09	1.04e-04	1.00e+00	0.00e+00	0.00e+00	0.00e+00	0.00e+00	0.00e+00
 1.78807e+13	0.00e+00	2.19e-30	5.34e-22	7.53e-15	5.00e-09	1.12e-04	1.00e+00	0.00e+00	0.00e+00	0.00e+00	0.00e+00	0.00e+00
 1.85704e+13	1.97e-39	3.01e-30	6.99e-22	9.34e-15	5.78e-09	1.22e-04	1.00e+00	0.00e+00	0.00e+00	0.00e+00	0.00e+00	0.00e+00
 1.93432e+13	0.00e+00	4.24e-30	9.36e-22	1.18e-14	6.77e-09	1.33e-04	1.00e+00	0.00e+00	0.00e+00	0.00e+00	0.00e+00	0.00e+00
 2.01182e+13	4.28e-39	5.94e-30	1.24e-21	1.48e-14	7.88e-09	1.45e-04	1.00e+00	0.00e+00	0.00e+00	0.00e+00	0.00e+00	0.00e+00
 2.09242e+13	0.00e+00	8.33e-30	1.65e-21	1.85e-14	9.17e-09	1.58e-04	1.00e+00	0.00e+00	0.00e+00	0.00e+00	0.00e+00	0.00e+00
 2.17911e+13	9.52e-39	1.19e-29	2.22e-21	2.33e-14	1.07e-08	1.72e-04	1.00e+00	0.00e+00	0.00e+00	0.00e+00	0.00e+00	0.00e+00
 2.26926e+13	0.00e+00	1.70e-29	3.00e-21	2.95e-14	1.26e-08	1.87e-04	1.00e+00	0.00e+00	0.00e+00	0.00e+00	0.00e+00	0.00e+00
 2.36303e+13	2.20e-38	2.44e-29	4.05e-21	3.73e-14	1.47e-08	2.04e-04	1.00e+00	0.00e+00	0.00e+00	0.00e+00	0.00e+00	0.00e+00
 2.46054e+13	0.00e+00	3.51e-29	5.47e-21	4.71e-14	1.72e-08	2.22e-04	1.00e+00	0.00e+00	0.00e+00	0.00e+00	0.00e+00	0.00e+00
 2.56195e+13	5.13e-38	5.05e-29	7.41e-21	5.95e-14	2.01e-08	2.41e-04	1.00e+00	0.00e+00	0.00e+00	0.00e+00	0.00e+00	0.00e+00
 2.66742e+13	0.00e+00	7.30e-29	1.00e-20	7.52e-14	2.35e-08	2.62e-04	1.00e+00	0.00e+00	0.00e+00	0.00e+00	0.00e+00	0.00e+00
 2.77711e+13	1.21e-37	1.06e-28	1.36e-20	9.50e-14	2.75e-08	2.85e-04	1.00e+00	0.00e+00	0.00e+00	0.00e+00	0.00e+00	0.00e+00
 2.88132e+13	0.00e+00	1.48e-28	1.80e-20	1.18e-13	3.17e-08	3.08e-04	1.00e+00	0.00e+00	0.00e+00	0.00e+00	0.00e+00	0.00e+00
 2.97615e+13	2.57e-37	2.00e-28	2.30e-20	1.42e-13	3.59e-08	3.29e-04	1.00e+00	0.00e+00	0.00e+00	0.00e+00	0.00e+00	0.00e+00
 3.08318e+13	0.00e+00	2.78e-28	3.01e-20	1.75e-13	4.12e-08	3.53e-04	1.00e+00	0.00e+00	0.00e+00	0.00e+00	0.00e+00	0.00e+00
 3.20805e+13	5.87e-37	4.04e-28	4.07e-20	2.20e-13	4.81e-08	3.83e-04	1.00e+00	0.00e+00	0.00e+00	0.00e+00	0.00e+00	0.00e+00
 3.33146e+13	0.00e+00	5.75e-28	5.44e-20	2.75e-13	5.58e-08	4.14e-04	1.00e+00	0.00e+00	0.00e+00	0.00e+00	0.00e+00	0.00e+00
 3.44848e+13	1.31e-36	7.96e-28	7.09e-20	3.36e-13	6.38e-08	4.44e-04	1.00e+00	0.00e+00	0.00e+00	0.00e+00	0.00e+00	0.00e+00
 3.57809e+13	0.00e+00	1.13e-27	9.42e-20	4.17e-13	7.37e-08	4.78e-04	1.00e+00	0.00e+00	0.00e+00	0.00e+00	0.00e+00	0.00e+00
 3.72421e+13	3.11e-36	1.65e-27	1.28e-19	5.27e-13	8.62e-08	5.18e-04	9.99e-01	0.00e+00	0.00e+00	0.00e+00	0.00e+00	0.00e+00
 3.87033e+13	0.00e+00	2.39e-27	1.73e-19	6.61e-13	1.00e-07	5.60e-04	9.99e-01	0.00e+00	0.00e+00	0.00e+00	0.00e+00	0.00e+00
 4.02231e+13	7.44e-36	3.45e-27	2.33e-19	8.29e-13	1.16e-07	6.04e-04	9.99e-01	0.00e+00	0.00e+00	0.00e+00	0.00e+00	0.00e+00
 4.18619e+13	0.00e+00	5.06e-27	3.18e-19	1.05e-12	1.36e-07	6.55e-04	9.99e-01	0.00e+00	0.00e+00	0.00e+00	0.00e+00	0.00e+00
 4.35663e+13	1.86e-35	7.44e-27	4.33e-19	1.32e-12	1.59e-07	7.09e-04	9.99e-01	0.00e+00	0.00e+00	0.00e+00	0.00e+00	0.00e+00
 4.53389e+13	0.00e+00	1.09e-26	5.91e-19	1.68e-12	1.86e-07	7.68e-04	9.99e-01	0.00e+00	0.00e+00	0.00e+00	0.00e+00	0.00e+00
 4.71824e+13	4.65e-35	1.61e-26	8.07e-19	2.12e-12	2.18e-07	8.31e-04	9.99e-01	0.00e+00	0.00e+00	0.00e+00	0.00e+00	0.00e+00
 4.90996e+13	7.38e-35	2.37e-26	1.10e-18	2.68e-12	2.54e-07	8.99e-04	9.99e-01	0.00e+00	0.00e+00	0.00e+00	0.00e+00	0.00e+00
 5.10935e+13	1.17e-34	3.49e-26	1.50e-18	3.39e-12	2.98e-07	9.73e-04	9.99e-01	0.00e+00	0.00e+00	0.00e+00	0.00e+00	0.00e+00
 5.31672e+13	1.86e-34	5.14e-26	2.06e-18	4.28e-12	3.48e-07	1.05e-03	9.99e-01	0.00e+00	0.00e+00	0.00e+00	0.00e+00	0.00e+00
 5.53238e+13	2.97e-34	7.58e-26	2.81e-18	5.42e-12	4.07e-07	1.14e-03	9.99e-01	0.00e+00	0.00e+00	0.00e+00	0.00e+00	0.00e+00
 5.74791e+13	4.64e-34	1.10e-25	3.79e-18	6.79e-12	4.73e-07	1.23e-03	9.99e-01	0.00e+00	0.00e+00	0.00e+00	0.00e+00	0.00e+00
 5.97206e+13	7.27e-34	1.60e-25	5.13e-18	8.51e-12	5.50e-07	1.32e-03	9.99e-01	0.00e+00	0.00e+00	0.00e+00	0.00e+00	0.00e+00
 6.21394e+13	1.16e-33	2.37e-25	7.01e-18	1.08e-11	6.43e-07	1.43e-03	9.99e-01	0.00e+00	0.00e+00	0.00e+00	0.00e+00	0.00e+00
 6.46549e+13	1.85e-33	3.50e-25	9.58e-18	1.36e-11	7.52e-07	1.55e-03	9.98e-01	0.00e+00	0.00e+00	0.00e+00	0.00e+00	0.00e+00
 6.72710e+13	2.96e-33	5.17e-25	1.31e-17	1.72e-11	8.79e-07	1.68e-03	9.98e-01	0.00e+00	0.00e+00	0.00e+00	0.00e+00	0.00e+00
 6.99918e+13	4.72e-33	7.63e-25	1.79e-17	2.18e-11	1.03e-06	1.81e-03	9.98e-01	0.00e+00	0.00e+00	0.00e+00	0.00e+00	0.00e+00
 7.28214e+13	7.51e-33	1.12e-24	2.44e-17	2.75e-11	1.20e-06	1.96e-03	9.98e-01	0.00e+00	0.00e+00	0.00e+00	0.00e+00	0.00e+00
 7.57641e+13	1.21e-32	1.67e-24	3.35e-17	3.48e-11	1.41e-06	2.12e-03	9.98e-01	0.00e+00	0.00e+00	0.00e+00	0.00e+00	0.00e+00
 7.88246e+13	1.93e-32	2.46e-24	4.59e-17	4.40e-11	1.64e-06	2.29e-03	9.98e-01	0.00e+00	0.00e+00	0.00e+00	0.00e+00	0.00e+00
 8.20075e+13	3.08e-32	3.64e-24	6.27e-17	5.57e-11	1.92e-06	2.47e-03	9.98e-01	0.00e+00	0.00e+00	0.00e+00	0.00e+00	0.00e+00
 8.51211e+13	4.78e-32	5.26e-24	8.42e-17	6.95e-11	2.23e-06	2.66e-03	9.97e-01	0.00e+00	0.00e+00	0.00e+00	0.00e+00	0.00e+00
 8.83592e+13	7.41e-32	7.58e-24	1.13e-16	8.67e-11	2.58e-06	2.87e-03	9.97e-01	0.00e+00	0.00e+00	0.00e+00	0.00e+00	0.00e+00
 9.19235e+13	1.19e-31	1.12e-23	1.55e-16	1.10e-10	3.02e-06	3.10e-03	9.97e-01	0.00e+00	0.00e+00	0.00e+00	0.00e+00	0.00e+00
 9.55080e+13	1.85e-31	1.63e-23	2.09e-16	1.38e-10	3.51e-06	3.34e-03	9.97e-01	0.00e+00	0.00e+00	0.00e+00	0.00e+00	0.00e+00
 9.92360e+13	2.93e-31	2.38e-23	2.84e-16	1.73e-10	4.08e-06	3.60e-03	9.96e-01	0.00e+00	0.00e+00	0.00e+00	0.00e+00	0.00e+00
 1.03235e+14	4.62e-31	3.50e-23	3.88e-16	2.18e-10	4.77e-06	3.90e-03	9.96e-01	0.00e+00	0.00e+00	0.00e+00	0.00e+00	0.00e+00
 1.07395e+14	7.39e-31	5.17e-23	5.30e-16	2.76e-10	5.58e-06	4.22e-03	9.96e-01	0.00e+00	0.00e+00	0.00e+00	0.00e+00	0.00e+00
 1.11307e+14	1.12e-30	7.31e-23	7.03e-16	3.41e-10	6.43e-06	4.53e-03	9.95e-01	0.00e+00	0.00e+00	0.00e+00	0.00e+00	0.00e+00
 1.14793e+14	1.59e-30	9.87e-23	8.96e-16	4.10e-10	7.26e-06	4.82e-03	9.95e-01	0.00e+00	0.00e+00	0.00e+00	0.00e+00	0.00e+00
 1.18688e+14	2.36e-30	1.37e-22	1.17e-15	5.00e-10	8.28e-06	5.15e-03	9.95e-01	0.00e+00	0.00e+00	0.00e+00	0.00e+00	0.00e+00
 1.23322e+14	3.67e-30	1.99e-22	1.58e-15	6.27e-10	9.64e-06	5.56e-03	9.94e-01	0.00e+00	0.00e+00	0.00e+00	0.00e+00	0.00e+00
 1.27948e+14	5.60e-30	2.83e-22	2.11e-15	7.81e-10	1.11e-05	5.98e-03	9.94e-01	0.00e+00	0.00e+00	0.00e+00	0.00e+00	0.00e+00
 1.32225e+14	8.24e-30	3.91e-22	2.73e-15	9.49e-10	1.27e-05	6.39e-03	9.94e-01	0.00e+00	0.00e+00	0.00e+00	0.00e+00	0.00e+00
 1.37010e+14	1.23e-29	5.49e-22	3.61e-15	1.17e-09	1.46e-05	6.86e-03	9.93e-01	0.00e+00	0.00e+00	0.00e+00	0.00e+00	0.00e+00
 1.42521e+14	1.92e-29	8.01e-22	4.92e-15	1.48e-09	1.71e-05	7.44e-03	9.93e-01	0.00e+00	0.00e+00	0.00e+00	0.00e+00	0.00e+00
 1.47895e+14	2.92e-29	1.14e-21	6.57e-15	1.84e-09	1.98e-05	8.01e-03	9.92e-01	0.00e+00	0.00e+00	0.00e+00	0.00e+00	0.00e+00
 1.53011e+14	4.33e-29	1.59e-21	8.58e-15	2.26e-09	2.26e-05	8.58e-03	9.91e-01	0.00e+00	0.00e+00	0.00e+00	0.00e+00	0.00e+00
 1.58687e+14	6.43e-29	2.23e-21	1.14e-14	2.80e-09	2.61e-05	9.25e-03	9.91e-01	0.00e+00	0.00e+00	0.00e+00	0.00e+00	0.00e+00
 1.65064e+14	9.99e-29	3.24e-21	1.55e-14	3.54e-09	3.05e-05	1.00e-02	9.90e-01	0.00e+00	0.00e+00	0.00e+00	0.00e+00	0.00e+00
 1.71477e+14	1.52e-28	4.64e-21	2.09e-14	4.44e-09	3.54e-05	1.08e-02	9.89e-01	0.00e+00	0.00e+00	0.00e+00	0.00e+00	0.00e+00
 1.78146e+14	2.35e-28	6.70e-21	2.81e-14	5.56e-09	4.11e-05	1.17e-02	9.88e-01	0.00e+00	0.00e+00	0.00e+00	0.00e+00	0.00e+00
 1.85302e+14	3.56e-28	9.61e-21	3.81e-14	7.02e-09	4.80e-05	1.27e-02	9.87e-01	0.00e+00	0.00e+00	0.00e+00	0.00e+00	0.00e+00
 1.92744e+14	5.45e-28	1.39e-20	5.18e-14	8.87e-09	5.61e-05	1.38e-02	9.86e-01	0.00e+00	0.00e+00	0.00e+00	0.00e+00	0.00e+00
 2.00483e+14	8.32e-28	1.99e-20	7.02e-14	1.12e-08	6.55e-05	1.50e-02	9.85e-01	0.00e+00	0.00e+00	0.00e+00	0.00e+00	0.00e+00
 2.08533e+14	1.29e-27	2.90e-20	9.54e-14	1.41e-08	7.64e-05	1.62e-02	9.84e-01	0.00e+00	0.00e+00	0.00e+00	0.00e+00	0.00e+00
 2.16904e+14	1.92e-27	4.11e-20	1.29e-13	1.78e-08	8.91e-05	1.76e-02	9.82e-01	0.00e+00	0.00e+00	0.00e+00	0.00e+00	0.00e+00
 2.25610e+14	2.97e-27	5.98e-20	1.75e-13	2.25e-08	1.04e-04	1.91e-02	9.81e-01	0.00e+00	0.00e+00	0.00e+00	0.00e+00	0.00e+00
 2.34245e+14	4.31e-27	8.31e-20	2.34e-13	2.81e-08	1.20e-04	2.07e-02	9.79e-01	0.00e+00	0.00e+00	0.00e+00	0.00e+00	0.00e+00
 2.42622e+14	6.31e-27	1.16e-19	3.07e-13	3.47e-08	1.38e-04	2.23e-02	9.78e-01	0.00e+00	0.00e+00	0.00e+00	0.00e+00	0.00e+00
 2.51753e+14	9.05e-27	1.59e-19	4.08e-13	4.31e-08	1.60e-04	2.41e-02	9.76e-01	0.00e+00	0.00e+00	0.00e+00	0.00e+00	0.00e+00
 2.61853e+14	1.35e-26	2.27e-19	5.52e-13	5.44e-08	1.86e-04	2.62e-02	9.74e-01	0.00e+00	0.00e+00	0.00e+00	0.00e+00	0.00e+00
 2.72069e+14	2.03e-26	3.24e-19	7.42e-13	6.82e-08	2.16e-04	2.84e-02	9.71e-01	0.00e+00	0.00e+00	0.00e+00	0.00e+00	0.00e+00
 2.81393e+14	2.77e-26	4.31e-19	9.61e-13	8.33e-08	2.46e-04	3.05e-02	9.69e-01	0.00e+00	0.00e+00	0.00e+00	0.00e+00	0.00e+00
 2.89793e+14	3.71e-26	5.60e-19	1.20e-12	9.91e-08	2.76e-04	3.25e-02	9.67e-01	0.00e+00	0.00e+00	0.00e+00	0.00e+00	0.00e+00
 2.99324e+14	5.20e-26	7.55e-19	1.55e-12	1.20e-07	3.13e-04	3.48e-02	9.65e-01	0.00e+00	0.00e+00	0.00e+00	0.00e+00	0.00e+00
 3.10820e+14	7.36e-26	1.04e-18	2.07e-12	1.50e-07	3.62e-04	3.78e-02	9.62e-01	0.00e+00	0.00e+00	0.00e+00	0.00e+00	0.00e+00
 3.22455e+14	1.05e-25	1.43e-18	2.74e-12	1.87e-07	4.18e-04	4.09e-02	9.59e-01	0.00e+00	0.00e+00	0.00e+00	0.00e+00	0.00e+00
 3.33204e+14	1.43e-25	1.91e-18	3.53e-12	2.26e-07	4.74e-04	4.39e-02	9.56e-01	0.00e+00	0.00e+00	0.00e+00	0.00e+00	0.00e+00
 3.45212e+14	2.02e-25	2.62e-18	4.64e-12	2.79e-07	5.43e-04	4.74e-02	9.52e-01	0.00e+00	0.00e+00	0.00e+00	0.00e+00	0.00e+00
 3.59050e+14	2.94e-25	3.70e-18	6.30e-12	3.52e-07	6.32e-04	5.15e-02	9.48e-01	0.00e+00	0.00e+00	0.00e+00	0.00e+00	0.00e+00
 3.72673e+14	4.20e-25	5.14e-18	8.41e-12	4.39e-07	7.29e-04	5.58e-02	9.43e-01	0.00e+00	0.00e+00	0.00e+00	0.00e+00	0.00e+00
 3.84850e+14	5.72e-25	6.83e-18	1.08e-11	5.31e-07	8.24e-04	5.98e-02	9.39e-01	0.00e+00	0.00e+00	0.00e+00	0.00e+00	0.00e+00
 3.97753e+14	8.11e-25	9.32e-18	1.40e-11	6.45e-07	9.35e-04	6.40e-02	9.35e-01	0.00e+00	0.00e+00	0.00e+00	0.00e+00	0.00e+00
 4.12286e+14	1.12e-24	1.26e-17	1.85e-11	7.98e-07	1.07e-03	6.91e-02	9.30e-01	0.00e+00	0.00e+00	0.00e+00	0.00e+00	0.00e+00
 4.26067e+14	1.58e-24	1.72e-17	2.39e-11	9.69e-07	1.22e-03	7.39e-02	9.25e-01	0.00e+00	0.00e+00	0.00e+00	0.00e+00	0.00e+00
 4.41111e+14	2.15e-24	2.31e-17	3.14e-11	1.19e-06	1.39e-03	7.95e-02	9.19e-01	0.00e+00	0.00e+00	0.00e+00	0.00e+00	0.00e+00
 4.57732e+14	3.09e-24	3.22e-17	4.19e-11	1.48e-06	1.60e-03	8.58e-02	9.13e-01	0.00e+00	0.00e+00	0.00e+00	0.00e+00	0.00e+00
 4.73145e+14	4.41e-24	4.43e-17	5.43e-11	1.80e-06	1.81e-03	9.17e-02	9.07e-01	0.00e+00	0.00e+00	0.00e+00	0.00e+00	0.00e+00
 4.89924e+14	6.03e-24	5.95e-17	7.14e-11	2.21e-06	2.07e-03	9.85e-02	8.99e-01	0.00e+00	0.00e+00	0.00e+00	0.00e+00	0.00e+00
 5.08700e+14	8.75e-24	8.36e-17	9.60e-11	2.75e-06	2.38e-03	1.06e-01	8.91e-01	0.00e+00	0.00e+00	0.00e+00	0.00e+00	0.00e+00
 5.26473e+14	1.27e-23	1.16e-16	1.26e-10	3.36e-06	2.71e-03	1.13e-01	8.84e-01	0.00e+00	0.00e+00	0.00e+00	0.00e+00	0.00e+00
 5.45667e+14	1.75e-23	1.58e-16	1.66e-10	4.14e-06	3.10e-03	1.22e-01	8.75e-01	0.00e+00	0.00e+00	0.00e+00	0.00e+00	0.00e+00
 5.66942e+14	2.66e-23	2.28e-16	2.24e-10	5.18e-06	3.57e-03	1.31e-01	8.65e-01	0.00e+00	0.00e+00	0.00e+00	0.00e+00	0.00e+00
 5.87510e+14	3.68e-23	3.09e-16	2.97e-10	6.37e-06	4.08e-03	1.40e-01	8.55e-01	0.00e+00	0.00e+00	0.00e+00	0.00e+00	0.00e+00
 6.09481e+14	5.38e-23	4.34e-16	3.96e-10	7.88e-06	4.67e-03	1.50e-01	8.45e-01	0.00e+00	0.00e+00	0.00e+00	0.00e+00	0.00e+00
 6.33890e+14	7.91e-23	6.18e-16	5.39e-10	9.89e-06	5.40e-03	1.62e-01	8.33e-01	0.00e+00	0.00e+00	0.00e+00	0.00e+00	0.00e+00
 6.58279e+14	1.17e-22	8.75e-16	7.23e-10	1.23e-05	6.20e-03	1.73e-01	8.21e-01	0.00e+00	0.00e+00	0.00e+00	0.00e+00	0.00e+00
 6.83645e+14	1.74e-22	1.25e-15	9.70e-10	1.52e-05	7.11e-03	1.85e-01	8.08e-01	0.00e+00	0.00e+00	0.00e+00	0.00e+00	0.00e+00
 7.11020e+14	2.53e-22	1.76e-15	1.32e-09	1.91e-05	8.19e-03	1.99e-01	7.93e-01	0.00e+00	0.00e+00	0.00e+00	0.00e+00	0.00e+00
 7.39491e+14	3.80e-22	2.52e-15	1.78e-09	2.38e-05	9.42e-03	2.12e-01	7.78e-01	0.00e+00	0.00e+00	0.00e+00	0.00e+00	0.00e+00
 7.69101e+14	5.73e-22	3.62e-15	2.41e-09	2.97e-05	1.08e-02	2.27e-01	7.62e-01	0.00e+00	0.00e+00	0.00e+00	0.00e+00	0.00e+00
 7.99895e+14	8.54e-22	5.17e-15	3.26e-09	3.70e-05	1.24e-02	2.42e-01	7.46e-01	0.00e+00	0.00e+00	0.00e+00	0.00e+00	0.00e+00
 8.31920e+14	1.27e-21	7.38e-15	4.40e-09	4.60e-05	1.42e-02	2.57e-01	7.28e-01	0.00e+00	0.00e+00	0.00e+00	0.00e+00	0.00e+00
 8.65227e+14	1.90e-21	1.05e-14	5.94e-09	5.72e-05	1.63e-02	2.74e-01	7.10e-01	0.00e+00	0.00e+00	0.00e+00	0.00e+00	0.00e+00
 8.97183e+14	2.71e-21	1.45e-14	7.82e-09	6.98e-05	1.84e-02	2.89e-01	6.93e-01	0.00e+00	0.00e+00	0.00e+00	0.00e+00	0.00e+00
 9.26780e+14	3.78e-21	1.94e-14	1.00e-08	8.33e-05	2.05e-02	3.03e-01	6.76e-01	0.00e+00	0.00e+00	0.00e+00	0.00e+00	0.00e+00
 9.55480e+14	5.17e-21	2.56e-14	1.26e-08	9.83e-05	2.27e-02	3.16e-01	6.61e-01	0.00e+00	0.00e+00	0.00e+00	0.00e+00	0.00e+00
 9.87863e+14	7.35e-21	3.47e-14	1.61e-08	1.18e-04	2.53e-02	3.31e-01	6.43e-01	0.00e+00	0.00e+00	0.00e+00	0.00e+00	0.00e+00
 1.02401e+15	1.06e-20	4.78e-14	2.11e-08	1.42e-04	2.85e-02	3.47e-01	6.24e-01	0.00e+00	0.00e+00	0.00e+00	0.00e+00	0.00e+00
 1.05821e+15	1.48e-20	6.41e-14	2.69e-08	1.70e-04	3.16e-02	3.63e-01	6.06e-01	0.00e+00	0.00e+00	0.00e+00	0.00e+00	0.00e+00
 1.09581e+15	2.15e-20	8.80e-14	3.48e-08	2.04e-04	3.53e-02	3.78e-01	5.86e-01	0.00e+00	0.00e+00	0.00e+00	0.00e+00	0.00e+00
 1.13811e+15	3.15e-20	1.23e-13	4.58e-08	2.48e-04	3.97e-02	3.95e-01	5.65e-01	0.00e+00	0.00e+00	0.00e+00	0.00e+00	0.00e+00
 1.17704e+15	4.47e-20	1.66e-13	5.85e-08	2.95e-04	4.40e-02	4.11e-01	5.45e-01	0.00e+00	0.00e+00	0.00e+00	0.00e+00	0.00e+00
 1.21230e+15	6.08e-20	2.16e-13	7.25e-08	3.43e-04	4.81e-02	4.24e-01	5.27e-01	0.00e+00	0.00e+00	0.00e+00	0.00e+00	0.00e+00
 1.25222e+15	8.50e-20	2.88e-13	9.14e-08	4.03e-04	5.30e-02	4.38e-01	5.08e-01	0.00e+00	0.00e+00	0.00e+00	0.00e+00	0.00e+00
 1.30029e+15	1.24e-19	3.98e-13	1.19e-07	4.87e-04	5.91e-02	4.54e-01	4.86e-01	0.00e+00	0.00e+00	0.00e+00	0.00e+00	0.00e+00
 1.34834e+15	1.81e-19	5.49e-13	1.54e-07	5.83e-04	6.56e-02	4.70e-01	4.64e-01	0.00e+00	0.00e+00	0.00e+00	0.00e+00	0.00e+00
 1.39162e+15	2.51e-19	7.25e-13	1.92e-07	6.80e-04	7.16e-02	4.83e-01	4.45e-01	0.00e+00	0.00e+00	0.00e+00	0.00e+00	0.00e+00
 1.43933e+15	3.56e-19	9.73e-13	2.43e-07	8.00e-04	7.86e-02	4.96e-01	4.25e-01	0.00e+00	0.00e+00	0.00e+00	0.00e+00	0.00e+00
 1.49563e+15	5.19e-19	1.34e-12	3.16e-07	9.60e-04	8.71e-02	5.09e-01	4.02e-01	0.00e+00	0.00e+00	0.00e+00	0.00e+00	0.00e+00
 1.55148e+15	7.64e-19	1.85e-12	4.06e-07	1.14e-03	9.59e-02	5.22e-01	3.81e-01	0.00e+00	0.00e+00	0.00e+00	0.00e+00	0.00e+00
 1.60329e+15	1.07e-18	2.46e-12	5.07e-07	1.33e-03	1.04e-01	5.33e-01	3.62e-01	0.00e+00	0.00e+00	0.00e+00	0.00e+00	0.00e+00
 1.66117e+15	1.54e-18	3.32e-12	6.42e-07	1.57e-03	1.14e-01	5.43e-01	3.42e-01	0.00e+00	0.00e+00	0.00e+00	0.00e+00	0.00e+00
 1.72764e+15	2.25e-18	4.57e-12	8.32e-07	1.87e-03	1.26e-01	5.53e-01	3.20e-01	0.00e+00	0.00e+00	0.00e+00	0.00e+00	0.00e+00
 1.79318e+15	3.34e-18	6.32e-12	1.07e-06	2.21e-03	1.37e-01	5.61e-01	2.99e-01	0.00e+00	0.00e+00	0.00e+00	0.00e+00	0.00e+00
 1.85634e+15	4.74e-18	8.44e-12	1.33e-06	2.57e-03	1.49e-01	5.68e-01	2.81e-01	0.00e+00	0.00e+00	0.00e+00	0.00e+00	0.00e+00
 1.92563e+15	6.88e-18	1.14e-11	1.68e-06	3.01e-03	1.62e-01	5.73e-01	2.62e-01	0.00e+00	0.00e+00	0.00e+00	0.00e+00	0.00e+00
 2.00269e+15	9.93e-18	1.56e-11	2.16e-06	3.56e-03	1.76e-01	5.77e-01	2.43e-01	0.00e+00	0.00e+00	0.00e+00	0.00e+00	0.00e+00
 2.08283e+15	1.50e-17	2.18e-11	2.77e-06	4.20e-03	1.92e-01	5.81e-01	2.24e-01	0.00e+00	0.00e+00	0.00e+00	0.00e+00	0.00e+00
 2.16617e+15	2.23e-17	3.00e-11	3.53e-06	4.93e-03	2.08e-01	5.81e-01	2.06e-01	0.00e+00	0.00e+00	0.00e+00	0.00e+00	0.00e+00
 2.25285e+15	3.31e-17	4.12e-11	4.49e-06	5.78e-03	2.24e-01	5.81e-01	1.89e-01	0.00e+00	0.00e+00	1.88e-17	1.02e-17	3.90e-18
 2.34299e+15	4.88e-17	5.63e-11	5.69e-06	6.76e-03	2.42e-01	5.78e-01	1.73e-01	0.00e+00	0.00e+00	2.76e-17	1.52e-17	5.60e-18
 2.43674e+15	7.15e-17	7.66e-11	7.18e-06	7.87e-03	2.60e-01	5.74e-01	1.58e-01	0.00e+00	0.00e+00	4.05e-17	2.22e-17	8.17e-18
 2.53424e+15	1.02e-16	1.02e-10	9.05e-06	9.14e-03	2.79e-01	5.68e-01	1.44e-01	0.00e+00	0.00e+00	5.77e-17	3.15e-17	1.16e-17
 2.63564e+15	1.53e-16	1.41e-10	1.14e-05	1.06e-02	2.98e-01	5.61e-01	1.30e-01	0.00e+00	0.00e+00	8.71e-17	4.74e-17	1.73e-17
 2.74109e+15	2.25e-16	1.92e-10	1.43e-05	1.23e-02	3.18e-01	5.52e-01	1.17e-01	0.00e+00	0.00e+00	1.28e-16	6.95e-17	2.54e-17
 2.83686e+15	3.13e-16	2.50e-10	1.74e-05	1.39e-02	3.36e-01	5.43e-01	1.07e-01	0.00e+00	0.00e+00	1.79e-16	9.66e-17	3.51e-17
 2.91761e+15	4.10e-16	3.09e-10	2.04e-05	1.53e-02	3.50e-01	5.35e-01	9.93e-02	0.00e+00	0.00e+00	2.34e-16	1.26e-16	4.58e-17
 3.00672e+15	5.44e-16	3.87e-10	2.41e-05	1.70e-02	3.66e-01	5.26e-01	9.13e-02	0.00e+00	0.00e+00	3.11e-16	1.67e-16	6.06e-17
 3.11825e+15	7.46e-16	5.00e-10	2.94e-05	1.93e-02	3.85e-01	5.13e-01	8.23e-02	0.00e+00	0.00e+00	4.27e-16	2.29e-16	8.27e-17
 3.23537e+15	1.09e-15	6.70e-10	3.61e-05	2.19e-02	4.05e-01	5.00e-01	7.38e-02	0.00e+00	0.00e+00	6.24e-16	3.34e-16	1.20e-16
 3.33965e+15	1.47e-15	8.47e-10	4.28e-05	2.44e-02	4.21e-01	4.87e-01	6.71e-02	0.00e+00	0.00e+00	8.44e-16	4.51e-16	1.62e-16
 3.45075e+15	1.94e-15	1.06e-09	5.10e-05	2.71e-02	4.39e-01	4.73e-01	6.07e-02	0.00e+00	0.00e+00	1.12e-15	5.96e-16	2.13e-16
 3.58383e+15	2.76e-15	1.40e-09	6.23e-05	3.07e-02	4.58e-01	4.57e-01	5.39e-02	0.00e+00	0.00e+00	1.59e-15	8.46e-16	3.01e-16
 3.71445e+15	3.98e-15	1.84e-09	7.53e-05	3.44e-02	4.77e-01	4.41e-01	4.79e-02	0.00e+00	0.00e+00	2.29e-15	1.22e-15	4.32e-16
 3.82985e+15	5.31e-15	2.30e-09	8.82e-05	3.78e-02	4.92e-01	4.27e-01	4.33e-02	0.00e+00	0.00e+00	3.05e-15	1.62e-15	5.74e-16
 3.95651e+15	7.18e-15	2.91e-09	1.04e-04	4.17e-02	5.08e-01	4.11e-01	3.87e-02	0.00e+00	0.00e+00	4.13e-15	2.19e-15	7.73e-16
 4.10868e+15	1.01e-14	3.80e-09	1.26e-04	4.67e-02	5.26e-01	3.93e-01	3.40e-02	0.00e+00	0.00e+00	5.83e-15	3.10e-15	1.09e-15
 4.26041e+15	1.41e-14	4.89e-09	1.51e-04	5.20e-02	5.43e-01	3.75e-01	2.99e-02	0.00e+00	0.00e+00	8.11e-15	4.30e-15	1.51e-15
 4.39835e+15	1.83e-14	6.01e-09	1.77e-04	5.70e-02	5.57e-01	3.59e-01	2.66e-02	0.00e+00	0.00e+00	1.05e-14	5.59e-15	1.95e-15
 4.55194e+15	2.58e-14	7.79e-09	2.11e-04	6.29e-02	5.72e-01	3.42e-01	2.34e-02	0.00e+00	0.00e+00	1.49e-14	7.88e-15	2.74e-15
 4.72542e+15	3.64e-14	1.01e-08	2.53e-04	6.98e-02	5.86e-01	3.23e-01	2.03e-02	0.00e+00	0.00e+00	2.10e-14	1.11e-14	3.85e-15
 4.89263e+15	4.96e-14	1.28e-08	2.99e-04	7.66e-02	5.99e-01	3.06e-01	1.77e-02	0.00e+00	0.00e+00	2.86e-14	1.51e-14	5.23e-15
 5.05291e+15	6.43e-14	1.57e-08	3.48e-04	8.35e-02	6.10e-01	2.90e-01	1.56e-02	0.00e+00	0.00e+00	3.71e-14	1.96e-14	6.76e-15
 5.23532e+15	9.16e-14	2.04e-08	4.14e-04	9.18e-02	6.21e-01	2.73e-01	1.35e-02	0.00e+00	0.00e+00	5.29e-14	2.80e-14	9.60e-15
 5.43597e+15	1.29e-13	2.63e-08	4.94e-04	1.01e-01	6.32e-01	2.55e-01	1.15e-02	0.00e+00	0.00e+00	7.45e-14	3.94e-14	1.35e-14
 5.62932e+15	1.75e-13	3.31e-08	5.81e-04	1.10e-01	6.40e-01	2.39e-01	9.92e-03	0.00e+00	0.00e+00	1.01e-13	5.35e-14	1.83e-14
 5.81761e+15	2.28e-13	4.05e-08	6.76e-04	1.20e-01	6.47e-01	2.24e-01	8.60e-03	0.00e+00	0.00e+00	1.32e-13	6.95e-14	2.37e-14
 6.02876e+15	3.26e-13	5.27e-08	7.99e-04	1.31e-01	6.53e-01	2.08e-01	7.31e-03	0.00e+00	0.00e+00	1.88e-13	9.95e-14	3.38e-14
 6.25801e+15	4.57e-13	6.77e-08	9.47e-04	1.43e-01	6.58e-01	1.92e-01	6.16e-03	0.00e+00	0.00e+00	2.64e-13	1.39e-13	4.72e-14
 6.47190e+15	6.17e-13	8.46e-08	1.10e-03	1.55e-01	6.61e-01	1.78e-01	5.26e-03	0.00e+00	0.00e+00	3.57e-13	1.88e-13	6.36e-14
 6.67739e+15	8.16e-13	1.04e-07	1.27e-03	1.66e-01	6.62e-01	1.66e-01	4.53e-03	0.00e+00	0.00e+00	4.72e-13	2.49e-13	8.40e-14
 6.91341e+15	1.11e-12	1.30e-07	1.49e-03	1.80e-01	6.62e-01	1.53e-01	3.82e-03	0.00e+00	0.00e+00	6.41e-13	3.38e-13	1.14e-13
 7.17369e+15	1.55e-12	1.67e-07	1.76e-03	1.95e-01	6.61e-01	1.39e-01	3.17e-03	0.00e+00	0.00e+00	8.96e-13	4.72e-13	1.59e-13
 7.42153e+15	2.10e-12	2.08e-07	2.04e-03	2.10e-01	6.58e-01	1.28e-01	2.66e-03	0.00e+00	0.00e+00	1.21e-12	6.40e-13	2.14e-13
 7.65929e+15	2.69e-12	2.51e-07	2.34e-03	2.24e-01	6.54e-01	1.17e-01	2.26e-03	0.00e+00	0.00e+00	1.56e-12	8.21e-13	2.75e-13
 7.89179e+15	3.54e-12	3.07e-07	2.68e-03	2.39e-01	6.49e-01	1.08e-01	1.92e-03	0.00e+00	0.00e+00	2.05e-12	1.08e-12	3.62e-13
 8.11872e+15	4.75e-12	3.78e-07	3.05e-03	2.54e-01	6.42e-01	9.94e-02	1.64e-03	0.00e+00	0.00e+00	2.75e-12	1.45e-12	4.84e-13
 8.33634e+15	6.08e-12	4.52e-07	3.43e-03	2.68e-01	6.36e-01	9.19e-02	1.41e-03	0.00e+00	0.00e+00	3.52e-12	1.86e-12	6.19e-13
 8.58106e+15	7.89e-12	5.46e-07	3.90e-03	2.84e-01	6.27e-01	8.41e-02	1.19e-03	0.00e+00	0.00e+00	4.58e-12	2.41e-12	8.02e-13
 8.89378e+15	1.05e-11	6.78e-07	4.57e-03	3.04e-01	6.15e-01	7.50e-02	9.66e-04	0.00e+00	0.00e+00	6.11e-12	3.22e-12	1.07e-12
 9.20901e+15	1.53e-11	8.82e-07	5.36e-03	3.25e-01	6.02e-01	6.68e-02	7.79e-04	0.00e+00	0.00e+00	8.90e-12	4.68e-12	1.55e-12
 9.46004e+15	1.98e-11	1.06e-06	6.05e-03	3.42e-01	5.90e-01	6.09e-02	6.59e-04	0.00e+00	0.00e+00	1.15e-11	6.06e-12	2.01e-12
 9.71351e+15	2.57e-11	1.28e-06	6.84e-03	3.60e-01	5.78e-01	5.53e-02	5.55e-04	0.00e+00	0.00e+00	1.49e-11	7.84e-12	2.60e-12
 1.00430e+16	3.57e-11	1.62e-06	7.98e-03	3.82e-01	5.60e-01	4.87e-02	4.44e-04	0.00e+00	0.00e+00	2.07e-11	1.09e-11	3.61e-12
 1.03798e+16	4.64e-11	1.97e-06	9.28e-03	4.05e-01	5.42e-01	4.29e-02	3.56e-04	0.00e+00	0.00e+00	2.69e-11	1.42e-11	4.68e-12
 1.06554e+16	6.39e-11	2.46e-06	1.05e-02	4.25e-01	5.26e-01	3.85e-02	2.95e-04	0.00e+00	0.00e+00	3.71e-11	1.95e-11	6.46e-12
 1.09018e+16	8.10e-11	2.91e-06	1.18e-02	4.42e-01	5.11e-01	3.50e-02	2.50e-04	0.00e+00	0.00e+00	4.70e-11	2.47e-11	8.17e-12
 1.11810e+16	1.05e-10	3.51e-06	1.33e-02	4.61e-01	4.94e-01	3.13e-02	2.06e-04	0.00e+00	0.00e+00	6.08e-11	3.20e-11	1.06e-11
 1.15440e+16	1.50e-10	4.53e-06	1.57e-02	4.87e-01	4.71e-01	2.69e-02	1.60e-04	0.00e+00	0.00e+00	8.73e-11	4.59e-11	1.51e-11
 1.19045e+16	1.95e-10	5.53e-06	1.83e-02	5.11e-01	4.48e-01	2.32e-02	1.26e-04	0.00e+00	0.00e+00	1.13e-10	5.97e-11	1.97e-11
 1.21847e+16	2.74e-10	6.97e-06	2.08e-02	5.30e-01	4.29e-01	2.06e-02	1.03e-04	0.00e+00	0.00e+00	1.59e-10	8.36e-11	2.76e-11
 1.24261e+16	3.44e-10	8.22e-06	2.32e-02	5.46e-01	4.12e-01	1.85e-02	8.72e-05	0.00e+00	0.00e+00	2.00e-10	1.05e-10	3.47e-11
 1.26945e+16	4.43e-10	9.87e-06	2.62e-02	5.64e-01	3.93e-01	1.64e-02	7.19e-05	0.00e+00	0.00e+00	2.57e-10	1.35e-10	4.46e-11
 1.30433e+16	6.41e-10	1.28e-05	3.08e-02	5.87e-01	3.68e-01	1.40e-02	5.54e-05	0.00e+00	0.00e+00	3.73e-10	1.96e-10	6.46e-11
 1.33895e+16	8.99e-10	1.64e-05	3.62e-02	6.08e-01	3.44e-01	1.19e-02	4.30e-05	0.00e+00	0.00e+00	5.23e-10	2.75e-10	9.06e-11
 1.36536e+16	1.10e-09	1.92e-05	4.11e-02	6.24e-01	3.25e-01	1.04e-02	3.53e-05	0.00e+00	0.00e+00	6.38e-10	3.36e-10	1.11e-10
 1.39182e+16	1.46e-09	2.37e-05	4.70e-02	6.39e-01	3.05e-01	9.06e-03	2.86e-05	0.00e+00	0.00e+00	8.51e-10	4.48e-10	1.48e-10
 1.42086e+16	2.17e-09	3.12e-05	5.48e-02	6.55e-01	2.83e-01	7.73e-03	2.25e-05	0.00e+00	0.00e+00	1.26e-09	6.65e-10	2.19e-10
 1.44634e+16	2.91e-09	3.86e-05	6.30e-02	6.67e-01	2.63e-01	6.70e-03	1.81e-05	0.00e+00	0.00e+00	1.69e-09	8.92e-10	2.94e-10
 1.46831e+16	3.51e-09	4.49e-05	7.13e-02	6.77e-01	2.46e-01	5.88e-03	1.50e-05	0.00e+00	0.00e+00	2.04e-09	1.07e-09	3.54e-10
 1.48939e+16	4.60e-09	5.48e-05	8.10e-02	6.84e-01	2.29e-01	5.14e-03	1.24e-05	0.00e+00	0.00e+00	2.67e-09	1.41e-09	4.64e-10
 1.50847e+16	6.36e-09	6.88e-05	9.15e-02	6.90e-01	2.14e-01	4.51e-03	1.02e-05	0.00e+00	0.00e+00	3.70e-09	1.95e-09	6.42e-10
 1.52349e+16	7.81e-09	8.01e-05	1.01e-01	6.93e-01	2.02e-01	4.06e-03	8.82e-06	0.00e+00	0.00e+00	4.54e-09	2.39e-09	7.88e-10
 1.53834e+16	9.70e-09	9.42e-05	1.12e-01	6.95e-01	1.89e-01	3.62e-03	7.52e-06	0.00e+00	0.00e+00	5.64e-09	2.97e-09	9.80e-10
 1.55764e+16	1.30e-08	1.18e-04	1.29e-01	6.95e-01	1.72e-01	3.09e-03	6.03e-06	0.00e+00	0.00e+00	7.59e-09	4.00e-09	1.32e-09
 1.57836e+16	1.83e-08	1.51e-04	1.52e-01	6.91e-01	1.54e-01	2.57e-03	4.69e-06	0.00e+00	0.00e+00	1.06e-08	5.60e-09	1.85e-09
 1.59586e+16	2.42e-08	1.88e-04	1.76e-01	6.84e-01	1.38e-01	2.16e-03	3.73e-06	0.00e+00	0.00e+00	1.41e-08	7.41e-09	2.45e-09
 1.61021e+16	3.19e-08	2.32e-04	2.00e-01	6.73e-01	1.25e-01	1.84e-03	3.02e-06	0.00e+00	0.00e+00	1.86e-08	9.79e-09	3.23e-09
 1.62336e+16	4.10e-08	2.81e-04	2.27e-01	6.59e-01	1.12e-01	1.56e-03	2.44e-06	0.00e+00	0.00e+00	2.39e-08	1.26e-08	4.15e-09
 1.63628e+16	5.44e-08	3.47e-04	2.60e-01	6.40e-01	9.86e-02	1.30e-03	1.93e-06	0.00e+00	0.00e+00	3.16e-08	1.67e-08	5.51e-09
 1.64866e+16	7.11e-08	4.27e-04	2.97e-01	6.16e-01	8.58e-02	1.07e-03	1.51e-06	0.00e+00	0.00e+00	4.14e-08	2.18e-08	7.22e-09
 1.65996e+16	9.32e-08	5.25e-04	3.38e-01	5.87e-01	7.37e-02	8.68e-04	1.16e-06	0.00e+00	0.00e+00	5.42e-08	2.86e-08	9.47e-09
 1.67013e+16	1.18e-07	6.32e-04	3.81e-01	5.55e-01	6.28e-02	7.00e-04	8.92e-07	0.00e+00	0.00e+00	6.86e-08	3.62e-08	1.20e-08
 1.67816e+16	1.38e-07	7.16e-04	4.20e-01	5.25e-01	5.43e-02	5.78e-04	0.00e+00	0.00e+00	0.00e+00	8.01e-08	4.23e-08	1.40e-08
 1.68441e+16	1.70e-07	8.36e-04	4.54e-01	4.97e-01	4.76e-02	4.86e-04	0.00e+00	0.00e+00	0.00e+00	9.91e-08	5.23e-08	1.74e-08
 1.68990e+16	1.96e-07	9.31e-04	4.86e-01	4.71e-01	4.20e-02	4.13e-04	0.00e+00	0.00e+00	0.00e+00	1.14e-07	6.01e-08	2.00e-08
 1.69555e+16	2.21e-07	1.03e-03	5.22e-01	4.40e-01	3.61e-02	3.40e-04	0.00e+00	0.00e+00	0.00e+00	1.29e-07	6.80e-08	2.26e-08
 1.70290e+16	2.79e-07	1.22e-03	5.72e-01	3.98e-01	2.90e-02	2.57e-04	0.00e+00	0.00e+00	0.00e+00	1.62e-07	8.58e-08	2.86e-08
 1.70984e+16	3.33e-07	1.39e-03	6.20e-01	3.55e-01	2.30e-02	1.93e-04	0.00e+00	0.00e+00	0.00e+00	1.94e-07	1.03e-07	3.42e-08
 1.71491e+16	3.81e-07	1.53e-03	6.57e-01	3.22e-01	1.89e-02	1.51e-04	0.00e+00	0.00e+00	0.00e+00	2.22e-07	1.17e-07	3.91e-08
 1.72016e+16	4.36e-07	1.69e-03	6.96e-01	2.87e-01	1.51e-02	1.14e-04	0.00e+00	0.00e+00	0.00e+00	2.53e-07	1.34e-07	4.48e-08
 1.72698e+16	5.15e-07	1.90e-03	7.44e-01	2.43e-01	1.09e-02	7.66e-05	0.00e+00	0.00e+00	0.00e+00	3.00e-07	1.59e-07	5.31e-08
 1.73404e+16	6.02e-07	2.12e-03	7.89e-01	2.01e-01	7.57e-03	4.90e-05	0.00e+00	0.00e+00	0.00e+00	3.50e-07	1.86e-07	6.22e-08
 1.74007e+16	6.82e-07	2.31e-03	8.24e-01	1.68e-01	5.39e-03	3.23e-05	0.00e+00	0.00e+00	0.00e+00	3.96e-07	2.10e-07	7.06e-08
 1.74657e+16	7.72e-07	2.50e-03	8.57e-01	1.37e-01	3.63e-03	1.98e-05	0.00e+00	0.00e+00	0.00e+00	4.49e-07	2.38e-07	8.01e-08
 1.75502e+16	8.89e-07	2.72e-03	8.91e-01	1.04e-01	2.14e-03	1.03e-05	0.00e+00	0.00e+00	0.00e+00	5.17e-07	2.74e-07	9.24e-08
 1.76565e+16	1.03e-06	2.97e-03	9.22e-01	7.36e-02	1.09e-03	4.41e-06	0.00e+00	0.00e+00	0.00e+00	5.99e-07	3.18e-07	1.07e-07
 1.77811e+16	1.18e-06	3.19e-03	9.46e-01	5.04e-02	5.07e-04	1.67e-06	0.00e+00	0.00e+00	0.00e+00	6.87e-07	3.65e-07	1.24e-07
 1.79309e+16	1.35e-06	3.41e-03	9.63e-01	3.36e-02	2.15e-04	5.46e-07	0.00e+00	0.00e+00	0.00e+00	7.87e-07	4.18e-07	1.42e-07
 1.81234e+16	1.56e-06	3.63e-03	9.74e-01	2.20e-02	8.13e-05	0.00e+00	0.00e+00	0.00e+00	0.00e+00	9.08e-07	4.83e-07	1.64e-07
 1.83737e+16	1.84e-06	3.87e-03	9.81e-01	1.48e-02	2.86e-05	0.00e+00	0.00e+00	0.00e+00	0.00e+00	1.07e-06	5.68e-07	1.92e-07
 1.86992e+16	2.23e-06	4.16e-03	9.85e-01	1.05e-02	9.70e-06	0.00e+00	0.00e+00	0.00e+00	0.00e+00	1.30e-06	6.90e-07	2.34e-07
 1.91222e+16	2.87e-06	4.55e-03	9.87e-01	8.17e-03	3.27e-06	0.00e+00	0.00e+00	0.00e+00	0.00e+00	1.67e-06	8.86e-07	3.00e-07
 1.95805e+16	3.79e-06	5.03e-03	9.88e-01	6.92e-03	1.29e-06	0.00e+00	0.00e+00	0.00e+00	0.00e+00	2.20e-06	1.17e-06	3.97e-07
 1.99873e+16	4.93e-06	5.53e-03	9.88e-01	6.19e-03	6.37e-07	0.00e+00	0.00e+00	0.00e+00	0.00e+00	2.87e-06	1.52e-06	5.16e-07
 2.03513e+16	6.32e-06	6.06e-03	9.88e-01	5.66e-03	0.00e+00	0.00e+00	0.00e+00	0.00e+00	0.00e+00	3.67e-06	1.95e-06	6.60e-07
 2.07575e+16	8.48e-06	6.78e-03	9.88e-01	5.11e-03	0.00e+00	0.00e+00	0.00e+00	0.00e+00	0.00e+00	4.93e-06	2.62e-06	8.85e-07
 2.11787e+16	1.17e-05	7.69e-03	9.88e-01	4.62e-03	0.00e+00	0.00e+00	0.00e+00	0.00e+00	0.00e+00	6.81e-06	3.62e-06	1.22e-06
 2.15153e+16	1.55e-05	8.61e-03	9.87e-01	4.19e-03	0.00e+00	0.00e+00	0.00e+00	0.00e+00	0.00e+00	9.02e-06	4.79e-06	1.62e-06
 2.17895e+16	1.97e-05	9.51e-03	9.87e-01	3.88e-03	0.00e+00	0.00e+00	0.00e+00	0.00e+00	0.00e+00	1.15e-05	6.10e-06	2.05e-06
 2.20866e+16	2.60e-05	1.07e-02	9.86e-01	3.52e-03	0.00e+00	0.00e+00	0.00e+00	0.00e+00	0.00e+00	1.51e-05	8.03e-06	2.71e-06
 2.24074e+16	3.56e-05	1.23e-02	9.85e-01	3.16e-03	0.00e+00	0.00e+00	0.00e+00	0.00e+00	0.00e+00	2.07e-05	1.10e-05	3.70e-06
 2.26808e+16	4.77e-05	1.40e-02	9.83e-01	2.84e-03	0.00e+00	0.00e+00	0.00e+00	0.00e+00	0.00e+00	2.77e-05	1.47e-05	4.95e-06
 2.28577e+16	5.81e-05	1.54e-02	9.82e-01	2.63e-03	0.00e+00	0.00e+00	0.00e+00	0.00e+00	0.00e+00	3.38e-05	1.79e-05	6.03e-06
 2.29551e+16	6.50e-05	1.62e-02	9.81e-01	2.52e-03	0.00e+00	0.00e+00	0.00e+00	0.00e+00	0.00e+00	3.78e-05	2.00e-05	6.74e-06
 2.30497e+16	7.28e-05	1.71e-02	9.80e-01	2.41e-03	0.00e+00	0.00e+00	0.00e+00	0.00e+00	0.00e+00	4.23e-05	2.25e-05	7.55e-06
 2.31728e+16	8.46e-05	1.83e-02	9.79e-01	2.27e-03	0.00e+00	0.00e+00	0.00e+00	0.00e+00	0.00e+00	4.92e-05	2.61e-05	8.78e-06
 2.33327e+16	1.04e-04	2.03e-02	9.78e-01	2.08e-03	0.00e+00	0.00e+00	0.00e+00	0.00e+00	0.00e+00	6.03e-05	3.20e-05	1.08e-05
 2.34876e+16	1.27e-04	2.24e-02	9.76e-01	1.90e-03	0.00e+00	0.00e+00	0.00e+00	0.00e+00	0.00e+00	7.40e-05	3.92e-05	1.32e-05
 2.35985e+16	1.48e-04	2.42e-02	9.74e-01	1.79e-03	0.00e+00	0.00e+00	0.00e+00	0.00e+00	0.00e+00	8.60e-05	4.56e-05	1.53e-05
 2.36832e+16	1.67e-04	2.57e-02	9.72e-01	1.70e-03	0.00e+00	0.00e+00	0.00e+00	0.00e+00	0.00e+00	9.69e-05	5.14e-05	1.73e-05
 2.37712e+16	1.90e-04	2.74e-02	9.71e-01	1.60e-03	0.00e+00	0.00e+00	0.00e+00	0.00e+00	0.00e+00	1.10e-04	5.85e-05	1.96e-05
 2.38691e+16	2.20e-04	2.95e-02	9.69e-01	1.50e-03	0.00e+00	0.00e+00	0.00e+00	0.00e+00	0.00e+00	1.28e-04	6.77e-05	2.28e-05
 2.39582e+16	2.52e-04	3.17e-02	9.67e-01	1.40e-03	0.00e+00	0.00e+00	0.00e+00	0.00e+00	0.00e+00	1.47e-04	7.77e-05	2.61e-05
 2.40364e+16	2.86e-04	3.38e-02	9.65e-01	1.32e-03	0.00e+00	0.00e+00	0.00e+00	0.00e+00	0.00e+00	1.66e-04	8.80e-05	2.96e-05
