#depth	He	He+	He+2
 1.49634e+10	3.44e-23	5.87e-12	1.00e+00
 4.54887e+10	3.81e-23	6.34e-12	1.00e+00
 7.72350e+10	4.21e-23	6.87e-12	1.00e+00
 1.10251e+11	4.66e-23	7.43e-12	1.00e+00
 1.43899e+11	5.15e-23	8.03e-12	1.00e+00
 1.78893e+11	5.68e-23	8.69e-12	1.00e+00
 2.15976e+11	6.29e-23	9.41e-12	1.00e+00
 2.54542e+11	6.98e-23	1.02e-11	1.00e+00
 2.94650e+11	7.74e-23	1.10e-11	1.00e+00
 3.36363e+11	8.59e-23	1.20e-11	1.00e+00
 3.79744e+11	9.54e-23	1.30e-11	1.00e+00
 4.24861e+11	1.06e-22	1.40e-11	1.00e+00
 4.71782e+11	1.18e-22	1.52e-11	1.00e+00
 5.20580e+11	1.32e-22	1.65e-11	1.00e+00
 5.71330e+11	1.47e-22	1.79e-11	1.00e+00
 6.19356e+11	1.63e-22	1.92e-11	1.00e+00
 6.62749e+11	1.78e-22	2.05e-11	1.00e+00
 7.11601e+11	1.96e-22	2.20e-11	1.00e+00
 7.68960e+11	2.19e-22	2.39e-11	1.00e+00
 8.25876e+11	2.44e-22	2.58e-11	1.00e+00
 8.79524e+11	2.69e-22	2.77e-11	1.00e+00
 9.39088e+11	2.99e-22	2.98e-11	1.00e+00
 1.00658e+12	3.37e-22	3.24e-11	1.00e+00
 1.07379e+12	3.78e-22	3.51e-11	1.00e+00
 1.14369e+12	4.24e-22	3.80e-11	1.00e+00
 1.21936e+12	4.79e-22	4.13e-11	1.00e+00
 1.29806e+12	5.42e-22	4.49e-11	1.00e+00
 1.37991e+12	6.13e-22	4.88e-11	1.00e+00
 1.46504e+12	6.95e-22	5.31e-11	1.00e+00
 1.55356e+12	7.88e-22	5.78e-11	1.00e+00
 1.64563e+12	8.95e-22	6.29e-11	1.00e+00
 1.74139e+12	1.02e-21	6.85e-11	1.00e+00
 1.84097e+12	1.16e-21	7.46e-11	1.00e+00
 1.94453e+12	1.32e-21	8.13e-11	1.00e+00
 2.05224e+12	1.50e-21	8.87e-11	1.00e+00
 2.16426e+12	1.71e-21	9.67e-11	1.00e+00
 2.28076e+12	1.95e-21	1.06e-10	1.00e+00
 2.40191e+12	2.23e-21	1.15e-10	1.00e+00
 2.52792e+12	2.55e-21	1.26e-10	1.00e+00
 2.65896e+12	2.91e-21	1.38e-10	1.00e+00
 2.79524e+12	3.33e-21	1.50e-10	1.00e+00
 2.93698e+12	3.81e-21	1.65e-10	1.00e+00
 3.08439e+12	4.36e-21	1.80e-10	1.00e+00
 3.23769e+12	4.98e-21	1.97e-10	1.00e+00
 3.39712e+12	5.70e-21	2.16e-10	1.00e+00
 3.56293e+12	6.52e-21	2.37e-10	1.00e+00
 3.73538e+12	7.46e-21	2.59e-10	1.00e+00
 3.91472e+12	8.52e-21	2.84e-10	1.00e+00
 4.10124e+12	9.77e-21	3.12e-10	1.00e+00
 4.29521e+12	1.12e-20	3.43e-10	1.00e+00
 4.49695e+12	1.28e-20	3.77e-10	1.00e+00
 4.70675e+12	1.47e-20	4.14e-10	1.00e+00
 4.92495e+12	1.68e-20	4.56e-10	1.00e+00
 5.15187e+12	1.92e-20	5.02e-10	1.00e+00
 5.38788e+12	2.19e-20	5.53e-10	1.00e+00
 5.60567e+12	2.45e-20	6.03e-10	1.00e+00
 5.79394e+12	2.70e-20	6.49e-10	1.00e+00
 6.00276e+12	2.99e-20	7.03e-10	1.00e+00
 6.25817e+12	3.38e-20	7.72e-10	1.00e+00
 6.51863e+12	3.81e-20	8.48e-10	1.00e+00
 6.75552e+12	4.23e-20	9.21e-10	1.00e+00
 7.01728e+12	4.74e-20	1.01e-09	1.00e+00
 7.32350e+12	5.38e-20	1.11e-09	1.00e+00
 7.62487e+12	6.09e-20	1.23e-09	1.00e+00
 7.90752e+12	6.82e-20	1.34e-09	1.00e+00
 8.22298e+12	7.73e-20	1.47e-09	1.00e+00
 8.58183e+12	8.90e-20	1.63e-09	1.00e+00
 8.93924e+12	1.02e-19	1.80e-09	1.00e+00
 9.29778e+12	1.18e-19	1.99e-09	1.00e+00
 9.68279e+12	1.37e-19	2.20e-09	1.00e+00
 1.00940e+13	1.60e-19	2.44e-09	1.00e+00
 1.05180e+13	1.89e-19	2.70e-09	1.00e+00
 1.09532e+13	2.23e-19	2.98e-09	1.00e+00
 1.14117e+13	2.65e-19	3.30e-09	1.00e+00
 1.18966e+13	3.17e-19	3.65e-09	1.00e+00
 1.24024e+13	3.80e-19	4.04e-09	1.00e+00
 1.29285e+13	4.56e-19	4.47e-09	1.00e+00
 1.34755e+13	5.49e-19	4.94e-09	1.00e+00
 1.40445e+13	6.61e-19	5.44e-09	1.00e+00
 1.46362e+13	7.94e-19	6.00e-09	1.00e+00
 1.52516e+13	9.55e-19	6.60e-09	1.00e+00
 1.58915e+13	1.15e-18	7.26e-09	1.00e+00
 1.65571e+13	1.38e-18	7.97e-09	1.00e+00
 1.72331e+13	1.64e-18	8.72e-09	1.00e+00
 1.78807e+13	1.93e-18	9.47e-09	1.00e+00
 1.85704e+13	2.28e-18	1.03e-08	1.00e+00
 1.93432e+13	2.73e-18	1.13e-08	1.00e+00
 2.01182e+13	3.23e-18	1.23e-08	1.00e+00
 2.09242e+13	3.83e-18	1.34e-08	1.00e+00
 2.17911e+13	4.55e-18	1.46e-08	1.00e+00
 2.26926e+13	5.40e-18	1.59e-08	1.00e+00
 2.36303e+13	6.41e-18	1.74e-08	1.00e+00
 2.46054e+13	7.60e-18	1.89e-08	1.00e+00
 2.56195e+13	9.00e-18	2.06e-08	1.00e+00
 2.66742e+13	1.07e-17	2.24e-08	1.00e+00
 2.77711e+13	1.26e-17	2.44e-08	1.00e+00
 2.88132e+13	1.47e-17	2.63e-08	1.00e+00
 2.97615e+13	1.68e-17	2.81e-08	1.00e+00
 3.08318e+13	1.94e-17	3.03e-08	1.00e+00
 3.20805e+13	2.28e-17	3.28e-08	1.00e+00
 3.33146e+13	2.66e-17	3.55e-08	1.00e+00
 3.44848e+13	3.06e-17	3.81e-08	1.00e+00
 3.57809e+13	3.55e-17	4.10e-08	1.00e+00
 3.72421e+13	4.18e-17	4.45e-08	1.00e+00
 3.87033e+13	4.88e-17	4.81e-08	1.00e+00
 4.02231e+13	5.70e-17	5.20e-08	1.00e+00
 4.18619e+13	6.69e-17	5.63e-08	1.00e+00
 4.35663e+13	7.85e-17	6.10e-08	1.00e+00
 4.53389e+13	9.20e-17	6.61e-08	1.00e+00
 4.71824e+13	1.08e-16	7.16e-08	1.00e+00
 4.90996e+13	1.26e-16	7.75e-08	1.00e+00
 5.10935e+13	1.48e-16	8.39e-08	1.00e+00
 5.31672e+13	1.73e-16	9.08e-08	1.00e+00
 5.53238e+13	2.03e-16	9.83e-08	1.00e+00
 5.74791e+13	2.36e-16	1.06e-07	1.00e+00
 5.97206e+13	2.75e-16	1.14e-07	1.00e+00
 6.21394e+13	3.21e-16	1.24e-07	1.00e+00
 6.46549e+13	3.76e-16	1.34e-07	1.00e+00
 6.72710e+13	4.39e-16	1.45e-07	1.00e+00
 6.99918e+13	5.13e-16	1.57e-07	1.00e+00
 7.28214e+13	6.00e-16	1.69e-07	1.00e+00
 7.57641e+13	7.01e-16	1.83e-07	1.00e+00
 7.88246e+13	8.20e-16	1.98e-07	1.00e+00
 8.20075e+13	9.58e-16	2.14e-07	1.00e+00
 8.51211e+13	1.11e-15	2.31e-07	1.00e+00
 8.83592e+13	1.29e-15	2.49e-07	1.00e+00
 9.19235e+13	1.50e-15	2.69e-07	1.00e+00
 9.55080e+13	1.75e-15	2.90e-07	1.00e+00
 9.92360e+13	2.03e-15	3.13e-07	1.00e+00
 1.03235e+14	2.38e-15	3.39e-07	1.00e+00
 1.07395e+14	2.78e-15	3.67e-07	1.00e+00
 1.11307e+14	3.21e-15	3.94e-07	1.00e+00
 1.14793e+14	3.63e-15	4.20e-07	1.00e+00
 1.18688e+14	4.15e-15	4.49e-07	1.00e+00
 1.23322e+14	4.83e-15	4.85e-07	1.00e+00
 1.27948e+14	5.61e-15	5.23e-07	1.00e+00
 1.32225e+14	6.39e-15	5.58e-07	1.00e+00
 1.37010e+14	7.37e-15	6.00e-07	1.00e+00
 1.42521e+14	8.65e-15	6.51e-07	1.00e+00
 1.47895e+14	1.00e-14	7.02e-07	1.00e+00
 1.53011e+14	1.15e-14	7.53e-07	1.00e+00
 1.58687e+14	1.34e-14	8.12e-07	1.00e+00
 1.65064e+14	1.57e-14	8.81e-07	1.00e+00
 1.71477e+14	1.84e-14	9.54e-07	1.00e+00
 1.78146e+14	2.15e-14	1.03e-06	1.00e+00
 1.85302e+14	2.53e-14	1.12e-06	1.00e+00
 1.92744e+14	2.98e-14	1.22e-06	1.00e+00
 2.00483e+14	3.51e-14	1.32e-06	1.00e+00
 2.08533e+14	4.13e-14	1.44e-06	1.00e+00
 2.16904e+14	4.88e-14	1.57e-06	1.00e+00
 2.25610e+14	5.74e-14	1.70e-06	1.00e+00
 2.34245e+14	6.73e-14	1.85e-06	1.00e+00
 2.42622e+14	7.80e-14	1.99e-06	1.00e+00
 2.51753e+14	9.13e-14	2.16e-06	1.00e+00
 2.61853e+14	1.08e-13	2.36e-06	1.00e+00
 2.72069e+14	1.27e-13	2.56e-06	1.00e+00
 2.81393e+14	1.47e-13	2.76e-06	1.00e+00
 2.89793e+14	1.67e-13	2.95e-06	1.00e+00
 2.99324e+14	1.92e-13	3.17e-06	1.00e+00
 3.10820e+14	2.26e-13	3.45e-06	1.00e+00
 3.22455e+14	2.65e-13	3.75e-06	1.00e+00
 3.33204e+14	3.06e-13	4.04e-06	1.00e+00
 3.45212e+14	3.58e-13	4.38e-06	1.00e+00
 3.59050e+14	4.24e-13	4.79e-06	1.00e+00
 3.72673e+14	4.99e-13	5.21e-06	1.00e+00
 3.84850e+14	5.73e-13	5.60e-06	1.00e+00
 3.97753e+14	6.61e-13	6.03e-06	1.00e+00
 4.12286e+14	7.71e-13	6.55e-06	1.00e+00
 4.26067e+14	8.88e-13	7.05e-06	1.00e+00
 4.41111e+14	1.03e-12	7.63e-06	1.00e+00
 4.57732e+14	1.20e-12	8.29e-06	1.00e+00
 4.73145e+14	1.39e-12	8.93e-06	1.00e+00
 4.89924e+14	1.60e-12	9.66e-06	1.00e+00
 5.08700e+14	1.87e-12	1.05e-05	1.00e+00
 5.26473e+14	2.16e-12	1.13e-05	1.00e+00
 5.45667e+14	2.50e-12	1.23e-05	1.00e+00
 5.66942e+14	2.94e-12	1.34e-05	1.00e+00
 5.87510e+14	3.39e-12	1.45e-05	1.00e+00
 6.09481e+14	3.94e-12	1.57e-05	1.00e+00
 6.33890e+14	4.62e-12	1.71e-05	1.00e+00
 6.58279e+14	5.39e-12	1.86e-05	1.00e+00
 6.83645e+14	6.28e-12	2.02e-05	1.00e+00
 7.11020e+14	7.34e-12	2.21e-05	1.00e+00
 7.39491e+14	8.60e-12	2.41e-05	1.00e+00
 7.69101e+14	1.00e-11	2.62e-05	1.00e+00
 7.99895e+14	1.17e-11	2.86e-05	1.00e+00
 8.31920e+14	1.37e-11	3.12e-05	1.00e+00
 8.65227e+14	1.60e-11	3.40e-05	1.00e+00
 8.97183e+14	1.84e-11	3.68e-05	1.00e+00
 9.26780e+14	2.09e-11	3.95e-05	1.00e+00
 9.55480e+14	2.36e-11	4.22e-05	1.00e+00
 9.87863e+14	2.69e-11	4.54e-05	1.00e+00
 1.02401e+15	3.08e-11	4.90e-05	1.00e+00
 1.05821e+15	3.51e-11	5.28e-05	1.00e+00
 1.09581e+15	4.02e-11	5.69e-05	1.00e+00
 1.13811e+15	4.63e-11	6.17e-05	1.00e+00
 1.17704e+15	5.28e-11	6.65e-05	1.00e+00
 1.21230e+15	5.93e-11	7.09e-05	1.00e+00
 1.25222e+15	6.71e-11	7.60e-05	1.00e+00
 1.30029e+15	7.70e-11	8.24e-05	1.00e+00
 1.34834e+15	8.89e-11	8.92e-05	1.00e+00
 1.39162e+15	1.00e-10	9.55e-05	1.00e+00
 1.43933e+15	1.14e-10	1.03e-04	1.00e+00
 1.49563e+15	1.30e-10	1.11e-04	1.00e+00
 1.55148e+15	1.51e-10	1.21e-04	1.00e+00
 1.60329e+15	1.71e-10	1.29e-04	1.00e+00
 1.66117e+15	1.94e-10	1.39e-04	1.00e+00
 1.72764e+15	2.23e-10	1.51e-04	1.00e+00
 1.79318e+15	2.59e-10	1.64e-04	1.00e+00
 1.85634e+15	2.94e-10	1.77e-04	1.00e+00
 1.92563e+15	3.36e-10	1.91e-04	1.00e+00
 2.00269e+15	3.84e-10	2.07e-04	1.00e+00
 2.08283e+15	4.49e-10	2.25e-04	1.00e+00
 2.16617e+15	5.18e-10	2.45e-04	1.00e+00
 2.25285e+15	5.99e-10	2.66e-04	1.00e+00
 2.34299e+15	6.91e-10	2.88e-04	1.00e+00
 2.43674e+15	7.95e-10	3.13e-04	1.00e+00
 2.53424e+15	9.09e-10	3.39e-04	1.00e+00
 2.63564e+15	1.06e-09	3.69e-04	1.00e+00
 2.74109e+15	1.23e-09	4.01e-04	1.00e+00
 2.83686e+15	1.39e-09	4.30e-04	1.00e+00
 2.91761e+15	1.54e-09	4.56e-04	1.00e+00
 3.00672e+15	1.72e-09	4.85e-04	1.00e+00
 3.11825e+15	1.94e-09	5.23e-04	9.99e-01
 3.23537e+15	2.25e-09	5.66e-04	9.99e-01
 3.33965e+15	2.53e-09	6.04e-04	9.99e-01
 3.45075e+15	2.83e-09	6.46e-04	9.99e-01
 3.58383e+15	3.25e-09	6.99e-04	9.99e-01
 3.71445e+15	3.76e-09	7.55e-04	9.99e-01
 3.82985e+15	4.22e-09	8.04e-04	9.99e-01
 3.95651e+15	4.77e-09	8.61e-04	9.99e-01
 4.10868e+15	5.50e-09	9.32e-04	9.99e-01
 4.26041e+15	6.29e-09	1.00e-03	9.99e-01
 4.39835e+15	7.03e-09	1.07e-03	9.99e-01
 4.55194e+15	8.12e-09	1.16e-03	9.99e-01
 4.72542e+15	9.38e-09	1.25e-03	9.99e-01
 4.89263e+15	1.07e-08	1.34e-03	9.99e-01
 5.05291e+15	1.20e-08	1.44e-03	9.99e-01
 5.23532e+15	1.40e-08	1.55e-03	9.98e-01
 5.43597e+15	1.62e-08	1.68e-03	9.98e-01
 5.62932e+15	1.85e-08	1.81e-03	9.98e-01
 5.81761e+15	2.09e-08	1.94e-03	9.98e-01
 6.02876e+15	2.45e-08	2.10e-03	9.98e-01
 6.25801e+15	2.85e-08	2.28e-03	9.98e-01
 6.47190e+15	3.26e-08	2.45e-03	9.98e-01
 6.67739e+15	3.71e-08	2.63e-03	9.97e-01
 6.91341e+15	4.26e-08	2.84e-03	9.97e-01
 7.17369e+15	4.99e-08	3.09e-03	9.97e-01
 7.42153e+15	5.73e-08	3.33e-03	9.97e-01
 7.65929e+15	6.48e-08	3.58e-03	9.96e-01
 7.89179e+15	7.38e-08	3.84e-03	9.96e-01
 8.11872e+15	8.46e-08	4.12e-03	9.96e-01
 8.33634e+15	9.51e-08	4.38e-03	9.96e-01
 8.58106e+15	1.08e-07	4.70e-03	9.95e-01
 8.89378e+15	1.25e-07	5.14e-03	9.95e-01
 9.20901e+15	1.49e-07	5.63e-03	9.94e-01
 9.46004e+15	1.70e-07	6.03e-03	9.94e-01
 9.71351e+15	1.93e-07	6.48e-03	9.94e-01
 1.00430e+16	2.28e-07	7.11e-03	9.93e-01
 1.03798e+16	2.63e-07	7.79e-03	9.92e-01
 1.06554e+16	3.07e-07	8.43e-03	9.92e-01
 1.09018e+16	3.46e-07	9.04e-03	9.91e-01
 1.11810e+16	3.96e-07	9.80e-03	9.90e-01
 1.15440e+16	4.79e-07	1.09e-02	9.89e-01
 1.19045e+16	5.60e-07	1.21e-02	9.88e-01
 1.21847e+16	6.62e-07	1.33e-02	9.87e-01
 1.24261e+16	7.51e-07	1.43e-02	9.86e-01
 1.26945e+16	8.66e-07	1.57e-02	9.84e-01
 1.30433e+16	1.06e-06	1.77e-02	9.82e-01
 1.33895e+16	1.29e-06	2.00e-02	9.80e-01
 1.36536e+16	1.48e-06	2.21e-02	9.78e-01
 1.39182e+16	1.75e-06	2.47e-02	9.75e-01
 1.42086e+16	2.18e-06	2.81e-02	9.72e-01
 1.44634e+16	2.60e-06	3.16e-02	9.68e-01
 1.46831e+16	2.99e-06	3.52e-02	9.65e-01
 1.48939e+16	3.54e-06	3.95e-02	9.61e-01
 1.50847e+16	4.25e-06	4.41e-02	9.56e-01
 1.52349e+16	4.85e-06	4.83e-02	9.52e-01
 1.53834e+16	5.59e-06	5.33e-02	9.47e-01
 1.55764e+16	6.80e-06	6.12e-02	9.39e-01
 1.57836e+16	8.53e-06	7.19e-02	9.28e-01
 1.59586e+16	1.04e-05	8.36e-02	9.16e-01
 1.61021e+16	1.26e-05	9.60e-02	9.04e-01
 1.62336e+16	1.52e-05	1.10e-01	8.90e-01
 1.63628e+16	1.86e-05	1.28e-01	8.72e-01
 1.64866e+16	2.28e-05	1.49e-01	8.50e-01
 1.65996e+16	2.80e-05	1.75e-01	8.25e-01
 1.67013e+16	3.41e-05	2.04e-01	7.96e-01
 1.67816e+16	3.99e-05	2.32e-01	7.68e-01
 1.68441e+16	4.61e-05	2.58e-01	7.42e-01
 1.68990e+16	5.21e-05	2.84e-01	7.16e-01
 1.69555e+16	5.94e-05	3.15e-01	6.85e-01
 1.70290e+16	7.12e-05	3.62e-01	6.38e-01
 1.70984e+16	8.40e-05	4.12e-01	5.88e-01
 1.71491e+16	9.50e-05	4.54e-01	5.46e-01
 1.72016e+16	1.08e-04	5.01e-01	4.99e-01
 1.72698e+16	1.26e-04	5.66e-01	4.34e-01
 1.73404e+16	1.47e-04	6.33e-01	3.67e-01
 1.74007e+16	1.65e-04	6.89e-01	3.11e-01
 1.74657e+16	1.84e-04	7.46e-01	2.54e-01
 1.75502e+16	2.08e-04	8.09e-01	1.91e-01
 1.76565e+16	2.34e-04	8.69e-01	1.30e-01
 1.77811e+16	2.58e-04	9.16e-01	8.33e-02
 1.79309e+16	2.79e-04	9.50e-01	4.95e-02
 1.81234e+16	3.00e-04	9.73e-01	2.68e-02
 1.83737e+16	3.20e-04	9.87e-01	1.31e-02
 1.86992e+16	3.43e-04	9.94e-01	5.89e-03
 1.91222e+16	3.70e-04	9.97e-01	2.43e-03
 1.95805e+16	4.01e-04	9.99e-01	1.08e-03
 1.99873e+16	4.30e-04	9.99e-01	5.78e-04
 2.03513e+16	4.60e-04	9.99e-01	3.49e-04
 2.07575e+16	4.97e-04	9.99e-01	2.05e-04
 2.11787e+16	5.40e-04	9.99e-01	1.26e-04
 2.15153e+16	5.80e-04	9.99e-01	8.81e-05
 2.17895e+16	6.17e-04	9.99e-01	6.65e-05
 2.20866e+16	6.64e-04	9.99e-01	4.90e-05
 2.24074e+16	7.20e-04	9.99e-01	3.62e-05
 2.26808e+16	7.79e-04	9.99e-01	2.83e-05
 2.28577e+16	8.22e-04	9.99e-01	2.46e-05
 2.29551e+16	8.48e-04	9.99e-01	2.26e-05
 2.30497e+16	8.76e-04	9.99e-01	2.08e-05
 2.31728e+16	9.15e-04	9.99e-01	1.86e-05
 2.33327e+16	9.69e-04	9.99e-01	1.62e-05
 2.34876e+16	1.03e-03	9.99e-01	1.43e-05
 2.35985e+16	1.08e-03	9.99e-01	1.31e-05
 2.36832e+16	1.11e-03	9.99e-01	1.23e-05
 2.37712e+16	1.16e-03	9.99e-01	1.14e-05
 2.38691e+16	1.21e-03	9.99e-01	1.05e-05
 2.39582e+16	1.27e-03	9.99e-01	9.84e-06
 2.40364e+16	1.32e-03	9.99e-01	9.26e-06
 2.41221e+16	1.38e-03	9.99e-01	8.64e-06
 2.42131e+16	1.45e-03	9.99e-01	8.06e-06
 2.42902e+16	1.51e-03	9.98e-01	7.61e-06
 2.43568e+16	1.57e-03	9.98e-01	7.24e-06
 2.44305e+16	1.64e-03	9.98e-01	6.83e-06
 2.45103e+16	1.73e-03	9.98e-01	6.43e-06
 2.45799e+16	1.81e-03	9.98e-01	6.12e-06
 2.46403e+16	1.89e-03	9.98e-01	5.85e-06
 2.47070e+16	1.98e-03	9.98e-01	5.55e-06
 2.47791e+16	2.09e-03	9.98e-01	5.26e-06
 2.48415e+16	2.20e-03	9.98e-01	5.03e-06
 2.48956e+16	2.30e-03	9.98e-01	4.84e-06
 2.49556e+16	2.42e-03	9.98e-01	4.62e-06
 2.50205e+16	2.57e-03	9.97e-01	4.41e-06
 2.50770e+16	2.71e-03	9.97e-01	4.23e-06
 2.51266e+16	2.84e-03	9.97e-01	4.09e-06
 2.51818e+16	3.01e-03	9.97e-01	3.92e-06
 2.52415e+16	3.21e-03	9.97e-01	3.76e-06
 2.52935e+16	3.40e-03	9.97e-01	3.63e-06
 2.53395e+16	3.59e-03	9.96e-01	3.51e-06
 2.53910e+16	3.83e-03	9.96e-01	3.38e-06
 2.54473e+16	4.12e-03	9.96e-01	3.24e-06
 2.54975e+16	4.42e-03	9.96e-01	3.13e-06
 2.55430e+16	4.72e-03	9.95e-01	3.04e-06
 2.55943e+16	5.11e-03	9.95e-01	2.93e-06
 2.56509e+16	5.61e-03	9.94e-01	2.81e-06
 2.57014e+16	6.14e-03	9.94e-01	2.72e-06
 2.57451e+16	6.65e-03	9.93e-01	2.65e-06
 2.57927e+16	7.33e-03	9.93e-01	2.56e-06
 2.58432e+16	8.19e-03	9.92e-01	2.47e-06
 2.58831e+16	9.00e-03	9.91e-01	2.41e-06
 2.59129e+16	9.69e-03	9.90e-01	2.37e-06
 2.59439e+16	1.05e-02	9.89e-01	2.32e-06
 2.59787e+16	1.16e-02	9.88e-01	2.27e-06
 2.60102e+16	1.28e-02	9.87e-01	2.23e-06
 2.60369e+16	1.40e-02	9.86e-01	2.20e-06
 2.60616e+16	1.52e-02	9.85e-01	2.17e-06
 2.60899e+16	1.69e-02	9.83e-01	2.13e-06
 2.61192e+16	1.89e-02	9.81e-01	2.11e-06
 2.61431e+16	2.10e-02	9.79e-01	2.09e-06
 2.61634e+16	2.29e-02	9.77e-01	2.08e-06
 2.61853e+16	2.54e-02	9.75e-01	2.07e-06
 2.62095e+16	2.85e-02	9.71e-01	2.06e-06
 2.62311e+16	3.20e-02	9.68e-01	2.06e-06
 2.62498e+16	3.55e-02	9.64e-01	2.07e-06
 2.62703e+16	4.01e-02	9.60e-01	2.08e-06
 2.62917e+16	4.57e-02	9.54e-01	2.10e-06
 2.63091e+16	5.14e-02	9.49e-01	2.11e-06
 2.63235e+16	5.66e-02	9.43e-01	2.14e-06
 2.63383e+16	6.31e-02	9.37e-01	2.17e-06
 2.63539e+16	7.06e-02	9.29e-01	2.21e-06
 2.63684e+16	7.90e-02	9.21e-01	2.25e-06
 2.63815e+16	8.78e-02	9.12e-01	2.30e-06
 2.63938e+16	9.70e-02	9.03e-01	2.34e-06
 2.64050e+16	1.06e-01	8.94e-01	2.40e-06
 2.64149e+16	1.16e-01	8.84e-01	2.45e-06
 2.64241e+16	1.25e-01	8.75e-01	2.49e-06
 2.64314e+16	1.33e-01	8.67e-01	2.53e-06
 2.64364e+16	1.39e-01	8.61e-01	2.56e-06
 2.64409e+16	1.45e-01	8.55e-01	2.59e-06
 2.64462e+16	1.53e-01	8.47e-01	2.62e-06
 2.64518e+16	1.61e-01	8.39e-01	2.65e-06
 2.64571e+16	1.69e-01	8.31e-01	2.69e-06
 2.64623e+16	1.77e-01	8.23e-01	2.73e-06
 2.64673e+16	1.86e-01	8.14e-01	2.76e-06
 2.64724e+16	1.94e-01	8.06e-01	2.80e-06
 2.64774e+16	2.04e-01	7.96e-01	2.83e-06
 2.64823e+16	2.14e-01	7.86e-01	2.87e-06
 2.64872e+16	2.24e-01	7.76e-01	2.90e-06
 2.64921e+16	2.35e-01	7.65e-01	2.94e-06
 2.64968e+16	2.45e-01	7.55e-01	2.97e-06
 2.65015e+16	2.56e-01	7.44e-01	3.01e-06
 2.65062e+16	2.68e-01	7.32e-01	3.04e-06
 2.65108e+16	2.80e-01	7.20e-01	3.08e-06
 2.65153e+16	2.93e-01	7.07e-01	3.10e-06
 2.65198e+16	3.05e-01	6.95e-01	3.14e-06
 2.65242e+16	3.19e-01	6.81e-01	3.17e-06
 2.65287e+16	3.32e-01	6.68e-01	3.20e-06
 2.65330e+16	3.46e-01	6.54e-01	3.23e-06
 2.65372e+16	3.60e-01	6.40e-01	3.25e-06
 2.65414e+16	3.74e-01	6.26e-01	3.28e-06
 2.65456e+16	3.88e-01	6.12e-01	3.30e-06
 2.65497e+16	4.03e-01	5.97e-01	3.32e-06
 2.65537e+16	4.18e-01	5.82e-01	3.34e-06
 2.65577e+16	4.33e-01	5.67e-01	3.36e-06
 2.65617e+16	4.48e-01	5.52e-01	3.38e-06
 2.65655e+16	4.63e-01	5.37e-01	3.39e-06
 2.65693e+16	4.78e-01	5.22e-01	3.40e-06
 2.65731e+16	4.93e-01	5.07e-01	3.41e-06
 2.65767e+16	5.07e-01	4.93e-01	3.42e-06
 2.65803e+16	5.22e-01	4.78e-01	3.42e-06
 2.65838e+16	5.36e-01	4.64e-01	3.42e-06
 2.65872e+16	5.50e-01	4.50e-01	3.42e-06
 2.65905e+16	5.65e-01	4.35e-01	3.41e-06
 2.65938e+16	5.78e-01	4.22e-01	3.41e-06
 2.65970e+16	5.92e-01	4.08e-01	3.40e-06
 2.66001e+16	6.05e-01	3.95e-01	3.39e-06
 2.66032e+16	6.17e-01	3.83e-01	3.38e-06
 2.66062e+16	6.30e-01	3.70e-01	3.36e-06
 2.66091e+16	6.42e-01	3.58e-01	3.35e-06
 2.66120e+16	6.54e-01	3.46e-01	3.33e-06
 2.66148e+16	6.65e-01	3.35e-01	3.31e-06
 2.66176e+16	6.76e-01	3.24e-01	3.29e-06
 2.66203e+16	6.87e-01	3.13e-01	3.27e-06
 2.66230e+16	6.97e-01	3.03e-01	3.25e-06
 2.66257e+16	7.08e-01	2.92e-01	3.23e-06
 2.66283e+16	7.18e-01	2.82e-01	3.20e-06
 2.66308e+16	7.27e-01	2.73e-01	3.17e-06
 2.66334e+16	7.37e-01	2.63e-01	3.15e-06
 2.66358e+16	7.45e-01	2.55e-01	3.12e-06
 2.66383e+16	7.54e-01	2.46e-01	3.09e-06
 2.66404e+16	7.61e-01	2.39e-01	3.06e-06
 2.66421e+16	7.67e-01	2.33e-01	3.03e-06
 2.66436e+16	7.73e-01	2.27e-01	3.01e-06
 2.66453e+16	7.78e-01	2.22e-01	2.98e-06
 2.66470e+16	7.84e-01	2.16e-01	2.96e-06
 2.66486e+16	7.89e-01	2.11e-01	2.93e-06
 2.66501e+16	7.94e-01	2.06e-01	2.91e-06
 2.66516e+16	7.99e-01	2.01e-01	2.88e-06
 2.66531e+16	8.04e-01	1.96e-01	2.86e-06
 2.66546e+16	8.08e-01	1.92e-01	2.83e-06
 2.66561e+16	8.13e-01	1.87e-01	2.81e-06
 2.66575e+16	8.17e-01	1.83e-01	2.78e-06
 2.66590e+16	8.22e-01	1.78e-01	2.76e-06
 2.66604e+16	8.26e-01	1.74e-01	2.73e-06
 2.66619e+16	8.30e-01	1.70e-01	2.70e-06
 2.66634e+16	8.34e-01	1.66e-01	2.68e-06
 2.66649e+16	8.39e-01	1.61e-01	2.65e-06
 2.66665e+16	8.43e-01	1.57e-01	2.62e-06
 2.66683e+16	8.48e-01	1.52e-01	2.59e-06
 2.66702e+16	8.53e-01	1.47e-01	2.55e-06
 2.66722e+16	8.58e-01	1.42e-01	2.51e-06
 2.66742e+16	8.63e-01	1.37e-01	2.47e-06
 2.66762e+16	8.67e-01	1.33e-01	2.43e-06
 2.66781e+16	8.72e-01	1.28e-01	2.39e-06
 2.66800e+16	8.76e-01	1.24e-01	2.35e-06
 2.66819e+16	8.81e-01	1.19e-01	2.30e-06
 2.66838e+16	8.85e-01	1.15e-01	2.26e-06
 2.66855e+16	8.89e-01	1.11e-01	2.21e-06
 2.66872e+16	8.92e-01	1.08e-01	2.17e-06
 2.66887e+16	8.95e-01	1.05e-01	2.13e-06
 2.66901e+16	8.98e-01	1.02e-01	2.09e-06
 2.66914e+16	9.01e-01	9.89e-02	2.05e-06
 2.66926e+16	9.03e-01	9.66e-02	2.02e-06
 2.66937e+16	9.06e-01	9.45e-02	1.99e-06
 2.66947e+16	9.07e-01	9.25e-02	1.96e-06
 2.66955e+16	9.09e-01	9.08e-02	1.94e-06
 2.66964e+16	9.11e-01	8.91e-02	1.91e-06
 2.66971e+16	9.12e-01	8.77e-02	1.88e-06
 2.66979e+16	9.14e-01	8.61e-02	1.86e-06
 2.66988e+16	9.15e-01	8.45e-02	1.83e-06
 2.66996e+16	9.17e-01	8.30e-02	1.81e-06
 2.67003e+16	9.18e-01	8.17e-02	1.78e-06
 2.67009e+16	9.20e-01	8.05e-02	1.76e-06
 2.67017e+16	9.21e-01	7.91e-02	1.74e-06
 2.67024e+16	9.22e-01	7.77e-02	1.71e-06
 2.67031e+16	9.24e-01	7.64e-02	1.69e-06
 2.67038e+16	9.25e-01	7.53e-02	1.67e-06
 2.67045e+16	9.26e-01	7.39e-02	1.64e-06
 2.67052e+16	9.27e-01	7.26e-02	1.62e-06
 2.67059e+16	9.29e-01	7.13e-02	1.59e-06
 2.67066e+16	9.30e-01	7.02e-02	1.57e-06
 2.67071e+16	9.31e-01	6.93e-02	1.55e-06
 2.67076e+16	9.32e-01	6.83e-02	1.53e-06
 2.67081e+16	9.33e-01	6.75e-02	1.51e-06
 2.67086e+16	9.33e-01	6.65e-02	1.49e-06
 2.67092e+16	9.34e-01	6.55e-02	1.47e-06
 2.67097e+16	9.35e-01	6.47e-02	1.45e-06
 2.67102e+16	9.36e-01	6.39e-02	1.44e-06
 2.67107e+16	9.37e-01	6.29e-02	1.42e-06
 2.67112e+16	9.38e-01	6.20e-02	1.40e-06
 2.67117e+16	9.39e-01	6.12e-02	1.38e-06
 2.67122e+16	9.40e-01	6.04e-02	1.36e-06
 2.67126e+16	9.40e-01	5.97e-02	1.35e-06
 2.67131e+16	9.41e-01	5.89e-02	1.33e-06
 2.67135e+16	9.42e-01	5.81e-02	1.31e-06
 2.67140e+16	9.43e-01	5.74e-02	1.29e-06
 2.67145e+16	9.43e-01	5.65e-02	1.27e-06
 2.67150e+16	9.44e-01	5.57e-02	1.25e-06
 2.67155e+16	9.45e-01	5.49e-02	1.24e-06
 2.67159e+16	9.46e-01	5.43e-02	1.22e-06
 2.67164e+16	9.47e-01	5.34e-02	1.20e-06
 2.67169e+16	9.47e-01	5.26e-02	1.19e-06
 2.67174e+16	9.48e-01	5.19e-02	1.17e-06
 2.67178e+16	9.49e-01	5.13e-02	1.16e-06
 2.67182e+16	9.49e-01	5.07e-02	1.14e-06
 2.67186e+16	9.50e-01	5.00e-02	1.13e-06
 2.67191e+16	9.51e-01	4.93e-02	1.11e-06
 2.67195e+16	9.51e-01	4.88e-02	1.10e-06
 2.67200e+16	9.52e-01	4.80e-02	1.08e-06
 2.67205e+16	9.53e-01	4.74e-02	1.07e-06
 2.67209e+16	9.53e-01	4.68e-02	1.05e-06
 2.67213e+16	9.54e-01	4.62e-02	1.04e-06
 2.67218e+16	9.54e-01	4.56e-02	1.03e-06
 2.67224e+16	9.55e-01	4.48e-02	1.01e-06
 2.67230e+16	9.56e-01	4.40e-02	9.95e-07
 2.67236e+16	9.57e-01	4.32e-02	9.77e-07
 2.67241e+16	9.57e-01	4.26e-02	9.65e-07
 2.67246e+16	9.58e-01	4.20e-02	9.52e-07
 2.67250e+16	9.59e-01	4.15e-02	9.39e-07
 2.67255e+16	9.59e-01	4.09e-02	9.27e-07
 2.67261e+16	9.60e-01	4.01e-02	9.11e-07
 2.67268e+16	9.61e-01	3.94e-02	8.96e-07
 2.67274e+16	9.61e-01	3.87e-02	8.80e-07
 2.67279e+16	9.62e-01	3.81e-02	8.68e-07
 2.67284e+16	9.62e-01	3.76e-02	8.56e-07
 2.67289e+16	9.63e-01	3.70e-02	8.44e-07
 2.67294e+16	9.64e-01	3.65e-02	8.33e-07
 2.67300e+16	9.64e-01	3.58e-02	8.19e-07
 2.67307e+16	9.65e-01	3.51e-02	8.05e-07
 2.67314e+16	9.66e-01	3.45e-02	7.92e-07
 2.67319e+16	9.66e-01	3.39e-02	7.80e-07
 2.67325e+16	9.67e-01	3.34e-02	7.70e-07
 2.67330e+16	9.67e-01	3.28e-02	7.58e-07
 2.67337e+16	9.68e-01	3.23e-02	7.46e-07
 2.67342e+16	9.68e-01	3.18e-02	7.35e-07
 2.67348e+16	9.69e-01	3.13e-02	7.25e-07
 2.67353e+16	9.69e-01	3.08e-02	7.15e-07
 2.67361e+16	9.70e-01	3.01e-02	7.01e-07
 2.67369e+16	9.71e-01	2.95e-02	6.89e-07
 2.67376e+16	9.71e-01	2.89e-02	6.78e-07
 2.67383e+16	9.72e-01	2.84e-02	6.66e-07
 2.67389e+16	9.72e-01	2.79e-02	6.57e-07
 2.67394e+16	9.72e-01	2.75e-02	6.48e-07
 2.67400e+16	9.73e-01	2.71e-02	6.39e-07
 2.67406e+16	9.73e-01	2.66e-02	6.30e-07
 2.67412e+16	9.74e-01	2.62e-02	6.21e-07
 2.67419e+16	9.74e-01	2.57e-02	6.12e-07
 2.67426e+16	9.75e-01	2.52e-02	6.02e-07
 2.67432e+16	9.75e-01	2.48e-02	5.93e-07
 2.67439e+16	9.76e-01	2.43e-02	5.84e-07
 2.67446e+16	9.76e-01	2.39e-02	5.75e-07
 2.67453e+16	9.77e-01	2.34e-02	5.66e-07
 2.67461e+16	9.77e-01	2.29e-02	5.57e-07
 2.67469e+16	9.78e-01	2.25e-02	5.47e-07
 2.67476e+16	9.78e-01	2.21e-02	5.39e-07
 2.67483e+16	9.78e-01	2.17e-02	5.31e-07
 2.67490e+16	9.79e-01	2.13e-02	5.23e-07
 2.67498e+16	9.79e-01	2.08e-02	5.15e-07
 2.67505e+16	9.80e-01	2.04e-02	5.07e-07
 2.67513e+16	9.80e-01	2.00e-02	4.99e-07
 2.67522e+16	9.80e-01	1.96e-02	4.90e-07
 2.67529e+16	9.81e-01	1.92e-02	4.83e-07
 2.67538e+16	9.81e-01	1.88e-02	4.74e-07
 2.67547e+16	9.82e-01	1.84e-02	4.66e-07
 2.67555e+16	9.82e-01	1.80e-02	4.58e-07
 2.67563e+16	9.82e-01	1.77e-02	4.52e-07
 2.67571e+16	9.83e-01	1.73e-02	4.44e-07
 2.67580e+16	9.83e-01	1.69e-02	4.36e-07
 2.67588e+16	9.83e-01	1.66e-02	4.30e-07
 2.67597e+16	9.84e-01	1.62e-02	4.22e-07
 2.67607e+16	9.84e-01	1.58e-02	4.14e-07
 2.67616e+16	9.85e-01	1.55e-02	4.08e-07
 2.67625e+16	9.85e-01	1.51e-02	4.00e-07
 2.67636e+16	9.85e-01	1.47e-02	3.92e-07
 2.67645e+16	9.86e-01	1.44e-02	3.86e-07
 2.67656e+16	9.86e-01	1.40e-02	3.78e-07
 2.67667e+16	9.86e-01	1.37e-02	3.71e-07
 2.67677e+16	9.87e-01	1.33e-02	3.64e-07
 2.67688e+16	9.87e-01	1.30e-02	3.56e-07
 2.67700e+16	9.87e-01	1.26e-02	3.49e-07
 2.67711e+16	9.88e-01	1.23e-02	3.42e-07
 2.67721e+16	9.88e-01	1.20e-02	3.37e-07
 2.67732e+16	9.88e-01	1.17e-02	3.29e-07
 2.67744e+16	9.89e-01	1.14e-02	3.23e-07
 2.67757e+16	9.89e-01	1.10e-02	3.15e-07
 2.67773e+16	9.89e-01	1.06e-02	3.06e-07
 2.67792e+16	9.90e-01	1.01e-02	2.97e-07
 2.67810e+16	9.90e-01	9.73e-03	2.88e-07
 2.67828e+16	9.91e-01	9.35e-03	2.79e-07
 2.67846e+16	9.91e-01	8.96e-03	2.71e-07
 2.67866e+16	9.91e-01	8.58e-03	2.62e-07
 2.67885e+16	9.92e-01	8.21e-03	2.53e-07
 2.67906e+16	9.92e-01	7.85e-03	2.44e-07
 2.67926e+16	9.93e-01	7.50e-03	2.36e-07
 2.67947e+16	9.93e-01	7.16e-03	2.28e-07
 2.67969e+16	9.93e-01	6.82e-03	2.19e-07
 2.67992e+16	9.94e-01	6.49e-03	2.11e-07
 2.68015e+16	9.94e-01	6.18e-03	2.03e-07
 2.68039e+16	9.94e-01	5.87e-03	1.95e-07
 2.68064e+16	9.94e-01	5.58e-03	1.87e-07
 2.68089e+16	9.95e-01	5.29e-03	1.79e-07
 2.68115e+16	9.95e-01	5.02e-03	1.71e-07
 2.68141e+16	9.95e-01	4.75e-03	1.64e-07
 2.68169e+16	9.96e-01	4.50e-03	1.56e-07
 2.68197e+16	9.96e-01	4.25e-03	1.49e-07
 2.68227e+16	9.96e-01	4.01e-03	1.42e-07
 2.68257e+16	9.96e-01	3.79e-03	1.35e-07
 2.68288e+16	9.96e-01	3.57e-03	1.28e-07
 2.68321e+16	9.97e-01	3.36e-03	1.22e-07
 2.68355e+16	9.97e-01	3.16e-03	1.15e-07
 2.68390e+16	9.97e-01	2.96e-03	1.09e-07
 2.68427e+16	9.97e-01	2.78e-03	1.03e-07
 2.68466e+16	9.97e-01	2.60e-03	9.64e-08
 2.68506e+16	9.98e-01	2.42e-03	9.02e-08
 2.68549e+16	9.98e-01	2.24e-03	8.40e-08
 2.68595e+16	9.98e-01	2.07e-03	7.76e-08
 2.68643e+16	9.98e-01	1.89e-03	7.11e-08
 2.68696e+16	9.98e-01	1.70e-03	6.45e-08
 2.68753e+16	9.98e-01	1.52e-03	5.77e-08
 2.68815e+16	9.99e-01	1.35e-03	5.11e-08
 2.68884e+16	9.99e-01	1.18e-03	4.48e-08
 2.68963e+16	9.99e-01	1.02e-03	3.89e-08
 2.69054e+16	9.99e-01	8.84e-04	3.35e-08
 2.69153e+16	9.99e-01	7.72e-04	2.92e-08
 2.69253e+16	9.99e-01	6.88e-04	2.60e-08
 2.69352e+16	9.99e-01	6.26e-04	2.36e-08
 2.69452e+16	9.99e-01	5.79e-04	2.18e-08
 2.69551e+16	9.99e-01	5.45e-04	2.04e-08
 2.69651e+16	9.99e-01	5.19e-04	1.94e-08
 2.69750e+16	1.00e+00	5.00e-04	1.86e-08
 2.69850e+16	1.00e+00	4.85e-04	1.80e-08
 2.69950e+16	1.00e+00	4.74e-04	1.75e-08
 2.70049e+16	1.00e+00	4.65e-04	1.72e-08
 2.70164e+16	1.00e+00	4.56e-04	1.68e-08
 2.70312e+16	1.00e+00	4.48e-04	1.64e-08
 2.70506e+16	1.00e+00	4.39e-04	1.60e-08
 2.70757e+16	1.00e+00	4.31e-04	1.55e-08
 2.71084e+16	1.00e+00	4.21e-04	1.49e-08
 2.71509e+16	1.00e+00	4.09e-04	1.42e-08
 2.72062e+16	1.00e+00	3.94e-04	1.33e-08
 2.72778e+16	1.00e+00	3.76e-04	1.22e-08
 2.73634e+16	1.00e+00	3.55e-04	1.10e-08
 2.74557e+16	1.00e+00	3.34e-04	9.84e-09
 2.75547e+16	1.00e+00	3.13e-04	8.69e-09
 2.76632e+16	1.00e+00	2.91e-04	7.58e-09
 2.77851e+16	1.00e+00	2.68e-04	6.47e-09
 2.79201e+16	1.00e+00	2.44e-04	5.44e-09
 2.80680e+16	1.00e+00	2.21e-04	4.49e-09
 2.82347e+16	1.00e+00	1.97e-04	3.61e-09
 2.84233e+16	1.00e+00	1.74e-04	2.82e-09
 2.86330e+16	1.00e+00	1.51e-04	2.16e-09
 2.88612e+16	1.00e+00	1.30e-04	1.61e-09
 2.91139e+16	1.00e+00	1.10e-04	1.17e-09
 2.94008e+16	1.00e+00	9.13e-05	8.12e-10
 2.97291e+16	1.00e+00	7.40e-05	5.39e-10
 3.01049e+16	1.00e+00	5.85e-05	3.40e-10
 3.05351e+16	1.00e+00	4.50e-05	2.03e-10
 3.10346e+16	1.00e+00	3.34e-05	1.13e-10
 3.15823e+16	1.00e+00	2.44e-05	6.12e-11
 3.21392e+16	1.00e+00	1.79e-05	3.34e-11
 3.27280e+16	1.00e+00	1.30e-05	1.78e-11
 3.33647e+16	1.00e+00	9.33e-06	9.19e-12
 3.40302e+16	1.00e+00	6.66e-06	4.73e-12
 3.47192e+16	1.00e+00	4.75e-06	2.43e-12
 3.54220e+16	1.00e+00	3.41e-06	1.26e-12
 3.61282e+16	1.00e+00	2.46e-06	6.59e-13
 3.68629e+16	1.00e+00	1.77e-06	3.44e-13
 3.76453e+16	1.00e+00	1.26e-06	1.75e-13
 3.84552e+16	1.00e+00	8.94e-07	8.91e-14
 3.92853e+16	1.00e+00	6.36e-07	4.53e-14
 4.01278e+16	1.00e+00	4.55e-07	2.35e-14
 4.09991e+16	1.00e+00	3.24e-07	1.20e-14
 4.19036e+16	1.00e+00	2.30e-07	6.08e-15
 4.28126e+16	1.00e+00	1.65e-07	3.14e-15
 4.37640e+16	1.00e+00	1.16e-07	1.59e-15
 4.47726e+16	1.00e+00	8.16e-08	7.89e-16
 4.58117e+16	1.00e+00	5.71e-08	3.91e-16
 4.68714e+16	1.00e+00	4.00e-08	1.94e-16
 4.79633e+16	1.00e+00	2.77e-08	9.50e-17
 4.90992e+16	1.00e+00	1.92e-08	4.63e-17
 5.02692e+16	1.00e+00	1.32e-08	2.24e-17
 5.14567e+16	1.00e+00	9.14e-09	1.09e-17
 5.26500e+16	1.00e+00	6.27e-09	5.31e-18
 5.38987e+16	1.00e+00	4.31e-09	2.56e-18
 5.52163e+16	1.00e+00	2.90e-09	1.20e-18
 5.65668e+16	1.00e+00	1.95e-09	5.59e-19
 5.79511e+16	1.00e+00	1.31e-09	2.59e-19
 5.92653e+16	1.00e+00	9.21e-10	1.31e-19
 6.05935e+16	1.00e+00	6.33e-10	6.37e-20
 6.20037e+16	1.00e+00	4.38e-10	3.11e-20
 6.34729e+16	1.00e+00	2.99e-10	1.47e-20
 6.50323e+16	1.00e+00	2.01e-10	6.83e-21
 6.66002e+16	1.00e+00	1.36e-10	0.00e+00
 6.81679e+16	1.00e+00	9.32e-11	0.00e+00
 6.97353e+16	1.00e+00	6.43e-11	0.00e+00
 7.13026e+16	1.00e+00	4.48e-11	0.00e+00
 7.28697e+16	1.00e+00	3.13e-11	0.00e+00
 7.44362e+16	1.00e+00	2.22e-11	0.00e+00
 7.60026e+16	1.00e+00	1.58e-11	0.00e+00
 7.75693e+16	1.00e+00	1.14e-11	0.00e+00
 7.91360e+16	1.00e+00	8.22e-12	0.00e+00
 8.07025e+16	1.00e+00	5.98e-12	0.00e+00
 8.22690e+16	1.00e+00	4.38e-12	0.00e+00
 8.38353e+16	1.00e+00	3.23e-12	0.00e+00
 8.54017e+16	1.00e+00	2.39e-12	0.00e+00
 8.69680e+16	1.00e+00	1.78e-12	0.00e+00
 8.85342e+16	1.00e+00	1.34e-12	0.00e+00
 9.01004e+16	1.00e+00	1.01e-12	0.00e+00
 9.16665e+16	1.00e+00	7.63e-13	0.00e+00
 9.32327e+16	1.00e+00	5.81e-13	0.00e+00
 9.50337e+16	1.00e+00	4.24e-13	0.00e+00
 9.73750e+16	1.00e+00	2.84e-13	0.00e+00
 1.00419e+17	1.00e+00	1.72e-13	0.00e+00
 1.04182e+17	1.00e+00	9.55e-14	0.00e+00
 1.08349e+17	1.00e+00	5.16e-14	0.00e+00
 1.12683e+17	1.00e+00	2.83e-14	0.00e+00
 1.17191e+17	1.00e+00	1.58e-14	0.00e+00
 1.21472e+17	1.00e+00	9.63e-15	0.00e+00
 1.25396e+17	1.00e+00	6.47e-15	0.00e+00
 1.29399e+17	1.00e+00	4.58e-15	0.00e+00
 1.33628e+17	1.00e+00	3.39e-15	0.00e+00
 1.38016e+17	1.00e+00	2.66e-15	0.00e+00
 1.42493e+17	1.00e+00	2.22e-15	0.00e+00
 1.47060e+17	1.00e+00	1.96e-15	0.00e+00
 1.51723e+17	1.00e+00	1.79e-15	0.00e+00
 1.56474e+17	1.00e+00	1.68e-15	0.00e+00
 1.61289e+17	1.00e+00	1.61e-15	0.00e+00
 1.66148e+17	1.00e+00	1.56e-15	0.00e+00
 1.71047e+17	1.00e+00	1.52e-15	0.00e+00
 1.75957e+17	1.00e+00	1.49e-15	0.00e+00
 1.80849e+17	1.00e+00	1.47e-15	0.00e+00
 1.85706e+17	1.00e+00	1.46e-15	0.00e+00
 1.90493e+17	1.00e+00	1.45e-15	0.00e+00
 1.95180e+17	1.00e+00	1.44e-15	0.00e+00
 1.99765e+17	1.00e+00	1.44e-15	0.00e+00
 2.04220e+17	1.00e+00	1.44e-15	0.00e+00
 2.08520e+17	1.00e+00	1.45e-15	0.00e+00
 2.12656e+17	1.00e+00	1.45e-15	0.00e+00
 2.16616e+17	1.00e+00	1.46e-15	0.00e+00
 2.20395e+17	1.00e+00	1.48e-15	0.00e+00
 2.23989e+17	1.00e+00	1.49e-15	0.00e+00
 2.27396e+17	1.00e+00	1.50e-15	0.00e+00
 2.30625e+17	1.00e+00	1.52e-15	0.00e+00
 2.33681e+17	1.00e+00	1.53e-15	0.00e+00
 2.36568e+17	1.00e+00	1.54e-15	0.00e+00
 2.39292e+17	1.00e+00	1.56e-15	0.00e+00
 2.41863e+17	1.00e+00	1.57e-15	0.00e+00
 2.44289e+17	1.00e+00	1.58e-15	0.00e+00
 2.46577e+17	1.00e+00	1.59e-15	0.00e+00
 2.48736e+17	1.00e+00	1.60e-15	0.00e+00
 2.50773e+17	1.00e+00	1.61e-15	0.00e+00
 2.52696e+17	1.00e+00	1.62e-15	0.00e+00
 2.54513e+17	1.00e+00	1.63e-15	0.00e+00
 2.56229e+17	1.00e+00	1.64e-15	0.00e+00
 2.57851e+17	1.00e+00	1.64e-15	0.00e+00
 2.59384e+17	1.00e+00	1.65e-15	0.00e+00
 2.60834e+17	1.00e+00	1.66e-15	0.00e+00
 2.62206e+17	1.00e+00	1.66e-15	0.00e+00
 2.63504e+17	1.00e+00	1.67e-15	0.00e+00
 2.64735e+17	1.00e+00	1.67e-15	0.00e+00
 2.65901e+17	1.00e+00	1.68e-15	0.00e+00
 2.67006e+17	1.00e+00	1.68e-15	0.00e+00
 2.68055e+17	1.00e+00	1.69e-15	0.00e+00
 2.69049e+17	1.00e+00	1.69e-15	0.00e+00
 2.69994e+17	1.00e+00	1.69e-15	0.00e+00
 2.70891e+17	1.00e+00	1.70e-15	0.00e+00
 2.71744e+17	1.00e+00	1.70e-15	0.00e+00
 2.72555e+17	1.00e+00	1.70e-15	0.00e+00
 2.73327e+17	1.00e+00	1.70e-15	0.00e+00
 2.74061e+17	1.00e+00	1.71e-15	0.00e+00
 2.74761e+17	1.00e+00	1.71e-15	0.00e+00
 2.75429e+17	1.00e+00	1.71e-15	0.00e+00
 2.76065e+17	1.00e+00	1.71e-15	0.00e+00
 2.76673e+17	1.00e+00	1.71e-15	0.00e+00
 2.77254e+17	1.00e+00	1.71e-15	0.00e+00
 2.77810e+17	1.00e+00	1.72e-15	0.00e+00
 2.78342e+17	1.00e+00	1.72e-15	0.00e+00
 2.78852e+17	1.00e+00	1.72e-15	0.00e+00
 2.79341e+17	1.00e+00	1.72e-15	0.00e+00
 2.79811e+17	1.00e+00	1.72e-15	0.00e+00
 2.80264e+17	1.00e+00	1.72e-15	0.00e+00
 2.80700e+17	1.00e+00	1.72e-15	0.00e+00
 2.81121e+17	1.00e+00	1.72e-15	0.00e+00
 2.81528e+17	1.00e+00	1.72e-15	0.00e+00
 2.81922e+17	1.00e+00	1.72e-15	0.00e+00
 2.82306e+17	1.00e+00	1.72e-15	0.00e+00
 2.82679e+17	1.00e+00	1.72e-15	0.00e+00
 2.83044e+17	1.00e+00	1.72e-15	0.00e+00
 2.83401e+17	1.00e+00	1.72e-15	0.00e+00
 2.83752e+17	1.00e+00	1.72e-15	0.00e+00
 2.84099e+17	1.00e+00	1.72e-15	0.00e+00
 2.84443e+17	1.00e+00	1.72e-15	0.00e+00
 2.84786e+17	1.00e+00	1.72e-15	0.00e+00
 2.85129e+17	1.00e+00	1.72e-15	0.00e+00
 2.85475e+17	1.00e+00	1.72e-15	0.00e+00
 2.85826e+17	1.00e+00	1.72e-15	0.00e+00
 2.86186e+17	1.00e+00	1.72e-15	0.00e+00
 2.86557e+17	1.00e+00	1.72e-15	0.00e+00
 2.86945e+17	1.00e+00	1.72e-15	0.00e+00
 2.87354e+17	1.00e+00	1.72e-15	0.00e+00
 2.87791e+17	1.00e+00	1.71e-15	0.00e+00
 2.88266e+17	1.00e+00	1.71e-15	0.00e+00
 2.88790e+17	1.00e+00	1.71e-15	0.00e+00
 2.89382e+17	1.00e+00	1.70e-15	0.00e+00
 2.90063e+17	1.00e+00	1.70e-15	0.00e+00
 2.90870e+17	1.00e+00	1.69e-15	0.00e+00
 2.91854e+17	1.00e+00	1.67e-15	0.00e+00
 2.93092e+17	1.00e+00	1.65e-15	0.00e+00
 2.94690e+17	1.00e+00	1.62e-15	0.00e+00
 2.96767e+17	1.00e+00	1.56e-15	0.00e+00
 2.99467e+17	1.00e+00	1.49e-15	0.00e+00
 3.02978e+17	1.00e+00	1.38e-15	0.00e+00
 3.07541e+17	1.00e+00	1.24e-15	0.00e+00
 3.13474e+17	1.00e+00	1.07e-15	0.00e+00
 3.21186e+17	1.00e+00	8.71e-16	0.00e+00
 3.31213e+17	1.00e+00	6.59e-16	0.00e+00
 3.43617e+17	1.00e+00	4.51e-16	0.00e+00
 3.57362e+17	1.00e+00	3.16e-16	0.00e+00
 3.71656e+17	1.00e+00	2.69e-16	0.00e+00
 3.86523e+17	1.00e+00	2.30e-16	0.00e+00
 4.01616e+17	1.00e+00	1.95e-16	0.00e+00
 4.16071e+17	1.00e+00	1.79e-16	0.00e+00
 4.29231e+17	1.00e+00	1.87e-16	0.00e+00
 4.41197e+17	1.00e+00	2.02e-16	0.00e+00
 4.52412e+17	1.00e+00	2.05e-16	0.00e+00
 4.63036e+17	1.00e+00	1.98e-16	0.00e+00
 4.72886e+17	1.00e+00	1.90e-16	0.00e+00
 4.81746e+17	1.00e+00	1.87e-16	0.00e+00
 4.89617e+17	1.00e+00	1.86e-16	0.00e+00
 4.96655e+17	1.00e+00	1.82e-16	0.00e+00
 5.02945e+17	1.00e+00	1.75e-16	0.00e+00
 5.08008e+17	1.00e+00	1.67e-16	0.00e+00
 5.11326e+17	1.00e+00	1.70e-16	0.00e+00
 5.13255e+17	1.00e+00	1.77e-16	0.00e+00
 5.14400e+17	1.00e+00	1.82e-16	0.00e+00
 5.15087e+17	1.00e+00	1.84e-16	0.00e+00
 5.15526e+17	1.00e+00	1.86e-16	0.00e+00
 5.15877e+17	1.00e+00	1.87e-16	0.00e+00
 5.16225e+17	1.00e+00	1.88e-16	0.00e+00
 5.16625e+17	1.00e+00	1.88e-16	0.00e+00
 5.17039e+17	1.00e+00	1.89e-16	0.00e+00
 5.17401e+17	1.00e+00	1.89e-16	0.00e+00
 5.17716e+17	1.00e+00	1.89e-16	0.00e+00
 5.18000e+17	1.00e+00	1.88e-16	0.00e+00
 5.18267e+17	1.00e+00	1.88e-16	0.00e+00
 5.18527e+17	1.00e+00	1.88e-16	0.00e+00
 5.18771e+17	1.00e+00	1.88e-16	0.00e+00
 5.19002e+17	1.00e+00	1.87e-16	0.00e+00
 5.19227e+17	1.00e+00	1.87e-16	0.00e+00
 5.19445e+17	1.00e+00	1.86e-16	0.00e+00
 5.19652e+17	1.00e+00	1.86e-16	0.00e+00
 5.19838e+17	1.00e+00	1.86e-16	0.00e+00
 5.20015e+17	1.00e+00	1.85e-16	0.00e+00
 5.20198e+17	1.00e+00	1.85e-16	0.00e+00
 5.20381e+17	1.00e+00	1.84e-16	0.00e+00
 5.20547e+17	1.00e+00	1.84e-16	0.00e+00
 5.20701e+17	1.00e+00	1.83e-16	0.00e+00
 5.20851e+17	1.00e+00	1.83e-16	0.00e+00
 5.21001e+17	1.00e+00	1.83e-16	0.00e+00
 5.21150e+17	1.00e+00	1.82e-16	0.00e+00
 5.21298e+17	1.00e+00	1.82e-16	0.00e+00
 5.21443e+17	1.00e+00	1.81e-16	0.00e+00
 5.21579e+17	1.00e+00	1.81e-16	0.00e+00
 5.21711e+17	1.00e+00	1.83e-16	0.00e+00
 5.21848e+17	1.00e+00	1.81e-16	0.00e+00
 5.21991e+17	1.00e+00	1.79e-16	0.00e+00
 5.22128e+17	1.00e+00	1.78e-16	0.00e+00
 5.22259e+17	1.00e+00	1.80e-16	0.00e+00
 5.22390e+17	1.00e+00	1.79e-16	0.00e+00
 5.22530e+17	1.00e+00	1.79e-16	0.00e+00
 5.22673e+17	1.00e+00	1.75e-16	0.00e+00
 5.22807e+17	1.00e+00	1.76e-16	0.00e+00
 5.22941e+17	1.00e+00	1.75e-16	0.00e+00
 5.23080e+17	1.00e+00	1.74e-16	0.00e+00
 5.23221e+17	1.00e+00	1.73e-16	0.00e+00
 5.23364e+17	1.00e+00	1.72e-16	0.00e+00
 5.23508e+17	1.00e+00	1.71e-16	0.00e+00
 5.23655e+17	1.00e+00	1.70e-16	0.00e+00
 5.23805e+17	1.00e+00	1.69e-16	0.00e+00
 5.23967e+17	1.00e+00	1.68e-16	0.00e+00
 5.24131e+17	1.00e+00	1.66e-16	0.00e+00
 5.24285e+17	1.00e+00	1.65e-16	0.00e+00
 5.24449e+17	1.00e+00	1.64e-16	0.00e+00
 5.24619e+17	1.00e+00	1.63e-16	0.00e+00
 5.24785e+17	1.00e+00	1.62e-16	0.00e+00
 5.24959e+17	1.00e+00	1.61e-16	0.00e+00
 5.25147e+17	1.00e+00	1.59e-16	0.00e+00
 5.25330e+17	1.00e+00	1.58e-16	0.00e+00
 5.25506e+17	1.00e+00	1.57e-16	0.00e+00
 5.25692e+17	1.00e+00	1.55e-16	0.00e+00
 5.25893e+17	1.00e+00	1.54e-16	0.00e+00
 5.26102e+17	1.00e+00	1.52e-16	0.00e+00
 5.26317e+17	1.00e+00	1.51e-16	0.00e+00
 5.26530e+17	1.00e+00	1.49e-16	0.00e+00
 5.26742e+17	1.00e+00	1.48e-16	0.00e+00
 5.26960e+17	1.00e+00	1.46e-16	0.00e+00
 5.27189e+17	1.00e+00	1.44e-16	0.00e+00
 5.27425e+17	1.00e+00	1.42e-16	0.00e+00
 5.27663e+17	1.00e+00	1.41e-16	0.00e+00
 5.27906e+17	1.00e+00	1.39e-16	0.00e+00
 5.28159e+17	1.00e+00	1.37e-16	0.00e+00
 5.28422e+17	1.00e+00	1.35e-16	0.00e+00
 5.28695e+17	1.00e+00	1.33e-16	0.00e+00
 5.28969e+17	1.00e+00	1.30e-16	0.00e+00
 5.29242e+17	1.00e+00	1.28e-16	0.00e+00
 5.29532e+17	1.00e+00	1.26e-16	0.00e+00
 5.29839e+17	1.00e+00	1.24e-16	0.00e+00
 5.30139e+17	1.00e+00	1.21e-16	0.00e+00
 5.30438e+17	1.00e+00	1.19e-16	0.00e+00
 5.30758e+17	1.00e+00	1.17e-16	0.00e+00
 5.31096e+17	1.00e+00	1.14e-16	0.00e+00
 5.31432e+17	1.00e+00	1.11e-16	0.00e+00
 5.31761e+17	1.00e+00	1.09e-16	0.00e+00
 5.32100e+17	1.00e+00	1.06e-16	0.00e+00
 5.32460e+17	1.00e+00	1.04e-16	0.00e+00
 5.32830e+17	1.00e+00	1.01e-16	0.00e+00
 5.33199e+17	1.00e+00	9.82e-17	0.00e+00
 5.33574e+17	1.00e+00	9.54e-17	0.00e+00
 5.33963e+17	1.00e+00	9.26e-17	0.00e+00
 5.34362e+17	1.00e+00	8.98e-17	0.00e+00
 5.34768e+17	1.00e+00	8.69e-17	0.00e+00
 5.35182e+17	1.00e+00	8.40e-17	0.00e+00
 5.35607e+17	1.00e+00	8.11e-17	0.00e+00
 5.36042e+17	1.00e+00	7.81e-17	0.00e+00
 5.36484e+17	1.00e+00	7.52e-17	0.00e+00
 5.36929e+17	1.00e+00	7.22e-17	0.00e+00
 5.37380e+17	1.00e+00	6.93e-17	0.00e+00
 5.37841e+17	1.00e+00	6.65e-17	0.00e+00
 5.38332e+17	1.00e+00	6.36e-17	0.00e+00
 5.38840e+17	1.00e+00	6.04e-17	0.00e+00
 5.39331e+17	1.00e+00	5.75e-17	0.00e+00
 5.39823e+17	1.00e+00	5.48e-17	0.00e+00
 5.40341e+17	1.00e+00	5.13e-17	0.00e+00
 5.40885e+17	1.00e+00	4.85e-17	0.00e+00
 5.41451e+17	1.00e+00	4.57e-17	0.00e+00
 5.42020e+17	1.00e+00	4.29e-17	0.00e+00
 5.42581e+17	1.00e+00	4.03e-17	0.00e+00
 5.43160e+17	1.00e+00	3.78e-17	0.00e+00
 5.43786e+17	1.00e+00	3.53e-17	0.00e+00
 5.44449e+17	1.00e+00	3.27e-17	0.00e+00
 5.45108e+17	1.00e+00	3.02e-17	0.00e+00
 5.45720e+17	1.00e+00	2.79e-17	0.00e+00
 5.46257e+17	1.00e+00	2.60e-17	0.00e+00
 5.46739e+17	1.00e+00	2.44e-17	0.00e+00
 5.47195e+17	1.00e+00	2.30e-17	0.00e+00
 5.47637e+17	1.00e+00	2.17e-17	0.00e+00
 5.48063e+17	1.00e+00	2.06e-17	0.00e+00
 5.48467e+17	1.00e+00	1.95e-17	0.00e+00
 5.48849e+17	1.00e+00	1.85e-17	0.00e+00
 5.49212e+17	1.00e+00	1.75e-17	0.00e+00
 5.49563e+17	1.00e+00	1.67e-17	0.00e+00
 5.49901e+17	1.00e+00	1.59e-17	0.00e+00
 5.50227e+17	1.00e+00	1.52e-17	0.00e+00
 5.50539e+17	1.00e+00	1.45e-17	0.00e+00
 5.50839e+17	1.00e+00	1.39e-17	0.00e+00
 5.51128e+17	1.00e+00	1.33e-17	0.00e+00
 5.51408e+17	1.00e+00	1.27e-17	0.00e+00
 5.51678e+17	1.00e+00	1.21e-17	0.00e+00
 5.51936e+17	1.00e+00	1.17e-17	0.00e+00
 5.52185e+17	1.00e+00	1.12e-17	0.00e+00
 5.52427e+17	1.00e+00	1.08e-17	0.00e+00
 5.52662e+17	1.00e+00	1.03e-17	0.00e+00
 5.52891e+17	1.00e+00	9.95e-18	0.00e+00
 5.53112e+17	1.00e+00	9.56e-18	0.00e+00
 5.53324e+17	1.00e+00	9.21e-18	0.00e+00
 5.53528e+17	1.00e+00	8.89e-18	0.00e+00
 5.53730e+17	1.00e+00	8.49e-18	0.00e+00
 5.53928e+17	1.00e+00	8.20e-18	0.00e+00
 5.54122e+17	1.00e+00	7.91e-18	0.00e+00
 5.54310e+17	1.00e+00	7.64e-18	0.00e+00
 5.54493e+17	1.00e+00	7.39e-18	0.00e+00
 5.54672e+17	1.00e+00	7.15e-18	0.00e+00
 5.54848e+17	1.00e+00	6.92e-18	0.00e+00
 5.55048e+17	1.00e+00	6.69e-18	0.00e+00
 5.55309e+17	1.00e+00	6.42e-18	0.00e+00
 5.55648e+17	1.00e+00	6.05e-18	0.00e+00
 5.56089e+17	1.00e+00	5.62e-18	0.00e+00
 5.56662e+17	1.00e+00	5.10e-18	0.00e+00
 5.57406e+17	1.00e+00	4.49e-18	0.00e+00
 5.58244e+17	1.00e+00	3.75e-18	0.00e+00
 5.58992e+17	1.00e+00	3.17e-18	0.00e+00
 5.59592e+17	1.00e+00	2.77e-18	0.00e+00
 5.60117e+17	1.00e+00	2.48e-18	0.00e+00
 5.60651e+17	1.00e+00	2.24e-18	0.00e+00
 5.61224e+17	1.00e+00	2.00e-18	0.00e+00
 5.61813e+17	1.00e+00	1.77e-18	0.00e+00
 5.62390e+17	1.00e+00	1.57e-18	0.00e+00
 5.62953e+17	1.00e+00	1.39e-18	0.00e+00
