#depth	He	He+	He+2
 1.49634e+10	7.24e-23	8.28e-12	1.00e+00
 4.54887e+10	8.09e-23	8.96e-12	1.00e+00
 7.72350e+10	8.99e-23	9.70e-12	1.00e+00
 1.10251e+11	1.00e-22	1.05e-11	1.00e+00
 1.44588e+11	1.11e-22	1.14e-11	1.00e+00
 1.80298e+11	1.24e-22	1.23e-11	1.00e+00
 2.17437e+11	1.38e-22	1.33e-11	1.00e+00
 2.56061e+11	1.54e-22	1.44e-11	1.00e+00
 2.96231e+11	1.73e-22	1.56e-11	1.00e+00
 3.38007e+11	1.93e-22	1.69e-11	1.00e+00
 3.81454e+11	2.16e-22	1.84e-11	1.00e+00
 4.26639e+11	2.43e-22	1.99e-11	1.00e+00
 4.73631e+11	2.73e-22	2.16e-11	1.00e+00
 5.22503e+11	3.06e-22	2.34e-11	1.00e+00
 5.68894e+11	3.42e-22	2.52e-11	1.00e+00
 6.11054e+11	3.76e-22	2.69e-11	1.00e+00
 6.58628e+11	4.18e-22	2.89e-11	1.00e+00
 7.14191e+11	4.72e-22	3.13e-11	1.00e+00
 7.69194e+11	5.30e-22	3.38e-11	1.00e+00
 8.21440e+11	5.90e-22	3.63e-11	1.00e+00
 8.79267e+11	6.62e-22	3.91e-11	1.00e+00
 9.44365e+11	7.52e-22	4.25e-11	1.00e+00
 1.00854e+12	8.50e-22	4.60e-11	1.00e+00
 1.07528e+12	9.60e-22	4.97e-11	1.00e+00
 1.14822e+12	1.09e-21	5.41e-11	1.00e+00
 1.22142e+12	1.24e-21	5.86e-11	1.00e+00
 1.29754e+12	1.41e-21	6.36e-11	1.00e+00
 1.37937e+12	1.62e-21	6.92e-11	1.00e+00
 1.46447e+12	1.85e-21	7.53e-11	1.00e+00
 1.55298e+12	2.12e-21	8.20e-11	1.00e+00
 1.64503e+12	2.43e-21	8.93e-11	1.00e+00
 1.74075e+12	2.78e-21	9.73e-11	1.00e+00
 1.84031e+12	3.20e-21	1.06e-10	1.00e+00
 1.94385e+12	3.67e-21	1.16e-10	1.00e+00
 2.05153e+12	4.22e-21	1.26e-10	1.00e+00
 2.16352e+12	4.86e-21	1.38e-10	1.00e+00
 2.27999e+12	5.59e-21	1.50e-10	1.00e+00
 2.39306e+12	6.38e-21	1.63e-10	1.00e+00
 2.49966e+12	7.19e-21	1.76e-10	1.00e+00
 2.61858e+12	8.17e-21	1.91e-10	1.00e+00
 2.75325e+12	9.43e-21	2.08e-10	1.00e+00
 2.88590e+12	1.08e-20	2.27e-10	1.00e+00
 3.02386e+12	1.23e-20	2.47e-10	1.00e+00
 3.17474e+12	1.42e-20	2.70e-10	1.00e+00
 3.32671e+12	1.63e-20	2.95e-10	1.00e+00
 3.48477e+12	1.87e-20	3.23e-10	1.00e+00
 3.65409e+12	2.15e-20	3.53e-10	1.00e+00
 3.83018e+12	2.48e-20	3.87e-10	1.00e+00
 4.01331e+12	2.85e-20	4.25e-10	1.00e+00
 4.20377e+12	3.28e-20	4.66e-10	1.00e+00
 4.37961e+12	3.72e-20	5.06e-10	1.00e+00
 4.53180e+12	4.12e-20	5.42e-10	1.00e+00
 4.70073e+12	4.60e-20	5.84e-10	1.00e+00
 4.90710e+12	5.25e-20	6.38e-10	1.00e+00
 5.11760e+12	5.98e-20	6.96e-10	1.00e+00
 5.30967e+12	6.71e-20	7.52e-10	1.00e+00
 5.52233e+12	7.58e-20	8.17e-10	1.00e+00
 5.77034e+12	8.72e-20	8.97e-10	1.00e+00
 6.01443e+12	9.95e-20	9.80e-10	1.00e+00
 6.24502e+12	1.12e-19	1.06e-09	1.00e+00
 6.50149e+12	1.27e-19	1.16e-09	1.00e+00
 6.79147e+12	1.46e-19	1.27e-09	1.00e+00
 7.08284e+12	1.67e-19	1.40e-09	1.00e+00
 7.38587e+12	1.91e-19	1.53e-09	1.00e+00
 7.71123e+12	2.19e-19	1.68e-09	1.00e+00
 8.04961e+12	2.51e-19	1.85e-09	1.00e+00
 8.40152e+12	2.89e-19	2.04e-09	1.00e+00
 8.76751e+12	3.32e-19	2.24e-09	1.00e+00
 9.14813e+12	3.83e-19	2.47e-09	1.00e+00
 9.54399e+12	4.42e-19	2.71e-09	1.00e+00
 9.95567e+12	5.11e-19	2.98e-09	1.00e+00
 1.03746e+13	5.90e-19	3.27e-09	1.00e+00
 1.08103e+13	6.83e-19	3.59e-09	1.00e+00
 1.12503e+13	7.88e-19	3.93e-09	1.00e+00
 1.16746e+13	9.03e-19	4.27e-09	1.00e+00
 1.21381e+13	1.04e-18	4.66e-09	1.00e+00
 1.26418e+13	1.21e-18	5.10e-09	1.00e+00
 1.31117e+13	1.40e-18	5.54e-09	1.00e+00
 1.35494e+13	1.58e-18	5.96e-09	1.00e+00
 1.40523e+13	1.82e-18	6.46e-09	1.00e+00
 1.46383e+13	2.14e-18	7.08e-09	1.00e+00
 1.52186e+13	2.50e-18	7.71e-09	1.00e+00
 1.57737e+13	2.88e-18	8.35e-09	1.00e+00
 1.63862e+13	3.36e-18	9.08e-09	1.00e+00
 1.70033e+13	3.91e-18	9.85e-09	1.00e+00
 1.75287e+13	4.42e-18	1.05e-08	1.00e+00
 1.80905e+13	5.02e-18	1.13e-08	1.00e+00
 1.87911e+13	5.87e-18	1.23e-08	1.00e+00
 1.95066e+13	6.84e-18	1.33e-08	1.00e+00
 2.01354e+13	7.79e-18	1.42e-08	1.00e+00
 2.08172e+13	8.93e-18	1.53e-08	1.00e+00
 2.16416e+13	1.05e-17	1.66e-08	1.00e+00
 2.24711e+13	1.23e-17	1.80e-08	1.00e+00
 2.32269e+13	1.40e-17	1.93e-08	1.00e+00
 2.40672e+13	1.62e-17	2.09e-08	1.00e+00
 2.50480e+13	1.92e-17	2.27e-08	1.00e+00
 2.60222e+13	2.24e-17	2.46e-08	1.00e+00
 2.69585e+13	2.59e-17	2.65e-08	1.00e+00
 2.79899e+13	3.02e-17	2.87e-08	1.00e+00
 2.91395e+13	3.57e-17	3.12e-08	1.00e+00
 3.03350e+13	4.20e-17	3.39e-08	1.00e+00
 3.15783e+13	4.95e-17	3.69e-08	1.00e+00
 3.28714e+13	5.84e-17	4.01e-08	1.00e+00
 3.41721e+13	6.84e-17	4.34e-08	1.00e+00
 3.55249e+13	8.01e-17	4.70e-08	1.00e+00
 3.69759e+13	9.43e-17	5.11e-08	1.00e+00
 3.84848e+13	1.11e-16	5.55e-08	1.00e+00
 4.00541e+13	1.31e-16	6.02e-08	1.00e+00
 4.16862e+13	1.54e-16	6.54e-08	1.00e+00
 4.33252e+13	1.80e-16	7.08e-08	1.00e+00
 4.48422e+13	2.07e-16	7.59e-08	1.00e+00
 4.64756e+13	2.39e-16	8.17e-08	1.00e+00
 4.83205e+13	2.80e-16	8.85e-08	1.00e+00
 5.00977e+13	3.24e-16	9.53e-08	1.00e+00
 5.19874e+13	3.77e-16	1.03e-07	1.00e+00
 5.40968e+13	4.43e-16	1.12e-07	1.00e+00
 5.62163e+13	5.18e-16	1.21e-07	1.00e+00
 5.84205e+13	6.06e-16	1.31e-07	1.00e+00
 6.07873e+13	7.12e-16	1.42e-07	1.00e+00
 6.32487e+13	8.37e-16	1.54e-07	1.00e+00
 6.58086e+13	9.84e-16	1.67e-07	1.00e+00
 6.81968e+13	1.14e-15	1.79e-07	1.00e+00
 7.03000e+13	1.29e-15	1.91e-07	1.00e+00
 7.26457e+13	1.47e-15	2.04e-07	1.00e+00
 7.54659e+13	1.72e-15	2.20e-07	1.00e+00
 7.82991e+13	2.00e-15	2.38e-07	1.00e+00
 8.08952e+13	2.28e-15	2.54e-07	1.00e+00
 8.37870e+13	2.63e-15	2.73e-07	1.00e+00
 8.71449e+13	3.08e-15	2.96e-07	1.00e+00
 9.04265e+13	3.58e-15	3.19e-07	1.00e+00
 9.35140e+13	4.10e-15	3.41e-07	1.00e+00
 9.69592e+13	4.75e-15	3.67e-07	1.00e+00
 1.00868e+14	5.58e-15	3.98e-07	1.00e+00
 1.04759e+14	6.49e-15	4.30e-07	1.00e+00
 1.08806e+14	7.57e-15	4.64e-07	1.00e+00
 1.13188e+14	8.87e-15	5.03e-07	1.00e+00
 1.17746e+14	1.04e-14	5.45e-07	1.00e+00
 1.22486e+14	1.22e-14	5.90e-07	1.00e+00
 1.27415e+14	1.43e-14	6.39e-07	1.00e+00
 1.32420e+14	1.66e-14	6.91e-07	1.00e+00
 1.37229e+14	1.92e-14	7.42e-07	1.00e+00
 1.42353e+14	2.22e-14	7.99e-07	1.00e+00
 1.48077e+14	2.60e-14	8.65e-07	1.00e+00
 1.53749e+14	3.01e-14	9.32e-07	1.00e+00
 1.59648e+14	3.50e-14	1.01e-06	1.00e+00
 1.66063e+14	4.09e-14	1.09e-06	1.00e+00
 1.72511e+14	4.75e-14	1.17e-06	1.00e+00
 1.78440e+14	5.43e-14	1.26e-06	1.00e+00
 1.84769e+14	6.22e-14	1.35e-06	1.00e+00
 1.91911e+14	7.23e-14	1.45e-06	1.00e+00
 1.98771e+14	8.30e-14	1.56e-06	1.00e+00
 2.06123e+14	9.57e-14	1.67e-06	1.00e+00
 2.14398e+14	1.12e-13	1.81e-06	1.00e+00
 2.22072e+14	1.28e-13	1.94e-06	1.00e+00
 2.28756e+14	1.44e-13	2.06e-06	1.00e+00
 2.36181e+14	1.63e-13	2.20e-06	1.00e+00
 2.45200e+14	1.89e-13	2.37e-06	1.00e+00
 2.54308e+14	2.18e-13	2.55e-06	1.00e+00
 2.62546e+14	2.47e-13	2.72e-06	1.00e+00
 2.71635e+14	2.83e-13	2.91e-06	1.00e+00
 2.82324e+14	3.29e-13	3.15e-06	1.00e+00
 2.92833e+14	3.80e-13	3.39e-06	1.00e+00
 3.02558e+14	4.32e-13	3.62e-06	1.00e+00
 3.13486e+14	4.98e-13	3.89e-06	1.00e+00
 3.26055e+14	5.82e-13	4.22e-06	1.00e+00
 3.38381e+14	6.74e-13	4.55e-06	1.00e+00
 3.51200e+14	7.82e-13	4.92e-06	1.00e+00
 3.65278e+14	9.15e-13	5.33e-06	1.00e+00
 3.79468e+14	1.07e-12	5.77e-06	1.00e+00
 3.94225e+14	1.24e-12	6.25e-06	1.00e+00
 4.10024e+14	1.46e-12	6.79e-06	1.00e+00
 4.26455e+14	1.71e-12	7.38e-06	1.00e+00
 4.43543e+14	2.00e-12	8.02e-06	1.00e+00
 4.59978e+14	2.32e-12	8.66e-06	1.00e+00
 4.75245e+14	2.65e-12	9.28e-06	1.00e+00
 4.89719e+14	3.00e-12	9.91e-06	1.00e+00
 5.05659e+14	3.42e-12	1.06e-05	1.00e+00
 5.23395e+14	3.94e-12	1.14e-05	1.00e+00
 5.40046e+14	4.48e-12	1.22e-05	1.00e+00
 5.58273e+14	5.16e-12	1.32e-05	1.00e+00
 5.78675e+14	5.96e-12	1.42e-05	1.00e+00
 5.98113e+14	6.85e-12	1.53e-05	1.00e+00
 6.16612e+14	7.76e-12	1.64e-05	1.00e+00
 6.37683e+14	8.94e-12	1.76e-05	1.00e+00
 6.61156e+14	1.04e-11	1.91e-05	1.00e+00
 6.83107e+14	1.19e-11	2.05e-05	1.00e+00
 7.06997e+14	1.37e-11	2.22e-05	1.00e+00
 7.33502e+14	1.60e-11	2.41e-05	1.00e+00
 7.58141e+14	1.84e-11	2.59e-05	1.00e+00
 7.84908e+14	2.13e-11	2.80e-05	1.00e+00
 8.14753e+14	2.49e-11	3.04e-05	1.00e+00
 8.42744e+14	2.86e-11	3.28e-05	1.00e+00
 8.73152e+14	3.32e-11	3.55e-05	1.00e+00
 9.07018e+14	3.89e-11	3.86e-05	1.00e+00
 9.38953e+14	4.50e-11	4.18e-05	1.00e+00
 9.73256e+14	5.22e-11	4.53e-05	1.00e+00
 1.01140e+15	6.14e-11	4.93e-05	1.00e+00
 1.04826e+15	7.13e-11	5.35e-05	1.00e+00
 1.08740e+15	8.30e-11	5.81e-05	1.00e+00
 1.13093e+15	9.78e-11	6.34e-05	1.00e+00
 1.17456e+15	1.15e-10	6.90e-05	1.00e+00
 1.21993e+15	1.34e-10	7.51e-05	1.00e+00
 1.26876e+15	1.58e-10	8.20e-05	1.00e+00
 1.31954e+15	1.86e-10	8.95e-05	1.00e+00
 1.37118e+15	2.18e-10	9.75e-05	1.00e+00
 1.41570e+15	2.49e-10	1.05e-04	1.00e+00
 1.45161e+15	2.75e-10	1.11e-04	1.00e+00
 1.49102e+15	3.08e-10	1.17e-04	1.00e+00
 1.54226e+15	3.54e-10	1.26e-04	1.00e+00
 1.59723e+15	4.09e-10	1.37e-04	1.00e+00
 1.64620e+15	4.63e-10	1.46e-04	1.00e+00
 1.69901e+15	5.27e-10	1.57e-04	1.00e+00
 1.76346e+15	6.15e-10	1.70e-04	1.00e+00
 1.82824e+15	7.13e-10	1.84e-04	1.00e+00
 1.88586e+15	8.10e-10	1.97e-04	1.00e+00
 1.94894e+15	9.27e-10	2.11e-04	1.00e+00
 2.02430e+15	1.08e-09	2.30e-04	1.00e+00
 2.09885e+15	1.26e-09	2.48e-04	1.00e+00
 2.16625e+15	1.43e-09	2.66e-04	1.00e+00
 2.24111e+15	1.64e-09	2.86e-04	1.00e+00
 2.32910e+15	1.93e-09	3.11e-04	1.00e+00
 2.41584e+15	2.23e-09	3.36e-04	1.00e+00
 2.49653e+15	2.55e-09	3.61e-04	1.00e+00
 2.58691e+15	2.96e-09	3.90e-04	1.00e+00
 2.69042e+15	3.47e-09	4.24e-04	1.00e+00
 2.79236e+15	4.04e-09	4.59e-04	1.00e+00
 2.89838e+15	4.70e-09	4.96e-04	1.00e+00
 3.01434e+15	5.51e-09	5.39e-04	9.99e-01
 3.13495e+15	6.47e-09	5.86e-04	9.99e-01
 3.26038e+15	7.58e-09	6.36e-04	9.99e-01
 3.39082e+15	8.89e-09	6.91e-04	9.99e-01
 3.50395e+15	1.01e-08	7.40e-04	9.99e-01
 3.59143e+15	1.12e-08	7.79e-04	9.99e-01
 3.68540e+15	1.25e-08	8.22e-04	9.99e-01
 3.80756e+15	1.42e-08	8.80e-04	9.99e-01
 3.94032e+15	1.63e-08	9.45e-04	9.99e-01
 4.06038e+15	1.84e-08	1.01e-03	9.99e-01
 4.18996e+15	2.09e-08	1.07e-03	9.99e-01
 4.34849e+15	2.43e-08	1.16e-03	9.99e-01
 4.50642e+15	2.80e-08	1.25e-03	9.99e-01
 4.64433e+15	3.15e-08	1.33e-03	9.99e-01
 4.79442e+15	3.59e-08	1.42e-03	9.99e-01
 4.97685e+15	4.18e-08	1.53e-03	9.98e-01
 5.15781e+15	4.81e-08	1.65e-03	9.98e-01
 5.31852e+15	5.45e-08	1.75e-03	9.98e-01
 5.49642e+15	6.22e-08	1.88e-03	9.98e-01
 5.70892e+15	7.26e-08	2.03e-03	9.98e-01
 5.91786e+15	8.39e-08	2.18e-03	9.98e-01
 6.10764e+15	9.52e-08	2.33e-03	9.98e-01
 6.32107e+15	1.10e-07	2.50e-03	9.98e-01
 6.56231e+15	1.28e-07	2.70e-03	9.97e-01
 6.79526e+15	1.47e-07	2.90e-03	9.97e-01
 7.00949e+15	1.66e-07	3.09e-03	9.97e-01
 7.24384e+15	1.91e-07	3.31e-03	9.97e-01
 7.50356e+15	2.20e-07	3.57e-03	9.96e-01
 7.72520e+15	2.47e-07	3.78e-03	9.96e-01
 7.90984e+15	2.72e-07	3.98e-03	9.96e-01
 8.11747e+15	3.03e-07	4.20e-03	9.96e-01
 8.38739e+15	3.47e-07	4.52e-03	9.95e-01
 8.66497e+15	3.97e-07	4.84e-03	9.95e-01
 8.89928e+15	4.42e-07	5.12e-03	9.95e-01
 9.15066e+15	4.98e-07	5.46e-03	9.95e-01
 9.47746e+15	5.79e-07	5.92e-03	9.94e-01
 9.80975e+15	6.67e-07	6.39e-03	9.94e-01
 1.00724e+16	7.44e-07	6.78e-03	9.93e-01
 1.03369e+16	8.35e-07	7.23e-03	9.93e-01
 1.06809e+16	9.69e-07	7.85e-03	9.92e-01
 1.10277e+16	1.11e-06	8.50e-03	9.92e-01
 1.13041e+16	1.24e-06	9.05e-03	9.91e-01
 1.15492e+16	1.37e-06	9.59e-03	9.90e-01
 1.18276e+16	1.54e-06	1.03e-02	9.90e-01
 1.21373e+16	1.74e-06	1.11e-02	9.89e-01
 1.24226e+16	1.95e-06	1.19e-02	9.88e-01
 1.26848e+16	2.17e-06	1.27e-02	9.87e-01
 1.29820e+16	2.46e-06	1.38e-02	9.86e-01
 1.33001e+16	2.81e-06	1.50e-02	9.85e-01
 1.35774e+16	3.15e-06	1.62e-02	9.84e-01
 1.38294e+16	3.52e-06	1.74e-02	9.83e-01
 1.41169e+16	4.03e-06	1.91e-02	9.81e-01
 1.44225e+16	4.65e-06	2.11e-02	9.79e-01
 1.46856e+16	5.27e-06	2.30e-02	9.77e-01
 1.49215e+16	5.94e-06	2.51e-02	9.75e-01
 1.51477e+16	6.68e-06	2.73e-02	9.73e-01
 1.54011e+16	7.76e-06	3.04e-02	9.70e-01
 1.56701e+16	9.07e-06	3.41e-02	9.66e-01
 1.58996e+16	1.04e-05	3.80e-02	9.62e-01
 1.61011e+16	1.20e-05	4.22e-02	9.58e-01
 1.62964e+16	1.38e-05	4.69e-02	9.53e-01
 1.64911e+16	1.60e-05	5.27e-02	9.47e-01
 1.66808e+16	1.85e-05	5.95e-02	9.40e-01
 1.68608e+16	2.20e-05	6.75e-02	9.32e-01
 1.70255e+16	2.57e-05	7.65e-02	9.23e-01
 1.71766e+16	2.97e-05	8.68e-02	9.13e-01
 1.73239e+16	3.51e-05	9.92e-02	9.01e-01
 1.74653e+16	4.16e-05	1.14e-01	8.86e-01
 1.75947e+16	4.98e-05	1.31e-01	8.69e-01
 1.77083e+16	5.79e-05	1.49e-01	8.51e-01
 1.78066e+16	6.78e-05	1.69e-01	8.31e-01
 1.78840e+16	7.65e-05	1.87e-01	8.13e-01
 1.79557e+16	8.60e-05	2.07e-01	7.93e-01
 1.80490e+16	1.02e-04	2.37e-01	7.63e-01
 1.81356e+16	1.19e-04	2.70e-01	7.30e-01
 1.81961e+16	1.34e-04	2.97e-01	7.03e-01
 1.82572e+16	1.51e-04	3.28e-01	6.72e-01
 1.83367e+16	1.77e-04	3.73e-01	6.26e-01
 1.84121e+16	2.05e-04	4.22e-01	5.78e-01
 1.84679e+16	2.29e-04	4.61e-01	5.39e-01
 1.85259e+16	2.57e-04	5.06e-01	4.94e-01
 1.86014e+16	2.94e-04	5.64e-01	4.35e-01
 1.86793e+16	3.35e-04	6.25e-01	3.74e-01
 1.87452e+16	3.71e-04	6.76e-01	3.24e-01
 1.88158e+16	4.10e-04	7.27e-01	2.73e-01
 1.89075e+16	4.59e-04	7.85e-01	2.15e-01
 1.90100e+16	5.07e-04	8.37e-01	1.63e-01
 1.91266e+16	5.55e-04	8.82e-01	1.17e-01
 1.92781e+16	6.07e-04	9.22e-01	7.71e-02
 1.94751e+16	6.62e-04	9.53e-01	4.60e-02
 1.97311e+16	7.21e-04	9.74e-01	2.49e-02
 2.00640e+16	7.90e-04	9.87e-01	1.23e-02
 2.04079e+16	8.62e-04	9.93e-01	6.59e-03
 2.06846e+16	9.27e-04	9.95e-01	4.23e-03
 2.09190e+16	9.88e-04	9.96e-01	2.98e-03
 2.11800e+16	1.07e-03	9.97e-01	2.05e-03
 2.14624e+16	1.16e-03	9.97e-01	1.42e-03
 2.16571e+16	1.24e-03	9.98e-01	1.15e-03
 2.17539e+16	1.28e-03	9.98e-01	1.03e-03
 2.18393e+16	1.32e-03	9.98e-01	9.27e-04
 2.19502e+16	1.38e-03	9.98e-01	8.13e-04
 2.20945e+16	1.45e-03	9.98e-01	6.88e-04
 2.22418e+16	1.54e-03	9.98e-01	5.89e-04
 2.23568e+16	1.62e-03	9.98e-01	5.23e-04
 2.24530e+16	1.69e-03	9.98e-01	4.74e-04
 2.25423e+16	1.76e-03	9.98e-01	4.33e-04
 2.26248e+16	1.83e-03	9.98e-01	3.99e-04
 2.27172e+16	1.92e-03	9.98e-01	3.62e-04
 2.28144e+16	2.02e-03	9.98e-01	3.30e-04
 2.28948e+16	2.11e-03	9.98e-01	3.06e-04
 2.29632e+16	2.19e-03	9.98e-01	2.87e-04
 2.30393e+16	2.28e-03	9.97e-01	2.66e-04
 2.31226e+16	2.40e-03	9.97e-01	2.46e-04
 2.31959e+16	2.52e-03	9.97e-01	2.30e-04
 2.32593e+16	2.62e-03	9.97e-01	2.17e-04
 2.33294e+16	2.75e-03	9.97e-01	2.03e-04
 2.34052e+16	2.89e-03	9.97e-01	1.90e-04
 2.34705e+16	3.04e-03	9.97e-01	1.79e-04
 2.35262e+16	3.17e-03	9.97e-01	1.70e-04
 2.35876e+16	3.32e-03	9.97e-01	1.61e-04
 2.36546e+16	3.51e-03	9.96e-01	1.52e-04
 2.37136e+16	3.69e-03	9.96e-01	1.44e-04
 2.37647e+16	3.86e-03	9.96e-01	1.38e-04
 2.38209e+16	4.07e-03	9.96e-01	1.31e-04
 2.38821e+16	4.31e-03	9.96e-01	1.25e-04
 2.39355e+16	4.56e-03	9.95e-01	1.19e-04
 2.39819e+16	4.78e-03	9.95e-01	1.15e-04
 2.40335e+16	5.06e-03	9.95e-01	1.09e-04
 2.40899e+16	5.39e-03	9.95e-01	1.04e-04
 2.41398e+16	5.73e-03	9.94e-01	1.00e-04
 2.41837e+16	6.06e-03	9.94e-01	9.64e-05
 2.42324e+16	6.46e-03	9.93e-01	9.24e-05
 2.42861e+16	6.96e-03	9.93e-01	8.83e-05
 2.43346e+16	7.48e-03	9.92e-01	8.49e-05
 2.43784e+16	8.01e-03	9.92e-01	8.19e-05
 2.44276e+16	8.67e-03	9.91e-01	7.84e-05
 2.44820e+16	9.55e-03	9.90e-01	7.49e-05
 2.45299e+16	1.05e-02	9.89e-01	7.21e-05
 2.45701e+16	1.14e-02	9.89e-01	6.98e-05
 2.46135e+16	1.25e-02	9.87e-01	6.72e-05
 2.46582e+16	1.38e-02	9.86e-01	6.48e-05
 2.46932e+16	1.51e-02	9.85e-01	6.30e-05
 2.47212e+16	1.63e-02	9.84e-01	6.17e-05
 2.47515e+16	1.78e-02	9.82e-01	6.01e-05
 2.47852e+16	1.97e-02	9.80e-01	5.85e-05
 2.48152e+16	2.17e-02	9.78e-01	5.71e-05
 2.48401e+16	2.37e-02	9.76e-01	5.61e-05
 2.48624e+16	2.58e-02	9.74e-01	5.51e-05
 2.48872e+16	2.84e-02	9.72e-01	5.40e-05
 2.49141e+16	3.17e-02	9.68e-01	5.31e-05
 2.49376e+16	3.52e-02	9.65e-01	5.23e-05
 2.49575e+16	3.87e-02	9.61e-01	5.18e-05
 2.49749e+16	4.22e-02	9.58e-01	5.13e-05
 2.49937e+16	4.65e-02	9.53e-01	5.08e-05
 2.50180e+16	5.31e-02	9.47e-01	5.02e-05
 2.50419e+16	6.11e-02	9.39e-01	5.00e-05
 2.50589e+16	6.82e-02	9.32e-01	4.99e-05
 2.50720e+16	7.42e-02	9.26e-01	5.00e-05
 2.50863e+16	8.17e-02	9.18e-01	5.01e-05
 2.51044e+16	9.27e-02	9.07e-01	5.03e-05
 2.51221e+16	1.06e-01	8.94e-01	5.08e-05
 2.51354e+16	1.17e-01	8.83e-01	5.12e-05
 2.51463e+16	1.27e-01	8.72e-01	5.18e-05
 2.51566e+16	1.38e-01	8.62e-01	5.24e-05
 2.51664e+16	1.50e-01	8.50e-01	5.30e-05
 2.51760e+16	1.62e-01	8.38e-01	5.36e-05
 2.51832e+16	1.72e-01	8.28e-01	5.41e-05
 2.51878e+16	1.79e-01	8.21e-01	5.45e-05
 2.51919e+16	1.86e-01	8.14e-01	5.48e-05
 2.51969e+16	1.94e-01	8.06e-01	5.51e-05
 2.52022e+16	2.03e-01	7.97e-01	5.56e-05
 2.52074e+16	2.12e-01	7.88e-01	5.60e-05
 2.52122e+16	2.21e-01	7.79e-01	5.66e-05
 2.52170e+16	2.31e-01	7.69e-01	5.69e-05
 2.52217e+16	2.40e-01	7.60e-01	5.74e-05
 2.52264e+16	2.51e-01	7.49e-01	5.78e-05
 2.52311e+16	2.61e-01	7.39e-01	5.84e-05
 2.52357e+16	2.72e-01	7.28e-01	5.88e-05
 2.52403e+16	2.83e-01	7.17e-01	5.92e-05
 2.52448e+16	2.94e-01	7.06e-01	5.97e-05
 2.52492e+16	3.06e-01	6.94e-01	6.02e-05
 2.52536e+16	3.18e-01	6.82e-01	6.05e-05
 2.52580e+16	3.30e-01	6.70e-01	6.10e-05
 2.52623e+16	3.43e-01	6.57e-01	6.13e-05
 2.52665e+16	3.55e-01	6.45e-01	6.18e-05
 2.52707e+16	3.68e-01	6.32e-01	6.22e-05
 2.52749e+16	3.82e-01	6.18e-01	6.25e-05
 2.52790e+16	3.95e-01	6.05e-01	6.28e-05
 2.52830e+16	4.09e-01	5.91e-01	6.31e-05
 2.52870e+16	4.22e-01	5.78e-01	6.34e-05
 2.52910e+16	4.36e-01	5.64e-01	6.37e-05
 2.52950e+16	4.51e-01	5.49e-01	6.38e-05
 2.52988e+16	4.64e-01	5.36e-01	6.41e-05
 2.53026e+16	4.79e-01	5.21e-01	6.42e-05
 2.53064e+16	4.92e-01	5.08e-01	6.44e-05
 2.53100e+16	5.06e-01	4.94e-01	6.45e-05
 2.53137e+16	5.21e-01	4.79e-01	6.45e-05
 2.53173e+16	5.35e-01	4.65e-01	6.45e-05
 2.53209e+16	5.49e-01	4.51e-01	6.45e-05
 2.53243e+16	5.62e-01	4.38e-01	6.45e-05
 2.53277e+16	5.75e-01	4.25e-01	6.45e-05
 2.53310e+16	5.88e-01	4.12e-01	6.44e-05
 2.53342e+16	6.01e-01	3.99e-01	6.43e-05
 2.53374e+16	6.13e-01	3.87e-01	6.41e-05
 2.53405e+16	6.26e-01	3.74e-01	6.39e-05
 2.53436e+16	6.38e-01	3.62e-01	6.35e-05
 2.53466e+16	6.50e-01	3.50e-01	6.33e-05
 2.53496e+16	6.61e-01	3.39e-01	6.30e-05
 2.53525e+16	6.72e-01	3.28e-01	6.26e-05
 2.53554e+16	6.83e-01	3.17e-01	6.23e-05
 2.53582e+16	6.94e-01	3.06e-01	6.19e-05
 2.53610e+16	7.04e-01	2.96e-01	6.15e-05
 2.53637e+16	7.14e-01	2.86e-01	6.10e-05
 2.53663e+16	7.23e-01	2.76e-01	6.06e-05
 2.53690e+16	7.33e-01	2.67e-01	6.01e-05
 2.53716e+16	7.42e-01	2.58e-01	5.96e-05
 2.53742e+16	7.51e-01	2.49e-01	5.91e-05
 2.53767e+16	7.59e-01	2.40e-01	5.86e-05
 2.53792e+16	7.68e-01	2.32e-01	5.81e-05
 2.53817e+16	7.76e-01	2.24e-01	5.76e-05
 2.53841e+16	7.83e-01	2.17e-01	5.70e-05
 2.53865e+16	7.91e-01	2.09e-01	5.64e-05
 2.53889e+16	7.98e-01	2.02e-01	5.58e-05
 2.53910e+16	8.04e-01	1.95e-01	5.52e-05
 2.53926e+16	8.09e-01	1.91e-01	5.47e-05
 2.53940e+16	8.14e-01	1.86e-01	5.43e-05
 2.53956e+16	8.18e-01	1.82e-01	5.38e-05
 2.53972e+16	8.23e-01	1.77e-01	5.33e-05
 2.53987e+16	8.27e-01	1.73e-01	5.28e-05
 2.54002e+16	8.31e-01	1.69e-01	5.24e-05
 2.54016e+16	8.35e-01	1.65e-01	5.20e-05
 2.54031e+16	8.39e-01	1.61e-01	5.14e-05
 2.54044e+16	8.42e-01	1.58e-01	5.10e-05
 2.54058e+16	8.46e-01	1.54e-01	5.05e-05
 2.54071e+16	8.49e-01	1.51e-01	5.01e-05
 2.54085e+16	8.53e-01	1.47e-01	4.96e-05
 2.54098e+16	8.56e-01	1.44e-01	4.92e-05
 2.54111e+16	8.59e-01	1.41e-01	4.87e-05
 2.54125e+16	8.62e-01	1.38e-01	4.82e-05
 2.54138e+16	8.65e-01	1.34e-01	4.78e-05
 2.54151e+16	8.69e-01	1.31e-01	4.73e-05
 2.54165e+16	8.72e-01	1.28e-01	4.67e-05
 2.54180e+16	8.75e-01	1.25e-01	4.63e-05
 2.54195e+16	8.78e-01	1.21e-01	4.57e-05
 2.54212e+16	8.82e-01	1.18e-01	4.51e-05
 2.54231e+16	8.86e-01	1.14e-01	4.44e-05
 2.54250e+16	8.90e-01	1.10e-01	4.36e-05
 2.54271e+16	8.94e-01	1.06e-01	4.29e-05
 2.54290e+16	8.98e-01	1.02e-01	4.21e-05
 2.54308e+16	9.01e-01	9.89e-02	4.13e-05
 2.54325e+16	9.04e-01	9.57e-02	4.05e-05
 2.54342e+16	9.07e-01	9.26e-02	3.98e-05
 2.54359e+16	9.10e-01	8.97e-02	3.90e-05
 2.54374e+16	9.13e-01	8.70e-02	3.83e-05
 2.54388e+16	9.15e-01	8.45e-02	3.75e-05
 2.54401e+16	9.18e-01	8.24e-02	3.69e-05
 2.54413e+16	9.19e-01	8.05e-02	3.63e-05
 2.54423e+16	9.21e-01	7.87e-02	3.58e-05
 2.54433e+16	9.23e-01	7.71e-02	3.53e-05
 2.54442e+16	9.24e-01	7.57e-02	3.48e-05
 2.54450e+16	9.26e-01	7.44e-02	3.43e-05
 2.54458e+16	9.27e-01	7.30e-02	3.38e-05
 2.54468e+16	9.28e-01	7.15e-02	3.33e-05
 2.54476e+16	9.30e-01	7.02e-02	3.29e-05
 2.54484e+16	9.31e-01	6.90e-02	3.24e-05
 2.54491e+16	9.32e-01	6.79e-02	3.19e-05
 2.54498e+16	9.33e-01	6.69e-02	3.16e-05
 2.54505e+16	9.34e-01	6.58e-02	3.12e-05
 2.54512e+16	9.35e-01	6.46e-02	3.07e-05
 2.54519e+16	9.36e-01	6.36e-02	3.03e-05
 2.54526e+16	9.37e-01	6.27e-02	3.00e-05
 2.54532e+16	9.38e-01	6.18e-02	2.95e-05
 2.54538e+16	9.39e-01	6.08e-02	2.92e-05
 2.54545e+16	9.40e-01	5.99e-02	2.88e-05
 2.54551e+16	9.41e-01	5.90e-02	2.84e-05
 2.54557e+16	9.42e-01	5.82e-02	2.80e-05
 2.54562e+16	9.43e-01	5.74e-02	2.77e-05
 2.54567e+16	9.43e-01	5.66e-02	2.73e-05
 2.54573e+16	9.44e-01	5.58e-02	2.70e-05
 2.54579e+16	9.45e-01	5.50e-02	2.66e-05
 2.54584e+16	9.46e-01	5.42e-02	2.62e-05
 2.54589e+16	9.46e-01	5.36e-02	2.59e-05
 2.54594e+16	9.47e-01	5.29e-02	2.56e-05
 2.54600e+16	9.48e-01	5.20e-02	2.52e-05
 2.54607e+16	9.49e-01	5.10e-02	2.47e-05
 2.54614e+16	9.50e-01	5.02e-02	2.44e-05
 2.54619e+16	9.51e-01	4.94e-02	2.40e-05
 2.54625e+16	9.51e-01	4.87e-02	2.37e-05
 2.54630e+16	9.52e-01	4.81e-02	2.34e-05
 2.54634e+16	9.53e-01	4.75e-02	2.30e-05
 2.54638e+16	9.53e-01	4.69e-02	2.28e-05
 2.54642e+16	9.54e-01	4.64e-02	2.25e-05
 2.54648e+16	9.54e-01	4.56e-02	2.21e-05
 2.54654e+16	9.55e-01	4.48e-02	2.18e-05
 2.54660e+16	9.56e-01	4.42e-02	2.14e-05
 2.54665e+16	9.56e-01	4.35e-02	2.11e-05
 2.54670e+16	9.57e-01	4.30e-02	2.09e-05
 2.54674e+16	9.58e-01	4.24e-02	2.06e-05
 2.54678e+16	9.58e-01	4.20e-02	2.03e-05
 2.54682e+16	9.58e-01	4.15e-02	2.01e-05
 2.54687e+16	9.59e-01	4.08e-02	1.98e-05
 2.54693e+16	9.60e-01	4.02e-02	1.95e-05
 2.54699e+16	9.60e-01	3.96e-02	1.92e-05
 2.54703e+16	9.61e-01	3.90e-02	1.89e-05
 2.54708e+16	9.61e-01	3.85e-02	1.87e-05
 2.54713e+16	9.62e-01	3.80e-02	1.85e-05
 2.54719e+16	9.63e-01	3.73e-02	1.81e-05
 2.54726e+16	9.63e-01	3.66e-02	1.78e-05
 2.54732e+16	9.64e-01	3.60e-02	1.75e-05
 2.54738e+16	9.65e-01	3.55e-02	1.73e-05
 2.54743e+16	9.65e-01	3.50e-02	1.70e-05
 2.54748e+16	9.65e-01	3.45e-02	1.68e-05
 2.54753e+16	9.66e-01	3.40e-02	1.66e-05
 2.54760e+16	9.67e-01	3.34e-02	1.62e-05
 2.54767e+16	9.67e-01	3.27e-02	1.59e-05
 2.54773e+16	9.68e-01	3.22e-02	1.57e-05
 2.54779e+16	9.68e-01	3.16e-02	1.54e-05
 2.54785e+16	9.69e-01	3.12e-02	1.52e-05
 2.54790e+16	9.69e-01	3.07e-02	1.50e-05
 2.54795e+16	9.70e-01	3.03e-02	1.48e-05
 2.54802e+16	9.70e-01	2.97e-02	1.45e-05
 2.54810e+16	9.71e-01	2.91e-02	1.42e-05
 2.54817e+16	9.71e-01	2.86e-02	1.40e-05
 2.54823e+16	9.72e-01	2.81e-02	1.38e-05
 2.54829e+16	9.72e-01	2.77e-02	1.36e-05
 2.54834e+16	9.73e-01	2.73e-02	1.34e-05
 2.54840e+16	9.73e-01	2.69e-02	1.32e-05
 2.54847e+16	9.74e-01	2.63e-02	1.29e-05
 2.54855e+16	9.74e-01	2.58e-02	1.27e-05
 2.54862e+16	9.75e-01	2.53e-02	1.25e-05
 2.54869e+16	9.75e-01	2.49e-02	1.23e-05
 2.54875e+16	9.76e-01	2.45e-02	1.21e-05
 2.54882e+16	9.76e-01	2.41e-02	1.19e-05
 2.54889e+16	9.76e-01	2.36e-02	1.17e-05
 2.54895e+16	9.77e-01	2.32e-02	1.15e-05
 2.54901e+16	9.77e-01	2.29e-02	1.14e-05
 2.54908e+16	9.77e-01	2.25e-02	1.12e-05
 2.54916e+16	9.78e-01	2.20e-02	1.10e-05
 2.54925e+16	9.78e-01	2.15e-02	1.07e-05
 2.54934e+16	9.79e-01	2.11e-02	1.05e-05
 2.54941e+16	9.79e-01	2.07e-02	1.04e-05
 2.54948e+16	9.80e-01	2.03e-02	1.02e-05
 2.54956e+16	9.80e-01	1.99e-02	1.00e-05
 2.54964e+16	9.80e-01	1.96e-02	9.85e-06
 2.54971e+16	9.81e-01	1.92e-02	9.70e-06
 2.54979e+16	9.81e-01	1.88e-02	9.52e-06
 2.54988e+16	9.82e-01	1.84e-02	9.34e-06
 2.54996e+16	9.82e-01	1.81e-02	9.19e-06
 2.55005e+16	9.82e-01	1.77e-02	9.01e-06
 2.55014e+16	9.83e-01	1.73e-02	8.84e-06
 2.55023e+16	9.83e-01	1.70e-02	8.69e-06
 2.55032e+16	9.83e-01	1.66e-02	8.50e-06
 2.55042e+16	9.84e-01	1.62e-02	8.33e-06
 2.55051e+16	9.84e-01	1.59e-02	8.18e-06
 2.55060e+16	9.84e-01	1.56e-02	8.04e-06
 2.55069e+16	9.85e-01	1.53e-02	7.88e-06
 2.55079e+16	9.85e-01	1.49e-02	7.73e-06
 2.55088e+16	9.85e-01	1.46e-02	7.60e-06
 2.55098e+16	9.86e-01	1.43e-02	7.44e-06
 2.55109e+16	9.86e-01	1.40e-02	7.29e-06
 2.55118e+16	9.86e-01	1.37e-02	7.15e-06
 2.55129e+16	9.87e-01	1.34e-02	7.00e-06
 2.55141e+16	9.87e-01	1.30e-02	6.85e-06
 2.55151e+16	9.87e-01	1.28e-02	6.72e-06
 2.55162e+16	9.88e-01	1.24e-02	6.57e-06
 2.55175e+16	9.88e-01	1.21e-02	6.42e-06
 2.55186e+16	9.88e-01	1.19e-02	6.29e-06
 2.55199e+16	9.88e-01	1.15e-02	6.14e-06
 2.55212e+16	9.89e-01	1.12e-02	6.00e-06
 2.55224e+16	9.89e-01	1.10e-02	5.88e-06
 2.55237e+16	9.89e-01	1.07e-02	5.73e-06
 2.55252e+16	9.90e-01	1.04e-02	5.60e-06
 2.55265e+16	9.90e-01	1.01e-02	5.48e-06
 2.55279e+16	9.90e-01	9.86e-03	5.34e-06
 2.55294e+16	9.90e-01	9.59e-03	5.20e-06
 2.55309e+16	9.91e-01	9.35e-03	5.09e-06
 2.55324e+16	9.91e-01	9.08e-03	4.95e-06
 2.55341e+16	9.91e-01	8.82e-03	4.83e-06
 2.55359e+16	9.91e-01	8.54e-03	4.68e-06
 2.55383e+16	9.92e-01	8.19e-03	4.51e-06
 2.55410e+16	9.92e-01	7.84e-03	4.34e-06
 2.55437e+16	9.92e-01	7.52e-03	4.18e-06
 2.55464e+16	9.93e-01	7.22e-03	4.02e-06
 2.55493e+16	9.93e-01	6.91e-03	3.86e-06
 2.55525e+16	9.93e-01	6.61e-03	3.70e-06
 2.55559e+16	9.94e-01	6.32e-03	3.55e-06
 2.55595e+16	9.94e-01	6.04e-03	3.40e-06
 2.55633e+16	9.94e-01	5.78e-03	3.26e-06
 2.55675e+16	9.94e-01	5.52e-03	3.11e-06
 2.55720e+16	9.95e-01	5.27e-03	2.98e-06
 2.55771e+16	9.95e-01	5.03e-03	2.84e-06
 2.55827e+16	9.95e-01	4.80e-03	2.71e-06
 2.55890e+16	9.95e-01	4.58e-03	2.59e-06
 2.55962e+16	9.96e-01	4.38e-03	2.47e-06
 2.56046e+16	9.96e-01	4.19e-03	2.36e-06
 2.56141e+16	9.96e-01	4.02e-03	2.26e-06
 2.56241e+16	9.96e-01	3.89e-03	2.17e-06
 2.56341e+16	9.96e-01	3.78e-03	2.10e-06
 2.56440e+16	9.96e-01	3.69e-03	2.04e-06
 2.56555e+16	9.96e-01	3.60e-03	1.97e-06
 2.56704e+16	9.96e-01	3.54e-03	1.93e-06
 2.56898e+16	9.97e-01	3.45e-03	1.86e-06
 2.57150e+16	9.97e-01	3.37e-03	1.79e-06
 2.57478e+16	9.97e-01	3.28e-03	1.71e-06
 2.57904e+16	9.97e-01	3.18e-03	1.61e-06
 2.58458e+16	9.97e-01	3.06e-03	1.50e-06
 2.59170e+16	9.97e-01	2.91e-03	1.36e-06
 2.59980e+16	9.97e-01	2.77e-03	1.23e-06
 2.60792e+16	9.97e-01	2.63e-03	1.12e-06
 2.61598e+16	9.97e-01	2.51e-03	1.01e-06
 2.62430e+16	9.98e-01	2.38e-03	9.18e-07
 2.63297e+16	9.98e-01	2.26e-03	8.27e-07
 2.64189e+16	9.98e-01	2.15e-03	7.45e-07
 2.65097e+16	9.98e-01	2.04e-03	6.70e-07
 2.66026e+16	9.98e-01	1.93e-03	6.02e-07
 2.66978e+16	9.98e-01	1.83e-03	5.40e-07
 2.67956e+16	9.98e-01	1.73e-03	4.83e-07
 2.68958e+16	9.98e-01	1.64e-03	4.31e-07
 2.69985e+16	9.98e-01	1.55e-03	3.84e-07
 2.71039e+16	9.99e-01	1.46e-03	3.42e-07
 2.72121e+16	9.99e-01	1.38e-03	3.04e-07
 2.73231e+16	9.99e-01	1.30e-03	2.70e-07
 2.74369e+16	9.99e-01	1.23e-03	2.38e-07
 2.75540e+16	9.99e-01	1.16e-03	2.10e-07
 2.76744e+16	9.99e-01	1.09e-03	1.85e-07
 2.77982e+16	9.99e-01	1.02e-03	1.63e-07
 2.79256e+16	9.99e-01	9.58e-04	1.43e-07
 2.80570e+16	9.99e-01	8.98e-04	1.25e-07
 2.81926e+16	9.99e-01	8.41e-04	1.09e-07
 2.83328e+16	9.99e-01	7.86e-04	9.43e-08
 2.84756e+16	9.99e-01	7.35e-04	8.18e-08
 2.86229e+16	9.99e-01	6.86e-04	7.06e-08
 2.87787e+16	9.99e-01	6.38e-04	6.06e-08
 2.89418e+16	9.99e-01	5.92e-04	5.16e-08
 2.91116e+16	9.99e-01	5.48e-04	4.38e-08
 2.92884e+16	9.99e-01	5.06e-04	3.70e-08
 2.94730e+16	1.00e+00	4.66e-04	3.10e-08
 2.96667e+16	1.00e+00	4.28e-04	2.58e-08
 2.98727e+16	1.00e+00	3.91e-04	2.13e-08
 3.00894e+16	1.00e+00	3.56e-04	1.74e-08
 3.03189e+16	1.00e+00	3.22e-04	1.40e-08
 3.05657e+16	1.00e+00	2.90e-04	1.12e-08
 3.08294e+16	1.00e+00	2.58e-04	8.77e-09
 3.11130e+16	1.00e+00	2.29e-04	6.76e-09
 3.14213e+16	1.00e+00	2.00e-04	5.11e-09
 3.17548e+16	1.00e+00	1.72e-04	3.75e-09
 3.21464e+16	1.00e+00	1.45e-04	2.62e-09
 3.25789e+16	1.00e+00	1.20e-04	1.78e-09
 3.30309e+16	1.00e+00	9.83e-05	1.18e-09
 3.35701e+16	1.00e+00	7.69e-05	7.24e-10
 3.42237e+16	1.00e+00	5.75e-05	4.04e-10
 3.49584e+16	1.00e+00	4.17e-05	2.14e-10
 3.57448e+16	1.00e+00	2.98e-05	1.10e-10
 3.65587e+16	1.00e+00	2.13e-05	5.68e-11
 3.73888e+16	1.00e+00	1.52e-05	2.93e-11
 3.82601e+16	1.00e+00	1.07e-05	1.48e-11
 3.91646e+16	1.00e+00	7.55e-06	7.47e-12
 4.01062e+16	1.00e+00	5.28e-06	3.71e-12
 4.11001e+16	1.00e+00	3.66e-06	1.82e-12
 4.21289e+16	1.00e+00	2.53e-06	8.85e-13
 4.31834e+16	1.00e+00	1.75e-06	4.32e-13
 4.42754e+16	1.00e+00	1.19e-06	2.08e-13
 4.54169e+16	1.00e+00	8.18e-07	9.98e-14
 4.65927e+16	1.00e+00	5.60e-07	4.79e-14
 4.77860e+16	1.00e+00	3.85e-07	2.31e-14
 4.89852e+16	1.00e+00	2.65e-07	1.13e-14
 5.02338e+16	1.00e+00	1.83e-07	5.49e-15
 5.15647e+16	1.00e+00	1.25e-07	2.59e-15
 5.29561e+16	1.00e+00	8.44e-08	1.21e-15
 5.43820e+16	1.00e+00	5.72e-08	5.66e-16
 5.58513e+16	1.00e+00	3.87e-08	2.64e-16
 5.73796e+16	1.00e+00	2.62e-08	1.22e-16
 5.89382e+16	1.00e+00	1.77e-08	5.67e-17
 6.05043e+16	1.00e+00	1.21e-08	2.68e-17
 6.20703e+16	1.00e+00	8.36e-09	1.29e-17
 6.36364e+16	1.00e+00	5.83e-09	6.32e-18
 6.52024e+16	1.00e+00	4.10e-09	3.15e-18
 6.67687e+16	1.00e+00	2.91e-09	1.59e-18
 6.83352e+16	1.00e+00	2.08e-09	8.18e-19
 6.99016e+16	1.00e+00	1.50e-09	4.26e-19
 7.14681e+16	1.00e+00	1.08e-09	2.25e-19
 7.30344e+16	1.00e+00	7.91e-10	1.20e-19
 7.46008e+16	1.00e+00	5.82e-10	6.53e-20
 7.61671e+16	1.00e+00	4.30e-10	3.59e-20
 7.77334e+16	1.00e+00	3.21e-10	2.00e-20
 7.92996e+16	1.00e+00	2.40e-10	1.12e-20
 8.08658e+16	1.00e+00	1.81e-10	6.40e-21
 8.24321e+16	1.00e+00	1.37e-10	0.00e+00
 8.42332e+16	1.00e+00	9.94e-11	0.00e+00
 8.63000e+16	1.00e+00	7.00e-11	0.00e+00
 8.83973e+16	1.00e+00	4.96e-11	0.00e+00
 9.06229e+16	1.00e+00	3.45e-11	0.00e+00
 9.30233e+16	1.00e+00	2.37e-11	0.00e+00
 9.54818e+16	1.00e+00	1.63e-11	0.00e+00
 9.79521e+16	1.00e+00	1.13e-11	0.00e+00
 1.00422e+17	1.00e+00	7.90e-12	0.00e+00
 1.02999e+17	1.00e+00	5.48e-12	0.00e+00
 1.05707e+17	1.00e+00	3.78e-12	0.00e+00
 1.08482e+17	1.00e+00	2.61e-12	0.00e+00
 1.11311e+17	1.00e+00	1.82e-12	0.00e+00
 1.14153e+17	1.00e+00	1.27e-12	0.00e+00
 1.16995e+17	1.00e+00	9.05e-13	0.00e+00
 1.19837e+17	1.00e+00	6.51e-13	0.00e+00
 1.22679e+17	1.00e+00	4.76e-13	0.00e+00
 1.25521e+17	1.00e+00	3.53e-13	0.00e+00
 1.28789e+17	1.00e+00	2.54e-13	0.00e+00
 1.32788e+17	1.00e+00	1.76e-13	0.00e+00
 1.37077e+17	1.00e+00	1.23e-13	0.00e+00
 1.41296e+17	1.00e+00	9.26e-14	0.00e+00
 1.45451e+17	1.00e+00	7.38e-14	0.00e+00
 1.49634e+17	1.00e+00	6.18e-14	0.00e+00
 1.53855e+17	1.00e+00	5.39e-14	0.00e+00
 1.58065e+17	1.00e+00	4.86e-14	0.00e+00
 1.62228e+17	1.00e+00	4.53e-14	0.00e+00
 1.66328e+17	1.00e+00	4.31e-14	0.00e+00
 1.70352e+17	1.00e+00	4.16e-14	0.00e+00
 1.74275e+17	1.00e+00	4.07e-14	0.00e+00
 1.78083e+17	1.00e+00	4.02e-14	0.00e+00
 1.81761e+17	1.00e+00	3.99e-14	0.00e+00
 1.85301e+17	1.00e+00	3.97e-14	0.00e+00
 1.88692e+17	1.00e+00	3.97e-14	0.00e+00
 1.91931e+17	1.00e+00	3.98e-14	0.00e+00
 1.95014e+17	1.00e+00	4.00e-14	0.00e+00
 1.97941e+17	1.00e+00	4.02e-14	0.00e+00
 2.00716e+17	1.00e+00	4.04e-14	0.00e+00
 2.03346e+17	1.00e+00	4.07e-14	0.00e+00
 2.05835e+17	1.00e+00	4.09e-14	0.00e+00
 2.08189e+17	1.00e+00	4.12e-14	0.00e+00
 2.10414e+17	1.00e+00	4.14e-14	0.00e+00
 2.12515e+17	1.00e+00	4.16e-14	0.00e+00
 2.14500e+17	1.00e+00	4.19e-14	0.00e+00
 2.16375e+17	1.00e+00	4.21e-14	0.00e+00
 2.18147e+17	1.00e+00	4.23e-14	0.00e+00
 2.19822e+17	1.00e+00	4.25e-14	0.00e+00
 2.21406e+17	1.00e+00	4.26e-14	0.00e+00
 2.22903e+17	1.00e+00	4.28e-14	0.00e+00
 2.24319e+17	1.00e+00	4.30e-14	0.00e+00
 2.25659e+17	1.00e+00	4.31e-14	0.00e+00
 2.26928e+17	1.00e+00	4.32e-14	0.00e+00
 2.28129e+17	1.00e+00	4.34e-14	0.00e+00
 2.29267e+17	1.00e+00	4.35e-14	0.00e+00
 2.30346e+17	1.00e+00	4.36e-14	0.00e+00
 2.31369e+17	1.00e+00	4.37e-14	0.00e+00
 2.32339e+17	1.00e+00	4.38e-14	0.00e+00
 2.33260e+17	1.00e+00	4.38e-14	0.00e+00
 2.34135e+17	1.00e+00	4.39e-14	0.00e+00
 2.34966e+17	1.00e+00	4.40e-14	0.00e+00
 2.35755e+17	1.00e+00	4.41e-14	0.00e+00
 2.36506e+17	1.00e+00	4.41e-14	0.00e+00
 2.37221e+17	1.00e+00	4.42e-14	0.00e+00
 2.37901e+17	1.00e+00	4.42e-14	0.00e+00
 2.38549e+17	1.00e+00	4.43e-14	0.00e+00
 2.39167e+17	1.00e+00	4.43e-14	0.00e+00
 2.39756e+17	1.00e+00	4.44e-14	0.00e+00
 2.40319e+17	1.00e+00	4.44e-14	0.00e+00
 2.40856e+17	1.00e+00	4.44e-14	0.00e+00
 2.41371e+17	1.00e+00	4.45e-14	0.00e+00
 2.41863e+17	1.00e+00	4.45e-14	0.00e+00
 2.42334e+17	1.00e+00	4.45e-14	0.00e+00
 2.42787e+17	1.00e+00	4.46e-14	0.00e+00
 2.43222e+17	1.00e+00	4.46e-14	0.00e+00
 2.43640e+17	1.00e+00	4.46e-14	0.00e+00
 2.44043e+17	1.00e+00	4.46e-14	0.00e+00
 2.44432e+17	1.00e+00	4.46e-14	0.00e+00
 2.44808e+17	1.00e+00	4.46e-14	0.00e+00
 2.45173e+17	1.00e+00	4.47e-14	0.00e+00
 2.45527e+17	1.00e+00	4.47e-14	0.00e+00
 2.45871e+17	1.00e+00	4.47e-14	0.00e+00
 2.46208e+17	1.00e+00	4.47e-14	0.00e+00
 2.46537e+17	1.00e+00	4.47e-14	0.00e+00
 2.46861e+17	1.00e+00	4.47e-14	0.00e+00
 2.47181e+17	1.00e+00	4.47e-14	0.00e+00
 2.47498e+17	1.00e+00	4.47e-14	0.00e+00
 2.47814e+17	1.00e+00	4.47e-14	0.00e+00
 2.48130e+17	1.00e+00	4.47e-14	0.00e+00
 2.48449e+17	1.00e+00	4.47e-14	0.00e+00
 2.48773e+17	1.00e+00	4.46e-14	0.00e+00
 2.49104e+17	1.00e+00	4.46e-14	0.00e+00
 2.49446e+17	1.00e+00	4.46e-14	0.00e+00
 2.49803e+17	1.00e+00	4.46e-14	0.00e+00
 2.50181e+17	1.00e+00	4.45e-14	0.00e+00
 2.50584e+17	1.00e+00	4.45e-14	0.00e+00
 2.51023e+17	1.00e+00	4.44e-14	0.00e+00
 2.51508e+17	1.00e+00	4.43e-14	0.00e+00
 2.52057e+17	1.00e+00	4.42e-14	0.00e+00
 2.52691e+17	1.00e+00	4.41e-14	0.00e+00
 2.53445e+17	1.00e+00	4.39e-14	0.00e+00
 2.54370e+17	1.00e+00	4.35e-14	0.00e+00
 2.55543e+17	1.00e+00	4.30e-14	0.00e+00
 2.57063e+17	1.00e+00	4.22e-14	0.00e+00
 2.59040e+17	1.00e+00	4.09e-14	0.00e+00
 2.61609e+17	1.00e+00	3.90e-14	0.00e+00
 2.64949e+17	1.00e+00	3.64e-14	0.00e+00
 2.69291e+17	1.00e+00	3.30e-14	0.00e+00
 2.74936e+17	1.00e+00	2.87e-14	0.00e+00
 2.82274e+17	1.00e+00	2.37e-14	0.00e+00
 2.91814e+17	1.00e+00	1.82e-14	0.00e+00
 3.03150e+17	1.00e+00	1.28e-14	0.00e+00
 3.15276e+17	1.00e+00	1.02e-14	0.00e+00
 3.27887e+17	1.00e+00	8.96e-15	0.00e+00
 3.41003e+17	1.00e+00	7.86e-15	0.00e+00
 3.54643e+17	1.00e+00	6.84e-15	0.00e+00
 3.68829e+17	1.00e+00	5.87e-15	0.00e+00
 3.82991e+17	1.00e+00	4.96e-15	0.00e+00
 3.96151e+17	1.00e+00	4.80e-15	0.00e+00
 4.07929e+17	1.00e+00	5.13e-15	0.00e+00
 4.18673e+17	1.00e+00	5.46e-15	0.00e+00
 4.28876e+17	1.00e+00	5.39e-15	0.00e+00
 4.38591e+17	1.00e+00	5.07e-15	0.00e+00
 4.47528e+17	1.00e+00	4.81e-15	0.00e+00
 4.55445e+17	1.00e+00	4.71e-15	0.00e+00
 4.62411e+17	1.00e+00	4.66e-15	0.00e+00
 4.68627e+17	1.00e+00	4.52e-15	0.00e+00
 4.73696e+17	1.00e+00	4.31e-15	0.00e+00
 4.77047e+17	1.00e+00	4.37e-15	0.00e+00
 4.78967e+17	1.00e+00	4.53e-15	0.00e+00
 4.80082e+17	1.00e+00	4.65e-15	0.00e+00
 4.80751e+17	1.00e+00	4.72e-15	0.00e+00
 4.81167e+17	1.00e+00	4.75e-15	0.00e+00
 4.81493e+17	1.00e+00	4.78e-15	0.00e+00
 4.81858e+17	1.00e+00	4.79e-15	0.00e+00
 4.82287e+17	1.00e+00	4.81e-15	0.00e+00
 4.82690e+17	1.00e+00	4.81e-15	0.00e+00
 4.83019e+17	1.00e+00	4.82e-15	0.00e+00
 4.83306e+17	1.00e+00	4.82e-15	0.00e+00
 4.83580e+17	1.00e+00	4.81e-15	0.00e+00
 4.83847e+17	1.00e+00	4.81e-15	0.00e+00
 4.84107e+17	1.00e+00	4.80e-15	0.00e+00
 4.84349e+17	1.00e+00	4.80e-15	0.00e+00
 4.84577e+17	1.00e+00	4.79e-15	0.00e+00
 4.84790e+17	1.00e+00	4.78e-15	0.00e+00
 4.84997e+17	1.00e+00	4.77e-15	0.00e+00
 4.85203e+17	1.00e+00	4.76e-15	0.00e+00
 4.85393e+17	1.00e+00	4.74e-15	0.00e+00
 4.85571e+17	1.00e+00	4.73e-15	0.00e+00
 4.85743e+17	1.00e+00	4.72e-15	0.00e+00
 4.85911e+17	1.00e+00	4.71e-15	0.00e+00
 4.86074e+17	1.00e+00	4.70e-15	0.00e+00
 4.86232e+17	1.00e+00	4.68e-15	0.00e+00
 4.86388e+17	1.00e+00	4.67e-15	0.00e+00
 4.86538e+17	1.00e+00	4.66e-15	0.00e+00
 4.86681e+17	1.00e+00	4.64e-15	0.00e+00
 4.86821e+17	1.00e+00	4.63e-15	0.00e+00
 4.86960e+17	1.00e+00	4.62e-15	0.00e+00
 4.87098e+17	1.00e+00	4.60e-15	0.00e+00
 4.87234e+17	1.00e+00	4.59e-15	0.00e+00
 4.87367e+17	1.00e+00	4.57e-15	0.00e+00
 4.87500e+17	1.00e+00	4.56e-15	0.00e+00
 4.87633e+17	1.00e+00	4.54e-15	0.00e+00
 4.87765e+17	1.00e+00	4.53e-15	0.00e+00
 4.87892e+17	1.00e+00	4.51e-15	0.00e+00
 4.88019e+17	1.00e+00	4.50e-15	0.00e+00
 4.88154e+17	1.00e+00	4.48e-15	0.00e+00
 4.88291e+17	1.00e+00	4.46e-15	0.00e+00
 4.88429e+17	1.00e+00	4.44e-15	0.00e+00
 4.88566e+17	1.00e+00	4.42e-15	0.00e+00
 4.88702e+17	1.00e+00	4.40e-15	0.00e+00
 4.88838e+17	1.00e+00	4.38e-15	0.00e+00
 4.88973e+17	1.00e+00	4.36e-15	0.00e+00
 4.89120e+17	1.00e+00	4.34e-15	0.00e+00
 4.89277e+17	1.00e+00	4.31e-15	0.00e+00
 4.89433e+17	1.00e+00	4.29e-15	0.00e+00
 4.89588e+17	1.00e+00	4.26e-15	0.00e+00
 4.89741e+17	1.00e+00	4.24e-15	0.00e+00
 4.89901e+17	1.00e+00	4.21e-15	0.00e+00
 4.90068e+17	1.00e+00	4.18e-15	0.00e+00
 4.90226e+17	1.00e+00	4.16e-15	0.00e+00
 4.90392e+17	1.00e+00	4.13e-15	0.00e+00
 4.90581e+17	1.00e+00	4.10e-15	0.00e+00
 4.90772e+17	1.00e+00	4.06e-15	0.00e+00
 4.90942e+17	1.00e+00	4.03e-15	0.00e+00
 4.91117e+17	1.00e+00	4.00e-15	0.00e+00
 4.91326e+17	1.00e+00	3.97e-15	0.00e+00
 4.91550e+17	1.00e+00	3.92e-15	0.00e+00
 4.91756e+17	1.00e+00	3.88e-15	0.00e+00
 4.91949e+17	1.00e+00	3.85e-15	0.00e+00
 4.92155e+17	1.00e+00	3.81e-15	0.00e+00
 4.92381e+17	1.00e+00	3.77e-15	0.00e+00
 4.92626e+17	1.00e+00	3.73e-15	0.00e+00
 4.92869e+17	1.00e+00	3.68e-15	0.00e+00
 4.93100e+17	1.00e+00	3.63e-15	0.00e+00
 4.93332e+17	1.00e+00	3.59e-15	0.00e+00
 4.93585e+17	1.00e+00	3.54e-15	0.00e+00
 4.93855e+17	1.00e+00	3.49e-15	0.00e+00
 4.94123e+17	1.00e+00	3.44e-15	0.00e+00
 4.94391e+17	1.00e+00	3.38e-15	0.00e+00
 4.94667e+17	1.00e+00	3.33e-15	0.00e+00
 4.94965e+17	1.00e+00	3.27e-15	0.00e+00
 4.95271e+17	1.00e+00	3.21e-15	0.00e+00
 4.95565e+17	1.00e+00	3.15e-15	0.00e+00
 4.95872e+17	1.00e+00	3.10e-15	0.00e+00
 4.96201e+17	1.00e+00	3.03e-15	0.00e+00
 4.96529e+17	1.00e+00	2.97e-15	0.00e+00
 4.96859e+17	1.00e+00	2.90e-15	0.00e+00
 4.97198e+17	1.00e+00	2.84e-15	0.00e+00
 4.97542e+17	1.00e+00	2.77e-15	0.00e+00
 4.97898e+17	1.00e+00	2.71e-15	0.00e+00
 4.98275e+17	1.00e+00	2.63e-15	0.00e+00
 4.98658e+17	1.00e+00	2.56e-15	0.00e+00
 4.99040e+17	1.00e+00	2.49e-15	0.00e+00
 4.99429e+17	1.00e+00	2.42e-15	0.00e+00
 4.99826e+17	1.00e+00	2.35e-15	0.00e+00
 5.00236e+17	1.00e+00	2.27e-15	0.00e+00
 5.00660e+17	1.00e+00	2.20e-15	0.00e+00
 5.01087e+17	1.00e+00	2.12e-15	0.00e+00
 5.01515e+17	1.00e+00	2.05e-15	0.00e+00
 5.01966e+17	1.00e+00	1.97e-15	0.00e+00
 5.02432e+17	1.00e+00	1.89e-15	0.00e+00
 5.02894e+17	1.00e+00	1.82e-15	0.00e+00
 5.03358e+17	1.00e+00	1.75e-15	0.00e+00
 5.03851e+17	1.00e+00	1.67e-15	0.00e+00
 5.04368e+17	1.00e+00	1.59e-15	0.00e+00
 5.04873e+17	1.00e+00	1.51e-15	0.00e+00
 5.05374e+17	1.00e+00	1.44e-15	0.00e+00
 5.05896e+17	1.00e+00	1.37e-15	0.00e+00
 5.06447e+17	1.00e+00	1.30e-15	0.00e+00
 5.07026e+17	1.00e+00	1.22e-15	0.00e+00
 5.07612e+17	1.00e+00	1.15e-15	0.00e+00
 5.08185e+17	1.00e+00	1.08e-15	0.00e+00
 5.08771e+17	1.00e+00	1.01e-15	0.00e+00
 5.09407e+17	1.00e+00	9.48e-16	0.00e+00
 5.10093e+17	1.00e+00	8.77e-16	0.00e+00
 5.10770e+17	1.00e+00	8.09e-16	0.00e+00
 5.11368e+17	1.00e+00	7.49e-16	0.00e+00
 5.11875e+17	1.00e+00	7.01e-16	0.00e+00
 5.12332e+17	1.00e+00	6.62e-16	0.00e+00
 5.12777e+17	1.00e+00	6.27e-16	0.00e+00
 5.13218e+17	1.00e+00	5.93e-16	0.00e+00
 5.13639e+17	1.00e+00	5.61e-16	0.00e+00
 5.14032e+17	1.00e+00	5.32e-16	0.00e+00
 5.14400e+17	1.00e+00	5.07e-16	0.00e+00
 5.14755e+17	1.00e+00	4.83e-16	0.00e+00
 5.15099e+17	1.00e+00	4.61e-16	0.00e+00
 5.15432e+17	1.00e+00	4.40e-16	0.00e+00
 5.15752e+17	1.00e+00	4.20e-16	0.00e+00
 5.16057e+17	1.00e+00	4.02e-16	0.00e+00
 5.16351e+17	1.00e+00	3.85e-16	0.00e+00
 5.16636e+17	1.00e+00	3.69e-16	0.00e+00
 5.16911e+17	1.00e+00	3.54e-16	0.00e+00
 5.17176e+17	1.00e+00	3.40e-16	0.00e+00
 5.17431e+17	1.00e+00	3.27e-16	0.00e+00
 5.17677e+17	1.00e+00	3.14e-16	0.00e+00
 5.17916e+17	1.00e+00	3.02e-16	0.00e+00
 5.18150e+17	1.00e+00	2.91e-16	0.00e+00
 5.18377e+17	1.00e+00	2.80e-16	0.00e+00
 5.18597e+17	1.00e+00	2.70e-16	0.00e+00
 5.18808e+17	1.00e+00	2.61e-16	0.00e+00
 5.19014e+17	1.00e+00	2.51e-16	0.00e+00
 5.19216e+17	1.00e+00	2.43e-16	0.00e+00
 5.19412e+17	1.00e+00	2.34e-16	0.00e+00
 5.19603e+17	1.00e+00	2.27e-16	0.00e+00
 5.19790e+17	1.00e+00	2.19e-16	0.00e+00
 5.19974e+17	1.00e+00	2.12e-16	0.00e+00
 5.20154e+17	1.00e+00	2.05e-16	0.00e+00
 5.20359e+17	1.00e+00	1.99e-16	0.00e+00
 5.20626e+17	1.00e+00	1.90e-16	0.00e+00
 5.20972e+17	1.00e+00	1.80e-16	0.00e+00
 5.21423e+17	1.00e+00	1.67e-16	0.00e+00
 5.22009e+17	1.00e+00	1.51e-16	0.00e+00
 5.22771e+17	1.00e+00	1.33e-16	0.00e+00
 5.23635e+17	1.00e+00	1.13e-16	0.00e+00
 5.24424e+17	1.00e+00	9.48e-17	0.00e+00
 5.25057e+17	1.00e+00	8.21e-17	0.00e+00
 5.25587e+17	1.00e+00	7.34e-17	0.00e+00
 5.26109e+17	1.00e+00	6.62e-17	0.00e+00
 5.26677e+17	1.00e+00	5.93e-17	0.00e+00
 5.27273e+17	1.00e+00	5.25e-17	0.00e+00
 5.27859e+17	1.00e+00	4.65e-17	0.00e+00
 5.28421e+17	1.00e+00	4.13e-17	0.00e+00
 5.28978e+17	1.00e+00	3.69e-17	0.00e+00
 5.29552e+17	1.00e+00	3.28e-17	0.00e+00
 5.30149e+17	1.00e+00	2.91e-17	0.00e+00
