#depth	C	C+	C+2	C+3	C+4	C+5	C+6	C[1]	C[2]	C[3]	C+[1]	C+[2]	CO
 1.49634e+10	0.00e+00	1.97e-31	2.99e-21	7.57e-12	8.15e-02	9.16e-01	2.24e-03	0.00e+00	0.00e+00	0.00e+00	0.00e+00	0.00e+00	3.46e-162
 4.54887e+10	2.12e-42	2.69e-31	3.76e-21	8.81e-12	8.76e-02	9.10e-01	2.06e-03	0.00e+00	0.00e+00	0.00e+00	0.00e+00	0.00e+00	6.54e-227
 7.72350e+10	0.00e+00	3.67e-31	4.75e-21	1.03e-11	9.44e-02	9.04e-01	1.89e-03	0.00e+00	0.00e+00	0.00e+00	0.00e+00	0.00e+00	4.27e-161
 1.10251e+11	4.63e-42	5.01e-31	5.99e-21	1.20e-11	1.02e-01	8.97e-01	1.73e-03	0.00e+00	0.00e+00	0.00e+00	0.00e+00	0.00e+00	3.10e-226
 1.44588e+11	0.00e+00	6.84e-31	7.55e-21	1.39e-11	1.09e-01	8.89e-01	1.59e-03	0.00e+00	0.00e+00	0.00e+00	0.00e+00	0.00e+00	5.25e-160
 1.80298e+11	1.01e-41	9.34e-31	9.52e-21	1.62e-11	1.18e-01	8.81e-01	1.45e-03	0.00e+00	0.00e+00	0.00e+00	0.00e+00	0.00e+00	1.46e-225
 2.17437e+11	0.00e+00	1.27e-30	1.20e-20	1.89e-11	1.26e-01	8.72e-01	1.33e-03	0.00e+00	0.00e+00	0.00e+00	0.00e+00	0.00e+00	6.48e-159
 2.56061e+11	2.20e-41	1.74e-30	1.51e-20	2.20e-11	1.36e-01	8.63e-01	1.21e-03	0.00e+00	0.00e+00	0.00e+00	0.00e+00	0.00e+00	6.85e-225
 2.96231e+11	0.00e+00	2.37e-30	1.90e-20	2.56e-11	1.46e-01	8.53e-01	1.11e-03	0.00e+00	0.00e+00	0.00e+00	0.00e+00	0.00e+00	8.00e-158
 3.38007e+11	4.80e-41	3.23e-30	2.40e-20	2.97e-11	1.56e-01	8.43e-01	1.01e-03	0.00e+00	0.00e+00	0.00e+00	0.00e+00	0.00e+00	3.19e-224
 3.81454e+11	0.00e+00	4.40e-30	3.02e-20	3.45e-11	1.68e-01	8.31e-01	9.19e-04	0.00e+00	0.00e+00	0.00e+00	0.00e+00	0.00e+00	9.90e-157
 4.26639e+11	1.05e-40	5.99e-30	3.79e-20	4.01e-11	1.80e-01	8.20e-01	8.36e-04	0.00e+00	0.00e+00	0.00e+00	0.00e+00	0.00e+00	1.48e-223
 4.73631e+11	0.00e+00	8.16e-30	4.77e-20	4.65e-11	1.92e-01	8.07e-01	7.60e-04	0.00e+00	0.00e+00	0.00e+00	0.00e+00	0.00e+00	1.23e-155
 5.22503e+11	2.27e-40	1.11e-29	6.00e-20	5.39e-11	2.06e-01	7.94e-01	6.89e-04	0.00e+00	0.00e+00	0.00e+00	0.00e+00	0.00e+00	6.71e-223
 5.68894e+11	0.00e+00	1.47e-29	7.38e-20	6.17e-11	2.19e-01	7.81e-01	6.30e-04	0.00e+00	0.00e+00	0.00e+00	0.00e+00	0.00e+00	1.37e-154
 6.11054e+11	4.43e-40	1.88e-29	8.86e-20	6.94e-11	2.31e-01	7.69e-01	5.82e-04	0.00e+00	0.00e+00	0.00e+00	0.00e+00	0.00e+00	2.99e-222
 6.58628e+11	0.00e+00	2.47e-29	1.08e-19	7.90e-11	2.44e-01	7.55e-01	5.32e-04	0.00e+00	0.00e+00	0.00e+00	0.00e+00	0.00e+00	1.14e-153
 7.14191e+11	9.12e-40	3.34e-29	1.35e-19	9.12e-11	2.60e-01	7.39e-01	4.81e-04	0.00e+00	0.00e+00	0.00e+00	0.00e+00	0.00e+00	9.59e-222
 7.69194e+11	0.00e+00	4.46e-29	1.67e-19	1.04e-10	2.76e-01	7.24e-01	4.36e-04	0.00e+00	0.00e+00	0.00e+00	0.00e+00	0.00e+00	1.30e-152
 8.21440e+11	1.83e-39	5.80e-29	2.03e-19	1.18e-10	2.91e-01	7.08e-01	3.98e-04	0.00e+00	0.00e+00	0.00e+00	0.00e+00	0.00e+00	3.91e-221
 8.79267e+11	0.00e+00	7.69e-29	2.50e-19	1.35e-10	3.08e-01	6.92e-01	3.60e-04	0.00e+00	0.00e+00	0.00e+00	0.00e+00	0.00e+00	1.24e-151
 9.44365e+11	3.85e-39	1.04e-28	3.13e-19	1.56e-10	3.27e-01	6.73e-01	3.23e-04	0.00e+00	0.00e+00	0.00e+00	0.00e+00	0.00e+00	1.19e-220
 1.00854e+12	0.00e+00	1.39e-28	3.87e-19	1.78e-10	3.46e-01	6.54e-01	2.91e-04	0.00e+00	0.00e+00	0.00e+00	0.00e+00	0.00e+00	1.45e-150
 1.07528e+12	7.98e-39	1.86e-28	4.77e-19	2.03e-10	3.65e-01	6.35e-01	2.61e-04	0.00e+00	0.00e+00	0.00e+00	0.00e+00	0.00e+00	3.48e-220
 1.14822e+12	0.00e+00	2.51e-28	5.96e-19	2.33e-10	3.86e-01	6.14e-01	2.32e-04	0.00e+00	0.00e+00	0.00e+00	0.00e+00	0.00e+00	1.71e-149
 1.22142e+12	1.70e-38	3.36e-28	7.36e-19	2.66e-10	4.06e-01	5.94e-01	2.07e-04	0.00e+00	0.00e+00	0.00e+00	0.00e+00	0.00e+00	6.30e-220
 1.29754e+12	0.00e+00	4.49e-28	9.10e-19	3.04e-10	4.27e-01	5.72e-01	1.85e-04	0.00e+00	0.00e+00	0.00e+00	0.00e+00	0.00e+00	1.97e-148
 1.37937e+12	3.59e-38	6.06e-28	1.13e-18	3.47e-10	4.50e-01	5.50e-01	1.63e-04	0.00e+00	0.00e+00	0.00e+00	0.00e+00	0.00e+00	0.00e+00
 1.46447e+12	0.00e+00	8.17e-28	1.41e-18	3.97e-10	4.72e-01	5.28e-01	1.44e-04	0.00e+00	0.00e+00	0.00e+00	0.00e+00	0.00e+00	2.47e-147
 1.55298e+12	7.68e-38	1.10e-27	1.74e-18	4.53e-10	4.95e-01	5.05e-01	1.27e-04	0.00e+00	0.00e+00	0.00e+00	0.00e+00	0.00e+00	0.00e+00
 1.64503e+12	0.00e+00	1.48e-27	2.16e-18	5.16e-10	5.18e-01	4.82e-01	1.11e-04	0.00e+00	0.00e+00	0.00e+00	0.00e+00	0.00e+00	3.11e-146
 1.74075e+12	1.64e-37	1.99e-27	2.67e-18	5.87e-10	5.41e-01	4.59e-01	9.74e-05	0.00e+00	0.00e+00	0.00e+00	0.00e+00	0.00e+00	0.00e+00
 1.84031e+12	0.00e+00	2.66e-27	3.30e-18	6.66e-10	5.63e-01	4.36e-01	8.50e-05	0.00e+00	0.00e+00	0.00e+00	0.00e+00	0.00e+00	3.90e-145
 1.94385e+12	3.47e-37	3.57e-27	4.07e-18	7.55e-10	5.86e-01	4.14e-01	7.40e-05	0.00e+00	0.00e+00	0.00e+00	0.00e+00	0.00e+00	0.00e+00
 2.05153e+12	0.00e+00	4.78e-27	5.02e-18	8.55e-10	6.09e-01	3.91e-01	6.43e-05	0.00e+00	0.00e+00	0.00e+00	0.00e+00	0.00e+00	4.90e-144
 2.16352e+12	7.33e-37	6.39e-27	6.18e-18	9.66e-10	6.31e-01	3.69e-01	5.57e-05	0.00e+00	0.00e+00	0.00e+00	0.00e+00	0.00e+00	0.00e+00
 2.27999e+12	0.00e+00	8.53e-27	7.60e-18	1.09e-09	6.52e-01	3.48e-01	4.81e-05	0.00e+00	0.00e+00	0.00e+00	0.00e+00	0.00e+00	6.14e-143
 2.39306e+12	1.50e-36	1.12e-26	9.20e-18	1.22e-09	6.72e-01	3.28e-01	4.19e-05	0.00e+00	0.00e+00	0.00e+00	0.00e+00	0.00e+00	0.00e+00
 2.49966e+12	0.00e+00	1.42e-26	1.09e-17	1.35e-09	6.89e-01	3.11e-01	3.68e-05	0.00e+00	0.00e+00	0.00e+00	0.00e+00	0.00e+00	5.85e-142
 2.61858e+12	2.89e-36	1.85e-26	1.32e-17	1.50e-09	7.08e-01	2.92e-01	3.20e-05	0.00e+00	0.00e+00	0.00e+00	0.00e+00	0.00e+00	4.29e-214
 2.75325e+12	0.00e+00	2.46e-26	1.61e-17	1.68e-09	7.27e-01	2.73e-01	2.74e-05	0.00e+00	0.00e+00	0.00e+00	0.00e+00	0.00e+00	6.57e-141
 2.88590e+12	5.90e-36	3.21e-26	1.95e-17	1.88e-09	7.45e-01	2.55e-01	2.36e-05	0.00e+00	0.00e+00	0.00e+00	0.00e+00	0.00e+00	0.00e+00
 3.02386e+12	0.00e+00	4.20e-26	2.35e-17	2.09e-09	7.61e-01	2.39e-01	2.03e-05	0.00e+00	0.00e+00	0.00e+00	0.00e+00	0.00e+00	7.17e-140
 3.17474e+12	1.20e-35	5.56e-26	2.87e-17	2.33e-09	7.78e-01	2.22e-01	1.73e-05	0.00e+00	0.00e+00	0.00e+00	0.00e+00	0.00e+00	0.00e+00
 3.32671e+12	0.00e+00	7.29e-26	3.48e-17	2.60e-09	7.94e-01	2.06e-01	1.47e-05	0.00e+00	0.00e+00	0.00e+00	0.00e+00	0.00e+00	8.53e-139
 3.48477e+12	2.43e-35	9.55e-26	4.21e-17	2.89e-09	8.09e-01	1.91e-01	1.25e-05	0.00e+00	0.00e+00	0.00e+00	0.00e+00	0.00e+00	0.00e+00
 3.65409e+12	0.00e+00	1.26e-25	5.11e-17	3.22e-09	8.23e-01	1.77e-01	1.06e-05	0.00e+00	0.00e+00	0.00e+00	0.00e+00	0.00e+00	1.01e-137
 3.83018e+12	4.99e-35	1.66e-25	6.21e-17	3.58e-09	8.37e-01	1.63e-01	8.96e-06	0.00e+00	0.00e+00	0.00e+00	0.00e+00	0.00e+00	0.00e+00
 4.01331e+12	7.14e-35	2.19e-25	7.54e-17	3.99e-09	8.50e-01	1.50e-01	7.55e-06	0.00e+00	0.00e+00	0.00e+00	0.00e+00	0.00e+00	7.95e-118
 4.20377e+12	1.02e-34	2.88e-25	9.14e-17	4.43e-09	8.61e-01	1.39e-01	6.35e-06	0.00e+00	0.00e+00	0.00e+00	0.00e+00	0.00e+00	3.74e-99
 4.37961e+12	1.40e-34	3.68e-25	1.08e-16	4.86e-09	8.71e-01	1.29e-01	5.44e-06	0.00e+00	0.00e+00	0.00e+00	0.00e+00	0.00e+00	0.00e+00
 4.53180e+12	1.82e-34	4.51e-25	1.25e-16	5.25e-09	8.79e-01	1.21e-01	4.78e-06	0.00e+00	0.00e+00	0.00e+00	0.00e+00	0.00e+00	1.38e-116
 4.70073e+12	2.42e-34	5.61e-25	1.46e-16	5.71e-09	8.87e-01	1.13e-01	4.15e-06	0.00e+00	0.00e+00	0.00e+00	0.00e+00	0.00e+00	3.37e-98
 4.90710e+12	3.39e-34	7.25e-25	1.75e-16	6.30e-09	8.96e-01	1.04e-01	3.51e-06	0.00e+00	0.00e+00	0.00e+00	0.00e+00	0.00e+00	0.00e+00
 5.11760e+12	4.70e-34	9.33e-25	2.09e-16	6.93e-09	9.04e-01	9.58e-02	2.97e-06	0.00e+00	0.00e+00	0.00e+00	0.00e+00	0.00e+00	2.48e-115
 5.30967e+12	6.27e-34	1.16e-24	2.44e-16	7.53e-09	9.11e-01	8.91e-02	2.57e-06	0.00e+00	0.00e+00	0.00e+00	0.00e+00	0.00e+00	3.76e-97
 5.52233e+12	8.53e-34	1.47e-24	2.88e-16	8.24e-09	9.18e-01	8.25e-02	2.19e-06	0.00e+00	0.00e+00	0.00e+00	0.00e+00	0.00e+00	0.00e+00
 5.77034e+12	1.20e-33	1.92e-24	3.47e-16	9.11e-09	9.25e-01	7.55e-02	1.83e-06	0.00e+00	0.00e+00	0.00e+00	0.00e+00	0.00e+00	4.41e-114
 6.01443e+12	1.67e-33	2.47e-24	4.14e-16	1.00e-08	9.31e-01	6.94e-02	1.55e-06	0.00e+00	0.00e+00	0.00e+00	0.00e+00	0.00e+00	4.47e-96
 6.24502e+12	2.24e-33	3.10e-24	4.86e-16	1.09e-08	9.36e-01	6.43e-02	1.32e-06	0.00e+00	0.00e+00	0.00e+00	0.00e+00	0.00e+00	2.96e-113
 6.50149e+12	3.07e-33	3.95e-24	5.76e-16	1.20e-08	9.41e-01	5.91e-02	1.12e-06	0.00e+00	0.00e+00	0.00e+00	0.00e+00	0.00e+00	2.10e-95
 6.79147e+12	4.32e-33	5.14e-24	6.95e-16	1.32e-08	9.46e-01	5.40e-02	9.31e-07	0.00e+00	0.00e+00	0.00e+00	0.00e+00	0.00e+00	2.24e-112
 7.08284e+12	6.01e-33	6.62e-24	8.32e-16	1.45e-08	9.51e-01	4.94e-02	0.00e+00	0.00e+00	0.00e+00	0.00e+00	0.00e+00	0.00e+00	1.15e-94
 7.38587e+12	8.35e-33	8.53e-24	9.95e-16	1.60e-08	9.55e-01	4.52e-02	0.00e+00	0.00e+00	0.00e+00	0.00e+00	0.00e+00	0.00e+00	1.70e-111
 7.71123e+12	1.17e-32	1.11e-23	1.20e-15	1.77e-08	9.59e-01	4.12e-02	0.00e+00	0.00e+00	0.00e+00	0.00e+00	0.00e+00	0.00e+00	6.17e-94
 8.04961e+12	1.64e-32	1.43e-23	1.44e-15	1.95e-08	9.62e-01	3.76e-02	0.00e+00	0.00e+00	0.00e+00	0.00e+00	0.00e+00	0.00e+00	1.36e-110
 8.40152e+12	2.28e-32	1.86e-23	1.73e-15	2.15e-08	9.66e-01	3.43e-02	0.00e+00	0.00e+00	0.00e+00	0.00e+00	0.00e+00	0.00e+00	3.34e-93
 8.76751e+12	3.18e-32	2.40e-23	2.08e-15	2.37e-08	9.69e-01	3.12e-02	0.00e+00	0.00e+00	0.00e+00	0.00e+00	0.00e+00	0.00e+00	1.07e-109
 9.14813e+12	4.43e-32	3.10e-23	2.49e-15	2.62e-08	9.72e-01	2.84e-02	0.00e+00	0.00e+00	0.00e+00	0.00e+00	0.00e+00	0.00e+00	1.77e-92
 9.54399e+12	6.14e-32	3.99e-23	2.99e-15	2.89e-08	9.74e-01	2.59e-02	0.00e+00	0.00e+00	0.00e+00	0.00e+00	0.00e+00	0.00e+00	8.28e-109
 9.95567e+12	8.51e-32	5.14e-23	3.58e-15	3.18e-08	9.76e-01	2.36e-02	0.00e+00	0.00e+00	0.00e+00	0.00e+00	0.00e+00	0.00e+00	9.17e-92
 1.03746e+13	1.17e-31	6.57e-23	4.28e-15	3.50e-08	9.78e-01	2.16e-02	0.00e+00	0.00e+00	0.00e+00	0.00e+00	0.00e+00	0.00e+00	6.15e-108
 1.08103e+13	1.60e-31	8.39e-23	5.10e-15	3.84e-08	9.80e-01	1.97e-02	0.00e+00	0.00e+00	0.00e+00	0.00e+00	0.00e+00	0.00e+00	4.52e-91
 1.12503e+13	2.17e-31	1.06e-22	6.04e-15	4.21e-08	9.82e-01	1.80e-02	0.00e+00	0.00e+00	0.00e+00	0.00e+00	0.00e+00	0.00e+00	4.30e-107
 1.16746e+13	2.88e-31	1.32e-22	7.07e-15	4.58e-08	9.83e-01	1.66e-02	0.00e+00	0.00e+00	0.00e+00	0.00e+00	0.00e+00	0.00e+00	1.99e-90
 1.21381e+13	3.86e-31	1.66e-22	8.34e-15	5.01e-08	9.85e-01	1.53e-02	0.00e+00	0.00e+00	0.00e+00	0.00e+00	0.00e+00	0.00e+00	2.65e-106
 1.26418e+13	5.25e-31	2.11e-22	9.91e-15	5.49e-08	9.86e-01	1.39e-02	0.00e+00	0.00e+00	0.00e+00	0.00e+00	0.00e+00	0.00e+00	9.18e-90
 1.31117e+13	6.92e-31	2.62e-22	1.16e-14	5.97e-08	9.87e-01	1.29e-02	0.00e+00	0.00e+00	0.00e+00	0.00e+00	0.00e+00	0.00e+00	1.67e-105
 1.35494e+13	8.86e-31	3.17e-22	1.33e-14	6.43e-08	9.88e-01	1.20e-02	0.00e+00	0.00e+00	0.00e+00	0.00e+00	0.00e+00	0.00e+00	3.47e-89
 1.40523e+13	1.16e-30	3.92e-22	1.55e-14	6.98e-08	9.89e-01	1.10e-02	0.00e+00	0.00e+00	0.00e+00	0.00e+00	0.00e+00	0.00e+00	8.77e-105
 1.46383e+13	1.58e-30	4.97e-22	1.84e-14	7.65e-08	9.90e-01	1.01e-02	0.00e+00	0.00e+00	0.00e+00	0.00e+00	0.00e+00	0.00e+00	1.53e-88
 1.52186e+13	2.11e-30	6.23e-22	2.16e-14	8.35e-08	9.91e-01	9.26e-03	0.00e+00	0.00e+00	0.00e+00	0.00e+00	0.00e+00	0.00e+00	5.88e-104
 1.57737e+13	2.76e-30	7.67e-22	2.51e-14	9.04e-08	9.91e-01	8.56e-03	0.00e+00	0.00e+00	0.00e+00	0.00e+00	0.00e+00	0.00e+00	6.39e-88
 1.63862e+13	3.67e-30	9.56e-22	2.94e-14	9.84e-08	9.92e-01	7.88e-03	0.00e+00	0.00e+00	0.00e+00	0.00e+00	0.00e+00	0.00e+00	3.45e-103
 1.70033e+13	4.83e-30	1.18e-21	3.43e-14	1.07e-07	9.93e-01	7.27e-03	0.00e+00	0.00e+00	0.00e+00	0.00e+00	0.00e+00	0.00e+00	2.70e-87
 1.75287e+13	6.06e-30	1.41e-21	3.89e-14	1.14e-07	9.93e-01	6.80e-03	0.00e+00	0.00e+00	0.00e+00	0.00e+00	0.00e+00	0.00e+00	1.73e-102
 1.80905e+13	7.66e-30	1.69e-21	4.43e-14	1.23e-07	9.94e-01	6.36e-03	0.00e+00	0.00e+00	0.00e+00	0.00e+00	0.00e+00	0.00e+00	8.96e-87
 1.87911e+13	1.02e-29	2.11e-21	5.18e-14	1.33e-07	9.94e-01	5.86e-03	0.00e+00	0.00e+00	0.00e+00	0.00e+00	0.00e+00	0.00e+00	9.18e-102
 1.95066e+13	1.34e-29	2.61e-21	6.04e-14	1.45e-07	9.95e-01	5.40e-03	0.00e+00	0.00e+00	0.00e+00	0.00e+00	0.00e+00	0.00e+00	3.85e-86
 2.01354e+13	1.70e-29	3.13e-21	6.87e-14	1.55e-07	9.95e-01	5.05e-03	0.00e+00	0.00e+00	0.00e+00	0.00e+00	0.00e+00	0.00e+00	4.84e-101
 2.08172e+13	2.18e-29	3.79e-21	7.87e-14	1.66e-07	9.95e-01	4.70e-03	0.00e+00	0.00e+00	0.00e+00	0.00e+00	0.00e+00	0.00e+00	1.37e-85
 2.16416e+13	2.90e-29	4.74e-21	9.23e-14	1.81e-07	9.96e-01	4.32e-03	0.00e+00	0.00e+00	0.00e+00	0.00e+00	0.00e+00	0.00e+00	2.76e-100
 2.24711e+13	3.84e-29	5.89e-21	1.08e-13	1.96e-07	9.96e-01	3.99e-03	0.00e+00	0.00e+00	0.00e+00	0.00e+00	0.00e+00	0.00e+00	6.12e-85
 2.32269e+13	4.92e-29	7.12e-21	1.23e-13	2.11e-07	9.96e-01	3.72e-03	0.00e+00	0.00e+00	0.00e+00	0.00e+00	0.00e+00	0.00e+00	1.53e-99
 2.40672e+13	6.42e-29	8.74e-21	1.42e-13	2.27e-07	9.97e-01	3.45e-03	0.00e+00	0.00e+00	0.00e+00	0.00e+00	0.00e+00	0.00e+00	2.39e-84
 2.50480e+13	8.65e-29	1.10e-20	1.67e-13	2.48e-07	9.97e-01	3.17e-03	0.00e+00	0.00e+00	0.00e+00	0.00e+00	0.00e+00	0.00e+00	9.63e-99
 2.60222e+13	1.15e-28	1.37e-20	1.95e-13	2.68e-07	9.97e-01	2.93e-03	0.00e+00	0.00e+00	0.00e+00	0.00e+00	0.00e+00	0.00e+00	1.13e-83
 2.69585e+13	1.50e-28	1.68e-20	2.25e-13	2.89e-07	9.97e-01	2.72e-03	0.00e+00	0.00e+00	0.00e+00	0.00e+00	0.00e+00	0.00e+00	5.82e-98
 2.79899e+13	1.99e-28	2.08e-20	2.61e-13	3.13e-07	9.97e-01	2.51e-03	0.00e+00	0.00e+00	0.00e+00	0.00e+00	0.00e+00	0.00e+00	4.88e-83
 2.91395e+13	2.70e-28	2.63e-20	3.07e-13	3.41e-07	9.98e-01	2.31e-03	0.00e+00	0.00e+00	0.00e+00	0.00e+00	0.00e+00	0.00e+00	3.93e-97
 3.03350e+13	3.65e-28	3.32e-20	3.61e-13	3.70e-07	9.98e-01	2.13e-03	0.00e+00	0.00e+00	0.00e+00	0.00e+00	0.00e+00	0.00e+00	2.49e-82
 3.15783e+13	4.95e-28	4.18e-20	4.24e-13	4.03e-07	9.98e-01	1.96e-03	0.00e+00	0.00e+00	0.00e+00	0.00e+00	0.00e+00	0.00e+00	2.86e-96
 3.28714e+13	6.71e-28	5.28e-20	4.98e-13	4.38e-07	9.98e-01	1.80e-03	0.00e+00	0.00e+00	0.00e+00	0.00e+00	0.00e+00	0.00e+00	1.28e-81
 3.41721e+13	9.01e-28	6.61e-20	5.82e-13	4.75e-07	9.98e-01	1.66e-03	0.00e+00	0.00e+00	0.00e+00	0.00e+00	0.00e+00	0.00e+00	2.03e-95
 3.55249e+13	1.21e-27	8.27e-20	6.80e-13	5.14e-07	9.98e-01	1.54e-03	0.00e+00	0.00e+00	0.00e+00	0.00e+00	0.00e+00	0.00e+00	6.28e-81
 3.69759e+13	1.64e-27	1.04e-19	7.98e-13	5.59e-07	9.99e-01	1.41e-03	0.00e+00	0.00e+00	0.00e+00	0.00e+00	0.00e+00	0.00e+00	1.44e-94
 3.84848e+13	2.23e-27	1.32e-19	9.36e-13	6.07e-07	9.99e-01	1.30e-03	0.00e+00	0.00e+00	0.00e+00	0.00e+00	0.00e+00	0.00e+00	3.27e-80
 4.00541e+13	3.03e-27	1.66e-19	1.10e-12	6.59e-07	9.99e-01	1.20e-03	0.00e+00	0.00e+00	0.00e+00	0.00e+00	0.00e+00	0.00e+00	1.06e-93
 4.16862e+13	4.11e-27	2.10e-19	1.29e-12	7.15e-07	9.99e-01	1.11e-03	0.00e+00	0.00e+00	0.00e+00	0.00e+00	0.00e+00	0.00e+00	1.71e-79
 4.33252e+13	5.52e-27	2.62e-19	1.50e-12	7.74e-07	9.99e-01	1.02e-03	0.00e+00	0.00e+00	0.00e+00	0.00e+00	0.00e+00	0.00e+00	7.55e-93
 4.48422e+13	7.18e-27	3.20e-19	1.72e-12	8.31e-07	9.99e-01	9.52e-04	0.00e+00	0.00e+00	0.00e+00	0.00e+00	0.00e+00	0.00e+00	7.80e-79
 4.64756e+13	9.45e-27	3.95e-19	1.99e-12	8.94e-07	9.99e-01	8.85e-04	0.00e+00	0.00e+00	0.00e+00	0.00e+00	0.00e+00	0.00e+00	4.39e-92
 4.83205e+13	1.27e-26	4.95e-19	2.32e-12	9.68e-07	9.99e-01	8.17e-04	0.00e+00	0.00e+00	0.00e+00	0.00e+00	0.00e+00	0.00e+00	3.69e-78
 5.00977e+13	1.68e-26	6.11e-19	2.68e-12	1.04e-06	9.99e-01	7.59e-04	0.00e+00	0.00e+00	0.00e+00	0.00e+00	0.00e+00	0.00e+00	2.89e-91
 5.19874e+13	2.23e-26	7.59e-19	3.11e-12	1.12e-06	9.99e-01	7.03e-04	0.00e+00	0.00e+00	0.00e+00	0.00e+00	0.00e+00	0.00e+00	1.70e-77
 5.40968e+13	3.03e-26	9.57e-19	3.65e-12	1.22e-06	9.99e-01	6.48e-04	0.00e+00	0.00e+00	0.00e+00	0.00e+00	0.00e+00	0.00e+00	3.89e-77
 5.62163e+13	4.07e-26	1.20e-18	4.25e-12	1.32e-06	9.99e-01	5.99e-04	0.00e+00	0.00e+00	0.00e+00	0.00e+00	0.00e+00	0.00e+00	8.70e-77
 5.84205e+13	5.48e-26	1.50e-18	4.96e-12	1.43e-06	9.99e-01	5.54e-04	0.00e+00	0.00e+00	0.00e+00	0.00e+00	0.00e+00	0.00e+00	1.95e-76
 6.07873e+13	7.43e-26	1.89e-18	5.81e-12	1.55e-06	9.99e-01	5.11e-04	0.00e+00	0.00e+00	0.00e+00	0.00e+00	0.00e+00	0.00e+00	4.46e-76
 6.32487e+13	1.01e-25	2.38e-18	6.81e-12	1.68e-06	1.00e+00	4.71e-04	0.00e+00	0.00e+00	0.00e+00	0.00e+00	0.00e+00	0.00e+00	1.02e-75
 6.58086e+13	1.37e-25	3.00e-18	7.98e-12	1.82e-06	1.00e+00	4.34e-04	0.00e+00	0.00e+00	0.00e+00	0.00e+00	0.00e+00	0.00e+00	2.35e-75
 6.81968e+13	1.80e-25	3.70e-18	9.20e-12	1.96e-06	1.00e+00	4.04e-04	0.00e+00	0.00e+00	0.00e+00	0.00e+00	0.00e+00	0.00e+00	4.97e-75
 7.03000e+13	2.28e-25	4.42e-18	1.04e-11	2.09e-06	1.00e+00	3.79e-04	0.00e+00	0.00e+00	0.00e+00	0.00e+00	0.00e+00	0.00e+00	9.42e-75
 7.26457e+13	2.93e-25	5.35e-18	1.18e-11	2.23e-06	1.00e+00	3.55e-04	0.00e+00	0.00e+00	0.00e+00	0.00e+00	0.00e+00	0.00e+00	1.87e-74
 7.54659e+13	3.93e-25	6.69e-18	1.38e-11	2.41e-06	1.00e+00	3.28e-04	0.00e+00	0.00e+00	0.00e+00	0.00e+00	0.00e+00	0.00e+00	4.16e-74
 7.82991e+13	5.22e-25	8.30e-18	1.60e-11	2.60e-06	1.00e+00	3.04e-04	0.00e+00	0.00e+00	0.00e+00	0.00e+00	0.00e+00	0.00e+00	9.05e-74
 8.08952e+13	6.72e-25	1.00e-17	1.82e-11	2.78e-06	1.00e+00	2.85e-04	0.00e+00	0.00e+00	0.00e+00	0.00e+00	0.00e+00	0.00e+00	1.80e-73
 8.37870e+13	8.82e-25	1.23e-17	2.09e-11	2.99e-06	1.00e+00	2.65e-04	0.00e+00	0.00e+00	0.00e+00	0.00e+00	0.00e+00	0.00e+00	3.78e-73
 8.71449e+13	1.20e-24	1.55e-17	2.45e-11	3.24e-06	1.00e+00	2.44e-04	0.00e+00	0.00e+00	0.00e+00	0.00e+00	0.00e+00	0.00e+00	8.66e-73
 9.04265e+13	1.59e-24	1.93e-17	2.84e-11	3.49e-06	1.00e+00	2.27e-04	0.00e+00	0.00e+00	0.00e+00	0.00e+00	0.00e+00	0.00e+00	1.90e-72
 9.35140e+13	2.07e-24	2.35e-17	3.25e-11	3.74e-06	1.00e+00	2.12e-04	0.00e+00	0.00e+00	0.00e+00	0.00e+00	0.00e+00	0.00e+00	3.87e-72
 9.69592e+13	2.74e-24	2.91e-17	3.75e-11	4.02e-06	1.00e+00	1.97e-04	0.00e+00	0.00e+00	0.00e+00	0.00e+00	0.00e+00	0.00e+00	8.34e-72
 1.00868e+14	3.72e-24	3.67e-17	4.39e-11	4.36e-06	1.00e+00	1.82e-04	0.00e+00	0.00e+00	0.00e+00	0.00e+00	0.00e+00	0.00e+00	1.95e-71
 1.04759e+14	5.01e-24	4.59e-17	5.11e-11	4.71e-06	1.00e+00	1.68e-04	0.00e+00	0.00e+00	0.00e+00	0.00e+00	1.48e-17	3.11e-17	4.34e-71
 1.08806e+14	6.73e-24	5.74e-17	5.95e-11	5.08e-06	1.00e+00	1.56e-04	0.00e+00	0.00e+00	0.00e+00	0.00e+00	1.91e-17	3.84e-17	9.77e-71
 1.13188e+14	9.17e-24	7.25e-17	6.96e-11	5.51e-06	1.00e+00	1.44e-04	0.00e+00	0.00e+00	0.00e+00	0.00e+00	2.41e-17	4.84e-17	2.27e-70
 1.17746e+14	1.25e-23	9.16e-17	8.15e-11	5.96e-06	1.00e+00	1.33e-04	0.00e+00	0.00e+00	0.00e+00	0.00e+00	3.04e-17	6.12e-17	5.31e-70
 1.22486e+14	1.71e-23	1.16e-16	9.55e-11	6.46e-06	1.00e+00	1.23e-04	0.00e+00	0.00e+00	0.00e+00	0.00e+00	3.84e-17	7.73e-17	1.24e-69
 1.27415e+14	2.33e-23	1.46e-16	1.12e-10	7.00e-06	1.00e+00	1.13e-04	0.00e+00	0.00e+00	0.00e+00	0.00e+00	4.86e-17	9.78e-17	2.91e-69
 1.32420e+14	3.15e-23	1.84e-16	1.30e-10	7.56e-06	1.00e+00	1.05e-04	0.00e+00	0.00e+00	0.00e+00	0.00e+00	6.11e-17	1.23e-16	6.70e-69
 1.37229e+14	4.18e-23	2.28e-16	1.50e-10	8.13e-06	1.00e+00	9.75e-05	0.00e+00	0.00e+00	0.00e+00	0.00e+00	7.56e-17	1.52e-16	1.45e-68
 1.42353e+14	5.59e-23	2.83e-16	1.74e-10	8.75e-06	1.00e+00	9.06e-05	0.00e+00	0.00e+00	0.00e+00	0.00e+00	9.40e-17	1.89e-16	3.22e-68
 1.48077e+14	7.64e-23	3.58e-16	2.04e-10	9.47e-06	1.00e+00	8.37e-05	0.00e+00	0.00e+00	0.00e+00	0.00e+00	1.19e-16	2.39e-16	7.58e-68
 1.53749e+14	1.03e-22	4.48e-16	2.37e-10	1.02e-05	1.00e+00	7.77e-05	0.00e+00	0.00e+00	0.00e+00	0.00e+00	1.49e-16	2.99e-16	1.72e-67
 1.59648e+14	1.39e-22	5.61e-16	2.76e-10	1.10e-05	1.00e+00	7.21e-05	0.00e+00	0.00e+00	0.00e+00	0.00e+00	1.86e-16	3.75e-16	3.91e-67
 1.66063e+14	1.90e-22	7.10e-16	3.23e-10	1.19e-05	1.00e+00	6.66e-05	0.00e+00	0.00e+00	0.00e+00	0.00e+00	2.36e-16	4.74e-16	9.24e-67
 1.72511e+14	2.57e-22	8.92e-16	3.76e-10	1.29e-05	1.00e+00	6.17e-05	0.00e+00	0.00e+00	0.00e+00	0.00e+00	2.96e-16	5.96e-16	2.12e-66
 1.78440e+14	3.37e-22	1.09e-15	4.30e-10	1.38e-05	1.00e+00	5.77e-05	0.00e+00	0.00e+00	0.00e+00	0.00e+00	3.62e-16	7.29e-16	4.45e-66
 1.84769e+14	4.44e-22	1.34e-15	4.94e-10	1.48e-05	1.00e+00	5.38e-05	0.00e+00	0.00e+00	0.00e+00	0.00e+00	4.46e-16	8.98e-16	9.53e-66
 1.91911e+14	6.01e-22	1.68e-15	5.75e-10	1.59e-05	1.00e+00	4.99e-05	0.00e+00	0.00e+00	0.00e+00	0.00e+00	5.59e-16	1.13e-15	2.18e-65
 1.98771e+14	7.95e-22	2.08e-15	6.61e-10	1.71e-05	1.00e+00	4.65e-05	0.00e+00	0.00e+00	0.00e+00	0.00e+00	6.90e-16	1.39e-15	4.71e-65
 2.06123e+14	1.06e-21	2.58e-15	7.64e-10	1.84e-05	1.00e+00	4.33e-05	0.00e+00	0.00e+00	0.00e+00	0.00e+00	8.56e-16	1.72e-15	1.04e-64
 2.14398e+14	1.45e-21	3.26e-15	8.94e-10	1.99e-05	1.00e+00	4.00e-05	0.00e+00	0.00e+00	0.00e+00	0.00e+00	1.08e-15	2.18e-15	2.46e-64
 2.22072e+14	1.92e-21	4.02e-15	1.03e-09	2.13e-05	1.00e+00	3.73e-05	0.00e+00	0.00e+00	0.00e+00	0.00e+00	1.34e-15	2.69e-15	5.29e-64
 2.28756e+14	2.43e-21	4.80e-15	1.16e-09	2.26e-05	1.00e+00	3.51e-05	0.00e+00	0.00e+00	0.00e+00	0.00e+00	1.59e-15	3.21e-15	1.01e-63
 2.36181e+14	3.12e-21	5.80e-15	1.31e-09	2.41e-05	1.00e+00	3.30e-05	0.00e+00	0.00e+00	0.00e+00	0.00e+00	1.93e-15	3.88e-15	2.02e-63
 2.45200e+14	4.20e-21	7.26e-15	1.53e-09	2.60e-05	1.00e+00	3.06e-05	0.00e+00	0.00e+00	0.00e+00	0.00e+00	2.41e-15	4.85e-15	4.57e-63
 2.54308e+14	5.60e-21	9.01e-15	1.77e-09	2.80e-05	1.00e+00	2.84e-05	0.00e+00	0.00e+00	0.00e+00	0.00e+00	2.99e-15	6.02e-15	1.00e-62
 2.62546e+14	7.21e-21	1.09e-14	2.01e-09	2.98e-05	1.00e+00	2.66e-05	0.00e+00	0.00e+00	0.00e+00	0.00e+00	3.61e-15	7.28e-15	2.01e-62
 2.71635e+14	9.41e-21	1.33e-14	2.30e-09	3.19e-05	1.00e+00	2.49e-05	0.00e+00	0.00e+00	0.00e+00	0.00e+00	4.42e-15	8.90e-15	4.18e-62
 2.82324e+14	1.27e-20	1.67e-14	2.68e-09	3.45e-05	1.00e+00	2.30e-05	0.00e+00	0.00e+00	0.00e+00	0.00e+00	5.55e-15	1.12e-14	9.58e-62
 2.92833e+14	1.70e-20	2.08e-14	3.10e-09	3.72e-05	1.00e+00	2.13e-05	0.00e+00	0.00e+00	0.00e+00	0.00e+00	6.89e-15	1.39e-14	2.09e-61
 3.02558e+14	2.19e-20	2.52e-14	3.54e-09	3.97e-05	1.00e+00	2.00e-05	0.00e+00	0.00e+00	0.00e+00	0.00e+00	8.35e-15	1.68e-14	4.23e-61
 3.13486e+14	2.89e-20	3.10e-14	4.08e-09	4.27e-05	1.00e+00	1.86e-05	0.00e+00	0.00e+00	0.00e+00	0.00e+00	1.03e-14	2.07e-14	8.99e-61
 3.26055e+14	3.91e-20	3.91e-14	4.77e-09	4.63e-05	1.00e+00	1.71e-05	0.00e+00	0.00e+00	0.00e+00	0.00e+00	1.30e-14	2.61e-14	2.06e-60
 3.38381e+14	5.22e-20	4.86e-14	5.54e-09	5.00e-05	1.00e+00	1.59e-05	0.00e+00	0.00e+00	0.00e+00	0.00e+00	1.61e-14	3.25e-14	4.53e-60
 3.51200e+14	6.94e-20	6.04e-14	6.43e-09	5.40e-05	1.00e+00	1.47e-05	0.00e+00	0.00e+00	0.00e+00	0.00e+00	2.00e-14	4.04e-14	9.88e-60
 3.65278e+14	9.39e-20	7.61e-14	7.54e-09	5.86e-05	1.00e+00	1.35e-05	0.00e+00	0.00e+00	0.00e+00	0.00e+00	2.52e-14	5.09e-14	2.25e-59
 3.79468e+14	1.26e-19	9.50e-14	8.79e-09	6.34e-05	1.00e+00	1.25e-05	0.00e+00	0.00e+00	0.00e+00	0.00e+00	3.15e-14	6.35e-14	4.98e-59
 3.94225e+14	1.68e-19	1.19e-13	1.03e-08	6.87e-05	1.00e+00	1.15e-05	0.00e+00	0.00e+00	0.00e+00	0.00e+00	3.93e-14	7.94e-14	1.10e-58
 4.10024e+14	2.27e-19	1.49e-13	1.20e-08	7.46e-05	1.00e+00	1.06e-05	0.00e+00	0.00e+00	0.00e+00	0.00e+00	4.94e-14	9.98e-14	2.49e-58
 4.26455e+14	3.05e-19	1.87e-13	1.41e-08	8.11e-05	1.00e+00	9.78e-06	0.00e+00	0.00e+00	0.00e+00	0.00e+00	6.20e-14	1.25e-13	5.57e-58
 4.43543e+14	4.10e-19	2.35e-13	1.65e-08	8.81e-05	1.00e+00	9.00e-06	0.00e+00	0.00e+00	0.00e+00	0.00e+00	7.79e-14	1.57e-13	1.25e-57
 4.59978e+14	5.38e-19	2.90e-13	1.91e-08	9.52e-05	1.00e+00	8.33e-06	0.00e+00	0.00e+00	0.00e+00	0.00e+00	9.60e-14	1.94e-13	2.62e-57
 4.75245e+14	6.88e-19	3.50e-13	2.18e-08	1.02e-04	1.00e+00	7.80e-06	0.00e+00	0.00e+00	0.00e+00	0.00e+00	1.16e-13	2.34e-13	5.11e-57
 4.89719e+14	8.57e-19	4.15e-13	2.46e-08	1.09e-04	1.00e+00	7.32e-06	0.00e+00	0.00e+00	0.00e+00	0.00e+00	1.37e-13	2.78e-13	9.27e-57
 5.05659e+14	1.08e-18	4.99e-13	2.81e-08	1.17e-04	1.00e+00	6.86e-06	0.00e+00	0.00e+00	0.00e+00	0.00e+00	1.65e-13	3.34e-13	1.76e-56
 5.23395e+14	1.40e-18	6.07e-13	3.23e-08	1.26e-04	1.00e+00	6.38e-06	0.00e+00	0.00e+00	0.00e+00	0.00e+00	2.01e-13	4.06e-13	3.51e-56
 5.40046e+14	1.76e-18	7.26e-13	3.66e-08	1.35e-04	1.00e+00	5.99e-06	0.00e+00	0.00e+00	0.00e+00	0.00e+00	2.40e-13	4.86e-13	6.60e-56
 5.58273e+14	2.23e-18	8.74e-13	4.20e-08	1.45e-04	1.00e+00	5.59e-06	0.00e+00	0.00e+00	0.00e+00	0.00e+00	2.89e-13	5.85e-13	1.25e-55
 5.78675e+14	2.91e-18	1.07e-12	4.85e-08	1.57e-04	1.00e+00	5.19e-06	0.00e+00	0.00e+00	0.00e+00	0.00e+00	3.55e-13	7.19e-13	2.60e-55
 5.98113e+14	3.68e-18	1.29e-12	5.55e-08	1.69e-04	1.00e+00	4.85e-06	0.00e+00	0.00e+00	0.00e+00	0.00e+00	4.27e-13	8.65e-13	4.95e-55
 6.16612e+14	4.58e-18	1.54e-12	6.28e-08	1.80e-04	1.00e+00	4.56e-06	0.00e+00	0.00e+00	0.00e+00	0.00e+00	5.08e-13	1.03e-12	9.06e-55
 6.37683e+14	5.81e-18	1.85e-12	7.20e-08	1.94e-04	1.00e+00	4.26e-06	0.00e+00	0.00e+00	0.00e+00	0.00e+00	6.12e-13	1.24e-12	1.74e-54
 6.61156e+14	7.50e-18	2.27e-12	8.34e-08	2.11e-04	1.00e+00	3.95e-06	0.00e+00	0.00e+00	0.00e+00	0.00e+00	7.49e-13	1.52e-12	3.52e-54
 6.83107e+14	9.47e-18	2.72e-12	9.52e-08	2.27e-04	1.00e+00	3.71e-06	0.00e+00	0.00e+00	0.00e+00	0.00e+00	8.99e-13	1.82e-12	6.70e-54
 7.06997e+14	1.20e-17	3.29e-12	1.09e-07	2.45e-04	1.00e+00	3.46e-06	0.00e+00	0.00e+00	0.00e+00	0.00e+00	1.09e-12	2.20e-12	1.30e-53
 7.33502e+14	1.55e-17	4.03e-12	1.27e-07	2.66e-04	1.00e+00	3.22e-06	0.00e+00	0.00e+00	0.00e+00	0.00e+00	1.33e-12	2.70e-12	2.66e-53
 7.58141e+14	1.95e-17	4.84e-12	1.45e-07	2.86e-04	1.00e+00	3.02e-06	0.00e+00	0.00e+00	0.00e+00	0.00e+00	1.60e-12	3.24e-12	5.05e-53
 7.84908e+14	2.48e-17	5.85e-12	1.67e-07	3.09e-04	1.00e+00	2.83e-06	0.00e+00	0.00e+00	0.00e+00	0.00e+00	1.93e-12	3.92e-12	9.91e-53
 8.14753e+14	3.21e-17	7.18e-12	1.94e-07	3.36e-04	1.00e+00	2.63e-06	0.00e+00	0.00e+00	0.00e+00	0.00e+00	2.37e-12	4.81e-12	2.05e-52
 8.42744e+14	4.04e-17	8.63e-12	2.22e-07	3.63e-04	1.00e+00	2.47e-06	0.00e+00	0.00e+00	0.00e+00	0.00e+00	2.85e-12	5.78e-12	3.94e-52
 8.73152e+14	5.15e-17	1.05e-11	2.57e-07	3.93e-04	1.00e+00	2.32e-06	0.00e+00	4.33e-18	1.30e-17	2.17e-17	3.46e-12	7.02e-12	7.86e-52
 9.07018e+14	6.67e-17	1.29e-11	2.99e-07	4.28e-04	1.00e+00	2.16e-06	0.00e+00	5.61e-18	1.69e-17	2.81e-17	4.25e-12	8.64e-12	1.65e-51
 9.38953e+14	8.43e-17	1.56e-11	3.44e-07	4.63e-04	1.00e+00	2.04e-06	0.00e+00	7.10e-18	2.13e-17	3.56e-17	5.13e-12	1.04e-11	3.25e-51
 9.73256e+14	1.07e-16	1.89e-11	3.97e-07	5.02e-04	9.99e-01	1.92e-06	0.00e+00	9.06e-18	2.72e-17	4.54e-17	6.24e-12	1.27e-11	6.57e-51
 1.01140e+15	1.39e-16	2.33e-11	4.64e-07	5.48e-04	9.99e-01	1.80e-06	0.00e+00	1.18e-17	3.53e-17	5.90e-17	7.69e-12	1.56e-11	1.40e-50
 1.04826e+15	1.77e-16	2.83e-11	5.35e-07	5.94e-04	9.99e-01	1.70e-06	0.00e+00	1.50e-17	4.50e-17	7.52e-17	9.34e-12	1.90e-11	2.85e-50
 1.08740e+15	2.27e-16	3.46e-11	6.20e-07	6.46e-04	9.99e-01	1.60e-06	0.00e+00	1.92e-17	5.77e-17	9.63e-17	1.14e-11	2.32e-11	5.92e-50
 1.13093e+15	2.95e-16	4.28e-11	7.26e-07	7.06e-04	9.99e-01	1.51e-06	0.00e+00	2.50e-17	7.52e-17	1.26e-16	1.41e-11	2.87e-11	1.30e-49
 1.17456e+15	3.81e-16	5.25e-11	8.45e-07	7.69e-04	9.99e-01	1.44e-06	0.00e+00	3.23e-17	9.70e-17	1.62e-16	1.73e-11	3.52e-11	2.78e-49
 1.21993e+15	4.91e-16	6.45e-11	9.83e-07	8.38e-04	9.99e-01	1.36e-06	0.00e+00	4.17e-17	1.25e-16	2.09e-16	2.13e-11	4.32e-11	5.99e-49
 1.26876e+15	6.38e-16	7.98e-11	1.15e-06	9.16e-04	9.99e-01	1.30e-06	0.00e+00	5.43e-17	1.63e-16	2.72e-16	2.63e-11	5.35e-11	1.34e-48
 1.31954e+15	8.30e-16	9.87e-11	1.35e-06	1.00e-03	9.99e-01	1.24e-06	0.00e+00	7.07e-17	2.12e-16	3.55e-16	3.25e-11	6.62e-11	3.01e-48
 1.37118e+15	1.07e-15	1.22e-10	1.57e-06	1.09e-03	9.99e-01	1.19e-06	0.00e+00	9.16e-17	2.75e-16	4.59e-16	4.01e-11	8.15e-11	6.69e-48
 1.41570e+15	1.33e-15	1.45e-10	1.78e-06	1.17e-03	9.99e-01	1.15e-06	0.00e+00	1.14e-16	3.41e-16	5.69e-16	4.77e-11	9.70e-11	1.31e-47
 1.45161e+15	1.57e-15	1.66e-10	1.97e-06	1.24e-03	9.99e-01	1.13e-06	0.00e+00	1.35e-16	4.04e-16	6.75e-16	5.47e-11	1.11e-10	2.21e-47
 1.49102e+15	1.88e-15	1.92e-10	2.19e-06	1.32e-03	9.99e-01	1.10e-06	0.00e+00	1.61e-16	4.83e-16	8.07e-16	6.33e-11	1.29e-10	3.89e-47
 1.54226e+15	2.33e-15	2.31e-10	2.50e-06	1.42e-03	9.99e-01	1.07e-06	0.00e+00	2.00e-16	5.99e-16	1.00e-15	7.61e-11	1.55e-10	7.94e-47
 1.59723e+15	2.94e-15	2.80e-10	2.88e-06	1.54e-03	9.98e-01	1.04e-06	0.00e+00	2.53e-16	7.58e-16	1.27e-15	9.22e-11	1.87e-10	1.68e-46
 1.64620e+15	3.60e-15	3.30e-10	3.24e-06	1.64e-03	9.98e-01	1.02e-06	0.00e+00	3.09e-16	9.28e-16	1.55e-15	1.09e-10	2.21e-10	3.21e-46
 1.69901e+15	4.46e-15	3.93e-10	3.67e-06	1.76e-03	9.98e-01	1.00e-06	0.00e+00	3.83e-16	1.15e-15	1.92e-15	1.30e-10	2.63e-10	6.34e-46
 1.76346e+15	5.71e-15	4.82e-10	4.26e-06	1.91e-03	9.98e-01	9.86e-07	0.00e+00	4.92e-16	1.48e-15	2.46e-15	1.59e-10	3.23e-10	1.42e-45
 1.82824e+15	7.27e-15	5.88e-10	4.91e-06	2.07e-03	9.98e-01	0.00e+00	0.00e+00	6.27e-16	1.88e-15	3.14e-15	1.94e-10	3.94e-10	3.11e-45
 1.88586e+15	8.96e-15	6.98e-10	5.56e-06	2.22e-03	9.98e-01	0.00e+00	0.00e+00	7.73e-16	2.32e-15	3.87e-15	2.30e-10	4.68e-10	6.11e-45
 1.94894e+15	1.12e-14	8.38e-10	6.33e-06	2.39e-03	9.98e-01	0.00e+00	0.00e+00	9.66e-16	2.90e-15	4.84e-15	2.76e-10	5.61e-10	1.25e-44
 2.02430e+15	1.44e-14	1.03e-09	7.36e-06	2.60e-03	9.97e-01	0.00e+00	0.00e+00	1.25e-15	3.75e-15	6.26e-15	3.41e-10	6.93e-10	2.88e-44
 2.09885e+15	1.84e-14	1.27e-09	8.49e-06	2.81e-03	9.97e-01	0.00e+00	0.00e+00	1.60e-15	4.79e-15	8.00e-15	4.18e-10	8.48e-10	6.49e-44
 2.16625e+15	2.28e-14	1.51e-09	9.62e-06	3.02e-03	9.97e-01	0.00e+00	0.00e+00	1.98e-15	5.93e-15	9.90e-15	4.98e-10	1.01e-09	1.29e-43
 2.24111e+15	2.87e-14	1.83e-09	1.10e-05	3.25e-03	9.97e-01	0.00e+00	0.00e+00	2.49e-15	7.48e-15	1.25e-14	6.03e-10	1.22e-09	2.72e-43
 2.32910e+15	3.72e-14	2.27e-09	1.28e-05	3.54e-03	9.96e-01	0.00e+00	0.00e+00	3.23e-15	9.69e-15	1.62e-14	7.48e-10	1.52e-09	6.34e-43
 2.41584e+15	4.76e-14	2.79e-09	1.48e-05	3.83e-03	9.96e-01	0.00e+00	0.00e+00	4.14e-15	1.24e-14	2.07e-14	9.20e-10	1.87e-09	1.42e-42
 2.49653e+15	5.94e-14	3.35e-09	1.69e-05	4.11e-03	9.96e-01	0.00e+00	0.00e+00	5.17e-15	1.55e-14	2.59e-14	1.11e-09	2.24e-09	2.90e-42
 2.58691e+15	7.56e-14	4.10e-09	1.95e-05	4.44e-03	9.96e-01	0.00e+00	0.00e+00	6.58e-15	1.98e-14	3.30e-14	1.35e-09	2.74e-09	6.35e-42
 2.69042e+15	9.82e-14	5.12e-09	2.27e-05	4.84e-03	9.95e-01	0.00e+00	0.00e+00	8.57e-15	2.57e-14	4.29e-14	1.69e-09	3.43e-09	1.50e-41
 2.79236e+15	1.26e-13	6.33e-09	2.64e-05	5.25e-03	9.95e-01	0.00e+00	0.00e+00	1.10e-14	3.31e-14	5.53e-14	2.09e-09	4.24e-09	3.37e-41
 2.89838e+15	1.63e-13	7.82e-09	3.06e-05	5.69e-03	9.94e-01	0.00e+00	0.00e+00	1.42e-14	4.26e-14	7.12e-14	2.58e-09	5.24e-09	7.58e-41
 3.01434e+15	2.12e-13	9.77e-09	3.57e-05	6.19e-03	9.94e-01	0.00e+00	0.00e+00	1.85e-14	5.56e-14	9.27e-14	3.23e-09	6.54e-09	1.74e-40
 3.13495e+15	2.76e-13	1.22e-08	4.18e-05	6.74e-03	9.93e-01	0.00e+00	0.00e+00	2.41e-14	7.24e-14	1.21e-13	4.05e-09	8.20e-09	4.05e-40
 3.26038e+15	3.59e-13	1.53e-08	4.88e-05	7.34e-03	9.93e-01	0.00e+00	0.00e+00	3.14e-14	9.44e-14	1.57e-13	5.07e-09	1.03e-08	9.43e-40
 3.39082e+15	4.68e-13	1.92e-08	5.71e-05	7.99e-03	9.92e-01	0.00e+00	0.00e+00	4.10e-14	1.23e-13	2.06e-13	6.35e-09	1.29e-08	2.19e-39
 3.50395e+15	5.81e-13	2.31e-08	6.50e-05	8.57e-03	9.91e-01	0.00e+00	0.00e+00	5.10e-14	1.53e-13	2.55e-13	7.65e-09	1.55e-08	4.38e-39
 3.59143e+15	6.83e-13	2.67e-08	7.17e-05	9.04e-03	9.91e-01	0.00e+00	0.00e+00	6.00e-14	1.80e-13	3.00e-13	8.82e-09	1.79e-08	7.39e-39
 3.68540e+15	8.14e-13	3.10e-08	7.95e-05	9.56e-03	9.90e-01	0.00e+00	0.00e+00	7.15e-14	2.15e-13	3.58e-13	1.02e-08	2.07e-08	1.28e-38
 3.80756e+15	1.01e-12	3.73e-08	9.05e-05	1.02e-02	9.90e-01	0.00e+00	0.00e+00	8.92e-14	2.68e-13	4.47e-13	1.24e-08	2.50e-08	2.55e-38
 3.94032e+15	1.27e-12	4.55e-08	1.04e-04	1.10e-02	9.89e-01	0.00e+00	0.00e+00	1.12e-13	3.37e-13	5.62e-13	1.51e-08	3.04e-08	5.23e-38
 4.06038e+15	1.56e-12	5.41e-08	1.17e-04	1.18e-02	9.88e-01	0.00e+00	0.00e+00	1.37e-13	4.11e-13	6.86e-13	1.79e-08	3.62e-08	9.65e-38
 4.18996e+15	1.92e-12	6.49e-08	1.33e-04	1.26e-02	9.87e-01	0.00e+00	0.00e+00	1.69e-13	5.08e-13	8.47e-13	2.15e-08	4.34e-08	1.85e-37
 4.34849e+15	2.45e-12	8.04e-08	1.54e-04	1.36e-02	9.86e-01	0.00e+00	0.00e+00	2.16e-13	6.49e-13	1.08e-12	2.66e-08	5.38e-08	3.98e-37
 4.50642e+15	3.11e-12	9.88e-08	1.78e-04	1.47e-02	9.85e-01	0.00e+00	0.00e+00	2.74e-13	8.23e-13	1.37e-12	3.27e-08	6.61e-08	8.25e-37
 4.64433e+15	3.79e-12	1.18e-07	2.00e-04	1.57e-02	9.84e-01	0.00e+00	0.00e+00	3.35e-13	1.00e-12	1.67e-12	3.89e-08	7.86e-08	1.52e-36
 4.79442e+15	4.68e-12	1.41e-07	2.28e-04	1.68e-02	9.83e-01	0.00e+00	0.00e+00	4.13e-13	1.24e-12	2.07e-12	4.68e-08	9.45e-08	2.90e-36
 4.97685e+15	6.00e-12	1.76e-07	2.65e-04	1.83e-02	9.81e-01	0.00e+00	0.00e+00	5.30e-13	1.59e-12	2.66e-12	5.82e-08	1.18e-07	6.24e-36
 5.15781e+15	7.61e-12	2.16e-07	3.06e-04	1.97e-02	9.80e-01	0.00e+00	0.00e+00	6.74e-13	2.02e-12	3.37e-12	7.17e-08	1.45e-07	1.27e-35
 5.31852e+15	9.30e-12	2.59e-07	3.46e-04	2.11e-02	9.79e-01	0.00e+00	0.00e+00	8.24e-13	2.47e-12	4.12e-12	8.57e-08	1.73e-07	2.35e-35
 5.49642e+15	1.16e-11	3.14e-07	3.95e-04	2.27e-02	9.77e-01	0.00e+00	0.00e+00	1.03e-12	3.08e-12	5.14e-12	1.04e-07	2.10e-07	4.57e-35
 5.70892e+15	1.50e-11	3.92e-07	4.62e-04	2.47e-02	9.75e-01	0.00e+00	0.00e+00	1.33e-12	3.98e-12	6.64e-12	1.30e-07	2.62e-07	9.77e-35
 5.91786e+15	1.89e-11	4.83e-07	5.33e-04	2.67e-02	9.73e-01	0.00e+00	0.00e+00	1.68e-12	5.03e-12	8.39e-12	1.60e-07	3.23e-07	1.97e-34
 6.10764e+15	2.33e-11	5.81e-07	6.06e-04	2.86e-02	9.71e-01	0.00e+00	0.00e+00	2.07e-12	6.22e-12	1.04e-11	1.93e-07	3.89e-07	3.66e-34
 6.32107e+15	2.94e-11	7.12e-07	6.98e-04	3.09e-02	9.68e-01	0.00e+00	0.00e+00	2.61e-12	7.84e-12	1.31e-11	2.36e-07	4.76e-07	7.22e-34
 6.56231e+15	3.77e-11	8.87e-07	8.14e-04	3.36e-02	9.66e-01	0.00e+00	0.00e+00	3.35e-12	1.01e-11	1.68e-11	2.94e-07	5.93e-07	1.50e-33
 6.79526e+15	4.76e-11	1.09e-06	9.39e-04	3.64e-02	9.63e-01	0.00e+00	0.00e+00	4.24e-12	1.27e-11	2.12e-11	3.61e-07	7.28e-07	2.87e-33
 7.00949e+15	5.85e-11	1.31e-06	1.07e-03	3.90e-02	9.60e-01	0.00e+00	0.00e+00	5.22e-12	1.57e-11	2.61e-11	4.34e-07	8.74e-07	5.20e-33
 7.24384e+15	7.36e-11	1.59e-06	1.23e-03	4.21e-02	9.57e-01	0.00e+00	0.00e+00	6.57e-12	1.97e-11	3.29e-11	5.29e-07	1.06e-06	9.90e-33
 7.50356e+15	9.35e-11	1.96e-06	1.42e-03	4.56e-02	9.53e-01	0.00e+00	0.00e+00	8.35e-12	2.51e-11	4.18e-11	6.51e-07	1.31e-06	1.93e-32
 7.72520e+15	1.13e-10	2.33e-06	1.60e-03	4.88e-02	9.50e-01	0.00e+00	0.00e+00	1.01e-11	3.02e-11	5.04e-11	7.72e-07	1.55e-06	3.31e-32
 7.90984e+15	1.33e-10	2.68e-06	1.77e-03	5.16e-02	9.47e-01	0.00e+00	0.00e+00	1.19e-11	3.57e-11	5.95e-11	8.89e-07	1.79e-06	5.16e-32
 8.11747e+15	1.59e-10	3.13e-06	1.97e-03	5.48e-02	9.43e-01	0.00e+00	0.00e+00	1.42e-11	4.27e-11	7.12e-11	1.04e-06	2.09e-06	8.53e-32
 8.38739e+15	2.01e-10	3.83e-06	2.27e-03	5.92e-02	9.39e-01	0.00e+00	0.00e+00	1.80e-11	5.41e-11	9.01e-11	1.27e-06	2.56e-06	1.59e-31
 8.66497e+15	2.51e-10	4.65e-06	2.61e-03	6.40e-02	9.33e-01	0.00e+00	0.00e+00	2.25e-11	6.75e-11	1.13e-10	1.54e-06	3.10e-06	2.90e-31
 8.89928e+15	3.00e-10	5.45e-06	2.93e-03	6.82e-02	9.29e-01	0.00e+00	0.00e+00	2.70e-11	8.09e-11	1.35e-10	1.81e-06	3.64e-06	4.74e-31
 9.15066e+15	3.68e-10	6.48e-06	3.31e-03	7.30e-02	9.24e-01	0.00e+00	0.00e+00	3.31e-11	9.93e-11	1.66e-10	2.15e-06	4.33e-06	8.06e-31
 9.47746e+15	4.80e-10	8.08e-06	3.88e-03	7.96e-02	9.17e-01	0.00e+00	0.00e+00	4.32e-11	1.30e-10	2.16e-10	2.69e-06	5.40e-06	1.57e-30
 9.80975e+15	6.12e-10	9.97e-06	4.52e-03	8.67e-02	9.09e-01	0.00e+00	0.00e+00	5.52e-11	1.66e-10	2.76e-10	3.31e-06	6.66e-06	2.93e-30
 1.00724e+16	7.35e-10	1.17e-05	5.09e-03	9.25e-02	9.02e-01	0.00e+00	0.00e+00	6.64e-11	1.99e-10	3.32e-10	3.90e-06	7.82e-06	4.68e-30
 1.03369e+16	8.99e-10	1.39e-05	5.75e-03	9.89e-02	8.95e-01	0.00e+00	0.00e+00	8.12e-11	2.43e-10	4.06e-10	4.61e-06	9.25e-06	7.73e-30
 1.06809e+16	1.16e-09	1.72e-05	6.72e-03	1.08e-01	8.86e-01	0.00e+00	0.00e+00	1.05e-10	3.14e-10	5.23e-10	5.71e-06	1.15e-05	1.45e-29
 1.10277e+16	1.49e-09	2.11e-05	7.82e-03	1.17e-01	8.75e-01	0.00e+00	0.00e+00	1.35e-10	4.04e-10	6.73e-10	7.00e-06	1.41e-05	2.57e-29
 1.13041e+16	1.80e-09	2.47e-05	8.81e-03	1.25e-01	8.66e-01	0.00e+00	0.00e+00	1.63e-10	4.90e-10	8.17e-10	8.22e-06	1.65e-05	4.01e-29
 1.15492e+16	2.14e-09	2.85e-05	9.80e-03	1.32e-01	8.58e-01	0.00e+00	0.00e+00	1.94e-10	5.81e-10	9.69e-10	9.49e-06	1.90e-05	6.01e-29
 1.18276e+16	2.60e-09	3.37e-05	1.11e-02	1.41e-01	8.48e-01	0.00e+00	0.00e+00	2.36e-10	7.09e-10	1.18e-09	1.12e-05	2.25e-05	9.65e-29
 1.21373e+16	3.25e-09	4.03e-05	1.27e-02	1.52e-01	8.35e-01	0.00e+00	0.00e+00	2.95e-10	8.86e-10	1.48e-09	1.34e-05	2.69e-05	1.58e-28
 1.24226e+16	3.93e-09	4.73e-05	1.43e-02	1.62e-01	8.24e-01	0.00e+00	0.00e+00	3.57e-10	1.07e-09	1.79e-09	1.57e-05	3.15e-05	2.44e-28
 1.26848e+16	4.72e-09	5.50e-05	1.61e-02	1.72e-01	8.12e-01	0.00e+00	0.00e+00	4.30e-10	1.29e-09	2.15e-09	1.83e-05	3.67e-05	3.67e-28
 1.29820e+16	5.88e-09	6.56e-05	1.84e-02	1.84e-01	7.97e-01	0.00e+00	0.00e+00	5.36e-10	1.61e-09	2.68e-09	2.18e-05	4.37e-05	5.98e-28
 1.33001e+16	7.40e-09	7.88e-05	2.11e-02	1.98e-01	7.81e-01	0.00e+00	0.00e+00	6.76e-10	2.03e-09	3.38e-09	2.62e-05	5.25e-05	9.72e-28
 1.35774e+16	9.02e-09	9.23e-05	2.39e-02	2.11e-01	7.65e-01	0.00e+00	0.00e+00	8.25e-10	2.47e-09	4.12e-09	3.07e-05	6.15e-05	1.48e-27
 1.38294e+16	1.08e-08	1.07e-04	2.67e-02	2.23e-01	7.50e-01	0.00e+00	0.00e+00	9.85e-10	2.95e-09	4.92e-09	3.56e-05	7.12e-05	2.17e-27
 1.41169e+16	1.35e-08	1.28e-04	3.06e-02	2.39e-01	7.31e-01	0.00e+00	0.00e+00	1.24e-09	3.72e-09	6.19e-09	4.25e-05	8.51e-05	3.54e-27
 1.44225e+16	1.70e-08	1.53e-04	3.53e-02	2.56e-01	7.09e-01	0.00e+00	0.00e+00	1.56e-09	4.67e-09	7.79e-09	5.10e-05	1.02e-04	5.71e-27
 1.46856e+16	2.08e-08	1.79e-04	3.99e-02	2.71e-01	6.89e-01	0.00e+00	0.00e+00	1.91e-09	5.71e-09	9.52e-09	5.97e-05	1.19e-04	8.58e-27
 1.49215e+16	2.50e-08	2.07e-04	4.47e-02	2.86e-01	6.69e-01	0.00e+00	0.00e+00	2.30e-09	6.89e-09	1.15e-08	6.91e-05	1.38e-04	1.27e-26
 1.51477e+16	2.97e-08	2.39e-04	5.00e-02	3.01e-01	6.48e-01	0.00e+00	0.00e+00	2.73e-09	8.19e-09	1.36e-08	7.95e-05	1.59e-04	1.83e-26
 1.54011e+16	3.71e-08	2.83e-04	5.69e-02	3.20e-01	6.23e-01	0.00e+00	0.00e+00	3.41e-09	1.02e-08	1.71e-08	9.45e-05	1.89e-04	2.96e-26
 1.56701e+16	4.66e-08	3.38e-04	6.53e-02	3.40e-01	5.94e-01	0.00e+00	0.00e+00	4.29e-09	1.29e-08	2.14e-08	1.13e-04	2.25e-04	4.70e-26
 1.58996e+16	5.61e-08	3.92e-04	7.36e-02	3.58e-01	5.68e-01	0.00e+00	0.00e+00	5.17e-09	1.55e-08	2.59e-08	1.31e-04	2.61e-04	6.97e-26
 1.61011e+16	6.73e-08	4.51e-04	8.21e-02	3.75e-01	5.42e-01	0.00e+00	0.00e+00	6.21e-09	1.86e-08	3.10e-08	1.50e-04	3.01e-04	1.03e-25
 1.62964e+16	8.07e-08	5.18e-04	9.14e-02	3.93e-01	5.15e-01	0.00e+00	0.00e+00	7.45e-09	2.23e-08	3.72e-08	1.73e-04	3.45e-04	1.51e-25
 1.64911e+16	9.71e-08	5.97e-04	1.02e-01	4.11e-01	4.87e-01	0.00e+00	0.00e+00	8.97e-09	2.69e-08	4.48e-08	1.99e-04	3.98e-04	2.26e-25
 1.66808e+16	1.17e-07	6.77e-04	1.13e-01	4.29e-01	4.57e-01	0.00e+00	0.00e+00	1.08e-08	3.24e-08	5.40e-08	2.26e-04	4.52e-04	3.20e-25
 1.68608e+16	1.42e-07	7.92e-04	1.26e-01	4.47e-01	4.26e-01	0.00e+00	0.00e+00	1.32e-08	3.94e-08	6.57e-08	2.64e-04	5.28e-04	5.19e-25
 1.70255e+16	1.68e-07	8.96e-04	1.39e-01	4.64e-01	3.96e-01	0.00e+00	0.00e+00	1.56e-08	4.66e-08	7.77e-08	2.99e-04	5.97e-04	7.44e-25
 1.71766e+16	1.96e-07	9.97e-04	1.52e-01	4.80e-01	3.67e-01	0.00e+00	0.00e+00	1.82e-08	5.46e-08	9.09e-08	3.33e-04	6.65e-04	1.01e-24
 1.73239e+16	2.31e-07	1.12e-03	1.67e-01	4.95e-01	3.37e-01	0.00e+00	0.00e+00	2.15e-08	6.43e-08	1.07e-07	3.75e-04	7.50e-04	1.47e-24
 1.74653e+16	2.72e-07	1.26e-03	1.82e-01	5.11e-01	3.07e-01	0.00e+00	0.00e+00	2.53e-08	7.57e-08	1.26e-07	4.22e-04	8.42e-04	2.15e-24
 1.75947e+16	3.22e-07	1.43e-03	1.97e-01	5.24e-01	2.77e-01	0.00e+00	0.00e+00	2.99e-08	8.97e-08	1.49e-07	4.78e-04	9.55e-04	3.33e-24
 1.77083e+16	3.65e-07	1.55e-03	2.11e-01	5.36e-01	2.51e-01	0.00e+00	0.00e+00	3.39e-08	1.02e-07	1.69e-07	5.18e-04	1.03e-03	4.27e-24
 1.78066e+16	4.20e-07	1.72e-03	2.24e-01	5.47e-01	2.28e-01	0.00e+00	0.00e+00	3.91e-08	1.17e-07	1.96e-07	5.72e-04	1.14e-03	6.18e-24
 1.78840e+16	4.62e-07	1.83e-03	2.35e-01	5.54e-01	2.09e-01	0.00e+00	0.00e+00	4.31e-08	1.29e-07	2.15e-07	6.10e-04	1.22e-03	7.75e-24
 1.79557e+16	5.04e-07	1.93e-03	2.45e-01	5.62e-01	1.92e-01	0.00e+00	0.00e+00	4.70e-08	1.41e-07	2.35e-07	6.44e-04	1.29e-03	9.30e-24
 1.80490e+16	5.77e-07	2.12e-03	2.59e-01	5.70e-01	1.68e-01	0.00e+00	0.00e+00	5.39e-08	1.62e-07	2.69e-07	7.07e-04	1.41e-03	1.34e-23
 1.81356e+16	6.50e-07	2.27e-03	2.72e-01	5.78e-01	1.48e-01	0.00e+00	0.00e+00	6.08e-08	1.82e-07	3.04e-07	7.59e-04	1.51e-03	1.74e-23
 1.81961e+16	7.12e-07	2.39e-03	2.81e-01	5.83e-01	1.34e-01	0.00e+00	0.00e+00	6.67e-08	2.00e-07	3.33e-07	7.98e-04	1.59e-03	2.13e-23
 1.82572e+16	7.72e-07	2.51e-03	2.91e-01	5.87e-01	1.19e-01	0.00e+00	0.00e+00	7.24e-08	2.17e-07	3.61e-07	8.37e-04	1.67e-03	2.53e-23
 1.83367e+16	8.90e-07	2.70e-03	3.03e-01	5.93e-01	1.02e-01	0.00e+00	0.00e+00	8.36e-08	2.50e-07	4.17e-07	9.02e-04	1.80e-03	3.48e-23
 1.84121e+16	9.84e-07	2.86e-03	3.14e-01	5.97e-01	8.63e-02	0.00e+00	0.00e+00	9.26e-08	2.78e-07	4.62e-07	9.56e-04	1.91e-03	4.38e-23
