#depth	O	O+	O+2	O+3	O+4	O+5	O+6	O+7	O+8	O[1]	O[2]	O[3]
 1.49634e+10	0.00e+00	1.00e-44	4.06e-34	1.61e-24	6.71e-16	2.24e-08	1.00e+00	0.00e+00	0.00e+00	0.00e+00	0.00e+00	0.00e+00
 4.54887e+10	0.00e+00	0.00e+00	5.57e-34	2.04e-24	7.86e-16	2.43e-08	1.00e+00	1.11e-10	0.00e+00	0.00e+00	0.00e+00	0.00e+00
 7.72350e+10	0.00e+00	2.21e-44	7.64e-34	2.58e-24	9.20e-16	2.63e-08	1.00e+00	0.00e+00	0.00e+00	0.00e+00	0.00e+00	0.00e+00
 1.10251e+11	0.00e+00	0.00e+00	1.05e-33	3.28e-24	1.08e-15	2.84e-08	1.00e+00	0.00e+00	0.00e+00	0.00e+00	0.00e+00	0.00e+00
 1.44588e+11	0.00e+00	4.85e-44	1.44e-33	4.15e-24	1.26e-15	3.08e-08	1.00e+00	0.00e+00	0.00e+00	0.00e+00	0.00e+00	0.00e+00
 1.80298e+11	0.00e+00	0.00e+00	1.97e-33	5.26e-24	1.48e-15	3.33e-08	1.00e+00	0.00e+00	0.00e+00	0.00e+00	0.00e+00	0.00e+00
 2.17437e+11	0.00e+00	1.07e-43	2.70e-33	6.67e-24	1.74e-15	3.61e-08	1.00e+00	0.00e+00	0.00e+00	0.00e+00	0.00e+00	0.00e+00
 2.56061e+11	0.00e+00	0.00e+00	3.70e-33	8.46e-24	2.03e-15	3.91e-08	1.00e+00	0.00e+00	0.00e+00	0.00e+00	0.00e+00	0.00e+00
 2.96231e+11	0.00e+00	2.35e-43	5.08e-33	1.07e-23	2.39e-15	4.23e-08	1.00e+00	0.00e+00	0.00e+00	0.00e+00	0.00e+00	0.00e+00
 3.38007e+11	0.00e+00	0.00e+00	6.98e-33	1.36e-23	2.80e-15	4.59e-08	1.00e+00	0.00e+00	0.00e+00	0.00e+00	0.00e+00	0.00e+00
 3.81454e+11	0.00e+00	5.18e-43	9.58e-33	1.73e-23	3.28e-15	4.97e-08	1.00e+00	0.00e+00	0.00e+00	0.00e+00	0.00e+00	0.00e+00
 4.26639e+11	0.00e+00	0.00e+00	1.31e-32	2.19e-23	3.85e-15	5.38e-08	1.00e+00	0.00e+00	0.00e+00	0.00e+00	0.00e+00	0.00e+00
 4.73631e+11	0.00e+00	1.14e-42	1.81e-32	2.79e-23	4.52e-15	5.83e-08	1.00e+00	0.00e+00	0.00e+00	0.00e+00	0.00e+00	0.00e+00
 5.22503e+11	0.00e+00	0.00e+00	2.48e-32	3.54e-23	5.31e-15	6.32e-08	1.00e+00	0.00e+00	0.00e+00	0.00e+00	0.00e+00	0.00e+00
 5.68894e+11	0.00e+00	2.44e-42	3.32e-32	4.40e-23	6.14e-15	6.81e-08	1.00e+00	0.00e+00	0.00e+00	0.00e+00	0.00e+00	0.00e+00
 6.11054e+11	0.00e+00	0.00e+00	4.28e-32	5.34e-23	6.99e-15	7.26e-08	1.00e+00	0.00e+00	0.00e+00	0.00e+00	0.00e+00	0.00e+00
 6.58628e+11	0.00e+00	4.76e-42	5.67e-32	6.59e-23	8.06e-15	7.80e-08	1.00e+00	0.00e+00	0.00e+00	0.00e+00	0.00e+00	0.00e+00
 7.14191e+11	0.00e+00	0.00e+00	7.76e-32	8.36e-23	9.45e-15	8.45e-08	1.00e+00	0.00e+00	0.00e+00	0.00e+00	0.00e+00	0.00e+00
 7.69194e+11	0.00e+00	1.03e-41	1.05e-31	1.05e-22	1.10e-14	9.13e-08	1.00e+00	0.00e+00	0.00e+00	0.00e+00	0.00e+00	0.00e+00
 8.21440e+11	0.00e+00	0.00e+00	1.38e-31	1.29e-22	1.27e-14	9.79e-08	1.00e+00	0.00e+00	0.00e+00	0.00e+00	0.00e+00	0.00e+00
 8.79267e+11	0.00e+00	2.09e-41	1.86e-31	1.61e-22	1.47e-14	1.06e-07	1.00e+00	0.00e+00	0.00e+00	0.00e+00	0.00e+00	0.00e+00
 9.44365e+11	0.00e+00	0.00e+00	2.56e-31	2.05e-22	1.73e-14	1.15e-07	1.00e+00	0.00e+00	0.00e+00	0.00e+00	0.00e+00	0.00e+00
 1.00854e+12	0.00e+00	4.54e-41	3.46e-31	2.59e-22	2.02e-14	1.24e-07	1.00e+00	0.00e+00	0.00e+00	0.00e+00	0.00e+00	0.00e+00
 1.07528e+12	0.00e+00	0.00e+00	4.70e-31	3.26e-22	2.36e-14	1.34e-07	1.00e+00	0.00e+00	0.00e+00	0.00e+00	0.00e+00	0.00e+00
 1.14822e+12	0.00e+00	9.91e-41	6.48e-31	4.15e-22	2.78e-14	1.46e-07	1.00e+00	0.00e+00	0.00e+00	0.00e+00	0.00e+00	0.00e+00
 1.22142e+12	0.00e+00	0.00e+00	8.85e-31	5.25e-22	3.26e-14	1.58e-07	1.00e+00	0.00e+00	0.00e+00	0.00e+00	0.00e+00	0.00e+00
 1.29754e+12	0.00e+00	2.15e-40	1.21e-30	6.65e-22	3.83e-14	1.71e-07	1.00e+00	0.00e+00	0.00e+00	0.00e+00	0.00e+00	0.00e+00
 1.37937e+12	0.00e+00	0.00e+00	1.67e-30	8.49e-22	4.52e-14	1.86e-07	1.00e+00	0.00e+00	0.00e+00	0.00e+00	0.00e+00	0.00e+00
 1.46447e+12	0.00e+00	4.79e-40	2.30e-30	1.08e-21	5.33e-14	2.03e-07	1.00e+00	0.00e+00	0.00e+00	0.00e+00	0.00e+00	0.00e+00
 1.55298e+12	0.00e+00	0.00e+00	3.18e-30	1.39e-21	6.30e-14	2.20e-07	1.00e+00	0.00e+00	0.00e+00	0.00e+00	0.00e+00	0.00e+00
 1.64503e+12	0.00e+00	1.07e-39	4.40e-30	1.77e-21	7.44e-14	2.40e-07	1.00e+00	0.00e+00	0.00e+00	0.00e+00	0.00e+00	0.00e+00
 1.74075e+12	0.00e+00	0.00e+00	6.08e-30	2.27e-21	8.80e-14	2.61e-07	1.00e+00	0.00e+00	0.00e+00	0.00e+00	0.00e+00	0.00e+00
 1.84031e+12	0.00e+00	2.39e-39	8.41e-30	2.90e-21	1.04e-13	2.84e-07	1.00e+00	0.00e+00	0.00e+00	0.00e+00	0.00e+00	0.00e+00
 1.94385e+12	0.00e+00	0.00e+00	1.16e-29	3.71e-21	1.23e-13	3.10e-07	1.00e+00	0.00e+00	0.00e+00	0.00e+00	0.00e+00	0.00e+00
 2.05153e+12	0.00e+00	5.34e-39	1.61e-29	4.75e-21	1.46e-13	3.38e-07	1.00e+00	0.00e+00	0.00e+00	0.00e+00	0.00e+00	0.00e+00
 2.16352e+12	0.00e+00	0.00e+00	2.23e-29	6.09e-21	1.73e-13	3.68e-07	1.00e+00	0.00e+00	0.00e+00	0.00e+00	0.00e+00	0.00e+00
 2.27999e+12	0.00e+00	1.19e-38	3.08e-29	7.81e-21	2.05e-13	4.02e-07	1.00e+00	0.00e+00	0.00e+00	0.00e+00	0.00e+00	0.00e+00
 2.39306e+12	0.00e+00	0.00e+00	4.18e-29	9.85e-21	2.40e-13	4.36e-07	1.00e+00	0.00e+00	0.00e+00	0.00e+00	0.00e+00	0.00e+00
 2.49966e+12	0.00e+00	2.45e-38	5.51e-29	1.22e-20	2.78e-13	4.70e-07	1.00e+00	0.00e+00	0.00e+00	0.00e+00	0.00e+00	0.00e+00
 2.61858e+12	0.00e+00	0.00e+00	7.43e-29	1.53e-20	3.25e-13	5.09e-07	1.00e+00	0.00e+00	0.00e+00	0.00e+00	0.00e+00	0.00e+00
 2.75325e+12	0.00e+00	5.28e-38	1.03e-28	1.96e-20	3.86e-13	5.56e-07	1.00e+00	0.00e+00	0.00e+00	0.00e+00	0.00e+00	0.00e+00
 2.88590e+12	0.00e+00	0.00e+00	1.40e-28	2.48e-20	4.54e-13	6.05e-07	1.00e+00	0.00e+00	0.00e+00	0.00e+00	0.00e+00	0.00e+00
 3.02386e+12	0.00e+00	1.13e-37	1.90e-28	3.15e-20	5.35e-13	6.58e-07	1.00e+00	0.00e+00	0.00e+00	0.00e+00	0.00e+00	0.00e+00
 3.17474e+12	0.00e+00	0.00e+00	2.64e-28	4.04e-20	6.36e-13	7.19e-07	1.00e+00	0.00e+00	0.00e+00	0.00e+00	0.00e+00	0.00e+00
 3.32671e+12	0.00e+00	2.48e-37	3.61e-28	5.14e-20	7.52e-13	7.84e-07	1.00e+00	0.00e+00	0.00e+00	0.00e+00	0.00e+00	0.00e+00
 3.48477e+12	0.00e+00	0.00e+00	4.94e-28	6.55e-20	8.90e-13	8.56e-07	1.00e+00	0.00e+00	0.00e+00	0.00e+00	0.00e+00	0.00e+00
 3.65409e+12	0.00e+00	5.44e-37	6.83e-28	8.41e-20	1.06e-12	9.37e-07	1.00e+00	0.00e+00	0.00e+00	0.00e+00	0.00e+00	0.00e+00
 3.83018e+12	0.00e+00	0.00e+00	9.44e-28	1.08e-19	1.26e-12	1.03e-06	1.00e+00	0.00e+00	0.00e+00	0.00e+00	0.00e+00	0.00e+00
 4.01331e+12	0.00e+00	1.20e-36	1.30e-27	1.39e-19	1.50e-12	1.12e-06	1.00e+00	0.00e+00	0.00e+00	0.00e+00	0.00e+00	0.00e+00
 4.20377e+12	2.43e-46	1.78e-36	1.80e-27	1.78e-19	1.79e-12	1.23e-06	1.00e+00	0.00e+00	0.00e+00	0.00e+00	0.00e+00	0.00e+00
 4.37961e+12	0.00e+00	0.00e+00	2.40e-27	2.22e-19	2.09e-12	1.33e-06	1.00e+00	0.00e+00	0.00e+00	0.00e+00	0.00e+00	0.00e+00
 4.53180e+12	0.00e+00	3.39e-36	3.05e-27	2.67e-19	2.38e-12	1.43e-06	1.00e+00	0.00e+00	0.00e+00	0.00e+00	0.00e+00	0.00e+00
 4.70073e+12	7.61e-46	4.63e-36	3.94e-27	3.27e-19	2.74e-12	1.54e-06	1.00e+00	0.00e+00	0.00e+00	0.00e+00	0.00e+00	0.00e+00
 4.90710e+12	0.00e+00	0.00e+00	5.33e-27	4.13e-19	3.24e-12	1.68e-06	1.00e+00	0.00e+00	0.00e+00	0.00e+00	0.00e+00	0.00e+00
 5.11760e+12	0.00e+00	9.63e-36	7.18e-27	5.21e-19	3.81e-12	1.83e-06	1.00e+00	0.00e+00	0.00e+00	0.00e+00	0.00e+00	0.00e+00
 5.30967e+12	2.65e-45	1.32e-35	9.32e-27	6.39e-19	4.40e-12	1.97e-06	1.00e+00	0.00e+00	0.00e+00	0.00e+00	0.00e+00	0.00e+00
 5.52233e+12	0.00e+00	0.00e+00	1.23e-26	7.95e-19	5.14e-12	2.14e-06	1.00e+00	0.00e+00	0.00e+00	0.00e+00	0.00e+00	0.00e+00
 5.77034e+12	0.00e+00	2.71e-35	1.68e-26	1.02e-18	6.11e-12	2.35e-06	1.00e+00	0.00e+00	0.00e+00	0.00e+00	0.00e+00	0.00e+00
 6.01443e+12	9.53e-45	3.87e-35	2.26e-26	1.28e-18	7.21e-12	2.56e-06	1.00e+00	0.00e+00	0.00e+00	0.00e+00	0.00e+00	0.00e+00
 6.24502e+12	0.00e+00	5.36e-35	2.96e-26	1.58e-18	8.37e-12	2.78e-06	1.00e+00	0.00e+00	0.00e+00	0.00e+00	0.00e+00	0.00e+00
 6.50149e+12	2.11e-44	7.58e-35	3.94e-26	1.98e-18	9.84e-12	3.03e-06	1.00e+00	0.00e+00	0.00e+00	0.00e+00	0.00e+00	0.00e+00
 6.79147e+12	0.00e+00	1.10e-34	5.37e-26	2.53e-18	1.17e-11	3.32e-06	1.00e+00	0.00e+00	0.00e+00	0.00e+00	0.00e+00	0.00e+00
 7.08284e+12	5.06e-44	1.58e-34	7.25e-26	3.21e-18	1.39e-11	3.64e-06	1.00e+00	0.00e+00	0.00e+00	0.00e+00	0.00e+00	0.00e+00
 7.38587e+12	0.00e+00	2.26e-34	9.77e-26	4.06e-18	1.64e-11	3.99e-06	1.00e+00	0.00e+00	0.00e+00	0.00e+00	0.00e+00	0.00e+00
 7.71123e+12	1.19e-43	3.27e-34	1.33e-25	5.18e-18	1.96e-11	4.38e-06	1.00e+00	0.00e+00	0.00e+00	0.00e+00	0.00e+00	0.00e+00
 8.04961e+12	0.00e+00	4.72e-34	1.80e-25	6.60e-18	2.33e-11	4.82e-06	1.00e+00	0.00e+00	0.00e+00	0.00e+00	0.00e+00	0.00e+00
 8.40152e+12	2.82e-43	6.78e-34	2.44e-25	8.40e-18	2.77e-11	5.29e-06	1.00e+00	0.00e+00	0.00e+00	0.00e+00	0.00e+00	0.00e+00
 8.76751e+12	0.00e+00	9.73e-34	3.30e-25	1.07e-17	3.30e-11	5.82e-06	1.00e+00	0.00e+00	0.00e+00	0.00e+00	0.00e+00	0.00e+00
 9.14813e+12	6.59e-43	1.39e-33	4.46e-25	1.36e-17	3.92e-11	6.39e-06	1.00e+00	0.00e+00	0.00e+00	0.00e+00	0.00e+00	0.00e+00
 9.54399e+12	0.00e+00	1.99e-33	6.02e-25	1.73e-17	4.66e-11	7.03e-06	1.00e+00	0.00e+00	0.00e+00	0.00e+00	0.00e+00	0.00e+00
 9.95567e+12	1.52e-42	2.84e-33	8.11e-25	2.19e-17	5.53e-11	7.72e-06	1.00e+00	0.00e+00	0.00e+00	0.00e+00	0.00e+00	0.00e+00
 1.03746e+13	0.00e+00	4.01e-33	1.08e-24	2.77e-17	6.54e-11	8.47e-06	1.00e+00	0.00e+00	0.00e+00	0.00e+00	0.00e+00	0.00e+00
 1.08103e+13	3.41e-42	5.65e-33	1.45e-24	3.50e-17	7.73e-11	9.28e-06	1.00e+00	0.00e+00	0.00e+00	0.00e+00	0.00e+00	0.00e+00
 1.12503e+13	0.00e+00	7.88e-33	1.92e-24	4.38e-17	9.09e-11	1.01e-05	1.00e+00	0.00e+00	0.00e+00	0.00e+00	0.00e+00	0.00e+00
 1.16746e+13	7.22e-42	1.07e-32	2.49e-24	5.40e-17	1.06e-10	1.10e-05	1.00e+00	0.00e+00	0.00e+00	0.00e+00	0.00e+00	0.00e+00
 1.21381e+13	0.00e+00	1.48e-32	3.27e-24	6.73e-17	1.24e-10	1.20e-05	1.00e+00	0.00e+00	0.00e+00	0.00e+00	0.00e+00	0.00e+00
 1.26418e+13	1.57e-41	2.08e-32	4.36e-24	8.48e-17	1.46e-10	1.32e-05	1.00e+00	0.00e+00	0.00e+00	0.00e+00	0.00e+00	0.00e+00
 1.31117e+13	0.00e+00	2.82e-32	5.63e-24	1.04e-16	1.69e-10	1.43e-05	1.00e+00	0.00e+00	0.00e+00	0.00e+00	0.00e+00	0.00e+00
 1.35494e+13	3.08e-41	3.71e-32	7.10e-24	1.26e-16	1.93e-10	1.54e-05	1.00e+00	0.00e+00	0.00e+00	0.00e+00	0.00e+00	0.00e+00
 1.40523e+13	0.00e+00	5.03e-32	9.18e-24	1.54e-16	2.23e-10	1.67e-05	1.00e+00	0.00e+00	0.00e+00	0.00e+00	0.00e+00	0.00e+00
 1.46383e+13	6.53e-41	7.07e-32	1.22e-23	1.95e-16	2.63e-10	1.82e-05	1.00e+00	0.00e+00	0.00e+00	0.00e+00	0.00e+00	0.00e+00
 1.52186e+13	0.00e+00	9.79e-32	1.61e-23	2.43e-16	3.07e-10	1.99e-05	1.00e+00	0.00e+00	0.00e+00	0.00e+00	0.00e+00	0.00e+00
 1.57737e+13	1.36e-40	1.32e-31	2.08e-23	2.97e-16	3.54e-10	2.15e-05	1.00e+00	0.00e+00	0.00e+00	0.00e+00	0.00e+00	0.00e+00
 1.63862e+13	0.00e+00	1.82e-31	2.72e-23	3.69e-16	4.12e-10	2.34e-05	1.00e+00	0.00e+00	0.00e+00	0.00e+00	0.00e+00	0.00e+00
 1.70033e+13	2.84e-40	2.49e-31	3.54e-23	4.56e-16	4.78e-10	2.54e-05	1.00e+00	0.00e+00	0.00e+00	0.00e+00	0.00e+00	0.00e+00
 1.75287e+13	0.00e+00	3.22e-31	4.40e-23	5.42e-16	5.39e-10	2.71e-05	1.00e+00	0.00e+00	0.00e+00	0.00e+00	0.00e+00	0.00e+00
 1.80905e+13	5.25e-40	4.22e-31	5.52e-23	6.49e-16	6.11e-10	2.91e-05	1.00e+00	0.00e+00	0.00e+00	0.00e+00	0.00e+00	0.00e+00
 1.87911e+13	0.00e+00	5.84e-31	7.25e-23	8.06e-16	7.11e-10	3.16e-05	1.00e+00	0.00e+00	0.00e+00	0.00e+00	0.00e+00	0.00e+00
 1.95066e+13	1.11e-39	8.04e-31	9.48e-23	9.98e-16	8.24e-10	3.42e-05	1.00e+00	0.00e+00	0.00e+00	0.00e+00	0.00e+00	0.00e+00
 2.01354e+13	0.00e+00	1.06e-30	1.19e-22	1.20e-15	9.34e-10	3.67e-05	1.00e+00	0.00e+00	0.00e+00	0.00e+00	0.00e+00	0.00e+00
 2.08172e+13	2.15e-39	1.41e-30	1.52e-22	1.45e-15	1.07e-09	3.94e-05	1.00e+00	0.00e+00	0.00e+00	0.00e+00	0.00e+00	0.00e+00
 2.16416e+13	0.00e+00	1.98e-30	2.01e-22	1.81e-15	1.24e-09	4.28e-05	1.00e+00	0.00e+00	0.00e+00	0.00e+00	0.00e+00	0.00e+00
 2.24711e+13	4.68e-39	2.75e-30	2.65e-22	2.25e-15	1.44e-09	4.64e-05	1.00e+00	0.00e+00	0.00e+00	0.00e+00	0.00e+00	0.00e+00
 2.32269e+13	0.00e+00	3.68e-30	3.38e-22	2.72e-15	1.64e-09	4.98e-05	1.00e+00	0.00e+00	0.00e+00	0.00e+00	0.00e+00	0.00e+00
 2.40672e+13	9.55e-39	5.04e-30	4.38e-22	3.34e-15	1.89e-09	5.37e-05	1.00e+00	0.00e+00	0.00e+00	0.00e+00	0.00e+00	0.00e+00
 2.50480e+13	0.00e+00	7.18e-30	5.88e-22	4.20e-15	2.21e-09	5.84e-05	1.00e+00	0.00e+00	0.00e+00	0.00e+00	0.00e+00	0.00e+00
 2.60222e+13	2.16e-38	1.01e-29	7.81e-22	5.24e-15	2.57e-09	6.33e-05	1.00e+00	0.00e+00	0.00e+00	0.00e+00	0.00e+00	0.00e+00
 2.69585e+13	0.00e+00	1.39e-29	1.01e-21	6.43e-15	2.96e-09	6.82e-05	1.00e+00	0.00e+00	0.00e+00	0.00e+00	0.00e+00	0.00e+00
 2.79899e+13	4.68e-38	1.95e-29	1.34e-21	7.99e-15	3.43e-09	7.38e-05	1.00e+00	0.00e+00	0.00e+00	0.00e+00	0.00e+00	0.00e+00
 2.91395e+13	0.00e+00	2.81e-29	1.81e-21	1.01e-14	4.02e-09	8.03e-05	1.00e+00	0.00e+00	0.00e+00	0.00e+00	0.00e+00	0.00e+00
 3.03350e+13	1.11e-37	4.05e-29	2.45e-21	1.27e-14	4.70e-09	8.73e-05	1.00e+00	0.00e+00	0.00e+00	0.00e+00	0.00e+00	0.00e+00
 3.15783e+13	0.00e+00	5.85e-29	3.32e-21	1.61e-14	5.51e-09	9.49e-05	1.00e+00	0.00e+00	0.00e+00	0.00e+00	0.00e+00	0.00e+00
 3.28714e+13	2.65e-37	8.47e-29	4.49e-21	2.03e-14	6.45e-09	1.03e-04	1.00e+00	0.00e+00	0.00e+00	0.00e+00	0.00e+00	0.00e+00
 3.41721e+13	0.00e+00	1.21e-28	6.03e-21	2.55e-14	7.52e-09	1.12e-04	1.00e+00	0.00e+00	0.00e+00	0.00e+00	0.00e+00	0.00e+00
 3.55249e+13	6.19e-37	1.74e-28	8.09e-21	3.20e-14	8.76e-09	1.21e-04	1.00e+00	0.00e+00	0.00e+00	0.00e+00	0.00e+00	0.00e+00
 3.69759e+13	0.00e+00	2.52e-28	1.10e-20	4.05e-14	1.03e-08	1.31e-04	1.00e+00	0.00e+00	0.00e+00	0.00e+00	0.00e+00	0.00e+00
 3.84848e+13	1.50e-36	3.66e-28	1.49e-20	5.11e-14	1.20e-08	1.43e-04	1.00e+00	0.00e+00	0.00e+00	0.00e+00	0.00e+00	0.00e+00
 4.00541e+13	0.00e+00	5.32e-28	2.02e-20	6.46e-14	1.41e-08	1.55e-04	1.00e+00	0.00e+00	0.00e+00	0.00e+00	0.00e+00	0.00e+00
 4.16862e+13	3.63e-36	7.73e-28	2.74e-20	8.16e-14	1.65e-08	1.68e-04	1.00e+00	0.00e+00	0.00e+00	0.00e+00	0.00e+00	0.00e+00
 4.33252e+13	0.00e+00	1.11e-27	3.68e-20	1.02e-13	1.92e-08	1.82e-04	1.00e+00	0.00e+00	0.00e+00	0.00e+00	0.00e+00	0.00e+00
 4.48422e+13	8.18e-36	1.54e-27	4.79e-20	1.25e-13	2.19e-08	1.95e-04	1.00e+00	0.00e+00	0.00e+00	0.00e+00	0.00e+00	0.00e+00
 4.64756e+13	0.00e+00	2.15e-27	6.30e-20	1.55e-13	2.53e-08	2.10e-04	1.00e+00	0.00e+00	0.00e+00	0.00e+00	0.00e+00	0.00e+00
 4.83205e+13	1.88e-35	3.10e-27	8.49e-20	1.94e-13	2.95e-08	2.27e-04	1.00e+00	0.00e+00	0.00e+00	0.00e+00	0.00e+00	0.00e+00
 5.00977e+13	0.00e+00	4.36e-27	1.12e-19	2.40e-13	3.40e-08	2.45e-04	1.00e+00	0.00e+00	0.00e+00	0.00e+00	0.00e+00	0.00e+00
 5.19874e+13	4.27e-35	6.19e-27	1.49e-19	2.99e-13	3.93e-08	2.64e-04	1.00e+00	0.00e+00	0.00e+00	0.00e+00	0.00e+00	0.00e+00
 5.40968e+13	6.67e-35	9.01e-27	2.03e-19	3.77e-13	4.60e-08	2.87e-04	1.00e+00	0.00e+00	0.00e+00	0.00e+00	0.00e+00	0.00e+00
 5.62163e+13	1.03e-34	1.30e-26	2.72e-19	4.73e-13	5.36e-08	3.10e-04	1.00e+00	0.00e+00	0.00e+00	0.00e+00	0.00e+00	0.00e+00
 5.84205e+13	1.58e-34	1.87e-26	3.66e-19	5.94e-13	6.23e-08	3.35e-04	1.00e+00	0.00e+00	0.00e+00	0.00e+00	0.00e+00	0.00e+00
 6.07873e+13	2.47e-34	2.72e-26	4.98e-19	7.50e-13	7.29e-08	3.64e-04	1.00e+00	0.00e+00	0.00e+00	0.00e+00	0.00e+00	0.00e+00
 6.32487e+13	3.86e-34	3.96e-26	6.76e-19	9.48e-13	8.53e-08	3.95e-04	1.00e+00	0.00e+00	0.00e+00	0.00e+00	0.00e+00	0.00e+00
 6.58086e+13	6.04e-34	5.78e-26	9.19e-19	1.20e-12	9.98e-08	4.28e-04	1.00e+00	0.00e+00	0.00e+00	0.00e+00	0.00e+00	0.00e+00
 6.81968e+13	9.03e-34	8.11e-26	1.21e-18	1.48e-12	1.15e-07	4.60e-04	1.00e+00	0.00e+00	0.00e+00	0.00e+00	0.00e+00	0.00e+00
 7.03000e+13	1.27e-33	1.08e-25	1.53e-18	1.77e-12	1.30e-07	4.90e-04	1.00e+00	0.00e+00	0.00e+00	0.00e+00	0.00e+00	0.00e+00
 7.26457e+13	1.84e-33	1.48e-25	1.97e-18	2.15e-12	1.48e-07	5.24e-04	9.99e-01	0.00e+00	0.00e+00	0.00e+00	0.00e+00	0.00e+00
 7.54659e+13	2.83e-33	2.13e-25	2.65e-18	2.69e-12	1.72e-07	5.66e-04	9.99e-01	0.00e+00	0.00e+00	0.00e+00	0.00e+00	0.00e+00
 7.82991e+13	4.31e-33	3.02e-25	3.53e-18	3.35e-12	1.99e-07	6.11e-04	9.99e-01	0.00e+00	0.00e+00	0.00e+00	0.00e+00	0.00e+00
 8.08952e+13	6.24e-33	4.13e-25	4.54e-18	4.06e-12	2.26e-07	6.52e-04	9.99e-01	0.00e+00	0.00e+00	0.00e+00	0.00e+00	0.00e+00
 8.37870e+13	9.31e-33	5.79e-25	5.97e-18	5.00e-12	2.60e-07	7.01e-04	9.99e-01	0.00e+00	0.00e+00	0.00e+00	0.00e+00	0.00e+00
 8.71449e+13	1.45e-32	8.43e-25	8.10e-18	6.30e-12	3.03e-07	7.60e-04	9.99e-01	0.00e+00	0.00e+00	0.00e+00	0.00e+00	0.00e+00
 9.04265e+13	2.22e-32	1.20e-24	1.08e-17	7.85e-12	3.51e-07	8.19e-04	9.99e-01	0.00e+00	0.00e+00	0.00e+00	0.00e+00	0.00e+00
 9.35140e+13	3.26e-32	1.66e-24	1.40e-17	9.57e-12	4.01e-07	8.76e-04	9.99e-01	0.00e+00	0.00e+00	0.00e+00	0.00e+00	0.00e+00
 9.69592e+13	4.94e-32	2.36e-24	1.86e-17	1.19e-11	4.63e-07	9.43e-04	9.99e-01	0.00e+00	0.00e+00	0.00e+00	0.00e+00	0.00e+00
 1.00868e+14	7.84e-32	3.48e-24	2.56e-17	1.50e-11	5.41e-07	1.02e-03	9.99e-01	0.00e+00	0.00e+00	0.00e+00	0.00e+00	0.00e+00
 1.04759e+14	1.21e-31	4.99e-24	3.41e-17	1.88e-11	6.29e-07	1.10e-03	9.99e-01	0.00e+00	0.00e+00	0.00e+00	0.00e+00	0.00e+00
 1.08806e+14	1.87e-31	7.20e-24	4.60e-17	2.35e-11	7.31e-07	1.19e-03	9.99e-01	0.00e+00	0.00e+00	0.00e+00	0.00e+00	0.00e+00
 1.13188e+14	2.95e-31	1.06e-23	6.27e-17	2.97e-11	8.55e-07	1.29e-03	9.99e-01	0.00e+00	0.00e+00	0.00e+00	0.00e+00	0.00e+00
 1.17746e+14	4.68e-31	1.55e-23	8.54e-17	3.76e-11	9.99e-07	1.40e-03	9.99e-01	0.00e+00	0.00e+00	0.00e+00	0.00e+00	0.00e+00
 1.22486e+14	7.42e-31	2.29e-23	1.17e-16	4.75e-11	1.17e-06	1.51e-03	9.98e-01	0.00e+00	0.00e+00	0.00e+00	0.00e+00	0.00e+00
 1.27415e+14	1.18e-30	3.37e-23	1.59e-16	6.00e-11	1.37e-06	1.63e-03	9.98e-01	0.00e+00	0.00e+00	0.00e+00	0.00e+00	0.00e+00
 1.32420e+14	1.85e-30	4.91e-23	2.16e-16	7.55e-11	1.59e-06	1.77e-03	9.98e-01	0.00e+00	0.00e+00	0.00e+00	0.00e+00	0.00e+00
 1.37229e+14	2.82e-30	6.98e-23	2.86e-16	9.33e-11	1.83e-06	1.90e-03	9.98e-01	0.00e+00	0.00e+00	0.00e+00	0.00e+00	0.00e+00
 1.42353e+14	4.34e-30	1.00e-22	3.82e-16	1.16e-10	2.12e-06	2.04e-03	9.98e-01	0.00e+00	0.00e+00	0.00e+00	0.00e+00	0.00e+00
 1.48077e+14	6.92e-30	1.48e-22	5.23e-16	1.47e-10	2.48e-06	2.21e-03	9.98e-01	0.00e+00	0.00e+00	0.00e+00	0.00e+00	0.00e+00
 1.53749e+14	1.08e-29	2.14e-22	7.04e-16	1.84e-10	2.88e-06	2.38e-03	9.98e-01	0.00e+00	0.00e+00	0.00e+00	0.00e+00	0.00e+00
 1.59648e+14	1.69e-29	3.11e-22	9.50e-16	2.30e-10	3.34e-06	2.56e-03	9.97e-01	0.00e+00	0.00e+00	0.00e+00	0.00e+00	0.00e+00
 1.66063e+14	2.70e-29	4.60e-22	1.30e-15	2.90e-10	3.91e-06	2.77e-03	9.97e-01	0.00e+00	0.00e+00	0.00e+00	0.00e+00	0.00e+00
 1.72511e+14	4.24e-29	6.72e-22	1.76e-15	3.64e-10	4.55e-06	2.99e-03	9.97e-01	0.00e+00	0.00e+00	0.00e+00	0.00e+00	0.00e+00
 1.78440e+14	6.35e-29	9.39e-22	2.30e-15	4.46e-10	5.20e-06	3.20e-03	9.97e-01	0.00e+00	0.00e+00	0.00e+00	0.00e+00	0.00e+00
 1.84769e+14	9.62e-29	1.33e-21	3.03e-15	5.48e-10	5.97e-06	3.42e-03	9.97e-01	0.00e+00	0.00e+00	0.00e+00	0.00e+00	0.00e+00
 1.91911e+14	1.51e-28	1.93e-21	4.10e-15	6.87e-10	6.94e-06	3.69e-03	9.96e-01	0.00e+00	0.00e+00	0.00e+00	0.00e+00	0.00e+00
 1.98771e+14	2.30e-28	2.74e-21	5.42e-15	8.47e-10	7.97e-06	3.96e-03	9.96e-01	0.00e+00	0.00e+00	0.00e+00	0.00e+00	0.00e+00
 2.06123e+14	3.53e-28	3.93e-21	7.23e-15	1.05e-09	9.21e-06	4.25e-03	9.96e-01	0.00e+00	0.00e+00	0.00e+00	0.00e+00	0.00e+00
 2.14398e+14	5.65e-28	5.81e-21	9.89e-15	1.33e-09	1.08e-05	4.60e-03	9.95e-01	0.00e+00	0.00e+00	0.00e+00	0.00e+00	0.00e+00
 2.22072e+14	8.57e-28	8.23e-21	1.31e-14	1.64e-09	1.24e-05	4.93e-03	9.95e-01	0.00e+00	0.00e+00	0.00e+00	0.00e+00	0.00e+00
 2.28756e+14	1.22e-27	1.10e-20	1.65e-14	1.96e-09	1.39e-05	5.22e-03	9.95e-01	0.00e+00	0.00e+00	0.00e+00	0.00e+00	0.00e+00
 2.36181e+14	1.78e-27	1.51e-20	2.13e-14	2.37e-09	1.58e-05	5.57e-03	9.94e-01	0.00e+00	0.00e+00	0.00e+00	0.00e+00	0.00e+00
 2.45200e+14	2.77e-27	2.19e-20	2.87e-14	2.96e-09	1.83e-05	6.00e-03	9.94e-01	0.00e+00	0.00e+00	0.00e+00	0.00e+00	0.00e+00
 2.54308e+14	4.24e-27	3.13e-20	3.82e-14	3.67e-09	2.12e-05	6.45e-03	9.94e-01	0.00e+00	0.00e+00	0.00e+00	0.00e+00	0.00e+00
 2.62546e+14	6.20e-27	4.29e-20	4.92e-14	4.44e-09	2.40e-05	6.87e-03	9.93e-01	0.00e+00	0.00e+00	0.00e+00	0.00e+00	0.00e+00
 2.71635e+14	9.21e-27	5.99e-20	6.44e-14	5.44e-09	2.75e-05	7.36e-03	9.93e-01	0.00e+00	0.00e+00	0.00e+00	0.00e+00	0.00e+00
 2.82324e+14	1.44e-26	8.73e-20	8.72e-14	6.84e-09	3.21e-05	7.95e-03	9.92e-01	0.00e+00	0.00e+00	0.00e+00	0.00e+00	0.00e+00
 2.92833e+14	2.20e-26	1.24e-19	1.16e-13	8.50e-09	3.71e-05	8.56e-03	9.91e-01	0.00e+00	0.00e+00	0.00e+00	0.00e+00	0.00e+00
 3.02558e+14	3.22e-26	1.71e-19	1.50e-13	1.03e-08	4.22e-05	9.14e-03	9.91e-01	0.00e+00	0.00e+00	0.00e+00	0.00e+00	0.00e+00
 3.13486e+14	4.84e-26	2.41e-19	1.98e-13	1.27e-08	4.85e-05	9.82e-03	9.90e-01	0.00e+00	0.00e+00	0.00e+00	0.00e+00	0.00e+00
 3.26055e+14	7.57e-26	3.52e-19	2.70e-13	1.61e-08	5.67e-05	1.06e-02	9.89e-01	0.00e+00	0.00e+00	0.00e+00	0.00e+00	0.00e+00
 3.38381e+14	1.16e-25	5.02e-19	3.60e-13	2.00e-08	6.57e-05	1.15e-02	9.88e-01	0.00e+00	0.00e+00	0.00e+00	0.00e+00	0.00e+00
 3.51200e+14	1.76e-25	7.16e-19	4.81e-13	2.50e-08	7.61e-05	1.24e-02	9.88e-01	0.00e+00	0.00e+00	0.00e+00	0.00e+00	0.00e+00
 3.65278e+14	2.74e-25	1.04e-18	6.53e-13	3.15e-08	8.89e-05	1.34e-02	9.86e-01	0.00e+00	0.00e+00	0.00e+00	0.00e+00	0.00e+00
 3.79468e+14	4.19e-25	1.49e-18	8.76e-13	3.95e-08	1.03e-04	1.45e-02	9.85e-01	0.00e+00	0.00e+00	0.00e+00	0.00e+00	0.00e+00
 3.94225e+14	6.41e-25	2.14e-18	1.18e-12	4.95e-08	1.20e-04	1.57e-02	9.84e-01	0.00e+00	0.00e+00	0.00e+00	0.00e+00	0.00e+00
 4.10024e+14	9.90e-25	3.10e-18	1.59e-12	6.25e-08	1.40e-04	1.70e-02	9.83e-01	0.00e+00	0.00e+00	0.00e+00	0.00e+00	0.00e+00
 4.26455e+14	1.52e-24	4.47e-18	2.15e-12	7.88e-08	1.64e-04	1.85e-02	9.81e-01	0.00e+00	0.00e+00	0.00e+00	0.00e+00	0.00e+00
 4.43543e+14	2.33e-24	6.45e-18	2.91e-12	9.94e-08	1.91e-04	2.01e-02	9.80e-01	0.00e+00	0.00e+00	0.00e+00	0.00e+00	0.00e+00
 4.59978e+14	3.46e-24	9.03e-18	3.84e-12	1.23e-07	2.21e-04	2.16e-02	9.78e-01	0.00e+00	0.00e+00	0.00e+00	0.00e+00	0.00e+00
 4.75245e+14	4.93e-24	1.22e-17	4.93e-12	1.49e-07	2.51e-04	2.32e-02	9.77e-01	0.00e+00	0.00e+00	0.00e+00	0.00e+00	0.00e+00
 4.89719e+14	6.75e-24	1.61e-17	6.19e-12	1.78e-07	2.82e-04	2.47e-02	9.75e-01	0.00e+00	0.00e+00	0.00e+00	0.00e+00	0.00e+00
 5.05659e+14	9.48e-24	2.15e-17	7.89e-12	2.15e-07	3.20e-04	2.64e-02	9.73e-01	0.00e+00	0.00e+00	0.00e+00	0.00e+00	0.00e+00
 5.23395e+14	1.36e-23	2.95e-17	1.03e-11	2.64e-07	3.66e-04	2.84e-02	9.71e-01	0.00e+00	0.00e+00	0.00e+00	0.00e+00	0.00e+00
 5.40046e+14	1.90e-23	3.93e-17	1.30e-11	3.17e-07	4.14e-04	3.03e-02	9.69e-01	0.00e+00	0.00e+00	0.00e+00	0.00e+00	0.00e+00
 5.58273e+14	2.66e-23	5.28e-17	1.67e-11	3.85e-07	4.71e-04	3.26e-02	9.67e-01	0.00e+00	0.00e+00	0.00e+00	0.00e+00	0.00e+00
 5.78675e+14	3.91e-23	7.36e-17	2.19e-11	4.76e-07	5.42e-04	3.51e-02	9.64e-01	0.00e+00	0.00e+00	0.00e+00	0.00e+00	0.00e+00
 5.98113e+14	5.48e-23	9.90e-17	2.81e-11	5.78e-07	6.16e-04	3.77e-02	9.62e-01	0.00e+00	0.00e+00	0.00e+00	0.00e+00	0.00e+00
 6.16612e+14	7.53e-23	1.31e-16	3.54e-11	6.91e-07	6.94e-04	4.02e-02	9.59e-01	0.00e+00	0.00e+00	0.00e+00	0.00e+00	0.00e+00
 6.37683e+14	1.06e-22	1.76e-16	4.56e-11	8.42e-07	7.91e-04	4.32e-02	9.56e-01	0.00e+00	0.00e+00	0.00e+00	0.00e+00	0.00e+00
 6.61156e+14	1.53e-22	2.44e-16	5.99e-11	1.04e-06	9.10e-04	4.67e-02	9.52e-01	0.00e+00	0.00e+00	0.00e+00	0.00e+00	0.00e+00
 6.83107e+14	2.14e-22	3.28e-16	7.68e-11	1.26e-06	1.03e-03	5.00e-02	9.49e-01	0.00e+00	0.00e+00	0.00e+00	0.00e+00	0.00e+00
 7.06997e+14	3.03e-22	4.45e-16	9.94e-11	1.54e-06	1.18e-03	5.38e-02	9.45e-01	0.00e+00	0.00e+00	0.00e+00	0.00e+00	0.00e+00
 7.33502e+14	4.40e-22	6.20e-16	1.31e-10	1.91e-06	1.36e-03	5.82e-02	9.40e-01	0.00e+00	0.00e+00	0.00e+00	0.00e+00	0.00e+00
 7.58141e+14	6.14e-22	8.33e-16	1.68e-10	2.32e-06	1.54e-03	6.24e-02	9.36e-01	0.00e+00	0.00e+00	0.00e+00	0.00e+00	0.00e+00
 7.84908e+14	8.73e-22	1.14e-15	2.19e-10	2.84e-06	1.76e-03	6.71e-02	9.31e-01	0.00e+00	0.00e+00	0.00e+00	0.00e+00	0.00e+00
 8.14753e+14	1.27e-21	1.59e-15	2.90e-10	3.54e-06	2.03e-03	7.26e-02	9.25e-01	0.00e+00	0.00e+00	0.00e+00	0.00e+00	0.00e+00
 8.42744e+14	1.79e-21	2.15e-15	3.74e-10	4.30e-06	2.31e-03	7.79e-02	9.20e-01	0.00e+00	0.00e+00	0.00e+00	0.00e+00	0.00e+00
 8.73152e+14	2.56e-21	2.96e-15	4.89e-10	5.29e-06	2.64e-03	8.38e-02	9.14e-01	0.00e+00	0.00e+00	0.00e+00	0.00e+00	0.00e+00
 9.07018e+14	3.76e-21	4.18e-15	6.53e-10	6.60e-06	3.05e-03	9.06e-02	9.06e-01	0.00e+00	0.00e+00	0.00e+00	0.00e+00	0.00e+00
 9.38953e+14	5.34e-21	5.72e-15	8.48e-10	8.07e-06	3.47e-03	9.72e-02	8.99e-01	0.00e+00	0.00e+00	0.00e+00	0.00e+00	0.00e+00
 9.73256e+14	7.68e-21	7.92e-15	1.11e-09	9.94e-06	3.97e-03	1.05e-01	8.91e-01	0.00e+00	0.00e+00	0.00e+00	0.00e+00	0.00e+00
 1.01140e+15	1.14e-20	1.13e-14	1.49e-09	1.24e-05	4.58e-03	1.13e-01	8.82e-01	0.00e+00	0.00e+00	0.00e+00	0.00e+00	0.00e+00
 1.04826e+15	1.64e-20	1.56e-14	1.96e-09	1.53e-05	5.23e-03	1.21e-01	8.73e-01	0.00e+00	0.00e+00	0.00e+00	0.00e+00	0.00e+00
 1.08740e+15	2.38e-20	2.18e-14	2.59e-09	1.89e-05	5.98e-03	1.30e-01	8.64e-01	0.00e+00	0.00e+00	0.00e+00	0.00e+00	0.00e+00
 1.13093e+15	3.56e-20	3.13e-14	3.49e-09	2.36e-05	6.91e-03	1.41e-01	8.52e-01	0.00e+00	0.00e+00	0.00e+00	0.00e+00	0.00e+00
 1.17456e+15	5.26e-20	4.44e-14	4.65e-09	2.93e-05	7.93e-03	1.51e-01	8.41e-01	0.00e+00	0.00e+00	0.00e+00	0.00e+00	0.00e+00
 1.21993e+15	7.78e-20	6.29e-14	6.20e-09	3.64e-05	9.10e-03	1.62e-01	8.29e-01	0.00e+00	0.00e+00	0.00e+00	0.00e+00	0.00e+00
 1.26876e+15	1.17e-19	9.05e-14	8.35e-09	4.55e-05	1.05e-02	1.75e-01	8.15e-01	0.00e+00	0.00e+00	0.00e+00	0.00e+00	0.00e+00
 1.31954e+15	1.76e-19	1.30e-13	1.12e-08	5.68e-05	1.21e-02	1.87e-01	8.00e-01	0.00e+00	0.00e+00	0.00e+00	0.00e+00	0.00e+00
 1.37118e+15	2.62e-19	1.86e-13	1.50e-08	7.05e-05	1.38e-02	2.01e-01	7.86e-01	0.00e+00	0.00e+00	0.00e+00	0.00e+00	0.00e+00
 1.41570e+15	3.67e-19	2.50e-13	1.92e-08	8.43e-05	1.54e-02	2.12e-01	7.72e-01	0.00e+00	0.00e+00	0.00e+00	0.00e+00	0.00e+00
 1.45161e+15	4.77e-19	3.15e-13	2.31e-08	9.69e-05	1.68e-02	2.21e-01	7.62e-01	0.00e+00	0.00e+00	0.00e+00	0.00e+00	0.00e+00
 1.49102e+15	6.32e-19	4.05e-13	2.83e-08	1.12e-04	1.85e-02	2.31e-01	7.50e-01	0.00e+00	0.00e+00	0.00e+00	0.00e+00	0.00e+00
 1.54226e+15	9.02e-19	5.54e-13	3.65e-08	1.36e-04	2.08e-02	2.45e-01	7.35e-01	0.00e+00	0.00e+00	0.00e+00	0.00e+00	0.00e+00
 1.59723e+15	1.31e-18	7.68e-13	4.75e-08	1.64e-04	2.34e-02	2.59e-01	7.18e-01	0.00e+00	0.00e+00	0.00e+00	0.00e+00	0.00e+00
 1.64620e+15	1.80e-18	1.02e-12	5.95e-08	1.94e-04	2.59e-02	2.71e-01	7.03e-01	0.00e+00	0.00e+00	0.00e+00	0.00e+00	0.00e+00
 1.69901e+15	2.51e-18	1.36e-12	7.53e-08	2.30e-04	2.88e-02	2.84e-01	6.87e-01	0.00e+00	0.00e+00	0.00e+00	0.00e+00	0.00e+00
 1.76346e+15	3.73e-18	1.92e-12	9.93e-08	2.81e-04	3.25e-02	3.00e-01	6.67e-01	0.00e+00	0.00e+00	0.00e+00	0.00e+00	0.00e+00
 1.82824e+15	5.47e-18	2.69e-12	1.30e-07	3.41e-04	3.65e-02	3.16e-01	6.47e-01	0.00e+00	0.00e+00	0.00e+00	0.00e+00	0.00e+00
 1.88586e+15	7.61e-18	3.58e-12	1.63e-07	4.02e-04	4.04e-02	3.30e-01	6.30e-01	0.00e+00	0.00e+00	0.00e+00	0.00e+00	0.00e+00
 1.94894e+15	1.08e-17	4.84e-12	2.07e-07	4.78e-04	4.48e-02	3.44e-01	6.11e-01	0.00e+00	0.00e+00	0.00e+00	0.00e+00	0.00e+00
 2.02430e+15	1.62e-17	6.87e-12	2.73e-07	5.82e-04	5.04e-02	3.61e-01	5.88e-01	0.00e+00	0.00e+00	0.00e+00	0.00e+00	0.00e+00
 2.09885e+15	2.42e-17	9.56e-12	3.54e-07	7.01e-04	5.63e-02	3.77e-01	5.66e-01	0.00e+00	0.00e+00	1.38e-17	7.36e-18	2.66e-18
 2.16625e+15	3.37e-17	1.27e-11	4.45e-07	8.24e-04	6.19e-02	3.90e-01	5.47e-01	0.00e+00	0.00e+00	1.92e-17	1.04e-17	3.67e-18
 2.24111e+15	4.84e-17	1.73e-11	5.66e-07	9.78e-04	6.84e-02	4.05e-01	5.26e-01	0.00e+00	0.00e+00	2.76e-17	1.48e-17	5.24e-18
 2.32910e+15	7.29e-17	2.46e-11	7.44e-07	1.19e-03	7.65e-02	4.21e-01	5.01e-01	0.00e+00	0.00e+00	4.16e-17	2.23e-17	7.84e-18
 2.41584e+15	1.08e-16	3.41e-11	9.62e-07	1.42e-03	8.49e-02	4.35e-01	4.78e-01	0.00e+00	0.00e+00	6.16e-17	3.28e-17	1.15e-17
 2.49653e+15	1.52e-16	4.57e-11	1.21e-06	1.67e-03	9.29e-02	4.48e-01	4.57e-01	0.00e+00	0.00e+00	8.72e-17	4.63e-17	1.62e-17
 2.58691e+15	2.22e-16	6.28e-11	1.55e-06	1.98e-03	1.02e-01	4.61e-01	4.34e-01	0.00e+00	0.00e+00	1.28e-16	6.75e-17	2.36e-17
 2.69042e+15	3.36e-16	8.88e-11	2.03e-06	2.39e-03	1.14e-01	4.75e-01	4.09e-01	0.00e+00	0.00e+00	1.93e-16	1.02e-16	3.55e-17
 2.79236e+15	4.98e-16	1.23e-10	2.61e-06	2.84e-03	1.25e-01	4.86e-01	3.86e-01	0.00e+00	0.00e+00	2.87e-16	1.51e-16	5.24e-17
 2.89838e+15	7.38e-16	1.70e-10	3.35e-06	3.37e-03	1.38e-01	4.97e-01	3.63e-01	0.00e+00	0.00e+00	4.25e-16	2.24e-16	7.73e-17
 3.01434e+15	1.11e-15	2.38e-10	4.34e-06	4.02e-03	1.51e-01	5.06e-01	3.38e-01	0.00e+00	0.00e+00	6.40e-16	3.37e-16	1.16e-16
 3.13495e+15	1.68e-15	3.34e-10	5.62e-06	4.80e-03	1.66e-01	5.14e-01	3.15e-01	0.00e+00	0.00e+00	9.67e-16	5.09e-16	1.74e-16
 3.26038e+15	2.52e-15	4.66e-10	7.26e-06	5.70e-03	1.82e-01	5.21e-01	2.92e-01	0.00e+00	0.00e+00	1.46e-15	7.66e-16	2.62e-16
 3.39082e+15	3.79e-15	6.48e-10	9.34e-06	6.75e-03	1.98e-01	5.25e-01	2.69e-01	0.00e+00	0.00e+00	2.19e-15	1.15e-15	3.92e-16
 3.50395e+15	5.31e-15	8.51e-10	1.15e-05	7.74e-03	2.13e-01	5.28e-01	2.51e-01	0.00e+00	0.00e+00	3.06e-15	1.61e-15	5.47e-16
 3.59143e+15	6.84e-15	1.04e-09	1.34e-05	8.59e-03	2.24e-01	5.29e-01	2.38e-01	0.00e+00	0.00e+00	3.95e-15	2.08e-15	7.04e-16
 3.68540e+15	8.92e-15	1.29e-09	1.58e-05	9.56e-03	2.36e-01	5.30e-01	2.25e-01	0.00e+00	0.00e+00	5.15e-15	2.71e-15	9.16e-16
 3.80756e+15	1.24e-14	1.69e-09	1.93e-05	1.09e-02	2.52e-01	5.29e-01	2.08e-01	0.00e+00	0.00e+00	7.19e-15	3.78e-15	1.27e-15
 3.94032e+15	1.76e-14	2.23e-09	2.38e-05	1.25e-02	2.69e-01	5.27e-01	1.92e-01	0.00e+00	0.00e+00	1.02e-14	5.35e-15	1.80e-15
 4.06038e+15	2.39e-14	2.83e-09	2.86e-05	1.41e-02	2.84e-01	5.24e-01	1.78e-01	0.00e+00	0.00e+00	1.38e-14	7.25e-15	2.44e-15
 4.18996e+15	3.28e-14	3.64e-09	3.46e-05	1.59e-02	3.01e-01	5.19e-01	1.64e-01	0.00e+00	0.00e+00	1.90e-14	9.96e-15	3.34e-15
 4.34849e+15	4.77e-14	4.88e-09	4.32e-05	1.83e-02	3.20e-01	5.13e-01	1.49e-01	0.00e+00	0.00e+00	2.76e-14	1.45e-14	4.84e-15
 4.50642e+15	6.80e-14	6.45e-09	5.32e-05	2.09e-02	3.40e-01	5.05e-01	1.35e-01	0.00e+00	0.00e+00	3.93e-14	2.06e-14	6.89e-15
 4.64433e+15	9.15e-14	8.14e-09	6.35e-05	2.34e-02	3.56e-01	4.97e-01	1.23e-01	0.00e+00	0.00e+00	5.30e-14	2.78e-14	9.26e-15
 4.79442e+15	1.26e-13	1.04e-08	7.64e-05	2.63e-02	3.74e-01	4.88e-01	1.12e-01	0.00e+00	0.00e+00	7.27e-14	3.81e-14	1.27e-14
 4.97685e+15	1.83e-13	1.39e-08	9.48e-05	3.00e-02	3.94e-01	4.75e-01	1.00e-01	0.00e+00	0.00e+00	1.06e-13	5.54e-14	1.84e-14
 5.15781e+15	2.59e-13	1.82e-08	1.16e-04	3.40e-02	4.14e-01	4.62e-01	8.95e-02	0.00e+00	0.00e+00	1.50e-13	7.86e-14	2.61e-14
 5.31852e+15	3.51e-13	2.30e-08	1.38e-04	3.77e-02	4.31e-01	4.50e-01	8.10e-02	0.00e+00	0.00e+00	2.03e-13	1.06e-13	3.53e-14
 5.49642e+15	4.85e-13	2.95e-08	1.65e-04	4.21e-02	4.48e-01	4.37e-01	7.25e-02	0.00e+00	0.00e+00	2.81e-13	1.47e-13	4.88e-14
 5.70892e+15	7.06e-13	3.93e-08	2.04e-04	4.78e-02	4.68e-01	4.20e-01	6.35e-02	0.00e+00	0.00e+00	4.09e-13	2.14e-13	7.08e-14
 5.91786e+15	9.99e-13	5.12e-08	2.48e-04	5.37e-02	4.87e-01	4.04e-01	5.58e-02	0.00e+00	0.00e+00	5.79e-13	3.03e-13	1.00e-13
 6.10764e+15	1.36e-12	6.46e-08	2.94e-04	5.93e-02	5.02e-01	3.88e-01	4.97e-02	0.00e+00	0.00e+00	7.86e-13	4.12e-13	1.36e-13
 6.32107e+15	1.90e-12	8.33e-08	3.55e-04	6.61e-02	5.19e-01	3.71e-01	4.35e-02	0.00e+00	0.00e+00	1.10e-12	5.76e-13	1.90e-13
 6.56231e+15	2.73e-12	1.10e-07	4.33e-04	7.41e-02	5.36e-01	3.52e-01	3.76e-02	0.00e+00	0.00e+00	1.58e-12	8.28e-13	2.72e-13
 6.79526e+15	3.81e-12	1.41e-07	5.21e-04	8.23e-02	5.50e-01	3.34e-01	3.26e-02	0.00e+00	0.00e+00	2.21e-12	1.16e-12	3.80e-13
 7.00949e+15	5.12e-12	1.76e-07	6.13e-04	9.02e-02	5.62e-01	3.18e-01	2.86e-02	0.00e+00	0.00e+00	2.97e-12	1.55e-12	5.10e-13
 7.24384e+15	7.05e-12	2.24e-07	7.30e-04	9.93e-02	5.74e-01	3.01e-01	2.48e-02	0.00e+00	0.00e+00	4.09e-12	2.14e-12	7.02e-13
 7.50356e+15	9.85e-12	2.88e-07	8.78e-04	1.10e-01	5.86e-01	2.82e-01	2.12e-02	0.00e+00	0.00e+00	5.72e-12	2.99e-12	9.81e-13
 7.72520e+15	1.29e-11	3.53e-07	1.02e-03	1.19e-01	5.94e-01	2.67e-01	1.86e-02	0.00e+00	0.00e+00	7.48e-12	3.92e-12	1.28e-12
 7.90984e+15	1.61e-11	4.17e-07	1.15e-03	1.27e-01	6.00e-01	2.55e-01	1.66e-02	0.00e+00	0.00e+00	9.36e-12	4.90e-12	1.61e-12
 8.11747e+15	2.07e-11	5.02e-07	1.32e-03	1.36e-01	6.06e-01	2.42e-01	1.47e-02	0.00e+00	0.00e+00	1.20e-11	6.28e-12	2.05e-12
 8.38739e+15	2.83e-11	6.34e-07	1.56e-03	1.49e-01	6.12e-01	2.25e-01	1.25e-02	0.00e+00	0.00e+00	1.64e-11	8.61e-12	2.82e-12
 8.66497e+15	3.83e-11	7.96e-07	1.84e-03	1.62e-01	6.16e-01	2.09e-01	1.06e-02	0.00e+00	0.00e+00	2.22e-11	1.16e-11	3.80e-12
 8.89928e+15	4.89e-11	9.57e-07	2.11e-03	1.74e-01	6.19e-01	1.96e-01	9.24e-03	0.00e+00	0.00e+00	2.84e-11	1.49e-11	4.87e-12
 9.15066e+15	6.39e-11	1.17e-06	2.44e-03	1.87e-01	6.20e-01	1.83e-01	7.95e-03	0.00e+00	0.00e+00	3.71e-11	1.94e-11	6.35e-12
 9.47746e+15	8.96e-11	1.50e-06	2.93e-03	2.04e-01	6.20e-01	1.67e-01	6.54e-03	0.00e+00	0.00e+00	5.21e-11	2.73e-11	8.91e-12
 9.80975e+15	1.23e-10	1.90e-06	3.50e-03	2.22e-01	6.17e-01	1.52e-01	5.38e-03	0.00e+00	0.00e+00	7.13e-11	3.74e-11	1.22e-11
 1.00724e+16	1.56e-10	2.28e-06	4.00e-03	2.37e-01	6.14e-01	1.41e-01	4.62e-03	0.00e+00	0.00e+00	9.05e-11	4.75e-11	1.55e-11
 1.03369e+16	2.00e-10	2.75e-06	4.59e-03	2.52e-01	6.10e-01	1.30e-01	3.94e-03	0.00e+00	0.00e+00	1.16e-10	6.10e-11	1.99e-11
 1.06809e+16	2.76e-10	3.49e-06	5.46e-03	2.73e-01	6.02e-01	1.17e-01	3.21e-03	0.00e+00	0.00e+00	1.60e-10	8.40e-11	2.74e-11
 1.10277e+16	3.70e-10	4.36e-06	6.47e-03	2.93e-01	5.92e-01	1.05e-01	2.61e-03	0.00e+00	0.00e+00	2.15e-10	1.13e-10	3.68e-11
 1.13041e+16	4.66e-10	5.19e-06	7.38e-03	3.10e-01	5.84e-01	9.64e-02	2.22e-03	0.00e+00	0.00e+00	2.71e-10	1.42e-10	4.63e-11
 1.15492e+16	5.72e-10	6.06e-06	8.29e-03	3.26e-01	5.75e-01	8.91e-02	1.92e-03	0.00e+00	0.00e+00	3.32e-10	1.74e-10	5.69e-11
 1.18276e+16	7.25e-10	7.25e-06	9.46e-03	3.44e-01	5.64e-01	8.13e-02	1.62e-03	0.00e+00	0.00e+00	4.22e-10	2.21e-10	7.22e-11
 1.21373e+16	9.36e-10	8.79e-06	1.09e-02	3.64e-01	5.51e-01	7.33e-02	1.34e-03	0.00e+00	0.00e+00	5.44e-10	2.86e-10	9.32e-11
 1.24226e+16	1.17e-09	1.04e-05	1.25e-02	3.82e-01	5.37e-01	6.66e-02	1.13e-03	0.00e+00	0.00e+00	6.80e-10	3.57e-10	1.17e-10
 1.26848e+16	1.45e-09	1.23e-05	1.41e-02	4.00e-01	5.24e-01	6.07e-02	9.61e-04	0.00e+00	0.00e+00	8.40e-10	4.41e-10	1.44e-10
 1.29820e+16	1.86e-09	1.48e-05	1.62e-02	4.20e-01	5.09e-01	5.45e-02	7.96e-04	0.00e+00	0.00e+00	1.08e-09	5.66e-10	1.85e-10
 1.33001e+16	2.40e-09	1.80e-05	1.88e-02	4.41e-01	4.91e-01	4.85e-02	6.51e-04	0.00e+00	0.00e+00	1.39e-09	7.32e-10	2.39e-10
 1.35774e+16	2.98e-09	2.13e-05	2.13e-02	4.60e-01	4.74e-01	4.37e-02	5.46e-04	0.00e+00	0.00e+00	1.73e-09	9.10e-10	2.97e-10
 1.38294e+16	3.64e-09	2.48e-05	2.40e-02	4.77e-01	4.59e-01	3.96e-02	4.64e-04	0.00e+00	0.00e+00	2.12e-09	1.11e-09	3.63e-10
 1.41169e+16	4.70e-09	3.01e-05	2.77e-02	4.97e-01	4.40e-01	3.52e-02	3.81e-04	0.00e+00	0.00e+00	2.73e-09	1.44e-09	4.69e-10
 1.44225e+16	6.05e-09	3.66e-05	3.21e-02	5.17e-01	4.19e-01	3.10e-02	3.10e-04	0.00e+00	0.00e+00	3.52e-09	1.85e-09	6.05e-10
 1.46856e+16	7.54e-09	4.34e-05	3.66e-02	5.34e-01	4.01e-01	2.77e-02	2.59e-04	0.00e+00	0.00e+00	4.38e-09	2.30e-09	7.53e-10
 1.49215e+16	9.28e-09	5.09e-05	4.13e-02	5.50e-01	3.84e-01	2.49e-02	2.18e-04	0.00e+00	0.00e+00	5.40e-09	2.83e-09	9.27e-10
 1.51477e+16	1.13e-08	5.93e-05	4.65e-02	5.64e-01	3.67e-01	2.24e-02	1.85e-04	0.00e+00	0.00e+00	6.55e-09	3.44e-09	1.13e-09
 1.54011e+16	1.46e-08	7.21e-05	5.36e-02	5.80e-01	3.46e-01	1.97e-02	1.52e-04	0.00e+00	0.00e+00	8.49e-09	4.46e-09	1.46e-09
 1.56701e+16	1.88e-08	8.79e-05	6.23e-02	5.95e-01	3.25e-01	1.71e-02	1.23e-04	0.00e+00	0.00e+00	1.10e-08	5.76e-09	1.89e-09
 1.58996e+16	2.34e-08	1.04e-04	7.13e-02	6.07e-01	3.06e-01	1.51e-02	1.02e-04	0.00e+00	0.00e+00	1.36e-08	7.14e-09	2.34e-09
 1.61011e+16	2.90e-08	1.23e-04	8.09e-02	6.17e-01	2.88e-01	1.34e-02	8.55e-05	0.00e+00	0.00e+00	1.69e-08	8.86e-09	2.90e-09
 1.62964e+16	3.60e-08	1.46e-04	9.18e-02	6.26e-01	2.71e-01	1.19e-02	7.15e-05	0.00e+00	0.00e+00	2.09e-08	1.10e-08	3.61e-09
 1.64911e+16	4.52e-08	1.74e-04	1.05e-01	6.32e-01	2.52e-01	1.04e-02	5.93e-05	0.00e+00	0.00e+00	2.63e-08	1.38e-08	4.53e-09
 1.66808e+16	5.47e-08	2.03e-04	1.20e-01	6.37e-01	2.34e-01	9.10e-03	4.90e-05	0.00e+00	0.00e+00	3.18e-08	1.67e-08	5.49e-09
 1.68608e+16	7.29e-08	2.52e-04	1.38e-01	6.39e-01	2.15e-01	7.87e-03	3.99e-05	0.00e+00	0.00e+00	4.24e-08	2.23e-08	7.32e-09
 1.70255e+16	9.02e-08	2.98e-04	1.57e-01	6.38e-01	1.98e-01	6.84e-03	3.29e-05	0.00e+00	0.00e+00	5.25e-08	2.76e-08	9.06e-09
 1.71766e+16	1.08e-07	3.46e-04	1.78e-01	6.34e-01	1.81e-01	5.93e-03	2.72e-05	0.00e+00	0.00e+00	6.29e-08	3.31e-08	1.09e-08
 1.73239e+16	1.36e-07	4.13e-04	2.03e-01	6.27e-01	1.64e-01	5.07e-03	2.21e-05	0.00e+00	0.00e+00	7.89e-08	4.15e-08	1.36e-08
 1.74653e+16	1.71e-07	4.93e-04	2.32e-01	6.15e-01	1.48e-01	4.30e-03	1.77e-05	0.00e+00	0.00e+00	9.93e-08	5.23e-08	1.72e-08
 1.75947e+16	2.25e-07	6.04e-04	2.64e-01	6.00e-01	1.32e-01	3.61e-03	1.41e-05	0.00e+00	0.00e+00	1.31e-07	6.90e-08	2.27e-08
 1.77083e+16	2.64e-07	6.89e-04	2.97e-01	5.82e-01	1.17e-01	3.05e-03	1.14e-05	0.00e+00	0.00e+00	1.54e-07	8.09e-08	2.66e-08
 1.78066e+16	3.35e-07	8.19e-04	3.30e-01	5.62e-01	1.04e-01	2.58e-03	9.19e-06	0.00e+00	0.00e+00	1.95e-07	1.03e-07	3.38e-08
 1.78840e+16	3.89e-07	9.18e-04	3.59e-01	5.44e-01	9.42e-02	2.24e-03	7.69e-06	0.00e+00	0.00e+00	2.26e-07	1.19e-07	3.92e-08
 1.79557e+16	4.39e-07	1.01e-03	3.89e-01	5.24e-01	8.44e-02	1.92e-03	6.38e-06	0.00e+00	0.00e+00	2.55e-07	1.34e-07	4.43e-08
 1.80490e+16	5.54e-07	1.20e-03	4.33e-01	4.93e-01	7.19e-02	1.54e-03	4.85e-06	0.00e+00	0.00e+00	3.23e-07	1.70e-07	5.61e-08
 1.81356e+16	6.66e-07	1.37e-03	4.76e-01	4.60e-01	6.09e-02	1.23e-03	3.70e-06	0.00e+00	0.00e+00	3.87e-07	2.04e-07	6.74e-08
 1.81961e+16	7.62e-07	1.51e-03	5.10e-01	4.35e-01	5.32e-02	1.03e-03	2.99e-06	0.00e+00	0.00e+00	4.43e-07	2.34e-07	7.72e-08
 1.82572e+16	8.60e-07	1.66e-03	5.46e-01	4.06e-01	4.56e-02	8.45e-04	2.34e-06	0.00e+00	0.00e+00	5.00e-07	2.64e-07	8.73e-08
 1.83367e+16	1.06e-06	1.92e-03	5.95e-01	3.66e-01	3.65e-02	6.30e-04	1.65e-06	0.00e+00	0.00e+00	6.19e-07	3.27e-07	1.08e-07
 1.84121e+16	1.25e-06	2.15e-03	6.41e-01	3.27e-01	2.90e-02	4.68e-04	1.16e-06	0.00e+00	0.00e+00	7.29e-07	3.85e-07	1.28e-07
 1.84679e+16	1.42e-06	2.34e-03	6.76e-01	2.98e-01	2.38e-02	3.64e-04	8.58e-07	0.00e+00	0.00e+00	8.27e-07	4.37e-07	1.45e-07
 1.85259e+16	1.63e-06	2.56e-03	7.12e-01	2.66e-01	1.90e-02	2.72e-04	0.00e+00	0.00e+00	0.00e+00	9.46e-07	5.00e-07	1.66e-07
 1.86014e+16	1.91e-06	2.83e-03	7.56e-01	2.27e-01	1.39e-02	1.82e-04	0.00e+00	0.00e+00	0.00e+00	1.11e-06	5.88e-07	1.95e-07
 1.86793e+16	2.23e-06	3.12e-03	7.97e-01	1.90e-01	9.79e-03	1.17e-04	0.00e+00	0.00e+00	0.00e+00	1.30e-06	6.87e-07	2.29e-07
 1.87452e+16	2.53e-06	3.36e-03	8.28e-01	1.61e-01	7.13e-03	7.81e-05	0.00e+00	0.00e+00	0.00e+00	1.47e-06	7.78e-07	2.59e-07
 1.88158e+16	2.88e-06	3.62e-03	8.58e-01	1.34e-01	4.96e-03	4.90e-05	0.00e+00	0.00e+00	0.00e+00	1.67e-06	8.86e-07	2.96e-07
 1.89075e+16	3.34e-06	3.94e-03	8.88e-01	1.04e-01	3.05e-03	2.63e-05	0.00e+00	0.00e+00	0.00e+00	1.94e-06	1.03e-06	3.45e-07
 1.90100e+16	3.88e-06	4.26e-03	9.14e-01	7.95e-02	1.78e-03	1.31e-05	0.00e+00	0.00e+00	0.00e+00	2.25e-06	1.19e-06	4.00e-07
 1.91266e+16	4.51e-06	4.59e-03	9.36e-01	5.86e-02	9.61e-04	5.82e-06	0.00e+00	0.00e+00	0.00e+00	2.62e-06	1.39e-06	4.66e-07
 1.92781e+16	5.34e-06	4.98e-03	9.54e-01	4.05e-02	4.49e-04	2.11e-06	0.00e+00	0.00e+00	0.00e+00	3.11e-06	1.65e-06	5.53e-07
 1.94751e+16	6.49e-06	5.44e-03	9.68e-01	2.66e-02	1.82e-04	6.12e-07	0.00e+00	0.00e+00	0.00e+00	3.77e-06	2.00e-06	6.73e-07
 1.97311e+16	8.16e-06	6.01e-03	9.77e-01	1.71e-02	6.58e-05	0.00e+00	0.00e+00	0.00e+00	0.00e+00	4.75e-06	2.52e-06	8.47e-07
 2.00640e+16	1.09e-05	6.78e-03	9.82e-01	1.11e-02	2.20e-05	0.00e+00	0.00e+00	0.00e+00	0.00e+00	6.32e-06	3.35e-06	1.13e-06
 2.04079e+16	1.48e-05	7.73e-03	9.84e-01	8.06e-03	8.91e-06	0.00e+00	0.00e+00	0.00e+00	0.00e+00	8.59e-06	4.56e-06	1.53e-06
 2.06846e+16	1.92e-05	8.65e-03	9.85e-01	6.61e-03	4.80e-06	0.00e+00	0.00e+00	0.00e+00	0.00e+00	1.12e-05	5.92e-06	1.99e-06
 2.09190e+16	2.41e-05	9.58e-03	9.85e-01	5.68e-03	2.96e-06	0.00e+00	0.00e+00	0.00e+00	0.00e+00	1.40e-05	7.44e-06	2.50e-06
 2.11800e+16	3.14e-05	1.08e-02	9.84e-01	4.85e-03	1.77e-06	0.00e+00	0.00e+00	0.00e+00	0.00e+00	1.83e-05	9.70e-06	3.26e-06
 2.14624e+16	4.26e-05	1.24e-02	9.83e-01	4.19e-03	1.08e-06	0.00e+00	0.00e+00	0.00e+00	0.00e+00	2.47e-05	1.31e-05	4.41e-06
 2.16571e+16	5.35e-05	1.38e-02	9.82e-01	3.75e-03	7.84e-07	0.00e+00	0.00e+00	0.00e+00	0.00e+00	3.11e-05	1.65e-05	5.54e-06
 2.17539e+16	6.01e-05	1.46e-02	9.82e-01	3.56e-03	0.00e+00	0.00e+00	0.00e+00	0.00e+00	0.00e+00	3.49e-05	1.85e-05	6.21e-06
 2.18393e+16	6.66e-05	1.54e-02	9.81e-01	3.39e-03	0.00e+00	0.00e+00	0.00e+00	0.00e+00	0.00e+00	3.87e-05	2.05e-05	6.89e-06
 2.19502e+16	7.64e-05	1.64e-02	9.80e-01	3.16e-03	0.00e+00	0.00e+00	0.00e+00	0.00e+00	0.00e+00	4.44e-05	2.35e-05	7.90e-06
 2.20945e+16	9.17e-05	1.80e-02	9.79e-01	2.90e-03	0.00e+00	0.00e+00	0.00e+00	0.00e+00	0.00e+00	5.33e-05	2.82e-05	9.47e-06
 2.22418e+16	1.12e-04	1.99e-02	9.77e-01	2.64e-03	0.00e+00	0.00e+00	0.00e+00	0.00e+00	0.00e+00	6.49e-05	3.44e-05	1.15e-05
