#depth	C	C+	C+2	C+3	C+4	C+5	C+6	C[1]	C[2]	C[3]	C+[1]	C+[2]	CO
 1.49634e+10	1.79e-46	1.71e-35	2.16e-25	7.00e-16	1.27e-05	1.03e-01	8.97e-01	0.00e+00	0.00e+00	0.00e+00	0.00e+00	0.00e+00	1.27e-144
 4.54887e+10	0.00e+00	2.52e-35	2.95e-25	8.83e-16	1.48e-05	1.11e-01	8.89e-01	0.00e+00	0.00e+00	0.00e+00	0.00e+00	0.00e+00	4.49e-211
 7.72350e+10	4.59e-46	3.72e-35	4.03e-25	1.11e-15	1.73e-05	1.19e-01	8.81e-01	0.00e+00	0.00e+00	0.00e+00	0.00e+00	0.00e+00	1.34e-143
 1.10251e+11	0.00e+00	5.50e-35	5.50e-25	1.40e-15	2.01e-05	1.27e-01	8.73e-01	0.00e+00	0.00e+00	0.00e+00	0.00e+00	0.00e+00	1.79e-210
 1.43362e+11	1.15e-45	8.01e-35	7.42e-25	1.75e-15	2.32e-05	1.36e-01	8.64e-01	0.00e+00	0.00e+00	0.00e+00	0.00e+00	0.00e+00	1.36e-142
 1.77798e+11	0.00e+00	1.17e-34	1.00e-24	2.19e-15	2.69e-05	1.45e-01	8.55e-01	0.00e+00	0.00e+00	0.00e+00	0.00e+00	0.00e+00	6.96e-210
 2.14836e+11	2.91e-45	1.73e-34	1.37e-24	2.76e-15	3.13e-05	1.55e-01	8.45e-01	0.00e+00	0.00e+00	0.00e+00	0.00e+00	0.00e+00	1.39e-141
 2.53357e+11	0.00e+00	2.55e-34	1.86e-24	3.47e-15	3.63e-05	1.66e-01	8.34e-01	0.00e+00	0.00e+00	0.00e+00	0.00e+00	0.00e+00	2.62e-209
 2.88894e+11	7.05e-45	3.60e-34	2.45e-24	4.25e-15	4.15e-05	1.76e-01	8.24e-01	0.00e+00	0.00e+00	0.00e+00	0.00e+00	0.00e+00	1.29e-140
 3.19580e+11	0.00e+00	4.81e-34	3.09e-24	5.05e-15	4.64e-05	1.85e-01	8.15e-01	0.00e+00	0.00e+00	0.00e+00	0.00e+00	0.00e+00	1.01e-208
 3.53588e+11	1.46e-44	6.57e-34	3.95e-24	6.06e-15	5.22e-05	1.95e-01	8.05e-01	0.00e+00	0.00e+00	0.00e+00	0.00e+00	0.00e+00	8.00e-140
 3.95229e+11	0.00e+00	9.50e-34	5.30e-24	7.53e-15	6.01e-05	2.07e-01	7.93e-01	0.00e+00	0.00e+00	0.00e+00	0.00e+00	0.00e+00	2.58e-208
 4.37507e+11	3.50e-44	1.36e-33	7.05e-24	9.29e-15	6.89e-05	2.20e-01	7.80e-01	0.00e+00	0.00e+00	0.00e+00	0.00e+00	0.00e+00	7.33e-139
 4.75580e+11	0.00e+00	1.86e-33	9.03e-24	1.12e-14	7.76e-05	2.31e-01	7.69e-01	0.00e+00	0.00e+00	0.00e+00	0.00e+00	0.00e+00	8.87e-208
 5.17474e+11	7.65e-44	2.60e-33	1.18e-23	1.36e-14	8.80e-05	2.43e-01	7.57e-01	0.00e+00	0.00e+00	0.00e+00	0.00e+00	0.00e+00	5.26e-138
 5.66940e+11	0.00e+00	3.80e-33	1.59e-23	1.69e-14	1.01e-04	2.58e-01	7.42e-01	0.00e+00	0.00e+00	0.00e+00	0.00e+00	0.00e+00	2.18e-207
 6.15707e+11	1.87e-43	5.45e-33	2.12e-23	2.09e-14	1.16e-04	2.73e-01	7.27e-01	0.00e+00	0.00e+00	0.00e+00	0.00e+00	0.00e+00	5.04e-137
 6.60704e+11	0.00e+00	7.50e-33	2.73e-23	2.52e-14	1.31e-04	2.86e-01	7.14e-01	0.00e+00	0.00e+00	0.00e+00	0.00e+00	0.00e+00	5.97e-207
 7.11337e+11	4.21e-43	1.06e-32	3.60e-23	3.09e-14	1.49e-04	3.01e-01	6.99e-01	0.00e+00	0.00e+00	0.00e+00	0.00e+00	0.00e+00	3.92e-136
 7.69717e+11	0.00e+00	1.57e-32	4.89e-23	3.87e-14	1.72e-04	3.19e-01	6.81e-01	0.00e+00	0.00e+00	0.00e+00	0.00e+00	0.00e+00	6.02e-207
 8.26981e+11	1.05e-42	2.26e-32	6.52e-23	4.78e-14	1.97e-04	3.35e-01	6.64e-01	0.00e+00	0.00e+00	0.00e+00	0.00e+00	0.00e+00	3.95e-135
 8.86535e+11	0.00e+00	3.26e-32	8.71e-23	5.90e-14	2.25e-04	3.53e-01	6.47e-01	0.00e+00	0.00e+00	0.00e+00	0.00e+00	0.00e+00	0.00e+00
 9.51923e+11	2.61e-42	4.80e-32	1.18e-22	7.38e-14	2.59e-04	3.72e-01	6.28e-01	0.00e+00	0.00e+00	0.00e+00	0.00e+00	0.00e+00	4.01e-134
 1.01810e+12	0.00e+00	7.00e-32	1.59e-22	9.16e-14	2.97e-04	3.90e-01	6.09e-01	0.00e+00	0.00e+00	0.00e+00	0.00e+00	0.00e+00	0.00e+00
 1.08693e+12	6.49e-42	1.02e-31	2.14e-22	1.14e-13	3.40e-04	4.10e-01	5.90e-01	0.00e+00	0.00e+00	0.00e+00	0.00e+00	0.00e+00	4.10e-133
 1.16033e+12	0.00e+00	1.50e-31	2.90e-22	1.42e-13	3.90e-04	4.30e-01	5.70e-01	0.00e+00	0.00e+00	0.00e+00	0.00e+00	0.00e+00	0.00e+00
 1.23667e+12	1.66e-41	2.21e-31	3.93e-22	1.77e-13	4.48e-04	4.50e-01	5.50e-01	0.00e+00	0.00e+00	0.00e+00	0.00e+00	0.00e+00	4.47e-132
 1.31607e+12	0.00e+00	3.25e-31	5.32e-22	2.20e-13	5.13e-04	4.70e-01	5.29e-01	0.00e+00	0.00e+00	0.00e+00	0.00e+00	0.00e+00	0.00e+00
 1.39864e+12	4.23e-41	4.78e-31	7.20e-22	2.74e-13	5.87e-04	4.91e-01	5.08e-01	0.00e+00	0.00e+00	0.00e+00	0.00e+00	0.00e+00	4.90e-131
 1.48451e+12	0.00e+00	7.02e-31	9.74e-22	3.41e-13	6.72e-04	5.12e-01	4.88e-01	0.00e+00	0.00e+00	0.00e+00	0.00e+00	0.00e+00	0.00e+00
 1.56625e+12	1.04e-40	9.99e-31	1.28e-21	4.16e-13	7.59e-04	5.31e-01	4.68e-01	0.00e+00	0.00e+00	0.00e+00	0.00e+00	0.00e+00	4.87e-130
 1.63696e+12	0.00e+00	1.34e-30	1.62e-21	4.91e-13	8.40e-04	5.47e-01	4.52e-01	0.00e+00	0.00e+00	0.00e+00	0.00e+00	0.00e+00	0.00e+00
 1.71226e+12	2.16e-40	1.82e-30	2.05e-21	5.83e-13	9.32e-04	5.63e-01	4.36e-01	0.00e+00	0.00e+00	0.00e+00	0.00e+00	0.00e+00	3.18e-129
 1.80488e+12	0.00e+00	2.62e-30	2.73e-21	7.14e-13	1.05e-03	5.82e-01	4.17e-01	0.00e+00	0.00e+00	0.00e+00	0.00e+00	0.00e+00	0.00e+00
 1.89947e+12	5.19e-40	3.74e-30	3.60e-21	8.72e-13	1.19e-03	6.01e-01	3.98e-01	0.00e+00	0.00e+00	0.00e+00	0.00e+00	0.00e+00	3.02e-128
 1.98527e+12	0.00e+00	5.11e-30	4.60e-21	1.04e-12	1.32e-03	6.18e-01	3.81e-01	0.00e+00	0.00e+00	0.00e+00	0.00e+00	0.00e+00	0.00e+00
 2.08016e+12	1.14e-39	7.14e-30	5.97e-21	1.25e-12	1.47e-03	6.35e-01	3.64e-01	0.00e+00	0.00e+00	0.00e+00	0.00e+00	0.00e+00	2.30e-127
 2.19144e+12	0.00e+00	1.04e-29	8.01e-21	1.54e-12	1.67e-03	6.54e-01	3.45e-01	0.00e+00	0.00e+00	0.00e+00	0.00e+00	0.00e+00	0.00e+00
 2.30263e+12	2.83e-39	1.50e-29	1.06e-20	1.88e-12	1.88e-03	6.72e-01	3.26e-01	0.00e+00	0.00e+00	0.00e+00	0.00e+00	0.00e+00	2.37e-126
 2.40919e+12	0.00e+00	2.09e-29	1.38e-20	2.27e-12	2.09e-03	6.88e-01	3.10e-01	0.00e+00	0.00e+00	0.00e+00	0.00e+00	0.00e+00	0.00e+00
 2.52641e+12	6.60e-39	2.99e-29	1.82e-20	2.76e-12	2.35e-03	7.05e-01	2.93e-01	0.00e+00	0.00e+00	0.00e+00	0.00e+00	0.00e+00	2.11e-125
 2.65740e+12	0.00e+00	4.39e-29	2.45e-20	3.40e-12	2.65e-03	7.22e-01	2.75e-01	0.00e+00	0.00e+00	0.00e+00	0.00e+00	0.00e+00	0.00e+00
 2.79045e+12	1.67e-38	6.38e-29	3.28e-20	4.17e-12	2.99e-03	7.38e-01	2.59e-01	0.00e+00	0.00e+00	0.00e+00	0.00e+00	0.00e+00	2.31e-124
 2.92882e+12	0.00e+00	9.28e-29	4.38e-20	5.12e-12	3.36e-03	7.54e-01	2.43e-01	0.00e+00	0.00e+00	0.00e+00	0.00e+00	0.00e+00	0.00e+00
 3.07590e+12	4.21e-38	1.36e-28	5.89e-20	6.30e-12	3.78e-03	7.69e-01	2.27e-01	0.00e+00	0.00e+00	0.00e+00	0.00e+00	0.00e+00	2.55e-123
 3.22886e+12	0.00e+00	1.99e-28	7.92e-20	7.75e-12	4.26e-03	7.84e-01	2.12e-01	0.00e+00	0.00e+00	0.00e+00	0.00e+00	0.00e+00	0.00e+00
 3.37183e+12	1.03e-37	2.81e-28	1.03e-19	9.33e-12	4.73e-03	7.97e-01	1.99e-01	0.00e+00	0.00e+00	0.00e+00	0.00e+00	0.00e+00	2.56e-122
 3.49840e+12	0.00e+00	3.78e-28	1.30e-19	1.09e-11	5.17e-03	8.07e-01	1.88e-01	0.00e+00	0.00e+00	0.00e+00	0.00e+00	0.00e+00	0.00e+00
 3.64004e+12	2.18e-37	5.18e-28	1.66e-19	1.30e-11	5.69e-03	8.17e-01	1.77e-01	0.00e+00	0.00e+00	0.00e+00	0.00e+00	0.00e+00	1.80e-121
 3.80947e+12	0.00e+00	7.49e-28	2.20e-19	1.58e-11	6.36e-03	8.29e-01	1.65e-01	0.00e+00	0.00e+00	0.00e+00	0.00e+00	0.00e+00	0.00e+00
 3.98049e+12	5.31e-37	1.07e-27	2.91e-19	1.92e-11	7.07e-03	8.40e-01	1.53e-01	0.00e+00	0.00e+00	0.00e+00	0.00e+00	0.00e+00	1.83e-120
 4.14049e+12	0.00e+00	1.48e-27	3.73e-19	2.28e-11	7.78e-03	8.49e-01	1.44e-01	0.00e+00	0.00e+00	0.00e+00	0.00e+00	0.00e+00	0.00e+00
 4.31818e+12	1.20e-36	2.08e-27	4.85e-19	2.73e-11	8.59e-03	8.58e-01	1.34e-01	0.00e+00	0.00e+00	0.00e+00	0.00e+00	0.00e+00	1.54e-119
 4.52083e+12	0.00e+00	3.05e-27	6.52e-19	3.36e-11	9.61e-03	8.67e-01	1.24e-01	0.00e+00	0.00e+00	0.00e+00	0.00e+00	0.00e+00	0.00e+00
 4.71973e+12	2.99e-36	4.37e-27	8.60e-19	4.06e-11	1.07e-02	8.75e-01	1.14e-01	0.00e+00	0.00e+00	0.00e+00	0.00e+00	0.00e+00	1.64e-118
 4.91082e+12	0.00e+00	6.08e-27	1.11e-18	4.84e-11	1.17e-02	8.82e-01	1.07e-01	0.00e+00	0.00e+00	0.00e+00	0.00e+00	0.00e+00	0.00e+00
 5.09126e+12	6.52e-36	8.23e-27	1.40e-18	5.69e-11	1.28e-02	8.87e-01	9.97e-02	0.00e+00	0.00e+00	0.00e+00	0.00e+00	0.00e+00	1.25e-117
 5.26053e+12	0.00e+00	1.08e-26	1.73e-18	6.58e-11	1.38e-02	8.92e-01	9.38e-02	0.00e+00	0.00e+00	0.00e+00	0.00e+00	0.00e+00	0.00e+00
 5.45447e+12	1.33e-35	1.47e-26	2.19e-18	7.74e-11	1.51e-02	8.97e-01	8.76e-02	0.00e+00	0.00e+00	0.00e+00	0.00e+00	0.00e+00	8.06e-117
 5.69033e+12	0.00e+00	2.10e-26	2.89e-18	9.36e-11	1.67e-02	9.03e-01	8.08e-02	0.00e+00	0.00e+00	0.00e+00	0.00e+00	0.00e+00	0.00e+00
 5.92366e+12	3.16e-35	2.96e-26	3.77e-18	1.12e-10	1.83e-02	9.07e-01	7.47e-02	0.00e+00	0.00e+00	0.00e+00	0.00e+00	0.00e+00	7.65e-116
 6.12768e+12	0.00e+00	3.95e-26	4.71e-18	1.31e-10	1.99e-02	9.10e-01	6.98e-02	0.00e+00	0.00e+00	0.00e+00	0.00e+00	0.00e+00	1.16e-99
 6.35063e+12	6.55e-35	5.36e-26	5.95e-18	1.54e-10	2.16e-02	9.13e-01	6.50e-02	0.00e+00	0.00e+00	0.00e+00	0.00e+00	0.00e+00	6.60e-282
 6.62114e+12	1.02e-34	7.67e-26	7.85e-18	1.86e-10	2.39e-02	9.16e-01	5.97e-02	0.00e+00	0.00e+00	0.00e+00	0.00e+00	0.00e+00	1.62e-114
 6.89452e+12	1.56e-34	1.09e-25	1.03e-17	2.23e-10	2.63e-02	9.19e-01	5.49e-02	0.00e+00	0.00e+00	0.00e+00	0.00e+00	0.00e+00	3.21e-97
 7.14348e+12	2.27e-34	1.47e-25	1.30e-17	2.63e-10	2.85e-02	9.21e-01	5.09e-02	0.00e+00	0.00e+00	0.00e+00	0.00e+00	0.00e+00	1.30e-281
 7.41966e+12	3.39e-34	2.04e-25	1.68e-17	3.12e-10	3.12e-02	9.22e-01	4.70e-02	0.00e+00	0.00e+00	0.00e+00	0.00e+00	0.00e+00	3.78e-113
 7.74224e+12	5.33e-34	2.95e-25	2.23e-17	3.79e-10	3.44e-02	9.23e-01	4.29e-02	0.00e+00	0.00e+00	0.00e+00	0.00e+00	0.00e+00	4.90e-96
 8.06068e+12	8.19e-34	4.18e-25	2.92e-17	4.56e-10	3.79e-02	9.23e-01	3.92e-02	0.00e+00	0.00e+00	0.00e+00	0.00e+00	0.00e+00	7.22e-286
 8.36203e+12	1.21e-33	5.75e-25	3.74e-17	5.40e-10	4.12e-02	9.23e-01	3.62e-02	0.00e+00	0.00e+00	0.00e+00	0.00e+00	0.00e+00	1.05e-111
 8.69662e+12	1.83e-33	8.06e-25	4.86e-17	6.46e-10	4.51e-02	9.22e-01	3.31e-02	0.00e+00	0.00e+00	0.00e+00	0.00e+00	0.00e+00	7.48e-95
 9.06194e+12	2.84e-33	1.15e-24	6.42e-17	7.81e-10	4.96e-02	9.20e-01	3.02e-02	0.00e+00	0.00e+00	0.00e+00	0.00e+00	0.00e+00	9.75e-111
 9.41064e+12	4.23e-33	1.60e-24	8.27e-17	9.29e-10	5.41e-02	9.18e-01	2.77e-02	0.00e+00	0.00e+00	0.00e+00	0.00e+00	0.00e+00	4.72e-94
 9.78576e+12	6.39e-33	2.23e-24	1.08e-16	1.11e-09	5.91e-02	9.16e-01	2.53e-02	0.00e+00	0.00e+00	0.00e+00	0.00e+00	0.00e+00	8.21e-110
 1.02071e+13	9.97e-33	3.21e-24	1.43e-16	1.35e-09	6.51e-02	9.12e-01	2.29e-02	0.00e+00	0.00e+00	0.00e+00	0.00e+00	0.00e+00	3.11e-93
 1.06246e+13	1.52e-32	4.53e-24	1.87e-16	1.62e-09	7.12e-02	9.08e-01	2.08e-02	0.00e+00	0.00e+00	0.00e+00	0.00e+00	0.00e+00	7.99e-109
 1.09918e+13	2.17e-32	6.06e-24	2.35e-16	1.89e-09	7.68e-02	9.04e-01	1.92e-02	0.00e+00	0.00e+00	0.00e+00	0.00e+00	0.00e+00	1.71e-92
 1.13176e+13	2.94e-32	7.77e-24	2.85e-16	2.16e-09	8.19e-02	9.00e-01	1.79e-02	0.00e+00	0.00e+00	0.00e+00	0.00e+00	0.00e+00	4.55e-108
 1.16887e+13	4.10e-32	1.02e-23	3.53e-16	2.50e-09	8.79e-02	8.96e-01	1.65e-02	0.00e+00	0.00e+00	0.00e+00	0.00e+00	0.00e+00	6.95e-92
 1.21513e+13	6.12e-32	1.42e-23	4.56e-16	2.98e-09	9.57e-02	8.89e-01	1.50e-02	0.00e+00	0.00e+00	0.00e+00	0.00e+00	0.00e+00	3.19e-107
 1.26010e+13	8.90e-32	1.93e-23	5.80e-16	3.51e-09	1.03e-01	8.83e-01	1.37e-02	0.00e+00	0.00e+00	0.00e+00	0.00e+00	0.00e+00	3.82e-91
 1.29649e+13	1.19e-31	2.44e-23	6.96e-16	3.97e-09	1.10e-01	8.77e-01	1.28e-02	0.00e+00	0.00e+00	0.00e+00	0.00e+00	0.00e+00	1.86e-106
 1.33493e+13	1.60e-31	3.11e-23	8.43e-16	4.52e-09	1.17e-01	8.71e-01	1.19e-02	0.00e+00	0.00e+00	0.00e+00	0.00e+00	0.00e+00	1.39e-90
 1.38491e+13	2.32e-31	4.21e-23	1.07e-15	5.31e-09	1.26e-01	8.63e-01	1.09e-02	0.00e+00	0.00e+00	0.00e+00	0.00e+00	0.00e+00	1.11e-105
 1.43827e+13	3.39e-31	5.75e-23	1.36e-15	6.27e-09	1.36e-01	8.54e-01	9.86e-03	0.00e+00	0.00e+00	0.00e+00	0.00e+00	0.00e+00	7.35e-90
 1.48540e+13	4.67e-31	7.47e-23	1.68e-15	7.20e-09	1.45e-01	8.46e-01	9.08e-03	0.00e+00	0.00e+00	0.00e+00	0.00e+00	0.00e+00	7.32e-105
 1.53605e+13	6.50e-31	9.79e-23	2.07e-15	8.30e-09	1.55e-01	8.37e-01	8.33e-03	0.00e+00	0.00e+00	0.00e+00	0.00e+00	0.00e+00	3.15e-89
 1.59747e+13	9.56e-31	1.34e-22	2.65e-15	9.80e-09	1.67e-01	8.25e-01	7.53e-03	0.00e+00	0.00e+00	0.00e+00	0.00e+00	0.00e+00	5.13e-104
 1.65917e+13	1.38e-30	1.82e-22	3.35e-15	1.15e-08	1.80e-01	8.13e-01	6.82e-03	0.00e+00	0.00e+00	0.00e+00	0.00e+00	0.00e+00	1.72e-88
 1.71484e+13	1.91e-30	2.36e-22	4.10e-15	1.32e-08	1.91e-01	8.03e-01	6.26e-03	0.00e+00	0.00e+00	0.00e+00	0.00e+00	0.00e+00	3.39e-103
 1.77637e+13	2.68e-30	3.10e-22	5.08e-15	1.52e-08	2.04e-01	7.90e-01	5.70e-03	0.00e+00	0.00e+00	0.00e+00	0.00e+00	0.00e+00	7.66e-88
 1.84887e+13	3.93e-30	4.24e-22	6.47e-15	1.78e-08	2.19e-01	7.76e-01	5.12e-03	0.00e+00	0.00e+00	0.00e+00	0.00e+00	0.00e+00	2.49e-102
 1.92057e+13	5.64e-30	5.69e-22	8.13e-15	2.08e-08	2.34e-01	7.61e-01	4.63e-03	0.00e+00	0.00e+00	0.00e+00	0.00e+00	0.00e+00	4.20e-87
 1.98733e+13	7.79e-30	7.39e-22	9.94e-15	2.37e-08	2.48e-01	7.48e-01	4.22e-03	0.00e+00	0.00e+00	0.00e+00	0.00e+00	0.00e+00	1.67e-101
 2.06200e+13	1.10e-29	9.79e-22	1.23e-14	2.73e-08	2.63e-01	7.33e-01	3.82e-03	0.00e+00	0.00e+00	0.00e+00	0.00e+00	0.00e+00	1.97e-86
 2.14748e+13	1.61e-29	1.33e-21	1.56e-14	3.19e-08	2.81e-01	7.15e-01	3.41e-03	0.00e+00	0.00e+00	0.00e+00	0.00e+00	0.00e+00	1.29e-100
 2.22460e+13	2.24e-29	1.73e-21	1.91e-14	3.65e-08	2.97e-01	7.00e-01	3.09e-03	0.00e+00	0.00e+00	0.00e+00	0.00e+00	0.00e+00	1.02e-85
 2.28533e+13	2.87e-29	2.12e-21	2.23e-14	4.03e-08	3.10e-01	6.88e-01	2.87e-03	0.00e+00	0.00e+00	0.00e+00	0.00e+00	0.00e+00	6.58e-100
 2.34783e+13	3.67e-29	2.59e-21	2.60e-14	4.45e-08	3.22e-01	6.75e-01	2.66e-03	0.00e+00	0.00e+00	0.00e+00	0.00e+00	0.00e+00	3.29e-85
 2.42909e+13	5.02e-29	3.33e-21	3.14e-14	5.03e-08	3.39e-01	6.59e-01	2.41e-03	0.00e+00	0.00e+00	0.00e+00	0.00e+00	0.00e+00	3.26e-99
 2.51565e+13	6.91e-29	4.30e-21	3.82e-14	5.71e-08	3.56e-01	6.42e-01	2.18e-03	0.00e+00	0.00e+00	0.00e+00	0.00e+00	0.00e+00	1.46e-84
 2.59180e+13	9.05e-29	5.34e-21	4.50e-14	6.34e-08	3.71e-01	6.27e-01	2.00e-03	0.00e+00	0.00e+00	0.00e+00	0.00e+00	0.00e+00	1.77e-98
 2.67348e+13	1.20e-28	6.69e-21	5.33e-14	7.07e-08	3.87e-01	6.12e-01	1.82e-03	0.00e+00	0.00e+00	0.00e+00	0.00e+00	0.00e+00	5.45e-84
 2.77554e+13	1.68e-28	8.76e-21	6.54e-14	8.05e-08	4.06e-01	5.92e-01	1.63e-03	0.00e+00	0.00e+00	0.00e+00	0.00e+00	0.00e+00	1.06e-97
 2.87933e+13	2.33e-28	1.14e-20	7.96e-14	9.12e-08	4.25e-01	5.73e-01	1.46e-03	0.00e+00	0.00e+00	0.00e+00	0.00e+00	0.00e+00	2.70e-83
 2.97021e+13	3.08e-28	1.42e-20	9.39e-14	1.01e-07	4.41e-01	5.57e-01	1.33e-03	0.00e+00	0.00e+00	0.00e+00	0.00e+00	0.00e+00	6.19e-97
 3.06909e+13	4.11e-28	1.79e-20	1.12e-13	1.13e-07	4.59e-01	5.40e-01	1.20e-03	0.00e+00	0.00e+00	0.00e+00	0.00e+00	0.00e+00	1.07e-82
 3.18036e+13	5.63e-28	2.30e-20	1.35e-13	1.27e-07	4.78e-01	5.21e-01	1.08e-03	0.00e+00	0.00e+00	0.00e+00	0.00e+00	0.00e+00	3.67e-96
 3.28587e+13	7.50e-28	2.88e-20	1.59e-13	1.41e-07	4.95e-01	5.04e-01	9.72e-04	0.00e+00	0.00e+00	0.00e+00	0.00e+00	0.00e+00	4.65e-82
 3.40117e+13	1.01e-27	3.66e-20	1.90e-13	1.57e-07	5.13e-01	4.86e-01	8.71e-04	0.00e+00	0.00e+00	0.00e+00	0.00e+00	0.00e+00	2.10e-95
 3.52836e+13	1.40e-27	4.72e-20	2.29e-13	1.76e-07	5.33e-01	4.67e-01	7.74e-04	0.00e+00	0.00e+00	0.00e+00	0.00e+00	0.00e+00	2.14e-81
 3.64563e+13	1.85e-27	5.90e-20	2.71e-13	1.95e-07	5.50e-01	4.50e-01	6.97e-04	0.00e+00	0.00e+00	0.00e+00	0.00e+00	0.00e+00	1.27e-94
 3.77270e+13	2.49e-27	7.45e-20	3.21e-13	2.16e-07	5.68e-01	4.32e-01	6.23e-04	0.00e+00	0.00e+00	0.00e+00	0.00e+00	0.00e+00	9.06e-81
 3.91495e+13	3.42e-27	9.58e-20	3.86e-13	2.42e-07	5.87e-01	4.13e-01	5.50e-04	0.00e+00	0.00e+00	0.00e+00	0.00e+00	0.00e+00	8.00e-94
 4.04918e+13	4.57e-27	1.20e-19	4.56e-13	2.67e-07	6.04e-01	3.96e-01	4.92e-04	0.00e+00	0.00e+00	0.00e+00	0.00e+00	0.00e+00	4.12e-80
 4.19590e+13	6.19e-27	1.52e-19	5.42e-13	2.96e-07	6.22e-01	3.78e-01	4.36e-04	0.00e+00	0.00e+00	0.00e+00	0.00e+00	0.00e+00	4.80e-93
 4.35924e+13	8.56e-27	1.97e-19	6.53e-13	3.31e-07	6.40e-01	3.59e-01	3.83e-04	0.00e+00	0.00e+00	0.00e+00	0.00e+00	0.00e+00	1.99e-79
 4.51234e+13	1.15e-26	2.47e-19	7.71e-13	3.65e-07	6.57e-01	3.43e-01	3.40e-04	0.00e+00	0.00e+00	0.00e+00	0.00e+00	0.00e+00	3.13e-92
 4.67824e+13	1.55e-26	3.13e-19	9.15e-13	4.04e-07	6.74e-01	3.26e-01	3.00e-04	0.00e+00	0.00e+00	0.00e+00	0.00e+00	0.00e+00	9.06e-79
 4.86396e+13	2.15e-26	4.04e-19	1.10e-12	4.50e-07	6.91e-01	3.08e-01	2.61e-04	0.00e+00	0.00e+00	0.00e+00	0.00e+00	0.00e+00	2.16e-91
 5.04201e+13	2.91e-26	5.11e-19	1.30e-12	4.96e-07	7.07e-01	2.93e-01	2.30e-04	0.00e+00	0.00e+00	0.00e+00	0.00e+00	0.00e+00	4.48e-78
 5.23159e+13	3.95e-26	6.49e-19	1.55e-12	5.48e-07	7.23e-01	2.77e-01	2.02e-04	0.00e+00	0.00e+00	0.00e+00	0.00e+00	0.00e+00	1.42e-90
 5.44384e+13	5.49e-26	8.38e-19	1.86e-12	6.09e-07	7.39e-01	2.61e-01	1.75e-04	0.00e+00	0.00e+00	0.00e+00	0.00e+00	0.00e+00	2.30e-77
 5.65544e+13	7.53e-26	1.07e-18	2.21e-12	6.73e-07	7.54e-01	2.46e-01	1.52e-04	0.00e+00	0.00e+00	0.00e+00	0.00e+00	0.00e+00	1.05e-89
 5.87551e+13	1.03e-25	1.37e-18	2.63e-12	7.42e-07	7.68e-01	2.31e-01	1.33e-04	0.00e+00	0.00e+00	0.00e+00	0.00e+00	0.00e+00	1.18e-76
 6.11353e+13	1.43e-25	1.76e-18	3.14e-12	8.21e-07	7.83e-01	2.17e-01	1.15e-04	0.00e+00	0.00e+00	0.00e+00	0.00e+00	0.00e+00	7.79e-89
 6.33767e+13	1.92e-25	2.21e-18	3.69e-12	8.98e-07	7.95e-01	2.05e-01	1.00e-04	0.00e+00	0.00e+00	0.00e+00	0.00e+00	0.00e+00	5.97e-76
 6.53998e+13	2.48e-25	2.69e-18	4.25e-12	9.71e-07	8.06e-01	1.94e-01	8.94e-05	0.00e+00	0.00e+00	0.00e+00	0.00e+00	0.00e+00	1.17e-75
 6.73095e+13	3.14e-25	3.23e-18	4.82e-12	1.04e-06	8.15e-01	1.85e-01	8.03e-05	0.00e+00	0.00e+00	0.00e+00	0.00e+00	0.00e+00	2.17e-75
 6.94130e+13	4.04e-25	3.91e-18	5.52e-12	1.12e-06	8.24e-01	1.76e-01	7.16e-05	0.00e+00	0.00e+00	0.00e+00	0.00e+00	0.00e+00	4.21e-75
 7.17577e+13	5.29e-25	4.82e-18	6.39e-12	1.22e-06	8.34e-01	1.66e-01	6.32e-05	0.00e+00	0.00e+00	0.00e+00	0.00e+00	0.00e+00	8.57e-75
 7.39607e+13	6.77e-25	5.82e-18	7.28e-12	1.31e-06	8.42e-01	1.58e-01	5.64e-05	0.00e+00	0.00e+00	0.00e+00	0.00e+00	0.00e+00	1.65e-74
 7.63696e+13	8.78e-25	7.10e-18	8.36e-12	1.41e-06	8.51e-01	1.49e-01	5.00e-05	0.00e+00	0.00e+00	0.00e+00	0.00e+00	0.00e+00	3.29e-74
 7.90734e+13	1.16e-24	8.81e-18	9.72e-12	1.53e-06	8.59e-01	1.41e-01	4.38e-05	0.00e+00	0.00e+00	0.00e+00	0.00e+00	0.00e+00	6.94e-74
 8.16329e+13	1.51e-24	1.07e-17	1.11e-11	1.65e-06	8.67e-01	1.33e-01	3.89e-05	0.00e+00	0.00e+00	0.00e+00	0.00e+00	0.00e+00	1.38e-73
 8.44327e+13	1.98e-24	1.32e-17	1.29e-11	1.78e-06	8.75e-01	1.25e-01	3.42e-05	0.00e+00	0.00e+00	0.00e+00	0.00e+00	0.00e+00	2.87e-73
 8.75332e+13	2.65e-24	1.65e-17	1.50e-11	1.93e-06	8.83e-01	1.17e-01	2.98e-05	0.00e+00	0.00e+00	0.00e+00	0.00e+00	0.00e+00	6.26e-73
 9.04013e+13	3.44e-24	2.01e-17	1.72e-11	2.07e-06	8.89e-01	1.11e-01	2.64e-05	0.00e+00	0.00e+00	0.00e+00	0.00e+00	0.00e+00	1.26e-72
 9.35070e+13	4.52e-24	2.48e-17	1.98e-11	2.24e-06	8.96e-01	1.04e-01	2.32e-05	0.00e+00	0.00e+00	0.00e+00	0.00e+00	0.00e+00	2.63e-72
 9.69823e+13	6.07e-24	3.10e-17	2.31e-11	2.43e-06	9.02e-01	9.76e-02	2.02e-05	0.00e+00	0.00e+00	0.00e+00	0.00e+00	0.00e+00	5.80e-72
 1.00254e+14	7.94e-24	3.80e-17	2.65e-11	2.61e-06	9.08e-01	9.19e-02	1.78e-05	0.00e+00	0.00e+00	0.00e+00	0.00e+00	0.00e+00	1.20e-71
 1.03823e+14	1.05e-23	4.70e-17	3.06e-11	2.82e-06	9.14e-01	8.63e-02	1.55e-05	0.00e+00	0.00e+00	0.00e+00	1.50e-17	3.20e-17	2.57e-71
 1.07801e+14	1.43e-23	5.91e-17	3.58e-11	3.06e-06	9.20e-01	8.05e-02	1.34e-05	0.00e+00	0.00e+00	0.00e+00	1.96e-17	3.95e-17	5.82e-71
 1.11529e+14	1.87e-23	7.28e-17	4.12e-11	3.29e-06	9.24e-01	7.56e-02	1.18e-05	0.00e+00	0.00e+00	0.00e+00	2.41e-17	4.86e-17	1.22e-70
 1.15578e+14	2.50e-23	9.04e-17	4.77e-11	3.55e-06	9.29e-01	7.08e-02	1.03e-05	0.00e+00	0.00e+00	0.00e+00	3.00e-17	6.04e-17	2.67e-70
 1.20108e+14	3.40e-23	1.14e-16	5.59e-11	3.85e-06	9.34e-01	6.58e-02	8.86e-06	0.00e+00	0.00e+00	0.00e+00	3.79e-17	7.63e-17	6.18e-70
 1.24420e+14	4.52e-23	1.41e-16	6.46e-11	4.15e-06	9.38e-01	6.17e-02	7.73e-06	0.00e+00	0.00e+00	0.00e+00	4.69e-17	9.45e-17	1.34e-69
 1.29026e+14	6.06e-23	1.76e-16	7.50e-11	4.48e-06	9.42e-01	5.76e-02	6.72e-06	0.00e+00	0.00e+00	0.00e+00	5.85e-17	1.18e-16	2.96e-69
 1.34217e+14	8.31e-23	2.24e-16	8.81e-11	4.87e-06	9.47e-01	5.34e-02	5.76e-06	0.00e+00	0.00e+00	0.00e+00	7.43e-17	1.50e-16	7.01e-69
 1.39347e+14	1.12e-22	2.81e-16	1.03e-10	5.27e-06	9.50e-01	4.98e-02	4.98e-06	0.00e+00	0.00e+00	0.00e+00	9.33e-17	1.88e-16	1.59e-68
 1.44682e+14	1.52e-22	3.53e-16	1.20e-10	5.70e-06	9.54e-01	4.64e-02	4.30e-06	0.00e+00	0.00e+00	0.00e+00	1.17e-16	2.36e-16	3.63e-68
 1.50499e+14	2.09e-22	4.48e-16	1.41e-10	6.19e-06	9.57e-01	4.30e-02	3.68e-06	0.00e+00	0.00e+00	0.00e+00	1.49e-16	2.99e-16	8.69e-68
 1.56549e+14	2.86e-22	5.69e-16	1.65e-10	6.72e-06	9.60e-01	3.99e-02	3.16e-06	0.00e+00	0.00e+00	0.00e+00	1.89e-16	3.80e-16	2.04e-67
 1.62329e+14	3.82e-22	7.08e-16	1.91e-10	7.24e-06	9.63e-01	3.72e-02	2.74e-06	0.00e+00	0.00e+00	0.00e+00	2.35e-16	4.73e-16	4.49e-67
 1.67098e+14	4.82e-22	8.43e-16	2.15e-10	7.69e-06	9.65e-01	3.51e-02	2.44e-06	0.00e+00	0.00e+00	0.00e+00	2.79e-16	5.63e-16	8.45e-67
 1.71865e+14	6.04e-22	9.98e-16	2.41e-10	8.15e-06	9.67e-01	3.33e-02	2.19e-06	0.00e+00	0.00e+00	0.00e+00	3.31e-16	6.67e-16	1.56e-66
 1.78063e+14	8.01e-22	1.24e-15	2.79e-10	8.78e-06	9.69e-01	3.11e-02	1.90e-06	0.00e+00	0.00e+00	0.00e+00	4.10e-16	8.26e-16	3.37e-66
 1.84476e+14	1.06e-21	1.53e-15	3.22e-10	9.45e-06	9.71e-01	2.90e-02	1.65e-06	0.00e+00	0.00e+00	0.00e+00	5.07e-16	1.02e-15	7.27e-66
 1.89855e+14	1.34e-21	1.82e-15	3.62e-10	1.00e-05	9.73e-01	2.74e-02	1.47e-06	0.00e+00	0.00e+00	0.00e+00	6.03e-16	1.22e-15	1.36e-65
 1.95534e+14	1.69e-21	2.17e-15	4.08e-10	1.07e-05	9.74e-01	2.58e-02	1.31e-06	0.00e+00	0.00e+00	0.00e+00	7.20e-16	1.45e-15	2.57e-65
 2.02734e+14	2.25e-21	2.70e-15	4.73e-10	1.15e-05	9.76e-01	2.41e-02	1.13e-06	0.00e+00	0.00e+00	0.00e+00	8.94e-16	1.80e-15	5.63e-65
 2.10243e+14	3.01e-21	3.36e-15	5.48e-10	1.24e-05	9.78e-01	2.24e-02	9.79e-07	0.00e+00	0.00e+00	0.00e+00	1.11e-15	2.24e-15	1.24e-64
 2.16924e+14	3.86e-21	4.05e-15	6.22e-10	1.32e-05	9.79e-01	2.10e-02	0.00e+00	0.00e+00	0.00e+00	0.00e+00	1.34e-15	2.71e-15	2.44e-64
 2.24198e+14	5.01e-21	4.94e-15	7.12e-10	1.42e-05	9.80e-01	1.97e-02	0.00e+00	0.00e+00	0.00e+00	0.00e+00	1.64e-15	3.30e-15	4.96e-64
 2.32319e+14	6.65e-21	6.12e-15	8.23e-10	1.53e-05	9.82e-01	1.83e-02	0.00e+00	0.00e+00	0.00e+00	0.00e+00	2.03e-15	4.09e-15	1.07e-63
 2.39927e+14	8.58e-21	7.42e-15	9.39e-10	1.63e-05	9.83e-01	1.72e-02	0.00e+00	0.00e+00	0.00e+00	0.00e+00	2.46e-15	4.96e-15	2.14e-63
 2.48199e+14	1.12e-20	9.09e-15	1.08e-09	1.75e-05	9.84e-01	1.61e-02	0.00e+00	0.00e+00	0.00e+00	0.00e+00	3.01e-15	6.08e-15	4.42e-63
 2.57369e+14	1.49e-20	1.13e-14	1.25e-09	1.89e-05	9.85e-01	1.49e-02	0.00e+00	0.00e+00	0.00e+00	0.00e+00	3.74e-15	7.55e-15	9.63e-63
 2.65873e+14	1.93e-20	1.37e-14	1.43e-09	2.02e-05	9.86e-01	1.40e-02	0.00e+00	0.00e+00	0.00e+00	0.00e+00	4.54e-15	9.18e-15	1.93e-62
 2.75094e+14	2.53e-20	1.68e-14	1.64e-09	2.17e-05	9.87e-01	1.30e-02	0.00e+00	0.00e+00	0.00e+00	0.00e+00	5.57e-15	1.12e-14	4.01e-62
 2.85374e+14	3.37e-20	2.09e-14	1.90e-09	2.35e-05	9.88e-01	1.21e-02	0.00e+00	0.00e+00	0.00e+00	0.00e+00	6.93e-15	1.40e-14	8.77e-62
 2.94999e+14	4.38e-20	2.55e-14	2.18e-09	2.52e-05	9.89e-01	1.13e-02	0.00e+00	0.00e+00	0.00e+00	0.00e+00	8.45e-15	1.71e-14	1.78e-61
 3.05480e+14	5.76e-20	3.14e-14	2.51e-09	2.71e-05	9.89e-01	1.05e-02	0.00e+00	0.00e+00	0.00e+00	0.00e+00	1.04e-14	2.10e-14	3.75e-61
 3.17156e+14	7.73e-20	3.93e-14	2.93e-09	2.93e-05	9.90e-01	9.75e-03	0.00e+00	0.00e+00	0.00e+00	0.00e+00	1.30e-14	2.63e-14	8.32e-61
 3.28092e+14	1.01e-19	4.81e-14	3.36e-09	3.14e-05	9.91e-01	9.10e-03	0.00e+00	0.00e+00	0.00e+00	0.00e+00	1.59e-14	3.22e-14	1.71e-60
 3.39956e+14	1.33e-19	5.94e-14	3.89e-09	3.39e-05	9.92e-01	8.46e-03	0.00e+00	0.00e+00	0.00e+00	0.00e+00	1.96e-14	3.98e-14	3.64e-60
 3.53205e+14	1.80e-19	7.45e-14	4.54e-09	3.67e-05	9.92e-01	7.82e-03	0.00e+00	0.00e+00	0.00e+00	0.00e+00	2.46e-14	4.99e-14	8.19e-60
 3.65786e+14	2.36e-19	9.18e-14	5.24e-09	3.95e-05	9.93e-01	7.27e-03	0.00e+00	0.00e+00	0.00e+00	0.00e+00	3.03e-14	6.14e-14	1.73e-59
 3.79249e+14	3.13e-19	1.14e-13	6.07e-09	4.26e-05	9.93e-01	6.75e-03	0.00e+00	0.00e+00	0.00e+00	0.00e+00	3.76e-14	7.61e-14	3.71e-59
 3.94449e+14	4.25e-19	1.44e-13	7.12e-09	4.62e-05	9.94e-01	6.22e-03	0.00e+00	0.00e+00	0.00e+00	0.00e+00	4.74e-14	9.61e-14	8.53e-59
 4.09443e+14	5.69e-19	1.79e-13	8.28e-09	5.00e-05	9.94e-01	5.76e-03	0.00e+00	0.00e+00	0.00e+00	0.00e+00	5.91e-14	1.20e-13	1.89e-58
 4.23071e+14	7.34e-19	2.17e-13	9.46e-09	5.35e-05	9.95e-01	5.39e-03	0.00e+00	0.00e+00	0.00e+00	0.00e+00	7.17e-14	1.46e-13	3.78e-58
 4.37752e+14	9.57e-19	2.66e-13	1.09e-08	5.75e-05	9.95e-01	5.02e-03	0.00e+00	0.00e+00	0.00e+00	0.00e+00	8.78e-14	1.78e-13	7.80e-58
 4.54986e+14	1.29e-18	3.34e-13	1.27e-08	6.23e-05	9.95e-01	4.63e-03	0.00e+00	0.00e+00	0.00e+00	0.00e+00	1.10e-13	2.24e-13	1.77e-57
 4.71426e+14	1.71e-18	4.13e-13	1.47e-08	6.71e-05	9.96e-01	4.31e-03	0.00e+00	0.00e+00	0.00e+00	0.00e+00	1.36e-13	2.77e-13	3.78e-57
 4.84739e+14	2.12e-18	4.87e-13	1.64e-08	7.11e-05	9.96e-01	4.07e-03	0.00e+00	0.00e+00	0.00e+00	0.00e+00	1.60e-13	3.26e-13	6.84e-57
 4.98099e+14	2.62e-18	5.72e-13	1.83e-08	7.52e-05	9.96e-01	3.84e-03	0.00e+00	0.00e+00	0.00e+00	0.00e+00	1.88e-13	3.83e-13	1.22e-56
 5.15467e+14	3.42e-18	7.00e-13	2.11e-08	8.08e-05	9.96e-01	3.58e-03	0.00e+00	0.00e+00	0.00e+00	0.00e+00	2.31e-13	4.70e-13	2.53e-56
 5.33570e+14	4.48e-18	8.59e-13	2.42e-08	8.68e-05	9.97e-01	3.33e-03	0.00e+00	0.00e+00	0.00e+00	0.00e+00	2.83e-13	5.76e-13	5.30e-56
 5.48930e+14	5.60e-18	1.02e-12	2.72e-08	9.20e-05	9.97e-01	3.14e-03	0.00e+00	0.00e+00	0.00e+00	0.00e+00	3.35e-13	6.82e-13	9.75e-56
 5.65199e+14	7.02e-18	1.21e-12	3.06e-08	9.78e-05	9.97e-01	2.96e-03	0.00e+00	0.00e+00	0.00e+00	0.00e+00	3.98e-13	8.11e-13	1.82e-55
 5.85898e+14	9.30e-18	1.50e-12	3.54e-08	1.05e-04	9.97e-01	2.75e-03	0.00e+00	0.00e+00	0.00e+00	0.00e+00	4.92e-13	1.00e-12	3.93e-55
 6.07382e+14	1.23e-17	1.85e-12	4.09e-08	1.14e-04	9.97e-01	2.55e-03	0.00e+00	0.00e+00	0.00e+00	0.00e+00	6.09e-13	1.24e-12	8.51e-55
 6.26193e+14	1.56e-17	2.22e-12	4.63e-08	1.21e-04	9.97e-01	2.40e-03	0.00e+00	0.00e+00	0.00e+00	0.00e+00	7.29e-13	1.49e-12	1.65e-54
 6.46499e+14	2.00e-17	2.68e-12	5.27e-08	1.29e-04	9.98e-01	2.24e-03	0.00e+00	0.00e+00	0.00e+00	0.00e+00	8.80e-13	1.80e-12	3.25e-54
 6.71151e+14	2.68e-17	3.34e-12	6.13e-08	1.40e-04	9.98e-01	2.08e-03	0.00e+00	0.00e+00	0.00e+00	0.00e+00	1.10e-12	2.25e-12	7.28e-54
 6.95723e+14	3.55e-17	4.14e-12	7.08e-08	1.50e-04	9.98e-01	1.93e-03	0.00e+00	0.00e+00	0.00e+00	0.00e+00	1.36e-12	2.78e-12	1.58e-53
 7.17488e+14	4.52e-17	4.97e-12	8.02e-08	1.60e-04	9.98e-01	1.81e-03	0.00e+00	3.71e-18	1.11e-17	1.86e-17	1.63e-12	3.34e-12	3.09e-53
 7.41331e+14	5.81e-17	6.02e-12	9.15e-08	1.72e-04	9.98e-01	1.69e-03	0.00e+00	4.77e-18	1.43e-17	2.39e-17	1.97e-12	4.04e-12	6.18e-53
 7.69919e+14	7.80e-17	7.53e-12	1.07e-07	1.86e-04	9.98e-01	1.56e-03	0.00e+00	6.40e-18	1.92e-17	3.21e-17	2.47e-12	5.06e-12	1.40e-52
 7.98365e+14	1.03e-16	9.32e-12	1.23e-07	2.00e-04	9.98e-01	1.45e-03	0.00e+00	8.49e-18	2.55e-17	4.26e-17	3.05e-12	6.27e-12	3.06e-52
 8.24150e+14	1.32e-16	1.12e-11	1.40e-07	2.14e-04	9.98e-01	1.36e-03	0.00e+00	1.09e-17	3.26e-17	5.45e-17	3.68e-12	7.57e-12	6.08e-52
 8.52782e+14	1.72e-16	1.37e-11	1.61e-07	2.30e-04	9.99e-01	1.26e-03	0.00e+00	1.41e-17	4.25e-17	7.10e-17	4.50e-12	9.25e-12	1.26e-51
 8.86359e+14	2.32e-16	1.73e-11	1.88e-07	2.49e-04	9.99e-01	1.16e-03	0.00e+00	1.90e-17	5.72e-17	9.56e-17	5.65e-12	1.16e-11	2.90e-51
 9.19503e+14	3.08e-16	2.14e-11	2.19e-07	2.69e-04	9.99e-01	1.08e-03	0.00e+00	2.53e-17	7.59e-17	1.27e-16	7.00e-12	1.44e-11	6.38e-51
 9.50596e+14	3.97e-16	2.60e-11	2.50e-07	2.88e-04	9.99e-01	1.01e-03	0.00e+00	3.27e-17	9.81e-17	1.64e-16	8.51e-12	1.75e-11	1.30e-50
 9.85273e+14	5.22e-16	3.21e-11	2.90e-07	3.11e-04	9.99e-01	9.31e-04	0.00e+00	4.29e-17	1.29e-16	2.16e-16	1.05e-11	2.16e-11	2.80e-50
 1.02471e+15	7.04e-16	4.04e-11	3.40e-07	3.38e-04	9.99e-01	8.57e-04	0.00e+00	5.79e-17	1.74e-16	2.91e-16	1.32e-11	2.72e-11	6.48e-50
 1.05784e+15	8.96e-16	4.87e-11	3.87e-07	3.62e-04	9.99e-01	8.01e-04	0.00e+00	7.38e-17	2.22e-16	3.70e-16	1.59e-11	3.28e-11	1.27e-49
 1.08170e+15	1.06e-15	5.54e-11	4.24e-07	3.80e-04	9.99e-01	7.63e-04	0.00e+00	8.73e-17	2.62e-16	4.38e-16	1.81e-11	3.73e-11	2.04e-49
 1.10662e+15	1.26e-15	6.33e-11	4.65e-07	3.99e-04	9.99e-01	7.27e-04	0.00e+00	1.04e-16	3.12e-16	5.21e-16	2.07e-11	4.27e-11	3.32e-49
 1.13901e+15	1.56e-15	7.49e-11	5.23e-07	4.24e-04	9.99e-01	6.83e-04	0.00e+00	1.29e-16	3.87e-16	6.47e-16	2.44e-11	5.04e-11	6.10e-49
 1.17494e+15	1.97e-15	8.96e-11	5.94e-07	4.54e-04	9.99e-01	6.39e-04	0.00e+00	1.63e-16	4.88e-16	8.16e-16	2.92e-11	6.04e-11	1.18e-48
 1.20841e+15	2.43e-15	1.05e-10	6.67e-07	4.83e-04	9.99e-01	6.01e-04	0.00e+00	2.00e-16	6.01e-16	1.01e-15	3.44e-11	7.10e-11	2.12e-48
 1.24487e+15	3.02e-15	1.25e-10	7.53e-07	5.15e-04	9.99e-01	5.63e-04	0.00e+00	2.50e-16	7.50e-16	1.25e-15	4.08e-11	8.43e-11	3.95e-48
 1.28568e+15	3.83e-15	1.51e-10	8.59e-07	5.53e-04	9.99e-01	5.25e-04	0.00e+00	3.17e-16	9.51e-16	1.59e-15	4.90e-11	1.01e-10	7.75e-48
 1.32426e+15	4.75e-15	1.78e-10	9.70e-07	5.91e-04	9.99e-01	4.92e-04	0.00e+00	3.93e-16	1.18e-15	1.97e-15	5.81e-11	1.20e-10	1.43e-47
 1.36651e+15	5.97e-15	2.13e-10	1.10e-06	6.33e-04	9.99e-01	4.59e-04	0.00e+00	4.94e-16	1.48e-15	2.48e-15	6.95e-11	1.44e-10	2.75e-47
 1.41374e+15	7.63e-15	2.59e-10	1.27e-06	6.83e-04	9.99e-01	4.25e-04	0.00e+00	6.31e-16	1.89e-15	3.17e-15	8.43e-11	1.74e-10	5.56e-47
 1.45839e+15	9.52e-15	3.08e-10	1.44e-06	7.32e-04	9.99e-01	3.97e-04	0.00e+00	7.88e-16	2.37e-15	3.95e-15	1.00e-10	2.08e-10	1.05e-46
 1.50741e+15	1.20e-14	3.71e-10	1.65e-06	7.89e-04	9.99e-01	3.68e-04	0.00e+00	9.96e-16	2.99e-15	5.00e-15	1.21e-10	2.50e-10	2.07e-46
 1.56250e+15	1.55e-14	4.54e-10	1.91e-06	8.55e-04	9.99e-01	3.40e-04	0.00e+00	1.29e-15	3.86e-15	6.45e-15	1.48e-10	3.06e-10	4.33e-46
 1.61467e+15	1.94e-14	5.45e-10	2.19e-06	9.22e-04	9.99e-01	3.15e-04	0.00e+00	1.61e-15	4.85e-15	8.10e-15	1.78e-10	3.68e-10	8.44e-46
 1.67166e+15	2.48e-14	6.62e-10	2.52e-06	9.97e-04	9.99e-01	2.92e-04	0.00e+00	2.06e-15	6.18e-15	1.03e-14	2.16e-10	4.46e-10	1.72e-45
 1.73492e+15	3.19e-14	8.13e-10	2.94e-06	1.09e-03	9.99e-01	2.68e-04	0.00e+00	2.66e-15	7.98e-15	1.33e-14	2.65e-10	5.48e-10	3.65e-45
 1.79354e+15	3.83e-14	9.76e-10	3.37e-06	1.17e-03	9.99e-01	2.48e-04	0.00e+00	3.19e-15	9.57e-15	1.60e-14	3.18e-10	6.58e-10	7.02e-45
 1.85698e+15	4.81e-14	1.18e-09	3.88e-06	1.27e-03	9.98e-01	2.29e-04	0.00e+00	4.01e-15	1.21e-14	2.01e-14	3.85e-10	7.96e-10	1.42e-44
 1.92821e+15	6.15e-14	1.45e-09	4.53e-06	1.38e-03	9.98e-01	2.10e-04	0.00e+00	5.13e-15	1.54e-14	2.58e-14	4.73e-10	9.78e-10	3.03e-44
 1.99548e+15	7.69e-14	1.75e-09	5.21e-06	1.50e-03	9.98e-01	1.95e-04	0.00e+00	6.43e-15	1.93e-14	3.23e-14	5.71e-10	1.18e-09	6.10e-44
 2.06793e+15	9.61e-14	2.12e-09	6.02e-06	1.63e-03	9.98e-01	1.79e-04	0.00e+00	8.05e-15	2.42e-14	4.04e-14	6.92e-10	1.43e-09	1.24e-43
 2.14864e+15	1.22e-13	2.61e-09	7.04e-06	1.78e-03	9.98e-01	1.64e-04	0.00e+00	1.02e-14	3.08e-14	5.14e-14	8.51e-10	1.76e-09	2.68e-43
 2.22565e+15	1.52e-13	3.15e-09	8.12e-06	1.93e-03	9.98e-01	1.51e-04	0.00e+00	1.27e-14	3.83e-14	6.39e-14	1.03e-09	2.12e-09	5.45e-43
 2.30779e+15	1.90e-13	3.83e-09	9.41e-06	2.10e-03	9.98e-01	1.39e-04	0.00e+00	1.59e-14	4.79e-14	8.00e-14	1.25e-09	2.58e-09	1.13e-42
 2.38467e+15	2.30e-13	4.56e-09	1.07e-05	2.26e-03	9.98e-01	1.29e-04	0.00e+00	1.94e-14	5.82e-14	9.72e-14	1.49e-09	3.07e-09	2.24e-42
 2.44109e+15	2.65e-13	5.17e-09	1.18e-05	2.39e-03	9.97e-01	1.22e-04	0.00e+00	2.23e-14	6.71e-14	1.12e-13	1.69e-09	3.48e-09	3.58e-42
 2.49814e+15	3.04e-13	5.85e-09	1.30e-05	2.52e-03	9.97e-01	1.15e-04	0.00e+00	2.57e-14	7.70e-14	1.29e-13	1.91e-09	3.94e-09	5.71e-42
 2.57230e+15	3.62e-13	6.84e-09	1.46e-05	2.70e-03	9.97e-01	1.08e-04	0.00e+00	3.05e-14	9.17e-14	1.53e-13	2.24e-09	4.60e-09	1.03e-41
 2.65262e+15	4.32e-13	8.06e-09	1.65e-05	2.90e-03	9.97e-01	1.00e-04	0.00e+00	3.65e-14	1.10e-13	1.83e-13	2.63e-09	5.42e-09	1.93e-41
 2.72494e+15	5.04e-13	9.28e-09	1.84e-05	3.09e-03	9.97e-01	9.42e-05	0.00e+00	4.27e-14	1.28e-13	2.14e-13	3.04e-09	6.24e-09	3.27e-41
 2.80296e+15	5.94e-13	1.08e-08	2.06e-05	3.30e-03	9.97e-01	8.82e-05	0.00e+00	5.03e-14	1.51e-13	2.52e-13	3.53e-09	7.26e-09	5.80e-41
 2.90401e+15	7.28e-13	1.31e-08	2.38e-05	3.58e-03	9.96e-01	8.12e-05	0.00e+00	6.18e-14	1.86e-13	3.10e-13	4.27e-09	8.78e-09	1.20e-40
 3.00594e+15	8.81e-13	1.57e-08	2.73e-05	3.88e-03	9.96e-01	7.50e-05	0.00e+00	7.48e-14	2.25e-13	3.75e-13	5.14e-09	1.05e-08	2.41e-40
 3.08848e+15	1.02e-12	1.81e-08	3.04e-05	4.13e-03	9.96e-01	7.04e-05	0.00e+00	8.72e-14	2.62e-13	4.37e-13	5.92e-09	1.22e-08	4.23e-40
 3.17485e+15	1.20e-12	2.09e-08	3.40e-05	4.40e-03	9.95e-01	6.60e-05	0.00e+00	1.02e-13	3.06e-13	5.11e-13	6.87e-09	1.41e-08	7.58e-40
 3.28714e+15	1.45e-12	2.52e-08	3.91e-05	4.77e-03	9.95e-01	6.09e-05	0.00e+00	1.24e-13	3.72e-13	6.21e-13	8.28e-09	1.70e-08	1.58e-39
 3.40654e+15	1.76e-12	3.05e-08	4.51e-05	5.19e-03	9.95e-01	5.60e-05	0.00e+00	1.50e-13	4.51e-13	7.53e-13	1.00e-08	2.05e-08	3.35e-39
 3.51202e+15	2.07e-12	3.59e-08	5.10e-05	5.57e-03	9.94e-01	5.22e-05	0.00e+00	1.77e-13	5.31e-13	8.87e-13	1.18e-08	2.41e-08	6.36e-39
 3.62597e+15	2.47e-12	4.26e-08	5.79e-05	5.99e-03	9.94e-01	4.85e-05	0.00e+00	2.11e-13	6.34e-13	1.06e-12	1.40e-08	2.86e-08	1.25e-38
 3.76420e+15	3.02e-12	5.21e-08	6.73e-05	6.53e-03	9.93e-01	4.45e-05	0.00e+00	2.59e-13	7.78e-13	1.30e-12	1.71e-08	3.50e-08	2.76e-38
 3.90294e+15	3.65e-12	6.32e-08	7.78e-05	7.11e-03	9.93e-01	4.09e-05	0.00e+00	3.14e-13	9.41e-13	1.57e-12	2.08e-08	4.24e-08	5.84e-38
 4.02772e+15	4.33e-12	7.47e-08	8.81e-05	7.64e-03	9.92e-01	3.80e-05	0.00e+00	3.73e-13	1.12e-12	1.87e-12	2.46e-08	5.01e-08	1.13e-37
 4.16539e+15	5.20e-12	8.96e-08	1.01e-04	8.26e-03	9.92e-01	3.52e-05	0.00e+00	4.48e-13	1.34e-12	2.24e-12	2.95e-08	6.01e-08	2.29e-37
 4.32808e+15	6.33e-12	1.10e-07	1.18e-04	9.02e-03	9.91e-01	3.23e-05	0.00e+00	5.46e-13	1.64e-12	2.74e-12	3.63e-08	7.40e-08	5.15e-37
 4.48806e+15	7.63e-12	1.34e-07	1.36e-04	9.81e-03	9.90e-01	2.97e-05	0.00e+00	6.59e-13	1.98e-12	3.30e-12	4.42e-08	9.00e-08	1.09e-36
 4.63497e+15	9.10e-12	1.59e-07	1.55e-04	1.06e-02	9.89e-01	2.76e-05	0.00e+00	7.87e-13	2.36e-12	3.94e-12	5.25e-08	1.07e-07	2.13e-36
 4.76313e+15	1.03e-11	1.85e-07	1.73e-04	1.13e-02	9.89e-01	2.60e-05	0.00e+00	8.94e-13	2.68e-12	4.48e-12	6.08e-08	1.24e-07	3.73e-36
 4.87240e+15	1.16e-11	2.09e-07	1.89e-04	1.19e-02	9.88e-01	2.47e-05	0.00e+00	1.00e-12	3.02e-12	5.03e-12	6.88e-08	1.40e-07	5.92e-36
 4.99412e+15	1.33e-11	2.39e-07	2.09e-04	1.26e-02	9.87e-01	2.34e-05	0.00e+00	1.15e-12	3.46e-12	5.77e-12	7.87e-08	1.60e-07	9.91e-36
 5.15236e+15	1.58e-11	2.83e-07	2.37e-04	1.35e-02	9.86e-01	2.18e-05	0.00e+00	1.37e-12	4.12e-12	6.88e-12	9.34e-08	1.90e-07	1.90e-35
 5.31653e+15	1.87e-11	3.35e-07	2.69e-04	1.45e-02	9.85e-01	2.04e-05	0.00e+00	1.62e-12	4.87e-12	8.12e-12	1.11e-07	2.25e-07	3.56e-35
 5.45384e+15	2.14e-11	3.85e-07	2.97e-04	1.54e-02	9.84e-01	1.92e-05	0.00e+00	1.86e-12	5.59e-12	9.34e-12	1.27e-07	2.58e-07	5.98e-35
 5.59776e+15	2.49e-11	4.46e-07	3.31e-04	1.63e-02	9.83e-01	1.82e-05	0.00e+00	2.17e-12	6.51e-12	1.09e-11	1.47e-07	2.99e-07	1.03e-34
 5.78485e+15	3.01e-11	5.34e-07	3.78e-04	1.76e-02	9.82e-01	1.69e-05	0.00e+00	2.63e-12	7.88e-12	1.32e-11	1.76e-07	3.58e-07	2.03e-34
 5.97900e+15	3.62e-11	6.41e-07	4.31e-04	1.90e-02	9.81e-01	1.58e-05	0.00e+00	3.16e-12	9.49e-12	1.58e-11	2.12e-07	4.29e-07	3.95e-34
 6.14173e+15	4.17e-11	7.44e-07	4.81e-04	2.03e-02	9.79e-01	1.49e-05	0.00e+00	3.65e-12	1.09e-11	1.83e-11	2.46e-07	4.98e-07	6.78e-34
 6.31270e+15	4.92e-11	8.69e-07	5.38e-04	2.16e-02	9.78e-01	1.41e-05	0.00e+00	4.30e-12	1.29e-11	2.15e-11	2.87e-07	5.82e-07	1.19e-33
 6.53497e+15	6.02e-11	1.06e-06	6.20e-04	2.34e-02	9.76e-01	1.31e-05	0.00e+00	5.28e-12	1.58e-11	2.64e-11	3.49e-07	7.06e-07	2.40e-33
 6.76655e+15	7.34e-11	1.28e-06	7.14e-04	2.54e-02	9.74e-01	1.22e-05	0.00e+00	6.44e-12	1.93e-11	3.23e-11	4.23e-07	8.57e-07	4.76e-33
 6.96229e+15	8.69e-11	1.50e-06	8.02e-04	2.71e-02	9.72e-01	1.15e-05	0.00e+00	7.63e-12	2.29e-11	3.82e-11	4.97e-07	1.01e-06	8.32e-33
 7.16883e+15	1.04e-10	1.78e-06	9.06e-04	2.91e-02	9.70e-01	1.08e-05	0.00e+00	9.16e-12	2.75e-11	4.59e-11	5.88e-07	1.19e-06	1.47e-32
 7.43130e+15	1.29e-10	2.18e-06	1.05e-03	3.16e-02	9.67e-01	1.01e-05	0.00e+00	1.14e-11	3.42e-11	5.70e-11	7.21e-07	1.46e-06	3.01e-32
 7.69691e+15	1.59e-10	2.65e-06	1.21e-03	3.44e-02	9.64e-01	9.42e-06	0.00e+00	1.40e-11	4.21e-11	7.03e-11	8.79e-07	1.78e-06	5.87e-32
 7.92249e+15	1.90e-10	3.13e-06	1.37e-03	3.68e-02	9.62e-01	8.95e-06	0.00e+00	1.68e-11	5.04e-11	8.41e-11	1.04e-06	2.09e-06	1.02e-31
 8.16558e+15	2.32e-10	3.73e-06	1.56e-03	3.96e-02	9.59e-01	8.45e-06	0.00e+00	2.05e-11	6.15e-11	1.03e-10	1.24e-06	2.50e-06	1.84e-31
 8.43878e+15	2.84e-10	4.50e-06	1.79e-03	4.28e-02	9.55e-01	7.95e-06	0.00e+00	2.51e-11	7.53e-11	1.26e-10	1.49e-06	3.01e-06	3.43e-31
 8.69560e+15	3.41e-10	5.34e-06	2.03e-03	4.60e-02	9.52e-01	7.54e-06	0.00e+00	3.02e-11	9.07e-11	1.51e-10	1.77e-06	3.57e-06	5.96e-31
 8.91581e+15	3.98e-10	6.16e-06	2.25e-03	4.88e-02	9.49e-01	7.21e-06	0.00e+00	3.52e-11	1.06e-10	1.76e-10	2.04e-06	4.12e-06	9.38e-31
 9.14395e+15	4.71e-10	7.16e-06	2.51e-03	5.20e-02	9.46e-01	6.90e-06	0.00e+00	4.18e-11	1.25e-10	2.09e-10	2.37e-06	4.78e-06	1.53e-30
 9.39223e+15	5.57e-10	8.35e-06	2.82e-03	5.55e-02	9.42e-01	6.59e-06	0.00e+00	4.94e-11	1.48e-10	2.47e-10	2.77e-06	5.58e-06	2.49e-30
 9.62298e+15	6.54e-10	9.62e-06	3.13e-03	5.89e-02	9.38e-01	6.33e-06	0.00e+00	5.82e-11	1.74e-10	2.91e-10	3.19e-06	6.43e-06	3.87e-30
 9.87926e+15	7.80e-10	1.13e-05	3.52e-03	6.29e-02	9.34e-01	6.06e-06	0.00e+00	6.94e-11	2.08e-10	3.47e-10	3.74e-06	7.53e-06	6.41e-30
 1.01545e+16	9.42e-10	1.33e-05	3.97e-03	6.74e-02	9.29e-01	5.81e-06	0.00e+00	8.39e-11	2.52e-10	4.20e-10	4.40e-06	8.86e-06	1.05e-29
 1.04061e+16	1.11e-09	1.53e-05	4.43e-03	7.16e-02	9.24e-01	5.59e-06	0.00e+00	9.86e-11	2.96e-10	4.93e-10	5.08e-06	1.02e-05	1.62e-29
 1.06851e+16	1.34e-09	1.80e-05	5.00e-03	7.68e-02	9.18e-01	5.36e-06	0.00e+00	1.20e-10	3.59e-10	5.98e-10	5.99e-06	1.21e-05	2.69e-29
 1.09862e+16	1.61e-09	2.13e-05	5.68e-03	8.23e-02	9.12e-01	5.14e-06	0.00e+00	1.44e-10	4.33e-10	7.22e-10	7.08e-06	1.42e-05	4.38e-29
 1.12665e+16	1.93e-09	2.49e-05	6.38e-03	8.80e-02	9.06e-01	4.96e-06	0.00e+00	1.73e-10	5.19e-10	8.66e-10	8.26e-06	1.66e-05	6.91e-29
 1.15810e+16	2.37e-09	2.97e-05	7.29e-03	9.46e-02	8.98e-01	4.76e-06	0.00e+00	2.12e-10	6.36e-10	1.06e-09	9.86e-06	1.98e-05	1.17e-28
 1.19135e+16	2.92e-09	3.54e-05	8.35e-03	1.02e-01	8.90e-01	4.58e-06	0.00e+00	2.61e-10	7.84e-10	1.31e-09	1.18e-05	2.37e-05	1.92e-28
 1.21990e+16	3.48e-09	4.11e-05	9.36e-03	1.09e-01	8.82e-01	4.44e-06	0.00e+00	3.12e-10	9.37e-10	1.56e-09	1.36e-05	2.74e-05	2.91e-28
 1.25000e+16	4.19e-09	4.84e-05	1.06e-02	1.16e-01	8.73e-01	4.28e-06	0.00e+00	3.76e-10	1.13e-09	1.88e-09	1.61e-05	3.23e-05	4.67e-28
 1.28306e+16	5.18e-09	5.76e-05	1.21e-02	1.25e-01	8.63e-01	4.14e-06	0.00e+00	4.66e-10	1.40e-09	2.33e-09	1.91e-05	3.85e-05	7.57e-28
 1.31321e+16	6.17e-09	6.71e-05	1.37e-02	1.34e-01	8.53e-01	4.02e-06	0.00e+00	5.56e-10	1.67e-09	2.78e-09	2.23e-05	4.48e-05	1.14e-27
 1.34135e+16	7.34e-09	7.78e-05	1.54e-02	1.42e-01	8.42e-01	3.91e-06	0.00e+00	6.62e-10	1.98e-09	3.31e-09	2.59e-05	5.19e-05	1.72e-27
 1.37367e+16	9.22e-09	9.30e-05	1.76e-02	1.53e-01	8.30e-01	3.83e-06	0.00e+00	8.32e-10	2.50e-09	4.16e-09	3.09e-05	6.21e-05	2.83e-27
 1.40628e+16	1.11e-08	1.09e-04	2.01e-02	1.64e-01	8.16e-01	3.71e-06	0.00e+00	1.00e-09	3.01e-09	5.02e-09	3.64e-05	7.31e-05	4.32e-27
 1.43247e+16	1.33e-08	1.26e-04	2.24e-02	1.73e-01	8.05e-01	3.64e-06	0.00e+00	1.20e-09	3.61e-09	6.02e-09	4.18e-05	8.39e-05	6.24e-27
 1.45971e+16	1.58e-08	1.46e-04	2.51e-02	1.84e-01	7.91e-01	3.56e-06	0.00e+00	1.43e-09	4.28e-09	7.13e-09	4.86e-05	9.75e-05	9.37e-27
 1.48973e+16	1.95e-08	1.72e-04	2.86e-02	1.96e-01	7.75e-01	3.49e-06	0.00e+00	1.76e-09	5.29e-09	8.82e-09	5.73e-05	1.15e-04	1.47e-26
 1.51637e+16	2.32e-08	1.99e-04	3.21e-02	2.07e-01	7.60e-01	3.44e-06	0.00e+00	2.10e-09	6.31e-09	1.05e-08	6.61e-05	1.33e-04	2.12e-26
 1.53986e+16	2.74e-08	2.26e-04	3.55e-02	2.18e-01	7.46e-01	3.39e-06	0.00e+00	2.48e-09	7.45e-09	1.24e-08	7.53e-05	1.51e-04	2.99e-26
 1.56625e+16	3.27e-08	2.64e-04	4.01e-02	2.31e-01	7.29e-01	3.33e-06	0.00e+00	2.98e-09	8.92e-09	1.49e-08	8.77e-05	1.76e-04	4.49e-26
 1.59465e+16	4.04e-08	3.11e-04	4.57e-02	2.46e-01	7.08e-01	3.28e-06	0.00e+00	3.68e-09	1.10e-08	1.84e-08	1.04e-04	2.08e-04	7.03e-26
 1.61919e+16	4.86e-08	3.59e-04	5.12e-02	2.59e-01	6.90e-01	3.26e-06	0.00e+00	4.42e-09	1.33e-08	2.21e-08	1.20e-04	2.40e-04	1.02e-25
 1.64086e+16	5.66e-08	4.08e-04	5.67e-02	2.71e-01	6.72e-01	3.23e-06	0.00e+00	5.16e-09	1.55e-08	2.58e-08	1.36e-04	2.72e-04	1.41e-25
 1.66529e+16	6.96e-08	4.79e-04	6.41e-02	2.87e-01	6.49e-01	3.20e-06	0.00e+00	6.35e-09	1.90e-08	3.17e-08	1.60e-04	3.20e-04	2.24e-25
 1.69090e+16	8.44e-08	5.59e-04	7.26e-02	3.03e-01	6.24e-01	3.17e-06	0.00e+00	7.70e-09	2.31e-08	3.85e-08	1.86e-04	3.73e-04	3.31e-25
