#depth	He	He+	He+2
 1.49634e+10	1.50e-22	8.98e-12	1.00e+00
 4.54887e+10	1.70e-22	9.73e-12	1.00e+00
 7.72350e+10	1.92e-22	1.06e-11	1.00e+00
 1.10251e+11	2.18e-22	1.15e-11	1.00e+00
 1.43588e+11	2.46e-22	1.24e-11	1.00e+00
 1.78258e+11	2.79e-22	1.34e-11	1.00e+00
 2.15316e+11	3.17e-22	1.46e-11	1.00e+00
 2.53855e+11	3.61e-22	1.58e-11	1.00e+00
 2.93936e+11	4.12e-22	1.72e-11	1.00e+00
 3.35620e+11	4.71e-22	1.87e-11	1.00e+00
 3.78972e+11	5.39e-22	2.03e-11	1.00e+00
 4.24057e+11	6.18e-22	2.21e-11	1.00e+00
 4.70947e+11	7.09e-22	2.40e-11	1.00e+00
 5.14979e+11	8.04e-22	2.59e-11	1.00e+00
 5.54267e+11	8.96e-22	2.77e-11	1.00e+00
 5.98334e+11	1.01e-21	2.98e-11	1.00e+00
 6.50670e+11	1.16e-21	3.23e-11	1.00e+00
 7.03322e+11	1.33e-21	3.51e-11	1.00e+00
 7.52609e+11	1.50e-21	3.77e-11	1.00e+00
 8.07171e+11	1.71e-21	4.08e-11	1.00e+00
 8.69384e+11	1.98e-21	4.45e-11	1.00e+00
 9.31303e+11	2.27e-21	4.84e-11	1.00e+00
 9.95698e+11	2.61e-21	5.27e-11	1.00e+00
 1.06545e+12	3.03e-21	5.76e-11	1.00e+00
 1.13652e+12	3.51e-21	6.28e-11	1.00e+00
 1.20280e+12	4.00e-21	6.79e-11	1.00e+00
 1.26400e+12	4.50e-21	7.29e-11	1.00e+00
 1.33398e+12	5.12e-21	7.89e-11	1.00e+00
 1.41596e+12	5.94e-21	8.63e-11	1.00e+00
 1.49714e+12	6.85e-21	9.40e-11	1.00e+00
 1.57327e+12	7.77e-21	1.02e-10	1.00e+00
 1.65783e+12	8.90e-21	1.11e-10	1.00e+00
 1.75407e+12	1.04e-20	1.21e-10	1.00e+00
 1.84906e+12	1.19e-20	1.33e-10	1.00e+00
 1.94784e+12	1.38e-20	1.45e-10	1.00e+00
 2.05568e+12	1.60e-20	1.60e-10	1.00e+00
 2.16432e+12	1.85e-20	1.75e-10	1.00e+00
 2.27731e+12	2.13e-20	1.93e-10	1.00e+00
 2.39380e+12	2.45e-20	2.11e-10	1.00e+00
 2.50771e+12	2.80e-20	2.31e-10	1.00e+00
 2.63070e+12	3.21e-20	2.54e-10	1.00e+00
 2.76585e+12	3.70e-20	2.80e-10	1.00e+00
 2.90641e+12	4.27e-20	3.09e-10	1.00e+00
 3.05260e+12	4.91e-20	3.42e-10	1.00e+00
 3.20463e+12	5.65e-20	3.78e-10	1.00e+00
 3.34193e+12	6.37e-20	4.13e-10	1.00e+00
 3.45600e+12	7.00e-20	4.44e-10	1.00e+00
 3.58082e+12	7.73e-20	4.79e-10	1.00e+00
 3.73937e+12	8.73e-20	5.27e-10	1.00e+00
 3.90498e+12	9.88e-20	5.79e-10	1.00e+00
 4.05131e+12	1.09e-19	6.29e-10	1.00e+00
 4.18688e+12	1.20e-19	6.77e-10	1.00e+00
 4.34067e+12	1.32e-19	7.34e-10	1.00e+00
 4.53111e+12	1.49e-19	8.09e-10	1.00e+00
 4.72120e+12	1.67e-19	8.88e-10	1.00e+00
 4.88439e+12	1.84e-19	9.60e-10	1.00e+00
 5.06063e+12	2.02e-19	1.04e-09	1.00e+00
 5.27841e+12	2.27e-19	1.15e-09	1.00e+00
 5.50212e+12	2.54e-19	1.26e-09	1.00e+00
 5.70482e+12	2.81e-19	1.37e-09	1.00e+00
 5.92828e+12	3.13e-19	1.50e-09	1.00e+00
 6.19064e+12	3.55e-19	1.66e-09	1.00e+00
 6.45256e+12	4.01e-19	1.83e-09	1.00e+00
 6.70215e+12	4.49e-19	2.00e-09	1.00e+00
 6.97734e+12	5.08e-19	2.19e-09	1.00e+00
 7.28636e+12	5.82e-19	2.42e-09	1.00e+00
 7.56463e+12	6.56e-19	2.64e-09	1.00e+00
 7.79462e+12	7.24e-19	2.83e-09	1.00e+00
 8.04593e+12	8.05e-19	3.05e-09	1.00e+00
 8.36669e+12	9.21e-19	3.33e-09	1.00e+00
 8.69046e+12	1.05e-18	3.64e-09	1.00e+00
 8.95877e+12	1.17e-18	3.90e-09	1.00e+00
 9.24228e+12	1.31e-18	4.19e-09	1.00e+00
 9.60553e+12	1.52e-18	4.58e-09	1.00e+00
 9.98612e+12	1.76e-18	5.00e-09	1.00e+00
 1.03200e+13	1.99e-18	5.39e-09	1.00e+00
 1.06796e+13	2.27e-18	5.83e-09	1.00e+00
 1.10780e+13	2.63e-18	6.34e-09	1.00e+00
 1.14474e+13	3.00e-18	6.83e-09	1.00e+00
 1.18478e+13	3.44e-18	7.38e-09	1.00e+00
 1.22930e+13	4.00e-18	8.03e-09	1.00e+00
 1.27080e+13	4.59e-18	8.65e-09	1.00e+00
 1.31592e+13	5.30e-18	9.36e-09	1.00e+00
 1.36611e+13	6.20e-18	1.02e-08	1.00e+00
 1.41301e+13	7.14e-18	1.10e-08	1.00e+00
 1.46411e+13	8.29e-18	1.19e-08	1.00e+00
 1.52116e+13	9.76e-18	1.30e-08	1.00e+00
 1.57480e+13	1.13e-17	1.40e-08	1.00e+00
 1.63342e+13	1.32e-17	1.52e-08	1.00e+00
 1.69904e+13	1.56e-17	1.66e-08	1.00e+00
 1.76117e+13	1.82e-17	1.80e-08	1.00e+00
 1.82812e+13	2.14e-17	1.95e-08	1.00e+00
 1.90424e+13	2.54e-17	2.13e-08	1.00e+00
 1.97903e+13	3.01e-17	2.32e-08	1.00e+00
 2.05681e+13	3.53e-17	2.52e-08	1.00e+00
 2.14207e+13	4.20e-17	2.76e-08	1.00e+00
 2.22885e+13	4.97e-17	3.00e-08	1.00e+00
 2.31910e+13	5.89e-17	3.27e-08	1.00e+00
 2.40703e+13	6.90e-17	3.54e-08	1.00e+00
 2.48691e+13	7.92e-17	3.80e-08	1.00e+00
 2.56114e+13	8.96e-17	4.05e-08	1.00e+00
 2.64246e+13	1.02e-16	4.32e-08	1.00e+00
 2.73413e+13	1.18e-16	4.64e-08	1.00e+00
 2.82199e+13	1.34e-16	4.96e-08	1.00e+00
 2.91896e+13	1.55e-16	5.33e-08	1.00e+00
 3.02467e+13	1.79e-16	5.74e-08	1.00e+00
 3.12056e+13	2.04e-16	6.13e-08	1.00e+00
 3.22404e+13	2.33e-16	6.55e-08	1.00e+00
 3.34065e+13	2.70e-16	7.05e-08	1.00e+00
 3.45193e+13	3.08e-16	7.54e-08	1.00e+00
 3.57419e+13	3.55e-16	8.10e-08	1.00e+00
 3.70889e+13	4.13e-16	8.74e-08	1.00e+00
 3.83338e+13	4.72e-16	9.34e-08	1.00e+00
 3.96886e+13	5.42e-16	1.00e-07	1.00e+00
 4.12129e+13	6.30e-16	1.08e-07	1.00e+00
 4.26673e+13	7.24e-16	1.16e-07	1.00e+00
 4.42452e+13	8.36e-16	1.25e-07	1.00e+00
 4.59935e+13	9.75e-16	1.35e-07	1.00e+00
 4.76660e+13	1.12e-15	1.45e-07	1.00e+00
 4.94568e+13	1.30e-15	1.56e-07	1.00e+00
 5.14650e+13	1.51e-15	1.68e-07	1.00e+00
 5.34753e+13	1.76e-15	1.82e-07	1.00e+00
 5.55660e+13	2.04e-15	1.96e-07	1.00e+00
 5.78186e+13	2.38e-15	2.12e-07	1.00e+00
 6.01613e+13	2.78e-15	2.29e-07	1.00e+00
 6.25977e+13	3.24e-15	2.47e-07	1.00e+00
 6.49634e+13	3.74e-15	2.66e-07	1.00e+00
 6.71951e+13	4.27e-15	2.85e-07	1.00e+00
 6.92777e+13	4.80e-15	3.02e-07	1.00e+00
 7.15191e+13	5.42e-15	3.21e-07	1.00e+00
 7.40506e+13	6.20e-15	3.44e-07	1.00e+00
 7.64801e+13	7.03e-15	3.66e-07	1.00e+00
 7.91592e+13	8.02e-15	3.92e-07	1.00e+00
 8.21494e+13	9.24e-15	4.21e-07	1.00e+00
 8.49775e+13	1.05e-14	4.50e-07	1.00e+00
 8.80710e+13	1.21e-14	4.84e-07	1.00e+00
 9.15449e+13	1.40e-14	5.21e-07	1.00e+00
 9.49180e+13	1.62e-14	5.61e-07	1.00e+00
 9.85050e+13	1.86e-14	6.03e-07	1.00e+00
 1.02153e+14	2.15e-14	6.49e-07	1.00e+00
 1.05374e+14	2.42e-14	6.90e-07	1.00e+00
 1.08866e+14	2.75e-14	7.37e-07	1.00e+00
 1.13071e+14	3.18e-14	7.95e-07	1.00e+00
 1.17246e+14	3.66e-14	8.56e-07	1.00e+00
 1.20972e+14	4.13e-14	9.11e-07	1.00e+00
 1.25072e+14	4.70e-14	9.75e-07	1.00e+00
 1.29952e+14	5.44e-14	1.05e-06	1.00e+00
 1.34792e+14	6.28e-14	1.14e-06	1.00e+00
 1.39201e+14	7.10e-14	1.21e-06	1.00e+00
 1.44107e+14	8.12e-14	1.30e-06	1.00e+00
 1.49831e+14	9.43e-14	1.41e-06	1.00e+00
 1.55468e+14	1.09e-13	1.52e-06	1.00e+00
 1.60773e+14	1.23e-13	1.62e-06	1.00e+00
 1.66677e+14	1.42e-13	1.75e-06	1.00e+00
 1.73374e+14	1.64e-13	1.89e-06	1.00e+00
 1.80055e+14	1.90e-13	2.04e-06	1.00e+00
 1.86282e+14	2.15e-13	2.19e-06	1.00e+00
 1.93042e+14	2.46e-13	2.35e-06	1.00e+00
 2.00622e+14	2.84e-13	2.54e-06	1.00e+00
 2.07700e+14	3.23e-13	2.73e-06	1.00e+00
 2.14240e+14	3.62e-13	2.91e-06	1.00e+00
 2.20510e+14	4.03e-13	3.08e-06	1.00e+00
 2.27472e+14	4.52e-13	3.28e-06	1.00e+00
 2.35173e+14	5.09e-13	3.51e-06	1.00e+00
 2.42327e+14	5.68e-13	3.73e-06	1.00e+00
 2.50122e+14	6.37e-13	3.98e-06	1.00e+00
 2.58870e+14	7.22e-13	4.27e-06	1.00e+00
 2.67225e+14	8.09e-13	4.55e-06	1.00e+00
 2.76455e+14	9.12e-13	4.88e-06	1.00e+00
 2.86648e+14	1.04e-12	5.25e-06	1.00e+00
 2.96068e+14	1.16e-12	5.61e-06	1.00e+00
 3.06288e+14	1.31e-12	6.01e-06	1.00e+00
 3.17687e+14	1.50e-12	6.48e-06	1.00e+00
 3.28352e+14	1.68e-12	6.92e-06	1.00e+00
 3.39952e+14	1.90e-12	7.44e-06	1.00e+00
 3.52845e+14	2.16e-12	8.02e-06	1.00e+00
 3.64927e+14	2.44e-12	8.61e-06	1.00e+00
 3.78101e+14	2.75e-12	9.26e-06	1.00e+00
 3.92787e+14	3.15e-12	1.00e-05	1.00e+00
 4.06618e+14	3.55e-12	1.08e-05	1.00e+00
 4.21470e+14	4.02e-12	1.16e-05	1.00e+00
 4.38359e+14	4.60e-12	1.26e-05	1.00e+00
 4.54924e+14	5.24e-12	1.36e-05	1.00e+00
 4.70750e+14	5.90e-12	1.46e-05	1.00e+00
 4.88208e+14	6.73e-12	1.58e-05	1.00e+00
 5.07766e+14	7.70e-12	1.72e-05	1.00e+00
 5.24384e+14	8.64e-12	1.84e-05	1.00e+00
 5.36555e+14	9.37e-12	1.93e-05	1.00e+00
 5.49258e+14	1.02e-11	2.03e-05	1.00e+00
 5.65773e+14	1.13e-11	2.17e-05	1.00e+00
 5.84010e+14	1.27e-11	2.32e-05	1.00e+00
 6.00948e+14	1.40e-11	2.47e-05	1.00e+00
 6.19434e+14	1.57e-11	2.64e-05	1.00e+00
 6.40100e+14	1.77e-11	2.84e-05	1.00e+00
 6.59667e+14	1.96e-11	3.03e-05	1.00e+00
 6.81168e+14	2.22e-11	3.26e-05	1.00e+00
 7.05128e+14	2.51e-11	3.51e-05	1.00e+00
 7.27853e+14	2.84e-11	3.78e-05	1.00e+00
 7.52962e+14	3.20e-11	4.07e-05	1.00e+00
 7.80767e+14	3.68e-11	4.42e-05	1.00e+00
 8.06422e+14	4.14e-11	4.75e-05	1.00e+00
 8.34120e+14	4.73e-11	5.13e-05	1.00e+00
 8.65044e+14	5.44e-11	5.58e-05	1.00e+00
 8.94024e+14	6.11e-11	6.00e-05	1.00e+00
 9.25563e+14	7.03e-11	6.50e-05	1.00e+00
 9.60679e+14	8.13e-11	7.07e-05	1.00e+00
 9.93532e+14	9.16e-11	7.62e-05	1.00e+00
 1.02929e+15	1.06e-10	8.27e-05	1.00e+00
 1.06933e+15	1.23e-10	9.02e-05	1.00e+00
 1.10728e+15	1.40e-10	9.76e-05	1.00e+00
 1.14793e+15	1.62e-10	1.06e-04	1.00e+00
 1.19388e+15	1.89e-10	1.16e-04	1.00e+00
 1.23914e+15	2.18e-10	1.26e-04	1.00e+00
 1.27595e+15	2.45e-10	1.35e-04	1.00e+00
 1.30457e+15	2.68e-10	1.42e-04	1.00e+00
 1.33594e+15	2.94e-10	1.50e-04	1.00e+00
 1.37673e+15	3.32e-10	1.60e-04	1.00e+00
 1.42083e+15	3.72e-10	1.72e-04	1.00e+00
 1.46065e+15	4.20e-10	1.83e-04	1.00e+00
 1.50383e+15	4.70e-10	1.95e-04	1.00e+00
 1.55881e+15	5.45e-10	2.12e-04	1.00e+00
 1.61410e+15	6.17e-10	2.29e-04	1.00e+00
 1.66025e+15	6.93e-10	2.44e-04	1.00e+00
 1.70958e+15	7.80e-10	2.61e-04	1.00e+00
 1.77222e+15	9.10e-10	2.83e-04	1.00e+00
 1.83801e+15	1.04e-09	3.06e-04	1.00e+00
 1.89684e+15	1.18e-09	3.29e-04	1.00e+00
 1.96081e+15	1.35e-09	3.54e-04	1.00e+00
 2.03692e+15	1.61e-09	3.86e-04	1.00e+00
 2.11198e+15	1.85e-09	4.18e-04	1.00e+00
 2.18010e+15	2.11e-09	4.49e-04	1.00e+00
 2.25604e+15	2.40e-09	4.84e-04	1.00e+00
 2.34495e+15	2.84e-09	5.28e-04	9.99e-01
 2.43270e+15	3.30e-09	5.72e-04	9.99e-01
 2.51535e+15	3.79e-09	6.16e-04	9.99e-01
 2.60739e+15	4.34e-09	6.66e-04	9.99e-01
 2.71172e+15	5.20e-09	7.27e-04	9.99e-01
 2.79907e+15	5.92e-09	7.80e-04	9.99e-01
 2.86162e+15	6.49e-09	8.18e-04	9.99e-01
 2.92692e+15	7.12e-09	8.60e-04	9.99e-01
 3.01182e+15	7.89e-09	9.15e-04	9.99e-01
 3.10668e+15	9.12e-09	9.80e-04	9.99e-01
 3.19545e+15	1.01e-08	1.04e-03	9.99e-01
 3.29179e+15	1.16e-08	1.11e-03	9.99e-01
 3.39940e+15	1.32e-08	1.19e-03	9.99e-01
 3.50110e+15	1.47e-08	1.27e-03	9.99e-01
 3.61277e+15	1.68e-08	1.36e-03	9.99e-01
 3.73784e+15	1.97e-08	1.47e-03	9.99e-01
 3.85592e+15	2.24e-08	1.57e-03	9.98e-01
 3.98500e+15	2.55e-08	1.69e-03	9.98e-01
 4.12806e+15	2.92e-08	1.82e-03	9.98e-01
 4.26121e+15	3.40e-08	1.96e-03	9.98e-01
 4.40623e+15	3.89e-08	2.11e-03	9.98e-01
 4.56650e+15	4.46e-08	2.28e-03	9.98e-01
 4.71587e+15	5.11e-08	2.45e-03	9.98e-01
 4.87930e+15	6.03e-08	2.64e-03	9.97e-01
 5.05898e+15	6.97e-08	2.86e-03	9.97e-01
 5.22661e+15	7.91e-08	3.08e-03	9.97e-01
 5.38399e+15	8.99e-08	3.29e-03	9.97e-01
 5.56122e+15	1.05e-07	3.54e-03	9.96e-01
 5.75551e+15	1.21e-07	3.83e-03	9.96e-01
 5.93552e+15	1.37e-07	4.11e-03	9.96e-01
 6.09673e+15	1.54e-07	4.37e-03	9.96e-01
 6.24525e+15	1.72e-07	4.63e-03	9.95e-01
 6.41362e+15	1.93e-07	4.93e-03	9.95e-01
 6.60079e+15	2.19e-07	5.28e-03	9.95e-01
 6.77743e+15	2.51e-07	5.63e-03	9.94e-01
 6.94059e+15	2.77e-07	5.96e-03	9.94e-01
 7.12118e+15	3.09e-07	6.35e-03	9.94e-01
 7.35595e+15	3.65e-07	6.91e-03	9.93e-01
 7.58808e+15	4.13e-07	7.46e-03	9.93e-01
 7.77137e+15	4.71e-07	7.95e-03	9.92e-01
 7.96426e+15	5.31e-07	8.49e-03	9.92e-01
 8.21502e+15	6.06e-07	9.24e-03	9.91e-01
 8.47316e+15	7.24e-07	1.01e-02	9.90e-01
 8.68280e+15	8.16e-07	1.08e-02	9.89e-01
 8.86866e+15	9.11e-07	1.15e-02	9.88e-01
 9.08171e+15	1.04e-06	1.24e-02	9.88e-01
 9.31809e+15	1.17e-06	1.34e-02	9.87e-01
 9.53975e+15	1.36e-06	1.45e-02	9.85e-01
 9.74262e+15	1.54e-06	1.56e-02	9.84e-01
 9.96611e+15	1.73e-06	1.69e-02	9.83e-01
 1.02108e+16	2.06e-06	1.86e-02	9.81e-01
 1.04225e+16	2.33e-06	2.01e-02	9.80e-01
 1.06087e+16	2.60e-06	2.16e-02	9.78e-01
 1.08224e+16	2.99e-06	2.36e-02	9.76e-01
 1.10546e+16	3.60e-06	2.61e-02	9.74e-01
 1.12533e+16	4.13e-06	2.84e-02	9.72e-01
 1.14264e+16	4.69e-06	3.08e-02	9.69e-01
 1.15916e+16	5.31e-06	3.33e-02	9.67e-01
 1.17474e+16	5.95e-06	3.60e-02	9.64e-01
 1.19233e+16	6.79e-06	3.95e-02	9.61e-01
 1.21219e+16	8.15e-06	4.41e-02	9.56e-01
 1.23011e+16	9.43e-06	4.89e-02	9.51e-01
 1.24570e+16	1.11e-05	5.39e-02	9.46e-01
 1.26047e+16	1.27e-05	5.94e-02	9.41e-01
 1.27698e+16	1.51e-05	6.68e-02	9.33e-01
 1.29432e+16	1.82e-05	7.60e-02	9.24e-01
 1.30852e+16	2.23e-05	8.52e-02	9.15e-01
 1.31940e+16	2.55e-05	9.35e-02	9.06e-01
 1.32866e+16	2.89e-05	1.02e-01	8.98e-01
 1.33925e+16	3.29e-05	1.13e-01	8.87e-01
 1.35301e+16	4.11e-05	1.30e-01	8.70e-01
 1.36514e+16	4.96e-05	1.48e-01	8.52e-01
 1.37176e+16	5.56e-05	1.59e-01	8.41e-01
 1.37602e+16	5.97e-05	1.68e-01	8.32e-01
 1.38060e+16	6.47e-05	1.77e-01	8.23e-01
 1.38654e+16	7.22e-05	1.91e-01	8.09e-01
 1.39314e+16	8.16e-05	2.08e-01	7.92e-01
 1.39913e+16	9.06e-05	2.25e-01	7.75e-01
 1.40545e+16	1.03e-04	2.46e-01	7.54e-01
 1.41199e+16	1.17e-04	2.69e-01	7.31e-01
 1.41727e+16	1.32e-04	2.90e-01	7.10e-01
 1.42144e+16	1.44e-04	3.08e-01	6.92e-01
 1.42568e+16	1.57e-04	3.28e-01	6.72e-01
 1.43119e+16	1.78e-04	3.55e-01	6.45e-01
 1.43662e+16	1.99e-04	3.84e-01	6.16e-01
 1.44117e+16	2.19e-04	4.10e-01	5.90e-01
 1.44633e+16	2.45e-04	4.41e-01	5.59e-01
 1.45198e+16	2.75e-04	4.76e-01	5.23e-01
 1.45722e+16	3.06e-04	5.11e-01	4.89e-01
 1.46223e+16	3.37e-04	5.44e-01	4.56e-01
 1.46799e+16	3.77e-04	5.83e-01	4.17e-01
 1.47433e+16	4.20e-04	6.24e-01	3.75e-01
 1.48029e+16	4.64e-04	6.62e-01	3.37e-01
 1.48694e+16	5.15e-04	7.03e-01	2.96e-01
 1.49442e+16	5.71e-04	7.45e-01	2.54e-01
 1.50179e+16	6.26e-04	7.81e-01	2.18e-01
 1.51019e+16	6.89e-04	8.18e-01	1.81e-01
 1.52111e+16	7.67e-04	8.57e-01	1.42e-01
 1.53047e+16	8.26e-04	8.82e-01	1.17e-01
 1.53584e+16	8.61e-04	8.95e-01	1.05e-01
 1.54085e+16	8.93e-04	9.05e-01	9.37e-02
 1.54737e+16	9.34e-04	9.18e-01	8.15e-02
 1.55585e+16	9.89e-04	9.31e-01	6.81e-02
 1.56479e+16	1.04e-03	9.42e-01	5.72e-02
 1.57244e+16	1.09e-03	9.49e-01	4.95e-02
 1.58050e+16	1.14e-03	9.57e-01	4.23e-02
 1.58949e+16	1.20e-03	9.63e-01	3.59e-02
 1.59722e+16	1.25e-03	9.67e-01	3.15e-02
 1.60329e+16	1.30e-03	9.70e-01	2.84e-02
 1.60970e+16	1.34e-03	9.73e-01	2.54e-02
 1.61804e+16	1.41e-03	9.77e-01	2.20e-02
 1.62631e+16	1.48e-03	9.79e-01	1.94e-02
 1.63247e+16	1.54e-03	9.81e-01	1.77e-02
 1.63764e+16	1.59e-03	9.82e-01	1.63e-02
 1.64354e+16	1.65e-03	9.83e-01	1.49e-02
 1.65021e+16	1.73e-03	9.85e-01	1.35e-02
 1.65646e+16	1.80e-03	9.86e-01	1.24e-02
 1.66197e+16	1.88e-03	9.87e-01	1.14e-02
 1.66793e+16	1.96e-03	9.88e-01	1.05e-02
 1.67435e+16	2.06e-03	9.88e-01	9.61e-03
 1.67994e+16	2.15e-03	9.89e-01	8.94e-03
 1.68480e+16	2.25e-03	9.89e-01	8.37e-03
 1.69017e+16	2.35e-03	9.90e-01	7.78e-03
 1.69609e+16	2.48e-03	9.90e-01	7.21e-03
 1.70135e+16	2.61e-03	9.91e-01	6.75e-03
 1.70589e+16	2.73e-03	9.91e-01	6.37e-03
 1.71088e+16	2.87e-03	9.91e-01	5.97e-03
 1.71638e+16	3.04e-03	9.91e-01	5.58e-03
 1.72129e+16	3.21e-03	9.92e-01	5.26e-03
 1.72560e+16	3.38e-03	9.92e-01	5.00e-03
 1.73038e+16	3.58e-03	9.92e-01	4.72e-03
 1.73561e+16	3.83e-03	9.92e-01	4.43e-03
 1.74032e+16	4.08e-03	9.92e-01	4.20e-03
 1.74456e+16	4.33e-03	9.92e-01	4.00e-03
 1.74930e+16	4.65e-03	9.92e-01	3.78e-03
 1.75456e+16	5.04e-03	9.91e-01	3.56e-03
 1.75940e+16	5.47e-03	9.91e-01	3.37e-03
 1.76375e+16	5.92e-03	9.91e-01	3.21e-03
 1.76857e+16	6.48e-03	9.90e-01	3.04e-03
 1.77372e+16	7.20e-03	9.90e-01	2.88e-03
 1.77804e+16	7.92e-03	9.89e-01	2.75e-03
 1.78165e+16	8.63e-03	9.89e-01	2.65e-03
 1.78491e+16	9.36e-03	9.88e-01	2.56e-03
 1.78794e+16	1.01e-02	9.87e-01	2.50e-03
 1.79136e+16	1.11e-02	9.86e-01	2.41e-03
 1.79490e+16	1.24e-02	9.85e-01	2.33e-03
 1.79773e+16	1.36e-02	9.84e-01	2.26e-03
 1.80001e+16	1.47e-02	9.83e-01	2.22e-03
 1.80245e+16	1.61e-02	9.82e-01	2.17e-03
 1.80518e+16	1.78e-02	9.80e-01	2.12e-03
 1.80765e+16	1.97e-02	9.78e-01	2.08e-03
 1.80978e+16	2.17e-02	9.76e-01	2.05e-03
 1.81175e+16	2.36e-02	9.74e-01	2.03e-03
 1.81400e+16	2.63e-02	9.72e-01	2.00e-03
 1.81643e+16	2.98e-02	9.68e-01	1.98e-03
 1.81850e+16	3.34e-02	9.65e-01	1.96e-03
 1.82024e+16	3.69e-02	9.61e-01	1.96e-03
 1.82215e+16	4.14e-02	9.57e-01	1.95e-03
 1.82421e+16	4.71e-02	9.51e-01	1.96e-03
 1.82597e+16	5.30e-02	9.45e-01	1.96e-03
 1.82744e+16	5.87e-02	9.39e-01	1.98e-03
 1.82895e+16	6.55e-02	9.32e-01	2.00e-03
 1.83054e+16	7.38e-02	9.24e-01	2.02e-03
 1.83201e+16	8.27e-02	9.15e-01	2.05e-03
 1.83329e+16	9.18e-02	9.06e-01	2.08e-03
 1.83444e+16	1.01e-01	8.97e-01	2.12e-03
 1.83550e+16	1.10e-01	8.88e-01	2.15e-03
 1.83648e+16	1.20e-01	8.78e-01	2.18e-03
 1.83726e+16	1.28e-01	8.70e-01	2.21e-03
 1.83777e+16	1.34e-01	8.64e-01	2.23e-03
 1.83822e+16	1.39e-01	8.58e-01	2.25e-03
 1.83874e+16	1.46e-01	8.51e-01	2.27e-03
 1.83932e+16	1.54e-01	8.44e-01	2.29e-03
 1.83987e+16	1.62e-01	8.35e-01	2.32e-03
 1.84040e+16	1.70e-01	8.28e-01	2.35e-03
 1.84091e+16	1.78e-01	8.19e-01	2.37e-03
 1.84143e+16	1.87e-01	8.10e-01	2.39e-03
 1.84194e+16	1.96e-01	8.01e-01	2.41e-03
 1.84245e+16	2.06e-01	7.92e-01	2.44e-03
 1.84295e+16	2.16e-01	7.82e-01	2.47e-03
 1.84345e+16	2.26e-01	7.71e-01	2.49e-03
 1.84394e+16	2.37e-01	7.60e-01	2.51e-03
 1.84443e+16	2.48e-01	7.49e-01	2.54e-03
 1.84491e+16	2.60e-01	7.38e-01	2.56e-03
 1.84539e+16	2.72e-01	7.26e-01	2.58e-03
 1.84587e+16	2.84e-01	7.13e-01	2.60e-03
 1.84633e+16	2.97e-01	7.00e-01	2.62e-03
 1.84679e+16	3.10e-01	6.87e-01	2.64e-03
 1.84725e+16	3.24e-01	6.74e-01	2.66e-03
 1.84771e+16	3.38e-01	6.60e-01	2.68e-03
 1.84816e+16	3.52e-01	6.45e-01	2.69e-03
 1.84860e+16	3.67e-01	6.31e-01	2.71e-03
 1.84904e+16	3.81e-01	6.16e-01	2.72e-03
 1.84948e+16	3.96e-01	6.01e-01	2.73e-03
 1.84991e+16	4.12e-01	5.85e-01	2.74e-03
 1.85034e+16	4.28e-01	5.70e-01	2.74e-03
 1.85076e+16	4.43e-01	5.54e-01	2.75e-03
 1.85118e+16	4.59e-01	5.38e-01	2.75e-03
 1.85159e+16	4.75e-01	5.22e-01	2.75e-03
 1.85200e+16	4.91e-01	5.06e-01	2.75e-03
 1.85240e+16	5.07e-01	4.90e-01	2.74e-03
 1.85279e+16	5.23e-01	4.75e-01	2.73e-03
 1.85318e+16	5.38e-01	4.59e-01	2.73e-03
 1.85355e+16	5.53e-01	4.44e-01	2.71e-03
 1.85392e+16	5.68e-01	4.29e-01	2.70e-03
 1.85429e+16	5.83e-01	4.14e-01	2.68e-03
 1.85465e+16	5.97e-01	4.00e-01	2.66e-03
 1.85500e+16	6.12e-01	3.86e-01	2.63e-03
 1.85535e+16	6.26e-01	3.72e-01	2.61e-03
 1.85570e+16	6.40e-01	3.58e-01	2.58e-03
 1.85604e+16	6.53e-01	3.45e-01	2.55e-03
 1.85638e+16	6.66e-01	3.31e-01	2.52e-03
 1.85672e+16	6.79e-01	3.19e-01	2.49e-03
 1.85705e+16	6.91e-01	3.07e-01	2.45e-03
 1.85738e+16	7.03e-01	2.94e-01	2.41e-03
 1.85771e+16	7.15e-01	2.83e-01	2.37e-03
 1.85804e+16	7.27e-01	2.71e-01	2.33e-03
 1.85837e+16	7.38e-01	2.60e-01	2.29e-03
 1.85870e+16	7.49e-01	2.49e-01	2.24e-03
 1.85903e+16	7.59e-01	2.38e-01	2.20e-03
 1.85933e+16	7.68e-01	2.30e-01	2.15e-03
 1.85956e+16	7.75e-01	2.23e-01	2.12e-03
 1.85978e+16	7.82e-01	2.16e-01	2.08e-03
 1.86001e+16	7.89e-01	2.09e-01	2.04e-03
 1.86024e+16	7.95e-01	2.03e-01	2.00e-03
 1.86047e+16	8.01e-01	1.97e-01	1.97e-03
 1.86068e+16	8.07e-01	1.91e-01	1.93e-03
 1.86090e+16	8.13e-01	1.85e-01	1.90e-03
 1.86111e+16	8.18e-01	1.80e-01	1.86e-03
 1.86131e+16	8.23e-01	1.75e-01	1.83e-03
 1.86151e+16	8.28e-01	1.71e-01	1.80e-03
 1.86170e+16	8.32e-01	1.66e-01	1.77e-03
 1.86190e+16	8.36e-01	1.62e-01	1.74e-03
 1.86209e+16	8.41e-01	1.58e-01	1.70e-03
 1.86228e+16	8.45e-01	1.54e-01	1.67e-03
 1.86247e+16	8.48e-01	1.50e-01	1.64e-03
 1.86265e+16	8.52e-01	1.46e-01	1.61e-03
 1.86284e+16	8.55e-01	1.43e-01	1.59e-03
 1.86303e+16	8.59e-01	1.39e-01	1.56e-03
 1.86322e+16	8.62e-01	1.36e-01	1.53e-03
 1.86340e+16	8.65e-01	1.33e-01	1.50e-03
 1.86359e+16	8.69e-01	1.30e-01	1.47e-03
 1.86378e+16	8.72e-01	1.27e-01	1.45e-03
 1.86398e+16	8.75e-01	1.24e-01	1.42e-03
 1.86418e+16	8.78e-01	1.21e-01	1.39e-03
 1.86438e+16	8.80e-01	1.18e-01	1.37e-03
 1.86459e+16	8.83e-01	1.15e-01	1.34e-03
 1.86481e+16	8.86e-01	1.13e-01	1.31e-03
 1.86503e+16	8.89e-01	1.10e-01	1.28e-03
 1.86527e+16	8.92e-01	1.07e-01	1.25e-03
 1.86553e+16	8.95e-01	1.04e-01	1.22e-03
 1.86582e+16	8.98e-01	1.01e-01	1.19e-03
 1.86614e+16	9.01e-01	9.80e-02	1.16e-03
 1.86650e+16	9.04e-01	9.48e-02	1.12e-03
 1.86693e+16	9.08e-01	9.13e-02	1.09e-03
 1.86743e+16	9.11e-01	8.77e-02	1.05e-03
 1.86795e+16	9.15e-01	8.44e-02	1.01e-03
 1.86849e+16	9.18e-01	8.14e-02	9.70e-04
 1.86906e+16	9.20e-01	7.86e-02	9.34e-04
 1.86962e+16	9.23e-01	7.62e-02	9.04e-04
 1.87013e+16	9.25e-01	7.43e-02	8.78e-04
 1.87070e+16	9.27e-01	7.23e-02	8.50e-04
 1.87130e+16	9.29e-01	7.06e-02	8.27e-04
 1.87186e+16	9.30e-01	6.93e-02	8.07e-04
 1.87246e+16	9.31e-01	6.78e-02	7.86e-04
 1.87325e+16	9.33e-01	6.63e-02	7.63e-04
 1.87410e+16	9.34e-01	6.51e-02	7.44e-04
 1.87487e+16	9.35e-01	6.40e-02	7.26e-04
 1.87572e+16	9.36e-01	6.29e-02	7.07e-04
 1.87682e+16	9.38e-01	6.18e-02	6.87e-04
 1.87801e+16	9.39e-01	6.08e-02	6.69e-04
 1.87932e+16	9.40e-01	5.97e-02	6.47e-04
 1.88073e+16	9.41e-01	5.87e-02	6.28e-04
 1.88201e+16	9.42e-01	5.79e-02	6.12e-04
 1.88341e+16	9.42e-01	5.70e-02	5.92e-04
 1.88493e+16	9.43e-01	5.61e-02	5.75e-04
 1.88631e+16	9.44e-01	5.53e-02	5.59e-04
 1.88782e+16	9.45e-01	5.44e-02	5.41e-04
 1.88945e+16	9.46e-01	5.36e-02	5.23e-04
 1.89093e+16	9.47e-01	5.28e-02	5.08e-04
 1.89228e+16	9.47e-01	5.21e-02	4.94e-04
 1.89377e+16	9.48e-01	5.13e-02	4.78e-04
 1.89536e+16	9.49e-01	5.05e-02	4.63e-04
 1.89682e+16	9.50e-01	4.98e-02	4.49e-04
 1.89814e+16	9.50e-01	4.91e-02	4.37e-04
 1.89959e+16	9.51e-01	4.83e-02	4.23e-04
 1.90116e+16	9.52e-01	4.76e-02	4.10e-04
 1.90258e+16	9.53e-01	4.69e-02	3.98e-04
 1.90388e+16	9.53e-01	4.62e-02	3.87e-04
 1.90506e+16	9.54e-01	4.57e-02	3.77e-04
 1.90635e+16	9.55e-01	4.50e-02	3.66e-04
 1.90775e+16	9.55e-01	4.44e-02	3.56e-04
 1.90902e+16	9.56e-01	4.38e-02	3.46e-04
 1.91017e+16	9.56e-01	4.33e-02	3.37e-04
 1.91144e+16	9.57e-01	4.27e-02	3.28e-04
 1.91281e+16	9.58e-01	4.21e-02	3.19e-04
 1.91405e+16	9.58e-01	4.15e-02	3.10e-04
 1.91518e+16	9.59e-01	4.10e-02	3.02e-04
 1.91643e+16	9.59e-01	4.04e-02	2.94e-04
 1.91776e+16	9.60e-01	3.99e-02	2.86e-04
 1.91898e+16	9.60e-01	3.94e-02	2.78e-04
 1.92009e+16	9.61e-01	3.89e-02	2.72e-04
 1.92131e+16	9.61e-01	3.83e-02	2.64e-04
 1.92262e+16	9.62e-01	3.78e-02	2.57e-04
 1.92382e+16	9.62e-01	3.74e-02	2.51e-04
 1.92512e+16	9.63e-01	3.68e-02	2.43e-04
 1.92654e+16	9.63e-01	3.63e-02	2.36e-04
 1.92782e+16	9.64e-01	3.58e-02	2.30e-04
 1.92899e+16	9.64e-01	3.53e-02	2.24e-04
 1.93027e+16	9.65e-01	3.48e-02	2.18e-04
 1.93166e+16	9.65e-01	3.44e-02	2.12e-04
 1.93292e+16	9.66e-01	3.39e-02	2.06e-04
 1.93430e+16	9.66e-01	3.34e-02	2.00e-04
 1.93579e+16	9.67e-01	3.29e-02	1.94e-04
 1.93714e+16	9.67e-01	3.25e-02	1.89e-04
 1.93863e+16	9.68e-01	3.19e-02	1.83e-04
 1.94023e+16	9.68e-01	3.14e-02	1.78e-04
 1.94169e+16	9.69e-01	3.10e-02	1.73e-04
 1.94302e+16	9.69e-01	3.06e-02	1.68e-04
 1.94448e+16	9.70e-01	3.01e-02	1.63e-04
 1.94605e+16	9.70e-01	2.97e-02	1.58e-04
 1.94748e+16	9.71e-01	2.93e-02	1.54e-04
 1.94904e+16	9.71e-01	2.88e-02	1.49e-04
 1.95074e+16	9.72e-01	2.83e-02	1.44e-04
 1.95227e+16	9.72e-01	2.79e-02	1.40e-04
 1.95368e+16	9.72e-01	2.75e-02	1.36e-04
 1.95521e+16	9.73e-01	2.71e-02	1.32e-04
 1.95687e+16	9.73e-01	2.67e-02	1.28e-04
 1.95838e+16	9.74e-01	2.63e-02	1.25e-04
 1.96003e+16	9.74e-01	2.59e-02	1.21e-04
 1.96181e+16	9.74e-01	2.55e-02	1.17e-04
 1.96343e+16	9.75e-01	2.51e-02	1.14e-04
 1.96521e+16	9.75e-01	2.47e-02	1.10e-04
 1.96713e+16	9.76e-01	2.42e-02	1.06e-04
 1.96888e+16	9.76e-01	2.39e-02	1.03e-04
 1.97047e+16	9.76e-01	2.35e-02	1.00e-04
 1.97221e+16	9.77e-01	2.31e-02	9.68e-05
 1.97410e+16	9.77e-01	2.28e-02	9.37e-05
 1.97581e+16	9.77e-01	2.24e-02	9.09e-05
 1.97768e+16	9.78e-01	2.20e-02	8.79e-05
 1.97971e+16	9.78e-01	2.17e-02	8.49e-05
 1.98155e+16	9.79e-01	2.13e-02	8.23e-05
 1.98357e+16	9.79e-01	2.09e-02	7.94e-05
 1.98575e+16	9.79e-01	2.06e-02	7.66e-05
 1.98774e+16	9.80e-01	2.02e-02	7.41e-05
 1.98954e+16	9.80e-01	1.99e-02	7.19e-05
 1.99152e+16	9.80e-01	1.96e-02	6.95e-05
 1.99366e+16	9.81e-01	1.92e-02	6.72e-05
 1.99560e+16	9.81e-01	1.89e-02	6.51e-05
 1.99773e+16	9.81e-01	1.86e-02	6.28e-05
 2.00003e+16	9.82e-01	1.82e-02	6.05e-05
 2.00212e+16	9.82e-01	1.79e-02	5.85e-05
 2.00441e+16	9.82e-01	1.76e-02	5.64e-05
 2.00689e+16	9.83e-01	1.72e-02	5.42e-05
 2.00914e+16	9.83e-01	1.69e-02	5.24e-05
 2.01161e+16	9.83e-01	1.66e-02	5.03e-05
 2.01428e+16	9.84e-01	1.63e-02	4.84e-05
 2.01670e+16	9.84e-01	1.60e-02	4.67e-05
 2.01936e+16	9.84e-01	1.56e-02	4.47e-05
 2.02223e+16	9.85e-01	1.53e-02	4.29e-05
 2.02484e+16	9.85e-01	1.50e-02	4.13e-05
 2.02721e+16	9.85e-01	1.48e-02	3.99e-05
 2.02982e+16	9.85e-01	1.45e-02	3.84e-05
 2.03263e+16	9.86e-01	1.42e-02	3.69e-05
 2.03518e+16	9.86e-01	1.39e-02	3.56e-05
 2.03799e+16	9.86e-01	1.36e-02	3.41e-05
 2.04101e+16	9.87e-01	1.33e-02	3.27e-05
 2.04376e+16	9.87e-01	1.31e-02	3.15e-05
 2.04678e+16	9.87e-01	1.28e-02	3.02e-05
 2.05004e+16	9.87e-01	1.25e-02	2.89e-05
 2.05300e+16	9.88e-01	1.23e-02	2.77e-05
 2.05625e+16	9.88e-01	1.20e-02	2.65e-05
 2.05976e+16	9.88e-01	1.17e-02	2.53e-05
 2.06295e+16	9.89e-01	1.15e-02	2.43e-05
 2.06644e+16	9.89e-01	1.12e-02	2.31e-05
 2.07022e+16	9.89e-01	1.09e-02	2.20e-05
 2.07365e+16	9.89e-01	1.07e-02	2.11e-05
 2.07742e+16	9.90e-01	1.04e-02	2.01e-05
 2.08148e+16	9.90e-01	1.01e-02	1.91e-05
 2.08518e+16	9.90e-01	9.91e-03	1.82e-05
 2.08923e+16	9.90e-01	9.65e-03	1.73e-05
 2.09360e+16	9.91e-01	9.40e-03	1.64e-05
 2.09758e+16	9.91e-01	9.17e-03	1.56e-05
 2.10195e+16	9.91e-01	8.92e-03	1.48e-05
 2.10665e+16	9.91e-01	8.67e-03	1.40e-05
 2.11094e+16	9.92e-01	8.46e-03	1.33e-05
 2.11564e+16	9.92e-01	8.22e-03	1.26e-05
 2.12070e+16	9.92e-01	7.98e-03	1.19e-05
 2.12532e+16	9.92e-01	7.77e-03	1.13e-05
 2.13037e+16	9.92e-01	7.54e-03	1.06e-05
 2.13694e+16	9.93e-01	7.24e-03	9.82e-06
 2.14448e+16	9.93e-01	6.94e-03	9.02e-06
 2.15209e+16	9.93e-01	6.65e-03	8.30e-06
 2.15982e+16	9.94e-01	6.37e-03	7.63e-06
 2.16788e+16	9.94e-01	6.10e-03	6.99e-06
 2.17627e+16	9.94e-01	5.83e-03	6.39e-06
 2.18496e+16	9.94e-01	5.57e-03	5.84e-06
 2.19395e+16	9.95e-01	5.31e-03	5.32e-06
 2.20324e+16	9.95e-01	5.06e-03	4.84e-06
 2.21276e+16	9.95e-01	4.82e-03	4.39e-06
 2.22243e+16	9.95e-01	4.59e-03	3.99e-06
 2.23227e+16	9.96e-01	4.37e-03	3.62e-06
 2.24230e+16	9.96e-01	4.16e-03	3.29e-06
 2.25251e+16	9.96e-01	3.96e-03	2.98e-06
 2.26291e+16	9.96e-01	3.77e-03	2.70e-06
 2.27350e+16	9.96e-01	3.59e-03	2.45e-06
 2.28413e+16	9.97e-01	3.41e-03	2.22e-06
 2.29491e+16	9.97e-01	3.25e-03	2.01e-06
 2.30608e+16	9.97e-01	3.08e-03	1.81e-06
 2.31752e+16	9.97e-01	2.93e-03	1.64e-06
 2.32913e+16	9.97e-01	2.78e-03	1.47e-06
 2.34093e+16	9.97e-01	2.63e-03	1.33e-06
 2.35297e+16	9.98e-01	2.50e-03	1.20e-06
 2.36523e+16	9.98e-01	2.37e-03	1.07e-06
 2.37772e+16	9.98e-01	2.24e-03	9.65e-07
 2.39045e+16	9.98e-01	2.12e-03	8.66e-07
 2.40343e+16	9.98e-01	2.01e-03	7.76e-07
 2.41667e+16	9.98e-01	1.90e-03	6.95e-07
 2.43018e+16	9.98e-01	1.80e-03	6.21e-07
 2.44397e+16	9.98e-01	1.70e-03	5.54e-07
 2.45805e+16	9.98e-01	1.60e-03	4.94e-07
 2.47242e+16	9.98e-01	1.51e-03	4.39e-07
 2.48710e+16	9.99e-01	1.42e-03	3.90e-07
 2.50211e+16	9.99e-01	1.34e-03	3.46e-07
 2.51745e+16	9.99e-01	1.26e-03	3.06e-07
 2.53315e+16	9.99e-01	1.18e-03	2.71e-07
 2.54923e+16	9.99e-01	1.11e-03	2.39e-07
 2.56569e+16	9.99e-01	1.04e-03	2.10e-07
 2.58257e+16	9.99e-01	9.76e-04	1.84e-07
 2.59989e+16	9.99e-01	9.13e-04	1.61e-07
 2.61768e+16	9.99e-01	8.52e-04	1.41e-07
 2.63596e+16	9.99e-01	7.95e-04	1.23e-07
 2.65476e+16	9.99e-01	7.41e-04	1.06e-07
 2.67414e+16	9.99e-01	6.89e-04	9.21e-08
 2.69373e+16	9.99e-01	6.41e-04	7.98e-08
 2.71384e+16	9.99e-01	5.95e-04	6.87e-08
 2.73518e+16	9.99e-01	5.50e-04	5.87e-08
 2.75749e+16	9.99e-01	5.07e-04	4.98e-08
 2.78053e+16	1.00e+00	4.66e-04	4.21e-08
 2.80441e+16	1.00e+00	4.27e-04	3.54e-08
 2.82935e+16	1.00e+00	3.91e-04	2.96e-08
 2.85547e+16	1.00e+00	3.56e-04	2.45e-08
 2.88291e+16	1.00e+00	3.23e-04	2.02e-08
 2.91187e+16	1.00e+00	2.91e-04	1.64e-08
 2.94249e+16	1.00e+00	2.61e-04	1.32e-08
 2.97514e+16	1.00e+00	2.33e-04	1.05e-08
 3.01007e+16	1.00e+00	2.07e-04	8.24e-09
 3.04743e+16	1.00e+00	1.81e-04	6.36e-09
 3.08783e+16	1.00e+00	1.58e-04	4.81e-09
 3.13202e+16	1.00e+00	1.36e-04	3.55e-09
 3.18091e+16	1.00e+00	1.15e-04	2.54e-09
 3.23487e+16	1.00e+00	9.58e-05	1.77e-09
 3.29728e+16	1.00e+00	7.76e-05	1.16e-09
 3.36967e+16	1.00e+00	6.11e-05	7.18e-10
 3.44651e+16	1.00e+00	4.77e-05	4.38e-10
 3.52299e+16	1.00e+00	3.74e-05	2.70e-10
 3.59859e+16	1.00e+00	2.95e-05	1.68e-10
 3.67470e+16	1.00e+00	2.33e-05	1.05e-10
 3.75242e+16	1.00e+00	1.83e-05	6.55e-11
 3.83177e+16	1.00e+00	1.44e-05	4.08e-11
 3.91240e+16	1.00e+00	1.14e-05	2.54e-11
 3.99447e+16	1.00e+00	8.95e-06	1.58e-11
 4.07835e+16	1.00e+00	7.04e-06	9.82e-12
 4.16429e+16	1.00e+00	5.53e-06	6.08e-12
 4.25206e+16	1.00e+00	4.35e-06	3.77e-12
 4.34223e+16	1.00e+00	3.41e-06	2.33e-12
 4.43537e+16	1.00e+00	2.66e-06	1.43e-12
 4.53096e+16	1.00e+00	2.08e-06	8.70e-13
 4.62905e+16	1.00e+00	1.62e-06	5.30e-13
 4.73060e+16	1.00e+00	1.26e-06	3.20e-13
 4.83610e+16	1.00e+00	9.70e-07	1.92e-13
 4.94582e+16	1.00e+00	7.46e-07	1.13e-13
 5.06045e+16	1.00e+00	5.70e-07	6.63e-14
 5.18069e+16	1.00e+00	4.32e-07	3.82e-14
 5.30763e+16	1.00e+00	3.24e-07	2.16e-14
 5.44274e+16	1.00e+00	2.41e-07	1.19e-14
 5.58795e+16	1.00e+00	1.76e-07	6.40e-15
 5.74166e+16	1.00e+00	1.28e-07	3.37e-15
 5.89825e+16	1.00e+00	9.30e-08	1.79e-15
 6.05485e+16	1.00e+00	6.82e-08	9.64e-16
 6.21145e+16	1.00e+00	5.04e-08	5.27e-16
 6.36804e+16	1.00e+00	3.75e-08	2.93e-16
 6.52464e+16	1.00e+00	2.81e-08	1.65e-16
 6.70473e+16	1.00e+00	2.02e-08	8.48e-17
 6.91138e+16	1.00e+00	1.41e-08	4.12e-17
 7.12437e+16	1.00e+00	9.79e-09	2.00e-17
 7.34248e+16	1.00e+00	6.83e-09	9.77e-18
 7.56459e+16	1.00e+00	4.79e-09	4.81e-18
 7.79075e+16	1.00e+00	3.37e-09	2.39e-18
 8.01980e+16	1.00e+00	2.39e-09	1.20e-18
 8.25135e+16	1.00e+00	1.70e-09	6.07e-19
 8.48460e+16	1.00e+00	1.22e-09	3.12e-19
 8.71842e+16	1.00e+00	8.80e-10	1.63e-19
 8.95237e+16	1.00e+00	6.40e-10	8.64e-20
 9.18509e+16	1.00e+00	4.71e-10	4.67e-20
 9.41514e+16	1.00e+00	3.49e-10	2.58e-20
 9.64188e+16	1.00e+00	2.62e-10	1.45e-20
 9.86428e+16	1.00e+00	1.99e-10	8.39e-21
 1.00815e+17	1.00e+00	1.53e-10	0.00e+00
 1.02925e+17	1.00e+00	1.19e-10	0.00e+00
 1.04964e+17	1.00e+00	9.38e-11	0.00e+00
 1.06933e+17	1.00e+00	7.49e-11	0.00e+00
 1.08828e+17	1.00e+00	6.05e-11	0.00e+00
 1.10644e+17	1.00e+00	4.95e-11	0.00e+00
 1.12379e+17	1.00e+00	4.09e-11	0.00e+00
 1.14035e+17	1.00e+00	3.43e-11	0.00e+00
 1.15612e+17	1.00e+00	2.90e-11	0.00e+00
 1.17114e+17	1.00e+00	2.48e-11	0.00e+00
 1.18541e+17	1.00e+00	2.14e-11	0.00e+00
 1.19896e+17	1.00e+00	1.87e-11	0.00e+00
 1.21182e+17	1.00e+00	1.65e-11	0.00e+00
 1.22401e+17	1.00e+00	1.46e-11	0.00e+00
 1.23558e+17	1.00e+00	1.30e-11	0.00e+00
 1.24655e+17	1.00e+00	1.17e-11	0.00e+00
 1.25696e+17	1.00e+00	1.06e-11	0.00e+00
 1.26682e+17	1.00e+00	9.71e-12	0.00e+00
 1.27617e+17	1.00e+00	8.91e-12	0.00e+00
 1.28504e+17	1.00e+00	8.22e-12	0.00e+00
 1.29345e+17	1.00e+00	7.62e-12	0.00e+00
 1.30144e+17	1.00e+00	7.09e-12	0.00e+00
 1.30901e+17	1.00e+00	6.65e-12	0.00e+00
 1.31620e+17	1.00e+00	6.24e-12	0.00e+00
 1.32302e+17	1.00e+00	5.88e-12	0.00e+00
 1.32950e+17	1.00e+00	5.58e-12	0.00e+00
 1.33566e+17	1.00e+00	5.29e-12	0.00e+00
 1.34151e+17	1.00e+00	5.04e-12	0.00e+00
 1.34708e+17	1.00e+00	4.82e-12	0.00e+00
 1.35237e+17	1.00e+00	4.61e-12	0.00e+00
 1.35740e+17	1.00e+00	4.43e-12	0.00e+00
 1.36220e+17	1.00e+00	4.26e-12	0.00e+00
 1.36677e+17	1.00e+00	4.11e-12	0.00e+00
 1.37113e+17	1.00e+00	3.98e-12	0.00e+00
 1.37529e+17	1.00e+00	3.85e-12	0.00e+00
 1.37925e+17	1.00e+00	3.73e-12	0.00e+00
 1.38304e+17	1.00e+00	3.63e-12	0.00e+00
 1.38667e+17	1.00e+00	3.53e-12	0.00e+00
 1.39014e+17	1.00e+00	3.44e-12	0.00e+00
 1.39347e+17	1.00e+00	3.35e-12	0.00e+00
 1.39666e+17	1.00e+00	3.27e-12	0.00e+00
 1.39972e+17	1.00e+00	3.20e-12	0.00e+00
 1.40267e+17	1.00e+00	3.13e-12	0.00e+00
 1.40551e+17	1.00e+00	3.07e-12	0.00e+00
 1.40825e+17	1.00e+00	3.01e-12	0.00e+00
 1.41091e+17	1.00e+00	2.95e-12	0.00e+00
 1.41347e+17	1.00e+00	2.90e-12	0.00e+00
 1.41597e+17	1.00e+00	2.85e-12	0.00e+00
 1.41840e+17	1.00e+00	2.80e-12	0.00e+00
 1.42077e+17	1.00e+00	2.76e-12	0.00e+00
 1.42310e+17	1.00e+00	2.71e-12	0.00e+00
 1.42539e+17	1.00e+00	2.67e-12	0.00e+00
 1.42765e+17	1.00e+00	2.63e-12	0.00e+00
 1.42989e+17	1.00e+00	2.59e-12	0.00e+00
 1.43213e+17	1.00e+00	2.55e-12	0.00e+00
 1.43438e+17	1.00e+00	2.51e-12	0.00e+00
 1.43665e+17	1.00e+00	2.47e-12	0.00e+00
 1.43896e+17	1.00e+00	2.44e-12	0.00e+00
 1.44134e+17	1.00e+00	2.40e-12	0.00e+00
 1.44380e+17	1.00e+00	2.36e-12	0.00e+00
 1.44640e+17	1.00e+00	2.32e-12	0.00e+00
 1.44915e+17	1.00e+00	2.28e-12	0.00e+00
 1.45213e+17	1.00e+00	2.23e-12	0.00e+00
 1.45541e+17	1.00e+00	2.18e-12	0.00e+00
 1.45910e+17	1.00e+00	2.13e-12	0.00e+00
 1.46335e+17	1.00e+00	2.08e-12	0.00e+00
 1.46839e+17	1.00e+00	2.01e-12	0.00e+00
 1.47456e+17	1.00e+00	1.93e-12	0.00e+00
 1.48243e+17	1.00e+00	1.84e-12	0.00e+00
 1.49265e+17	1.00e+00	1.72e-12	0.00e+00
 1.50594e+17	1.00e+00	1.59e-12	0.00e+00
 1.52322e+17	1.00e+00	1.43e-12	0.00e+00
 1.54568e+17	1.00e+00	1.26e-12	0.00e+00
 1.57488e+17	1.00e+00	1.07e-12	0.00e+00
 1.61284e+17	1.00e+00	8.81e-13	0.00e+00
 1.65759e+17	1.00e+00	7.05e-13	0.00e+00
 1.71118e+17	1.00e+00	5.71e-13	0.00e+00
 1.77631e+17	1.00e+00	4.40e-13	0.00e+00
 1.84736e+17	1.00e+00	3.47e-13	0.00e+00
 1.92125e+17	1.00e+00	2.93e-13	0.00e+00
 1.99810e+17	1.00e+00	2.56e-13	0.00e+00
 2.07803e+17	1.00e+00	2.26e-13	0.00e+00
 2.16115e+17	1.00e+00	2.00e-13	0.00e+00
 2.24760e+17	1.00e+00	1.78e-13	0.00e+00
 2.33750e+17	1.00e+00	1.57e-13	0.00e+00
 2.43100e+17	1.00e+00	1.37e-13	0.00e+00
 2.52824e+17	1.00e+00	1.19e-13	0.00e+00
 2.62530e+17	1.00e+00	1.02e-13	0.00e+00
 2.71473e+17	1.00e+00	9.40e-14	0.00e+00
 2.79389e+17	1.00e+00	9.33e-14	0.00e+00
 2.86582e+17	1.00e+00	9.24e-14	0.00e+00
 2.93428e+17	1.00e+00	8.80e-14	0.00e+00
 3.00036e+17	1.00e+00	8.06e-14	0.00e+00
 3.06182e+17	1.00e+00	7.32e-14	0.00e+00
 3.11223e+17	1.00e+00	6.79e-14	0.00e+00
 3.14581e+17	1.00e+00	6.75e-14	0.00e+00
 3.16489e+17	1.00e+00	6.94e-14	0.00e+00
 3.17570e+17	1.00e+00	7.07e-14	0.00e+00
 3.18219e+17	1.00e+00	7.15e-14	0.00e+00
 3.18618e+17	1.00e+00	7.20e-14	0.00e+00
 3.18933e+17	1.00e+00	7.22e-14	0.00e+00
 3.19261e+17	1.00e+00	7.24e-14	0.00e+00
 3.19634e+17	1.00e+00	7.25e-14	0.00e+00
 3.20045e+17	1.00e+00	7.25e-14	0.00e+00
 3.20398e+17	1.00e+00	7.25e-14	0.00e+00
 3.20659e+17	1.00e+00	7.24e-14	0.00e+00
 3.20890e+17	1.00e+00	7.23e-14	0.00e+00
 3.21147e+17	1.00e+00	7.22e-14	0.00e+00
 3.21428e+17	1.00e+00	7.21e-14	0.00e+00
 3.21682e+17	1.00e+00	7.19e-14	0.00e+00
 3.21891e+17	1.00e+00	7.17e-14	0.00e+00
 3.22072e+17	1.00e+00	7.16e-14	0.00e+00
 3.22250e+17	1.00e+00	7.14e-14	0.00e+00
 3.22446e+17	1.00e+00	7.13e-14	0.00e+00
 3.22648e+17	1.00e+00	7.10e-14	0.00e+00
 3.22830e+17	1.00e+00	7.08e-14	0.00e+00
 3.22980e+17	1.00e+00	7.06e-14	0.00e+00
 3.23121e+17	1.00e+00	7.05e-14	0.00e+00
 3.23274e+17	1.00e+00	7.03e-14	0.00e+00
 3.23428e+17	1.00e+00	7.00e-14	0.00e+00
 3.23576e+17	1.00e+00	6.98e-14	0.00e+00
 3.23716e+17	1.00e+00	6.96e-14	0.00e+00
 3.23842e+17	1.00e+00	6.94e-14	0.00e+00
 3.23961e+17	1.00e+00	6.93e-14	0.00e+00
 3.24086e+17	1.00e+00	6.91e-14	0.00e+00
 3.24218e+17	1.00e+00	6.88e-14	0.00e+00
 3.24347e+17	1.00e+00	6.86e-14	0.00e+00
 3.24468e+17	1.00e+00	6.84e-14	0.00e+00
 3.24588e+17	1.00e+00	6.82e-14	0.00e+00
 3.24708e+17	1.00e+00	6.79e-14	0.00e+00
 3.24823e+17	1.00e+00	6.77e-14	0.00e+00
 3.24935e+17	1.00e+00	6.75e-14	0.00e+00
 3.25054e+17	1.00e+00	6.73e-14	0.00e+00
 3.25178e+17	1.00e+00	6.70e-14	0.00e+00
 3.25299e+17	1.00e+00	6.67e-14	0.00e+00
 3.25415e+17	1.00e+00	6.65e-14	0.00e+00
 3.25535e+17	1.00e+00	6.62e-14	0.00e+00
 3.25659e+17	1.00e+00	6.59e-14	0.00e+00
 3.25785e+17	1.00e+00	6.56e-14	0.00e+00
 3.25911e+17	1.00e+00	6.53e-14	0.00e+00
 3.26037e+17	1.00e+00	6.50e-14	0.00e+00
 3.26164e+17	1.00e+00	6.47e-14	0.00e+00
 3.26295e+17	1.00e+00	6.44e-14	0.00e+00
 3.26438e+17	1.00e+00	6.41e-14	0.00e+00
 3.26585e+17	1.00e+00	6.37e-14	0.00e+00
 3.26724e+17	1.00e+00	6.33e-14	0.00e+00
 3.26858e+17	1.00e+00	6.30e-14	0.00e+00
 3.27002e+17	1.00e+00	6.26e-14	0.00e+00
 3.27169e+17	1.00e+00	6.22e-14	0.00e+00
 3.27336e+17	1.00e+00	6.17e-14	0.00e+00
 3.27491e+17	1.00e+00	6.13e-14	0.00e+00
 3.27639e+17	1.00e+00	6.08e-14	0.00e+00
 3.27798e+17	1.00e+00	6.04e-14	0.00e+00
 3.27980e+17	1.00e+00	5.99e-14	0.00e+00
 3.28175e+17	1.00e+00	5.94e-14	0.00e+00
 3.28361e+17	1.00e+00	5.88e-14	0.00e+00
 3.28532e+17	1.00e+00	5.83e-14	0.00e+00
 3.28711e+17	1.00e+00	5.78e-14	0.00e+00
 3.28914e+17	1.00e+00	5.73e-14	0.00e+00
 3.29132e+17	1.00e+00	5.66e-14	0.00e+00
 3.29350e+17	1.00e+00	5.60e-14	0.00e+00
 3.29562e+17	1.00e+00	5.53e-14	0.00e+00
 3.29771e+17	1.00e+00	5.47e-14	0.00e+00
 3.29989e+17	1.00e+00	5.40e-14	0.00e+00
 3.30223e+17	1.00e+00	5.34e-14	0.00e+00
 3.30472e+17	1.00e+00	5.26e-14	0.00e+00
 3.30726e+17	1.00e+00	5.18e-14	0.00e+00
 3.30968e+17	1.00e+00	5.11e-14	0.00e+00
 3.31223e+17	1.00e+00	5.03e-14	0.00e+00
 3.31499e+17	1.00e+00	4.95e-14	0.00e+00
 3.31779e+17	1.00e+00	4.86e-14	0.00e+00
 3.32064e+17	1.00e+00	4.78e-14	0.00e+00
 3.32361e+17	1.00e+00	4.69e-14	0.00e+00
 3.32665e+17	1.00e+00	4.60e-14	0.00e+00
 3.32973e+17	1.00e+00	4.50e-14	0.00e+00
 3.33285e+17	1.00e+00	4.41e-14	0.00e+00
 3.33601e+17	1.00e+00	4.31e-14	0.00e+00
 3.33940e+17	1.00e+00	4.22e-14	0.00e+00
 3.34293e+17	1.00e+00	4.11e-14	0.00e+00
 3.34642e+17	1.00e+00	4.01e-14	0.00e+00
 3.34994e+17	1.00e+00	3.90e-14	0.00e+00
 3.35354e+17	1.00e+00	3.80e-14	0.00e+00
 3.35724e+17	1.00e+00	3.70e-14	0.00e+00
 3.36112e+17	1.00e+00	3.59e-14	0.00e+00
 3.36518e+17	1.00e+00	3.47e-14	0.00e+00
 3.36929e+17	1.00e+00	3.36e-14	0.00e+00
 3.37339e+17	1.00e+00	3.25e-14	0.00e+00
 3.37756e+17	1.00e+00	3.14e-14	0.00e+00
 3.38186e+17	1.00e+00	3.02e-14	0.00e+00
 3.38631e+17	1.00e+00	2.91e-14	0.00e+00
 3.39082e+17	1.00e+00	2.80e-14	0.00e+00
 3.39546e+17	1.00e+00	2.68e-14	0.00e+00
 3.40033e+17	1.00e+00	2.57e-14	0.00e+00
 3.40521e+17	1.00e+00	2.45e-14	0.00e+00
 3.41012e+17	1.00e+00	2.34e-14	0.00e+00
 3.41522e+17	1.00e+00	2.22e-14	0.00e+00
 3.42044e+17	1.00e+00	2.11e-14	0.00e+00
 3.42567e+17	1.00e+00	2.01e-14	0.00e+00
 3.43126e+17	1.00e+00	1.89e-14	0.00e+00
 3.43716e+17	1.00e+00	1.78e-14	0.00e+00
 3.44317e+17	1.00e+00	1.67e-14	0.00e+00
 3.44925e+17	1.00e+00	1.56e-14	0.00e+00
 3.45541e+17	1.00e+00	1.46e-14	0.00e+00
 3.46188e+17	1.00e+00	1.36e-14	0.00e+00
 3.46855e+17	1.00e+00	1.26e-14	0.00e+00
 3.47501e+17	1.00e+00	1.16e-14	0.00e+00
 3.48071e+17	1.00e+00	1.08e-14	0.00e+00
 3.48563e+17	1.00e+00	1.01e-14	0.00e+00
 3.49014e+17	1.00e+00	9.55e-15	0.00e+00
 3.49456e+17	1.00e+00	9.03e-15	0.00e+00
 3.49894e+17	1.00e+00	8.54e-15	0.00e+00
 3.50315e+17	1.00e+00	8.07e-15	0.00e+00
 3.50707e+17	1.00e+00	7.65e-15	0.00e+00
 3.51074e+17	1.00e+00	7.28e-15	0.00e+00
 3.51427e+17	1.00e+00	6.94e-15	0.00e+00
 3.51771e+17	1.00e+00	6.61e-15	0.00e+00
 3.52105e+17	1.00e+00	6.30e-15	0.00e+00
 3.52425e+17	1.00e+00	6.02e-15	0.00e+00
 3.52730e+17	1.00e+00	5.75e-15	0.00e+00
 3.53023e+17	1.00e+00	5.50e-15	0.00e+00
 3.53305e+17	1.00e+00	5.27e-15	0.00e+00
 3.53579e+17	1.00e+00	5.05e-15	0.00e+00
 3.53843e+17	1.00e+00	4.84e-15	0.00e+00
 3.54097e+17	1.00e+00	4.64e-15	0.00e+00
 3.54343e+17	1.00e+00	4.47e-15	0.00e+00
 3.54579e+17	1.00e+00	4.29e-15	0.00e+00
 3.54807e+17	1.00e+00	4.12e-15	0.00e+00
 3.55026e+17	1.00e+00	3.97e-15	0.00e+00
 3.55241e+17	1.00e+00	3.83e-15	0.00e+00
 3.55451e+17	1.00e+00	3.70e-15	0.00e+00
 3.55656e+17	1.00e+00	3.56e-15	0.00e+00
 3.55856e+17	1.00e+00	3.44e-15	0.00e+00
 3.56049e+17	1.00e+00	3.32e-15	0.00e+00
 3.56237e+17	1.00e+00	3.21e-15	0.00e+00
 3.56421e+17	1.00e+00	3.10e-15	0.00e+00
 3.56602e+17	1.00e+00	3.00e-15	0.00e+00
 3.56807e+17	1.00e+00	2.90e-15	0.00e+00
 3.57074e+17	1.00e+00	2.78e-15	0.00e+00
 3.57422e+17	1.00e+00	2.62e-15	0.00e+00
 3.57873e+17	1.00e+00	2.44e-15	0.00e+00
 3.58461e+17	1.00e+00	2.21e-15	0.00e+00
 3.59224e+17	1.00e+00	1.94e-15	0.00e+00
 3.60103e+17	1.00e+00	1.64e-15	0.00e+00
 3.60905e+17	1.00e+00	1.37e-15	0.00e+00
 3.61525e+17	1.00e+00	1.19e-15	0.00e+00
 3.62024e+17	1.00e+00	1.07e-15	0.00e+00
 3.62519e+17	1.00e+00	9.68e-16	0.00e+00
 3.63084e+17	1.00e+00	8.71e-16	0.00e+00
 3.63707e+17	1.00e+00	7.69e-16	0.00e+00
 3.64319e+17	1.00e+00	6.75e-16	0.00e+00
 3.64882e+17	1.00e+00	5.98e-16	0.00e+00
 3.65422e+17	1.00e+00	5.35e-16	0.00e+00
 3.65981e+17	1.00e+00	4.79e-16	0.00e+00
 3.66583e+17	1.00e+00	4.25e-16	0.00e+00
 3.67221e+17	1.00e+00	3.74e-16	0.00e+00
 3.67875e+17	1.00e+00	3.27e-16	0.00e+00
 3.68545e+17	1.00e+00	2.85e-16	0.00e+00
 3.69255e+17	1.00e+00	2.48e-16	0.00e+00
 3.70043e+17	1.00e+00	2.13e-16	0.00e+00
 3.70946e+17	1.00e+00	1.79e-16	0.00e+00
 3.72005e+17	1.00e+00	1.47e-16	0.00e+00
 3.73305e+17	1.00e+00	1.16e-16	0.00e+00
 3.74973e+17	1.00e+00	8.60e-17	0.00e+00
 3.77140e+17	1.00e+00	5.85e-17	0.00e+00
 3.79958e+17	1.00e+00	3.57e-17	0.00e+00
 3.83622e+17	1.00e+00	1.89e-17	0.00e+00
 3.88384e+17	1.00e+00	8.51e-18	0.00e+00
 3.94575e+17	1.00e+00	3.11e-18	0.00e+00
 4.02624e+17	1.00e+00	9.43e-19	0.00e+00
