#depth	O	O+	O+2	O+3	O+4	O+5	O+6	O+7	O+8	O[1]	O[2]	O[3]
 1.49634e+10	0.00e+00	5.82e-44	1.06e-33	1.81e-24	4.56e-16	1.54e-08	1.00e+00	0.00e+00	0.00e+00	0.00e+00	0.00e+00	0.00e+00
 4.54887e+10	0.00e+00	0.00e+00	1.46e-33	2.30e-24	5.35e-16	1.67e-08	1.00e+00	5.91e-07	0.00e+00	0.00e+00	0.00e+00	0.00e+00
 7.72350e+10	0.00e+00	1.29e-43	2.00e-33	2.93e-24	6.29e-16	1.81e-08	1.00e+00	0.00e+00	0.00e+00	0.00e+00	0.00e+00	0.00e+00
 1.10251e+11	0.00e+00	0.00e+00	2.76e-33	3.72e-24	7.38e-16	1.96e-08	1.00e+00	0.00e+00	0.00e+00	0.00e+00	0.00e+00	0.00e+00
 1.43588e+11	0.00e+00	2.84e-43	3.76e-33	4.71e-24	8.64e-16	2.12e-08	1.00e+00	0.00e+00	0.00e+00	0.00e+00	0.00e+00	0.00e+00
 1.78258e+11	0.00e+00	0.00e+00	5.14e-33	5.95e-24	1.01e-15	2.30e-08	1.00e+00	0.00e+00	0.00e+00	0.00e+00	0.00e+00	0.00e+00
 2.15316e+11	0.00e+00	6.25e-43	7.08e-33	7.57e-24	1.19e-15	2.49e-08	1.00e+00	0.00e+00	0.00e+00	0.00e+00	0.00e+00	0.00e+00
 2.53855e+11	0.00e+00	0.00e+00	9.76e-33	9.64e-24	1.40e-15	2.71e-08	1.00e+00	0.00e+00	0.00e+00	0.00e+00	0.00e+00	0.00e+00
 2.93936e+11	0.00e+00	1.39e-42	1.35e-32	1.23e-23	1.64e-15	2.94e-08	1.00e+00	0.00e+00	0.00e+00	0.00e+00	0.00e+00	0.00e+00
 3.35620e+11	0.00e+00	0.00e+00	1.86e-32	1.57e-23	1.93e-15	3.19e-08	1.00e+00	0.00e+00	0.00e+00	0.00e+00	0.00e+00	0.00e+00
 3.78972e+11	0.00e+00	3.12e-42	2.56e-32	2.00e-23	2.28e-15	3.46e-08	1.00e+00	0.00e+00	0.00e+00	0.00e+00	0.00e+00	0.00e+00
 4.24057e+11	0.00e+00	0.00e+00	3.54e-32	2.55e-23	2.68e-15	3.75e-08	1.00e+00	0.00e+00	0.00e+00	0.00e+00	0.00e+00	0.00e+00
 4.70947e+11	0.00e+00	6.99e-42	4.90e-32	3.25e-23	3.16e-15	4.08e-08	1.00e+00	0.00e+00	0.00e+00	0.00e+00	0.00e+00	0.00e+00
 5.14979e+11	0.00e+00	0.00e+00	6.56e-32	4.06e-23	3.67e-15	4.39e-08	1.00e+00	0.00e+00	0.00e+00	0.00e+00	0.00e+00	0.00e+00
 5.54267e+11	0.00e+00	1.38e-41	8.45e-32	4.91e-23	4.17e-15	4.69e-08	1.00e+00	0.00e+00	0.00e+00	0.00e+00	0.00e+00	0.00e+00
 5.98334e+11	0.00e+00	0.00e+00	1.11e-31	6.05e-23	4.80e-15	5.03e-08	1.00e+00	0.00e+00	0.00e+00	0.00e+00	0.00e+00	0.00e+00
 6.50670e+11	0.00e+00	2.89e-41	1.53e-31	7.69e-23	5.64e-15	5.46e-08	1.00e+00	0.00e+00	0.00e+00	0.00e+00	0.00e+00	0.00e+00
 7.03322e+11	0.00e+00	0.00e+00	2.08e-31	9.70e-23	6.60e-15	5.91e-08	1.00e+00	0.00e+00	0.00e+00	0.00e+00	0.00e+00	0.00e+00
 7.52609e+11	0.00e+00	6.01e-41	2.75e-31	1.20e-22	7.60e-15	6.35e-08	1.00e+00	0.00e+00	0.00e+00	0.00e+00	0.00e+00	0.00e+00
 8.07171e+11	0.00e+00	0.00e+00	3.70e-31	1.50e-22	8.86e-15	6.85e-08	1.00e+00	0.00e+00	0.00e+00	0.00e+00	0.00e+00	0.00e+00
 8.69384e+11	0.00e+00	1.31e-40	5.14e-31	1.92e-22	1.05e-14	7.46e-08	1.00e+00	0.00e+00	0.00e+00	0.00e+00	0.00e+00	0.00e+00
 9.31303e+11	0.00e+00	0.00e+00	7.04e-31	2.44e-22	1.23e-14	8.10e-08	1.00e+00	0.00e+00	0.00e+00	0.00e+00	0.00e+00	0.00e+00
 9.95698e+11	0.00e+00	2.88e-40	9.65e-31	3.10e-22	1.45e-14	8.79e-08	1.00e+00	0.00e+00	0.00e+00	0.00e+00	0.00e+00	0.00e+00
 1.06545e+12	0.00e+00	0.00e+00	1.34e-30	3.98e-22	1.72e-14	9.58e-08	1.00e+00	0.00e+00	0.00e+00	0.00e+00	0.00e+00	0.00e+00
 1.13652e+12	0.00e+00	6.50e-40	1.86e-30	5.09e-22	2.03e-14	1.04e-07	1.00e+00	0.00e+00	0.00e+00	0.00e+00	0.00e+00	0.00e+00
 1.20280e+12	0.00e+00	0.00e+00	2.48e-30	6.35e-22	2.36e-14	1.12e-07	1.00e+00	0.00e+00	0.00e+00	0.00e+00	0.00e+00	0.00e+00
 1.26400e+12	0.00e+00	1.29e-39	3.22e-30	7.75e-22	2.70e-14	1.20e-07	1.00e+00	0.00e+00	0.00e+00	0.00e+00	0.00e+00	0.00e+00
 1.33398e+12	0.00e+00	0.00e+00	4.31e-30	9.66e-22	3.13e-14	1.30e-07	1.00e+00	0.00e+00	0.00e+00	0.00e+00	0.00e+00	0.00e+00
 1.41596e+12	0.00e+00	2.78e-39	5.97e-30	1.24e-21	3.71e-14	1.42e-07	1.00e+00	0.00e+00	0.00e+00	0.00e+00	0.00e+00	0.00e+00
 1.49714e+12	0.00e+00	0.00e+00	8.17e-30	1.57e-21	4.37e-14	1.54e-07	1.00e+00	0.00e+00	0.00e+00	0.00e+00	0.00e+00	0.00e+00
 1.57327e+12	0.00e+00	5.84e-39	1.08e-29	1.95e-21	5.07e-14	1.66e-07	1.00e+00	0.00e+00	0.00e+00	0.00e+00	0.00e+00	0.00e+00
 1.65783e+12	0.00e+00	0.00e+00	1.47e-29	2.47e-21	5.95e-14	1.80e-07	1.00e+00	0.00e+00	0.00e+00	0.00e+00	0.00e+00	0.00e+00
 1.75407e+12	0.00e+00	1.29e-38	2.05e-29	3.18e-21	7.09e-14	1.97e-07	1.00e+00	0.00e+00	0.00e+00	0.00e+00	0.00e+00	0.00e+00
 1.84906e+12	0.00e+00	0.00e+00	2.82e-29	4.06e-21	8.38e-14	2.15e-07	1.00e+00	0.00e+00	0.00e+00	0.00e+00	0.00e+00	0.00e+00
 1.94784e+12	0.00e+00	2.84e-38	3.88e-29	5.19e-21	9.92e-14	2.34e-07	1.00e+00	0.00e+00	0.00e+00	0.00e+00	0.00e+00	0.00e+00
 2.05568e+12	0.00e+00	0.00e+00	5.43e-29	6.71e-21	1.19e-13	2.57e-07	1.00e+00	0.00e+00	0.00e+00	0.00e+00	0.00e+00	0.00e+00
 2.16432e+12	0.00e+00	6.44e-38	7.52e-29	8.61e-21	1.41e-13	2.81e-07	1.00e+00	0.00e+00	0.00e+00	0.00e+00	0.00e+00	0.00e+00
 2.27731e+12	0.00e+00	0.00e+00	1.04e-28	1.11e-20	1.68e-13	3.07e-07	1.00e+00	0.00e+00	0.00e+00	0.00e+00	0.00e+00	0.00e+00
 2.39380e+12	0.00e+00	1.43e-37	1.44e-28	1.42e-20	1.99e-13	3.36e-07	1.00e+00	0.00e+00	0.00e+00	0.00e+00	0.00e+00	0.00e+00
 2.50771e+12	0.00e+00	0.00e+00	1.95e-28	1.80e-20	2.35e-13	3.66e-07	1.00e+00	0.00e+00	0.00e+00	0.00e+00	0.00e+00	0.00e+00
 2.63070e+12	0.00e+00	3.08e-37	2.67e-28	2.29e-20	2.79e-13	4.00e-07	1.00e+00	0.00e+00	0.00e+00	0.00e+00	0.00e+00	0.00e+00
 2.76585e+12	0.00e+00	0.00e+00	3.74e-28	2.97e-20	3.35e-13	4.39e-07	1.00e+00	0.00e+00	0.00e+00	0.00e+00	0.00e+00	0.00e+00
 2.90641e+12	0.00e+00	7.00e-37	5.22e-28	3.85e-20	4.02e-13	4.83e-07	1.00e+00	0.00e+00	0.00e+00	0.00e+00	0.00e+00	0.00e+00
 3.05260e+12	0.00e+00	0.00e+00	7.28e-28	4.99e-20	4.83e-13	5.32e-07	1.00e+00	0.00e+00	0.00e+00	0.00e+00	0.00e+00	0.00e+00
 3.20463e+12	0.00e+00	1.58e-36	1.01e-27	6.47e-20	5.80e-13	5.86e-07	1.00e+00	0.00e+00	0.00e+00	0.00e+00	0.00e+00	0.00e+00
 3.34193e+12	6.77e-46	2.25e-36	1.35e-27	8.10e-20	6.81e-13	6.38e-07	1.00e+00	0.00e+00	0.00e+00	0.00e+00	0.00e+00	0.00e+00
 3.45600e+12	0.00e+00	0.00e+00	1.70e-27	9.71e-20	7.75e-13	6.83e-07	1.00e+00	0.00e+00	0.00e+00	0.00e+00	0.00e+00	0.00e+00
 3.58082e+12	0.00e+00	4.02e-36	2.18e-27	1.18e-19	8.89e-13	7.35e-07	1.00e+00	0.00e+00	0.00e+00	0.00e+00	0.00e+00	0.00e+00
 3.73937e+12	2.09e-45	5.79e-36	2.94e-27	1.49e-19	1.05e-12	8.04e-07	1.00e+00	0.00e+00	0.00e+00	0.00e+00	0.00e+00	0.00e+00
 3.90498e+12	0.00e+00	0.00e+00	3.97e-27	1.89e-19	1.25e-12	8.81e-07	1.00e+00	0.00e+00	0.00e+00	0.00e+00	0.00e+00	0.00e+00
 4.05131e+12	0.00e+00	1.14e-35	5.13e-27	2.31e-19	1.45e-12	9.52e-07	1.00e+00	0.00e+00	0.00e+00	0.00e+00	0.00e+00	0.00e+00
 4.18688e+12	6.50e-45	1.50e-35	6.44e-27	2.77e-19	1.65e-12	1.02e-06	1.00e+00	0.00e+00	0.00e+00	0.00e+00	0.00e+00	0.00e+00
 4.34067e+12	0.00e+00	0.00e+00	8.28e-27	3.38e-19	1.90e-12	1.10e-06	1.00e+00	0.00e+00	0.00e+00	0.00e+00	0.00e+00	0.00e+00
 4.53111e+12	0.00e+00	2.90e-35	1.12e-26	4.29e-19	2.26e-12	1.21e-06	1.00e+00	0.00e+00	0.00e+00	0.00e+00	0.00e+00	0.00e+00
 4.72120e+12	2.14e-44	4.09e-35	1.48e-26	5.39e-19	2.67e-12	1.33e-06	1.00e+00	0.00e+00	0.00e+00	0.00e+00	0.00e+00	0.00e+00
 4.88439e+12	0.00e+00	5.42e-35	1.88e-26	6.50e-19	3.06e-12	1.43e-06	1.00e+00	0.00e+00	0.00e+00	0.00e+00	0.00e+00	0.00e+00
 5.06063e+12	4.23e-44	7.28e-35	2.40e-26	7.91e-19	3.53e-12	1.54e-06	1.00e+00	0.00e+00	0.00e+00	0.00e+00	0.00e+00	0.00e+00
 5.27841e+12	0.00e+00	1.03e-34	3.21e-26	9.99e-19	4.19e-12	1.70e-06	1.00e+00	0.00e+00	0.00e+00	0.00e+00	0.00e+00	0.00e+00
 5.50212e+12	9.54e-44	1.45e-34	4.27e-26	1.26e-18	4.96e-12	1.86e-06	1.00e+00	0.00e+00	0.00e+00	0.00e+00	0.00e+00	0.00e+00
 5.70482e+12	0.00e+00	1.95e-34	5.47e-26	1.54e-18	5.74e-12	2.01e-06	1.00e+00	0.00e+00	0.00e+00	0.00e+00	0.00e+00	0.00e+00
 5.92828e+12	1.96e-43	2.67e-34	7.12e-26	1.90e-18	6.70e-12	2.19e-06	1.00e+00	0.00e+00	0.00e+00	0.00e+00	0.00e+00	0.00e+00
 6.19064e+12	0.00e+00	3.79e-34	9.58e-26	2.41e-18	7.99e-12	2.42e-06	1.00e+00	0.00e+00	0.00e+00	0.00e+00	0.00e+00	0.00e+00
 6.45256e+12	4.39e-43	5.30e-34	1.27e-25	3.04e-18	9.44e-12	2.65e-06	1.00e+00	0.00e+00	0.00e+00	0.00e+00	0.00e+00	0.00e+00
 6.70215e+12	0.00e+00	7.20e-34	1.65e-25	3.74e-18	1.10e-11	2.89e-06	1.00e+00	0.00e+00	0.00e+00	0.00e+00	0.00e+00	0.00e+00
 6.97734e+12	9.20e-43	9.97e-34	2.17e-25	4.67e-18	1.29e-11	3.16e-06	1.00e+00	0.00e+00	0.00e+00	0.00e+00	0.00e+00	0.00e+00
 7.28636e+12	0.00e+00	1.41e-33	2.91e-25	5.94e-18	1.54e-11	3.48e-06	1.00e+00	0.00e+00	0.00e+00	0.00e+00	0.00e+00	0.00e+00
 7.56463e+12	1.96e-42	1.91e-33	3.75e-25	7.30e-18	1.79e-11	3.79e-06	1.00e+00	0.00e+00	0.00e+00	0.00e+00	0.00e+00	0.00e+00
 7.79462e+12	0.00e+00	2.42e-33	4.60e-25	8.61e-18	2.02e-11	4.05e-06	1.00e+00	0.00e+00	0.00e+00	0.00e+00	0.00e+00	0.00e+00
 8.04593e+12	3.50e-42	3.13e-33	5.70e-25	1.03e-17	2.29e-11	4.35e-06	1.00e+00	0.00e+00	0.00e+00	0.00e+00	0.00e+00	0.00e+00
 8.36669e+12	0.00e+00	4.27e-33	7.44e-25	1.27e-17	2.68e-11	4.74e-06	1.00e+00	0.00e+00	0.00e+00	0.00e+00	0.00e+00	0.00e+00
 8.69046e+12	7.15e-42	5.78e-33	9.62e-25	1.57e-17	3.12e-11	5.16e-06	1.00e+00	0.00e+00	0.00e+00	0.00e+00	0.00e+00	0.00e+00
 8.95877e+12	0.00e+00	7.37e-33	1.18e-24	1.86e-17	3.52e-11	5.53e-06	1.00e+00	0.00e+00	0.00e+00	0.00e+00	0.00e+00	0.00e+00
 9.24228e+12	1.27e-41	9.46e-33	1.46e-24	2.21e-17	3.98e-11	5.92e-06	1.00e+00	0.00e+00	0.00e+00	0.00e+00	0.00e+00	0.00e+00
 9.60553e+12	0.00e+00	1.29e-32	1.90e-24	2.73e-17	4.64e-11	6.45e-06	1.00e+00	0.00e+00	0.00e+00	0.00e+00	0.00e+00	0.00e+00
 9.98612e+12	2.60e-41	1.75e-32	2.47e-24	3.39e-17	5.41e-11	7.04e-06	1.00e+00	0.00e+00	0.00e+00	0.00e+00	0.00e+00	0.00e+00
 1.03200e+13	0.00e+00	2.28e-32	3.10e-24	4.07e-17	6.16e-11	7.57e-06	1.00e+00	0.00e+00	0.00e+00	0.00e+00	0.00e+00	0.00e+00
 1.06796e+13	4.85e-41	3.01e-32	3.91e-24	4.92e-17	7.05e-11	8.17e-06	1.00e+00	0.00e+00	0.00e+00	0.00e+00	0.00e+00	0.00e+00
 1.10780e+13	0.00e+00	4.03e-32	5.02e-24	6.03e-17	8.15e-11	8.87e-06	1.00e+00	0.00e+00	0.00e+00	0.00e+00	0.00e+00	0.00e+00
 1.14474e+13	9.23e-41	5.24e-32	6.29e-24	7.23e-17	9.28e-11	9.53e-06	1.00e+00	0.00e+00	0.00e+00	0.00e+00	0.00e+00	0.00e+00
 1.18478e+13	0.00e+00	6.91e-32	7.96e-24	8.76e-17	1.06e-10	1.03e-05	1.00e+00	0.00e+00	0.00e+00	0.00e+00	0.00e+00	0.00e+00
 1.22930e+13	1.79e-40	9.29e-32	1.03e-23	1.08e-16	1.23e-10	1.12e-05	1.00e+00	0.00e+00	0.00e+00	0.00e+00	0.00e+00	0.00e+00
 1.27080e+13	0.00e+00	1.22e-31	1.29e-23	1.30e-16	1.40e-10	1.20e-05	1.00e+00	0.00e+00	0.00e+00	0.00e+00	0.00e+00	0.00e+00
 1.31592e+13	3.38e-40	1.61e-31	1.64e-23	1.57e-16	1.60e-10	1.30e-05	1.00e+00	0.00e+00	0.00e+00	0.00e+00	0.00e+00	0.00e+00
 1.36611e+13	0.00e+00	2.18e-31	2.12e-23	1.94e-16	1.86e-10	1.41e-05	1.00e+00	0.00e+00	0.00e+00	0.00e+00	0.00e+00	0.00e+00
 1.41301e+13	6.59e-40	2.87e-31	2.68e-23	2.35e-16	2.12e-10	1.52e-05	1.00e+00	0.00e+00	0.00e+00	0.00e+00	0.00e+00	0.00e+00
 1.46411e+13	0.00e+00	3.85e-31	3.44e-23	2.87e-16	2.44e-10	1.64e-05	1.00e+00	0.00e+00	0.00e+00	0.00e+00	0.00e+00	0.00e+00
 1.52116e+13	1.32e-39	5.25e-31	4.49e-23	3.56e-16	2.83e-10	1.79e-05	1.00e+00	0.00e+00	0.00e+00	0.00e+00	0.00e+00	0.00e+00
 1.57480e+13	0.00e+00	6.99e-31	5.72e-23	4.32e-16	3.24e-10	1.93e-05	1.00e+00	0.00e+00	0.00e+00	0.00e+00	0.00e+00	0.00e+00
 1.63342e+13	2.61e-39	9.47e-31	7.40e-23	5.32e-16	3.74e-10	2.09e-05	1.00e+00	0.00e+00	0.00e+00	0.00e+00	0.00e+00	0.00e+00
 1.69904e+13	0.00e+00	1.31e-30	9.77e-23	6.65e-16	4.36e-10	2.27e-05	1.00e+00	0.00e+00	0.00e+00	0.00e+00	0.00e+00	0.00e+00
 1.76117e+13	5.37e-39	1.77e-30	1.26e-22	8.15e-16	5.01e-10	2.46e-05	1.00e+00	0.00e+00	0.00e+00	0.00e+00	0.00e+00	0.00e+00
 1.82812e+13	0.00e+00	2.43e-30	1.64e-22	1.01e-15	5.80e-10	2.67e-05	1.00e+00	0.00e+00	0.00e+00	0.00e+00	0.00e+00	0.00e+00
 1.90424e+13	1.15e-38	3.42e-30	2.20e-22	1.27e-15	6.80e-10	2.91e-05	1.00e+00	0.00e+00	0.00e+00	0.00e+00	0.00e+00	0.00e+00
 1.97903e+13	0.00e+00	4.72e-30	2.89e-22	1.58e-15	7.90e-10	3.17e-05	1.00e+00	0.00e+00	0.00e+00	0.00e+00	0.00e+00	0.00e+00
 2.05681e+13	2.48e-38	6.64e-30	3.84e-22	1.98e-15	9.17e-10	3.44e-05	1.00e+00	0.00e+00	0.00e+00	0.00e+00	0.00e+00	0.00e+00
 2.14207e+13	0.00e+00	9.37e-30	5.14e-22	2.49e-15	1.07e-09	3.75e-05	1.00e+00	0.00e+00	0.00e+00	0.00e+00	0.00e+00	0.00e+00
 2.22885e+13	5.53e-38	1.33e-29	6.88e-22	3.13e-15	1.25e-09	4.08e-05	1.00e+00	0.00e+00	0.00e+00	0.00e+00	0.00e+00	0.00e+00
 2.31910e+13	0.00e+00	1.87e-29	9.18e-22	3.93e-15	1.46e-09	4.44e-05	1.00e+00	0.00e+00	0.00e+00	0.00e+00	0.00e+00	0.00e+00
 2.40703e+13	1.20e-37	2.60e-29	1.21e-21	4.88e-15	1.69e-09	4.81e-05	1.00e+00	0.00e+00	0.00e+00	0.00e+00	0.00e+00	0.00e+00
 2.48691e+13	0.00e+00	3.47e-29	1.53e-21	5.89e-15	1.92e-09	5.15e-05	1.00e+00	0.00e+00	0.00e+00	0.00e+00	0.00e+00	0.00e+00
 2.56114e+13	2.28e-37	4.50e-29	1.91e-21	6.98e-15	2.16e-09	5.48e-05	1.00e+00	0.00e+00	0.00e+00	0.00e+00	0.00e+00	0.00e+00
 2.64246e+13	0.00e+00	5.96e-29	2.41e-21	8.36e-15	2.44e-09	5.85e-05	1.00e+00	0.00e+00	0.00e+00	0.00e+00	0.00e+00	0.00e+00
 2.73413e+13	4.55e-37	8.12e-29	3.11e-21	1.02e-14	2.78e-09	6.28e-05	1.00e+00	0.00e+00	0.00e+00	0.00e+00	0.00e+00	0.00e+00
 2.82199e+13	0.00e+00	1.08e-28	3.94e-21	1.22e-14	3.15e-09	6.71e-05	1.00e+00	0.00e+00	0.00e+00	0.00e+00	0.00e+00	0.00e+00
 2.91896e+13	9.10e-37	1.47e-28	5.07e-21	1.49e-14	3.59e-09	7.20e-05	1.00e+00	0.00e+00	0.00e+00	0.00e+00	0.00e+00	0.00e+00
 3.02467e+13	0.00e+00	2.03e-28	6.63e-21	1.83e-14	4.13e-09	7.76e-05	1.00e+00	0.00e+00	0.00e+00	0.00e+00	0.00e+00	0.00e+00
 3.12056e+13	1.86e-36	2.70e-28	8.39e-21	2.20e-14	4.66e-09	8.27e-05	1.00e+00	0.00e+00	0.00e+00	0.00e+00	0.00e+00	0.00e+00
 3.22404e+13	0.00e+00	3.66e-28	1.08e-20	2.66e-14	5.29e-09	8.85e-05	1.00e+00	0.00e+00	0.00e+00	0.00e+00	0.00e+00	0.00e+00
 3.34065e+13	3.93e-36	5.10e-28	1.41e-20	3.27e-14	6.08e-09	9.51e-05	1.00e+00	0.00e+00	0.00e+00	0.00e+00	0.00e+00	0.00e+00
 3.45193e+13	0.00e+00	6.92e-28	1.81e-20	3.96e-14	6.92e-09	1.02e-04	1.00e+00	0.00e+00	0.00e+00	0.00e+00	0.00e+00	0.00e+00
 3.57419e+13	8.28e-36	9.59e-28	2.36e-20	4.86e-14	7.93e-09	1.09e-04	1.00e+00	0.00e+00	0.00e+00	0.00e+00	0.00e+00	0.00e+00
 3.70889e+13	0.00e+00	1.36e-27	3.14e-20	6.04e-14	9.16e-09	1.18e-04	1.00e+00	0.00e+00	0.00e+00	0.00e+00	0.00e+00	0.00e+00
 3.83338e+13	1.81e-35	1.86e-27	4.05e-20	7.33e-14	1.04e-08	1.26e-04	1.00e+00	0.00e+00	0.00e+00	0.00e+00	0.00e+00	0.00e+00
 3.96886e+13	0.00e+00	2.58e-27	5.30e-20	8.98e-14	1.19e-08	1.35e-04	1.00e+00	0.00e+00	0.00e+00	0.00e+00	0.00e+00	0.00e+00
 4.12129e+13	4.12e-35	3.71e-27	7.10e-20	1.12e-13	1.39e-08	1.46e-04	1.00e+00	0.00e+00	0.00e+00	0.00e+00	0.00e+00	0.00e+00
 4.26673e+13	6.12e-35	5.17e-27	9.29e-20	1.37e-13	1.59e-08	1.56e-04	1.00e+00	0.00e+00	0.00e+00	0.00e+00	0.00e+00	0.00e+00
 4.42452e+13	9.26e-35	7.33e-27	1.23e-19	1.70e-13	1.83e-08	1.68e-04	1.00e+00	0.00e+00	0.00e+00	0.00e+00	0.00e+00	0.00e+00
 4.59935e+13	1.45e-34	1.07e-26	1.67e-19	2.14e-13	2.13e-08	1.81e-04	1.00e+00	0.00e+00	0.00e+00	0.00e+00	0.00e+00	0.00e+00
 4.76660e+13	2.19e-34	1.51e-26	2.21e-19	2.64e-13	2.45e-08	1.95e-04	1.00e+00	0.00e+00	0.00e+00	0.00e+00	0.00e+00	0.00e+00
 4.94568e+13	3.37e-34	2.16e-26	2.95e-19	3.28e-13	2.84e-08	2.09e-04	1.00e+00	0.00e+00	0.00e+00	0.00e+00	0.00e+00	0.00e+00
 5.14650e+13	5.38e-34	3.19e-26	4.03e-19	4.15e-13	3.32e-08	2.26e-04	1.00e+00	0.00e+00	0.00e+00	0.00e+00	0.00e+00	0.00e+00
 5.34753e+13	8.43e-34	4.65e-26	5.45e-19	5.21e-13	3.86e-08	2.44e-04	1.00e+00	0.00e+00	0.00e+00	0.00e+00	0.00e+00	0.00e+00
 5.55660e+13	1.32e-33	6.77e-26	7.37e-19	6.53e-13	4.49e-08	2.63e-04	1.00e+00	0.00e+00	0.00e+00	0.00e+00	0.00e+00	0.00e+00
 5.78186e+13	2.11e-33	1.00e-25	1.01e-18	8.27e-13	5.25e-08	2.85e-04	1.00e+00	0.00e+00	0.00e+00	0.00e+00	0.00e+00	0.00e+00
 6.01613e+13	3.37e-33	1.48e-25	1.38e-18	1.05e-12	6.14e-08	3.08e-04	1.00e+00	0.00e+00	0.00e+00	0.00e+00	0.00e+00	0.00e+00
 6.25977e+13	5.39e-33	2.18e-25	1.89e-18	1.32e-12	7.18e-08	3.33e-04	1.00e+00	0.00e+00	0.00e+00	0.00e+00	0.00e+00	0.00e+00
 6.49634e+13	8.44e-33	3.17e-25	2.54e-18	1.65e-12	8.31e-08	3.58e-04	1.00e+00	0.00e+00	0.00e+00	0.00e+00	0.00e+00	0.00e+00
 6.71951e+13	1.24e-32	4.38e-25	3.31e-18	2.01e-12	9.50e-08	3.83e-04	1.00e+00	0.00e+00	0.00e+00	0.00e+00	0.00e+00	0.00e+00
 6.92777e+13	1.79e-32	5.94e-25	4.22e-18	2.41e-12	1.07e-07	4.06e-04	1.00e+00	0.00e+00	0.00e+00	0.00e+00	0.00e+00	0.00e+00
 7.15191e+13	2.62e-32	8.15e-25	5.44e-18	2.91e-12	1.21e-07	4.32e-04	1.00e+00	0.00e+00	0.00e+00	0.00e+00	0.00e+00	0.00e+00
 7.40506e+13	3.98e-32	1.15e-24	7.17e-18	3.58e-12	1.39e-07	4.62e-04	1.00e+00	0.00e+00	0.00e+00	0.00e+00	0.00e+00	0.00e+00
 7.64801e+13	5.78e-32	1.58e-24	9.25e-18	4.34e-12	1.58e-07	4.93e-04	1.00e+00	0.00e+00	0.00e+00	0.00e+00	0.00e+00	0.00e+00
 7.91592e+13	8.71e-32	2.22e-24	1.22e-17	5.32e-12	1.81e-07	5.27e-04	9.99e-01	0.00e+00	0.00e+00	0.00e+00	0.00e+00	0.00e+00
 8.21494e+13	1.36e-31	3.21e-24	1.63e-17	6.63e-12	2.10e-07	5.67e-04	9.99e-01	0.00e+00	0.00e+00	0.00e+00	0.00e+00	0.00e+00
 8.49775e+13	2.02e-31	4.48e-24	2.14e-17	8.11e-12	2.40e-07	6.06e-04	9.99e-01	0.00e+00	0.00e+00	0.00e+00	0.00e+00	0.00e+00
 8.80710e+13	3.05e-31	6.33e-24	2.83e-17	1.00e-11	2.77e-07	6.51e-04	9.99e-01	0.00e+00	0.00e+00	0.00e+00	0.00e+00	0.00e+00
 9.15449e+13	4.88e-31	9.33e-24	3.86e-17	1.26e-11	3.23e-07	7.02e-04	9.99e-01	0.00e+00	0.00e+00	0.00e+00	0.00e+00	0.00e+00
 9.49180e+13	7.30e-31	1.31e-23	5.12e-17	1.56e-11	3.72e-07	7.55e-04	9.99e-01	0.00e+00	0.00e+00	0.00e+00	0.00e+00	0.00e+00
 9.85050e+13	1.14e-30	1.90e-23	6.88e-17	1.95e-11	4.31e-07	8.12e-04	9.99e-01	0.00e+00	0.00e+00	0.00e+00	0.00e+00	0.00e+00
 1.02153e+14	1.73e-30	2.70e-23	9.17e-17	2.42e-11	4.98e-07	8.73e-04	9.99e-01	0.00e+00	0.00e+00	0.00e+00	0.00e+00	0.00e+00
 1.05374e+14	2.50e-30	3.68e-23	1.17e-16	2.91e-11	5.63e-07	9.28e-04	9.99e-01	0.00e+00	0.00e+00	0.00e+00	0.00e+00	0.00e+00
 1.08866e+14	3.60e-30	5.00e-23	1.52e-16	3.53e-11	6.40e-07	9.91e-04	9.99e-01	0.00e+00	0.00e+00	0.00e+00	0.00e+00	0.00e+00
 1.13071e+14	5.68e-30	7.31e-23	2.05e-16	4.43e-11	7.44e-07	1.07e-03	9.99e-01	0.00e+00	0.00e+00	0.00e+00	0.00e+00	0.00e+00
 1.17246e+14	8.48e-30	1.03e-22	2.72e-16	5.49e-11	8.59e-07	1.15e-03	9.99e-01	0.00e+00	0.00e+00	0.00e+00	0.00e+00	0.00e+00
 1.20972e+14	1.23e-29	1.40e-22	3.49e-16	6.61e-11	9.72e-07	1.22e-03	9.99e-01	0.00e+00	0.00e+00	0.00e+00	0.00e+00	0.00e+00
 1.25072e+14	1.77e-29	1.91e-22	4.54e-16	8.06e-11	1.11e-06	1.31e-03	9.99e-01	0.00e+00	0.00e+00	0.00e+00	0.00e+00	0.00e+00
 1.29952e+14	2.80e-29	2.80e-22	6.15e-16	1.01e-10	1.29e-06	1.41e-03	9.99e-01	0.00e+00	0.00e+00	0.00e+00	0.00e+00	0.00e+00
 1.34792e+14	4.16e-29	3.93e-22	8.18e-16	1.26e-10	1.49e-06	1.52e-03	9.98e-01	0.00e+00	0.00e+00	0.00e+00	0.00e+00	0.00e+00
 1.39201e+14	6.10e-29	5.41e-22	1.06e-15	1.52e-10	1.70e-06	1.62e-03	9.98e-01	0.00e+00	0.00e+00	0.00e+00	0.00e+00	0.00e+00
 1.44107e+14	8.88e-29	7.46e-22	1.39e-15	1.87e-10	1.95e-06	1.74e-03	9.98e-01	0.00e+00	0.00e+00	0.00e+00	0.00e+00	0.00e+00
 1.49831e+14	1.39e-28	1.09e-21	1.89e-15	2.36e-10	2.27e-06	1.88e-03	9.98e-01	0.00e+00	0.00e+00	0.00e+00	0.00e+00	0.00e+00
 1.55468e+14	2.09e-28	1.54e-21	2.52e-15	2.94e-10	2.63e-06	2.03e-03	9.98e-01	0.00e+00	0.00e+00	0.00e+00	0.00e+00	0.00e+00
 1.60773e+14	3.05e-28	2.12e-21	3.29e-15	3.59e-10	3.00e-06	2.17e-03	9.98e-01	0.00e+00	0.00e+00	0.00e+00	0.00e+00	0.00e+00
 1.66677e+14	4.60e-28	3.00e-21	4.37e-15	4.45e-10	3.47e-06	2.33e-03	9.98e-01	0.00e+00	0.00e+00	0.00e+00	0.00e+00	0.00e+00
 1.73374e+14	7.27e-28	4.41e-21	5.97e-15	5.63e-10	4.05e-06	2.52e-03	9.97e-01	0.00e+00	0.00e+00	0.00e+00	0.00e+00	0.00e+00
 1.80055e+14	1.09e-27	6.22e-21	8.03e-15	7.04e-10	4.71e-06	2.72e-03	9.97e-01	0.00e+00	0.00e+00	0.00e+00	0.00e+00	0.00e+00
 1.86282e+14	1.62e-27	8.71e-21	1.05e-14	8.62e-10	5.39e-06	2.91e-03	9.97e-01	0.00e+00	0.00e+00	0.00e+00	0.00e+00	0.00e+00
 1.93042e+14	2.37e-27	1.21e-20	1.39e-14	1.07e-09	6.20e-06	3.13e-03	9.97e-01	0.00e+00	0.00e+00	0.00e+00	0.00e+00	0.00e+00
 2.00622e+14	3.71e-27	1.76e-20	1.89e-14	1.34e-09	7.23e-06	3.38e-03	9.97e-01	0.00e+00	0.00e+00	0.00e+00	0.00e+00	0.00e+00
 2.07700e+14	5.33e-27	2.41e-20	2.48e-14	1.65e-09	8.29e-06	3.63e-03	9.96e-01	0.00e+00	0.00e+00	0.00e+00	0.00e+00	0.00e+00
 2.14240e+14	7.53e-27	3.23e-20	3.16e-14	1.98e-09	9.38e-06	3.86e-03	9.96e-01	0.00e+00	0.00e+00	0.00e+00	0.00e+00	0.00e+00
 2.20510e+14	1.05e-26	4.27e-20	3.97e-14	2.35e-09	1.05e-05	4.09e-03	9.96e-01	0.00e+00	0.00e+00	0.00e+00	0.00e+00	0.00e+00
 2.27472e+14	1.48e-26	5.73e-20	5.08e-14	2.83e-09	1.19e-05	4.35e-03	9.96e-01	0.00e+00	0.00e+00	0.00e+00	0.00e+00	0.00e+00
 2.35173e+14	2.10e-26	7.75e-20	6.60e-14	3.45e-09	1.36e-05	4.66e-03	9.95e-01	0.00e+00	0.00e+00	0.00e+00	0.00e+00	0.00e+00
 2.42327e+14	2.98e-26	1.04e-19	8.36e-14	4.13e-09	1.53e-05	4.94e-03	9.95e-01	0.00e+00	0.00e+00	0.00e+00	0.00e+00	0.00e+00
 2.50122e+14	4.12e-26	1.38e-19	1.07e-13	4.98e-09	1.73e-05	5.27e-03	9.95e-01	0.00e+00	0.00e+00	0.00e+00	0.00e+00	0.00e+00
 2.58870e+14	6.06e-26	1.91e-19	1.41e-13	6.11e-09	1.99e-05	5.65e-03	9.94e-01	0.00e+00	0.00e+00	0.00e+00	0.00e+00	0.00e+00
 2.67225e+14	8.71e-26	2.60e-19	1.81e-13	7.39e-09	2.25e-05	6.02e-03	9.94e-01	0.00e+00	0.00e+00	0.00e+00	0.00e+00	0.00e+00
 2.76455e+14	1.24e-25	3.52e-19	2.36e-13	9.04e-09	2.58e-05	6.45e-03	9.94e-01	0.00e+00	0.00e+00	0.00e+00	0.00e+00	0.00e+00
 2.86648e+14	1.88e-25	5.01e-19	3.14e-13	1.12e-08	2.98e-05	6.93e-03	9.93e-01	0.00e+00	0.00e+00	0.00e+00	0.00e+00	0.00e+00
 2.96068e+14	2.60e-25	6.66e-19	4.05e-13	1.36e-08	3.38e-05	7.40e-03	9.93e-01	0.00e+00	0.00e+00	0.00e+00	0.00e+00	0.00e+00
 3.06288e+14	3.85e-25	9.27e-19	5.30e-13	1.66e-08	3.87e-05	7.92e-03	9.92e-01	0.00e+00	0.00e+00	0.00e+00	0.00e+00	0.00e+00
 3.17687e+14	5.59e-25	1.29e-18	7.05e-13	2.07e-08	4.47e-05	8.53e-03	9.91e-01	0.00e+00	0.00e+00	0.00e+00	0.00e+00	0.00e+00
 3.28352e+14	8.11e-25	1.76e-18	9.15e-13	2.52e-08	5.10e-05	9.11e-03	9.91e-01	0.00e+00	0.00e+00	0.00e+00	0.00e+00	0.00e+00
 3.39952e+14	1.15e-24	2.40e-18	1.20e-12	3.09e-08	5.85e-05	9.79e-03	9.90e-01	0.00e+00	0.00e+00	0.00e+00	0.00e+00	0.00e+00
 3.52845e+14	1.75e-24	3.42e-18	1.61e-12	3.86e-08	6.78e-05	1.05e-02	9.89e-01	0.00e+00	0.00e+00	0.00e+00	0.00e+00	0.00e+00
 3.64927e+14	2.45e-24	4.60e-18	2.09e-12	4.71e-08	7.74e-05	1.13e-02	9.89e-01	0.00e+00	0.00e+00	0.00e+00	0.00e+00	0.00e+00
 3.78101e+14	3.58e-24	6.38e-18	2.76e-12	5.82e-08	8.91e-05	1.21e-02	9.88e-01	0.00e+00	0.00e+00	0.00e+00	0.00e+00	0.00e+00
 3.92787e+14	5.26e-24	8.95e-18	3.72e-12	7.29e-08	1.04e-04	1.31e-02	9.87e-01	0.00e+00	0.00e+00	0.00e+00	0.00e+00	0.00e+00
 4.06618e+14	7.67e-24	1.24e-17	4.88e-12	8.96e-08	1.19e-04	1.41e-02	9.86e-01	0.00e+00	0.00e+00	0.00e+00	0.00e+00	0.00e+00
 4.21470e+14	1.10e-23	1.70e-17	6.44e-12	1.11e-07	1.37e-04	1.52e-02	9.85e-01	0.00e+00	0.00e+00	0.00e+00	0.00e+00	0.00e+00
 4.38359e+14	1.69e-23	2.46e-17	8.76e-12	1.40e-07	1.60e-04	1.64e-02	9.83e-01	0.00e+00	0.00e+00	0.00e+00	0.00e+00	0.00e+00
 4.54924e+14	2.42e-23	3.38e-17	1.17e-11	1.74e-07	1.85e-04	1.77e-02	9.82e-01	0.00e+00	0.00e+00	0.00e+00	0.00e+00	0.00e+00
 4.70750e+14	3.50e-23	4.65e-17	1.52e-11	2.13e-07	2.12e-04	1.90e-02	9.81e-01	0.00e+00	0.00e+00	0.00e+00	0.00e+00	0.00e+00
 4.88208e+14	5.00e-23	6.39e-17	2.02e-11	2.65e-07	2.44e-04	2.05e-02	9.79e-01	0.00e+00	0.00e+00	0.00e+00	0.00e+00	0.00e+00
 5.07766e+14	7.51e-23	9.11e-17	2.74e-11	3.34e-07	2.85e-04	2.22e-02	9.77e-01	0.00e+00	0.00e+00	0.00e+00	0.00e+00	0.00e+00
 5.24384e+14	1.01e-22	1.20e-16	3.50e-11	4.04e-07	3.23e-04	2.38e-02	9.76e-01	0.00e+00	0.00e+00	0.00e+00	0.00e+00	0.00e+00
 5.36555e+14	1.28e-22	1.47e-16	4.18e-11	4.63e-07	3.54e-04	2.49e-02	9.75e-01	0.00e+00	0.00e+00	0.00e+00	0.00e+00	0.00e+00
 5.49258e+14	1.62e-22	1.81e-16	5.01e-11	5.32e-07	3.87e-04	2.62e-02	9.73e-01	0.00e+00	0.00e+00	0.00e+00	0.00e+00	0.00e+00
 5.65773e+14	2.15e-22	2.34e-16	6.28e-11	6.33e-07	4.35e-04	2.79e-02	9.72e-01	0.00e+00	0.00e+00	0.00e+00	0.00e+00	0.00e+00
 5.84010e+14	2.95e-22	3.09e-16	8.02e-11	7.64e-07	4.93e-04	2.98e-02	9.70e-01	0.00e+00	0.00e+00	0.00e+00	0.00e+00	0.00e+00
 6.00948e+14	3.93e-22	3.99e-16	9.99e-11	9.05e-07	5.51e-04	3.16e-02	9.68e-01	0.00e+00	0.00e+00	0.00e+00	0.00e+00	0.00e+00
 6.19434e+14	5.23e-22	5.17e-16	1.26e-10	1.08e-06	6.19e-04	3.37e-02	9.66e-01	0.00e+00	0.00e+00	0.00e+00	0.00e+00	0.00e+00
 6.40100e+14	7.18e-22	6.88e-16	1.62e-10	1.31e-06	7.04e-04	3.61e-02	9.63e-01	0.00e+00	0.00e+00	0.00e+00	0.00e+00	0.00e+00
 6.59667e+14	9.68e-22	8.98e-16	2.04e-10	1.57e-06	7.91e-04	3.84e-02	9.61e-01	0.00e+00	0.00e+00	0.00e+00	0.00e+00	0.00e+00
 6.81168e+14	1.31e-21	1.19e-15	2.60e-10	1.89e-06	8.96e-04	4.11e-02	9.58e-01	0.00e+00	0.00e+00	0.00e+00	0.00e+00	0.00e+00
 7.05128e+14	1.83e-21	1.60e-15	3.40e-10	2.32e-06	1.02e-03	4.42e-02	9.55e-01	0.00e+00	0.00e+00	0.00e+00	0.00e+00	0.00e+00
 7.27853e+14	2.47e-21	2.11e-15	4.33e-10	2.80e-06	1.16e-03	4.73e-02	9.52e-01	0.00e+00	0.00e+00	0.00e+00	0.00e+00	0.00e+00
 7.52962e+14	3.43e-21	2.83e-15	5.61e-10	3.42e-06	1.32e-03	5.08e-02	9.48e-01	0.00e+00	0.00e+00	0.00e+00	0.00e+00	0.00e+00
 7.80767e+14	4.84e-21	3.89e-15	7.41e-10	4.23e-06	1.52e-03	5.49e-02	9.44e-01	0.00e+00	0.00e+00	0.00e+00	0.00e+00	0.00e+00
 8.06422e+14	6.60e-21	5.16e-15	9.49e-10	5.12e-06	1.72e-03	5.87e-02	9.40e-01	0.00e+00	0.00e+00	0.00e+00	0.00e+00	0.00e+00
 8.34120e+14	9.15e-21	6.95e-15	1.23e-09	6.24e-06	1.96e-03	6.31e-02	9.35e-01	0.00e+00	0.00e+00	0.00e+00	0.00e+00	0.00e+00
 8.65044e+14	1.30e-20	9.57e-15	1.62e-09	7.73e-06	2.25e-03	6.81e-02	9.30e-01	0.00e+00	0.00e+00	0.00e+00	0.00e+00	0.00e+00
 8.94024e+14	1.77e-20	1.28e-14	2.09e-09	9.38e-06	2.55e-03	7.28e-02	9.25e-01	0.00e+00	0.00e+00	0.00e+00	0.00e+00	0.00e+00
 9.25563e+14	2.49e-20	1.74e-14	2.73e-09	1.15e-05	2.91e-03	7.83e-02	9.19e-01	0.00e+00	0.00e+00	0.00e+00	0.00e+00	0.00e+00
 9.60679e+14	3.56e-20	2.42e-14	3.63e-09	1.43e-05	3.35e-03	8.47e-02	9.12e-01	0.00e+00	0.00e+00	0.00e+00	0.00e+00	0.00e+00
 9.93532e+14	4.91e-20	3.25e-14	4.71e-09	1.74e-05	3.80e-03	9.05e-02	9.06e-01	0.00e+00	0.00e+00	0.00e+00	0.00e+00	0.00e+00
 1.02929e+15	7.04e-20	4.50e-14	6.18e-09	2.14e-05	4.35e-03	9.74e-02	8.98e-01	0.00e+00	0.00e+00	0.00e+00	0.00e+00	0.00e+00
 1.06933e+15	1.02e-19	6.34e-14	8.29e-09	2.67e-05	5.01e-03	1.05e-01	8.90e-01	0.00e+00	0.00e+00	0.00e+00	0.00e+00	0.00e+00
 1.10728e+15	1.45e-19	8.70e-14	1.08e-08	3.27e-05	5.71e-03	1.13e-01	8.82e-01	0.00e+00	0.00e+00	0.00e+00	0.00e+00	0.00e+00
 1.14793e+15	2.08e-19	1.21e-13	1.43e-08	4.03e-05	6.53e-03	1.21e-01	8.72e-01	0.00e+00	0.00e+00	0.00e+00	0.00e+00	0.00e+00
 1.19388e+15	3.09e-19	1.73e-13	1.94e-08	5.06e-05	7.55e-03	1.31e-01	8.62e-01	0.00e+00	0.00e+00	0.00e+00	0.00e+00	0.00e+00
 1.23914e+15	4.48e-19	2.44e-13	2.59e-08	6.28e-05	8.66e-03	1.40e-01	8.51e-01	0.00e+00	0.00e+00	0.00e+00	0.00e+00	0.00e+00
 1.27595e+15	6.05e-19	3.19e-13	3.24e-08	7.43e-05	9.64e-03	1.49e-01	8.42e-01	0.00e+00	0.00e+00	0.00e+00	0.00e+00	0.00e+00
 1.30457e+15	7.60e-19	3.92e-13	3.84e-08	8.43e-05	1.04e-02	1.55e-01	8.35e-01	0.00e+00	0.00e+00	0.00e+00	0.00e+00	0.00e+00
 1.33594e+15	9.70e-19	4.89e-13	4.62e-08	9.66e-05	1.14e-02	1.62e-01	8.27e-01	0.00e+00	0.00e+00	0.00e+00	0.00e+00	0.00e+00
 1.37673e+15	1.32e-18	6.47e-13	5.82e-08	1.15e-04	1.27e-02	1.71e-01	8.16e-01	0.00e+00	0.00e+00	0.00e+00	0.00e+00	0.00e+00
 1.42083e+15	1.79e-18	8.55e-13	7.42e-08	1.37e-04	1.42e-02	1.81e-01	8.05e-01	0.00e+00	0.00e+00	0.00e+00	0.00e+00	0.00e+00
 1.46065e+15	2.45e-18	1.12e-12	9.18e-08	1.61e-04	1.57e-02	1.90e-01	7.94e-01	0.00e+00	0.00e+00	0.00e+00	0.00e+00	0.00e+00
 1.50383e+15	3.31e-18	1.47e-12	1.15e-07	1.89e-04	1.74e-02	2.00e-01	7.82e-01	0.00e+00	0.00e+00	0.00e+00	0.00e+00	0.00e+00
 1.55881e+15	4.85e-18	2.07e-12	1.51e-07	2.32e-04	1.97e-02	2.13e-01	7.67e-01	0.00e+00	0.00e+00	0.00e+00	0.00e+00	0.00e+00
 1.61410e+15	6.79e-18	2.81e-12	1.97e-07	2.82e-04	2.23e-02	2.26e-01	7.52e-01	0.00e+00	0.00e+00	0.00e+00	0.00e+00	0.00e+00
 1.66025e+15	9.21e-18	3.68e-12	2.45e-07	3.30e-04	2.46e-02	2.36e-01	7.39e-01	0.00e+00	0.00e+00	0.00e+00	0.00e+00	0.00e+00
 1.70958e+15	1.26e-17	4.84e-12	3.05e-07	3.88e-04	2.72e-02	2.48e-01	7.25e-01	0.00e+00	0.00e+00	0.00e+00	0.00e+00	0.00e+00
 1.77222e+15	1.88e-17	6.87e-12	4.01e-07	4.73e-04	3.07e-02	2.62e-01	7.07e-01	0.00e+00	0.00e+00	0.00e+00	0.00e+00	0.00e+00
 1.83801e+15	2.76e-17	9.50e-12	5.28e-07	5.77e-04	3.47e-02	2.77e-01	6.88e-01	0.00e+00	0.00e+00	1.58e-17	8.36e-18	2.96e-18
 1.89684e+15	3.86e-17	1.28e-11	6.69e-07	6.84e-04	3.85e-02	2.90e-01	6.71e-01	0.00e+00	0.00e+00	2.21e-17	1.17e-17	4.12e-18
 1.96081e+15	5.50e-17	1.74e-11	8.57e-07	8.18e-04	4.29e-02	3.04e-01	6.52e-01	0.00e+00	0.00e+00	3.15e-17	1.67e-17	5.85e-18
 2.03692e+15	8.62e-17	2.54e-11	1.14e-06	1.00e-03	4.85e-02	3.20e-01	6.30e-01	0.00e+00	0.00e+00	4.94e-17	2.62e-17	9.09e-18
 2.11198e+15	1.26e-16	3.54e-11	1.49e-06	1.21e-03	5.44e-02	3.35e-01	6.09e-01	0.00e+00	0.00e+00	7.24e-17	3.83e-17	1.33e-17
 2.18010e+15	1.78e-16	4.76e-11	1.88e-06	1.43e-03	6.01e-02	3.49e-01	5.90e-01	0.00e+00	0.00e+00	1.02e-16	5.41e-17	1.86e-17
 2.25604e+15	2.50e-16	6.42e-11	2.41e-06	1.71e-03	6.67e-02	3.63e-01	5.68e-01	0.00e+00	0.00e+00	1.44e-16	7.59e-17	2.61e-17
 2.34495e+15	3.92e-16	9.32e-11	3.19e-06	2.09e-03	7.50e-02	3.79e-01	5.44e-01	0.00e+00	0.00e+00	2.26e-16	1.19e-16	4.07e-17
 2.43270e+15	5.84e-16	1.30e-10	4.15e-06	2.51e-03	8.35e-02	3.94e-01	5.20e-01	0.00e+00	0.00e+00	3.37e-16	1.77e-16	6.04e-17
 2.51535e+15	8.40e-16	1.77e-10	5.27e-06	2.97e-03	9.20e-02	4.07e-01	4.98e-01	0.00e+00	0.00e+00	4.84e-16	2.55e-16	8.66e-17
 2.60739e+15	1.20e-15	2.41e-10	6.79e-06	3.54e-03	1.02e-01	4.20e-01	4.75e-01	0.00e+00	0.00e+00	6.91e-16	3.64e-16	1.23e-16
 2.71172e+15	1.92e-15	3.52e-10	8.96e-06	4.29e-03	1.13e-01	4.34e-01	4.48e-01	0.00e+00	0.00e+00	1.11e-15	5.82e-16	1.96e-16
 2.79907e+15	2.70e-15	4.68e-10	1.12e-05	5.00e-03	1.24e-01	4.44e-01	4.27e-01	0.00e+00	0.00e+00	1.56e-15	8.20e-16	2.76e-16
 2.86162e+15	3.43e-15	5.70e-10	1.30e-05	5.55e-03	1.31e-01	4.51e-01	4.13e-01	0.00e+00	0.00e+00	1.98e-15	1.04e-15	3.50e-16
 2.92692e+15	4.38e-15	6.96e-10	1.52e-05	6.17e-03	1.39e-01	4.57e-01	3.98e-01	0.00e+00	0.00e+00	2.53e-15	1.33e-15	4.45e-16
 3.01182e+15	5.73e-15	8.78e-10	1.84e-05	7.04e-03	1.49e-01	4.65e-01	3.79e-01	0.00e+00	0.00e+00	3.31e-15	1.74e-15	5.82e-16
 3.10668e+15	8.33e-15	1.18e-09	2.27e-05	8.12e-03	1.61e-01	4.72e-01	3.59e-01	0.00e+00	0.00e+00	4.82e-15	2.53e-15	8.44e-16
 3.19545e+15	1.08e-14	1.47e-09	2.73e-05	9.21e-03	1.73e-01	4.77e-01	3.41e-01	0.00e+00	0.00e+00	6.27e-15	3.29e-15	1.10e-15
 3.29179e+15	1.55e-14	1.95e-09	3.33e-05	1.05e-02	1.85e-01	4.83e-01	3.21e-01	0.00e+00	0.00e+00	8.96e-15	4.70e-15	1.56e-15
 3.39940e+15	2.18e-14	2.57e-09	4.11e-05	1.21e-02	1.99e-01	4.87e-01	3.01e-01	0.00e+00	0.00e+00	1.26e-14	6.62e-15	2.20e-15
 3.50110e+15	2.87e-14	3.24e-09	4.97e-05	1.38e-02	2.13e-01	4.90e-01	2.84e-01	0.00e+00	0.00e+00	1.66e-14	8.72e-15	2.89e-15
 3.61277e+15	3.99e-14	4.22e-09	6.08e-05	1.57e-02	2.27e-01	4.92e-01	2.65e-01	0.00e+00	0.00e+00	2.31e-14	1.21e-14	4.01e-15
 3.73784e+15	6.00e-14	5.77e-09	7.57e-05	1.82e-02	2.44e-01	4.93e-01	2.45e-01	0.00e+00	0.00e+00	3.47e-14	1.82e-14	6.02e-15
 3.85592e+15	8.32e-14	7.47e-09	9.20e-05	2.06e-02	2.60e-01	4.92e-01	2.28e-01	0.00e+00	0.00e+00	4.82e-14	2.52e-14	8.34e-15
 3.98500e+15	1.16e-13	9.76e-09	1.13e-04	2.36e-02	2.77e-01	4.89e-01	2.10e-01	0.00e+00	0.00e+00	6.74e-14	3.53e-14	1.16e-14
 4.12806e+15	1.62e-13	1.28e-08	1.40e-04	2.71e-02	2.95e-01	4.85e-01	1.92e-01	0.00e+00	0.00e+00	9.41e-14	4.93e-14	1.62e-14
 4.26121e+15	2.38e-13	1.71e-08	1.70e-04	3.07e-02	3.12e-01	4.80e-01	1.76e-01	0.00e+00	0.00e+00	1.38e-13	7.23e-14	2.38e-14
 4.40623e+15	3.33e-13	2.22e-08	2.08e-04	3.48e-02	3.30e-01	4.74e-01	1.61e-01	0.00e+00	0.00e+00	1.93e-13	1.01e-13	3.32e-14
 4.56650e+15	4.65e-13	2.90e-08	2.57e-04	3.97e-02	3.50e-01	4.65e-01	1.45e-01	0.00e+00	0.00e+00	2.69e-13	1.41e-13	4.63e-14
 4.71587e+15	6.50e-13	3.76e-08	3.10e-04	4.47e-02	3.67e-01	4.56e-01	1.32e-01	0.00e+00	0.00e+00	3.77e-13	1.97e-13	6.47e-14
 4.87930e+15	9.74e-13	5.06e-08	3.80e-04	5.06e-02	3.86e-01	4.45e-01	1.18e-01	0.00e+00	0.00e+00	5.65e-13	2.96e-13	9.69e-14
 5.05898e+15	1.39e-12	6.66e-08	4.67e-04	5.74e-02	4.05e-01	4.32e-01	1.06e-01	0.00e+00	0.00e+00	8.06e-13	4.22e-13	1.38e-13
 5.22661e+15	1.88e-12	8.44e-08	5.61e-04	6.41e-02	4.22e-01	4.19e-01	9.47e-02	0.00e+00	0.00e+00	1.09e-12	5.70e-13	1.86e-13
 5.38399e+15	2.55e-12	1.06e-07	6.63e-04	7.08e-02	4.37e-01	4.06e-01	8.54e-02	0.00e+00	0.00e+00	1.48e-12	7.74e-13	2.53e-13
 5.56122e+15	3.73e-12	1.40e-07	7.98e-04	7.89e-02	4.53e-01	3.92e-01	7.59e-02	0.00e+00	0.00e+00	2.17e-12	1.13e-12	3.70e-13
 5.75551e+15	5.20e-12	1.81e-07	9.63e-04	8.81e-02	4.69e-01	3.76e-01	6.68e-02	0.00e+00	0.00e+00	3.02e-12	1.58e-12	5.16e-13
 5.93552e+15	6.88e-12	2.25e-07	1.14e-03	9.70e-02	4.82e-01	3.60e-01	5.94e-02	0.00e+00	0.00e+00	4.00e-12	2.09e-12	6.82e-13
 6.09673e+15	9.07e-12	2.76e-07	1.32e-03	1.05e-01	4.93e-01	3.47e-01	5.34e-02	0.00e+00	0.00e+00	5.27e-12	2.76e-12	8.98e-13
 6.24525e+15	1.16e-11	3.33e-07	1.50e-03	1.13e-01	5.02e-01	3.34e-01	4.84e-02	0.00e+00	0.00e+00	6.76e-12	3.54e-12	1.15e-12
 6.41362e+15	1.52e-11	4.06e-07	1.74e-03	1.23e-01	5.12e-01	3.20e-01	4.33e-02	0.00e+00	0.00e+00	8.83e-12	4.62e-12	1.50e-12
 6.60079e+15	2.03e-11	5.04e-07	2.03e-03	1.34e-01	5.21e-01	3.05e-01	3.83e-02	0.00e+00	0.00e+00	1.18e-11	6.16e-12	2.01e-12
 6.77743e+15	2.79e-11	6.31e-07	2.34e-03	1.44e-01	5.29e-01	2.90e-01	3.39e-02	0.00e+00	0.00e+00	1.62e-11	8.48e-12	2.76e-12
 6.94059e+15	3.50e-11	7.49e-07	2.65e-03	1.54e-01	5.35e-01	2.77e-01	3.05e-02	0.00e+00	0.00e+00	2.04e-11	1.07e-11	3.47e-12
 7.12118e+15	4.41e-11	8.95e-07	3.04e-03	1.66e-01	5.41e-01	2.63e-01	2.70e-02	0.00e+00	0.00e+00	2.56e-11	1.34e-11	4.37e-12
 7.35595e+15	6.48e-11	1.18e-06	3.63e-03	1.81e-01	5.47e-01	2.46e-01	2.30e-02	0.00e+00	0.00e+00	3.77e-11	1.97e-11	6.41e-12
 7.58808e+15	8.39e-11	1.44e-06	4.25e-03	1.96e-01	5.50e-01	2.29e-01	1.98e-02	0.00e+00	0.00e+00	4.88e-11	2.55e-11	8.30e-12
 7.77137e+15	1.14e-10	1.78e-06	4.84e-03	2.09e-01	5.52e-01	2.16e-01	1.74e-02	0.00e+00	0.00e+00	6.60e-11	3.46e-11	1.12e-11
 7.96426e+15	1.47e-10	2.15e-06	5.52e-03	2.23e-01	5.53e-01	2.03e-01	1.53e-02	0.00e+00	0.00e+00	8.54e-11	4.47e-11	1.45e-11
 8.21502e+15	1.92e-10	2.65e-06	6.51e-03	2.41e-01	5.52e-01	1.87e-01	1.29e-02	0.00e+00	0.00e+00	1.12e-10	5.84e-11	1.90e-11
 8.47316e+15	2.85e-10	3.48e-06	7.71e-03	2.61e-01	5.49e-01	1.72e-01	1.08e-02	0.00e+00	0.00e+00	1.65e-10	8.67e-11	2.82e-11
 8.68280e+15	3.66e-10	4.20e-06	8.79e-03	2.76e-01	5.46e-01	1.60e-01	9.35e-03	0.00e+00	0.00e+00	2.13e-10	1.12e-10	3.63e-11
 8.86866e+15	4.61e-10	4.97e-06	9.87e-03	2.91e-01	5.42e-01	1.49e-01	8.22e-03	0.00e+00	0.00e+00	2.68e-10	1.41e-10	4.57e-11
 9.08171e+15	6.04e-10	6.04e-06	1.13e-02	3.08e-01	5.36e-01	1.38e-01	7.07e-03	0.00e+00	0.00e+00	3.51e-10	1.84e-10	5.98e-11
 9.31809e+15	7.56e-10	7.22e-06	1.30e-02	3.26e-01	5.28e-01	1.27e-01	6.02e-03	0.00e+00	0.00e+00	4.40e-10	2.30e-10	7.49e-11
 9.53975e+15	1.05e-09	9.07e-06	1.49e-02	3.44e-01	5.19e-01	1.16e-01	5.11e-03	0.00e+00	0.00e+00	6.11e-10	3.21e-10	1.04e-10
 9.74262e+15	1.34e-09	1.08e-05	1.68e-02	3.61e-01	5.11e-01	1.07e-01	4.42e-03	0.00e+00	0.00e+00	7.79e-10	4.09e-10	1.33e-10
 9.96611e+15	1.66e-09	1.28e-05	1.92e-02	3.79e-01	5.00e-01	9.83e-02	3.77e-03	0.00e+00	0.00e+00	9.65e-10	5.06e-10	1.64e-10
 1.02108e+16	2.40e-09	1.65e-05	2.23e-02	4.00e-01	4.86e-01	8.86e-02	3.12e-03	0.00e+00	0.00e+00	1.40e-09	7.32e-10	2.38e-10
 1.04225e+16	3.01e-09	1.96e-05	2.52e-02	4.17e-01	4.74e-01	8.11e-02	2.67e-03	0.00e+00	0.00e+00	1.75e-09	9.18e-10	2.99e-10
 1.06087e+16	3.66e-09	2.28e-05	2.82e-02	4.32e-01	4.62e-01	7.47e-02	2.32e-03	0.00e+00	0.00e+00	2.13e-09	1.12e-09	3.63e-10
 1.08224e+16	4.73e-09	2.76e-05	3.22e-02	4.50e-01	4.48e-01	6.77e-02	1.96e-03	0.00e+00	0.00e+00	2.75e-09	1.44e-09	4.70e-10
 1.10546e+16	6.93e-09	3.58e-05	3.73e-02	4.70e-01	4.31e-01	6.04e-02	1.61e-03	0.00e+00	0.00e+00	4.03e-09	2.12e-09	6.89e-10
 1.12533e+16	8.88e-09	4.31e-05	4.22e-02	4.86e-01	4.16e-01	5.48e-02	1.37e-03	0.00e+00	0.00e+00	5.17e-09	2.71e-09	8.83e-10
 1.14264e+16	1.12e-08	5.11e-05	4.72e-02	4.99e-01	4.02e-01	5.01e-02	1.18e-03	0.00e+00	0.00e+00	6.53e-09	3.43e-09	1.12e-09
 1.15916e+16	1.41e-08	6.02e-05	5.26e-02	5.12e-01	3.88e-01	4.58e-02	1.02e-03	0.00e+00	0.00e+00	8.18e-09	4.30e-09	1.40e-09
 1.17474e+16	1.72e-08	6.99e-05	5.83e-02	5.24e-01	3.75e-01	4.20e-02	8.94e-04	0.00e+00	0.00e+00	9.98e-09	5.24e-09	1.71e-09
 1.19233e+16	2.11e-08	8.20e-05	6.58e-02	5.37e-01	3.58e-01	3.79e-02	7.61e-04	0.00e+00	0.00e+00	1.23e-08	6.43e-09	2.10e-09
 1.21219e+16	2.98e-08	1.05e-04	7.59e-02	5.51e-01	3.39e-01	3.35e-02	6.24e-04	0.00e+00	0.00e+00	1.73e-08	9.11e-09	2.97e-09
 1.23011e+16	3.73e-08	1.25e-04	8.63e-02	5.62e-01	3.21e-01	2.98e-02	5.24e-04	0.00e+00	0.00e+00	2.17e-08	1.14e-08	3.72e-09
 1.24570e+16	5.11e-08	1.55e-04	9.75e-02	5.71e-01	3.04e-01	2.67e-02	4.41e-04	0.00e+00	0.00e+00	2.97e-08	1.56e-08	5.10e-09
 1.26047e+16	6.22e-08	1.81e-04	1.09e-01	5.78e-01	2.88e-01	2.39e-02	3.75e-04	0.00e+00	0.00e+00	3.62e-08	1.90e-08	6.21e-09
 1.27698e+16	8.22e-08	2.22e-04	1.25e-01	5.85e-01	2.69e-01	2.09e-02	3.08e-04	0.00e+00	0.00e+00	4.78e-08	2.51e-08	8.21e-09
 1.29432e+16	1.13e-07	2.80e-04	1.45e-01	5.89e-01	2.48e-01	1.80e-02	2.48e-04	0.00e+00	0.00e+00	6.55e-08	3.44e-08	1.12e-08
 1.30852e+16	1.66e-07	3.64e-04	1.66e-01	5.89e-01	2.29e-01	1.56e-02	2.00e-04	0.00e+00	0.00e+00	9.68e-08	5.09e-08	1.66e-08
 1.31940e+16	2.07e-07	4.28e-04	1.83e-01	5.87e-01	2.15e-01	1.39e-02	1.71e-04	0.00e+00	0.00e+00	1.21e-07	6.34e-08	2.07e-08
 1.32866e+16	2.54e-07	4.95e-04	2.00e-01	5.84e-01	2.02e-01	1.26e-02	1.47e-04	0.00e+00	0.00e+00	1.48e-07	7.76e-08	2.54e-08
 1.33925e+16	2.99e-07	5.65e-04	2.22e-01	5.79e-01	1.87e-01	1.11e-02	1.24e-04	0.00e+00	0.00e+00	1.74e-07	9.14e-08	2.99e-08
 1.35301e+16	4.39e-07	7.40e-04	2.56e-01	5.68e-01	1.66e-01	9.14e-03	9.51e-05	0.00e+00	0.00e+00	2.55e-07	1.34e-07	4.40e-08
 1.36514e+16	5.88e-07	9.14e-04	2.90e-01	5.53e-01	1.48e-01	7.64e-03	7.46e-05	0.00e+00	0.00e+00	3.42e-07	1.80e-07	5.90e-08
 1.37176e+16	7.13e-07	1.04e-03	3.12e-01	5.42e-01	1.38e-01	6.83e-03	6.41e-05	0.00e+00	0.00e+00	4.15e-07	2.18e-07	7.16e-08
 1.37602e+16	7.96e-07	1.13e-03	3.27e-01	5.34e-01	1.32e-01	6.34e-03	5.80e-05	0.00e+00	0.00e+00	4.63e-07	2.44e-07	8.00e-08
 1.38060e+16	8.95e-07	1.23e-03	3.44e-01	5.25e-01	1.24e-01	5.81e-03	5.18e-05	0.00e+00	0.00e+00	5.21e-07	2.74e-07	8.99e-08
 1.38654e+16	1.06e-06	1.38e-03	3.67e-01	5.12e-01	1.14e-01	5.15e-03	4.42e-05	0.00e+00	0.00e+00	6.15e-07	3.24e-07	1.06e-07
 1.39314e+16	1.27e-06	1.58e-03	3.95e-01	4.95e-01	1.04e-01	4.47e-03	3.68e-05	0.00e+00	0.00e+00	7.40e-07	3.90e-07	1.28e-07
 1.39913e+16	1.45e-06	1.74e-03	4.21e-01	4.78e-01	9.47e-02	3.91e-03	3.10e-05	0.00e+00	0.00e+00	8.44e-07	4.45e-07	1.46e-07
 1.40545e+16	1.75e-06	1.98e-03	4.52e-01	4.58e-01	8.46e-02	3.33e-03	2.52e-05	0.00e+00	0.00e+00	1.02e-06	5.35e-07	1.76e-07
 1.41199e+16	2.12e-06	2.27e-03	4.85e-01	4.35e-01	7.47e-02	2.79e-03	2.01e-05	0.00e+00	0.00e+00	1.23e-06	6.51e-07	2.14e-07
 1.41727e+16	2.61e-06	2.60e-03	5.15e-01	4.14e-01	6.68e-02	2.38e-03	1.63e-05	0.00e+00	0.00e+00	1.52e-06	7.99e-07	2.63e-07
 1.42144e+16	2.96e-06	2.83e-03	5.37e-01	3.97e-01	6.09e-02	2.09e-03	1.38e-05	0.00e+00	0.00e+00	1.72e-06	9.07e-07	2.99e-07
 1.42568e+16	3.28e-06	3.04e-03	5.61e-01	3.79e-01	5.49e-02	1.81e-03	1.16e-05	0.00e+00	0.00e+00	1.91e-06	1.01e-06	3.32e-07
 1.43119e+16	4.07e-06	3.50e-03	5.95e-01	3.53e-01	4.73e-02	1.47e-03	8.90e-06	0.00e+00	0.00e+00	2.37e-06	1.25e-06	4.12e-07
 1.43662e+16	4.76e-06	3.88e-03	6.25e-01	3.29e-01	4.08e-02	1.20e-03	6.92e-06	0.00e+00	0.00e+00	2.77e-06	1.46e-06	4.82e-07
 1.44117e+16	5.48e-06	4.26e-03	6.52e-01	3.07e-01	3.56e-02	9.98e-04	5.49e-06	0.00e+00	0.00e+00	3.18e-06	1.68e-06	5.55e-07
 1.44633e+16	6.47e-06	4.74e-03	6.82e-01	2.82e-01	3.00e-02	7.92e-04	4.12e-06	0.00e+00	0.00e+00	3.76e-06	1.99e-06	6.57e-07
 1.45198e+16	7.67e-06	5.28e-03	7.14e-01	2.56e-01	2.47e-02	6.10e-04	2.98e-06	0.00e+00	0.00e+00	4.46e-06	2.36e-06	7.79e-07
 1.45722e+16	8.98e-06	5.83e-03	7.42e-01	2.31e-01	2.04e-02	4.71e-04	2.17e-06	0.00e+00	0.00e+00	5.22e-06	2.76e-06	9.14e-07
 1.46223e+16	1.04e-05	6.37e-03	7.67e-01	2.09e-01	1.68e-02	3.62e-04	1.57e-06	0.00e+00	0.00e+00	6.04e-06	3.19e-06	1.06e-06
 1.46799e+16	1.23e-05	7.05e-03	7.95e-01	1.84e-01	1.32e-02	2.63e-04	1.06e-06	0.00e+00	0.00e+00	7.15e-06	3.78e-06	1.25e-06
 1.47433e+16	1.46e-05	7.80e-03	8.22e-01	1.60e-01	1.01e-02	1.83e-04	6.81e-07	0.00e+00	0.00e+00	8.49e-06	4.49e-06	1.49e-06
 1.48029e+16	1.71e-05	8.55e-03	8.45e-01	1.39e-01	7.77e-03	1.28e-04	0.00e+00	0.00e+00	0.00e+00	9.94e-06	5.26e-06	1.75e-06
 1.48694e+16	2.03e-05	9.43e-03	8.67e-01	1.18e-01	5.69e-03	8.42e-05	0.00e+00	0.00e+00	0.00e+00	1.18e-05	6.26e-06	2.09e-06
 1.49442e+16	2.44e-05	1.04e-02	8.88e-01	9.74e-02	4.00e-03	5.23e-05	0.00e+00	0.00e+00	0.00e+00	1.42e-05	7.52e-06	2.51e-06
 1.50179e+16	2.89e-05	1.14e-02	9.05e-01	8.06e-02	2.82e-03	3.24e-05	0.00e+00	0.00e+00	0.00e+00	1.68e-05	8.91e-06	2.98e-06
 1.51019e+16	3.49e-05	1.26e-02	9.21e-01	6.47e-02	1.87e-03	1.85e-05	0.00e+00	0.00e+00	0.00e+00	2.03e-05	1.08e-05	3.60e-06
 1.52111e+16	4.38e-05	1.41e-02	9.36e-01	4.88e-02	1.10e-03	8.91e-06	0.00e+00	0.00e+00	0.00e+00	2.55e-05	1.35e-05	4.52e-06
