#depth	N	N+	N+2	N+3	N+4	N+5	N+6	N+7
 1.49634e+10	0.00e+00	0.00e+00	3.77e-27	5.22e-18	1.30e-09	9.69e-01	3.14e-02	0.00e+00
 4.54887e+10	0.00e+00	6.89e-37	4.81e-27	6.15e-18	1.41e-09	9.71e-01	2.89e-02	3.35e-07
 7.72350e+10	0.00e+00	0.00e+00	6.13e-27	7.24e-18	1.54e-09	9.73e-01	2.67e-02	0.00e+00
 1.10251e+11	0.00e+00	1.31e-36	7.82e-27	8.52e-18	1.67e-09	9.75e-01	2.46e-02	0.00e+00
 1.43635e+11	3.50e-47	1.80e-36	9.91e-27	9.99e-18	1.81e-09	9.77e-01	2.27e-02	0.00e+00
 1.78355e+11	0.00e+00	2.46e-36	1.26e-26	1.17e-17	1.96e-09	9.79e-01	2.09e-02	0.00e+00
 2.15416e+11	7.75e-47	3.40e-36	1.60e-26	1.38e-17	2.13e-09	9.81e-01	1.93e-02	0.00e+00
 2.53959e+11	0.00e+00	4.70e-36	2.04e-26	1.63e-17	2.31e-09	9.82e-01	1.77e-02	0.00e+00
 2.94044e+11	1.74e-46	6.50e-36	2.61e-26	1.92e-17	2.51e-09	9.84e-01	1.63e-02	0.00e+00
 3.35733e+11	0.00e+00	0.00e+00	3.33e-26	2.26e-17	2.73e-09	9.85e-01	1.50e-02	0.00e+00
 3.79089e+11	0.00e+00	1.24e-35	4.26e-26	2.66e-17	2.97e-09	9.86e-01	1.38e-02	0.00e+00
 4.24179e+11	5.88e-46	1.72e-35	5.44e-26	3.14e-17	3.23e-09	9.87e-01	1.26e-02	0.00e+00
 4.71073e+11	0.00e+00	0.00e+00	6.96e-26	3.70e-17	3.51e-09	9.88e-01	1.16e-02	0.00e+00
 5.15121e+11	0.00e+00	3.21e-35	8.69e-26	4.30e-17	3.78e-09	9.89e-01	1.08e-02	0.00e+00
 5.54245e+11	1.76e-45	4.14e-35	1.05e-25	4.89e-17	4.04e-09	9.90e-01	1.01e-02	0.00e+00
 5.97907e+11	0.00e+00	0.00e+00	1.30e-25	5.62e-17	4.33e-09	9.91e-01	9.37e-03	0.00e+00
 6.50001e+11	0.00e+00	7.50e-35	1.65e-25	6.61e-17	4.70e-09	9.91e-01	8.61e-03	0.00e+00
 7.02525e+11	5.43e-45	1.02e-34	2.08e-25	7.74e-17	5.09e-09	9.92e-01	7.94e-03	0.00e+00
 7.51554e+11	0.00e+00	1.35e-34	2.57e-25	8.91e-17	5.47e-09	9.93e-01	7.38e-03	0.00e+00
 8.05947e+11	1.12e-44	1.82e-34	3.22e-25	1.04e-16	5.90e-09	9.93e-01	6.82e-03	0.00e+00
 8.68111e+11	0.00e+00	2.54e-34	4.14e-25	1.23e-16	6.43e-09	9.94e-01	6.25e-03	0.00e+00
 9.29896e+11	2.52e-44	3.49e-34	5.26e-25	1.44e-16	6.98e-09	9.94e-01	5.75e-03	0.00e+00
 9.94151e+11	0.00e+00	4.79e-34	6.69e-25	1.70e-16	7.57e-09	9.95e-01	5.29e-03	0.00e+00
 1.06384e+12	5.69e-44	6.69e-34	8.61e-25	2.01e-16	8.25e-09	9.95e-01	4.84e-03	0.00e+00
 1.13632e+12	0.00e+00	9.34e-34	1.11e-24	2.39e-16	9.00e-09	9.96e-01	4.44e-03	0.00e+00
 1.20447e+12	1.26e-43	1.26e-33	1.39e-24	2.79e-16	9.73e-09	9.96e-01	4.10e-03	0.00e+00
 1.26538e+12	0.00e+00	1.64e-33	1.70e-24	3.19e-16	1.04e-08	9.96e-01	3.82e-03	0.00e+00
 1.33374e+12	2.50e-43	2.19e-33	2.11e-24	3.69e-16	1.12e-08	9.96e-01	3.54e-03	0.00e+00
 1.41479e+12	0.00e+00	3.04e-33	2.70e-24	4.37e-16	1.22e-08	9.97e-01	3.25e-03	0.00e+00
 1.49588e+12	5.57e-43	4.17e-33	3.44e-24	5.14e-16	1.33e-08	9.97e-01	2.99e-03	0.00e+00
 1.57157e+12	0.00e+00	5.55e-33	4.27e-24	5.96e-16	1.43e-08	9.97e-01	2.77e-03	0.00e+00
 1.65571e+12	1.17e-42	7.53e-33	5.39e-24	6.98e-16	1.55e-08	9.97e-01	2.55e-03	0.00e+00
 1.75187e+12	0.00e+00	1.06e-32	6.97e-24	8.31e-16	1.69e-08	9.98e-01	2.33e-03	0.00e+00
 1.84640e+12	2.66e-42	1.46e-32	8.90e-24	9.82e-16	1.84e-08	9.98e-01	2.14e-03	0.00e+00
 1.94472e+12	0.00e+00	2.01e-32	1.14e-23	1.16e-15	2.01e-08	9.98e-01	1.96e-03	0.00e+00
 2.05243e+12	6.06e-42	2.83e-32	1.47e-23	1.39e-15	2.20e-08	9.98e-01	1.79e-03	0.00e+00
 2.16087e+12	0.00e+00	3.93e-32	1.90e-23	1.65e-15	2.40e-08	9.98e-01	1.64e-03	0.00e+00
 2.27365e+12	1.38e-41	5.47e-32	2.44e-23	1.96e-15	2.62e-08	9.99e-01	1.50e-03	0.00e+00
 2.39452e+12	0.00e+00	7.69e-32	3.17e-23	2.34e-15	2.88e-08	9.99e-01	1.37e-03	0.00e+00
 2.51443e+12	3.15e-41	1.07e-31	4.06e-23	2.78e-15	3.14e-08	9.99e-01	1.25e-03	0.00e+00
 2.63912e+12	0.00e+00	1.48e-31	5.22e-23	3.30e-15	3.43e-08	9.99e-01	1.14e-03	0.00e+00
 2.77462e+12	7.21e-41	2.08e-31	6.78e-23	3.96e-15	3.77e-08	9.99e-01	1.04e-03	0.00e+00
 2.91553e+12	0.00e+00	2.92e-31	8.81e-23	4.75e-15	4.14e-08	9.99e-01	9.49e-04	0.00e+00
 3.06208e+12	1.67e-40	4.10e-31	1.15e-22	5.69e-15	4.55e-08	9.99e-01	8.63e-04	0.00e+00
 3.21449e+12	0.00e+00	5.76e-31	1.49e-22	6.83e-15	5.00e-08	9.99e-01	7.86e-04	0.00e+00
 3.35207e+12	3.66e-40	7.74e-31	1.87e-22	8.02e-15	5.43e-08	9.99e-01	7.23e-04	0.00e+00
 3.46612e+12	0.00e+00	9.80e-31	2.25e-22	9.11e-15	5.80e-08	9.99e-01	6.77e-04	0.00e+00
 3.59067e+12	6.66e-40	1.26e-30	2.73e-22	1.04e-14	6.23e-08	9.99e-01	6.31e-04	0.00e+00
 3.74925e+12	0.00e+00	1.71e-30	3.46e-22	1.23e-14	6.80e-08	9.99e-01	5.78e-04	0.00e+00
 3.91529e+12	1.42e-39	2.34e-30	4.41e-22	1.46e-14	7.44e-08	9.99e-01	5.29e-04	0.00e+00
 4.06169e+12	0.00e+00	3.04e-30	5.42e-22	1.69e-14	8.03e-08	1.00e+00	4.90e-04	0.00e+00
 4.19801e+12	2.62e-39	3.85e-30	6.52e-22	1.93e-14	8.60e-08	1.00e+00	4.58e-04	0.00e+00
 4.35387e+12	0.00e+00	5.00e-30	7.99e-22	2.23e-14	9.28e-08	1.00e+00	4.25e-04	0.00e+00
 4.54577e+12	5.27e-39	6.82e-30	1.02e-21	2.65e-14	1.02e-07	1.00e+00	3.88e-04	0.00e+00
 4.73724e+12	0.00e+00	9.19e-30	1.29e-21	3.13e-14	1.11e-07	1.00e+00	3.55e-04	0.00e+00
 4.90329e+12	1.02e-38	1.18e-29	1.56e-21	3.59e-14	1.19e-07	1.00e+00	3.30e-04	0.00e+00
 5.08355e+12	0.00e+00	1.53e-29	1.92e-21	4.16e-14	1.29e-07	1.00e+00	3.06e-04	0.00e+00
 5.30411e+12	2.03e-38	2.07e-29	2.44e-21	4.94e-14	1.41e-07	1.00e+00	2.80e-04	0.00e+00
 5.52962e+12	0.00e+00	2.80e-29	3.09e-21	5.85e-14	1.55e-07	1.00e+00	2.56e-04	0.00e+00
 5.73616e+12	4.02e-38	3.64e-29	3.81e-21	6.79e-14	1.68e-07	1.00e+00	2.37e-04	0.00e+00
 5.96544e+12	0.00e+00	4.82e-29	4.75e-21	7.96e-14	1.82e-07	1.00e+00	2.18e-04	0.00e+00
 6.23190e+12	8.25e-38	6.59e-29	6.08e-21	9.52e-14	2.01e-07	1.00e+00	1.98e-04	0.00e+00
 6.49460e+12	0.00e+00	8.86e-29	7.69e-21	1.13e-13	2.20e-07	1.00e+00	1.81e-04	0.00e+00
 6.74477e+12	1.64e-37	1.16e-28	9.52e-21	1.31e-13	2.38e-07	1.00e+00	1.67e-04	0.00e+00
 7.02145e+12	0.00e+00	1.55e-28	1.19e-20	1.55e-13	2.60e-07	1.00e+00	1.53e-04	0.00e+00
 7.33223e+12	3.37e-37	2.11e-28	1.53e-20	1.85e-13	2.86e-07	1.00e+00	1.40e-04	0.00e+00
 7.64429e+12	0.00e+00	2.84e-28	1.93e-20	2.19e-13	3.13e-07	1.00e+00	1.28e-04	0.00e+00
 7.92398e+12	6.59e-37	3.67e-28	2.37e-20	2.53e-13	3.39e-07	1.00e+00	1.18e-04	0.00e+00
 8.16172e+12	0.00e+00	4.53e-28	2.80e-20	2.85e-13	3.61e-07	1.00e+00	1.11e-04	0.00e+00
 8.41854e+12	1.11e-36	5.65e-28	3.33e-20	3.23e-13	3.86e-07	1.00e+00	1.04e-04	0.00e+00
 8.74994e+12	0.00e+00	7.45e-28	4.14e-20	3.78e-13	4.20e-07	1.00e+00	9.58e-05	0.00e+00
 9.09586e+12	2.17e-36	9.83e-28	5.15e-20	4.43e-13	4.57e-07	1.00e+00	8.82e-05	0.00e+00
 9.39327e+12	0.00e+00	1.24e-27	6.18e-20	5.04e-13	4.90e-07	1.00e+00	8.24e-05	0.00e+00
 9.71003e+12	3.83e-36	1.57e-27	7.44e-20	5.77e-13	5.26e-07	1.00e+00	7.68e-05	0.00e+00
 1.01018e+13	0.00e+00	2.08e-27	9.30e-20	6.77e-13	5.73e-07	1.00e+00	7.06e-05	0.00e+00
 1.05042e+13	7.58e-36	2.75e-27	1.16e-19	7.93e-13	6.24e-07	1.00e+00	6.50e-05	0.00e+00
 1.08677e+13	0.00e+00	3.51e-27	1.41e-19	9.09e-13	6.71e-07	1.00e+00	6.04e-05	0.00e+00
 1.12674e+13	1.40e-35	4.55e-27	1.72e-19	1.05e-12	7.25e-07	1.00e+00	5.60e-05	0.00e+00
 1.17036e+13	0.00e+00	5.98e-27	2.14e-19	1.23e-12	7.87e-07	1.00e+00	5.17e-05	0.00e+00
 1.20986e+13	2.60e-35	7.59e-27	2.58e-19	1.40e-12	8.45e-07	1.00e+00	4.82e-05	0.00e+00
 1.25234e+13	0.00e+00	9.74e-27	3.13e-19	1.61e-12	9.10e-07	1.00e+00	4.48e-05	0.00e+00
 1.30030e+13	4.90e-35	1.28e-26	3.88e-19	1.87e-12	9.86e-07	1.00e+00	4.14e-05	0.00e+00
 1.34591e+13	0.00e+00	1.64e-26	4.71e-19	2.15e-12	1.06e-06	1.00e+00	3.85e-05	0.00e+00
 1.39575e+13	9.16e-35	2.13e-26	5.79e-19	2.49e-12	1.15e-06	1.00e+00	3.57e-05	0.00e+00
 1.45102e+13	1.29e-34	2.83e-26	7.22e-19	2.91e-12	1.25e-06	1.00e+00	3.29e-05	0.00e+00
 1.50236e+13	1.76e-34	3.64e-26	8.79e-19	3.34e-12	1.34e-06	1.00e+00	3.06e-05	0.00e+00
 1.55811e+13	2.43e-34	4.74e-26	1.08e-18	3.86e-12	1.45e-06	1.00e+00	2.83e-05	0.00e+00
 1.62080e+13	3.45e-34	6.32e-26	1.35e-18	4.52e-12	1.58e-06	1.00e+00	2.61e-05	0.00e+00
 1.68027e+13	4.77e-34	8.23e-26	1.66e-18	5.23e-12	1.70e-06	1.00e+00	2.42e-05	0.00e+00
 1.74423e+13	6.67e-34	1.08e-25	2.06e-18	6.07e-12	1.84e-06	1.00e+00	2.24e-05	0.00e+00
 1.81556e+13	9.57e-34	1.45e-25	2.58e-18	7.12e-12	2.00e-06	1.00e+00	2.06e-05	0.00e+00
 1.88446e+13	1.34e-33	1.91e-25	3.20e-18	8.26e-12	2.16e-06	1.00e+00	1.91e-05	0.00e+00
 1.95755e+13	1.89e-33	2.53e-25	3.97e-18	9.61e-12	2.34e-06	1.00e+00	1.76e-05	0.00e+00
 2.03884e+13	2.74e-33	3.42e-25	5.02e-18	1.13e-11	2.55e-06	1.00e+00	1.62e-05	0.00e+00
 2.12048e+13	3.92e-33	4.58e-25	6.28e-18	1.32e-11	2.77e-06	1.00e+00	1.49e-05	0.00e+00
 2.20537e+13	5.61e-33	6.13e-25	7.87e-18	1.55e-11	3.00e-06	1.00e+00	1.38e-05	0.00e+00
 2.29658e+13	8.13e-33	8.29e-25	9.93e-18	1.82e-11	3.27e-06	1.00e+00	1.27e-05	0.00e+00
 2.39144e+13	1.18e-32	1.12e-24	1.25e-17	2.13e-11	3.55e-06	1.00e+00	1.17e-05	0.00e+00
 2.48475e+13	1.68e-32	1.49e-24	1.56e-17	2.48e-11	3.84e-06	1.00e+00	1.08e-05	0.00e+00
 2.57206e+13	2.31e-32	1.93e-24	1.91e-17	2.85e-11	4.13e-06	1.00e+00	1.00e-05	0.00e+00
 2.65192e+13	3.06e-32	2.43e-24	2.28e-17	3.22e-11	4.40e-06	1.00e+00	9.43e-06	0.00e+00
 2.73816e+13	4.13e-32	3.10e-24	2.74e-17	3.65e-11	4.70e-06	1.00e+00	8.84e-06	0.00e+00
 2.83526e+13	5.70e-32	4.03e-24	3.35e-17	4.20e-11	5.05e-06	1.00e+00	8.23e-06	0.00e+00
 2.92706e+13	7.68e-32	5.13e-24	4.03e-17	4.76e-11	5.39e-06	1.00e+00	7.71e-06	0.00e+00
 3.02698e+13	1.05e-31	6.60e-24	4.89e-17	5.44e-11	5.77e-06	1.00e+00	7.20e-06	0.00e+00
 3.14662e+13	1.51e-31	8.86e-24	6.13e-17	6.35e-11	6.25e-06	1.00e+00	6.65e-06	0.00e+00
 3.26348e+13	2.12e-31	1.17e-23	7.57e-17	7.34e-11	6.74e-06	1.00e+00	6.17e-06	0.00e+00
 3.36399e+13	2.83e-31	1.47e-23	9.03e-17	8.28e-11	7.17e-06	1.00e+00	5.80e-06	0.00e+00
 3.47167e+13	3.81e-31	1.87e-23	1.08e-16	9.38e-11	7.64e-06	1.00e+00	5.45e-06	0.00e+00
 3.60468e+13	5.43e-31	2.49e-23	1.35e-16	1.09e-10	8.25e-06	1.00e+00	5.04e-06	0.00e+00
 3.73851e+13	7.65e-31	3.29e-23	1.67e-16	1.26e-10	8.89e-06	1.00e+00	4.68e-06	0.00e+00
 3.85542e+13	1.03e-30	4.17e-23	2.00e-16	1.42e-10	9.46e-06	1.00e+00	4.40e-06	0.00e+00
 3.98244e+13	1.40e-30	5.35e-23	2.42e-16	1.62e-10	1.01e-05	1.00e+00	4.12e-06	0.00e+00
 4.13681e+13	2.01e-30	7.16e-23	3.02e-16	1.88e-10	1.09e-05	1.00e+00	3.82e-06	0.00e+00
 4.29144e+13	2.85e-30	9.50e-23	3.74e-16	2.18e-10	1.18e-05	1.00e+00	3.54e-06	0.00e+00
 4.43040e+13	3.87e-30	1.21e-22	4.51e-16	2.47e-10	1.25e-05	1.00e+00	3.32e-06	0.00e+00
 4.58429e+13	5.38e-30	1.58e-22	5.51e-16	2.83e-10	1.34e-05	1.00e+00	3.10e-06	0.00e+00
 4.76619e+13	7.80e-30	2.14e-22	6.92e-16	3.30e-10	1.45e-05	1.00e+00	2.87e-06	0.00e+00
 4.94601e+13	1.12e-29	2.85e-22	8.60e-16	3.82e-10	1.57e-05	1.00e+00	2.66e-06	0.00e+00
 5.11300e+13	1.54e-29	3.69e-22	1.05e-15	4.36e-10	1.67e-05	1.00e+00	2.49e-06	0.00e+00
 5.30050e+13	2.18e-29	4.88e-22	1.29e-15	5.03e-10	1.80e-05	1.00e+00	2.32e-06	0.00e+00
 5.51552e+13	3.19e-29	6.64e-22	1.63e-15	5.89e-10	1.95e-05	1.00e+00	2.14e-06	0.00e+00
 5.72801e+13	4.63e-29	8.94e-22	2.04e-15	6.84e-10	2.10e-05	1.00e+00	1.98e-06	0.00e+00
 5.94901e+13	6.67e-29	1.20e-21	2.55e-15	7.95e-10	2.27e-05	1.00e+00	1.84e-06	0.00e+00
 6.18997e+13	9.83e-29	1.64e-21	3.23e-15	9.31e-10	2.46e-05	1.00e+00	1.70e-06	0.00e+00
 6.44056e+13	1.44e-28	2.23e-21	4.07e-15	1.09e-09	2.66e-05	1.00e+00	1.57e-06	0.00e+00
 6.68306e+13	2.07e-28	2.98e-21	5.07e-15	1.26e-09	2.86e-05	1.00e+00	1.45e-06	0.00e+00
 6.91041e+13	2.87e-28	3.87e-21	6.17e-15	1.44e-09	3.06e-05	1.00e+00	1.36e-06	0.00e+00
 7.16496e+13	4.07e-28	5.12e-21	7.64e-15	1.66e-09	3.29e-05	1.00e+00	1.26e-06	0.00e+00
 7.42261e+13	5.73e-28	6.75e-21	9.41e-15	1.92e-09	3.54e-05	1.00e+00	1.18e-06	0.00e+00
 7.63563e+13	7.56e-28	8.43e-21	1.11e-14	2.14e-09	3.74e-05	1.00e+00	1.11e-06	0.00e+00
 7.85943e+13	9.99e-28	1.05e-20	1.32e-14	2.40e-09	3.97e-05	1.00e+00	1.05e-06	0.00e+00
 8.14715e+13	1.41e-27	1.40e-20	1.63e-14	2.78e-09	4.27e-05	1.00e+00	9.76e-07	0.00e+00
 8.44962e+13	2.01e-27	1.85e-20	2.02e-14	3.21e-09	4.60e-05	1.00e+00	0.00e+00	0.00e+00
 8.71627e+13	2.72e-27	2.36e-20	2.43e-14	3.63e-09	4.90e-05	1.00e+00	0.00e+00	0.00e+00
 9.00468e+13	3.72e-27	3.04e-20	2.94e-14	4.13e-09	5.23e-05	1.00e+00	0.00e+00	0.00e+00
 9.35254e+13	5.35e-27	4.08e-20	3.68e-14	4.81e-09	5.65e-05	1.00e+00	0.00e+00	0.00e+00
 9.70464e+13	7.63e-27	5.43e-20	4.58e-14	5.58e-09	6.10e-05	1.00e+00	0.00e+00	0.00e+00
 1.00327e+14	1.05e-26	7.03e-20	5.57e-14	6.37e-09	6.52e-05	1.00e+00	0.00e+00	0.00e+00
 1.03988e+14	1.48e-26	9.27e-20	6.88e-14	7.36e-09	7.02e-05	1.00e+00	0.00e+00	0.00e+00
 1.07899e+14	2.11e-26	1.23e-19	8.56e-14	8.53e-09	7.58e-05	1.00e+00	0.00e+00	0.00e+00
 1.11363e+14	2.85e-26	1.58e-19	1.03e-13	9.68e-09	8.09e-05	1.00e+00	0.00e+00	0.00e+00
 1.15061e+14	3.89e-26	2.02e-19	1.25e-13	1.10e-08	8.65e-05	1.00e+00	0.00e+00	0.00e+00
 1.19509e+14	5.58e-26	2.71e-19	1.56e-13	1.29e-08	9.36e-05	1.00e+00	0.00e+00	0.00e+00
 1.23892e+14	7.88e-26	3.58e-19	1.93e-13	1.49e-08	1.01e-04	1.00e+00	0.00e+00	0.00e+00
 1.27776e+14	1.06e-25	4.54e-19	2.32e-13	1.68e-08	1.07e-04	1.00e+00	0.00e+00	0.00e+00
 1.32051e+14	1.45e-25	5.86e-19	2.81e-13	1.92e-08	1.15e-04	1.00e+00	0.00e+00	0.00e+00
 1.37171e+14	2.08e-25	7.84e-19	3.52e-13	2.23e-08	1.24e-04	1.00e+00	0.00e+00	0.00e+00
 1.42289e+14	2.94e-25	1.04e-18	4.37e-13	2.59e-08	1.34e-04	1.00e+00	0.00e+00	0.00e+00
 1.46953e+14	4.01e-25	1.34e-18	5.29e-13	2.95e-08	1.43e-04	1.00e+00	0.00e+00	0.00e+00
 1.52131e+14	5.57e-25	1.74e-18	6.49e-13	3.39e-08	1.54e-04	1.00e+00	0.00e+00	0.00e+00
 1.58174e+14	8.07e-25	2.35e-18	8.16e-13	3.96e-08	1.67e-04	1.00e+00	0.00e+00	0.00e+00
 1.64126e+14	1.15e-24	3.13e-18	1.01e-12	4.59e-08	1.80e-04	1.00e+00	0.00e+00	0.00e+00
 1.69746e+14	1.59e-24	4.07e-18	1.24e-12	5.25e-08	1.93e-04	1.00e+00	0.00e+00	0.00e+00
 1.75996e+14	2.24e-24	5.38e-18	1.53e-12	6.07e-08	2.08e-04	1.00e+00	0.00e+00	0.00e+00
 1.83066e+14	3.27e-24	7.29e-18	1.93e-12	7.11e-08	2.25e-04	1.00e+00	0.00e+00	0.00e+00
 1.89760e+14	4.63e-24	9.65e-18	2.39e-12	8.21e-08	2.43e-04	1.00e+00	0.00e+00	0.00e+00
 1.95851e+14	6.26e-24	1.23e-17	2.88e-12	9.31e-08	2.59e-04	1.00e+00	0.00e+00	0.00e+00
 2.02755e+14	8.74e-24	1.61e-17	3.53e-12	1.07e-07	2.78e-04	1.00e+00	0.00e+00	0.00e+00
 2.10805e+14	1.27e-23	2.18e-17	4.45e-12	1.25e-07	3.01e-04	1.00e+00	0.00e+00	0.00e+00
 2.18500e+14	1.80e-23	2.89e-17	5.50e-12	1.44e-07	3.24e-04	1.00e+00	0.00e+00	0.00e+00
 2.25432e+14	2.44e-23	3.68e-17	6.62e-12	1.63e-07	3.45e-04	1.00e+00	0.00e+00	0.00e+00
 2.31982e+14	3.21e-23	4.60e-17	7.84e-12	1.83e-07	3.65e-04	1.00e+00	0.00e+00	0.00e+00
 2.39264e+14	4.33e-23	5.85e-17	9.42e-12	2.07e-07	3.89e-04	1.00e+00	0.00e+00	0.00e+00
 2.47412e+14	5.99e-23	7.60e-17	1.15e-11	2.37e-07	4.17e-04	1.00e+00	0.00e+00	0.00e+00
 2.55112e+14	8.04e-23	9.64e-17	1.38e-11	2.68e-07	4.44e-04	1.00e+00	0.00e+00	0.00e+00
 2.63548e+14	1.11e-22	1.25e-16	1.67e-11	3.05e-07	4.74e-04	1.00e+00	0.00e+00	0.00e+00
 2.73011e+14	1.56e-22	1.64e-16	2.06e-11	3.51e-07	5.09e-04	9.99e-01	0.00e+00	0.00e+00
 2.81918e+14	2.13e-22	2.11e-16	2.49e-11	3.99e-07	5.43e-04	9.99e-01	0.00e+00	0.00e+00
 2.91609e+14	2.95e-22	2.74e-16	3.04e-11	4.56e-07	5.81e-04	9.99e-01	0.00e+00	0.00e+00
 3.02325e+14	4.19e-22	3.64e-16	3.76e-11	5.27e-07	6.26e-04	9.99e-01	0.00e+00	0.00e+00
 3.12206e+14	5.72e-22	4.67e-16	4.55e-11	5.99e-07	6.68e-04	9.99e-01	0.00e+00	0.00e+00
 3.22881e+14	7.95e-22	6.09e-16	5.56e-11	6.86e-07	7.15e-04	9.99e-01	0.00e+00	0.00e+00
 3.34851e+14	1.12e-21	8.06e-16	6.89e-11	7.93e-07	7.70e-04	9.99e-01	0.00e+00	0.00e+00
 3.46096e+14	1.55e-21	1.04e-15	8.38e-11	9.04e-07	8.23e-04	9.99e-01	0.00e+00	0.00e+00
 3.58303e+14	2.17e-21	1.37e-15	1.03e-10	1.04e-06	8.83e-04	9.99e-01	0.00e+00	0.00e+00
 3.71915e+14	3.12e-21	1.83e-15	1.28e-10	1.21e-06	9.53e-04	9.99e-01	0.00e+00	0.00e+00
 3.84652e+14	4.31e-21	2.38e-15	1.57e-10	1.38e-06	1.02e-03	9.99e-01	0.00e+00	0.00e+00
 3.98505e+14	6.07e-21	3.14e-15	1.93e-10	1.59e-06	1.10e-03	9.99e-01	0.00e+00	0.00e+00
 4.14023e+14	8.75e-21	4.21e-15	2.42e-10	1.85e-06	1.19e-03	9.99e-01	0.00e+00	0.00e+00
 4.28686e+14	1.23e-20	5.53e-15	2.98e-10	2.13e-06	1.28e-03	9.99e-01	0.00e+00	0.00e+00
 4.44388e+14	1.72e-20	7.27e-15	3.68e-10	2.46e-06	1.38e-03	9.99e-01	0.00e+00	0.00e+00
 4.62194e+14	2.51e-20	9.89e-15	4.64e-10	2.88e-06	1.49e-03	9.99e-01	0.00e+00	0.00e+00
 4.79682e+14	3.55e-20	1.31e-14	5.78e-10	3.34e-06	1.61e-03	9.98e-01	0.00e+00	0.00e+00
 4.97870e+14	5.07e-20	1.75e-14	7.20e-10	3.88e-06	1.74e-03	9.98e-01	0.00e+00	0.00e+00
 5.17814e+14	7.34e-20	2.36e-14	9.07e-10	4.55e-06	1.89e-03	9.98e-01	0.00e+00	0.00e+00
 5.37408e+14	1.04e-19	3.13e-14	1.13e-09	5.28e-06	2.05e-03	9.98e-01	0.00e+00	0.00e+00
 5.53631e+14	1.37e-19	3.93e-14	1.34e-09	5.95e-06	2.18e-03	9.98e-01	0.00e+00	0.00e+00
 5.66814e+14	1.70e-19	4.69e-14	1.54e-09	6.55e-06	2.29e-03	9.98e-01	0.00e+00	0.00e+00
 5.81502e+14	2.15e-19	5.69e-14	1.79e-09	7.26e-06	2.42e-03	9.98e-01	0.00e+00	0.00e+00
 6.00596e+14	2.89e-19	7.25e-14	2.17e-09	8.27e-06	2.59e-03	9.97e-01	0.00e+00	0.00e+00
 6.21058e+14	3.92e-19	9.32e-14	2.64e-09	9.48e-06	2.79e-03	9.97e-01	0.00e+00	0.00e+00
 6.39174e+14	5.09e-19	1.15e-13	3.12e-09	1.06e-05	2.97e-03	9.97e-01	0.00e+00	0.00e+00
 6.58598e+14	6.65e-19	1.44e-13	3.71e-09	1.20e-05	3.17e-03	9.97e-01	0.00e+00	0.00e+00
 6.82983e+14	9.21e-19	1.88e-13	4.59e-09	1.39e-05	3.43e-03	9.97e-01	0.00e+00	0.00e+00
 7.07792e+14	1.26e-18	2.45e-13	5.66e-09	1.61e-05	3.71e-03	9.96e-01	0.00e+00	0.00e+00
 7.29303e+14	1.65e-18	3.05e-13	6.73e-09	1.82e-05	3.96e-03	9.96e-01	0.00e+00	0.00e+00
 7.52549e+14	2.15e-18	3.82e-13	8.07e-09	2.06e-05	4.25e-03	9.96e-01	0.00e+00	0.00e+00
 7.81018e+14	2.97e-18	5.00e-13	1.00e-08	2.40e-05	4.62e-03	9.95e-01	0.00e+00	0.00e+00
 8.09659e+14	4.08e-18	6.51e-13	1.24e-08	2.78e-05	5.00e-03	9.95e-01	0.00e+00	0.00e+00
 8.34997e+14	5.31e-18	8.11e-13	1.48e-08	3.14e-05	5.36e-03	9.95e-01	0.00e+00	0.00e+00
 8.62654e+14	6.99e-18	1.02e-12	1.78e-08	3.59e-05	5.77e-03	9.94e-01	0.00e+00	0.00e+00
 8.95867e+14	9.68e-18	1.35e-12	2.23e-08	4.18e-05	6.29e-03	9.94e-01	0.00e+00	0.00e+00
 9.28826e+14	1.32e-17	1.74e-12	2.75e-08	4.85e-05	6.82e-03	9.93e-01	0.00e+00	0.00e+00
 9.58482e+14	1.71e-17	2.18e-12	3.30e-08	5.50e-05	7.33e-03	9.93e-01	0.00e+00	0.00e+00
 9.91324e+14	2.27e-17	2.77e-12	4.01e-08	6.31e-05	7.91e-03	9.92e-01	0.00e+00	0.00e+00
 1.03010e+15	3.14e-17	3.64e-12	5.02e-08	7.37e-05	8.63e-03	9.91e-01	0.00e+00	0.00e+00
 1.06845e+15	4.26e-17	4.72e-12	6.21e-08	8.55e-05	9.38e-03	9.91e-01	0.00e+00	0.00e+00
 1.10399e+15	5.60e-17	5.95e-12	7.52e-08	9.76e-05	1.01e-02	9.90e-01	0.00e+00	0.00e+00
 1.14384e+15	7.53e-17	7.66e-12	9.26e-08	1.13e-04	1.10e-02	9.89e-01	0.00e+00	0.00e+00
 1.18963e+15	1.04e-16	1.01e-11	1.17e-07	1.32e-04	1.20e-02	9.88e-01	0.00e+00	0.00e+00
 1.23468e+15	9.61e-17	1.32e-11	1.45e-07	1.53e-04	1.31e-02	9.87e-01	0.00e+00	0.00e+00
 1.28154e+15	1.26e-16	1.72e-11	1.81e-07	1.78e-04	1.42e-02	9.86e-01	0.00e+00	0.00e+00
 1.32429e+15	2.48e-16	2.18e-11	2.19e-07	2.04e-04	1.53e-02	9.84e-01	0.00e+00	0.00e+00
 1.35628e+15	3.02e-16	2.58e-11	2.52e-07	2.24e-04	1.62e-02	9.84e-01	0.00e+00	0.00e+00
 1.38935e+15	3.69e-16	3.06e-11	2.90e-07	2.46e-04	1.70e-02	9.83e-01	0.00e+00	0.00e+00
 1.43234e+15	4.75e-16	3.81e-11	3.48e-07	2.79e-04	1.83e-02	9.81e-01	0.00e+00	0.00e+00
 1.47881e+15	6.20e-16	4.80e-11	4.21e-07	3.17e-04	1.97e-02	9.80e-01	0.00e+00	0.00e+00
 1.52075e+15	7.80e-16	5.85e-11	4.97e-07	3.55e-04	2.09e-02	9.79e-01	0.00e+00	0.00e+00
 1.56621e+15	9.98e-16	7.24e-11	5.92e-07	3.99e-04	2.24e-02	9.77e-01	0.00e+00	0.00e+00
 1.62375e+15	1.36e-15	9.44e-11	7.37e-07	4.63e-04	2.43e-02	9.75e-01	0.00e+00	0.00e+00
 1.68159e+15	1.82e-15	1.22e-10	9.09e-07	5.33e-04	2.63e-02	9.73e-01	0.00e+00	0.00e+00
 1.73034e+15	2.30e-15	1.49e-10	1.08e-06	5.97e-04	2.80e-02	9.71e-01	0.00e+00	0.00e+00
 1.78269e+15	2.96e-15	1.86e-10	1.29e-06	6.73e-04	3.00e-02	9.69e-01	0.00e+00	0.00e+00
 1.84854e+15	4.04e-15	2.43e-10	1.61e-06	7.81e-04	3.26e-02	9.67e-01	0.00e+00	0.00e+00
 1.91732e+15	5.50e-15	3.17e-10	2.00e-06	9.06e-04	3.53e-02	9.64e-01	0.00e+00	0.00e+00
 1.97910e+15	7.17e-15	3.99e-10	2.42e-06	1.03e-03	3.79e-02	9.61e-01	0.00e+00	0.00e+00
 2.04638e+15	9.54e-15	5.11e-10	2.97e-06	1.18e-03	4.08e-02	9.58e-01	0.00e+00	0.00e+00
 2.12611e+15	1.33e-14	6.80e-10	3.75e-06	1.38e-03	4.45e-02	9.54e-01	0.00e+00	0.00e+00
 2.20402e+15	1.81e-14	8.86e-10	4.67e-06	1.59e-03	4.82e-02	9.50e-01	0.00e+00	0.00e+00
 2.27461e+15	2.36e-14	1.12e-09	5.66e-06	1.81e-03	5.17e-02	9.47e-01	0.00e+00	0.00e+00
 2.35368e+15	3.16e-14	1.44e-09	6.96e-06	2.07e-03	5.57e-02	9.42e-01	0.00e+00	0.00e+00
 2.44636e+15	4.43e-14	1.92e-09	8.84e-06	2.43e-03	6.07e-02	9.37e-01	0.00e+00	0.00e+00
 2.53733e+15	6.03e-14	2.51e-09	1.10e-05	2.81e-03	6.56e-02	9.32e-01	0.00e+00	0.00e+00
 2.62283e+15	8.03e-14	3.21e-09	1.35e-05	3.21e-03	7.05e-02	9.26e-01	0.00e+00	0.00e+00
 2.69797e+15	1.02e-13	3.95e-09	1.61e-05	3.61e-03	7.50e-02	9.21e-01	0.00e+00	0.00e+00
 2.76056e+15	1.24e-13	4.68e-09	1.85e-05	3.95e-03	7.88e-02	9.17e-01	0.00e+00	0.00e+00
 2.82946e+15	1.54e-13	5.63e-09	2.15e-05	4.37e-03	8.31e-02	9.12e-01	0.00e+00	0.00e+00
 2.91904e+15	2.04e-13	7.15e-09	2.61e-05	4.96e-03	8.89e-02	9.06e-01	0.00e+00	0.00e+00
 3.01291e+15	2.70e-13	9.07e-09	3.17e-05	5.64e-03	9.51e-02	8.99e-01	0.00e+00	0.00e+00
 3.09295e+15	3.40e-13	1.10e-08	3.72e-05	6.26e-03	1.00e-01	8.93e-01	0.00e+00	0.00e+00
 3.17757e+15	4.33e-13	1.36e-08	4.39e-05	6.98e-03	1.06e-01	8.87e-01	0.00e+00	0.00e+00
 3.28758e+15	5.91e-13	1.76e-08	5.44e-05	8.03e-03	1.14e-01	8.78e-01	0.00e+00	0.00e+00
 3.40048e+15	7.98e-13	2.28e-08	6.69e-05	9.20e-03	1.23e-01	8.68e-01	0.00e+00	0.00e+00
 3.49413e+15	1.01e-12	2.79e-08	7.90e-05	1.03e-02	1.30e-01	8.60e-01	0.00e+00	0.00e+00
 3.59286e+15	1.31e-12	3.46e-08	9.40e-05	1.15e-02	1.38e-01	8.51e-01	0.00e+00	0.00e+00
 3.72121e+15	1.80e-12	4.52e-08	1.17e-04	1.32e-02	1.48e-01	8.39e-01	0.00e+00	0.00e+00
 3.85564e+15	2.47e-12	5.91e-08	1.45e-04	1.52e-02	1.59e-01	8.26e-01	0.00e+00	0.00e+00
 3.97020e+15	3.22e-12	7.40e-08	1.74e-04	1.72e-02	1.68e-01	8.14e-01	0.00e+00	0.00e+00
 4.09134e+15	4.24e-12	9.35e-08	2.10e-04	1.94e-02	1.79e-01	8.02e-01	0.00e+00	0.00e+00
 4.24302e+15	5.91e-12	1.23e-07	2.63e-04	2.24e-02	1.92e-01	7.86e-01	0.00e+00	0.00e+00
 4.39550e+15	8.08e-12	1.61e-07	3.27e-04	2.58e-02	2.05e-01	7.69e-01	0.00e+00	0.00e+00
 4.52661e+15	1.06e-11	2.02e-07	3.92e-04	2.91e-02	2.17e-01	7.54e-01	0.00e+00	0.00e+00
 4.66885e+15	1.41e-11	2.57e-07	4.76e-04	3.29e-02	2.30e-01	7.37e-01	0.00e+00	0.00e+00
 4.82709e+15	1.90e-11	3.31e-07	5.86e-04	3.76e-02	2.44e-01	7.18e-01	0.00e+00	0.00e+00
 4.97522e+15	2.48e-11	4.14e-07	7.05e-04	4.23e-02	2.57e-01	7.00e-01	0.00e+00	0.00e+00
 5.11486e+15	3.18e-11	5.12e-07	8.38e-04	4.72e-02	2.70e-01	6.82e-01	0.00e+00	0.00e+00
 5.27440e+15	4.24e-11	6.51e-07	1.02e-03	5.34e-02	2.85e-01	6.61e-01	0.00e+00	0.00e+00
 5.43283e+15	5.50e-11	8.13e-07	1.22e-03	6.00e-02	2.99e-01	6.39e-01	0.00e+00	0.00e+00
 5.56077e+15	6.76e-11	9.68e-07	1.42e-03	6.58e-02	3.11e-01	6.22e-01	0.00e+00	0.00e+00
 5.69804e+15	8.52e-11	1.17e-06	1.66e-03	7.25e-02	3.23e-01	6.03e-01	0.00e+00	0.00e+00
 5.85203e+15	1.08e-10	1.44e-06	1.96e-03	8.04e-02	3.36e-01	5.82e-01	0.00e+00	0.00e+00
 6.00206e+15	1.37e-10	1.75e-06	2.30e-03	8.89e-02	3.48e-01	5.61e-01	0.00e+00	0.00e+00
 6.17139e+15	1.78e-10	2.18e-06	2.76e-03	9.91e-02	3.62e-01	5.36e-01	0.00e+00	0.00e+00
 6.35053e+15	2.31e-10	2.72e-06	3.31e-03	1.11e-01	3.76e-01	5.10e-01	0.00e+00	0.00e+00
 6.50986e+15	2.90e-10	3.29e-06	3.88e-03	1.22e-01	3.87e-01	4.87e-01	0.00e+00	0.00e+00
 6.68440e+15	3.78e-10	4.11e-06	4.65e-03	1.35e-01	3.99e-01	4.61e-01	0.00e+00	0.00e+00
 6.86490e+15	4.82e-10	5.04e-06	5.52e-03	1.50e-01	4.09e-01	4.35e-01	0.00e+00	0.00e+00
 7.01606e+15	5.92e-10	5.99e-06	6.38e-03	1.63e-01	4.18e-01	4.13e-01	0.00e+00	0.00e+00
 7.17548e+15	7.52e-10	7.30e-06	7.47e-03	1.78e-01	4.26e-01	3.89e-01	0.00e+00	0.00e+00
 7.34943e+15	9.54e-10	8.90e-06	8.81e-03	1.95e-01	4.33e-01	3.63e-01	0.00e+00	0.00e+00
 7.50607e+15	1.18e-09	1.06e-05	1.02e-02	2.12e-01	4.37e-01	3.41e-01	0.00e+00	0.00e+00
 7.65012e+15	1.44e-09	1.25e-05	1.17e-02	2.28e-01	4.41e-01	3.20e-01	0.00e+00	0.00e+00
 7.81399e+15	1.82e-09	1.52e-05	1.37e-02	2.47e-01	4.43e-01	2.96e-01	0.00e+00	0.00e+00
 7.98057e+15	2.30e-09	1.84e-05	1.60e-02	2.68e-01	4.44e-01	2.72e-01	0.00e+00	0.00e+00
 8.11231e+15	2.76e-09	2.13e-05	1.80e-02	2.84e-01	4.43e-01	2.55e-01	0.00e+00	0.00e+00
 8.24522e+15	3.39e-09	2.51e-05	2.05e-02	3.03e-01	4.41e-01	2.36e-01	0.00e+00	0.00e+00
 8.39130e+15	4.14e-09	2.97e-05	2.35e-02	3.23e-01	4.37e-01	2.17e-01	0.00e+00	0.00e+00
 8.52320e+15	5.11e-09	3.50e-05	2.68e-02	3.43e-01	4.31e-01	1.99e-01	0.00e+00	0.00e+00
 8.63939e+15	6.11e-09	4.04e-05	2.99e-02	3.61e-01	4.26e-01	1.84e-01	0.00e+00	0.00e+00
 8.76649e+15	7.44e-09	4.73e-05	3.40e-02	3.81e-01	4.18e-01	1.68e-01	0.00e+00	0.00e+00
 8.90228e+15	9.42e-09	5.69e-05	3.90e-02	4.03e-01	4.07e-01	1.51e-01	0.00e+00	0.00e+00
 9.01660e+15	1.14e-08	6.59e-05	4.37e-02	4.22e-01	3.97e-01	1.37e-01	0.00e+00	0.00e+00
 9.11430e+15	1.34e-08	7.52e-05	4.83e-02	4.39e-01	3.87e-01	1.26e-01	0.00e+00	0.00e+00
 9.22315e+15	1.56e-08	8.52e-05	5.40e-02	4.58e-01	3.75e-01	1.13e-01	0.00e+00	0.00e+00
 9.34112e+15	1.92e-08	1.00e-04	6.11e-02	4.79e-01	3.60e-01	1.00e-01	0.00e+00	0.00e+00
 9.44211e+15	2.34e-08	1.17e-04	6.82e-02	4.97e-01	3.46e-01	8.95e-02	0.00e+00	0.00e+00
 9.52542e+15	2.96e-08	1.38e-04	7.53e-02	5.12e-01	3.32e-01	8.02e-02	0.00e+00	0.00e+00
 9.60019e+15	3.45e-08	1.55e-04	8.18e-02	5.26e-01	3.20e-01	7.27e-02	0.00e+00	0.00e+00
 9.68299e+15	4.10e-08	1.77e-04	9.00e-02	5.41e-01	3.04e-01	6.45e-02	0.00e+00	0.00e+00
 9.77201e+15	4.77e-08	2.00e-04	9.95e-02	5.57e-01	2.87e-01	5.63e-02	0.00e+00	0.00e+00
 9.84889e+15	6.13e-08	2.38e-04	1.10e-01	5.71e-01	2.70e-01	4.90e-02	0.00e+00	0.00e+00
 9.91108e+15	7.02e-08	2.64e-04	1.18e-01	5.82e-01	2.57e-01	4.37e-02	0.00e+00	0.00e+00
 9.97443e+15	7.96e-08	2.91e-04	1.27e-01	5.93e-01	2.41e-01	3.83e-02	0.00e+00	0.00e+00
 1.00439e+16	9.49e-08	3.32e-04	1.38e-01	6.04e-01	2.24e-01	3.28e-02	0.00e+00	0.00e+00
 1.01039e+16	1.13e-07	3.77e-04	1.49e-01	6.14e-01	2.08e-01	2.82e-02	0.00e+00	0.00e+00
 1.01524e+16	1.40e-07	4.35e-04	1.59e-01	6.21e-01	1.94e-01	2.44e-02	0.00e+00	0.00e+00
 1.01940e+16	1.56e-07	4.72e-04	1.68e-01	6.28e-01	1.83e-01	2.15e-02	0.00e+00	0.00e+00
 1.02391e+16	1.81e-07	5.26e-04	1.78e-01	6.34e-01	1.69e-01	1.85e-02	0.00e+00	0.00e+00
 1.02880e+16	2.12e-07	5.89e-04	1.89e-01	6.40e-01	1.54e-01	1.54e-02	0.00e+00	0.00e+00
 1.03302e+16	2.36e-07	6.37e-04	1.99e-01	6.45e-01	1.42e-01	1.31e-02	0.00e+00	0.00e+00
 1.03631e+16	2.76e-07	7.08e-04	2.08e-01	6.49e-01	1.31e-01	1.13e-02	0.00e+00	0.00e+00
 1.03860e+16	2.98e-07	7.49e-04	2.14e-01	6.51e-01	1.24e-01	1.01e-02	0.00e+00	0.00e+00
 1.04066e+16	3.16e-07	7.82e-04	2.19e-01	6.53e-01	1.18e-01	9.13e-03	0.00e+00	0.00e+00
 1.04333e+16	3.61e-07	8.56e-04	2.28e-01	6.55e-01	1.09e-01	7.83e-03	0.00e+00	0.00e+00
 1.04594e+16	3.84e-07	8.96e-04	2.34e-01	6.57e-01	1.01e-01	6.82e-03	0.00e+00	0.00e+00
 1.04848e+16	4.26e-07	9.63e-04	2.42e-01	6.59e-01	9.29e-02	5.82e-03	0.00e+00	0.00e+00
 1.05113e+16	4.72e-07	1.04e-03	2.50e-01	6.60e-01	8.48e-02	4.90e-03	0.00e+00	0.00e+00
 1.05336e+16	5.18e-07	1.10e-03	2.56e-01	6.60e-01	7.82e-02	4.19e-03	0.00e+00	0.00e+00
 1.05535e+16	5.73e-07	1.18e-03	2.63e-01	6.60e-01	7.23e-02	3.60e-03	0.00e+00	0.00e+00
 1.05727e+16	6.20e-07	1.25e-03	2.68e-01	6.60e-01	6.68e-02	3.11e-03	0.00e+00	0.00e+00
 1.05942e+16	6.76e-07	1.32e-03	2.75e-01	6.60e-01	6.08e-02	2.60e-03	0.00e+00	0.00e+00
 1.06222e+16	7.60e-07	1.44e-03	2.84e-01	6.59e-01	5.35e-02	2.03e-03	0.00e+00	0.00e+00
 1.06503e+16	8.47e-07	1.55e-03	2.92e-01	6.58e-01	4.68e-02	1.58e-03	0.00e+00	0.00e+00
 1.06731e+16	9.27e-07	1.65e-03	2.99e-01	6.56e-01	4.17e-02	1.28e-03	0.00e+00	0.00e+00
 1.06973e+16	1.02e-06	1.76e-03	3.06e-01	6.54e-01	3.66e-02	9.98e-04	0.00e+00	0.00e+00
 1.07288e+16	1.16e-06	1.91e-03	3.15e-01	6.51e-01	3.08e-02	7.18e-04	0.00e+00	0.00e+00
 1.07618e+16	1.30e-06	2.08e-03	3.25e-01	6.47e-01	2.56e-02	5.07e-04	0.00e+00	0.00e+00
 1.07910e+16	1.45e-06	2.23e-03	3.32e-01	6.43e-01	2.17e-02	3.69e-04	0.00e+00	0.00e+00
 1.08232e+16	1.62e-06	2.41e-03	3.41e-01	6.38e-01	1.79e-02	2.57e-04	0.00e+00	0.00e+00
 1.08649e+16	1.86e-06	2.65e-03	3.52e-01	6.32e-01	1.40e-02	1.60e-04	0.00e+00	0.00e+00
 1.09117e+16	2.16e-06	2.92e-03	3.63e-01	6.24e-01	1.07e-02	9.52e-05	0.00e+00	0.00e+00
 1.09651e+16	2.53e-06	3.25e-03	3.75e-01	6.14e-01	7.85e-03	5.26e-05	0.00e+00	0.00e+00
 1.10345e+16	3.08e-06	3.70e-03	3.90e-01	6.01e-01	5.36e-03	2.50e-05	0.00e+00	0.00e+00
 1.11120e+16	3.81e-06	4.26e-03	4.06e-01	5.86e-01	3.60e-03	1.14e-05	0.00e+00	0.00e+00
 1.12003e+16	4.83e-06	4.98e-03	4.25e-01	5.67e-01	2.34e-03	4.82e-06	0.00e+00	0.00e+00
 1.12993e+16	6.33e-06	5.95e-03	4.47e-01	5.45e-01	1.49e-03	1.96e-06	0.00e+00	0.00e+00
 1.13916e+16	8.23e-06	7.09e-03	4.69e-01	5.23e-01	1.01e-03	8.91e-07	0.00e+00	0.00e+00
 1.14567e+16	9.99e-06	8.06e-03	4.85e-01	5.06e-01	7.78e-04	0.00e+00	0.00e+00	0.00e+00
 1.14947e+16	1.12e-05	8.72e-03	4.95e-01	4.96e-01	6.68e-04	0.00e+00	0.00e+00	0.00e+00
 1.15316e+16	1.26e-05	9.43e-03	5.05e-01	4.85e-01	5.72e-04	0.00e+00	0.00e+00	0.00e+00
 1.15797e+16	1.47e-05	1.05e-02	5.18e-01	4.71e-01	4.69e-04	0.00e+00	0.00e+00	0.00e+00
 1.16422e+16	1.81e-05	1.20e-02	5.36e-01	4.52e-01	3.63e-04	0.00e+00	0.00e+00	0.00e+00
 1.17030e+16	2.23e-05	1.39e-02	5.54e-01	4.32e-01	2.86e-04	0.00e+00	0.00e+00	0.00e+00
 1.17467e+16	2.62e-05	1.54e-02	5.68e-01	4.17e-01	2.41e-04	0.00e+00	0.00e+00	0.00e+00
 1.17885e+16	3.06e-05	1.72e-02	5.81e-01	4.01e-01	2.02e-04	0.00e+00	0.00e+00	0.00e+00
 1.18429e+16	3.78e-05	1.98e-02	5.99e-01	3.81e-01	1.60e-04	0.00e+00	0.00e+00	0.00e+00
 1.18914e+16	4.60e-05	2.27e-02	6.15e-01	3.62e-01	1.32e-04	0.00e+00	0.00e+00	0.00e+00
 1.19206e+16	5.20e-05	2.46e-02	6.25e-01	3.50e-01	1.17e-04	0.00e+00	0.00e+00	0.00e+00
 1.19465e+16	5.82e-05	2.66e-02	6.34e-01	3.39e-01	1.04e-04	0.00e+00	0.00e+00	0.00e+00
 1.19802e+16	6.76e-05	2.95e-02	6.46e-01	3.24e-01	8.89e-05	0.00e+00	0.00e+00	0.00e+00
 1.20155e+16	7.94e-05	3.29e-02	6.58e-01	3.09e-01	7.59e-05	0.00e+00	0.00e+00	0.00e+00
 1.20447e+16	9.11e-05	3.61e-02	6.68e-01	2.96e-01	6.63e-05	0.00e+00	0.00e+00	0.00e+00
 1.20698e+16	1.03e-04	3.93e-02	6.76e-01	2.85e-01	5.88e-05	0.00e+00	0.00e+00	0.00e+00
 1.20975e+16	1.18e-04	4.32e-02	6.85e-01	2.71e-01	5.11e-05	0.00e+00	0.00e+00	0.00e+00
 1.21275e+16	1.38e-04	4.79e-02	6.95e-01	2.57e-01	4.39e-05	0.00e+00	0.00e+00	0.00e+00
 1.21539e+16	1.58e-04	5.27e-02	7.03e-01	2.44e-01	3.83e-05	0.00e+00	0.00e+00	0.00e+00
 1.21770e+16	1.80e-04	5.74e-02	7.09e-01	2.33e-01	3.38e-05	0.00e+00	0.00e+00	0.00e+00
 1.22024e+16	2.08e-04	6.33e-02	7.16e-01	2.20e-01	2.93e-05	0.00e+00	0.00e+00	0.00e+00
 1.22297e+16	2.43e-04	7.04e-02	7.22e-01	2.07e-01	2.50e-05	0.00e+00	0.00e+00	0.00e+00
 1.22533e+16	2.79e-04	7.74e-02	7.27e-01	1.95e-01	2.18e-05	0.00e+00	0.00e+00	0.00e+00
 1.22736e+16	3.16e-04	8.42e-02	7.31e-01	1.85e-01	1.92e-05	0.00e+00	0.00e+00	0.00e+00
 1.22960e+16	3.64e-04	9.26e-02	7.34e-01	1.73e-01	1.66e-05	0.00e+00	0.00e+00	0.00e+00
 1.23203e+16	4.26e-04	1.03e-01	7.36e-01	1.61e-01	1.41e-05	0.00e+00	0.00e+00	0.00e+00
 1.23416e+16	4.91e-04	1.13e-01	7.37e-01	1.50e-01	1.21e-05	0.00e+00	0.00e+00	0.00e+00
 1.23602e+16	5.57e-04	1.23e-01	7.36e-01	1.40e-01	1.06e-05	0.00e+00	0.00e+00	0.00e+00
 1.23806e+16	6.44e-04	1.35e-01	7.34e-01	1.30e-01	9.06e-06	0.00e+00	0.00e+00	0.00e+00
 1.24026e+16	7.54e-04	1.50e-01	7.30e-01	1.19e-01	7.60e-06	0.00e+00	0.00e+00	0.00e+00
 1.24220e+16	8.71e-04	1.65e-01	7.25e-01	1.09e-01	6.47e-06	0.00e+00	0.00e+00	0.00e+00
 1.24393e+16	9.93e-04	1.80e-01	7.18e-01	1.01e-01	5.55e-06	0.00e+00	0.00e+00	0.00e+00
 1.24587e+16	1.16e-03	1.99e-01	7.09e-01	9.12e-02	4.61e-06	0.00e+00	0.00e+00	0.00e+00
 1.24795e+16	1.37e-03	2.21e-01	6.96e-01	8.14e-02	3.76e-06	0.00e+00	0.00e+00	0.00e+00
 1.24977e+16	1.59e-03	2.44e-01	6.82e-01	7.29e-02	3.11e-06	0.00e+00	0.00e+00	0.00e+00
 1.25142e+16	1.83e-03	2.66e-01	6.66e-01	6.55e-02	2.58e-06	0.00e+00	0.00e+00	0.00e+00
 1.25328e+16	2.16e-03	2.95e-01	6.46e-01	5.72e-02	2.06e-06	0.00e+00	0.00e+00	0.00e+00
 1.25532e+16	2.59e-03	3.30e-01	6.19e-01	4.87e-02	1.58e-06	0.00e+00	0.00e+00	0.00e+00
 1.25717e+16	3.07e-03	3.65e-01	5.91e-01	4.14e-02	1.22e-06	0.00e+00	0.00e+00	0.00e+00
 1.25890e+16	3.60e-03	4.01e-01	5.60e-01	3.50e-02	9.41e-07	0.00e+00	0.00e+00	0.00e+00
 1.26088e+16	4.36e-03	4.48e-01	5.20e-01	2.81e-02	0.00e+00	0.00e+00	0.00e+00	0.00e+00
 1.26293e+16	5.32e-03	5.00e-01	4.73e-01	2.18e-02	0.00e+00	0.00e+00	0.00e+00	0.00e+00
 1.26450e+16	6.22e-03	5.43e-01	4.33e-01	1.75e-02	0.00e+00	0.00e+00	0.00e+00	0.00e+00
 1.26569e+16	7.00e-03	5.77e-01	4.01e-01	1.45e-02	0.00e+00	0.00e+00	0.00e+00	0.00e+00
 1.26695e+16	7.99e-03	6.15e-01	3.65e-01	1.17e-02	0.00e+00	0.00e+00	0.00e+00	0.00e+00
 1.26836e+16	9.23e-03	6.58e-01	3.24e-01	8.90e-03	0.00e+00	0.00e+00	0.00e+00	0.00e+00
 1.26964e+16	1.05e-02	6.96e-01	2.86e-01	6.82e-03	0.00e+00	0.00e+00	0.00e+00	0.00e+00
 1.27071e+16	1.18e-02	7.28e-01	2.55e-01	5.33e-03	0.00e+00	0.00e+00	0.00e+00	0.00e+00
 1.27187e+16	1.33e-02	7.62e-01	2.20e-01	3.96e-03	0.00e+00	0.00e+00	0.00e+00	0.00e+00
 1.27310e+16	1.51e-02	7.96e-01	1.86e-01	2.82e-03	0.00e+00	0.00e+00	0.00e+00	0.00e+00
 1.27413e+16	1.69e-02	8.23e-01	1.58e-01	2.05e-03	0.00e+00	0.00e+00	0.00e+00	0.00e+00
 1.27499e+16	1.85e-02	8.43e-01	1.37e-01	1.54e-03	0.00e+00	0.00e+00	0.00e+00	0.00e+00
 1.27593e+16	2.06e-02	8.64e-01	1.15e-01	1.10e-03	0.00e+00	0.00e+00	0.00e+00	0.00e+00
 1.27694e+16	2.30e-02	8.83e-01	9.34e-02	7.45e-04	0.00e+00	0.00e+00	0.00e+00	0.00e+00
 1.27783e+16	2.53e-02	8.97e-01	7.67e-02	5.14e-04	0.00e+00	0.00e+00	0.00e+00	0.00e+00
 1.27860e+16	2.76e-02	9.08e-01	6.39e-02	3.66e-04	0.00e+00	0.00e+00	0.00e+00	0.00e+00
 1.27944e+16	3.06e-02	9.18e-01	5.13e-02	2.43e-04	0.00e+00	0.00e+00	0.00e+00	0.00e+00
 1.28033e+16	3.39e-02	9.26e-01	4.02e-02	1.55e-04	0.00e+00	0.00e+00	0.00e+00	0.00e+00
 1.28108e+16	3.71e-02	9.31e-01	3.23e-02	1.03e-04	0.00e+00	0.00e+00	0.00e+00	0.00e+00
 1.28170e+16	3.99e-02	9.33e-01	2.66e-02	7.22e-05	0.00e+00	0.00e+00	0.00e+00	0.00e+00
 1.28238e+16	4.36e-02	9.35e-01	2.12e-02	4.77e-05	0.00e+00	0.00e+00	0.00e+00	0.00e+00
 1.28309e+16	4.77e-02	9.36e-01	1.66e-02	3.05e-05	0.00e+00	0.00e+00	0.00e+00	0.00e+00
 1.28368e+16	5.15e-02	9.35e-01	1.33e-02	2.04e-05	0.00e+00	0.00e+00	0.00e+00	0.00e+00
 1.28419e+16	5.49e-02	9.34e-01	1.10e-02	1.43e-05	0.00e+00	0.00e+00	0.00e+00	0.00e+00
 1.28468e+16	5.85e-02	9.32e-01	9.09e-03	1.01e-05	0.00e+00	0.00e+00	0.00e+00	0.00e+00
 1.28518e+16	6.27e-02	9.30e-01	7.39e-03	6.89e-06	0.00e+00	0.00e+00	0.00e+00	0.00e+00
 1.28566e+16	6.69e-02	9.27e-01	6.01e-03	4.71e-06	0.00e+00	0.00e+00	0.00e+00	0.00e+00
 1.28611e+16	7.09e-02	9.24e-01	4.96e-03	3.30e-06	0.00e+00	0.00e+00	0.00e+00	0.00e+00
 1.28649e+16	7.46e-02	9.21e-01	4.18e-03	2.41e-06	0.00e+00	0.00e+00	0.00e+00	0.00e+00
 1.28683e+16	7.80e-02	9.18e-01	3.57e-03	1.80e-06	0.00e+00	0.00e+00	0.00e+00	0.00e+00
 1.28710e+16	8.07e-02	9.16e-01	3.16e-03	1.44e-06	0.00e+00	0.00e+00	0.00e+00	0.00e+00
 1.28728e+16	8.28e-02	9.14e-01	2.89e-03	1.22e-06	0.00e+00	0.00e+00	0.00e+00	0.00e+00
 1.28746e+16	8.49e-02	9.12e-01	2.65e-03	1.04e-06	0.00e+00	0.00e+00	0.00e+00	0.00e+00
 1.28766e+16	8.74e-02	9.10e-01	2.40e-03	8.67e-07	0.00e+00	0.00e+00	0.00e+00	0.00e+00
 1.28787e+16	8.99e-02	9.08e-01	2.16e-03	0.00e+00	0.00e+00	0.00e+00	0.00e+00	0.00e+00
 1.28807e+16	9.24e-02	9.06e-01	1.95e-03	0.00e+00	0.00e+00	0.00e+00	0.00e+00	0.00e+00
 1.28826e+16	9.49e-02	9.03e-01	1.77e-03	0.00e+00	0.00e+00	0.00e+00	0.00e+00	0.00e+00
 1.28845e+16	9.74e-02	9.01e-01	1.60e-03	0.00e+00	0.00e+00	0.00e+00	0.00e+00	0.00e+00
 1.28864e+16	1.00e-01	8.98e-01	1.45e-03	0.00e+00	0.00e+00	0.00e+00	0.00e+00	0.00e+00
 1.28883e+16	1.03e-01	8.96e-01	1.31e-03	0.00e+00	0.00e+00	0.00e+00	0.00e+00	0.00e+00
 1.28901e+16	1.05e-01	8.93e-01	1.19e-03	0.00e+00	0.00e+00	0.00e+00	0.00e+00	0.00e+00
 1.28919e+16	1.08e-01	8.91e-01	1.07e-03	0.00e+00	0.00e+00	0.00e+00	0.00e+00	0.00e+00
 1.28938e+16	1.11e-01	8.88e-01	9.69e-04	0.00e+00	0.00e+00	0.00e+00	0.00e+00	0.00e+00
 1.28955e+16	1.14e-01	8.85e-01	8.77e-04	0.00e+00	0.00e+00	0.00e+00	0.00e+00	0.00e+00
 1.28973e+16	1.17e-01	8.82e-01	7.95e-04	0.00e+00	0.00e+00	0.00e+00	0.00e+00	0.00e+00
 1.28990e+16	1.20e-01	8.79e-01	7.18e-04	0.00e+00	0.00e+00	0.00e+00	0.00e+00	0.00e+00
 1.29007e+16	1.23e-01	8.76e-01	6.49e-04	0.00e+00	0.00e+00	0.00e+00	0.00e+00	0.00e+00
 1.29024e+16	1.26e-01	8.73e-01	5.87e-04	0.00e+00	0.00e+00	0.00e+00	0.00e+00	0.00e+00
 1.29041e+16	1.30e-01	8.70e-01	5.31e-04	0.00e+00	0.00e+00	0.00e+00	0.00e+00	0.00e+00
 1.29058e+16	1.33e-01	8.66e-01	4.79e-04	0.00e+00	0.00e+00	0.00e+00	0.00e+00	0.00e+00
 1.29074e+16	1.37e-01	8.63e-01	4.33e-04	0.00e+00	0.00e+00	0.00e+00	0.00e+00	0.00e+00
 1.29090e+16	1.41e-01	8.59e-01	3.91e-04	0.00e+00	0.00e+00	0.00e+00	0.00e+00	0.00e+00
 1.29107e+16	1.44e-01	8.55e-01	3.53e-04	0.00e+00	0.00e+00	0.00e+00	0.00e+00	0.00e+00
 1.29122e+16	1.48e-01	8.51e-01	3.19e-04	0.00e+00	0.00e+00	0.00e+00	0.00e+00	0.00e+00
 1.29138e+16	1.52e-01	8.47e-01	2.88e-04	0.00e+00	0.00e+00	0.00e+00	0.00e+00	0.00e+00
 1.29154e+16	1.57e-01	8.43e-01	2.60e-04	0.00e+00	0.00e+00	0.00e+00	0.00e+00	0.00e+00
 1.29169e+16	1.61e-01	8.38e-01	2.35e-04	0.00e+00	0.00e+00	0.00e+00	0.00e+00	0.00e+00
 1.29184e+16	1.66e-01	8.34e-01	2.12e-04	0.00e+00	0.00e+00	0.00e+00	0.00e+00	0.00e+00
 1.29199e+16	1.71e-01	8.29e-01	1.92e-04	0.00e+00	0.00e+00	0.00e+00	0.00e+00	0.00e+00
 1.29213e+16	1.77e-01	8.23e-01	1.74e-04	0.00e+00	0.00e+00	0.00e+00	0.00e+00	0.00e+00
 1.29227e+16	1.82e-01	8.18e-01	1.57e-04	0.00e+00	0.00e+00	0.00e+00	0.00e+00	0.00e+00
 1.29242e+16	1.88e-01	8.12e-01	1.42e-04	0.00e+00	0.00e+00	0.00e+00	0.00e+00	0.00e+00
 1.29256e+16	1.94e-01	8.06e-01	1.28e-04	0.00e+00	0.00e+00	0.00e+00	0.00e+00	0.00e+00
 1.29269e+16	2.00e-01	8.00e-01	1.16e-04	0.00e+00	0.00e+00	0.00e+00	0.00e+00	0.00e+00
 1.29282e+16	2.07e-01	7.93e-01	1.05e-04	0.00e+00	0.00e+00	0.00e+00	0.00e+00	0.00e+00
 1.29295e+16	2.14e-01	7.86e-01	9.52e-05	0.00e+00	0.00e+00	0.00e+00	0.00e+00	0.00e+00
 1.29308e+16	2.21e-01	7.79e-01	8.63e-05	0.00e+00	0.00e+00	0.00e+00	0.00e+00	0.00e+00
 1.29321e+16	2.29e-01	7.71e-01	7.81e-05	0.00e+00	0.00e+00	0.00e+00	0.00e+00	0.00e+00
 1.29334e+16	2.37e-01	7.63e-01	7.08e-05	0.00e+00	0.00e+00	0.00e+00	0.00e+00	0.00e+00
 1.29346e+16	2.47e-01	7.53e-01	6.40e-05	0.00e+00	0.00e+00	0.00e+00	0.00e+00	0.00e+00
 1.29358e+16	2.56e-01	7.44e-01	5.81e-05	0.00e+00	0.00e+00	0.00e+00	0.00e+00	0.00e+00
 1.29370e+16	2.66e-01	7.34e-01	5.27e-05	0.00e+00	0.00e+00	0.00e+00	0.00e+00	0.00e+00
 1.29382e+16	2.77e-01	7.23e-01	4.76e-05	0.00e+00	0.00e+00	0.00e+00	0.00e+00	0.00e+00
 1.29393e+16	2.88e-01	7.12e-01	4.31e-05	0.00e+00	0.00e+00	0.00e+00	0.00e+00	0.00e+00
 1.29405e+16	2.99e-01	7.01e-01	3.90e-05	0.00e+00	0.00e+00	0.00e+00	0.00e+00	0.00e+00
 1.29416e+16	3.11e-01	6.88e-01	3.52e-05	0.00e+00	0.00e+00	0.00e+00	0.00e+00	0.00e+00
 1.29428e+16	3.25e-01	6.75e-01	3.17e-05	0.00e+00	0.00e+00	0.00e+00	0.00e+00	0.00e+00
 1.29439e+16	3.39e-01	6.61e-01	2.86e-05	0.00e+00	0.00e+00	0.00e+00	0.00e+00	0.00e+00
 1.29450e+16	3.54e-01	6.46e-01	2.58e-05	0.00e+00	0.00e+00	0.00e+00	0.00e+00	0.00e+00
 1.29461e+16	3.69e-01	6.31e-01	2.32e-05	0.00e+00	0.00e+00	0.00e+00	0.00e+00	0.00e+00
 1.29472e+16	3.85e-01	6.15e-01	2.08e-05	0.00e+00	0.00e+00	0.00e+00	0.00e+00	0.00e+00
 1.29483e+16	4.04e-01	5.96e-01	1.86e-05	0.00e+00	0.00e+00	0.00e+00	0.00e+00	0.00e+00
 1.29494e+16	4.20e-01	5.80e-01	1.67e-05	0.00e+00	0.00e+00	0.00e+00	0.00e+00	0.00e+00
 1.29505e+16	4.41e-01	5.59e-01	1.49e-05	0.00e+00	0.00e+00	0.00e+00	0.00e+00	0.00e+00
 1.29515e+16	4.61e-01	5.39e-01	1.33e-05	0.00e+00	0.00e+00	0.00e+00	0.00e+00	0.00e+00
 1.29526e+16	4.81e-01	5.19e-01	1.18e-05	0.00e+00	0.00e+00	0.00e+00	0.00e+00	0.00e+00
 1.29537e+16	5.01e-01	4.99e-01	1.05e-05	0.00e+00	0.00e+00	0.00e+00	0.00e+00	0.00e+00
 1.29547e+16	5.24e-01	4.76e-01	9.32e-06	0.00e+00	0.00e+00	0.00e+00	0.00e+00	0.00e+00
 1.29558e+16	5.44e-01	4.56e-01	8.28e-06	0.00e+00	0.00e+00	0.00e+00	0.00e+00	0.00e+00
 1.29569e+16	5.66e-01	4.34e-01	7.31e-06	0.00e+00	0.00e+00	0.00e+00	0.00e+00	0.00e+00
 1.29578e+16	5.85e-01	4.15e-01	6.55e-06	0.00e+00	0.00e+00	0.00e+00	0.00e+00	0.00e+00
 1.29586e+16	6.00e-01	4.00e-01	5.99e-06	0.00e+00	0.00e+00	0.00e+00	0.00e+00	0.00e+00
 1.29593e+16	6.14e-01	3.86e-01	5.52e-06	0.00e+00	0.00e+00	0.00e+00	0.00e+00	0.00e+00
 1.29601e+16	6.28e-01	3.72e-01	5.05e-06	0.00e+00	0.00e+00	0.00e+00	0.00e+00	0.00e+00
 1.29608e+16	6.45e-01	3.55e-01	4.57e-06	0.00e+00	0.00e+00	0.00e+00	0.00e+00	0.00e+00
 1.29616e+16	6.58e-01	3.42e-01	4.20e-06	0.00e+00	0.00e+00	0.00e+00	0.00e+00	0.00e+00
 1.29623e+16	6.71e-01	3.29e-01	3.86e-06	0.00e+00	0.00e+00	0.00e+00	0.00e+00	0.00e+00
 1.29630e+16	6.85e-01	3.15e-01	3.54e-06	0.00e+00	0.00e+00	0.00e+00	0.00e+00	0.00e+00
 1.29637e+16	6.97e-01	3.03e-01	3.25e-06	0.00e+00	0.00e+00	0.00e+00	0.00e+00	0.00e+00
 1.29644e+16	7.09e-01	2.91e-01	2.99e-06	0.00e+00	0.00e+00	0.00e+00	0.00e+00	0.00e+00
 1.29651e+16	7.20e-01	2.80e-01	2.76e-06	0.00e+00	0.00e+00	0.00e+00	0.00e+00	0.00e+00
 1.29657e+16	7.31e-01	2.69e-01	2.55e-06	0.00e+00	0.00e+00	0.00e+00	0.00e+00	0.00e+00
