#depth	He	He+	He+2
 1.49634e+10	4.94e-22	1.77e-11	1.00e+00
 4.54887e+10	5.55e-22	1.91e-11	1.00e+00
 7.72350e+10	6.21e-22	2.08e-11	1.00e+00
 1.10251e+11	6.96e-22	2.25e-11	1.00e+00
 1.43635e+11	7.78e-22	2.43e-11	1.00e+00
 1.78355e+11	8.70e-22	2.63e-11	1.00e+00
 2.15416e+11	9.79e-22	2.86e-11	1.00e+00
 2.53959e+11	1.10e-21	3.10e-11	1.00e+00
 2.94044e+11	1.24e-21	3.36e-11	1.00e+00
 3.35733e+11	1.40e-21	3.65e-11	1.00e+00
 3.79089e+11	1.59e-21	3.96e-11	1.00e+00
 4.24179e+11	1.80e-21	4.30e-11	1.00e+00
 4.71073e+11	2.04e-21	4.67e-11	1.00e+00
 5.15121e+11	2.29e-21	5.04e-11	1.00e+00
 5.54245e+11	2.53e-21	5.37e-11	1.00e+00
 5.97907e+11	2.81e-21	5.77e-11	1.00e+00
 6.50001e+11	3.19e-21	6.25e-11	1.00e+00
 7.02525e+11	3.62e-21	6.77e-11	1.00e+00
 7.51554e+11	4.05e-21	7.27e-11	1.00e+00
 8.05947e+11	4.57e-21	7.85e-11	1.00e+00
 8.68111e+11	5.24e-21	8.54e-11	1.00e+00
 9.29896e+11	5.98e-21	9.27e-11	1.00e+00
 9.94151e+11	6.81e-21	1.01e-10	1.00e+00
 1.06384e+12	7.83e-21	1.10e-10	1.00e+00
 1.13632e+12	9.00e-21	1.20e-10	1.00e+00
 1.20447e+12	1.02e-20	1.29e-10	1.00e+00
 1.26538e+12	1.14e-20	1.39e-10	1.00e+00
 1.33374e+12	1.29e-20	1.49e-10	1.00e+00
 1.41479e+12	1.48e-20	1.63e-10	1.00e+00
 1.49588e+12	1.70e-20	1.77e-10	1.00e+00
 1.57157e+12	1.91e-20	1.91e-10	1.00e+00
 1.65571e+12	2.17e-20	2.07e-10	1.00e+00
 1.75187e+12	2.52e-20	2.26e-10	1.00e+00
 1.84640e+12	2.89e-20	2.46e-10	1.00e+00
 1.94472e+12	3.31e-20	2.68e-10	1.00e+00
 2.05243e+12	3.82e-20	2.94e-10	1.00e+00
 2.16087e+12	4.40e-20	3.21e-10	1.00e+00
 2.27365e+12	5.06e-20	3.51e-10	1.00e+00
 2.39452e+12	5.84e-20	3.86e-10	1.00e+00
 2.51443e+12	6.71e-20	4.22e-10	1.00e+00
 2.63912e+12	7.68e-20	4.61e-10	1.00e+00
 2.77462e+12	8.86e-20	5.07e-10	1.00e+00
 2.91553e+12	1.02e-19	5.57e-10	1.00e+00
 3.06208e+12	1.18e-19	6.13e-10	1.00e+00
 3.21449e+12	1.35e-19	6.74e-10	1.00e+00
 3.35207e+12	1.53e-19	7.34e-10	1.00e+00
 3.46612e+12	1.68e-19	7.85e-10	1.00e+00
 3.59067e+12	1.86e-19	8.43e-10	1.00e+00
 3.74925e+12	2.11e-19	9.21e-10	1.00e+00
 3.91529e+12	2.40e-19	1.01e-09	1.00e+00
 4.06169e+12	2.67e-19	1.09e-09	1.00e+00
 4.19801e+12	2.94e-19	1.17e-09	1.00e+00
 4.35387e+12	3.27e-19	1.26e-09	1.00e+00
 4.54577e+12	3.72e-19	1.38e-09	1.00e+00
 4.73724e+12	4.21e-19	1.51e-09	1.00e+00
 4.90329e+12	4.66e-19	1.63e-09	1.00e+00
 5.08355e+12	5.17e-19	1.76e-09	1.00e+00
 5.30411e+12	5.87e-19	1.93e-09	1.00e+00
 5.52962e+12	6.65e-19	2.11e-09	1.00e+00
 5.73616e+12	7.43e-19	2.29e-09	1.00e+00
 5.96544e+12	8.35e-19	2.49e-09	1.00e+00
 6.23190e+12	9.55e-19	2.74e-09	1.00e+00
 6.49460e+12	1.09e-18	3.00e-09	1.00e+00
 6.74477e+12	1.22e-18	3.25e-09	1.00e+00
 7.02145e+12	1.39e-18	3.55e-09	1.00e+00
 7.33223e+12	1.60e-18	3.90e-09	1.00e+00
 7.64429e+12	1.83e-18	4.27e-09	1.00e+00
 7.92398e+12	2.07e-18	4.62e-09	1.00e+00
 8.16172e+12	2.28e-18	4.93e-09	1.00e+00
 8.41854e+12	2.53e-18	5.27e-09	1.00e+00
 8.74994e+12	2.89e-18	5.73e-09	1.00e+00
 9.09586e+12	3.32e-18	6.23e-09	1.00e+00
 9.39327e+12	3.72e-18	6.68e-09	1.00e+00
 9.71003e+12	4.18e-18	7.17e-09	1.00e+00
 1.01018e+13	4.82e-18	7.81e-09	1.00e+00
 1.05042e+13	5.56e-18	8.49e-09	1.00e+00
 1.08677e+13	6.30e-18	9.14e-09	1.00e+00
 1.12674e+13	7.20e-18	9.87e-09	1.00e+00
 1.17036e+13	8.30e-18	1.07e-08	1.00e+00
 1.20986e+13	9.41e-18	1.15e-08	1.00e+00
 1.25234e+13	1.07e-17	1.24e-08	1.00e+00
 1.30030e+13	1.24e-17	1.34e-08	1.00e+00
 1.34591e+13	1.41e-17	1.44e-08	1.00e+00
 1.39575e+13	1.62e-17	1.56e-08	1.00e+00
 1.45102e+13	1.89e-17	1.69e-08	1.00e+00
 1.50236e+13	2.16e-17	1.82e-08	1.00e+00
 1.55811e+13	2.49e-17	1.96e-08	1.00e+00
 1.62080e+13	2.91e-17	2.14e-08	1.00e+00
 1.68027e+13	3.35e-17	2.30e-08	1.00e+00
 1.74423e+13	3.88e-17	2.49e-08	1.00e+00
 1.81556e+13	4.54e-17	2.71e-08	1.00e+00
 1.88446e+13	5.27e-17	2.93e-08	1.00e+00
 1.95755e+13	6.12e-17	3.17e-08	1.00e+00
 2.03884e+13	7.19e-17	3.45e-08	1.00e+00
 2.12048e+13	8.40e-17	3.74e-08	1.00e+00
 2.20537e+13	9.82e-17	4.06e-08	1.00e+00
 2.29658e+13	1.15e-16	4.41e-08	1.00e+00
 2.39144e+13	1.35e-16	4.80e-08	1.00e+00
 2.48475e+13	1.58e-16	5.19e-08	1.00e+00
 2.57206e+13	1.81e-16	5.57e-08	1.00e+00
 2.65192e+13	2.04e-16	5.93e-08	1.00e+00
 2.73816e+13	2.32e-16	6.33e-08	1.00e+00
 2.83526e+13	2.66e-16	6.80e-08	1.00e+00
 2.92706e+13	3.02e-16	7.26e-08	1.00e+00
 3.02698e+13	3.45e-16	7.78e-08	1.00e+00
 3.14662e+13	4.02e-16	8.42e-08	1.00e+00
 3.26348e+13	4.66e-16	9.08e-08	1.00e+00
 3.36399e+13	5.25e-16	9.65e-08	1.00e+00
 3.47167e+13	5.95e-16	1.03e-07	1.00e+00
 3.60468e+13	6.89e-16	1.11e-07	1.00e+00
 3.73851e+13	7.97e-16	1.20e-07	1.00e+00
 3.85542e+13	9.02e-16	1.27e-07	1.00e+00
 3.98244e+13	1.02e-15	1.36e-07	1.00e+00
 4.13681e+13	1.19e-15	1.47e-07	1.00e+00
 4.29144e+13	1.37e-15	1.58e-07	1.00e+00
 4.43040e+13	1.56e-15	1.69e-07	1.00e+00
 4.58429e+13	1.78e-15	1.81e-07	1.00e+00
 4.76619e+13	2.08e-15	1.96e-07	1.00e+00
 4.94601e+13	2.40e-15	2.11e-07	1.00e+00
 5.11300e+13	2.74e-15	2.25e-07	1.00e+00
 5.30050e+13	3.16e-15	2.42e-07	1.00e+00
 5.51552e+13	3.70e-15	2.62e-07	1.00e+00
 5.72801e+13	4.27e-15	2.83e-07	1.00e+00
 5.94901e+13	4.96e-15	3.05e-07	1.00e+00
 6.18997e+13	5.78e-15	3.30e-07	1.00e+00
 6.44056e+13	6.77e-15	3.58e-07	1.00e+00
 6.68306e+13	7.82e-15	3.85e-07	1.00e+00
 6.91041e+13	8.90e-15	4.12e-07	1.00e+00
 7.16496e+13	1.02e-14	4.43e-07	1.00e+00
 7.42261e+13	1.17e-14	4.76e-07	1.00e+00
 7.63563e+13	1.31e-14	5.04e-07	1.00e+00
 7.85943e+13	1.47e-14	5.34e-07	1.00e+00
 8.14715e+13	1.68e-14	5.75e-07	1.00e+00
 8.44962e+13	1.94e-14	6.19e-07	1.00e+00
 8.71627e+13	2.18e-14	6.59e-07	1.00e+00
 9.00468e+13	2.48e-14	7.04e-07	1.00e+00
 9.35254e+13	2.87e-14	7.61e-07	1.00e+00
 9.70464e+13	3.32e-14	8.20e-07	1.00e+00
 1.00327e+14	3.76e-14	8.78e-07	1.00e+00
 1.03988e+14	4.32e-14	9.45e-07	1.00e+00
 1.07899e+14	4.97e-14	1.02e-06	1.00e+00
 1.11363e+14	5.62e-14	1.09e-06	1.00e+00
 1.15061e+14	6.37e-14	1.16e-06	1.00e+00
 1.19509e+14	7.37e-14	1.26e-06	1.00e+00
 1.23892e+14	8.46e-14	1.36e-06	1.00e+00
 1.27776e+14	9.50e-14	1.45e-06	1.00e+00
 1.32051e+14	1.08e-13	1.55e-06	1.00e+00
 1.37171e+14	1.24e-13	1.68e-06	1.00e+00
 1.42289e+14	1.43e-13	1.81e-06	1.00e+00
 1.46953e+14	1.61e-13	1.93e-06	1.00e+00
 1.52131e+14	1.83e-13	2.08e-06	1.00e+00
 1.58174e+14	2.12e-13	2.25e-06	1.00e+00
 1.64126e+14	2.42e-13	2.43e-06	1.00e+00
 1.69746e+14	2.75e-13	2.61e-06	1.00e+00
 1.75996e+14	3.14e-13	2.81e-06	1.00e+00
 1.83066e+14	3.62e-13	3.04e-06	1.00e+00
 1.89760e+14	4.12e-13	3.27e-06	1.00e+00
 1.95851e+14	4.62e-13	3.49e-06	1.00e+00
 2.02755e+14	5.23e-13	3.75e-06	1.00e+00
 2.10805e+14	6.02e-13	4.06e-06	1.00e+00
 2.18500e+14	6.83e-13	4.37e-06	1.00e+00
 2.25432e+14	7.64e-13	4.66e-06	1.00e+00
 2.31982e+14	8.45e-13	4.93e-06	1.00e+00
 2.39264e+14	9.43e-13	5.26e-06	1.00e+00
 2.47412e+14	1.06e-12	5.63e-06	1.00e+00
 2.55112e+14	1.16e-12	5.99e-06	1.00e+00
 2.63548e+14	1.30e-12	6.40e-06	1.00e+00
 2.73011e+14	1.48e-12	6.87e-06	1.00e+00
 2.81918e+14	1.65e-12	7.33e-06	1.00e+00
 2.91609e+14	1.86e-12	7.86e-06	1.00e+00
 3.02325e+14	2.12e-12	8.45e-06	1.00e+00
 3.12206e+14	2.37e-12	9.03e-06	1.00e+00
 3.22881e+14	2.67e-12	9.66e-06	1.00e+00
 3.34851e+14	3.05e-12	1.04e-05	1.00e+00
 3.46096e+14	3.42e-12	1.11e-05	1.00e+00
 3.58303e+14	3.88e-12	1.19e-05	1.00e+00
 3.71915e+14	4.43e-12	1.29e-05	1.00e+00
 3.84652e+14	5.01e-12	1.38e-05	1.00e+00
 3.98505e+14	5.69e-12	1.48e-05	1.00e+00
 4.14023e+14	6.55e-12	1.61e-05	1.00e+00
 4.28686e+14	7.43e-12	1.73e-05	1.00e+00
 4.44388e+14	8.51e-12	1.86e-05	1.00e+00
 4.62194e+14	9.71e-12	2.02e-05	1.00e+00
 4.79682e+14	1.12e-11	2.18e-05	1.00e+00
 4.97870e+14	1.29e-11	2.36e-05	1.00e+00
 5.17814e+14	1.51e-11	2.56e-05	1.00e+00
 5.37408e+14	1.74e-11	2.77e-05	1.00e+00
 5.53631e+14	1.96e-11	2.95e-05	1.00e+00
 5.66814e+14	2.15e-11	3.10e-05	1.00e+00
 5.81502e+14	2.38e-11	3.28e-05	1.00e+00
 6.00596e+14	2.70e-11	3.52e-05	1.00e+00
 6.21058e+14	3.09e-11	3.78e-05	1.00e+00
 6.39174e+14	3.46e-11	4.02e-05	1.00e+00
 6.58598e+14	3.91e-11	4.29e-05	1.00e+00
 6.82983e+14	4.54e-11	4.65e-05	1.00e+00
 7.07792e+14	5.26e-11	5.03e-05	1.00e+00
 7.29303e+14	5.95e-11	5.37e-05	1.00e+00
 7.52549e+14	6.79e-11	5.76e-05	1.00e+00
 7.81018e+14	7.93e-11	6.26e-05	1.00e+00
 8.09659e+14	9.21e-11	6.77e-05	1.00e+00
 8.34997e+14	1.05e-10	7.26e-05	1.00e+00
 8.62654e+14	1.21e-10	7.81e-05	1.00e+00
 8.95867e+14	1.42e-10	8.50e-05	1.00e+00
 9.28826e+14	1.66e-10	9.22e-05	1.00e+00
 9.58482e+14	1.90e-10	9.90e-05	1.00e+00
 9.91324e+14	2.19e-10	1.07e-04	1.00e+00
 1.03010e+15	2.60e-10	1.16e-04	1.00e+00
 1.06845e+15	3.04e-10	1.27e-04	1.00e+00
 1.10399e+15	3.51e-10	1.36e-04	1.00e+00
 1.14384e+15	4.10e-10	1.48e-04	1.00e+00
 1.18963e+15	4.88e-10	1.61e-04	1.00e+00
 1.23468e+15	5.75e-10	1.75e-04	1.00e+00
 1.28154e+15	6.78e-10	1.91e-04	1.00e+00
 1.32429e+15	7.84e-10	2.06e-04	1.00e+00
 1.35628e+15	8.71e-10	2.17e-04	1.00e+00
 1.38935e+15	9.68e-10	2.29e-04	1.00e+00
 1.43234e+15	1.11e-09	2.45e-04	1.00e+00
 1.47881e+15	1.28e-09	2.63e-04	1.00e+00
 1.52075e+15	1.45e-09	2.80e-04	1.00e+00
 1.56621e+15	1.65e-09	2.99e-04	1.00e+00
 1.62375e+15	1.93e-09	3.25e-04	1.00e+00
 1.68159e+15	2.26e-09	3.51e-04	1.00e+00
 1.73034e+15	2.56e-09	3.74e-04	1.00e+00
 1.78269e+15	2.92e-09	4.00e-04	1.00e+00
 1.84854e+15	3.43e-09	4.33e-04	1.00e+00
 1.91732e+15	4.03e-09	4.70e-04	1.00e+00
 1.97910e+15	4.64e-09	5.03e-04	9.99e-01
 2.04638e+15	5.37e-09	5.42e-04	9.99e-01
 2.12611e+15	6.37e-09	5.89e-04	9.99e-01
 2.20402e+15	7.46e-09	6.37e-04	9.99e-01
 2.27461e+15	8.56e-09	6.83e-04	9.99e-01
 2.35368e+15	9.93e-09	7.35e-04	9.99e-01
 2.44636e+15	1.18e-08	8.00e-04	9.99e-01
 2.53733e+15	1.38e-08	8.65e-04	9.99e-01
 2.62283e+15	1.59e-08	9.28e-04	9.99e-01
 2.69797e+15	1.80e-08	9.86e-04	9.99e-01
 2.76056e+15	1.99e-08	1.04e-03	9.99e-01
 2.82946e+15	2.22e-08	1.09e-03	9.99e-01
 2.91904e+15	2.55e-08	1.17e-03	9.99e-01
 3.01291e+15	2.93e-08	1.25e-03	9.99e-01
 3.09295e+15	3.28e-08	1.32e-03	9.99e-01
 3.17757e+15	3.70e-08	1.40e-03	9.99e-01
 3.28758e+15	4.31e-08	1.50e-03	9.98e-01
 3.40048e+15	4.99e-08	1.61e-03	9.98e-01
 3.49413e+15	5.62e-08	1.71e-03	9.98e-01
 3.59286e+15	6.35e-08	1.81e-03	9.98e-01
 3.72121e+15	7.40e-08	1.96e-03	9.98e-01
 3.85564e+15	8.61e-08	2.11e-03	9.98e-01
 3.97020e+15	9.76e-08	2.24e-03	9.98e-01
 4.09134e+15	1.11e-07	2.39e-03	9.98e-01
 4.24302e+15	1.30e-07	2.58e-03	9.97e-01
 4.39550e+15	1.51e-07	2.78e-03	9.97e-01
 4.52661e+15	1.70e-07	2.96e-03	9.97e-01
 4.66885e+15	1.94e-07	3.17e-03	9.97e-01
 4.82709e+15	2.23e-07	3.40e-03	9.97e-01
 4.97522e+15	2.52e-07	3.63e-03	9.96e-01
 5.11486e+15	2.83e-07	3.86e-03	9.96e-01
 5.27440e+15	3.24e-07	4.14e-03	9.96e-01
 5.43283e+15	3.65e-07	4.42e-03	9.96e-01
 5.56077e+15	4.01e-07	4.66e-03	9.95e-01
 5.69804e+15	4.46e-07	4.93e-03	9.95e-01
 5.85203e+15	4.99e-07	5.25e-03	9.95e-01
 6.00206e+15	5.55e-07	5.59e-03	9.94e-01
 6.17139e+15	6.29e-07	5.99e-03	9.94e-01
 6.35053e+15	7.10e-07	6.44e-03	9.94e-01
 6.50986e+15	7.90e-07	6.87e-03	9.93e-01
 6.68440e+15	8.99e-07	7.41e-03	9.93e-01
 6.86490e+15	1.01e-06	7.97e-03	9.92e-01
 7.01606e+15	1.12e-06	8.49e-03	9.92e-01
 7.17548e+15	1.26e-06	9.13e-03	9.91e-01
 7.34943e+15	1.42e-06	9.87e-03	9.90e-01
 7.50607e+15	1.58e-06	1.06e-02	9.89e-01
 7.65012e+15	1.75e-06	1.14e-02	9.89e-01
 7.81399e+15	1.99e-06	1.23e-02	9.88e-01
 7.98057e+15	2.26e-06	1.35e-02	9.87e-01
 8.11231e+15	2.50e-06	1.44e-02	9.86e-01
 8.24522e+15	2.81e-06	1.56e-02	9.84e-01
 8.39130e+15	3.16e-06	1.70e-02	9.83e-01
 8.52320e+15	3.58e-06	1.85e-02	9.81e-01
 8.63939e+15	3.99e-06	2.00e-02	9.80e-01
 8.76649e+15	4.53e-06	2.19e-02	9.78e-01
 8.90228e+15	5.26e-06	2.43e-02	9.76e-01
 9.01660e+15	5.96e-06	2.67e-02	9.73e-01
 9.11430e+15	6.69e-06	2.90e-02	9.71e-01
 9.22315e+15	7.56e-06	3.21e-02	9.68e-01
 9.34112e+15	8.83e-06	3.61e-02	9.64e-01
 9.44211e+15	1.02e-05	4.03e-02	9.60e-01
 9.52542e+15	1.19e-05	4.45e-02	9.56e-01
 9.60019e+15	1.35e-05	4.88e-02	9.51e-01
 9.68299e+15	1.56e-05	5.46e-02	9.45e-01
 9.77201e+15	1.82e-05	6.21e-02	9.38e-01
 9.84889e+15	2.19e-05	7.01e-02	9.30e-01
 9.91108e+15	2.49e-05	7.79e-02	9.22e-01
 9.97443e+15	2.87e-05	8.75e-02	9.12e-01
 1.00439e+16	3.42e-05	1.00e-01	9.00e-01
 1.01039e+16	4.05e-05	1.14e-01	8.86e-01
 1.01524e+16	4.78e-05	1.27e-01	8.72e-01
 1.01940e+16	5.42e-05	1.41e-01	8.59e-01
 1.02391e+16	6.32e-05	1.58e-01	8.42e-01
 1.02880e+16	7.50e-05	1.81e-01	8.19e-01
 1.03302e+16	8.68e-05	2.04e-01	7.96e-01
 1.03631e+16	9.96e-05	2.25e-01	7.75e-01
 1.03860e+16	1.09e-04	2.41e-01	7.59e-01
 1.04066e+16	1.18e-04	2.57e-01	7.43e-01
 1.04333e+16	1.33e-04	2.80e-01	7.20e-01
 1.04594e+16	1.47e-04	3.05e-01	6.95e-01
 1.04848e+16	1.65e-04	3.31e-01	6.69e-01
 1.05113e+16	1.85e-04	3.61e-01	6.39e-01
 1.05336e+16	2.04e-04	3.88e-01	6.11e-01
 1.05535e+16	2.23e-04	4.14e-01	5.86e-01
 1.05727e+16	2.43e-04	4.40e-01	5.60e-01
 1.05942e+16	2.66e-04	4.71e-01	5.29e-01
 1.06222e+16	3.00e-04	5.12e-01	4.87e-01
 1.06503e+16	3.34e-04	5.54e-01	4.45e-01
 1.06731e+16	3.65e-04	5.89e-01	4.10e-01
 1.06973e+16	3.99e-04	6.26e-01	3.73e-01
 1.07288e+16	4.44e-04	6.73e-01	3.27e-01
 1.07618e+16	4.91e-04	7.18e-01	2.82e-01
 1.07910e+16	5.32e-04	7.54e-01	2.46e-01
 1.08232e+16	5.77e-04	7.91e-01	2.09e-01
 1.08649e+16	6.32e-04	8.31e-01	1.68e-01
 1.09117e+16	6.88e-04	8.67e-01	1.32e-01
 1.09651e+16	7.48e-04	9.00e-01	9.97e-02
 1.10345e+16	8.18e-04	9.29e-01	7.00e-02
 1.11120e+16	8.88e-04	9.51e-01	4.84e-02
 1.12003e+16	9.65e-04	9.67e-01	3.24e-02
 1.12993e+16	1.05e-03	9.77e-01	2.16e-02
 1.13916e+16	1.14e-03	9.84e-01	1.53e-02
 1.14567e+16	1.20e-03	9.86e-01	1.24e-02
 1.14947e+16	1.24e-03	9.88e-01	1.10e-02
 1.15316e+16	1.29e-03	9.89e-01	9.68e-03
 1.15797e+16	1.35e-03	9.90e-01	8.26e-03
 1.16422e+16	1.43e-03	9.92e-01	6.79e-03
 1.17030e+16	1.53e-03	9.93e-01	5.71e-03
 1.17467e+16	1.60e-03	9.93e-01	5.08e-03
 1.17885e+16	1.68e-03	9.94e-01	4.50e-03
 1.18429e+16	1.79e-03	9.94e-01	3.87e-03
 1.18914e+16	1.90e-03	9.95e-01	3.44e-03
 1.19206e+16	1.97e-03	9.95e-01	3.21e-03
 1.19465e+16	2.05e-03	9.95e-01	3.00e-03
 1.19802e+16	2.15e-03	9.95e-01	2.75e-03
 1.20155e+16	2.26e-03	9.95e-01	2.52e-03
 1.20447e+16	2.36e-03	9.95e-01	2.36e-03
 1.20698e+16	2.46e-03	9.95e-01	2.22e-03
 1.20975e+16	2.57e-03	9.95e-01	2.07e-03
 1.21275e+16	2.70e-03	9.95e-01	1.93e-03
 1.21539e+16	2.83e-03	9.95e-01	1.82e-03
 1.21770e+16	2.95e-03	9.95e-01	1.73e-03
 1.22024e+16	3.10e-03	9.95e-01	1.63e-03
 1.22297e+16	3.27e-03	9.95e-01	1.53e-03
 1.22533e+16	3.43e-03	9.95e-01	1.46e-03
 1.22736e+16	3.59e-03	9.95e-01	1.39e-03
 1.22960e+16	3.77e-03	9.95e-01	1.32e-03
 1.23203e+16	3.99e-03	9.95e-01	1.26e-03
 1.23416e+16	4.19e-03	9.95e-01	1.20e-03
 1.23602e+16	4.39e-03	9.94e-01	1.16e-03
 1.23806e+16	4.64e-03	9.94e-01	1.10e-03
 1.24026e+16	4.92e-03	9.94e-01	1.05e-03
 1.24220e+16	5.20e-03	9.94e-01	1.01e-03
 1.24393e+16	5.47e-03	9.94e-01	9.77e-04
 1.24587e+16	5.82e-03	9.93e-01	9.36e-04
 1.24795e+16	6.23e-03	9.93e-01	8.96e-04
 1.24977e+16	6.63e-03	9.93e-01	8.64e-04
 1.25142e+16	7.03e-03	9.92e-01	8.35e-04
 1.25328e+16	7.55e-03	9.92e-01	8.02e-04
 1.25532e+16	8.18e-03	9.91e-01	7.69e-04
 1.25717e+16	8.86e-03	9.90e-01	7.41e-04
 1.25890e+16	9.56e-03	9.90e-01	7.15e-04
 1.26088e+16	1.05e-02	9.89e-01	6.85e-04
 1.26293e+16	1.17e-02	9.88e-01	6.58e-04
 1.26450e+16	1.28e-02	9.87e-01	6.38e-04
 1.26569e+16	1.37e-02	9.86e-01	6.24e-04
 1.26695e+16	1.49e-02	9.85e-01	6.06e-04
 1.26836e+16	1.64e-02	9.83e-01	5.89e-04
 1.26964e+16	1.79e-02	9.82e-01	5.75e-04
 1.27071e+16	1.94e-02	9.80e-01	5.64e-04
 1.27187e+16	2.13e-02	9.78e-01	5.51e-04
 1.27310e+16	2.37e-02	9.76e-01	5.38e-04
 1.27413e+16	2.61e-02	9.73e-01	5.27e-04
 1.27499e+16	2.84e-02	9.71e-01	5.21e-04
 1.27593e+16	3.13e-02	9.68e-01	5.12e-04
 1.27694e+16	3.50e-02	9.65e-01	5.04e-04
 1.27783e+16	3.88e-02	9.61e-01	4.97e-04
 1.27860e+16	4.26e-02	9.57e-01	4.93e-04
 1.27944e+16	4.77e-02	9.52e-01	4.89e-04
 1.28033e+16	5.39e-02	9.46e-01	4.85e-04
 1.28108e+16	6.02e-02	9.39e-01	4.83e-04
 1.28170e+16	6.61e-02	9.33e-01	4.83e-04
 1.28238e+16	7.38e-02	9.26e-01	4.83e-04
 1.28309e+16	8.30e-02	9.17e-01	4.85e-04
 1.28368e+16	9.24e-02	9.07e-01	4.87e-04
 1.28419e+16	1.01e-01	8.98e-01	4.91e-04
 1.28468e+16	1.11e-01	8.89e-01	4.95e-04
 1.28518e+16	1.22e-01	8.78e-01	5.00e-04
 1.28566e+16	1.34e-01	8.65e-01	5.05e-04
 1.28611e+16	1.47e-01	8.53e-01	5.13e-04
 1.28649e+16	1.59e-01	8.41e-01	5.19e-04
 1.28683e+16	1.70e-01	8.29e-01	5.25e-04
 1.28710e+16	1.80e-01	8.20e-01	5.31e-04
 1.28728e+16	1.87e-01	8.12e-01	5.34e-04
 1.28746e+16	1.94e-01	8.05e-01	5.38e-04
 1.28766e+16	2.03e-01	7.96e-01	5.41e-04
 1.28787e+16	2.12e-01	7.87e-01	5.46e-04
 1.28807e+16	2.22e-01	7.78e-01	5.51e-04
 1.28826e+16	2.31e-01	7.68e-01	5.56e-04
 1.28845e+16	2.41e-01	7.58e-01	5.60e-04
 1.28864e+16	2.52e-01	7.48e-01	5.65e-04
 1.28883e+16	2.62e-01	7.37e-01	5.69e-04
 1.28901e+16	2.73e-01	7.26e-01	5.75e-04
 1.28919e+16	2.85e-01	7.15e-01	5.79e-04
 1.28938e+16	2.96e-01	7.03e-01	5.83e-04
 1.28955e+16	3.08e-01	6.91e-01	5.88e-04
 1.28973e+16	3.20e-01	6.79e-01	5.93e-04
 1.28990e+16	3.33e-01	6.66e-01	5.96e-04
 1.29007e+16	3.46e-01	6.54e-01	6.01e-04
 1.29024e+16	3.59e-01	6.40e-01	6.04e-04
 1.29041e+16	3.72e-01	6.27e-01	6.09e-04
 1.29058e+16	3.86e-01	6.14e-01	6.11e-04
 1.29074e+16	3.99e-01	6.00e-01	6.16e-04
 1.29090e+16	4.13e-01	5.86e-01	6.19e-04
 1.29107e+16	4.28e-01	5.72e-01	6.21e-04
 1.29122e+16	4.42e-01	5.57e-01	6.24e-04
 1.29138e+16	4.56e-01	5.43e-01	6.27e-04
 1.29154e+16	4.71e-01	5.28e-01	6.28e-04
 1.29169e+16	4.85e-01	5.14e-01	6.30e-04
 1.29184e+16	5.00e-01	4.99e-01	6.31e-04
 1.29199e+16	5.14e-01	4.85e-01	6.33e-04
 1.29213e+16	5.28e-01	4.71e-01	6.33e-04
 1.29227e+16	5.43e-01	4.57e-01	6.33e-04
 1.29242e+16	5.57e-01	4.42e-01	6.33e-04
 1.29256e+16	5.71e-01	4.28e-01	6.32e-04
 1.29269e+16	5.85e-01	4.15e-01	6.31e-04
 1.29282e+16	5.98e-01	4.01e-01	6.29e-04
 1.29295e+16	6.11e-01	3.88e-01	6.28e-04
 1.29308e+16	6.24e-01	3.75e-01	6.25e-04
 1.29321e+16	6.37e-01	3.63e-01	6.23e-04
 1.29334e+16	6.49e-01	3.50e-01	6.20e-04
 1.29346e+16	6.61e-01	3.38e-01	6.18e-04
 1.29358e+16	6.73e-01	3.27e-01	6.15e-04
 1.29370e+16	6.84e-01	3.16e-01	6.11e-04
 1.29382e+16	6.95e-01	3.04e-01	6.07e-04
 1.29393e+16	7.06e-01	2.93e-01	6.02e-04
 1.29405e+16	7.17e-01	2.83e-01	5.96e-04
 1.29416e+16	7.27e-01	2.72e-01	5.91e-04
 1.29428e+16	7.37e-01	2.62e-01	5.85e-04
 1.29439e+16	7.47e-01	2.52e-01	5.80e-04
 1.29450e+16	7.57e-01	2.43e-01	5.73e-04
 1.29461e+16	7.66e-01	2.34e-01	5.67e-04
 1.29472e+16	7.75e-01	2.25e-01	5.60e-04
 1.29483e+16	7.83e-01	2.16e-01	5.53e-04
 1.29494e+16	7.92e-01	2.08e-01	5.46e-04
 1.29505e+16	8.00e-01	2.00e-01	5.39e-04
 1.29515e+16	8.08e-01	1.92e-01	5.31e-04
 1.29526e+16	8.15e-01	1.84e-01	5.23e-04
 1.29537e+16	8.23e-01	1.77e-01	5.14e-04
 1.29547e+16	8.30e-01	1.70e-01	5.07e-04
 1.29558e+16	8.37e-01	1.63e-01	4.97e-04
 1.29569e+16	8.44e-01	1.56e-01	4.88e-04
 1.29578e+16	8.49e-01	1.50e-01	4.80e-04
 1.29586e+16	8.54e-01	1.46e-01	4.73e-04
 1.29593e+16	8.58e-01	1.42e-01	4.67e-04
 1.29601e+16	8.62e-01	1.37e-01	4.60e-04
 1.29608e+16	8.66e-01	1.33e-01	4.53e-04
 1.29616e+16	8.70e-01	1.29e-01	4.46e-04
 1.29623e+16	8.74e-01	1.26e-01	4.39e-04
 1.29630e+16	8.77e-01	1.22e-01	4.33e-04
 1.29637e+16	8.81e-01	1.19e-01	4.26e-04
 1.29644e+16	8.84e-01	1.16e-01	4.19e-04
 1.29651e+16	8.87e-01	1.12e-01	4.13e-04
 1.29657e+16	8.90e-01	1.09e-01	4.06e-04
 1.29664e+16	8.93e-01	1.06e-01	4.00e-04
 1.29671e+16	8.96e-01	1.03e-01	3.93e-04
 1.29678e+16	8.99e-01	1.01e-01	3.86e-04
 1.29685e+16	9.02e-01	9.78e-02	3.80e-04
 1.29692e+16	9.05e-01	9.50e-02	3.73e-04
 1.29700e+16	9.07e-01	9.22e-02	3.66e-04
 1.29708e+16	9.10e-01	8.94e-02	3.58e-04
 1.29716e+16	9.13e-01	8.66e-02	3.51e-04
 1.29725e+16	9.16e-01	8.36e-02	3.42e-04
 1.29734e+16	9.19e-01	8.05e-02	3.33e-04
 1.29745e+16	9.22e-01	7.72e-02	3.23e-04
 1.29758e+16	9.26e-01	7.37e-02	3.12e-04
 1.29770e+16	9.29e-01	7.04e-02	3.02e-04
 1.29783e+16	9.32e-01	6.73e-02	2.91e-04
 1.29795e+16	9.35e-01	6.45e-02	2.81e-04
 1.29808e+16	9.38e-01	6.18e-02	2.72e-04
 1.29821e+16	9.41e-01	5.92e-02	2.62e-04
 1.29834e+16	9.43e-01	5.68e-02	2.53e-04
 1.29846e+16	9.45e-01	5.46e-02	2.44e-04
 1.29858e+16	9.47e-01	5.28e-02	2.37e-04
 1.29868e+16	9.49e-01	5.13e-02	2.31e-04
 1.29878e+16	9.50e-01	4.99e-02	2.25e-04
 1.29888e+16	9.51e-01	4.85e-02	2.19e-04
 1.29899e+16	9.53e-01	4.71e-02	2.13e-04
 1.29909e+16	9.54e-01	4.60e-02	2.09e-04
 1.29921e+16	9.55e-01	4.47e-02	2.03e-04
 1.29933e+16	9.56e-01	4.36e-02	1.98e-04
 1.29944e+16	9.57e-01	4.26e-02	1.93e-04
 1.29956e+16	9.58e-01	4.15e-02	1.89e-04
 1.29972e+16	9.60e-01	4.03e-02	1.83e-04
 1.29988e+16	9.61e-01	3.92e-02	1.78e-04
 1.30004e+16	9.62e-01	3.82e-02	1.73e-04
 1.30021e+16	9.63e-01	3.73e-02	1.69e-04
 1.30039e+16	9.63e-01	3.64e-02	1.64e-04
 1.30056e+16	9.64e-01	3.57e-02	1.61e-04
 1.30074e+16	9.65e-01	3.50e-02	1.57e-04
 1.30097e+16	9.66e-01	3.42e-02	1.53e-04
 1.30123e+16	9.66e-01	3.35e-02	1.49e-04
 1.30151e+16	9.67e-01	3.28e-02	1.46e-04
 1.30186e+16	9.68e-01	3.21e-02	1.42e-04
 1.30223e+16	9.68e-01	3.16e-02	1.39e-04
 1.30263e+16	9.69e-01	3.11e-02	1.35e-04
 1.30316e+16	9.69e-01	3.05e-02	1.32e-04
 1.30373e+16	9.70e-01	3.01e-02	1.29e-04
 1.30435e+16	9.70e-01	2.96e-02	1.25e-04
 1.30516e+16	9.71e-01	2.91e-02	1.21e-04
 1.30604e+16	9.71e-01	2.87e-02	1.17e-04
 1.30683e+16	9.72e-01	2.83e-02	1.14e-04
 1.30771e+16	9.72e-01	2.79e-02	1.11e-04
 1.30865e+16	9.72e-01	2.75e-02	1.07e-04
 1.30950e+16	9.73e-01	2.71e-02	1.04e-04
 1.31044e+16	9.73e-01	2.67e-02	1.01e-04
 1.31146e+16	9.74e-01	2.62e-02	9.74e-05
 1.31238e+16	9.74e-01	2.58e-02	9.44e-05
 1.31322e+16	9.74e-01	2.55e-02	9.18e-05
 1.31414e+16	9.75e-01	2.51e-02	8.88e-05
 1.31513e+16	9.75e-01	2.47e-02	8.58e-05
 1.31603e+16	9.76e-01	2.43e-02	8.32e-05
 1.31702e+16	9.76e-01	2.39e-02	8.03e-05
 1.31809e+16	9.76e-01	2.35e-02	7.74e-05
 1.31907e+16	9.77e-01	2.31e-02	7.49e-05
 1.31995e+16	9.77e-01	2.28e-02	7.27e-05
 1.32092e+16	9.78e-01	2.24e-02	7.02e-05
 1.32197e+16	9.78e-01	2.20e-02	6.78e-05
 1.32292e+16	9.78e-01	2.17e-02	6.57e-05
 1.32379e+16	9.79e-01	2.14e-02	6.38e-05
 1.32474e+16	9.79e-01	2.10e-02	6.16e-05
 1.32576e+16	9.79e-01	2.07e-02	5.95e-05
 1.32670e+16	9.80e-01	2.04e-02	5.77e-05
 1.32755e+16	9.80e-01	2.01e-02	5.61e-05
 1.32848e+16	9.80e-01	1.98e-02	5.43e-05
 1.32948e+16	9.80e-01	1.95e-02	5.25e-05
 1.33040e+16	9.81e-01	1.92e-02	5.09e-05
 1.33140e+16	9.81e-01	1.88e-02	4.91e-05
 1.33248e+16	9.81e-01	1.85e-02	4.74e-05
 1.33347e+16	9.82e-01	1.82e-02	4.59e-05
 1.33436e+16	9.82e-01	1.80e-02	4.46e-05
 1.33534e+16	9.82e-01	1.77e-02	4.31e-05
 1.33640e+16	9.83e-01	1.74e-02	4.16e-05
 1.33737e+16	9.83e-01	1.71e-02	4.03e-05
 1.33825e+16	9.83e-01	1.69e-02	3.92e-05
 1.33921e+16	9.83e-01	1.66e-02	3.79e-05
 1.34025e+16	9.84e-01	1.63e-02	3.67e-05
 1.34119e+16	9.84e-01	1.61e-02	3.56e-05
 1.34223e+16	9.84e-01	1.58e-02	3.44e-05
 1.34334e+16	9.84e-01	1.55e-02	3.32e-05
 1.34436e+16	9.85e-01	1.53e-02	3.21e-05
 1.34529e+16	9.85e-01	1.51e-02	3.12e-05
 1.34630e+16	9.85e-01	1.48e-02	3.01e-05
 1.34740e+16	9.85e-01	1.45e-02	2.91e-05
 1.34839e+16	9.86e-01	1.43e-02	2.82e-05
 1.34948e+16	9.86e-01	1.41e-02	2.72e-05
 1.35066e+16	9.86e-01	1.38e-02	2.63e-05
 1.35174e+16	9.86e-01	1.36e-02	2.54e-05
 1.35271e+16	9.87e-01	1.34e-02	2.47e-05
 1.35378e+16	9.87e-01	1.32e-02	2.38e-05
 1.35494e+16	9.87e-01	1.29e-02	2.30e-05
 1.35599e+16	9.87e-01	1.27e-02	2.23e-05
 1.35714e+16	9.87e-01	1.25e-02	2.15e-05
 1.35838e+16	9.88e-01	1.23e-02	2.07e-05
 1.35951e+16	9.88e-01	1.21e-02	2.00e-05
 1.36075e+16	9.88e-01	1.18e-02	1.92e-05
 1.36209e+16	9.88e-01	1.16e-02	1.85e-05
 1.36331e+16	9.89e-01	1.14e-02	1.79e-05
 1.36442e+16	9.89e-01	1.12e-02	1.73e-05
 1.36563e+16	9.89e-01	1.10e-02	1.67e-05
 1.36694e+16	9.89e-01	1.08e-02	1.60e-05
 1.36813e+16	9.89e-01	1.06e-02	1.55e-05
 1.36944e+16	9.90e-01	1.04e-02	1.49e-05
 1.37085e+16	9.90e-01	1.02e-02	1.43e-05
 1.37214e+16	9.90e-01	1.00e-02	1.38e-05
 1.37355e+16	9.90e-01	9.81e-03	1.33e-05
 1.37506e+16	9.90e-01	9.60e-03	1.27e-05
 1.37645e+16	9.91e-01	9.42e-03	1.22e-05
 1.37796e+16	9.91e-01	9.21e-03	1.17e-05
 1.37960e+16	9.91e-01	9.01e-03	1.12e-05
 1.38109e+16	9.91e-01	8.83e-03	1.08e-05
 1.38272e+16	9.91e-01	8.63e-03	1.03e-05
 1.38448e+16	9.92e-01	8.43e-03	9.82e-06
 1.38608e+16	9.92e-01	8.25e-03	9.42e-06
 1.38754e+16	9.92e-01	8.10e-03	9.08e-06
 1.38914e+16	9.92e-01	7.92e-03	8.69e-06
 1.39086e+16	9.92e-01	7.74e-03	8.31e-06
 1.39243e+16	9.92e-01	7.59e-03	7.99e-06
 1.39415e+16	9.93e-01	7.41e-03	7.63e-06
 1.39601e+16	9.93e-01	7.24e-03	7.28e-06
 1.39770e+16	9.93e-01	7.09e-03	6.98e-06
 1.39955e+16	9.93e-01	6.92e-03	6.65e-06
 1.40155e+16	9.93e-01	6.75e-03	6.33e-06
 1.40337e+16	9.93e-01	6.60e-03	6.06e-06
 1.40536e+16	9.94e-01	6.43e-03	5.76e-06
 1.40751e+16	9.94e-01	6.26e-03	5.47e-06
 1.40947e+16	9.94e-01	6.12e-03	5.22e-06
 1.41162e+16	9.94e-01	5.96e-03	4.95e-06
 1.41394e+16	9.94e-01	5.79e-03	4.69e-06
 1.41604e+16	9.94e-01	5.65e-03	4.47e-06
 1.41835e+16	9.95e-01	5.50e-03	4.22e-06
 1.42085e+16	9.95e-01	5.34e-03	3.99e-06
 1.42312e+16	9.95e-01	5.20e-03	3.79e-06
 1.42560e+16	9.95e-01	5.05e-03	3.57e-06
 1.42829e+16	9.95e-01	4.90e-03	3.36e-06
 1.43073e+16	9.95e-01	4.77e-03	3.19e-06
 1.43341e+16	9.95e-01	4.62e-03	3.00e-06
 1.43630e+16	9.96e-01	4.47e-03	2.82e-06
 1.43893e+16	9.96e-01	4.35e-03	2.67e-06
 1.44181e+16	9.96e-01	4.21e-03	2.50e-06
 1.44492e+16	9.96e-01	4.07e-03	2.34e-06
 1.44776e+16	9.96e-01	3.95e-03	2.20e-06
 1.45086e+16	9.96e-01	3.82e-03	2.06e-06
 1.45483e+16	9.96e-01	3.65e-03	1.89e-06
 1.45934e+16	9.97e-01	3.48e-03	1.72e-06
 1.46402e+16	9.97e-01	3.32e-03	1.56e-06
 1.46893e+16	9.97e-01	3.15e-03	1.41e-06
 1.47404e+16	9.97e-01	2.99e-03	1.27e-06
 1.47927e+16	9.97e-01	2.84e-03	1.15e-06
 1.48460e+16	9.97e-01	2.69e-03	1.04e-06
 1.49003e+16	9.97e-01	2.56e-03	9.33e-07
 1.49559e+16	9.98e-01	2.42e-03	8.39e-07
 1.50128e+16	9.98e-01	2.29e-03	7.54e-07
 1.50709e+16	9.98e-01	2.17e-03	6.76e-07
 1.51303e+16	9.98e-01	2.05e-03	6.06e-07
 1.51911e+16	9.98e-01	1.94e-03	5.42e-07
 1.52532e+16	9.98e-01	1.83e-03	4.84e-07
 1.53168e+16	9.98e-01	1.73e-03	4.32e-07
 1.53820e+16	9.98e-01	1.63e-03	3.84e-07
 1.54487e+16	9.98e-01	1.54e-03	3.42e-07
 1.55170e+16	9.99e-01	1.45e-03	3.03e-07
 1.55868e+16	9.99e-01	1.36e-03	2.69e-07
 1.56584e+16	9.99e-01	1.28e-03	2.37e-07
 1.57319e+16	9.99e-01	1.20e-03	2.09e-07
 1.58071e+16	9.99e-01	1.13e-03	1.84e-07
 1.58845e+16	9.99e-01	1.06e-03	1.62e-07
 1.59649e+16	9.99e-01	9.89e-04	1.41e-07
 1.60476e+16	9.99e-01	9.23e-04	1.23e-07
 1.61311e+16	9.99e-01	8.63e-04	1.08e-07
 1.62156e+16	9.99e-01	8.06e-04	9.40e-08
 1.63029e+16	9.99e-01	7.52e-04	8.17e-08
 1.63950e+16	9.99e-01	6.98e-04	7.04e-08
 1.64912e+16	9.99e-01	6.47e-04	6.04e-08
 1.65904e+16	9.99e-01	5.99e-04	5.16e-08
 1.66930e+16	9.99e-01	5.53e-04	4.39e-08
 1.67996e+16	9.99e-01	5.10e-04	3.72e-08
 1.69108e+16	1.00e+00	4.68e-04	3.13e-08
 1.70268e+16	1.00e+00	4.29e-04	2.62e-08
 1.71487e+16	1.00e+00	3.91e-04	2.17e-08
 1.72766e+16	1.00e+00	3.56e-04	1.79e-08
 1.74108e+16	1.00e+00	3.22e-04	1.46e-08
 1.75524e+16	1.00e+00	2.90e-04	1.18e-08
 1.77040e+16	1.00e+00	2.60e-04	9.37e-09
 1.78662e+16	1.00e+00	2.31e-04	7.36e-09
 1.80388e+16	1.00e+00	2.04e-04	5.70e-09
 1.82244e+16	1.00e+00	1.78e-04	4.33e-09
 1.84265e+16	1.00e+00	1.54e-04	3.21e-09
 1.86489e+16	1.00e+00	1.31e-04	2.32e-09
 1.88925e+16	1.00e+00	1.10e-04	1.63e-09
 1.91655e+16	1.00e+00	9.03e-05	1.09e-09
 1.94823e+16	1.00e+00	7.17e-05	6.87e-10
 1.98540e+16	1.00e+00	5.49e-05	4.02e-10
 2.02826e+16	1.00e+00	4.04e-05	2.19e-10
 2.07510e+16	1.00e+00	2.91e-05	1.15e-10
 2.12420e+16	1.00e+00	2.08e-05	5.88e-11
 2.17543e+16	1.00e+00	1.47e-05	2.97e-11
 2.22978e+16	1.00e+00	1.02e-05	1.46e-11
 2.28762e+16	1.00e+00	7.03e-06	6.98e-12
 2.34703e+16	1.00e+00	4.84e-06	3.35e-12
 2.40644e+16	1.00e+00	3.36e-06	1.64e-12
 2.46584e+16	1.00e+00	2.35e-06	8.14e-13
 2.52524e+16	1.00e+00	1.66e-06	4.12e-13
 2.58465e+16	1.00e+00	1.18e-06	2.12e-13
 2.64405e+16	1.00e+00	8.50e-07	1.11e-13
 2.70346e+16	1.00e+00	6.15e-07	5.88e-14
 2.76286e+16	1.00e+00	4.49e-07	3.17e-14
 2.82226e+16	1.00e+00	3.30e-07	1.73e-14
 2.88167e+16	1.00e+00	2.44e-07	9.61e-15
 2.94107e+16	1.00e+00	1.82e-07	5.40e-15
 3.00939e+16	1.00e+00	1.30e-07	2.78e-15
 3.08777e+16	1.00e+00	8.99e-08	1.35e-15
 3.16732e+16	1.00e+00	6.28e-08	6.63e-16
 3.24687e+16	1.00e+00	4.41e-08	3.32e-16
 3.33306e+16	1.00e+00	3.04e-08	1.59e-16
 3.42632e+16	1.00e+00	2.06e-08	7.38e-17
 3.52003e+16	1.00e+00	1.41e-08	3.51e-17
 3.61727e+16	1.00e+00	9.65e-09	1.65e-17
 3.71952e+16	1.00e+00	6.55e-09	7.68e-18
 3.82476e+16	1.00e+00	4.45e-09	3.57e-18
 3.93204e+16	1.00e+00	3.04e-09	1.67e-18
 4.03985e+16	1.00e+00	2.09e-09	8.00e-19
 4.14765e+16	1.00e+00	1.45e-09	3.90e-19
 4.25545e+16	1.00e+00	1.02e-09	1.94e-19
 4.36327e+16	1.00e+00	7.25e-10	9.78e-20
 4.47112e+16	1.00e+00	5.18e-10	5.03e-20
 4.57896e+16	1.00e+00	3.73e-10	2.62e-20
 4.68679e+16	1.00e+00	2.71e-10	1.39e-20
 4.79461e+16	1.00e+00	1.99e-10	7.47e-21
 4.90241e+16	1.00e+00	1.46e-10	0.00e+00
 5.01023e+16	1.00e+00	1.09e-10	0.00e+00
 5.12350e+16	1.00e+00	7.99e-11	0.00e+00
 5.24222e+16	1.00e+00	5.86e-11	0.00e+00
 5.36094e+16	1.00e+00	4.33e-11	0.00e+00
 5.47966e+16	1.00e+00	3.23e-11	0.00e+00
 5.61352e+16	1.00e+00	2.33e-11	0.00e+00
 5.76253e+16	1.00e+00	1.65e-11	0.00e+00
 5.91738e+16	1.00e+00	1.17e-11	0.00e+00
 6.07963e+16	1.00e+00	8.39e-12	0.00e+00
 6.24579e+16	1.00e+00	6.10e-12	0.00e+00
 6.41514e+16	1.00e+00	4.54e-12	0.00e+00
 6.58861e+16	1.00e+00	3.47e-12	0.00e+00
 6.76538e+16	1.00e+00	2.73e-12	0.00e+00
 6.94215e+16	1.00e+00	2.23e-12	0.00e+00
 7.11892e+16	1.00e+00	1.89e-12	0.00e+00
 7.30359e+16	1.00e+00	1.65e-12	0.00e+00
 7.49894e+16	1.00e+00	1.45e-12	0.00e+00
 7.69805e+16	1.00e+00	1.31e-12	0.00e+00
 7.90102e+16	1.00e+00	1.21e-12	0.00e+00
 8.11663e+16	1.00e+00	1.14e-12	0.00e+00
 8.34500e+16	1.00e+00	1.05e-12	0.00e+00
 8.57150e+16	1.00e+00	9.96e-13	0.00e+00
 8.78797e+16	1.00e+00	9.86e-13	0.00e+00
 8.99624e+16	1.00e+00	9.93e-13	0.00e+00
 9.19801e+16	1.00e+00	1.00e-12	0.00e+00
 9.39237e+16	1.00e+00	1.01e-12	0.00e+00
 9.57750e+16	1.00e+00	1.02e-12	0.00e+00
 9.75228e+16	1.00e+00	1.04e-12	0.00e+00
 9.91693e+16	1.00e+00	1.06e-12	0.00e+00
 1.00714e+17	1.00e+00	1.08e-12	0.00e+00
 1.02157e+17	1.00e+00	1.10e-12	0.00e+00
 1.03507e+17	1.00e+00	1.13e-12	0.00e+00
 1.04768e+17	1.00e+00	1.15e-12	0.00e+00
 1.05944e+17	1.00e+00	1.17e-12	0.00e+00
 1.07041e+17	1.00e+00	1.19e-12	0.00e+00
 1.08065e+17	1.00e+00	1.21e-12	0.00e+00
 1.09021e+17	1.00e+00	1.23e-12	0.00e+00
 1.09915e+17	1.00e+00	1.24e-12	0.00e+00
 1.10751e+17	1.00e+00	1.26e-12	0.00e+00
 1.11535e+17	1.00e+00	1.27e-12	0.00e+00
 1.12269e+17	1.00e+00	1.29e-12	0.00e+00
 1.12959e+17	1.00e+00	1.30e-12	0.00e+00
 1.13606e+17	1.00e+00	1.31e-12	0.00e+00
 1.14215e+17	1.00e+00	1.32e-12	0.00e+00
 1.14789e+17	1.00e+00	1.33e-12	0.00e+00
 1.15330e+17	1.00e+00	1.34e-12	0.00e+00
 1.15840e+17	1.00e+00	1.35e-12	0.00e+00
 1.16321e+17	1.00e+00	1.36e-12	0.00e+00
 1.16775e+17	1.00e+00	1.36e-12	0.00e+00
 1.17206e+17	1.00e+00	1.37e-12	0.00e+00
 1.17613e+17	1.00e+00	1.38e-12	0.00e+00
 1.17999e+17	1.00e+00	1.38e-12	0.00e+00
 1.18364e+17	1.00e+00	1.39e-12	0.00e+00
 1.18711e+17	1.00e+00	1.39e-12	0.00e+00
 1.19041e+17	1.00e+00	1.40e-12	0.00e+00
 1.19354e+17	1.00e+00	1.40e-12	0.00e+00
 1.19652e+17	1.00e+00	1.41e-12	0.00e+00
 1.19936e+17	1.00e+00	1.41e-12	0.00e+00
 1.20206e+17	1.00e+00	1.41e-12	0.00e+00
 1.20464e+17	1.00e+00	1.42e-12	0.00e+00
 1.20710e+17	1.00e+00	1.42e-12	0.00e+00
 1.20946e+17	1.00e+00	1.42e-12	0.00e+00
 1.21171e+17	1.00e+00	1.43e-12	0.00e+00
 1.21387e+17	1.00e+00	1.43e-12	0.00e+00
 1.21594e+17	1.00e+00	1.43e-12	0.00e+00
 1.21793e+17	1.00e+00	1.43e-12	0.00e+00
 1.21985e+17	1.00e+00	1.43e-12	0.00e+00
 1.22169e+17	1.00e+00	1.44e-12	0.00e+00
 1.22347e+17	1.00e+00	1.44e-12	0.00e+00
 1.22520e+17	1.00e+00	1.44e-12	0.00e+00
 1.22687e+17	1.00e+00	1.44e-12	0.00e+00
 1.22850e+17	1.00e+00	1.44e-12	0.00e+00
 1.23008e+17	1.00e+00	1.44e-12	0.00e+00
 1.23163e+17	1.00e+00	1.45e-12	0.00e+00
 1.23315e+17	1.00e+00	1.45e-12	0.00e+00
 1.23465e+17	1.00e+00	1.45e-12	0.00e+00
 1.23613e+17	1.00e+00	1.45e-12	0.00e+00
 1.23760e+17	1.00e+00	1.45e-12	0.00e+00
 1.23907e+17	1.00e+00	1.45e-12	0.00e+00
 1.24055e+17	1.00e+00	1.45e-12	0.00e+00
 1.24205e+17	1.00e+00	1.45e-12	0.00e+00
 1.24357e+17	1.00e+00	1.45e-12	0.00e+00
 1.24514e+17	1.00e+00	1.45e-12	0.00e+00
 1.24676e+17	1.00e+00	1.45e-12	0.00e+00
 1.24847e+17	1.00e+00	1.45e-12	0.00e+00
 1.25028e+17	1.00e+00	1.45e-12	0.00e+00
 1.25223e+17	1.00e+00	1.45e-12	0.00e+00
 1.25437e+17	1.00e+00	1.45e-12	0.00e+00
 1.25676e+17	1.00e+00	1.44e-12	0.00e+00
 1.25948e+17	1.00e+00	1.44e-12	0.00e+00
 1.26266e+17	1.00e+00	1.43e-12	0.00e+00
 1.26648e+17	1.00e+00	1.42e-12	0.00e+00
 1.27122e+17	1.00e+00	1.41e-12	0.00e+00
 1.27728e+17	1.00e+00	1.38e-12	0.00e+00
 1.28516e+17	1.00e+00	1.35e-12	0.00e+00
 1.29541e+17	1.00e+00	1.28e-12	0.00e+00
 1.30874e+17	1.00e+00	1.20e-12	0.00e+00
 1.32606e+17	1.00e+00	1.09e-12	0.00e+00
 1.34857e+17	1.00e+00	9.46e-13	0.00e+00
 1.37784e+17	1.00e+00	7.82e-13	0.00e+00
 1.41589e+17	1.00e+00	6.03e-13	0.00e+00
 1.46536e+17	1.00e+00	4.23e-13	0.00e+00
 1.52319e+17	1.00e+00	2.61e-13	0.00e+00
 1.58411e+17	1.00e+00	2.15e-13	0.00e+00
 1.64748e+17	1.00e+00	1.89e-13	0.00e+00
 1.71338e+17	1.00e+00	1.65e-13	0.00e+00
 1.78191e+17	1.00e+00	1.43e-13	0.00e+00
 1.85319e+17	1.00e+00	1.23e-13	0.00e+00
 1.92732e+17	1.00e+00	1.04e-13	0.00e+00
 2.00441e+17	1.00e+00	8.67e-14	0.00e+00
 2.08095e+17	1.00e+00	7.12e-14	0.00e+00
 2.15086e+17	1.00e+00	7.54e-14	0.00e+00
 2.21239e+17	1.00e+00	9.51e-14	0.00e+00
 2.26838e+17	1.00e+00	1.13e-13	0.00e+00
 2.32221e+17	1.00e+00	1.16e-13	0.00e+00
 2.37449e+17	1.00e+00	1.09e-13	0.00e+00
 2.42299e+17	1.00e+00	1.04e-13	0.00e+00
 2.46548e+17	1.00e+00	1.08e-13	0.00e+00
 2.49972e+17	1.00e+00	1.17e-13	0.00e+00
 2.52316e+17	1.00e+00	1.36e-13	0.00e+00
 2.53723e+17	1.00e+00	1.62e-13	0.00e+00
 2.54567e+17	1.00e+00	1.79e-13	0.00e+00
 2.55074e+17	1.00e+00	1.90e-13	0.00e+00
 2.55388e+17	1.00e+00	1.96e-13	0.00e+00
 2.55632e+17	1.00e+00	2.00e-13	0.00e+00
 2.55908e+17	1.00e+00	2.03e-13	0.00e+00
 2.56228e+17	1.00e+00	2.05e-13	0.00e+00
 2.56523e+17	1.00e+00	2.07e-13	0.00e+00
 2.56756e+17	1.00e+00	2.07e-13	0.00e+00
 2.56962e+17	1.00e+00	2.08e-13	0.00e+00
 2.57179e+17	1.00e+00	2.08e-13	0.00e+00
 2.57401e+17	1.00e+00	2.08e-13	0.00e+00
 2.57595e+17	1.00e+00	2.08e-13	0.00e+00
 2.57764e+17	1.00e+00	2.08e-13	0.00e+00
 2.57925e+17	1.00e+00	2.07e-13	0.00e+00
 2.58089e+17	1.00e+00	2.07e-13	0.00e+00
 2.58255e+17	1.00e+00	2.06e-13	0.00e+00
 2.58409e+17	1.00e+00	2.05e-13	0.00e+00
 2.58552e+17	1.00e+00	2.04e-13	0.00e+00
 2.58693e+17	1.00e+00	2.04e-13	0.00e+00
 2.58833e+17	1.00e+00	2.03e-13	0.00e+00
 2.58963e+17	1.00e+00	2.02e-13	0.00e+00
 2.59085e+17	1.00e+00	2.01e-13	0.00e+00
 2.59210e+17	1.00e+00	2.00e-13	0.00e+00
 2.59341e+17	1.00e+00	1.99e-13	0.00e+00
 2.59466e+17	1.00e+00	1.98e-13	0.00e+00
 2.59580e+17	1.00e+00	1.97e-13	0.00e+00
 2.59694e+17	1.00e+00	1.96e-13	0.00e+00
 2.59814e+17	1.00e+00	1.95e-13	0.00e+00
 2.59931e+17	1.00e+00	1.94e-13	0.00e+00
 2.60044e+17	1.00e+00	1.93e-13	0.00e+00
 2.60155e+17	1.00e+00	1.92e-13	0.00e+00
 2.60265e+17	1.00e+00	1.91e-13	0.00e+00
 2.60382e+17	1.00e+00	1.89e-13	0.00e+00
 2.60507e+17	1.00e+00	1.88e-13	0.00e+00
 2.60627e+17	1.00e+00	1.87e-13	0.00e+00
 2.60737e+17	1.00e+00	1.85e-13	0.00e+00
 2.60851e+17	1.00e+00	1.84e-13	0.00e+00
 2.60975e+17	1.00e+00	1.83e-13	0.00e+00
 2.61100e+17	1.00e+00	1.81e-13	0.00e+00
 2.61220e+17	1.00e+00	1.80e-13	0.00e+00
 2.61345e+17	1.00e+00	1.78e-13	0.00e+00
 2.61479e+17	1.00e+00	1.76e-13	0.00e+00
 2.61610e+17	1.00e+00	1.75e-13	0.00e+00
 2.61742e+17	1.00e+00	1.73e-13	0.00e+00
 2.61885e+17	1.00e+00	1.71e-13	0.00e+00
 2.62036e+17	1.00e+00	1.69e-13	0.00e+00
 2.62180e+17	1.00e+00	1.67e-13	0.00e+00
 2.62314e+17	1.00e+00	1.65e-13	0.00e+00
 2.62456e+17	1.00e+00	1.64e-13	0.00e+00
 2.62616e+17	1.00e+00	1.62e-13	0.00e+00
 2.62784e+17	1.00e+00	1.59e-13	0.00e+00
 2.62946e+17	1.00e+00	1.57e-13	0.00e+00
 2.63103e+17	1.00e+00	1.55e-13	0.00e+00
 2.63268e+17	1.00e+00	1.52e-13	0.00e+00
 2.63443e+17	1.00e+00	1.50e-13	0.00e+00
 2.63620e+17	1.00e+00	1.48e-13	0.00e+00
 2.63801e+17	1.00e+00	1.45e-13	0.00e+00
 2.63990e+17	1.00e+00	1.42e-13	0.00e+00
 2.64182e+17	1.00e+00	1.40e-13	0.00e+00
 2.64374e+17	1.00e+00	1.37e-13	0.00e+00
 2.64577e+17	1.00e+00	1.34e-13	0.00e+00
 2.64791e+17	1.00e+00	1.31e-13	0.00e+00
 2.64998e+17	1.00e+00	1.28e-13	0.00e+00
 2.65201e+17	1.00e+00	1.26e-13	0.00e+00
 2.65419e+17	1.00e+00	1.23e-13	0.00e+00
 2.65656e+17	1.00e+00	1.19e-13	0.00e+00
 2.65897e+17	1.00e+00	1.16e-13	0.00e+00
 2.66129e+17	1.00e+00	1.13e-13	0.00e+00
 2.66355e+17	1.00e+00	1.10e-13	0.00e+00
 2.66591e+17	1.00e+00	1.07e-13	0.00e+00
 2.66844e+17	1.00e+00	1.04e-13	0.00e+00
 2.67107e+17	1.00e+00	1.00e-13	0.00e+00
 2.67366e+17	1.00e+00	9.66e-14	0.00e+00
 2.67616e+17	1.00e+00	9.35e-14	0.00e+00
 2.67874e+17	1.00e+00	9.04e-14	0.00e+00
 2.68148e+17	1.00e+00	8.70e-14	0.00e+00
 2.68428e+17	1.00e+00	8.35e-14	0.00e+00
 2.68704e+17	1.00e+00	8.02e-14	0.00e+00
 2.68981e+17	1.00e+00	7.69e-14	0.00e+00
 2.69260e+17	1.00e+00	7.36e-14	0.00e+00
 2.69544e+17	1.00e+00	7.04e-14	0.00e+00
 2.69838e+17	1.00e+00	6.72e-14	0.00e+00
 2.70137e+17	1.00e+00	6.39e-14	0.00e+00
 2.70435e+17	1.00e+00	6.06e-14	0.00e+00
 2.70726e+17	1.00e+00	5.75e-14	0.00e+00
 2.71016e+17	1.00e+00	5.45e-14	0.00e+00
 2.71321e+17	1.00e+00	5.15e-14	0.00e+00
 2.71638e+17	1.00e+00	4.84e-14	0.00e+00
 2.71949e+17	1.00e+00	4.55e-14	0.00e+00
 2.72258e+17	1.00e+00	4.27e-14	0.00e+00
 2.72562e+17	1.00e+00	4.00e-14	0.00e+00
 2.72873e+17	1.00e+00	3.76e-14	0.00e+00
 2.73202e+17	1.00e+00	3.50e-14	0.00e+00
 2.73535e+17	1.00e+00	3.25e-14	0.00e+00
 2.73852e+17	1.00e+00	3.02e-14	0.00e+00
 2.74166e+17	1.00e+00	2.81e-14	0.00e+00
 2.74507e+17	1.00e+00	2.59e-14	0.00e+00
 2.74845e+17	1.00e+00	2.38e-14	0.00e+00
 2.75144e+17	1.00e+00	2.19e-14	0.00e+00
 2.75393e+17	1.00e+00	2.04e-14	0.00e+00
 2.75611e+17	1.00e+00	1.92e-14	0.00e+00
 2.75820e+17	1.00e+00	1.81e-14	0.00e+00
 2.76027e+17	1.00e+00	1.71e-14	0.00e+00
 2.76226e+17	1.00e+00	1.62e-14	0.00e+00
 2.76409e+17	1.00e+00	1.53e-14	0.00e+00
 2.76579e+17	1.00e+00	1.45e-14	0.00e+00
 2.76741e+17	1.00e+00	1.38e-14	0.00e+00
 2.76897e+17	1.00e+00	1.32e-14	0.00e+00
 2.77048e+17	1.00e+00	1.26e-14	0.00e+00
 2.77193e+17	1.00e+00	1.20e-14	0.00e+00
 2.77330e+17	1.00e+00	1.15e-14	0.00e+00
 2.77462e+17	1.00e+00	1.10e-14	0.00e+00
 2.77589e+17	1.00e+00	1.05e-14	0.00e+00
 2.77711e+17	1.00e+00	1.01e-14	0.00e+00
 2.77829e+17	1.00e+00	9.64e-15	0.00e+00
 2.77943e+17	1.00e+00	9.26e-15	0.00e+00
 2.78054e+17	1.00e+00	8.89e-15	0.00e+00
 2.78161e+17	1.00e+00	8.54e-15	0.00e+00
 2.78265e+17	1.00e+00	8.20e-15	0.00e+00
 2.78364e+17	1.00e+00	7.89e-15	0.00e+00
 2.78460e+17	1.00e+00	7.59e-15	0.00e+00
 2.78554e+17	1.00e+00	7.31e-15	0.00e+00
 2.78646e+17	1.00e+00	7.03e-15	0.00e+00
 2.78734e+17	1.00e+00	6.77e-15	0.00e+00
 2.78834e+17	1.00e+00	6.52e-15	0.00e+00
 2.78964e+17	1.00e+00	6.20e-15	0.00e+00
 2.79133e+17	1.00e+00	5.79e-15	0.00e+00
 2.79352e+17	1.00e+00	5.32e-15	0.00e+00
 2.79624e+17	1.00e+00	4.72e-15	0.00e+00
 2.79941e+17	1.00e+00	4.07e-15	0.00e+00
 2.80275e+17	1.00e+00	3.44e-15	0.00e+00
 2.80580e+17	1.00e+00	2.89e-15	0.00e+00
 2.80824e+17	1.00e+00	2.51e-15	0.00e+00
 2.81024e+17	1.00e+00	2.24e-15	0.00e+00
 2.81219e+17	1.00e+00	2.03e-15	0.00e+00
 2.81433e+17	1.00e+00	1.83e-15	0.00e+00
 2.81662e+17	1.00e+00	1.62e-15	0.00e+00
 2.81885e+17	1.00e+00	1.44e-15	0.00e+00
 2.82096e+17	1.00e+00	1.28e-15	0.00e+00
 2.82302e+17	1.00e+00	1.15e-15	0.00e+00
 2.82512e+17	1.00e+00	1.03e-15	0.00e+00
 2.82731e+17	1.00e+00	9.23e-16	0.00e+00
 2.82958e+17	1.00e+00	8.20e-16	0.00e+00
 2.83187e+17	1.00e+00	7.27e-16	0.00e+00
 2.83420e+17	1.00e+00	6.44e-16	0.00e+00
 2.83661e+17	1.00e+00	5.69e-16	0.00e+00
 2.83918e+17	1.00e+00	5.00e-16	0.00e+00
 2.84196e+17	1.00e+00	4.34e-16	0.00e+00
 2.84502e+17	1.00e+00	3.72e-16	0.00e+00
 2.84844e+17	1.00e+00	3.14e-16	0.00e+00
 2.85244e+17	1.00e+00	2.60e-16	0.00e+00
 2.85742e+17	1.00e+00	2.06e-16	0.00e+00
 2.86386e+17	1.00e+00	1.54e-16	0.00e+00
 2.87224e+17	1.00e+00	1.05e-16	0.00e+00
 2.88312e+17	1.00e+00	6.43e-17	0.00e+00
 2.89727e+17	1.00e+00	3.44e-17	0.00e+00
 2.91567e+17	1.00e+00	1.56e-17	0.00e+00
 2.93958e+17	1.00e+00	5.76e-18	0.00e+00
 2.97067e+17	1.00e+00	1.80e-18	0.00e+00
 3.01109e+17	1.00e+00	4.97e-19	0.00e+00
 3.06363e+17	1.00e+00	1.27e-19	0.00e+00
 3.13193e+17	1.00e+00	2.67e-20	0.00e+00
 3.22072e+17	1.00e+00	3.83e-21	0.00e+00
 3.33615e+17	1.00e+00	3.44e-22	0.00e+00
 3.46482e+17	1.00e+00	4.39e-23	0.00e+00
 3.57489e+17	1.00e+00	2.98e-23	0.00e+00
 3.65524e+17	1.00e+00	2.77e-23	0.00e+00
 3.71912e+17	1.00e+00	2.65e-23	0.00e+00
 3.78857e+17	1.00e+00	2.54e-23	0.00e+00
 3.86665e+17	1.00e+00	2.42e-23	0.00e+00
 3.93411e+17	1.00e+00	2.30e-23	0.00e+00
 3.98297e+17	1.00e+00	2.21e-23	0.00e+00
 4.02070e+17	1.00e+00	2.15e-23	0.00e+00
