#depth	C	C+	C+2	C+3	C+4	C+5	C+6	C[1]	C[2]	C[3]	C+[1]	C+[2]	CO
 1.49634e+10	0.00e+00	2.94e-32	1.58e-22	1.95e-13	1.17e-03	7.22e-01	2.77e-01	0.00e+00	0.00e+00	0.00e+00	0.00e+00	0.00e+00	5.67e-158
 4.54887e+10	1.08e-42	4.15e-32	2.06e-22	2.34e-13	1.30e-03	7.38e-01	2.61e-01	0.00e+00	0.00e+00	0.00e+00	0.00e+00	0.00e+00	3.76e-295
 7.72350e+10	0.00e+00	5.86e-32	2.69e-22	2.82e-13	1.44e-03	7.53e-01	2.46e-01	0.00e+00	0.00e+00	0.00e+00	0.00e+00	0.00e+00	7.65e-157
 1.10251e+11	2.53e-42	8.27e-32	3.50e-22	3.38e-13	1.60e-03	7.67e-01	2.31e-01	0.00e+00	0.00e+00	0.00e+00	0.00e+00	0.00e+00	1.77e-237
 1.43635e+11	0.00e+00	1.16e-31	4.52e-22	4.04e-13	1.77e-03	7.81e-01	2.17e-01	0.00e+00	0.00e+00	0.00e+00	0.00e+00	0.00e+00	9.90e-156
 1.78355e+11	5.78e-42	1.62e-31	5.85e-22	4.83e-13	1.95e-03	7.94e-01	2.04e-01	0.00e+00	0.00e+00	0.00e+00	0.00e+00	0.00e+00	3.87e-214
 2.15416e+11	0.00e+00	2.28e-31	7.61e-22	5.79e-13	2.16e-03	8.06e-01	1.91e-01	0.00e+00	0.00e+00	0.00e+00	0.00e+00	0.00e+00	1.28e-154
 2.53959e+11	1.35e-41	3.22e-31	9.90e-22	6.95e-13	2.38e-03	8.19e-01	1.79e-01	0.00e+00	0.00e+00	0.00e+00	0.00e+00	0.00e+00	1.77e-213
 2.94044e+11	0.00e+00	4.54e-31	1.29e-21	8.33e-13	2.64e-03	8.30e-01	1.67e-01	0.00e+00	0.00e+00	0.00e+00	0.00e+00	0.00e+00	1.72e-153
 3.35733e+11	3.16e-41	6.40e-31	1.67e-21	9.98e-13	2.91e-03	8.41e-01	1.56e-01	0.00e+00	0.00e+00	0.00e+00	0.00e+00	0.00e+00	0.00e+00
 3.79089e+11	0.00e+00	9.03e-31	2.18e-21	1.20e-12	3.21e-03	8.51e-01	1.46e-01	0.00e+00	0.00e+00	0.00e+00	0.00e+00	0.00e+00	2.33e-152
 4.24179e+11	7.41e-41	1.27e-30	2.83e-21	1.43e-12	3.55e-03	8.61e-01	1.36e-01	0.00e+00	0.00e+00	0.00e+00	0.00e+00	0.00e+00	0.00e+00
 4.71073e+11	0.00e+00	1.80e-30	3.69e-21	1.72e-12	3.91e-03	8.70e-01	1.26e-01	0.00e+00	0.00e+00	0.00e+00	0.00e+00	0.00e+00	3.16e-151
 5.15121e+11	1.67e-40	2.46e-30	4.68e-21	2.02e-12	4.28e-03	8.77e-01	1.18e-01	0.00e+00	0.00e+00	0.00e+00	0.00e+00	0.00e+00	0.00e+00
 5.54245e+11	0.00e+00	3.22e-30	5.74e-21	2.33e-12	4.62e-03	8.84e-01	1.12e-01	0.00e+00	0.00e+00	0.00e+00	0.00e+00	0.00e+00	2.85e-150
 5.97907e+11	3.35e-40	4.31e-30	7.18e-21	2.71e-12	5.01e-03	8.90e-01	1.05e-01	0.00e+00	0.00e+00	0.00e+00	0.00e+00	0.00e+00	0.00e+00
 6.50001e+11	0.00e+00	6.03e-30	9.28e-21	3.24e-12	5.52e-03	8.97e-01	9.77e-02	0.00e+00	0.00e+00	0.00e+00	0.00e+00	0.00e+00	3.06e-149
 7.02525e+11	7.61e-40	8.37e-30	1.19e-20	3.84e-12	6.05e-03	9.03e-01	9.10e-02	0.00e+00	0.00e+00	0.00e+00	0.00e+00	0.00e+00	0.00e+00
 7.51554e+11	0.00e+00	1.12e-29	1.49e-20	4.48e-12	6.57e-03	9.08e-01	8.53e-02	0.00e+00	0.00e+00	0.00e+00	0.00e+00	0.00e+00	3.20e-148
 8.05947e+11	1.63e-39	1.55e-29	1.90e-20	5.29e-12	7.19e-03	9.13e-01	7.95e-02	0.00e+00	0.00e+00	0.00e+00	0.00e+00	0.00e+00	0.00e+00
 8.68111e+11	0.00e+00	2.19e-29	2.49e-20	6.36e-12	7.93e-03	9.19e-01	7.35e-02	0.00e+00	0.00e+00	0.00e+00	0.00e+00	0.00e+00	3.97e-147
 9.29896e+11	3.81e-39	3.08e-29	3.22e-20	7.58e-12	8.72e-03	9.23e-01	6.81e-02	0.00e+00	0.00e+00	0.00e+00	0.00e+00	0.00e+00	9.26e-207
 9.94151e+11	0.00e+00	4.31e-29	4.16e-20	9.04e-12	9.58e-03	9.27e-01	6.31e-02	0.00e+00	0.00e+00	0.00e+00	0.00e+00	0.00e+00	5.00e-146
 1.06384e+12	8.98e-39	6.14e-29	5.45e-20	1.09e-11	1.06e-02	9.31e-01	5.82e-02	0.00e+00	0.00e+00	0.00e+00	0.00e+00	0.00e+00	0.00e+00
 1.13632e+12	0.00e+00	8.76e-29	7.15e-20	1.31e-11	1.17e-02	9.35e-01	5.36e-02	0.00e+00	0.00e+00	0.00e+00	0.00e+00	0.00e+00	7.13e-145
 1.20447e+12	2.07e-38	1.21e-28	9.14e-20	1.55e-11	1.28e-02	9.37e-01	4.98e-02	0.00e+00	0.00e+00	0.00e+00	0.00e+00	0.00e+00	1.34e-204
 1.26538e+12	0.00e+00	1.60e-28	1.13e-19	1.79e-11	1.38e-02	9.40e-01	4.67e-02	0.00e+00	0.00e+00	0.00e+00	0.00e+00	0.00e+00	6.72e-144
 1.33374e+12	4.28e-38	2.17e-28	1.43e-19	2.10e-11	1.50e-02	9.42e-01	4.35e-02	0.00e+00	0.00e+00	0.00e+00	0.00e+00	0.00e+00	0.00e+00
 1.41479e+12	0.00e+00	3.08e-28	1.87e-19	2.52e-11	1.66e-02	9.43e-01	4.00e-02	0.00e+00	0.00e+00	0.00e+00	0.00e+00	0.00e+00	7.71e-143
 1.49588e+12	1.00e-37	4.32e-28	2.42e-19	3.01e-11	1.82e-02	9.45e-01	3.69e-02	0.00e+00	0.00e+00	0.00e+00	0.00e+00	0.00e+00	0.00e+00
 1.57157e+12	0.00e+00	5.87e-28	3.06e-19	3.54e-11	1.98e-02	9.46e-01	3.44e-02	0.00e+00	0.00e+00	0.00e+00	0.00e+00	0.00e+00	8.43e-142
 1.65571e+12	2.19e-37	8.14e-28	3.93e-19	4.20e-11	2.17e-02	9.47e-01	3.18e-02	0.00e+00	0.00e+00	0.00e+00	0.00e+00	0.00e+00	0.00e+00
 1.75187e+12	0.00e+00	1.17e-27	5.19e-19	5.08e-11	2.41e-02	9.47e-01	2.91e-02	0.00e+00	0.00e+00	0.00e+00	0.00e+00	0.00e+00	1.09e-140
 1.84640e+12	5.28e-37	1.66e-27	6.76e-19	6.09e-11	2.65e-02	9.47e-01	2.68e-02	0.00e+00	0.00e+00	0.00e+00	0.00e+00	0.00e+00	0.00e+00
 1.94472e+12	0.00e+00	2.34e-27	8.82e-19	7.30e-11	2.91e-02	9.46e-01	2.46e-02	0.00e+00	0.00e+00	0.00e+00	0.00e+00	0.00e+00	1.39e-139
 2.05243e+12	1.27e-36	3.38e-27	1.17e-18	8.84e-11	3.22e-02	9.45e-01	2.25e-02	0.00e+00	0.00e+00	0.00e+00	0.00e+00	0.00e+00	0.00e+00
 2.16087e+12	0.00e+00	4.83e-27	1.54e-18	1.07e-10	3.56e-02	9.44e-01	2.06e-02	0.00e+00	0.00e+00	0.00e+00	0.00e+00	0.00e+00	1.98e-138
 2.27365e+12	3.07e-36	6.90e-27	2.02e-18	1.28e-10	3.92e-02	9.42e-01	1.88e-02	0.00e+00	0.00e+00	0.00e+00	0.00e+00	0.00e+00	0.00e+00
 2.39452e+12	0.00e+00	9.98e-27	2.68e-18	1.56e-10	4.34e-02	9.39e-01	1.71e-02	0.00e+00	0.00e+00	0.00e+00	0.00e+00	0.00e+00	2.82e-137
 2.51443e+12	7.50e-36	1.42e-26	3.52e-18	1.88e-10	4.78e-02	9.37e-01	1.57e-02	0.00e+00	0.00e+00	0.00e+00	0.00e+00	0.00e+00	0.00e+00
 2.63912e+12	0.00e+00	2.02e-26	4.61e-18	2.26e-10	5.26e-02	9.33e-01	1.43e-02	0.00e+00	0.00e+00	0.00e+00	0.00e+00	0.00e+00	3.72e-136
 2.77462e+12	1.83e-35	2.93e-26	6.14e-18	2.74e-10	5.82e-02	9.29e-01	1.30e-02	0.00e+00	0.00e+00	0.00e+00	0.00e+00	0.00e+00	0.00e+00
 2.91553e+12	2.90e-35	4.25e-26	8.16e-18	3.33e-10	6.43e-02	9.24e-01	1.18e-02	0.00e+00	0.00e+00	0.00e+00	0.00e+00	0.00e+00	6.22e-117
 3.06208e+12	4.57e-35	6.16e-26	1.09e-17	4.05e-10	7.10e-02	9.18e-01	1.07e-02	0.00e+00	0.00e+00	0.00e+00	0.00e+00	0.00e+00	0.00e+00
 3.21449e+12	7.22e-35	8.92e-26	1.44e-17	4.92e-10	7.84e-02	9.12e-01	9.65e-03	0.00e+00	0.00e+00	0.00e+00	0.00e+00	0.00e+00	6.76e-116
 3.35207e+12	1.07e-34	1.23e-25	1.85e-17	5.83e-10	8.55e-02	9.06e-01	8.84e-03	0.00e+00	0.00e+00	0.00e+00	0.00e+00	0.00e+00	3.31e-98
 3.46612e+12	1.48e-34	1.59e-25	2.26e-17	6.67e-10	9.14e-02	9.00e-01	8.23e-03	0.00e+00	0.00e+00	0.00e+00	0.00e+00	0.00e+00	0.00e+00
 3.59067e+12	2.06e-34	2.09e-25	2.79e-17	7.69e-10	9.82e-02	8.94e-01	7.62e-03	0.00e+00	0.00e+00	0.00e+00	0.00e+00	0.00e+00	1.05e-114
 3.74925e+12	3.12e-34	2.93e-25	3.62e-17	9.17e-10	1.07e-01	8.86e-01	6.93e-03	0.00e+00	0.00e+00	0.00e+00	0.00e+00	0.00e+00	3.50e-97
 3.91529e+12	4.75e-34	4.12e-25	4.70e-17	1.10e-09	1.17e-01	8.77e-01	6.28e-03	0.00e+00	0.00e+00	0.00e+00	0.00e+00	0.00e+00	0.00e+00
 4.06169e+12	6.76e-34	5.49e-25	5.87e-17	1.27e-09	1.26e-01	8.68e-01	5.77e-03	0.00e+00	0.00e+00	0.00e+00	0.00e+00	0.00e+00	2.36e-113
 4.19801e+12	9.28e-34	7.11e-25	7.17e-17	1.46e-09	1.35e-01	8.60e-01	5.35e-03	0.00e+00	0.00e+00	0.00e+00	0.00e+00	0.00e+00	3.90e-96
 4.35387e+12	1.32e-33	9.45e-25	8.94e-17	1.69e-09	1.45e-01	8.50e-01	4.90e-03	0.00e+00	0.00e+00	0.00e+00	0.00e+00	0.00e+00	1.37e-112
 4.54577e+12	2.00e-33	1.33e-24	1.16e-16	2.02e-09	1.57e-01	8.38e-01	4.42e-03	0.00e+00	0.00e+00	0.00e+00	0.00e+00	0.00e+00	2.12e-95
 4.73724e+12	2.98e-33	1.83e-24	1.49e-16	2.39e-09	1.71e-01	8.25e-01	3.99e-03	0.00e+00	0.00e+00	0.00e+00	0.00e+00	0.00e+00	1.18e-111
 4.90329e+12	4.14e-33	2.40e-24	1.84e-16	2.75e-09	1.82e-01	8.14e-01	3.67e-03	0.00e+00	0.00e+00	0.00e+00	0.00e+00	0.00e+00	1.07e-94
 5.08355e+12	5.84e-33	3.17e-24	2.28e-16	3.18e-09	1.95e-01	8.02e-01	3.35e-03	0.00e+00	0.00e+00	0.00e+00	0.00e+00	0.00e+00	7.08e-111
 5.30411e+12	8.77e-33	4.42e-24	2.94e-16	3.77e-09	2.11e-01	7.86e-01	3.00e-03	0.00e+00	0.00e+00	0.00e+00	0.00e+00	0.00e+00	5.68e-94
 5.52962e+12	1.30e-32	6.10e-24	3.78e-16	4.46e-09	2.28e-01	7.70e-01	2.69e-03	0.00e+00	0.00e+00	0.00e+00	0.00e+00	0.00e+00	6.08e-110
 5.73616e+12	1.84e-32	8.08e-24	4.70e-16	5.15e-09	2.43e-01	7.55e-01	2.44e-03	0.00e+00	0.00e+00	0.00e+00	0.00e+00	0.00e+00	3.00e-93
 5.96544e+12	2.66e-32	1.09e-23	5.91e-16	6.00e-09	2.60e-01	7.38e-01	2.20e-03	0.00e+00	0.00e+00	0.00e+00	0.00e+00	0.00e+00	4.18e-109
 6.23190e+12	4.00e-32	1.52e-23	7.64e-16	7.11e-09	2.80e-01	7.18e-01	1.95e-03	0.00e+00	0.00e+00	0.00e+00	0.00e+00	0.00e+00	1.73e-92
 6.49460e+12	5.87e-32	2.07e-23	9.71e-16	8.32e-09	3.00e-01	6.99e-01	1.74e-03	0.00e+00	0.00e+00	0.00e+00	0.00e+00	0.00e+00	3.65e-108
 6.74477e+12	8.31e-32	2.74e-23	1.21e-15	9.60e-09	3.18e-01	6.80e-01	1.56e-03	0.00e+00	0.00e+00	0.00e+00	0.00e+00	0.00e+00	9.10e-92
 7.02145e+12	1.20e-31	3.69e-23	1.51e-15	1.11e-08	3.38e-01	6.60e-01	1.39e-03	0.00e+00	0.00e+00	0.00e+00	0.00e+00	0.00e+00	2.62e-107
 7.33223e+12	1.78e-31	5.08e-23	1.93e-15	1.31e-08	3.61e-01	6.38e-01	1.23e-03	0.00e+00	0.00e+00	0.00e+00	0.00e+00	0.00e+00	5.22e-91
 7.64429e+12	2.59e-31	6.88e-23	2.44e-15	1.52e-08	3.83e-01	6.16e-01	1.08e-03	0.00e+00	0.00e+00	0.00e+00	0.00e+00	0.00e+00	2.26e-106
 7.92398e+12	3.57e-31	8.92e-23	2.97e-15	1.72e-08	4.02e-01	5.97e-01	9.71e-04	0.00e+00	0.00e+00	0.00e+00	0.00e+00	0.00e+00	2.64e-90
 8.16172e+12	4.64e-31	1.10e-22	3.49e-15	1.91e-08	4.18e-01	5.81e-01	8.88e-04	0.00e+00	0.00e+00	0.00e+00	0.00e+00	0.00e+00	1.18e-105
 8.41854e+12	6.10e-31	1.37e-22	4.13e-15	2.13e-08	4.35e-01	5.64e-01	8.07e-04	0.00e+00	0.00e+00	0.00e+00	0.00e+00	0.00e+00	9.23e-90
 8.74994e+12	8.55e-31	1.80e-22	5.08e-15	2.43e-08	4.57e-01	5.43e-01	7.16e-04	0.00e+00	0.00e+00	0.00e+00	0.00e+00	0.00e+00	6.76e-105
 9.09586e+12	1.20e-30	2.37e-22	6.24e-15	2.77e-08	4.79e-01	5.21e-01	6.33e-04	0.00e+00	0.00e+00	0.00e+00	0.00e+00	0.00e+00	4.59e-89
 9.39327e+12	1.59e-30	2.96e-22	7.39e-15	3.08e-08	4.96e-01	5.03e-01	5.71e-04	0.00e+00	0.00e+00	0.00e+00	0.00e+00	0.00e+00	4.02e-104
 9.71003e+12	2.11e-30	3.72e-22	8.78e-15	3.42e-08	5.15e-01	4.85e-01	5.13e-04	0.00e+00	0.00e+00	0.00e+00	0.00e+00	0.00e+00	1.76e-88
 1.01018e+13	2.95e-30	4.88e-22	1.08e-14	3.89e-08	5.37e-01	4.63e-01	4.51e-04	0.00e+00	0.00e+00	0.00e+00	0.00e+00	0.00e+00	2.48e-103
 1.05042e+13	4.12e-30	6.36e-22	1.31e-14	4.40e-08	5.58e-01	4.42e-01	3.96e-04	0.00e+00	0.00e+00	0.00e+00	0.00e+00	0.00e+00	8.88e-88
 1.08677e+13	5.49e-30	8.00e-22	1.56e-14	4.89e-08	5.76e-01	4.23e-01	3.53e-04	0.00e+00	0.00e+00	0.00e+00	0.00e+00	0.00e+00	1.54e-102
 1.12674e+13	7.43e-30	1.02e-21	1.87e-14	5.46e-08	5.95e-01	4.04e-01	3.12e-04	0.00e+00	0.00e+00	0.00e+00	0.00e+00	0.00e+00	3.74e-87
 1.17036e+13	1.02e-29	1.31e-21	2.25e-14	6.12e-08	6.15e-01	3.84e-01	2.74e-04	0.00e+00	0.00e+00	0.00e+00	0.00e+00	0.00e+00	9.80e-102
 1.20986e+13	1.34e-29	1.63e-21	2.65e-14	6.75e-08	6.32e-01	3.67e-01	2.44e-04	0.00e+00	0.00e+00	0.00e+00	0.00e+00	0.00e+00	1.60e-86
 1.25234e+13	1.78e-29	2.05e-21	3.13e-14	7.46e-08	6.50e-01	3.50e-01	2.17e-04	0.00e+00	0.00e+00	0.00e+00	0.00e+00	0.00e+00	5.28e-101
 1.30030e+13	2.43e-29	2.61e-21	3.75e-14	8.32e-08	6.68e-01	3.32e-01	1.90e-04	0.00e+00	0.00e+00	0.00e+00	0.00e+00	0.00e+00	7.01e-86
 1.34591e+13	3.22e-29	3.27e-21	4.43e-14	9.17e-08	6.84e-01	3.15e-01	1.68e-04	0.00e+00	0.00e+00	0.00e+00	0.00e+00	0.00e+00	3.16e-100
 1.39575e+13	4.33e-29	4.13e-21	5.25e-14	1.01e-07	7.01e-01	2.99e-01	1.47e-04	0.00e+00	0.00e+00	0.00e+00	0.00e+00	0.00e+00	2.98e-85
 1.45102e+13	5.93e-29	5.29e-21	6.30e-14	1.13e-07	7.18e-01	2.82e-01	1.28e-04	0.00e+00	0.00e+00	0.00e+00	0.00e+00	0.00e+00	2.06e-99
 1.50236e+13	7.85e-29	6.60e-21	7.40e-14	1.24e-07	7.33e-01	2.67e-01	1.13e-04	0.00e+00	0.00e+00	0.00e+00	0.00e+00	0.00e+00	1.34e-84
 1.55811e+13	1.05e-28	8.31e-21	8.74e-14	1.37e-07	7.48e-01	2.52e-01	9.88e-05	0.00e+00	0.00e+00	0.00e+00	0.00e+00	0.00e+00	1.21e-98
 1.62080e+13	1.44e-28	1.07e-20	1.05e-13	1.52e-07	7.63e-01	2.36e-01	8.53e-05	0.00e+00	0.00e+00	0.00e+00	0.00e+00	0.00e+00	6.30e-84
 1.68027e+13	1.92e-28	1.33e-20	1.23e-13	1.66e-07	7.77e-01	2.23e-01	7.47e-05	0.00e+00	0.00e+00	0.00e+00	0.00e+00	0.00e+00	7.90e-98
 1.74423e+13	2.58e-28	1.68e-20	1.46e-13	1.83e-07	7.90e-01	2.10e-01	6.50e-05	0.00e+00	0.00e+00	0.00e+00	0.00e+00	0.00e+00	2.85e-83
 1.81556e+13	3.54e-28	2.16e-20	1.74e-13	2.03e-07	8.04e-01	1.96e-01	5.59e-05	0.00e+00	0.00e+00	0.00e+00	0.00e+00	0.00e+00	5.40e-97
 1.88446e+13	4.76e-28	2.72e-20	2.05e-13	2.22e-07	8.16e-01	1.84e-01	4.85e-05	0.00e+00	0.00e+00	0.00e+00	0.00e+00	0.00e+00	1.39e-82
 1.95755e+13	6.42e-28	3.43e-20	2.42e-13	2.44e-07	8.28e-01	1.72e-01	4.20e-05	0.00e+00	0.00e+00	0.00e+00	0.00e+00	0.00e+00	3.54e-96
 2.03884e+13	8.83e-28	4.41e-20	2.90e-13	2.69e-07	8.40e-01	1.60e-01	3.60e-05	0.00e+00	0.00e+00	0.00e+00	0.00e+00	0.00e+00	6.99e-82
 2.12048e+13	1.20e-27	5.60e-20	3.43e-13	2.96e-07	8.50e-01	1.50e-01	3.10e-05	0.00e+00	0.00e+00	0.00e+00	0.00e+00	0.00e+00	2.59e-95
 2.20537e+13	1.63e-27	7.12e-20	4.07e-13	3.25e-07	8.60e-01	1.39e-01	2.66e-05	0.00e+00	0.00e+00	0.00e+00	0.00e+00	0.00e+00	3.54e-81
 2.29658e+13	2.24e-27	9.10e-20	4.84e-13	3.57e-07	8.70e-01	1.30e-01	2.28e-05	0.00e+00	0.00e+00	0.00e+00	0.00e+00	0.00e+00	1.89e-94
 2.39144e+13	3.07e-27	1.16e-19	5.75e-13	3.93e-07	8.80e-01	1.20e-01	1.95e-05	0.00e+00	0.00e+00	0.00e+00	0.00e+00	0.00e+00	1.88e-80
 2.48475e+13	4.14e-27	1.46e-19	6.76e-13	4.29e-07	8.88e-01	1.12e-01	1.68e-05	0.00e+00	0.00e+00	0.00e+00	0.00e+00	0.00e+00	1.35e-93
 2.57206e+13	5.42e-27	1.80e-19	7.82e-13	4.64e-07	8.95e-01	1.05e-01	1.47e-05	0.00e+00	0.00e+00	0.00e+00	0.00e+00	0.00e+00	8.53e-80
 2.65192e+13	6.87e-27	2.17e-19	8.89e-13	4.97e-07	9.00e-01	9.96e-02	1.30e-05	0.00e+00	0.00e+00	0.00e+00	0.00e+00	0.00e+00	6.91e-93
 2.73816e+13	8.81e-27	2.62e-19	1.02e-12	5.34e-07	9.06e-01	9.38e-02	1.15e-05	0.00e+00	0.00e+00	0.00e+00	0.00e+00	0.00e+00	3.13e-79
 2.83526e+13	1.15e-26	3.24e-19	1.18e-12	5.78e-07	9.12e-01	8.79e-02	1.00e-05	0.00e+00	0.00e+00	0.00e+00	0.00e+00	0.00e+00	3.67e-92
 2.92706e+13	1.48e-26	3.92e-19	1.34e-12	6.20e-07	9.17e-01	8.28e-02	8.86e-06	0.00e+00	0.00e+00	0.00e+00	0.00e+00	0.00e+00	1.25e-78
 3.02698e+13	1.92e-26	4.79e-19	1.54e-12	6.68e-07	9.22e-01	7.77e-02	7.76e-06	0.00e+00	0.00e+00	0.00e+00	0.00e+00	0.00e+00	1.90e-91
 3.14662e+13	2.58e-26	6.04e-19	1.81e-12	7.27e-07	9.28e-01	7.22e-02	6.66e-06	0.00e+00	0.00e+00	0.00e+00	0.00e+00	0.00e+00	5.64e-78
 3.26348e+13	3.44e-26	7.51e-19	2.11e-12	7.88e-07	9.33e-01	6.73e-02	5.77e-06	0.00e+00	0.00e+00	0.00e+00	0.00e+00	0.00e+00	1.26e-90
 3.36399e+13	4.35e-26	9.00e-19	2.39e-12	8.42e-07	9.36e-01	6.35e-02	5.12e-06	0.00e+00	0.00e+00	0.00e+00	0.00e+00	0.00e+00	2.29e-77
 3.47167e+13	5.56e-26	1.09e-18	2.72e-12	9.01e-07	9.40e-01	5.98e-02	4.52e-06	0.00e+00	0.00e+00	0.00e+00	0.00e+00	0.00e+00	4.43e-77
 3.60468e+13	7.41e-26	1.36e-18	3.17e-12	9.77e-07	9.44e-01	5.56e-02	3.89e-06	0.00e+00	0.00e+00	0.00e+00	0.00e+00	0.00e+00	9.71e-77
 3.73851e+13	9.83e-26	1.69e-18	3.69e-12	1.06e-06	9.48e-01	5.18e-02	3.37e-06	0.00e+00	0.00e+00	0.00e+00	0.00e+00	0.00e+00	2.08e-76
 3.85542e+13	1.25e-25	2.03e-18	4.18e-12	1.13e-06	9.51e-01	4.88e-02	2.98e-06	0.00e+00	0.00e+00	0.00e+00	0.00e+00	0.00e+00	4.01e-76
 3.98244e+13	1.61e-25	2.46e-18	4.77e-12	1.21e-06	9.54e-01	4.59e-02	2.63e-06	0.00e+00	0.00e+00	0.00e+00	0.00e+00	0.00e+00	7.97e-76
 4.13681e+13	2.16e-25	3.09e-18	5.57e-12	1.31e-06	9.57e-01	4.26e-02	2.26e-06	0.00e+00	0.00e+00	0.00e+00	0.00e+00	0.00e+00	1.76e-75
 4.29144e+13	2.87e-25	3.84e-18	6.47e-12	1.42e-06	9.60e-01	3.97e-02	1.95e-06	0.00e+00	0.00e+00	0.00e+00	0.00e+00	0.00e+00	3.84e-75
 4.43040e+13	3.70e-25	4.64e-18	7.36e-12	1.51e-06	9.63e-01	3.73e-02	1.72e-06	0.00e+00	0.00e+00	0.00e+00	0.00e+00	0.00e+00	7.59e-75
 4.58429e+13	4.83e-25	5.68e-18	8.44e-12	1.63e-06	9.65e-01	3.49e-02	1.50e-06	0.00e+00	0.00e+00	0.00e+00	0.00e+00	0.00e+00	1.57e-74
 4.76619e+13	6.51e-25	7.16e-18	9.89e-12	1.76e-06	9.68e-01	3.23e-02	1.29e-06	0.00e+00	0.00e+00	0.00e+00	0.00e+00	0.00e+00	3.56e-74
 4.94601e+13	8.70e-25	8.93e-18	1.15e-11	1.90e-06	9.70e-01	3.01e-02	1.11e-06	0.00e+00	0.00e+00	0.00e+00	0.00e+00	0.00e+00	7.86e-74
 5.11300e+13	1.13e-24	1.09e-17	1.31e-11	2.04e-06	9.72e-01	2.82e-02	9.75e-07	0.00e+00	0.00e+00	0.00e+00	0.00e+00	0.00e+00	1.60e-73
 5.30050e+13	1.50e-24	1.35e-17	1.52e-11	2.20e-06	9.74e-01	2.63e-02	0.00e+00	0.00e+00	0.00e+00	0.00e+00	0.00e+00	0.00e+00	3.46e-73
 5.51552e+13	2.05e-24	1.71e-17	1.78e-11	2.39e-06	9.76e-01	2.43e-02	0.00e+00	0.00e+00	0.00e+00	0.00e+00	0.00e+00	0.00e+00	8.07e-73
 5.72801e+13	2.75e-24	2.14e-17	2.07e-11	2.58e-06	9.77e-01	2.26e-02	0.00e+00	0.00e+00	0.00e+00	0.00e+00	0.00e+00	0.00e+00	1.82e-72
 5.94901e+13	3.71e-24	2.68e-17	2.41e-11	2.79e-06	9.79e-01	2.09e-02	0.00e+00	0.00e+00	0.00e+00	0.00e+00	0.00e+00	0.00e+00	4.10e-72
 6.18997e+13	5.04e-24	3.39e-17	2.83e-11	3.02e-06	9.81e-01	1.94e-02	0.00e+00	0.00e+00	0.00e+00	0.00e+00	0.00e+00	0.00e+00	9.56e-72
 6.44056e+13	6.91e-24	4.29e-17	3.32e-11	3.28e-06	9.82e-01	1.79e-02	0.00e+00	0.00e+00	0.00e+00	0.00e+00	0.00e+00	0.00e+00	2.24e-71
 6.68306e+13	9.24e-24	5.34e-17	3.85e-11	3.53e-06	9.83e-01	1.66e-02	0.00e+00	0.00e+00	0.00e+00	0.00e+00	1.71e-17	3.63e-17	4.96e-71
 6.91041e+13	1.20e-23	6.51e-17	4.40e-11	3.78e-06	9.84e-01	1.56e-02	0.00e+00	0.00e+00	0.00e+00	0.00e+00	2.16e-17	4.35e-17	1.02e-70
 7.16496e+13	1.59e-23	8.07e-17	5.09e-11	4.07e-06	9.85e-01	1.45e-02	0.00e+00	0.00e+00	0.00e+00	0.00e+00	2.68e-17	5.39e-17	2.20e-70
 7.42261e+13	2.08e-23	9.96e-17	5.86e-11	4.38e-06	9.86e-01	1.35e-02	0.00e+00	0.00e+00	0.00e+00	0.00e+00	3.31e-17	6.65e-17	4.66e-70
 7.63563e+13	2.61e-23	1.18e-16	6.57e-11	4.64e-06	9.87e-01	1.28e-02	0.00e+00	0.00e+00	0.00e+00	0.00e+00	3.91e-17	7.88e-17	8.60e-70
 7.85943e+13	3.27e-23	1.40e-16	7.37e-11	4.92e-06	9.88e-01	1.21e-02	0.00e+00	0.00e+00	0.00e+00	0.00e+00	4.64e-17	9.34e-17	1.59e-69
 8.14715e+13	4.30e-23	1.73e-16	8.52e-11	5.30e-06	9.89e-01	1.12e-02	0.00e+00	0.00e+00	0.00e+00	0.00e+00	5.74e-17	1.16e-16	3.41e-69
 8.44962e+13	5.71e-23	2.15e-16	9.87e-11	5.71e-06	9.90e-01	1.04e-02	0.00e+00	0.00e+00	0.00e+00	0.00e+00	7.13e-17	1.44e-16	7.58e-69
 8.71627e+13	7.28e-23	2.59e-16	1.12e-10	6.08e-06	9.90e-01	9.80e-03	0.00e+00	0.00e+00	0.00e+00	0.00e+00	8.58e-17	1.73e-16	1.44e-68
 9.00468e+13	9.39e-23	3.13e-16	1.27e-10	6.50e-06	9.91e-01	9.17e-03	0.00e+00	0.00e+00	0.00e+00	0.00e+00	1.04e-16	2.09e-16	2.88e-68
 9.35254e+13	1.25e-22	3.92e-16	1.49e-10	7.03e-06	9.92e-01	8.49e-03	0.00e+00	0.00e+00	0.00e+00	0.00e+00	1.30e-16	2.62e-16	6.37e-68
 9.70464e+13	1.67e-22	4.88e-16	1.73e-10	7.59e-06	9.92e-01	7.88e-03	0.00e+00	0.00e+00	0.00e+00	0.00e+00	1.62e-16	3.26e-16	1.40e-67
 1.00327e+14	2.15e-22	5.95e-16	1.97e-10	8.13e-06	9.93e-01	7.37e-03	0.00e+00	0.00e+00	0.00e+00	0.00e+00	1.97e-16	3.97e-16	2.83e-67
 1.03988e+14	2.84e-22	7.35e-16	2.28e-10	8.75e-06	9.93e-01	6.84e-03	0.00e+00	0.00e+00	0.00e+00	0.00e+00	2.44e-16	4.91e-16	6.01e-67
 1.07899e+14	3.75e-22	9.15e-16	2.65e-10	9.45e-06	9.94e-01	6.35e-03	0.00e+00	0.00e+00	0.00e+00	0.00e+00	3.03e-16	6.11e-16	1.30e-66
 1.11363e+14	4.78e-22	1.10e-15	3.01e-10	1.01e-05	9.94e-01	5.95e-03	0.00e+00	0.00e+00	0.00e+00	0.00e+00	3.66e-16	7.37e-16	2.54e-66
 1.15061e+14	6.15e-22	1.34e-15	3.43e-10	1.08e-05	9.94e-01	5.56e-03	0.00e+00	0.00e+00	0.00e+00	0.00e+00	4.44e-16	8.94e-16	5.03e-66
 1.19509e+14	8.21e-22	1.68e-15	4.01e-10	1.17e-05	9.95e-01	5.14e-03	0.00e+00	0.00e+00	0.00e+00	0.00e+00	5.56e-16	1.12e-15	1.11e-65
 1.23892e+14	1.08e-21	2.07e-15	4.64e-10	1.26e-05	9.95e-01	4.78e-03	0.00e+00	0.00e+00	0.00e+00	0.00e+00	6.88e-16	1.39e-15	2.37e-65
 1.27776e+14	1.36e-21	2.49e-15	5.26e-10	1.34e-05	9.96e-01	4.48e-03	0.00e+00	0.00e+00	0.00e+00	0.00e+00	8.26e-16	1.66e-15	4.50e-65
 1.32051e+14	1.74e-21	3.02e-15	6.01e-10	1.44e-05	9.96e-01	4.19e-03	0.00e+00	0.00e+00	0.00e+00	0.00e+00	1.00e-15	2.02e-15	8.96e-65
 1.37171e+14	2.32e-21	3.79e-15	7.01e-10	1.56e-05	9.96e-01	3.87e-03	0.00e+00	0.00e+00	0.00e+00	0.00e+00	1.26e-15	2.53e-15	1.97e-64
 1.42289e+14	3.07e-21	4.70e-15	8.14e-10	1.68e-05	9.96e-01	3.59e-03	0.00e+00	0.00e+00	0.00e+00	0.00e+00	1.56e-15	3.14e-15	4.26e-64
 1.46953e+14	3.90e-21	5.69e-15	9.27e-10	1.80e-05	9.97e-01	3.36e-03	0.00e+00	0.00e+00	0.00e+00	0.00e+00	1.89e-15	3.81e-15	8.36e-64
 1.52131e+14	5.04e-21	6.99e-15	1.07e-09	1.93e-05	9.97e-01	3.13e-03	0.00e+00	0.00e+00	0.00e+00	0.00e+00	2.32e-15	4.67e-15	1.72e-63
 1.58174e+14	6.77e-21	8.80e-15	1.25e-09	2.10e-05	9.97e-01	2.89e-03	0.00e+00	0.00e+00	0.00e+00	0.00e+00	2.91e-15	5.88e-15	3.88e-63
 1.64126e+14	8.88e-21	1.09e-14	1.45e-09	2.26e-05	9.97e-01	2.68e-03	0.00e+00	0.00e+00	0.00e+00	0.00e+00	3.63e-15	7.32e-15	8.38e-63
 1.69746e+14	1.14e-20	1.34e-14	1.66e-09	2.43e-05	9.97e-01	2.50e-03	0.00e+00	0.00e+00	0.00e+00	0.00e+00	4.43e-15	8.93e-15	1.69e-62
 1.75996e+14	1.50e-20	1.65e-14	1.92e-09	2.62e-05	9.98e-01	2.32e-03	0.00e+00	0.00e+00	0.00e+00	0.00e+00	5.48e-15	1.11e-14	3.61e-62
 1.83066e+14	2.00e-20	2.09e-14	2.25e-09	2.84e-05	9.98e-01	2.14e-03	0.00e+00	0.00e+00	0.00e+00	0.00e+00	6.91e-15	1.39e-14	8.18e-62
 1.89760e+14	2.60e-20	2.58e-14	2.60e-09	3.05e-05	9.98e-01	1.99e-03	0.00e+00	0.00e+00	0.00e+00	0.00e+00	8.55e-15	1.73e-14	1.74e-61
 1.95851e+14	3.29e-20	3.11e-14	2.96e-09	3.26e-05	9.98e-01	1.86e-03	0.00e+00	0.00e+00	0.00e+00	0.00e+00	1.03e-14	2.08e-14	3.36e-61
 2.02755e+14	4.24e-20	3.81e-14	3.40e-09	3.50e-05	9.98e-01	1.73e-03	0.00e+00	0.00e+00	0.00e+00	0.00e+00	1.26e-14	2.55e-14	6.93e-61
 2.10805e+14	5.63e-20	4.80e-14	3.97e-09	3.79e-05	9.98e-01	1.60e-03	0.00e+00	0.00e+00	0.00e+00	0.00e+00	1.59e-14	3.21e-14	1.56e-60
 2.18500e+14	7.32e-20	5.94e-14	4.59e-09	4.08e-05	9.98e-01	1.49e-03	0.00e+00	0.00e+00	0.00e+00	0.00e+00	1.97e-14	3.97e-14	3.32e-60
 2.25432e+14	9.16e-20	7.15e-14	5.20e-09	4.35e-05	9.99e-01	1.40e-03	0.00e+00	0.00e+00	0.00e+00	0.00e+00	2.36e-14	4.78e-14	6.36e-60
 2.31982e+14	1.13e-19	8.46e-14	5.83e-09	4.61e-05	9.99e-01	1.32e-03	0.00e+00	0.00e+00	0.00e+00	0.00e+00	2.80e-14	5.66e-14	1.16e-59
 2.39264e+14	1.41e-19	1.02e-13	6.61e-09	4.91e-05	9.99e-01	1.24e-03	0.00e+00	0.00e+00	0.00e+00	0.00e+00	3.36e-14	6.80e-14	2.20e-59
 2.47412e+14	1.80e-19	1.24e-13	7.55e-09	5.25e-05	9.99e-01	1.15e-03	0.00e+00	0.00e+00	0.00e+00	0.00e+00	4.10e-14	8.29e-14	4.45e-59
 2.55112e+14	2.24e-19	1.48e-13	8.54e-09	5.59e-05	9.99e-01	1.08e-03	0.00e+00	0.00e+00	0.00e+00	0.00e+00	4.91e-14	9.94e-14	8.41e-59
 2.63548e+14	2.82e-19	1.80e-13	9.73e-09	5.97e-05	9.99e-01	1.02e-03	0.00e+00	0.00e+00	0.00e+00	0.00e+00	5.95e-14	1.21e-13	1.67e-58
 2.73011e+14	3.63e-19	2.22e-13	1.12e-08	6.42e-05	9.99e-01	9.44e-04	0.00e+00	0.00e+00	0.00e+00	0.00e+00	7.33e-14	1.49e-13	3.48e-58
 2.81918e+14	4.57e-19	2.68e-13	1.27e-08	6.85e-05	9.99e-01	8.85e-04	0.00e+00	0.00e+00	0.00e+00	0.00e+00	8.86e-14	1.80e-13	6.82e-58
 2.91609e+14	5.79e-19	3.28e-13	1.46e-08	7.34e-05	9.99e-01	8.26e-04	0.00e+00	0.00e+00	0.00e+00	0.00e+00	1.08e-13	2.19e-13	1.37e-57
 3.02325e+14	7.47e-19	4.06e-13	1.69e-08	7.90e-05	9.99e-01	7.67e-04	0.00e+00	0.00e+00	0.00e+00	0.00e+00	1.34e-13	2.72e-13	2.93e-57
 3.12206e+14	9.36e-19	4.91e-13	1.92e-08	8.44e-05	9.99e-01	7.18e-04	0.00e+00	0.00e+00	0.00e+00	0.00e+00	1.62e-13	3.29e-13	5.70e-57
 3.22881e+14	1.18e-18	6.00e-13	2.20e-08	9.03e-05	9.99e-01	6.71e-04	0.00e+00	0.00e+00	0.00e+00	0.00e+00	1.98e-13	4.02e-13	1.15e-56
 3.34851e+14	1.52e-18	7.43e-13	2.54e-08	9.73e-05	9.99e-01	6.22e-04	0.00e+00	0.00e+00	0.00e+00	0.00e+00	2.45e-13	4.98e-13	2.43e-56
 3.46096e+14	1.92e-18	9.04e-13	2.90e-08	1.04e-04	9.99e-01	5.82e-04	0.00e+00	0.00e+00	0.00e+00	0.00e+00	2.98e-13	6.06e-13	4.85e-56
 3.58303e+14	2.43e-18	1.11e-12	3.33e-08	1.12e-04	9.99e-01	5.42e-04	0.00e+00	0.00e+00	0.00e+00	0.00e+00	3.66e-13	7.44e-13	9.92e-56
 3.71915e+14	3.14e-18	1.38e-12	3.87e-08	1.21e-04	9.99e-01	5.02e-04	0.00e+00	0.00e+00	0.00e+00	0.00e+00	4.56e-13	9.28e-13	2.16e-55
 3.84652e+14	3.95e-18	1.69e-12	4.44e-08	1.29e-04	9.99e-01	4.68e-04	0.00e+00	0.00e+00	0.00e+00	0.00e+00	5.56e-13	1.13e-12	4.31e-55
 3.98505e+14	5.02e-18	2.08e-12	5.11e-08	1.39e-04	9.99e-01	4.35e-04	0.00e+00	0.00e+00	0.00e+00	0.00e+00	6.85e-13	1.40e-12	8.96e-55
 4.14023e+14	6.50e-18	2.61e-12	5.97e-08	1.50e-04	9.99e-01	4.02e-04	0.00e+00	0.00e+00	0.00e+00	0.00e+00	8.59e-13	1.75e-12	1.96e-54
 4.28686e+14	8.23e-18	3.21e-12	6.86e-08	1.61e-04	9.99e-01	3.74e-04	0.00e+00	0.00e+00	0.00e+00	0.00e+00	1.06e-12	2.15e-12	4.03e-54
 4.44388e+14	1.04e-17	3.96e-12	7.94e-08	1.74e-04	9.99e-01	3.47e-04	0.00e+00	0.00e+00	0.00e+00	0.00e+00	1.30e-12	2.66e-12	8.30e-54
 4.62194e+14	1.19e-17	5.00e-12	9.31e-08	1.89e-04	9.99e-01	3.20e-04	0.00e+00	0.00e+00	0.00e+00	0.00e+00	1.64e-12	3.36e-12	1.71e-53
 4.79682e+14	1.54e-17	6.22e-12	1.08e-07	2.04e-04	1.00e+00	2.95e-04	0.00e+00	0.00e+00	0.00e+00	0.00e+00	2.04e-12	4.18e-12	3.66e-53
 4.97870e+14	2.00e-17	7.75e-12	1.26e-07	2.21e-04	1.00e+00	2.73e-04	0.00e+00	0.00e+00	0.00e+00	0.00e+00	2.54e-12	5.21e-12	7.95e-53
 5.17814e+14	2.63e-17	9.77e-12	1.48e-07	2.40e-04	1.00e+00	2.52e-04	0.00e+00	0.00e+00	0.00e+00	0.00e+00	3.20e-12	6.56e-12	1.78e-52
 5.37408e+14	3.38e-17	1.21e-11	1.72e-07	2.60e-04	1.00e+00	2.32e-04	0.00e+00	0.00e+00	0.00e+00	0.00e+00	3.98e-12	8.16e-12	3.80e-52
 5.53631e+14	4.14e-17	1.45e-11	1.94e-07	2.77e-04	1.00e+00	2.18e-04	0.00e+00	0.00e+00	0.00e+00	0.00e+00	4.74e-12	9.72e-12	6.99e-52
 5.66814e+14	4.83e-17	1.66e-11	2.14e-07	2.91e-04	1.00e+00	2.07e-04	0.00e+00	3.90e-18	1.17e-17	1.95e-17	5.43e-12	1.11e-11	1.12e-51
 5.81502e+14	5.70e-17	1.92e-11	2.37e-07	3.07e-04	9.99e-01	1.96e-04	0.00e+00	4.61e-18	1.38e-17	2.31e-17	6.30e-12	1.29e-11	1.87e-51
 6.00596e+14	7.01e-17	2.32e-11	2.71e-07	3.30e-04	9.99e-01	1.83e-04	0.00e+00	5.67e-18	1.70e-17	2.84e-17	7.60e-12	1.56e-11	3.57e-51
 6.21058e+14	8.70e-17	2.82e-11	3.10e-07	3.55e-04	9.99e-01	1.70e-04	0.00e+00	7.05e-18	2.11e-17	3.53e-17	9.23e-12	1.90e-11	6.98e-51
 6.39174e+14	9.99e-17	3.33e-11	3.49e-07	3.78e-04	9.99e-01	1.60e-04	0.00e+00	8.10e-18	2.43e-17	4.05e-17	1.09e-11	2.24e-11	1.21e-50
 6.58598e+14	1.20e-16	3.95e-11	3.95e-07	4.03e-04	9.99e-01	1.50e-04	0.00e+00	9.73e-18	2.92e-17	4.87e-17	1.29e-11	2.66e-11	2.17e-50
 6.82983e+14	1.50e-16	4.88e-11	4.58e-07	4.37e-04	9.99e-01	1.38e-04	0.00e+00	1.22e-17	3.65e-17	6.08e-17	1.59e-11	3.28e-11	4.47e-50
 7.07792e+14	1.86e-16	5.98e-11	5.31e-07	4.73e-04	9.99e-01	1.28e-04	0.00e+00	1.51e-17	4.54e-17	7.58e-17	1.96e-11	4.03e-11	8.99e-50
 7.29303e+14	2.23e-16	7.10e-11	6.00e-07	5.05e-04	9.99e-01	1.20e-04	0.00e+00	1.82e-17	5.45e-17	9.09e-17	2.32e-11	4.78e-11	1.62e-49
 7.52549e+14	2.67e-16	8.47e-11	6.83e-07	5.42e-04	9.99e-01	1.11e-04	0.00e+00	2.17e-17	6.52e-17	1.09e-16	2.77e-11	5.70e-11	2.96e-49
 7.81018e+14	3.31e-16	1.04e-10	7.96e-07	5.90e-04	9.99e-01	1.03e-04	0.00e+00	2.70e-17	8.09e-17	1.35e-16	3.41e-11	7.03e-11	6.10e-49
 8.09659e+14	4.09e-16	1.28e-10	9.22e-07	6.39e-04	9.99e-01	9.47e-05	0.00e+00	3.34e-17	1.00e-16	1.67e-16	4.19e-11	8.63e-11	1.24e-48
 8.34997e+14	4.87e-16	1.52e-10	1.05e-06	6.85e-04	9.99e-01	8.84e-05	0.00e+00	3.97e-17	1.19e-16	1.99e-16	4.98e-11	1.03e-10	2.26e-48
 8.62654e+14	5.81e-16	1.83e-10	1.20e-06	7.38e-04	9.99e-01	8.21e-05	0.00e+00	4.75e-17	1.42e-16	2.38e-16	5.96e-11	1.23e-10	4.23e-48
 8.95867e+14	7.17e-16	2.26e-10	1.40e-06	8.04e-04	9.99e-01	7.54e-05	0.00e+00	5.87e-17	1.76e-16	2.94e-16	7.37e-11	1.52e-10	8.90e-48
 9.28826e+14	8.75e-16	2.76e-10	1.62e-06	8.73e-04	9.99e-01	6.95e-05	0.00e+00	7.17e-17	2.15e-16	3.59e-16	9.01e-11	1.86e-10	1.80e-47
 9.58482e+14	1.04e-15	3.28e-10	1.84e-06	9.38e-04	9.99e-01	6.47e-05	0.00e+00	8.51e-17	2.55e-16	4.26e-16	1.07e-10	2.21e-10	3.33e-47
 9.91324e+14	1.24e-15	3.95e-10	2.12e-06	1.01e-03	9.99e-01	5.99e-05	0.00e+00	1.02e-16	3.05e-16	5.09e-16	1.29e-10	2.66e-10	6.43e-47
 1.03010e+15	1.52e-15	4.88e-10	2.48e-06	1.11e-03	9.99e-01	5.49e-05	0.00e+00	1.25e-16	3.75e-16	6.26e-16	1.59e-10	3.28e-10	1.37e-46
 1.06845e+15	1.85e-15	5.96e-10	2.88e-06	1.20e-03	9.99e-01	5.05e-05	0.00e+00	1.52e-16	4.56e-16	7.61e-16	1.95e-10	4.01e-10	2.81e-46
 1.10399e+15	2.19e-15	7.12e-10	3.29e-06	1.30e-03	9.99e-01	4.69e-05	0.00e+00	1.81e-16	5.42e-16	9.04e-16	2.33e-10	4.79e-10	5.36e-46
 1.14384e+15	2.62e-15	8.64e-10	3.80e-06	1.41e-03	9.99e-01	4.33e-05	0.00e+00	2.17e-16	6.51e-16	1.08e-15	2.82e-10	5.81e-10	1.08e-45
 1.18963e+15	3.22e-15	1.07e-09	4.46e-06	1.54e-03	9.98e-01	3.96e-05	0.00e+00	2.67e-16	8.00e-16	1.33e-15	3.49e-10	7.19e-10	2.37e-45
 1.23468e+15	3.90e-15	1.31e-09	5.18e-06	1.68e-03	9.98e-01	3.64e-05	0.00e+00	3.23e-16	9.70e-16	1.62e-15	4.27e-10	8.79e-10	4.98e-45
 1.28154e+15	4.72e-15	1.60e-09	6.03e-06	1.83e-03	9.98e-01	3.34e-05	0.00e+00	3.92e-16	1.18e-15	1.96e-15	5.23e-10	1.07e-09	1.05e-44
 1.32429e+15	5.60e-15	1.91e-09	6.88e-06	1.98e-03	9.98e-01	3.10e-05	0.00e+00	4.66e-16	1.40e-15	2.33e-15	6.24e-10	1.28e-09	2.03e-44
 1.35628e+15	6.32e-15	2.17e-09	7.58e-06	2.09e-03	9.98e-01	2.94e-05	0.00e+00	5.27e-16	1.58e-15	2.63e-15	7.10e-10	1.46e-09	3.27e-44
 1.38935e+15	7.15e-15	2.47e-09	8.35e-06	2.21e-03	9.98e-01	2.78e-05	0.00e+00	5.96e-16	1.79e-15	2.98e-15	8.08e-10	1.66e-09	5.39e-44
 1.43234e+15	8.39e-15	2.91e-09	9.45e-06	2.37e-03	9.98e-01	2.60e-05	0.00e+00	7.00e-16	2.10e-15	3.50e-15	9.53e-10	1.96e-09	9.89e-44
 1.47881e+15	9.96e-15	3.45e-09	1.07e-05	2.55e-03	9.97e-01	2.42e-05	0.00e+00	8.32e-16	2.50e-15	4.16e-15	1.13e-09	2.32e-09	1.88e-43
 1.52075e+15	1.15e-14	4.01e-09	1.20e-05	2.72e-03	9.97e-01	2.27e-05	0.00e+00	9.64e-16	2.89e-15	4.82e-15	1.31e-09	2.69e-09	3.36e-43
 1.56621e+15	1.35e-14	4.69e-09	1.35e-05	2.91e-03	9.97e-01	2.13e-05	0.00e+00	1.13e-15	3.38e-15	5.64e-15	1.54e-09	3.15e-09	6.10e-43
 1.62375e+15	1.65e-14	5.71e-09	1.57e-05	3.16e-03	9.97e-01	1.96e-05	0.00e+00	1.38e-15	4.14e-15	6.91e-15	1.87e-09	3.84e-09	1.28e-42
 1.68159e+15	2.01e-14	6.89e-09	1.80e-05	3.42e-03	9.97e-01	1.82e-05	0.00e+00	1.68e-15	5.05e-15	8.42e-15	2.26e-09	4.63e-09	2.64e-42
 1.73034e+15	2.35e-14	8.02e-09	2.02e-05	3.65e-03	9.96e-01	1.71e-05	0.00e+00	1.97e-15	5.92e-15	9.86e-15	2.63e-09	5.38e-09	4.79e-42
 1.78269e+15	2.78e-14	9.41e-09	2.27e-05	3.91e-03	9.96e-01	1.60e-05	0.00e+00	2.34e-15	7.02e-15	1.17e-14	3.09e-09	6.32e-09	8.82e-42
 1.84854e+15	3.45e-14	1.15e-08	2.63e-05	4.25e-03	9.96e-01	1.48e-05	0.00e+00	2.91e-15	8.73e-15	1.46e-14	3.77e-09	7.69e-09	1.87e-41
 1.91732e+15	4.31e-14	1.39e-08	3.05e-05	4.62e-03	9.95e-01	1.37e-05	0.00e+00	3.64e-15	1.09e-14	1.82e-14	4.59e-09	9.36e-09	4.00e-41
 1.97910e+15	5.20e-14	1.65e-08	3.46e-05	4.97e-03	9.95e-01	1.28e-05	0.00e+00	4.40e-15	1.32e-14	2.20e-14	5.43e-09	1.11e-08	7.77e-41
 2.04638e+15	6.39e-14	1.98e-08	3.95e-05	5.36e-03	9.95e-01	1.19e-05	0.00e+00	5.42e-15	1.62e-14	2.71e-14	6.51e-09	1.33e-08	1.55e-40
 2.12611e+15	8.21e-14	2.43e-08	4.61e-05	5.85e-03	9.94e-01	1.10e-05	0.00e+00	6.97e-15	2.09e-14	3.48e-14	8.02e-09	1.63e-08	3.41e-40
 2.20402e+15	1.04e-13	2.95e-08	5.32e-05	6.36e-03	9.94e-01	1.02e-05	0.00e+00	8.81e-15	2.64e-14	4.40e-14	9.73e-09	1.98e-08	7.21e-40
 2.27461e+15	1.28e-13	3.50e-08	6.04e-05	6.83e-03	9.93e-01	9.57e-06	0.00e+00	1.09e-14	3.25e-14	5.42e-14	1.15e-08	2.35e-08	1.38e-39
 2.35368e+15	1.59e-13	4.20e-08	6.92e-05	7.38e-03	9.93e-01	8.93e-06	0.00e+00	1.36e-14	4.07e-14	6.79e-14	1.39e-08	2.82e-08	2.83e-39
 2.44636e+15	2.10e-13	5.19e-08	8.09e-05	8.06e-03	9.92e-01	8.29e-06	0.00e+00	1.79e-14	5.36e-14	8.94e-14	1.71e-08	3.48e-08	6.18e-39
 2.53733e+15	2.68e-13	6.30e-08	9.35e-05	8.75e-03	9.91e-01	7.72e-06	0.00e+00	2.29e-14	6.87e-14	1.14e-13	2.08e-08	4.22e-08	1.33e-38
 2.62283e+15	3.40e-13	7.54e-08	1.07e-04	9.44e-03	9.90e-01	7.26e-06	0.00e+00	2.91e-14	8.73e-14	1.45e-13	2.49e-08	5.05e-08	2.56e-38
 2.69797e+15	4.18e-13	8.77e-08	1.20e-04	1.01e-02	9.90e-01	6.90e-06	0.00e+00	3.58e-14	1.07e-13	1.79e-13	2.89e-08	5.88e-08	4.49e-38
 2.76056e+15	4.94e-13	9.91e-08	1.31e-04	1.06e-02	9.89e-01	6.63e-06	0.00e+00	4.23e-14	1.27e-13	2.11e-13	3.27e-08	6.64e-08	7.02e-38
 2.82946e+15	5.92e-13	1.13e-07	1.45e-04	1.12e-02	9.89e-01	6.34e-06	0.00e+00	5.08e-14	1.52e-13	2.54e-13	3.75e-08	7.60e-08	1.17e-37
 2.91904e+15	7.50e-13	1.35e-07	1.64e-04	1.21e-02	9.88e-01	6.00e-06	0.00e+00	6.44e-14	1.93e-13	3.22e-13	4.46e-08	9.04e-08	2.26e-37
 3.01291e+15	9.51e-13	1.60e-07	1.87e-04	1.30e-02	9.87e-01	5.69e-06	0.00e+00	8.18e-14	2.45e-13	4.09e-13	5.30e-08	1.07e-07	4.29e-37
 3.09295e+15	1.15e-12	1.85e-07	2.07e-04	1.37e-02	9.86e-01	5.45e-06	0.00e+00	9.93e-14	2.98e-13	4.96e-13	6.11e-08	1.24e-07	7.26e-37
 3.17757e+15	1.42e-12	2.15e-07	2.31e-04	1.46e-02	9.85e-01	5.21e-06	0.00e+00	1.22e-13	3.67e-13	6.11e-13	7.11e-08	1.44e-07	1.26e-36
 3.28758e+15	1.86e-12	2.61e-07	2.66e-04	1.58e-02	9.84e-01	4.95e-06	0.00e+00	1.60e-13	4.81e-13	8.01e-13	8.61e-08	1.75e-07	2.53e-36
 3.40048e+15	2.40e-12	3.14e-07	3.05e-04	1.71e-02	9.83e-01	4.70e-06	0.00e+00	2.08e-13	6.22e-13	1.04e-12	1.04e-07	2.10e-07	4.98e-36
 3.49413e+15	2.95e-12	3.65e-07	3.40e-04	1.82e-02	9.81e-01	4.52e-06	0.00e+00	2.55e-13	7.65e-13	1.27e-12	1.20e-07	2.44e-07	8.50e-36
 3.59286e+15	3.66e-12	4.27e-07	3.82e-04	1.94e-02	9.80e-01	4.35e-06	0.00e+00	3.17e-13	9.51e-13	1.58e-12	1.41e-07	2.86e-07	1.49e-35
 3.72121e+15	4.76e-12	5.20e-07	4.41e-04	2.11e-02	9.79e-01	4.14e-06	0.00e+00	4.13e-13	1.24e-12	2.06e-12	1.72e-07	3.48e-07	3.07e-35
 3.85564e+15	6.22e-12	6.33e-07	5.09e-04	2.29e-02	9.77e-01	3.95e-06	0.00e+00	5.40e-13	1.62e-12	2.70e-12	2.09e-07	4.24e-07	5.99e-35
 3.97020e+15	7.83e-12	7.46e-07	5.75e-04	2.45e-02	9.75e-01	3.82e-06	0.00e+00	6.81e-13	2.04e-12	3.40e-12	2.47e-07	5.00e-07	1.06e-34
 4.09134e+15	9.89e-12	8.87e-07	6.52e-04	2.63e-02	9.73e-01	3.69e-06	0.00e+00	8.60e-13	2.58e-12	4.30e-12	2.93e-07	5.94e-07	1.92e-34
 4.24302e+15	1.30e-11	1.09e-06	7.59e-04	2.86e-02	9.71e-01	3.53e-06	0.00e+00	1.13e-12	3.39e-12	5.64e-12	3.61e-07	7.30e-07	3.96e-34
 4.39550e+15	1.69e-11	1.33e-06	8.78e-04	3.11e-02	9.68e-01	3.39e-06	0.00e+00	1.47e-12	4.41e-12	7.35e-12	4.39e-07	8.88e-07	7.54e-34
 4.52661e+15	2.12e-11	1.57e-06	9.95e-04	3.34e-02	9.66e-01	3.30e-06	0.00e+00	1.85e-12	5.56e-12	9.26e-12	5.20e-07	1.05e-06	1.32e-33
 4.66885e+15	2.71e-11	1.88e-06	1.14e-03	3.60e-02	9.63e-01	3.20e-06	0.00e+00	2.36e-12	7.09e-12	1.18e-11	6.23e-07	1.26e-06	2.42e-33
 4.82709e+15	3.48e-11	2.28e-06	1.31e-03	3.91e-02	9.60e-01	3.11e-06	0.00e+00	3.04e-12	9.12e-12	1.52e-11	7.54e-07	1.52e-06	4.51e-33
 4.97522e+15	4.35e-11	2.70e-06	1.49e-03	4.20e-02	9.56e-01	3.02e-06	0.00e+00	3.81e-12	1.14e-11	1.90e-11	8.95e-07	1.81e-06	7.79e-33
 5.11486e+15	5.36e-11	3.17e-06	1.68e-03	4.50e-02	9.53e-01	2.95e-06	0.00e+00	4.70e-12	1.41e-11	2.35e-11	1.05e-06	2.12e-06	1.30e-32
 5.27440e+15	6.85e-11	3.81e-06	1.93e-03	4.86e-02	9.49e-01	2.87e-06	0.00e+00	6.01e-12	1.80e-11	3.00e-11	1.26e-06	2.55e-06	2.36e-32
 5.43283e+15	8.57e-11	4.51e-06	2.20e-03	5.24e-02	9.45e-01	2.82e-06	0.00e+00	7.53e-12	2.26e-11	3.76e-11	1.50e-06	3.02e-06	3.91e-32
 5.56077e+15	1.03e-10	5.17e-06	2.44e-03	5.56e-02	9.42e-01	2.77e-06	0.00e+00	9.02e-12	2.70e-11	4.50e-11	1.71e-06	3.46e-06	5.88e-32
 5.69804e+15	1.26e-10	6.01e-06	2.73e-03	5.93e-02	9.38e-01	2.72e-06	0.00e+00	1.11e-11	3.32e-11	5.52e-11	1.99e-06	4.02e-06	9.58e-32
 5.85203e+15	1.54e-10	7.04e-06	3.08e-03	6.35e-02	9.33e-01	2.66e-06	0.00e+00	1.36e-11	4.07e-11	6.78e-11	2.33e-06	4.70e-06	1.54e-31
 6.00206e+15	1.90e-10	8.22e-06	3.47e-03	6.80e-02	9.29e-01	2.63e-06	0.00e+00	1.67e-11	5.01e-11	8.35e-11	2.73e-06	5.49e-06	2.44e-31
 6.17139e+15	2.39e-10	9.81e-06	3.98e-03	7.33e-02	9.23e-01	2.57e-06	0.00e+00	2.11e-11	6.34e-11	1.06e-10	3.25e-06	6.55e-06	4.21e-31
 6.35053e+15	3.04e-10	1.17e-05	4.57e-03	7.93e-02	9.16e-01	2.54e-06	0.00e+00	2.69e-11	8.06e-11	1.34e-10	3.89e-06	7.83e-06	6.97e-31
 6.50986e+15	3.73e-10	1.37e-05	5.16e-03	8.48e-02	9.10e-01	2.50e-06	0.00e+00	3.30e-11	9.91e-11	1.65e-10	4.54e-06	9.13e-06	1.09e-30
 6.68440e+15	4.78e-10	1.64e-05	5.93e-03	9.17e-02	9.02e-01	2.46e-06	0.00e+00	4.23e-11	1.27e-10	2.11e-10	5.44e-06	1.10e-05	1.85e-30
 6.86490e+15	5.99e-10	1.94e-05	6.80e-03	9.89e-02	8.94e-01	2.42e-06	0.00e+00	5.32e-11	1.59e-10	2.65e-10	6.45e-06	1.30e-05	2.98e-30
 7.01606e+15	7.28e-10	2.25e-05	7.64e-03	1.06e-01	8.87e-01	2.40e-06	0.00e+00	6.47e-11	1.94e-10	3.23e-10	7.46e-06	1.50e-05	4.44e-30
 7.17548e+15	9.24e-10	2.66e-05	8.70e-03	1.13e-01	8.78e-01	2.39e-06	0.00e+00	8.22e-11	2.46e-10	4.10e-10	8.82e-06	1.77e-05	7.20e-30
 7.34943e+15	1.16e-09	3.15e-05	9.97e-03	1.22e-01	8.68e-01	2.36e-06	0.00e+00	1.04e-10	3.11e-10	5.18e-10	1.05e-05	2.10e-05	1.16e-29
 7.50607e+15	1.44e-09	3.68e-05	1.13e-02	1.31e-01	8.58e-01	2.35e-06	0.00e+00	1.28e-10	3.85e-10	6.41e-10	1.22e-05	2.45e-05	1.75e-29
 7.65012e+15	1.77e-09	4.25e-05	1.27e-02	1.39e-01	8.48e-01	2.34e-06	0.00e+00	1.58e-10	4.73e-10	7.88e-10	1.41e-05	2.84e-05	2.60e-29
 7.81399e+15	2.24e-09	5.05e-05	1.46e-02	1.49e-01	8.36e-01	2.32e-06	0.00e+00	2.00e-10	5.99e-10	9.98e-10	1.68e-05	3.37e-05	4.18e-29
 7.98057e+15	2.87e-09	6.01e-05	1.67e-02	1.61e-01	8.22e-01	2.33e-06	0.00e+00	2.57e-10	7.71e-10	1.28e-09	2.00e-05	4.01e-05	6.67e-29
 8.11231e+15	3.51e-09	6.89e-05	1.87e-02	1.70e-01	8.11e-01	2.34e-06	0.00e+00	3.14e-10	9.40e-10	1.57e-09	2.29e-05	4.60e-05	9.51e-29
 8.24522e+15	4.37e-09	8.03e-05	2.11e-02	1.81e-01	7.98e-01	2.33e-06	0.00e+00	3.91e-10	1.17e-09	1.95e-09	2.67e-05	5.36e-05	1.45e-28
 8.39130e+15	5.45e-09	9.39e-05	2.40e-02	1.94e-01	7.82e-01	2.33e-06	0.00e+00	4.89e-10	1.46e-09	2.44e-09	3.12e-05	6.27e-05	2.17e-28
 8.52320e+15	6.86e-09	1.10e-04	2.71e-02	2.06e-01	7.67e-01	2.36e-06	0.00e+00	6.16e-10	1.85e-09	3.07e-09	3.66e-05	7.34e-05	3.34e-28
 8.63939e+15	8.39e-09	1.26e-04	3.03e-02	2.18e-01	7.52e-01	2.38e-06	4.23e-12	7.53e-10	2.26e-09	3.76e-09	4.20e-05	8.42e-05	4.84e-28
 8.76649e+15	1.05e-08	1.47e-04	3.43e-02	2.32e-01	7.34e-01	2.39e-06	0.00e+00	9.43e-10	2.83e-09	4.71e-09	4.90e-05	9.82e-05	7.24e-28
 8.90228e+15	1.36e-08	1.76e-04	3.94e-02	2.48e-01	7.12e-01	2.44e-06	0.00e+00	1.23e-09	3.68e-09	6.12e-09	5.86e-05	1.18e-04	1.20e-27
 9.01660e+15	1.70e-08	2.04e-04	4.44e-02	2.62e-01	6.93e-01	2.48e-06	5.12e-12	1.53e-09	4.58e-09	7.62e-09	6.79e-05	1.36e-04	1.78e-27
 9.11430e+15	2.06e-08	2.33e-04	4.92e-02	2.76e-01	6.75e-01	2.52e-06	0.00e+00	1.86e-09	5.57e-09	9.27e-09	7.75e-05	1.55e-04	2.53e-27
 9.22315e+15	2.49e-08	2.66e-04	5.54e-02	2.92e-01	6.52e-01	2.53e-06	5.74e-12	2.25e-09	6.74e-09	1.12e-08	8.84e-05	1.77e-04	3.55e-27
 9.34112e+15	3.20e-08	3.14e-04	6.33e-02	3.11e-01	6.26e-01	2.58e-06	0.00e+00	2.89e-09	8.65e-09	1.44e-08	1.04e-04	2.09e-04	5.55e-27
 9.44211e+15	4.03e-08	3.66e-04	7.13e-02	3.28e-01	6.00e-01	2.65e-06	6.94e-12	3.64e-09	1.09e-08	1.82e-08	1.22e-04	2.44e-04	8.61e-27
 9.52542e+15	5.18e-08	4.31e-04	7.94e-02	3.44e-01	5.76e-01	2.79e-06	0.00e+00	4.68e-09	1.40e-08	2.33e-08	1.43e-04	2.88e-04	1.44e-26
 9.60019e+15	6.19e-08	4.86e-04	8.71e-02	3.59e-01	5.54e-01	2.85e-06	8.86e-12	5.60e-09	1.68e-08	2.79e-08	1.62e-04	3.24e-04	2.02e-26
 9.68299e+15	7.63e-08	5.57e-04	9.69e-02	3.76e-01	5.26e-01	2.92e-06	0.00e+00	6.90e-09	2.07e-08	3.44e-08	1.85e-04	3.71e-04	2.98e-26
 9.77201e+15	9.27e-08	6.35e-04	1.08e-01	3.96e-01	4.95e-01	2.96e-06	1.08e-11	8.39e-09	2.51e-08	4.19e-08	2.11e-04	4.23e-04	4.30e-26
 9.84889e+15	1.21e-07	7.54e-04	1.21e-01	4.14e-01	4.65e-01	3.13e-06	0.00e+00	1.09e-08	3.28e-08	5.46e-08	2.51e-04	5.03e-04	7.61e-26
 9.91108e+15	1.43e-07	8.38e-04	1.31e-01	4.29e-01	4.39e-01	3.22e-06	1.47e-11	1.29e-08	3.87e-08	6.45e-08	2.79e-04	5.59e-04	1.03e-25
 9.97443e+15	1.67e-07	9.31e-04	1.43e-01	4.45e-01	4.11e-01	3.26e-06	0.00e+00	1.52e-08	4.54e-08	7.56e-08	3.10e-04	6.21e-04	1.43e-25
 1.00439e+16	2.05e-07	1.06e-03	1.58e-01	4.63e-01	3.78e-01	3.34e-06	1.85e-11	1.86e-08	5.57e-08	9.27e-08	3.54e-04	7.09e-04	2.17e-25
 1.01039e+16	2.48e-07	1.20e-03	1.72e-01	4.79e-01	3.48e-01	3.44e-06	0.00e+00	2.26e-08	6.76e-08	1.13e-07	4.00e-04	8.02e-04	3.30e-25
 1.01524e+16	3.05e-07	1.37e-03	1.85e-01	4.93e-01	3.21e-01	3.62e-06	2.61e-11	2.77e-08	8.31e-08	1.38e-07	4.57e-04	9.15e-04	5.40e-25
 1.01940e+16	3.47e-07	1.49e-03	1.96e-01	5.04e-01	2.98e-01	3.69e-06	0.00e+00	3.15e-08	9.45e-08	1.57e-07	4.95e-04	9.91e-04	7.04e-25
 1.02391e+16	4.05e-07	1.64e-03	2.09e-01	5.17e-01	2.72e-01	3.72e-06	3.29e-11	3.68e-08	1.10e-07	1.84e-07	5.47e-04	1.10e-03	1.02e-24
 1.02880e+16	4.78e-07	1.82e-03	2.24e-01	5.30e-01	2.44e-01	3.75e-06	0.00e+00	4.35e-08	1.30e-07	2.17e-07	6.07e-04	1.22e-03	1.50e-24
 1.03302e+16	5.39e-07	1.97e-03	2.37e-01	5.41e-01	2.20e-01	3.71e-06	0.00e+00	4.92e-08	1.47e-07	2.45e-07	6.55e-04	1.31e-03	1.96e-24
 1.03631e+16	6.22e-07	2.15e-03	2.48e-01	5.49e-01	2.00e-01	3.77e-06	0.00e+00	5.68e-08	1.70e-07	2.83e-07	7.16e-04	1.43e-03	2.84e-24
 1.03860e+16	6.73e-07	2.26e-03	2.56e-01	5.55e-01	1.87e-01	3.77e-06	5.03e-11	6.14e-08	1.84e-07	3.06e-07	7.52e-04	1.50e-03	3.41e-24
 1.04066e+16	7.15e-07	2.34e-03	2.63e-01	5.60e-01	1.75e-01	3.71e-06	0.00e+00	6.53e-08	1.96e-07	3.26e-07	7.81e-04	1.56e-03	3.95e-24
 1.04333e+16	8.02e-07	2.52e-03	2.72e-01	5.66e-01	1.59e-01	3.63e-06	0.00e+00	7.34e-08	2.20e-07	3.66e-07	8.40e-04	1.68e-03	5.45e-24
 1.04594e+16	8.60e-07	2.63e-03	2.81e-01	5.71e-01	1.45e-01	3.51e-06	0.00e+00	7.88e-08	2.36e-07	3.93e-07	8.76e-04	1.75e-03	6.24e-24
