#depth	N	N+	N+2	N+3	N+4	N+5	N+6	N+7
 1.49634e+10	0.00e+00	0.00e+00	2.65e-33	1.61e-23	1.87e-14	9.92e-05	1.66e-01	8.34e-01
 4.54887e+10	0.00e+00	2.18e-43	3.92e-33	2.21e-23	2.37e-14	1.16e-04	1.77e-01	8.23e-01
 7.72350e+10	0.00e+00	0.00e+00	5.77e-33	3.00e-23	2.98e-14	1.35e-04	1.89e-01	8.11e-01
 1.10251e+11	0.00e+00	5.53e-43	8.49e-33	4.08e-23	3.75e-14	1.57e-04	2.01e-01	7.99e-01
 1.44588e+11	0.00e+00	0.00e+00	1.25e-32	5.54e-23	4.70e-14	1.82e-04	2.14e-01	7.86e-01
 1.78433e+11	0.00e+00	1.36e-42	1.80e-32	7.41e-23	5.83e-14	2.09e-04	2.27e-01	7.73e-01
 2.13631e+11	0.00e+00	0.00e+00	2.59e-32	9.90e-23	7.23e-14	2.41e-04	2.40e-01	7.60e-01
 2.52103e+11	0.00e+00	3.36e-42	3.79e-32	1.34e-22	9.05e-14	2.79e-04	2.55e-01	7.45e-01
 2.86573e+11	0.00e+00	0.00e+00	5.28e-32	1.74e-22	1.10e-13	3.16e-04	2.68e-01	7.32e-01
 3.14947e+11	0.00e+00	6.86e-42	6.86e-32	2.14e-22	1.28e-13	3.49e-04	2.79e-01	7.21e-01
 3.46035e+11	0.00e+00	0.00e+00	9.06e-32	2.67e-22	1.51e-13	3.87e-04	2.90e-01	7.09e-01
 3.85843e+11	0.00e+00	1.46e-41	1.28e-31	3.52e-22	1.85e-13	4.41e-04	3.05e-01	6.94e-01
 4.28016e+11	0.00e+00	0.00e+00	1.83e-31	4.65e-22	2.27e-13	5.04e-04	3.21e-01	6.78e-01
 4.66025e+11	0.00e+00	3.24e-41	2.48e-31	5.92e-22	2.71e-13	5.64e-04	3.35e-01	6.64e-01
 5.07588e+11	0.00e+00	0.00e+00	3.42e-31	7.63e-22	3.26e-13	6.35e-04	3.51e-01	6.49e-01
 5.56665e+11	0.00e+00	7.48e-41	4.95e-31	1.02e-21	4.04e-13	7.28e-04	3.68e-01	6.31e-01
 6.05421e+11	0.00e+00	0.00e+00	7.02e-31	1.35e-21	4.94e-13	8.28e-04	3.86e-01	6.14e-01
 6.48303e+11	0.00e+00	1.64e-40	9.44e-31	1.70e-21	5.86e-13	9.21e-04	4.01e-01	5.99e-01
 6.93637e+11	0.00e+00	0.00e+00	1.28e-30	2.16e-21	6.97e-13	1.03e-03	4.16e-01	5.83e-01
 7.48609e+11	0.00e+00	3.64e-40	1.82e-30	2.85e-21	8.53e-13	1.17e-03	4.34e-01	5.64e-01
 8.02918e+11	0.00e+00	0.00e+00	2.55e-30	3.71e-21	1.03e-12	1.32e-03	4.52e-01	5.47e-01
 8.50264e+11	0.00e+00	7.72e-40	3.38e-30	4.62e-21	1.21e-12	1.45e-03	4.67e-01	5.31e-01
 9.01750e+11	0.00e+00	0.00e+00	4.55e-30	5.83e-21	1.43e-12	1.61e-03	4.83e-01	5.15e-01
 9.64431e+11	0.00e+00	1.69e-39	6.45e-30	7.66e-21	1.75e-12	1.82e-03	5.02e-01	4.96e-01
 1.02748e+12	0.00e+00	0.00e+00	9.03e-30	9.96e-21	2.11e-12	2.04e-03	5.20e-01	4.78e-01
 1.08379e+12	0.00e+00	3.63e-39	1.21e-29	1.25e-20	2.48e-12	2.25e-03	5.36e-01	4.62e-01
 1.14554e+12	0.00e+00	0.00e+00	1.64e-29	1.58e-20	2.94e-12	2.50e-03	5.52e-01	4.45e-01
 1.21901e+12	0.00e+00	8.11e-39	2.33e-29	2.08e-20	3.58e-12	2.81e-03	5.71e-01	4.26e-01
 1.29204e+12	0.00e+00	0.00e+00	3.25e-29	2.70e-20	4.31e-12	3.15e-03	5.89e-01	4.08e-01
 1.35900e+12	0.00e+00	1.75e-38	4.37e-29	3.39e-20	5.08e-12	3.47e-03	6.04e-01	3.92e-01
 1.43376e+12	0.00e+00	0.00e+00	6.02e-29	4.34e-20	6.05e-12	3.85e-03	6.21e-01	3.75e-01
 1.52051e+12	0.00e+00	4.01e-38	8.57e-29	5.71e-20	7.35e-12	4.32e-03	6.39e-01	3.57e-01
 1.60623e+12	0.00e+00	0.00e+00	1.20e-28	7.41e-20	8.83e-12	4.81e-03	6.56e-01	3.39e-01
 1.68381e+12	0.00e+00	8.69e-38	1.61e-28	9.28e-20	1.04e-11	5.28e-03	6.70e-01	3.25e-01
 1.76740e+12	0.00e+00	0.00e+00	2.19e-28	1.17e-19	1.22e-11	5.81e-03	6.85e-01	3.09e-01
 1.86591e+12	0.00e+00	1.94e-37	3.10e-28	1.53e-19	1.47e-11	6.47e-03	7.01e-01	2.92e-01
 1.96282e+12	0.00e+00	0.00e+00	4.30e-28	1.98e-19	1.76e-11	7.16e-03	7.16e-01	2.77e-01
 2.05211e+12	0.00e+00	4.16e-37	5.75e-28	2.47e-19	2.06e-11	7.82e-03	7.29e-01	2.64e-01
 2.13303e+12	0.00e+00	0.00e+00	7.44e-28	3.00e-19	2.36e-11	8.45e-03	7.39e-01	2.52e-01
 2.20750e+12	0.00e+00	7.58e-37	9.35e-28	3.58e-19	2.66e-11	9.06e-03	7.49e-01	2.42e-01
 2.29303e+12	0.00e+00	0.00e+00	1.21e-27	4.37e-19	3.06e-11	9.78e-03	7.59e-01	2.31e-01
 2.40317e+12	0.00e+00	1.55e-36	1.67e-27	5.56e-19	3.61e-11	1.07e-02	7.71e-01	2.18e-01
 2.51652e+12	3.11e-46	2.30e-36	2.30e-27	7.10e-19	4.28e-11	1.18e-02	7.83e-01	2.05e-01
 2.61171e+12	0.00e+00	0.00e+00	2.97e-27	8.64e-19	4.90e-11	1.27e-02	7.92e-01	1.95e-01
 2.71203e+12	0.00e+00	4.41e-36	3.89e-27	1.06e-18	5.65e-11	1.37e-02	8.01e-01	1.85e-01
 2.83908e+12	1.09e-45	6.58e-36	5.38e-27	1.36e-18	6.68e-11	1.51e-02	8.11e-01	1.74e-01
 2.97236e+12	0.00e+00	0.00e+00	7.50e-27	1.75e-18	7.95e-11	1.66e-02	8.21e-01	1.63e-01
 3.09158e+12	0.00e+00	1.42e-35	1.00e-26	2.18e-18	9.24e-11	1.80e-02	8.29e-01	1.53e-01
 3.22100e+12	4.32e-45	2.08e-35	1.36e-26	2.75e-18	1.08e-10	1.96e-02	8.37e-01	1.44e-01
 3.37499e+12	0.00e+00	0.00e+00	1.93e-26	3.58e-18	1.30e-10	2.16e-02	8.45e-01	1.34e-01
 3.51656e+12	0.00e+00	4.77e-35	2.66e-26	4.55e-18	1.53e-10	2.35e-02	8.52e-01	1.25e-01
 3.62860e+12	1.67e-44	6.45e-35	3.39e-26	5.47e-18	1.73e-10	2.51e-02	8.57e-01	1.18e-01
 3.74662e+12	0.00e+00	0.00e+00	4.34e-26	6.59e-18	1.96e-10	2.69e-02	8.61e-01	1.12e-01
 3.90004e+12	0.00e+00	1.30e-34	5.97e-26	8.39e-18	2.31e-10	2.93e-02	8.66e-01	1.04e-01
 4.06127e+12	6.28e-44	1.96e-34	8.29e-26	1.07e-17	2.74e-10	3.20e-02	8.71e-01	9.69e-02
 4.19871e+12	0.00e+00	2.75e-34	1.09e-25	1.32e-17	3.14e-10	3.44e-02	8.75e-01	9.10e-02
 4.34344e+12	1.44e-43	3.91e-34	1.45e-25	1.64e-17	3.63e-10	3.70e-02	8.78e-01	8.53e-02
 4.52872e+12	0.00e+00	6.07e-34	2.06e-25	2.14e-17	4.35e-10	4.06e-02	8.81e-01	7.84e-02
 4.71599e+12	4.09e-43	9.37e-34	2.93e-25	2.78e-17	5.20e-10	4.45e-02	8.83e-01	7.22e-02
 4.86986e+12	0.00e+00	1.33e-33	3.88e-25	3.44e-17	5.99e-10	4.79e-02	8.85e-01	6.74e-02
 5.03102e+12	9.55e-43	1.90e-33	5.18e-25	4.28e-17	6.94e-10	5.16e-02	8.86e-01	6.28e-02
 5.23952e+12	0.00e+00	3.00e-33	7.47e-25	5.65e-17	8.36e-10	5.66e-02	8.86e-01	5.73e-02
 5.44946e+12	2.81e-42	4.68e-33	1.07e-24	7.41e-17	1.00e-09	6.21e-02	8.86e-01	5.24e-02
 5.61744e+12	0.00e+00	6.62e-33	1.42e-24	9.16e-17	1.16e-09	6.67e-02	8.85e-01	4.87e-02
 5.79096e+12	6.46e-42	9.39e-33	1.88e-24	1.13e-16	1.33e-09	7.16e-02	8.83e-01	4.53e-02
 6.01454e+12	0.00e+00	1.46e-32	2.68e-24	1.48e-16	1.60e-09	7.82e-02	8.81e-01	4.13e-02
 6.24822e+12	1.86e-41	2.27e-32	3.84e-24	1.95e-16	1.92e-09	8.56e-02	8.77e-01	3.75e-02
 6.44994e+12	0.00e+00	3.28e-32	5.17e-24	2.44e-16	2.23e-09	9.22e-02	8.73e-01	3.45e-02
 6.64796e+12	4.38e-41	4.65e-32	6.87e-24	3.03e-16	2.58e-09	9.89e-02	8.69e-01	3.19e-02
 6.87402e+12	0.00e+00	6.83e-32	9.40e-24	3.85e-16	3.03e-09	1.07e-01	8.64e-01	2.92e-02
 7.12281e+12	1.13e-40	1.03e-31	1.31e-23	4.95e-16	3.59e-09	1.16e-01	8.58e-01	2.66e-02
 7.37557e+12	0.00e+00	1.53e-31	1.81e-23	6.33e-16	4.23e-09	1.25e-01	8.50e-01	2.42e-02
 7.60452e+12	2.74e-40	2.15e-31	2.39e-23	7.84e-16	4.88e-09	1.34e-01	8.44e-01	2.23e-02
 7.80859e+12	0.00e+00	2.89e-31	3.04e-23	9.42e-16	5.51e-09	1.42e-01	8.37e-01	2.08e-02
 8.04014e+12	5.72e-40	4.00e-31	3.96e-23	1.15e-15	6.31e-09	1.51e-01	8.30e-01	1.92e-02
 8.33868e+12	0.00e+00	5.96e-31	5.49e-23	1.48e-15	7.45e-09	1.63e-01	8.19e-01	1.73e-02
 8.64030e+12	1.46e-39	8.76e-31	7.51e-23	1.88e-15	8.74e-09	1.76e-01	8.08e-01	1.57e-02
 8.88506e+12	0.00e+00	1.18e-30	9.59e-23	2.26e-15	9.89e-09	1.86e-01	7.99e-01	1.45e-02
 9.13990e+12	2.97e-39	1.59e-30	1.22e-22	2.72e-15	1.12e-08	1.97e-01	7.90e-01	1.34e-02
 9.47121e+12	0.00e+00	2.32e-30	1.66e-22	3.44e-15	1.31e-08	2.11e-01	7.77e-01	1.21e-02
 9.81716e+12	7.24e-39	3.37e-30	2.25e-22	4.33e-15	1.52e-08	2.26e-01	7.63e-01	1.09e-02
 1.01103e+13	0.00e+00	4.55e-30	2.88e-22	5.22e-15	1.72e-08	2.38e-01	7.52e-01	1.01e-02
 1.04194e+13	1.49e-38	6.19e-30	3.69e-22	6.32e-15	1.95e-08	2.51e-01	7.39e-01	9.22e-03
 1.08210e+13	0.00e+00	9.06e-30	5.04e-22	8.00e-15	2.28e-08	2.69e-01	7.23e-01	8.26e-03
 1.12351e+13	3.68e-38	1.32e-29	6.84e-22	1.01e-14	2.65e-08	2.86e-01	7.06e-01	7.40e-03
 1.15798e+13	0.00e+00	1.78e-29	8.71e-22	1.21e-14	2.99e-08	3.01e-01	6.92e-01	6.77e-03
 1.19419e+13	7.53e-38	2.40e-29	1.11e-21	1.46e-14	3.37e-08	3.16e-01	6.77e-01	6.17e-03
 1.24045e+13	0.00e+00	3.48e-29	1.50e-21	1.83e-14	3.90e-08	3.36e-01	6.59e-01	5.50e-03
 1.28855e+13	1.81e-37	5.02e-29	2.02e-21	2.29e-14	4.51e-08	3.56e-01	6.39e-01	4.90e-03
 1.32997e+13	0.00e+00	6.79e-29	2.58e-21	2.76e-14	5.08e-08	3.73e-01	6.23e-01	4.44e-03
 1.37391e+13	3.76e-37	9.24e-29	3.32e-21	3.33e-14	5.73e-08	3.90e-01	6.06e-01	4.01e-03
 1.42326e+13	0.00e+00	1.29e-28	4.34e-21	4.07e-14	6.52e-08	4.10e-01	5.87e-01	3.59e-03
 1.47159e+13	8.13e-37	1.76e-28	5.59e-21	4.93e-14	7.36e-08	4.28e-01	5.68e-01	3.22e-03
 1.51524e+13	0.00e+00	2.31e-28	6.96e-21	5.81e-14	8.17e-08	4.45e-01	5.52e-01	2.93e-03
 1.55209e+13	1.47e-36	2.89e-28	8.33e-21	6.65e-14	8.89e-08	4.58e-01	5.39e-01	2.71e-03
 1.59123e+13	0.00e+00	3.63e-28	1.00e-20	7.63e-14	9.70e-08	4.72e-01	5.25e-01	2.49e-03
 1.64212e+13	2.72e-36	4.84e-28	1.26e-20	9.08e-14	1.08e-07	4.90e-01	5.07e-01	2.24e-03
 1.69457e+13	0.00e+00	6.45e-28	1.59e-20	1.08e-13	1.21e-07	5.09e-01	4.89e-01	2.01e-03
 1.73802e+13	5.04e-36	8.10e-28	1.92e-20	1.24e-13	1.31e-07	5.23e-01	4.75e-01	1.85e-03
 1.78347e+13	0.00e+00	1.02e-27	2.31e-20	1.43e-13	1.43e-07	5.38e-01	4.61e-01	1.69e-03
 1.84255e+13	9.41e-36	1.37e-27	2.92e-20	1.70e-13	1.60e-07	5.56e-01	4.42e-01	1.50e-03
 1.90413e+13	0.00e+00	1.83e-27	3.70e-20	2.03e-13	1.78e-07	5.75e-01	4.24e-01	1.34e-03
 1.95623e+13	1.77e-35	2.33e-27	4.49e-20	2.34e-13	1.95e-07	5.90e-01	4.08e-01	1.21e-03
 2.01124e+13	0.00e+00	2.97e-27	5.46e-20	2.71e-13	2.13e-07	6.06e-01	3.93e-01	1.09e-03
 2.08276e+13	3.41e-35	4.02e-27	6.98e-20	3.26e-13	2.39e-07	6.25e-01	3.74e-01	9.60e-04
 2.15731e+13	0.00e+00	5.46e-27	8.94e-20	3.93e-13	2.67e-07	6.44e-01	3.55e-01	8.39e-04
 2.22060e+13	6.59e-35	6.99e-27	1.09e-19	4.57e-13	2.93e-07	6.60e-01	3.40e-01	7.50e-04
 2.28765e+13	0.00e+00	9.01e-27	1.34e-19	5.33e-13	3.22e-07	6.75e-01	3.24e-01	6.68e-04
 2.37355e+13	1.29e-34	1.23e-26	1.73e-19	6.45e-13	3.61e-07	6.94e-01	3.05e-01	5.77e-04
 2.46350e+13	0.00e+00	1.68e-26	2.23e-19	7.81e-13	4.05e-07	7.13e-01	2.87e-01	4.96e-04
 2.54255e+13	2.55e-34	2.18e-26	2.76e-19	9.17e-13	4.47e-07	7.28e-01	2.72e-01	4.36e-04
 2.61672e+13	3.37e-34	2.76e-26	3.35e-19	1.06e-12	4.88e-07	7.41e-01	2.58e-01	3.87e-04
 2.70197e+13	4.59e-34	3.59e-26	4.14e-19	1.25e-12	5.37e-07	7.56e-01	2.44e-01	3.38e-04
 2.79799e+13	6.40e-34	4.75e-26	5.22e-19	1.48e-12	5.97e-07	7.71e-01	2.29e-01	2.91e-04
 2.87814e+13	8.34e-34	5.95e-26	6.27e-19	1.71e-12	6.50e-07	7.83e-01	2.17e-01	2.58e-04
 2.93852e+13	1.01e-33	7.01e-26	7.18e-19	1.89e-12	6.90e-07	7.91e-01	2.08e-01	2.36e-04
 3.00308e+13	1.24e-33	8.32e-26	8.26e-19	2.10e-12	7.36e-07	8.00e-01	2.00e-01	2.15e-04
 3.08701e+13	1.60e-33	1.03e-25	9.86e-19	2.41e-12	7.97e-07	8.10e-01	1.89e-01	1.90e-04
 3.17889e+13	2.09e-33	1.29e-25	1.19e-18	2.77e-12	8.67e-07	8.21e-01	1.79e-01	1.67e-04
 3.26269e+13	2.65e-33	1.58e-25	1.40e-18	3.14e-12	9.34e-07	8.30e-01	1.70e-01	1.49e-04
 3.35321e+13	3.39e-33	1.95e-25	1.66e-18	3.57e-12	1.01e-06	8.39e-01	1.61e-01	1.33e-04
 3.47089e+13	4.63e-33	2.53e-25	2.06e-18	4.20e-12	1.11e-06	8.50e-01	1.50e-01	1.14e-04
 3.59071e+13	6.27e-33	3.27e-25	2.54e-18	4.92e-12	1.22e-06	8.60e-01	1.40e-01	9.84e-05
 3.68849e+13	8.00e-33	4.01e-25	3.00e-18	5.56e-12	1.31e-06	8.67e-01	1.33e-01	8.76e-05
 3.79078e+13	1.02e-32	4.94e-25	3.54e-18	6.29e-12	1.40e-06	8.74e-01	1.26e-01	7.79e-05
 3.92374e+13	1.40e-32	6.40e-25	4.37e-18	7.34e-12	1.53e-06	8.83e-01	1.17e-01	6.72e-05
 4.06705e+13	1.93e-32	8.39e-25	5.43e-18	8.62e-12	1.68e-06	8.91e-01	1.09e-01	5.76e-05
 4.19648e+13	2.56e-32	1.06e-24	6.57e-18	9.89e-12	1.82e-06	8.98e-01	1.02e-01	5.04e-05
 4.33740e+13	3.48e-32	1.37e-24	8.02e-18	1.14e-11	1.97e-06	9.04e-01	9.60e-02	4.40e-05
 4.50689e+13	4.94e-32	1.83e-24	1.01e-17	1.35e-11	2.16e-06	9.11e-01	8.89e-02	3.74e-05
 4.68098e+13	7.04e-32	2.44e-24	1.27e-17	1.58e-11	2.36e-06	9.17e-01	8.25e-02	3.20e-05
 4.82623e+13	9.32e-32	3.08e-24	1.52e-17	1.80e-11	2.53e-06	9.22e-01	7.76e-02	2.82e-05
 4.94404e+13	1.17e-31	3.71e-24	1.76e-17	2.00e-11	2.68e-06	9.26e-01	7.40e-02	2.55e-05
 5.07469e+13	1.49e-31	4.53e-24	2.06e-17	2.23e-11	2.84e-06	9.30e-01	7.03e-02	2.30e-05
 5.24453e+13	2.04e-31	5.85e-24	2.51e-17	2.56e-11	3.06e-06	9.34e-01	6.60e-02	2.01e-05
 5.42398e+13	2.80e-31	7.57e-24	3.06e-17	2.94e-11	3.30e-06	9.38e-01	6.17e-02	1.75e-05
 5.57874e+13	3.67e-31	9.42e-24	3.63e-17	3.31e-11	3.51e-06	9.42e-01	5.84e-02	1.57e-05
 5.74275e+13	4.85e-31	1.18e-23	4.32e-17	3.73e-11	3.74e-06	9.45e-01	5.53e-02	1.39e-05
 5.95366e+13	6.87e-31	1.57e-23	5.36e-17	4.32e-11	4.04e-06	9.48e-01	5.15e-02	1.21e-05
 6.17475e+13	9.79e-31	2.09e-23	6.67e-17	5.02e-11	4.37e-06	9.52e-01	4.80e-02	1.05e-05
 6.36811e+13	1.32e-30	2.65e-23	8.01e-17	5.69e-11	4.67e-06	9.55e-01	4.52e-02	9.24e-06
 6.57622e+13	1.80e-30	3.42e-23	9.72e-17	6.49e-11	4.99e-06	9.57e-01	4.25e-02	8.14e-06
 6.82923e+13	2.61e-30	4.61e-23	1.22e-16	7.56e-11	5.40e-06	9.60e-01	3.95e-02	7.02e-06
 7.08429e+13	3.71e-30	6.12e-23	1.52e-16	8.78e-11	5.84e-06	9.63e-01	3.68e-02	6.06e-06
 7.31306e+13	5.07e-30	7.87e-23	1.83e-16	9.99e-11	6.24e-06	9.65e-01	3.46e-02	5.35e-06
 7.56395e+13	7.06e-30	1.03e-22	2.25e-16	1.14e-10	6.69e-06	9.68e-01	3.24e-02	4.68e-06
 7.86137e+13	1.03e-29	1.40e-22	2.83e-16	1.34e-10	7.24e-06	9.70e-01	3.01e-02	4.02e-06
 8.15663e+13	1.47e-29	1.86e-22	3.53e-16	1.55e-10	7.82e-06	9.72e-01	2.80e-02	3.47e-06
 8.41533e+13	2.00e-29	2.38e-22	4.25e-16	1.76e-10	8.34e-06	9.74e-01	2.63e-02	3.07e-06
 8.68911e+13	2.75e-29	3.07e-22	5.15e-16	2.00e-10	8.90e-06	9.75e-01	2.47e-02	2.71e-06
 8.99697e+13	3.83e-29	4.02e-22	6.33e-16	2.31e-10	9.58e-06	9.77e-01	2.31e-02	2.35e-06
 9.28938e+13	5.26e-29	5.18e-22	7.67e-16	2.62e-10	1.02e-05	9.78e-01	2.17e-02	2.07e-06
 9.55536e+13	6.84e-29	6.42e-22	9.07e-16	2.94e-10	1.09e-05	9.80e-01	2.05e-02	1.84e-06
 9.79804e+13	8.75e-29	7.83e-22	1.05e-15	3.25e-10	1.14e-05	9.81e-01	1.95e-02	1.67e-06
 1.00648e+14	1.14e-28	9.68e-22	1.24e-15	3.63e-10	1.21e-05	9.82e-01	1.85e-02	1.50e-06
 1.04115e+14	1.57e-28	1.26e-21	1.51e-15	4.16e-10	1.30e-05	9.83e-01	1.73e-02	1.31e-06
 1.07601e+14	2.17e-28	1.63e-21	1.84e-15	4.75e-10	1.39e-05	9.84e-01	1.62e-02	1.15e-06
 1.10385e+14	2.75e-28	1.98e-21	2.14e-15	5.27e-10	1.46e-05	9.85e-01	1.53e-02	1.03e-06
 1.13279e+14	3.52e-28	2.42e-21	2.50e-15	5.85e-10	1.54e-05	9.85e-01	1.46e-02	9.29e-07
 1.17040e+14	4.79e-28	3.11e-21	3.03e-15	6.68e-10	1.65e-05	9.86e-01	1.36e-02	0.00e+00
 1.20978e+14	6.63e-28	4.03e-21	3.70e-15	7.63e-10	1.77e-05	9.87e-01	1.27e-02	0.00e+00
 1.24366e+14	8.52e-28	4.96e-21	4.35e-15	8.54e-10	1.88e-05	9.88e-01	1.20e-02	0.00e+00
 1.27993e+14	1.12e-27	6.19e-21	5.16e-15	9.59e-10	1.99e-05	9.89e-01	1.14e-02	0.00e+00
 1.32659e+14	1.57e-27	8.14e-21	6.38e-15	1.11e-09	2.15e-05	9.89e-01	1.05e-02	0.00e+00
 1.37433e+14	2.20e-27	1.07e-20	7.87e-15	1.28e-09	2.31e-05	9.90e-01	9.81e-03	0.00e+00
 1.41459e+14	2.84e-27	1.32e-20	9.32e-15	1.44e-09	2.46e-05	9.91e-01	9.22e-03	0.00e+00
 1.45757e+14	3.77e-27	1.67e-20	1.11e-14	1.63e-09	2.62e-05	9.91e-01	8.68e-03	0.00e+00
 1.51165e+14	5.34e-27	2.21e-20	1.38e-14	1.88e-09	2.83e-05	9.92e-01	8.05e-03	0.00e+00
 1.56780e+14	7.38e-27	2.89e-20	1.71e-14	2.19e-09	3.06e-05	9.93e-01	7.45e-03	0.00e+00
 1.61718e+14	9.86e-27	3.66e-20	2.06e-14	2.48e-09	3.27e-05	9.93e-01	6.99e-03	0.00e+00
 1.67013e+14	1.34e-26	4.69e-20	2.49e-14	2.82e-09	3.50e-05	9.93e-01	6.54e-03	0.00e+00
 1.73421e+14	1.86e-26	6.18e-20	3.10e-14	3.29e-09	3.79e-05	9.94e-01	6.04e-03	0.00e+00
 1.79802e+14	2.61e-26	8.14e-20	3.85e-14	3.81e-09	4.09e-05	9.94e-01	5.60e-03	0.00e+00
 1.85541e+14	3.51e-26	1.04e-19	4.63e-14	4.33e-09	4.37e-05	9.95e-01	5.25e-03	0.00e+00
 1.91915e+14	4.78e-26	1.34e-19	5.65e-14	4.96e-09	4.69e-05	9.95e-01	4.89e-03	0.00e+00
 1.99444e+14	6.70e-26	1.77e-19	7.09e-14	5.80e-09	5.09e-05	9.95e-01	4.51e-03	0.00e+00
 2.06153e+14	9.08e-26	2.27e-19	8.62e-14	6.63e-09	5.46e-05	9.96e-01	4.21e-03	0.00e+00
 2.11358e+14	1.14e-25	2.74e-19	9.99e-14	7.33e-09	5.75e-05	9.96e-01	4.00e-03	0.00e+00
 2.16927e+14	1.45e-25	3.33e-19	1.16e-13	8.14e-09	6.07e-05	9.96e-01	3.79e-03	0.00e+00
 2.24168e+14	1.98e-25	4.30e-19	1.42e-13	9.30e-09	6.50e-05	9.96e-01	3.54e-03	0.00e+00
 2.31480e+14	2.61e-25	5.42e-19	1.71e-13	1.06e-08	6.96e-05	9.97e-01	3.31e-03	0.00e+00
 2.37273e+14	3.29e-25	6.54e-19	1.98e-13	1.17e-08	7.32e-05	9.97e-01	3.15e-03	0.00e+00
 2.43191e+14	4.13e-25	7.89e-19	2.29e-13	1.29e-08	7.71e-05	9.97e-01	2.99e-03	0.00e+00
 2.50884e+14	5.56e-25	1.00e-18	2.76e-13	1.46e-08	8.22e-05	9.97e-01	2.81e-03	0.00e+00
 2.59073e+14	7.34e-25	1.27e-18	3.33e-13	1.67e-08	8.79e-05	9.97e-01	2.62e-03	0.00e+00
 2.66194e+14	9.45e-25	1.56e-18	3.92e-13	1.86e-08	9.29e-05	9.97e-01	2.48e-03	0.00e+00
 2.73738e+14	1.23e-24	1.93e-18	4.62e-13	2.08e-08	9.84e-05	9.98e-01	2.35e-03	0.00e+00
 2.83544e+14	1.72e-24	2.54e-18	5.70e-13	2.39e-08	1.06e-04	9.98e-01	2.18e-03	0.00e+00
 2.93717e+14	2.34e-24	3.29e-18	7.03e-13	2.76e-08	1.14e-04	9.98e-01	2.03e-03	0.00e+00
 3.02265e+14	3.07e-24	4.10e-18	8.35e-13	3.09e-08	1.20e-04	9.98e-01	1.92e-03	0.00e+00
 3.11276e+14	4.08e-24	5.16e-18	9.94e-13	3.48e-08	1.28e-04	9.98e-01	1.81e-03	0.00e+00
 3.22712e+14	5.71e-24	6.80e-18	1.23e-12	4.02e-08	1.37e-04	9.98e-01	1.68e-03	0.00e+00
 3.34775e+14	7.90e-24	8.91e-18	1.53e-12	4.65e-08	1.48e-04	9.98e-01	1.55e-03	0.00e+00
 3.45577e+14	1.07e-23	1.14e-17	1.86e-12	5.28e-08	1.58e-04	9.98e-01	1.46e-03	0.00e+00
 3.57267e+14	1.47e-23	1.48e-17	2.26e-12	6.03e-08	1.69e-04	9.98e-01	1.36e-03	0.00e+00
 3.71166e+14	2.06e-23	1.96e-17	2.84e-12	7.03e-08	1.82e-04	9.99e-01	1.26e-03	0.00e+00
 3.84936e+14	2.92e-23	2.60e-17	3.54e-12	8.13e-08	1.96e-04	9.99e-01	1.17e-03	0.00e+00
 3.97647e+14	3.99e-23	3.35e-17	4.30e-12	9.25e-08	2.09e-04	9.99e-01	1.10e-03	0.00e+00
 4.11973e+14	5.55e-23	4.39e-17	5.31e-12	1.07e-07	2.24e-04	9.99e-01	1.02e-03	0.00e+00
 4.25842e+14	7.43e-23	5.60e-17	6.47e-12	1.22e-07	2.40e-04	9.99e-01	9.58e-04	0.00e+00
 4.36049e+14	9.39e-23	6.77e-17	7.46e-12	1.34e-07	2.51e-04	9.99e-01	9.15e-04	0.00e+00
 4.46237e+14	1.15e-22	8.01e-17	8.56e-12	1.47e-07	2.63e-04	9.99e-01	8.73e-04	0.00e+00
 4.59482e+14	1.52e-22	1.01e-16	1.02e-11	1.65e-07	2.79e-04	9.99e-01	8.24e-04	0.00e+00
 4.73931e+14	2.04e-22	1.28e-16	1.23e-11	1.86e-07	2.96e-04	9.99e-01	7.75e-04	0.00e+00
 4.87011e+14	2.62e-22	1.57e-16	1.45e-11	2.08e-07	3.13e-04	9.99e-01	7.34e-04	0.00e+00
 5.01078e+14	3.37e-22	1.94e-16	1.71e-11	2.33e-07	3.31e-04	9.99e-01	6.93e-04	0.00e+00
 5.16977e+14	4.56e-22	2.48e-16	2.07e-11	2.63e-07	3.52e-04	9.99e-01	6.51e-04	0.00e+00
 5.32235e+14	5.88e-22	3.07e-16	2.46e-11	2.96e-07	3.74e-04	9.99e-01	6.14e-04	0.00e+00
 5.46843e+14	7.64e-22	3.79e-16	2.89e-11	3.30e-07	3.94e-04	9.99e-01	5.82e-04	0.00e+00
 5.63629e+14	1.00e-21	4.76e-16	3.47e-11	3.72e-07	4.19e-04	9.99e-01	5.48e-04	0.00e+00
 5.84594e+14	1.41e-21	6.29e-16	4.31e-11	4.30e-07	4.50e-04	9.99e-01	5.09e-04	0.00e+00
 6.05711e+14	1.92e-21	8.17e-16	5.33e-11	4.96e-07	4.84e-04	9.99e-01	4.73e-04	0.00e+00
 6.23766e+14	2.54e-21	1.02e-15	6.35e-11	5.58e-07	5.13e-04	9.99e-01	4.47e-04	0.00e+00
 6.43122e+14	3.34e-21	1.29e-15	7.62e-11	6.31e-07	5.46e-04	9.99e-01	4.19e-04	0.00e+00
 6.67158e+14	4.62e-21	1.69e-15	9.48e-11	7.30e-07	5.88e-04	9.99e-01	3.89e-04	0.00e+00
 6.91611e+14	6.44e-21	2.22e-15	1.18e-10	8.44e-07	6.33e-04	9.99e-01	3.62e-04	0.00e+00
 7.12997e+14	8.48e-21	2.79e-15	1.41e-10	9.53e-07	6.73e-04	9.99e-01	3.40e-04	0.00e+00
 7.36065e+14	1.12e-20	3.52e-15	1.70e-10	1.08e-06	7.18e-04	9.99e-01	3.19e-04	0.00e+00
 7.64101e+14	1.58e-20	4.66e-15	2.13e-10	1.26e-06	7.74e-04	9.99e-01	2.95e-04	0.00e+00
 7.92173e+14	2.16e-20	6.08e-15	2.64e-10	1.45e-06	8.34e-04	9.99e-01	2.74e-04	0.00e+00
 8.17023e+14	2.85e-20	7.64e-15	3.17e-10	1.65e-06	8.89e-04	9.99e-01	2.57e-04	0.00e+00
 8.44102e+14	3.81e-20	9.74e-15	3.84e-10	1.88e-06	9.51e-04	9.99e-01	2.40e-04	0.00e+00
 8.76611e+14	5.29e-20	1.28e-14	4.81e-10	2.19e-06	1.03e-03	9.99e-01	2.22e-04	0.00e+00
 9.07244e+14	7.16e-20	1.65e-14	5.89e-10	2.51e-06	1.10e-03	9.99e-01	2.07e-04	0.00e+00
 9.31691e+14	9.05e-20	2.01e-14	6.90e-10	2.79e-06	1.17e-03	9.99e-01	1.96e-04	0.00e+00
 9.53210e+14	1.10e-19	2.37e-14	7.89e-10	3.06e-06	1.22e-03	9.99e-01	1.86e-04	0.00e+00
 9.77365e+14	1.37e-19	2.85e-14	9.15e-10	3.39e-06	1.29e-03	9.99e-01	1.77e-04	0.00e+00
 1.00877e+15	1.80e-19	3.58e-14	1.10e-09	3.85e-06	1.38e-03	9.98e-01	1.65e-04	0.00e+00
 1.04071e+15	2.36e-19	4.49e-14	1.33e-09	4.36e-06	1.47e-03	9.98e-01	1.55e-04	0.00e+00
 1.06658e+15	2.92e-19	5.38e-14	1.53e-09	4.82e-06	1.55e-03	9.98e-01	1.47e-04	0.00e+00
 1.09345e+15	3.62e-19	6.44e-14	1.77e-09	5.33e-06	1.63e-03	9.98e-01	1.40e-04	0.00e+00
 1.12838e+15	4.76e-19	8.11e-14	2.14e-09	6.05e-06	1.74e-03	9.98e-01	1.30e-04	0.00e+00
 1.16485e+15	6.27e-19	1.02e-13	2.58e-09	6.88e-06	1.87e-03	9.98e-01	1.22e-04	0.00e+00
 1.19571e+15	7.88e-19	1.24e-13	3.01e-09	7.64e-06	1.97e-03	9.98e-01	1.15e-04	0.00e+00
 1.22821e+15	9.84e-19	1.49e-13	3.52e-09	8.52e-06	2.09e-03	9.98e-01	1.09e-04	0.00e+00
 1.27047e+15	1.32e-18	1.91e-13	4.29e-09	9.77e-06	2.24e-03	9.98e-01	1.01e-04	0.00e+00
 1.31429e+15	1.76e-18	2.44e-13	5.24e-09	1.12e-05	2.41e-03	9.97e-01	9.42e-05	0.00e+00
 1.35135e+15	2.24e-18	2.98e-13	6.17e-09	1.25e-05	2.56e-03	9.97e-01	8.88e-05	0.00e+00
 1.39070e+15	2.85e-18	3.66e-13	7.30e-09	1.41e-05	2.72e-03	9.97e-01	8.34e-05	0.00e+00
 1.44122e+15	3.92e-18	4.77e-13	9.00e-09	1.62e-05	2.93e-03	9.97e-01	7.72e-05	0.00e+00
 1.49401e+15	5.25e-18	6.13e-13	1.11e-08	1.88e-05	3.17e-03	9.97e-01	7.15e-05	0.00e+00
 1.54024e+15	6.94e-18	7.71e-13	1.33e-08	2.12e-05	3.38e-03	9.97e-01	6.68e-05	0.00e+00
 1.59019e+15	8.98e-18	9.63e-13	1.60e-08	2.41e-05	3.62e-03	9.96e-01	6.24e-05	0.00e+00
 1.65081e+15	1.26e-17	1.27e-12	2.00e-08	2.81e-05	3.93e-03	9.96e-01	5.75e-05	0.00e+00
 1.71164e+15	1.67e-17	1.63e-12	2.47e-08	3.25e-05	4.24e-03	9.96e-01	5.31e-05	0.00e+00
 1.75838e+15	2.11e-17	1.98e-12	2.89e-08	3.62e-05	4.50e-03	9.95e-01	5.01e-05	0.00e+00
 1.79311e+15	2.54e-17	2.30e-12	3.24e-08	3.92e-05	4.69e-03	9.95e-01	4.79e-05	0.00e+00
 1.83090e+15	3.03e-17	2.67e-12	3.66e-08	4.26e-05	4.91e-03	9.95e-01	4.58e-05	0.00e+00
 1.88002e+15	3.78e-17	3.22e-12	4.27e-08	4.75e-05	5.20e-03	9.95e-01	4.32e-05	0.00e+00
 1.93396e+15	4.79e-17	3.94e-12	5.03e-08	5.32e-05	5.53e-03	9.94e-01	4.06e-05	0.00e+00
 1.98299e+15	5.95e-17	4.73e-12	5.83e-08	5.89e-05	5.84e-03	9.94e-01	3.84e-05	0.00e+00
 2.03559e+15	7.30e-17	5.65e-12	6.79e-08	6.54e-05	6.18e-03	9.94e-01	3.62e-05	0.00e+00
 2.09500e+15	9.49e-17	7.01e-12	8.04e-08	7.35e-05	6.59e-03	9.93e-01	3.39e-05	0.00e+00
 2.15092e+15	1.16e-16	8.37e-12	9.37e-08	8.18e-05	6.98e-03	9.93e-01	3.20e-05	0.00e+00
 2.20339e+15	2.28e-16	9.93e-12	1.08e-07	9.01e-05	7.36e-03	9.93e-01	3.03e-05	0.00e+00
 2.26373e+15	2.03e-16	1.22e-11	1.26e-07	1.01e-04	7.82e-03	9.92e-01	2.85e-05	0.00e+00
 2.34217e+15	2.67e-16	1.54e-11	1.54e-07	1.15e-04	8.44e-03	9.91e-01	2.64e-05	0.00e+00
 2.42131e+15	3.53e-16	1.95e-11	1.87e-07	1.32e-04	9.09e-03	9.91e-01	2.45e-05	0.00e+00
 2.48430e+15	4.39e-16	2.34e-11	2.17e-07	1.46e-04	9.62e-03	9.90e-01	2.31e-05	0.00e+00
 2.54912e+15	5.44e-16	2.81e-11	2.52e-07	1.62e-04	1.02e-02	9.90e-01	2.17e-05	0.00e+00
 2.63338e+15	7.18e-16	3.54e-11	3.05e-07	1.85e-04	1.10e-02	9.89e-01	2.02e-05	0.00e+00
 2.72358e+15	9.37e-16	4.46e-11	3.71e-07	2.12e-04	1.18e-02	9.88e-01	1.86e-05	0.00e+00
 2.80340e+15	1.17e-15	5.41e-11	4.39e-07	2.38e-04	1.26e-02	9.87e-01	1.74e-05	0.00e+00
 2.88909e+15	1.54e-15	6.78e-11	5.24e-07	2.69e-04	1.35e-02	9.86e-01	1.63e-05	0.00e+00
 2.99629e+15	2.08e-15	8.76e-11	6.48e-07	3.12e-04	1.47e-02	9.85e-01	1.50e-05	0.00e+00
 3.10625e+15	2.80e-15	1.13e-10	8.01e-07	3.60e-04	1.60e-02	9.84e-01	1.39e-05	0.00e+00
 3.20215e+15	3.48e-15	1.38e-10	9.57e-07	4.07e-04	1.71e-02	9.82e-01	1.30e-05	0.00e+00
 3.30500e+15	4.71e-15	1.75e-10	1.15e-06	4.63e-04	1.84e-02	9.81e-01	1.21e-05	0.00e+00
 3.40725e+15	6.03e-15	2.17e-10	1.38e-06	5.23e-04	1.98e-02	9.80e-01	1.13e-05	0.00e+00
 3.48492e+15	7.28e-15	2.55e-10	1.58e-06	5.72e-04	2.08e-02	9.79e-01	1.08e-05	0.00e+00
 3.56208e+15	8.63e-15	2.96e-10	1.79e-06	6.25e-04	2.18e-02	9.78e-01	1.03e-05	0.00e+00
 3.66240e+15	1.08e-14	3.60e-10	2.11e-06	6.99e-04	2.33e-02	9.76e-01	9.69e-06	0.00e+00
 3.76868e+15	1.36e-14	4.40e-10	2.50e-06	7.84e-04	2.49e-02	9.74e-01	9.11e-06	0.00e+00
 3.86001e+15	1.70e-14	5.28e-10	2.89e-06	8.64e-04	2.63e-02	9.73e-01	8.68e-06	0.00e+00
 3.95604e+15	2.02e-14	6.21e-10	3.34e-06	9.53e-04	2.78e-02	9.71e-01	8.24e-06	0.00e+00
 4.08086e+15	2.70e-14	7.87e-10	4.03e-06	1.08e-03	2.99e-02	9.69e-01	7.72e-06	0.00e+00
 4.20774e+15	3.44e-14	9.75e-10	4.84e-06	1.22e-03	3.20e-02	9.67e-01	7.25e-06	0.00e+00
 4.31026e+15	4.23e-14	1.16e-09	5.59e-06	1.35e-03	3.38e-02	9.65e-01	6.91e-06	0.00e+00
 4.41653e+15	5.08e-14	1.37e-09	6.47e-06	1.48e-03	3.58e-02	9.63e-01	6.58e-06	0.00e+00
 4.55468e+15	6.82e-14	1.75e-09	7.81e-06	1.68e-03	3.84e-02	9.60e-01	6.20e-06	0.00e+00
 4.69960e+15	8.84e-14	2.19e-09	9.44e-06	1.91e-03	4.13e-02	9.57e-01	5.84e-06	0.00e+00
 4.82379e+15	1.09e-13	2.64e-09	1.10e-05	2.12e-03	4.37e-02	9.54e-01	5.56e-06	0.00e+00
 4.95572e+15	1.39e-13	3.24e-09	1.30e-05	2.36e-03	4.65e-02	9.51e-01	5.30e-06	0.00e+00
 5.12722e+15	1.82e-13	4.12e-09	1.60e-05	2.70e-03	5.02e-02	9.47e-01	4.98e-06	0.00e+00
 5.30683e+15	2.47e-13	5.35e-09	1.98e-05	3.11e-03	5.43e-02	9.43e-01	4.70e-06	0.00e+00
 5.46080e+15	3.07e-13	6.52e-09	2.36e-05	3.48e-03	5.78e-02	9.39e-01	4.48e-06	0.00e+00
 5.62477e+15	4.11e-13	8.28e-09	2.84e-05	3.93e-03	6.19e-02	9.34e-01	4.28e-06	0.00e+00
 5.83182e+15	5.63e-13	1.09e-08	3.55e-05	4.54e-03	6.71e-02	9.28e-01	4.05e-06	0.00e+00
 6.01909e+15	7.12e-13	1.35e-08	4.30e-05	5.15e-03	7.18e-02	9.23e-01	3.86e-06	0.00e+00
 6.14304e+15	8.73e-13	1.60e-08	4.88e-05	5.59e-03	7.52e-02	9.19e-01	3.76e-06	0.00e+00
 6.26044e+15	1.05e-12	1.86e-08	5.50e-05	6.04e-03	7.85e-02	9.15e-01	3.67e-06	0.00e+00
 6.41306e+15	1.25e-12	2.19e-08	6.38e-05	6.65e-03	8.26e-02	9.11e-01	3.55e-06	0.00e+00
 6.61146e+15	1.70e-12	2.82e-08	7.75e-05	7.53e-03	8.85e-02	9.04e-01	3.43e-06	0.00e+00
 6.80991e+15	2.13e-12	3.46e-08	9.29e-05	8.46e-03	9.41e-02	8.97e-01	3.30e-06	0.00e+00
 6.96409e+15	2.59e-12	4.11e-08	1.07e-04	9.26e-03	9.88e-02	8.92e-01	3.23e-06	0.00e+00
 7.12015e+15	3.28e-12	4.98e-08	1.23e-04	1.01e-02	1.04e-01	8.86e-01	3.16e-06	0.00e+00
 7.32303e+15	4.09e-12	6.08e-08	1.47e-04	1.13e-02	1.10e-01	8.78e-01	3.07e-06	0.00e+00
 7.53890e+15	5.54e-12	7.79e-08	1.77e-04	1.28e-02	1.17e-01	8.70e-01	3.00e-06	0.00e+00
 7.72314e+15	6.91e-12	9.41e-08	2.06e-04	1.41e-02	1.23e-01	8.62e-01	2.95e-06	0.00e+00
 7.91415e+15	8.61e-12	1.14e-07	2.41e-04	1.55e-02	1.30e-01	8.54e-01	2.88e-06	0.00e+00
 8.16246e+15	1.10e-11	1.42e-07	2.92e-04	1.76e-02	1.38e-01	8.44e-01	2.81e-06	0.00e+00
 8.41904e+15	1.53e-11	1.86e-07	3.57e-04	1.99e-02	1.48e-01	8.32e-01	2.76e-06	0.00e+00
 8.62907e+15	1.92e-11	2.26e-07	4.17e-04	2.20e-02	1.55e-01	8.22e-01	2.72e-06	0.00e+00
 8.84483e+15	2.44e-11	2.76e-07	4.90e-04	2.43e-02	1.63e-01	8.12e-01	2.69e-06	0.00e+00
 9.12531e+15	3.23e-11	3.51e-07	5.98e-04	2.75e-02	1.74e-01	7.98e-01	2.63e-06	0.00e+00
 9.41281e+15	4.36e-11	4.53e-07	7.30e-04	3.12e-02	1.85e-01	7.83e-01	2.59e-06	0.00e+00
 9.65340e+15	5.57e-11	5.57e-07	8.60e-04	3.45e-02	1.94e-01	7.70e-01	2.57e-06	0.00e+00
 9.91017e+15	7.16e-11	6.89e-07	1.02e-03	3.84e-02	2.04e-01	7.56e-01	2.53e-06	0.00e+00
 1.02440e+16	9.47e-11	8.82e-07	1.26e-03	4.37e-02	2.17e-01	7.38e-01	2.48e-06	0.00e+00
 1.05749e+16	1.35e-10	1.18e-06	1.56e-03	4.97e-02	2.30e-01	7.18e-01	2.46e-06	0.00e+00
 1.08273e+16	1.70e-10	1.43e-06	1.82e-03	5.46e-02	2.40e-01	7.03e-01	2.44e-06	0.00e+00
 1.10452e+16	2.06e-10	1.69e-06	2.07e-03	5.91e-02	2.49e-01	6.90e-01	2.42e-06	0.00e+00
 1.12936e+16	2.57e-10	2.03e-06	2.41e-03	6.46e-02	2.59e-01	6.74e-01	2.39e-06	0.00e+00
 1.15578e+16	3.13e-10	2.41e-06	2.79e-03	7.06e-02	2.69e-01	6.58e-01	2.36e-06	0.00e+00
 1.18427e+16	4.18e-10	3.05e-06	3.31e-03	7.82e-02	2.81e-01	6.38e-01	2.33e-06	0.00e+00
 1.21220e+16	5.22e-10	3.69e-06	3.86e-03	8.56e-02	2.91e-01	6.20e-01	2.30e-06	0.00e+00
 1.23943e+16	6.51e-10	4.45e-06	4.49e-03	9.35e-02	3.01e-01	6.01e-01	2.27e-06	0.00e+00
 1.26881e+16	8.06e-10	5.36e-06	5.25e-03	1.02e-01	3.11e-01	5.81e-01	2.23e-06	0.00e+00
 1.29672e+16	1.06e-09	6.67e-06	6.14e-03	1.12e-01	3.22e-01	5.60e-01	2.20e-06	0.00e+00
 1.32323e+16	1.29e-09	7.90e-06	7.04e-03	1.21e-01	3.30e-01	5.42e-01	2.17e-06	0.00e+00
 1.35221e+16	1.58e-09	9.45e-06	8.20e-03	1.32e-01	3.39e-01	5.21e-01	2.12e-06	0.00e+00
 1.38438e+16	2.15e-09	1.21e-05	9.76e-03	1.45e-01	3.50e-01	4.95e-01	2.09e-06	0.00e+00
 1.41300e+16	2.65e-09	1.44e-05	1.13e-02	1.57e-01	3.58e-01	4.74e-01	2.04e-06	0.00e+00
 1.43866e+16	3.16e-09	1.68e-05	1.28e-02	1.68e-01	3.64e-01	4.55e-01	2.01e-06	0.00e+00
 1.46816e+16	4.25e-09	2.13e-05	1.51e-02	1.83e-01	3.72e-01	4.30e-01	1.97e-06	0.00e+00
 1.49894e+16	5.12e-09	2.51e-05	1.74e-02	1.98e-01	3.77e-01	4.08e-01	1.91e-06	0.00e+00
 1.52643e+16	6.64e-09	3.10e-05	2.02e-02	2.13e-01	3.82e-01	3.84e-01	1.87e-06	0.00e+00
 1.55317e+16	8.29e-09	3.72e-05	2.31e-02	2.28e-01	3.86e-01	3.63e-01	1.82e-06	0.00e+00
 1.57917e+16	1.01e-08	4.39e-05	2.63e-02	2.43e-01	3.88e-01	3.42e-01	1.78e-06	0.00e+00
 1.60432e+16	1.21e-08	5.10e-05	2.98e-02	2.58e-01	3.89e-01	3.23e-01	1.73e-06	0.00e+00
 1.63306e+16	1.59e-08	6.36e-05	3.48e-02	2.78e-01	3.89e-01	2.98e-01	1.67e-06	0.00e+00
 1.66229e+16	2.04e-08	7.80e-05	4.04e-02	2.97e-01	3.88e-01	2.75e-01	1.62e-06	0.00e+00
 1.68586e+16	2.43e-08	9.04e-05	4.54e-02	3.13e-01	3.85e-01	2.57e-01	1.57e-06	0.00e+00
 1.71020e+16	3.00e-08	1.07e-04	5.17e-02	3.30e-01	3.81e-01	2.37e-01	1.52e-06	0.00e+00
 1.73593e+16	4.09e-08	1.36e-04	5.98e-02	3.50e-01	3.75e-01	2.14e-01	1.47e-06	0.00e+00
 1.75660e+16	5.04e-08	1.60e-04	6.68e-02	3.66e-01	3.69e-01	1.98e-01	1.43e-06	0.00e+00
 1.77368e+16	5.93e-08	1.83e-04	7.33e-02	3.79e-01	3.63e-01	1.84e-01	1.39e-06	0.00e+00
 1.79294e+16	7.10e-08	2.11e-04	8.14e-02	3.94e-01	3.55e-01	1.70e-01	1.35e-06	0.00e+00
 1.81468e+16	8.84e-08	2.51e-04	9.18e-02	4.10e-01	3.45e-01	1.53e-01	1.29e-06	0.00e+00
 1.83461e+16	1.05e-07	2.88e-04	1.02e-01	4.25e-01	3.34e-01	1.39e-01	1.23e-06	0.00e+00
 1.85213e+16	1.36e-07	3.51e-04	1.14e-01	4.39e-01	3.23e-01	1.24e-01	1.19e-06	0.00e+00
 1.86784e+16	1.60e-07	3.99e-04	1.24e-01	4.50e-01	3.12e-01	1.14e-01	1.15e-06	0.00e+00
 1.88454e+16	1.86e-07	4.51e-04	1.36e-01	4.62e-01	3.00e-01	1.02e-01	1.09e-06	0.00e+00
 1.90325e+16	2.29e-07	5.30e-04	1.51e-01	4.74e-01	2.85e-01	8.99e-02	1.03e-06	0.00e+00
 1.92004e+16	2.83e-07	6.23e-04	1.67e-01	4.84e-01	2.70e-01	7.89e-02	9.76e-07	0.00e+00
 1.93384e+16	3.62e-07	7.44e-04	1.82e-01	4.92e-01	2.56e-01	6.92e-02	0.00e+00	0.00e+00
 1.94557e+16	4.28e-07	8.43e-04	1.95e-01	4.98e-01	2.44e-01	6.20e-02	0.00e+00	0.00e+00
 1.95811e+16	4.88e-07	9.34e-04	2.10e-01	5.03e-01	2.31e-01	5.51e-02	0.00e+00	0.00e+00
 1.97442e+16	6.74e-07	1.18e-03	2.34e-01	5.08e-01	2.12e-01	4.50e-02	0.00e+00	0.00e+00
 1.98813e+16	8.05e-07	1.35e-03	2.52e-01	5.11e-01	1.97e-01	3.86e-02	0.00e+00	0.00e+00
 1.99633e+16	9.22e-07	1.49e-03	2.65e-01	5.12e-01	1.87e-01	3.46e-02	0.00e+00	0.00e+00
 2.00485e+16	1.03e-06	1.62e-03	2.78e-01	5.13e-01	1.76e-01	3.09e-02	0.00e+00	0.00e+00
 2.01592e+16	1.23e-06	1.84e-03	2.96e-01	5.13e-01	1.63e-01	2.63e-02	0.00e+00	0.00e+00
 2.02668e+16	1.46e-06	2.09e-03	3.15e-01	5.11e-01	1.50e-01	2.22e-02	0.00e+00	0.00e+00
 2.03379e+16	1.66e-06	2.28e-03	3.28e-01	5.09e-01	1.41e-01	1.97e-02	0.00e+00	0.00e+00
 2.03864e+16	1.81e-06	2.43e-03	3.37e-01	5.07e-01	1.35e-01	1.81e-02	0.00e+00	0.00e+00
 2.04378e+16	1.93e-06	2.56e-03	3.47e-01	5.05e-01	1.29e-01	1.65e-02	0.00e+00	0.00e+00
 2.05046e+16	2.23e-06	2.82e-03	3.61e-01	5.02e-01	1.20e-01	1.44e-02	0.00e+00	0.00e+00
 2.05712e+16	2.43e-06	3.01e-03	3.73e-01	4.99e-01	1.13e-01	1.27e-02	0.00e+00	0.00e+00
 2.06376e+16	2.83e-06	3.35e-03	3.87e-01	4.94e-01	1.05e-01	1.09e-02	0.00e+00	0.00e+00
 2.07014e+16	3.09e-06	3.57e-03	3.99e-01	4.90e-01	9.77e-02	9.60e-03	0.00e+00	0.00e+00
 2.07619e+16	3.62e-06	3.99e-03	4.14e-01	4.83e-01	9.01e-02	8.17e-03	0.00e+00	0.00e+00
 2.08197e+16	3.99e-06	4.27e-03	4.26e-01	4.79e-01	8.41e-02	7.16e-03	0.00e+00	0.00e+00
 2.08741e+16	4.32e-06	4.53e-03	4.37e-01	4.74e-01	7.84e-02	6.28e-03	0.00e+00	0.00e+00
 2.09447e+16	5.08e-06	5.07e-03	4.53e-01	4.66e-01	7.08e-02	5.15e-03	0.00e+00	0.00e+00
 2.10105e+16	5.61e-06	5.44e-03	4.66e-01	4.59e-01	6.48e-02	4.36e-03	0.00e+00	0.00e+00
 2.10613e+16	6.42e-06	5.97e-03	4.79e-01	4.52e-01	5.96e-02	3.71e-03	0.00e+00	0.00e+00
 2.11080e+16	6.90e-06	6.28e-03	4.88e-01	4.47e-01	5.57e-02	3.26e-03	0.00e+00	0.00e+00
 2.11577e+16	7.61e-06	6.73e-03	4.99e-01	4.40e-01	5.14e-02	2.80e-03	0.00e+00	0.00e+00
 2.12223e+16	8.98e-06	7.54e-03	5.15e-01	4.29e-01	4.57e-02	2.23e-03	0.00e+00	0.00e+00
 2.12847e+16	1.01e-05	8.19e-03	5.28e-01	4.21e-01	4.12e-02	1.83e-03	0.00e+00	0.00e+00
 2.13356e+16	1.13e-05	8.82e-03	5.39e-01	4.13e-01	3.76e-02	1.54e-03	0.00e+00	0.00e+00
 2.13933e+16	1.27e-05	9.59e-03	5.52e-01	4.04e-01	3.37e-02	1.25e-03	0.00e+00	0.00e+00
 2.14683e+16	1.50e-05	1.07e-02	5.68e-01	3.91e-01	2.91e-02	9.45e-04	0.00e+00	0.00e+00
 2.15435e+16	1.76e-05	1.20e-02	5.84e-01	3.78e-01	2.51e-02	7.17e-04	0.00e+00	0.00e+00
 2.16044e+16	1.99e-05	1.30e-02	5.96e-01	3.68e-01	2.23e-02	5.70e-04	0.00e+00	0.00e+00
 2.16528e+16	2.21e-05	1.40e-02	6.06e-01	3.60e-01	2.02e-02	4.73e-04	0.00e+00	0.00e+00
 2.16923e+16	2.40e-05	1.48e-02	6.14e-01	3.53e-01	1.86e-02	4.05e-04	0.00e+00	0.00e+00
 2.17358e+16	2.60e-05	1.56e-02	6.22e-01	3.45e-01	1.70e-02	3.42e-04	0.00e+00	0.00e+00
 2.17925e+16	2.99e-05	1.71e-02	6.33e-01	3.34e-01	1.49e-02	2.67e-04	0.00e+00	0.00e+00
 2.18478e+16	3.35e-05	1.86e-02	6.43e-01	3.24e-01	1.32e-02	2.14e-04	0.00e+00	0.00e+00
 2.18920e+16	3.69e-05	1.98e-02	6.52e-01	3.16e-01	1.20e-02	1.78e-04	0.00e+00	0.00e+00
 2.19400e+16	4.09e-05	2.12e-02	6.60e-01	3.08e-01	1.08e-02	1.45e-04	0.00e+00	0.00e+00
 2.20024e+16	4.68e-05	2.33e-02	6.71e-01	2.96e-01	9.31e-03	1.11e-04	0.00e+00	0.00e+00
 2.20661e+16	5.36e-05	2.55e-02	6.82e-01	2.85e-01	8.05e-03	8.47e-05	0.00e+00	0.00e+00
 2.21176e+16	6.00e-05	2.75e-02	6.90e-01	2.75e-01	7.15e-03	6.79e-05	0.00e+00	0.00e+00
 2.21639e+16	6.60e-05	2.93e-02	6.97e-01	2.67e-01	6.43e-03	5.58e-05	0.00e+00	0.00e+00
 2.22170e+16	7.47e-05	3.18e-02	7.06e-01	2.57e-01	5.63e-03	4.38e-05	0.00e+00	0.00e+00
 2.22748e+16	8.48e-05	3.47e-02	7.14e-01	2.46e-01	4.90e-03	3.39e-05	0.00e+00	0.00e+00
 2.23281e+16	9.56e-05	3.76e-02	7.22e-01	2.36e-01	4.31e-03	2.68e-05	0.00e+00	0.00e+00
 2.23789e+16	1.07e-04	4.04e-02	7.28e-01	2.28e-01	3.81e-03	2.14e-05	0.00e+00	0.00e+00
 2.24369e+16	1.22e-04	4.42e-02	7.36e-01	2.17e-01	3.28e-03	1.64e-05	0.00e+00	0.00e+00
 2.24983e+16	1.41e-04	4.86e-02	7.43e-01	2.06e-01	2.81e-03	1.24e-05	0.00e+00	0.00e+00
 2.25507e+16	1.59e-04	5.28e-02	7.48e-01	1.96e-01	2.45e-03	9.74e-06	0.00e+00	0.00e+00
 2.25982e+16	1.78e-04	5.68e-02	7.53e-01	1.88e-01	2.16e-03	7.82e-06	0.00e+00	0.00e+00
 2.26523e+16	2.02e-04	6.18e-02	7.58e-01	1.78e-01	1.87e-03	6.05e-06	0.00e+00	0.00e+00
 2.27127e+16	2.32e-04	6.79e-02	7.62e-01	1.68e-01	1.59e-03	4.58e-06	0.00e+00	0.00e+00
 2.27687e+16	2.68e-04	7.46e-02	7.66e-01	1.58e-01	1.36e-03	3.48e-06	0.00e+00	0.00e+00
 2.28170e+16	3.02e-04	8.07e-02	7.68e-01	1.50e-01	1.19e-03	2.77e-06	0.00e+00	0.00e+00
 2.28680e+16	3.44e-04	8.79e-02	7.70e-01	1.41e-01	1.02e-03	2.15e-06	0.00e+00	0.00e+00
 2.29244e+16	3.98e-04	9.69e-02	7.71e-01	1.31e-01	8.63e-04	1.62e-06	0.00e+00	0.00e+00
 2.29758e+16	4.56e-04	1.06e-01	7.70e-01	1.23e-01	7.40e-04	1.25e-06	0.00e+00	0.00e+00
 2.30225e+16	5.18e-04	1.15e-01	7.69e-01	1.15e-01	6.36e-04	9.79e-07	0.00e+00	0.00e+00
 2.30682e+16	5.87e-04	1.25e-01	7.66e-01	1.08e-01	5.50e-04	0.00e+00	0.00e+00	0.00e+00
 2.31206e+16	6.79e-04	1.37e-01	7.63e-01	9.92e-02	4.61e-04	0.00e+00	0.00e+00	0.00e+00
 2.31766e+16	7.99e-04	1.52e-01	7.56e-01	9.04e-02	3.79e-04	0.00e+00	0.00e+00	0.00e+00
 2.32243e+16	9.22e-04	1.67e-01	7.49e-01	8.31e-02	3.19e-04	0.00e+00	0.00e+00	0.00e+00
 2.32666e+16	1.05e-03	1.81e-01	7.41e-01	7.66e-02	2.71e-04	0.00e+00	0.00e+00	0.00e+00
 2.33146e+16	1.21e-03	1.99e-01	7.30e-01	6.96e-02	2.25e-04	0.00e+00	0.00e+00	0.00e+00
 2.33681e+16	1.44e-03	2.21e-01	7.16e-01	6.21e-02	1.81e-04	0.00e+00	0.00e+00	0.00e+00
 2.34174e+16	1.69e-03	2.44e-01	6.99e-01	5.52e-02	1.46e-04	0.00e+00	0.00e+00	0.00e+00
 2.34608e+16	1.95e-03	2.67e-01	6.81e-01	4.93e-02	1.19e-04	0.00e+00	0.00e+00	0.00e+00
 2.35085e+16	2.29e-03	2.95e-01	6.60e-01	4.33e-02	9.47e-05	0.00e+00	0.00e+00	0.00e+00
 2.35704e+16	2.82e-03	3.34e-01	6.27e-01	3.59e-02	6.89e-05	0.00e+00	0.00e+00	0.00e+00
 2.36326e+16	3.54e-03	3.81e-01	5.86e-01	2.89e-02	4.81e-05	0.00e+00	0.00e+00	0.00e+00
 2.36789e+16	4.24e-03	4.22e-01	5.49e-01	2.39e-02	3.57e-05	0.00e+00	0.00e+00	0.00e+00
 2.37153e+16	4.87e-03	4.56e-01	5.19e-01	2.04e-02	2.78e-05	0.00e+00	0.00e+00	0.00e+00
 2.37548e+16	5.66e-03	4.94e-01	4.83e-01	1.69e-02	2.09e-05	0.00e+00	0.00e+00	0.00e+00
 2.38061e+16	6.88e-03	5.46e-01	4.34e-01	1.29e-02	1.40e-05	0.00e+00	0.00e+00	0.00e+00
 2.38582e+16	8.49e-03	6.05e-01	3.77e-01	9.34e-03	8.75e-06	0.00e+00	0.00e+00	0.00e+00
 2.38951e+16	9.96e-03	6.50e-01	3.33e-01	7.12e-03	5.96e-06	0.00e+00	0.00e+00	0.00e+00
 2.39197e+16	1.11e-02	6.79e-01	3.04e-01	5.87e-03	4.55e-06	0.00e+00	0.00e+00	0.00e+00
 2.39444e+16	1.22e-02	7.07e-01	2.76e-01	4.80e-03	3.44e-06	0.00e+00	0.00e+00	0.00e+00
 2.39765e+16	1.40e-02	7.42e-01	2.41e-01	3.60e-03	2.33e-06	0.00e+00	0.00e+00	0.00e+00
 2.40108e+16	1.62e-02	7.79e-01	2.02e-01	2.56e-03	1.47e-06	0.00e+00	0.00e+00	0.00e+00
 2.40391e+16	1.84e-02	8.08e-01	1.71e-01	1.86e-03	9.64e-07	0.00e+00	0.00e+00	0.00e+00
 2.40617e+16	2.03e-02	8.30e-01	1.48e-01	1.41e-03	0.00e+00	0.00e+00	0.00e+00	0.00e+00
 2.40855e+16	2.26e-02	8.50e-01	1.26e-01	1.04e-03	0.00e+00	0.00e+00	0.00e+00	0.00e+00
 2.41165e+16	2.59e-02	8.72e-01	1.01e-01	6.84e-04	0.00e+00	0.00e+00	0.00e+00	0.00e+00
 2.41475e+16	3.00e-02	8.92e-01	7.79e-02	4.25e-04	0.00e+00	0.00e+00	0.00e+00	0.00e+00
 2.41702e+16	3.35e-02	9.04e-01	6.27e-02	2.87e-04	0.00e+00	0.00e+00	0.00e+00	0.00e+00
 2.41875e+16	3.66e-02	9.10e-01	5.28e-02	2.11e-04	0.00e+00	0.00e+00	0.00e+00	0.00e+00
 2.42063e+16	4.00e-02	9.16e-01	4.37e-02	1.49e-04	0.00e+00	0.00e+00	0.00e+00	0.00e+00
 2.42306e+16	4.52e-02	9.21e-01	3.37e-02	9.37e-05	0.00e+00	0.00e+00	0.00e+00	0.00e+00
 2.42550e+16	5.13e-02	9.23e-01	2.52e-02	5.60e-05	0.00e+00	0.00e+00	0.00e+00	0.00e+00
 2.42731e+16	5.65e-02	9.24e-01	1.99e-02	3.71e-05	0.00e+00	0.00e+00	0.00e+00	0.00e+00
 2.42869e+16	6.09e-02	9.23e-01	1.66e-02	2.70e-05	0.00e+00	0.00e+00	0.00e+00	0.00e+00
 2.43016e+16	6.58e-02	9.21e-01	1.36e-02	1.90e-05	0.00e+00	0.00e+00	0.00e+00	0.00e+00
 2.43202e+16	7.24e-02	9.17e-01	1.06e-02	1.21e-05	0.00e+00	0.00e+00	0.00e+00	0.00e+00
 2.43390e+16	7.99e-02	9.12e-01	8.01e-03	7.54e-06	0.00e+00	0.00e+00	0.00e+00	0.00e+00
 2.43538e+16	8.66e-02	9.07e-01	6.38e-03	5.11e-06	0.00e+00	0.00e+00	0.00e+00	0.00e+00
 2.43655e+16	9.19e-02	9.03e-01	5.32e-03	3.75e-06	0.00e+00	0.00e+00	0.00e+00	0.00e+00
 2.43763e+16	9.71e-02	8.98e-01	4.49e-03	2.82e-06	0.00e+00	0.00e+00	0.00e+00	0.00e+00
 2.43870e+16	1.02e-01	8.94e-01	3.79e-03	2.12e-06	0.00e+00	0.00e+00	0.00e+00	0.00e+00
 2.43980e+16	1.08e-01	8.89e-01	3.17e-03	1.58e-06	0.00e+00	0.00e+00	0.00e+00	0.00e+00
 2.44066e+16	1.12e-01	8.85e-01	2.77e-03	1.27e-06	0.00e+00	0.00e+00	0.00e+00	0.00e+00
 2.44120e+16	1.16e-01	8.82e-01	2.53e-03	1.11e-06	0.00e+00	0.00e+00	0.00e+00	0.00e+00
 2.44171e+16	1.18e-01	8.79e-01	2.33e-03	9.70e-07	0.00e+00	0.00e+00	0.00e+00	0.00e+00
 2.44231e+16	1.22e-01	8.76e-01	2.11e-03	0.00e+00	0.00e+00	0.00e+00	0.00e+00	0.00e+00
 2.44299e+16	1.26e-01	8.73e-01	1.89e-03	0.00e+00	0.00e+00	0.00e+00	0.00e+00	0.00e+00
 2.44364e+16	1.29e-01	8.69e-01	1.70e-03	0.00e+00	0.00e+00	0.00e+00	0.00e+00	0.00e+00
 2.44425e+16	1.33e-01	8.66e-01	1.53e-03	0.00e+00	0.00e+00	0.00e+00	0.00e+00	0.00e+00
 2.44487e+16	1.36e-01	8.62e-01	1.38e-03	0.00e+00	0.00e+00	0.00e+00	0.00e+00	0.00e+00
 2.44550e+16	1.40e-01	8.59e-01	1.25e-03	0.00e+00	0.00e+00	0.00e+00	0.00e+00	0.00e+00
 2.44615e+16	1.44e-01	8.55e-01	1.12e-03	0.00e+00	0.00e+00	0.00e+00	0.00e+00	0.00e+00
 2.44679e+16	1.47e-01	8.52e-01	1.01e-03	0.00e+00	0.00e+00	0.00e+00	0.00e+00	0.00e+00
 2.44744e+16	1.51e-01	8.48e-01	9.12e-04	0.00e+00	0.00e+00	0.00e+00	0.00e+00	0.00e+00
 2.44809e+16	1.55e-01	8.44e-01	8.22e-04	0.00e+00	0.00e+00	0.00e+00	0.00e+00	0.00e+00
 2.44875e+16	1.59e-01	8.40e-01	7.40e-04	0.00e+00	0.00e+00	0.00e+00	0.00e+00	0.00e+00
 2.44943e+16	1.63e-01	8.36e-01	6.66e-04	0.00e+00	0.00e+00	0.00e+00	0.00e+00	0.00e+00
 2.45013e+16	1.67e-01	8.33e-01	5.98e-04	0.00e+00	0.00e+00	0.00e+00	0.00e+00	0.00e+00
 2.45084e+16	1.71e-01	8.29e-01	5.38e-04	0.00e+00	0.00e+00	0.00e+00	0.00e+00	0.00e+00
 2.45157e+16	1.75e-01	8.25e-01	4.84e-04	0.00e+00	0.00e+00	0.00e+00	0.00e+00	0.00e+00
 2.45232e+16	1.79e-01	8.20e-01	4.35e-04	0.00e+00	0.00e+00	0.00e+00	0.00e+00	0.00e+00
 2.45311e+16	1.83e-01	8.16e-01	3.90e-04	0.00e+00	0.00e+00	0.00e+00	0.00e+00	0.00e+00
 2.45393e+16	1.88e-01	8.12e-01	3.51e-04	0.00e+00	0.00e+00	0.00e+00	0.00e+00	0.00e+00
 2.45478e+16	1.93e-01	8.07e-01	3.15e-04	0.00e+00	0.00e+00	0.00e+00	0.00e+00	0.00e+00
 2.45567e+16	1.97e-01	8.03e-01	2.84e-04	0.00e+00	0.00e+00	0.00e+00	0.00e+00	0.00e+00
 2.45663e+16	2.01e-01	7.99e-01	2.57e-04	0.00e+00	0.00e+00	0.00e+00	0.00e+00	0.00e+00
 2.45764e+16	2.06e-01	7.94e-01	2.32e-04	0.00e+00	0.00e+00	0.00e+00	0.00e+00	0.00e+00
