#depth	He	He+	He+2
 1.49634e+10	5.40e-23	2.77e-12	1.00e+00
 4.54887e+10	6.08e-23	2.99e-12	1.00e+00
 7.72350e+10	6.83e-23	3.24e-12	1.00e+00
 1.10251e+11	7.68e-23	3.50e-12	1.00e+00
 1.44588e+11	8.65e-23	3.79e-12	1.00e+00
 1.78433e+11	9.69e-23	4.08e-12	1.00e+00
 2.13631e+11	1.09e-22	4.40e-12	1.00e+00
 2.52103e+11	1.23e-22	4.76e-12	1.00e+00
 2.86573e+11	1.37e-22	5.10e-12	1.00e+00
 3.14947e+11	1.49e-22	5.39e-12	1.00e+00
 3.46035e+11	1.64e-22	5.71e-12	1.00e+00
 3.85843e+11	1.84e-22	6.13e-12	1.00e+00
 4.28016e+11	2.08e-22	6.60e-12	1.00e+00
 4.66025e+11	2.31e-22	7.04e-12	1.00e+00
 5.07588e+11	2.58e-22	7.54e-12	1.00e+00
 5.56665e+11	2.93e-22	8.14e-12	1.00e+00
 6.05421e+11	3.33e-22	8.77e-12	1.00e+00
 6.48303e+11	3.71e-22	9.34e-12	1.00e+00
 6.93637e+11	4.13e-22	9.97e-12	1.00e+00
 7.48609e+11	4.71e-22	1.08e-11	1.00e+00
 8.02918e+11	5.36e-22	1.16e-11	1.00e+00
 8.50264e+11	5.96e-22	1.23e-11	1.00e+00
 9.01750e+11	6.66e-22	1.31e-11	1.00e+00
 9.64431e+11	7.62e-22	1.41e-11	1.00e+00
 1.02748e+12	8.71e-22	1.52e-11	1.00e+00
 1.08379e+12	9.76e-22	1.62e-11	1.00e+00
 1.14554e+12	1.10e-21	1.74e-11	1.00e+00
 1.21901e+12	1.27e-21	1.88e-11	1.00e+00
 1.29204e+12	1.45e-21	2.02e-11	1.00e+00
 1.35900e+12	1.64e-21	2.16e-11	1.00e+00
 1.43376e+12	1.87e-21	2.32e-11	1.00e+00
 1.52051e+12	2.17e-21	2.52e-11	1.00e+00
 1.60623e+12	2.50e-21	2.72e-11	1.00e+00
 1.68381e+12	2.83e-21	2.91e-11	1.00e+00
 1.76740e+12	3.22e-21	3.12e-11	1.00e+00
 1.86591e+12	3.74e-21	3.38e-11	1.00e+00
 1.96282e+12	4.32e-21	3.65e-11	1.00e+00
 2.05211e+12	4.90e-21	3.90e-11	1.00e+00
 2.13303e+12	5.49e-21	4.14e-11	1.00e+00
 2.20750e+12	6.06e-21	4.37e-11	1.00e+00
 2.29303e+12	6.78e-21	4.65e-11	1.00e+00
 2.40317e+12	7.80e-21	5.01e-11	1.00e+00
 2.51652e+12	9.04e-21	5.41e-11	1.00e+00
 2.61171e+12	1.01e-20	5.76e-11	1.00e+00
 2.71203e+12	1.14e-20	6.14e-11	1.00e+00
 2.83908e+12	1.32e-20	6.64e-11	1.00e+00
 2.97236e+12	1.54e-20	7.20e-11	1.00e+00
 3.09158e+12	1.75e-20	7.73e-11	1.00e+00
 3.22100e+12	2.00e-20	8.33e-11	1.00e+00
 3.37499e+12	2.34e-20	9.08e-11	1.00e+00
 3.51656e+12	2.71e-20	9.82e-11	1.00e+00
 3.62860e+12	3.02e-20	1.04e-10	1.00e+00
 3.74662e+12	3.37e-20	1.11e-10	1.00e+00
 3.90004e+12	3.88e-20	1.20e-10	1.00e+00
 4.06127e+12	4.51e-20	1.31e-10	1.00e+00
 4.19871e+12	5.09e-20	1.40e-10	1.00e+00
 4.34344e+12	5.75e-20	1.51e-10	1.00e+00
 4.52872e+12	6.71e-20	1.65e-10	1.00e+00
 4.71599e+12	7.84e-20	1.80e-10	1.00e+00
 4.86986e+12	8.85e-20	1.94e-10	1.00e+00
 5.03102e+12	9.98e-20	2.10e-10	1.00e+00
 5.23952e+12	1.17e-19	2.31e-10	1.00e+00
 5.44946e+12	1.36e-19	2.54e-10	1.00e+00
 5.61744e+12	1.53e-19	2.74e-10	1.00e+00
 5.79096e+12	1.72e-19	2.95e-10	1.00e+00
 6.01454e+12	2.00e-19	3.25e-10	1.00e+00
 6.24822e+12	2.33e-19	3.59e-10	1.00e+00
 6.44994e+12	2.64e-19	3.90e-10	1.00e+00
 6.64796e+12	2.96e-19	4.22e-10	1.00e+00
 6.87402e+12	3.36e-19	4.60e-10	1.00e+00
 7.12281e+12	3.84e-19	5.05e-10	1.00e+00
 7.37557e+12	4.37e-19	5.53e-10	1.00e+00
 7.60452e+12	4.89e-19	5.98e-10	1.00e+00
 7.80859e+12	5.37e-19	6.41e-10	1.00e+00
 8.04014e+12	5.95e-19	6.91e-10	1.00e+00
 8.33868e+12	6.77e-19	7.58e-10	1.00e+00
 8.64030e+12	7.68e-19	8.30e-10	1.00e+00
 8.88506e+12	8.45e-19	8.91e-10	1.00e+00
 9.13990e+12	9.28e-19	9.56e-10	1.00e+00
 9.47121e+12	1.05e-18	1.04e-09	1.00e+00
 9.81716e+12	1.18e-18	1.14e-09	1.00e+00
 1.01103e+13	1.31e-18	1.23e-09	1.00e+00
 1.04194e+13	1.44e-18	1.32e-09	1.00e+00
 1.08210e+13	1.64e-18	1.45e-09	1.00e+00
 1.12351e+13	1.86e-18	1.59e-09	1.00e+00
 1.15798e+13	2.05e-18	1.70e-09	1.00e+00
 1.19419e+13	2.27e-18	1.83e-09	1.00e+00
 1.24045e+13	2.57e-18	2.01e-09	1.00e+00
 1.28855e+13	2.92e-18	2.20e-09	1.00e+00
 1.32997e+13	3.24e-18	2.37e-09	1.00e+00
 1.37391e+13	3.61e-18	2.55e-09	1.00e+00
 1.42326e+13	4.06e-18	2.77e-09	1.00e+00
 1.47159e+13	4.53e-18	3.00e-09	1.00e+00
 1.51524e+13	4.99e-18	3.21e-09	1.00e+00
 1.55209e+13	5.40e-18	3.40e-09	1.00e+00
 1.59123e+13	5.85e-18	3.60e-09	1.00e+00
 1.64212e+13	6.48e-18	3.88e-09	1.00e+00
 1.69457e+13	7.18e-18	4.18e-09	1.00e+00
 1.73802e+13	7.79e-18	4.43e-09	1.00e+00
 1.78347e+13	8.46e-18	4.71e-09	1.00e+00
 1.84255e+13	9.39e-18	5.09e-09	1.00e+00
 1.90413e+13	1.04e-17	5.50e-09	1.00e+00
 1.95623e+13	1.14e-17	5.86e-09	1.00e+00
 2.01124e+13	1.24e-17	6.26e-09	1.00e+00
 2.08276e+13	1.39e-17	6.81e-09	1.00e+00
 2.15731e+13	1.55e-17	7.42e-09	1.00e+00
 2.22060e+13	1.70e-17	7.96e-09	1.00e+00
 2.28765e+13	1.87e-17	8.55e-09	1.00e+00
 2.37355e+13	2.10e-17	9.36e-09	1.00e+00
 2.46350e+13	2.36e-17	1.03e-08	1.00e+00
 2.54255e+13	2.62e-17	1.11e-08	1.00e+00
 2.61672e+13	2.88e-17	1.19e-08	1.00e+00
 2.70197e+13	3.20e-17	1.29e-08	1.00e+00
 2.79799e+13	3.60e-17	1.41e-08	1.00e+00
 2.87814e+13	3.96e-17	1.51e-08	1.00e+00
 2.93852e+13	4.26e-17	1.59e-08	1.00e+00
 3.00308e+13	4.60e-17	1.68e-08	1.00e+00
 3.08701e+13	5.08e-17	1.80e-08	1.00e+00
 3.17889e+13	5.66e-17	1.94e-08	1.00e+00
 3.26269e+13	6.24e-17	2.07e-08	1.00e+00
 3.35321e+13	6.93e-17	2.21e-08	1.00e+00
 3.47089e+13	7.92e-17	2.41e-08	1.00e+00
 3.59071e+13	9.06e-17	2.61e-08	1.00e+00
 3.68849e+13	1.01e-16	2.79e-08	1.00e+00
 3.79078e+13	1.13e-16	2.97e-08	1.00e+00
 3.92374e+13	1.29e-16	3.22e-08	1.00e+00
 4.06705e+13	1.50e-16	3.50e-08	1.00e+00
 4.19648e+13	1.71e-16	3.77e-08	1.00e+00
 4.33740e+13	1.95e-16	4.05e-08	1.00e+00
 4.50689e+13	2.29e-16	4.41e-08	1.00e+00
 4.68098e+13	2.67e-16	4.79e-08	1.00e+00
 4.82623e+13	3.03e-16	5.13e-08	1.00e+00
 4.94404e+13	3.34e-16	5.40e-08	1.00e+00
 5.07469e+13	3.71e-16	5.71e-08	1.00e+00
 5.24453e+13	4.24e-16	6.12e-08	1.00e+00
 5.42398e+13	4.86e-16	6.58e-08	1.00e+00
 5.57874e+13	5.45e-16	6.97e-08	1.00e+00
 5.74275e+13	6.11e-16	7.40e-08	1.00e+00
 5.95366e+13	7.06e-16	7.97e-08	1.00e+00
 6.17475e+13	8.16e-16	8.59e-08	1.00e+00
 6.36811e+13	9.22e-16	9.15e-08	1.00e+00
 6.57622e+13	1.05e-15	9.76e-08	1.00e+00
 6.82923e+13	1.21e-15	1.05e-07	1.00e+00
 7.08429e+13	1.41e-15	1.14e-07	1.00e+00
 7.31306e+13	1.59e-15	1.21e-07	1.00e+00
 7.56395e+13	1.82e-15	1.29e-07	1.00e+00
 7.86137e+13	2.11e-15	1.40e-07	1.00e+00
 8.15663e+13	2.44e-15	1.51e-07	1.00e+00
 8.41533e+13	2.76e-15	1.60e-07	1.00e+00
 8.68911e+13	3.12e-15	1.71e-07	1.00e+00
 8.99697e+13	3.59e-15	1.84e-07	1.00e+00
 9.28938e+13	4.06e-15	1.96e-07	1.00e+00
 9.55536e+13	4.54e-15	2.08e-07	1.00e+00
 9.79804e+13	5.01e-15	2.18e-07	1.00e+00
 1.00648e+14	5.56e-15	2.30e-07	1.00e+00
 1.04115e+14	6.36e-15	2.47e-07	1.00e+00
 1.07601e+14	7.23e-15	2.64e-07	1.00e+00
 1.10385e+14	8.01e-15	2.79e-07	1.00e+00
 1.13279e+14	8.86e-15	2.94e-07	1.00e+00
 1.17040e+14	1.01e-14	3.15e-07	1.00e+00
 1.20978e+14	1.15e-14	3.36e-07	1.00e+00
 1.24366e+14	1.28e-14	3.57e-07	1.00e+00
 1.27993e+14	1.44e-14	3.79e-07	1.00e+00
 1.32659e+14	1.66e-14	4.08e-07	1.00e+00
 1.37433e+14	1.90e-14	4.39e-07	1.00e+00
 1.41459e+14	2.14e-14	4.68e-07	1.00e+00
 1.45757e+14	2.40e-14	4.97e-07	1.00e+00
 1.51165e+14	2.77e-14	5.37e-07	1.00e+00
 1.56780e+14	3.21e-14	5.81e-07	1.00e+00
 1.61718e+14	3.62e-14	6.20e-07	1.00e+00
 1.67013e+14	4.10e-14	6.63e-07	1.00e+00
 1.73421e+14	4.76e-14	7.19e-07	1.00e+00
 1.79802e+14	5.48e-14	7.76e-07	1.00e+00
 1.85541e+14	6.19e-14	8.29e-07	1.00e+00
 1.91915e+14	7.05e-14	8.90e-07	1.00e+00
 1.99444e+14	8.19e-14	9.66e-07	1.00e+00
 2.06153e+14	9.29e-14	1.04e-06	1.00e+00
 2.11358e+14	1.02e-13	1.09e-06	1.00e+00
 2.16927e+14	1.13e-13	1.15e-06	1.00e+00
 2.24168e+14	1.28e-13	1.23e-06	1.00e+00
 2.31480e+14	1.44e-13	1.32e-06	1.00e+00
 2.37273e+14	1.58e-13	1.39e-06	1.00e+00
 2.43191e+14	1.73e-13	1.46e-06	1.00e+00
 2.50884e+14	1.94e-13	1.56e-06	1.00e+00
 2.59073e+14	2.19e-13	1.67e-06	1.00e+00
 2.66194e+14	2.41e-13	1.76e-06	1.00e+00
 2.73738e+14	2.67e-13	1.87e-06	1.00e+00
 2.83544e+14	3.03e-13	2.01e-06	1.00e+00
 2.93717e+14	3.43e-13	2.16e-06	1.00e+00
 3.02265e+14	3.80e-13	2.29e-06	1.00e+00
 3.11276e+14	4.21e-13	2.43e-06	1.00e+00
 3.22712e+14	4.77e-13	2.61e-06	1.00e+00
 3.34775e+14	5.41e-13	2.81e-06	1.00e+00
 3.45577e+14	6.04e-13	3.00e-06	1.00e+00
 3.57267e+14	6.75e-13	3.20e-06	1.00e+00
 3.71166e+14	7.67e-13	3.46e-06	1.00e+00
 3.84936e+14	8.67e-13	3.72e-06	1.00e+00
 3.97647e+14	9.64e-13	3.97e-06	1.00e+00
 4.11973e+14	1.08e-12	4.26e-06	1.00e+00
 4.25842e+14	1.21e-12	4.56e-06	1.00e+00
 4.36049e+14	1.30e-12	4.77e-06	1.00e+00
 4.46237e+14	1.40e-12	5.00e-06	1.00e+00
 4.59482e+14	1.54e-12	5.30e-06	1.00e+00
 4.73931e+14	1.70e-12	5.63e-06	1.00e+00
 4.87011e+14	1.85e-12	5.94e-06	1.00e+00
 5.01078e+14	2.03e-12	6.29e-06	1.00e+00
 5.16977e+14	2.24e-12	6.69e-06	1.00e+00
 5.32235e+14	2.45e-12	7.10e-06	1.00e+00
 5.46843e+14	2.67e-12	7.49e-06	1.00e+00
 5.63629e+14	2.94e-12	7.96e-06	1.00e+00
 5.84594e+14	3.29e-12	8.56e-06	1.00e+00
 6.05711e+14	3.68e-12	9.20e-06	1.00e+00
 6.23766e+14	4.02e-12	9.75e-06	1.00e+00
 6.43122e+14	4.44e-12	1.04e-05	1.00e+00
 6.67158e+14	4.97e-12	1.12e-05	1.00e+00
 6.91611e+14	5.57e-12	1.20e-05	1.00e+00
 7.12997e+14	6.12e-12	1.28e-05	1.00e+00
 7.36065e+14	6.77e-12	1.37e-05	1.00e+00
 7.64101e+14	7.58e-12	1.47e-05	1.00e+00
 7.92173e+14	8.52e-12	1.59e-05	1.00e+00
 8.17023e+14	9.37e-12	1.69e-05	1.00e+00
 8.44102e+14	1.04e-11	1.81e-05	1.00e+00
 8.76611e+14	1.17e-11	1.96e-05	1.00e+00
 9.07244e+14	1.31e-11	2.10e-05	1.00e+00
 9.31691e+14	1.43e-11	2.22e-05	1.00e+00
 9.53210e+14	1.54e-11	2.33e-05	1.00e+00
 9.77365e+14	1.67e-11	2.46e-05	1.00e+00
 1.00877e+15	1.85e-11	2.63e-05	1.00e+00
 1.04071e+15	2.04e-11	2.81e-05	1.00e+00
 1.06658e+15	2.22e-11	2.96e-05	1.00e+00
 1.09345e+15	2.41e-11	3.12e-05	1.00e+00
 1.12838e+15	2.68e-11	3.33e-05	1.00e+00
 1.16485e+15	2.98e-11	3.57e-05	1.00e+00
 1.19571e+15	3.25e-11	3.77e-05	1.00e+00
 1.22821e+15	3.54e-11	3.99e-05	1.00e+00
 1.27047e+15	4.00e-11	4.30e-05	1.00e+00
 1.31429e+15	4.46e-11	4.62e-05	1.00e+00
 1.35135e+15	4.91e-11	4.90e-05	1.00e+00
 1.39070e+15	5.42e-11	5.22e-05	1.00e+00
 1.44122e+15	6.18e-11	5.64e-05	1.00e+00
 1.49401e+15	6.94e-11	6.08e-05	1.00e+00
 1.54024e+15	7.81e-11	6.51e-05	1.00e+00
 1.59019e+15	8.67e-11	6.97e-05	1.00e+00
 1.65081e+15	1.00e-10	7.57e-05	1.00e+00
 1.71164e+15	1.13e-10	8.18e-05	1.00e+00
 1.75838e+15	1.25e-10	8.68e-05	1.00e+00
 1.79311e+15	1.35e-10	9.06e-05	1.00e+00
 1.83090e+15	1.46e-10	9.49e-05	1.00e+00
 1.88002e+15	1.61e-10	1.01e-04	1.00e+00
 1.93396e+15	1.79e-10	1.07e-04	1.00e+00
 1.98299e+15	1.97e-10	1.13e-04	1.00e+00
 2.03559e+15	2.16e-10	1.20e-04	1.00e+00
 2.09500e+15	2.44e-10	1.28e-04	1.00e+00
 2.15092e+15	2.68e-10	1.36e-04	1.00e+00
 2.20339e+15	2.94e-10	1.43e-04	1.00e+00
 2.26373e+15	3.31e-10	1.52e-04	1.00e+00
 2.34217e+15	3.78e-10	1.64e-04	1.00e+00
 2.42131e+15	4.32e-10	1.77e-04	1.00e+00
 2.48430e+15	4.80e-10	1.88e-04	1.00e+00
 2.54912e+15	5.34e-10	1.99e-04	1.00e+00
 2.63338e+15	6.14e-10	2.14e-04	1.00e+00
 2.72358e+15	7.04e-10	2.31e-04	1.00e+00
 2.80340e+15	7.89e-10	2.47e-04	1.00e+00
 2.88909e+15	9.14e-10	2.66e-04	1.00e+00
 2.99629e+15	1.07e-09	2.89e-04	1.00e+00
 3.10625e+15	1.26e-09	3.14e-04	1.00e+00
 3.20215e+15	1.41e-09	3.37e-04	1.00e+00
 3.30500e+15	1.65e-09	3.63e-04	1.00e+00
 3.40725e+15	1.89e-09	3.90e-04	1.00e+00
 3.48492e+15	2.09e-09	4.11e-04	1.00e+00
 3.56208e+15	2.30e-09	4.32e-04	1.00e+00
 3.66240e+15	2.61e-09	4.61e-04	1.00e+00
 3.76868e+15	2.97e-09	4.94e-04	1.00e+00
 3.86001e+15	3.33e-09	5.22e-04	9.99e-01
 3.95604e+15	3.68e-09	5.52e-04	9.99e-01
 4.08086e+15	4.30e-09	5.94e-04	9.99e-01
 4.20774e+15	4.92e-09	6.39e-04	9.99e-01
 4.31026e+15	5.50e-09	6.76e-04	9.99e-01
 4.41653e+15	6.10e-09	7.15e-04	9.99e-01
 4.55468e+15	7.15e-09	7.70e-04	9.99e-01
 4.69960e+15	8.29e-09	8.29e-04	9.99e-01
 4.82379e+15	9.25e-09	8.81e-04	9.99e-01
 4.95572e+15	1.06e-08	9.39e-04	9.99e-01
 5.12722e+15	1.22e-08	1.02e-03	9.99e-01
 5.30683e+15	1.44e-08	1.10e-03	9.99e-01
 5.46080e+15	1.62e-08	1.18e-03	9.99e-01
 5.62477e+15	1.90e-08	1.27e-03	9.99e-01
 5.83182e+15	2.24e-08	1.38e-03	9.99e-01
 6.01909e+15	2.53e-08	1.48e-03	9.99e-01
 6.14304e+15	2.81e-08	1.55e-03	9.98e-01
 6.26044e+15	3.09e-08	1.63e-03	9.98e-01
 6.41306e+15	3.39e-08	1.72e-03	9.98e-01
 6.61146e+15	3.97e-08	1.85e-03	9.98e-01
 6.80991e+15	4.45e-08	1.98e-03	9.98e-01
 6.96409e+15	4.94e-08	2.09e-03	9.98e-01
 7.12015e+15	5.54e-08	2.21e-03	9.98e-01
 7.32303e+15	6.20e-08	2.36e-03	9.98e-01
 7.53890e+15	7.23e-08	2.53e-03	9.97e-01
 7.72314e+15	8.05e-08	2.68e-03	9.97e-01
 7.91415e+15	8.98e-08	2.84e-03	9.97e-01
 8.16246e+15	1.01e-07	3.06e-03	9.97e-01
 8.41904e+15	1.19e-07	3.30e-03	9.97e-01
 8.62907e+15	1.33e-07	3.51e-03	9.96e-01
 8.84483e+15	1.49e-07	3.73e-03	9.96e-01
 9.12531e+15	1.70e-07	4.02e-03	9.96e-01
 9.41281e+15	1.97e-07	4.35e-03	9.96e-01
 9.65340e+15	2.22e-07	4.63e-03	9.95e-01
 9.91017e+15	2.50e-07	4.95e-03	9.95e-01
 1.02440e+16	2.86e-07	5.39e-03	9.95e-01
 1.05749e+16	3.38e-07	5.85e-03	9.94e-01
 1.08273e+16	3.78e-07	6.22e-03	9.94e-01
 1.10452e+16	4.14e-07	6.56e-03	9.93e-01
 1.12936e+16	4.60e-07	6.98e-03	9.93e-01
 1.15578e+16	5.06e-07	7.42e-03	9.93e-01
 1.18427e+16	5.82e-07	7.96e-03	9.92e-01
 1.21220e+16	6.46e-07	8.49e-03	9.92e-01
 1.23943e+16	7.19e-07	9.07e-03	9.91e-01
 1.26881e+16	8.00e-07	9.71e-03	9.90e-01
 1.29672e+16	9.11e-07	1.04e-02	9.90e-01
 1.32323e+16	1.00e-06	1.11e-02	9.89e-01
 1.35221e+16	1.12e-06	1.19e-02	9.88e-01
 1.38438e+16	1.30e-06	1.28e-02	9.87e-01
 1.41300e+16	1.44e-06	1.38e-02	9.86e-01
 1.43866e+16	1.58e-06	1.47e-02	9.85e-01
 1.46816e+16	1.83e-06	1.59e-02	9.84e-01
 1.49894e+16	2.04e-06	1.71e-02	9.83e-01
 1.52643e+16	2.32e-06	1.85e-02	9.82e-01
 1.55317e+16	2.61e-06	1.99e-02	9.80e-01
 1.57917e+16	2.91e-06	2.14e-02	9.79e-01
 1.60432e+16	3.24e-06	2.30e-02	9.77e-01
 1.63306e+16	3.77e-06	2.52e-02	9.75e-01
 1.66229e+16	4.34e-06	2.76e-02	9.72e-01
 1.68586e+16	4.85e-06	2.98e-02	9.70e-01
 1.71020e+16	5.52e-06	3.25e-02	9.67e-01
 1.73593e+16	6.55e-06	3.58e-02	9.64e-01
 1.75660e+16	7.41e-06	3.87e-02	9.61e-01
 1.77368e+16	8.22e-06	4.14e-02	9.59e-01
 1.79294e+16	9.25e-06	4.50e-02	9.55e-01
 1.81468e+16	1.07e-05	4.95e-02	9.51e-01
 1.83461e+16	1.21e-05	5.42e-02	9.46e-01
 1.85213e+16	1.41e-05	5.91e-02	9.41e-01
 1.86784e+16	1.59e-05	6.40e-02	9.36e-01
 1.88454e+16	1.80e-05	7.00e-02	9.30e-01
 1.90325e+16	2.09e-05	7.78e-02	9.22e-01
 1.92004e+16	2.44e-05	8.60e-02	9.14e-01
 1.93384e+16	2.85e-05	9.39e-02	9.06e-01
 1.94557e+16	3.21e-05	1.02e-01	8.98e-01
 1.95811e+16	3.61e-05	1.11e-01	8.89e-01
 1.97442e+16	4.47e-05	1.25e-01	8.75e-01
 1.98813e+16	5.16e-05	1.38e-01	8.62e-01
 1.99633e+16	5.72e-05	1.47e-01	8.53e-01
 2.00485e+16	6.32e-05	1.58e-01	8.42e-01
 2.01592e+16	7.28e-05	1.73e-01	8.27e-01
 2.02668e+16	8.37e-05	1.90e-01	8.10e-01
 2.03379e+16	9.21e-05	2.01e-01	7.98e-01
 2.03864e+16	9.86e-05	2.10e-01	7.90e-01
 2.04378e+16	1.05e-04	2.21e-01	7.79e-01
 2.05046e+16	1.17e-04	2.35e-01	7.65e-01
 2.05712e+16	1.27e-04	2.49e-01	7.51e-01
 2.06376e+16	1.42e-04	2.65e-01	7.35e-01
 2.07014e+16	1.55e-04	2.81e-01	7.19e-01
 2.07619e+16	1.72e-04	2.98e-01	7.02e-01
 2.08197e+16	1.86e-04	3.14e-01	6.86e-01
 2.08741e+16	2.01e-04	3.31e-01	6.69e-01
 2.09447e+16	2.26e-04	3.53e-01	6.46e-01
 2.10105e+16	2.47e-04	3.75e-01	6.25e-01
 2.10613e+16	2.69e-04	3.92e-01	6.07e-01
 2.11080e+16	2.87e-04	4.09e-01	5.91e-01
 2.11577e+16	3.10e-04	4.28e-01	5.72e-01
 2.12223e+16	3.44e-04	4.53e-01	5.47e-01
 2.12847e+16	3.76e-04	4.76e-01	5.23e-01
 2.13356e+16	4.05e-04	4.96e-01	5.04e-01
 2.13933e+16	4.39e-04	5.19e-01	4.80e-01
 2.14683e+16	4.89e-04	5.49e-01	4.50e-01
 2.15435e+16	5.40e-04	5.79e-01	4.21e-01
 2.16044e+16	5.83e-04	6.02e-01	3.97e-01
 2.16528e+16	6.20e-04	6.20e-01	3.79e-01
 2.16923e+16	6.51e-04	6.35e-01	3.64e-01
 2.17358e+16	6.85e-04	6.51e-01	3.48e-01
 2.17925e+16	7.36e-04	6.72e-01	3.27e-01
 2.18478e+16	7.82e-04	6.91e-01	3.08e-01
 2.18920e+16	8.22e-04	7.05e-01	2.94e-01
 2.19400e+16	8.67e-04	7.21e-01	2.78e-01
 2.20024e+16	9.27e-04	7.41e-01	2.58e-01
 2.20661e+16	9.89e-04	7.59e-01	2.40e-01
 2.21176e+16	1.04e-03	7.72e-01	2.27e-01
 2.21639e+16	1.09e-03	7.84e-01	2.15e-01
 2.22170e+16	1.15e-03	7.98e-01	2.01e-01
 2.22748e+16	1.21e-03	8.11e-01	1.88e-01
 2.23281e+16	1.27e-03	8.22e-01	1.77e-01
 2.23789e+16	1.34e-03	8.33e-01	1.66e-01
 2.24369e+16	1.41e-03	8.44e-01	1.55e-01
 2.24983e+16	1.49e-03	8.54e-01	1.44e-01
 2.25507e+16	1.57e-03	8.63e-01	1.36e-01
 2.25982e+16	1.63e-03	8.70e-01	1.29e-01
 2.26523e+16	1.72e-03	8.78e-01	1.20e-01
 2.27127e+16	1.82e-03	8.86e-01	1.12e-01
 2.27687e+16	1.92e-03	8.92e-01	1.06e-01
 2.28170e+16	2.01e-03	8.98e-01	1.00e-01
 2.28680e+16	2.11e-03	9.03e-01	9.44e-02
 2.29244e+16	2.23e-03	9.09e-01	8.87e-02
 2.29758e+16	2.36e-03	9.14e-01	8.38e-02
 2.30225e+16	2.47e-03	9.18e-01	7.98e-02
 2.30682e+16	2.60e-03	9.22e-01	7.58e-02
 2.31206e+16	2.75e-03	9.26e-01	7.16e-02
 2.31766e+16	2.93e-03	9.30e-01	6.76e-02
 2.32243e+16	3.11e-03	9.33e-01	6.43e-02
 2.32666e+16	3.27e-03	9.35e-01	6.16e-02
 2.33146e+16	3.48e-03	9.38e-01	5.85e-02
 2.33681e+16	3.74e-03	9.41e-01	5.53e-02
 2.34174e+16	4.01e-03	9.43e-01	5.27e-02
 2.34608e+16	4.26e-03	9.45e-01	5.06e-02
 2.35085e+16	4.58e-03	9.47e-01	4.81e-02
 2.35704e+16	5.05e-03	9.50e-01	4.52e-02
 2.36326e+16	5.63e-03	9.52e-01	4.27e-02
 2.36789e+16	6.17e-03	9.53e-01	4.09e-02
 2.37153e+16	6.63e-03	9.54e-01	3.96e-02
 2.37548e+16	7.19e-03	9.55e-01	3.81e-02
 2.38061e+16	8.04e-03	9.56e-01	3.62e-02
 2.38582e+16	9.12e-03	9.56e-01	3.47e-02
 2.38951e+16	1.01e-02	9.56e-01	3.36e-02
 2.39197e+16	1.09e-02	9.56e-01	3.30e-02
 2.39444e+16	1.17e-02	9.56e-01	3.23e-02
 2.39765e+16	1.28e-02	9.56e-01	3.14e-02
 2.40108e+16	1.44e-02	9.55e-01	3.06e-02
 2.40391e+16	1.60e-02	9.54e-01	3.00e-02
 2.40617e+16	1.74e-02	9.53e-01	2.96e-02
 2.40855e+16	1.92e-02	9.52e-01	2.90e-02
 2.41165e+16	2.17e-02	9.50e-01	2.85e-02
 2.41475e+16	2.51e-02	9.47e-01	2.82e-02
 2.41702e+16	2.82e-02	9.44e-01	2.79e-02
 2.41875e+16	3.09e-02	9.41e-01	2.78e-02
 2.42063e+16	3.42e-02	9.38e-01	2.77e-02
 2.42306e+16	3.91e-02	9.33e-01	2.77e-02
 2.42550e+16	4.55e-02	9.27e-01	2.78e-02
 2.42731e+16	5.14e-02	9.21e-01	2.79e-02
 2.42869e+16	5.63e-02	9.15e-01	2.82e-02
 2.43016e+16	6.24e-02	9.09e-01	2.84e-02
 2.43202e+16	7.11e-02	9.00e-01	2.88e-02
 2.43390e+16	8.18e-02	8.89e-01	2.93e-02
 2.43538e+16	9.21e-02	8.78e-01	2.98e-02
 2.43655e+16	1.01e-01	8.69e-01	3.03e-02
 2.43763e+16	1.10e-01	8.59e-01	3.07e-02
 2.43870e+16	1.20e-01	8.49e-01	3.12e-02
 2.43980e+16	1.32e-01	8.36e-01	3.16e-02
 2.44066e+16	1.42e-01	8.26e-01	3.20e-02
 2.44120e+16	1.48e-01	8.20e-01	3.23e-02
 2.44171e+16	1.55e-01	8.13e-01	3.25e-02
 2.44231e+16	1.63e-01	8.04e-01	3.28e-02
 2.44299e+16	1.73e-01	7.94e-01	3.31e-02
 2.44364e+16	1.83e-01	7.84e-01	3.34e-02
 2.44425e+16	1.92e-01	7.74e-01	3.37e-02
 2.44487e+16	2.03e-01	7.63e-01	3.39e-02
 2.44550e+16	2.14e-01	7.52e-01	3.42e-02
 2.44615e+16	2.26e-01	7.39e-01	3.43e-02
 2.44679e+16	2.39e-01	7.27e-01	3.46e-02
 2.44744e+16	2.52e-01	7.13e-01	3.47e-02
 2.44809e+16	2.66e-01	6.99e-01	3.49e-02
 2.44875e+16	2.81e-01	6.84e-01	3.49e-02
 2.44943e+16	2.97e-01	6.68e-01	3.51e-02
 2.45013e+16	3.14e-01	6.51e-01	3.50e-02
 2.45084e+16	3.32e-01	6.33e-01	3.50e-02
 2.45157e+16	3.50e-01	6.15e-01	3.49e-02
 2.45232e+16	3.70e-01	5.95e-01	3.47e-02
 2.45311e+16	3.91e-01	5.75e-01	3.44e-02
 2.45393e+16	4.12e-01	5.53e-01	3.41e-02
 2.45478e+16	4.35e-01	5.31e-01	3.36e-02
 2.45567e+16	4.58e-01	5.09e-01	3.31e-02
 2.45663e+16	4.82e-01	4.86e-01	3.24e-02
 2.45764e+16	5.06e-01	4.63e-01	3.17e-02
 2.45871e+16	5.29e-01	4.40e-01	3.08e-02
 2.45988e+16	5.52e-01	4.18e-01	2.99e-02
 2.46119e+16	5.75e-01	3.96e-01	2.89e-02
 2.46262e+16	5.95e-01	3.77e-01	2.79e-02
 2.46406e+16	6.12e-01	3.61e-01	2.70e-02
 2.46548e+16	6.25e-01	3.49e-01	2.62e-02
 2.46688e+16	6.35e-01	3.40e-01	2.56e-02
 2.46826e+16	6.43e-01	3.32e-01	2.50e-02
 2.46985e+16	6.51e-01	3.25e-01	2.43e-02
 2.47191e+16	6.59e-01	3.18e-01	2.36e-02
 2.47458e+16	6.66e-01	3.11e-01	2.28e-02
 2.47806e+16	6.74e-01	3.04e-01	2.19e-02
 2.48259e+16	6.83e-01	2.96e-01	2.08e-02
 2.48847e+16	6.93e-01	2.88e-01	1.95e-02
 2.49612e+16	7.05e-01	2.77e-01	1.79e-02
 2.50505e+16	7.18e-01	2.66e-01	1.63e-02
 2.51405e+16	7.30e-01	2.55e-01	1.49e-02
 2.52272e+16	7.42e-01	2.45e-01	1.37e-02
 2.53137e+16	7.52e-01	2.35e-01	1.25e-02
 2.54031e+16	7.63e-01	2.26e-01	1.14e-02
 2.54947e+16	7.73e-01	2.16e-01	1.04e-02
 2.55865e+16	7.83e-01	2.07e-01	9.55e-03
 2.56784e+16	7.92e-01	1.99e-01	8.75e-03
 2.57695e+16	8.01e-01	1.91e-01	8.03e-03
 2.58609e+16	8.09e-01	1.84e-01	7.38e-03
 2.59539e+16	8.17e-01	1.77e-01	6.76e-03
 2.60487e+16	8.24e-01	1.69e-01	6.19e-03
 2.61448e+16	8.32e-01	1.63e-01	5.67e-03
 2.62407e+16	8.39e-01	1.56e-01	5.20e-03
 2.63367e+16	8.45e-01	1.50e-01	4.77e-03
 2.64334e+16	8.52e-01	1.44e-01	4.38e-03
 2.65310e+16	8.58e-01	1.38e-01	4.02e-03
 2.66111e+16	8.62e-01	1.34e-01	3.77e-03
 2.66662e+16	8.65e-01	1.31e-01	3.60e-03
 2.67177e+16	8.68e-01	1.29e-01	3.44e-03
 2.67746e+16	8.71e-01	1.26e-01	3.28e-03
 2.68321e+16	8.74e-01	1.23e-01	3.12e-03
 2.68868e+16	8.77e-01	1.20e-01	2.98e-03
 2.69393e+16	8.80e-01	1.18e-01	2.85e-03
 2.69907e+16	8.82e-01	1.15e-01	2.73e-03
 2.70414e+16	8.84e-01	1.13e-01	2.62e-03
 2.70914e+16	8.87e-01	1.11e-01	2.52e-03
 2.71404e+16	8.89e-01	1.09e-01	2.42e-03
 2.71881e+16	8.91e-01	1.07e-01	2.32e-03
 2.72352e+16	8.93e-01	1.05e-01	2.24e-03
 2.72819e+16	8.95e-01	1.03e-01	2.15e-03
 2.73279e+16	8.97e-01	1.01e-01	2.07e-03
 2.73731e+16	8.99e-01	9.93e-02	2.00e-03
 2.74175e+16	9.00e-01	9.77e-02	1.93e-03
 2.74613e+16	9.02e-01	9.61e-02	1.86e-03
 2.75044e+16	9.04e-01	9.45e-02	1.80e-03
 2.75470e+16	9.05e-01	9.30e-02	1.74e-03
 2.75890e+16	9.07e-01	9.15e-02	1.68e-03
 2.76304e+16	9.08e-01	9.01e-02	1.62e-03
 2.76715e+16	9.10e-01	8.87e-02	1.57e-03
 2.77121e+16	9.11e-01	8.74e-02	1.52e-03
 2.77523e+16	9.12e-01	8.61e-02	1.47e-03
 2.77922e+16	9.14e-01	8.48e-02	1.43e-03
 2.78318e+16	9.15e-01	8.35e-02	1.38e-03
 2.78712e+16	9.16e-01	8.23e-02	1.34e-03
 2.79105e+16	9.18e-01	8.11e-02	1.30e-03
 2.79497e+16	9.19e-01	8.00e-02	1.26e-03
 2.79888e+16	9.20e-01	7.88e-02	1.22e-03
 2.80281e+16	9.21e-01	7.77e-02	1.19e-03
 2.80675e+16	9.22e-01	7.66e-02	1.15e-03
 2.81078e+16	9.23e-01	7.54e-02	1.11e-03
 2.81492e+16	9.25e-01	7.43e-02	1.08e-03
 2.81914e+16	9.26e-01	7.32e-02	1.04e-03
 2.82345e+16	9.27e-01	7.20e-02	1.01e-03
 2.82788e+16	9.28e-01	7.08e-02	9.74e-04
 2.83247e+16	9.29e-01	6.97e-02	9.40e-04
 2.83716e+16	9.31e-01	6.85e-02	9.06e-04
 2.84211e+16	9.32e-01	6.72e-02	8.71e-04
 2.84762e+16	9.33e-01	6.59e-02	8.34e-04
 2.85375e+16	9.35e-01	6.44e-02	7.95e-04
 2.86068e+16	9.36e-01	6.28e-02	7.53e-04
 2.86846e+16	9.38e-01	6.10e-02	7.08e-04
 2.87621e+16	9.40e-01	5.93e-02	6.68e-04
 2.88326e+16	9.42e-01	5.78e-02	6.33e-04
 2.88968e+16	9.43e-01	5.65e-02	6.03e-04
 2.89552e+16	9.44e-01	5.54e-02	5.77e-04
 2.90084e+16	9.45e-01	5.43e-02	5.54e-04
 2.90568e+16	9.46e-01	5.34e-02	5.34e-04
 2.91098e+16	9.47e-01	5.23e-02	5.11e-04
 2.91670e+16	9.48e-01	5.12e-02	4.89e-04
 2.92191e+16	9.49e-01	5.03e-02	4.70e-04
 2.92665e+16	9.50e-01	4.94e-02	4.53e-04
 2.93096e+16	9.51e-01	4.86e-02	4.38e-04
 2.93569e+16	9.52e-01	4.77e-02	4.22e-04
 2.94079e+16	9.53e-01	4.68e-02	4.05e-04
 2.94543e+16	9.54e-01	4.60e-02	3.90e-04
 2.94966e+16	9.54e-01	4.53e-02	3.77e-04
 2.95350e+16	9.55e-01	4.46e-02	3.66e-04
 2.95771e+16	9.56e-01	4.39e-02	3.53e-04
 2.96226e+16	9.57e-01	4.31e-02	3.40e-04
 2.96640e+16	9.57e-01	4.24e-02	3.29e-04
 2.97017e+16	9.58e-01	4.18e-02	3.19e-04
 2.97360e+16	9.58e-01	4.12e-02	3.10e-04
 2.97735e+16	9.59e-01	4.06e-02	3.00e-04
 2.98141e+16	9.60e-01	3.99e-02	2.90e-04
 2.98510e+16	9.60e-01	3.94e-02	2.81e-04
 2.98845e+16	9.61e-01	3.88e-02	2.74e-04
 2.99213e+16	9.62e-01	3.82e-02	2.65e-04
 2.99610e+16	9.62e-01	3.76e-02	2.56e-04
 2.99972e+16	9.63e-01	3.71e-02	2.48e-04
 3.00301e+16	9.63e-01	3.66e-02	2.42e-04
 3.00661e+16	9.64e-01	3.60e-02	2.34e-04
 3.01050e+16	9.64e-01	3.54e-02	2.26e-04
 3.01404e+16	9.65e-01	3.49e-02	2.19e-04
 3.01727e+16	9.65e-01	3.45e-02	2.14e-04
 3.02080e+16	9.66e-01	3.39e-02	2.07e-04
 3.02461e+16	9.66e-01	3.34e-02	2.00e-04
 3.02808e+16	9.67e-01	3.29e-02	1.94e-04
 3.03124e+16	9.67e-01	3.25e-02	1.89e-04
 3.03469e+16	9.68e-01	3.20e-02	1.83e-04
 3.03843e+16	9.68e-01	3.15e-02	1.78e-04
 3.04183e+16	9.69e-01	3.10e-02	1.73e-04
 3.04492e+16	9.69e-01	3.07e-02	1.68e-04
 3.04831e+16	9.70e-01	3.02e-02	1.63e-04
 3.05197e+16	9.70e-01	2.97e-02	1.58e-04
 3.05530e+16	9.71e-01	2.93e-02	1.54e-04
 3.05894e+16	9.71e-01	2.89e-02	1.49e-04
 3.06288e+16	9.71e-01	2.84e-02	1.44e-04
 3.06647e+16	9.72e-01	2.80e-02	1.40e-04
 3.06973e+16	9.72e-01	2.76e-02	1.36e-04
 3.07330e+16	9.73e-01	2.72e-02	1.32e-04
 3.07716e+16	9.73e-01	2.68e-02	1.28e-04
 3.08067e+16	9.73e-01	2.64e-02	1.25e-04
 3.08452e+16	9.74e-01	2.60e-02	1.21e-04
 3.08867e+16	9.74e-01	2.56e-02	1.17e-04
 3.09245e+16	9.75e-01	2.52e-02	1.13e-04
 3.09589e+16	9.75e-01	2.49e-02	1.10e-04
 3.09966e+16	9.75e-01	2.45e-02	1.07e-04
 3.10373e+16	9.76e-01	2.41e-02	1.04e-04
 3.10743e+16	9.76e-01	2.37e-02	1.01e-04
 3.11149e+16	9.77e-01	2.33e-02	9.74e-05
 3.11587e+16	9.77e-01	2.30e-02	9.42e-05
 3.11985e+16	9.77e-01	2.26e-02	9.14e-05
 3.12422e+16	9.78e-01	2.22e-02	8.82e-05
 3.12894e+16	9.78e-01	2.18e-02	8.51e-05
 3.13323e+16	9.78e-01	2.15e-02	8.25e-05
 3.13713e+16	9.79e-01	2.12e-02	8.02e-05
 3.14141e+16	9.79e-01	2.08e-02	7.74e-05
 3.14603e+16	9.79e-01	2.05e-02	7.49e-05
 3.15023e+16	9.80e-01	2.01e-02	7.26e-05
 3.15484e+16	9.80e-01	1.98e-02	7.01e-05
 3.15981e+16	9.81e-01	1.94e-02	6.76e-05
 3.16434e+16	9.81e-01	1.91e-02	6.55e-05
 3.16930e+16	9.81e-01	1.88e-02	6.30e-05
 3.17465e+16	9.82e-01	1.84e-02	6.07e-05
 3.17952e+16	9.82e-01	1.81e-02	5.87e-05
 3.18486e+16	9.82e-01	1.77e-02	5.63e-05
 3.19063e+16	9.83e-01	1.74e-02	5.42e-05
 3.19587e+16	9.83e-01	1.71e-02	5.23e-05
 3.20064e+16	9.83e-01	1.68e-02	5.06e-05
 3.20587e+16	9.83e-01	1.65e-02	4.87e-05
 3.21152e+16	9.84e-01	1.62e-02	4.69e-05
 3.21666e+16	9.84e-01	1.59e-02	4.54e-05
 3.22229e+16	9.84e-01	1.56e-02	4.36e-05
 3.22836e+16	9.85e-01	1.52e-02	4.19e-05
 3.23389e+16	9.85e-01	1.50e-02	4.04e-05
 3.23996e+16	9.85e-01	1.47e-02	3.87e-05
 3.24650e+16	9.86e-01	1.43e-02	3.71e-05
 3.25245e+16	9.86e-01	1.41e-02	3.58e-05
 3.25898e+16	9.86e-01	1.38e-02	3.42e-05
 3.26602e+16	9.87e-01	1.35e-02	3.27e-05
 3.27243e+16	9.87e-01	1.32e-02	3.15e-05
 3.27826e+16	9.87e-01	1.30e-02	3.04e-05
 3.28466e+16	9.87e-01	1.27e-02	2.92e-05
 3.29156e+16	9.88e-01	1.24e-02	2.80e-05
 3.29784e+16	9.88e-01	1.22e-02	2.69e-05
 3.30472e+16	9.88e-01	1.19e-02	2.58e-05
 3.31215e+16	9.88e-01	1.17e-02	2.47e-05
 3.31891e+16	9.89e-01	1.14e-02	2.37e-05
 3.32631e+16	9.89e-01	1.12e-02	2.26e-05
 3.33431e+16	9.89e-01	1.09e-02	2.16e-05
 3.34159e+16	9.89e-01	1.07e-02	2.08e-05
 3.34956e+16	9.90e-01	1.04e-02	1.98e-05
 3.35817e+16	9.90e-01	1.02e-02	1.89e-05
 3.36601e+16	9.90e-01	9.94e-03	1.80e-05
 3.37459e+16	9.90e-01	9.69e-03	1.71e-05
 3.38386e+16	9.91e-01	9.44e-03	1.63e-05
 3.39229e+16	9.91e-01	9.23e-03	1.56e-05
 3.40154e+16	9.91e-01	8.98e-03	1.47e-05
 3.41151e+16	9.91e-01	8.74e-03	1.40e-05
 3.42059e+16	9.91e-01	8.53e-03	1.33e-05
 3.43054e+16	9.92e-01	8.29e-03	1.26e-05
 3.44128e+16	9.92e-01	8.06e-03	1.19e-05
 3.45106e+16	9.92e-01	7.86e-03	1.13e-05
 3.46177e+16	9.92e-01	7.63e-03	1.07e-05
 3.47333e+16	9.93e-01	7.40e-03	1.01e-05
 3.48385e+16	9.93e-01	7.21e-03	9.58e-06
 3.49538e+16	9.93e-01	6.99e-03	9.01e-06
 3.50783e+16	9.93e-01	6.77e-03	8.47e-06
 3.51916e+16	9.93e-01	6.59e-03	8.03e-06
 3.53157e+16	9.94e-01	6.38e-03	7.52e-06
 3.54497e+16	9.94e-01	6.17e-03	7.06e-06
 3.55716e+16	9.94e-01	6.00e-03	6.67e-06
 3.57053e+16	9.94e-01	5.80e-03	6.23e-06
 3.58668e+16	9.94e-01	5.57e-03	5.76e-06
 3.60436e+16	9.95e-01	5.34e-03	5.30e-06
 3.62304e+16	9.95e-01	5.11e-03	4.85e-06
 3.64263e+16	9.95e-01	4.88e-03	4.44e-06
 3.66298e+16	9.95e-01	4.65e-03	4.04e-06
 3.68413e+16	9.96e-01	4.43e-03	3.68e-06
 3.70584e+16	9.96e-01	4.22e-03	3.34e-06
 3.72785e+16	9.96e-01	4.02e-03	3.03e-06
 3.75017e+16	9.96e-01	3.83e-03	2.75e-06
 3.77287e+16	9.96e-01	3.65e-03	2.50e-06
 3.79598e+16	9.97e-01	3.47e-03	2.26e-06
 3.81949e+16	9.97e-01	3.30e-03	2.05e-06
 3.84340e+16	9.97e-01	3.14e-03	1.86e-06
 3.86771e+16	9.97e-01	2.98e-03	1.68e-06
 3.89241e+16	9.97e-01	2.83e-03	1.52e-06
 3.91753e+16	9.97e-01	2.69e-03	1.37e-06
 3.94262e+16	9.97e-01	2.56e-03	1.24e-06
 3.96807e+16	9.98e-01	2.43e-03	1.12e-06
 3.99448e+16	9.98e-01	2.30e-03	1.01e-06
 4.02145e+16	9.98e-01	2.18e-03	9.07e-07
 4.04876e+16	9.98e-01	2.07e-03	8.15e-07
 4.07647e+16	9.98e-01	1.96e-03	7.32e-07
 4.10469e+16	9.98e-01	1.85e-03	6.57e-07
 4.13342e+16	9.98e-01	1.75e-03	5.88e-07
 4.16265e+16	9.98e-01	1.66e-03	5.26e-07
 4.19240e+16	9.98e-01	1.57e-03	4.70e-07
 4.22270e+16	9.99e-01	1.48e-03	4.20e-07
 4.25356e+16	9.99e-01	1.39e-03	3.74e-07
 4.28499e+16	9.99e-01	1.31e-03	3.33e-07
 4.31703e+16	9.99e-01	1.24e-03	2.95e-07
 4.34973e+16	9.99e-01	1.17e-03	2.62e-07
 4.38311e+16	9.99e-01	1.10e-03	2.32e-07
 4.41719e+16	9.99e-01	1.03e-03	2.05e-07
 4.45199e+16	9.99e-01	9.66e-04	1.80e-07
 4.48755e+16	9.99e-01	9.05e-04	1.59e-07
 4.52392e+16	9.99e-01	8.47e-04	1.39e-07
 4.56115e+16	9.99e-01	7.92e-04	1.22e-07
 4.59927e+16	9.99e-01	7.40e-04	1.06e-07
 4.63835e+16	9.99e-01	6.90e-04	9.28e-08
 4.67792e+16	9.99e-01	6.44e-04	8.07e-08
 4.71845e+16	9.99e-01	5.99e-04	6.99e-08
 4.76088e+16	9.99e-01	5.56e-04	6.03e-08
 4.80457e+16	9.99e-01	5.15e-04	5.17e-08
 4.84941e+16	1.00e+00	4.76e-04	4.43e-08
 4.89602e+16	1.00e+00	4.39e-04	3.76e-08
 4.94446e+16	1.00e+00	4.03e-04	3.18e-08
 4.99470e+16	1.00e+00	3.70e-04	2.68e-08
 5.04692e+16	1.00e+00	3.38e-04	2.24e-08
 5.10140e+16	1.00e+00	3.07e-04	1.86e-08
 5.15844e+16	1.00e+00	2.79e-04	1.53e-08
 5.21853e+16	1.00e+00	2.52e-04	1.25e-08
 5.28195e+16	1.00e+00	2.26e-04	1.01e-08
 5.34896e+16	1.00e+00	2.02e-04	8.02e-09
 5.42069e+16	1.00e+00	1.79e-04	6.30e-09
 5.49780e+16	1.00e+00	1.57e-04	4.87e-09
 5.58063e+16	1.00e+00	1.37e-04	3.70e-09
 5.67060e+16	1.00e+00	1.18e-04	2.75e-09
 5.76972e+16	1.00e+00	1.00e-04	1.98e-09
 5.88322e+16	1.00e+00	8.32e-05	1.37e-09
 6.00858e+16	1.00e+00	6.81e-05	9.18e-10
 6.14712e+16	1.00e+00	5.46e-05	5.91e-10
 6.30230e+16	1.00e+00	4.28e-05	3.64e-10
 6.46288e+16	1.00e+00	3.35e-05	2.24e-10
 6.62146e+16	1.00e+00	2.65e-05	1.40e-10
 6.77916e+16	1.00e+00	2.10e-05	8.81e-11
 6.93894e+16	1.00e+00	1.67e-05	5.57e-11
 7.10239e+16	1.00e+00	1.32e-05	3.51e-11
 7.26906e+16	1.00e+00	1.05e-05	2.22e-11
 7.43869e+16	1.00e+00	8.34e-06	1.40e-11
 7.61204e+16	1.00e+00	6.62e-06	8.86e-12
 7.78869e+16	1.00e+00	5.26e-06	5.60e-12
 7.96866e+16	1.00e+00	4.19e-06	3.55e-12
 8.15278e+16	1.00e+00	3.33e-06	2.25e-12
 8.34133e+16	1.00e+00	2.64e-06	1.41e-12
 8.53249e+16	1.00e+00	2.10e-06	8.96e-13
 8.72752e+16	1.00e+00	1.67e-06	5.68e-13
 8.92961e+16	1.00e+00	1.32e-06	3.57e-13
 9.13559e+16	1.00e+00	1.05e-06	2.25e-13
 9.33945e+16	1.00e+00	8.40e-07	1.44e-13
 9.53762e+16	1.00e+00	6.79e-07	9.45e-14
 9.72967e+16	1.00e+00	5.55e-07	6.31e-14
 9.91691e+16	1.00e+00	4.57e-07	4.28e-14
 1.01000e+17	1.00e+00	3.79e-07	2.95e-14
 1.02783e+17	1.00e+00	3.17e-07	2.06e-14
 1.04509e+17	1.00e+00	2.67e-07	1.47e-14
 1.06174e+17	1.00e+00	2.27e-07	1.06e-14
 1.07775e+17	1.00e+00	1.94e-07	7.79e-15
 1.09315e+17	1.00e+00	1.68e-07	5.82e-15
 1.10794e+17	1.00e+00	1.46e-07	4.41e-15
 1.12212e+17	1.00e+00	1.28e-07	3.39e-15
 1.13567e+17	1.00e+00	1.13e-07	2.64e-15
 1.14862e+17	1.00e+00	1.00e-07	2.08e-15
 1.16097e+17	1.00e+00	8.98e-08	1.67e-15
 1.17275e+17	1.00e+00	8.08e-08	1.35e-15
 1.18398e+17	1.00e+00	7.31e-08	1.11e-15
 1.19468e+17	1.00e+00	6.65e-08	9.16e-16
 1.20486e+17	1.00e+00	6.08e-08	7.66e-16
 1.21455e+17	1.00e+00	5.59e-08	6.47e-16
 1.22377e+17	1.00e+00	5.16e-08	5.52e-16
 1.23255e+17	1.00e+00	4.78e-08	4.74e-16
 1.24090e+17	1.00e+00	4.45e-08	4.11e-16
 1.24884e+17	1.00e+00	4.16e-08	3.59e-16
 1.25638e+17	1.00e+00	3.90e-08	3.16e-16
 1.26357e+17	1.00e+00	3.67e-08	2.80e-16
 1.27041e+17	1.00e+00	3.47e-08	2.49e-16
 1.27693e+17	1.00e+00	3.28e-08	2.23e-16
 1.28314e+17	1.00e+00	3.11e-08	2.01e-16
 1.28905e+17	1.00e+00	2.96e-08	1.83e-16
 1.29468e+17	1.00e+00	2.83e-08	1.66e-16
 1.30005e+17	1.00e+00	2.71e-08	1.52e-16
 1.30517e+17	1.00e+00	2.59e-08	1.40e-16
 1.31007e+17	1.00e+00	2.49e-08	1.29e-16
 1.31475e+17	1.00e+00	2.40e-08	1.19e-16
 1.31922e+17	1.00e+00	2.31e-08	1.11e-16
 1.32350e+17	1.00e+00	2.23e-08	1.04e-16
 1.32760e+17	1.00e+00	2.16e-08	9.68e-17
 1.33153e+17	1.00e+00	2.09e-08	9.08e-17
 1.33530e+17	1.00e+00	2.03e-08	8.54e-17
 1.33893e+17	1.00e+00	1.97e-08	8.05e-17
 1.34242e+17	1.00e+00	1.91e-08	7.61e-17
 1.34579e+17	1.00e+00	1.86e-08	7.21e-17
 1.34904e+17	1.00e+00	1.81e-08	6.84e-17
 1.35219e+17	1.00e+00	1.77e-08	6.50e-17
 1.35524e+17	1.00e+00	1.72e-08	6.19e-17
 1.35821e+17	1.00e+00	1.68e-08	5.90e-17
 1.36111e+17	1.00e+00	1.64e-08	5.63e-17
 1.36394e+17	1.00e+00	1.61e-08	5.38e-17
 1.36672e+17	1.00e+00	1.57e-08	5.15e-17
 1.36946e+17	1.00e+00	1.54e-08	4.93e-17
 1.37217e+17	1.00e+00	1.50e-08	4.72e-17
 1.37487e+17	1.00e+00	1.47e-08	4.52e-17
 1.37756e+17	1.00e+00	1.44e-08	4.33e-17
 1.38027e+17	1.00e+00	1.41e-08	4.14e-17
 1.38302e+17	1.00e+00	1.38e-08	3.97e-17
 1.38583e+17	1.00e+00	1.35e-08	3.79e-17
 1.38873e+17	1.00e+00	1.32e-08	3.62e-17
 1.39175e+17	1.00e+00	1.29e-08	3.45e-17
 1.39493e+17	1.00e+00	1.25e-08	3.28e-17
 1.39834e+17	1.00e+00	1.22e-08	3.10e-17
 1.40204e+17	1.00e+00	1.18e-08	2.93e-17
 1.40614e+17	1.00e+00	1.15e-08	2.74e-17
 1.41078e+17	1.00e+00	1.10e-08	2.54e-17
 1.41617e+17	1.00e+00	1.06e-08	2.33e-17
 1.42262e+17	1.00e+00	1.00e-08	2.10e-17
 1.43059e+17	1.00e+00	9.41e-09	1.85e-17
 1.44079e+17	1.00e+00	8.67e-09	1.57e-17
 1.45405e+17	1.00e+00	7.79e-09	1.27e-17
 1.47130e+17	1.00e+00	6.79e-09	9.65e-18
 1.49371e+17	1.00e+00	5.70e-09	6.78e-18
 1.52285e+17	1.00e+00	4.54e-09	4.31e-18
 1.56073e+17	1.00e+00	3.40e-09	2.42e-18
 1.60997e+17	1.00e+00	2.34e-09	1.15e-18
 1.66854e+17	1.00e+00	1.53e-09	4.95e-19
 1.73089e+17	1.00e+00	9.88e-10	2.06e-19
 1.79537e+17	1.00e+00	6.32e-10	8.45e-20
 1.86140e+17	1.00e+00	4.05e-10	3.47e-20
 1.92774e+17	1.00e+00	2.61e-10	1.44e-20
 1.99409e+17	1.00e+00	1.69e-10	6.10e-21
 2.06043e+17	1.00e+00	1.11e-10	0.00e+00
 2.12677e+17	1.00e+00	7.33e-11	0.00e+00
 2.19312e+17	1.00e+00	4.90e-11	0.00e+00
 2.25946e+17	1.00e+00	3.31e-11	0.00e+00
 2.32581e+17	1.00e+00	2.27e-11	0.00e+00
 2.39215e+17	1.00e+00	1.58e-11	0.00e+00
 2.45849e+17	1.00e+00	1.12e-11	0.00e+00
 2.52484e+17	1.00e+00	8.17e-12	0.00e+00
 2.59118e+17	1.00e+00	6.11e-12	0.00e+00
 2.65752e+17	1.00e+00	4.72e-12	0.00e+00
 2.72387e+17	1.00e+00	3.77e-12	0.00e+00
 2.79021e+17	1.00e+00	3.11e-12	0.00e+00
 2.85656e+17	1.00e+00	2.64e-12	0.00e+00
 2.92290e+17	1.00e+00	2.31e-12	0.00e+00
 2.98924e+17	1.00e+00	2.07e-12	0.00e+00
 3.05559e+17	1.00e+00	1.89e-12	0.00e+00
 3.12193e+17	1.00e+00	1.75e-12	0.00e+00
 3.18827e+17	1.00e+00	1.63e-12	0.00e+00
 3.25462e+17	1.00e+00	1.54e-12	0.00e+00
 3.32096e+17	1.00e+00	1.46e-12	0.00e+00
 3.38731e+17	1.00e+00	1.39e-12	0.00e+00
 3.45365e+17	1.00e+00	1.32e-12	0.00e+00
 3.52000e+17	1.00e+00	1.26e-12	0.00e+00
 3.59629e+17	1.00e+00	1.20e-12	0.00e+00
 3.69548e+17	1.00e+00	9.55e-13	0.00e+00
 3.82442e+17	1.00e+00	6.62e-13	0.00e+00
 3.97524e+17	1.00e+00	3.96e-13	0.00e+00
 4.12893e+17	1.00e+00	2.98e-13	0.00e+00
 4.26827e+17	1.00e+00	2.66e-13	0.00e+00
 4.37490e+17	1.00e+00	2.95e-13	0.00e+00
 4.43994e+17	1.00e+00	3.85e-13	0.00e+00
 4.47204e+17	1.00e+00	4.84e-13	0.00e+00
 4.48796e+17	1.00e+00	5.38e-13	0.00e+00
 4.49730e+17	1.00e+00	5.67e-13	0.00e+00
 4.50302e+17	1.00e+00	5.83e-13	0.00e+00
 4.50746e+17	1.00e+00	5.93e-13	0.00e+00
 4.51248e+17	1.00e+00	6.01e-13	0.00e+00
 4.51860e+17	1.00e+00	6.08e-13	0.00e+00
 4.52472e+17	1.00e+00	6.15e-13	0.00e+00
 4.52978e+17	1.00e+00	6.19e-13	0.00e+00
 4.53390e+17	1.00e+00	6.22e-13	0.00e+00
 4.53746e+17	1.00e+00	6.25e-13	0.00e+00
 4.54092e+17	1.00e+00	6.26e-13	0.00e+00
 4.54460e+17	1.00e+00	6.27e-13	0.00e+00
 4.54845e+17	1.00e+00	6.28e-13	0.00e+00
 4.55203e+17	1.00e+00	6.28e-13	0.00e+00
 4.55503e+17	1.00e+00	6.28e-13	0.00e+00
 4.55755e+17	1.00e+00	6.28e-13	0.00e+00
 4.56002e+17	1.00e+00	6.28e-13	0.00e+00
 4.56278e+17	1.00e+00	6.27e-13	0.00e+00
 4.56558e+17	1.00e+00	6.26e-13	0.00e+00
 4.56800e+17	1.00e+00	6.25e-13	0.00e+00
 4.57010e+17	1.00e+00	6.24e-13	0.00e+00
 4.57220e+17	1.00e+00	6.23e-13	0.00e+00
 4.57446e+17	1.00e+00	6.22e-13	0.00e+00
 4.57683e+17	1.00e+00	6.20e-13	0.00e+00
 4.57895e+17	1.00e+00	6.19e-13	0.00e+00
 4.58074e+17	1.00e+00	6.17e-13	0.00e+00
 4.58242e+17	1.00e+00	6.17e-13	0.00e+00
 4.58429e+17	1.00e+00	6.15e-13	0.00e+00
 4.58637e+17	1.00e+00	6.13e-13	0.00e+00
 4.58834e+17	1.00e+00	6.11e-13	0.00e+00
 4.59005e+17	1.00e+00	6.10e-13	0.00e+00
 4.59164e+17	1.00e+00	6.08e-13	0.00e+00
 4.59330e+17	1.00e+00	6.07e-13	0.00e+00
 4.59508e+17	1.00e+00	6.05e-13	0.00e+00
 4.59693e+17	1.00e+00	6.02e-13	0.00e+00
 4.59873e+17	1.00e+00	6.00e-13	0.00e+00
 4.60043e+17	1.00e+00	5.98e-13	0.00e+00
 4.60208e+17	1.00e+00	5.96e-13	0.00e+00
 4.60372e+17	1.00e+00	5.94e-13	0.00e+00
 4.60550e+17	1.00e+00	5.92e-13	0.00e+00
 4.60741e+17	1.00e+00	5.89e-13	0.00e+00
 4.60931e+17	1.00e+00	5.87e-13	0.00e+00
 4.61112e+17	1.00e+00	5.84e-13	0.00e+00
 4.61284e+17	1.00e+00	5.82e-13	0.00e+00
 4.61467e+17	1.00e+00	5.79e-13	0.00e+00
 4.61681e+17	1.00e+00	5.76e-13	0.00e+00
 4.61908e+17	1.00e+00	5.72e-13	0.00e+00
 4.62129e+17	1.00e+00	5.69e-13	0.00e+00
 4.62325e+17	1.00e+00	5.65e-13	0.00e+00
 4.62507e+17	1.00e+00	5.63e-13	0.00e+00
 4.62713e+17	1.00e+00	5.60e-13	0.00e+00
 4.62950e+17	1.00e+00	5.56e-13	0.00e+00
 4.63200e+17	1.00e+00	5.51e-13	0.00e+00
 4.63439e+17	1.00e+00	5.47e-13	0.00e+00
 4.63665e+17	1.00e+00	5.43e-13	0.00e+00
 4.63909e+17	1.00e+00	5.39e-13	0.00e+00
 4.64183e+17	1.00e+00	5.34e-13	0.00e+00
 4.64463e+17	1.00e+00	5.29e-13	0.00e+00
 4.64729e+17	1.00e+00	5.24e-13	0.00e+00
 4.64995e+17	1.00e+00	5.19e-13	0.00e+00
 4.65282e+17	1.00e+00	5.14e-13	0.00e+00
 4.65582e+17	1.00e+00	5.09e-13	0.00e+00
 4.65892e+17	1.00e+00	5.03e-13	0.00e+00
 4.66210e+17	1.00e+00	4.97e-13	0.00e+00
 4.66533e+17	1.00e+00	4.91e-13	0.00e+00
 4.66872e+17	1.00e+00	4.84e-13	0.00e+00
 4.67221e+17	1.00e+00	4.78e-13	0.00e+00
 4.67577e+17	1.00e+00	4.71e-13	0.00e+00
 4.67940e+17	1.00e+00	4.64e-13	0.00e+00
 4.68312e+17	1.00e+00	4.57e-13	0.00e+00
 4.68698e+17	1.00e+00	4.49e-13	0.00e+00
 4.69090e+17	1.00e+00	4.42e-13	0.00e+00
 4.69497e+17	1.00e+00	4.34e-13	0.00e+00
 4.69923e+17	1.00e+00	4.26e-13	0.00e+00
 4.70365e+17	1.00e+00	4.18e-13	0.00e+00
 4.70823e+17	1.00e+00	4.09e-13	0.00e+00
 4.71285e+17	1.00e+00	4.00e-13	0.00e+00
 4.71743e+17	1.00e+00	3.92e-13	0.00e+00
 4.72225e+17	1.00e+00	3.83e-13	0.00e+00
 4.72754e+17	1.00e+00	3.73e-13	0.00e+00
 4.73284e+17	1.00e+00	3.63e-13	0.00e+00
 4.73785e+17	1.00e+00	3.54e-13	0.00e+00
 4.74298e+17	1.00e+00	3.45e-13	0.00e+00
 4.74861e+17	1.00e+00	3.35e-13	0.00e+00
 4.75457e+17	1.00e+00	3.24e-13	0.00e+00
 4.76044e+17	1.00e+00	3.13e-13	0.00e+00
 4.76615e+17	1.00e+00	3.03e-13	0.00e+00
 4.77198e+17	1.00e+00	2.94e-13	0.00e+00
 4.77816e+17	1.00e+00	2.84e-13	0.00e+00
 4.78466e+17	1.00e+00	2.73e-13	0.00e+00
 4.79119e+17	1.00e+00	2.62e-13	0.00e+00
 4.79771e+17	1.00e+00	2.52e-13	0.00e+00
 4.80439e+17	1.00e+00	2.41e-13	0.00e+00
 4.81131e+17	1.00e+00	2.31e-13	0.00e+00
 4.81843e+17	1.00e+00	2.20e-13	0.00e+00
 4.82564e+17	1.00e+00	2.10e-13	0.00e+00
 4.83289e+17	1.00e+00	1.99e-13	0.00e+00
 4.84025e+17	1.00e+00	1.89e-13	0.00e+00
 4.84786e+17	1.00e+00	1.79e-13	0.00e+00
 4.85578e+17	1.00e+00	1.69e-13	0.00e+00
 4.86379e+17	1.00e+00	1.59e-13	0.00e+00
 4.87207e+17	1.00e+00	1.49e-13	0.00e+00
 4.88061e+17	1.00e+00	1.39e-13	0.00e+00
 4.88915e+17	1.00e+00	1.30e-13	0.00e+00
 4.89777e+17	1.00e+00	1.21e-13	0.00e+00
 4.90681e+17	1.00e+00	1.12e-13	0.00e+00
 4.91615e+17	1.00e+00	1.03e-13	0.00e+00
 4.92474e+17	1.00e+00	9.45e-14	0.00e+00
 4.93186e+17	1.00e+00	8.76e-14	0.00e+00
 4.93764e+17	1.00e+00	8.27e-14	0.00e+00
 4.94294e+17	1.00e+00	7.85e-14	0.00e+00
 4.94846e+17	1.00e+00	7.46e-14	0.00e+00
 4.95416e+17	1.00e+00	7.05e-14	0.00e+00
 4.95955e+17	1.00e+00	6.65e-14	0.00e+00
 4.96430e+17	1.00e+00	6.32e-14	0.00e+00
 4.96855e+17	1.00e+00	6.03e-14	0.00e+00
 4.97263e+17	1.00e+00	5.77e-14	0.00e+00
 4.97678e+17	1.00e+00	5.53e-14	0.00e+00
 4.98095e+17	1.00e+00	5.28e-14	0.00e+00
 4.98493e+17	1.00e+00	5.05e-14	0.00e+00
 4.98859e+17	1.00e+00	4.84e-14	0.00e+00
 4.99201e+17	1.00e+00	4.65e-14	0.00e+00
 4.99535e+17	1.00e+00	4.48e-14	0.00e+00
 4.99871e+17	1.00e+00	4.30e-14	0.00e+00
 5.00203e+17	1.00e+00	4.14e-14	0.00e+00
 5.00520e+17	1.00e+00	3.98e-14	0.00e+00
 5.00818e+17	1.00e+00	3.83e-14	0.00e+00
 5.01103e+17	1.00e+00	3.70e-14	0.00e+00
 5.01383e+17	1.00e+00	3.57e-14	0.00e+00
 5.01660e+17	1.00e+00	3.45e-14	0.00e+00
 5.01931e+17	1.00e+00	3.33e-14	0.00e+00
 5.02192e+17	1.00e+00	3.21e-14	0.00e+00
 5.02441e+17	1.00e+00	3.10e-14	0.00e+00
 5.02680e+17	1.00e+00	3.00e-14	0.00e+00
 5.02914e+17	1.00e+00	2.91e-14	0.00e+00
 5.03146e+17	1.00e+00	2.81e-14	0.00e+00
 5.03411e+17	1.00e+00	2.72e-14	0.00e+00
 5.03756e+17	1.00e+00	2.61e-14	0.00e+00
 5.04204e+17	1.00e+00	2.46e-14	0.00e+00
 5.04786e+17	1.00e+00	2.28e-14	0.00e+00
