#depth	C	C+	C+2	C+3	C+4	C+5	C+6	C[1]	C[2]	C[3]	C+[1]	C+[2]	CO
 1.49634e+10	0.00e+00	0.00e+00	8.16e-31	4.86e-21	1.16e-10	1.63e-04	1.00e+00	0.00e+00	0.00e+00	0.00e+00	0.00e+00	0.00e+00	0.00e+00
 4.54887e+10	0.00e+00	9.17e-41	1.11e-30	6.14e-21	1.35e-10	1.77e-04	1.00e+00	0.00e+00	0.00e+00	0.00e+00	0.00e+00	0.00e+00	0.00e+00
 7.72350e+10	0.00e+00	0.00e+00	1.53e-30	7.78e-21	1.58e-10	1.91e-04	1.00e+00	0.00e+00	0.00e+00	0.00e+00	0.00e+00	0.00e+00	0.00e+00
 1.10251e+11	0.00e+00	2.02e-40	2.10e-30	9.87e-21	1.85e-10	2.07e-04	1.00e+00	0.00e+00	0.00e+00	0.00e+00	0.00e+00	0.00e+00	0.00e+00
 1.44588e+11	0.00e+00	0.00e+00	2.88e-30	1.25e-20	2.17e-10	2.23e-04	1.00e+00	0.00e+00	0.00e+00	0.00e+00	0.00e+00	0.00e+00	0.00e+00
 1.78433e+11	0.00e+00	4.37e-40	3.89e-30	1.57e-20	2.53e-10	2.40e-04	1.00e+00	0.00e+00	0.00e+00	0.00e+00	0.00e+00	0.00e+00	0.00e+00
 2.13631e+11	0.00e+00	0.00e+00	5.26e-30	1.97e-20	2.94e-10	2.58e-04	1.00e+00	0.00e+00	0.00e+00	0.00e+00	0.00e+00	0.00e+00	0.00e+00
 2.52103e+11	0.00e+00	9.48e-40	7.23e-30	2.50e-20	3.45e-10	2.79e-04	1.00e+00	0.00e+00	0.00e+00	0.00e+00	0.00e+00	0.00e+00	1.18e-215
 2.86573e+11	0.00e+00	0.00e+00	9.50e-30	3.07e-20	3.96e-10	2.98e-04	1.00e+00	0.00e+00	0.00e+00	0.00e+00	0.00e+00	0.00e+00	7.11e-216
 3.14947e+11	0.00e+00	1.75e-39	1.18e-29	3.62e-20	4.42e-10	3.14e-04	1.00e+00	0.00e+00	0.00e+00	0.00e+00	0.00e+00	0.00e+00	4.66e-215
 3.46035e+11	0.00e+00	0.00e+00	1.50e-29	4.31e-20	4.98e-10	3.31e-04	1.00e+00	0.00e+00	0.00e+00	0.00e+00	0.00e+00	0.00e+00	1.47e-286
 3.85843e+11	0.00e+00	3.39e-39	2.01e-29	5.38e-20	5.78e-10	3.57e-04	1.00e+00	0.00e+00	0.00e+00	0.00e+00	0.00e+00	0.00e+00	2.94e-166
 4.28016e+11	0.00e+00	0.00e+00	2.70e-29	6.73e-20	6.71e-10	3.83e-04	1.00e+00	0.00e+00	0.00e+00	0.00e+00	0.00e+00	0.00e+00	2.94e-213
 4.66025e+11	0.00e+00	6.78e-39	3.50e-29	8.18e-20	7.65e-10	4.08e-04	1.00e+00	0.00e+00	0.00e+00	0.00e+00	0.00e+00	0.00e+00	3.16e-260
 5.07588e+11	0.00e+00	0.00e+00	4.61e-29	1.01e-19	8.79e-10	4.35e-04	1.00e+00	0.00e+00	0.00e+00	0.00e+00	0.00e+00	0.00e+00	2.24e-247
 5.56665e+11	0.00e+00	1.42e-38	6.33e-29	1.28e-19	1.03e-09	4.71e-04	1.00e+00	0.00e+00	0.00e+00	0.00e+00	0.00e+00	0.00e+00	0.00e+00
 6.05421e+11	0.00e+00	0.00e+00	8.55e-29	1.60e-19	1.20e-09	5.06e-04	9.99e-01	0.00e+00	0.00e+00	0.00e+00	0.00e+00	0.00e+00	1.76e-207
 6.48303e+11	0.00e+00	2.84e-38	1.10e-28	1.94e-19	1.37e-09	5.38e-04	9.99e-01	0.00e+00	0.00e+00	0.00e+00	0.00e+00	0.00e+00	7.40e-211
 6.93637e+11	0.00e+00	0.00e+00	1.44e-28	2.37e-19	1.57e-09	5.73e-04	9.99e-01	0.00e+00	0.00e+00	0.00e+00	0.00e+00	0.00e+00	1.23e-206
 7.48609e+11	0.00e+00	5.81e-38	1.96e-28	2.99e-19	1.84e-09	6.18e-04	9.99e-01	0.00e+00	0.00e+00	0.00e+00	0.00e+00	0.00e+00	0.00e+00
 8.02918e+11	0.00e+00	0.00e+00	2.63e-28	3.74e-19	2.14e-09	6.64e-04	9.99e-01	0.00e+00	0.00e+00	0.00e+00	0.00e+00	0.00e+00	0.00e+00
 8.50264e+11	0.00e+00	1.14e-37	3.38e-28	4.51e-19	2.43e-09	7.05e-04	9.99e-01	0.00e+00	0.00e+00	0.00e+00	0.00e+00	0.00e+00	3.66e-210
 9.01750e+11	0.00e+00	0.00e+00	4.41e-28	5.51e-19	2.78e-09	7.51e-04	9.99e-01	0.00e+00	0.00e+00	0.00e+00	0.00e+00	0.00e+00	0.00e+00
 9.64431e+11	0.00e+00	2.35e-37	6.02e-28	6.98e-19	3.26e-09	8.10e-04	9.99e-01	0.00e+00	0.00e+00	0.00e+00	0.00e+00	0.00e+00	7.16e-208
 1.02748e+12	0.00e+00	0.00e+00	8.15e-28	8.76e-19	3.81e-09	8.72e-04	9.99e-01	0.00e+00	0.00e+00	0.00e+00	0.00e+00	0.00e+00	0.00e+00
 1.08379e+12	0.00e+00	4.73e-37	1.06e-27	1.07e-18	4.36e-09	9.28e-04	9.99e-01	0.00e+00	0.00e+00	0.00e+00	0.00e+00	0.00e+00	0.00e+00
 1.14554e+12	0.00e+00	0.00e+00	1.40e-27	1.32e-18	5.03e-09	9.91e-04	9.99e-01	0.00e+00	0.00e+00	0.00e+00	0.00e+00	0.00e+00	0.00e+00
 1.21901e+12	0.00e+00	9.99e-37	1.93e-27	1.68e-18	5.94e-09	1.07e-03	9.99e-01	0.00e+00	0.00e+00	0.00e+00	0.00e+00	0.00e+00	0.00e+00
 1.29204e+12	0.00e+00	0.00e+00	2.63e-27	2.12e-18	6.96e-09	1.16e-03	9.99e-01	0.00e+00	0.00e+00	0.00e+00	0.00e+00	0.00e+00	0.00e+00
 1.35900e+12	0.00e+00	2.06e-36	3.46e-27	2.61e-18	8.02e-09	1.23e-03	9.99e-01	0.00e+00	0.00e+00	0.00e+00	0.00e+00	0.00e+00	0.00e+00
 1.43376e+12	1.96e-46	2.98e-36	4.66e-27	3.27e-18	9.35e-09	1.32e-03	9.99e-01	0.00e+00	0.00e+00	0.00e+00	0.00e+00	0.00e+00	2.59e-137
 1.52051e+12	0.00e+00	0.00e+00	6.50e-27	4.21e-18	1.11e-08	1.44e-03	9.99e-01	0.00e+00	0.00e+00	0.00e+00	0.00e+00	0.00e+00	0.00e+00
 1.60623e+12	0.00e+00	6.69e-36	8.93e-27	5.35e-18	1.31e-08	1.55e-03	9.98e-01	0.00e+00	0.00e+00	0.00e+00	0.00e+00	0.00e+00	3.26e-155
 1.68381e+12	7.76e-46	9.44e-36	1.18e-26	6.61e-18	1.51e-08	1.66e-03	9.98e-01	0.00e+00	0.00e+00	0.00e+00	0.00e+00	0.00e+00	0.00e+00
 1.76740e+12	0.00e+00	0.00e+00	1.58e-26	8.25e-18	1.76e-08	1.78e-03	9.98e-01	0.00e+00	0.00e+00	0.00e+00	0.00e+00	0.00e+00	0.00e+00
 1.86591e+12	0.00e+00	2.05e-35	2.21e-26	1.06e-17	2.09e-08	1.93e-03	9.98e-01	0.00e+00	0.00e+00	0.00e+00	0.00e+00	0.00e+00	3.81e-201
 1.96282e+12	3.14e-45	3.04e-35	3.03e-26	1.35e-17	2.47e-08	2.09e-03	9.98e-01	0.00e+00	0.00e+00	0.00e+00	0.00e+00	0.00e+00	2.28e-134
 2.05211e+12	0.00e+00	0.00e+00	4.01e-26	1.67e-17	2.85e-08	2.23e-03	9.98e-01	0.00e+00	0.00e+00	0.00e+00	0.00e+00	0.00e+00	0.00e+00
 2.13303e+12	0.00e+00	5.89e-35	5.15e-26	2.01e-17	3.25e-08	2.37e-03	9.98e-01	0.00e+00	0.00e+00	0.00e+00	0.00e+00	0.00e+00	4.00e-152
 2.20750e+12	9.66e-45	7.77e-35	6.45e-26	2.39e-17	3.65e-08	2.50e-03	9.97e-01	0.00e+00	0.00e+00	0.00e+00	0.00e+00	0.00e+00	2.04e-199
 2.29303e+12	0.00e+00	1.07e-34	8.32e-26	2.90e-17	4.17e-08	2.66e-03	9.97e-01	0.00e+00	0.00e+00	0.00e+00	0.00e+00	0.00e+00	2.75e-151
 2.40317e+12	2.24e-44	1.57e-34	1.14e-25	3.67e-17	4.90e-08	2.87e-03	9.97e-01	0.00e+00	0.00e+00	0.00e+00	0.00e+00	0.00e+00	2.23e-198
 2.51652e+12	0.00e+00	2.33e-34	1.56e-25	4.66e-17	5.77e-08	3.10e-03	9.97e-01	0.00e+00	0.00e+00	0.00e+00	0.00e+00	0.00e+00	3.44e-150
 2.61171e+12	5.25e-44	3.19e-34	2.01e-25	5.65e-17	6.59e-08	3.30e-03	9.97e-01	0.00e+00	0.00e+00	0.00e+00	0.00e+00	0.00e+00	0.00e+00
 2.71203e+12	0.00e+00	4.46e-34	2.64e-25	6.92e-17	7.57e-08	3.52e-03	9.96e-01	0.00e+00	0.00e+00	0.00e+00	0.00e+00	0.00e+00	2.81e-149
 2.83908e+12	1.26e-43	6.66e-34	3.64e-25	8.84e-17	8.95e-08	3.81e-03	9.96e-01	0.00e+00	0.00e+00	0.00e+00	0.00e+00	0.00e+00	0.00e+00
 2.97236e+12	0.00e+00	1.01e-33	5.08e-25	1.14e-16	1.06e-07	4.13e-03	9.96e-01	0.00e+00	0.00e+00	0.00e+00	0.00e+00	0.00e+00	3.84e-148
 3.09158e+12	3.21e-43	1.44e-33	6.79e-25	1.41e-16	1.24e-07	4.43e-03	9.96e-01	0.00e+00	0.00e+00	0.00e+00	0.00e+00	0.00e+00	0.00e+00
 3.22100e+12	0.00e+00	2.13e-33	9.27e-25	1.79e-16	1.45e-07	4.77e-03	9.95e-01	0.00e+00	0.00e+00	0.00e+00	0.00e+00	0.00e+00	4.16e-147
 3.37499e+12	8.61e-43	3.29e-33	1.32e-24	2.33e-16	1.74e-07	5.20e-03	9.95e-01	0.00e+00	0.00e+00	0.00e+00	0.00e+00	0.00e+00	1.83e-207
 3.51656e+12	0.00e+00	4.91e-33	1.82e-24	2.97e-16	2.05e-07	5.62e-03	9.94e-01	0.00e+00	0.00e+00	0.00e+00	0.00e+00	0.00e+00	5.98e-146
 3.62860e+12	2.01e-42	6.68e-33	2.33e-24	3.57e-16	2.33e-07	5.97e-03	9.94e-01	0.00e+00	0.00e+00	0.00e+00	0.00e+00	0.00e+00	0.00e+00
 3.74662e+12	0.00e+00	9.13e-33	2.99e-24	4.31e-16	2.65e-07	6.34e-03	9.94e-01	0.00e+00	0.00e+00	0.00e+00	0.00e+00	0.00e+00	4.24e-145
 3.90004e+12	4.77e-42	1.37e-32	4.15e-24	5.51e-16	3.13e-07	6.86e-03	9.93e-01	0.00e+00	0.00e+00	0.00e+00	0.00e+00	0.00e+00	2.56e-259
 4.06127e+12	0.00e+00	2.08e-32	5.80e-24	7.08e-16	3.71e-07	7.44e-03	9.93e-01	0.00e+00	0.00e+00	0.00e+00	0.00e+00	0.00e+00	5.63e-144
 4.19871e+12	1.20e-41	2.95e-32	7.68e-24	8.74e-16	4.28e-07	7.96e-03	9.92e-01	0.00e+00	0.00e+00	0.00e+00	0.00e+00	0.00e+00	0.00e+00
 4.34344e+12	0.00e+00	4.23e-32	1.03e-23	1.09e-15	4.97e-07	8.54e-03	9.91e-01	0.00e+00	0.00e+00	0.00e+00	0.00e+00	0.00e+00	5.16e-143
 4.52872e+12	3.19e-41	6.67e-32	1.48e-23	1.43e-15	5.98e-07	9.33e-03	9.91e-01	0.00e+00	0.00e+00	0.00e+00	0.00e+00	0.00e+00	0.00e+00
 4.71599e+12	0.00e+00	1.05e-31	2.13e-23	1.87e-15	7.19e-07	1.02e-02	9.90e-01	0.00e+00	0.00e+00	0.00e+00	0.00e+00	0.00e+00	8.51e-142
 4.86986e+12	8.50e-41	1.51e-31	2.85e-23	2.33e-15	8.33e-07	1.09e-02	9.89e-01	0.00e+00	0.00e+00	0.00e+00	0.00e+00	0.00e+00	0.00e+00
 5.03102e+12	0.00e+00	2.19e-31	3.85e-23	2.91e-15	9.70e-07	1.17e-02	9.88e-01	0.00e+00	0.00e+00	0.00e+00	0.00e+00	0.00e+00	8.19e-141
 5.23952e+12	2.37e-40	3.52e-31	5.65e-23	3.87e-15	1.18e-06	1.29e-02	9.87e-01	0.00e+00	0.00e+00	0.00e+00	0.00e+00	0.00e+00	0.00e+00
 5.44946e+12	0.00e+00	5.63e-31	8.24e-23	5.13e-15	1.42e-06	1.41e-02	9.86e-01	0.00e+00	0.00e+00	0.00e+00	0.00e+00	0.00e+00	1.45e-139
 5.61744e+12	6.46e-40	8.12e-31	1.11e-22	6.39e-15	1.65e-06	1.51e-02	9.85e-01	0.00e+00	0.00e+00	0.00e+00	0.00e+00	0.00e+00	5.51e-242
 5.79096e+12	0.00e+00	1.18e-30	1.49e-22	7.98e-15	1.92e-06	1.63e-02	9.84e-01	0.00e+00	0.00e+00	0.00e+00	0.00e+00	0.00e+00	1.35e-138
 6.01454e+12	1.77e-39	1.88e-30	2.17e-22	1.06e-14	2.31e-06	1.78e-02	9.82e-01	0.00e+00	0.00e+00	0.00e+00	0.00e+00	0.00e+00	7.41e-241
 6.24822e+12	0.00e+00	3.01e-30	3.19e-22	1.40e-14	2.80e-06	1.95e-02	9.80e-01	0.00e+00	0.00e+00	0.00e+00	0.00e+00	0.00e+00	2.27e-137
 6.44994e+12	5.02e-39	4.47e-30	4.39e-22	1.78e-14	3.29e-06	2.11e-02	9.79e-01	0.00e+00	0.00e+00	0.00e+00	0.00e+00	0.00e+00	3.16e-240
 6.64796e+12	0.00e+00	6.52e-30	5.95e-22	2.24e-14	3.83e-06	2.27e-02	9.77e-01	0.00e+00	0.00e+00	0.00e+00	0.00e+00	0.00e+00	2.29e-136
 6.87402e+12	1.30e-38	9.90e-30	8.34e-22	2.88e-14	4.54e-06	2.46e-02	9.75e-01	0.00e+00	0.00e+00	0.00e+00	0.00e+00	0.00e+00	0.00e+00
 7.12281e+12	0.00e+00	1.54e-29	1.19e-21	3.76e-14	5.43e-06	2.68e-02	9.73e-01	0.00e+00	0.00e+00	0.00e+00	0.00e+00	0.00e+00	2.98e-135
 7.37557e+12	3.71e-38	2.37e-29	1.69e-21	4.89e-14	6.47e-06	2.92e-02	9.71e-01	0.00e+00	0.00e+00	0.00e+00	0.00e+00	0.00e+00	1.14e-252
 7.60452e+12	0.00e+00	3.46e-29	2.30e-21	6.15e-14	7.54e-06	3.14e-02	9.69e-01	0.00e+00	0.00e+00	0.00e+00	0.00e+00	0.00e+00	3.34e-134
 7.80859e+12	8.58e-38	4.78e-29	2.99e-21	7.49e-14	8.61e-06	3.34e-02	9.67e-01	0.00e+00	0.00e+00	0.00e+00	0.00e+00	0.00e+00	3.76e-100
 8.04014e+12	0.00e+00	6.83e-29	4.00e-21	9.30e-14	9.95e-06	3.58e-02	9.64e-01	0.00e+00	0.00e+00	0.00e+00	0.00e+00	0.00e+00	0.00e+00
 8.33868e+12	2.22e-37	1.06e-28	5.72e-21	1.22e-13	1.19e-05	3.90e-02	9.61e-01	0.00e+00	0.00e+00	0.00e+00	0.00e+00	0.00e+00	6.25e-116
 8.64030e+12	0.00e+00	1.62e-28	8.10e-21	1.58e-13	1.42e-05	4.24e-02	9.58e-01	0.00e+00	0.00e+00	0.00e+00	0.00e+00	0.00e+00	2.78e-100
 8.88506e+12	5.49e-37	2.26e-28	1.06e-20	1.93e-13	1.62e-05	4.52e-02	9.55e-01	0.00e+00	0.00e+00	0.00e+00	0.00e+00	0.00e+00	0.00e+00
 9.13990e+12	0.00e+00	3.16e-28	1.39e-20	2.37e-13	1.86e-05	4.82e-02	9.52e-01	0.00e+00	0.00e+00	0.00e+00	0.00e+00	0.00e+00	2.51e-131
 9.47121e+12	1.34e-36	4.79e-28	1.95e-20	3.06e-13	2.20e-05	5.23e-02	9.48e-01	0.00e+00	0.00e+00	0.00e+00	0.00e+00	0.00e+00	8.87e-98
 9.81716e+12	0.00e+00	7.26e-28	2.74e-20	3.95e-13	2.60e-05	5.67e-02	9.43e-01	0.00e+00	0.00e+00	0.00e+00	0.00e+00	0.00e+00	0.00e+00
 1.01103e+13	3.30e-36	1.02e-27	3.62e-20	4.86e-13	2.99e-05	6.05e-02	9.39e-01	0.00e+00	0.00e+00	0.00e+00	0.00e+00	0.00e+00	3.27e-113
 1.04194e+13	0.00e+00	1.44e-27	4.78e-20	5.99e-13	3.44e-05	6.46e-02	9.35e-01	0.00e+00	0.00e+00	0.00e+00	0.00e+00	0.00e+00	4.92e-98
 1.08210e+13	8.29e-36	2.20e-27	6.79e-20	7.79e-13	4.09e-05	7.02e-02	9.30e-01	0.00e+00	0.00e+00	0.00e+00	0.00e+00	0.00e+00	2.82e-112
 1.12351e+13	0.00e+00	3.36e-27	9.58e-20	1.01e-12	4.85e-05	7.61e-02	9.24e-01	0.00e+00	0.00e+00	0.00e+00	0.00e+00	0.00e+00	3.76e-97
 1.15798e+13	2.05e-35	4.71e-27	1.26e-19	1.24e-12	5.56e-05	8.12e-02	9.19e-01	0.00e+00	0.00e+00	0.00e+00	0.00e+00	0.00e+00	2.37e-111
 1.19419e+13	0.00e+00	6.63e-27	1.67e-19	1.53e-12	6.39e-05	8.66e-02	9.13e-01	0.00e+00	0.00e+00	0.00e+00	0.00e+00	0.00e+00	1.92e-96
 1.24045e+13	5.07e-35	1.01e-26	2.35e-19	1.98e-12	7.57e-05	9.37e-02	9.06e-01	0.00e+00	0.00e+00	0.00e+00	0.00e+00	0.00e+00	2.02e-110
 1.28855e+13	8.35e-35	1.53e-26	3.30e-19	2.56e-12	8.95e-05	1.01e-01	8.98e-01	0.00e+00	0.00e+00	0.00e+00	0.00e+00	0.00e+00	3.53e-94
 1.32997e+13	1.26e-34	2.16e-26	4.37e-19	3.16e-12	1.03e-04	1.08e-01	8.92e-01	0.00e+00	0.00e+00	0.00e+00	0.00e+00	0.00e+00	1.75e-109
 1.37391e+13	1.91e-34	3.08e-26	5.83e-19	3.92e-12	1.19e-04	1.16e-01	8.84e-01	0.00e+00	0.00e+00	0.00e+00	0.00e+00	0.00e+00	1.90e-93
 1.42326e+13	3.02e-34	4.51e-26	7.96e-19	4.96e-12	1.38e-04	1.24e-01	8.76e-01	0.00e+00	0.00e+00	0.00e+00	0.00e+00	0.00e+00	1.40e-108
 1.47159e+13	4.63e-34	6.46e-26	1.07e-18	6.18e-12	1.60e-04	1.32e-01	8.67e-01	0.00e+00	0.00e+00	0.00e+00	0.00e+00	0.00e+00	1.14e-92
 1.51524e+13	6.74e-34	8.84e-26	1.38e-18	7.49e-12	1.81e-04	1.40e-01	8.60e-01	0.00e+00	0.00e+00	0.00e+00	0.00e+00	0.00e+00	9.55e-108
 1.55209e+13	9.15e-34	1.14e-25	1.70e-18	8.76e-12	2.00e-04	1.47e-01	8.53e-01	0.00e+00	0.00e+00	0.00e+00	0.00e+00	0.00e+00	4.53e-92
 1.59123e+13	1.25e-33	1.49e-25	2.11e-18	1.03e-11	2.23e-04	1.54e-01	8.46e-01	0.00e+00	0.00e+00	0.00e+00	0.00e+00	0.00e+00	4.25e-107
 1.64212e+13	1.87e-33	2.09e-25	2.78e-18	1.27e-11	2.54e-04	1.64e-01	8.36e-01	0.00e+00	0.00e+00	0.00e+00	0.00e+00	0.00e+00	1.94e-91
 1.69457e+13	2.79e-33	2.92e-25	3.66e-18	1.55e-11	2.91e-04	1.74e-01	8.26e-01	0.00e+00	0.00e+00	0.00e+00	0.00e+00	0.00e+00	2.89e-106
 1.73802e+13	3.84e-33	3.82e-25	4.56e-18	1.83e-11	3.23e-04	1.82e-01	8.17e-01	0.00e+00	0.00e+00	0.00e+00	0.00e+00	0.00e+00	8.37e-91
 1.78347e+13	5.32e-33	5.02e-25	5.69e-18	2.16e-11	3.60e-04	1.91e-01	8.08e-01	0.00e+00	0.00e+00	0.00e+00	0.00e+00	0.00e+00	1.37e-105
 1.84255e+13	8.01e-33	7.09e-25	7.55e-18	2.67e-11	4.12e-04	2.03e-01	7.97e-01	0.00e+00	0.00e+00	0.00e+00	0.00e+00	0.00e+00	3.73e-90
 1.90413e+13	1.21e-32	1.00e-24	1.00e-17	3.31e-11	4.73e-04	2.16e-01	7.84e-01	0.00e+00	0.00e+00	0.00e+00	0.00e+00	0.00e+00	9.95e-105
 1.95623e+13	1.70e-32	1.34e-24	1.27e-17	3.94e-11	5.29e-04	2.26e-01	7.73e-01	0.00e+00	0.00e+00	0.00e+00	0.00e+00	0.00e+00	1.72e-89
 2.01124e+13	2.41e-32	1.79e-24	1.61e-17	4.71e-11	5.93e-04	2.38e-01	7.62e-01	0.00e+00	0.00e+00	0.00e+00	0.00e+00	0.00e+00	5.20e-104
 2.08276e+13	3.72e-32	2.58e-24	2.18e-17	5.90e-11	6.84e-04	2.53e-01	7.47e-01	0.00e+00	0.00e+00	0.00e+00	0.00e+00	0.00e+00	8.39e-89
 2.15731e+13	5.78e-32	3.74e-24	2.95e-17	7.41e-11	7.91e-04	2.69e-01	7.31e-01	0.00e+00	0.00e+00	0.00e+00	0.00e+00	0.00e+00	4.32e-103
 2.22060e+13	8.28e-32	5.07e-24	3.79e-17	8.92e-11	8.89e-04	2.82e-01	7.17e-01	0.00e+00	0.00e+00	0.00e+00	0.00e+00	0.00e+00	4.21e-88
 2.28765e+13	1.20e-31	6.91e-24	4.89e-17	1.08e-10	1.00e-03	2.96e-01	7.03e-01	0.00e+00	0.00e+00	0.00e+00	0.00e+00	0.00e+00	2.51e-102
 2.37355e+13	1.89e-31	1.02e-23	6.71e-17	1.37e-10	1.16e-03	3.15e-01	6.84e-01	0.00e+00	0.00e+00	0.00e+00	0.00e+00	0.00e+00	2.21e-87
 2.46350e+13	2.99e-31	1.50e-23	9.26e-17	1.74e-10	1.35e-03	3.34e-01	6.64e-01	0.00e+00	0.00e+00	0.00e+00	0.00e+00	0.00e+00	2.31e-101
 2.54255e+13	4.40e-31	2.08e-23	1.21e-16	2.13e-10	1.53e-03	3.51e-01	6.47e-01	0.00e+00	0.00e+00	0.00e+00	0.00e+00	0.00e+00	1.20e-86
 2.61672e+13	6.25e-31	2.80e-23	1.55e-16	2.56e-10	1.72e-03	3.67e-01	6.31e-01	0.00e+00	0.00e+00	0.00e+00	0.00e+00	0.00e+00	1.38e-100
 2.70197e+13	9.22e-31	3.89e-23	2.04e-16	3.13e-10	1.95e-03	3.85e-01	6.13e-01	0.00e+00	0.00e+00	0.00e+00	0.00e+00	0.00e+00	5.28e-86
 2.79799e+13	1.41e-30	5.57e-23	2.74e-16	3.91e-10	2.23e-03	4.05e-01	5.93e-01	0.00e+00	0.00e+00	0.00e+00	0.00e+00	0.00e+00	9.97e-100
 2.87814e+13	1.98e-30	7.43e-23	3.49e-16	4.68e-10	2.49e-03	4.22e-01	5.76e-01	0.00e+00	0.00e+00	0.00e+00	0.00e+00	0.00e+00	2.40e-85
 2.93852e+13	2.53e-30	9.15e-23	4.15e-16	5.32e-10	2.69e-03	4.34e-01	5.64e-01	0.00e+00	0.00e+00	0.00e+00	0.00e+00	0.00e+00	4.17e-99
 3.00308e+13	3.27e-30	1.14e-22	4.97e-16	6.09e-10	2.92e-03	4.47e-01	5.51e-01	0.00e+00	0.00e+00	0.00e+00	0.00e+00	0.00e+00	6.56e-85
 3.08701e+13	4.51e-30	1.50e-22	6.25e-16	7.22e-10	3.24e-03	4.63e-01	5.34e-01	0.00e+00	0.00e+00	0.00e+00	0.00e+00	0.00e+00	1.74e-98
 3.17889e+13	6.36e-30	2.00e-22	7.96e-16	8.65e-10	3.61e-03	4.80e-01	5.16e-01	0.00e+00	0.00e+00	0.00e+00	0.00e+00	0.00e+00	2.48e-84
 3.26269e+13	8.59e-30	2.59e-22	9.84e-16	1.01e-09	3.97e-03	4.96e-01	5.00e-01	0.00e+00	0.00e+00	0.00e+00	0.00e+00	0.00e+00	8.53e-98
 3.35321e+13	1.17e-29	3.37e-22	1.23e-15	1.19e-09	4.38e-03	5.12e-01	4.84e-01	0.00e+00	0.00e+00	0.00e+00	0.00e+00	0.00e+00	8.56e-84
 3.47089e+13	1.74e-29	4.70e-22	1.61e-15	1.46e-09	4.94e-03	5.32e-01	4.63e-01	0.00e+00	0.00e+00	0.00e+00	0.00e+00	0.00e+00	4.95e-97
 3.59071e+13	2.54e-29	6.49e-22	2.11e-15	1.78e-09	5.55e-03	5.51e-01	4.43e-01	0.00e+00	0.00e+00	0.00e+00	0.00e+00	0.00e+00	4.11e-83
 3.68849e+13	3.42e-29	8.35e-22	2.60e-15	2.07e-09	6.07e-03	5.66e-01	4.28e-01	0.00e+00	0.00e+00	0.00e+00	0.00e+00	0.00e+00	2.75e-96
 3.79078e+13	4.62e-29	1.08e-21	3.20e-15	2.41e-09	6.64e-03	5.81e-01	4.12e-01	0.00e+00	0.00e+00	0.00e+00	0.00e+00	0.00e+00	1.43e-82
 3.92374e+13	6.74e-29	1.48e-21	4.15e-15	2.92e-09	7.42e-03	6.00e-01	3.93e-01	0.00e+00	0.00e+00	0.00e+00	0.00e+00	0.00e+00	1.56e-95
 4.06705e+13	9.94e-29	2.05e-21	5.42e-15	3.55e-09	8.30e-03	6.18e-01	3.73e-01	0.00e+00	0.00e+00	0.00e+00	0.00e+00	0.00e+00	7.09e-82
 4.19648e+13	1.39e-28	2.72e-21	6.83e-15	4.20e-09	9.14e-03	6.34e-01	3.57e-01	0.00e+00	0.00e+00	0.00e+00	0.00e+00	0.00e+00	1.01e-94
 4.33740e+13	1.98e-28	3.64e-21	8.63e-15	4.97e-09	1.01e-02	6.50e-01	3.40e-01	0.00e+00	0.00e+00	0.00e+00	0.00e+00	0.00e+00	3.11e-81
 4.50689e+13	2.97e-28	5.11e-21	1.13e-14	6.06e-09	1.13e-02	6.68e-01	3.21e-01	0.00e+00	0.00e+00	0.00e+00	0.00e+00	0.00e+00	7.38e-94
 4.68098e+13	4.41e-28	7.11e-21	1.48e-14	7.31e-09	1.25e-02	6.84e-01	3.03e-01	0.00e+00	0.00e+00	0.00e+00	0.00e+00	0.00e+00	1.80e-80
 4.82623e+13	6.08e-28	9.28e-21	1.83e-14	8.52e-09	1.36e-02	6.97e-01	2.89e-01	0.00e+00	0.00e+00	0.00e+00	0.00e+00	0.00e+00	4.94e-93
 4.94404e+13	7.81e-28	1.14e-20	2.15e-14	9.57e-09	1.46e-02	7.07e-01	2.79e-01	0.00e+00	0.00e+00	0.00e+00	0.00e+00	0.00e+00	6.34e-80
 5.07469e+13	1.02e-27	1.43e-20	2.57e-14	1.08e-08	1.56e-02	7.17e-01	2.68e-01	0.00e+00	0.00e+00	0.00e+00	0.00e+00	0.00e+00	1.99e-92
 5.24453e+13	1.44e-27	1.89e-20	3.20e-14	1.27e-08	1.70e-02	7.29e-01	2.54e-01	0.00e+00	0.00e+00	0.00e+00	0.00e+00	0.00e+00	2.51e-79
 5.42398e+13	2.04e-27	2.51e-20	4.01e-14	1.48e-08	1.86e-02	7.41e-01	2.40e-01	0.00e+00	0.00e+00	0.00e+00	0.00e+00	0.00e+00	1.26e-91
 5.57874e+13	2.72e-27	3.18e-20	4.82e-14	1.69e-08	1.99e-02	7.50e-01	2.30e-01	0.00e+00	0.00e+00	0.00e+00	0.00e+00	0.00e+00	1.06e-78
 5.74275e+13	3.65e-27	4.05e-20	5.82e-14	1.93e-08	2.14e-02	7.60e-01	2.19e-01	0.00e+00	0.00e+00	0.00e+00	0.00e+00	0.00e+00	6.17e-91
 5.95366e+13	5.28e-27	5.47e-20	7.35e-14	2.26e-08	2.34e-02	7.70e-01	2.06e-01	0.00e+00	0.00e+00	0.00e+00	0.00e+00	0.00e+00	4.88e-78
 6.17475e+13	7.65e-27	7.41e-20	9.29e-14	2.66e-08	2.55e-02	7.80e-01	1.94e-01	0.00e+00	0.00e+00	0.00e+00	0.00e+00	0.00e+00	4.64e-90
 6.36811e+13	1.05e-26	9.57e-20	1.13e-13	3.05e-08	2.75e-02	7.88e-01	1.84e-01	0.00e+00	0.00e+00	0.00e+00	0.00e+00	0.00e+00	2.38e-77
 6.57622e+13	1.45e-26	1.25e-19	1.39e-13	3.51e-08	2.96e-02	7.96e-01	1.74e-01	0.00e+00	0.00e+00	0.00e+00	0.00e+00	0.00e+00	2.66e-89
 6.82923e+13	2.12e-26	1.70e-19	1.75e-13	4.12e-08	3.23e-02	8.04e-01	1.63e-01	0.00e+00	0.00e+00	0.00e+00	0.00e+00	0.00e+00	1.25e-76
 7.08429e+13	3.07e-26	2.29e-19	2.21e-13	4.84e-08	3.51e-02	8.12e-01	1.53e-01	0.00e+00	0.00e+00	0.00e+00	0.00e+00	0.00e+00	2.93e-76
 7.31306e+13	4.22e-26	2.96e-19	2.70e-13	5.53e-08	3.77e-02	8.18e-01	1.44e-01	0.00e+00	0.00e+00	0.00e+00	0.00e+00	0.00e+00	6.23e-76
 7.56395e+13	5.92e-26	3.89e-19	3.32e-13	6.37e-08	4.06e-02	8.23e-01	1.36e-01	0.00e+00	0.00e+00	0.00e+00	0.00e+00	0.00e+00	1.39e-75
 7.86137e+13	8.70e-26	5.32e-19	4.21e-13	7.49e-08	4.42e-02	8.29e-01	1.27e-01	0.00e+00	0.00e+00	0.00e+00	0.00e+00	0.00e+00	3.46e-75
 8.15663e+13	1.26e-25	7.17e-19	5.29e-13	8.75e-08	4.79e-02	8.34e-01	1.18e-01	0.00e+00	0.00e+00	0.00e+00	0.00e+00	0.00e+00	8.19e-75
 8.41533e+13	1.72e-25	9.21e-19	6.40e-13	9.95e-08	5.12e-02	8.37e-01	1.12e-01	0.00e+00	0.00e+00	0.00e+00	0.00e+00	0.00e+00	1.72e-74
 8.68911e+13	2.36e-25	1.19e-18	7.77e-13	1.13e-07	5.48e-02	8.40e-01	1.05e-01	0.00e+00	0.00e+00	0.00e+00	0.00e+00	0.00e+00	3.66e-74
 8.99697e+13	3.33e-25	1.57e-18	9.63e-13	1.31e-07	5.90e-02	8.43e-01	9.81e-02	0.00e+00	0.00e+00	0.00e+00	0.00e+00	0.00e+00	8.22e-74
 9.28938e+13	4.57e-25	2.03e-18	1.17e-12	1.49e-07	6.30e-02	8.45e-01	9.23e-02	0.00e+00	0.00e+00	0.00e+00	0.00e+00	0.00e+00	1.76e-73
 9.55536e+13	6.03e-25	2.54e-18	1.39e-12	1.68e-07	6.69e-02	8.46e-01	8.71e-02	0.00e+00	0.00e+00	0.00e+00	0.00e+00	0.00e+00	3.34e-73
 9.79804e+13	7.72e-25	3.10e-18	1.62e-12	1.86e-07	7.04e-02	8.47e-01	8.29e-02	0.00e+00	0.00e+00	0.00e+00	0.00e+00	0.00e+00	6.04e-73
 1.00648e+14	1.01e-24	3.84e-18	1.90e-12	2.07e-07	7.44e-02	8.47e-01	7.86e-02	0.00e+00	0.00e+00	0.00e+00	0.00e+00	0.00e+00	1.14e-72
 1.04115e+14	1.40e-24	5.02e-18	2.34e-12	2.39e-07	7.97e-02	8.47e-01	7.33e-02	0.00e+00	0.00e+00	0.00e+00	0.00e+00	0.00e+00	2.48e-72
 1.07601e+14	1.93e-24	6.53e-18	2.85e-12	2.72e-07	8.52e-02	8.46e-01	6.85e-02	0.00e+00	0.00e+00	0.00e+00	0.00e+00	0.00e+00	5.36e-72
 1.10385e+14	2.48e-24	7.98e-18	3.33e-12	3.03e-07	8.97e-02	8.45e-01	6.49e-02	0.00e+00	0.00e+00	0.00e+00	0.00e+00	0.00e+00	9.57e-72
 1.13279e+14	3.19e-24	9.78e-18	3.89e-12	3.36e-07	9.44e-02	8.44e-01	6.15e-02	0.00e+00	0.00e+00	0.00e+00	0.00e+00	0.00e+00	1.75e-71
 1.17040e+14	4.38e-24	1.26e-17	4.74e-12	3.84e-07	1.01e-01	8.42e-01	5.73e-02	0.00e+00	0.00e+00	0.00e+00	0.00e+00	0.00e+00	3.68e-71
 1.20978e+14	6.04e-24	1.64e-17	5.77e-12	4.37e-07	1.07e-01	8.39e-01	5.34e-02	0.00e+00	0.00e+00	0.00e+00	0.00e+00	0.00e+00	7.98e-71
 1.24366e+14	7.87e-24	2.04e-17	6.83e-12	4.90e-07	1.14e-01	8.36e-01	5.02e-02	0.00e+00	0.00e+00	0.00e+00	0.00e+00	0.00e+00	1.48e-70
 1.27993e+14	1.04e-23	2.54e-17	8.10e-12	5.49e-07	1.20e-01	8.33e-01	4.71e-02	0.00e+00	0.00e+00	0.00e+00	0.00e+00	0.00e+00	2.86e-70
 1.32659e+14	1.46e-23	3.36e-17	1.00e-11	6.35e-07	1.29e-01	8.28e-01	4.35e-02	0.00e+00	0.00e+00	0.00e+00	0.00e+00	0.00e+00	6.43e-70
 1.37433e+14	2.05e-23	4.43e-17	1.24e-11	7.29e-07	1.37e-01	8.22e-01	4.02e-02	0.00e+00	0.00e+00	0.00e+00	0.00e+00	0.00e+00	1.45e-69
 1.41459e+14	2.69e-23	5.53e-17	1.47e-11	8.21e-07	1.45e-01	8.17e-01	3.75e-02	0.00e+00	0.00e+00	0.00e+00	1.77e-17	3.76e-17	2.72e-69
 1.45757e+14	3.58e-23	6.96e-17	1.76e-11	9.22e-07	1.53e-01	8.12e-01	3.50e-02	0.00e+00	0.00e+00	0.00e+00	2.31e-17	4.65e-17	5.37e-69
 1.51165e+14	5.06e-23	9.22e-17	2.18e-11	1.06e-06	1.64e-01	8.04e-01	3.22e-02	0.00e+00	0.00e+00	0.00e+00	3.05e-17	6.16e-17	1.23e-68
 1.56780e+14	7.10e-23	1.22e-16	2.70e-11	1.23e-06	1.75e-01	7.95e-01	2.94e-02	0.00e+00	0.00e+00	0.00e+00	4.03e-17	8.13e-17	2.73e-68
 1.61718e+14	9.50e-23	1.54e-16	3.24e-11	1.38e-06	1.85e-01	7.87e-01	2.73e-02	0.00e+00	0.00e+00	0.00e+00	5.09e-17	1.03e-16	5.49e-68
 1.67013e+14	1.29e-22	1.97e-16	3.90e-11	1.57e-06	1.96e-01	7.79e-01	2.53e-02	0.00e+00	0.00e+00	0.00e+00	6.52e-17	1.32e-16	1.14e-67
 1.73421e+14	1.81e-22	2.60e-16	4.87e-11	1.81e-06	2.09e-01	7.68e-01	2.30e-02	0.00e+00	0.00e+00	0.00e+00	8.62e-17	1.74e-16	2.55e-67
 1.79802e+14	2.53e-22	3.41e-16	5.99e-11	2.08e-06	2.22e-01	7.57e-01	2.10e-02	0.00e+00	0.00e+00	0.00e+00	1.13e-16	2.28e-16	5.74e-67
 1.85541e+14	3.39e-22	4.32e-16	7.17e-11	2.34e-06	2.34e-01	7.46e-01	1.94e-02	0.00e+00	0.00e+00	0.00e+00	1.43e-16	2.89e-16	1.16e-66
 1.91915e+14	4.61e-22	5.55e-16	8.69e-11	2.65e-06	2.48e-01	7.35e-01	1.78e-02	0.00e+00	0.00e+00	0.00e+00	1.84e-16	3.71e-16	2.45e-66
 1.99444e+14	6.49e-22	7.35e-16	1.08e-10	3.06e-06	2.63e-01	7.20e-01	1.61e-02	0.00e+00	0.00e+00	0.00e+00	2.43e-16	4.92e-16	5.54e-66
 2.06153e+14	8.76e-22	9.37e-16	1.30e-10	3.45e-06	2.77e-01	7.08e-01	1.48e-02	0.00e+00	0.00e+00	0.00e+00	3.10e-16	6.27e-16	1.15e-65
 2.11358e+14	1.10e-21	1.12e-15	1.50e-10	3.78e-06	2.88e-01	6.98e-01	1.38e-02	0.00e+00	0.00e+00	0.00e+00	3.72e-16	7.52e-16	1.98e-65
 2.16927e+14	1.38e-21	1.36e-15	1.73e-10	4.15e-06	3.00e-01	6.87e-01	1.29e-02	0.00e+00	0.00e+00	0.00e+00	4.49e-16	9.08e-16	3.49e-65
 2.24168e+14	1.87e-21	1.73e-15	2.08e-10	4.66e-06	3.14e-01	6.74e-01	1.18e-02	0.00e+00	0.00e+00	0.00e+00	5.71e-16	1.16e-15	7.33e-65
 2.31480e+14	2.46e-21	2.17e-15	2.48e-10	5.23e-06	3.30e-01	6.60e-01	1.08e-02	0.00e+00	0.00e+00	0.00e+00	7.16e-16	1.45e-15	1.43e-64
 2.37273e+14	3.07e-21	2.58e-15	2.84e-10	5.69e-06	3.41e-01	6.49e-01	1.01e-02	0.00e+00	0.00e+00	0.00e+00	8.54e-16	1.73e-15	2.47e-64
 2.43191e+14	3.82e-21	3.08e-15	3.24e-10	6.19e-06	3.53e-01	6.38e-01	9.43e-03	0.00e+00	0.00e+00	0.00e+00	1.02e-15	2.06e-15	4.24e-64
 2.50884e+14	5.04e-21	3.86e-15	3.83e-10	6.88e-06	3.68e-01	6.24e-01	8.65e-03	0.00e+00	0.00e+00	0.00e+00	1.27e-15	2.58e-15	8.51e-64
 2.59073e+14	6.61e-21	4.81e-15	4.56e-10	7.68e-06	3.84e-01	6.08e-01	7.88e-03	0.00e+00	0.00e+00	0.00e+00	1.59e-15	3.22e-15	1.66e-63
 2.66194e+14	8.38e-21	5.82e-15	5.26e-10	8.40e-06	3.97e-01	5.96e-01	7.31e-03	0.00e+00	0.00e+00	0.00e+00	1.92e-15	3.90e-15	3.01e-63
 2.73738e+14	1.07e-20	7.07e-15	6.09e-10	9.20e-06	4.11e-01	5.82e-01	6.75e-03	0.00e+00	0.00e+00	0.00e+00	2.34e-15	4.74e-15	5.57e-63
 2.83544e+14	1.46e-20	9.07e-15	7.31e-10	1.03e-05	4.28e-01	5.65e-01	6.10e-03	0.00e+00	0.00e+00	0.00e+00	2.99e-15	6.07e-15	1.22e-62
 2.93717e+14	1.96e-20	1.15e-14	8.79e-10	1.16e-05	4.47e-01	5.48e-01	5.49e-03	0.00e+00	0.00e+00	0.00e+00	3.80e-15	7.71e-15	2.56e-62
 3.02265e+14	2.51e-20	1.40e-14	1.02e-09	1.26e-05	4.61e-01	5.34e-01	5.05e-03	0.00e+00	0.00e+00	0.00e+00	4.63e-15	9.40e-15	4.82e-62
 3.11276e+14	3.23e-20	1.72e-14	1.18e-09	1.38e-05	4.76e-01	5.19e-01	4.63e-03	0.00e+00	0.00e+00	0.00e+00	5.67e-15	1.15e-14	9.26e-62
 3.22712e+14	4.39e-20	2.20e-14	1.42e-09	1.55e-05	4.94e-01	5.01e-01	4.16e-03	0.00e+00	0.00e+00	0.00e+00	7.24e-15	1.47e-14	2.04e-61
 3.34775e+14	5.93e-20	2.80e-14	1.71e-09	1.73e-05	5.13e-01	4.83e-01	3.71e-03	0.00e+00	0.00e+00	0.00e+00	9.22e-15	1.88e-14	4.39e-61
 3.45577e+14	7.78e-20	3.47e-14	2.00e-09	1.90e-05	5.29e-01	4.67e-01	3.37e-03	0.00e+00	0.00e+00	0.00e+00	1.14e-14	2.33e-14	8.84e-61
 3.57267e+14	1.03e-19	4.34e-14	2.36e-09	2.09e-05	5.46e-01	4.51e-01	3.04e-03	0.00e+00	0.00e+00	0.00e+00	1.43e-14	2.91e-14	1.85e-60
 3.71166e+14	1.40e-19	5.55e-14	2.84e-09	2.34e-05	5.65e-01	4.32e-01	2.70e-03	0.00e+00	0.00e+00	0.00e+00	1.83e-14	3.73e-14	4.09e-60
 3.84936e+14	1.90e-19	7.08e-14	3.39e-09	2.60e-05	5.83e-01	4.14e-01	2.41e-03	0.00e+00	0.00e+00	0.00e+00	2.33e-14	4.75e-14	9.17e-60
 3.97647e+14	2.49e-19	8.77e-14	3.96e-09	2.85e-05	5.99e-01	3.99e-01	2.17e-03	0.00e+00	0.00e+00	0.00e+00	2.88e-14	5.88e-14	1.87e-59
 4.11973e+14	3.32e-19	1.10e-13	4.69e-09	3.14e-05	6.16e-01	3.82e-01	1.94e-03	0.00e+00	0.00e+00	0.00e+00	3.63e-14	7.41e-14	4.02e-59
 4.25842e+14	4.31e-19	1.36e-13	5.50e-09	3.44e-05	6.32e-01	3.67e-01	1.74e-03	0.00e+00	0.00e+00	0.00e+00	4.46e-14	9.12e-14	7.97e-59
 4.36049e+14	5.25e-19	1.59e-13	6.14e-09	3.67e-05	6.42e-01	3.56e-01	1.61e-03	0.00e+00	0.00e+00	0.00e+00	5.21e-14	1.07e-13	1.36e-58
 4.46237e+14	6.28e-19	1.83e-13	6.85e-09	3.91e-05	6.53e-01	3.45e-01	1.49e-03	0.00e+00	0.00e+00	0.00e+00	6.01e-14	1.23e-13	2.18e-58
 4.59482e+14	7.99e-19	2.21e-13	7.84e-09	4.22e-05	6.66e-01	3.32e-01	1.36e-03	0.00e+00	0.00e+00	0.00e+00	7.26e-14	1.49e-13	4.14e-58
 4.73931e+14	1.02e-18	2.70e-13	9.05e-09	4.58e-05	6.80e-01	3.19e-01	1.22e-03	0.00e+00	0.00e+00	0.00e+00	8.85e-14	1.81e-13	8.10e-58
 4.87011e+14	1.27e-18	3.20e-13	1.03e-08	4.92e-05	6.92e-01	3.07e-01	1.12e-03	0.00e+00	0.00e+00	0.00e+00	1.05e-13	2.15e-13	1.45e-57
 5.01078e+14	1.58e-18	3.81e-13	1.17e-08	5.30e-05	7.04e-01	2.95e-01	1.01e-03	0.00e+00	0.00e+00	0.00e+00	1.25e-13	2.56e-13	2.61e-57
 5.16977e+14	2.03e-18	4.65e-13	1.35e-08	5.74e-05	7.17e-01	2.82e-01	9.11e-04	0.00e+00	0.00e+00	0.00e+00	1.52e-13	3.13e-13	5.19e-57
 5.32235e+14	2.54e-18	5.55e-13	1.54e-08	6.19e-05	7.28e-01	2.71e-01	8.23e-04	0.00e+00	0.00e+00	0.00e+00	1.82e-13	3.73e-13	9.41e-57
 5.46843e+14	3.15e-18	6.58e-13	1.74e-08	6.62e-05	7.39e-01	2.60e-01	7.50e-04	0.00e+00	0.00e+00	0.00e+00	2.15e-13	4.43e-13	1.70e-56
 5.63629e+14	3.99e-18	7.92e-13	1.99e-08	7.15e-05	7.51e-01	2.49e-01	6.74e-04	0.00e+00	0.00e+00	0.00e+00	2.59e-13	5.33e-13	3.21e-56
 5.84594e+14	5.27e-18	9.92e-13	2.35e-08	7.83e-05	7.64e-01	2.35e-01	5.93e-04	0.00e+00	0.00e+00	0.00e+00	3.24e-13	6.68e-13	7.00e-56
 6.05711e+14	6.91e-18	1.23e-12	2.75e-08	8.56e-05	7.77e-01	2.22e-01	5.21e-04	0.00e+00	0.00e+00	0.00e+00	4.01e-13	8.26e-13	1.45e-55
 6.23766e+14	8.65e-18	1.47e-12	3.13e-08	9.18e-05	7.87e-01	2.13e-01	4.70e-04	0.00e+00	0.00e+00	0.00e+00	4.80e-13	9.90e-13	2.73e-55
 6.43122e+14	1.09e-17	1.77e-12	3.59e-08	9.90e-05	7.97e-01	2.02e-01	4.20e-04	0.00e+00	0.00e+00	0.00e+00	5.77e-13	1.19e-12	5.14e-55
 6.67158e+14	1.44e-17	2.20e-12	4.22e-08	1.08e-04	8.09e-01	1.90e-01	3.67e-04	0.00e+00	0.00e+00	0.00e+00	7.16e-13	1.48e-12	1.09e-54
 6.91611e+14	1.89e-17	2.73e-12	4.95e-08	1.18e-04	8.20e-01	1.79e-01	3.21e-04	0.00e+00	0.00e+00	0.00e+00	8.91e-13	1.84e-12	2.35e-54
 7.12997e+14	2.38e-17	3.27e-12	5.65e-08	1.27e-04	8.29e-01	1.70e-01	2.87e-04	0.00e+00	0.00e+00	0.00e+00	1.07e-12	2.21e-12	4.42e-54
 7.36065e+14	3.00e-17	3.95e-12	6.49e-08	1.37e-04	8.38e-01	1.61e-01	2.54e-04	0.00e+00	0.00e+00	0.00e+00	1.29e-12	2.66e-12	8.46e-54
 7.64101e+14	3.94e-17	4.93e-12	7.62e-08	1.49e-04	8.48e-01	1.51e-01	2.21e-04	0.00e+00	0.00e+00	0.00e+00	1.60e-12	3.32e-12	1.85e-53
 7.92173e+14	5.17e-17	6.09e-12	8.93e-08	1.63e-04	8.58e-01	1.42e-01	1.93e-04	4.24e-18	1.27e-17	2.13e-17	1.98e-12	4.11e-12	3.88e-53
 8.17023e+14	6.45e-17	7.29e-12	1.02e-07	1.75e-04	8.65e-01	1.34e-01	1.71e-04	5.28e-18	1.59e-17	2.65e-17	2.37e-12	4.92e-12	7.30e-53
 8.44102e+14	8.25e-17	8.84e-12	1.17e-07	1.89e-04	8.73e-01	1.27e-01	1.51e-04	6.76e-18	2.03e-17	3.39e-17	2.87e-12	5.97e-12	1.44e-52
 8.76611e+14	1.07e-16	1.10e-11	1.38e-07	2.06e-04	8.81e-01	1.18e-01	1.30e-04	8.80e-18	2.64e-17	4.42e-17	3.57e-12	7.42e-12	3.08e-52
 9.07244e+14	1.39e-16	1.34e-11	1.60e-07	2.23e-04	8.89e-01	1.11e-01	1.13e-04	1.14e-17	3.42e-17	5.72e-17	4.36e-12	9.07e-12	6.27e-52
 9.31691e+14	1.68e-16	1.57e-11	1.79e-07	2.37e-04	8.94e-01	1.06e-01	1.02e-04	1.38e-17	4.14e-17	6.93e-17	5.09e-12	1.06e-11	1.08e-51
 9.53210e+14	1.97e-16	1.78e-11	1.98e-07	2.50e-04	8.99e-01	1.01e-01	9.33e-05	1.62e-17	4.85e-17	8.11e-17	5.79e-12	1.20e-11	1.70e-51
 9.77365e+14	2.36e-16	2.06e-11	2.20e-07	2.65e-04	9.03e-01	9.64e-02	8.44e-05	1.93e-17	5.81e-17	9.71e-17	6.68e-12	1.39e-11	2.84e-51
 1.00877e+15	2.97e-16	2.47e-11	2.52e-07	2.85e-04	9.09e-01	9.07e-02	7.43e-05	2.44e-17	7.31e-17	1.22e-16	8.02e-12	1.67e-11	5.40e-51
 1.04071e+15	3.68e-16	2.95e-11	2.87e-07	3.06e-04	9.14e-01	8.54e-02	6.56e-05	3.02e-17	9.06e-17	1.51e-16	9.56e-12	1.99e-11	1.01e-50
 1.06658e+15	4.39e-16	3.40e-11	3.19e-07	3.24e-04	9.18e-01	8.14e-02	5.93e-05	3.61e-17	1.08e-16	1.81e-16	1.10e-11	2.30e-11	1.67e-50
 1.09345e+15	5.24e-16	3.91e-11	3.54e-07	3.43e-04	9.22e-01	7.75e-02	5.36e-05	4.30e-17	1.29e-16	2.16e-16	1.27e-11	2.64e-11	2.76e-50
 1.12838e+15	6.60e-16	4.69e-11	4.05e-07	3.68e-04	9.27e-01	7.29e-02	4.71e-05	5.42e-17	1.63e-16	2.72e-16	1.52e-11	3.17e-11	5.27e-50
 1.16485e+15	8.26e-16	5.62e-11	4.64e-07	3.96e-04	9.31e-01	6.84e-02	4.13e-05	6.78e-17	2.04e-16	3.41e-16	1.82e-11	3.80e-11	1.00e-49
 1.19571e+15	9.93e-16	6.53e-11	5.17e-07	4.20e-04	9.35e-01	6.49e-02	3.71e-05	8.16e-17	2.45e-16	4.10e-16	2.12e-11	4.41e-11	1.71e-49
 1.22821e+15	1.19e-15	7.57e-11	5.79e-07	4.46e-04	9.38e-01	6.15e-02	3.32e-05	9.75e-17	2.93e-16	4.90e-16	2.45e-11	5.12e-11	2.89e-49
 1.27047e+15	1.52e-15	9.20e-11	6.68e-07	4.82e-04	9.42e-01	5.74e-02	2.88e-05	1.25e-16	3.75e-16	6.27e-16	2.98e-11	6.22e-11	5.81e-49
 1.31429e+15	1.90e-15	1.11e-10	7.70e-07	5.20e-04	9.46e-01	5.36e-02	2.50e-05	1.56e-16	4.69e-16	7.85e-16	3.59e-11	7.49e-11	1.13e-48
 1.35135e+15	2.31e-15	1.30e-10	8.65e-07	5.53e-04	9.49e-01	5.07e-02	2.23e-05	1.90e-16	5.72e-16	9.56e-16	4.21e-11	8.78e-11	1.99e-48
 1.39070e+15	2.82e-15	1.53e-10	9.76e-07	5.90e-04	9.52e-01	4.77e-02	1.97e-05	2.32e-16	6.98e-16	1.17e-15	4.94e-11	1.03e-10	3.54e-48
 1.44122e+15	3.68e-15	1.88e-10	1.13e-06	6.40e-04	9.55e-01	4.43e-02	1.70e-05	3.03e-16	9.10e-16	1.52e-15	6.08e-11	1.27e-10	7.46e-48
 1.49401e+15	4.62e-15	2.28e-10	1.32e-06	6.93e-04	9.58e-01	4.12e-02	1.46e-05	3.81e-16	1.14e-15	1.91e-15	7.38e-11	1.54e-10	1.49e-47
 1.54024e+15	5.84e-15	2.73e-10	1.50e-06	7.43e-04	9.61e-01	3.86e-02	1.28e-05	4.82e-16	1.45e-15	2.42e-15	8.85e-11	1.85e-10	2.86e-47
 1.59019e+15	7.14e-15	3.24e-10	1.71e-06	7.97e-04	9.63e-01	3.61e-02	1.12e-05	5.89e-16	1.77e-15	2.96e-15	1.05e-10	2.19e-10	5.27e-47
 1.65081e+15	9.43e-15	4.04e-10	2.00e-06	8.68e-04	9.66e-01	3.33e-02	9.50e-06	7.79e-16	2.34e-15	3.91e-15	1.31e-10	2.73e-10	1.16e-46
 1.71164e+15	1.18e-14	4.88e-10	2.32e-06	9.40e-04	9.68e-01	3.09e-02	8.15e-06	9.71e-16	2.92e-15	4.88e-15	1.58e-10	3.30e-10	2.29e-46
 1.75838e+15	1.42e-14	5.69e-10	2.60e-06	9.99e-04	9.70e-01	2.92e-02	7.24e-06	1.17e-15	3.52e-15	5.89e-15	1.84e-10	3.85e-10	3.97e-46
 1.79311e+15	1.66e-14	6.41e-10	2.82e-06	1.04e-03	9.71e-01	2.80e-02	6.65e-06	1.37e-15	4.11e-15	6.87e-15	2.08e-10	4.33e-10	6.10e-46
 1.83090e+15	1.90e-14	7.19e-10	3.08e-06	1.09e-03	9.72e-01	2.67e-02	6.08e-06	1.57e-15	4.73e-15	7.90e-15	2.33e-10	4.86e-10	9.21e-46
 1.88002e+15	2.27e-14	8.33e-10	3.44e-06	1.16e-03	9.74e-01	2.52e-02	5.41e-06	1.88e-15	5.65e-15	9.44e-15	2.70e-10	5.63e-10	1.56e-45
 1.93396e+15	2.75e-14	9.74e-10	3.86e-06	1.24e-03	9.75e-01	2.37e-02	4.78e-06	2.28e-15	6.84e-15	1.14e-14	3.16e-10	6.59e-10	2.74e-45
 1.98299e+15	3.26e-14	1.12e-09	4.29e-06	1.31e-03	9.76e-01	2.25e-02	4.29e-06	2.70e-15	8.12e-15	1.36e-14	3.63e-10	7.58e-10	4.54e-45
 2.03559e+15	3.83e-14	1.29e-09	4.78e-06	1.39e-03	9.77e-01	2.12e-02	3.82e-06	3.18e-15	9.53e-15	1.59e-14	4.17e-10	8.69e-10	7.42e-45
 2.09500e+15	4.75e-14	1.53e-09	5.39e-06	1.48e-03	9.79e-01	1.99e-02	3.36e-06	3.94e-15	1.18e-14	1.98e-14	4.95e-10	1.03e-09	1.37e-44
 2.15092e+15	5.53e-14	1.75e-09	6.00e-06	1.57e-03	9.80e-01	1.88e-02	2.99e-06	4.59e-15	1.38e-14	2.30e-14	5.66e-10	1.18e-09	2.22e-44
 2.20339e+15	6.48e-14	1.99e-09	6.63e-06	1.66e-03	9.81e-01	1.78e-02	2.69e-06	5.38e-15	1.62e-14	2.70e-14	6.47e-10	1.35e-09	3.57e-44
 2.26373e+15	7.95e-14	2.34e-09	7.42e-06	1.77e-03	9.81e-01	1.68e-02	2.38e-06	6.61e-15	1.98e-14	3.32e-14	7.59e-10	1.58e-09	6.39e-44
 2.34217e+15	9.83e-14	2.81e-09	8.55e-06	1.91e-03	9.83e-01	1.55e-02	2.04e-06	8.18e-15	2.46e-14	4.10e-14	9.12e-10	1.90e-09	1.23e-43
 2.42131e+15	1.22e-13	3.37e-09	9.81e-06	2.06e-03	9.84e-01	1.44e-02	1.76e-06	1.02e-14	3.05e-14	5.10e-14	1.09e-09	2.28e-09	2.37e-43
 2.48430e+15	1.44e-13	3.88e-09	1.09e-05	2.18e-03	9.84e-01	1.36e-02	1.56e-06	1.20e-14	3.61e-14	6.03e-14	1.26e-09	2.62e-09	3.94e-43
 2.54912e+15	1.70e-13	4.47e-09	1.21e-05	2.31e-03	9.85e-01	1.28e-02	1.39e-06	1.42e-14	4.27e-14	7.13e-14	1.45e-09	3.02e-09	6.54e-43
 2.63338e+15	2.12e-13	5.35e-09	1.39e-05	2.49e-03	9.86e-01	1.19e-02	1.20e-06	1.77e-14	5.31e-14	8.87e-14	1.74e-09	3.61e-09	1.26e-42
 2.72358e+15	2.59e-13	6.40e-09	1.59e-05	2.70e-03	9.86e-01	1.10e-02	1.02e-06	2.16e-14	6.50e-14	1.09e-13	2.08e-09	4.32e-09	2.38e-42
 2.80340e+15	3.06e-13	7.42e-09	1.80e-05	2.88e-03	9.87e-01	1.03e-02	8.98e-07	2.56e-14	7.68e-14	1.28e-13	2.41e-09	5.00e-09	4.04e-42
 2.88909e+15	3.80e-13	8.85e-09	2.04e-05	3.09e-03	9.87e-01	9.59e-03	0.00e+00	3.18e-14	9.54e-14	1.59e-13	2.88e-09	5.97e-09	7.72e-42
 2.99629e+15	4.77e-13	1.08e-08	2.36e-05	3.37e-03	9.88e-01	8.81e-03	0.00e+00	4.00e-14	1.20e-13	2.01e-13	3.51e-09	7.27e-09	1.61e-41
 3.10625e+15	5.94e-13	1.31e-08	2.74e-05	3.66e-03	9.88e-01	8.09e-03	0.00e+00	4.99e-14	1.50e-13	2.50e-13	4.27e-09	8.83e-09	3.25e-41
 3.20215e+15	6.97e-13	1.52e-08	3.10e-05	3.92e-03	9.89e-01	7.54e-03	0.00e+00	5.86e-14	1.76e-13	2.94e-13	4.95e-09	1.02e-08	5.52e-41
 3.30500e+15	8.75e-13	1.83e-08	3.54e-05	4.23e-03	9.89e-01	6.99e-03	0.00e+00	7.37e-14	2.21e-13	3.69e-13	5.98e-09	1.24e-08	1.11e-40
 3.40725e+15	1.04e-12	2.16e-08	4.01e-05	4.54e-03	9.89e-01	6.50e-03	0.00e+00	8.81e-14	2.64e-13	4.42e-13	7.04e-09	1.45e-08	2.01e-40
 3.48492e+15	1.20e-12	2.44e-08	4.40e-05	4.79e-03	9.89e-01	6.16e-03	0.00e+00	1.01e-13	3.03e-13	5.06e-13	7.95e-09	1.64e-08	3.13e-40
 3.56208e+15	1.35e-12	2.73e-08	4.81e-05	5.03e-03	9.89e-01	5.85e-03	0.00e+00	1.14e-13	3.43e-13	5.72e-13	8.90e-09	1.84e-08	4.72e-40
 3.66240e+15	1.59e-12	3.16e-08	5.38e-05	5.38e-03	9.89e-01	5.47e-03	0.00e+00	1.34e-13	4.03e-13	6.73e-13	1.03e-08	2.13e-08	7.95e-40
 3.76868e+15	1.87e-12	3.67e-08	6.05e-05	5.75e-03	9.89e-01	5.10e-03	0.00e+00	1.58e-13	4.75e-13	7.94e-13	1.20e-08	2.47e-08	1.39e-39
 3.86001e+15	2.19e-12	4.22e-08	6.67e-05	6.08e-03	9.89e-01	4.82e-03	0.00e+00	1.85e-13	5.57e-13	9.30e-13	1.38e-08	2.84e-08	2.31e-39
 3.95604e+15	2.49e-12	4.75e-08	7.37e-05	6.43e-03	9.89e-01	4.54e-03	0.00e+00	2.11e-13	6.34e-13	1.06e-12	1.55e-08	3.20e-08	3.56e-39
 4.08086e+15	3.05e-12	5.68e-08	8.38e-05	6.93e-03	9.89e-01	4.21e-03	0.00e+00	2.59e-13	7.77e-13	1.30e-12	1.86e-08	3.82e-08	6.98e-39
 4.20774e+15	3.58e-12	6.66e-08	9.49e-05	7.44e-03	9.89e-01	3.91e-03	0.00e+00	3.05e-13	9.14e-13	1.53e-12	2.18e-08	4.48e-08	1.26e-38
 4.31026e+15	4.12e-12	7.59e-08	1.05e-04	7.87e-03	9.88e-01	3.69e-03	0.00e+00	3.50e-13	1.05e-12	1.76e-12	2.49e-08	5.10e-08	2.07e-38
 4.41653e+15	4.70e-12	8.57e-08	1.15e-04	8.33e-03	9.88e-01	3.47e-03	0.00e+00	4.01e-13	1.20e-12	2.01e-12	2.81e-08	5.76e-08	3.29e-38
 4.55468e+15	5.74e-12	1.03e-07	1.31e-04	8.97e-03	9.88e-01	3.22e-03	0.00e+00	4.90e-13	1.47e-12	2.46e-12	3.37e-08	6.90e-08	6.71e-38
 4.69960e+15	6.79e-12	1.21e-07	1.49e-04	9.66e-03	9.87e-01	2.97e-03	0.00e+00	5.81e-13	1.74e-12	2.91e-12	3.98e-08	8.15e-08	1.28e-37
 4.82379e+15	7.79e-12	1.39e-07	1.65e-04	1.03e-02	9.87e-01	2.79e-03	0.00e+00	6.66e-13	2.00e-12	3.34e-12	4.56e-08	9.33e-08	2.13e-37
 4.95572e+15	9.17e-12	1.62e-07	1.85e-04	1.09e-02	9.86e-01	2.61e-03	0.00e+00	7.86e-13	2.36e-12	3.94e-12	5.30e-08	1.08e-07	3.83e-37
 5.12722e+15	1.10e-11	1.93e-07	2.12e-04	1.18e-02	9.86e-01	2.40e-03	0.00e+00	9.42e-13	2.83e-12	4.72e-12	6.32e-08	1.29e-07	7.39e-37
 5.30683e+15	1.34e-11	2.33e-07	2.44e-04	1.28e-02	9.85e-01	2.20e-03	0.00e+00	1.15e-12	3.44e-12	5.75e-12	7.66e-08	1.57e-07	1.53e-36
 5.46080e+15	1.56e-11	2.69e-07	2.74e-04	1.37e-02	9.84e-01	2.06e-03	0.00e+00	1.34e-12	4.02e-12	6.71e-12	8.83e-08	1.80e-07	2.57e-36
 5.62477e+15	1.85e-11	3.21e-07	3.09e-04	1.47e-02	9.83e-01	1.90e-03	0.00e+00	1.60e-12	4.80e-12	8.01e-12	1.05e-07	2.15e-07	5.15e-36
 5.83182e+15	2.27e-11	3.91e-07	3.59e-04	1.60e-02	9.82e-01	1.74e-03	0.00e+00	1.96e-12	5.89e-12	9.83e-12	1.29e-07	2.62e-07	1.08e-35
 6.01909e+15	2.68e-11	4.56e-07	4.08e-04	1.72e-02	9.81e-01	1.61e-03	0.00e+00	2.31e-12	6.94e-12	1.16e-11	1.50e-07	3.06e-07	1.87e-35
 6.14304e+15	2.96e-11	5.16e-07	4.43e-04	1.81e-02	9.80e-01	1.53e-03	0.00e+00	2.56e-12	7.69e-12	1.28e-11	1.70e-07	3.46e-07	2.97e-35
 6.26044e+15	3.32e-11	5.76e-07	4.79e-04	1.89e-02	9.79e-01	1.45e-03	0.00e+00	2.88e-12	8.63e-12	1.44e-11	1.90e-07	3.87e-07	4.52e-35
 6.41306e+15	3.80e-11	6.49e-07	5.29e-04	2.00e-02	9.78e-01	1.37e-03	0.00e+00	3.29e-12	9.89e-12	1.65e-11	2.14e-07	4.35e-07	6.91e-35
 6.61146e+15	4.54e-11	7.80e-07	6.01e-04	2.15e-02	9.77e-01	1.26e-03	0.00e+00	3.94e-12	1.18e-11	1.97e-11	2.57e-07	5.23e-07	1.37e-34
 6.80991e+15	5.34e-11	9.04e-07	6.78e-04	2.30e-02	9.75e-01	1.18e-03	0.00e+00	4.64e-12	1.39e-11	2.32e-11	2.98e-07	6.06e-07	2.29e-34
 6.96409e+15	5.99e-11	1.02e-06	7.43e-04	2.42e-02	9.74e-01	1.11e-03	0.00e+00	5.21e-12	1.56e-11	2.61e-11	3.37e-07	6.86e-07	3.52e-34
 7.12015e+15	6.87e-11	1.18e-06	8.16e-04	2.55e-02	9.73e-01	1.05e-03	0.00e+00	5.97e-12	1.79e-11	2.99e-11	3.88e-07	7.89e-07	5.90e-34
 7.32303e+15	8.14e-11	1.36e-06	9.17e-04	2.72e-02	9.71e-01	9.74e-04	0.00e+00	7.09e-12	2.13e-11	3.55e-11	4.48e-07	9.10e-07	9.70e-34
 7.53890e+15	9.68e-11	1.63e-06	1.04e-03	2.92e-02	9.69e-01	9.00e-04	0.00e+00	8.45e-12	2.54e-11	4.23e-11	5.38e-07	1.09e-06	1.88e-33
 7.72314e+15	1.12e-10	1.87e-06	1.15e-03	3.09e-02	9.67e-01	8.46e-04	0.00e+00	9.76e-12	2.93e-11	4.89e-11	6.17e-07	1.25e-06	3.02e-33
 7.91415e+15	1.29e-10	2.14e-06	1.27e-03	3.27e-02	9.65e-01	7.94e-04	0.00e+00	1.13e-11	3.38e-11	5.64e-11	7.08e-07	1.44e-06	4.85e-33
 8.16246e+15	1.57e-10	2.52e-06	1.45e-03	3.51e-02	9.63e-01	7.34e-04	0.00e+00	1.37e-11	4.12e-11	6.88e-11	8.32e-07	1.69e-06	8.30e-33
 8.41904e+15	1.89e-10	3.07e-06	1.65e-03	3.78e-02	9.60e-01	6.74e-04	0.00e+00	1.65e-11	4.96e-11	8.28e-11	1.01e-06	2.06e-06	1.66e-32
 8.62907e+15	2.19e-10	3.54e-06	1.84e-03	4.00e-02	9.57e-01	6.31e-04	0.00e+00	1.92e-11	5.76e-11	9.60e-11	1.17e-06	2.37e-06	2.65e-32
 8.84483e+15	2.58e-10	4.10e-06	2.05e-03	4.25e-02	9.55e-01	5.90e-04	0.00e+00	2.26e-11	6.79e-11	1.13e-10	1.35e-06	2.74e-06	4.35e-32
 9.12531e+15	3.13e-10	4.89e-06	2.34e-03	4.57e-02	9.51e-01	5.44e-04	0.00e+00	2.75e-11	8.26e-11	1.38e-10	1.62e-06	3.27e-06	7.69e-32
 9.41281e+15	3.81e-10	5.90e-06	2.68e-03	4.92e-02	9.48e-01	4.99e-04	0.00e+00	3.36e-11	1.01e-10	1.68e-10	1.95e-06	3.94e-06	1.42e-31
