#depth	He	He+	He+2
 1.49634e+10	1.79e-24	3.32e-13	1.00e+00
 4.54887e+10	2.03e-24	3.59e-13	1.00e+00
 7.72350e+10	2.26e-24	3.88e-13	1.00e+00
 1.10251e+11	2.52e-24	4.19e-13	1.00e+00
 1.44588e+11	2.80e-24	4.53e-13	1.00e+00
 1.80298e+11	3.12e-24	4.89e-13	1.00e+00
 2.17437e+11	3.46e-24	5.29e-13	1.00e+00
 2.56061e+11	3.85e-24	5.72e-13	1.00e+00
 2.96231e+11	4.27e-24	6.18e-13	1.00e+00
 3.38007e+11	4.73e-24	6.68e-13	1.00e+00
 3.81454e+11	5.24e-24	7.22e-13	1.00e+00
 4.26639e+11	5.80e-24	7.81e-13	1.00e+00
 4.73631e+11	6.42e-24	8.44e-13	1.00e+00
 5.22503e+11	7.10e-24	9.13e-13	1.00e+00
 5.73330e+11	7.85e-24	9.88e-13	1.00e+00
 6.26190e+11	8.68e-24	1.07e-12	1.00e+00
 6.75561e+11	9.51e-24	1.15e-12	1.00e+00
 7.19138e+11	1.03e-23	1.22e-12	1.00e+00
 7.67791e+11	1.11e-23	1.30e-12	1.00e+00
 8.26160e+11	1.23e-23	1.40e-12	1.00e+00
 8.84681e+11	1.35e-23	1.51e-12	1.00e+00
 9.38414e+11	1.46e-23	1.61e-12	1.00e+00
 9.98402e+11	1.60e-23	1.73e-12	1.00e+00
 1.06792e+12	1.77e-23	1.87e-12	1.00e+00
 1.13550e+12	1.94e-23	2.01e-12	1.00e+00
 1.19930e+12	2.12e-23	2.15e-12	1.00e+00
 1.27071e+12	2.32e-23	2.31e-12	1.00e+00
 1.35146e+12	2.57e-23	2.50e-12	1.00e+00
 1.43244e+12	2.84e-23	2.70e-12	1.00e+00
 1.51665e+12	3.14e-23	2.91e-12	1.00e+00
 1.60724e+12	3.48e-23	3.15e-12	1.00e+00
 1.70146e+12	3.87e-23	3.41e-12	1.00e+00
 1.79945e+12	4.30e-23	3.70e-12	1.00e+00
 1.90135e+12	4.79e-23	4.00e-12	1.00e+00
 2.00733e+12	5.33e-23	4.33e-12	1.00e+00
 2.11755e+12	5.95e-23	4.69e-12	1.00e+00
 2.23218e+12	6.64e-23	5.08e-12	1.00e+00
 2.35139e+12	7.43e-23	5.51e-12	1.00e+00
 2.47538e+12	8.32e-23	5.97e-12	1.00e+00
 2.60432e+12	9.33e-23	6.47e-12	1.00e+00
 2.73842e+12	1.05e-22	7.01e-12	1.00e+00
 2.86860e+12	1.17e-22	7.55e-12	1.00e+00
 2.98853e+12	1.29e-22	8.08e-12	1.00e+00
 3.12219e+12	1.43e-22	8.69e-12	1.00e+00
 3.27666e+12	1.62e-22	9.42e-12	1.00e+00
 3.42901e+12	1.82e-22	1.02e-11	1.00e+00
 3.58746e+12	2.04e-22	1.10e-11	1.00e+00
 3.76089e+12	2.32e-22	1.19e-11	1.00e+00
 3.93671e+12	2.62e-22	1.29e-11	1.00e+00
 4.11957e+12	2.97e-22	1.40e-11	1.00e+00
 4.31428e+12	3.38e-22	1.52e-11	1.00e+00
 4.51677e+12	3.86e-22	1.65e-11	1.00e+00
 4.72737e+12	4.41e-22	1.79e-11	1.00e+00
 4.94639e+12	5.04e-22	1.95e-11	1.00e+00
 5.17418e+12	5.77e-22	2.12e-11	1.00e+00
 5.41107e+12	6.61e-22	2.30e-11	1.00e+00
 5.65744e+12	7.59e-22	2.51e-11	1.00e+00
 5.88947e+12	8.62e-22	2.70e-11	1.00e+00
 6.09758e+12	9.62e-22	2.89e-11	1.00e+00
 6.33145e+12	1.08e-21	3.11e-11	1.00e+00
 6.60788e+12	1.25e-21	3.38e-11	1.00e+00
 6.88534e+12	1.43e-21	3.67e-11	1.00e+00
 7.14660e+12	1.62e-21	3.95e-11	1.00e+00
 7.43509e+12	1.84e-21	4.28e-11	1.00e+00
 7.76242e+12	2.14e-21	4.67e-11	1.00e+00
 8.09024e+12	2.46e-21	5.08e-11	1.00e+00
 8.43117e+12	2.83e-21	5.53e-11	1.00e+00
 8.79835e+12	3.29e-21	6.04e-11	1.00e+00
 9.14280e+12	3.77e-21	6.54e-11	1.00e+00
 9.45051e+12	4.23e-21	7.02e-11	1.00e+00
 9.79654e+12	4.79e-21	7.58e-11	1.00e+00
 1.02069e+13	5.55e-21	8.28e-11	1.00e+00
 1.06191e+13	6.40e-21	9.02e-11	1.00e+00
 1.10051e+13	7.26e-21	9.76e-11	1.00e+00
 1.14326e+13	8.32e-21	1.06e-10	1.00e+00
 1.19198e+13	9.68e-21	1.16e-10	1.00e+00
 1.23991e+13	1.12e-20	1.27e-10	1.00e+00
 1.28975e+13	1.28e-20	1.39e-10	1.00e+00
 1.34433e+13	1.49e-20	1.53e-10	1.00e+00
 1.39914e+13	1.72e-20	1.68e-10	1.00e+00
 1.45614e+13	1.99e-20	1.84e-10	1.00e+00
 1.51738e+13	2.30e-20	2.03e-10	1.00e+00
 1.57806e+13	2.65e-20	2.22e-10	1.00e+00
 1.64116e+13	3.04e-20	2.44e-10	1.00e+00
 1.70980e+13	3.51e-20	2.70e-10	1.00e+00
 1.78118e+13	4.05e-20	2.98e-10	1.00e+00
 1.85542e+13	4.66e-20	3.29e-10	1.00e+00
 1.93263e+13	5.36e-20	3.64e-10	1.00e+00
 2.01293e+13	6.15e-20	4.03e-10	1.00e+00
 2.08565e+13	6.93e-20	4.40e-10	1.00e+00
 2.14640e+13	7.62e-20	4.73e-10	1.00e+00
 2.21301e+13	8.41e-20	5.11e-10	1.00e+00
 2.29717e+13	9.50e-20	5.62e-10	1.00e+00
 2.38489e+13	1.07e-19	6.19e-10	1.00e+00
 2.45956e+13	1.18e-19	6.69e-10	1.00e+00
 2.53653e+13	1.30e-19	7.24e-10	1.00e+00
 2.63313e+13	1.47e-19	7.97e-10	1.00e+00
 2.73117e+13	1.65e-19	8.76e-10	1.00e+00
 2.81563e+13	1.81e-19	9.47e-10	1.00e+00
 2.90651e+13	1.99e-19	1.03e-09	1.00e+00
 3.01853e+13	2.24e-19	1.13e-09	1.00e+00
 3.13318e+13	2.51e-19	1.25e-09	1.00e+00
 3.23693e+13	2.78e-19	1.36e-09	1.00e+00
 3.35136e+13	3.09e-19	1.48e-09	1.00e+00
 3.48585e+13	3.50e-19	1.64e-09	1.00e+00
 3.62019e+13	3.95e-19	1.80e-09	1.00e+00
 3.74808e+13	4.42e-19	1.97e-09	1.00e+00
 3.88916e+13	5.00e-19	2.16e-09	1.00e+00
 4.04772e+13	5.72e-19	2.39e-09	1.00e+00
 4.19044e+13	6.45e-19	2.61e-09	1.00e+00
 4.30831e+13	7.12e-19	2.79e-09	1.00e+00
 4.43706e+13	7.91e-19	3.00e-09	1.00e+00
 4.60152e+13	9.04e-19	3.29e-09	1.00e+00
 4.76748e+13	1.03e-18	3.59e-09	1.00e+00
 4.90473e+13	1.15e-18	3.85e-09	1.00e+00
 5.04956e+13	1.29e-18	4.13e-09	1.00e+00
 5.23555e+13	1.48e-18	4.51e-09	1.00e+00
 5.43060e+13	1.72e-18	4.94e-09	1.00e+00
 5.60132e+13	1.95e-18	5.32e-09	1.00e+00
 5.78482e+13	2.22e-18	5.75e-09	1.00e+00
 6.00780e+13	2.60e-18	6.30e-09	1.00e+00
 6.22367e+13	3.02e-18	6.86e-09	1.00e+00
 6.40516e+13	3.41e-18	7.34e-09	1.00e+00
 6.60040e+13	3.88e-18	7.89e-09	1.00e+00
 6.84646e+13	4.54e-18	8.60e-09	1.00e+00
 7.09931e+13	5.32e-18	9.38e-09	1.00e+00
 7.31934e+13	6.07e-18	1.01e-08	1.00e+00
 7.55600e+13	6.98e-18	1.09e-08	1.00e+00
 7.84505e+13	8.24e-18	1.19e-08	1.00e+00
 8.13583e+13	9.68e-18	1.29e-08	1.00e+00
 8.39522e+13	1.11e-17	1.39e-08	1.00e+00
 8.68021e+13	1.29e-17	1.50e-08	1.00e+00
 9.01961e+13	1.53e-17	1.64e-08	1.00e+00
 9.35875e+13	1.80e-17	1.78e-08	1.00e+00
 9.67397e+13	2.08e-17	1.92e-08	1.00e+00
 1.00264e+14	2.43e-17	2.08e-08	1.00e+00
 1.04305e+14	2.90e-17	2.28e-08	1.00e+00
 1.08310e+14	3.43e-17	2.48e-08	1.00e+00
 1.12475e+14	4.04e-17	2.70e-08	1.00e+00
 1.17004e+14	4.81e-17	2.95e-08	1.00e+00
 1.21715e+14	5.70e-17	3.21e-08	1.00e+00
 1.26188e+14	6.69e-17	3.48e-08	1.00e+00
 1.30201e+14	7.66e-17	3.73e-08	1.00e+00
 1.33943e+14	8.65e-17	3.97e-08	1.00e+00
 1.38086e+14	9.86e-17	4.24e-08	1.00e+00
 1.42749e+14	1.14e-16	4.55e-08	1.00e+00
 1.47203e+14	1.30e-16	4.87e-08	1.00e+00
 1.52109e+14	1.49e-16	5.22e-08	1.00e+00
 1.57587e+14	1.73e-16	5.63e-08	1.00e+00
 1.62648e+14	1.98e-16	6.03e-08	1.00e+00
 1.67323e+14	2.23e-16	6.40e-08	1.00e+00
 1.72658e+14	2.54e-16	6.83e-08	1.00e+00
 1.79202e+14	2.98e-16	7.40e-08	1.00e+00
 1.85714e+14	3.45e-16	7.97e-08	1.00e+00
 1.91403e+14	3.91e-16	8.48e-08	1.00e+00
 1.97626e+14	4.46e-16	9.06e-08	1.00e+00
 2.05182e+14	5.19e-16	9.78e-08	1.00e+00
 2.12825e+14	6.03e-16	1.06e-07	1.00e+00
 2.19739e+14	6.86e-16	1.13e-07	1.00e+00
 2.27347e+14	7.86e-16	1.21e-07	1.00e+00
 2.36296e+14	9.16e-16	1.30e-07	1.00e+00
 2.45214e+14	1.06e-15	1.41e-07	1.00e+00
 2.53622e+14	1.22e-15	1.50e-07	1.00e+00
 2.62928e+14	1.40e-15	1.61e-07	1.00e+00
 2.73475e+14	1.64e-15	1.75e-07	1.00e+00
 2.84037e+14	1.90e-15	1.88e-07	1.00e+00
 2.95022e+14	2.21e-15	2.03e-07	1.00e+00
 3.06853e+14	2.57e-15	2.19e-07	1.00e+00
 3.19157e+14	3.00e-15	2.37e-07	1.00e+00
 3.31017e+14	3.46e-15	2.55e-07	1.00e+00
 3.42114e+14	3.93e-15	2.72e-07	1.00e+00
 3.52569e+14	4.41e-15	2.88e-07	1.00e+00
 3.63942e+14	5.00e-15	3.07e-07	1.00e+00
 3.76606e+14	5.71e-15	3.29e-07	1.00e+00
 3.88543e+14	6.46e-15	3.50e-07	1.00e+00
 4.01652e+14	7.34e-15	3.73e-07	1.00e+00
 4.16421e+14	8.44e-15	4.01e-07	1.00e+00
 4.30536e+14	9.61e-15	4.28e-07	1.00e+00
 4.46052e+14	1.10e-14	4.60e-07	1.00e+00
 4.63423e+14	1.28e-14	4.96e-07	1.00e+00
 4.80078e+14	1.47e-14	5.32e-07	1.00e+00
 4.97900e+14	1.69e-14	5.72e-07	1.00e+00
 5.17846e+14	1.97e-14	6.18e-07	1.00e+00
 5.36262e+14	2.26e-14	6.64e-07	1.00e+00
 5.52173e+14	2.53e-14	7.04e-07	1.00e+00
 5.69799e+14	2.86e-14	7.51e-07	1.00e+00
 5.91371e+14	3.30e-14	8.08e-07	1.00e+00
 6.13249e+14	3.81e-14	8.72e-07	1.00e+00
 6.32885e+14	4.29e-14	9.28e-07	1.00e+00
 6.54432e+14	4.90e-14	9.95e-07	1.00e+00
 6.79959e+14	5.68e-14	1.08e-06	1.00e+00
 7.05054e+14	6.54e-14	1.16e-06	1.00e+00
 7.27920e+14	7.38e-14	1.23e-06	1.00e+00
 7.53492e+14	8.44e-14	1.33e-06	1.00e+00
 7.83320e+14	9.82e-14	1.44e-06	1.00e+00
 8.12625e+14	1.13e-13	1.55e-06	1.00e+00
 8.40297e+14	1.28e-13	1.66e-06	1.00e+00
 8.71135e+14	1.47e-13	1.78e-06	1.00e+00
 9.06010e+14	1.71e-13	1.93e-06	1.00e+00
 9.40803e+14	1.97e-13	2.08e-06	1.00e+00
 9.73397e+14	2.24e-13	2.23e-06	1.00e+00
 1.00877e+15	2.56e-13	2.40e-06	1.00e+00
 1.04915e+15	2.97e-13	2.60e-06	1.00e+00
 1.08705e+15	3.38e-13	2.80e-06	1.00e+00
 1.12108e+15	3.80e-13	2.98e-06	1.00e+00
 1.15336e+15	4.21e-13	3.16e-06	1.00e+00
 1.18915e+15	4.71e-13	3.36e-06	1.00e+00
 1.22916e+15	5.32e-13	3.60e-06	1.00e+00
 1.26679e+15	5.94e-13	3.82e-06	1.00e+00
 1.30782e+15	6.66e-13	4.08e-06	1.00e+00
 1.35365e+15	7.55e-13	4.37e-06	1.00e+00
 1.39713e+15	8.46e-13	4.66e-06	1.00e+00
 1.44507e+15	9.55e-13	4.99e-06	1.00e+00
 1.49805e+15	1.08e-12	5.38e-06	1.00e+00
 1.54687e+15	1.21e-12	5.73e-06	1.00e+00
 1.59962e+15	1.37e-12	6.14e-06	1.00e+00
 1.65853e+15	1.55e-12	6.61e-06	1.00e+00
 1.71412e+15	1.75e-12	7.08e-06	1.00e+00
 1.77505e+15	1.97e-12	7.59e-06	1.00e+00
 1.84271e+15	2.25e-12	8.21e-06	1.00e+00
 1.90551e+15	2.52e-12	8.78e-06	1.00e+00
 1.97358e+15	2.86e-12	9.46e-06	1.00e+00
 2.04979e+15	3.26e-12	1.02e-05	1.00e+00
 2.12205e+15	3.67e-12	1.10e-05	1.00e+00
 2.19970e+15	4.16e-12	1.18e-05	1.00e+00
 2.28772e+15	4.77e-12	1.29e-05	1.00e+00
 2.37374e+15	5.42e-12	1.39e-05	1.00e+00
 2.46320e+15	6.18e-12	1.50e-05	1.00e+00
 2.56176e+15	7.08e-12	1.63e-05	1.00e+00
 2.65885e+15	8.10e-12	1.77e-05	1.00e+00
 2.73858e+15	8.98e-12	1.88e-05	1.00e+00
 2.80205e+15	9.73e-12	1.98e-05	1.00e+00
 2.87239e+15	1.06e-11	2.09e-05	1.00e+00
 2.96383e+15	1.19e-11	2.23e-05	1.00e+00
 3.06199e+15	1.34e-11	2.40e-05	1.00e+00
 3.14930e+15	1.47e-11	2.55e-05	1.00e+00
 3.24317e+15	1.65e-11	2.72e-05	1.00e+00
 3.36216e+15	1.87e-11	2.94e-05	1.00e+00
 3.48335e+15	2.13e-11	3.19e-05	1.00e+00
 3.58602e+15	2.38e-11	3.40e-05	1.00e+00
 3.69508e+15	2.64e-11	3.63e-05	1.00e+00
 3.83188e+15	3.04e-11	3.95e-05	1.00e+00
 3.97259e+15	3.48e-11	4.28e-05	1.00e+00
 4.09609e+15	3.89e-11	4.58e-05	1.00e+00
 4.22933e+15	4.37e-11	4.93e-05	1.00e+00
 4.39076e+15	5.07e-11	5.37e-05	1.00e+00
 4.55100e+15	5.82e-11	5.83e-05	1.00e+00
 4.69277e+15	6.53e-11	6.24e-05	1.00e+00
 4.84833e+15	7.34e-11	6.72e-05	1.00e+00
 5.03499e+15	8.54e-11	7.33e-05	1.00e+00
 5.22113e+15	9.83e-11	7.96e-05	1.00e+00
 5.39075e+15	1.10e-10	8.56e-05	1.00e+00
 5.57985e+15	1.27e-10	9.27e-05	1.00e+00
 5.80048e+15	1.48e-10	1.01e-04	1.00e+00
 6.01759e+15	1.71e-10	1.10e-04	1.00e+00
 6.22306e+15	1.92e-10	1.19e-04	1.00e+00
 6.45168e+15	2.24e-10	1.29e-04	1.00e+00
 6.66766e+15	2.55e-10	1.39e-04	1.00e+00
 6.82843e+15	2.80e-10	1.47e-04	1.00e+00
 6.99242e+15	3.08e-10	1.55e-04	1.00e+00
 7.20561e+15	3.43e-10	1.66e-04	1.00e+00
 7.43717e+15	3.93e-10	1.79e-04	1.00e+00
 7.64590e+15	4.38e-10	1.90e-04	1.00e+00
 7.87054e+15	4.88e-10	2.03e-04	1.00e+00
 8.15747e+15	5.69e-10	2.20e-04	1.00e+00
 8.44748e+15	6.54e-10	2.39e-04	1.00e+00
 8.68987e+15	7.33e-10	2.54e-04	1.00e+00
 8.94828e+15	8.22e-10	2.72e-04	1.00e+00
 9.27624e+15	9.57e-10	2.95e-04	1.00e+00
 9.62039e+15	1.10e-09	3.20e-04	1.00e+00
 9.92697e+15	1.24e-09	3.44e-04	1.00e+00
 1.02589e+16	1.42e-09	3.71e-04	1.00e+00
 1.06555e+16	1.68e-09	4.05e-04	1.00e+00
 1.10464e+16	1.94e-09	4.38e-04	1.00e+00
 1.13986e+16	2.19e-09	4.71e-04	1.00e+00
 1.17903e+16	2.51e-09	5.08e-04	9.99e-01
 1.22520e+16	3.00e-09	5.55e-04	9.99e-01
 1.27064e+16	3.48e-09	6.03e-04	9.99e-01
 1.31275e+16	3.99e-09	6.49e-04	9.99e-01
 1.36012e+16	4.60e-09	7.04e-04	9.99e-01
 1.41453e+16	5.47e-09	7.70e-04	9.99e-01
 1.45968e+16	6.22e-09	8.27e-04	9.99e-01
 1.49147e+16	6.81e-09	8.69e-04	9.99e-01
 1.52452e+16	7.47e-09	9.14e-04	9.99e-01
 1.56750e+16	8.29e-09	9.74e-04	9.99e-01
 1.61546e+16	9.57e-09	1.05e-03	9.99e-01
 1.66023e+16	1.07e-08	1.11e-03	9.99e-01
 1.70874e+16	1.20e-08	1.19e-03	9.99e-01
 1.76295e+16	1.39e-08	1.28e-03	9.99e-01
 1.81378e+16	1.56e-08	1.37e-03	9.99e-01
 1.86902e+16	1.76e-08	1.47e-03	9.99e-01
 1.93040e+16	2.06e-08	1.59e-03	9.98e-01
 1.98785e+16	2.32e-08	1.70e-03	9.98e-01
 2.05064e+16	2.64e-08	1.84e-03	9.98e-01
 2.11889e+16	3.11e-08	2.00e-03	9.98e-01
 2.18093e+16	3.52e-08	2.14e-03	9.98e-01
 2.23924e+16	3.97e-08	2.29e-03	9.98e-01
 2.30603e+16	4.52e-08	2.47e-03	9.98e-01
 2.37979e+16	5.26e-08	2.68e-03	9.97e-01
 2.44780e+16	5.94e-08	2.89e-03	9.97e-01
 2.52140e+16	6.77e-08	3.13e-03	9.97e-01
 2.59977e+16	7.99e-08	3.42e-03	9.97e-01
 2.66694e+16	9.01e-08	3.67e-03	9.96e-01
 2.73688e+16	1.02e-07	3.97e-03	9.96e-01
 2.81489e+16	1.19e-07	4.32e-03	9.96e-01
 2.88703e+16	1.35e-07	4.67e-03	9.95e-01
 2.94938e+16	1.50e-07	5.01e-03	9.95e-01
 3.01537e+16	1.70e-07	5.41e-03	9.95e-01
 3.08633e+16	1.97e-07	5.87e-03	9.94e-01
 3.14604e+16	2.20e-07	6.29e-03	9.94e-01
 3.20599e+16	2.47e-07	6.78e-03	9.93e-01
 3.28392e+16	2.92e-07	7.49e-03	9.93e-01
 3.35976e+16	3.40e-07	8.26e-03	9.92e-01
 3.41568e+16	3.82e-07	8.90e-03	9.91e-01
 3.47117e+16	4.33e-07	9.65e-03	9.90e-01
 3.53321e+16	4.90e-07	1.06e-02	9.89e-01
 3.59126e+16	5.76e-07	1.16e-02	9.88e-01
 3.64243e+16	6.47e-07	1.26e-02	9.87e-01
 3.68856e+16	7.23e-07	1.36e-02	9.86e-01
 3.73993e+16	8.31e-07	1.50e-02	9.85e-01
 3.79326e+16	9.69e-07	1.67e-02	9.83e-01
 3.83671e+16	1.12e-06	1.82e-02	9.82e-01
 3.87336e+16	1.26e-06	1.98e-02	9.80e-01
 3.91356e+16	1.47e-06	2.19e-02	9.78e-01
 3.95644e+16	1.73e-06	2.44e-02	9.76e-01
 3.99287e+16	2.00e-06	2.70e-02	9.73e-01
 4.02419e+16	2.24e-06	2.96e-02	9.70e-01
 4.05880e+16	2.61e-06	3.31e-02	9.67e-01
 4.09509e+16	3.21e-06	3.76e-02	9.62e-01
 4.12405e+16	3.72e-06	4.19e-02	9.58e-01
 4.14749e+16	4.18e-06	4.61e-02	9.54e-01
 4.17327e+16	4.88e-06	5.17e-02	9.48e-01
 4.20092e+16	6.01e-06	5.91e-02	9.41e-01
 4.22361e+16	6.99e-06	6.65e-02	9.34e-01
 4.24200e+16	7.96e-06	7.37e-02	9.26e-01
 4.26219e+16	9.38e-06	8.34e-02	9.17e-01
 4.28347e+16	1.16e-05	9.60e-02	9.04e-01
 4.30043e+16	1.33e-05	1.08e-01	8.92e-01
 4.31423e+16	1.56e-05	1.21e-01	8.79e-01
 4.32744e+16	1.80e-05	1.35e-01	8.65e-01
 4.34240e+16	2.14e-05	1.53e-01	8.46e-01
 4.35771e+16	2.58e-05	1.77e-01	8.23e-01
 4.36971e+16	2.99e-05	2.00e-01	8.00e-01
 4.37960e+16	3.46e-05	2.21e-01	7.79e-01
 4.38909e+16	3.96e-05	2.45e-01	7.54e-01
 4.39998e+16	4.66e-05	2.77e-01	7.23e-01
 4.41125e+16	5.52e-05	3.16e-01	6.84e-01
 4.41942e+16	6.22e-05	3.48e-01	6.52e-01
 4.42541e+16	6.88e-05	3.73e-01	6.27e-01
 4.43112e+16	7.51e-05	3.99e-01	6.01e-01
 4.43748e+16	8.32e-05	4.30e-01	5.70e-01
 4.44574e+16	9.46e-05	4.73e-01	5.27e-01
 4.45406e+16	1.07e-04	5.18e-01	4.82e-01
 4.46069e+16	1.18e-04	5.55e-01	4.45e-01
 4.46754e+16	1.30e-04	5.94e-01	4.06e-01
 4.47644e+16	1.46e-04	6.44e-01	3.56e-01
 4.48576e+16	1.63e-04	6.94e-01	3.06e-01
 4.49399e+16	1.77e-04	7.35e-01	2.65e-01
 4.50306e+16	1.94e-04	7.76e-01	2.24e-01
 4.51485e+16	2.13e-04	8.22e-01	1.78e-01
 4.52810e+16	2.33e-04	8.63e-01	1.36e-01
 4.54325e+16	2.52e-04	9.00e-01	1.00e-01
 4.56294e+16	2.73e-04	9.32e-01	6.78e-02
 4.58853e+16	2.94e-04	9.58e-01	4.20e-02
 4.62181e+16	3.15e-04	9.76e-01	2.38e-02
 4.66506e+16	3.38e-04	9.87e-01	1.25e-02
 4.72130e+16	3.65e-04	9.93e-01	6.17e-03
 4.77861e+16	3.95e-04	9.96e-01	3.38e-03
 4.82397e+16	4.21e-04	9.97e-01	2.24e-03
 4.86301e+16	4.47e-04	9.98e-01	1.61e-03
 4.90717e+16	4.80e-04	9.98e-01	1.13e-03
 4.95482e+16	5.23e-04	9.99e-01	8.01e-04
 4.99475e+16	5.67e-04	9.99e-01	6.15e-04
 5.02647e+16	6.07e-04	9.99e-01	5.03e-04
 5.05979e+16	6.54e-04	9.99e-01	4.07e-04
 5.08870e+16	7.05e-04	9.99e-01	3.46e-04
 5.10456e+16	7.36e-04	9.99e-01	3.18e-04
 5.11785e+16	7.64e-04	9.99e-01	2.94e-04
 5.13512e+16	8.03e-04	9.99e-01	2.65e-04
 5.15416e+16	8.52e-04	9.99e-01	2.38e-04
 5.17106e+16	8.99e-04	9.99e-01	2.18e-04
 5.18536e+16	9.44e-04	9.99e-01	2.02e-04
 5.20070e+16	9.97e-04	9.99e-01	1.85e-04
 5.21738e+16	1.06e-03	9.99e-01	1.69e-04
 5.23188e+16	1.12e-03	9.99e-01	1.58e-04
 5.24284e+16	1.18e-03	9.99e-01	1.49e-04
 5.25133e+16	1.22e-03	9.99e-01	1.43e-04
 5.26063e+16	1.27e-03	9.99e-01	1.36e-04
 5.27271e+16	1.35e-03	9.99e-01	1.28e-04
 5.28464e+16	1.43e-03	9.98e-01	1.20e-04
 5.29340e+16	1.49e-03	9.98e-01	1.15e-04
 5.30056e+16	1.55e-03	9.98e-01	1.11e-04
 5.30863e+16	1.62e-03	9.98e-01	1.07e-04
 5.31771e+16	1.71e-03	9.98e-01	1.02e-04
 5.32606e+16	1.79e-03	9.98e-01	9.82e-05
 5.33335e+16	1.87e-03	9.98e-01	9.49e-05
 5.34023e+16	1.96e-03	9.98e-01	9.17e-05
 5.34810e+16	2.07e-03	9.98e-01	8.81e-05
 5.35642e+16	2.19e-03	9.98e-01	8.47e-05
 5.36331e+16	2.30e-03	9.98e-01	8.20e-05
 5.36919e+16	2.41e-03	9.98e-01	7.98e-05
 5.37572e+16	2.53e-03	9.97e-01	7.72e-05
 5.38288e+16	2.69e-03	9.97e-01	7.46e-05
 5.38921e+16	2.84e-03	9.97e-01	7.24e-05
 5.39469e+16	2.98e-03	9.97e-01	7.07e-05
 5.40068e+16	3.15e-03	9.97e-01	6.86e-05
 5.40720e+16	3.37e-03	9.97e-01	6.65e-05
 5.41295e+16	3.57e-03	9.96e-01	6.49e-05
 5.41797e+16	3.77e-03	9.96e-01	6.33e-05
 5.42349e+16	4.01e-03	9.96e-01	6.17e-05
 5.42957e+16	4.32e-03	9.96e-01	6.00e-05
 5.43505e+16	4.63e-03	9.95e-01	5.85e-05
 5.43997e+16	4.94e-03	9.95e-01	5.73e-05
 5.44551e+16	5.35e-03	9.95e-01	5.58e-05
 5.45168e+16	5.87e-03	9.94e-01	5.42e-05
 5.45728e+16	6.44e-03	9.94e-01	5.29e-05
 5.46209e+16	7.01e-03	9.93e-01	5.19e-05
 5.46651e+16	7.61e-03	9.92e-01	5.09e-05
 5.47084e+16	8.31e-03	9.92e-01	4.99e-05
 5.47512e+16	9.11e-03	9.91e-01	4.91e-05
 5.47918e+16	1.00e-02	9.90e-01	4.83e-05
 5.48294e+16	1.10e-02	9.89e-01	4.76e-05
 5.48647e+16	1.21e-02	9.88e-01	4.70e-05
 5.48985e+16	1.33e-02	9.87e-01	4.65e-05
 5.49310e+16	1.47e-02	9.85e-01	4.60e-05
 5.49621e+16	1.62e-02	9.84e-01	4.56e-05
 5.49916e+16	1.79e-02	9.82e-01	4.54e-05
 5.50201e+16	1.99e-02	9.80e-01	4.52e-05
 5.50477e+16	2.23e-02	9.78e-01	4.51e-05
 5.50737e+16	2.49e-02	9.75e-01	4.51e-05
 5.50976e+16	2.77e-02	9.72e-01	4.52e-05
 5.51199e+16	3.07e-02	9.69e-01	4.55e-05
 5.51412e+16	3.43e-02	9.66e-01	4.57e-05
 5.51615e+16	3.82e-02	9.62e-01	4.62e-05
 5.51805e+16	4.25e-02	9.57e-01	4.67e-05
 5.51988e+16	4.74e-02	9.53e-01	4.72e-05
 5.52159e+16	5.27e-02	9.47e-01	4.79e-05
 5.52322e+16	5.84e-02	9.42e-01	4.89e-05
 5.52488e+16	6.53e-02	9.35e-01	4.99e-05
 5.52650e+16	7.31e-02	9.27e-01	5.11e-05
 5.52795e+16	8.13e-02	9.19e-01	5.22e-05
 5.52928e+16	8.96e-02	9.10e-01	5.37e-05
 5.53049e+16	9.85e-02	9.01e-01	5.48e-05
 5.53162e+16	1.08e-01	8.92e-01	5.63e-05
 5.53269e+16	1.17e-01	8.83e-01	5.75e-05
 5.53349e+16	1.25e-01	8.75e-01	5.87e-05
 5.53400e+16	1.30e-01	8.70e-01	5.95e-05
 5.53449e+16	1.36e-01	8.64e-01	6.01e-05
 5.53507e+16	1.43e-01	8.57e-01	6.09e-05
 5.53568e+16	1.51e-01	8.49e-01	6.19e-05
 5.53625e+16	1.58e-01	8.42e-01	6.29e-05
 5.53680e+16	1.66e-01	8.34e-01	6.39e-05
 5.53735e+16	1.74e-01	8.26e-01	6.47e-05
 5.53789e+16	1.82e-01	8.18e-01	6.58e-05
 5.53843e+16	1.91e-01	8.08e-01	6.67e-05
 5.53896e+16	2.00e-01	8.00e-01	6.79e-05
 5.53948e+16	2.10e-01	7.90e-01	6.88e-05
 5.54001e+16	2.21e-01	7.79e-01	6.97e-05
 5.54051e+16	2.31e-01	7.69e-01	7.08e-05
 5.54101e+16	2.41e-01	7.59e-01	7.19e-05
 5.54151e+16	2.53e-01	7.47e-01	7.27e-05
 5.54201e+16	2.64e-01	7.36e-01	7.39e-05
 5.54249e+16	2.76e-01	7.24e-01	7.48e-05
 5.54297e+16	2.88e-01	7.12e-01	7.57e-05
 5.54344e+16	3.01e-01	6.99e-01	7.66e-05
 5.54391e+16	3.14e-01	6.86e-01	7.75e-05
 5.54437e+16	3.27e-01	6.73e-01	7.84e-05
 5.54482e+16	3.40e-01	6.60e-01	7.93e-05
 5.54527e+16	3.54e-01	6.46e-01	8.01e-05
 5.54571e+16	3.68e-01	6.32e-01	8.09e-05
 5.54614e+16	3.82e-01	6.17e-01	8.16e-05
 5.54657e+16	3.97e-01	6.03e-01	8.23e-05
 5.54700e+16	4.12e-01	5.88e-01	8.29e-05
 5.54741e+16	4.26e-01	5.74e-01	8.35e-05
 5.54782e+16	4.41e-01	5.59e-01	8.41e-05
 5.54823e+16	4.56e-01	5.44e-01	8.46e-05
 5.54863e+16	4.71e-01	5.29e-01	8.52e-05
 5.54901e+16	4.85e-01	5.15e-01	8.55e-05
 5.54940e+16	5.00e-01	5.00e-01	8.58e-05
 5.54977e+16	5.14e-01	4.85e-01	8.61e-05
 5.55013e+16	5.29e-01	4.71e-01	8.63e-05
 5.55049e+16	5.43e-01	4.57e-01	8.64e-05
 5.55084e+16	5.57e-01	4.43e-01	8.64e-05
 5.55118e+16	5.70e-01	4.30e-01	8.64e-05
 5.55152e+16	5.84e-01	4.16e-01	8.63e-05
 5.55185e+16	5.97e-01	4.03e-01	8.62e-05
 5.55217e+16	6.09e-01	3.90e-01	8.61e-05
 5.55248e+16	6.22e-01	3.78e-01	8.58e-05
 5.55279e+16	6.34e-01	3.66e-01	8.56e-05
 5.55309e+16	6.46e-01	3.54e-01	8.53e-05
 5.55339e+16	6.57e-01	3.43e-01	8.50e-05
 5.55368e+16	6.68e-01	3.32e-01	8.46e-05
 5.55396e+16	6.79e-01	3.21e-01	8.41e-05
 5.55425e+16	6.90e-01	3.10e-01	8.37e-05
 5.55453e+16	7.00e-01	3.00e-01	8.31e-05
 5.55480e+16	7.10e-01	2.90e-01	8.26e-05
 5.55507e+16	7.20e-01	2.80e-01	8.20e-05
 5.55534e+16	7.29e-01	2.71e-01	8.14e-05
 5.55560e+16	7.38e-01	2.61e-01	8.07e-05
 5.55585e+16	7.47e-01	2.53e-01	8.00e-05
 5.55611e+16	7.56e-01	2.44e-01	7.93e-05
 5.55636e+16	7.64e-01	2.36e-01	7.85e-05
 5.55661e+16	7.72e-01	2.28e-01	7.77e-05
 5.55681e+16	7.79e-01	2.21e-01	7.70e-05
 5.55696e+16	7.83e-01	2.17e-01	7.64e-05
 5.55710e+16	7.88e-01	2.12e-01	7.58e-05
 5.55725e+16	7.93e-01	2.07e-01	7.51e-05
 5.55741e+16	7.98e-01	2.02e-01	7.45e-05
 5.55756e+16	8.02e-01	1.98e-01	7.39e-05
 5.55771e+16	8.07e-01	1.93e-01	7.32e-05
 5.55785e+16	8.11e-01	1.89e-01	7.26e-05
 5.55800e+16	8.15e-01	1.85e-01	7.19e-05
 5.55815e+16	8.19e-01	1.81e-01	7.13e-05
 5.55830e+16	8.24e-01	1.76e-01	7.06e-05
 5.55845e+16	8.28e-01	1.72e-01	7.00e-05
 5.55860e+16	8.32e-01	1.68e-01	6.92e-05
 5.55877e+16	8.36e-01	1.64e-01	6.85e-05
 5.55894e+16	8.41e-01	1.59e-01	6.77e-05
 5.55913e+16	8.46e-01	1.54e-01	6.68e-05
 5.55934e+16	8.51e-01	1.49e-01	6.57e-05
 5.55956e+16	8.57e-01	1.43e-01	6.47e-05
 5.55977e+16	8.62e-01	1.38e-01	6.35e-05
 5.55998e+16	8.67e-01	1.33e-01	6.24e-05
 5.56017e+16	8.71e-01	1.29e-01	6.12e-05
 5.56036e+16	8.75e-01	1.24e-01	6.01e-05
 5.56055e+16	8.80e-01	1.20e-01	5.89e-05
 5.56073e+16	8.83e-01	1.16e-01	5.78e-05
 5.56089e+16	8.87e-01	1.13e-01	5.67e-05
 5.56104e+16	8.90e-01	1.10e-01	5.56e-05
 5.56118e+16	8.93e-01	1.07e-01	5.47e-05
 5.56131e+16	8.96e-01	1.04e-01	5.37e-05
 5.56142e+16	8.98e-01	1.02e-01	5.29e-05
 5.56152e+16	9.00e-01	9.99e-02	5.21e-05
 5.56162e+16	9.02e-01	9.80e-02	5.14e-05
 5.56170e+16	9.04e-01	9.62e-02	5.06e-05
 5.56180e+16	9.06e-01	9.43e-02	4.99e-05
 5.56190e+16	9.08e-01	9.24e-02	4.92e-05
 5.56199e+16	9.09e-01	9.06e-02	4.85e-05
 5.56208e+16	9.11e-01	8.90e-02	4.78e-05
 5.56215e+16	9.12e-01	8.75e-02	4.70e-05
 5.56222e+16	9.14e-01	8.62e-02	4.65e-05
 5.56230e+16	9.15e-01	8.47e-02	4.58e-05
 5.56238e+16	9.17e-01	8.32e-02	4.52e-05
 5.56246e+16	9.18e-01	8.19e-02	4.46e-05
 5.56253e+16	9.19e-01	8.06e-02	4.40e-05
 5.56259e+16	9.21e-01	7.94e-02	4.34e-05
 5.56265e+16	9.22e-01	7.84e-02	4.28e-05
 5.56271e+16	9.23e-01	7.72e-02	4.23e-05
 5.56278e+16	9.24e-01	7.60e-02	4.17e-05
 5.56284e+16	9.25e-01	7.48e-02	4.11e-05
 5.56290e+16	9.26e-01	7.38e-02	4.05e-05
 5.56295e+16	9.27e-01	7.27e-02	4.00e-05
 5.56302e+16	9.28e-01	7.16e-02	3.94e-05
 5.56309e+16	9.30e-01	7.04e-02	3.88e-05
 5.56315e+16	9.31e-01	6.93e-02	3.83e-05
 5.56321e+16	9.32e-01	6.83e-02	3.77e-05
 5.56326e+16	9.33e-01	6.74e-02	3.72e-05
 5.56332e+16	9.34e-01	6.64e-02	3.67e-05
 5.56338e+16	9.35e-01	6.54e-02	3.61e-05
 5.56343e+16	9.36e-01	6.45e-02	3.56e-05
 5.56349e+16	9.36e-01	6.35e-02	3.51e-05
 5.56354e+16	9.37e-01	6.26e-02	3.46e-05
 5.56360e+16	9.38e-01	6.16e-02	3.40e-05
 5.56365e+16	9.39e-01	6.07e-02	3.35e-05
 5.56371e+16	9.40e-01	5.98e-02	3.30e-05
 5.56376e+16	9.41e-01	5.89e-02	3.25e-05
 5.56382e+16	9.42e-01	5.80e-02	3.20e-05
 5.56388e+16	9.43e-01	5.71e-02	3.15e-05
 5.56393e+16	9.44e-01	5.62e-02	3.10e-05
 5.56399e+16	9.45e-01	5.54e-02	3.05e-05
 5.56404e+16	9.45e-01	5.45e-02	3.00e-05
 5.56410e+16	9.46e-01	5.37e-02	2.95e-05
 5.56415e+16	9.47e-01	5.28e-02	2.91e-05
 5.56421e+16	9.48e-01	5.20e-02	2.86e-05
 5.56427e+16	9.49e-01	5.12e-02	2.82e-05
 5.56432e+16	9.50e-01	5.04e-02	2.77e-05
 5.56438e+16	9.50e-01	4.96e-02	2.73e-05
 5.56443e+16	9.51e-01	4.89e-02	2.69e-05
 5.56449e+16	9.52e-01	4.82e-02	2.65e-05
 5.56454e+16	9.53e-01	4.74e-02	2.61e-05
 5.56460e+16	9.53e-01	4.67e-02	2.57e-05
 5.56465e+16	9.54e-01	4.60e-02	2.53e-05
 5.56471e+16	9.55e-01	4.53e-02	2.49e-05
 5.56477e+16	9.55e-01	4.46e-02	2.46e-05
 5.56482e+16	9.56e-01	4.39e-02	2.42e-05
 5.56488e+16	9.57e-01	4.33e-02	2.38e-05
 5.56493e+16	9.57e-01	4.26e-02	2.35e-05
 5.56499e+16	9.58e-01	4.20e-02	2.31e-05
 5.56504e+16	9.59e-01	4.13e-02	2.28e-05
 5.56510e+16	9.59e-01	4.07e-02	2.25e-05
 5.56516e+16	9.60e-01	4.01e-02	2.21e-05
 5.56521e+16	9.60e-01	3.95e-02	2.18e-05
 5.56527e+16	9.61e-01	3.89e-02	2.15e-05
 5.56533e+16	9.62e-01	3.82e-02	2.11e-05
 5.56540e+16	9.62e-01	3.75e-02	2.08e-05
 5.56546e+16	9.63e-01	3.69e-02	2.04e-05
 5.56552e+16	9.64e-01	3.63e-02	2.01e-05
 5.56558e+16	9.64e-01	3.58e-02	1.98e-05
 5.56564e+16	9.65e-01	3.52e-02	1.95e-05
 5.56571e+16	9.65e-01	3.46e-02	1.92e-05
 5.56577e+16	9.66e-01	3.40e-02	1.89e-05
 5.56583e+16	9.66e-01	3.35e-02	1.86e-05
 5.56589e+16	9.67e-01	3.29e-02	1.84e-05
 5.56596e+16	9.68e-01	3.24e-02	1.81e-05
 5.56603e+16	9.68e-01	3.18e-02	1.78e-05
 5.56610e+16	9.69e-01	3.13e-02	1.75e-05
 5.56617e+16	9.69e-01	3.07e-02	1.72e-05
 5.56624e+16	9.70e-01	3.02e-02	1.69e-05
 5.56630e+16	9.70e-01	2.97e-02	1.67e-05
 5.56637e+16	9.71e-01	2.92e-02	1.64e-05
 5.56644e+16	9.71e-01	2.87e-02	1.61e-05
 5.56651e+16	9.72e-01	2.82e-02	1.59e-05
 5.56658e+16	9.72e-01	2.77e-02	1.56e-05
 5.56666e+16	9.73e-01	2.71e-02	1.54e-05
 5.56673e+16	9.73e-01	2.67e-02	1.51e-05
 5.56681e+16	9.74e-01	2.62e-02	1.48e-05
 5.56689e+16	9.74e-01	2.56e-02	1.46e-05
 5.56697e+16	9.75e-01	2.52e-02	1.43e-05
 5.56705e+16	9.75e-01	2.46e-02	1.41e-05
 5.56714e+16	9.76e-01	2.41e-02	1.38e-05
 5.56723e+16	9.76e-01	2.37e-02	1.36e-05
 5.56732e+16	9.77e-01	2.31e-02	1.33e-05
 5.56741e+16	9.77e-01	2.26e-02	1.30e-05
 5.56750e+16	9.78e-01	2.22e-02	1.28e-05
 5.56758e+16	9.78e-01	2.18e-02	1.26e-05
 5.56767e+16	9.79e-01	2.13e-02	1.23e-05
 5.56777e+16	9.79e-01	2.09e-02	1.21e-05
 5.56786e+16	9.80e-01	2.05e-02	1.19e-05
 5.56795e+16	9.80e-01	2.00e-02	1.17e-05
 5.56805e+16	9.80e-01	1.96e-02	1.14e-05
 5.56815e+16	9.81e-01	1.92e-02	1.12e-05
 5.56825e+16	9.81e-01	1.87e-02	1.10e-05
 5.56836e+16	9.82e-01	1.83e-02	1.08e-05
 5.56846e+16	9.82e-01	1.79e-02	1.06e-05
 5.56857e+16	9.83e-01	1.75e-02	1.04e-05
 5.56869e+16	9.83e-01	1.71e-02	1.01e-05
 5.56880e+16	9.83e-01	1.67e-02	9.94e-06
 5.56892e+16	9.84e-01	1.63e-02	9.71e-06
 5.56905e+16	9.84e-01	1.59e-02	9.50e-06
 5.56917e+16	9.84e-01	1.55e-02	9.31e-06
 5.56930e+16	9.85e-01	1.51e-02	9.09e-06
 5.56944e+16	9.85e-01	1.47e-02	8.88e-06
 5.56956e+16	9.86e-01	1.44e-02	8.70e-06
 5.56970e+16	9.86e-01	1.40e-02	8.48e-06
 5.56985e+16	9.86e-01	1.36e-02	8.28e-06
 5.56998e+16	9.87e-01	1.33e-02	8.11e-06
 5.57013e+16	9.87e-01	1.29e-02	7.90e-06
 5.57029e+16	9.87e-01	1.25e-02	7.71e-06
 5.57044e+16	9.88e-01	1.22e-02	7.54e-06
 5.57060e+16	9.88e-01	1.19e-02	7.35e-06
 5.57077e+16	9.88e-01	1.16e-02	7.17e-06
 5.57093e+16	9.89e-01	1.13e-02	7.01e-06
 5.57110e+16	9.89e-01	1.09e-02	6.82e-06
 5.57133e+16	9.89e-01	1.05e-02	6.60e-06
 5.57161e+16	9.90e-01	1.01e-02	6.36e-06
 5.57192e+16	9.90e-01	9.67e-03	6.11e-06
 5.57224e+16	9.91e-01	9.27e-03	5.88e-06
 5.57256e+16	9.91e-01	8.87e-03	5.65e-06
 5.57292e+16	9.92e-01	8.49e-03	5.43e-06
 5.57332e+16	9.92e-01	8.11e-03	5.20e-06
 5.57375e+16	9.92e-01	7.74e-03	4.98e-06
 5.57422e+16	9.93e-01	7.40e-03	4.77e-06
 5.57473e+16	9.93e-01	7.06e-03	4.57e-06
 5.57531e+16	9.93e-01	6.74e-03	4.37e-06
 5.57598e+16	9.94e-01	6.44e-03	4.19e-06
 5.57675e+16	9.94e-01	6.15e-03	4.01e-06
 5.57766e+16	9.94e-01	5.89e-03	3.83e-06
 5.57866e+16	9.94e-01	5.67e-03	3.69e-06
 5.57966e+16	9.94e-01	5.50e-03	3.58e-06
 5.58066e+16	9.95e-01	5.37e-03	3.49e-06
 5.58166e+16	9.95e-01	5.27e-03	3.42e-06
 5.58266e+16	9.95e-01	5.19e-03	3.36e-06
 5.58381e+16	9.95e-01	5.11e-03	3.30e-06
 5.58530e+16	9.95e-01	5.02e-03	3.23e-06
 5.58724e+16	9.95e-01	4.95e-03	3.17e-06
 5.58976e+16	9.95e-01	4.86e-03	3.09e-06
 5.59304e+16	9.95e-01	4.77e-03	3.00e-06
 5.59731e+16	9.95e-01	4.66e-03	2.89e-06
 5.60285e+16	9.95e-01	4.54e-03	2.77e-06
 5.61006e+16	9.96e-01	4.40e-03	2.62e-06
 5.61943e+16	9.96e-01	4.22e-03	2.44e-06
 5.63091e+16	9.96e-01	4.03e-03	2.24e-06
 5.64361e+16	9.96e-01	3.83e-03	2.04e-06
 5.65674e+16	9.96e-01	3.65e-03	1.86e-06
 5.67019e+16	9.97e-01	3.48e-03	1.69e-06
 5.68410e+16	9.97e-01	3.31e-03	1.54e-06
 5.69852e+16	9.97e-01	3.15e-03	1.39e-06
 5.71338e+16	9.97e-01	2.99e-03	1.26e-06
 5.72870e+16	9.97e-01	2.84e-03	1.14e-06
 5.74446e+16	9.97e-01	2.70e-03	1.03e-06
 5.76066e+16	9.97e-01	2.56e-03	9.25e-07
 5.77730e+16	9.98e-01	2.43e-03	8.31e-07
 5.79439e+16	9.98e-01	2.30e-03	7.46e-07
 5.81193e+16	9.98e-01	2.18e-03	6.68e-07
 5.82991e+16	9.98e-01	2.06e-03	5.97e-07
 5.84835e+16	9.98e-01	1.96e-03	5.34e-07
 5.86727e+16	9.98e-01	1.85e-03	4.76e-07
 5.88668e+16	9.98e-01	1.75e-03	4.24e-07
 5.90658e+16	9.98e-01	1.65e-03	3.77e-07
 5.92702e+16	9.98e-01	1.56e-03	3.34e-07
 5.94804e+16	9.99e-01	1.47e-03	2.96e-07
 5.96967e+16	9.99e-01	1.39e-03	2.61e-07
 5.99190e+16	9.99e-01	1.31e-03	2.30e-07
 6.01478e+16	9.99e-01	1.23e-03	2.02e-07
 6.03836e+16	9.99e-01	1.16e-03	1.77e-07
 6.06268e+16	9.99e-01	1.09e-03	1.55e-07
 6.08781e+16	9.99e-01	1.02e-03	1.35e-07
 6.11384e+16	9.99e-01	9.57e-04	1.18e-07
 6.14043e+16	9.99e-01	8.97e-04	1.02e-07
 6.16794e+16	9.99e-01	8.38e-04	8.80e-08
 6.19701e+16	9.99e-01	7.82e-04	7.55e-08
 6.22735e+16	9.99e-01	7.27e-04	6.44e-08
 6.25885e+16	9.99e-01	6.75e-04	5.46e-08
 6.29187e+16	9.99e-01	6.25e-04	4.61e-08
 6.32632e+16	9.99e-01	5.76e-04	3.86e-08
 6.36248e+16	9.99e-01	5.29e-04	3.20e-08
 6.40079e+16	1.00e+00	4.84e-04	2.63e-08
 6.44112e+16	1.00e+00	4.39e-04	2.14e-08
 6.48379e+16	1.00e+00	3.96e-04	1.72e-08
 6.52930e+16	1.00e+00	3.54e-04	1.35e-08
 6.57799e+16	1.00e+00	3.13e-04	1.05e-08
 6.63056e+16	1.00e+00	2.73e-04	7.92e-09
 6.69064e+16	1.00e+00	2.33e-04	5.76e-09
 6.75511e+16	1.00e+00	1.97e-04	4.12e-09
 6.82273e+16	1.00e+00	1.65e-04	2.87e-09
 6.90057e+16	1.00e+00	1.34e-04	1.90e-09
 6.99020e+16	1.00e+00	1.06e-04	1.19e-09
 7.09285e+16	1.00e+00	8.07e-05	7.02e-10
 7.20785e+16	1.00e+00	6.02e-05	3.93e-10
 7.33946e+16	1.00e+00	4.31e-05	2.04e-10
 7.48641e+16	1.00e+00	3.01e-05	1.00e-10
 7.64001e+16	1.00e+00	2.09e-05	4.89e-11
 7.79664e+16	1.00e+00	1.46e-05	2.40e-11
 7.95325e+16	1.00e+00	1.03e-05	1.20e-11
 8.10987e+16	1.00e+00	7.28e-06	6.06e-12
 8.26648e+16	1.00e+00	5.20e-06	3.12e-12
 8.42309e+16	1.00e+00	3.74e-06	1.63e-12
 8.57970e+16	1.00e+00	2.72e-06	8.65e-13
 8.73631e+16	1.00e+00	1.98e-06	4.65e-13
 8.89292e+16	1.00e+00	1.46e-06	2.54e-13
 9.04953e+16	1.00e+00	1.08e-06	1.40e-13
 9.20614e+16	1.00e+00	8.03e-07	7.83e-14
 9.36275e+16	1.00e+00	6.01e-07	4.42e-14
 9.54285e+16	1.00e+00	4.30e-07	2.29e-14
 9.74951e+16	1.00e+00	2.98e-07	1.11e-14
 9.95924e+16	1.00e+00	2.07e-07	5.47e-15
 1.01690e+17	1.00e+00	1.46e-07	2.74e-15
 1.03787e+17	1.00e+00	1.03e-07	1.39e-15
 1.06071e+17	1.00e+00	7.09e-08	6.72e-16
 1.08542e+17	1.00e+00	4.82e-08	3.16e-16
 1.11105e+17	1.00e+00	3.25e-08	1.47e-16
 1.13788e+17	1.00e+00	2.19e-08	6.77e-17
 1.16549e+17	1.00e+00	1.47e-08	3.11e-17
 1.19377e+17	1.00e+00	9.89e-09	1.44e-17
 1.22219e+17	1.00e+00	6.61e-09	6.67e-18
 1.25060e+17	1.00e+00	4.58e-09	3.23e-18
 1.27902e+17	1.00e+00	3.18e-09	1.59e-18
 1.30744e+17	1.00e+00	2.22e-09	7.91e-19
 1.33586e+17	1.00e+00	1.57e-09	4.01e-19
 1.36427e+17	1.00e+00	1.11e-09	2.06e-19
 1.39269e+17	1.00e+00	8.03e-10	1.08e-19
 1.42111e+17	1.00e+00	5.83e-10	5.78e-20
 1.44953e+17	1.00e+00	4.24e-10	3.11e-20
 1.47795e+17	1.00e+00	3.13e-10	1.71e-20
 1.50638e+17	1.00e+00	2.33e-10	9.54e-21
 1.53482e+17	1.00e+00	1.74e-10	0.00e+00
 1.56326e+17	1.00e+00	1.31e-10	0.00e+00
 1.59169e+17	1.00e+00	9.91e-11	0.00e+00
 1.62437e+17	1.00e+00	7.21e-11	0.00e+00
 1.66250e+17	1.00e+00	5.05e-11	0.00e+00
 1.70333e+17	1.00e+00	3.51e-11	0.00e+00
 1.74611e+17	1.00e+00	2.44e-11	0.00e+00
 1.78994e+17	1.00e+00	1.70e-11	0.00e+00
 1.83461e+17	1.00e+00	1.21e-11	0.00e+00
 1.88035e+17	1.00e+00	8.71e-12	0.00e+00
 1.92697e+17	1.00e+00	6.40e-12	0.00e+00
 1.97358e+17	1.00e+00	4.85e-12	0.00e+00
 2.02020e+17	1.00e+00	3.80e-12	0.00e+00
 2.06889e+17	1.00e+00	3.05e-12	0.00e+00
 2.12040e+17	1.00e+00	2.48e-12	0.00e+00
 2.17290e+17	1.00e+00	2.09e-12	0.00e+00
 2.22641e+17	1.00e+00	1.83e-12	0.00e+00
 2.28121e+17	1.00e+00	1.64e-12	0.00e+00
 2.33654e+17	1.00e+00	1.51e-12	0.00e+00
 2.39186e+17	1.00e+00	1.43e-12	0.00e+00
 2.45548e+17	1.00e+00	1.37e-12	0.00e+00
 2.53157e+17	1.00e+00	1.16e-12	0.00e+00
 2.61111e+17	1.00e+00	1.02e-12	0.00e+00
 2.68920e+17	1.00e+00	9.87e-13	0.00e+00
 2.76707e+17	1.00e+00	9.87e-13	0.00e+00
 2.84664e+17	1.00e+00	9.72e-13	0.00e+00
 2.92796e+17	1.00e+00	9.45e-13	0.00e+00
 3.01011e+17	1.00e+00	9.26e-13	0.00e+00
 3.09248e+17	1.00e+00	9.16e-13	0.00e+00
 3.17498e+17	1.00e+00	9.11e-13	0.00e+00
 3.25725e+17	1.00e+00	9.06e-13	0.00e+00
 3.33881e+17	1.00e+00	9.09e-13	0.00e+00
 3.41947e+17	1.00e+00	9.13e-13	0.00e+00
 3.49866e+17	1.00e+00	9.22e-13	0.00e+00
 3.57590e+17	1.00e+00	9.36e-13	0.00e+00
 3.65092e+17	1.00e+00	9.56e-13	0.00e+00
 3.72335e+17	1.00e+00	9.78e-13	0.00e+00
 3.79287e+17	1.00e+00	1.00e-12	0.00e+00
 3.85917e+17	1.00e+00	1.04e-12	0.00e+00
 3.92217e+17	1.00e+00	1.07e-12	0.00e+00
 3.98203e+17	1.00e+00	1.11e-12	0.00e+00
 4.03883e+17	1.00e+00	1.14e-12	0.00e+00
 4.09262e+17	1.00e+00	1.17e-12	0.00e+00
 4.14344e+17	1.00e+00	1.21e-12	0.00e+00
 4.19133e+17	1.00e+00	1.24e-12	0.00e+00
 4.23644e+17	1.00e+00	1.28e-12	0.00e+00
 4.27891e+17	1.00e+00	1.31e-12	0.00e+00
 4.31892e+17	1.00e+00	1.34e-12	0.00e+00
 4.35662e+17	1.00e+00	1.38e-12	0.00e+00
 4.39215e+17	1.00e+00	1.40e-12	0.00e+00
 4.42561e+17	1.00e+00	1.43e-12	0.00e+00
 4.45714e+17	1.00e+00	1.46e-12	0.00e+00
 4.48686e+17	1.00e+00	1.48e-12	0.00e+00
 4.51491e+17	1.00e+00	1.51e-12	0.00e+00
 4.54139e+17	1.00e+00	1.53e-12	0.00e+00
 4.56640e+17	1.00e+00	1.55e-12	0.00e+00
 4.59002e+17	1.00e+00	1.57e-12	0.00e+00
 4.61234e+17	1.00e+00	1.59e-12	0.00e+00
 4.63345e+17	1.00e+00	1.61e-12	0.00e+00
 4.65344e+17	1.00e+00	1.63e-12	0.00e+00
 4.67238e+17	1.00e+00	1.64e-12	0.00e+00
 4.69031e+17	1.00e+00	1.66e-12	0.00e+00
 4.70731e+17	1.00e+00	1.67e-12	0.00e+00
 4.72342e+17	1.00e+00	1.68e-12	0.00e+00
 4.73871e+17	1.00e+00	1.70e-12	0.00e+00
 4.75323e+17	1.00e+00	1.71e-12	0.00e+00
 4.76704e+17	1.00e+00	1.72e-12	0.00e+00
 4.78016e+17	1.00e+00	1.73e-12	0.00e+00
 4.79263e+17	1.00e+00	1.74e-12	0.00e+00
 4.80449e+17	1.00e+00	1.75e-12	0.00e+00
 4.81579e+17	1.00e+00	1.76e-12	0.00e+00
 4.82657e+17	1.00e+00	1.77e-12	0.00e+00
 4.83684e+17	1.00e+00	1.77e-12	0.00e+00
 4.84665e+17	1.00e+00	1.78e-12	0.00e+00
 4.85601e+17	1.00e+00	1.79e-12	0.00e+00
 4.86496e+17	1.00e+00	1.80e-12	0.00e+00
 4.87353e+17	1.00e+00	1.80e-12	0.00e+00
 4.88173e+17	1.00e+00	1.81e-12	0.00e+00
 4.88960e+17	1.00e+00	1.81e-12	0.00e+00
 4.89716e+17	1.00e+00	1.82e-12	0.00e+00
 4.90442e+17	1.00e+00	1.82e-12	0.00e+00
 4.91141e+17	1.00e+00	1.83e-12	0.00e+00
 4.91815e+17	1.00e+00	1.83e-12	0.00e+00
 4.92466e+17	1.00e+00	1.84e-12	0.00e+00
 4.93096e+17	1.00e+00	1.84e-12	0.00e+00
 4.93707e+17	1.00e+00	1.84e-12	0.00e+00
 4.94301e+17	1.00e+00	1.85e-12	0.00e+00
 4.94879e+17	1.00e+00	1.85e-12	0.00e+00
 4.95444e+17	1.00e+00	1.85e-12	0.00e+00
 4.95998e+17	1.00e+00	1.86e-12	0.00e+00
 4.96543e+17	1.00e+00	1.86e-12	0.00e+00
 4.97081e+17	1.00e+00	1.86e-12	0.00e+00
 4.97614e+17	1.00e+00	1.86e-12	0.00e+00
 4.98146e+17	1.00e+00	1.86e-12	0.00e+00
 4.98678e+17	1.00e+00	1.87e-12	0.00e+00
 4.99213e+17	1.00e+00	1.87e-12	0.00e+00
 4.99757e+17	1.00e+00	1.87e-12	0.00e+00
 5.00312e+17	1.00e+00	1.87e-12	0.00e+00
 5.00884e+17	1.00e+00	1.87e-12	0.00e+00
 5.01479e+17	1.00e+00	1.87e-12	0.00e+00
 5.02104e+17	1.00e+00	1.87e-12	0.00e+00
 5.02769e+17	1.00e+00	1.87e-12	0.00e+00
 5.03486e+17	1.00e+00	1.86e-12	0.00e+00
 5.04271e+17	1.00e+00	1.86e-12	0.00e+00
 5.05145e+17	1.00e+00	1.85e-12	0.00e+00
 5.06139e+17	1.00e+00	1.85e-12	0.00e+00
 5.07293e+17	1.00e+00	1.83e-12	0.00e+00
 5.08667e+17	1.00e+00	1.81e-12	0.00e+00
 5.10347e+17	1.00e+00	1.78e-12	0.00e+00
 5.12462e+17	1.00e+00	1.74e-12	0.00e+00
 5.15189e+17	1.00e+00	1.67e-12	0.00e+00
 5.18734e+17	1.00e+00	1.57e-12	0.00e+00
 5.23343e+17	1.00e+00	1.43e-12	0.00e+00
 5.29334e+17	1.00e+00	1.25e-12	0.00e+00
 5.37123e+17	1.00e+00	1.04e-12	0.00e+00
 5.47249e+17	1.00e+00	8.03e-13	0.00e+00
 5.60412e+17	1.00e+00	5.68e-13	0.00e+00
 5.77524e+17	1.00e+00	3.54e-13	0.00e+00
 5.98940e+17	1.00e+00	1.86e-13	0.00e+00
 6.22897e+17	1.00e+00	9.87e-14	0.00e+00
 6.47813e+17	1.00e+00	8.31e-14	0.00e+00
 6.73726e+17	1.00e+00	7.00e-14	0.00e+00
 7.00675e+17	1.00e+00	5.84e-14	0.00e+00
 7.28702e+17	1.00e+00	4.82e-14	0.00e+00
 7.57850e+17	1.00e+00	3.93e-14	0.00e+00
 7.88164e+17	1.00e+00	3.16e-14	0.00e+00
 8.19691e+17	1.00e+00	2.50e-14	0.00e+00
 8.51243e+17	1.00e+00	1.95e-14	0.00e+00
 8.80516e+17	1.00e+00	2.18e-14	0.00e+00
 9.06502e+17	1.00e+00	3.38e-14	0.00e+00
 9.29995e+17	1.00e+00	5.06e-14	0.00e+00
 9.52207e+17	1.00e+00	6.08e-14	0.00e+00
 9.73596e+17	1.00e+00	6.27e-14	0.00e+00
 9.93618e+17	1.00e+00	6.46e-14	0.00e+00
 1.01142e+18	1.00e+00	7.56e-14	0.00e+00
 1.02677e+18	1.00e+00	9.62e-14	0.00e+00
 1.04016e+18	1.00e+00	1.17e-13	0.00e+00
 1.05234e+18	1.00e+00	1.29e-13	0.00e+00
 1.06362e+18	1.00e+00	1.29e-13	0.00e+00
 1.07287e+18	1.00e+00	1.27e-13	0.00e+00
 1.07877e+18	1.00e+00	1.55e-13	0.00e+00
 1.08189e+18	1.00e+00	1.89e-13	0.00e+00
 1.08358e+18	1.00e+00	2.10e-13	0.00e+00
 1.08460e+18	1.00e+00	2.21e-13	0.00e+00
 1.08522e+18	1.00e+00	2.28e-13	0.00e+00
 1.08570e+18	1.00e+00	2.32e-13	0.00e+00
 1.08625e+18	1.00e+00	2.35e-13	0.00e+00
 1.08692e+18	1.00e+00	2.39e-13	0.00e+00
 1.08761e+18	1.00e+00	2.41e-13	0.00e+00
 1.08811e+18	1.00e+00	2.43e-13	0.00e+00
 1.08854e+18	1.00e+00	2.44e-13	0.00e+00
 1.08903e+18	1.00e+00	2.45e-13	0.00e+00
 1.08952e+18	1.00e+00	2.45e-13	0.00e+00
 1.08995e+18	1.00e+00	2.46e-13	0.00e+00
 1.09028e+18	1.00e+00	2.46e-13	0.00e+00
 1.09061e+18	1.00e+00	2.46e-13	0.00e+00
 1.09096e+18	1.00e+00	2.46e-13	0.00e+00
 1.09132e+18	1.00e+00	2.46e-13	0.00e+00
 1.09164e+18	1.00e+00	2.45e-13	0.00e+00
 1.09191e+18	1.00e+00	2.45e-13	0.00e+00
 1.09217e+18	1.00e+00	2.45e-13	0.00e+00
 1.09245e+18	1.00e+00	2.44e-13	0.00e+00
 1.09272e+18	1.00e+00	2.44e-13	0.00e+00
 1.09299e+18	1.00e+00	2.43e-13	0.00e+00
 1.09325e+18	1.00e+00	2.43e-13	0.00e+00
 1.09348e+18	1.00e+00	2.42e-13	0.00e+00
 1.09371e+18	1.00e+00	2.41e-13	0.00e+00
 1.09394e+18	1.00e+00	2.41e-13	0.00e+00
 1.09418e+18	1.00e+00	2.40e-13	0.00e+00
 1.09441e+18	1.00e+00	2.39e-13	0.00e+00
 1.09464e+18	1.00e+00	2.38e-13	0.00e+00
 1.09486e+18	1.00e+00	2.37e-13	0.00e+00
 1.09508e+18	1.00e+00	2.37e-13	0.00e+00
 1.09530e+18	1.00e+00	2.36e-13	0.00e+00
 1.09552e+18	1.00e+00	2.35e-13	0.00e+00
 1.09574e+18	1.00e+00	2.34e-13	0.00e+00
 1.09596e+18	1.00e+00	2.33e-13	0.00e+00
 1.09617e+18	1.00e+00	2.32e-13	0.00e+00
 1.09640e+18	1.00e+00	2.31e-13	0.00e+00
 1.09662e+18	1.00e+00	2.29e-13	0.00e+00
 1.09685e+18	1.00e+00	2.28e-13	0.00e+00
 1.09708e+18	1.00e+00	2.27e-13	0.00e+00
 1.09730e+18	1.00e+00	2.26e-13	0.00e+00
 1.09754e+18	1.00e+00	2.25e-13	0.00e+00
 1.09781e+18	1.00e+00	2.23e-13	0.00e+00
 1.09808e+18	1.00e+00	2.22e-13	0.00e+00
 1.09833e+18	1.00e+00	2.20e-13	0.00e+00
 1.09857e+18	1.00e+00	2.19e-13	0.00e+00
 1.09883e+18	1.00e+00	2.17e-13	0.00e+00
 1.09912e+18	1.00e+00	2.15e-13	0.00e+00
 1.09941e+18	1.00e+00	2.13e-13	0.00e+00
 1.09968e+18	1.00e+00	2.12e-13	0.00e+00
 1.09996e+18	1.00e+00	2.10e-13	0.00e+00
 1.10025e+18	1.00e+00	2.08e-13	0.00e+00
 1.10056e+18	1.00e+00	2.06e-13	0.00e+00
 1.10089e+18	1.00e+00	2.04e-13	0.00e+00
 1.10120e+18	1.00e+00	2.02e-13	0.00e+00
 1.10153e+18	1.00e+00	1.99e-13	0.00e+00
 1.10188e+18	1.00e+00	1.97e-13	0.00e+00
 1.10224e+18	1.00e+00	1.95e-13	0.00e+00
 1.10261e+18	1.00e+00	1.92e-13	0.00e+00
 1.10297e+18	1.00e+00	1.89e-13	0.00e+00
 1.10334e+18	1.00e+00	1.87e-13	0.00e+00
 1.10370e+18	1.00e+00	1.84e-13	0.00e+00
 1.10411e+18	1.00e+00	1.81e-13	0.00e+00
 1.10456e+18	1.00e+00	1.78e-13	0.00e+00
 1.10500e+18	1.00e+00	1.75e-13	0.00e+00
 1.10541e+18	1.00e+00	1.72e-13	0.00e+00
 1.10582e+18	1.00e+00	1.69e-13	0.00e+00
 1.10630e+18	1.00e+00	1.66e-13	0.00e+00
 1.10679e+18	1.00e+00	1.62e-13	0.00e+00
 1.10726e+18	1.00e+00	1.59e-13	0.00e+00
 1.10774e+18	1.00e+00	1.55e-13	0.00e+00
 1.10826e+18	1.00e+00	1.52e-13	0.00e+00
 1.10878e+18	1.00e+00	1.48e-13	0.00e+00
 1.10930e+18	1.00e+00	1.45e-13	0.00e+00
 1.10984e+18	1.00e+00	1.41e-13	0.00e+00
 1.11040e+18	1.00e+00	1.37e-13	0.00e+00
 1.11098e+18	1.00e+00	1.33e-13	0.00e+00
 1.11155e+18	1.00e+00	1.29e-13	0.00e+00
 1.11212e+18	1.00e+00	1.25e-13	0.00e+00
 1.11272e+18	1.00e+00	1.21e-13	0.00e+00
 1.11335e+18	1.00e+00	1.17e-13	0.00e+00
 1.11399e+18	1.00e+00	1.13e-13	0.00e+00
 1.11462e+18	1.00e+00	1.09e-13	0.00e+00
 1.11526e+18	1.00e+00	1.05e-13	0.00e+00
 1.11591e+18	1.00e+00	1.01e-13	0.00e+00
 1.11658e+18	1.00e+00	9.74e-14	0.00e+00
 1.11730e+18	1.00e+00	9.32e-14	0.00e+00
 1.11802e+18	1.00e+00	8.91e-14	0.00e+00
 1.11873e+18	1.00e+00	8.50e-14	0.00e+00
 1.11944e+18	1.00e+00	8.13e-14	0.00e+00
 1.12018e+18	1.00e+00	7.74e-14	0.00e+00
 1.12094e+18	1.00e+00	7.35e-14	0.00e+00
