#depth	C	C+	C+2	C+3	C+4	C+5	C+6	C[1]	C[2]	C[3]	C+[1]	C+[2]	CO
 1.49634e+10	0.00e+00	0.00e+00	3.94e-28	1.92e-17	3.12e-06	5.98e-02	9.40e-01	0.00e+00	0.00e+00	0.00e+00	0.00e+00	0.00e+00	0.00e+00
 4.54887e+10	0.00e+00	3.66e-39	5.31e-28	2.40e-17	3.60e-06	6.44e-02	9.36e-01	0.00e+00	0.00e+00	0.00e+00	0.00e+00	0.00e+00	0.00e+00
 7.72350e+10	0.00e+00	0.00e+00	7.24e-28	3.02e-17	4.19e-06	6.93e-02	9.31e-01	0.00e+00	0.00e+00	0.00e+00	0.00e+00	0.00e+00	0.00e+00
 1.10251e+11	0.00e+00	7.94e-39	9.86e-28	3.81e-17	4.88e-06	7.45e-02	9.25e-01	0.00e+00	0.00e+00	0.00e+00	0.00e+00	0.00e+00	0.00e+00
 1.44588e+11	0.00e+00	0.00e+00	1.34e-27	4.79e-17	5.68e-06	8.02e-02	9.20e-01	0.00e+00	0.00e+00	0.00e+00	0.00e+00	0.00e+00	0.00e+00
 1.80298e+11	0.00e+00	1.72e-38	1.83e-27	6.03e-17	6.60e-06	8.62e-02	9.14e-01	0.00e+00	0.00e+00	0.00e+00	0.00e+00	0.00e+00	0.00e+00
 2.17437e+11	0.00e+00	0.00e+00	2.49e-27	7.58e-17	7.68e-06	9.26e-02	9.07e-01	0.00e+00	0.00e+00	0.00e+00	0.00e+00	0.00e+00	0.00e+00
 2.56061e+11	0.00e+00	3.72e-38	3.38e-27	9.52e-17	8.92e-06	9.94e-02	9.01e-01	0.00e+00	0.00e+00	0.00e+00	0.00e+00	0.00e+00	0.00e+00
 2.96231e+11	0.00e+00	0.00e+00	4.59e-27	1.20e-16	1.04e-05	1.07e-01	8.93e-01	0.00e+00	0.00e+00	0.00e+00	0.00e+00	0.00e+00	0.00e+00
 3.38007e+11	0.00e+00	8.04e-38	6.23e-27	1.50e-16	1.20e-05	1.14e-01	8.86e-01	0.00e+00	0.00e+00	0.00e+00	0.00e+00	0.00e+00	0.00e+00
 3.81454e+11	0.00e+00	0.00e+00	8.46e-27	1.88e-16	1.39e-05	1.23e-01	8.77e-01	0.00e+00	0.00e+00	0.00e+00	0.00e+00	0.00e+00	0.00e+00
 4.26639e+11	0.00e+00	1.73e-37	1.15e-26	2.36e-16	1.61e-05	1.31e-01	8.69e-01	0.00e+00	0.00e+00	0.00e+00	0.00e+00	0.00e+00	0.00e+00
 4.73631e+11	0.00e+00	0.00e+00	1.55e-26	2.95e-16	1.87e-05	1.41e-01	8.59e-01	0.00e+00	0.00e+00	0.00e+00	0.00e+00	0.00e+00	0.00e+00
 5.22503e+11	0.00e+00	3.72e-37	2.10e-26	3.70e-16	2.16e-05	1.50e-01	8.50e-01	0.00e+00	0.00e+00	0.00e+00	0.00e+00	0.00e+00	0.00e+00
 5.73330e+11	0.00e+00	0.00e+00	2.85e-26	4.62e-16	2.50e-05	1.61e-01	8.39e-01	0.00e+00	0.00e+00	0.00e+00	0.00e+00	0.00e+00	0.00e+00
 6.26190e+11	0.00e+00	7.96e-37	3.85e-26	5.78e-16	2.88e-05	1.72e-01	8.28e-01	0.00e+00	0.00e+00	0.00e+00	0.00e+00	0.00e+00	0.00e+00
 6.75561e+11	0.00e+00	0.00e+00	5.03e-26	7.04e-16	3.27e-05	1.82e-01	8.18e-01	0.00e+00	0.00e+00	0.00e+00	0.00e+00	0.00e+00	0.00e+00
 7.19138e+11	0.00e+00	1.50e-36	6.35e-26	8.35e-16	3.66e-05	1.91e-01	8.09e-01	0.00e+00	0.00e+00	0.00e+00	0.00e+00	0.00e+00	0.00e+00
 7.67791e+11	4.22e-48	2.05e-36	8.16e-26	1.01e-15	4.12e-05	2.02e-01	7.98e-01	0.00e+00	0.00e+00	0.00e+00	0.00e+00	0.00e+00	0.00e+00
 8.26160e+11	0.00e+00	0.00e+00	1.09e-25	1.24e-15	4.72e-05	2.14e-01	7.86e-01	0.00e+00	0.00e+00	0.00e+00	0.00e+00	0.00e+00	0.00e+00
 8.84681e+11	0.00e+00	4.18e-36	1.43e-25	1.52e-15	5.36e-05	2.27e-01	7.73e-01	0.00e+00	0.00e+00	0.00e+00	0.00e+00	0.00e+00	0.00e+00
 9.38414e+11	1.45e-47	5.69e-36	1.83e-25	1.82e-15	6.01e-05	2.38e-01	7.62e-01	0.00e+00	0.00e+00	0.00e+00	0.00e+00	0.00e+00	0.00e+00
 9.98402e+11	0.00e+00	0.00e+00	2.38e-25	2.21e-15	6.81e-05	2.51e-01	7.49e-01	0.00e+00	0.00e+00	0.00e+00	0.00e+00	0.00e+00	0.00e+00
 1.06792e+12	0.00e+00	1.15e-35	3.19e-25	2.73e-15	7.79e-05	2.66e-01	7.33e-01	0.00e+00	0.00e+00	0.00e+00	0.00e+00	0.00e+00	0.00e+00
 1.13550e+12	5.18e-47	1.63e-35	4.18e-25	3.33e-15	8.82e-05	2.81e-01	7.19e-01	0.00e+00	0.00e+00	0.00e+00	0.00e+00	0.00e+00	6.49e-148
 1.19930e+12	0.00e+00	0.00e+00	5.37e-25	3.99e-15	9.90e-05	2.95e-01	7.05e-01	0.00e+00	0.00e+00	0.00e+00	0.00e+00	0.00e+00	5.77e-191
 1.27071e+12	0.00e+00	3.15e-35	7.03e-25	4.86e-15	1.12e-04	3.10e-01	6.90e-01	0.00e+00	0.00e+00	0.00e+00	0.00e+00	0.00e+00	3.91e-234
 1.35146e+12	1.80e-46	4.54e-35	9.38e-25	6.00e-15	1.28e-04	3.27e-01	6.73e-01	0.00e+00	0.00e+00	0.00e+00	0.00e+00	0.00e+00	1.56e-146
 1.43244e+12	0.00e+00	0.00e+00	1.24e-24	7.34e-15	1.45e-04	3.44e-01	6.56e-01	0.00e+00	0.00e+00	0.00e+00	0.00e+00	0.00e+00	5.69e-190
 1.51665e+12	0.00e+00	9.25e-35	1.64e-24	8.99e-15	1.64e-04	3.62e-01	6.38e-01	0.00e+00	0.00e+00	0.00e+00	0.00e+00	0.00e+00	1.54e-233
 1.60724e+12	6.65e-46	1.33e-34	2.18e-24	1.11e-14	1.87e-04	3.80e-01	6.20e-01	0.00e+00	0.00e+00	0.00e+00	0.00e+00	0.00e+00	4.53e-145
 1.70146e+12	0.00e+00	1.92e-34	2.91e-24	1.36e-14	2.12e-04	3.99e-01	6.01e-01	0.00e+00	0.00e+00	0.00e+00	0.00e+00	0.00e+00	6.47e-189
 1.79945e+12	1.62e-45	2.77e-34	3.86e-24	1.67e-14	2.41e-04	4.18e-01	5.82e-01	0.00e+00	0.00e+00	0.00e+00	0.00e+00	0.00e+00	6.84e-233
 1.90135e+12	0.00e+00	3.98e-34	5.13e-24	2.05e-14	2.73e-04	4.38e-01	5.62e-01	0.00e+00	0.00e+00	0.00e+00	0.00e+00	0.00e+00	4.33e-165
 2.00733e+12	3.92e-45	5.72e-34	6.81e-24	2.51e-14	3.09e-04	4.57e-01	5.42e-01	0.00e+00	0.00e+00	0.00e+00	0.00e+00	0.00e+00	2.37e-209
 2.11755e+12	0.00e+00	8.20e-34	9.03e-24	3.08e-14	3.49e-04	4.77e-01	5.23e-01	0.00e+00	0.00e+00	0.00e+00	0.00e+00	0.00e+00	5.91e-164
 2.23218e+12	9.46e-45	1.18e-33	1.20e-23	3.76e-14	3.94e-04	4.97e-01	5.03e-01	0.00e+00	0.00e+00	0.00e+00	0.00e+00	0.00e+00	1.71e-208
 2.35139e+12	0.00e+00	1.69e-33	1.58e-23	4.59e-14	4.45e-04	5.17e-01	4.83e-01	0.00e+00	0.00e+00	0.00e+00	0.00e+00	0.00e+00	8.08e-163
 2.47538e+12	2.28e-44	2.42e-33	2.09e-23	5.61e-14	5.01e-04	5.37e-01	4.63e-01	0.00e+00	0.00e+00	0.00e+00	0.00e+00	0.00e+00	1.22e-207
 2.60432e+12	0.00e+00	3.46e-33	2.77e-23	6.84e-14	5.65e-04	5.56e-01	4.43e-01	0.00e+00	0.00e+00	0.00e+00	0.00e+00	0.00e+00	1.10e-161
 2.73842e+12	5.47e-44	4.94e-33	3.65e-23	8.33e-14	6.35e-04	5.76e-01	4.23e-01	0.00e+00	0.00e+00	0.00e+00	0.00e+00	0.00e+00	8.62e-207
 2.86860e+12	0.00e+00	6.89e-33	4.73e-23	1.00e-13	7.07e-04	5.94e-01	4.05e-01	0.00e+00	0.00e+00	0.00e+00	0.00e+00	0.00e+00	1.39e-160
 2.98853e+12	1.18e-43	9.28e-33	5.95e-23	1.18e-13	7.79e-04	6.10e-01	3.89e-01	0.00e+00	0.00e+00	0.00e+00	0.00e+00	0.00e+00	5.88e-206
 3.12219e+12	0.00e+00	1.28e-32	7.64e-23	1.41e-13	8.66e-04	6.27e-01	3.72e-01	0.00e+00	0.00e+00	0.00e+00	0.00e+00	0.00e+00	1.33e-159
 3.27666e+12	2.71e-43	1.82e-32	1.00e-22	1.71e-13	9.69e-04	6.45e-01	3.54e-01	0.00e+00	0.00e+00	0.00e+00	0.00e+00	0.00e+00	2.93e-205
 3.42901e+12	0.00e+00	2.55e-32	1.30e-22	2.05e-13	1.08e-03	6.63e-01	3.36e-01	0.00e+00	0.00e+00	0.00e+00	0.00e+00	0.00e+00	1.70e-158
 3.58746e+12	6.20e-43	3.58e-32	1.69e-22	2.46e-13	1.20e-03	6.79e-01	3.19e-01	0.00e+00	0.00e+00	0.00e+00	0.00e+00	0.00e+00	2.17e-204
 3.76089e+12	0.00e+00	5.10e-32	2.23e-22	2.98e-13	1.34e-03	6.97e-01	3.02e-01	0.00e+00	0.00e+00	0.00e+00	0.00e+00	0.00e+00	2.18e-157
 3.93671e+12	1.46e-42	7.20e-32	2.91e-22	3.60e-13	1.49e-03	7.13e-01	2.86e-01	0.00e+00	0.00e+00	0.00e+00	0.00e+00	0.00e+00	1.16e-203
 4.11957e+12	0.00e+00	1.02e-31	3.80e-22	4.34e-13	1.67e-03	7.29e-01	2.70e-01	0.00e+00	0.00e+00	0.00e+00	0.00e+00	0.00e+00	2.82e-156
 4.31428e+12	3.47e-42	1.45e-31	4.99e-22	5.26e-13	1.86e-03	7.44e-01	2.54e-01	0.00e+00	0.00e+00	0.00e+00	0.00e+00	0.00e+00	6.24e-203
 4.51677e+12	0.00e+00	2.07e-31	6.56e-22	6.36e-13	2.07e-03	7.59e-01	2.39e-01	0.00e+00	0.00e+00	0.00e+00	0.00e+00	0.00e+00	3.92e-155
 4.72737e+12	8.31e-42	2.95e-31	8.62e-22	7.70e-13	2.31e-03	7.74e-01	2.24e-01	0.00e+00	0.00e+00	0.00e+00	0.00e+00	0.00e+00	0.00e+00
 4.94639e+12	0.00e+00	4.21e-31	1.13e-21	9.31e-13	2.58e-03	7.87e-01	2.10e-01	0.00e+00	0.00e+00	0.00e+00	0.00e+00	0.00e+00	5.46e-154
 5.17418e+12	1.99e-41	6.00e-31	1.49e-21	1.13e-12	2.87e-03	8.00e-01	1.97e-01	0.00e+00	0.00e+00	0.00e+00	0.00e+00	0.00e+00	5.45e-201
 5.41107e+12	0.00e+00	8.56e-31	1.96e-21	1.36e-12	3.19e-03	8.13e-01	1.84e-01	0.00e+00	0.00e+00	0.00e+00	0.00e+00	0.00e+00	7.67e-153
 5.65744e+12	4.79e-41	1.22e-30	2.57e-21	1.65e-12	3.55e-03	8.25e-01	1.72e-01	0.00e+00	0.00e+00	0.00e+00	0.00e+00	0.00e+00	7.57e-200
 5.88947e+12	0.00e+00	1.69e-30	3.29e-21	1.95e-12	3.91e-03	8.35e-01	1.61e-01	0.00e+00	0.00e+00	0.00e+00	0.00e+00	0.00e+00	9.58e-152
 6.09758e+12	1.01e-40	2.23e-30	4.08e-21	2.27e-12	4.25e-03	8.43e-01	1.53e-01	0.00e+00	0.00e+00	0.00e+00	0.00e+00	0.00e+00	0.00e+00
 6.33145e+12	0.00e+00	3.04e-30	5.17e-21	2.67e-12	4.66e-03	8.52e-01	1.44e-01	0.00e+00	0.00e+00	0.00e+00	0.00e+00	0.00e+00	8.50e-151
 6.60788e+12	2.27e-40	4.30e-30	6.76e-21	3.21e-12	5.17e-03	8.61e-01	1.34e-01	0.00e+00	0.00e+00	0.00e+00	0.00e+00	0.00e+00	1.63e-210
 6.88534e+12	0.00e+00	6.03e-30	8.76e-21	3.84e-12	5.70e-03	8.70e-01	1.25e-01	0.00e+00	0.00e+00	0.00e+00	0.00e+00	0.00e+00	1.10e-149
 7.14660e+12	5.03e-40	8.20e-30	1.11e-20	4.51e-12	6.24e-03	8.77e-01	1.17e-01	0.00e+00	0.00e+00	0.00e+00	0.00e+00	0.00e+00	0.00e+00
 7.43509e+12	0.00e+00	1.14e-29	1.43e-20	5.38e-12	6.88e-03	8.84e-01	1.09e-01	0.00e+00	0.00e+00	0.00e+00	0.00e+00	0.00e+00	1.18e-148
 7.76242e+12	1.18e-39	1.64e-29	1.88e-20	6.50e-12	7.63e-03	8.91e-01	1.01e-01	0.00e+00	0.00e+00	0.00e+00	0.00e+00	0.00e+00	1.07e-195
 8.09024e+12	0.00e+00	2.31e-29	2.46e-20	7.80e-12	8.43e-03	8.98e-01	9.38e-02	0.00e+00	0.00e+00	0.00e+00	0.00e+00	0.00e+00	1.64e-147
 8.43117e+12	2.80e-39	3.28e-29	3.21e-20	9.37e-12	9.33e-03	9.04e-01	8.69e-02	0.00e+00	0.00e+00	0.00e+00	0.00e+00	0.00e+00	0.00e+00
 8.79835e+12	0.00e+00	4.72e-29	4.24e-20	1.13e-11	1.03e-02	9.09e-01	8.02e-02	0.00e+00	0.00e+00	0.00e+00	0.00e+00	0.00e+00	2.32e-146
 9.14280e+12	6.58e-39	6.54e-29	5.44e-20	1.35e-11	1.14e-02	9.14e-01	7.46e-02	0.00e+00	0.00e+00	0.00e+00	0.00e+00	0.00e+00	9.10e-194
 9.45051e+12	0.00e+00	8.70e-29	6.77e-20	1.56e-11	1.23e-02	9.18e-01	7.00e-02	0.00e+00	0.00e+00	0.00e+00	0.00e+00	0.00e+00	2.26e-145
 9.79654e+12	1.38e-38	1.19e-28	8.59e-20	1.84e-11	1.34e-02	9.21e-01	6.52e-02	0.00e+00	0.00e+00	0.00e+00	0.00e+00	0.00e+00	0.00e+00
 1.02069e+13	0.00e+00	1.70e-28	1.13e-19	2.21e-11	1.49e-02	9.25e-01	6.01e-02	0.00e+00	0.00e+00	0.00e+00	0.00e+00	0.00e+00	2.69e-144
 1.06191e+13	3.29e-38	2.39e-28	1.47e-19	2.65e-11	1.64e-02	9.28e-01	5.55e-02	0.00e+00	0.00e+00	0.00e+00	0.00e+00	0.00e+00	4.66e-204
 1.10051e+13	0.00e+00	3.28e-28	1.87e-19	3.12e-11	1.79e-02	9.31e-01	5.16e-02	0.00e+00	0.00e+00	0.00e+00	0.00e+00	0.00e+00	3.10e-143
 1.14326e+13	7.36e-38	4.58e-28	2.41e-19	3.71e-11	1.96e-02	9.33e-01	4.77e-02	0.00e+00	0.00e+00	0.00e+00	0.00e+00	0.00e+00	0.00e+00
 1.19198e+13	0.00e+00	6.62e-28	3.20e-19	4.50e-11	2.17e-02	9.35e-01	4.37e-02	0.00e+00	0.00e+00	0.00e+00	0.00e+00	0.00e+00	4.21e-142
 1.23991e+13	1.80e-37	9.40e-28	4.19e-19	5.39e-11	2.39e-02	9.36e-01	4.02e-02	0.00e+00	0.00e+00	0.00e+00	0.00e+00	0.00e+00	6.68e-202
 1.28975e+13	0.00e+00	1.34e-27	5.48e-19	6.47e-11	2.63e-02	9.37e-01	3.69e-02	0.00e+00	0.00e+00	0.00e+00	0.00e+00	0.00e+00	5.66e-141
 1.34433e+13	4.41e-37	1.94e-27	7.29e-19	7.85e-11	2.91e-02	9.37e-01	3.37e-02	0.00e+00	0.00e+00	0.00e+00	0.00e+00	0.00e+00	4.31e-228
 1.39914e+13	0.00e+00	2.78e-27	9.61e-19	9.45e-11	3.21e-02	9.37e-01	3.08e-02	0.00e+00	0.00e+00	0.00e+00	0.00e+00	0.00e+00	8.46e-140
 1.45614e+13	1.08e-36	3.99e-27	1.27e-18	1.14e-10	3.53e-02	9.36e-01	2.82e-02	0.00e+00	0.00e+00	0.00e+00	0.00e+00	0.00e+00	1.90e-226
 1.51738e+13	0.00e+00	5.79e-27	1.69e-18	1.38e-10	3.90e-02	9.35e-01	2.57e-02	0.00e+00	0.00e+00	0.00e+00	0.00e+00	0.00e+00	1.27e-138
 1.57806e+13	2.68e-36	8.28e-27	2.22e-18	1.66e-10	4.29e-02	9.34e-01	2.34e-02	0.00e+00	0.00e+00	0.00e+00	0.00e+00	0.00e+00	4.93e-225
 1.64116e+13	0.00e+00	1.18e-26	2.92e-18	2.00e-10	4.72e-02	9.31e-01	2.14e-02	0.00e+00	0.00e+00	0.00e+00	0.00e+00	0.00e+00	1.77e-137
 1.70980e+13	6.67e-36	1.72e-26	3.90e-18	2.43e-10	5.21e-02	9.28e-01	1.94e-02	0.00e+00	0.00e+00	0.00e+00	0.00e+00	0.00e+00	0.00e+00
 1.78118e+13	0.00e+00	2.51e-26	5.21e-18	2.95e-10	5.75e-02	9.25e-01	1.76e-02	0.00e+00	0.00e+00	0.00e+00	0.00e+00	0.00e+00	2.80e-136
 1.85542e+13	1.70e-35	3.66e-26	6.95e-18	3.58e-10	6.34e-02	9.21e-01	1.59e-02	0.00e+00	0.00e+00	0.00e+00	0.00e+00	0.00e+00	1.24e-236
 1.93263e+13	0.00e+00	5.33e-26	9.28e-18	4.35e-10	6.99e-02	9.16e-01	1.43e-02	0.00e+00	0.00e+00	0.00e+00	0.00e+00	0.00e+00	4.42e-135
 2.01293e+13	4.31e-35	7.75e-26	1.24e-17	5.29e-10	7.70e-02	9.10e-01	1.29e-02	0.00e+00	0.00e+00	0.00e+00	0.00e+00	0.00e+00	1.19e-98
 2.08565e+13	0.00e+00	1.08e-25	1.60e-17	6.27e-10	8.38e-02	9.04e-01	1.18e-02	0.00e+00	0.00e+00	0.00e+00	0.00e+00	0.00e+00	0.00e+00
 2.14640e+13	8.97e-35	1.40e-25	1.96e-17	7.18e-10	8.96e-02	8.99e-01	1.10e-02	0.00e+00	0.00e+00	0.00e+00	0.00e+00	0.00e+00	9.31e-116
 2.21301e+13	1.27e-34	1.86e-25	2.43e-17	8.31e-10	9.63e-02	8.94e-01	1.01e-02	0.00e+00	0.00e+00	0.00e+00	0.00e+00	0.00e+00	1.29e-97
 2.29717e+13	1.94e-34	2.61e-25	3.17e-17	9.93e-10	1.05e-01	8.86e-01	9.17e-03	0.00e+00	0.00e+00	0.00e+00	0.00e+00	0.00e+00	0.00e+00
 2.38489e+13	2.98e-34	3.69e-25	4.14e-17	1.19e-09	1.14e-01	8.77e-01	8.29e-03	0.00e+00	0.00e+00	0.00e+00	0.00e+00	0.00e+00	2.16e-114
 2.45956e+13	4.22e-34	4.88e-25	5.15e-17	1.37e-09	1.23e-01	8.70e-01	7.62e-03	0.00e+00	0.00e+00	0.00e+00	0.00e+00	0.00e+00	1.78e-96
 2.53653e+13	5.96e-34	6.46e-25	6.40e-17	1.59e-09	1.32e-01	8.61e-01	7.00e-03	0.00e+00	0.00e+00	0.00e+00	0.00e+00	0.00e+00	0.00e+00
 2.63313e+13	9.05e-34	9.06e-25	8.33e-17	1.89e-09	1.43e-01	8.51e-01	6.31e-03	0.00e+00	0.00e+00	0.00e+00	0.00e+00	0.00e+00	4.02e-113
 2.73117e+13	1.36e-33	1.26e-24	1.08e-16	2.25e-09	1.55e-01	8.39e-01	5.69e-03	0.00e+00	0.00e+00	0.00e+00	0.00e+00	0.00e+00	2.29e-95
 2.81563e+13	1.90e-33	1.65e-24	1.33e-16	2.59e-09	1.65e-01	8.29e-01	5.21e-03	0.00e+00	0.00e+00	0.00e+00	0.00e+00	0.00e+00	2.85e-112
 2.90651e+13	2.69e-33	2.19e-24	1.66e-16	3.00e-09	1.77e-01	8.18e-01	4.76e-03	0.00e+00	0.00e+00	0.00e+00	0.00e+00	0.00e+00	1.02e-94
 3.01853e+13	4.07e-33	3.06e-24	2.15e-16	3.56e-09	1.92e-01	8.04e-01	4.26e-03	0.00e+00	0.00e+00	0.00e+00	0.00e+00	0.00e+00	2.14e-111
 3.13318e+13	6.08e-33	4.23e-24	2.77e-16	4.22e-09	2.07e-01	7.89e-01	3.82e-03	0.00e+00	0.00e+00	0.00e+00	0.00e+00	0.00e+00	6.02e-94
 3.23693e+13	8.60e-33	5.61e-24	3.45e-16	4.88e-09	2.21e-01	7.76e-01	3.46e-03	0.00e+00	0.00e+00	0.00e+00	0.00e+00	0.00e+00	1.58e-110
 3.35136e+13	1.24e-32	7.55e-24	4.36e-16	5.69e-09	2.36e-01	7.61e-01	3.12e-03	0.00e+00	0.00e+00	0.00e+00	0.00e+00	0.00e+00	2.88e-93
 3.48585e+13	1.87e-32	1.05e-23	5.65e-16	6.76e-09	2.55e-01	7.43e-01	2.76e-03	0.00e+00	0.00e+00	0.00e+00	0.00e+00	0.00e+00	1.28e-109
 3.62019e+13	2.77e-32	1.45e-23	7.24e-16	7.96e-09	2.73e-01	7.24e-01	2.46e-03	0.00e+00	0.00e+00	0.00e+00	0.00e+00	0.00e+00	1.68e-92
 3.74808e+13	3.95e-32	1.93e-23	9.07e-16	9.23e-09	2.91e-01	7.07e-01	2.21e-03	0.00e+00	0.00e+00	0.00e+00	0.00e+00	0.00e+00	9.67e-109
 3.88916e+13	5.73e-32	2.61e-23	1.15e-15	1.08e-08	3.10e-01	6.88e-01	1.96e-03	0.00e+00	0.00e+00	0.00e+00	0.00e+00	0.00e+00	8.38e-92
 4.04772e+13	8.53e-32	3.60e-23	1.48e-15	1.27e-08	3.32e-01	6.67e-01	1.73e-03	0.00e+00	0.00e+00	0.00e+00	0.00e+00	0.00e+00	8.02e-108
 4.19044e+13	1.20e-31	4.76e-23	1.83e-15	1.46e-08	3.51e-01	6.48e-01	1.54e-03	0.00e+00	0.00e+00	0.00e+00	0.00e+00	0.00e+00	4.35e-91
 4.30831e+13	1.57e-31	5.92e-23	2.18e-15	1.64e-08	3.67e-01	6.32e-01	1.41e-03	0.00e+00	0.00e+00	0.00e+00	0.00e+00	0.00e+00	4.37e-107
 4.43706e+13	2.09e-31	7.45e-23	2.60e-15	1.84e-08	3.83e-01	6.15e-01	1.28e-03	0.00e+00	0.00e+00	0.00e+00	0.00e+00	0.00e+00	1.51e-90
 4.60152e+13	2.96e-31	9.88e-23	3.24e-15	2.12e-08	4.05e-01	5.94e-01	1.13e-03	0.00e+00	0.00e+00	0.00e+00	0.00e+00	0.00e+00	2.57e-106
 4.76748e+13	4.14e-31	1.30e-22	4.01e-15	2.43e-08	4.26e-01	5.73e-01	1.00e-03	0.00e+00	0.00e+00	0.00e+00	0.00e+00	0.00e+00	7.04e-90
 4.90473e+13	5.40e-31	1.61e-22	4.73e-15	2.70e-08	4.43e-01	5.56e-01	9.09e-04	0.00e+00	0.00e+00	0.00e+00	0.00e+00	0.00e+00	1.40e-105
 5.04956e+13	7.07e-31	2.00e-22	5.60e-15	3.01e-08	4.60e-01	5.39e-01	8.22e-04	0.00e+00	0.00e+00	0.00e+00	0.00e+00	0.00e+00	2.38e-89
 5.23555e+13	9.86e-31	2.61e-22	6.90e-15	3.44e-08	4.82e-01	5.18e-01	7.24e-04	0.00e+00	0.00e+00	0.00e+00	0.00e+00	0.00e+00	7.83e-105
 5.43060e+13	1.37e-30	3.41e-22	8.50e-15	3.92e-08	5.04e-01	4.96e-01	6.36e-04	0.00e+00	0.00e+00	0.00e+00	0.00e+00	0.00e+00	1.09e-88
 5.60132e+13	1.81e-30	4.27e-22	1.01e-14	4.38e-08	5.22e-01	4.77e-01	5.69e-04	0.00e+00	0.00e+00	0.00e+00	0.00e+00	0.00e+00	4.56e-104
 5.78482e+13	2.42e-30	5.38e-22	1.21e-14	4.89e-08	5.41e-01	4.58e-01	5.07e-04	0.00e+00	0.00e+00	0.00e+00	0.00e+00	0.00e+00	4.05e-88
 6.00780e+13	3.37e-30	7.03e-22	1.49e-14	5.57e-08	5.63e-01	4.36e-01	4.42e-04	0.00e+00	0.00e+00	0.00e+00	0.00e+00	0.00e+00	2.80e-103
 6.22367e+13	4.59e-30	9.01e-22	1.80e-14	6.28e-08	5.84e-01	4.16e-01	3.87e-04	0.00e+00	0.00e+00	0.00e+00	0.00e+00	0.00e+00	1.81e-87
 6.40516e+13	5.88e-30	1.10e-21	2.09e-14	6.90e-08	6.00e-01	3.99e-01	3.48e-04	0.00e+00	0.00e+00	0.00e+00	0.00e+00	0.00e+00	1.45e-102
 6.60040e+13	7.60e-30	1.35e-21	2.45e-14	7.61e-08	6.17e-01	3.83e-01	3.11e-04	0.00e+00	0.00e+00	0.00e+00	0.00e+00	0.00e+00	5.99e-87
 6.84646e+13	1.04e-29	1.73e-21	2.97e-14	8.56e-08	6.37e-01	3.63e-01	2.71e-04	0.00e+00	0.00e+00	0.00e+00	0.00e+00	0.00e+00	7.94e-102
 7.09931e+13	1.41e-29	2.22e-21	3.58e-14	9.60e-08	6.56e-01	3.43e-01	2.36e-04	0.00e+00	0.00e+00	0.00e+00	0.00e+00	0.00e+00	2.60e-86
 7.31934e+13	1.82e-29	2.72e-21	4.18e-14	1.05e-07	6.72e-01	3.28e-01	2.10e-04	0.00e+00	0.00e+00	0.00e+00	0.00e+00	0.00e+00	4.32e-101
 7.55600e+13	2.36e-29	3.35e-21	4.91e-14	1.16e-07	6.88e-01	3.12e-01	1.86e-04	0.00e+00	0.00e+00	0.00e+00	0.00e+00	0.00e+00	9.14e-86
 7.84505e+13	3.22e-29	4.29e-21	5.92e-14	1.30e-07	7.06e-01	2.93e-01	1.60e-04	0.00e+00	0.00e+00	0.00e+00	0.00e+00	0.00e+00	2.49e-100
 8.13583e+13	4.33e-29	5.43e-21	7.08e-14	1.45e-07	7.23e-01	2.76e-01	1.39e-04	0.00e+00	0.00e+00	0.00e+00	0.00e+00	0.00e+00	3.99e-85
 8.39522e+13	5.58e-29	6.65e-21	8.24e-14	1.59e-07	7.38e-01	2.62e-01	1.23e-04	0.00e+00	0.00e+00	0.00e+00	0.00e+00	0.00e+00	1.37e-99
 8.68021e+13	7.30e-29	8.24e-21	9.68e-14	1.74e-07	7.52e-01	2.48e-01	1.08e-04	0.00e+00	0.00e+00	0.00e+00	0.00e+00	0.00e+00	1.46e-84
 9.01961e+13	9.92e-29	1.05e-20	1.16e-13	1.94e-07	7.68e-01	2.32e-01	9.24e-05	0.00e+00	0.00e+00	0.00e+00	0.00e+00	0.00e+00	8.26e-99
 9.35875e+13	1.33e-28	1.33e-20	1.38e-13	2.15e-07	7.82e-01	2.17e-01	7.97e-05	0.00e+00	0.00e+00	0.00e+00	0.00e+00	0.00e+00	6.52e-84
 9.67397e+13	1.73e-28	1.63e-20	1.62e-13	2.36e-07	7.95e-01	2.05e-01	6.98e-05	0.00e+00	0.00e+00	0.00e+00	0.00e+00	0.00e+00	4.76e-98
 1.00264e+14	2.29e-28	2.04e-20	1.91e-13	2.59e-07	8.08e-01	1.92e-01	6.05e-05	0.00e+00	0.00e+00	0.00e+00	0.00e+00	0.00e+00	2.59e-83
 1.04305e+14	3.12e-28	2.60e-20	2.28e-13	2.88e-07	8.21e-01	1.79e-01	5.15e-05	0.00e+00	0.00e+00	0.00e+00	0.00e+00	0.00e+00	3.12e-97
 1.08310e+14	4.19e-28	3.29e-20	2.71e-13	3.18e-07	8.33e-01	1.67e-01	4.42e-05	0.00e+00	0.00e+00	0.00e+00	0.00e+00	0.00e+00	1.20e-82
 1.12475e+14	5.62e-28	4.14e-20	3.21e-13	3.50e-07	8.44e-01	1.56e-01	3.79e-05	0.00e+00	0.00e+00	0.00e+00	0.00e+00	0.00e+00	2.06e-96
 1.17004e+14	7.63e-28	5.26e-20	3.84e-13	3.87e-07	8.55e-01	1.44e-01	3.23e-05	0.00e+00	0.00e+00	0.00e+00	0.00e+00	0.00e+00	5.63e-82
 1.21715e+14	1.04e-27	6.70e-20	4.56e-13	4.27e-07	8.66e-01	1.34e-01	2.76e-05	0.00e+00	0.00e+00	0.00e+00	0.00e+00	0.00e+00	1.49e-95
 1.26188e+14	1.37e-27	8.32e-20	5.35e-13	4.67e-07	8.75e-01	1.25e-01	2.37e-05	0.00e+00	0.00e+00	0.00e+00	0.00e+00	0.00e+00	2.59e-81
 1.30201e+14	1.75e-27	1.01e-19	6.14e-13	5.04e-07	8.82e-01	1.18e-01	2.09e-05	0.00e+00	0.00e+00	0.00e+00	0.00e+00	0.00e+00	8.02e-95
 1.33943e+14	2.17e-27	1.19e-19	6.94e-13	5.40e-07	8.88e-01	1.12e-01	1.86e-05	0.00e+00	0.00e+00	0.00e+00	0.00e+00	0.00e+00	8.69e-81
 1.38086e+14	2.75e-27	1.43e-19	7.92e-13	5.81e-07	8.95e-01	1.05e-01	1.65e-05	0.00e+00	0.00e+00	0.00e+00	0.00e+00	0.00e+00	3.51e-94
 1.42749e+14	3.56e-27	1.75e-19	9.13e-13	6.28e-07	9.01e-01	9.89e-02	1.44e-05	0.00e+00	0.00e+00	0.00e+00	0.00e+00	0.00e+00	3.20e-80
 1.47203e+14	4.51e-27	2.10e-19	1.04e-12	6.75e-07	9.07e-01	9.31e-02	1.27e-05	0.00e+00	0.00e+00	0.00e+00	0.00e+00	0.00e+00	1.75e-93
 1.52109e+14	5.81e-27	2.56e-19	1.20e-12	7.29e-07	9.13e-01	8.74e-02	1.11e-05	0.00e+00	0.00e+00	0.00e+00	0.00e+00	0.00e+00	1.18e-79
 1.57587e+14	7.64e-27	3.16e-19	1.39e-12	7.90e-07	9.18e-01	8.16e-02	9.61e-06	0.00e+00	0.00e+00	0.00e+00	0.00e+00	0.00e+00	9.80e-93
 1.62648e+14	9.75e-27	3.82e-19	1.59e-12	8.50e-07	9.23e-01	7.67e-02	8.45e-06	0.00e+00	0.00e+00	0.00e+00	0.00e+00	0.00e+00	4.69e-79
 1.67323e+14	1.22e-26	4.53e-19	1.79e-12	9.06e-07	9.27e-01	7.26e-02	7.54e-06	0.00e+00	0.00e+00	0.00e+00	0.00e+00	0.00e+00	4.46e-92
 1.72658e+14	1.55e-26	5.46e-19	2.04e-12	9.72e-07	9.32e-01	6.83e-02	6.64e-06	0.00e+00	0.00e+00	0.00e+00	0.00e+00	0.00e+00	1.64e-78
 1.79202e+14	2.07e-26	6.81e-19	2.39e-12	1.06e-06	9.37e-01	6.34e-02	5.70e-06	0.00e+00	0.00e+00	0.00e+00	0.00e+00	0.00e+00	2.52e-91
 1.85714e+14	2.73e-26	8.42e-19	2.77e-12	1.14e-06	9.41e-01	5.92e-02	4.94e-06	0.00e+00	0.00e+00	0.00e+00	0.00e+00	0.00e+00	7.47e-78
 1.91403e+14	3.45e-26	1.01e-18	3.14e-12	1.22e-06	9.44e-01	5.58e-02	4.37e-06	0.00e+00	0.00e+00	0.00e+00	0.00e+00	0.00e+00	1.35e-90
 1.97626e+14	4.43e-26	1.22e-18	3.58e-12	1.31e-06	9.48e-01	5.24e-02	3.85e-06	0.00e+00	0.00e+00	0.00e+00	0.00e+00	0.00e+00	2.78e-77
 2.05182e+14	5.96e-26	1.53e-18	4.18e-12	1.42e-06	9.51e-01	4.87e-02	3.31e-06	0.00e+00	0.00e+00	0.00e+00	0.00e+00	0.00e+00	8.01e-90
 2.12825e+14	7.91e-26	1.90e-18	4.86e-12	1.53e-06	9.55e-01	4.53e-02	2.86e-06	0.00e+00	0.00e+00	0.00e+00	0.00e+00	0.00e+00	1.34e-76
 2.19739e+14	1.02e-25	2.30e-18	5.53e-12	1.64e-06	9.57e-01	4.26e-02	2.52e-06	0.00e+00	0.00e+00	0.00e+00	0.00e+00	0.00e+00	2.66e-76
 2.27347e+14	1.33e-25	2.82e-18	6.35e-12	1.76e-06	9.60e-01	3.99e-02	2.20e-06	0.00e+00	0.00e+00	0.00e+00	0.00e+00	0.00e+00	5.55e-76
 2.36296e+14	1.81e-25	3.56e-18	7.44e-12	1.91e-06	9.63e-01	3.70e-02	1.89e-06	0.00e+00	0.00e+00	0.00e+00	0.00e+00	0.00e+00	1.29e-75
 2.45214e+14	2.42e-25	4.43e-18	8.64e-12	2.07e-06	9.66e-01	3.44e-02	1.63e-06	0.00e+00	0.00e+00	0.00e+00	0.00e+00	0.00e+00	2.83e-75
 2.53622e+14	3.16e-25	5.42e-18	9.90e-12	2.21e-06	9.68e-01	3.22e-02	1.42e-06	0.00e+00	0.00e+00	0.00e+00	0.00e+00	0.00e+00	5.90e-75
 2.62928e+14	4.22e-25	6.74e-18	1.15e-11	2.38e-06	9.70e-01	3.01e-02	1.24e-06	0.00e+00	0.00e+00	0.00e+00	0.00e+00	0.00e+00	1.30e-74
 2.73475e+14	5.74e-25	8.50e-18	1.34e-11	2.59e-06	9.72e-01	2.78e-02	1.06e-06	0.00e+00	0.00e+00	0.00e+00	0.00e+00	0.00e+00	3.02e-74
 2.84037e+14	7.79e-25	1.07e-17	1.56e-11	2.79e-06	9.74e-01	2.59e-02	9.12e-07	0.00e+00	0.00e+00	0.00e+00	0.00e+00	0.00e+00	7.02e-74
 2.95022e+14	1.05e-24	1.34e-17	1.82e-11	3.02e-06	9.76e-01	2.40e-02	0.00e+00	0.00e+00	0.00e+00	0.00e+00	0.00e+00	0.00e+00	1.58e-73
 3.06853e+14	1.44e-24	1.69e-17	2.13e-11	3.26e-06	9.78e-01	2.22e-02	0.00e+00	0.00e+00	0.00e+00	0.00e+00	0.00e+00	0.00e+00	3.75e-73
 3.19157e+14	1.96e-24	2.15e-17	2.49e-11	3.53e-06	9.79e-01	2.06e-02	0.00e+00	0.00e+00	0.00e+00	0.00e+00	0.00e+00	0.00e+00	8.93e-73
 3.31017e+14	2.62e-24	2.67e-17	2.89e-11	3.80e-06	9.81e-01	1.92e-02	0.00e+00	0.00e+00	0.00e+00	0.00e+00	0.00e+00	0.00e+00	1.98e-72
 3.42114e+14	3.40e-24	3.24e-17	3.29e-11	4.07e-06	9.82e-01	1.80e-02	0.00e+00	0.00e+00	0.00e+00	0.00e+00	0.00e+00	0.00e+00	4.02e-72
 3.52569e+14	4.33e-24	3.89e-17	3.71e-11	4.32e-06	9.83e-01	1.70e-02	0.00e+00	0.00e+00	0.00e+00	0.00e+00	0.00e+00	0.00e+00	7.87e-72
 3.63942e+14	5.57e-24	4.70e-17	4.22e-11	4.60e-06	9.84e-01	1.59e-02	0.00e+00	0.00e+00	0.00e+00	0.00e+00	1.52e-17	3.19e-17	1.57e-71
 3.76606e+14	7.30e-24	5.77e-17	4.84e-11	4.93e-06	9.85e-01	1.49e-02	0.00e+00	0.00e+00	0.00e+00	0.00e+00	1.91e-17	3.85e-17	3.30e-71
 3.88543e+14	9.31e-24	6.93e-17	5.48e-11	5.25e-06	9.86e-01	1.40e-02	0.00e+00	0.00e+00	0.00e+00	0.00e+00	2.30e-17	4.63e-17	6.44e-71
 4.01652e+14	1.21e-23	8.44e-17	6.25e-11	5.61e-06	9.87e-01	1.31e-02	0.00e+00	0.00e+00	0.00e+00	0.00e+00	2.80e-17	5.64e-17	1.34e-70
 4.16421e+14	1.62e-23	1.05e-16	7.22e-11	6.03e-06	9.88e-01	1.22e-02	0.00e+00	0.00e+00	0.00e+00	0.00e+00	3.48e-17	7.01e-17	2.96e-70
 4.30536e+14	2.10e-23	1.28e-16	8.26e-11	6.45e-06	9.89e-01	1.14e-02	0.00e+00	0.00e+00	0.00e+00	0.00e+00	4.25e-17	8.54e-17	6.09e-70
 4.46052e+14	2.77e-23	1.57e-16	9.52e-11	6.93e-06	9.89e-01	1.07e-02	0.00e+00	0.00e+00	0.00e+00	0.00e+00	5.23e-17	1.05e-16	1.30e-69
 4.63423e+14	3.76e-23	1.98e-16	1.11e-10	7.48e-06	9.90e-01	9.89e-03	0.00e+00	0.00e+00	0.00e+00	0.00e+00	6.58e-17	1.32e-16	3.02e-69
 4.80078e+14	4.94e-23	2.43e-16	1.28e-10	8.04e-06	9.91e-01	9.20e-03	0.00e+00	0.00e+00	0.00e+00	0.00e+00	8.08e-17	1.63e-16	6.35e-69
 4.97900e+14	6.60e-23	3.03e-16	1.48e-10	8.65e-06	9.91e-01	8.57e-03	0.00e+00	0.00e+00	0.00e+00	0.00e+00	1.00e-16	2.02e-16	1.41e-68
 5.17846e+14	8.99e-23	3.83e-16	1.73e-10	9.35e-06	9.92e-01	7.92e-03	0.00e+00	0.00e+00	0.00e+00	0.00e+00	1.27e-16	2.56e-16	3.33e-68
 5.36262e+14	1.18e-22	4.70e-16	2.00e-10	1.00e-05	9.93e-01	7.39e-03	0.00e+00	0.00e+00	0.00e+00	0.00e+00	1.56e-16	3.14e-16	7.00e-68
 5.52173e+14	1.49e-22	5.61e-16	2.24e-10	1.07e-05	9.93e-01	6.97e-03	0.00e+00	0.00e+00	0.00e+00	0.00e+00	1.86e-16	3.75e-16	1.33e-67
 5.69799e+14	1.90e-22	6.74e-16	2.55e-10	1.14e-05	9.93e-01	6.55e-03	0.00e+00	0.00e+00	0.00e+00	0.00e+00	2.24e-16	4.50e-16	2.58e-67
 5.91371e+14	2.55e-22	8.42e-16	2.95e-10	1.22e-05	9.94e-01	6.08e-03	0.00e+00	0.00e+00	0.00e+00	0.00e+00	2.79e-16	5.62e-16	5.83e-67
 6.13249e+14	3.37e-22	1.04e-15	3.43e-10	1.32e-05	9.94e-01	5.65e-03	0.00e+00	0.00e+00	0.00e+00	0.00e+00	3.45e-16	6.95e-16	1.25e-66
 6.32885e+14	4.33e-22	1.26e-15	3.89e-10	1.40e-05	9.95e-01	5.30e-03	0.00e+00	0.00e+00	0.00e+00	0.00e+00	4.17e-16	8.40e-16	2.49e-66
 6.54432e+14	5.60e-22	1.53e-15	4.46e-10	1.50e-05	9.95e-01	4.96e-03	0.00e+00	0.00e+00	0.00e+00	0.00e+00	5.07e-16	1.02e-15	5.02e-66
 6.79959e+14	7.53e-22	1.91e-15	5.20e-10	1.63e-05	9.95e-01	4.59e-03	0.00e+00	0.00e+00	0.00e+00	0.00e+00	6.35e-16	1.28e-15	1.13e-65
 7.05054e+14	9.97e-22	2.37e-15	6.02e-10	1.75e-05	9.96e-01	4.26e-03	0.00e+00	0.00e+00	0.00e+00	0.00e+00	7.86e-16	1.58e-15	2.45e-65
 7.27920e+14	1.28e-21	2.87e-15	6.84e-10	1.87e-05	9.96e-01	4.00e-03	0.00e+00	0.00e+00	0.00e+00	0.00e+00	9.51e-16	1.92e-15	4.93e-65
 7.53492e+14	1.66e-21	3.50e-15	7.87e-10	2.00e-05	9.96e-01	3.73e-03	0.00e+00	0.00e+00	0.00e+00	0.00e+00	1.16e-15	2.34e-15	1.00e-64
 7.83320e+14	2.24e-21	4.38e-15	9.21e-10	2.17e-05	9.97e-01	3.44e-03	0.00e+00	0.00e+00	0.00e+00	0.00e+00	1.45e-15	2.93e-15	2.26e-64
 8.12625e+14	2.98e-21	5.45e-15	1.07e-09	2.34e-05	9.97e-01	3.20e-03	0.00e+00	0.00e+00	0.00e+00	0.00e+00	1.81e-15	3.64e-15	5.02e-64
 8.40297e+14	3.81e-21	6.59e-15	1.22e-09	2.50e-05	9.97e-01	2.99e-03	0.00e+00	0.00e+00	0.00e+00	0.00e+00	2.18e-15	4.40e-15	9.87e-64
 8.71135e+14	5.02e-21	8.12e-15	1.41e-09	2.69e-05	9.97e-01	2.77e-03	0.00e+00	0.00e+00	0.00e+00	0.00e+00	2.69e-15	5.43e-15	2.10e-63
 9.06010e+14	6.75e-21	1.02e-14	1.65e-09	2.92e-05	9.97e-01	2.56e-03	0.00e+00	0.00e+00	0.00e+00	0.00e+00	3.38e-15	6.81e-15	4.77e-63
 9.40803e+14	9.03e-21	1.27e-14	1.92e-09	3.15e-05	9.98e-01	2.37e-03	0.00e+00	0.00e+00	0.00e+00	0.00e+00	4.22e-15	8.51e-15	1.07e-62
 9.73397e+14	1.16e-20	1.54e-14	2.20e-09	3.38e-05	9.98e-01	2.21e-03	0.00e+00	0.00e+00	0.00e+00	0.00e+00	5.10e-15	1.03e-14	2.11e-62
 1.00877e+15	1.52e-20	1.90e-14	2.54e-09	3.63e-05	9.98e-01	2.06e-03	0.00e+00	0.00e+00	0.00e+00	0.00e+00	6.29e-15	1.27e-14	4.54e-62
 1.04915e+15	2.02e-20	2.36e-14	2.98e-09	3.93e-05	9.98e-01	1.90e-03	0.00e+00	0.00e+00	0.00e+00	0.00e+00	7.82e-15	1.58e-14	9.90e-62
 1.08705e+15	2.66e-20	2.91e-14	3.43e-09	4.22e-05	9.98e-01	1.76e-03	0.00e+00	0.00e+00	0.00e+00	0.00e+00	9.64e-15	1.95e-14	2.11e-61
 1.12108e+15	3.31e-20	3.44e-14	3.88e-09	4.50e-05	9.98e-01	1.65e-03	0.00e+00	0.00e+00	0.00e+00	0.00e+00	1.14e-14	2.30e-14	3.85e-61
 1.15336e+15	4.08e-20	4.05e-14	4.35e-09	4.77e-05	9.98e-01	1.56e-03	0.00e+00	0.00e+00	0.00e+00	0.00e+00	1.34e-14	2.71e-14	6.91e-61
 1.18915e+15	5.14e-20	4.84e-14	4.91e-09	5.07e-05	9.98e-01	1.47e-03	0.00e+00	0.00e+00	0.00e+00	0.00e+00	1.60e-14	3.24e-14	1.32e-60
 1.22916e+15	6.50e-20	5.80e-14	5.61e-09	5.43e-05	9.99e-01	1.37e-03	0.00e+00	0.00e+00	0.00e+00	0.00e+00	1.92e-14	3.88e-14	2.51e-60
 1.26679e+15	8.19e-20	6.93e-14	6.33e-09	5.77e-05	9.99e-01	1.29e-03	0.00e+00	0.00e+00	0.00e+00	0.00e+00	2.29e-14	4.63e-14	4.79e-60
 1.30782e+15	1.02e-19	8.22e-14	7.19e-09	6.16e-05	9.99e-01	1.21e-03	0.00e+00	0.00e+00	0.00e+00	0.00e+00	2.72e-14	5.50e-14	8.83e-60
 1.35365e+15	1.32e-19	1.00e-13	8.25e-09	6.60e-05	9.99e-01	1.12e-03	0.00e+00	0.00e+00	0.00e+00	0.00e+00	3.31e-14	6.70e-14	1.81e-59
 1.39713e+15	1.67e-19	1.20e-13	9.36e-09	7.04e-05	9.99e-01	1.05e-03	0.00e+00	0.00e+00	0.00e+00	0.00e+00	3.98e-14	8.05e-14	3.50e-59
 1.44507e+15	2.14e-19	1.45e-13	1.07e-08	7.54e-05	9.99e-01	9.82e-04	0.00e+00	0.00e+00	0.00e+00	0.00e+00	4.81e-14	9.73e-14	6.94e-59
 1.49805e+15	2.75e-19	1.77e-13	1.24e-08	8.11e-05	9.99e-01	9.12e-04	0.00e+00	0.00e+00	0.00e+00	0.00e+00	5.83e-14	1.18e-13	1.39e-58
 1.54687e+15	3.51e-19	2.13e-13	1.41e-08	8.65e-05	9.99e-01	8.54e-04	0.00e+00	0.00e+00	0.00e+00	0.00e+00	7.04e-14	1.43e-13	2.75e-58
 1.59962e+15	4.44e-19	2.56e-13	1.61e-08	9.27e-05	9.99e-01	7.96e-04	0.00e+00	0.00e+00	0.00e+00	0.00e+00	8.44e-14	1.71e-13	5.27e-58
 1.65853e+15	5.80e-19	3.15e-13	1.86e-08	9.97e-05	9.99e-01	7.39e-04	0.00e+00	0.00e+00	0.00e+00	0.00e+00	1.04e-13	2.11e-13	1.12e-57
 1.71412e+15	7.31e-19	3.76e-13	2.12e-08	1.07e-04	9.99e-01	6.90e-04	0.00e+00	0.00e+00	0.00e+00	0.00e+00	1.24e-13	2.52e-13	2.12e-57
 1.77505e+15	9.45e-19	4.60e-13	2.44e-08	1.14e-04	9.99e-01	6.42e-04	0.00e+00	0.00e+00	0.00e+00	0.00e+00	1.52e-13	3.08e-13	4.37e-57
 1.84271e+15	1.22e-18	5.61e-13	2.84e-08	1.24e-04	9.99e-01	5.94e-04	0.00e+00	0.00e+00	0.00e+00	0.00e+00	1.85e-13	3.76e-13	8.90e-57
 1.90551e+15	1.56e-18	6.81e-13	3.25e-08	1.32e-04	9.99e-01	5.54e-04	0.00e+00	0.00e+00	0.00e+00	0.00e+00	2.25e-13	4.56e-13	1.79e-56
 1.97358e+15	1.99e-18	8.22e-13	3.74e-08	1.42e-04	9.99e-01	5.14e-04	0.00e+00	0.00e+00	0.00e+00	0.00e+00	2.71e-13	5.51e-13	3.50e-56
 2.04979e+15	2.61e-18	1.01e-12	4.36e-08	1.54e-04	9.99e-01	4.75e-04	0.00e+00	0.00e+00	0.00e+00	0.00e+00	3.34e-13	6.80e-13	7.48e-56
 2.12205e+15	3.30e-18	1.22e-12	5.01e-08	1.65e-04	9.99e-01	4.41e-04	0.00e+00	0.00e+00	0.00e+00	0.00e+00	4.03e-13	8.19e-13	1.45e-55
 2.19970e+15	4.27e-18	1.50e-12	5.78e-08	1.78e-04	9.99e-01	4.09e-04	0.00e+00	0.00e+00	0.00e+00	0.00e+00	4.94e-13	1.01e-12	3.03e-55
 2.28772e+15	5.56e-18	1.84e-12	6.78e-08	1.93e-04	9.99e-01	3.76e-04	0.00e+00	0.00e+00	0.00e+00	0.00e+00	6.07e-13	1.24e-12	6.30e-55
 2.37374e+15	7.22e-18	2.27e-12	7.86e-08	2.09e-04	9.99e-01	3.48e-04	0.00e+00	0.00e+00	0.00e+00	0.00e+00	7.46e-13	1.52e-12	1.33e-54
 2.46320e+15	9.21e-18	2.75e-12	9.13e-08	2.26e-04	9.99e-01	3.21e-04	0.00e+00	0.00e+00	0.00e+00	0.00e+00	9.05e-13	1.85e-12	2.63e-54
 2.56176e+15	1.21e-17	3.42e-12	1.07e-07	2.45e-04	9.99e-01	2.95e-04	0.00e+00	0.00e+00	0.00e+00	0.00e+00	1.13e-12	2.30e-12	5.78e-54
 2.65885e+15	1.56e-17	4.17e-12	1.24e-07	2.65e-04	9.99e-01	2.72e-04	0.00e+00	0.00e+00	0.00e+00	0.00e+00	1.37e-12	2.80e-12	1.16e-53
 2.73858e+15	1.90e-17	4.88e-12	1.40e-07	2.82e-04	9.99e-01	2.55e-04	0.00e+00	0.00e+00	0.00e+00	0.00e+00	1.61e-12	3.28e-12	2.05e-53
 2.80205e+15	2.21e-17	5.52e-12	1.54e-07	2.97e-04	9.99e-01	2.43e-04	0.00e+00	0.00e+00	0.00e+00	0.00e+00	1.81e-12	3.70e-12	3.16e-53
 2.87239e+15	2.60e-17	6.30e-12	1.70e-07	3.13e-04	9.99e-01	2.30e-04	0.00e+00	0.00e+00	0.00e+00	0.00e+00	2.07e-12	4.23e-12	5.08e-53
 2.96383e+15	3.20e-17	7.43e-12	1.93e-07	3.35e-04	9.99e-01	2.14e-04	0.00e+00	0.00e+00	0.00e+00	0.00e+00	2.44e-12	4.99e-12	9.14e-53
 3.06199e+15	3.97e-17	8.84e-12	2.20e-07	3.59e-04	9.99e-01	2.00e-04	0.00e+00	0.00e+00	0.00e+00	0.00e+00	2.90e-12	5.94e-12	1.70e-52
 3.14930e+15	4.76e-17	1.03e-11	2.47e-07	3.82e-04	9.99e-01	1.88e-04	0.00e+00	3.98e-18	1.19e-17	2.00e-17	3.37e-12	6.90e-12	2.91e-52
 3.24317e+15	5.75e-17	1.20e-11	2.78e-07	4.08e-04	9.99e-01	1.75e-04	0.00e+00	4.81e-18	1.44e-17	2.41e-17	3.93e-12	8.03e-12	4.99e-52
 3.36216e+15	7.27e-17	1.45e-11	3.22e-07	4.40e-04	9.99e-01	1.62e-04	0.00e+00	6.08e-18	1.83e-17	3.05e-17	4.76e-12	9.74e-12	9.99e-52
 3.48335e+15	9.16e-17	1.75e-11	3.72e-07	4.77e-04	9.99e-01	1.50e-04	0.00e+00	7.66e-18	2.30e-17	3.84e-17	5.73e-12	1.17e-11	1.93e-51
 3.58602e+15	1.11e-16	2.04e-11	4.19e-07	5.08e-04	9.99e-01	1.40e-04	0.00e+00	9.29e-18	2.79e-17	4.66e-17	6.69e-12	1.37e-11	3.39e-51
 3.69508e+15	1.33e-16	2.38e-11	4.73e-07	5.43e-04	9.99e-01	1.31e-04	0.00e+00	1.12e-17	3.35e-17	5.60e-17	7.81e-12	1.60e-11	5.91e-51
 3.83188e+15	1.68e-16	2.88e-11	5.49e-07	5.89e-04	9.99e-01	1.20e-04	0.00e+00	1.41e-17	4.24e-17	7.09e-17	9.44e-12	1.93e-11	1.17e-50
 3.97259e+15	2.12e-16	3.48e-11	6.35e-07	6.39e-04	9.99e-01	1.11e-04	0.00e+00	1.78e-17	5.35e-17	8.94e-17	1.14e-11	2.34e-11	2.35e-50
 4.09609e+15	2.57e-16	4.08e-11	7.19e-07	6.84e-04	9.99e-01	1.03e-04	0.00e+00	2.16e-17	6.49e-17	1.08e-16	1.34e-11	2.74e-11	4.19e-50
 4.22933e+15	3.11e-16	4.80e-11	8.19e-07	7.35e-04	9.99e-01	9.62e-05	0.00e+00	2.62e-17	7.86e-17	1.31e-16	1.57e-11	3.23e-11	7.58e-50
 4.39076e+15	3.97e-16	5.85e-11	9.54e-07	8.00e-04	9.99e-01	8.82e-05	0.00e+00	3.34e-17	1.00e-16	1.68e-16	1.92e-11	3.93e-11	1.56e-49
 4.55100e+15	4.95e-16	7.03e-11	1.10e-06	8.69e-04	9.99e-01	8.11e-05	0.00e+00	4.17e-17	1.25e-16	2.09e-16	2.31e-11	4.73e-11	3.10e-49
 4.69277e+15	6.01e-16	8.26e-11	1.25e-06	9.30e-04	9.99e-01	7.56e-05	0.00e+00	5.07e-17	1.52e-16	2.54e-16	2.71e-11	5.55e-11	5.64e-49
 4.84833e+15	7.25e-16	9.73e-11	1.42e-06	1.00e-03	9.99e-01	7.02e-05	0.00e+00	6.13e-17	1.84e-16	3.07e-16	3.19e-11	6.53e-11	1.03e-48
 5.03499e+15	9.28e-16	1.19e-10	1.66e-06	1.09e-03	9.99e-01	6.42e-05	0.00e+00	7.86e-17	2.36e-16	3.94e-16	3.90e-11	7.99e-11	2.20e-48
 5.22113e+15	1.17e-15	1.44e-10	1.92e-06	1.18e-03	9.99e-01	5.91e-05	0.00e+00	9.88e-17	2.97e-16	4.96e-16	4.72e-11	9.67e-11	4.51e-48
 5.39075e+15	1.39e-15	1.68e-10	2.19e-06	1.27e-03	9.99e-01	5.49e-05	0.00e+00	1.18e-16	3.55e-16	5.93e-16	5.53e-11	1.13e-10	8.15e-48
 5.57985e+15	1.75e-15	2.03e-10	2.51e-06	1.38e-03	9.99e-01	5.06e-05	0.00e+00	1.49e-16	4.46e-16	7.45e-16	6.66e-11	1.36e-10	1.65e-47
 5.80048e+15	2.22e-15	2.48e-10	2.94e-06	1.50e-03	9.98e-01	4.62e-05	0.00e+00	1.89e-16	5.68e-16	9.48e-16	8.15e-11	1.67e-10	3.61e-47
 6.01759e+15	2.79e-15	3.01e-10	3.40e-06	1.63e-03	9.98e-01	4.24e-05	0.00e+00	2.38e-16	7.14e-16	1.19e-15	9.88e-11	2.02e-10	7.61e-47
 6.22306e+15	3.37e-15	3.56e-10	3.89e-06	1.76e-03	9.98e-01	3.93e-05	0.00e+00	2.88e-16	8.64e-16	1.44e-15	1.17e-10	2.39e-10	1.45e-46
 6.45168e+15	4.31e-15	4.35e-10	4.50e-06	1.91e-03	9.98e-01	3.61e-05	0.00e+00	3.68e-16	1.10e-15	1.85e-15	1.43e-10	2.92e-10	3.20e-46
 6.66766e+15	5.26e-15	5.17e-10	5.14e-06	2.06e-03	9.98e-01	3.34e-05	0.00e+00	4.50e-16	1.35e-15	2.25e-15	1.70e-10	3.47e-10	6.26e-46
 6.82843e+15	6.10e-15	5.86e-10	5.65e-06	2.17e-03	9.98e-01	3.16e-05	0.00e+00	5.22e-16	1.57e-15	2.62e-15	1.93e-10	3.94e-10	1.03e-45
 6.99242e+15	7.06e-15	6.65e-10	6.21e-06	2.29e-03	9.98e-01	2.99e-05	0.00e+00	6.05e-16	1.82e-15	3.03e-15	2.19e-10	4.46e-10	1.69e-45
 7.20561e+15	8.33e-15	7.72e-10	7.00e-06	2.45e-03	9.98e-01	2.79e-05	0.00e+00	7.14e-16	2.14e-15	3.58e-15	2.54e-10	5.18e-10	3.02e-45
 7.43717e+15	1.03e-14	9.24e-10	7.95e-06	2.63e-03	9.97e-01	2.60e-05	0.00e+00	8.89e-16	2.67e-15	4.45e-15	3.04e-10	6.20e-10	6.19e-45
 7.64590e+15	1.22e-14	1.07e-09	8.88e-06	2.80e-03	9.97e-01	2.44e-05	0.00e+00	1.05e-15	3.15e-15	5.25e-15	3.52e-10	7.18e-10	1.10e-44
 7.87054e+15	1.44e-14	1.24e-09	9.97e-06	2.99e-03	9.97e-01	2.28e-05	0.00e+00	1.24e-15	3.72e-15	6.20e-15	4.07e-10	8.30e-10	1.95e-44
 8.15747e+15	1.83e-14	1.52e-09	1.15e-05	3.25e-03	9.97e-01	2.10e-05	0.00e+00	1.58e-15	4.74e-15	7.91e-15	5.00e-10	1.02e-09	4.40e-44
 8.44748e+15	2.27e-14	1.83e-09	1.32e-05	3.51e-03	9.96e-01	1.94e-05	0.00e+00	1.96e-15	5.87e-15	9.80e-15	6.04e-10	1.23e-09	9.09e-44
 8.68987e+15	2.69e-14	2.14e-09	1.48e-05	3.74e-03	9.96e-01	1.82e-05	0.00e+00	2.33e-15	6.98e-15	1.17e-14	7.04e-10	1.43e-09	1.66e-43
 8.94828e+15	3.21e-14	2.50e-09	1.67e-05	3.99e-03	9.96e-01	1.70e-05	0.00e+00	2.78e-15	8.34e-15	1.39e-14	8.24e-10	1.68e-09	3.05e-43
 9.27624e+15	4.02e-14	3.05e-09	1.93e-05	4.34e-03	9.96e-01	1.56e-05	0.00e+00	3.49e-15	1.05e-14	1.75e-14	1.00e-09	2.04e-09	6.39e-43
 9.62039e+15	5.03e-14	3.72e-09	2.23e-05	4.70e-03	9.95e-01	1.44e-05	0.00e+00	4.36e-15	1.31e-14	2.19e-14	1.23e-09	2.49e-09	1.38e-42
 9.92697e+15	6.03e-14	4.37e-09	2.53e-05	5.04e-03	9.95e-01	1.35e-05	0.00e+00	5.24e-15	1.57e-14	2.62e-14	1.44e-09	2.93e-09	2.56e-42
 1.02589e+16	7.39e-14	5.24e-09	2.88e-05	5.43e-03	9.95e-01	1.25e-05	0.00e+00	6.42e-15	1.93e-14	3.22e-14	1.73e-09	3.51e-09	5.13e-42
 1.06555e+16	9.58e-14	6.56e-09	3.36e-05	5.92e-03	9.94e-01	1.15e-05	0.00e+00	8.34e-15	2.50e-14	4.18e-14	2.17e-09	4.40e-09	1.24e-41
 1.10464e+16	1.19e-13	8.00e-09	3.88e-05	6.41e-03	9.94e-01	1.06e-05	0.00e+00	1.04e-14	3.11e-14	5.20e-14	2.64e-09	5.36e-09	2.61e-41
 1.13986e+16	1.43e-13	9.44e-09	4.41e-05	6.87e-03	9.93e-01	9.95e-06	0.00e+00	1.25e-14	3.75e-14	6.26e-14	3.12e-09	6.32e-09	4.87e-41
 1.17903e+16	1.77e-13	1.14e-08	5.05e-05	7.41e-03	9.93e-01	9.26e-06	0.00e+00	1.54e-14	4.63e-14	7.73e-14	3.76e-09	7.63e-09	9.91e-41
 1.22520e+16	2.30e-13	1.44e-08	5.90e-05	8.09e-03	9.92e-01	8.53e-06	0.00e+00	2.01e-14	6.04e-14	1.01e-13	4.75e-09	9.63e-09	2.41e-40
 1.27064e+16	2.91e-13	1.77e-08	6.84e-05	8.76e-03	9.91e-01	7.93e-06	0.00e+00	2.55e-14	7.64e-14	1.27e-13	5.86e-09	1.19e-08	5.19e-40
 1.31275e+16	3.58e-13	2.13e-08	7.81e-05	9.43e-03	9.90e-01	7.42e-06	0.00e+00	3.14e-14	9.41e-14	1.57e-13	7.06e-09	1.43e-08	1.00e-39
 1.36012e+16	4.48e-13	2.61e-08	9.03e-05	1.02e-02	9.90e-01	6.92e-06	0.00e+00	3.93e-14	1.18e-13	1.97e-13	8.62e-09	1.74e-08	2.05e-39
 1.41453e+16	5.81e-13	3.29e-08	1.06e-04	1.11e-02	9.89e-01	6.41e-06	0.00e+00	5.10e-14	1.53e-13	2.55e-13	1.09e-08	2.20e-08	4.77e-39
 1.45968e+16	7.08e-13	3.94e-08	1.21e-04	1.19e-02	9.88e-01	6.05e-06	0.00e+00	6.23e-14	1.87e-13	3.12e-13	1.30e-08	2.64e-08	9.09e-39
 1.49147e+16	8.12e-13	4.46e-08	1.32e-04	1.25e-02	9.87e-01	5.82e-06	0.00e+00	7.15e-14	2.15e-13	3.58e-13	1.48e-08	2.99e-08	1.41e-38
 1.52452e+16	9.40e-13	5.08e-08	1.44e-04	1.32e-02	9.87e-01	5.59e-06	0.00e+00	8.28e-14	2.48e-13	4.14e-13	1.68e-08	3.40e-08	2.24e-38
 1.56750e+16	1.11e-12	5.89e-08	1.62e-04	1.40e-02	9.86e-01	5.32e-06	0.00e+00	9.81e-14	2.94e-13	4.91e-13	1.95e-08	3.94e-08	3.67e-38
 1.61546e+16	1.37e-12	7.14e-08	1.83e-04	1.50e-02	9.85e-01	5.04e-06	0.00e+00	1.21e-13	3.64e-13	6.07e-13	2.36e-08	4.78e-08	7.29e-38
 1.66023e+16	1.64e-12	8.37e-08	2.06e-04	1.59e-02	9.84e-01	4.82e-06	0.00e+00	1.45e-13	4.35e-13	7.26e-13	2.77e-08	5.60e-08	1.24e-37
 1.70874e+16	1.98e-12	9.82e-08	2.32e-04	1.70e-02	9.83e-01	4.60e-06	0.00e+00	1.75e-13	5.25e-13	8.76e-13	3.25e-08	6.57e-08	2.15e-37
 1.76295e+16	2.48e-12	1.20e-07	2.65e-04	1.83e-02	9.81e-01	4.38e-06	0.00e+00	2.19e-13	6.58e-13	1.10e-12	3.99e-08	8.05e-08	4.29e-37
 1.81378e+16	2.98e-12	1.42e-07	2.99e-04	1.95e-02	9.80e-01	4.20e-06	0.00e+00	2.64e-13	7.92e-13	1.32e-12	4.71e-08	9.51e-08	7.43e-37
 1.86902e+16	3.65e-12	1.69e-07	3.40e-04	2.09e-02	9.79e-01	4.01e-06	0.00e+00	3.23e-13	9.70e-13	1.62e-12	5.59e-08	1.13e-07	1.31e-36
 1.93040e+16	4.63e-12	2.09e-07	3.91e-04	2.25e-02	9.77e-01	3.84e-06	0.00e+00	4.11e-13	1.23e-12	2.05e-12	6.93e-08	1.40e-07	2.66e-36
 1.98785e+16	5.63e-12	2.49e-07	4.44e-04	2.41e-02	9.75e-01	3.69e-06	0.00e+00	5.00e-13	1.50e-12	2.50e-12	8.26e-08	1.67e-07	4.61e-36
 2.05064e+16	7.00e-12	2.99e-07	5.10e-04	2.59e-02	9.74e-01	3.54e-06	0.00e+00	6.21e-13	1.86e-12	3.11e-12	9.90e-08	2.00e-07	8.15e-36
 2.11889e+16	8.95e-12	3.74e-07	5.90e-04	2.80e-02	9.71e-01	3.41e-06	0.00e+00	7.95e-13	2.39e-12	3.98e-12	1.24e-07	2.50e-07	1.70e-35
 2.18093e+16	1.09e-11	4.48e-07	6.71e-04	3.00e-02	9.69e-01	3.30e-06	0.00e+00	9.74e-13	2.92e-12	4.87e-12	1.49e-07	3.00e-07	2.95e-35
 2.23924e+16	1.33e-11	5.31e-07	7.57e-04	3.19e-02	9.67e-01	3.21e-06	0.00e+00	1.18e-12	3.55e-12	5.92e-12	1.76e-07	3.55e-07	4.99e-35
 2.30603e+16	1.66e-11	6.40e-07	8.68e-04	3.43e-02	9.65e-01	3.11e-06	0.00e+00	1.48e-12	4.43e-12	7.39e-12	2.12e-07	4.28e-07	8.78e-35
 2.37979e+16	2.11e-11	7.91e-07	1.01e-03	3.71e-02	9.62e-01	3.02e-06	0.00e+00	1.88e-12	5.64e-12	9.41e-12	2.63e-07	5.29e-07	1.70e-34
 2.44780e+16	2.60e-11	9.48e-07	1.15e-03	3.98e-02	9.59e-01	2.94e-06	0.00e+00	2.32e-12	6.95e-12	1.16e-11	3.15e-07	6.33e-07	2.82e-34
 2.52140e+16	3.27e-11	1.14e-06	1.33e-03	4.30e-02	9.56e-01	2.86e-06	0.00e+00	2.92e-12	8.76e-12	1.46e-11	3.79e-07	7.63e-07	4.87e-34
 2.59977e+16	4.20e-11	1.44e-06	1.55e-03	4.66e-02	9.52e-01	2.80e-06	0.00e+00	3.76e-12	1.13e-11	1.88e-11	4.78e-07	9.63e-07	9.91e-34
 2.66694e+16	5.13e-11	1.72e-06	1.76e-03	4.99e-02	9.48e-01	2.75e-06	0.00e+00	4.58e-12	1.38e-11	2.29e-11	5.70e-07	1.15e-06	1.61e-33
 2.73688e+16	6.41e-11	2.06e-06	2.01e-03	5.36e-02	9.44e-01	2.70e-06	0.00e+00	5.73e-12	1.72e-11	2.87e-11	6.85e-07	1.38e-06	2.70e-33
 2.81489e+16	8.16e-11	2.55e-06	2.34e-03	5.81e-02	9.40e-01	2.65e-06	0.00e+00	7.31e-12	2.19e-11	3.65e-11	8.46e-07	1.70e-06	4.97e-33
 2.88703e+16	1.01e-10	3.06e-06	2.69e-03	6.24e-02	9.35e-01	2.61e-06	0.00e+00	9.07e-12	2.72e-11	4.54e-11	1.01e-06	2.04e-06	8.09e-33
