#depth	O	O+	O+2	O+3	O+4	O+5	O+6	O+7	O+8	O[1]	O[2]	O[3]
 1.49634e+10	0.00e+00	1.67e-23	2.77e-13	1.13e-05	3.17e-01	6.76e-01	7.50e-03	0.00e+00	0.00e+00	0.00e+00	0.00e+00	0.00e+00
 4.54887e+10	1.11e-35	2.20e-23	3.40e-13	1.28e-05	3.33e-01	6.60e-01	6.75e-03	7.82e-10	0.00e+00	0.00e+00	0.00e+00	0.00e+00
 7.72350e+10	0.00e+00	2.89e-23	4.16e-13	1.46e-05	3.51e-01	6.43e-01	6.07e-03	0.00e+00	0.00e+00	0.00e+00	0.00e+00	0.00e+00
 1.10251e+11	2.20e-35	3.78e-23	5.08e-13	1.65e-05	3.68e-01	6.27e-01	5.45e-03	0.00e+00	0.00e+00	0.00e+00	0.00e+00	0.00e+00
 1.44588e+11	0.00e+00	4.95e-23	6.19e-13	1.87e-05	3.86e-01	6.09e-01	4.88e-03	0.00e+00	0.00e+00	0.00e+00	0.00e+00	0.00e+00
 1.80298e+11	4.30e-35	6.46e-23	7.54e-13	2.12e-05	4.04e-01	5.92e-01	4.37e-03	0.00e+00	0.00e+00	0.00e+00	0.00e+00	0.00e+00
 2.17437e+11	5.99e-35	8.41e-23	9.16e-13	2.40e-05	4.22e-01	5.74e-01	3.91e-03	0.00e+00	0.00e+00	0.00e+00	0.00e+00	0.00e+00
 2.56061e+11	8.32e-35	1.09e-22	1.11e-12	2.70e-05	4.41e-01	5.56e-01	3.49e-03	0.00e+00	0.00e+00	0.00e+00	0.00e+00	0.00e+00
 2.96231e+11	1.15e-34	1.42e-22	1.35e-12	3.05e-05	4.59e-01	5.38e-01	3.11e-03	0.00e+00	0.00e+00	0.00e+00	0.00e+00	0.00e+00
 3.38007e+11	1.59e-34	1.83e-22	1.63e-12	3.43e-05	4.78e-01	5.19e-01	2.76e-03	0.00e+00	0.00e+00	0.00e+00	0.00e+00	0.00e+00
 3.81454e+11	2.20e-34	2.37e-22	1.96e-12	3.85e-05	4.97e-01	5.01e-01	2.45e-03	0.00e+00	0.00e+00	0.00e+00	0.00e+00	0.00e+00
 4.26639e+11	3.02e-34	3.05e-22	2.36e-12	4.32e-05	5.15e-01	4.83e-01	2.18e-03	0.00e+00	0.00e+00	0.00e+00	0.00e+00	0.00e+00
 4.73631e+11	4.14e-34	3.92e-22	2.84e-12	4.84e-05	5.34e-01	4.64e-01	1.93e-03	0.00e+00	0.00e+00	0.00e+00	0.00e+00	0.00e+00
 5.22503e+11	5.66e-34	5.04e-22	3.41e-12	5.41e-05	5.52e-01	4.46e-01	1.71e-03	0.00e+00	0.00e+00	0.00e+00	0.00e+00	0.00e+00
 5.73330e+11	7.71e-34	6.45e-22	4.09e-12	6.04e-05	5.70e-01	4.28e-01	1.51e-03	0.00e+00	0.00e+00	0.00e+00	0.00e+00	0.00e+00
 6.26190e+11	1.05e-33	8.24e-22	4.90e-12	6.73e-05	5.88e-01	4.11e-01	1.33e-03	0.00e+00	0.00e+00	0.00e+00	0.00e+00	0.00e+00
 6.81164e+11	1.42e-33	1.05e-21	5.85e-12	7.50e-05	6.06e-01	3.93e-01	1.17e-03	0.00e+00	0.00e+00	0.00e+00	0.00e+00	0.00e+00
 7.38337e+11	1.92e-33	1.34e-21	6.99e-12	8.34e-05	6.23e-01	3.76e-01	1.03e-03	0.00e+00	0.00e+00	0.00e+00	0.00e+00	0.00e+00
 7.97798e+11	2.60e-33	1.70e-21	8.33e-12	9.27e-05	6.40e-01	3.59e-01	9.04e-04	0.00e+00	0.00e+00	0.00e+00	0.00e+00	0.00e+00
 8.59636e+11	3.49e-33	2.16e-21	9.91e-12	1.03e-04	6.56e-01	3.43e-01	7.94e-04	0.00e+00	0.00e+00	0.00e+00	0.00e+00	0.00e+00
 9.23949e+11	4.69e-33	2.74e-21	1.18e-11	1.14e-04	6.72e-01	3.27e-01	6.95e-04	0.00e+00	0.00e+00	0.00e+00	0.00e+00	0.00e+00
 9.90833e+11	6.28e-33	3.46e-21	1.40e-11	1.26e-04	6.88e-01	3.11e-01	6.09e-04	0.00e+00	0.00e+00	0.00e+00	0.00e+00	0.00e+00
 1.06039e+12	8.39e-33	4.37e-21	1.66e-11	1.39e-04	7.03e-01	2.96e-01	5.32e-04	0.00e+00	0.00e+00	0.00e+00	0.00e+00	0.00e+00
 1.13274e+12	1.12e-32	5.51e-21	1.96e-11	1.54e-04	7.18e-01	2.82e-01	4.65e-04	0.00e+00	0.00e+00	0.00e+00	0.00e+00	0.00e+00
 1.20797e+12	1.49e-32	6.94e-21	2.32e-11	1.70e-04	7.32e-01	2.67e-01	4.05e-04	0.00e+00	0.00e+00	0.00e+00	0.00e+00	0.00e+00
 1.28622e+12	1.97e-32	8.73e-21	2.75e-11	1.87e-04	7.46e-01	2.54e-01	3.53e-04	0.00e+00	0.00e+00	0.00e+00	0.00e+00	0.00e+00
 1.36759e+12	2.61e-32	1.10e-20	3.25e-11	2.06e-04	7.59e-01	2.41e-01	3.08e-04	0.00e+00	0.00e+00	0.00e+00	0.00e+00	0.00e+00
 1.45222e+12	3.45e-32	1.38e-20	3.83e-11	2.27e-04	7.71e-01	2.28e-01	2.68e-04	0.00e+00	0.00e+00	0.00e+00	0.00e+00	0.00e+00
 1.54024e+12	4.55e-32	1.73e-20	4.52e-11	2.50e-04	7.83e-01	2.16e-01	2.33e-04	0.00e+00	0.00e+00	0.00e+00	0.00e+00	0.00e+00
 1.63178e+12	5.99e-32	2.16e-20	5.33e-11	2.75e-04	7.95e-01	2.05e-01	2.02e-04	0.00e+00	0.00e+00	0.00e+00	0.00e+00	0.00e+00
 1.72697e+12	7.88e-32	2.71e-20	6.28e-11	3.02e-04	8.06e-01	1.94e-01	1.75e-04	0.00e+00	0.00e+00	0.00e+00	0.00e+00	0.00e+00
 1.82598e+12	1.03e-31	3.39e-20	7.39e-11	3.31e-04	8.17e-01	1.83e-01	1.52e-04	0.00e+00	0.00e+00	0.00e+00	0.00e+00	0.00e+00
 1.92895e+12	1.35e-31	4.24e-20	8.71e-11	3.63e-04	8.27e-01	1.73e-01	1.32e-04	0.00e+00	0.00e+00	0.00e+00	0.00e+00	0.00e+00
 2.03603e+12	1.78e-31	5.31e-20	1.02e-10	3.98e-04	8.36e-01	1.63e-01	1.14e-04	0.00e+00	0.00e+00	0.00e+00	0.00e+00	0.00e+00
 2.14740e+12	2.32e-31	6.65e-20	1.21e-10	4.37e-04	8.45e-01	1.54e-01	9.85e-05	0.00e+00	0.00e+00	0.00e+00	0.00e+00	0.00e+00
 2.26322e+12	3.04e-31	8.32e-20	1.42e-10	4.78e-04	8.54e-01	1.46e-01	8.52e-05	0.00e+00	0.00e+00	0.00e+00	0.00e+00	0.00e+00
 2.38368e+12	3.99e-31	1.04e-19	1.67e-10	5.24e-04	8.62e-01	1.37e-01	7.36e-05	0.00e+00	0.00e+00	0.00e+00	0.00e+00	0.00e+00
 2.50895e+12	5.19e-31	1.31e-19	1.97e-10	5.74e-04	8.70e-01	1.29e-01	6.35e-05	0.00e+00	0.00e+00	0.00e+00	0.00e+00	0.00e+00
 2.63924e+12	6.77e-31	1.64e-19	2.32e-10	6.28e-04	8.77e-01	1.22e-01	5.48e-05	0.00e+00	0.00e+00	0.00e+00	0.00e+00	0.00e+00
 2.77473e+12	8.85e-31	2.06e-19	2.74e-10	6.87e-04	8.84e-01	1.15e-01	4.73e-05	0.00e+00	0.00e+00	0.00e+00	0.00e+00	0.00e+00
 2.91565e+12	1.16e-30	2.59e-19	3.23e-10	7.52e-04	8.91e-01	1.08e-01	4.07e-05	0.00e+00	0.00e+00	0.00e+00	0.00e+00	0.00e+00
 3.06220e+12	1.51e-30	3.26e-19	3.81e-10	8.22e-04	8.97e-01	1.02e-01	3.51e-05	0.00e+00	0.00e+00	0.00e+00	0.00e+00	0.00e+00
 3.21461e+12	1.98e-30	4.11e-19	4.49e-10	8.99e-04	9.03e-01	9.59e-02	3.02e-05	0.00e+00	0.00e+00	0.00e+00	0.00e+00	0.00e+00
 3.37313e+12	2.59e-30	5.18e-19	5.31e-10	9.83e-04	9.09e-01	9.03e-02	2.60e-05	0.00e+00	0.00e+00	0.00e+00	0.00e+00	0.00e+00
 3.53798e+12	3.41e-30	6.56e-19	6.28e-10	1.08e-03	9.14e-01	8.49e-02	2.23e-05	0.00e+00	0.00e+00	0.00e+00	0.00e+00	0.00e+00
 3.70942e+12	4.48e-30	8.31e-19	7.43e-10	1.18e-03	9.19e-01	7.98e-02	1.92e-05	0.00e+00	0.00e+00	0.00e+00	0.00e+00	0.00e+00
 3.88773e+12	5.90e-30	1.06e-18	8.80e-10	1.29e-03	9.24e-01	7.50e-02	1.65e-05	0.00e+00	0.00e+00	0.00e+00	0.00e+00	0.00e+00
 4.07316e+12	7.78e-30	1.34e-18	1.04e-09	1.41e-03	9.28e-01	7.04e-02	1.41e-05	0.00e+00	0.00e+00	0.00e+00	0.00e+00	0.00e+00
 4.26602e+12	1.03e-29	1.71e-18	1.24e-09	1.54e-03	9.32e-01	6.61e-02	1.21e-05	0.00e+00	0.00e+00	0.00e+00	0.00e+00	0.00e+00
 4.46658e+12	1.37e-29	2.19e-18	1.47e-09	1.68e-03	9.36e-01	6.20e-02	1.04e-05	0.00e+00	0.00e+00	0.00e+00	0.00e+00	0.00e+00
 4.67517e+12	1.82e-29	2.80e-18	1.74e-09	1.84e-03	9.40e-01	5.81e-02	8.88e-06	0.00e+00	0.00e+00	0.00e+00	0.00e+00	0.00e+00
 4.89211e+12	2.43e-29	3.59e-18	2.07e-09	2.01e-03	9.43e-01	5.45e-02	7.60e-06	0.00e+00	0.00e+00	0.00e+00	0.00e+00	0.00e+00
 5.11772e+12	3.25e-29	4.62e-18	2.47e-09	2.20e-03	9.47e-01	5.10e-02	6.49e-06	0.00e+00	0.00e+00	0.00e+00	0.00e+00	0.00e+00
 5.35235e+12	4.37e-29	5.94e-18	2.94e-09	2.40e-03	9.50e-01	4.78e-02	5.55e-06	0.00e+00	0.00e+00	0.00e+00	0.00e+00	0.00e+00
 5.59638e+12	5.90e-29	7.67e-18	3.51e-09	2.63e-03	9.53e-01	4.47e-02	4.73e-06	0.00e+00	0.00e+00	0.00e+00	0.00e+00	0.00e+00
 5.85016e+12	7.99e-29	9.91e-18	4.18e-09	2.87e-03	9.55e-01	4.18e-02	4.04e-06	0.00e+00	0.00e+00	0.00e+00	0.00e+00	0.00e+00
 6.11409e+12	1.09e-28	1.28e-17	4.99e-09	3.14e-03	9.58e-01	3.90e-02	3.44e-06	0.00e+00	0.00e+00	0.00e+00	0.00e+00	0.00e+00
 6.38858e+12	1.48e-28	1.66e-17	5.95e-09	3.43e-03	9.60e-01	3.64e-02	2.93e-06	0.00e+00	0.00e+00	0.00e+00	0.00e+00	0.00e+00
 6.67405e+12	2.03e-28	2.16e-17	7.11e-09	3.75e-03	9.62e-01	3.39e-02	2.49e-06	0.00e+00	0.00e+00	0.00e+00	0.00e+00	0.00e+00
 6.97094e+12	2.79e-28	2.81e-17	8.49e-09	4.10e-03	9.64e-01	3.16e-02	2.12e-06	0.00e+00	0.00e+00	0.00e+00	0.00e+00	0.00e+00
 7.27970e+12	3.85e-28	3.65e-17	1.01e-08	4.49e-03	9.66e-01	2.95e-02	1.80e-06	0.00e+00	0.00e+00	0.00e+00	0.00e+00	0.00e+00
 7.60082e+12	5.33e-28	4.75e-17	1.21e-08	4.90e-03	9.68e-01	2.74e-02	1.53e-06	0.00e+00	0.00e+00	0.00e+00	0.00e+00	0.00e+00
 7.93478e+12	7.39e-28	6.18e-17	1.45e-08	5.36e-03	9.69e-01	2.55e-02	1.30e-06	0.00e+00	0.00e+00	0.00e+00	0.00e+00	0.00e+00
 8.28210e+12	1.03e-27	8.04e-17	1.73e-08	5.85e-03	9.70e-01	2.37e-02	1.10e-06	0.00e+00	0.00e+00	0.00e+00	0.00e+00	0.00e+00
 8.64331e+12	1.43e-27	1.05e-16	2.07e-08	6.40e-03	9.72e-01	2.20e-02	9.32e-07	0.00e+00	0.00e+00	0.00e+00	0.00e+00	0.00e+00
 9.01897e+12	2.01e-27	1.36e-16	2.47e-08	6.99e-03	9.73e-01	2.04e-02	0.00e+00	0.00e+00	0.00e+00	0.00e+00	0.00e+00	0.00e+00
 9.40965e+12	2.81e-27	1.78e-16	2.94e-08	7.63e-03	9.73e-01	1.89e-02	0.00e+00	0.00e+00	0.00e+00	0.00e+00	0.00e+00	0.00e+00
 9.81596e+12	3.94e-27	2.31e-16	3.51e-08	8.33e-03	9.74e-01	1.75e-02	0.00e+00	0.00e+00	0.00e+00	0.00e+00	0.00e+00	0.00e+00
 1.02385e+13	5.53e-27	3.01e-16	4.19e-08	9.09e-03	9.75e-01	1.63e-02	0.00e+00	0.00e+00	0.00e+00	0.00e+00	0.00e+00	0.00e+00
 1.06780e+13	7.77e-27	3.91e-16	4.99e-08	9.91e-03	9.75e-01	1.51e-02	0.00e+00	0.00e+00	0.00e+00	0.00e+00	0.00e+00	0.00e+00
 1.11350e+13	1.09e-26	5.08e-16	5.94e-08	1.08e-02	9.75e-01	1.39e-02	0.00e+00	0.00e+00	0.00e+00	0.00e+00	0.00e+00	0.00e+00
 1.16104e+13	1.53e-26	6.59e-16	7.08e-08	1.18e-02	9.75e-01	1.29e-02	0.00e+00	0.00e+00	0.00e+00	0.00e+00	0.00e+00	0.00e+00
 1.21047e+13	2.16e-26	8.54e-16	8.42e-08	1.28e-02	9.75e-01	1.19e-02	0.00e+00	0.00e+00	0.00e+00	0.00e+00	0.00e+00	0.00e+00
 1.26188e+13	3.03e-26	1.11e-15	1.00e-07	1.40e-02	9.75e-01	1.10e-02	0.00e+00	0.00e+00	0.00e+00	0.00e+00	0.00e+00	0.00e+00
 1.31535e+13	4.25e-26	1.43e-15	1.19e-07	1.52e-02	9.75e-01	1.02e-02	0.00e+00	0.00e+00	0.00e+00	0.00e+00	0.00e+00	0.00e+00
 1.37096e+13	5.97e-26	1.85e-15	1.41e-07	1.66e-02	9.74e-01	9.42e-03	0.00e+00	0.00e+00	0.00e+00	0.00e+00	0.00e+00	0.00e+00
 1.42879e+13	8.37e-26	2.39e-15	1.67e-07	1.80e-02	9.73e-01	8.70e-03	0.00e+00	0.00e+00	0.00e+00	0.00e+00	0.00e+00	0.00e+00
 1.48893e+13	1.17e-25	3.08e-15	1.98e-07	1.96e-02	9.72e-01	8.04e-03	0.00e+00	0.00e+00	0.00e+00	0.00e+00	0.00e+00	0.00e+00
 1.55148e+13	1.64e-25	3.98e-15	2.35e-07	2.13e-02	9.71e-01	7.42e-03	0.00e+00	0.00e+00	0.00e+00	0.00e+00	0.00e+00	0.00e+00
 1.61653e+13	2.29e-25	5.11e-15	2.77e-07	2.32e-02	9.70e-01	6.85e-03	0.00e+00	0.00e+00	0.00e+00	0.00e+00	0.00e+00	0.00e+00
 1.68419e+13	3.20e-25	6.57e-15	3.28e-07	2.51e-02	9.69e-01	6.32e-03	0.00e+00	0.00e+00	0.00e+00	0.00e+00	0.00e+00	0.00e+00
 1.75455e+13	4.47e-25	8.43e-15	3.87e-07	2.73e-02	9.67e-01	5.83e-03	0.00e+00	0.00e+00	0.00e+00	0.00e+00	0.00e+00	0.00e+00
 1.82772e+13	6.21e-25	1.08e-14	4.57e-07	2.96e-02	9.65e-01	5.38e-03	0.00e+00	0.00e+00	0.00e+00	0.00e+00	0.00e+00	0.00e+00
 1.90383e+13	8.64e-25	1.38e-14	5.39e-07	3.21e-02	9.63e-01	4.96e-03	0.00e+00	0.00e+00	0.00e+00	0.00e+00	0.00e+00	0.00e+00
 1.98297e+13	1.20e-24	1.77e-14	6.35e-07	3.47e-02	9.61e-01	4.57e-03	0.00e+00	0.00e+00	0.00e+00	0.00e+00	0.00e+00	0.00e+00
 2.06528e+13	1.66e-24	2.26e-14	7.48e-07	3.76e-02	9.58e-01	4.22e-03	0.00e+00	0.00e+00	0.00e+00	0.00e+00	0.00e+00	0.00e+00
 2.15089e+13	2.31e-24	2.88e-14	8.80e-07	4.07e-02	9.55e-01	3.88e-03	0.00e+00	0.00e+00	0.00e+00	0.00e+00	0.00e+00	0.00e+00
 2.23991e+13	3.19e-24	3.67e-14	1.03e-06	4.41e-02	9.52e-01	3.58e-03	0.00e+00	0.00e+00	0.00e+00	0.00e+00	0.00e+00	0.00e+00
 2.33250e+13	4.41e-24	4.68e-14	1.21e-06	4.77e-02	9.49e-01	3.30e-03	0.00e+00	0.00e+00	0.00e+00	0.00e+00	0.00e+00	0.00e+00
 2.42880e+13	6.09e-24	5.95e-14	1.43e-06	5.15e-02	9.45e-01	3.03e-03	0.00e+00	0.00e+00	0.00e+00	0.00e+00	0.00e+00	0.00e+00
 2.52894e+13	8.40e-24	7.56e-14	1.67e-06	5.57e-02	9.42e-01	2.79e-03	0.00e+00	0.00e+00	0.00e+00	0.00e+00	0.00e+00	0.00e+00
 2.63309e+13	1.16e-23	9.60e-14	1.96e-06	6.01e-02	9.37e-01	2.57e-03	0.00e+00	0.00e+00	0.00e+00	0.00e+00	0.00e+00	0.00e+00
 2.74141e+13	1.59e-23	1.22e-13	2.30e-06	6.49e-02	9.33e-01	2.36e-03	0.00e+00	0.00e+00	0.00e+00	0.00e+00	0.00e+00	0.00e+00
 2.85406e+13	2.19e-23	1.54e-13	2.69e-06	7.00e-02	9.28e-01	2.17e-03	0.00e+00	0.00e+00	0.00e+00	0.00e+00	0.00e+00	0.00e+00
 2.97121e+13	3.00e-23	1.95e-13	3.15e-06	7.54e-02	9.23e-01	2.00e-03	0.00e+00	0.00e+00	0.00e+00	0.00e+00	0.00e+00	0.00e+00
 3.09305e+13	4.12e-23	2.47e-13	3.68e-06	8.13e-02	9.17e-01	1.83e-03	0.00e+00	0.00e+00	0.00e+00	0.00e+00	0.00e+00	0.00e+00
 3.21977e+13	5.63e-23	3.12e-13	4.30e-06	8.75e-02	9.11e-01	1.68e-03	0.00e+00	0.00e+00	0.00e+00	0.00e+00	0.00e+00	0.00e+00
 3.35155e+13	7.71e-23	3.94e-13	5.02e-06	9.42e-02	9.04e-01	1.54e-03	0.00e+00	0.00e+00	0.00e+00	0.00e+00	0.00e+00	0.00e+00
 3.48861e+13	1.05e-22	4.96e-13	5.86e-06	1.01e-01	8.97e-01	1.42e-03	0.00e+00	0.00e+00	0.00e+00	0.00e+00	0.00e+00	0.00e+00
 3.63114e+13	1.44e-22	6.25e-13	6.83e-06	1.09e-01	8.90e-01	1.30e-03	0.00e+00	0.00e+00	0.00e+00	0.00e+00	0.00e+00	0.00e+00
 3.77938e+13	1.96e-22	7.86e-13	7.96e-06	1.17e-01	8.82e-01	1.19e-03	0.00e+00	0.00e+00	0.00e+00	0.00e+00	0.00e+00	0.00e+00
 3.93355e+13	2.67e-22	9.88e-13	9.27e-06	1.26e-01	8.73e-01	1.09e-03	0.00e+00	0.00e+00	0.00e+00	0.00e+00	0.00e+00	0.00e+00
 4.09388e+13	3.63e-22	1.24e-12	1.08e-05	1.35e-01	8.64e-01	9.96e-04	0.00e+00	0.00e+00	0.00e+00	0.00e+00	0.00e+00	0.00e+00
 4.26063e+13	4.93e-22	1.56e-12	1.25e-05	1.44e-01	8.55e-01	9.10e-04	0.00e+00	0.00e+00	0.00e+00	0.00e+00	0.00e+00	0.00e+00
 4.43405e+13	6.70e-22	1.95e-12	1.45e-05	1.54e-01	8.45e-01	8.31e-04	0.00e+00	0.00e+00	0.00e+00	0.00e+00	0.00e+00	0.00e+00
 4.61441e+13	9.08e-22	2.44e-12	1.69e-05	1.65e-01	8.34e-01	7.58e-04	0.00e+00	0.00e+00	0.00e+00	0.00e+00	0.00e+00	0.00e+00
 4.80197e+13	1.23e-21	3.05e-12	1.95e-05	1.77e-01	8.23e-01	6.92e-04	0.00e+00	0.00e+00	0.00e+00	0.00e+00	0.00e+00	0.00e+00
 4.99705e+13	1.66e-21	3.81e-12	2.26e-05	1.89e-01	8.11e-01	6.30e-04	0.00e+00	0.00e+00	0.00e+00	0.00e+00	0.00e+00	0.00e+00
 5.19992e+13	2.25e-21	4.76e-12	2.62e-05	2.01e-01	7.98e-01	5.73e-04	0.00e+00	0.00e+00	0.00e+00	0.00e+00	0.00e+00	0.00e+00
 5.41091e+13	3.04e-21	5.93e-12	3.02e-05	2.14e-01	7.85e-01	5.21e-04	0.00e+00	0.00e+00	0.00e+00	0.00e+00	0.00e+00	0.00e+00
 5.63034e+13	4.10e-21	7.38e-12	3.49e-05	2.28e-01	7.71e-01	4.73e-04	0.00e+00	0.00e+00	0.00e+00	0.00e+00	0.00e+00	0.00e+00
 5.85854e+13	5.50e-21	9.15e-12	4.02e-05	2.43e-01	7.57e-01	4.29e-04	0.00e+00	0.00e+00	0.00e+00	0.00e+00	0.00e+00	0.00e+00
 6.09588e+13	7.44e-21	1.14e-11	4.63e-05	2.58e-01	7.42e-01	3.89e-04	0.00e+00	0.00e+00	0.00e+00	0.00e+00	0.00e+00	0.00e+00
 6.34271e+13	9.97e-21	1.41e-11	5.33e-05	2.74e-01	7.26e-01	3.51e-04	0.00e+00	0.00e+00	0.00e+00	0.00e+00	0.00e+00	0.00e+00
 6.59941e+13	1.34e-20	1.76e-11	6.12e-05	2.90e-01	7.10e-01	3.18e-04	0.00e+00	0.00e+00	0.00e+00	0.00e+00	0.00e+00	0.00e+00
 6.86638e+13	1.80e-20	2.17e-11	7.02e-05	3.07e-01	6.93e-01	2.86e-04	0.00e+00	0.00e+00	0.00e+00	0.00e+00	0.00e+00	0.00e+00
 7.14402e+13	2.42e-20	2.69e-11	8.04e-05	3.24e-01	6.76e-01	2.58e-04	0.00e+00	0.00e+00	0.00e+00	0.00e+00	0.00e+00	0.00e+00
 7.43278e+13	3.23e-20	3.31e-11	9.20e-05	3.42e-01	6.58e-01	2.32e-04	0.00e+00	0.00e+00	0.00e+00	0.00e+00	0.00e+00	0.00e+00
 7.73308e+13	4.33e-20	4.10e-11	1.05e-04	3.60e-01	6.39e-01	2.09e-04	0.00e+00	0.00e+00	0.00e+00	0.00e+00	0.00e+00	0.00e+00
 8.04540e+13	5.78e-20	5.05e-11	1.20e-04	3.79e-01	6.21e-01	1.87e-04	0.00e+00	0.00e+00	0.00e+00	0.00e+00	0.00e+00	0.00e+00
 8.37021e+13	7.67e-20	6.19e-11	1.36e-04	3.98e-01	6.02e-01	1.68e-04	0.00e+00	0.00e+00	0.00e+00	0.00e+00	0.00e+00	0.00e+00
 8.70801e+13	1.02e-19	7.61e-11	1.55e-04	4.17e-01	5.82e-01	1.50e-04	0.00e+00	0.00e+00	0.00e+00	0.00e+00	0.00e+00	0.00e+00
 9.05932e+13	1.35e-19	9.32e-11	1.76e-04	4.37e-01	5.63e-01	1.34e-04	0.00e+00	0.00e+00	0.00e+00	0.00e+00	0.00e+00	0.00e+00
 9.42469e+13	1.79e-19	1.14e-10	1.99e-04	4.57e-01	5.43e-01	1.19e-04	0.00e+00	0.00e+00	0.00e+00	0.00e+00	0.00e+00	0.00e+00
 9.80467e+13	2.36e-19	1.39e-10	2.25e-04	4.76e-01	5.23e-01	1.06e-04	0.00e+00	0.00e+00	0.00e+00	0.00e+00	0.00e+00	0.00e+00
 1.01998e+14	3.11e-19	1.69e-10	2.53e-04	4.96e-01	5.03e-01	9.45e-05	0.00e+00	0.00e+00	0.00e+00	0.00e+00	0.00e+00	0.00e+00
 1.06108e+14	4.09e-19	2.05e-10	2.85e-04	5.16e-01	4.84e-01	8.39e-05	0.00e+00	0.00e+00	0.00e+00	0.00e+00	0.00e+00	0.00e+00
 1.10383e+14	5.36e-19	2.49e-10	3.20e-04	5.36e-01	4.64e-01	7.44e-05	0.00e+00	0.00e+00	0.00e+00	0.00e+00	0.00e+00	0.00e+00
 1.14828e+14	7.02e-19	3.01e-10	3.59e-04	5.55e-01	4.44e-01	6.58e-05	0.00e+00	0.00e+00	0.00e+00	0.00e+00	0.00e+00	0.00e+00
 1.19451e+14	9.18e-19	3.64e-10	4.03e-04	5.75e-01	4.25e-01	5.82e-05	0.00e+00	0.00e+00	0.00e+00	0.00e+00	0.00e+00	0.00e+00
 1.24259e+14	1.20e-18	4.39e-10	4.50e-04	5.94e-01	4.06e-01	5.13e-05	0.00e+00	0.00e+00	0.00e+00	0.00e+00	0.00e+00	0.00e+00
 1.29259e+14	1.56e-18	5.29e-10	5.03e-04	6.13e-01	3.87e-01	4.52e-05	0.00e+00	0.00e+00	0.00e+00	0.00e+00	0.00e+00	0.00e+00
 1.34459e+14	2.03e-18	6.35e-10	5.61e-04	6.31e-01	3.68e-01	3.98e-05	0.00e+00	0.00e+00	0.00e+00	0.00e+00	0.00e+00	0.00e+00
 1.39868e+14	2.65e-18	7.65e-10	6.24e-04	6.49e-01	3.50e-01	3.49e-05	0.00e+00	0.00e+00	0.00e+00	0.00e+00	0.00e+00	0.00e+00
 1.45492e+14	3.43e-18	9.17e-10	6.94e-04	6.67e-01	3.32e-01	3.06e-05	0.00e+00	0.00e+00	0.00e+00	0.00e+00	0.00e+00	0.00e+00
 1.51342e+14	4.45e-18	1.10e-09	7.70e-04	6.84e-01	3.15e-01	2.68e-05	0.00e+00	0.00e+00	0.00e+00	0.00e+00	0.00e+00	0.00e+00
 1.57426e+14	5.76e-18	1.32e-09	8.54e-04	7.01e-01	2.98e-01	2.34e-05	0.00e+00	0.00e+00	0.00e+00	0.00e+00	0.00e+00	0.00e+00
 1.63752e+14	7.46e-18	1.58e-09	9.45e-04	7.17e-01	2.82e-01	2.05e-05	0.00e+00	0.00e+00	0.00e+00	0.00e+00	0.00e+00	0.00e+00
 1.70333e+14	9.63e-18	1.88e-09	1.04e-03	7.33e-01	2.66e-01	1.79e-05	0.00e+00	0.00e+00	0.00e+00	0.00e+00	0.00e+00	0.00e+00
 1.77176e+14	1.24e-17	2.24e-09	1.15e-03	7.48e-01	2.51e-01	1.56e-05	0.00e+00	0.00e+00	0.00e+00	0.00e+00	0.00e+00	0.00e+00
 1.84293e+14	1.60e-17	2.67e-09	1.27e-03	7.62e-01	2.36e-01	1.36e-05	0.00e+00	0.00e+00	0.00e+00	0.00e+00	0.00e+00	0.00e+00
 1.91694e+14	2.05e-17	3.17e-09	1.40e-03	7.76e-01	2.22e-01	1.18e-05	0.00e+00	0.00e+00	0.00e+00	0.00e+00	0.00e+00	0.00e+00
 1.99392e+14	2.63e-17	3.77e-09	1.54e-03	7.89e-01	2.09e-01	1.02e-05	0.00e+00	0.00e+00	0.00e+00	1.50e-17	8.18e-18	3.18e-18
 2.07398e+14	3.38e-17	4.48e-09	1.69e-03	8.02e-01	1.96e-01	8.87e-06	0.00e+00	0.00e+00	0.00e+00	1.89e-17	1.12e-17	3.74e-18
 2.15251e+14	4.28e-17	5.25e-09	1.85e-03	8.13e-01	1.85e-01	7.75e-06	0.00e+00	0.00e+00	0.00e+00	2.38e-17	1.42e-17	4.72e-18
 2.22712e+14	5.30e-17	6.09e-09	2.00e-03	8.23e-01	1.75e-01	6.83e-06	0.00e+00	0.00e+00	0.00e+00	2.95e-17	1.76e-17	5.86e-18
 2.30944e+14	6.66e-17	7.12e-09	2.18e-03	8.34e-01	1.64e-01	5.98e-06	0.00e+00	0.00e+00	0.00e+00	3.71e-17	2.21e-17	7.36e-18
 2.40211e+14	8.53e-17	8.42e-09	2.39e-03	8.44e-01	1.54e-01	5.16e-06	0.00e+00	0.00e+00	0.00e+00	4.75e-17	2.83e-17	9.42e-18
 2.49312e+14	1.08e-16	9.88e-09	2.60e-03	8.53e-01	1.44e-01	4.49e-06	0.00e+00	0.00e+00	0.00e+00	6.00e-17	3.57e-17	1.19e-17
 2.58056e+14	1.33e-16	1.14e-08	2.81e-03	8.61e-01	1.36e-01	3.95e-06	0.00e+00	0.00e+00	0.00e+00	7.44e-17	4.43e-17	1.47e-17
 2.67688e+14	1.68e-16	1.34e-08	3.06e-03	8.70e-01	1.27e-01	3.44e-06	0.00e+00	0.00e+00	0.00e+00	9.35e-17	5.57e-17	1.85e-17
 2.78425e+14	2.14e-16	1.58e-08	3.34e-03	8.78e-01	1.19e-01	2.96e-06	0.00e+00	0.00e+00	0.00e+00	1.19e-16	7.11e-17	2.37e-17
 2.89040e+14	2.70e-16	1.85e-08	3.63e-03	8.85e-01	1.11e-01	2.56e-06	0.00e+00	0.00e+00	0.00e+00	1.51e-16	8.97e-17	2.99e-17
 2.99314e+14	3.35e-16	2.14e-08	3.92e-03	8.92e-01	1.04e-01	2.24e-06	0.00e+00	0.00e+00	0.00e+00	1.87e-16	1.11e-16	3.71e-17
 3.10552e+14	4.21e-16	2.50e-08	4.26e-03	8.98e-01	9.73e-02	1.94e-06	0.00e+00	0.00e+00	0.00e+00	2.35e-16	1.40e-16	4.66e-17
 3.23004e+14	5.37e-16	2.94e-08	4.64e-03	9.05e-01	9.05e-02	1.67e-06	0.00e+00	0.00e+00	0.00e+00	3.00e-16	1.78e-16	5.94e-17
 3.35412e+14	6.78e-16	3.44e-08	5.04e-03	9.11e-01	8.43e-02	1.44e-06	0.00e+00	0.00e+00	0.00e+00	3.78e-16	2.25e-16	7.49e-17
 3.48316e+14	8.56e-16	4.03e-08	5.47e-03	9.16e-01	7.85e-02	1.24e-06	0.00e+00	0.00e+00	0.00e+00	4.77e-16	2.84e-16	9.46e-17
 3.62279e+14	1.09e-15	4.75e-08	5.95e-03	9.21e-01	7.29e-02	1.06e-06	0.00e+00	0.00e+00	0.00e+00	6.07e-16	3.62e-16	1.20e-16
 3.76449e+14	1.38e-15	5.57e-08	6.46e-03	9.26e-01	6.77e-02	9.14e-07	0.00e+00	0.00e+00	0.00e+00	7.70e-16	4.59e-16	1.53e-16
 3.90509e+14	1.73e-15	6.48e-08	6.99e-03	9.30e-01	6.31e-02	0.00e+00	0.00e+00	0.00e+00	0.00e+00	9.62e-16	5.73e-16	1.91e-16
 4.05482e+14	2.18e-15	7.57e-08	7.57e-03	9.34e-01	5.87e-02	0.00e+00	0.00e+00	0.00e+00	0.00e+00	1.21e-15	7.23e-16	2.41e-16
 4.21731e+14	2.77e-15	8.91e-08	8.23e-03	9.37e-01	5.43e-02	0.00e+00	0.00e+00	0.00e+00	0.00e+00	1.54e-15	9.20e-16	3.06e-16
 4.38630e+14	3.53e-15	1.05e-07	8.95e-03	9.41e-01	5.03e-02	0.00e+00	0.00e+00	0.00e+00	0.00e+00	1.97e-15	1.17e-15	3.90e-16
 4.56205e+14	4.48e-15	1.23e-07	9.72e-03	9.44e-01	4.65e-02	0.00e+00	0.00e+00	0.00e+00	0.00e+00	2.50e-15	1.49e-15	4.95e-16
 4.74483e+14	5.71e-15	1.45e-07	1.06e-02	9.46e-01	4.30e-02	0.00e+00	0.00e+00	0.00e+00	0.00e+00	3.18e-15	1.89e-15	6.31e-16
 4.93493e+14	7.26e-15	1.70e-07	1.15e-02	9.49e-01	3.97e-02	0.00e+00	0.00e+00	0.00e+00	0.00e+00	4.05e-15	2.41e-15	8.02e-16
 5.13262e+14	9.23e-15	2.00e-07	1.25e-02	9.51e-01	3.67e-02	0.00e+00	0.00e+00	0.00e+00	0.00e+00	5.15e-15	3.06e-15	1.02e-15
 5.33823e+14	1.17e-14	2.35e-07	1.35e-02	9.53e-01	3.39e-02	0.00e+00	0.00e+00	0.00e+00	0.00e+00	6.55e-15	3.90e-15	1.30e-15
 5.55205e+14	1.50e-14	2.77e-07	1.47e-02	9.54e-01	3.13e-02	0.00e+00	0.00e+00	0.00e+00	0.00e+00	8.34e-15	4.96e-15	1.65e-15
 5.77444e+14	1.90e-14	3.25e-07	1.59e-02	9.55e-01	2.88e-02	0.00e+00	0.00e+00	0.00e+00	0.00e+00	1.06e-14	6.31e-15	2.10e-15
 6.00571e+14	2.42e-14	3.82e-07	1.73e-02	9.56e-01	2.66e-02	0.00e+00	0.00e+00	0.00e+00	0.00e+00	1.35e-14	8.03e-15	2.68e-15
 6.24624e+14	3.09e-14	4.50e-07	1.88e-02	9.57e-01	2.45e-02	0.00e+00	0.00e+00	0.00e+00	0.00e+00	1.72e-14	1.02e-14	3.41e-15
 6.49639e+14	3.93e-14	5.29e-07	2.04e-02	9.57e-01	2.25e-02	0.00e+00	0.00e+00	0.00e+00	0.00e+00	2.19e-14	1.30e-14	4.34e-15
 6.75654e+14	5.01e-14	6.23e-07	2.22e-02	9.57e-01	2.07e-02	0.00e+00	0.00e+00	0.00e+00	0.00e+00	2.79e-14	1.66e-14	5.54e-15
 7.02711e+14	6.37e-14	7.32e-07	2.40e-02	9.57e-01	1.91e-02	0.00e+00	0.00e+00	0.00e+00	0.00e+00	3.55e-14	2.11e-14	7.04e-15
 7.30849e+14	8.12e-14	8.62e-07	2.61e-02	9.56e-01	1.75e-02	0.00e+00	0.00e+00	0.00e+00	0.00e+00	4.53e-14	2.69e-14	8.98e-15
 7.60113e+14	1.04e-13	1.01e-06	2.84e-02	9.56e-01	1.61e-02	0.00e+00	0.00e+00	0.00e+00	0.00e+00	5.78e-14	3.43e-14	1.14e-14
 7.90547e+14	1.32e-13	1.20e-06	3.08e-02	9.54e-01	1.47e-02	0.00e+00	0.00e+00	0.00e+00	0.00e+00	7.38e-14	4.39e-14	1.46e-14
 8.22199e+14	1.69e-13	1.41e-06	3.35e-02	9.53e-01	1.35e-02	0.00e+00	0.00e+00	0.00e+00	0.00e+00	9.41e-14	5.59e-14	1.86e-14
 8.55117e+14	2.16e-13	1.66e-06	3.64e-02	9.51e-01	1.24e-02	0.00e+00	0.00e+00	0.00e+00	0.00e+00	1.20e-13	7.14e-14	2.38e-14
 8.89351e+14	2.75e-13	1.96e-06	3.96e-02	9.49e-01	1.13e-02	0.00e+00	0.00e+00	0.00e+00	0.00e+00	1.53e-13	9.10e-14	3.04e-14
 9.24955e+14	3.52e-13	2.31e-06	4.31e-02	9.47e-01	1.03e-02	0.00e+00	0.00e+00	0.00e+00	0.00e+00	1.97e-13	1.17e-13	3.89e-14
 9.61984e+14	4.51e-13	2.73e-06	4.69e-02	9.44e-01	9.45e-03	0.00e+00	0.00e+00	0.00e+00	0.00e+00	2.52e-13	1.49e-13	4.98e-14
 1.00049e+15	5.77e-13	3.23e-06	5.11e-02	9.40e-01	8.61e-03	0.00e+00	0.00e+00	0.00e+00	0.00e+00	3.22e-13	1.91e-13	6.38e-14
 1.04054e+15	7.41e-13	3.82e-06	5.57e-02	9.36e-01	7.84e-03	0.00e+00	0.00e+00	0.00e+00	0.00e+00	4.14e-13	2.45e-13	8.19e-14
 1.08219e+15	9.53e-13	4.54e-06	6.08e-02	9.32e-01	7.13e-03	0.00e+00	0.00e+00	0.00e+00	0.00e+00	5.32e-13	3.15e-13	1.05e-13
 1.12551e+15	1.22e-12	5.37e-06	6.63e-02	9.27e-01	6.48e-03	0.00e+00	0.00e+00	0.00e+00	0.00e+00	6.84e-13	4.04e-13	1.35e-13
 1.17056e+15	1.58e-12	6.40e-06	7.26e-02	9.22e-01	5.86e-03	0.00e+00	0.00e+00	0.00e+00	0.00e+00	8.84e-13	5.22e-13	1.75e-13
 1.21741e+15	2.04e-12	7.62e-06	7.95e-02	9.15e-01	5.30e-03	0.00e+00	0.00e+00	0.00e+00	0.00e+00	1.14e-12	6.72e-13	2.25e-13
 1.26614e+15	2.64e-12	9.10e-06	8.72e-02	9.08e-01	4.78e-03	0.00e+00	0.00e+00	0.00e+00	0.00e+00	1.48e-12	8.71e-13	2.92e-13
 1.31682e+15	3.41e-12	1.09e-05	9.58e-02	9.00e-01	4.30e-03	0.00e+00	0.00e+00	0.00e+00	0.00e+00	1.91e-12	1.12e-12	3.77e-13
 1.36952e+15	4.45e-12	1.30e-05	1.06e-01	8.91e-01	3.86e-03	0.00e+00	0.00e+00	0.00e+00	0.00e+00	2.49e-12	1.46e-12	4.91e-13
 1.42433e+15	5.79e-12	1.57e-05	1.17e-01	8.80e-01	3.44e-03	0.00e+00	0.00e+00	0.00e+00	0.00e+00	3.25e-12	1.91e-12	6.40e-13
 1.48133e+15	7.60e-12	1.89e-05	1.29e-01	8.68e-01	3.06e-03	0.00e+00	0.00e+00	0.00e+00	0.00e+00	4.26e-12	2.50e-12	8.39e-13
 1.54062e+15	1.00e-11	2.30e-05	1.44e-01	8.54e-01	2.71e-03	0.00e+00	0.00e+00	0.00e+00	0.00e+00	5.62e-12	3.29e-12	1.11e-12
 1.60227e+15	1.32e-11	2.80e-05	1.60e-01	8.37e-01	2.38e-03	0.00e+00	0.00e+00	0.00e+00	0.00e+00	7.43e-12	4.34e-12	1.46e-12
 1.66639e+15	1.77e-11	3.45e-05	1.80e-01	8.18e-01	2.07e-03	0.00e+00	0.00e+00	0.00e+00	0.00e+00	9.93e-12	5.80e-12	1.95e-12
 1.73308e+15	2.38e-11	4.28e-05	2.03e-01	7.95e-01	1.79e-03	0.00e+00	0.00e+00	0.00e+00	0.00e+00	1.34e-11	7.78e-12	2.62e-12
 1.80009e+15	3.19e-11	5.30e-05	2.30e-01	7.68e-01	1.53e-03	0.00e+00	0.00e+00	0.00e+00	0.00e+00	1.79e-11	1.04e-11	3.51e-12
 1.86375e+15	4.21e-11	6.50e-05	2.59e-01	7.39e-01	1.31e-03	0.00e+00	0.00e+00	0.00e+00	0.00e+00	2.37e-11	1.37e-11	4.63e-12
 1.92296e+15	5.44e-11	7.87e-05	2.91e-01	7.08e-01	1.12e-03	0.00e+00	0.00e+00	0.00e+00	0.00e+00	3.06e-11	1.77e-11	5.99e-12
 1.97875e+15	6.94e-11	9.46e-05	3.25e-01	6.74e-01	9.50e-04	0.00e+00	0.00e+00	0.00e+00	0.00e+00	3.91e-11	2.26e-11	7.63e-12
 2.03192e+15	8.77e-11	1.13e-04	3.63e-01	6.36e-01	8.03e-04	0.00e+00	0.00e+00	0.00e+00	0.00e+00	4.94e-11	2.85e-11	9.63e-12
 2.08229e+15	1.09e-10	1.34e-04	4.04e-01	5.95e-01	6.73e-04	0.00e+00	0.00e+00	0.00e+00	0.00e+00	6.18e-11	3.55e-11	1.20e-11
 2.12953e+15	1.35e-10	1.58e-04	4.47e-01	5.52e-01	5.59e-04	0.00e+00	0.00e+00	0.00e+00	0.00e+00	7.61e-11	4.37e-11	1.48e-11
 2.17367e+15	1.64e-10	1.84e-04	4.93e-01	5.06e-01	4.59e-04	0.00e+00	0.00e+00	0.00e+00	0.00e+00	9.26e-11	5.31e-11	1.80e-11
 2.21517e+15	1.96e-10	2.13e-04	5.41e-01	4.59e-01	3.72e-04	0.00e+00	0.00e+00	0.00e+00	0.00e+00	1.11e-10	6.36e-11	2.15e-11
 2.25451e+15	2.33e-10	2.44e-04	5.90e-01	4.09e-01	2.96e-04	0.00e+00	0.00e+00	0.00e+00	0.00e+00	1.32e-10	7.53e-11	2.55e-11
 2.29213e+15	2.73e-10	2.77e-04	6.41e-01	3.58e-01	2.30e-04	0.00e+00	0.00e+00	0.00e+00	0.00e+00	1.55e-10	8.82e-11	2.99e-11
 2.32846e+15	3.17e-10	3.13e-04	6.93e-01	3.07e-01	1.74e-04	0.00e+00	0.00e+00	0.00e+00	0.00e+00	1.80e-10	1.02e-10	3.47e-11
 2.36406e+15	3.63e-10	3.50e-04	7.44e-01	2.56e-01	1.27e-04	0.00e+00	0.00e+00	0.00e+00	0.00e+00	2.06e-10	1.17e-10	3.97e-11
 2.40479e+15	4.22e-10	3.95e-04	8.01e-01	1.98e-01	8.33e-05	0.00e+00	0.00e+00	0.00e+00	0.00e+00	2.39e-10	1.36e-10	4.61e-11
 2.44905e+15	4.88e-10	4.43e-04	8.56e-01	1.43e-01	4.93e-05	0.00e+00	0.00e+00	0.00e+00	0.00e+00	2.78e-10	1.57e-10	5.33e-11
 2.49105e+15	5.49e-10	4.86e-04	9.00e-01	9.96e-02	2.77e-05	0.00e+00	0.00e+00	0.00e+00	0.00e+00	3.12e-10	1.77e-10	5.99e-11
 2.53881e+15	6.20e-10	5.31e-04	9.37e-01	6.26e-02	1.34e-05	0.00e+00	0.00e+00	0.00e+00	0.00e+00	3.53e-10	1.99e-10	6.76e-11
 2.60090e+15	7.10e-10	5.79e-04	9.66e-01	3.33e-02	4.94e-06	0.00e+00	0.00e+00	0.00e+00	0.00e+00	4.04e-10	2.28e-10	7.73e-11
 2.68161e+15	8.22e-10	6.31e-04	9.84e-01	1.52e-02	1.38e-06	0.00e+00	0.00e+00	0.00e+00	0.00e+00	4.69e-10	2.63e-10	8.95e-11
 2.78179e+15	9.80e-10	6.88e-04	9.92e-01	7.01e-03	3.47e-07	0.00e+00	0.00e+00	0.00e+00	0.00e+00	5.60e-10	3.13e-10	1.07e-10
 2.89309e+15	1.14e-09	7.47e-04	9.95e-01	4.10e-03	0.00e+00	0.00e+00	0.00e+00	0.00e+00	0.00e+00	6.51e-10	3.63e-10	1.24e-10
 3.00884e+15	1.33e-09	8.08e-04	9.96e-01	3.09e-03	0.00e+00	0.00e+00	0.00e+00	0.00e+00	0.00e+00	7.63e-10	4.23e-10	1.45e-10
 3.12922e+15	1.56e-09	8.75e-04	9.97e-01	2.60e-03	0.00e+00	0.00e+00	0.00e+00	0.00e+00	0.00e+00	8.96e-10	4.95e-10	1.69e-10
 3.25442e+15	1.87e-09	9.47e-04	9.97e-01	2.32e-03	0.00e+00	0.00e+00	0.00e+00	0.00e+00	0.00e+00	1.07e-09	5.90e-10	2.02e-10
 3.36212e+15	2.08e-09	1.01e-03	9.97e-01	2.14e-03	0.00e+00	0.00e+00	0.00e+00	0.00e+00	0.00e+00	1.20e-09	6.57e-10	2.25e-10
 3.46302e+15	2.35e-09	1.07e-03	9.97e-01	1.99e-03	0.00e+00	0.00e+00	0.00e+00	0.00e+00	0.00e+00	1.35e-09	7.39e-10	2.54e-10
 3.59046e+15	2.71e-09	1.15e-03	9.97e-01	1.84e-03	0.00e+00	0.00e+00	0.00e+00	0.00e+00	0.00e+00	1.57e-09	8.53e-10	2.93e-10
 3.73411e+15	3.18e-09	1.24e-03	9.97e-01	1.69e-03	0.00e+00	0.00e+00	0.00e+00	0.00e+00	0.00e+00	1.84e-09	9.96e-10	3.43e-10
 3.88351e+15	3.72e-09	1.35e-03	9.97e-01	1.55e-03	0.00e+00	0.00e+00	0.00e+00	0.00e+00	0.00e+00	2.15e-09	1.16e-09	4.01e-10
 4.03888e+15	4.47e-09	1.46e-03	9.97e-01	1.42e-03	0.00e+00	0.00e+00	0.00e+00	0.00e+00	0.00e+00	2.59e-09	1.39e-09	4.81e-10
 4.17120e+15	5.09e-09	1.55e-03	9.97e-01	1.32e-03	0.00e+00	0.00e+00	0.00e+00	0.00e+00	0.00e+00	2.95e-09	1.59e-09	5.48e-10
 4.29338e+15	5.73e-09	1.64e-03	9.97e-01	1.24e-03	0.00e+00	0.00e+00	0.00e+00	0.00e+00	0.00e+00	3.32e-09	1.78e-09	6.16e-10
 4.44970e+15	6.63e-09	1.77e-03	9.97e-01	1.14e-03	0.00e+00	0.00e+00	0.00e+00	0.00e+00	0.00e+00	3.85e-09	2.06e-09	7.13e-10
 4.62772e+15	7.79e-09	1.91e-03	9.97e-01	1.05e-03	0.00e+00	0.00e+00	0.00e+00	0.00e+00	0.00e+00	4.52e-09	2.42e-09	8.38e-10
 4.81286e+15	9.15e-09	2.07e-03	9.97e-01	9.56e-04	0.00e+00	0.00e+00	0.00e+00	0.00e+00	0.00e+00	5.31e-09	2.84e-09	9.83e-10
 5.00540e+15	1.07e-08	2.24e-03	9.97e-01	8.74e-04	0.00e+00	0.00e+00	0.00e+00	0.00e+00	0.00e+00	6.24e-09	3.34e-09	1.16e-09
 5.20565e+15	1.26e-08	2.42e-03	9.97e-01	7.99e-04	0.00e+00	0.00e+00	0.00e+00	0.00e+00	0.00e+00	7.34e-09	3.92e-09	1.36e-09
 5.41391e+15	1.48e-08	2.62e-03	9.97e-01	7.30e-04	0.00e+00	0.00e+00	0.00e+00	0.00e+00	0.00e+00	8.63e-09	4.60e-09	1.59e-09
 5.63049e+15	1.74e-08	2.83e-03	9.97e-01	6.66e-04	0.00e+00	0.00e+00	0.00e+00	0.00e+00	0.00e+00	1.01e-08	5.41e-09	1.87e-09
 5.85574e+15	2.05e-08	3.07e-03	9.96e-01	6.07e-04	0.00e+00	0.00e+00	0.00e+00	0.00e+00	0.00e+00	1.19e-08	6.36e-09	2.20e-09
 6.09000e+15	2.41e-08	3.32e-03	9.96e-01	5.53e-04	0.00e+00	0.00e+00	0.00e+00	0.00e+00	0.00e+00	1.40e-08	7.48e-09	2.59e-09
 6.33363e+15	2.84e-08	3.59e-03	9.96e-01	5.04e-04	0.00e+00	0.00e+00	0.00e+00	0.00e+00	0.00e+00	1.65e-08	8.80e-09	3.05e-09
 6.58701e+15	3.35e-08	3.89e-03	9.96e-01	4.58e-04	0.00e+00	0.00e+00	0.00e+00	0.00e+00	0.00e+00	1.95e-08	1.04e-08	3.59e-09
 6.85052e+15	3.95e-08	4.22e-03	9.95e-01	4.17e-04	0.00e+00	0.00e+00	0.00e+00	0.00e+00	0.00e+00	2.30e-08	1.22e-08	4.24e-09
 7.12457e+15	4.66e-08	4.57e-03	9.95e-01	3.78e-04	0.00e+00	0.00e+00	0.00e+00	0.00e+00	0.00e+00	2.71e-08	1.44e-08	4.99e-09
 7.40958e+15	5.50e-08	4.95e-03	9.95e-01	3.43e-04	0.00e+00	0.00e+00	0.00e+00	0.00e+00	0.00e+00	3.20e-08	1.70e-08	5.90e-09
 7.70599e+15	6.49e-08	5.36e-03	9.94e-01	3.11e-04	0.00e+00	0.00e+00	0.00e+00	0.00e+00	0.00e+00	3.78e-08	2.01e-08	6.96e-09
 8.01426e+15	7.67e-08	5.81e-03	9.94e-01	2.82e-04	0.00e+00	0.00e+00	0.00e+00	0.00e+00	0.00e+00	4.47e-08	2.37e-08	8.22e-09
 8.33486e+15	9.07e-08	6.30e-03	9.93e-01	2.55e-04	0.00e+00	0.00e+00	0.00e+00	0.00e+00	0.00e+00	5.28e-08	2.80e-08	9.72e-09
