#depth	C	C+	C+2	C+3	C+4	C+5	C+6	C[1]	C[2]	C[3]	C+[1]	C+[2]	CO
 1.49634e+10	0.00e+00	1.09e-24	1.96e-14	4.59e-07	1.00e+00	0.00e+00	0.00e+00	0.00e+00	0.00e+00	0.00e+00	0.00e+00	0.00e+00	6.85e-142
 4.54887e+10	7.69e-37	1.38e-24	2.29e-14	4.98e-07	1.00e+00	2.77e-07	0.00e+00	0.00e+00	0.00e+00	0.00e+00	0.00e+00	0.00e+00	1.32e-93
 7.72350e+10	0.00e+00	1.74e-24	2.68e-14	5.40e-07	1.00e+00	0.00e+00	0.00e+00	0.00e+00	0.00e+00	0.00e+00	0.00e+00	0.00e+00	5.58e-141
 1.10251e+11	1.41e-36	2.19e-24	3.14e-14	5.86e-07	1.00e+00	0.00e+00	0.00e+00	0.00e+00	0.00e+00	0.00e+00	0.00e+00	0.00e+00	5.60e-93
 1.44588e+11	0.00e+00	2.75e-24	3.68e-14	6.36e-07	1.00e+00	0.00e+00	0.00e+00	0.00e+00	0.00e+00	0.00e+00	0.00e+00	0.00e+00	4.49e-123
 1.80298e+11	2.59e-36	3.47e-24	4.32e-14	6.90e-07	1.00e+00	0.00e+00	0.00e+00	0.00e+00	0.00e+00	0.00e+00	0.00e+00	0.00e+00	2.34e-92
 2.17437e+11	0.00e+00	4.36e-24	5.06e-14	7.49e-07	1.00e+00	0.00e+00	0.00e+00	0.00e+00	0.00e+00	0.00e+00	0.00e+00	0.00e+00	5.28e-93
 2.56061e+11	4.74e-36	5.49e-24	5.93e-14	8.13e-07	1.00e+00	0.00e+00	0.00e+00	0.00e+00	0.00e+00	0.00e+00	0.00e+00	0.00e+00	9.68e-92
 2.96231e+11	0.00e+00	6.91e-24	6.94e-14	8.83e-07	1.00e+00	0.00e+00	0.00e+00	0.00e+00	0.00e+00	0.00e+00	0.00e+00	0.00e+00	2.13e-92
 3.38007e+11	8.64e-36	8.68e-24	8.14e-14	9.59e-07	1.00e+00	0.00e+00	0.00e+00	0.00e+00	0.00e+00	0.00e+00	0.00e+00	0.00e+00	3.95e-91
 3.81454e+11	0.00e+00	1.09e-23	9.54e-14	1.04e-06	1.00e+00	0.00e+00	0.00e+00	0.00e+00	0.00e+00	0.00e+00	0.00e+00	0.00e+00	8.52e-92
 4.26639e+11	1.57e-35	1.37e-23	1.12e-13	1.13e-06	1.00e+00	0.00e+00	0.00e+00	0.00e+00	0.00e+00	0.00e+00	0.00e+00	0.00e+00	1.59e-90
 4.73631e+11	0.00e+00	1.72e-23	1.31e-13	1.23e-06	1.00e+00	0.00e+00	0.00e+00	0.00e+00	0.00e+00	0.00e+00	0.00e+00	0.00e+00	3.38e-91
 5.22503e+11	2.85e-35	2.16e-23	1.53e-13	1.34e-06	1.00e+00	0.00e+00	0.00e+00	0.00e+00	0.00e+00	0.00e+00	0.00e+00	0.00e+00	6.32e-90
 5.73330e+11	0.00e+00	2.72e-23	1.80e-13	1.45e-06	1.00e+00	0.00e+00	0.00e+00	0.00e+00	0.00e+00	0.00e+00	0.00e+00	0.00e+00	1.33e-90
 6.26190e+11	5.15e-35	3.41e-23	2.11e-13	1.58e-06	1.00e+00	0.00e+00	0.00e+00	0.00e+00	0.00e+00	0.00e+00	0.00e+00	0.00e+00	2.48e-89
 6.81164e+11	6.92e-35	4.27e-23	2.47e-13	1.72e-06	1.00e+00	0.00e+00	0.00e+00	0.00e+00	0.00e+00	0.00e+00	0.00e+00	0.00e+00	4.88e-89
 7.38337e+11	9.28e-35	5.35e-23	2.90e-13	1.87e-06	1.00e+00	0.00e+00	0.00e+00	0.00e+00	0.00e+00	0.00e+00	0.00e+00	0.00e+00	9.57e-89
 7.97798e+11	1.24e-34	6.71e-23	3.39e-13	2.03e-06	1.00e+00	0.00e+00	0.00e+00	0.00e+00	0.00e+00	0.00e+00	0.00e+00	0.00e+00	1.87e-88
 8.59636e+11	1.66e-34	8.40e-23	3.98e-13	2.21e-06	1.00e+00	0.00e+00	0.00e+00	0.00e+00	0.00e+00	0.00e+00	0.00e+00	0.00e+00	3.65e-88
 9.23949e+11	2.22e-34	1.05e-22	4.66e-13	2.40e-06	1.00e+00	0.00e+00	0.00e+00	0.00e+00	0.00e+00	0.00e+00	0.00e+00	0.00e+00	7.09e-88
 9.90833e+11	2.97e-34	1.31e-22	5.46e-13	2.61e-06	1.00e+00	0.00e+00	0.00e+00	0.00e+00	0.00e+00	0.00e+00	0.00e+00	0.00e+00	1.37e-87
 1.06039e+12	3.96e-34	1.64e-22	6.40e-13	2.84e-06	1.00e+00	0.00e+00	0.00e+00	0.00e+00	0.00e+00	0.00e+00	0.00e+00	0.00e+00	2.65e-87
 1.13274e+12	5.28e-34	2.05e-22	7.50e-13	3.10e-06	1.00e+00	0.00e+00	0.00e+00	0.00e+00	0.00e+00	0.00e+00	0.00e+00	0.00e+00	5.09e-87
 1.20797e+12	7.02e-34	2.56e-22	8.78e-13	3.37e-06	1.00e+00	0.00e+00	0.00e+00	0.00e+00	0.00e+00	0.00e+00	0.00e+00	0.00e+00	9.74e-87
 1.28622e+12	9.33e-34	3.20e-22	1.03e-12	3.67e-06	1.00e+00	0.00e+00	0.00e+00	0.00e+00	0.00e+00	0.00e+00	0.00e+00	0.00e+00	1.86e-86
 1.36759e+12	1.24e-33	3.99e-22	1.21e-12	4.00e-06	1.00e+00	0.00e+00	0.00e+00	0.00e+00	0.00e+00	0.00e+00	0.00e+00	0.00e+00	3.54e-86
 1.45222e+12	1.64e-33	4.97e-22	1.41e-12	4.36e-06	1.00e+00	0.00e+00	0.00e+00	0.00e+00	0.00e+00	0.00e+00	0.00e+00	0.00e+00	6.71e-86
 1.54024e+12	2.17e-33	6.18e-22	1.65e-12	4.76e-06	1.00e+00	0.00e+00	0.00e+00	0.00e+00	0.00e+00	0.00e+00	0.00e+00	0.00e+00	1.27e-85
 1.63178e+12	2.86e-33	7.69e-22	1.94e-12	5.19e-06	1.00e+00	0.00e+00	0.00e+00	0.00e+00	0.00e+00	0.00e+00	0.00e+00	0.00e+00	2.39e-85
 1.72697e+12	3.77e-33	9.56e-22	2.27e-12	5.66e-06	1.00e+00	0.00e+00	0.00e+00	0.00e+00	0.00e+00	0.00e+00	0.00e+00	0.00e+00	4.49e-85
 1.82598e+12	4.96e-33	1.19e-21	2.66e-12	6.17e-06	1.00e+00	0.00e+00	0.00e+00	0.00e+00	0.00e+00	0.00e+00	0.00e+00	0.00e+00	8.41e-85
 1.92895e+12	6.52e-33	1.47e-21	3.11e-12	6.73e-06	1.00e+00	0.00e+00	0.00e+00	0.00e+00	0.00e+00	0.00e+00	0.00e+00	0.00e+00	1.57e-84
 2.03603e+12	8.56e-33	1.83e-21	3.64e-12	7.35e-06	1.00e+00	0.00e+00	0.00e+00	0.00e+00	0.00e+00	0.00e+00	0.00e+00	0.00e+00	2.93e-84
 2.14740e+12	1.12e-32	2.26e-21	4.26e-12	8.02e-06	1.00e+00	0.00e+00	0.00e+00	0.00e+00	0.00e+00	0.00e+00	0.00e+00	0.00e+00	5.45e-84
 2.26322e+12	1.47e-32	2.80e-21	4.98e-12	8.76e-06	1.00e+00	0.00e+00	0.00e+00	0.00e+00	0.00e+00	0.00e+00	0.00e+00	0.00e+00	1.01e-83
 2.38368e+12	1.92e-32	3.47e-21	5.83e-12	9.55e-06	1.00e+00	0.00e+00	0.00e+00	0.00e+00	0.00e+00	0.00e+00	0.00e+00	0.00e+00	1.89e-83
 2.50895e+12	2.49e-32	4.28e-21	6.81e-12	1.04e-05	1.00e+00	0.00e+00	0.00e+00	0.00e+00	0.00e+00	0.00e+00	0.00e+00	0.00e+00	3.46e-83
 2.63924e+12	3.24e-32	5.29e-21	7.97e-12	1.14e-05	1.00e+00	0.00e+00	0.00e+00	0.00e+00	0.00e+00	0.00e+00	0.00e+00	0.00e+00	6.38e-83
 2.77473e+12	4.20e-32	6.53e-21	9.31e-12	1.25e-05	1.00e+00	0.00e+00	0.00e+00	0.00e+00	0.00e+00	0.00e+00	0.00e+00	0.00e+00	1.18e-82
 2.91565e+12	5.44e-32	8.06e-21	1.09e-11	1.36e-05	1.00e+00	0.00e+00	0.00e+00	0.00e+00	0.00e+00	0.00e+00	0.00e+00	0.00e+00	2.16e-82
 3.06220e+12	7.04e-32	9.93e-21	1.27e-11	1.49e-05	1.00e+00	0.00e+00	0.00e+00	0.00e+00	0.00e+00	0.00e+00	0.00e+00	0.00e+00	3.98e-82
 3.21461e+12	9.09e-32	1.22e-20	1.49e-11	1.63e-05	1.00e+00	0.00e+00	0.00e+00	0.00e+00	0.00e+00	0.00e+00	0.00e+00	0.00e+00	7.32e-82
 3.37313e+12	1.17e-31	1.51e-20	1.74e-11	1.79e-05	1.00e+00	0.00e+00	0.00e+00	0.00e+00	0.00e+00	0.00e+00	0.00e+00	0.00e+00	1.35e-81
 3.53798e+12	1.51e-31	1.85e-20	2.03e-11	1.95e-05	1.00e+00	0.00e+00	0.00e+00	0.00e+00	0.00e+00	0.00e+00	0.00e+00	0.00e+00	2.47e-81
 3.70942e+12	1.94e-31	2.28e-20	2.37e-11	2.14e-05	1.00e+00	0.00e+00	0.00e+00	0.00e+00	0.00e+00	0.00e+00	0.00e+00	0.00e+00	4.56e-81
 3.88773e+12	2.49e-31	2.81e-20	2.76e-11	2.34e-05	1.00e+00	0.00e+00	0.00e+00	0.00e+00	0.00e+00	0.00e+00	0.00e+00	0.00e+00	8.40e-81
 4.07316e+12	3.19e-31	3.45e-20	3.22e-11	2.56e-05	1.00e+00	0.00e+00	0.00e+00	0.00e+00	0.00e+00	0.00e+00	0.00e+00	0.00e+00	1.55e-80
 4.26602e+12	4.09e-31	4.25e-20	3.76e-11	2.81e-05	1.00e+00	0.00e+00	0.00e+00	0.00e+00	0.00e+00	0.00e+00	0.00e+00	0.00e+00	2.87e-80
 4.46658e+12	5.24e-31	5.23e-20	4.39e-11	3.08e-05	1.00e+00	0.00e+00	0.00e+00	0.00e+00	0.00e+00	0.00e+00	0.00e+00	0.00e+00	5.32e-80
 4.67517e+12	6.71e-31	6.43e-20	5.12e-11	3.37e-05	1.00e+00	0.00e+00	0.00e+00	0.00e+00	0.00e+00	0.00e+00	0.00e+00	0.00e+00	9.89e-80
 4.89211e+12	8.58e-31	7.92e-20	5.97e-11	3.70e-05	1.00e+00	0.00e+00	0.00e+00	0.00e+00	0.00e+00	0.00e+00	0.00e+00	0.00e+00	1.84e-79
 5.11772e+12	1.10e-30	9.76e-20	6.97e-11	4.05e-05	1.00e+00	0.00e+00	0.00e+00	0.00e+00	0.00e+00	0.00e+00	0.00e+00	0.00e+00	3.46e-79
 5.35235e+12	1.40e-30	1.20e-19	8.13e-11	4.44e-05	1.00e+00	0.00e+00	0.00e+00	0.00e+00	0.00e+00	0.00e+00	0.00e+00	0.00e+00	6.51e-79
 5.59638e+12	1.80e-30	1.49e-19	9.49e-11	4.87e-05	1.00e+00	0.00e+00	0.00e+00	0.00e+00	0.00e+00	0.00e+00	0.00e+00	0.00e+00	1.23e-78
 5.85016e+12	2.31e-30	1.84e-19	1.11e-10	5.34e-05	1.00e+00	0.00e+00	0.00e+00	0.00e+00	0.00e+00	0.00e+00	0.00e+00	0.00e+00	2.34e-78
 6.11409e+12	2.97e-30	2.27e-19	1.29e-10	5.85e-05	1.00e+00	0.00e+00	0.00e+00	0.00e+00	0.00e+00	0.00e+00	0.00e+00	0.00e+00	4.48e-78
 6.38858e+12	3.82e-30	2.82e-19	1.51e-10	6.42e-05	1.00e+00	0.00e+00	0.00e+00	0.00e+00	0.00e+00	0.00e+00	0.00e+00	0.00e+00	8.63e-78
 6.67405e+12	4.93e-30	3.50e-19	1.76e-10	7.04e-05	1.00e+00	0.00e+00	0.00e+00	0.00e+00	0.00e+00	0.00e+00	0.00e+00	0.00e+00	1.67e-77
 6.97094e+12	6.38e-30	4.36e-19	2.06e-10	7.72e-05	1.00e+00	0.00e+00	0.00e+00	0.00e+00	0.00e+00	0.00e+00	0.00e+00	0.00e+00	3.26e-77
 7.27970e+12	8.27e-30	5.44e-19	2.40e-10	8.46e-05	1.00e+00	0.00e+00	0.00e+00	0.00e+00	0.00e+00	0.00e+00	0.00e+00	0.00e+00	6.40e-77
 7.60082e+12	1.08e-29	6.79e-19	2.81e-10	9.28e-05	1.00e+00	0.00e+00	0.00e+00	0.00e+00	0.00e+00	0.00e+00	0.00e+00	0.00e+00	1.26e-76
 7.93478e+12	1.41e-29	8.50e-19	3.29e-10	1.02e-04	1.00e+00	0.00e+00	0.00e+00	0.00e+00	0.00e+00	0.00e+00	0.00e+00	0.00e+00	2.51e-76
 8.28210e+12	1.84e-29	1.07e-18	3.85e-10	1.11e-04	1.00e+00	0.00e+00	0.00e+00	0.00e+00	0.00e+00	0.00e+00	0.00e+00	0.00e+00	5.02e-76
 8.64331e+12	2.42e-29	1.34e-18	4.51e-10	1.22e-04	1.00e+00	0.00e+00	0.00e+00	0.00e+00	0.00e+00	0.00e+00	0.00e+00	0.00e+00	1.01e-75
 9.01897e+12	3.20e-29	1.69e-18	5.28e-10	1.34e-04	1.00e+00	0.00e+00	0.00e+00	0.00e+00	0.00e+00	0.00e+00	0.00e+00	0.00e+00	2.04e-75
 9.40965e+12	4.23e-29	2.13e-18	6.19e-10	1.47e-04	1.00e+00	0.00e+00	0.00e+00	0.00e+00	0.00e+00	0.00e+00	0.00e+00	0.00e+00	4.15e-75
 9.81596e+12	5.63e-29	2.70e-18	7.27e-10	1.60e-04	1.00e+00	0.00e+00	0.00e+00	0.00e+00	0.00e+00	0.00e+00	0.00e+00	0.00e+00	8.48e-75
 1.02385e+13	7.52e-29	3.42e-18	8.53e-10	1.76e-04	1.00e+00	0.00e+00	0.00e+00	0.00e+00	0.00e+00	0.00e+00	0.00e+00	0.00e+00	1.74e-74
 1.06780e+13	1.01e-28	4.34e-18	1.00e-09	1.92e-04	1.00e+00	0.00e+00	0.00e+00	0.00e+00	0.00e+00	0.00e+00	0.00e+00	0.00e+00	3.58e-74
 1.11350e+13	1.35e-28	5.51e-18	1.18e-09	2.10e-04	1.00e+00	0.00e+00	0.00e+00	0.00e+00	0.00e+00	0.00e+00	0.00e+00	0.00e+00	7.40e-74
 1.16104e+13	1.82e-28	7.01e-18	1.39e-09	2.30e-04	1.00e+00	0.00e+00	0.00e+00	0.00e+00	0.00e+00	0.00e+00	0.00e+00	0.00e+00	1.53e-73
 1.21047e+13	2.47e-28	8.94e-18	1.63e-09	2.52e-04	1.00e+00	0.00e+00	0.00e+00	0.00e+00	0.00e+00	0.00e+00	0.00e+00	0.00e+00	3.18e-73
 1.26188e+13	3.35e-28	1.14e-17	1.92e-09	2.75e-04	1.00e+00	0.00e+00	0.00e+00	0.00e+00	0.00e+00	0.00e+00	0.00e+00	0.00e+00	6.62e-73
 1.31535e+13	4.55e-28	1.45e-17	2.26e-09	3.00e-04	1.00e+00	0.00e+00	0.00e+00	0.00e+00	0.00e+00	0.00e+00	0.00e+00	0.00e+00	1.38e-72
 1.37096e+13	6.20e-28	1.86e-17	2.66e-09	3.28e-04	1.00e+00	0.00e+00	0.00e+00	0.00e+00	0.00e+00	0.00e+00	0.00e+00	0.00e+00	2.87e-72
 1.42879e+13	8.47e-28	2.37e-17	3.14e-09	3.58e-04	1.00e+00	0.00e+00	0.00e+00	0.00e+00	0.00e+00	0.00e+00	0.00e+00	0.00e+00	5.99e-72
 1.48893e+13	1.16e-27	3.03e-17	3.70e-09	3.90e-04	1.00e+00	0.00e+00	0.00e+00	0.00e+00	0.00e+00	0.00e+00	0.00e+00	0.00e+00	1.25e-71
 1.55148e+13	1.59e-27	3.88e-17	4.36e-09	4.26e-04	1.00e+00	0.00e+00	0.00e+00	0.00e+00	0.00e+00	0.00e+00	0.00e+00	0.00e+00	2.61e-71
 1.61653e+13	2.18e-27	4.96e-17	5.14e-09	4.64e-04	1.00e+00	0.00e+00	0.00e+00	0.00e+00	0.00e+00	0.00e+00	1.66e-17	3.31e-17	5.43e-71
 1.68419e+13	2.99e-27	6.35e-17	6.05e-09	5.06e-04	9.99e-01	0.00e+00	0.00e+00	0.00e+00	0.00e+00	0.00e+00	2.11e-17	4.24e-17	1.13e-70
 1.75455e+13	4.11e-27	8.12e-17	7.14e-09	5.51e-04	9.99e-01	0.00e+00	0.00e+00	0.00e+00	0.00e+00	0.00e+00	2.70e-17	5.42e-17	2.36e-70
 1.82772e+13	5.65e-27	1.04e-16	8.41e-09	6.00e-04	9.99e-01	0.00e+00	0.00e+00	0.00e+00	0.00e+00	0.00e+00	3.45e-17	6.92e-17	4.90e-70
 1.90383e+13	7.77e-27	1.33e-16	9.91e-09	6.53e-04	9.99e-01	0.00e+00	0.00e+00	0.00e+00	0.00e+00	0.00e+00	4.42e-17	8.85e-17	1.02e-69
 1.98297e+13	1.07e-26	1.70e-16	1.17e-08	7.10e-04	9.99e-01	0.00e+00	0.00e+00	0.00e+00	0.00e+00	0.00e+00	5.64e-17	1.13e-16	2.11e-69
 2.06528e+13	1.47e-26	2.17e-16	1.37e-08	7.73e-04	9.99e-01	0.00e+00	0.00e+00	0.00e+00	0.00e+00	0.00e+00	7.21e-17	1.45e-16	4.37e-69
 2.15089e+13	2.03e-26	2.77e-16	1.62e-08	8.40e-04	9.99e-01	0.00e+00	0.00e+00	0.00e+00	0.00e+00	0.00e+00	9.21e-17	1.85e-16	9.04e-69
 2.23991e+13	2.79e-26	3.54e-16	1.91e-08	9.13e-04	9.99e-01	0.00e+00	0.00e+00	0.00e+00	0.00e+00	0.00e+00	1.18e-16	2.36e-16	1.87e-68
 2.33250e+13	3.85e-26	4.51e-16	2.24e-08	9.93e-04	9.99e-01	0.00e+00	0.00e+00	0.00e+00	0.00e+00	0.00e+00	1.50e-16	3.01e-16	3.86e-68
 2.42880e+13	5.30e-26	5.76e-16	2.64e-08	1.08e-03	9.99e-01	0.00e+00	0.00e+00	0.00e+00	0.00e+00	0.00e+00	1.92e-16	3.84e-16	7.95e-68
 2.52894e+13	7.30e-26	7.35e-16	3.11e-08	1.17e-03	9.99e-01	0.00e+00	0.00e+00	0.00e+00	0.00e+00	0.00e+00	2.45e-16	4.91e-16	1.64e-67
 2.63309e+13	1.00e-25	9.38e-16	3.65e-08	1.27e-03	9.99e-01	0.00e+00	0.00e+00	0.00e+00	0.00e+00	0.00e+00	3.12e-16	6.26e-16	3.36e-67
 2.74141e+13	1.38e-25	1.20e-15	4.30e-08	1.38e-03	9.99e-01	0.00e+00	0.00e+00	0.00e+00	0.00e+00	0.00e+00	3.98e-16	7.98e-16	6.90e-67
 2.85406e+13	1.91e-25	1.52e-15	5.06e-08	1.50e-03	9.99e-01	0.00e+00	0.00e+00	0.00e+00	0.00e+00	0.00e+00	5.07e-16	1.02e-15	1.41e-66
 2.97121e+13	2.62e-25	1.94e-15	5.94e-08	1.63e-03	9.98e-01	0.00e+00	0.00e+00	0.00e+00	0.00e+00	0.00e+00	6.46e-16	1.30e-15	2.89e-66
 3.09305e+13	3.61e-25	2.47e-15	6.98e-08	1.77e-03	9.98e-01	0.00e+00	0.00e+00	0.00e+00	0.00e+00	0.00e+00	8.23e-16	1.65e-15	5.91e-66
 3.21977e+13	4.96e-25	3.15e-15	8.21e-08	1.91e-03	9.98e-01	0.00e+00	0.00e+00	0.00e+00	0.00e+00	0.00e+00	1.05e-15	2.10e-15	1.21e-65
 3.35155e+13	6.83e-25	4.01e-15	9.64e-08	2.08e-03	9.98e-01	0.00e+00	0.00e+00	0.00e+00	0.00e+00	0.00e+00	1.33e-15	2.67e-15	2.46e-65
 3.48861e+13	9.39e-25	5.10e-15	1.13e-07	2.25e-03	9.98e-01	0.00e+00	0.00e+00	0.00e+00	0.00e+00	0.00e+00	1.70e-15	3.40e-15	5.00e-65
 3.63114e+13	1.29e-24	6.49e-15	1.33e-07	2.44e-03	9.98e-01	0.00e+00	0.00e+00	0.00e+00	0.00e+00	0.00e+00	2.16e-15	4.33e-15	1.02e-64
 3.77938e+13	1.78e-24	8.25e-15	1.56e-07	2.65e-03	9.97e-01	0.00e+00	0.00e+00	0.00e+00	0.00e+00	0.00e+00	2.75e-15	5.51e-15	2.06e-64
 3.93355e+13	2.44e-24	1.05e-14	1.83e-07	2.87e-03	9.97e-01	0.00e+00	0.00e+00	0.00e+00	0.00e+00	0.00e+00	3.49e-15	7.00e-15	4.18e-64
 4.09388e+13	3.35e-24	1.33e-14	2.15e-07	3.11e-03	9.97e-01	0.00e+00	0.00e+00	0.00e+00	0.00e+00	0.00e+00	4.44e-15	8.90e-15	8.45e-64
 4.26063e+13	4.61e-24	1.70e-14	2.53e-07	3.37e-03	9.97e-01	0.00e+00	0.00e+00	0.00e+00	0.00e+00	0.00e+00	5.64e-15	1.13e-14	1.71e-63
 4.43405e+13	6.34e-24	2.16e-14	2.96e-07	3.65e-03	9.96e-01	0.00e+00	0.00e+00	0.00e+00	0.00e+00	0.00e+00	7.17e-15	1.44e-14	3.45e-63
 4.61441e+13	8.71e-24	2.74e-14	3.48e-07	3.95e-03	9.96e-01	0.00e+00	0.00e+00	0.00e+00	0.00e+00	0.00e+00	9.11e-15	1.83e-14	6.96e-63
 4.80197e+13	1.20e-23	3.48e-14	4.08e-07	4.28e-03	9.96e-01	0.00e+00	0.00e+00	0.00e+00	0.00e+00	0.00e+00	1.16e-14	2.32e-14	1.40e-62
 4.99705e+13	1.64e-23	4.42e-14	4.79e-07	4.64e-03	9.95e-01	0.00e+00	0.00e+00	0.00e+00	0.00e+00	0.00e+00	1.47e-14	2.95e-14	2.82e-62
 5.19992e+13	2.26e-23	5.62e-14	5.62e-07	5.03e-03	9.95e-01	0.00e+00	0.00e+00	0.00e+00	0.00e+00	0.00e+00	1.87e-14	3.75e-14	5.68e-62
 5.41091e+13	3.10e-23	7.14e-14	6.59e-07	5.44e-03	9.95e-01	0.00e+00	0.00e+00	0.00e+00	0.00e+00	0.00e+00	2.37e-14	4.76e-14	1.14e-61
 5.63034e+13	4.26e-23	9.06e-14	7.73e-07	5.90e-03	9.94e-01	0.00e+00	0.00e+00	0.00e+00	0.00e+00	0.00e+00	3.02e-14	6.05e-14	2.29e-61
 5.85854e+13	5.86e-23	1.15e-13	9.07e-07	6.39e-03	9.94e-01	0.00e+00	0.00e+00	0.00e+00	0.00e+00	0.00e+00	3.83e-14	7.68e-14	4.57e-61
 6.09588e+13	8.05e-23	1.46e-13	1.06e-06	6.92e-03	9.93e-01	0.00e+00	0.00e+00	0.00e+00	0.00e+00	0.00e+00	4.87e-14	9.76e-14	9.18e-61
 6.34271e+13	1.11e-22	1.86e-13	1.25e-06	7.49e-03	9.93e-01	0.00e+00	0.00e+00	0.00e+00	0.00e+00	0.00e+00	6.19e-14	1.24e-13	1.83e-60
 6.59941e+13	1.52e-22	2.37e-13	1.47e-06	8.12e-03	9.92e-01	0.00e+00	0.00e+00	0.00e+00	0.00e+00	0.00e+00	7.87e-14	1.58e-13	3.68e-60
 6.86638e+13	2.10e-22	3.01e-13	1.72e-06	8.80e-03	9.91e-01	0.00e+00	0.00e+00	0.00e+00	0.00e+00	0.00e+00	1.00e-13	2.01e-13	7.33e-60
 7.14402e+13	2.88e-22	3.83e-13	2.02e-06	9.53e-03	9.90e-01	0.00e+00	0.00e+00	0.00e+00	0.00e+00	0.00e+00	1.27e-13	2.55e-13	1.47e-59
 7.43278e+13	3.97e-22	4.87e-13	2.37e-06	1.03e-02	9.90e-01	0.00e+00	0.00e+00	0.00e+00	0.00e+00	0.00e+00	1.62e-13	3.25e-13	2.92e-59
 7.73308e+13	5.46e-22	6.19e-13	2.79e-06	1.12e-02	9.89e-01	0.00e+00	0.00e+00	0.00e+00	0.00e+00	0.00e+00	2.06e-13	4.13e-13	5.83e-59
 8.04540e+13	7.50e-22	7.87e-13	3.27e-06	1.21e-02	9.88e-01	0.00e+00	0.00e+00	0.00e+00	0.00e+00	0.00e+00	2.62e-13	5.25e-13	1.16e-58
 8.37021e+13	1.03e-21	9.99e-13	3.84e-06	1.31e-02	9.87e-01	0.00e+00	0.00e+00	0.00e+00	0.00e+00	0.00e+00	3.32e-13	6.66e-13	2.29e-58
 8.70801e+13	1.42e-21	1.27e-12	4.50e-06	1.42e-02	9.86e-01	0.00e+00	0.00e+00	0.00e+00	0.00e+00	0.00e+00	4.22e-13	8.46e-13	4.53e-58
 9.05932e+13	1.94e-21	1.61e-12	5.27e-06	1.53e-02	9.85e-01	0.00e+00	0.00e+00	0.00e+00	0.00e+00	0.00e+00	5.35e-13	1.07e-12	8.92e-58
 9.42469e+13	2.66e-21	2.04e-12	6.17e-06	1.66e-02	9.83e-01	0.00e+00	0.00e+00	0.00e+00	0.00e+00	0.00e+00	6.78e-13	1.36e-12	1.75e-57
 9.80467e+13	3.65e-21	2.58e-12	7.22e-06	1.79e-02	9.82e-01	0.00e+00	0.00e+00	0.00e+00	0.00e+00	0.00e+00	8.59e-13	1.72e-12	3.42e-57
 1.01998e+14	4.99e-21	3.26e-12	8.44e-06	1.94e-02	9.81e-01	0.00e+00	0.00e+00	0.00e+00	0.00e+00	0.00e+00	1.09e-12	2.18e-12	6.67e-57
 1.06108e+14	6.82e-21	4.13e-12	9.87e-06	2.09e-02	9.79e-01	0.00e+00	0.00e+00	0.00e+00	0.00e+00	0.00e+00	1.37e-12	2.75e-12	1.30e-56
 1.10383e+14	9.33e-21	5.22e-12	1.15e-05	2.26e-02	9.77e-01	0.00e+00	0.00e+00	0.00e+00	0.00e+00	0.00e+00	1.74e-12	3.48e-12	2.52e-56
 1.14828e+14	1.28e-20	6.60e-12	1.35e-05	2.44e-02	9.76e-01	0.00e+00	0.00e+00	0.00e+00	0.00e+00	0.00e+00	2.19e-12	4.40e-12	4.88e-56
 1.19451e+14	1.74e-20	8.34e-12	1.57e-05	2.64e-02	9.74e-01	0.00e+00	0.00e+00	0.00e+00	0.00e+00	0.00e+00	2.77e-12	5.56e-12	9.45e-56
 1.24259e+14	2.38e-20	1.05e-11	1.84e-05	2.85e-02	9.71e-01	0.00e+00	0.00e+00	0.00e+00	0.00e+00	0.00e+00	3.51e-12	7.03e-12	1.82e-55
 1.29259e+14	3.26e-20	1.33e-11	2.15e-05	3.08e-02	9.69e-01	0.00e+00	0.00e+00	0.00e+00	0.00e+00	0.00e+00	4.43e-12	8.88e-12	3.52e-55
 1.34459e+14	4.45e-20	1.68e-11	2.51e-05	3.32e-02	9.67e-01	0.00e+00	0.00e+00	0.00e+00	0.00e+00	0.00e+00	5.59e-12	1.12e-11	6.75e-55
 1.39868e+14	6.07e-20	2.12e-11	2.93e-05	3.58e-02	9.64e-01	0.00e+00	0.00e+00	0.00e+00	0.00e+00	0.00e+00	7.06e-12	1.42e-11	1.30e-54
 1.45492e+14	8.29e-20	2.68e-11	3.42e-05	3.87e-02	9.61e-01	0.00e+00	0.00e+00	0.00e+00	0.00e+00	0.00e+00	8.91e-12	1.79e-11	2.49e-54
 1.51342e+14	1.13e-19	3.38e-11	3.99e-05	4.17e-02	9.58e-01	0.00e+00	0.00e+00	0.00e+00	0.00e+00	0.00e+00	1.12e-11	2.25e-11	4.76e-54
 1.57426e+14	1.54e-19	4.26e-11	4.65e-05	4.50e-02	9.55e-01	0.00e+00	0.00e+00	0.00e+00	0.00e+00	0.00e+00	1.42e-11	2.84e-11	9.10e-54
 1.63752e+14	2.10e-19	5.38e-11	5.42e-05	4.84e-02	9.51e-01	0.00e+00	0.00e+00	0.00e+00	0.00e+00	0.00e+00	1.79e-11	3.59e-11	1.74e-53
 1.70333e+14	2.86e-19	6.77e-11	6.32e-05	5.22e-02	9.48e-01	0.00e+00	0.00e+00	0.00e+00	0.00e+00	0.00e+00	2.25e-11	4.52e-11	3.31e-53
 1.77176e+14	3.90e-19	8.53e-11	7.36e-05	5.62e-02	9.44e-01	0.00e+00	0.00e+00	0.00e+00	0.00e+00	0.00e+00	2.84e-11	5.69e-11	6.28e-53
 1.84293e+14	5.30e-19	1.07e-10	8.57e-05	6.05e-02	9.39e-01	0.00e+00	0.00e+00	0.00e+00	0.00e+00	0.00e+00	3.57e-11	7.16e-11	1.19e-52
 1.91694e+14	7.21e-19	1.35e-10	9.97e-05	6.51e-02	9.35e-01	0.00e+00	0.00e+00	0.00e+00	0.00e+00	0.00e+00	4.49e-11	9.00e-11	2.25e-52
 1.99392e+14	9.82e-19	1.70e-10	1.16e-04	7.01e-02	9.30e-01	0.00e+00	0.00e+00	0.00e+00	0.00e+00	0.00e+00	5.65e-11	1.13e-10	4.25e-52
 2.07398e+14	1.33e-18	2.13e-10	1.35e-04	7.53e-02	9.25e-01	0.00e+00	0.00e+00	0.00e+00	0.00e+00	0.00e+00	7.10e-11	1.42e-10	8.02e-52
 2.15251e+14	1.78e-18	2.65e-10	1.56e-04	8.07e-02	9.19e-01	0.00e+00	0.00e+00	0.00e+00	0.00e+00	0.00e+00	8.82e-11	1.77e-10	1.46e-51
 2.22712e+14	2.32e-18	3.23e-10	1.77e-04	8.59e-02	9.14e-01	0.00e+00	0.00e+00	0.00e+00	0.00e+00	0.00e+00	1.07e-10	2.15e-10	2.53e-51
 2.30944e+14	3.08e-18	3.98e-10	2.03e-04	9.17e-02	9.08e-01	0.00e+00	0.00e+00	0.00e+00	0.00e+00	0.00e+00	1.33e-10	2.66e-10	4.52e-51
 2.40211e+14	4.19e-18	5.00e-10	2.36e-04	9.85e-02	9.01e-01	0.00e+00	0.00e+00	0.00e+00	0.00e+00	0.00e+00	1.66e-10	3.34e-10	8.51e-51
 2.49312e+14	5.57e-18	6.19e-10	2.72e-04	1.05e-01	8.94e-01	0.00e+00	0.00e+00	0.00e+00	0.00e+00	0.00e+00	2.06e-10	4.13e-10	1.54e-50
 2.58056e+14	7.30e-18	7.56e-10	3.10e-04	1.12e-01	8.88e-01	0.00e+00	0.00e+00	0.00e+00	0.00e+00	0.00e+00	2.52e-10	5.05e-10	2.68e-50
 2.67688e+14	9.67e-18	9.33e-10	3.55e-04	1.20e-01	8.80e-01	0.00e+00	0.00e+00	0.00e+00	0.00e+00	0.00e+00	3.11e-10	6.23e-10	4.81e-50
 2.78425e+14	1.31e-17	1.17e-09	4.12e-04	1.28e-01	8.71e-01	0.00e+00	0.00e+00	0.00e+00	0.00e+00	0.00e+00	3.90e-10	7.81e-10	9.01e-50
 2.89040e+14	1.75e-17	1.45e-09	4.74e-04	1.37e-01	8.63e-01	0.00e+00	0.00e+00	0.00e+00	0.00e+00	0.00e+00	4.83e-10	9.68e-10	1.64e-49
 2.99314e+14	2.29e-17	1.77e-09	5.40e-04	1.45e-01	8.54e-01	0.00e+00	0.00e+00	0.00e+00	0.00e+00	0.00e+00	5.89e-10	1.18e-09	2.85e-49
 3.10552e+14	3.04e-17	2.18e-09	6.19e-04	1.55e-01	8.45e-01	0.00e+00	0.00e+00	0.00e+00	0.00e+00	0.00e+00	7.26e-10	1.46e-09	5.11e-49
 3.23004e+14	4.12e-17	2.73e-09	7.16e-04	1.65e-01	8.34e-01	0.00e+00	0.00e+00	0.00e+00	0.00e+00	0.00e+00	9.09e-10	1.82e-09	9.54e-49
 3.35412e+14	5.48e-17	3.38e-09	8.21e-04	1.76e-01	8.23e-01	0.00e+00	0.00e+00	5.27e-18	1.58e-17	2.63e-17	1.12e-09	2.25e-09	1.73e-48
 3.48316e+14	7.34e-17	4.19e-09	9.44e-04	1.88e-01	8.12e-01	0.00e+00	0.00e+00	6.87e-18	2.06e-17	3.43e-17	1.39e-09	2.80e-09	3.15e-48
 3.62279e+14	9.86e-17	5.21e-09	1.09e-03	2.00e-01	7.99e-01	0.00e+00	0.00e+00	9.24e-18	2.77e-17	4.62e-17	1.73e-09	3.48e-09	5.83e-48
 3.76449e+14	1.33e-16	6.48e-09	1.25e-03	2.13e-01	7.86e-01	0.00e+00	0.00e+00	1.24e-17	3.74e-17	6.22e-17	2.16e-09	4.33e-09	1.07e-47
 3.90509e+14	1.74e-16	7.93e-09	1.42e-03	2.25e-01	7.74e-01	0.00e+00	0.00e+00	1.64e-17	4.91e-17	8.19e-17	2.64e-09	5.29e-09	1.90e-47
 4.05482e+14	2.32e-16	9.78e-09	1.63e-03	2.39e-01	7.60e-01	0.00e+00	0.00e+00	2.18e-17	6.54e-17	1.09e-16	3.26e-09	6.53e-09	3.43e-47
 4.21731e+14	3.11e-16	1.22e-08	1.87e-03	2.53e-01	7.45e-01	0.00e+00	0.00e+00	2.94e-17	8.81e-17	1.47e-16	4.05e-09	8.11e-09	6.34e-47
 4.38630e+14	4.18e-16	1.51e-08	2.15e-03	2.69e-01	7.29e-01	0.00e+00	0.00e+00	3.95e-17	1.18e-16	1.97e-16	5.03e-09	1.01e-08	1.17e-46
 4.56205e+14	5.60e-16	1.87e-08	2.46e-03	2.85e-01	7.13e-01	0.00e+00	0.00e+00	5.30e-17	1.59e-16	2.65e-16	6.23e-09	1.25e-08	2.16e-46
 4.74483e+14	7.51e-16	2.32e-08	2.82e-03	3.01e-01	6.96e-01	0.00e+00	0.00e+00	7.11e-17	2.13e-16	3.56e-16	7.72e-09	1.55e-08	3.99e-46
 4.93493e+14	1.01e-15	2.87e-08	3.23e-03	3.18e-01	6.78e-01	0.00e+00	0.00e+00	9.54e-17	2.86e-16	4.77e-16	9.55e-09	1.92e-08	7.36e-46
 5.13262e+14	1.34e-15	3.55e-08	3.69e-03	3.36e-01	6.60e-01	0.00e+00	0.00e+00	1.27e-16	3.82e-16	6.37e-16	1.18e-08	2.37e-08	1.35e-45
 5.33823e+14	1.80e-15	4.38e-08	4.21e-03	3.54e-01	6.42e-01	0.00e+00	0.00e+00	1.71e-16	5.12e-16	8.53e-16	1.46e-08	2.92e-08	2.48e-45
 5.55205e+14	2.39e-15	5.40e-08	4.79e-03	3.72e-01	6.23e-01	0.00e+00	0.00e+00	2.27e-16	6.82e-16	1.14e-15	1.80e-08	3.60e-08	4.56e-45
 5.77444e+14	3.19e-15	6.65e-08	5.46e-03	3.91e-01	6.03e-01	0.00e+00	0.00e+00	3.04e-16	9.11e-16	1.52e-15	2.21e-08	4.44e-08	8.37e-45
 6.00571e+14	4.24e-15	8.17e-08	6.20e-03	4.10e-01	5.83e-01	0.00e+00	0.00e+00	4.04e-16	1.21e-15	2.02e-15	2.72e-08	5.45e-08	1.53e-44
 6.24624e+14	5.64e-15	1.00e-07	7.04e-03	4.30e-01	5.63e-01	0.00e+00	0.00e+00	5.38e-16	1.61e-15	2.69e-15	3.34e-08	6.70e-08	2.81e-44
 6.49639e+14	7.47e-15	1.23e-07	7.97e-03	4.50e-01	5.42e-01	0.00e+00	0.00e+00	7.13e-16	2.14e-15	3.56e-15	4.09e-08	8.21e-08	5.12e-44
 6.75654e+14	9.91e-15	1.51e-07	9.03e-03	4.70e-01	5.21e-01	0.00e+00	0.00e+00	9.47e-16	2.84e-15	4.74e-15	5.02e-08	1.01e-07	9.38e-44
 7.02711e+14	1.31e-14	1.84e-07	1.02e-02	4.89e-01	5.01e-01	0.00e+00	0.00e+00	1.25e-15	3.75e-15	6.25e-15	6.13e-08	1.23e-07	1.70e-43
 7.30849e+14	1.73e-14	2.25e-07	1.15e-02	5.09e-01	4.79e-01	0.00e+00	0.00e+00	1.66e-15	4.97e-15	8.28e-15	7.49e-08	1.50e-07	3.11e-43
 7.60113e+14	2.28e-14	2.74e-07	1.29e-02	5.29e-01	4.58e-01	0.00e+00	0.00e+00	2.18e-15	6.55e-15	1.09e-14	9.13e-08	1.83e-07	5.65e-43
 7.90547e+14	3.01e-14	3.35e-07	1.46e-02	5.49e-01	4.37e-01	0.00e+00	0.00e+00	2.89e-15	8.66e-15	1.44e-14	1.11e-07	2.23e-07	1.03e-42
 8.22199e+14	3.95e-14	4.06e-07	1.64e-02	5.68e-01	4.16e-01	0.00e+00	0.00e+00	3.79e-15	1.14e-14	1.89e-14	1.35e-07	2.71e-07	1.87e-42
 8.55117e+14	5.19e-14	4.93e-07	1.84e-02	5.87e-01	3.94e-01	0.00e+00	0.00e+00	4.99e-15	1.50e-14	2.49e-14	1.64e-07	3.29e-07	3.40e-42
 8.89351e+14	6.81e-14	5.97e-07	2.06e-02	6.06e-01	3.74e-01	0.00e+00	0.00e+00	6.54e-15	1.96e-14	3.27e-14	1.99e-07	3.98e-07	6.14e-42
 9.24955e+14	8.92e-14	7.23e-07	2.30e-02	6.24e-01	3.53e-01	0.00e+00	0.00e+00	8.58e-15	2.57e-14	4.29e-14	2.41e-07	4.83e-07	1.12e-41
 9.61984e+14	1.17e-13	8.74e-07	2.57e-02	6.42e-01	3.33e-01	0.00e+00	0.00e+00	1.12e-14	3.37e-14	5.61e-14	2.91e-07	5.83e-07	2.02e-41
 1.00049e+15	1.52e-13	1.06e-06	2.87e-02	6.59e-01	3.12e-01	0.00e+00	0.00e+00	1.47e-14	4.40e-14	7.33e-14	3.51e-07	7.04e-07	3.66e-41
 1.04054e+15	1.99e-13	1.27e-06	3.19e-02	6.75e-01	2.93e-01	0.00e+00	0.00e+00	1.92e-14	5.75e-14	9.58e-14	4.23e-07	8.48e-07	6.63e-41
 1.08219e+15	2.59e-13	1.53e-06	3.55e-02	6.91e-01	2.74e-01	0.00e+00	0.00e+00	2.50e-14	7.50e-14	1.25e-13	5.10e-07	1.02e-06	1.20e-40
 1.12551e+15	3.37e-13	1.84e-06	3.95e-02	7.05e-01	2.55e-01	0.00e+00	0.00e+00	3.26e-14	9.77e-14	1.63e-13	6.13e-07	1.23e-06	2.18e-40
 1.17056e+15	4.38e-13	2.21e-06	4.39e-02	7.19e-01	2.37e-01	0.00e+00	0.00e+00	4.24e-14	1.27e-13	2.12e-13	7.37e-07	1.48e-06	3.97e-40
 1.21741e+15	5.68e-13	2.65e-06	4.86e-02	7.32e-01	2.19e-01	0.00e+00	0.00e+00	5.50e-14	1.65e-13	2.75e-13	8.83e-07	1.77e-06	7.17e-40
 1.26614e+15	7.38e-13	3.18e-06	5.39e-02	7.44e-01	2.02e-01	0.00e+00	0.00e+00	7.15e-14	2.14e-13	3.57e-13	1.06e-06	2.12e-06	1.31e-39
 1.31682e+15	9.55e-13	3.80e-06	5.96e-02	7.55e-01	1.86e-01	0.00e+00	0.00e+00	9.26e-14	2.78e-13	4.63e-13	1.26e-06	2.53e-06	2.36e-39
 1.36952e+15	1.24e-12	4.54e-06	6.60e-02	7.64e-01	1.70e-01	0.00e+00	0.00e+00	1.20e-13	3.60e-13	5.99e-13	1.51e-06	3.03e-06	4.32e-39
 1.42433e+15	1.60e-12	5.43e-06	7.29e-02	7.73e-01	1.54e-01	0.00e+00	0.00e+00	1.56e-13	4.67e-13	7.77e-13	1.81e-06	3.62e-06	7.91e-39
 1.48133e+15	2.07e-12	6.48e-06	8.06e-02	7.80e-01	1.40e-01	0.00e+00	0.00e+00	2.01e-13	6.04e-13	1.01e-12	2.16e-06	4.32e-06	1.45e-38
 1.54062e+15	2.67e-12	7.73e-06	8.90e-02	7.85e-01	1.26e-01	0.00e+00	0.00e+00	2.60e-13	7.80e-13	1.30e-12	2.58e-06	5.15e-06	2.68e-38
 1.60227e+15	3.45e-12	9.21e-06	9.83e-02	7.90e-01	1.12e-01	0.00e+00	0.00e+00	3.37e-13	1.01e-12	1.68e-12	3.07e-06	6.14e-06	4.96e-38
 1.66639e+15	4.45e-12	1.10e-05	1.09e-01	7.92e-01	9.92e-02	0.00e+00	0.00e+00	4.35e-13	1.30e-12	2.17e-12	3.66e-06	7.31e-06	9.28e-38
 1.73308e+15	5.74e-12	1.30e-05	1.20e-01	7.93e-01	8.68e-02	0.00e+00	0.00e+00	5.62e-13	1.69e-12	2.81e-12	4.35e-06	8.70e-06	1.75e-37
 1.80009e+15	7.34e-12	1.54e-05	1.32e-01	7.92e-01	7.54e-02	0.00e+00	0.00e+00	7.20e-13	2.16e-12	3.60e-12	5.14e-06	1.03e-05	3.24e-37
 1.86375e+15	9.19e-12	1.80e-05	1.45e-01	7.90e-01	6.55e-02	0.00e+00	0.00e+00	9.03e-13	2.71e-12	4.51e-12	5.99e-06	1.20e-05	5.76e-37
 1.92296e+15	1.12e-11	2.06e-05	1.57e-01	7.86e-01	5.69e-02	0.00e+00	0.00e+00	1.10e-12	3.31e-12	5.51e-12	6.86e-06	1.37e-05	9.71e-37
 1.97875e+15	1.35e-11	2.32e-05	1.69e-01	7.82e-01	4.94e-02	0.00e+00	0.00e+00	1.33e-12	3.98e-12	6.63e-12	7.76e-06	1.55e-05	1.58e-36
 2.03192e+15	1.59e-11	2.60e-05	1.81e-01	7.76e-01	4.27e-02	0.00e+00	0.00e+00	1.57e-12	4.72e-12	7.85e-12	8.68e-06	1.73e-05	2.50e-36
 2.08229e+15	1.85e-11	2.87e-05	1.93e-01	7.70e-01	3.67e-02	0.00e+00	0.00e+00	1.84e-12	5.50e-12	9.16e-12	9.61e-06	1.91e-05	3.82e-36
 2.12953e+15	2.12e-11	3.15e-05	2.05e-01	7.63e-01	3.15e-02	0.00e+00	0.00e+00	2.11e-12	6.32e-12	1.05e-11	1.05e-05	2.09e-05	5.66e-36
 2.17367e+15	2.40e-11	3.41e-05	2.17e-01	7.56e-01	2.69e-02	0.00e+00	0.00e+00	2.39e-12	7.16e-12	1.19e-11	1.14e-05	2.27e-05	8.12e-36
 2.21517e+15	2.67e-11	3.65e-05	2.28e-01	7.49e-01	2.29e-02	0.00e+00	0.00e+00	2.67e-12	8.00e-12	1.33e-11	1.22e-05	2.43e-05	1.13e-35
 2.25451e+15	2.94e-11	3.88e-05	2.39e-01	7.41e-01	1.93e-02	0.00e+00	0.00e+00	2.95e-12	8.83e-12	1.47e-11	1.30e-05	2.58e-05	1.53e-35
 2.29213e+15	3.21e-11	4.10e-05	2.50e-01	7.33e-01	1.62e-02	0.00e+00	0.00e+00	3.22e-12	9.66e-12	1.61e-11	1.37e-05	2.73e-05	2.03e-35
 2.32846e+15	3.51e-11	4.32e-05	2.61e-01	7.25e-01	1.34e-02	0.00e+00	0.00e+00	3.53e-12	1.06e-11	1.76e-11	1.45e-05	2.88e-05	2.68e-35
 2.36406e+15	3.75e-11	4.50e-05	2.71e-01	7.18e-01	1.09e-02	0.00e+00	0.00e+00	3.78e-12	1.13e-11	1.89e-11	1.51e-05	2.99e-05	3.39e-35
 2.40479e+15	4.05e-11	4.72e-05	2.83e-01	7.08e-01	8.35e-03	0.00e+00	0.00e+00	4.10e-12	1.23e-11	2.04e-11	1.58e-05	3.14e-05	4.41e-35
 2.44905e+15	4.48e-11	5.02e-05	2.96e-01	6.98e-01	6.09e-03	0.00e+00	0.00e+00	4.55e-12	1.36e-11	2.27e-11	1.68e-05	3.34e-05	5.83e-35
 2.49105e+15	4.72e-11	5.17e-05	3.07e-01	6.88e-01	4.37e-03	0.00e+00	0.00e+00	4.80e-12	1.44e-11	2.39e-11	1.73e-05	3.43e-05	7.34e-35
 2.53881e+15	5.13e-11	5.47e-05	3.20e-01	6.77e-01	2.89e-03	0.00e+00	0.00e+00	5.24e-12	1.57e-11	2.61e-11	1.84e-05	3.64e-05	9.39e-35
 2.60090e+15	5.94e-11	5.95e-05	3.34e-01	6.64e-01	1.64e-03	0.00e+00	0.00e+00	6.08e-12	1.82e-11	3.03e-11	2.00e-05	3.95e-05	1.33e-34
 2.68161e+15	6.89e-11	6.58e-05	3.51e-01	6.48e-01	7.73e-04	0.00e+00	0.00e+00	7.07e-12	2.12e-11	3.52e-11	2.21e-05	4.37e-05	1.91e-34
 2.78179e+15	9.08e-11	7.88e-05	3.71e-01	6.29e-01	3.07e-04	0.00e+00	0.00e+00	9.32e-12	2.79e-11	4.64e-11	2.65e-05	5.23e-05	3.10e-34
 2.89309e+15	1.04e-10	8.51e-05	3.91e-01	6.09e-01	1.14e-04	0.00e+00	0.00e+00	1.07e-11	3.19e-11	5.31e-11	2.87e-05	5.64e-05	4.75e-34
 3.00884e+15	1.26e-10	9.65e-05	4.10e-01	5.90e-01	4.26e-05	0.00e+00	0.00e+00	1.29e-11	3.88e-11	6.44e-11	3.26e-05	6.39e-05	7.33e-34
 3.12922e+15	1.55e-10	1.10e-04	4.30e-01	5.69e-01	1.60e-05	0.00e+00	0.00e+00	1.59e-11	4.77e-11	7.93e-11	3.71e-05	7.25e-05	1.16e-33
 3.25442e+15	2.11e-10	1.33e-04	4.51e-01	5.49e-01	6.05e-06	0.00e+00	0.00e+00	2.17e-11	6.50e-11	1.08e-10	4.52e-05	8.83e-05	1.92e-33
 3.36212e+15	2.23e-10	1.38e-04	4.68e-01	5.32e-01	2.79e-06	0.00e+00	0.00e+00	2.30e-11	6.88e-11	1.14e-10	4.67e-05	9.09e-05	2.66e-33
 3.46302e+15	2.60e-10	1.51e-04	4.84e-01	5.16e-01	1.36e-06	0.00e+00	0.00e+00	2.68e-11	8.01e-11	1.33e-10	5.13e-05	9.97e-05	3.77e-33
 3.59046e+15	3.12e-10	1.69e-04	5.03e-01	4.97e-01	5.76e-07	0.00e+00	0.00e+00	3.21e-11	9.61e-11	1.60e-10	5.73e-05	1.11e-04	5.71e-33
 3.73411e+15	3.76e-10	1.90e-04	5.24e-01	4.76e-01	0.00e+00	0.00e+00	0.00e+00	3.87e-11	1.16e-10	1.92e-10	6.46e-05	1.25e-04	8.73e-33
 3.88351e+15	4.65e-10	2.14e-04	5.44e-01	4.55e-01	0.00e+00	0.00e+00	0.00e+00	4.78e-11	1.43e-10	2.38e-10	7.28e-05	1.41e-04	1.46e-32
 4.03888e+15	6.36e-10	2.62e-04	5.65e-01	4.34e-01	0.00e+00	0.00e+00	0.00e+00	6.55e-11	1.96e-10	3.26e-10	8.91e-05	1.73e-04	2.24e-32
 4.17120e+15	7.50e-10	2.89e-04	5.82e-01	4.17e-01	0.00e+00	0.00e+00	0.00e+00	7.72e-11	2.31e-10	3.84e-10	9.83e-05	1.91e-04	3.25e-32
 4.29338e+15	8.68e-10	3.16e-04	5.98e-01	4.02e-01	0.00e+00	0.00e+00	0.00e+00	8.93e-11	2.67e-10	4.44e-10	1.07e-04	2.08e-04	4.53e-32
 4.44970e+15	1.04e-09	3.51e-04	6.16e-01	3.83e-01	0.00e+00	0.00e+00	0.00e+00	1.07e-10	3.20e-10	5.32e-10	1.19e-04	2.32e-04	6.86e-32
 4.62772e+15	1.26e-09	3.95e-04	6.36e-01	3.63e-01	0.00e+00	0.00e+00	0.00e+00	1.30e-10	3.90e-10	6.48e-10	1.34e-04	2.61e-04	1.08e-31
 4.81286e+15	1.53e-09	4.43e-04	6.56e-01	3.43e-01	0.00e+00	0.00e+00	0.00e+00	1.58e-10	4.73e-10	7.86e-10	1.49e-04	2.94e-04	1.70e-31
 5.00540e+15	1.86e-09	4.96e-04	6.76e-01	3.24e-01	0.00e+00	0.00e+00	0.00e+00	1.92e-10	5.74e-10	9.53e-10	1.66e-04	3.30e-04	2.68e-31
 5.20565e+15	2.25e-09	5.55e-04	6.94e-01	3.05e-01	0.00e+00	0.00e+00	0.00e+00	2.32e-10	6.94e-10	1.15e-09	1.85e-04	3.69e-04	4.23e-31
 5.41391e+15	2.72e-09	6.19e-04	7.13e-01	2.87e-01	0.00e+00	0.00e+00	0.00e+00	2.80e-10	8.40e-10	1.39e-09	2.06e-04	4.13e-04	6.69e-31
 5.63049e+15	3.28e-09	6.90e-04	7.31e-01	2.69e-01	0.00e+00	0.00e+00	0.00e+00	3.39e-10	1.01e-09	1.68e-09	2.29e-04	4.61e-04	1.06e-30
 5.85574e+15	3.96e-09	7.68e-04	7.48e-01	2.51e-01	0.00e+00	0.00e+00	0.00e+00	4.08e-10	1.22e-09	2.03e-09	2.55e-04	5.14e-04	1.68e-30
 6.09000e+15	4.76e-09	8.54e-04	7.64e-01	2.35e-01	0.00e+00	0.00e+00	0.00e+00	4.91e-10	1.47e-09	2.44e-09	2.83e-04	5.71e-04	2.66e-30
 6.33363e+15	5.73e-09	9.48e-04	7.80e-01	2.19e-01	0.00e+00	0.00e+00	0.00e+00	5.91e-10	1.77e-09	2.94e-09	3.14e-04	6.33e-04	4.23e-30
 6.58701e+15	6.87e-09	1.05e-03	7.96e-01	2.03e-01	0.00e+00	0.00e+00	0.00e+00	7.09e-10	2.12e-09	3.52e-09	3.49e-04	7.01e-04	6.75e-30
 6.85052e+15	8.25e-09	1.16e-03	8.10e-01	1.89e-01	0.00e+00	0.00e+00	0.00e+00	8.51e-10	2.55e-09	4.23e-09	3.87e-04	7.76e-04	1.08e-29
 7.12457e+15	9.87e-09	1.29e-03	8.24e-01	1.75e-01	0.00e+00	0.00e+00	0.00e+00	1.02e-09	3.05e-09	5.06e-09	4.29e-04	8.57e-04	1.73e-29
 7.40958e+15	1.18e-08	1.42e-03	8.37e-01	1.62e-01	0.00e+00	0.00e+00	0.00e+00	1.22e-09	3.65e-09	6.06e-09	4.75e-04	9.45e-04	2.77e-29
 7.70599e+15	1.41e-08	1.56e-03	8.49e-01	1.49e-01	0.00e+00	0.00e+00	0.00e+00	1.46e-09	4.36e-09	7.23e-09	5.24e-04	1.04e-03	4.45e-29
 8.01426e+15	1.68e-08	1.72e-03	8.61e-01	1.37e-01	0.00e+00	0.00e+00	0.00e+00	1.74e-09	5.20e-09	8.63e-09	5.78e-04	1.15e-03	7.16e-29
 8.33486e+15	2.00e-08	1.89e-03	8.72e-01	1.26e-01	0.00e+00	0.00e+00	0.00e+00	2.07e-09	6.19e-09	1.03e-08	6.36e-04	1.26e-03	1.15e-28
