#depth	C	C+	C+2	C+3	C+4	C+5	C+6	C[1]	C[2]	C[3]	C+[1]	C+[2]	CO
 1.49634e+10	0.00e+00	1.38e-32	2.26e-22	9.47e-13	1.18e-02	9.59e-01	2.95e-02	0.00e+00	0.00e+00	0.00e+00	0.00e+00	0.00e+00	1.53e-164
 4.54887e+10	9.14e-44	1.88e-32	2.85e-22	1.10e-12	1.28e-02	9.60e-01	2.73e-02	0.00e+00	0.00e+00	0.00e+00	0.00e+00	0.00e+00	6.29e-208
 7.72350e+10	0.00e+00	2.59e-32	3.63e-22	1.30e-12	1.39e-02	9.61e-01	2.52e-02	0.00e+00	0.00e+00	0.00e+00	0.00e+00	0.00e+00	1.91e-163
 1.10251e+11	2.03e-43	3.57e-32	4.62e-22	1.53e-12	1.51e-02	9.62e-01	2.33e-02	0.00e+00	0.00e+00	0.00e+00	0.00e+00	0.00e+00	4.16e-207
 1.44588e+11	0.00e+00	4.91e-32	5.88e-22	1.79e-12	1.64e-02	9.62e-01	2.15e-02	0.00e+00	0.00e+00	0.00e+00	0.00e+00	0.00e+00	2.39e-162
 1.80298e+11	4.52e-43	6.77e-32	7.49e-22	2.11e-12	1.78e-02	9.62e-01	1.99e-02	0.00e+00	0.00e+00	0.00e+00	0.00e+00	0.00e+00	2.74e-206
 2.15824e+11	0.00e+00	9.20e-32	9.43e-22	2.46e-12	1.92e-02	9.62e-01	1.84e-02	0.00e+00	0.00e+00	0.00e+00	0.00e+00	0.00e+00	2.84e-161
 2.52771e+11	9.76e-43	1.25e-31	1.19e-21	2.88e-12	2.08e-02	9.62e-01	1.71e-02	0.00e+00	0.00e+00	0.00e+00	0.00e+00	0.00e+00	1.76e-205
 2.92808e+11	0.00e+00	1.73e-31	1.52e-21	3.39e-12	2.26e-02	9.62e-01	1.58e-02	0.00e+00	0.00e+00	0.00e+00	0.00e+00	0.00e+00	3.41e-160
 3.33546e+11	2.16e-42	2.37e-31	1.92e-21	3.97e-12	2.45e-02	9.61e-01	1.46e-02	0.00e+00	0.00e+00	0.00e+00	0.00e+00	0.00e+00	1.11e-204
 3.75914e+11	0.00e+00	3.25e-31	2.44e-21	4.66e-12	2.66e-02	9.60e-01	1.35e-02	0.00e+00	0.00e+00	0.00e+00	0.00e+00	0.00e+00	4.09e-159
 4.20877e+11	4.79e-42	4.49e-31	3.11e-21	5.48e-12	2.89e-02	9.59e-01	1.24e-02	0.00e+00	0.00e+00	0.00e+00	0.00e+00	0.00e+00	7.00e-204
 4.67639e+11	0.00e+00	6.20e-31	3.97e-21	6.45e-12	3.14e-02	9.57e-01	1.14e-02	0.00e+00	0.00e+00	0.00e+00	0.00e+00	0.00e+00	5.22e-158
 5.16271e+11	1.07e-41	8.57e-31	5.07e-21	7.60e-12	3.41e-02	9.55e-01	1.05e-02	0.00e+00	0.00e+00	0.00e+00	0.00e+00	0.00e+00	4.62e-203
 5.66849e+11	0.00e+00	1.19e-30	6.47e-21	8.95e-12	3.71e-02	9.53e-01	9.70e-03	0.00e+00	0.00e+00	0.00e+00	0.00e+00	0.00e+00	6.69e-157
 6.19449e+11	2.42e-41	1.64e-30	8.27e-21	1.05e-11	4.03e-02	9.51e-01	8.93e-03	0.00e+00	0.00e+00	0.00e+00	0.00e+00	0.00e+00	3.17e-202
 6.74154e+11	0.00e+00	2.27e-30	1.06e-20	1.24e-11	4.38e-02	9.48e-01	8.21e-03	0.00e+00	0.00e+00	0.00e+00	0.00e+00	0.00e+00	8.64e-156
 7.31047e+11	5.45e-41	3.15e-30	1.35e-20	1.47e-11	4.76e-02	9.45e-01	7.55e-03	0.00e+00	0.00e+00	0.00e+00	0.00e+00	0.00e+00	1.86e-201
 7.90216e+11	0.00e+00	4.37e-30	1.73e-20	1.73e-11	5.18e-02	9.41e-01	6.93e-03	0.00e+00	0.00e+00	0.00e+00	0.00e+00	0.00e+00	1.12e-154
 8.51751e+11	1.24e-40	6.07e-30	2.21e-20	2.04e-11	5.63e-02	9.37e-01	6.36e-03	0.00e+00	0.00e+00	0.00e+00	0.00e+00	0.00e+00	1.31e-200
 9.15748e+11	0.00e+00	8.43e-30	2.84e-20	2.41e-11	6.12e-02	9.33e-01	5.84e-03	0.00e+00	0.00e+00	0.00e+00	0.00e+00	0.00e+00	1.47e-153
 9.82305e+11	2.81e-40	1.17e-29	3.64e-20	2.84e-11	6.65e-02	9.28e-01	5.35e-03	0.00e+00	0.00e+00	0.00e+00	0.00e+00	0.00e+00	6.14e-200
 1.05152e+12	0.00e+00	1.63e-29	4.66e-20	3.35e-11	7.23e-02	9.23e-01	4.90e-03	0.00e+00	0.00e+00	0.00e+00	0.00e+00	0.00e+00	1.95e-152
 1.12351e+12	6.41e-40	2.27e-29	5.98e-20	3.96e-11	7.86e-02	9.17e-01	4.48e-03	0.00e+00	0.00e+00	0.00e+00	0.00e+00	0.00e+00	8.75e-199
 1.19838e+12	0.00e+00	3.16e-29	7.68e-20	4.67e-11	8.55e-02	9.10e-01	4.09e-03	0.00e+00	0.00e+00	0.00e+00	0.00e+00	0.00e+00	2.62e-151
 1.27624e+12	1.47e-39	4.41e-29	9.87e-20	5.52e-11	9.29e-02	9.03e-01	3.74e-03	0.00e+00	0.00e+00	0.00e+00	0.00e+00	0.00e+00	8.85e-198
 1.35722e+12	0.00e+00	6.15e-29	1.27e-19	6.52e-11	1.01e-01	8.96e-01	3.41e-03	0.00e+00	0.00e+00	0.00e+00	0.00e+00	0.00e+00	3.54e-150
 1.44143e+12	3.39e-39	8.60e-29	1.63e-19	7.71e-11	1.10e-01	8.87e-01	3.10e-03	0.00e+00	0.00e+00	0.00e+00	0.00e+00	0.00e+00	6.92e-197
 1.52902e+12	0.00e+00	1.20e-28	2.10e-19	9.11e-11	1.19e-01	8.78e-01	2.82e-03	0.00e+00	0.00e+00	0.00e+00	0.00e+00	0.00e+00	4.85e-149
 1.61055e+12	7.50e-39	1.62e-28	2.63e-19	1.06e-10	1.28e-01	8.69e-01	2.59e-03	0.00e+00	0.00e+00	0.00e+00	0.00e+00	0.00e+00	4.54e-196
 1.68217e+12	0.00e+00	2.10e-28	3.19e-19	1.20e-10	1.36e-01	8.61e-01	2.41e-03	0.00e+00	0.00e+00	0.00e+00	0.00e+00	0.00e+00	4.29e-148
 1.76206e+12	1.47e-38	2.77e-28	3.94e-19	1.38e-10	1.46e-01	8.52e-01	2.22e-03	0.00e+00	0.00e+00	0.00e+00	0.00e+00	0.00e+00	0.00e+00
 1.85832e+12	0.00e+00	3.83e-28	5.02e-19	1.62e-10	1.57e-01	8.41e-01	2.01e-03	0.00e+00	0.00e+00	0.00e+00	0.00e+00	0.00e+00	4.51e-147
 1.95548e+12	3.26e-38	5.24e-28	6.36e-19	1.89e-10	1.69e-01	8.29e-01	1.83e-03	0.00e+00	0.00e+00	0.00e+00	0.00e+00	0.00e+00	2.41e-206
 2.04490e+12	0.00e+00	6.93e-28	7.84e-19	2.17e-10	1.81e-01	8.17e-01	1.68e-03	0.00e+00	0.00e+00	0.00e+00	0.00e+00	0.00e+00	4.65e-146
 2.14461e+12	6.80e-38	9.41e-28	9.87e-19	2.52e-10	1.94e-01	8.04e-01	1.53e-03	0.00e+00	0.00e+00	0.00e+00	0.00e+00	0.00e+00	0.00e+00
 2.25995e+12	0.00e+00	1.31e-27	1.27e-18	2.97e-10	2.10e-01	7.89e-01	1.38e-03	0.00e+00	0.00e+00	0.00e+00	0.00e+00	0.00e+00	5.73e-145
 2.37280e+12	1.54e-37	1.80e-27	1.61e-18	3.46e-10	2.25e-01	7.74e-01	1.24e-03	0.00e+00	0.00e+00	0.00e+00	0.00e+00	0.00e+00	1.45e-204
 2.47900e+12	0.00e+00	2.41e-27	1.99e-18	3.98e-10	2.40e-01	7.59e-01	1.13e-03	0.00e+00	0.00e+00	0.00e+00	0.00e+00	0.00e+00	6.21e-144
 2.59692e+12	3.27e-37	3.28e-27	2.51e-18	4.62e-10	2.56e-01	7.43e-01	1.02e-03	0.00e+00	0.00e+00	0.00e+00	0.00e+00	0.00e+00	0.00e+00
 2.73072e+12	0.00e+00	4.59e-27	3.23e-18	5.43e-10	2.76e-01	7.24e-01	9.07e-04	0.00e+00	0.00e+00	0.00e+00	0.00e+00	0.00e+00	7.96e-143
 2.86263e+12	7.46e-37	6.31e-27	4.10e-18	6.32e-10	2.94e-01	7.05e-01	8.11e-04	0.00e+00	0.00e+00	0.00e+00	0.00e+00	0.00e+00	1.02e-202
 2.99982e+12	0.00e+00	8.67e-27	5.20e-18	7.36e-10	3.14e-01	6.85e-01	7.24e-04	0.00e+00	0.00e+00	0.00e+00	0.00e+00	0.00e+00	9.99e-142
 3.14974e+12	1.70e-36	1.21e-26	6.66e-18	8.61e-10	3.36e-01	6.63e-01	6.40e-04	0.00e+00	0.00e+00	0.00e+00	0.00e+00	0.00e+00	3.60e-214
 3.30043e+12	0.00e+00	1.67e-26	8.46e-18	1.00e-09	3.58e-01	6.42e-01	5.67e-04	0.00e+00	0.00e+00	0.00e+00	0.00e+00	0.00e+00	1.37e-140
 3.45715e+12	3.82e-36	2.30e-26	1.07e-17	1.16e-09	3.80e-01	6.20e-01	5.01e-04	0.00e+00	0.00e+00	0.00e+00	0.00e+00	0.00e+00	0.00e+00
 3.62536e+12	0.00e+00	3.19e-26	1.37e-17	1.36e-09	4.03e-01	5.96e-01	4.40e-04	0.00e+00	0.00e+00	0.00e+00	0.00e+00	0.00e+00	1.86e-139
 3.80030e+12	8.76e-36	4.42e-26	1.75e-17	1.58e-09	4.27e-01	5.72e-01	3.85e-04	0.00e+00	0.00e+00	0.00e+00	0.00e+00	0.00e+00	0.00e+00
 3.98224e+12	0.00e+00	6.11e-26	2.22e-17	1.83e-09	4.52e-01	5.48e-01	3.36e-04	0.00e+00	0.00e+00	0.00e+00	0.00e+00	0.00e+00	2.62e-138
 4.17146e+12	1.99e-35	8.43e-26	2.81e-17	2.12e-09	4.77e-01	5.23e-01	2.92e-04	0.00e+00	0.00e+00	0.00e+00	0.00e+00	0.00e+00	0.00e+00
 4.36824e+12	0.00e+00	1.16e-25	3.56e-17	2.44e-09	5.01e-01	4.98e-01	2.54e-04	0.00e+00	0.00e+00	0.00e+00	0.00e+00	0.00e+00	3.63e-137
 4.55581e+12	4.33e-35	1.55e-25	4.42e-17	2.79e-09	5.24e-01	4.76e-01	2.22e-04	0.00e+00	0.00e+00	0.00e+00	0.00e+00	0.00e+00	0.00e+00
 4.72710e+12	0.00e+00	2.00e-25	5.33e-17	3.12e-09	5.44e-01	4.56e-01	1.98e-04	0.00e+00	0.00e+00	0.00e+00	0.00e+00	0.00e+00	3.47e-136
 4.92041e+12	8.53e-35	2.64e-25	6.53e-17	3.53e-09	5.66e-01	4.34e-01	1.73e-04	0.00e+00	0.00e+00	0.00e+00	0.00e+00	0.00e+00	7.92e-99
 5.13536e+12	1.24e-34	3.55e-25	8.11e-17	4.02e-09	5.89e-01	4.11e-01	1.50e-04	0.00e+00	0.00e+00	0.00e+00	0.00e+00	0.00e+00	0.00e+00
 5.33716e+12	1.74e-34	4.62e-25	9.85e-17	4.51e-09	6.09e-01	3.91e-01	1.32e-04	0.00e+00	0.00e+00	0.00e+00	0.00e+00	0.00e+00	2.03e-116
 5.55690e+12	2.48e-34	6.09e-25	1.21e-16	5.08e-09	6.30e-01	3.70e-01	1.14e-04	0.00e+00	0.00e+00	0.00e+00	0.00e+00	0.00e+00	1.01e-97
 5.80277e+12	3.62e-34	8.18e-25	1.50e-16	5.78e-09	6.53e-01	3.47e-01	9.79e-05	0.00e+00	0.00e+00	0.00e+00	0.00e+00	0.00e+00	0.00e+00
 6.03779e+12	5.12e-34	1.07e-24	1.82e-16	6.49e-09	6.72e-01	3.27e-01	8.48e-05	0.00e+00	0.00e+00	0.00e+00	0.00e+00	0.00e+00	4.56e-115
 6.28855e+12	7.29e-34	1.41e-24	2.23e-16	7.29e-09	6.92e-01	3.08e-01	7.30e-05	0.00e+00	0.00e+00	0.00e+00	0.00e+00	0.00e+00	1.33e-96
 6.57001e+12	1.06e-33	1.90e-24	2.77e-16	8.27e-09	7.13e-01	2.87e-01	6.19e-05	0.00e+00	0.00e+00	0.00e+00	0.00e+00	0.00e+00	0.00e+00
 6.84770e+12	1.52e-33	2.50e-24	3.39e-16	9.30e-09	7.32e-01	2.68e-01	5.28e-05	0.00e+00	0.00e+00	0.00e+00	0.00e+00	0.00e+00	1.09e-113
 7.13649e+12	2.17e-33	3.30e-24	4.15e-16	1.04e-08	7.50e-01	2.50e-01	4.50e-05	0.00e+00	0.00e+00	0.00e+00	0.00e+00	0.00e+00	1.81e-95
 7.42186e+12	3.03e-33	4.28e-24	5.03e-16	1.16e-08	7.66e-01	2.34e-01	3.85e-05	0.00e+00	0.00e+00	0.00e+00	0.00e+00	0.00e+00	8.27e-113
 7.67022e+12	4.01e-33	5.32e-24	5.90e-16	1.28e-08	7.80e-01	2.20e-01	3.38e-05	0.00e+00	0.00e+00	0.00e+00	0.00e+00	0.00e+00	7.95e-95
 7.94070e+12	5.37e-33	6.68e-24	6.97e-16	1.40e-08	7.93e-01	2.07e-01	2.94e-05	0.00e+00	0.00e+00	0.00e+00	0.00e+00	0.00e+00	4.51e-112
 8.27041e+12	7.57e-33	8.73e-24	8.48e-16	1.57e-08	8.08e-01	1.92e-01	2.48e-05	0.00e+00	0.00e+00	0.00e+00	0.00e+00	0.00e+00	3.67e-94
 8.60243e+12	1.05e-32	1.13e-23	1.02e-15	1.75e-08	8.22e-01	1.78e-01	2.11e-05	0.00e+00	0.00e+00	0.00e+00	0.00e+00	0.00e+00	3.34e-111
 8.89985e+12	1.40e-32	1.41e-23	1.20e-15	1.91e-08	8.33e-01	1.67e-01	1.83e-05	0.00e+00	0.00e+00	0.00e+00	0.00e+00	0.00e+00	1.60e-93
 9.22700e+12	1.89e-32	1.78e-23	1.43e-15	2.11e-08	8.45e-01	1.55e-01	1.57e-05	0.00e+00	0.00e+00	0.00e+00	0.00e+00	0.00e+00	1.91e-110
 9.61511e+12	2.65e-32	2.32e-23	1.74e-15	2.35e-08	8.57e-01	1.43e-01	1.31e-05	0.00e+00	0.00e+00	0.00e+00	0.00e+00	0.00e+00	7.44e-93
 9.99979e+12	3.65e-32	2.98e-23	2.09e-15	2.61e-08	8.68e-01	1.32e-01	1.11e-05	0.00e+00	0.00e+00	0.00e+00	0.00e+00	0.00e+00	1.39e-109
 1.03541e+13	4.84e-32	3.71e-23	2.46e-15	2.86e-08	8.77e-01	1.23e-01	9.53e-06	0.00e+00	0.00e+00	0.00e+00	0.00e+00	0.00e+00	3.18e-92
 1.07517e+13	6.56e-32	4.71e-23	2.94e-15	3.16e-08	8.86e-01	1.14e-01	8.08e-06	0.00e+00	0.00e+00	0.00e+00	0.00e+00	0.00e+00	8.24e-109
 1.12109e+13	9.16e-32	6.12e-23	3.57e-15	3.52e-08	8.96e-01	1.04e-01	6.71e-06	0.00e+00	0.00e+00	0.00e+00	0.00e+00	0.00e+00	1.48e-91
 1.16609e+13	1.25e-31	7.81e-23	4.28e-15	3.90e-08	9.04e-01	9.57e-02	5.63e-06	0.00e+00	0.00e+00	0.00e+00	0.00e+00	0.00e+00	5.95e-108
 1.20912e+13	1.66e-31	9.77e-23	5.06e-15	4.28e-08	9.11e-01	8.86e-02	4.79e-06	0.00e+00	0.00e+00	0.00e+00	0.00e+00	0.00e+00	6.22e-91
 1.25672e+13	2.25e-31	1.24e-22	6.04e-15	4.72e-08	9.19e-01	8.15e-02	4.03e-06	0.00e+00	0.00e+00	0.00e+00	0.00e+00	0.00e+00	3.62e-107
 1.30998e+13	3.10e-31	1.59e-22	7.29e-15	5.24e-08	9.26e-01	7.44e-02	3.34e-06	0.00e+00	0.00e+00	0.00e+00	0.00e+00	0.00e+00	2.80e-90
 1.36391e+13	4.22e-31	2.03e-22	8.75e-15	5.81e-08	9.32e-01	6.81e-02	2.78e-06	0.00e+00	0.00e+00	0.00e+00	0.00e+00	0.00e+00	2.58e-106
 1.42001e+13	5.74e-31	2.58e-22	1.05e-14	6.42e-08	9.38e-01	6.23e-02	2.32e-06	0.00e+00	0.00e+00	0.00e+00	0.00e+00	0.00e+00	1.25e-89
 1.47980e+13	7.83e-31	3.30e-22	1.26e-14	7.12e-08	9.43e-01	5.69e-02	1.92e-06	0.00e+00	0.00e+00	0.00e+00	0.00e+00	0.00e+00	1.79e-105
 1.54198e+13	1.06e-30	4.21e-22	1.51e-14	7.88e-08	9.48e-01	5.19e-02	1.60e-06	0.00e+00	0.00e+00	0.00e+00	0.00e+00	0.00e+00	5.69e-89
 1.60665e+13	1.44e-30	5.35e-22	1.81e-14	8.71e-08	9.53e-01	4.74e-02	1.32e-06	0.00e+00	0.00e+00	0.00e+00	0.00e+00	0.00e+00	1.26e-104
 1.67128e+13	1.93e-30	6.73e-22	2.15e-14	9.58e-08	9.57e-01	4.34e-02	1.11e-06	0.00e+00	0.00e+00	0.00e+00	0.00e+00	0.00e+00	2.48e-88
 1.73128e+13	2.50e-30	8.26e-22	2.51e-14	1.04e-07	9.60e-01	4.02e-02	9.45e-07	0.00e+00	0.00e+00	0.00e+00	0.00e+00	0.00e+00	7.32e-104
 1.79632e+13	3.28e-30	1.02e-21	2.94e-14	1.14e-07	9.63e-01	3.70e-02	0.00e+00	0.00e+00	0.00e+00	0.00e+00	0.00e+00	0.00e+00	9.32e-88
 1.86930e+13	4.38e-30	1.28e-21	3.48e-14	1.25e-07	9.66e-01	3.39e-02	0.00e+00	0.00e+00	0.00e+00	0.00e+00	0.00e+00	0.00e+00	4.48e-103
 1.93388e+13	5.60e-30	1.56e-21	4.03e-14	1.36e-07	9.69e-01	3.15e-02	0.00e+00	0.00e+00	0.00e+00	0.00e+00	0.00e+00	0.00e+00	3.60e-87
 1.98902e+13	6.87e-30	1.83e-21	4.53e-14	1.45e-07	9.70e-01	2.96e-02	0.00e+00	0.00e+00	0.00e+00	0.00e+00	0.00e+00	0.00e+00	1.94e-102
 2.05077e+13	8.58e-30	2.18e-21	5.16e-14	1.55e-07	9.72e-01	2.77e-02	0.00e+00	0.00e+00	0.00e+00	0.00e+00	0.00e+00	0.00e+00	1.07e-86
 2.12889e+13	1.12e-29	2.69e-21	6.03e-14	1.69e-07	9.74e-01	2.55e-02	0.00e+00	0.00e+00	0.00e+00	0.00e+00	0.00e+00	0.00e+00	9.72e-102
 2.21108e+13	1.48e-29	3.33e-21	7.07e-14	1.85e-07	9.77e-01	2.35e-02	0.00e+00	0.00e+00	0.00e+00	0.00e+00	0.00e+00	0.00e+00	4.33e-86
 2.28548e+13	1.88e-29	4.02e-21	8.11e-14	1.99e-07	9.78e-01	2.19e-02	0.00e+00	0.00e+00	0.00e+00	0.00e+00	0.00e+00	0.00e+00	5.26e-101
 2.36696e+13	2.42e-29	4.91e-21	9.37e-14	2.15e-07	9.80e-01	2.03e-02	0.00e+00	0.00e+00	0.00e+00	0.00e+00	0.00e+00	0.00e+00	1.57e-85
 2.45365e+13	3.14e-29	6.01e-21	1.09e-13	2.34e-07	9.81e-01	1.88e-02	0.00e+00	0.00e+00	0.00e+00	0.00e+00	0.00e+00	0.00e+00	2.87e-100
 2.52920e+13	3.91e-29	7.14e-21	1.23e-13	2.50e-07	9.82e-01	1.76e-02	0.00e+00	0.00e+00	0.00e+00	0.00e+00	0.00e+00	0.00e+00	5.55e-85
 2.60951e+13	4.91e-29	8.52e-21	1.40e-13	2.68e-07	9.84e-01	1.64e-02	0.00e+00	0.00e+00	0.00e+00	0.00e+00	0.00e+00	0.00e+00	1.27e-99
 2.70949e+13	6.44e-29	1.05e-20	1.63e-13	2.91e-07	9.85e-01	1.52e-02	0.00e+00	0.00e+00	0.00e+00	0.00e+00	0.00e+00	0.00e+00	2.07e-84
 2.81004e+13	8.43e-29	1.30e-20	1.89e-13	3.15e-07	9.86e-01	1.41e-02	0.00e+00	0.00e+00	0.00e+00	0.00e+00	0.00e+00	0.00e+00	7.58e-99
 2.89738e+13	1.05e-28	1.54e-20	2.14e-13	3.37e-07	9.87e-01	1.32e-02	0.00e+00	0.00e+00	0.00e+00	0.00e+00	0.00e+00	0.00e+00	7.65e-84
 2.99257e+13	1.34e-28	1.85e-20	2.44e-13	3.61e-07	9.88e-01	1.23e-02	0.00e+00	0.00e+00	0.00e+00	0.00e+00	0.00e+00	0.00e+00	3.50e-98
 3.10879e+13	1.77e-28	2.30e-20	2.85e-13	3.92e-07	9.89e-01	1.14e-02	0.00e+00	0.00e+00	0.00e+00	0.00e+00	0.00e+00	0.00e+00	3.09e-83
 3.22683e+13	2.33e-28	2.85e-20	3.31e-13	4.24e-07	9.89e-01	1.05e-02	0.00e+00	0.00e+00	0.00e+00	0.00e+00	0.00e+00	0.00e+00	2.21e-97
 3.33380e+13	2.97e-28	3.43e-20	3.78e-13	4.54e-07	9.90e-01	9.82e-03	0.00e+00	0.00e+00	0.00e+00	0.00e+00	0.00e+00	0.00e+00	1.24e-82
 3.45189e+13	3.85e-28	4.19e-20	4.34e-13	4.89e-07	9.91e-01	9.14e-03	0.00e+00	0.00e+00	0.00e+00	0.00e+00	0.00e+00	0.00e+00	1.16e-96
 3.59050e+13	5.19e-28	5.26e-20	5.08e-13	5.31e-07	9.92e-01	8.43e-03	0.00e+00	0.00e+00	0.00e+00	0.00e+00	0.00e+00	0.00e+00	5.61e-82
 3.72904e+13	6.89e-28	6.53e-20	5.91e-13	5.74e-07	9.92e-01	7.80e-03	0.00e+00	0.00e+00	0.00e+00	0.00e+00	0.00e+00	0.00e+00	7.92e-96
 3.86128e+13	8.97e-28	7.98e-20	6.80e-13	6.17e-07	9.93e-01	7.26e-03	0.00e+00	0.00e+00	0.00e+00	0.00e+00	0.00e+00	0.00e+00	2.48e-81
 4.00689e+13	1.19e-27	9.89e-20	7.88e-13	6.66e-07	9.93e-01	6.74e-03	0.00e+00	0.00e+00	0.00e+00	0.00e+00	0.00e+00	0.00e+00	4.75e-95
 4.17016e+13	1.61e-27	1.25e-19	9.24e-13	7.23e-07	9.94e-01	6.21e-03	0.00e+00	0.00e+00	0.00e+00	0.00e+00	0.00e+00	0.00e+00	1.23e-80
 4.33996e+13	2.19e-27	1.57e-19	1.08e-12	7.85e-07	9.94e-01	5.73e-03	0.00e+00	0.00e+00	0.00e+00	0.00e+00	0.00e+00	0.00e+00	3.53e-94
 4.51655e+13	2.97e-27	1.98e-19	1.27e-12	8.51e-07	9.95e-01	5.29e-03	0.00e+00	0.00e+00	0.00e+00	0.00e+00	0.00e+00	0.00e+00	6.50e-80
 4.70020e+13	4.03e-27	2.50e-19	1.49e-12	9.23e-07	9.95e-01	4.88e-03	0.00e+00	0.00e+00	0.00e+00	0.00e+00	0.00e+00	0.00e+00	2.63e-93
 4.89120e+13	5.49e-27	3.16e-19	1.74e-12	1.00e-06	9.95e-01	4.51e-03	0.00e+00	0.00e+00	0.00e+00	0.00e+00	0.00e+00	0.00e+00	3.50e-79
 5.08120e+13	7.37e-27	3.95e-19	2.02e-12	1.08e-06	9.96e-01	4.18e-03	0.00e+00	0.00e+00	0.00e+00	0.00e+00	0.00e+00	0.00e+00	1.90e-92
 5.27880e+13	9.92e-27	4.94e-19	2.35e-12	1.17e-06	9.96e-01	3.87e-03	0.00e+00	0.00e+00	0.00e+00	0.00e+00	0.00e+00	0.00e+00	1.78e-78
 5.49294e+13	1.35e-26	6.24e-19	2.75e-12	1.26e-06	9.96e-01	3.58e-03	0.00e+00	0.00e+00	0.00e+00	0.00e+00	0.00e+00	0.00e+00	1.38e-91
 5.71060e+13	1.83e-26	7.84e-19	3.21e-12	1.36e-06	9.97e-01	3.31e-03	0.00e+00	0.00e+00	0.00e+00	0.00e+00	0.00e+00	0.00e+00	9.54e-78
 5.90861e+13	2.39e-26	9.58e-19	3.68e-12	1.46e-06	9.97e-01	3.09e-03	0.00e+00	0.00e+00	0.00e+00	0.00e+00	0.00e+00	0.00e+00	8.79e-91
 6.08537e+13	3.00e-26	1.14e-18	4.13e-12	1.55e-06	9.97e-01	2.92e-03	0.00e+00	0.00e+00	0.00e+00	0.00e+00	0.00e+00	0.00e+00	3.71e-77
 6.28599e+13	3.88e-26	1.38e-18	4.70e-12	1.65e-06	9.97e-01	2.74e-03	0.00e+00	0.00e+00	0.00e+00	0.00e+00	0.00e+00	0.00e+00	7.53e-77
 6.52887e+13	5.20e-26	1.72e-18	5.46e-12	1.78e-06	9.97e-01	2.54e-03	0.00e+00	0.00e+00	0.00e+00	0.00e+00	0.00e+00	0.00e+00	1.68e-76
 6.77707e+13	6.95e-26	2.14e-18	6.33e-12	1.92e-06	9.98e-01	2.35e-03	0.00e+00	0.00e+00	0.00e+00	0.00e+00	0.00e+00	0.00e+00	3.73e-76
 7.00959e+13	9.07e-26	2.62e-18	7.23e-12	2.05e-06	9.98e-01	2.20e-03	0.00e+00	0.00e+00	0.00e+00	0.00e+00	0.00e+00	0.00e+00	7.77e-76
 7.26735e+13	1.20e-25	3.23e-18	8.34e-12	2.21e-06	9.98e-01	2.05e-03	0.00e+00	0.00e+00	0.00e+00	0.00e+00	0.00e+00	0.00e+00	1.67e-75
 7.56104e+13	1.63e-25	4.08e-18	9.76e-12	2.39e-06	9.98e-01	1.89e-03	0.00e+00	0.00e+00	0.00e+00	0.00e+00	0.00e+00	0.00e+00	3.91e-75
 7.85507e+13	2.20e-25	5.11e-18	1.14e-11	2.58e-06	9.98e-01	1.75e-03	0.00e+00	0.00e+00	0.00e+00	0.00e+00	0.00e+00	0.00e+00	8.82e-75
 8.16086e+13	2.96e-25	6.40e-18	1.32e-11	2.78e-06	9.98e-01	1.62e-03	0.00e+00	0.00e+00	0.00e+00	0.00e+00	0.00e+00	0.00e+00	2.01e-74
 8.49029e+13	4.02e-25	8.07e-18	1.54e-11	3.01e-06	9.98e-01	1.50e-03	0.00e+00	0.00e+00	0.00e+00	0.00e+00	0.00e+00	0.00e+00	4.66e-74
 8.83289e+13	5.49e-25	1.02e-17	1.81e-11	3.26e-06	9.99e-01	1.39e-03	0.00e+00	0.00e+00	0.00e+00	0.00e+00	0.00e+00	0.00e+00	1.10e-73
 9.18920e+13	7.43e-25	1.28e-17	2.12e-11	3.53e-06	9.99e-01	1.28e-03	0.00e+00	0.00e+00	0.00e+00	0.00e+00	0.00e+00	0.00e+00	2.51e-73
 9.52081e+13	9.80e-25	1.58e-17	2.43e-11	3.79e-06	9.99e-01	1.19e-03	0.00e+00	0.00e+00	0.00e+00	0.00e+00	0.00e+00	0.00e+00	5.38e-73
 9.81222e+13	1.24e-24	1.89e-17	2.74e-11	4.03e-06	9.99e-01	1.12e-03	0.00e+00	0.00e+00	0.00e+00	0.00e+00	0.00e+00	0.00e+00	1.03e-72
 1.01375e+14	1.60e-24	2.29e-17	3.12e-11	4.30e-06	9.99e-01	1.05e-03	0.00e+00	0.00e+00	0.00e+00	0.00e+00	0.00e+00	0.00e+00	2.06e-72
 1.05293e+14	2.13e-24	2.85e-17	3.63e-11	4.65e-06	9.99e-01	9.71e-04	0.00e+00	0.00e+00	0.00e+00	0.00e+00	0.00e+00	0.00e+00	4.54e-72
 1.09226e+14	2.84e-24	3.54e-17	4.21e-11	5.00e-06	9.99e-01	9.03e-04	0.00e+00	0.00e+00	0.00e+00	0.00e+00	0.00e+00	0.00e+00	1.01e-71
 1.12819e+14	3.64e-24	4.27e-17	4.78e-11	5.34e-06	9.99e-01	8.44e-04	0.00e+00	0.00e+00	0.00e+00	0.00e+00	0.00e+00	0.00e+00	1.97e-71
 1.16819e+14	4.77e-24	5.23e-17	5.49e-11	5.72e-06	9.99e-01	7.87e-04	0.00e+00	0.00e+00	0.00e+00	0.00e+00	1.69e-17	3.54e-17	4.15e-71
 1.21477e+14	6.43e-24	6.58e-17	6.43e-11	6.20e-06	9.99e-01	7.27e-04	0.00e+00	0.00e+00	0.00e+00	0.00e+00	2.18e-17	4.39e-17	9.44e-71
 1.26025e+14	8.56e-24	8.16e-17	7.44e-11	6.68e-06	9.99e-01	6.75e-04	0.00e+00	0.00e+00	0.00e+00	0.00e+00	2.71e-17	5.45e-17	2.07e-70
 1.30279e+14	1.11e-23	9.94e-17	8.49e-11	7.14e-06	9.99e-01	6.31e-04	0.00e+00	0.00e+00	0.00e+00	0.00e+00	3.30e-17	6.64e-17	4.23e-70
 1.35045e+14	1.46e-23	1.23e-16	9.80e-11	7.68e-06	9.99e-01	5.87e-04	0.00e+00	0.00e+00	0.00e+00	0.00e+00	4.07e-17	8.19e-17	9.07e-70
 1.40476e+14	1.98e-23	1.54e-16	1.15e-10	8.32e-06	9.99e-01	5.42e-04	0.00e+00	0.00e+00	0.00e+00	0.00e+00	5.12e-17	1.03e-16	2.07e-69
 1.45854e+14	2.66e-23	1.93e-16	1.33e-10	8.97e-06	9.99e-01	5.02e-04	0.00e+00	0.00e+00	0.00e+00	0.00e+00	6.39e-17	1.29e-16	4.66e-69
 1.51447e+14	3.54e-23	2.40e-16	1.55e-10	9.69e-06	1.00e+00	4.65e-04	0.00e+00	0.00e+00	0.00e+00	0.00e+00	7.95e-17	1.60e-16	1.02e-68
 1.57535e+14	4.83e-23	3.03e-16	1.82e-10	1.05e-05	1.00e+00	4.30e-04	0.00e+00	0.00e+00	0.00e+00	0.00e+00	1.01e-16	2.02e-16	2.41e-68
 1.63737e+14	6.49e-23	3.79e-16	2.12e-10	1.14e-05	1.00e+00	3.97e-04	0.00e+00	0.00e+00	0.00e+00	0.00e+00	1.26e-16	2.53e-16	5.38e-68
 1.70187e+14	8.76e-23	4.75e-16	2.47e-10	1.23e-05	1.00e+00	3.68e-04	0.00e+00	0.00e+00	0.00e+00	0.00e+00	1.58e-16	3.17e-16	1.23e-67
 1.76782e+14	1.18e-22	5.95e-16	2.88e-10	1.32e-05	1.00e+00	3.41e-04	0.00e+00	0.00e+00	0.00e+00	0.00e+00	1.98e-16	3.98e-16	2.79e-67
 1.83641e+14	1.58e-22	7.45e-16	3.35e-10	1.43e-05	1.00e+00	3.15e-04	0.00e+00	0.00e+00	0.00e+00	0.00e+00	2.47e-16	4.97e-16	6.28e-67
 1.90589e+14	2.11e-22	9.26e-16	3.89e-10	1.54e-05	1.00e+00	2.93e-04	0.00e+00	0.00e+00	0.00e+00	0.00e+00	3.07e-16	6.19e-16	1.39e-66
 1.97125e+14	2.74e-22	1.13e-15	4.46e-10	1.65e-05	1.00e+00	2.73e-04	0.00e+00	0.00e+00	0.00e+00	0.00e+00	3.75e-16	7.54e-16	2.84e-66
 2.04350e+14	3.62e-22	1.39e-15	5.15e-10	1.78e-05	1.00e+00	2.54e-04	0.00e+00	0.00e+00	0.00e+00	0.00e+00	4.62e-16	9.31e-16	6.10e-66
 2.12554e+14	4.90e-22	1.75e-15	6.03e-10	1.92e-05	1.00e+00	2.35e-04	0.00e+00	0.00e+00	0.00e+00	0.00e+00	5.81e-16	1.17e-15	1.39e-65
 2.20652e+14	6.57e-22	2.19e-15	7.00e-10	2.07e-05	1.00e+00	2.18e-04	0.00e+00	0.00e+00	0.00e+00	0.00e+00	7.26e-16	1.46e-15	3.14e-65
 2.27836e+14	8.35e-22	2.62e-15	7.96e-10	2.21e-05	1.00e+00	2.04e-04	0.00e+00	0.00e+00	0.00e+00	0.00e+00	8.70e-16	1.75e-15	6.05e-65
 2.35355e+14	1.08e-21	3.19e-15	9.06e-10	2.36e-05	1.00e+00	1.92e-04	0.00e+00	0.00e+00	0.00e+00	0.00e+00	1.06e-15	2.13e-15	1.24e-64
 2.44411e+14	1.43e-21	3.95e-15	1.05e-09	2.55e-05	1.00e+00	1.77e-04	0.00e+00	0.00e+00	0.00e+00	0.00e+00	1.31e-15	2.64e-15	2.67e-64
 2.53398e+14	1.90e-21	4.90e-15	1.22e-09	2.74e-05	1.00e+00	1.65e-04	0.00e+00	0.00e+00	0.00e+00	0.00e+00	1.62e-15	3.27e-15	5.88e-64
 2.61522e+14	2.40e-21	5.85e-15	1.38e-09	2.92e-05	1.00e+00	1.55e-04	0.00e+00	0.00e+00	0.00e+00	0.00e+00	1.94e-15	3.91e-15	1.11e-63
 2.70594e+14	3.14e-21	7.16e-15	1.58e-09	3.12e-05	1.00e+00	1.45e-04	0.00e+00	0.00e+00	0.00e+00	0.00e+00	2.38e-15	4.79e-15	2.34e-63
 2.80628e+14	4.09e-21	8.77e-15	1.83e-09	3.37e-05	1.00e+00	1.34e-04	0.00e+00	0.00e+00	0.00e+00	0.00e+00	2.91e-15	5.86e-15	4.84e-63
 2.89889e+14	5.29e-21	1.07e-14	2.08e-09	3.59e-05	1.00e+00	1.26e-04	0.00e+00	0.00e+00	0.00e+00	0.00e+00	3.54e-15	7.13e-15	9.90e-63
 2.99905e+14	6.78e-21	1.29e-14	2.39e-09	3.85e-05	1.00e+00	1.17e-04	0.00e+00	0.00e+00	0.00e+00	0.00e+00	4.27e-15	8.60e-15	1.95e-62
 3.11062e+14	9.00e-21	1.60e-14	2.76e-09	4.14e-05	1.00e+00	1.09e-04	0.00e+00	0.00e+00	0.00e+00	0.00e+00	5.30e-15	1.07e-14	4.28e-62
 3.21556e+14	1.14e-20	1.92e-14	3.15e-09	4.43e-05	1.00e+00	1.02e-04	0.00e+00	0.00e+00	0.00e+00	0.00e+00	6.36e-15	1.28e-14	8.24e-62
 3.33053e+14	1.48e-20	2.34e-14	3.63e-09	4.76e-05	1.00e+00	9.49e-05	0.00e+00	0.00e+00	0.00e+00	0.00e+00	7.77e-15	1.57e-14	1.69e-61
 3.45798e+14	1.96e-20	2.90e-14	4.22e-09	5.13e-05	1.00e+00	8.79e-05	0.00e+00	0.00e+00	0.00e+00	0.00e+00	9.61e-15	1.94e-14	3.64e-61
 3.57647e+14	2.54e-20	3.54e-14	4.82e-09	5.50e-05	1.00e+00	8.21e-05	0.00e+00	0.00e+00	0.00e+00	0.00e+00	1.17e-14	2.36e-14	7.48e-61
 3.70530e+14	3.26e-20	4.29e-14	5.56e-09	5.91e-05	1.00e+00	7.63e-05	0.00e+00	0.00e+00	0.00e+00	0.00e+00	1.42e-14	2.87e-14	1.49e-60
 3.84924e+14	4.28e-20	5.30e-14	6.47e-09	6.39e-05	1.00e+00	7.05e-05	0.00e+00	0.00e+00	0.00e+00	0.00e+00	1.76e-14	3.54e-14	3.17e-60
 3.98527e+14	5.58e-20	6.49e-14	7.44e-09	6.86e-05	1.00e+00	6.56e-05	0.00e+00	0.00e+00	0.00e+00	0.00e+00	2.15e-14	4.34e-14	6.60e-60
 4.13133e+14	7.12e-20	7.85e-14	8.59e-09	7.40e-05	1.00e+00	6.09e-05	0.00e+00	0.00e+00	0.00e+00	0.00e+00	2.60e-14	5.25e-14	1.29e-59
 4.29334e+14	9.52e-20	9.83e-14	1.00e-08	8.01e-05	1.00e+00	5.62e-05	0.00e+00	0.00e+00	0.00e+00	0.00e+00	3.25e-14	6.57e-14	2.90e-59
 4.45095e+14	1.21e-19	1.19e-13	1.16e-08	8.64e-05	1.00e+00	5.21e-05	0.00e+00	0.00e+00	0.00e+00	0.00e+00	3.92e-14	7.93e-14	5.59e-59
 4.61841e+14	1.58e-19	1.46e-13	1.34e-08	9.32e-05	1.00e+00	4.82e-05	0.00e+00	0.00e+00	0.00e+00	0.00e+00	4.83e-14	9.75e-14	1.17e-58
 4.80345e+14	2.06e-19	1.80e-13	1.57e-08	1.01e-04	1.00e+00	4.44e-05	0.00e+00	0.00e+00	0.00e+00	0.00e+00	5.96e-14	1.20e-13	2.46e-58
 4.98934e+14	2.71e-19	2.22e-13	1.83e-08	1.10e-04	1.00e+00	4.10e-05	0.00e+00	0.00e+00	0.00e+00	0.00e+00	7.36e-14	1.49e-13	5.24e-58
 5.18266e+14	3.49e-19	2.72e-13	2.14e-08	1.19e-04	1.00e+00	3.78e-05	0.00e+00	0.00e+00	0.00e+00	0.00e+00	9.00e-14	1.82e-13	1.06e-57
 5.39027e+14	4.65e-19	3.41e-13	2.50e-08	1.29e-04	1.00e+00	3.48e-05	0.00e+00	0.00e+00	0.00e+00	0.00e+00	1.13e-13	2.28e-13	2.37e-57
 5.60618e+14	5.96e-19	4.15e-13	2.93e-08	1.40e-04	1.00e+00	3.20e-05	0.00e+00	0.00e+00	0.00e+00	0.00e+00	1.37e-13	2.78e-13	4.73e-57
 5.81005e+14	7.69e-19	5.08e-13	3.38e-08	1.51e-04	1.00e+00	2.96e-05	0.00e+00	0.00e+00	0.00e+00	0.00e+00	1.68e-13	3.40e-13	9.68e-57
 5.97850e+14	9.16e-19	5.85e-13	3.79e-08	1.61e-04	1.00e+00	2.78e-05	0.00e+00	0.00e+00	0.00e+00	0.00e+00	1.93e-13	3.92e-13	1.58e-56
 6.15019e+14	1.11e-18	6.81e-13	4.25e-08	1.71e-04	1.00e+00	2.62e-05	0.00e+00	0.00e+00	0.00e+00	0.00e+00	2.25e-13	4.56e-13	2.70e-56
 6.37233e+14	1.40e-18	8.22e-13	4.91e-08	1.85e-04	1.00e+00	2.43e-05	0.00e+00	0.00e+00	0.00e+00	0.00e+00	2.72e-13	5.50e-13	5.20e-56
 6.60178e+14	1.78e-18	9.96e-13	5.66e-08	1.99e-04	1.00e+00	2.25e-05	0.00e+00	0.00e+00	0.00e+00	0.00e+00	3.29e-13	6.67e-13	1.02e-55
 6.79615e+14	2.12e-18	1.15e-12	6.37e-08	2.13e-04	1.00e+00	2.11e-05	0.00e+00	0.00e+00	0.00e+00	0.00e+00	3.79e-13	7.69e-13	1.68e-55
 7.00316e+14	2.59e-18	1.35e-12	7.19e-08	2.27e-04	1.00e+00	1.98e-05	0.00e+00	0.00e+00	0.00e+00	0.00e+00	4.45e-13	9.03e-13	2.96e-55
 7.26272e+14	3.25e-18	1.62e-12	8.33e-08	2.46e-04	1.00e+00	1.83e-05	0.00e+00	0.00e+00	0.00e+00	0.00e+00	5.36e-13	1.09e-12	5.66e-55
 7.52839e+14	4.12e-18	1.97e-12	9.62e-08	2.66e-04	1.00e+00	1.70e-05	0.00e+00	0.00e+00	0.00e+00	0.00e+00	6.51e-13	1.32e-12	1.13e-54
 7.76022e+14	4.94e-18	2.29e-12	1.09e-07	2.84e-04	1.00e+00	1.59e-05	0.00e+00	0.00e+00	0.00e+00	0.00e+00	7.55e-13	1.53e-12	1.89e-54
 8.01025e+14	6.08e-18	2.70e-12	1.24e-07	3.05e-04	1.00e+00	1.49e-05	0.00e+00	0.00e+00	0.00e+00	0.00e+00	8.92e-13	1.81e-12	3.43e-54
 8.31474e+14	7.67e-18	3.27e-12	1.44e-07	3.31e-04	1.00e+00	1.37e-05	0.00e+00	0.00e+00	0.00e+00	0.00e+00	1.08e-12	2.19e-12	6.75e-54
 8.61715e+14	9.61e-18	3.94e-12	1.66e-07	3.58e-04	1.00e+00	1.27e-05	0.00e+00	0.00e+00	0.00e+00	0.00e+00	1.30e-12	2.64e-12	1.31e-53
 8.88264e+14	1.15e-17	4.57e-12	1.87e-07	3.83e-04	1.00e+00	1.19e-05	0.00e+00	0.00e+00	0.00e+00	0.00e+00	1.51e-12	3.06e-12	2.21e-53
 9.17303e+14	1.41e-17	5.40e-12	2.13e-07	4.11e-04	1.00e+00	1.11e-05	0.00e+00	0.00e+00	0.00e+00	0.00e+00	1.78e-12	3.62e-12	4.06e-53
 9.52405e+14	1.78e-17	6.54e-12	2.48e-07	4.47e-04	1.00e+00	1.02e-05	0.00e+00	0.00e+00	0.00e+00	0.00e+00	2.16e-12	4.38e-12	8.05e-53
 9.87310e+14	2.22e-17	7.87e-12	2.86e-07	4.84e-04	1.00e+00	9.50e-06	0.00e+00	0.00e+00	0.00e+00	0.00e+00	2.60e-12	5.28e-12	1.57e-52
 1.01855e+15	2.67e-17	9.18e-12	3.25e-07	5.20e-04	9.99e-01	8.88e-06	0.00e+00	0.00e+00	0.00e+00	0.00e+00	3.03e-12	6.15e-12	2.74e-52
 1.05310e+15	3.30e-17	1.09e-11	3.71e-07	5.59e-04	9.99e-01	8.29e-06	0.00e+00	0.00e+00	0.00e+00	0.00e+00	3.61e-12	7.33e-12	5.20e-52
 1.09409e+15	4.16e-17	1.32e-11	4.32e-07	6.09e-04	9.99e-01	7.64e-06	0.00e+00	0.00e+00	0.00e+00	0.00e+00	4.37e-12	8.87e-12	1.05e-51
 1.13450e+15	5.18e-17	1.59e-11	5.00e-07	6.61e-04	9.99e-01	7.09e-06	0.00e+00	4.41e-18	1.32e-17	2.21e-17	5.25e-12	1.07e-11	2.07e-51
 1.17142e+15	6.37e-17	1.88e-11	5.69e-07	7.10e-04	9.99e-01	6.64e-06	0.00e+00	5.43e-18	1.63e-17	2.72e-17	6.21e-12	1.26e-11	3.88e-51
 1.21279e+15	7.84e-17	2.24e-11	6.54e-07	7.68e-04	9.99e-01	6.18e-06	0.00e+00	6.68e-18	2.01e-17	3.35e-17	7.39e-12	1.50e-11	7.43e-51
 1.26090e+15	9.98e-17	2.74e-11	7.64e-07	8.39e-04	9.99e-01	5.71e-06	0.00e+00	8.53e-18	2.56e-17	4.27e-17	9.04e-12	1.84e-11	1.59e-50
 1.30829e+15	1.25e-16	3.32e-11	8.85e-07	9.09e-04	9.99e-01	5.30e-06	0.00e+00	1.07e-17	3.21e-17	5.36e-17	1.09e-11	2.22e-11	3.25e-50
 1.35757e+15	1.59e-16	4.02e-11	1.03e-06	9.89e-04	9.99e-01	4.93e-06	0.00e+00	1.36e-17	4.08e-17	6.81e-17	1.33e-11	2.70e-11	6.85e-50
 1.41190e+15	2.02e-16	4.93e-11	1.20e-06	1.08e-03	9.99e-01	4.56e-06	0.00e+00	1.74e-17	5.21e-17	8.70e-17	1.63e-11	3.31e-11	1.50e-49
 1.46634e+15	2.54e-16	5.98e-11	1.40e-06	1.17e-03	9.99e-01	4.24e-06	0.00e+00	2.18e-17	6.56e-17	1.09e-16	1.97e-11	4.01e-11	3.16e-49
 1.52296e+15	3.27e-16	7.32e-11	1.63e-06	1.28e-03	9.99e-01	3.95e-06	0.00e+00	2.81e-17	8.43e-17	1.41e-16	2.41e-11	4.91e-11	6.96e-49
 1.58391e+15	4.19e-16	9.00e-11	1.90e-06	1.40e-03	9.99e-01	3.68e-06	0.00e+00	3.61e-17	1.08e-16	1.81e-16	2.97e-11	6.03e-11	1.57e-48
 1.63627e+15	5.16e-16	1.07e-10	2.16e-06	1.50e-03	9.98e-01	3.47e-06	0.00e+00	4.45e-17	1.34e-16	2.23e-16	3.53e-11	7.17e-11	3.09e-48
 1.67607e+15	6.02e-16	1.21e-10	2.38e-06	1.58e-03	9.98e-01	3.32e-06	0.00e+00	5.19e-17	1.56e-16	2.60e-16	4.01e-11	8.14e-11	5.10e-48
 1.71865e+15	7.07e-16	1.39e-10	2.63e-06	1.67e-03	9.98e-01	3.18e-06	0.00e+00	6.11e-17	1.83e-16	3.06e-16	4.58e-11	9.30e-11	8.64e-48
 1.77399e+15	8.67e-16	1.64e-10	2.98e-06	1.80e-03	9.98e-01	3.02e-06	0.00e+00	7.49e-17	2.25e-16	3.75e-16	5.42e-11	1.10e-10	1.69e-47
 1.83435e+15	1.06e-15	1.95e-10	3.41e-06	1.93e-03	9.98e-01	2.85e-06	0.00e+00	9.16e-17	2.75e-16	4.59e-16	6.43e-11	1.31e-10	3.31e-47
 1.88965e+15	1.31e-15	2.30e-10	3.84e-06	2.07e-03	9.98e-01	2.72e-06	0.00e+00	1.13e-16	3.40e-16	5.67e-16	7.60e-11	1.54e-10	6.49e-47
 1.94999e+15	1.61e-15	2.73e-10	4.35e-06	2.21e-03	9.98e-01	2.59e-06	0.00e+00	1.39e-16	4.18e-16	6.97e-16	9.03e-11	1.83e-10	1.28e-46
 2.02379e+15	2.04e-15	3.34e-10	5.04e-06	2.41e-03	9.98e-01	2.45e-06	0.00e+00	1.77e-16	5.32e-16	8.88e-16	1.10e-10	2.24e-10	2.85e-46
 2.09715e+15	2.59e-15	4.06e-10	5.81e-06	2.60e-03	9.97e-01	2.33e-06	0.00e+00	2.25e-16	6.76e-16	1.13e-15	1.34e-10	2.72e-10	6.17e-46
 2.16143e+15	3.12e-15	4.75e-10	6.55e-06	2.78e-03	9.97e-01	2.23e-06	0.00e+00	2.71e-16	8.14e-16	1.36e-15	1.57e-10	3.18e-10	1.15e-45
 2.23185e+15	3.86e-15	5.66e-10	7.44e-06	2.98e-03	9.97e-01	2.14e-06	0.00e+00	3.36e-16	1.01e-15	1.68e-15	1.87e-10	3.79e-10	2.31e-45
 2.31710e+15	5.04e-15	7.02e-10	8.64e-06	3.25e-03	9.97e-01	2.04e-06	0.00e+00	4.40e-16	1.32e-15	2.20e-15	2.32e-10	4.70e-10	5.50e-45
 2.40239e+15	6.46e-15	8.58e-10	9.98e-06	3.51e-03	9.96e-01	1.96e-06	0.00e+00	5.64e-16	1.69e-15	2.82e-15	2.84e-10	5.75e-10	1.21e-44
 2.47902e+15	7.99e-15	1.02e-09	1.13e-05	3.76e-03	9.96e-01	1.89e-06	0.00e+00	6.98e-16	2.09e-15	3.50e-15	3.38e-10	6.84e-10	2.41e-44
 2.56361e+15	1.00e-14	1.23e-09	1.29e-05	4.05e-03	9.96e-01	1.83e-06	0.00e+00	8.78e-16	2.64e-15	4.40e-15	4.08e-10	8.25e-10	5.06e-44
 2.66367e+15	1.27e-14	1.50e-09	1.50e-05	4.39e-03	9.96e-01	1.76e-06	0.00e+00	1.11e-15	3.33e-15	5.56e-15	4.97e-10	1.01e-09	1.09e-43
 2.76274e+15	1.67e-14	1.87e-09	1.74e-05	4.76e-03	9.95e-01	1.71e-06	0.00e+00	1.47e-15	4.40e-15	7.34e-15	6.20e-10	1.25e-09	2.63e-43
 2.85410e+15	2.10e-14	2.26e-09	1.98e-05	5.11e-03	9.95e-01	1.66e-06	0.00e+00	1.84e-15	5.53e-15	9.22e-15	7.46e-10	1.51e-09	5.39e-43
 2.95652e+15	2.66e-14	2.75e-09	2.28e-05	5.51e-03	9.94e-01	1.62e-06	0.00e+00	2.34e-15	7.02e-15	1.17e-14	9.10e-10	1.84e-09	1.15e-42
 3.07472e+15	3.42e-14	3.39e-09	2.67e-05	6.00e-03	9.94e-01	1.57e-06	0.00e+00	3.00e-15	9.01e-15	1.50e-14	1.12e-09	2.27e-09	2.56e-42
 3.19079e+15	4.55e-14	4.25e-09	3.09e-05	6.51e-03	9.93e-01	1.55e-06	0.00e+00	4.00e-15	1.20e-14	2.00e-14	1.41e-09	2.85e-09	6.18e-42
 3.30220e+15	5.79e-14	5.19e-09	3.55e-05	7.01e-03	9.93e-01	1.52e-06	0.00e+00	5.10e-15	1.53e-14	2.55e-14	1.72e-09	3.47e-09	1.31e-41
 3.42501e+15	7.44e-14	6.38e-09	4.10e-05	7.57e-03	9.92e-01	1.49e-06	0.00e+00	6.56e-15	1.97e-14	3.29e-14	2.11e-09	4.27e-09	2.85e-41
 3.56204e+15	9.59e-14	7.89e-09	4.80e-05	8.24e-03	9.92e-01	1.47e-06	0.00e+00	8.46e-15	2.54e-14	4.24e-14	2.61e-09	5.28e-09	6.26e-41
 3.70455e+15	1.30e-13	1.01e-08	5.62e-05	8.97e-03	9.91e-01	1.45e-06	0.00e+00	1.15e-14	3.46e-14	5.77e-14	3.34e-09	6.74e-09	1.58e-40
 3.85276e+15	1.71e-13	1.26e-08	6.58e-05	9.75e-03	9.90e-01	1.44e-06	0.00e+00	1.51e-14	4.54e-14	7.57e-14	4.18e-09	8.44e-09	3.60e-40
 3.98074e+15	2.16e-13	1.53e-08	7.50e-05	1.05e-02	9.89e-01	1.43e-06	0.00e+00	1.91e-14	5.72e-14	9.55e-14	5.06e-09	1.02e-08	6.98e-40
 4.07838e+15	2.57e-13	1.76e-08	8.26e-05	1.10e-02	9.89e-01	1.43e-06	0.00e+00	2.28e-14	6.83e-14	1.14e-13	5.84e-09	1.18e-08	1.18e-39
 4.18238e+15	3.08e-13	2.04e-08	9.14e-05	1.16e-02	9.88e-01	1.42e-06	0.00e+00	2.73e-14	8.19e-14	1.37e-13	6.77e-09	1.37e-08	2.01e-39
 4.31759e+15	3.78e-13	2.42e-08	1.04e-04	1.24e-02	9.87e-01	1.41e-06	0.00e+00	3.35e-14	1.01e-13	1.68e-13	8.04e-09	1.62e-08	3.69e-39
 4.46558e+15	4.92e-13	3.00e-08	1.19e-04	1.34e-02	9.87e-01	1.41e-06	0.00e+00	4.37e-14	1.31e-13	2.19e-13	9.95e-09	2.01e-08	8.05e-39
 4.60042e+15	6.04e-13	3.57e-08	1.34e-04	1.42e-02	9.86e-01	1.41e-06	0.00e+00	5.36e-14	1.61e-13	2.68e-13	1.18e-08	2.39e-08	1.48e-38
 4.74595e+15	7.43e-13	4.24e-08	1.52e-04	1.52e-02	9.85e-01	1.40e-06	0.00e+00	6.60e-14	1.98e-13	3.30e-13	1.40e-08	2.83e-08	2.71e-38
 4.92479e+15	9.91e-13	5.35e-08	1.77e-04	1.65e-02	9.83e-01	1.41e-06	0.00e+00	8.81e-14	2.64e-13	4.41e-13	1.77e-08	3.58e-08	6.25e-38
 5.10240e+15	1.27e-12	6.58e-08	2.04e-04	1.77e-02	9.82e-01	1.41e-06	0.00e+00	1.13e-13	3.39e-13	5.65e-13	2.18e-08	4.40e-08	1.28e-37
 5.25629e+15	1.55e-12	7.77e-08	2.30e-04	1.89e-02	9.81e-01	1.41e-06	0.00e+00	1.38e-13	4.14e-13	6.90e-13	2.58e-08	5.19e-08	2.25e-37
 5.42389e+15	1.94e-12	9.35e-08	2.61e-04	2.02e-02	9.80e-01	1.41e-06	0.00e+00	1.73e-13	5.18e-13	8.63e-13	3.10e-08	6.25e-08	4.28e-37
 5.62901e+15	2.59e-12	1.19e-07	3.04e-04	2.19e-02	9.78e-01	1.42e-06	0.00e+00	2.31e-13	6.93e-13	1.16e-12	3.94e-08	7.93e-08	9.67e-37
 5.83315e+15	3.34e-12	1.47e-07	3.52e-04	2.36e-02	9.76e-01	1.42e-06	0.00e+00	2.98e-13	8.94e-13	1.49e-12	4.88e-08	9.82e-08	1.92e-36
 6.01252e+15	4.15e-12	1.76e-07	3.99e-04	2.52e-02	9.74e-01	1.42e-06	0.00e+00	3.71e-13	1.11e-12	1.85e-12	5.85e-08	1.18e-07	3.54e-36
 6.20947e+15	5.25e-12	2.14e-07	4.55e-04	2.70e-02	9.73e-01	1.43e-06	0.00e+00	4.69e-13	1.41e-12	2.35e-12	7.11e-08	1.43e-07	6.82e-36
 6.44722e+15	6.74e-12	2.63e-07	5.31e-04	2.92e-02	9.70e-01	1.43e-06	0.00e+00	6.02e-13	1.81e-12	3.01e-12	8.74e-08	1.76e-07	1.33e-35
 6.68428e+15	8.95e-12	3.34e-07	6.17e-04	3.16e-02	9.68e-01	1.44e-06	0.00e+00	8.01e-13	2.40e-12	4.01e-12	1.11e-07	2.23e-07	2.96e-35
 6.89682e+15	1.12e-11	4.04e-07	7.03e-04	3.38e-02	9.66e-01	1.44e-06	0.00e+00	1.01e-12	3.02e-12	5.03e-12	1.34e-07	2.70e-07	5.49e-35
 7.13122e+15	1.43e-11	4.94e-07	8.08e-04	3.63e-02	9.63e-01	1.45e-06	0.00e+00	1.28e-12	3.84e-12	6.41e-12	1.64e-07	3.30e-07	1.05e-34
 7.39610e+15	1.84e-11	6.08e-07	9.41e-04	3.92e-02	9.60e-01	1.45e-06	0.00e+00	1.65e-12	4.94e-12	8.23e-12	2.02e-07	4.06e-07	2.01e-34
 7.65411e+15	2.42e-11	7.67e-07	1.09e-03	4.24e-02	9.57e-01	1.46e-06	0.00e+00	2.17e-12	6.50e-12	1.08e-11	2.55e-07	5.12e-07	4.30e-34
 7.89170e+15	3.02e-11	9.26e-07	1.24e-03	4.53e-02	9.53e-01	1.47e-06	0.00e+00	2.71e-12	8.13e-12	1.36e-11	3.07e-07	6.18e-07	7.78e-34
 8.14922e+15	3.83e-11	1.13e-06	1.42e-03	4.86e-02	9.50e-01	1.47e-06	0.00e+00	3.44e-12	1.03e-11	1.72e-11	3.74e-07	7.53e-07	1.43e-33
 8.43825e+15	4.89e-11	1.38e-06	1.65e-03	5.24e-02	9.46e-01	1.47e-06	0.00e+00	4.40e-12	1.32e-11	2.20e-11	4.58e-07	9.21e-07	2.64e-33
 8.71285e+15	6.35e-11	1.72e-06	1.90e-03	5.65e-02	9.42e-01	1.48e-06	0.00e+00	5.71e-12	1.71e-11	2.86e-11	5.72e-07	1.15e-06	5.32e-33
 8.97138e+15	7.88e-11	2.06e-06	2.16e-03	6.03e-02	9.38e-01	1.48e-06	0.00e+00	7.09e-12	2.13e-11	3.55e-11	6.86e-07	1.38e-06	9.20e-33
 9.21497e+15	9.56e-11	2.42e-06	2.43e-03	6.40e-02	9.34e-01	1.48e-06	0.00e+00	8.61e-12	2.58e-11	4.31e-11	8.03e-07	1.61e-06	1.46e-32
 9.48216e+15	1.19e-10	2.90e-06	2.76e-03	6.84e-02	9.29e-01	1.48e-06	0.00e+00	1.07e-11	3.22e-11	5.37e-11	9.65e-07	1.94e-06	2.55e-32
 9.77186e+15	1.53e-10	3.59e-06	3.17e-03	7.35e-02	9.23e-01	1.49e-06	0.00e+00	1.38e-11	4.15e-11	6.92e-11	1.19e-06	2.40e-06	4.92e-32
 1.00226e+16	1.86e-10	4.24e-06	3.55e-03	7.79e-02	9.19e-01	1.49e-06	0.00e+00	1.68e-11	5.05e-11	8.42e-11	1.41e-06	2.83e-06	7.93e-32
 1.02803e+16	2.29e-10	5.01e-06	4.00e-03	8.27e-02	9.13e-01	1.49e-06	0.00e+00	2.07e-11	6.20e-11	1.03e-10	1.66e-06	3.34e-06	1.29e-31
 1.06153e+16	2.93e-10	6.11e-06	4.65e-03	8.93e-02	9.06e-01	1.49e-06	0.00e+00	2.64e-11	7.93e-11	1.32e-10	2.03e-06	4.08e-06	2.28e-31
 1.09603e+16	3.87e-10	7.76e-06	5.42e-03	9.68e-02	8.98e-01	1.50e-06	0.00e+00	3.50e-11	1.05e-10	1.75e-10	2.58e-06	5.18e-06	4.67e-31
 1.12364e+16	4.77e-10	9.20e-06	6.11e-03	1.03e-01	8.91e-01	1.50e-06	0.00e+00	4.32e-11	1.30e-10	2.16e-10	3.06e-06	6.14e-06	7.56e-31
 1.15132e+16	5.88e-10	1.09e-05	6.90e-03	1.09e-01	8.84e-01	1.50e-06	0.00e+00	5.33e-11	1.60e-10	2.66e-10	3.64e-06	7.31e-06	1.25e-30
 1.18730e+16	7.69e-10	1.36e-05	8.07e-03	1.18e-01	8.74e-01	1.50e-06	0.00e+00	6.97e-11	2.09e-10	3.49e-10	4.53e-06	9.08e-06	2.28e-30
 1.22389e+16	1.02e-09	1.71e-05	9.44e-03	1.28e-01	8.62e-01	1.51e-06	0.00e+00	9.23e-11	2.77e-10	4.61e-10	5.68e-06	1.14e-05	4.38e-30
 1.25327e+16	1.25e-09	2.02e-05	1.07e-02	1.36e-01	8.53e-01	1.50e-06	0.00e+00	1.13e-10	3.39e-10	5.66e-10	6.73e-06	1.35e-05	6.77e-30
 1.27941e+16	1.50e-09	2.34e-05	1.19e-02	1.44e-01	8.44e-01	1.50e-06	0.00e+00	1.36e-10	4.08e-10	6.80e-10	7.78e-06	1.56e-05	1.01e-29
 1.30933e+16	1.86e-09	2.80e-05	1.36e-02	1.54e-01	8.33e-01	1.50e-06	0.00e+00	1.69e-10	5.08e-10	8.47e-10	9.31e-06	1.87e-05	1.64e-29
 1.34222e+16	2.45e-09	3.50e-05	1.57e-02	1.65e-01	8.19e-01	1.52e-06	0.00e+00	2.23e-10	6.68e-10	1.11e-09	1.17e-05	2.34e-05	3.15e-29
 1.37150e+16	3.02e-09	4.15e-05	1.78e-02	1.76e-01	8.06e-01	1.52e-06	1.91e-12	2.75e-10	8.25e-10	1.38e-09	1.38e-05	2.77e-05	4.85e-29
 1.39785e+16	3.64e-09	4.81e-05	2.00e-02	1.86e-01	7.94e-01	1.52e-06	0.00e+00	3.32e-10	9.97e-10	1.66e-09	1.60e-05	3.21e-05	7.16e-29
 1.42791e+16	4.74e-09	5.95e-05	2.29e-02	1.99e-01	7.78e-01	1.54e-06	0.00e+00	4.32e-10	1.30e-09	2.16e-09	1.98e-05	3.97e-05	1.33e-28
 1.45975e+16	5.89e-09	7.05e-05	2.63e-02	2.12e-01	7.61e-01	1.53e-06	2.07e-12	5.38e-10	1.61e-09	2.69e-09	2.35e-05	4.70e-05	2.00e-28
 1.48776e+16	7.56e-09	8.69e-05	3.00e-02	2.26e-01	7.44e-01	1.55e-06	0.00e+00	6.91e-10	2.07e-09	3.46e-09	2.89e-05	5.79e-05	3.69e-28
 1.51304e+16	9.28e-09	1.02e-04	3.38e-02	2.39e-01	7.27e-01	1.57e-06	2.29e-12	8.49e-10	2.55e-09	4.24e-09	3.41e-05	6.82e-05	5.71e-28
 1.54094e+16	1.17e-08	1.23e-04	3.86e-02	2.54e-01	7.07e-01	1.58e-06	0.00e+00	1.07e-09	3.22e-09	5.37e-09	4.09e-05	8.18e-05	9.25e-28
 1.57099e+16	1.53e-08	1.52e-04	4.46e-02	2.72e-01	6.83e-01	1.60e-06	0.00e+00	1.40e-09	4.20e-09	7.00e-09	5.05e-05	1.01e-04	1.69e-27
 1.59678e+16	1.90e-08	1.80e-04	5.06e-02	2.88e-01	6.61e-01	1.62e-06	2.72e-12	1.74e-09	5.22e-09	8.71e-09	5.98e-05	1.20e-04	2.61e-27
 1.61923e+16	2.29e-08	2.07e-04	5.66e-02	3.03e-01	6.40e-01	1.63e-06	0.00e+00	2.10e-09	6.30e-09	1.05e-08	6.89e-05	1.38e-04	3.79e-27
 1.64098e+16	2.79e-08	2.42e-04	6.33e-02	3.18e-01	6.18e-01	1.66e-06	0.00e+00	2.57e-09	7.70e-09	1.28e-08	8.07e-05	1.61e-04	5.85e-27
 1.66126e+16	3.39e-08	2.82e-04	7.05e-02	3.34e-01	5.96e-01	1.68e-06	3.26e-12	3.12e-09	9.35e-09	1.56e-08	9.40e-05	1.88e-04	9.00e-27
 1.67937e+16	4.07e-08	3.25e-04	7.77e-02	3.48e-01	5.74e-01	1.71e-06	0.00e+00	3.74e-09	1.12e-08	1.87e-08	1.08e-04	2.16e-04	1.34e-26
 1.69658e+16	4.85e-08	3.72e-04	8.54e-02	3.62e-01	5.52e-01	1.74e-06	3.80e-12	4.46e-09	1.34e-08	2.23e-08	1.24e-04	2.48e-04	1.98e-26
 1.71633e+16	5.95e-08	4.35e-04	9.55e-02	3.80e-01	5.24e-01	1.77e-06	0.00e+00	5.49e-09	1.64e-08	2.74e-08	1.45e-04	2.90e-04	3.12e-26
 1.73810e+16	7.49e-08	5.19e-04	1.08e-01	4.00e-01	4.92e-01	1.81e-06	4.62e-12	6.91e-09	2.07e-08	3.45e-08	1.73e-04	3.46e-04	5.21e-26
 1.75740e+16	9.34e-08	6.12e-04	1.21e-01	4.18e-01	4.60e-01	1.87e-06	0.00e+00	8.62e-09	2.58e-08	4.31e-08	2.04e-04	4.08e-04	8.61e-26
 1.77363e+16	1.16e-07	7.26e-04	1.34e-01	4.34e-01	4.31e-01	1.96e-06	6.22e-12	1.07e-08	3.22e-08	5.36e-08	2.42e-04	4.84e-04	1.50e-25
 1.78816e+16	1.38e-07	8.28e-04	1.46e-01	4.49e-01	4.04e-01	2.02e-06	0.00e+00	1.28e-08	3.84e-08	6.39e-08	2.76e-04	5.52e-04	2.26e-25
 1.80427e+16	1.72e-07	9.72e-04	1.62e-01	4.66e-01	3.71e-01	2.09e-06	8.21e-12	1.59e-08	4.77e-08	7.95e-08	3.24e-04	6.48e-04	3.88e-25
 1.82088e+16	2.09e-07	1.12e-03	1.79e-01	4.83e-01	3.37e-01	2.11e-06	0.00e+00	1.94e-08	5.82e-08	9.69e-08	3.74e-04	7.49e-04	6.09e-25
 1.83437e+16	2.55e-07	1.29e-03	1.94e-01	4.98e-01	3.06e-01	2.23e-06	1.14e-11	2.36e-08	7.09e-08	1.18e-07	4.29e-04	8.58e-04	9.87e-25
 1.84559e+16	2.97e-07	1.44e-03	2.09e-01	5.10e-01	2.81e-01	2.27e-06	0.00e+00	2.76e-08	8.27e-08	1.38e-07	4.80e-04	9.59e-04	1.45e-24
 1.85589e+16	3.42e-07	1.58e-03	2.22e-01	5.20e-01	2.56e-01	2.31e-06	1.47e-11	3.17e-08	9.51e-08	1.59e-07	5.28e-04	1.06e-03	2.02e-24
 1.86755e+16	4.13e-07	1.79e-03	2.39e-01	5.32e-01	2.27e-01	2.35e-06	0.00e+00	3.84e-08	1.15e-07	1.92e-07	5.98e-04	1.20e-03	3.25e-24
 1.87942e+16	4.95e-07	2.01e-03	2.56e-01	5.43e-01	1.99e-01	2.40e-06	2.05e-11	4.61e-08	1.38e-07	2.30e-07	6.71e-04	1.34e-03	4.98e-24
 1.88751e+16	5.42e-07	2.13e-03	2.68e-01	5.50e-01	1.80e-01	2.37e-06	0.00e+00	5.05e-08	1.51e-07	2.52e-07	7.11e-04	1.42e-03	6.09e-24
