#depth	O	O+	O+2	O+3	O+4	O+5	O+6	O+7	O+8	O[1]	O[2]	O[3]
 1.49634e+10	0.00e+00	2.76e-45	1.38e-34	5.77e-25	2.87e-16	1.37e-08	1.00e+00	0.00e+00	0.00e+00	0.00e+00	0.00e+00	0.00e+00
 4.54887e+10	0.00e+00	0.00e+00	1.89e-34	7.32e-25	3.36e-16	1.49e-08	1.00e+00	3.76e-09	0.00e+00	0.00e+00	0.00e+00	0.00e+00
 7.72350e+10	0.00e+00	6.08e-45	2.59e-34	9.27e-25	3.93e-16	1.61e-08	1.00e+00	0.00e+00	0.00e+00	0.00e+00	0.00e+00	0.00e+00
 1.10251e+11	0.00e+00	0.00e+00	3.55e-34	1.18e-24	4.61e-16	1.74e-08	1.00e+00	0.00e+00	0.00e+00	0.00e+00	0.00e+00	0.00e+00
 1.44588e+11	0.00e+00	1.34e-44	4.86e-34	1.49e-24	5.40e-16	1.89e-08	1.00e+00	0.00e+00	0.00e+00	0.00e+00	0.00e+00	0.00e+00
 1.80298e+11	0.00e+00	0.00e+00	6.67e-34	1.89e-24	6.33e-16	2.04e-08	1.00e+00	0.00e+00	0.00e+00	0.00e+00	0.00e+00	0.00e+00
 2.15824e+11	0.00e+00	2.89e-44	9.02e-34	2.37e-24	7.36e-16	2.20e-08	1.00e+00	0.00e+00	0.00e+00	0.00e+00	0.00e+00	0.00e+00
 2.52771e+11	0.00e+00	0.00e+00	1.22e-33	2.98e-24	8.58e-16	2.38e-08	1.00e+00	0.00e+00	0.00e+00	0.00e+00	0.00e+00	0.00e+00
 2.92808e+11	0.00e+00	6.28e-44	1.68e-33	3.77e-24	1.01e-15	2.57e-08	1.00e+00	0.00e+00	0.00e+00	0.00e+00	0.00e+00	0.00e+00
 3.33546e+11	0.00e+00	0.00e+00	2.29e-33	4.76e-24	1.17e-15	2.78e-08	1.00e+00	0.00e+00	0.00e+00	0.00e+00	0.00e+00	0.00e+00
 3.75914e+11	0.00e+00	1.36e-43	3.12e-33	6.02e-24	1.37e-15	3.01e-08	1.00e+00	0.00e+00	0.00e+00	0.00e+00	0.00e+00	0.00e+00
 4.20877e+11	0.00e+00	0.00e+00	4.28e-33	7.63e-24	1.61e-15	3.26e-08	1.00e+00	0.00e+00	0.00e+00	0.00e+00	0.00e+00	0.00e+00
 4.67639e+11	0.00e+00	3.01e-43	5.88e-33	9.69e-24	1.89e-15	3.53e-08	1.00e+00	0.00e+00	0.00e+00	0.00e+00	0.00e+00	0.00e+00
 5.16271e+11	0.00e+00	0.00e+00	8.07e-33	1.23e-23	2.22e-15	3.83e-08	1.00e+00	0.00e+00	0.00e+00	0.00e+00	0.00e+00	0.00e+00
 5.66849e+11	0.00e+00	6.65e-43	1.11e-32	1.56e-23	2.60e-15	4.15e-08	1.00e+00	0.00e+00	0.00e+00	0.00e+00	0.00e+00	0.00e+00
 6.19449e+11	0.00e+00	0.00e+00	1.53e-32	1.99e-23	3.06e-15	4.50e-08	1.00e+00	0.00e+00	0.00e+00	0.00e+00	0.00e+00	0.00e+00
 6.74154e+11	0.00e+00	1.47e-42	2.10e-32	2.52e-23	3.59e-15	4.88e-08	1.00e+00	0.00e+00	0.00e+00	0.00e+00	0.00e+00	0.00e+00
 7.31047e+11	0.00e+00	0.00e+00	2.89e-32	3.21e-23	4.22e-15	5.29e-08	1.00e+00	0.00e+00	0.00e+00	0.00e+00	0.00e+00	0.00e+00
 7.90216e+11	0.00e+00	3.27e-42	3.97e-32	4.08e-23	4.96e-15	5.73e-08	1.00e+00	0.00e+00	0.00e+00	0.00e+00	0.00e+00	0.00e+00
 8.51751e+11	0.00e+00	0.00e+00	5.47e-32	5.20e-23	5.83e-15	6.22e-08	1.00e+00	0.00e+00	0.00e+00	0.00e+00	0.00e+00	0.00e+00
 9.15748e+11	0.00e+00	7.26e-42	7.53e-32	6.62e-23	6.85e-15	6.75e-08	1.00e+00	0.00e+00	0.00e+00	0.00e+00	0.00e+00	0.00e+00
 9.82305e+11	0.00e+00	0.00e+00	1.04e-31	8.43e-23	8.07e-15	7.33e-08	1.00e+00	0.00e+00	0.00e+00	0.00e+00	0.00e+00	0.00e+00
 1.05152e+12	0.00e+00	1.62e-41	1.43e-31	1.07e-22	9.50e-15	7.95e-08	1.00e+00	0.00e+00	0.00e+00	0.00e+00	0.00e+00	0.00e+00
 1.12351e+12	0.00e+00	0.00e+00	1.97e-31	1.37e-22	1.12e-14	8.64e-08	1.00e+00	0.00e+00	0.00e+00	0.00e+00	0.00e+00	0.00e+00
 1.19838e+12	0.00e+00	3.61e-41	2.73e-31	1.75e-22	1.32e-14	9.39e-08	1.00e+00	0.00e+00	0.00e+00	0.00e+00	0.00e+00	0.00e+00
 1.27624e+12	0.00e+00	0.00e+00	3.77e-31	2.23e-22	1.55e-14	1.02e-07	1.00e+00	0.00e+00	0.00e+00	0.00e+00	0.00e+00	0.00e+00
 1.35722e+12	0.00e+00	8.08e-41	5.21e-31	2.85e-22	1.83e-14	1.11e-07	1.00e+00	0.00e+00	0.00e+00	0.00e+00	0.00e+00	0.00e+00
 1.44143e+12	0.00e+00	0.00e+00	7.20e-31	3.64e-22	2.17e-14	1.21e-07	1.00e+00	0.00e+00	0.00e+00	0.00e+00	0.00e+00	0.00e+00
 1.52902e+12	0.00e+00	1.81e-40	9.96e-31	4.66e-22	2.56e-14	1.31e-07	1.00e+00	0.00e+00	0.00e+00	0.00e+00	0.00e+00	0.00e+00
 1.61055e+12	0.00e+00	0.00e+00	1.33e-30	5.81e-22	2.97e-14	1.42e-07	1.00e+00	0.00e+00	0.00e+00	0.00e+00	0.00e+00	0.00e+00
 1.68217e+12	0.00e+00	3.55e-40	1.71e-30	7.02e-22	3.38e-14	1.51e-07	1.00e+00	0.00e+00	0.00e+00	0.00e+00	0.00e+00	0.00e+00
 1.76206e+12	0.00e+00	0.00e+00	2.24e-30	8.62e-22	3.89e-14	1.62e-07	1.00e+00	0.00e+00	0.00e+00	0.00e+00	0.00e+00	0.00e+00
 1.85832e+12	0.00e+00	7.34e-40	3.06e-30	1.09e-21	4.57e-14	1.76e-07	1.00e+00	0.00e+00	0.00e+00	0.00e+00	0.00e+00	0.00e+00
 1.95548e+12	0.00e+00	0.00e+00	4.16e-30	1.38e-21	5.36e-14	1.91e-07	1.00e+00	0.00e+00	0.00e+00	0.00e+00	0.00e+00	0.00e+00
 2.04490e+12	0.00e+00	1.50e-39	5.46e-30	1.70e-21	6.17e-14	2.05e-07	1.00e+00	0.00e+00	0.00e+00	0.00e+00	0.00e+00	0.00e+00
 2.14461e+12	0.00e+00	0.00e+00	7.33e-30	2.13e-21	7.20e-14	2.22e-07	1.00e+00	0.00e+00	0.00e+00	0.00e+00	0.00e+00	0.00e+00
 2.25995e+12	0.00e+00	3.25e-39	1.02e-29	2.73e-21	8.54e-14	2.42e-07	1.00e+00	0.00e+00	0.00e+00	0.00e+00	0.00e+00	0.00e+00
 2.37280e+12	0.00e+00	0.00e+00	1.38e-29	3.45e-21	1.00e-13	2.63e-07	1.00e+00	0.00e+00	0.00e+00	0.00e+00	0.00e+00	0.00e+00
 2.47900e+12	0.00e+00	6.76e-39	1.83e-29	4.28e-21	1.16e-13	2.84e-07	1.00e+00	0.00e+00	0.00e+00	0.00e+00	0.00e+00	0.00e+00
 2.59692e+12	0.00e+00	0.00e+00	2.48e-29	5.39e-21	1.36e-13	3.08e-07	1.00e+00	0.00e+00	0.00e+00	0.00e+00	0.00e+00	0.00e+00
 2.73072e+12	0.00e+00	1.48e-38	3.45e-29	6.94e-21	1.62e-13	3.37e-07	1.00e+00	0.00e+00	0.00e+00	0.00e+00	0.00e+00	0.00e+00
 2.86263e+12	0.00e+00	0.00e+00	4.71e-29	8.83e-21	1.92e-13	3.67e-07	1.00e+00	0.00e+00	0.00e+00	0.00e+00	0.00e+00	0.00e+00
 2.99982e+12	0.00e+00	3.20e-38	6.45e-29	1.12e-20	2.26e-13	4.00e-07	1.00e+00	0.00e+00	0.00e+00	0.00e+00	0.00e+00	0.00e+00
 3.14974e+12	0.00e+00	0.00e+00	8.96e-29	1.45e-20	2.70e-13	4.38e-07	1.00e+00	0.00e+00	0.00e+00	0.00e+00	0.00e+00	0.00e+00
 3.30043e+12	0.00e+00	7.12e-38	1.23e-28	1.85e-20	3.20e-13	4.78e-07	1.00e+00	0.00e+00	0.00e+00	0.00e+00	0.00e+00	0.00e+00
 3.45715e+12	0.00e+00	0.00e+00	1.69e-28	2.36e-20	3.80e-13	5.22e-07	1.00e+00	0.00e+00	0.00e+00	0.00e+00	0.00e+00	0.00e+00
 3.62536e+12	0.00e+00	1.58e-37	2.35e-28	3.05e-20	4.54e-13	5.73e-07	1.00e+00	0.00e+00	0.00e+00	0.00e+00	0.00e+00	0.00e+00
 3.80030e+12	0.00e+00	0.00e+00	3.26e-28	3.93e-20	5.42e-13	6.28e-07	1.00e+00	0.00e+00	0.00e+00	0.00e+00	0.00e+00	0.00e+00
 3.98224e+12	0.00e+00	3.53e-37	4.53e-28	5.06e-20	6.47e-13	6.89e-07	1.00e+00	0.00e+00	0.00e+00	0.00e+00	0.00e+00	0.00e+00
 4.17146e+12	0.00e+00	0.00e+00	6.27e-28	6.51e-20	7.73e-13	7.56e-07	1.00e+00	0.00e+00	0.00e+00	0.00e+00	0.00e+00	0.00e+00
 4.36824e+12	0.00e+00	7.85e-37	8.68e-28	8.38e-20	9.23e-13	8.30e-07	1.00e+00	0.00e+00	0.00e+00	0.00e+00	0.00e+00	0.00e+00
 4.55581e+12	0.00e+00	0.00e+00	1.17e-27	1.06e-19	1.09e-12	9.04e-07	1.00e+00	0.00e+00	0.00e+00	0.00e+00	0.00e+00	0.00e+00
 4.72710e+12	0.00e+00	1.56e-36	1.52e-27	1.30e-19	1.26e-12	9.75e-07	1.00e+00	0.00e+00	0.00e+00	0.00e+00	0.00e+00	0.00e+00
 4.92041e+12	3.98e-46	2.21e-36	2.02e-27	1.62e-19	1.47e-12	1.06e-06	1.00e+00	0.00e+00	0.00e+00	0.00e+00	0.00e+00	0.00e+00
 5.13536e+12	0.00e+00	0.00e+00	2.74e-27	2.06e-19	1.74e-12	1.16e-06	1.00e+00	0.00e+00	0.00e+00	0.00e+00	0.00e+00	0.00e+00
 5.33716e+12	0.00e+00	4.48e-36	3.62e-27	2.55e-19	2.03e-12	1.26e-06	1.00e+00	0.00e+00	0.00e+00	0.00e+00	0.00e+00	0.00e+00
 5.55690e+12	1.41e-45	6.37e-36	4.83e-27	3.20e-19	2.38e-12	1.37e-06	1.00e+00	0.00e+00	0.00e+00	0.00e+00	0.00e+00	0.00e+00
 5.80277e+12	0.00e+00	0.00e+00	6.58e-27	4.08e-19	2.84e-12	1.50e-06	1.00e+00	0.00e+00	0.00e+00	0.00e+00	0.00e+00	0.00e+00
 6.03779e+12	0.00e+00	1.31e-35	8.75e-27	5.11e-19	3.33e-12	1.63e-06	1.00e+00	0.00e+00	0.00e+00	0.00e+00	0.00e+00	0.00e+00
 6.28855e+12	5.07e-45	1.87e-35	1.17e-26	6.43e-19	3.93e-12	1.79e-06	1.00e+00	0.00e+00	0.00e+00	0.00e+00	0.00e+00	0.00e+00
 6.57001e+12	0.00e+00	0.00e+00	1.60e-26	8.23e-19	4.69e-12	1.96e-06	1.00e+00	0.00e+00	0.00e+00	0.00e+00	0.00e+00	0.00e+00
 6.84770e+12	0.00e+00	3.91e-35	2.16e-26	1.04e-18	5.55e-12	2.15e-06	1.00e+00	0.00e+00	0.00e+00	0.00e+00	0.00e+00	0.00e+00
 7.13649e+12	1.85e-44	5.58e-35	2.90e-26	1.32e-18	6.57e-12	2.36e-06	1.00e+00	0.00e+00	0.00e+00	0.00e+00	0.00e+00	0.00e+00
 7.42186e+12	0.00e+00	7.81e-35	3.83e-26	1.64e-18	7.72e-12	2.57e-06	1.00e+00	0.00e+00	0.00e+00	0.00e+00	0.00e+00	0.00e+00
 7.67022e+12	3.85e-44	1.03e-34	4.85e-26	1.98e-18	8.84e-12	2.77e-06	1.00e+00	0.00e+00	0.00e+00	0.00e+00	0.00e+00	0.00e+00
 7.94070e+12	0.00e+00	1.39e-34	6.20e-26	2.41e-18	1.02e-11	2.99e-06	1.00e+00	0.00e+00	0.00e+00	0.00e+00	0.00e+00	0.00e+00
 8.27041e+12	8.19e-44	1.96e-34	8.27e-26	3.04e-18	1.21e-11	3.28e-06	1.00e+00	0.00e+00	0.00e+00	0.00e+00	0.00e+00	0.00e+00
 8.60243e+12	0.00e+00	2.74e-34	1.09e-25	3.81e-18	1.42e-11	3.58e-06	1.00e+00	0.00e+00	0.00e+00	0.00e+00	0.00e+00	0.00e+00
 8.89985e+12	1.69e-43	3.64e-34	1.39e-25	4.62e-18	1.63e-11	3.87e-06	1.00e+00	0.00e+00	0.00e+00	0.00e+00	0.00e+00	0.00e+00
 9.22700e+12	0.00e+00	4.92e-34	1.79e-25	5.67e-18	1.90e-11	4.20e-06	1.00e+00	0.00e+00	0.00e+00	0.00e+00	0.00e+00	0.00e+00
 9.61511e+12	3.59e-43	6.91e-34	2.39e-25	7.16e-18	2.25e-11	4.62e-06	1.00e+00	0.00e+00	0.00e+00	0.00e+00	0.00e+00	0.00e+00
 9.99979e+12	0.00e+00	9.54e-34	3.14e-25	8.95e-18	2.64e-11	5.06e-06	1.00e+00	0.00e+00	0.00e+00	0.00e+00	0.00e+00	0.00e+00
 1.03541e+13	7.29e-43	1.27e-33	4.00e-25	1.09e-17	3.05e-11	5.49e-06	1.00e+00	0.00e+00	0.00e+00	0.00e+00	0.00e+00	0.00e+00
 1.07517e+13	0.00e+00	1.72e-33	5.19e-25	1.35e-17	3.57e-11	5.99e-06	1.00e+00	0.00e+00	0.00e+00	0.00e+00	0.00e+00	0.00e+00
 1.12109e+13	1.54e-42	2.41e-33	6.92e-25	1.71e-17	4.24e-11	6.60e-06	1.00e+00	0.00e+00	0.00e+00	0.00e+00	0.00e+00	0.00e+00
 1.16609e+13	0.00e+00	3.30e-33	9.06e-25	2.13e-17	4.99e-11	7.24e-06	1.00e+00	0.00e+00	0.00e+00	0.00e+00	0.00e+00	0.00e+00
 1.20912e+13	3.10e-42	4.41e-33	1.16e-24	2.62e-17	5.79e-11	7.88e-06	1.00e+00	0.00e+00	0.00e+00	0.00e+00	0.00e+00	0.00e+00
 1.25672e+13	0.00e+00	5.99e-33	1.51e-24	3.25e-17	6.78e-11	8.62e-06	1.00e+00	0.00e+00	0.00e+00	0.00e+00	0.00e+00	0.00e+00
 1.30998e+13	6.42e-42	8.30e-33	2.00e-24	4.11e-17	8.03e-11	9.50e-06	1.00e+00	0.00e+00	0.00e+00	0.00e+00	0.00e+00	0.00e+00
 1.36391e+13	0.00e+00	1.14e-32	2.64e-24	5.16e-17	9.46e-11	1.04e-05	1.00e+00	0.00e+00	0.00e+00	0.00e+00	0.00e+00	0.00e+00
 1.42001e+13	1.33e-41	1.56e-32	3.46e-24	6.47e-17	1.11e-10	1.15e-05	1.00e+00	0.00e+00	0.00e+00	0.00e+00	0.00e+00	0.00e+00
 1.47980e+13	0.00e+00	2.16e-32	4.58e-24	8.16e-17	1.32e-10	1.26e-05	1.00e+00	0.00e+00	0.00e+00	0.00e+00	0.00e+00	0.00e+00
 1.54198e+13	2.77e-41	2.98e-32	6.06e-24	1.03e-16	1.55e-10	1.39e-05	1.00e+00	0.00e+00	0.00e+00	0.00e+00	0.00e+00	0.00e+00
 1.60665e+13	0.00e+00	4.11e-32	8.02e-24	1.30e-16	1.83e-10	1.53e-05	1.00e+00	0.00e+00	0.00e+00	0.00e+00	0.00e+00	0.00e+00
 1.67128e+13	5.70e-41	5.60e-32	1.05e-23	1.62e-16	2.14e-10	1.68e-05	1.00e+00	0.00e+00	0.00e+00	0.00e+00	0.00e+00	0.00e+00
 1.73128e+13	0.00e+00	7.39e-32	1.34e-23	1.98e-16	2.47e-10	1.82e-05	1.00e+00	0.00e+00	0.00e+00	0.00e+00	0.00e+00	0.00e+00
 1.79632e+13	1.10e-40	9.92e-32	1.72e-23	2.44e-16	2.86e-10	1.98e-05	1.00e+00	0.00e+00	0.00e+00	0.00e+00	0.00e+00	0.00e+00
 1.86930e+13	0.00e+00	1.36e-31	2.27e-23	3.05e-16	3.35e-10	2.16e-05	1.00e+00	0.00e+00	0.00e+00	0.00e+00	0.00e+00	0.00e+00
 1.93388e+13	2.15e-40	1.79e-31	2.87e-23	3.70e-16	3.83e-10	2.34e-05	1.00e+00	0.00e+00	0.00e+00	0.00e+00	0.00e+00	0.00e+00
 1.98902e+13	0.00e+00	2.25e-31	3.49e-23	4.34e-16	4.28e-10	2.49e-05	1.00e+00	0.00e+00	0.00e+00	0.00e+00	0.00e+00	0.00e+00
 2.05077e+13	3.71e-40	2.89e-31	4.33e-23	5.17e-16	4.82e-10	2.67e-05	1.00e+00	0.00e+00	0.00e+00	0.00e+00	0.00e+00	0.00e+00
 2.12889e+13	0.00e+00	3.92e-31	5.63e-23	6.40e-16	5.59e-10	2.90e-05	1.00e+00	0.00e+00	0.00e+00	0.00e+00	0.00e+00	0.00e+00
 2.21108e+13	7.52e-40	5.35e-31	7.35e-23	7.94e-16	6.49e-10	3.16e-05	1.00e+00	0.00e+00	0.00e+00	0.00e+00	0.00e+00	0.00e+00
 2.28548e+13	0.00e+00	7.06e-31	9.31e-23	9.60e-16	7.39e-10	3.40e-05	1.00e+00	0.00e+00	0.00e+00	0.00e+00	0.00e+00	0.00e+00
 2.36696e+13	1.45e-39	9.49e-31	1.20e-22	1.17e-15	8.47e-10	3.67e-05	1.00e+00	0.00e+00	0.00e+00	0.00e+00	0.00e+00	0.00e+00
 2.45365e+13	0.00e+00	1.29e-30	1.55e-22	1.44e-15	9.76e-10	3.97e-05	1.00e+00	0.00e+00	0.00e+00	0.00e+00	0.00e+00	0.00e+00
 2.52920e+13	2.79e-39	1.67e-30	1.93e-22	1.72e-15	1.10e-09	4.24e-05	1.00e+00	0.00e+00	0.00e+00	0.00e+00	0.00e+00	0.00e+00
 2.60951e+13	0.00e+00	2.19e-30	2.42e-22	2.06e-15	1.24e-09	4.53e-05	1.00e+00	0.00e+00	0.00e+00	0.00e+00	0.00e+00	0.00e+00
 2.70949e+13	5.50e-39	3.02e-30	3.18e-22	2.56e-15	1.44e-09	4.92e-05	1.00e+00	0.00e+00	0.00e+00	0.00e+00	0.00e+00	0.00e+00
 2.81004e+13	0.00e+00	4.17e-30	4.17e-22	3.16e-15	1.66e-09	5.32e-05	1.00e+00	0.00e+00	0.00e+00	0.00e+00	0.00e+00	0.00e+00
 2.89738e+13	1.09e-38	5.45e-30	5.22e-22	3.77e-15	1.87e-09	5.68e-05	1.00e+00	0.00e+00	0.00e+00	0.00e+00	0.00e+00	0.00e+00
 2.99257e+13	0.00e+00	7.27e-30	6.63e-22	4.55e-15	2.12e-09	6.08e-05	1.00e+00	0.00e+00	0.00e+00	0.00e+00	0.00e+00	0.00e+00
 3.10879e+13	2.28e-38	1.03e-29	8.82e-22	5.68e-15	2.46e-09	6.59e-05	1.00e+00	0.00e+00	0.00e+00	0.00e+00	0.00e+00	0.00e+00
 3.22683e+13	0.00e+00	1.43e-29	1.17e-21	7.05e-15	2.85e-09	7.13e-05	1.00e+00	0.00e+00	0.00e+00	0.00e+00	0.00e+00	0.00e+00
 3.33380e+13	4.76e-38	1.93e-29	1.49e-21	8.53e-15	3.24e-09	7.64e-05	1.00e+00	0.00e+00	0.00e+00	0.00e+00	0.00e+00	0.00e+00
 3.45189e+13	0.00e+00	2.65e-29	1.94e-21	1.04e-14	3.71e-09	8.21e-05	1.00e+00	0.00e+00	0.00e+00	0.00e+00	0.00e+00	0.00e+00
 3.59050e+13	1.06e-37	3.82e-29	2.61e-21	1.32e-14	4.33e-09	8.90e-05	1.00e+00	0.00e+00	0.00e+00	0.00e+00	0.00e+00	0.00e+00
 3.72904e+13	0.00e+00	5.42e-29	3.48e-21	1.64e-14	5.02e-09	9.63e-05	1.00e+00	0.00e+00	0.00e+00	0.00e+00	0.00e+00	0.00e+00
 3.86128e+13	2.35e-37	7.50e-29	4.55e-21	2.01e-14	5.76e-09	1.03e-04	1.00e+00	0.00e+00	0.00e+00	0.00e+00	0.00e+00	0.00e+00
 4.00689e+13	0.00e+00	1.06e-28	6.04e-21	2.50e-14	6.66e-09	1.12e-04	1.00e+00	0.00e+00	0.00e+00	0.00e+00	0.00e+00	0.00e+00
 4.17016e+13	5.56e-37	1.55e-28	8.22e-21	3.16e-14	7.79e-09	1.21e-04	1.00e+00	0.00e+00	0.00e+00	0.00e+00	0.00e+00	0.00e+00
 4.33996e+13	0.00e+00	2.27e-28	1.12e-20	4.00e-14	9.11e-09	1.31e-04	1.00e+00	0.00e+00	0.00e+00	0.00e+00	0.00e+00	0.00e+00
 4.51655e+13	1.37e-36	3.32e-28	1.52e-20	5.06e-14	1.07e-08	1.42e-04	1.00e+00	0.00e+00	0.00e+00	0.00e+00	0.00e+00	0.00e+00
 4.70020e+13	0.00e+00	4.86e-28	2.07e-20	6.39e-14	1.25e-08	1.54e-04	1.00e+00	0.00e+00	0.00e+00	0.00e+00	0.00e+00	0.00e+00
 4.89120e+13	3.40e-36	7.14e-28	2.83e-20	8.09e-14	1.46e-08	1.67e-04	1.00e+00	0.00e+00	0.00e+00	0.00e+00	0.00e+00	0.00e+00
 5.08120e+13	0.00e+00	1.03e-27	3.81e-20	1.01e-13	1.69e-08	1.80e-04	1.00e+00	0.00e+00	0.00e+00	0.00e+00	0.00e+00	0.00e+00
 5.27880e+13	8.21e-36	1.49e-27	5.14e-20	1.27e-13	1.97e-08	1.94e-04	1.00e+00	0.00e+00	0.00e+00	0.00e+00	0.00e+00	0.00e+00
 5.49294e+13	0.00e+00	2.20e-27	7.01e-20	1.60e-13	2.30e-08	2.10e-04	1.00e+00	0.00e+00	0.00e+00	0.00e+00	0.00e+00	0.00e+00
 5.71060e+13	2.05e-35	3.21e-27	9.51e-20	2.02e-13	2.68e-08	2.27e-04	1.00e+00	0.00e+00	0.00e+00	0.00e+00	0.00e+00	0.00e+00
 5.90861e+13	0.00e+00	4.47e-27	1.24e-19	2.47e-13	3.07e-08	2.43e-04	1.00e+00	0.00e+00	0.00e+00	0.00e+00	0.00e+00	0.00e+00
 6.08537e+13	4.28e-35	5.95e-27	1.57e-19	2.94e-13	3.44e-08	2.58e-04	1.00e+00	0.00e+00	0.00e+00	0.00e+00	0.00e+00	0.00e+00
 6.28599e+13	6.29e-35	8.21e-27	2.02e-19	3.56e-13	3.92e-08	2.75e-04	1.00e+00	0.00e+00	0.00e+00	0.00e+00	0.00e+00	0.00e+00
 6.52887e+13	9.72e-35	1.18e-26	2.72e-19	4.46e-13	4.55e-08	2.97e-04	1.00e+00	0.00e+00	0.00e+00	0.00e+00	0.00e+00	0.00e+00
 6.77707e+13	1.50e-34	1.70e-26	3.65e-19	5.56e-13	5.27e-08	3.20e-04	1.00e+00	0.00e+00	0.00e+00	0.00e+00	0.00e+00	0.00e+00
 7.00959e+13	2.24e-34	2.38e-26	4.76e-19	6.79e-13	6.02e-08	3.42e-04	1.00e+00	0.00e+00	0.00e+00	0.00e+00	0.00e+00	0.00e+00
 7.26735e+13	3.39e-34	3.37e-26	6.32e-19	8.40e-13	6.94e-08	3.67e-04	1.00e+00	0.00e+00	0.00e+00	0.00e+00	0.00e+00	0.00e+00
 7.56104e+13	5.38e-34	4.96e-26	8.63e-19	1.06e-12	8.12e-08	3.98e-04	1.00e+00	0.00e+00	0.00e+00	0.00e+00	0.00e+00	0.00e+00
 7.85507e+13	8.37e-34	7.18e-26	1.16e-18	1.33e-12	9.44e-08	4.29e-04	1.00e+00	0.00e+00	0.00e+00	0.00e+00	0.00e+00	0.00e+00
 8.16086e+13	1.31e-33	1.04e-25	1.57e-18	1.67e-12	1.10e-07	4.63e-04	1.00e+00	0.00e+00	0.00e+00	0.00e+00	0.00e+00	0.00e+00
 8.49029e+13	2.07e-33	1.53e-25	2.14e-18	2.11e-12	1.28e-07	5.01e-04	9.99e-01	0.00e+00	0.00e+00	0.00e+00	0.00e+00	0.00e+00
 8.83289e+13	3.30e-33	2.26e-25	2.93e-18	2.67e-12	1.50e-07	5.42e-04	9.99e-01	0.00e+00	0.00e+00	0.00e+00	0.00e+00	0.00e+00
 9.18920e+13	5.15e-33	3.30e-25	3.99e-18	3.38e-12	1.75e-07	5.88e-04	9.99e-01	0.00e+00	0.00e+00	0.00e+00	0.00e+00	0.00e+00
 9.52081e+13	7.80e-33	4.67e-25	5.28e-18	4.17e-12	2.02e-07	6.31e-04	9.99e-01	0.00e+00	0.00e+00	0.00e+00	0.00e+00	0.00e+00
 9.81222e+13	1.11e-32	6.27e-25	6.70e-18	4.99e-12	2.27e-07	6.70e-04	9.99e-01	0.00e+00	0.00e+00	0.00e+00	0.00e+00	0.00e+00
 1.01375e+14	1.62e-32	8.60e-25	8.65e-18	6.05e-12	2.59e-07	7.16e-04	9.99e-01	0.00e+00	0.00e+00	0.00e+00	0.00e+00	0.00e+00
 1.05293e+14	2.48e-32	1.23e-24	1.16e-17	7.58e-12	3.01e-07	7.73e-04	9.99e-01	0.00e+00	0.00e+00	0.00e+00	0.00e+00	0.00e+00
 1.09226e+14	3.83e-32	1.77e-24	1.56e-17	9.43e-12	3.48e-07	8.31e-04	9.99e-01	0.00e+00	0.00e+00	0.00e+00	0.00e+00	0.00e+00
 1.12819e+14	5.49e-32	2.41e-24	2.00e-17	1.14e-11	3.95e-07	8.88e-04	9.99e-01	0.00e+00	0.00e+00	0.00e+00	0.00e+00	0.00e+00
 1.16819e+14	8.23e-32	3.38e-24	2.63e-17	1.41e-11	4.54e-07	9.52e-04	9.99e-01	0.00e+00	0.00e+00	0.00e+00	0.00e+00	0.00e+00
 1.21477e+14	1.28e-31	4.92e-24	3.58e-17	1.77e-11	5.30e-07	1.03e-03	9.99e-01	0.00e+00	0.00e+00	0.00e+00	0.00e+00	0.00e+00
 1.26025e+14	1.97e-31	7.05e-24	4.78e-17	2.21e-11	6.13e-07	1.11e-03	9.99e-01	0.00e+00	0.00e+00	0.00e+00	0.00e+00	0.00e+00
 1.30279e+14	2.90e-31	9.75e-24	6.22e-17	2.69e-11	6.99e-07	1.19e-03	9.99e-01	0.00e+00	0.00e+00	0.00e+00	0.00e+00	0.00e+00
 1.35045e+14	4.38e-31	1.38e-23	8.25e-17	3.33e-11	8.06e-07	1.28e-03	9.99e-01	0.00e+00	0.00e+00	0.00e+00	0.00e+00	0.00e+00
 1.40476e+14	6.84e-31	2.01e-23	1.12e-16	4.21e-11	9.42e-07	1.38e-03	9.99e-01	0.00e+00	0.00e+00	0.00e+00	0.00e+00	0.00e+00
 1.45854e+14	1.06e-30	2.91e-23	1.51e-16	5.26e-11	1.09e-06	1.49e-03	9.99e-01	0.00e+00	0.00e+00	0.00e+00	0.00e+00	0.00e+00
 1.51447e+14	1.62e-30	4.17e-23	2.03e-16	6.58e-11	1.27e-06	1.61e-03	9.98e-01	0.00e+00	0.00e+00	0.00e+00	0.00e+00	0.00e+00
 1.57535e+14	2.59e-30	6.16e-23	2.78e-16	8.32e-11	1.48e-06	1.74e-03	9.98e-01	0.00e+00	0.00e+00	0.00e+00	0.00e+00	0.00e+00
 1.63737e+14	3.99e-30	8.88e-23	3.77e-16	1.05e-10	1.73e-06	1.88e-03	9.98e-01	0.00e+00	0.00e+00	0.00e+00	0.00e+00	0.00e+00
 1.70187e+14	6.25e-30	1.29e-22	5.11e-16	1.32e-10	2.02e-06	2.03e-03	9.98e-01	0.00e+00	0.00e+00	0.00e+00	0.00e+00	0.00e+00
 1.76782e+14	9.78e-30	1.88e-22	6.91e-16	1.65e-10	2.34e-06	2.19e-03	9.98e-01	0.00e+00	0.00e+00	0.00e+00	0.00e+00	0.00e+00
 1.83641e+14	1.52e-29	2.72e-22	9.34e-16	2.07e-10	2.73e-06	2.36e-03	9.98e-01	0.00e+00	0.00e+00	0.00e+00	0.00e+00	0.00e+00
 1.90589e+14	2.33e-29	3.91e-22	1.25e-15	2.59e-10	3.16e-06	2.55e-03	9.97e-01	0.00e+00	0.00e+00	0.00e+00	0.00e+00	0.00e+00
 1.97125e+14	3.44e-29	5.41e-22	1.64e-15	3.16e-10	3.61e-06	2.72e-03	9.97e-01	0.00e+00	0.00e+00	0.00e+00	0.00e+00	0.00e+00
 2.04350e+14	5.20e-29	7.68e-22	2.18e-15	3.92e-10	4.17e-06	2.93e-03	9.97e-01	0.00e+00	0.00e+00	0.00e+00	0.00e+00	0.00e+00
 2.12554e+14	8.13e-29	1.12e-21	2.98e-15	4.95e-10	4.87e-06	3.17e-03	9.97e-01	0.00e+00	0.00e+00	0.00e+00	0.00e+00	0.00e+00
 2.20652e+14	1.27e-28	1.62e-21	4.01e-15	6.19e-10	5.65e-06	3.41e-03	9.97e-01	0.00e+00	0.00e+00	0.00e+00	0.00e+00	0.00e+00
 2.27836e+14	1.80e-28	2.19e-21	5.16e-15	7.49e-10	6.42e-06	3.64e-03	9.96e-01	0.00e+00	0.00e+00	0.00e+00	0.00e+00	0.00e+00
 2.35355e+14	2.67e-28	3.03e-21	6.69e-15	9.09e-10	7.30e-06	3.88e-03	9.96e-01	0.00e+00	0.00e+00	0.00e+00	0.00e+00	0.00e+00
 2.44411e+14	4.03e-28	4.31e-21	9.00e-15	1.14e-09	8.48e-06	4.19e-03	9.96e-01	0.00e+00	0.00e+00	0.00e+00	0.00e+00	0.00e+00
 2.53398e+14	6.22e-28	6.18e-21	1.20e-14	1.41e-09	9.79e-06	4.49e-03	9.95e-01	0.00e+00	0.00e+00	0.00e+00	0.00e+00	0.00e+00
 2.61522e+14	8.75e-28	8.28e-21	1.54e-14	1.70e-09	1.11e-05	4.79e-03	9.95e-01	0.00e+00	0.00e+00	0.00e+00	0.00e+00	0.00e+00
 2.70594e+14	1.31e-27	1.16e-20	2.02e-14	2.09e-09	1.27e-05	5.12e-03	9.95e-01	0.00e+00	0.00e+00	0.00e+00	0.00e+00	0.00e+00
 2.80628e+14	1.94e-27	1.62e-20	2.69e-14	2.59e-09	1.47e-05	5.52e-03	9.94e-01	0.00e+00	0.00e+00	0.00e+00	0.00e+00	0.00e+00
 2.89889e+14	2.87e-27	2.25e-20	3.49e-14	3.15e-09	1.67e-05	5.88e-03	9.94e-01	0.00e+00	0.00e+00	0.00e+00	0.00e+00	0.00e+00
 2.99905e+14	4.11e-27	3.06e-20	4.55e-14	3.85e-09	1.91e-05	6.30e-03	9.94e-01	0.00e+00	0.00e+00	0.00e+00	0.00e+00	0.00e+00
 3.11062e+14	6.33e-27	4.39e-20	6.08e-14	4.79e-09	2.21e-05	6.77e-03	9.93e-01	0.00e+00	0.00e+00	0.00e+00	0.00e+00	0.00e+00
 3.21556e+14	8.98e-27	5.94e-20	7.90e-14	5.83e-09	2.52e-05	7.24e-03	9.93e-01	0.00e+00	0.00e+00	0.00e+00	0.00e+00	0.00e+00
 3.33053e+14	1.32e-26	8.27e-20	1.04e-13	7.19e-09	2.89e-05	7.77e-03	9.92e-01	0.00e+00	0.00e+00	0.00e+00	0.00e+00	0.00e+00
 3.45798e+14	2.00e-26	1.18e-19	1.40e-13	8.99e-09	3.36e-05	8.38e-03	9.92e-01	0.00e+00	0.00e+00	0.00e+00	0.00e+00	0.00e+00
 3.57647e+14	2.96e-26	1.63e-19	1.83e-13	1.10e-08	3.83e-05	8.97e-03	9.91e-01	0.00e+00	0.00e+00	0.00e+00	0.00e+00	0.00e+00
 3.70530e+14	4.27e-26	2.24e-19	2.41e-13	1.35e-08	4.41e-05	9.64e-03	9.90e-01	0.00e+00	0.00e+00	0.00e+00	0.00e+00	0.00e+00
 3.84924e+14	6.40e-26	3.18e-19	3.25e-13	1.70e-08	5.13e-05	1.04e-02	9.90e-01	0.00e+00	0.00e+00	0.00e+00	0.00e+00	0.00e+00
 3.98527e+14	9.54e-26	4.45e-19	4.26e-13	2.09e-08	5.88e-05	1.12e-02	9.89e-01	0.00e+00	0.00e+00	0.00e+00	0.00e+00	0.00e+00
 4.13133e+14	1.36e-25	6.09e-19	5.64e-13	2.59e-08	6.78e-05	1.20e-02	9.88e-01	0.00e+00	0.00e+00	0.00e+00	0.00e+00	0.00e+00
 4.29334e+14	2.11e-25	8.82e-19	7.63e-13	3.25e-08	7.89e-05	1.30e-02	9.87e-01	0.00e+00	0.00e+00	0.00e+00	0.00e+00	0.00e+00
 4.45095e+14	2.97e-25	1.20e-18	1.01e-12	4.02e-08	9.10e-05	1.40e-02	9.86e-01	0.00e+00	0.00e+00	0.00e+00	0.00e+00	0.00e+00
 4.61841e+14	4.42e-25	1.69e-18	1.35e-12	5.01e-08	1.05e-04	1.51e-02	9.85e-01	0.00e+00	0.00e+00	0.00e+00	0.00e+00	0.00e+00
 4.80345e+14	6.55e-25	2.39e-18	1.82e-12	6.33e-08	1.23e-04	1.64e-02	9.83e-01	0.00e+00	0.00e+00	0.00e+00	0.00e+00	0.00e+00
 4.98934e+14	9.82e-25	3.39e-18	2.45e-12	7.92e-08	1.43e-04	1.77e-02	9.82e-01	0.00e+00	0.00e+00	0.00e+00	0.00e+00	0.00e+00
 5.18266e+14	1.43e-24	4.72e-18	3.29e-12	9.93e-08	1.66e-04	1.92e-02	9.81e-01	0.00e+00	0.00e+00	0.00e+00	0.00e+00	0.00e+00
 5.39027e+14	2.20e-24	6.85e-18	4.46e-12	1.25e-07	1.93e-04	2.08e-02	9.79e-01	0.00e+00	0.00e+00	0.00e+00	0.00e+00	0.00e+00
 5.60618e+14	3.16e-24	9.50e-18	6.04e-12	1.58e-07	2.25e-04	2.26e-02	9.77e-01	0.00e+00	0.00e+00	0.00e+00	0.00e+00	0.00e+00
 5.81005e+14	4.64e-24	1.32e-17	7.96e-12	1.95e-07	2.59e-04	2.43e-02	9.75e-01	0.00e+00	0.00e+00	0.00e+00	0.00e+00	0.00e+00
 5.97850e+14	5.97e-24	1.67e-17	9.91e-12	2.31e-07	2.90e-04	2.58e-02	9.74e-01	0.00e+00	0.00e+00	0.00e+00	0.00e+00	0.00e+00
 6.15019e+14	7.93e-24	2.15e-17	1.23e-11	2.73e-07	3.24e-04	2.74e-02	9.72e-01	0.00e+00	0.00e+00	0.00e+00	0.00e+00	0.00e+00
 6.37233e+14	1.12e-23	2.93e-17	1.62e-11	3.37e-07	3.72e-04	2.96e-02	9.70e-01	0.00e+00	0.00e+00	0.00e+00	0.00e+00	0.00e+00
 6.60178e+14	1.61e-23	4.03e-17	2.13e-11	4.15e-07	4.27e-04	3.18e-02	9.68e-01	0.00e+00	0.00e+00	0.00e+00	0.00e+00	0.00e+00
 6.79615e+14	2.07e-23	5.12e-17	2.66e-11	4.93e-07	4.78e-04	3.38e-02	9.66e-01	0.00e+00	0.00e+00	0.00e+00	0.00e+00	0.00e+00
 7.00316e+14	2.80e-23	6.68e-17	3.35e-11	5.89e-07	5.37e-04	3.60e-02	9.63e-01	0.00e+00	0.00e+00	0.00e+00	0.00e+00	0.00e+00
 7.26272e+14	3.93e-23	9.12e-17	4.43e-11	7.31e-07	6.19e-04	3.89e-02	9.60e-01	0.00e+00	0.00e+00	0.00e+00	0.00e+00	0.00e+00
 7.52839e+14	5.67e-23	1.26e-16	5.85e-11	9.03e-07	7.11e-04	4.20e-02	9.57e-01	0.00e+00	0.00e+00	0.00e+00	0.00e+00	0.00e+00
 7.76022e+14	7.40e-23	1.62e-16	7.38e-11	1.08e-06	8.00e-04	4.48e-02	9.54e-01	0.00e+00	0.00e+00	0.00e+00	0.00e+00	0.00e+00
 8.01025e+14	1.01e-22	2.15e-16	9.43e-11	1.30e-06	9.04e-04	4.79e-02	9.51e-01	0.00e+00	0.00e+00	0.00e+00	0.00e+00	0.00e+00
 8.31474e+14	1.44e-22	2.98e-16	1.26e-10	1.62e-06	1.04e-03	5.18e-02	9.47e-01	0.00e+00	0.00e+00	0.00e+00	0.00e+00	0.00e+00
 8.61715e+14	2.05e-22	4.09e-16	1.66e-10	2.00e-06	1.20e-03	5.58e-02	9.43e-01	0.00e+00	0.00e+00	0.00e+00	0.00e+00	0.00e+00
 8.88264e+14	2.68e-22	5.27e-16	2.09e-10	2.40e-06	1.35e-03	5.95e-02	9.39e-01	0.00e+00	0.00e+00	0.00e+00	0.00e+00	0.00e+00
 9.17303e+14	3.68e-22	7.03e-16	2.69e-10	2.90e-06	1.52e-03	6.36e-02	9.35e-01	0.00e+00	0.00e+00	0.00e+00	0.00e+00	0.00e+00
 9.52405e+14	5.26e-22	9.77e-16	3.59e-10	3.62e-06	1.76e-03	6.88e-02	9.29e-01	0.00e+00	0.00e+00	0.00e+00	0.00e+00	0.00e+00
 9.87310e+14	7.48e-22	1.35e-15	4.74e-10	4.47e-06	2.02e-03	7.40e-02	9.24e-01	0.00e+00	0.00e+00	0.00e+00	0.00e+00	0.00e+00
 1.01855e+15	9.93e-22	1.76e-15	6.04e-10	5.37e-06	2.27e-03	7.91e-02	9.19e-01	0.00e+00	0.00e+00	0.00e+00	0.00e+00	0.00e+00
 1.05310e+15	1.39e-21	2.38e-15	7.82e-10	6.52e-06	2.58e-03	8.45e-02	9.13e-01	0.00e+00	0.00e+00	0.00e+00	0.00e+00	0.00e+00
 1.09409e+15	1.99e-21	3.33e-15	1.05e-09	8.17e-06	2.98e-03	9.15e-02	9.06e-01	0.00e+00	0.00e+00	0.00e+00	0.00e+00	0.00e+00
 1.13450e+15	2.82e-21	4.60e-15	1.39e-09	1.01e-05	3.42e-03	9.84e-02	8.98e-01	0.00e+00	0.00e+00	0.00e+00	0.00e+00	0.00e+00
 1.17142e+15	3.90e-21	6.16e-15	1.79e-09	1.22e-05	3.86e-03	1.05e-01	8.91e-01	0.00e+00	0.00e+00	0.00e+00	0.00e+00	0.00e+00
 1.21279e+15	5.43e-21	8.39e-15	2.34e-09	1.49e-05	4.39e-03	1.12e-01	8.83e-01	0.00e+00	0.00e+00	0.00e+00	0.00e+00	0.00e+00
 1.26090e+15	8.00e-21	1.20e-14	3.17e-09	1.87e-05	5.08e-03	1.21e-01	8.73e-01	0.00e+00	0.00e+00	0.00e+00	0.00e+00	0.00e+00
 1.30829e+15	1.15e-20	1.67e-14	4.22e-09	2.31e-05	5.83e-03	1.30e-01	8.64e-01	0.00e+00	0.00e+00	0.00e+00	0.00e+00	0.00e+00
 1.35757e+15	1.68e-20	2.35e-14	5.63e-09	2.87e-05	6.68e-03	1.40e-01	8.53e-01	0.00e+00	0.00e+00	0.00e+00	0.00e+00	0.00e+00
 1.41190e+15	2.49e-20	3.37e-14	7.63e-09	3.60e-05	7.71e-03	1.51e-01	8.41e-01	0.00e+00	0.00e+00	0.00e+00	0.00e+00	0.00e+00
 1.46634e+15	3.62e-20	4.73e-14	1.02e-08	4.47e-05	8.86e-03	1.62e-01	8.30e-01	0.00e+00	0.00e+00	0.00e+00	0.00e+00	0.00e+00
 1.52296e+15	5.36e-20	6.74e-14	1.37e-08	5.55e-05	1.02e-02	1.73e-01	8.16e-01	0.00e+00	0.00e+00	0.00e+00	0.00e+00	0.00e+00
 1.58391e+15	8.03e-20	9.72e-14	1.86e-08	6.95e-05	1.17e-02	1.86e-01	8.02e-01	0.00e+00	0.00e+00	0.00e+00	0.00e+00	0.00e+00
 1.63627e+15	1.13e-19	1.31e-13	2.39e-08	8.35e-05	1.31e-02	1.97e-01	7.90e-01	0.00e+00	0.00e+00	0.00e+00	0.00e+00	0.00e+00
 1.67607e+15	1.44e-19	1.64e-13	2.87e-08	9.57e-05	1.43e-02	2.05e-01	7.80e-01	0.00e+00	0.00e+00	0.00e+00	0.00e+00	0.00e+00
 1.71865e+15	1.87e-19	2.07e-13	3.48e-08	1.10e-04	1.56e-02	2.14e-01	7.70e-01	0.00e+00	0.00e+00	0.00e+00	0.00e+00	0.00e+00
 1.77399e+15	2.60e-19	2.78e-13	4.44e-08	1.32e-04	1.75e-02	2.26e-01	7.56e-01	0.00e+00	0.00e+00	0.00e+00	0.00e+00	0.00e+00
 1.83435e+15	3.62e-19	3.75e-13	5.73e-08	1.59e-04	1.96e-02	2.39e-01	7.42e-01	0.00e+00	0.00e+00	0.00e+00	0.00e+00	0.00e+00
 1.88965e+15	5.03e-19	5.00e-13	7.20e-08	1.87e-04	2.18e-02	2.51e-01	7.27e-01	0.00e+00	0.00e+00	0.00e+00	0.00e+00	0.00e+00
 1.94999e+15	7.02e-19	6.71e-13	9.14e-08	2.23e-04	2.42e-02	2.63e-01	7.12e-01	0.00e+00	0.00e+00	0.00e+00	0.00e+00	0.00e+00
 2.02379e+15	1.04e-18	9.49e-13	1.21e-07	2.73e-04	2.75e-02	2.79e-01	6.94e-01	0.00e+00	0.00e+00	0.00e+00	0.00e+00	0.00e+00
 2.09715e+15	1.52e-18	1.32e-12	1.58e-07	3.31e-04	3.09e-02	2.93e-01	6.75e-01	0.00e+00	0.00e+00	0.00e+00	0.00e+00	0.00e+00
 2.16143e+15	2.05e-18	1.73e-12	1.99e-07	3.90e-04	3.42e-02	3.06e-01	6.59e-01	0.00e+00	0.00e+00	0.00e+00	0.00e+00	0.00e+00
 2.23185e+15	2.88e-18	2.32e-12	2.52e-07	4.63e-04	3.79e-02	3.20e-01	6.41e-01	0.00e+00	0.00e+00	0.00e+00	0.00e+00	0.00e+00
 2.31710e+15	4.39e-18	3.35e-12	3.34e-07	5.66e-04	4.28e-02	3.37e-01	6.20e-01	0.00e+00	0.00e+00	0.00e+00	0.00e+00	0.00e+00
 2.40239e+15	6.46e-18	4.66e-12	4.36e-07	6.85e-04	4.80e-02	3.53e-01	5.99e-01	0.00e+00	0.00e+00	0.00e+00	0.00e+00	0.00e+00
 2.47902e+15	9.03e-18	6.23e-12	5.48e-07	8.07e-04	5.29e-02	3.66e-01	5.80e-01	0.00e+00	0.00e+00	0.00e+00	0.00e+00	0.00e+00
 2.56361e+15	1.30e-17	8.48e-12	7.00e-07	9.60e-04	5.87e-02	3.81e-01	5.59e-01	0.00e+00	0.00e+00	0.00e+00	0.00e+00	0.00e+00
 2.66367e+15	1.88e-17	1.18e-11	9.22e-07	1.17e-03	6.58e-02	3.97e-01	5.36e-01	0.00e+00	0.00e+00	0.00e+00	0.00e+00	0.00e+00
 2.76274e+15	2.91e-17	1.68e-11	1.20e-06	1.40e-03	7.33e-02	4.13e-01	5.13e-01	0.00e+00	0.00e+00	1.66e-17	8.86e-18	3.23e-18
 2.85410e+15	4.12e-17	2.25e-11	1.51e-06	1.65e-03	8.06e-02	4.26e-01	4.92e-01	0.00e+00	0.00e+00	2.35e-17	1.26e-17	4.55e-18
 2.95652e+15	5.97e-17	3.08e-11	1.94e-06	1.97e-03	8.91e-02	4.39e-01	4.70e-01	0.00e+00	0.00e+00	3.41e-17	1.83e-17	6.55e-18
 3.07472e+15	8.77e-17	4.30e-11	2.55e-06	2.38e-03	9.93e-02	4.54e-01	4.45e-01	0.00e+00	0.00e+00	5.01e-17	2.68e-17	9.58e-18
 3.19079e+15	1.35e-16	6.12e-11	3.30e-06	2.85e-03	1.10e-01	4.67e-01	4.21e-01	0.00e+00	0.00e+00	7.74e-17	4.13e-17	1.47e-17
 3.30220e+15	1.95e-16	8.31e-11	4.18e-06	3.35e-03	1.20e-01	4.78e-01	3.99e-01	0.00e+00	0.00e+00	1.12e-16	5.96e-17	2.11e-17
 3.42501e+15	2.85e-16	1.14e-10	5.35e-06	3.97e-03	1.32e-01	4.88e-01	3.76e-01	0.00e+00	0.00e+00	1.64e-16	8.70e-17	3.07e-17
 3.56204e+15	4.17e-16	1.57e-10	6.96e-06	4.75e-03	1.46e-01	4.98e-01	3.51e-01	0.00e+00	0.00e+00	2.39e-16	1.27e-16	4.46e-17
 3.70455e+15	6.58e-16	2.27e-10	9.05e-06	5.68e-03	1.60e-01	5.07e-01	3.27e-01	0.00e+00	0.00e+00	3.78e-16	2.00e-16	7.00e-17
 3.85276e+15	9.84e-16	3.16e-10	1.17e-05	6.76e-03	1.76e-01	5.14e-01	3.04e-01	0.00e+00	0.00e+00	5.66e-16	3.00e-16	1.04e-16
 3.98074e+15	1.39e-15	4.17e-10	1.45e-05	7.79e-03	1.89e-01	5.18e-01	2.85e-01	0.00e+00	0.00e+00	7.98e-16	4.22e-16	1.46e-16
 4.07838e+15	1.80e-15	5.15e-10	1.69e-05	8.65e-03	2.00e-01	5.21e-01	2.71e-01	0.00e+00	0.00e+00	1.03e-15	5.47e-16	1.89e-16
 4.18238e+15	2.34e-15	6.36e-10	1.99e-05	9.63e-03	2.11e-01	5.23e-01	2.57e-01	0.00e+00	0.00e+00	1.35e-15	7.11e-16	2.45e-16
 4.31759e+15	3.12e-15	8.12e-10	2.43e-05	1.10e-02	2.26e-01	5.24e-01	2.40e-01	0.00e+00	0.00e+00	1.80e-15	9.51e-16	3.27e-16
 4.46558e+15	4.60e-15	1.10e-09	3.00e-05	1.27e-02	2.42e-01	5.24e-01	2.22e-01	0.00e+00	0.00e+00	2.65e-15	1.40e-15	4.80e-16
 4.60042e+15	6.20e-15	1.40e-09	3.61e-05	1.43e-02	2.57e-01	5.22e-01	2.07e-01	0.00e+00	0.00e+00	3.58e-15	1.89e-15	6.45e-16
 4.74595e+15	8.29e-15	1.78e-09	4.37e-05	1.62e-02	2.72e-01	5.20e-01	1.92e-01	0.00e+00	0.00e+00	4.78e-15	2.52e-15	8.60e-16
 4.92479e+15	1.26e-14	2.45e-09	5.48e-05	1.87e-02	2.91e-01	5.16e-01	1.74e-01	0.00e+00	0.00e+00	7.25e-15	3.82e-15	1.30e-15
 5.10240e+15	1.79e-14	3.24e-09	6.77e-05	2.15e-02	3.10e-01	5.09e-01	1.59e-01	0.00e+00	0.00e+00	1.03e-14	5.43e-15	1.84e-15
 5.25629e+15	2.35e-14	4.05e-09	8.07e-05	2.40e-02	3.26e-01	5.03e-01	1.46e-01	0.00e+00	0.00e+00	1.36e-14	7.14e-15	2.42e-15
 5.42389e+15	3.22e-14	5.19e-09	9.71e-05	2.70e-02	3.43e-01	4.96e-01	1.34e-01	0.00e+00	0.00e+00	1.86e-14	9.79e-15	3.30e-15
 5.62901e+15	4.88e-14	7.14e-09	1.21e-04	3.10e-02	3.64e-01	4.85e-01	1.20e-01	0.00e+00	0.00e+00	2.82e-14	1.48e-14	5.00e-15
 5.83315e+15	6.96e-14	9.42e-09	1.48e-04	3.52e-02	3.83e-01	4.74e-01	1.08e-01	0.00e+00	0.00e+00	4.03e-14	2.12e-14	7.12e-15
 6.01252e+15	9.42e-14	1.19e-08	1.76e-04	3.91e-02	4.00e-01	4.63e-01	9.80e-02	0.00e+00	0.00e+00	5.45e-14	2.87e-14	9.61e-15
 6.20947e+15	1.30e-13	1.53e-08	2.11e-04	4.38e-02	4.17e-01	4.50e-01	8.83e-02	0.00e+00	0.00e+00	7.53e-14	3.96e-14	1.33e-14
 6.44722e+15	1.79e-13	1.98e-08	2.60e-04	4.97e-02	4.38e-01	4.35e-01	7.79e-02	0.00e+00	0.00e+00	1.04e-13	5.46e-14	1.82e-14
 6.68428e+15	2.71e-13	2.69e-08	3.19e-04	5.61e-02	4.56e-01	4.19e-01	6.86e-02	0.00e+00	0.00e+00	1.57e-13	8.24e-14	2.75e-14
 6.89682e+15	3.68e-13	3.40e-08	3.78e-04	6.21e-02	4.72e-01	4.04e-01	6.13e-02	0.00e+00	0.00e+00	2.13e-13	1.12e-13	3.73e-14
 7.13122e+15	5.08e-13	4.35e-08	4.53e-04	6.91e-02	4.89e-01	3.87e-01	5.42e-02	0.00e+00	0.00e+00	2.94e-13	1.54e-13	5.13e-14
 7.39610e+15	6.98e-13	5.59e-08	5.50e-04	7.74e-02	5.06e-01	3.69e-01	4.72e-02	0.00e+00	0.00e+00	4.05e-13	2.13e-13	7.05e-14
 7.65411e+15	1.03e-12	7.44e-08	6.63e-04	8.61e-02	5.21e-01	3.51e-01	4.11e-02	0.00e+00	0.00e+00	5.98e-13	3.14e-13	1.04e-13
 7.89170e+15	1.39e-12	9.32e-08	7.79e-04	9.44e-02	5.34e-01	3.35e-01	3.62e-02	0.00e+00	0.00e+00	8.07e-13	4.24e-13	1.40e-13
 8.14922e+15	1.89e-12	1.18e-07	9.23e-04	1.04e-01	5.46e-01	3.18e-01	3.16e-02	0.00e+00	0.00e+00	1.10e-12	5.76e-13	1.90e-13
 8.43825e+15	2.56e-12	1.49e-07	1.11e-03	1.15e-01	5.58e-01	2.99e-01	2.72e-02	0.00e+00	0.00e+00	1.48e-12	7.79e-13	2.57e-13
 8.71285e+15	3.70e-12	1.94e-07	1.31e-03	1.26e-01	5.68e-01	2.81e-01	2.35e-02	0.00e+00	0.00e+00	2.15e-12	1.13e-12	3.72e-13
 8.97138e+15	4.87e-12	2.39e-07	1.52e-03	1.36e-01	5.76e-01	2.65e-01	2.05e-02	0.00e+00	0.00e+00	2.83e-12	1.48e-12	4.89e-13
 9.21497e+15	6.16e-12	2.86e-07	1.75e-03	1.47e-01	5.82e-01	2.51e-01	1.81e-02	0.00e+00	0.00e+00	3.57e-12	1.87e-12	6.17e-13
 9.48216e+15	8.15e-12	3.52e-07	2.03e-03	1.59e-01	5.88e-01	2.36e-01	1.57e-02	0.00e+00	0.00e+00	4.73e-12	2.48e-12	8.17e-13
 9.77186e+15	1.15e-11	4.52e-07	2.38e-03	1.72e-01	5.92e-01	2.20e-01	1.34e-02	0.00e+00	0.00e+00	6.70e-12	3.52e-12	1.16e-12
 1.00226e+16	1.48e-11	5.44e-07	2.71e-03	1.84e-01	5.95e-01	2.07e-01	1.18e-02	0.00e+00	0.00e+00	8.62e-12	4.52e-12	1.49e-12
 1.02803e+16	1.90e-11	6.54e-07	3.09e-03	1.97e-01	5.96e-01	1.94e-01	1.03e-02	0.00e+00	0.00e+00	1.10e-11	5.80e-12	1.90e-12
 1.06153e+16	2.53e-11	8.14e-07	3.65e-03	2.13e-01	5.96e-01	1.78e-01	8.62e-03	0.00e+00	0.00e+00	1.47e-11	7.70e-12	2.53e-12
 1.09603e+16	3.72e-11	1.07e-06	4.33e-03	2.31e-01	5.94e-01	1.63e-01	7.16e-03	0.00e+00	0.00e+00	2.16e-11	1.13e-11	3.72e-12
 1.12364e+16	4.79e-11	1.29e-06	4.93e-03	2.46e-01	5.92e-01	1.51e-01	6.19e-03	0.00e+00	0.00e+00	2.78e-11	1.46e-11	4.79e-12
 1.15132e+16	6.22e-11	1.56e-06	5.62e-03	2.61e-01	5.88e-01	1.40e-01	5.33e-03	0.00e+00	0.00e+00	3.61e-11	1.90e-11	6.21e-12
 1.18730e+16	8.53e-11	1.97e-06	6.64e-03	2.81e-01	5.81e-01	1.27e-01	4.39e-03	0.00e+00	0.00e+00	4.96e-11	2.60e-11	8.52e-12
 1.22389e+16	1.21e-10	2.53e-06	7.84e-03	3.02e-01	5.72e-01	1.14e-01	3.60e-03	0.00e+00	0.00e+00	7.01e-11	3.68e-11	1.20e-11
 1.25327e+16	1.53e-10	3.03e-06	8.93e-03	3.19e-01	5.64e-01	1.05e-01	3.07e-03	0.00e+00	0.00e+00	8.91e-11	4.68e-11	1.53e-11
 1.27941e+16	1.87e-10	3.53e-06	1.00e-02	3.35e-01	5.55e-01	9.72e-02	2.66e-03	0.00e+00	0.00e+00	1.09e-10	5.71e-11	1.87e-11
 1.30933e+16	2.43e-10	4.28e-06	1.15e-02	3.53e-01	5.45e-01	8.86e-02	2.25e-03	0.00e+00	0.00e+00	1.41e-10	7.42e-11	2.43e-11
 1.34222e+16	3.47e-10	5.48e-06	1.33e-02	3.74e-01	5.31e-01	7.98e-02	1.86e-03	0.00e+00	0.00e+00	2.02e-10	1.06e-10	3.47e-11
 1.37150e+16	4.41e-10	6.56e-06	1.51e-02	3.92e-01	5.19e-01	7.27e-02	1.58e-03	0.00e+00	0.00e+00	2.57e-10	1.35e-10	4.40e-11
 1.39785e+16	5.40e-10	7.66e-06	1.70e-02	4.09e-01	5.06e-01	6.67e-02	1.36e-03	0.00e+00	0.00e+00	3.14e-10	1.65e-10	5.39e-11
 1.42791e+16	7.59e-10	9.70e-06	1.96e-02	4.28e-01	4.91e-01	5.99e-02	1.13e-03	0.00e+00	0.00e+00	4.41e-10	2.32e-10	7.58e-11
 1.45975e+16	9.43e-10	1.16e-05	2.26e-02	4.49e-01	4.74e-01	5.37e-02	9.38e-04	0.00e+00	0.00e+00	5.49e-10	2.88e-10	9.41e-11
 1.48776e+16	1.33e-09	1.46e-05	2.59e-02	4.67e-01	4.58e-01	4.83e-02	7.84e-04	0.00e+00	0.00e+00	7.72e-10	4.06e-10	1.33e-10
 1.51304e+16	1.69e-09	1.75e-05	2.92e-02	4.84e-01	4.42e-01	4.39e-02	6.69e-04	0.00e+00	0.00e+00	9.85e-10	5.17e-10	1.69e-10
 1.54094e+16	2.20e-09	2.13e-05	3.35e-02	5.02e-01	4.24e-01	3.92e-02	5.57e-04	0.00e+00	0.00e+00	1.28e-09	6.73e-10	2.20e-10
 1.57099e+16	3.07e-09	2.70e-05	3.90e-02	5.22e-01	4.04e-01	3.46e-02	4.54e-04	0.00e+00	0.00e+00	1.79e-09	9.38e-10	3.07e-10
 1.59678e+16	3.93e-09	3.25e-05	4.45e-02	5.38e-01	3.86e-01	3.09e-02	3.82e-04	0.00e+00	0.00e+00	2.29e-09	1.20e-09	3.93e-10
 1.61923e+16	4.81e-09	3.81e-05	5.02e-02	5.52e-01	3.69e-01	2.79e-02	3.25e-04	0.00e+00	0.00e+00	2.80e-09	1.47e-09	4.80e-10
 1.64098e+16	6.14e-09	4.57e-05	5.67e-02	5.66e-01	3.52e-01	2.51e-02	2.77e-04	0.00e+00	0.00e+00	3.57e-09	1.88e-09	6.14e-10
 1.66126e+16	7.84e-09	5.46e-05	6.38e-02	5.78e-01	3.36e-01	2.27e-02	2.36e-04	0.00e+00	0.00e+00	4.56e-09	2.40e-09	7.84e-10
 1.67937e+16	9.85e-09	6.45e-05	7.12e-02	5.88e-01	3.20e-01	2.06e-02	2.04e-04	0.00e+00	0.00e+00	5.73e-09	3.01e-09	9.86e-10
 1.69658e+16	1.23e-08	7.61e-05	7.94e-02	5.97e-01	3.05e-01	1.86e-02	1.76e-04	0.00e+00	0.00e+00	7.17e-09	3.77e-09	1.23e-09
 1.71633e+16	1.59e-08	9.22e-05	9.05e-02	6.06e-01	2.87e-01	1.65e-02	1.47e-04	0.00e+00	0.00e+00	9.28e-09	4.87e-09	1.60e-09
 1.73810e+16	2.15e-08	1.15e-04	1.05e-01	6.14e-01	2.66e-01	1.43e-02	1.20e-04	0.00e+00	0.00e+00	1.25e-08	6.57e-09	2.15e-09
 1.75740e+16	2.89e-08	1.43e-04	1.21e-01	6.20e-01	2.47e-01	1.25e-02	9.85e-05	0.00e+00	0.00e+00	1.68e-08	8.83e-09	2.89e-09
 1.77363e+16	4.03e-08	1.81e-04	1.38e-01	6.22e-01	2.29e-01	1.10e-02	8.19e-05	0.00e+00	0.00e+00	2.35e-08	1.23e-08	4.05e-09
 1.78816e+16	5.15e-08	2.17e-04	1.55e-01	6.22e-01	2.13e-01	9.68e-03	6.89e-05	0.00e+00	0.00e+00	3.00e-08	1.58e-08	5.17e-09
 1.80427e+16	7.11e-08	2.73e-04	1.78e-01	6.19e-01	1.94e-01	8.27e-03	5.55e-05	0.00e+00	0.00e+00	4.14e-08	2.18e-08	7.14e-09
 1.82088e+16	9.43e-08	3.40e-04	2.07e-01	6.12e-01	1.74e-01	6.96e-03	4.41e-05	0.00e+00	0.00e+00	5.48e-08	2.88e-08	9.47e-09
 1.83437e+16	1.27e-07	4.20e-04	2.35e-01	6.02e-01	1.57e-01	5.92e-03	3.55e-05	0.00e+00	0.00e+00	7.37e-08	3.88e-08	1.27e-08
 1.84559e+16	1.61e-07	5.02e-04	2.63e-01	5.89e-01	1.42e-01	5.09e-03	2.92e-05	0.00e+00	0.00e+00	9.38e-08	4.94e-08	1.62e-08
 1.85589e+16	1.99e-07	5.89e-04	2.92e-01	5.75e-01	1.28e-01	4.37e-03	2.40e-05	0.00e+00	0.00e+00	1.16e-07	6.10e-08	2.01e-08
 1.86755e+16	2.68e-07	7.29e-04	3.32e-01	5.52e-01	1.11e-01	3.57e-03	1.85e-05	0.00e+00	0.00e+00	1.56e-07	8.21e-08	2.70e-08
 1.87942e+16	3.54e-07	8.95e-04	3.77e-01	5.24e-01	9.49e-02	2.85e-03	1.39e-05	0.00e+00	0.00e+00	2.06e-07	1.09e-07	3.57e-08
 1.88751e+16	4.07e-07	1.00e-03	4.11e-01	5.02e-01	8.37e-02	2.40e-03	1.13e-05	0.00e+00	0.00e+00	2.37e-07	1.25e-07	4.11e-08
 1.89311e+16	5.00e-07	1.15e-03	4.39e-01	4.82e-01	7.56e-02	2.09e-03	9.43e-06	0.00e+00	0.00e+00	2.91e-07	1.53e-07	5.06e-08
 1.89820e+16	5.70e-07	1.26e-03	4.64e-01	4.64e-01	6.86e-02	1.83e-03	8.01e-06	0.00e+00	0.00e+00	3.32e-07	1.75e-07	5.77e-08
 1.90349e+16	6.32e-07	1.37e-03	4.92e-01	4.43e-01	6.13e-02	1.58e-03	6.70e-06	0.00e+00	0.00e+00	3.68e-07	1.94e-07	6.40e-08
 1.91037e+16	7.90e-07	1.59e-03	5.31e-01	4.13e-01	5.22e-02	1.27e-03	5.12e-06	0.00e+00	0.00e+00	4.60e-07	2.42e-07	8.01e-08
 1.91696e+16	9.36e-07	1.80e-03	5.69e-01	3.84e-01	4.42e-02	1.02e-03	3.94e-06	0.00e+00	0.00e+00	5.44e-07	2.87e-07	9.50e-08
 1.92199e+16	1.04e-06	1.94e-03	5.99e-01	3.60e-01	3.84e-02	8.49e-04	3.16e-06	0.00e+00	0.00e+00	6.04e-07	3.19e-07	1.06e-07
 1.92735e+16	1.24e-06	2.18e-03	6.32e-01	3.33e-01	3.24e-02	6.80e-04	2.42e-06	0.00e+00	0.00e+00	7.20e-07	3.80e-07	1.26e-07
 1.93305e+16	1.43e-06	2.41e-03	6.66e-01	3.04e-01	2.69e-02	5.34e-04	1.81e-06	0.00e+00	0.00e+00	8.33e-07	4.40e-07	1.46e-07
 1.93839e+16	1.64e-06	2.63e-03	6.98e-01	2.77e-01	2.22e-02	4.16e-04	1.34e-06	0.00e+00	0.00e+00	9.55e-07	5.05e-07	1.67e-07
 1.94452e+16	1.91e-06	2.90e-03	7.33e-01	2.46e-01	1.75e-02	3.07e-04	9.34e-07	0.00e+00	0.00e+00	1.11e-06	5.86e-07	1.95e-07
 1.95128e+16	2.24e-06	3.21e-03	7.70e-01	2.14e-01	1.32e-02	2.14e-04	0.00e+00	0.00e+00	0.00e+00	1.30e-06	6.88e-07	2.29e-07
 1.95754e+16	2.57e-06	3.50e-03	8.00e-01	1.86e-01	1.01e-02	1.50e-04	0.00e+00	0.00e+00	0.00e+00	1.49e-06	7.90e-07	2.63e-07
 1.96437e+16	2.97e-06	3.82e-03	8.31e-01	1.58e-01	7.29e-03	9.91e-05	0.00e+00	0.00e+00	0.00e+00	1.73e-06	9.15e-07	3.05e-07
 1.97326e+16	3.54e-06	4.23e-03	8.64e-01	1.27e-01	4.71e-03	5.64e-05	0.00e+00	0.00e+00	0.00e+00	2.06e-06	1.09e-06	3.64e-07
 1.98255e+16	4.15e-06	4.62e-03	8.92e-01	1.00e-01	2.98e-03	3.11e-05	0.00e+00	0.00e+00	0.00e+00	2.41e-06	1.28e-06	4.28e-07
 1.99099e+16	4.73e-06	4.95e-03	9.12e-01	8.11e-02	1.96e-03	1.79e-05	0.00e+00	0.00e+00	0.00e+00	2.75e-06	1.46e-06	4.89e-07
 2.00056e+16	5.43e-06	5.31e-03	9.30e-01	6.37e-02	1.21e-03	9.47e-06	0.00e+00	0.00e+00	0.00e+00	3.16e-06	1.68e-06	5.63e-07
 2.01301e+16	6.37e-06	5.74e-03	9.46e-01	4.73e-02	6.59e-04	4.21e-06	0.00e+00	0.00e+00	0.00e+00	3.70e-06	1.97e-06	6.61e-07
 2.02920e+16	7.65e-06	6.25e-03	9.60e-01	3.31e-02	3.15e-04	1.53e-06	0.00e+00	0.00e+00	0.00e+00	4.45e-06	2.36e-06	7.95e-07
 2.05024e+16	9.49e-06	6.86e-03	9.71e-01	2.20e-02	1.32e-04	4.52e-07	0.00e+00	0.00e+00	0.00e+00	5.52e-06	2.93e-06	9.87e-07
 2.07760e+16	1.23e-05	7.65e-03	9.78e-01	1.42e-02	4.92e-05	0.00e+00	0.00e+00	0.00e+00	0.00e+00	7.14e-06	3.79e-06	1.28e-06
 2.10776e+16	1.63e-05	8.62e-03	9.82e-01	9.74e-03	1.99e-05	0.00e+00	0.00e+00	0.00e+00	0.00e+00	9.49e-06	5.04e-06	1.70e-06
 2.13521e+16	2.13e-05	9.64e-03	9.83e-01	7.42e-03	9.89e-06	0.00e+00	0.00e+00	0.00e+00	0.00e+00	1.24e-05	6.58e-06	2.22e-06
 2.15987e+16	2.74e-05	1.07e-02	9.83e-01	6.02e-03	5.64e-06	0.00e+00	0.00e+00	0.00e+00	0.00e+00	1.59e-05	8.44e-06	2.84e-06
