#depth	He	He+	He+2
 1.49634e+10	3.60e-23	3.89e-12	1.00e+00
 4.54887e+10	4.01e-23	4.21e-12	1.00e+00
 7.72350e+10	4.44e-23	4.56e-12	1.00e+00
 1.10251e+11	4.93e-23	4.93e-12	1.00e+00
 1.44588e+11	5.48e-23	5.34e-12	1.00e+00
 1.80298e+11	6.09e-23	5.79e-12	1.00e+00
 2.15824e+11	6.75e-23	6.24e-12	1.00e+00
 2.52771e+11	7.48e-23	6.74e-12	1.00e+00
 2.92808e+11	8.34e-23	7.30e-12	1.00e+00
 3.33546e+11	9.29e-23	7.90e-12	1.00e+00
 3.75914e+11	1.04e-22	8.54e-12	1.00e+00
 4.20877e+11	1.16e-22	9.26e-12	1.00e+00
 4.67639e+11	1.30e-22	1.00e-11	1.00e+00
 5.16271e+11	1.46e-22	1.09e-11	1.00e+00
 5.66849e+11	1.64e-22	1.18e-11	1.00e+00
 6.19449e+11	1.84e-22	1.28e-11	1.00e+00
 6.74154e+11	2.07e-22	1.39e-11	1.00e+00
 7.31047e+11	2.34e-22	1.51e-11	1.00e+00
 7.90216e+11	2.64e-22	1.64e-11	1.00e+00
 8.51751e+11	2.99e-22	1.78e-11	1.00e+00
 9.15748e+11	3.39e-22	1.93e-11	1.00e+00
 9.82305e+11	3.85e-22	2.10e-11	1.00e+00
 1.05152e+12	4.37e-22	2.28e-11	1.00e+00
 1.12351e+12	4.97e-22	2.48e-11	1.00e+00
 1.19838e+12	5.66e-22	2.70e-11	1.00e+00
 1.27624e+12	6.46e-22	2.94e-11	1.00e+00
 1.35722e+12	7.38e-22	3.20e-11	1.00e+00
 1.44143e+12	8.43e-22	3.48e-11	1.00e+00
 1.52902e+12	9.65e-22	3.80e-11	1.00e+00
 1.61055e+12	1.09e-21	4.10e-11	1.00e+00
 1.68217e+12	1.21e-21	4.39e-11	1.00e+00
 1.76206e+12	1.35e-21	4.72e-11	1.00e+00
 1.85832e+12	1.55e-21	5.13e-11	1.00e+00
 1.95548e+12	1.76e-21	5.58e-11	1.00e+00
 2.04490e+12	1.98e-21	6.01e-11	1.00e+00
 2.14461e+12	2.24e-21	6.52e-11	1.00e+00
 2.25995e+12	2.58e-21	7.13e-11	1.00e+00
 2.37280e+12	2.94e-21	7.76e-11	1.00e+00
 2.47900e+12	3.32e-21	8.39e-11	1.00e+00
 2.59692e+12	3.77e-21	9.13e-11	1.00e+00
 2.73072e+12	4.34e-21	1.00e-10	1.00e+00
 2.86263e+12	4.97e-21	1.09e-10	1.00e+00
 2.99982e+12	5.67e-21	1.20e-10	1.00e+00
 3.14974e+12	6.53e-21	1.32e-10	1.00e+00
 3.30043e+12	7.48e-21	1.44e-10	1.00e+00
 3.45715e+12	8.56e-21	1.58e-10	1.00e+00
 3.62536e+12	9.84e-21	1.74e-10	1.00e+00
 3.80030e+12	1.13e-20	1.92e-10	1.00e+00
 3.98224e+12	1.30e-20	2.11e-10	1.00e+00
 4.17146e+12	1.49e-20	2.32e-10	1.00e+00
 4.36824e+12	1.71e-20	2.56e-10	1.00e+00
 4.55581e+12	1.94e-20	2.80e-10	1.00e+00
 4.72710e+12	2.16e-20	3.03e-10	1.00e+00
 4.92041e+12	2.43e-20	3.30e-10	1.00e+00
 5.13536e+12	2.77e-20	3.63e-10	1.00e+00
 5.33716e+12	3.10e-20	3.94e-10	1.00e+00
 5.55690e+12	3.50e-20	4.31e-10	1.00e+00
 5.80277e+12	3.99e-20	4.75e-10	1.00e+00
 6.03779e+12	4.50e-20	5.19e-10	1.00e+00
 6.28855e+12	5.08e-20	5.69e-10	1.00e+00
 6.57001e+12	5.79e-20	6.28e-10	1.00e+00
 6.84770e+12	6.55e-20	6.90e-10	1.00e+00
 7.13649e+12	7.40e-20	7.59e-10	1.00e+00
 7.42186e+12	8.32e-20	8.31e-10	1.00e+00
 7.67022e+12	9.17e-20	8.97e-10	1.00e+00
 7.94070e+12	1.02e-19	9.73e-10	1.00e+00
 8.27041e+12	1.15e-19	1.07e-09	1.00e+00
 8.60243e+12	1.29e-19	1.17e-09	1.00e+00
 8.89985e+12	1.44e-19	1.27e-09	1.00e+00
 9.22700e+12	1.60e-19	1.39e-09	1.00e+00
 9.61511e+12	1.83e-19	1.53e-09	1.00e+00
 9.99979e+12	2.07e-19	1.68e-09	1.00e+00
 1.03541e+13	2.32e-19	1.83e-09	1.00e+00
 1.07517e+13	2.63e-19	2.00e-09	1.00e+00
 1.12109e+13	3.04e-19	2.22e-09	1.00e+00
 1.16609e+13	3.50e-19	2.44e-09	1.00e+00
 1.20912e+13	3.99e-19	2.66e-09	1.00e+00
 1.25672e+13	4.61e-19	2.92e-09	1.00e+00
 1.30998e+13	5.40e-19	3.23e-09	1.00e+00
 1.36391e+13	6.33e-19	3.56e-09	1.00e+00
 1.42001e+13	7.44e-19	3.92e-09	1.00e+00
 1.47980e+13	8.82e-19	4.33e-09	1.00e+00
 1.54198e+13	1.05e-18	4.78e-09	1.00e+00
 1.60665e+13	1.25e-18	5.27e-09	1.00e+00
 1.67128e+13	1.48e-18	5.79e-09	1.00e+00
 1.73128e+13	1.72e-18	6.29e-09	1.00e+00
 1.79632e+13	2.02e-18	6.86e-09	1.00e+00
 1.86930e+13	2.41e-18	7.53e-09	1.00e+00
 1.93388e+13	2.80e-18	8.15e-09	1.00e+00
 1.98902e+13	3.16e-18	8.69e-09	1.00e+00
 2.05077e+13	3.62e-18	9.32e-09	1.00e+00
 2.12889e+13	4.26e-18	1.01e-08	1.00e+00
 2.21108e+13	5.04e-18	1.11e-08	1.00e+00
 2.28548e+13	5.82e-18	1.19e-08	1.00e+00
 2.36696e+13	6.78e-18	1.29e-08	1.00e+00
 2.45365e+13	7.94e-18	1.40e-08	1.00e+00
 2.52920e+13	9.04e-18	1.49e-08	1.00e+00
 2.60951e+13	1.04e-17	1.60e-08	1.00e+00
 2.70949e+13	1.22e-17	1.74e-08	1.00e+00
 2.81004e+13	1.42e-17	1.88e-08	1.00e+00
 2.89738e+13	1.63e-17	2.01e-08	1.00e+00
 2.99257e+13	1.87e-17	2.15e-08	1.00e+00
 3.10879e+13	2.19e-17	2.34e-08	1.00e+00
 3.22683e+13	2.56e-17	2.53e-08	1.00e+00
 3.33380e+13	2.94e-17	2.71e-08	1.00e+00
 3.45189e+13	3.40e-17	2.92e-08	1.00e+00
 3.59050e+13	4.00e-17	3.16e-08	1.00e+00
 3.72904e+13	4.68e-17	3.42e-08	1.00e+00
 3.86128e+13	5.41e-17	3.68e-08	1.00e+00
 4.00689e+13	6.29e-17	3.97e-08	1.00e+00
 4.17016e+13	7.40e-17	4.31e-08	1.00e+00
 4.33996e+13	8.70e-17	4.67e-08	1.00e+00
 4.51655e+13	1.02e-16	5.07e-08	1.00e+00
 4.70020e+13	1.20e-16	5.49e-08	1.00e+00
 4.89120e+13	1.41e-16	5.95e-08	1.00e+00
 5.08120e+13	1.64e-16	6.42e-08	1.00e+00
 5.27880e+13	1.91e-16	6.93e-08	1.00e+00
 5.49294e+13	2.23e-16	7.51e-08	1.00e+00
 5.71060e+13	2.61e-16	8.11e-08	1.00e+00
 5.90861e+13	2.99e-16	8.69e-08	1.00e+00
 6.08537e+13	3.36e-16	9.21e-08	1.00e+00
 6.28599e+13	3.81e-16	9.82e-08	1.00e+00
 6.52887e+13	4.44e-16	1.06e-07	1.00e+00
 6.77707e+13	5.15e-16	1.14e-07	1.00e+00
 7.00959e+13	5.88e-16	1.22e-07	1.00e+00
 7.26735e+13	6.79e-16	1.31e-07	1.00e+00
 7.56104e+13	7.95e-16	1.42e-07	1.00e+00
 7.85507e+13	9.26e-16	1.53e-07	1.00e+00
 8.16086e+13	1.08e-15	1.65e-07	1.00e+00
 8.49029e+13	1.26e-15	1.79e-07	1.00e+00
 8.83289e+13	1.47e-15	1.94e-07	1.00e+00
 9.18920e+13	1.73e-15	2.10e-07	1.00e+00
 9.52081e+13	1.99e-15	2.26e-07	1.00e+00
 9.81222e+13	2.24e-15	2.40e-07	1.00e+00
 1.01375e+14	2.56e-15	2.56e-07	1.00e+00
 1.05293e+14	2.98e-15	2.77e-07	1.00e+00
 1.09226e+14	3.44e-15	2.98e-07	1.00e+00
 1.12819e+14	3.93e-15	3.18e-07	1.00e+00
 1.16819e+14	4.51e-15	3.41e-07	1.00e+00
 1.21477e+14	5.29e-15	3.70e-07	1.00e+00
 1.26025e+14	6.12e-15	3.98e-07	1.00e+00
 1.30279e+14	6.98e-15	4.26e-07	1.00e+00
 1.35045e+14	8.05e-15	4.58e-07	1.00e+00
 1.40476e+14	9.44e-15	4.97e-07	1.00e+00
 1.45854e+14	1.09e-14	5.36e-07	1.00e+00
 1.51447e+14	1.27e-14	5.79e-07	1.00e+00
 1.57535e+14	1.49e-14	6.26e-07	1.00e+00
 1.63737e+14	1.74e-14	6.78e-07	1.00e+00
 1.70187e+14	2.02e-14	7.33e-07	1.00e+00
 1.76782e+14	2.34e-14	7.91e-07	1.00e+00
 1.83641e+14	2.72e-14	8.54e-07	1.00e+00
 1.90589e+14	3.15e-14	9.21e-07	1.00e+00
 1.97125e+14	3.60e-14	9.86e-07	1.00e+00
 2.04350e+14	4.14e-14	1.06e-06	1.00e+00
 2.12554e+14	4.82e-14	1.15e-06	1.00e+00
 2.20652e+14	5.57e-14	1.24e-06	1.00e+00
 2.27836e+14	6.31e-14	1.32e-06	1.00e+00
 2.35355e+14	7.14e-14	1.41e-06	1.00e+00
 2.44411e+14	8.27e-14	1.52e-06	1.00e+00
 2.53398e+14	9.48e-14	1.63e-06	1.00e+00
 2.61522e+14	1.07e-13	1.74e-06	1.00e+00
 2.70594e+14	1.22e-13	1.86e-06	1.00e+00
 2.80628e+14	1.40e-13	2.01e-06	1.00e+00
 2.89889e+14	1.58e-13	2.14e-06	1.00e+00
 2.99905e+14	1.81e-13	2.30e-06	1.00e+00
 3.11062e+14	2.07e-13	2.47e-06	1.00e+00
 3.21556e+14	2.35e-13	2.64e-06	1.00e+00
 3.33053e+14	2.68e-13	2.84e-06	1.00e+00
 3.45798e+14	3.09e-13	3.06e-06	1.00e+00
 3.57647e+14	3.52e-13	3.28e-06	1.00e+00
 3.70530e+14	4.02e-13	3.53e-06	1.00e+00
 3.84924e+14	4.64e-13	3.82e-06	1.00e+00
 3.98527e+14	5.30e-13	4.10e-06	1.00e+00
 4.13133e+14	6.07e-13	4.42e-06	1.00e+00
 4.29334e+14	7.03e-13	4.78e-06	1.00e+00
 4.45095e+14	8.05e-13	5.16e-06	1.00e+00
 4.61841e+14	9.26e-13	5.57e-06	1.00e+00
 4.80345e+14	1.08e-12	6.06e-06	1.00e+00
 4.98934e+14	1.24e-12	6.56e-06	1.00e+00
 5.18266e+14	1.43e-12	7.12e-06	1.00e+00
 5.39027e+14	1.66e-12	7.73e-06	1.00e+00
 5.60618e+14	1.93e-12	8.41e-06	1.00e+00
 5.81005e+14	2.21e-12	9.08e-06	1.00e+00
 5.97850e+14	2.47e-12	9.66e-06	1.00e+00
 6.15019e+14	2.75e-12	1.03e-05	1.00e+00
 6.37233e+14	3.16e-12	1.11e-05	1.00e+00
 6.60178e+14	3.60e-12	1.20e-05	1.00e+00
 6.79615e+14	4.03e-12	1.28e-05	1.00e+00
 7.00316e+14	4.52e-12	1.37e-05	1.00e+00
 7.26272e+14	5.20e-12	1.48e-05	1.00e+00
 7.52839e+14	5.97e-12	1.60e-05	1.00e+00
 7.76022e+14	6.70e-12	1.71e-05	1.00e+00
 8.01025e+14	7.58e-12	1.84e-05	1.00e+00
 8.31474e+14	8.76e-12	2.00e-05	1.00e+00
 8.61715e+14	1.00e-11	2.16e-05	1.00e+00
 8.88264e+14	1.13e-11	2.32e-05	1.00e+00
 9.17303e+14	1.28e-11	2.49e-05	1.00e+00
 9.52405e+14	1.48e-11	2.71e-05	1.00e+00
 9.87310e+14	1.69e-11	2.93e-05	1.00e+00
 1.01855e+15	1.91e-11	3.15e-05	1.00e+00
 1.05310e+15	2.16e-11	3.39e-05	1.00e+00
 1.09409e+15	2.51e-11	3.70e-05	1.00e+00
 1.13450e+15	2.89e-11	4.02e-05	1.00e+00
 1.17142e+15	3.27e-11	4.31e-05	1.00e+00
 1.21279e+15	3.73e-11	4.67e-05	1.00e+00
 1.26090e+15	4.35e-11	5.10e-05	1.00e+00
 1.30829e+15	4.96e-11	5.53e-05	1.00e+00
 1.35757e+15	5.76e-11	6.02e-05	1.00e+00
 1.41190e+15	6.71e-11	6.58e-05	1.00e+00
 1.46634e+15	7.68e-11	7.15e-05	1.00e+00
 1.52296e+15	8.96e-11	7.80e-05	1.00e+00
 1.58391e+15	1.04e-10	8.52e-05	1.00e+00
 1.63627e+15	1.18e-10	9.15e-05	1.00e+00
 1.67607e+15	1.29e-10	9.66e-05	1.00e+00
 1.71865e+15	1.42e-10	1.02e-04	1.00e+00
 1.77399e+15	1.61e-10	1.10e-04	1.00e+00
 1.83435e+15	1.81e-10	1.18e-04	1.00e+00
 1.88965e+15	2.05e-10	1.26e-04	1.00e+00
 1.94999e+15	2.31e-10	1.35e-04	1.00e+00
 2.02379e+15	2.66e-10	1.47e-04	1.00e+00
 2.09715e+15	3.05e-10	1.59e-04	1.00e+00
 2.16143e+15	3.40e-10	1.70e-04	1.00e+00
 2.23185e+15	3.85e-10	1.83e-04	1.00e+00
 2.31710e+15	4.50e-10	1.99e-04	1.00e+00
 2.40239e+15	5.16e-10	2.15e-04	1.00e+00
 2.47902e+15	5.82e-10	2.31e-04	1.00e+00
 2.56361e+15	6.63e-10	2.48e-04	1.00e+00
 2.66367e+15	7.57e-10	2.70e-04	1.00e+00
 2.76274e+15	8.85e-10	2.93e-04	1.00e+00
 2.85410e+15	1.00e-09	3.14e-04	1.00e+00
 2.95652e+15	1.15e-09	3.39e-04	1.00e+00
 3.07472e+15	1.32e-09	3.69e-04	1.00e+00
 3.19079e+15	1.55e-09	4.01e-04	1.00e+00
 3.30220e+15	1.77e-09	4.32e-04	1.00e+00
 3.42501e+15	2.03e-09	4.67e-04	1.00e+00
 3.56204e+15	2.34e-09	5.08e-04	9.99e-01
 3.70455e+15	2.77e-09	5.54e-04	9.99e-01
 3.85276e+15	3.22e-09	6.02e-04	9.99e-01
 3.98074e+15	3.66e-09	6.47e-04	9.99e-01
 4.07838e+15	4.05e-09	6.82e-04	9.99e-01
 4.18238e+15	4.47e-09	7.20e-04	9.99e-01
 4.31759e+15	4.99e-09	7.70e-04	9.99e-01
 4.46558e+15	5.79e-09	8.29e-04	9.99e-01
 4.60042e+15	6.49e-09	8.83e-04	9.99e-01
 4.74595e+15	7.27e-09	9.44e-04	9.99e-01
 4.92479e+15	8.56e-09	1.02e-03	9.99e-01
 5.10240e+15	9.81e-09	1.10e-03	9.99e-01
 5.25629e+15	1.10e-08	1.18e-03	9.99e-01
 5.42389e+15	1.24e-08	1.26e-03	9.99e-01
 5.62901e+15	1.47e-08	1.37e-03	9.99e-01
 5.83315e+15	1.69e-08	1.48e-03	9.99e-01
 6.01252e+15	1.92e-08	1.58e-03	9.98e-01
 6.20947e+15	2.19e-08	1.69e-03	9.98e-01
 6.44722e+15	2.50e-08	1.83e-03	9.98e-01
 6.68428e+15	2.96e-08	1.99e-03	9.98e-01
 6.89682e+15	3.37e-08	2.13e-03	9.98e-01
 7.13122e+15	3.85e-08	2.30e-03	9.98e-01
 7.39610e+15	4.42e-08	2.49e-03	9.98e-01
 7.65411e+15	5.22e-08	2.69e-03	9.97e-01
 7.89170e+15	5.93e-08	2.89e-03	9.97e-01
 8.14922e+15	6.78e-08	3.11e-03	9.97e-01
 8.43825e+15	7.76e-08	3.36e-03	9.97e-01
 8.71285e+15	9.10e-08	3.63e-03	9.96e-01
 8.97138e+15	1.03e-07	3.89e-03	9.96e-01
 9.21497e+15	1.15e-07	4.15e-03	9.96e-01
 9.48216e+15	1.30e-07	4.45e-03	9.96e-01
 9.77186e+15	1.52e-07	4.80e-03	9.95e-01
 1.00226e+16	1.70e-07	5.11e-03	9.95e-01
 1.02803e+16	1.91e-07	5.46e-03	9.95e-01
 1.06153e+16	2.19e-07	5.93e-03	9.94e-01
 1.09603e+16	2.60e-07	6.48e-03	9.94e-01
 1.12364e+16	2.93e-07	6.93e-03	9.93e-01
 1.15132e+16	3.32e-07	7.43e-03	9.93e-01
 1.18730e+16	3.87e-07	8.14e-03	9.92e-01
 1.22389e+16	4.57e-07	8.92e-03	9.91e-01
 1.25327e+16	5.15e-07	9.60e-03	9.90e-01
 1.27941e+16	5.73e-07	1.03e-02	9.90e-01
 1.30933e+16	6.54e-07	1.11e-02	9.89e-01
 1.34222e+16	7.74e-07	1.22e-02	9.88e-01
 1.37150e+16	8.77e-07	1.32e-02	9.87e-01
 1.39785e+16	9.83e-07	1.42e-02	9.86e-01
 1.42791e+16	1.16e-06	1.56e-02	9.84e-01
 1.45975e+16	1.32e-06	1.71e-02	9.83e-01
 1.48776e+16	1.57e-06	1.88e-02	9.81e-01
 1.51304e+16	1.79e-06	2.04e-02	9.80e-01
 1.54094e+16	2.07e-06	2.25e-02	9.77e-01
 1.57099e+16	2.48e-06	2.52e-02	9.75e-01
 1.59678e+16	2.87e-06	2.78e-02	9.72e-01
 1.61923e+16	3.27e-06	3.05e-02	9.69e-01
 1.64098e+16	3.77e-06	3.36e-02	9.66e-01
 1.66126e+16	4.35e-06	3.69e-02	9.63e-01
 1.67937e+16	4.97e-06	4.03e-02	9.60e-01
 1.69658e+16	5.69e-06	4.42e-02	9.56e-01
 1.71633e+16	6.68e-06	4.94e-02	9.51e-01
 1.73810e+16	8.07e-06	5.63e-02	9.44e-01
 1.75740e+16	9.69e-06	6.39e-02	9.36e-01
 1.77363e+16	1.17e-05	7.18e-02	9.28e-01
 1.78816e+16	1.37e-05	8.02e-02	9.20e-01
 1.80427e+16	1.67e-05	9.19e-02	9.08e-01
 1.82088e+16	2.03e-05	1.07e-01	8.93e-01
 1.83437e+16	2.46e-05	1.22e-01	8.78e-01
 1.84559e+16	2.89e-05	1.37e-01	8.63e-01
 1.85589e+16	3.38e-05	1.54e-01	8.46e-01
 1.86755e+16	4.13e-05	1.78e-01	8.22e-01
 1.87942e+16	5.06e-05	2.07e-01	7.93e-01
 1.88751e+16	5.79e-05	2.31e-01	7.69e-01
 1.89311e+16	6.55e-05	2.51e-01	7.49e-01
 1.89820e+16	7.23e-05	2.70e-01	7.30e-01
 1.90349e+16	7.99e-05	2.92e-01	7.08e-01
 1.91037e+16	9.29e-05	3.25e-01	6.75e-01
 1.91696e+16	1.06e-04	3.59e-01	6.41e-01
 1.92199e+16	1.18e-04	3.88e-01	6.12e-01
 1.92735e+16	1.32e-04	4.22e-01	5.78e-01
 1.93305e+16	1.49e-04	4.59e-01	5.41e-01
 1.93839e+16	1.66e-04	4.97e-01	5.03e-01
 1.94452e+16	1.87e-04	5.41e-01	4.58e-01
 1.95128e+16	2.13e-04	5.91e-01	4.08e-01
 1.95754e+16	2.37e-04	6.37e-01	3.63e-01
 1.96437e+16	2.65e-04	6.86e-01	3.14e-01
 1.97326e+16	3.01e-04	7.44e-01	2.56e-01
 1.98255e+16	3.37e-04	7.95e-01	2.04e-01
 1.99099e+16	3.67e-04	8.35e-01	1.65e-01
 2.00056e+16	3.98e-04	8.71e-01	1.29e-01
 2.01301e+16	4.34e-04	9.06e-01	9.32e-02
 2.02920e+16	4.72e-04	9.37e-01	6.22e-02
 2.05024e+16	5.14e-04	9.61e-01	3.80e-02
 2.07760e+16	5.60e-04	9.78e-01	2.13e-02
 2.10776e+16	6.07e-04	9.87e-01	1.22e-02
 2.13521e+16	6.52e-04	9.92e-01	7.74e-03
 2.15987e+16	6.94e-04	9.94e-01	5.34e-03
 2.18726e+16	7.48e-04	9.96e-01	3.60e-03
 2.21615e+16	8.13e-04	9.97e-01	2.49e-03
 2.23506e+16	8.62e-04	9.97e-01	2.02e-03
 2.24395e+16	8.88e-04	9.97e-01	1.84e-03
 2.25173e+16	9.11e-04	9.97e-01	1.67e-03
 2.26185e+16	9.45e-04	9.98e-01	1.48e-03
 2.27501e+16	9.90e-04	9.98e-01	1.28e-03
 2.28894e+16	1.05e-03	9.98e-01	1.10e-03
 2.30050e+16	1.10e-03	9.98e-01	9.79e-04
 2.31035e+16	1.14e-03	9.98e-01	8.86e-04
 2.31923e+16	1.19e-03	9.98e-01	8.12e-04
 2.32723e+16	1.23e-03	9.98e-01	7.50e-04
 2.33615e+16	1.29e-03	9.98e-01	6.84e-04
 2.34569e+16	1.35e-03	9.98e-01	6.26e-04
 2.35373e+16	1.41e-03	9.98e-01	5.80e-04
 2.36058e+16	1.46e-03	9.98e-01	5.44e-04
 2.36817e+16	1.52e-03	9.98e-01	5.05e-04
 2.37647e+16	1.60e-03	9.98e-01	4.69e-04
 2.38376e+16	1.67e-03	9.98e-01	4.39e-04
 2.39006e+16	1.74e-03	9.98e-01	4.15e-04
 2.39701e+16	1.82e-03	9.98e-01	3.89e-04
 2.40458e+16	1.92e-03	9.98e-01	3.65e-04
 2.41115e+16	2.01e-03	9.98e-01	3.44e-04
 2.41678e+16	2.10e-03	9.98e-01	3.28e-04
 2.42299e+16	2.21e-03	9.97e-01	3.10e-04
 2.42975e+16	2.33e-03	9.97e-01	2.93e-04
 2.43569e+16	2.45e-03	9.97e-01	2.79e-04
 2.44084e+16	2.56e-03	9.97e-01	2.67e-04
 2.44650e+16	2.70e-03	9.97e-01	2.54e-04
 2.45270e+16	2.87e-03	9.97e-01	2.41e-04
 2.45818e+16	3.03e-03	9.97e-01	2.31e-04
 2.46293e+16	3.19e-03	9.97e-01	2.22e-04
 2.46815e+16	3.38e-03	9.96e-01	2.12e-04
 2.47388e+16	3.61e-03	9.96e-01	2.03e-04
 2.47900e+16	3.84e-03	9.96e-01	1.94e-04
 2.48356e+16	4.06e-03	9.96e-01	1.88e-04
 2.48868e+16	4.35e-03	9.95e-01	1.80e-04
 2.49429e+16	4.71e-03	9.95e-01	1.72e-04
 2.49933e+16	5.09e-03	9.95e-01	1.65e-04
 2.50395e+16	5.47e-03	9.94e-01	1.60e-04
 2.50922e+16	5.98e-03	9.94e-01	1.53e-04
 2.51484e+16	6.63e-03	9.93e-01	1.47e-04
 2.51956e+16	7.28e-03	9.93e-01	1.41e-04
 2.52351e+16	7.90e-03	9.92e-01	1.38e-04
 2.52716e+16	8.58e-03	9.91e-01	1.34e-04
 2.53066e+16	9.34e-03	9.91e-01	1.30e-04
 2.53404e+16	1.02e-02	9.90e-01	1.27e-04
 2.53732e+16	1.11e-02	9.89e-01	1.24e-04
 2.54043e+16	1.21e-02	9.88e-01	1.22e-04
 2.54332e+16	1.33e-02	9.87e-01	1.19e-04
 2.54607e+16	1.45e-02	9.85e-01	1.17e-04
 2.54874e+16	1.59e-02	9.84e-01	1.15e-04
 2.55133e+16	1.75e-02	9.82e-01	1.14e-04
 2.55382e+16	1.93e-02	9.81e-01	1.13e-04
 2.55622e+16	2.13e-02	9.79e-01	1.11e-04
 2.55855e+16	2.36e-02	9.76e-01	1.10e-04
 2.56078e+16	2.62e-02	9.74e-01	1.10e-04
 2.56293e+16	2.91e-02	9.71e-01	1.09e-04
 2.56502e+16	3.24e-02	9.67e-01	1.09e-04
 2.56704e+16	3.62e-02	9.64e-01	1.09e-04
 2.56894e+16	4.05e-02	9.59e-01	1.09e-04
 2.57073e+16	4.51e-02	9.55e-01	1.10e-04
 2.57242e+16	5.01e-02	9.50e-01	1.11e-04
 2.57407e+16	5.60e-02	9.44e-01	1.12e-04
 2.57567e+16	6.27e-02	9.37e-01	1.14e-04
 2.57716e+16	6.98e-02	9.30e-01	1.16e-04
 2.57857e+16	7.75e-02	9.22e-01	1.17e-04
 2.57994e+16	8.61e-02	9.14e-01	1.20e-04
 2.58120e+16	9.53e-02	9.05e-01	1.22e-04
 2.58233e+16	1.04e-01	8.96e-01	1.25e-04
 2.58337e+16	1.14e-01	8.86e-01	1.27e-04
 2.58432e+16	1.23e-01	8.77e-01	1.30e-04
 2.58507e+16	1.31e-01	8.68e-01	1.32e-04
 2.58557e+16	1.37e-01	8.63e-01	1.33e-04
 2.58603e+16	1.43e-01	8.57e-01	1.34e-04
 2.58657e+16	1.50e-01	8.50e-01	1.36e-04
 2.58714e+16	1.58e-01	8.42e-01	1.37e-04
 2.58769e+16	1.66e-01	8.34e-01	1.39e-04
 2.58822e+16	1.74e-01	8.25e-01	1.41e-04
 2.58873e+16	1.83e-01	8.17e-01	1.43e-04
 2.58925e+16	1.92e-01	8.08e-01	1.44e-04
 2.58977e+16	2.01e-01	7.99e-01	1.46e-04
 2.59027e+16	2.11e-01	7.89e-01	1.48e-04
 2.59076e+16	2.20e-01	7.79e-01	1.50e-04
 2.59126e+16	2.31e-01	7.69e-01	1.51e-04
 2.59175e+16	2.42e-01	7.58e-01	1.53e-04
 2.59223e+16	2.53e-01	7.47e-01	1.55e-04
 2.59271e+16	2.65e-01	7.35e-01	1.57e-04
 2.59318e+16	2.77e-01	7.23e-01	1.58e-04
 2.59365e+16	2.89e-01	7.11e-01	1.60e-04
 2.59410e+16	3.02e-01	6.98e-01	1.61e-04
 2.59455e+16	3.15e-01	6.85e-01	1.63e-04
 2.59500e+16	3.28e-01	6.72e-01	1.64e-04
 2.59544e+16	3.42e-01	6.58e-01	1.66e-04
 2.59588e+16	3.56e-01	6.44e-01	1.67e-04
 2.59631e+16	3.70e-01	6.30e-01	1.68e-04
 2.59673e+16	3.84e-01	6.16e-01	1.70e-04
 2.59715e+16	3.99e-01	6.01e-01	1.71e-04
 2.59757e+16	4.14e-01	5.86e-01	1.71e-04
 2.59797e+16	4.29e-01	5.71e-01	1.72e-04
 2.59837e+16	4.44e-01	5.56e-01	1.73e-04
 2.59877e+16	4.59e-01	5.41e-01	1.74e-04
 2.59916e+16	4.74e-01	5.25e-01	1.74e-04
 2.59955e+16	4.89e-01	5.11e-01	1.75e-04
 2.59991e+16	5.04e-01	4.96e-01	1.75e-04
 2.60027e+16	5.18e-01	4.82e-01	1.75e-04
 2.60063e+16	5.33e-01	4.67e-01	1.75e-04
 2.60098e+16	5.47e-01	4.53e-01	1.75e-04
 2.60132e+16	5.61e-01	4.38e-01	1.75e-04
 2.60165e+16	5.75e-01	4.25e-01	1.74e-04
 2.60198e+16	5.89e-01	4.11e-01	1.74e-04
 2.60230e+16	6.02e-01	3.98e-01	1.73e-04
 2.60262e+16	6.15e-01	3.85e-01	1.73e-04
 2.60292e+16	6.27e-01	3.72e-01	1.72e-04
 2.60323e+16	6.40e-01	3.60e-01	1.71e-04
 2.60352e+16	6.51e-01	3.48e-01	1.70e-04
 2.60381e+16	6.63e-01	3.37e-01	1.69e-04
 2.60409e+16	6.74e-01	3.26e-01	1.68e-04
 2.60437e+16	6.85e-01	3.15e-01	1.67e-04
 2.60465e+16	6.96e-01	3.04e-01	1.65e-04
 2.60493e+16	7.06e-01	2.94e-01	1.64e-04
 2.60519e+16	7.16e-01	2.84e-01	1.63e-04
 2.60546e+16	7.26e-01	2.74e-01	1.61e-04
 2.60572e+16	7.36e-01	2.64e-01	1.60e-04
 2.60597e+16	7.45e-01	2.55e-01	1.58e-04
 2.60622e+16	7.54e-01	2.46e-01	1.57e-04
 2.60644e+16	7.61e-01	2.39e-01	1.55e-04
 2.60661e+16	7.67e-01	2.33e-01	1.54e-04
 2.60677e+16	7.72e-01	2.28e-01	1.52e-04
 2.60693e+16	7.78e-01	2.22e-01	1.51e-04
 2.60710e+16	7.83e-01	2.16e-01	1.50e-04
 2.60727e+16	7.89e-01	2.11e-01	1.48e-04
 2.60742e+16	7.93e-01	2.06e-01	1.47e-04
 2.60757e+16	7.98e-01	2.02e-01	1.46e-04
 2.60772e+16	8.03e-01	1.97e-01	1.44e-04
 2.60786e+16	8.07e-01	1.93e-01	1.43e-04
 2.60800e+16	8.11e-01	1.88e-01	1.42e-04
 2.60814e+16	8.16e-01	1.84e-01	1.40e-04
 2.60828e+16	8.20e-01	1.80e-01	1.39e-04
 2.60841e+16	8.24e-01	1.76e-01	1.38e-04
 2.60855e+16	8.27e-01	1.72e-01	1.37e-04
 2.60868e+16	8.31e-01	1.69e-01	1.35e-04
 2.60881e+16	8.35e-01	1.65e-01	1.34e-04
 2.60894e+16	8.38e-01	1.61e-01	1.33e-04
 2.60908e+16	8.42e-01	1.58e-01	1.31e-04
 2.60921e+16	8.46e-01	1.54e-01	1.30e-04
 2.60935e+16	8.49e-01	1.51e-01	1.28e-04
 2.60949e+16	8.53e-01	1.47e-01	1.27e-04
 2.60965e+16	8.57e-01	1.43e-01	1.25e-04
 2.60981e+16	8.61e-01	1.39e-01	1.24e-04
 2.60999e+16	8.65e-01	1.35e-01	1.22e-04
 2.61020e+16	8.70e-01	1.30e-01	1.19e-04
 2.61041e+16	8.75e-01	1.25e-01	1.17e-04
 2.61062e+16	8.79e-01	1.21e-01	1.15e-04
 2.61081e+16	8.83e-01	1.17e-01	1.12e-04
 2.61099e+16	8.87e-01	1.13e-01	1.10e-04
 2.61116e+16	8.91e-01	1.09e-01	1.08e-04
 2.61133e+16	8.94e-01	1.06e-01	1.06e-04
 2.61148e+16	8.97e-01	1.02e-01	1.03e-04
 2.61162e+16	9.00e-01	9.97e-02	1.02e-04
 2.61175e+16	9.03e-01	9.73e-02	9.98e-05
 2.61186e+16	9.05e-01	9.51e-02	9.81e-05
 2.61197e+16	9.07e-01	9.31e-02	9.66e-05
 2.61206e+16	9.09e-01	9.13e-02	9.51e-05
 2.61215e+16	9.10e-01	8.96e-02	9.36e-05
 2.61224e+16	9.12e-01	8.78e-02	9.22e-05
 2.61234e+16	9.14e-01	8.60e-02	9.07e-05
 2.61244e+16	9.16e-01	8.43e-02	8.94e-05
 2.61252e+16	9.17e-01	8.28e-02	8.80e-05
 2.61260e+16	9.19e-01	8.14e-02	8.66e-05
 2.61267e+16	9.20e-01	8.02e-02	8.56e-05
 2.61274e+16	9.21e-01	7.88e-02	8.44e-05
 2.61283e+16	9.23e-01	7.74e-02	8.30e-05
 2.61290e+16	9.24e-01	7.61e-02	8.19e-05
 2.61297e+16	9.25e-01	7.49e-02	8.06e-05
 2.61303e+16	9.26e-01	7.38e-02	7.96e-05
 2.61310e+16	9.27e-01	7.26e-02	7.85e-05
 2.61318e+16	9.29e-01	7.14e-02	7.73e-05
 2.61324e+16	9.30e-01	7.03e-02	7.62e-05
 2.61330e+16	9.31e-01	6.92e-02	7.50e-05
 2.61336e+16	9.32e-01	6.83e-02	7.40e-05
 2.61342e+16	9.33e-01	6.73e-02	7.31e-05
 2.61349e+16	9.34e-01	6.63e-02	7.19e-05
 2.61355e+16	9.35e-01	6.53e-02	7.09e-05
 2.61360e+16	9.36e-01	6.44e-02	6.98e-05
 2.61365e+16	9.36e-01	6.36e-02	6.90e-05
 2.61370e+16	9.37e-01	6.27e-02	6.81e-05
 2.61378e+16	9.38e-01	6.15e-02	6.68e-05
 2.61385e+16	9.40e-01	6.03e-02	6.54e-05
 2.61392e+16	9.41e-01	5.93e-02	6.44e-05
 2.61398e+16	9.42e-01	5.83e-02	6.33e-05
 2.61404e+16	9.42e-01	5.75e-02	6.23e-05
 2.61409e+16	9.43e-01	5.67e-02	6.14e-05
 2.61414e+16	9.44e-01	5.59e-02	6.04e-05
 2.61418e+16	9.45e-01	5.53e-02	5.97e-05
 2.61423e+16	9.45e-01	5.46e-02	5.90e-05
 2.61429e+16	9.46e-01	5.36e-02	5.78e-05
 2.61436e+16	9.47e-01	5.27e-02	5.67e-05
 2.61442e+16	9.48e-01	5.18e-02	5.59e-05
 2.61448e+16	9.49e-01	5.11e-02	5.50e-05
 2.61453e+16	9.50e-01	5.04e-02	5.42e-05
 2.61457e+16	9.50e-01	4.97e-02	5.35e-05
 2.61462e+16	9.51e-01	4.90e-02	5.26e-05
 2.61468e+16	9.52e-01	4.83e-02	5.18e-05
 2.61473e+16	9.52e-01	4.77e-02	5.11e-05
 2.61477e+16	9.53e-01	4.70e-02	5.03e-05
 2.61482e+16	9.54e-01	4.64e-02	4.97e-05
 2.61488e+16	9.54e-01	4.56e-02	4.87e-05
 2.61495e+16	9.55e-01	4.48e-02	4.79e-05
 2.61501e+16	9.56e-01	4.40e-02	4.70e-05
 2.61507e+16	9.57e-01	4.34e-02	4.63e-05
 2.61512e+16	9.57e-01	4.28e-02	4.56e-05
 2.61517e+16	9.58e-01	4.22e-02	4.50e-05
 2.61522e+16	9.58e-01	4.17e-02	4.44e-05
 2.61529e+16	9.59e-01	4.09e-02	4.36e-05
 2.61536e+16	9.60e-01	4.01e-02	4.28e-05
 2.61543e+16	9.61e-01	3.94e-02	4.20e-05
 2.61549e+16	9.61e-01	3.88e-02	4.13e-05
 2.61554e+16	9.62e-01	3.82e-02	4.07e-05
 2.61559e+16	9.62e-01	3.77e-02	4.01e-05
 2.61565e+16	9.63e-01	3.72e-02	3.96e-05
 2.61572e+16	9.63e-01	3.65e-02	3.88e-05
 2.61579e+16	9.64e-01	3.58e-02	3.80e-05
 2.61586e+16	9.65e-01	3.52e-02	3.74e-05
 2.61593e+16	9.65e-01	3.46e-02	3.68e-05
 2.61599e+16	9.66e-01	3.41e-02	3.62e-05
 2.61605e+16	9.66e-01	3.35e-02	3.56e-05
 2.61612e+16	9.67e-01	3.29e-02	3.50e-05
 2.61618e+16	9.68e-01	3.24e-02	3.44e-05
 2.61624e+16	9.68e-01	3.20e-02	3.39e-05
 2.61630e+16	9.69e-01	3.15e-02	3.34e-05
 2.61638e+16	9.69e-01	3.08e-02	3.27e-05
 2.61646e+16	9.70e-01	3.02e-02	3.21e-05
 2.61654e+16	9.70e-01	2.96e-02	3.15e-05
 2.61662e+16	9.71e-01	2.91e-02	3.09e-05
 2.61668e+16	9.71e-01	2.86e-02	3.04e-05
 2.61675e+16	9.72e-01	2.81e-02	2.99e-05
 2.61683e+16	9.72e-01	2.76e-02	2.94e-05
 2.61690e+16	9.73e-01	2.71e-02	2.88e-05
 2.61698e+16	9.73e-01	2.66e-02	2.83e-05
 2.61706e+16	9.74e-01	2.61e-02	2.78e-05
 2.61714e+16	9.74e-01	2.57e-02	2.73e-05
 2.61721e+16	9.75e-01	2.53e-02	2.69e-05
 2.61728e+16	9.75e-01	2.48e-02	2.64e-05
 2.61736e+16	9.76e-01	2.44e-02	2.60e-05
 2.61744e+16	9.76e-01	2.40e-02	2.56e-05
 2.61752e+16	9.76e-01	2.35e-02	2.51e-05
 2.61761e+16	9.77e-01	2.31e-02	2.46e-05
 2.61769e+16	9.77e-01	2.27e-02	2.42e-05
 2.61778e+16	9.78e-01	2.22e-02	2.37e-05
 2.61787e+16	9.78e-01	2.18e-02	2.33e-05
 2.61796e+16	9.79e-01	2.14e-02	2.29e-05
 2.61805e+16	9.79e-01	2.09e-02	2.24e-05
 2.61815e+16	9.79e-01	2.05e-02	2.19e-05
 2.61825e+16	9.80e-01	2.01e-02	2.16e-05
 2.61835e+16	9.80e-01	1.97e-02	2.11e-05
 2.61846e+16	9.81e-01	1.92e-02	2.07e-05
 2.61856e+16	9.81e-01	1.89e-02	2.03e-05
 2.61867e+16	9.82e-01	1.84e-02	1.98e-05
 2.61878e+16	9.82e-01	1.80e-02	1.94e-05
 2.61889e+16	9.82e-01	1.77e-02	1.90e-05
 2.61901e+16	9.83e-01	1.72e-02	1.86e-05
 2.61914e+16	9.83e-01	1.69e-02	1.82e-05
 2.61925e+16	9.83e-01	1.65e-02	1.78e-05
 2.61938e+16	9.84e-01	1.61e-02	1.74e-05
 2.61952e+16	9.84e-01	1.57e-02	1.70e-05
 2.61964e+16	9.85e-01	1.54e-02	1.67e-05
 2.61978e+16	9.85e-01	1.50e-02	1.63e-05
 2.61992e+16	9.85e-01	1.47e-02	1.59e-05
 2.62006e+16	9.86e-01	1.43e-02	1.56e-05
 2.62021e+16	9.86e-01	1.40e-02	1.52e-05
 2.62036e+16	9.86e-01	1.36e-02	1.48e-05
 2.62051e+16	9.87e-01	1.33e-02	1.45e-05
 2.62067e+16	9.87e-01	1.30e-02	1.42e-05
 2.62087e+16	9.87e-01	1.26e-02	1.37e-05
 2.62109e+16	9.88e-01	1.22e-02	1.33e-05
 2.62130e+16	9.88e-01	1.19e-02	1.30e-05
 2.62148e+16	9.88e-01	1.16e-02	1.27e-05
 2.62168e+16	9.89e-01	1.13e-02	1.23e-05
 2.62194e+16	9.89e-01	1.09e-02	1.20e-05
 2.62223e+16	9.89e-01	1.06e-02	1.16e-05
 2.62248e+16	9.90e-01	1.03e-02	1.13e-05
 2.62272e+16	9.90e-01	1.00e-02	1.10e-05
 2.62298e+16	9.90e-01	9.76e-03	1.07e-05
 2.62331e+16	9.91e-01	9.45e-03	1.03e-05
 2.62374e+16	9.91e-01	9.09e-03	9.96e-06
 2.62425e+16	9.91e-01	8.74e-03	9.58e-06
 2.62478e+16	9.92e-01	8.42e-03	9.22e-06
 2.62537e+16	9.92e-01	8.11e-03	8.86e-06
 2.62608e+16	9.92e-01	7.80e-03	8.50e-06
 2.62692e+16	9.92e-01	7.51e-03	8.16e-06
 2.62787e+16	9.93e-01	7.25e-03	7.84e-06
 2.62887e+16	9.93e-01	7.04e-03	7.58e-06
 2.62987e+16	9.93e-01	6.87e-03	7.36e-06
 2.63102e+16	9.93e-01	6.71e-03	7.14e-06
 2.63252e+16	9.93e-01	6.56e-03	6.91e-06
 2.63446e+16	9.94e-01	6.40e-03	6.67e-06
 2.63699e+16	9.94e-01	6.24e-03	6.41e-06
 2.64027e+16	9.94e-01	6.07e-03	6.10e-06
 2.64454e+16	9.94e-01	5.88e-03	5.75e-06
 2.65009e+16	9.94e-01	5.65e-03	5.33e-06
 2.65715e+16	9.95e-01	5.38e-03	4.86e-06
 2.66505e+16	9.95e-01	5.11e-03	4.41e-06
 2.67281e+16	9.95e-01	4.86e-03	4.01e-06
 2.68046e+16	9.95e-01	4.63e-03	3.65e-06
 2.68840e+16	9.96e-01	4.41e-03	3.32e-06
 2.69668e+16	9.96e-01	4.19e-03	3.01e-06
 2.70513e+16	9.96e-01	3.98e-03	2.72e-06
 2.71371e+16	9.96e-01	3.79e-03	2.46e-06
 2.72245e+16	9.96e-01	3.60e-03	2.23e-06
 2.73139e+16	9.97e-01	3.42e-03	2.02e-06
 2.74052e+16	9.97e-01	3.25e-03	1.82e-06
 2.74983e+16	9.97e-01	3.08e-03	1.64e-06
 2.75934e+16	9.97e-01	2.93e-03	1.48e-06
 2.76905e+16	9.97e-01	2.78e-03	1.33e-06
 2.77896e+16	9.97e-01	2.63e-03	1.20e-06
 2.78909e+16	9.98e-01	2.49e-03	1.08e-06
 2.79945e+16	9.98e-01	2.36e-03	9.66e-07
 2.81002e+16	9.98e-01	2.24e-03	8.65e-07
 2.82080e+16	9.98e-01	2.12e-03	7.75e-07
 2.83183e+16	9.98e-01	2.00e-03	6.92e-07
 2.84310e+16	9.98e-01	1.89e-03	6.18e-07
 2.85462e+16	9.98e-01	1.79e-03	5.51e-07
 2.86641e+16	9.98e-01	1.69e-03	4.90e-07
 2.87847e+16	9.98e-01	1.59e-03	4.36e-07
 2.89081e+16	9.98e-01	1.50e-03	3.87e-07
 2.90346e+16	9.99e-01	1.41e-03	3.42e-07
 2.91642e+16	9.99e-01	1.33e-03	3.03e-07
 2.92970e+16	9.99e-01	1.25e-03	2.67e-07
 2.94334e+16	9.99e-01	1.18e-03	2.35e-07
 2.95736e+16	9.99e-01	1.10e-03	2.06e-07
 2.97178e+16	9.99e-01	1.04e-03	1.81e-07
 2.98662e+16	9.99e-01	9.69e-04	1.58e-07
 3.00191e+16	9.99e-01	9.07e-04	1.38e-07
 3.01768e+16	9.99e-01	8.47e-04	1.20e-07
 3.03371e+16	9.99e-01	7.91e-04	1.04e-07
 3.05023e+16	9.99e-01	7.38e-04	8.97e-08
 3.06764e+16	9.99e-01	6.86e-04	7.70e-08
 3.08584e+16	9.99e-01	6.36e-04	6.58e-08
 3.10468e+16	9.99e-01	5.89e-04	5.59e-08
 3.12427e+16	9.99e-01	5.44e-04	4.73e-08
 3.14478e+16	9.99e-01	5.01e-04	3.98e-08
 3.16629e+16	1.00e+00	4.60e-04	3.33e-08
 3.18883e+16	1.00e+00	4.21e-04	2.76e-08
 3.21254e+16	1.00e+00	3.84e-04	2.27e-08
 3.23780e+16	1.00e+00	3.49e-04	1.84e-08
 3.26470e+16	1.00e+00	3.15e-04	1.48e-08
 3.29323e+16	1.00e+00	2.82e-04	1.18e-08
 3.32375e+16	1.00e+00	2.52e-04	9.24e-09
 3.35675e+16	1.00e+00	2.23e-04	7.11e-09
 3.39274e+16	1.00e+00	1.94e-04	5.33e-09
 3.43370e+16	1.00e+00	1.67e-04	3.88e-09
 3.47768e+16	1.00e+00	1.43e-04	2.77e-09
 3.52472e+16	1.00e+00	1.20e-04	1.92e-09
 3.58038e+16	1.00e+00	9.71e-05	1.24e-09
 3.64696e+16	1.00e+00	7.55e-05	7.44e-10
 3.72206e+16	1.00e+00	5.70e-05	4.22e-10
 3.80035e+16	1.00e+00	4.27e-05	2.37e-10
 3.87977e+16	1.00e+00	3.18e-05	1.32e-10
 3.96142e+16	1.00e+00	2.36e-05	7.34e-11
 4.04673e+16	1.00e+00	1.73e-05	4.01e-11
 4.13655e+16	1.00e+00	1.25e-05	2.14e-11
 4.23096e+16	1.00e+00	9.00e-06	1.13e-11
 4.33058e+16	1.00e+00	6.38e-06	5.79e-12
 4.43670e+16	1.00e+00	4.46e-06	2.90e-12
 4.55024e+16	1.00e+00	3.08e-06	1.42e-12
 4.66891e+16	1.00e+00	2.11e-06	6.85e-13
 4.78883e+16	1.00e+00	1.46e-06	3.35e-13
 4.91565e+16	1.00e+00	9.88e-07	1.59e-13
 5.05138e+16	1.00e+00	6.66e-07	7.38e-14
 5.19119e+16	1.00e+00	4.50e-07	3.44e-14
 5.33378e+16	1.00e+00	3.04e-07	1.61e-14
 5.48071e+16	1.00e+00	2.06e-07	7.50e-15
 5.63355e+16	1.00e+00	1.39e-07	3.48e-15
 5.78940e+16	1.00e+00	9.43e-08	1.63e-15
 5.94601e+16	1.00e+00	6.46e-08	7.73e-16
 6.10261e+16	1.00e+00	4.47e-08	3.75e-16
 6.25922e+16	1.00e+00	3.12e-08	1.85e-16
 6.41582e+16	1.00e+00	2.20e-08	9.29e-17
 6.57243e+16	1.00e+00	1.57e-08	4.74e-17
 6.72903e+16	1.00e+00	1.12e-08	2.46e-17
 6.88564e+16	1.00e+00	8.14e-09	1.29e-17
 7.04224e+16	1.00e+00	5.93e-09	6.91e-18
 7.19885e+16	1.00e+00	4.36e-09	3.74e-18
 7.35547e+16	1.00e+00	3.22e-09	2.05e-18
 7.51211e+16	1.00e+00	2.40e-09	1.14e-18
 7.66874e+16	1.00e+00	1.79e-09	6.43e-19
 7.82538e+16	1.00e+00	1.35e-09	3.66e-19
 8.00550e+16	1.00e+00	9.75e-10	1.91e-19
 8.21219e+16	1.00e+00	6.82e-10	9.39e-20
 8.42192e+16	1.00e+00	4.80e-10	4.67e-20
 8.64449e+16	1.00e+00	3.33e-10	2.25e-20
 8.88454e+16	1.00e+00	2.27e-10	1.05e-20
 9.13041e+16	1.00e+00	1.55e-10	4.93e-21
 9.37746e+16	1.00e+00	1.07e-10	0.00e+00
 9.62450e+16	1.00e+00	7.49e-11	0.00e+00
 9.88215e+16	1.00e+00	5.18e-11	0.00e+00
 1.01543e+17	1.00e+00	3.56e-11	0.00e+00
 1.04331e+17	1.00e+00	2.44e-11	0.00e+00
 1.07160e+17	1.00e+00	1.69e-11	0.00e+00
 1.10002e+17	1.00e+00	1.18e-11	0.00e+00
 1.12844e+17	1.00e+00	8.29e-12	0.00e+00
 1.15686e+17	1.00e+00	5.90e-12	0.00e+00
 1.18528e+17	1.00e+00	4.24e-12	0.00e+00
 1.21370e+17	1.00e+00	3.08e-12	0.00e+00
 1.24212e+17	1.00e+00	2.26e-12	0.00e+00
 1.27054e+17	1.00e+00	1.68e-12	0.00e+00
 1.30040e+17	1.00e+00	1.25e-12	0.00e+00
 1.33170e+17	1.00e+00	9.30e-13	0.00e+00
 1.36300e+17	1.00e+00	7.08e-13	0.00e+00
 1.39430e+17	1.00e+00	5.51e-13	0.00e+00
 1.42933e+17	1.00e+00	4.26e-13	0.00e+00
 1.46956e+17	1.00e+00	3.27e-13	0.00e+00
 1.51037e+17	1.00e+00	2.60e-13	0.00e+00
 1.54922e+17	1.00e+00	2.19e-13	0.00e+00
 1.58662e+17	1.00e+00	1.94e-13	0.00e+00
 1.62348e+17	1.00e+00	1.76e-13	0.00e+00
 1.65977e+17	1.00e+00	1.64e-13	0.00e+00
 1.69507e+17	1.00e+00	1.55e-13	0.00e+00
 1.72907e+17	1.00e+00	1.50e-13	0.00e+00
 1.76167e+17	1.00e+00	1.46e-13	0.00e+00
 1.79289e+17	1.00e+00	1.44e-13	0.00e+00
 1.82273e+17	1.00e+00	1.42e-13	0.00e+00
 1.85120e+17	1.00e+00	1.41e-13	0.00e+00
 1.87827e+17	1.00e+00	1.41e-13	0.00e+00
 1.90395e+17	1.00e+00	1.41e-13	0.00e+00
 1.92827e+17	1.00e+00	1.41e-13	0.00e+00
 1.95130e+17	1.00e+00	1.41e-13	0.00e+00
 1.97309e+17	1.00e+00	1.42e-13	0.00e+00
 1.99371e+17	1.00e+00	1.42e-13	0.00e+00
 2.01320e+17	1.00e+00	1.43e-13	0.00e+00
 2.03163e+17	1.00e+00	1.43e-13	0.00e+00
 2.04905e+17	1.00e+00	1.44e-13	0.00e+00
 2.06551e+17	1.00e+00	1.44e-13	0.00e+00
 2.08109e+17	1.00e+00	1.45e-13	0.00e+00
 2.09582e+17	1.00e+00	1.45e-13	0.00e+00
 2.10976e+17	1.00e+00	1.46e-13	0.00e+00
 2.12295e+17	1.00e+00	1.46e-13	0.00e+00
 2.13544e+17	1.00e+00	1.46e-13	0.00e+00
 2.14728e+17	1.00e+00	1.47e-13	0.00e+00
 2.15848e+17	1.00e+00	1.47e-13	0.00e+00
 2.16911e+17	1.00e+00	1.47e-13	0.00e+00
 2.17918e+17	1.00e+00	1.48e-13	0.00e+00
 2.18873e+17	1.00e+00	1.48e-13	0.00e+00
 2.19780e+17	1.00e+00	1.48e-13	0.00e+00
 2.20641e+17	1.00e+00	1.48e-13	0.00e+00
 2.21459e+17	1.00e+00	1.49e-13	0.00e+00
 2.22236e+17	1.00e+00	1.49e-13	0.00e+00
 2.22975e+17	1.00e+00	1.49e-13	0.00e+00
 2.23678e+17	1.00e+00	1.49e-13	0.00e+00
 2.24348e+17	1.00e+00	1.49e-13	0.00e+00
 2.24985e+17	1.00e+00	1.50e-13	0.00e+00
 2.25593e+17	1.00e+00	1.50e-13	0.00e+00
 2.26172e+17	1.00e+00	1.50e-13	0.00e+00
 2.26725e+17	1.00e+00	1.50e-13	0.00e+00
 2.27253e+17	1.00e+00	1.50e-13	0.00e+00
 2.27759e+17	1.00e+00	1.50e-13	0.00e+00
 2.28242e+17	1.00e+00	1.50e-13	0.00e+00
 2.28705e+17	1.00e+00	1.50e-13	0.00e+00
 2.29149e+17	1.00e+00	1.50e-13	0.00e+00
 2.29576e+17	1.00e+00	1.50e-13	0.00e+00
 2.29986e+17	1.00e+00	1.51e-13	0.00e+00
 2.30380e+17	1.00e+00	1.51e-13	0.00e+00
 2.30761e+17	1.00e+00	1.51e-13	0.00e+00
 2.31129e+17	1.00e+00	1.51e-13	0.00e+00
 2.31486e+17	1.00e+00	1.51e-13	0.00e+00
 2.31831e+17	1.00e+00	1.51e-13	0.00e+00
 2.32168e+17	1.00e+00	1.51e-13	0.00e+00
 2.32496e+17	1.00e+00	1.51e-13	0.00e+00
 2.32817e+17	1.00e+00	1.51e-13	0.00e+00
 2.33132e+17	1.00e+00	1.51e-13	0.00e+00
 2.33443e+17	1.00e+00	1.51e-13	0.00e+00
 2.33751e+17	1.00e+00	1.51e-13	0.00e+00
 2.34056e+17	1.00e+00	1.51e-13	0.00e+00
 2.34362e+17	1.00e+00	1.51e-13	0.00e+00
 2.34670e+17	1.00e+00	1.51e-13	0.00e+00
 2.34982e+17	1.00e+00	1.51e-13	0.00e+00
 2.35300e+17	1.00e+00	1.51e-13	0.00e+00
 2.35628e+17	1.00e+00	1.51e-13	0.00e+00
 2.35969e+17	1.00e+00	1.51e-13	0.00e+00
 2.36328e+17	1.00e+00	1.50e-13	0.00e+00
 2.36711e+17	1.00e+00	1.50e-13	0.00e+00
 2.37125e+17	1.00e+00	1.50e-13	0.00e+00
 2.37582e+17	1.00e+00	1.50e-13	0.00e+00
 2.38095e+17	1.00e+00	1.50e-13	0.00e+00
 2.38685e+17	1.00e+00	1.49e-13	0.00e+00
 2.39381e+17	1.00e+00	1.48e-13	0.00e+00
 2.40230e+17	1.00e+00	1.48e-13	0.00e+00
 2.41300e+17	1.00e+00	1.46e-13	0.00e+00
 2.42681e+17	1.00e+00	1.44e-13	0.00e+00
 2.44477e+17	1.00e+00	1.40e-13	0.00e+00
 2.46811e+17	1.00e+00	1.34e-13	0.00e+00
 2.49846e+17	1.00e+00	1.27e-13	0.00e+00
 2.53791e+17	1.00e+00	1.16e-13	0.00e+00
 2.58919e+17	1.00e+00	1.03e-13	0.00e+00
 2.65586e+17	1.00e+00	8.66e-14	0.00e+00
 2.74254e+17	1.00e+00	6.86e-14	0.00e+00
 2.84736e+17	1.00e+00	5.00e-14	0.00e+00
 2.96125e+17	1.00e+00	3.92e-14	0.00e+00
 3.07970e+17	1.00e+00	3.45e-14	0.00e+00
 3.20289e+17	1.00e+00	3.06e-14	0.00e+00
 3.33101e+17	1.00e+00	2.70e-14	0.00e+00
 3.46425e+17	1.00e+00	2.35e-14	0.00e+00
 3.60282e+17	1.00e+00	2.03e-14	0.00e+00
 3.74376e+17	1.00e+00	1.73e-14	0.00e+00
 3.87811e+17	1.00e+00	1.56e-14	0.00e+00
 3.99849e+17	1.00e+00	1.63e-14	0.00e+00
 4.10643e+17	1.00e+00	1.77e-14	0.00e+00
 4.20756e+17	1.00e+00	1.80e-14	0.00e+00
 4.30452e+17	1.00e+00	1.71e-14	0.00e+00
 4.39546e+17	1.00e+00	1.59e-14	0.00e+00
 4.47698e+17	1.00e+00	1.53e-14	0.00e+00
 4.54829e+17	1.00e+00	1.51e-14	0.00e+00
 4.61052e+17	1.00e+00	1.48e-14	0.00e+00
 4.65954e+17	1.00e+00	1.43e-14	0.00e+00
 4.69140e+17	1.00e+00	1.48e-14	0.00e+00
 4.71017e+17	1.00e+00	1.53e-14	0.00e+00
 4.72132e+17	1.00e+00	1.57e-14	0.00e+00
 4.72801e+17	1.00e+00	1.59e-14	0.00e+00
 4.73224e+17	1.00e+00	1.60e-14	0.00e+00
 4.73558e+17	1.00e+00	1.61e-14	0.00e+00
 4.73905e+17	1.00e+00	1.62e-14	0.00e+00
 4.74303e+17	1.00e+00	1.62e-14	0.00e+00
 4.74737e+17	1.00e+00	1.63e-14	0.00e+00
 4.75126e+17	1.00e+00	1.63e-14	0.00e+00
 4.75431e+17	1.00e+00	1.62e-14	0.00e+00
 4.75692e+17	1.00e+00	1.62e-14	0.00e+00
 4.75942e+17	1.00e+00	1.62e-14	0.00e+00
 4.76205e+17	1.00e+00	1.62e-14	0.00e+00
 4.76472e+17	1.00e+00	1.62e-14	0.00e+00
 4.76720e+17	1.00e+00	1.61e-14	0.00e+00
 4.76937e+17	1.00e+00	1.61e-14	0.00e+00
 4.77135e+17	1.00e+00	1.61e-14	0.00e+00
 4.77334e+17	1.00e+00	1.60e-14	0.00e+00
 4.77537e+17	1.00e+00	1.60e-14	0.00e+00
 4.77730e+17	1.00e+00	1.60e-14	0.00e+00
 4.77909e+17	1.00e+00	1.59e-14	0.00e+00
 4.78075e+17	1.00e+00	1.59e-14	0.00e+00
 4.78236e+17	1.00e+00	1.58e-14	0.00e+00
 4.78396e+17	1.00e+00	1.58e-14	0.00e+00
 4.78556e+17	1.00e+00	1.57e-14	0.00e+00
 4.78710e+17	1.00e+00	1.57e-14	0.00e+00
 4.78859e+17	1.00e+00	1.56e-14	0.00e+00
 4.79005e+17	1.00e+00	1.56e-14	0.00e+00
 4.79146e+17	1.00e+00	1.55e-14	0.00e+00
 4.79283e+17	1.00e+00	1.55e-14	0.00e+00
 4.79420e+17	1.00e+00	1.54e-14	0.00e+00
 4.79558e+17	1.00e+00	1.54e-14	0.00e+00
 4.79695e+17	1.00e+00	1.53e-14	0.00e+00
 4.79829e+17	1.00e+00	1.53e-14	0.00e+00
 4.79963e+17	1.00e+00	1.52e-14	0.00e+00
 4.80097e+17	1.00e+00	1.52e-14	0.00e+00
 4.80231e+17	1.00e+00	1.51e-14	0.00e+00
 4.80366e+17	1.00e+00	1.51e-14	0.00e+00
 4.80497e+17	1.00e+00	1.50e-14	0.00e+00
 4.80630e+17	1.00e+00	1.49e-14	0.00e+00
 4.80771e+17	1.00e+00	1.49e-14	0.00e+00
 4.80917e+17	1.00e+00	1.48e-14	0.00e+00
 4.81059e+17	1.00e+00	1.47e-14	0.00e+00
 4.81199e+17	1.00e+00	1.47e-14	0.00e+00
 4.81344e+17	1.00e+00	1.46e-14	0.00e+00
 4.81494e+17	1.00e+00	1.45e-14	0.00e+00
 4.81659e+17	1.00e+00	1.44e-14	0.00e+00
 4.81832e+17	1.00e+00	1.43e-14	0.00e+00
 4.81993e+17	1.00e+00	1.42e-14	0.00e+00
 4.82144e+17	1.00e+00	1.42e-14	0.00e+00
 4.82297e+17	1.00e+00	1.41e-14	0.00e+00
 4.82468e+17	1.00e+00	1.40e-14	0.00e+00
 4.82662e+17	1.00e+00	1.39e-14	0.00e+00
 4.82853e+17	1.00e+00	1.37e-14	0.00e+00
 4.83019e+17	1.00e+00	1.36e-14	0.00e+00
 4.83189e+17	1.00e+00	1.36e-14	0.00e+00
 4.83395e+17	1.00e+00	1.34e-14	0.00e+00
 4.83622e+17	1.00e+00	1.33e-14	0.00e+00
 4.83829e+17	1.00e+00	1.32e-14	0.00e+00
 4.84021e+17	1.00e+00	1.31e-14	0.00e+00
 4.84234e+17	1.00e+00	1.29e-14	0.00e+00
 4.84466e+17	1.00e+00	1.28e-14	0.00e+00
 4.84699e+17	1.00e+00	1.26e-14	0.00e+00
 4.84929e+17	1.00e+00	1.25e-14	0.00e+00
 4.85167e+17	1.00e+00	1.23e-14	0.00e+00
 4.85413e+17	1.00e+00	1.22e-14	0.00e+00
 4.85661e+17	1.00e+00	1.20e-14	0.00e+00
 4.85917e+17	1.00e+00	1.19e-14	0.00e+00
 4.86189e+17	1.00e+00	1.17e-14	0.00e+00
 4.86470e+17	1.00e+00	1.15e-14	0.00e+00
 4.86746e+17	1.00e+00	1.13e-14	0.00e+00
 4.87026e+17	1.00e+00	1.11e-14	0.00e+00
 4.87320e+17	1.00e+00	1.10e-14	0.00e+00
 4.87639e+17	1.00e+00	1.07e-14	0.00e+00
 4.87967e+17	1.00e+00	1.05e-14	0.00e+00
 4.88278e+17	1.00e+00	1.03e-14	0.00e+00
 4.88594e+17	1.00e+00	1.01e-14	0.00e+00
 4.88935e+17	1.00e+00	9.91e-15	0.00e+00
 4.89293e+17	1.00e+00	9.68e-15	0.00e+00
 4.89650e+17	1.00e+00	9.44e-15	0.00e+00
 4.89998e+17	1.00e+00	9.22e-15	0.00e+00
 4.90358e+17	1.00e+00	9.00e-15	0.00e+00
 4.90746e+17	1.00e+00	8.76e-15	0.00e+00
 4.91145e+17	1.00e+00	8.51e-15	0.00e+00
 4.91536e+17	1.00e+00	8.27e-15	0.00e+00
 4.91933e+17	1.00e+00	8.02e-15	0.00e+00
 4.92348e+17	1.00e+00	7.78e-15	0.00e+00
 4.92776e+17	1.00e+00	7.53e-15	0.00e+00
 4.93211e+17	1.00e+00	7.28e-15	0.00e+00
 4.93653e+17	1.00e+00	7.02e-15	0.00e+00
 4.94106e+17	1.00e+00	6.77e-15	0.00e+00
 4.94571e+17	1.00e+00	6.51e-15	0.00e+00
 4.95041e+17	1.00e+00	6.25e-15	0.00e+00
 4.95513e+17	1.00e+00	6.00e-15	0.00e+00
 4.96007e+17	1.00e+00	5.75e-15	0.00e+00
 4.96523e+17	1.00e+00	5.48e-15	0.00e+00
 4.97041e+17	1.00e+00	5.22e-15	0.00e+00
 4.97553e+17	1.00e+00	4.98e-15	0.00e+00
 4.98086e+17	1.00e+00	4.73e-15	0.00e+00
 4.98648e+17	1.00e+00	4.48e-15	0.00e+00
 4.99214e+17	1.00e+00	4.23e-15	0.00e+00
 4.99781e+17	1.00e+00	3.99e-15	0.00e+00
 5.00370e+17	1.00e+00	3.76e-15	0.00e+00
 5.00996e+17	1.00e+00	3.52e-15	0.00e+00
 5.01635e+17	1.00e+00	3.28e-15	0.00e+00
 5.02272e+17	1.00e+00	3.06e-15	0.00e+00
 5.02927e+17	1.00e+00	2.84e-15	0.00e+00
 5.03595e+17	1.00e+00	2.63e-15	0.00e+00
 5.04215e+17	1.00e+00	2.43e-15	0.00e+00
 5.04746e+17	1.00e+00	2.27e-15	0.00e+00
 5.05213e+17	1.00e+00	2.14e-15	0.00e+00
 5.05657e+17	1.00e+00	2.03e-15	0.00e+00
 5.06097e+17	1.00e+00	1.92e-15	0.00e+00
 5.06525e+17	1.00e+00	1.82e-15	0.00e+00
 5.06927e+17	1.00e+00	1.72e-15	0.00e+00
 5.07301e+17	1.00e+00	1.64e-15	0.00e+00
 5.07658e+17	1.00e+00	1.56e-15	0.00e+00
 5.08004e+17	1.00e+00	1.49e-15	0.00e+00
 5.08342e+17	1.00e+00	1.42e-15	0.00e+00
 5.08667e+17	1.00e+00	1.36e-15	0.00e+00
 5.08977e+17	1.00e+00	1.30e-15	0.00e+00
 5.09275e+17	1.00e+00	1.25e-15	0.00e+00
 5.09562e+17	1.00e+00	1.20e-15	0.00e+00
 5.09841e+17	1.00e+00	1.15e-15	0.00e+00
 5.10111e+17	1.00e+00	1.10e-15	0.00e+00
 5.10372e+17	1.00e+00	1.06e-15	0.00e+00
 5.10622e+17	1.00e+00	1.02e-15	0.00e+00
 5.10864e+17	1.00e+00	9.79e-16	0.00e+00
 5.11100e+17	1.00e+00	9.42e-16	0.00e+00
 5.11330e+17	1.00e+00	9.07e-16	0.00e+00
 5.11555e+17	1.00e+00	8.75e-16	0.00e+00
 5.11773e+17	1.00e+00	8.44e-16	0.00e+00
 5.11983e+17	1.00e+00	8.14e-16	0.00e+00
 5.12186e+17	1.00e+00	7.86e-16	0.00e+00
 5.12383e+17	1.00e+00	7.59e-16	0.00e+00
 5.12577e+17	1.00e+00	7.33e-16	0.00e+00
 5.12768e+17	1.00e+00	7.09e-16	0.00e+00
 5.12955e+17	1.00e+00	6.86e-16	0.00e+00
 5.13168e+17	1.00e+00	6.64e-16	0.00e+00
 5.13444e+17	1.00e+00	6.36e-16	0.00e+00
 5.13803e+17	1.00e+00	5.99e-16	0.00e+00
 5.14269e+17	1.00e+00	5.58e-16	0.00e+00
 5.14875e+17	1.00e+00	5.05e-16	0.00e+00
 5.15664e+17	1.00e+00	4.42e-16	0.00e+00
 5.16579e+17	1.00e+00	3.71e-16	0.00e+00
 5.17421e+17	1.00e+00	3.08e-16	0.00e+00
 5.18070e+17	1.00e+00	2.66e-16	0.00e+00
 5.18589e+17	1.00e+00	2.38e-16	0.00e+00
 5.19094e+17	1.00e+00	2.16e-16	0.00e+00
 5.19660e+17	1.00e+00	1.93e-16	0.00e+00
 5.20274e+17	1.00e+00	1.71e-16	0.00e+00
 5.20875e+17	1.00e+00	1.51e-16	0.00e+00
 5.21436e+17	1.00e+00	1.34e-16	0.00e+00
