#depth	N	N+	N+2	N+3	N+4	N+5	N+6	N+7
 1.49634e+10	0.00e+00	0.00e+00	3.84e-28	1.91e-18	8.57e-10	9.99e-01	1.22e-03	0.00e+00
 4.54887e+10	0.00e+00	2.15e-38	4.87e-28	2.24e-18	9.27e-10	9.99e-01	1.13e-03	2.21e-10
 7.72350e+10	0.00e+00	0.00e+00	6.18e-28	2.63e-18	1.00e-09	9.99e-01	1.04e-03	0.00e+00
 1.10251e+11	0.00e+00	4.04e-38	7.83e-28	3.08e-18	1.09e-09	9.99e-01	9.57e-04	0.00e+00
 1.44588e+11	0.00e+00	0.00e+00	9.93e-28	3.61e-18	1.18e-09	9.99e-01	8.83e-04	0.00e+00
 1.80298e+11	0.00e+00	7.60e-38	1.26e-27	4.23e-18	1.27e-09	9.99e-01	8.14e-04	0.00e+00
 2.15824e+11	0.00e+00	0.00e+00	1.58e-27	4.92e-18	1.37e-09	9.99e-01	7.53e-04	0.00e+00
 2.52771e+11	0.00e+00	1.40e-37	1.99e-27	5.73e-18	1.48e-09	9.99e-01	6.97e-04	0.00e+00
 2.92808e+11	0.00e+00	0.00e+00	2.52e-27	6.72e-18	1.61e-09	9.99e-01	6.42e-04	0.00e+00
 3.33546e+11	0.00e+00	2.62e-37	3.19e-27	7.85e-18	1.74e-09	9.99e-01	5.93e-04	0.00e+00
 3.75914e+11	0.00e+00	0.00e+00	4.03e-27	9.18e-18	1.88e-09	9.99e-01	5.47e-04	0.00e+00
 4.20877e+11	0.00e+00	4.91e-37	5.11e-27	1.08e-17	2.04e-09	9.99e-01	5.04e-04	0.00e+00
 4.67639e+11	0.00e+00	0.00e+00	6.50e-27	1.26e-17	2.21e-09	1.00e+00	4.64e-04	0.00e+00
 5.16271e+11	0.00e+00	9.29e-37	8.26e-27	1.48e-17	2.39e-09	1.00e+00	4.28e-04	0.00e+00
 5.66849e+11	0.00e+00	0.00e+00	1.05e-26	1.74e-17	2.59e-09	1.00e+00	3.94e-04	0.00e+00
 6.19449e+11	0.00e+00	1.76e-36	1.34e-26	2.05e-17	2.81e-09	1.00e+00	3.63e-04	0.00e+00
 6.74154e+11	3.67e-47	2.43e-36	1.70e-26	2.40e-17	3.04e-09	1.00e+00	3.34e-04	0.00e+00
 7.31047e+11	0.00e+00	0.00e+00	2.16e-26	2.82e-17	3.30e-09	1.00e+00	3.07e-04	0.00e+00
 7.90216e+11	0.00e+00	4.62e-36	2.76e-26	3.32e-17	3.58e-09	1.00e+00	2.83e-04	0.00e+00
 8.51751e+11	1.22e-46	6.37e-36	3.52e-26	3.91e-17	3.88e-09	1.00e+00	2.60e-04	0.00e+00
 9.15748e+11	0.00e+00	0.00e+00	4.48e-26	4.60e-17	4.22e-09	1.00e+00	2.39e-04	0.00e+00
 9.82305e+11	0.00e+00	1.22e-35	5.72e-26	5.41e-17	4.58e-09	1.00e+00	2.20e-04	0.00e+00
 1.05152e+12	4.12e-46	1.68e-35	7.31e-26	6.38e-17	4.97e-09	1.00e+00	2.03e-04	0.00e+00
 1.12351e+12	0.00e+00	0.00e+00	9.34e-26	7.51e-17	5.40e-09	1.00e+00	1.86e-04	0.00e+00
 1.19838e+12	0.00e+00	3.23e-35	1.19e-25	8.86e-17	5.86e-09	1.00e+00	1.71e-04	0.00e+00
 1.27624e+12	1.40e-45	4.48e-35	1.53e-25	1.05e-16	6.37e-09	1.00e+00	1.57e-04	0.00e+00
 1.35722e+12	0.00e+00	0.00e+00	1.96e-25	1.23e-16	6.93e-09	1.00e+00	1.44e-04	0.00e+00
 1.44143e+12	0.00e+00	8.64e-35	2.51e-25	1.46e-16	7.54e-09	1.00e+00	1.33e-04	0.00e+00
 1.52902e+12	4.78e-45	1.20e-34	3.22e-25	1.72e-16	8.21e-09	1.00e+00	1.22e-04	0.00e+00
 1.61055e+12	0.00e+00	0.00e+00	4.03e-25	2.00e-16	8.85e-09	1.00e+00	1.13e-04	0.00e+00
 1.68217e+12	0.00e+00	2.08e-34	4.88e-25	2.28e-16	9.45e-09	1.00e+00	1.05e-04	0.00e+00
 1.76206e+12	1.33e-44	2.74e-34	6.01e-25	2.62e-16	1.01e-08	1.00e+00	9.81e-05	0.00e+00
 1.85832e+12	0.00e+00	3.77e-34	7.65e-25	3.09e-16	1.10e-08	1.00e+00	9.03e-05	0.00e+00
 1.95548e+12	2.93e-44	5.15e-34	9.69e-25	3.62e-16	1.19e-08	1.00e+00	8.32e-05	0.00e+00
 2.04490e+12	0.00e+00	6.80e-34	1.20e-24	4.17e-16	1.28e-08	1.00e+00	7.73e-05	0.00e+00
 2.14461e+12	6.02e-44	9.20e-34	1.51e-24	4.88e-16	1.39e-08	1.00e+00	7.14e-05	0.00e+00
 2.25995e+12	0.00e+00	1.28e-33	1.94e-24	5.79e-16	1.52e-08	1.00e+00	6.54e-05	0.00e+00
 2.37280e+12	1.35e-43	1.76e-33	2.47e-24	6.81e-16	1.65e-08	1.00e+00	6.02e-05	0.00e+00
 2.47900e+12	0.00e+00	2.35e-33	3.07e-24	7.90e-16	1.78e-08	1.00e+00	5.58e-05	0.00e+00
 2.59692e+12	2.84e-43	3.20e-33	3.89e-24	9.28e-16	1.93e-08	1.00e+00	5.14e-05	0.00e+00
 2.73072e+12	0.00e+00	4.50e-33	5.04e-24	1.11e-15	2.11e-08	1.00e+00	4.69e-05	0.00e+00
 2.86263e+12	6.44e-43	6.20e-33	6.44e-24	1.31e-15	2.30e-08	1.00e+00	4.31e-05	0.00e+00
 2.99982e+12	0.00e+00	8.56e-33	8.24e-24	1.55e-15	2.50e-08	1.00e+00	3.95e-05	0.00e+00
 3.14974e+12	1.46e-42	1.20e-32	1.07e-23	1.85e-15	2.74e-08	1.00e+00	3.61e-05	0.00e+00
 3.30043e+12	0.00e+00	1.67e-32	1.37e-23	2.19e-15	3.00e-08	1.00e+00	3.30e-05	0.00e+00
 3.45715e+12	3.29e-42	2.32e-32	1.77e-23	2.61e-15	3.27e-08	1.00e+00	3.02e-05	0.00e+00
 3.62536e+12	0.00e+00	3.25e-32	2.29e-23	3.12e-15	3.59e-08	1.00e+00	2.75e-05	0.00e+00
 3.80030e+12	7.60e-42	4.56e-32	2.97e-23	3.73e-15	3.94e-08	1.00e+00	2.51e-05	0.00e+00
 3.98224e+12	0.00e+00	6.39e-32	3.86e-23	4.46e-15	4.32e-08	1.00e+00	2.29e-05	0.00e+00
 4.17146e+12	1.75e-41	8.96e-32	5.01e-23	5.33e-15	4.74e-08	1.00e+00	2.08e-05	0.00e+00
 4.36824e+12	0.00e+00	1.25e-31	6.49e-23	6.38e-15	5.21e-08	1.00e+00	1.90e-05	0.00e+00
 4.55581e+12	3.87e-41	1.71e-31	8.24e-23	7.53e-15	5.67e-08	1.00e+00	1.74e-05	0.00e+00
 4.72710e+12	0.00e+00	2.24e-31	1.02e-22	8.71e-15	6.12e-08	1.00e+00	1.61e-05	0.00e+00
 4.92041e+12	7.76e-41	3.01e-31	1.28e-22	1.02e-14	6.65e-08	1.00e+00	1.49e-05	0.00e+00
 5.13536e+12	0.00e+00	4.12e-31	1.63e-22	1.21e-14	7.28e-08	1.00e+00	1.36e-05	0.00e+00
 5.33716e+12	1.62e-40	5.49e-31	2.04e-22	1.42e-14	7.89e-08	1.00e+00	1.25e-05	0.00e+00
 5.55690e+12	0.00e+00	7.40e-31	2.57e-22	1.67e-14	8.60e-08	1.00e+00	1.15e-05	0.00e+00
 5.80277e+12	3.46e-40	1.02e-30	3.31e-22	1.99e-14	9.44e-08	1.00e+00	1.05e-05	0.00e+00
 6.03779e+12	0.00e+00	1.37e-30	4.17e-22	2.34e-14	1.03e-07	1.00e+00	9.64e-06	0.00e+00
 6.28855e+12	7.16e-40	1.85e-30	5.28e-22	2.76e-14	1.12e-07	1.00e+00	8.83e-06	0.00e+00
 6.57001e+12	0.00e+00	2.56e-30	6.81e-22	3.31e-14	1.24e-07	1.00e+00	8.03e-06	0.00e+00
 6.84770e+12	1.54e-39	3.48e-30	8.67e-22	3.92e-14	1.35e-07	1.00e+00	7.33e-06	0.00e+00
 7.13649e+12	0.00e+00	4.73e-30	1.10e-21	4.66e-14	1.48e-07	1.00e+00	6.70e-06	0.00e+00
 7.42186e+12	3.17e-39	6.31e-30	1.39e-21	5.48e-14	1.62e-07	1.00e+00	6.14e-06	0.00e+00
 7.67022e+12	0.00e+00	8.04e-30	1.68e-21	6.29e-14	1.74e-07	1.00e+00	5.71e-06	0.00e+00
 7.94070e+12	5.79e-39	1.04e-29	2.05e-21	7.27e-14	1.88e-07	1.00e+00	5.28e-06	0.00e+00
 8.27041e+12	0.00e+00	1.40e-29	2.60e-21	8.62e-14	2.06e-07	1.00e+00	4.82e-06	0.00e+00
 8.60243e+12	1.17e-38	1.86e-29	3.27e-21	1.02e-13	2.26e-07	1.00e+00	4.41e-06	0.00e+00
 8.89985e+12	0.00e+00	2.39e-29	3.99e-21	1.17e-13	2.44e-07	1.00e+00	4.08e-06	0.00e+00
 9.22700e+12	2.16e-38	3.10e-29	4.92e-21	1.37e-13	2.65e-07	1.00e+00	3.76e-06	0.00e+00
 9.61511e+12	0.00e+00	4.17e-29	6.24e-21	1.63e-13	2.92e-07	1.00e+00	3.42e-06	0.00e+00
 9.99979e+12	4.31e-38	5.52e-29	7.83e-21	1.92e-13	3.19e-07	1.00e+00	3.13e-06	0.00e+00
 1.03541e+13	0.00e+00	7.08e-29	9.56e-21	2.23e-13	3.46e-07	1.00e+00	2.88e-06	0.00e+00
 1.07517e+13	7.98e-38	9.24e-29	1.19e-20	2.61e-13	3.78e-07	1.00e+00	2.64e-06	0.00e+00
 1.12109e+13	0.00e+00	1.24e-28	1.51e-20	3.11e-13	4.17e-07	1.00e+00	2.40e-06	0.00e+00
 1.16609e+13	1.57e-37	1.63e-28	1.89e-20	3.68e-13	4.57e-07	1.00e+00	2.19e-06	0.00e+00
 1.20912e+13	0.00e+00	2.10e-28	2.32e-20	4.28e-13	4.98e-07	1.00e+00	2.01e-06	0.00e+00
 1.25672e+13	2.92e-37	2.75e-28	2.88e-20	5.04e-13	5.45e-07	1.00e+00	1.84e-06	0.00e+00
 1.30998e+13	0.00e+00	3.66e-28	3.64e-20	6.00e-13	6.01e-07	1.00e+00	1.67e-06	0.00e+00
 1.36391e+13	5.69e-37	4.83e-28	4.57e-20	7.10e-13	6.60e-07	1.00e+00	1.52e-06	0.00e+00
 1.42001e+13	0.00e+00	6.36e-28	5.72e-20	8.40e-13	7.26e-07	1.00e+00	1.39e-06	0.00e+00
 1.47980e+13	1.10e-36	8.41e-28	7.21e-20	9.97e-13	7.99e-07	1.00e+00	1.26e-06	0.00e+00
 1.54198e+13	0.00e+00	1.11e-27	9.06e-20	1.18e-12	8.80e-07	1.00e+00	1.14e-06	0.00e+00
 1.60665e+13	2.13e-36	1.47e-27	1.14e-19	1.40e-12	9.68e-07	1.00e+00	1.04e-06	0.00e+00
 1.67128e+13	0.00e+00	1.92e-27	1.42e-19	1.65e-12	1.06e-06	1.00e+00	9.51e-07	0.00e+00
 1.73128e+13	3.88e-36	2.44e-27	1.72e-19	1.90e-12	1.15e-06	1.00e+00	0.00e+00	0.00e+00
 1.79632e+13	0.00e+00	3.14e-27	2.12e-19	2.21e-12	1.25e-06	1.00e+00	0.00e+00	0.00e+00
 1.86930e+13	7.20e-36	4.11e-27	2.64e-19	2.60e-12	1.37e-06	1.00e+00	0.00e+00	0.00e+00
 1.93388e+13	0.00e+00	5.18e-27	3.19e-19	2.98e-12	1.48e-06	1.00e+00	0.00e+00	0.00e+00
 1.98902e+13	1.19e-35	6.28e-27	3.73e-19	3.34e-12	1.58e-06	1.00e+00	0.00e+00	0.00e+00
 2.05077e+13	0.00e+00	7.76e-27	4.42e-19	3.78e-12	1.69e-06	1.00e+00	0.00e+00	0.00e+00
 2.12889e+13	2.08e-35	1.00e-26	5.44e-19	4.40e-12	1.84e-06	1.00e+00	0.00e+00	0.00e+00
 2.21108e+13	0.00e+00	1.30e-26	6.73e-19	5.12e-12	2.00e-06	1.00e+00	0.00e+00	0.00e+00
 2.28548e+13	3.75e-35	1.64e-26	8.10e-19	5.85e-12	2.15e-06	1.00e+00	0.00e+00	0.00e+00
 2.36696e+13	0.00e+00	2.10e-26	9.86e-19	6.73e-12	2.33e-06	1.00e+00	0.00e+00	0.00e+00
 2.45365e+13	6.82e-35	2.70e-26	1.21e-18	7.77e-12	2.52e-06	1.00e+00	0.00e+00	0.00e+00
 2.52920e+13	0.00e+00	3.35e-26	1.43e-18	8.77e-12	2.69e-06	1.00e+00	0.00e+00	0.00e+00
 2.60951e+13	1.16e-34	4.18e-26	1.71e-18	9.93e-12	2.88e-06	1.00e+00	0.00e+00	0.00e+00
 2.70949e+13	0.00e+00	5.44e-26	2.11e-18	1.15e-11	3.13e-06	1.00e+00	0.00e+00	0.00e+00
 2.81004e+13	2.19e-34	7.10e-26	2.60e-18	1.33e-11	3.38e-06	1.00e+00	0.00e+00	0.00e+00
 2.89738e+13	2.85e-34	8.83e-26	3.09e-18	1.51e-11	3.61e-06	1.00e+00	0.00e+00	0.00e+00
 2.99257e+13	3.80e-34	1.12e-25	3.72e-18	1.71e-11	3.86e-06	1.00e+00	0.00e+00	0.00e+00
 3.10879e+13	5.34e-34	1.48e-25	4.63e-18	1.99e-11	4.19e-06	1.00e+00	0.00e+00	0.00e+00
 3.22683e+13	7.44e-34	1.94e-25	5.73e-18	2.31e-11	4.53e-06	1.00e+00	0.00e+00	0.00e+00
 3.33380e+13	9.97e-34	2.46e-25	6.91e-18	2.63e-11	4.85e-06	1.00e+00	0.00e+00	0.00e+00
 3.45189e+13	1.37e-33	3.19e-25	8.44e-18	3.01e-11	5.22e-06	1.00e+00	0.00e+00	0.00e+00
 3.59050e+13	1.96e-33	4.29e-25	1.06e-17	3.52e-11	5.66e-06	1.00e+00	0.00e+00	0.00e+00
 3.72904e+13	2.78e-33	5.69e-25	1.32e-17	4.09e-11	6.12e-06	1.00e+00	0.00e+00	0.00e+00
 3.86128e+13	3.84e-33	7.39e-25	1.61e-17	4.69e-11	6.58e-06	1.00e+00	0.00e+00	0.00e+00
 4.00689e+13	5.42e-33	9.78e-25	2.00e-17	5.43e-11	7.09e-06	1.00e+00	0.00e+00	0.00e+00
 4.17016e+13	7.90e-33	1.33e-24	2.53e-17	6.36e-11	7.70e-06	1.00e+00	0.00e+00	0.00e+00
 4.33996e+13	1.15e-32	1.80e-24	3.19e-17	7.45e-11	8.35e-06	1.00e+00	0.00e+00	0.00e+00
 4.51655e+13	1.68e-32	2.44e-24	4.03e-17	8.72e-11	9.05e-06	1.00e+00	0.00e+00	0.00e+00
 4.70020e+13	2.46e-32	3.32e-24	5.09e-17	1.02e-10	9.81e-06	1.00e+00	0.00e+00	0.00e+00
 4.89120e+13	3.60e-32	4.52e-24	6.43e-17	1.19e-10	1.06e-05	1.00e+00	0.00e+00	0.00e+00
 5.08120e+13	5.20e-32	6.07e-24	8.04e-17	1.39e-10	1.15e-05	1.00e+00	0.00e+00	0.00e+00
 5.27880e+13	7.53e-32	8.17e-24	1.01e-16	1.61e-10	1.24e-05	1.00e+00	0.00e+00	0.00e+00
 5.49294e+13	1.11e-31	1.11e-23	1.27e-16	1.89e-10	1.34e-05	1.00e+00	0.00e+00	0.00e+00
 5.71060e+13	1.61e-31	1.51e-23	1.60e-16	2.20e-10	1.45e-05	1.00e+00	0.00e+00	0.00e+00
 5.90861e+13	2.24e-31	1.97e-23	1.96e-16	2.52e-10	1.55e-05	1.00e+00	0.00e+00	0.00e+00
 6.08537e+13	2.99e-31	2.47e-23	2.33e-16	2.83e-10	1.64e-05	1.00e+00	0.00e+00	0.00e+00
 6.28599e+13	4.12e-31	3.20e-23	2.82e-16	3.22e-10	1.75e-05	1.00e+00	0.00e+00	0.00e+00
 6.52887e+13	5.93e-31	4.29e-23	3.53e-16	3.74e-10	1.89e-05	1.00e+00	0.00e+00	0.00e+00
 6.77707e+13	8.52e-31	5.74e-23	4.40e-16	4.34e-10	2.04e-05	1.00e+00	0.00e+00	0.00e+00
 7.00959e+13	1.19e-30	7.49e-23	5.37e-16	4.96e-10	2.18e-05	1.00e+00	0.00e+00	0.00e+00
 7.26735e+13	1.68e-30	9.91e-23	6.65e-16	5.72e-10	2.34e-05	1.00e+00	0.00e+00	0.00e+00
 7.56104e+13	2.48e-30	1.35e-22	8.40e-16	6.69e-10	2.54e-05	1.00e+00	0.00e+00	0.00e+00
 7.85507e+13	3.58e-30	1.82e-22	1.05e-15	7.78e-10	2.74e-05	1.00e+00	0.00e+00	0.00e+00
 8.16086e+13	5.21e-30	2.46e-22	1.32e-15	9.06e-10	2.95e-05	1.00e+00	0.00e+00	0.00e+00
 8.49029e+13	7.62e-30	3.34e-22	1.67e-15	1.06e-09	3.20e-05	1.00e+00	0.00e+00	0.00e+00
 8.83289e+13	1.13e-29	4.57e-22	2.11e-15	1.24e-09	3.46e-05	1.00e+00	0.00e+00	0.00e+00
 9.18920e+13	1.63e-29	6.18e-22	2.66e-15	1.45e-09	3.75e-05	1.00e+00	0.00e+00	0.00e+00
 9.52081e+13	2.31e-29	8.16e-22	3.28e-15	1.67e-09	4.03e-05	1.00e+00	0.00e+00	0.00e+00
 9.81222e+13	3.10e-29	1.03e-21	3.93e-15	1.88e-09	4.28e-05	1.00e+00	0.00e+00	0.00e+00
 1.01375e+14	4.25e-29	1.33e-21	4.76e-15	2.14e-09	4.57e-05	1.00e+00	0.00e+00	0.00e+00
 1.05293e+14	6.08e-29	1.78e-21	5.96e-15	2.49e-09	4.94e-05	1.00e+00	0.00e+00	0.00e+00
 1.09226e+14	8.74e-29	2.38e-21	7.41e-15	2.88e-09	5.32e-05	1.00e+00	0.00e+00	0.00e+00
 1.12819e+14	1.18e-28	3.05e-21	8.97e-15	3.28e-09	5.68e-05	1.00e+00	0.00e+00	0.00e+00
 1.16819e+14	1.66e-28	4.00e-21	1.10e-14	3.77e-09	6.09e-05	1.00e+00	0.00e+00	0.00e+00
 1.21477e+14	2.41e-28	5.41e-21	1.39e-14	4.41e-09	6.60e-05	1.00e+00	0.00e+00	0.00e+00
 1.26025e+14	3.44e-28	7.20e-21	1.73e-14	5.10e-09	7.11e-05	1.00e+00	0.00e+00	0.00e+00
 1.30279e+14	4.75e-28	9.35e-21	2.11e-14	5.82e-09	7.60e-05	1.00e+00	0.00e+00	0.00e+00
 1.35045e+14	6.71e-28	1.24e-20	2.61e-14	6.72e-09	8.17e-05	1.00e+00	0.00e+00	0.00e+00
 1.40476e+14	9.75e-28	1.67e-20	3.29e-14	7.86e-09	8.85e-05	1.00e+00	0.00e+00	0.00e+00
 1.45854e+14	1.41e-27	2.25e-20	4.12e-14	9.13e-09	9.55e-05	1.00e+00	0.00e+00	0.00e+00
 1.51447e+14	2.01e-27	3.00e-20	5.15e-14	1.06e-08	1.03e-04	1.00e+00	0.00e+00	0.00e+00
 1.57535e+14	2.97e-27	4.10e-20	6.51e-14	1.24e-08	1.12e-04	1.00e+00	0.00e+00	0.00e+00
 1.63737e+14	4.26e-27	5.50e-20	8.19e-14	1.45e-08	1.21e-04	1.00e+00	0.00e+00	0.00e+00
 1.70187e+14	6.19e-27	7.44e-20	1.03e-13	1.69e-08	1.30e-04	1.00e+00	0.00e+00	0.00e+00
 1.76782e+14	8.99e-27	1.00e-19	1.29e-13	1.96e-08	1.41e-04	1.00e+00	0.00e+00	0.00e+00
 1.83641e+14	1.30e-26	1.35e-19	1.62e-13	2.29e-08	1.52e-04	1.00e+00	0.00e+00	0.00e+00
 1.90589e+14	1.86e-26	1.80e-19	2.02e-13	2.65e-08	1.64e-04	1.00e+00	0.00e+00	0.00e+00
 1.97125e+14	2.57e-26	2.34e-19	2.47e-13	3.03e-08	1.75e-04	1.00e+00	0.00e+00	0.00e+00
 2.04350e+14	3.63e-26	3.10e-19	3.07e-13	3.50e-08	1.88e-04	1.00e+00	0.00e+00	0.00e+00
 2.12554e+14	5.27e-26	4.19e-19	3.88e-13	4.09e-08	2.04e-04	1.00e+00	0.00e+00	0.00e+00
 2.20652e+14	7.63e-26	5.64e-19	4.85e-13	4.75e-08	2.19e-04	1.00e+00	0.00e+00	0.00e+00
 2.27836e+14	1.02e-25	7.17e-19	5.86e-13	5.40e-08	2.34e-04	1.00e+00	0.00e+00	0.00e+00
 2.35355e+14	1.42e-25	9.31e-19	7.12e-13	6.14e-08	2.50e-04	1.00e+00	0.00e+00	0.00e+00
 2.44411e+14	2.00e-25	1.23e-18	8.91e-13	7.14e-08	2.70e-04	1.00e+00	0.00e+00	0.00e+00
 2.53398e+14	2.87e-25	1.65e-18	1.11e-12	8.24e-08	2.89e-04	1.00e+00	0.00e+00	0.00e+00
 2.61522e+14	3.82e-25	2.08e-18	1.33e-12	9.35e-08	3.09e-04	1.00e+00	0.00e+00	0.00e+00
 2.70594e+14	5.36e-25	2.73e-18	1.64e-12	1.07e-07	3.30e-04	1.00e+00	0.00e+00	0.00e+00
 2.80628e+14	7.41e-25	3.57e-18	2.03e-12	1.24e-07	3.56e-04	1.00e+00	0.00e+00	0.00e+00
 2.89889e+14	1.03e-24	4.64e-18	2.46e-12	1.41e-07	3.79e-04	1.00e+00	0.00e+00	0.00e+00
 2.99905e+14	1.39e-24	5.95e-18	3.01e-12	1.61e-07	4.07e-04	1.00e+00	0.00e+00	0.00e+00
 3.11062e+14	1.99e-24	7.94e-18	3.75e-12	1.87e-07	4.37e-04	1.00e+00	0.00e+00	0.00e+00
 3.21556e+14	2.66e-24	1.01e-17	4.56e-12	2.13e-07	4.68e-04	1.00e+00	0.00e+00	0.00e+00
 3.33053e+14	3.68e-24	1.32e-17	5.62e-12	2.45e-07	5.02e-04	9.99e-01	0.00e+00	0.00e+00
 3.45798e+14	5.20e-24	1.75e-17	7.03e-12	2.85e-07	5.42e-04	9.99e-01	0.00e+00	0.00e+00
 3.57647e+14	7.21e-24	2.27e-17	8.58e-12	3.25e-07	5.80e-04	9.99e-01	0.00e+00	0.00e+00
 3.70530e+14	9.78e-24	2.93e-17	1.06e-11	3.75e-07	6.24e-04	9.99e-01	0.00e+00	0.00e+00
 3.84924e+14	1.37e-23	3.88e-17	1.33e-11	4.36e-07	6.75e-04	9.99e-01	0.00e+00	0.00e+00
 3.98527e+14	1.92e-23	5.08e-17	1.63e-11	5.01e-07	7.24e-04	9.99e-01	0.00e+00	0.00e+00
 4.13133e+14	2.57e-23	6.53e-17	2.01e-11	5.79e-07	7.81e-04	9.99e-01	0.00e+00	0.00e+00
 4.29334e+14	3.72e-23	8.79e-17	2.53e-11	6.75e-07	8.45e-04	9.99e-01	0.00e+00	0.00e+00
 4.45095e+14	4.95e-23	1.12e-16	3.13e-11	7.79e-07	9.12e-04	9.99e-01	0.00e+00	0.00e+00
 4.61841e+14	6.90e-23	1.48e-16	3.89e-11	9.03e-07	9.84e-04	9.99e-01	0.00e+00	0.00e+00
 4.80345e+14	9.58e-23	1.95e-16	4.90e-11	1.06e-06	1.07e-03	9.99e-01	0.00e+00	0.00e+00
 4.98934e+14	1.34e-22	2.58e-16	6.13e-11	1.23e-06	1.16e-03	9.99e-01	0.00e+00	0.00e+00
 5.18266e+14	1.84e-22	3.37e-16	7.66e-11	1.43e-06	1.25e-03	9.99e-01	0.00e+00	0.00e+00
 5.39027e+14	2.64e-22	4.54e-16	9.66e-11	1.68e-06	1.36e-03	9.99e-01	0.00e+00	0.00e+00
 5.60618e+14	3.56e-22	5.89e-16	1.22e-10	1.96e-06	1.48e-03	9.99e-01	0.00e+00	0.00e+00
 5.81005e+14	4.92e-22	7.68e-16	1.50e-10	2.26e-06	1.60e-03	9.98e-01	0.00e+00	0.00e+00
 5.97850e+14	6.07e-22	9.25e-16	1.77e-10	2.54e-06	1.70e-03	9.98e-01	0.00e+00	0.00e+00
 6.15019e+14	7.69e-22	1.13e-15	2.09e-10	2.84e-06	1.80e-03	9.98e-01	0.00e+00	0.00e+00
 6.37233e+14	1.02e-21	1.45e-15	2.58e-10	3.27e-06	1.95e-03	9.98e-01	0.00e+00	0.00e+00
 6.60178e+14	1.39e-21	1.87e-15	3.18e-10	3.77e-06	2.10e-03	9.98e-01	0.00e+00	0.00e+00
 6.79615e+14	1.71e-21	2.25e-15	3.76e-10	4.24e-06	2.24e-03	9.98e-01	0.00e+00	0.00e+00
 7.00316e+14	2.19e-21	2.78e-15	4.49e-10	4.78e-06	2.39e-03	9.98e-01	0.00e+00	0.00e+00
 7.26272e+14	2.91e-21	3.56e-15	5.56e-10	5.53e-06	2.59e-03	9.97e-01	0.00e+00	0.00e+00
 7.52839e+14	3.95e-21	4.60e-15	6.86e-10	6.38e-06	2.80e-03	9.97e-01	0.00e+00	0.00e+00
 7.76022e+14	4.91e-21	5.60e-15	8.20e-10	7.20e-06	2.99e-03	9.97e-01	0.00e+00	0.00e+00
 8.01025e+14	6.36e-21	6.99e-15	9.88e-10	8.17e-06	3.21e-03	9.97e-01	0.00e+00	0.00e+00
 8.31474e+14	8.51e-21	9.01e-15	1.23e-09	9.49e-06	3.48e-03	9.97e-01	0.00e+00	0.00e+00
 8.61715e+14	1.14e-20	1.16e-14	1.52e-09	1.09e-05	3.76e-03	9.96e-01	0.00e+00	0.00e+00
 8.88264e+14	1.42e-20	1.41e-14	1.82e-09	1.24e-05	4.03e-03	9.96e-01	0.00e+00	0.00e+00
 9.17303e+14	1.84e-20	1.76e-14	2.19e-09	1.40e-05	4.32e-03	9.96e-01	0.00e+00	0.00e+00
 9.52405e+14	2.46e-20	2.27e-14	2.74e-09	1.63e-05	4.70e-03	9.95e-01	0.00e+00	0.00e+00
 9.87310e+14	3.29e-20	2.92e-14	3.39e-09	1.88e-05	5.08e-03	9.95e-01	0.00e+00	0.00e+00
 1.01855e+15	4.14e-20	3.59e-14	4.07e-09	2.13e-05	5.45e-03	9.95e-01	0.00e+00	0.00e+00
 1.05310e+15	5.45e-20	4.54e-14	4.97e-09	2.44e-05	5.86e-03	9.94e-01	0.00e+00	0.00e+00
 1.09409e+15	7.30e-20	5.88e-14	6.23e-09	2.84e-05	6.38e-03	9.94e-01	0.00e+00	0.00e+00
 1.13450e+15	9.70e-20	7.55e-14	7.73e-09	3.28e-05	6.91e-03	9.93e-01	0.00e+00	0.00e+00
 1.17142e+15	1.27e-19	9.48e-14	9.36e-09	3.73e-05	7.41e-03	9.93e-01	0.00e+00	0.00e+00
 1.21279e+15	1.65e-19	1.20e-13	1.15e-08	4.28e-05	8.01e-03	9.92e-01	0.00e+00	0.00e+00
 1.26090e+15	2.26e-19	1.58e-13	1.45e-08	5.00e-05	8.73e-03	9.91e-01	0.00e+00	0.00e+00
 1.30829e+15	3.05e-19	2.04e-13	1.81e-08	5.80e-05	9.46e-03	9.90e-01	0.00e+00	0.00e+00
 1.35757e+15	4.14e-19	2.66e-13	2.26e-08	6.72e-05	1.03e-02	9.90e-01	0.00e+00	0.00e+00
 1.41190e+15	5.71e-19	3.51e-13	2.86e-08	7.85e-05	1.12e-02	9.89e-01	0.00e+00	0.00e+00
 1.46634e+15	7.75e-19	4.58e-13	3.59e-08	9.13e-05	1.21e-02	9.88e-01	0.00e+00	0.00e+00
 1.52296e+15	1.07e-18	6.02e-13	4.52e-08	1.06e-04	1.32e-02	9.87e-01	0.00e+00	0.00e+00
 1.58391e+15	1.48e-18	8.00e-13	5.72e-08	1.24e-04	1.44e-02	9.85e-01	0.00e+00	0.00e+00
 1.63627e+15	1.96e-18	1.01e-12	6.96e-08	1.41e-04	1.54e-02	9.84e-01	0.00e+00	0.00e+00
 1.67607e+15	2.39e-18	1.20e-12	8.05e-08	1.55e-04	1.63e-02	9.84e-01	0.00e+00	0.00e+00
 1.71865e+15	2.97e-18	1.45e-12	9.36e-08	1.72e-04	1.72e-02	9.83e-01	0.00e+00	0.00e+00
 1.77399e+15	3.89e-18	1.82e-12	1.14e-07	1.95e-04	1.84e-02	9.81e-01	0.00e+00	0.00e+00
 1.83435e+15	5.11e-18	2.31e-12	1.39e-07	2.23e-04	1.98e-02	9.80e-01	0.00e+00	0.00e+00
 1.88965e+15	6.71e-18	2.90e-12	1.67e-07	2.51e-04	2.11e-02	9.79e-01	0.00e+00	0.00e+00
 1.94999e+15	8.87e-18	3.67e-12	2.01e-07	2.84e-04	2.26e-02	9.77e-01	0.00e+00	0.00e+00
 2.02379e+15	1.23e-17	4.83e-12	2.53e-07	3.30e-04	2.45e-02	9.75e-01	0.00e+00	0.00e+00
 2.09715e+15	1.69e-17	6.31e-12	3.14e-07	3.80e-04	2.64e-02	9.73e-01	0.00e+00	0.00e+00
 2.16143e+15	2.17e-17	7.84e-12	3.77e-07	4.29e-04	2.82e-02	9.71e-01	0.00e+00	0.00e+00
 2.23185e+15	2.88e-17	9.98e-12	4.58e-07	4.87e-04	3.02e-02	9.69e-01	0.00e+00	0.00e+00
 2.31710e+15	4.12e-17	1.34e-11	5.77e-07	5.66e-04	3.27e-02	9.67e-01	0.00e+00	0.00e+00
 2.40239e+15	5.73e-17	1.76e-11	7.19e-07	6.54e-04	3.53e-02	9.64e-01	0.00e+00	0.00e+00
 2.47902e+15	7.62e-17	2.24e-11	8.70e-07	7.41e-04	3.77e-02	9.62e-01	0.00e+00	0.00e+00
 2.56361e+15	1.04e-16	2.90e-11	1.07e-06	8.47e-04	4.05e-02	9.59e-01	0.00e+00	0.00e+00
 2.66367e+15	2.12e-16	3.82e-11	1.35e-06	9.86e-04	4.38e-02	9.55e-01	0.00e+00	0.00e+00
 2.76274e+15	2.20e-16	5.14e-11	1.69e-06	1.14e-03	4.74e-02	9.51e-01	0.00e+00	0.00e+00
 2.85410e+15	2.99e-16	6.61e-11	2.06e-06	1.30e-03	5.06e-02	9.48e-01	0.00e+00	0.00e+00
 2.95652e+15	4.14e-16	8.66e-11	2.55e-06	1.49e-03	5.44e-02	9.44e-01	0.00e+00	0.00e+00
 3.07472e+15	5.82e-16	1.15e-10	3.23e-06	1.74e-03	5.90e-02	9.39e-01	0.00e+00	0.00e+00
 3.19079e+15	8.57e-16	1.57e-10	4.05e-06	2.02e-03	6.37e-02	9.34e-01	0.00e+00	0.00e+00
 3.30220e+15	1.19e-15	2.05e-10	4.99e-06	2.31e-03	6.83e-02	9.29e-01	0.00e+00	0.00e+00
 3.42501e+15	1.68e-15	2.72e-10	6.23e-06	2.67e-03	7.35e-02	9.24e-01	0.00e+00	0.00e+00
 3.56204e+15	2.36e-15	3.63e-10	7.89e-06	3.12e-03	7.95e-02	9.17e-01	0.00e+00	0.00e+00
 3.70455e+15	3.59e-15	5.03e-10	1.00e-05	3.63e-03	8.60e-02	9.10e-01	0.00e+00	0.00e+00
 3.85276e+15	5.20e-15	6.81e-10	1.27e-05	4.24e-03	9.29e-02	9.03e-01	0.00e+00	0.00e+00
 3.98074e+15	7.14e-15	8.80e-10	1.55e-05	4.81e-03	9.90e-02	8.96e-01	0.00e+00	0.00e+00
 4.07838e+15	9.07e-15	1.07e-09	1.79e-05	5.29e-03	1.04e-01	8.91e-01	0.00e+00	0.00e+00
 4.18238e+15	1.16e-14	1.30e-09	2.08e-05	5.83e-03	1.09e-01	8.85e-01	0.00e+00	0.00e+00
 4.31759e+15	1.52e-14	1.63e-09	2.52e-05	6.60e-03	1.16e-01	8.78e-01	0.00e+00	0.00e+00
 4.46558e+15	2.19e-14	2.17e-09	3.09e-05	7.52e-03	1.24e-01	8.69e-01	0.00e+00	0.00e+00
 4.60042e+15	2.90e-14	2.73e-09	3.69e-05	8.43e-03	1.31e-01	8.61e-01	0.00e+00	0.00e+00
 4.74595e+15	3.82e-14	3.43e-09	4.44e-05	9.50e-03	1.38e-01	8.52e-01	0.00e+00	0.00e+00
 4.92479e+15	5.66e-14	4.67e-09	5.55e-05	1.10e-02	1.48e-01	8.41e-01	0.00e+00	0.00e+00
 5.10240e+15	7.93e-14	6.14e-09	6.84e-05	1.25e-02	1.58e-01	8.29e-01	0.00e+00	0.00e+00
 5.25629e+15	1.03e-13	7.64e-09	8.16e-05	1.40e-02	1.67e-01	8.19e-01	0.00e+00	0.00e+00
 5.42389e+15	1.40e-13	9.75e-09	9.83e-05	1.58e-02	1.76e-01	8.08e-01	0.00e+00	0.00e+00
 5.62901e+15	2.08e-13	1.33e-08	1.23e-04	1.82e-02	1.89e-01	7.93e-01	0.00e+00	0.00e+00
 5.83315e+15	2.94e-13	1.76e-08	1.51e-04	2.08e-02	2.00e-01	7.79e-01	0.00e+00	0.00e+00
 6.01252e+15	3.95e-13	2.22e-08	1.81e-04	2.33e-02	2.11e-01	7.66e-01	0.00e+00	0.00e+00
 6.20947e+15	5.41e-13	2.86e-08	2.19e-04	2.63e-02	2.23e-01	7.51e-01	0.00e+00	0.00e+00
 6.44722e+15	7.43e-13	3.74e-08	2.72e-04	3.01e-02	2.36e-01	7.33e-01	0.00e+00	0.00e+00
 6.68428e+15	1.11e-12	5.08e-08	3.37e-04	3.44e-02	2.51e-01	7.14e-01	0.00e+00	0.00e+00
 6.89682e+15	1.49e-12	6.48e-08	4.05e-04	3.86e-02	2.63e-01	6.98e-01	0.00e+00	0.00e+00
 7.13122e+15	2.05e-12	8.36e-08	4.91e-04	4.35e-02	2.77e-01	6.79e-01	0.00e+00	0.00e+00
 7.39610e+15	2.81e-12	1.09e-07	6.06e-04	4.95e-02	2.92e-01	6.58e-01	0.00e+00	0.00e+00
 7.65411e+15	4.11e-12	1.45e-07	7.42e-04	5.61e-02	3.07e-01	6.36e-01	0.00e+00	0.00e+00
 7.89170e+15	5.51e-12	1.84e-07	8.84e-04	6.24e-02	3.20e-01	6.16e-01	0.00e+00	0.00e+00
 8.14922e+15	7.46e-12	2.35e-07	1.06e-03	6.99e-02	3.34e-01	5.95e-01	0.00e+00	0.00e+00
 8.43825e+15	1.01e-11	3.02e-07	1.30e-03	7.87e-02	3.49e-01	5.71e-01	0.00e+00	0.00e+00
 8.71285e+15	1.44e-11	3.96e-07	1.56e-03	8.80e-02	3.63e-01	5.48e-01	0.00e+00	0.00e+00
 8.97138e+15	1.88e-11	4.93e-07	1.85e-03	9.71e-02	3.75e-01	5.26e-01	0.00e+00	0.00e+00
 9.21497e+15	2.37e-11	5.98e-07	2.15e-03	1.06e-01	3.86e-01	5.06e-01	0.00e+00	0.00e+00
 9.48216e+15	3.12e-11	7.45e-07	2.53e-03	1.17e-01	3.97e-01	4.84e-01	0.00e+00	0.00e+00
 9.77186e+15	4.35e-11	9.61e-07	3.01e-03	1.29e-01	4.09e-01	4.59e-01	0.00e+00	0.00e+00
 1.00226e+16	5.56e-11	1.17e-06	3.48e-03	1.40e-01	4.18e-01	4.39e-01	0.00e+00	0.00e+00
 1.02803e+16	7.08e-11	1.42e-06	4.02e-03	1.52e-01	4.26e-01	4.18e-01	0.00e+00	0.00e+00
 1.06153e+16	9.34e-11	1.78e-06	4.82e-03	1.68e-01	4.36e-01	3.92e-01	0.00e+00	0.00e+00
 1.09603e+16	1.34e-10	2.35e-06	5.80e-03	1.86e-01	4.44e-01	3.64e-01	0.00e+00	0.00e+00
 1.12364e+16	1.71e-10	2.85e-06	6.67e-03	2.01e-01	4.50e-01	3.43e-01	0.00e+00	0.00e+00
 1.15132e+16	2.19e-10	3.47e-06	7.68e-03	2.16e-01	4.54e-01	3.22e-01	0.00e+00	0.00e+00
 1.18730e+16	2.96e-10	4.41e-06	9.17e-03	2.37e-01	4.58e-01	2.96e-01	0.00e+00	0.00e+00
 1.22389e+16	4.08e-10	5.67e-06	1.09e-02	2.59e-01	4.59e-01	2.70e-01	0.00e+00	0.00e+00
 1.25327e+16	5.12e-10	6.80e-06	1.25e-02	2.77e-01	4.59e-01	2.51e-01	0.00e+00	0.00e+00
 1.27941e+16	6.18e-10	7.93e-06	1.41e-02	2.94e-01	4.58e-01	2.34e-01	0.00e+00	0.00e+00
 1.30933e+16	7.85e-10	9.59e-06	1.62e-02	3.14e-01	4.55e-01	2.15e-01	0.00e+00	0.00e+00
 1.34222e+16	1.08e-09	1.22e-05	1.88e-02	3.36e-01	4.50e-01	1.95e-01	0.00e+00	0.00e+00
 1.37150e+16	1.35e-09	1.45e-05	2.14e-02	3.56e-01	4.44e-01	1.79e-01	0.00e+00	0.00e+00
 1.39785e+16	1.62e-09	1.68e-05	2.40e-02	3.74e-01	4.38e-01	1.64e-01	0.00e+00	0.00e+00
 1.42791e+16	2.18e-09	2.10e-05	2.75e-02	3.96e-01	4.29e-01	1.48e-01	0.00e+00	0.00e+00
 1.45975e+16	2.65e-09	2.47e-05	3.14e-02	4.18e-01	4.18e-01	1.33e-01	0.00e+00	0.00e+00
 1.48776e+16	3.54e-09	3.06e-05	3.56e-02	4.38e-01	4.07e-01	1.19e-01	0.00e+00	0.00e+00
 1.51304e+16	4.37e-09	3.60e-05	3.97e-02	4.57e-01	3.96e-01	1.08e-01	0.00e+00	0.00e+00
 1.54094e+16	5.47e-09	4.29e-05	4.49e-02	4.77e-01	3.82e-01	9.62e-02	0.00e+00	0.00e+00
 1.57099e+16	7.21e-09	5.28e-05	5.13e-02	4.99e-01	3.66e-01	8.42e-02	0.00e+00	0.00e+00
 1.59678e+16	8.86e-09	6.20e-05	5.73e-02	5.17e-01	3.51e-01	7.49e-02	0.00e+00	0.00e+00
 1.61923e+16	1.04e-08	7.07e-05	6.32e-02	5.32e-01	3.37e-01	6.72e-02	0.00e+00	0.00e+00
 1.64098e+16	1.27e-08	8.21e-05	6.97e-02	5.47e-01	3.23e-01	6.00e-02	0.00e+00	0.00e+00
 1.66126e+16	1.54e-08	9.50e-05	7.64e-02	5.61e-01	3.09e-01	5.36e-02	0.00e+00	0.00e+00
 1.67937e+16	1.84e-08	1.09e-04	8.30e-02	5.73e-01	2.96e-01	4.83e-02	0.00e+00	0.00e+00
 1.69658e+16	2.19e-08	1.24e-04	8.99e-02	5.84e-01	2.83e-01	4.33e-02	0.00e+00	0.00e+00
 1.71633e+16	2.66e-08	1.43e-04	9.88e-02	5.96e-01	2.67e-01	3.80e-02	0.00e+00	0.00e+00
 1.73810e+16	3.31e-08	1.69e-04	1.10e-01	6.09e-01	2.49e-01	3.26e-02	0.00e+00	0.00e+00
 1.75740e+16	4.11e-08	1.98e-04	1.20e-01	6.19e-01	2.32e-01	2.80e-02	0.00e+00	0.00e+00
 1.77363e+16	5.26e-08	2.36e-04	1.31e-01	6.27e-01	2.18e-01	2.43e-02	0.00e+00	0.00e+00
 1.78816e+16	6.24e-08	2.68e-04	1.40e-01	6.34e-01	2.04e-01	2.13e-02	0.00e+00	0.00e+00
 1.80427e+16	7.81e-08	3.14e-04	1.53e-01	6.41e-01	1.88e-01	1.80e-02	0.00e+00	0.00e+00
 1.82088e+16	9.42e-08	3.62e-04	1.66e-01	6.47e-01	1.72e-01	1.51e-02	0.00e+00	0.00e+00
 1.83437e+16	1.15e-07	4.16e-04	1.78e-01	6.51e-01	1.58e-01	1.28e-02	0.00e+00	0.00e+00
 1.84559e+16	1.34e-07	4.67e-04	1.89e-01	6.53e-01	1.46e-01	1.10e-02	0.00e+00	0.00e+00
 1.85589e+16	1.53e-07	5.15e-04	1.99e-01	6.56e-01	1.35e-01	9.53e-03	0.00e+00	0.00e+00
 1.86755e+16	1.86e-07	5.89e-04	2.12e-01	6.57e-01	1.22e-01	7.86e-03	0.00e+00	0.00e+00
 1.87942e+16	2.21e-07	6.67e-04	2.25e-01	6.58e-01	1.09e-01	6.40e-03	0.00e+00	0.00e+00
 1.88751e+16	2.38e-07	7.09e-04	2.34e-01	6.59e-01	1.01e-01	5.53e-03	0.00e+00	0.00e+00
 1.89311e+16	2.73e-07	7.77e-04	2.42e-01	6.58e-01	9.43e-02	4.87e-03	0.00e+00	0.00e+00
 1.89820e+16	2.96e-07	8.23e-04	2.48e-01	6.58e-01	8.87e-02	4.35e-03	0.00e+00	0.00e+00
 1.90349e+16	3.13e-07	8.60e-04	2.55e-01	6.58e-01	8.28e-02	3.85e-03	0.00e+00	0.00e+00
 1.91037e+16	3.61e-07	9.48e-04	2.64e-01	6.57e-01	7.51e-02	3.21e-03	0.00e+00	0.00e+00
 1.91696e+16	4.00e-07	1.02e-03	2.73e-01	6.56e-01	6.82e-02	2.70e-03	0.00e+00	0.00e+00
 1.92199e+16	4.25e-07	1.07e-03	2.79e-01	6.55e-01	6.29e-02	2.33e-03	0.00e+00	0.00e+00
 1.92735e+16	4.76e-07	1.16e-03	2.87e-01	6.53e-01	5.72e-02	1.96e-03	0.00e+00	0.00e+00
 1.93305e+16	5.22e-07	1.23e-03	2.94e-01	6.51e-01	5.16e-02	1.63e-03	0.00e+00	0.00e+00
 1.93839e+16	5.70e-07	1.31e-03	3.01e-01	6.50e-01	4.64e-02	1.35e-03	0.00e+00	0.00e+00
 1.94452e+16	6.27e-07	1.40e-03	3.09e-01	6.48e-01	4.09e-02	1.07e-03	0.00e+00	0.00e+00
 1.95128e+16	6.97e-07	1.51e-03	3.18e-01	6.44e-01	3.52e-02	8.17e-04	0.00e+00	0.00e+00
 1.95754e+16	7.67e-07	1.61e-03	3.26e-01	6.42e-01	3.05e-02	6.29e-04	0.00e+00	0.00e+00
 1.96437e+16	8.50e-07	1.73e-03	3.34e-01	6.38e-01	2.57e-02	4.62e-04	0.00e+00	0.00e+00
 1.97326e+16	9.66e-07	1.89e-03	3.45e-01	6.33e-01	2.05e-02	3.05e-04	0.00e+00	0.00e+00
 1.98255e+16	1.09e-06	2.05e-03	3.55e-01	6.27e-01	1.61e-02	1.97e-04	0.00e+00	0.00e+00
 1.99099e+16	1.21e-06	2.20e-03	3.63e-01	6.22e-01	1.28e-02	1.31e-04	0.00e+00	0.00e+00
 2.00056e+16	1.36e-06	2.37e-03	3.72e-01	6.15e-01	9.92e-03	8.15e-05	0.00e+00	0.00e+00
 2.01301e+16	1.56e-06	2.59e-03	3.83e-01	6.07e-01	7.14e-03	4.43e-05	0.00e+00	0.00e+00
 2.02920e+16	1.83e-06	2.87e-03	3.96e-01	5.96e-01	4.74e-03	2.06e-05	0.00e+00	0.00e+00
 2.05024e+16	2.24e-06	3.25e-03	4.11e-01	5.83e-01	2.88e-03	7.94e-06	0.00e+00	0.00e+00
 2.07760e+16	2.85e-06	3.79e-03	4.30e-01	5.64e-01	1.59e-03	2.52e-06	0.00e+00	0.00e+00
 2.10776e+16	3.73e-06	4.49e-03	4.52e-01	5.43e-01	8.87e-04	7.95e-07	0.00e+00	0.00e+00
 2.13521e+16	4.83e-06	5.27e-03	4.72e-01	5.22e-01	5.45e-04	0.00e+00	0.00e+00	0.00e+00
 2.15987e+16	6.14e-06	6.15e-03	4.92e-01	5.02e-01	3.60e-04	0.00e+00	0.00e+00	0.00e+00
 2.18726e+16	8.13e-06	7.36e-03	5.15e-01	4.77e-01	2.29e-04	0.00e+00	0.00e+00	0.00e+00
 2.21615e+16	1.12e-05	9.05e-03	5.42e-01	4.49e-01	1.46e-04	0.00e+00	0.00e+00	0.00e+00
 2.23506e+16	1.40e-05	1.05e-02	5.60e-01	4.29e-01	1.11e-04	0.00e+00	0.00e+00	0.00e+00
 2.24395e+16	1.56e-05	1.13e-02	5.69e-01	4.19e-01	9.75e-05	0.00e+00	0.00e+00	0.00e+00
 2.25173e+16	1.73e-05	1.20e-02	5.78e-01	4.10e-01	8.61e-05	0.00e+00	0.00e+00	0.00e+00
 2.26185e+16	1.96e-05	1.31e-02	5.89e-01	3.98e-01	7.32e-05	0.00e+00	0.00e+00	0.00e+00
 2.27501e+16	2.33e-05	1.47e-02	6.03e-01	3.82e-01	5.93e-05	0.00e+00	0.00e+00	0.00e+00
 2.28894e+16	2.83e-05	1.67e-02	6.19e-01	3.64e-01	4.76e-05	0.00e+00	0.00e+00	0.00e+00
 2.30050e+16	3.34e-05	1.86e-02	6.32e-01	3.49e-01	3.97e-05	0.00e+00	0.00e+00	0.00e+00
 2.31035e+16	3.86e-05	2.05e-02	6.44e-01	3.36e-01	3.38e-05	0.00e+00	0.00e+00	0.00e+00
 2.31923e+16	4.41e-05	2.24e-02	6.54e-01	3.23e-01	2.93e-05	0.00e+00	0.00e+00	0.00e+00
 2.32723e+16	5.01e-05	2.44e-02	6.64e-01	3.12e-01	2.56e-05	0.00e+00	0.00e+00	0.00e+00
 2.33615e+16	5.78e-05	2.68e-02	6.74e-01	2.99e-01	2.19e-05	0.00e+00	0.00e+00	0.00e+00
 2.34569e+16	6.75e-05	2.98e-02	6.86e-01	2.85e-01	1.85e-05	0.00e+00	0.00e+00	0.00e+00
 2.35373e+16	7.75e-05	3.27e-02	6.95e-01	2.72e-01	1.61e-05	0.00e+00	0.00e+00	0.00e+00
 2.36058e+16	8.75e-05	3.54e-02	7.03e-01	2.62e-01	1.42e-05	0.00e+00	0.00e+00	0.00e+00
 2.36817e+16	1.00e-04	3.88e-02	7.11e-01	2.50e-01	1.23e-05	0.00e+00	0.00e+00	0.00e+00
 2.37647e+16	1.17e-04	4.30e-02	7.20e-01	2.36e-01	1.05e-05	0.00e+00	0.00e+00	0.00e+00
 2.38376e+16	1.34e-04	4.73e-02	7.28e-01	2.25e-01	9.08e-06	0.00e+00	0.00e+00	0.00e+00
 2.39006e+16	1.52e-04	5.14e-02	7.34e-01	2.15e-01	7.99e-06	0.00e+00	0.00e+00	0.00e+00
 2.39701e+16	1.75e-04	5.64e-02	7.40e-01	2.03e-01	6.90e-06	0.00e+00	0.00e+00	0.00e+00
 2.40458e+16	2.04e-04	6.26e-02	7.47e-01	1.91e-01	5.86e-06	0.00e+00	0.00e+00	0.00e+00
 2.41115e+16	2.35e-04	6.88e-02	7.51e-01	1.80e-01	5.07e-06	0.00e+00	0.00e+00	0.00e+00
 2.41678e+16	2.65e-04	7.47e-02	7.55e-01	1.70e-01	4.46e-06	0.00e+00	0.00e+00	0.00e+00
 2.42299e+16	3.05e-04	8.21e-02	7.58e-01	1.60e-01	3.84e-06	0.00e+00	0.00e+00	0.00e+00
 2.42975e+16	3.57e-04	9.11e-02	7.60e-01	1.49e-01	3.25e-06	0.00e+00	0.00e+00	0.00e+00
 2.43569e+16	4.10e-04	1.00e-01	7.61e-01	1.39e-01	2.79e-06	0.00e+00	0.00e+00	0.00e+00
 2.44084e+16	4.66e-04	1.09e-01	7.60e-01	1.30e-01	2.43e-06	0.00e+00	0.00e+00	0.00e+00
 2.44650e+16	5.38e-04	1.20e-01	7.59e-01	1.21e-01	2.08e-06	0.00e+00	0.00e+00	0.00e+00
 2.45270e+16	6.31e-04	1.33e-01	7.56e-01	1.11e-01	1.74e-06	0.00e+00	0.00e+00	0.00e+00
 2.45818e+16	7.28e-04	1.46e-01	7.51e-01	1.02e-01	1.47e-06	0.00e+00	0.00e+00	0.00e+00
 2.46293e+16	8.30e-04	1.59e-01	7.45e-01	9.46e-02	1.27e-06	0.00e+00	0.00e+00	0.00e+00
 2.46815e+16	9.61e-04	1.75e-01	7.37e-01	8.63e-02	1.06e-06	0.00e+00	0.00e+00	0.00e+00
 2.47388e+16	1.13e-03	1.95e-01	7.26e-01	7.76e-02	8.68e-07	0.00e+00	0.00e+00	0.00e+00
 2.47900e+16	1.32e-03	2.15e-01	7.14e-01	6.99e-02	0.00e+00	0.00e+00	0.00e+00	0.00e+00
 2.48356e+16	1.52e-03	2.35e-01	7.00e-01	6.32e-02	0.00e+00	0.00e+00	0.00e+00	0.00e+00
 2.48868e+16	1.78e-03	2.60e-01	6.82e-01	5.59e-02	0.00e+00	0.00e+00	0.00e+00	0.00e+00
 2.49429e+16	2.13e-03	2.91e-01	6.59e-01	4.82e-02	0.00e+00	0.00e+00	0.00e+00	0.00e+00
 2.49933e+16	2.53e-03	3.22e-01	6.34e-01	4.17e-02	0.00e+00	0.00e+00	0.00e+00	0.00e+00
 2.50395e+16	2.95e-03	3.54e-01	6.07e-01	3.59e-02	0.00e+00	0.00e+00	0.00e+00	0.00e+00
 2.50922e+16	3.55e-03	3.94e-01	5.72e-01	2.98e-02	0.00e+00	0.00e+00	0.00e+00	0.00e+00
 2.51484e+16	4.34e-03	4.42e-01	5.30e-01	2.38e-02	0.00e+00	0.00e+00	0.00e+00	0.00e+00
 2.51956e+16	5.17e-03	4.87e-01	4.89e-01	1.92e-02	0.00e+00	0.00e+00	0.00e+00	0.00e+00
 2.52351e+16	5.98e-03	5.27e-01	4.51e-01	1.57e-02	0.00e+00	0.00e+00	0.00e+00	0.00e+00
 2.52716e+16	6.89e-03	5.66e-01	4.14e-01	1.27e-02	0.00e+00	0.00e+00	0.00e+00	0.00e+00
 2.53066e+16	7.91e-03	6.04e-01	3.77e-01	1.03e-02	0.00e+00	0.00e+00	0.00e+00	0.00e+00
 2.53404e+16	8.99e-03	6.42e-01	3.41e-01	8.15e-03	0.00e+00	0.00e+00	0.00e+00	0.00e+00
 2.53732e+16	1.02e-02	6.80e-01	3.04e-01	6.35e-03	0.00e+00	0.00e+00	0.00e+00	0.00e+00
 2.54043e+16	1.16e-02	7.15e-01	2.68e-01	4.90e-03	0.00e+00	0.00e+00	0.00e+00	0.00e+00
 2.54332e+16	1.31e-02	7.48e-01	2.36e-01	3.76e-03	0.00e+00	0.00e+00	0.00e+00	0.00e+00
 2.54607e+16	1.46e-02	7.77e-01	2.06e-01	2.85e-03	0.00e+00	0.00e+00	0.00e+00	0.00e+00
 2.54874e+16	1.63e-02	8.04e-01	1.77e-01	2.14e-03	0.00e+00	0.00e+00	0.00e+00	0.00e+00
 2.55133e+16	1.82e-02	8.29e-01	1.52e-01	1.57e-03	0.00e+00	0.00e+00	0.00e+00	0.00e+00
 2.55382e+16	2.02e-02	8.50e-01	1.29e-01	1.15e-03	0.00e+00	0.00e+00	0.00e+00	0.00e+00
 2.55622e+16	2.25e-02	8.69e-01	1.08e-01	8.28e-04	0.00e+00	0.00e+00	0.00e+00	0.00e+00
 2.55855e+16	2.49e-02	8.85e-01	8.99e-02	5.87e-04	0.00e+00	0.00e+00	0.00e+00	0.00e+00
 2.56078e+16	2.76e-02	8.98e-01	7.43e-02	4.12e-04	0.00e+00	0.00e+00	0.00e+00	0.00e+00
 2.56293e+16	3.05e-02	9.08e-01	6.09e-02	2.86e-04	0.00e+00	0.00e+00	0.00e+00	0.00e+00
 2.56502e+16	3.37e-02	9.17e-01	4.96e-02	1.96e-04	0.00e+00	0.00e+00	0.00e+00	0.00e+00
 2.56704e+16	3.71e-02	9.23e-01	4.01e-02	1.33e-04	0.00e+00	0.00e+00	0.00e+00	0.00e+00
 2.56894e+16	4.08e-02	9.27e-01	3.24e-02	9.05e-05	0.00e+00	0.00e+00	0.00e+00	0.00e+00
 2.57073e+16	4.46e-02	9.29e-01	2.62e-02	6.18e-05	0.00e+00	0.00e+00	0.00e+00	0.00e+00
 2.57242e+16	4.86e-02	9.30e-01	2.13e-02	4.23e-05	0.00e+00	0.00e+00	0.00e+00	0.00e+00
 2.57407e+16	5.31e-02	9.30e-01	1.71e-02	2.86e-05	0.00e+00	0.00e+00	0.00e+00	0.00e+00
 2.57567e+16	5.76e-02	9.29e-01	1.37e-02	1.93e-05	0.00e+00	0.00e+00	0.00e+00	0.00e+00
 2.57716e+16	6.24e-02	9.26e-01	1.11e-02	1.31e-05	0.00e+00	0.00e+00	0.00e+00	0.00e+00
 2.57857e+16	6.73e-02	9.24e-01	9.01e-03	9.01e-06	0.00e+00	0.00e+00	0.00e+00	0.00e+00
 2.57994e+16	7.24e-02	9.20e-01	7.30e-03	6.17e-06	0.00e+00	0.00e+00	0.00e+00	0.00e+00
 2.58120e+16	7.75e-02	9.16e-01	5.97e-03	4.30e-06	0.00e+00	0.00e+00	0.00e+00	0.00e+00
 2.58233e+16	8.25e-02	9.13e-01	4.96e-03	3.08e-06	0.00e+00	0.00e+00	0.00e+00	0.00e+00
 2.58337e+16	8.72e-02	9.09e-01	4.18e-03	2.25e-06	0.00e+00	0.00e+00	0.00e+00	0.00e+00
 2.58432e+16	9.19e-02	9.05e-01	3.54e-03	1.68e-06	0.00e+00	0.00e+00	0.00e+00	0.00e+00
 2.58507e+16	9.56e-02	9.01e-01	3.12e-03	1.33e-06	0.00e+00	0.00e+00	0.00e+00	0.00e+00
 2.58557e+16	9.84e-02	8.99e-01	2.86e-03	1.14e-06	0.00e+00	0.00e+00	0.00e+00	0.00e+00
 2.58603e+16	1.01e-01	8.96e-01	2.63e-03	9.77e-07	0.00e+00	0.00e+00	0.00e+00	0.00e+00
 2.58657e+16	1.04e-01	8.93e-01	2.38e-03	0.00e+00	0.00e+00	0.00e+00	0.00e+00	0.00e+00
 2.58714e+16	1.08e-01	8.90e-01	2.14e-03	0.00e+00	0.00e+00	0.00e+00	0.00e+00	0.00e+00
 2.58769e+16	1.11e-01	8.87e-01	1.93e-03	0.00e+00	0.00e+00	0.00e+00	0.00e+00	0.00e+00
 2.58822e+16	1.14e-01	8.84e-01	1.75e-03	0.00e+00	0.00e+00	0.00e+00	0.00e+00	0.00e+00
 2.58873e+16	1.18e-01	8.81e-01	1.58e-03	0.00e+00	0.00e+00	0.00e+00	0.00e+00	0.00e+00
 2.58925e+16	1.21e-01	8.77e-01	1.43e-03	0.00e+00	0.00e+00	0.00e+00	0.00e+00	0.00e+00
 2.58977e+16	1.25e-01	8.74e-01	1.29e-03	0.00e+00	0.00e+00	0.00e+00	0.00e+00	0.00e+00
 2.59027e+16	1.29e-01	8.70e-01	1.17e-03	0.00e+00	0.00e+00	0.00e+00	0.00e+00	0.00e+00
 2.59076e+16	1.33e-01	8.66e-01	1.06e-03	0.00e+00	0.00e+00	0.00e+00	0.00e+00	0.00e+00
 2.59126e+16	1.37e-01	8.63e-01	9.54e-04	0.00e+00	0.00e+00	0.00e+00	0.00e+00	0.00e+00
 2.59175e+16	1.41e-01	8.58e-01	8.62e-04	0.00e+00	0.00e+00	0.00e+00	0.00e+00	0.00e+00
 2.59223e+16	1.45e-01	8.54e-01	7.78e-04	0.00e+00	0.00e+00	0.00e+00	0.00e+00	0.00e+00
 2.59271e+16	1.49e-01	8.50e-01	7.03e-04	0.00e+00	0.00e+00	0.00e+00	0.00e+00	0.00e+00
 2.59318e+16	1.54e-01	8.45e-01	6.34e-04	0.00e+00	0.00e+00	0.00e+00	0.00e+00	0.00e+00
 2.59365e+16	1.59e-01	8.41e-01	5.72e-04	0.00e+00	0.00e+00	0.00e+00	0.00e+00	0.00e+00
 2.59410e+16	1.64e-01	8.36e-01	5.16e-04	0.00e+00	0.00e+00	0.00e+00	0.00e+00	0.00e+00
 2.59455e+16	1.69e-01	8.31e-01	4.66e-04	0.00e+00	0.00e+00	0.00e+00	0.00e+00	0.00e+00
 2.59500e+16	1.74e-01	8.25e-01	4.21e-04	0.00e+00	0.00e+00	0.00e+00	0.00e+00	0.00e+00
 2.59544e+16	1.80e-01	8.20e-01	3.79e-04	0.00e+00	0.00e+00	0.00e+00	0.00e+00	0.00e+00
 2.59588e+16	1.86e-01	8.14e-01	3.42e-04	0.00e+00	0.00e+00	0.00e+00	0.00e+00	0.00e+00
 2.59631e+16	1.92e-01	8.08e-01	3.08e-04	0.00e+00	0.00e+00	0.00e+00	0.00e+00	0.00e+00
 2.59673e+16	1.98e-01	8.01e-01	2.77e-04	0.00e+00	0.00e+00	0.00e+00	0.00e+00	0.00e+00
 2.59715e+16	2.05e-01	7.95e-01	2.50e-04	0.00e+00	0.00e+00	0.00e+00	0.00e+00	0.00e+00
 2.59757e+16	2.12e-01	7.88e-01	2.25e-04	0.00e+00	0.00e+00	0.00e+00	0.00e+00	0.00e+00
 2.59797e+16	2.20e-01	7.80e-01	2.02e-04	0.00e+00	0.00e+00	0.00e+00	0.00e+00	0.00e+00
 2.59837e+16	2.28e-01	7.72e-01	1.82e-04	0.00e+00	0.00e+00	0.00e+00	0.00e+00	0.00e+00
 2.59877e+16	2.37e-01	7.63e-01	1.63e-04	0.00e+00	0.00e+00	0.00e+00	0.00e+00	0.00e+00
 2.59916e+16	2.45e-01	7.54e-01	1.47e-04	0.00e+00	0.00e+00	0.00e+00	0.00e+00	0.00e+00
 2.59955e+16	2.56e-01	7.44e-01	1.31e-04	0.00e+00	0.00e+00	0.00e+00	0.00e+00	0.00e+00
 2.59991e+16	2.66e-01	7.34e-01	1.18e-04	0.00e+00	0.00e+00	0.00e+00	0.00e+00	0.00e+00
 2.60027e+16	2.77e-01	7.23e-01	1.06e-04	0.00e+00	0.00e+00	0.00e+00	0.00e+00	0.00e+00
 2.60063e+16	2.88e-01	7.12e-01	9.55e-05	0.00e+00	0.00e+00	0.00e+00	0.00e+00	0.00e+00
 2.60098e+16	3.00e-01	6.99e-01	8.57e-05	0.00e+00	0.00e+00	0.00e+00	0.00e+00	0.00e+00
 2.60132e+16	3.12e-01	6.88e-01	7.70e-05	0.00e+00	0.00e+00	0.00e+00	0.00e+00	0.00e+00
 2.60165e+16	3.25e-01	6.74e-01	6.90e-05	0.00e+00	0.00e+00	0.00e+00	0.00e+00	0.00e+00
 2.60198e+16	3.39e-01	6.61e-01	6.19e-05	0.00e+00	0.00e+00	0.00e+00	0.00e+00	0.00e+00
 2.60230e+16	3.54e-01	6.46e-01	5.55e-05	0.00e+00	0.00e+00	0.00e+00	0.00e+00	0.00e+00
 2.60262e+16	3.69e-01	6.31e-01	4.96e-05	0.00e+00	0.00e+00	0.00e+00	0.00e+00	0.00e+00
 2.60292e+16	3.86e-01	6.14e-01	4.44e-05	0.00e+00	0.00e+00	0.00e+00	0.00e+00	0.00e+00
 2.60323e+16	4.02e-01	5.98e-01	3.97e-05	0.00e+00	0.00e+00	0.00e+00	0.00e+00	0.00e+00
 2.60352e+16	4.22e-01	5.78e-01	3.53e-05	0.00e+00	0.00e+00	0.00e+00	0.00e+00	0.00e+00
 2.60381e+16	4.41e-01	5.59e-01	3.14e-05	0.00e+00	0.00e+00	0.00e+00	0.00e+00	0.00e+00
 2.60409e+16	4.60e-01	5.40e-01	2.80e-05	0.00e+00	0.00e+00	0.00e+00	0.00e+00	0.00e+00
 2.60437e+16	4.80e-01	5.20e-01	2.48e-05	0.00e+00	0.00e+00	0.00e+00	0.00e+00	0.00e+00
 2.60465e+16	5.01e-01	4.99e-01	2.20e-05	0.00e+00	0.00e+00	0.00e+00	0.00e+00	0.00e+00
 2.60493e+16	5.22e-01	4.78e-01	1.94e-05	0.00e+00	0.00e+00	0.00e+00	0.00e+00	0.00e+00
 2.60519e+16	5.43e-01	4.57e-01	1.71e-05	0.00e+00	0.00e+00	0.00e+00	0.00e+00	0.00e+00
 2.60546e+16	5.65e-01	4.35e-01	1.51e-05	0.00e+00	0.00e+00	0.00e+00	0.00e+00	0.00e+00
 2.60572e+16	5.88e-01	4.12e-01	1.32e-05	0.00e+00	0.00e+00	0.00e+00	0.00e+00	0.00e+00
 2.60597e+16	6.10e-01	3.90e-01	1.16e-05	0.00e+00	0.00e+00	0.00e+00	0.00e+00	0.00e+00
 2.60622e+16	6.32e-01	3.68e-01	1.01e-05	0.00e+00	0.00e+00	0.00e+00	0.00e+00	0.00e+00
 2.60644e+16	6.51e-01	3.49e-01	9.03e-06	0.00e+00	0.00e+00	0.00e+00	0.00e+00	0.00e+00
 2.60661e+16	6.66e-01	3.34e-01	8.22e-06	0.00e+00	0.00e+00	0.00e+00	0.00e+00	0.00e+00
 2.60677e+16	6.80e-01	3.20e-01	7.51e-06	0.00e+00	0.00e+00	0.00e+00	0.00e+00	0.00e+00
 2.60693e+16	6.94e-01	3.06e-01	6.83e-06	0.00e+00	0.00e+00	0.00e+00	0.00e+00	0.00e+00
 2.60710e+16	7.10e-01	2.90e-01	6.15e-06	0.00e+00	0.00e+00	0.00e+00	0.00e+00	0.00e+00
 2.60727e+16	7.24e-01	2.76e-01	5.58e-06	0.00e+00	0.00e+00	0.00e+00	0.00e+00	0.00e+00
 2.60742e+16	7.35e-01	2.65e-01	5.10e-06	0.00e+00	0.00e+00	0.00e+00	0.00e+00	0.00e+00
 2.60757e+16	7.49e-01	2.51e-01	4.62e-06	0.00e+00	0.00e+00	0.00e+00	0.00e+00	0.00e+00
 2.60772e+16	7.60e-01	2.40e-01	4.23e-06	0.00e+00	0.00e+00	0.00e+00	0.00e+00	0.00e+00
 2.60786e+16	7.72e-01	2.28e-01	3.84e-06	0.00e+00	0.00e+00	0.00e+00	0.00e+00	0.00e+00
 2.60800e+16	7.82e-01	2.18e-01	3.52e-06	0.00e+00	0.00e+00	0.00e+00	0.00e+00	0.00e+00
 2.60814e+16	7.92e-01	2.08e-01	3.23e-06	0.00e+00	0.00e+00	0.00e+00	0.00e+00	0.00e+00
 2.60828e+16	8.01e-01	1.99e-01	2.95e-06	0.00e+00	0.00e+00	0.00e+00	0.00e+00	0.00e+00
 2.60841e+16	8.10e-01	1.90e-01	2.70e-06	0.00e+00	0.00e+00	0.00e+00	0.00e+00	0.00e+00
