#depth	O	O+	O+2	O+3	O+4	O+5	O+6	O+7	O+8	O[1]	O[2]	O[3]
 1.49634e+10	0.00e+00	0.00e+00	6.22e-28	8.72e-19	3.27e-11	1.09e-05	1.00e+00	0.00e+00	0.00e+00	0.00e+00	0.00e+00	0.00e+00
 4.54887e+10	0.00e+00	2.14e-38	8.51e-28	1.10e-18	3.83e-11	1.18e-05	1.00e+00	0.00e+00	0.00e+00	0.00e+00	0.00e+00	0.00e+00
 7.72350e+10	0.00e+00	0.00e+00	1.16e-27	1.40e-18	4.49e-11	1.28e-05	1.00e+00	0.00e+00	0.00e+00	0.00e+00	0.00e+00	0.00e+00
 1.10251e+11	0.00e+00	4.66e-38	1.59e-27	1.77e-18	5.26e-11	1.38e-05	1.00e+00	0.00e+00	0.00e+00	0.00e+00	0.00e+00	0.00e+00
 1.44588e+11	0.00e+00	0.00e+00	2.18e-27	2.24e-18	6.17e-11	1.50e-05	1.00e+00	0.00e+00	0.00e+00	0.00e+00	0.00e+00	0.00e+00
 1.80298e+11	0.00e+00	1.02e-37	2.98e-27	2.84e-18	7.23e-11	1.63e-05	1.00e+00	0.00e+00	0.00e+00	0.00e+00	0.00e+00	0.00e+00
 2.17437e+11	0.00e+00	0.00e+00	4.07e-27	3.60e-18	8.48e-11	1.76e-05	1.00e+00	0.00e+00	0.00e+00	0.00e+00	0.00e+00	0.00e+00
 2.56061e+11	0.00e+00	2.21e-37	5.56e-27	4.56e-18	9.94e-11	1.91e-05	1.00e+00	0.00e+00	0.00e+00	0.00e+00	0.00e+00	0.00e+00
 2.96231e+11	0.00e+00	0.00e+00	7.61e-27	5.77e-18	1.17e-10	2.07e-05	1.00e+00	0.00e+00	0.00e+00	0.00e+00	0.00e+00	0.00e+00
 3.38007e+11	0.00e+00	4.81e-37	1.04e-26	7.31e-18	1.37e-10	2.24e-05	1.00e+00	0.00e+00	0.00e+00	0.00e+00	0.00e+00	0.00e+00
 3.81454e+11	0.00e+00	0.00e+00	1.42e-26	9.26e-18	1.60e-10	2.43e-05	1.00e+00	0.00e+00	0.00e+00	0.00e+00	0.00e+00	0.00e+00
 4.26639e+11	0.00e+00	1.05e-36	1.94e-26	1.17e-17	1.88e-10	2.64e-05	1.00e+00	0.00e+00	0.00e+00	0.00e+00	0.00e+00	0.00e+00
 4.73631e+11	0.00e+00	0.00e+00	2.66e-26	1.49e-17	2.21e-10	2.86e-05	1.00e+00	0.00e+00	0.00e+00	0.00e+00	0.00e+00	0.00e+00
 5.22503e+11	0.00e+00	2.27e-36	3.63e-26	1.88e-17	2.59e-10	3.11e-05	1.00e+00	0.00e+00	0.00e+00	0.00e+00	0.00e+00	0.00e+00
 5.73330e+11	1.60e-47	3.34e-36	4.96e-26	2.39e-17	3.04e-10	3.37e-05	1.00e+00	0.00e+00	0.00e+00	0.00e+00	0.00e+00	0.00e+00
 6.26190e+11	0.00e+00	0.00e+00	6.77e-26	3.02e-17	3.57e-10	3.66e-05	1.00e+00	0.00e+00	0.00e+00	0.00e+00	0.00e+00	0.00e+00
 6.81164e+11	0.00e+00	7.24e-36	9.25e-26	3.83e-17	4.20e-10	3.97e-05	1.00e+00	0.00e+00	0.00e+00	0.00e+00	0.00e+00	0.00e+00
 7.38337e+11	6.40e-47	1.06e-35	1.26e-25	4.86e-17	4.93e-10	4.31e-05	1.00e+00	0.00e+00	0.00e+00	0.00e+00	0.00e+00	0.00e+00
 7.97798e+11	0.00e+00	0.00e+00	1.72e-25	6.16e-17	5.79e-10	4.68e-05	1.00e+00	0.00e+00	0.00e+00	0.00e+00	0.00e+00	0.00e+00
 8.59636e+11	0.00e+00	2.30e-35	2.35e-25	7.80e-17	6.80e-10	5.08e-05	1.00e+00	0.00e+00	0.00e+00	0.00e+00	0.00e+00	0.00e+00
 9.23949e+11	2.54e-46	3.38e-35	3.21e-25	9.89e-17	7.99e-10	5.52e-05	1.00e+00	0.00e+00	0.00e+00	0.00e+00	0.00e+00	0.00e+00
 9.90833e+11	0.00e+00	4.96e-35	4.38e-25	1.25e-16	9.40e-10	6.00e-05	1.00e+00	0.00e+00	0.00e+00	0.00e+00	0.00e+00	0.00e+00
 1.06039e+12	6.36e-46	7.27e-35	5.97e-25	1.59e-16	1.10e-09	6.52e-05	1.00e+00	0.00e+00	0.00e+00	0.00e+00	0.00e+00	0.00e+00
 1.13274e+12	0.00e+00	1.07e-34	8.15e-25	2.01e-16	1.30e-09	7.08e-05	1.00e+00	0.00e+00	0.00e+00	0.00e+00	0.00e+00	0.00e+00
 1.20797e+12	1.58e-45	1.56e-34	1.11e-24	2.55e-16	1.53e-09	7.70e-05	1.00e+00	0.00e+00	0.00e+00	0.00e+00	0.00e+00	0.00e+00
 1.28622e+12	0.00e+00	2.29e-34	1.51e-24	3.23e-16	1.80e-09	8.37e-05	1.00e+00	0.00e+00	0.00e+00	0.00e+00	0.00e+00	0.00e+00
 1.36759e+12	3.93e-45	3.35e-34	2.06e-24	4.10e-16	2.11e-09	9.10e-05	1.00e+00	0.00e+00	0.00e+00	0.00e+00	0.00e+00	0.00e+00
 1.45222e+12	0.00e+00	4.89e-34	2.81e-24	5.19e-16	2.48e-09	9.90e-05	1.00e+00	0.00e+00	0.00e+00	0.00e+00	0.00e+00	0.00e+00
 1.54024e+12	9.70e-45	7.14e-34	3.82e-24	6.58e-16	2.92e-09	1.08e-04	1.00e+00	0.00e+00	0.00e+00	0.00e+00	0.00e+00	0.00e+00
 1.63178e+12	0.00e+00	1.04e-33	5.20e-24	8.34e-16	3.44e-09	1.17e-04	1.00e+00	0.00e+00	0.00e+00	0.00e+00	0.00e+00	0.00e+00
 1.72697e+12	2.38e-44	1.52e-33	7.07e-24	1.06e-15	4.05e-09	1.28e-04	1.00e+00	0.00e+00	0.00e+00	0.00e+00	0.00e+00	0.00e+00
 1.82598e+12	0.00e+00	2.21e-33	9.61e-24	1.34e-15	4.77e-09	1.39e-04	1.00e+00	0.00e+00	0.00e+00	0.00e+00	0.00e+00	0.00e+00
 1.92895e+12	5.83e-44	3.22e-33	1.31e-23	1.70e-15	5.61e-09	1.51e-04	1.00e+00	0.00e+00	0.00e+00	0.00e+00	0.00e+00	0.00e+00
 2.03603e+12	0.00e+00	4.69e-33	1.77e-23	2.15e-15	6.61e-09	1.65e-04	1.00e+00	0.00e+00	0.00e+00	0.00e+00	0.00e+00	0.00e+00
 2.14740e+12	1.42e-43	6.81e-33	2.41e-23	2.72e-15	7.78e-09	1.80e-04	1.00e+00	0.00e+00	0.00e+00	0.00e+00	0.00e+00	0.00e+00
 2.26322e+12	0.00e+00	9.87e-33	3.26e-23	3.45e-15	9.16e-09	1.96e-04	1.00e+00	0.00e+00	0.00e+00	0.00e+00	0.00e+00	0.00e+00
 2.38368e+12	3.42e-43	1.43e-32	4.42e-23	4.37e-15	1.08e-08	2.13e-04	1.00e+00	0.00e+00	0.00e+00	0.00e+00	0.00e+00	0.00e+00
 2.50895e+12	0.00e+00	2.07e-32	5.99e-23	5.53e-15	1.27e-08	2.33e-04	1.00e+00	0.00e+00	0.00e+00	0.00e+00	0.00e+00	0.00e+00
 2.63924e+12	8.19e-43	2.99e-32	8.11e-23	7.00e-15	1.50e-08	2.54e-04	1.00e+00	0.00e+00	0.00e+00	0.00e+00	0.00e+00	0.00e+00
 2.77473e+12	0.00e+00	4.32e-32	1.10e-22	8.86e-15	1.76e-08	2.77e-04	1.00e+00	0.00e+00	0.00e+00	0.00e+00	0.00e+00	0.00e+00
 2.91565e+12	1.95e-42	6.23e-32	1.48e-22	1.12e-14	2.08e-08	3.02e-04	1.00e+00	0.00e+00	0.00e+00	0.00e+00	0.00e+00	0.00e+00
 3.06220e+12	0.00e+00	8.97e-32	2.01e-22	1.42e-14	2.45e-08	3.29e-04	1.00e+00	0.00e+00	0.00e+00	0.00e+00	0.00e+00	0.00e+00
 3.21461e+12	4.62e-42	1.29e-31	2.71e-22	1.80e-14	2.88e-08	3.60e-04	1.00e+00	0.00e+00	0.00e+00	0.00e+00	0.00e+00	0.00e+00
 3.37313e+12	0.00e+00	1.85e-31	3.65e-22	2.27e-14	3.39e-08	3.92e-04	1.00e+00	0.00e+00	0.00e+00	0.00e+00	0.00e+00	0.00e+00
 3.53798e+12	1.08e-41	2.66e-31	4.93e-22	2.87e-14	4.00e-08	4.28e-04	1.00e+00	0.00e+00	0.00e+00	0.00e+00	0.00e+00	0.00e+00
 3.70942e+12	0.00e+00	3.81e-31	6.64e-22	3.63e-14	4.71e-08	4.68e-04	1.00e+00	0.00e+00	0.00e+00	0.00e+00	0.00e+00	0.00e+00
 3.88773e+12	2.52e-41	5.45e-31	8.94e-22	4.59e-14	5.54e-08	5.11e-04	9.99e-01	0.00e+00	0.00e+00	0.00e+00	0.00e+00	0.00e+00
 4.07316e+12	0.00e+00	7.78e-31	1.20e-21	5.80e-14	6.52e-08	5.58e-04	9.99e-01	0.00e+00	0.00e+00	0.00e+00	0.00e+00	0.00e+00
 4.26602e+12	5.81e-41	1.11e-30	1.62e-21	7.34e-14	7.68e-08	6.10e-04	9.99e-01	0.00e+00	0.00e+00	0.00e+00	0.00e+00	0.00e+00
 4.46658e+12	0.00e+00	1.58e-30	2.17e-21	9.27e-14	9.04e-08	6.66e-04	9.99e-01	0.00e+00	0.00e+00	0.00e+00	0.00e+00	0.00e+00
 4.67517e+12	1.33e-40	2.25e-30	2.92e-21	1.17e-13	1.06e-07	7.28e-04	9.99e-01	0.00e+00	0.00e+00	0.00e+00	0.00e+00	0.00e+00
 4.89211e+12	0.00e+00	3.20e-30	3.91e-21	1.48e-13	1.25e-07	7.95e-04	9.99e-01	0.00e+00	0.00e+00	0.00e+00	0.00e+00	0.00e+00
 5.11772e+12	3.02e-40	4.54e-30	5.25e-21	1.87e-13	1.47e-07	8.69e-04	9.99e-01	0.00e+00	0.00e+00	0.00e+00	0.00e+00	0.00e+00
 5.35235e+12	0.00e+00	6.43e-30	7.03e-21	2.36e-13	1.73e-07	9.50e-04	9.99e-01	0.00e+00	0.00e+00	0.00e+00	0.00e+00	0.00e+00
 5.59638e+12	6.82e-40	9.11e-30	9.42e-21	2.97e-13	2.04e-07	1.04e-03	9.99e-01	0.00e+00	0.00e+00	0.00e+00	0.00e+00	0.00e+00
 5.85016e+12	0.00e+00	1.29e-29	1.26e-20	3.75e-13	2.39e-07	1.13e-03	9.99e-01	0.00e+00	0.00e+00	0.00e+00	0.00e+00	0.00e+00
 6.11409e+12	1.53e-39	1.82e-29	1.69e-20	4.74e-13	2.81e-07	1.24e-03	9.99e-01	0.00e+00	0.00e+00	0.00e+00	0.00e+00	0.00e+00
 6.38858e+12	0.00e+00	2.57e-29	2.26e-20	5.98e-13	3.30e-07	1.36e-03	9.99e-01	0.00e+00	0.00e+00	0.00e+00	0.00e+00	0.00e+00
 6.67405e+12	3.39e-39	3.62e-29	3.02e-20	7.54e-13	3.88e-07	1.48e-03	9.99e-01	0.00e+00	0.00e+00	0.00e+00	0.00e+00	0.00e+00
 6.97094e+12	0.00e+00	5.10e-29	4.03e-20	9.51e-13	4.56e-07	1.62e-03	9.98e-01	0.00e+00	0.00e+00	0.00e+00	0.00e+00	0.00e+00
 7.27970e+12	7.49e-39	7.18e-29	5.39e-20	1.20e-12	5.35e-07	1.77e-03	9.98e-01	0.00e+00	0.00e+00	0.00e+00	0.00e+00	0.00e+00
 7.60082e+12	0.00e+00	1.01e-28	7.19e-20	1.51e-12	6.28e-07	1.94e-03	9.98e-01	0.00e+00	0.00e+00	0.00e+00	0.00e+00	0.00e+00
 7.93478e+12	1.65e-38	1.42e-28	9.60e-20	1.91e-12	7.37e-07	2.12e-03	9.98e-01	0.00e+00	0.00e+00	0.00e+00	0.00e+00	0.00e+00
 8.28210e+12	0.00e+00	1.99e-28	1.28e-19	2.40e-12	8.64e-07	2.32e-03	9.98e-01	0.00e+00	0.00e+00	0.00e+00	0.00e+00	0.00e+00
 8.63559e+12	3.57e-38	2.78e-28	1.70e-19	3.02e-12	1.01e-06	2.53e-03	9.97e-01	0.00e+00	0.00e+00	0.00e+00	0.00e+00	0.00e+00
 9.00323e+12	0.00e+00	3.88e-28	2.26e-19	3.79e-12	1.18e-06	2.76e-03	9.97e-01	0.00e+00	0.00e+00	0.00e+00	0.00e+00	0.00e+00
 9.39329e+12	7.72e-38	5.44e-28	3.01e-19	4.78e-12	1.38e-06	3.02e-03	9.97e-01	0.00e+00	0.00e+00	0.00e+00	0.00e+00	0.00e+00
 9.79895e+12	0.00e+00	7.63e-28	4.02e-19	6.02e-12	1.62e-06	3.30e-03	9.97e-01	0.00e+00	0.00e+00	0.00e+00	0.00e+00	0.00e+00
 1.02208e+13	1.68e-37	1.07e-27	5.37e-19	7.59e-12	1.90e-06	3.60e-03	9.96e-01	0.00e+00	0.00e+00	0.00e+00	0.00e+00	0.00e+00
 1.06596e+13	0.00e+00	1.50e-27	7.17e-19	9.57e-12	2.22e-06	3.94e-03	9.96e-01	0.00e+00	0.00e+00	0.00e+00	0.00e+00	0.00e+00
 1.11159e+13	3.64e-37	2.11e-27	9.58e-19	1.21e-11	2.60e-06	4.30e-03	9.96e-01	0.00e+00	0.00e+00	0.00e+00	0.00e+00	0.00e+00
 1.15905e+13	0.00e+00	2.96e-27	1.28e-18	1.52e-11	3.05e-06	4.70e-03	9.95e-01	0.00e+00	0.00e+00	0.00e+00	0.00e+00	0.00e+00
 1.20840e+13	7.88e-37	4.16e-27	1.71e-18	1.92e-11	3.56e-06	5.14e-03	9.95e-01	0.00e+00	0.00e+00	0.00e+00	0.00e+00	0.00e+00
 1.25973e+13	0.00e+00	5.84e-27	2.29e-18	2.42e-11	4.17e-06	5.62e-03	9.94e-01	0.00e+00	0.00e+00	0.00e+00	0.00e+00	0.00e+00
 1.31311e+13	1.71e-36	8.21e-27	3.06e-18	3.06e-11	4.87e-06	6.14e-03	9.94e-01	0.00e+00	0.00e+00	0.00e+00	0.00e+00	0.00e+00
 1.36863e+13	0.00e+00	1.15e-26	4.09e-18	3.85e-11	5.70e-06	6.71e-03	9.93e-01	0.00e+00	0.00e+00	0.00e+00	0.00e+00	0.00e+00
 1.42637e+13	3.71e-36	1.63e-26	5.48e-18	4.86e-11	6.66e-06	7.32e-03	9.93e-01	0.00e+00	0.00e+00	0.00e+00	0.00e+00	0.00e+00
 1.48641e+13	0.00e+00	2.29e-26	7.34e-18	6.13e-11	7.78e-06	8.00e-03	9.92e-01	0.00e+00	0.00e+00	0.00e+00	0.00e+00	0.00e+00
 1.54886e+13	8.05e-36	3.23e-26	9.84e-18	7.74e-11	9.09e-06	8.74e-03	9.91e-01	0.00e+00	0.00e+00	0.00e+00	0.00e+00	0.00e+00
 1.61381e+13	0.00e+00	4.56e-26	1.32e-17	9.77e-11	1.06e-05	9.54e-03	9.90e-01	0.00e+00	0.00e+00	0.00e+00	0.00e+00	0.00e+00
 1.68136e+13	1.75e-35	6.44e-26	1.77e-17	1.23e-10	1.24e-05	1.04e-02	9.90e-01	0.00e+00	0.00e+00	0.00e+00	0.00e+00	0.00e+00
 1.75160e+13	0.00e+00	9.10e-26	2.38e-17	1.56e-10	1.45e-05	1.14e-02	9.89e-01	0.00e+00	0.00e+00	0.00e+00	0.00e+00	0.00e+00
 1.82466e+13	3.84e-35	1.29e-25	3.19e-17	1.96e-10	1.69e-05	1.24e-02	9.88e-01	0.00e+00	0.00e+00	0.00e+00	0.00e+00	0.00e+00
 1.90064e+13	5.68e-35	1.83e-25	4.30e-17	2.48e-10	1.97e-05	1.35e-02	9.86e-01	0.00e+00	0.00e+00	0.00e+00	0.00e+00	0.00e+00
 1.97966e+13	8.42e-35	2.59e-25	5.78e-17	3.13e-10	2.30e-05	1.48e-02	9.85e-01	0.00e+00	0.00e+00	0.00e+00	0.00e+00	0.00e+00
 2.06184e+13	1.25e-34	3.69e-25	7.79e-17	3.95e-10	2.69e-05	1.61e-02	9.84e-01	0.00e+00	0.00e+00	0.00e+00	0.00e+00	0.00e+00
 2.14730e+13	1.86e-34	5.25e-25	1.05e-16	4.99e-10	3.13e-05	1.76e-02	9.82e-01	0.00e+00	0.00e+00	0.00e+00	0.00e+00	0.00e+00
 2.23619e+13	2.77e-34	7.48e-25	1.42e-16	6.30e-10	3.65e-05	1.91e-02	9.81e-01	0.00e+00	0.00e+00	0.00e+00	0.00e+00	0.00e+00
 2.32863e+13	4.12e-34	1.07e-24	1.91e-16	7.95e-10	4.26e-05	2.09e-02	9.79e-01	0.00e+00	0.00e+00	0.00e+00	0.00e+00	0.00e+00
 2.42476e+13	6.15e-34	1.53e-24	2.58e-16	1.00e-09	4.97e-05	2.27e-02	9.77e-01	0.00e+00	0.00e+00	0.00e+00	0.00e+00	0.00e+00
 2.52475e+13	9.20e-34	2.18e-24	3.49e-16	1.27e-09	5.79e-05	2.48e-02	9.75e-01	0.00e+00	0.00e+00	0.00e+00	0.00e+00	0.00e+00
 2.62873e+13	1.38e-33	3.13e-24	4.72e-16	1.60e-09	6.75e-05	2.70e-02	9.73e-01	0.00e+00	0.00e+00	0.00e+00	0.00e+00	0.00e+00
 2.73687e+13	2.07e-33	4.50e-24	6.39e-16	2.02e-09	7.86e-05	2.94e-02	9.71e-01	0.00e+00	0.00e+00	0.00e+00	0.00e+00	0.00e+00
 2.84934e+13	3.11e-33	6.47e-24	8.66e-16	2.55e-09	9.16e-05	3.20e-02	9.68e-01	0.00e+00	0.00e+00	0.00e+00	0.00e+00	0.00e+00
 2.96631e+13	4.68e-33	9.32e-24	1.17e-15	3.22e-09	1.07e-04	3.48e-02	9.65e-01	0.00e+00	0.00e+00	0.00e+00	0.00e+00	0.00e+00
 3.08795e+13	7.05e-33	1.34e-23	1.59e-15	4.07e-09	1.24e-04	3.78e-02	9.62e-01	0.00e+00	0.00e+00	0.00e+00	0.00e+00	0.00e+00
 3.21446e+13	1.07e-32	1.94e-23	2.16e-15	5.14e-09	1.45e-04	4.11e-02	9.59e-01	0.00e+00	0.00e+00	0.00e+00	0.00e+00	0.00e+00
 3.34603e+13	1.61e-32	2.81e-23	2.94e-15	6.49e-09	1.68e-04	4.47e-02	9.55e-01	0.00e+00	0.00e+00	0.00e+00	0.00e+00	0.00e+00
 3.48287e+13	2.44e-32	4.07e-23	3.99e-15	8.19e-09	1.96e-04	4.86e-02	9.51e-01	0.00e+00	0.00e+00	0.00e+00	0.00e+00	0.00e+00
 3.62517e+13	3.71e-32	5.90e-23	5.42e-15	1.03e-08	2.28e-04	5.27e-02	9.47e-01	0.00e+00	0.00e+00	0.00e+00	0.00e+00	0.00e+00
 3.77317e+13	5.65e-32	8.56e-23	7.37e-15	1.30e-08	2.65e-04	5.72e-02	9.42e-01	0.00e+00	0.00e+00	0.00e+00	0.00e+00	0.00e+00
 3.92709e+13	8.59e-32	1.24e-22	1.00e-14	1.65e-08	3.09e-04	6.21e-02	9.38e-01	0.00e+00	0.00e+00	0.00e+00	0.00e+00	0.00e+00
 4.08717e+13	1.31e-31	1.81e-22	1.36e-14	2.08e-08	3.59e-04	6.74e-02	9.32e-01	0.00e+00	0.00e+00	0.00e+00	0.00e+00	0.00e+00
 4.25365e+13	2.00e-31	2.63e-22	1.86e-14	2.62e-08	4.17e-04	7.30e-02	9.27e-01	0.00e+00	0.00e+00	0.00e+00	0.00e+00	0.00e+00
 4.42679e+13	3.05e-31	3.84e-22	2.53e-14	3.30e-08	4.84e-04	7.91e-02	9.20e-01	0.00e+00	0.00e+00	0.00e+00	0.00e+00	0.00e+00
 4.60685e+13	4.67e-31	5.59e-22	3.44e-14	4.16e-08	5.62e-04	8.56e-02	9.14e-01	0.00e+00	0.00e+00	0.00e+00	0.00e+00	0.00e+00
 4.79412e+13	7.14e-31	8.16e-22	4.68e-14	5.24e-08	6.52e-04	9.27e-02	9.07e-01	0.00e+00	0.00e+00	0.00e+00	0.00e+00	0.00e+00
 4.98888e+13	1.09e-30	1.19e-21	6.38e-14	6.60e-08	7.57e-04	1.00e-01	8.99e-01	0.00e+00	0.00e+00	0.00e+00	0.00e+00	0.00e+00
 5.19142e+13	1.68e-30	1.74e-21	8.68e-14	8.30e-08	8.77e-04	1.08e-01	8.91e-01	0.00e+00	0.00e+00	0.00e+00	0.00e+00	0.00e+00
 5.40207e+13	2.57e-30	2.54e-21	1.18e-13	1.04e-07	1.02e-03	1.17e-01	8.82e-01	0.00e+00	0.00e+00	0.00e+00	0.00e+00	0.00e+00
 5.62115e+13	3.94e-30	3.72e-21	1.61e-13	1.31e-07	1.18e-03	1.26e-01	8.73e-01	0.00e+00	0.00e+00	0.00e+00	0.00e+00	0.00e+00
 5.84899e+13	6.06e-30	5.44e-21	2.19e-13	1.65e-07	1.36e-03	1.36e-01	8.63e-01	0.00e+00	0.00e+00	0.00e+00	0.00e+00	0.00e+00
 6.07148e+13	9.09e-30	7.79e-21	2.93e-13	2.05e-07	1.56e-03	1.46e-01	8.52e-01	0.00e+00	0.00e+00	0.00e+00	0.00e+00	0.00e+00
 6.28336e+13	1.32e-29	1.08e-20	3.82e-13	2.49e-07	1.77e-03	1.55e-01	8.43e-01	0.00e+00	0.00e+00	0.00e+00	0.00e+00	0.00e+00
 6.51817e+13	1.96e-29	1.54e-20	5.07e-13	3.07e-07	2.02e-03	1.66e-01	8.32e-01	0.00e+00	0.00e+00	0.00e+00	0.00e+00	0.00e+00
 6.78189e+13	3.02e-29	2.25e-20	6.89e-13	3.84e-07	2.33e-03	1.79e-01	8.19e-01	0.00e+00	0.00e+00	0.00e+00	0.00e+00	0.00e+00
 7.04686e+13	4.59e-29	3.24e-20	9.27e-13	4.78e-07	2.67e-03	1.91e-01	8.06e-01	0.00e+00	0.00e+00	0.00e+00	0.00e+00	0.00e+00
 7.32243e+13	7.01e-29	4.70e-20	1.25e-12	5.93e-07	3.07e-03	2.04e-01	7.93e-01	0.00e+00	0.00e+00	0.00e+00	0.00e+00	0.00e+00
 7.61832e+13	1.08e-28	6.85e-20	1.69e-12	7.42e-07	3.53e-03	2.19e-01	7.78e-01	0.00e+00	0.00e+00	0.00e+00	0.00e+00	0.00e+00
 7.92604e+13	1.67e-28	1.00e-19	2.29e-12	9.25e-07	4.05e-03	2.34e-01	7.62e-01	0.00e+00	0.00e+00	0.00e+00	0.00e+00	0.00e+00
 8.24608e+13	2.56e-28	1.46e-19	3.10e-12	1.15e-06	4.65e-03	2.50e-01	7.46e-01	0.00e+00	0.00e+00	0.00e+00	0.00e+00	0.00e+00
 8.57891e+13	3.95e-28	2.13e-19	4.19e-12	1.44e-06	5.33e-03	2.66e-01	7.29e-01	0.00e+00	0.00e+00	0.00e+00	0.00e+00	0.00e+00
 8.92506e+13	6.09e-28	3.10e-19	5.66e-12	1.79e-06	6.09e-03	2.83e-01	7.11e-01	0.00e+00	0.00e+00	0.00e+00	0.00e+00	0.00e+00
 9.28506e+13	9.45e-28	4.53e-19	7.63e-12	2.22e-06	6.97e-03	3.00e-01	6.93e-01	0.00e+00	0.00e+00	0.00e+00	0.00e+00	0.00e+00
 9.65945e+13	1.45e-27	6.56e-19	1.03e-11	2.75e-06	7.95e-03	3.19e-01	6.74e-01	0.00e+00	0.00e+00	0.00e+00	0.00e+00	0.00e+00
 1.00488e+14	2.24e-27	9.57e-19	1.39e-11	3.41e-06	9.06e-03	3.37e-01	6.54e-01	0.00e+00	0.00e+00	0.00e+00	0.00e+00	0.00e+00
 1.04538e+14	3.45e-27	1.39e-18	1.86e-11	4.21e-06	1.03e-02	3.56e-01	6.33e-01	0.00e+00	0.00e+00	0.00e+00	0.00e+00	0.00e+00
 1.08749e+14	5.28e-27	2.00e-18	2.50e-11	5.20e-06	1.17e-02	3.76e-01	6.13e-01	0.00e+00	0.00e+00	0.00e+00	0.00e+00	0.00e+00
 1.13129e+14	8.12e-27	2.89e-18	3.35e-11	6.41e-06	1.33e-02	3.96e-01	5.91e-01	0.00e+00	0.00e+00	0.00e+00	0.00e+00	0.00e+00
 1.17684e+14	1.25e-26	4.17e-18	4.48e-11	7.88e-06	1.50e-02	4.15e-01	5.70e-01	0.00e+00	0.00e+00	0.00e+00	0.00e+00	0.00e+00
 1.22421e+14	1.91e-26	6.01e-18	5.99e-11	9.68e-06	1.70e-02	4.36e-01	5.47e-01	0.00e+00	0.00e+00	0.00e+00	0.00e+00	0.00e+00
 1.27348e+14	2.95e-26	8.68e-18	7.97e-11	1.19e-05	1.91e-02	4.55e-01	5.25e-01	0.00e+00	0.00e+00	0.00e+00	0.00e+00	0.00e+00
 1.32472e+14	4.48e-26	1.24e-17	1.06e-10	1.45e-05	2.15e-02	4.76e-01	5.03e-01	0.00e+00	0.00e+00	0.00e+00	0.00e+00	0.00e+00
 1.37801e+14	6.91e-26	1.78e-17	1.41e-10	1.77e-05	2.42e-02	4.95e-01	4.81e-01	0.00e+00	0.00e+00	0.00e+00	0.00e+00	0.00e+00
 1.43343e+14	1.05e-25	2.53e-17	1.87e-10	2.16e-05	2.71e-02	5.15e-01	4.58e-01	0.00e+00	0.00e+00	0.00e+00	0.00e+00	0.00e+00
 1.49106e+14	1.61e-25	3.63e-17	2.47e-10	2.62e-05	3.03e-02	5.34e-01	4.36e-01	0.00e+00	0.00e+00	0.00e+00	0.00e+00	0.00e+00
 1.55101e+14	2.42e-25	5.12e-17	3.27e-10	3.19e-05	3.38e-02	5.53e-01	4.13e-01	0.00e+00	0.00e+00	0.00e+00	0.00e+00	0.00e+00
 1.61335e+14	3.72e-25	7.32e-17	4.30e-10	3.86e-05	3.77e-02	5.70e-01	3.92e-01	0.00e+00	0.00e+00	0.00e+00	0.00e+00	0.00e+00
 1.67818e+14	5.56e-25	1.02e-16	5.65e-10	4.66e-05	4.19e-02	5.88e-01	3.70e-01	0.00e+00	0.00e+00	0.00e+00	0.00e+00	0.00e+00
 1.74561e+14	8.53e-25	1.46e-16	7.42e-10	5.62e-05	4.65e-02	6.04e-01	3.49e-01	0.00e+00	0.00e+00	0.00e+00	0.00e+00	0.00e+00
 1.81573e+14	1.29e-24	2.05e-16	9.71e-10	6.77e-05	5.15e-02	6.20e-01	3.29e-01	0.00e+00	0.00e+00	0.00e+00	0.00e+00	0.00e+00
 1.88866e+14	1.94e-24	2.88e-16	1.27e-09	8.13e-05	5.70e-02	6.34e-01	3.09e-01	0.00e+00	0.00e+00	0.00e+00	0.00e+00	0.00e+00
 1.96450e+14	2.90e-24	4.02e-16	1.65e-09	9.74e-05	6.29e-02	6.47e-01	2.90e-01	0.00e+00	0.00e+00	0.00e+00	0.00e+00	0.00e+00
 2.04338e+14	4.34e-24	5.59e-16	2.15e-09	1.16e-04	6.92e-02	6.59e-01	2.71e-01	0.00e+00	0.00e+00	0.00e+00	0.00e+00	0.00e+00
 2.12542e+14	6.48e-24	7.77e-16	2.78e-09	1.39e-04	7.60e-02	6.70e-01	2.53e-01	0.00e+00	0.00e+00	0.00e+00	0.00e+00	0.00e+00
 2.21073e+14	9.65e-24	1.08e-15	3.60e-09	1.65e-04	8.34e-02	6.80e-01	2.36e-01	0.00e+00	0.00e+00	0.00e+00	0.00e+00	0.00e+00
 2.29946e+14	1.43e-23	1.48e-15	4.65e-09	1.97e-04	9.13e-02	6.89e-01	2.20e-01	0.00e+00	0.00e+00	0.00e+00	0.00e+00	0.00e+00
 2.39174e+14	2.12e-23	2.04e-15	5.99e-09	2.33e-04	9.97e-02	6.96e-01	2.04e-01	0.00e+00	0.00e+00	0.00e+00	0.00e+00	0.00e+00
 2.48771e+14	3.13e-23	2.80e-15	7.70e-09	2.76e-04	1.09e-01	7.02e-01	1.89e-01	0.00e+00	0.00e+00	0.00e+00	0.00e+00	0.00e+00
 2.58752e+14	4.60e-23	3.83e-15	9.87e-09	3.26e-04	1.18e-01	7.06e-01	1.75e-01	0.00e+00	0.00e+00	0.00e+00	0.00e+00	0.00e+00
 2.69132e+14	6.75e-23	5.23e-15	1.26e-08	3.84e-04	1.28e-01	7.09e-01	1.62e-01	0.00e+00	0.00e+00	0.00e+00	0.00e+00	0.00e+00
 2.79927e+14	9.88e-23	7.11e-15	1.61e-08	4.52e-04	1.39e-01	7.11e-01	1.49e-01	0.00e+00	0.00e+00	0.00e+00	0.00e+00	0.00e+00
 2.91154e+14	1.44e-22	9.65e-15	2.06e-08	5.30e-04	1.51e-01	7.11e-01	1.37e-01	0.00e+00	0.00e+00	0.00e+00	0.00e+00	0.00e+00
 3.02830e+14	2.10e-22	1.31e-14	2.61e-08	6.22e-04	1.63e-01	7.10e-01	1.26e-01	0.00e+00	0.00e+00	0.00e+00	0.00e+00	0.00e+00
 3.14232e+14	2.98e-22	1.73e-14	3.27e-08	7.20e-04	1.75e-01	7.08e-01	1.16e-01	0.00e+00	0.00e+00	0.00e+00	0.00e+00	0.00e+00
 3.25094e+14	4.01e-22	2.20e-14	4.01e-08	8.23e-04	1.86e-01	7.05e-01	1.08e-01	0.00e+00	0.00e+00	0.00e+00	0.00e+00	0.00e+00
 3.37133e+14	5.77e-22	2.94e-14	4.99e-08	9.48e-04	1.99e-01	7.01e-01	9.92e-02	0.00e+00	0.00e+00	0.00e+00	0.00e+00	0.00e+00
 3.50648e+14	8.14e-22	3.88e-14	6.30e-08	1.10e-03	2.14e-01	6.95e-01	9.05e-02	0.00e+00	0.00e+00	0.00e+00	0.00e+00	0.00e+00
 3.64222e+14	1.16e-21	5.15e-14	7.87e-08	1.27e-03	2.28e-01	6.88e-01	8.27e-02	0.00e+00	0.00e+00	0.00e+00	0.00e+00	0.00e+00
 3.78340e+14	1.68e-21	6.92e-14	9.81e-08	1.47e-03	2.43e-01	6.80e-01	7.55e-02	0.00e+00	0.00e+00	0.00e+00	0.00e+00	0.00e+00
 3.93503e+14	2.40e-21	9.20e-14	1.23e-07	1.70e-03	2.59e-01	6.70e-01	6.86e-02	0.00e+00	0.00e+00	0.00e+00	0.00e+00	0.00e+00
 4.09274e+14	3.42e-21	1.22e-13	1.54e-07	1.96e-03	2.76e-01	6.60e-01	6.22e-02	0.00e+00	0.00e+00	0.00e+00	0.00e+00	0.00e+00
 4.25674e+14	4.88e-21	1.62e-13	1.92e-07	2.26e-03	2.94e-01	6.48e-01	5.63e-02	0.00e+00	0.00e+00	0.00e+00	0.00e+00	0.00e+00
 4.42731e+14	6.93e-21	2.14e-13	2.40e-07	2.60e-03	3.11e-01	6.35e-01	5.08e-02	0.00e+00	0.00e+00	0.00e+00	0.00e+00	0.00e+00
 4.60470e+14	9.62e-21	2.78e-13	2.98e-07	2.98e-03	3.30e-01	6.21e-01	4.58e-02	0.00e+00	0.00e+00	0.00e+00	0.00e+00	0.00e+00
 4.78919e+14	1.36e-20	3.65e-13	3.69e-07	3.41e-03	3.48e-01	6.07e-01	4.13e-02	0.00e+00	0.00e+00	0.00e+00	0.00e+00	0.00e+00
 4.98106e+14	1.96e-20	4.87e-13	4.57e-07	3.89e-03	3.68e-01	5.91e-01	3.71e-02	0.00e+00	0.00e+00	0.00e+00	0.00e+00	0.00e+00
 5.18060e+14	2.70e-20	6.29e-13	5.65e-07	4.44e-03	3.87e-01	5.75e-01	3.32e-02	0.00e+00	0.00e+00	0.00e+00	0.00e+00	0.00e+00
 5.38812e+14	3.81e-20	8.24e-13	6.95e-07	5.05e-03	4.07e-01	5.59e-01	2.98e-02	0.00e+00	0.00e+00	0.00e+00	0.00e+00	0.00e+00
 5.60395e+14	5.42e-20	1.09e-12	8.54e-07	5.73e-03	4.26e-01	5.41e-01	2.66e-02	0.00e+00	0.00e+00	0.00e+00	0.00e+00	0.00e+00
 5.82841e+14	7.58e-20	1.42e-12	1.05e-06	6.49e-03	4.46e-01	5.24e-01	2.38e-02	0.00e+00	0.00e+00	0.00e+00	0.00e+00	0.00e+00
 6.06184e+14	1.06e-19	1.84e-12	1.28e-06	7.34e-03	4.66e-01	5.05e-01	2.12e-02	0.00e+00	0.00e+00	0.00e+00	0.00e+00	0.00e+00
 6.30461e+14	1.48e-19	2.39e-12	1.57e-06	8.28e-03	4.86e-01	4.87e-01	1.88e-02	0.00e+00	0.00e+00	0.00e+00	0.00e+00	0.00e+00
 6.55710e+14	2.06e-19	3.10e-12	1.91e-06	9.33e-03	5.06e-01	4.68e-01	1.67e-02	0.00e+00	0.00e+00	0.00e+00	0.00e+00	0.00e+00
 6.81968e+14	2.87e-19	4.02e-12	2.32e-06	1.05e-02	5.26e-01	4.49e-01	1.48e-02	0.00e+00	0.00e+00	0.00e+00	0.00e+00	0.00e+00
 7.09277e+14	3.93e-19	5.13e-12	2.82e-06	1.18e-02	5.45e-01	4.30e-01	1.31e-02	0.00e+00	0.00e+00	0.00e+00	0.00e+00	0.00e+00
 7.37678e+14	5.47e-19	6.65e-12	3.41e-06	1.32e-02	5.64e-01	4.11e-01	1.15e-02	0.00e+00	0.00e+00	0.00e+00	0.00e+00	0.00e+00
 7.67215e+14	7.63e-19	8.60e-12	4.12e-06	1.47e-02	5.83e-01	3.92e-01	1.01e-02	0.00e+00	0.00e+00	0.00e+00	0.00e+00	0.00e+00
 7.97933e+14	1.05e-18	1.10e-11	4.99e-06	1.64e-02	6.01e-01	3.74e-01	8.90e-03	0.00e+00	0.00e+00	0.00e+00	0.00e+00	0.00e+00
 8.29881e+14	1.46e-18	1.42e-11	6.00e-06	1.83e-02	6.19e-01	3.55e-01	7.82e-03	0.00e+00	0.00e+00	0.00e+00	0.00e+00	0.00e+00
 8.63106e+14	2.02e-18	1.82e-11	7.21e-06	2.03e-02	6.36e-01	3.37e-01	6.85e-03	0.00e+00	0.00e+00	0.00e+00	0.00e+00	0.00e+00
 8.97660e+14	2.78e-18	2.34e-11	8.68e-06	2.26e-02	6.52e-01	3.19e-01	5.97e-03	0.00e+00	0.00e+00	0.00e+00	0.00e+00	0.00e+00
 9.33596e+14	3.84e-18	3.00e-11	1.04e-05	2.50e-02	6.68e-01	3.02e-01	5.22e-03	0.00e+00	0.00e+00	0.00e+00	0.00e+00	0.00e+00
 9.70970e+14	5.28e-18	3.83e-11	1.24e-05	2.76e-02	6.83e-01	2.85e-01	4.55e-03	0.00e+00	0.00e+00	0.00e+00	0.00e+00	0.00e+00
 1.00984e+15	7.28e-18	4.91e-11	1.49e-05	3.05e-02	6.97e-01	2.69e-01	3.94e-03	0.00e+00	0.00e+00	0.00e+00	0.00e+00	0.00e+00
 1.05026e+15	1.01e-17	6.28e-11	1.77e-05	3.36e-02	7.10e-01	2.53e-01	3.43e-03	0.00e+00	0.00e+00	0.00e+00	0.00e+00	0.00e+00
 1.09230e+15	1.37e-17	7.98e-11	2.11e-05	3.70e-02	7.23e-01	2.37e-01	2.97e-03	0.00e+00	0.00e+00	0.00e+00	0.00e+00	0.00e+00
 1.13602e+15	1.89e-17	1.02e-10	2.51e-05	4.07e-02	7.34e-01	2.22e-01	2.56e-03	0.00e+00	0.00e+00	0.00e+00	0.00e+00	0.00e+00
 1.18150e+15	2.61e-17	1.30e-10	2.98e-05	4.47e-02	7.45e-01	2.08e-01	2.21e-03	0.00e+00	0.00e+00	1.47e-17	8.10e-18	3.26e-18
 1.22879e+15	3.56e-17	1.65e-10	3.53e-05	4.89e-02	7.54e-01	1.95e-01	1.91e-03	0.00e+00	0.00e+00	1.99e-17	1.16e-17	4.02e-18
 1.27797e+15	4.91e-17	2.11e-10	4.19e-05	5.37e-02	7.63e-01	1.82e-01	1.64e-03	0.00e+00	0.00e+00	2.75e-17	1.60e-17	5.56e-18
 1.32912e+15	6.76e-17	2.68e-10	4.95e-05	5.86e-02	7.71e-01	1.69e-01	1.41e-03	0.00e+00	0.00e+00	3.78e-17	2.20e-17	7.65e-18
 1.38231e+15	9.15e-17	3.37e-10	5.84e-05	6.39e-02	7.77e-01	1.57e-01	1.21e-03	0.00e+00	0.00e+00	5.12e-17	2.97e-17	1.04e-17
 1.43379e+15	1.24e-16	4.24e-10	6.83e-05	6.94e-02	7.83e-01	1.47e-01	1.04e-03	0.00e+00	0.00e+00	6.93e-17	4.01e-17	1.40e-17
 1.48164e+15	1.61e-16	5.17e-10	7.82e-05	7.44e-02	7.87e-01	1.38e-01	9.15e-04	0.00e+00	0.00e+00	9.03e-17	5.22e-17	1.83e-17
 1.53524e+15	2.11e-16	6.35e-10	9.05e-05	8.03e-02	7.90e-01	1.29e-01	7.93e-04	0.00e+00	0.00e+00	1.19e-16	6.83e-17	2.40e-17
 1.59668e+15	2.92e-16	8.10e-10	1.07e-04	8.74e-02	7.93e-01	1.19e-01	6.74e-04	0.00e+00	0.00e+00	1.64e-16	9.41e-17	3.31e-17
 1.65690e+15	3.93e-16	1.01e-09	1.24e-04	9.43e-02	7.95e-01	1.10e-01	5.79e-04	0.00e+00	0.00e+00	2.21e-16	1.26e-16	4.46e-17
 1.71953e+15	5.19e-16	1.25e-09	1.44e-04	1.02e-01	7.95e-01	1.02e-01	4.96e-04	0.00e+00	0.00e+00	2.92e-16	1.67e-16	5.89e-17
 1.78834e+15	7.16e-16	1.59e-09	1.69e-04	1.10e-01	7.95e-01	9.41e-02	4.20e-04	0.00e+00	0.00e+00	4.04e-16	2.29e-16	8.12e-17
 1.85717e+15	9.69e-16	1.99e-09	1.96e-04	1.19e-01	7.94e-01	8.68e-02	3.58e-04	0.00e+00	0.00e+00	5.47e-16	3.10e-16	1.10e-16
 1.92875e+15	1.28e-15	2.46e-09	2.28e-04	1.28e-01	7.92e-01	7.99e-02	3.04e-04	0.00e+00	0.00e+00	7.25e-16	4.09e-16	1.46e-16
 2.00593e+15	1.77e-15	3.13e-09	2.67e-04	1.38e-01	7.88e-01	7.32e-02	2.56e-04	0.00e+00	0.00e+00	1.00e-15	5.64e-16	2.01e-16
 2.08619e+15	2.41e-15	3.94e-09	3.11e-04	1.49e-01	7.84e-01	6.69e-02	2.15e-04	0.00e+00	0.00e+00	1.37e-15	7.65e-16	2.73e-16
 2.16967e+15	3.29e-15	4.96e-09	3.62e-04	1.60e-01	7.78e-01	6.11e-02	1.81e-04	0.00e+00	0.00e+00	1.86e-15	1.04e-15	3.72e-16
 2.25649e+15	4.39e-15	6.14e-09	4.21e-04	1.72e-01	7.72e-01	5.57e-02	1.52e-04	0.00e+00	0.00e+00	2.49e-15	1.38e-15	4.96e-16
 2.34011e+15	5.91e-15	7.67e-09	4.86e-04	1.84e-01	7.65e-01	5.10e-02	1.28e-04	0.00e+00	0.00e+00	3.36e-15	1.86e-15	6.68e-16
 2.41684e+15	7.62e-15	9.25e-09	5.48e-04	1.94e-01	7.58e-01	4.72e-02	1.11e-04	0.00e+00	0.00e+00	4.34e-15	2.39e-15	8.60e-16
 2.50278e+15	9.82e-15	1.12e-08	6.25e-04	2.07e-01	7.49e-01	4.32e-02	9.41e-05	0.00e+00	0.00e+00	5.59e-15	3.08e-15	1.11e-15
 2.60239e+15	1.35e-14	1.41e-08	7.25e-04	2.21e-01	7.39e-01	3.91e-02	7.81e-05	0.00e+00	0.00e+00	7.69e-15	4.22e-15	1.52e-15
 2.69838e+15	1.79e-14	1.74e-08	8.29e-04	2.35e-01	7.28e-01	3.56e-02	6.58e-05	0.00e+00	0.00e+00	1.02e-14	5.59e-15	2.01e-15
 2.78692e+15	2.26e-14	2.06e-08	9.33e-04	2.48e-01	7.18e-01	3.27e-02	5.63e-05	0.00e+00	0.00e+00	1.29e-14	7.03e-15	2.53e-15
 2.88715e+15	3.01e-14	2.55e-08	1.07e-03	2.63e-01	7.06e-01	2.98e-02	4.72e-05	0.00e+00	0.00e+00	1.72e-14	9.36e-15	3.37e-15
 2.99909e+15	4.05e-14	3.17e-08	1.22e-03	2.79e-01	6.93e-01	2.68e-02	3.92e-05	0.00e+00	0.00e+00	2.32e-14	1.26e-14	4.52e-15
 3.10531e+15	5.18e-14	3.79e-08	1.39e-03	2.95e-01	6.80e-01	2.43e-02	3.29e-05	0.00e+00	0.00e+00	2.97e-14	1.60e-14	5.78e-15
 3.21935e+15	6.95e-14	4.70e-08	1.58e-03	3.12e-01	6.65e-01	2.19e-02	2.73e-05	0.00e+00	0.00e+00	3.98e-14	2.15e-14	7.72e-15
 3.34279e+15	9.31e-14	5.81e-08	1.81e-03	3.30e-01	6.49e-01	1.97e-02	2.25e-05	0.00e+00	0.00e+00	5.34e-14	2.87e-14	1.03e-14
 3.45896e+15	1.20e-13	7.02e-08	2.04e-03	3.47e-01	6.33e-01	1.78e-02	1.88e-05	0.00e+00	0.00e+00	6.92e-14	3.72e-14	1.33e-14
 3.58513e+15	1.59e-13	8.58e-08	2.32e-03	3.65e-01	6.17e-01	1.59e-02	1.56e-05	0.00e+00	0.00e+00	9.14e-14	4.90e-14	1.76e-14
 3.72400e+15	2.12e-13	1.06e-07	2.65e-03	3.85e-01	5.98e-01	1.41e-02	1.26e-05	0.00e+00	0.00e+00	1.22e-13	6.54e-14	2.34e-14
 3.85416e+15	2.76e-13	1.28e-07	2.98e-03	4.03e-01	5.81e-01	1.27e-02	1.05e-05	0.00e+00	0.00e+00	1.59e-13	8.51e-14	3.04e-14
 3.99410e+15	3.62e-13	1.56e-07	3.38e-03	4.23e-01	5.62e-01	1.13e-02	8.58e-06	0.00e+00	0.00e+00	2.08e-13	1.11e-13	3.96e-14
 4.14754e+15	4.84e-13	1.92e-07	3.84e-03	4.44e-01	5.43e-01	9.95e-03	6.95e-06	0.00e+00	0.00e+00	2.79e-13	1.49e-13	5.29e-14
 4.29150e+15	6.28e-13	2.32e-07	4.32e-03	4.63e-01	5.24e-01	8.85e-03	5.69e-06	0.00e+00	0.00e+00	3.62e-13	1.93e-13	6.85e-14
 4.44757e+15	8.27e-13	2.82e-07	4.87e-03	4.83e-01	5.04e-01	7.81e-03	4.62e-06	0.00e+00	0.00e+00	4.76e-13	2.54e-13	8.98e-14
 4.61887e+15	1.10e-12	3.47e-07	5.55e-03	5.05e-01	4.82e-01	6.82e-03	3.68e-06	0.00e+00	0.00e+00	6.35e-13	3.38e-13	1.19e-13
 4.78410e+15	1.41e-12	4.14e-07	6.23e-03	5.25e-01	4.62e-01	5.99e-03	2.98e-06	0.00e+00	0.00e+00	8.15e-13	4.34e-13	1.53e-13
 4.94462e+15	1.86e-12	5.04e-07	6.98e-03	5.45e-01	4.43e-01	5.29e-03	2.42e-06	0.00e+00	0.00e+00	1.07e-12	5.72e-13	2.01e-13
 5.12449e+15	2.46e-12	6.15e-07	7.87e-03	5.66e-01	4.22e-01	4.60e-03	1.93e-06	0.00e+00	0.00e+00	1.42e-12	7.56e-13	2.64e-13
 5.31900e+15	3.29e-12	7.56e-07	8.92e-03	5.87e-01	4.00e-01	3.96e-03	1.51e-06	0.00e+00	0.00e+00	1.90e-12	1.01e-12	3.52e-13
 5.49738e+15	4.27e-12	9.10e-07	9.96e-03	6.07e-01	3.80e-01	3.46e-03	1.22e-06	0.00e+00	0.00e+00	2.47e-12	1.31e-12	4.56e-13
 5.69144e+15	5.63e-12	1.11e-06	1.12e-02	6.26e-01	3.59e-01	2.99e-03	9.64e-07	0.00e+00	0.00e+00	3.25e-12	1.73e-12	6.00e-13
 5.90560e+15	7.53e-12	1.36e-06	1.27e-02	6.47e-01	3.37e-01	2.55e-03	0.00e+00	0.00e+00	0.00e+00	4.35e-12	2.31e-12	8.00e-13
 6.10189e+15	9.82e-12	1.64e-06	1.42e-02	6.65e-01	3.18e-01	2.20e-03	0.00e+00	0.00e+00	0.00e+00	5.68e-12	3.01e-12	1.04e-12
 6.27966e+15	1.21e-11	1.90e-06	1.56e-02	6.81e-01	3.02e-01	1.93e-03	0.00e+00	0.00e+00	0.00e+00	6.98e-12	3.70e-12	1.28e-12
 6.47734e+15	1.60e-11	2.32e-06	1.74e-02	6.98e-01	2.83e-01	1.66e-03	0.00e+00	0.00e+00	0.00e+00	9.27e-12	4.92e-12	1.69e-12
 6.69887e+15	2.13e-11	2.84e-06	1.96e-02	7.15e-01	2.64e-01	1.41e-03	0.00e+00	0.00e+00	0.00e+00	1.23e-11	6.52e-12	2.24e-12
 6.91031e+15	2.68e-11	3.34e-06	2.18e-02	7.30e-01	2.47e-01	1.21e-03	0.00e+00	0.00e+00	0.00e+00	1.55e-11	8.21e-12	2.81e-12
 7.14409e+15	3.70e-11	4.21e-06	2.47e-02	7.46e-01	2.28e-01	1.02e-03	0.00e+00	0.00e+00	0.00e+00	2.14e-11	1.13e-11	3.88e-12
 7.39277e+15	5.01e-11	5.22e-06	2.80e-02	7.61e-01	2.10e-01	8.46e-04	0.00e+00	0.00e+00	0.00e+00	2.90e-11	1.54e-11	5.25e-12
 7.61124e+15	6.28e-11	6.14e-06	3.13e-02	7.73e-01	1.95e-01	7.20e-04	0.00e+00	0.00e+00	0.00e+00	3.64e-11	1.93e-11	6.57e-12
 7.84567e+15	8.70e-11	7.75e-06	3.54e-02	7.85e-01	1.79e-01	6.02e-04	0.00e+00	0.00e+00	0.00e+00	5.04e-11	2.67e-11	9.08e-12
 8.09924e+15	1.18e-10	9.68e-06	4.03e-02	7.96e-01	1.63e-01	4.98e-04	0.00e+00	0.00e+00	0.00e+00	6.87e-11	3.63e-11	1.23e-11
 8.33000e+15	1.49e-10	1.15e-05	4.54e-02	8.05e-01	1.49e-01	4.18e-04	0.00e+00	0.00e+00	0.00e+00	8.67e-11	4.59e-11	1.56e-11
 8.58232e+15	2.15e-10	1.49e-05	5.21e-02	8.13e-01	1.35e-01	3.41e-04	0.00e+00	0.00e+00	0.00e+00	1.25e-10	6.60e-11	2.24e-11
 8.83972e+15	2.97e-10	1.89e-05	5.99e-02	8.19e-01	1.21e-01	2.79e-04	0.00e+00	0.00e+00	0.00e+00	1.72e-10	9.12e-11	3.09e-11
 9.05809e+15	3.72e-10	2.24e-05	6.78e-02	8.22e-01	1.10e-01	2.33e-04	0.00e+00	0.00e+00	0.00e+00	2.16e-10	1.14e-10	3.86e-11
 9.29635e+15	5.44e-10	2.97e-05	7.84e-02	8.23e-01	9.84e-02	1.90e-04	0.00e+00	0.00e+00	0.00e+00	3.16e-10	1.67e-10	5.65e-11
 9.53215e+15	7.48e-10	3.77e-05	9.07e-02	8.21e-01	8.77e-02	1.55e-04	0.00e+00	0.00e+00	0.00e+00	4.34e-10	2.30e-10	7.75e-11
 9.72449e+15	9.26e-10	4.45e-05	1.03e-01	8.18e-01	7.91e-02	1.30e-04	0.00e+00	0.00e+00	0.00e+00	5.38e-10	2.84e-10	9.60e-11
 9.93430e+15	1.36e-09	5.96e-05	1.20e-01	8.10e-01	6.97e-02	1.05e-04	0.00e+00	0.00e+00	0.00e+00	7.87e-10	4.16e-10	1.41e-10
 1.01409e+16	1.74e-09	7.28e-05	1.40e-01	7.98e-01	6.11e-02	8.47e-05	0.00e+00	0.00e+00	0.00e+00	1.01e-09	5.35e-10	1.81e-10
 1.03041e+16	2.48e-09	9.57e-05	1.61e-01	7.84e-01	5.42e-02	7.01e-05	0.00e+00	0.00e+00	0.00e+00	1.44e-09	7.61e-10	2.57e-10
 1.04378e+16	3.13e-09	1.15e-04	1.82e-01	7.69e-01	4.86e-02	5.94e-05	0.00e+00	0.00e+00	0.00e+00	1.82e-09	9.62e-10	3.25e-10
 1.05720e+16	4.03e-09	1.42e-04	2.07e-01	7.50e-01	4.29e-02	4.93e-05	0.00e+00	0.00e+00	0.00e+00	2.34e-09	1.24e-09	4.18e-10
 1.07176e+16	5.38e-09	1.79e-04	2.41e-01	7.22e-01	3.68e-02	3.95e-05	0.00e+00	0.00e+00	0.00e+00	3.13e-09	1.65e-09	5.59e-10
 1.08489e+16	7.16e-09	2.27e-04	2.80e-01	6.88e-01	3.12e-02	3.14e-05	0.00e+00	0.00e+00	0.00e+00	4.16e-09	2.20e-09	7.44e-10
 1.09649e+16	9.29e-09	2.82e-04	3.24e-01	6.49e-01	2.62e-02	2.48e-05	0.00e+00	0.00e+00	0.00e+00	5.40e-09	2.86e-09	9.66e-10
 1.10685e+16	1.19e-08	3.47e-04	3.72e-01	6.06e-01	2.17e-02	1.93e-05	0.00e+00	0.00e+00	0.00e+00	6.93e-09	3.67e-09	1.24e-09
 1.11629e+16	1.52e-08	4.26e-04	4.26e-01	5.56e-01	1.76e-02	1.48e-05	0.00e+00	0.00e+00	0.00e+00	8.82e-09	4.67e-09	1.58e-09
 1.12499e+16	1.91e-08	5.18e-04	4.85e-01	5.00e-01	1.39e-02	1.10e-05	0.00e+00	0.00e+00	0.00e+00	1.11e-08	5.88e-09	1.99e-09
 1.13217e+16	2.31e-08	6.09e-04	5.42e-01	4.47e-01	1.10e-02	8.23e-06	0.00e+00	0.00e+00	0.00e+00	1.34e-08	7.11e-09	2.41e-09
 1.13761e+16	2.67e-08	6.91e-04	5.89e-01	4.01e-01	8.87e-03	6.35e-06	0.00e+00	0.00e+00	0.00e+00	1.55e-08	8.23e-09	2.79e-09
 1.14322e+16	3.11e-08	7.88e-04	6.42e-01	3.50e-01	6.83e-03	4.64e-06	0.00e+00	0.00e+00	0.00e+00	1.81e-08	9.59e-09	3.26e-09
 1.14945e+16	3.65e-08	9.02e-04	7.02e-01	2.92e-01	4.89e-03	3.12e-06	0.00e+00	0.00e+00	0.00e+00	2.12e-08	1.13e-08	3.83e-09
 1.15526e+16	4.20e-08	1.01e-03	7.58e-01	2.38e-01	3.39e-03	2.02e-06	0.00e+00	0.00e+00	0.00e+00	2.44e-08	1.29e-08	4.41e-09
 1.16066e+16	4.73e-08	1.12e-03	8.06e-01	1.91e-01	2.29e-03	1.28e-06	0.00e+00	0.00e+00	0.00e+00	2.75e-08	1.46e-08	4.98e-09
 1.16678e+16	5.34e-08	1.23e-03	8.54e-01	1.43e-01	1.38e-03	7.07e-07	0.00e+00	0.00e+00	0.00e+00	3.11e-08	1.65e-08	5.63e-09
 1.17411e+16	6.03e-08	1.35e-03	8.99e-01	9.88e-02	7.23e-04	0.00e+00	0.00e+00	0.00e+00	0.00e+00	3.51e-08	1.86e-08	6.37e-09
 1.18184e+16	6.67e-08	1.45e-03	9.32e-01	6.62e-02	3.55e-04	0.00e+00	0.00e+00	0.00e+00	0.00e+00	3.88e-08	2.06e-08	7.06e-09
 1.19007e+16	7.26e-08	1.53e-03	9.54e-01	4.44e-02	1.69e-04	0.00e+00	0.00e+00	0.00e+00	0.00e+00	4.22e-08	2.24e-08	7.69e-09
 1.20012e+16	7.87e-08	1.61e-03	9.69e-01	2.90e-02	7.23e-05	0.00e+00	0.00e+00	0.00e+00	0.00e+00	4.58e-08	2.43e-08	8.34e-09
 1.21318e+16	8.54e-08	1.68e-03	9.79e-01	1.91e-02	2.78e-05	0.00e+00	0.00e+00	0.00e+00	0.00e+00	4.97e-08	2.64e-08	9.05e-09
 1.23016e+16	9.32e-08	1.75e-03	9.85e-01	1.34e-02	1.01e-05	0.00e+00	0.00e+00	0.00e+00	0.00e+00	5.42e-08	2.88e-08	9.87e-09
 1.25223e+16	1.03e-07	1.83e-03	9.88e-01	1.05e-02	3.57e-06	0.00e+00	0.00e+00	0.00e+00	0.00e+00	5.98e-08	3.18e-08	1.09e-08
 1.28092e+16	1.17e-07	1.92e-03	9.89e-01	8.90e-03	1.19e-06	0.00e+00	0.00e+00	0.00e+00	0.00e+00	6.78e-08	3.60e-08	1.23e-08
 1.31823e+16	1.36e-07	2.05e-03	9.90e-01	8.00e-03	3.67e-07	0.00e+00	0.00e+00	0.00e+00	0.00e+00	7.92e-08	4.20e-08	1.44e-08
 1.36610e+16	1.66e-07	2.21e-03	9.91e-01	7.25e-03	0.00e+00	0.00e+00	0.00e+00	0.00e+00	0.00e+00	9.63e-08	5.11e-08	1.75e-08
 1.41569e+16	2.02e-07	2.40e-03	9.91e-01	6.63e-03	0.00e+00	0.00e+00	0.00e+00	0.00e+00	0.00e+00	1.18e-07	6.25e-08	2.14e-08
 1.45797e+16	2.39e-07	2.56e-03	9.91e-01	6.17e-03	0.00e+00	0.00e+00	0.00e+00	0.00e+00	0.00e+00	1.39e-07	7.39e-08	2.53e-08
 1.50277e+16	2.87e-07	2.74e-03	9.92e-01	5.75e-03	0.00e+00	0.00e+00	0.00e+00	0.00e+00	0.00e+00	1.67e-07	8.87e-08	3.04e-08
 1.55319e+16	3.51e-07	2.96e-03	9.92e-01	5.30e-03	0.00e+00	0.00e+00	0.00e+00	0.00e+00	0.00e+00	2.04e-07	1.09e-07	3.72e-08
 1.60118e+16	4.27e-07	3.18e-03	9.92e-01	4.93e-03	0.00e+00	0.00e+00	0.00e+00	0.00e+00	0.00e+00	2.48e-07	1.32e-07	4.51e-08
 1.64658e+16	5.14e-07	3.41e-03	9.92e-01	4.60e-03	0.00e+00	0.00e+00	0.00e+00	0.00e+00	0.00e+00	2.99e-07	1.59e-07	5.43e-08
 1.69831e+16	6.38e-07	3.69e-03	9.92e-01	4.24e-03	0.00e+00	0.00e+00	0.00e+00	0.00e+00	0.00e+00	3.71e-07	1.97e-07	6.74e-08
 1.75474e+16	8.10e-07	4.02e-03	9.92e-01	3.91e-03	0.00e+00	0.00e+00	0.00e+00	0.00e+00	0.00e+00	4.71e-07	2.51e-07	8.56e-08
 1.80548e+16	1.01e-06	4.34e-03	9.92e-01	3.61e-03	0.00e+00	0.00e+00	0.00e+00	0.00e+00	0.00e+00	5.85e-07	3.12e-07	1.06e-07
 1.85253e+16	1.24e-06	4.67e-03	9.92e-01	3.38e-03	0.00e+00	0.00e+00	0.00e+00	0.00e+00	0.00e+00	7.22e-07	3.84e-07	1.31e-07
 1.90656e+16	1.60e-06	5.09e-03	9.92e-01	3.12e-03	0.00e+00	0.00e+00	0.00e+00	0.00e+00	0.00e+00	9.28e-07	4.94e-07	1.68e-07
 1.96164e+16	2.07e-06	5.57e-03	9.92e-01	2.87e-03	0.00e+00	0.00e+00	0.00e+00	0.00e+00	0.00e+00	1.21e-06	6.42e-07	2.19e-07
 2.00862e+16	2.62e-06	6.04e-03	9.91e-01	2.66e-03	0.00e+00	0.00e+00	0.00e+00	0.00e+00	0.00e+00	1.52e-06	8.11e-07	2.76e-07
 2.06026e+16	3.46e-06	6.64e-03	9.91e-01	2.46e-03	0.00e+00	0.00e+00	0.00e+00	0.00e+00	0.00e+00	2.01e-06	1.07e-06	3.63e-07
 2.11433e+16	4.67e-06	7.36e-03	9.90e-01	2.24e-03	0.00e+00	0.00e+00	0.00e+00	0.00e+00	0.00e+00	2.71e-06	1.45e-06	4.91e-07
 2.16120e+16	6.18e-06	8.12e-03	9.90e-01	2.06e-03	0.00e+00	0.00e+00	0.00e+00	0.00e+00	0.00e+00	3.59e-06	1.91e-06	6.49e-07
 2.20442e+16	8.18e-06	8.97e-03	9.89e-01	1.89e-03	0.00e+00	0.00e+00	0.00e+00	0.00e+00	0.00e+00	4.75e-06	2.53e-06	8.58e-07
 2.24633e+16	1.09e-05	9.95e-03	9.88e-01	1.74e-03	0.00e+00	0.00e+00	0.00e+00	0.00e+00	0.00e+00	6.33e-06	3.37e-06	1.14e-06
 2.28663e+16	1.47e-05	1.11e-02	9.87e-01	1.59e-03	0.00e+00	0.00e+00	0.00e+00	0.00e+00	0.00e+00	8.57e-06	4.56e-06	1.55e-06
 2.32404e+16	2.00e-05	1.25e-02	9.86e-01	1.44e-03	0.00e+00	0.00e+00	0.00e+00	0.00e+00	0.00e+00	1.16e-05	6.18e-06	2.09e-06
 2.35804e+16	2.69e-05	1.41e-02	9.85e-01	1.31e-03	0.00e+00	0.00e+00	0.00e+00	0.00e+00	0.00e+00	1.56e-05	8.30e-06	2.81e-06
 2.38957e+16	3.62e-05	1.59e-02	9.83e-01	1.19e-03	0.00e+00	0.00e+00	0.00e+00	0.00e+00	0.00e+00	2.11e-05	1.12e-05	3.79e-06
 2.41934e+16	4.93e-05	1.81e-02	9.81e-01	1.07e-03	0.00e+00	0.00e+00	0.00e+00	0.00e+00	0.00e+00	2.86e-05	1.52e-05	5.15e-06
 2.44000e+16	6.17e-05	1.99e-02	9.79e-01	9.92e-04	0.00e+00	0.00e+00	0.00e+00	0.00e+00	0.00e+00	3.59e-05	1.91e-05	6.45e-06
 2.45008e+16	6.93e-05	2.09e-02	9.78e-01	9.50e-04	0.00e+00	0.00e+00	0.00e+00	0.00e+00	0.00e+00	4.03e-05	2.14e-05	7.24e-06
 2.45897e+16	7.73e-05	2.20e-02	9.77e-01	9.12e-04	0.00e+00	0.00e+00	0.00e+00	0.00e+00	0.00e+00	4.49e-05	2.39e-05	8.07e-06
 2.47053e+16	8.95e-05	2.35e-02	9.76e-01	8.61e-04	0.00e+00	0.00e+00	0.00e+00	0.00e+00	0.00e+00	5.20e-05	2.76e-05	9.34e-06
 2.48555e+16	1.09e-04	2.57e-02	9.73e-01	7.98e-04	0.00e+00	0.00e+00	0.00e+00	0.00e+00	0.00e+00	6.33e-05	3.36e-05	1.14e-05
 2.49939e+16	1.31e-04	2.80e-02	9.71e-01	7.41e-04	0.00e+00	0.00e+00	0.00e+00	0.00e+00	0.00e+00	7.62e-05	4.05e-05	1.37e-05
 2.50842e+16	1.49e-04	2.97e-02	9.69e-01	7.08e-04	0.00e+00	0.00e+00	0.00e+00	0.00e+00	0.00e+00	8.64e-05	4.58e-05	1.55e-05
 2.51687e+16	1.69e-04	3.15e-02	9.68e-01	6.72e-04	0.00e+00	0.00e+00	0.00e+00	0.00e+00	0.00e+00	9.81e-05	5.21e-05	1.76e-05
 2.52786e+16	2.00e-04	3.42e-02	9.65e-01	6.24e-04	0.00e+00	0.00e+00	0.00e+00	0.00e+00	0.00e+00	1.16e-04	6.18e-05	2.09e-05
 2.53874e+16	2.37e-04	3.71e-02	9.62e-01	5.81e-04	0.00e+00	0.00e+00	0.00e+00	0.00e+00	0.00e+00	1.38e-04	7.33e-05	2.47e-05
 2.54686e+16	2.72e-04	3.96e-02	9.60e-01	5.48e-04	0.00e+00	0.00e+00	0.00e+00	0.00e+00	0.00e+00	1.58e-04	8.38e-05	2.83e-05
 2.55377e+16	3.06e-04	4.20e-02	9.57e-01	5.19e-04	0.00e+00	0.00e+00	0.00e+00	0.00e+00	0.00e+00	1.78e-04	9.44e-05	3.19e-05
 2.56168e+16	3.53e-04	4.51e-02	9.54e-01	4.88e-04	0.00e+00	0.00e+00	0.00e+00	0.00e+00	0.00e+00	2.05e-04	1.09e-04	3.67e-05
 2.57031e+16	4.14e-04	4.89e-02	9.50e-01	4.54e-04	0.00e+00	0.00e+00	0.00e+00	0.00e+00	0.00e+00	2.41e-04	1.28e-04	4.30e-05
 2.57785e+16	4.78e-04	5.26e-02	9.47e-01	4.23e-04	0.00e+00	0.00e+00	0.00e+00	0.00e+00	0.00e+00	2.78e-04	1.47e-04	4.97e-05
 2.58440e+16	5.44e-04	5.62e-02	9.43e-01	4.00e-04	0.00e+00	0.00e+00	0.00e+00	0.00e+00	0.00e+00	3.16e-04	1.68e-04	5.66e-05
 2.59166e+16	6.33e-04	6.07e-02	9.38e-01	3.71e-04	0.00e+00	0.00e+00	0.00e+00	0.00e+00	0.00e+00	3.68e-04	1.95e-04	6.59e-05
 2.59934e+16	7.46e-04	6.61e-02	9.33e-01	3.42e-04	0.00e+00	0.00e+00	0.00e+00	0.00e+00	0.00e+00	4.34e-04	2.30e-04	7.75e-05
 2.60583e+16	8.61e-04	7.12e-02	9.28e-01	3.18e-04	0.00e+00	0.00e+00	0.00e+00	0.00e+00	0.00e+00	5.01e-04	2.65e-04	8.95e-05
 2.61149e+16	9.82e-04	7.62e-02	9.22e-01	2.97e-04	0.00e+00	0.00e+00	0.00e+00	0.00e+00	0.00e+00	5.71e-04	3.03e-04	1.02e-04
 2.61785e+16	1.14e-03	8.26e-02	9.16e-01	2.75e-04	0.00e+00	0.00e+00	0.00e+00	0.00e+00	0.00e+00	6.66e-04	3.53e-04	1.19e-04
 2.62465e+16	1.35e-03	9.03e-02	9.08e-01	2.51e-04	0.00e+00	0.00e+00	0.00e+00	0.00e+00	0.00e+00	7.88e-04	4.17e-04	1.41e-04
 2.63047e+16	1.57e-03	9.78e-02	9.00e-01	2.31e-04	0.00e+00	0.00e+00	0.00e+00	0.00e+00	0.00e+00	9.15e-04	4.85e-04	1.63e-04
 2.63554e+16	1.80e-03	1.05e-01	8.93e-01	2.15e-04	0.00e+00	0.00e+00	0.00e+00	0.00e+00	0.00e+00	1.05e-03	5.54e-04	1.87e-04
 2.64122e+16	2.11e-03	1.14e-01	8.83e-01	1.96e-04	0.00e+00	0.00e+00	0.00e+00	0.00e+00	0.00e+00	1.23e-03	6.51e-04	2.19e-04
 2.64730e+16	2.51e-03	1.25e-01	8.72e-01	1.77e-04	0.00e+00	0.00e+00	0.00e+00	0.00e+00	0.00e+00	1.46e-03	7.74e-04	2.61e-04
 2.65255e+16	2.94e-03	1.36e-01	8.60e-01	1.61e-04	0.00e+00	0.00e+00	0.00e+00	0.00e+00	0.00e+00	1.71e-03	9.05e-04	3.05e-04
 2.65720e+16	3.40e-03	1.47e-01	8.49e-01	1.47e-04	0.00e+00	0.00e+00	0.00e+00	0.00e+00	0.00e+00	1.98e-03	1.05e-03	3.53e-04
 2.66243e+16	4.03e-03	1.61e-01	8.34e-01	1.32e-04	0.00e+00	0.00e+00	0.00e+00	0.00e+00	0.00e+00	2.34e-03	1.24e-03	4.18e-04
