#depth	C	C+	C+2	C+3	C+4	C+5	C+6	C[1]	C[2]	C[3]	C+[1]	C+[2]	CO
 1.49634e+10	0.00e+00	0.00e+00	1.27e-26	6.73e-17	1.29e-06	2.87e-02	9.71e-01	0.00e+00	0.00e+00	0.00e+00	0.00e+00	0.00e+00	0.00e+00
 4.54887e+10	0.00e+00	1.26e-36	1.73e-26	8.49e-17	1.50e-06	3.10e-02	9.69e-01	0.00e+00	0.00e+00	0.00e+00	0.00e+00	0.00e+00	0.00e+00
 7.72350e+10	1.31e-47	1.88e-36	2.37e-26	1.08e-16	1.76e-06	3.35e-02	9.66e-01	0.00e+00	0.00e+00	0.00e+00	0.00e+00	0.00e+00	3.89e-146
 1.10251e+11	0.00e+00	2.80e-36	3.27e-26	1.37e-16	2.06e-06	3.62e-02	9.64e-01	0.00e+00	0.00e+00	0.00e+00	0.00e+00	0.00e+00	7.69e-191
 1.43100e+11	3.34e-47	4.09e-36	4.43e-26	1.72e-16	2.40e-06	3.90e-02	9.61e-01	0.00e+00	0.00e+00	0.00e+00	0.00e+00	0.00e+00	3.96e-145
 1.77262e+11	0.00e+00	6.01e-36	6.02e-26	2.16e-16	2.80e-06	4.20e-02	9.58e-01	0.00e+00	0.00e+00	0.00e+00	0.00e+00	0.00e+00	4.18e-190
 2.14279e+11	8.56e-47	8.95e-36	8.29e-26	2.75e-16	3.29e-06	4.53e-02	9.55e-01	0.00e+00	0.00e+00	0.00e+00	0.00e+00	0.00e+00	4.09e-144
 2.51927e+11	0.00e+00	1.32e-35	1.13e-25	3.48e-16	3.84e-06	4.88e-02	9.51e-01	0.00e+00	0.00e+00	0.00e+00	0.00e+00	0.00e+00	2.26e-189
 2.91081e+11	2.20e-46	1.96e-35	1.55e-25	4.40e-16	4.50e-06	5.26e-02	9.47e-01	0.00e+00	0.00e+00	0.00e+00	0.00e+00	0.00e+00	4.22e-143
 3.32651e+11	0.00e+00	0.00e+00	2.14e-25	5.60e-16	5.28e-06	5.68e-02	9.43e-01	0.00e+00	0.00e+00	0.00e+00	0.00e+00	0.00e+00	1.22e-188
 3.75883e+11	0.00e+00	4.38e-35	2.95e-25	7.12e-16	6.19e-06	6.13e-02	9.39e-01	0.00e+00	0.00e+00	0.00e+00	0.00e+00	0.00e+00	8.42e-163
 4.17317e+11	9.00e-46	6.35e-35	3.97e-25	8.88e-16	7.18e-06	6.57e-02	9.34e-01	0.00e+00	0.00e+00	0.00e+00	0.00e+00	0.00e+00	1.19e-208
 4.55792e+11	0.00e+00	8.87e-35	5.19e-25	1.08e-15	8.20e-06	6.99e-02	9.30e-01	0.00e+00	0.00e+00	0.00e+00	0.00e+00	0.00e+00	9.07e-162
 4.99333e+11	2.09e-45	1.28e-34	6.97e-25	1.35e-15	9.50e-06	7.48e-02	9.25e-01	0.00e+00	0.00e+00	0.00e+00	0.00e+00	0.00e+00	7.28e-208
 5.49233e+11	0.00e+00	1.92e-34	9.63e-25	1.72e-15	1.12e-05	8.07e-02	9.19e-01	0.00e+00	0.00e+00	0.00e+00	0.00e+00	0.00e+00	1.22e-160
 5.98894e+11	5.41e-45	2.83e-34	1.31e-24	2.17e-15	1.30e-05	8.66e-02	9.13e-01	0.00e+00	0.00e+00	0.00e+00	0.00e+00	0.00e+00	3.49e-207
 6.50540e+11	0.00e+00	4.18e-34	1.79e-24	2.74e-15	1.52e-05	9.30e-02	9.07e-01	0.00e+00	0.00e+00	0.00e+00	0.00e+00	0.00e+00	1.67e-159
 7.00800e+11	1.34e-44	6.01e-34	2.40e-24	3.40e-15	1.75e-05	9.94e-02	9.01e-01	0.00e+00	0.00e+00	0.00e+00	0.00e+00	0.00e+00	1.62e-229
 7.44369e+11	0.00e+00	8.17e-34	3.07e-24	4.09e-15	1.98e-05	1.05e-01	8.95e-01	0.00e+00	0.00e+00	0.00e+00	0.00e+00	0.00e+00	1.61e-158
 7.92057e+11	2.88e-44	1.14e-33	3.99e-24	4.97e-15	2.26e-05	1.11e-01	8.89e-01	0.00e+00	0.00e+00	0.00e+00	0.00e+00	0.00e+00	4.75e-206
 8.50354e+11	0.00e+00	1.67e-33	5.44e-24	6.26e-15	2.63e-05	1.19e-01	8.81e-01	0.00e+00	0.00e+00	0.00e+00	0.00e+00	0.00e+00	1.78e-157
 9.08653e+11	7.17e-44	2.43e-33	7.31e-24	7.80e-15	3.04e-05	1.27e-01	8.73e-01	0.00e+00	0.00e+00	0.00e+00	0.00e+00	0.00e+00	1.69e-204
 9.60069e+11	0.00e+00	3.34e-33	9.43e-24	9.43e-15	3.44e-05	1.35e-01	8.65e-01	0.00e+00	0.00e+00	0.00e+00	0.00e+00	0.00e+00	1.82e-156
 1.01633e+12	1.59e-43	4.69e-33	1.24e-23	1.16e-14	3.94e-05	1.43e-01	8.57e-01	0.00e+00	0.00e+00	0.00e+00	0.00e+00	0.00e+00	1.00e-203
 1.08405e+12	0.00e+00	6.97e-33	1.70e-23	1.46e-14	4.60e-05	1.53e-01	8.47e-01	0.00e+00	0.00e+00	0.00e+00	0.00e+00	0.00e+00	2.16e-155
 1.15147e+12	4.02e-43	1.02e-32	2.29e-23	1.83e-14	5.32e-05	1.63e-01	8.37e-01	0.00e+00	0.00e+00	0.00e+00	0.00e+00	0.00e+00	0.00e+00
 1.21237e+12	0.00e+00	1.41e-32	2.98e-23	2.22e-14	6.06e-05	1.72e-01	8.27e-01	0.00e+00	0.00e+00	0.00e+00	0.00e+00	0.00e+00	2.35e-154
 1.28001e+12	9.23e-43	2.02e-32	3.97e-23	2.75e-14	6.97e-05	1.83e-01	8.17e-01	0.00e+00	0.00e+00	0.00e+00	0.00e+00	0.00e+00	0.00e+00
 1.35957e+12	0.00e+00	3.03e-32	5.49e-23	3.49e-14	8.15e-05	1.96e-01	8.04e-01	0.00e+00	0.00e+00	0.00e+00	0.00e+00	0.00e+00	3.06e-153
 1.43858e+12	2.40e-42	4.48e-32	7.48e-23	4.38e-14	9.47e-05	2.08e-01	7.91e-01	0.00e+00	0.00e+00	0.00e+00	0.00e+00	0.00e+00	0.00e+00
 1.51228e+12	0.00e+00	6.34e-32	9.87e-23	5.38e-14	1.08e-04	2.20e-01	7.80e-01	0.00e+00	0.00e+00	0.00e+00	0.00e+00	0.00e+00	3.66e-152
 1.59423e+12	5.78e-42	9.27e-32	1.34e-22	6.73e-14	1.25e-04	2.34e-01	7.66e-01	0.00e+00	0.00e+00	0.00e+00	0.00e+00	0.00e+00	3.44e-199
 1.68391e+12	0.00e+00	1.38e-31	1.83e-22	8.50e-14	1.46e-04	2.49e-01	7.51e-01	0.00e+00	0.00e+00	0.00e+00	0.00e+00	0.00e+00	5.00e-151
 1.77140e+12	1.47e-41	2.01e-31	2.47e-22	1.06e-13	1.68e-04	2.63e-01	7.36e-01	0.00e+00	0.00e+00	0.00e+00	0.00e+00	0.00e+00	0.00e+00
 1.85790e+12	0.00e+00	2.87e-31	3.28e-22	1.31e-13	1.93e-04	2.78e-01	7.22e-01	0.00e+00	0.00e+00	0.00e+00	0.00e+00	0.00e+00	5.90e-150
 1.95363e+12	3.61e-41	4.22e-31	4.46e-22	1.63e-13	2.23e-04	2.94e-01	7.06e-01	0.00e+00	0.00e+00	0.00e+00	0.00e+00	0.00e+00	0.00e+00
 2.05718e+12	0.00e+00	6.30e-31	6.13e-22	2.06e-13	2.59e-04	3.12e-01	6.88e-01	0.00e+00	0.00e+00	0.00e+00	0.00e+00	0.00e+00	8.32e-149
 2.15463e+12	9.07e-41	9.05e-31	8.17e-22	2.55e-13	2.96e-04	3.28e-01	6.72e-01	0.00e+00	0.00e+00	0.00e+00	0.00e+00	0.00e+00	0.00e+00
 2.26050e+12	0.00e+00	1.33e-30	1.11e-21	3.18e-13	3.42e-04	3.46e-01	6.54e-01	0.00e+00	0.00e+00	0.00e+00	0.00e+00	0.00e+00	1.03e-147
 2.37315e+12	2.32e-40	1.96e-30	1.51e-21	3.99e-13	3.95e-04	3.64e-01	6.35e-01	0.00e+00	0.00e+00	0.00e+00	0.00e+00	0.00e+00	0.00e+00
 2.46901e+12	0.00e+00	2.71e-30	1.95e-21	4.81e-13	4.45e-04	3.80e-01	6.19e-01	0.00e+00	0.00e+00	0.00e+00	0.00e+00	0.00e+00	1.15e-146
 2.56606e+12	5.03e-40	3.72e-30	2.50e-21	5.77e-13	4.99e-04	3.96e-01	6.04e-01	0.00e+00	0.00e+00	0.00e+00	0.00e+00	0.00e+00	0.00e+00
 2.68829e+12	0.00e+00	5.47e-30	3.40e-21	7.21e-13	5.75e-04	4.15e-01	5.84e-01	0.00e+00	0.00e+00	0.00e+00	0.00e+00	0.00e+00	1.24e-145
 2.81312e+12	1.28e-39	7.99e-30	4.59e-21	8.96e-13	6.59e-04	4.35e-01	5.64e-01	0.00e+00	0.00e+00	0.00e+00	0.00e+00	0.00e+00	0.00e+00
 2.92147e+12	0.00e+00	1.10e-29	5.90e-21	1.07e-12	7.39e-04	4.52e-01	5.47e-01	0.00e+00	0.00e+00	0.00e+00	0.00e+00	0.00e+00	1.33e-144
 3.03857e+12	2.83e-39	1.54e-29	7.69e-21	1.30e-12	8.33e-04	4.70e-01	5.30e-01	0.00e+00	0.00e+00	0.00e+00	0.00e+00	0.00e+00	7.36e-205
 3.18181e+12	0.00e+00	2.28e-29	1.05e-20	1.63e-12	9.57e-04	4.91e-01	5.09e-01	0.00e+00	0.00e+00	0.00e+00	0.00e+00	0.00e+00	1.58e-143
 3.32906e+12	7.31e-39	3.36e-29	1.42e-20	2.03e-12	1.10e-03	5.11e-01	4.87e-01	0.00e+00	0.00e+00	0.00e+00	0.00e+00	0.00e+00	5.15e-204
 3.46527e+12	0.00e+00	4.75e-29	1.87e-20	2.47e-12	1.24e-03	5.30e-01	4.69e-01	0.00e+00	0.00e+00	0.00e+00	0.00e+00	0.00e+00	1.95e-142
 3.61688e+12	1.76e-38	6.90e-29	2.51e-20	3.05e-12	1.41e-03	5.50e-01	4.48e-01	0.00e+00	0.00e+00	0.00e+00	0.00e+00	0.00e+00	9.40e-203
 3.79148e+12	0.00e+00	1.04e-28	3.47e-20	3.84e-12	1.62e-03	5.72e-01	4.26e-01	0.00e+00	0.00e+00	0.00e+00	0.00e+00	0.00e+00	2.88e-141
 3.96351e+12	4.68e-38	1.54e-28	4.71e-20	4.78e-12	1.85e-03	5.93e-01	4.05e-01	0.00e+00	0.00e+00	0.00e+00	0.00e+00	0.00e+00	1.25e-214
 4.14241e+12	0.00e+00	2.27e-28	6.40e-20	5.94e-12	2.11e-03	6.14e-01	3.84e-01	0.00e+00	0.00e+00	0.00e+00	0.00e+00	0.00e+00	4.19e-140
 4.33804e+12	1.24e-37	3.42e-28	8.81e-20	7.46e-12	2.41e-03	6.35e-01	3.63e-01	0.00e+00	0.00e+00	0.00e+00	0.00e+00	0.00e+00	4.82e-214
 4.53690e+12	0.00e+00	5.09e-28	1.20e-19	9.30e-12	2.75e-03	6.55e-01	3.42e-01	0.00e+00	0.00e+00	0.00e+00	0.00e+00	0.00e+00	6.80e-139
 4.72029e+12	3.12e-37	7.24e-28	1.59e-19	1.13e-11	3.08e-03	6.73e-01	3.24e-01	0.00e+00	0.00e+00	0.00e+00	0.00e+00	0.00e+00	1.61e-212
 4.88706e+12	0.00e+00	9.88e-28	2.02e-19	1.34e-11	3.40e-03	6.88e-01	3.09e-01	0.00e+00	0.00e+00	0.00e+00	0.00e+00	0.00e+00	6.76e-138
 5.07684e+12	6.92e-37	1.39e-27	2.64e-19	1.62e-11	3.80e-03	7.04e-01	2.92e-01	0.00e+00	0.00e+00	0.00e+00	0.00e+00	0.00e+00	0.00e+00
 5.30276e+12	0.00e+00	2.05e-27	3.58e-19	2.00e-11	4.29e-03	7.22e-01	2.74e-01	0.00e+00	0.00e+00	0.00e+00	0.00e+00	0.00e+00	8.56e-137
 5.52884e+12	1.77e-36	2.98e-27	4.80e-19	2.46e-11	4.83e-03	7.38e-01	2.57e-01	0.00e+00	0.00e+00	0.00e+00	0.00e+00	0.00e+00	0.00e+00
 5.73935e+12	0.00e+00	4.18e-27	6.24e-19	2.96e-11	5.36e-03	7.53e-01	2.42e-01	0.00e+00	0.00e+00	0.00e+00	0.00e+00	0.00e+00	1.02e-135
 5.97424e+12	4.17e-36	5.99e-27	8.28e-19	3.60e-11	5.99e-03	7.67e-01	2.27e-01	0.00e+00	0.00e+00	0.00e+00	0.00e+00	0.00e+00	1.55e-223
 6.24314e+12	0.00e+00	8.92e-27	1.13e-18	4.47e-11	6.76e-03	7.83e-01	2.10e-01	0.00e+00	0.00e+00	0.00e+00	0.00e+00	0.00e+00	1.44e-134
 6.50337e+12	1.07e-35	1.29e-26	1.51e-18	5.46e-11	7.56e-03	7.96e-01	1.96e-01	0.00e+00	0.00e+00	0.00e+00	0.00e+00	0.00e+00	6.20e-99
 6.72294e+12	0.00e+00	1.74e-26	1.90e-18	6.42e-11	8.28e-03	8.07e-01	1.85e-01	0.00e+00	0.00e+00	0.00e+00	0.00e+00	0.00e+00	0.00e+00
 6.91500e+12	2.12e-35	2.25e-26	2.32e-18	7.37e-11	8.93e-03	8.15e-01	1.76e-01	0.00e+00	0.00e+00	0.00e+00	0.00e+00	0.00e+00	1.03e-115
 7.13495e+12	0.00e+00	2.98e-26	2.90e-18	8.59e-11	9.71e-03	8.25e-01	1.66e-01	0.00e+00	0.00e+00	0.00e+00	0.00e+00	0.00e+00	2.35e-99
 7.41941e+12	4.64e-35	4.25e-26	3.82e-18	1.04e-10	1.08e-02	8.35e-01	1.54e-01	0.00e+00	0.00e+00	0.00e+00	0.00e+00	0.00e+00	0.00e+00
 7.71506e+12	0.00e+00	6.07e-26	5.04e-18	1.26e-10	1.20e-02	8.45e-01	1.43e-01	0.00e+00	0.00e+00	0.00e+00	0.00e+00	0.00e+00	1.18e-131
 7.96578e+12	1.03e-34	8.11e-26	6.32e-18	1.47e-10	1.30e-02	8.53e-01	1.34e-01	0.00e+00	0.00e+00	0.00e+00	0.00e+00	0.00e+00	8.36e-97
 8.23077e+12	1.48e-34	1.09e-25	7.97e-18	1.73e-10	1.42e-02	8.60e-01	1.26e-01	0.00e+00	0.00e+00	0.00e+00	0.00e+00	0.00e+00	0.00e+00
 8.56313e+12	2.30e-34	1.56e-25	1.06e-17	2.10e-10	1.57e-02	8.68e-01	1.16e-01	0.00e+00	0.00e+00	0.00e+00	0.00e+00	0.00e+00	4.65e-113
 8.90347e+12	3.56e-34	2.23e-25	1.40e-17	2.54e-10	1.74e-02	8.76e-01	1.07e-01	0.00e+00	0.00e+00	0.00e+00	0.00e+00	0.00e+00	1.23e-95
 9.20092e+12	5.13e-34	3.01e-25	1.76e-17	2.99e-10	1.90e-02	8.81e-01	9.99e-02	0.00e+00	0.00e+00	0.00e+00	0.00e+00	0.00e+00	3.65e-112
 9.52222e+12	7.52e-34	4.11e-25	2.25e-17	3.53e-10	2.07e-02	8.86e-01	9.28e-02	0.00e+00	0.00e+00	0.00e+00	0.00e+00	0.00e+00	6.15e-95
 9.91287e+12	1.18e-33	5.92e-25	3.00e-17	4.31e-10	2.30e-02	8.92e-01	8.51e-02	0.00e+00	0.00e+00	0.00e+00	0.00e+00	0.00e+00	3.09e-111
 1.03077e+13	1.82e-33	8.44e-25	3.97e-17	5.22e-10	2.54e-02	8.97e-01	7.80e-02	0.00e+00	0.00e+00	0.00e+00	0.00e+00	0.00e+00	4.09e-94
 1.06660e+13	2.66e-33	1.15e-24	5.07e-17	6.18e-10	2.77e-02	9.00e-01	7.23e-02	0.00e+00	0.00e+00	0.00e+00	0.00e+00	0.00e+00	2.51e-110
 1.10630e+13	3.98e-33	1.60e-24	6.57e-17	7.39e-10	3.04e-02	9.03e-01	6.66e-02	0.00e+00	0.00e+00	0.00e+00	0.00e+00	0.00e+00	2.18e-93
 1.15003e+13	6.10e-33	2.27e-24	8.68e-17	8.94e-10	3.35e-02	9.06e-01	6.09e-02	0.00e+00	0.00e+00	0.00e+00	0.00e+00	0.00e+00	2.14e-109
 1.19041e+13	8.91e-33	3.10e-24	1.11e-16	1.06e-09	3.65e-02	9.07e-01	5.62e-02	0.00e+00	0.00e+00	0.00e+00	0.00e+00	0.00e+00	1.21e-92
 1.23398e+13	1.32e-32	4.27e-24	1.43e-16	1.26e-09	3.99e-02	9.08e-01	5.16e-02	0.00e+00	0.00e+00	0.00e+00	0.00e+00	0.00e+00	1.57e-108
 1.28290e+13	2.01e-32	6.04e-24	1.89e-16	1.53e-09	4.39e-02	9.09e-01	4.71e-02	0.00e+00	0.00e+00	0.00e+00	0.00e+00	0.00e+00	6.87e-92
 1.32985e+13	2.96e-32	8.31e-24	2.43e-16	1.82e-09	4.80e-02	9.09e-01	4.32e-02	0.00e+00	0.00e+00	0.00e+00	0.00e+00	0.00e+00	1.29e-107
 1.37990e+13	4.40e-32	1.15e-23	3.15e-16	2.17e-09	5.24e-02	9.08e-01	3.95e-02	0.00e+00	0.00e+00	0.00e+00	0.00e+00	0.00e+00	3.63e-91
 1.43131e+13	6.50e-32	1.58e-23	4.07e-16	2.59e-09	5.73e-02	9.07e-01	3.61e-02	0.00e+00	0.00e+00	0.00e+00	0.00e+00	0.00e+00	9.94e-107
 1.47618e+13	9.00e-32	2.07e-23	5.04e-16	3.00e-09	6.16e-02	9.05e-01	3.35e-02	0.00e+00	0.00e+00	0.00e+00	0.00e+00	0.00e+00	1.66e-90
 1.51684e+13	1.20e-31	2.62e-23	6.07e-16	3.42e-09	6.56e-02	9.03e-01	3.14e-02	0.00e+00	0.00e+00	0.00e+00	0.00e+00	0.00e+00	4.93e-106
 1.56206e+13	1.62e-31	3.37e-23	7.42e-16	3.92e-09	7.03e-02	9.01e-01	2.92e-02	0.00e+00	0.00e+00	0.00e+00	0.00e+00	0.00e+00	5.85e-90
 1.62085e+13	2.38e-31	4.61e-23	9.54e-16	4.66e-09	7.65e-02	8.97e-01	2.66e-02	0.00e+00	0.00e+00	0.00e+00	0.00e+00	0.00e+00	3.02e-105
 1.68106e+13	3.46e-31	6.28e-23	1.22e-15	5.53e-09	8.31e-02	8.93e-01	2.43e-02	0.00e+00	0.00e+00	0.00e+00	0.00e+00	0.00e+00	2.95e-89
 1.73058e+13	4.64e-31	8.01e-23	1.48e-15	6.32e-09	8.87e-02	8.89e-01	2.26e-02	0.00e+00	0.00e+00	0.00e+00	0.00e+00	0.00e+00	1.79e-104
 1.78245e+13	6.25e-31	1.02e-22	1.80e-15	7.22e-09	9.46e-02	8.84e-01	2.10e-02	0.00e+00	0.00e+00	0.00e+00	0.00e+00	0.00e+00	1.07e-88
 1.84949e+13	9.05e-31	1.39e-22	2.30e-15	8.53e-09	1.02e-01	8.78e-01	1.92e-02	0.00e+00	0.00e+00	0.00e+00	0.00e+00	0.00e+00	1.07e-103
 1.92088e+13	1.32e-30	1.89e-22	2.95e-15	1.01e-08	1.11e-01	8.71e-01	1.74e-02	0.00e+00	0.00e+00	0.00e+00	0.00e+00	0.00e+00	5.40e-88
 1.98435e+13	1.82e-30	2.47e-22	3.63e-15	1.17e-08	1.19e-01	8.65e-01	1.60e-02	0.00e+00	0.00e+00	0.00e+00	0.00e+00	0.00e+00	7.04e-103
 2.05291e+13	2.54e-30	3.24e-22	4.51e-15	1.35e-08	1.28e-01	8.58e-01	1.47e-02	0.00e+00	0.00e+00	0.00e+00	0.00e+00	0.00e+00	2.28e-87
 2.13500e+13	3.72e-30	4.44e-22	5.79e-15	1.60e-08	1.38e-01	8.49e-01	1.33e-02	0.00e+00	0.00e+00	0.00e+00	0.00e+00	0.00e+00	4.94e-102
 2.21571e+13	5.33e-30	5.96e-22	7.31e-15	1.88e-08	1.49e-01	8.39e-01	1.21e-02	0.00e+00	0.00e+00	0.00e+00	0.00e+00	0.00e+00	1.18e-86
 2.28775e+13	7.25e-30	7.67e-22	8.92e-15	2.15e-08	1.58e-01	8.31e-01	1.12e-02	0.00e+00	0.00e+00	0.00e+00	0.00e+00	0.00e+00	3.09e-101
 2.36748e+13	1.01e-29	1.00e-21	1.10e-14	2.48e-08	1.69e-01	8.21e-01	1.02e-02	0.00e+00	0.00e+00	0.00e+00	0.00e+00	0.00e+00	4.90e-86
 2.46229e+13	1.46e-29	1.36e-21	1.40e-14	2.91e-08	1.82e-01	8.09e-01	9.22e-03	0.00e+00	0.00e+00	0.00e+00	0.00e+00	0.00e+00	2.15e-100
 2.55696e+13	2.09e-29	1.82e-21	1.76e-14	3.40e-08	1.95e-01	7.97e-01	8.35e-03	0.00e+00	0.00e+00	0.00e+00	0.00e+00	0.00e+00	2.55e-85
 2.64486e+13	2.87e-29	2.36e-21	2.16e-14	3.90e-08	2.07e-01	7.85e-01	7.64e-03	0.00e+00	0.00e+00	0.00e+00	0.00e+00	0.00e+00	1.42e-99
 2.72719e+13	3.82e-29	2.98e-21	2.59e-14	4.41e-08	2.19e-01	7.74e-01	7.03e-03	0.00e+00	0.00e+00	0.00e+00	0.00e+00	0.00e+00	1.01e-84
 2.80194e+13	4.91e-29	3.66e-21	3.04e-14	4.90e-08	2.29e-01	7.64e-01	6.55e-03	0.00e+00	0.00e+00	0.00e+00	0.00e+00	0.00e+00	6.45e-99
 2.88333e+13	6.41e-29	4.54e-21	3.59e-14	5.47e-08	2.41e-01	7.53e-01	6.07e-03	0.00e+00	0.00e+00	0.00e+00	0.00e+00	0.00e+00	3.36e-84
 2.98915e+13	8.94e-29	5.96e-21	4.44e-14	6.30e-08	2.56e-01	7.39e-01	5.50e-03	0.00e+00	0.00e+00	0.00e+00	0.00e+00	0.00e+00	3.52e-98
 3.09619e+13	1.24e-28	7.75e-21	5.45e-14	7.21e-08	2.71e-01	7.24e-01	4.98e-03	0.00e+00	0.00e+00	0.00e+00	0.00e+00	0.00e+00	1.53e-83
 3.18248e+13	1.59e-28	9.51e-21	6.38e-14	8.00e-08	2.83e-01	7.12e-01	4.62e-03	0.00e+00	0.00e+00	0.00e+00	0.00e+00	0.00e+00	1.81e-97
 3.27229e+13	2.05e-28	1.17e-20	7.47e-14	8.88e-08	2.96e-01	7.00e-01	4.27e-03	0.00e+00	0.00e+00	0.00e+00	0.00e+00	0.00e+00	4.98e-83
 3.38903e+13	2.81e-28	1.51e-20	9.12e-14	1.01e-07	3.12e-01	6.84e-01	3.87e-03	0.00e+00	0.00e+00	0.00e+00	0.00e+00	0.00e+00	9.39e-97
 3.51294e+13	3.89e-28	1.97e-20	1.12e-13	1.16e-07	3.29e-01	6.67e-01	3.49e-03	0.00e+00	0.00e+00	0.00e+00	0.00e+00	0.00e+00	2.25e-82
 3.62126e+13	5.11e-28	2.45e-20	1.32e-13	1.29e-07	3.44e-01	6.53e-01	3.20e-03	0.00e+00	0.00e+00	0.00e+00	0.00e+00	0.00e+00	5.28e-96
 3.73721e+13	6.78e-28	3.08e-20	1.58e-13	1.44e-07	3.60e-01	6.37e-01	2.92e-03	0.00e+00	0.00e+00	0.00e+00	0.00e+00	0.00e+00	8.41e-82
 3.88029e+13	9.47e-28	4.03e-20	1.94e-13	1.65e-07	3.79e-01	6.18e-01	2.61e-03	0.00e+00	0.00e+00	0.00e+00	0.00e+00	0.00e+00	3.17e-95
 4.02192e+13	1.30e-27	5.21e-20	2.36e-13	1.87e-07	3.97e-01	6.00e-01	2.34e-03	0.00e+00	0.00e+00	0.00e+00	0.00e+00	0.00e+00	4.00e-81
 4.14297e+13	1.69e-27	6.43e-20	2.77e-13	2.08e-07	4.13e-01	5.85e-01	2.14e-03	0.00e+00	0.00e+00	0.00e+00	0.00e+00	0.00e+00	1.74e-94
 4.27399e+13	2.22e-27	8.00e-20	3.27e-13	2.31e-07	4.29e-01	5.69e-01	1.95e-03	0.00e+00	0.00e+00	0.00e+00	0.00e+00	0.00e+00	1.44e-80
 4.43650e+13	3.07e-27	1.04e-19	3.99e-13	2.62e-07	4.50e-01	5.49e-01	1.73e-03	0.00e+00	0.00e+00	0.00e+00	0.00e+00	0.00e+00	1.02e-93
 4.60063e+13	4.21e-27	1.34e-19	4.83e-13	2.96e-07	4.69e-01	5.29e-01	1.55e-03	0.00e+00	0.00e+00	0.00e+00	0.00e+00	0.00e+00	6.80e-80
 4.74442e+13	5.49e-27	1.66e-19	5.68e-13	3.28e-07	4.86e-01	5.13e-01	1.40e-03	0.00e+00	0.00e+00	0.00e+00	0.00e+00	0.00e+00	5.77e-93
 4.90106e+13	7.25e-27	2.07e-19	6.73e-13	3.64e-07	5.03e-01	4.95e-01	1.26e-03	0.00e+00	0.00e+00	0.00e+00	0.00e+00	0.00e+00	2.56e-79
 5.09089e+13	1.00e-26	2.68e-19	8.19e-13	4.12e-07	5.24e-01	4.75e-01	1.11e-03	0.00e+00	0.00e+00	0.00e+00	0.00e+00	0.00e+00	3.52e-92
 5.28027e+13	1.37e-26	3.44e-19	9.86e-13	4.62e-07	5.44e-01	4.55e-01	9.88e-04	0.00e+00	0.00e+00	0.00e+00	0.00e+00	0.00e+00	1.21e-78
 5.45025e+13	1.79e-26	4.25e-19	1.16e-12	5.10e-07	5.61e-01	4.39e-01	8.88e-04	0.00e+00	0.00e+00	0.00e+00	0.00e+00	0.00e+00	2.03e-91
 5.63863e+13	2.38e-26	5.34e-19	1.37e-12	5.66e-07	5.78e-01	4.21e-01	7.93e-04	0.00e+00	0.00e+00	0.00e+00	0.00e+00	0.00e+00	4.79e-78
 5.86149e+13	3.28e-26	6.91e-19	1.66e-12	6.38e-07	5.99e-01	4.01e-01	6.94e-04	0.00e+00	0.00e+00	0.00e+00	0.00e+00	0.00e+00	1.31e-90
 6.08273e+13	4.47e-26	8.82e-19	2.00e-12	7.12e-07	6.18e-01	3.82e-01	6.11e-04	0.00e+00	0.00e+00	0.00e+00	0.00e+00	0.00e+00	2.33e-77
 6.28940e+13	5.90e-26	1.10e-18	2.35e-12	7.85e-07	6.34e-01	3.65e-01	5.45e-04	0.00e+00	0.00e+00	0.00e+00	0.00e+00	0.00e+00	7.97e-90
 6.52054e+13	7.95e-26	1.39e-18	2.80e-12	8.72e-07	6.52e-01	3.48e-01	4.80e-04	0.00e+00	0.00e+00	0.00e+00	0.00e+00	0.00e+00	1.00e-76
 6.78435e+13	1.10e-25	1.80e-18	3.38e-12	9.77e-07	6.71e-01	3.28e-01	4.17e-04	0.00e+00	0.00e+00	0.00e+00	0.00e+00	0.00e+00	5.49e-89
 7.04415e+13	1.50e-25	2.29e-18	4.04e-12	1.09e-06	6.88e-01	3.11e-01	3.65e-04	0.00e+00	0.00e+00	0.00e+00	0.00e+00	0.00e+00	5.00e-76
 7.27782e+13	1.95e-25	2.83e-18	4.71e-12	1.19e-06	7.03e-01	2.97e-01	3.25e-04	0.00e+00	0.00e+00	0.00e+00	0.00e+00	0.00e+00	9.88e-76
 7.52707e+13	2.57e-25	3.51e-18	5.51e-12	1.30e-06	7.18e-01	2.82e-01	2.88e-04	0.00e+00	0.00e+00	0.00e+00	0.00e+00	0.00e+00	2.01e-75
 7.78259e+13	3.37e-25	4.34e-18	6.43e-12	1.42e-06	7.32e-01	2.68e-01	2.55e-04	0.00e+00	0.00e+00	0.00e+00	0.00e+00	0.00e+00	4.07e-75
 7.99318e+13	4.18e-25	5.14e-18	7.27e-12	1.53e-06	7.42e-01	2.57e-01	2.31e-04	0.00e+00	0.00e+00	0.00e+00	0.00e+00	0.00e+00	7.11e-75
 8.21385e+13	5.22e-25	6.11e-18	8.22e-12	1.64e-06	7.53e-01	2.47e-01	2.10e-04	0.00e+00	0.00e+00	0.00e+00	0.00e+00	0.00e+00	1.27e-74
 8.50073e+13	6.89e-25	7.59e-18	9.60e-12	1.79e-06	7.66e-01	2.34e-01	1.85e-04	0.00e+00	0.00e+00	0.00e+00	0.00e+00	0.00e+00	2.62e-74
 8.80213e+13	9.09e-25	9.42e-18	1.12e-11	1.96e-06	7.79e-01	2.21e-01	1.62e-04	0.00e+00	0.00e+00	0.00e+00	0.00e+00	0.00e+00	5.41e-74
 9.05997e+13	1.15e-24	1.13e-17	1.28e-11	2.11e-06	7.89e-01	2.11e-01	1.46e-04	0.00e+00	0.00e+00	0.00e+00	0.00e+00	0.00e+00	1.00e-73
 9.33273e+13	1.46e-24	1.36e-17	1.46e-11	2.27e-06	7.99e-01	2.01e-01	1.31e-04	0.00e+00	0.00e+00	0.00e+00	0.00e+00	0.00e+00	1.88e-73
 9.67813e+13	1.96e-24	1.71e-17	1.71e-11	2.48e-06	8.11e-01	1.89e-01	1.15e-04	0.00e+00	0.00e+00	0.00e+00	0.00e+00	0.00e+00	4.14e-73
 1.00370e+14	2.61e-24	2.13e-17	2.01e-11	2.71e-06	8.22e-01	1.78e-01	9.98e-05	0.00e+00	0.00e+00	0.00e+00	0.00e+00	0.00e+00	8.82e-73
 1.03485e+14	3.35e-24	2.58e-17	2.29e-11	2.91e-06	8.31e-01	1.69e-01	8.92e-05	0.00e+00	0.00e+00	0.00e+00	0.00e+00	0.00e+00	1.71e-72
 1.06792e+14	4.32e-24	3.14e-17	2.63e-11	3.14e-06	8.40e-01	1.60e-01	7.93e-05	0.00e+00	0.00e+00	0.00e+00	0.00e+00	0.00e+00	3.37e-72
 1.10849e+14	5.84e-24	3.95e-17	3.08e-11	3.42e-06	8.50e-01	1.50e-01	6.90e-05	0.00e+00	0.00e+00	0.00e+00	0.00e+00	0.00e+00	7.56e-72
 1.14966e+14	7.84e-24	4.96e-17	3.60e-11	3.72e-06	8.59e-01	1.41e-01	6.03e-05	0.00e+00	0.00e+00	0.00e+00	1.60e-17	3.36e-17	1.67e-71
 1.18660e+14	1.01e-23	6.02e-17	4.12e-11	4.00e-06	8.66e-01	1.34e-01	5.35e-05	0.00e+00	0.00e+00	0.00e+00	2.00e-17	4.02e-17	3.31e-71
 1.22717e+14	1.32e-23	7.40e-17	4.75e-11	4.32e-06	8.74e-01	1.26e-01	4.72e-05	0.00e+00	0.00e+00	0.00e+00	2.45e-17	4.94e-17	6.85e-71
 1.27526e+14	1.80e-23	9.35e-17	5.59e-11	4.70e-06	8.82e-01	1.18e-01	4.08e-05	0.00e+00	0.00e+00	0.00e+00	3.10e-17	6.25e-17	1.58e-70
 1.32305e+14	2.43e-23	1.17e-16	6.52e-11	5.10e-06	8.90e-01	1.10e-01	3.56e-05	0.00e+00	0.00e+00	0.00e+00	3.90e-17	7.85e-17	3.56e-70
 1.36745e+14	3.15e-23	1.43e-16	7.49e-11	5.49e-06	8.96e-01	1.04e-01	3.14e-05	0.00e+00	0.00e+00	0.00e+00	4.75e-17	9.56e-17	7.16e-70
 1.41713e+14	4.21e-23	1.78e-16	8.68e-11	5.93e-06	9.02e-01	9.77e-02	2.75e-05	0.00e+00	0.00e+00	0.00e+00	5.91e-17	1.19e-16	1.57e-69
 1.47412e+14	5.79e-23	2.27e-16	1.02e-10	6.45e-06	9.09e-01	9.10e-02	2.37e-05	0.00e+00	0.00e+00	0.00e+00	7.53e-17	1.52e-16	3.77e-69
 1.53029e+14	7.82e-23	2.85e-16	1.19e-10	6.99e-06	9.15e-01	8.51e-02	2.06e-05	0.00e+00	0.00e+00	0.00e+00	9.45e-17	1.90e-16	8.53e-69
 1.58870e+14	1.06e-22	3.58e-16	1.39e-10	7.57e-06	9.20e-01	7.95e-02	1.78e-05	0.00e+00	0.00e+00	0.00e+00	1.19e-16	2.39e-16	1.94e-68
 1.65255e+14	1.45e-22	4.54e-16	1.64e-10	8.23e-06	9.26e-01	7.40e-02	1.54e-05	0.00e+00	0.00e+00	0.00e+00	1.51e-16	3.03e-16	4.60e-68
 1.71746e+14	1.97e-22	5.73e-16	1.92e-10	8.93e-06	9.31e-01	6.90e-02	1.33e-05	0.00e+00	0.00e+00	0.00e+00	1.90e-16	3.83e-16	1.06e-67
 1.78497e+14	2.68e-22	7.23e-16	2.24e-10	9.68e-06	9.36e-01	6.42e-02	1.15e-05	0.00e+00	0.00e+00	0.00e+00	2.40e-16	4.83e-16	2.47e-67
 1.84521e+14	3.49e-22	8.83e-16	2.57e-10	1.04e-05	9.40e-01	6.04e-02	1.01e-05	0.00e+00	0.00e+00	0.00e+00	2.93e-16	5.90e-16	5.10e-67
 1.89194e+14	4.25e-22	1.03e-15	2.85e-10	1.09e-05	9.42e-01	5.77e-02	9.18e-06	0.00e+00	0.00e+00	0.00e+00	3.40e-16	6.86e-16	8.81e-67
 1.94170e+14	5.23e-22	1.20e-15	3.16e-10	1.15e-05	9.45e-01	5.50e-02	8.32e-06	0.00e+00	0.00e+00	0.00e+00	3.98e-16	8.02e-16	1.56e-66
 2.00639e+14	6.79e-22	1.46e-15	3.61e-10	1.23e-05	9.48e-01	5.17e-02	7.34e-06	0.00e+00	0.00e+00	0.00e+00	4.84e-16	9.76e-16	3.18e-66
 2.07647e+14	8.90e-22	1.79e-15	4.15e-10	1.32e-05	9.51e-01	4.85e-02	6.43e-06	0.00e+00	0.00e+00	0.00e+00	5.95e-16	1.20e-15	6.72e-66
 2.13972e+14	1.12e-21	2.14e-15	4.70e-10	1.41e-05	9.54e-01	4.58e-02	5.72e-06	0.00e+00	0.00e+00	0.00e+00	7.09e-16	1.43e-15	1.27e-65
 2.20811e+14	1.45e-21	2.59e-15	5.33e-10	1.50e-05	9.57e-01	4.32e-02	5.08e-06	0.00e+00	0.00e+00	0.00e+00	8.59e-16	1.73e-15	2.56e-65
 2.29185e+14	1.92e-21	3.22e-15	6.21e-10	1.62e-05	9.60e-01	4.02e-02	4.39e-06	0.00e+00	0.00e+00	0.00e+00	1.07e-15	2.15e-15	5.58e-65
 2.37552e+14	2.55e-21	3.99e-15	7.18e-10	1.75e-05	9.62e-01	3.76e-02	3.82e-06	0.00e+00	0.00e+00	0.00e+00	1.32e-15	2.67e-15	1.22e-64
 2.44991e+14	3.27e-21	4.81e-15	8.13e-10	1.86e-05	9.64e-01	3.55e-02	3.39e-06	0.00e+00	0.00e+00	0.00e+00	1.59e-15	3.21e-15	2.41e-64
 2.53224e+14	4.22e-21	5.85e-15	9.29e-10	1.99e-05	9.67e-01	3.33e-02	2.98e-06	0.00e+00	0.00e+00	0.00e+00	1.94e-15	3.91e-15	4.89e-64
 2.62417e+14	5.53e-21	7.18e-15	1.07e-09	2.14e-05	9.69e-01	3.11e-02	2.59e-06	0.00e+00	0.00e+00	0.00e+00	2.38e-15	4.80e-15	1.02e-63
 2.71030e+14	7.12e-21	8.69e-15	1.22e-09	2.29e-05	9.71e-01	2.92e-02	2.28e-06	0.00e+00	0.00e+00	0.00e+00	2.88e-15	5.81e-15	2.05e-63
 2.80399e+14	9.29e-21	1.07e-14	1.40e-09	2.45e-05	9.73e-01	2.73e-02	2.00e-06	0.00e+00	0.00e+00	0.00e+00	3.53e-15	7.13e-15	4.30e-63
 2.90764e+14	1.22e-20	1.31e-14	1.63e-09	2.64e-05	9.75e-01	2.55e-02	1.73e-06	0.00e+00	0.00e+00	0.00e+00	4.34e-15	8.77e-15	9.02e-63
 3.00365e+14	1.57e-20	1.59e-14	1.86e-09	2.82e-05	9.76e-01	2.39e-02	1.52e-06	0.00e+00	0.00e+00	0.00e+00	5.27e-15	1.07e-14	1.84e-62
 3.10790e+14	2.03e-20	1.93e-14	2.13e-09	3.03e-05	9.78e-01	2.24e-02	1.33e-06	0.00e+00	0.00e+00	0.00e+00	6.40e-15	1.29e-14	3.68e-62
 3.22417e+14	2.67e-20	2.39e-14	2.47e-09	3.27e-05	9.79e-01	2.08e-02	1.15e-06	0.00e+00	0.00e+00	0.00e+00	7.91e-15	1.60e-14	7.89e-62
 3.33300e+14	3.42e-20	2.90e-14	2.83e-09	3.50e-05	9.81e-01	1.95e-02	1.00e-06	0.00e+00	0.00e+00	0.00e+00	9.58e-15	1.94e-14	1.57e-61
 3.45138e+14	4.49e-20	3.57e-14	3.25e-09	3.75e-05	9.82e-01	1.82e-02	8.75e-07	0.00e+00	0.00e+00	0.00e+00	1.18e-14	2.39e-14	3.36e-61
 3.58326e+14	5.88e-20	4.39e-14	3.79e-09	4.06e-05	9.83e-01	1.69e-02	0.00e+00	0.00e+00	0.00e+00	0.00e+00	1.45e-14	2.94e-14	7.04e-61
 3.70667e+14	7.58e-20	5.34e-14	4.35e-09	4.35e-05	9.84e-01	1.57e-02	0.00e+00	0.00e+00	0.00e+00	0.00e+00	1.76e-14	3.57e-14	1.42e-60
 3.84057e+14	9.93e-20	6.58e-14	5.01e-09	4.68e-05	9.85e-01	1.47e-02	0.00e+00	0.00e+00	0.00e+00	0.00e+00	2.17e-14	4.40e-14	3.02e-60
 3.99031e+14	1.30e-19	8.12e-14	5.86e-09	5.07e-05	9.86e-01	1.36e-02	0.00e+00	0.00e+00	0.00e+00	0.00e+00	2.68e-14	5.44e-14	6.38e-60
 4.13207e+14	1.68e-19	9.89e-14	6.74e-09	5.44e-05	9.87e-01	1.27e-02	0.00e+00	0.00e+00	0.00e+00	0.00e+00	3.27e-14	6.63e-14	1.30e-59
 4.28368e+14	2.19e-19	1.21e-13	7.80e-09	5.86e-05	9.88e-01	1.18e-02	0.00e+00	0.00e+00	0.00e+00	0.00e+00	4.01e-14	8.13e-14	2.70e-59
 4.45532e+14	2.95e-19	1.53e-13	9.13e-09	6.35e-05	9.89e-01	1.09e-02	0.00e+00	0.00e+00	0.00e+00	0.00e+00	5.04e-14	1.02e-13	6.20e-59
 4.62432e+14	3.83e-19	1.87e-13	1.06e-08	6.87e-05	9.90e-01	1.01e-02	0.00e+00	0.00e+00	0.00e+00	0.00e+00	6.18e-14	1.25e-13	1.28e-58
 4.77616e+14	4.86e-19	2.26e-13	1.21e-08	7.33e-05	9.90e-01	9.44e-03	0.00e+00	0.00e+00	0.00e+00	0.00e+00	7.44e-14	1.51e-13	2.50e-58
 4.93796e+14	6.15e-19	2.70e-13	1.38e-08	7.86e-05	9.91e-01	8.81e-03	0.00e+00	0.00e+00	0.00e+00	0.00e+00	8.92e-14	1.81e-13	4.76e-58
 5.13015e+14	8.14e-19	3.37e-13	1.61e-08	8.50e-05	9.92e-01	8.16e-03	0.00e+00	0.00e+00	0.00e+00	0.00e+00	1.11e-13	2.26e-13	1.05e-57
 5.30106e+14	1.02e-18	4.02e-13	1.84e-08	9.11e-05	9.92e-01	7.62e-03	0.00e+00	0.00e+00	0.00e+00	0.00e+00	1.32e-13	2.70e-13	1.97e-57
 5.42950e+14	1.21e-18	4.58e-13	2.03e-08	9.56e-05	9.93e-01	7.26e-03	0.00e+00	0.00e+00	0.00e+00	0.00e+00	1.51e-13	3.07e-13	3.15e-57
 5.56349e+14	1.45e-18	5.28e-13	2.24e-08	1.01e-04	9.93e-01	6.91e-03	0.00e+00	0.00e+00	0.00e+00	0.00e+00	1.74e-13	3.54e-13	5.24e-57
 5.73769e+14	1.79e-18	6.23e-13	2.54e-08	1.07e-04	9.93e-01	6.48e-03	0.00e+00	0.00e+00	0.00e+00	0.00e+00	2.05e-13	4.18e-13	9.41e-57
 5.92776e+14	2.27e-18	7.52e-13	2.89e-08	1.15e-04	9.94e-01	6.07e-03	0.00e+00	0.00e+00	0.00e+00	0.00e+00	2.47e-13	5.05e-13	1.86e-56
 6.10172e+14	2.78e-18	8.79e-13	3.25e-08	1.22e-04	9.94e-01	5.71e-03	0.00e+00	0.00e+00	0.00e+00	0.00e+00	2.89e-13	5.90e-13	3.25e-56
 6.29112e+14	3.46e-18	1.05e-12	3.67e-08	1.30e-04	9.95e-01	5.37e-03	0.00e+00	0.00e+00	0.00e+00	0.00e+00	3.44e-13	7.02e-13	6.07e-56
 6.52629e+14	4.45e-18	1.27e-12	4.26e-08	1.40e-04	9.95e-01	4.97e-03	0.00e+00	0.00e+00	0.00e+00	0.00e+00	4.18e-13	8.55e-13	1.23e-55
 6.76036e+14	5.74e-18	1.56e-12	4.91e-08	1.50e-04	9.95e-01	4.63e-03	0.00e+00	0.00e+00	0.00e+00	0.00e+00	5.11e-13	1.05e-12	2.54e-55
 6.96123e+14	7.00e-18	1.82e-12	5.53e-08	1.60e-04	9.95e-01	4.35e-03	0.00e+00	0.00e+00	0.00e+00	0.00e+00	5.97e-13	1.22e-12	4.41e-55
 7.17952e+14	8.76e-18	2.16e-12	6.26e-08	1.70e-04	9.96e-01	4.08e-03	0.00e+00	0.00e+00	0.00e+00	0.00e+00	7.10e-13	1.45e-12	8.29e-55
 7.44911e+14	1.13e-17	2.64e-12	7.26e-08	1.84e-04	9.96e-01	3.78e-03	0.00e+00	0.00e+00	0.00e+00	0.00e+00	8.67e-13	1.78e-12	1.70e-54
 7.72341e+14	1.46e-17	3.24e-12	8.39e-08	1.98e-04	9.96e-01	3.51e-03	0.00e+00	0.00e+00	0.00e+00	0.00e+00	1.06e-12	2.18e-12	3.56e-54
 7.96735e+14	1.81e-17	3.84e-12	9.52e-08	2.12e-04	9.96e-01	3.29e-03	0.00e+00	0.00e+00	0.00e+00	0.00e+00	1.26e-12	2.58e-12	6.55e-54
 8.23378e+14	2.28e-17	4.60e-12	1.09e-07	2.26e-04	9.97e-01	3.07e-03	0.00e+00	0.00e+00	0.00e+00	0.00e+00	1.51e-12	3.09e-12	1.26e-53
 8.55221e+14	2.96e-17	5.65e-12	1.27e-07	2.45e-04	9.97e-01	2.84e-03	0.00e+00	0.00e+00	0.00e+00	0.00e+00	1.85e-12	3.80e-12	2.65e-53
 8.86682e+14	3.80e-17	6.90e-12	1.46e-07	2.64e-04	9.97e-01	2.63e-03	0.00e+00	0.00e+00	0.00e+00	0.00e+00	2.26e-12	4.64e-12	5.48e-53
 9.15156e+14	4.73e-17	8.18e-12	1.66e-07	2.82e-04	9.97e-01	2.46e-03	0.00e+00	3.92e-18	1.18e-17	1.97e-17	2.68e-12	5.50e-12	1.01e-52
 9.46887e+14	6.02e-17	9.89e-12	1.91e-07	3.03e-04	9.97e-01	2.29e-03	0.00e+00	4.99e-18	1.50e-17	2.50e-17	3.24e-12	6.65e-12	2.02e-52
 9.84133e+14	7.85e-17	1.22e-11	2.23e-07	3.29e-04	9.98e-01	2.11e-03	0.00e+00	6.51e-18	1.95e-17	3.27e-17	3.99e-12	8.21e-12	4.32e-52
 1.02086e+15	1.00e-16	1.49e-11	2.59e-07	3.55e-04	9.98e-01	1.96e-03	0.00e+00	8.32e-18	2.50e-17	4.18e-17	4.87e-12	1.00e-11	8.87e-52
 1.05530e+15	1.27e-16	1.78e-11	2.96e-07	3.81e-04	9.98e-01	1.82e-03	0.00e+00	1.05e-17	3.16e-17	5.27e-17	5.83e-12	1.20e-11	1.71e-51
 1.09379e+15	1.62e-16	2.17e-11	3.42e-07	4.11e-04	9.98e-01	1.69e-03	0.00e+00	1.35e-17	4.04e-17	6.75e-17	7.09e-12	1.46e-11	3.50e-51
 1.13042e+15	2.02e-16	2.59e-11	3.91e-07	4.41e-04	9.98e-01	1.57e-03	0.00e+00	1.68e-17	5.05e-17	8.43e-17	8.47e-12	1.74e-11	6.63e-51
 1.15737e+15	2.37e-16	2.94e-11	4.31e-07	4.64e-04	9.98e-01	1.50e-03	0.00e+00	1.97e-17	5.92e-17	9.89e-17	9.61e-12	1.98e-11	1.05e-50
 1.18447e+15	2.76e-16	3.33e-11	4.73e-07	4.87e-04	9.98e-01	1.42e-03	0.00e+00	2.30e-17	6.89e-17	1.15e-16	1.09e-11	2.24e-11	1.66e-50
 1.21969e+15	3.40e-16	3.92e-11	5.33e-07	5.19e-04	9.98e-01	1.34e-03	0.00e+00	2.82e-17	8.48e-17	1.42e-16	1.28e-11	2.64e-11	2.98e-50
 1.25789e+15	4.16e-16	4.62e-11	6.05e-07	5.55e-04	9.98e-01	1.25e-03	0.00e+00	3.46e-17	1.04e-16	1.74e-16	1.51e-11	3.11e-11	5.40e-50
 1.29222e+15	5.00e-16	5.35e-11	6.75e-07	5.88e-04	9.98e-01	1.18e-03	0.00e+00	4.16e-17	1.25e-16	2.09e-16	1.75e-11	3.60e-11	9.29e-50
 1.32914e+15	5.98e-16	6.20e-11	7.56e-07	6.25e-04	9.98e-01	1.11e-03	0.00e+00	4.98e-17	1.49e-16	2.50e-16	2.02e-11	4.18e-11	1.59e-49
 1.37703e+15	7.65e-16	7.53e-11	8.74e-07	6.76e-04	9.98e-01	1.02e-03	0.00e+00	6.38e-17	1.91e-16	3.20e-16	2.46e-11	5.07e-11	3.23e-49
 1.42543e+15	9.58e-16	9.04e-11	1.01e-06	7.30e-04	9.98e-01	9.48e-04	0.00e+00	7.99e-17	2.40e-16	4.01e-16	2.95e-11	6.09e-11	6.30e-49
 1.46450e+15	1.15e-15	1.05e-10	1.12e-06	7.74e-04	9.98e-01	8.94e-04	0.00e+00	9.60e-17	2.88e-16	4.81e-16	3.42e-11	7.05e-11	1.08e-48
 1.50518e+15	1.38e-15	1.21e-10	1.26e-06	8.22e-04	9.98e-01	8.41e-04	0.00e+00	1.15e-16	3.45e-16	5.76e-16	3.96e-11	8.16e-11	1.85e-48
 1.55805e+15	1.73e-15	1.46e-10	1.45e-06	8.88e-04	9.98e-01	7.78e-04	0.00e+00	1.44e-16	4.34e-16	7.24e-16	4.76e-11	9.81e-11	3.63e-48
 1.61434e+15	2.17e-15	1.76e-10	1.67e-06	9.61e-04	9.98e-01	7.19e-04	0.00e+00	1.82e-16	5.46e-16	9.11e-16	5.74e-11	1.18e-10	7.28e-48
 1.66390e+15	2.61e-15	2.05e-10	1.89e-06	1.03e-03	9.98e-01	6.72e-04	0.00e+00	2.19e-16	6.57e-16	1.10e-15	6.71e-11	1.38e-10	1.29e-47
 1.71718e+15	3.23e-15	2.44e-10	2.15e-06	1.10e-03	9.98e-01	6.25e-04	0.00e+00	2.71e-16	8.14e-16	1.36e-15	7.96e-11	1.64e-10	2.43e-47
 1.78226e+15	4.10e-15	2.97e-10	2.50e-06	1.20e-03	9.98e-01	5.74e-04	0.00e+00	3.44e-16	1.03e-15	1.72e-15	9.69e-11	2.00e-10	5.03e-47
 1.84744e+15	5.18e-15	3.59e-10	2.89e-06	1.30e-03	9.98e-01	5.29e-04	0.00e+00	4.35e-16	1.31e-15	2.18e-15	1.17e-10	2.42e-10	1.03e-46
 1.90492e+15	6.19e-15	4.19e-10	3.27e-06	1.39e-03	9.98e-01	4.94e-04	0.00e+00	5.20e-16	1.56e-15	2.61e-15	1.37e-10	2.82e-10	1.82e-46
 1.96761e+15	7.77e-15	5.02e-10	3.74e-06	1.50e-03	9.98e-01	4.59e-04	0.00e+00	6.54e-16	1.96e-15	3.28e-15	1.64e-10	3.38e-10	3.59e-46
 2.04312e+15	9.79e-15	6.10e-10	4.35e-06	1.63e-03	9.98e-01	4.21e-04	0.00e+00	8.25e-16	2.48e-15	4.14e-15	1.99e-10	4.11e-10	7.48e-46
 2.11846e+15	1.24e-14	7.40e-10	5.04e-06	1.78e-03	9.98e-01	3.87e-04	0.00e+00	1.05e-15	3.14e-15	5.24e-15	2.42e-10	4.98e-10	1.55e-45
 2.18640e+15	1.50e-14	8.71e-10	5.72e-06	1.91e-03	9.98e-01	3.60e-04	0.00e+00	1.27e-15	3.80e-15	6.35e-15	2.85e-10	5.86e-10	2.87e-45
 2.26158e+15	1.86e-14	1.04e-09	6.56e-06	2.06e-03	9.98e-01	3.33e-04	0.00e+00	1.57e-15	4.72e-15	7.88e-15	3.41e-10	7.01e-10	5.65e-45
 2.35017e+15	2.38e-14	1.28e-09	7.66e-06	2.25e-03	9.97e-01	3.04e-04	0.00e+00	2.02e-15	6.06e-15	1.01e-14	4.19e-10	8.60e-10	1.24e-44
 2.43788e+15	2.97e-14	1.55e-09	8.88e-06	2.44e-03	9.97e-01	2.80e-04	0.00e+00	2.52e-15	7.57e-15	1.26e-14	5.07e-10	1.04e-09	2.54e-44
 2.50728e+15	3.49e-14	1.78e-09	9.94e-06	2.60e-03	9.97e-01	2.62e-04	0.00e+00	2.97e-15	8.91e-15	1.49e-14	5.84e-10	1.20e-09	4.34e-44
 2.56049e+15	4.08e-14	2.01e-09	1.08e-05	2.73e-03	9.97e-01	2.50e-04	0.00e+00	3.47e-15	1.04e-14	1.74e-14	6.60e-10	1.35e-09	6.99e-44
 2.61896e+15	4.70e-14	2.27e-09	1.18e-05	2.88e-03	9.97e-01	2.37e-04	0.00e+00	4.00e-15	1.20e-14	2.01e-14	7.44e-10	1.53e-09	1.12e-43
 2.69497e+15	5.56e-14	2.63e-09	1.33e-05	3.07e-03	9.97e-01	2.22e-04	0.00e+00	4.74e-15	1.42e-14	2.37e-14	8.62e-10	1.77e-09	1.99e-43
 2.77731e+15	6.71e-14	3.09e-09	1.50e-05	3.29e-03	9.96e-01	2.07e-04	0.00e+00	5.72e-15	1.72e-14	2.87e-14	1.01e-09	2.07e-09	3.74e-43
 2.85126e+15	7.93e-14	3.56e-09	1.67e-05	3.49e-03	9.96e-01	1.95e-04	0.00e+00	6.77e-15	2.03e-14	3.39e-14	1.17e-09	2.39e-09	6.51e-43
 2.93077e+15	9.26e-14	4.08e-09	1.86e-05	3.71e-03	9.96e-01	1.83e-04	0.00e+00	7.92e-15	2.38e-14	3.97e-14	1.34e-09	2.74e-09	1.11e-42
 3.03415e+15	1.18e-13	4.97e-09	2.14e-05	4.02e-03	9.96e-01	1.68e-04	0.00e+00	1.01e-14	3.03e-14	5.06e-14	1.63e-09	3.34e-09	2.46e-42
 3.13863e+15	1.45e-13	5.96e-09	2.45e-05	4.35e-03	9.95e-01	1.56e-04	0.00e+00	1.24e-14	3.74e-14	6.24e-14	1.96e-09	4.00e-09	5.11e-42
 3.22278e+15	1.71e-13	6.87e-09	2.72e-05	4.61e-03	9.95e-01	1.46e-04	0.00e+00	1.47e-14	4.41e-14	7.37e-14	2.26e-09	4.62e-09	8.95e-42
 3.31037e+15	2.01e-13	7.91e-09	3.03e-05	4.90e-03	9.95e-01	1.38e-04	0.00e+00	1.72e-14	5.17e-14	8.64e-14	2.60e-09	5.31e-09	1.55e-41
 3.42423e+15	2.46e-13	9.47e-09	3.47e-05	5.29e-03	9.95e-01	1.27e-04	0.00e+00	2.12e-14	6.36e-14	1.06e-13	3.11e-09	6.36e-09	3.17e-41
 3.54548e+15	3.09e-13	1.15e-08	3.99e-05	5.73e-03	9.94e-01	1.17e-04	0.00e+00	2.66e-14	7.98e-14	1.33e-13	3.78e-09	7.71e-09	6.78e-41
 3.65273e+15	3.69e-13	1.35e-08	4.49e-05	6.12e-03	9.94e-01	1.10e-04	0.00e+00	3.18e-14	9.54e-14	1.59e-13	4.43e-09	9.04e-09	1.25e-40
 3.76854e+15	4.40e-13	1.58e-08	5.08e-05	6.56e-03	9.93e-01	1.02e-04	0.00e+00	3.80e-14	1.14e-13	1.90e-13	5.19e-09	1.06e-08	2.32e-40
 3.91069e+15	5.66e-13	1.96e-08	5.90e-05	7.14e-03	9.93e-01	9.35e-05	0.00e+00	4.89e-14	1.47e-13	2.45e-13	6.46e-09	1.32e-08	5.35e-40
 4.05485e+15	6.92e-13	2.35e-08	6.82e-05	7.74e-03	9.92e-01	8.61e-05	0.00e+00	5.99e-14	1.80e-13	3.00e-13	7.75e-09	1.58e-08	1.06e-39
 4.18378e+15	8.38e-13	2.80e-08	7.73e-05	8.30e-03	9.92e-01	8.01e-05	0.00e+00	7.26e-14	2.18e-13	3.64e-13	9.22e-09	1.88e-08	2.07e-39
 4.32516e+15	1.06e-12	3.43e-08	8.83e-05	8.95e-03	9.91e-01	7.41e-05	0.00e+00	9.20e-14	2.76e-13	4.61e-13	1.13e-08	2.30e-08	4.58e-39
 4.49319e+15	1.33e-12	4.23e-08	1.03e-04	9.75e-03	9.90e-01	6.78e-05	0.00e+00	1.16e-13	3.48e-13	5.81e-13	1.39e-08	2.83e-08	1.03e-38
 4.65946e+15	1.64e-12	5.08e-08	1.19e-04	1.06e-02	9.89e-01	6.25e-05	0.00e+00	1.42e-13	4.28e-13	7.14e-13	1.68e-08	3.41e-08	2.04e-38
 4.81215e+15	1.99e-12	6.09e-08	1.35e-04	1.14e-02	9.88e-01	5.80e-05	0.00e+00	1.73e-13	5.20e-13	8.67e-13	2.01e-08	4.08e-08	4.05e-38
 4.98361e+15	2.47e-12	7.40e-08	1.56e-04	1.23e-02	9.88e-01	5.35e-05	0.00e+00	2.15e-13	6.46e-13	1.08e-12	2.44e-08	4.96e-08	8.48e-38
 5.14937e+15	3.02e-12	8.90e-08	1.78e-04	1.32e-02	9.87e-01	4.96e-05	0.00e+00	2.63e-13	7.91e-13	1.32e-12	2.94e-08	5.96e-08	1.70e-37
 5.27018e+15	3.59e-12	1.04e-07	1.95e-04	1.39e-02	9.86e-01	4.71e-05	0.00e+00	3.14e-13	9.41e-13	1.57e-12	3.43e-08	6.96e-08	2.98e-37
 5.38967e+15	4.08e-12	1.17e-07	2.14e-04	1.46e-02	9.85e-01	4.47e-05	0.00e+00	3.57e-13	1.07e-12	1.79e-12	3.87e-08	7.85e-08	4.68e-37
 5.54500e+15	4.84e-12	1.36e-07	2.40e-04	1.56e-02	9.84e-01	4.19e-05	0.00e+00	4.24e-13	1.27e-12	2.12e-12	4.50e-08	9.12e-08	8.02e-37
 5.71439e+15	5.90e-12	1.64e-07	2.71e-04	1.67e-02	9.83e-01	3.90e-05	0.00e+00	5.17e-13	1.55e-12	2.59e-12	5.42e-08	1.10e-07	1.61e-36
 5.86662e+15	7.02e-12	1.91e-07	3.02e-04	1.77e-02	9.82e-01	3.68e-05	0.00e+00	6.15e-13	1.85e-12	3.08e-12	6.32e-08	1.28e-07	2.80e-36
 6.02906e+15	8.29e-12	2.23e-07	3.37e-04	1.88e-02	9.81e-01	3.46e-05	0.00e+00	7.27e-13	2.18e-12	3.64e-12	7.36e-08	1.49e-07	4.84e-36
 6.24024e+15	1.04e-11	2.73e-07	3.88e-04	2.03e-02	9.79e-01	3.20e-05	0.00e+00	9.12e-13	2.74e-12	4.57e-12	9.02e-08	1.83e-07	1.01e-35
 6.45386e+15	1.27e-11	3.26e-07	4.45e-04	2.18e-02	9.78e-01	2.97e-05	0.00e+00	1.12e-12	3.36e-12	5.60e-12	1.08e-07	2.18e-07	1.85e-35
 6.62624e+15	1.50e-11	3.80e-07	4.96e-04	2.32e-02	9.76e-01	2.80e-05	0.00e+00	1.32e-12	3.95e-12	6.59e-12	1.26e-07	2.54e-07	3.14e-35
 6.80590e+15	1.78e-11	4.44e-07	5.54e-04	2.46e-02	9.75e-01	2.63e-05	0.00e+00	1.57e-12	4.70e-12	7.84e-12	1.47e-07	2.97e-07	5.41e-35
 7.03946e+15	2.22e-11	5.40e-07	6.37e-04	2.65e-02	9.73e-01	2.44e-05	0.00e+00	1.96e-12	5.88e-12	9.80e-12	1.79e-07	3.61e-07	1.06e-34
 7.28446e+15	2.83e-11	6.75e-07	7.35e-04	2.87e-02	9.71e-01	2.26e-05	0.00e+00	2.50e-12	7.50e-12	1.25e-11	2.23e-07	4.51e-07	2.34e-34
 7.49532e+15	3.41e-11	7.99e-07	8.28e-04	3.05e-02	9.69e-01	2.13e-05	0.00e+00	3.01e-12	9.04e-12	1.51e-11	2.64e-07	5.34e-07	4.12e-34
 7.72045e+15	4.14e-11	9.48e-07	9.37e-04	3.26e-02	9.66e-01	1.99e-05	0.00e+00	3.66e-12	1.10e-11	1.83e-11	3.14e-07	6.34e-07	7.26e-34
 8.00467e+15	5.23e-11	1.16e-06	1.09e-03	3.54e-02	9.64e-01	1.84e-05	0.00e+00	4.63e-12	1.39e-11	2.32e-11	3.83e-07	7.74e-07	1.39e-33
 8.28792e+15	6.69e-11	1.46e-06	1.27e-03	3.83e-02	9.60e-01	1.71e-05	0.00e+00	5.93e-12	1.78e-11	2.97e-11	4.83e-07	9.75e-07	3.08e-33
 8.52650e+15	8.12e-11	1.73e-06	1.43e-03	4.09e-02	9.58e-01	1.61e-05	0.00e+00	7.20e-12	2.16e-11	3.61e-11	5.73e-07	1.16e-06	5.32e-33
 8.78482e+15	9.97e-11	2.07e-06	1.62e-03	4.37e-02	9.55e-01	1.51e-05	0.00e+00	8.85e-12	2.65e-11	4.43e-11	6.88e-07	1.39e-06	9.55e-33
 9.07379e+15	1.24e-10	2.51e-06	1.87e-03	4.71e-02	9.51e-01	1.41e-05	0.00e+00	1.10e-11	3.31e-11	5.52e-11	8.33e-07	1.68e-06	1.75e-32
 9.34637e+15	1.52e-10	2.98e-06	2.12e-03	5.03e-02	9.48e-01	1.33e-05	0.00e+00	1.35e-11	4.06e-11	6.77e-11	9.87e-07	1.99e-06	2.93e-32
 9.60441e+15	1.84e-10	3.52e-06	2.39e-03	5.36e-02	9.44e-01	1.25e-05	0.00e+00	1.63e-11	4.90e-11	8.17e-11	1.17e-06	2.35e-06	4.92e-32
 9.89979e+15	2.29e-10	4.25e-06	2.74e-03	5.76e-02	9.40e-01	1.18e-05	0.00e+00	2.04e-11	6.11e-11	1.02e-10	1.41e-06	2.84e-06	8.81e-32
 1.01889e+16	2.85e-10	5.21e-06	3.12e-03	6.17e-02	9.35e-01	1.11e-05	0.00e+00	2.54e-11	7.61e-11	1.27e-10	1.73e-06	3.48e-06	1.68e-31
 1.04056e+16	3.31e-10	5.94e-06	3.43e-03	6.49e-02	9.32e-01	1.07e-05	0.00e+00	2.95e-11	8.85e-11	1.48e-10	1.97e-06	3.97e-06	2.48e-31
 1.06228e+16	3.85e-10	6.79e-06	3.78e-03	6.82e-02	9.28e-01	1.02e-05	0.00e+00	3.44e-11	1.03e-10	1.72e-10	2.25e-06	4.53e-06	3.70e-31
 1.09052e+16	4.69e-10	7.91e-06	4.26e-03	7.26e-02	9.23e-01	9.74e-06	0.00e+00	4.19e-11	1.26e-10	2.09e-10	2.63e-06	5.29e-06	5.72e-31
 1.12130e+16	5.80e-10	9.66e-06	4.86e-03	7.78e-02	9.17e-01	9.22e-06	0.00e+00	5.18e-11	1.56e-10	2.59e-10	3.21e-06	6.45e-06	1.05e-30
 1.14794e+16	6.90e-10	1.12e-05	5.43e-03	8.24e-02	9.12e-01	8.83e-06	0.00e+00	6.17e-11	1.85e-10	3.09e-10	3.72e-06	7.49e-06	1.59e-30
 1.17514e+16	8.30e-10	1.30e-05	6.08e-03	8.73e-02	9.07e-01	8.46e-06	0.00e+00	7.43e-11	2.23e-10	3.72e-10	4.31e-06	8.66e-06	2.41e-30
 1.21049e+16	1.07e-09	1.63e-05	7.07e-03	9.45e-02	8.98e-01	8.00e-06	0.00e+00	9.57e-11	2.87e-10	4.79e-10	5.40e-06	1.09e-05	4.81e-30
 1.24450e+16	1.32e-09	1.95e-05	8.09e-03	1.01e-01	8.91e-01	7.62e-06	0.00e+00	1.18e-10	3.55e-10	5.92e-10	6.46e-06	1.30e-05	7.67e-30
 1.27072e+16	1.57e-09	2.23e-05	8.99e-03	1.07e-01	8.84e-01	7.36e-06	0.00e+00	1.41e-10	4.22e-10	7.03e-10	7.40e-06	1.49e-05	1.11e-29
 1.29875e+16	1.88e-09	2.60e-05	1.01e-02	1.13e-01	8.77e-01	7.08e-06	0.00e+00	1.69e-10	5.06e-10	8.44e-10	8.64e-06	1.74e-05	1.70e-29
 1.33518e+16	2.46e-09	3.28e-05	1.18e-02	1.23e-01	8.66e-01	6.76e-06	0.00e+00	2.21e-10	6.64e-10	1.11e-09	1.09e-05	2.19e-05	3.43e-29
 1.37131e+16	3.07e-09	3.89e-05	1.35e-02	1.32e-01	8.55e-01	6.48e-06	0.00e+00	2.76e-10	8.29e-10	1.38e-09	1.29e-05	2.60e-05	5.20e-29
 1.39974e+16	3.73e-09	4.67e-05	1.52e-02	1.40e-01	8.45e-01	6.28e-06	0.00e+00	3.36e-10	1.01e-09	1.68e-09	1.55e-05	3.12e-05	8.87e-29
 1.42940e+16	4.55e-09	5.53e-05	1.73e-02	1.49e-01	8.34e-01	6.07e-06	0.00e+00	4.10e-10	1.23e-09	2.05e-09	1.84e-05	3.69e-05	1.41e-28
 1.46277e+16	5.69e-09	6.52e-05	1.97e-02	1.59e-01	8.21e-01	5.87e-06	0.00e+00	5.13e-10	1.54e-09	2.57e-09	2.17e-05	4.35e-05	2.11e-28
 1.49336e+16	7.08e-09	7.97e-05	2.25e-02	1.70e-01	8.08e-01	5.70e-06	0.00e+00	6.40e-10	1.92e-09	3.20e-09	2.65e-05	5.32e-05	3.78e-28
 1.51943e+16	8.43e-09	9.23e-05	2.51e-02	1.79e-01	7.96e-01	5.57e-06	0.00e+00	7.62e-10	2.29e-09	3.81e-09	3.07e-05	6.16e-05	5.54e-28
 1.54720e+16	1.04e-08	1.08e-04	2.83e-02	1.90e-01	7.82e-01	5.44e-06	0.00e+00	9.37e-10	2.81e-09	4.69e-09	3.61e-05	7.23e-05	8.45e-28
 1.57797e+16	1.28e-08	1.28e-04	3.23e-02	2.02e-01	7.66e-01	5.29e-06	0.00e+00	1.16e-09	3.47e-09	5.79e-09	4.24e-05	8.51e-05	1.28e-27
 1.60589e+16	1.61e-08	1.56e-04	3.67e-02	2.15e-01	7.48e-01	5.21e-06	0.00e+00	1.46e-09	4.37e-09	7.29e-09	5.19e-05	1.04e-04	2.31e-27
