#depth	He	He+	He+2
 1.49634e+10	4.04e-23	3.00e-12	1.00e+00
 4.54887e+10	4.52e-23	3.24e-12	1.00e+00
 7.72350e+10	5.04e-23	3.51e-12	1.00e+00
 1.10251e+11	5.63e-23	3.81e-12	1.00e+00
 1.43100e+11	6.26e-23	4.11e-12	1.00e+00
 1.77262e+11	6.97e-23	4.43e-12	1.00e+00
 2.14279e+11	7.81e-23	4.80e-12	1.00e+00
 2.51927e+11	8.75e-23	5.20e-12	1.00e+00
 2.91081e+11	9.80e-23	5.62e-12	1.00e+00
 3.32651e+11	1.10e-22	6.10e-12	1.00e+00
 3.75883e+11	1.24e-22	6.61e-12	1.00e+00
 4.17317e+11	1.39e-22	7.12e-12	1.00e+00
 4.55792e+11	1.54e-22	7.62e-12	1.00e+00
 4.99333e+11	1.72e-22	8.20e-12	1.00e+00
 5.49233e+11	1.95e-22	8.90e-12	1.00e+00
 5.98894e+11	2.20e-22	9.63e-12	1.00e+00
 6.50540e+11	2.49e-22	1.04e-11	1.00e+00
 7.00800e+11	2.80e-22	1.12e-11	1.00e+00
 7.44369e+11	3.09e-22	1.19e-11	1.00e+00
 7.92057e+11	3.43e-22	1.28e-11	1.00e+00
 8.50354e+11	3.89e-22	1.38e-11	1.00e+00
 9.08653e+11	4.41e-22	1.49e-11	1.00e+00
 9.60069e+11	4.89e-22	1.59e-11	1.00e+00
 1.01633e+12	5.47e-22	1.70e-11	1.00e+00
 1.08405e+12	6.25e-22	1.85e-11	1.00e+00
 1.15147e+12	7.12e-22	2.00e-11	1.00e+00
 1.21237e+12	7.97e-22	2.14e-11	1.00e+00
 1.28001e+12	9.01e-22	2.30e-11	1.00e+00
 1.35957e+12	1.04e-21	2.50e-11	1.00e+00
 1.43858e+12	1.20e-21	2.71e-11	1.00e+00
 1.51228e+12	1.35e-21	2.92e-11	1.00e+00
 1.59423e+12	1.55e-21	3.16e-11	1.00e+00
 1.68391e+12	1.79e-21	3.43e-11	1.00e+00
 1.77140e+12	2.05e-21	3.71e-11	1.00e+00
 1.85790e+12	2.33e-21	4.01e-11	1.00e+00
 1.95363e+12	2.68e-21	4.35e-11	1.00e+00
 2.05718e+12	3.11e-21	4.73e-11	1.00e+00
 2.15463e+12	3.55e-21	5.11e-11	1.00e+00
 2.26050e+12	4.08e-21	5.55e-11	1.00e+00
 2.37315e+12	4.72e-21	6.04e-11	1.00e+00
 2.46901e+12	5.33e-21	6.47e-11	1.00e+00
 2.56606e+12	5.97e-21	6.93e-11	1.00e+00
 2.68829e+12	6.89e-21	7.54e-11	1.00e+00
 2.81312e+12	7.96e-21	8.19e-11	1.00e+00
 2.92147e+12	8.95e-21	8.78e-11	1.00e+00
 3.03857e+12	1.01e-20	9.46e-11	1.00e+00
 3.18181e+12	1.17e-20	1.03e-10	1.00e+00
 3.32906e+12	1.36e-20	1.13e-10	1.00e+00
 3.46527e+12	1.55e-20	1.22e-10	1.00e+00
 3.61688e+12	1.78e-20	1.32e-10	1.00e+00
 3.79148e+12	2.08e-20	1.46e-10	1.00e+00
 3.96351e+12	2.41e-20	1.59e-10	1.00e+00
 4.14241e+12	2.79e-20	1.74e-10	1.00e+00
 4.33804e+12	3.25e-20	1.91e-10	1.00e+00
 4.53690e+12	3.78e-20	2.10e-10	1.00e+00
 4.72029e+12	4.32e-20	2.28e-10	1.00e+00
 4.88706e+12	4.85e-20	2.46e-10	1.00e+00
 5.07684e+12	5.50e-20	2.67e-10	1.00e+00
 5.30276e+12	6.37e-20	2.93e-10	1.00e+00
 5.52884e+12	7.33e-20	3.21e-10	1.00e+00
 5.73935e+12	8.30e-20	3.48e-10	1.00e+00
 5.97424e+12	9.47e-20	3.80e-10	1.00e+00
 6.24314e+12	1.10e-19	4.19e-10	1.00e+00
 6.50337e+12	1.26e-19	4.60e-10	1.00e+00
 6.72294e+12	1.40e-19	4.96e-10	1.00e+00
 6.91500e+12	1.54e-19	5.28e-10	1.00e+00
 7.13495e+12	1.70e-19	5.67e-10	1.00e+00
 7.41941e+12	1.93e-19	6.21e-10	1.00e+00
 7.71506e+12	2.20e-19	6.80e-10	1.00e+00
 7.96578e+12	2.44e-19	7.33e-10	1.00e+00
 8.23077e+12	2.70e-19	7.91e-10	1.00e+00
 8.56313e+12	3.06e-19	8.69e-10	1.00e+00
 8.90347e+12	3.46e-19	9.53e-10	1.00e+00
 9.20092e+12	3.84e-19	1.03e-09	1.00e+00
 9.52222e+12	4.26e-19	1.12e-09	1.00e+00
 9.91287e+12	4.83e-19	1.23e-09	1.00e+00
 1.03077e+13	5.43e-19	1.36e-09	1.00e+00
 1.06660e+13	6.02e-19	1.48e-09	1.00e+00
 1.10630e+13	6.70e-19	1.62e-09	1.00e+00
 1.15003e+13	7.51e-19	1.78e-09	1.00e+00
 1.19041e+13	8.31e-19	1.94e-09	1.00e+00
 1.23398e+13	9.23e-19	2.12e-09	1.00e+00
 1.28290e+13	1.03e-18	2.33e-09	1.00e+00
 1.32985e+13	1.15e-18	2.55e-09	1.00e+00
 1.37990e+13	1.29e-18	2.80e-09	1.00e+00
 1.43131e+13	1.44e-18	3.07e-09	1.00e+00
 1.47618e+13	1.58e-18	3.31e-09	1.00e+00
 1.51684e+13	1.73e-18	3.54e-09	1.00e+00
 1.56206e+13	1.90e-18	3.80e-09	1.00e+00
 1.62085e+13	2.15e-18	4.16e-09	1.00e+00
 1.68106e+13	2.43e-18	4.55e-09	1.00e+00
 1.73058e+13	2.69e-18	4.88e-09	1.00e+00
 1.78245e+13	2.98e-18	5.24e-09	1.00e+00
 1.84949e+13	3.41e-18	5.73e-09	1.00e+00
 1.92088e+13	3.92e-18	6.27e-09	1.00e+00
 1.98435e+13	4.43e-18	6.77e-09	1.00e+00
 2.05291e+13	5.04e-18	7.33e-09	1.00e+00
 2.13500e+13	5.87e-18	8.03e-09	1.00e+00
 2.21571e+13	6.79e-18	8.76e-09	1.00e+00
 2.28775e+13	7.71e-18	9.42e-09	1.00e+00
 2.36748e+13	8.84e-18	1.02e-08	1.00e+00
 2.46229e+13	1.04e-17	1.11e-08	1.00e+00
 2.55696e+13	1.21e-17	1.21e-08	1.00e+00
 2.64486e+13	1.39e-17	1.31e-08	1.00e+00
 2.72719e+13	1.57e-17	1.41e-08	1.00e+00
 2.80194e+13	1.76e-17	1.49e-08	1.00e+00
 2.88333e+13	1.98e-17	1.59e-08	1.00e+00
 2.98915e+13	2.30e-17	1.72e-08	1.00e+00
 3.09619e+13	2.67e-17	1.86e-08	1.00e+00
 3.18248e+13	2.99e-17	1.98e-08	1.00e+00
 3.27229e+13	3.36e-17	2.11e-08	1.00e+00
 3.38903e+13	3.89e-17	2.28e-08	1.00e+00
 3.51294e+13	4.53e-17	2.47e-08	1.00e+00
 3.62126e+13	5.14e-17	2.64e-08	1.00e+00
 3.73721e+13	5.87e-17	2.82e-08	1.00e+00
 3.88029e+13	6.90e-17	3.07e-08	1.00e+00
 4.02192e+13	8.01e-17	3.32e-08	1.00e+00
 4.14297e+13	9.09e-17	3.54e-08	1.00e+00
 4.27399e+13	1.04e-16	3.79e-08	1.00e+00
 4.43650e+13	1.22e-16	4.12e-08	1.00e+00
 4.60063e+13	1.42e-16	4.46e-08	1.00e+00
 4.74442e+13	1.62e-16	4.77e-08	1.00e+00
 4.90106e+13	1.86e-16	5.12e-08	1.00e+00
 5.09089e+13	2.19e-16	5.57e-08	1.00e+00
 5.28027e+13	2.55e-16	6.03e-08	1.00e+00
 5.45025e+13	2.92e-16	6.46e-08	1.00e+00
 5.63863e+13	3.38e-16	6.95e-08	1.00e+00
 5.86149e+13	3.99e-16	7.56e-08	1.00e+00
 6.08273e+13	4.66e-16	8.19e-08	1.00e+00
 6.28940e+13	5.37e-16	8.80e-08	1.00e+00
 6.52054e+13	6.25e-16	9.51e-08	1.00e+00
 6.78435e+13	7.41e-16	1.04e-07	1.00e+00
 7.04415e+13	8.67e-16	1.12e-07	1.00e+00
 7.27782e+13	9.95e-16	1.20e-07	1.00e+00
 7.52707e+13	1.15e-15	1.29e-07	1.00e+00
 7.78259e+13	1.31e-15	1.39e-07	1.00e+00
 7.99318e+13	1.47e-15	1.47e-07	1.00e+00
 8.21385e+13	1.64e-15	1.55e-07	1.00e+00
 8.50073e+13	1.89e-15	1.67e-07	1.00e+00
 8.80213e+13	2.19e-15	1.80e-07	1.00e+00
 9.05997e+13	2.46e-15	1.91e-07	1.00e+00
 9.33273e+13	2.78e-15	2.03e-07	1.00e+00
 9.67813e+13	3.21e-15	2.18e-07	1.00e+00
 1.00370e+14	3.74e-15	2.36e-07	1.00e+00
 1.03485e+14	4.22e-15	2.51e-07	1.00e+00
 1.06792e+14	4.78e-15	2.67e-07	1.00e+00
 1.10849e+14	5.54e-15	2.88e-07	1.00e+00
 1.14966e+14	6.39e-15	3.10e-07	1.00e+00
 1.18660e+14	7.24e-15	3.30e-07	1.00e+00
 1.22717e+14	8.26e-15	3.53e-07	1.00e+00
 1.27526e+14	9.60e-15	3.81e-07	1.00e+00
 1.32305e+14	1.10e-14	4.10e-07	1.00e+00
 1.36745e+14	1.26e-14	4.38e-07	1.00e+00
 1.41713e+14	1.44e-14	4.70e-07	1.00e+00
 1.47412e+14	1.67e-14	5.07e-07	1.00e+00
 1.53029e+14	1.93e-14	5.46e-07	1.00e+00
 1.58870e+14	2.23e-14	5.88e-07	1.00e+00
 1.65255e+14	2.58e-14	6.35e-07	1.00e+00
 1.71746e+14	2.99e-14	6.85e-07	1.00e+00
 1.78497e+14	3.45e-14	7.38e-07	1.00e+00
 1.84521e+14	3.91e-14	7.88e-07	1.00e+00
 1.89194e+14	4.29e-14	8.27e-07	1.00e+00
 1.94170e+14	4.72e-14	8.70e-07	1.00e+00
 2.00639e+14	5.33e-14	9.27e-07	1.00e+00
 2.07647e+14	6.06e-14	9.92e-07	1.00e+00
 2.13972e+14	6.77e-14	1.05e-06	1.00e+00
 2.20811e+14	7.60e-14	1.12e-06	1.00e+00
 2.29185e+14	8.74e-14	1.21e-06	1.00e+00
 2.37552e+14	9.96e-14	1.29e-06	1.00e+00
 2.44991e+14	1.12e-13	1.37e-06	1.00e+00
 2.53224e+14	1.26e-13	1.47e-06	1.00e+00
 2.62417e+14	1.44e-13	1.58e-06	1.00e+00
 2.71030e+14	1.62e-13	1.68e-06	1.00e+00
 2.80399e+14	1.83e-13	1.80e-06	1.00e+00
 2.90764e+14	2.09e-13	1.94e-06	1.00e+00
 3.00365e+14	2.35e-13	2.06e-06	1.00e+00
 3.10790e+14	2.67e-13	2.21e-06	1.00e+00
 3.22417e+14	3.05e-13	2.38e-06	1.00e+00
 3.33300e+14	3.44e-13	2.55e-06	1.00e+00
 3.45138e+14	3.90e-13	2.73e-06	1.00e+00
 3.58326e+14	4.46e-13	2.95e-06	1.00e+00
 3.70667e+14	5.05e-13	3.17e-06	1.00e+00
 3.84057e+14	5.72e-13	3.40e-06	1.00e+00
 3.99031e+14	6.56e-13	3.68e-06	1.00e+00
 4.13207e+14	7.42e-13	3.95e-06	1.00e+00
 4.28368e+14	8.43e-13	4.25e-06	1.00e+00
 4.45532e+14	9.70e-13	4.60e-06	1.00e+00
 4.62432e+14	1.11e-12	4.97e-06	1.00e+00
 4.77616e+14	1.24e-12	5.31e-06	1.00e+00
 4.93796e+14	1.39e-12	5.69e-06	1.00e+00
 5.13015e+14	1.59e-12	6.15e-06	1.00e+00
 5.30106e+14	1.78e-12	6.59e-06	1.00e+00
 5.42950e+14	1.93e-12	6.92e-06	1.00e+00
 5.56349e+14	2.10e-12	7.27e-06	1.00e+00
 5.73769e+14	2.33e-12	7.75e-06	1.00e+00
 5.92776e+14	2.61e-12	8.28e-06	1.00e+00
 6.10172e+14	2.88e-12	8.80e-06	1.00e+00
 6.29112e+14	3.19e-12	9.36e-06	1.00e+00
 6.52629e+14	3.61e-12	1.01e-05	1.00e+00
 6.76036e+14	4.06e-12	1.09e-05	1.00e+00
 6.96123e+14	4.49e-12	1.16e-05	1.00e+00
 7.17952e+14	4.98e-12	1.23e-05	1.00e+00
 7.44911e+14	5.63e-12	1.33e-05	1.00e+00
 7.72341e+14	6.34e-12	1.43e-05	1.00e+00
 7.96735e+14	7.06e-12	1.53e-05	1.00e+00
 8.23378e+14	7.85e-12	1.63e-05	1.00e+00
 8.55221e+14	8.92e-12	1.77e-05	1.00e+00
 8.86682e+14	1.00e-11	1.91e-05	1.00e+00
 9.15156e+14	1.12e-11	2.04e-05	1.00e+00
 9.46887e+14	1.25e-11	2.19e-05	1.00e+00
 9.84133e+14	1.43e-11	2.38e-05	1.00e+00
 1.02086e+15	1.61e-11	2.56e-05	1.00e+00
 1.05530e+15	1.81e-11	2.75e-05	1.00e+00
 1.09379e+15	2.04e-11	2.97e-05	1.00e+00
 1.13042e+15	2.29e-11	3.19e-05	1.00e+00
 1.15737e+15	2.48e-11	3.35e-05	1.00e+00
 1.18447e+15	2.67e-11	3.52e-05	1.00e+00
 1.21969e+15	2.97e-11	3.76e-05	1.00e+00
 1.25789e+15	3.32e-11	4.02e-05	1.00e+00
 1.29222e+15	3.64e-11	4.26e-05	1.00e+00
 1.32914e+15	4.01e-11	4.53e-05	1.00e+00
 1.37703e+15	4.57e-11	4.90e-05	1.00e+00
 1.42543e+15	5.20e-11	5.29e-05	1.00e+00
 1.46450e+15	5.72e-11	5.61e-05	1.00e+00
 1.50518e+15	6.32e-11	5.97e-05	1.00e+00
 1.55805e+15	7.19e-11	6.45e-05	1.00e+00
 1.61434e+15	8.21e-11	6.98e-05	1.00e+00
 1.66390e+15	9.13e-11	7.46e-05	1.00e+00
 1.71718e+15	1.04e-10	8.03e-05	1.00e+00
 1.78226e+15	1.20e-10	8.74e-05	1.00e+00
 1.84744e+15	1.38e-10	9.48e-05	1.00e+00
 1.90492e+15	1.54e-10	1.01e-04	1.00e+00
 1.96761e+15	1.76e-10	1.09e-04	1.00e+00
 2.04312e+15	2.04e-10	1.19e-04	1.00e+00
 2.11846e+15	2.37e-10	1.30e-04	1.00e+00
 2.18640e+15	2.68e-10	1.39e-04	1.00e+00
 2.26158e+15	3.07e-10	1.51e-04	1.00e+00
 2.35017e+15	3.61e-10	1.64e-04	1.00e+00
 2.43788e+15	4.17e-10	1.79e-04	1.00e+00
 2.50728e+15	4.65e-10	1.91e-04	1.00e+00
 2.56049e+15	5.13e-10	2.00e-04	1.00e+00
 2.61896e+15	5.63e-10	2.11e-04	1.00e+00
 2.69497e+15	6.33e-10	2.25e-04	1.00e+00
 2.77731e+15	7.17e-10	2.41e-04	1.00e+00
 2.85126e+15	7.99e-10	2.56e-04	1.00e+00
 2.93077e+15	8.89e-10	2.73e-04	1.00e+00
 3.03415e+15	1.04e-09	2.95e-04	1.00e+00
 3.13863e+15	1.20e-09	3.19e-04	1.00e+00
 3.22278e+15	1.34e-09	3.39e-04	1.00e+00
 3.31037e+15	1.50e-09	3.60e-04	1.00e+00
 3.42423e+15	1.73e-09	3.90e-04	1.00e+00
 3.54548e+15	2.01e-09	4.22e-04	1.00e+00
 3.65273e+15	2.27e-09	4.51e-04	1.00e+00
 3.76854e+15	2.57e-09	4.84e-04	1.00e+00
 3.91069e+15	3.06e-09	5.27e-04	9.99e-01
 4.05485e+15	3.50e-09	5.72e-04	9.99e-01
 4.18378e+15	4.01e-09	6.14e-04	9.99e-01
 4.32516e+15	4.71e-09	6.62e-04	9.99e-01
 4.49319e+15	5.55e-09	7.22e-04	9.99e-01
 4.65946e+15	6.36e-09	7.83e-04	9.99e-01
 4.81215e+15	7.31e-09	8.42e-04	9.99e-01
 4.98361e+15	8.49e-09	9.12e-04	9.99e-01
 5.14937e+15	9.80e-09	9.82e-04	9.99e-01
 5.27018e+15	1.10e-08	1.03e-03	9.99e-01
 5.38967e+15	1.21e-08	1.09e-03	9.99e-01
 5.54500e+15	1.35e-08	1.16e-03	9.99e-01
 5.71439e+15	1.57e-08	1.24e-03	9.99e-01
 5.86662e+15	1.75e-08	1.32e-03	9.99e-01
 6.02906e+15	1.96e-08	1.40e-03	9.99e-01
 6.24024e+15	2.29e-08	1.52e-03	9.98e-01
 6.45386e+15	2.59e-08	1.64e-03	9.98e-01
 6.62624e+15	2.92e-08	1.74e-03	9.98e-01
 6.80590e+15	3.28e-08	1.85e-03	9.98e-01
 7.03946e+15	3.77e-08	1.99e-03	9.98e-01
 7.28446e+15	4.48e-08	2.16e-03	9.98e-01
 7.49532e+15	5.06e-08	2.30e-03	9.98e-01
 7.72045e+15	5.72e-08	2.47e-03	9.98e-01
 8.00467e+15	6.60e-08	2.68e-03	9.97e-01
 8.28792e+15	7.88e-08	2.91e-03	9.97e-01
 8.52650e+15	8.90e-08	3.11e-03	9.97e-01
 8.78482e+15	1.01e-07	3.34e-03	9.97e-01
 9.07379e+15	1.16e-07	3.61e-03	9.96e-01
 9.34637e+15	1.31e-07	3.87e-03	9.96e-01
 9.60441e+15	1.48e-07	4.14e-03	9.96e-01
 9.89979e+15	1.70e-07	4.46e-03	9.96e-01
 1.01889e+16	1.97e-07	4.79e-03	9.95e-01
 1.04056e+16	2.17e-07	5.05e-03	9.95e-01
 1.06228e+16	2.38e-07	5.33e-03	9.95e-01
 1.09052e+16	2.65e-07	5.70e-03	9.94e-01
 1.12130e+16	3.07e-07	6.14e-03	9.94e-01
 1.14794e+16	3.41e-07	6.53e-03	9.93e-01
 1.17514e+16	3.79e-07	6.97e-03	9.93e-01
 1.21049e+16	4.49e-07	7.60e-03	9.92e-01
 1.24450e+16	5.08e-07	8.21e-03	9.92e-01
 1.27072e+16	5.61e-07	8.73e-03	9.91e-01
 1.29875e+16	6.28e-07	9.34e-03	9.91e-01
 1.33518e+16	7.47e-07	1.02e-02	9.90e-01
 1.37131e+16	8.44e-07	1.11e-02	9.89e-01
 1.39974e+16	9.68e-07	1.19e-02	9.88e-01
 1.42940e+16	1.10e-06	1.29e-02	9.87e-01
 1.46277e+16	1.24e-06	1.40e-02	9.86e-01
 1.49336e+16	1.44e-06	1.52e-02	9.85e-01
 1.51943e+16	1.61e-06	1.64e-02	9.84e-01
 1.54720e+16	1.83e-06	1.77e-02	9.82e-01
 1.57797e+16	2.08e-06	1.94e-02	9.81e-01
 1.60589e+16	2.44e-06	2.11e-02	9.79e-01
 1.62960e+16	2.73e-06	2.27e-02	9.77e-01
 1.65109e+16	3.06e-06	2.44e-02	9.76e-01
 1.67553e+16	3.47e-06	2.66e-02	9.73e-01
 1.70267e+16	3.98e-06	2.93e-02	9.71e-01
 1.72762e+16	4.73e-06	3.22e-02	9.68e-01
 1.74872e+16	5.36e-06	3.51e-02	9.65e-01
 1.76743e+16	6.06e-06	3.80e-02	9.62e-01
 1.78863e+16	6.85e-06	4.18e-02	9.58e-01
 1.81248e+16	8.24e-06	4.68e-02	9.53e-01
 1.83335e+16	9.51e-06	5.20e-02	9.48e-01
 1.85052e+16	1.12e-05	5.72e-02	9.43e-01
 1.86619e+16	1.28e-05	6.25e-02	9.37e-01
 1.88344e+16	1.46e-05	6.96e-02	9.30e-01
 1.90267e+16	1.75e-05	7.88e-02	9.21e-01
 1.91952e+16	2.08e-05	8.87e-02	9.11e-01
 1.93294e+16	2.46e-05	9.81e-02	9.02e-01
 1.94442e+16	2.81e-05	1.07e-01	8.93e-01
 1.95691e+16	3.23e-05	1.19e-01	8.81e-01
 1.97315e+16	4.08e-05	1.38e-01	8.62e-01
 1.98687e+16	4.85e-05	1.57e-01	8.43e-01
 1.99508e+16	5.50e-05	1.70e-01	8.30e-01
 2.00142e+16	6.04e-05	1.82e-01	8.18e-01
 2.00757e+16	6.65e-05	1.94e-01	8.06e-01
 2.01555e+16	7.44e-05	2.12e-01	7.88e-01
 2.02455e+16	8.58e-05	2.34e-01	7.66e-01
 2.03202e+16	9.72e-05	2.55e-01	7.45e-01
 2.03722e+16	1.07e-04	2.71e-01	7.29e-01
 2.04131e+16	1.15e-04	2.84e-01	7.16e-01
 2.04563e+16	1.24e-04	2.99e-01	7.01e-01
 2.05125e+16	1.37e-04	3.20e-01	6.80e-01
 2.05856e+16	1.56e-04	3.49e-01	6.51e-01
 2.06553e+16	1.76e-04	3.78e-01	6.21e-01
 2.07061e+16	1.91e-04	4.02e-01	5.98e-01
 2.07575e+16	2.10e-04	4.27e-01	5.73e-01
 2.08130e+16	2.31e-04	4.54e-01	5.46e-01
 2.08655e+16	2.52e-04	4.81e-01	5.19e-01
 2.09255e+16	2.79e-04	5.13e-01	4.87e-01
 2.09914e+16	3.10e-04	5.48e-01	4.52e-01
 2.10531e+16	3.41e-04	5.81e-01	4.18e-01
 2.11212e+16	3.77e-04	6.18e-01	3.82e-01
 2.11959e+16	4.18e-04	6.56e-01	3.44e-01
 2.12655e+16	4.56e-04	6.90e-01	3.09e-01
 2.13425e+16	5.01e-04	7.26e-01	2.74e-01
 2.14426e+16	5.59e-04	7.68e-01	2.32e-01
 2.15479e+16	6.18e-04	8.05e-01	1.94e-01
 2.16415e+16	6.69e-04	8.34e-01	1.65e-01
 2.17450e+16	7.26e-04	8.62e-01	1.38e-01
 2.18419e+16	7.75e-04	8.82e-01	1.17e-01
 2.19095e+16	8.10e-04	8.94e-01	1.05e-01
 2.19765e+16	8.46e-04	9.06e-01	9.35e-02
 2.20636e+16	8.91e-04	9.18e-01	8.06e-02
 2.21607e+16	9.39e-04	9.30e-01	6.92e-02
 2.22485e+16	9.87e-04	9.39e-01	6.04e-02
 2.23283e+16	1.03e-03	9.45e-01	5.36e-02
 2.24193e+16	1.08e-03	9.52e-01	4.66e-02
 2.25203e+16	1.14e-03	9.59e-01	4.03e-02
 2.26061e+16	1.19e-03	9.63e-01	3.59e-02
 2.26731e+16	1.23e-03	9.66e-01	3.28e-02
 2.27437e+16	1.28e-03	9.69e-01	2.97e-02
 2.28356e+16	1.34e-03	9.72e-01	2.63e-02
 2.29268e+16	1.42e-03	9.75e-01	2.35e-02
 2.29948e+16	1.47e-03	9.77e-01	2.17e-02
 2.30518e+16	1.53e-03	9.78e-01	2.02e-02
 2.31168e+16	1.59e-03	9.80e-01	1.86e-02
 2.32013e+16	1.68e-03	9.82e-01	1.68e-02
 2.32847e+16	1.77e-03	9.83e-01	1.53e-02
 2.33464e+16	1.85e-03	9.84e-01	1.43e-02
 2.33971e+16	1.92e-03	9.85e-01	1.35e-02
 2.34540e+16	2.00e-03	9.85e-01	1.26e-02
 2.35279e+16	2.12e-03	9.86e-01	1.16e-02
 2.36018e+16	2.24e-03	9.87e-01	1.08e-02
 2.36569e+16	2.35e-03	9.87e-01	1.02e-02
 2.37022e+16	2.45e-03	9.88e-01	9.72e-03
 2.37536e+16	2.56e-03	9.88e-01	9.20e-03
 2.38204e+16	2.73e-03	9.89e-01	8.56e-03
 2.38870e+16	2.92e-03	9.89e-01	8.03e-03
 2.39369e+16	3.07e-03	9.89e-01	7.65e-03
 2.39784e+16	3.21e-03	9.89e-01	7.36e-03
 2.40255e+16	3.38e-03	9.90e-01	7.01e-03
 2.40868e+16	3.63e-03	9.90e-01	6.59e-03
 2.41483e+16	3.92e-03	9.90e-01	6.23e-03
 2.41953e+16	4.18e-03	9.90e-01	5.96e-03
 2.42416e+16	4.45e-03	9.90e-01	5.70e-03
 2.43018e+16	4.85e-03	9.90e-01	5.38e-03
 2.43631e+16	5.34e-03	9.90e-01	5.09e-03
 2.44114e+16	5.80e-03	9.89e-01	4.88e-03
 2.44527e+16	6.24e-03	9.89e-01	4.71e-03
 2.44991e+16	6.81e-03	9.89e-01	4.50e-03
 2.45503e+16	7.55e-03	9.88e-01	4.31e-03
 2.45957e+16	8.36e-03	9.87e-01	4.14e-03
 2.46316e+16	9.09e-03	9.87e-01	4.03e-03
 2.46618e+16	9.82e-03	9.86e-01	3.93e-03
 2.46952e+16	1.07e-02	9.85e-01	3.83e-03
 2.47321e+16	1.19e-02	9.84e-01	3.72e-03
 2.47643e+16	1.31e-02	9.83e-01	3.62e-03
 2.47906e+16	1.43e-02	9.82e-01	3.55e-03
 2.48181e+16	1.57e-02	9.81e-01	3.48e-03
 2.48484e+16	1.75e-02	9.79e-01	3.42e-03
 2.48751e+16	1.95e-02	9.77e-01	3.35e-03
 2.48974e+16	2.13e-02	9.75e-01	3.33e-03
 2.49208e+16	2.37e-02	9.73e-01	3.29e-03
 2.49466e+16	2.67e-02	9.70e-01	3.26e-03
 2.49698e+16	3.00e-02	9.67e-01	3.24e-03
 2.49896e+16	3.33e-02	9.63e-01	3.23e-03
 2.50080e+16	3.69e-02	9.60e-01	3.23e-03
 2.50289e+16	4.16e-02	9.55e-01	3.24e-03
 2.50506e+16	4.76e-02	9.49e-01	3.26e-03
 2.50682e+16	5.36e-02	9.43e-01	3.28e-03
 2.50824e+16	5.90e-02	9.38e-01	3.32e-03
 2.50968e+16	6.53e-02	9.31e-01	3.36e-03
 2.51131e+16	7.35e-02	9.23e-01	3.41e-03
 2.51293e+16	8.32e-02	9.13e-01	3.48e-03
 2.51428e+16	9.27e-02	9.04e-01	3.53e-03
 2.51543e+16	1.02e-01	8.95e-01	3.60e-03
 2.51647e+16	1.11e-01	8.86e-01	3.66e-03
 2.51746e+16	1.21e-01	8.76e-01	3.73e-03
 2.51825e+16	1.29e-01	8.68e-01	3.79e-03
 2.51876e+16	1.34e-01	8.62e-01	3.82e-03
 2.51923e+16	1.40e-01	8.56e-01	3.86e-03
 2.51977e+16	1.47e-01	8.49e-01	3.90e-03
 2.52036e+16	1.55e-01	8.41e-01	3.95e-03
 2.52093e+16	1.63e-01	8.33e-01	3.99e-03
 2.52147e+16	1.71e-01	8.25e-01	4.04e-03
 2.52200e+16	1.80e-01	8.16e-01	4.08e-03
 2.52253e+16	1.88e-01	8.07e-01	4.13e-03
 2.52305e+16	1.98e-01	7.98e-01	4.18e-03
 2.52357e+16	2.07e-01	7.88e-01	4.22e-03
 2.52409e+16	2.17e-01	7.78e-01	4.27e-03
 2.52461e+16	2.28e-01	7.68e-01	4.31e-03
 2.52511e+16	2.39e-01	7.57e-01	4.36e-03
 2.52561e+16	2.50e-01	7.45e-01	4.40e-03
 2.52611e+16	2.62e-01	7.33e-01	4.45e-03
 2.52661e+16	2.74e-01	7.21e-01	4.49e-03
 2.52710e+16	2.87e-01	7.08e-01	4.53e-03
 2.52758e+16	3.00e-01	6.95e-01	4.57e-03
 2.52806e+16	3.14e-01	6.82e-01	4.61e-03
 2.52854e+16	3.28e-01	6.68e-01	4.64e-03
 2.52901e+16	3.42e-01	6.53e-01	4.67e-03
 2.52948e+16	3.57e-01	6.38e-01	4.70e-03
 2.52995e+16	3.72e-01	6.23e-01	4.73e-03
 2.53041e+16	3.87e-01	6.08e-01	4.75e-03
 2.53087e+16	4.03e-01	5.92e-01	4.77e-03
 2.53133e+16	4.19e-01	5.76e-01	4.78e-03
 2.53178e+16	4.35e-01	5.60e-01	4.79e-03
 2.53223e+16	4.52e-01	5.43e-01	4.79e-03
 2.53268e+16	4.69e-01	5.27e-01	4.79e-03
 2.53312e+16	4.85e-01	5.10e-01	4.78e-03
 2.53355e+16	5.02e-01	4.93e-01	4.77e-03
 2.53398e+16	5.19e-01	4.77e-01	4.75e-03
 2.53440e+16	5.35e-01	4.61e-01	4.74e-03
 2.53481e+16	5.51e-01	4.44e-01	4.70e-03
 2.53522e+16	5.67e-01	4.29e-01	4.67e-03
 2.53562e+16	5.82e-01	4.13e-01	4.64e-03
 2.53602e+16	5.98e-01	3.97e-01	4.59e-03
 2.53642e+16	6.13e-01	3.82e-01	4.54e-03
 2.53683e+16	6.29e-01	3.67e-01	4.48e-03
 2.53722e+16	6.43e-01	3.52e-01	4.42e-03
 2.53762e+16	6.58e-01	3.38e-01	4.35e-03
 2.53801e+16	6.72e-01	3.24e-01	4.28e-03
 2.53841e+16	6.86e-01	3.10e-01	4.20e-03
 2.53881e+16	7.00e-01	2.96e-01	4.12e-03
 2.53921e+16	7.13e-01	2.83e-01	4.03e-03
 2.53961e+16	7.26e-01	2.70e-01	3.94e-03
 2.54003e+16	7.39e-01	2.58e-01	3.85e-03
 2.54045e+16	7.51e-01	2.45e-01	3.75e-03
 2.54088e+16	7.63e-01	2.34e-01	3.65e-03
 2.54132e+16	7.74e-01	2.22e-01	3.54e-03
 2.54178e+16	7.86e-01	2.11e-01	3.43e-03
 2.54225e+16	7.97e-01	2.00e-01	3.31e-03
 2.54266e+16	8.06e-01	1.91e-01	3.22e-03
 2.54299e+16	8.12e-01	1.85e-01	3.14e-03
 2.54330e+16	8.19e-01	1.78e-01	3.06e-03
 2.54364e+16	8.25e-01	1.72e-01	2.98e-03
 2.54399e+16	8.31e-01	1.66e-01	2.90e-03
 2.54435e+16	8.37e-01	1.60e-01	2.83e-03
 2.54471e+16	8.42e-01	1.55e-01	2.76e-03
 2.54507e+16	8.47e-01	1.50e-01	2.69e-03
 2.54543e+16	8.52e-01	1.46e-01	2.62e-03
 2.54581e+16	8.56e-01	1.41e-01	2.55e-03
 2.54620e+16	8.61e-01	1.37e-01	2.49e-03
 2.54661e+16	8.65e-01	1.33e-01	2.43e-03
 2.54703e+16	8.68e-01	1.29e-01	2.37e-03
 2.54749e+16	8.72e-01	1.25e-01	2.31e-03
 2.54796e+16	8.76e-01	1.22e-01	2.26e-03
 2.54846e+16	8.79e-01	1.19e-01	2.20e-03
 2.54900e+16	8.82e-01	1.16e-01	2.15e-03
 2.54959e+16	8.85e-01	1.13e-01	2.09e-03
 2.55022e+16	8.88e-01	1.10e-01	2.04e-03
 2.55092e+16	8.90e-01	1.08e-01	1.99e-03
 2.55170e+16	8.93e-01	1.05e-01	1.95e-03
 2.55257e+16	8.95e-01	1.03e-01	1.90e-03
 2.55357e+16	8.97e-01	1.01e-01	1.85e-03
 2.55472e+16	8.99e-01	9.89e-02	1.81e-03
 2.55606e+16	9.01e-01	9.71e-02	1.76e-03
 2.55761e+16	9.03e-01	9.54e-02	1.71e-03
 2.55940e+16	9.05e-01	9.38e-02	1.66e-03
 2.56144e+16	9.06e-01	9.22e-02	1.61e-03
 2.56372e+16	9.08e-01	9.07e-02	1.56e-03
 2.56622e+16	9.09e-01	8.91e-02	1.51e-03
 2.56894e+16	9.11e-01	8.75e-02	1.45e-03
 2.57188e+16	9.13e-01	8.58e-02	1.39e-03
 2.57502e+16	9.15e-01	8.41e-02	1.33e-03
 2.57834e+16	9.16e-01	8.23e-02	1.27e-03
 2.58195e+16	9.18e-01	8.04e-02	1.21e-03
 2.58607e+16	9.21e-01	7.83e-02	1.15e-03
 2.59076e+16	9.23e-01	7.59e-02	1.08e-03
 2.59559e+16	9.25e-01	7.36e-02	1.01e-03
 2.60016e+16	9.27e-01	7.16e-02	9.49e-04
 2.60459e+16	9.30e-01	6.96e-02	8.95e-04
 2.60880e+16	9.31e-01	6.78e-02	8.47e-04
 2.61263e+16	9.33e-01	6.62e-02	8.05e-04
 2.61611e+16	9.34e-01	6.48e-02	7.69e-04
 2.61928e+16	9.36e-01	6.35e-02	7.38e-04
 2.62217e+16	9.37e-01	6.24e-02	7.10e-04
 2.62479e+16	9.38e-01	6.13e-02	6.86e-04
 2.62718e+16	9.39e-01	6.04e-02	6.65e-04
 2.62980e+16	9.40e-01	5.94e-02	6.42e-04
 2.63263e+16	9.41e-01	5.83e-02	6.18e-04
 2.63520e+16	9.42e-01	5.73e-02	5.95e-04
 2.63754e+16	9.43e-01	5.65e-02	5.77e-04
 2.64011e+16	9.44e-01	5.56e-02	5.57e-04
 2.64288e+16	9.45e-01	5.45e-02	5.35e-04
 2.64539e+16	9.46e-01	5.36e-02	5.18e-04
 2.64769e+16	9.47e-01	5.28e-02	5.02e-04
 2.64977e+16	9.47e-01	5.21e-02	4.87e-04
 2.65206e+16	9.48e-01	5.13e-02	4.71e-04
 2.65453e+16	9.49e-01	5.04e-02	4.55e-04
 2.65678e+16	9.50e-01	4.97e-02	4.41e-04
 2.65882e+16	9.51e-01	4.90e-02	4.28e-04
 2.66106e+16	9.51e-01	4.82e-02	4.14e-04
 2.66348e+16	9.52e-01	4.74e-02	4.00e-04
 2.66568e+16	9.53e-01	4.67e-02	3.88e-04
 2.66768e+16	9.54e-01	4.61e-02	3.77e-04
 2.66950e+16	9.54e-01	4.55e-02	3.67e-04
 2.67150e+16	9.55e-01	4.48e-02	3.55e-04
 2.67366e+16	9.56e-01	4.41e-02	3.44e-04
 2.67562e+16	9.56e-01	4.35e-02	3.35e-04
 2.67740e+16	9.57e-01	4.30e-02	3.26e-04
 2.67936e+16	9.57e-01	4.23e-02	3.16e-04
 2.68147e+16	9.58e-01	4.17e-02	3.06e-04
 2.68340e+16	9.59e-01	4.11e-02	2.98e-04
 2.68514e+16	9.59e-01	4.06e-02	2.90e-04
 2.68706e+16	9.60e-01	4.00e-02	2.81e-04
 2.68913e+16	9.60e-01	3.94e-02	2.73e-04
 2.69101e+16	9.61e-01	3.89e-02	2.65e-04
 2.69273e+16	9.61e-01	3.84e-02	2.59e-04
 2.69460e+16	9.62e-01	3.78e-02	2.51e-04
 2.69663e+16	9.62e-01	3.73e-02	2.44e-04
 2.69847e+16	9.63e-01	3.68e-02	2.37e-04
 2.70015e+16	9.63e-01	3.63e-02	2.31e-04
 2.70199e+16	9.64e-01	3.58e-02	2.25e-04
 2.70398e+16	9.64e-01	3.53e-02	2.18e-04
 2.70578e+16	9.65e-01	3.49e-02	2.13e-04
 2.70776e+16	9.65e-01	3.43e-02	2.06e-04
 2.70990e+16	9.66e-01	3.38e-02	2.00e-04
 2.71185e+16	9.66e-01	3.33e-02	1.94e-04
 2.71362e+16	9.67e-01	3.29e-02	1.89e-04
 2.71556e+16	9.67e-01	3.24e-02	1.84e-04
 2.71765e+16	9.68e-01	3.20e-02	1.79e-04
 2.71956e+16	9.68e-01	3.15e-02	1.74e-04
 2.72165e+16	9.69e-01	3.11e-02	1.69e-04
 2.72390e+16	9.69e-01	3.06e-02	1.63e-04
 2.72595e+16	9.70e-01	3.02e-02	1.59e-04
 2.72820e+16	9.70e-01	2.97e-02	1.54e-04
 2.73063e+16	9.71e-01	2.92e-02	1.49e-04
 2.73283e+16	9.71e-01	2.87e-02	1.45e-04
 2.73484e+16	9.71e-01	2.84e-02	1.41e-04
 2.73705e+16	9.72e-01	2.79e-02	1.36e-04
 2.73942e+16	9.72e-01	2.75e-02	1.32e-04
 2.74159e+16	9.73e-01	2.71e-02	1.28e-04
 2.74396e+16	9.73e-01	2.66e-02	1.24e-04
 2.74652e+16	9.74e-01	2.62e-02	1.20e-04
 2.74885e+16	9.74e-01	2.58e-02	1.17e-04
 2.75097e+16	9.74e-01	2.55e-02	1.13e-04
 2.75329e+16	9.75e-01	2.50e-02	1.10e-04
 2.75580e+16	9.75e-01	2.46e-02	1.06e-04
 2.75808e+16	9.76e-01	2.43e-02	1.03e-04
 2.76058e+16	9.76e-01	2.39e-02	9.99e-05
 2.76328e+16	9.76e-01	2.35e-02	9.67e-05
 2.76573e+16	9.77e-01	2.31e-02	9.37e-05
 2.76842e+16	9.77e-01	2.27e-02	9.05e-05
 2.77133e+16	9.78e-01	2.23e-02	8.73e-05
 2.77397e+16	9.78e-01	2.20e-02	8.46e-05
 2.77638e+16	9.78e-01	2.16e-02	8.22e-05
 2.77902e+16	9.79e-01	2.13e-02	7.94e-05
 2.78186e+16	9.79e-01	2.09e-02	7.68e-05
 2.78445e+16	9.79e-01	2.06e-02	7.45e-05
 2.78729e+16	9.80e-01	2.02e-02	7.19e-05
 2.79036e+16	9.80e-01	1.99e-02	6.94e-05
 2.79315e+16	9.80e-01	1.95e-02	6.72e-05
 2.79620e+16	9.81e-01	1.92e-02	6.47e-05
 2.79950e+16	9.81e-01	1.88e-02	6.23e-05
 2.80250e+16	9.81e-01	1.85e-02	6.02e-05
 2.80579e+16	9.82e-01	1.81e-02	5.79e-05
 2.80934e+16	9.82e-01	1.78e-02	5.56e-05
 2.81258e+16	9.82e-01	1.74e-02	5.37e-05
 2.81552e+16	9.83e-01	1.72e-02	5.20e-05
 2.81874e+16	9.83e-01	1.68e-02	5.01e-05
 2.82222e+16	9.83e-01	1.65e-02	4.82e-05
 2.82538e+16	9.84e-01	1.62e-02	4.66e-05
 2.82885e+16	9.84e-01	1.59e-02	4.48e-05
 2.83260e+16	9.84e-01	1.56e-02	4.31e-05
 2.83601e+16	9.85e-01	1.53e-02	4.16e-05
 2.83974e+16	9.85e-01	1.50e-02	3.99e-05
 2.84377e+16	9.85e-01	1.47e-02	3.83e-05
 2.84744e+16	9.86e-01	1.44e-02	3.69e-05
 2.85146e+16	9.86e-01	1.41e-02	3.53e-05
 2.85580e+16	9.86e-01	1.38e-02	3.38e-05
 2.85975e+16	9.86e-01	1.35e-02	3.25e-05
 2.86408e+16	9.87e-01	1.32e-02	3.11e-05
 2.86876e+16	9.87e-01	1.29e-02	2.97e-05
 2.87301e+16	9.87e-01	1.27e-02	2.85e-05
 2.87767e+16	9.88e-01	1.24e-02	2.72e-05
 2.88270e+16	9.88e-01	1.21e-02	2.59e-05
 2.88728e+16	9.88e-01	1.18e-02	2.48e-05
 2.89229e+16	9.88e-01	1.15e-02	2.36e-05
 2.89771e+16	9.89e-01	1.12e-02	2.25e-05
 2.90264e+16	9.89e-01	1.10e-02	2.15e-05
 2.90804e+16	9.89e-01	1.07e-02	2.04e-05
 2.91387e+16	9.90e-01	1.04e-02	1.94e-05
 2.91917e+16	9.90e-01	1.02e-02	1.85e-05
 2.92498e+16	9.90e-01	9.88e-03	1.75e-05
 2.93126e+16	9.90e-01	9.60e-03	1.66e-05
 2.93697e+16	9.91e-01	9.37e-03	1.58e-05
 2.94323e+16	9.91e-01	9.11e-03	1.49e-05
 2.94999e+16	9.91e-01	8.84e-03	1.41e-05
 2.95613e+16	9.91e-01	8.62e-03	1.34e-05
 2.96287e+16	9.92e-01	8.36e-03	1.26e-05
 2.97014e+16	9.92e-01	8.11e-03	1.19e-05
 2.97676e+16	9.92e-01	7.90e-03	1.13e-05
 2.98402e+16	9.92e-01	7.65e-03	1.06e-05
 2.99185e+16	9.93e-01	7.41e-03	9.94e-06
 2.99897e+16	9.93e-01	7.21e-03	9.40e-06
 3.00678e+16	9.93e-01	6.97e-03	8.81e-06
 3.01654e+16	9.93e-01	6.70e-03	8.13e-06
 3.02736e+16	9.94e-01	6.42e-03	7.48e-06
 3.03850e+16	9.94e-01	6.14e-03	6.86e-06
 3.05007e+16	9.94e-01	5.88e-03	6.29e-06
 3.06211e+16	9.94e-01	5.61e-03	5.75e-06
 3.07458e+16	9.95e-01	5.36e-03	5.24e-06
 3.08753e+16	9.95e-01	5.11e-03	4.77e-06
 3.10084e+16	9.95e-01	4.87e-03	4.33e-06
 3.11439e+16	9.95e-01	4.64e-03	3.94e-06
 3.12813e+16	9.96e-01	4.42e-03	3.58e-06
 3.14213e+16	9.96e-01	4.20e-03	3.25e-06
 3.15642e+16	9.96e-01	4.00e-03	2.94e-06
 3.17097e+16	9.96e-01	3.81e-03	2.67e-06
 3.18578e+16	9.96e-01	3.62e-03	2.42e-06
 3.20086e+16	9.97e-01	3.44e-03	2.19e-06
 3.21622e+16	9.97e-01	3.27e-03	1.98e-06
 3.23185e+16	9.97e-01	3.11e-03	1.79e-06
 3.24751e+16	9.97e-01	2.96e-03	1.62e-06
 3.26340e+16	9.97e-01	2.81e-03	1.46e-06
 3.27991e+16	9.97e-01	2.67e-03	1.32e-06
 3.29681e+16	9.97e-01	2.53e-03	1.19e-06
 3.31394e+16	9.98e-01	2.40e-03	1.07e-06
 3.33134e+16	9.98e-01	2.27e-03	9.59e-07
 3.34908e+16	9.98e-01	2.15e-03	8.61e-07
 3.36718e+16	9.98e-01	2.03e-03	7.72e-07
 3.38562e+16	9.98e-01	1.92e-03	6.92e-07
 3.40442e+16	9.98e-01	1.82e-03	6.19e-07
 3.42358e+16	9.98e-01	1.72e-03	5.53e-07
 3.44313e+16	9.98e-01	1.62e-03	4.93e-07
 3.46309e+16	9.98e-01	1.53e-03	4.39e-07
 3.48345e+16	9.99e-01	1.44e-03	3.91e-07
 3.50424e+16	9.99e-01	1.36e-03	3.47e-07
 3.52548e+16	9.99e-01	1.28e-03	3.07e-07
 3.54719e+16	9.99e-01	1.20e-03	2.72e-07
 3.56938e+16	9.99e-01	1.13e-03	2.40e-07
 3.59207e+16	9.99e-01	1.06e-03	2.12e-07
 3.61532e+16	9.99e-01	9.94e-04	1.86e-07
 3.63912e+16	9.99e-01	9.30e-04	1.63e-07
 3.66353e+16	9.99e-01	8.69e-04	1.43e-07
 3.68855e+16	9.99e-01	8.12e-04	1.25e-07
 3.71425e+16	9.99e-01	7.57e-04	1.08e-07
 3.74069e+16	9.99e-01	7.06e-04	9.41e-08
 3.76749e+16	9.99e-01	6.57e-04	8.15e-08
 3.79484e+16	9.99e-01	6.11e-04	7.04e-08
 3.82354e+16	9.99e-01	5.66e-04	6.04e-08
 3.85360e+16	9.99e-01	5.22e-04	5.15e-08
 3.88466e+16	1.00e+00	4.81e-04	4.38e-08
 3.91676e+16	1.00e+00	4.42e-04	3.70e-08
 3.95011e+16	1.00e+00	4.05e-04	3.10e-08
 3.98491e+16	1.00e+00	3.70e-04	2.59e-08
 4.02129e+16	1.00e+00	3.37e-04	2.14e-08
 4.05945e+16	1.00e+00	3.05e-04	1.76e-08
 4.09968e+16	1.00e+00	2.75e-04	1.43e-08
 4.14220e+16	1.00e+00	2.47e-04	1.15e-08
 4.18748e+16	1.00e+00	2.20e-04	9.12e-09
 4.23558e+16	1.00e+00	1.95e-04	7.14e-09
 4.28722e+16	1.00e+00	1.71e-04	5.49e-09
 4.34354e+16	1.00e+00	1.48e-04	4.13e-09
 4.40486e+16	1.00e+00	1.27e-04	3.03e-09
 4.47239e+16	1.00e+00	1.07e-04	2.16e-09
 4.54691e+16	1.00e+00	8.93e-05	1.49e-09
 4.63325e+16	1.00e+00	7.19e-05	9.67e-10
 4.73285e+16	1.00e+00	5.64e-05	5.96e-10
 4.83767e+16	1.00e+00	4.39e-05	3.62e-10
 4.94158e+16	1.00e+00	3.44e-05	2.22e-10
 5.04399e+16	1.00e+00	2.71e-05	1.38e-10
 5.14695e+16	1.00e+00	2.13e-05	8.58e-11
 5.25171e+16	1.00e+00	1.68e-05	5.34e-11
 5.35872e+16	1.00e+00	1.32e-05	3.31e-11
 5.46777e+16	1.00e+00	1.03e-05	2.05e-11
 5.57858e+16	1.00e+00	8.12e-06	1.27e-11
 5.69183e+16	1.00e+00	6.37e-06	7.85e-12
 5.80774e+16	1.00e+00	5.00e-06	4.85e-12
 5.92671e+16	1.00e+00	3.91e-06	2.99e-12
 6.04949e+16	1.00e+00	3.06e-06	1.83e-12
 6.17659e+16	1.00e+00	2.38e-06	1.12e-12
 6.30795e+16	1.00e+00	1.85e-06	6.75e-13
 6.44356e+16	1.00e+00	1.43e-06	4.05e-13
 6.58366e+16	1.00e+00	1.11e-06	2.43e-13
 6.72936e+16	1.00e+00	8.49e-07	1.44e-13
 6.88206e+16	1.00e+00	6.49e-07	8.43e-14
 7.04258e+16	1.00e+00	4.92e-07	4.86e-14
 7.21183e+16	1.00e+00	3.71e-07	2.77e-14
 7.39154e+16	1.00e+00	2.76e-07	1.54e-14
 7.58385e+16	1.00e+00	2.03e-07	8.37e-15
 7.79140e+16	1.00e+00	1.47e-07	4.40e-15
 8.01763e+16	1.00e+00	1.05e-07	2.23e-15
 8.26222e+16	1.00e+00	7.34e-08	1.10e-15
 8.51847e+16	1.00e+00	5.12e-08	5.34e-16
 8.77895e+16	1.00e+00	3.59e-08	2.63e-16
 9.04325e+16	1.00e+00	2.53e-08	1.31e-16
 9.31365e+16	1.00e+00	1.78e-08	6.54e-17
 9.59062e+16	1.00e+00	1.26e-08	3.28e-17
 9.87243e+16	1.00e+00	8.96e-09	1.65e-17
 1.01561e+17	1.00e+00	6.41e-09	8.47e-18
 1.04403e+17	1.00e+00	4.62e-09	4.40e-18
 1.07245e+17	1.00e+00	3.36e-09	2.33e-18
 1.10127e+17	1.00e+00	2.45e-09	1.24e-18
 1.13081e+17	1.00e+00	1.78e-09	6.57e-19
 1.16054e+17	1.00e+00	1.31e-09	3.53e-19
 1.18998e+17	1.00e+00	9.67e-10	1.94e-19
 1.21903e+17	1.00e+00	7.23e-10	1.09e-19
 1.24773e+17	1.00e+00	5.47e-10	6.22e-20
 1.27592e+17	1.00e+00	4.18e-10	3.63e-20
 1.30346e+17	1.00e+00	3.23e-10	2.17e-20
 1.33028e+17	1.00e+00	2.52e-10	1.33e-20
 1.35626e+17	1.00e+00	2.00e-10	8.32e-21
 1.38134e+17	1.00e+00	1.60e-10	0.00e+00
 1.40546e+17	1.00e+00	1.30e-10	0.00e+00
 1.42859e+17	1.00e+00	1.07e-10	0.00e+00
 1.45072e+17	1.00e+00	8.86e-11	0.00e+00
 1.47185e+17	1.00e+00	7.45e-11	0.00e+00
 1.49196e+17	1.00e+00	6.34e-11	0.00e+00
 1.51110e+17	1.00e+00	5.44e-11	0.00e+00
 1.52930e+17	1.00e+00	4.72e-11	0.00e+00
 1.54657e+17	1.00e+00	4.14e-11	0.00e+00
 1.56295e+17	1.00e+00	3.66e-11	0.00e+00
 1.57849e+17	1.00e+00	3.26e-11	0.00e+00
 1.59321e+17	1.00e+00	2.93e-11	0.00e+00
 1.60717e+17	1.00e+00	2.65e-11	0.00e+00
 1.62040e+17	1.00e+00	2.42e-11	0.00e+00
 1.63294e+17	1.00e+00	2.22e-11	0.00e+00
 1.64482e+17	1.00e+00	2.05e-11	0.00e+00
 1.65608e+17	1.00e+00	1.90e-11	0.00e+00
 1.66676e+17	1.00e+00	1.77e-11	0.00e+00
 1.67688e+17	1.00e+00	1.66e-11	0.00e+00
 1.68648e+17	1.00e+00	1.56e-11	0.00e+00
 1.69559e+17	1.00e+00	1.48e-11	0.00e+00
 1.70423e+17	1.00e+00	1.40e-11	0.00e+00
 1.71244e+17	1.00e+00	1.33e-11	0.00e+00
 1.72023e+17	1.00e+00	1.27e-11	0.00e+00
 1.72763e+17	1.00e+00	1.22e-11	0.00e+00
 1.73467e+17	1.00e+00	1.17e-11	0.00e+00
 1.74136e+17	1.00e+00	1.13e-11	0.00e+00
 1.74772e+17	1.00e+00	1.09e-11	0.00e+00
 1.75378e+17	1.00e+00	1.05e-11	0.00e+00
 1.75955e+17	1.00e+00	1.02e-11	0.00e+00
 1.76504e+17	1.00e+00	9.92e-12	0.00e+00
 1.77028e+17	1.00e+00	9.65e-12	0.00e+00
 1.77529e+17	1.00e+00	9.40e-12	0.00e+00
 1.78006e+17	1.00e+00	9.18e-12	0.00e+00
 1.78463e+17	1.00e+00	8.98e-12	0.00e+00
 1.78899e+17	1.00e+00	8.78e-12	0.00e+00
 1.79316e+17	1.00e+00	8.60e-12	0.00e+00
 1.79717e+17	1.00e+00	8.43e-12	0.00e+00
 1.80101e+17	1.00e+00	8.28e-12	0.00e+00
 1.80471e+17	1.00e+00	8.14e-12	0.00e+00
 1.80826e+17	1.00e+00	8.00e-12	0.00e+00
 1.81168e+17	1.00e+00	7.88e-12	0.00e+00
 1.81498e+17	1.00e+00	7.76e-12	0.00e+00
 1.81818e+17	1.00e+00	7.64e-12	0.00e+00
 1.82128e+17	1.00e+00	7.54e-12	0.00e+00
 1.82429e+17	1.00e+00	7.44e-12	0.00e+00
 1.82722e+17	1.00e+00	7.34e-12	0.00e+00
 1.83008e+17	1.00e+00	7.25e-12	0.00e+00
 1.83289e+17	1.00e+00	7.16e-12	0.00e+00
 1.83565e+17	1.00e+00	7.08e-12	0.00e+00
 1.83839e+17	1.00e+00	6.99e-12	0.00e+00
 1.84109e+17	1.00e+00	6.91e-12	0.00e+00
 1.84380e+17	1.00e+00	6.83e-12	0.00e+00
 1.84651e+17	1.00e+00	6.76e-12	0.00e+00
 1.84925e+17	1.00e+00	6.68e-12	0.00e+00
 1.85204e+17	1.00e+00	6.60e-12	0.00e+00
 1.85491e+17	1.00e+00	6.53e-12	0.00e+00
 1.85788e+17	1.00e+00	6.44e-12	0.00e+00
 1.86100e+17	1.00e+00	6.36e-12	0.00e+00
 1.86431e+17	1.00e+00	6.28e-12	0.00e+00
 1.86789e+17	1.00e+00	6.19e-12	0.00e+00
 1.87182e+17	1.00e+00	6.09e-12	0.00e+00
 1.87621e+17	1.00e+00	5.99e-12	0.00e+00
 1.88125e+17	1.00e+00	5.86e-12	0.00e+00
 1.88719e+17	1.00e+00	5.73e-12	0.00e+00
 1.89440e+17	1.00e+00	5.56e-12	0.00e+00
 1.90350e+17	1.00e+00	5.36e-12	0.00e+00
 1.91524e+17	1.00e+00	5.11e-12	0.00e+00
 1.93051e+17	1.00e+00	4.81e-12	0.00e+00
 1.95036e+17	1.00e+00	4.45e-12	0.00e+00
 1.97616e+17	1.00e+00	4.02e-12	0.00e+00
 2.00971e+17	1.00e+00	3.53e-12	0.00e+00
 2.05332e+17	1.00e+00	3.00e-12	0.00e+00
 2.10899e+17	1.00e+00	2.46e-12	0.00e+00
 2.17164e+17	1.00e+00	1.97e-12	0.00e+00
 2.23580e+17	1.00e+00	1.72e-12	0.00e+00
 2.30152e+17	1.00e+00	1.55e-12	0.00e+00
 2.36786e+17	1.00e+00	1.44e-12	0.00e+00
 2.44416e+17	1.00e+00	1.36e-12	0.00e+00
 2.53703e+17	1.00e+00	1.08e-12	0.00e+00
 2.63851e+17	1.00e+00	8.70e-13	0.00e+00
 2.74405e+17	1.00e+00	7.72e-13	0.00e+00
 2.85381e+17	1.00e+00	6.95e-13	0.00e+00
 2.96797e+17	1.00e+00	6.25e-13	0.00e+00
 3.08669e+17	1.00e+00	5.58e-13	0.00e+00
 3.21015e+17	1.00e+00	4.95e-13	0.00e+00
 3.33856e+17	1.00e+00	4.35e-13	0.00e+00
 3.47210e+17	1.00e+00	3.78e-13	0.00e+00
 3.61099e+17	1.00e+00	3.24e-13	0.00e+00
 3.74827e+17	1.00e+00	2.74e-13	0.00e+00
 3.87240e+17	1.00e+00	2.71e-13	0.00e+00
 3.98020e+17	1.00e+00	3.00e-13	0.00e+00
 4.07749e+17	1.00e+00	3.23e-13	0.00e+00
 4.17144e+17	1.00e+00	3.16e-13	0.00e+00
 4.26354e+17	1.00e+00	2.88e-13	0.00e+00
 4.34924e+17	1.00e+00	2.63e-13	0.00e+00
 4.42331e+17	1.00e+00	2.55e-13	0.00e+00
 4.47884e+17	1.00e+00	2.56e-13	0.00e+00
 4.51223e+17	1.00e+00	2.76e-13	0.00e+00
 4.52999e+17	1.00e+00	2.95e-13	0.00e+00
 4.54001e+17	1.00e+00	3.05e-13	0.00e+00
 4.54602e+17	1.00e+00	3.11e-13	0.00e+00
 4.54997e+17	1.00e+00	3.15e-13	0.00e+00
 4.55364e+17	1.00e+00	3.17e-13	0.00e+00
 4.55819e+17	1.00e+00	3.19e-13	0.00e+00
 4.56347e+17	1.00e+00	3.21e-13	0.00e+00
 4.56828e+17	1.00e+00	3.22e-13	0.00e+00
 4.57186e+17	1.00e+00	3.23e-13	0.00e+00
 4.57466e+17	1.00e+00	3.24e-13	0.00e+00
 4.57739e+17	1.00e+00	3.24e-13	0.00e+00
 4.58056e+17	1.00e+00	3.24e-13	0.00e+00
 4.58404e+17	1.00e+00	3.24e-13	0.00e+00
 4.58699e+17	1.00e+00	3.23e-13	0.00e+00
 4.58923e+17	1.00e+00	3.23e-13	0.00e+00
 4.59131e+17	1.00e+00	3.23e-13	0.00e+00
 4.59349e+17	1.00e+00	3.22e-13	0.00e+00
 4.59588e+17	1.00e+00	3.22e-13	0.00e+00
 4.59830e+17	1.00e+00	3.21e-13	0.00e+00
 4.60037e+17	1.00e+00	3.20e-13	0.00e+00
 4.60214e+17	1.00e+00	3.20e-13	0.00e+00
 4.60394e+17	1.00e+00	3.19e-13	0.00e+00
 4.60580e+17	1.00e+00	3.18e-13	0.00e+00
 4.60760e+17	1.00e+00	3.17e-13	0.00e+00
 4.60933e+17	1.00e+00	3.16e-13	0.00e+00
 4.61099e+17	1.00e+00	3.16e-13	0.00e+00
 4.61253e+17	1.00e+00	3.15e-13	0.00e+00
 4.61401e+17	1.00e+00	3.14e-13	0.00e+00
 4.61558e+17	1.00e+00	3.13e-13	0.00e+00
 4.61722e+17	1.00e+00	3.12e-13	0.00e+00
 4.61880e+17	1.00e+00	3.11e-13	0.00e+00
 4.62029e+17	1.00e+00	3.10e-13	0.00e+00
 4.62176e+17	1.00e+00	3.09e-13	0.00e+00
 4.62325e+17	1.00e+00	3.08e-13	0.00e+00
 4.62469e+17	1.00e+00	3.07e-13	0.00e+00
 4.62611e+17	1.00e+00	3.06e-13	0.00e+00
 4.62761e+17	1.00e+00	3.05e-13	0.00e+00
 4.62919e+17	1.00e+00	3.04e-13	0.00e+00
 4.63072e+17	1.00e+00	3.03e-13	0.00e+00
 4.63219e+17	1.00e+00	3.01e-13	0.00e+00
 4.63370e+17	1.00e+00	3.00e-13	0.00e+00
 4.63528e+17	1.00e+00	2.99e-13	0.00e+00
 4.63690e+17	1.00e+00	2.97e-13	0.00e+00
 4.63853e+17	1.00e+00	2.96e-13	0.00e+00
 4.64011e+17	1.00e+00	2.95e-13	0.00e+00
 4.64181e+17	1.00e+00	2.93e-13	0.00e+00
 4.64369e+17	1.00e+00	2.91e-13	0.00e+00
 4.64554e+17	1.00e+00	2.89e-13	0.00e+00
 4.64725e+17	1.00e+00	2.88e-13	0.00e+00
 4.64896e+17	1.00e+00	2.86e-13	0.00e+00
 4.65090e+17	1.00e+00	2.84e-13	0.00e+00
 4.65293e+17	1.00e+00	2.82e-13	0.00e+00
 4.65482e+17	1.00e+00	2.80e-13	0.00e+00
 4.65674e+17	1.00e+00	2.78e-13	0.00e+00
 4.65882e+17	1.00e+00	2.76e-13	0.00e+00
 4.66107e+17	1.00e+00	2.74e-13	0.00e+00
 4.66345e+17	1.00e+00	2.71e-13	0.00e+00
 4.66572e+17	1.00e+00	2.69e-13	0.00e+00
 4.66789e+17	1.00e+00	2.66e-13	0.00e+00
 4.67019e+17	1.00e+00	2.64e-13	0.00e+00
 4.67267e+17	1.00e+00	2.61e-13	0.00e+00
 4.67530e+17	1.00e+00	2.58e-13	0.00e+00
 4.67790e+17	1.00e+00	2.55e-13	0.00e+00
 4.68049e+17	1.00e+00	2.52e-13	0.00e+00
 4.68315e+17	1.00e+00	2.49e-13	0.00e+00
 4.68598e+17	1.00e+00	2.46e-13	0.00e+00
 4.68901e+17	1.00e+00	2.42e-13	0.00e+00
 4.69211e+17	1.00e+00	2.39e-13	0.00e+00
 4.69519e+17	1.00e+00	2.35e-13	0.00e+00
 4.69827e+17	1.00e+00	2.32e-13	0.00e+00
 4.70143e+17	1.00e+00	2.28e-13	0.00e+00
 4.70477e+17	1.00e+00	2.24e-13	0.00e+00
 4.70817e+17	1.00e+00	2.20e-13	0.00e+00
 4.71181e+17	1.00e+00	2.16e-13	0.00e+00
 4.71567e+17	1.00e+00	2.12e-13	0.00e+00
 4.71941e+17	1.00e+00	2.07e-13	0.00e+00
 4.72297e+17	1.00e+00	2.03e-13	0.00e+00
 4.72679e+17	1.00e+00	1.99e-13	0.00e+00
 4.73114e+17	1.00e+00	1.94e-13	0.00e+00
 4.73554e+17	1.00e+00	1.89e-13	0.00e+00
 4.73961e+17	1.00e+00	1.84e-13	0.00e+00
 4.74369e+17	1.00e+00	1.80e-13	0.00e+00
 4.74814e+17	1.00e+00	1.75e-13	0.00e+00
 4.75293e+17	1.00e+00	1.70e-13	0.00e+00
 4.75781e+17	1.00e+00	1.64e-13	0.00e+00
 4.76252e+17	1.00e+00	1.59e-13	0.00e+00
 4.76713e+17	1.00e+00	1.54e-13	0.00e+00
 4.77199e+17	1.00e+00	1.49e-13	0.00e+00
 4.77723e+17	1.00e+00	1.44e-13	0.00e+00
 4.78268e+17	1.00e+00	1.38e-13	0.00e+00
 4.78803e+17	1.00e+00	1.33e-13	0.00e+00
 4.79324e+17	1.00e+00	1.28e-13	0.00e+00
 4.79860e+17	1.00e+00	1.23e-13	0.00e+00
 4.80435e+17	1.00e+00	1.17e-13	0.00e+00
 4.81036e+17	1.00e+00	1.12e-13	0.00e+00
 4.81635e+17	1.00e+00	1.07e-13	0.00e+00
 4.82228e+17	1.00e+00	1.01e-13	0.00e+00
 4.82825e+17	1.00e+00	9.65e-14	0.00e+00
 4.83467e+17	1.00e+00	9.15e-14	0.00e+00
 4.84146e+17	1.00e+00	8.60e-14	0.00e+00
 4.84808e+17	1.00e+00	8.08e-14	0.00e+00
 4.85457e+17	1.00e+00	7.62e-14	0.00e+00
 4.86144e+17	1.00e+00	7.16e-14	0.00e+00
 4.86888e+17	1.00e+00	6.67e-14	0.00e+00
 4.87655e+17	1.00e+00	6.18e-14	0.00e+00
 4.88418e+17	1.00e+00	5.71e-14	0.00e+00
 4.89154e+17	1.00e+00	5.28e-14	0.00e+00
 4.89828e+17	1.00e+00	4.89e-14	0.00e+00
 4.90418e+17	1.00e+00	4.57e-14	0.00e+00
 4.90939e+17	1.00e+00	4.31e-14	0.00e+00
 4.91427e+17	1.00e+00	4.07e-14	0.00e+00
 4.91906e+17	1.00e+00	3.86e-14	0.00e+00
 4.92375e+17	1.00e+00	3.65e-14	0.00e+00
 4.92820e+17	1.00e+00	3.46e-14	0.00e+00
 4.93233e+17	1.00e+00	3.29e-14	0.00e+00
 4.93620e+17	1.00e+00	3.14e-14	0.00e+00
 4.93992e+17	1.00e+00	3.00e-14	0.00e+00
 4.94356e+17	1.00e+00	2.87e-14	0.00e+00
 4.94711e+17	1.00e+00	2.74e-14	0.00e+00
 4.95052e+17	1.00e+00	2.63e-14	0.00e+00
 4.95377e+17	1.00e+00	2.52e-14	0.00e+00
 4.95688e+17	1.00e+00	2.42e-14	0.00e+00
 4.95990e+17	1.00e+00	2.32e-14	0.00e+00
 4.96284e+17	1.00e+00	2.23e-14	0.00e+00
 4.96570e+17	1.00e+00	2.14e-14	0.00e+00
 4.96846e+17	1.00e+00	2.06e-14	0.00e+00
 4.97111e+17	1.00e+00	1.99e-14	0.00e+00
 4.97368e+17	1.00e+00	1.91e-14	0.00e+00
 4.97617e+17	1.00e+00	1.85e-14	0.00e+00
 4.97860e+17	1.00e+00	1.78e-14	0.00e+00
 4.98098e+17	1.00e+00	1.72e-14	0.00e+00
 4.98328e+17	1.00e+00	1.65e-14	0.00e+00
 4.98548e+17	1.00e+00	1.60e-14	0.00e+00
 4.98761e+17	1.00e+00	1.54e-14	0.00e+00
 4.98973e+17	1.00e+00	1.49e-14	0.00e+00
 4.99180e+17	1.00e+00	1.44e-14	0.00e+00
 4.99414e+17	1.00e+00	1.39e-14	0.00e+00
 4.99717e+17	1.00e+00	1.34e-14	0.00e+00
 5.00112e+17	1.00e+00	1.26e-14	0.00e+00
 5.00625e+17	1.00e+00	1.17e-14	0.00e+00
 5.01292e+17	1.00e+00	1.06e-14	0.00e+00
 5.02159e+17	1.00e+00	9.21e-15	0.00e+00
 5.03233e+17	1.00e+00	7.67e-15	0.00e+00
 5.04287e+17	1.00e+00	6.13e-15	0.00e+00
 5.05057e+17	1.00e+00	5.11e-15	0.00e+00
 5.05574e+17	1.00e+00	4.54e-15	0.00e+00
 5.06013e+17	1.00e+00	4.17e-15	0.00e+00
 5.06521e+17	1.00e+00	3.82e-15	0.00e+00
 5.07142e+17	1.00e+00	3.40e-15	0.00e+00
 5.07801e+17	1.00e+00	2.98e-15	0.00e+00
 5.08406e+17	1.00e+00	2.62e-15	0.00e+00
 5.08935e+17	1.00e+00	2.34e-15	0.00e+00
 5.09442e+17	1.00e+00	2.11e-15	0.00e+00
