#depth	N	N+	N+2	N+3	N+4	N+5	N+6	N+7
 1.49634e+10	0.00e+00	0.00e+00	1.50e-29	8.73e-20	7.05e-11	2.08e-01	7.89e-01	2.84e-03
 4.54887e+10	0.00e+00	9.95e-40	2.03e-29	1.09e-19	8.15e-11	2.22e-01	7.75e-01	2.58e-03
 7.72350e+10	0.00e+00	0.00e+00	2.75e-29	1.37e-19	9.42e-11	2.37e-01	7.61e-01	2.33e-03
 1.10251e+11	0.00e+00	2.14e-39	3.73e-29	1.71e-19	1.09e-10	2.52e-01	7.45e-01	2.11e-03
 1.43100e+11	0.00e+00	0.00e+00	4.97e-29	2.11e-19	1.24e-10	2.68e-01	7.30e-01	1.92e-03
 1.77262e+11	0.00e+00	4.42e-39	6.63e-29	2.61e-19	1.43e-10	2.84e-01	7.14e-01	1.74e-03
 2.14279e+11	0.00e+00	0.00e+00	8.94e-29	3.25e-19	1.64e-10	3.02e-01	6.97e-01	1.56e-03
 2.51927e+11	0.00e+00	9.35e-39	1.20e-28	4.02e-19	1.88e-10	3.20e-01	6.79e-01	1.41e-03
 2.91081e+11	0.00e+00	0.00e+00	1.60e-28	4.97e-19	2.15e-10	3.38e-01	6.61e-01	1.27e-03
 3.32651e+11	0.00e+00	1.97e-38	2.15e-28	6.17e-19	2.46e-10	3.57e-01	6.42e-01	1.14e-03
 3.75883e+11	0.00e+00	0.00e+00	2.89e-28	7.64e-19	2.81e-10	3.77e-01	6.22e-01	1.02e-03
 4.17317e+11	0.00e+00	4.04e-38	3.79e-28	9.30e-19	3.18e-10	3.96e-01	6.03e-01	9.17e-04
 4.55792e+11	0.00e+00	0.00e+00	4.83e-28	1.11e-18	3.54e-10	4.13e-01	5.86e-01	8.34e-04
 4.99333e+11	0.00e+00	7.71e-38	6.29e-28	1.34e-18	3.99e-10	4.32e-01	5.68e-01	7.50e-04
 5.49233e+11	0.00e+00	0.00e+00	8.41e-28	1.66e-18	4.53e-10	4.53e-01	5.47e-01	6.66e-04
 5.98894e+11	0.00e+00	1.59e-37	1.11e-27	2.02e-18	5.12e-10	4.73e-01	5.26e-01	5.93e-04
 6.50540e+11	0.00e+00	0.00e+00	1.46e-27	2.46e-18	5.78e-10	4.94e-01	5.06e-01	5.28e-04
 7.00800e+11	0.00e+00	3.15e-37	1.89e-27	2.96e-18	6.46e-10	5.13e-01	4.87e-01	4.72e-04
 7.44369e+11	0.00e+00	0.00e+00	2.35e-27	3.45e-18	7.08e-10	5.29e-01	4.70e-01	4.29e-04
 7.92057e+11	0.00e+00	5.58e-37	2.95e-27	4.07e-18	7.81e-10	5.46e-01	4.53e-01	3.87e-04
 8.50354e+11	0.00e+00	0.00e+00	3.86e-27	4.93e-18	8.75e-10	5.66e-01	4.33e-01	3.42e-04
 9.08653e+11	0.00e+00	1.10e-36	4.99e-27	5.91e-18	9.75e-10	5.86e-01	4.14e-01	3.04e-04
 9.60069e+11	0.00e+00	0.00e+00	6.21e-27	6.90e-18	1.07e-09	6.02e-01	3.98e-01	2.74e-04
 1.01633e+12	0.00e+00	1.97e-36	7.84e-27	8.14e-18	1.18e-09	6.19e-01	3.81e-01	2.45e-04
 1.08405e+12	9.27e-47	2.79e-36	1.03e-26	9.84e-18	1.31e-09	6.38e-01	3.62e-01	2.14e-04
 1.15147e+12	0.00e+00	0.00e+00	1.33e-26	1.18e-17	1.46e-09	6.56e-01	3.44e-01	1.89e-04
 1.21237e+12	0.00e+00	5.19e-36	1.66e-26	1.38e-17	1.60e-09	6.72e-01	3.28e-01	1.69e-04
 1.28001e+12	2.92e-46	7.08e-36	2.11e-26	1.63e-17	1.76e-09	6.88e-01	3.12e-01	1.49e-04
 1.35957e+12	0.00e+00	0.00e+00	2.77e-26	1.97e-17	1.96e-09	7.06e-01	2.94e-01	1.29e-04
 1.43858e+12	0.00e+00	1.41e-35	3.59e-26	2.36e-17	2.17e-09	7.23e-01	2.77e-01	1.13e-04
 1.51228e+12	9.89e-46	1.91e-35	4.52e-26	2.78e-17	2.38e-09	7.37e-01	2.63e-01	9.97e-05
 1.59423e+12	0.00e+00	0.00e+00	5.81e-26	3.30e-17	2.62e-09	7.52e-01	2.48e-01	8.70e-05
 1.68391e+12	0.00e+00	3.72e-35	7.55e-26	3.97e-17	2.90e-09	7.68e-01	2.32e-01	7.52e-05
 1.77140e+12	3.36e-45	5.14e-35	9.67e-26	4.70e-17	3.19e-09	7.81e-01	2.19e-01	6.56e-05
 1.85790e+12	0.00e+00	0.00e+00	1.22e-25	5.53e-17	3.48e-09	7.94e-01	2.06e-01	5.74e-05
 1.95363e+12	0.00e+00	9.70e-35	1.57e-25	6.58e-17	3.83e-09	8.07e-01	1.93e-01	4.97e-05
 2.05718e+12	1.13e-44	1.37e-34	2.04e-25	7.89e-17	4.23e-09	8.20e-01	1.80e-01	4.27e-05
 2.15463e+12	0.00e+00	0.00e+00	2.59e-25	9.28e-17	4.62e-09	8.31e-01	1.69e-01	3.72e-05
 2.26050e+12	0.00e+00	2.58e-34	3.32e-25	1.10e-16	5.07e-09	8.42e-01	1.58e-01	3.21e-05
 2.37315e+12	3.74e-44	3.60e-34	4.29e-25	1.31e-16	5.58e-09	8.53e-01	1.47e-01	2.76e-05
 2.46901e+12	0.00e+00	4.74e-34	5.29e-25	1.51e-16	6.02e-09	8.61e-01	1.39e-01	2.43e-05
 2.56606e+12	7.33e-44	6.20e-34	6.50e-25	1.74e-16	6.50e-09	8.69e-01	1.31e-01	2.15e-05
 2.68829e+12	0.00e+00	8.62e-34	8.36e-25	2.07e-16	7.12e-09	8.78e-01	1.22e-01	1.84e-05
 2.81312e+12	1.65e-43	1.19e-33	1.07e-24	2.45e-16	7.79e-09	8.87e-01	1.13e-01	1.58e-05
 2.92147e+12	0.00e+00	1.56e-33	1.32e-24	2.83e-16	8.41e-09	8.93e-01	1.07e-01	1.39e-05
 3.03857e+12	3.30e-43	2.08e-33	1.64e-24	3.28e-16	9.10e-09	9.00e-01	1.00e-01	1.21e-05
 3.18181e+12	0.00e+00	2.91e-33	2.12e-24	3.91e-16	9.98e-09	9.07e-01	9.26e-02	1.03e-05
 3.32906e+12	7.56e-43	4.07e-33	2.73e-24	4.65e-16	1.09e-08	9.14e-01	8.57e-02	8.79e-06
 3.46527e+12	0.00e+00	5.48e-33	3.43e-24	5.43e-16	1.19e-08	9.20e-01	7.99e-02	7.61e-06
 3.61688e+12	1.63e-42	7.55e-33	4.38e-24	6.42e-16	1.30e-08	9.26e-01	7.41e-02	6.50e-06
 3.79148e+12	0.00e+00	1.08e-32	5.74e-24	7.72e-16	1.43e-08	9.32e-01	6.81e-02	5.46e-06
 3.96351e+12	3.84e-42	1.51e-32	7.42e-24	9.21e-16	1.57e-08	9.37e-01	6.28e-02	4.62e-06
 4.14241e+12	0.00e+00	2.11e-32	9.60e-24	1.10e-15	1.72e-08	9.42e-01	5.78e-02	3.90e-06
 4.33804e+12	9.05e-42	3.01e-32	1.26e-23	1.32e-15	1.89e-08	9.47e-01	5.30e-02	3.27e-06
 4.53690e+12	0.00e+00	4.25e-32	1.64e-23	1.58e-15	2.08e-08	9.51e-01	4.87e-02	2.74e-06
 4.72029e+12	2.04e-41	5.79e-32	2.08e-23	1.86e-15	2.26e-08	9.55e-01	4.51e-02	2.34e-06
 4.88706e+12	0.00e+00	7.58e-32	2.55e-23	2.14e-15	2.44e-08	9.58e-01	4.21e-02	2.04e-06
 5.07684e+12	4.12e-41	1.02e-31	3.21e-23	2.50e-15	2.64e-08	9.61e-01	3.91e-02	1.75e-06
 5.30276e+12	0.00e+00	1.44e-31	4.17e-23	3.00e-15	2.90e-08	9.64e-01	3.58e-02	1.47e-06
 5.52884e+12	9.44e-41	2.00e-31	5.37e-23	3.57e-15	3.18e-08	9.67e-01	3.29e-02	1.24e-06
 5.73935e+12	0.00e+00	2.68e-31	6.74e-23	4.17e-15	3.45e-08	9.70e-01	3.05e-02	1.06e-06
 5.97424e+12	2.02e-40	3.69e-31	8.60e-23	4.93e-15	3.76e-08	9.72e-01	2.81e-02	8.96e-07
 6.24314e+12	0.00e+00	5.24e-31	1.13e-22	5.94e-15	4.15e-08	9.74e-01	2.56e-02	0.00e+00
 6.50337e+12	4.64e-40	7.25e-31	1.45e-22	7.06e-15	4.54e-08	9.77e-01	2.35e-02	0.00e+00
 6.72294e+12	0.00e+00	9.45e-31	1.78e-22	8.13e-15	4.89e-08	9.78e-01	2.19e-02	0.00e+00
 6.91500e+12	8.50e-40	1.18e-30	2.11e-22	9.17e-15	5.20e-08	9.79e-01	2.06e-02	0.00e+00
 7.13495e+12	0.00e+00	1.52e-30	2.56e-22	1.05e-14	5.58e-08	9.81e-01	1.93e-02	0.00e+00
 7.41941e+12	1.70e-39	2.08e-30	3.27e-22	1.24e-14	6.10e-08	9.82e-01	1.77e-02	0.00e+00
 7.71506e+12	0.00e+00	2.84e-30	4.16e-22	1.47e-14	6.67e-08	9.84e-01	1.62e-02	0.00e+00
 7.96578e+12	3.42e-39	3.67e-30	5.08e-22	1.69e-14	7.17e-08	9.85e-01	1.51e-02	0.00e+00
 8.23077e+12	0.00e+00	4.77e-30	6.23e-22	1.95e-14	7.73e-08	9.86e-01	1.40e-02	0.00e+00
 8.56313e+12	6.96e-39	6.55e-30	7.97e-22	2.31e-14	8.47e-08	9.87e-01	1.28e-02	0.00e+00
 8.90347e+12	0.00e+00	8.95e-30	1.02e-21	2.75e-14	9.28e-08	9.88e-01	1.17e-02	0.00e+00
 9.20092e+12	1.41e-38	1.16e-29	1.25e-21	3.17e-14	1.00e-07	9.89e-01	1.09e-02	0.00e+00
 9.52222e+12	0.00e+00	1.53e-29	1.55e-21	3.69e-14	1.09e-07	9.90e-01	1.01e-02	0.00e+00
 9.91287e+12	2.89e-38	2.10e-29	1.99e-21	4.41e-14	1.19e-07	9.91e-01	9.19e-03	0.00e+00
 1.03077e+13	0.00e+00	2.86e-29	2.54e-21	5.25e-14	1.31e-07	9.92e-01	8.39e-03	0.00e+00
 1.06660e+13	5.84e-38	3.75e-29	3.14e-21	6.11e-14	1.42e-07	9.92e-01	7.75e-03	0.00e+00
 1.10630e+13	0.00e+00	4.99e-29	3.94e-21	7.19e-14	1.55e-07	9.93e-01	7.12e-03	0.00e+00
 1.15003e+13	1.19e-37	6.76e-29	5.01e-21	8.54e-14	1.70e-07	9.94e-01	6.50e-03	0.00e+00
 1.19041e+13	0.00e+00	8.83e-29	6.20e-21	9.97e-14	1.85e-07	9.94e-01	5.99e-03	0.00e+00
 1.23398e+13	2.30e-37	1.17e-28	7.73e-21	1.17e-13	2.02e-07	9.94e-01	5.50e-03	0.00e+00
 1.28290e+13	0.00e+00	1.57e-28	9.81e-21	1.39e-13	2.22e-07	9.95e-01	5.02e-03	0.00e+00
 1.32985e+13	4.56e-37	2.06e-28	1.22e-20	1.63e-13	2.42e-07	9.95e-01	4.61e-03	0.00e+00
 1.37990e+13	0.00e+00	2.73e-28	1.53e-20	1.92e-13	2.64e-07	9.96e-01	4.22e-03	0.00e+00
 1.43131e+13	8.85e-37	3.59e-28	1.90e-20	2.26e-13	2.89e-07	9.96e-01	3.87e-03	0.00e+00
 1.47618e+13	0.00e+00	4.52e-28	2.29e-20	2.58e-13	3.11e-07	9.96e-01	3.59e-03	0.00e+00
 1.51684e+13	1.48e-36	5.53e-28	2.69e-20	2.91e-13	3.32e-07	9.97e-01	3.37e-03	0.00e+00
 1.56206e+13	0.00e+00	6.87e-28	3.21e-20	3.31e-13	3.56e-07	9.97e-01	3.15e-03	0.00e+00
 1.62085e+13	2.67e-36	9.02e-28	3.99e-20	3.88e-13	3.89e-07	9.97e-01	2.88e-03	0.00e+00
 1.68106e+13	0.00e+00	1.18e-27	4.95e-20	4.55e-13	4.24e-07	9.97e-01	2.65e-03	0.00e+00
 1.73058e+13	4.73e-36	1.45e-27	5.87e-20	5.16e-13	4.54e-07	9.98e-01	2.47e-03	0.00e+00
 1.78245e+13	0.00e+00	1.80e-27	6.98e-20	5.85e-13	4.87e-07	9.98e-01	2.31e-03	0.00e+00
 1.84949e+13	8.45e-36	2.36e-27	8.66e-20	6.85e-13	5.31e-07	9.98e-01	2.12e-03	0.00e+00
 1.92088e+13	0.00e+00	3.10e-27	1.08e-19	8.04e-13	5.80e-07	9.98e-01	1.94e-03	0.00e+00
 1.98435e+13	1.56e-35	3.92e-27	1.30e-19	9.23e-13	6.25e-07	9.98e-01	1.80e-03	0.00e+00
 2.05291e+13	0.00e+00	5.02e-27	1.59e-19	1.06e-12	6.76e-07	9.98e-01	1.67e-03	0.00e+00
 2.13500e+13	2.94e-35	6.66e-27	1.99e-19	1.25e-12	7.40e-07	9.98e-01	1.53e-03	0.00e+00
 2.21571e+13	0.00e+00	8.70e-27	2.46e-19	1.46e-12	8.05e-07	9.99e-01	1.41e-03	0.00e+00
 2.28775e+13	5.37e-35	1.10e-26	2.96e-19	1.67e-12	8.65e-07	9.99e-01	1.31e-03	0.00e+00
 2.36748e+13	0.00e+00	1.41e-26	3.61e-19	1.93e-12	9.34e-07	9.99e-01	1.21e-03	0.00e+00
 2.46229e+13	1.02e-34	1.87e-26	4.52e-19	2.27e-12	1.02e-06	9.99e-01	1.11e-03	0.00e+00
 2.55696e+13	0.00e+00	2.45e-26	5.61e-19	2.65e-12	1.11e-06	9.99e-01	1.02e-03	0.00e+00
 2.64486e+13	1.91e-34	3.13e-26	6.82e-19	3.04e-12	1.20e-06	9.99e-01	9.48e-04	0.00e+00
 2.72719e+13	2.49e-34	3.91e-26	8.13e-19	3.45e-12	1.28e-06	9.99e-01	8.85e-04	0.00e+00
 2.80194e+13	3.17e-34	4.76e-26	9.50e-19	3.86e-12	1.36e-06	9.99e-01	8.35e-04	0.00e+00
 2.88333e+13	4.09e-34	5.88e-26	1.12e-18	4.33e-12	1.45e-06	9.99e-01	7.85e-04	0.00e+00
 2.98915e+13	5.61e-34	7.62e-26	1.38e-18	5.02e-12	1.57e-06	9.99e-01	7.25e-04	0.00e+00
 3.09619e+13	7.63e-34	9.84e-26	1.69e-18	5.80e-12	1.70e-06	9.99e-01	6.71e-04	0.00e+00
 3.18248e+13	9.73e-34	1.20e-25	1.97e-18	6.49e-12	1.80e-06	9.99e-01	6.32e-04	0.00e+00
 3.27229e+13	1.25e-33	1.47e-25	2.32e-18	7.26e-12	1.91e-06	9.99e-01	5.95e-04	0.00e+00
 3.38903e+13	1.70e-33	1.90e-25	2.83e-18	8.38e-12	2.07e-06	9.99e-01	5.52e-04	0.00e+00
 3.51294e+13	2.33e-33	2.47e-25	3.48e-18	9.69e-12	2.24e-06	9.99e-01	5.10e-04	0.00e+00
 3.62126e+13	3.06e-33	3.08e-25	4.15e-18	1.10e-11	2.39e-06	1.00e+00	4.78e-04	0.00e+00
 3.73721e+13	4.05e-33	3.89e-25	4.97e-18	1.25e-11	2.56e-06	1.00e+00	4.46e-04	0.00e+00
 3.88029e+13	5.63e-33	5.10e-25	6.17e-18	1.45e-11	2.78e-06	1.00e+00	4.11e-04	0.00e+00
 4.02192e+13	7.79e-33	6.66e-25	7.59e-18	1.68e-11	3.00e-06	1.00e+00	3.81e-04	0.00e+00
 4.14297e+13	1.01e-32	8.26e-25	9.00e-18	1.89e-11	3.20e-06	1.00e+00	3.57e-04	0.00e+00
 4.27399e+13	1.34e-32	1.04e-24	1.08e-17	2.15e-11	3.42e-06	1.00e+00	3.34e-04	0.00e+00
 4.43650e+13	1.85e-32	1.36e-24	1.33e-17	2.50e-11	3.72e-06	1.00e+00	3.08e-04	0.00e+00
 4.60063e+13	2.57e-32	1.78e-24	1.65e-17	2.89e-11	4.02e-06	1.00e+00	2.85e-04	0.00e+00
 4.74442e+13	3.38e-32	2.23e-24	1.96e-17	3.27e-11	4.29e-06	1.00e+00	2.67e-04	0.00e+00
 4.90106e+13	4.52e-32	2.83e-24	2.37e-17	3.73e-11	4.61e-06	1.00e+00	2.49e-04	0.00e+00
 5.09089e+13	6.31e-32	3.73e-24	2.95e-17	4.35e-11	5.01e-06	1.00e+00	2.29e-04	0.00e+00
 5.28027e+13	8.77e-32	4.88e-24	3.64e-17	5.04e-11	5.41e-06	1.00e+00	2.12e-04	0.00e+00
 5.45025e+13	1.16e-31	6.16e-24	4.37e-17	5.73e-11	5.80e-06	1.00e+00	1.98e-04	0.00e+00
 5.63863e+13	1.58e-31	7.92e-24	5.32e-17	6.57e-11	6.23e-06	1.00e+00	1.84e-04	0.00e+00
 5.86149e+13	2.23e-31	1.05e-23	6.65e-17	7.68e-11	6.78e-06	1.00e+00	1.69e-04	0.00e+00
 6.08273e+13	3.12e-31	1.38e-23	8.25e-17	8.92e-11	7.34e-06	1.00e+00	1.56e-04	0.00e+00
 6.28940e+13	4.23e-31	1.78e-23	1.00e-16	1.02e-10	7.88e-06	1.00e+00	1.46e-04	0.00e+00
 6.52054e+13	5.87e-31	2.32e-23	1.23e-16	1.18e-10	8.51e-06	1.00e+00	1.35e-04	0.00e+00
 6.78435e+13	8.35e-31	3.11e-23	1.55e-16	1.38e-10	9.27e-06	1.00e+00	1.24e-04	0.00e+00
 7.04415e+13	1.18e-30	4.12e-23	1.93e-16	1.61e-10	1.00e-05	1.00e+00	1.15e-04	0.00e+00
 7.27782e+13	1.59e-30	5.25e-23	2.34e-16	1.83e-10	1.08e-05	1.00e+00	1.07e-04	0.00e+00
 7.52707e+13	2.16e-30	6.77e-23	2.85e-16	2.10e-10	1.15e-05	1.00e+00	9.96e-05	0.00e+00
 7.78259e+13	2.95e-30	8.71e-23	3.46e-16	2.40e-10	1.24e-05	1.00e+00	9.29e-05	0.00e+00
 7.99318e+13	3.77e-30	1.06e-22	4.04e-16	2.67e-10	1.31e-05	1.00e+00	8.78e-05	0.00e+00
 8.21385e+13	4.86e-30	1.31e-22	4.74e-16	2.98e-10	1.39e-05	1.00e+00	8.30e-05	0.00e+00
 8.50073e+13	6.70e-30	1.70e-22	5.80e-16	3.41e-10	1.49e-05	1.00e+00	7.73e-05	0.00e+00
 8.80213e+13	9.19e-30	2.20e-22	7.11e-16	3.93e-10	1.60e-05	1.00e+00	7.18e-05	0.00e+00
 9.05997e+13	1.21e-29	2.75e-22	8.42e-16	4.40e-10	1.70e-05	1.00e+00	6.77e-05	0.00e+00
 9.33273e+13	1.60e-29	3.45e-22	1.00e-15	4.96e-10	1.81e-05	1.00e+00	6.37e-05	0.00e+00
 9.67813e+13	2.27e-29	4.58e-22	1.24e-15	5.73e-10	1.94e-05	1.00e+00	5.92e-05	0.00e+00
 1.00370e+14	3.17e-29	6.01e-22	1.54e-15	6.63e-10	2.10e-05	1.00e+00	5.48e-05	0.00e+00
 1.03485e+14	4.26e-29	7.63e-22	1.84e-15	7.49e-10	2.23e-05	1.00e+00	5.16e-05	0.00e+00
 1.06792e+14	5.76e-29	9.74e-22	2.22e-15	8.49e-10	2.38e-05	1.00e+00	4.84e-05	0.00e+00
 1.10849e+14	8.25e-29	1.30e-21	2.77e-15	9.84e-10	2.56e-05	1.00e+00	4.49e-05	0.00e+00
 1.14966e+14	1.18e-28	1.73e-21	3.44e-15	1.14e-09	2.76e-05	1.00e+00	4.17e-05	0.00e+00
 1.18660e+14	1.60e-28	2.22e-21	4.15e-15	1.29e-09	2.94e-05	1.00e+00	3.91e-05	0.00e+00
 1.22717e+14	2.22e-28	2.88e-21	5.07e-15	1.48e-09	3.15e-05	1.00e+00	3.66e-05	0.00e+00
 1.27526e+14	3.22e-28	3.90e-21	6.37e-15	1.72e-09	3.40e-05	1.00e+00	3.39e-05	0.00e+00
 1.32305e+14	4.65e-28	5.23e-21	7.93e-15	1.99e-09	3.65e-05	1.00e+00	3.15e-05	0.00e+00
 1.36745e+14	6.35e-28	6.73e-21	9.64e-15	2.27e-09	3.90e-05	1.00e+00	2.95e-05	0.00e+00
 1.41713e+14	9.05e-28	8.94e-21	1.19e-14	2.61e-09	4.19e-05	1.00e+00	2.75e-05	0.00e+00
 1.47412e+14	1.34e-27	1.23e-20	1.51e-14	3.06e-09	4.53e-05	1.00e+00	2.54e-05	0.00e+00
 1.53029e+14	1.94e-27	1.65e-20	1.89e-14	3.55e-09	4.87e-05	1.00e+00	2.36e-05	0.00e+00
 1.58870e+14	2.81e-27	2.22e-20	2.36e-14	4.12e-09	5.24e-05	1.00e+00	2.19e-05	0.00e+00
 1.65255e+14	4.15e-27	3.03e-20	2.99e-14	4.81e-09	5.67e-05	1.00e+00	2.03e-05	0.00e+00
 1.71746e+14	6.06e-27	4.11e-20	3.77e-14	5.61e-09	6.11e-05	1.00e+00	1.88e-05	0.00e+00
 1.78497e+14	8.87e-27	5.57e-20	4.75e-14	6.54e-09	6.59e-05	1.00e+00	1.74e-05	0.00e+00
 1.84521e+14	1.23e-26	7.24e-20	5.79e-14	7.46e-09	7.04e-05	1.00e+00	1.63e-05	0.00e+00
 1.89194e+14	1.57e-26	8.83e-20	6.73e-14	8.24e-09	7.39e-05	1.00e+00	1.55e-05	0.00e+00
 1.94170e+14	2.04e-26	1.09e-19	7.86e-14	9.13e-09	7.78e-05	1.00e+00	1.48e-05	0.00e+00
 2.00639e+14	2.82e-26	1.41e-19	9.57e-14	1.04e-08	8.29e-05	1.00e+00	1.39e-05	0.00e+00
 2.07647e+14	3.95e-26	1.85e-19	1.18e-13	1.19e-08	8.87e-05	1.00e+00	1.29e-05	0.00e+00
 2.13972e+14	5.24e-26	2.33e-19	1.41e-13	1.34e-08	9.41e-05	1.00e+00	1.22e-05	0.00e+00
 2.20811e+14	7.23e-26	3.00e-19	1.70e-13	1.52e-08	1.00e-04	1.00e+00	1.15e-05	0.00e+00
 2.29185e+14	1.02e-25	3.99e-19	2.13e-13	1.77e-08	1.08e-04	1.00e+00	1.06e-05	0.00e+00
 2.37552e+14	1.46e-25	5.30e-19	2.64e-13	2.04e-08	1.16e-04	1.00e+00	9.92e-06	0.00e+00
 2.44991e+14	1.99e-25	6.80e-19	3.17e-13	2.30e-08	1.23e-04	1.00e+00	9.34e-06	0.00e+00
 2.53224e+14	2.74e-25	8.80e-19	3.87e-13	2.62e-08	1.31e-04	1.00e+00	8.75e-06	0.00e+00
 2.62417e+14	3.81e-25	1.15e-18	4.79e-13	3.03e-08	1.41e-04	1.00e+00	8.14e-06	0.00e+00
 2.71030e+14	5.22e-25	1.49e-18	5.81e-13	3.44e-08	1.50e-04	1.00e+00	7.64e-06	0.00e+00
 2.80399e+14	7.31e-25	1.95e-18	7.12e-13	3.94e-08	1.61e-04	1.00e+00	7.14e-06	0.00e+00
 2.90764e+14	1.02e-24	2.56e-18	8.85e-13	4.55e-08	1.73e-04	1.00e+00	6.64e-06	0.00e+00
 3.00365e+14	1.41e-24	3.32e-18	1.08e-12	5.18e-08	1.84e-04	1.00e+00	6.22e-06	0.00e+00
 3.10790e+14	1.92e-24	4.28e-18	1.32e-12	5.94e-08	1.97e-04	1.00e+00	5.81e-06	0.00e+00
 3.22417e+14	2.70e-24	5.67e-18	1.64e-12	6.88e-08	2.12e-04	1.00e+00	5.39e-06	0.00e+00
 3.33300e+14	3.68e-24	7.30e-18	2.00e-12	7.85e-08	2.27e-04	1.00e+00	5.04e-06	0.00e+00
 3.45138e+14	5.20e-24	9.63e-18	2.47e-12	9.03e-08	2.43e-04	1.00e+00	4.70e-06	0.00e+00
 3.58326e+14	7.22e-24	1.27e-17	3.08e-12	1.05e-07	2.63e-04	1.00e+00	4.36e-06	0.00e+00
 3.70667e+14	9.87e-24	1.64e-17	3.77e-12	1.20e-07	2.82e-04	1.00e+00	4.06e-06	0.00e+00
 3.84057e+14	1.39e-23	2.16e-17	4.66e-12	1.38e-07	3.02e-04	1.00e+00	3.79e-06	0.00e+00
 3.99031e+14	1.94e-23	2.85e-17	5.84e-12	1.61e-07	3.27e-04	1.00e+00	3.50e-06	0.00e+00
 4.13207e+14	2.66e-23	3.71e-17	7.20e-12	1.85e-07	3.51e-04	1.00e+00	3.26e-06	0.00e+00
 4.28368e+14	3.69e-23	4.86e-17	8.92e-12	2.14e-07	3.78e-04	1.00e+00	3.03e-06	0.00e+00
 4.45532e+14	5.39e-23	6.59e-17	1.13e-11	2.51e-07	4.09e-04	1.00e+00	2.80e-06	0.00e+00
 4.62432e+14	7.40e-23	8.61e-17	1.40e-11	2.91e-07	4.42e-04	1.00e+00	2.59e-06	0.00e+00
 4.77616e+14	1.00e-22	1.10e-16	1.70e-11	3.31e-07	4.71e-04	1.00e+00	2.42e-06	0.00e+00
 4.93796e+14	1.33e-22	1.40e-16	2.07e-11	3.78e-07	5.05e-04	9.99e-01	2.26e-06	0.00e+00
 5.13015e+14	1.90e-22	1.88e-16	2.60e-11	4.41e-07	5.46e-04	9.99e-01	2.09e-06	0.00e+00
 5.30106e+14	2.50e-22	2.37e-16	3.16e-11	5.03e-07	5.84e-04	9.99e-01	1.95e-06	0.00e+00
 5.42950e+14	3.08e-22	2.82e-16	3.64e-11	5.53e-07	6.13e-04	9.99e-01	1.86e-06	0.00e+00
 5.56349e+14	3.88e-22	3.40e-16	4.21e-11	6.10e-07	6.44e-04	9.99e-01	1.77e-06	0.00e+00
 5.73769e+14	5.00e-22	4.22e-16	5.04e-11	6.90e-07	6.87e-04	9.99e-01	1.66e-06	0.00e+00
 5.92776e+14	6.81e-22	5.43e-16	6.12e-11	7.86e-07	7.34e-04	9.99e-01	1.55e-06	0.00e+00
 6.10172e+14	8.68e-22	6.67e-16	7.27e-11	8.83e-07	7.79e-04	9.99e-01	1.46e-06	0.00e+00
 6.29112e+14	1.15e-21	8.39e-16	8.71e-11	9.98e-07	8.29e-04	9.99e-01	1.37e-06	0.00e+00
 6.52629e+14	1.56e-21	1.09e-15	1.08e-10	1.16e-06	8.95e-04	9.99e-01	1.27e-06	0.00e+00
 6.76036e+14	2.16e-21	1.42e-15	1.33e-10	1.33e-06	9.61e-04	9.99e-01	1.18e-06	0.00e+00
 6.96123e+14	2.74e-21	1.74e-15	1.59e-10	1.50e-06	1.02e-03	9.99e-01	1.11e-06	0.00e+00
 7.17952e+14	3.63e-21	2.20e-15	1.90e-10	1.69e-06	1.09e-03	9.99e-01	1.05e-06	0.00e+00
 7.44911e+14	4.97e-21	2.87e-15	2.37e-10	1.96e-06	1.17e-03	9.99e-01	9.68e-07	0.00e+00
 7.72341e+14	6.90e-21	3.76e-15	2.93e-10	2.27e-06	1.26e-03	9.99e-01	0.00e+00	0.00e+00
 7.96735e+14	8.98e-21	4.70e-15	3.52e-10	2.57e-06	1.35e-03	9.99e-01	0.00e+00	0.00e+00
 8.23378e+14	1.20e-20	5.98e-15	4.28e-10	2.93e-06	1.44e-03	9.99e-01	0.00e+00	0.00e+00
 8.55221e+14	1.65e-20	7.84e-15	5.36e-10	3.41e-06	1.56e-03	9.98e-01	0.00e+00	0.00e+00
 8.86682e+14	2.28e-20	1.02e-14	6.63e-10	3.94e-06	1.68e-03	9.98e-01	0.00e+00	0.00e+00
 9.15156e+14	2.96e-20	1.28e-14	7.98e-10	4.47e-06	1.80e-03	9.98e-01	0.00e+00	0.00e+00
 9.46887e+14	4.01e-20	1.65e-14	9.77e-10	5.12e-06	1.93e-03	9.98e-01	0.00e+00	0.00e+00
 9.84133e+14	5.57e-20	2.17e-14	1.23e-09	5.98e-06	2.09e-03	9.98e-01	0.00e+00	0.00e+00
 1.02086e+15	7.62e-20	2.83e-14	1.52e-09	6.92e-06	2.26e-03	9.98e-01	0.00e+00	0.00e+00
 1.05530e+15	1.01e-19	3.58e-14	1.85e-09	7.91e-06	2.42e-03	9.98e-01	0.00e+00	0.00e+00
 1.09379e+15	1.37e-19	4.64e-14	2.28e-09	9.13e-06	2.61e-03	9.97e-01	0.00e+00	0.00e+00
 1.13042e+15	1.80e-19	5.86e-14	2.77e-09	1.04e-05	2.80e-03	9.97e-01	0.00e+00	0.00e+00
 1.15737e+15	2.20e-19	6.93e-14	3.18e-09	1.15e-05	2.94e-03	9.97e-01	0.00e+00	0.00e+00
 1.18447e+15	2.67e-19	8.17e-14	3.65e-09	1.26e-05	3.09e-03	9.97e-01	0.00e+00	0.00e+00
 1.21969e+15	3.42e-19	1.01e-13	4.33e-09	1.41e-05	3.29e-03	9.97e-01	0.00e+00	0.00e+00
 1.25789e+15	4.39e-19	1.25e-13	5.19e-09	1.60e-05	3.52e-03	9.96e-01	0.00e+00	0.00e+00
 1.29222e+15	5.54e-19	1.52e-13	6.08e-09	1.78e-05	3.72e-03	9.96e-01	0.00e+00	0.00e+00
 1.32914e+15	6.94e-19	1.84e-13	7.17e-09	2.00e-05	3.96e-03	9.96e-01	0.00e+00	0.00e+00
 1.37703e+15	9.34e-19	2.37e-13	8.82e-09	2.30e-05	4.27e-03	9.96e-01	0.00e+00	0.00e+00
 1.42543e+15	1.23e-18	3.01e-13	1.08e-08	2.64e-05	4.61e-03	9.95e-01	0.00e+00	0.00e+00
 1.46450e+15	1.55e-18	3.65e-13	1.26e-08	2.95e-05	4.89e-03	9.95e-01	0.00e+00	0.00e+00
 1.50518e+15	1.94e-18	4.43e-13	1.48e-08	3.29e-05	5.19e-03	9.95e-01	0.00e+00	0.00e+00
 1.55805e+15	2.56e-18	5.63e-13	1.82e-08	3.78e-05	5.60e-03	9.94e-01	0.00e+00	0.00e+00
 1.61434e+15	3.42e-18	7.22e-13	2.24e-08	4.36e-05	6.06e-03	9.94e-01	0.00e+00	0.00e+00
 1.66390e+15	4.33e-18	8.87e-13	2.67e-08	4.92e-05	6.47e-03	9.93e-01	0.00e+00	0.00e+00
 1.71718e+15	5.62e-18	1.11e-12	3.20e-08	5.58e-05	6.95e-03	9.93e-01	0.00e+00	0.00e+00
 1.78226e+15	7.57e-18	1.43e-12	3.98e-08	6.48e-05	7.55e-03	9.92e-01	0.00e+00	0.00e+00
 1.84744e+15	1.02e-17	1.84e-12	4.92e-08	7.48e-05	8.18e-03	9.92e-01	0.00e+00	0.00e+00
 1.90492e+15	1.28e-17	2.26e-12	5.89e-08	8.46e-05	8.75e-03	9.91e-01	0.00e+00	0.00e+00
 1.96761e+15	1.69e-17	2.86e-12	7.12e-08	9.63e-05	9.41e-03	9.90e-01	0.00e+00	0.00e+00
 2.04312e+15	2.28e-17	3.71e-12	8.88e-08	1.12e-04	1.02e-02	9.90e-01	0.00e+00	0.00e+00
 2.11846e+15	3.08e-17	4.80e-12	1.10e-07	1.29e-04	1.11e-02	9.89e-01	0.00e+00	0.00e+00
 2.18640e+15	3.95e-17	5.96e-12	1.32e-07	1.47e-04	1.19e-02	9.88e-01	0.00e+00	0.00e+00
 2.26158e+15	5.21e-17	7.57e-12	1.62e-07	1.68e-04	1.29e-02	9.87e-01	0.00e+00	0.00e+00
 2.35017e+15	7.17e-17	9.95e-12	2.03e-07	1.96e-04	1.40e-02	9.86e-01	0.00e+00	0.00e+00
 2.43788e+15	9.63e-17	1.29e-11	2.52e-07	2.27e-04	1.52e-02	9.85e-01	0.00e+00	0.00e+00
 2.50728e+15	1.19e-16	1.56e-11	2.98e-07	2.54e-04	1.62e-02	9.84e-01	0.00e+00	0.00e+00
 2.56049e+15	1.60e-16	1.83e-11	3.37e-07	2.76e-04	1.70e-02	9.83e-01	0.00e+00	0.00e+00
 2.61896e+15	1.94e-16	2.15e-11	3.86e-07	3.02e-04	1.79e-02	9.82e-01	0.00e+00	0.00e+00
 2.69497e+15	2.44e-16	2.63e-11	4.58e-07	3.39e-04	1.91e-02	9.81e-01	0.00e+00	0.00e+00
 2.77731e+15	3.15e-16	3.26e-11	5.48e-07	3.82e-04	2.04e-02	9.79e-01	0.00e+00	0.00e+00
 2.85126e+15	3.96e-16	3.95e-11	6.41e-07	4.24e-04	2.16e-02	9.78e-01	0.00e+00	0.00e+00
 2.93077e+15	4.90e-16	4.77e-11	7.56e-07	4.73e-04	2.30e-02	9.77e-01	0.00e+00	0.00e+00
 3.03415e+15	6.79e-16	6.23e-11	9.32e-07	5.44e-04	2.49e-02	9.75e-01	0.00e+00	0.00e+00
 3.13863e+15	9.08e-16	7.96e-11	1.14e-06	6.22e-04	2.68e-02	9.73e-01	0.00e+00	0.00e+00
 3.22278e+15	1.14e-15	9.67e-11	1.34e-06	6.91e-04	2.84e-02	9.71e-01	0.00e+00	0.00e+00
 3.31037e+15	1.43e-15	1.17e-10	1.57e-06	7.69e-04	3.01e-02	9.69e-01	0.00e+00	0.00e+00
 3.42423e+15	1.91e-15	1.50e-10	1.93e-06	8.80e-04	3.25e-02	9.67e-01	0.00e+00	0.00e+00
 3.54548e+15	2.62e-15	1.95e-10	2.39e-06	1.01e-03	3.51e-02	9.64e-01	0.00e+00	0.00e+00
 3.65273e+15	3.39e-15	2.43e-10	2.86e-06	1.14e-03	3.74e-02	9.61e-01	0.00e+00	0.00e+00
 3.76854e+15	4.35e-15	3.03e-10	3.45e-06	1.29e-03	4.00e-02	9.59e-01	0.00e+00	0.00e+00
 3.91069e+15	6.26e-15	4.06e-10	4.33e-06	1.50e-03	4.35e-02	9.55e-01	0.00e+00	0.00e+00
 4.05485e+15	8.33e-15	5.23e-10	5.39e-06	1.73e-03	4.69e-02	9.51e-01	0.00e+00	0.00e+00
 4.18378e+15	1.11e-14	6.63e-10	6.52e-06	1.96e-03	5.02e-02	9.48e-01	0.00e+00	0.00e+00
 4.32516e+15	1.56e-14	8.72e-10	8.00e-06	2.23e-03	5.40e-02	9.44e-01	0.00e+00	0.00e+00
 4.49319e+15	2.19e-14	1.16e-09	1.01e-05	2.60e-03	5.86e-02	9.39e-01	0.00e+00	0.00e+00
 4.65946e+15	2.94e-14	1.50e-09	1.26e-05	3.00e-03	6.32e-02	9.34e-01	0.00e+00	0.00e+00
 4.81215e+15	3.94e-14	1.92e-09	1.54e-05	3.41e-03	6.77e-02	9.29e-01	0.00e+00	0.00e+00
 4.98361e+15	5.42e-14	2.52e-09	1.90e-05	3.92e-03	7.29e-02	9.23e-01	0.00e+00	0.00e+00
 5.14937e+15	7.34e-14	3.24e-09	2.33e-05	4.47e-03	7.81e-02	9.17e-01	0.00e+00	0.00e+00
 5.27018e+15	9.57e-14	3.97e-09	2.68e-05	4.90e-03	8.20e-02	9.13e-01	0.00e+00	0.00e+00
 5.38967e+15	1.16e-13	4.70e-09	3.08e-05	5.35e-03	8.59e-02	9.09e-01	0.00e+00	0.00e+00
 5.54500e+15	1.48e-13	5.78e-09	3.66e-05	5.99e-03	9.11e-02	9.03e-01	0.00e+00	0.00e+00
 5.71439e+15	2.02e-13	7.43e-09	4.42e-05	6.75e-03	9.71e-02	8.96e-01	0.00e+00	0.00e+00
 5.86662e+15	2.60e-13	9.14e-09	5.19e-05	7.49e-03	1.02e-01	8.90e-01	0.00e+00	0.00e+00
 6.02906e+15	3.32e-13	1.12e-08	6.14e-05	8.34e-03	1.08e-01	8.83e-01	0.00e+00	0.00e+00
 6.24024e+15	4.63e-13	1.48e-08	7.60e-05	9.57e-03	1.16e-01	8.74e-01	0.00e+00	0.00e+00
 6.45386e+15	6.12e-13	1.89e-08	9.32e-05	1.09e-02	1.24e-01	8.65e-01	0.00e+00	0.00e+00
 6.62624e+15	7.87e-13	2.33e-08	1.10e-04	1.21e-02	1.31e-01	8.57e-01	0.00e+00	0.00e+00
 6.80590e+15	1.01e-12	2.87e-08	1.29e-04	1.34e-02	1.38e-01	8.49e-01	0.00e+00	0.00e+00
 7.03946e+15	1.39e-12	3.73e-08	1.59e-04	1.53e-02	1.47e-01	8.38e-01	0.00e+00	0.00e+00
 7.28446e+15	2.02e-12	5.03e-08	1.97e-04	1.76e-02	1.57e-01	8.25e-01	0.00e+00	0.00e+00
 7.49532e+15	2.65e-12	6.30e-08	2.35e-04	1.96e-02	1.66e-01	8.14e-01	0.00e+00	0.00e+00
 7.72045e+15	3.48e-12	7.92e-08	2.82e-04	2.20e-02	1.76e-01	8.02e-01	0.00e+00	0.00e+00
 8.00467e+15	4.76e-12	1.04e-07	3.52e-04	2.53e-02	1.88e-01	7.87e-01	0.00e+00	0.00e+00
 8.28792e+15	6.99e-12	1.40e-07	4.39e-04	2.91e-02	2.00e-01	7.70e-01	0.00e+00	0.00e+00
 8.52650e+15	9.18e-12	1.76e-07	5.22e-04	3.24e-02	2.11e-01	7.56e-01	0.00e+00	0.00e+00
 8.78482e+15	1.23e-11	2.24e-07	6.29e-04	3.64e-02	2.22e-01	7.41e-01	0.00e+00	0.00e+00
 9.07379e+15	1.66e-11	2.88e-07	7.67e-04	4.12e-02	2.35e-01	7.23e-01	0.00e+00	0.00e+00
 9.34637e+15	2.15e-11	3.59e-07	9.20e-04	4.61e-02	2.47e-01	7.06e-01	0.00e+00	0.00e+00
 9.60441e+15	2.80e-11	4.47e-07	1.09e-03	5.11e-02	2.58e-01	6.89e-01	0.00e+00	0.00e+00
 9.89979e+15	3.76e-11	5.71e-07	1.32e-03	5.74e-02	2.71e-01	6.70e-01	0.00e+00	0.00e+00
 1.01889e+16	5.23e-11	7.41e-07	1.58e-03	6.42e-02	2.85e-01	6.50e-01	0.00e+00	0.00e+00
 1.04056e+16	6.41e-11	8.77e-07	1.80e-03	6.94e-02	2.94e-01	6.35e-01	0.00e+00	0.00e+00
 1.06228e+16	7.88e-11	1.04e-06	2.05e-03	7.51e-02	3.03e-01	6.20e-01	0.00e+00	0.00e+00
 1.09052e+16	9.88e-11	1.26e-06	2.42e-03	8.28e-02	3.14e-01	6.00e-01	0.00e+00	0.00e+00
 1.12130e+16	1.35e-10	1.62e-06	2.89e-03	9.20e-02	3.27e-01	5.78e-01	0.00e+00	0.00e+00
 1.14794e+16	1.70e-10	1.96e-06	3.35e-03	1.00e-01	3.38e-01	5.59e-01	0.00e+00	0.00e+00
 1.17514e+16	2.10e-10	2.35e-06	3.88e-03	1.09e-01	3.48e-01	5.39e-01	0.00e+00	0.00e+00
 1.21049e+16	2.99e-10	3.10e-06	4.73e-03	1.22e-01	3.61e-01	5.12e-01	0.00e+00	0.00e+00
 1.24450e+16	3.88e-10	3.86e-06	5.63e-03	1.35e-01	3.72e-01	4.87e-01	0.00e+00	0.00e+00
 1.27072e+16	4.70e-10	4.55e-06	6.43e-03	1.46e-01	3.80e-01	4.68e-01	0.00e+00	0.00e+00
 1.29875e+16	5.90e-10	5.49e-06	7.42e-03	1.58e-01	3.88e-01	4.47e-01	0.00e+00	0.00e+00
 1.33518e+16	8.42e-10	7.24e-06	8.98e-03	1.75e-01	3.98e-01	4.18e-01	0.00e+00	0.00e+00
 1.37131e+16	1.06e-09	8.85e-06	1.06e-02	1.92e-01	4.05e-01	3.93e-01	0.00e+00	0.00e+00
 1.39974e+16	1.40e-09	1.10e-05	1.23e-02	2.07e-01	4.11e-01	3.70e-01	0.00e+00	0.00e+00
 1.42940e+16	1.78e-09	1.33e-05	1.42e-02	2.23e-01	4.15e-01	3.48e-01	0.00e+00	0.00e+00
 1.46277e+16	2.20e-09	1.60e-05	1.66e-02	2.41e-01	4.18e-01	3.25e-01	0.00e+00	0.00e+00
 1.49336e+16	2.97e-09	2.02e-05	1.93e-02	2.60e-01	4.20e-01	3.01e-01	0.00e+00	0.00e+00
 1.51943e+16	3.64e-09	2.38e-05	2.18e-02	2.75e-01	4.20e-01	2.83e-01	0.00e+00	0.00e+00
 1.54720e+16	4.52e-09	2.84e-05	2.49e-02	2.93e-01	4.19e-01	2.63e-01	0.00e+00	0.00e+00
 1.57797e+16	5.57e-09	3.39e-05	2.87e-02	3.13e-01	4.16e-01	2.42e-01	0.00e+00	0.00e+00
 1.60589e+16	7.50e-09	4.23e-05	3.30e-02	3.33e-01	4.13e-01	2.22e-01	0.00e+00	0.00e+00
 1.62960e+16	9.07e-09	4.94e-05	3.69e-02	3.49e-01	4.08e-01	2.06e-01	0.00e+00	0.00e+00
 1.65109e+16	1.09e-08	5.72e-05	4.09e-02	3.64e-01	4.03e-01	1.92e-01	0.00e+00	0.00e+00
 1.67553e+16	1.34e-08	6.72e-05	4.60e-02	3.82e-01	3.96e-01	1.76e-01	0.00e+00	0.00e+00
 1.70267e+16	1.62e-08	7.89e-05	5.23e-02	4.02e-01	3.86e-01	1.60e-01	0.00e+00	0.00e+00
 1.72762e+16	2.19e-08	9.87e-05	5.95e-02	4.21e-01	3.76e-01	1.43e-01	0.00e+00	0.00e+00
 1.74872e+16	2.65e-08	1.15e-04	6.60e-02	4.37e-01	3.66e-01	1.31e-01	0.00e+00	0.00e+00
 1.76743e+16	3.18e-08	1.32e-04	7.26e-02	4.51e-01	3.57e-01	1.20e-01	0.00e+00	0.00e+00
 1.78863e+16	3.70e-08	1.50e-04	8.04e-02	4.66e-01	3.44e-01	1.09e-01	0.00e+00	0.00e+00
 1.81248e+16	4.91e-08	1.85e-04	9.13e-02	4.84e-01	3.29e-01	9.52e-02	0.00e+00	0.00e+00
 1.83335e+16	5.85e-08	2.13e-04	1.01e-01	4.99e-01	3.15e-01	8.48e-02	0.00e+00	0.00e+00
 1.85052e+16	7.61e-08	2.57e-04	1.12e-01	5.11e-01	3.01e-01	7.54e-02	0.00e+00	0.00e+00
 1.86619e+16	9.09e-08	2.94e-04	1.21e-01	5.22e-01	2.89e-01	6.77e-02	0.00e+00	0.00e+00
 1.88344e+16	1.04e-07	3.29e-04	1.33e-01	5.33e-01	2.74e-01	6.01e-02	0.00e+00	0.00e+00
 1.90267e+16	1.29e-07	3.88e-04	1.47e-01	5.45e-01	2.56e-01	5.17e-02	0.00e+00	0.00e+00
 1.91952e+16	1.61e-07	4.56e-04	1.62e-01	5.54e-01	2.39e-01	4.46e-02	0.00e+00	0.00e+00
 1.93294e+16	2.05e-07	5.42e-04	1.75e-01	5.60e-01	2.25e-01	3.88e-02	0.00e+00	0.00e+00
 1.94442e+16	2.40e-07	6.09e-04	1.87e-01	5.65e-01	2.13e-01	3.44e-02	0.00e+00	0.00e+00
 1.95691e+16	2.73e-07	6.73e-04	2.00e-01	5.70e-01	1.99e-01	3.01e-02	0.00e+00	0.00e+00
 1.97315e+16	3.73e-07	8.38e-04	2.21e-01	5.75e-01	1.79e-01	2.42e-02	0.00e+00	0.00e+00
 1.98687e+16	4.44e-07	9.55e-04	2.38e-01	5.77e-01	1.64e-01	2.02e-02	0.00e+00	0.00e+00
 1.99508e+16	5.17e-07	1.06e-03	2.49e-01	5.78e-01	1.54e-01	1.78e-02	0.00e+00	0.00e+00
 2.00142e+16	5.71e-07	1.14e-03	2.58e-01	5.78e-01	1.46e-01	1.61e-02	0.00e+00	0.00e+00
 2.00757e+16	6.33e-07	1.23e-03	2.68e-01	5.78e-01	1.38e-01	1.44e-02	0.00e+00	0.00e+00
 2.01555e+16	6.89e-07	1.31e-03	2.79e-01	5.78e-01	1.29e-01	1.26e-02	0.00e+00	0.00e+00
 2.02455e+16	7.96e-07	1.46e-03	2.93e-01	5.77e-01	1.18e-01	1.07e-02	0.00e+00	0.00e+00
 2.03202e+16	9.12e-07	1.60e-03	3.05e-01	5.75e-01	1.09e-01	9.14e-03	0.00e+00	0.00e+00
 2.03722e+16	1.04e-06	1.75e-03	3.15e-01	5.73e-01	1.02e-01	8.07e-03	0.00e+00	0.00e+00
 2.04131e+16	1.12e-06	1.85e-03	3.22e-01	5.71e-01	9.74e-02	7.35e-03	0.00e+00	0.00e+00
 2.04563e+16	1.21e-06	1.95e-03	3.29e-01	5.70e-01	9.23e-02	6.62e-03	0.00e+00	0.00e+00
 2.05125e+16	1.33e-06	2.09e-03	3.39e-01	5.67e-01	8.57e-02	5.76e-03	0.00e+00	0.00e+00
 2.05856e+16	1.54e-06	2.31e-03	3.52e-01	5.63e-01	7.73e-02	4.72e-03	0.00e+00	0.00e+00
 2.06553e+16	1.74e-06	2.51e-03	3.65e-01	5.59e-01	6.99e-02	3.91e-03	0.00e+00	0.00e+00
 2.07061e+16	1.86e-06	2.64e-03	3.73e-01	5.56e-01	6.48e-02	3.40e-03	0.00e+00	0.00e+00
 2.07575e+16	2.09e-06	2.87e-03	3.83e-01	5.52e-01	5.94e-02	2.88e-03	0.00e+00	0.00e+00
 2.08130e+16	2.33e-06	3.08e-03	3.93e-01	5.47e-01	5.40e-02	2.40e-03	0.00e+00	0.00e+00
 2.08655e+16	2.56e-06	3.29e-03	4.02e-01	5.43e-01	4.93e-02	2.02e-03	0.00e+00	0.00e+00
 2.09255e+16	2.87e-06	3.56e-03	4.13e-01	5.37e-01	4.40e-02	1.63e-03	0.00e+00	0.00e+00
 2.09914e+16	3.24e-06	3.87e-03	4.25e-01	5.31e-01	3.88e-02	1.29e-03	0.00e+00	0.00e+00
 2.10531e+16	3.62e-06	4.18e-03	4.36e-01	5.25e-01	3.43e-02	1.02e-03	0.00e+00	0.00e+00
 2.11212e+16	4.11e-06	4.56e-03	4.48e-01	5.17e-01	2.97e-02	7.77e-04	0.00e+00	0.00e+00
 2.11959e+16	4.69e-06	5.00e-03	4.60e-01	5.09e-01	2.54e-02	5.76e-04	0.00e+00	0.00e+00
 2.12655e+16	5.30e-06	5.43e-03	4.72e-01	5.01e-01	2.19e-02	4.33e-04	0.00e+00	0.00e+00
 2.13425e+16	6.06e-06	5.94e-03	4.84e-01	4.91e-01	1.84e-02	3.11e-04	0.00e+00	0.00e+00
 2.14426e+16	7.17e-06	6.66e-03	4.99e-01	4.79e-01	1.46e-02	2.02e-04	0.00e+00	0.00e+00
 2.15479e+16	8.53e-06	7.48e-03	5.15e-01	4.66e-01	1.16e-02	1.29e-04	0.00e+00	0.00e+00
 2.16415e+16	9.92e-06	8.29e-03	5.28e-01	4.54e-01	9.37e-03	8.58e-05	0.00e+00	0.00e+00
 2.17450e+16	1.17e-05	9.24e-03	5.43e-01	4.41e-01	7.41e-03	5.45e-05	0.00e+00	0.00e+00
 2.18419e+16	1.36e-05	1.02e-02	5.56e-01	4.28e-01	6.02e-03	3.65e-05	0.00e+00	0.00e+00
 2.19095e+16	1.51e-05	1.10e-02	5.65e-01	4.19e-01	5.21e-03	2.75e-05	0.00e+00	0.00e+00
 2.19765e+16	1.68e-05	1.18e-02	5.74e-01	4.10e-01	4.49e-03	2.06e-05	0.00e+00	0.00e+00
 2.20636e+16	1.92e-05	1.28e-02	5.85e-01	3.98e-01	3.71e-03	1.43e-05	0.00e+00	0.00e+00
 2.21607e+16	2.23e-05	1.42e-02	5.98e-01	3.85e-01	3.02e-03	9.59e-06	0.00e+00	0.00e+00
 2.22485e+16	2.57e-05	1.56e-02	6.09e-01	3.73e-01	2.51e-03	6.73e-06	0.00e+00	0.00e+00
 2.23283e+16	2.92e-05	1.69e-02	6.20e-01	3.61e-01	2.13e-03	4.87e-06	0.00e+00	0.00e+00
 2.24193e+16	3.38e-05	1.87e-02	6.32e-01	3.48e-01	1.75e-03	3.35e-06	0.00e+00	0.00e+00
 2.25203e+16	3.98e-05	2.08e-02	6.45e-01	3.33e-01	1.42e-03	2.25e-06	0.00e+00	0.00e+00
 2.26061e+16	4.61e-05	2.29e-02	6.56e-01	3.20e-01	1.19e-03	1.61e-06	0.00e+00	0.00e+00
 2.26731e+16	5.16e-05	2.48e-02	6.65e-01	3.10e-01	1.04e-03	1.24e-06	0.00e+00	0.00e+00
 2.27437e+16	5.83e-05	2.68e-02	6.74e-01	2.99e-01	8.93e-04	9.32e-07	0.00e+00	0.00e+00
 2.28356e+16	6.84e-05	2.99e-02	6.85e-01	2.84e-01	7.33e-04	0.00e+00	0.00e+00	0.00e+00
 2.29268e+16	8.10e-05	3.34e-02	6.96e-01	2.69e-01	6.05e-04	0.00e+00	0.00e+00	0.00e+00
 2.29948e+16	9.21e-05	3.64e-02	7.05e-01	2.58e-01	5.23e-04	0.00e+00	0.00e+00	0.00e+00
 2.30518e+16	1.03e-04	3.91e-02	7.11e-01	2.49e-01	4.62e-04	0.00e+00	0.00e+00	0.00e+00
 2.31168e+16	1.16e-04	4.25e-02	7.19e-01	2.38e-01	3.99e-04	0.00e+00	0.00e+00	0.00e+00
 2.32013e+16	1.37e-04	4.75e-02	7.28e-01	2.24e-01	3.28e-04	0.00e+00	0.00e+00	0.00e+00
 2.32847e+16	1.63e-04	5.33e-02	7.36e-01	2.10e-01	2.72e-04	0.00e+00	0.00e+00	0.00e+00
 2.33464e+16	1.86e-04	5.82e-02	7.42e-01	1.99e-01	2.35e-04	0.00e+00	0.00e+00	0.00e+00
 2.33971e+16	2.08e-04	6.27e-02	7.46e-01	1.91e-01	2.08e-04	0.00e+00	0.00e+00	0.00e+00
 2.34540e+16	2.35e-04	6.80e-02	7.50e-01	1.81e-01	1.80e-04	0.00e+00	0.00e+00	0.00e+00
 2.35279e+16	2.78e-04	7.59e-02	7.55e-01	1.69e-01	1.49e-04	0.00e+00	0.00e+00	0.00e+00
 2.36018e+16	3.30e-04	8.51e-02	7.59e-01	1.56e-01	1.23e-04	0.00e+00	0.00e+00	0.00e+00
 2.36569e+16	3.78e-04	9.31e-02	7.60e-01	1.46e-01	1.06e-04	0.00e+00	0.00e+00	0.00e+00
 2.37022e+16	4.23e-04	1.00e-01	7.61e-01	1.39e-01	9.34e-05	0.00e+00	0.00e+00	0.00e+00
 2.37536e+16	4.80e-04	1.09e-01	7.60e-01	1.30e-01	8.04e-05	0.00e+00	0.00e+00	0.00e+00
 2.38204e+16	5.69e-04	1.22e-01	7.59e-01	1.19e-01	6.58e-05	0.00e+00	0.00e+00	0.00e+00
 2.38870e+16	6.81e-04	1.37e-01	7.54e-01	1.08e-01	5.35e-05	0.00e+00	0.00e+00	0.00e+00
 2.39369e+16	7.83e-04	1.50e-01	7.49e-01	9.98e-02	4.55e-05	0.00e+00	0.00e+00	0.00e+00
 2.39784e+16	8.79e-04	1.62e-01	7.44e-01	9.31e-02	3.94e-05	0.00e+00	0.00e+00	0.00e+00
 2.40255e+16	1.01e-03	1.76e-01	7.37e-01	8.56e-02	3.34e-05	0.00e+00	0.00e+00	0.00e+00
 2.40868e+16	1.20e-03	1.98e-01	7.25e-01	7.62e-02	2.66e-05	0.00e+00	0.00e+00	0.00e+00
 2.41483e+16	1.45e-03	2.23e-01	7.09e-01	6.69e-02	2.09e-05	0.00e+00	0.00e+00	0.00e+00
 2.41953e+16	1.69e-03	2.45e-01	6.93e-01	6.00e-02	1.71e-05	0.00e+00	0.00e+00	0.00e+00
 2.42416e+16	1.96e-03	2.69e-01	6.76e-01	5.34e-02	1.39e-05	0.00e+00	0.00e+00	0.00e+00
 2.43018e+16	2.38e-03	3.03e-01	6.49e-01	4.54e-02	1.05e-05	0.00e+00	0.00e+00	0.00e+00
 2.43631e+16	2.94e-03	3.44e-01	6.16e-01	3.75e-02	7.63e-06	0.00e+00	0.00e+00	0.00e+00
 2.44114e+16	3.50e-03	3.81e-01	5.84e-01	3.17e-02	5.80e-06	0.00e+00	0.00e+00	0.00e+00
 2.44527e+16	4.06e-03	4.15e-01	5.54e-01	2.70e-02	4.51e-06	0.00e+00	0.00e+00	0.00e+00
 2.44991e+16	4.82e-03	4.56e-01	5.17e-01	2.22e-02	3.32e-06	0.00e+00	0.00e+00	0.00e+00
 2.45503e+16	5.85e-03	5.06e-01	4.71e-01	1.74e-02	2.29e-06	0.00e+00	0.00e+00	0.00e+00
 2.45957e+16	7.00e-03	5.53e-01	4.26e-01	1.36e-02	1.59e-06	0.00e+00	0.00e+00	0.00e+00
 2.46316e+16	8.04e-03	5.93e-01	3.88e-01	1.09e-02	1.15e-06	0.00e+00	0.00e+00	0.00e+00
 2.46618e+16	9.09e-03	6.27e-01	3.55e-01	8.92e-03	8.65e-07	0.00e+00	0.00e+00	0.00e+00
 2.46952e+16	1.04e-02	6.65e-01	3.18e-01	7.00e-03	0.00e+00	0.00e+00	0.00e+00	0.00e+00
 2.47321e+16	1.20e-02	7.06e-01	2.76e-01	5.20e-03	0.00e+00	0.00e+00	0.00e+00	0.00e+00
 2.47643e+16	1.38e-02	7.43e-01	2.39e-01	3.88e-03	0.00e+00	0.00e+00	0.00e+00	0.00e+00
 2.47906e+16	1.54e-02	7.72e-01	2.10e-01	2.98e-03	0.00e+00	0.00e+00	0.00e+00	0.00e+00
 2.48181e+16	1.73e-02	7.99e-01	1.81e-01	2.22e-03	0.00e+00	0.00e+00	0.00e+00	0.00e+00
 2.48484e+16	1.97e-02	8.28e-01	1.51e-01	1.56e-03	0.00e+00	0.00e+00	0.00e+00	0.00e+00
 2.48751e+16	2.23e-02	8.51e-01	1.26e-01	1.10e-03	0.00e+00	0.00e+00	0.00e+00	0.00e+00
 2.48974e+16	2.46e-02	8.68e-01	1.07e-01	8.14e-04	0.00e+00	0.00e+00	0.00e+00	0.00e+00
 2.49208e+16	2.74e-02	8.83e-01	8.88e-02	5.75e-04	0.00e+00	0.00e+00	0.00e+00	0.00e+00
 2.49466e+16	3.09e-02	8.98e-01	7.11e-02	3.82e-04	0.00e+00	0.00e+00	0.00e+00	0.00e+00
 2.49698e+16	3.45e-02	9.08e-01	5.72e-02	2.56e-04	0.00e+00	0.00e+00	0.00e+00	0.00e+00
 2.49896e+16	3.80e-02	9.15e-01	4.67e-02	1.77e-04	0.00e+00	0.00e+00	0.00e+00	0.00e+00
 2.50080e+16	4.17e-02	9.20e-01	3.84e-02	1.24e-04	0.00e+00	0.00e+00	0.00e+00	0.00e+00
 2.50289e+16	4.64e-02	9.23e-01	3.03e-02	8.09e-05	0.00e+00	0.00e+00	0.00e+00	0.00e+00
 2.50506e+16	5.20e-02	9.25e-01	2.33e-02	5.04e-05	0.00e+00	0.00e+00	0.00e+00	0.00e+00
 2.50682e+16	5.71e-02	9.24e-01	1.85e-02	3.35e-05	0.00e+00	0.00e+00	0.00e+00	0.00e+00
 2.50824e+16	6.17e-02	9.23e-01	1.53e-02	2.38e-05	0.00e+00	0.00e+00	0.00e+00	0.00e+00
 2.50968e+16	6.67e-02	9.21e-01	1.25e-02	1.65e-05	0.00e+00	0.00e+00	0.00e+00	0.00e+00
 2.51131e+16	7.30e-02	9.17e-01	9.89e-03	1.08e-05	0.00e+00	0.00e+00	0.00e+00	0.00e+00
 2.51293e+16	7.99e-02	9.12e-01	7.73e-03	6.96e-06	0.00e+00	0.00e+00	0.00e+00	0.00e+00
 2.51428e+16	8.61e-02	9.08e-01	6.24e-03	4.75e-06	0.00e+00	0.00e+00	0.00e+00	0.00e+00
 2.51543e+16	9.17e-02	9.03e-01	5.18e-03	3.40e-06	0.00e+00	0.00e+00	0.00e+00	0.00e+00
 2.51647e+16	9.75e-02	8.98e-01	4.36e-03	2.49e-06	0.00e+00	0.00e+00	0.00e+00	0.00e+00
 2.51746e+16	1.03e-01	8.93e-01	3.68e-03	1.84e-06	0.00e+00	0.00e+00	0.00e+00	0.00e+00
 2.51825e+16	1.07e-01	8.89e-01	3.22e-03	1.45e-06	0.00e+00	0.00e+00	0.00e+00	0.00e+00
 2.51876e+16	1.10e-01	8.87e-01	2.94e-03	1.24e-06	0.00e+00	0.00e+00	0.00e+00	0.00e+00
 2.51923e+16	1.13e-01	8.84e-01	2.71e-03	1.06e-06	0.00e+00	0.00e+00	0.00e+00	0.00e+00
 2.51977e+16	1.17e-01	8.81e-01	2.46e-03	8.91e-07	0.00e+00	0.00e+00	0.00e+00	0.00e+00
 2.52036e+16	1.21e-01	8.77e-01	2.20e-03	0.00e+00	0.00e+00	0.00e+00	0.00e+00	0.00e+00
 2.52093e+16	1.25e-01	8.73e-01	1.98e-03	0.00e+00	0.00e+00	0.00e+00	0.00e+00	0.00e+00
 2.52147e+16	1.28e-01	8.70e-01	1.80e-03	0.00e+00	0.00e+00	0.00e+00	0.00e+00	0.00e+00
 2.52200e+16	1.32e-01	8.66e-01	1.62e-03	0.00e+00	0.00e+00	0.00e+00	0.00e+00	0.00e+00
 2.52253e+16	1.36e-01	8.62e-01	1.47e-03	0.00e+00	0.00e+00	0.00e+00	0.00e+00	0.00e+00
 2.52305e+16	1.40e-01	8.58e-01	1.33e-03	0.00e+00	0.00e+00	0.00e+00	0.00e+00	0.00e+00
 2.52357e+16	1.45e-01	8.54e-01	1.20e-03	0.00e+00	0.00e+00	0.00e+00	0.00e+00	0.00e+00
 2.52409e+16	1.49e-01	8.50e-01	1.08e-03	0.00e+00	0.00e+00	0.00e+00	0.00e+00	0.00e+00
 2.52461e+16	1.53e-01	8.46e-01	9.75e-04	0.00e+00	0.00e+00	0.00e+00	0.00e+00	0.00e+00
 2.52511e+16	1.58e-01	8.41e-01	8.80e-04	0.00e+00	0.00e+00	0.00e+00	0.00e+00	0.00e+00
 2.52561e+16	1.63e-01	8.37e-01	7.94e-04	0.00e+00	0.00e+00	0.00e+00	0.00e+00	0.00e+00
 2.52611e+16	1.67e-01	8.32e-01	7.16e-04	0.00e+00	0.00e+00	0.00e+00	0.00e+00	0.00e+00
 2.52661e+16	1.72e-01	8.27e-01	6.45e-04	0.00e+00	0.00e+00	0.00e+00	0.00e+00	0.00e+00
 2.52710e+16	1.77e-01	8.22e-01	5.81e-04	0.00e+00	0.00e+00	0.00e+00	0.00e+00	0.00e+00
 2.52758e+16	1.83e-01	8.17e-01	5.24e-04	0.00e+00	0.00e+00	0.00e+00	0.00e+00	0.00e+00
 2.52806e+16	1.88e-01	8.12e-01	4.72e-04	0.00e+00	0.00e+00	0.00e+00	0.00e+00	0.00e+00
 2.52854e+16	1.94e-01	8.06e-01	4.25e-04	0.00e+00	0.00e+00	0.00e+00	0.00e+00	0.00e+00
 2.52901e+16	1.99e-01	8.00e-01	3.83e-04	0.00e+00	0.00e+00	0.00e+00	0.00e+00	0.00e+00
 2.52948e+16	2.06e-01	7.94e-01	3.44e-04	0.00e+00	0.00e+00	0.00e+00	0.00e+00	0.00e+00
 2.52995e+16	2.12e-01	7.88e-01	3.10e-04	0.00e+00	0.00e+00	0.00e+00	0.00e+00	0.00e+00
 2.53041e+16	2.19e-01	7.81e-01	2.78e-04	0.00e+00	0.00e+00	0.00e+00	0.00e+00	0.00e+00
 2.53087e+16	2.26e-01	7.74e-01	2.50e-04	0.00e+00	0.00e+00	0.00e+00	0.00e+00	0.00e+00
 2.53133e+16	2.33e-01	7.67e-01	2.24e-04	0.00e+00	0.00e+00	0.00e+00	0.00e+00	0.00e+00
 2.53178e+16	2.41e-01	7.59e-01	2.01e-04	0.00e+00	0.00e+00	0.00e+00	0.00e+00	0.00e+00
 2.53223e+16	2.49e-01	7.51e-01	1.80e-04	0.00e+00	0.00e+00	0.00e+00	0.00e+00	0.00e+00
 2.53268e+16	2.58e-01	7.42e-01	1.62e-04	0.00e+00	0.00e+00	0.00e+00	0.00e+00	0.00e+00
 2.53312e+16	2.67e-01	7.33e-01	1.45e-04	0.00e+00	0.00e+00	0.00e+00	0.00e+00	0.00e+00
 2.53355e+16	2.76e-01	7.23e-01	1.30e-04	0.00e+00	0.00e+00	0.00e+00	0.00e+00	0.00e+00
 2.53398e+16	2.86e-01	7.14e-01	1.17e-04	0.00e+00	0.00e+00	0.00e+00	0.00e+00	0.00e+00
 2.53440e+16	2.97e-01	7.02e-01	1.04e-04	0.00e+00	0.00e+00	0.00e+00	0.00e+00	0.00e+00
 2.53481e+16	3.07e-01	6.93e-01	9.40e-05	0.00e+00	0.00e+00	0.00e+00	0.00e+00	0.00e+00
 2.53522e+16	3.20e-01	6.79e-01	8.42e-05	0.00e+00	0.00e+00	0.00e+00	0.00e+00	0.00e+00
 2.53562e+16	3.33e-01	6.67e-01	7.55e-05	0.00e+00	0.00e+00	0.00e+00	0.00e+00	0.00e+00
 2.53602e+16	3.45e-01	6.55e-01	6.79e-05	0.00e+00	0.00e+00	0.00e+00	0.00e+00	0.00e+00
 2.53642e+16	3.59e-01	6.41e-01	6.08e-05	0.00e+00	0.00e+00	0.00e+00	0.00e+00	0.00e+00
 2.53683e+16	3.73e-01	6.27e-01	5.44e-05	0.00e+00	0.00e+00	0.00e+00	0.00e+00	0.00e+00
 2.53722e+16	3.89e-01	6.11e-01	4.87e-05	0.00e+00	0.00e+00	0.00e+00	0.00e+00	0.00e+00
 2.53762e+16	4.05e-01	5.95e-01	4.36e-05	0.00e+00	0.00e+00	0.00e+00	0.00e+00	0.00e+00
 2.53801e+16	4.22e-01	5.78e-01	3.89e-05	0.00e+00	0.00e+00	0.00e+00	0.00e+00	0.00e+00
 2.53841e+16	4.42e-01	5.58e-01	3.45e-05	0.00e+00	0.00e+00	0.00e+00	0.00e+00	0.00e+00
 2.53881e+16	4.61e-01	5.39e-01	3.07e-05	0.00e+00	0.00e+00	0.00e+00	0.00e+00	0.00e+00
 2.53921e+16	4.81e-01	5.19e-01	2.73e-05	0.00e+00	0.00e+00	0.00e+00	0.00e+00	0.00e+00
 2.53961e+16	5.02e-01	4.98e-01	2.42e-05	0.00e+00	0.00e+00	0.00e+00	0.00e+00	0.00e+00
 2.54003e+16	5.24e-01	4.76e-01	2.14e-05	0.00e+00	0.00e+00	0.00e+00	0.00e+00	0.00e+00
