#depth	C	C+	C+2	C+3	C+4	C+5	C+6	C[1]	C[2]	C[3]	C+[1]	C+[2]	CO
 1.49634e+10	3.09e-46	2.99e-35	3.82e-25	1.23e-15	2.19e-05	1.37e-01	8.63e-01	0.00e+00	0.00e+00	0.00e+00	0.00e+00	0.00e+00	2.24e-144
 4.54887e+10	0.00e+00	4.40e-35	5.20e-25	1.54e-15	2.54e-05	1.47e-01	8.53e-01	0.00e+00	0.00e+00	0.00e+00	0.00e+00	0.00e+00	9.57e-211
 7.72350e+10	7.86e-46	6.48e-35	7.08e-25	1.94e-15	2.95e-05	1.57e-01	8.43e-01	0.00e+00	0.00e+00	0.00e+00	0.00e+00	0.00e+00	2.36e-143
 1.10251e+11	0.00e+00	9.55e-35	9.63e-25	2.44e-15	3.43e-05	1.68e-01	8.32e-01	0.00e+00	0.00e+00	0.00e+00	0.00e+00	0.00e+00	3.80e-210
 1.40707e+11	1.89e-45	1.34e-34	1.26e-24	2.98e-15	3.91e-05	1.78e-01	8.22e-01	0.00e+00	0.00e+00	0.00e+00	0.00e+00	0.00e+00	2.17e-142
 1.67027e+11	0.00e+00	1.79e-34	1.59e-24	3.53e-15	4.36e-05	1.87e-01	8.13e-01	0.00e+00	0.00e+00	0.00e+00	0.00e+00	0.00e+00	1.50e-209
 1.96228e+11	3.89e-45	2.44e-34	2.03e-24	4.23e-15	4.91e-05	1.96e-01	8.04e-01	0.00e+00	0.00e+00	0.00e+00	0.00e+00	0.00e+00	1.34e-141
 2.31952e+11	0.00e+00	3.52e-34	2.72e-24	5.25e-15	5.64e-05	2.09e-01	7.91e-01	0.00e+00	0.00e+00	0.00e+00	0.00e+00	0.00e+00	4.01e-209
 2.68156e+11	9.30e-45	5.03e-34	3.60e-24	6.46e-15	6.45e-05	2.21e-01	7.79e-01	0.00e+00	0.00e+00	0.00e+00	0.00e+00	0.00e+00	1.21e-140
 3.00720e+11	0.00e+00	6.86e-34	4.60e-24	7.74e-15	7.25e-05	2.32e-01	7.68e-01	0.00e+00	0.00e+00	0.00e+00	0.00e+00	0.00e+00	1.47e-208
 3.36547e+11	2.01e-44	9.54e-34	5.98e-24	9.39e-15	8.21e-05	2.45e-01	7.55e-01	0.00e+00	0.00e+00	0.00e+00	0.00e+00	0.00e+00	8.53e-140
 3.78896e+11	0.00e+00	1.39e-33	8.05e-24	1.17e-14	9.44e-05	2.59e-01	7.40e-01	0.00e+00	0.00e+00	0.00e+00	0.00e+00	0.00e+00	4.12e-208
 4.20656e+11	4.88e-44	1.98e-33	1.07e-23	1.44e-14	1.08e-04	2.74e-01	7.26e-01	0.00e+00	0.00e+00	0.00e+00	0.00e+00	0.00e+00	8.04e-139
 4.59100e+11	0.00e+00	2.72e-33	1.37e-23	1.73e-14	1.21e-04	2.87e-01	7.13e-01	0.00e+00	0.00e+00	0.00e+00	0.00e+00	0.00e+00	1.46e-207
 5.02299e+11	1.08e-43	3.84e-33	1.80e-23	2.11e-14	1.38e-04	3.02e-01	6.98e-01	0.00e+00	0.00e+00	0.00e+00	0.00e+00	0.00e+00	6.11e-138
 5.52214e+11	0.00e+00	5.62e-33	2.43e-23	2.63e-14	1.59e-04	3.20e-01	6.80e-01	0.00e+00	0.00e+00	0.00e+00	0.00e+00	0.00e+00	3.82e-207
 6.01189e+11	2.66e-43	8.06e-33	3.23e-23	3.24e-14	1.81e-04	3.36e-01	6.64e-01	0.00e+00	0.00e+00	0.00e+00	0.00e+00	0.00e+00	6.03e-137
 6.52123e+11	0.00e+00	1.16e-32	4.30e-23	3.99e-14	2.06e-04	3.53e-01	6.46e-01	0.00e+00	0.00e+00	0.00e+00	0.00e+00	0.00e+00	1.07e-206
 7.08134e+11	6.55e-43	1.70e-32	5.81e-23	4.97e-14	2.37e-04	3.72e-01	6.28e-01	0.00e+00	0.00e+00	0.00e+00	0.00e+00	0.00e+00	5.99e-136
 7.64573e+11	0.00e+00	2.45e-32	7.77e-23	6.14e-14	2.71e-04	3.91e-01	6.09e-01	0.00e+00	0.00e+00	0.00e+00	0.00e+00	0.00e+00	1.74e-206
 8.23268e+11	1.61e-42	3.55e-32	1.04e-22	7.59e-14	3.09e-04	4.10e-01	5.90e-01	0.00e+00	0.00e+00	0.00e+00	0.00e+00	0.00e+00	5.93e-135
 8.86126e+11	0.00e+00	5.19e-32	1.40e-22	9.44e-14	3.54e-04	4.29e-01	5.70e-01	0.00e+00	0.00e+00	0.00e+00	0.00e+00	0.00e+00	0.00e+00
 9.51498e+11	4.05e-42	7.60e-32	1.89e-22	1.17e-13	4.05e-04	4.49e-01	5.50e-01	0.00e+00	0.00e+00	0.00e+00	0.00e+00	0.00e+00	6.32e-134
 1.01948e+12	0.00e+00	1.11e-31	2.55e-22	1.45e-13	4.62e-04	4.70e-01	5.30e-01	0.00e+00	0.00e+00	0.00e+00	0.00e+00	0.00e+00	0.00e+00
 1.09019e+12	1.02e-41	1.62e-31	3.43e-22	1.80e-13	5.28e-04	4.90e-01	5.09e-01	0.00e+00	0.00e+00	0.00e+00	0.00e+00	0.00e+00	6.76e-133
 1.16372e+12	0.00e+00	2.37e-31	4.61e-22	2.23e-13	6.02e-04	5.11e-01	4.89e-01	0.00e+00	0.00e+00	0.00e+00	0.00e+00	0.00e+00	0.00e+00
 1.24020e+12	2.57e-41	3.47e-31	6.21e-22	2.76e-13	6.86e-04	5.31e-01	4.68e-01	0.00e+00	0.00e+00	0.00e+00	0.00e+00	0.00e+00	7.26e-132
 1.31330e+12	0.00e+00	4.91e-31	8.15e-22	3.36e-13	7.73e-04	5.50e-01	4.49e-01	0.00e+00	0.00e+00	0.00e+00	0.00e+00	0.00e+00	0.00e+00
 1.37707e+12	5.61e-41	6.58e-31	1.02e-21	3.96e-13	8.54e-04	5.66e-01	4.33e-01	0.00e+00	0.00e+00	0.00e+00	0.00e+00	0.00e+00	5.45e-131
 1.44531e+12	0.00e+00	8.93e-31	1.30e-21	4.70e-13	9.46e-04	5.82e-01	4.17e-01	0.00e+00	0.00e+00	0.00e+00	0.00e+00	0.00e+00	0.00e+00
 1.52851e+12	1.26e-40	1.28e-30	1.72e-21	5.74e-13	1.07e-03	6.01e-01	3.98e-01	0.00e+00	0.00e+00	0.00e+00	0.00e+00	0.00e+00	4.43e-130
 1.61298e+12	0.00e+00	1.82e-30	2.26e-21	6.98e-13	1.20e-03	6.19e-01	3.79e-01	0.00e+00	0.00e+00	0.00e+00	0.00e+00	0.00e+00	0.00e+00
 1.69018e+12	2.83e-40	2.48e-30	2.88e-21	8.28e-13	1.33e-03	6.35e-01	3.63e-01	0.00e+00	0.00e+00	0.00e+00	0.00e+00	0.00e+00	3.56e-129
 1.77614e+12	0.00e+00	3.46e-30	3.74e-21	9.97e-13	1.48e-03	6.52e-01	3.46e-01	0.00e+00	0.00e+00	0.00e+00	0.00e+00	0.00e+00	0.00e+00
 1.87619e+12	6.72e-40	5.03e-30	5.00e-21	1.23e-12	1.67e-03	6.71e-01	3.28e-01	0.00e+00	0.00e+00	0.00e+00	0.00e+00	0.00e+00	3.35e-128
 1.97567e+12	0.00e+00	7.20e-30	6.61e-21	1.49e-12	1.88e-03	6.88e-01	3.10e-01	0.00e+00	0.00e+00	0.00e+00	0.00e+00	0.00e+00	0.00e+00
 2.07171e+12	1.57e-39	1.00e-29	8.54e-21	1.79e-12	2.09e-03	7.04e-01	2.94e-01	0.00e+00	0.00e+00	0.00e+00	0.00e+00	0.00e+00	3.00e-127
 2.17707e+12	0.00e+00	1.43e-29	1.12e-20	2.17e-12	2.34e-03	7.20e-01	2.78e-01	0.00e+00	0.00e+00	0.00e+00	0.00e+00	0.00e+00	0.00e+00
 2.29408e+12	3.84e-39	2.09e-29	1.51e-20	2.67e-12	2.64e-03	7.36e-01	2.61e-01	0.00e+00	0.00e+00	0.00e+00	0.00e+00	0.00e+00	3.08e-126
 2.41577e+12	0.00e+00	3.04e-29	2.02e-20	3.28e-12	2.97e-03	7.52e-01	2.45e-01	0.00e+00	0.00e+00	0.00e+00	0.00e+00	0.00e+00	0.00e+00
 2.54232e+12	9.68e-39	4.44e-29	2.70e-20	4.03e-12	3.34e-03	7.68e-01	2.29e-01	0.00e+00	0.00e+00	0.00e+00	0.00e+00	0.00e+00	3.41e-125
 2.67394e+12	0.00e+00	6.46e-29	3.62e-20	4.94e-12	3.76e-03	7.82e-01	2.14e-01	0.00e+00	0.00e+00	0.00e+00	0.00e+00	0.00e+00	0.00e+00
 2.81083e+12	2.44e-38	9.43e-29	4.84e-20	6.06e-12	4.22e-03	7.96e-01	2.00e-01	0.00e+00	0.00e+00	0.00e+00	0.00e+00	0.00e+00	3.80e-124
 2.93867e+12	0.00e+00	1.32e-28	6.29e-20	7.27e-12	4.68e-03	8.08e-01	1.87e-01	0.00e+00	0.00e+00	0.00e+00	0.00e+00	0.00e+00	0.00e+00
 3.05166e+12	5.29e-38	1.77e-28	7.87e-20	8.50e-12	5.10e-03	8.18e-01	1.77e-01	0.00e+00	0.00e+00	0.00e+00	0.00e+00	0.00e+00	2.85e-123
 3.17802e+12	0.00e+00	2.42e-28	1.00e-19	1.01e-11	5.61e-03	8.28e-01	1.67e-01	0.00e+00	0.00e+00	0.00e+00	0.00e+00	0.00e+00	0.00e+00
 3.32940e+12	1.22e-37	3.48e-28	1.33e-19	1.22e-11	6.25e-03	8.38e-01	1.55e-01	0.00e+00	0.00e+00	0.00e+00	0.00e+00	0.00e+00	2.50e-122
 3.48225e+12	0.00e+00	4.96e-28	1.74e-19	1.48e-11	6.94e-03	8.48e-01	1.45e-01	0.00e+00	0.00e+00	0.00e+00	0.00e+00	0.00e+00	0.00e+00
 3.62488e+12	2.79e-37	6.82e-28	2.23e-19	1.75e-11	7.63e-03	8.57e-01	1.36e-01	0.00e+00	0.00e+00	0.00e+00	0.00e+00	0.00e+00	2.17e-121
 3.78346e+12	0.00e+00	9.60e-28	2.90e-19	2.10e-11	8.42e-03	8.65e-01	1.26e-01	0.00e+00	0.00e+00	0.00e+00	0.00e+00	0.00e+00	0.00e+00
 3.96472e+12	6.75e-37	1.40e-27	3.88e-19	2.57e-11	9.40e-03	8.74e-01	1.17e-01	0.00e+00	0.00e+00	0.00e+00	0.00e+00	0.00e+00	2.18e-120
 4.14307e+12	0.00e+00	2.00e-27	5.10e-19	3.11e-11	1.04e-02	8.82e-01	1.08e-01	0.00e+00	0.00e+00	0.00e+00	0.00e+00	0.00e+00	0.00e+00
 4.32855e+12	1.62e-36	2.86e-27	6.72e-19	3.75e-11	1.15e-02	8.88e-01	1.00e-01	0.00e+00	0.00e+00	0.00e+00	0.00e+00	0.00e+00	2.17e-119
 4.50985e+12	0.00e+00	4.00e-27	8.71e-19	4.49e-11	1.27e-02	8.94e-01	9.29e-02	0.00e+00	0.00e+00	0.00e+00	0.00e+00	0.00e+00	0.00e+00
 4.66408e+12	3.46e-36	5.28e-27	1.08e-18	5.19e-11	1.38e-02	8.99e-01	8.73e-02	0.00e+00	0.00e+00	0.00e+00	0.00e+00	0.00e+00	1.56e-118
 4.83076e+12	0.00e+00	7.05e-27	1.35e-18	6.05e-11	1.49e-02	9.03e-01	8.18e-02	0.00e+00	0.00e+00	0.00e+00	0.00e+00	0.00e+00	0.00e+00
 5.03843e+12	7.61e-36	1.00e-26	1.76e-18	7.29e-11	1.65e-02	9.08e-01	7.55e-02	0.00e+00	0.00e+00	0.00e+00	0.00e+00	0.00e+00	1.23e-117
 5.25134e+12	0.00e+00	1.42e-26	2.30e-18	8.75e-11	1.81e-02	9.12e-01	6.98e-02	0.00e+00	0.00e+00	0.00e+00	0.00e+00	0.00e+00	0.00e+00
 5.44013e+12	1.68e-35	1.90e-26	2.89e-18	1.02e-10	1.97e-02	9.15e-01	6.51e-02	0.00e+00	0.00e+00	0.00e+00	0.00e+00	0.00e+00	9.73e-117
 5.64564e+12	0.00e+00	2.60e-26	3.68e-18	1.21e-10	2.15e-02	9.18e-01	6.05e-02	0.00e+00	0.00e+00	0.00e+00	0.00e+00	0.00e+00	0.00e+00
 5.89199e+12	3.85e-35	3.73e-26	4.86e-18	1.46e-10	2.37e-02	9.21e-01	5.55e-02	0.00e+00	0.00e+00	0.00e+00	0.00e+00	0.00e+00	8.50e-116
 6.13784e+12	0.00e+00	5.28e-26	6.35e-18	1.75e-10	2.61e-02	9.23e-01	5.11e-02	0.00e+00	0.00e+00	0.00e+00	0.00e+00	0.00e+00	1.65e-99
 6.36234e+12	8.59e-35	7.16e-26	8.04e-18	2.06e-10	2.83e-02	9.24e-01	4.74e-02	0.00e+00	0.00e+00	0.00e+00	0.00e+00	0.00e+00	1.15e-281
 6.61269e+12	1.29e-34	9.95e-26	1.04e-17	2.45e-10	3.10e-02	9.25e-01	4.37e-02	0.00e+00	0.00e+00	0.00e+00	0.00e+00	0.00e+00	2.01e-114
 6.90424e+12	2.03e-34	1.44e-25	1.38e-17	2.98e-10	3.42e-02	9.26e-01	3.99e-02	0.00e+00	0.00e+00	0.00e+00	0.00e+00	0.00e+00	4.49e-97
 7.19158e+12	3.12e-34	2.04e-25	1.81e-17	3.58e-10	3.76e-02	9.26e-01	3.65e-02	0.00e+00	0.00e+00	0.00e+00	0.00e+00	0.00e+00	2.00e-281
 7.46430e+12	4.62e-34	2.81e-25	2.32e-17	4.24e-10	4.10e-02	9.25e-01	3.37e-02	0.00e+00	0.00e+00	0.00e+00	0.00e+00	0.00e+00	5.68e-113
 7.76669e+12	7.03e-34	3.95e-25	3.01e-17	5.07e-10	4.49e-02	9.24e-01	3.08e-02	0.00e+00	0.00e+00	0.00e+00	0.00e+00	0.00e+00	7.06e-96
 8.09722e+12	1.09e-33	5.67e-25	3.98e-17	6.14e-10	4.94e-02	9.23e-01	2.81e-02	0.00e+00	0.00e+00	0.00e+00	0.00e+00	0.00e+00	1.08e-285
 8.41500e+12	1.64e-33	7.89e-25	5.15e-17	7.31e-10	5.39e-02	9.20e-01	2.57e-02	0.00e+00	0.00e+00	0.00e+00	0.00e+00	0.00e+00	1.57e-111
 8.75556e+12	2.49e-33	1.11e-24	6.71e-17	8.76e-10	5.90e-02	9.18e-01	2.35e-02	0.00e+00	0.00e+00	0.00e+00	0.00e+00	0.00e+00	1.16e-94
 9.13571e+12	3.91e-33	1.60e-24	8.93e-17	1.06e-09	6.49e-02	9.14e-01	2.12e-02	0.00e+00	0.00e+00	0.00e+00	0.00e+00	0.00e+00	1.53e-110
 9.51489e+12	5.99e-33	2.27e-24	1.17e-16	1.28e-09	7.11e-02	9.10e-01	1.93e-02	0.00e+00	0.00e+00	0.00e+00	0.00e+00	0.00e+00	7.98e-94
 9.84907e+12	8.61e-33	3.05e-24	1.48e-16	1.50e-09	7.68e-02	9.05e-01	1.78e-02	0.00e+00	0.00e+00	0.00e+00	0.00e+00	0.00e+00	1.22e-109
 1.01418e+13	1.17e-32	3.91e-24	1.79e-16	1.71e-09	8.19e-02	9.02e-01	1.66e-02	0.00e+00	0.00e+00	0.00e+00	0.00e+00	0.00e+00	3.47e-93
 1.04729e+13	1.63e-32	5.14e-24	2.22e-16	1.98e-09	8.79e-02	8.97e-01	1.53e-02	0.00e+00	0.00e+00	0.00e+00	0.00e+00	0.00e+00	6.61e-109
 1.08882e+13	2.45e-32	7.15e-24	2.87e-16	2.35e-09	9.56e-02	8.90e-01	1.39e-02	0.00e+00	0.00e+00	0.00e+00	0.00e+00	0.00e+00	1.76e-92
 1.13136e+13	3.64e-32	9.89e-24	3.70e-16	2.80e-09	1.04e-01	8.83e-01	1.27e-02	0.00e+00	0.00e+00	0.00e+00	0.00e+00	0.00e+00	5.48e-108
 1.16684e+13	4.99e-32	1.28e-23	4.53e-16	3.21e-09	1.11e-01	8.77e-01	1.17e-02	0.00e+00	0.00e+00	0.00e+00	0.00e+00	0.00e+00	8.45e-92
 1.20307e+13	6.82e-32	1.65e-23	5.53e-16	3.67e-09	1.18e-01	8.71e-01	1.09e-02	0.00e+00	0.00e+00	0.00e+00	0.00e+00	0.00e+00	2.92e-107
 1.24951e+13	1.00e-31	2.26e-23	7.07e-16	4.34e-09	1.28e-01	8.62e-01	9.87e-03	0.00e+00	0.00e+00	0.00e+00	0.00e+00	0.00e+00	3.94e-91
 1.29765e+13	1.47e-31	3.10e-23	9.03e-16	5.13e-09	1.38e-01	8.53e-01	8.96e-03	0.00e+00	0.00e+00	0.00e+00	0.00e+00	0.00e+00	2.27e-106
 1.33913e+13	2.01e-31	4.00e-23	1.10e-15	5.87e-09	1.47e-01	8.44e-01	8.26e-03	0.00e+00	0.00e+00	0.00e+00	0.00e+00	0.00e+00	1.84e-90
 1.38352e+13	2.78e-31	5.22e-23	1.36e-15	6.75e-09	1.57e-01	8.35e-01	7.60e-03	0.00e+00	0.00e+00	0.00e+00	0.00e+00	0.00e+00	1.27e-105
 1.43828e+13	4.08e-31	7.14e-23	1.73e-15	7.96e-09	1.69e-01	8.24e-01	6.87e-03	0.00e+00	0.00e+00	0.00e+00	0.00e+00	0.00e+00	8.95e-90
 1.49453e+13	5.95e-31	9.71e-23	2.21e-15	9.36e-09	1.82e-01	8.11e-01	6.21e-03	0.00e+00	0.00e+00	0.00e+00	0.00e+00	0.00e+00	9.99e-105
 1.54550e+13	8.25e-31	1.27e-22	2.71e-15	1.08e-08	1.94e-01	8.00e-01	5.68e-03	0.00e+00	0.00e+00	0.00e+00	0.00e+00	0.00e+00	4.34e-89
 1.60156e+13	1.16e-30	1.68e-22	3.37e-15	1.24e-08	2.07e-01	7.88e-01	5.17e-03	0.00e+00	0.00e+00	0.00e+00	0.00e+00	0.00e+00	6.28e-104
 1.66741e+13	1.72e-30	2.30e-22	4.31e-15	1.46e-08	2.23e-01	7.73e-01	4.64e-03	0.00e+00	0.00e+00	0.00e+00	0.00e+00	0.00e+00	2.28e-88
 1.73222e+13	2.47e-30	3.09e-22	5.42e-15	1.71e-08	2.38e-01	7.58e-01	4.18e-03	0.00e+00	0.00e+00	0.00e+00	0.00e+00	0.00e+00	5.00e-103
 1.79246e+13	3.42e-30	4.02e-22	6.65e-15	1.95e-08	2.52e-01	7.44e-01	3.81e-03	0.00e+00	0.00e+00	0.00e+00	0.00e+00	0.00e+00	1.10e-87
 1.85998e+13	4.84e-30	5.34e-22	8.26e-15	2.25e-08	2.68e-01	7.28e-01	3.44e-03	0.00e+00	0.00e+00	0.00e+00	0.00e+00	0.00e+00	3.25e-102
 1.93737e+13	7.09e-30	7.27e-22	1.05e-14	2.63e-08	2.86e-01	7.11e-01	3.07e-03	0.00e+00	0.00e+00	0.00e+00	0.00e+00	0.00e+00	5.90e-87
 2.01361e+13	1.01e-29	9.72e-22	1.31e-14	3.05e-08	3.04e-01	6.93e-01	2.75e-03	0.00e+00	0.00e+00	0.00e+00	0.00e+00	0.00e+00	2.61e-101
 2.08069e+13	1.37e-29	1.24e-21	1.58e-14	3.44e-08	3.20e-01	6.78e-01	2.51e-03	0.00e+00	0.00e+00	0.00e+00	0.00e+00	0.00e+00	2.75e-86
 2.13810e+13	1.76e-29	1.52e-21	1.84e-14	3.80e-08	3.33e-01	6.65e-01	2.32e-03	0.00e+00	0.00e+00	0.00e+00	0.00e+00	0.00e+00	1.25e-100
 2.20041e+13	2.29e-29	1.87e-21	2.16e-14	4.22e-08	3.47e-01	6.51e-01	2.13e-03	0.00e+00	0.00e+00	0.00e+00	0.00e+00	0.00e+00	9.21e-86
 2.28141e+13	3.19e-29	2.44e-21	2.65e-14	4.81e-08	3.65e-01	6.33e-01	1.92e-03	0.00e+00	0.00e+00	0.00e+00	0.00e+00	0.00e+00	6.81e-100
 2.36572e+13	4.43e-29	3.18e-21	3.23e-14	5.47e-08	3.84e-01	6.15e-01	1.72e-03	0.00e+00	0.00e+00	0.00e+00	0.00e+00	0.00e+00	4.37e-85
 2.43713e+13	5.79e-29	3.94e-21	3.80e-14	6.07e-08	3.99e-01	5.99e-01	1.58e-03	0.00e+00	0.00e+00	0.00e+00	0.00e+00	0.00e+00	3.80e-99
 2.51278e+13	7.62e-29	4.91e-21	4.49e-14	6.74e-08	4.15e-01	5.84e-01	1.44e-03	0.00e+00	0.00e+00	0.00e+00	0.00e+00	0.00e+00	1.60e-84
 2.60814e+13	1.06e-28	6.41e-21	5.48e-14	7.65e-08	4.35e-01	5.64e-01	1.29e-03	0.00e+00	0.00e+00	0.00e+00	0.00e+00	0.00e+00	2.21e-98
 2.70696e+13	1.48e-28	8.34e-21	6.68e-14	8.67e-08	4.54e-01	5.44e-01	1.15e-03	0.00e+00	0.00e+00	0.00e+00	0.00e+00	0.00e+00	7.88e-84
 2.79475e+13	1.96e-28	1.04e-20	7.90e-14	9.63e-08	4.71e-01	5.28e-01	1.04e-03	0.00e+00	0.00e+00	0.00e+00	0.00e+00	0.00e+00	1.33e-97
 2.89037e+13	2.64e-28	1.32e-20	9.42e-14	1.07e-07	4.89e-01	5.10e-01	9.34e-04	0.00e+00	0.00e+00	0.00e+00	0.00e+00	0.00e+00	3.22e-83
 2.99663e+13	3.61e-28	1.70e-20	1.14e-13	1.21e-07	5.09e-01	4.91e-01	8.33e-04	0.00e+00	0.00e+00	0.00e+00	0.00e+00	0.00e+00	8.08e-97
 3.09561e+13	4.80e-28	2.12e-20	1.34e-13	1.34e-07	5.26e-01	4.73e-01	7.51e-04	0.00e+00	0.00e+00	0.00e+00	0.00e+00	0.00e+00	1.40e-82
 3.20317e+13	6.45e-28	2.69e-20	1.59e-13	1.49e-07	5.44e-01	4.55e-01	6.72e-04	0.00e+00	0.00e+00	0.00e+00	0.00e+00	0.00e+00	4.53e-96
 3.32276e+13	8.85e-28	3.45e-20	1.92e-13	1.67e-07	5.63e-01	4.36e-01	5.95e-04	0.00e+00	0.00e+00	0.00e+00	0.00e+00	0.00e+00	6.32e-82
 3.43430e+13	1.18e-27	4.32e-20	2.26e-13	1.84e-07	5.80e-01	4.19e-01	5.34e-04	0.00e+00	0.00e+00	0.00e+00	0.00e+00	0.00e+00	2.73e-95
 3.55565e+13	1.58e-27	5.45e-20	2.69e-13	2.04e-07	5.98e-01	4.01e-01	4.76e-04	0.00e+00	0.00e+00	0.00e+00	0.00e+00	0.00e+00	2.69e-81
 3.69093e+13	2.17e-27	7.01e-20	3.23e-13	2.28e-07	6.17e-01	3.83e-01	4.19e-04	0.00e+00	0.00e+00	0.00e+00	0.00e+00	0.00e+00	1.75e-94
 3.81789e+13	2.90e-27	8.78e-20	3.81e-13	2.51e-07	6.34e-01	3.66e-01	3.73e-04	0.00e+00	0.00e+00	0.00e+00	0.00e+00	0.00e+00	1.22e-80
 3.95649e+13	3.92e-27	1.11e-19	4.52e-13	2.78e-07	6.51e-01	3.49e-01	3.30e-04	0.00e+00	0.00e+00	0.00e+00	0.00e+00	0.00e+00	1.05e-93
 4.11123e+13	5.41e-27	1.43e-19	5.44e-13	3.11e-07	6.69e-01	3.31e-01	2.89e-04	0.00e+00	0.00e+00	0.00e+00	0.00e+00	0.00e+00	5.90e-80
 4.25698e+13	7.24e-27	1.80e-19	6.41e-13	3.42e-07	6.85e-01	3.15e-01	2.56e-04	0.00e+00	0.00e+00	0.00e+00	0.00e+00	0.00e+00	6.85e-93
 4.41434e+13	9.80e-27	2.28e-19	7.60e-13	3.78e-07	7.01e-01	2.98e-01	2.25e-04	0.00e+00	0.00e+00	0.00e+00	0.00e+00	0.00e+00	2.69e-79
 4.59010e+13	1.36e-26	2.94e-19	9.13e-13	4.20e-07	7.18e-01	2.82e-01	1.95e-04	0.00e+00	0.00e+00	0.00e+00	0.00e+00	0.00e+00	4.74e-92
 4.75958e+13	1.83e-26	3.71e-19	1.08e-12	4.63e-07	7.33e-01	2.67e-01	1.72e-04	0.00e+00	0.00e+00	0.00e+00	0.00e+00	0.00e+00	1.33e-78
 4.93966e+13	2.49e-26	4.71e-19	1.28e-12	5.10e-07	7.48e-01	2.52e-01	1.50e-04	0.00e+00	0.00e+00	0.00e+00	0.00e+00	0.00e+00	3.12e-91
 5.14024e+13	3.45e-26	6.07e-19	1.54e-12	5.66e-07	7.64e-01	2.36e-01	1.30e-04	0.00e+00	0.00e+00	0.00e+00	0.00e+00	0.00e+00	6.83e-78
 5.34144e+13	4.73e-26	7.75e-19	1.83e-12	6.25e-07	7.78e-01	2.22e-01	1.13e-04	0.00e+00	0.00e+00	0.00e+00	0.00e+00	0.00e+00	2.31e-90
 5.55069e+13	6.48e-26	9.88e-19	2.17e-12	6.88e-07	7.91e-01	2.09e-01	9.78e-05	0.00e+00	0.00e+00	0.00e+00	0.00e+00	0.00e+00	3.52e-77
 5.77571e+13	8.97e-26	1.27e-18	2.59e-12	7.60e-07	8.04e-01	1.96e-01	8.43e-05	0.00e+00	0.00e+00	0.00e+00	0.00e+00	0.00e+00	1.72e-89
 5.98873e+13	1.20e-25	1.59e-18	3.04e-12	8.31e-07	8.16e-01	1.84e-01	7.37e-05	0.00e+00	0.00e+00	0.00e+00	0.00e+00	0.00e+00	1.78e-76
 6.16364e+13	1.52e-25	1.91e-18	3.45e-12	8.91e-07	8.25e-01	1.75e-01	6.61e-05	0.00e+00	0.00e+00	0.00e+00	0.00e+00	0.00e+00	3.28e-76
 6.33981e+13	1.91e-25	2.28e-18	3.91e-12	9.54e-07	8.33e-01	1.67e-01	5.95e-05	0.00e+00	0.00e+00	0.00e+00	0.00e+00	0.00e+00	6.00e-76
 6.56883e+13	2.55e-25	2.84e-18	4.56e-12	1.04e-06	8.43e-01	1.57e-01	5.20e-05	0.00e+00	0.00e+00	0.00e+00	0.00e+00	0.00e+00	1.28e-75
 6.80695e+13	3.40e-25	3.54e-18	5.32e-12	1.13e-06	8.52e-01	1.48e-01	4.54e-05	0.00e+00	0.00e+00	0.00e+00	0.00e+00	0.00e+00	2.74e-75
 7.00822e+13	4.31e-25	4.24e-18	6.03e-12	1.21e-06	8.60e-01	1.40e-01	4.07e-05	0.00e+00	0.00e+00	0.00e+00	0.00e+00	0.00e+00	5.14e-75
 7.22119e+13	5.49e-25	5.10e-18	6.86e-12	1.30e-06	8.67e-01	1.33e-01	3.63e-05	0.00e+00	0.00e+00	0.00e+00	0.00e+00	0.00e+00	9.80e-75
 7.48989e+13	7.37e-25	6.39e-18	8.02e-12	1.41e-06	8.75e-01	1.25e-01	3.16e-05	0.00e+00	0.00e+00	0.00e+00	0.00e+00	0.00e+00	2.14e-74
 7.76600e+13	9.86e-25	7.99e-18	9.35e-12	1.53e-06	8.83e-01	1.17e-01	2.75e-05	0.00e+00	0.00e+00	0.00e+00	0.00e+00	0.00e+00	4.67e-74
 8.00597e+13	1.26e-24	9.63e-18	1.06e-11	1.64e-06	8.89e-01	1.11e-01	2.45e-05	0.00e+00	0.00e+00	0.00e+00	0.00e+00	0.00e+00	9.03e-74
 8.26403e+13	1.63e-24	1.17e-17	1.22e-11	1.76e-06	8.95e-01	1.05e-01	2.17e-05	0.00e+00	0.00e+00	0.00e+00	0.00e+00	0.00e+00	1.80e-73
 8.57958e+13	2.20e-24	1.47e-17	1.42e-11	1.92e-06	9.02e-01	9.77e-02	1.88e-05	0.00e+00	0.00e+00	0.00e+00	0.00e+00	0.00e+00	4.03e-73
 8.89568e+13	2.95e-24	1.84e-17	1.66e-11	2.07e-06	9.09e-01	9.14e-02	1.64e-05	0.00e+00	0.00e+00	0.00e+00	0.00e+00	0.00e+00	8.82e-73
 9.17517e+13	3.78e-24	2.22e-17	1.88e-11	2.22e-06	9.14e-01	8.64e-02	1.45e-05	0.00e+00	0.00e+00	0.00e+00	0.00e+00	0.00e+00	1.73e-72
 9.48125e+13	4.92e-24	2.71e-17	2.16e-11	2.38e-06	9.19e-01	8.13e-02	1.28e-05	0.00e+00	0.00e+00	0.00e+00	0.00e+00	0.00e+00	3.53e-72
 9.84883e+13	6.68e-24	3.41e-17	2.53e-11	2.59e-06	9.24e-01	7.58e-02	1.10e-05	0.00e+00	0.00e+00	0.00e+00	0.00e+00	0.00e+00	8.06e-72
 1.02154e+14	8.96e-24	4.26e-17	2.94e-11	2.80e-06	9.29e-01	7.08e-02	9.59e-06	0.00e+00	0.00e+00	0.00e+00	0.00e+00	0.00e+00	1.79e-71
 1.05486e+14	1.16e-23	5.18e-17	3.35e-11	3.00e-06	9.33e-01	6.67e-02	8.48e-06	0.00e+00	0.00e+00	0.00e+00	1.66e-17	3.52e-17	3.60e-71
 1.09196e+14	1.53e-23	6.39e-17	3.86e-11	3.23e-06	9.37e-01	6.25e-02	7.42e-06	0.00e+00	0.00e+00	0.00e+00	2.12e-17	4.27e-17	7.65e-71
 1.13533e+14	2.09e-23	8.09e-17	4.53e-11	3.51e-06	9.42e-01	5.81e-02	6.37e-06	0.00e+00	0.00e+00	0.00e+00	2.69e-17	5.41e-17	1.79e-70
 1.17807e+14	2.82e-23	1.01e-16	5.27e-11	3.79e-06	9.46e-01	5.42e-02	5.52e-06	0.00e+00	0.00e+00	0.00e+00	3.36e-17	6.76e-17	4.01e-70
 1.21834e+14	3.69e-23	1.24e-16	6.05e-11	4.07e-06	9.49e-01	5.09e-02	4.84e-06	0.00e+00	0.00e+00	0.00e+00	4.12e-17	8.29e-17	8.35e-70
 1.26319e+14	4.93e-23	1.54e-16	7.00e-11	4.39e-06	9.53e-01	4.75e-02	4.21e-06	0.00e+00	0.00e+00	0.00e+00	5.12e-17	1.03e-16	1.84e-69
 1.31402e+14	6.76e-23	1.96e-16	8.22e-11	4.76e-06	9.56e-01	4.40e-02	3.61e-06	0.00e+00	0.00e+00	0.00e+00	6.50e-17	1.31e-16	4.35e-69
 1.36484e+14	9.16e-23	2.46e-16	9.60e-11	5.15e-06	9.59e-01	4.09e-02	3.11e-06	0.00e+00	0.00e+00	0.00e+00	8.17e-17	1.65e-16	9.97e-69
 1.41769e+14	1.24e-22	3.10e-16	1.12e-10	5.58e-06	9.62e-01	3.81e-02	2.68e-06	0.00e+00	0.00e+00	0.00e+00	1.03e-16	2.07e-16	2.29e-68
 1.47470e+14	1.70e-22	3.93e-16	1.31e-10	6.05e-06	9.65e-01	3.53e-02	2.29e-06	0.00e+00	0.00e+00	0.00e+00	1.30e-16	2.62e-16	5.46e-68
 1.52929e+14	2.28e-22	4.89e-16	1.52e-10	6.53e-06	9.67e-01	3.29e-02	1.99e-06	0.00e+00	0.00e+00	0.00e+00	1.62e-16	3.27e-16	1.19e-67
 1.57447e+14	2.87e-22	5.83e-16	1.71e-10	6.93e-06	9.69e-01	3.11e-02	1.77e-06	0.00e+00	0.00e+00	0.00e+00	1.93e-16	3.89e-16	2.25e-67
 1.61966e+14	3.60e-22	6.91e-16	1.92e-10	7.35e-06	9.71e-01	2.94e-02	1.58e-06	0.00e+00	0.00e+00	0.00e+00	2.29e-16	4.62e-16	4.17e-67
 1.67826e+14	4.78e-22	8.55e-16	2.22e-10	7.91e-06	9.73e-01	2.74e-02	1.38e-06	0.00e+00	0.00e+00	0.00e+00	2.84e-16	5.72e-16	9.03e-67
 1.73877e+14	6.34e-22	1.06e-15	2.56e-10	8.51e-06	9.74e-01	2.56e-02	1.19e-06	0.00e+00	0.00e+00	0.00e+00	3.51e-16	7.07e-16	1.95e-66
 1.78957e+14	7.97e-22	1.26e-15	2.88e-10	9.03e-06	9.76e-01	2.42e-02	1.07e-06	0.00e+00	0.00e+00	0.00e+00	4.17e-16	8.41e-16	3.64e-66
 1.84328e+14	1.01e-21	1.50e-15	3.25e-10	9.60e-06	9.77e-01	2.28e-02	9.47e-07	0.00e+00	0.00e+00	0.00e+00	4.98e-16	1.00e-15	6.90e-66
 1.91125e+14	1.34e-21	1.87e-15	3.77e-10	1.04e-05	9.79e-01	2.12e-02	0.00e+00	0.00e+00	0.00e+00	0.00e+00	6.19e-16	1.25e-15	1.51e-65
 1.98209e+14	1.80e-21	2.32e-15	4.37e-10	1.12e-05	9.80e-01	1.97e-02	0.00e+00	0.00e+00	0.00e+00	0.00e+00	7.70e-16	1.55e-15	3.32e-65
 2.04525e+14	2.30e-21	2.80e-15	4.96e-10	1.19e-05	9.81e-01	1.86e-02	0.00e+00	0.00e+00	0.00e+00	0.00e+00	9.30e-16	1.87e-15	6.54e-65
 2.11412e+14	2.99e-21	3.42e-15	5.67e-10	1.28e-05	9.83e-01	1.74e-02	0.00e+00	0.00e+00	0.00e+00	0.00e+00	1.13e-15	2.29e-15	1.33e-64
 2.19084e+14	3.97e-21	4.24e-15	6.56e-10	1.37e-05	9.84e-01	1.62e-02	0.00e+00	0.00e+00	0.00e+00	0.00e+00	1.40e-15	2.83e-15	2.88e-64
 2.26246e+14	5.12e-21	5.14e-15	7.48e-10	1.47e-05	9.85e-01	1.52e-02	0.00e+00	0.00e+00	0.00e+00	0.00e+00	1.70e-15	3.43e-15	5.74e-64
 2.34026e+14	6.69e-21	6.29e-15	8.58e-10	1.58e-05	9.86e-01	1.42e-02	0.00e+00	0.00e+00	0.00e+00	0.00e+00	2.08e-15	4.20e-15	1.19e-63
 2.42661e+14	8.90e-21	7.81e-15	9.95e-10	1.70e-05	9.87e-01	1.31e-02	0.00e+00	0.00e+00	0.00e+00	0.00e+00	2.59e-15	5.22e-15	2.58e-63
 2.50683e+14	1.15e-20	9.48e-15	1.14e-09	1.82e-05	9.88e-01	1.23e-02	0.00e+00	0.00e+00	0.00e+00	0.00e+00	3.14e-15	6.34e-15	5.18e-63
 2.59387e+14	1.51e-20	1.16e-14	1.31e-09	1.96e-05	9.88e-01	1.15e-02	0.00e+00	0.00e+00	0.00e+00	0.00e+00	3.85e-15	7.78e-15	1.07e-62
 2.69082e+14	2.01e-20	1.45e-14	1.52e-09	2.11e-05	9.89e-01	1.07e-02	0.00e+00	0.00e+00	0.00e+00	0.00e+00	4.79e-15	9.68e-15	2.35e-62
 2.78150e+14	2.61e-20	1.76e-14	1.74e-09	2.26e-05	9.90e-01	9.96e-03	0.00e+00	0.00e+00	0.00e+00	0.00e+00	5.84e-15	1.18e-14	4.77e-62
 2.88024e+14	3.43e-20	2.17e-14	2.00e-09	2.43e-05	9.91e-01	9.28e-03	0.00e+00	0.00e+00	0.00e+00	0.00e+00	7.19e-15	1.45e-14	1.00e-61
 2.99025e+14	4.60e-20	2.71e-14	2.33e-09	2.63e-05	9.91e-01	8.59e-03	0.00e+00	0.00e+00	0.00e+00	0.00e+00	8.98e-15	1.82e-14	2.22e-61
 3.09329e+14	6.00e-20	3.32e-14	2.67e-09	2.83e-05	9.92e-01	8.01e-03	0.00e+00	0.00e+00	0.00e+00	0.00e+00	1.10e-14	2.22e-14	4.58e-61
 3.20512e+14	7.92e-20	4.10e-14	3.09e-09	3.04e-05	9.93e-01	7.45e-03	0.00e+00	0.00e+00	0.00e+00	0.00e+00	1.36e-14	2.74e-14	9.72e-61
 3.32997e+14	1.07e-19	5.15e-14	3.61e-09	3.30e-05	9.93e-01	6.88e-03	0.00e+00	0.00e+00	0.00e+00	0.00e+00	1.70e-14	3.44e-14	2.19e-60
 3.44842e+14	1.40e-19	6.33e-14	4.16e-09	3.55e-05	9.94e-01	6.41e-03	0.00e+00	0.00e+00	0.00e+00	0.00e+00	2.09e-14	4.24e-14	4.60e-60
 3.57525e+14	1.86e-19	7.84e-14	4.82e-09	3.83e-05	9.94e-01	5.95e-03	0.00e+00	0.00e+00	0.00e+00	0.00e+00	2.59e-14	5.25e-14	9.89e-60
 3.71856e+14	2.53e-19	9.90e-14	5.65e-09	4.15e-05	9.94e-01	5.48e-03	0.00e+00	0.00e+00	0.00e+00	0.00e+00	3.27e-14	6.63e-14	2.28e-59
 3.85977e+14	3.38e-19	1.23e-13	6.58e-09	4.49e-05	9.95e-01	5.08e-03	0.00e+00	0.00e+00	0.00e+00	0.00e+00	4.08e-14	8.27e-14	5.03e-59
 3.98812e+14	4.36e-19	1.50e-13	7.51e-09	4.81e-05	9.95e-01	4.74e-03	0.00e+00	0.00e+00	0.00e+00	0.00e+00	4.95e-14	1.00e-13	1.01e-58
 4.12657e+14	5.69e-19	1.83e-13	8.62e-09	5.16e-05	9.96e-01	4.42e-03	0.00e+00	0.00e+00	0.00e+00	0.00e+00	6.06e-14	1.23e-13	2.08e-58
 4.28907e+14	7.69e-19	2.31e-13	1.01e-08	5.59e-05	9.96e-01	4.08e-03	0.00e+00	0.00e+00	0.00e+00	0.00e+00	7.61e-14	1.54e-13	4.72e-58
 4.44795e+14	1.02e-18	2.86e-13	1.17e-08	6.03e-05	9.96e-01	3.79e-03	0.00e+00	0.00e+00	0.00e+00	0.00e+00	9.44e-14	1.92e-13	1.03e-57
 4.57864e+14	1.28e-18	3.40e-13	1.31e-08	6.40e-05	9.96e-01	3.57e-03	0.00e+00	0.00e+00	0.00e+00	0.00e+00	1.12e-13	2.28e-13	1.90e-57
 4.68990e+14	1.55e-18	3.91e-13	1.45e-08	6.73e-05	9.97e-01	3.40e-03	0.00e+00	0.00e+00	0.00e+00	0.00e+00	1.29e-13	2.62e-13	3.17e-57
 4.81686e+14	1.90e-18	4.58e-13	1.61e-08	7.12e-05	9.97e-01	3.21e-03	0.00e+00	0.00e+00	0.00e+00	0.00e+00	1.51e-13	3.07e-13	5.59e-57
 4.98191e+14	2.47e-18	5.60e-13	1.85e-08	7.63e-05	9.97e-01	3.00e-03	0.00e+00	0.00e+00	0.00e+00	0.00e+00	1.85e-13	3.75e-13	1.15e-56
 5.15633e+14	3.24e-18	6.86e-13	2.13e-08	8.20e-05	9.97e-01	2.79e-03	0.00e+00	0.00e+00	0.00e+00	0.00e+00	2.26e-13	4.60e-13	2.40e-56
 5.30768e+14	4.06e-18	8.15e-13	2.39e-08	8.70e-05	9.97e-01	2.63e-03	0.00e+00	0.00e+00	0.00e+00	0.00e+00	2.68e-13	5.47e-13	4.48e-56
 5.46918e+14	5.13e-18	9.73e-13	2.70e-08	9.26e-05	9.97e-01	2.47e-03	0.00e+00	0.00e+00	0.00e+00	0.00e+00	3.20e-13	6.52e-13	8.47e-56
 5.67182e+14	6.81e-18	1.21e-12	3.12e-08	9.98e-05	9.98e-01	2.29e-03	0.00e+00	0.00e+00	0.00e+00	0.00e+00	3.97e-13	8.10e-13	1.85e-55
 5.87982e+14	9.02e-18	1.49e-12	3.61e-08	1.08e-04	9.98e-01	2.13e-03	0.00e+00	0.00e+00	0.00e+00	0.00e+00	4.92e-13	1.00e-12	4.00e-55
 6.06214e+14	1.15e-17	1.79e-12	4.08e-08	1.14e-04	9.98e-01	2.00e-03	0.00e+00	0.00e+00	0.00e+00	0.00e+00	5.89e-13	1.20e-12	7.77e-55
 6.25921e+14	1.47e-17	2.16e-12	4.65e-08	1.22e-04	9.98e-01	1.87e-03	0.00e+00	0.00e+00	0.00e+00	0.00e+00	7.11e-13	1.45e-12	1.54e-54
 6.49816e+14	1.97e-17	2.70e-12	5.41e-08	1.32e-04	9.98e-01	1.73e-03	0.00e+00	0.00e+00	0.00e+00	0.00e+00	8.88e-13	1.81e-12	3.44e-54
 6.73620e+14	2.61e-17	3.34e-12	6.25e-08	1.42e-04	9.98e-01	1.61e-03	0.00e+00	0.00e+00	0.00e+00	0.00e+00	1.10e-12	2.25e-12	7.47e-54
 6.94737e+14	3.32e-17	4.01e-12	7.08e-08	1.52e-04	9.98e-01	1.51e-03	0.00e+00	0.00e+00	0.00e+00	0.00e+00	1.32e-12	2.70e-12	1.46e-53
 7.17898e+14	4.28e-17	4.87e-12	8.08e-08	1.62e-04	9.98e-01	1.41e-03	0.00e+00	0.00e+00	0.00e+00	0.00e+00	1.60e-12	3.27e-12	2.94e-53
 7.45624e+14	5.75e-17	6.09e-12	9.42e-08	1.76e-04	9.99e-01	1.30e-03	0.00e+00	4.72e-18	1.42e-17	2.37e-17	2.00e-12	4.09e-12	6.66e-53
 7.73191e+14	7.62e-17	7.55e-12	1.09e-07	1.89e-04	9.99e-01	1.21e-03	0.00e+00	6.26e-18	1.88e-17	3.14e-17	2.47e-12	5.07e-12	1.45e-52
 7.98230e+14	9.77e-17	9.11e-12	1.24e-07	2.02e-04	9.99e-01	1.13e-03	0.00e+00	8.02e-18	2.41e-17	4.02e-17	2.99e-12	6.13e-12	2.90e-52
 8.26075e+14	1.27e-16	1.11e-11	1.42e-07	2.17e-04	9.99e-01	1.05e-03	0.00e+00	1.04e-17	3.14e-17	5.24e-17	3.65e-12	7.49e-12	6.04e-52
 8.58665e+14	1.71e-16	1.40e-11	1.67e-07	2.36e-04	9.99e-01	9.72e-04	0.00e+00	1.41e-17	4.23e-17	7.07e-17	4.58e-12	9.41e-12	1.38e-51
 8.90809e+14	2.27e-16	1.74e-11	1.93e-07	2.55e-04	9.99e-01	9.00e-04	0.00e+00	1.87e-17	5.61e-17	9.38e-17	5.68e-12	1.17e-11	3.04e-51
 9.21050e+14	2.94e-16	2.11e-11	2.21e-07	2.73e-04	9.99e-01	8.39e-04	0.00e+00	2.42e-17	7.27e-17	1.21e-16	6.92e-12	1.42e-11	6.25e-51
 9.54733e+14	3.87e-16	2.61e-11	2.56e-07	2.94e-04	9.99e-01	7.77e-04	0.00e+00	3.18e-17	9.56e-17	1.60e-16	8.53e-12	1.76e-11	1.34e-50
 9.92953e+14	5.22e-16	3.28e-11	3.00e-07	3.20e-04	9.99e-01	7.15e-04	0.00e+00	4.30e-17	1.29e-16	2.16e-16	1.07e-11	2.21e-11	3.10e-50
 1.02511e+15	6.64e-16	3.95e-11	3.42e-07	3.43e-04	9.99e-01	6.68e-04	0.00e+00	5.47e-17	1.64e-16	2.75e-16	1.29e-11	2.66e-11	6.10e-50
 1.04835e+15	7.87e-16	4.51e-11	3.75e-07	3.59e-04	9.99e-01	6.37e-04	0.00e+00	6.48e-17	1.95e-16	3.25e-16	1.47e-11	3.04e-11	9.82e-50
 1.07265e+15	9.37e-16	5.15e-11	4.12e-07	3.77e-04	9.99e-01	6.07e-04	0.00e+00	7.72e-17	2.32e-16	3.87e-16	1.68e-11	3.47e-11	1.60e-49
 1.10424e+15	1.16e-15	6.10e-11	4.64e-07	4.02e-04	9.99e-01	5.70e-04	0.00e+00	9.59e-17	2.88e-16	4.82e-16	1.99e-11	4.11e-11	2.95e-49
 1.13924e+15	1.47e-15	7.31e-11	5.27e-07	4.30e-04	9.99e-01	5.33e-04	0.00e+00	1.21e-16	3.64e-16	6.09e-16	2.38e-11	4.92e-11	5.69e-49
 1.17180e+15	1.81e-15	8.60e-11	5.91e-07	4.58e-04	9.99e-01	5.01e-04	0.00e+00	1.49e-16	4.49e-16	7.50e-16	2.80e-11	5.79e-11	1.03e-48
 1.20725e+15	2.26e-15	1.02e-10	6.68e-07	4.88e-04	9.99e-01	4.69e-04	0.00e+00	1.86e-16	5.60e-16	9.36e-16	3.33e-11	6.88e-11	1.91e-48
 1.24698e+15	2.87e-15	1.23e-10	7.63e-07	5.24e-04	9.99e-01	4.37e-04	0.00e+00	2.37e-16	7.11e-16	1.19e-15	4.01e-11	8.29e-11	3.76e-48
 1.28460e+15	3.56e-15	1.46e-10	8.61e-07	5.60e-04	9.99e-01	4.10e-04	0.00e+00	2.94e-16	8.83e-16	1.48e-15	4.75e-11	9.82e-11	6.97e-48
 1.32583e+15	4.48e-15	1.74e-10	9.80e-07	6.00e-04	9.99e-01	3.82e-04	0.00e+00	3.70e-16	1.11e-15	1.86e-15	5.69e-11	1.18e-10	1.34e-47
 1.37190e+15	5.73e-15	2.12e-10	1.13e-06	6.48e-04	9.99e-01	3.54e-04	0.00e+00	4.74e-16	1.42e-15	2.38e-15	6.91e-11	1.43e-10	2.73e-47
 1.41545e+15	7.16e-15	2.53e-10	1.28e-06	6.95e-04	9.99e-01	3.30e-04	0.00e+00	5.93e-16	1.78e-15	2.97e-15	8.24e-11	1.70e-10	5.17e-47
 1.46323e+15	9.05e-15	3.05e-10	1.47e-06	7.49e-04	9.99e-01	3.07e-04	0.00e+00	7.50e-16	2.25e-15	3.77e-15	9.93e-11	2.05e-10	1.02e-46
 1.51697e+15	1.17e-14	3.73e-10	1.70e-06	8.12e-04	9.99e-01	2.83e-04	0.00e+00	9.70e-16	2.91e-15	4.87e-15	1.22e-10	2.52e-10	2.14e-46
 1.56777e+15	1.47e-14	4.48e-10	1.95e-06	8.75e-04	9.99e-01	2.62e-04	0.00e+00	1.22e-15	3.66e-15	6.12e-15	1.46e-10	3.02e-10	4.18e-46
 1.62314e+15	1.87e-14	5.44e-10	2.25e-06	9.47e-04	9.99e-01	2.43e-04	0.00e+00	1.55e-15	4.67e-15	7.80e-15	1.77e-10	3.67e-10	8.50e-46
 1.68460e+15	2.41e-14	6.68e-10	2.62e-06	1.03e-03	9.99e-01	2.23e-04	0.00e+00	2.01e-15	6.03e-15	1.01e-14	2.18e-10	4.50e-10	1.81e-45
 1.74156e+15	2.91e-14	8.02e-10	3.00e-06	1.11e-03	9.99e-01	2.07e-04	0.00e+00	2.42e-15	7.28e-15	1.22e-14	2.62e-10	5.41e-10	3.48e-45
 1.80321e+15	3.66e-14	9.71e-10	3.46e-06	1.20e-03	9.99e-01	1.91e-04	0.00e+00	3.06e-15	9.18e-15	1.53e-14	3.17e-10	6.54e-10	7.04e-45
 1.87243e+15	4.69e-14	1.19e-09	4.03e-06	1.31e-03	9.99e-01	1.75e-04	0.00e+00	3.92e-15	1.18e-14	1.96e-14	3.89e-10	8.04e-10	1.51e-44
 1.93778e+15	5.85e-14	1.44e-09	4.64e-06	1.42e-03	9.98e-01	1.62e-04	0.00e+00	4.89e-15	1.47e-14	2.45e-14	4.69e-10	9.69e-10	3.01e-44
 2.00817e+15	7.35e-14	1.74e-09	5.36e-06	1.54e-03	9.98e-01	1.49e-04	0.00e+00	6.16e-15	1.85e-14	3.09e-14	5.69e-10	1.18e-09	6.18e-44
 2.08657e+15	9.36e-14	2.15e-09	6.27e-06	1.69e-03	9.98e-01	1.36e-04	0.00e+00	7.85e-15	2.36e-14	3.94e-14	7.00e-10	1.45e-09	1.34e-43
 2.16146e+15	1.17e-13	2.59e-09	7.24e-06	1.83e-03	9.98e-01	1.26e-04	0.00e+00	9.79e-15	2.94e-14	4.91e-14	8.47e-10	1.75e-09	2.72e-43
 2.24129e+15	1.46e-13	3.15e-09	8.38e-06	1.99e-03	9.98e-01	1.16e-04	0.00e+00	1.23e-14	3.69e-14	6.16e-14	1.03e-09	2.12e-09	5.68e-43
 2.31595e+15	1.78e-13	3.76e-09	9.57e-06	2.15e-03	9.98e-01	1.07e-04	0.00e+00	1.50e-14	4.49e-14	7.50e-14	1.23e-09	2.53e-09	1.10e-42
 2.37075e+15	2.05e-13	4.26e-09	1.05e-05	2.27e-03	9.98e-01	1.02e-04	0.00e+00	1.73e-14	5.18e-14	8.66e-14	1.39e-09	2.87e-09	1.80e-42
 2.42619e+15	2.35e-13	4.82e-09	1.15e-05	2.39e-03	9.97e-01	9.63e-05	0.00e+00	1.99e-14	5.96e-14	9.96e-14	1.57e-09	3.24e-09	2.87e-42
 2.49826e+15	2.80e-13	5.63e-09	1.30e-05	2.56e-03	9.97e-01	8.99e-05	0.00e+00	2.37e-14	7.11e-14	1.19e-13	1.84e-09	3.79e-09	5.20e-42
 2.57630e+15	3.36e-13	6.64e-09	1.47e-05	2.75e-03	9.97e-01	8.37e-05	0.00e+00	2.84e-14	8.52e-14	1.42e-13	2.17e-09	4.47e-09	9.70e-42
 2.64657e+15	3.93e-13	7.65e-09	1.64e-05	2.93e-03	9.97e-01	7.87e-05	0.00e+00	3.32e-14	9.98e-14	1.67e-13	2.50e-09	5.15e-09	1.67e-41
 2.72237e+15	4.63e-13	8.90e-09	1.84e-05	3.13e-03	9.97e-01	7.37e-05	0.00e+00	3.93e-14	1.18e-13	1.97e-13	2.91e-09	5.98e-09	2.93e-41
 2.82054e+15	5.70e-13	1.08e-08	2.12e-05	3.40e-03	9.97e-01	6.79e-05	0.00e+00	4.83e-14	1.45e-13	2.42e-13	3.52e-09	7.24e-09	6.07e-41
 2.91953e+15	6.91e-13	1.29e-08	2.43e-05	3.68e-03	9.96e-01	6.27e-05	0.00e+00	5.87e-14	1.76e-13	2.94e-13	4.24e-09	8.69e-09	1.22e-40
 2.99967e+15	8.05e-13	1.49e-08	2.71e-05	3.92e-03	9.96e-01	5.89e-05	0.00e+00	6.85e-14	2.06e-13	3.43e-13	4.89e-09	1.00e-08	2.15e-40
 3.08354e+15	9.42e-13	1.73e-08	3.03e-05	4.17e-03	9.96e-01	5.52e-05	0.00e+00	8.02e-14	2.41e-13	4.02e-13	5.67e-09	1.16e-08	3.84e-40
 3.19257e+15	1.15e-12	2.08e-08	3.48e-05	4.52e-03	9.95e-01	5.10e-05	0.00e+00	9.77e-14	2.93e-13	4.90e-13	6.83e-09	1.40e-08	8.03e-40
 3.30845e+15	1.39e-12	2.52e-08	4.02e-05	4.91e-03	9.95e-01	4.69e-05	0.00e+00	1.19e-13	3.57e-13	5.95e-13	8.27e-09	1.69e-08	1.70e-39
 3.41072e+15	1.64e-12	2.96e-08	4.54e-05	5.27e-03	9.95e-01	4.38e-05	0.00e+00	1.40e-13	4.21e-13	7.03e-13	9.73e-09	1.99e-08	3.23e-39
 3.52115e+15	1.96e-12	3.52e-08	5.15e-05	5.67e-03	9.94e-01	4.07e-05	0.00e+00	1.68e-13	5.04e-13	8.41e-13	1.15e-08	2.36e-08	6.35e-39
 3.65526e+15	2.41e-12	4.30e-08	5.99e-05	6.19e-03	9.94e-01	3.73e-05	0.00e+00	2.06e-13	6.19e-13	1.03e-12	1.41e-08	2.89e-08	1.40e-38
 3.79010e+15	2.91e-12	5.22e-08	6.92e-05	6.73e-03	9.93e-01	3.44e-05	0.00e+00	2.50e-13	7.51e-13	1.25e-12	1.72e-08	3.50e-08	2.99e-38
 3.91147e+15	3.46e-12	6.17e-08	7.84e-05	7.23e-03	9.93e-01	3.20e-05	0.00e+00	2.98e-13	8.94e-13	1.49e-12	2.03e-08	4.14e-08	5.77e-38
 4.04536e+15	4.17e-12	7.40e-08	8.97e-05	7.81e-03	9.92e-01	2.96e-05	0.00e+00	3.59e-13	1.08e-12	1.80e-12	2.44e-08	4.97e-08	1.18e-37
 4.20348e+15	5.09e-12	9.12e-08	1.05e-04	8.54e-03	9.91e-01	2.72e-05	0.00e+00	4.39e-13	1.32e-12	2.20e-12	3.00e-08	6.12e-08	2.65e-37
 4.35885e+15	6.15e-12	1.11e-07	1.21e-04	9.28e-03	9.91e-01	2.51e-05	0.00e+00	5.31e-13	1.59e-12	2.66e-12	3.65e-08	7.44e-08	5.65e-37
 4.50157e+15	7.34e-12	1.32e-07	1.38e-04	9.99e-03	9.90e-01	2.33e-05	0.00e+00	6.35e-13	1.91e-12	3.18e-12	4.34e-08	8.85e-08	1.10e-36
 4.66207e+15	8.88e-12	1.60e-07	1.58e-04	1.08e-02	9.89e-01	2.16e-05	0.00e+00	7.69e-13	2.31e-12	3.85e-12	5.26e-08	1.07e-07	2.30e-36
 4.81804e+15	1.05e-11	1.91e-07	1.81e-04	1.17e-02	9.88e-01	2.01e-05	0.00e+00	9.12e-13	2.74e-12	4.57e-12	6.28e-08	1.28e-07	4.51e-36
 4.93336e+15	1.16e-11	2.16e-07	1.99e-04	1.24e-02	9.87e-01	1.91e-05	0.00e+00	1.01e-12	3.03e-12	5.06e-12	7.13e-08	1.45e-07	7.27e-36
 5.04853e+15	1.33e-11	2.46e-07	2.18e-04	1.30e-02	9.87e-01	1.82e-05	0.00e+00	1.16e-12	3.48e-12	5.80e-12	8.11e-08	1.65e-07	1.18e-35
 5.19826e+15	1.58e-11	2.88e-07	2.45e-04	1.39e-02	9.86e-01	1.70e-05	0.00e+00	1.37e-12	4.11e-12	6.87e-12	9.51e-08	1.93e-07	2.15e-35
 5.36047e+15	1.86e-11	3.41e-07	2.78e-04	1.49e-02	9.85e-01	1.60e-05	0.00e+00	1.62e-12	4.86e-12	8.11e-12	1.13e-07	2.29e-07	4.02e-35
 5.50529e+15	2.16e-11	3.95e-07	3.09e-04	1.59e-02	9.84e-01	1.51e-05	0.00e+00	1.88e-12	5.65e-12	9.43e-12	1.30e-07	2.65e-07	6.92e-35
 5.65991e+15	2.54e-11	4.61e-07	3.46e-04	1.69e-02	9.83e-01	1.42e-05	0.00e+00	2.21e-12	6.64e-12	1.11e-11	1.52e-07	3.09e-07	1.23e-34
 5.86092e+15	3.10e-11	5.61e-07	3.98e-04	1.84e-02	9.81e-01	1.32e-05	0.00e+00	2.71e-12	8.12e-12	1.36e-11	1.85e-07	3.76e-07	2.54e-34
 6.06441e+15	3.73e-11	6.77e-07	4.57e-04	1.99e-02	9.80e-01	1.23e-05	0.00e+00	3.26e-12	9.80e-12	1.63e-11	2.24e-07	4.53e-07	5.02e-34
 6.22881e+15	4.33e-11	7.85e-07	5.09e-04	2.11e-02	9.78e-01	1.17e-05	0.00e+00	3.79e-12	1.14e-11	1.90e-11	2.59e-07	5.25e-07	8.54e-34
 6.40022e+15	5.09e-11	9.15e-07	5.69e-04	2.25e-02	9.77e-01	1.11e-05	0.00e+00	4.46e-12	1.34e-11	2.23e-11	3.02e-07	6.13e-07	1.49e-33
 6.62304e+15	6.25e-11	1.11e-06	6.54e-04	2.44e-02	9.75e-01	1.03e-05	0.00e+00	5.48e-12	1.64e-11	2.74e-11	3.67e-07	7.43e-07	2.98e-33
 6.85814e+15	7.68e-11	1.35e-06	7.55e-04	2.64e-02	9.73e-01	9.67e-06	0.00e+00	6.74e-12	2.02e-11	3.38e-11	4.47e-07	9.04e-07	5.93e-33
 7.06065e+15	9.11e-11	1.59e-06	8.49e-04	2.83e-02	9.71e-01	9.15e-06	0.00e+00	8.01e-12	2.40e-11	4.01e-11	5.26e-07	1.06e-06	1.04e-32
 7.27539e+15	1.10e-10	1.89e-06	9.62e-04	3.03e-02	9.69e-01	8.65e-06	0.00e+00	9.64e-12	2.89e-11	4.83e-11	6.24e-07	1.26e-06	1.86e-32
 7.54471e+15	1.38e-10	2.33e-06	1.12e-03	3.31e-02	9.66e-01	8.09e-06	0.00e+00	1.21e-11	3.64e-11	6.07e-11	7.70e-07	1.56e-06	3.84e-32
 7.81334e+15	1.69e-10	2.83e-06	1.29e-03	3.59e-02	9.63e-01	7.59e-06	0.00e+00	1.49e-11	4.47e-11	7.46e-11	9.36e-07	1.89e-06	7.43e-32
 8.04280e+15	2.02e-10	3.34e-06	1.46e-03	3.85e-02	9.60e-01	7.24e-06	0.00e+00	1.79e-11	5.36e-11	8.95e-11	1.11e-06	2.23e-06	1.29e-31
 8.29298e+15	2.48e-10	3.99e-06	1.66e-03	4.14e-02	9.57e-01	6.86e-06	0.00e+00	2.19e-11	6.57e-11	1.10e-10	1.32e-06	2.67e-06	2.34e-31
 8.56967e+15	3.03e-10	4.82e-06	1.91e-03	4.48e-02	9.53e-01	6.49e-06	0.00e+00	2.69e-11	8.06e-11	1.34e-10	1.60e-06	3.22e-06	4.34e-31
 8.82662e+15	3.64e-10	5.71e-06	2.16e-03	4.81e-02	9.50e-01	6.19e-06	0.00e+00	3.23e-11	9.69e-11	1.62e-10	1.89e-06	3.82e-06	7.46e-31
 9.05067e+15	4.25e-10	6.59e-06	2.40e-03	5.11e-02	9.47e-01	5.95e-06	0.00e+00	3.77e-11	1.13e-10	1.89e-10	2.18e-06	4.40e-06	1.18e-30
 9.28614e+15	5.06e-10	7.68e-06	2.69e-03	5.44e-02	9.43e-01	5.71e-06	0.00e+00	4.49e-11	1.35e-10	2.25e-10	2.55e-06	5.13e-06	1.93e-30
 9.54146e+15	6.01e-10	8.98e-06	3.02e-03	5.81e-02	9.39e-01	5.47e-06	0.00e+00	5.34e-11	1.60e-10	2.67e-10	2.98e-06	6.00e-06	3.16e-30
 9.77783e+15	7.08e-10	1.04e-05	3.36e-03	6.17e-02	9.35e-01	5.28e-06	0.00e+00	6.30e-11	1.89e-10	3.15e-10	3.44e-06	6.93e-06	4.92e-30
 1.00404e+16	8.47e-10	1.22e-05	3.78e-03	6.60e-02	9.30e-01	5.07e-06	0.00e+00	7.54e-11	2.26e-10	3.77e-10	4.04e-06	8.14e-06	8.17e-30
 1.03230e+16	1.03e-09	1.44e-05	4.28e-03	7.08e-02	9.25e-01	4.88e-06	0.00e+00	9.17e-11	2.75e-10	4.59e-10	4.76e-06	9.60e-06	1.34e-29
 1.05824e+16	1.22e-09	1.67e-05	4.78e-03	7.54e-02	9.20e-01	4.72e-06	0.00e+00	1.09e-10	3.26e-10	5.44e-10	5.53e-06	1.11e-05	2.09e-29
 1.08700e+16	1.47e-09	1.97e-05	5.42e-03	8.08e-02	9.14e-01	4.54e-06	0.00e+00	1.31e-10	3.93e-10	6.56e-10	6.54e-06	1.32e-05	3.48e-29
 1.11819e+16	1.79e-09	2.34e-05	6.17e-03	8.70e-02	9.07e-01	4.38e-06	0.00e+00	1.61e-10	4.82e-10	8.03e-10	7.76e-06	1.56e-05	5.77e-29
 1.14714e+16	2.17e-09	2.74e-05	6.96e-03	9.30e-02	9.00e-01	4.24e-06	0.00e+00	1.94e-10	5.82e-10	9.71e-10	9.10e-06	1.83e-05	9.08e-29
 1.17471e+16	2.55e-09	3.18e-05	7.79e-03	9.90e-02	8.93e-01	4.11e-06	0.00e+00	2.29e-10	6.86e-10	1.14e-09	1.05e-05	2.12e-05	1.39e-28
 1.20591e+16	3.15e-09	3.78e-05	8.88e-03	1.06e-01	8.85e-01	3.98e-06	0.00e+00	2.83e-10	8.49e-10	1.42e-09	1.26e-05	2.53e-05	2.32e-28
 1.23908e+16	3.86e-09	4.49e-05	1.02e-02	1.15e-01	8.75e-01	3.86e-06	0.00e+00	3.47e-10	1.04e-09	1.73e-09	1.49e-05	3.00e-05	3.76e-28
 1.26815e+16	4.61e-09	5.23e-05	1.14e-02	1.22e-01	8.66e-01	3.76e-06	0.00e+00	4.14e-10	1.24e-09	2.07e-09	1.74e-05	3.49e-05	5.69e-28
 1.29926e+16	5.61e-09	6.19e-05	1.30e-02	1.31e-01	8.56e-01	3.65e-06	0.00e+00	5.05e-10	1.51e-09	2.53e-09	2.06e-05	4.13e-05	9.16e-28
 1.33323e+16	6.96e-09	7.39e-05	1.49e-02	1.41e-01	8.44e-01	3.55e-06	0.00e+00	6.28e-10	1.88e-09	3.14e-09	2.46e-05	4.94e-05	1.50e-27
 1.36372e+16	8.42e-09	8.65e-05	1.69e-02	1.51e-01	8.32e-01	3.48e-06	0.00e+00	7.60e-10	2.28e-09	3.80e-09	2.88e-05	5.78e-05	2.28e-27
 1.39024e+16	9.99e-09	9.93e-05	1.88e-02	1.59e-01	8.22e-01	3.41e-06	0.00e+00	9.03e-10	2.71e-09	4.52e-09	3.30e-05	6.63e-05	3.27e-27
 1.41880e+16	1.20e-08	1.16e-04	2.12e-02	1.70e-01	8.09e-01	3.33e-06	0.00e+00	1.08e-09	3.24e-09	5.41e-09	3.86e-05	7.74e-05	5.02e-27
 1.44971e+16	1.48e-08	1.37e-04	2.42e-02	1.81e-01	7.94e-01	3.28e-06	0.00e+00	1.34e-09	4.02e-09	6.69e-09	4.56e-05	9.15e-05	7.86e-27
 1.47690e+16	1.74e-08	1.58e-04	2.71e-02	1.92e-01	7.81e-01	3.22e-06	0.00e+00	1.58e-09	4.73e-09	7.89e-09	5.25e-05	1.05e-04	1.12e-26
 1.50131e+16	2.05e-08	1.80e-04	3.01e-02	2.02e-01	7.67e-01	3.17e-06	0.00e+00	1.86e-09	5.57e-09	9.28e-09	6.00e-05	1.20e-04	1.60e-26
 1.52887e+16	2.49e-08	2.11e-04	3.41e-02	2.15e-01	7.51e-01	3.12e-06	0.00e+00	2.26e-09	6.79e-09	1.13e-08	7.03e-05	1.41e-04	2.47e-26
 1.55807e+16	3.10e-08	2.50e-04	3.88e-02	2.29e-01	7.32e-01	3.10e-06	0.00e+00	2.81e-09	8.44e-09	1.41e-08	8.31e-05	1.67e-04	3.86e-26
 1.58290e+16	3.69e-08	2.87e-04	4.34e-02	2.42e-01	7.15e-01	3.07e-06	0.00e+00	3.36e-09	1.01e-08	1.68e-08	9.56e-05	1.92e-04	5.53e-26
 1.60516e+16	4.30e-08	3.26e-04	4.81e-02	2.53e-01	6.98e-01	3.04e-06	0.00e+00	3.91e-09	1.17e-08	1.96e-08	1.09e-04	2.18e-04	7.70e-26
 1.63061e+16	5.30e-08	3.84e-04	5.45e-02	2.68e-01	6.77e-01	3.02e-06	0.00e+00	4.83e-09	1.45e-08	2.41e-08	1.28e-04	2.56e-04	1.22e-25
 1.65732e+16	6.43e-08	4.49e-04	6.18e-02	2.84e-01	6.54e-01	2.99e-06	0.00e+00	5.86e-09	1.76e-08	2.93e-08	1.49e-04	2.99e-04	1.81e-25
 1.68015e+16	7.80e-08	5.21e-04	6.94e-02	2.99e-01	6.31e-01	3.01e-06	0.00e+00	7.12e-09	2.14e-08	3.56e-08	1.73e-04	3.47e-04	2.74e-25
 1.70039e+16	9.21e-08	5.93e-04	7.68e-02	3.12e-01	6.11e-01	3.00e-06	0.00e+00	8.41e-09	2.52e-08	4.20e-08	1.98e-04	3.96e-04	3.88e-25
