#depth	N	N+	N+2	N+3	N+4	N+5	N+6	N+7
 1.49634e+10	0.00e+00	0.00e+00	8.95e-29	3.19e-19	2.33e-10	5.86e-01	4.14e-01	1.75e-04
 4.54887e+10	0.00e+00	6.93e-39	1.18e-28	3.87e-19	2.61e-10	6.06e-01	3.93e-01	1.54e-04
 7.72350e+10	0.00e+00	0.00e+00	1.54e-28	4.68e-19	2.92e-10	6.26e-01	3.74e-01	1.35e-04
 1.10251e+11	0.00e+00	1.39e-38	2.01e-28	5.66e-19	3.26e-10	6.46e-01	3.54e-01	1.18e-04
 1.40707e+11	0.00e+00	0.00e+00	2.55e-28	6.68e-19	3.59e-10	6.62e-01	3.37e-01	1.05e-04
 1.67027e+11	0.00e+00	2.45e-38	3.11e-28	7.68e-19	3.89e-10	6.76e-01	3.24e-01	9.48e-05
 1.96228e+11	0.00e+00	0.00e+00	3.85e-28	8.91e-19	4.23e-10	6.91e-01	3.09e-01	8.49e-05
 2.31952e+11	0.00e+00	4.46e-38	4.94e-28	1.06e-18	4.67e-10	7.08e-01	2.92e-01	7.45e-05
 2.68156e+11	0.00e+00	0.00e+00	6.31e-28	1.26e-18	5.14e-10	7.24e-01	2.76e-01	6.54e-05
 3.00720e+11	0.00e+00	8.06e-38	7.78e-28	1.46e-18	5.59e-10	7.37e-01	2.63e-01	5.84e-05
 3.36547e+11	0.00e+00	0.00e+00	9.74e-28	1.70e-18	6.10e-10	7.51e-01	2.49e-01	5.17e-05
 3.78896e+11	0.00e+00	1.50e-37	1.26e-27	2.03e-18	6.73e-10	7.66e-01	2.34e-01	4.49e-05
 4.20656e+11	0.00e+00	0.00e+00	1.60e-27	2.40e-18	7.38e-10	7.80e-01	2.20e-01	3.92e-05
 4.59100e+11	0.00e+00	2.72e-37	1.98e-27	2.78e-18	8.00e-10	7.92e-01	2.08e-01	3.47e-05
 5.02299e+11	0.00e+00	0.00e+00	2.49e-27	3.26e-18	8.74e-10	8.04e-01	1.96e-01	3.04e-05
 5.52214e+11	0.00e+00	5.16e-37	3.22e-27	3.90e-18	9.62e-10	8.17e-01	1.83e-01	2.62e-05
 6.01189e+11	0.00e+00	0.00e+00	4.10e-27	4.60e-18	1.05e-09	8.29e-01	1.71e-01	2.27e-05
 6.52123e+11	0.00e+00	9.73e-37	5.22e-27	5.43e-18	1.15e-09	8.40e-01	1.60e-01	1.97e-05
 7.08134e+11	0.00e+00	0.00e+00	6.75e-27	6.47e-18	1.27e-09	8.51e-01	1.49e-01	1.69e-05
 7.64573e+11	0.00e+00	1.88e-36	8.64e-27	7.67e-18	1.39e-09	8.61e-01	1.39e-01	1.46e-05
 8.23268e+11	6.68e-47	2.61e-36	1.11e-26	9.08e-18	1.52e-09	8.71e-01	1.29e-01	1.25e-05
 8.86126e+11	0.00e+00	0.00e+00	1.43e-26	1.08e-17	1.66e-09	8.80e-01	1.20e-01	1.07e-05
 9.51498e+11	0.00e+00	5.10e-36	1.84e-26	1.29e-17	1.83e-09	8.89e-01	1.11e-01	9.15e-06
 1.01948e+12	2.33e-46	7.12e-36	2.37e-26	1.53e-17	2.00e-09	8.97e-01	1.03e-01	7.81e-06
 1.09019e+12	0.00e+00	0.00e+00	3.06e-26	1.82e-17	2.19e-09	9.05e-01	9.53e-02	6.66e-06
 1.16372e+12	0.00e+00	1.39e-35	3.94e-26	2.16e-17	2.40e-09	9.12e-01	8.81e-02	5.68e-06
 1.24020e+12	8.11e-46	1.94e-35	5.08e-26	2.57e-17	2.62e-09	9.19e-01	8.15e-02	4.83e-06
 1.31330e+12	0.00e+00	0.00e+00	6.42e-26	3.01e-17	2.85e-09	9.24e-01	7.57e-02	4.16e-06
 1.37707e+12	0.00e+00	3.43e-35	7.81e-26	3.44e-17	3.06e-09	9.29e-01	7.12e-02	3.67e-06
 1.44531e+12	2.31e-45	4.50e-35	9.60e-26	3.95e-17	3.29e-09	9.33e-01	6.67e-02	3.22e-06
 1.52851e+12	0.00e+00	0.00e+00	1.22e-25	4.66e-17	3.58e-09	9.38e-01	6.18e-02	2.75e-06
 1.61298e+12	0.00e+00	8.47e-35	1.55e-25	5.47e-17	3.89e-09	9.43e-01	5.73e-02	2.36e-06
 1.69018e+12	7.14e-45	1.12e-34	1.91e-25	6.30e-17	4.18e-09	9.46e-01	5.36e-02	2.06e-06
 1.77614e+12	0.00e+00	0.00e+00	2.39e-25	7.35e-17	4.53e-09	9.50e-01	4.98e-02	1.78e-06
 1.87619e+12	0.00e+00	2.10e-34	3.08e-25	8.72e-17	4.95e-09	9.54e-01	4.59e-02	1.51e-06
 1.97567e+12	2.34e-44	2.90e-34	3.93e-25	1.03e-16	5.38e-09	9.58e-01	4.24e-02	1.29e-06
 2.07171e+12	0.00e+00	3.90e-34	4.93e-25	1.20e-16	5.82e-09	9.61e-01	3.94e-02	1.11e-06
 2.17707e+12	5.05e-44	5.36e-34	6.27e-25	1.41e-16	6.33e-09	9.64e-01	3.64e-02	9.46e-07
 2.29408e+12	0.00e+00	7.53e-34	8.11e-25	1.68e-16	6.93e-09	9.67e-01	3.34e-02	0.00e+00
 2.41577e+12	1.18e-43	1.06e-33	1.05e-24	2.00e-16	7.58e-09	9.69e-01	3.07e-02	0.00e+00
 2.54232e+12	0.00e+00	1.49e-33	1.36e-24	2.39e-16	8.29e-09	9.72e-01	2.82e-02	0.00e+00
 2.67394e+12	2.75e-43	2.09e-33	1.76e-24	2.85e-16	9.07e-09	9.74e-01	2.59e-02	0.00e+00
 2.81083e+12	0.00e+00	2.94e-33	2.28e-24	3.40e-16	9.93e-09	9.76e-01	2.37e-02	0.00e+00
 2.93867e+12	6.19e-43	4.01e-33	2.88e-24	3.98e-16	1.08e-08	9.78e-01	2.19e-02	0.00e+00
 3.05166e+12	0.00e+00	5.21e-33	3.52e-24	4.56e-16	1.15e-08	9.80e-01	2.05e-02	0.00e+00
 3.17802e+12	1.23e-42	6.95e-33	4.38e-24	5.29e-16	1.25e-08	9.81e-01	1.90e-02	0.00e+00
 3.32940e+12	0.00e+00	9.66e-33	5.63e-24	6.28e-16	1.36e-08	9.82e-01	1.75e-02	0.00e+00
 3.48225e+12	2.77e-42	1.33e-32	7.19e-24	7.43e-16	1.48e-08	9.84e-01	1.61e-02	0.00e+00
 3.62488e+12	0.00e+00	1.78e-32	8.97e-24	8.64e-16	1.60e-08	9.85e-01	1.49e-02	0.00e+00
 3.78346e+12	5.86e-42	2.44e-32	1.14e-23	1.02e-15	1.74e-08	9.86e-01	1.38e-02	0.00e+00
 3.96472e+12	0.00e+00	3.44e-32	1.48e-23	1.22e-15	1.91e-08	9.87e-01	1.26e-02	0.00e+00
 4.14307e+12	1.35e-41	4.76e-32	1.90e-23	1.44e-15	2.08e-08	9.88e-01	1.16e-02	0.00e+00
 4.32855e+12	0.00e+00	6.61e-32	2.43e-23	1.71e-15	2.27e-08	9.89e-01	1.06e-02	0.00e+00
 4.50985e+12	2.97e-41	8.99e-32	3.08e-23	2.01e-15	2.47e-08	9.90e-01	9.81e-03	0.00e+00
 4.66408e+12	0.00e+00	1.16e-31	3.74e-23	2.30e-15	2.64e-08	9.91e-01	9.17e-03	0.00e+00
 4.83076e+12	5.65e-41	1.51e-31	4.59e-23	2.64e-15	2.84e-08	9.91e-01	8.55e-03	0.00e+00
 5.03843e+12	0.00e+00	2.08e-31	5.86e-23	3.13e-15	3.10e-08	9.92e-01	7.85e-03	0.00e+00
 5.25134e+12	1.25e-40	2.86e-31	7.48e-23	3.70e-15	3.38e-08	9.93e-01	7.22e-03	0.00e+00
 5.44013e+12	0.00e+00	3.75e-31	9.21e-23	4.28e-15	3.64e-08	9.93e-01	6.71e-03	0.00e+00
 5.64564e+12	2.48e-40	4.99e-31	1.15e-22	4.98e-15	3.94e-08	9.94e-01	6.21e-03	0.00e+00
 5.89199e+12	0.00e+00	6.95e-31	1.48e-22	5.94e-15	4.32e-08	9.94e-01	5.68e-03	0.00e+00
 6.13784e+12	5.53e-40	9.54e-31	1.89e-22	7.05e-15	4.71e-08	9.95e-01	5.21e-03	0.00e+00
 6.36234e+12	0.00e+00	1.26e-30	2.34e-22	8.19e-15	5.10e-08	9.95e-01	4.83e-03	0.00e+00
 6.61269e+12	1.13e-39	1.70e-30	2.96e-22	9.63e-15	5.54e-08	9.96e-01	4.45e-03	0.00e+00
 6.90424e+12	0.00e+00	2.39e-30	3.84e-22	1.16e-14	6.10e-08	9.96e-01	4.05e-03	0.00e+00
 7.19158e+12	2.54e-39	3.28e-30	4.92e-22	1.37e-14	6.68e-08	9.96e-01	3.71e-03	0.00e+00
 7.46430e+12	0.00e+00	4.39e-30	6.16e-22	1.61e-14	7.26e-08	9.97e-01	3.42e-03	0.00e+00
 7.76669e+12	5.32e-39	5.99e-30	7.85e-22	1.91e-14	7.93e-08	9.97e-01	3.13e-03	0.00e+00
 8.09722e+12	0.00e+00	8.29e-30	1.01e-21	2.29e-14	8.72e-08	9.97e-01	2.86e-03	0.00e+00
 8.41500e+12	1.15e-38	1.12e-29	1.28e-21	2.70e-14	9.52e-08	9.97e-01	2.62e-03	0.00e+00
 8.75556e+12	0.00e+00	1.53e-29	1.63e-21	3.21e-14	1.04e-07	9.98e-01	2.40e-03	0.00e+00
 9.13571e+12	2.50e-38	2.12e-29	2.11e-21	3.86e-14	1.15e-07	9.98e-01	2.18e-03	0.00e+00
 9.51489e+12	0.00e+00	2.91e-29	2.70e-21	4.60e-14	1.26e-07	9.98e-01	1.99e-03	0.00e+00
 9.84907e+12	5.08e-38	3.80e-29	3.34e-21	5.35e-14	1.37e-07	9.98e-01	1.84e-03	0.00e+00
 1.01418e+13	0.00e+00	4.76e-29	3.98e-21	6.08e-14	1.46e-07	9.98e-01	1.72e-03	0.00e+00
 1.04729e+13	9.02e-38	6.08e-29	4.84e-21	6.99e-14	1.58e-07	9.98e-01	1.60e-03	0.00e+00
 1.08882e+13	0.00e+00	8.19e-29	6.12e-21	8.28e-14	1.73e-07	9.99e-01	1.47e-03	0.00e+00
 1.13136e+13	1.84e-37	1.10e-28	7.71e-21	9.79e-14	1.89e-07	9.99e-01	1.34e-03	0.00e+00
 1.16684e+13	0.00e+00	1.39e-28	9.28e-21	1.12e-13	2.03e-07	9.99e-01	1.25e-03	0.00e+00
 1.20307e+13	3.23e-37	1.75e-28	1.11e-20	1.28e-13	2.18e-07	9.99e-01	1.17e-03	0.00e+00
 1.24951e+13	0.00e+00	2.32e-28	1.40e-20	1.50e-13	2.38e-07	9.99e-01	1.07e-03	0.00e+00
 1.29765e+13	6.43e-37	3.08e-28	1.75e-20	1.77e-13	2.60e-07	9.99e-01	9.82e-04	0.00e+00
 1.33913e+13	0.00e+00	3.90e-28	2.11e-20	2.03e-13	2.79e-07	9.99e-01	9.15e-04	0.00e+00
 1.38352e+13	1.15e-36	4.97e-28	2.56e-20	2.33e-13	3.01e-07	9.99e-01	8.50e-04	0.00e+00
 1.43828e+13	0.00e+00	6.63e-28	3.21e-20	2.75e-13	3.29e-07	9.99e-01	7.79e-04	0.00e+00
 1.49453e+13	2.29e-36	8.81e-28	4.03e-20	3.24e-13	3.59e-07	9.99e-01	7.14e-04	0.00e+00
 1.54550e+13	0.00e+00	1.13e-27	4.90e-20	3.73e-13	3.88e-07	9.99e-01	6.63e-04	0.00e+00
 1.60156e+13	4.26e-36	1.47e-27	6.03e-20	4.34e-13	4.20e-07	9.99e-01	6.12e-04	0.00e+00
 1.66741e+13	0.00e+00	1.98e-27	7.63e-20	5.14e-13	4.60e-07	9.99e-01	5.60e-04	0.00e+00
 1.73222e+13	8.58e-36	2.62e-27	9.53e-20	6.03e-13	5.01e-07	9.99e-01	5.14e-04	0.00e+00
 1.79246e+13	0.00e+00	3.37e-27	1.16e-19	6.96e-13	5.41e-07	1.00e+00	4.77e-04	0.00e+00
 1.85998e+13	1.62e-35	4.42e-27	1.44e-19	8.11e-13	5.88e-07	1.00e+00	4.40e-04	0.00e+00
 1.93737e+13	0.00e+00	5.97e-27	1.82e-19	9.61e-13	6.43e-07	1.00e+00	4.02e-04	0.00e+00
 2.01361e+13	3.30e-35	7.94e-27	2.28e-19	1.13e-12	7.01e-07	1.00e+00	3.70e-04	0.00e+00
 2.08069e+13	0.00e+00	1.01e-26	2.76e-19	1.29e-12	7.53e-07	1.00e+00	3.44e-04	0.00e+00
 2.13810e+13	5.66e-35	1.24e-26	3.23e-19	1.44e-12	7.99e-07	1.00e+00	3.25e-04	0.00e+00
 2.20041e+13	0.00e+00	1.53e-26	3.81e-19	1.62e-12	8.51e-07	1.00e+00	3.05e-04	0.00e+00
 2.28141e+13	1.02e-34	2.00e-26	4.70e-19	1.88e-12	9.20e-07	1.00e+00	2.82e-04	0.00e+00
 2.36572e+13	0.00e+00	2.61e-26	5.79e-19	2.19e-12	9.96e-07	1.00e+00	2.61e-04	0.00e+00
 2.43713e+13	1.84e-34	3.25e-26	6.88e-19	2.47e-12	1.06e-06	1.00e+00	2.45e-04	0.00e+00
 2.51278e+13	2.44e-34	4.08e-26	8.21e-19	2.80e-12	1.13e-06	1.00e+00	2.30e-04	0.00e+00
 2.60814e+13	3.41e-34	5.38e-26	1.02e-18	3.26e-12	1.23e-06	1.00e+00	2.12e-04	0.00e+00
 2.70696e+13	4.78e-34	7.09e-26	1.26e-18	3.79e-12	1.33e-06	1.00e+00	1.96e-04	0.00e+00
 2.79475e+13	6.40e-34	8.99e-26	1.52e-18	4.31e-12	1.43e-06	1.00e+00	1.83e-04	0.00e+00
 2.89037e+13	8.70e-34	1.16e-25	1.85e-18	4.94e-12	1.53e-06	1.00e+00	1.70e-04	0.00e+00
 2.99663e+13	1.21e-33	1.51e-25	2.28e-18	5.73e-12	1.66e-06	1.00e+00	1.58e-04	0.00e+00
 3.09561e+13	1.63e-33	1.93e-25	2.75e-18	6.53e-12	1.78e-06	1.00e+00	1.47e-04	0.00e+00
 3.20317e+13	2.23e-33	2.49e-25	3.35e-18	7.50e-12	1.91e-06	1.00e+00	1.37e-04	0.00e+00
 3.32276e+13	3.11e-33	3.27e-25	4.14e-18	8.70e-12	2.06e-06	1.00e+00	1.27e-04	0.00e+00
 3.43430e+13	4.23e-33	4.19e-25	5.02e-18	9.94e-12	2.21e-06	1.00e+00	1.18e-04	0.00e+00
 3.55565e+13	5.82e-33	5.43e-25	6.13e-18	1.14e-11	2.38e-06	1.00e+00	1.10e-04	0.00e+00
 3.69093e+13	8.19e-33	7.18e-25	7.62e-18	1.33e-11	2.58e-06	1.00e+00	1.02e-04	0.00e+00
 3.81789e+13	1.12e-32	9.27e-25	9.27e-18	1.53e-11	2.77e-06	1.00e+00	9.48e-05	0.00e+00
 3.95649e+13	1.56e-32	1.21e-24	1.14e-17	1.76e-11	2.99e-06	1.00e+00	8.79e-05	0.00e+00
 4.11123e+13	2.22e-32	1.62e-24	1.43e-17	2.06e-11	3.24e-06	1.00e+00	8.11e-05	0.00e+00
 4.25698e+13	3.07e-32	2.10e-24	1.75e-17	2.37e-11	3.49e-06	1.00e+00	7.54e-05	0.00e+00
 4.41434e+13	4.31e-32	2.77e-24	2.16e-17	2.74e-11	3.76e-06	1.00e+00	6.99e-05	0.00e+00
 4.59010e+13	6.18e-32	3.72e-24	2.71e-17	3.21e-11	4.09e-06	1.00e+00	6.44e-05	0.00e+00
 4.75958e+13	8.68e-32	4.89e-24	3.35e-17	3.71e-11	4.41e-06	1.00e+00	5.98e-05	0.00e+00
 4.93966e+13	1.23e-31	6.49e-24	4.16e-17	4.31e-11	4.76e-06	1.00e+00	5.53e-05	0.00e+00
 5.14024e+13	1.78e-31	8.77e-24	5.24e-17	5.06e-11	5.18e-06	1.00e+00	5.09e-05	0.00e+00
 5.34144e+13	2.56e-31	1.18e-23	6.56e-17	5.91e-11	5.61e-06	1.00e+00	4.70e-05	0.00e+00
 5.55069e+13	3.68e-31	1.58e-23	8.22e-17	6.89e-11	6.07e-06	1.00e+00	4.34e-05	0.00e+00
 5.77571e+13	5.34e-31	2.14e-23	1.04e-16	8.08e-11	6.60e-06	1.00e+00	4.00e-05	0.00e+00
 5.98873e+13	7.53e-31	2.82e-23	1.28e-16	9.35e-11	7.11e-06	1.00e+00	3.71e-05	0.00e+00
 6.16364e+13	9.88e-31	3.51e-23	1.52e-16	1.05e-10	7.55e-06	1.00e+00	3.50e-05	0.00e+00
 6.33981e+13	1.29e-30	4.36e-23	1.79e-16	1.17e-10	8.00e-06	1.00e+00	3.30e-05	0.00e+00
 6.56883e+13	1.81e-30	5.73e-23	2.21e-16	1.35e-10	8.61e-06	1.00e+00	3.07e-05	0.00e+00
 6.80695e+13	2.54e-30	7.54e-23	2.72e-16	1.56e-10	9.26e-06	1.00e+00	2.85e-05	0.00e+00
 7.00822e+13	3.37e-30	9.45e-23	3.23e-16	1.75e-10	9.83e-06	1.00e+00	2.69e-05	0.00e+00
 7.22119e+13	4.49e-30	1.19e-22	3.85e-16	1.98e-10	1.04e-05	1.00e+00	2.53e-05	0.00e+00
 7.48989e+13	6.38e-30	1.58e-22	4.78e-16	2.29e-10	1.13e-05	1.00e+00	2.35e-05	0.00e+00
 7.76600e+13	9.04e-30	2.09e-22	5.91e-16	2.65e-10	1.21e-05	1.00e+00	2.18e-05	0.00e+00
 8.00597e+13	1.21e-29	2.66e-22	7.08e-16	2.99e-10	1.29e-05	1.00e+00	2.05e-05	0.00e+00
 8.26403e+13	1.65e-29	3.40e-22	8.54e-16	3.39e-10	1.37e-05	1.00e+00	1.92e-05	0.00e+00
 8.57958e+13	2.38e-29	4.56e-22	1.07e-15	3.94e-10	1.48e-05	1.00e+00	1.78e-05	0.00e+00
 8.89568e+13	3.38e-29	6.05e-22	1.32e-15	4.55e-10	1.60e-05	1.00e+00	1.66e-05	0.00e+00
 9.17517e+13	4.58e-29	7.71e-22	1.59e-15	5.14e-10	1.70e-05	1.00e+00	1.56e-05	0.00e+00
 9.48125e+13	6.31e-29	9.98e-22	1.93e-15	5.86e-10	1.81e-05	1.00e+00	1.46e-05	0.00e+00
 9.84883e+13	9.15e-29	1.35e-21	2.41e-15	6.82e-10	1.96e-05	1.00e+00	1.35e-05	0.00e+00
 1.02154e+14	1.31e-28	1.79e-21	3.00e-15	7.89e-10	2.11e-05	1.00e+00	1.26e-05	0.00e+00
 1.05486e+14	1.80e-28	2.31e-21	3.63e-15	8.96e-10	2.25e-05	1.00e+00	1.18e-05	0.00e+00
 1.09196e+14	2.53e-28	3.04e-21	4.45e-15	1.03e-09	2.41e-05	1.00e+00	1.10e-05	0.00e+00
 1.13533e+14	3.71e-28	4.13e-21	5.61e-15	1.20e-09	2.60e-05	1.00e+00	1.02e-05	0.00e+00
 1.17807e+14	5.34e-28	5.53e-21	6.99e-15	1.39e-09	2.80e-05	1.00e+00	9.44e-06	0.00e+00
 1.21834e+14	7.44e-28	7.22e-21	8.54e-15	1.59e-09	3.00e-05	1.00e+00	8.83e-06	0.00e+00
 1.26319e+14	1.06e-27	9.61e-21	1.06e-14	1.84e-09	3.22e-05	1.00e+00	8.21e-06	0.00e+00
 1.31402e+14	1.57e-27	1.31e-20	1.34e-14	2.15e-09	3.49e-05	1.00e+00	7.59e-06	0.00e+00
 1.36484e+14	2.29e-27	1.77e-20	1.68e-14	2.50e-09	3.76e-05	1.00e+00	7.04e-06	0.00e+00
 1.41769e+14	3.33e-27	2.40e-20	2.11e-14	2.91e-09	4.06e-05	1.00e+00	6.52e-06	0.00e+00
 1.47470e+14	4.91e-27	3.27e-20	2.66e-14	3.40e-09	4.39e-05	1.00e+00	6.03e-06	0.00e+00
 1.52929e+14	7.03e-27	4.36e-20	3.31e-14	3.93e-09	4.72e-05	1.00e+00	5.60e-06	0.00e+00
 1.57447e+14	9.38e-27	5.50e-20	3.93e-14	4.42e-09	5.01e-05	1.00e+00	5.28e-06	0.00e+00
 1.61966e+14	1.24e-26	6.87e-20	4.65e-14	4.95e-09	5.30e-05	1.00e+00	4.99e-06	0.00e+00
 1.67826e+14	1.76e-26	9.10e-20	5.75e-14	5.70e-09	5.69e-05	1.00e+00	4.65e-06	0.00e+00
 1.73877e+14	2.49e-26	1.20e-19	7.10e-14	6.57e-09	6.11e-05	1.00e+00	4.33e-06	0.00e+00
 1.78957e+14	3.30e-26	1.51e-19	8.43e-14	7.37e-09	6.48e-05	1.00e+00	4.08e-06	0.00e+00
 1.84328e+14	4.41e-26	1.91e-19	1.00e-13	8.29e-09	6.88e-05	1.00e+00	3.85e-06	0.00e+00
 1.91125e+14	6.29e-26	2.53e-19	1.25e-13	9.59e-09	7.40e-05	1.00e+00	3.57e-06	0.00e+00
 1.98209e+14	8.99e-26	3.38e-19	1.55e-13	1.11e-08	7.97e-05	1.00e+00	3.32e-06	0.00e+00
 2.04525e+14	1.22e-25	4.32e-19	1.87e-13	1.26e-08	8.49e-05	1.00e+00	3.12e-06	0.00e+00
 2.11412e+14	1.69e-25	5.60e-19	2.27e-13	1.44e-08	9.09e-05	1.00e+00	2.91e-06	0.00e+00
 2.19084e+14	2.39e-25	7.41e-19	2.81e-13	1.66e-08	9.77e-05	1.00e+00	2.71e-06	0.00e+00
 2.26246e+14	3.27e-25	9.53e-19	3.40e-13	1.89e-08	1.04e-04	1.00e+00	2.54e-06	0.00e+00
 2.34026e+14	4.53e-25	1.24e-18	4.16e-13	2.16e-08	1.12e-04	1.00e+00	2.37e-06	0.00e+00
 2.42661e+14	6.44e-25	1.65e-18	5.16e-13	2.50e-08	1.21e-04	1.00e+00	2.20e-06	0.00e+00
 2.50683e+14	8.83e-25	2.12e-18	6.25e-13	2.85e-08	1.29e-04	1.00e+00	2.05e-06	0.00e+00
 2.59387e+14	1.23e-24	2.77e-18	7.66e-13	3.27e-08	1.38e-04	1.00e+00	1.92e-06	0.00e+00
 2.69082e+14	1.75e-24	3.69e-18	9.52e-13	3.79e-08	1.49e-04	1.00e+00	1.78e-06	0.00e+00
 2.78150e+14	2.41e-24	4.77e-18	1.16e-12	4.33e-08	1.60e-04	1.00e+00	1.66e-06	0.00e+00
 2.88024e+14	3.36e-24	6.26e-18	1.42e-12	4.98e-08	1.72e-04	1.00e+00	1.54e-06	0.00e+00
 2.99025e+14	4.82e-24	8.37e-18	1.78e-12	5.79e-08	1.85e-04	1.00e+00	1.43e-06	0.00e+00
 3.09329e+14	6.68e-24	1.09e-17	2.17e-12	6.64e-08	1.99e-04	1.00e+00	1.33e-06	0.00e+00
 3.20512e+14	9.38e-24	1.43e-17	2.68e-12	7.66e-08	2.14e-04	1.00e+00	1.24e-06	0.00e+00
 3.32997e+14	1.35e-23	1.93e-17	3.36e-12	8.94e-08	2.32e-04	1.00e+00	1.14e-06	0.00e+00
 3.44842e+14	1.89e-23	2.53e-17	4.14e-12	1.03e-07	2.49e-04	1.00e+00	1.06e-06	0.00e+00
 3.57525e+14	2.67e-23	3.34e-17	5.12e-12	1.19e-07	2.69e-04	1.00e+00	9.86e-07	0.00e+00
 3.71856e+14	3.89e-23	4.53e-17	6.46e-12	1.39e-07	2.91e-04	1.00e+00	0.00e+00	0.00e+00
 3.85977e+14	5.56e-23	6.04e-17	8.06e-12	1.62e-07	3.15e-04	1.00e+00	0.00e+00	0.00e+00
 3.98812e+14	7.59e-23	7.78e-17	9.77e-12	1.85e-07	3.37e-04	1.00e+00	0.00e+00	0.00e+00
 4.12657e+14	1.05e-22	1.01e-16	1.20e-11	2.12e-07	3.62e-04	1.00e+00	0.00e+00	0.00e+00
 4.28907e+14	1.52e-22	1.37e-16	1.50e-11	2.48e-07	3.92e-04	1.00e+00	0.00e+00	0.00e+00
 4.44795e+14	2.16e-22	1.81e-16	1.86e-11	2.87e-07	4.22e-04	1.00e+00	0.00e+00	0.00e+00
 4.57864e+14	2.85e-22	2.27e-16	2.21e-11	3.22e-07	4.49e-04	1.00e+00	0.00e+00	0.00e+00
 4.68990e+14	3.59e-22	2.73e-16	2.55e-11	3.55e-07	4.71e-04	1.00e+00	0.00e+00	0.00e+00
 4.81686e+14	4.63e-22	3.36e-16	2.99e-11	3.95e-07	4.98e-04	1.00e+00	0.00e+00	0.00e+00
 4.98191e+14	6.41e-22	4.36e-16	3.64e-11	4.52e-07	5.34e-04	9.99e-01	0.00e+00	0.00e+00
 5.15633e+14	8.91e-22	5.70e-16	4.47e-11	5.19e-07	5.74e-04	9.99e-01	0.00e+00	0.00e+00
 5.30768e+14	1.18e-21	7.15e-16	5.30e-11	5.83e-07	6.08e-04	9.99e-01	0.00e+00	0.00e+00
 5.46918e+14	1.57e-21	9.01e-16	6.33e-11	6.58e-07	6.48e-04	9.99e-01	0.00e+00	0.00e+00
 5.67182e+14	2.23e-21	1.20e-15	7.85e-11	7.61e-07	6.98e-04	9.99e-01	0.00e+00	0.00e+00
 5.87982e+14	3.15e-21	1.58e-15	9.72e-11	8.80e-07	7.52e-04	9.99e-01	0.00e+00	0.00e+00
 6.06214e+14	4.25e-21	2.01e-15	1.17e-10	9.94e-07	8.00e-04	9.99e-01	0.00e+00	0.00e+00
 6.25921e+14	5.76e-21	2.57e-15	1.41e-10	1.13e-06	8.55e-04	9.99e-01	0.00e+00	0.00e+00
 6.49816e+14	8.26e-21	3.44e-15	1.76e-10	1.31e-06	9.24e-04	9.99e-01	0.00e+00	0.00e+00
 6.73620e+14	1.17e-20	4.55e-15	2.17e-10	1.52e-06	9.95e-04	9.99e-01	0.00e+00	0.00e+00
 6.94737e+14	1.57e-20	5.79e-15	2.61e-10	1.72e-06	1.06e-03	9.99e-01	0.00e+00	0.00e+00
 7.17898e+14	2.15e-20	7.46e-15	3.17e-10	1.96e-06	1.13e-03	9.99e-01	0.00e+00	0.00e+00
 7.45624e+14	3.10e-20	1.00e-14	3.96e-10	2.28e-06	1.23e-03	9.99e-01	0.00e+00	0.00e+00
 7.73191e+14	4.38e-20	1.32e-14	4.91e-10	2.64e-06	1.32e-03	9.99e-01	0.00e+00	0.00e+00
 7.98230e+14	5.95e-20	1.70e-14	5.93e-10	3.00e-06	1.41e-03	9.99e-01	0.00e+00	0.00e+00
 8.26075e+14	8.24e-20	2.21e-14	7.26e-10	3.44e-06	1.52e-03	9.98e-01	0.00e+00	0.00e+00
 8.58665e+14	1.19e-19	2.97e-14	9.12e-10	4.02e-06	1.64e-03	9.98e-01	0.00e+00	0.00e+00
 8.90809e+14	1.68e-19	3.94e-14	1.13e-09	4.66e-06	1.77e-03	9.98e-01	0.00e+00	0.00e+00
 9.21050e+14	2.31e-19	5.10e-14	1.38e-09	5.33e-06	1.90e-03	9.98e-01	0.00e+00	0.00e+00
 9.54733e+14	3.23e-19	6.70e-14	1.70e-09	6.17e-06	2.05e-03	9.98e-01	0.00e+00	0.00e+00
 9.92953e+14	4.66e-19	9.03e-14	2.15e-09	7.22e-06	2.23e-03	9.98e-01	0.00e+00	0.00e+00
 1.02511e+15	6.26e-19	1.15e-13	2.59e-09	8.21e-06	2.39e-03	9.98e-01	0.00e+00	0.00e+00
 1.04835e+15	7.71e-19	1.36e-13	2.95e-09	8.99e-06	2.50e-03	9.97e-01	0.00e+00	0.00e+00
 1.07265e+15	9.54e-19	1.62e-13	3.38e-09	9.86e-06	2.63e-03	9.97e-01	0.00e+00	0.00e+00
 1.10424e+15	1.24e-18	2.01e-13	4.00e-09	1.11e-05	2.79e-03	9.97e-01	0.00e+00	0.00e+00
 1.13924e+15	1.65e-18	2.54e-13	4.80e-09	1.26e-05	2.99e-03	9.97e-01	0.00e+00	0.00e+00
 1.17180e+15	2.13e-18	3.13e-13	5.66e-09	1.41e-05	3.18e-03	9.97e-01	0.00e+00	0.00e+00
 1.20725e+15	2.78e-18	3.91e-13	6.74e-09	1.59e-05	3.39e-03	9.97e-01	0.00e+00	0.00e+00
 1.24698e+15	3.72e-18	4.97e-13	8.13e-09	1.81e-05	3.64e-03	9.96e-01	0.00e+00	0.00e+00
 1.28460e+15	4.84e-18	6.17e-13	9.67e-09	2.04e-05	3.88e-03	9.96e-01	0.00e+00	0.00e+00
 1.32583e+15	6.41e-18	7.79e-13	1.16e-08	2.32e-05	4.16e-03	9.96e-01	0.00e+00	0.00e+00
 1.37190e+15	8.65e-18	9.99e-13	1.42e-08	2.67e-05	4.49e-03	9.95e-01	0.00e+00	0.00e+00
 1.41545e+15	1.13e-17	1.25e-12	1.70e-08	3.03e-05	4.81e-03	9.95e-01	0.00e+00	0.00e+00
 1.46323e+15	1.51e-17	1.59e-12	2.06e-08	3.47e-05	5.18e-03	9.95e-01	0.00e+00	0.00e+00
 1.51697e+15	2.06e-17	2.06e-12	2.54e-08	4.01e-05	5.62e-03	9.94e-01	0.00e+00	0.00e+00
 1.56777e+15	2.72e-17	2.61e-12	3.07e-08	4.58e-05	6.05e-03	9.94e-01	0.00e+00	0.00e+00
 1.62314e+15	3.66e-17	3.35e-12	3.75e-08	5.28e-05	6.55e-03	9.93e-01	0.00e+00	0.00e+00
 1.68460e+15	5.01e-17	4.36e-12	4.65e-08	6.13e-05	7.12e-03	9.93e-01	0.00e+00	0.00e+00
 1.74156e+15	6.63e-17	5.52e-12	5.64e-08	7.02e-05	7.68e-03	9.92e-01	0.00e+00	0.00e+00
 1.80321e+15	8.86e-17	7.06e-12	6.89e-08	8.08e-05	8.32e-03	9.92e-01	0.00e+00	0.00e+00
 1.87243e+15	1.21e-16	9.21e-12	8.57e-08	9.41e-05	9.06e-03	9.91e-01	0.00e+00	0.00e+00
 1.93778e+15	1.92e-16	1.17e-11	1.05e-07	1.08e-04	9.80e-03	9.90e-01	0.00e+00	0.00e+00
 2.00817e+15	2.59e-16	1.51e-11	1.29e-07	1.25e-04	1.06e-02	9.89e-01	0.00e+00	0.00e+00
 2.08657e+15	3.57e-16	1.98e-11	1.61e-07	1.46e-04	1.16e-02	9.88e-01	0.00e+00	0.00e+00
 2.16146e+15	4.79e-16	2.53e-11	1.98e-07	1.68e-04	1.26e-02	9.87e-01	0.00e+00	0.00e+00
 2.24129e+15	6.48e-16	3.27e-11	2.44e-07	1.95e-04	1.37e-02	9.86e-01	0.00e+00	0.00e+00
 2.31595e+15	8.50e-16	4.12e-11	2.96e-07	2.22e-04	1.48e-02	9.85e-01	0.00e+00	0.00e+00
 2.37075e+15	1.03e-15	4.86e-11	3.39e-07	2.44e-04	1.56e-02	9.84e-01	0.00e+00	0.00e+00
 2.42619e+15	1.25e-15	5.73e-11	3.88e-07	2.68e-04	1.64e-02	9.83e-01	0.00e+00	0.00e+00
 2.49826e+15	1.60e-15	7.05e-11	4.62e-07	3.02e-04	1.76e-02	9.82e-01	0.00e+00	0.00e+00
 2.57630e+15	2.06e-15	8.78e-11	5.54e-07	3.42e-04	1.89e-02	9.81e-01	0.00e+00	0.00e+00
 2.64657e+15	2.57e-15	1.06e-10	6.48e-07	3.80e-04	2.01e-02	9.80e-01	0.00e+00	0.00e+00
 2.72237e+15	3.25e-15	1.30e-10	7.66e-07	4.26e-04	2.14e-02	9.78e-01	0.00e+00	0.00e+00
 2.82054e+15	4.39e-15	1.68e-10	9.47e-07	4.92e-04	2.32e-02	9.76e-01	0.00e+00	0.00e+00
 2.91953e+15	5.84e-15	2.15e-10	1.16e-06	5.66e-04	2.51e-02	9.74e-01	0.00e+00	0.00e+00
 2.99967e+15	7.31e-15	2.61e-10	1.37e-06	6.31e-04	2.67e-02	9.73e-01	0.00e+00	0.00e+00
 3.08354e+15	9.22e-15	3.18e-10	1.61e-06	7.05e-04	2.85e-02	9.71e-01	0.00e+00	0.00e+00
 3.19257e+15	1.24e-14	4.10e-10	1.99e-06	8.11e-04	3.08e-02	9.68e-01	0.00e+00	0.00e+00
 3.30845e+15	1.67e-14	5.31e-10	2.46e-06	9.37e-04	3.34e-02	9.66e-01	0.00e+00	0.00e+00
 3.41072e+15	2.16e-14	6.63e-10	2.96e-06	1.06e-03	3.58e-02	9.63e-01	0.00e+00	0.00e+00
 3.52115e+15	2.83e-14	8.38e-10	3.58e-06	1.20e-03	3.85e-02	9.60e-01	0.00e+00	0.00e+00
 3.65526e+15	3.90e-14	1.10e-09	4.49e-06	1.40e-03	4.19e-02	9.57e-01	0.00e+00	0.00e+00
 3.79010e+15	5.30e-14	1.44e-09	5.60e-06	1.62e-03	4.55e-02	9.53e-01	0.00e+00	0.00e+00
 3.91147e+15	6.91e-14	1.81e-09	6.77e-06	1.84e-03	4.88e-02	9.49e-01	0.00e+00	0.00e+00
 4.04536e+15	9.25e-14	2.33e-09	8.31e-06	2.11e-03	5.26e-02	9.45e-01	0.00e+00	0.00e+00
 4.20348e+15	1.29e-13	3.11e-09	1.05e-05	2.46e-03	5.73e-02	9.40e-01	0.00e+00	0.00e+00
 4.35885e+15	1.76e-13	4.07e-09	1.31e-05	2.85e-03	6.21e-02	9.35e-01	0.00e+00	0.00e+00
 4.50157e+15	2.32e-13	5.17e-09	1.60e-05	3.25e-03	6.67e-02	9.30e-01	0.00e+00	0.00e+00
 4.66207e+15	3.16e-13	6.72e-09	1.98e-05	3.74e-03	7.20e-02	9.24e-01	0.00e+00	0.00e+00
 4.81804e+15	4.19e-13	8.59e-09	2.42e-05	4.27e-03	7.74e-02	9.18e-01	0.00e+00	0.00e+00
 4.93336e+15	5.11e-13	1.02e-08	2.80e-05	4.70e-03	8.16e-02	9.14e-01	0.00e+00	0.00e+00
 5.04853e+15	6.29e-13	1.22e-08	3.23e-05	5.16e-03	8.57e-02	9.09e-01	0.00e+00	0.00e+00
 5.19826e+15	8.13e-13	1.52e-08	3.86e-05	5.80e-03	9.12e-02	9.03e-01	0.00e+00	0.00e+00
 5.36047e+15	1.07e-12	1.92e-08	4.67e-05	6.58e-03	9.75e-02	8.96e-01	0.00e+00	0.00e+00
 5.50529e+15	1.35e-12	2.35e-08	5.50e-05	7.31e-03	1.03e-01	8.89e-01	0.00e+00	0.00e+00
 5.65991e+15	1.73e-12	2.90e-08	6.52e-05	8.18e-03	1.09e-01	8.82e-01	0.00e+00	0.00e+00
 5.86092e+15	2.37e-12	3.80e-08	8.11e-05	9.43e-03	1.18e-01	8.73e-01	0.00e+00	0.00e+00
 6.06441e+15	3.21e-12	4.93e-08	9.99e-05	1.08e-02	1.27e-01	8.62e-01	0.00e+00	0.00e+00
 6.22881e+15	4.06e-12	6.04e-08	1.18e-04	1.20e-02	1.34e-01	8.54e-01	0.00e+00	0.00e+00
 6.40022e+15	5.21e-12	7.46e-08	1.39e-04	1.34e-02	1.42e-01	8.45e-01	0.00e+00	0.00e+00
 6.62304e+15	7.11e-12	9.71e-08	1.72e-04	1.54e-02	1.52e-01	8.33e-01	0.00e+00	0.00e+00
 6.85814e+15	9.74e-12	1.27e-07	2.13e-04	1.77e-02	1.63e-01	8.19e-01	0.00e+00	0.00e+00
 7.06065e+15	1.26e-11	1.58e-07	2.55e-04	1.98e-02	1.73e-01	8.07e-01	0.00e+00	0.00e+00
 7.27539e+15	1.66e-11	2.00e-07	3.07e-04	2.24e-02	1.83e-01	7.94e-01	0.00e+00	0.00e+00
 7.54471e+15	2.33e-11	2.66e-07	3.84e-04	2.59e-02	1.97e-01	7.77e-01	0.00e+00	0.00e+00
 7.81334e+15	3.17e-11	3.46e-07	4.75e-04	2.96e-02	2.10e-01	7.60e-01	0.00e+00	0.00e+00
 8.04280e+15	4.11e-11	4.32e-07	5.68e-04	3.32e-02	2.22e-01	7.44e-01	0.00e+00	0.00e+00
 8.29298e+15	5.47e-11	5.50e-07	6.86e-04	3.75e-02	2.35e-01	7.27e-01	0.00e+00	0.00e+00
 8.56967e+15	7.35e-11	7.06e-07	8.39e-04	4.26e-02	2.49e-01	7.08e-01	0.00e+00	0.00e+00
 8.82662e+15	9.58e-11	8.83e-07	1.00e-03	4.77e-02	2.62e-01	6.90e-01	0.00e+00	0.00e+00
 9.05067e+15	1.20e-10	1.07e-06	1.17e-03	5.25e-02	2.73e-01	6.73e-01	0.00e+00	0.00e+00
 9.28614e+15	1.52e-10	1.31e-06	1.37e-03	5.80e-02	2.85e-01	6.56e-01	0.00e+00	0.00e+00
 9.54146e+15	1.94e-10	1.60e-06	1.61e-03	6.43e-02	2.98e-01	6.36e-01	0.00e+00	0.00e+00
 9.77783e+15	2.42e-10	1.93e-06	1.87e-03	7.05e-02	3.09e-01	6.18e-01	0.00e+00	0.00e+00
 1.00404e+16	3.09e-10	2.38e-06	2.21e-03	7.81e-02	3.22e-01	5.98e-01	0.00e+00	0.00e+00
 1.03230e+16	3.97e-10	2.94e-06	2.62e-03	8.66e-02	3.35e-01	5.76e-01	0.00e+00	0.00e+00
 1.05824e+16	4.97e-10	3.54e-06	3.04e-03	9.50e-02	3.47e-01	5.55e-01	0.00e+00	0.00e+00
 1.08700e+16	6.39e-10	4.38e-06	3.59e-03	1.05e-01	3.59e-01	5.32e-01	0.00e+00	0.00e+00
 1.11819e+16	8.25e-10	5.43e-06	4.28e-03	1.16e-01	3.72e-01	5.07e-01	0.00e+00	0.00e+00
 1.14714e+16	1.04e-09	6.60e-06	5.00e-03	1.28e-01	3.83e-01	4.84e-01	0.00e+00	0.00e+00
 1.17471e+16	1.29e-09	7.91e-06	5.78e-03	1.39e-01	3.93e-01	4.62e-01	0.00e+00	0.00e+00
 1.20591e+16	1.67e-09	9.78e-06	6.83e-03	1.53e-01	4.03e-01	4.37e-01	0.00e+00	0.00e+00
 1.23908e+16	2.13e-09	1.20e-05	8.08e-03	1.69e-01	4.13e-01	4.11e-01	0.00e+00	0.00e+00
 1.26815e+16	2.64e-09	1.44e-05	9.32e-03	1.83e-01	4.20e-01	3.88e-01	0.00e+00	0.00e+00
 1.29926e+16	3.35e-09	1.75e-05	1.09e-02	1.99e-01	4.26e-01	3.64e-01	0.00e+00	0.00e+00
 1.33323e+16	4.29e-09	2.16e-05	1.29e-02	2.17e-01	4.32e-01	3.38e-01	0.00e+00	0.00e+00
 1.36372e+16	5.32e-09	2.58e-05	1.48e-02	2.35e-01	4.35e-01	3.15e-01	0.00e+00	0.00e+00
 1.39024e+16	6.41e-09	3.01e-05	1.68e-02	2.50e-01	4.37e-01	2.96e-01	0.00e+00	0.00e+00
 1.41880e+16	7.92e-09	3.58e-05	1.92e-02	2.68e-01	4.38e-01	2.75e-01	0.00e+00	0.00e+00
 1.44971e+16	9.91e-09	4.30e-05	2.22e-02	2.88e-01	4.37e-01	2.53e-01	0.00e+00	0.00e+00
 1.47690e+16	1.19e-08	5.01e-05	2.51e-02	3.05e-01	4.35e-01	2.35e-01	0.00e+00	0.00e+00
 1.50131e+16	1.42e-08	5.79e-05	2.81e-02	3.22e-01	4.32e-01	2.18e-01	0.00e+00	0.00e+00
 1.52887e+16	1.75e-08	6.86e-05	3.20e-02	3.41e-01	4.27e-01	2.00e-01	0.00e+00	0.00e+00
 1.55807e+16	2.18e-08	8.18e-05	3.67e-02	3.62e-01	4.20e-01	1.81e-01	0.00e+00	0.00e+00
 1.58290e+16	2.61e-08	9.47e-05	4.11e-02	3.79e-01	4.13e-01	1.67e-01	0.00e+00	0.00e+00
 1.60516e+16	3.07e-08	1.08e-04	4.55e-02	3.95e-01	4.05e-01	1.54e-01	0.00e+00	0.00e+00
 1.63061e+16	3.80e-08	1.28e-04	5.16e-02	4.15e-01	3.95e-01	1.38e-01	0.00e+00	0.00e+00
 1.65732e+16	4.62e-08	1.50e-04	5.83e-02	4.34e-01	3.83e-01	1.24e-01	0.00e+00	0.00e+00
 1.68015e+16	5.60e-08	1.74e-04	6.52e-02	4.51e-01	3.72e-01	1.12e-01	0.00e+00	0.00e+00
 1.70039e+16	6.61e-08	1.99e-04	7.18e-02	4.66e-01	3.61e-01	1.02e-01	0.00e+00	0.00e+00
 1.72275e+16	7.70e-08	2.26e-04	7.99e-02	4.82e-01	3.47e-01	9.12e-02	0.00e+00	0.00e+00
 1.74717e+16	9.45e-08	2.66e-04	9.01e-02	4.99e-01	3.30e-01	8.00e-02	0.00e+00	0.00e+00
 1.76830e+16	1.21e-07	3.18e-04	1.01e-01	5.14e-01	3.15e-01	7.00e-02	0.00e+00	0.00e+00
 1.78513e+16	1.40e-07	3.58e-04	1.10e-01	5.25e-01	3.02e-01	6.30e-02	0.00e+00	0.00e+00
 1.80236e+16	1.67e-07	4.10e-04	1.20e-01	5.36e-01	2.87e-01	5.59e-02	0.00e+00	0.00e+00
 1.82140e+16	1.91e-07	4.58e-04	1.32e-01	5.48e-01	2.71e-01	4.90e-02	0.00e+00	0.00e+00
 1.83918e+16	2.42e-07	5.45e-04	1.46e-01	5.58e-01	2.53e-01	4.21e-02	0.00e+00	0.00e+00
 1.85429e+16	2.70e-07	5.97e-04	1.58e-01	5.65e-01	2.39e-01	3.73e-02	0.00e+00	0.00e+00
 1.86956e+16	3.38e-07	7.03e-04	1.73e-01	5.72e-01	2.23e-01	3.18e-02	0.00e+00	0.00e+00
 1.88420e+16	3.76e-07	7.68e-04	1.86e-01	5.78e-01	2.08e-01	2.78e-02	0.00e+00	0.00e+00
 1.89800e+16	4.44e-07	8.71e-04	2.01e-01	5.82e-01	1.92e-01	2.37e-02	0.00e+00	0.00e+00
 1.91261e+16	5.29e-07	9.92e-04	2.18e-01	5.86e-01	1.76e-01	1.98e-02	0.00e+00	0.00e+00
 1.92478e+16	6.21e-07	1.12e-03	2.33e-01	5.87e-01	1.62e-01	1.68e-02	0.00e+00	0.00e+00
 1.93345e+16	7.32e-07	1.25e-03	2.46e-01	5.87e-01	1.51e-01	1.46e-02	0.00e+00	0.00e+00
 1.93900e+16	7.85e-07	1.32e-03	2.53e-01	5.87e-01	1.44e-01	1.34e-02	0.00e+00	0.00e+00
 1.94414e+16	8.24e-07	1.37e-03	2.60e-01	5.88e-01	1.38e-01	1.24e-02	0.00e+00	0.00e+00
 1.95082e+16	9.33e-07	1.50e-03	2.71e-01	5.87e-01	1.30e-01	1.09e-02	0.00e+00	0.00e+00
 1.95785e+16	9.97e-07	1.58e-03	2.81e-01	5.86e-01	1.22e-01	9.68e-03	0.00e+00	0.00e+00
 1.96534e+16	1.11e-06	1.71e-03	2.93e-01	5.84e-01	1.13e-01	8.34e-03	0.00e+00	0.00e+00
 1.97322e+16	1.25e-06	1.86e-03	3.06e-01	5.82e-01	1.03e-01	7.08e-03	0.00e+00	0.00e+00
 1.97981e+16	1.43e-06	2.04e-03	3.18e-01	5.79e-01	9.53e-02	6.04e-03	0.00e+00	0.00e+00
 1.98500e+16	1.54e-06	2.15e-03	3.26e-01	5.77e-01	8.95e-02	5.37e-03	0.00e+00	0.00e+00
 1.99019e+16	1.68e-06	2.29e-03	3.35e-01	5.74e-01	8.34e-02	4.70e-03	0.00e+00	0.00e+00
 1.99694e+16	1.89e-06	2.49e-03	3.48e-01	5.70e-01	7.57e-02	3.91e-03	0.00e+00	0.00e+00
 2.00392e+16	2.11e-06	2.70e-03	3.60e-01	5.66e-01	6.83e-02	3.22e-03	0.00e+00	0.00e+00
 2.00981e+16	2.26e-06	2.85e-03	3.70e-01	5.62e-01	6.24e-02	2.73e-03	0.00e+00	0.00e+00
 2.01610e+16	2.58e-06	3.12e-03	3.83e-01	5.56e-01	5.58e-02	2.21e-03	0.00e+00	0.00e+00
 2.02257e+16	2.88e-06	3.37e-03	3.94e-01	5.51e-01	4.98e-02	1.79e-03	0.00e+00	0.00e+00
 2.02825e+16	3.17e-06	3.61e-03	4.05e-01	5.45e-01	4.49e-02	1.47e-03	0.00e+00	0.00e+00
 2.03460e+16	3.54e-06	3.90e-03	4.16e-01	5.39e-01	3.96e-02	1.16e-03	0.00e+00	0.00e+00
 2.04172e+16	3.99e-06	4.24e-03	4.29e-01	5.32e-01	3.42e-02	8.86e-04	0.00e+00	0.00e+00
 2.04853e+16	4.49e-06	4.61e-03	4.41e-01	5.24e-01	2.96e-02	6.76e-04	0.00e+00	0.00e+00
 2.05606e+16	5.12e-06	5.05e-03	4.54e-01	5.15e-01	2.50e-02	4.92e-04	0.00e+00	0.00e+00
 2.06434e+16	5.87e-06	5.56e-03	4.68e-01	5.05e-01	2.08e-02	3.47e-04	0.00e+00	0.00e+00
 2.07218e+16	6.69e-06	6.08e-03	4.81e-01	4.95e-01	1.73e-02	2.47e-04	0.00e+00	0.00e+00
 2.08097e+16	7.73e-06	6.73e-03	4.95e-01	4.84e-01	1.40e-02	1.66e-04	0.00e+00	0.00e+00
 2.09238e+16	9.29e-06	7.63e-03	5.13e-01	4.69e-01	1.07e-02	9.88e-05	0.00e+00	0.00e+00
 2.10463e+16	1.13e-05	8.70e-03	5.31e-01	4.52e-01	7.98e-03	5.72e-05	0.00e+00	0.00e+00
 2.11361e+16	1.29e-05	9.57e-03	5.44e-01	4.40e-01	6.52e-03	3.89e-05	0.00e+00	0.00e+00
 2.11944e+16	1.42e-05	1.02e-02	5.52e-01	4.32e-01	5.70e-03	3.01e-05	0.00e+00	0.00e+00
 2.12555e+16	1.56e-05	1.09e-02	5.60e-01	4.24e-01	4.93e-03	2.29e-05	0.00e+00	0.00e+00
 2.13349e+16	1.76e-05	1.18e-02	5.72e-01	4.12e-01	4.09e-03	1.60e-05	0.00e+00	0.00e+00
 2.14381e+16	2.07e-05	1.32e-02	5.86e-01	3.98e-01	3.22e-03	1.02e-05	0.00e+00	0.00e+00
 2.15447e+16	2.44e-05	1.47e-02	6.00e-01	3.82e-01	2.55e-03	6.47e-06	0.00e+00	0.00e+00
 2.16320e+16	2.80e-05	1.62e-02	6.12e-01	3.70e-01	2.11e-03	4.51e-06	0.00e+00	0.00e+00
 2.17215e+16	3.23e-05	1.78e-02	6.24e-01	3.56e-01	1.72e-03	3.08e-06	0.00e+00	0.00e+00
 2.18379e+16	3.89e-05	2.02e-02	6.40e-01	3.39e-01	1.33e-03	1.89e-06	0.00e+00	0.00e+00
 2.19458e+16	4.67e-05	2.28e-02	6.54e-01	3.22e-01	1.06e-03	1.22e-06	0.00e+00	0.00e+00
 2.20160e+16	5.27e-05	2.48e-02	6.63e-01	3.11e-01	9.13e-04	9.27e-07	0.00e+00	0.00e+00
 2.20806e+16	5.89e-05	2.67e-02	6.72e-01	3.01e-01	7.90e-04	0.00e+00	0.00e+00	0.00e+00
 2.21646e+16	6.82e-05	2.95e-02	6.83e-01	2.87e-01	6.55e-04	0.00e+00	0.00e+00	0.00e+00
 2.22535e+16	8.02e-05	3.29e-02	6.94e-01	2.73e-01	5.39e-04	0.00e+00	0.00e+00	0.00e+00
 2.23269e+16	9.19e-05	3.61e-02	7.03e-01	2.60e-01	4.58e-04	0.00e+00	0.00e+00	0.00e+00
 2.23878e+16	1.03e-04	3.91e-02	7.10e-01	2.50e-01	3.99e-04	0.00e+00	0.00e+00	0.00e+00
 2.24542e+16	1.18e-04	4.26e-02	7.18e-01	2.39e-01	3.42e-04	0.00e+00	0.00e+00	0.00e+00
 2.25407e+16	1.39e-04	4.78e-02	7.28e-01	2.24e-01	2.78e-04	0.00e+00	0.00e+00	0.00e+00
 2.26254e+16	1.66e-04	5.38e-02	7.36e-01	2.09e-01	2.28e-04	0.00e+00	0.00e+00	0.00e+00
 2.26861e+16	1.90e-04	5.88e-02	7.42e-01	1.99e-01	1.97e-04	0.00e+00	0.00e+00	0.00e+00
 2.27352e+16	2.11e-04	6.32e-02	7.46e-01	1.90e-01	1.74e-04	0.00e+00	0.00e+00	0.00e+00
 2.27910e+16	2.39e-04	6.86e-02	7.51e-01	1.80e-01	1.51e-04	0.00e+00	0.00e+00	0.00e+00
 2.28635e+16	2.81e-04	7.65e-02	7.55e-01	1.68e-01	1.24e-04	0.00e+00	0.00e+00	0.00e+00
 2.29364e+16	3.34e-04	8.59e-02	7.58e-01	1.55e-01	1.02e-04	0.00e+00	0.00e+00	0.00e+00
 2.29916e+16	3.82e-04	9.41e-02	7.60e-01	1.45e-01	8.76e-05	0.00e+00	0.00e+00	0.00e+00
 2.30366e+16	4.28e-04	1.02e-01	7.60e-01	1.38e-01	7.68e-05	0.00e+00	0.00e+00	0.00e+00
 2.30870e+16	4.86e-04	1.10e-01	7.60e-01	1.29e-01	6.60e-05	0.00e+00	0.00e+00	0.00e+00
 2.31525e+16	5.75e-04	1.23e-01	7.58e-01	1.18e-01	5.39e-05	0.00e+00	0.00e+00	0.00e+00
 2.32179e+16	6.89e-04	1.39e-01	7.54e-01	1.07e-01	4.37e-05	0.00e+00	0.00e+00	0.00e+00
 2.32672e+16	7.91e-04	1.52e-01	7.49e-01	9.85e-02	3.70e-05	0.00e+00	0.00e+00	0.00e+00
 2.33079e+16	8.91e-04	1.64e-01	7.43e-01	9.18e-02	3.21e-05	0.00e+00	0.00e+00	0.00e+00
 2.33536e+16	1.01e-03	1.79e-01	7.36e-01	8.44e-02	2.71e-05	0.00e+00	0.00e+00	0.00e+00
 2.34130e+16	1.21e-03	2.00e-01	7.23e-01	7.51e-02	2.16e-05	0.00e+00	0.00e+00	0.00e+00
 2.34730e+16	1.46e-03	2.26e-01	7.07e-01	6.59e-02	1.69e-05	0.00e+00	0.00e+00	0.00e+00
 2.35193e+16	1.70e-03	2.48e-01	6.91e-01	5.89e-02	1.38e-05	0.00e+00	0.00e+00	0.00e+00
 2.35584e+16	1.94e-03	2.69e-01	6.75e-01	5.32e-02	1.15e-05	0.00e+00	0.00e+00	0.00e+00
 2.36031e+16	2.25e-03	2.95e-01	6.56e-01	4.70e-02	9.30e-06	0.00e+00	0.00e+00	0.00e+00
 2.36611e+16	2.74e-03	3.32e-01	6.25e-01	3.94e-02	6.88e-06	0.00e+00	0.00e+00	0.00e+00
 2.37210e+16	3.41e-03	3.78e-01	5.87e-01	3.19e-02	4.88e-06	0.00e+00	0.00e+00	0.00e+00
 2.37681e+16	4.07e-03	4.19e-01	5.51e-01	2.64e-02	3.61e-06	0.00e+00	0.00e+00	0.00e+00
 2.38063e+16	4.69e-03	4.54e-01	5.19e-01	2.23e-02	2.78e-06	0.00e+00	0.00e+00	0.00e+00
 2.38479e+16	5.50e-03	4.95e-01	4.81e-01	1.82e-02	2.04e-06	0.00e+00	0.00e+00	0.00e+00
 2.38931e+16	6.58e-03	5.43e-01	4.36e-01	1.42e-02	1.41e-06	0.00e+00	0.00e+00	0.00e+00
 2.39319e+16	7.70e-03	5.88e-01	3.93e-01	1.11e-02	9.91e-07	0.00e+00	0.00e+00	0.00e+00
 2.39631e+16	8.80e-03	6.25e-01	3.57e-01	8.98e-03	0.00e+00	0.00e+00	0.00e+00	0.00e+00
 2.39961e+16	1.00e-02	6.63e-01	3.20e-01	7.03e-03	0.00e+00	0.00e+00	0.00e+00	0.00e+00
 2.40327e+16	1.17e-02	7.06e-01	2.77e-01	5.17e-03	0.00e+00	0.00e+00	0.00e+00	0.00e+00
 2.40648e+16	1.34e-02	7.44e-01	2.39e-01	3.80e-03	0.00e+00	0.00e+00	0.00e+00	0.00e+00
 2.40906e+16	1.51e-02	7.74e-01	2.08e-01	2.90e-03	0.00e+00	0.00e+00	0.00e+00	0.00e+00
 2.41138e+16	1.67e-02	7.98e-01	1.83e-01	2.24e-03	0.00e+00	0.00e+00	0.00e+00	0.00e+00
 2.41403e+16	1.88e-02	8.24e-01	1.56e-01	1.63e-03	0.00e+00	0.00e+00	0.00e+00	0.00e+00
 2.41692e+16	2.14e-02	8.50e-01	1.27e-01	1.11e-03	0.00e+00	0.00e+00	0.00e+00	0.00e+00
 2.41942e+16	2.41e-02	8.71e-01	1.04e-01	7.66e-04	0.00e+00	0.00e+00	0.00e+00	0.00e+00
 2.42143e+16	2.66e-02	8.85e-01	8.78e-02	5.55e-04	0.00e+00	0.00e+00	0.00e+00	0.00e+00
 2.42356e+16	2.95e-02	8.98e-01	7.25e-02	3.88e-04	0.00e+00	0.00e+00	0.00e+00	0.00e+00
 2.42596e+16	3.32e-02	9.09e-01	5.74e-02	2.52e-04	0.00e+00	0.00e+00	0.00e+00	0.00e+00
 2.42812e+16	3.72e-02	9.17e-01	4.53e-02	1.64e-04	0.00e+00	0.00e+00	0.00e+00	0.00e+00
 2.42990e+16	4.08e-02	9.22e-01	3.68e-02	1.13e-04	0.00e+00	0.00e+00	0.00e+00	0.00e+00
 2.43148e+16	4.44e-02	9.25e-01	3.03e-02	7.93e-05	0.00e+00	0.00e+00	0.00e+00	0.00e+00
 2.43326e+16	4.91e-02	9.27e-01	2.42e-02	5.25e-05	0.00e+00	0.00e+00	0.00e+00	0.00e+00
 2.43517e+16	5.45e-02	9.27e-01	1.86e-02	3.29e-05	0.00e+00	0.00e+00	0.00e+00	0.00e+00
 2.43676e+16	5.98e-02	9.25e-01	1.47e-02	2.16e-05	0.00e+00	0.00e+00	0.00e+00	0.00e+00
 2.43807e+16	6.44e-02	9.24e-01	1.21e-02	1.51e-05	0.00e+00	0.00e+00	0.00e+00	0.00e+00
 2.43933e+16	6.93e-02	9.21e-01	9.87e-03	1.05e-05	0.00e+00	0.00e+00	0.00e+00	0.00e+00
 2.44067e+16	7.48e-02	9.17e-01	7.93e-03	7.11e-06	0.00e+00	0.00e+00	0.00e+00	0.00e+00
 2.44195e+16	8.09e-02	9.13e-01	6.37e-03	4.80e-06	0.00e+00	0.00e+00	0.00e+00	0.00e+00
 2.44305e+16	8.63e-02	9.08e-01	5.25e-03	3.40e-06	0.00e+00	0.00e+00	0.00e+00	0.00e+00
 2.44399e+16	9.13e-02	9.04e-01	4.43e-03	2.51e-06	0.00e+00	0.00e+00	0.00e+00	0.00e+00
 2.44487e+16	9.63e-02	9.00e-01	3.76e-03	1.86e-06	0.00e+00	0.00e+00	0.00e+00	0.00e+00
 2.44559e+16	1.00e-01	8.97e-01	3.29e-03	1.47e-06	0.00e+00	0.00e+00	0.00e+00	0.00e+00
 2.44605e+16	1.03e-01	8.94e-01	3.01e-03	1.26e-06	0.00e+00	0.00e+00	0.00e+00	0.00e+00
 2.44647e+16	1.05e-01	8.92e-01	2.77e-03	1.08e-06	0.00e+00	0.00e+00	0.00e+00	0.00e+00
 2.44696e+16	1.09e-01	8.89e-01	2.52e-03	9.10e-07	0.00e+00	0.00e+00	0.00e+00	0.00e+00
 2.44751e+16	1.12e-01	8.85e-01	2.26e-03	0.00e+00	0.00e+00	0.00e+00	0.00e+00	0.00e+00
 2.44804e+16	1.16e-01	8.82e-01	2.03e-03	0.00e+00	0.00e+00	0.00e+00	0.00e+00	0.00e+00
 2.44852e+16	1.19e-01	8.79e-01	1.84e-03	0.00e+00	0.00e+00	0.00e+00	0.00e+00	0.00e+00
 2.44899e+16	1.23e-01	8.76e-01	1.67e-03	0.00e+00	0.00e+00	0.00e+00	0.00e+00	0.00e+00
 2.44947e+16	1.26e-01	8.72e-01	1.51e-03	0.00e+00	0.00e+00	0.00e+00	0.00e+00	0.00e+00
 2.44996e+16	1.30e-01	8.69e-01	1.36e-03	0.00e+00	0.00e+00	0.00e+00	0.00e+00	0.00e+00
 2.45043e+16	1.33e-01	8.65e-01	1.23e-03	0.00e+00	0.00e+00	0.00e+00	0.00e+00	0.00e+00
 2.45089e+16	1.37e-01	8.61e-01	1.12e-03	0.00e+00	0.00e+00	0.00e+00	0.00e+00	0.00e+00
 2.45136e+16	1.41e-01	8.58e-01	1.01e-03	0.00e+00	0.00e+00	0.00e+00	0.00e+00	0.00e+00
 2.45182e+16	1.45e-01	8.54e-01	9.11e-04	0.00e+00	0.00e+00	0.00e+00	0.00e+00	0.00e+00
 2.45228e+16	1.49e-01	8.50e-01	8.24e-04	0.00e+00	0.00e+00	0.00e+00	0.00e+00	0.00e+00
 2.45273e+16	1.54e-01	8.45e-01	7.44e-04	0.00e+00	0.00e+00	0.00e+00	0.00e+00	0.00e+00
 2.45318e+16	1.58e-01	8.41e-01	6.71e-04	0.00e+00	0.00e+00	0.00e+00	0.00e+00	0.00e+00
 2.45362e+16	1.63e-01	8.37e-01	6.06e-04	0.00e+00	0.00e+00	0.00e+00	0.00e+00	0.00e+00
 2.45406e+16	1.67e-01	8.32e-01	5.48e-04	0.00e+00	0.00e+00	0.00e+00	0.00e+00	0.00e+00
 2.45449e+16	1.72e-01	8.27e-01	4.94e-04	0.00e+00	0.00e+00	0.00e+00	0.00e+00	0.00e+00
 2.45493e+16	1.77e-01	8.23e-01	4.45e-04	0.00e+00	0.00e+00	0.00e+00	0.00e+00	0.00e+00
 2.45536e+16	1.82e-01	8.17e-01	4.02e-04	0.00e+00	0.00e+00	0.00e+00	0.00e+00	0.00e+00
 2.45578e+16	1.88e-01	8.12e-01	3.63e-04	0.00e+00	0.00e+00	0.00e+00	0.00e+00	0.00e+00
 2.45621e+16	1.93e-01	8.07e-01	3.27e-04	0.00e+00	0.00e+00	0.00e+00	0.00e+00	0.00e+00
 2.45663e+16	1.99e-01	8.00e-01	2.94e-04	0.00e+00	0.00e+00	0.00e+00	0.00e+00	0.00e+00
 2.45705e+16	2.05e-01	7.94e-01	2.65e-04	0.00e+00	0.00e+00	0.00e+00	0.00e+00	0.00e+00
 2.45746e+16	2.12e-01	7.88e-01	2.39e-04	0.00e+00	0.00e+00	0.00e+00	0.00e+00	0.00e+00
 2.45788e+16	2.19e-01	7.81e-01	2.15e-04	0.00e+00	0.00e+00	0.00e+00	0.00e+00	0.00e+00
 2.45829e+16	2.26e-01	7.74e-01	1.93e-04	0.00e+00	0.00e+00	0.00e+00	0.00e+00	0.00e+00
 2.45868e+16	2.34e-01	7.66e-01	1.74e-04	0.00e+00	0.00e+00	0.00e+00	0.00e+00	0.00e+00
 2.45908e+16	2.42e-01	7.58e-01	1.57e-04	0.00e+00	0.00e+00	0.00e+00	0.00e+00	0.00e+00
 2.45947e+16	2.50e-01	7.50e-01	1.41e-04	0.00e+00	0.00e+00	0.00e+00	0.00e+00	0.00e+00
 2.45986e+16	2.58e-01	7.41e-01	1.27e-04	0.00e+00	0.00e+00	0.00e+00	0.00e+00	0.00e+00
 2.46024e+16	2.68e-01	7.32e-01	1.14e-04	0.00e+00	0.00e+00	0.00e+00	0.00e+00	0.00e+00
 2.46062e+16	2.78e-01	7.22e-01	1.03e-04	0.00e+00	0.00e+00	0.00e+00	0.00e+00	0.00e+00
 2.46099e+16	2.89e-01	7.11e-01	9.29e-05	0.00e+00	0.00e+00	0.00e+00	0.00e+00	0.00e+00
 2.46136e+16	2.98e-01	7.02e-01	8.39e-05	0.00e+00	0.00e+00	0.00e+00	0.00e+00	0.00e+00
 2.46172e+16	3.12e-01	6.88e-01	7.54e-05	0.00e+00	0.00e+00	0.00e+00	0.00e+00	0.00e+00
 2.46209e+16	3.24e-01	6.76e-01	6.78e-05	0.00e+00	0.00e+00	0.00e+00	0.00e+00	0.00e+00
 2.46244e+16	3.36e-01	6.64e-01	6.11e-05	0.00e+00	0.00e+00	0.00e+00	0.00e+00	0.00e+00
 2.46281e+16	3.50e-01	6.50e-01	5.49e-05	0.00e+00	0.00e+00	0.00e+00	0.00e+00	0.00e+00
 2.46317e+16	3.65e-01	6.35e-01	4.92e-05	0.00e+00	0.00e+00	0.00e+00	0.00e+00	0.00e+00
 2.46353e+16	3.81e-01	6.19e-01	4.41e-05	0.00e+00	0.00e+00	0.00e+00	0.00e+00	0.00e+00
 2.46389e+16	3.97e-01	6.03e-01	3.95e-05	0.00e+00	0.00e+00	0.00e+00	0.00e+00	0.00e+00
 2.46425e+16	4.18e-01	5.82e-01	3.51e-05	0.00e+00	0.00e+00	0.00e+00	0.00e+00	0.00e+00
 2.46461e+16	4.37e-01	5.63e-01	3.14e-05	0.00e+00	0.00e+00	0.00e+00	0.00e+00	0.00e+00
 2.46497e+16	4.57e-01	5.43e-01	2.79e-05	0.00e+00	0.00e+00	0.00e+00	0.00e+00	0.00e+00
 2.46534e+16	4.78e-01	5.22e-01	2.48e-05	0.00e+00	0.00e+00	0.00e+00	0.00e+00	0.00e+00
 2.46571e+16	5.00e-01	5.00e-01	2.19e-05	0.00e+00	0.00e+00	0.00e+00	0.00e+00	0.00e+00
 2.46609e+16	5.23e-01	4.76e-01	1.94e-05	0.00e+00	0.00e+00	0.00e+00	0.00e+00	0.00e+00
 2.46647e+16	5.48e-01	4.52e-01	1.70e-05	0.00e+00	0.00e+00	0.00e+00	0.00e+00	0.00e+00
 2.46686e+16	5.72e-01	4.27e-01	1.49e-05	0.00e+00	0.00e+00	0.00e+00	0.00e+00	0.00e+00
 2.46726e+16	5.98e-01	4.02e-01	1.30e-05	0.00e+00	0.00e+00	0.00e+00	0.00e+00	0.00e+00
 2.46768e+16	6.25e-01	3.75e-01	1.13e-05	0.00e+00	0.00e+00	0.00e+00	0.00e+00	0.00e+00
 2.46810e+16	6.51e-01	3.49e-01	9.80e-06	0.00e+00	0.00e+00	0.00e+00	0.00e+00	0.00e+00
 2.46846e+16	6.74e-01	3.26e-01	8.68e-06	0.00e+00	0.00e+00	0.00e+00	0.00e+00	0.00e+00
 2.46873e+16	6.87e-01	3.13e-01	8.01e-06	0.00e+00	0.00e+00	0.00e+00	0.00e+00	0.00e+00
