#depth	He	He+	He+2
 1.49634e+10	8.41e-23	6.33e-12	1.00e+00
 4.54887e+10	9.46e-23	6.86e-12	1.00e+00
 7.72350e+10	1.06e-22	7.43e-12	1.00e+00
 1.10251e+11	1.18e-22	8.04e-12	1.00e+00
 1.40707e+11	1.31e-22	8.63e-12	1.00e+00
 1.67027e+11	1.43e-22	9.16e-12	1.00e+00
 1.96228e+11	1.57e-22	9.76e-12	1.00e+00
 2.31952e+11	1.75e-22	1.05e-11	1.00e+00
 2.68156e+11	1.96e-22	1.13e-11	1.00e+00
 3.00720e+11	2.16e-22	1.21e-11	1.00e+00
 3.36547e+11	2.39e-22	1.29e-11	1.00e+00
 3.78896e+11	2.69e-22	1.40e-11	1.00e+00
 4.20656e+11	3.03e-22	1.51e-11	1.00e+00
 4.59100e+11	3.36e-22	1.61e-11	1.00e+00
 5.02299e+11	3.76e-22	1.73e-11	1.00e+00
 5.52214e+11	4.29e-22	1.88e-11	1.00e+00
 6.01189e+11	4.86e-22	2.03e-11	1.00e+00
 6.52123e+11	5.50e-22	2.19e-11	1.00e+00
 7.08134e+11	6.30e-22	2.38e-11	1.00e+00
 7.64573e+11	7.18e-22	2.57e-11	1.00e+00
 8.23268e+11	8.19e-22	2.79e-11	1.00e+00
 8.86126e+11	9.41e-22	3.02e-11	1.00e+00
 9.51498e+11	1.08e-21	3.28e-11	1.00e+00
 1.01948e+12	1.24e-21	3.57e-11	1.00e+00
 1.09019e+12	1.43e-21	3.87e-11	1.00e+00
 1.16372e+12	1.65e-21	4.21e-11	1.00e+00
 1.24020e+12	1.91e-21	4.58e-11	1.00e+00
 1.31330e+12	2.19e-21	4.94e-11	1.00e+00
 1.37707e+12	2.45e-21	5.27e-11	1.00e+00
 1.44531e+12	2.75e-21	5.65e-11	1.00e+00
 1.52851e+12	3.16e-21	6.12e-11	1.00e+00
 1.61298e+12	3.64e-21	6.62e-11	1.00e+00
 1.69018e+12	4.11e-21	7.10e-11	1.00e+00
 1.77614e+12	4.68e-21	7.65e-11	1.00e+00
 1.87619e+12	5.44e-21	8.33e-11	1.00e+00
 1.97567e+12	6.29e-21	9.04e-11	1.00e+00
 2.07171e+12	7.18e-21	9.76e-11	1.00e+00
 2.17707e+12	8.27e-21	1.06e-10	1.00e+00
 2.29408e+12	9.64e-21	1.16e-10	1.00e+00
 2.41577e+12	1.12e-20	1.26e-10	1.00e+00
 2.54232e+12	1.31e-20	1.38e-10	1.00e+00
 2.67394e+12	1.53e-20	1.50e-10	1.00e+00
 2.81083e+12	1.78e-20	1.64e-10	1.00e+00
 2.93867e+12	2.05e-20	1.78e-10	1.00e+00
 3.05166e+12	2.30e-20	1.91e-10	1.00e+00
 3.17802e+12	2.61e-20	2.06e-10	1.00e+00
 3.32940e+12	3.03e-20	2.24e-10	1.00e+00
 3.48225e+12	3.51e-20	2.44e-10	1.00e+00
 3.62488e+12	4.00e-20	2.63e-10	1.00e+00
 3.78346e+12	4.58e-20	2.86e-10	1.00e+00
 3.96472e+12	5.35e-20	3.14e-10	1.00e+00
 4.14307e+12	6.18e-20	3.42e-10	1.00e+00
 4.32855e+12	7.13e-20	3.73e-10	1.00e+00
 4.50985e+12	8.18e-20	4.06e-10	1.00e+00
 4.66408e+12	9.13e-20	4.34e-10	1.00e+00
 4.83076e+12	1.02e-19	4.67e-10	1.00e+00
 5.03843e+12	1.18e-19	5.09e-10	1.00e+00
 5.25134e+12	1.35e-19	5.55e-10	1.00e+00
 5.44013e+12	1.52e-19	5.98e-10	1.00e+00
 5.64564e+12	1.71e-19	6.47e-10	1.00e+00
 5.89199e+12	1.97e-19	7.08e-10	1.00e+00
 6.13784e+12	2.26e-19	7.74e-10	1.00e+00
 6.36234e+12	2.54e-19	8.36e-10	1.00e+00
 6.61269e+12	2.87e-19	9.10e-10	1.00e+00
 6.90424e+12	3.30e-19	1.00e-09	1.00e+00
 7.19158e+12	3.77e-19	1.10e-09	1.00e+00
 7.46430e+12	4.25e-19	1.19e-09	1.00e+00
 7.76669e+12	4.82e-19	1.30e-09	1.00e+00
 8.09722e+12	5.50e-19	1.43e-09	1.00e+00
 8.41500e+12	6.22e-19	1.56e-09	1.00e+00
 8.75556e+12	7.04e-19	1.71e-09	1.00e+00
 9.13571e+12	8.05e-19	1.88e-09	1.00e+00
 9.51489e+12	9.16e-19	2.07e-09	1.00e+00
 9.84907e+12	1.02e-18	2.24e-09	1.00e+00
 1.01418e+13	1.12e-18	2.40e-09	1.00e+00
 1.04729e+13	1.24e-18	2.58e-09	1.00e+00
 1.08882e+13	1.40e-18	2.83e-09	1.00e+00
 1.13136e+13	1.58e-18	3.09e-09	1.00e+00
 1.16684e+13	1.74e-18	3.32e-09	1.00e+00
 1.20307e+13	1.91e-18	3.56e-09	1.00e+00
 1.24951e+13	2.16e-18	3.89e-09	1.00e+00
 1.29765e+13	2.44e-18	4.25e-09	1.00e+00
 1.33913e+13	2.71e-18	4.57e-09	1.00e+00
 1.38352e+13	3.01e-18	4.92e-09	1.00e+00
 1.43828e+13	3.43e-18	5.38e-09	1.00e+00
 1.49453e+13	3.91e-18	5.87e-09	1.00e+00
 1.54550e+13	4.40e-18	6.33e-09	1.00e+00
 1.60156e+13	4.98e-18	6.86e-09	1.00e+00
 1.66741e+13	5.75e-18	7.51e-09	1.00e+00
 1.73222e+13	6.59e-18	8.18e-09	1.00e+00
 1.79246e+13	7.47e-18	8.83e-09	1.00e+00
 1.85998e+13	8.56e-18	9.58e-09	1.00e+00
 1.93737e+13	9.96e-18	1.05e-08	1.00e+00
 2.01361e+13	1.15e-17	1.14e-08	1.00e+00
 2.08069e+13	1.31e-17	1.23e-08	1.00e+00
 2.13810e+13	1.45e-17	1.30e-08	1.00e+00
 2.20041e+13	1.62e-17	1.39e-08	1.00e+00
 2.28141e+13	1.86e-17	1.50e-08	1.00e+00
 2.36572e+13	2.14e-17	1.62e-08	1.00e+00
 2.43713e+13	2.41e-17	1.73e-08	1.00e+00
 2.51278e+13	2.71e-17	1.85e-08	1.00e+00
 2.60814e+13	3.14e-17	2.00e-08	1.00e+00
 2.70696e+13	3.64e-17	2.17e-08	1.00e+00
 2.79475e+13	4.13e-17	2.32e-08	1.00e+00
 2.89037e+13	4.72e-17	2.49e-08	1.00e+00
 2.99663e+13	5.45e-17	2.69e-08	1.00e+00
 3.09561e+13	6.21e-17	2.88e-08	1.00e+00
 3.20317e+13	7.12e-17	3.10e-08	1.00e+00
 3.32276e+13	8.26e-17	3.35e-08	1.00e+00
 3.43430e+13	9.43e-17	3.59e-08	1.00e+00
 3.55565e+13	1.08e-16	3.87e-08	1.00e+00
 3.69093e+13	1.26e-16	4.19e-08	1.00e+00
 3.81789e+13	1.45e-16	4.50e-08	1.00e+00
 3.95649e+13	1.67e-16	4.84e-08	1.00e+00
 4.11123e+13	1.95e-16	5.26e-08	1.00e+00
 4.25698e+13	2.25e-16	5.65e-08	1.00e+00
 4.41434e+13	2.61e-16	6.10e-08	1.00e+00
 4.59010e+13	3.06e-16	6.62e-08	1.00e+00
 4.75958e+13	3.54e-16	7.14e-08	1.00e+00
 4.93966e+13	4.12e-16	7.72e-08	1.00e+00
 5.14024e+13	4.84e-16	8.39e-08	1.00e+00
 5.34144e+13	5.66e-16	9.08e-08	1.00e+00
 5.55069e+13	6.61e-16	9.83e-08	1.00e+00
 5.77571e+13	7.77e-16	1.07e-07	1.00e+00
 5.98873e+13	9.00e-16	1.15e-07	1.00e+00
 6.16364e+13	1.01e-15	1.22e-07	1.00e+00
 6.33981e+13	1.13e-15	1.29e-07	1.00e+00
 6.56883e+13	1.31e-15	1.39e-07	1.00e+00
 6.80695e+13	1.51e-15	1.50e-07	1.00e+00
 7.00822e+13	1.70e-15	1.59e-07	1.00e+00
 7.22119e+13	1.92e-15	1.69e-07	1.00e+00
 7.48989e+13	2.22e-15	1.82e-07	1.00e+00
 7.76600e+13	2.57e-15	1.96e-07	1.00e+00
 8.00597e+13	2.90e-15	2.08e-07	1.00e+00
 8.26403e+13	3.29e-15	2.22e-07	1.00e+00
 8.57958e+13	3.83e-15	2.40e-07	1.00e+00
 8.89568e+13	4.42e-15	2.58e-07	1.00e+00
 9.17517e+13	5.00e-15	2.74e-07	1.00e+00
 9.48125e+13	5.69e-15	2.93e-07	1.00e+00
 9.84883e+13	6.62e-15	3.16e-07	1.00e+00
 1.02154e+14	7.65e-15	3.40e-07	1.00e+00
 1.05486e+14	8.69e-15	3.63e-07	1.00e+00
 1.09196e+14	9.95e-15	3.89e-07	1.00e+00
 1.13533e+14	1.16e-14	4.20e-07	1.00e+00
 1.17807e+14	1.34e-14	4.52e-07	1.00e+00
 1.21834e+14	1.53e-14	4.83e-07	1.00e+00
 1.26319e+14	1.77e-14	5.20e-07	1.00e+00
 1.31402e+14	2.06e-14	5.62e-07	1.00e+00
 1.36484e+14	2.40e-14	6.06e-07	1.00e+00
 1.41769e+14	2.78e-14	6.54e-07	1.00e+00
 1.47470e+14	3.25e-14	7.08e-07	1.00e+00
 1.52929e+14	3.74e-14	7.61e-07	1.00e+00
 1.57447e+14	4.20e-14	8.07e-07	1.00e+00
 1.61966e+14	4.69e-14	8.53e-07	1.00e+00
 1.67826e+14	5.39e-14	9.17e-07	1.00e+00
 1.73877e+14	6.20e-14	9.84e-07	1.00e+00
 1.78957e+14	6.93e-14	1.04e-06	1.00e+00
 1.84328e+14	7.79e-14	1.11e-06	1.00e+00
 1.91125e+14	8.98e-14	1.19e-06	1.00e+00
 1.98209e+14	1.04e-13	1.28e-06	1.00e+00
 2.04525e+14	1.17e-13	1.37e-06	1.00e+00
 2.11412e+14	1.34e-13	1.46e-06	1.00e+00
 2.19084e+14	1.54e-13	1.58e-06	1.00e+00
 2.26246e+14	1.75e-13	1.68e-06	1.00e+00
 2.34026e+14	1.99e-13	1.80e-06	1.00e+00
 2.42661e+14	2.30e-13	1.94e-06	1.00e+00
 2.50683e+14	2.61e-13	2.08e-06	1.00e+00
 2.59387e+14	2.99e-13	2.23e-06	1.00e+00
 2.69082e+14	3.45e-13	2.41e-06	1.00e+00
 2.78150e+14	3.93e-13	2.58e-06	1.00e+00
 2.88024e+14	4.50e-13	2.77e-06	1.00e+00
 2.99025e+14	5.22e-13	3.00e-06	1.00e+00
 3.09329e+14	5.95e-13	3.21e-06	1.00e+00
 3.20512e+14	6.84e-13	3.46e-06	1.00e+00
 3.32997e+14	7.93e-13	3.75e-06	1.00e+00
 3.44842e+14	9.08e-13	4.03e-06	1.00e+00
 3.57525e+14	1.04e-12	4.34e-06	1.00e+00
 3.71856e+14	1.21e-12	4.71e-06	1.00e+00
 3.85977e+14	1.40e-12	5.09e-06	1.00e+00
 3.98812e+14	1.59e-12	5.45e-06	1.00e+00
 4.12657e+14	1.81e-12	5.84e-06	1.00e+00
 4.28907e+14	2.10e-12	6.33e-06	1.00e+00
 4.44795e+14	2.40e-12	6.82e-06	1.00e+00
 4.57864e+14	2.68e-12	7.25e-06	1.00e+00
 4.68990e+14	2.94e-12	7.61e-06	1.00e+00
 4.81686e+14	3.25e-12	8.05e-06	1.00e+00
 4.98191e+14	3.69e-12	8.63e-06	1.00e+00
 5.15633e+14	4.19e-12	9.26e-06	1.00e+00
 5.30768e+14	4.66e-12	9.83e-06	1.00e+00
 5.46918e+14	5.22e-12	1.05e-05	1.00e+00
 5.67182e+14	5.97e-12	1.13e-05	1.00e+00
 5.87982e+14	6.83e-12	1.21e-05	1.00e+00
 6.06214e+14	7.63e-12	1.29e-05	1.00e+00
 6.25921e+14	8.59e-12	1.38e-05	1.00e+00
 6.49816e+14	9.86e-12	1.49e-05	1.00e+00
 6.73620e+14	1.13e-11	1.61e-05	1.00e+00
 6.94737e+14	1.26e-11	1.71e-05	1.00e+00
 7.17898e+14	1.42e-11	1.83e-05	1.00e+00
 7.45624e+14	1.64e-11	1.98e-05	1.00e+00
 7.73191e+14	1.87e-11	2.13e-05	1.00e+00
 7.98230e+14	2.10e-11	2.28e-05	1.00e+00
 8.26075e+14	2.39e-11	2.45e-05	1.00e+00
 8.58665e+14	2.75e-11	2.65e-05	1.00e+00
 8.90809e+14	3.16e-11	2.86e-05	1.00e+00
 9.21050e+14	3.58e-11	3.07e-05	1.00e+00
 9.54733e+14	4.10e-11	3.31e-05	1.00e+00
 9.92953e+14	4.76e-11	3.60e-05	1.00e+00
 1.02511e+15	5.37e-11	3.85e-05	1.00e+00
 1.04835e+15	5.85e-11	4.03e-05	1.00e+00
 1.07265e+15	6.39e-11	4.24e-05	1.00e+00
 1.10424e+15	7.16e-11	4.51e-05	1.00e+00
 1.13924e+15	8.09e-11	4.82e-05	1.00e+00
 1.17180e+15	9.04e-11	5.13e-05	1.00e+00
 1.20725e+15	1.02e-10	5.47e-05	1.00e+00
 1.24698e+15	1.16e-10	5.87e-05	1.00e+00
 1.28460e+15	1.31e-10	6.26e-05	1.00e+00
 1.32583e+15	1.48e-10	6.71e-05	1.00e+00
 1.37190e+15	1.70e-10	7.23e-05	1.00e+00
 1.41545e+15	1.94e-10	7.75e-05	1.00e+00
 1.46323e+15	2.22e-10	8.35e-05	1.00e+00
 1.51697e+15	2.58e-10	9.04e-05	1.00e+00
 1.56777e+15	2.97e-10	9.74e-05	1.00e+00
 1.62314e+15	3.43e-10	1.05e-04	1.00e+00
 1.68460e+15	4.02e-10	1.14e-04	1.00e+00
 1.74156e+15	4.63e-10	1.23e-04	1.00e+00
 1.80321e+15	5.38e-10	1.33e-04	1.00e+00
 1.87243e+15	6.33e-10	1.45e-04	1.00e+00
 1.93778e+15	7.34e-10	1.57e-04	1.00e+00
 2.00817e+15	8.57e-10	1.70e-04	1.00e+00
 2.08657e+15	1.01e-09	1.86e-04	1.00e+00
 2.16146e+15	1.18e-09	2.01e-04	1.00e+00
 2.24129e+15	1.39e-09	2.19e-04	1.00e+00
 2.31595e+15	1.60e-09	2.35e-04	1.00e+00
 2.37075e+15	1.77e-09	2.48e-04	1.00e+00
 2.42619e+15	1.96e-09	2.61e-04	1.00e+00
 2.49826e+15	2.23e-09	2.80e-04	1.00e+00
 2.57630e+15	2.56e-09	3.00e-04	1.00e+00
 2.64657e+15	2.88e-09	3.18e-04	1.00e+00
 2.72237e+15	3.26e-09	3.39e-04	1.00e+00
 2.82054e+15	3.81e-09	3.68e-04	1.00e+00
 2.91953e+15	4.44e-09	3.97e-04	1.00e+00
 2.99967e+15	5.00e-09	4.22e-04	1.00e+00
 3.08354e+15	5.64e-09	4.49e-04	1.00e+00
 3.19257e+15	6.57e-09	4.86e-04	1.00e+00
 3.30845e+15	7.69e-09	5.26e-04	9.99e-01
 3.41072e+15	8.78e-09	5.63e-04	9.99e-01
 3.52115e+15	1.01e-08	6.04e-04	9.99e-01
 3.65526e+15	1.19e-08	6.57e-04	9.99e-01
 3.79010e+15	1.39e-08	7.11e-04	9.99e-01
 3.91147e+15	1.59e-08	7.63e-04	9.99e-01
 4.04536e+15	1.85e-08	8.21e-04	9.99e-01
 4.20348e+15	2.18e-08	8.93e-04	9.99e-01
 4.35885e+15	2.54e-08	9.67e-04	9.99e-01
 4.50157e+15	2.92e-08	1.04e-03	9.99e-01
 4.66207e+15	3.39e-08	1.12e-03	9.99e-01
 4.81804e+15	3.89e-08	1.20e-03	9.99e-01
 4.93336e+15	4.30e-08	1.27e-03	9.99e-01
 5.04853e+15	4.74e-08	1.33e-03	9.99e-01
 5.19826e+15	5.36e-08	1.42e-03	9.99e-01
 5.36047e+15	6.09e-08	1.51e-03	9.98e-01
 5.50529e+15	6.82e-08	1.60e-03	9.98e-01
 5.65991e+15	7.66e-08	1.70e-03	9.98e-01
 5.86092e+15	8.89e-08	1.83e-03	9.98e-01
 6.06441e+15	1.03e-07	1.97e-03	9.98e-01
 6.22881e+15	1.15e-07	2.08e-03	9.98e-01
 6.40022e+15	1.28e-07	2.21e-03	9.98e-01
 6.62304e+15	1.48e-07	2.38e-03	9.98e-01
 6.85814e+15	1.71e-07	2.56e-03	9.97e-01
 7.06065e+15	1.93e-07	2.72e-03	9.97e-01
 7.27539e+15	2.19e-07	2.90e-03	9.97e-01
 7.54471e+15	2.55e-07	3.13e-03	9.97e-01
 7.81334e+15	2.94e-07	3.37e-03	9.97e-01
 8.04280e+15	3.30e-07	3.58e-03	9.96e-01
 8.29298e+15	3.75e-07	3.83e-03	9.96e-01
 8.56967e+15	4.29e-07	4.11e-03	9.96e-01
 8.82662e+15	4.83e-07	4.37e-03	9.96e-01
 9.05067e+15	5.34e-07	4.61e-03	9.95e-01
 9.28614e+15	5.95e-07	4.88e-03	9.95e-01
 9.54146e+15	6.64e-07	5.18e-03	9.95e-01
 9.77783e+15	7.33e-07	5.46e-03	9.95e-01
 1.00404e+16	8.21e-07	5.80e-03	9.94e-01
 1.03230e+16	9.20e-07	6.18e-03	9.94e-01
 1.05824e+16	1.02e-06	6.53e-03	9.93e-01
 1.08700e+16	1.14e-06	6.97e-03	9.93e-01
 1.11819e+16	1.29e-06	7.45e-03	9.93e-01
 1.14714e+16	1.43e-06	7.92e-03	9.92e-01
 1.17471e+16	1.58e-06	8.40e-03	9.92e-01
 1.20591e+16	1.79e-06	9.01e-03	9.91e-01
 1.23908e+16	2.01e-06	9.67e-03	9.90e-01
 1.26815e+16	2.22e-06	1.03e-02	9.90e-01
 1.29926e+16	2.50e-06	1.10e-02	9.89e-01
 1.33323e+16	2.83e-06	1.19e-02	9.88e-01
 1.36372e+16	3.15e-06	1.28e-02	9.87e-01
 1.39024e+16	3.46e-06	1.36e-02	9.86e-01
 1.41880e+16	3.87e-06	1.46e-02	9.85e-01
 1.44971e+16	4.35e-06	1.58e-02	9.84e-01
 1.47690e+16	4.81e-06	1.69e-02	9.83e-01
 1.50131e+16	5.30e-06	1.80e-02	9.82e-01
 1.52887e+16	5.97e-06	1.95e-02	9.80e-01
 1.55807e+16	6.76e-06	2.13e-02	9.79e-01
 1.58290e+16	7.52e-06	2.29e-02	9.77e-01
 1.60516e+16	8.31e-06	2.46e-02	9.75e-01
 1.63061e+16	9.47e-06	2.69e-02	9.73e-01
 1.65732e+16	1.07e-05	2.96e-02	9.70e-01
 1.68015e+16	1.22e-05	3.23e-02	9.68e-01
 1.70039e+16	1.36e-05	3.51e-02	9.65e-01
 1.72275e+16	1.53e-05	3.87e-02	9.61e-01
 1.74717e+16	1.78e-05	4.32e-02	9.57e-01
 1.76830e+16	2.08e-05	4.80e-02	9.52e-01
 1.78513e+16	2.33e-05	5.25e-02	9.48e-01
 1.80236e+16	2.66e-05	5.78e-02	9.42e-01
 1.82140e+16	3.05e-05	6.48e-02	9.35e-01
 1.83918e+16	3.60e-05	7.27e-02	9.27e-01
 1.85429e+16	4.06e-05	8.07e-02	9.19e-01
 1.86956e+16	4.79e-05	9.05e-02	9.09e-01
 1.88420e+16	5.46e-05	1.01e-01	8.98e-01
 1.89800e+16	6.37e-05	1.14e-01	8.86e-01
 1.91261e+16	7.53e-05	1.30e-01	8.70e-01
 1.92478e+16	8.77e-05	1.46e-01	8.54e-01
 1.93345e+16	9.93e-05	1.60e-01	8.40e-01
 1.93900e+16	1.07e-04	1.69e-01	8.31e-01
 1.94414e+16	1.14e-04	1.79e-01	8.21e-01
 1.95082e+16	1.27e-04	1.93e-01	8.07e-01
 1.95785e+16	1.39e-04	2.08e-01	7.91e-01
 1.96534e+16	1.56e-04	2.28e-01	7.72e-01
 1.97322e+16	1.76e-04	2.50e-01	7.50e-01
 1.97981e+16	1.96e-04	2.70e-01	7.30e-01
 1.98500e+16	2.13e-04	2.88e-01	7.12e-01
 1.99019e+16	2.32e-04	3.07e-01	6.92e-01
 1.99694e+16	2.60e-04	3.34e-01	6.65e-01
 2.00392e+16	2.91e-04	3.64e-01	6.35e-01
 2.00981e+16	3.19e-04	3.92e-01	6.08e-01
 2.01610e+16	3.56e-04	4.23e-01	5.76e-01
 2.02257e+16	3.95e-04	4.56e-01	5.43e-01
 2.02825e+16	4.31e-04	4.87e-01	5.13e-01
 2.03460e+16	4.76e-04	5.22e-01	4.77e-01
 2.04172e+16	5.29e-04	5.62e-01	4.38e-01
 2.04853e+16	5.83e-04	6.00e-01	4.00e-01
 2.05606e+16	6.46e-04	6.41e-01	3.58e-01
 2.06434e+16	7.16e-04	6.84e-01	3.15e-01
 2.07218e+16	7.83e-04	7.22e-01	2.77e-01
 2.08097e+16	8.59e-04	7.61e-01	2.38e-01
 2.09238e+16	9.57e-04	8.05e-01	1.94e-01
 2.10463e+16	1.06e-03	8.44e-01	1.55e-01
 2.11361e+16	1.13e-03	8.66e-01	1.33e-01
 2.11944e+16	1.18e-03	8.79e-01	1.20e-01
 2.12555e+16	1.23e-03	8.92e-01	1.07e-01
 2.13349e+16	1.29e-03	9.06e-01	9.26e-02
 2.14381e+16	1.37e-03	9.22e-01	7.71e-02
 2.15447e+16	1.46e-03	9.34e-01	6.45e-02
 2.16320e+16	1.53e-03	9.42e-01	5.61e-02
 2.17215e+16	1.61e-03	9.50e-01	4.83e-02
 2.18379e+16	1.72e-03	9.58e-01	4.02e-02
 2.19458e+16	1.83e-03	9.64e-01	3.44e-02
 2.20160e+16	1.90e-03	9.67e-01	3.12e-02
 2.20806e+16	1.97e-03	9.70e-01	2.83e-02
 2.21646e+16	2.07e-03	9.73e-01	2.51e-02
 2.22535e+16	2.18e-03	9.76e-01	2.22e-02
 2.23269e+16	2.28e-03	9.77e-01	2.02e-02
 2.23878e+16	2.38e-03	9.79e-01	1.87e-02
 2.24542e+16	2.48e-03	9.80e-01	1.71e-02
 2.25407e+16	2.63e-03	9.82e-01	1.53e-02
 2.26254e+16	2.78e-03	9.83e-01	1.38e-02
 2.26861e+16	2.91e-03	9.84e-01	1.29e-02
 2.27352e+16	3.03e-03	9.85e-01	1.21e-02
 2.27910e+16	3.16e-03	9.86e-01	1.13e-02
 2.28635e+16	3.34e-03	9.86e-01	1.04e-02
 2.29364e+16	3.55e-03	9.87e-01	9.55e-03
 2.29916e+16	3.73e-03	9.87e-01	9.01e-03
 2.30366e+16	3.88e-03	9.88e-01	8.56e-03
 2.30870e+16	4.07e-03	9.88e-01	8.08e-03
 2.31525e+16	4.33e-03	9.88e-01	7.50e-03
 2.32179e+16	4.63e-03	9.88e-01	7.00e-03
 2.32672e+16	4.88e-03	9.88e-01	6.66e-03
 2.33079e+16	5.12e-03	9.89e-01	6.37e-03
 2.33536e+16	5.38e-03	9.89e-01	6.07e-03
 2.34130e+16	5.77e-03	9.89e-01	5.68e-03
 2.34730e+16	6.24e-03	9.88e-01	5.35e-03
 2.35193e+16	6.64e-03	9.88e-01	5.11e-03
 2.35584e+16	7.03e-03	9.88e-01	4.91e-03
 2.36031e+16	7.50e-03	9.88e-01	4.68e-03
 2.36611e+16	8.20e-03	9.87e-01	4.40e-03
 2.37210e+16	9.08e-03	9.87e-01	4.15e-03
 2.37681e+16	9.91e-03	9.86e-01	3.97e-03
 2.38063e+16	1.07e-02	9.86e-01	3.83e-03
 2.38479e+16	1.16e-02	9.85e-01	3.67e-03
 2.38931e+16	1.28e-02	9.84e-01	3.51e-03
 2.39319e+16	1.41e-02	9.83e-01	3.38e-03
 2.39631e+16	1.52e-02	9.81e-01	3.28e-03
 2.39961e+16	1.66e-02	9.80e-01	3.18e-03
 2.40327e+16	1.84e-02	9.79e-01	3.07e-03
 2.40648e+16	2.04e-02	9.77e-01	2.98e-03
 2.40906e+16	2.23e-02	9.75e-01	2.91e-03
 2.41138e+16	2.41e-02	9.73e-01	2.85e-03
 2.41403e+16	2.66e-02	9.71e-01	2.78e-03
 2.41692e+16	2.98e-02	9.68e-01	2.71e-03
 2.41942e+16	3.32e-02	9.64e-01	2.66e-03
 2.42143e+16	3.64e-02	9.61e-01	2.62e-03
 2.42356e+16	4.03e-02	9.57e-01	2.58e-03
 2.42596e+16	4.55e-02	9.52e-01	2.54e-03
 2.42812e+16	5.12e-02	9.46e-01	2.51e-03
 2.42990e+16	5.68e-02	9.41e-01	2.50e-03
 2.43148e+16	6.25e-02	9.35e-01	2.48e-03
 2.43326e+16	6.99e-02	9.28e-01	2.47e-03
 2.43517e+16	7.91e-02	9.18e-01	2.47e-03
 2.43676e+16	8.86e-02	9.09e-01	2.47e-03
 2.43807e+16	9.73e-02	9.00e-01	2.48e-03
 2.43933e+16	1.07e-01	8.91e-01	2.50e-03
 2.44067e+16	1.18e-01	8.79e-01	2.51e-03
 2.44195e+16	1.31e-01	8.67e-01	2.54e-03
 2.44305e+16	1.43e-01	8.54e-01	2.57e-03
 2.44399e+16	1.55e-01	8.43e-01	2.59e-03
 2.44487e+16	1.66e-01	8.31e-01	2.62e-03
 2.44559e+16	1.76e-01	8.21e-01	2.64e-03
 2.44605e+16	1.84e-01	8.14e-01	2.66e-03
 2.44647e+16	1.90e-01	8.07e-01	2.67e-03
 2.44696e+16	1.98e-01	7.99e-01	2.69e-03
 2.44751e+16	2.08e-01	7.89e-01	2.70e-03
 2.44804e+16	2.18e-01	7.80e-01	2.72e-03
 2.44852e+16	2.27e-01	7.70e-01	2.75e-03
 2.44899e+16	2.37e-01	7.61e-01	2.76e-03
 2.44947e+16	2.46e-01	7.51e-01	2.78e-03
 2.44996e+16	2.57e-01	7.40e-01	2.80e-03
 2.45043e+16	2.68e-01	7.29e-01	2.82e-03
 2.45089e+16	2.79e-01	7.18e-01	2.83e-03
 2.45136e+16	2.90e-01	7.07e-01	2.86e-03
 2.45182e+16	3.02e-01	6.95e-01	2.87e-03
 2.45228e+16	3.14e-01	6.83e-01	2.89e-03
 2.45273e+16	3.27e-01	6.70e-01	2.91e-03
 2.45318e+16	3.40e-01	6.57e-01	2.92e-03
 2.45362e+16	3.53e-01	6.44e-01	2.94e-03
 2.45406e+16	3.66e-01	6.31e-01	2.95e-03
 2.45449e+16	3.79e-01	6.18e-01	2.96e-03
 2.45493e+16	3.94e-01	6.03e-01	2.97e-03
 2.45536e+16	4.08e-01	5.89e-01	2.98e-03
 2.45578e+16	4.22e-01	5.75e-01	2.99e-03
 2.45621e+16	4.37e-01	5.60e-01	2.99e-03
 2.45663e+16	4.51e-01	5.46e-01	3.00e-03
 2.45705e+16	4.66e-01	5.31e-01	3.00e-03
 2.45746e+16	4.81e-01	5.16e-01	3.00e-03
 2.45788e+16	4.97e-01	5.00e-01	3.00e-03
 2.45829e+16	5.12e-01	4.85e-01	2.99e-03
 2.45868e+16	5.27e-01	4.70e-01	2.98e-03
 2.45908e+16	5.42e-01	4.55e-01	2.97e-03
 2.45947e+16	5.57e-01	4.40e-01	2.96e-03
 2.45986e+16	5.72e-01	4.25e-01	2.94e-03
 2.46024e+16	5.86e-01	4.11e-01	2.92e-03
 2.46062e+16	6.01e-01	3.96e-01	2.90e-03
 2.46099e+16	6.15e-01	3.83e-01	2.88e-03
 2.46136e+16	6.29e-01	3.69e-01	2.85e-03
 2.46172e+16	6.42e-01	3.55e-01	2.83e-03
 2.46209e+16	6.55e-01	3.42e-01	2.80e-03
 2.46244e+16	6.69e-01	3.28e-01	2.76e-03
 2.46281e+16	6.82e-01	3.15e-01	2.72e-03
 2.46317e+16	6.95e-01	3.03e-01	2.68e-03
 2.46353e+16	7.07e-01	2.90e-01	2.63e-03
 2.46389e+16	7.20e-01	2.78e-01	2.58e-03
 2.46425e+16	7.31e-01	2.66e-01	2.54e-03
 2.46461e+16	7.43e-01	2.55e-01	2.49e-03
 2.46497e+16	7.54e-01	2.43e-01	2.43e-03
 2.46534e+16	7.65e-01	2.32e-01	2.38e-03
 2.46571e+16	7.76e-01	2.22e-01	2.32e-03
 2.46609e+16	7.87e-01	2.11e-01	2.26e-03
 2.46647e+16	7.97e-01	2.01e-01	2.20e-03
 2.46686e+16	8.07e-01	1.91e-01	2.13e-03
 2.46726e+16	8.16e-01	1.82e-01	2.07e-03
 2.46768e+16	8.26e-01	1.72e-01	2.00e-03
 2.46810e+16	8.35e-01	1.63e-01	1.93e-03
 2.46846e+16	8.42e-01	1.56e-01	1.87e-03
 2.46873e+16	8.47e-01	1.51e-01	1.82e-03
 2.46898e+16	8.51e-01	1.47e-01	1.78e-03
 2.46924e+16	8.56e-01	1.42e-01	1.74e-03
 2.46951e+16	8.61e-01	1.38e-01	1.70e-03
 2.46979e+16	8.65e-01	1.33e-01	1.66e-03
 2.47007e+16	8.69e-01	1.29e-01	1.62e-03
 2.47035e+16	8.73e-01	1.25e-01	1.58e-03
 2.47063e+16	8.77e-01	1.22e-01	1.54e-03
 2.47091e+16	8.80e-01	1.18e-01	1.50e-03
 2.47120e+16	8.84e-01	1.15e-01	1.47e-03
 2.47149e+16	8.87e-01	1.11e-01	1.43e-03
 2.47179e+16	8.90e-01	1.08e-01	1.40e-03
 2.47210e+16	8.93e-01	1.05e-01	1.37e-03
 2.47241e+16	8.96e-01	1.03e-01	1.34e-03
 2.47274e+16	8.99e-01	1.00e-01	1.31e-03
 2.47310e+16	9.01e-01	9.73e-02	1.27e-03
 2.47346e+16	9.04e-01	9.49e-02	1.25e-03
 2.47384e+16	9.06e-01	9.24e-02	1.21e-03
 2.47424e+16	9.09e-01	9.01e-02	1.18e-03
 2.47466e+16	9.11e-01	8.79e-02	1.16e-03
 2.47513e+16	9.13e-01	8.58e-02	1.13e-03
 2.47566e+16	9.15e-01	8.36e-02	1.10e-03
 2.47623e+16	9.17e-01	8.16e-02	1.07e-03
 2.47687e+16	9.19e-01	7.97e-02	1.05e-03
 2.47759e+16	9.21e-01	7.78e-02	1.02e-03
 2.47844e+16	9.23e-01	7.59e-02	9.93e-04
 2.47943e+16	9.25e-01	7.42e-02	9.65e-04
 2.48064e+16	9.27e-01	7.25e-02	9.36e-04
 2.48222e+16	9.28e-01	7.08e-02	9.04e-04
 2.48427e+16	9.30e-01	6.91e-02	8.69e-04
 2.48693e+16	9.32e-01	6.73e-02	8.30e-04
 2.49035e+16	9.34e-01	6.55e-02	7.86e-04
 2.49437e+16	9.36e-01	6.36e-02	7.40e-04
 2.49851e+16	9.37e-01	6.18e-02	6.96e-04
 2.50250e+16	9.39e-01	6.02e-02	6.58e-04
 2.50638e+16	9.41e-01	5.86e-02	6.22e-04
 2.51009e+16	9.42e-01	5.72e-02	5.90e-04
 2.51346e+16	9.44e-01	5.59e-02	5.62e-04
 2.51653e+16	9.45e-01	5.48e-02	5.38e-04
 2.51933e+16	9.46e-01	5.38e-02	5.18e-04
 2.52187e+16	9.47e-01	5.29e-02	4.99e-04
 2.52419e+16	9.47e-01	5.20e-02	4.82e-04
 2.52629e+16	9.48e-01	5.13e-02	4.68e-04
 2.52860e+16	9.49e-01	5.05e-02	4.52e-04
 2.53109e+16	9.50e-01	4.96e-02	4.36e-04
 2.53336e+16	9.51e-01	4.89e-02	4.23e-04
 2.53542e+16	9.51e-01	4.82e-02	4.09e-04
 2.53768e+16	9.52e-01	4.74e-02	3.96e-04
 2.54013e+16	9.53e-01	4.66e-02	3.83e-04
 2.54235e+16	9.54e-01	4.59e-02	3.70e-04
 2.54437e+16	9.54e-01	4.52e-02	3.59e-04
 2.54621e+16	9.55e-01	4.47e-02	3.49e-04
 2.54822e+16	9.56e-01	4.40e-02	3.39e-04
 2.55040e+16	9.56e-01	4.33e-02	3.27e-04
 2.55238e+16	9.57e-01	4.27e-02	3.18e-04
 2.55418e+16	9.58e-01	4.21e-02	3.09e-04
 2.55616e+16	9.58e-01	4.15e-02	2.99e-04
 2.55829e+16	9.59e-01	4.09e-02	2.90e-04
 2.56023e+16	9.59e-01	4.03e-02	2.81e-04
 2.56199e+16	9.60e-01	3.98e-02	2.74e-04
 2.56360e+16	9.60e-01	3.93e-02	2.67e-04
 2.56536e+16	9.61e-01	3.87e-02	2.59e-04
 2.56726e+16	9.62e-01	3.82e-02	2.51e-04
 2.56899e+16	9.62e-01	3.77e-02	2.45e-04
 2.57057e+16	9.63e-01	3.72e-02	2.39e-04
 2.57229e+16	9.63e-01	3.67e-02	2.32e-04
 2.57415e+16	9.64e-01	3.62e-02	2.25e-04
 2.57585e+16	9.64e-01	3.57e-02	2.19e-04
 2.57739e+16	9.64e-01	3.53e-02	2.14e-04
 2.57908e+16	9.65e-01	3.48e-02	2.08e-04
 2.58090e+16	9.65e-01	3.43e-02	2.02e-04
 2.58256e+16	9.66e-01	3.39e-02	1.97e-04
 2.58407e+16	9.66e-01	3.35e-02	1.92e-04
 2.58573e+16	9.67e-01	3.30e-02	1.87e-04
 2.58751e+16	9.67e-01	3.26e-02	1.81e-04
 2.58914e+16	9.68e-01	3.22e-02	1.77e-04
 2.59062e+16	9.68e-01	3.18e-02	1.73e-04
 2.59224e+16	9.68e-01	3.14e-02	1.68e-04
 2.59399e+16	9.69e-01	3.10e-02	1.63e-04
 2.59558e+16	9.69e-01	3.06e-02	1.59e-04
 2.59733e+16	9.70e-01	3.01e-02	1.55e-04
 2.59921e+16	9.70e-01	2.97e-02	1.50e-04
 2.60093e+16	9.71e-01	2.93e-02	1.46e-04
 2.60249e+16	9.71e-01	2.90e-02	1.43e-04
 2.60420e+16	9.71e-01	2.86e-02	1.39e-04
 2.60604e+16	9.72e-01	2.82e-02	1.35e-04
 2.60772e+16	9.72e-01	2.78e-02	1.32e-04
 2.60957e+16	9.72e-01	2.74e-02	1.28e-04
 2.61155e+16	9.73e-01	2.70e-02	1.24e-04
 2.61336e+16	9.73e-01	2.67e-02	1.21e-04
 2.61534e+16	9.74e-01	2.63e-02	1.17e-04
 2.61748e+16	9.74e-01	2.58e-02	1.14e-04
 2.61943e+16	9.74e-01	2.55e-02	1.10e-04
 2.62120e+16	9.75e-01	2.52e-02	1.08e-04
 2.62314e+16	9.75e-01	2.48e-02	1.04e-04
 2.62524e+16	9.75e-01	2.44e-02	1.01e-04
 2.62714e+16	9.76e-01	2.41e-02	9.86e-05
 2.62923e+16	9.76e-01	2.37e-02	9.55e-05
 2.63149e+16	9.77e-01	2.33e-02	9.25e-05
 2.63354e+16	9.77e-01	2.30e-02	8.99e-05
 2.63541e+16	9.77e-01	2.27e-02	8.75e-05
 2.63746e+16	9.78e-01	2.24e-02	8.49e-05
 2.63967e+16	9.78e-01	2.20e-02	8.24e-05
 2.64168e+16	9.78e-01	2.17e-02	8.01e-05
 2.64389e+16	9.79e-01	2.14e-02	7.76e-05
 2.64626e+16	9.79e-01	2.10e-02	7.51e-05
 2.64843e+16	9.79e-01	2.07e-02	7.30e-05
 2.65080e+16	9.80e-01	2.04e-02	7.05e-05
 2.65336e+16	9.80e-01	2.00e-02	6.82e-05
 2.65570e+16	9.80e-01	1.97e-02	6.61e-05
 2.65782e+16	9.80e-01	1.94e-02	6.43e-05
 2.66014e+16	9.81e-01	1.91e-02	6.22e-05
 2.66265e+16	9.81e-01	1.88e-02	6.03e-05
 2.66493e+16	9.81e-01	1.85e-02	5.85e-05
 2.66744e+16	9.82e-01	1.82e-02	5.65e-05
 2.67014e+16	9.82e-01	1.79e-02	5.46e-05
 2.67260e+16	9.82e-01	1.76e-02	5.30e-05
 2.67529e+16	9.83e-01	1.73e-02	5.11e-05
 2.67820e+16	9.83e-01	1.70e-02	4.93e-05
 2.68084e+16	9.83e-01	1.67e-02	4.77e-05
 2.68374e+16	9.84e-01	1.64e-02	4.59e-05
 2.68687e+16	9.84e-01	1.61e-02	4.42e-05
 2.68972e+16	9.84e-01	1.58e-02	4.27e-05
 2.69232e+16	9.84e-01	1.56e-02	4.14e-05
 2.69516e+16	9.85e-01	1.53e-02	3.99e-05
 2.69822e+16	9.85e-01	1.50e-02	3.85e-05
 2.70101e+16	9.85e-01	1.48e-02	3.73e-05
 2.70407e+16	9.85e-01	1.45e-02	3.59e-05
 2.70738e+16	9.86e-01	1.42e-02	3.45e-05
 2.71038e+16	9.86e-01	1.40e-02	3.34e-05
 2.71367e+16	9.86e-01	1.37e-02	3.21e-05
 2.71723e+16	9.87e-01	1.34e-02	3.08e-05
 2.72046e+16	9.87e-01	1.32e-02	2.97e-05
 2.72401e+16	9.87e-01	1.29e-02	2.85e-05
 2.72783e+16	9.87e-01	1.26e-02	2.73e-05
 2.73131e+16	9.88e-01	1.24e-02	2.63e-05
 2.73513e+16	9.88e-01	1.21e-02	2.52e-05
 2.73925e+16	9.88e-01	1.18e-02	2.41e-05
 2.74300e+16	9.88e-01	1.16e-02	2.31e-05
 2.74710e+16	9.89e-01	1.13e-02	2.21e-05
 2.75154e+16	9.89e-01	1.11e-02	2.11e-05
 2.75557e+16	9.89e-01	1.08e-02	2.02e-05
 2.75925e+16	9.89e-01	1.06e-02	1.95e-05
 2.76327e+16	9.90e-01	1.04e-02	1.87e-05
 2.76761e+16	9.90e-01	1.02e-02	1.79e-05
 2.77157e+16	9.90e-01	9.97e-03	1.72e-05
 2.77590e+16	9.90e-01	9.75e-03	1.64e-05
 2.78058e+16	9.90e-01	9.52e-03	1.57e-05
 2.78483e+16	9.91e-01	9.32e-03	1.50e-05
 2.78950e+16	9.91e-01	9.10e-03	1.43e-05
 2.79453e+16	9.91e-01	8.88e-03	1.36e-05
 2.79911e+16	9.91e-01	8.68e-03	1.31e-05
 2.80413e+16	9.92e-01	8.47e-03	1.24e-05
 2.80955e+16	9.92e-01	8.25e-03	1.18e-05
 2.81448e+16	9.92e-01	8.06e-03	1.13e-05
 2.81989e+16	9.92e-01	7.85e-03	1.07e-05
 2.82572e+16	9.92e-01	7.64e-03	1.02e-05
 2.83103e+16	9.93e-01	7.46e-03	9.69e-06
 2.83685e+16	9.93e-01	7.26e-03	9.17e-06
 2.84313e+16	9.93e-01	7.05e-03	8.67e-06
 2.84885e+16	9.93e-01	6.88e-03	8.25e-06
 2.85511e+16	9.93e-01	6.68e-03	7.79e-06
 2.86187e+16	9.94e-01	6.48e-03	7.34e-06
 2.86928e+16	9.94e-01	6.27e-03	6.87e-06
 2.87837e+16	9.94e-01	6.02e-03	6.34e-06
 2.88823e+16	9.94e-01	5.77e-03	5.83e-06
 2.89830e+16	9.94e-01	5.53e-03	5.36e-06
 2.90874e+16	9.95e-01	5.29e-03	4.91e-06
 2.91960e+16	9.95e-01	5.06e-03	4.50e-06
 2.93085e+16	9.95e-01	4.83e-03	4.11e-06
 2.94252e+16	9.95e-01	4.61e-03	3.74e-06
 2.95455e+16	9.96e-01	4.39e-03	3.40e-06
 2.96682e+16	9.96e-01	4.19e-03	3.10e-06
 2.97927e+16	9.96e-01	3.99e-03	2.81e-06
 2.99196e+16	9.96e-01	3.80e-03	2.56e-06
 3.00490e+16	9.96e-01	3.62e-03	2.32e-06
 3.01808e+16	9.97e-01	3.44e-03	2.11e-06
 3.03149e+16	9.97e-01	3.28e-03	1.91e-06
 3.04516e+16	9.97e-01	3.12e-03	1.73e-06
 3.05907e+16	9.97e-01	2.97e-03	1.57e-06
 3.07324e+16	9.97e-01	2.82e-03	1.42e-06
 3.08744e+16	9.97e-01	2.68e-03	1.28e-06
 3.10185e+16	9.97e-01	2.55e-03	1.16e-06
 3.11683e+16	9.98e-01	2.42e-03	1.05e-06
 3.13216e+16	9.98e-01	2.30e-03	9.43e-07
 3.14770e+16	9.98e-01	2.18e-03	8.50e-07
 3.16350e+16	9.98e-01	2.06e-03	7.64e-07
 3.17961e+16	9.98e-01	1.96e-03	6.87e-07
 3.19605e+16	9.98e-01	1.85e-03	6.16e-07
 3.21280e+16	9.98e-01	1.75e-03	5.53e-07
 3.22989e+16	9.98e-01	1.66e-03	4.95e-07
 3.24732e+16	9.98e-01	1.57e-03	4.42e-07
 3.26512e+16	9.99e-01	1.48e-03	3.95e-07
 3.28328e+16	9.99e-01	1.40e-03	3.52e-07
 3.30183e+16	9.99e-01	1.32e-03	3.13e-07
 3.32077e+16	9.99e-01	1.24e-03	2.78e-07
 3.34013e+16	9.99e-01	1.17e-03	2.47e-07
 3.35993e+16	9.99e-01	1.10e-03	2.19e-07
 3.38019e+16	9.99e-01	1.03e-03	1.93e-07
 3.40092e+16	9.99e-01	9.69e-04	1.70e-07
 3.42216e+16	9.99e-01	9.09e-04	1.50e-07
 3.44393e+16	9.99e-01	8.51e-04	1.31e-07
 3.46627e+16	9.99e-01	7.95e-04	1.15e-07
 3.48920e+16	9.99e-01	7.43e-04	1.00e-07
 3.51275e+16	9.99e-01	6.93e-04	8.73e-08
 3.53702e+16	9.99e-01	6.46e-04	7.59e-08
 3.56163e+16	9.99e-01	6.01e-04	6.58e-08
 3.58675e+16	9.99e-01	5.59e-04	5.69e-08
 3.61317e+16	9.99e-01	5.18e-04	4.88e-08
 3.64086e+16	1.00e+00	4.78e-04	4.16e-08
 3.66951e+16	1.00e+00	4.41e-04	3.53e-08
 3.69914e+16	1.00e+00	4.05e-04	2.98e-08
 3.72998e+16	1.00e+00	3.71e-04	2.50e-08
 3.76220e+16	1.00e+00	3.39e-04	2.09e-08
 3.79595e+16	1.00e+00	3.08e-04	1.72e-08
 3.83147e+16	1.00e+00	2.79e-04	1.41e-08
 3.86894e+16	1.00e+00	2.51e-04	1.15e-08
 3.90851e+16	1.00e+00	2.25e-04	9.18e-09
 3.95083e+16	1.00e+00	2.00e-04	7.26e-09
 3.99625e+16	1.00e+00	1.77e-04	5.65e-09
 4.04493e+16	1.00e+00	1.55e-04	4.32e-09
 4.09767e+16	1.00e+00	1.34e-04	3.23e-09
 4.15557e+16	1.00e+00	1.14e-04	2.35e-09
 4.21994e+16	1.00e+00	9.59e-05	1.66e-09
 4.29251e+16	1.00e+00	7.88e-05	1.12e-09
 4.37639e+16	1.00e+00	6.29e-05	7.12e-10
 4.47009e+16	1.00e+00	4.91e-05	4.35e-10
 4.56661e+16	1.00e+00	3.82e-05	2.64e-10
 4.66183e+16	1.00e+00	3.00e-05	1.63e-10
 4.75659e+16	1.00e+00	2.35e-05	1.01e-10
 4.85278e+16	1.00e+00	1.85e-05	6.24e-11
 4.95111e+16	1.00e+00	1.45e-05	3.85e-11
 5.05160e+16	1.00e+00	1.13e-05	2.36e-11
 5.15382e+16	1.00e+00	8.86e-06	1.45e-11
 5.25841e+16	1.00e+00	6.93e-06	8.92e-12
 5.36626e+16	1.00e+00	5.39e-06	5.43e-12
 5.47707e+16	1.00e+00	4.19e-06	3.29e-12
 5.59057e+16	1.00e+00	3.25e-06	1.99e-12
 5.70772e+16	1.00e+00	2.52e-06	1.20e-12
 5.82988e+16	1.00e+00	1.94e-06	7.15e-13
 5.95734e+16	1.00e+00	1.48e-06	4.21e-13
 6.08999e+16	1.00e+00	1.13e-06	2.45e-13
 6.22822e+16	1.00e+00	8.57e-07	1.42e-13
 6.37316e+16	1.00e+00	6.46e-07	8.06e-14
 6.52588e+16	1.00e+00	4.82e-07	4.51e-14
 6.68248e+16	1.00e+00	3.61e-07	2.53e-14
 6.84784e+16	1.00e+00	2.67e-07	1.39e-14
 7.03358e+16	1.00e+00	1.92e-07	7.19e-15
 7.23712e+16	1.00e+00	1.35e-07	3.59e-15
 7.45702e+16	1.00e+00	9.37e-08	1.73e-15
 7.69321e+16	1.00e+00	6.41e-08	8.09e-16
 7.93788e+16	1.00e+00	4.39e-08	3.80e-16
 8.18491e+16	1.00e+00	3.03e-08	1.81e-16
 8.43761e+16	1.00e+00	2.09e-08	8.69e-17
 8.70087e+16	1.00e+00	1.44e-08	4.13e-17
 8.97237e+16	1.00e+00	9.95e-09	1.97e-17
 9.25017e+16	1.00e+00	6.88e-09	9.42e-18
 9.53266e+16	1.00e+00	4.78e-09	4.55e-18
 9.81686e+16	1.00e+00	3.35e-09	2.24e-18
 1.01011e+17	1.00e+00	2.37e-09	1.12e-18
 1.03853e+17	1.00e+00	1.69e-09	5.71e-19
 1.06695e+17	1.00e+00	1.22e-09	2.96e-19
 1.09537e+17	1.00e+00	8.81e-10	1.56e-19
 1.12516e+17	1.00e+00	6.32e-10	8.02e-20
 1.15640e+17	1.00e+00	4.52e-10	4.10e-20
 1.18770e+17	1.00e+00	3.25e-10	2.13e-20
 1.21899e+17	1.00e+00	2.36e-10	1.12e-20
 1.25026e+17	1.00e+00	1.73e-10	6.01e-21
 1.28131e+17	1.00e+00	1.28e-10	0.00e+00
 1.31187e+17	1.00e+00	9.55e-11	0.00e+00
 1.34179e+17	1.00e+00	7.25e-11	0.00e+00
 1.37094e+17	1.00e+00	5.57e-11	0.00e+00
 1.39921e+17	1.00e+00	4.35e-11	0.00e+00
 1.42655e+17	1.00e+00	3.44e-11	0.00e+00
 1.45289e+17	1.00e+00	2.77e-11	0.00e+00
 1.47817e+17	1.00e+00	2.26e-11	0.00e+00
 1.50234e+17	1.00e+00	1.87e-11	0.00e+00
 1.52545e+17	1.00e+00	1.57e-11	0.00e+00
 1.54748e+17	1.00e+00	1.34e-11	0.00e+00
 1.56844e+17	1.00e+00	1.16e-11	0.00e+00
 1.58834e+17	1.00e+00	1.01e-11	0.00e+00
 1.60723e+17	1.00e+00	8.96e-12	0.00e+00
 1.62514e+17	1.00e+00	8.02e-12	0.00e+00
 1.64211e+17	1.00e+00	7.25e-12	0.00e+00
 1.65820e+17	1.00e+00	6.62e-12	0.00e+00
 1.67344e+17	1.00e+00	6.10e-12	0.00e+00
 1.68786e+17	1.00e+00	5.66e-12	0.00e+00
 1.70153e+17	1.00e+00	5.29e-12	0.00e+00
 1.71447e+17	1.00e+00	4.98e-12	0.00e+00
 1.72672e+17	1.00e+00	4.71e-12	0.00e+00
 1.73834e+17	1.00e+00	4.48e-12	0.00e+00
 1.74935e+17	1.00e+00	4.28e-12	0.00e+00
 1.75979e+17	1.00e+00	4.11e-12	0.00e+00
 1.76968e+17	1.00e+00	3.96e-12	0.00e+00
 1.77906e+17	1.00e+00	3.83e-12	0.00e+00
 1.78795e+17	1.00e+00	3.72e-12	0.00e+00
 1.79640e+17	1.00e+00	3.61e-12	0.00e+00
 1.80443e+17	1.00e+00	3.52e-12	0.00e+00
 1.81205e+17	1.00e+00	3.44e-12	0.00e+00
 1.81929e+17	1.00e+00	3.37e-12	0.00e+00
 1.82617e+17	1.00e+00	3.30e-12	0.00e+00
 1.83272e+17	1.00e+00	3.25e-12	0.00e+00
 1.83895e+17	1.00e+00	3.20e-12	0.00e+00
 1.84488e+17	1.00e+00	3.15e-12	0.00e+00
 1.85054e+17	1.00e+00	3.10e-12	0.00e+00
 1.85593e+17	1.00e+00	3.06e-12	0.00e+00
 1.86107e+17	1.00e+00	3.03e-12	0.00e+00
 1.86597e+17	1.00e+00	2.99e-12	0.00e+00
 1.87066e+17	1.00e+00	2.96e-12	0.00e+00
 1.87515e+17	1.00e+00	2.93e-12	0.00e+00
 1.87944e+17	1.00e+00	2.91e-12	0.00e+00
 1.88355e+17	1.00e+00	2.88e-12	0.00e+00
 1.88750e+17	1.00e+00	2.86e-12	0.00e+00
 1.89129e+17	1.00e+00	2.84e-12	0.00e+00
 1.89494e+17	1.00e+00	2.82e-12	0.00e+00
 1.89845e+17	1.00e+00	2.80e-12	0.00e+00
 1.90184e+17	1.00e+00	2.78e-12	0.00e+00
 1.90512e+17	1.00e+00	2.77e-12	0.00e+00
 1.90830e+17	1.00e+00	2.75e-12	0.00e+00
 1.91138e+17	1.00e+00	2.74e-12	0.00e+00
 1.91438e+17	1.00e+00	2.72e-12	0.00e+00
 1.91732e+17	1.00e+00	2.71e-12	0.00e+00
 1.92019e+17	1.00e+00	2.70e-12	0.00e+00
 1.92301e+17	1.00e+00	2.68e-12	0.00e+00
 1.92580e+17	1.00e+00	2.67e-12	0.00e+00
 1.92857e+17	1.00e+00	2.66e-12	0.00e+00
 1.93132e+17	1.00e+00	2.65e-12	0.00e+00
 1.93408e+17	1.00e+00	2.63e-12	0.00e+00
 1.93687e+17	1.00e+00	2.62e-12	0.00e+00
 1.93971e+17	1.00e+00	2.61e-12	0.00e+00
 1.94261e+17	1.00e+00	2.60e-12	0.00e+00
 1.94562e+17	1.00e+00	2.59e-12	0.00e+00
 1.94876e+17	1.00e+00	2.57e-12	0.00e+00
 1.95209e+17	1.00e+00	2.56e-12	0.00e+00
 1.95567e+17	1.00e+00	2.55e-12	0.00e+00
 1.95958e+17	1.00e+00	2.53e-12	0.00e+00
 1.96394e+17	1.00e+00	2.51e-12	0.00e+00
 1.96891e+17	1.00e+00	2.49e-12	0.00e+00
 1.97472e+17	1.00e+00	2.47e-12	0.00e+00
 1.98172e+17	1.00e+00	2.44e-12	0.00e+00
 1.99045e+17	1.00e+00	2.40e-12	0.00e+00
 2.00167e+17	1.00e+00	2.34e-12	0.00e+00
 2.01627e+17	1.00e+00	2.27e-12	0.00e+00
 2.03524e+17	1.00e+00	2.18e-12	0.00e+00
 2.05991e+17	1.00e+00	2.05e-12	0.00e+00
 2.09198e+17	1.00e+00	1.89e-12	0.00e+00
 2.13367e+17	1.00e+00	1.70e-12	0.00e+00
 2.18786e+17	1.00e+00	1.47e-12	0.00e+00
 2.25831e+17	1.00e+00	1.21e-12	0.00e+00
 2.34409e+17	1.00e+00	9.36e-13	0.00e+00
 2.43786e+17	1.00e+00	7.56e-13	0.00e+00
 2.53537e+17	1.00e+00	6.75e-13	0.00e+00
 2.63678e+17	1.00e+00	6.15e-13	0.00e+00
 2.74226e+17	1.00e+00	5.60e-13	0.00e+00
 2.85195e+17	1.00e+00	5.07e-13	0.00e+00
 2.96603e+17	1.00e+00	4.57e-13	0.00e+00
 3.08467e+17	1.00e+00	4.09e-13	0.00e+00
 3.20805e+17	1.00e+00	3.62e-13	0.00e+00
 3.33638e+17	1.00e+00	3.18e-13	0.00e+00
 3.46983e+17	1.00e+00	2.76e-13	0.00e+00
 3.60862e+17	1.00e+00	2.37e-13	0.00e+00
 3.74578e+17	1.00e+00	2.00e-13	0.00e+00
 3.86896e+17	1.00e+00	1.98e-13	0.00e+00
 3.97481e+17	1.00e+00	2.23e-13	0.00e+00
 4.07006e+17	1.00e+00	2.41e-13	0.00e+00
 4.16238e+17	1.00e+00	2.36e-13	0.00e+00
 4.25339e+17	1.00e+00	2.14e-13	0.00e+00
 4.33799e+17	1.00e+00	1.94e-13	0.00e+00
 4.41095e+17	1.00e+00	1.88e-13	0.00e+00
 4.46683e+17	1.00e+00	1.88e-13	0.00e+00
 4.50184e+17	1.00e+00	2.00e-13	0.00e+00
 4.52096e+17	1.00e+00	2.13e-13	0.00e+00
 4.53178e+17	1.00e+00	2.21e-13	0.00e+00
 4.53827e+17	1.00e+00	2.25e-13	0.00e+00
 4.54251e+17	1.00e+00	2.28e-13	0.00e+00
 4.54624e+17	1.00e+00	2.29e-13	0.00e+00
 4.55043e+17	1.00e+00	2.31e-13	0.00e+00
 4.55506e+17	1.00e+00	2.32e-13	0.00e+00
 4.55942e+17	1.00e+00	2.33e-13	0.00e+00
 4.56287e+17	1.00e+00	2.33e-13	0.00e+00
 4.56581e+17	1.00e+00	2.33e-13	0.00e+00
 4.56911e+17	1.00e+00	2.34e-13	0.00e+00
 4.57266e+17	1.00e+00	2.33e-13	0.00e+00
 4.57563e+17	1.00e+00	2.33e-13	0.00e+00
 4.57793e+17	1.00e+00	2.33e-13	0.00e+00
 4.58015e+17	1.00e+00	2.33e-13	0.00e+00
 4.58263e+17	1.00e+00	2.33e-13	0.00e+00
 4.58518e+17	1.00e+00	2.32e-13	0.00e+00
 4.58748e+17	1.00e+00	2.32e-13	0.00e+00
 4.58951e+17	1.00e+00	2.31e-13	0.00e+00
 4.59138e+17	1.00e+00	2.31e-13	0.00e+00
 4.59319e+17	1.00e+00	2.30e-13	0.00e+00
 4.59508e+17	1.00e+00	2.30e-13	0.00e+00
 4.59701e+17	1.00e+00	2.29e-13	0.00e+00
 4.59883e+17	1.00e+00	2.28e-13	0.00e+00
 4.60042e+17	1.00e+00	2.28e-13	0.00e+00
 4.60189e+17	1.00e+00	2.27e-13	0.00e+00
 4.60341e+17	1.00e+00	2.27e-13	0.00e+00
 4.60511e+17	1.00e+00	2.26e-13	0.00e+00
 4.60681e+17	1.00e+00	2.25e-13	0.00e+00
 4.60828e+17	1.00e+00	2.25e-13	0.00e+00
 4.60965e+17	1.00e+00	2.24e-13	0.00e+00
 4.61106e+17	1.00e+00	2.24e-13	0.00e+00
 4.61255e+17	1.00e+00	2.23e-13	0.00e+00
 4.61407e+17	1.00e+00	2.22e-13	0.00e+00
 4.61554e+17	1.00e+00	2.21e-13	0.00e+00
 4.61694e+17	1.00e+00	2.21e-13	0.00e+00
 4.61838e+17	1.00e+00	2.20e-13	0.00e+00
 4.61984e+17	1.00e+00	2.19e-13	0.00e+00
 4.62133e+17	1.00e+00	2.18e-13	0.00e+00
 4.62284e+17	1.00e+00	2.17e-13	0.00e+00
 4.62429e+17	1.00e+00	2.16e-13	0.00e+00
 4.62573e+17	1.00e+00	2.15e-13	0.00e+00
 4.62721e+17	1.00e+00	2.14e-13	0.00e+00
 4.62885e+17	1.00e+00	2.13e-13	0.00e+00
 4.63063e+17	1.00e+00	2.12e-13	0.00e+00
 4.63229e+17	1.00e+00	2.11e-13	0.00e+00
 4.63380e+17	1.00e+00	2.10e-13	0.00e+00
 4.63547e+17	1.00e+00	2.09e-13	0.00e+00
 4.63744e+17	1.00e+00	2.08e-13	0.00e+00
 4.63944e+17	1.00e+00	2.06e-13	0.00e+00
 4.64119e+17	1.00e+00	2.05e-13	0.00e+00
 4.64279e+17	1.00e+00	2.04e-13	0.00e+00
 4.64458e+17	1.00e+00	2.02e-13	0.00e+00
 4.64672e+17	1.00e+00	2.01e-13	0.00e+00
 4.64891e+17	1.00e+00	1.99e-13	0.00e+00
 4.65092e+17	1.00e+00	1.97e-13	0.00e+00
 4.65297e+17	1.00e+00	1.96e-13	0.00e+00
 4.65518e+17	1.00e+00	1.94e-13	0.00e+00
 4.65752e+17	1.00e+00	1.92e-13	0.00e+00
 4.65983e+17	1.00e+00	1.90e-13	0.00e+00
 4.66205e+17	1.00e+00	1.89e-13	0.00e+00
 4.66442e+17	1.00e+00	1.87e-13	0.00e+00
 4.66705e+17	1.00e+00	1.85e-13	0.00e+00
 4.66979e+17	1.00e+00	1.82e-13	0.00e+00
 4.67251e+17	1.00e+00	1.80e-13	0.00e+00
 4.67516e+17	1.00e+00	1.78e-13	0.00e+00
 4.67783e+17	1.00e+00	1.76e-13	0.00e+00
 4.68063e+17	1.00e+00	1.73e-13	0.00e+00
 4.68364e+17	1.00e+00	1.71e-13	0.00e+00
 4.68681e+17	1.00e+00	1.68e-13	0.00e+00
 4.69000e+17	1.00e+00	1.65e-13	0.00e+00
 4.69305e+17	1.00e+00	1.63e-13	0.00e+00
 4.69629e+17	1.00e+00	1.60e-13	0.00e+00
 4.69980e+17	1.00e+00	1.57e-13	0.00e+00
 4.70345e+17	1.00e+00	1.54e-13	0.00e+00
 4.70715e+17	1.00e+00	1.51e-13	0.00e+00
 4.71071e+17	1.00e+00	1.48e-13	0.00e+00
 4.71435e+17	1.00e+00	1.45e-13	0.00e+00
 4.71830e+17	1.00e+00	1.42e-13	0.00e+00
 4.72246e+17	1.00e+00	1.38e-13	0.00e+00
 4.72663e+17	1.00e+00	1.35e-13	0.00e+00
 4.73076e+17	1.00e+00	1.31e-13	0.00e+00
 4.73489e+17	1.00e+00	1.28e-13	0.00e+00
 4.73913e+17	1.00e+00	1.24e-13	0.00e+00
 4.74364e+17	1.00e+00	1.21e-13	0.00e+00
 4.74838e+17	1.00e+00	1.17e-13	0.00e+00
 4.75312e+17	1.00e+00	1.13e-13	0.00e+00
 4.75779e+17	1.00e+00	1.10e-13	0.00e+00
 4.76256e+17	1.00e+00	1.06e-13	0.00e+00
 4.76760e+17	1.00e+00	1.02e-13	0.00e+00
 4.77282e+17	1.00e+00	9.84e-14	0.00e+00
 4.77810e+17	1.00e+00	9.46e-14	0.00e+00
 4.78337e+17	1.00e+00	9.08e-14	0.00e+00
 4.78879e+17	1.00e+00	8.71e-14	0.00e+00
 4.79437e+17	1.00e+00	8.32e-14	0.00e+00
 4.80000e+17	1.00e+00	7.95e-14	0.00e+00
 4.80568e+17	1.00e+00	7.58e-14	0.00e+00
 4.81168e+17	1.00e+00	7.22e-14	0.00e+00
 4.81791e+17	1.00e+00	6.83e-14	0.00e+00
 4.82420e+17	1.00e+00	6.45e-14	0.00e+00
 4.83053e+17	1.00e+00	6.09e-14	0.00e+00
 4.83687e+17	1.00e+00	5.74e-14	0.00e+00
 4.84342e+17	1.00e+00	5.40e-14	0.00e+00
 4.85038e+17	1.00e+00	5.06e-14	0.00e+00
 4.85776e+17	1.00e+00	4.70e-14	0.00e+00
 4.86521e+17	1.00e+00	4.35e-14	0.00e+00
 4.87251e+17	1.00e+00	4.02e-14	0.00e+00
 4.87933e+17	1.00e+00	3.73e-14	0.00e+00
 4.88534e+17	1.00e+00	3.47e-14	0.00e+00
 4.89059e+17	1.00e+00	3.27e-14	0.00e+00
 4.89541e+17	1.00e+00	3.09e-14	0.00e+00
 4.90012e+17	1.00e+00	2.93e-14	0.00e+00
 4.90476e+17	1.00e+00	2.78e-14	0.00e+00
 4.90919e+17	1.00e+00	2.63e-14	0.00e+00
 4.91332e+17	1.00e+00	2.50e-14	0.00e+00
 4.91718e+17	1.00e+00	2.39e-14	0.00e+00
 4.92086e+17	1.00e+00	2.28e-14	0.00e+00
 4.92447e+17	1.00e+00	2.18e-14	0.00e+00
 4.92800e+17	1.00e+00	2.08e-14	0.00e+00
 4.93139e+17	1.00e+00	1.99e-14	0.00e+00
 4.93461e+17	1.00e+00	1.91e-14	0.00e+00
 4.93770e+17	1.00e+00	1.83e-14	0.00e+00
 4.94069e+17	1.00e+00	1.76e-14	0.00e+00
 4.94361e+17	1.00e+00	1.69e-14	0.00e+00
 4.94643e+17	1.00e+00	1.63e-14	0.00e+00
 4.94916e+17	1.00e+00	1.57e-14	0.00e+00
 4.95179e+17	1.00e+00	1.51e-14	0.00e+00
 4.95434e+17	1.00e+00	1.45e-14	0.00e+00
 4.95680e+17	1.00e+00	1.40e-14	0.00e+00
 4.95919e+17	1.00e+00	1.35e-14	0.00e+00
 4.96152e+17	1.00e+00	1.30e-14	0.00e+00
 4.96379e+17	1.00e+00	1.26e-14	0.00e+00
 4.96600e+17	1.00e+00	1.21e-14	0.00e+00
 4.96815e+17	1.00e+00	1.17e-14	0.00e+00
 4.97026e+17	1.00e+00	1.13e-14	0.00e+00
 4.97227e+17	1.00e+00	1.09e-14	0.00e+00
 4.97421e+17	1.00e+00	1.06e-14	0.00e+00
 4.97641e+17	1.00e+00	1.03e-14	0.00e+00
 4.97927e+17	1.00e+00	9.84e-15	0.00e+00
 4.98299e+17	1.00e+00	9.32e-15	0.00e+00
 4.98783e+17	1.00e+00	8.65e-15	0.00e+00
 4.99412e+17	1.00e+00	7.84e-15	0.00e+00
 5.00230e+17	1.00e+00	6.88e-15	0.00e+00
 5.01236e+17	1.00e+00	5.78e-15	0.00e+00
 5.02225e+17	1.00e+00	4.68e-15	0.00e+00
 5.02969e+17	1.00e+00	3.94e-15	0.00e+00
 5.03497e+17	1.00e+00	3.50e-15	0.00e+00
 5.03962e+17	1.00e+00	3.19e-15	0.00e+00
 5.04488e+17	1.00e+00	2.90e-15	0.00e+00
 5.05104e+17	1.00e+00	2.58e-15	0.00e+00
 5.05750e+17	1.00e+00	2.27e-15	0.00e+00
 5.06345e+17	1.00e+00	1.99e-15	0.00e+00
 5.06875e+17	1.00e+00	1.78e-15	0.00e+00
 5.07392e+17	1.00e+00	1.61e-15	0.00e+00
 5.07954e+17	1.00e+00	1.44e-15	0.00e+00
 5.08572e+17	1.00e+00	1.28e-15	0.00e+00
 5.09219e+17	1.00e+00	1.12e-15	0.00e+00
 5.09863e+17	1.00e+00	9.86e-16	0.00e+00
 5.10513e+17	1.00e+00	8.66e-16	0.00e+00
