#depth	He	He+	He+2
 1.49634e+10	2.56e-23	2.50e-12	1.00e+00
 4.54887e+10	2.85e-23	2.71e-12	1.00e+00
 7.72350e+10	3.16e-23	2.93e-12	1.00e+00
 1.10251e+11	3.51e-23	3.17e-12	1.00e+00
 1.44588e+11	3.90e-23	3.43e-12	1.00e+00
 1.80298e+11	4.33e-23	3.72e-12	1.00e+00
 2.17437e+11	4.82e-23	4.02e-12	1.00e+00
 2.56061e+11	5.37e-23	4.36e-12	1.00e+00
 2.96231e+11	5.99e-23	4.72e-12	1.00e+00
 3.38007e+11	6.69e-23	5.11e-12	1.00e+00
 3.81454e+11	7.49e-23	5.54e-12	1.00e+00
 4.26639e+11	8.38e-23	6.00e-12	1.00e+00
 4.73631e+11	9.40e-23	6.50e-12	1.00e+00
 5.22503e+11	1.06e-22	7.05e-12	1.00e+00
 5.69964e+11	1.18e-22	7.60e-12	1.00e+00
 6.13731e+11	1.30e-22	8.12e-12	1.00e+00
 6.62536e+11	1.45e-22	8.74e-12	1.00e+00
 7.18888e+11	1.63e-22	9.47e-12	1.00e+00
 7.74437e+11	1.83e-22	1.02e-11	1.00e+00
 8.32209e+11	2.06e-22	1.11e-11	1.00e+00
 8.95424e+11	2.34e-22	1.20e-11	1.00e+00
 9.59548e+11	2.65e-22	1.30e-11	1.00e+00
 1.02624e+12	3.00e-22	1.41e-11	1.00e+00
 1.09721e+12	3.42e-22	1.53e-11	1.00e+00
 1.17103e+12	3.90e-22	1.66e-11	1.00e+00
 1.24780e+12	4.45e-22	1.80e-11	1.00e+00
 1.32764e+12	5.09e-22	1.96e-11	1.00e+00
 1.41067e+12	5.82e-22	2.13e-11	1.00e+00
 1.49702e+12	6.68e-22	2.32e-11	1.00e+00
 1.58683e+12	7.67e-22	2.52e-11	1.00e+00
 1.67144e+12	8.71e-22	2.72e-11	1.00e+00
 1.74739e+12	9.72e-22	2.91e-11	1.00e+00
 1.83277e+12	1.10e-21	3.13e-11	1.00e+00
 1.93361e+12	1.26e-21	3.40e-11	1.00e+00
 2.03479e+12	1.44e-21	3.69e-11	1.00e+00
 2.13014e+12	1.64e-21	3.97e-11	1.00e+00
 2.23540e+12	1.86e-21	4.31e-11	1.00e+00
 2.35474e+12	2.16e-21	4.70e-11	1.00e+00
 2.47437e+12	2.49e-21	5.11e-11	1.00e+00
 2.59878e+12	2.87e-21	5.57e-11	1.00e+00
 2.73266e+12	3.33e-21	6.08e-11	1.00e+00
 2.85831e+12	3.81e-21	6.59e-11	1.00e+00
 2.97063e+12	4.28e-21	7.07e-11	1.00e+00
 3.09697e+12	4.85e-21	7.64e-11	1.00e+00
 3.24671e+12	5.62e-21	8.34e-11	1.00e+00
 3.39700e+12	6.48e-21	9.09e-11	1.00e+00
 3.53783e+12	7.36e-21	9.83e-11	1.00e+00
 3.69379e+12	8.42e-21	1.07e-10	1.00e+00
 3.87147e+12	9.80e-21	1.17e-10	1.00e+00
 4.04634e+12	1.13e-20	1.28e-10	1.00e+00
 4.22820e+12	1.30e-20	1.40e-10	1.00e+00
 4.42726e+12	1.51e-20	1.54e-10	1.00e+00
 4.62725e+12	1.75e-20	1.69e-10	1.00e+00
 4.83524e+12	2.01e-20	1.86e-10	1.00e+00
 5.05858e+12	2.33e-20	2.05e-10	1.00e+00
 5.28006e+12	2.68e-20	2.24e-10	1.00e+00
 5.51040e+12	3.08e-20	2.47e-10	1.00e+00
 5.76074e+12	3.56e-20	2.72e-10	1.00e+00
 6.02110e+12	4.10e-20	3.01e-10	1.00e+00
 6.29187e+12	4.72e-20	3.32e-10	1.00e+00
 6.57347e+12	5.43e-20	3.68e-10	1.00e+00
 6.86634e+12	6.23e-20	4.07e-10	1.00e+00
 7.13166e+12	7.02e-20	4.45e-10	1.00e+00
 7.35344e+12	7.72e-20	4.78e-10	1.00e+00
 7.59671e+12	8.52e-20	5.17e-10	1.00e+00
 7.90385e+12	9.62e-20	5.68e-10	1.00e+00
 8.22388e+12	1.09e-19	6.25e-10	1.00e+00
 8.49643e+12	1.20e-19	6.77e-10	1.00e+00
 8.77738e+12	1.32e-19	7.32e-10	1.00e+00
 9.12987e+12	1.49e-19	8.06e-10	1.00e+00
 9.48757e+12	1.67e-19	8.86e-10	1.00e+00
 9.79584e+12	1.83e-19	9.58e-10	1.00e+00
 1.01277e+13	2.02e-19	1.04e-09	1.00e+00
 1.05365e+13	2.27e-19	1.15e-09	1.00e+00
 1.09549e+13	2.54e-19	1.26e-09	1.00e+00
 1.13338e+13	2.81e-19	1.37e-09	1.00e+00
 1.17519e+13	3.13e-19	1.50e-09	1.00e+00
 1.22429e+13	3.55e-19	1.66e-09	1.00e+00
 1.27334e+13	4.00e-19	1.83e-09	1.00e+00
 1.32009e+13	4.48e-19	1.99e-09	1.00e+00
 1.37162e+13	5.07e-19	2.19e-09	1.00e+00
 1.42948e+13	5.81e-19	2.42e-09	1.00e+00
 1.48159e+13	6.56e-19	2.64e-09	1.00e+00
 1.52466e+13	7.23e-19	2.83e-09	1.00e+00
 1.57174e+13	8.04e-19	3.04e-09	1.00e+00
 1.63181e+13	9.20e-19	3.33e-09	1.00e+00
 1.69242e+13	1.05e-18	3.63e-09	1.00e+00
 1.74266e+13	1.17e-18	3.89e-09	1.00e+00
 1.79575e+13	1.31e-18	4.18e-09	1.00e+00
 1.86377e+13	1.51e-18	4.57e-09	1.00e+00
 1.93502e+13	1.75e-18	4.99e-09	1.00e+00
 1.99752e+13	1.99e-18	5.38e-09	1.00e+00
 2.06482e+13	2.27e-18	5.82e-09	1.00e+00
 2.13941e+13	2.62e-18	6.33e-09	1.00e+00
 2.20855e+13	2.99e-18	6.82e-09	1.00e+00
 2.28351e+13	3.43e-18	7.37e-09	1.00e+00
 2.36685e+13	3.99e-18	8.01e-09	1.00e+00
 2.44453e+13	4.57e-18	8.64e-09	1.00e+00
 2.52898e+13	5.28e-18	9.34e-09	1.00e+00
 2.62295e+13	6.18e-18	1.02e-08	1.00e+00
 2.71079e+13	7.12e-18	1.10e-08	1.00e+00
 2.80648e+13	8.27e-18	1.19e-08	1.00e+00
 2.91328e+13	9.73e-18	1.29e-08	1.00e+00
 3.01369e+13	1.13e-17	1.40e-08	1.00e+00
 3.12338e+13	1.32e-17	1.52e-08	1.00e+00
 3.24621e+13	1.56e-17	1.66e-08	1.00e+00
 3.36252e+13	1.82e-17	1.79e-08	1.00e+00
 3.48786e+13	2.13e-17	1.95e-08	1.00e+00
 3.63037e+13	2.54e-17	2.13e-08	1.00e+00
 3.77038e+13	2.99e-17	2.32e-08	1.00e+00
 3.91599e+13	3.53e-17	2.52e-08	1.00e+00
 4.07562e+13	4.19e-17	2.75e-08	1.00e+00
 4.24164e+13	4.99e-17	3.01e-08	1.00e+00
 4.41429e+13	5.91e-17	3.27e-08	1.00e+00
 4.57871e+13	6.92e-17	3.55e-08	1.00e+00
 4.72731e+13	7.94e-17	3.80e-08	1.00e+00
 4.86577e+13	8.99e-17	4.05e-08	1.00e+00
 5.01817e+13	1.02e-16	4.33e-08	1.00e+00
 5.19004e+13	1.18e-16	4.65e-08	1.00e+00
 5.35484e+13	1.35e-16	4.97e-08	1.00e+00
 5.53671e+13	1.55e-16	5.33e-08	1.00e+00
 5.73491e+13	1.80e-16	5.75e-08	1.00e+00
 5.91465e+13	2.05e-16	6.13e-08	1.00e+00
 6.10861e+13	2.34e-16	6.56e-08	1.00e+00
 6.32732e+13	2.70e-16	7.06e-08	1.00e+00
 6.53609e+13	3.09e-16	7.55e-08	1.00e+00
 6.76535e+13	3.57e-16	8.11e-08	1.00e+00
 7.01790e+13	4.14e-16	8.75e-08	1.00e+00
 7.25129e+13	4.74e-16	9.36e-08	1.00e+00
 7.50527e+13	5.44e-16	1.00e-07	1.00e+00
 7.79122e+13	6.33e-16	1.08e-07	1.00e+00
 8.06414e+13	7.27e-16	1.16e-07	1.00e+00
 8.36006e+13	8.40e-16	1.25e-07	1.00e+00
 8.68782e+13	9.79e-16	1.35e-07	1.00e+00
 9.00151e+13	1.13e-15	1.45e-07	1.00e+00
 9.33738e+13	1.30e-15	1.56e-07	1.00e+00
 9.71387e+13	1.52e-15	1.69e-07	1.00e+00
 1.00910e+14	1.77e-15	1.82e-07	1.00e+00
 1.04833e+14	2.05e-15	1.96e-07	1.00e+00
 1.09056e+14	2.39e-15	2.12e-07	1.00e+00
 1.13448e+14	2.79e-15	2.29e-07	1.00e+00
 1.18016e+14	3.26e-15	2.48e-07	1.00e+00
 1.22455e+14	3.75e-15	2.66e-07	1.00e+00
 1.26644e+14	4.28e-15	2.85e-07	1.00e+00
 1.30570e+14	4.82e-15	3.02e-07	1.00e+00
 1.34820e+14	5.45e-15	3.22e-07	1.00e+00
 1.39588e+14	6.24e-15	3.45e-07	1.00e+00
 1.44124e+14	7.07e-15	3.67e-07	1.00e+00
 1.49112e+14	8.06e-15	3.92e-07	1.00e+00
 1.54710e+14	9.29e-15	4.22e-07	1.00e+00
 1.60039e+14	1.06e-14	4.51e-07	1.00e+00
 1.65856e+14	1.22e-14	4.84e-07	1.00e+00
 1.72371e+14	1.41e-14	5.23e-07	1.00e+00
 1.78690e+14	1.63e-14	5.62e-07	1.00e+00
 1.85410e+14	1.87e-14	6.04e-07	1.00e+00
 1.92250e+14	2.16e-14	6.51e-07	1.00e+00
 1.98286e+14	2.43e-14	6.91e-07	1.00e+00
 2.04833e+14	2.76e-14	7.39e-07	1.00e+00
 2.12718e+14	3.20e-14	7.96e-07	1.00e+00
 2.20544e+14	3.68e-14	8.58e-07	1.00e+00
 2.27528e+14	4.15e-14	9.13e-07	1.00e+00
 2.35218e+14	4.73e-14	9.77e-07	1.00e+00
 2.44371e+14	5.49e-14	1.06e-06	1.00e+00
 2.53425e+14	6.31e-14	1.14e-06	1.00e+00
 2.61680e+14	7.14e-14	1.21e-06	1.00e+00
 2.70895e+14	8.15e-14	1.30e-06	1.00e+00
 2.81641e+14	9.48e-14	1.41e-06	1.00e+00
 2.92192e+14	1.09e-13	1.52e-06	1.00e+00
 3.02140e+14	1.24e-13	1.63e-06	1.00e+00
 3.13230e+14	1.42e-13	1.75e-06	1.00e+00
 3.25789e+14	1.65e-13	1.90e-06	1.00e+00
 3.38311e+14	1.90e-13	2.05e-06	1.00e+00
 3.50022e+14	2.17e-13	2.20e-06	1.00e+00
 3.62742e+14	2.47e-13	2.36e-06	1.00e+00
 3.76994e+14	2.86e-13	2.55e-06	1.00e+00
 3.90270e+14	3.25e-13	2.74e-06	1.00e+00
 4.02504e+14	3.64e-13	2.91e-06	1.00e+00
 4.14279e+14	4.05e-13	3.09e-06	1.00e+00
 4.27371e+14	4.53e-13	3.29e-06	1.00e+00
 4.41819e+14	5.13e-13	3.52e-06	1.00e+00
 4.55255e+14	5.71e-13	3.74e-06	1.00e+00
 4.69947e+14	6.41e-13	3.99e-06	1.00e+00
 4.86466e+14	7.27e-13	4.29e-06	1.00e+00
 5.02171e+14	8.15e-13	4.57e-06	1.00e+00
 5.19401e+14	9.20e-13	4.90e-06	1.00e+00
 5.38452e+14	1.05e-12	5.27e-06	1.00e+00
 5.56115e+14	1.17e-12	5.63e-06	1.00e+00
 5.75321e+14	1.32e-12	6.03e-06	1.00e+00
 5.96708e+14	1.50e-12	6.50e-06	1.00e+00
 6.16670e+14	1.69e-12	6.95e-06	1.00e+00
 6.38360e+14	1.91e-12	7.47e-06	1.00e+00
 6.62470e+14	2.17e-12	8.05e-06	1.00e+00
 6.85036e+14	2.44e-12	8.62e-06	1.00e+00
 7.09681e+14	2.76e-12	9.28e-06	1.00e+00
 7.37158e+14	3.15e-12	1.00e-05	1.00e+00
 7.63003e+14	3.55e-12	1.08e-05	1.00e+00
 7.90823e+14	4.03e-12	1.16e-05	1.00e+00
 8.21803e+14	4.60e-12	1.26e-05	1.00e+00
 8.51874e+14	5.22e-12	1.36e-05	1.00e+00
 8.83832e+14	5.93e-12	1.46e-05	1.00e+00
 9.19215e+14	6.81e-12	1.59e-05	1.00e+00
 9.54478e+14	7.77e-12	1.72e-05	1.00e+00
 9.83753e+14	8.66e-12	1.84e-05	1.00e+00
 1.00657e+15	9.39e-12	1.93e-05	1.00e+00
 1.03135e+15	1.02e-11	2.04e-05	1.00e+00
 1.06356e+15	1.14e-11	2.18e-05	1.00e+00
 1.09843e+15	1.28e-11	2.34e-05	1.00e+00
 1.12982e+15	1.42e-11	2.48e-05	1.00e+00
 1.16372e+15	1.58e-11	2.65e-05	1.00e+00
 1.20656e+15	1.81e-11	2.87e-05	1.00e+00
 1.24975e+15	2.05e-11	3.10e-05	1.00e+00
 1.28620e+15	2.28e-11	3.31e-05	1.00e+00
 1.32515e+15	2.53e-11	3.53e-05	1.00e+00
 1.37413e+15	2.91e-11	3.84e-05	1.00e+00
 1.42474e+15	3.34e-11	4.16e-05	1.00e+00
 1.46925e+15	3.74e-11	4.46e-05	1.00e+00
 1.51723e+15	4.19e-11	4.79e-05	1.00e+00
 1.57525e+15	4.86e-11	5.22e-05	1.00e+00
 1.63278e+15	5.58e-11	5.66e-05	1.00e+00
 1.68375e+15	6.26e-11	6.07e-05	1.00e+00
 1.73975e+15	7.11e-11	6.54e-05	1.00e+00
 1.80684e+15	8.21e-11	7.13e-05	1.00e+00
 1.87372e+15	9.47e-11	7.75e-05	1.00e+00
 1.93458e+15	1.07e-10	8.32e-05	1.00e+00
 2.00226e+15	1.22e-10	9.00e-05	1.00e+00
 2.08133e+15	1.42e-10	9.83e-05	1.00e+00
 2.15936e+15	1.64e-10	1.07e-04	1.00e+00
 2.23315e+15	1.87e-10	1.15e-04	1.00e+00
 2.31515e+15	2.16e-10	1.25e-04	1.00e+00
 2.39267e+15	2.43e-10	1.35e-04	1.00e+00
 2.45053e+15	2.68e-10	1.42e-04	1.00e+00
 2.50977e+15	2.96e-10	1.50e-04	1.00e+00
 2.58678e+15	3.34e-10	1.61e-04	1.00e+00
 2.66991e+15	3.75e-10	1.73e-04	1.00e+00
 2.74464e+15	4.19e-10	1.84e-04	1.00e+00
 2.82543e+15	4.70e-10	1.97e-04	1.00e+00
 2.92853e+15	5.50e-10	2.14e-04	1.00e+00
 3.03229e+15	6.28e-10	2.31e-04	1.00e+00
 3.11887e+15	6.98e-10	2.46e-04	1.00e+00
 3.21146e+15	7.85e-10	2.63e-04	1.00e+00
 3.32909e+15	9.18e-10	2.85e-04	1.00e+00
 3.45264e+15	1.07e-09	3.09e-04	1.00e+00
 3.56293e+15	1.21e-09	3.32e-04	1.00e+00
 3.68263e+15	1.38e-09	3.57e-04	1.00e+00
 3.82530e+15	1.61e-09	3.89e-04	1.00e+00
 3.96618e+15	1.86e-09	4.22e-04	1.00e+00
 4.09385e+15	2.10e-09	4.52e-04	1.00e+00
 4.23603e+15	2.41e-09	4.88e-04	1.00e+00
 4.40273e+15	2.88e-09	5.33e-04	9.99e-01
 4.56711e+15	3.34e-09	5.78e-04	9.99e-01
 4.72152e+15	3.83e-09	6.22e-04	9.99e-01
 4.89387e+15	4.44e-09	6.74e-04	9.99e-01
 5.08965e+15	5.12e-09	7.34e-04	9.99e-01
 5.25388e+15	5.86e-09	7.88e-04	9.99e-01
 5.37134e+15	6.53e-09	8.28e-04	9.99e-01
 5.49333e+15	7.17e-09	8.70e-04	9.99e-01
 5.65192e+15	7.94e-09	9.26e-04	9.99e-01
 5.82897e+15	9.17e-09	9.92e-04	9.99e-01
 5.99440e+15	1.01e-08	1.05e-03	9.99e-01
 6.17385e+15	1.16e-08	1.13e-03	9.99e-01
 6.37437e+15	1.33e-08	1.21e-03	9.99e-01
 6.56382e+15	1.48e-08	1.29e-03	9.99e-01
 6.77160e+15	1.69e-08	1.38e-03	9.99e-01
 7.00387e+15	1.98e-08	1.49e-03	9.99e-01
 7.22251e+15	2.25e-08	1.60e-03	9.98e-01
 7.46132e+15	2.57e-08	1.72e-03	9.98e-01
 7.72371e+15	2.93e-08	1.86e-03	9.98e-01
 7.96645e+15	3.41e-08	1.99e-03	9.98e-01
 8.23171e+15	3.90e-08	2.15e-03	9.98e-01
 8.52323e+15	4.46e-08	2.32e-03	9.98e-01
 8.79426e+15	5.11e-08	2.49e-03	9.98e-01
 9.09196e+15	6.02e-08	2.70e-03	9.97e-01
 9.41699e+15	6.95e-08	2.93e-03	9.97e-01
 9.71700e+15	7.87e-08	3.15e-03	9.97e-01
 9.99807e+15	8.93e-08	3.37e-03	9.97e-01
 1.03150e+16	1.02e-07	3.63e-03	9.96e-01
 1.06644e+16	1.21e-07	3.95e-03	9.96e-01
 1.09824e+16	1.38e-07	4.24e-03	9.96e-01
 1.12547e+16	1.54e-07	4.51e-03	9.95e-01
 1.15413e+16	1.73e-07	4.81e-03	9.95e-01
 1.18572e+16	1.93e-07	5.15e-03	9.95e-01
 1.22111e+16	2.27e-07	5.58e-03	9.94e-01
 1.25591e+16	2.56e-07	6.01e-03	9.94e-01
 1.28416e+16	2.83e-07	6.39e-03	9.94e-01
 1.31510e+16	3.19e-07	6.84e-03	9.93e-01
 1.35532e+16	3.80e-07	7.49e-03	9.93e-01
 1.39452e+16	4.34e-07	8.13e-03	9.92e-01
 1.42440e+16	4.82e-07	8.68e-03	9.91e-01
 1.45522e+16	5.42e-07	9.32e-03	9.91e-01
 1.49530e+16	6.48e-07	1.02e-02	9.90e-01
 1.53550e+16	7.37e-07	1.12e-02	9.89e-01
 1.56768e+16	8.56e-07	1.21e-02	9.88e-01
 1.59578e+16	9.55e-07	1.30e-02	9.87e-01
 1.62674e+16	1.08e-06	1.40e-02	9.86e-01
 1.66112e+16	1.23e-06	1.54e-02	9.85e-01
 1.69277e+16	1.45e-06	1.67e-02	9.83e-01
 1.72035e+16	1.63e-06	1.81e-02	9.82e-01
 1.74986e+16	1.86e-06	1.98e-02	9.80e-01
 1.78201e+16	2.20e-06	2.18e-02	9.78e-01
 1.81013e+16	2.50e-06	2.39e-02	9.76e-01
 1.83484e+16	2.82e-06	2.60e-02	9.74e-01
 1.86257e+16	3.28e-06	2.88e-02	9.71e-01
 1.89193e+16	3.89e-06	3.22e-02	9.68e-01
 1.91651e+16	4.53e-06	3.56e-02	9.64e-01
 1.93740e+16	5.21e-06	3.91e-02	9.61e-01
 1.95657e+16	5.95e-06	4.27e-02	9.57e-01
 1.97493e+16	6.82e-06	4.69e-02	9.53e-01
 1.99603e+16	8.18e-06	5.25e-02	9.48e-01
 2.01795e+16	9.90e-06	5.95e-02	9.41e-01
 2.03574e+16	1.16e-05	6.63e-02	9.34e-01
 2.05090e+16	1.33e-05	7.32e-02	9.27e-01
 2.06788e+16	1.55e-05	8.26e-02	9.17e-01
 2.08638e+16	1.88e-05	9.50e-02	9.05e-01
 2.10200e+16	2.26e-05	1.08e-01	8.92e-01
 2.11429e+16	2.69e-05	1.21e-01	8.79e-01
 2.12501e+16	3.10e-05	1.33e-01	8.67e-01
 2.13692e+16	3.68e-05	1.50e-01	8.50e-01
 2.14918e+16	4.40e-05	1.71e-01	8.29e-01
 2.15941e+16	5.06e-05	1.92e-01	8.08e-01
 2.16815e+16	5.93e-05	2.12e-01	7.87e-01
 2.17452e+16	6.58e-05	2.29e-01	7.71e-01
 2.17987e+16	7.23e-05	2.45e-01	7.55e-01
 2.18682e+16	8.16e-05	2.68e-01	7.32e-01
 2.19416e+16	9.30e-05	2.94e-01	7.05e-01
 2.20028e+16	1.03e-04	3.19e-01	6.81e-01
 2.20648e+16	1.16e-04	3.47e-01	6.53e-01
 2.21309e+16	1.32e-04	3.78e-01	6.22e-01
 2.21842e+16	1.45e-04	4.05e-01	5.95e-01
 2.22355e+16	1.60e-04	4.33e-01	5.67e-01
 2.23022e+16	1.81e-04	4.71e-01	5.29e-01
 2.23712e+16	2.04e-04	5.12e-01	4.88e-01
 2.24295e+16	2.25e-04	5.47e-01	4.52e-01
 2.24917e+16	2.50e-04	5.86e-01	4.14e-01
 2.25725e+16	2.82e-04	6.36e-01	3.64e-01
 2.26556e+16	3.17e-04	6.83e-01	3.16e-01
 2.27259e+16	3.46e-04	7.21e-01	2.79e-01
 2.28016e+16	3.79e-04	7.59e-01	2.40e-01
 2.29000e+16	4.19e-04	8.03e-01	1.97e-01
 2.30099e+16	4.60e-04	8.42e-01	1.57e-01
 2.31347e+16	5.04e-04	8.78e-01	1.21e-01
 2.32970e+16	5.56e-04	9.13e-01	8.67e-02
 2.34758e+16	6.05e-04	9.38e-01	6.12e-02
 2.36761e+16	6.56e-04	9.57e-01	4.22e-02
 2.39365e+16	7.18e-04	9.72e-01	2.70e-02
 2.42065e+16	7.85e-04	9.81e-01	1.79e-02
 2.43792e+16	8.31e-04	9.85e-01	1.43e-02
 2.44611e+16	8.54e-04	9.86e-01	1.29e-02
 2.45347e+16	8.75e-04	9.88e-01	1.16e-02
 2.46305e+16	9.06e-04	9.89e-01	1.02e-02
 2.47550e+16	9.45e-04	9.90e-01	8.69e-03
 2.48909e+16	9.95e-04	9.92e-01	7.36e-03
 2.50098e+16	1.04e-03	9.93e-01	6.43e-03
 2.51121e+16	1.09e-03	9.93e-01	5.73e-03
 2.52248e+16	1.14e-03	9.94e-01	5.03e-03
 2.53373e+16	1.20e-03	9.94e-01	4.47e-03
 2.54215e+16	1.24e-03	9.95e-01	4.11e-03
 2.54904e+16	1.29e-03	9.95e-01	3.82e-03
 2.55673e+16	1.33e-03	9.95e-01	3.52e-03
 2.56673e+16	1.41e-03	9.95e-01	3.17e-03
 2.57665e+16	1.48e-03	9.96e-01	2.89e-03
 2.58395e+16	1.54e-03	9.96e-01	2.70e-03
 2.58991e+16	1.60e-03	9.96e-01	2.54e-03
 2.59667e+16	1.66e-03	9.96e-01	2.38e-03
 2.60545e+16	1.76e-03	9.96e-01	2.18e-03
 2.61408e+16	1.87e-03	9.96e-01	2.02e-03
 2.62044e+16	1.95e-03	9.96e-01	1.92e-03
 2.62569e+16	2.03e-03	9.96e-01	1.83e-03
 2.63162e+16	2.11e-03	9.96e-01	1.73e-03
 2.63933e+16	2.24e-03	9.96e-01	1.61e-03
 2.64691e+16	2.39e-03	9.96e-01	1.51e-03
 2.65250e+16	2.51e-03	9.96e-01	1.44e-03
 2.65716e+16	2.61e-03	9.96e-01	1.39e-03
 2.66245e+16	2.74e-03	9.96e-01	1.32e-03
 2.66933e+16	2.93e-03	9.96e-01	1.24e-03
 2.67611e+16	3.14e-03	9.96e-01	1.18e-03
 2.68109e+16	3.31e-03	9.96e-01	1.13e-03
 2.68593e+16	3.49e-03	9.95e-01	1.09e-03
 2.69221e+16	3.76e-03	9.95e-01	1.03e-03
 2.69849e+16	4.07e-03	9.95e-01	9.78e-04
 2.70327e+16	4.34e-03	9.95e-01	9.42e-04
 2.70800e+16	4.62e-03	9.94e-01	9.07e-04
 2.71415e+16	5.05e-03	9.94e-01	8.62e-04
 2.72040e+16	5.58e-03	9.94e-01	8.21e-04
 2.72532e+16	6.08e-03	9.93e-01	7.91e-04
 2.72947e+16	6.54e-03	9.93e-01	7.67e-04
 2.73410e+16	7.15e-03	9.92e-01	7.39e-04
 2.73923e+16	7.94e-03	9.91e-01	7.11e-04
 2.74356e+16	8.76e-03	9.91e-01	6.89e-04
 2.74684e+16	9.46e-03	9.90e-01	6.75e-04
 2.75019e+16	1.03e-02	9.89e-01	6.58e-04
 2.75394e+16	1.14e-02	9.88e-01	6.41e-04
 2.75733e+16	1.26e-02	9.87e-01	6.27e-04
 2.76016e+16	1.37e-02	9.86e-01	6.17e-04
 2.76316e+16	1.52e-02	9.84e-01	6.04e-04
 2.76639e+16	1.70e-02	9.82e-01	5.94e-04
 2.76912e+16	1.88e-02	9.81e-01	5.85e-04
 2.77138e+16	2.06e-02	9.79e-01	5.80e-04
 2.77382e+16	2.29e-02	9.77e-01	5.74e-04
 2.77652e+16	2.58e-02	9.74e-01	5.70e-04
 2.77893e+16	2.90e-02	9.70e-01	5.67e-04
 2.78097e+16	3.23e-02	9.67e-01	5.66e-04
 2.78286e+16	3.58e-02	9.64e-01	5.67e-04
 2.78501e+16	4.04e-02	9.59e-01	5.69e-04
 2.78724e+16	4.62e-02	9.53e-01	5.73e-04
 2.78902e+16	5.20e-02	9.47e-01	5.77e-04
 2.79047e+16	5.71e-02	9.42e-01	5.85e-04
 2.79194e+16	6.34e-02	9.36e-01	5.91e-04
 2.79353e+16	7.09e-02	9.28e-01	6.02e-04
 2.79503e+16	7.94e-02	9.20e-01	6.13e-04
 2.79638e+16	8.83e-02	9.11e-01	6.24e-04
 2.79763e+16	9.73e-02	9.02e-01	6.38e-04
 2.79876e+16	1.07e-01	8.93e-01	6.50e-04
 2.79979e+16	1.16e-01	8.83e-01	6.64e-04
 2.80059e+16	1.24e-01	8.75e-01	6.74e-04
 2.80110e+16	1.30e-01	8.70e-01	6.81e-04
 2.80156e+16	1.35e-01	8.64e-01	6.87e-04
 2.80210e+16	1.42e-01	8.58e-01	6.95e-04
 2.80270e+16	1.49e-01	8.50e-01	7.04e-04
 2.80328e+16	1.57e-01	8.42e-01	7.12e-04
 2.80381e+16	1.65e-01	8.35e-01	7.22e-04
 2.80433e+16	1.73e-01	8.26e-01	7.30e-04
 2.80486e+16	1.81e-01	8.18e-01	7.40e-04
 2.80539e+16	1.90e-01	8.09e-01	7.47e-04
 2.80591e+16	1.99e-01	8.00e-01	7.58e-04
 2.80641e+16	2.09e-01	7.90e-01	7.66e-04
 2.80692e+16	2.19e-01	7.80e-01	7.76e-04
 2.80742e+16	2.30e-01	7.70e-01	7.84e-04
 2.80792e+16	2.40e-01	7.59e-01	7.95e-04
 2.80841e+16	2.51e-01	7.48e-01	8.04e-04
 2.80890e+16	2.63e-01	7.36e-01	8.12e-04
 2.80937e+16	2.75e-01	7.24e-01	8.21e-04
 2.80984e+16	2.87e-01	7.12e-01	8.30e-04
 2.81031e+16	3.00e-01	6.99e-01	8.36e-04
 2.81077e+16	3.13e-01	6.86e-01	8.46e-04
 2.81123e+16	3.27e-01	6.72e-01	8.52e-04
 2.81167e+16	3.40e-01	6.59e-01	8.61e-04
 2.81212e+16	3.54e-01	6.45e-01	8.67e-04
 2.81256e+16	3.69e-01	6.30e-01	8.73e-04
 2.81300e+16	3.83e-01	6.16e-01	8.79e-04
 2.81342e+16	3.98e-01	6.01e-01	8.84e-04
 2.81384e+16	4.13e-01	5.86e-01	8.89e-04
 2.81426e+16	4.28e-01	5.71e-01	8.93e-04
 2.81467e+16	4.44e-01	5.55e-01	8.96e-04
 2.81508e+16	4.59e-01	5.40e-01	8.99e-04
 2.81547e+16	4.74e-01	5.25e-01	9.01e-04
 2.81587e+16	4.89e-01	5.10e-01	9.04e-04
 2.81625e+16	5.04e-01	4.95e-01	9.05e-04
 2.81662e+16	5.19e-01	4.80e-01	9.05e-04
 2.81699e+16	5.34e-01	4.65e-01	9.04e-04
 2.81735e+16	5.48e-01	4.51e-01	9.03e-04
 2.81770e+16	5.63e-01	4.36e-01	9.00e-04
 2.81805e+16	5.77e-01	4.22e-01	8.97e-04
 2.81839e+16	5.91e-01	4.08e-01	8.94e-04
 2.81872e+16	6.04e-01	3.95e-01	8.90e-04
 2.81905e+16	6.18e-01	3.81e-01	8.85e-04
 2.81937e+16	6.31e-01	3.69e-01	8.80e-04
 2.81969e+16	6.43e-01	3.56e-01	8.74e-04
 2.82000e+16	6.55e-01	3.44e-01	8.68e-04
 2.82030e+16	6.67e-01	3.32e-01	8.61e-04
 2.82060e+16	6.79e-01	3.20e-01	8.54e-04
 2.82090e+16	6.90e-01	3.09e-01	8.46e-04
 2.82119e+16	7.01e-01	2.98e-01	8.37e-04
 2.82148e+16	7.12e-01	2.87e-01	8.29e-04
 2.82177e+16	7.23e-01	2.77e-01	8.19e-04
 2.82205e+16	7.33e-01	2.66e-01	8.09e-04
 2.82233e+16	7.42e-01	2.57e-01	8.00e-04
 2.82261e+16	7.52e-01	2.47e-01	7.89e-04
 2.82289e+16	7.61e-01	2.38e-01	7.78e-04
 2.82312e+16	7.69e-01	2.30e-01	7.68e-04
 2.82331e+16	7.75e-01	2.24e-01	7.59e-04
 2.82347e+16	7.80e-01	2.19e-01	7.50e-04
 2.82364e+16	7.86e-01	2.13e-01	7.42e-04
 2.82383e+16	7.92e-01	2.08e-01	7.32e-04
 2.82400e+16	7.97e-01	2.03e-01	7.24e-04
 2.82416e+16	8.02e-01	1.98e-01	7.16e-04
 2.82432e+16	8.06e-01	1.93e-01	7.08e-04
 2.82448e+16	8.11e-01	1.88e-01	6.99e-04
 2.82464e+16	8.15e-01	1.84e-01	6.91e-04
 2.82479e+16	8.20e-01	1.80e-01	6.83e-04
 2.82494e+16	8.24e-01	1.76e-01	6.75e-04
 2.82508e+16	8.28e-01	1.72e-01	6.67e-04
 2.82522e+16	8.31e-01	1.68e-01	6.59e-04
 2.82537e+16	8.35e-01	1.64e-01	6.51e-04
 2.82551e+16	8.39e-01	1.61e-01	6.42e-04
 2.82565e+16	8.42e-01	1.57e-01	6.34e-04
 2.82579e+16	8.46e-01	1.54e-01	6.26e-04
 2.82593e+16	8.49e-01	1.50e-01	6.18e-04
 2.82607e+16	8.53e-01	1.47e-01	6.10e-04
 2.82621e+16	8.56e-01	1.43e-01	6.01e-04
 2.82636e+16	8.59e-01	1.40e-01	5.92e-04
 2.82651e+16	8.63e-01	1.37e-01	5.83e-04
 2.82667e+16	8.66e-01	1.33e-01	5.74e-04
 2.82683e+16	8.70e-01	1.30e-01	5.64e-04
 2.82702e+16	8.74e-01	1.26e-01	5.53e-04
 2.82723e+16	8.78e-01	1.22e-01	5.41e-04
 2.82746e+16	8.82e-01	1.17e-01	5.27e-04
 2.82770e+16	8.87e-01	1.13e-01	5.13e-04
 2.82793e+16	8.91e-01	1.08e-01	4.99e-04
 2.82815e+16	8.95e-01	1.05e-01	4.86e-04
 2.82837e+16	8.99e-01	1.01e-01	4.72e-04
 2.82858e+16	9.02e-01	9.75e-02	4.59e-04
 2.82878e+16	9.05e-01	9.43e-02	4.47e-04
 2.82896e+16	9.08e-01	9.15e-02	4.36e-04
 2.82913e+16	9.11e-01	8.90e-02	4.25e-04
 2.82928e+16	9.13e-01	8.68e-02	4.16e-04
 2.82942e+16	9.15e-01	8.48e-02	4.07e-04
 2.82954e+16	9.17e-01	8.30e-02	3.99e-04
 2.82968e+16	9.18e-01	8.11e-02	3.91e-04
 2.82983e+16	9.20e-01	7.92e-02	3.82e-04
 2.82996e+16	9.22e-01	7.75e-02	3.74e-04
 2.83008e+16	9.24e-01	7.59e-02	3.67e-04
 2.83020e+16	9.25e-01	7.45e-02	3.60e-04
 2.83032e+16	9.27e-01	7.30e-02	3.53e-04
 2.83045e+16	9.28e-01	7.14e-02	3.46e-04
 2.83057e+16	9.30e-01	7.00e-02	3.39e-04
 2.83068e+16	9.31e-01	6.88e-02	3.33e-04
 2.83080e+16	9.32e-01	6.74e-02	3.26e-04
 2.83093e+16	9.34e-01	6.60e-02	3.19e-04
 2.83105e+16	9.35e-01	6.48e-02	3.13e-04
 2.83115e+16	9.36e-01	6.36e-02	3.07e-04
 2.83125e+16	9.37e-01	6.27e-02	3.02e-04
 2.83136e+16	9.38e-01	6.15e-02	2.96e-04
 2.83147e+16	9.39e-01	6.04e-02	2.90e-04
 2.83158e+16	9.40e-01	5.94e-02	2.85e-04
 2.83167e+16	9.41e-01	5.86e-02	2.80e-04
 2.83178e+16	9.42e-01	5.75e-02	2.75e-04
 2.83189e+16	9.43e-01	5.65e-02	2.69e-04
 2.83199e+16	9.44e-01	5.56e-02	2.65e-04
 2.83209e+16	9.45e-01	5.48e-02	2.60e-04
 2.83219e+16	9.46e-01	5.39e-02	2.55e-04
 2.83230e+16	9.47e-01	5.30e-02	2.50e-04
 2.83240e+16	9.48e-01	5.22e-02	2.46e-04
 2.83251e+16	9.48e-01	5.13e-02	2.41e-04
 2.83263e+16	9.49e-01	5.04e-02	2.36e-04
 2.83274e+16	9.50e-01	4.96e-02	2.32e-04
 2.83284e+16	9.51e-01	4.89e-02	2.28e-04
 2.83295e+16	9.52e-01	4.81e-02	2.24e-04
 2.83306e+16	9.52e-01	4.73e-02	2.19e-04
 2.83317e+16	9.53e-01	4.66e-02	2.16e-04
 2.83329e+16	9.54e-01	4.58e-02	2.11e-04
 2.83341e+16	9.55e-01	4.50e-02	2.07e-04
 2.83353e+16	9.55e-01	4.44e-02	2.04e-04
 2.83363e+16	9.56e-01	4.38e-02	2.00e-04
 2.83374e+16	9.57e-01	4.31e-02	1.96e-04
 2.83387e+16	9.57e-01	4.24e-02	1.93e-04
 2.83398e+16	9.58e-01	4.18e-02	1.90e-04
 2.83410e+16	9.59e-01	4.12e-02	1.86e-04
 2.83423e+16	9.59e-01	4.05e-02	1.83e-04
 2.83436e+16	9.60e-01	4.00e-02	1.80e-04
 2.83449e+16	9.61e-01	3.93e-02	1.76e-04
 2.83463e+16	9.61e-01	3.87e-02	1.73e-04
 2.83476e+16	9.62e-01	3.82e-02	1.70e-04
 2.83490e+16	9.62e-01	3.76e-02	1.67e-04
 2.83509e+16	9.63e-01	3.68e-02	1.63e-04
 2.83529e+16	9.64e-01	3.62e-02	1.60e-04
 2.83547e+16	9.64e-01	3.56e-02	1.57e-04
 2.83563e+16	9.65e-01	3.51e-02	1.54e-04
 2.83581e+16	9.65e-01	3.45e-02	1.51e-04
 2.83605e+16	9.66e-01	3.38e-02	1.47e-04
 2.83630e+16	9.67e-01	3.31e-02	1.44e-04
 2.83654e+16	9.67e-01	3.26e-02	1.41e-04
 2.83675e+16	9.68e-01	3.21e-02	1.38e-04
 2.83698e+16	9.68e-01	3.16e-02	1.36e-04
 2.83728e+16	9.69e-01	3.10e-02	1.32e-04
 2.83760e+16	9.69e-01	3.04e-02	1.30e-04
 2.83790e+16	9.70e-01	2.99e-02	1.27e-04
 2.83822e+16	9.70e-01	2.94e-02	1.24e-04
 2.83864e+16	9.71e-01	2.88e-02	1.21e-04
 2.83909e+16	9.72e-01	2.83e-02	1.19e-04
 2.83950e+16	9.72e-01	2.78e-02	1.16e-04
 2.83996e+16	9.73e-01	2.74e-02	1.14e-04
 2.84054e+16	9.73e-01	2.69e-02	1.11e-04
 2.84118e+16	9.73e-01	2.64e-02	1.09e-04
 2.84175e+16	9.74e-01	2.61e-02	1.06e-04
 2.84239e+16	9.74e-01	2.57e-02	1.04e-04
 2.84321e+16	9.75e-01	2.53e-02	1.02e-04
 2.84410e+16	9.75e-01	2.49e-02	9.98e-05
 2.84507e+16	9.75e-01	2.46e-02	9.76e-05
 2.84633e+16	9.76e-01	2.42e-02	9.49e-05
 2.84770e+16	9.76e-01	2.38e-02	9.26e-05
 2.84920e+16	9.76e-01	2.34e-02	9.00e-05
 2.85114e+16	9.77e-01	2.30e-02	8.69e-05
 2.85324e+16	9.77e-01	2.26e-02	8.40e-05
 2.85515e+16	9.78e-01	2.22e-02	8.14e-05
 2.85724e+16	9.78e-01	2.18e-02	7.86e-05
 2.85950e+16	9.79e-01	2.14e-02	7.60e-05
 2.86156e+16	9.79e-01	2.11e-02	7.36e-05
 2.86381e+16	9.79e-01	2.07e-02	7.10e-05
 2.86625e+16	9.80e-01	2.03e-02	6.84e-05
 2.86846e+16	9.80e-01	1.99e-02	6.62e-05
 2.87089e+16	9.80e-01	1.95e-02	6.38e-05
 2.87351e+16	9.81e-01	1.92e-02	6.14e-05
 2.87589e+16	9.81e-01	1.88e-02	5.93e-05
 2.87850e+16	9.82e-01	1.84e-02	5.70e-05
 2.88132e+16	9.82e-01	1.81e-02	5.47e-05
 2.88389e+16	9.82e-01	1.77e-02	5.28e-05
 2.88670e+16	9.83e-01	1.73e-02	5.06e-05
 2.88973e+16	9.83e-01	1.70e-02	4.86e-05
 2.89249e+16	9.83e-01	1.66e-02	4.68e-05
 2.89552e+16	9.84e-01	1.63e-02	4.48e-05
 2.89879e+16	9.84e-01	1.59e-02	4.29e-05
 2.90176e+16	9.84e-01	1.56e-02	4.12e-05
 2.90447e+16	9.85e-01	1.53e-02	3.98e-05
 2.90743e+16	9.85e-01	1.50e-02	3.82e-05
 2.91063e+16	9.85e-01	1.47e-02	3.66e-05
 2.91355e+16	9.86e-01	1.44e-02	3.53e-05
 2.91674e+16	9.86e-01	1.41e-02	3.38e-05
 2.92019e+16	9.86e-01	1.38e-02	3.23e-05
 2.92332e+16	9.86e-01	1.35e-02	3.11e-05
 2.92676e+16	9.87e-01	1.32e-02	2.97e-05
 2.93047e+16	9.87e-01	1.29e-02	2.84e-05
 2.93384e+16	9.87e-01	1.26e-02	2.73e-05
 2.93754e+16	9.88e-01	1.23e-02	2.60e-05
 2.94154e+16	9.88e-01	1.20e-02	2.48e-05
 2.94517e+16	9.88e-01	1.18e-02	2.38e-05
 2.94915e+16	9.89e-01	1.15e-02	2.26e-05
 2.95345e+16	9.89e-01	1.12e-02	2.15e-05
 2.95737e+16	9.89e-01	1.09e-02	2.06e-05
 2.96165e+16	9.89e-01	1.06e-02	1.95e-05
 2.96628e+16	9.90e-01	1.04e-02	1.86e-05
 2.97049e+16	9.90e-01	1.01e-02	1.77e-05
 2.97511e+16	9.90e-01	9.84e-03	1.68e-05
 2.98009e+16	9.90e-01	9.57e-03	1.59e-05
 2.98463e+16	9.91e-01	9.34e-03	1.51e-05
 2.98959e+16	9.91e-01	9.07e-03	1.43e-05
 2.99496e+16	9.91e-01	8.81e-03	1.35e-05
 2.99984e+16	9.91e-01	8.59e-03	1.29e-05
 3.00519e+16	9.92e-01	8.34e-03	1.21e-05
 3.01096e+16	9.92e-01	8.09e-03	1.14e-05
 3.01622e+16	9.92e-01	7.87e-03	1.08e-05
 3.02198e+16	9.92e-01	7.63e-03	1.02e-05
 3.02946e+16	9.93e-01	7.33e-03	9.41e-06
 3.03805e+16	9.93e-01	7.01e-03	8.63e-06
 3.04678e+16	9.93e-01	6.71e-03	7.92e-06
 3.05570e+16	9.94e-01	6.42e-03	7.26e-06
 3.06500e+16	9.94e-01	6.14e-03	6.64e-06
 3.07469e+16	9.94e-01	5.86e-03	6.05e-06
 3.08472e+16	9.94e-01	5.59e-03	5.51e-06
 3.09505e+16	9.95e-01	5.32e-03	5.01e-06
 3.10559e+16	9.95e-01	5.07e-03	4.55e-06
 3.11629e+16	9.95e-01	4.83e-03	4.14e-06
 3.12720e+16	9.95e-01	4.60e-03	3.76e-06
 3.13834e+16	9.96e-01	4.38e-03	3.41e-06
 3.14968e+16	9.96e-01	4.17e-03	3.09e-06
 3.16124e+16	9.96e-01	3.97e-03	2.80e-06
 3.17301e+16	9.96e-01	3.77e-03	2.53e-06
 3.18500e+16	9.96e-01	3.59e-03	2.30e-06
 3.19704e+16	9.97e-01	3.42e-03	2.08e-06
 3.20926e+16	9.97e-01	3.25e-03	1.88e-06
 3.22193e+16	9.97e-01	3.08e-03	1.70e-06
 3.23492e+16	9.97e-01	2.93e-03	1.53e-06
 3.24812e+16	9.97e-01	2.78e-03	1.38e-06
 3.26155e+16	9.97e-01	2.63e-03	1.24e-06
 3.27522e+16	9.98e-01	2.50e-03	1.12e-06
 3.28916e+16	9.98e-01	2.37e-03	1.00e-06
 3.30339e+16	9.98e-01	2.24e-03	8.99e-07
 3.31790e+16	9.98e-01	2.12e-03	8.06e-07
 3.33270e+16	9.98e-01	2.01e-03	7.22e-07
 3.34781e+16	9.98e-01	1.90e-03	6.45e-07
 3.36325e+16	9.98e-01	1.79e-03	5.76e-07
 3.37901e+16	9.98e-01	1.69e-03	5.13e-07
 3.39511e+16	9.98e-01	1.60e-03	4.57e-07
 3.41156e+16	9.98e-01	1.50e-03	4.06e-07
 3.42838e+16	9.99e-01	1.42e-03	3.60e-07
 3.44559e+16	9.99e-01	1.33e-03	3.19e-07
 3.46321e+16	9.99e-01	1.25e-03	2.82e-07
 3.48126e+16	9.99e-01	1.18e-03	2.49e-07
 3.49976e+16	9.99e-01	1.11e-03	2.19e-07
 3.51871e+16	9.99e-01	1.04e-03	1.92e-07
 3.53815e+16	9.99e-01	9.71e-04	1.68e-07
 3.55815e+16	9.99e-01	9.09e-04	1.47e-07
 3.57872e+16	9.99e-01	8.48e-04	1.28e-07
 3.59988e+16	9.99e-01	7.92e-04	1.12e-07
 3.62170e+16	9.99e-01	7.38e-04	9.67e-08
 3.64374e+16	9.99e-01	6.87e-04	8.38e-08
 3.66640e+16	9.99e-01	6.39e-04	7.22e-08
 3.69044e+16	9.99e-01	5.91e-04	6.18e-08
 3.71555e+16	9.99e-01	5.46e-04	5.25e-08
 3.74149e+16	9.99e-01	5.04e-04	4.45e-08
 3.76839e+16	1.00e+00	4.63e-04	3.75e-08
 3.79648e+16	1.00e+00	4.24e-04	3.14e-08
 3.82592e+16	1.00e+00	3.88e-04	2.61e-08
 3.85687e+16	1.00e+00	3.53e-04	2.15e-08
 3.88946e+16	1.00e+00	3.20e-04	1.76e-08
 3.92401e+16	1.00e+00	2.88e-04	1.42e-08
 3.96052e+16	1.00e+00	2.58e-04	1.13e-08
 3.99946e+16	1.00e+00	2.30e-04	8.94e-09
 4.04156e+16	1.00e+00	2.03e-04	6.92e-09
 4.08695e+16	1.00e+00	1.78e-04	5.26e-09
 4.13629e+16	1.00e+00	1.54e-04	3.91e-09
 4.19064e+16	1.00e+00	1.31e-04	2.83e-09
 4.25133e+16	1.00e+00	1.10e-04	1.97e-09
 4.31956e+16	1.00e+00	9.03e-05	1.32e-09
 4.39779e+16	1.00e+00	7.20e-05	8.32e-10
 4.48563e+16	1.00e+00	5.60e-05	5.01e-10
 4.57713e+16	1.00e+00	4.32e-05	2.98e-10
 4.66845e+16	1.00e+00	3.34e-05	1.79e-10
 4.75999e+16	1.00e+00	2.58e-05	1.07e-10
 4.85354e+16	1.00e+00	1.99e-05	6.42e-11
 4.95014e+16	1.00e+00	1.52e-05	3.80e-11
 5.04973e+16	1.00e+00	1.16e-05	2.23e-11
 5.15236e+16	1.00e+00	8.81e-06	1.30e-11
 5.25891e+16	1.00e+00	6.65e-06	7.53e-12
 5.37054e+16	1.00e+00	4.98e-06	4.28e-12
 5.48716e+16	1.00e+00	3.71e-06	2.40e-12
 5.60900e+16	1.00e+00	2.74e-06	1.33e-12
 5.73755e+16	1.00e+00	2.01e-06	7.24e-13
 5.87460e+16	1.00e+00	1.45e-06	3.83e-13
 6.02115e+16	1.00e+00	1.04e-06	1.98e-13
 6.17511e+16	1.00e+00	7.37e-07	1.01e-13
 6.33171e+16	1.00e+00	5.25e-07	5.17e-14
 6.48832e+16	1.00e+00	3.78e-07	2.70e-14
 6.64493e+16	1.00e+00	2.74e-07	1.44e-14
 6.80153e+16	1.00e+00	2.01e-07	7.76e-15
 6.95814e+16	1.00e+00	1.48e-07	4.25e-15
 7.11474e+16	1.00e+00	1.10e-07	2.36e-15
 7.27135e+16	1.00e+00	8.25e-08	1.33e-15
 7.45144e+16	1.00e+00	5.91e-08	6.87e-16
 7.65810e+16	1.00e+00	4.11e-08	3.35e-16
 7.86782e+16	1.00e+00	2.88e-08	1.65e-16
 8.09039e+16	1.00e+00	1.99e-08	7.90e-17
 8.33161e+16	1.00e+00	1.35e-08	3.66e-17
 8.57865e+16	1.00e+00	9.23e-09	1.71e-17
 8.82568e+16	1.00e+00	6.38e-09	8.21e-18
 9.08332e+16	1.00e+00	4.37e-09	3.87e-18
 9.35548e+16	1.00e+00	2.98e-09	1.80e-18
 9.63562e+16	1.00e+00	2.03e-09	8.36e-19
 9.91981e+16	1.00e+00	1.39e-09	3.94e-19
 1.02040e+17	1.00e+00	9.64e-10	1.90e-19
 1.04882e+17	1.00e+00	6.74e-10	9.31e-20
 1.07724e+17	1.00e+00	4.76e-10	4.65e-20
 1.10566e+17	1.00e+00	3.40e-10	2.37e-20
 1.13408e+17	1.00e+00	2.44e-10	1.22e-20
 1.16250e+17	1.00e+00	1.77e-10	6.43e-21
 1.19092e+17	1.00e+00	1.29e-10	0.00e+00
 1.22078e+17	1.00e+00	9.31e-11	0.00e+00
 1.25208e+17	1.00e+00	6.70e-11	0.00e+00
 1.28338e+17	1.00e+00	4.86e-11	0.00e+00
 1.31468e+17	1.00e+00	3.56e-11	0.00e+00
 1.34597e+17	1.00e+00	2.63e-11	0.00e+00
 1.37727e+17	1.00e+00	1.96e-11	0.00e+00
 1.40857e+17	1.00e+00	1.48e-11	0.00e+00
 1.44292e+17	1.00e+00	1.09e-11	0.00e+00
 1.48127e+17	1.00e+00	7.91e-12	0.00e+00
 1.51988e+17	1.00e+00	5.84e-12	0.00e+00
 1.55693e+17	1.00e+00	4.47e-12	0.00e+00
 1.59263e+17	1.00e+00	3.53e-12	0.00e+00
 1.62761e+17	1.00e+00	2.87e-12	0.00e+00
 1.66189e+17	1.00e+00	2.39e-12	0.00e+00
 1.69516e+17	1.00e+00	2.04e-12	0.00e+00
 1.72716e+17	1.00e+00	1.79e-12	0.00e+00
 1.75779e+17	1.00e+00	1.61e-12	0.00e+00
 1.78708e+17	1.00e+00	1.48e-12	0.00e+00
 1.81506e+17	1.00e+00	1.38e-12	0.00e+00
 1.84171e+17	1.00e+00	1.31e-12	0.00e+00
 1.86705e+17	1.00e+00	1.25e-12	0.00e+00
 1.89108e+17	1.00e+00	1.21e-12	0.00e+00
 1.91385e+17	1.00e+00	1.18e-12	0.00e+00
 1.93540e+17	1.00e+00	1.16e-12	0.00e+00
 1.95581e+17	1.00e+00	1.14e-12	0.00e+00
 1.97513e+17	1.00e+00	1.13e-12	0.00e+00
 1.99341e+17	1.00e+00	1.12e-12	0.00e+00
 2.01069e+17	1.00e+00	1.11e-12	0.00e+00
 2.02705e+17	1.00e+00	1.10e-12	0.00e+00
 2.04252e+17	1.00e+00	1.10e-12	0.00e+00
 2.05716e+17	1.00e+00	1.10e-12	0.00e+00
 2.07102e+17	1.00e+00	1.09e-12	0.00e+00
 2.08414e+17	1.00e+00	1.09e-12	0.00e+00
 2.09658e+17	1.00e+00	1.09e-12	0.00e+00
 2.10835e+17	1.00e+00	1.09e-12	0.00e+00
 2.11950e+17	1.00e+00	1.09e-12	0.00e+00
 2.13008e+17	1.00e+00	1.09e-12	0.00e+00
 2.14011e+17	1.00e+00	1.09e-12	0.00e+00
 2.14963e+17	1.00e+00	1.09e-12	0.00e+00
 2.15867e+17	1.00e+00	1.09e-12	0.00e+00
 2.16725e+17	1.00e+00	1.09e-12	0.00e+00
 2.17540e+17	1.00e+00	1.09e-12	0.00e+00
 2.18314e+17	1.00e+00	1.09e-12	0.00e+00
 2.19051e+17	1.00e+00	1.10e-12	0.00e+00
 2.19752e+17	1.00e+00	1.10e-12	0.00e+00
 2.20419e+17	1.00e+00	1.10e-12	0.00e+00
 2.21055e+17	1.00e+00	1.10e-12	0.00e+00
 2.21661e+17	1.00e+00	1.10e-12	0.00e+00
 2.22239e+17	1.00e+00	1.10e-12	0.00e+00
 2.22790e+17	1.00e+00	1.10e-12	0.00e+00
 2.23318e+17	1.00e+00	1.10e-12	0.00e+00
 2.23822e+17	1.00e+00	1.10e-12	0.00e+00
 2.24304e+17	1.00e+00	1.10e-12	0.00e+00
 2.24766e+17	1.00e+00	1.10e-12	0.00e+00
 2.25209e+17	1.00e+00	1.10e-12	0.00e+00
 2.25635e+17	1.00e+00	1.10e-12	0.00e+00
 2.26044e+17	1.00e+00	1.10e-12	0.00e+00
 2.26439e+17	1.00e+00	1.10e-12	0.00e+00
 2.26819e+17	1.00e+00	1.10e-12	0.00e+00
 2.27187e+17	1.00e+00	1.10e-12	0.00e+00
 2.27543e+17	1.00e+00	1.10e-12	0.00e+00
 2.27888e+17	1.00e+00	1.10e-12	0.00e+00
 2.28224e+17	1.00e+00	1.10e-12	0.00e+00
 2.28553e+17	1.00e+00	1.10e-12	0.00e+00
 2.28874e+17	1.00e+00	1.10e-12	0.00e+00
 2.29189e+17	1.00e+00	1.10e-12	0.00e+00
 2.29500e+17	1.00e+00	1.10e-12	0.00e+00
 2.29809e+17	1.00e+00	1.10e-12	0.00e+00
 2.30115e+17	1.00e+00	1.10e-12	0.00e+00
 2.30422e+17	1.00e+00	1.10e-12	0.00e+00
 2.30731e+17	1.00e+00	1.10e-12	0.00e+00
 2.31044e+17	1.00e+00	1.10e-12	0.00e+00
 2.31365e+17	1.00e+00	1.10e-12	0.00e+00
 2.31695e+17	1.00e+00	1.10e-12	0.00e+00
 2.32039e+17	1.00e+00	1.10e-12	0.00e+00
 2.32402e+17	1.00e+00	1.10e-12	0.00e+00
 2.32790e+17	1.00e+00	1.10e-12	0.00e+00
 2.33211e+17	1.00e+00	1.10e-12	0.00e+00
 2.33676e+17	1.00e+00	1.10e-12	0.00e+00
 2.34201e+17	1.00e+00	1.09e-12	0.00e+00
 2.34807e+17	1.00e+00	1.09e-12	0.00e+00
 2.35527e+17	1.00e+00	1.09e-12	0.00e+00
 2.36409e+17	1.00e+00	1.08e-12	0.00e+00
 2.37529e+17	1.00e+00	1.07e-12	0.00e+00
 2.38980e+17	1.00e+00	1.05e-12	0.00e+00
 2.40866e+17	1.00e+00	1.02e-12	0.00e+00
 2.43319e+17	1.00e+00	9.78e-13	0.00e+00
 2.46507e+17	1.00e+00	9.18e-13	0.00e+00
 2.50652e+17	1.00e+00	8.39e-13	0.00e+00
 2.56040e+17	1.00e+00	7.39e-13	0.00e+00
 2.63045e+17	1.00e+00	6.20e-13	0.00e+00
 2.72152e+17	1.00e+00	4.88e-13	0.00e+00
 2.82845e+17	1.00e+00	3.53e-13	0.00e+00
 2.94158e+17	1.00e+00	2.98e-13	0.00e+00
 3.05925e+17	1.00e+00	2.68e-13	0.00e+00
 3.18162e+17	1.00e+00	2.41e-13	0.00e+00
 3.30888e+17	1.00e+00	2.16e-13	0.00e+00
 3.44124e+17	1.00e+00	1.92e-13	0.00e+00
 3.57889e+17	1.00e+00	1.69e-13	0.00e+00
 3.72204e+17	1.00e+00	1.48e-13	0.00e+00
 3.87093e+17	1.00e+00	1.27e-13	0.00e+00
 4.02576e+17	1.00e+00	1.08e-13	0.00e+00
 4.17777e+17	1.00e+00	9.04e-14	0.00e+00
 4.31319e+17	1.00e+00	9.38e-14	0.00e+00
 4.43025e+17	1.00e+00	1.10e-13	0.00e+00
 4.53704e+17	1.00e+00	1.20e-13	0.00e+00
 4.64102e+17	1.00e+00	1.17e-13	0.00e+00
 4.74248e+17	1.00e+00	1.06e-13	0.00e+00
 4.83562e+17	1.00e+00	9.85e-14	0.00e+00
 4.91559e+17	1.00e+00	9.82e-14	0.00e+00
 4.98263e+17	1.00e+00	1.00e-13	0.00e+00
 5.03419e+17	1.00e+00	1.01e-13	0.00e+00
 5.06714e+17	1.00e+00	1.06e-13	0.00e+00
 5.08634e+17	1.00e+00	1.12e-13	0.00e+00
 5.09785e+17	1.00e+00	1.15e-13	0.00e+00
 5.10475e+17	1.00e+00	1.17e-13	0.00e+00
 5.10930e+17	1.00e+00	1.19e-13	0.00e+00
 5.11313e+17	1.00e+00	1.19e-13	0.00e+00
 5.11722e+17	1.00e+00	1.20e-13	0.00e+00
 5.12187e+17	1.00e+00	1.20e-13	0.00e+00
 5.12626e+17	1.00e+00	1.21e-13	0.00e+00
 5.12989e+17	1.00e+00	1.21e-13	0.00e+00
 5.13297e+17	1.00e+00	1.21e-13	0.00e+00
 5.13590e+17	1.00e+00	1.21e-13	0.00e+00
 5.13898e+17	1.00e+00	1.21e-13	0.00e+00
 5.14187e+17	1.00e+00	1.21e-13	0.00e+00
 5.14452e+17	1.00e+00	1.21e-13	0.00e+00
 5.14716e+17	1.00e+00	1.20e-13	0.00e+00
 5.14962e+17	1.00e+00	1.20e-13	0.00e+00
 5.15181e+17	1.00e+00	1.20e-13	0.00e+00
 5.15386e+17	1.00e+00	1.20e-13	0.00e+00
 5.15600e+17	1.00e+00	1.19e-13	0.00e+00
 5.15816e+17	1.00e+00	1.19e-13	0.00e+00
 5.16015e+17	1.00e+00	1.19e-13	0.00e+00
 5.16196e+17	1.00e+00	1.19e-13	0.00e+00
 5.16368e+17	1.00e+00	1.18e-13	0.00e+00
 5.16537e+17	1.00e+00	1.18e-13	0.00e+00
 5.16704e+17	1.00e+00	1.18e-13	0.00e+00
 5.16872e+17	1.00e+00	1.17e-13	0.00e+00
 5.17039e+17	1.00e+00	1.17e-13	0.00e+00
 5.17195e+17	1.00e+00	1.17e-13	0.00e+00
 5.17342e+17	1.00e+00	1.16e-13	0.00e+00
 5.17492e+17	1.00e+00	1.16e-13	0.00e+00
 5.17648e+17	1.00e+00	1.15e-13	0.00e+00
 5.17798e+17	1.00e+00	1.15e-13	0.00e+00
 5.17942e+17	1.00e+00	1.15e-13	0.00e+00
 5.18089e+17	1.00e+00	1.14e-13	0.00e+00
 5.18240e+17	1.00e+00	1.14e-13	0.00e+00
 5.18385e+17	1.00e+00	1.13e-13	0.00e+00
 5.18526e+17	1.00e+00	1.13e-13	0.00e+00
 5.18673e+17	1.00e+00	1.13e-13	0.00e+00
 5.18827e+17	1.00e+00	1.12e-13	0.00e+00
 5.18983e+17	1.00e+00	1.12e-13	0.00e+00
 5.19137e+17	1.00e+00	1.11e-13	0.00e+00
 5.19283e+17	1.00e+00	1.11e-13	0.00e+00
 5.19429e+17	1.00e+00	1.10e-13	0.00e+00
 5.19586e+17	1.00e+00	1.10e-13	0.00e+00
 5.19754e+17	1.00e+00	1.09e-13	0.00e+00
 5.19921e+17	1.00e+00	1.08e-13	0.00e+00
 5.20097e+17	1.00e+00	1.08e-13	0.00e+00
 5.20285e+17	1.00e+00	1.07e-13	0.00e+00
 5.20464e+17	1.00e+00	1.06e-13	0.00e+00
 5.20634e+17	1.00e+00	1.06e-13	0.00e+00
 5.20803e+17	1.00e+00	1.05e-13	0.00e+00
 5.20990e+17	1.00e+00	1.04e-13	0.00e+00
 5.21201e+17	1.00e+00	1.04e-13	0.00e+00
 5.21407e+17	1.00e+00	1.03e-13	0.00e+00
 5.21597e+17	1.00e+00	1.02e-13	0.00e+00
 5.21790e+17	1.00e+00	1.01e-13	0.00e+00
 5.22008e+17	1.00e+00	1.00e-13	0.00e+00
 5.22251e+17	1.00e+00	9.93e-14	0.00e+00
 5.22490e+17	1.00e+00	9.82e-14	0.00e+00
 5.22716e+17	1.00e+00	9.72e-14	0.00e+00
 5.22945e+17	1.00e+00	9.63e-14	0.00e+00
 5.23187e+17	1.00e+00	9.52e-14	0.00e+00
 5.23442e+17	1.00e+00	9.41e-14	0.00e+00
 5.23700e+17	1.00e+00	9.30e-14	0.00e+00
 5.23964e+17	1.00e+00	9.18e-14	0.00e+00
 5.24236e+17	1.00e+00	9.06e-14	0.00e+00
 5.24519e+17	1.00e+00	8.94e-14	0.00e+00
 5.24817e+17	1.00e+00	8.81e-14	0.00e+00
 5.25118e+17	1.00e+00	8.67e-14	0.00e+00
 5.25421e+17	1.00e+00	8.53e-14	0.00e+00
 5.25730e+17	1.00e+00	8.40e-14	0.00e+00
 5.26050e+17	1.00e+00	8.25e-14	0.00e+00
 5.26382e+17	1.00e+00	8.10e-14	0.00e+00
 5.26719e+17	1.00e+00	7.96e-14	0.00e+00
 5.27075e+17	1.00e+00	7.80e-14	0.00e+00
 5.27444e+17	1.00e+00	7.64e-14	0.00e+00
 5.27814e+17	1.00e+00	7.47e-14	0.00e+00
 5.28189e+17	1.00e+00	7.30e-14	0.00e+00
 5.28566e+17	1.00e+00	7.14e-14	0.00e+00
 5.28962e+17	1.00e+00	6.97e-14	0.00e+00
 5.29377e+17	1.00e+00	6.79e-14	0.00e+00
 5.29798e+17	1.00e+00	6.60e-14	0.00e+00
 5.30208e+17	1.00e+00	6.43e-14	0.00e+00
 5.30632e+17	1.00e+00	6.25e-14	0.00e+00
 5.31091e+17	1.00e+00	6.06e-14	0.00e+00
 5.31555e+17	1.00e+00	5.87e-14	0.00e+00
 5.32016e+17	1.00e+00	5.68e-14	0.00e+00
 5.32483e+17	1.00e+00	5.49e-14	0.00e+00
 5.32965e+17	1.00e+00	5.30e-14	0.00e+00
 5.33465e+17	1.00e+00	5.11e-14	0.00e+00
 5.33974e+17	1.00e+00	4.91e-14	0.00e+00
 5.34490e+17	1.00e+00	4.72e-14	0.00e+00
 5.35014e+17	1.00e+00	4.52e-14	0.00e+00
 5.35549e+17	1.00e+00	4.33e-14	0.00e+00
 5.36092e+17	1.00e+00	4.14e-14	0.00e+00
 5.36660e+17	1.00e+00	3.95e-14	0.00e+00
 5.37244e+17	1.00e+00	3.76e-14	0.00e+00
 5.37836e+17	1.00e+00	3.56e-14	0.00e+00
 5.38430e+17	1.00e+00	3.38e-14	0.00e+00
 5.39036e+17	1.00e+00	3.19e-14	0.00e+00
 5.39668e+17	1.00e+00	3.01e-14	0.00e+00
 5.40308e+17	1.00e+00	2.83e-14	0.00e+00
 5.40958e+17	1.00e+00	2.66e-14	0.00e+00
 5.41636e+17	1.00e+00	2.48e-14	0.00e+00
 5.42354e+17	1.00e+00	2.31e-14	0.00e+00
 5.43088e+17	1.00e+00	2.14e-14	0.00e+00
 5.43807e+17	1.00e+00	1.97e-14	0.00e+00
 5.44467e+17	1.00e+00	1.83e-14	0.00e+00
 5.45044e+17	1.00e+00	1.71e-14	0.00e+00
 5.45553e+17	1.00e+00	1.61e-14	0.00e+00
 5.46029e+17	1.00e+00	1.52e-14	0.00e+00
 5.46493e+17	1.00e+00	1.44e-14	0.00e+00
 5.46946e+17	1.00e+00	1.36e-14	0.00e+00
 5.47376e+17	1.00e+00	1.29e-14	0.00e+00
 5.47777e+17	1.00e+00	1.23e-14	0.00e+00
 5.48154e+17	1.00e+00	1.17e-14	0.00e+00
 5.48518e+17	1.00e+00	1.12e-14	0.00e+00
 5.48871e+17	1.00e+00	1.07e-14	0.00e+00
 5.49213e+17	1.00e+00	1.02e-14	0.00e+00
 5.49542e+17	1.00e+00	9.80e-15	0.00e+00
 5.49857e+17	1.00e+00	9.39e-15	0.00e+00
 5.50161e+17	1.00e+00	9.01e-15	0.00e+00
 5.50454e+17	1.00e+00	8.66e-15	0.00e+00
 5.50739e+17	1.00e+00	8.32e-15	0.00e+00
 5.51015e+17	1.00e+00	8.00e-15	0.00e+00
 5.51282e+17	1.00e+00	7.70e-15	0.00e+00
 5.51540e+17	1.00e+00	7.41e-15	0.00e+00
 5.51790e+17	1.00e+00	7.13e-15	0.00e+00
 5.52032e+17	1.00e+00	6.88e-15	0.00e+00
 5.52266e+17	1.00e+00	6.63e-15	0.00e+00
 5.52495e+17	1.00e+00	6.40e-15	0.00e+00
 5.52719e+17	1.00e+00	6.18e-15	0.00e+00
 5.52937e+17	1.00e+00	5.97e-15	0.00e+00
 5.53149e+17	1.00e+00	5.77e-15	0.00e+00
 5.53356e+17	1.00e+00	5.56e-15	0.00e+00
 5.53555e+17	1.00e+00	5.38e-15	0.00e+00
 5.53747e+17	1.00e+00	5.21e-15	0.00e+00
 5.53965e+17	1.00e+00	5.05e-15	0.00e+00
 5.54249e+17	1.00e+00	4.85e-15	0.00e+00
 5.54617e+17	1.00e+00	4.58e-15	0.00e+00
 5.55097e+17	1.00e+00	4.26e-15	0.00e+00
 5.55720e+17	1.00e+00	3.86e-15	0.00e+00
 5.56530e+17	1.00e+00	3.39e-15	0.00e+00
 5.57535e+17	1.00e+00	2.85e-15	0.00e+00
 5.58533e+17	1.00e+00	2.31e-15	0.00e+00
 5.59288e+17	1.00e+00	1.93e-15	0.00e+00
 5.59819e+17	1.00e+00	1.71e-15	0.00e+00
 5.60285e+17	1.00e+00	1.56e-15	0.00e+00
 5.60812e+17	1.00e+00	1.42e-15	0.00e+00
 5.61425e+17	1.00e+00	1.26e-15	0.00e+00
 5.62067e+17	1.00e+00	1.11e-15	0.00e+00
