#depth	C	C+	C+2	C+3	C+4	C+5	C+6	C[1]	C[2]	C[3]	C+[1]	C+[2]	CO
 1.49634e+10	1.82e-46	4.58e-35	9.46e-25	6.05e-15	1.29e-04	3.27e-01	6.73e-01	0.00e+00	0.00e+00	0.00e+00	0.00e+00	0.00e+00	1.58e-146
 4.54887e+10	0.00e+00	6.56e-35	1.25e-24	7.39e-15	1.46e-04	3.45e-01	6.55e-01	0.00e+00	0.00e+00	0.00e+00	0.00e+00	0.00e+00	5.72e-190
 7.72350e+10	4.39e-46	9.47e-35	1.67e-24	9.11e-15	1.66e-04	3.63e-01	6.37e-01	0.00e+00	0.00e+00	0.00e+00	0.00e+00	0.00e+00	1.55e-145
 1.10251e+11	0.00e+00	1.37e-34	2.22e-24	1.12e-14	1.88e-04	3.82e-01	6.18e-01	0.00e+00	0.00e+00	0.00e+00	0.00e+00	0.00e+00	2.98e-189
 1.44588e+11	1.07e-45	1.97e-34	2.96e-24	1.38e-14	2.14e-04	4.00e-01	5.99e-01	0.00e+00	0.00e+00	0.00e+00	0.00e+00	0.00e+00	1.54e-144
 1.80298e+11	0.00e+00	2.83e-34	3.94e-24	1.69e-14	2.43e-04	4.20e-01	5.80e-01	0.00e+00	0.00e+00	0.00e+00	0.00e+00	0.00e+00	1.57e-188
 2.17437e+11	2.59e-45	4.07e-34	5.23e-24	2.08e-14	2.75e-04	4.39e-01	5.61e-01	0.00e+00	0.00e+00	0.00e+00	0.00e+00	0.00e+00	1.53e-143
 2.56061e+11	0.00e+00	5.85e-34	6.94e-24	2.55e-14	3.11e-04	4.59e-01	5.41e-01	0.00e+00	0.00e+00	0.00e+00	0.00e+00	0.00e+00	8.24e-188
 2.96231e+11	6.27e-45	8.40e-34	9.20e-24	3.12e-14	3.52e-04	4.78e-01	5.21e-01	0.00e+00	0.00e+00	0.00e+00	0.00e+00	0.00e+00	1.52e-142
 3.38007e+11	0.00e+00	1.21e-33	1.22e-23	3.81e-14	3.97e-04	4.98e-01	5.01e-01	0.00e+00	0.00e+00	0.00e+00	0.00e+00	0.00e+00	4.31e-187
 3.81454e+11	1.51e-44	1.73e-33	1.61e-23	4.65e-14	4.48e-04	5.18e-01	4.81e-01	0.00e+00	0.00e+00	0.00e+00	0.00e+00	0.00e+00	1.51e-141
 4.26639e+11	0.00e+00	2.47e-33	2.13e-23	5.68e-14	5.05e-04	5.38e-01	4.62e-01	0.00e+00	0.00e+00	0.00e+00	0.00e+00	0.00e+00	2.24e-186
 4.73631e+11	3.63e-44	3.54e-33	2.82e-23	6.93e-14	5.69e-04	5.58e-01	4.42e-01	0.00e+00	0.00e+00	0.00e+00	0.00e+00	0.00e+00	1.51e-140
 5.22503e+11	0.00e+00	5.06e-33	3.72e-23	8.44e-14	6.40e-04	5.77e-01	4.22e-01	0.00e+00	0.00e+00	0.00e+00	0.00e+00	0.00e+00	1.16e-185
 5.69964e+11	8.47e-44	7.06e-33	4.81e-23	1.01e-13	7.13e-04	5.95e-01	4.04e-01	0.00e+00	0.00e+00	0.00e+00	0.00e+00	0.00e+00	1.39e-139
 6.13731e+11	0.00e+00	9.50e-33	6.06e-23	1.19e-13	7.85e-04	6.11e-01	3.88e-01	0.00e+00	0.00e+00	0.00e+00	0.00e+00	0.00e+00	5.79e-185
 6.62536e+11	1.81e-43	1.31e-32	7.79e-23	1.42e-13	8.72e-04	6.28e-01	3.71e-01	0.00e+00	0.00e+00	0.00e+00	0.00e+00	0.00e+00	1.02e-138
 7.18888e+11	0.00e+00	1.87e-32	1.02e-22	1.73e-13	9.76e-04	6.47e-01	3.52e-01	0.00e+00	0.00e+00	0.00e+00	0.00e+00	0.00e+00	2.30e-184
 7.74437e+11	4.22e-43	2.61e-32	1.33e-22	2.07e-13	1.09e-03	6.64e-01	3.35e-01	0.00e+00	0.00e+00	0.00e+00	0.00e+00	0.00e+00	9.52e-138
 8.32209e+11	0.00e+00	3.67e-32	1.73e-22	2.50e-13	1.21e-03	6.81e-01	3.18e-01	0.00e+00	0.00e+00	0.00e+00	0.00e+00	0.00e+00	1.11e-183
 8.95424e+11	9.88e-43	5.23e-32	2.27e-22	3.02e-13	1.35e-03	6.98e-01	3.01e-01	0.00e+00	0.00e+00	0.00e+00	0.00e+00	0.00e+00	9.01e-137
 9.59548e+11	0.00e+00	7.38e-32	2.96e-22	3.65e-13	1.51e-03	7.14e-01	2.84e-01	0.00e+00	0.00e+00	0.00e+00	0.00e+00	0.00e+00	5.16e-183
 1.02624e+12	2.31e-42	1.04e-31	3.87e-22	4.40e-13	1.68e-03	7.30e-01	2.69e-01	0.00e+00	0.00e+00	0.00e+00	0.00e+00	0.00e+00	8.57e-136
 1.09721e+12	0.00e+00	1.49e-31	5.09e-22	5.33e-13	1.87e-03	7.45e-01	2.53e-01	0.00e+00	0.00e+00	0.00e+00	0.00e+00	0.00e+00	2.32e-182
 1.17103e+12	5.54e-42	2.12e-31	6.69e-22	6.45e-13	2.09e-03	7.60e-01	2.38e-01	0.00e+00	0.00e+00	0.00e+00	0.00e+00	0.00e+00	8.65e-135
 1.24780e+12	0.00e+00	3.03e-31	8.79e-22	7.80e-13	2.33e-03	7.75e-01	2.23e-01	0.00e+00	0.00e+00	0.00e+00	0.00e+00	0.00e+00	1.01e-181
 1.32764e+12	1.33e-41	4.31e-31	1.15e-21	9.43e-13	2.60e-03	7.88e-01	2.09e-01	0.00e+00	0.00e+00	0.00e+00	0.00e+00	0.00e+00	8.78e-134
 1.41067e+12	0.00e+00	6.15e-31	1.52e-21	1.14e-12	2.89e-03	8.01e-01	1.96e-01	0.00e+00	0.00e+00	0.00e+00	0.00e+00	0.00e+00	3.72e-181
 1.49702e+12	3.19e-41	8.78e-31	1.99e-21	1.38e-12	3.22e-03	8.14e-01	1.83e-01	0.00e+00	0.00e+00	0.00e+00	0.00e+00	0.00e+00	8.98e-133
 1.58683e+12	0.00e+00	1.25e-30	2.62e-21	1.67e-12	3.58e-03	8.25e-01	1.71e-01	0.00e+00	0.00e+00	0.00e+00	0.00e+00	0.00e+00	7.47e-181
 1.67144e+12	7.36e-41	1.73e-30	3.36e-21	1.98e-12	3.94e-03	8.35e-01	1.61e-01	0.00e+00	0.00e+00	0.00e+00	0.00e+00	0.00e+00	8.29e-132
 1.74739e+12	0.00e+00	2.29e-30	4.17e-21	2.30e-12	4.28e-03	8.44e-01	1.52e-01	0.00e+00	0.00e+00	0.00e+00	0.00e+00	0.00e+00	0.00e+00
 1.83277e+12	1.52e-40	3.12e-30	5.28e-21	2.71e-12	4.70e-03	8.52e-01	1.43e-01	0.00e+00	0.00e+00	0.00e+00	0.00e+00	0.00e+00	5.70e-131
 1.93361e+12	0.00e+00	4.42e-30	6.90e-21	3.26e-12	5.20e-03	8.62e-01	1.33e-01	0.00e+00	0.00e+00	0.00e+00	0.00e+00	0.00e+00	0.00e+00
 2.03479e+12	3.56e-40	6.20e-30	8.94e-21	3.89e-12	5.75e-03	8.70e-01	1.24e-01	0.00e+00	0.00e+00	0.00e+00	0.00e+00	0.00e+00	5.44e-130
 2.13014e+12	0.00e+00	8.43e-30	1.13e-20	4.58e-12	6.29e-03	8.77e-01	1.16e-01	0.00e+00	0.00e+00	0.00e+00	0.00e+00	0.00e+00	0.00e+00
 2.23540e+12	7.84e-40	1.17e-29	1.46e-20	5.45e-12	6.93e-03	8.85e-01	1.09e-01	0.00e+00	0.00e+00	0.00e+00	0.00e+00	0.00e+00	4.40e-129
 2.35474e+12	0.00e+00	1.68e-29	1.92e-20	6.59e-12	7.69e-03	8.92e-01	1.00e-01	0.00e+00	0.00e+00	0.00e+00	0.00e+00	0.00e+00	0.00e+00
 2.47437e+12	1.88e-39	2.38e-29	2.51e-20	7.91e-12	8.50e-03	8.98e-01	9.32e-02	0.00e+00	0.00e+00	0.00e+00	0.00e+00	0.00e+00	4.50e-128
 2.59878e+12	0.00e+00	3.38e-29	3.28e-20	9.51e-12	9.40e-03	9.04e-01	8.64e-02	0.00e+00	0.00e+00	0.00e+00	0.00e+00	0.00e+00	0.00e+00
 2.73266e+12	4.55e-39	4.86e-29	4.33e-20	1.15e-11	1.04e-02	9.10e-01	7.97e-02	0.00e+00	0.00e+00	0.00e+00	0.00e+00	0.00e+00	4.65e-127
 2.85831e+12	0.00e+00	6.73e-29	5.56e-20	1.36e-11	1.14e-02	9.14e-01	7.41e-02	0.00e+00	0.00e+00	0.00e+00	0.00e+00	0.00e+00	0.00e+00
 2.97063e+12	9.71e-39	8.96e-29	6.92e-20	1.58e-11	1.24e-02	9.18e-01	6.95e-02	0.00e+00	0.00e+00	0.00e+00	0.00e+00	0.00e+00	3.47e-126
 3.09697e+12	0.00e+00	1.22e-28	8.79e-20	1.87e-11	1.36e-02	9.22e-01	6.48e-02	0.00e+00	0.00e+00	0.00e+00	0.00e+00	0.00e+00	0.00e+00
 3.24671e+12	2.23e-38	1.75e-28	1.15e-19	2.25e-11	1.50e-02	9.25e-01	5.97e-02	0.00e+00	0.00e+00	0.00e+00	0.00e+00	0.00e+00	3.11e-125
 3.39700e+12	0.00e+00	2.47e-28	1.50e-19	2.69e-11	1.65e-02	9.28e-01	5.51e-02	0.00e+00	0.00e+00	0.00e+00	0.00e+00	0.00e+00	0.00e+00
 3.53783e+12	5.04e-38	3.38e-28	1.91e-19	3.17e-11	1.80e-02	9.31e-01	5.12e-02	0.00e+00	0.00e+00	0.00e+00	0.00e+00	0.00e+00	2.69e-124
 3.69379e+12	0.00e+00	4.72e-28	2.47e-19	3.77e-11	1.98e-02	9.33e-01	4.74e-02	0.00e+00	0.00e+00	0.00e+00	0.00e+00	0.00e+00	0.00e+00
 3.87147e+12	1.21e-37	6.83e-28	3.28e-19	4.57e-11	2.19e-02	9.35e-01	4.34e-02	0.00e+00	0.00e+00	0.00e+00	0.00e+00	0.00e+00	2.71e-123
 4.04634e+12	0.00e+00	9.70e-28	4.29e-19	5.48e-11	2.41e-02	9.36e-01	3.99e-02	0.00e+00	0.00e+00	0.00e+00	0.00e+00	0.00e+00	0.00e+00
 4.22820e+12	2.89e-37	1.38e-27	5.62e-19	6.57e-11	2.65e-02	9.37e-01	3.66e-02	0.00e+00	0.00e+00	0.00e+00	0.00e+00	0.00e+00	2.70e-122
 4.42726e+12	0.00e+00	2.00e-27	7.47e-19	7.97e-11	2.93e-02	9.37e-01	3.35e-02	0.00e+00	0.00e+00	0.00e+00	0.00e+00	0.00e+00	0.00e+00
 4.62725e+12	7.18e-37	2.87e-27	9.84e-19	9.60e-11	3.23e-02	9.37e-01	3.06e-02	0.00e+00	0.00e+00	0.00e+00	0.00e+00	0.00e+00	2.96e-121
 4.83524e+12	0.00e+00	4.12e-27	1.30e-18	1.16e-10	3.56e-02	9.36e-01	2.80e-02	0.00e+00	0.00e+00	0.00e+00	0.00e+00	0.00e+00	0.00e+00
 5.05858e+12	1.79e-36	5.99e-27	1.73e-18	1.41e-10	3.94e-02	9.35e-01	2.55e-02	0.00e+00	0.00e+00	0.00e+00	0.00e+00	0.00e+00	3.26e-120
 5.28006e+12	0.00e+00	8.56e-27	2.28e-18	1.69e-10	4.33e-02	9.33e-01	2.32e-02	0.00e+00	0.00e+00	0.00e+00	0.00e+00	0.00e+00	0.00e+00
 5.51040e+12	4.36e-36	1.23e-26	3.00e-18	2.04e-10	4.76e-02	9.31e-01	2.12e-02	0.00e+00	0.00e+00	0.00e+00	0.00e+00	0.00e+00	3.37e-119
 5.76074e+12	0.00e+00	1.78e-26	4.00e-18	2.47e-10	5.26e-02	9.28e-01	1.92e-02	0.00e+00	0.00e+00	0.00e+00	0.00e+00	0.00e+00	0.00e+00
 6.02110e+12	1.11e-35	2.60e-26	5.34e-18	3.00e-10	5.80e-02	9.25e-01	1.74e-02	0.00e+00	0.00e+00	0.00e+00	0.00e+00	0.00e+00	3.90e-118
 6.29187e+12	0.00e+00	3.79e-26	7.14e-18	3.65e-10	6.40e-02	9.20e-01	1.57e-02	0.00e+00	0.00e+00	0.00e+00	0.00e+00	0.00e+00	0.00e+00
 6.57347e+12	2.82e-35	5.51e-26	9.53e-18	4.43e-10	7.05e-02	9.15e-01	1.42e-02	0.00e+00	0.00e+00	0.00e+00	0.00e+00	0.00e+00	4.49e-117
 6.86634e+12	0.00e+00	8.03e-26	1.27e-17	5.38e-10	7.77e-02	9.10e-01	1.28e-02	0.00e+00	0.00e+00	0.00e+00	0.00e+00	0.00e+00	5.28e-100
 7.13166e+12	6.75e-35	1.11e-25	1.64e-17	6.37e-10	8.45e-02	9.04e-01	1.17e-02	0.00e+00	0.00e+00	0.00e+00	0.00e+00	0.00e+00	0.00e+00
 7.35344e+12	9.38e-35	1.45e-25	2.01e-17	7.31e-10	9.04e-02	8.99e-01	1.09e-02	0.00e+00	0.00e+00	0.00e+00	0.00e+00	0.00e+00	1.04e-115
 7.59671e+12	1.33e-34	1.92e-25	2.50e-17	8.46e-10	9.71e-02	8.93e-01	1.00e-02	0.00e+00	0.00e+00	0.00e+00	0.00e+00	0.00e+00	1.42e-97
 7.90385e+12	2.03e-34	2.71e-25	3.26e-17	1.01e-09	1.06e-01	8.85e-01	9.08e-03	0.00e+00	0.00e+00	0.00e+00	0.00e+00	0.00e+00	0.00e+00
 8.22388e+12	3.11e-34	3.82e-25	4.26e-17	1.21e-09	1.15e-01	8.76e-01	8.20e-03	0.00e+00	0.00e+00	0.00e+00	0.00e+00	0.00e+00	2.42e-114
 8.49643e+12	4.41e-34	5.07e-25	5.30e-17	1.40e-09	1.24e-01	8.69e-01	7.54e-03	0.00e+00	0.00e+00	0.00e+00	0.00e+00	0.00e+00	1.96e-96
 8.77738e+12	6.24e-34	6.71e-25	6.59e-17	1.62e-09	1.33e-01	8.60e-01	6.93e-03	0.00e+00	0.00e+00	0.00e+00	0.00e+00	0.00e+00	0.00e+00
 9.12987e+12	9.48e-34	9.41e-25	8.58e-17	1.93e-09	1.44e-01	8.50e-01	6.24e-03	0.00e+00	0.00e+00	0.00e+00	0.00e+00	0.00e+00	4.52e-113
 9.48757e+12	1.42e-33	1.31e-24	1.11e-16	2.29e-09	1.56e-01	8.38e-01	5.63e-03	0.00e+00	0.00e+00	0.00e+00	0.00e+00	0.00e+00	2.53e-95
 9.79584e+12	1.99e-33	1.72e-24	1.37e-16	2.64e-09	1.67e-01	8.28e-01	5.16e-03	0.00e+00	0.00e+00	0.00e+00	0.00e+00	0.00e+00	3.21e-112
 1.01277e+13	2.82e-33	2.28e-24	1.71e-16	3.05e-09	1.78e-01	8.17e-01	4.70e-03	0.00e+00	0.00e+00	0.00e+00	0.00e+00	0.00e+00	1.13e-94
 1.05365e+13	4.26e-33	3.18e-24	2.21e-16	3.63e-09	1.93e-01	8.03e-01	4.21e-03	0.00e+00	0.00e+00	0.00e+00	0.00e+00	0.00e+00	2.41e-111
 1.09549e+13	6.37e-33	4.40e-24	2.86e-16	4.30e-09	2.08e-01	7.88e-01	3.77e-03	0.00e+00	0.00e+00	0.00e+00	0.00e+00	0.00e+00	6.64e-94
 1.13338e+13	9.01e-33	5.83e-24	3.56e-16	4.97e-09	2.22e-01	7.74e-01	3.42e-03	0.00e+00	0.00e+00	0.00e+00	0.00e+00	0.00e+00	1.78e-110
 1.17519e+13	1.30e-32	7.85e-24	4.49e-16	5.80e-09	2.38e-01	7.59e-01	3.08e-03	0.00e+00	0.00e+00	0.00e+00	0.00e+00	0.00e+00	3.17e-93
 1.22429e+13	1.96e-32	1.10e-23	5.83e-16	6.89e-09	2.57e-01	7.41e-01	2.73e-03	0.00e+00	0.00e+00	0.00e+00	0.00e+00	0.00e+00	1.44e-109
 1.27334e+13	2.90e-32	1.50e-23	7.46e-16	8.11e-09	2.75e-01	7.22e-01	2.43e-03	0.00e+00	0.00e+00	0.00e+00	0.00e+00	0.00e+00	1.85e-92
 1.32009e+13	4.13e-32	2.00e-23	9.34e-16	9.40e-09	2.93e-01	7.05e-01	2.18e-03	0.00e+00	0.00e+00	0.00e+00	0.00e+00	0.00e+00	1.09e-108
 1.37162e+13	6.00e-32	2.71e-23	1.18e-15	1.10e-08	3.12e-01	6.86e-01	1.94e-03	0.00e+00	0.00e+00	0.00e+00	0.00e+00	0.00e+00	9.24e-92
 1.42948e+13	8.93e-32	3.74e-23	1.52e-15	1.29e-08	3.34e-01	6.64e-01	1.70e-03	0.00e+00	0.00e+00	0.00e+00	0.00e+00	0.00e+00	9.04e-108
 1.48159e+13	1.26e-31	4.94e-23	1.89e-15	1.49e-08	3.53e-01	6.45e-01	1.52e-03	0.00e+00	0.00e+00	0.00e+00	0.00e+00	0.00e+00	4.79e-91
 1.52466e+13	1.65e-31	6.14e-23	2.24e-15	1.66e-08	3.69e-01	6.30e-01	1.39e-03	0.00e+00	0.00e+00	0.00e+00	0.00e+00	0.00e+00	4.92e-107
 1.57174e+13	2.19e-31	7.73e-23	2.68e-15	1.87e-08	3.86e-01	6.13e-01	1.26e-03	0.00e+00	0.00e+00	0.00e+00	0.00e+00	0.00e+00	1.67e-90
 1.63181e+13	3.10e-31	1.02e-22	3.33e-15	2.15e-08	4.07e-01	5.92e-01	1.12e-03	0.00e+00	0.00e+00	0.00e+00	0.00e+00	0.00e+00	2.89e-106
 1.69242e+13	4.33e-31	1.34e-22	4.12e-15	2.47e-08	4.28e-01	5.71e-01	9.88e-04	0.00e+00	0.00e+00	0.00e+00	0.00e+00	0.00e+00	7.79e-90
 1.74266e+13	5.65e-31	1.67e-22	4.86e-15	2.74e-08	4.45e-01	5.54e-01	8.97e-04	0.00e+00	0.00e+00	0.00e+00	0.00e+00	0.00e+00	1.59e-105
 1.79575e+13	7.41e-31	2.07e-22	5.76e-15	3.06e-08	4.62e-01	5.37e-01	8.11e-04	0.00e+00	0.00e+00	0.00e+00	0.00e+00	0.00e+00	2.65e-89
 1.86377e+13	1.03e-30	2.71e-22	7.09e-15	3.49e-08	4.84e-01	5.15e-01	7.14e-04	0.00e+00	0.00e+00	0.00e+00	0.00e+00	0.00e+00	8.90e-105
 1.93502e+13	1.44e-30	3.54e-22	8.73e-15	3.98e-08	5.06e-01	4.93e-01	6.27e-04	0.00e+00	0.00e+00	0.00e+00	0.00e+00	0.00e+00	1.22e-88
 1.99752e+13	1.90e-30	4.43e-22	1.04e-14	4.44e-08	5.24e-01	4.75e-01	5.62e-04	0.00e+00	0.00e+00	0.00e+00	0.00e+00	0.00e+00	5.20e-104
 2.06482e+13	2.53e-30	5.59e-22	1.24e-14	4.97e-08	5.44e-01	4.56e-01	5.00e-04	0.00e+00	0.00e+00	0.00e+00	0.00e+00	0.00e+00	4.55e-88
 2.13941e+13	3.44e-30	7.14e-22	1.50e-14	5.59e-08	5.64e-01	4.36e-01	4.40e-04	0.00e+00	0.00e+00	0.00e+00	0.00e+00	0.00e+00	2.96e-103
 2.20855e+13	4.51e-30	8.89e-22	1.77e-14	6.21e-08	5.82e-01	4.18e-01	3.93e-04	0.00e+00	0.00e+00	0.00e+00	0.00e+00	0.00e+00	1.76e-87
 2.28351e+13	5.99e-30	1.11e-21	2.11e-14	6.92e-08	6.00e-01	3.99e-01	3.48e-04	0.00e+00	0.00e+00	0.00e+00	0.00e+00	0.00e+00	1.52e-102
 2.36685e+13	8.09e-30	1.42e-21	2.54e-14	7.76e-08	6.20e-01	3.80e-01	3.05e-04	0.00e+00	0.00e+00	0.00e+00	0.00e+00	0.00e+00	6.99e-87
 2.44453e+13	1.06e-29	1.76e-21	3.00e-14	8.58e-08	6.37e-01	3.62e-01	2.70e-04	0.00e+00	0.00e+00	0.00e+00	0.00e+00	0.00e+00	8.39e-102
 2.52898e+13	1.40e-29	2.20e-21	3.56e-14	9.53e-08	6.55e-01	3.45e-01	2.38e-04	0.00e+00	0.00e+00	0.00e+00	0.00e+00	0.00e+00	2.60e-86
 2.62295e+13	1.89e-29	2.80e-21	4.27e-14	1.07e-07	6.74e-01	3.26e-01	2.08e-04	0.00e+00	0.00e+00	0.00e+00	0.00e+00	0.00e+00	4.85e-101
 2.71079e+13	2.47e-29	3.47e-21	5.02e-14	1.18e-07	6.90e-01	3.10e-01	1.83e-04	0.00e+00	0.00e+00	0.00e+00	0.00e+00	0.00e+00	1.02e-85
 2.80648e+13	3.27e-29	4.34e-21	5.95e-14	1.30e-07	7.06e-01	2.94e-01	1.61e-04	0.00e+00	0.00e+00	0.00e+00	0.00e+00	0.00e+00	2.61e-100
 2.91328e+13	4.41e-29	5.51e-21	7.13e-14	1.45e-07	7.24e-01	2.76e-01	1.39e-04	0.00e+00	0.00e+00	0.00e+00	0.00e+00	0.00e+00	4.22e-85
 3.01369e+13	5.78e-29	6.84e-21	8.39e-14	1.60e-07	7.39e-01	2.61e-01	1.22e-04	0.00e+00	0.00e+00	0.00e+00	0.00e+00	0.00e+00	1.52e-99
 3.12338e+13	7.68e-29	8.57e-21	9.93e-14	1.77e-07	7.54e-01	2.46e-01	1.06e-04	0.00e+00	0.00e+00	0.00e+00	0.00e+00	0.00e+00	1.67e-84
 3.24621e+13	1.04e-28	1.09e-20	1.19e-13	1.97e-07	7.69e-01	2.31e-01	9.11e-05	0.00e+00	0.00e+00	0.00e+00	0.00e+00	0.00e+00	9.51e-99
 3.36252e+13	1.37e-28	1.36e-20	1.40e-13	2.17e-07	7.83e-01	2.17e-01	7.93e-05	0.00e+00	0.00e+00	0.00e+00	0.00e+00	0.00e+00	7.09e-84
 3.48786e+13	1.83e-28	1.70e-20	1.66e-13	2.39e-07	7.96e-01	2.04e-01	6.86e-05	0.00e+00	0.00e+00	0.00e+00	0.00e+00	0.00e+00	5.61e-98
 3.63037e+13	2.49e-28	2.18e-20	1.99e-13	2.66e-07	8.10e-01	1.89e-01	5.85e-05	0.00e+00	0.00e+00	0.00e+00	0.00e+00	0.00e+00	3.20e-83
 3.77038e+13	3.34e-28	2.74e-20	2.37e-13	2.93e-07	8.23e-01	1.77e-01	5.03e-05	0.00e+00	0.00e+00	0.00e+00	0.00e+00	0.00e+00	3.83e-97
 3.91599e+13	4.47e-28	3.45e-20	2.80e-13	3.23e-07	8.35e-01	1.65e-01	4.32e-05	0.00e+00	0.00e+00	0.00e+00	0.00e+00	0.00e+00	1.42e-82
 4.07562e+13	6.10e-28	4.40e-20	3.35e-13	3.57e-07	8.46e-01	1.54e-01	3.69e-05	0.00e+00	0.00e+00	0.00e+00	0.00e+00	0.00e+00	2.63e-96
 4.24164e+13	8.27e-28	5.60e-20	3.99e-13	3.95e-07	8.57e-01	1.43e-01	3.14e-05	0.00e+00	0.00e+00	0.00e+00	0.00e+00	0.00e+00	6.97e-82
 4.41429e+13	1.13e-27	7.12e-20	4.75e-13	4.35e-07	8.67e-01	1.33e-01	2.68e-05	0.00e+00	0.00e+00	0.00e+00	0.00e+00	0.00e+00	1.91e-95
 4.57871e+13	1.49e-27	8.86e-20	5.57e-13	4.76e-07	8.76e-01	1.24e-01	2.31e-05	0.00e+00	0.00e+00	0.00e+00	0.00e+00	0.00e+00	3.25e-81
 4.72731e+13	1.90e-27	1.07e-19	6.40e-13	5.14e-07	8.84e-01	1.16e-01	2.03e-05	0.00e+00	0.00e+00	0.00e+00	0.00e+00	0.00e+00	1.04e-94
 4.86577e+13	2.37e-27	1.27e-19	7.24e-13	5.51e-07	8.90e-01	1.10e-01	1.81e-05	0.00e+00	0.00e+00	0.00e+00	0.00e+00	0.00e+00	1.10e-80
 5.01817e+13	3.01e-27	1.53e-19	8.26e-13	5.92e-07	8.96e-01	1.04e-01	1.60e-05	0.00e+00	0.00e+00	0.00e+00	0.00e+00	0.00e+00	4.59e-94
 5.19004e+13	3.89e-27	1.87e-19	9.53e-13	6.41e-07	9.03e-01	9.75e-02	1.39e-05	0.00e+00	0.00e+00	0.00e+00	0.00e+00	0.00e+00	4.09e-80
 5.35484e+13	4.95e-27	2.25e-19	1.09e-12	6.89e-07	9.08e-01	9.18e-02	1.23e-05	0.00e+00	0.00e+00	0.00e+00	0.00e+00	0.00e+00	2.33e-93
 5.53671e+13	6.39e-27	2.75e-19	1.25e-12	7.44e-07	9.14e-01	8.61e-02	1.07e-05	0.00e+00	0.00e+00	0.00e+00	0.00e+00	0.00e+00	1.53e-79
 5.73491e+13	8.37e-27	3.39e-19	1.45e-12	8.06e-07	9.20e-01	8.04e-02	9.32e-06	0.00e+00	0.00e+00	0.00e+00	0.00e+00	0.00e+00	1.29e-92
 5.91465e+13	1.06e-26	4.06e-19	1.65e-12	8.65e-07	9.24e-01	7.57e-02	8.23e-06	0.00e+00	0.00e+00	0.00e+00	0.00e+00	0.00e+00	5.91e-79
 6.10861e+13	1.36e-26	4.92e-19	1.89e-12	9.29e-07	9.29e-01	7.12e-02	7.23e-06	0.00e+00	0.00e+00	0.00e+00	0.00e+00	0.00e+00	6.31e-92
 6.32732e+13	1.79e-26	6.07e-19	2.19e-12	1.00e-06	9.33e-01	6.65e-02	6.29e-06	0.00e+00	0.00e+00	0.00e+00	0.00e+00	0.00e+00	2.41e-78
 6.53609e+13	2.30e-26	7.36e-19	2.50e-12	1.08e-06	9.38e-01	6.25e-02	5.52e-06	0.00e+00	0.00e+00	0.00e+00	0.00e+00	0.00e+00	3.48e-91
 6.76535e+13	3.00e-26	9.03e-19	2.89e-12	1.16e-06	9.42e-01	5.84e-02	4.81e-06	0.00e+00	0.00e+00	0.00e+00	0.00e+00	0.00e+00	9.72e-78
 7.01790e+13	3.99e-26	1.12e-18	3.36e-12	1.26e-06	9.46e-01	5.44e-02	4.15e-06	0.00e+00	0.00e+00	0.00e+00	0.00e+00	0.00e+00	2.10e-90
 7.25129e+13	5.14e-26	1.36e-18	3.84e-12	1.35e-06	9.49e-01	5.11e-02	3.65e-06	0.00e+00	0.00e+00	0.00e+00	0.00e+00	0.00e+00	4.17e-77
 7.50527e+13	6.73e-26	1.67e-18	4.42e-12	1.45e-06	9.52e-01	4.78e-02	3.18e-06	0.00e+00	0.00e+00	0.00e+00	0.00e+00	0.00e+00	1.16e-89
 7.79122e+13	9.01e-26	2.09e-18	5.14e-12	1.57e-06	9.56e-01	4.44e-02	2.74e-06	0.00e+00	0.00e+00	0.00e+00	0.00e+00	0.00e+00	1.93e-76
 8.06414e+13	1.18e-25	2.56e-18	5.92e-12	1.69e-06	9.58e-01	4.16e-02	2.39e-06	0.00e+00	0.00e+00	0.00e+00	0.00e+00	0.00e+00	4.00e-76
 8.36006e+13	1.56e-25	3.18e-18	6.85e-12	1.83e-06	9.61e-01	3.88e-02	2.07e-06	0.00e+00	0.00e+00	0.00e+00	0.00e+00	0.00e+00	8.64e-76
 8.68782e+13	2.11e-25	3.99e-18	8.01e-12	1.98e-06	9.64e-01	3.60e-02	1.78e-06	0.00e+00	0.00e+00	0.00e+00	0.00e+00	0.00e+00	1.97e-75
 9.00151e+13	2.80e-25	4.93e-18	9.24e-12	2.13e-06	9.66e-01	3.36e-02	1.55e-06	0.00e+00	0.00e+00	0.00e+00	0.00e+00	0.00e+00	4.22e-75
 9.33738e+13	3.74e-25	6.14e-18	1.07e-11	2.30e-06	9.69e-01	3.13e-02	1.34e-06	0.00e+00	0.00e+00	0.00e+00	0.00e+00	0.00e+00	9.34e-75
 9.71387e+13	5.11e-25	7.78e-18	1.26e-11	2.49e-06	9.71e-01	2.90e-02	1.15e-06	0.00e+00	0.00e+00	0.00e+00	0.00e+00	0.00e+00	2.21e-74
 1.00910e+14	6.91e-25	9.76e-18	1.46e-11	2.69e-06	9.73e-01	2.69e-02	9.90e-07	0.00e+00	0.00e+00	0.00e+00	0.00e+00	0.00e+00	5.04e-74
 1.04833e+14	9.34e-25	1.23e-17	1.70e-11	2.91e-06	9.75e-01	2.50e-02	0.00e+00	0.00e+00	0.00e+00	0.00e+00	0.00e+00	0.00e+00	1.15e-73
 1.09056e+14	1.28e-24	1.55e-17	2.00e-11	3.15e-06	9.77e-01	2.32e-02	0.00e+00	0.00e+00	0.00e+00	0.00e+00	0.00e+00	0.00e+00	2.73e-73
 1.13448e+14	1.75e-24	1.96e-17	2.34e-11	3.41e-06	9.79e-01	2.15e-02	0.00e+00	0.00e+00	0.00e+00	0.00e+00	0.00e+00	0.00e+00	6.44e-73
 1.18016e+14	2.39e-24	2.48e-17	2.74e-11	3.69e-06	9.80e-01	1.99e-02	0.00e+00	0.00e+00	0.00e+00	0.00e+00	0.00e+00	0.00e+00	1.52e-72
 1.22455e+14	3.21e-24	3.10e-17	3.17e-11	3.97e-06	9.81e-01	1.85e-02	0.00e+00	0.00e+00	0.00e+00	0.00e+00	0.00e+00	0.00e+00	3.44e-72
 1.26644e+14	4.17e-24	3.78e-17	3.63e-11	4.25e-06	9.83e-01	1.73e-02	0.00e+00	0.00e+00	0.00e+00	0.00e+00	0.00e+00	0.00e+00	7.06e-72
 1.30570e+14	5.32e-24	4.54e-17	4.10e-11	4.52e-06	9.84e-01	1.63e-02	0.00e+00	0.00e+00	0.00e+00	0.00e+00	1.46e-17	3.07e-17	1.38e-71
 1.34820e+14	6.87e-24	5.50e-17	4.65e-11	4.82e-06	9.85e-01	1.54e-02	0.00e+00	0.00e+00	0.00e+00	0.00e+00	1.83e-17	3.67e-17	2.80e-71
 1.39588e+14	9.05e-24	6.76e-17	5.35e-11	5.16e-06	9.86e-01	1.43e-02	0.00e+00	0.00e+00	0.00e+00	0.00e+00	2.25e-17	4.52e-17	5.97e-71
 1.44124e+14	1.16e-23	8.16e-17	6.07e-11	5.51e-06	9.87e-01	1.35e-02	0.00e+00	0.00e+00	0.00e+00	0.00e+00	2.71e-17	5.45e-17	1.18e-70
 1.49112e+14	1.52e-23	9.99e-17	6.95e-11	5.89e-06	9.87e-01	1.26e-02	0.00e+00	0.00e+00	0.00e+00	0.00e+00	3.32e-17	6.68e-17	2.49e-70
 1.54710e+14	2.04e-23	1.25e-16	8.05e-11	6.34e-06	9.88e-01	1.17e-02	0.00e+00	0.00e+00	0.00e+00	0.00e+00	4.14e-17	8.33e-17	5.60e-70
 1.60039e+14	2.66e-23	1.52e-16	9.22e-11	6.79e-06	9.89e-01	1.10e-02	0.00e+00	0.00e+00	0.00e+00	0.00e+00	5.05e-17	1.02e-16	1.16e-69
 1.65856e+14	3.51e-23	1.88e-16	1.06e-10	7.29e-06	9.90e-01	1.02e-02	0.00e+00	0.00e+00	0.00e+00	0.00e+00	6.23e-17	1.25e-16	2.49e-69
 1.72371e+14	4.78e-23	2.37e-16	1.24e-10	7.87e-06	9.91e-01	9.48e-03	0.00e+00	0.00e+00	0.00e+00	0.00e+00	7.85e-17	1.58e-16	5.83e-69
 1.78690e+14	6.30e-23	2.91e-16	1.43e-10	8.48e-06	9.91e-01	8.82e-03	0.00e+00	0.00e+00	0.00e+00	0.00e+00	9.67e-17	1.95e-16	1.24e-68
 1.85410e+14	8.46e-23	3.64e-16	1.66e-10	9.12e-06	9.92e-01	8.21e-03	0.00e+00	0.00e+00	0.00e+00	0.00e+00	1.21e-16	2.43e-16	2.81e-68
 1.92250e+14	1.11e-22	4.49e-16	1.92e-10	9.82e-06	9.92e-01	7.62e-03	0.00e+00	0.00e+00	0.00e+00	0.00e+00	1.49e-16	3.00e-16	5.95e-68
 1.98286e+14	1.43e-22	5.40e-16	2.17e-10	1.04e-05	9.93e-01	7.18e-03	0.00e+00	0.00e+00	0.00e+00	0.00e+00	1.79e-16	3.61e-16	1.18e-67
 2.04833e+14	1.83e-22	6.52e-16	2.47e-10	1.12e-05	9.93e-01	6.72e-03	0.00e+00	0.00e+00	0.00e+00	0.00e+00	2.16e-16	4.36e-16	2.32e-67
 2.12718e+14	2.46e-22	8.17e-16	2.88e-10	1.20e-05	9.94e-01	6.24e-03	0.00e+00	0.00e+00	0.00e+00	0.00e+00	2.71e-16	5.46e-16	5.29e-67
 2.20544e+14	3.24e-22	1.01e-15	3.33e-10	1.30e-05	9.94e-01	5.80e-03	0.00e+00	0.00e+00	0.00e+00	0.00e+00	3.34e-16	6.73e-16	1.12e-66
 2.27528e+14	4.14e-22	1.21e-15	3.77e-10	1.38e-05	9.95e-01	5.45e-03	0.00e+00	0.00e+00	0.00e+00	0.00e+00	4.03e-16	8.11e-16	2.21e-66
 2.35218e+14	5.33e-22	1.47e-15	4.31e-10	1.48e-05	9.95e-01	5.10e-03	0.00e+00	0.00e+00	0.00e+00	0.00e+00	4.87e-16	9.82e-16	4.40e-66
 2.44371e+14	7.15e-22	1.84e-15	5.03e-10	1.60e-05	9.95e-01	4.72e-03	0.00e+00	0.00e+00	0.00e+00	0.00e+00	6.09e-16	1.23e-15	9.87e-66
 2.53425e+14	9.45e-22	2.27e-15	5.83e-10	1.72e-05	9.96e-01	4.38e-03	0.00e+00	0.00e+00	0.00e+00	0.00e+00	7.54e-16	1.52e-15	2.12e-65
 2.61680e+14	1.21e-21	2.74e-15	6.63e-10	1.83e-05	9.96e-01	4.11e-03	0.00e+00	0.00e+00	0.00e+00	0.00e+00	9.09e-16	1.83e-15	4.20e-65
 2.70895e+14	1.58e-21	3.37e-15	7.61e-10	1.97e-05	9.96e-01	3.83e-03	0.00e+00	0.00e+00	0.00e+00	0.00e+00	1.12e-15	2.25e-15	8.85e-65
 2.81641e+14	2.12e-21	4.20e-15	8.91e-10	2.13e-05	9.96e-01	3.54e-03	0.00e+00	0.00e+00	0.00e+00	0.00e+00	1.39e-15	2.81e-15	1.95e-64
 2.92192e+14	2.83e-21	5.23e-15	1.03e-09	2.30e-05	9.97e-01	3.29e-03	0.00e+00	0.00e+00	0.00e+00	0.00e+00	1.74e-15	3.50e-15	4.35e-64
 3.02140e+14	3.61e-21	6.32e-15	1.18e-09	2.46e-05	9.97e-01	3.07e-03	0.00e+00	0.00e+00	0.00e+00	0.00e+00	2.09e-15	4.22e-15	8.52e-64
 3.13230e+14	4.74e-21	7.78e-15	1.37e-09	2.65e-05	9.97e-01	2.86e-03	0.00e+00	0.00e+00	0.00e+00	0.00e+00	2.58e-15	5.20e-15	1.80e-63
 3.25789e+14	6.38e-21	9.75e-15	1.60e-09	2.87e-05	9.97e-01	2.64e-03	0.00e+00	0.00e+00	0.00e+00	0.00e+00	3.23e-15	6.52e-15	4.08e-63
 3.38311e+14	8.55e-21	1.22e-14	1.86e-09	3.09e-05	9.98e-01	2.45e-03	0.00e+00	0.00e+00	0.00e+00	0.00e+00	4.04e-15	8.16e-15	9.23e-63
 3.50022e+14	1.09e-20	1.47e-14	2.13e-09	3.32e-05	9.98e-01	2.28e-03	0.00e+00	0.00e+00	0.00e+00	0.00e+00	4.88e-15	9.86e-15	1.81e-62
 3.62742e+14	1.44e-20	1.82e-14	2.46e-09	3.57e-05	9.98e-01	2.12e-03	0.00e+00	0.00e+00	0.00e+00	0.00e+00	6.03e-15	1.22e-14	3.90e-62
 3.76994e+14	1.91e-20	2.25e-14	2.87e-09	3.86e-05	9.98e-01	1.96e-03	0.00e+00	0.00e+00	0.00e+00	0.00e+00	7.47e-15	1.51e-14	8.39e-62
 3.90270e+14	2.47e-20	2.75e-14	3.30e-09	4.14e-05	9.98e-01	1.83e-03	0.00e+00	0.00e+00	0.00e+00	0.00e+00	9.10e-15	1.84e-14	1.72e-61
 4.02504e+14	3.12e-20	3.29e-14	3.73e-09	4.41e-05	9.98e-01	1.72e-03	0.00e+00	0.00e+00	0.00e+00	0.00e+00	1.09e-14	2.20e-14	3.30e-61
 4.14279e+14	3.86e-20	3.88e-14	4.19e-09	4.67e-05	9.98e-01	1.62e-03	0.00e+00	0.00e+00	0.00e+00	0.00e+00	1.28e-14	2.59e-14	5.94e-61
 4.27371e+14	4.82e-20	4.60e-14	4.75e-09	4.98e-05	9.98e-01	1.52e-03	0.00e+00	0.00e+00	0.00e+00	0.00e+00	1.52e-14	3.08e-14	1.10e-60
 4.41819e+14	6.22e-20	5.60e-14	5.42e-09	5.32e-05	9.99e-01	1.42e-03	0.00e+00	0.00e+00	0.00e+00	0.00e+00	1.85e-14	3.74e-14	2.23e-60
 4.55255e+14	7.67e-20	6.58e-14	6.11e-09	5.66e-05	9.99e-01	1.34e-03	0.00e+00	0.00e+00	0.00e+00	0.00e+00	2.18e-14	4.40e-14	3.98e-60
 4.69947e+14	9.79e-20	7.94e-14	6.94e-09	6.03e-05	9.99e-01	1.25e-03	0.00e+00	0.00e+00	0.00e+00	0.00e+00	2.63e-14	5.31e-14	7.87e-60
 4.86466e+14	1.25e-19	9.58e-14	7.97e-09	6.48e-05	9.99e-01	1.17e-03	0.00e+00	0.00e+00	0.00e+00	0.00e+00	3.17e-14	6.41e-14	1.55e-59
 5.02171e+14	1.59e-19	1.15e-13	9.05e-09	6.90e-05	9.99e-01	1.09e-03	0.00e+00	0.00e+00	0.00e+00	0.00e+00	3.81e-14	7.72e-14	3.02e-59
 5.19401e+14	2.02e-19	1.38e-13	1.04e-08	7.40e-05	9.99e-01	1.02e-03	0.00e+00	0.00e+00	0.00e+00	0.00e+00	4.58e-14	9.27e-14	5.82e-59
 5.38452e+14	2.64e-19	1.71e-13	1.20e-08	7.96e-05	9.99e-01	9.49e-04	0.00e+00	0.00e+00	0.00e+00	0.00e+00	5.64e-14	1.14e-13	1.24e-58
 5.56115e+14	3.30e-19	2.03e-13	1.36e-08	8.51e-05	9.99e-01	8.88e-04	0.00e+00	0.00e+00	0.00e+00	0.00e+00	6.71e-14	1.36e-13	2.30e-58
 5.75321e+14	4.23e-19	2.46e-13	1.56e-08	9.11e-05	9.99e-01	8.28e-04	0.00e+00	0.00e+00	0.00e+00	0.00e+00	8.11e-14	1.64e-13	4.58e-58
 5.96708e+14	5.46e-19	3.00e-13	1.81e-08	9.82e-05	9.99e-01	7.68e-04	0.00e+00	0.00e+00	0.00e+00	0.00e+00	9.92e-14	2.01e-13	9.40e-58
 6.16670e+14	7.00e-19	3.64e-13	2.06e-08	1.05e-04	9.99e-01	7.19e-04	0.00e+00	0.00e+00	0.00e+00	0.00e+00	1.20e-13	2.44e-13	1.88e-57
 6.38360e+14	8.88e-19	4.38e-13	2.37e-08	1.13e-04	9.99e-01	6.68e-04	0.00e+00	0.00e+00	0.00e+00	0.00e+00	1.44e-13	2.93e-13	3.64e-57
 6.62470e+14	1.16e-18	5.39e-13	2.75e-08	1.22e-04	9.99e-01	6.20e-04	0.00e+00	0.00e+00	0.00e+00	0.00e+00	1.78e-13	3.61e-13	7.70e-57
 6.85036e+14	1.47e-18	6.51e-13	3.14e-08	1.30e-04	9.99e-01	5.79e-04	0.00e+00	0.00e+00	0.00e+00	0.00e+00	2.15e-13	4.36e-13	1.52e-56
 7.09681e+14	1.88e-18	7.85e-13	3.62e-08	1.40e-04	9.99e-01	5.37e-04	0.00e+00	0.00e+00	0.00e+00	0.00e+00	2.59e-13	5.26e-13	2.97e-56
 7.37158e+14	2.45e-18	9.67e-13	4.22e-08	1.51e-04	9.99e-01	4.97e-04	0.00e+00	0.00e+00	0.00e+00	0.00e+00	3.19e-13	6.48e-13	6.26e-56
 7.63003e+14	3.15e-18	1.18e-12	4.84e-08	1.62e-04	9.99e-01	4.63e-04	0.00e+00	0.00e+00	0.00e+00	0.00e+00	3.88e-13	7.90e-13	1.28e-55
 7.90823e+14	4.02e-18	1.43e-12	5.59e-08	1.75e-04	9.99e-01	4.29e-04	0.00e+00	0.00e+00	0.00e+00	0.00e+00	4.69e-13	9.56e-13	2.52e-55
 8.21803e+14	5.26e-18	1.77e-12	6.52e-08	1.90e-04	9.99e-01	3.96e-04	0.00e+00	0.00e+00	0.00e+00	0.00e+00	5.81e-13	1.18e-12	5.44e-55
 8.51874e+14	6.68e-18	2.13e-12	7.54e-08	2.04e-04	9.99e-01	3.67e-04	0.00e+00	0.00e+00	0.00e+00	0.00e+00	7.01e-13	1.43e-12	1.06e-54
 8.83832e+14	8.67e-18	2.62e-12	8.74e-08	2.21e-04	9.99e-01	3.40e-04	0.00e+00	0.00e+00	0.00e+00	0.00e+00	8.62e-13	1.76e-12	2.23e-54
 9.19215e+14	1.12e-17	3.21e-12	1.02e-07	2.40e-04	9.99e-01	3.12e-04	0.00e+00	0.00e+00	0.00e+00	0.00e+00	1.06e-12	2.16e-12	4.61e-54
 9.54478e+14	1.46e-17	3.96e-12	1.19e-07	2.60e-04	9.99e-01	2.88e-04	0.00e+00	0.00e+00	0.00e+00	0.00e+00	1.30e-12	2.66e-12	9.73e-54
 9.83753e+14	1.77e-17	4.62e-12	1.35e-07	2.77e-04	9.99e-01	2.70e-04	0.00e+00	0.00e+00	0.00e+00	0.00e+00	1.52e-12	3.10e-12	1.68e-53
 1.00657e+15	2.07e-17	5.23e-12	1.48e-07	2.91e-04	9.99e-01	2.57e-04	0.00e+00	0.00e+00	0.00e+00	0.00e+00	1.72e-12	3.51e-12	2.62e-53
 1.03135e+15	2.44e-17	5.98e-12	1.63e-07	3.06e-04	9.99e-01	2.44e-04	0.00e+00	0.00e+00	0.00e+00	0.00e+00	1.96e-12	4.01e-12	4.23e-53
 1.06356e+15	2.99e-17	7.02e-12	1.85e-07	3.27e-04	9.99e-01	2.28e-04	0.00e+00	0.00e+00	0.00e+00	0.00e+00	2.31e-12	4.71e-12	7.50e-53
 1.09843e+15	3.69e-17	8.32e-12	2.10e-07	3.51e-04	9.99e-01	2.13e-04	0.00e+00	0.00e+00	0.00e+00	0.00e+00	2.73e-12	5.59e-12	1.38e-52
 1.12982e+15	4.45e-17	9.69e-12	2.36e-07	3.73e-04	9.99e-01	2.00e-04	0.00e+00	0.00e+00	0.00e+00	0.00e+00	3.18e-12	6.51e-12	2.38e-52
 1.16372e+15	5.39e-17	1.13e-11	2.66e-07	3.98e-04	9.99e-01	1.87e-04	0.00e+00	4.50e-18	1.35e-17	2.26e-17	3.71e-12	7.59e-12	4.11e-52
 1.20656e+15	6.85e-17	1.37e-11	3.08e-07	4.31e-04	9.99e-01	1.73e-04	0.00e+00	5.73e-18	1.72e-17	2.87e-17	4.50e-12	9.22e-12	8.27e-52
 1.24975e+15	8.60e-17	1.65e-11	3.55e-07	4.65e-04	9.99e-01	1.60e-04	0.00e+00	7.20e-18	2.16e-17	3.61e-17	5.42e-12	1.11e-11	1.61e-51
 1.28620e+15	1.03e-16	1.92e-11	3.99e-07	4.95e-04	9.99e-01	1.50e-04	0.00e+00	8.66e-18	2.60e-17	4.35e-17	6.29e-12	1.29e-11	2.76e-51
 1.32515e+15	1.24e-16	2.24e-11	4.50e-07	5.29e-04	9.99e-01	1.41e-04	0.00e+00	1.04e-17	3.13e-17	5.23e-17	7.34e-12	1.50e-11	4.82e-51
 1.37413e+15	1.58e-16	2.71e-11	5.23e-07	5.74e-04	9.99e-01	1.30e-04	0.00e+00	1.32e-17	3.98e-17	6.64e-17	8.89e-12	1.82e-11	9.61e-51
 1.42474e+15	1.98e-16	3.27e-11	6.05e-07	6.23e-04	9.99e-01	1.20e-04	0.00e+00	1.67e-17	5.00e-17	8.35e-17	1.07e-11	2.20e-11	1.91e-50
 1.46925e+15	2.41e-16	3.84e-11	6.86e-07	6.67e-04	9.99e-01	1.12e-04	0.00e+00	2.03e-17	6.08e-17	1.02e-16	1.26e-11	2.58e-11	3.41e-50
 1.51723e+15	2.93e-16	4.53e-11	7.81e-07	7.16e-04	9.99e-01	1.04e-04	0.00e+00	2.47e-17	7.40e-17	1.24e-16	1.48e-11	3.04e-11	6.25e-50
 1.57525e+15	3.75e-16	5.52e-11	9.10e-07	7.80e-04	9.99e-01	9.57e-05	0.00e+00	3.16e-17	9.49e-17	1.59e-16	1.81e-11	3.71e-11	1.30e-49
 1.63278e+15	4.69e-16	6.65e-11	1.05e-06	8.45e-04	9.99e-01	8.82e-05	0.00e+00	3.95e-17	1.19e-16	1.98e-16	2.18e-11	4.47e-11	2.59e-49
 1.68375e+15	5.70e-16	7.80e-11	1.19e-06	9.05e-04	9.99e-01	8.24e-05	0.00e+00	4.81e-17	1.44e-16	2.41e-16	2.56e-11	5.24e-11	4.70e-49
 1.73975e+15	6.98e-16	9.23e-11	1.36e-06	9.75e-04	9.99e-01	7.65e-05	0.00e+00	5.90e-17	1.77e-16	2.96e-16	3.03e-11	6.20e-11	8.82e-49
 1.80684e+15	8.88e-16	1.13e-10	1.58e-06	1.06e-03	9.99e-01	7.02e-05	0.00e+00	7.51e-17	2.26e-16	3.77e-16	3.69e-11	7.56e-11	1.86e-48
 1.87372e+15	1.11e-15	1.35e-10	1.83e-06	1.15e-03	9.99e-01	6.46e-05	0.00e+00	9.38e-17	2.82e-16	4.70e-16	4.44e-11	9.10e-11	3.74e-48
 1.93458e+15	1.36e-15	1.60e-10	2.09e-06	1.24e-03	9.99e-01	6.02e-05	0.00e+00	1.15e-16	3.45e-16	5.77e-16	5.26e-11	1.08e-10	7.09e-48
 2.00226e+15	1.69e-15	1.92e-10	2.40e-06	1.34e-03	9.99e-01	5.57e-05	0.00e+00	1.43e-16	4.30e-16	7.19e-16	6.30e-11	1.29e-10	1.41e-47
 2.08133e+15	2.14e-15	2.35e-10	2.80e-06	1.46e-03	9.98e-01	5.10e-05	0.00e+00	1.82e-16	5.47e-16	9.13e-16	7.70e-11	1.58e-10	3.05e-47
 2.15936e+15	2.70e-15	2.84e-10	3.24e-06	1.59e-03	9.98e-01	4.70e-05	0.00e+00	2.30e-16	6.89e-16	1.15e-15	9.34e-11	1.91e-10	6.46e-47
 2.23315e+15	3.32e-15	3.39e-10	3.71e-06	1.71e-03	9.98e-01	4.36e-05	0.00e+00	2.83e-16	8.51e-16	1.42e-15	1.11e-10	2.28e-10	1.28e-46
 2.31515e+15	4.18e-15	4.10e-10	4.29e-06	1.86e-03	9.98e-01	4.01e-05	0.00e+00	3.57e-16	1.07e-15	1.79e-15	1.35e-10	2.75e-10	2.72e-46
 2.39267e+15	5.05e-15	4.83e-10	4.89e-06	2.00e-03	9.98e-01	3.73e-05	0.00e+00	4.32e-16	1.30e-15	2.16e-15	1.59e-10	3.24e-10	5.16e-46
 2.45053e+15	5.90e-15	5.49e-10	5.38e-06	2.11e-03	9.98e-01	3.54e-05	0.00e+00	5.04e-16	1.51e-15	2.53e-15	1.81e-10	3.69e-10	8.62e-46
 2.50977e+15	6.97e-15	6.28e-10	5.92e-06	2.23e-03	9.98e-01	3.35e-05	0.00e+00	5.97e-16	1.79e-15	2.99e-15	2.06e-10	4.21e-10	1.47e-45
 2.58678e+15	8.44e-15	7.37e-10	6.68e-06	2.39e-03	9.98e-01	3.13e-05	0.00e+00	7.24e-16	2.17e-15	3.63e-15	2.42e-10	4.94e-10	2.79e-45
 2.66991e+15	1.01e-14	8.62e-10	7.58e-06	2.56e-03	9.97e-01	2.92e-05	0.00e+00	8.66e-16	2.60e-15	4.34e-15	2.84e-10	5.78e-10	5.17e-45
 2.74464e+15	1.21e-14	1.00e-09	8.46e-06	2.72e-03	9.97e-01	2.75e-05	0.00e+00	1.04e-15	3.11e-15	5.19e-15	3.29e-10	6.71e-10	9.38e-45
 2.82543e+15	1.45e-14	1.17e-09	9.50e-06	2.91e-03	9.97e-01	2.58e-05	0.00e+00	1.25e-15	3.74e-15	6.24e-15	3.84e-10	7.83e-10	1.74e-44
 2.92853e+15	1.86e-14	1.43e-09	1.10e-05	3.16e-03	9.97e-01	2.38e-05	0.00e+00	1.60e-15	4.80e-15	8.01e-15	4.70e-10	9.58e-10	3.92e-44
 3.03229e+15	2.32e-14	1.72e-09	1.26e-05	3.41e-03	9.97e-01	2.20e-05	0.00e+00	2.00e-15	5.99e-15	1.00e-14	5.68e-10	1.16e-09	8.20e-44
 3.11887e+15	2.73e-14	1.99e-09	1.41e-05	3.63e-03	9.96e-01	2.07e-05	0.00e+00	2.36e-15	7.08e-15	1.18e-14	6.55e-10	1.33e-09	1.45e-43
 3.21146e+15	3.29e-14	2.33e-09	1.58e-05	3.87e-03	9.96e-01	1.95e-05	0.00e+00	2.84e-15	8.54e-15	1.43e-14	7.68e-10	1.56e-09	2.71e-43
 3.32909e+15	4.26e-14	2.87e-09	1.83e-05	4.20e-03	9.96e-01	1.80e-05	0.00e+00	3.69e-15	1.11e-14	1.85e-14	9.47e-10	1.93e-09	6.24e-43
 3.45264e+15	5.38e-14	3.50e-09	2.11e-05	4.56e-03	9.95e-01	1.66e-05	0.00e+00	4.66e-15	1.40e-14	2.33e-14	1.15e-09	2.35e-09	1.38e-42
 3.56293e+15	6.59e-14	4.17e-09	2.39e-05	4.89e-03	9.95e-01	1.56e-05	0.00e+00	5.72e-15	1.72e-14	2.86e-14	1.37e-09	2.79e-09	2.73e-42
 3.68263e+15	8.11e-14	4.98e-09	2.73e-05	5.25e-03	9.95e-01	1.45e-05	0.00e+00	7.04e-15	2.11e-14	3.53e-14	1.64e-09	3.34e-09	5.49e-42
 3.82530e+15	1.05e-13	6.17e-09	3.18e-05	5.72e-03	9.94e-01	1.34e-05	0.00e+00	9.08e-15	2.73e-14	4.55e-14	2.03e-09	4.13e-09	1.27e-41
 3.96618e+15	1.31e-13	7.51e-09	3.67e-05	6.19e-03	9.94e-01	1.24e-05	0.00e+00	1.14e-14	3.42e-14	5.71e-14	2.48e-09	5.03e-09	2.72e-41
 4.09385e+15	1.59e-13	8.86e-09	4.17e-05	6.64e-03	9.93e-01	1.16e-05	0.00e+00	1.38e-14	4.15e-14	6.92e-14	2.93e-09	5.94e-09	5.15e-41
 4.23603e+15	1.97e-13	1.07e-08	4.77e-05	7.16e-03	9.93e-01	1.09e-05	0.00e+00	1.72e-14	5.17e-14	8.63e-14	3.54e-09	7.17e-09	1.07e-40
 4.40273e+15	2.60e-13	1.35e-08	5.57e-05	7.81e-03	9.92e-01	1.00e-05	0.00e+00	2.27e-14	6.82e-14	1.14e-13	4.47e-09	9.06e-09	2.57e-40
 4.56711e+15	3.32e-13	1.67e-08	6.46e-05	8.46e-03	9.91e-01	9.35e-06	0.00e+00	2.90e-14	8.71e-14	1.45e-13	5.50e-09	1.12e-08	5.62e-40
 4.72152e+15	4.13e-13	2.01e-08	7.37e-05	9.11e-03	9.91e-01	8.77e-06	0.00e+00	3.61e-14	1.08e-13	1.81e-13	6.65e-09	1.35e-08	1.15e-39
 4.89387e+15	5.23e-13	2.47e-08	8.52e-05	9.85e-03	9.90e-01	8.18e-06	0.00e+00	4.58e-14	1.37e-13	2.29e-13	8.15e-09	1.65e-08	2.48e-39
 5.08965e+15	6.59e-13	3.02e-08	9.96e-05	1.07e-02	9.89e-01	7.60e-06	0.00e+00	5.79e-14	1.74e-13	2.90e-13	9.99e-09	2.02e-08	5.24e-39
 5.25388e+15	8.14e-13	3.64e-08	1.13e-04	1.15e-02	9.88e-01	7.17e-06	0.00e+00	7.15e-14	2.15e-13	3.58e-13	1.20e-08	2.43e-08	1.04e-38
 5.37134e+15	9.65e-13	4.20e-08	1.24e-04	1.21e-02	9.88e-01	6.90e-06	0.00e+00	8.48e-14	2.54e-13	4.25e-13	1.39e-08	2.81e-08	1.79e-38
 5.49333e+15	1.12e-12	4.79e-08	1.36e-04	1.27e-02	9.87e-01	6.64e-06	0.00e+00	9.87e-14	2.96e-13	4.94e-13	1.58e-08	3.20e-08	2.89e-38
 5.65192e+15	1.33e-12	5.56e-08	1.52e-04	1.35e-02	9.86e-01	6.31e-06	0.00e+00	1.17e-13	3.52e-13	5.87e-13	1.84e-08	3.72e-08	4.94e-38
 5.82897e+15	1.67e-12	6.75e-08	1.72e-04	1.44e-02	9.85e-01	5.99e-06	0.00e+00	1.47e-13	4.41e-13	7.35e-13	2.23e-08	4.52e-08	1.01e-37
 5.99440e+15	1.98e-12	7.83e-08	1.93e-04	1.53e-02	9.84e-01	5.72e-06	0.00e+00	1.74e-13	5.23e-13	8.72e-13	2.59e-08	5.24e-08	1.68e-37
 6.17385e+15	2.43e-12	9.39e-08	2.17e-04	1.64e-02	9.83e-01	5.45e-06	0.00e+00	2.14e-13	6.42e-13	1.07e-12	3.11e-08	6.28e-08	3.23e-37
 6.37437e+15	3.01e-12	1.13e-07	2.48e-04	1.75e-02	9.82e-01	5.19e-06	0.00e+00	2.66e-13	7.98e-13	1.33e-12	3.75e-08	7.57e-08	6.24e-37
 6.56382e+15	3.63e-12	1.33e-07	2.79e-04	1.87e-02	9.81e-01	4.96e-06	0.00e+00	3.21e-13	9.62e-13	1.61e-12	4.40e-08	8.89e-08	1.08e-36
 6.77160e+15	4.47e-12	1.59e-07	3.17e-04	2.00e-02	9.80e-01	4.74e-06	0.00e+00	3.96e-13	1.19e-12	1.98e-12	5.28e-08	1.07e-07	2.03e-36
 7.00387e+15	5.75e-12	1.98e-07	3.64e-04	2.16e-02	9.78e-01	4.53e-06	0.00e+00	5.09e-13	1.53e-12	2.55e-12	6.56e-08	1.32e-07	4.36e-36
 7.22251e+15	7.07e-12	2.38e-07	4.13e-04	2.31e-02	9.77e-01	4.34e-06	0.00e+00	6.26e-13	1.88e-12	3.13e-12	7.87e-08	1.59e-07	8.14e-36
 7.46132e+15	8.80e-12	2.87e-07	4.73e-04	2.48e-02	9.75e-01	4.16e-06	0.00e+00	7.80e-13	2.34e-12	3.90e-12	9.52e-08	1.92e-07	1.55e-35
 7.72371e+15	1.10e-11	3.48e-07	5.45e-04	2.67e-02	9.73e-01	3.98e-06	0.00e+00	9.77e-13	2.93e-12	4.89e-12	1.15e-07	2.33e-07	2.94e-35
 7.96645e+15	1.39e-11	4.27e-07	6.20e-04	2.86e-02	9.71e-01	3.85e-06	0.00e+00	1.23e-12	3.70e-12	6.17e-12	1.42e-07	2.85e-07	5.91e-35
 8.23171e+15	1.74e-11	5.18e-07	7.12e-04	3.07e-02	9.69e-01	3.70e-06	0.00e+00	1.54e-12	4.63e-12	7.72e-12	1.72e-07	3.46e-07	1.12e-34
 8.52323e+15	2.19e-11	6.30e-07	8.23e-04	3.32e-02	9.66e-01	3.56e-06	0.00e+00	1.95e-12	5.84e-12	9.73e-12	2.09e-07	4.21e-07	2.09e-34
 8.79426e+15	2.72e-11	7.62e-07	9.39e-04	3.56e-02	9.63e-01	3.45e-06	0.00e+00	2.42e-12	7.25e-12	1.21e-11	2.53e-07	5.09e-07	3.89e-34
 9.09196e+15	3.52e-11	9.54e-07	1.08e-03	3.84e-02	9.61e-01	3.35e-06	0.00e+00	3.14e-12	9.41e-12	1.57e-11	3.16e-07	6.38e-07	8.25e-34
 9.41699e+15	4.47e-11	1.18e-06	1.26e-03	4.15e-02	9.57e-01	3.24e-06	0.00e+00	3.99e-12	1.20e-11	2.00e-11	3.90e-07	7.86e-07	1.58e-33
 9.71700e+15	5.56e-11	1.41e-06	1.44e-03	4.45e-02	9.54e-01	3.15e-06	0.00e+00	4.96e-12	1.49e-11	2.48e-11	4.68e-07	9.42e-07	2.76e-33
 9.99807e+15	6.81e-11	1.68e-06	1.63e-03	4.75e-02	9.51e-01	3.08e-06	0.00e+00	6.08e-12	1.82e-11	3.04e-11	5.59e-07	1.12e-06	4.81e-33
 1.03150e+16	8.57e-11	2.05e-06	1.87e-03	5.11e-02	9.47e-01	3.00e-06	0.00e+00	7.66e-12	2.30e-11	3.83e-11	6.79e-07	1.37e-06	8.80e-33
 1.06644e+16	1.12e-10	2.58e-06	2.18e-03	5.53e-02	9.43e-01	2.95e-06	0.00e+00	9.98e-12	3.00e-11	5.00e-11	8.57e-07	1.72e-06	1.83e-32
 1.09824e+16	1.38e-10	3.11e-06	2.48e-03	5.92e-02	9.38e-01	2.89e-06	0.00e+00	1.24e-11	3.71e-11	6.18e-11	1.03e-06	2.08e-06	3.21e-32
 1.12547e+16	1.66e-10	3.64e-06	2.77e-03	6.27e-02	9.35e-01	2.85e-06	0.00e+00	1.48e-11	4.45e-11	7.43e-11	1.21e-06	2.43e-06	5.10e-32
 1.15413e+16	2.02e-10	4.29e-06	3.12e-03	6.66e-02	9.30e-01	2.80e-06	0.00e+00	1.81e-11	5.43e-11	9.05e-11	1.43e-06	2.87e-06	8.39e-32
 1.18572e+16	2.47e-10	5.03e-06	3.53e-03	7.10e-02	9.25e-01	2.76e-06	0.00e+00	2.21e-11	6.64e-11	1.11e-10	1.67e-06	3.36e-06	1.31e-31
 1.22111e+16	3.17e-10	6.26e-06	4.07e-03	7.65e-02	9.19e-01	2.73e-06	0.00e+00	2.85e-11	8.54e-11	1.42e-10	2.08e-06	4.18e-06	2.57e-31
 1.25591e+16	3.90e-10	7.49e-06	4.64e-03	8.19e-02	9.13e-01	2.68e-06	0.00e+00	3.50e-11	1.05e-10	1.75e-10	2.49e-06	5.00e-06	4.19e-31
 1.28416e+16	4.64e-10	8.62e-06	5.17e-03	8.66e-02	9.08e-01	2.66e-06	0.00e+00	4.17e-11	1.25e-10	2.09e-10	2.86e-06	5.76e-06	6.21e-31
 1.31510e+16	5.64e-10	1.02e-05	5.82e-03	9.21e-02	9.02e-01	2.63e-06	0.00e+00	5.08e-11	1.52e-10	2.54e-10	3.38e-06	6.78e-06	9.88e-31
 1.35532e+16	7.45e-10	1.29e-05	6.81e-03	9.99e-02	8.93e-01	2.61e-06	0.00e+00	6.71e-11	2.01e-10	3.36e-10	4.29e-06	8.62e-06	2.03e-30
 1.39452e+16	9.40e-10	1.57e-05	7.88e-03	1.08e-01	8.85e-01	2.58e-06	0.00e+00	8.48e-11	2.54e-10	4.24e-10	5.21e-06	1.05e-05	3.36e-30
 1.42440e+16	1.13e-09	1.81e-05	8.80e-03	1.14e-01	8.77e-01	2.56e-06	0.00e+00	1.02e-10	3.05e-10	5.08e-10	6.01e-06	1.21e-05	4.94e-30
 1.45522e+16	1.37e-09	2.13e-05	9.90e-03	1.21e-01	8.69e-01	2.55e-06	0.00e+00	1.23e-10	3.70e-10	6.17e-10	7.07e-06	1.42e-05	7.69e-30
 1.49530e+16	1.82e-09	2.70e-05	1.16e-02	1.31e-01	8.57e-01	2.54e-06	0.00e+00	1.64e-10	4.93e-10	8.21e-10	8.98e-06	1.80e-05	1.56e-29
 1.53550e+16	2.29e-09	3.23e-05	1.34e-02	1.41e-01	8.46e-01	2.52e-06	0.00e+00	2.07e-10	6.22e-10	1.04e-09	1.08e-05	2.16e-05	2.41e-29
 1.56768e+16	2.85e-09	3.94e-05	1.52e-02	1.50e-01	8.34e-01	2.53e-06	0.00e+00	2.59e-10	7.76e-10	1.29e-09	1.31e-05	2.63e-05	4.28e-29
 1.59578e+16	3.41e-09	4.57e-05	1.70e-02	1.59e-01	8.24e-01	2.53e-06	0.00e+00	3.09e-10	9.26e-10	1.54e-09	1.52e-05	3.05e-05	6.31e-29
 1.62674e+16	4.20e-09	5.39e-05	1.92e-02	1.69e-01	8.12e-01	2.53e-06	0.00e+00	3.81e-10	1.14e-09	1.91e-09	1.79e-05	3.59e-05	9.74e-29
 1.66112e+16	5.22e-09	6.37e-05	2.20e-02	1.80e-01	7.98e-01	2.52e-06	0.00e+00	4.73e-10	1.42e-09	2.37e-09	2.12e-05	4.25e-05	1.50e-28
 1.69277e+16	6.63e-09	7.83e-05	2.51e-02	1.92e-01	7.82e-01	2.55e-06	0.00e+00	6.02e-10	1.81e-09	3.01e-09	2.60e-05	5.22e-05	2.71e-28
 1.72035e+16	7.98e-09	9.13e-05	2.81e-02	2.03e-01	7.69e-01	2.56e-06	5.30e-12	7.25e-10	2.18e-09	3.63e-09	3.04e-05	6.09e-05	4.07e-28
 1.74986e+16	9.91e-09	1.08e-04	3.19e-02	2.16e-01	7.52e-01	2.57e-06	0.00e+00	9.02e-10	2.71e-09	4.51e-09	3.59e-05	7.20e-05	6.34e-28
 1.78201e+16	1.26e-08	1.32e-04	3.66e-02	2.31e-01	7.33e-01	2.60e-06	0.00e+00	1.15e-09	3.44e-09	5.74e-09	4.39e-05	8.79e-05	1.10e-27
 1.81013e+16	1.55e-08	1.55e-04	4.14e-02	2.44e-01	7.14e-01	2.62e-06	6.16e-12	1.41e-09	4.24e-09	7.07e-09	5.16e-05	1.03e-04	1.67e-27
 1.83484e+16	1.85e-08	1.77e-04	4.61e-02	2.57e-01	6.97e-01	2.64e-06	0.00e+00	1.69e-09	5.07e-09	8.45e-09	5.91e-05	1.18e-04	2.37e-27
 1.86257e+16	2.31e-08	2.11e-04	5.25e-02	2.73e-01	6.74e-01	2.66e-06	0.00e+00	2.11e-09	6.31e-09	1.05e-08	7.04e-05	1.41e-04	3.80e-27
 1.89193e+16	2.93e-08	2.56e-04	6.03e-02	2.90e-01	6.49e-01	2.69e-06	0.00e+00	2.68e-09	8.03e-09	1.34e-08	8.52e-05	1.71e-04	6.42e-27
 1.91651e+16	3.65e-08	3.03e-04	6.80e-02	3.06e-01	6.25e-01	2.75e-06	7.97e-12	3.34e-09	1.00e-08	1.67e-08	1.01e-04	2.02e-04	1.04e-26
 1.93740e+16	4.40e-08	3.53e-04	7.56e-02	3.21e-01	6.03e-01	2.81e-06	0.00e+00	4.03e-09	1.21e-08	2.01e-08	1.18e-04	2.35e-04	1.60e-26
 1.95657e+16	5.27e-08	4.06e-04	8.34e-02	3.35e-01	5.81e-01	2.87e-06	9.42e-12	4.82e-09	1.45e-08	2.41e-08	1.35e-04	2.71e-04	2.38e-26
