#depth	He	He+	He+2
 1.49634e+10	1.49e-23	1.64e-12	1.00e+00
 4.54887e+10	1.66e-23	1.77e-12	1.00e+00
 7.72350e+10	1.83e-23	1.92e-12	1.00e+00
 1.10251e+11	2.03e-23	2.08e-12	1.00e+00
 1.42673e+11	2.23e-23	2.24e-12	1.00e+00
 1.76393e+11	2.45e-23	2.41e-12	1.00e+00
 2.13375e+11	2.72e-23	2.61e-12	1.00e+00
 2.50694e+11	3.01e-23	2.82e-12	1.00e+00
 2.89507e+11	3.32e-23	3.05e-12	1.00e+00
 3.31014e+11	3.69e-23	3.30e-12	1.00e+00
 3.74181e+11	4.10e-23	3.57e-12	1.00e+00
 4.19075e+11	4.57e-23	3.86e-12	1.00e+00
 4.65765e+11	5.08e-23	4.18e-12	1.00e+00
 5.14322e+11	5.67e-23	4.53e-12	1.00e+00
 5.64822e+11	6.33e-23	4.91e-12	1.00e+00
 6.17342e+11	7.07e-23	5.32e-12	1.00e+00
 6.71962e+11	7.91e-23	5.76e-12	1.00e+00
 7.28767e+11	8.87e-23	6.24e-12	1.00e+00
 7.87845e+11	9.95e-23	6.76e-12	1.00e+00
 8.45051e+11	1.11e-22	7.29e-12	1.00e+00
 8.97410e+11	1.22e-22	7.79e-12	1.00e+00
 9.55534e+11	1.36e-22	8.37e-12	1.00e+00
 1.02312e+12	1.53e-22	9.07e-12	1.00e+00
 1.09003e+12	1.72e-22	9.79e-12	1.00e+00
 1.15438e+12	1.91e-22	1.05e-11	1.00e+00
 1.22524e+12	2.15e-22	1.13e-11	1.00e+00
 1.30418e+12	2.44e-22	1.23e-11	1.00e+00
 1.38443e+12	2.76e-22	1.33e-11	1.00e+00
 1.46790e+12	3.13e-22	1.45e-11	1.00e+00
 1.55654e+12	3.56e-22	1.57e-11	1.00e+00
 1.64873e+12	4.07e-22	1.71e-11	1.00e+00
 1.74461e+12	4.65e-22	1.85e-11	1.00e+00
 1.84432e+12	5.31e-22	2.01e-11	1.00e+00
 1.94802e+12	6.09e-22	2.19e-11	1.00e+00
 2.05587e+12	6.98e-22	2.38e-11	1.00e+00
 2.15709e+12	7.93e-22	2.57e-11	1.00e+00
 2.24731e+12	8.83e-22	2.74e-11	1.00e+00
 2.34846e+12	9.93e-22	2.95e-11	1.00e+00
 2.46872e+12	1.14e-21	3.20e-11	1.00e+00
 2.58975e+12	1.31e-21	3.47e-11	1.00e+00
 2.70292e+12	1.47e-21	3.74e-11	1.00e+00
 2.82825e+12	1.68e-21	4.04e-11	1.00e+00
 2.97131e+12	1.94e-21	4.41e-11	1.00e+00
 3.11351e+12	2.24e-21	4.80e-11	1.00e+00
 3.26140e+12	2.57e-21	5.22e-11	1.00e+00
 3.42179e+12	2.98e-21	5.70e-11	1.00e+00
 3.58506e+12	3.45e-21	6.22e-11	1.00e+00
 3.73718e+12	3.94e-21	6.72e-11	1.00e+00
 3.87762e+12	4.42e-21	7.21e-11	1.00e+00
 4.03824e+12	5.03e-21	7.81e-11	1.00e+00
 4.22657e+12	5.83e-21	8.53e-11	1.00e+00
 4.41312e+12	6.72e-21	9.30e-11	1.00e+00
 4.58790e+12	7.63e-21	1.01e-10	1.00e+00
 4.78211e+12	8.74e-21	1.09e-10	1.00e+00
 5.00333e+12	1.02e-20	1.20e-10	1.00e+00
 5.22141e+12	1.17e-20	1.31e-10	1.00e+00
 5.44822e+12	1.35e-20	1.44e-10	1.00e+00
 5.69607e+12	1.57e-20	1.58e-10	1.00e+00
 5.94555e+12	1.81e-20	1.73e-10	1.00e+00
 6.20500e+12	2.09e-20	1.90e-10	1.00e+00
 6.48313e+12	2.42e-20	2.10e-10	1.00e+00
 6.75972e+12	2.78e-20	2.30e-10	1.00e+00
 7.04737e+12	3.19e-20	2.53e-10	1.00e+00
 7.35919e+12	3.69e-20	2.79e-10	1.00e+00
 7.68348e+12	4.25e-20	3.08e-10	1.00e+00
 8.02075e+12	4.89e-20	3.41e-10	1.00e+00
 8.37151e+12	5.62e-20	3.77e-10	1.00e+00
 8.68827e+12	6.35e-20	4.12e-10	1.00e+00
 8.95138e+12	6.97e-20	4.43e-10	1.00e+00
 9.23927e+12	7.70e-20	4.78e-10	1.00e+00
 9.60499e+12	8.70e-20	5.25e-10	1.00e+00
 9.98705e+12	9.84e-20	5.77e-10	1.00e+00
 1.03246e+13	1.09e-19	6.26e-10	1.00e+00
 1.06373e+13	1.19e-19	6.74e-10	1.00e+00
 1.09921e+13	1.32e-19	7.31e-10	1.00e+00
 1.14315e+13	1.49e-19	8.06e-10	1.00e+00
 1.18700e+13	1.67e-19	8.85e-10	1.00e+00
 1.22465e+13	1.83e-19	9.57e-10	1.00e+00
 1.26532e+13	2.01e-19	1.04e-09	1.00e+00
 1.31557e+13	2.26e-19	1.14e-09	1.00e+00
 1.36718e+13	2.54e-19	1.26e-09	1.00e+00
 1.41395e+13	2.80e-19	1.37e-09	1.00e+00
 1.46551e+13	3.12e-19	1.50e-09	1.00e+00
 1.52605e+13	3.54e-19	1.65e-09	1.00e+00
 1.58647e+13	3.99e-19	1.82e-09	1.00e+00
 1.64404e+13	4.47e-19	1.99e-09	1.00e+00
 1.70752e+13	5.06e-19	2.18e-09	1.00e+00
 1.77881e+13	5.79e-19	2.41e-09	1.00e+00
 1.84302e+13	6.54e-19	2.63e-09	1.00e+00
 1.89609e+13	7.21e-19	2.82e-09	1.00e+00
 1.95408e+13	8.02e-19	3.03e-09	1.00e+00
 2.02810e+13	9.17e-19	3.32e-09	1.00e+00
 2.10278e+13	1.05e-18	3.62e-09	1.00e+00
 2.16466e+13	1.17e-18	3.88e-09	1.00e+00
 2.23004e+13	1.31e-18	4.17e-09	1.00e+00
 2.31382e+13	1.51e-18	4.56e-09	1.00e+00
 2.40161e+13	1.75e-18	4.98e-09	1.00e+00
 2.47859e+13	1.98e-18	5.37e-09	1.00e+00
 2.56145e+13	2.26e-18	5.80e-09	1.00e+00
 2.65332e+13	2.61e-18	6.31e-09	1.00e+00
 2.73850e+13	2.98e-18	6.80e-09	1.00e+00
 2.83086e+13	3.42e-18	7.35e-09	1.00e+00
 2.93352e+13	3.97e-18	7.99e-09	1.00e+00
 3.02920e+13	4.56e-18	8.62e-09	1.00e+00
 3.13320e+13	5.26e-18	9.32e-09	1.00e+00
 3.24894e+13	6.15e-18	1.01e-08	1.00e+00
 3.35714e+13	7.09e-18	1.09e-08	1.00e+00
 3.47500e+13	8.24e-18	1.19e-08	1.00e+00
 3.60648e+13	9.69e-18	1.29e-08	1.00e+00
 3.73009e+13	1.12e-17	1.40e-08	1.00e+00
 3.86523e+13	1.31e-17	1.51e-08	1.00e+00
 4.01652e+13	1.55e-17	1.65e-08	1.00e+00
 4.15973e+13	1.81e-17	1.79e-08	1.00e+00
 4.31409e+13	2.12e-17	1.94e-08	1.00e+00
 4.48965e+13	2.53e-17	2.12e-08	1.00e+00
 4.66209e+13	2.98e-17	2.31e-08	1.00e+00
 4.84142e+13	3.52e-17	2.52e-08	1.00e+00
 5.03807e+13	4.17e-17	2.74e-08	1.00e+00
 5.24259e+13	4.96e-17	3.00e-08	1.00e+00
 5.45529e+13	5.88e-17	3.27e-08	1.00e+00
 5.65745e+13	6.89e-17	3.54e-08	1.00e+00
 5.83998e+13	7.89e-17	3.79e-08	1.00e+00
 6.01120e+13	8.94e-17	4.04e-08	1.00e+00
 6.20077e+13	1.02e-16	4.32e-08	1.00e+00
 6.41312e+13	1.18e-16	4.64e-08	1.00e+00
 6.61493e+13	1.34e-16	4.96e-08	1.00e+00
 6.83713e+13	1.54e-16	5.32e-08	1.00e+00
 7.08563e+13	1.79e-16	5.74e-08	1.00e+00
 7.31533e+13	2.05e-16	6.14e-08	1.00e+00
 7.52723e+13	2.31e-16	6.52e-08	1.00e+00
 7.76897e+13	2.64e-16	6.96e-08	1.00e+00
 8.06522e+13	3.07e-16	7.53e-08	1.00e+00
 8.36169e+13	3.58e-16	8.12e-08	1.00e+00
 8.62056e+13	4.05e-16	8.65e-08	1.00e+00
 8.90117e+13	4.62e-16	9.23e-08	1.00e+00
 9.24247e+13	5.37e-16	9.97e-08	1.00e+00
 9.58917e+13	6.25e-16	1.08e-07	1.00e+00
 9.90293e+13	7.11e-16	1.15e-07	1.00e+00
 1.02474e+14	8.15e-16	1.23e-07	1.00e+00
 1.06524e+14	9.50e-16	1.33e-07	1.00e+00
 1.10567e+14	1.10e-15	1.43e-07	1.00e+00
 1.14388e+14	1.26e-15	1.53e-07	1.00e+00
 1.18609e+14	1.45e-15	1.65e-07	1.00e+00
 1.23384e+14	1.70e-15	1.78e-07	1.00e+00
 1.28177e+14	1.97e-15	1.92e-07	1.00e+00
 1.33162e+14	2.29e-15	2.07e-07	1.00e+00
 1.38518e+14	2.67e-15	2.24e-07	1.00e+00
 1.44089e+14	3.11e-15	2.42e-07	1.00e+00
 1.49473e+14	3.59e-15	2.60e-07	1.00e+00
 1.54532e+14	4.09e-15	2.78e-07	1.00e+00
 1.59298e+14	4.60e-15	2.95e-07	1.00e+00
 1.64479e+14	5.20e-15	3.14e-07	1.00e+00
 1.70270e+14	5.95e-15	3.36e-07	1.00e+00
 1.75748e+14	6.74e-15	3.58e-07	1.00e+00
 1.81760e+14	7.67e-15	3.83e-07	1.00e+00
 1.88519e+14	8.84e-15	4.11e-07	1.00e+00
 1.94968e+14	1.01e-14	4.40e-07	1.00e+00
 2.02030e+14	1.16e-14	4.72e-07	1.00e+00
 2.09924e+14	1.34e-14	5.09e-07	1.00e+00
 2.17540e+14	1.54e-14	5.47e-07	1.00e+00
 2.25678e+14	1.78e-14	5.88e-07	1.00e+00
 2.34735e+14	2.07e-14	6.37e-07	1.00e+00
 2.43104e+14	2.37e-14	6.82e-07	1.00e+00
 2.50361e+14	2.67e-14	7.25e-07	1.00e+00
 2.58423e+14	3.01e-14	7.72e-07	1.00e+00
 2.68254e+14	3.49e-14	8.33e-07	1.00e+00
 2.78190e+14	4.01e-14	8.96e-07	1.00e+00
 2.87134e+14	4.54e-14	9.56e-07	1.00e+00
 2.96980e+14	5.16e-14	1.02e-06	1.00e+00
 3.08611e+14	6.00e-14	1.11e-06	1.00e+00
 3.20023e+14	6.90e-14	1.19e-06	1.00e+00
 3.30458e+14	7.82e-14	1.27e-06	1.00e+00
 3.42165e+14	8.93e-14	1.37e-06	1.00e+00
 3.55773e+14	1.04e-13	1.48e-06	1.00e+00
 3.69131e+14	1.19e-13	1.59e-06	1.00e+00
 3.81801e+14	1.36e-13	1.71e-06	1.00e+00
 3.95880e+14	1.56e-13	1.84e-06	1.00e+00
 4.11745e+14	1.81e-13	1.99e-06	1.00e+00
 4.26793e+14	2.07e-13	2.14e-06	1.00e+00
 4.40530e+14	2.33e-13	2.29e-06	1.00e+00
 4.56118e+14	2.65e-13	2.45e-06	1.00e+00
 4.74242e+14	3.07e-13	2.66e-06	1.00e+00
 4.91530e+14	3.51e-13	2.86e-06	1.00e+00
 5.07142e+14	3.94e-13	3.04e-06	1.00e+00
 5.21898e+14	4.37e-13	3.22e-06	1.00e+00
 5.38269e+14	4.89e-13	3.44e-06	1.00e+00
 5.56494e+14	5.53e-13	3.67e-06	1.00e+00
 5.73681e+14	6.18e-13	3.91e-06	1.00e+00
 5.92577e+14	6.95e-13	4.18e-06	1.00e+00
 6.13715e+14	7.89e-13	4.48e-06	1.00e+00
 6.33704e+14	8.84e-13	4.79e-06	1.00e+00
 6.55625e+14	9.99e-13	5.13e-06	1.00e+00
 6.79848e+14	1.14e-12	5.53e-06	1.00e+00
 7.02129e+14	1.28e-12	5.90e-06	1.00e+00
 7.26160e+14	1.44e-12	6.32e-06	1.00e+00
 7.53108e+14	1.63e-12	6.81e-06	1.00e+00
 7.78494e+14	1.83e-12	7.29e-06	1.00e+00
 8.06143e+14	2.07e-12	7.83e-06	1.00e+00
 8.36798e+14	2.36e-12	8.45e-06	1.00e+00
 8.65477e+14	2.66e-12	9.06e-06	1.00e+00
 8.96725e+14	3.00e-12	9.74e-06	1.00e+00
 9.31662e+14	3.43e-12	1.06e-05	1.00e+00
 9.64704e+14	3.87e-12	1.13e-05	1.00e+00
 1.00003e+15	4.40e-12	1.22e-05	1.00e+00
 1.04006e+15	5.03e-12	1.33e-05	1.00e+00
 1.07955e+15	5.73e-12	1.44e-05	1.00e+00
 1.11760e+15	6.47e-12	1.54e-05	1.00e+00
 1.15933e+15	7.37e-12	1.67e-05	1.00e+00
 1.20573e+15	8.45e-12	1.81e-05	1.00e+00
 1.24532e+15	9.49e-12	1.95e-05	1.00e+00
 1.27463e+15	1.03e-11	2.05e-05	1.00e+00
 1.30539e+15	1.12e-11	2.15e-05	1.00e+00
 1.34536e+15	1.25e-11	2.30e-05	1.00e+00
 1.38935e+15	1.40e-11	2.47e-05	1.00e+00
 1.43016e+15	1.56e-11	2.63e-05	1.00e+00
 1.47482e+15	1.74e-11	2.81e-05	1.00e+00
 1.52499e+15	1.97e-11	3.03e-05	1.00e+00
 1.57252e+15	2.19e-11	3.24e-05	1.00e+00
 1.62454e+15	2.49e-11	3.49e-05	1.00e+00
 1.68262e+15	2.82e-11	3.77e-05	1.00e+00
 1.73741e+15	3.19e-11	4.06e-05	1.00e+00
 1.79743e+15	3.62e-11	4.38e-05	1.00e+00
 1.86392e+15	4.16e-11	4.75e-05	1.00e+00
 1.92530e+15	4.69e-11	5.11e-05	1.00e+00
 1.99158e+15	5.34e-11	5.52e-05	1.00e+00
 2.06564e+15	6.14e-11	6.00e-05	1.00e+00
 2.13520e+15	6.91e-11	6.46e-05	1.00e+00
 2.21101e+15	7.98e-11	7.00e-05	1.00e+00
 2.29534e+15	9.20e-11	7.63e-05	1.00e+00
 2.37433e+15	1.04e-10	8.23e-05	1.00e+00
 2.46010e+15	1.20e-10	8.93e-05	1.00e+00
 2.55603e+15	1.40e-10	9.75e-05	1.00e+00
 2.64745e+15	1.58e-10	1.05e-04	1.00e+00
 2.74502e+15	1.84e-10	1.15e-04	1.00e+00
 2.85485e+15	2.15e-10	1.25e-04	1.00e+00
 2.94680e+15	2.44e-10	1.35e-04	1.00e+00
 3.01259e+15	2.66e-10	1.42e-04	1.00e+00
 3.08121e+15	2.91e-10	1.49e-04	1.00e+00
 3.17041e+15	3.22e-10	1.59e-04	1.00e+00
 3.26979e+15	3.68e-10	1.70e-04	1.00e+00
 3.36264e+15	4.07e-10	1.81e-04	1.00e+00
 3.46361e+15	4.64e-10	1.94e-04	1.00e+00
 3.57614e+15	5.24e-10	2.09e-04	1.00e+00
 3.68279e+15	5.85e-10	2.23e-04	1.00e+00
 3.80051e+15	6.63e-10	2.39e-04	1.00e+00
 3.93208e+15	7.71e-10	2.59e-04	1.00e+00
 4.05648e+15	8.70e-10	2.77e-04	1.00e+00
 4.19303e+15	9.84e-10	2.99e-04	1.00e+00
 4.35564e+15	1.17e-09	3.26e-04	1.00e+00
 4.51440e+15	1.34e-09	3.53e-04	1.00e+00
 4.65570e+15	1.51e-09	3.78e-04	1.00e+00
 4.81196e+15	1.72e-09	4.07e-04	1.00e+00
 4.99830e+15	2.04e-09	4.43e-04	1.00e+00
 5.18384e+15	2.36e-09	4.81e-04	1.00e+00
 5.35439e+15	2.70e-09	5.17e-04	9.99e-01
 5.54539e+15	3.08e-09	5.59e-04	9.99e-01
 5.76642e+15	3.68e-09	6.11e-04	9.99e-01
 5.98219e+15	4.28e-09	6.62e-04	9.99e-01
 6.18702e+15	4.92e-09	7.14e-04	9.99e-01
 6.36702e+15	5.54e-09	7.61e-04	9.99e-01
 6.51639e+15	6.10e-09	8.01e-04	9.99e-01
 6.68086e+15	6.74e-09	8.47e-04	9.99e-01
 6.89468e+15	7.68e-09	9.09e-04	9.99e-01
 7.11903e+15	8.67e-09	9.75e-04	9.99e-01
 7.31125e+15	9.71e-09	1.03e-03	9.99e-01
 7.51529e+15	1.10e-08	1.10e-03	9.99e-01
 7.78055e+15	1.28e-08	1.19e-03	9.99e-01
 8.05350e+15	1.45e-08	1.28e-03	9.99e-01
 8.28110e+15	1.64e-08	1.37e-03	9.99e-01
 8.52163e+15	1.85e-08	1.46e-03	9.99e-01
 8.83075e+15	2.14e-08	1.58e-03	9.98e-01
 9.14834e+15	2.53e-08	1.71e-03	9.98e-01
 9.41862e+15	2.87e-08	1.83e-03	9.98e-01
 9.70810e+15	3.24e-08	1.96e-03	9.98e-01
 1.00692e+16	3.74e-08	2.13e-03	9.98e-01
 1.04302e+16	4.44e-08	2.31e-03	9.98e-01
 1.07368e+16	5.02e-08	2.48e-03	9.98e-01
 1.10654e+16	5.71e-08	2.66e-03	9.97e-01
 1.14762e+16	6.59e-08	2.90e-03	9.97e-01
 1.18924e+16	7.89e-08	3.16e-03	9.97e-01
 1.22352e+16	8.91e-08	3.38e-03	9.97e-01
 1.25841e+16	1.01e-07	3.63e-03	9.96e-01
 1.30369e+16	1.17e-07	3.96e-03	9.96e-01
 1.35020e+16	1.40e-07	4.34e-03	9.96e-01
 1.38395e+16	1.56e-07	4.62e-03	9.95e-01
 1.41338e+16	1.73e-07	4.89e-03	9.95e-01
 1.45164e+16	1.96e-07	5.26e-03	9.95e-01
 1.49238e+16	2.26e-07	5.68e-03	9.94e-01
 1.52781e+16	2.52e-07	6.07e-03	9.94e-01
 1.56531e+16	2.84e-07	6.52e-03	9.93e-01
 1.60756e+16	3.22e-07	7.06e-03	9.93e-01
 1.64721e+16	3.73e-07	7.62e-03	9.92e-01
 1.68257e+16	4.16e-07	8.15e-03	9.92e-01
 1.72115e+16	4.68e-07	8.80e-03	9.91e-01
 1.76355e+16	5.50e-07	9.59e-03	9.90e-01
 1.80159e+16	6.19e-07	1.04e-02	9.90e-01
 1.83631e+16	6.91e-07	1.11e-02	9.89e-01
 1.87605e+16	8.13e-07	1.22e-02	9.88e-01
 1.91674e+16	9.18e-07	1.33e-02	9.87e-01
 1.95051e+16	1.06e-06	1.44e-02	9.86e-01
 1.98086e+16	1.19e-06	1.55e-02	9.84e-01
 2.01495e+16	1.36e-06	1.69e-02	9.83e-01
 2.05181e+16	1.60e-06	1.87e-02	9.81e-01
 2.08372e+16	1.82e-06	2.04e-02	9.80e-01
 2.11175e+16	2.04e-06	2.21e-02	9.78e-01
 2.14328e+16	2.36e-06	2.44e-02	9.76e-01
 2.17670e+16	2.79e-06	2.73e-02	9.73e-01
 2.20482e+16	3.23e-06	3.01e-02	9.70e-01
 2.22879e+16	3.71e-06	3.30e-02	9.67e-01
 2.25074e+16	4.22e-06	3.60e-02	9.64e-01
 2.27160e+16	4.81e-06	3.93e-02	9.61e-01
 2.29545e+16	5.73e-06	4.39e-02	9.56e-01
 2.32049e+16	6.89e-06	4.95e-02	9.50e-01
 2.34123e+16	7.86e-06	5.51e-02	9.45e-01
 2.35957e+16	9.13e-06	6.12e-02	9.39e-01
 2.37789e+16	1.09e-05	6.84e-02	9.32e-01
 2.39523e+16	1.27e-05	7.66e-02	9.23e-01
 2.41108e+16	1.47e-05	8.55e-02	9.14e-01
 2.42871e+16	1.76e-05	9.77e-02	9.02e-01
 2.44666e+16	2.15e-05	1.13e-01	8.87e-01
 2.46050e+16	2.57e-05	1.28e-01	8.72e-01
 2.47151e+16	3.02e-05	1.42e-01	8.58e-01
 2.48133e+16	3.44e-05	1.56e-01	8.44e-01
 2.49205e+16	4.03e-05	1.75e-01	8.25e-01
 2.50383e+16	4.79e-05	1.99e-01	8.01e-01
 2.51449e+16	5.67e-05	2.25e-01	7.75e-01
 2.52239e+16	6.43e-05	2.47e-01	7.53e-01
 2.52776e+16	7.05e-05	2.64e-01	7.36e-01
 2.53331e+16	7.75e-05	2.83e-01	7.17e-01
 2.54053e+16	8.82e-05	3.10e-01	6.90e-01
 2.54790e+16	1.00e-04	3.41e-01	6.59e-01
 2.55382e+16	1.11e-04	3.68e-01	6.32e-01
 2.55987e+16	1.24e-04	3.97e-01	6.02e-01
 2.56608e+16	1.38e-04	4.29e-01	5.70e-01
 2.57153e+16	1.52e-04	4.60e-01	5.40e-01
 2.57766e+16	1.69e-04	4.95e-01	5.05e-01
 2.58444e+16	1.89e-04	5.35e-01	4.65e-01
 2.59085e+16	2.10e-04	5.73e-01	4.27e-01
 2.59796e+16	2.34e-04	6.16e-01	3.84e-01
 2.60576e+16	2.61e-04	6.61e-01	3.38e-01
 2.61311e+16	2.86e-04	7.02e-01	2.98e-01
 2.62129e+16	3.15e-04	7.44e-01	2.56e-01
 2.63192e+16	3.52e-04	7.92e-01	2.07e-01
 2.64333e+16	3.88e-04	8.34e-01	1.65e-01
 2.65575e+16	4.24e-04	8.72e-01	1.28e-01
 2.67189e+16	4.66e-04	9.08e-01	9.19e-02
 2.68999e+16	5.06e-04	9.35e-01	6.46e-02
 2.71064e+16	5.47e-04	9.55e-01	4.40e-02
 2.73748e+16	5.95e-04	9.72e-01	2.78e-02
 2.76708e+16	6.46e-04	9.82e-01	1.77e-02
 2.79391e+16	6.95e-04	9.87e-01	1.22e-02
 2.81774e+16	7.42e-04	9.90e-01	9.04e-03
 2.83548e+16	7.82e-04	9.92e-01	7.40e-03
 2.84637e+16	8.08e-04	9.93e-01	6.56e-03
 2.85690e+16	8.35e-04	9.93e-01	5.80e-03
 2.87058e+16	8.73e-04	9.94e-01	4.97e-03
 2.88570e+16	9.16e-04	9.95e-01	4.24e-03
 2.89911e+16	9.61e-04	9.95e-01	3.71e-03
 2.91054e+16	1.00e-03	9.96e-01	3.32e-03
 2.92299e+16	1.05e-03	9.96e-01	2.92e-03
 2.93673e+16	1.11e-03	9.96e-01	2.57e-03
 2.94772e+16	1.17e-03	9.96e-01	2.34e-03
 2.95539e+16	1.21e-03	9.97e-01	2.18e-03
 2.96317e+16	1.25e-03	9.97e-01	2.03e-03
 2.97328e+16	1.31e-03	9.97e-01	1.85e-03
 2.98363e+16	1.38e-03	9.97e-01	1.70e-03
 2.99171e+16	1.44e-03	9.97e-01	1.59e-03
 2.99845e+16	1.49e-03	9.97e-01	1.50e-03
 3.00599e+16	1.56e-03	9.97e-01	1.40e-03
 3.01450e+16	1.64e-03	9.97e-01	1.31e-03
 3.02222e+16	1.72e-03	9.97e-01	1.23e-03
 3.02887e+16	1.79e-03	9.97e-01	1.17e-03
 3.03612e+16	1.88e-03	9.97e-01	1.10e-03
 3.04393e+16	1.98e-03	9.97e-01	1.03e-03
 3.05069e+16	2.08e-03	9.97e-01	9.80e-04
 3.05649e+16	2.17e-03	9.97e-01	9.38e-04
 3.06287e+16	2.29e-03	9.97e-01	8.91e-04
 3.06982e+16	2.42e-03	9.97e-01	8.44e-04
 3.07595e+16	2.55e-03	9.97e-01	8.07e-04
 3.08125e+16	2.67e-03	9.97e-01	7.76e-04
 3.08707e+16	2.82e-03	9.96e-01	7.41e-04
 3.09341e+16	2.99e-03	9.96e-01	7.07e-04
 3.09898e+16	3.17e-03	9.96e-01	6.79e-04
 3.10382e+16	3.33e-03	9.96e-01	6.55e-04
 3.10917e+16	3.54e-03	9.96e-01	6.29e-04
 3.11505e+16	3.78e-03	9.96e-01	6.03e-04
 3.12032e+16	4.04e-03	9.95e-01	5.81e-04
 3.12497e+16	4.28e-03	9.95e-01	5.62e-04
 3.13014e+16	4.59e-03	9.95e-01	5.41e-04
 3.13589e+16	4.98e-03	9.95e-01	5.19e-04
 3.14115e+16	5.40e-03	9.94e-01	5.01e-04
 3.14593e+16	5.83e-03	9.94e-01	4.84e-04
 3.15133e+16	6.40e-03	9.93e-01	4.65e-04
 3.15705e+16	7.12e-03	9.92e-01	4.48e-04
 3.16179e+16	7.84e-03	9.92e-01	4.34e-04
 3.16553e+16	8.48e-03	9.91e-01	4.25e-04
 3.16937e+16	9.26e-03	9.90e-01	4.14e-04
 3.17356e+16	1.03e-02	9.89e-01	4.03e-04
 3.17718e+16	1.13e-02	9.88e-01	3.94e-04
 3.18016e+16	1.23e-02	9.87e-01	3.88e-04
 3.18334e+16	1.35e-02	9.86e-01	3.81e-04
 3.18682e+16	1.51e-02	9.85e-01	3.74e-04
 3.18984e+16	1.68e-02	9.83e-01	3.69e-04
 3.19233e+16	1.84e-02	9.81e-01	3.65e-04
 3.19497e+16	2.04e-02	9.79e-01	3.61e-04
 3.19785e+16	2.30e-02	9.77e-01	3.58e-04
 3.20037e+16	2.58e-02	9.74e-01	3.56e-04
 3.20252e+16	2.86e-02	9.71e-01	3.55e-04
 3.20484e+16	3.21e-02	9.68e-01	3.55e-04
 3.20729e+16	3.66e-02	9.63e-01	3.56e-04
 3.20932e+16	4.13e-02	9.58e-01	3.57e-04
 3.21095e+16	4.54e-02	9.54e-01	3.61e-04
 3.21269e+16	5.08e-02	9.49e-01	3.63e-04
 3.21457e+16	5.73e-02	9.42e-01	3.70e-04
 3.21624e+16	6.44e-02	9.35e-01	3.76e-04
 3.21769e+16	7.15e-02	9.28e-01	3.81e-04
 3.21905e+16	7.90e-02	9.21e-01	3.89e-04
 3.22036e+16	8.75e-02	9.12e-01	3.96e-04
 3.22163e+16	9.65e-02	9.03e-01	4.06e-04
 3.22281e+16	1.06e-01	8.93e-01	4.13e-04
 3.22386e+16	1.16e-01	8.84e-01	4.23e-04
 3.22467e+16	1.24e-01	8.76e-01	4.30e-04
 3.22519e+16	1.29e-01	8.70e-01	4.35e-04
 3.22565e+16	1.35e-01	8.65e-01	4.39e-04
 3.22620e+16	1.41e-01	8.58e-01	4.44e-04
 3.22680e+16	1.49e-01	8.51e-01	4.50e-04
 3.22739e+16	1.57e-01	8.43e-01	4.56e-04
 3.22792e+16	1.64e-01	8.35e-01	4.62e-04
 3.22844e+16	1.72e-01	8.28e-01	4.68e-04
 3.22898e+16	1.81e-01	8.19e-01	4.73e-04
 3.22951e+16	1.89e-01	8.10e-01	4.80e-04
 3.23003e+16	1.99e-01	8.01e-01	4.86e-04
 3.23054e+16	2.08e-01	7.91e-01	4.93e-04
 3.23105e+16	2.18e-01	7.81e-01	4.99e-04
 3.23156e+16	2.29e-01	7.71e-01	5.05e-04
 3.23205e+16	2.39e-01	7.60e-01	5.11e-04
 3.23254e+16	2.50e-01	7.49e-01	5.18e-04
 3.23303e+16	2.62e-01	7.37e-01	5.22e-04
 3.23351e+16	2.74e-01	7.26e-01	5.30e-04
 3.23398e+16	2.86e-01	7.13e-01	5.34e-04
 3.23445e+16	2.99e-01	7.01e-01	5.41e-04
 3.23491e+16	3.12e-01	6.88e-01	5.46e-04
 3.23537e+16	3.25e-01	6.74e-01	5.51e-04
 3.23582e+16	3.39e-01	6.60e-01	5.56e-04
 3.23626e+16	3.53e-01	6.47e-01	5.60e-04
 3.23670e+16	3.67e-01	6.32e-01	5.64e-04
 3.23714e+16	3.81e-01	6.18e-01	5.69e-04
 3.23757e+16	3.96e-01	6.03e-01	5.72e-04
 3.23799e+16	4.11e-01	5.88e-01	5.76e-04
 3.23840e+16	4.26e-01	5.73e-01	5.79e-04
 3.23881e+16	4.41e-01	5.58e-01	5.82e-04
 3.23922e+16	4.56e-01	5.43e-01	5.84e-04
 3.23962e+16	4.72e-01	5.28e-01	5.86e-04
 3.24002e+16	4.87e-01	5.13e-01	5.88e-04
 3.24040e+16	5.02e-01	4.98e-01	5.89e-04
 3.24077e+16	5.17e-01	4.83e-01	5.90e-04
 3.24114e+16	5.31e-01	4.68e-01	5.90e-04
 3.24150e+16	5.46e-01	4.54e-01	5.90e-04
 3.24185e+16	5.60e-01	4.39e-01	5.88e-04
 3.24219e+16	5.74e-01	4.25e-01	5.87e-04
 3.24253e+16	5.88e-01	4.12e-01	5.85e-04
 3.24286e+16	6.01e-01	3.98e-01	5.83e-04
 3.24318e+16	6.14e-01	3.85e-01	5.81e-04
 3.24350e+16	6.27e-01	3.72e-01	5.78e-04
 3.24382e+16	6.40e-01	3.60e-01	5.75e-04
 3.24412e+16	6.52e-01	3.48e-01	5.71e-04
 3.24442e+16	6.63e-01	3.36e-01	5.68e-04
 3.24472e+16	6.75e-01	3.25e-01	5.63e-04
 3.24501e+16	6.86e-01	3.13e-01	5.59e-04
 3.24530e+16	6.97e-01	3.02e-01	5.54e-04
 3.24559e+16	7.08e-01	2.92e-01	5.49e-04
 3.24587e+16	7.18e-01	2.81e-01	5.44e-04
 3.24614e+16	7.28e-01	2.71e-01	5.38e-04
 3.24642e+16	7.38e-01	2.62e-01	5.33e-04
 3.24669e+16	7.47e-01	2.52e-01	5.27e-04
 3.24696e+16	7.56e-01	2.43e-01	5.20e-04
 3.24719e+16	7.64e-01	2.36e-01	5.14e-04
 3.24736e+16	7.70e-01	2.30e-01	5.09e-04
 3.24752e+16	7.75e-01	2.24e-01	5.04e-04
 3.24769e+16	7.81e-01	2.19e-01	4.99e-04
 3.24787e+16	7.86e-01	2.13e-01	4.93e-04
 3.24804e+16	7.92e-01	2.08e-01	4.89e-04
 3.24820e+16	7.97e-01	2.03e-01	4.84e-04
 3.24836e+16	8.01e-01	1.98e-01	4.79e-04
 3.24851e+16	8.06e-01	1.94e-01	4.74e-04
 3.24866e+16	8.10e-01	1.89e-01	4.69e-04
 3.24881e+16	8.14e-01	1.85e-01	4.64e-04
 3.24895e+16	8.19e-01	1.81e-01	4.59e-04
 3.24910e+16	8.23e-01	1.77e-01	4.54e-04
 3.24924e+16	8.27e-01	1.73e-01	4.49e-04
 3.24938e+16	8.30e-01	1.69e-01	4.44e-04
 3.24951e+16	8.34e-01	1.66e-01	4.39e-04
 3.24965e+16	8.38e-01	1.62e-01	4.34e-04
 3.24979e+16	8.41e-01	1.58e-01	4.29e-04
 3.24993e+16	8.45e-01	1.55e-01	4.24e-04
 3.25007e+16	8.48e-01	1.51e-01	4.19e-04
 3.25021e+16	8.52e-01	1.48e-01	4.13e-04
 3.25036e+16	8.55e-01	1.44e-01	4.08e-04
 3.25051e+16	8.59e-01	1.41e-01	4.02e-04
 3.25068e+16	8.63e-01	1.37e-01	3.96e-04
 3.25085e+16	8.67e-01	1.33e-01	3.89e-04
 3.25105e+16	8.71e-01	1.28e-01	3.81e-04
 3.25128e+16	8.76e-01	1.24e-01	3.72e-04
 3.25151e+16	8.81e-01	1.19e-01	3.64e-04
 3.25172e+16	8.85e-01	1.15e-01	3.55e-04
 3.25193e+16	8.89e-01	1.11e-01	3.46e-04
 3.25212e+16	8.93e-01	1.07e-01	3.38e-04
 3.25232e+16	8.96e-01	1.03e-01	3.29e-04
 3.25250e+16	9.00e-01	1.00e-01	3.21e-04
 3.25267e+16	9.03e-01	9.71e-02	3.14e-04
 3.25283e+16	9.05e-01	9.44e-02	3.07e-04
 3.25297e+16	9.08e-01	9.20e-02	3.00e-04
 3.25309e+16	9.10e-01	8.99e-02	2.94e-04
 3.25321e+16	9.12e-01	8.80e-02	2.89e-04
 3.25332e+16	9.13e-01	8.63e-02	2.84e-04
 3.25343e+16	9.15e-01	8.44e-02	2.79e-04
 3.25356e+16	9.17e-01	8.25e-02	2.73e-04
 3.25367e+16	9.19e-01	8.08e-02	2.68e-04
 3.25377e+16	9.21e-01	7.92e-02	2.63e-04
 3.25387e+16	9.22e-01	7.78e-02	2.58e-04
 3.25397e+16	9.23e-01	7.63e-02	2.54e-04
 3.25408e+16	9.25e-01	7.47e-02	2.49e-04
 3.25418e+16	9.26e-01	7.33e-02	2.44e-04
 3.25428e+16	9.28e-01	7.20e-02	2.40e-04
 3.25436e+16	9.29e-01	7.08e-02	2.36e-04
 3.25445e+16	9.30e-01	6.95e-02	2.32e-04
 3.25455e+16	9.32e-01	6.82e-02	2.28e-04
 3.25464e+16	9.33e-01	6.70e-02	2.24e-04
 3.25472e+16	9.34e-01	6.59e-02	2.20e-04
 3.25480e+16	9.35e-01	6.50e-02	2.16e-04
 3.25488e+16	9.36e-01	6.39e-02	2.13e-04
 3.25497e+16	9.37e-01	6.28e-02	2.09e-04
 3.25505e+16	9.38e-01	6.18e-02	2.05e-04
 3.25512e+16	9.39e-01	6.09e-02	2.02e-04
 3.25520e+16	9.40e-01	5.99e-02	1.99e-04
 3.25529e+16	9.41e-01	5.89e-02	1.95e-04
 3.25537e+16	9.42e-01	5.79e-02	1.92e-04
 3.25544e+16	9.43e-01	5.71e-02	1.88e-04
 3.25552e+16	9.44e-01	5.62e-02	1.85e-04
 3.25560e+16	9.45e-01	5.52e-02	1.82e-04
 3.25568e+16	9.45e-01	5.44e-02	1.79e-04
 3.25575e+16	9.46e-01	5.36e-02	1.76e-04
 3.25583e+16	9.47e-01	5.28e-02	1.73e-04
 3.25591e+16	9.48e-01	5.19e-02	1.70e-04
 3.25599e+16	9.49e-01	5.11e-02	1.67e-04
 3.25606e+16	9.49e-01	5.04e-02	1.64e-04
 3.25613e+16	9.50e-01	4.97e-02	1.61e-04
 3.25621e+16	9.51e-01	4.89e-02	1.58e-04
 3.25629e+16	9.52e-01	4.81e-02	1.56e-04
 3.25635e+16	9.52e-01	4.75e-02	1.54e-04
 3.25643e+16	9.53e-01	4.68e-02	1.51e-04
 3.25651e+16	9.54e-01	4.61e-02	1.48e-04
 3.25658e+16	9.54e-01	4.54e-02	1.46e-04
 3.25666e+16	9.55e-01	4.47e-02	1.43e-04
 3.25675e+16	9.56e-01	4.40e-02	1.41e-04
 3.25682e+16	9.56e-01	4.34e-02	1.38e-04
 3.25690e+16	9.57e-01	4.28e-02	1.36e-04
 3.25697e+16	9.58e-01	4.22e-02	1.34e-04
 3.25706e+16	9.58e-01	4.15e-02	1.32e-04
 3.25715e+16	9.59e-01	4.08e-02	1.29e-04
 3.25725e+16	9.60e-01	4.01e-02	1.27e-04
 3.25734e+16	9.60e-01	3.95e-02	1.25e-04
 3.25744e+16	9.61e-01	3.88e-02	1.22e-04
 3.25755e+16	9.62e-01	3.81e-02	1.20e-04
 3.25764e+16	9.62e-01	3.75e-02	1.18e-04
 3.25775e+16	9.63e-01	3.68e-02	1.15e-04
 3.25787e+16	9.64e-01	3.62e-02	1.13e-04
 3.25797e+16	9.64e-01	3.56e-02	1.11e-04
 3.25809e+16	9.65e-01	3.49e-02	1.08e-04
 3.25821e+16	9.66e-01	3.43e-02	1.06e-04
 3.25832e+16	9.66e-01	3.37e-02	1.04e-04
 3.25843e+16	9.67e-01	3.32e-02	1.02e-04
 3.25854e+16	9.67e-01	3.26e-02	1.00e-04
 3.25866e+16	9.68e-01	3.21e-02	9.86e-05
 3.25877e+16	9.68e-01	3.16e-02	9.69e-05
 3.25889e+16	9.69e-01	3.11e-02	9.50e-05
 3.25905e+16	9.70e-01	3.04e-02	9.27e-05
 3.25922e+16	9.70e-01	2.98e-02	9.06e-05
 3.25938e+16	9.71e-01	2.92e-02	8.87e-05
 3.25952e+16	9.71e-01	2.87e-02	8.71e-05
 3.25967e+16	9.72e-01	2.82e-02	8.52e-05
 3.25984e+16	9.72e-01	2.77e-02	8.35e-05
 3.25999e+16	9.73e-01	2.72e-02	8.20e-05
 3.26016e+16	9.73e-01	2.67e-02	8.03e-05
 3.26037e+16	9.74e-01	2.61e-02	7.82e-05
 3.26061e+16	9.74e-01	2.55e-02	7.64e-05
 3.26082e+16	9.75e-01	2.51e-02	7.48e-05
 3.26101e+16	9.75e-01	2.46e-02	7.33e-05
 3.26123e+16	9.76e-01	2.42e-02	7.18e-05
 3.26150e+16	9.76e-01	2.36e-02	6.99e-05
 3.26180e+16	9.77e-01	2.31e-02	6.83e-05
 3.26207e+16	9.77e-01	2.27e-02	6.69e-05
 3.26237e+16	9.78e-01	2.22e-02	6.53e-05
 3.26269e+16	9.78e-01	2.18e-02	6.39e-05
 3.26298e+16	9.78e-01	2.15e-02	6.27e-05
 3.26330e+16	9.79e-01	2.11e-02	6.14e-05
 3.26371e+16	9.79e-01	2.07e-02	6.00e-05
 3.26416e+16	9.80e-01	2.03e-02	5.87e-05
 3.26457e+16	9.80e-01	2.00e-02	5.76e-05
 3.26501e+16	9.80e-01	1.96e-02	5.64e-05
 3.26560e+16	9.81e-01	1.93e-02	5.51e-05
 3.26622e+16	9.81e-01	1.90e-02	5.41e-05
 3.26691e+16	9.81e-01	1.86e-02	5.28e-05
 3.26780e+16	9.82e-01	1.83e-02	5.16e-05
 3.26897e+16	9.82e-01	1.79e-02	5.02e-05
 3.27022e+16	9.82e-01	1.76e-02	4.90e-05
 3.27159e+16	9.83e-01	1.74e-02	4.78e-05
 3.27338e+16	9.83e-01	1.70e-02	4.63e-05
 3.27570e+16	9.83e-01	1.67e-02	4.47e-05
 3.27821e+16	9.84e-01	1.64e-02	4.32e-05
 3.28095e+16	9.84e-01	1.60e-02	4.15e-05
 3.28392e+16	9.84e-01	1.57e-02	3.99e-05
 3.28717e+16	9.85e-01	1.53e-02	3.82e-05
 3.29068e+16	9.85e-01	1.50e-02	3.65e-05
 3.29387e+16	9.85e-01	1.47e-02	3.51e-05
 3.29737e+16	9.86e-01	1.43e-02	3.35e-05
 3.30115e+16	9.86e-01	1.40e-02	3.20e-05
 3.30458e+16	9.86e-01	1.37e-02	3.07e-05
 3.30835e+16	9.87e-01	1.33e-02	2.92e-05
 3.31242e+16	9.87e-01	1.30e-02	2.78e-05
 3.31611e+16	9.87e-01	1.27e-02	2.66e-05
 3.32017e+16	9.88e-01	1.24e-02	2.53e-05
 3.32455e+16	9.88e-01	1.21e-02	2.41e-05
 3.32853e+16	9.88e-01	1.18e-02	2.30e-05
 3.33289e+16	9.89e-01	1.15e-02	2.18e-05
 3.33761e+16	9.89e-01	1.11e-02	2.07e-05
 3.34189e+16	9.89e-01	1.09e-02	1.97e-05
 3.34659e+16	9.89e-01	1.06e-02	1.87e-05
 3.35166e+16	9.90e-01	1.03e-02	1.77e-05
 3.35628e+16	9.90e-01	1.00e-02	1.68e-05
 3.36134e+16	9.90e-01	9.74e-03	1.59e-05
 3.36680e+16	9.91e-01	9.45e-03	1.50e-05
 3.37177e+16	9.91e-01	9.21e-03	1.43e-05
 3.37721e+16	9.91e-01	8.93e-03	1.35e-05
 3.38309e+16	9.91e-01	8.66e-03	1.27e-05
 3.38844e+16	9.92e-01	8.43e-03	1.20e-05
 3.39430e+16	9.92e-01	8.17e-03	1.13e-05
 3.40187e+16	9.92e-01	7.84e-03	1.04e-05
 3.41046e+16	9.92e-01	7.51e-03	9.58e-06
 3.41914e+16	9.93e-01	7.19e-03	8.80e-06
 3.42804e+16	9.93e-01	6.88e-03	8.08e-06
 3.43734e+16	9.93e-01	6.58e-03	7.40e-06
 3.44700e+16	9.94e-01	6.29e-03	6.76e-06
 3.45702e+16	9.94e-01	6.00e-03	6.16e-06
 3.46739e+16	9.94e-01	5.72e-03	5.61e-06
 3.47805e+16	9.95e-01	5.45e-03	5.10e-06
 3.48887e+16	9.95e-01	5.19e-03	4.63e-06
 3.49988e+16	9.95e-01	4.95e-03	4.21e-06
 3.51112e+16	9.95e-01	4.71e-03	3.82e-06
 3.52259e+16	9.96e-01	4.49e-03	3.47e-06
 3.53429e+16	9.96e-01	4.27e-03	3.14e-06
 3.54619e+16	9.96e-01	4.06e-03	2.85e-06
 3.55833e+16	9.96e-01	3.86e-03	2.58e-06
 3.57070e+16	9.96e-01	3.68e-03	2.34e-06
 3.58312e+16	9.97e-01	3.50e-03	2.12e-06
 3.59573e+16	9.97e-01	3.33e-03	1.91e-06
 3.60881e+16	9.97e-01	3.16e-03	1.73e-06
 3.62222e+16	9.97e-01	3.00e-03	1.56e-06
 3.63583e+16	9.97e-01	2.84e-03	1.40e-06
 3.64969e+16	9.97e-01	2.70e-03	1.26e-06
 3.66384e+16	9.97e-01	2.56e-03	1.14e-06
 3.67826e+16	9.98e-01	2.42e-03	1.02e-06
 3.69296e+16	9.98e-01	2.30e-03	9.16e-07
 3.70796e+16	9.98e-01	2.17e-03	8.21e-07
 3.72327e+16	9.98e-01	2.06e-03	7.35e-07
 3.73891e+16	9.98e-01	1.95e-03	6.57e-07
 3.75488e+16	9.98e-01	1.84e-03	5.87e-07
 3.77120e+16	9.98e-01	1.74e-03	5.23e-07
 3.78786e+16	9.98e-01	1.64e-03	4.66e-07
 3.80490e+16	9.98e-01	1.55e-03	4.14e-07
 3.82233e+16	9.99e-01	1.46e-03	3.67e-07
 3.84017e+16	9.99e-01	1.37e-03	3.25e-07
 3.85843e+16	9.99e-01	1.29e-03	2.87e-07
 3.87714e+16	9.99e-01	1.21e-03	2.54e-07
 3.89631e+16	9.99e-01	1.14e-03	2.23e-07
 3.91599e+16	9.99e-01	1.07e-03	1.96e-07
 3.93620e+16	9.99e-01	1.00e-03	1.72e-07
 3.95697e+16	9.99e-01	9.37e-04	1.50e-07
 3.97832e+16	9.99e-01	8.76e-04	1.31e-07
 4.00031e+16	9.99e-01	8.18e-04	1.14e-07
 4.02264e+16	9.99e-01	7.64e-04	9.92e-08
 4.04547e+16	9.99e-01	7.12e-04	8.59e-08
 4.06947e+16	9.99e-01	6.61e-04	7.39e-08
 4.09463e+16	9.99e-01	6.13e-04	6.32e-08
 4.12067e+16	9.99e-01	5.67e-04	5.38e-08
 4.14761e+16	9.99e-01	5.23e-04	4.56e-08
 4.17565e+16	1.00e+00	4.82e-04	3.85e-08
 4.20494e+16	1.00e+00	4.42e-04	3.22e-08
 4.23569e+16	1.00e+00	4.05e-04	2.68e-08
 4.26799e+16	1.00e+00	3.69e-04	2.21e-08
 4.30190e+16	1.00e+00	3.35e-04	1.81e-08
 4.33794e+16	1.00e+00	3.02e-04	1.46e-08
 4.37607e+16	1.00e+00	2.72e-04	1.17e-08
 4.41675e+16	1.00e+00	2.43e-04	9.24e-09
 4.46071e+16	1.00e+00	2.15e-04	7.16e-09
 4.50811e+16	1.00e+00	1.88e-04	5.45e-09
 4.55963e+16	1.00e+00	1.64e-04	4.06e-09
 4.61637e+16	1.00e+00	1.40e-04	2.94e-09
 4.67972e+16	1.00e+00	1.18e-04	2.05e-09
 4.75154e+16	1.00e+00	9.66e-05	1.37e-09
 4.83476e+16	1.00e+00	7.69e-05	8.55e-10
 4.92914e+16	1.00e+00	5.93e-05	5.06e-10
 5.02851e+16	1.00e+00	4.53e-05	2.95e-10
 5.12843e+16	1.00e+00	3.45e-05	1.71e-10
 5.22924e+16	1.00e+00	2.62e-05	9.98e-11
 5.33288e+16	1.00e+00	1.98e-05	5.75e-11
 5.44057e+16	1.00e+00	1.48e-05	3.27e-11
 5.55256e+16	1.00e+00	1.10e-05	1.84e-11
 5.66974e+16	1.00e+00	8.15e-06	1.01e-11
 5.79319e+16	1.00e+00	5.94e-06	5.49e-12
 5.92362e+16	1.00e+00	4.29e-06	2.91e-12
 6.06206e+16	1.00e+00	3.06e-06	1.51e-12
 6.20981e+16	1.00e+00	2.15e-06	7.59e-13
 6.36448e+16	1.00e+00	1.50e-06	3.78e-13
 6.52109e+16	1.00e+00	1.06e-06	1.91e-13
 6.67770e+16	1.00e+00	7.51e-07	9.79e-14
 6.83431e+16	1.00e+00	5.39e-07	5.11e-14
 6.99092e+16	1.00e+00	3.90e-07	2.72e-14
 7.14752e+16	1.00e+00	2.85e-07	1.46e-14
 7.30413e+16	1.00e+00	2.10e-07	8.02e-15
 7.46074e+16	1.00e+00	1.55e-07	4.45e-15
 7.61734e+16	1.00e+00	1.16e-07	2.51e-15
 7.79744e+16	1.00e+00	8.31e-08	1.29e-15
 8.00410e+16	1.00e+00	5.77e-08	6.31e-16
 8.21382e+16	1.00e+00	4.04e-08	3.11e-16
 8.43869e+16	1.00e+00	2.77e-08	1.48e-16
 8.68222e+16	1.00e+00	1.87e-08	6.80e-17
 8.92927e+16	1.00e+00	1.28e-08	3.19e-17
 9.17632e+16	1.00e+00	8.82e-09	1.53e-17
 9.43395e+16	1.00e+00	6.04e-09	7.20e-18
 9.70610e+16	1.00e+00	4.11e-09	3.35e-18
 9.98623e+16	1.00e+00	2.80e-09	1.56e-18
 1.02704e+17	1.00e+00	1.92e-09	7.36e-19
 1.05546e+17	1.00e+00	1.33e-09	3.55e-19
 1.08388e+17	1.00e+00	9.31e-10	1.74e-19
 1.11230e+17	1.00e+00	6.58e-10	8.72e-20
 1.14072e+17	1.00e+00	4.69e-10	4.45e-20
 1.16914e+17	1.00e+00	3.37e-10	2.30e-20
 1.19756e+17	1.00e+00	2.44e-10	1.21e-20
 1.22599e+17	1.00e+00	1.78e-10	6.46e-21
 1.25441e+17	1.00e+00	1.31e-10	0.00e+00
 1.28283e+17	1.00e+00	9.71e-11	0.00e+00
 1.31269e+17	1.00e+00	7.11e-11	0.00e+00
 1.34399e+17	1.00e+00	5.20e-11	0.00e+00
 1.37529e+17	1.00e+00	3.83e-11	0.00e+00
 1.40659e+17	1.00e+00	2.85e-11	0.00e+00
 1.43789e+17	1.00e+00	2.14e-11	0.00e+00
 1.47318e+17	1.00e+00	1.55e-11	0.00e+00
 1.51247e+17	1.00e+00	1.11e-11	0.00e+00
 1.55329e+17	1.00e+00	7.97e-12	0.00e+00
 1.59627e+17	1.00e+00	5.75e-12	0.00e+00
 1.64028e+17	1.00e+00	4.24e-12	0.00e+00
 1.68486e+17	1.00e+00	3.20e-12	0.00e+00
 1.72942e+17	1.00e+00	2.51e-12	0.00e+00
 1.77352e+17	1.00e+00	2.04e-12	0.00e+00
 1.81701e+17	1.00e+00	1.72e-12	0.00e+00
 1.85972e+17	1.00e+00	1.50e-12	0.00e+00
 1.90146e+17	1.00e+00	1.35e-12	0.00e+00
 1.94206e+17	1.00e+00	1.25e-12	0.00e+00
 1.98138e+17	1.00e+00	1.18e-12	0.00e+00
 2.01930e+17	1.00e+00	1.13e-12	0.00e+00
 2.05573e+17	1.00e+00	1.10e-12	0.00e+00
 2.09060e+17	1.00e+00	1.08e-12	0.00e+00
 2.12386e+17	1.00e+00	1.07e-12	0.00e+00
 2.15551e+17	1.00e+00	1.07e-12	0.00e+00
 2.18558e+17	1.00e+00	1.07e-12	0.00e+00
 2.21410e+17	1.00e+00	1.07e-12	0.00e+00
 2.24111e+17	1.00e+00	1.07e-12	0.00e+00
 2.26667e+17	1.00e+00	1.08e-12	0.00e+00
 2.29085e+17	1.00e+00	1.08e-12	0.00e+00
 2.31370e+17	1.00e+00	1.09e-12	0.00e+00
 2.33529e+17	1.00e+00	1.09e-12	0.00e+00
 2.35571e+17	1.00e+00	1.10e-12	0.00e+00
 2.37502e+17	1.00e+00	1.11e-12	0.00e+00
 2.39327e+17	1.00e+00	1.11e-12	0.00e+00
 2.41052e+17	1.00e+00	1.12e-12	0.00e+00
 2.42684e+17	1.00e+00	1.13e-12	0.00e+00
 2.44228e+17	1.00e+00	1.13e-12	0.00e+00
 2.45689e+17	1.00e+00	1.14e-12	0.00e+00
 2.47073e+17	1.00e+00	1.14e-12	0.00e+00
 2.48384e+17	1.00e+00	1.15e-12	0.00e+00
 2.49625e+17	1.00e+00	1.15e-12	0.00e+00
 2.50802e+17	1.00e+00	1.16e-12	0.00e+00
 2.51918e+17	1.00e+00	1.16e-12	0.00e+00
 2.52976e+17	1.00e+00	1.16e-12	0.00e+00
 2.53981e+17	1.00e+00	1.17e-12	0.00e+00
 2.54936e+17	1.00e+00	1.17e-12	0.00e+00
 2.55842e+17	1.00e+00	1.18e-12	0.00e+00
 2.56704e+17	1.00e+00	1.18e-12	0.00e+00
 2.57523e+17	1.00e+00	1.18e-12	0.00e+00
 2.58302e+17	1.00e+00	1.18e-12	0.00e+00
 2.59045e+17	1.00e+00	1.19e-12	0.00e+00
 2.59752e+17	1.00e+00	1.19e-12	0.00e+00
 2.60426e+17	1.00e+00	1.19e-12	0.00e+00
 2.61069e+17	1.00e+00	1.19e-12	0.00e+00
 2.61683e+17	1.00e+00	1.20e-12	0.00e+00
 2.62269e+17	1.00e+00	1.20e-12	0.00e+00
 2.62830e+17	1.00e+00	1.20e-12	0.00e+00
 2.63367e+17	1.00e+00	1.20e-12	0.00e+00
 2.63882e+17	1.00e+00	1.20e-12	0.00e+00
 2.64375e+17	1.00e+00	1.20e-12	0.00e+00
 2.64850e+17	1.00e+00	1.21e-12	0.00e+00
 2.65306e+17	1.00e+00	1.21e-12	0.00e+00
 2.65745e+17	1.00e+00	1.21e-12	0.00e+00
 2.66169e+17	1.00e+00	1.21e-12	0.00e+00
 2.66578e+17	1.00e+00	1.21e-12	0.00e+00
 2.66976e+17	1.00e+00	1.21e-12	0.00e+00
 2.67361e+17	1.00e+00	1.21e-12	0.00e+00
 2.67736e+17	1.00e+00	1.21e-12	0.00e+00
 2.68102e+17	1.00e+00	1.21e-12	0.00e+00
 2.68461e+17	1.00e+00	1.21e-12	0.00e+00
 2.68813e+17	1.00e+00	1.22e-12	0.00e+00
 2.69161e+17	1.00e+00	1.22e-12	0.00e+00
 2.69505e+17	1.00e+00	1.22e-12	0.00e+00
 2.69848e+17	1.00e+00	1.22e-12	0.00e+00
 2.70191e+17	1.00e+00	1.22e-12	0.00e+00
 2.70536e+17	1.00e+00	1.22e-12	0.00e+00
 2.70886e+17	1.00e+00	1.22e-12	0.00e+00
 2.71244e+17	1.00e+00	1.22e-12	0.00e+00
 2.71613e+17	1.00e+00	1.22e-12	0.00e+00
 2.71998e+17	1.00e+00	1.22e-12	0.00e+00
 2.72403e+17	1.00e+00	1.22e-12	0.00e+00
 2.72836e+17	1.00e+00	1.22e-12	0.00e+00
 2.73305e+17	1.00e+00	1.21e-12	0.00e+00
 2.73823e+17	1.00e+00	1.21e-12	0.00e+00
 2.74405e+17	1.00e+00	1.21e-12	0.00e+00
 2.75076e+17	1.00e+00	1.21e-12	0.00e+00
 2.75869e+17	1.00e+00	1.20e-12	0.00e+00
 2.76835e+17	1.00e+00	1.19e-12	0.00e+00
 2.78052e+17	1.00e+00	1.18e-12	0.00e+00
 2.79624e+17	1.00e+00	1.16e-12	0.00e+00
 2.81667e+17	1.00e+00	1.13e-12	0.00e+00
 2.84323e+17	1.00e+00	1.08e-12	0.00e+00
 2.87776e+17	1.00e+00	1.00e-12	0.00e+00
 2.92265e+17	1.00e+00	9.11e-13	0.00e+00
 2.98100e+17	1.00e+00	7.94e-13	0.00e+00
 3.05686e+17	1.00e+00	6.58e-13	0.00e+00
 3.15548e+17	1.00e+00	5.09e-13	0.00e+00
 3.27545e+17	1.00e+00	3.59e-13	0.00e+00
 3.40647e+17	1.00e+00	2.73e-13	0.00e+00
 3.54272e+17	1.00e+00	2.43e-13	0.00e+00
 3.68443e+17	1.00e+00	2.17e-13	0.00e+00
 3.83181e+17	1.00e+00	1.93e-13	0.00e+00
 3.98508e+17	1.00e+00	1.70e-13	0.00e+00
 4.14449e+17	1.00e+00	1.49e-13	0.00e+00
 4.31027e+17	1.00e+00	1.29e-13	0.00e+00
 4.48268e+17	1.00e+00	1.10e-13	0.00e+00
 4.66199e+17	1.00e+00	9.25e-14	0.00e+00
 4.83845e+17	1.00e+00	7.67e-14	0.00e+00
 4.99721e+17	1.00e+00	8.21e-14	0.00e+00
 5.13555e+17	1.00e+00	9.98e-14	0.00e+00
 5.26149e+17	1.00e+00	1.14e-13	0.00e+00
 5.38341e+17	1.00e+00	1.14e-13	0.00e+00
 5.50187e+17	1.00e+00	1.05e-13	0.00e+00
 5.61086e+17	1.00e+00	9.91e-14	0.00e+00
 5.70507e+17	1.00e+00	1.02e-13	0.00e+00
 5.78536e+17	1.00e+00	1.07e-13	0.00e+00
 5.85351e+17	1.00e+00	1.09e-13	0.00e+00
 5.90516e+17	1.00e+00	1.11e-13	0.00e+00
 5.93753e+17	1.00e+00	1.18e-13	0.00e+00
 5.95606e+17	1.00e+00	1.25e-13	0.00e+00
 5.96706e+17	1.00e+00	1.29e-13	0.00e+00
 5.97367e+17	1.00e+00	1.32e-13	0.00e+00
 5.97829e+17	1.00e+00	1.33e-13	0.00e+00
 5.98275e+17	1.00e+00	1.34e-13	0.00e+00
 5.98756e+17	1.00e+00	1.35e-13	0.00e+00
 5.99225e+17	1.00e+00	1.36e-13	0.00e+00
 5.99630e+17	1.00e+00	1.36e-13	0.00e+00
 5.99966e+17	1.00e+00	1.37e-13	0.00e+00
 6.00298e+17	1.00e+00	1.37e-13	0.00e+00
 6.00663e+17	1.00e+00	1.37e-13	0.00e+00
 6.01015e+17	1.00e+00	1.37e-13	0.00e+00
 6.01307e+17	1.00e+00	1.37e-13	0.00e+00
 6.01553e+17	1.00e+00	1.37e-13	0.00e+00
 6.01801e+17	1.00e+00	1.36e-13	0.00e+00
 6.02060e+17	1.00e+00	1.36e-13	0.00e+00
 6.02314e+17	1.00e+00	1.36e-13	0.00e+00
 6.02546e+17	1.00e+00	1.36e-13	0.00e+00
 6.02759e+17	1.00e+00	1.35e-13	0.00e+00
 6.02959e+17	1.00e+00	1.35e-13	0.00e+00
 6.03157e+17	1.00e+00	1.35e-13	0.00e+00
 6.03367e+17	1.00e+00	1.34e-13	0.00e+00
 6.03571e+17	1.00e+00	1.34e-13	0.00e+00
 6.03752e+17	1.00e+00	1.34e-13	0.00e+00
 6.03924e+17	1.00e+00	1.33e-13	0.00e+00
 6.04095e+17	1.00e+00	1.33e-13	0.00e+00
 6.04267e+17	1.00e+00	1.33e-13	0.00e+00
 6.04438e+17	1.00e+00	1.32e-13	0.00e+00
 6.04607e+17	1.00e+00	1.32e-13	0.00e+00
 6.04773e+17	1.00e+00	1.31e-13	0.00e+00
 6.04929e+17	1.00e+00	1.31e-13	0.00e+00
 6.05080e+17	1.00e+00	1.31e-13	0.00e+00
 6.05238e+17	1.00e+00	1.30e-13	0.00e+00
 6.05405e+17	1.00e+00	1.30e-13	0.00e+00
 6.05569e+17	1.00e+00	1.29e-13	0.00e+00
 6.05727e+17	1.00e+00	1.29e-13	0.00e+00
 6.05881e+17	1.00e+00	1.28e-13	0.00e+00
 6.06038e+17	1.00e+00	1.28e-13	0.00e+00
 6.06205e+17	1.00e+00	1.27e-13	0.00e+00
 6.06378e+17	1.00e+00	1.26e-13	0.00e+00
 6.06540e+17	1.00e+00	1.26e-13	0.00e+00
 6.06705e+17	1.00e+00	1.25e-13	0.00e+00
 6.06885e+17	1.00e+00	1.25e-13	0.00e+00
 6.07065e+17	1.00e+00	1.24e-13	0.00e+00
 6.07241e+17	1.00e+00	1.23e-13	0.00e+00
 6.07420e+17	1.00e+00	1.23e-13	0.00e+00
 6.07616e+17	1.00e+00	1.22e-13	0.00e+00
 6.07820e+17	1.00e+00	1.21e-13	0.00e+00
 6.08008e+17	1.00e+00	1.20e-13	0.00e+00
 6.08195e+17	1.00e+00	1.19e-13	0.00e+00
 6.08406e+17	1.00e+00	1.18e-13	0.00e+00
 6.08623e+17	1.00e+00	1.17e-13	0.00e+00
 6.08827e+17	1.00e+00	1.17e-13	0.00e+00
 6.09036e+17	1.00e+00	1.16e-13	0.00e+00
 6.09273e+17	1.00e+00	1.15e-13	0.00e+00
 6.09518e+17	1.00e+00	1.14e-13	0.00e+00
 6.09752e+17	1.00e+00	1.13e-13	0.00e+00
 6.09989e+17	1.00e+00	1.11e-13	0.00e+00
 6.10237e+17	1.00e+00	1.10e-13	0.00e+00
 6.10498e+17	1.00e+00	1.09e-13	0.00e+00
 6.10776e+17	1.00e+00	1.08e-13	0.00e+00
 6.11055e+17	1.00e+00	1.06e-13	0.00e+00
 6.11333e+17	1.00e+00	1.05e-13	0.00e+00
 6.11613e+17	1.00e+00	1.04e-13	0.00e+00
 6.11903e+17	1.00e+00	1.02e-13	0.00e+00
 6.12207e+17	1.00e+00	1.01e-13	0.00e+00
 6.12518e+17	1.00e+00	9.95e-14	0.00e+00
 6.12837e+17	1.00e+00	9.80e-14	0.00e+00
 6.13169e+17	1.00e+00	9.64e-14	0.00e+00
 6.13510e+17	1.00e+00	9.48e-14	0.00e+00
 6.13864e+17	1.00e+00	9.30e-14	0.00e+00
 6.14222e+17	1.00e+00	9.13e-14	0.00e+00
 6.14584e+17	1.00e+00	8.96e-14	0.00e+00
 6.14963e+17	1.00e+00	8.78e-14	0.00e+00
 6.15353e+17	1.00e+00	8.58e-14	0.00e+00
 6.15736e+17	1.00e+00	8.39e-14	0.00e+00
 6.16115e+17	1.00e+00	8.22e-14	0.00e+00
 6.16529e+17	1.00e+00	8.04e-14	0.00e+00
 6.16987e+17	1.00e+00	7.82e-14	0.00e+00
 6.17447e+17	1.00e+00	7.59e-14	0.00e+00
 6.17877e+17	1.00e+00	7.39e-14	0.00e+00
 6.18290e+17	1.00e+00	7.20e-14	0.00e+00
 6.18740e+17	1.00e+00	7.01e-14	0.00e+00
 6.19244e+17	1.00e+00	6.79e-14	0.00e+00
 6.19762e+17	1.00e+00	6.55e-14	0.00e+00
 6.20256e+17	1.00e+00	6.33e-14	0.00e+00
 6.20735e+17	1.00e+00	6.12e-14	0.00e+00
 6.21232e+17	1.00e+00	5.91e-14	0.00e+00
 6.21767e+17	1.00e+00	5.70e-14	0.00e+00
 6.22325e+17	1.00e+00	5.46e-14	0.00e+00
 6.22876e+17	1.00e+00	5.23e-14	0.00e+00
 6.23416e+17	1.00e+00	5.02e-14	0.00e+00
 6.23973e+17	1.00e+00	4.81e-14	0.00e+00
 6.24561e+17	1.00e+00	4.59e-14	0.00e+00
 6.25166e+17	1.00e+00	4.37e-14	0.00e+00
 6.25776e+17	1.00e+00	4.15e-14	0.00e+00
 6.26388e+17	1.00e+00	3.94e-14	0.00e+00
 6.27004e+17	1.00e+00	3.74e-14	0.00e+00
 6.27658e+17	1.00e+00	3.53e-14	0.00e+00
 6.28346e+17	1.00e+00	3.31e-14	0.00e+00
 6.29028e+17	1.00e+00	3.11e-14	0.00e+00
 6.29717e+17	1.00e+00	2.90e-14	0.00e+00
 6.30400e+17	1.00e+00	2.72e-14	0.00e+00
 6.31122e+17	1.00e+00	2.54e-14	0.00e+00
 6.31927e+17	1.00e+00	2.34e-14	0.00e+00
 6.32719e+17	1.00e+00	2.14e-14	0.00e+00
 6.33392e+17	1.00e+00	1.98e-14	0.00e+00
 6.33937e+17	1.00e+00	1.86e-14	0.00e+00
 6.34420e+17	1.00e+00	1.76e-14	0.00e+00
 6.34896e+17	1.00e+00	1.67e-14	0.00e+00
 6.35379e+17	1.00e+00	1.58e-14	0.00e+00
 6.35853e+17	1.00e+00	1.49e-14	0.00e+00
 6.36292e+17	1.00e+00	1.41e-14	0.00e+00
 6.36689e+17	1.00e+00	1.35e-14	0.00e+00
 6.37061e+17	1.00e+00	1.29e-14	0.00e+00
 6.37426e+17	1.00e+00	1.23e-14	0.00e+00
 6.37787e+17	1.00e+00	1.18e-14	0.00e+00
 6.38136e+17	1.00e+00	1.13e-14	0.00e+00
 6.38467e+17	1.00e+00	1.08e-14	0.00e+00
 6.38781e+17	1.00e+00	1.04e-14	0.00e+00
 6.39083e+17	1.00e+00	9.95e-15	0.00e+00
 6.39378e+17	1.00e+00	9.57e-15	0.00e+00
 6.39667e+17	1.00e+00	9.20e-15	0.00e+00
 6.39947e+17	1.00e+00	8.85e-15	0.00e+00
 6.40216e+17	1.00e+00	8.53e-15	0.00e+00
 6.40476e+17	1.00e+00	8.22e-15	0.00e+00
 6.40728e+17	1.00e+00	7.91e-15	0.00e+00
 6.40973e+17	1.00e+00	7.64e-15	0.00e+00
 6.41210e+17	1.00e+00	7.37e-15	0.00e+00
 6.41443e+17	1.00e+00	7.12e-15	0.00e+00
 6.41669e+17	1.00e+00	6.88e-15	0.00e+00
 6.41890e+17	1.00e+00	6.65e-15	0.00e+00
 6.42104e+17	1.00e+00	6.43e-15	0.00e+00
 6.42313e+17	1.00e+00	6.22e-15	0.00e+00
 6.42517e+17	1.00e+00	6.02e-15	0.00e+00
 6.42751e+17	1.00e+00	5.83e-15	0.00e+00
 6.43055e+17	1.00e+00	5.58e-15	0.00e+00
 6.43451e+17	1.00e+00	5.27e-15	0.00e+00
 6.43965e+17	1.00e+00	4.88e-15	0.00e+00
