#depth	C	C+	C+2	C+3	C+4	C+5	C+6	C[1]	C[2]	C[3]	C+[1]	C+[2]	CO
 1.49634e+10	1.64e-47	6.30e-36	1.98e-25	1.93e-15	6.27e-05	2.42e-01	7.58e-01	0.00e+00	0.00e+00	0.00e+00	0.00e+00	0.00e+00	0.00e+00
 4.54887e+10	0.00e+00	9.06e-36	2.64e-25	2.38e-15	7.13e-05	2.57e-01	7.43e-01	0.00e+00	0.00e+00	0.00e+00	0.00e+00	0.00e+00	0.00e+00
 7.72350e+10	3.99e-47	1.32e-35	3.54e-25	2.95e-15	8.17e-05	2.72e-01	7.28e-01	0.00e+00	0.00e+00	0.00e+00	0.00e+00	0.00e+00	3.34e-148
 1.10251e+11	0.00e+00	1.91e-35	4.74e-25	3.65e-15	9.35e-05	2.88e-01	7.12e-01	0.00e+00	0.00e+00	0.00e+00	0.00e+00	0.00e+00	3.48e-191
 1.42673e+11	9.57e-47	2.70e-35	6.23e-25	4.45e-15	1.06e-04	3.03e-01	6.97e-01	0.00e+00	0.00e+00	0.00e+00	0.00e+00	0.00e+00	3.12e-147
 1.76393e+11	0.00e+00	3.85e-35	8.23e-25	5.45e-15	1.20e-04	3.19e-01	6.80e-01	0.00e+00	0.00e+00	0.00e+00	0.00e+00	0.00e+00	1.77e-190
 2.13375e+11	2.30e-46	5.56e-35	1.10e-24	6.73e-15	1.37e-04	3.37e-01	6.63e-01	0.00e+00	0.00e+00	0.00e+00	0.00e+00	0.00e+00	2.93e-146
 2.50694e+11	0.00e+00	7.94e-35	1.45e-24	8.24e-15	1.56e-04	3.54e-01	6.46e-01	0.00e+00	0.00e+00	0.00e+00	0.00e+00	0.00e+00	8.96e-190
 2.89507e+11	5.47e-46	1.14e-34	1.92e-24	1.01e-14	1.77e-04	3.72e-01	6.28e-01	0.00e+00	0.00e+00	0.00e+00	0.00e+00	0.00e+00	2.73e-145
 3.31014e+11	0.00e+00	1.64e-34	2.56e-24	1.24e-14	2.01e-04	3.91e-01	6.09e-01	0.00e+00	0.00e+00	0.00e+00	0.00e+00	0.00e+00	4.49e-189
 3.74181e+11	1.33e-45	2.36e-34	3.41e-24	1.53e-14	2.28e-04	4.10e-01	5.90e-01	0.00e+00	0.00e+00	0.00e+00	0.00e+00	0.00e+00	5.46e-233
 4.19075e+11	0.00e+00	3.39e-34	4.53e-24	1.87e-14	2.58e-04	4.29e-01	5.71e-01	0.00e+00	0.00e+00	0.00e+00	0.00e+00	0.00e+00	2.43e-165
 4.65765e+11	3.22e-45	4.87e-34	6.01e-24	2.30e-14	2.92e-04	4.49e-01	5.51e-01	0.00e+00	0.00e+00	0.00e+00	0.00e+00	0.00e+00	1.53e-209
 5.14322e+11	0.00e+00	7.00e-34	7.97e-24	2.81e-14	3.31e-04	4.68e-01	5.31e-01	0.00e+00	0.00e+00	0.00e+00	0.00e+00	0.00e+00	3.32e-164
 5.64822e+11	7.79e-45	1.00e-33	1.06e-23	3.44e-14	3.74e-04	4.88e-01	5.11e-01	0.00e+00	0.00e+00	0.00e+00	0.00e+00	0.00e+00	1.11e-208
 6.17342e+11	0.00e+00	1.44e-33	1.40e-23	4.21e-14	4.22e-04	5.08e-01	4.92e-01	0.00e+00	0.00e+00	0.00e+00	0.00e+00	0.00e+00	4.54e-163
 6.71962e+11	1.88e-44	2.06e-33	1.85e-23	5.14e-14	4.76e-04	5.28e-01	4.72e-01	0.00e+00	0.00e+00	0.00e+00	0.00e+00	0.00e+00	7.88e-208
 7.28767e+11	0.00e+00	2.95e-33	2.45e-23	6.26e-14	5.36e-04	5.48e-01	4.52e-01	0.00e+00	0.00e+00	0.00e+00	0.00e+00	0.00e+00	6.21e-162
 7.87845e+11	4.51e-44	4.22e-33	3.23e-23	7.64e-14	6.03e-04	5.67e-01	4.32e-01	0.00e+00	0.00e+00	0.00e+00	0.00e+00	0.00e+00	5.58e-207
 8.45051e+11	0.00e+00	5.88e-33	4.18e-23	9.17e-14	6.71e-04	5.86e-01	4.14e-01	0.00e+00	0.00e+00	0.00e+00	0.00e+00	0.00e+00	7.76e-161
 8.97410e+11	9.72e-44	7.90e-33	5.25e-23	1.08e-13	7.39e-04	6.01e-01	3.98e-01	0.00e+00	0.00e+00	0.00e+00	0.00e+00	0.00e+00	3.82e-206
 9.55534e+11	0.00e+00	1.09e-32	6.73e-23	1.28e-13	8.21e-04	6.18e-01	3.81e-01	0.00e+00	0.00e+00	0.00e+00	0.00e+00	0.00e+00	7.27e-160
 1.02312e+12	2.21e-43	1.54e-32	8.83e-23	1.56e-13	9.18e-04	6.37e-01	3.62e-01	0.00e+00	0.00e+00	0.00e+00	0.00e+00	0.00e+00	1.95e-205
 1.09003e+12	0.00e+00	2.16e-32	1.14e-22	1.87e-13	1.02e-03	6.54e-01	3.45e-01	0.00e+00	0.00e+00	0.00e+00	0.00e+00	0.00e+00	9.17e-159
 1.15438e+12	4.89e-43	2.95e-32	1.46e-22	2.22e-13	1.13e-03	6.70e-01	3.29e-01	0.00e+00	0.00e+00	0.00e+00	0.00e+00	0.00e+00	1.23e-204
 1.22524e+12	0.00e+00	4.11e-32	1.88e-22	2.66e-13	1.25e-03	6.86e-01	3.13e-01	0.00e+00	0.00e+00	0.00e+00	0.00e+00	0.00e+00	9.82e-158
 1.30418e+12	1.14e-42	5.86e-32	2.48e-22	3.22e-13	1.40e-03	7.03e-01	2.95e-01	0.00e+00	0.00e+00	0.00e+00	0.00e+00	0.00e+00	6.06e-204
 1.38443e+12	0.00e+00	8.28e-32	3.24e-22	3.88e-13	1.56e-03	7.19e-01	2.79e-01	0.00e+00	0.00e+00	0.00e+00	0.00e+00	0.00e+00	1.32e-156
 1.46790e+12	2.67e-42	1.17e-31	4.23e-22	4.68e-13	1.74e-03	7.35e-01	2.63e-01	0.00e+00	0.00e+00	0.00e+00	0.00e+00	0.00e+00	4.33e-203
 1.55654e+12	0.00e+00	1.67e-31	5.56e-22	5.67e-13	1.94e-03	7.50e-01	2.48e-01	0.00e+00	0.00e+00	0.00e+00	0.00e+00	0.00e+00	1.77e-155
 1.64873e+12	6.38e-42	2.38e-31	7.31e-22	6.86e-13	2.16e-03	7.65e-01	2.33e-01	0.00e+00	0.00e+00	0.00e+00	0.00e+00	0.00e+00	0.00e+00
 1.74461e+12	0.00e+00	3.40e-31	9.60e-22	8.30e-13	2.41e-03	7.79e-01	2.19e-01	0.00e+00	0.00e+00	0.00e+00	0.00e+00	0.00e+00	2.47e-154
 1.84432e+12	1.53e-41	4.84e-31	1.26e-21	1.00e-12	2.69e-03	7.93e-01	2.05e-01	0.00e+00	0.00e+00	0.00e+00	0.00e+00	0.00e+00	0.00e+00
 1.94802e+12	0.00e+00	6.91e-31	1.66e-21	1.21e-12	2.99e-03	8.05e-01	1.92e-01	0.00e+00	0.00e+00	0.00e+00	0.00e+00	0.00e+00	3.45e-153
 2.05587e+12	3.67e-41	9.86e-31	2.18e-21	1.47e-12	3.33e-03	8.18e-01	1.79e-01	0.00e+00	0.00e+00	0.00e+00	0.00e+00	0.00e+00	6.87e-200
 2.15709e+12	0.00e+00	1.36e-30	2.79e-21	1.74e-12	3.66e-03	8.28e-01	1.68e-01	0.00e+00	0.00e+00	0.00e+00	0.00e+00	0.00e+00	4.29e-152
 2.24731e+12	7.70e-41	1.79e-30	3.45e-21	2.02e-12	3.98e-03	8.37e-01	1.59e-01	0.00e+00	0.00e+00	0.00e+00	0.00e+00	0.00e+00	1.98e-199
 2.34846e+12	0.00e+00	2.43e-30	4.36e-21	2.37e-12	4.36e-03	8.45e-01	1.50e-01	0.00e+00	0.00e+00	0.00e+00	0.00e+00	0.00e+00	3.71e-151
 2.46872e+12	1.72e-40	3.44e-30	5.69e-21	2.85e-12	4.83e-03	8.55e-01	1.40e-01	0.00e+00	0.00e+00	0.00e+00	0.00e+00	0.00e+00	1.35e-210
 2.58975e+12	0.00e+00	4.81e-30	7.36e-21	3.41e-12	5.34e-03	8.64e-01	1.31e-01	0.00e+00	0.00e+00	0.00e+00	0.00e+00	0.00e+00	4.75e-150
 2.70292e+12	3.79e-40	6.52e-30	9.29e-21	4.00e-12	5.83e-03	8.71e-01	1.23e-01	0.00e+00	0.00e+00	0.00e+00	0.00e+00	0.00e+00	0.00e+00
 2.82825e+12	0.00e+00	9.05e-30	1.20e-20	4.76e-12	6.42e-03	8.79e-01	1.15e-01	0.00e+00	0.00e+00	0.00e+00	0.00e+00	0.00e+00	4.97e-149
 2.97131e+12	8.87e-40	1.30e-29	1.58e-20	5.75e-12	7.13e-03	8.87e-01	1.06e-01	0.00e+00	0.00e+00	0.00e+00	0.00e+00	0.00e+00	2.39e-196
 3.11351e+12	0.00e+00	1.83e-29	2.05e-20	6.89e-12	7.88e-03	8.93e-01	9.87e-02	0.00e+00	0.00e+00	0.00e+00	0.00e+00	0.00e+00	6.85e-148
 3.26140e+12	2.09e-39	2.59e-29	2.67e-20	8.27e-12	8.71e-03	9.00e-01	9.16e-02	0.00e+00	0.00e+00	0.00e+00	0.00e+00	0.00e+00	4.42e-195
 3.42179e+12	0.00e+00	3.72e-29	3.53e-20	1.00e-11	9.66e-03	9.06e-01	8.46e-02	0.00e+00	0.00e+00	0.00e+00	0.00e+00	0.00e+00	9.56e-147
 3.58506e+12	5.07e-39	5.30e-29	4.63e-20	1.20e-11	1.07e-02	9.11e-01	7.82e-02	0.00e+00	0.00e+00	0.00e+00	0.00e+00	0.00e+00	1.52e-193
 3.73718e+12	0.00e+00	7.29e-29	5.91e-20	1.42e-11	1.17e-02	9.15e-01	7.28e-02	0.00e+00	0.00e+00	0.00e+00	0.00e+00	0.00e+00	1.17e-145
 3.87762e+12	1.07e-38	9.71e-29	7.36e-20	1.65e-11	1.27e-02	9.19e-01	6.83e-02	0.00e+00	0.00e+00	0.00e+00	0.00e+00	0.00e+00	0.00e+00
 4.03824e+12	0.00e+00	1.34e-28	9.41e-20	1.95e-11	1.39e-02	9.23e-01	6.35e-02	0.00e+00	0.00e+00	0.00e+00	0.00e+00	0.00e+00	1.11e-144
 4.22657e+12	2.50e-38	1.91e-28	1.24e-19	2.36e-11	1.54e-02	9.26e-01	5.85e-02	0.00e+00	0.00e+00	0.00e+00	0.00e+00	0.00e+00	0.00e+00
 4.41312e+12	0.00e+00	2.70e-28	1.61e-19	2.82e-11	1.69e-02	9.29e-01	5.40e-02	0.00e+00	0.00e+00	0.00e+00	0.00e+00	0.00e+00	1.52e-143
 4.58790e+12	5.63e-38	3.69e-28	2.05e-19	3.32e-11	1.84e-02	9.31e-01	5.02e-02	0.00e+00	0.00e+00	0.00e+00	0.00e+00	0.00e+00	2.33e-204
 4.78211e+12	0.00e+00	5.17e-28	2.65e-19	3.95e-11	2.03e-02	9.33e-01	4.64e-02	0.00e+00	0.00e+00	0.00e+00	0.00e+00	0.00e+00	1.68e-142
 5.00333e+12	1.35e-37	7.48e-28	3.52e-19	4.79e-11	2.24e-02	9.35e-01	4.25e-02	0.00e+00	0.00e+00	0.00e+00	0.00e+00	0.00e+00	2.76e-202
 5.22141e+12	0.00e+00	1.06e-27	4.60e-19	5.74e-11	2.47e-02	9.36e-01	3.90e-02	0.00e+00	0.00e+00	0.00e+00	0.00e+00	0.00e+00	2.43e-141
 5.44822e+12	3.24e-37	1.51e-27	6.03e-19	6.90e-11	2.72e-02	9.37e-01	3.58e-02	0.00e+00	0.00e+00	0.00e+00	0.00e+00	0.00e+00	1.11e-214
 5.69607e+12	0.00e+00	2.19e-27	8.02e-19	8.36e-11	3.01e-02	9.37e-01	3.27e-02	0.00e+00	0.00e+00	0.00e+00	0.00e+00	0.00e+00	3.54e-140
 5.94555e+12	8.06e-37	3.15e-27	1.06e-18	1.01e-10	3.31e-02	9.37e-01	2.99e-02	0.00e+00	0.00e+00	0.00e+00	0.00e+00	0.00e+00	3.70e-226
 6.20500e+12	0.00e+00	4.52e-27	1.40e-18	1.22e-10	3.65e-02	9.36e-01	2.73e-02	0.00e+00	0.00e+00	0.00e+00	0.00e+00	0.00e+00	5.10e-139
 6.48313e+12	2.01e-36	6.58e-27	1.86e-18	1.48e-10	4.04e-02	9.35e-01	2.49e-02	0.00e+00	0.00e+00	0.00e+00	0.00e+00	0.00e+00	0.00e+00
 6.75972e+12	0.00e+00	9.42e-27	2.45e-18	1.78e-10	4.44e-02	9.33e-01	2.27e-02	0.00e+00	0.00e+00	0.00e+00	0.00e+00	0.00e+00	7.60e-138
 7.04737e+12	4.92e-36	1.35e-26	3.23e-18	2.14e-10	4.88e-02	9.30e-01	2.07e-02	0.00e+00	0.00e+00	0.00e+00	0.00e+00	0.00e+00	2.32e-224
 7.35919e+12	0.00e+00	1.96e-26	4.31e-18	2.60e-10	5.39e-02	9.27e-01	1.87e-02	0.00e+00	0.00e+00	0.00e+00	0.00e+00	0.00e+00	1.14e-136
 7.68348e+12	1.25e-35	2.86e-26	5.75e-18	3.15e-10	5.95e-02	9.24e-01	1.70e-02	0.00e+00	0.00e+00	0.00e+00	0.00e+00	0.00e+00	8.20e-237
 8.02075e+12	0.00e+00	4.17e-26	7.68e-18	3.83e-10	6.56e-02	9.19e-01	1.53e-02	0.00e+00	0.00e+00	0.00e+00	0.00e+00	0.00e+00	1.79e-135
 8.37151e+12	3.18e-35	6.07e-26	1.03e-17	4.65e-10	7.23e-02	9.14e-01	1.39e-02	0.00e+00	0.00e+00	0.00e+00	0.00e+00	0.00e+00	0.00e+00
 8.68827e+12	0.00e+00	8.42e-26	1.32e-17	5.51e-10	7.86e-02	9.09e-01	1.27e-02	0.00e+00	0.00e+00	0.00e+00	0.00e+00	0.00e+00	2.36e-134
 8.95138e+12	6.61e-35	1.09e-25	1.62e-17	6.32e-10	8.41e-02	9.04e-01	1.18e-02	0.00e+00	0.00e+00	0.00e+00	0.00e+00	0.00e+00	3.06e-98
 9.23927e+12	9.34e-35	1.45e-25	2.01e-17	7.30e-10	9.03e-02	8.99e-01	1.09e-02	0.00e+00	0.00e+00	0.00e+00	0.00e+00	0.00e+00	0.00e+00
 9.60499e+12	1.43e-34	2.04e-25	2.62e-17	8.71e-10	9.85e-02	8.92e-01	9.86e-03	0.00e+00	0.00e+00	0.00e+00	0.00e+00	0.00e+00	3.14e-115
 9.98705e+12	2.19e-34	2.88e-25	3.42e-17	1.04e-09	1.07e-01	8.84e-01	8.92e-03	0.00e+00	0.00e+00	0.00e+00	0.00e+00	0.00e+00	4.22e-97
 1.03246e+13	3.14e-34	3.85e-25	4.29e-17	1.21e-09	1.16e-01	8.76e-01	8.19e-03	0.00e+00	0.00e+00	0.00e+00	0.00e+00	0.00e+00	0.00e+00
 1.06373e+13	4.35e-34	5.01e-25	5.25e-17	1.39e-09	1.23e-01	8.69e-01	7.57e-03	0.00e+00	0.00e+00	0.00e+00	0.00e+00	0.00e+00	5.81e-114
 1.09921e+13	6.20e-34	6.67e-25	6.57e-17	1.61e-09	1.32e-01	8.61e-01	6.94e-03	0.00e+00	0.00e+00	0.00e+00	0.00e+00	0.00e+00	4.12e-96
 1.14315e+13	9.46e-34	9.39e-25	8.57e-17	1.93e-09	1.44e-01	8.50e-01	6.24e-03	0.00e+00	0.00e+00	0.00e+00	0.00e+00	0.00e+00	0.00e+00
 1.18700e+13	1.42e-33	1.30e-24	1.11e-16	2.28e-09	1.56e-01	8.38e-01	5.63e-03	0.00e+00	0.00e+00	0.00e+00	0.00e+00	0.00e+00	1.31e-112
 1.22465e+13	1.98e-33	1.71e-24	1.36e-16	2.63e-09	1.67e-01	8.28e-01	5.17e-03	0.00e+00	0.00e+00	0.00e+00	0.00e+00	0.00e+00	5.18e-95
 1.26532e+13	2.80e-33	2.26e-24	1.70e-16	3.04e-09	1.78e-01	8.17e-01	4.72e-03	0.00e+00	0.00e+00	0.00e+00	0.00e+00	0.00e+00	7.89e-112
 1.31557e+13	4.22e-33	3.15e-24	2.20e-16	3.61e-09	1.93e-01	8.03e-01	4.22e-03	0.00e+00	0.00e+00	0.00e+00	0.00e+00	0.00e+00	2.70e-94
 1.36718e+13	6.31e-33	4.36e-24	2.84e-16	4.28e-09	2.08e-01	7.88e-01	3.78e-03	0.00e+00	0.00e+00	0.00e+00	0.00e+00	0.00e+00	6.85e-111
 1.41395e+13	8.93e-33	5.79e-24	3.54e-16	4.95e-09	2.22e-01	7.74e-01	3.43e-03	0.00e+00	0.00e+00	0.00e+00	0.00e+00	0.00e+00	1.39e-93
 1.46551e+13	1.29e-32	7.79e-24	4.46e-16	5.78e-09	2.38e-01	7.59e-01	3.09e-03	0.00e+00	0.00e+00	0.00e+00	0.00e+00	0.00e+00	4.66e-110
 1.52605e+13	1.95e-32	1.09e-23	5.80e-16	6.87e-09	2.56e-01	7.41e-01	2.74e-03	0.00e+00	0.00e+00	0.00e+00	0.00e+00	0.00e+00	7.69e-93
 1.58647e+13	2.88e-32	1.49e-23	7.42e-16	8.08e-09	2.75e-01	7.23e-01	2.43e-03	0.00e+00	0.00e+00	0.00e+00	0.00e+00	0.00e+00	4.07e-109
 1.64404e+13	4.10e-32	1.99e-23	9.29e-16	9.37e-09	2.92e-01	7.05e-01	2.18e-03	0.00e+00	0.00e+00	0.00e+00	0.00e+00	0.00e+00	3.97e-92
 1.70752e+13	5.95e-32	2.69e-23	1.18e-15	1.09e-08	3.12e-01	6.86e-01	1.94e-03	0.00e+00	0.00e+00	0.00e+00	0.00e+00	0.00e+00	2.96e-108
 1.77881e+13	8.86e-32	3.72e-23	1.51e-15	1.29e-08	3.33e-01	6.65e-01	1.71e-03	0.00e+00	0.00e+00	0.00e+00	0.00e+00	0.00e+00	2.20e-91
 1.84302e+13	1.25e-31	4.90e-23	1.88e-15	1.48e-08	3.53e-01	6.46e-01	1.53e-03	0.00e+00	0.00e+00	0.00e+00	0.00e+00	0.00e+00	2.27e-107
 1.89609e+13	1.63e-31	6.10e-23	2.23e-15	1.66e-08	3.68e-01	6.30e-01	1.39e-03	0.00e+00	0.00e+00	0.00e+00	0.00e+00	0.00e+00	8.63e-91
 1.95408e+13	2.17e-31	7.68e-23	2.66e-15	1.86e-08	3.85e-01	6.13e-01	1.26e-03	0.00e+00	0.00e+00	0.00e+00	0.00e+00	0.00e+00	1.07e-106
 2.02810e+13	3.07e-31	1.02e-22	3.32e-15	2.15e-08	4.07e-01	5.92e-01	1.12e-03	0.00e+00	0.00e+00	0.00e+00	0.00e+00	0.00e+00	3.59e-90
 2.10278e+13	4.30e-31	1.33e-22	4.10e-15	2.46e-08	4.28e-01	5.71e-01	9.91e-04	0.00e+00	0.00e+00	0.00e+00	0.00e+00	0.00e+00	7.29e-106
 2.16466e+13	5.61e-31	1.65e-22	4.84e-15	2.74e-08	4.44e-01	5.55e-01	8.99e-04	0.00e+00	0.00e+00	0.00e+00	0.00e+00	0.00e+00	1.40e-89
 2.23004e+13	7.35e-31	2.06e-22	5.73e-15	3.05e-08	4.62e-01	5.37e-01	8.13e-04	0.00e+00	0.00e+00	0.00e+00	0.00e+00	0.00e+00	3.36e-105
 2.31382e+13	1.02e-30	2.69e-22	7.05e-15	3.48e-08	4.84e-01	5.16e-01	7.16e-04	0.00e+00	0.00e+00	0.00e+00	0.00e+00	0.00e+00	5.58e-89
 2.40161e+13	1.43e-30	3.52e-22	8.68e-15	3.97e-08	5.06e-01	4.94e-01	6.29e-04	0.00e+00	0.00e+00	0.00e+00	0.00e+00	0.00e+00	2.27e-104
 2.47859e+13	1.89e-30	4.40e-22	1.03e-14	4.43e-08	5.24e-01	4.75e-01	5.63e-04	0.00e+00	0.00e+00	0.00e+00	0.00e+00	0.00e+00	2.28e-88
 2.56145e+13	2.51e-30	5.55e-22	1.23e-14	4.95e-08	5.43e-01	4.56e-01	5.01e-04	0.00e+00	0.00e+00	0.00e+00	0.00e+00	0.00e+00	1.18e-103
 2.65332e+13	3.41e-30	7.10e-22	1.49e-14	5.58e-08	5.63e-01	4.36e-01	4.42e-04	0.00e+00	0.00e+00	0.00e+00	0.00e+00	0.00e+00	9.10e-88
 2.73850e+13	4.48e-30	8.83e-22	1.76e-14	6.19e-08	5.81e-01	4.18e-01	3.94e-04	0.00e+00	0.00e+00	0.00e+00	0.00e+00	0.00e+00	6.43e-103
 2.83086e+13	5.94e-30	1.11e-21	2.10e-14	6.90e-08	6.00e-01	4.00e-01	3.49e-04	0.00e+00	0.00e+00	0.00e+00	0.00e+00	0.00e+00	3.36e-87
 2.93352e+13	8.02e-30	1.41e-21	2.53e-14	7.74e-08	6.20e-01	3.80e-01	3.06e-04	0.00e+00	0.00e+00	0.00e+00	0.00e+00	0.00e+00	3.65e-102
 3.02920e+13	1.05e-29	1.75e-21	2.98e-14	8.56e-08	6.37e-01	3.63e-01	2.71e-04	0.00e+00	0.00e+00	0.00e+00	0.00e+00	0.00e+00	1.30e-86
 3.13320e+13	1.39e-29	2.19e-21	3.54e-14	9.50e-08	6.55e-01	3.45e-01	2.39e-04	0.00e+00	0.00e+00	0.00e+00	0.00e+00	0.00e+00	1.91e-101
 3.24894e+13	1.87e-29	2.78e-21	4.25e-14	1.06e-07	6.73e-01	3.27e-01	2.08e-04	0.00e+00	0.00e+00	0.00e+00	0.00e+00	0.00e+00	5.23e-86
 3.35714e+13	2.45e-29	3.45e-21	5.00e-14	1.17e-07	6.89e-01	3.10e-01	1.84e-04	0.00e+00	0.00e+00	0.00e+00	0.00e+00	0.00e+00	1.07e-100
 3.47500e+13	3.24e-29	4.31e-21	5.92e-14	1.30e-07	7.06e-01	2.94e-01	1.61e-04	0.00e+00	0.00e+00	0.00e+00	0.00e+00	0.00e+00	1.99e-85
 3.60648e+13	4.37e-29	5.47e-21	7.10e-14	1.45e-07	7.23e-01	2.77e-01	1.39e-04	0.00e+00	0.00e+00	0.00e+00	0.00e+00	0.00e+00	6.39e-100
 3.73009e+13	5.73e-29	6.79e-21	8.35e-14	1.59e-07	7.38e-01	2.62e-01	1.22e-04	0.00e+00	0.00e+00	0.00e+00	0.00e+00	0.00e+00	8.05e-85
 3.86523e+13	7.61e-29	8.51e-21	9.89e-14	1.76e-07	7.53e-01	2.47e-01	1.06e-04	0.00e+00	0.00e+00	0.00e+00	0.00e+00	0.00e+00	3.58e-99
 4.01652e+13	1.03e-28	1.08e-20	1.19e-13	1.96e-07	7.69e-01	2.31e-01	9.14e-05	0.00e+00	0.00e+00	0.00e+00	0.00e+00	0.00e+00	3.46e-84
 4.15973e+13	1.36e-28	1.35e-20	1.40e-13	2.16e-07	7.83e-01	2.17e-01	7.95e-05	0.00e+00	0.00e+00	0.00e+00	0.00e+00	0.00e+00	2.21e-98
 4.31409e+13	1.81e-28	1.69e-20	1.65e-13	2.38e-07	7.96e-01	2.04e-01	6.89e-05	0.00e+00	0.00e+00	0.00e+00	0.00e+00	0.00e+00	1.43e-83
 4.48965e+13	2.47e-28	2.16e-20	1.98e-13	2.65e-07	8.10e-01	1.90e-01	5.87e-05	0.00e+00	0.00e+00	0.00e+00	0.00e+00	0.00e+00	1.46e-97
 4.66209e+13	3.31e-28	2.72e-20	2.35e-13	2.92e-07	8.23e-01	1.77e-01	5.05e-05	0.00e+00	0.00e+00	0.00e+00	0.00e+00	0.00e+00	6.60e-83
 4.84142e+13	4.43e-28	3.43e-20	2.79e-13	3.23e-07	8.35e-01	1.65e-01	4.33e-05	0.00e+00	0.00e+00	0.00e+00	0.00e+00	0.00e+00	9.45e-97
 5.03807e+13	6.04e-28	4.37e-20	3.33e-13	3.56e-07	8.46e-01	1.54e-01	3.70e-05	0.00e+00	0.00e+00	0.00e+00	0.00e+00	0.00e+00	3.11e-82
 5.24259e+13	8.19e-28	5.56e-20	3.97e-13	3.94e-07	8.57e-01	1.43e-01	3.15e-05	0.00e+00	0.00e+00	0.00e+00	0.00e+00	0.00e+00	6.84e-96
 5.45529e+13	1.12e-27	7.07e-20	4.73e-13	4.34e-07	8.67e-01	1.33e-01	2.69e-05	0.00e+00	0.00e+00	0.00e+00	0.00e+00	0.00e+00	1.53e-81
 5.65745e+13	1.47e-27	8.79e-20	5.54e-13	4.75e-07	8.76e-01	1.24e-01	2.32e-05	0.00e+00	0.00e+00	0.00e+00	0.00e+00	0.00e+00	4.56e-95
 5.83998e+13	1.88e-27	1.06e-19	6.36e-13	5.12e-07	8.83e-01	1.17e-01	2.04e-05	0.00e+00	0.00e+00	0.00e+00	0.00e+00	0.00e+00	6.02e-81
 6.01120e+13	2.35e-27	1.26e-19	7.20e-13	5.50e-07	8.90e-01	1.10e-01	1.81e-05	0.00e+00	0.00e+00	0.00e+00	0.00e+00	0.00e+00	2.06e-94
 6.20077e+13	2.98e-27	1.52e-19	8.23e-13	5.91e-07	8.96e-01	1.04e-01	1.60e-05	0.00e+00	0.00e+00	0.00e+00	0.00e+00	0.00e+00	2.01e-80
 6.41312e+13	3.87e-27	1.86e-19	9.50e-13	6.40e-07	9.02e-01	9.75e-02	1.40e-05	0.00e+00	0.00e+00	0.00e+00	0.00e+00	0.00e+00	1.04e-93
 6.61493e+13	4.90e-27	2.24e-19	1.08e-12	6.88e-07	9.08e-01	9.19e-02	1.23e-05	0.00e+00	0.00e+00	0.00e+00	0.00e+00	0.00e+00	7.53e-80
 6.83713e+13	6.32e-27	2.73e-19	1.25e-12	7.42e-07	9.14e-01	8.62e-02	1.08e-05	0.00e+00	0.00e+00	0.00e+00	0.00e+00	0.00e+00	5.19e-93
 7.08563e+13	8.32e-27	3.37e-19	1.45e-12	8.05e-07	9.20e-01	8.05e-02	9.34e-06	0.00e+00	0.00e+00	0.00e+00	0.00e+00	0.00e+00	3.09e-79
 7.31533e+13	1.06e-26	4.07e-19	1.66e-12	8.66e-07	9.24e-01	7.56e-02	8.20e-06	0.00e+00	0.00e+00	0.00e+00	0.00e+00	0.00e+00	2.83e-92
 7.52723e+13	1.33e-26	4.83e-19	1.87e-12	9.23e-07	9.28e-01	7.16e-02	7.31e-06	0.00e+00	0.00e+00	0.00e+00	0.00e+00	0.00e+00	1.07e-78
 7.76897e+13	1.69e-26	5.83e-19	2.13e-12	9.90e-07	9.33e-01	6.73e-02	6.44e-06	0.00e+00	0.00e+00	0.00e+00	0.00e+00	0.00e+00	1.29e-91
 8.06522e+13	2.27e-26	7.29e-19	2.49e-12	1.08e-06	9.37e-01	6.26e-02	5.55e-06	0.00e+00	0.00e+00	0.00e+00	0.00e+00	0.00e+00	4.56e-78
 8.36169e+13	2.99e-26	9.01e-19	2.89e-12	1.16e-06	9.42e-01	5.83e-02	4.79e-06	0.00e+00	0.00e+00	0.00e+00	0.00e+00	0.00e+00	8.27e-91
 8.62056e+13	3.79e-26	1.08e-18	3.27e-12	1.24e-06	9.45e-01	5.50e-02	4.24e-06	0.00e+00	0.00e+00	0.00e+00	0.00e+00	0.00e+00	1.83e-77
 8.90117e+13	4.87e-26	1.31e-18	3.73e-12	1.33e-06	9.48e-01	5.17e-02	3.74e-06	0.00e+00	0.00e+00	0.00e+00	0.00e+00	0.00e+00	4.05e-90
 9.24247e+13	6.55e-26	1.64e-18	4.36e-12	1.44e-06	9.52e-01	4.81e-02	3.22e-06	0.00e+00	0.00e+00	0.00e+00	0.00e+00	0.00e+00	8.06e-77
 9.58917e+13	8.69e-26	2.03e-18	5.07e-12	1.56e-06	9.55e-01	4.47e-02	2.77e-06	0.00e+00	0.00e+00	0.00e+00	0.00e+00	0.00e+00	1.73e-76
 9.90293e+13	1.12e-25	2.47e-18	5.78e-12	1.67e-06	9.58e-01	4.20e-02	2.44e-06	0.00e+00	0.00e+00	0.00e+00	0.00e+00	0.00e+00	3.47e-76
 1.02474e+14	1.47e-25	3.03e-18	6.63e-12	1.80e-06	9.61e-01	3.93e-02	2.14e-06	0.00e+00	0.00e+00	0.00e+00	0.00e+00	0.00e+00	7.24e-76
 1.06524e+14	1.99e-25	3.82e-18	7.76e-12	1.95e-06	9.64e-01	3.65e-02	1.83e-06	0.00e+00	0.00e+00	0.00e+00	0.00e+00	0.00e+00	1.68e-75
 1.10567e+14	2.67e-25	4.76e-18	9.03e-12	2.11e-06	9.66e-01	3.39e-02	1.58e-06	0.00e+00	0.00e+00	0.00e+00	0.00e+00	0.00e+00	3.69e-75
 1.14388e+14	3.49e-25	5.83e-18	1.04e-11	2.26e-06	9.68e-01	3.18e-02	1.38e-06	0.00e+00	0.00e+00	0.00e+00	0.00e+00	0.00e+00	7.74e-75
 1.18609e+14	4.66e-25	7.25e-18	1.20e-11	2.43e-06	9.70e-01	2.96e-02	1.20e-06	0.00e+00	0.00e+00	0.00e+00	0.00e+00	0.00e+00	1.71e-74
 1.23384e+14	6.35e-25	9.16e-18	1.40e-11	2.64e-06	9.73e-01	2.74e-02	1.03e-06	0.00e+00	0.00e+00	0.00e+00	0.00e+00	0.00e+00	3.98e-74
 1.28177e+14	8.62e-25	1.15e-17	1.64e-11	2.85e-06	9.75e-01	2.55e-02	8.85e-07	0.00e+00	0.00e+00	0.00e+00	0.00e+00	0.00e+00	9.27e-74
 1.33162e+14	1.16e-24	1.44e-17	1.91e-11	3.08e-06	9.76e-01	2.36e-02	0.00e+00	0.00e+00	0.00e+00	0.00e+00	0.00e+00	0.00e+00	2.10e-73
 1.38518e+14	1.59e-24	1.83e-17	2.23e-11	3.33e-06	9.78e-01	2.19e-02	0.00e+00	0.00e+00	0.00e+00	0.00e+00	0.00e+00	0.00e+00	4.98e-73
 1.44089e+14	2.18e-24	2.32e-17	2.61e-11	3.61e-06	9.80e-01	2.03e-02	0.00e+00	0.00e+00	0.00e+00	0.00e+00	0.00e+00	0.00e+00	1.19e-72
 1.49473e+14	2.92e-24	2.89e-17	3.03e-11	3.88e-06	9.81e-01	1.89e-02	0.00e+00	0.00e+00	0.00e+00	0.00e+00	0.00e+00	0.00e+00	2.64e-72
 1.54532e+14	3.79e-24	3.51e-17	3.46e-11	4.15e-06	9.82e-01	1.77e-02	0.00e+00	0.00e+00	0.00e+00	0.00e+00	0.00e+00	0.00e+00	5.40e-72
 1.59298e+14	4.82e-24	4.21e-17	3.90e-11	4.41e-06	9.83e-01	1.67e-02	0.00e+00	0.00e+00	0.00e+00	0.00e+00	0.00e+00	0.00e+00	1.05e-71
 1.64479e+14	6.23e-24	5.11e-17	4.43e-11	4.70e-06	9.84e-01	1.57e-02	0.00e+00	0.00e+00	0.00e+00	0.00e+00	1.65e-17	3.46e-17	2.14e-71
 1.70270e+14	8.19e-24	6.28e-17	5.09e-11	5.04e-06	9.85e-01	1.47e-02	0.00e+00	0.00e+00	0.00e+00	0.00e+00	2.08e-17	4.20e-17	4.55e-71
 1.75748e+14	1.05e-23	7.56e-17	5.78e-11	5.37e-06	9.86e-01	1.38e-02	0.00e+00	0.00e+00	0.00e+00	0.00e+00	2.51e-17	5.05e-17	8.94e-71
 1.81760e+14	1.37e-23	9.24e-17	6.60e-11	5.74e-06	9.87e-01	1.29e-02	0.00e+00	0.00e+00	0.00e+00	0.00e+00	3.07e-17	6.17e-17	1.87e-70
 1.88519e+14	1.83e-23	1.15e-16	7.64e-11	6.18e-06	9.88e-01	1.20e-02	0.00e+00	0.00e+00	0.00e+00	0.00e+00	3.82e-17	7.69e-17	4.18e-70
 1.94968e+14	2.39e-23	1.40e-16	8.74e-11	6.61e-06	9.89e-01	1.12e-02	0.00e+00	0.00e+00	0.00e+00	0.00e+00	4.66e-17	9.38e-17	8.65e-70
 2.02030e+14	3.15e-23	1.73e-16	1.01e-10	7.10e-06	9.90e-01	1.05e-02	0.00e+00	0.00e+00	0.00e+00	0.00e+00	5.74e-17	1.16e-16	1.84e-69
 2.09924e+14	4.28e-23	2.18e-16	1.17e-10	7.67e-06	9.90e-01	9.72e-03	0.00e+00	0.00e+00	0.00e+00	0.00e+00	7.23e-17	1.46e-16	4.31e-69
 2.17540e+14	5.64e-23	2.68e-16	1.35e-10	8.24e-06	9.91e-01	9.05e-03	0.00e+00	0.00e+00	0.00e+00	0.00e+00	8.90e-17	1.79e-16	9.14e-69
 2.25678e+14	7.54e-23	3.34e-16	1.57e-10	8.87e-06	9.92e-01	8.42e-03	0.00e+00	0.00e+00	0.00e+00	0.00e+00	1.11e-16	2.23e-16	2.05e-68
 2.34735e+14	1.02e-22	4.19e-16	1.84e-10	9.61e-06	9.92e-01	7.77e-03	0.00e+00	0.00e+00	0.00e+00	0.00e+00	1.39e-16	2.80e-16	4.65e-68
 2.43104e+14	1.35e-22	5.18e-16	2.11e-10	1.03e-05	9.93e-01	7.26e-03	0.00e+00	0.00e+00	0.00e+00	0.00e+00	1.72e-16	3.46e-16	1.01e-67
 2.50361e+14	1.69e-22	6.14e-16	2.38e-10	1.10e-05	9.93e-01	6.84e-03	0.00e+00	0.00e+00	0.00e+00	0.00e+00	2.04e-16	4.10e-16	1.86e-67
 2.58423e+14	2.17e-22	7.43e-16	2.70e-10	1.17e-05	9.94e-01	6.43e-03	0.00e+00	0.00e+00	0.00e+00	0.00e+00	2.47e-16	4.97e-16	3.74e-67
 2.68254e+14	2.89e-22	9.23e-16	3.14e-10	1.26e-05	9.94e-01	5.96e-03	0.00e+00	0.00e+00	0.00e+00	0.00e+00	3.06e-16	6.17e-16	8.14e-67
 2.78190e+14	3.84e-22	1.15e-15	3.63e-10	1.35e-05	9.94e-01	5.54e-03	0.00e+00	0.00e+00	0.00e+00	0.00e+00	3.80e-16	7.66e-16	1.80e-66
 2.87134e+14	4.88e-22	1.37e-15	4.13e-10	1.45e-05	9.95e-01	5.20e-03	0.00e+00	0.00e+00	0.00e+00	0.00e+00	4.56e-16	9.19e-16	3.45e-66
 2.96980e+14	6.36e-22	1.68e-15	4.72e-10	1.55e-05	9.95e-01	4.86e-03	0.00e+00	0.00e+00	0.00e+00	0.00e+00	5.58e-16	1.12e-15	7.20e-66
 3.08611e+14	8.50e-22	2.10e-15	5.52e-10	1.67e-05	9.95e-01	4.49e-03	0.00e+00	0.00e+00	0.00e+00	0.00e+00	6.96e-16	1.40e-15	1.59e-65
 3.20023e+14	1.13e-21	2.60e-15	6.39e-10	1.80e-05	9.96e-01	4.18e-03	0.00e+00	0.00e+00	0.00e+00	0.00e+00	8.61e-16	1.74e-15	3.43e-65
 3.30458e+14	1.44e-21	3.13e-15	7.27e-10	1.92e-05	9.96e-01	3.91e-03	0.00e+00	0.00e+00	0.00e+00	0.00e+00	1.04e-15	2.09e-15	6.75e-65
 3.42165e+14	1.88e-21	3.84e-15	8.37e-10	2.07e-05	9.96e-01	3.65e-03	0.00e+00	0.00e+00	0.00e+00	0.00e+00	1.27e-15	2.56e-15	1.41e-64
 3.55773e+14	2.53e-21	4.81e-15	9.79e-10	2.24e-05	9.97e-01	3.37e-03	0.00e+00	0.00e+00	0.00e+00	0.00e+00	1.59e-15	3.22e-15	3.18e-64
 3.69131e+14	3.37e-21	5.99e-15	1.13e-09	2.41e-05	9.97e-01	3.13e-03	0.00e+00	0.00e+00	0.00e+00	0.00e+00	1.99e-15	4.00e-15	7.07e-64
 3.81801e+14	4.32e-21	7.24e-15	1.30e-09	2.58e-05	9.97e-01	2.92e-03	0.00e+00	0.00e+00	0.00e+00	0.00e+00	2.40e-15	4.84e-15	1.40e-63
 3.95880e+14	5.72e-21	8.98e-15	1.50e-09	2.78e-05	9.97e-01	2.72e-03	0.00e+00	0.00e+00	0.00e+00	0.00e+00	2.98e-15	6.00e-15	3.04e-63
 4.11745e+14	7.64e-21	1.12e-14	1.76e-09	3.01e-05	9.97e-01	2.51e-03	0.00e+00	0.00e+00	0.00e+00	0.00e+00	3.71e-15	7.49e-15	6.72e-63
 4.26793e+14	1.01e-20	1.38e-14	2.03e-09	3.24e-05	9.98e-01	2.33e-03	0.00e+00	0.00e+00	0.00e+00	0.00e+00	4.59e-15	9.26e-15	1.45e-62
 4.40530e+14	1.27e-20	1.65e-14	2.31e-09	3.46e-05	9.98e-01	2.19e-03	0.00e+00	0.00e+00	0.00e+00	0.00e+00	5.47e-15	1.10e-14	2.72e-62
 4.56118e+14	1.66e-20	2.03e-14	2.65e-09	3.71e-05	9.98e-01	2.04e-03	0.00e+00	0.00e+00	0.00e+00	0.00e+00	6.71e-15	1.36e-14	5.74e-62
 4.74242e+14	2.20e-20	2.52e-14	3.10e-09	4.02e-05	9.98e-01	1.88e-03	0.00e+00	0.00e+00	0.00e+00	0.00e+00	8.33e-15	1.68e-14	1.24e-61
 4.91530e+14	2.87e-20	3.09e-14	3.58e-09	4.32e-05	9.98e-01	1.75e-03	0.00e+00	0.00e+00	0.00e+00	0.00e+00	1.02e-14	2.07e-14	2.61e-61
 5.07142e+14	3.64e-20	3.71e-14	4.06e-09	4.60e-05	9.98e-01	1.64e-03	0.00e+00	0.00e+00	0.00e+00	0.00e+00	1.23e-14	2.48e-14	5.06e-61
 5.21898e+14	4.50e-20	4.36e-14	4.55e-09	4.87e-05	9.98e-01	1.55e-03	0.00e+00	0.00e+00	0.00e+00	0.00e+00	1.44e-14	2.92e-14	9.06e-61
 5.38269e+14	5.60e-20	5.17e-14	5.15e-09	5.19e-05	9.98e-01	1.45e-03	0.00e+00	0.00e+00	0.00e+00	0.00e+00	1.71e-14	3.46e-14	1.66e-60
 5.56494e+14	7.23e-20	6.29e-14	5.89e-09	5.55e-05	9.99e-01	1.36e-03	0.00e+00	0.00e+00	0.00e+00	0.00e+00	2.08e-14	4.21e-14	3.39e-60
 5.73681e+14	8.93e-20	7.40e-14	6.65e-09	5.91e-05	9.99e-01	1.28e-03	0.00e+00	0.00e+00	0.00e+00	0.00e+00	2.45e-14	4.95e-14	6.06e-60
 5.92577e+14	1.14e-19	8.91e-14	7.57e-09	6.31e-05	9.99e-01	1.19e-03	0.00e+00	0.00e+00	0.00e+00	0.00e+00	2.95e-14	5.96e-14	1.19e-59
 6.13715e+14	1.48e-19	1.09e-13	8.71e-09	6.77e-05	9.99e-01	1.11e-03	0.00e+00	0.00e+00	0.00e+00	0.00e+00	3.61e-14	7.31e-14	2.48e-59
 6.33704e+14	1.85e-19	1.30e-13	9.91e-09	7.24e-05	9.99e-01	1.04e-03	0.00e+00	0.00e+00	0.00e+00	0.00e+00	4.29e-14	8.68e-14	4.58e-59
 6.55625e+14	2.39e-19	1.58e-13	1.13e-08	7.75e-05	9.99e-01	9.72e-04	0.00e+00	0.00e+00	0.00e+00	0.00e+00	5.23e-14	1.06e-13	9.44e-59
 6.79848e+14	3.06e-19	1.92e-13	1.31e-08	8.35e-05	9.99e-01	9.01e-04	0.00e+00	0.00e+00	0.00e+00	0.00e+00	6.34e-14	1.29e-13	1.87e-58
 7.02129e+14	3.90e-19	2.31e-13	1.49e-08	8.91e-05	9.99e-01	8.44e-04	0.00e+00	0.00e+00	0.00e+00	0.00e+00	7.62e-14	1.55e-13	3.66e-58
 7.26160e+14	4.99e-19	2.80e-13	1.71e-08	9.54e-05	9.99e-01	7.88e-04	0.00e+00	0.00e+00	0.00e+00	0.00e+00	9.25e-14	1.88e-13	7.34e-58
 7.53108e+14	6.41e-19	3.40e-13	1.98e-08	1.03e-04	9.99e-01	7.31e-04	0.00e+00	0.00e+00	0.00e+00	0.00e+00	1.12e-13	2.28e-13	1.47e-57
 7.78494e+14	8.22e-19	4.13e-13	2.26e-08	1.10e-04	9.99e-01	6.83e-04	0.00e+00	0.00e+00	0.00e+00	0.00e+00	1.36e-13	2.76e-13	2.96e-57
 8.06143e+14	1.04e-18	4.96e-13	2.60e-08	1.18e-04	9.99e-01	6.35e-04	0.00e+00	0.00e+00	0.00e+00	0.00e+00	1.64e-13	3.32e-13	5.71e-57
 8.36798e+14	1.38e-18	6.16e-13	3.02e-08	1.27e-04	9.99e-01	5.89e-04	0.00e+00	0.00e+00	0.00e+00	0.00e+00	2.03e-13	4.13e-13	1.25e-56
 8.65477e+14	1.73e-18	7.37e-13	3.45e-08	1.37e-04	9.99e-01	5.48e-04	0.00e+00	0.00e+00	0.00e+00	0.00e+00	2.43e-13	4.94e-13	2.37e-56
 8.96725e+14	2.24e-18	9.02e-13	3.98e-08	1.47e-04	9.99e-01	5.10e-04	0.00e+00	0.00e+00	0.00e+00	0.00e+00	2.97e-13	6.05e-13	4.91e-56
 9.31662e+14	2.90e-18	1.10e-12	4.64e-08	1.59e-04	9.99e-01	4.70e-04	0.00e+00	0.00e+00	0.00e+00	0.00e+00	3.64e-13	7.40e-13	1.01e-55
 9.64704e+14	3.73e-18	1.35e-12	5.34e-08	1.71e-04	9.99e-01	4.38e-04	0.00e+00	0.00e+00	0.00e+00	0.00e+00	4.43e-13	9.02e-13	2.06e-55
 1.00003e+15	4.76e-18	1.63e-12	6.17e-08	1.84e-04	9.99e-01	4.05e-04	0.00e+00	0.00e+00	0.00e+00	0.00e+00	5.36e-13	1.09e-12	4.06e-55
 1.04006e+15	6.27e-18	2.03e-12	7.22e-08	2.00e-04	9.99e-01	3.74e-04	0.00e+00	0.00e+00	0.00e+00	0.00e+00	6.67e-13	1.36e-12	8.92e-55
 1.07955e+15	8.03e-18	2.46e-12	8.40e-08	2.16e-04	9.99e-01	3.45e-04	0.00e+00	0.00e+00	0.00e+00	0.00e+00	8.10e-13	1.65e-12	1.78e-54
 1.11760e+15	1.02e-17	2.99e-12	9.65e-08	2.32e-04	9.99e-01	3.21e-04	0.00e+00	0.00e+00	0.00e+00	0.00e+00	9.83e-13	2.01e-12	3.57e-54
 1.15933e+15	1.30e-17	3.62e-12	1.12e-07	2.51e-04	9.99e-01	2.96e-04	0.00e+00	0.00e+00	0.00e+00	0.00e+00	1.19e-12	2.43e-12	7.03e-54
 1.20573e+15	1.71e-17	4.49e-12	1.31e-07	2.73e-04	9.99e-01	2.73e-04	0.00e+00	0.00e+00	0.00e+00	0.00e+00	1.48e-12	3.02e-12	1.53e-53
 1.24532e+15	2.10e-17	5.31e-12	1.50e-07	2.93e-04	9.99e-01	2.54e-04	0.00e+00	0.00e+00	0.00e+00	0.00e+00	1.74e-12	3.56e-12	2.75e-53
 1.27463e+15	2.46e-17	6.01e-12	1.64e-07	3.08e-04	9.99e-01	2.42e-04	0.00e+00	0.00e+00	0.00e+00	0.00e+00	1.98e-12	4.04e-12	4.31e-53
 1.30539e+15	2.89e-17	6.84e-12	1.81e-07	3.24e-04	9.99e-01	2.30e-04	0.00e+00	0.00e+00	0.00e+00	0.00e+00	2.25e-12	4.59e-12	6.85e-53
 1.34536e+15	3.51e-17	8.00e-12	2.04e-07	3.46e-04	9.99e-01	2.15e-04	0.00e+00	0.00e+00	0.00e+00	0.00e+00	2.63e-12	5.38e-12	1.20e-52
 1.38935e+15	4.35e-17	9.53e-12	2.33e-07	3.70e-04	9.99e-01	2.00e-04	0.00e+00	0.00e+00	0.00e+00	0.00e+00	3.13e-12	6.40e-12	2.24e-52
 1.43016e+15	5.25e-17	1.11e-11	2.62e-07	3.95e-04	9.99e-01	1.88e-04	0.00e+00	4.38e-18	1.32e-17	2.20e-17	3.63e-12	7.44e-12	3.82e-52
 1.47482e+15	6.42e-17	1.31e-11	2.97e-07	4.22e-04	9.99e-01	1.76e-04	0.00e+00	5.37e-18	1.61e-17	2.69e-17	4.29e-12	8.77e-12	6.92e-52
 1.52499e+15	7.99e-17	1.55e-11	3.40e-07	4.54e-04	9.99e-01	1.63e-04	0.00e+00	6.68e-18	2.01e-17	3.35e-17	5.10e-12	1.04e-11	1.29e-51
 1.57252e+15	9.71e-17	1.83e-11	3.85e-07	4.85e-04	9.99e-01	1.53e-04	0.00e+00	8.12e-18	2.44e-17	4.08e-17	6.00e-12	1.23e-11	2.32e-51
 1.62454e+15	1.20e-16	2.17e-11	4.40e-07	5.22e-04	9.99e-01	1.42e-04	0.00e+00	1.01e-17	3.02e-17	5.05e-17	7.11e-12	1.46e-11	4.28e-51
 1.68262e+15	1.49e-16	2.60e-11	5.07e-07	5.64e-04	9.99e-01	1.31e-04	0.00e+00	1.25e-17	3.76e-17	6.28e-17	8.53e-12	1.75e-11	8.27e-51
 1.73741e+15	1.84e-16	3.07e-11	5.78e-07	6.07e-04	9.99e-01	1.22e-04	0.00e+00	1.54e-17	4.63e-17	7.73e-17	1.01e-11	2.07e-11	1.51e-50
 1.79743e+15	2.29e-16	3.68e-11	6.63e-07	6.54e-04	9.99e-01	1.13e-04	0.00e+00	1.93e-17	5.79e-17	9.67e-17	1.21e-11	2.48e-11	2.94e-50
 1.86392e+15	2.88e-16	4.45e-11	7.69e-07	7.10e-04	9.99e-01	1.04e-04	0.00e+00	2.42e-17	7.27e-17	1.21e-16	1.46e-11	2.99e-11	5.85e-50
 1.92530e+15	3.54e-16	5.27e-11	8.77e-07	7.63e-04	9.99e-01	9.70e-05	0.00e+00	2.98e-17	8.94e-17	1.49e-16	1.73e-11	3.54e-11	1.09e-49
 1.99158e+15	4.36e-16	6.26e-11	1.01e-06	8.24e-04	9.99e-01	8.98e-05	0.00e+00	3.68e-17	1.10e-16	1.84e-16	2.05e-11	4.21e-11	2.07e-49
 2.06564e+15	5.49e-16	7.58e-11	1.17e-06	8.95e-04	9.99e-01	8.27e-05	0.00e+00	4.64e-17	1.39e-16	2.33e-16	2.49e-11	5.09e-11	4.20e-49
 2.13520e+15	6.66e-16	8.95e-11	1.33e-06	9.63e-04	9.99e-01	7.68e-05	0.00e+00	5.63e-17	1.69e-16	2.82e-16	2.93e-11	6.01e-11	7.79e-49
 2.21101e+15	8.39e-16	1.08e-10	1.53e-06	1.04e-03	9.99e-01	7.09e-05	0.00e+00	7.10e-17	2.13e-16	3.56e-16	3.53e-11	7.24e-11	1.57e-48
 2.29534e+15	1.06e-15	1.31e-10	1.78e-06	1.14e-03	9.99e-01	6.51e-05	0.00e+00	8.96e-17	2.69e-16	4.49e-16	4.29e-11	8.79e-11	3.26e-48
 2.37433e+15	1.29e-15	1.55e-10	2.04e-06	1.22e-03	9.99e-01	6.04e-05	0.00e+00	1.09e-16	3.28e-16	5.49e-16	5.09e-11	1.04e-10	6.19e-48
 2.46010e+15	1.63e-15	1.88e-10	2.36e-06	1.33e-03	9.99e-01	5.57e-05	0.00e+00	1.39e-16	4.16e-16	6.95e-16	6.16e-11	1.26e-10	1.28e-47
 2.55603e+15	2.07e-15	2.29e-10	2.75e-06	1.45e-03	9.98e-01	5.10e-05	0.00e+00	1.76e-16	5.28e-16	8.81e-16	7.51e-11	1.54e-10	2.75e-47
 2.64745e+15	2.54e-15	2.73e-10	3.16e-06	1.56e-03	9.98e-01	4.72e-05	0.00e+00	2.16e-16	6.48e-16	1.08e-15	8.96e-11	1.83e-10	5.43e-47
 2.74502e+15	3.25e-15	3.33e-10	3.66e-06	1.70e-03	9.98e-01	4.34e-05	0.00e+00	2.77e-16	8.33e-16	1.39e-15	1.09e-10	2.24e-10	1.20e-46
 2.85485e+15	4.14e-15	4.09e-10	4.29e-06	1.86e-03	9.98e-01	3.98e-05	0.00e+00	3.53e-16	1.06e-15	1.77e-15	1.34e-10	2.74e-10	2.66e-46
 2.94680e+15	5.07e-15	4.84e-10	4.86e-06	2.00e-03	9.98e-01	3.70e-05	0.00e+00	4.33e-16	1.30e-15	2.17e-15	1.59e-10	3.25e-10	5.18e-46
 3.01259e+15	5.83e-15	5.43e-10	5.31e-06	2.10e-03	9.98e-01	3.52e-05	0.00e+00	4.98e-16	1.50e-15	2.50e-15	1.79e-10	3.65e-10	8.19e-46
 3.08121e+15	6.72e-15	6.12e-10	5.81e-06	2.21e-03	9.98e-01	3.35e-05	0.00e+00	5.75e-16	1.73e-15	2.88e-15	2.01e-10	4.11e-10	1.32e-45
 3.17041e+15	7.88e-15	7.05e-10	6.51e-06	2.35e-03	9.98e-01	3.14e-05	0.00e+00	6.75e-16	2.03e-15	3.38e-15	2.32e-10	4.73e-10	2.29e-45
 3.26979e+15	9.80e-15	8.40e-10	7.37e-06	2.52e-03	9.97e-01	2.93e-05	0.00e+00	8.40e-16	2.52e-15	4.21e-15	2.76e-10	5.64e-10	4.63e-45
 3.36264e+15	1.15e-14	9.65e-10	8.24e-06	2.68e-03	9.97e-01	2.75e-05	0.00e+00	9.83e-16	2.95e-15	4.93e-15	3.17e-10	6.48e-10	7.99e-45
 3.46361e+15	1.40e-14	1.14e-09	9.28e-06	2.87e-03	9.97e-01	2.57e-05	0.00e+00	1.21e-15	3.63e-15	6.05e-15	3.75e-10	7.65e-10	1.57e-44
 3.57614e+15	1.72e-14	1.35e-09	1.05e-05	3.08e-03	9.97e-01	2.40e-05	0.00e+00	1.48e-15	4.44e-15	7.41e-15	4.46e-10	9.08e-10	3.08e-44
 3.68279e+15	2.04e-14	1.57e-09	1.18e-05	3.29e-03	9.97e-01	2.25e-05	0.00e+00	1.76e-15	5.27e-15	8.79e-15	5.17e-10	1.05e-09	5.55e-44
 3.80051e+15	2.48e-14	1.86e-09	1.34e-05	3.53e-03	9.96e-01	2.10e-05	0.00e+00	2.14e-15	6.43e-15	1.07e-14	6.12e-10	1.25e-09	1.09e-43
 3.93208e+15	3.16e-14	2.26e-09	1.54e-05	3.82e-03	9.96e-01	1.95e-05	0.00e+00	2.73e-15	8.20e-15	1.37e-14	7.46e-10	1.52e-09	2.39e-43
 4.05648e+15	3.84e-14	2.68e-09	1.74e-05	4.09e-03	9.96e-01	1.82e-05	0.00e+00	3.32e-15	9.95e-15	1.66e-14	8.82e-10	1.80e-09	4.61e-43
 4.19303e+15	4.66e-14	3.17e-09	1.99e-05	4.40e-03	9.96e-01	1.69e-05	0.00e+00	4.03e-15	1.21e-14	2.02e-14	1.05e-09	2.13e-09	9.12e-43
 4.35564e+15	6.08e-14	3.96e-09	2.31e-05	4.80e-03	9.95e-01	1.56e-05	0.00e+00	5.27e-15	1.58e-14	2.64e-14	1.31e-09	2.66e-09	2.20e-42
 4.51440e+15	7.61e-14	4.81e-09	2.67e-05	5.19e-03	9.95e-01	1.45e-05	0.00e+00	6.61e-15	1.98e-14	3.31e-14	1.59e-09	3.23e-09	4.67e-42
 4.65570e+15	9.14e-14	5.65e-09	3.02e-05	5.56e-03	9.94e-01	1.35e-05	0.00e+00	7.94e-15	2.38e-14	3.98e-14	1.86e-09	3.79e-09	8.68e-42
 4.81196e+15	1.13e-13	6.77e-09	3.44e-05	5.98e-03	9.94e-01	1.26e-05	0.00e+00	9.80e-15	2.94e-14	4.91e-14	2.23e-09	4.54e-09	1.76e-41
 4.99830e+15	1.48e-13	8.51e-09	4.01e-05	6.51e-03	9.93e-01	1.17e-05	0.00e+00	1.29e-14	3.87e-14	6.47e-14	2.81e-09	5.70e-09	4.29e-41
 5.18384e+15	1.85e-13	1.04e-08	4.64e-05	7.05e-03	9.93e-01	1.08e-05	0.00e+00	1.61e-14	4.84e-14	8.08e-14	3.43e-09	6.96e-09	8.86e-41
 5.35439e+15	2.28e-13	1.25e-08	5.28e-05	7.58e-03	9.92e-01	1.01e-05	0.00e+00	1.99e-14	5.98e-14	9.98e-14	4.12e-09	8.35e-09	1.77e-40
 5.54539e+15	2.82e-13	1.50e-08	6.07e-05	8.18e-03	9.92e-01	9.46e-06	0.00e+00	2.47e-14	7.40e-14	1.23e-13	4.95e-09	1.00e-08	3.56e-40
 5.76642e+15	3.73e-13	1.90e-08	7.11e-05	8.93e-03	9.91e-01	8.75e-06	0.00e+00	3.26e-14	9.79e-14	1.63e-13	6.28e-09	1.27e-08	8.90e-40
 5.98219e+15	4.76e-13	2.35e-08	8.24e-05	9.68e-03	9.90e-01	8.16e-06	0.00e+00	4.17e-14	1.25e-13	2.09e-13	7.76e-09	1.57e-08	1.95e-39
 6.18702e+15	5.92e-13	2.84e-08	9.43e-05	1.04e-02	9.89e-01	7.66e-06	0.00e+00	5.19e-14	1.56e-13	2.60e-13	9.40e-09	1.90e-08	3.99e-39
 6.36702e+15	7.14e-13	3.35e-08	1.06e-04	1.11e-02	9.89e-01	7.26e-06	0.00e+00	6.27e-14	1.88e-13	3.14e-13	1.11e-08	2.24e-08	7.34e-39
 6.51639e+15	8.30e-13	3.83e-08	1.16e-04	1.17e-02	9.88e-01	6.96e-06	0.00e+00	7.30e-14	2.19e-13	3.65e-13	1.27e-08	2.56e-08	1.20e-38
 6.68086e+15	9.73e-13	4.40e-08	1.29e-04	1.23e-02	9.88e-01	6.66e-06	0.00e+00	8.56e-14	2.57e-13	4.28e-13	1.46e-08	2.95e-08	1.99e-38
 6.89468e+15	1.20e-12	5.28e-08	1.46e-04	1.32e-02	9.87e-01	6.29e-06	0.00e+00	1.05e-13	3.16e-13	5.27e-13	1.75e-08	3.53e-08	3.80e-38
 7.11903e+15	1.46e-12	6.28e-08	1.66e-04	1.42e-02	9.86e-01	5.95e-06	0.00e+00	1.29e-13	3.87e-13	6.45e-13	2.08e-08	4.20e-08	6.95e-38
 7.31125e+15	1.74e-12	7.34e-08	1.85e-04	1.50e-02	9.85e-01	5.69e-06	0.00e+00	1.54e-13	4.61e-13	7.70e-13	2.43e-08	4.91e-08	1.21e-37
 7.51529e+15	2.13e-12	8.73e-08	2.07e-04	1.60e-02	9.84e-01	5.45e-06	0.00e+00	1.88e-13	5.64e-13	9.41e-13	2.89e-08	5.84e-08	2.25e-37
 7.78055e+15	2.72e-12	1.07e-07	2.39e-04	1.72e-02	9.83e-01	5.16e-06	0.00e+00	2.40e-13	7.20e-13	1.20e-12	3.56e-08	7.19e-08	4.73e-37
 8.05350e+15	3.35e-12	1.29e-07	2.75e-04	1.86e-02	9.81e-01	4.89e-06	0.00e+00	2.96e-13	8.88e-13	1.48e-12	4.27e-08	8.63e-08	8.84e-37
 8.28110e+15	4.03e-12	1.52e-07	3.08e-04	1.97e-02	9.80e-01	4.69e-06	0.00e+00	3.57e-13	1.07e-12	1.79e-12	5.05e-08	1.02e-07	1.57e-36
 8.52163e+15	4.90e-12	1.81e-07	3.47e-04	2.10e-02	9.79e-01	4.50e-06	0.00e+00	4.33e-13	1.30e-12	2.17e-12	5.98e-08	1.21e-07	2.82e-36
 8.83075e+15	6.25e-12	2.23e-07	4.02e-04	2.27e-02	9.77e-01	4.28e-06	0.00e+00	5.53e-13	1.66e-12	2.77e-12	7.37e-08	1.49e-07	5.76e-36
 9.14834e+15	8.11e-12	2.80e-07	4.66e-04	2.46e-02	9.75e-01	4.10e-06	0.00e+00	7.19e-13	2.16e-12	3.60e-12	9.29e-08	1.88e-07	1.27e-35
 9.41862e+15	9.90e-12	3.34e-07	5.26e-04	2.62e-02	9.73e-01	3.95e-06	0.00e+00	8.79e-13	2.64e-12	4.40e-12	1.11e-07	2.23e-07	2.29e-35
 9.70810e+15	1.22e-11	3.99e-07	5.98e-04	2.81e-02	9.71e-01	3.81e-06	0.00e+00	1.08e-12	3.24e-12	5.40e-12	1.32e-07	2.67e-07	4.13e-35
 1.00692e+16	1.55e-11	4.90e-07	6.97e-04	3.04e-02	9.69e-01	3.65e-06	0.00e+00	1.38e-12	4.14e-12	6.90e-12	1.63e-07	3.28e-07	7.98e-35
 1.04302e+16	2.02e-11	6.21e-07	8.10e-04	3.30e-02	9.66e-01	3.52e-06	0.00e+00	1.80e-12	5.39e-12	8.98e-12	2.06e-07	4.15e-07	1.76e-34
 1.07368e+16	2.46e-11	7.40e-07	9.17e-04	3.52e-02	9.64e-01	3.42e-06	0.00e+00	2.19e-12	6.58e-12	1.10e-11	2.46e-07	4.95e-07	3.05e-34
 1.10654e+16	3.06e-11	8.89e-07	1.04e-03	3.77e-02	9.61e-01	3.32e-06	0.00e+00	2.72e-12	8.17e-12	1.36e-11	2.95e-07	5.94e-07	5.48e-34
 1.14762e+16	3.94e-11	1.10e-06	1.22e-03	4.09e-02	9.58e-01	3.20e-06	0.00e+00	3.51e-12	1.05e-11	1.76e-11	3.64e-07	7.33e-07	1.05e-33
 1.18924e+16	5.17e-11	1.40e-06	1.43e-03	4.45e-02	9.54e-01	3.11e-06	0.00e+00	4.61e-12	1.38e-11	2.31e-11	4.65e-07	9.37e-07	2.32e-33
 1.22352e+16	6.32e-11	1.67e-06	1.62e-03	4.75e-02	9.51e-01	3.04e-06	0.00e+00	5.64e-12	1.69e-11	2.82e-11	5.55e-07	1.12e-06	3.94e-33
 1.25841e+16	7.82e-11	2.01e-06	1.85e-03	5.08e-02	9.47e-01	2.98e-06	0.00e+00	6.99e-12	2.10e-11	3.50e-11	6.66e-07	1.34e-06	6.86e-33
 1.30369e+16	1.01e-10	2.47e-06	2.17e-03	5.51e-02	9.43e-01	2.90e-06	0.00e+00	9.07e-12	2.72e-11	4.54e-11	8.19e-07	1.65e-06	1.26e-32
 1.35020e+16	1.35e-10	3.17e-06	2.55e-03	6.01e-02	9.37e-01	2.85e-06	0.00e+00	1.20e-11	3.61e-11	6.03e-11	1.05e-06	2.12e-06	2.75e-32
 1.38395e+16	1.60e-10	3.71e-06	2.86e-03	6.38e-02	9.33e-01	2.80e-06	0.00e+00	1.43e-11	4.30e-11	7.17e-11	1.23e-06	2.48e-06	4.28e-32
 1.41338e+16	1.90e-10	4.28e-06	3.16e-03	6.72e-02	9.30e-01	2.77e-06	0.00e+00	1.70e-11	5.10e-11	8.51e-11	1.42e-06	2.86e-06	6.50e-32
 1.45164e+16	2.35e-10	5.12e-06	3.60e-03	7.19e-02	9.24e-01	2.72e-06	0.00e+00	2.11e-11	6.33e-11	1.06e-10	1.70e-06	3.42e-06	1.08e-31
 1.49238e+16	2.95e-10	6.22e-06	4.12e-03	7.73e-02	9.19e-01	2.69e-06	0.00e+00	2.65e-11	7.94e-11	1.32e-10	2.07e-06	4.15e-06	1.93e-31
 1.52781e+16	3.56e-10	7.31e-06	4.63e-03	8.20e-02	9.13e-01	2.66e-06	0.00e+00	3.20e-11	9.59e-11	1.60e-10	2.43e-06	4.88e-06	3.02e-31
 1.56531e+16	4.38e-10	8.66e-06	5.25e-03	8.75e-02	9.07e-01	2.63e-06	0.00e+00	3.94e-11	1.18e-10	1.97e-10	2.88e-06	5.78e-06	4.83e-31
 1.60756e+16	5.47e-10	1.03e-05	6.02e-03	9.39e-02	9.00e-01	2.60e-06	0.00e+00	4.92e-11	1.48e-10	2.46e-10	3.43e-06	6.90e-06	7.79e-31
 1.64721e+16	6.86e-10	1.27e-05	6.87e-03	1.01e-01	8.92e-01	2.59e-06	0.00e+00	6.18e-11	1.85e-10	3.09e-10	4.20e-06	8.45e-06	1.41e-30
 1.68257e+16	8.26e-10	1.47e-05	7.71e-03	1.07e-01	8.86e-01	2.57e-06	0.00e+00	7.45e-11	2.23e-10	3.73e-10	4.90e-06	9.84e-06	2.10e-30
 1.72115e+16	1.01e-09	1.73e-05	8.76e-03	1.14e-01	8.77e-01	2.55e-06	0.00e+00	9.16e-11	2.75e-10	4.58e-10	5.77e-06	1.16e-05	3.24e-30
 1.76355e+16	1.30e-09	2.16e-05	1.01e-02	1.23e-01	8.67e-01	2.55e-06	0.00e+00	1.18e-10	3.53e-10	5.88e-10	7.17e-06	1.44e-05	6.10e-30
 1.80159e+16	1.59e-09	2.54e-05	1.15e-02	1.31e-01	8.58e-01	2.54e-06	0.00e+00	1.44e-10	4.32e-10	7.21e-10	8.46e-06	1.70e-05	9.26e-30
 1.83631e+16	1.92e-09	2.95e-05	1.29e-02	1.39e-01	8.48e-01	2.53e-06	0.00e+00	1.74e-10	5.21e-10	8.69e-10	9.80e-06	1.97e-05	1.36e-29
 1.87605e+16	2.47e-09	3.66e-05	1.48e-02	1.49e-01	8.36e-01	2.55e-06	0.00e+00	2.24e-10	6.72e-10	1.12e-09	1.22e-05	2.44e-05	2.55e-29
 1.91674e+16	3.06e-09	4.30e-05	1.70e-02	1.60e-01	8.23e-01	2.53e-06	0.00e+00	2.78e-10	8.32e-10	1.39e-09	1.43e-05	2.87e-05	3.73e-29
 1.95051e+16	3.80e-09	5.21e-05	1.92e-02	1.70e-01	8.11e-01	2.56e-06	0.00e+00	3.45e-10	1.03e-09	1.72e-09	1.73e-05	3.48e-05	6.52e-29
 1.98086e+16	4.54e-09	6.05e-05	2.15e-02	1.79e-01	7.99e-01	2.57e-06	0.00e+00	4.12e-10	1.24e-09	2.06e-09	2.01e-05	4.04e-05	9.61e-29
 2.01495e+16	5.64e-09	7.16e-05	2.44e-02	1.91e-01	7.85e-01	2.58e-06	0.00e+00	5.12e-10	1.54e-09	2.56e-09	2.38e-05	4.78e-05	1.49e-28
 2.05181e+16	7.15e-09	8.73e-05	2.81e-02	2.05e-01	7.67e-01	2.61e-06	0.00e+00	6.50e-10	1.95e-09	3.25e-09	2.91e-05	5.83e-05	2.60e-28
 2.08372e+16	8.77e-09	1.02e-04	3.17e-02	2.17e-01	7.51e-01	2.64e-06	5.81e-12	7.97e-10	2.39e-09	3.99e-09	3.41e-05	6.83e-05	3.89e-28
 2.11175e+16	1.05e-08	1.17e-04	3.54e-02	2.29e-01	7.36e-01	2.65e-06	0.00e+00	9.52e-10	2.85e-09	4.76e-09	3.91e-05	7.83e-05	5.53e-28
 2.14328e+16	1.30e-08	1.40e-04	4.03e-02	2.44e-01	7.16e-01	2.67e-06	0.00e+00	1.18e-09	3.54e-09	5.91e-09	4.65e-05	9.31e-05	8.79e-28
