#depth	C	C+	C+2	C+3	C+4	C+5	C+6	C[1]	C[2]	C[3]	C+[1]	C+[2]	CO
 1.49634e+10	0.00e+00	1.87e-31	6.06e-22	6.03e-13	2.02e-03	7.55e-01	2.43e-01	0.00e+00	0.00e+00	0.00e+00	0.00e+00	0.00e+00	1.36e-263
 4.54887e+10	7.27e-42	2.64e-31	7.91e-22	7.25e-13	2.23e-03	7.69e-01	2.29e-01	0.00e+00	0.00e+00	0.00e+00	0.00e+00	0.00e+00	1.77e-134
 7.72350e+10	0.00e+00	3.77e-31	1.04e-21	8.77e-13	2.49e-03	7.83e-01	2.14e-01	0.00e+00	0.00e+00	0.00e+00	0.00e+00	0.00e+00	3.04e-193
 1.10251e+11	1.74e-41	5.37e-31	1.37e-21	1.06e-12	2.77e-03	7.96e-01	2.01e-01	0.00e+00	0.00e+00	0.00e+00	0.00e+00	0.00e+00	1.80e-133
 1.44588e+11	0.00e+00	7.67e-31	1.80e-21	1.28e-12	3.09e-03	8.09e-01	1.88e-01	0.00e+00	0.00e+00	0.00e+00	0.00e+00	0.00e+00	5.19e-181
 1.80298e+11	4.18e-41	1.09e-30	2.36e-21	1.55e-12	3.44e-03	8.21e-01	1.76e-01	0.00e+00	0.00e+00	0.00e+00	0.00e+00	0.00e+00	1.84e-132
 2.13871e+11	0.00e+00	1.51e-30	3.02e-21	1.84e-12	3.78e-03	8.31e-01	1.65e-01	0.00e+00	0.00e+00	0.00e+00	0.00e+00	0.00e+00	5.94e-181
 2.43884e+11	8.78e-41	1.99e-30	3.74e-21	2.13e-12	4.11e-03	8.40e-01	1.56e-01	0.00e+00	0.00e+00	0.00e+00	0.00e+00	0.00e+00	1.32e-131
 2.77570e+11	0.00e+00	2.71e-30	4.74e-21	2.51e-12	4.51e-03	8.49e-01	1.47e-01	0.00e+00	0.00e+00	0.00e+00	0.00e+00	0.00e+00	0.00e+00
 3.17506e+11	1.97e-40	3.83e-30	6.18e-21	3.02e-12	4.99e-03	8.58e-01	1.37e-01	0.00e+00	0.00e+00	0.00e+00	0.00e+00	0.00e+00	1.12e-130
 3.57649e+11	0.00e+00	5.37e-30	8.01e-21	3.61e-12	5.51e-03	8.67e-01	1.28e-01	0.00e+00	0.00e+00	0.00e+00	0.00e+00	0.00e+00	0.00e+00
 3.95308e+11	4.35e-40	7.29e-30	1.01e-20	4.24e-12	6.03e-03	8.74e-01	1.20e-01	0.00e+00	0.00e+00	0.00e+00	0.00e+00	0.00e+00	9.25e-130
 4.36959e+11	0.00e+00	1.01e-29	1.30e-20	5.05e-12	6.64e-03	8.81e-01	1.12e-01	0.00e+00	0.00e+00	0.00e+00	0.00e+00	0.00e+00	0.00e+00
 4.84364e+11	1.02e-39	1.45e-29	1.72e-20	6.10e-12	7.37e-03	8.89e-01	1.04e-01	0.00e+00	0.00e+00	0.00e+00	0.00e+00	0.00e+00	8.85e-129
 5.31653e+11	0.00e+00	2.05e-29	2.24e-20	7.32e-12	8.14e-03	8.96e-01	9.63e-02	0.00e+00	0.00e+00	0.00e+00	0.00e+00	0.00e+00	0.00e+00
 5.80834e+11	2.41e-39	2.90e-29	2.92e-20	8.78e-12	9.00e-03	9.02e-01	8.93e-02	0.00e+00	0.00e+00	0.00e+00	0.00e+00	0.00e+00	8.61e-128
 6.33994e+11	0.00e+00	4.17e-29	3.86e-20	1.06e-11	9.98e-03	9.08e-01	8.24e-02	0.00e+00	0.00e+00	0.00e+00	0.00e+00	0.00e+00	0.00e+00
 6.89281e+11	5.91e-39	6.00e-29	5.09e-20	1.28e-11	1.11e-02	9.13e-01	7.61e-02	0.00e+00	0.00e+00	0.00e+00	0.00e+00	0.00e+00	9.31e-127
 7.41412e+11	0.00e+00	8.34e-29	6.55e-20	1.53e-11	1.22e-02	9.17e-01	7.06e-02	0.00e+00	0.00e+00	0.00e+00	0.00e+00	0.00e+00	0.00e+00
 7.88328e+11	1.27e-38	1.11e-28	8.17e-20	1.77e-11	1.32e-02	9.21e-01	6.62e-02	0.00e+00	0.00e+00	0.00e+00	0.00e+00	0.00e+00	7.08e-126
 8.41159e+11	0.00e+00	1.53e-28	1.04e-19	2.09e-11	1.44e-02	9.24e-01	6.16e-02	0.00e+00	0.00e+00	0.00e+00	0.00e+00	0.00e+00	0.00e+00
 9.03404e+11	2.94e-38	2.19e-28	1.37e-19	2.52e-11	1.59e-02	9.27e-01	5.67e-02	0.00e+00	0.00e+00	0.00e+00	0.00e+00	0.00e+00	6.47e-125
 9.65613e+11	0.00e+00	3.09e-28	1.79e-19	3.02e-11	1.76e-02	9.30e-01	5.23e-02	0.00e+00	0.00e+00	0.00e+00	0.00e+00	0.00e+00	0.00e+00
 1.02419e+12	6.68e-38	4.24e-28	2.27e-19	3.56e-11	1.92e-02	9.32e-01	4.86e-02	0.00e+00	0.00e+00	0.00e+00	0.00e+00	0.00e+00	5.66e-124
 1.08896e+12	0.00e+00	5.94e-28	2.95e-19	4.24e-11	2.10e-02	9.34e-01	4.49e-02	0.00e+00	0.00e+00	0.00e+00	0.00e+00	0.00e+00	0.00e+00
 1.16244e+12	1.61e-37	8.60e-28	3.91e-19	5.14e-11	2.33e-02	9.36e-01	4.11e-02	0.00e+00	0.00e+00	0.00e+00	0.00e+00	0.00e+00	5.74e-123
 1.23510e+12	0.00e+00	1.22e-27	5.12e-19	6.18e-11	2.56e-02	9.37e-01	3.77e-02	0.00e+00	0.00e+00	0.00e+00	0.00e+00	0.00e+00	0.00e+00
 1.31066e+12	3.87e-37	1.74e-27	6.72e-19	7.42e-11	2.82e-02	9.37e-01	3.46e-02	0.00e+00	0.00e+00	0.00e+00	0.00e+00	0.00e+00	5.80e-122
 1.39301e+12	0.00e+00	2.53e-27	8.94e-19	9.00e-11	3.12e-02	9.37e-01	3.16e-02	0.00e+00	0.00e+00	0.00e+00	0.00e+00	0.00e+00	0.00e+00
 1.47613e+12	9.64e-37	3.64e-27	1.18e-18	1.09e-10	3.44e-02	9.37e-01	2.89e-02	0.00e+00	0.00e+00	0.00e+00	0.00e+00	0.00e+00	6.40e-121
 1.56258e+12	0.00e+00	5.23e-27	1.56e-18	1.31e-10	3.80e-02	9.36e-01	2.63e-02	0.00e+00	0.00e+00	0.00e+00	0.00e+00	0.00e+00	0.00e+00
 1.65173e+12	2.37e-36	7.51e-27	2.06e-18	1.58e-10	4.18e-02	9.34e-01	2.40e-02	0.00e+00	0.00e+00	0.00e+00	0.00e+00	0.00e+00	6.82e-120
 1.73925e+12	0.00e+00	1.06e-26	2.68e-18	1.89e-10	4.58e-02	9.32e-01	2.20e-02	0.00e+00	0.00e+00	0.00e+00	0.00e+00	0.00e+00	0.00e+00
 1.83354e+12	5.65e-36	1.51e-26	3.52e-18	2.27e-10	5.03e-02	9.30e-01	2.01e-02	0.00e+00	0.00e+00	0.00e+00	0.00e+00	0.00e+00	6.65e-119
 1.93681e+12	0.00e+00	2.20e-26	4.70e-18	2.75e-10	5.55e-02	9.26e-01	1.82e-02	0.00e+00	0.00e+00	0.00e+00	0.00e+00	0.00e+00	0.00e+00
 2.04421e+12	1.44e-35	3.20e-26	6.27e-18	3.34e-10	6.12e-02	9.22e-01	1.65e-02	0.00e+00	0.00e+00	0.00e+00	0.00e+00	0.00e+00	7.69e-118
 2.15591e+12	0.00e+00	4.67e-26	8.38e-18	4.06e-10	6.75e-02	9.18e-01	1.49e-02	0.00e+00	0.00e+00	0.00e+00	0.00e+00	0.00e+00	0.00e+00
 2.27207e+12	3.66e-35	6.79e-26	1.12e-17	4.93e-10	7.44e-02	9.12e-01	1.34e-02	0.00e+00	0.00e+00	0.00e+00	0.00e+00	0.00e+00	8.85e-117
 2.37710e+12	0.00e+00	9.43e-26	1.44e-17	5.84e-10	8.09e-02	9.07e-01	1.23e-02	0.00e+00	0.00e+00	0.00e+00	0.00e+00	0.00e+00	8.19e-100
 2.46455e+12	7.61e-35	1.23e-25	1.77e-17	6.70e-10	8.66e-02	9.02e-01	1.14e-02	0.00e+00	0.00e+00	0.00e+00	0.00e+00	0.00e+00	0.00e+00
 2.56033e+12	1.08e-34	1.62e-25	2.19e-17	7.74e-10	9.29e-02	8.97e-01	1.05e-02	0.00e+00	0.00e+00	0.00e+00	0.00e+00	0.00e+00	1.50e-115
 2.68172e+12	1.65e-34	2.29e-25	2.86e-17	9.25e-10	1.01e-01	8.89e-01	9.54e-03	0.00e+00	0.00e+00	0.00e+00	0.00e+00	0.00e+00	2.27e-97
 2.80841e+12	2.52e-34	3.23e-25	3.74e-17	1.11e-09	1.11e-01	8.81e-01	8.63e-03	0.00e+00	0.00e+00	0.00e+00	0.00e+00	0.00e+00	0.00e+00
 2.91586e+12	3.57e-34	4.28e-25	4.65e-17	1.28e-09	1.19e-01	8.73e-01	7.94e-03	0.00e+00	0.00e+00	0.00e+00	0.00e+00	0.00e+00	3.47e-114
 3.02629e+12	5.05e-34	5.65e-25	5.77e-17	1.48e-09	1.27e-01	8.66e-01	7.30e-03	0.00e+00	0.00e+00	0.00e+00	0.00e+00	0.00e+00	2.63e-96
 3.16545e+12	7.67e-34	7.93e-25	7.51e-17	1.76e-09	1.38e-01	8.55e-01	6.58e-03	0.00e+00	0.00e+00	0.00e+00	0.00e+00	0.00e+00	0.00e+00
 3.30687e+12	1.15e-33	1.10e-24	9.71e-17	2.09e-09	1.50e-01	8.44e-01	5.94e-03	0.00e+00	0.00e+00	0.00e+00	0.00e+00	0.00e+00	7.56e-113
 3.42803e+12	1.61e-33	1.45e-24	1.20e-16	2.41e-09	1.60e-01	8.35e-01	5.45e-03	0.00e+00	0.00e+00	0.00e+00	0.00e+00	0.00e+00	3.31e-95
 3.55793e+12	2.28e-33	1.91e-24	1.49e-16	2.79e-09	1.71e-01	8.24e-01	4.98e-03	0.00e+00	0.00e+00	0.00e+00	0.00e+00	0.00e+00	4.57e-112
 3.71895e+12	3.44e-33	2.67e-24	1.94e-16	3.31e-09	1.85e-01	8.10e-01	4.46e-03	0.00e+00	0.00e+00	0.00e+00	0.00e+00	0.00e+00	1.73e-94
 3.88414e+12	5.15e-33	3.70e-24	2.50e-16	3.93e-09	2.00e-01	7.96e-01	4.00e-03	0.00e+00	0.00e+00	0.00e+00	0.00e+00	0.00e+00	3.98e-111
 4.03262e+12	7.28e-33	4.91e-24	3.11e-16	4.54e-09	2.14e-01	7.83e-01	3.63e-03	0.00e+00	0.00e+00	0.00e+00	0.00e+00	0.00e+00	8.88e-94
 4.19565e+12	1.05e-32	6.59e-24	3.92e-16	5.29e-09	2.29e-01	7.68e-01	3.28e-03	0.00e+00	0.00e+00	0.00e+00	0.00e+00	0.00e+00	2.66e-110
 4.38852e+12	1.58e-32	9.20e-24	5.08e-16	6.29e-09	2.47e-01	7.50e-01	2.91e-03	0.00e+00	0.00e+00	0.00e+00	0.00e+00	0.00e+00	4.85e-93
 4.58185e+12	2.34e-32	1.26e-23	6.52e-16	7.42e-09	2.65e-01	7.33e-01	2.59e-03	0.00e+00	0.00e+00	0.00e+00	0.00e+00	0.00e+00	2.31e-109
 4.76502e+12	3.33e-32	1.68e-23	8.16e-16	8.60e-09	2.82e-01	7.16e-01	2.33e-03	0.00e+00	0.00e+00	0.00e+00	0.00e+00	0.00e+00	2.50e-92
 4.96765e+12	4.84e-32	2.28e-23	1.03e-15	1.00e-08	3.01e-01	6.97e-01	2.07e-03	0.00e+00	0.00e+00	0.00e+00	0.00e+00	0.00e+00	1.68e-108
 5.19628e+12	7.23e-32	3.16e-23	1.33e-15	1.19e-08	3.22e-01	6.76e-01	1.82e-03	0.00e+00	0.00e+00	0.00e+00	0.00e+00	0.00e+00	1.39e-91
 5.42439e+12	1.06e-31	4.29e-23	1.69e-15	1.39e-08	3.43e-01	6.55e-01	1.61e-03	0.00e+00	0.00e+00	0.00e+00	0.00e+00	0.00e+00	1.43e-107
 5.62580e+12	1.46e-31	5.56e-23	2.07e-15	1.58e-08	3.62e-01	6.37e-01	1.45e-03	0.00e+00	0.00e+00	0.00e+00	0.00e+00	0.00e+00	6.62e-91
 5.79465e+12	1.88e-31	6.85e-23	2.44e-15	1.76e-08	3.77e-01	6.22e-01	1.33e-03	0.00e+00	0.00e+00	0.00e+00	0.00e+00	0.00e+00	7.14e-107
 5.97628e+12	2.46e-31	8.51e-23	2.89e-15	1.96e-08	3.93e-01	6.06e-01	1.21e-03	0.00e+00	0.00e+00	0.00e+00	0.00e+00	0.00e+00	2.16e-90
 6.21241e+12	3.44e-31	1.11e-22	3.56e-15	2.25e-08	4.14e-01	5.85e-01	1.07e-03	0.00e+00	0.00e+00	0.00e+00	0.00e+00	0.00e+00	3.86e-106
 6.45945e+12	4.80e-31	1.46e-22	4.39e-15	2.57e-08	4.35e-01	5.65e-01	9.52e-04	0.00e+00	0.00e+00	0.00e+00	0.00e+00	0.00e+00	9.76e-90
 6.67019e+12	6.30e-31	1.82e-22	5.21e-15	2.87e-08	4.52e-01	5.47e-01	8.61e-04	0.00e+00	0.00e+00	0.00e+00	0.00e+00	0.00e+00	2.15e-105
 6.89363e+12	8.31e-31	2.28e-22	6.20e-15	3.20e-08	4.70e-01	5.29e-01	7.76e-04	0.00e+00	0.00e+00	0.00e+00	0.00e+00	0.00e+00	3.43e-89
 7.17529e+12	1.16e-30	2.98e-22	7.65e-15	3.66e-08	4.92e-01	5.07e-01	6.82e-04	0.00e+00	0.00e+00	0.00e+00	0.00e+00	0.00e+00	1.25e-104
 7.46544e+12	1.62e-30	3.89e-22	9.39e-15	4.17e-08	5.14e-01	4.86e-01	5.99e-04	0.00e+00	0.00e+00	0.00e+00	0.00e+00	0.00e+00	1.58e-88
 7.72023e+12	2.13e-30	4.86e-22	1.12e-14	4.65e-08	5.32e-01	4.67e-01	5.36e-04	0.00e+00	0.00e+00	0.00e+00	0.00e+00	0.00e+00	7.22e-104
 7.99621e+12	2.84e-30	6.13e-22	1.33e-14	5.19e-08	5.51e-01	4.48e-01	4.77e-04	0.00e+00	0.00e+00	0.00e+00	0.00e+00	0.00e+00	5.90e-88
 8.30183e+12	3.85e-30	7.83e-22	1.61e-14	5.85e-08	5.71e-01	4.28e-01	4.20e-04	0.00e+00	0.00e+00	0.00e+00	0.00e+00	0.00e+00	4.11e-103
 8.58485e+12	5.05e-30	9.74e-22	1.90e-14	6.49e-08	5.89e-01	4.10e-01	3.74e-04	0.00e+00	0.00e+00	0.00e+00	0.00e+00	0.00e+00	2.28e-87
 8.89163e+12	6.70e-30	1.22e-21	2.26e-14	7.22e-08	6.08e-01	3.92e-01	3.31e-04	0.00e+00	0.00e+00	0.00e+00	0.00e+00	0.00e+00	2.12e-102
 9.23294e+12	9.04e-30	1.55e-21	2.72e-14	8.09e-08	6.27e-01	3.73e-01	2.90e-04	0.00e+00	0.00e+00	0.00e+00	0.00e+00	0.00e+00	9.08e-87
 9.55154e+12	1.18e-29	1.93e-21	3.21e-14	8.95e-08	6.44e-01	3.55e-01	2.57e-04	0.00e+00	0.00e+00	0.00e+00	0.00e+00	0.00e+00	1.17e-101
 9.89810e+12	1.57e-29	2.41e-21	3.81e-14	9.94e-08	6.62e-01	3.38e-01	2.27e-04	0.00e+00	0.00e+00	0.00e+00	0.00e+00	0.00e+00	3.40e-86
 1.02835e+13	2.11e-29	3.06e-21	4.57e-14	1.11e-07	6.80e-01	3.20e-01	1.97e-04	0.00e+00	0.00e+00	0.00e+00	0.00e+00	0.00e+00	6.80e-101
 1.06438e+13	2.76e-29	3.80e-21	5.38e-14	1.22e-07	6.96e-01	3.04e-01	1.74e-04	0.00e+00	0.00e+00	0.00e+00	0.00e+00	0.00e+00	1.34e-85
 1.10364e+13	3.66e-29	4.75e-21	6.37e-14	1.35e-07	7.13e-01	2.87e-01	1.52e-04	0.00e+00	0.00e+00	0.00e+00	0.00e+00	0.00e+00	3.67e-100
 1.14749e+13	4.94e-29	6.03e-21	7.63e-14	1.51e-07	7.30e-01	2.70e-01	1.32e-04	0.00e+00	0.00e+00	0.00e+00	0.00e+00	0.00e+00	5.57e-85
 1.18877e+13	6.48e-29	7.48e-21	8.98e-14	1.66e-07	7.44e-01	2.55e-01	1.15e-04	0.00e+00	0.00e+00	0.00e+00	0.00e+00	0.00e+00	2.15e-99
 1.23390e+13	8.61e-29	9.38e-21	1.06e-13	1.84e-07	7.59e-01	2.41e-01	1.00e-04	0.00e+00	0.00e+00	0.00e+00	0.00e+00	0.00e+00	2.21e-84
 1.28445e+13	1.17e-28	1.20e-20	1.28e-13	2.05e-07	7.75e-01	2.25e-01	8.62e-05	0.00e+00	0.00e+00	0.00e+00	0.00e+00	0.00e+00	1.36e-98
 1.33234e+13	1.54e-28	1.49e-20	1.50e-13	2.25e-07	7.88e-01	2.12e-01	7.49e-05	0.00e+00	0.00e+00	0.00e+00	0.00e+00	0.00e+00	9.50e-84
 1.38379e+13	2.05e-28	1.87e-20	1.78e-13	2.48e-07	8.02e-01	1.98e-01	6.49e-05	0.00e+00	0.00e+00	0.00e+00	0.00e+00	0.00e+00	8.10e-98
 1.44214e+13	2.80e-28	2.39e-20	2.13e-13	2.76e-07	8.15e-01	1.85e-01	5.53e-05	0.00e+00	0.00e+00	0.00e+00	0.00e+00	0.00e+00	4.31e-83
 1.49970e+13	3.76e-28	3.01e-20	2.53e-13	3.05e-07	8.27e-01	1.72e-01	4.75e-05	0.00e+00	0.00e+00	0.00e+00	0.00e+00	0.00e+00	5.55e-97
 1.55956e+13	5.04e-28	3.79e-20	3.00e-13	3.36e-07	8.39e-01	1.61e-01	4.08e-05	0.00e+00	0.00e+00	0.00e+00	0.00e+00	0.00e+00	1.94e-82
 1.62494e+13	6.85e-28	4.83e-20	3.58e-13	3.71e-07	8.50e-01	1.49e-01	3.48e-05	0.00e+00	0.00e+00	0.00e+00	0.00e+00	0.00e+00	3.82e-96
 1.69293e+13	9.33e-28	6.15e-20	4.27e-13	4.09e-07	8.61e-01	1.39e-01	2.97e-05	0.00e+00	0.00e+00	0.00e+00	0.00e+00	0.00e+00	9.61e-82
 1.75938e+13	1.24e-27	7.69e-20	5.03e-13	4.49e-07	8.71e-01	1.29e-01	2.55e-05	0.00e+00	0.00e+00	0.00e+00	0.00e+00	0.00e+00	2.60e-95
 1.81993e+13	1.60e-27	9.37e-20	5.80e-13	4.87e-07	8.78e-01	1.22e-01	2.23e-05	0.00e+00	0.00e+00	0.00e+00	0.00e+00	0.00e+00	3.91e-81
 1.87386e+13	1.99e-27	1.11e-19	6.56e-13	5.21e-07	8.85e-01	1.15e-01	1.99e-05	0.00e+00	0.00e+00	0.00e+00	0.00e+00	0.00e+00	1.20e-94
 1.93175e+13	2.50e-27	1.33e-19	7.45e-13	5.59e-07	8.91e-01	1.09e-01	1.76e-05	0.00e+00	0.00e+00	0.00e+00	0.00e+00	0.00e+00	1.27e-80
 2.00526e+13	3.32e-27	1.65e-19	8.71e-13	6.09e-07	8.98e-01	1.02e-01	1.52e-05	0.00e+00	0.00e+00	0.00e+00	0.00e+00	0.00e+00	6.28e-94
 2.07999e+13	4.35e-27	2.04e-19	1.01e-12	6.63e-07	9.05e-01	9.49e-02	1.32e-05	0.00e+00	0.00e+00	0.00e+00	0.00e+00	0.00e+00	5.48e-80
 2.14309e+13	5.45e-27	2.43e-19	1.15e-12	7.09e-07	9.10e-01	8.97e-02	1.17e-05	0.00e+00	0.00e+00	0.00e+00	0.00e+00	0.00e+00	3.17e-93
 2.21013e+13	6.88e-27	2.91e-19	1.30e-12	7.60e-07	9.15e-01	8.47e-02	1.04e-05	0.00e+00	0.00e+00	0.00e+00	0.00e+00	0.00e+00	1.86e-79
 2.29449e+13	9.15e-27	3.62e-19	1.52e-12	8.25e-07	9.21e-01	7.89e-02	8.97e-06	0.00e+00	0.00e+00	0.00e+00	0.00e+00	0.00e+00	1.71e-92
 2.38054e+13	1.20e-26	4.48e-19	1.77e-12	8.96e-07	9.26e-01	7.36e-02	7.74e-06	0.00e+00	0.00e+00	0.00e+00	0.00e+00	0.00e+00	8.30e-79
 2.45414e+13	1.52e-26	5.35e-19	2.00e-12	9.58e-07	9.31e-01	6.94e-02	6.87e-06	0.00e+00	0.00e+00	0.00e+00	0.00e+00	0.00e+00	8.94e-92
 2.53237e+13	1.93e-26	6.43e-19	2.28e-12	1.02e-06	9.35e-01	6.54e-02	6.07e-06	0.00e+00	0.00e+00	0.00e+00	0.00e+00	0.00e+00	2.94e-78
 2.62961e+13	2.57e-26	8.02e-19	2.65e-12	1.11e-06	9.39e-01	6.09e-02	5.25e-06	0.00e+00	0.00e+00	0.00e+00	0.00e+00	0.00e+00	5.00e-91
 2.72919e+13	3.40e-26	9.94e-19	3.09e-12	1.21e-06	9.43e-01	5.67e-02	4.52e-06	0.00e+00	0.00e+00	0.00e+00	0.00e+00	0.00e+00	1.36e-77
 2.81663e+13	4.34e-26	1.20e-18	3.51e-12	1.29e-06	9.47e-01	5.34e-02	4.00e-06	0.00e+00	0.00e+00	0.00e+00	0.00e+00	0.00e+00	2.75e-90
 2.91068e+13	5.59e-26	1.45e-18	4.00e-12	1.38e-06	9.50e-01	5.02e-02	3.52e-06	0.00e+00	0.00e+00	0.00e+00	0.00e+00	0.00e+00	5.23e-77
 3.02461e+13	7.52e-26	1.82e-18	4.67e-12	1.49e-06	9.53e-01	4.67e-02	3.03e-06	0.00e+00	0.00e+00	0.00e+00	0.00e+00	0.00e+00	1.65e-89
 3.14013e+13	9.99e-26	2.26e-18	5.43e-12	1.62e-06	9.57e-01	4.34e-02	2.61e-06	0.00e+00	0.00e+00	0.00e+00	0.00e+00	0.00e+00	2.54e-76
 3.24507e+13	1.29e-25	2.74e-18	6.20e-12	1.73e-06	9.59e-01	4.08e-02	2.30e-06	0.00e+00	0.00e+00	0.00e+00	0.00e+00	0.00e+00	5.11e-76
 3.36049e+13	1.70e-25	3.37e-18	7.12e-12	1.86e-06	9.62e-01	3.82e-02	2.01e-06	0.00e+00	0.00e+00	0.00e+00	0.00e+00	0.00e+00	1.08e-75
 3.49573e+13	2.31e-25	4.26e-18	8.34e-12	2.02e-06	9.65e-01	3.54e-02	1.72e-06	0.00e+00	0.00e+00	0.00e+00	0.00e+00	0.00e+00	2.50e-75
 3.63065e+13	3.09e-25	5.31e-18	9.71e-12	2.18e-06	9.67e-01	3.29e-02	1.48e-06	0.00e+00	0.00e+00	0.00e+00	0.00e+00	0.00e+00	5.52e-75
 3.75869e+13	4.05e-25	6.52e-18	1.11e-11	2.34e-06	9.69e-01	3.08e-02	1.30e-06	0.00e+00	0.00e+00	0.00e+00	0.00e+00	0.00e+00	1.16e-74
 3.89974e+13	5.42e-25	8.12e-18	1.29e-11	2.52e-06	9.71e-01	2.87e-02	1.13e-06	0.00e+00	0.00e+00	0.00e+00	0.00e+00	0.00e+00	2.59e-74
 4.05873e+13	7.38e-25	1.03e-17	1.51e-11	2.73e-06	9.73e-01	2.66e-02	9.63e-07	0.00e+00	0.00e+00	0.00e+00	0.00e+00	0.00e+00	6.02e-74
 4.21886e+13	1.00e-24	1.29e-17	1.76e-11	2.95e-06	9.75e-01	2.47e-02	0.00e+00	0.00e+00	0.00e+00	0.00e+00	0.00e+00	0.00e+00	1.40e-73
 4.38540e+13	1.36e-24	1.63e-17	2.05e-11	3.19e-06	9.77e-01	2.29e-02	0.00e+00	0.00e+00	0.00e+00	0.00e+00	0.00e+00	0.00e+00	3.25e-73
 4.56381e+13	1.86e-24	2.06e-17	2.41e-11	3.45e-06	9.79e-01	2.13e-02	0.00e+00	0.00e+00	0.00e+00	0.00e+00	0.00e+00	0.00e+00	7.68e-73
 4.74935e+13	2.54e-24	2.60e-17	2.82e-11	3.74e-06	9.80e-01	1.97e-02	0.00e+00	0.00e+00	0.00e+00	0.00e+00	0.00e+00	0.00e+00	1.80e-72
 4.92953e+13	3.41e-24	3.24e-17	3.27e-11	4.03e-06	9.82e-01	1.83e-02	0.00e+00	0.00e+00	0.00e+00	0.00e+00	0.00e+00	0.00e+00	4.04e-72
 5.09987e+13	4.46e-24	3.97e-17	3.74e-11	4.31e-06	9.83e-01	1.72e-02	0.00e+00	0.00e+00	0.00e+00	0.00e+00	0.00e+00	0.00e+00	8.51e-72
 5.26101e+13	5.69e-24	4.77e-17	4.23e-11	4.58e-06	9.84e-01	1.62e-02	0.00e+00	0.00e+00	0.00e+00	0.00e+00	1.54e-17	3.23e-17	1.67e-71
 5.43674e+13	7.36e-24	5.79e-17	4.81e-11	4.89e-06	9.85e-01	1.52e-02	0.00e+00	0.00e+00	0.00e+00	0.00e+00	1.92e-17	3.87e-17	3.37e-71
 5.63193e+13	9.75e-24	7.15e-17	5.53e-11	5.25e-06	9.86e-01	1.42e-02	0.00e+00	0.00e+00	0.00e+00	0.00e+00	2.37e-17	4.77e-17	7.32e-71
 5.81607e+13	1.25e-23	8.61e-17	6.29e-11	5.60e-06	9.87e-01	1.33e-02	0.00e+00	0.00e+00	0.00e+00	0.00e+00	2.86e-17	5.75e-17	1.44e-70
 6.01909e+13	1.64e-23	1.06e-16	7.20e-11	5.99e-06	9.88e-01	1.25e-02	0.00e+00	0.00e+00	0.00e+00	0.00e+00	3.50e-17	7.05e-17	3.05e-70
 6.24770e+13	2.20e-23	1.32e-16	8.35e-11	6.45e-06	9.88e-01	1.16e-02	0.00e+00	0.00e+00	0.00e+00	0.00e+00	4.38e-17	8.81e-17	6.90e-70
 6.46659e+13	2.88e-23	1.62e-16	9.57e-11	6.90e-06	9.89e-01	1.08e-02	0.00e+00	0.00e+00	0.00e+00	0.00e+00	5.36e-17	1.08e-16	1.45e-69
 6.70454e+13	3.81e-23	1.99e-16	1.10e-10	7.42e-06	9.90e-01	1.01e-02	0.00e+00	0.00e+00	0.00e+00	0.00e+00	6.61e-17	1.33e-16	3.10e-69
 6.96910e+13	5.16e-23	2.50e-16	1.29e-10	8.01e-06	9.91e-01	9.36e-03	0.00e+00	0.00e+00	0.00e+00	0.00e+00	8.31e-17	1.67e-16	7.17e-69
 7.22614e+13	6.86e-23	3.11e-16	1.49e-10	8.61e-06	9.91e-01	8.72e-03	0.00e+00	0.00e+00	0.00e+00	0.00e+00	1.03e-16	2.08e-16	1.57e-68
 7.50008e+13	9.12e-23	3.85e-16	1.72e-10	9.28e-06	9.92e-01	8.10e-03	0.00e+00	0.00e+00	0.00e+00	0.00e+00	1.28e-16	2.57e-16	3.44e-68
 7.77813e+13	1.22e-22	4.79e-16	1.99e-10	9.98e-06	9.92e-01	7.54e-03	0.00e+00	0.00e+00	0.00e+00	0.00e+00	1.59e-16	3.20e-16	7.61e-68
 8.02393e+13	1.54e-22	5.72e-16	2.26e-10	1.06e-05	9.93e-01	7.08e-03	0.00e+00	0.00e+00	0.00e+00	0.00e+00	1.90e-16	3.82e-16	1.44e-67
 8.29133e+13	1.99e-22	6.96e-16	2.57e-10	1.13e-05	9.93e-01	6.65e-03	0.00e+00	0.00e+00	0.00e+00	0.00e+00	2.31e-16	4.65e-16	2.97e-67
 8.61282e+13	2.66e-22	8.65e-16	2.99e-10	1.23e-05	9.94e-01	6.16e-03	0.00e+00	0.00e+00	0.00e+00	0.00e+00	2.87e-16	5.78e-16	6.52e-67
 8.93107e+13	3.53e-22	1.07e-15	3.45e-10	1.32e-05	9.94e-01	5.73e-03	0.00e+00	0.00e+00	0.00e+00	0.00e+00	3.56e-16	7.18e-16	1.43e-66
 9.21563e+13	4.47e-22	1.28e-15	3.92e-10	1.40e-05	9.95e-01	5.38e-03	0.00e+00	0.00e+00	0.00e+00	0.00e+00	4.26e-16	8.58e-16	2.73e-66
 9.52994e+13	5.78e-22	1.56e-15	4.48e-10	1.50e-05	9.95e-01	5.03e-03	0.00e+00	0.00e+00	0.00e+00	0.00e+00	5.18e-16	1.04e-15	5.51e-66
 9.90325e+13	7.75e-22	1.95e-15	5.22e-10	1.62e-05	9.95e-01	4.66e-03	0.00e+00	0.00e+00	0.00e+00	0.00e+00	6.47e-16	1.30e-15	1.24e-65
 1.02723e+14	1.03e-21	2.43e-15	6.04e-10	1.75e-05	9.96e-01	4.33e-03	0.00e+00	0.00e+00	0.00e+00	0.00e+00	8.05e-16	1.62e-15	2.74e-65
 1.06100e+14	1.31e-21	2.91e-15	6.88e-10	1.87e-05	9.96e-01	4.06e-03	0.00e+00	0.00e+00	0.00e+00	0.00e+00	9.65e-16	1.95e-15	5.25e-65
 1.09882e+14	1.72e-21	3.58e-15	7.91e-10	2.00e-05	9.96e-01	3.78e-03	0.00e+00	0.00e+00	0.00e+00	0.00e+00	1.19e-15	2.40e-15	1.12e-64
 1.14275e+14	2.30e-21	4.47e-15	9.27e-10	2.17e-05	9.96e-01	3.49e-03	0.00e+00	0.00e+00	0.00e+00	0.00e+00	1.48e-15	2.99e-15	2.47e-64
 1.18574e+14	3.04e-21	5.53e-15	1.07e-09	2.34e-05	9.97e-01	3.24e-03	0.00e+00	0.00e+00	0.00e+00	0.00e+00	1.83e-15	3.70e-15	5.33e-64
 1.22629e+14	3.92e-21	6.72e-15	1.23e-09	2.51e-05	9.97e-01	3.03e-03	0.00e+00	0.00e+00	0.00e+00	0.00e+00	2.23e-15	4.49e-15	1.07e-63
 1.27148e+14	5.19e-21	8.32e-15	1.42e-09	2.70e-05	9.97e-01	2.82e-03	0.00e+00	0.00e+00	0.00e+00	0.00e+00	2.76e-15	5.56e-15	2.34e-63
 1.32264e+14	6.92e-21	1.04e-14	1.66e-09	2.92e-05	9.97e-01	2.60e-03	0.00e+00	0.00e+00	0.00e+00	0.00e+00	3.44e-15	6.93e-15	5.12e-63
 1.37375e+14	9.21e-21	1.29e-14	1.94e-09	3.16e-05	9.98e-01	2.41e-03	0.00e+00	0.00e+00	0.00e+00	0.00e+00	4.27e-15	8.62e-15	1.13e-62
 1.42167e+14	1.20e-20	1.58e-14	2.22e-09	3.38e-05	9.98e-01	2.25e-03	0.00e+00	0.00e+00	0.00e+00	0.00e+00	5.22e-15	1.05e-14	2.33e-62
 1.47360e+14	1.56e-20	1.94e-14	2.56e-09	3.64e-05	9.98e-01	2.09e-03	0.00e+00	0.00e+00	0.00e+00	0.00e+00	6.41e-15	1.29e-14	4.88e-62
 1.53161e+14	2.06e-20	2.40e-14	2.99e-09	3.94e-05	9.98e-01	1.93e-03	0.00e+00	0.00e+00	0.00e+00	0.00e+00	7.93e-15	1.60e-14	1.05e-61
 1.58578e+14	2.70e-20	2.94e-14	3.44e-09	4.22e-05	9.98e-01	1.80e-03	0.00e+00	0.00e+00	0.00e+00	0.00e+00	9.75e-15	1.97e-14	2.21e-61
 1.63608e+14	3.37e-20	3.49e-14	3.89e-09	4.50e-05	9.98e-01	1.69e-03	0.00e+00	0.00e+00	0.00e+00	0.00e+00	1.16e-14	2.33e-14	4.07e-61
 1.68443e+14	4.21e-20	4.14e-14	4.37e-09	4.77e-05	9.98e-01	1.60e-03	0.00e+00	0.00e+00	0.00e+00	0.00e+00	1.37e-14	2.77e-14	7.55e-61
 1.73797e+14	5.27e-20	4.92e-14	4.96e-09	5.09e-05	9.98e-01	1.50e-03	0.00e+00	0.00e+00	0.00e+00	0.00e+00	1.63e-14	3.29e-14	1.40e-60
 1.79714e+14	6.78e-20	5.98e-14	5.67e-09	5.44e-05	9.99e-01	1.40e-03	0.00e+00	0.00e+00	0.00e+00	0.00e+00	1.98e-14	4.00e-14	2.84e-60
 1.85231e+14	8.41e-20	7.05e-14	6.40e-09	5.79e-05	9.99e-01	1.32e-03	0.00e+00	0.00e+00	0.00e+00	0.00e+00	2.33e-14	4.72e-14	5.13e-60
 1.91269e+14	1.07e-19	8.50e-14	7.27e-09	6.17e-05	9.99e-01	1.23e-03	0.00e+00	0.00e+00	0.00e+00	0.00e+00	2.81e-14	5.69e-14	1.01e-59
 1.98054e+14	1.37e-19	1.03e-13	8.36e-09	6.63e-05	9.99e-01	1.15e-03	0.00e+00	0.00e+00	0.00e+00	0.00e+00	3.40e-14	6.88e-14	2.00e-59
 2.04511e+14	1.74e-19	1.24e-13	9.50e-09	7.07e-05	9.99e-01	1.08e-03	0.00e+00	0.00e+00	0.00e+00	0.00e+00	4.10e-14	8.29e-14	3.92e-59
 2.11605e+14	2.22e-19	1.49e-13	1.09e-08	7.58e-05	9.99e-01	1.00e-03	0.00e+00	0.00e+00	0.00e+00	0.00e+00	4.93e-14	9.98e-14	7.63e-59
 2.19436e+14	2.91e-19	1.84e-13	1.26e-08	8.16e-05	9.99e-01	9.33e-04	0.00e+00	0.00e+00	0.00e+00	0.00e+00	6.08e-14	1.23e-13	1.63e-58
 2.26667e+14	3.65e-19	2.19e-13	1.43e-08	8.72e-05	9.99e-01	8.73e-04	0.00e+00	0.00e+00	0.00e+00	0.00e+00	7.24e-14	1.47e-13	3.05e-58
 2.34510e+14	4.70e-19	2.67e-13	1.64e-08	9.34e-05	9.99e-01	8.15e-04	0.00e+00	0.00e+00	0.00e+00	0.00e+00	8.81e-14	1.79e-13	6.19e-58
 2.43263e+14	6.07e-19	3.25e-13	1.90e-08	1.01e-04	9.99e-01	7.56e-04	0.00e+00	0.00e+00	0.00e+00	0.00e+00	1.07e-13	2.18e-13	1.26e-57
 2.51468e+14	7.74e-19	3.93e-13	2.17e-08	1.08e-04	9.99e-01	7.07e-04	0.00e+00	0.00e+00	0.00e+00	0.00e+00	1.30e-13	2.63e-13	2.50e-57
 2.60403e+14	9.86e-19	4.74e-13	2.50e-08	1.16e-04	9.99e-01	6.58e-04	0.00e+00	0.00e+00	0.00e+00	0.00e+00	1.56e-13	3.18e-13	4.88e-57
 2.70329e+14	1.29e-18	5.87e-13	2.90e-08	1.25e-04	9.99e-01	6.10e-04	0.00e+00	0.00e+00	0.00e+00	0.00e+00	1.94e-13	3.93e-13	1.05e-56
 2.79624e+14	1.63e-18	7.02e-13	3.32e-08	1.34e-04	9.99e-01	5.68e-04	0.00e+00	0.00e+00	0.00e+00	0.00e+00	2.32e-13	4.70e-13	1.99e-56
 2.89739e+14	2.10e-18	8.55e-13	3.83e-08	1.44e-04	9.99e-01	5.28e-04	0.00e+00	0.00e+00	0.00e+00	0.00e+00	2.82e-13	5.73e-13	4.06e-56
 3.01019e+14	2.75e-18	1.05e-12	4.47e-08	1.56e-04	9.99e-01	4.88e-04	0.00e+00	0.00e+00	0.00e+00	0.00e+00	3.48e-13	7.07e-13	8.60e-56
 3.11687e+14	3.51e-18	1.28e-12	5.14e-08	1.67e-04	9.99e-01	4.54e-04	0.00e+00	0.00e+00	0.00e+00	0.00e+00	4.22e-13	8.59e-13	1.73e-55
 3.23123e+14	4.48e-18	1.55e-12	5.94e-08	1.81e-04	9.99e-01	4.21e-04	0.00e+00	0.00e+00	0.00e+00	0.00e+00	5.11e-13	1.04e-12	3.41e-55
 3.35817e+14	5.87e-18	1.92e-12	6.93e-08	1.96e-04	9.99e-01	3.89e-04	0.00e+00	0.00e+00	0.00e+00	0.00e+00	6.33e-13	1.29e-12	7.38e-55
 3.48196e+14	7.46e-18	2.32e-12	8.02e-08	2.11e-04	9.99e-01	3.60e-04	0.00e+00	0.00e+00	0.00e+00	0.00e+00	7.64e-13	1.56e-12	1.44e-54
 3.61330e+14	9.67e-18	2.85e-12	9.31e-08	2.28e-04	9.99e-01	3.33e-04	0.00e+00	0.00e+00	0.00e+00	0.00e+00	9.39e-13	1.91e-12	3.03e-54
 3.75813e+14	1.25e-17	3.50e-12	1.09e-07	2.48e-04	9.99e-01	3.06e-04	0.00e+00	0.00e+00	0.00e+00	0.00e+00	1.15e-12	2.35e-12	6.27e-54
 3.90042e+14	1.62e-17	4.30e-12	1.27e-07	2.68e-04	9.99e-01	2.83e-04	0.00e+00	0.00e+00	0.00e+00	0.00e+00	1.41e-12	2.89e-12	1.31e-53
 4.01783e+14	1.96e-17	5.00e-12	1.43e-07	2.86e-04	9.99e-01	2.66e-04	0.00e+00	0.00e+00	0.00e+00	0.00e+00	1.64e-12	3.36e-12	2.24e-53
 4.11192e+14	2.29e-17	5.66e-12	1.57e-07	3.00e-04	9.99e-01	2.53e-04	0.00e+00	0.00e+00	0.00e+00	0.00e+00	1.86e-12	3.80e-12	3.49e-53
 4.21568e+14	2.71e-17	6.49e-12	1.73e-07	3.16e-04	9.99e-01	2.40e-04	0.00e+00	0.00e+00	0.00e+00	0.00e+00	2.13e-12	4.36e-12	5.68e-53
 4.35058e+14	3.33e-17	7.64e-12	1.97e-07	3.39e-04	9.99e-01	2.24e-04	0.00e+00	0.00e+00	0.00e+00	0.00e+00	2.51e-12	5.13e-12	1.02e-52
 4.49539e+14	4.11e-17	9.08e-12	2.25e-07	3.63e-04	9.99e-01	2.09e-04	0.00e+00	0.00e+00	0.00e+00	0.00e+00	2.98e-12	6.10e-12	1.88e-52
 4.62423e+14	4.96e-17	1.06e-11	2.52e-07	3.86e-04	9.99e-01	1.96e-04	0.00e+00	4.14e-18	1.24e-17	2.08e-17	3.47e-12	7.10e-12	3.26e-52
 4.76286e+14	6.00e-17	1.23e-11	2.84e-07	4.12e-04	9.99e-01	1.84e-04	0.00e+00	5.01e-18	1.51e-17	2.52e-17	4.04e-12	8.27e-12	5.62e-52
 4.93819e+14	7.62e-17	1.49e-11	3.29e-07	4.46e-04	9.99e-01	1.70e-04	0.00e+00	6.38e-18	1.91e-17	3.20e-17	4.90e-12	1.00e-11	1.13e-51
 5.11605e+14	9.55e-17	1.80e-11	3.79e-07	4.82e-04	9.99e-01	1.57e-04	0.00e+00	8.00e-18	2.40e-17	4.01e-17	5.89e-12	1.21e-11	2.19e-51
 5.26735e+14	1.15e-16	2.09e-11	4.27e-07	5.14e-04	9.99e-01	1.48e-04	0.00e+00	9.62e-18	2.89e-17	4.83e-17	6.85e-12	1.40e-11	3.76e-51
 5.42927e+14	1.39e-16	2.45e-11	4.82e-07	5.49e-04	9.99e-01	1.38e-04	0.00e+00	1.17e-17	3.50e-17	5.85e-17	8.03e-12	1.64e-11	6.68e-51
 5.63136e+14	1.76e-16	2.96e-11	5.60e-07	5.96e-04	9.99e-01	1.27e-04	0.00e+00	1.48e-17	4.43e-17	7.40e-17	9.70e-12	1.99e-11	1.33e-50
 5.83884e+14	2.22e-16	3.58e-11	6.48e-07	6.46e-04	9.99e-01	1.18e-04	0.00e+00	1.87e-17	5.60e-17	9.36e-17	1.17e-11	2.40e-11	2.67e-50
 6.02175e+14	2.70e-16	4.20e-11	7.34e-07	6.92e-04	9.99e-01	1.10e-04	0.00e+00	2.27e-17	6.82e-17	1.14e-16	1.38e-11	2.82e-11	4.81e-50
 6.21954e+14	3.28e-16	4.95e-11	8.37e-07	7.44e-04	9.99e-01	1.02e-04	0.00e+00	2.76e-17	8.28e-17	1.38e-16	1.62e-11	3.32e-11	8.75e-50
 6.45811e+14	4.19e-16	6.03e-11	9.75e-07	8.11e-04	9.99e-01	9.39e-05	0.00e+00	3.53e-17	1.06e-16	1.77e-16	1.98e-11	4.05e-11	1.82e-49
 6.69450e+14	5.25e-16	7.26e-11	1.13e-06	8.79e-04	9.99e-01	8.67e-05	0.00e+00	4.43e-17	1.33e-16	2.22e-16	2.38e-11	4.88e-11	3.64e-49
 6.90491e+14	6.31e-16	8.50e-11	1.28e-06	9.41e-04	9.99e-01	8.09e-05	0.00e+00	5.33e-17	1.60e-16	2.67e-16	2.79e-11	5.71e-11	6.53e-49
 7.13671e+14	7.84e-16	1.01e-10	1.46e-06	1.02e-03	9.99e-01	7.51e-05	0.00e+00	6.63e-17	1.99e-16	3.32e-16	3.32e-11	6.80e-11	1.26e-48
 7.41324e+14	9.94e-16	1.23e-10	1.70e-06	1.11e-03	9.99e-01	6.90e-05	0.00e+00	8.42e-17	2.53e-16	4.22e-16	4.04e-11	8.27e-11	2.65e-48
 7.68812e+14	1.25e-15	1.49e-10	1.97e-06	1.20e-03	9.99e-01	6.36e-05	0.00e+00	1.06e-16	3.18e-16	5.32e-16	4.88e-11	1.00e-10	5.44e-48
 7.93981e+14	1.51e-15	1.75e-10	2.24e-06	1.29e-03	9.99e-01	5.93e-05	0.00e+00	1.28e-16	3.85e-16	6.43e-16	5.74e-11	1.18e-10	1.00e-47
 8.22115e+14	1.92e-15	2.11e-10	2.58e-06	1.40e-03	9.99e-01	5.48e-05	0.00e+00	1.63e-16	4.89e-16	8.17e-16	6.94e-11	1.42e-10	2.08e-47
 8.54792e+14	2.44e-15	2.59e-10	3.02e-06	1.52e-03	9.98e-01	5.02e-05	0.00e+00	2.07e-16	6.23e-16	1.04e-15	8.50e-11	1.74e-10	4.56e-47
 8.86934e+14	3.08e-15	3.14e-10	3.50e-06	1.66e-03	9.98e-01	4.63e-05	0.00e+00	2.63e-16	7.88e-16	1.32e-15	1.03e-10	2.11e-10	9.73e-47
 9.17561e+14	3.82e-15	3.75e-10	4.00e-06	1.79e-03	9.98e-01	4.29e-05	0.00e+00	3.26e-16	9.77e-16	1.63e-15	1.23e-10	2.52e-10	1.96e-46
 9.44345e+14	4.59e-15	4.36e-10	4.49e-06	1.91e-03	9.98e-01	4.03e-05	0.00e+00	3.92e-16	1.18e-15	1.96e-15	1.43e-10	2.93e-10	3.57e-46
 9.66465e+14	5.33e-15	4.93e-10	4.93e-06	2.01e-03	9.98e-01	3.82e-05	0.00e+00	4.56e-16	1.37e-15	2.28e-15	1.62e-10	3.31e-10	5.82e-46
 9.90840e+14	6.25e-15	5.62e-10	5.44e-06	2.13e-03	9.98e-01	3.62e-05	0.00e+00	5.35e-16	1.61e-15	2.68e-15	1.85e-10	3.77e-10	9.82e-46
 1.02253e+15	7.59e-15	6.63e-10	6.17e-06	2.28e-03	9.98e-01	3.37e-05	0.00e+00	6.50e-16	1.95e-15	3.26e-15	2.18e-10	4.45e-10	1.89e-45
 1.05588e+15	9.39e-15	7.87e-10	7.02e-06	2.45e-03	9.98e-01	3.14e-05	0.00e+00	8.05e-16	2.42e-15	4.03e-15	2.59e-10	5.28e-10	3.76e-45
 1.08457e+15	1.12e-14	9.09e-10	7.81e-06	2.60e-03	9.97e-01	2.97e-05	0.00e+00	9.59e-16	2.88e-15	4.80e-15	2.99e-10	6.10e-10	6.69e-45
 1.11505e+15	1.33e-14	1.05e-09	8.72e-06	2.77e-03	9.97e-01	2.79e-05	0.00e+00	1.14e-15	3.43e-15	5.72e-15	3.46e-10	7.06e-10	1.20e-44
 1.15467e+15	1.67e-14	1.27e-09	1.00e-05	3.00e-03	9.97e-01	2.59e-05	0.00e+00	1.44e-15	4.32e-15	7.22e-15	4.19e-10	8.54e-10	2.56e-44
 1.19554e+15	2.07e-14	1.53e-09	1.15e-05	3.24e-03	9.97e-01	2.40e-05	0.00e+00	1.78e-15	5.35e-15	8.94e-15	5.02e-10	1.02e-09	5.32e-44
 1.22966e+15	2.52e-14	1.78e-09	1.29e-05	3.45e-03	9.97e-01	2.26e-05	0.00e+00	2.17e-15	6.52e-15	1.09e-14	5.88e-10	1.20e-09	9.92e-44
 1.26561e+15	3.04e-14	2.09e-09	1.44e-05	3.68e-03	9.96e-01	2.12e-05	0.00e+00	2.62e-15	7.87e-15	1.31e-14	6.87e-10	1.40e-09	1.85e-43
 1.31167e+15	3.84e-14	2.53e-09	1.66e-05	3.98e-03	9.96e-01	1.96e-05	0.00e+00	3.32e-15	9.97e-15	1.66e-14	8.34e-10	1.70e-09	4.01e-43
 1.36019e+15	4.89e-14	3.09e-09	1.92e-05	4.32e-03	9.96e-01	1.82e-05	0.00e+00	4.23e-15	1.27e-14	2.12e-14	1.02e-09	2.07e-09	8.86e-43
 1.40336e+15	6.00e-14	3.67e-09	2.18e-05	4.63e-03	9.95e-01	1.70e-05	0.00e+00	5.20e-15	1.56e-14	2.61e-14	1.21e-09	2.46e-09	1.77e-42
 1.45024e+15	7.41e-14	4.38e-09	2.48e-05	4.98e-03	9.95e-01	1.59e-05	0.00e+00	6.43e-15	1.93e-14	3.22e-14	1.44e-09	2.93e-09	3.56e-42
 1.50628e+15	9.58e-14	5.40e-09	2.88e-05	5.42e-03	9.95e-01	1.47e-05	0.00e+00	8.32e-15	2.50e-14	4.17e-14	1.78e-09	3.62e-09	8.26e-42
 1.56178e+15	1.21e-13	6.59e-09	3.33e-05	5.86e-03	9.94e-01	1.36e-05	0.00e+00	1.05e-14	3.16e-14	5.28e-14	2.17e-09	4.41e-09	1.78e-41
 1.61200e+15	1.50e-13	7.86e-09	3.78e-05	6.29e-03	9.94e-01	1.28e-05	0.00e+00	1.31e-14	3.92e-14	6.54e-14	2.59e-09	5.26e-09	3.56e-41
 1.66781e+15	1.84e-13	9.38e-09	4.32e-05	6.77e-03	9.93e-01	1.19e-05	0.00e+00	1.61e-14	4.82e-14	8.05e-14	3.09e-09	6.28e-09	7.05e-41
 1.73335e+15	2.43e-13	1.18e-08	5.04e-05	7.38e-03	9.93e-01	1.11e-05	0.00e+00	2.12e-14	6.37e-14	1.06e-13	3.89e-09	7.88e-09	1.72e-40
 1.79806e+15	3.13e-13	1.45e-08	5.83e-05	7.99e-03	9.92e-01	1.03e-05	0.00e+00	2.73e-14	8.20e-14	1.37e-13	4.78e-09	9.70e-09	3.82e-40
 1.85866e+15	3.92e-13	1.75e-08	6.66e-05	8.60e-03	9.91e-01	9.66e-06	0.00e+00	3.43e-14	1.03e-13	1.72e-13	5.77e-09	1.17e-08	7.85e-40
 1.92634e+15	4.89e-13	2.11e-08	7.67e-05	9.29e-03	9.91e-01	9.03e-06	0.00e+00	4.28e-14	1.28e-13	2.14e-13	6.96e-09	1.41e-08	1.60e-39
 2.00342e+15	6.56e-13	2.68e-08	8.98e-05	1.01e-02	9.90e-01	8.38e-06	0.00e+00	5.75e-14	1.72e-13	2.88e-13	8.86e-09	1.79e-08	4.07e-39
 2.07950e+15	8.50e-13	3.32e-08	1.04e-04	1.10e-02	9.89e-01	7.84e-06	0.00e+00	7.46e-14	2.24e-13	3.74e-13	1.10e-08	2.22e-08	9.09e-39
 2.14174e+15	1.04e-12	3.93e-08	1.17e-04	1.17e-02	9.88e-01	7.44e-06	0.00e+00	9.11e-14	2.73e-13	4.56e-13	1.30e-08	2.63e-08	1.67e-38
 2.19038e+15	1.21e-12	4.47e-08	1.28e-04	1.23e-02	9.88e-01	7.16e-06	0.00e+00	1.06e-13	3.19e-13	5.32e-13	1.48e-08	2.99e-08	2.71e-38
 2.24370e+15	1.42e-12	5.12e-08	1.41e-04	1.30e-02	9.87e-01	6.86e-06	0.00e+00	1.24e-13	3.74e-13	6.23e-13	1.69e-08	3.42e-08	4.46e-38
 2.31301e+15	1.75e-12	6.11e-08	1.60e-04	1.39e-02	9.86e-01	6.51e-06	0.00e+00	1.54e-13	4.63e-13	7.72e-13	2.02e-08	4.09e-08	8.67e-38
 2.38794e+15	2.17e-12	7.33e-08	1.81e-04	1.48e-02	9.85e-01	6.18e-06	0.00e+00	1.91e-13	5.73e-13	9.55e-13	2.42e-08	4.90e-08	1.67e-37
 2.45535e+15	2.59e-12	8.52e-08	2.03e-04	1.57e-02	9.84e-01	5.91e-06	0.00e+00	2.28e-13	6.84e-13	1.14e-12	2.82e-08	5.70e-08	2.89e-37
 2.52814e+15	3.15e-12	1.01e-07	2.28e-04	1.68e-02	9.83e-01	5.64e-06	0.00e+00	2.78e-13	8.35e-13	1.39e-12	3.34e-08	6.74e-08	5.33e-37
 2.62069e+15	4.14e-12	1.26e-07	2.63e-04	1.81e-02	9.82e-01	5.35e-06	0.00e+00	3.65e-13	1.10e-12	1.83e-12	4.18e-08	8.45e-08	1.24e-36
 2.71394e+15	5.25e-12	1.55e-07	3.03e-04	1.95e-02	9.80e-01	5.08e-06	0.00e+00	4.64e-13	1.39e-12	2.32e-12	5.13e-08	1.04e-07	2.56e-36
 2.79198e+15	6.39e-12	1.83e-07	3.40e-04	2.08e-02	9.79e-01	4.88e-06	0.00e+00	5.65e-13	1.69e-12	2.83e-12	6.05e-08	1.22e-07	4.62e-36
 2.87522e+15	7.84e-12	2.17e-07	3.83e-04	2.21e-02	9.78e-01	4.69e-06	0.00e+00	6.94e-13	2.08e-12	3.47e-12	7.19e-08	1.45e-07	8.56e-36
 2.98072e+15	9.83e-12	2.63e-07	4.42e-04	2.39e-02	9.76e-01	4.46e-06	0.00e+00	8.71e-13	2.61e-12	4.36e-12	8.72e-08	1.76e-07	1.66e-35
 3.09005e+15	1.29e-11	3.32e-07	5.12e-04	2.58e-02	9.74e-01	4.27e-06	0.00e+00	1.15e-12	3.44e-12	5.73e-12	1.10e-07	2.22e-07	3.77e-35
 3.18545e+15	1.60e-11	3.97e-07	5.79e-04	2.75e-02	9.72e-01	4.12e-06	0.00e+00	1.42e-12	4.25e-12	7.09e-12	1.32e-07	2.66e-07	7.02e-35
 3.28791e+15	1.98e-11	4.77e-07	6.59e-04	2.95e-02	9.70e-01	3.97e-06	0.00e+00	1.75e-12	5.26e-12	8.78e-12	1.58e-07	3.19e-07	1.31e-34
 3.41275e+15	2.52e-11	5.85e-07	7.66e-04	3.19e-02	9.67e-01	3.80e-06	0.00e+00	2.24e-12	6.71e-12	1.12e-11	1.94e-07	3.91e-07	2.63e-34
 3.53725e+15	3.30e-11	7.40e-07	8.88e-04	3.45e-02	9.65e-01	3.67e-06	0.00e+00	2.94e-12	8.82e-12	1.47e-11	2.45e-07	4.95e-07	5.97e-34
 3.64726e+15	4.09e-11	8.89e-07	1.01e-03	3.68e-02	9.62e-01	3.56e-06	0.00e+00	3.64e-12	1.09e-11	1.82e-11	2.95e-07	5.94e-07	1.11e-33
 3.76786e+15	5.10e-11	1.07e-06	1.15e-03	3.95e-02	9.59e-01	3.45e-06	0.00e+00	4.54e-12	1.36e-11	2.27e-11	3.56e-07	7.18e-07	2.07e-33
 3.91276e+15	6.54e-11	1.32e-06	1.34e-03	4.28e-02	9.56e-01	3.33e-06	0.00e+00	5.83e-12	1.75e-11	2.92e-11	4.39e-07	8.85e-07	4.09e-33
 4.05274e+15	8.53e-11	1.67e-06	1.55e-03	4.62e-02	9.52e-01	3.25e-06	0.00e+00	7.61e-12	2.28e-11	3.81e-11	5.55e-07	1.12e-06	9.14e-33
 4.17058e+15	1.04e-10	1.99e-06	1.75e-03	4.91e-02	9.49e-01	3.18e-06	0.00e+00	9.32e-12	2.80e-11	4.66e-11	6.59e-07	1.33e-06	1.60e-32
 4.29615e+15	1.29e-10	2.38e-06	1.98e-03	5.24e-02	9.46e-01	3.11e-06	0.00e+00	1.15e-11	3.45e-11	5.76e-11	7.89e-07	1.59e-06	2.87e-32
 4.45447e+15	1.64e-10	2.90e-06	2.30e-03	5.66e-02	9.41e-01	3.02e-06	0.00e+00	1.46e-11	4.39e-11	7.33e-11	9.63e-07	1.94e-06	5.32e-32
 4.61920e+15	2.16e-10	3.70e-06	2.69e-03	6.14e-02	9.36e-01	2.95e-06	0.00e+00	1.93e-11	5.80e-11	9.68e-11	1.23e-06	2.47e-06	1.19e-31
 4.74594e+15	2.61e-10	4.36e-06	3.01e-03	6.51e-02	9.32e-01	2.91e-06	0.00e+00	2.33e-11	7.00e-11	1.17e-10	1.45e-06	2.91e-06	1.99e-31
 4.85952e+15	3.10e-10	5.04e-06	3.33e-03	6.86e-02	9.28e-01	2.87e-06	0.00e+00	2.78e-11	8.34e-11	1.39e-10	1.67e-06	3.37e-06	3.16e-31
 5.00717e+15	3.85e-10	6.04e-06	3.78e-03	7.32e-02	9.23e-01	2.82e-06	0.00e+00	3.45e-11	1.04e-10	1.73e-10	2.01e-06	4.04e-06	5.54e-31
 5.16422e+15	4.84e-10	7.35e-06	4.32e-03	7.85e-02	9.17e-01	2.78e-06	0.00e+00	4.35e-11	1.30e-10	2.17e-10	2.44e-06	4.91e-06	1.03e-30
 5.30064e+15	5.84e-10	8.64e-06	4.83e-03	8.31e-02	9.12e-01	2.74e-06	0.00e+00	5.25e-11	1.57e-10	2.62e-10	2.87e-06	5.77e-06	1.63e-30
 5.44514e+15	7.13e-10	1.02e-05	5.43e-03	8.82e-02	9.06e-01	2.70e-06	0.00e+00	6.41e-11	1.92e-10	3.20e-10	3.39e-06	6.81e-06	2.71e-30
 5.63300e+15	9.29e-10	1.27e-05	6.32e-03	9.53e-02	8.98e-01	2.66e-06	0.00e+00	8.36e-11	2.51e-10	4.18e-10	4.23e-06	8.50e-06	5.41e-30
 5.82129e+15	1.17e-09	1.55e-05	7.29e-03	1.02e-01	8.90e-01	2.62e-06	0.00e+00	1.06e-10	3.17e-10	5.29e-10	5.17e-06	1.04e-05	9.62e-30
 5.97019e+15	1.41e-09	1.81e-05	8.15e-03	1.08e-01	8.83e-01	2.59e-06	0.00e+00	1.27e-10	3.82e-10	6.37e-10	6.00e-06	1.21e-05	1.48e-29
 6.12380e+15	1.72e-09	2.13e-05	9.15e-03	1.15e-01	8.76e-01	2.56e-06	0.00e+00	1.55e-10	4.64e-10	7.74e-10	7.07e-06	1.42e-05	2.40e-29
 6.32348e+15	2.27e-09	2.69e-05	1.06e-02	1.24e-01	8.65e-01	2.54e-06	0.00e+00	2.05e-10	6.14e-10	1.02e-09	8.93e-06	1.79e-05	4.96e-29
 6.52689e+15	2.88e-09	3.28e-05	1.23e-02	1.33e-01	8.54e-01	2.51e-06	0.00e+00	2.60e-10	7.80e-10	1.30e-09	1.09e-05	2.19e-05	8.59e-29
 6.69425e+15	3.50e-09	3.84e-05	1.38e-02	1.41e-01	8.45e-01	2.48e-06	0.00e+00	3.16e-10	9.49e-10	1.58e-09	1.28e-05	2.56e-05	1.33e-28
 6.87095e+15	4.32e-09	4.57e-05	1.57e-02	1.50e-01	8.34e-01	2.46e-06	0.00e+00	3.91e-10	1.17e-09	1.96e-09	1.52e-05	3.05e-05	2.19e-28
 7.06528e+15	5.60e-09	5.68e-05	1.80e-02	1.61e-01	8.21e-01	2.45e-06	0.00e+00	5.07e-10	1.52e-09	2.54e-09	1.89e-05	3.79e-05	4.20e-28
 7.23971e+15	6.85e-09	6.72e-05	2.02e-02	1.70e-01	8.09e-01	2.43e-06	0.00e+00	6.21e-10	1.86e-09	3.11e-09	2.23e-05	4.48e-05	6.64e-28
 7.42369e+15	8.55e-09	8.01e-05	2.30e-02	1.81e-01	7.96e-01	2.40e-06	0.00e+00	7.76e-10	2.33e-09	3.88e-09	2.67e-05	5.35e-05	1.08e-27
 7.62281e+15	1.07e-08	9.53e-05	2.62e-02	1.93e-01	7.81e-01	2.38e-06	0.00e+00	9.68e-10	2.90e-09	4.84e-09	3.17e-05	6.36e-05	1.71e-27
 7.80154e+15	1.35e-08	1.16e-04	2.97e-02	2.05e-01	7.66e-01	2.38e-06	0.00e+00	1.23e-09	3.68e-09	6.13e-09	3.86e-05	7.74e-05	3.06e-27
 7.96203e+15	1.62e-08	1.35e-04	3.31e-02	2.15e-01	7.52e-01	2.36e-06	0.00e+00	1.48e-09	4.43e-09	7.38e-09	4.50e-05	9.02e-05	4.60e-27
 8.10917e+15	1.93e-08	1.56e-04	3.66e-02	2.25e-01	7.38e-01	2.35e-06	0.00e+00	1.76e-09	5.28e-09	8.81e-09	5.18e-05	1.04e-04	6.77e-27
 8.24902e+15	2.29e-08	1.78e-04	4.02e-02	2.35e-01	7.25e-01	2.34e-06	0.00e+00	2.09e-09	6.26e-09	1.04e-08	5.93e-05	1.19e-04	9.79e-27
 8.40913e+15	2.74e-08	2.04e-04	4.47e-02	2.46e-01	7.09e-01	2.32e-06	0.00e+00	2.50e-09	7.51e-09	1.25e-08	6.78e-05	1.36e-04	1.38e-26
 8.61726e+15	3.66e-08	2.57e-04	5.19e-02	2.63e-01	6.85e-01	2.32e-06	0.00e+00	3.34e-09	1.00e-08	1.67e-08	8.56e-05	1.72e-04	2.74e-26
 8.82347e+15	4.54e-08	3.03e-04	5.93e-02	2.78e-01	6.62e-01	2.29e-06	0.00e+00	4.15e-09	1.24e-08	2.07e-08	1.01e-04	2.02e-04	4.04e-26
 8.98972e+15	5.76e-08	3.69e-04	6.68e-02	2.93e-01	6.40e-01	2.30e-06	0.00e+00	5.27e-09	1.58e-08	2.63e-08	1.23e-04	2.46e-04	7.26e-26
 9.13644e+15	6.88e-08	4.25e-04	7.39e-02	3.05e-01	6.21e-01	2.30e-06	0.00e+00	6.30e-09	1.89e-08	3.15e-08	1.42e-04	2.84e-04	1.06e-25
 9.27275e+15	8.21e-08	4.88e-04	8.13e-02	3.17e-01	6.01e-01	2.29e-06	0.00e+00	7.53e-09	2.26e-08	3.76e-08	1.63e-04	3.25e-04	1.56e-25
 9.42752e+15	1.01e-07	5.74e-04	9.08e-02	3.31e-01	5.78e-01	2.28e-06	0.00e+00	9.28e-09	2.78e-08	4.64e-08	1.91e-04	3.83e-04	2.46e-25
 9.58970e+15	1.22e-07	6.57e-04	1.01e-01	3.45e-01	5.53e-01	2.26e-06	0.00e+00	1.12e-08	3.37e-08	5.61e-08	2.19e-04	4.38e-04	3.44e-25
 9.76150e+15	1.60e-07	8.15e-04	1.15e-01	3.61e-01	5.23e-01	2.27e-06	0.00e+00	1.47e-08	4.40e-08	7.34e-08	2.72e-04	5.44e-04	6.64e-25
 9.93544e+15	1.96e-07	9.44e-04	1.30e-01	3.76e-01	4.93e-01	2.25e-06	0.00e+00	1.81e-08	5.42e-08	9.03e-08	3.15e-04	6.30e-04	9.59e-25
 1.00817e+16	2.40e-07	1.11e-03	1.45e-01	3.89e-01	4.65e-01	2.24e-06	0.00e+00	2.21e-08	6.64e-08	1.11e-07	3.69e-04	7.38e-04	1.51e-24
 1.02179e+16	3.02e-07	1.32e-03	1.61e-01	4.02e-01	4.36e-01	2.26e-06	0.00e+00	2.79e-08	8.35e-08	1.39e-07	4.41e-04	8.82e-04	2.64e-24
 1.03461e+16	3.67e-07	1.53e-03	1.77e-01	4.13e-01	4.09e-01	2.26e-06	0.00e+00	3.38e-08	1.01e-07	1.69e-07	5.09e-04	1.02e-03	4.05e-24
 1.04682e+16	4.43e-07	1.76e-03	1.94e-01	4.23e-01	3.82e-01	2.25e-06	0.00e+00	4.09e-08	1.23e-07	2.04e-07	5.86e-04	1.17e-03	6.20e-24
 1.05829e+16	5.29e-07	2.01e-03	2.11e-01	4.31e-01	3.56e-01	2.24e-06	0.00e+00	4.88e-08	1.46e-07	2.44e-07	6.69e-04	1.34e-03	9.33e-24
 1.06873e+16	6.26e-07	2.27e-03	2.28e-01	4.39e-01	3.31e-01	2.23e-06	0.00e+00	5.78e-08	1.73e-07	2.89e-07	7.57e-04	1.51e-03	1.38e-23
 1.07836e+16	7.33e-07	2.55e-03	2.46e-01	4.45e-01	3.07e-01	2.21e-06	0.00e+00	6.78e-08	2.03e-07	3.39e-07	8.50e-04	1.70e-03	2.00e-23
 1.08740e+16	8.63e-07	2.87e-03	2.63e-01	4.50e-01	2.84e-01	2.20e-06	0.00e+00	7.99e-08	2.40e-07	3.99e-07	9.56e-04	1.91e-03	2.98e-23
 1.09594e+16	9.90e-07	3.16e-03	2.80e-01	4.53e-01	2.64e-01	2.18e-06	0.00e+00	9.17e-08	2.75e-07	4.58e-07	1.05e-03	2.10e-03	4.03e-23
 1.10535e+16	1.19e-06	3.59e-03	3.01e-01	4.57e-01	2.39e-01	2.14e-06	0.00e+00	1.10e-07	3.31e-07	5.52e-07	1.20e-03	2.39e-03	6.44e-23
 1.11375e+16	1.35e-06	3.93e-03	3.19e-01	4.58e-01	2.19e-01	2.11e-06	0.00e+00	1.26e-07	3.76e-07	6.27e-07	1.31e-03	2.62e-03	8.59e-23
 1.11935e+16	1.48e-06	4.17e-03	3.32e-01	4.59e-01	2.05e-01	2.08e-06	0.00e+00	1.38e-07	4.13e-07	6.88e-07	1.39e-03	2.78e-03	1.05e-22
 1.12518e+16	1.65e-06	4.48e-03	3.46e-01	4.60e-01	1.90e-01	2.04e-06	0.00e+00	1.53e-07	4.60e-07	7.66e-07	1.50e-03	2.99e-03	1.36e-22
 1.13171e+16	1.90e-06	4.95e-03	3.63e-01	4.59e-01	1.73e-01	1.99e-06	0.00e+00	1.76e-07	5.28e-07	8.80e-07	1.65e-03	3.30e-03	1.99e-22
 1.13724e+16	2.11e-06	5.30e-03	3.77e-01	4.58e-01	1.60e-01	1.95e-06	0.00e+00	1.96e-07	5.89e-07	9.81e-07	1.77e-03	3.53e-03	2.57e-22
 1.14179e+16	2.34e-06	5.63e-03	3.89e-01	4.57e-01	1.48e-01	1.92e-06	0.00e+00	2.18e-07	6.53e-07	1.09e-06	1.88e-03	3.75e-03	3.28e-22
 1.14698e+16	2.57e-06	6.00e-03	4.03e-01	4.55e-01	1.36e-01	1.86e-06	0.00e+00	2.40e-07	7.19e-07	1.20e-06	2.00e-03	4.00e-03	4.16e-22
 1.15374e+16	3.00e-06	6.58e-03	4.22e-01	4.51e-01	1.20e-01	1.77e-06	0.00e+00	2.80e-07	8.40e-07	1.40e-06	2.19e-03	4.38e-03	6.03e-22
 1.16010e+16	3.32e-06	6.96e-03	4.38e-01	4.48e-01	1.08e-01	1.68e-06	0.00e+00	3.10e-07	9.28e-07	1.55e-06	2.32e-03	4.64e-03	7.37e-22
