#depth	N	N+	N+2	N+3	N+4	N+5	N+6	N+7
 1.49634e+10	7.51e-47	3.20e-36	1.57e-26	1.80e-17	2.37e-09	9.79e-01	2.09e-02	0.00e+00
 4.54887e+10	0.00e+00	4.43e-36	2.01e-26	2.12e-17	2.57e-09	9.81e-01	1.93e-02	1.83e-07
 7.72350e+10	1.69e-46	6.15e-36	2.57e-26	2.50e-17	2.80e-09	9.82e-01	1.77e-02	0.00e+00
 1.10251e+11	0.00e+00	8.53e-36	3.29e-26	2.95e-17	3.04e-09	9.84e-01	1.63e-02	0.00e+00
 1.44588e+11	3.84e-46	1.18e-35	4.21e-26	3.48e-17	3.31e-09	9.85e-01	1.50e-02	0.00e+00
 1.80298e+11	0.00e+00	1.64e-35	5.39e-26	4.11e-17	3.60e-09	9.86e-01	1.38e-02	0.00e+00
 2.13871e+11	8.39e-46	2.22e-35	6.75e-26	4.78e-17	3.88e-09	9.87e-01	1.28e-02	0.00e+00
 2.43884e+11	0.00e+00	2.87e-35	8.20e-26	5.45e-17	4.15e-09	9.88e-01	1.20e-02	0.00e+00
 2.77570e+11	1.65e-45	3.80e-35	1.01e-25	6.28e-17	4.46e-09	9.89e-01	1.11e-02	0.00e+00
 3.17506e+11	0.00e+00	0.00e+00	1.29e-25	7.39e-17	4.84e-09	9.90e-01	1.03e-02	0.00e+00
 3.57649e+11	0.00e+00	7.18e-35	1.64e-25	8.66e-17	5.24e-09	9.91e-01	9.47e-03	0.00e+00
 3.95308e+11	5.18e-45	9.53e-35	2.03e-25	1.00e-16	5.64e-09	9.91e-01	8.81e-03	0.00e+00
 4.36959e+11	0.00e+00	0.00e+00	2.55e-25	1.17e-16	6.10e-09	9.92e-01	8.15e-03	0.00e+00
 4.84364e+11	0.00e+00	1.81e-34	3.29e-25	1.38e-16	6.64e-09	9.93e-01	7.48e-03	0.00e+00
 5.31653e+11	1.72e-44	2.49e-34	4.19e-25	1.63e-16	7.21e-09	9.93e-01	6.88e-03	0.00e+00
 5.80834e+11	0.00e+00	3.44e-34	5.35e-25	1.92e-16	7.84e-09	9.94e-01	6.34e-03	0.00e+00
 6.33994e+11	3.92e-44	4.83e-34	6.91e-25	2.28e-16	8.55e-09	9.94e-01	5.81e-03	0.00e+00
 6.89281e+11	0.00e+00	6.77e-34	8.92e-25	2.70e-16	9.32e-09	9.95e-01	5.33e-03	0.00e+00
 7.41412e+11	8.76e-44	9.20e-34	1.13e-24	3.16e-16	1.01e-08	9.95e-01	4.92e-03	0.00e+00
 7.88328e+11	0.00e+00	1.20e-33	1.38e-24	3.62e-16	1.08e-08	9.95e-01	4.59e-03	0.00e+00
 8.41159e+11	1.76e-43	1.61e-33	1.72e-24	4.21e-16	1.17e-08	9.96e-01	4.25e-03	0.00e+00
 9.03404e+11	0.00e+00	2.26e-33	2.22e-24	4.99e-16	1.27e-08	9.96e-01	3.90e-03	0.00e+00
 9.65613e+11	4.00e-43	3.12e-33	2.84e-24	5.89e-16	1.38e-08	9.96e-01	3.59e-03	0.00e+00
 1.02419e+12	0.00e+00	4.18e-33	3.55e-24	6.85e-16	1.49e-08	9.97e-01	3.32e-03	0.00e+00
 1.08896e+12	8.53e-43	5.72e-33	4.50e-24	8.05e-16	1.62e-08	9.97e-01	3.06e-03	0.00e+00
 1.16244e+12	0.00e+00	8.08e-33	5.85e-24	9.61e-16	1.78e-08	9.97e-01	2.80e-03	0.00e+00
 1.23510e+12	1.97e-42	1.12e-32	7.51e-24	1.14e-15	1.94e-08	9.97e-01	2.56e-03	0.00e+00
 1.31066e+12	0.00e+00	1.56e-32	9.66e-24	1.35e-15	2.11e-08	9.98e-01	2.35e-03	0.00e+00
 1.39301e+12	4.55e-42	2.21e-32	1.26e-23	1.62e-15	2.32e-08	9.98e-01	2.14e-03	0.00e+00
 1.47613e+12	0.00e+00	3.09e-32	1.63e-23	1.93e-15	2.54e-08	9.98e-01	1.96e-03	0.00e+00
 1.56258e+12	1.05e-41	4.33e-32	2.11e-23	2.30e-15	2.78e-08	9.98e-01	1.79e-03	0.00e+00
 1.65173e+12	0.00e+00	6.05e-32	2.73e-23	2.74e-15	3.04e-08	9.98e-01	1.64e-03	0.00e+00
 1.73925e+12	2.36e-41	8.32e-32	3.48e-23	3.24e-15	3.31e-08	9.98e-01	1.50e-03	0.00e+00
 1.83354e+12	0.00e+00	1.16e-31	4.48e-23	3.85e-15	3.62e-08	9.99e-01	1.37e-03	0.00e+00
 1.93681e+12	5.44e-41	1.64e-31	5.86e-23	4.63e-15	3.99e-08	9.99e-01	1.25e-03	0.00e+00
 2.04421e+12	0.00e+00	2.32e-31	7.66e-23	5.57e-15	4.39e-08	9.99e-01	1.14e-03	0.00e+00
 2.15591e+12	1.28e-40	3.28e-31	1.00e-22	6.71e-15	4.83e-08	9.99e-01	1.03e-03	0.00e+00
 2.27207e+12	0.00e+00	4.63e-31	1.31e-22	8.08e-15	5.32e-08	9.99e-01	9.37e-04	0.00e+00
 2.37710e+12	2.83e-40	6.25e-31	1.65e-22	9.50e-15	5.80e-08	9.99e-01	8.61e-04	0.00e+00
 2.46455e+12	0.00e+00	7.96e-31	1.99e-22	1.08e-14	6.21e-08	9.99e-01	8.04e-04	0.00e+00
 2.56033e+12	5.22e-40	1.03e-30	2.44e-22	1.25e-14	6.69e-08	9.99e-01	7.47e-04	0.00e+00
 2.68172e+12	0.00e+00	1.41e-30	3.11e-22	1.48e-14	7.32e-08	9.99e-01	6.83e-04	0.00e+00
 2.80841e+12	1.13e-39	1.93e-30	3.98e-22	1.76e-14	8.02e-08	9.99e-01	6.23e-04	0.00e+00
 2.91586e+12	0.00e+00	2.49e-30	4.87e-22	2.03e-14	8.65e-08	9.99e-01	5.78e-04	0.00e+00
 3.02629e+12	2.10e-39	3.21e-30	5.95e-22	2.34e-14	9.33e-08	9.99e-01	5.37e-04	0.00e+00
 3.16545e+12	0.00e+00	4.37e-30	7.58e-22	2.78e-14	1.02e-07	1.00e+00	4.90e-04	0.00e+00
 3.30687e+12	4.39e-39	5.90e-30	9.61e-22	3.29e-14	1.12e-07	1.00e+00	4.48e-04	0.00e+00
 3.42803e+12	0.00e+00	7.55e-30	1.17e-21	3.79e-14	1.21e-07	1.00e+00	4.16e-04	0.00e+00
 3.55793e+12	8.05e-39	9.74e-30	1.43e-21	4.38e-14	1.30e-07	1.00e+00	3.85e-04	0.00e+00
 3.71895e+12	0.00e+00	1.32e-29	1.82e-21	5.21e-14	1.43e-07	1.00e+00	3.51e-04	0.00e+00
 3.88414e+12	1.66e-38	1.78e-29	2.31e-21	6.18e-14	1.57e-07	1.00e+00	3.20e-04	0.00e+00
 4.03262e+12	0.00e+00	2.30e-29	2.83e-21	7.17e-14	1.70e-07	1.00e+00	2.96e-04	0.00e+00
 4.19565e+12	3.13e-38	3.01e-29	3.51e-21	8.38e-14	1.85e-07	1.00e+00	2.72e-04	0.00e+00
 4.38852e+12	0.00e+00	4.09e-29	4.49e-21	1.00e-13	2.04e-07	1.00e+00	2.47e-04	0.00e+00
 4.58185e+12	6.43e-38	5.48e-29	5.68e-21	1.19e-13	2.24e-07	1.00e+00	2.25e-04	0.00e+00
 4.76502e+12	0.00e+00	7.15e-29	7.02e-21	1.39e-13	2.44e-07	1.00e+00	2.07e-04	0.00e+00
 4.96765e+12	1.24e-37	9.48e-29	8.80e-21	1.64e-13	2.67e-07	1.00e+00	1.89e-04	0.00e+00
 5.19628e+12	0.00e+00	1.28e-28	1.12e-20	1.96e-13	2.94e-07	1.00e+00	1.72e-04	0.00e+00
 5.42439e+12	2.53e-37	1.72e-28	1.42e-20	2.32e-13	3.23e-07	1.00e+00	1.57e-04	0.00e+00
 5.62580e+12	0.00e+00	2.19e-28	1.73e-20	2.68e-13	3.49e-07	1.00e+00	1.45e-04	0.00e+00
 5.79465e+12	4.30e-37	2.68e-28	2.03e-20	3.01e-13	3.73e-07	1.00e+00	1.36e-04	0.00e+00
 5.97628e+12	0.00e+00	3.29e-28	2.40e-20	3.40e-13	3.98e-07	1.00e+00	1.27e-04	0.00e+00
 6.21241e+12	7.54e-37	4.27e-28	2.96e-20	3.97e-13	4.33e-07	1.00e+00	1.17e-04	0.00e+00
 6.45945e+12	0.00e+00	5.55e-28	3.65e-20	4.63e-13	4.72e-07	1.00e+00	1.07e-04	0.00e+00
 6.67019e+12	1.33e-36	6.88e-28	4.34e-20	5.26e-13	5.06e-07	1.00e+00	1.00e-04	0.00e+00
 6.89363e+12	0.00e+00	8.59e-28	5.18e-20	5.99e-13	5.44e-07	1.00e+00	9.34e-05	0.00e+00
 7.17529e+12	2.40e-36	1.12e-27	6.44e-20	7.02e-13	5.93e-07	1.00e+00	8.57e-05	0.00e+00
 7.46544e+12	0.00e+00	1.46e-27	7.97e-20	8.21e-13	6.47e-07	1.00e+00	7.86e-05	0.00e+00
 7.72023e+12	4.32e-36	1.83e-27	9.56e-20	9.37e-13	6.96e-07	1.00e+00	7.31e-05	0.00e+00
 7.99621e+12	0.00e+00	2.32e-27	1.16e-19	1.08e-12	7.51e-07	1.00e+00	6.78e-05	0.00e+00
 8.30183e+12	7.74e-36	2.98e-27	1.42e-19	1.25e-12	8.15e-07	1.00e+00	6.25e-05	0.00e+00
 8.58485e+12	0.00e+00	3.74e-27	1.70e-19	1.42e-12	8.77e-07	1.00e+00	5.81e-05	0.00e+00
 8.89163e+12	1.35e-35	4.73e-27	2.05e-19	1.64e-12	9.46e-07	1.00e+00	5.39e-05	0.00e+00
 9.23294e+12	0.00e+00	6.10e-27	2.52e-19	1.90e-12	1.03e-06	1.00e+00	4.97e-05	0.00e+00
 9.55154e+12	2.40e-35	7.66e-27	3.02e-19	2.17e-12	1.11e-06	1.00e+00	4.62e-05	0.00e+00
 9.89810e+12	0.00e+00	9.75e-27	3.67e-19	2.50e-12	1.19e-06	1.00e+00	4.28e-05	0.00e+00
 1.02835e+13	4.35e-35	1.26e-26	4.52e-19	2.90e-12	1.30e-06	1.00e+00	3.94e-05	0.00e+00
 1.06438e+13	0.00e+00	1.59e-26	5.45e-19	3.32e-12	1.40e-06	1.00e+00	3.66e-05	0.00e+00
 1.10364e+13	7.74e-35	2.04e-26	6.64e-19	3.83e-12	1.51e-06	1.00e+00	3.38e-05	0.00e+00
 1.14749e+13	0.00e+00	2.65e-26	8.20e-19	4.46e-12	1.65e-06	1.00e+00	3.11e-05	0.00e+00
 1.18877e+13	1.42e-34	3.38e-26	9.95e-19	5.13e-12	1.78e-06	1.00e+00	2.88e-05	0.00e+00
 1.23390e+13	1.93e-34	4.36e-26	1.22e-18	5.93e-12	1.93e-06	1.00e+00	2.66e-05	0.00e+00
 1.28445e+13	2.68e-34	5.73e-26	1.52e-18	6.95e-12	2.10e-06	1.00e+00	2.44e-05	0.00e+00
 1.33234e+13	3.63e-34	7.38e-26	1.86e-18	8.02e-12	2.27e-06	1.00e+00	2.26e-05	0.00e+00
 1.38379e+13	4.98e-34	9.59e-26	2.29e-18	9.30e-12	2.46e-06	1.00e+00	2.09e-05	0.00e+00
 1.44214e+13	7.02e-34	1.28e-25	2.88e-18	1.09e-11	2.69e-06	1.00e+00	1.91e-05	0.00e+00
 1.49970e+13	9.75e-34	1.68e-25	3.58e-18	1.28e-11	2.93e-06	1.00e+00	1.76e-05	0.00e+00
 1.55956e+13	1.36e-33	2.20e-25	4.44e-18	1.49e-11	3.18e-06	1.00e+00	1.62e-05	0.00e+00
 1.62494e+13	1.92e-33	2.94e-25	5.58e-18	1.75e-11	3.47e-06	1.00e+00	1.48e-05	0.00e+00
 1.69293e+13	2.75e-33	3.94e-25	7.03e-18	2.05e-11	3.78e-06	1.00e+00	1.36e-05	0.00e+00
 1.75938e+13	3.80e-33	5.16e-25	8.71e-18	2.38e-11	4.10e-06	1.00e+00	1.26e-05	0.00e+00
 1.81993e+13	5.10e-33	6.57e-25	1.05e-17	2.72e-11	4.40e-06	1.00e+00	1.17e-05	0.00e+00
 1.87386e+13	6.58e-33	8.10e-25	1.24e-17	3.05e-11	4.68e-06	1.00e+00	1.10e-05	0.00e+00
 1.93175e+13	8.60e-33	1.01e-24	1.47e-17	3.44e-11	4.99e-06	1.00e+00	1.03e-05	0.00e+00
 2.00526e+13	1.20e-32	1.32e-24	1.82e-17	3.97e-11	5.39e-06	1.00e+00	9.57e-06	0.00e+00
 2.07999e+13	1.65e-32	1.72e-24	2.24e-17	4.59e-11	5.82e-06	1.00e+00	8.87e-06	0.00e+00
 2.14309e+13	2.15e-32	2.14e-24	2.65e-17	5.16e-11	6.19e-06	1.00e+00	8.34e-06	0.00e+00
 2.21013e+13	2.84e-32	2.68e-24	3.16e-17	5.82e-11	6.60e-06	1.00e+00	7.83e-06	0.00e+00
 2.29449e+13	4.00e-32	3.55e-24	3.92e-17	6.73e-11	7.12e-06	1.00e+00	7.25e-06	0.00e+00
 2.38054e+13	5.54e-32	4.63e-24	4.83e-17	7.78e-11	7.69e-06	1.00e+00	6.72e-06	0.00e+00
 2.45414e+13	7.32e-32	5.81e-24	5.75e-17	8.76e-11	8.18e-06	1.00e+00	6.32e-06	0.00e+00
 2.53237e+13	9.78e-32	7.35e-24	6.89e-17	9.91e-11	8.72e-06	1.00e+00	5.93e-06	0.00e+00
 2.62961e+13	1.39e-31	9.77e-24	8.56e-17	1.15e-10	9.40e-06	1.00e+00	5.50e-06	0.00e+00
 2.72919e+13	1.94e-31	1.28e-23	1.06e-16	1.33e-10	1.02e-05	1.00e+00	5.09e-06	0.00e+00
 2.81663e+13	2.62e-31	1.63e-23	1.27e-16	1.50e-10	1.08e-05	1.00e+00	4.78e-06	0.00e+00
 2.91068e+13	3.56e-31	2.10e-23	1.54e-16	1.71e-10	1.15e-05	1.00e+00	4.48e-06	0.00e+00
 3.02461e+13	5.14e-31	2.82e-23	1.92e-16	1.99e-10	1.25e-05	1.00e+00	4.15e-06	0.00e+00
 3.14013e+13	7.26e-31	3.73e-23	2.39e-16	2.30e-10	1.35e-05	1.00e+00	3.84e-06	0.00e+00
 3.24507e+13	9.96e-31	4.81e-23	2.90e-16	2.62e-10	1.44e-05	1.00e+00	3.60e-06	0.00e+00
 3.36049e+13	1.39e-30	6.30e-23	3.55e-16	3.00e-10	1.54e-05	1.00e+00	3.36e-06	0.00e+00
 3.49573e+13	2.05e-30	8.56e-23	4.48e-16	3.50e-10	1.66e-05	1.00e+00	3.11e-06	0.00e+00
 3.63065e+13	2.92e-30	1.14e-22	5.58e-16	4.07e-10	1.79e-05	1.00e+00	2.88e-06	0.00e+00
 3.75869e+13	4.10e-30	1.50e-22	6.84e-16	4.66e-10	1.92e-05	1.00e+00	2.69e-06	0.00e+00
 3.89974e+13	5.90e-30	2.00e-22	8.50e-16	5.38e-10	2.06e-05	1.00e+00	2.51e-06	0.00e+00
 4.05873e+13	8.62e-30	2.72e-22	1.07e-15	6.30e-10	2.23e-05	1.00e+00	2.31e-06	0.00e+00
 4.21886e+13	1.26e-29	3.69e-22	1.35e-15	7.33e-10	2.41e-05	1.00e+00	2.15e-06	0.00e+00
 4.38540e+13	1.86e-29	5.02e-22	1.70e-15	8.53e-10	2.60e-05	1.00e+00	1.99e-06	0.00e+00
 4.56381e+13	2.74e-29	6.86e-22	2.15e-15	9.98e-10	2.81e-05	1.00e+00	1.84e-06	0.00e+00
 4.74935e+13	4.03e-29	9.34e-22	2.72e-15	1.17e-09	3.04e-05	1.00e+00	1.70e-06	0.00e+00
 4.92953e+13	5.82e-29	1.25e-21	3.39e-15	1.35e-09	3.27e-05	1.00e+00	1.58e-06	0.00e+00
 5.09987e+13	8.17e-29	1.64e-21	4.14e-15	1.54e-09	3.49e-05	1.00e+00	1.48e-06	0.00e+00
 5.26101e+13	1.11e-28	2.10e-21	4.98e-15	1.75e-09	3.71e-05	1.00e+00	1.39e-06	0.00e+00
 5.43674e+13	1.52e-28	2.71e-21	6.05e-15	1.99e-09	3.96e-05	1.00e+00	1.31e-06	0.00e+00
 5.63193e+13	2.17e-28	3.59e-21	7.46e-15	2.28e-09	4.24e-05	1.00e+00	1.22e-06	0.00e+00
 5.81607e+13	2.95e-28	4.60e-21	9.01e-15	2.59e-09	4.52e-05	1.00e+00	1.14e-06	0.00e+00
 6.01909e+13	4.14e-28	6.04e-21	1.11e-14	2.97e-09	4.83e-05	1.00e+00	1.07e-06	0.00e+00
 6.24770e+13	6.02e-28	8.13e-21	1.38e-14	3.44e-09	5.19e-05	1.00e+00	9.95e-07	0.00e+00
 6.46659e+13	8.42e-28	1.06e-20	1.69e-14	3.94e-09	5.56e-05	1.00e+00	0.00e+00	0.00e+00
 6.70454e+13	1.19e-27	1.41e-20	2.09e-14	4.55e-09	5.97e-05	1.00e+00	0.00e+00	0.00e+00
 6.96910e+13	1.74e-27	1.91e-20	2.64e-14	5.30e-09	6.44e-05	1.00e+00	0.00e+00	0.00e+00
 7.22614e+13	2.49e-27	2.54e-20	3.27e-14	6.11e-09	6.92e-05	1.00e+00	0.00e+00	0.00e+00
 7.50008e+13	3.53e-27	3.38e-20	4.07e-14	7.08e-09	7.46e-05	1.00e+00	0.00e+00	0.00e+00
 7.77813e+13	5.08e-27	4.51e-20	5.06e-14	8.18e-09	8.01e-05	1.00e+00	0.00e+00	0.00e+00
 8.02393e+13	6.77e-27	5.71e-20	6.08e-14	9.26e-09	8.53e-05	1.00e+00	0.00e+00	0.00e+00
 8.29133e+13	9.41e-27	7.42e-20	7.39e-14	1.05e-08	9.09e-05	1.00e+00	0.00e+00	0.00e+00
 8.61282e+13	1.34e-26	9.90e-20	9.25e-14	1.23e-08	9.82e-05	1.00e+00	0.00e+00	0.00e+00
 8.93107e+13	1.92e-26	1.32e-19	1.15e-13	1.42e-08	1.06e-04	1.00e+00	0.00e+00	0.00e+00
 9.21563e+13	2.56e-26	1.67e-19	1.38e-13	1.60e-08	1.12e-04	1.00e+00	0.00e+00	0.00e+00
 9.52994e+13	3.52e-26	2.16e-19	1.69e-13	1.83e-08	1.20e-04	1.00e+00	0.00e+00	0.00e+00
 9.90325e+13	5.07e-26	2.91e-19	2.12e-13	2.13e-08	1.30e-04	1.00e+00	0.00e+00	0.00e+00
 1.02723e+14	7.28e-26	3.88e-19	2.63e-13	2.47e-08	1.40e-04	1.00e+00	0.00e+00	0.00e+00
 1.06100e+14	9.74e-26	4.94e-19	3.19e-13	2.81e-08	1.49e-04	1.00e+00	0.00e+00	0.00e+00
 1.09882e+14	1.38e-25	6.51e-19	3.93e-13	3.23e-08	1.60e-04	1.00e+00	0.00e+00	0.00e+00
 1.14275e+14	1.96e-25	8.72e-19	4.95e-13	3.77e-08	1.73e-04	1.00e+00	0.00e+00	0.00e+00
 1.18574e+14	2.77e-25	1.16e-18	6.17e-13	4.37e-08	1.87e-04	1.00e+00	0.00e+00	0.00e+00
 1.22629e+14	3.80e-25	1.49e-18	7.53e-13	5.00e-08	2.00e-04	1.00e+00	0.00e+00	0.00e+00
 1.27148e+14	5.42e-25	1.99e-18	9.33e-13	5.77e-08	2.15e-04	1.00e+00	0.00e+00	0.00e+00
 1.32264e+14	7.68e-25	2.65e-18	1.18e-12	6.75e-08	2.33e-04	1.00e+00	0.00e+00	0.00e+00
 1.37375e+14	1.10e-24	3.55e-18	1.48e-12	7.85e-08	2.52e-04	1.00e+00	0.00e+00	0.00e+00
 1.42167e+14	1.53e-24	4.63e-18	1.81e-12	9.00e-08	2.70e-04	1.00e+00	0.00e+00	0.00e+00
 1.47360e+14	2.13e-24	6.08e-18	2.24e-12	1.04e-07	2.90e-04	1.00e+00	0.00e+00	0.00e+00
 1.53161e+14	2.99e-24	8.06e-18	2.81e-12	1.21e-07	3.14e-04	1.00e+00	0.00e+00	0.00e+00
 1.58578e+14	4.21e-24	1.06e-17	3.46e-12	1.39e-07	3.36e-04	1.00e+00	0.00e+00	0.00e+00
 1.63608e+14	5.51e-24	1.33e-17	4.16e-12	1.58e-07	3.58e-04	1.00e+00	0.00e+00	0.00e+00
 1.68443e+14	7.30e-24	1.67e-17	4.95e-12	1.77e-07	3.80e-04	1.00e+00	0.00e+00	0.00e+00
 1.73797e+14	9.60e-24	2.09e-17	5.96e-12	2.00e-07	4.05e-04	1.00e+00	0.00e+00	0.00e+00
 1.79714e+14	1.33e-23	2.72e-17	7.27e-12	2.29e-07	4.33e-04	1.00e+00	0.00e+00	0.00e+00
 1.85231e+14	1.72e-23	3.38e-17	8.70e-12	2.58e-07	4.60e-04	1.00e+00	0.00e+00	0.00e+00
 1.91269e+14	2.34e-23	4.34e-17	1.05e-11	2.94e-07	4.91e-04	1.00e+00	0.00e+00	0.00e+00
 1.98054e+14	3.17e-23	5.58e-17	1.29e-11	3.38e-07	5.27e-04	9.99e-01	0.00e+00	0.00e+00
 2.04511e+14	4.30e-23	7.15e-17	1.57e-11	3.83e-07	5.62e-04	9.99e-01	0.00e+00	0.00e+00
 2.11605e+14	5.77e-23	9.15e-17	1.92e-11	4.39e-07	6.03e-04	9.99e-01	0.00e+00	0.00e+00
 2.19436e+14	8.15e-23	1.21e-16	2.38e-11	5.08e-07	6.49e-04	9.99e-01	0.00e+00	0.00e+00
 2.26667e+14	1.07e-22	1.53e-16	2.88e-11	5.78e-07	6.93e-04	9.99e-01	0.00e+00	0.00e+00
 2.34510e+14	1.48e-22	1.98e-16	3.53e-11	6.62e-07	7.42e-04	9.99e-01	0.00e+00	0.00e+00
 2.43263e+14	2.02e-22	2.58e-16	4.38e-11	7.66e-07	8.00e-04	9.99e-01	0.00e+00	0.00e+00
 2.51468e+14	2.75e-22	3.32e-16	5.34e-11	8.74e-07	8.55e-04	9.99e-01	0.00e+00	0.00e+00
 2.60403e+14	3.70e-22	4.25e-16	6.56e-11	1.01e-06	9.19e-04	9.99e-01	0.00e+00	0.00e+00
 2.70329e+14	5.23e-22	5.65e-16	8.19e-11	1.17e-06	9.91e-04	9.99e-01	0.00e+00	0.00e+00
 2.79624e+14	6.91e-22	7.17e-16	1.00e-10	1.34e-06	1.06e-03	9.99e-01	0.00e+00	0.00e+00
 2.89739e+14	9.49e-22	9.32e-16	1.23e-10	1.54e-06	1.14e-03	9.99e-01	0.00e+00	0.00e+00
 3.01019e+14	1.32e-21	1.23e-15	1.55e-10	1.79e-06	1.24e-03	9.99e-01	0.00e+00	0.00e+00
 3.11687e+14	1.81e-21	1.59e-15	1.90e-10	2.06e-06	1.33e-03	9.99e-01	0.00e+00	0.00e+00
 3.23123e+14	2.43e-21	2.05e-15	2.35e-10	2.38e-06	1.43e-03	9.99e-01	0.00e+00	0.00e+00
 3.35817e+14	3.43e-21	2.73e-15	2.95e-10	2.78e-06	1.55e-03	9.98e-01	0.00e+00	0.00e+00
 3.48196e+14	4.58e-21	3.50e-15	3.65e-10	3.21e-06	1.67e-03	9.98e-01	0.00e+00	0.00e+00
 3.61330e+14	6.38e-21	4.60e-15	4.54e-10	3.72e-06	1.81e-03	9.98e-01	0.00e+00	0.00e+00
 3.75813e+14	8.72e-21	6.02e-15	5.72e-10	4.35e-06	1.97e-03	9.98e-01	0.00e+00	0.00e+00
 3.90042e+14	1.21e-20	7.90e-15	7.11e-10	5.05e-06	2.12e-03	9.98e-01	0.00e+00	0.00e+00
 4.01783e+14	1.52e-20	9.65e-15	8.46e-10	5.69e-06	2.26e-03	9.98e-01	0.00e+00	0.00e+00
 4.11192e+14	1.84e-20	1.14e-14	9.69e-10	6.24e-06	2.38e-03	9.98e-01	0.00e+00	0.00e+00
 4.21568e+14	2.28e-20	1.36e-14	1.12e-09	6.90e-06	2.51e-03	9.97e-01	0.00e+00	0.00e+00
 4.35058e+14	2.93e-20	1.69e-14	1.35e-09	7.82e-06	2.68e-03	9.97e-01	0.00e+00	0.00e+00
 4.49539e+14	3.81e-20	2.12e-14	1.63e-09	8.92e-06	2.88e-03	9.97e-01	0.00e+00	0.00e+00
 4.62423e+14	4.84e-20	2.59e-14	1.93e-09	9.99e-06	3.06e-03	9.97e-01	0.00e+00	0.00e+00
 4.76286e+14	6.08e-20	3.16e-14	2.29e-09	1.12e-05	3.26e-03	9.97e-01	0.00e+00	0.00e+00
 4.93819e+14	8.19e-20	4.08e-14	2.83e-09	1.30e-05	3.53e-03	9.96e-01	0.00e+00	0.00e+00
 5.11605e+14	1.08e-19	5.20e-14	3.48e-09	1.50e-05	3.81e-03	9.96e-01	0.00e+00	0.00e+00
 5.26735e+14	1.36e-19	6.34e-14	4.13e-09	1.68e-05	4.06e-03	9.96e-01	0.00e+00	0.00e+00
 5.42927e+14	1.74e-19	7.83e-14	4.93e-09	1.90e-05	4.34e-03	9.96e-01	0.00e+00	0.00e+00
 5.63136e+14	2.31e-19	1.00e-13	6.10e-09	2.20e-05	4.71e-03	9.95e-01	0.00e+00	0.00e+00
 5.83884e+14	3.09e-19	1.29e-13	7.55e-09	2.54e-05	5.10e-03	9.95e-01	0.00e+00	0.00e+00
 6.02175e+14	3.96e-19	1.60e-13	9.04e-09	2.87e-05	5.46e-03	9.95e-01	0.00e+00	0.00e+00
 6.21954e+14	5.07e-19	1.98e-13	1.09e-08	3.27e-05	5.86e-03	9.94e-01	0.00e+00	0.00e+00
 6.45811e+14	6.85e-19	2.58e-13	1.36e-08	3.80e-05	6.38e-03	9.94e-01	0.00e+00	0.00e+00
 6.69450e+14	9.10e-19	3.30e-13	1.68e-08	4.39e-05	6.91e-03	9.93e-01	0.00e+00	0.00e+00
 6.90491e+14	1.16e-18	4.07e-13	2.02e-08	4.97e-05	7.39e-03	9.93e-01	0.00e+00	0.00e+00
 7.13671e+14	1.52e-18	5.14e-13	2.45e-08	5.66e-05	7.96e-03	9.92e-01	0.00e+00	0.00e+00
 7.41324e+14	2.05e-18	6.67e-13	3.07e-08	6.59e-05	8.67e-03	9.91e-01	0.00e+00	0.00e+00
 7.68812e+14	2.75e-18	8.61e-13	3.81e-08	7.62e-05	9.40e-03	9.91e-01	0.00e+00	0.00e+00
 7.93981e+14	3.53e-18	1.07e-12	4.61e-08	8.67e-05	1.01e-02	9.90e-01	0.00e+00	0.00e+00
 8.22115e+14	4.75e-18	1.38e-12	5.66e-08	9.96e-05	1.09e-02	9.89e-01	0.00e+00	0.00e+00
 8.54792e+14	6.50e-18	1.81e-12	7.14e-08	1.16e-04	1.19e-02	9.88e-01	0.00e+00	0.00e+00
 8.86934e+14	8.81e-18	2.36e-12	8.90e-08	1.35e-04	1.29e-02	9.87e-01	0.00e+00	0.00e+00
 9.17561e+14	1.16e-17	3.00e-12	1.09e-07	1.54e-04	1.39e-02	9.86e-01	0.00e+00	0.00e+00
 9.44345e+14	1.48e-17	3.68e-12	1.29e-07	1.73e-04	1.48e-02	9.85e-01	0.00e+00	0.00e+00
 9.66465e+14	1.79e-17	4.34e-12	1.48e-07	1.90e-04	1.56e-02	9.84e-01	0.00e+00	0.00e+00
 9.90840e+14	2.21e-17	5.20e-12	1.72e-07	2.10e-04	1.65e-02	9.83e-01	0.00e+00	0.00e+00
 1.02253e+15	2.86e-17	6.50e-12	2.08e-07	2.38e-04	1.77e-02	9.82e-01	0.00e+00	0.00e+00
 1.05588e+15	3.77e-17	8.22e-12	2.53e-07	2.70e-04	1.90e-02	9.81e-01	0.00e+00	0.00e+00
 1.08457e+15	4.75e-17	1.00e-11	2.97e-07	3.00e-04	2.01e-02	9.80e-01	0.00e+00	0.00e+00
 1.11505e+15	5.99e-17	1.22e-11	3.50e-07	3.35e-04	2.14e-02	9.78e-01	0.00e+00	0.00e+00
 1.15467e+15	8.14e-17	1.58e-11	4.33e-07	3.86e-04	2.31e-02	9.77e-01	0.00e+00	0.00e+00
 1.19554e+15	1.09e-16	2.03e-11	5.34e-07	4.43e-04	2.50e-02	9.75e-01	0.00e+00	0.00e+00
 1.22966e+15	1.52e-16	2.52e-11	6.33e-07	4.95e-04	2.65e-02	9.73e-01	0.00e+00	0.00e+00
 1.26561e+15	1.96e-16	3.11e-11	7.53e-07	5.56e-04	2.82e-02	9.71e-01	0.00e+00	0.00e+00
 1.31167e+15	2.70e-16	4.06e-11	9.36e-07	6.41e-04	3.05e-02	9.69e-01	0.00e+00	0.00e+00
 1.36019e+15	3.74e-16	5.33e-11	1.17e-06	7.40e-04	3.30e-02	9.66e-01	0.00e+00	0.00e+00
 1.40336e+15	4.95e-16	6.74e-11	1.41e-06	8.38e-04	3.53e-02	9.64e-01	0.00e+00	0.00e+00
 1.45024e+15	6.62e-16	8.60e-11	1.72e-06	9.55e-04	3.78e-02	9.61e-01	0.00e+00	0.00e+00
 1.50628e+15	9.39e-16	1.15e-10	2.17e-06	1.11e-03	4.11e-02	9.58e-01	0.00e+00	0.00e+00
 1.56178e+15	1.30e-15	1.51e-10	2.70e-06	1.28e-03	4.43e-02	9.54e-01	0.00e+00	0.00e+00
 1.61200e+15	1.74e-15	1.92e-10	3.27e-06	1.45e-03	4.74e-02	9.51e-01	0.00e+00	0.00e+00
 1.66781e+15	2.31e-15	2.45e-10	4.02e-06	1.66e-03	5.09e-02	9.47e-01	0.00e+00	0.00e+00
 1.73335e+15	3.39e-15	3.34e-10	5.09e-06	1.94e-03	5.53e-02	9.43e-01	0.00e+00	0.00e+00
 1.79806e+15	4.79e-15	4.42e-10	6.36e-06	2.24e-03	5.96e-02	9.38e-01	0.00e+00	0.00e+00
 1.85866e+15	6.54e-15	5.71e-10	7.78e-06	2.56e-03	6.39e-02	9.34e-01	0.00e+00	0.00e+00
 1.92634e+15	8.86e-15	7.40e-10	9.66e-06	2.94e-03	6.87e-02	9.28e-01	0.00e+00	0.00e+00
 2.00342e+15	1.34e-14	1.02e-09	1.23e-05	3.44e-03	7.46e-02	9.22e-01	0.00e+00	0.00e+00
 2.07950e+15	1.91e-14	1.37e-09	1.54e-05	3.98e-03	8.05e-02	9.16e-01	0.00e+00	0.00e+00
 2.14174e+15	2.52e-14	1.72e-09	1.84e-05	4.47e-03	8.54e-02	9.10e-01	0.00e+00	0.00e+00
 2.19038e+15	3.12e-14	2.05e-09	2.11e-05	4.88e-03	8.93e-02	9.06e-01	0.00e+00	0.00e+00
 2.24370e+15	3.90e-14	2.46e-09	2.44e-05	5.36e-03	9.37e-02	9.01e-01	0.00e+00	0.00e+00
 2.31301e+15	5.24e-14	3.13e-09	2.94e-05	6.04e-03	9.96e-02	8.94e-01	0.00e+00	0.00e+00
 2.38794e+15	7.06e-14	3.99e-09	3.55e-05	6.83e-03	1.06e-01	8.87e-01	0.00e+00	0.00e+00
 2.45535e+15	8.99e-14	4.90e-09	4.20e-05	7.61e-03	1.12e-01	8.81e-01	0.00e+00	0.00e+00
 2.52814e+15	1.19e-13	6.14e-09	5.01e-05	8.52e-03	1.18e-01	8.73e-01	0.00e+00	0.00e+00
 2.62069e+15	1.74e-13	8.29e-09	6.23e-05	9.80e-03	1.27e-01	8.63e-01	0.00e+00	0.00e+00
 2.71394e+15	2.43e-13	1.09e-08	7.68e-05	1.12e-02	1.36e-01	8.53e-01	0.00e+00	0.00e+00
 2.79198e+15	3.19e-13	1.36e-08	9.10e-05	1.25e-02	1.43e-01	8.44e-01	0.00e+00	0.00e+00
 2.87522e+15	4.24e-13	1.71e-08	1.08e-04	1.40e-02	1.51e-01	8.35e-01	0.00e+00	0.00e+00
 2.98072e+15	5.73e-13	2.21e-08	1.34e-04	1.60e-02	1.61e-01	8.23e-01	0.00e+00	0.00e+00
 3.09005e+15	8.49e-13	3.00e-08	1.67e-04	1.84e-02	1.72e-01	8.09e-01	0.00e+00	0.00e+00
 3.18545e+15	1.14e-12	3.80e-08	2.00e-04	2.06e-02	1.82e-01	7.97e-01	0.00e+00	0.00e+00
 3.28791e+15	1.53e-12	4.83e-08	2.41e-04	2.32e-02	1.92e-01	7.85e-01	0.00e+00	0.00e+00
 3.41275e+15	2.10e-12	6.33e-08	2.99e-04	2.66e-02	2.05e-01	7.69e-01	0.00e+00	0.00e+00
 3.53725e+15	3.11e-12	8.59e-08	3.71e-04	3.04e-02	2.18e-01	7.51e-01	0.00e+00	0.00e+00
 3.64726e+15	4.17e-12	1.09e-07	4.44e-04	3.40e-02	2.29e-01	7.37e-01	0.00e+00	0.00e+00
 3.76786e+15	5.63e-12	1.39e-07	5.36e-04	3.83e-02	2.41e-01	7.20e-01	0.00e+00	0.00e+00
 3.91276e+15	7.78e-12	1.82e-07	6.66e-04	4.38e-02	2.55e-01	7.00e-01	0.00e+00	0.00e+00
 4.05274e+15	1.14e-11	2.46e-07	8.20e-04	4.98e-02	2.70e-01	6.79e-01	0.00e+00	0.00e+00
 4.17058e+15	1.50e-11	3.06e-07	9.67e-04	5.51e-02	2.82e-01	6.62e-01	0.00e+00	0.00e+00
 4.29615e+15	1.99e-11	3.85e-07	1.15e-03	6.12e-02	2.94e-01	6.44e-01	0.00e+00	0.00e+00
 4.45447e+15	2.67e-11	4.94e-07	1.41e-03	6.92e-02	3.08e-01	6.21e-01	0.00e+00	0.00e+00
 4.61920e+15	3.95e-11	6.70e-07	1.74e-03	7.85e-02	3.24e-01	5.96e-01	0.00e+00	0.00e+00
 4.74594e+15	5.08e-11	8.22e-07	2.02e-03	8.60e-02	3.35e-01	5.77e-01	0.00e+00	0.00e+00
 4.85952e+15	6.36e-11	9.85e-07	2.31e-03	9.31e-02	3.45e-01	5.60e-01	0.00e+00	0.00e+00
 5.00717e+15	8.36e-11	1.23e-06	2.74e-03	1.03e-01	3.56e-01	5.38e-01	0.00e+00	0.00e+00
 5.16422e+15	1.13e-10	1.57e-06	3.26e-03	1.14e-01	3.69e-01	5.14e-01	0.00e+00	0.00e+00
 5.30064e+15	1.44e-10	1.90e-06	3.76e-03	1.23e-01	3.78e-01	4.94e-01	0.00e+00	0.00e+00
 5.44514e+15	1.84e-10	2.32e-06	4.37e-03	1.34e-01	3.88e-01	4.73e-01	0.00e+00	0.00e+00
 5.63300e+15	2.57e-10	3.03e-06	5.28e-03	1.50e-01	3.99e-01	4.46e-01	0.00e+00	0.00e+00
 5.82129e+15	3.43e-10	3.83e-06	6.31e-03	1.65e-01	4.09e-01	4.20e-01	0.00e+00	0.00e+00
 5.97019e+15	4.24e-10	4.56e-06	7.23e-03	1.78e-01	4.16e-01	3.99e-01	0.00e+00	0.00e+00
 6.12380e+15	5.37e-10	5.52e-06	8.31e-03	1.92e-01	4.22e-01	3.78e-01	0.00e+00	0.00e+00
 6.32348e+15	7.65e-10	7.24e-06	9.95e-03	2.11e-01	4.29e-01	3.50e-01	0.00e+00	0.00e+00
 6.52689e+15	1.01e-09	9.06e-06	1.18e-02	2.30e-01	4.34e-01	3.25e-01	0.00e+00	0.00e+00
 6.69425e+15	1.25e-09	1.08e-05	1.34e-02	2.46e-01	4.36e-01	3.05e-01	0.00e+00	0.00e+00
 6.87095e+15	1.60e-09	1.31e-05	1.55e-02	2.64e-01	4.38e-01	2.83e-01	0.00e+00	0.00e+00
 7.06528e+15	2.20e-09	1.67e-05	1.81e-02	2.84e-01	4.38e-01	2.60e-01	0.00e+00	0.00e+00
 7.23971e+15	2.76e-09	2.01e-05	2.06e-02	3.02e-01	4.37e-01	2.41e-01	0.00e+00	0.00e+00
 7.42369e+15	3.51e-09	2.43e-05	2.36e-02	3.21e-01	4.34e-01	2.22e-01	0.00e+00	0.00e+00
 7.62281e+15	4.39e-09	2.91e-05	2.71e-02	3.42e-01	4.29e-01	2.02e-01	0.00e+00	0.00e+00
 7.80154e+15	5.83e-09	3.61e-05	3.09e-02	3.61e-01	4.24e-01	1.84e-01	0.00e+00	0.00e+00
 7.96203e+15	7.14e-09	4.23e-05	3.45e-02	3.78e-01	4.18e-01	1.70e-01	0.00e+00	0.00e+00
 8.10917e+15	8.62e-09	4.90e-05	3.81e-02	3.93e-01	4.11e-01	1.57e-01	0.00e+00	0.00e+00
 8.24902e+15	1.03e-08	5.63e-05	4.19e-02	4.08e-01	4.05e-01	1.46e-01	0.00e+00	0.00e+00
 8.40913e+15	1.21e-08	6.44e-05	4.65e-02	4.24e-01	3.96e-01	1.34e-01	0.00e+00	0.00e+00
 8.61726e+15	1.69e-08	8.21e-05	5.37e-02	4.46e-01	3.83e-01	1.17e-01	0.00e+00	0.00e+00
 8.82347e+15	2.04e-08	9.63e-05	6.10e-02	4.66e-01	3.69e-01	1.04e-01	0.00e+00	0.00e+00
 8.98972e+15	2.71e-08	1.18e-04	6.83e-02	4.82e-01	3.57e-01	9.29e-02	0.00e+00	0.00e+00
 9.13644e+15	3.26e-08	1.36e-04	7.50e-02	4.95e-01	3.45e-01	8.43e-02	0.00e+00	0.00e+00
 9.27275e+15	3.91e-08	1.57e-04	8.19e-02	5.08e-01	3.34e-01	7.65e-02	0.00e+00	0.00e+00
 9.42752e+15	4.84e-08	1.84e-04	9.06e-02	5.21e-01	3.20e-01	6.82e-02	0.00e+00	0.00e+00
 9.58970e+15	5.66e-08	2.09e-04	1.00e-01	5.34e-01	3.05e-01	6.07e-02	0.00e+00	0.00e+00
 9.76150e+15	7.70e-08	2.61e-04	1.13e-01	5.47e-01	2.88e-01	5.22e-02	0.00e+00	0.00e+00
 9.93544e+15	9.14e-08	3.00e-04	1.25e-01	5.58e-01	2.71e-01	4.54e-02	0.00e+00	0.00e+00
 1.00817e+16	1.13e-07	3.53e-04	1.38e-01	5.67e-01	2.56e-01	3.97e-02	0.00e+00	0.00e+00
 1.02179e+16	1.47e-07	4.25e-04	1.51e-01	5.73e-01	2.41e-01	3.44e-02	0.00e+00	0.00e+00
 1.03461e+16	1.79e-07	4.93e-04	1.65e-01	5.79e-01	2.26e-01	3.00e-02	0.00e+00	0.00e+00
 1.04682e+16	2.18e-07	5.69e-04	1.79e-01	5.83e-01	2.12e-01	2.62e-02	0.00e+00	0.00e+00
 1.05829e+16	2.63e-07	6.54e-04	1.93e-01	5.85e-01	1.99e-01	2.28e-02	0.00e+00	0.00e+00
 1.06873e+16	3.15e-07	7.45e-04	2.07e-01	5.86e-01	1.86e-01	2.00e-02	0.00e+00	0.00e+00
 1.07836e+16	3.73e-07	8.43e-04	2.21e-01	5.86e-01	1.74e-01	1.75e-02	0.00e+00	0.00e+00
 1.08740e+16	4.46e-07	9.59e-04	2.35e-01	5.85e-01	1.63e-01	1.53e-02	0.00e+00	0.00e+00
 1.09594e+16	5.13e-07	1.06e-03	2.49e-01	5.84e-01	1.53e-01	1.35e-02	0.00e+00	0.00e+00
 1.10535e+16	6.32e-07	1.23e-03	2.66e-01	5.80e-01	1.40e-01	1.14e-02	0.00e+00	0.00e+00
 1.11375e+16	7.23e-07	1.36e-03	2.81e-01	5.77e-01	1.31e-01	9.97e-03	0.00e+00	0.00e+00
 1.11935e+16	7.89e-07	1.45e-03	2.92e-01	5.74e-01	1.24e-01	9.03e-03	0.00e+00	0.00e+00
 1.12518e+16	8.88e-07	1.58e-03	3.04e-01	5.70e-01	1.16e-01	8.04e-03	0.00e+00	0.00e+00
 1.13171e+16	1.06e-06	1.79e-03	3.18e-01	5.65e-01	1.08e-01	6.96e-03	0.00e+00	0.00e+00
 1.13724e+16	1.19e-06	1.94e-03	3.30e-01	5.61e-01	1.01e-01	6.17e-03	0.00e+00	0.00e+00
 1.14179e+16	1.32e-06	2.10e-03	3.41e-01	5.56e-01	9.55e-02	5.53e-03	0.00e+00	0.00e+00
 1.14698e+16	1.48e-06	2.27e-03	3.53e-01	5.51e-01	8.91e-02	4.88e-03	0.00e+00	0.00e+00
 1.15374e+16	1.75e-06	2.55e-03	3.69e-01	5.43e-01	8.08e-02	4.06e-03	0.00e+00	0.00e+00
 1.16010e+16	1.92e-06	2.74e-03	3.83e-01	5.37e-01	7.39e-02	3.47e-03	0.00e+00	0.00e+00
 1.16594e+16	2.22e-06	3.03e-03	3.98e-01	5.29e-01	6.71e-02	2.91e-03	0.00e+00	0.00e+00
 1.17176e+16	2.56e-06	3.35e-03	4.13e-01	5.20e-01	6.08e-02	2.43e-03	0.00e+00	0.00e+00
 1.17629e+16	2.96e-06	3.69e-03	4.25e-01	5.13e-01	5.58e-02	2.07e-03	0.00e+00	0.00e+00
 1.17999e+16	3.23e-06	3.93e-03	4.35e-01	5.07e-01	5.21e-02	1.82e-03	0.00e+00	0.00e+00
 1.18391e+16	3.49e-06	4.15e-03	4.45e-01	5.02e-01	4.82e-02	1.59e-03	0.00e+00	0.00e+00
 1.18900e+16	4.09e-06	4.63e-03	4.59e-01	4.92e-01	4.31e-02	1.29e-03	0.00e+00	0.00e+00
 1.19413e+16	4.65e-06	5.05e-03	4.72e-01	4.83e-01	3.85e-02	1.05e-03	0.00e+00	0.00e+00
 1.19849e+16	5.17e-06	5.44e-03	4.83e-01	4.76e-01	3.49e-02	8.80e-04	0.00e+00	0.00e+00
 1.20334e+16	5.87e-06	5.94e-03	4.96e-01	4.67e-01	3.09e-02	7.07e-04	0.00e+00	0.00e+00
 1.20876e+16	6.72e-06	6.51e-03	5.09e-01	4.57e-01	2.70e-02	5.52e-04	0.00e+00	0.00e+00
 1.21394e+16	7.63e-06	7.10e-03	5.22e-01	4.47e-01	2.36e-02	4.32e-04	0.00e+00	0.00e+00
 1.21969e+16	8.82e-06	7.84e-03	5.36e-01	4.36e-01	2.01e-02	3.23e-04	0.00e+00	0.00e+00
 1.22598e+16	1.03e-05	8.68e-03	5.50e-01	4.24e-01	1.68e-02	2.35e-04	0.00e+00	0.00e+00
 1.23188e+16	1.18e-05	9.54e-03	5.63e-01	4.13e-01	1.42e-02	1.72e-04	0.00e+00	0.00e+00
 1.23847e+16	1.38e-05	1.06e-02	5.77e-01	4.01e-01	1.16e-02	1.20e-04	0.00e+00	0.00e+00
 1.24703e+16	1.67e-05	1.21e-02	5.94e-01	3.85e-01	8.97e-03	7.42e-05	0.00e+00	0.00e+00
 1.25433e+16	1.96e-05	1.34e-02	6.08e-01	3.71e-01	7.25e-03	5.03e-05	0.00e+00	0.00e+00
 1.25844e+16	2.14e-05	1.42e-02	6.15e-01	3.64e-01	6.43e-03	4.04e-05	0.00e+00	0.00e+00
 1.26225e+16	2.33e-05	1.50e-02	6.22e-01	3.57e-01	5.70e-03	3.24e-05	0.00e+00	0.00e+00
 1.26721e+16	2.60e-05	1.61e-02	6.31e-01	3.48e-01	4.88e-03	2.43e-05	0.00e+00	0.00e+00
 1.27366e+16	2.98e-05	1.77e-02	6.42e-01	3.36e-01	4.00e-03	1.68e-05	0.00e+00	0.00e+00
 1.28053e+16	3.44e-05	1.94e-02	6.54e-01	3.24e-01	3.26e-03	1.15e-05	0.00e+00	0.00e+00
 1.28659e+16	3.91e-05	2.11e-02	6.63e-01	3.13e-01	2.72e-03	8.24e-06	0.00e+00	0.00e+00
 1.29214e+16	4.41e-05	2.28e-02	6.72e-01	3.02e-01	2.30e-03	6.05e-06	0.00e+00	0.00e+00
 1.29759e+16	4.95e-05	2.46e-02	6.81e-01	2.92e-01	1.95e-03	4.47e-06	0.00e+00	0.00e+00
 1.30385e+16	5.66e-05	2.69e-02	6.90e-01	2.81e-01	1.61e-03	3.14e-06	0.00e+00	0.00e+00
 1.31067e+16	6.57e-05	2.96e-02	7.01e-01	2.68e-01	1.31e-03	2.16e-06	0.00e+00	0.00e+00
 1.31655e+16	7.48e-05	3.23e-02	7.09e-01	2.58e-01	1.10e-03	1.56e-06	0.00e+00	0.00e+00
 1.32162e+16	8.37e-05	3.47e-02	7.16e-01	2.48e-01	9.49e-04	1.19e-06	0.00e+00	0.00e+00
 1.32728e+16	9.51e-05	3.78e-02	7.24e-01	2.38e-01	7.97e-04	8.61e-07	0.00e+00	0.00e+00
 1.33359e+16	1.10e-04	4.15e-02	7.32e-01	2.26e-01	6.58e-04	0.00e+00	0.00e+00	0.00e+00
 1.33929e+16	1.26e-04	4.53e-02	7.39e-01	2.15e-01	5.53e-04	0.00e+00	0.00e+00	0.00e+00
 1.34427e+16	1.41e-04	4.90e-02	7.45e-01	2.06e-01	4.74e-04	0.00e+00	0.00e+00	0.00e+00
 1.34979e+16	1.62e-04	5.35e-02	7.51e-01	1.95e-01	3.97e-04	0.00e+00	0.00e+00	0.00e+00
 1.35583e+16	1.88e-04	5.89e-02	7.57e-01	1.84e-01	3.28e-04	0.00e+00	0.00e+00	0.00e+00
 1.36118e+16	2.15e-04	6.44e-02	7.61e-01	1.74e-01	2.77e-04	0.00e+00	0.00e+00	0.00e+00
 1.36587e+16	2.43e-04	6.96e-02	7.65e-01	1.65e-01	2.37e-04	0.00e+00	0.00e+00	0.00e+00
 1.37104e+16	2.79e-04	7.61e-02	7.68e-01	1.56e-01	1.99e-04	0.00e+00	0.00e+00	0.00e+00
 1.37671e+16	3.25e-04	8.40e-02	7.70e-01	1.45e-01	1.64e-04	0.00e+00	0.00e+00	0.00e+00
 1.38173e+16	3.73e-04	9.19e-02	7.72e-01	1.36e-01	1.38e-04	0.00e+00	0.00e+00	0.00e+00
 1.38615e+16	4.22e-04	9.96e-02	7.72e-01	1.28e-01	1.18e-04	0.00e+00	0.00e+00	0.00e+00
 1.39107e+16	4.88e-04	1.09e-01	7.71e-01	1.19e-01	9.80e-05	0.00e+00	0.00e+00	0.00e+00
 1.39643e+16	5.72e-04	1.21e-01	7.69e-01	1.10e-01	8.02e-05	0.00e+00	0.00e+00	0.00e+00
 1.40116e+16	6.59e-04	1.33e-01	7.65e-01	1.01e-01	6.68e-05	0.00e+00	0.00e+00	0.00e+00
 1.40529e+16	7.51e-04	1.44e-01	7.61e-01	9.43e-02	5.66e-05	0.00e+00	0.00e+00	0.00e+00
 1.40985e+16	8.68e-04	1.58e-01	7.55e-01	8.67e-02	4.67e-05	0.00e+00	0.00e+00	0.00e+00
 1.41491e+16	1.02e-03	1.75e-01	7.46e-01	7.84e-02	3.76e-05	0.00e+00	0.00e+00	0.00e+00
 1.41949e+16	1.19e-03	1.93e-01	7.35e-01	7.10e-02	3.06e-05	0.00e+00	0.00e+00	0.00e+00
 1.42351e+16	1.37e-03	2.10e-01	7.24e-01	6.47e-02	2.54e-05	0.00e+00	0.00e+00	0.00e+00
 1.42795e+16	1.60e-03	2.31e-01	7.09e-01	5.80e-02	2.04e-05	0.00e+00	0.00e+00	0.00e+00
 1.43288e+16	1.91e-03	2.57e-01	6.90e-01	5.09e-02	1.58e-05	0.00e+00	0.00e+00	0.00e+00
 1.43741e+16	2.26e-03	2.85e-01	6.69e-01	4.46e-02	1.24e-05	0.00e+00	0.00e+00	0.00e+00
 1.44155e+16	2.65e-03	3.12e-01	6.46e-01	3.91e-02	9.74e-06	0.00e+00	0.00e+00	0.00e+00
 1.44623e+16	3.17e-03	3.47e-01	6.17e-01	3.32e-02	7.30e-06	0.00e+00	0.00e+00	0.00e+00
 1.45138e+16	3.88e-03	3.90e-01	5.79e-01	2.72e-02	5.18e-06	0.00e+00	0.00e+00	0.00e+00
 1.45591e+16	4.67e-03	4.32e-01	5.41e-01	2.23e-02	3.74e-06	0.00e+00	0.00e+00	0.00e+00
 1.45972e+16	5.49e-03	4.70e-01	5.06e-01	1.85e-02	2.78e-06	0.00e+00	0.00e+00	0.00e+00
 1.46385e+16	6.54e-03	5.14e-01	4.64e-01	1.49e-02	1.96e-06	0.00e+00	0.00e+00	0.00e+00
 1.46837e+16	7.92e-03	5.66e-01	4.15e-01	1.13e-02	1.29e-06	0.00e+00	0.00e+00	0.00e+00
 1.47232e+16	9.45e-03	6.14e-01	3.68e-01	8.61e-03	8.58e-07	0.00e+00	0.00e+00	0.00e+00
 1.47537e+16	1.08e-02	6.51e-01	3.31e-01	6.83e-03	0.00e+00	0.00e+00	0.00e+00	0.00e+00
 1.47783e+16	1.21e-02	6.81e-01	3.01e-01	5.57e-03	0.00e+00	0.00e+00	0.00e+00	0.00e+00
 1.48054e+16	1.37e-02	7.14e-01	2.68e-01	4.37e-03	0.00e+00	0.00e+00	0.00e+00	0.00e+00
 1.48357e+16	1.57e-02	7.49e-01	2.32e-01	3.25e-03	0.00e+00	0.00e+00	0.00e+00	0.00e+00
 1.48627e+16	1.79e-02	7.80e-01	2.00e-01	2.43e-03	0.00e+00	0.00e+00	0.00e+00	0.00e+00
 1.48852e+16	2.00e-02	8.04e-01	1.74e-01	1.86e-03	0.00e+00	0.00e+00	0.00e+00	0.00e+00
 1.49059e+16	2.21e-02	8.24e-01	1.52e-01	1.44e-03	0.00e+00	0.00e+00	0.00e+00	0.00e+00
 1.49296e+16	2.48e-02	8.45e-01	1.29e-01	1.05e-03	0.00e+00	0.00e+00	0.00e+00	0.00e+00
 1.49551e+16	2.82e-02	8.65e-01	1.06e-01	7.23e-04	0.00e+00	0.00e+00	0.00e+00	0.00e+00
 1.49769e+16	3.16e-02	8.80e-01	8.78e-02	5.12e-04	0.00e+00	0.00e+00	0.00e+00	0.00e+00
 1.49952e+16	3.48e-02	8.91e-01	7.42e-02	3.77e-04	0.00e+00	0.00e+00	0.00e+00	0.00e+00
 1.50149e+16	3.87e-02	9.00e-01	6.13e-02	2.66e-04	0.00e+00	0.00e+00	0.00e+00	0.00e+00
 1.50368e+16	4.36e-02	9.07e-01	4.88e-02	1.76e-04	0.00e+00	0.00e+00	0.00e+00	0.00e+00
 1.50567e+16	4.88e-02	9.12e-01	3.90e-02	1.18e-04	0.00e+00	0.00e+00	0.00e+00	0.00e+00
 1.50739e+16	5.39e-02	9.14e-01	3.18e-02	8.15e-05	0.00e+00	0.00e+00	0.00e+00	0.00e+00
 1.50926e+16	6.02e-02	9.15e-01	2.51e-02	5.35e-05	0.00e+00	0.00e+00	0.00e+00	0.00e+00
 1.51123e+16	6.75e-02	9.13e-01	1.93e-02	3.36e-05	0.00e+00	0.00e+00	0.00e+00	0.00e+00
 1.51287e+16	7.50e-02	9.10e-01	1.53e-02	2.22e-05	0.00e+00	0.00e+00	0.00e+00	0.00e+00
 1.51424e+16	8.16e-02	9.06e-01	1.25e-02	1.56e-05	0.00e+00	0.00e+00	0.00e+00	0.00e+00
 1.51557e+16	8.88e-02	9.01e-01	1.02e-02	1.09e-05	0.00e+00	0.00e+00	0.00e+00	0.00e+00
 1.51698e+16	9.69e-02	8.95e-01	8.17e-03	7.31e-06	0.00e+00	0.00e+00	0.00e+00	0.00e+00
 1.51837e+16	1.06e-01	8.88e-01	6.51e-03	4.89e-06	0.00e+00	0.00e+00	0.00e+00	0.00e+00
 1.51958e+16	1.14e-01	8.80e-01	5.30e-03	3.41e-06	0.00e+00	0.00e+00	0.00e+00	0.00e+00
 1.52063e+16	1.22e-01	8.73e-01	4.42e-03	2.46e-06	0.00e+00	0.00e+00	0.00e+00	0.00e+00
 1.52160e+16	1.30e-01	8.67e-01	3.72e-03	1.82e-06	0.00e+00	0.00e+00	0.00e+00	0.00e+00
 1.52233e+16	1.36e-01	8.61e-01	3.27e-03	1.45e-06	0.00e+00	0.00e+00	0.00e+00	0.00e+00
 1.52281e+16	1.40e-01	8.57e-01	2.99e-03	1.24e-06	0.00e+00	0.00e+00	0.00e+00	0.00e+00
 1.52327e+16	1.44e-01	8.53e-01	2.75e-03	1.06e-06	0.00e+00	0.00e+00	0.00e+00	0.00e+00
 1.52380e+16	1.49e-01	8.49e-01	2.48e-03	8.89e-07	0.00e+00	0.00e+00	0.00e+00	0.00e+00
 1.52437e+16	1.54e-01	8.44e-01	2.23e-03	0.00e+00	0.00e+00	0.00e+00	0.00e+00	0.00e+00
 1.52492e+16	1.60e-01	8.38e-01	2.00e-03	0.00e+00	0.00e+00	0.00e+00	0.00e+00	0.00e+00
 1.52544e+16	1.65e-01	8.33e-01	1.81e-03	0.00e+00	0.00e+00	0.00e+00	0.00e+00	0.00e+00
 1.52595e+16	1.70e-01	8.28e-01	1.63e-03	0.00e+00	0.00e+00	0.00e+00	0.00e+00	0.00e+00
 1.52647e+16	1.75e-01	8.23e-01	1.47e-03	0.00e+00	0.00e+00	0.00e+00	0.00e+00	0.00e+00
 1.52699e+16	1.81e-01	8.18e-01	1.33e-03	0.00e+00	0.00e+00	0.00e+00	0.00e+00	0.00e+00
 1.52749e+16	1.87e-01	8.12e-01	1.20e-03	0.00e+00	0.00e+00	0.00e+00	0.00e+00	0.00e+00
 1.52799e+16	1.93e-01	8.06e-01	1.08e-03	0.00e+00	0.00e+00	0.00e+00	0.00e+00	0.00e+00
 1.52850e+16	1.99e-01	8.00e-01	9.71e-04	0.00e+00	0.00e+00	0.00e+00	0.00e+00	0.00e+00
 1.52899e+16	2.05e-01	7.94e-01	8.75e-04	0.00e+00	0.00e+00	0.00e+00	0.00e+00	0.00e+00
 1.52947e+16	2.11e-01	7.89e-01	7.90e-04	0.00e+00	0.00e+00	0.00e+00	0.00e+00	0.00e+00
 1.52996e+16	2.17e-01	7.82e-01	7.10e-04	0.00e+00	0.00e+00	0.00e+00	0.00e+00	0.00e+00
 1.53044e+16	2.24e-01	7.76e-01	6.39e-04	0.00e+00	0.00e+00	0.00e+00	0.00e+00	0.00e+00
 1.53091e+16	2.30e-01	7.69e-01	5.75e-04	0.00e+00	0.00e+00	0.00e+00	0.00e+00	0.00e+00
 1.53138e+16	2.37e-01	7.62e-01	5.17e-04	0.00e+00	0.00e+00	0.00e+00	0.00e+00	0.00e+00
 1.53185e+16	2.44e-01	7.55e-01	4.64e-04	0.00e+00	0.00e+00	0.00e+00	0.00e+00	0.00e+00
 1.53232e+16	2.51e-01	7.48e-01	4.17e-04	0.00e+00	0.00e+00	0.00e+00	0.00e+00	0.00e+00
 1.53278e+16	2.59e-01	7.41e-01	3.75e-04	0.00e+00	0.00e+00	0.00e+00	0.00e+00	0.00e+00
 1.53322e+16	2.66e-01	7.33e-01	3.37e-04	0.00e+00	0.00e+00	0.00e+00	0.00e+00	0.00e+00
 1.53368e+16	2.75e-01	7.25e-01	3.02e-04	0.00e+00	0.00e+00	0.00e+00	0.00e+00	0.00e+00
 1.53413e+16	2.83e-01	7.17e-01	2.70e-04	0.00e+00	0.00e+00	0.00e+00	0.00e+00	0.00e+00
 1.53457e+16	2.91e-01	7.08e-01	2.42e-04	0.00e+00	0.00e+00	0.00e+00	0.00e+00	0.00e+00
 1.53501e+16	3.00e-01	7.00e-01	2.17e-04	0.00e+00	0.00e+00	0.00e+00	0.00e+00	0.00e+00
 1.53544e+16	3.09e-01	6.91e-01	1.95e-04	0.00e+00	0.00e+00	0.00e+00	0.00e+00	0.00e+00
 1.53588e+16	3.19e-01	6.81e-01	1.74e-04	0.00e+00	0.00e+00	0.00e+00	0.00e+00	0.00e+00
 1.53631e+16	3.29e-01	6.71e-01	1.55e-04	0.00e+00	0.00e+00	0.00e+00	0.00e+00	0.00e+00
 1.53673e+16	3.40e-01	6.60e-01	1.39e-04	0.00e+00	0.00e+00	0.00e+00	0.00e+00	0.00e+00
 1.53715e+16	3.51e-01	6.49e-01	1.24e-04	0.00e+00	0.00e+00	0.00e+00	0.00e+00	0.00e+00
 1.53756e+16	3.62e-01	6.38e-01	1.11e-04	0.00e+00	0.00e+00	0.00e+00	0.00e+00	0.00e+00
 1.53796e+16	3.75e-01	6.25e-01	9.89e-05	0.00e+00	0.00e+00	0.00e+00	0.00e+00	0.00e+00
 1.53836e+16	3.87e-01	6.13e-01	8.85e-05	0.00e+00	0.00e+00	0.00e+00	0.00e+00	0.00e+00
 1.53875e+16	3.99e-01	6.01e-01	7.93e-05	0.00e+00	0.00e+00	0.00e+00	0.00e+00	0.00e+00
 1.53913e+16	4.11e-01	5.88e-01	7.09e-05	0.00e+00	0.00e+00	0.00e+00	0.00e+00	0.00e+00
 1.53952e+16	4.27e-01	5.73e-01	6.31e-05	0.00e+00	0.00e+00	0.00e+00	0.00e+00	0.00e+00
 1.53990e+16	4.40e-01	5.60e-01	5.64e-05	0.00e+00	0.00e+00	0.00e+00	0.00e+00	0.00e+00
 1.54027e+16	4.56e-01	5.44e-01	5.03e-05	0.00e+00	0.00e+00	0.00e+00	0.00e+00	0.00e+00
 1.54064e+16	4.71e-01	5.29e-01	4.48e-05	0.00e+00	0.00e+00	0.00e+00	0.00e+00	0.00e+00
 1.54101e+16	4.88e-01	5.12e-01	3.98e-05	0.00e+00	0.00e+00	0.00e+00	0.00e+00	0.00e+00
 1.54138e+16	5.05e-01	4.95e-01	3.54e-05	0.00e+00	0.00e+00	0.00e+00	0.00e+00	0.00e+00
 1.54174e+16	5.22e-01	4.78e-01	3.14e-05	0.00e+00	0.00e+00	0.00e+00	0.00e+00	0.00e+00
 1.54210e+16	5.43e-01	4.57e-01	2.76e-05	0.00e+00	0.00e+00	0.00e+00	0.00e+00	0.00e+00
 1.54246e+16	5.62e-01	4.38e-01	2.44e-05	0.00e+00	0.00e+00	0.00e+00	0.00e+00	0.00e+00
 1.54282e+16	5.82e-01	4.18e-01	2.15e-05	0.00e+00	0.00e+00	0.00e+00	0.00e+00	0.00e+00
 1.54319e+16	6.02e-01	3.98e-01	1.89e-05	0.00e+00	0.00e+00	0.00e+00	0.00e+00	0.00e+00
 1.54356e+16	6.23e-01	3.77e-01	1.66e-05	0.00e+00	0.00e+00	0.00e+00	0.00e+00	0.00e+00
 1.54393e+16	6.45e-01	3.55e-01	1.45e-05	0.00e+00	0.00e+00	0.00e+00	0.00e+00	0.00e+00
 1.54430e+16	6.66e-01	3.34e-01	1.26e-05	0.00e+00	0.00e+00	0.00e+00	0.00e+00	0.00e+00
 1.54465e+16	6.86e-01	3.14e-01	1.11e-05	0.00e+00	0.00e+00	0.00e+00	0.00e+00	0.00e+00
 1.54493e+16	7.02e-01	2.98e-01	9.98e-06	0.00e+00	0.00e+00	0.00e+00	0.00e+00	0.00e+00
 1.54520e+16	7.16e-01	2.84e-01	9.06e-06	0.00e+00	0.00e+00	0.00e+00	0.00e+00	0.00e+00
 1.54547e+16	7.32e-01	2.68e-01	8.12e-06	0.00e+00	0.00e+00	0.00e+00	0.00e+00	0.00e+00
 1.54576e+16	7.46e-01	2.54e-01	7.32e-06	0.00e+00	0.00e+00	0.00e+00	0.00e+00	0.00e+00
 1.54603e+16	7.62e-01	2.38e-01	6.55e-06	0.00e+00	0.00e+00	0.00e+00	0.00e+00	0.00e+00
 1.54629e+16	7.74e-01	2.26e-01	5.95e-06	0.00e+00	0.00e+00	0.00e+00	0.00e+00	0.00e+00
 1.54655e+16	7.87e-01	2.13e-01	5.39e-06	0.00e+00	0.00e+00	0.00e+00	0.00e+00	0.00e+00
 1.54681e+16	8.00e-01	2.00e-01	4.87e-06	0.00e+00	0.00e+00	0.00e+00	0.00e+00	0.00e+00
 1.54707e+16	8.11e-01	1.89e-01	4.41e-06	0.00e+00	0.00e+00	0.00e+00	0.00e+00	0.00e+00
 1.54732e+16	8.23e-01	1.77e-01	4.00e-06	0.00e+00	0.00e+00	0.00e+00	0.00e+00	0.00e+00
 1.54757e+16	8.33e-01	1.67e-01	3.64e-06	0.00e+00	0.00e+00	0.00e+00	0.00e+00	0.00e+00
 1.54783e+16	8.43e-01	1.57e-01	3.31e-06	0.00e+00	0.00e+00	0.00e+00	0.00e+00	0.00e+00
 1.54808e+16	8.52e-01	1.48e-01	3.02e-06	0.00e+00	0.00e+00	0.00e+00	0.00e+00	0.00e+00
 1.54833e+16	8.61e-01	1.39e-01	2.75e-06	0.00e+00	0.00e+00	0.00e+00	0.00e+00	0.00e+00
 1.54858e+16	8.70e-01	1.30e-01	2.51e-06	0.00e+00	0.00e+00	0.00e+00	0.00e+00	0.00e+00
 1.54884e+16	8.78e-01	1.22e-01	2.28e-06	0.00e+00	0.00e+00	0.00e+00	0.00e+00	0.00e+00
 1.54910e+16	8.85e-01	1.15e-01	2.09e-06	0.00e+00	0.00e+00	0.00e+00	0.00e+00	0.00e+00
 1.54937e+16	8.92e-01	1.08e-01	1.91e-06	0.00e+00	0.00e+00	0.00e+00	0.00e+00	0.00e+00
 1.54963e+16	8.98e-01	1.02e-01	1.75e-06	0.00e+00	0.00e+00	0.00e+00	0.00e+00	0.00e+00
 1.54990e+16	9.04e-01	9.55e-02	1.61e-06	0.00e+00	0.00e+00	0.00e+00	0.00e+00	0.00e+00
 1.55018e+16	9.10e-01	8.99e-02	1.48e-06	0.00e+00	0.00e+00	0.00e+00	0.00e+00	0.00e+00
 1.55047e+16	9.15e-01	8.47e-02	1.36e-06	0.00e+00	0.00e+00	0.00e+00	0.00e+00	0.00e+00
 1.55076e+16	9.20e-01	7.98e-02	1.25e-06	0.00e+00	0.00e+00	0.00e+00	0.00e+00	0.00e+00
 1.55105e+16	9.25e-01	7.53e-02	1.16e-06	0.00e+00	0.00e+00	0.00e+00	0.00e+00	0.00e+00
 1.55136e+16	9.29e-01	7.11e-02	1.07e-06	0.00e+00	0.00e+00	0.00e+00	0.00e+00	0.00e+00
 1.55169e+16	9.33e-01	6.70e-02	9.85e-07	0.00e+00	0.00e+00	0.00e+00	0.00e+00	0.00e+00
 1.55203e+16	9.37e-01	6.32e-02	9.10e-07	0.00e+00	0.00e+00	0.00e+00	0.00e+00	0.00e+00
