#depth	O	O+	O+2	O+3	O+4	O+5	O+6	O+7	O+8	O[1]	O[2]	O[3]
 1.49634e+10	0.00e+00	0.00e+00	1.04e-32	1.01e-23	1.44e-15	2.75e-08	1.00e+00	0.00e+00	0.00e+00	0.00e+00	0.00e+00	0.00e+00
 4.54887e+10	0.00e+00	1.50e-42	1.43e-32	1.29e-23	1.69e-15	2.98e-08	1.00e+00	3.30e-07	0.00e+00	0.00e+00	0.00e+00	0.00e+00
 7.72350e+10	0.00e+00	0.00e+00	1.97e-32	1.64e-23	1.99e-15	3.24e-08	1.00e+00	0.00e+00	0.00e+00	0.00e+00	0.00e+00	0.00e+00
 1.10251e+11	0.00e+00	3.36e-42	2.73e-32	2.09e-23	2.35e-15	3.51e-08	1.00e+00	0.00e+00	0.00e+00	0.00e+00	0.00e+00	0.00e+00
 1.44588e+11	0.00e+00	0.00e+00	3.77e-32	2.67e-23	2.77e-15	3.81e-08	1.00e+00	0.00e+00	0.00e+00	0.00e+00	0.00e+00	0.00e+00
 1.80298e+11	0.00e+00	7.54e-42	5.21e-32	3.41e-23	3.26e-15	4.14e-08	1.00e+00	0.00e+00	0.00e+00	0.00e+00	0.00e+00	0.00e+00
 2.13871e+11	0.00e+00	0.00e+00	6.98e-32	4.25e-23	3.78e-15	4.46e-08	1.00e+00	0.00e+00	0.00e+00	0.00e+00	0.00e+00	0.00e+00
 2.43884e+11	0.00e+00	1.49e-41	9.00e-32	5.15e-23	4.31e-15	4.76e-08	1.00e+00	0.00e+00	0.00e+00	0.00e+00	0.00e+00	0.00e+00
 2.77570e+11	0.00e+00	0.00e+00	1.19e-31	6.35e-23	4.96e-15	5.12e-08	1.00e+00	0.00e+00	0.00e+00	0.00e+00	0.00e+00	0.00e+00
 3.17506e+11	0.00e+00	3.14e-41	1.63e-31	8.07e-23	5.83e-15	5.55e-08	1.00e+00	0.00e+00	0.00e+00	0.00e+00	0.00e+00	0.00e+00
 3.57649e+11	0.00e+00	0.00e+00	2.22e-31	1.02e-22	6.82e-15	6.01e-08	1.00e+00	0.00e+00	0.00e+00	0.00e+00	0.00e+00	0.00e+00
 3.95308e+11	0.00e+00	6.52e-41	2.93e-31	1.26e-22	7.86e-15	6.45e-08	1.00e+00	0.00e+00	0.00e+00	0.00e+00	0.00e+00	0.00e+00
 4.36959e+11	0.00e+00	0.00e+00	3.95e-31	1.58e-22	9.16e-15	6.97e-08	1.00e+00	0.00e+00	0.00e+00	0.00e+00	0.00e+00	0.00e+00
 4.84364e+11	0.00e+00	1.43e-40	5.49e-31	2.02e-22	1.08e-14	7.59e-08	1.00e+00	0.00e+00	0.00e+00	0.00e+00	0.00e+00	0.00e+00
 5.31653e+11	0.00e+00	0.00e+00	7.53e-31	2.57e-22	1.27e-14	8.24e-08	1.00e+00	0.00e+00	0.00e+00	0.00e+00	0.00e+00	0.00e+00
 5.80834e+11	0.00e+00	3.13e-40	1.03e-30	3.27e-22	1.50e-14	8.94e-08	1.00e+00	0.00e+00	0.00e+00	0.00e+00	0.00e+00	0.00e+00
 6.33994e+11	0.00e+00	0.00e+00	1.44e-30	4.20e-22	1.78e-14	9.75e-08	1.00e+00	0.00e+00	0.00e+00	0.00e+00	0.00e+00	0.00e+00
 6.89281e+11	0.00e+00	7.13e-40	2.00e-30	5.39e-22	2.11e-14	1.06e-07	1.00e+00	0.00e+00	0.00e+00	0.00e+00	0.00e+00	0.00e+00
 7.41412e+11	0.00e+00	0.00e+00	2.70e-30	6.77e-22	2.46e-14	1.15e-07	1.00e+00	0.00e+00	0.00e+00	0.00e+00	0.00e+00	0.00e+00
 7.88328e+11	0.00e+00	1.44e-39	3.51e-30	8.27e-22	2.82e-14	1.23e-07	1.00e+00	0.00e+00	0.00e+00	0.00e+00	0.00e+00	0.00e+00
 8.41159e+11	0.00e+00	0.00e+00	4.67e-30	1.03e-21	3.27e-14	1.33e-07	1.00e+00	0.00e+00	0.00e+00	0.00e+00	0.00e+00	0.00e+00
 9.03404e+11	0.00e+00	3.08e-39	6.47e-30	1.32e-21	3.87e-14	1.45e-07	1.00e+00	0.00e+00	0.00e+00	0.00e+00	0.00e+00	0.00e+00
 9.65613e+11	0.00e+00	0.00e+00	8.86e-30	1.68e-21	4.56e-14	1.57e-07	1.00e+00	0.00e+00	0.00e+00	0.00e+00	0.00e+00	0.00e+00
 1.02419e+12	0.00e+00	6.49e-39	1.18e-29	2.08e-21	5.30e-14	1.70e-07	1.00e+00	0.00e+00	0.00e+00	0.00e+00	0.00e+00	0.00e+00
 1.08896e+12	0.00e+00	0.00e+00	1.60e-29	2.63e-21	6.22e-14	1.84e-07	1.00e+00	0.00e+00	0.00e+00	0.00e+00	0.00e+00	0.00e+00
 1.16244e+12	0.00e+00	1.44e-38	2.24e-29	3.40e-21	7.41e-14	2.02e-07	1.00e+00	0.00e+00	0.00e+00	0.00e+00	0.00e+00	0.00e+00
 1.23510e+12	0.00e+00	0.00e+00	3.08e-29	4.34e-21	8.77e-14	2.20e-07	1.00e+00	0.00e+00	0.00e+00	0.00e+00	0.00e+00	0.00e+00
 1.31066e+12	0.00e+00	3.17e-38	4.24e-29	5.54e-21	1.04e-13	2.40e-07	1.00e+00	0.00e+00	0.00e+00	0.00e+00	0.00e+00	0.00e+00
 1.39301e+12	0.00e+00	0.00e+00	5.92e-29	7.17e-21	1.24e-13	2.63e-07	1.00e+00	0.00e+00	0.00e+00	0.00e+00	0.00e+00	0.00e+00
 1.47613e+12	0.00e+00	7.17e-38	8.20e-29	9.21e-21	1.48e-13	2.87e-07	1.00e+00	0.00e+00	0.00e+00	0.00e+00	0.00e+00	0.00e+00
 1.56258e+12	0.00e+00	0.00e+00	1.14e-28	1.18e-20	1.76e-13	3.15e-07	1.00e+00	0.00e+00	0.00e+00	0.00e+00	0.00e+00	0.00e+00
 1.65173e+12	0.00e+00	1.60e-37	1.57e-28	1.52e-20	2.09e-13	3.44e-07	1.00e+00	0.00e+00	0.00e+00	0.00e+00	0.00e+00	0.00e+00
 1.73925e+12	0.00e+00	0.00e+00	2.13e-28	1.92e-20	2.47e-13	3.75e-07	1.00e+00	0.00e+00	0.00e+00	0.00e+00	0.00e+00	0.00e+00
 1.83354e+12	0.00e+00	3.45e-37	2.93e-28	2.46e-20	2.93e-13	4.10e-07	1.00e+00	0.00e+00	0.00e+00	0.00e+00	0.00e+00	0.00e+00
 1.93681e+12	0.00e+00	0.00e+00	4.09e-28	3.19e-20	3.52e-13	4.51e-07	1.00e+00	0.00e+00	0.00e+00	0.00e+00	0.00e+00	0.00e+00
 2.04421e+12	0.00e+00	7.83e-37	5.71e-28	4.13e-20	4.22e-13	4.96e-07	1.00e+00	0.00e+00	0.00e+00	0.00e+00	0.00e+00	0.00e+00
 2.15591e+12	0.00e+00	0.00e+00	7.97e-28	5.36e-20	5.07e-13	5.46e-07	1.00e+00	0.00e+00	0.00e+00	0.00e+00	0.00e+00	0.00e+00
 2.27207e+12	0.00e+00	1.77e-36	1.11e-27	6.94e-20	6.10e-13	6.02e-07	1.00e+00	0.00e+00	0.00e+00	0.00e+00	0.00e+00	0.00e+00
 2.37710e+12	7.73e-46	2.51e-36	1.48e-27	8.69e-20	7.16e-13	6.55e-07	1.00e+00	0.00e+00	0.00e+00	0.00e+00	0.00e+00	0.00e+00
 2.46455e+12	0.00e+00	0.00e+00	1.87e-27	1.04e-19	8.15e-13	7.02e-07	1.00e+00	0.00e+00	0.00e+00	0.00e+00	0.00e+00	0.00e+00
 2.56033e+12	0.00e+00	4.49e-36	2.39e-27	1.26e-19	9.36e-13	7.55e-07	1.00e+00	0.00e+00	0.00e+00	0.00e+00	0.00e+00	0.00e+00
 2.68172e+12	2.39e-45	6.47e-36	3.22e-27	1.60e-19	1.11e-12	8.26e-07	1.00e+00	0.00e+00	0.00e+00	0.00e+00	0.00e+00	0.00e+00
 2.80841e+12	0.00e+00	0.00e+00	4.35e-27	2.03e-19	1.32e-12	9.06e-07	1.00e+00	0.00e+00	0.00e+00	0.00e+00	0.00e+00	0.00e+00
 2.91586e+12	0.00e+00	1.25e-35	5.56e-27	2.47e-19	1.51e-12	9.76e-07	1.00e+00	0.00e+00	0.00e+00	0.00e+00	0.00e+00	0.00e+00
 3.02629e+12	7.45e-45	1.68e-35	7.09e-27	2.99e-19	1.74e-12	1.05e-06	1.00e+00	0.00e+00	0.00e+00	0.00e+00	0.00e+00	0.00e+00
 3.16545e+12	0.00e+00	0.00e+00	9.52e-27	3.78e-19	2.06e-12	1.15e-06	1.00e+00	0.00e+00	0.00e+00	0.00e+00	0.00e+00	0.00e+00
 3.30687e+12	0.00e+00	3.39e-35	1.27e-26	4.75e-19	2.44e-12	1.26e-06	1.00e+00	0.00e+00	0.00e+00	0.00e+00	0.00e+00	0.00e+00
 3.42803e+12	2.40e-44	4.50e-35	1.61e-26	5.74e-19	2.80e-12	1.36e-06	1.00e+00	0.00e+00	0.00e+00	0.00e+00	0.00e+00	0.00e+00
 3.55793e+12	0.00e+00	6.04e-35	2.05e-26	6.98e-19	3.23e-12	1.47e-06	1.00e+00	0.00e+00	0.00e+00	0.00e+00	0.00e+00	0.00e+00
 3.71895e+12	5.13e-44	8.56e-35	2.75e-26	8.82e-19	3.83e-12	1.61e-06	1.00e+00	0.00e+00	0.00e+00	0.00e+00	0.00e+00	0.00e+00
 3.88414e+12	0.00e+00	1.20e-34	3.66e-26	1.11e-18	4.53e-12	1.77e-06	1.00e+00	0.00e+00	0.00e+00	0.00e+00	0.00e+00	0.00e+00
 4.03262e+12	1.09e-43	1.62e-34	4.68e-26	1.35e-18	5.23e-12	1.92e-06	1.00e+00	0.00e+00	0.00e+00	0.00e+00	0.00e+00	0.00e+00
 4.19565e+12	0.00e+00	2.20e-34	6.07e-26	1.67e-18	6.10e-12	2.08e-06	1.00e+00	0.00e+00	0.00e+00	0.00e+00	0.00e+00	0.00e+00
 4.38852e+12	2.37e-43	3.13e-34	8.16e-26	2.12e-18	7.26e-12	2.29e-06	1.00e+00	0.00e+00	0.00e+00	0.00e+00	0.00e+00	0.00e+00
 4.58185e+12	0.00e+00	4.38e-34	1.08e-25	2.67e-18	8.59e-12	2.52e-06	1.00e+00	0.00e+00	0.00e+00	0.00e+00	0.00e+00	0.00e+00
 4.76502e+12	5.02e-43	5.95e-34	1.40e-25	3.28e-18	1.00e-11	2.74e-06	1.00e+00	0.00e+00	0.00e+00	0.00e+00	0.00e+00	0.00e+00
 4.96765e+12	0.00e+00	8.22e-34	1.84e-25	4.10e-18	1.18e-11	3.00e-06	1.00e+00	0.00e+00	0.00e+00	0.00e+00	0.00e+00	0.00e+00
 5.19628e+12	1.10e-42	1.17e-33	2.47e-25	5.21e-18	1.40e-11	3.30e-06	1.00e+00	0.00e+00	0.00e+00	0.00e+00	0.00e+00	0.00e+00
 5.42439e+12	0.00e+00	1.63e-33	3.28e-25	6.55e-18	1.65e-11	3.62e-06	1.00e+00	0.00e+00	0.00e+00	0.00e+00	0.00e+00	0.00e+00
 5.62580e+12	2.27e-42	2.16e-33	4.17e-25	7.96e-18	1.91e-11	3.92e-06	1.00e+00	0.00e+00	0.00e+00	0.00e+00	0.00e+00	0.00e+00
 5.79465e+12	0.00e+00	2.72e-33	5.06e-25	9.32e-18	2.14e-11	4.18e-06	1.00e+00	0.00e+00	0.00e+00	0.00e+00	0.00e+00	0.00e+00
 5.97628e+12	3.93e-42	3.45e-33	6.21e-25	1.10e-17	2.41e-11	4.47e-06	1.00e+00	0.00e+00	0.00e+00	0.00e+00	0.00e+00	0.00e+00
 6.21241e+12	0.00e+00	4.66e-33	8.01e-25	1.35e-17	2.80e-11	4.86e-06	1.00e+00	0.00e+00	0.00e+00	0.00e+00	0.00e+00	0.00e+00
 6.45945e+12	7.92e-42	6.31e-33	1.04e-24	1.67e-17	3.26e-11	5.29e-06	1.00e+00	0.00e+00	0.00e+00	0.00e+00	0.00e+00	0.00e+00
 6.67019e+12	0.00e+00	8.10e-33	1.28e-24	1.98e-17	3.69e-11	5.68e-06	1.00e+00	0.00e+00	0.00e+00	0.00e+00	0.00e+00	0.00e+00
 6.89363e+12	1.43e-41	1.05e-32	1.59e-24	2.37e-17	4.19e-11	6.09e-06	1.00e+00	0.00e+00	0.00e+00	0.00e+00	0.00e+00	0.00e+00
 7.17529e+12	0.00e+00	1.43e-32	2.08e-24	2.94e-17	4.89e-11	6.65e-06	1.00e+00	0.00e+00	0.00e+00	0.00e+00	0.00e+00	0.00e+00
 7.46544e+12	2.93e-41	1.95e-32	2.70e-24	3.64e-17	5.70e-11	7.25e-06	1.00e+00	0.00e+00	0.00e+00	0.00e+00	0.00e+00	0.00e+00
 7.72023e+12	0.00e+00	2.53e-32	3.38e-24	4.37e-17	6.49e-11	7.80e-06	1.00e+00	0.00e+00	0.00e+00	0.00e+00	0.00e+00	0.00e+00
 7.99621e+12	5.47e-41	3.33e-32	4.27e-24	5.28e-17	7.43e-11	8.41e-06	1.00e+00	0.00e+00	0.00e+00	0.00e+00	0.00e+00	0.00e+00
 8.30183e+12	0.00e+00	4.47e-32	5.49e-24	6.48e-17	8.58e-11	9.13e-06	1.00e+00	0.00e+00	0.00e+00	0.00e+00	0.00e+00	0.00e+00
 8.58485e+12	1.04e-40	5.82e-32	6.87e-24	7.78e-17	9.77e-11	9.82e-06	1.00e+00	0.00e+00	0.00e+00	0.00e+00	0.00e+00	0.00e+00
 8.89163e+12	0.00e+00	7.68e-32	8.71e-24	9.42e-17	1.12e-10	1.06e-05	1.00e+00	0.00e+00	0.00e+00	0.00e+00	0.00e+00	0.00e+00
 9.23294e+12	2.02e-40	1.03e-31	1.12e-23	1.16e-16	1.29e-10	1.15e-05	1.00e+00	0.00e+00	0.00e+00	0.00e+00	0.00e+00	0.00e+00
 9.55154e+12	0.00e+00	1.35e-31	1.41e-23	1.39e-16	1.47e-10	1.24e-05	1.00e+00	0.00e+00	0.00e+00	0.00e+00	0.00e+00	0.00e+00
 9.89810e+12	3.83e-40	1.79e-31	1.80e-23	1.70e-16	1.69e-10	1.34e-05	1.00e+00	0.00e+00	0.00e+00	0.00e+00	0.00e+00	0.00e+00
 1.02835e+13	0.00e+00	2.43e-31	2.33e-23	2.09e-16	1.96e-10	1.45e-05	1.00e+00	0.00e+00	0.00e+00	0.00e+00	0.00e+00	0.00e+00
 1.06438e+13	7.48e-40	3.21e-31	2.95e-23	2.53e-16	2.24e-10	1.56e-05	1.00e+00	0.00e+00	0.00e+00	0.00e+00	0.00e+00	0.00e+00
 1.10364e+13	0.00e+00	4.30e-31	3.78e-23	3.09e-16	2.57e-10	1.69e-05	1.00e+00	0.00e+00	0.00e+00	0.00e+00	0.00e+00	0.00e+00
 1.14749e+13	1.50e-39	5.88e-31	4.94e-23	3.84e-16	2.99e-10	1.84e-05	1.00e+00	0.00e+00	0.00e+00	0.00e+00	0.00e+00	0.00e+00
 1.18877e+13	0.00e+00	7.83e-31	6.31e-23	4.67e-16	3.42e-10	1.99e-05	1.00e+00	0.00e+00	0.00e+00	0.00e+00	0.00e+00	0.00e+00
 1.23390e+13	2.98e-39	1.06e-30	8.17e-23	5.75e-16	3.95e-10	2.15e-05	1.00e+00	0.00e+00	0.00e+00	0.00e+00	0.00e+00	0.00e+00
 1.28445e+13	0.00e+00	1.48e-30	1.08e-22	7.20e-16	4.61e-10	2.35e-05	1.00e+00	0.00e+00	0.00e+00	0.00e+00	0.00e+00	0.00e+00
 1.33234e+13	6.17e-39	2.00e-30	1.40e-22	8.84e-16	5.30e-10	2.54e-05	1.00e+00	0.00e+00	0.00e+00	0.00e+00	0.00e+00	0.00e+00
 1.38379e+13	0.00e+00	2.74e-30	1.82e-22	1.09e-15	6.13e-10	2.75e-05	1.00e+00	0.00e+00	0.00e+00	0.00e+00	0.00e+00	0.00e+00
 1.44214e+13	1.32e-38	3.87e-30	2.44e-22	1.38e-15	7.19e-10	3.01e-05	1.00e+00	0.00e+00	0.00e+00	0.00e+00	0.00e+00	0.00e+00
 1.49970e+13	0.00e+00	5.38e-30	3.22e-22	1.72e-15	8.36e-10	3.27e-05	1.00e+00	0.00e+00	0.00e+00	0.00e+00	0.00e+00	0.00e+00
 1.55956e+13	2.85e-38	7.50e-30	4.26e-22	2.15e-15	9.72e-10	3.55e-05	1.00e+00	0.00e+00	0.00e+00	0.00e+00	0.00e+00	0.00e+00
 1.62494e+13	0.00e+00	1.06e-29	5.72e-22	2.71e-15	1.14e-09	3.87e-05	1.00e+00	0.00e+00	0.00e+00	0.00e+00	0.00e+00	0.00e+00
 1.69293e+13	6.48e-38	1.52e-29	7.71e-22	3.42e-15	1.33e-09	4.22e-05	1.00e+00	0.00e+00	0.00e+00	0.00e+00	0.00e+00	0.00e+00
 1.75938e+13	0.00e+00	2.11e-29	1.02e-21	4.26e-15	1.55e-09	4.58e-05	1.00e+00	0.00e+00	0.00e+00	0.00e+00	0.00e+00	0.00e+00
 1.81993e+13	1.34e-37	2.84e-29	1.30e-21	5.17e-15	1.76e-09	4.91e-05	1.00e+00	0.00e+00	0.00e+00	0.00e+00	0.00e+00	0.00e+00
 1.87386e+13	0.00e+00	3.67e-29	1.61e-21	6.11e-15	1.97e-09	5.22e-05	1.00e+00	0.00e+00	0.00e+00	0.00e+00	0.00e+00	0.00e+00
 1.93175e+13	2.47e-37	4.81e-29	2.01e-21	7.28e-15	2.22e-09	5.56e-05	1.00e+00	0.00e+00	0.00e+00	0.00e+00	0.00e+00	0.00e+00
 2.00526e+13	0.00e+00	6.73e-29	2.66e-21	9.02e-15	2.56e-09	6.01e-05	1.00e+00	0.00e+00	0.00e+00	0.00e+00	0.00e+00	0.00e+00
 2.07999e+13	5.31e-37	9.28e-29	3.48e-21	1.11e-14	2.95e-09	6.49e-05	1.00e+00	0.00e+00	0.00e+00	0.00e+00	0.00e+00	0.00e+00
 2.14309e+13	0.00e+00	1.21e-28	4.34e-21	1.32e-14	3.31e-09	6.90e-05	1.00e+00	0.00e+00	0.00e+00	0.00e+00	0.00e+00	0.00e+00
 2.21013e+13	1.01e-36	1.61e-28	5.46e-21	1.58e-14	3.73e-09	7.35e-05	1.00e+00	0.00e+00	0.00e+00	0.00e+00	0.00e+00	0.00e+00
 2.29449e+13	0.00e+00	2.27e-28	7.25e-21	1.96e-14	4.31e-09	7.94e-05	1.00e+00	0.00e+00	0.00e+00	0.00e+00	0.00e+00	0.00e+00
 2.38054e+13	2.23e-36	3.16e-28	9.53e-21	2.42e-14	4.98e-09	8.57e-05	1.00e+00	0.00e+00	0.00e+00	0.00e+00	0.00e+00	0.00e+00
 2.45414e+13	0.00e+00	4.18e-28	1.20e-20	2.89e-14	5.60e-09	9.12e-05	1.00e+00	0.00e+00	0.00e+00	0.00e+00	0.00e+00	0.00e+00
 2.53237e+13	4.37e-36	5.59e-28	1.52e-20	3.47e-14	6.33e-09	9.71e-05	1.00e+00	0.00e+00	0.00e+00	0.00e+00	0.00e+00	0.00e+00
 2.62961e+13	0.00e+00	7.97e-28	2.03e-20	4.32e-14	7.33e-09	1.05e-04	1.00e+00	0.00e+00	0.00e+00	0.00e+00	0.00e+00	0.00e+00
 2.72919e+13	9.89e-36	1.12e-27	2.68e-20	5.36e-14	8.46e-09	1.13e-04	1.00e+00	0.00e+00	0.00e+00	0.00e+00	0.00e+00	0.00e+00
 2.81663e+13	0.00e+00	1.51e-27	3.42e-20	6.44e-14	9.57e-09	1.20e-04	1.00e+00	0.00e+00	0.00e+00	0.00e+00	0.00e+00	0.00e+00
 2.91068e+13	2.04e-35	2.06e-27	4.40e-20	7.80e-14	1.09e-08	1.29e-04	1.00e+00	0.00e+00	0.00e+00	0.00e+00	0.00e+00	0.00e+00
 3.02461e+13	0.00e+00	2.97e-27	5.92e-20	9.77e-14	1.26e-08	1.39e-04	1.00e+00	0.00e+00	0.00e+00	0.00e+00	0.00e+00	0.00e+00
 3.14013e+13	4.77e-35	4.21e-27	7.88e-20	1.22e-13	1.46e-08	1.50e-04	1.00e+00	0.00e+00	0.00e+00	0.00e+00	0.00e+00	0.00e+00
 3.24507e+13	6.97e-35	5.78e-27	1.02e-19	1.47e-13	1.66e-08	1.60e-04	1.00e+00	0.00e+00	0.00e+00	0.00e+00	0.00e+00	0.00e+00
 3.36049e+13	1.04e-34	8.10e-27	1.34e-19	1.81e-13	1.91e-08	1.71e-04	1.00e+00	0.00e+00	0.00e+00	0.00e+00	0.00e+00	0.00e+00
 3.49573e+13	1.65e-34	1.19e-26	1.82e-19	2.28e-13	2.22e-08	1.85e-04	1.00e+00	0.00e+00	0.00e+00	0.00e+00	0.00e+00	0.00e+00
 3.63065e+13	2.53e-34	1.70e-26	2.43e-19	2.85e-13	2.58e-08	2.00e-04	1.00e+00	0.00e+00	0.00e+00	0.00e+00	0.00e+00	0.00e+00
 3.75869e+13	3.79e-34	2.39e-26	3.19e-19	3.49e-13	2.95e-08	2.14e-04	1.00e+00	0.00e+00	0.00e+00	0.00e+00	0.00e+00	0.00e+00
 3.89974e+13	5.88e-34	3.44e-26	4.27e-19	4.33e-13	3.41e-08	2.30e-04	1.00e+00	0.00e+00	0.00e+00	0.00e+00	0.00e+00	0.00e+00
 4.05873e+13	9.26e-34	5.04e-26	5.83e-19	5.48e-13	3.99e-08	2.49e-04	1.00e+00	0.00e+00	0.00e+00	0.00e+00	0.00e+00	0.00e+00
 4.21886e+13	1.47e-33	7.38e-26	7.91e-19	6.88e-13	4.65e-08	2.68e-04	1.00e+00	0.00e+00	0.00e+00	0.00e+00	0.00e+00	0.00e+00
 4.38540e+13	2.33e-33	1.08e-25	1.07e-18	8.65e-13	5.41e-08	2.89e-04	1.00e+00	0.00e+00	0.00e+00	0.00e+00	0.00e+00	0.00e+00
 4.56381e+13	3.72e-33	1.60e-25	1.47e-18	1.09e-12	6.33e-08	3.12e-04	1.00e+00	0.00e+00	0.00e+00	0.00e+00	0.00e+00	0.00e+00
 4.74935e+13	5.90e-33	2.36e-25	2.01e-18	1.38e-12	7.40e-08	3.38e-04	1.00e+00	0.00e+00	0.00e+00	0.00e+00	0.00e+00	0.00e+00
 4.92953e+13	9.19e-33	3.41e-25	2.70e-18	1.72e-12	8.57e-08	3.63e-04	1.00e+00	0.00e+00	0.00e+00	0.00e+00	0.00e+00	0.00e+00
 5.09987e+13	1.38e-32	4.78e-25	3.53e-18	2.11e-12	9.79e-08	3.88e-04	1.00e+00	0.00e+00	0.00e+00	0.00e+00	0.00e+00	0.00e+00
 5.26101e+13	1.99e-32	6.48e-25	4.51e-18	2.53e-12	1.11e-07	4.13e-04	1.00e+00	0.00e+00	0.00e+00	0.00e+00	0.00e+00	0.00e+00
 5.43674e+13	2.92e-32	8.93e-25	5.85e-18	3.08e-12	1.26e-07	4.40e-04	1.00e+00	0.00e+00	0.00e+00	0.00e+00	0.00e+00	0.00e+00
 5.63193e+13	4.48e-32	1.27e-24	7.74e-18	3.79e-12	1.45e-07	4.71e-04	1.00e+00	0.00e+00	0.00e+00	0.00e+00	0.00e+00	0.00e+00
 5.81607e+13	6.44e-32	1.73e-24	9.96e-18	4.58e-12	1.64e-07	5.02e-04	9.99e-01	0.00e+00	0.00e+00	0.00e+00	0.00e+00	0.00e+00
 6.01909e+13	9.72e-32	2.43e-24	1.31e-17	5.62e-12	1.88e-07	5.37e-04	9.99e-01	0.00e+00	0.00e+00	0.00e+00	0.00e+00	0.00e+00
 6.24770e+13	1.52e-31	3.53e-24	1.76e-17	7.01e-12	2.18e-07	5.77e-04	9.99e-01	0.00e+00	0.00e+00	0.00e+00	0.00e+00	0.00e+00
 6.46659e+13	2.28e-31	4.94e-24	2.31e-17	8.59e-12	2.50e-07	6.18e-04	9.99e-01	0.00e+00	0.00e+00	0.00e+00	0.00e+00	0.00e+00
 6.70454e+13	3.44e-31	6.99e-24	3.07e-17	1.06e-11	2.88e-07	6.64e-04	9.99e-01	0.00e+00	0.00e+00	0.00e+00	0.00e+00	0.00e+00
 6.96910e+13	5.44e-31	1.02e-23	4.17e-17	1.34e-11	3.35e-07	7.16e-04	9.99e-01	0.00e+00	0.00e+00	0.00e+00	0.00e+00	0.00e+00
 7.22614e+13	8.36e-31	1.47e-23	5.56e-17	1.66e-11	3.87e-07	7.69e-04	9.99e-01	0.00e+00	0.00e+00	0.00e+00	0.00e+00	0.00e+00
 7.50008e+13	1.28e-30	2.09e-23	7.45e-17	2.07e-11	4.48e-07	8.28e-04	9.99e-01	0.00e+00	0.00e+00	0.00e+00	0.00e+00	0.00e+00
 7.77813e+13	1.97e-30	3.00e-23	9.94e-17	2.57e-11	5.18e-07	8.89e-04	9.99e-01	0.00e+00	0.00e+00	0.00e+00	0.00e+00	0.00e+00
 8.02393e+13	2.78e-30	4.02e-23	1.27e-16	3.09e-11	5.85e-07	9.47e-04	9.99e-01	0.00e+00	0.00e+00	0.00e+00	0.00e+00	0.00e+00
 8.29133e+13	4.13e-30	5.59e-23	1.65e-16	3.75e-11	6.66e-07	1.01e-03	9.99e-01	0.00e+00	0.00e+00	0.00e+00	0.00e+00	0.00e+00
 8.61282e+13	6.30e-30	7.99e-23	2.22e-16	4.70e-11	7.75e-07	1.09e-03	9.99e-01	0.00e+00	0.00e+00	0.00e+00	0.00e+00	0.00e+00
 8.93107e+13	9.69e-30	1.15e-22	2.96e-16	5.83e-11	8.94e-07	1.17e-03	9.99e-01	0.00e+00	0.00e+00	0.00e+00	0.00e+00	0.00e+00
 9.21563e+13	1.37e-29	1.54e-22	3.78e-16	7.02e-11	1.01e-06	1.25e-03	9.99e-01	0.00e+00	0.00e+00	0.00e+00	0.00e+00	0.00e+00
 9.52994e+13	2.00e-29	2.12e-22	4.92e-16	8.56e-11	1.16e-06	1.33e-03	9.99e-01	0.00e+00	0.00e+00	0.00e+00	0.00e+00	0.00e+00
 9.90325e+13	3.10e-29	3.07e-22	6.66e-16	1.08e-10	1.35e-06	1.44e-03	9.99e-01	0.00e+00	0.00e+00	0.00e+00	0.00e+00	0.00e+00
 1.02723e+14	4.79e-29	4.40e-22	8.90e-16	1.34e-10	1.56e-06	1.55e-03	9.98e-01	0.00e+00	0.00e+00	0.00e+00	0.00e+00	0.00e+00
 1.06100e+14	6.79e-29	5.93e-22	1.15e-15	1.62e-10	1.77e-06	1.65e-03	9.98e-01	0.00e+00	0.00e+00	0.00e+00	0.00e+00	0.00e+00
 1.09882e+14	1.03e-28	8.39e-22	1.51e-15	1.99e-10	2.03e-06	1.77e-03	9.98e-01	0.00e+00	0.00e+00	0.00e+00	0.00e+00	0.00e+00
 1.14275e+14	1.57e-28	1.21e-21	2.06e-15	2.52e-10	2.37e-06	1.92e-03	9.98e-01	0.00e+00	0.00e+00	0.00e+00	0.00e+00	0.00e+00
 1.18574e+14	2.38e-28	1.71e-21	2.75e-15	3.13e-10	2.75e-06	2.07e-03	9.98e-01	0.00e+00	0.00e+00	0.00e+00	0.00e+00	0.00e+00
 1.22629e+14	3.46e-28	2.36e-21	3.58e-15	3.83e-10	3.14e-06	2.21e-03	9.98e-01	0.00e+00	0.00e+00	0.00e+00	0.00e+00	0.00e+00
 1.27148e+14	5.31e-28	3.37e-21	4.77e-15	4.75e-10	3.62e-06	2.38e-03	9.98e-01	0.00e+00	0.00e+00	0.00e+00	0.00e+00	0.00e+00
 1.32264e+14	8.06e-28	4.83e-21	6.49e-15	6.00e-10	4.23e-06	2.58e-03	9.97e-01	0.00e+00	0.00e+00	0.00e+00	0.00e+00	0.00e+00
 1.37375e+14	1.24e-27	6.94e-21	8.76e-15	7.52e-10	4.92e-06	2.78e-03	9.97e-01	0.00e+00	0.00e+00	0.00e+00	0.00e+00	0.00e+00
 1.42167e+14	1.84e-27	9.68e-21	1.15e-14	9.22e-10	5.63e-06	2.98e-03	9.97e-01	0.00e+00	0.00e+00	0.00e+00	0.00e+00	0.00e+00
 1.47360e+14	2.74e-27	1.36e-20	1.52e-14	1.14e-09	6.49e-06	3.20e-03	9.97e-01	0.00e+00	0.00e+00	0.00e+00	0.00e+00	0.00e+00
 1.53161e+14	4.12e-27	1.93e-20	2.06e-14	1.43e-09	7.57e-06	3.46e-03	9.97e-01	0.00e+00	0.00e+00	0.00e+00	0.00e+00	0.00e+00
 1.58578e+14	6.20e-27	2.72e-20	2.71e-14	1.76e-09	8.68e-06	3.71e-03	9.96e-01	0.00e+00	0.00e+00	0.00e+00	0.00e+00	0.00e+00
 1.63608e+14	8.58e-27	3.60e-20	3.47e-14	2.12e-09	9.82e-06	3.95e-03	9.96e-01	0.00e+00	0.00e+00	0.00e+00	0.00e+00	0.00e+00
 1.68443e+14	1.20e-26	4.79e-20	4.36e-14	2.53e-09	1.10e-05	4.19e-03	9.96e-01	0.00e+00	0.00e+00	0.00e+00	0.00e+00	0.00e+00
 1.73797e+14	1.67e-26	6.36e-20	5.58e-14	3.04e-09	1.25e-05	4.46e-03	9.96e-01	0.00e+00	0.00e+00	0.00e+00	0.00e+00	0.00e+00
 1.79714e+14	2.46e-26	8.81e-20	7.27e-14	3.71e-09	1.43e-05	4.77e-03	9.95e-01	0.00e+00	0.00e+00	0.00e+00	0.00e+00	0.00e+00
 1.85231e+14	3.37e-26	1.16e-19	9.22e-14	4.44e-09	1.61e-05	5.07e-03	9.95e-01	0.00e+00	0.00e+00	0.00e+00	0.00e+00	0.00e+00
 1.91269e+14	4.88e-26	1.58e-19	1.19e-13	5.38e-09	1.83e-05	5.41e-03	9.95e-01	0.00e+00	0.00e+00	0.00e+00	0.00e+00	0.00e+00
 1.98054e+14	7.02e-26	2.17e-19	1.56e-13	6.62e-09	2.10e-05	5.80e-03	9.94e-01	0.00e+00	0.00e+00	0.00e+00	0.00e+00	0.00e+00
 2.04511e+14	1.01e-25	2.95e-19	2.01e-13	8.01e-09	2.38e-05	6.19e-03	9.94e-01	0.00e+00	0.00e+00	0.00e+00	0.00e+00	0.00e+00
 2.11605e+14	1.44e-25	4.02e-19	2.63e-13	9.81e-09	2.72e-05	6.63e-03	9.93e-01	0.00e+00	0.00e+00	0.00e+00	0.00e+00	0.00e+00
 2.19436e+14	2.19e-25	5.70e-19	3.51e-13	1.22e-08	3.15e-05	7.13e-03	9.93e-01	0.00e+00	0.00e+00	0.00e+00	0.00e+00	0.00e+00
 2.26667e+14	3.05e-25	7.62e-19	4.52e-13	1.48e-08	3.58e-05	7.61e-03	9.92e-01	0.00e+00	0.00e+00	0.00e+00	0.00e+00	0.00e+00
 2.34510e+14	4.48e-25	1.06e-18	5.91e-13	1.81e-08	4.09e-05	8.15e-03	9.92e-01	0.00e+00	0.00e+00	0.00e+00	0.00e+00	0.00e+00
 2.43263e+14	6.52e-25	1.47e-18	7.88e-13	2.25e-08	4.73e-05	8.78e-03	9.91e-01	0.00e+00	0.00e+00	0.00e+00	0.00e+00	0.00e+00
 2.51468e+14	9.47e-25	2.01e-18	1.02e-12	2.74e-08	5.39e-05	9.38e-03	9.91e-01	0.00e+00	0.00e+00	0.00e+00	0.00e+00	0.00e+00
 2.60403e+14	1.35e-24	2.74e-18	1.34e-12	3.37e-08	6.19e-05	1.01e-02	9.90e-01	0.00e+00	0.00e+00	0.00e+00	0.00e+00	0.00e+00
 2.70329e+14	2.05e-24	3.92e-18	1.80e-12	4.20e-08	7.18e-05	1.09e-02	9.89e-01	0.00e+00	0.00e+00	0.00e+00	0.00e+00	0.00e+00
 2.79624e+14	2.87e-24	5.27e-18	2.35e-12	5.14e-08	8.21e-05	1.16e-02	9.88e-01	0.00e+00	0.00e+00	0.00e+00	0.00e+00	0.00e+00
 2.89739e+14	4.20e-24	7.31e-18	3.10e-12	6.35e-08	9.44e-05	1.25e-02	9.87e-01	0.00e+00	0.00e+00	0.00e+00	0.00e+00	0.00e+00
 3.01019e+14	6.25e-24	1.03e-17	4.18e-12	7.96e-08	1.10e-04	1.35e-02	9.86e-01	0.00e+00	0.00e+00	0.00e+00	0.00e+00	0.00e+00
 3.11687e+14	9.10e-24	1.43e-17	5.49e-12	9.79e-08	1.26e-04	1.45e-02	9.85e-01	0.00e+00	0.00e+00	0.00e+00	0.00e+00	0.00e+00
 3.23123e+14	1.30e-23	1.96e-17	7.25e-12	1.21e-07	1.45e-04	1.56e-02	9.84e-01	0.00e+00	0.00e+00	0.00e+00	0.00e+00	0.00e+00
 3.35817e+14	1.97e-23	2.80e-17	9.80e-12	1.52e-07	1.69e-04	1.69e-02	9.83e-01	0.00e+00	0.00e+00	0.00e+00	0.00e+00	0.00e+00
 3.48196e+14	2.79e-23	3.82e-17	1.30e-11	1.89e-07	1.95e-04	1.82e-02	9.82e-01	0.00e+00	0.00e+00	0.00e+00	0.00e+00	0.00e+00
 3.61330e+14	4.14e-23	5.39e-17	1.73e-11	2.35e-07	2.26e-04	1.96e-02	9.80e-01	0.00e+00	0.00e+00	0.00e+00	0.00e+00	0.00e+00
 3.75813e+14	6.04e-23	7.55e-17	2.34e-11	2.97e-07	2.63e-04	2.13e-02	9.78e-01	0.00e+00	0.00e+00	0.00e+00	0.00e+00	0.00e+00
 3.90042e+14	8.92e-23	1.06e-16	3.12e-11	3.69e-07	3.05e-04	2.30e-02	9.77e-01	0.00e+00	0.00e+00	0.00e+00	0.00e+00	0.00e+00
 4.01783e+14	1.18e-22	1.36e-16	3.92e-11	4.40e-07	3.42e-04	2.45e-02	9.75e-01	0.00e+00	0.00e+00	0.00e+00	0.00e+00	0.00e+00
 4.11192e+14	1.48e-22	1.67e-16	4.68e-11	5.05e-07	3.74e-04	2.57e-02	9.74e-01	0.00e+00	0.00e+00	0.00e+00	0.00e+00	0.00e+00
 4.21568e+14	1.91e-22	2.09e-16	5.67e-11	5.85e-07	4.13e-04	2.71e-02	9.73e-01	0.00e+00	0.00e+00	0.00e+00	0.00e+00	0.00e+00
 4.35058e+14	2.58e-22	2.75e-16	7.22e-11	7.04e-07	4.67e-04	2.89e-02	9.71e-01	0.00e+00	0.00e+00	0.00e+00	0.00e+00	0.00e+00
 4.49539e+14	3.55e-22	3.65e-16	9.28e-11	8.55e-07	5.31e-04	3.10e-02	9.69e-01	0.00e+00	0.00e+00	0.00e+00	0.00e+00	0.00e+00
 4.62423e+14	4.72e-22	4.70e-16	1.15e-10	1.01e-06	5.92e-04	3.28e-02	9.67e-01	0.00e+00	0.00e+00	0.00e+00	0.00e+00	0.00e+00
 4.76286e+14	6.22e-22	6.04e-16	1.44e-10	1.20e-06	6.64e-04	3.50e-02	9.64e-01	0.00e+00	0.00e+00	0.00e+00	0.00e+00	0.00e+00
 4.93819e+14	8.89e-22	8.31e-16	1.90e-10	1.49e-06	7.64e-04	3.77e-02	9.62e-01	0.00e+00	0.00e+00	0.00e+00	0.00e+00	0.00e+00
 5.11605e+14	1.24e-21	1.13e-15	2.49e-10	1.83e-06	8.77e-04	4.07e-02	9.58e-01	0.00e+00	0.00e+00	0.00e+00	0.00e+00	0.00e+00
 5.26735e+14	1.64e-21	1.45e-15	3.12e-10	2.17e-06	9.82e-04	4.32e-02	9.56e-01	0.00e+00	0.00e+00	0.00e+00	0.00e+00	0.00e+00
 5.42927e+14	2.20e-21	1.89e-15	3.93e-10	2.60e-06	1.10e-03	4.60e-02	9.53e-01	0.00e+00	0.00e+00	0.00e+00	0.00e+00	0.00e+00
 5.63136e+14	3.11e-21	2.59e-15	5.20e-10	3.22e-06	1.27e-03	4.98e-02	9.49e-01	0.00e+00	0.00e+00	0.00e+00	0.00e+00	0.00e+00
 5.83884e+14	4.41e-21	3.57e-15	6.85e-10	3.99e-06	1.46e-03	5.37e-02	9.45e-01	0.00e+00	0.00e+00	0.00e+00	0.00e+00	0.00e+00
 6.02175e+14	5.94e-21	4.68e-15	8.68e-10	4.78e-06	1.64e-03	5.73e-02	9.41e-01	0.00e+00	0.00e+00	0.00e+00	0.00e+00	0.00e+00
 6.21954e+14	8.03e-21	6.17e-15	1.11e-09	5.78e-06	1.86e-03	6.13e-02	9.37e-01	0.00e+00	0.00e+00	0.00e+00	0.00e+00	0.00e+00
 6.45811e+14	1.16e-20	8.62e-15	1.48e-09	7.21e-06	2.15e-03	6.64e-02	9.31e-01	0.00e+00	0.00e+00	0.00e+00	0.00e+00	0.00e+00
 6.69450e+14	1.63e-20	1.18e-14	1.95e-09	8.90e-06	2.47e-03	7.16e-02	9.26e-01	0.00e+00	0.00e+00	0.00e+00	0.00e+00	0.00e+00
 6.90491e+14	2.19e-20	1.55e-14	2.48e-09	1.07e-05	2.77e-03	7.62e-02	9.21e-01	0.00e+00	0.00e+00	0.00e+00	0.00e+00	0.00e+00
 7.13671e+14	3.03e-20	2.09e-14	3.19e-09	1.29e-05	3.14e-03	8.17e-02	9.15e-01	0.00e+00	0.00e+00	0.00e+00	0.00e+00	0.00e+00
 7.41324e+14	4.37e-20	2.92e-14	4.27e-09	1.62e-05	3.63e-03	8.84e-02	9.08e-01	0.00e+00	0.00e+00	0.00e+00	0.00e+00	0.00e+00
 7.68812e+14	6.26e-20	4.05e-14	5.65e-09	2.00e-05	4.16e-03	9.52e-02	9.01e-01	0.00e+00	0.00e+00	0.00e+00	0.00e+00	0.00e+00
 7.93981e+14	8.50e-20	5.37e-14	7.25e-09	2.41e-05	4.70e-03	1.01e-01	8.94e-01	0.00e+00	0.00e+00	0.00e+00	0.00e+00	0.00e+00
 8.22115e+14	1.22e-19	7.43e-14	9.47e-09	2.95e-05	5.35e-03	1.09e-01	8.86e-01	0.00e+00	0.00e+00	0.00e+00	0.00e+00	0.00e+00
 8.54792e+14	1.79e-19	1.06e-13	1.28e-08	3.70e-05	6.18e-03	1.18e-01	8.76e-01	0.00e+00	0.00e+00	0.00e+00	0.00e+00	0.00e+00
 8.86934e+14	2.60e-19	1.48e-13	1.70e-08	4.59e-05	7.09e-03	1.26e-01	8.66e-01	0.00e+00	0.00e+00	0.00e+00	0.00e+00	0.00e+00
 9.17561e+14	3.65e-19	2.02e-13	2.21e-08	5.58e-05	8.03e-03	1.35e-01	8.57e-01	0.00e+00	0.00e+00	0.00e+00	0.00e+00	0.00e+00
 9.44345e+14	4.89e-19	2.63e-13	2.76e-08	6.58e-05	8.93e-03	1.43e-01	8.48e-01	0.00e+00	0.00e+00	0.00e+00	0.00e+00	0.00e+00
 9.66465e+14	6.20e-19	3.26e-13	3.30e-08	7.52e-05	9.71e-03	1.49e-01	8.41e-01	0.00e+00	0.00e+00	0.00e+00	0.00e+00	0.00e+00
 9.90840e+14	8.00e-19	4.11e-13	3.99e-08	8.67e-05	1.06e-02	1.56e-01	8.33e-01	0.00e+00	0.00e+00	0.00e+00	0.00e+00	0.00e+00
 1.02253e+15	1.10e-18	5.49e-13	5.09e-08	1.04e-04	1.19e-02	1.66e-01	8.22e-01	0.00e+00	0.00e+00	0.00e+00	0.00e+00	0.00e+00
 1.05588e+15	1.54e-18	7.42e-13	6.52e-08	1.25e-04	1.34e-02	1.76e-01	8.11e-01	0.00e+00	0.00e+00	0.00e+00	0.00e+00	0.00e+00
 1.08457e+15	2.04e-18	9.53e-13	8.01e-08	1.45e-04	1.47e-02	1.84e-01	8.01e-01	0.00e+00	0.00e+00	0.00e+00	0.00e+00	0.00e+00
 1.11505e+15	2.71e-18	1.23e-12	9.91e-08	1.70e-04	1.62e-02	1.93e-01	7.90e-01	0.00e+00	0.00e+00	0.00e+00	0.00e+00	0.00e+00
 1.15467e+15	3.94e-18	1.71e-12	1.30e-07	2.07e-04	1.84e-02	2.06e-01	7.76e-01	0.00e+00	0.00e+00	0.00e+00	0.00e+00	0.00e+00
 1.19554e+15	5.62e-18	2.36e-12	1.69e-07	2.52e-04	2.08e-02	2.18e-01	7.61e-01	0.00e+00	0.00e+00	0.00e+00	0.00e+00	0.00e+00
 1.22966e+15	7.64e-18	3.09e-12	2.09e-07	2.94e-04	2.29e-02	2.29e-01	7.48e-01	0.00e+00	0.00e+00	0.00e+00	0.00e+00	0.00e+00
 1.26561e+15	1.04e-17	4.05e-12	2.61e-07	3.46e-04	2.53e-02	2.40e-01	7.35e-01	0.00e+00	0.00e+00	0.00e+00	0.00e+00	0.00e+00
 1.31167e+15	1.52e-17	5.66e-12	3.42e-07	4.21e-04	2.86e-02	2.54e-01	7.17e-01	0.00e+00	0.00e+00	0.00e+00	0.00e+00	0.00e+00
 1.36019e+15	2.24e-17	7.97e-12	4.50e-07	5.14e-04	3.23e-02	2.68e-01	6.99e-01	0.00e+00	0.00e+00	0.00e+00	0.00e+00	0.00e+00
 1.40336e+15	3.17e-17	1.07e-11	5.69e-07	6.09e-04	3.58e-02	2.81e-01	6.83e-01	0.00e+00	0.00e+00	1.82e-17	9.63e-18	3.39e-18
 1.45024e+15	4.48e-17	1.44e-11	7.28e-07	7.27e-04	3.99e-02	2.94e-01	6.65e-01	0.00e+00	0.00e+00	2.57e-17	1.36e-17	4.77e-18
 1.50628e+15	6.79e-17	2.07e-11	9.67e-07	8.91e-04	4.51e-02	3.11e-01	6.43e-01	0.00e+00	0.00e+00	3.89e-17	2.07e-17	7.18e-18
 1.56178e+15	9.96e-17	2.88e-11	1.26e-06	1.08e-03	5.07e-02	3.26e-01	6.23e-01	0.00e+00	0.00e+00	5.71e-17	3.03e-17	1.05e-17
 1.61200e+15	1.40e-16	3.87e-11	1.59e-06	1.27e-03	5.60e-02	3.39e-01	6.04e-01	0.00e+00	0.00e+00	8.06e-17	4.26e-17	1.47e-17
 1.66781e+15	1.97e-16	5.22e-11	2.04e-06	1.52e-03	6.22e-02	3.53e-01	5.83e-01	0.00e+00	0.00e+00	1.13e-16	5.97e-17	2.05e-17
 1.73335e+15	3.07e-16	7.58e-11	2.71e-06	1.86e-03	6.99e-02	3.69e-01	5.59e-01	0.00e+00	0.00e+00	1.77e-16	9.33e-17	3.19e-17
 1.79806e+15	4.58e-16	1.06e-10	3.52e-06	2.24e-03	7.80e-02	3.84e-01	5.36e-01	0.00e+00	0.00e+00	2.64e-16	1.39e-16	4.74e-17
 1.85866e+15	6.56e-16	1.44e-10	4.47e-06	2.64e-03	8.59e-02	3.97e-01	5.14e-01	0.00e+00	0.00e+00	3.78e-16	1.99e-16	6.76e-17
 1.92634e+15	9.35e-16	1.95e-10	5.75e-06	3.15e-03	9.51e-02	4.11e-01	4.91e-01	0.00e+00	0.00e+00	5.39e-16	2.84e-16	9.60e-17
 2.00342e+15	1.49e-15	2.86e-10	7.60e-06	3.83e-03	1.06e-01	4.25e-01	4.65e-01	0.00e+00	0.00e+00	8.63e-16	4.53e-16	1.53e-16
 2.07950e+15	2.24e-15	3.99e-10	9.85e-06	4.58e-03	1.18e-01	4.38e-01	4.40e-01	0.00e+00	0.00e+00	1.29e-15	6.79e-16	2.28e-16
 2.14174e+15	3.08e-15	5.19e-10	1.21e-05	5.27e-03	1.27e-01	4.47e-01	4.21e-01	0.00e+00	0.00e+00	1.78e-15	9.33e-16	3.13e-16
 2.19038e+15	3.92e-15	6.34e-10	1.41e-05	5.86e-03	1.35e-01	4.53e-01	4.06e-01	0.00e+00	0.00e+00	2.27e-15	1.19e-15	3.98e-16
 2.24370e+15	5.04e-15	7.80e-10	1.66e-05	6.55e-03	1.43e-01	4.60e-01	3.90e-01	0.00e+00	0.00e+00	2.91e-15	1.53e-15	5.11e-16
 2.31301e+15	7.05e-15	1.03e-09	2.04e-05	7.54e-03	1.55e-01	4.68e-01	3.70e-01	0.00e+00	0.00e+00	4.08e-15	2.14e-15	7.13e-16
 2.38794e+15	9.82e-15	1.35e-09	2.52e-05	8.71e-03	1.67e-01	4.74e-01	3.50e-01	0.00e+00	0.00e+00	5.68e-15	2.98e-15	9.91e-16
 2.45535e+15	1.29e-14	1.69e-09	3.02e-05	9.86e-03	1.78e-01	4.79e-01	3.32e-01	0.00e+00	0.00e+00	7.46e-15	3.91e-15	1.30e-15
 2.52814e+15	1.76e-14	2.17e-09	3.66e-05	1.12e-02	1.91e-01	4.84e-01	3.14e-01	0.00e+00	0.00e+00	1.02e-14	5.33e-15	1.77e-15
 2.62069e+15	2.69e-14	3.03e-09	4.64e-05	1.31e-02	2.07e-01	4.88e-01	2.92e-01	0.00e+00	0.00e+00	1.56e-14	8.16e-15	2.70e-15
 2.71394e+15	3.89e-14	4.06e-09	5.79e-05	1.52e-02	2.23e-01	4.91e-01	2.71e-01	0.00e+00	0.00e+00	2.25e-14	1.18e-14	3.90e-15
 2.79198e+15	5.25e-14	5.16e-09	6.94e-05	1.71e-02	2.37e-01	4.92e-01	2.55e-01	0.00e+00	0.00e+00	3.04e-14	1.59e-14	5.26e-15
 2.87522e+15	7.16e-14	6.60e-09	8.34e-05	1.93e-02	2.51e-01	4.91e-01	2.38e-01	0.00e+00	0.00e+00	4.15e-14	2.17e-14	7.16e-15
 2.98072e+15	9.96e-14	8.66e-09	1.04e-04	2.24e-02	2.69e-01	4.90e-01	2.19e-01	0.00e+00	0.00e+00	5.77e-14	3.02e-14	9.94e-15
 3.09005e+15	1.53e-13	1.20e-08	1.30e-04	2.58e-02	2.88e-01	4.86e-01	2.00e-01	0.00e+00	0.00e+00	8.88e-14	4.65e-14	1.53e-14
 3.18545e+15	2.10e-13	1.54e-08	1.57e-04	2.91e-02	3.04e-01	4.82e-01	1.85e-01	0.00e+00	0.00e+00	1.22e-13	6.39e-14	2.10e-14
 3.28791e+15	2.89e-13	1.97e-08	1.89e-04	3.28e-02	3.21e-01	4.77e-01	1.70e-01	0.00e+00	0.00e+00	1.67e-13	8.77e-14	2.87e-14
 3.41275e+15	4.08e-13	2.60e-08	2.36e-04	3.77e-02	3.40e-01	4.68e-01	1.53e-01	0.00e+00	0.00e+00	2.37e-13	1.24e-13	4.06e-14
 3.53725e+15	6.26e-13	3.57e-08	2.92e-04	4.30e-02	3.60e-01	4.59e-01	1.38e-01	0.00e+00	0.00e+00	3.63e-13	1.90e-13	6.21e-14
 3.64726e+15	8.57e-13	4.54e-08	3.48e-04	4.79e-02	3.76e-01	4.50e-01	1.26e-01	0.00e+00	0.00e+00	4.97e-13	2.60e-13	8.50e-14
 3.76786e+15	1.18e-12	5.82e-08	4.19e-04	5.37e-02	3.93e-01	4.39e-01	1.14e-01	0.00e+00	0.00e+00	6.85e-13	3.58e-13	1.17e-13
 3.91276e+15	1.66e-12	7.63e-08	5.18e-04	6.11e-02	4.13e-01	4.25e-01	1.01e-01	0.00e+00	0.00e+00	9.66e-13	5.05e-13	1.65e-13
 4.05274e+15	2.53e-12	1.03e-07	6.33e-04	6.88e-02	4.30e-01	4.11e-01	8.94e-02	0.00e+00	0.00e+00	1.47e-12	7.68e-13	2.50e-13
 4.17058e+15	3.38e-12	1.28e-07	7.41e-04	7.55e-02	4.44e-01	3.99e-01	8.11e-02	0.00e+00	0.00e+00	1.96e-12	1.03e-12	3.34e-13
 4.29615e+15	4.56e-12	1.61e-07	8.72e-04	8.31e-02	4.58e-01	3.85e-01	7.29e-02	0.00e+00	0.00e+00	2.65e-12	1.39e-12	4.51e-13
 4.45447e+15	6.22e-12	2.06e-07	1.06e-03	9.30e-02	4.74e-01	3.68e-01	6.39e-02	0.00e+00	0.00e+00	3.61e-12	1.89e-12	6.15e-13
 4.61920e+15	9.51e-12	2.78e-07	1.29e-03	1.04e-01	4.89e-01	3.50e-01	5.55e-02	0.00e+00	0.00e+00	5.52e-12	2.89e-12	9.40e-13
 4.74594e+15	1.24e-11	3.40e-07	1.49e-03	1.13e-01	4.99e-01	3.37e-01	4.99e-02	0.00e+00	0.00e+00	7.22e-12	3.78e-12	1.23e-12
 4.85952e+15	1.58e-11	4.06e-07	1.69e-03	1.21e-01	5.08e-01	3.24e-01	4.53e-02	0.00e+00	0.00e+00	9.19e-12	4.81e-12	1.56e-12
 5.00717e+15	2.11e-11	5.05e-07	1.98e-03	1.32e-01	5.17e-01	3.09e-01	4.00e-02	0.00e+00	0.00e+00	1.23e-11	6.43e-12	2.09e-12
 5.16422e+15	2.93e-11	6.40e-07	2.33e-03	1.44e-01	5.26e-01	2.93e-01	3.50e-02	0.00e+00	0.00e+00	1.70e-11	8.91e-12	2.90e-12
 5.30064e+15	3.79e-11	7.74e-07	2.66e-03	1.54e-01	5.33e-01	2.79e-01	3.12e-02	0.00e+00	0.00e+00	2.20e-11	1.15e-11	3.74e-12
 5.44514e+15	4.91e-11	9.39e-07	3.05e-03	1.66e-01	5.39e-01	2.65e-01	2.77e-02	0.00e+00	0.00e+00	2.86e-11	1.49e-11	4.85e-12
 5.63300e+15	7.07e-11	1.22e-06	3.65e-03	1.82e-01	5.44e-01	2.47e-01	2.35e-02	0.00e+00	0.00e+00	4.11e-11	2.15e-11	6.98e-12
 5.82129e+15	9.59e-11	1.53e-06	4.30e-03	1.98e-01	5.48e-01	2.30e-01	2.01e-02	0.00e+00	0.00e+00	5.58e-11	2.92e-11	9.48e-12
 5.97019e+15	1.20e-10	1.82e-06	4.88e-03	2.11e-01	5.50e-01	2.17e-01	1.78e-02	0.00e+00	0.00e+00	6.99e-11	3.66e-11	1.19e-11
 6.12380e+15	1.55e-10	2.19e-06	5.57e-03	2.24e-01	5.51e-01	2.04e-01	1.56e-02	0.00e+00	0.00e+00	9.03e-11	4.73e-11	1.53e-11
 6.32348e+15	2.29e-10	2.87e-06	6.59e-03	2.43e-01	5.50e-01	1.88e-01	1.31e-02	0.00e+00	0.00e+00	1.33e-10	6.98e-11	2.27e-11
 6.52689e+15	3.08e-10	3.58e-06	7.72e-03	2.61e-01	5.47e-01	1.73e-01	1.11e-02	0.00e+00	0.00e+00	1.79e-10	9.39e-11	3.05e-11
 6.69425e+15	3.87e-10	4.26e-06	8.77e-03	2.77e-01	5.44e-01	1.61e-01	9.63e-03	0.00e+00	0.00e+00	2.25e-10	1.18e-10	3.83e-11
 6.87095e+15	5.06e-10	5.18e-06	1.00e-02	2.94e-01	5.39e-01	1.49e-01	8.28e-03	0.00e+00	0.00e+00	2.94e-10	1.54e-10	5.01e-11
 7.06528e+15	7.25e-10	6.63e-06	1.17e-02	3.13e-01	5.32e-01	1.36e-01	6.96e-03	0.00e+00	0.00e+00	4.22e-10	2.21e-10	7.17e-11
 7.23971e+15	9.33e-10	7.97e-06	1.32e-02	3.30e-01	5.25e-01	1.26e-01	6.00e-03	0.00e+00	0.00e+00	5.43e-10	2.84e-10	9.24e-11
 7.42369e+15	1.21e-09	9.65e-06	1.51e-02	3.48e-01	5.16e-01	1.16e-01	5.11e-03	0.00e+00	0.00e+00	7.04e-10	3.69e-10	1.20e-10
 7.62281e+15	1.55e-09	1.16e-05	1.74e-02	3.67e-01	5.06e-01	1.05e-01	4.32e-03	0.00e+00	0.00e+00	9.00e-10	4.72e-10	1.53e-10
 7.80154e+15	2.15e-09	1.45e-05	1.98e-02	3.85e-01	4.95e-01	9.64e-02	3.66e-03	0.00e+00	0.00e+00	1.25e-09	6.54e-10	2.13e-10
 7.96203e+15	2.69e-09	1.72e-05	2.21e-02	4.00e-01	4.85e-01	8.91e-02	3.17e-03	0.00e+00	0.00e+00	1.57e-09	8.21e-10	2.67e-10
 8.10917e+15	3.33e-09	2.00e-05	2.45e-02	4.15e-01	4.75e-01	8.26e-02	2.78e-03	0.00e+00	0.00e+00	1.94e-09	1.02e-09	3.31e-10
 8.24902e+15	4.09e-09	2.32e-05	2.70e-02	4.28e-01	4.65e-01	7.68e-02	2.45e-03	0.00e+00	0.00e+00	2.38e-09	1.25e-09	4.06e-10
 8.40913e+15	4.90e-09	2.68e-05	3.01e-02	4.44e-01	4.53e-01	7.07e-02	2.12e-03	0.00e+00	0.00e+00	2.85e-09	1.49e-09	4.86e-10
 8.61726e+15	7.19e-09	3.48e-05	3.51e-02	4.64e-01	4.36e-01	6.27e-02	1.72e-03	0.00e+00	0.00e+00	4.18e-09	2.19e-09	7.14e-10
 8.82347e+15	8.91e-09	4.14e-05	4.03e-02	4.83e-01	4.19e-01	5.61e-02	1.43e-03	0.00e+00	0.00e+00	5.18e-09	2.72e-09	8.85e-10
 8.98972e+15	1.25e-08	5.19e-05	4.56e-02	4.99e-01	4.04e-01	5.06e-02	1.20e-03	0.00e+00	0.00e+00	7.25e-09	3.81e-09	1.24e-09
 9.13644e+15	1.55e-08	6.09e-05	5.06e-02	5.12e-01	3.90e-01	4.63e-02	1.04e-03	0.00e+00	0.00e+00	9.01e-09	4.73e-09	1.54e-09
 9.27275e+15	1.92e-08	7.12e-05	5.60e-02	5.24e-01	3.77e-01	4.25e-02	9.04e-04	0.00e+00	0.00e+00	1.12e-08	5.87e-09	1.91e-09
 9.42752e+15	2.48e-08	8.56e-05	6.30e-02	5.37e-01	3.61e-01	3.83e-02	7.66e-04	0.00e+00	0.00e+00	1.44e-08	7.58e-09	2.47e-09
 9.58970e+15	2.99e-08	9.95e-05	7.08e-02	5.49e-01	3.45e-01	3.45e-02	6.49e-04	0.00e+00	0.00e+00	1.74e-08	9.15e-09	2.98e-09
 9.76150e+15	4.37e-08	1.29e-04	8.16e-02	5.62e-01	3.26e-01	3.03e-02	5.27e-04	0.00e+00	0.00e+00	2.54e-08	1.34e-08	4.36e-09
 9.93544e+15	5.39e-08	1.53e-04	9.32e-02	5.73e-01	3.07e-01	2.67e-02	4.35e-04	0.00e+00	0.00e+00	3.14e-08	1.65e-08	5.38e-09
 1.00817e+16	7.04e-08	1.85e-04	1.05e-01	5.81e-01	2.89e-01	2.37e-02	3.64e-04	0.00e+00	0.00e+00	4.10e-08	2.15e-08	7.03e-09
 1.02179e+16	9.77e-08	2.32e-04	1.19e-01	5.87e-01	2.73e-01	2.10e-02	3.01e-04	0.00e+00	0.00e+00	5.69e-08	2.99e-08	9.76e-09
 1.03461e+16	1.26e-07	2.79e-04	1.33e-01	5.91e-01	2.56e-01	1.86e-02	2.53e-04	0.00e+00	0.00e+00	7.34e-08	3.86e-08	1.26e-08
 1.04682e+16	1.62e-07	3.35e-04	1.49e-01	5.93e-01	2.41e-01	1.65e-02	2.12e-04	0.00e+00	0.00e+00	9.44e-08	4.96e-08	1.62e-08
 1.05829e+16	2.08e-07	4.01e-04	1.66e-01	5.94e-01	2.25e-01	1.46e-02	1.78e-04	0.00e+00	0.00e+00	1.21e-07	6.35e-08	2.08e-08
 1.06873e+16	2.63e-07	4.75e-04	1.84e-01	5.92e-01	2.11e-01	1.30e-02	1.50e-04	0.00e+00	0.00e+00	1.53e-07	8.04e-08	2.63e-08
 1.07836e+16	3.29e-07	5.59e-04	2.03e-01	5.88e-01	1.97e-01	1.16e-02	1.27e-04	0.00e+00	0.00e+00	1.92e-07	1.01e-07	3.30e-08
 1.08740e+16	4.19e-07	6.62e-04	2.23e-01	5.83e-01	1.83e-01	1.03e-02	1.07e-04	0.00e+00	0.00e+00	2.44e-07	1.28e-07	4.20e-08
 1.09594e+16	5.07e-07	7.63e-04	2.43e-01	5.76e-01	1.71e-01	9.12e-03	9.08e-05	0.00e+00	0.00e+00	2.95e-07	1.55e-07	5.09e-08
 1.10535e+16	6.72e-07	9.28e-04	2.71e-01	5.65e-01	1.56e-01	7.84e-03	7.34e-05	0.00e+00	0.00e+00	3.91e-07	2.06e-07	6.75e-08
 1.11375e+16	8.12e-07	1.07e-03	2.96e-01	5.53e-01	1.43e-01	6.88e-03	6.16e-05	0.00e+00	0.00e+00	4.72e-07	2.49e-07	8.16e-08
 1.11935e+16	9.21e-07	1.17e-03	3.14e-01	5.44e-01	1.35e-01	6.24e-03	5.41e-05	0.00e+00	0.00e+00	5.36e-07	2.82e-07	9.25e-08
 1.12518e+16	1.09e-06	1.32e-03	3.36e-01	5.32e-01	1.25e-01	5.58e-03	4.65e-05	0.00e+00	0.00e+00	6.32e-07	3.33e-07	1.09e-07
 1.13171e+16	1.38e-06	1.55e-03	3.63e-01	5.16e-01	1.14e-01	4.85e-03	3.85e-05	0.00e+00	0.00e+00	8.00e-07	4.21e-07	1.38e-07
 1.13724e+16	1.62e-06	1.74e-03	3.87e-01	5.02e-01	1.06e-01	4.31e-03	3.28e-05	0.00e+00	0.00e+00	9.43e-07	4.97e-07	1.63e-07
 1.14179e+16	1.89e-06	1.93e-03	4.08e-01	4.88e-01	9.81e-02	3.86e-03	2.84e-05	0.00e+00	0.00e+00	1.10e-06	5.80e-07	1.90e-07
 1.14698e+16	2.21e-06	2.16e-03	4.33e-01	4.72e-01	8.96e-02	3.38e-03	2.39e-05	0.00e+00	0.00e+00	1.28e-06	6.77e-07	2.23e-07
 1.15374e+16	2.79e-06	2.54e-03	4.69e-01	4.47e-01	7.87e-02	2.80e-03	1.86e-05	0.00e+00	0.00e+00	1.63e-06	8.57e-07	2.82e-07
 1.16010e+16	3.21e-06	2.81e-03	5.01e-01	4.24e-01	6.95e-02	2.35e-03	1.50e-05	0.00e+00	0.00e+00	1.87e-06	9.86e-07	3.24e-07
 1.16594e+16	3.94e-06	3.24e-03	5.36e-01	3.99e-01	6.06e-02	1.94e-03	1.17e-05	0.00e+00	0.00e+00	2.29e-06	1.21e-06	3.98e-07
 1.17176e+16	4.80e-06	3.70e-03	5.70e-01	3.73e-01	5.25e-02	1.58e-03	9.05e-06	0.00e+00	0.00e+00	2.79e-06	1.47e-06	4.86e-07
 1.17629e+16	5.85e-06	4.20e-03	5.98e-01	3.50e-01	4.64e-02	1.33e-03	7.21e-06	0.00e+00	0.00e+00	3.40e-06	1.79e-06	5.92e-07
 1.17999e+16	6.62e-06	4.56e-03	6.20e-01	3.32e-01	4.17e-02	1.15e-03	6.00e-06	0.00e+00	0.00e+00	3.85e-06	2.03e-06	6.71e-07
 1.18391e+16	7.38e-06	4.90e-03	6.44e-01	3.13e-01	3.70e-02	9.74e-04	4.89e-06	0.00e+00	0.00e+00	4.29e-06	2.27e-06	7.49e-07
 1.18900e+16	9.13e-06	5.61e-03	6.76e-01	2.86e-01	3.11e-02	7.66e-04	3.60e-06	0.00e+00	0.00e+00	5.31e-06	2.81e-06	9.27e-07
 1.19413e+16	1.09e-05	6.27e-03	7.06e-01	2.61e-01	2.61e-02	6.02e-04	2.66e-06	0.00e+00	0.00e+00	6.31e-06	3.34e-06	1.10e-06
 1.19849e+16	1.25e-05	6.86e-03	7.31e-01	2.40e-01	2.22e-02	4.83e-04	2.03e-06	0.00e+00	0.00e+00	7.28e-06	3.85e-06	1.27e-06
 1.20334e+16	1.48e-05	7.61e-03	7.58e-01	2.16e-01	1.82e-02	3.70e-04	1.45e-06	0.00e+00	0.00e+00	8.62e-06	4.56e-06	1.51e-06
 1.20876e+16	1.77e-05	8.48e-03	7.86e-01	1.91e-01	1.46e-02	2.73e-04	9.97e-07	0.00e+00	0.00e+00	1.03e-05	5.44e-06	1.80e-06
 1.21394e+16	2.08e-05	9.35e-03	8.10e-01	1.69e-01	1.16e-02	2.01e-04	0.00e+00	0.00e+00	0.00e+00	1.21e-05	6.40e-06	2.12e-06
 1.21969e+16	2.50e-05	1.04e-02	8.35e-01	1.46e-01	8.87e-03	1.39e-04	0.00e+00	0.00e+00	0.00e+00	1.45e-05	7.69e-06	2.56e-06
 1.22598e+16	3.01e-05	1.16e-02	8.58e-01	1.24e-01	6.59e-03	9.30e-05	0.00e+00	0.00e+00	0.00e+00	1.75e-05	9.28e-06	3.09e-06
 1.23188e+16	3.57e-05	1.28e-02	8.77e-01	1.05e-01	4.93e-03	6.28e-05	0.00e+00	0.00e+00	0.00e+00	2.08e-05	1.10e-05	3.66e-06
 1.23847e+16	4.30e-05	1.41e-02	8.95e-01	8.75e-02	3.52e-03	3.97e-05	0.00e+00	0.00e+00	0.00e+00	2.50e-05	1.32e-05	4.41e-06
 1.24703e+16	5.39e-05	1.59e-02	9.13e-01	6.86e-02	2.26e-03	2.16e-05	0.00e+00	0.00e+00	0.00e+00	3.14e-05	1.66e-05	5.55e-06
 1.25433e+16	6.48e-05	1.76e-02	9.25e-01	5.63e-02	1.59e-03	1.32e-05	0.00e+00	0.00e+00	0.00e+00	3.77e-05	2.00e-05	6.68e-06
 1.25844e+16	7.15e-05	1.85e-02	9.30e-01	5.04e-02	1.30e-03	1.00e-05	0.00e+00	0.00e+00	0.00e+00	4.16e-05	2.20e-05	7.38e-06
 1.26225e+16	7.87e-05	1.94e-02	9.34e-01	4.51e-02	1.06e-03	7.59e-06	0.00e+00	0.00e+00	0.00e+00	4.57e-05	2.42e-05	8.12e-06
 1.26721e+16	8.87e-05	2.06e-02	9.39e-01	3.92e-02	8.23e-04	5.31e-06	0.00e+00	0.00e+00	0.00e+00	5.16e-05	2.73e-05	9.16e-06
 1.27366e+16	1.03e-04	2.23e-02	9.44e-01	3.27e-02	5.93e-04	3.34e-06	0.00e+00	0.00e+00	0.00e+00	6.00e-05	3.18e-05	1.07e-05
 1.28053e+16	1.21e-04	2.41e-02	9.48e-01	2.72e-02	4.26e-04	2.09e-06	0.00e+00	0.00e+00	0.00e+00	7.02e-05	3.72e-05	1.25e-05
 1.28659e+16	1.38e-04	2.58e-02	9.50e-01	2.32e-02	3.20e-04	1.39e-06	0.00e+00	0.00e+00	0.00e+00	8.05e-05	4.27e-05	1.43e-05
 1.29214e+16	1.57e-04	2.76e-02	9.52e-01	2.01e-02	2.46e-04	9.52e-07	0.00e+00	0.00e+00	0.00e+00	9.16e-05	4.85e-05	1.63e-05
