#depth	N	N+	N+2	N+3	N+4	N+5	N+6	N+7
 1.49634e+10	0.00e+00	0.00e+00	7.95e-29	4.45e-19	3.08e-10	7.11e-01	2.89e-01	7.07e-05
 4.54887e+10	0.00e+00	4.88e-39	1.03e-28	5.34e-19	3.41e-10	7.27e-01	2.73e-01	6.15e-05
 7.72350e+10	0.00e+00	0.00e+00	1.34e-28	6.40e-19	3.78e-10	7.43e-01	2.56e-01	5.35e-05
 1.10251e+11	0.00e+00	9.61e-39	1.73e-28	7.66e-19	4.18e-10	7.59e-01	2.41e-01	4.64e-05
 1.41806e+11	0.00e+00	0.00e+00	2.20e-28	9.02e-19	4.57e-10	7.73e-01	2.27e-01	4.07e-05
 1.70880e+11	0.00e+00	1.72e-38	2.71e-28	1.04e-18	4.96e-10	7.84e-01	2.16e-01	3.62e-05
 2.03885e+11	0.00e+00	0.00e+00	3.42e-28	1.22e-18	5.41e-10	7.97e-01	2.03e-01	3.17e-05
 2.41955e+11	0.00e+00	3.26e-38	4.41e-28	1.46e-18	5.95e-10	8.10e-01	1.90e-01	2.74e-05
 2.79311e+11	0.00e+00	0.00e+00	5.60e-28	1.72e-18	6.51e-10	8.22e-01	1.78e-01	2.39e-05
 3.18162e+11	0.00e+00	6.13e-38	7.13e-28	2.03e-18	7.12e-10	8.33e-01	1.67e-01	2.07e-05
 3.60815e+11	0.00e+00	0.00e+00	9.18e-28	2.41e-18	7.82e-10	8.44e-01	1.56e-01	1.78e-05
 4.03912e+11	0.00e+00	1.18e-37	1.17e-27	2.85e-18	8.56e-10	8.55e-01	1.45e-01	1.54e-05
 4.48733e+11	0.00e+00	0.00e+00	1.50e-27	3.37e-18	9.36e-10	8.64e-01	1.36e-01	1.33e-05
 4.96609e+11	0.00e+00	2.27e-37	1.93e-27	4.01e-18	1.03e-09	8.74e-01	1.26e-01	1.14e-05
 5.46400e+11	0.00e+00	0.00e+00	2.48e-27	4.75e-18	1.12e-09	8.83e-01	1.17e-01	9.76e-06
 5.98183e+11	0.00e+00	4.41e-37	3.19e-27	5.64e-18	1.23e-09	8.91e-01	1.09e-01	8.36e-06
 6.52037e+11	0.00e+00	0.00e+00	4.10e-27	6.68e-18	1.34e-09	8.99e-01	1.01e-01	7.15e-06
 7.08046e+11	0.00e+00	8.55e-37	5.27e-27	7.92e-18	1.47e-09	9.07e-01	9.34e-02	6.11e-06
 7.66294e+11	0.00e+00	0.00e+00	6.77e-27	9.39e-18	1.61e-09	9.14e-01	8.65e-02	5.22e-06
 8.26873e+11	0.00e+00	1.66e-36	8.70e-27	1.11e-17	1.76e-09	9.20e-01	8.00e-02	4.45e-06
 8.84736e+11	5.43e-47	2.25e-36	1.10e-26	1.30e-17	1.90e-09	9.26e-01	7.45e-02	3.84e-06
 9.37835e+11	0.00e+00	0.00e+00	1.34e-26	1.49e-17	2.04e-09	9.30e-01	6.99e-02	3.37e-06
 9.97908e+11	0.00e+00	3.96e-36	1.68e-26	1.74e-17	2.21e-09	9.35e-01	6.51e-02	2.92e-06
 1.06439e+12	1.63e-46	5.44e-36	2.14e-26	2.04e-17	2.40e-09	9.40e-01	6.04e-02	2.50e-06
 1.12657e+12	0.00e+00	0.00e+00	2.65e-26	2.36e-17	2.59e-09	9.44e-01	5.63e-02	2.18e-06
 1.19431e+12	0.00e+00	9.78e-36	3.33e-26	2.75e-17	2.81e-09	9.48e-01	5.24e-02	1.88e-06
 1.27201e+12	5.13e-46	1.36e-35	4.28e-26	3.26e-17	3.06e-09	9.52e-01	4.83e-02	1.59e-06
 1.34821e+12	0.00e+00	0.00e+00	5.43e-26	3.83e-17	3.32e-09	9.55e-01	4.47e-02	1.37e-06
 1.42745e+12	0.00e+00	2.56e-35	6.90e-26	4.49e-17	3.61e-09	9.59e-01	4.14e-02	1.17e-06
 1.51448e+12	1.71e-45	3.58e-35	8.88e-26	5.33e-17	3.94e-09	9.62e-01	3.81e-02	9.89e-07
 1.60266e+12	0.00e+00	0.00e+00	1.14e-25	6.29e-17	4.29e-09	9.65e-01	3.52e-02	0.00e+00
 1.69436e+12	0.00e+00	6.90e-35	1.46e-25	7.43e-17	4.67e-09	9.68e-01	3.23e-02	0.00e+00
 1.79206e+12	5.88e-45	9.66e-35	1.88e-25	8.82e-17	5.10e-09	9.70e-01	2.97e-02	0.00e+00
 1.89367e+12	0.00e+00	0.00e+00	2.43e-25	1.05e-16	5.56e-09	9.73e-01	2.73e-02	0.00e+00
 1.99935e+12	0.00e+00	1.90e-34	3.13e-25	1.24e-16	6.07e-09	9.75e-01	2.51e-02	0.00e+00
 2.10925e+12	2.08e-44	2.66e-34	4.05e-25	1.48e-16	6.63e-09	9.77e-01	2.30e-02	0.00e+00
 2.21181e+12	0.00e+00	3.61e-34	5.10e-25	1.73e-16	7.17e-09	9.79e-01	2.13e-02	0.00e+00
 2.30233e+12	4.22e-44	4.69e-34	6.21e-25	1.97e-16	7.68e-09	9.80e-01	2.00e-02	0.00e+00
 2.40352e+12	0.00e+00	6.24e-34	7.70e-25	2.28e-16	8.27e-09	9.81e-01	1.86e-02	0.00e+00
 2.52488e+12	9.06e-44	8.67e-34	9.88e-25	2.69e-16	9.00e-09	9.83e-01	1.71e-02	0.00e+00
 2.64786e+12	0.00e+00	1.20e-33	1.26e-24	3.17e-16	9.79e-09	9.84e-01	1.58e-02	0.00e+00
 2.76256e+12	1.94e-43	1.60e-33	1.57e-24	3.68e-16	1.06e-08	9.85e-01	1.46e-02	0.00e+00
 2.88980e+12	0.00e+00	2.18e-33	1.99e-24	4.32e-16	1.15e-08	9.86e-01	1.35e-02	0.00e+00
 3.03532e+12	4.40e-43	3.08e-33	2.58e-24	5.15e-16	1.25e-08	9.88e-01	1.24e-02	0.00e+00
 3.17894e+12	0.00e+00	4.28e-33	3.31e-24	6.09e-16	1.37e-08	9.89e-01	1.14e-02	0.00e+00
 3.32831e+12	9.96e-43	5.94e-33	4.25e-24	7.21e-16	1.49e-08	9.90e-01	1.04e-02	0.00e+00
 3.49136e+12	0.00e+00	8.40e-33	5.53e-24	8.62e-16	1.63e-08	9.90e-01	9.55e-03	0.00e+00
 3.64090e+12	2.24e-42	1.14e-32	6.99e-24	1.01e-15	1.77e-08	9.91e-01	8.82e-03	0.00e+00
 3.76886e+12	0.00e+00	1.47e-32	8.48e-24	1.15e-15	1.89e-08	9.92e-01	8.26e-03	0.00e+00
 3.91044e+12	4.31e-42	1.93e-32	1.04e-23	1.33e-15	2.03e-08	9.92e-01	7.69e-03	0.00e+00
 4.08524e+12	0.00e+00	2.68e-32	1.34e-23	1.57e-15	2.21e-08	9.93e-01	7.06e-03	0.00e+00
 4.26502e+12	9.67e-42	3.70e-32	1.71e-23	1.86e-15	2.41e-08	9.94e-01	6.48e-03	0.00e+00
 4.42785e+12	0.00e+00	4.92e-32	2.13e-23	2.15e-15	2.60e-08	9.94e-01	6.01e-03	0.00e+00
 4.60686e+12	2.00e-41	6.64e-32	2.68e-23	2.52e-15	2.82e-08	9.94e-01	5.55e-03	0.00e+00
 4.81716e+12	0.00e+00	9.35e-32	3.49e-23	3.01e-15	3.10e-08	9.95e-01	5.07e-03	0.00e+00
 5.02408e+12	4.56e-41	1.29e-31	4.47e-23	3.57e-15	3.38e-08	9.95e-01	4.64e-03	0.00e+00
 5.21613e+12	0.00e+00	1.73e-31	5.59e-23	4.16e-15	3.66e-08	9.96e-01	4.30e-03	0.00e+00
 5.43155e+12	9.63e-41	2.37e-31	7.11e-23	4.92e-15	3.99e-08	9.96e-01	3.94e-03	0.00e+00
 5.67874e+12	0.00e+00	3.35e-31	9.30e-23	5.91e-15	4.39e-08	9.96e-01	3.59e-03	0.00e+00
 5.92158e+12	2.22e-40	4.66e-31	1.20e-22	7.04e-15	4.81e-08	9.97e-01	3.28e-03	0.00e+00
 6.17413e+12	0.00e+00	6.46e-31	1.54e-22	8.39e-15	5.27e-08	9.97e-01	2.99e-03	0.00e+00
 6.44075e+12	5.00e-40	9.02e-31	2.00e-22	1.00e-14	5.78e-08	9.97e-01	2.73e-03	0.00e+00
 6.69790e+12	0.00e+00	1.23e-30	2.54e-22	1.19e-14	6.31e-08	9.97e-01	2.50e-03	0.00e+00
 6.97562e+12	1.08e-39	1.69e-30	3.26e-22	1.41e-14	6.91e-08	9.98e-01	2.29e-03	0.00e+00
 7.28457e+12	0.00e+00	2.38e-30	4.26e-22	1.70e-14	7.63e-08	9.98e-01	2.07e-03	0.00e+00
 7.59543e+12	2.47e-39	3.31e-30	5.51e-22	2.04e-14	8.40e-08	9.98e-01	1.89e-03	0.00e+00
 7.91872e+12	0.00e+00	4.60e-30	7.13e-22	2.45e-14	9.25e-08	9.98e-01	1.71e-03	0.00e+00
 8.22339e+12	5.28e-39	6.18e-30	9.00e-22	2.89e-14	1.01e-07	9.98e-01	1.57e-03	0.00e+00
 8.47778e+12	0.00e+00	7.85e-30	1.09e-21	3.30e-14	1.08e-07	9.99e-01	1.46e-03	0.00e+00
 8.75298e+12	9.55e-39	1.01e-29	1.32e-21	3.80e-14	1.17e-07	9.99e-01	1.36e-03	0.00e+00
 9.10166e+12	0.00e+00	1.36e-29	1.68e-21	4.51e-14	1.28e-07	9.99e-01	1.24e-03	0.00e+00
 9.46322e+12	1.98e-38	1.84e-29	2.13e-21	5.36e-14	1.41e-07	9.99e-01	1.13e-03	0.00e+00
 9.76342e+12	0.00e+00	2.34e-29	2.58e-21	6.15e-14	1.51e-07	9.99e-01	1.05e-03	0.00e+00
 1.00665e+13	3.51e-38	2.96e-29	3.11e-21	7.03e-14	1.63e-07	9.99e-01	9.79e-04	0.00e+00
 1.04575e+13	0.00e+00	3.96e-29	3.92e-21	8.32e-14	1.78e-07	9.99e-01	8.95e-04	0.00e+00
 1.08614e+13	7.03e-38	5.27e-29	4.94e-21	9.83e-14	1.95e-07	9.99e-01	8.18e-04	0.00e+00
 1.12030e+13	0.00e+00	6.65e-29	5.95e-21	1.13e-13	2.10e-07	9.99e-01	7.61e-04	0.00e+00
 1.15651e+13	1.24e-37	8.44e-29	7.19e-21	1.29e-13	2.27e-07	9.99e-01	7.06e-04	0.00e+00
 1.20202e+13	0.00e+00	1.12e-28	9.06e-21	1.53e-13	2.48e-07	9.99e-01	6.44e-04	0.00e+00
 1.24930e+13	2.45e-37	1.49e-28	1.14e-20	1.81e-13	2.72e-07	9.99e-01	5.88e-04	0.00e+00
 1.29170e+13	0.00e+00	1.91e-28	1.39e-20	2.09e-13	2.95e-07	9.99e-01	5.44e-04	0.00e+00
 1.33808e+13	4.48e-37	2.47e-28	1.71e-20	2.43e-13	3.20e-07	9.99e-01	5.01e-04	0.00e+00
 1.39307e+13	0.00e+00	3.31e-28	2.16e-20	2.89e-13	3.52e-07	1.00e+00	4.56e-04	0.00e+00
 1.44795e+13	8.89e-37	4.38e-28	2.71e-20	3.41e-13	3.86e-07	1.00e+00	4.17e-04	0.00e+00
 1.49911e+13	0.00e+00	5.63e-28	3.31e-20	3.96e-13	4.18e-07	1.00e+00	3.85e-04	0.00e+00
 1.55616e+13	1.66e-36	7.37e-28	4.11e-20	4.63e-13	4.56e-07	1.00e+00	3.53e-04	0.00e+00
 1.62140e+13	0.00e+00	9.89e-28	5.21e-20	5.51e-13	5.02e-07	1.00e+00	3.21e-04	0.00e+00
 1.68569e+13	3.30e-36	1.31e-27	6.52e-20	6.49e-13	5.49e-07	1.00e+00	2.94e-04	0.00e+00
 1.74178e+13	0.00e+00	1.65e-27	7.87e-20	7.45e-13	5.92e-07	1.00e+00	2.73e-04	0.00e+00
 1.78901e+13	5.49e-36	2.00e-27	9.17e-20	8.32e-13	6.29e-07	1.00e+00	2.57e-04	0.00e+00
 1.84004e+13	0.00e+00	2.45e-27	1.08e-19	9.36e-13	6.71e-07	1.00e+00	2.41e-04	0.00e+00
 1.90638e+13	9.47e-36	3.15e-27	1.32e-19	1.08e-12	7.27e-07	1.00e+00	2.22e-04	0.00e+00
 1.97572e+13	0.00e+00	4.06e-27	1.62e-19	1.26e-12	7.89e-07	1.00e+00	2.05e-04	0.00e+00
 2.03481e+13	1.65e-35	5.01e-27	1.91e-19	1.42e-12	8.43e-07	1.00e+00	1.92e-04	0.00e+00
 2.09746e+13	0.00e+00	6.21e-27	2.28e-19	1.61e-12	9.03e-07	1.00e+00	1.79e-04	0.00e+00
 2.17702e+13	2.95e-35	8.09e-27	2.81e-19	1.88e-12	9.83e-07	1.00e+00	1.65e-04	0.00e+00
 2.25928e+13	0.00e+00	1.05e-26	3.47e-19	2.19e-12	1.07e-06	1.00e+00	1.52e-04	0.00e+00
 2.33104e+13	5.29e-35	1.32e-26	4.15e-19	2.49e-12	1.15e-06	1.00e+00	1.41e-04	0.00e+00
 2.40846e+13	0.00e+00	1.66e-26	5.00e-19	2.84e-12	1.23e-06	1.00e+00	1.32e-04	0.00e+00
 2.49490e+13	9.46e-35	2.13e-26	6.10e-19	3.29e-12	1.33e-06	1.00e+00	1.22e-04	0.00e+00
 2.57579e+13	0.00e+00	2.68e-26	7.32e-19	3.74e-12	1.43e-06	1.00e+00	1.13e-04	0.00e+00
 2.66371e+13	1.66e-34	3.40e-26	8.86e-19	4.29e-12	1.54e-06	1.00e+00	1.05e-04	0.00e+00
 2.76127e+13	2.26e-34	4.39e-26	1.09e-18	4.97e-12	1.67e-06	1.00e+00	9.71e-05	0.00e+00
 2.85189e+13	2.97e-34	5.51e-26	1.30e-18	5.67e-12	1.80e-06	1.00e+00	9.04e-05	0.00e+00
 2.95025e+13	4.01e-34	7.06e-26	1.58e-18	6.50e-12	1.94e-06	1.00e+00	8.40e-05	0.00e+00
 3.06062e+13	5.47e-34	9.15e-26	1.95e-18	7.55e-12	2.10e-06	1.00e+00	7.74e-05	0.00e+00
 3.16440e+13	7.27e-34	1.16e-25	2.36e-18	8.65e-12	2.27e-06	1.00e+00	7.19e-05	0.00e+00
 3.27707e+13	9.92e-34	1.50e-25	2.88e-18	9.96e-12	2.44e-06	1.00e+00	6.67e-05	0.00e+00
 3.40330e+13	1.37e-33	1.96e-25	3.57e-18	1.16e-11	2.66e-06	1.00e+00	6.13e-05	0.00e+00
 3.52196e+13	1.84e-33	2.50e-25	4.34e-18	1.33e-11	2.87e-06	1.00e+00	5.69e-05	0.00e+00
 3.65100e+13	2.54e-33	3.25e-25	5.34e-18	1.54e-11	3.10e-06	1.00e+00	5.27e-05	0.00e+00
 3.79627e+13	3.54e-33	4.30e-25	6.66e-18	1.80e-11	3.38e-06	1.00e+00	4.84e-05	0.00e+00
 3.93423e+13	4.86e-33	5.58e-25	8.18e-18	2.08e-11	3.65e-06	1.00e+00	4.48e-05	0.00e+00
 4.08135e+13	6.71e-33	7.28e-25	1.01e-17	2.41e-11	3.95e-06	1.00e+00	4.14e-05	0.00e+00
 4.24760e+13	9.47e-33	9.68e-25	1.27e-17	2.84e-11	4.31e-06	1.00e+00	3.79e-05	0.00e+00
 4.41190e+13	1.33e-32	1.28e-24	1.58e-17	3.30e-11	4.68e-06	1.00e+00	3.50e-05	0.00e+00
 4.58278e+13	1.87e-32	1.69e-24	1.96e-17	3.84e-11	5.07e-06	1.00e+00	3.23e-05	0.00e+00
 4.76908e+13	2.67e-32	2.27e-24	2.47e-17	4.51e-11	5.52e-06	1.00e+00	2.96e-05	0.00e+00
 4.94368e+13	3.68e-32	2.95e-24	3.04e-17	5.21e-11	5.97e-06	1.00e+00	2.74e-05	0.00e+00
 5.09837e+13	4.84e-32	3.70e-24	3.63e-17	5.89e-11	6.37e-06	1.00e+00	2.57e-05	0.00e+00
 5.24323e+13	6.24e-32	4.56e-24	4.27e-17	6.59e-11	6.77e-06	1.00e+00	2.42e-05	0.00e+00
 5.40376e+13	8.21e-32	5.71e-24	5.08e-17	7.44e-11	7.21e-06	1.00e+00	2.27e-05	0.00e+00
 5.58427e+13	1.11e-31	7.31e-24	6.16e-17	8.48e-11	7.72e-06	1.00e+00	2.12e-05	0.00e+00
 5.75650e+13	1.47e-31	9.17e-24	7.34e-17	9.57e-11	8.23e-06	1.00e+00	1.99e-05	0.00e+00
 5.94611e+13	1.98e-31	1.17e-23	8.87e-17	1.09e-10	8.81e-06	1.00e+00	1.86e-05	0.00e+00
 6.15613e+13	2.72e-31	1.52e-23	1.09e-16	1.25e-10	9.48e-06	1.00e+00	1.73e-05	0.00e+00
 6.35121e+13	3.63e-31	1.92e-23	1.30e-16	1.42e-10	1.01e-05	1.00e+00	1.62e-05	0.00e+00
 6.56337e+13	4.94e-31	2.47e-23	1.58e-16	1.61e-10	1.08e-05	1.00e+00	1.52e-05	0.00e+00
 6.80024e+13	6.91e-31	3.24e-23	1.94e-16	1.86e-10	1.16e-05	1.00e+00	1.41e-05	0.00e+00
 7.02265e+13	9.34e-31	4.13e-23	2.35e-16	2.11e-10	1.24e-05	1.00e+00	1.32e-05	0.00e+00
 7.26518e+13	1.29e-30	5.36e-23	2.87e-16	2.42e-10	1.33e-05	1.00e+00	1.23e-05	0.00e+00
 7.53417e+13	1.82e-30	7.09e-23	3.55e-16	2.80e-10	1.44e-05	1.00e+00	1.14e-05	0.00e+00
 7.78527e+13	2.48e-30	9.12e-23	4.30e-16	3.19e-10	1.54e-05	1.00e+00	1.07e-05	0.00e+00
 8.05939e+13	3.47e-30	1.19e-22	5.28e-16	3.66e-10	1.65e-05	1.00e+00	9.97e-06	0.00e+00
 8.36656e+13	4.98e-30	1.60e-22	6.59e-16	4.24e-10	1.78e-05	1.00e+00	9.24e-06	0.00e+00
 8.65791e+13	6.94e-30	2.09e-22	8.06e-16	4.86e-10	1.90e-05	1.00e+00	8.63e-06	0.00e+00
 8.97446e+13	9.83e-30	2.76e-22	9.98e-16	5.60e-10	2.04e-05	1.00e+00	8.03e-06	0.00e+00
 9.32587e+13	1.43e-29	3.73e-22	1.25e-15	6.53e-10	2.21e-05	1.00e+00	7.43e-06	0.00e+00
 9.66089e+13	2.02e-29	4.92e-22	1.54e-15	7.51e-10	2.37e-05	1.00e+00	6.93e-06	0.00e+00
 1.00199e+14	2.89e-29	6.56e-22	1.92e-15	8.68e-10	2.55e-05	1.00e+00	6.44e-06	0.00e+00
 1.04237e+14	4.26e-29	8.97e-22	2.43e-15	1.02e-09	2.75e-05	1.00e+00	5.96e-06	0.00e+00
 1.08259e+14	6.20e-29	1.21e-21	3.04e-15	1.18e-09	2.97e-05	1.00e+00	5.53e-06	0.00e+00
 1.12442e+14	9.02e-29	1.63e-21	3.81e-15	1.37e-09	3.20e-05	1.00e+00	5.13e-06	0.00e+00
 1.16970e+14	1.33e-28	2.23e-21	4.82e-15	1.60e-09	3.46e-05	1.00e+00	4.74e-06	0.00e+00
 1.21678e+14	1.97e-28	3.05e-21	6.11e-15	1.88e-09	3.74e-05	1.00e+00	4.39e-06	0.00e+00
 1.26575e+14	2.91e-28	4.18e-21	7.73e-15	2.19e-09	4.04e-05	1.00e+00	4.06e-06	0.00e+00
 1.31281e+14	4.18e-28	5.58e-21	9.61e-15	2.54e-09	4.34e-05	1.00e+00	3.78e-06	0.00e+00
 1.35246e+14	5.62e-28	7.06e-21	1.15e-14	2.85e-09	4.60e-05	1.00e+00	3.56e-06	0.00e+00
 1.39282e+14	7.52e-28	8.93e-21	1.37e-14	3.21e-09	4.88e-05	1.00e+00	3.36e-06	0.00e+00
 1.44410e+14	1.08e-27	1.19e-20	1.70e-14	3.70e-09	5.24e-05	1.00e+00	3.13e-06	0.00e+00
 1.49675e+14	1.53e-27	1.58e-20	2.10e-14	4.27e-09	5.62e-05	1.00e+00	2.92e-06	0.00e+00
 1.54214e+14	2.05e-27	1.99e-20	2.51e-14	4.81e-09	5.96e-05	1.00e+00	2.75e-06	0.00e+00
 1.59092e+14	2.81e-27	2.56e-20	3.03e-14	5.44e-09	6.33e-05	1.00e+00	2.59e-06	0.00e+00
 1.65101e+14	3.99e-27	3.41e-20	3.78e-14	6.31e-09	6.82e-05	1.00e+00	2.40e-06	0.00e+00
 1.71236e+14	5.73e-27	4.55e-20	4.70e-14	7.29e-09	7.33e-05	1.00e+00	2.23e-06	0.00e+00
 1.76840e+14	7.93e-27	5.90e-20	5.70e-14	8.28e-09	7.81e-05	1.00e+00	2.10e-06	0.00e+00
 1.83097e+14	1.11e-26	7.75e-20	7.02e-14	9.51e-09	8.37e-05	1.00e+00	1.96e-06	0.00e+00
 1.90382e+14	1.61e-26	1.05e-19	8.86e-14	1.11e-08	9.05e-05	1.00e+00	1.81e-06	0.00e+00
 1.97632e+14	2.35e-26	1.41e-19	1.11e-13	1.29e-08	9.74e-05	1.00e+00	1.68e-06	0.00e+00
 2.04153e+14	3.17e-26	1.81e-19	1.34e-13	1.47e-08	1.04e-04	1.00e+00	1.57e-06	0.00e+00
 2.11094e+14	4.44e-26	2.37e-19	1.64e-13	1.68e-08	1.11e-04	1.00e+00	1.47e-06	0.00e+00
 2.18881e+14	6.22e-26	3.12e-19	2.04e-13	1.94e-08	1.19e-04	1.00e+00	1.37e-06	0.00e+00
 2.26241e+14	8.63e-26	4.05e-19	2.48e-13	2.21e-08	1.28e-04	1.00e+00	1.28e-06	0.00e+00
 2.34282e+14	1.19e-25	5.28e-19	3.06e-13	2.54e-08	1.37e-04	1.00e+00	1.19e-06	0.00e+00
 2.43182e+14	1.70e-25	7.05e-19	3.82e-13	2.95e-08	1.48e-04	1.00e+00	1.11e-06	0.00e+00
 2.51433e+14	2.33e-25	9.10e-19	4.66e-13	3.37e-08	1.58e-04	1.00e+00	1.04e-06	0.00e+00
 2.60393e+14	3.26e-25	1.19e-18	5.75e-13	3.87e-08	1.69e-04	1.00e+00	9.65e-07	0.00e+00
 2.70419e+14	4.65e-25	1.60e-18	7.20e-13	4.50e-08	1.83e-04	1.00e+00	0.00e+00	0.00e+00
 2.79870e+14	6.52e-25	2.09e-18	8.84e-13	5.17e-08	1.96e-04	1.00e+00	0.00e+00	0.00e+00
 2.90059e+14	8.94e-25	2.72e-18	1.09e-12	5.96e-08	2.11e-04	1.00e+00	0.00e+00	0.00e+00
 3.01377e+14	1.29e-24	3.66e-18	1.37e-12	6.95e-08	2.28e-04	1.00e+00	0.00e+00	0.00e+00
 3.12208e+14	1.81e-24	4.82e-18	1.69e-12	8.00e-08	2.44e-04	1.00e+00	0.00e+00	0.00e+00
 3.23787e+14	2.50e-24	6.29e-18	2.10e-12	9.25e-08	2.63e-04	1.00e+00	0.00e+00	0.00e+00
 3.36769e+14	3.66e-24	8.57e-18	2.66e-12	1.08e-07	2.85e-04	1.00e+00	0.00e+00	0.00e+00
 3.49666e+14	5.07e-24	1.13e-17	3.32e-12	1.26e-07	3.08e-04	1.00e+00	0.00e+00	0.00e+00
 3.61541e+14	7.03e-24	1.46e-17	4.06e-12	1.44e-07	3.29e-04	1.00e+00	0.00e+00	0.00e+00
 3.74411e+14	9.51e-24	1.88e-17	4.99e-12	1.65e-07	3.54e-04	1.00e+00	0.00e+00	0.00e+00
 3.88904e+14	1.35e-23	2.51e-17	6.26e-12	1.92e-07	3.82e-04	1.00e+00	0.00e+00	0.00e+00
 4.02394e+14	1.87e-23	3.27e-17	7.66e-12	2.21e-07	4.09e-04	1.00e+00	0.00e+00	0.00e+00
 4.13796e+14	2.39e-23	4.02e-17	9.04e-12	2.47e-07	4.34e-04	1.00e+00	0.00e+00	0.00e+00
 4.25593e+14	3.09e-23	4.96e-17	1.07e-11	2.76e-07	4.59e-04	1.00e+00	0.00e+00	0.00e+00
 4.40920e+14	4.28e-23	6.47e-17	1.32e-11	3.18e-07	4.93e-04	1.00e+00	0.00e+00	0.00e+00
 4.56709e+14	5.76e-23	8.32e-17	1.62e-11	3.66e-07	5.30e-04	9.99e-01	0.00e+00	0.00e+00
 4.69793e+14	7.47e-23	1.03e-16	1.92e-11	4.09e-07	5.61e-04	9.99e-01	0.00e+00	0.00e+00
 4.83488e+14	9.79e-23	1.28e-16	2.28e-11	4.59e-07	5.95e-04	9.99e-01	0.00e+00	0.00e+00
 5.01068e+14	1.32e-22	1.66e-16	2.82e-11	5.30e-07	6.40e-04	9.99e-01	0.00e+00	0.00e+00
 5.19512e+14	1.87e-22	2.19e-16	3.49e-11	6.12e-07	6.89e-04	9.99e-01	0.00e+00	0.00e+00
 5.35721e+14	2.41e-22	2.72e-16	4.19e-11	6.92e-07	7.34e-04	9.99e-01	0.00e+00	0.00e+00
 5.53214e+14	3.23e-22	3.46e-16	5.07e-11	7.87e-07	7.83e-04	9.99e-01	0.00e+00	0.00e+00
 5.74378e+14	4.47e-22	4.55e-16	6.33e-11	9.14e-07	8.46e-04	9.99e-01	0.00e+00	0.00e+00
 5.95343e+14	6.29e-22	6.00e-16	7.84e-11	1.05e-06	9.09e-04	9.99e-01	0.00e+00	0.00e+00
 6.13896e+14	8.11e-22	7.44e-16	9.39e-11	1.19e-06	9.69e-04	9.99e-01	0.00e+00	0.00e+00
 6.34288e+14	1.09e-21	9.48e-16	1.14e-10	1.36e-06	1.04e-03	9.99e-01	0.00e+00	0.00e+00
 6.58745e+14	1.50e-21	1.24e-15	1.43e-10	1.58e-06	1.12e-03	9.99e-01	0.00e+00	0.00e+00
 6.83033e+14	2.10e-21	1.64e-15	1.77e-10	1.83e-06	1.20e-03	9.99e-01	0.00e+00	0.00e+00
 7.05038e+14	2.73e-21	2.05e-15	2.13e-10	2.07e-06	1.29e-03	9.99e-01	0.00e+00	0.00e+00
 7.29529e+14	3.69e-21	2.63e-15	2.61e-10	2.38e-06	1.38e-03	9.99e-01	0.00e+00	0.00e+00
 7.58255e+14	5.16e-21	3.49e-15	3.28e-10	2.77e-06	1.50e-03	9.99e-01	0.00e+00	0.00e+00
 7.86485e+14	7.12e-21	4.56e-15	4.07e-10	3.21e-06	1.61e-03	9.98e-01	0.00e+00	0.00e+00
 8.12852e+14	9.34e-21	5.75e-15	4.94e-10	3.66e-06	1.73e-03	9.98e-01	0.00e+00	0.00e+00
 8.42404e+14	1.28e-20	7.47e-15	6.10e-10	4.22e-06	1.86e-03	9.98e-01	0.00e+00	0.00e+00
 8.76130e+14	1.76e-20	9.83e-15	7.69e-10	4.94e-06	2.02e-03	9.98e-01	0.00e+00	0.00e+00
 9.09450e+14	2.44e-20	1.29e-14	9.57e-10	5.74e-06	2.18e-03	9.98e-01	0.00e+00	0.00e+00
 9.44104e+14	3.30e-20	1.67e-14	1.19e-09	6.67e-06	2.37e-03	9.98e-01	0.00e+00	0.00e+00
 9.75467e+14	4.37e-20	2.12e-14	1.45e-09	7.60e-06	2.53e-03	9.97e-01	0.00e+00	0.00e+00
 9.98854e+14	5.30e-20	2.50e-14	1.66e-09	8.36e-06	2.67e-03	9.97e-01	0.00e+00	0.00e+00
 1.02312e+15	6.47e-20	2.96e-14	1.91e-09	9.20e-06	2.81e-03	9.97e-01	0.00e+00	0.00e+00
 1.05466e+15	8.30e-20	3.66e-14	2.28e-09	1.04e-05	3.00e-03	9.97e-01	0.00e+00	0.00e+00
 1.08896e+15	1.07e-19	4.57e-14	2.76e-09	1.18e-05	3.21e-03	9.97e-01	0.00e+00	0.00e+00
 1.12006e+15	1.36e-19	5.58e-14	3.25e-09	1.32e-05	3.41e-03	9.97e-01	0.00e+00	0.00e+00
 1.15372e+15	1.72e-19	6.84e-14	3.86e-09	1.49e-05	3.64e-03	9.96e-01	0.00e+00	0.00e+00
 1.19170e+15	2.24e-19	8.58e-14	4.67e-09	1.70e-05	3.90e-03	9.96e-01	0.00e+00	0.00e+00
 1.22833e+15	2.87e-19	1.06e-13	5.58e-09	1.91e-05	4.17e-03	9.96e-01	0.00e+00	0.00e+00
 1.26900e+15	3.72e-19	1.33e-13	6.76e-09	2.18e-05	4.47e-03	9.96e-01	0.00e+00	0.00e+00
 1.31421e+15	4.92e-19	1.69e-13	8.29e-09	2.51e-05	4.83e-03	9.95e-01	0.00e+00	0.00e+00
 1.35641e+15	6.38e-19	2.11e-13	9.98e-09	2.85e-05	5.18e-03	9.95e-01	0.00e+00	0.00e+00
 1.40239e+15	8.27e-19	2.65e-13	1.21e-08	3.26e-05	5.58e-03	9.94e-01	0.00e+00	0.00e+00
 1.45376e+15	1.10e-18	3.38e-13	1.50e-08	3.76e-05	6.04e-03	9.94e-01	0.00e+00	0.00e+00
 1.50198e+15	1.42e-18	4.25e-13	1.81e-08	4.29e-05	6.50e-03	9.93e-01	0.00e+00	0.00e+00
 1.54762e+15	1.82e-18	5.24e-13	2.16e-08	4.83e-05	6.94e-03	9.93e-01	0.00e+00	0.00e+00
 1.60008e+15	2.34e-18	6.55e-13	2.63e-08	5.52e-05	7.48e-03	9.92e-01	0.00e+00	0.00e+00
 1.66235e+15	3.22e-18	8.59e-13	3.29e-08	6.43e-05	8.15e-03	9.92e-01	0.00e+00	0.00e+00
 1.72302e+15	4.28e-18	1.10e-12	4.06e-08	7.42e-05	8.83e-03	9.91e-01	0.00e+00	0.00e+00
 1.77731e+15	5.43e-18	1.36e-12	4.88e-08	8.40e-05	9.45e-03	9.90e-01	0.00e+00	0.00e+00
 1.83763e+15	7.23e-18	1.73e-12	5.94e-08	9.60e-05	1.02e-02	9.90e-01	0.00e+00	0.00e+00
 1.90918e+15	9.81e-18	2.26e-12	7.45e-08	1.12e-04	1.11e-02	9.89e-01	0.00e+00	0.00e+00
 1.98045e+15	1.33e-17	2.93e-12	9.26e-08	1.30e-04	1.21e-02	9.88e-01	0.00e+00	0.00e+00
 2.04675e+15	1.73e-17	3.68e-12	1.13e-07	1.48e-04	1.30e-02	9.87e-01	0.00e+00	0.00e+00
 2.12081e+15	2.32e-17	4.74e-12	1.39e-07	1.70e-04	1.40e-02	9.86e-01	0.00e+00	0.00e+00
 2.20568e+15	3.22e-17	6.28e-12	1.76e-07	1.99e-04	1.53e-02	9.84e-01	0.00e+00	0.00e+00
 2.27644e+15	4.08e-17	7.77e-12	2.12e-07	2.26e-04	1.64e-02	9.83e-01	0.00e+00	0.00e+00
 2.32680e+15	5.02e-17	9.21e-12	2.42e-07	2.46e-04	1.73e-02	9.83e-01	0.00e+00	0.00e+00
 2.37937e+15	6.05e-17	1.08e-11	2.76e-07	2.69e-04	1.81e-02	9.82e-01	0.00e+00	0.00e+00
 2.44772e+15	7.67e-17	1.33e-11	3.28e-07	3.01e-04	1.93e-02	9.80e-01	0.00e+00	0.00e+00
 2.52368e+15	9.95e-17	1.66e-11	3.94e-07	3.41e-04	2.07e-02	9.79e-01	0.00e+00	0.00e+00
 2.59477e+15	1.26e-16	2.02e-11	4.65e-07	3.80e-04	2.20e-02	9.78e-01	0.00e+00	0.00e+00
 2.67245e+15	2.46e-16	2.48e-11	5.55e-07	4.28e-04	2.34e-02	9.76e-01	0.00e+00	0.00e+00
 2.75936e+15	2.34e-16	3.18e-11	6.74e-07	4.86e-04	2.52e-02	9.74e-01	0.00e+00	0.00e+00
 2.84132e+15	3.00e-16	3.93e-11	8.04e-07	5.46e-04	2.68e-02	9.73e-01	0.00e+00	0.00e+00
 2.93093e+15	3.85e-16	4.89e-11	9.70e-07	6.18e-04	2.87e-02	9.71e-01	0.00e+00	0.00e+00
 3.03162e+15	5.35e-16	6.38e-11	1.19e-06	7.07e-04	3.09e-02	9.68e-01	0.00e+00	0.00e+00
 3.12752e+15	7.00e-16	8.01e-11	1.44e-06	8.00e-04	3.31e-02	9.66e-01	0.00e+00	0.00e+00
 3.23296e+15	9.15e-16	1.01e-10	1.76e-06	9.14e-04	3.55e-02	9.64e-01	0.00e+00	0.00e+00
 3.35199e+15	1.31e-15	1.35e-10	2.19e-06	1.06e-03	3.84e-02	9.61e-01	0.00e+00	0.00e+00
 3.46530e+15	1.75e-15	1.73e-10	2.68e-06	1.20e-03	4.13e-02	9.58e-01	0.00e+00	0.00e+00
 3.58922e+15	2.34e-15	2.22e-10	3.32e-06	1.39e-03	4.45e-02	9.54e-01	0.00e+00	0.00e+00
 3.72660e+15	3.43e-15	3.02e-10	4.18e-06	1.61e-03	4.83e-02	9.50e-01	0.00e+00	0.00e+00
 3.85405e+15	4.62e-15	3.88e-10	5.13e-06	1.84e-03	5.18e-02	9.46e-01	0.00e+00	0.00e+00
 3.99228e+15	6.20e-15	5.00e-10	6.36e-06	2.12e-03	5.58e-02	9.42e-01	0.00e+00	0.00e+00
 4.14761e+15	9.19e-15	6.84e-10	8.04e-06	2.46e-03	6.06e-02	9.37e-01	0.00e+00	0.00e+00
 4.29496e+15	1.27e-14	8.94e-10	9.94e-06	2.83e-03	6.51e-02	9.32e-01	0.00e+00	0.00e+00
 4.45243e+15	1.76e-14	1.17e-09	1.24e-05	3.26e-03	7.02e-02	9.27e-01	0.00e+00	0.00e+00
 4.63056e+15	2.45e-14	1.56e-09	1.57e-05	3.81e-03	7.61e-02	9.20e-01	0.00e+00	0.00e+00
 4.77897e+15	3.31e-14	2.00e-09	1.91e-05	4.31e-03	8.12e-02	9.14e-01	0.00e+00	0.00e+00
 4.88353e+15	4.23e-14	2.42e-09	2.18e-05	4.70e-03	8.49e-02	9.10e-01	0.00e+00	0.00e+00
 4.99153e+15	5.20e-14	2.87e-09	2.49e-05	5.12e-03	8.88e-02	9.06e-01	0.00e+00	0.00e+00
 5.13194e+15	6.53e-14	3.50e-09	2.95e-05	5.71e-03	9.39e-02	9.00e-01	0.00e+00	0.00e+00
 5.28954e+15	9.01e-14	4.51e-09	3.55e-05	6.44e-03	9.99e-02	8.94e-01	0.00e+00	0.00e+00
 5.43774e+15	1.13e-13	5.50e-09	4.20e-05	7.17e-03	1.05e-01	8.87e-01	0.00e+00	0.00e+00
 5.59863e+15	1.54e-13	7.03e-09	5.03e-05	8.05e-03	1.12e-01	8.80e-01	0.00e+00	0.00e+00
 5.77760e+15	2.09e-13	9.01e-09	6.09e-05	9.11e-03	1.19e-01	8.72e-01	0.00e+00	0.00e+00
 5.94547e+15	2.72e-13	1.12e-08	7.25e-05	1.02e-02	1.26e-01	8.64e-01	0.00e+00	0.00e+00
 6.12912e+15	3.53e-13	1.40e-08	8.72e-05	1.15e-02	1.34e-01	8.55e-01	0.00e+00	0.00e+00
 6.33533e+15	5.04e-13	1.86e-08	1.07e-04	1.31e-02	1.43e-01	8.44e-01	0.00e+00	0.00e+00
 6.53010e+15	6.74e-13	2.36e-08	1.29e-04	1.47e-02	1.51e-01	8.34e-01	0.00e+00	0.00e+00
 6.74252e+15	8.82e-13	2.98e-08	1.56e-04	1.66e-02	1.60e-01	8.23e-01	0.00e+00	0.00e+00
 6.97750e+15	1.28e-12	3.99e-08	1.93e-04	1.90e-02	1.71e-01	8.10e-01	0.00e+00	0.00e+00
 7.19508e+15	1.72e-12	5.09e-08	2.32e-04	2.14e-02	1.81e-01	7.97e-01	0.00e+00	0.00e+00
 7.43117e+15	2.32e-12	6.53e-08	2.83e-04	2.42e-02	1.92e-01	7.84e-01	0.00e+00	0.00e+00
 7.69143e+15	3.13e-12	8.42e-08	3.48e-04	2.76e-02	2.04e-01	7.68e-01	0.00e+00	0.00e+00
 7.93444e+15	4.43e-12	1.11e-07	4.22e-04	3.11e-02	2.16e-01	7.53e-01	0.00e+00	0.00e+00
 8.20167e+15	6.12e-12	1.44e-07	5.17e-04	3.53e-02	2.28e-01	7.36e-01	0.00e+00	0.00e+00
 8.49360e+15	8.20e-12	1.85e-07	6.37e-04	4.02e-02	2.42e-01	7.17e-01	0.00e+00	0.00e+00
 8.75575e+15	1.10e-11	2.36e-07	7.66e-04	4.51e-02	2.54e-01	7.00e-01	0.00e+00	0.00e+00
 8.99620e+15	1.44e-11	2.94e-07	9.04e-04	5.00e-02	2.66e-01	6.83e-01	0.00e+00	0.00e+00
 9.27032e+15	1.93e-11	3.73e-07	1.09e-03	5.59e-02	2.79e-01	6.64e-01	0.00e+00	0.00e+00
 9.57880e+15	2.65e-11	4.84e-07	1.33e-03	6.32e-02	2.93e-01	6.43e-01	0.00e+00	0.00e+00
 9.87159e+15	3.74e-11	6.34e-07	1.60e-03	7.08e-02	3.07e-01	6.21e-01	0.00e+00	0.00e+00
 1.01130e+16	4.73e-11	7.68e-07	1.85e-03	7.73e-02	3.17e-01	6.04e-01	0.00e+00	0.00e+00
 1.03479e+16	5.94e-11	9.25e-07	2.14e-03	8.41e-02	3.28e-01	5.86e-01	0.00e+00	0.00e+00
 1.06533e+16	7.62e-11	1.15e-06	2.55e-03	9.34e-02	3.40e-01	5.64e-01	0.00e+00	0.00e+00
 1.09784e+16	1.07e-10	1.50e-06	3.08e-03	1.04e-01	3.53e-01	5.39e-01	0.00e+00	0.00e+00
 1.12468e+16	1.35e-10	1.81e-06	3.56e-03	1.14e-01	3.63e-01	5.19e-01	0.00e+00	0.00e+00
 1.15135e+16	1.67e-10	2.16e-06	4.12e-03	1.23e-01	3.73e-01	4.99e-01	0.00e+00	0.00e+00
 1.18603e+16	2.37e-10	2.85e-06	4.99e-03	1.38e-01	3.85e-01	4.72e-01	0.00e+00	0.00e+00
 1.22013e+16	3.09e-10	3.55e-06	5.93e-03	1.52e-01	3.95e-01	4.47e-01	0.00e+00	0.00e+00
 1.24734e+16	3.78e-10	4.22e-06	6.80e-03	1.64e-01	4.03e-01	4.27e-01	0.00e+00	0.00e+00
 1.27655e+16	4.80e-10	5.12e-06	7.89e-03	1.77e-01	4.10e-01	4.05e-01	0.00e+00	0.00e+00
 1.30937e+16	6.62e-10	6.56e-06	9.32e-03	1.94e-01	4.18e-01	3.79e-01	0.00e+00	0.00e+00
 1.33992e+16	8.43e-10	7.99e-06	1.08e-02	2.10e-01	4.23e-01	3.57e-01	0.00e+00	0.00e+00
 1.36819e+16	1.06e-09	9.60e-06	1.24e-02	2.25e-01	4.27e-01	3.36e-01	0.00e+00	0.00e+00
 1.40045e+16	1.36e-09	1.18e-05	1.44e-02	2.44e-01	4.29e-01	3.13e-01	0.00e+00	0.00e+00
 1.43433e+16	1.81e-09	1.48e-05	1.70e-02	2.64e-01	4.31e-01	2.88e-01	0.00e+00	0.00e+00
 1.46259e+16	2.26e-09	1.76e-05	1.93e-02	2.81e-01	4.31e-01	2.69e-01	0.00e+00	0.00e+00
 1.49161e+16	2.83e-09	2.12e-05	2.21e-02	2.99e-01	4.29e-01	2.49e-01	0.00e+00	0.00e+00
 1.52345e+16	3.51e-09	2.53e-05	2.55e-02	3.20e-01	4.26e-01	2.29e-01	0.00e+00	0.00e+00
 1.55204e+16	4.71e-09	3.16e-05	2.93e-02	3.40e-01	4.22e-01	2.09e-01	0.00e+00	0.00e+00
 1.57668e+16	5.74e-09	3.70e-05	3.28e-02	3.57e-01	4.17e-01	1.94e-01	0.00e+00	0.00e+00
 1.59891e+16	6.91e-09	4.28e-05	3.64e-02	3.72e-01	4.11e-01	1.80e-01	0.00e+00	0.00e+00
 1.62366e+16	8.44e-09	5.02e-05	4.08e-02	3.90e-01	4.04e-01	1.65e-01	0.00e+00	0.00e+00
 1.65023e+16	1.02e-08	5.85e-05	4.61e-02	4.09e-01	3.94e-01	1.50e-01	0.00e+00	0.00e+00
 1.67471e+16	1.31e-08	7.10e-05	5.19e-02	4.28e-01	3.84e-01	1.36e-01	0.00e+00	0.00e+00
 1.69759e+16	1.65e-08	8.41e-05	5.79e-02	4.45e-01	3.74e-01	1.23e-01	0.00e+00	0.00e+00
 1.71933e+16	1.90e-08	9.51e-05	6.40e-02	4.60e-01	3.63e-01	1.13e-01	0.00e+00	0.00e+00
 1.74404e+16	2.37e-08	1.13e-04	7.22e-02	4.79e-01	3.49e-01	9.99e-02	0.00e+00	0.00e+00
 1.76980e+16	3.03e-08	1.37e-04	8.19e-02	4.98e-01	3.33e-01	8.77e-02	0.00e+00	0.00e+00
 1.79080e+16	4.00e-08	1.67e-04	9.13e-02	5.13e-01	3.18e-01	7.75e-02	0.00e+00	0.00e+00
 1.80770e+16	4.79e-08	1.92e-04	9.95e-02	5.25e-01	3.06e-01	6.99e-02	0.00e+00	0.00e+00
 1.82542e+16	5.56e-08	2.16e-04	1.09e-01	5.37e-01	2.92e-01	6.25e-02	0.00e+00	0.00e+00
 1.84844e+16	7.81e-08	2.75e-04	1.24e-01	5.52e-01	2.72e-01	5.24e-02	0.00e+00	0.00e+00
 1.86978e+16	9.62e-08	3.24e-04	1.38e-01	5.64e-01	2.53e-01	4.49e-02	0.00e+00	0.00e+00
 1.88438e+16	1.16e-07	3.72e-04	1.49e-01	5.72e-01	2.39e-01	3.96e-02	0.00e+00	0.00e+00
 1.89688e+16	1.37e-07	4.20e-04	1.59e-01	5.79e-01	2.26e-01	3.52e-02	0.00e+00	0.00e+00
 1.91119e+16	1.57e-07	4.68e-04	1.72e-01	5.86e-01	2.11e-01	3.06e-02	0.00e+00	0.00e+00
 1.92702e+16	1.92e-07	5.43e-04	1.87e-01	5.92e-01	1.94e-01	2.58e-02	0.00e+00	0.00e+00
 1.94082e+16	2.35e-07	6.29e-04	2.02e-01	5.96e-01	1.79e-01	2.19e-02	0.00e+00	0.00e+00
 1.95144e+16	2.92e-07	7.30e-04	2.15e-01	5.99e-01	1.66e-01	1.88e-02	0.00e+00	0.00e+00
 1.95947e+16	3.29e-07	7.97e-04	2.25e-01	6.00e-01	1.57e-01	1.68e-02	0.00e+00	0.00e+00
 1.96748e+16	3.60e-07	8.54e-04	2.35e-01	6.02e-01	1.48e-01	1.49e-02	0.00e+00	0.00e+00
 1.97789e+16	4.41e-07	9.85e-04	2.50e-01	6.02e-01	1.35e-01	1.24e-02	0.00e+00	0.00e+00
 1.98683e+16	5.06e-07	1.09e-03	2.62e-01	6.02e-01	1.24e-01	1.07e-02	0.00e+00	0.00e+00
 1.99208e+16	5.54e-07	1.16e-03	2.69e-01	6.02e-01	1.18e-01	9.66e-03	0.00e+00	0.00e+00
 1.99710e+16	6.04e-07	1.23e-03	2.77e-01	6.01e-01	1.12e-01	8.72e-03	0.00e+00	0.00e+00
 2.00363e+16	6.76e-07	1.33e-03	2.87e-01	6.00e-01	1.04e-01	7.57e-03	0.00e+00	0.00e+00
 2.01055e+16	7.60e-07	1.45e-03	2.98e-01	5.98e-01	9.58e-02	6.49e-03	0.00e+00	0.00e+00
 2.01642e+16	8.20e-07	1.53e-03	3.07e-01	5.97e-01	8.91e-02	5.68e-03	0.00e+00	0.00e+00
 2.02250e+16	9.13e-07	1.65e-03	3.17e-01	5.95e-01	8.20e-02	4.85e-03	0.00e+00	0.00e+00
 2.02898e+16	1.02e-06	1.79e-03	3.27e-01	5.92e-01	7.48e-02	4.09e-03	0.00e+00	0.00e+00
 2.03459e+16	1.14e-06	1.93e-03	3.36e-01	5.90e-01	6.87e-02	3.48e-03	0.00e+00	0.00e+00
 2.03958e+16	1.27e-06	2.08e-03	3.45e-01	5.87e-01	6.33e-02	2.98e-03	0.00e+00	0.00e+00
 2.04431e+16	1.38e-06	2.21e-03	3.53e-01	5.84e-01	5.85e-02	2.57e-03	0.00e+00	0.00e+00
 2.04962e+16	1.52e-06	2.36e-03	3.62e-01	5.81e-01	5.32e-02	2.15e-03	0.00e+00	0.00e+00
 2.05652e+16	1.73e-06	2.58e-03	3.73e-01	5.76e-01	4.68e-02	1.69e-03	0.00e+00	0.00e+00
 2.06354e+16	1.95e-06	2.80e-03	3.84e-01	5.71e-01	4.09e-02	1.31e-03	0.00e+00	0.00e+00
 2.06934e+16	2.15e-06	3.00e-03	3.94e-01	5.66e-01	3.64e-02	1.06e-03	0.00e+00	0.00e+00
 2.07553e+16	2.40e-06	3.24e-03	4.04e-01	5.61e-01	3.18e-02	8.22e-04	0.00e+00	0.00e+00
 2.08356e+16	2.75e-06	3.55e-03	4.16e-01	5.53e-01	2.67e-02	5.89e-04	0.00e+00	0.00e+00
 2.09194e+16	3.15e-06	3.89e-03	4.28e-01	5.45e-01	2.21e-02	4.16e-04	0.00e+00	0.00e+00
 2.09921e+16	3.54e-06	4.21e-03	4.38e-01	5.38e-01	1.87e-02	3.04e-04	0.00e+00	0.00e+00
 2.10713e+16	4.01e-06	4.58e-03	4.50e-01	5.30e-01	1.55e-02	2.13e-04	0.00e+00	0.00e+00
 2.11743e+16	4.69e-06	5.09e-03	4.63e-01	5.19e-01	1.22e-02	1.34e-04	0.00e+00	0.00e+00
 2.12884e+16	5.53e-06	5.68e-03	4.78e-01	5.07e-01	9.34e-03	8.08e-05	0.00e+00	0.00e+00
 2.14170e+16	6.62e-06	6.39e-03	4.93e-01	4.94e-01	6.93e-03	4.55e-05	0.00e+00	0.00e+00
 2.15842e+16	8.30e-06	7.41e-03	5.12e-01	4.75e-01	4.76e-03	2.20e-05	0.00e+00	0.00e+00
 2.17637e+16	1.05e-05	8.67e-03	5.33e-01	4.56e-01	3.25e-03	1.05e-05	0.00e+00	0.00e+00
 2.18899e+16	1.25e-05	9.69e-03	5.47e-01	4.41e-01	2.54e-03	6.46e-06	0.00e+00	0.00e+00
 2.19613e+16	1.38e-05	1.03e-02	5.55e-01	4.33e-01	2.20e-03	4.89e-06	0.00e+00	0.00e+00
 2.20311e+16	1.52e-05	1.10e-02	5.63e-01	4.24e-01	1.91e-03	3.69e-06	0.00e+00	0.00e+00
 2.21220e+16	1.71e-05	1.19e-02	5.73e-01	4.13e-01	1.59e-03	2.58e-06	0.00e+00	0.00e+00
 2.22400e+16	2.02e-05	1.33e-02	5.87e-01	3.98e-01	1.26e-03	1.63e-06	0.00e+00	0.00e+00
 2.23633e+16	2.41e-05	1.49e-02	6.02e-01	3.82e-01	9.92e-04	1.03e-06	0.00e+00	0.00e+00
 2.24647e+16	2.79e-05	1.65e-02	6.14e-01	3.69e-01	8.20e-04	7.10e-07	0.00e+00	0.00e+00
 2.25537e+16	3.20e-05	1.80e-02	6.25e-01	3.56e-01	6.91e-04	0.00e+00	0.00e+00	0.00e+00
 2.26552e+16	3.73e-05	1.99e-02	6.37e-01	3.42e-01	5.66e-04	0.00e+00	0.00e+00	0.00e+00
 2.27577e+16	4.38e-05	2.22e-02	6.50e-01	3.27e-01	4.66e-04	0.00e+00	0.00e+00	0.00e+00
 2.28370e+16	5.00e-05	2.42e-02	6.60e-01	3.15e-01	4.01e-04	0.00e+00	0.00e+00	0.00e+00
 2.29049e+16	5.60e-05	2.61e-02	6.68e-01	3.05e-01	3.51e-04	0.00e+00	0.00e+00	0.00e+00
 2.29824e+16	6.38e-05	2.85e-02	6.78e-01	2.93e-01	3.00e-04	0.00e+00	0.00e+00	0.00e+00
 2.30687e+16	7.41e-05	3.15e-02	6.88e-01	2.80e-01	2.53e-04	0.00e+00	0.00e+00	0.00e+00
 2.31468e+16	8.53e-05	3.46e-02	6.98e-01	2.67e-01	2.16e-04	0.00e+00	0.00e+00	0.00e+00
 2.32143e+16	9.66e-05	3.76e-02	7.06e-01	2.56e-01	1.88e-04	0.00e+00	0.00e+00	0.00e+00
 2.32879e+16	1.11e-04	4.12e-02	7.14e-01	2.44e-01	1.61e-04	0.00e+00	0.00e+00	0.00e+00
 2.33679e+16	1.29e-04	4.57e-02	7.23e-01	2.31e-01	1.35e-04	0.00e+00	0.00e+00	0.00e+00
 2.34374e+16	1.49e-04	5.01e-02	7.30e-01	2.20e-01	1.16e-04	0.00e+00	0.00e+00	0.00e+00
 2.34968e+16	1.68e-04	5.43e-02	7.36e-01	2.10e-01	1.02e-04	0.00e+00	0.00e+00	0.00e+00
 2.35622e+16	1.92e-04	5.95e-02	7.42e-01	1.99e-01	8.76e-05	0.00e+00	0.00e+00	0.00e+00
 2.36346e+16	2.24e-04	6.60e-02	7.47e-01	1.86e-01	7.39e-05	0.00e+00	0.00e+00	0.00e+00
 2.36986e+16	2.59e-04	7.25e-02	7.52e-01	1.75e-01	6.34e-05	0.00e+00	0.00e+00	0.00e+00
 2.37535e+16	2.92e-04	7.88e-02	7.55e-01	1.66e-01	5.52e-05	0.00e+00	0.00e+00	0.00e+00
 2.38139e+16	3.37e-04	8.65e-02	7.57e-01	1.56e-01	4.72e-05	0.00e+00	0.00e+00	0.00e+00
 2.38797e+16	3.94e-04	9.59e-02	7.59e-01	1.45e-01	3.96e-05	0.00e+00	0.00e+00	0.00e+00
 2.39378e+16	4.55e-04	1.05e-01	7.59e-01	1.35e-01	3.38e-05	0.00e+00	0.00e+00	0.00e+00
 2.39880e+16	5.16e-04	1.15e-01	7.58e-01	1.26e-01	2.93e-05	0.00e+00	0.00e+00	0.00e+00
 2.40432e+16	5.95e-04	1.26e-01	7.56e-01	1.17e-01	2.48e-05	0.00e+00	0.00e+00	0.00e+00
 2.41036e+16	6.99e-04	1.40e-01	7.52e-01	1.07e-01	2.06e-05	0.00e+00	0.00e+00	0.00e+00
 2.41571e+16	8.10e-04	1.54e-01	7.47e-01	9.85e-02	1.73e-05	0.00e+00	0.00e+00	0.00e+00
 2.42039e+16	9.22e-04	1.68e-01	7.40e-01	9.10e-02	1.48e-05	0.00e+00	0.00e+00	0.00e+00
 2.42554e+16	1.07e-03	1.84e-01	7.32e-01	8.28e-02	1.23e-05	0.00e+00	0.00e+00	0.00e+00
 2.43120e+16	1.27e-03	2.05e-01	7.19e-01	7.41e-02	9.97e-06	0.00e+00	0.00e+00	0.00e+00
 2.43626e+16	1.48e-03	2.27e-01	7.05e-01	6.65e-02	8.17e-06	0.00e+00	0.00e+00	0.00e+00
 2.44073e+16	1.70e-03	2.48e-01	6.91e-01	6.00e-02	6.79e-06	0.00e+00	0.00e+00	0.00e+00
 2.44570e+16	2.00e-03	2.73e-01	6.72e-01	5.29e-02	5.44e-06	0.00e+00	0.00e+00	0.00e+00
 2.45124e+16	2.40e-03	3.06e-01	6.47e-01	4.54e-02	4.19e-06	0.00e+00	0.00e+00	0.00e+00
 2.45633e+16	2.86e-03	3.39e-01	6.19e-01	3.88e-02	3.23e-06	0.00e+00	0.00e+00	0.00e+00
 2.46098e+16	3.36e-03	3.74e-01	5.90e-01	3.31e-02	2.49e-06	0.00e+00	0.00e+00	0.00e+00
 2.46624e+16	4.04e-03	4.16e-01	5.53e-01	2.72e-02	1.82e-06	0.00e+00	0.00e+00	0.00e+00
 2.47181e+16	4.96e-03	4.66e-01	5.08e-01	2.14e-02	1.26e-06	0.00e+00	0.00e+00	0.00e+00
 2.47642e+16	5.93e-03	5.12e-01	4.65e-01	1.71e-02	8.98e-07	0.00e+00	0.00e+00	0.00e+00
 2.48004e+16	6.79e-03	5.50e-01	4.29e-01	1.40e-02	0.00e+00	0.00e+00	0.00e+00	0.00e+00
 2.48325e+16	7.70e-03	5.85e-01	3.96e-01	1.16e-02	0.00e+00	0.00e+00	0.00e+00	0.00e+00
 2.48692e+16	8.88e-03	6.25e-01	3.57e-01	9.10e-03	0.00e+00	0.00e+00	0.00e+00	0.00e+00
 2.49085e+16	1.04e-02	6.70e-01	3.13e-01	6.85e-03	0.00e+00	0.00e+00	0.00e+00	0.00e+00
 2.49418e+16	1.19e-02	7.08e-01	2.75e-01	5.20e-03	0.00e+00	0.00e+00	0.00e+00	0.00e+00
 2.49691e+16	1.33e-02	7.38e-01	2.44e-01	4.08e-03	0.00e+00	0.00e+00	0.00e+00	0.00e+00
 2.49981e+16	1.50e-02	7.69e-01	2.13e-01	3.08e-03	0.00e+00	0.00e+00	0.00e+00	0.00e+00
 2.50301e+16	1.72e-02	8.02e-01	1.79e-01	2.19e-03	0.00e+00	0.00e+00	0.00e+00	0.00e+00
 2.50584e+16	1.95e-02	8.28e-01	1.51e-01	1.57e-03	0.00e+00	0.00e+00	0.00e+00	0.00e+00
 2.50818e+16	2.16e-02	8.49e-01	1.28e-01	1.16e-03	0.00e+00	0.00e+00	0.00e+00	0.00e+00
 2.51033e+16	2.37e-02	8.65e-01	1.10e-01	8.69e-04	0.00e+00	0.00e+00	0.00e+00	0.00e+00
 2.51280e+16	2.65e-02	8.82e-01	9.10e-02	6.07e-04	0.00e+00	0.00e+00	0.00e+00	0.00e+00
 2.51547e+16	3.00e-02	8.97e-01	7.24e-02	3.98e-04	0.00e+00	0.00e+00	0.00e+00	0.00e+00
 2.51778e+16	3.35e-02	9.08e-01	5.83e-02	2.68e-04	0.00e+00	0.00e+00	0.00e+00	0.00e+00
 2.51971e+16	3.68e-02	9.15e-01	4.81e-02	1.88e-04	0.00e+00	0.00e+00	0.00e+00	0.00e+00
 2.52180e+16	4.07e-02	9.21e-01	3.85e-02	1.25e-04	0.00e+00	0.00e+00	0.00e+00	0.00e+00
 2.52401e+16	4.54e-02	9.24e-01	3.00e-02	7.98e-05	0.00e+00	0.00e+00	0.00e+00	0.00e+00
 2.52588e+16	5.02e-02	9.26e-01	2.39e-02	5.29e-05	0.00e+00	0.00e+00	0.00e+00	0.00e+00
 2.52744e+16	5.46e-02	9.26e-01	1.96e-02	3.70e-05	0.00e+00	0.00e+00	0.00e+00	0.00e+00
 2.52905e+16	5.95e-02	9.25e-01	1.58e-02	2.51e-05	0.00e+00	0.00e+00	0.00e+00	0.00e+00
 2.53075e+16	6.52e-02	9.22e-01	1.25e-02	1.64e-05	0.00e+00	0.00e+00	0.00e+00	0.00e+00
 2.53231e+16	7.12e-02	9.19e-01	9.94e-03	1.09e-05	0.00e+00	0.00e+00	0.00e+00	0.00e+00
 2.53371e+16	7.68e-02	9.15e-01	8.03e-03	7.46e-06	0.00e+00	0.00e+00	0.00e+00	0.00e+00
 2.53502e+16	8.27e-02	9.11e-01	6.54e-03	5.16e-06	0.00e+00	0.00e+00	0.00e+00	0.00e+00
 2.53624e+16	8.84e-02	9.06e-01	5.37e-03	3.62e-06	0.00e+00	0.00e+00	0.00e+00	0.00e+00
 2.53732e+16	9.39e-02	9.02e-01	4.49e-03	2.63e-06	0.00e+00	0.00e+00	0.00e+00	0.00e+00
 2.53830e+16	9.91e-02	8.97e-01	3.80e-03	1.94e-06	0.00e+00	0.00e+00	0.00e+00	0.00e+00
 2.53907e+16	1.03e-01	8.93e-01	3.34e-03	1.54e-06	0.00e+00	0.00e+00	0.00e+00	0.00e+00
 2.53958e+16	1.06e-01	8.91e-01	3.06e-03	1.32e-06	0.00e+00	0.00e+00	0.00e+00	0.00e+00
 2.54005e+16	1.09e-01	8.88e-01	2.81e-03	1.13e-06	0.00e+00	0.00e+00	0.00e+00	0.00e+00
 2.54059e+16	1.13e-01	8.85e-01	2.55e-03	9.47e-07	0.00e+00	0.00e+00	0.00e+00	0.00e+00
 2.54118e+16	1.17e-01	8.81e-01	2.29e-03	0.00e+00	0.00e+00	0.00e+00	0.00e+00	0.00e+00
 2.54175e+16	1.20e-01	8.78e-01	2.06e-03	0.00e+00	0.00e+00	0.00e+00	0.00e+00	0.00e+00
 2.54228e+16	1.24e-01	8.74e-01	1.86e-03	0.00e+00	0.00e+00	0.00e+00	0.00e+00	0.00e+00
 2.54280e+16	1.28e-01	8.71e-01	1.69e-03	0.00e+00	0.00e+00	0.00e+00	0.00e+00	0.00e+00
 2.54333e+16	1.32e-01	8.67e-01	1.53e-03	0.00e+00	0.00e+00	0.00e+00	0.00e+00	0.00e+00
 2.54385e+16	1.36e-01	8.63e-01	1.38e-03	0.00e+00	0.00e+00	0.00e+00	0.00e+00	0.00e+00
 2.54438e+16	1.40e-01	8.59e-01	1.24e-03	0.00e+00	0.00e+00	0.00e+00	0.00e+00	0.00e+00
 2.54488e+16	1.44e-01	8.55e-01	1.12e-03	0.00e+00	0.00e+00	0.00e+00	0.00e+00	0.00e+00
 2.54538e+16	1.48e-01	8.51e-01	1.02e-03	0.00e+00	0.00e+00	0.00e+00	0.00e+00	0.00e+00
 2.54588e+16	1.52e-01	8.47e-01	9.16e-04	0.00e+00	0.00e+00	0.00e+00	0.00e+00	0.00e+00
 2.54638e+16	1.57e-01	8.42e-01	8.27e-04	0.00e+00	0.00e+00	0.00e+00	0.00e+00	0.00e+00
 2.54687e+16	1.62e-01	8.37e-01	7.46e-04	0.00e+00	0.00e+00	0.00e+00	0.00e+00	0.00e+00
 2.54736e+16	1.67e-01	8.32e-01	6.72e-04	0.00e+00	0.00e+00	0.00e+00	0.00e+00	0.00e+00
 2.54783e+16	1.72e-01	8.28e-01	6.07e-04	0.00e+00	0.00e+00	0.00e+00	0.00e+00	0.00e+00
 2.54830e+16	1.77e-01	8.22e-01	5.48e-04	0.00e+00	0.00e+00	0.00e+00	0.00e+00	0.00e+00
 2.54877e+16	1.82e-01	8.17e-01	4.94e-04	0.00e+00	0.00e+00	0.00e+00	0.00e+00	0.00e+00
 2.54923e+16	1.88e-01	8.12e-01	4.45e-04	0.00e+00	0.00e+00	0.00e+00	0.00e+00	0.00e+00
 2.54970e+16	1.94e-01	8.06e-01	4.00e-04	0.00e+00	0.00e+00	0.00e+00	0.00e+00	0.00e+00
 2.55015e+16	2.00e-01	8.00e-01	3.61e-04	0.00e+00	0.00e+00	0.00e+00	0.00e+00	0.00e+00
 2.55059e+16	2.06e-01	7.94e-01	3.25e-04	0.00e+00	0.00e+00	0.00e+00	0.00e+00	0.00e+00
 2.55104e+16	2.13e-01	7.87e-01	2.92e-04	0.00e+00	0.00e+00	0.00e+00	0.00e+00	0.00e+00
 2.55148e+16	2.20e-01	7.80e-01	2.63e-04	0.00e+00	0.00e+00	0.00e+00	0.00e+00	0.00e+00
 2.55192e+16	2.27e-01	7.73e-01	2.36e-04	0.00e+00	0.00e+00	0.00e+00	0.00e+00	0.00e+00
 2.55234e+16	2.35e-01	7.64e-01	2.12e-04	0.00e+00	0.00e+00	0.00e+00	0.00e+00	0.00e+00
 2.55276e+16	2.43e-01	7.56e-01	1.91e-04	0.00e+00	0.00e+00	0.00e+00	0.00e+00	0.00e+00
 2.55318e+16	2.52e-01	7.48e-01	1.71e-04	0.00e+00	0.00e+00	0.00e+00	0.00e+00	0.00e+00
 2.55360e+16	2.61e-01	7.39e-01	1.53e-04	0.00e+00	0.00e+00	0.00e+00	0.00e+00	0.00e+00
 2.55400e+16	2.71e-01	7.29e-01	1.37e-04	0.00e+00	0.00e+00	0.00e+00	0.00e+00	0.00e+00
 2.55440e+16	2.80e-01	7.19e-01	1.23e-04	0.00e+00	0.00e+00	0.00e+00	0.00e+00	0.00e+00
 2.55479e+16	2.92e-01	7.08e-01	1.11e-04	0.00e+00	0.00e+00	0.00e+00	0.00e+00	0.00e+00
 2.55517e+16	3.03e-01	6.97e-01	9.93e-05	0.00e+00	0.00e+00	0.00e+00	0.00e+00	0.00e+00
 2.55554e+16	3.15e-01	6.85e-01	8.91e-05	0.00e+00	0.00e+00	0.00e+00	0.00e+00	0.00e+00
 2.55590e+16	3.27e-01	6.72e-01	7.99e-05	0.00e+00	0.00e+00	0.00e+00	0.00e+00	0.00e+00
 2.55627e+16	3.40e-01	6.60e-01	7.17e-05	0.00e+00	0.00e+00	0.00e+00	0.00e+00	0.00e+00
 2.55663e+16	3.54e-01	6.46e-01	6.41e-05	0.00e+00	0.00e+00	0.00e+00	0.00e+00	0.00e+00
 2.55698e+16	3.68e-01	6.32e-01	5.74e-05	0.00e+00	0.00e+00	0.00e+00	0.00e+00	0.00e+00
 2.55733e+16	3.83e-01	6.17e-01	5.13e-05	0.00e+00	0.00e+00	0.00e+00	0.00e+00	0.00e+00
 2.55767e+16	3.99e-01	6.01e-01	4.59e-05	0.00e+00	0.00e+00	0.00e+00	0.00e+00	0.00e+00
 2.55801e+16	4.16e-01	5.84e-01	4.09e-05	0.00e+00	0.00e+00	0.00e+00	0.00e+00	0.00e+00
 2.55834e+16	4.36e-01	5.64e-01	3.63e-05	0.00e+00	0.00e+00	0.00e+00	0.00e+00	0.00e+00
 2.55867e+16	4.55e-01	5.45e-01	3.23e-05	0.00e+00	0.00e+00	0.00e+00	0.00e+00	0.00e+00
 2.55899e+16	4.74e-01	5.26e-01	2.87e-05	0.00e+00	0.00e+00	0.00e+00	0.00e+00	0.00e+00
 2.55931e+16	4.95e-01	5.05e-01	2.54e-05	0.00e+00	0.00e+00	0.00e+00	0.00e+00	0.00e+00
 2.55963e+16	5.16e-01	4.84e-01	2.25e-05	0.00e+00	0.00e+00	0.00e+00	0.00e+00	0.00e+00
 2.55995e+16	5.38e-01	4.62e-01	1.98e-05	0.00e+00	0.00e+00	0.00e+00	0.00e+00	0.00e+00
 2.56027e+16	5.60e-01	4.40e-01	1.74e-05	0.00e+00	0.00e+00	0.00e+00	0.00e+00	0.00e+00
 2.56059e+16	5.83e-01	4.17e-01	1.53e-05	0.00e+00	0.00e+00	0.00e+00	0.00e+00	0.00e+00
 2.56090e+16	6.07e-01	3.93e-01	1.33e-05	0.00e+00	0.00e+00	0.00e+00	0.00e+00	0.00e+00
 2.56121e+16	6.30e-01	3.70e-01	1.16e-05	0.00e+00	0.00e+00	0.00e+00	0.00e+00	0.00e+00
 2.56153e+16	6.55e-01	3.45e-01	1.01e-05	0.00e+00	0.00e+00	0.00e+00	0.00e+00	0.00e+00
 2.56180e+16	6.75e-01	3.25e-01	8.92e-06	0.00e+00	0.00e+00	0.00e+00	0.00e+00	0.00e+00
