#depth	He	He+	He+2
 1.49634e+10	3.73e-23	3.19e-12	1.00e+00
 4.54887e+10	4.17e-23	3.45e-12	1.00e+00
 7.72350e+10	4.64e-23	3.73e-12	1.00e+00
 1.10251e+11	5.18e-23	4.04e-12	1.00e+00
 1.41806e+11	5.74e-23	4.35e-12	1.00e+00
 1.70880e+11	6.28e-23	4.65e-12	1.00e+00
 2.03885e+11	6.95e-23	4.99e-12	1.00e+00
 2.41955e+11	7.79e-23	5.41e-12	1.00e+00
 2.79311e+11	8.69e-23	5.83e-12	1.00e+00
 3.18162e+11	9.69e-23	6.30e-12	1.00e+00
 3.60815e+11	1.09e-22	6.82e-12	1.00e+00
 4.03912e+11	1.23e-22	7.38e-12	1.00e+00
 4.48733e+11	1.38e-22	7.99e-12	1.00e+00
 4.96609e+11	1.56e-22	8.66e-12	1.00e+00
 5.46400e+11	1.76e-22	9.39e-12	1.00e+00
 5.98183e+11	2.00e-22	1.02e-11	1.00e+00
 6.52037e+11	2.27e-22	1.11e-11	1.00e+00
 7.08046e+11	2.58e-22	1.20e-11	1.00e+00
 7.66294e+11	2.94e-22	1.30e-11	1.00e+00
 8.26873e+11	3.35e-22	1.42e-11	1.00e+00
 8.84736e+11	3.79e-22	1.53e-11	1.00e+00
 9.37835e+11	4.22e-22	1.63e-11	1.00e+00
 9.97908e+11	4.76e-22	1.76e-11	1.00e+00
 1.06439e+12	5.43e-22	1.91e-11	1.00e+00
 1.12657e+12	6.11e-22	2.05e-11	1.00e+00
 1.19431e+12	6.92e-22	2.21e-11	1.00e+00
 1.27201e+12	7.97e-22	2.40e-11	1.00e+00
 1.34821e+12	9.11e-22	2.60e-11	1.00e+00
 1.42745e+12	1.04e-21	2.82e-11	1.00e+00
 1.51448e+12	1.20e-21	3.08e-11	1.00e+00
 1.60266e+12	1.39e-21	3.34e-11	1.00e+00
 1.69436e+12	1.60e-21	3.64e-11	1.00e+00
 1.79206e+12	1.85e-21	3.97e-11	1.00e+00
 1.89367e+12	2.14e-21	4.33e-11	1.00e+00
 1.99935e+12	2.48e-21	4.73e-11	1.00e+00
 2.10925e+12	2.88e-21	5.16e-11	1.00e+00
 2.21181e+12	3.30e-21	5.59e-11	1.00e+00
 2.30233e+12	3.71e-21	5.98e-11	1.00e+00
 2.40352e+12	4.19e-21	6.44e-11	1.00e+00
 2.52488e+12	4.86e-21	7.03e-11	1.00e+00
 2.64786e+12	5.61e-21	7.65e-11	1.00e+00
 2.76256e+12	6.37e-21	8.26e-11	1.00e+00
 2.88980e+12	7.30e-21	8.97e-11	1.00e+00
 3.03532e+12	8.52e-21	9.83e-11	1.00e+00
 3.17894e+12	9.85e-21	1.07e-10	1.00e+00
 3.32831e+12	1.14e-20	1.17e-10	1.00e+00
 3.49136e+12	1.32e-20	1.29e-10	1.00e+00
 3.64090e+12	1.52e-20	1.40e-10	1.00e+00
 3.76886e+12	1.69e-20	1.50e-10	1.00e+00
 3.91044e+12	1.90e-20	1.61e-10	1.00e+00
 4.08524e+12	2.19e-20	1.76e-10	1.00e+00
 4.26502e+12	2.53e-20	1.93e-10	1.00e+00
 4.42785e+12	2.86e-20	2.08e-10	1.00e+00
 4.60686e+12	3.24e-20	2.27e-10	1.00e+00
 4.81716e+12	3.75e-20	2.49e-10	1.00e+00
 5.02408e+12	4.31e-20	2.73e-10	1.00e+00
 5.21613e+12	4.87e-20	2.96e-10	1.00e+00
 5.43155e+12	5.54e-20	3.24e-10	1.00e+00
 5.67874e+12	6.40e-20	3.58e-10	1.00e+00
 5.92158e+12	7.33e-20	3.93e-10	1.00e+00
 6.17413e+12	8.36e-20	4.32e-10	1.00e+00
 6.44075e+12	9.57e-20	4.76e-10	1.00e+00
 6.69790e+12	1.08e-19	5.21e-10	1.00e+00
 6.97562e+12	1.23e-19	5.73e-10	1.00e+00
 7.28457e+12	1.40e-19	6.35e-10	1.00e+00
 7.59543e+12	1.60e-19	7.02e-10	1.00e+00
 7.91872e+12	1.81e-19	7.76e-10	1.00e+00
 8.22339e+12	2.03e-19	8.50e-10	1.00e+00
 8.47778e+12	2.22e-19	9.15e-10	1.00e+00
 8.75298e+12	2.44e-19	9.89e-10	1.00e+00
 9.10166e+12	2.74e-19	1.09e-09	1.00e+00
 9.46322e+12	3.07e-19	1.20e-09	1.00e+00
 9.76342e+12	3.36e-19	1.29e-09	1.00e+00
 1.00665e+13	3.67e-19	1.40e-09	1.00e+00
 1.04575e+13	4.10e-19	1.53e-09	1.00e+00
 1.08614e+13	4.58e-19	1.68e-09	1.00e+00
 1.12030e+13	5.01e-19	1.82e-09	1.00e+00
 1.15651e+13	5.51e-19	1.97e-09	1.00e+00
 1.20202e+13	6.20e-19	2.16e-09	1.00e+00
 1.24930e+13	6.99e-19	2.38e-09	1.00e+00
 1.29170e+13	7.77e-19	2.58e-09	1.00e+00
 1.33808e+13	8.71e-19	2.81e-09	1.00e+00
 1.39307e+13	9.96e-19	3.10e-09	1.00e+00
 1.44795e+13	1.14e-18	3.40e-09	1.00e+00
 1.49911e+13	1.28e-18	3.69e-09	1.00e+00
 1.55616e+13	1.47e-18	4.04e-09	1.00e+00
 1.62140e+13	1.71e-18	4.45e-09	1.00e+00
 1.68569e+13	1.97e-18	4.88e-09	1.00e+00
 1.74178e+13	2.23e-18	5.27e-09	1.00e+00
 1.78901e+13	2.48e-18	5.61e-09	1.00e+00
 1.84004e+13	2.76e-18	5.99e-09	1.00e+00
 1.90638e+13	3.18e-18	6.51e-09	1.00e+00
 1.97572e+13	3.67e-18	7.08e-09	1.00e+00
 2.03481e+13	4.13e-18	7.57e-09	1.00e+00
 2.09746e+13	4.67e-18	8.12e-09	1.00e+00
 2.17702e+13	5.44e-18	8.85e-09	1.00e+00
 2.25928e+13	6.35e-18	9.64e-09	1.00e+00
 2.33104e+13	7.23e-18	1.03e-08	1.00e+00
 2.40846e+13	8.29e-18	1.11e-08	1.00e+00
 2.49490e+13	9.63e-18	1.21e-08	1.00e+00
 2.57579e+13	1.10e-17	1.30e-08	1.00e+00
 2.66371e+13	1.27e-17	1.40e-08	1.00e+00
 2.76127e+13	1.48e-17	1.52e-08	1.00e+00
 2.85189e+13	1.71e-17	1.64e-08	1.00e+00
 2.95025e+13	1.97e-17	1.76e-08	1.00e+00
 3.06062e+13	2.31e-17	1.92e-08	1.00e+00
 3.16440e+13	2.67e-17	2.07e-08	1.00e+00
 3.27707e+13	3.09e-17	2.23e-08	1.00e+00
 3.40330e+13	3.65e-17	2.43e-08	1.00e+00
 3.52196e+13	4.23e-17	2.62e-08	1.00e+00
 3.65100e+13	4.92e-17	2.84e-08	1.00e+00
 3.79627e+13	5.84e-17	3.10e-08	1.00e+00
 3.93423e+13	6.80e-17	3.35e-08	1.00e+00
 4.08135e+13	7.97e-17	3.63e-08	1.00e+00
 4.24760e+13	9.49e-17	3.96e-08	1.00e+00
 4.41190e+13	1.11e-16	4.30e-08	1.00e+00
 4.58278e+13	1.31e-16	4.67e-08	1.00e+00
 4.76908e+13	1.55e-16	5.09e-08	1.00e+00
 4.94368e+13	1.81e-16	5.50e-08	1.00e+00
 5.09837e+13	2.07e-16	5.88e-08	1.00e+00
 5.24323e+13	2.33e-16	6.24e-08	1.00e+00
 5.40376e+13	2.64e-16	6.65e-08	1.00e+00
 5.58427e+13	3.03e-16	7.13e-08	1.00e+00
 5.75650e+13	3.44e-16	7.61e-08	1.00e+00
 5.94611e+13	3.94e-16	8.15e-08	1.00e+00
 6.15613e+13	4.55e-16	8.76e-08	1.00e+00
 6.35121e+13	5.18e-16	9.35e-08	1.00e+00
 6.56337e+13	5.93e-16	1.00e-07	1.00e+00
 6.80024e+13	6.85e-16	1.08e-07	1.00e+00
 7.02265e+13	7.82e-16	1.15e-07	1.00e+00
 7.26518e+13	8.98e-16	1.23e-07	1.00e+00
 7.53417e+13	1.04e-15	1.33e-07	1.00e+00
 7.78527e+13	1.19e-15	1.42e-07	1.00e+00
 8.05939e+13	1.36e-15	1.53e-07	1.00e+00
 8.36656e+13	1.58e-15	1.64e-07	1.00e+00
 8.65791e+13	1.82e-15	1.76e-07	1.00e+00
 8.97446e+13	2.09e-15	1.89e-07	1.00e+00
 9.32587e+13	2.44e-15	2.05e-07	1.00e+00
 9.66089e+13	2.80e-15	2.19e-07	1.00e+00
 1.00199e+14	3.23e-15	2.36e-07	1.00e+00
 1.04237e+14	3.77e-15	2.55e-07	1.00e+00
 1.08259e+14	4.36e-15	2.75e-07	1.00e+00
 1.12442e+14	5.05e-15	2.96e-07	1.00e+00
 1.16970e+14	5.89e-15	3.20e-07	1.00e+00
 1.21678e+14	6.85e-15	3.46e-07	1.00e+00
 1.26575e+14	7.98e-15	3.74e-07	1.00e+00
 1.31281e+14	9.18e-15	4.01e-07	1.00e+00
 1.35246e+14	1.03e-14	4.25e-07	1.00e+00
 1.39282e+14	1.15e-14	4.51e-07	1.00e+00
 1.44410e+14	1.32e-14	4.84e-07	1.00e+00
 1.49675e+14	1.52e-14	5.19e-07	1.00e+00
 1.54214e+14	1.70e-14	5.50e-07	1.00e+00
 1.59092e+14	1.91e-14	5.85e-07	1.00e+00
 1.65101e+14	2.21e-14	6.30e-07	1.00e+00
 1.71236e+14	2.54e-14	6.76e-07	1.00e+00
 1.76840e+14	2.87e-14	7.20e-07	1.00e+00
 1.83097e+14	3.27e-14	7.72e-07	1.00e+00
 1.90382e+14	3.80e-14	8.35e-07	1.00e+00
 1.97632e+14	4.38e-14	8.98e-07	1.00e+00
 2.04153e+14	4.97e-14	9.60e-07	1.00e+00
 2.11094e+14	5.63e-14	1.03e-06	1.00e+00
 2.18881e+14	6.48e-14	1.10e-06	1.00e+00
 2.26241e+14	7.34e-14	1.18e-06	1.00e+00
 2.34282e+14	8.39e-14	1.27e-06	1.00e+00
 2.43182e+14	9.68e-14	1.37e-06	1.00e+00
 2.51433e+14	1.10e-13	1.46e-06	1.00e+00
 2.60393e+14	1.25e-13	1.57e-06	1.00e+00
 2.70419e+14	1.45e-13	1.70e-06	1.00e+00
 2.79870e+14	1.65e-13	1.82e-06	1.00e+00
 2.90059e+14	1.88e-13	1.96e-06	1.00e+00
 3.01377e+14	2.17e-13	2.11e-06	1.00e+00
 3.12208e+14	2.48e-13	2.27e-06	1.00e+00
 3.23787e+14	2.84e-13	2.45e-06	1.00e+00
 3.36769e+14	3.28e-13	2.65e-06	1.00e+00
 3.49666e+14	3.77e-13	2.86e-06	1.00e+00
 3.61541e+14	4.26e-13	3.06e-06	1.00e+00
 3.74411e+14	4.85e-13	3.29e-06	1.00e+00
 3.88904e+14	5.57e-13	3.55e-06	1.00e+00
 4.02394e+14	6.30e-13	3.81e-06	1.00e+00
 4.13796e+14	6.97e-13	4.03e-06	1.00e+00
 4.25593e+14	7.71e-13	4.27e-06	1.00e+00
 4.40920e+14	8.75e-13	4.59e-06	1.00e+00
 4.56709e+14	9.90e-13	4.94e-06	1.00e+00
 4.69793e+14	1.10e-12	5.23e-06	1.00e+00
 4.83488e+14	1.21e-12	5.54e-06	1.00e+00
 5.01068e+14	1.37e-12	5.96e-06	1.00e+00
 5.19512e+14	1.56e-12	6.42e-06	1.00e+00
 5.35721e+14	1.74e-12	6.84e-06	1.00e+00
 5.53214e+14	1.94e-12	7.30e-06	1.00e+00
 5.74378e+14	2.21e-12	7.89e-06	1.00e+00
 5.95343e+14	2.50e-12	8.48e-06	1.00e+00
 6.13896e+14	2.79e-12	9.04e-06	1.00e+00
 6.34288e+14	3.11e-12	9.67e-06	1.00e+00
 6.58745e+14	3.54e-12	1.05e-05	1.00e+00
 6.83033e+14	4.01e-12	1.13e-05	1.00e+00
 7.05038e+14	4.48e-12	1.20e-05	1.00e+00
 7.29529e+14	5.02e-12	1.29e-05	1.00e+00
 7.58255e+14	5.74e-12	1.40e-05	1.00e+00
 7.86485e+14	6.47e-12	1.51e-05	1.00e+00
 8.12852e+14	7.28e-12	1.62e-05	1.00e+00
 8.42404e+14	8.19e-12	1.74e-05	1.00e+00
 8.76130e+14	9.39e-12	1.89e-05	1.00e+00
 9.09450e+14	1.07e-11	2.05e-05	1.00e+00
 9.44104e+14	1.22e-11	2.22e-05	1.00e+00
 9.75467e+14	1.36e-11	2.38e-05	1.00e+00
 9.98854e+14	1.48e-11	2.51e-05	1.00e+00
 1.02312e+15	1.61e-11	2.64e-05	1.00e+00
 1.05466e+15	1.80e-11	2.82e-05	1.00e+00
 1.08896e+15	2.01e-11	3.02e-05	1.00e+00
 1.12006e+15	2.22e-11	3.21e-05	1.00e+00
 1.15372e+15	2.48e-11	3.44e-05	1.00e+00
 1.19170e+15	2.77e-11	3.68e-05	1.00e+00
 1.22833e+15	3.12e-11	3.95e-05	1.00e+00
 1.26900e+15	3.48e-11	4.24e-05	1.00e+00
 1.31421e+15	3.99e-11	4.59e-05	1.00e+00
 1.35641e+15	4.48e-11	4.92e-05	1.00e+00
 1.40239e+15	5.09e-11	5.31e-05	1.00e+00
 1.45376e+15	5.77e-11	5.75e-05	1.00e+00
 1.50198e+15	6.61e-11	6.21e-05	1.00e+00
 1.54762e+15	7.38e-11	6.63e-05	1.00e+00
 1.60008e+15	8.32e-11	7.15e-05	1.00e+00
 1.66235e+15	9.71e-11	7.80e-05	1.00e+00
 1.72302e+15	1.12e-10	8.47e-05	1.00e+00
 1.77731e+15	1.25e-10	9.08e-05	1.00e+00
 1.83763e+15	1.44e-10	9.81e-05	1.00e+00
 1.90918e+15	1.66e-10	1.07e-04	1.00e+00
 1.98045e+15	1.93e-10	1.16e-04	1.00e+00
 2.04675e+15	2.19e-10	1.25e-04	1.00e+00
 2.12081e+15	2.52e-10	1.36e-04	1.00e+00
 2.20568e+15	2.96e-10	1.49e-04	1.00e+00
 2.27644e+15	3.32e-10	1.60e-04	1.00e+00
 2.32680e+15	3.66e-10	1.68e-04	1.00e+00
 2.37937e+15	4.01e-10	1.77e-04	1.00e+00
 2.44772e+15	4.49e-10	1.89e-04	1.00e+00
 2.52368e+15	5.08e-10	2.02e-04	1.00e+00
 2.59477e+15	5.67e-10	2.15e-04	1.00e+00
 2.67245e+15	6.34e-10	2.30e-04	1.00e+00
 2.75936e+15	7.31e-10	2.48e-04	1.00e+00
 2.84132e+15	8.20e-10	2.65e-04	1.00e+00
 2.93093e+15	9.23e-10	2.84e-04	1.00e+00
 3.03162e+15	1.07e-09	3.06e-04	1.00e+00
 3.12752e+15	1.22e-09	3.29e-04	1.00e+00
 3.23296e+15	1.38e-09	3.54e-04	1.00e+00
 3.35199e+15	1.63e-09	3.84e-04	1.00e+00
 3.46530e+15	1.85e-09	4.14e-04	1.00e+00
 3.58922e+15	2.12e-09	4.48e-04	1.00e+00
 3.72660e+15	2.52e-09	4.88e-04	1.00e+00
 3.85405e+15	2.89e-09	5.26e-04	9.99e-01
 3.99228e+15	3.30e-09	5.69e-04	9.99e-01
 4.14761e+15	3.95e-09	6.20e-04	9.99e-01
 4.29496e+15	4.56e-09	6.70e-04	9.99e-01
 4.45243e+15	5.28e-09	7.26e-04	9.99e-01
 4.63056e+15	6.13e-09	7.92e-04	9.99e-01
 4.77897e+15	7.03e-09	8.50e-04	9.99e-01
 4.88353e+15	7.82e-09	8.92e-04	9.99e-01
 4.99153e+15	8.58e-09	9.37e-04	9.99e-01
 5.13194e+15	9.50e-09	9.96e-04	9.99e-01
 5.28954e+15	1.10e-08	1.07e-03	9.99e-01
 5.43774e+15	1.21e-08	1.13e-03	9.99e-01
 5.59863e+15	1.40e-08	1.21e-03	9.99e-01
 5.77760e+15	1.59e-08	1.30e-03	9.99e-01
 5.94547e+15	1.79e-08	1.38e-03	9.99e-01
 6.12912e+15	2.01e-08	1.48e-03	9.99e-01
 6.33533e+15	2.35e-08	1.60e-03	9.98e-01
 6.53010e+15	2.67e-08	1.71e-03	9.98e-01
 6.74252e+15	3.01e-08	1.83e-03	9.98e-01
 6.97750e+15	3.56e-08	1.98e-03	9.98e-01
 7.19508e+15	4.05e-08	2.12e-03	9.98e-01
 7.43117e+15	4.62e-08	2.28e-03	9.98e-01
 7.69143e+15	5.28e-08	2.47e-03	9.98e-01
 7.93444e+15	6.17e-08	2.66e-03	9.97e-01
 8.20167e+15	7.11e-08	2.87e-03	9.97e-01
 8.49360e+15	8.11e-08	3.11e-03	9.97e-01
 8.75575e+15	9.27e-08	3.34e-03	9.97e-01
 8.99620e+15	1.05e-07	3.56e-03	9.96e-01
 9.27032e+15	1.19e-07	3.83e-03	9.96e-01
 9.57880e+15	1.38e-07	4.14e-03	9.96e-01
 9.87159e+15	1.61e-07	4.46e-03	9.96e-01
 1.01130e+16	1.79e-07	4.74e-03	9.95e-01
 1.03479e+16	2.00e-07	5.02e-03	9.95e-01
 1.06533e+16	2.24e-07	5.41e-03	9.95e-01
 1.09784e+16	2.63e-07	5.85e-03	9.94e-01
 1.12468e+16	2.92e-07	6.23e-03	9.94e-01
 1.15135e+16	3.25e-07	6.64e-03	9.93e-01
 1.18603e+16	3.84e-07	7.24e-03	9.93e-01
 1.22013e+16	4.36e-07	7.83e-03	9.92e-01
 1.24734e+16	4.84e-07	8.35e-03	9.92e-01
 1.27655e+16	5.46e-07	8.96e-03	9.91e-01
 1.30937e+16	6.39e-07	9.72e-03	9.90e-01
 1.33992e+16	7.22e-07	1.05e-02	9.90e-01
 1.36819e+16	8.14e-07	1.12e-02	9.89e-01
 1.40045e+16	9.29e-07	1.22e-02	9.88e-01
 1.43433e+16	1.08e-06	1.33e-02	9.87e-01
 1.46259e+16	1.22e-06	1.43e-02	9.86e-01
 1.49161e+16	1.39e-06	1.56e-02	9.84e-01
 1.52345e+16	1.58e-06	1.70e-02	9.83e-01
 1.55204e+16	1.85e-06	1.85e-02	9.81e-01
 1.57668e+16	2.08e-06	2.00e-02	9.80e-01
 1.59891e+16	2.33e-06	2.14e-02	9.79e-01
 1.62366e+16	2.64e-06	2.33e-02	9.77e-01
 1.65023e+16	3.00e-06	2.55e-02	9.75e-01
 1.67471e+16	3.50e-06	2.79e-02	9.72e-01
 1.69759e+16	4.01e-06	3.05e-02	9.70e-01
 1.71933e+16	4.51e-06	3.32e-02	9.67e-01
 1.74404e+16	5.29e-06	3.70e-02	9.63e-01
 1.76980e+16	6.30e-06	4.16e-02	9.58e-01
 1.79080e+16	7.50e-06	4.61e-02	9.54e-01
 1.80770e+16	8.57e-06	5.04e-02	9.50e-01
 1.82542e+16	9.78e-06	5.57e-02	9.44e-01
 1.84844e+16	1.23e-05	6.41e-02	9.36e-01
 1.86978e+16	1.48e-05	7.34e-02	9.27e-01
 1.88438e+16	1.73e-05	8.13e-02	9.19e-01
 1.89688e+16	1.98e-05	8.93e-02	9.11e-01
 1.91119e+16	2.29e-05	1.00e-01	9.00e-01
 1.92702e+16	2.77e-05	1.14e-01	8.85e-01
 1.94082e+16	3.32e-05	1.30e-01	8.70e-01
 1.95144e+16	3.91e-05	1.44e-01	8.56e-01
 1.95947e+16	4.39e-05	1.56e-01	8.44e-01
 1.96748e+16	4.91e-05	1.70e-01	8.30e-01
 1.97789e+16	5.85e-05	1.91e-01	8.09e-01
 1.98683e+16	6.72e-05	2.11e-01	7.89e-01
 1.99208e+16	7.34e-05	2.24e-01	7.75e-01
 1.99710e+16	8.02e-05	2.39e-01	7.61e-01
 2.00363e+16	9.01e-05	2.59e-01	7.41e-01
 2.01055e+16	1.02e-04	2.82e-01	7.17e-01
 2.01642e+16	1.12e-04	3.04e-01	6.96e-01
 2.02250e+16	1.26e-04	3.30e-01	6.70e-01
 2.02898e+16	1.42e-04	3.58e-01	6.42e-01
 2.03459e+16	1.57e-04	3.84e-01	6.15e-01
 2.03958e+16	1.74e-04	4.09e-01	5.90e-01
 2.04431e+16	1.89e-04	4.34e-01	5.65e-01
 2.04962e+16	2.09e-04	4.64e-01	5.36e-01
 2.05652e+16	2.36e-04	5.04e-01	4.96e-01
 2.06354e+16	2.65e-04	5.44e-01	4.55e-01
 2.06934e+16	2.91e-04	5.79e-01	4.21e-01
 2.07553e+16	3.22e-04	6.16e-01	3.84e-01
 2.08356e+16	3.62e-04	6.62e-01	3.38e-01
 2.09194e+16	4.03e-04	7.06e-01	2.94e-01
 2.09921e+16	4.40e-04	7.42e-01	2.58e-01
 2.10713e+16	4.81e-04	7.78e-01	2.22e-01
 2.11743e+16	5.31e-04	8.18e-01	1.81e-01
 2.12884e+16	5.83e-04	8.54e-01	1.45e-01
 2.14170e+16	6.40e-04	8.87e-01	1.13e-01
 2.15842e+16	7.07e-04	9.18e-01	8.17e-02
 2.17637e+16	7.73e-04	9.40e-01	5.91e-02
 2.18899e+16	8.18e-04	9.51e-01	4.83e-02
 2.19613e+16	8.44e-04	9.56e-01	4.30e-02
 2.20311e+16	8.70e-04	9.61e-01	3.83e-02
 2.21220e+16	9.06e-04	9.66e-01	3.29e-02
 2.22400e+16	9.51e-04	9.72e-01	2.74e-02
 2.23633e+16	1.00e-03	9.76e-01	2.29e-02
 2.24647e+16	1.04e-03	9.79e-01	2.00e-02
 2.25537e+16	1.09e-03	9.81e-01	1.76e-02
 2.26552e+16	1.14e-03	9.84e-01	1.53e-02
 2.27577e+16	1.19e-03	9.85e-01	1.35e-02
 2.28370e+16	1.24e-03	9.87e-01	1.22e-02
 2.29049e+16	1.28e-03	9.87e-01	1.13e-02
 2.29824e+16	1.33e-03	9.88e-01	1.02e-02
 2.30687e+16	1.39e-03	9.89e-01	9.23e-03
 2.31468e+16	1.45e-03	9.90e-01	8.44e-03
 2.32143e+16	1.51e-03	9.91e-01	7.82e-03
 2.32879e+16	1.58e-03	9.91e-01	7.17e-03
 2.33679e+16	1.65e-03	9.92e-01	6.58e-03
 2.34374e+16	1.73e-03	9.92e-01	6.11e-03
 2.34968e+16	1.80e-03	9.92e-01	5.74e-03
 2.35622e+16	1.88e-03	9.93e-01	5.34e-03
 2.36346e+16	1.98e-03	9.93e-01	4.96e-03
 2.36986e+16	2.08e-03	9.93e-01	4.65e-03
 2.37535e+16	2.16e-03	9.93e-01	4.40e-03
 2.38139e+16	2.27e-03	9.94e-01	4.13e-03
 2.38797e+16	2.40e-03	9.94e-01	3.87e-03
 2.39378e+16	2.53e-03	9.94e-01	3.66e-03
 2.39880e+16	2.64e-03	9.94e-01	3.49e-03
 2.40432e+16	2.79e-03	9.94e-01	3.30e-03
 2.41036e+16	2.96e-03	9.94e-01	3.12e-03
 2.41571e+16	3.13e-03	9.94e-01	2.97e-03
 2.42039e+16	3.29e-03	9.94e-01	2.85e-03
 2.42554e+16	3.49e-03	9.94e-01	2.71e-03
 2.43120e+16	3.73e-03	9.94e-01	2.57e-03
 2.43626e+16	3.97e-03	9.94e-01	2.46e-03
 2.44073e+16	4.22e-03	9.93e-01	2.36e-03
 2.44570e+16	4.52e-03	9.93e-01	2.25e-03
 2.45124e+16	4.90e-03	9.93e-01	2.14e-03
 2.45633e+16	5.30e-03	9.93e-01	2.05e-03
 2.46098e+16	5.72e-03	9.92e-01	1.97e-03
 2.46624e+16	6.27e-03	9.92e-01	1.88e-03
 2.47181e+16	6.97e-03	9.91e-01	1.79e-03
 2.47642e+16	7.67e-03	9.91e-01	1.73e-03
 2.48004e+16	8.29e-03	9.90e-01	1.68e-03
 2.48325e+16	8.94e-03	9.89e-01	1.64e-03
 2.48692e+16	9.78e-03	9.89e-01	1.59e-03
 2.49085e+16	1.08e-02	9.88e-01	1.54e-03
 2.49418e+16	1.19e-02	9.87e-01	1.50e-03
 2.49691e+16	1.29e-02	9.86e-01	1.48e-03
 2.49981e+16	1.42e-02	9.84e-01	1.44e-03
 2.50301e+16	1.58e-02	9.83e-01	1.42e-03
 2.50584e+16	1.75e-02	9.81e-01	1.39e-03
 2.50818e+16	1.93e-02	9.79e-01	1.37e-03
 2.51033e+16	2.10e-02	9.78e-01	1.36e-03
 2.51280e+16	2.34e-02	9.75e-01	1.34e-03
 2.51547e+16	2.64e-02	9.72e-01	1.33e-03
 2.51778e+16	2.97e-02	9.69e-01	1.32e-03
 2.51971e+16	3.29e-02	9.66e-01	1.32e-03
 2.52180e+16	3.69e-02	9.62e-01	1.31e-03
 2.52401e+16	4.19e-02	9.57e-01	1.32e-03
 2.52588e+16	4.72e-02	9.51e-01	1.33e-03
 2.52744e+16	5.22e-02	9.47e-01	1.34e-03
 2.52905e+16	5.82e-02	9.40e-01	1.35e-03
 2.53075e+16	6.55e-02	9.33e-01	1.37e-03
 2.53231e+16	7.35e-02	9.25e-01	1.39e-03
 2.53371e+16	8.18e-02	9.17e-01	1.42e-03
 2.53502e+16	9.07e-02	9.08e-01	1.44e-03
 2.53624e+16	9.99e-02	8.99e-01	1.47e-03
 2.53732e+16	1.09e-01	8.89e-01	1.50e-03
 2.53830e+16	1.19e-01	8.80e-01	1.53e-03
 2.53907e+16	1.26e-01	8.72e-01	1.55e-03
 2.53958e+16	1.32e-01	8.66e-01	1.57e-03
 2.54005e+16	1.38e-01	8.61e-01	1.58e-03
 2.54059e+16	1.44e-01	8.54e-01	1.60e-03
 2.54118e+16	1.52e-01	8.46e-01	1.62e-03
 2.54175e+16	1.60e-01	8.38e-01	1.63e-03
 2.54228e+16	1.68e-01	8.30e-01	1.66e-03
 2.54280e+16	1.76e-01	8.22e-01	1.67e-03
 2.54333e+16	1.85e-01	8.14e-01	1.70e-03
 2.54385e+16	1.94e-01	8.04e-01	1.71e-03
 2.54438e+16	2.04e-01	7.95e-01	1.73e-03
 2.54488e+16	2.13e-01	7.85e-01	1.75e-03
 2.54538e+16	2.23e-01	7.75e-01	1.78e-03
 2.54588e+16	2.34e-01	7.64e-01	1.79e-03
 2.54638e+16	2.45e-01	7.53e-01	1.81e-03
 2.54687e+16	2.56e-01	7.42e-01	1.83e-03
 2.54736e+16	2.69e-01	7.30e-01	1.85e-03
 2.54783e+16	2.81e-01	7.17e-01	1.87e-03
 2.54830e+16	2.93e-01	7.05e-01	1.89e-03
 2.54877e+16	3.06e-01	6.92e-01	1.90e-03
 2.54923e+16	3.19e-01	6.79e-01	1.92e-03
 2.54970e+16	3.34e-01	6.65e-01	1.93e-03
 2.55015e+16	3.47e-01	6.51e-01	1.95e-03
 2.55059e+16	3.62e-01	6.36e-01	1.96e-03
 2.55104e+16	3.76e-01	6.22e-01	1.98e-03
 2.55148e+16	3.91e-01	6.07e-01	1.99e-03
 2.55192e+16	4.07e-01	5.91e-01	1.99e-03
 2.55234e+16	4.22e-01	5.76e-01	2.00e-03
 2.55276e+16	4.37e-01	5.61e-01	2.01e-03
 2.55318e+16	4.53e-01	5.45e-01	2.02e-03
 2.55360e+16	4.69e-01	5.29e-01	2.02e-03
 2.55400e+16	4.85e-01	5.13e-01	2.02e-03
 2.55440e+16	5.00e-01	4.98e-01	2.02e-03
 2.55479e+16	5.15e-01	4.83e-01	2.02e-03
 2.55517e+16	5.30e-01	4.68e-01	2.02e-03
 2.55554e+16	5.45e-01	4.53e-01	2.01e-03
 2.55590e+16	5.60e-01	4.38e-01	2.00e-03
 2.55627e+16	5.75e-01	4.23e-01	1.99e-03
 2.55663e+16	5.90e-01	4.08e-01	1.98e-03
 2.55698e+16	6.04e-01	3.94e-01	1.97e-03
 2.55733e+16	6.18e-01	3.80e-01	1.95e-03
 2.55767e+16	6.31e-01	3.67e-01	1.94e-03
 2.55801e+16	6.44e-01	3.54e-01	1.92e-03
 2.55834e+16	6.57e-01	3.41e-01	1.90e-03
 2.55867e+16	6.70e-01	3.28e-01	1.88e-03
 2.55899e+16	6.82e-01	3.16e-01	1.86e-03
 2.55931e+16	6.94e-01	3.04e-01	1.84e-03
 2.55963e+16	7.06e-01	2.92e-01	1.81e-03
 2.55995e+16	7.17e-01	2.81e-01	1.78e-03
 2.56027e+16	7.28e-01	2.70e-01	1.76e-03
 2.56059e+16	7.39e-01	2.59e-01	1.73e-03
 2.56090e+16	7.50e-01	2.49e-01	1.70e-03
 2.56121e+16	7.60e-01	2.38e-01	1.67e-03
 2.56153e+16	7.70e-01	2.28e-01	1.64e-03
 2.56180e+16	7.78e-01	2.20e-01	1.61e-03
 2.56201e+16	7.84e-01	2.14e-01	1.58e-03
 2.56220e+16	7.90e-01	2.08e-01	1.56e-03
 2.56240e+16	7.96e-01	2.03e-01	1.53e-03
 2.56261e+16	8.02e-01	1.97e-01	1.51e-03
 2.56281e+16	8.07e-01	1.91e-01	1.49e-03
 2.56300e+16	8.12e-01	1.86e-01	1.46e-03
 2.56319e+16	8.17e-01	1.81e-01	1.44e-03
 2.56337e+16	8.22e-01	1.76e-01	1.42e-03
 2.56355e+16	8.27e-01	1.72e-01	1.39e-03
 2.56373e+16	8.31e-01	1.68e-01	1.37e-03
 2.56391e+16	8.35e-01	1.64e-01	1.35e-03
 2.56408e+16	8.39e-01	1.60e-01	1.33e-03
 2.56425e+16	8.43e-01	1.56e-01	1.31e-03
 2.56442e+16	8.47e-01	1.52e-01	1.29e-03
 2.56459e+16	8.50e-01	1.49e-01	1.27e-03
 2.56476e+16	8.54e-01	1.45e-01	1.24e-03
 2.56493e+16	8.57e-01	1.42e-01	1.22e-03
 2.56510e+16	8.60e-01	1.38e-01	1.20e-03
 2.56527e+16	8.64e-01	1.35e-01	1.18e-03
 2.56544e+16	8.67e-01	1.32e-01	1.16e-03
 2.56562e+16	8.70e-01	1.29e-01	1.14e-03
 2.56580e+16	8.73e-01	1.26e-01	1.12e-03
 2.56598e+16	8.76e-01	1.23e-01	1.10e-03
 2.56617e+16	8.79e-01	1.19e-01	1.08e-03
 2.56638e+16	8.83e-01	1.16e-01	1.06e-03
 2.56659e+16	8.86e-01	1.13e-01	1.03e-03
 2.56683e+16	8.89e-01	1.10e-01	1.01e-03
 2.56710e+16	8.93e-01	1.06e-01	9.80e-04
 2.56741e+16	8.97e-01	1.02e-01	9.51e-04
 2.56775e+16	9.01e-01	9.82e-02	9.19e-04
 2.56812e+16	9.05e-01	9.42e-02	8.87e-04
 2.56848e+16	9.09e-01	9.06e-02	8.57e-04
 2.56884e+16	9.12e-01	8.72e-02	8.27e-04
 2.56921e+16	9.15e-01	8.40e-02	7.98e-04
 2.56957e+16	9.18e-01	8.13e-02	7.72e-04
 2.56990e+16	9.20e-01	7.89e-02	7.50e-04
 2.57019e+16	9.22e-01	7.69e-02	7.31e-04
 2.57052e+16	9.25e-01	7.47e-02	7.09e-04
 2.57087e+16	9.27e-01	7.27e-02	6.90e-04
 2.57119e+16	9.28e-01	7.11e-02	6.74e-04
 2.57154e+16	9.30e-01	6.92e-02	6.55e-04
 2.57192e+16	9.32e-01	6.76e-02	6.39e-04
 2.57227e+16	9.33e-01	6.62e-02	6.24e-04
 2.57264e+16	9.35e-01	6.47e-02	6.08e-04
 2.57305e+16	9.36e-01	6.34e-02	5.94e-04
 2.57342e+16	9.37e-01	6.23e-02	5.82e-04
 2.57383e+16	9.38e-01	6.11e-02	5.69e-04
 2.57436e+16	9.40e-01	5.98e-02	5.54e-04
 2.57493e+16	9.41e-01	5.86e-02	5.41e-04
 2.57545e+16	9.42e-01	5.76e-02	5.30e-04
 2.57602e+16	9.43e-01	5.66e-02	5.17e-04
 2.57676e+16	9.44e-01	5.55e-02	5.04e-04
 2.57756e+16	9.45e-01	5.46e-02	4.92e-04
 2.57829e+16	9.46e-01	5.38e-02	4.82e-04
 2.57908e+16	9.47e-01	5.30e-02	4.70e-04
 2.58012e+16	9.47e-01	5.21e-02	4.58e-04
 2.58124e+16	9.48e-01	5.14e-02	4.47e-04
 2.58225e+16	9.49e-01	5.07e-02	4.38e-04
 2.58337e+16	9.50e-01	5.00e-02	4.27e-04
 2.58482e+16	9.50e-01	4.92e-02	4.14e-04
 2.58638e+16	9.51e-01	4.85e-02	4.02e-04
 2.58781e+16	9.52e-01	4.78e-02	3.92e-04
 2.58937e+16	9.53e-01	4.71e-02	3.80e-04
 2.59105e+16	9.53e-01	4.64e-02	3.68e-04
 2.59259e+16	9.54e-01	4.57e-02	3.58e-04
 2.59398e+16	9.54e-01	4.52e-02	3.49e-04
 2.59551e+16	9.55e-01	4.45e-02	3.39e-04
 2.59716e+16	9.56e-01	4.39e-02	3.29e-04
 2.59866e+16	9.56e-01	4.33e-02	3.20e-04
 2.60003e+16	9.57e-01	4.27e-02	3.12e-04
 2.60153e+16	9.58e-01	4.21e-02	3.03e-04
 2.60314e+16	9.58e-01	4.15e-02	2.95e-04
 2.60461e+16	9.59e-01	4.10e-02	2.87e-04
 2.60595e+16	9.59e-01	4.05e-02	2.80e-04
 2.60742e+16	9.60e-01	3.99e-02	2.72e-04
 2.60900e+16	9.60e-01	3.93e-02	2.65e-04
 2.61044e+16	9.61e-01	3.88e-02	2.58e-04
 2.61202e+16	9.62e-01	3.82e-02	2.50e-04
 2.61373e+16	9.62e-01	3.77e-02	2.43e-04
 2.61528e+16	9.63e-01	3.72e-02	2.36e-04
 2.61669e+16	9.63e-01	3.67e-02	2.30e-04
 2.61824e+16	9.64e-01	3.61e-02	2.23e-04
 2.61991e+16	9.64e-01	3.56e-02	2.17e-04
 2.62143e+16	9.65e-01	3.51e-02	2.11e-04
 2.62281e+16	9.65e-01	3.47e-02	2.06e-04
 2.62433e+16	9.66e-01	3.42e-02	2.00e-04
 2.62596e+16	9.66e-01	3.38e-02	1.95e-04
 2.62745e+16	9.66e-01	3.33e-02	1.90e-04
 2.62909e+16	9.67e-01	3.28e-02	1.84e-04
 2.63085e+16	9.67e-01	3.24e-02	1.79e-04
 2.63245e+16	9.68e-01	3.19e-02	1.74e-04
 2.63421e+16	9.68e-01	3.14e-02	1.69e-04
 2.63610e+16	9.69e-01	3.09e-02	1.64e-04
 2.63783e+16	9.69e-01	3.05e-02	1.59e-04
 2.63972e+16	9.70e-01	3.00e-02	1.54e-04
 2.64176e+16	9.70e-01	2.95e-02	1.49e-04
 2.64362e+16	9.71e-01	2.90e-02	1.45e-04
 2.64531e+16	9.71e-01	2.86e-02	1.41e-04
 2.64716e+16	9.72e-01	2.82e-02	1.37e-04
 2.64916e+16	9.72e-01	2.77e-02	1.32e-04
 2.65098e+16	9.73e-01	2.73e-02	1.29e-04
 2.65298e+16	9.73e-01	2.69e-02	1.24e-04
 2.65513e+16	9.73e-01	2.64e-02	1.20e-04
 2.65709e+16	9.74e-01	2.60e-02	1.17e-04
 2.65923e+16	9.74e-01	2.56e-02	1.13e-04
 2.66155e+16	9.75e-01	2.51e-02	1.09e-04
 2.66366e+16	9.75e-01	2.47e-02	1.05e-04
 2.66558e+16	9.76e-01	2.44e-02	1.02e-04
 2.66768e+16	9.76e-01	2.40e-02	9.90e-05
 2.66995e+16	9.76e-01	2.35e-02	9.58e-05
 2.67202e+16	9.77e-01	2.32e-02	9.29e-05
 2.67428e+16	9.77e-01	2.28e-02	8.97e-05
 2.67673e+16	9.78e-01	2.24e-02	8.66e-05
 2.67895e+16	9.78e-01	2.20e-02	8.38e-05
 2.68139e+16	9.78e-01	2.16e-02	8.08e-05
 2.68402e+16	9.79e-01	2.12e-02	7.79e-05
 2.68642e+16	9.79e-01	2.08e-02	7.53e-05
 2.68860e+16	9.79e-01	2.05e-02	7.30e-05
 2.69098e+16	9.80e-01	2.02e-02	7.05e-05
 2.69356e+16	9.80e-01	1.98e-02	6.81e-05
 2.69591e+16	9.80e-01	1.95e-02	6.59e-05
 2.69848e+16	9.81e-01	1.91e-02	6.36e-05
 2.70125e+16	9.81e-01	1.88e-02	6.12e-05
 2.70378e+16	9.82e-01	1.84e-02	5.92e-05
 2.70655e+16	9.82e-01	1.81e-02	5.70e-05
 2.70953e+16	9.82e-01	1.77e-02	5.47e-05
 2.71225e+16	9.83e-01	1.74e-02	5.29e-05
 2.71523e+16	9.83e-01	1.70e-02	5.07e-05
 2.71845e+16	9.83e-01	1.67e-02	4.87e-05
 2.72137e+16	9.84e-01	1.64e-02	4.69e-05
 2.72458e+16	9.84e-01	1.60e-02	4.50e-05
 2.72804e+16	9.84e-01	1.57e-02	4.31e-05
 2.73119e+16	9.85e-01	1.54e-02	4.15e-05
 2.73406e+16	9.85e-01	1.51e-02	4.00e-05
 2.73720e+16	9.85e-01	1.48e-02	3.85e-05
 2.74059e+16	9.85e-01	1.45e-02	3.69e-05
 2.74368e+16	9.86e-01	1.42e-02	3.56e-05
 2.74706e+16	9.86e-01	1.39e-02	3.41e-05
 2.75071e+16	9.86e-01	1.36e-02	3.27e-05
 2.75404e+16	9.87e-01	1.34e-02	3.15e-05
 2.75768e+16	9.87e-01	1.31e-02	3.01e-05
 2.76161e+16	9.87e-01	1.28e-02	2.88e-05
 2.76518e+16	9.87e-01	1.25e-02	2.76e-05
 2.76910e+16	9.88e-01	1.22e-02	2.64e-05
 2.77334e+16	9.88e-01	1.19e-02	2.52e-05
 2.77719e+16	9.88e-01	1.17e-02	2.41e-05
 2.78141e+16	9.89e-01	1.14e-02	2.30e-05
 2.78596e+16	9.89e-01	1.11e-02	2.19e-05
 2.79011e+16	9.89e-01	1.09e-02	2.09e-05
 2.79465e+16	9.89e-01	1.06e-02	1.99e-05
 2.79955e+16	9.90e-01	1.03e-02	1.89e-05
 2.80402e+16	9.90e-01	1.01e-02	1.81e-05
 2.80891e+16	9.90e-01	9.81e-03	1.71e-05
 2.81419e+16	9.90e-01	9.55e-03	1.62e-05
 2.81899e+16	9.91e-01	9.32e-03	1.55e-05
 2.82425e+16	9.91e-01	9.06e-03	1.46e-05
 2.82994e+16	9.91e-01	8.80e-03	1.38e-05
 2.83511e+16	9.91e-01	8.58e-03	1.31e-05
 2.84078e+16	9.92e-01	8.33e-03	1.24e-05
 2.84690e+16	9.92e-01	8.08e-03	1.17e-05
 2.85246e+16	9.92e-01	7.87e-03	1.11e-05
 2.85856e+16	9.92e-01	7.63e-03	1.04e-05
 2.86643e+16	9.93e-01	7.34e-03	9.65e-06
 2.87536e+16	9.93e-01	7.03e-03	8.88e-06
 2.88441e+16	9.93e-01	6.74e-03	8.17e-06
 2.89371e+16	9.94e-01	6.46e-03	7.50e-06
 2.90342e+16	9.94e-01	6.18e-03	6.87e-06
 2.91350e+16	9.94e-01	5.90e-03	6.28e-06
 2.92393e+16	9.94e-01	5.63e-03	5.73e-06
 2.93476e+16	9.95e-01	5.37e-03	5.22e-06
 2.94593e+16	9.95e-01	5.12e-03	4.75e-06
 2.95732e+16	9.95e-01	4.88e-03	4.31e-06
 2.96888e+16	9.95e-01	4.65e-03	3.92e-06
 2.98067e+16	9.96e-01	4.42e-03	3.56e-06
 2.99269e+16	9.96e-01	4.21e-03	3.23e-06
 3.00493e+16	9.96e-01	4.01e-03	2.92e-06
 3.01741e+16	9.96e-01	3.81e-03	2.65e-06
 3.03011e+16	9.96e-01	3.63e-03	2.40e-06
 3.04304e+16	9.97e-01	3.45e-03	2.17e-06
 3.05622e+16	9.97e-01	3.28e-03	1.96e-06
 3.06943e+16	9.97e-01	3.12e-03	1.78e-06
 3.08285e+16	9.97e-01	2.96e-03	1.61e-06
 3.09678e+16	9.97e-01	2.81e-03	1.45e-06
 3.11105e+16	9.97e-01	2.67e-03	1.30e-06
 3.12551e+16	9.97e-01	2.53e-03	1.17e-06
 3.14021e+16	9.98e-01	2.40e-03	1.05e-06
 3.15521e+16	9.98e-01	2.27e-03	9.47e-07
 3.17050e+16	9.98e-01	2.15e-03	8.50e-07
 3.18610e+16	9.98e-01	2.03e-03	7.62e-07
 3.20200e+16	9.98e-01	1.92e-03	6.82e-07
 3.21823e+16	9.98e-01	1.82e-03	6.09e-07
 3.23480e+16	9.98e-01	1.72e-03	5.44e-07
 3.25172e+16	9.98e-01	1.62e-03	4.85e-07
 3.26899e+16	9.98e-01	1.53e-03	4.31e-07
 3.28663e+16	9.99e-01	1.44e-03	3.83e-07
 3.30466e+16	9.99e-01	1.36e-03	3.40e-07
 3.32310e+16	9.99e-01	1.27e-03	3.01e-07
 3.34197e+16	9.99e-01	1.20e-03	2.66e-07
 3.36127e+16	9.99e-01	1.12e-03	2.34e-07
 3.38105e+16	9.99e-01	1.06e-03	2.06e-07
 3.40133e+16	9.99e-01	9.88e-04	1.81e-07
 3.42211e+16	9.99e-01	9.25e-04	1.58e-07
 3.44345e+16	9.99e-01	8.64e-04	1.38e-07
 3.46540e+16	9.99e-01	8.07e-04	1.21e-07
 3.48798e+16	9.99e-01	7.52e-04	1.05e-07
 3.51087e+16	9.99e-01	7.01e-04	9.10e-08
 3.53424e+16	9.99e-01	6.52e-04	7.86e-08
 3.55880e+16	9.99e-01	6.05e-04	6.76e-08
 3.58453e+16	9.99e-01	5.59e-04	5.77e-08
 3.61113e+16	9.99e-01	5.16e-04	4.91e-08
 3.63862e+16	1.00e+00	4.75e-04	4.16e-08
 3.66721e+16	1.00e+00	4.36e-04	3.50e-08
 3.69704e+16	1.00e+00	3.99e-04	2.93e-08
 3.72825e+16	1.00e+00	3.64e-04	2.43e-08
 3.76105e+16	1.00e+00	3.30e-04	2.00e-08
 3.79559e+16	1.00e+00	2.99e-04	1.63e-08
 3.83198e+16	1.00e+00	2.69e-04	1.31e-08
 3.87079e+16	1.00e+00	2.40e-04	1.05e-08
 3.91231e+16	1.00e+00	2.13e-04	8.22e-09
 3.95665e+16	1.00e+00	1.87e-04	6.35e-09
 4.00447e+16	1.00e+00	1.63e-04	4.82e-09
 4.05667e+16	1.00e+00	1.41e-04	3.57e-09
 4.11428e+16	1.00e+00	1.20e-04	2.57e-09
 4.17767e+16	1.00e+00	1.00e-04	1.79e-09
 4.25073e+16	1.00e+00	8.15e-05	1.18e-09
 4.33519e+16	1.00e+00	6.44e-05	7.38e-10
 4.42600e+16	1.00e+00	5.03e-05	4.49e-10
 4.51823e+16	1.00e+00	3.92e-05	2.73e-10
 4.60987e+16	1.00e+00	3.06e-05	1.67e-10
 4.70187e+16	1.00e+00	2.40e-05	1.03e-10
 4.79546e+16	1.00e+00	1.87e-05	6.33e-11
 4.89127e+16	1.00e+00	1.46e-05	3.87e-11
 4.98920e+16	1.00e+00	1.14e-05	2.36e-11
 5.08946e+16	1.00e+00	8.83e-06	1.43e-11
 5.19255e+16	1.00e+00	6.84e-06	8.65e-12
 5.29829e+16	1.00e+00	5.29e-06	5.22e-12
 5.40723e+16	1.00e+00	4.08e-06	3.13e-12
 5.52044e+16	1.00e+00	3.13e-06	1.86e-12
 5.63830e+16	1.00e+00	2.39e-06	1.09e-12
 5.76105e+16	1.00e+00	1.82e-06	6.34e-13
 5.88921e+16	1.00e+00	1.37e-06	3.64e-13
 6.02357e+16	1.00e+00	1.03e-06	2.06e-13
 6.16513e+16	1.00e+00	7.66e-07	1.15e-13
 6.31514e+16	1.00e+00	5.64e-07	6.26e-14
 6.47073e+16	1.00e+00	4.15e-07	3.40e-14
 6.62733e+16	1.00e+00	3.07e-07	1.87e-14
 6.78394e+16	1.00e+00	2.29e-07	1.05e-14
 6.94054e+16	1.00e+00	1.72e-07	5.92e-15
 7.12063e+16	1.00e+00	1.24e-07	3.07e-15
 7.32729e+16	1.00e+00	8.64e-08	1.50e-15
 7.54985e+16	1.00e+00	5.93e-08	7.10e-16
 7.78987e+16	1.00e+00	4.01e-08	3.26e-16
 8.03571e+16	1.00e+00	2.73e-08	1.51e-16
 8.28274e+16	1.00e+00	1.87e-08	7.16e-17
 8.53677e+16	1.00e+00	1.29e-08	3.38e-17
 8.80338e+16	1.00e+00	8.78e-09	1.58e-17
 9.07866e+16	1.00e+00	6.00e-09	7.38e-18
 9.35993e+16	1.00e+00	4.11e-09	3.47e-18
 9.64413e+16	1.00e+00	2.84e-09	1.66e-18
 9.92833e+16	1.00e+00	1.98e-09	8.09e-19
 1.02125e+17	1.00e+00	1.40e-09	4.02e-19
 1.04967e+17	1.00e+00	9.92e-10	2.03e-19
 1.07809e+17	1.00e+00	7.12e-10	1.05e-19
 1.10651e+17	1.00e+00	5.14e-10	5.48e-20
 1.13493e+17	1.00e+00	3.75e-10	2.91e-20
 1.16479e+17	1.00e+00	2.70e-10	1.51e-20
 1.19609e+17	1.00e+00	1.94e-10	7.79e-21
 1.22739e+17	1.00e+00	1.40e-10	0.00e+00
 1.25869e+17	1.00e+00	1.02e-10	0.00e+00
 1.28999e+17	1.00e+00	7.51e-11	0.00e+00
 1.32129e+17	1.00e+00	5.57e-11	0.00e+00
 1.35254e+17	1.00e+00	4.17e-11	0.00e+00
 1.38343e+17	1.00e+00	3.16e-11	0.00e+00
 1.41353e+17	1.00e+00	2.43e-11	0.00e+00
 1.44261e+17	1.00e+00	1.90e-11	0.00e+00
 1.47069e+17	1.00e+00	1.52e-11	0.00e+00
 1.49777e+17	1.00e+00	1.23e-11	0.00e+00
 1.52380e+17	1.00e+00	1.01e-11	0.00e+00
 1.54872e+17	1.00e+00	8.50e-12	0.00e+00
 1.57250e+17	1.00e+00	7.25e-12	0.00e+00
 1.59514e+17	1.00e+00	6.28e-12	0.00e+00
 1.61666e+17	1.00e+00	5.52e-12	0.00e+00
 1.63712e+17	1.00e+00	4.92e-12	0.00e+00
 1.65653e+17	1.00e+00	4.45e-12	0.00e+00
 1.67492e+17	1.00e+00	4.06e-12	0.00e+00
 1.69235e+17	1.00e+00	3.75e-12	0.00e+00
 1.70886e+17	1.00e+00	3.49e-12	0.00e+00
 1.72450e+17	1.00e+00	3.28e-12	0.00e+00
 1.73930e+17	1.00e+00	3.11e-12	0.00e+00
 1.75332e+17	1.00e+00	2.96e-12	0.00e+00
 1.76659e+17	1.00e+00	2.84e-12	0.00e+00
 1.77915e+17	1.00e+00	2.73e-12	0.00e+00
 1.79106e+17	1.00e+00	2.64e-12	0.00e+00
 1.80235e+17	1.00e+00	2.56e-12	0.00e+00
 1.81305e+17	1.00e+00	2.50e-12	0.00e+00
 1.82318e+17	1.00e+00	2.44e-12	0.00e+00
 1.83279e+17	1.00e+00	2.39e-12	0.00e+00
 1.84191e+17	1.00e+00	2.34e-12	0.00e+00
 1.85056e+17	1.00e+00	2.30e-12	0.00e+00
 1.85878e+17	1.00e+00	2.27e-12	0.00e+00
 1.86659e+17	1.00e+00	2.24e-12	0.00e+00
 1.87400e+17	1.00e+00	2.21e-12	0.00e+00
 1.88104e+17	1.00e+00	2.19e-12	0.00e+00
 1.88774e+17	1.00e+00	2.16e-12	0.00e+00
 1.89412e+17	1.00e+00	2.14e-12	0.00e+00
 1.90020e+17	1.00e+00	2.13e-12	0.00e+00
 1.90598e+17	1.00e+00	2.11e-12	0.00e+00
 1.91150e+17	1.00e+00	2.09e-12	0.00e+00
 1.91675e+17	1.00e+00	2.08e-12	0.00e+00
 1.92177e+17	1.00e+00	2.07e-12	0.00e+00
 1.92657e+17	1.00e+00	2.06e-12	0.00e+00
 1.93115e+17	1.00e+00	2.05e-12	0.00e+00
 1.93554e+17	1.00e+00	2.04e-12	0.00e+00
 1.93975e+17	1.00e+00	2.03e-12	0.00e+00
 1.94378e+17	1.00e+00	2.02e-12	0.00e+00
 1.94765e+17	1.00e+00	2.01e-12	0.00e+00
 1.95137e+17	1.00e+00	2.00e-12	0.00e+00
 1.95496e+17	1.00e+00	2.00e-12	0.00e+00
 1.95842e+17	1.00e+00	1.99e-12	0.00e+00
 1.96176e+17	1.00e+00	1.98e-12	0.00e+00
 1.96500e+17	1.00e+00	1.98e-12	0.00e+00
 1.96814e+17	1.00e+00	1.97e-12	0.00e+00
 1.97120e+17	1.00e+00	1.97e-12	0.00e+00
 1.97419e+17	1.00e+00	1.96e-12	0.00e+00
 1.97711e+17	1.00e+00	1.96e-12	0.00e+00
 1.97998e+17	1.00e+00	1.95e-12	0.00e+00
 1.98281e+17	1.00e+00	1.95e-12	0.00e+00
 1.98561e+17	1.00e+00	1.94e-12	0.00e+00
 1.98841e+17	1.00e+00	1.94e-12	0.00e+00
 1.99120e+17	1.00e+00	1.93e-12	0.00e+00
 1.99402e+17	1.00e+00	1.93e-12	0.00e+00
 1.99688e+17	1.00e+00	1.92e-12	0.00e+00
 1.99980e+17	1.00e+00	1.92e-12	0.00e+00
 2.00282e+17	1.00e+00	1.92e-12	0.00e+00
 2.00597e+17	1.00e+00	1.91e-12	0.00e+00
 2.00930e+17	1.00e+00	1.90e-12	0.00e+00
 2.01286e+17	1.00e+00	1.90e-12	0.00e+00
 2.01675e+17	1.00e+00	1.89e-12	0.00e+00
 2.02105e+17	1.00e+00	1.88e-12	0.00e+00
 2.02593e+17	1.00e+00	1.87e-12	0.00e+00
 2.03159e+17	1.00e+00	1.86e-12	0.00e+00
 2.03837e+17	1.00e+00	1.85e-12	0.00e+00
 2.04676e+17	1.00e+00	1.83e-12	0.00e+00
 2.05749e+17	1.00e+00	1.80e-12	0.00e+00
 2.07145e+17	1.00e+00	1.76e-12	0.00e+00
 2.08960e+17	1.00e+00	1.70e-12	0.00e+00
 2.11319e+17	1.00e+00	1.62e-12	0.00e+00
 2.14386e+17	1.00e+00	1.51e-12	0.00e+00
 2.18372e+17	1.00e+00	1.38e-12	0.00e+00
 2.23555e+17	1.00e+00	1.21e-12	0.00e+00
 2.30293e+17	1.00e+00	1.01e-12	0.00e+00
 2.38783e+17	1.00e+00	7.99e-13	0.00e+00
 2.48334e+17	1.00e+00	6.16e-13	0.00e+00
 2.58268e+17	1.00e+00	5.47e-13	0.00e+00
 2.68599e+17	1.00e+00	4.97e-13	0.00e+00
 2.79343e+17	1.00e+00	4.51e-13	0.00e+00
 2.90516e+17	1.00e+00	4.08e-13	0.00e+00
 3.02137e+17	1.00e+00	3.66e-13	0.00e+00
 3.14223e+17	1.00e+00	3.26e-13	0.00e+00
 3.26791e+17	1.00e+00	2.88e-13	0.00e+00
 3.39863e+17	1.00e+00	2.52e-13	0.00e+00
 3.53458e+17	1.00e+00	2.17e-13	0.00e+00
 3.67259e+17	1.00e+00	1.85e-13	0.00e+00
 3.80337e+17	1.00e+00	1.69e-13	0.00e+00
 3.92004e+17	1.00e+00	1.77e-13	0.00e+00
 4.02406e+17	1.00e+00	1.90e-13	0.00e+00
 4.12124e+17	1.00e+00	1.95e-13	0.00e+00
 4.21528e+17	1.00e+00	1.84e-13	0.00e+00
 4.30409e+17	1.00e+00	1.69e-13	0.00e+00
 4.38363e+17	1.00e+00	1.61e-13	0.00e+00
 4.45190e+17	1.00e+00	1.59e-13	0.00e+00
 4.50438e+17	1.00e+00	1.58e-13	0.00e+00
 4.53748e+17	1.00e+00	1.66e-13	0.00e+00
 4.55618e+17	1.00e+00	1.75e-13	0.00e+00
 4.56711e+17	1.00e+00	1.81e-13	0.00e+00
 4.57367e+17	1.00e+00	1.84e-13	0.00e+00
 4.57792e+17	1.00e+00	1.86e-13	0.00e+00
 4.58143e+17	1.00e+00	1.87e-13	0.00e+00
 4.58533e+17	1.00e+00	1.88e-13	0.00e+00
 4.59000e+17	1.00e+00	1.88e-13	0.00e+00
 4.59459e+17	1.00e+00	1.89e-13	0.00e+00
 4.59821e+17	1.00e+00	1.89e-13	0.00e+00
 4.60112e+17	1.00e+00	1.89e-13	0.00e+00
 4.60399e+17	1.00e+00	1.89e-13	0.00e+00
 4.60699e+17	1.00e+00	1.89e-13	0.00e+00
 4.61007e+17	1.00e+00	1.89e-13	0.00e+00
 4.61285e+17	1.00e+00	1.89e-13	0.00e+00
 4.61515e+17	1.00e+00	1.88e-13	0.00e+00
 4.61730e+17	1.00e+00	1.88e-13	0.00e+00
 4.61947e+17	1.00e+00	1.88e-13	0.00e+00
 4.62174e+17	1.00e+00	1.87e-13	0.00e+00
 4.62397e+17	1.00e+00	1.87e-13	0.00e+00
 4.62596e+17	1.00e+00	1.87e-13	0.00e+00
 4.62774e+17	1.00e+00	1.86e-13	0.00e+00
 4.62944e+17	1.00e+00	1.86e-13	0.00e+00
 4.63114e+17	1.00e+00	1.85e-13	0.00e+00
 4.63286e+17	1.00e+00	1.85e-13	0.00e+00
 4.63459e+17	1.00e+00	1.84e-13	0.00e+00
 4.63628e+17	1.00e+00	1.84e-13	0.00e+00
 4.63782e+17	1.00e+00	1.83e-13	0.00e+00
 4.63926e+17	1.00e+00	1.83e-13	0.00e+00
 4.64073e+17	1.00e+00	1.82e-13	0.00e+00
 4.64225e+17	1.00e+00	1.82e-13	0.00e+00
 4.64380e+17	1.00e+00	1.81e-13	0.00e+00
 4.64524e+17	1.00e+00	1.80e-13	0.00e+00
 4.64661e+17	1.00e+00	1.80e-13	0.00e+00
 4.64802e+17	1.00e+00	1.79e-13	0.00e+00
 4.64947e+17	1.00e+00	1.79e-13	0.00e+00
 4.65093e+17	1.00e+00	1.78e-13	0.00e+00
 4.65233e+17	1.00e+00	1.77e-13	0.00e+00
 4.65371e+17	1.00e+00	1.77e-13	0.00e+00
 4.65515e+17	1.00e+00	1.76e-13	0.00e+00
 4.65665e+17	1.00e+00	1.75e-13	0.00e+00
 4.65812e+17	1.00e+00	1.74e-13	0.00e+00
 4.65958e+17	1.00e+00	1.74e-13	0.00e+00
 4.66109e+17	1.00e+00	1.73e-13	0.00e+00
 4.66263e+17	1.00e+00	1.72e-13	0.00e+00
 4.66420e+17	1.00e+00	1.71e-13	0.00e+00
 4.66580e+17	1.00e+00	1.70e-13	0.00e+00
 4.66753e+17	1.00e+00	1.69e-13	0.00e+00
 4.66934e+17	1.00e+00	1.68e-13	0.00e+00
 4.67095e+17	1.00e+00	1.67e-13	0.00e+00
 4.67255e+17	1.00e+00	1.66e-13	0.00e+00
 4.67442e+17	1.00e+00	1.65e-13	0.00e+00
 4.67640e+17	1.00e+00	1.64e-13	0.00e+00
 4.67822e+17	1.00e+00	1.63e-13	0.00e+00
 4.68004e+17	1.00e+00	1.62e-13	0.00e+00
 4.68206e+17	1.00e+00	1.60e-13	0.00e+00
 4.68415e+17	1.00e+00	1.59e-13	0.00e+00
 4.68618e+17	1.00e+00	1.58e-13	0.00e+00
 4.68827e+17	1.00e+00	1.56e-13	0.00e+00
 4.69054e+17	1.00e+00	1.55e-13	0.00e+00
 4.69290e+17	1.00e+00	1.53e-13	0.00e+00
 4.69518e+17	1.00e+00	1.52e-13	0.00e+00
 4.69745e+17	1.00e+00	1.50e-13	0.00e+00
 4.69988e+17	1.00e+00	1.48e-13	0.00e+00
 4.70247e+17	1.00e+00	1.47e-13	0.00e+00
 4.70507e+17	1.00e+00	1.45e-13	0.00e+00
 4.70769e+17	1.00e+00	1.43e-13	0.00e+00
 4.71038e+17	1.00e+00	1.41e-13	0.00e+00
 4.71320e+17	1.00e+00	1.39e-13	0.00e+00
 4.71619e+17	1.00e+00	1.37e-13	0.00e+00
 4.71922e+17	1.00e+00	1.35e-13	0.00e+00
 4.72226e+17	1.00e+00	1.33e-13	0.00e+00
 4.72535e+17	1.00e+00	1.31e-13	0.00e+00
 4.72853e+17	1.00e+00	1.28e-13	0.00e+00
 4.73185e+17	1.00e+00	1.26e-13	0.00e+00
 4.73525e+17	1.00e+00	1.24e-13	0.00e+00
 4.73883e+17	1.00e+00	1.21e-13	0.00e+00
 4.74253e+17	1.00e+00	1.19e-13	0.00e+00
 4.74624e+17	1.00e+00	1.16e-13	0.00e+00
 4.74995e+17	1.00e+00	1.13e-13	0.00e+00
 4.75371e+17	1.00e+00	1.11e-13	0.00e+00
 4.75775e+17	1.00e+00	1.08e-13	0.00e+00
 4.76198e+17	1.00e+00	1.05e-13	0.00e+00
 4.76617e+17	1.00e+00	1.02e-13	0.00e+00
 4.77034e+17	1.00e+00	9.94e-14	0.00e+00
 4.77459e+17	1.00e+00	9.66e-14	0.00e+00
 4.77897e+17	1.00e+00	9.38e-14	0.00e+00
 4.78358e+17	1.00e+00	9.08e-14	0.00e+00
 4.78840e+17	1.00e+00	8.77e-14	0.00e+00
 4.79326e+17	1.00e+00	8.47e-14	0.00e+00
 4.79809e+17	1.00e+00	8.16e-14	0.00e+00
 4.80297e+17	1.00e+00	7.87e-14	0.00e+00
 4.80803e+17	1.00e+00	7.57e-14	0.00e+00
 4.81334e+17	1.00e+00	7.26e-14	0.00e+00
 4.81872e+17	1.00e+00	6.94e-14	0.00e+00
 4.82413e+17	1.00e+00	6.64e-14	0.00e+00
 4.82963e+17	1.00e+00	6.34e-14	0.00e+00
 4.83520e+17	1.00e+00	6.04e-14	0.00e+00
 4.84087e+17	1.00e+00	5.75e-14	0.00e+00
 4.84692e+17	1.00e+00	5.46e-14	0.00e+00
 4.85324e+17	1.00e+00	5.14e-14	0.00e+00
 4.85938e+17	1.00e+00	4.85e-14	0.00e+00
 4.86546e+17	1.00e+00	4.58e-14	0.00e+00
 4.87191e+17	1.00e+00	4.30e-14	0.00e+00
 4.87875e+17	1.00e+00	4.03e-14	0.00e+00
 4.88599e+17	1.00e+00	3.74e-14	0.00e+00
 4.89328e+17	1.00e+00	3.46e-14	0.00e+00
 4.90028e+17	1.00e+00	3.20e-14	0.00e+00
 4.90699e+17	1.00e+00	2.98e-14	0.00e+00
 4.91313e+17	1.00e+00	2.77e-14	0.00e+00
 4.91857e+17	1.00e+00	2.59e-14	0.00e+00
 4.92348e+17	1.00e+00	2.45e-14	0.00e+00
 4.92811e+17	1.00e+00	2.32e-14	0.00e+00
 4.93262e+17	1.00e+00	2.20e-14	0.00e+00
 4.93700e+17	1.00e+00	2.08e-14	0.00e+00
 4.94116e+17	1.00e+00	1.98e-14	0.00e+00
 4.94506e+17	1.00e+00	1.88e-14	0.00e+00
 4.94875e+17	1.00e+00	1.80e-14	0.00e+00
 4.95230e+17	1.00e+00	1.72e-14	0.00e+00
 4.95577e+17	1.00e+00	1.64e-14	0.00e+00
 4.95913e+17	1.00e+00	1.57e-14	0.00e+00
 4.96237e+17	1.00e+00	1.50e-14	0.00e+00
 4.96545e+17	1.00e+00	1.44e-14	0.00e+00
 4.96843e+17	1.00e+00	1.38e-14	0.00e+00
 4.97131e+17	1.00e+00	1.33e-14	0.00e+00
 4.97411e+17	1.00e+00	1.28e-14	0.00e+00
 4.97683e+17	1.00e+00	1.23e-14	0.00e+00
 4.97945e+17	1.00e+00	1.18e-14	0.00e+00
 4.98198e+17	1.00e+00	1.14e-14	0.00e+00
 4.98442e+17	1.00e+00	1.10e-14	0.00e+00
 4.98679e+17	1.00e+00	1.06e-14	0.00e+00
 4.98911e+17	1.00e+00	1.02e-14	0.00e+00
 4.99137e+17	1.00e+00	9.83e-15	0.00e+00
 4.99357e+17	1.00e+00	9.49e-15	0.00e+00
 4.99571e+17	1.00e+00	9.17e-15	0.00e+00
 4.99780e+17	1.00e+00	8.84e-15	0.00e+00
 4.99980e+17	1.00e+00	8.55e-15	0.00e+00
 5.00173e+17	1.00e+00	8.28e-15	0.00e+00
 5.00393e+17	1.00e+00	8.01e-15	0.00e+00
 5.00679e+17	1.00e+00	7.69e-15	0.00e+00
 5.01050e+17	1.00e+00	7.27e-15	0.00e+00
 5.01533e+17	1.00e+00	6.75e-15	0.00e+00
 5.02160e+17	1.00e+00	6.11e-15	0.00e+00
 5.02976e+17	1.00e+00	5.36e-15	0.00e+00
 5.03989e+17	1.00e+00	4.50e-15	0.00e+00
 5.04986e+17	1.00e+00	3.63e-15	0.00e+00
 5.05730e+17	1.00e+00	3.05e-15	0.00e+00
 5.06253e+17	1.00e+00	2.71e-15	0.00e+00
 5.06715e+17	1.00e+00	2.47e-15	0.00e+00
 5.07243e+17	1.00e+00	2.25e-15	0.00e+00
 5.07862e+17	1.00e+00	2.00e-15	0.00e+00
 5.08509e+17	1.00e+00	1.75e-15	0.00e+00
 5.09103e+17	1.00e+00	1.54e-15	0.00e+00
 5.09632e+17	1.00e+00	1.38e-15	0.00e+00
 5.10151e+17	1.00e+00	1.24e-15	0.00e+00
 5.10716e+17	1.00e+00	1.12e-15	0.00e+00
 5.11337e+17	1.00e+00	9.88e-16	0.00e+00
