#depth	C	C+	C+2	C+3	C+4	C+5	C+6	C[1]	C[2]	C[3]	C+[1]	C+[2]	CO
 1.49634e+10	1.50e-46	2.72e-35	4.17e-25	2.08e-15	3.58e-05	1.70e-01	8.30e-01	0.00e+00	0.00e+00	0.00e+00	0.00e+00	0.00e+00	1.34e-145
 4.54887e+10	0.00e+00	3.96e-35	5.60e-25	2.59e-15	4.11e-05	1.81e-01	8.19e-01	0.00e+00	0.00e+00	0.00e+00	0.00e+00	0.00e+00	1.05e-189
 7.72350e+10	3.75e-46	5.81e-35	7.59e-25	3.24e-15	4.75e-05	1.93e-01	8.07e-01	0.00e+00	0.00e+00	0.00e+00	0.00e+00	0.00e+00	1.37e-144
 1.10251e+11	0.00e+00	8.53e-35	1.03e-24	4.05e-15	5.49e-05	2.06e-01	7.94e-01	0.00e+00	0.00e+00	0.00e+00	0.00e+00	0.00e+00	5.66e-189
 1.41806e+11	9.08e-46	1.21e-34	1.35e-24	4.96e-15	6.25e-05	2.18e-01	7.82e-01	0.00e+00	0.00e+00	0.00e+00	0.00e+00	0.00e+00	1.29e-143
 1.70880e+11	0.00e+00	1.65e-34	1.74e-24	5.96e-15	7.03e-05	2.30e-01	7.70e-01	0.00e+00	0.00e+00	0.00e+00	0.00e+00	0.00e+00	2.96e-188
 2.03885e+11	2.01e-45	2.34e-34	2.28e-24	7.29e-15	8.00e-05	2.43e-01	7.57e-01	0.00e+00	0.00e+00	0.00e+00	0.00e+00	0.00e+00	9.71e-143
 2.41955e+11	0.00e+00	3.41e-34	3.08e-24	9.08e-15	9.20e-05	2.58e-01	7.42e-01	0.00e+00	0.00e+00	0.00e+00	0.00e+00	0.00e+00	1.23e-187
 2.79311e+11	4.91e-45	4.88e-34	4.08e-24	1.12e-14	1.05e-04	2.72e-01	7.28e-01	0.00e+00	0.00e+00	0.00e+00	0.00e+00	0.00e+00	9.41e-142
 3.18162e+11	0.00e+00	7.00e-34	5.44e-24	1.38e-14	1.20e-04	2.87e-01	7.12e-01	0.00e+00	0.00e+00	0.00e+00	0.00e+00	0.00e+00	6.39e-187
 3.60815e+11	1.20e-44	1.02e-33	7.32e-24	1.71e-14	1.38e-04	3.04e-01	6.96e-01	0.00e+00	0.00e+00	0.00e+00	0.00e+00	0.00e+00	9.21e-141
 4.03912e+11	0.00e+00	1.48e-33	9.78e-24	2.11e-14	1.57e-04	3.21e-01	6.79e-01	0.00e+00	0.00e+00	0.00e+00	0.00e+00	0.00e+00	3.26e-186
 4.48733e+11	2.94e-44	2.14e-33	1.31e-23	2.61e-14	1.80e-04	3.38e-01	6.62e-01	0.00e+00	0.00e+00	0.00e+00	0.00e+00	0.00e+00	9.01e-140
 4.96609e+11	0.00e+00	3.11e-33	1.76e-23	3.24e-14	2.06e-04	3.56e-01	6.43e-01	0.00e+00	0.00e+00	0.00e+00	0.00e+00	0.00e+00	1.64e-185
 5.46400e+11	7.35e-44	4.54e-33	2.37e-23	4.02e-14	2.36e-04	3.75e-01	6.25e-01	0.00e+00	0.00e+00	0.00e+00	0.00e+00	0.00e+00	9.41e-139
 5.98183e+11	0.00e+00	6.62e-33	3.19e-23	4.99e-14	2.69e-04	3.94e-01	6.06e-01	0.00e+00	0.00e+00	0.00e+00	0.00e+00	0.00e+00	8.56e-185
 6.52037e+11	1.84e-43	9.66e-33	4.29e-23	6.18e-14	3.08e-04	4.14e-01	5.86e-01	0.00e+00	0.00e+00	0.00e+00	0.00e+00	0.00e+00	9.86e-138
 7.08046e+11	0.00e+00	1.41e-32	5.76e-23	7.65e-14	3.52e-04	4.33e-01	5.66e-01	0.00e+00	0.00e+00	0.00e+00	0.00e+00	0.00e+00	4.34e-184
 7.66294e+11	4.59e-43	2.05e-32	7.74e-23	9.47e-14	4.01e-04	4.53e-01	5.46e-01	0.00e+00	0.00e+00	0.00e+00	0.00e+00	0.00e+00	1.04e-136
 8.26873e+11	0.00e+00	2.99e-32	1.04e-22	1.17e-13	4.57e-04	4.74e-01	5.26e-01	0.00e+00	0.00e+00	0.00e+00	0.00e+00	0.00e+00	2.10e-183
 8.84736e+11	1.11e-42	4.21e-32	1.36e-22	1.42e-13	5.15e-04	4.92e-01	5.07e-01	0.00e+00	0.00e+00	0.00e+00	0.00e+00	0.00e+00	9.96e-136
 9.37835e+11	0.00e+00	5.73e-32	1.73e-22	1.69e-13	5.72e-04	5.09e-01	4.90e-01	0.00e+00	0.00e+00	0.00e+00	0.00e+00	0.00e+00	9.26e-183
 9.97908e+11	2.43e-42	8.03e-32	2.25e-22	2.04e-13	6.43e-04	5.27e-01	4.72e-01	0.00e+00	0.00e+00	0.00e+00	0.00e+00	0.00e+00	7.52e-135
 1.06439e+12	0.00e+00	1.15e-31	2.98e-22	2.49e-13	7.26e-04	5.47e-01	4.52e-01	0.00e+00	0.00e+00	0.00e+00	0.00e+00	0.00e+00	2.76e-182
 1.12657e+12	5.56e-42	1.58e-31	3.83e-22	2.98e-13	8.09e-04	5.64e-01	4.35e-01	0.00e+00	0.00e+00	0.00e+00	0.00e+00	0.00e+00	6.41e-134
 1.19431e+12	0.00e+00	2.23e-31	5.00e-22	3.61e-13	9.09e-04	5.82e-01	4.17e-01	0.00e+00	0.00e+00	0.00e+00	0.00e+00	0.00e+00	5.92e-182
 1.27201e+12	1.33e-41	3.24e-31	6.70e-22	4.45e-13	1.03e-03	6.02e-01	3.97e-01	0.00e+00	0.00e+00	0.00e+00	0.00e+00	0.00e+00	6.15e-133
 1.34821e+12	0.00e+00	4.62e-31	8.82e-22	5.41e-13	1.16e-03	6.21e-01	3.78e-01	0.00e+00	0.00e+00	0.00e+00	0.00e+00	0.00e+00	0.00e+00
 1.42745e+12	3.18e-41	6.59e-31	1.16e-21	6.59e-13	1.30e-03	6.39e-01	3.60e-01	0.00e+00	0.00e+00	0.00e+00	0.00e+00	0.00e+00	5.82e-132
 1.51448e+12	0.00e+00	9.60e-31	1.56e-21	8.11e-13	1.47e-03	6.58e-01	3.40e-01	0.00e+00	0.00e+00	0.00e+00	0.00e+00	0.00e+00	0.00e+00
 1.60266e+12	7.88e-41	1.38e-30	2.07e-21	9.91e-13	1.66e-03	6.76e-01	3.22e-01	0.00e+00	0.00e+00	0.00e+00	0.00e+00	0.00e+00	6.13e-131
 1.69436e+12	0.00e+00	2.00e-30	2.76e-21	1.21e-12	1.87e-03	6.94e-01	3.04e-01	0.00e+00	0.00e+00	0.00e+00	0.00e+00	0.00e+00	0.00e+00
 1.79206e+12	1.96e-40	2.91e-30	3.69e-21	1.49e-12	2.11e-03	7.11e-01	2.87e-01	0.00e+00	0.00e+00	0.00e+00	0.00e+00	0.00e+00	6.52e-130
 1.89367e+12	0.00e+00	4.24e-30	4.94e-21	1.83e-12	2.38e-03	7.28e-01	2.70e-01	0.00e+00	0.00e+00	0.00e+00	0.00e+00	0.00e+00	0.00e+00
 1.99935e+12	4.94e-40	6.17e-30	6.61e-21	2.24e-12	2.68e-03	7.44e-01	2.53e-01	0.00e+00	0.00e+00	0.00e+00	0.00e+00	0.00e+00	7.19e-129
 2.10925e+12	0.00e+00	8.99e-30	8.85e-21	2.75e-12	3.02e-03	7.60e-01	2.37e-01	0.00e+00	0.00e+00	0.00e+00	0.00e+00	0.00e+00	0.00e+00
 2.21181e+12	1.19e-39	1.26e-29	1.15e-20	3.30e-12	3.35e-03	7.73e-01	2.23e-01	0.00e+00	0.00e+00	0.00e+00	0.00e+00	0.00e+00	7.05e-128
 2.30233e+12	0.00e+00	1.68e-29	1.44e-20	3.86e-12	3.66e-03	7.84e-01	2.12e-01	0.00e+00	0.00e+00	0.00e+00	0.00e+00	0.00e+00	0.00e+00
 2.40352e+12	2.50e-39	2.31e-29	1.83e-20	4.58e-12	4.04e-03	7.96e-01	2.00e-01	0.00e+00	0.00e+00	0.00e+00	0.00e+00	0.00e+00	4.88e-127
 2.52488e+12	0.00e+00	3.32e-29	2.43e-20	5.56e-12	4.51e-03	8.09e-01	1.87e-01	0.00e+00	0.00e+00	0.00e+00	0.00e+00	0.00e+00	0.00e+00
 2.64786e+12	6.07e-39	4.73e-29	3.19e-20	6.72e-12	5.02e-03	8.20e-01	1.75e-01	0.00e+00	0.00e+00	0.00e+00	0.00e+00	0.00e+00	4.90e-126
 2.76256e+12	0.00e+00	6.50e-29	4.08e-20	7.98e-12	5.53e-03	8.30e-01	1.64e-01	0.00e+00	0.00e+00	0.00e+00	0.00e+00	0.00e+00	0.00e+00
 2.88980e+12	1.38e-38	9.17e-29	5.32e-20	9.58e-12	6.13e-03	8.40e-01	1.53e-01	0.00e+00	0.00e+00	0.00e+00	0.00e+00	0.00e+00	4.12e-125
 3.03532e+12	0.00e+00	1.34e-28	7.12e-20	1.17e-11	6.86e-03	8.51e-01	1.42e-01	0.00e+00	0.00e+00	0.00e+00	0.00e+00	0.00e+00	0.00e+00
 3.17894e+12	3.42e-38	1.92e-28	9.39e-20	1.42e-11	7.63e-03	8.60e-01	1.32e-01	0.00e+00	0.00e+00	0.00e+00	0.00e+00	0.00e+00	4.42e-124
 3.32831e+12	0.00e+00	2.75e-28	1.24e-19	1.72e-11	8.48e-03	8.69e-01	1.23e-01	0.00e+00	0.00e+00	0.00e+00	0.00e+00	0.00e+00	0.00e+00
 3.49136e+12	8.52e-38	4.01e-28	1.66e-19	2.10e-11	9.46e-03	8.77e-01	1.13e-01	0.00e+00	0.00e+00	0.00e+00	0.00e+00	0.00e+00	4.78e-123
 3.64090e+12	0.00e+00	5.61e-28	2.15e-19	2.50e-11	1.04e-02	8.84e-01	1.05e-01	0.00e+00	0.00e+00	0.00e+00	0.00e+00	0.00e+00	0.00e+00
 3.76886e+12	1.82e-37	7.40e-28	2.66e-19	2.90e-11	1.13e-02	8.90e-01	9.91e-02	0.00e+00	0.00e+00	0.00e+00	0.00e+00	0.00e+00	3.45e-122
 3.91044e+12	0.00e+00	9.97e-28	3.35e-19	3.39e-11	1.23e-02	8.95e-01	9.28e-02	0.00e+00	0.00e+00	0.00e+00	0.00e+00	0.00e+00	0.00e+00
 4.08524e+12	4.09e-37	1.42e-27	4.40e-19	4.09e-11	1.36e-02	9.01e-01	8.57e-02	0.00e+00	0.00e+00	0.00e+00	0.00e+00	0.00e+00	2.86e-121
 4.26502e+12	0.00e+00	2.03e-27	5.78e-19	4.92e-11	1.50e-02	9.06e-01	7.91e-02	0.00e+00	0.00e+00	0.00e+00	0.00e+00	0.00e+00	0.00e+00
 4.42785e+12	9.29e-37	2.76e-27	7.33e-19	5.79e-11	1.64e-02	9.10e-01	7.37e-02	0.00e+00	0.00e+00	0.00e+00	0.00e+00	0.00e+00	2.43e-120
 4.60686e+12	0.00e+00	3.84e-27	9.45e-19	6.88e-11	1.80e-02	9.14e-01	6.83e-02	0.00e+00	0.00e+00	0.00e+00	0.00e+00	0.00e+00	0.00e+00
 4.81716e+12	2.22e-36	5.58e-27	1.26e-18	8.37e-11	1.99e-02	9.17e-01	6.26e-02	0.00e+00	0.00e+00	0.00e+00	0.00e+00	0.00e+00	2.35e-119
 5.02408e+12	0.00e+00	7.95e-27	1.65e-18	1.01e-10	2.20e-02	9.20e-01	5.76e-02	0.00e+00	0.00e+00	0.00e+00	0.00e+00	0.00e+00	0.00e+00
 5.21613e+12	5.10e-36	1.09e-26	2.11e-18	1.19e-10	2.40e-02	9.23e-01	5.34e-02	0.00e+00	0.00e+00	0.00e+00	0.00e+00	0.00e+00	2.05e-118
 5.43155e+12	0.00e+00	1.54e-26	2.76e-18	1.42e-10	2.63e-02	9.25e-01	4.91e-02	0.00e+00	0.00e+00	0.00e+00	0.00e+00	0.00e+00	0.00e+00
 5.67874e+12	1.25e-35	2.26e-26	3.70e-18	1.74e-10	2.92e-02	9.26e-01	4.47e-02	0.00e+00	0.00e+00	0.00e+00	0.00e+00	0.00e+00	2.13e-117
 5.92158e+12	0.00e+00	3.23e-26	4.88e-18	2.10e-10	3.22e-02	9.27e-01	4.09e-02	0.00e+00	0.00e+00	0.00e+00	0.00e+00	0.00e+00	0.00e+00
 6.17413e+12	3.06e-35	4.64e-26	6.45e-18	2.53e-10	3.55e-02	9.27e-01	3.74e-02	0.00e+00	0.00e+00	0.00e+00	0.00e+00	0.00e+00	2.17e-116
 6.44075e+12	0.00e+00	6.69e-26	8.57e-18	3.07e-10	3.92e-02	9.27e-01	3.40e-02	0.00e+00	0.00e+00	0.00e+00	0.00e+00	0.00e+00	1.41e-99
 6.69790e+12	7.34e-35	9.41e-26	1.12e-17	3.67e-10	4.29e-02	9.26e-01	3.12e-02	0.00e+00	0.00e+00	0.00e+00	0.00e+00	0.00e+00	0.00e+00
 6.97562e+12	1.14e-34	1.34e-25	1.47e-17	4.42e-10	4.72e-02	9.24e-01	2.84e-02	0.00e+00	0.00e+00	0.00e+00	0.00e+00	0.00e+00	6.60e-115
 7.28457e+12	1.82e-34	1.96e-25	1.97e-17	5.39e-10	5.21e-02	9.22e-01	2.57e-02	0.00e+00	0.00e+00	0.00e+00	0.00e+00	0.00e+00	6.38e-97
 7.59543e+12	2.86e-34	2.83e-25	2.62e-17	6.54e-10	5.74e-02	9.19e-01	2.33e-02	0.00e+00	0.00e+00	0.00e+00	0.00e+00	0.00e+00	0.00e+00
 7.91872e+12	4.48e-34	4.07e-25	3.48e-17	7.93e-10	6.32e-02	9.16e-01	2.11e-02	0.00e+00	0.00e+00	0.00e+00	0.00e+00	0.00e+00	2.34e-113
 8.22339e+12	6.75e-34	5.67e-25	4.51e-17	9.45e-10	6.90e-02	9.12e-01	1.92e-02	0.00e+00	0.00e+00	0.00e+00	0.00e+00	0.00e+00	1.10e-95
 8.47778e+12	9.38e-34	7.41e-25	5.56e-17	1.09e-09	7.40e-02	9.08e-01	1.79e-02	0.00e+00	0.00e+00	0.00e+00	0.00e+00	0.00e+00	1.59e-112
 8.75298e+12	1.32e-33	9.79e-25	6.92e-17	1.26e-09	7.95e-02	9.04e-01	1.65e-02	0.00e+00	0.00e+00	0.00e+00	0.00e+00	0.00e+00	4.73e-95
 9.10166e+12	2.01e-33	1.38e-24	9.04e-17	1.51e-09	8.69e-02	8.98e-01	1.50e-02	0.00e+00	0.00e+00	0.00e+00	0.00e+00	0.00e+00	1.16e-111
 9.46322e+12	3.06e-33	1.94e-24	1.18e-16	1.81e-09	9.49e-02	8.92e-01	1.36e-02	0.00e+00	0.00e+00	0.00e+00	0.00e+00	0.00e+00	2.88e-94
 9.76342e+12	4.26e-33	2.54e-24	1.46e-16	2.09e-09	1.02e-01	8.86e-01	1.25e-02	0.00e+00	0.00e+00	0.00e+00	0.00e+00	0.00e+00	8.26e-111
 1.00665e+13	5.89e-33	3.30e-24	1.80e-16	2.40e-09	1.09e-01	8.80e-01	1.16e-02	0.00e+00	0.00e+00	0.00e+00	0.00e+00	0.00e+00	1.18e-93
 1.04575e+13	8.80e-33	4.58e-24	2.32e-16	2.86e-09	1.18e-01	8.71e-01	1.05e-02	0.00e+00	0.00e+00	0.00e+00	0.00e+00	0.00e+00	5.53e-110
 1.08614e+13	1.31e-32	6.34e-24	3.00e-16	3.40e-09	1.28e-01	8.62e-01	9.47e-03	0.00e+00	0.00e+00	0.00e+00	0.00e+00	0.00e+00	6.59e-93
 1.12030e+13	1.81e-32	8.24e-24	3.69e-16	3.92e-09	1.37e-01	8.54e-01	8.72e-03	0.00e+00	0.00e+00	0.00e+00	0.00e+00	0.00e+00	3.68e-109
 1.15651e+13	2.51e-32	1.08e-23	4.56e-16	4.51e-09	1.47e-01	8.45e-01	8.01e-03	0.00e+00	0.00e+00	0.00e+00	0.00e+00	0.00e+00	2.68e-92
 1.20202e+13	3.72e-32	1.49e-23	5.88e-16	5.36e-09	1.59e-01	8.34e-01	7.21e-03	0.00e+00	0.00e+00	0.00e+00	0.00e+00	0.00e+00	2.50e-108
 1.24930e+13	5.50e-32	2.05e-23	7.58e-16	6.36e-09	1.72e-01	8.22e-01	6.49e-03	0.00e+00	0.00e+00	0.00e+00	0.00e+00	0.00e+00	1.46e-91
 1.29170e+13	7.69e-32	2.69e-23	9.41e-16	7.36e-09	1.84e-01	8.11e-01	5.91e-03	0.00e+00	0.00e+00	0.00e+00	0.00e+00	0.00e+00	1.74e-107
 1.33808e+13	1.09e-31	3.58e-23	1.18e-15	8.56e-09	1.97e-01	7.98e-01	5.36e-03	0.00e+00	0.00e+00	0.00e+00	0.00e+00	0.00e+00	6.51e-91
 1.39307e+13	1.62e-31	4.96e-23	1.53e-15	1.02e-08	2.12e-01	7.83e-01	4.79e-03	0.00e+00	0.00e+00	0.00e+00	0.00e+00	0.00e+00	1.31e-106
 1.44795e+13	2.37e-31	6.75e-23	1.95e-15	1.20e-08	2.28e-01	7.68e-01	4.29e-03	0.00e+00	0.00e+00	0.00e+00	0.00e+00	0.00e+00	3.55e-90
 1.49911e+13	3.31e-31	8.88e-23	2.42e-15	1.38e-08	2.43e-01	7.53e-01	3.88e-03	0.00e+00	0.00e+00	0.00e+00	0.00e+00	0.00e+00	9.15e-106
 1.55616e+13	4.74e-31	1.19e-22	3.04e-15	1.61e-08	2.60e-01	7.37e-01	3.49e-03	0.00e+00	0.00e+00	0.00e+00	0.00e+00	0.00e+00	1.64e-89
 1.62140e+13	7.00e-31	1.63e-22	3.90e-15	1.90e-08	2.79e-01	7.18e-01	3.09e-03	0.00e+00	0.00e+00	0.00e+00	0.00e+00	0.00e+00	7.16e-105
 1.68569e+13	1.01e-30	2.20e-22	4.93e-15	2.22e-08	2.97e-01	7.00e-01	2.76e-03	0.00e+00	0.00e+00	0.00e+00	0.00e+00	0.00e+00	8.84e-89
 1.74178e+13	1.37e-30	2.82e-22	5.99e-15	2.53e-08	3.13e-01	6.84e-01	2.50e-03	0.00e+00	0.00e+00	0.00e+00	0.00e+00	0.00e+00	4.63e-104
 1.78901e+13	1.75e-30	3.45e-22	7.01e-15	2.80e-08	3.27e-01	6.71e-01	2.31e-03	0.00e+00	0.00e+00	0.00e+00	0.00e+00	0.00e+00	3.07e-88
 1.84004e+13	2.27e-30	4.25e-22	8.26e-15	3.12e-08	3.41e-01	6.57e-01	2.12e-03	0.00e+00	0.00e+00	0.00e+00	0.00e+00	0.00e+00	1.92e-103
 1.90638e+13	3.13e-30	5.53e-22	1.01e-14	3.57e-08	3.60e-01	6.38e-01	1.90e-03	0.00e+00	0.00e+00	0.00e+00	0.00e+00	0.00e+00	1.15e-87
 1.97572e+13	4.32e-30	7.19e-22	1.24e-14	4.08e-08	3.79e-01	6.19e-01	1.70e-03	0.00e+00	0.00e+00	0.00e+00	0.00e+00	0.00e+00	1.20e-102
 2.03481e+13	5.64e-30	8.91e-22	1.47e-14	4.54e-08	3.95e-01	6.04e-01	1.55e-03	0.00e+00	0.00e+00	0.00e+00	0.00e+00	0.00e+00	4.42e-87
 2.09746e+13	7.39e-30	1.11e-21	1.74e-14	5.07e-08	4.11e-01	5.87e-01	1.41e-03	0.00e+00	0.00e+00	0.00e+00	0.00e+00	0.00e+00	5.57e-102
 2.17702e+13	1.03e-29	1.45e-21	2.14e-14	5.79e-08	4.32e-01	5.67e-01	1.25e-03	0.00e+00	0.00e+00	0.00e+00	0.00e+00	0.00e+00	1.77e-86
 2.25928e+13	1.42e-29	1.88e-21	2.63e-14	6.60e-08	4.53e-01	5.46e-01	1.11e-03	0.00e+00	0.00e+00	0.00e+00	0.00e+00	0.00e+00	3.71e-101
 2.33104e+13	1.87e-29	2.35e-21	3.12e-14	7.36e-08	4.70e-01	5.29e-01	1.00e-03	0.00e+00	0.00e+00	0.00e+00	0.00e+00	0.00e+00	7.18e-86
 2.40846e+13	2.48e-29	2.95e-21	3.71e-14	8.22e-08	4.89e-01	5.10e-01	8.99e-04	0.00e+00	0.00e+00	0.00e+00	0.00e+00	0.00e+00	1.89e-100
 2.49490e+13	3.35e-29	3.77e-21	4.48e-14	9.27e-08	5.09e-01	4.91e-01	7.99e-04	0.00e+00	0.00e+00	0.00e+00	0.00e+00	0.00e+00	2.86e-85
 2.57579e+13	4.41e-29	4.69e-21	5.30e-14	1.03e-07	5.26e-01	4.73e-01	7.17e-04	0.00e+00	0.00e+00	0.00e+00	0.00e+00	0.00e+00	1.04e-99
 2.66371e+13	5.86e-29	5.90e-21	6.32e-14	1.15e-07	5.45e-01	4.54e-01	6.40e-04	0.00e+00	0.00e+00	0.00e+00	0.00e+00	0.00e+00	1.08e-84
 2.76127e+13	7.93e-29	7.52e-21	7.61e-14	1.29e-07	5.65e-01	4.34e-01	5.65e-04	0.00e+00	0.00e+00	0.00e+00	0.00e+00	0.00e+00	5.99e-99
 2.85189e+13	1.04e-28	9.34e-21	8.99e-14	1.43e-07	5.83e-01	4.17e-01	5.04e-04	0.00e+00	0.00e+00	0.00e+00	0.00e+00	0.00e+00	4.27e-84
 2.95025e+13	1.38e-28	1.17e-20	1.06e-13	1.59e-07	6.01e-01	3.99e-01	4.48e-04	0.00e+00	0.00e+00	0.00e+00	0.00e+00	0.00e+00	3.18e-98
 3.06062e+13	1.87e-28	1.49e-20	1.28e-13	1.78e-07	6.20e-01	3.79e-01	3.93e-04	0.00e+00	0.00e+00	0.00e+00	0.00e+00	0.00e+00	1.79e-83
 3.16440e+13	2.45e-28	1.86e-20	1.51e-13	1.97e-07	6.38e-01	3.62e-01	3.48e-04	0.00e+00	0.00e+00	0.00e+00	0.00e+00	0.00e+00	1.84e-97
 3.27707e+13	3.27e-28	2.34e-20	1.79e-13	2.19e-07	6.55e-01	3.45e-01	3.08e-04	0.00e+00	0.00e+00	0.00e+00	0.00e+00	0.00e+00	7.14e-83
 3.40330e+13	4.44e-28	2.98e-20	2.16e-13	2.45e-07	6.74e-01	3.26e-01	2.68e-04	0.00e+00	0.00e+00	0.00e+00	0.00e+00	0.00e+00	1.14e-96
 3.52196e+13	5.86e-28	3.72e-20	2.55e-13	2.70e-07	6.90e-01	3.10e-01	2.36e-04	0.00e+00	0.00e+00	0.00e+00	0.00e+00	0.00e+00	3.01e-82
 3.65100e+13	7.84e-28	4.68e-20	3.02e-13	2.99e-07	7.06e-01	2.93e-01	2.07e-04	0.00e+00	0.00e+00	0.00e+00	0.00e+00	0.00e+00	6.65e-96
 3.79627e+13	1.07e-27	5.99e-20	3.64e-13	3.34e-07	7.24e-01	2.76e-01	1.78e-04	0.00e+00	0.00e+00	0.00e+00	0.00e+00	0.00e+00	1.36e-81
 3.93423e+13	1.42e-27	7.51e-20	4.29e-13	3.68e-07	7.39e-01	2.61e-01	1.56e-04	0.00e+00	0.00e+00	0.00e+00	0.00e+00	0.00e+00	4.30e-95
 4.08135e+13	1.90e-27	9.45e-20	5.09e-13	4.07e-07	7.54e-01	2.46e-01	1.36e-04	0.00e+00	0.00e+00	0.00e+00	0.00e+00	0.00e+00	5.92e-81
 4.24760e+13	2.60e-27	1.21e-19	6.13e-13	4.54e-07	7.70e-01	2.30e-01	1.17e-04	0.00e+00	0.00e+00	0.00e+00	0.00e+00	0.00e+00	2.90e-94
 4.41190e+13	3.52e-27	1.53e-19	7.28e-13	5.01e-07	7.84e-01	2.16e-01	1.01e-04	0.00e+00	0.00e+00	0.00e+00	0.00e+00	0.00e+00	2.84e-80
 4.58278e+13	4.75e-27	1.94e-19	8.64e-13	5.53e-07	7.97e-01	2.02e-01	8.73e-05	0.00e+00	0.00e+00	0.00e+00	0.00e+00	0.00e+00	1.95e-93
 4.76908e+13	6.49e-27	2.48e-19	1.03e-12	6.12e-07	8.11e-01	1.89e-01	7.49e-05	0.00e+00	0.00e+00	0.00e+00	0.00e+00	0.00e+00	1.38e-79
 4.94368e+13	8.58e-27	3.09e-19	1.21e-12	6.71e-07	8.23e-01	1.77e-01	6.51e-05	0.00e+00	0.00e+00	0.00e+00	0.00e+00	0.00e+00	1.30e-92
 5.09837e+13	1.09e-26	3.73e-19	1.39e-12	7.25e-07	8.32e-01	1.68e-01	5.77e-05	0.00e+00	0.00e+00	0.00e+00	0.00e+00	0.00e+00	5.35e-79
 5.24323e+13	1.36e-26	4.42e-19	1.57e-12	7.77e-07	8.40e-01	1.60e-01	5.18e-05	0.00e+00	0.00e+00	0.00e+00	0.00e+00	0.00e+00	5.67e-92
 5.40376e+13	1.72e-26	5.31e-19	1.79e-12	8.36e-07	8.48e-01	1.52e-01	4.60e-05	0.00e+00	0.00e+00	0.00e+00	0.00e+00	0.00e+00	1.77e-78
 5.58427e+13	2.23e-26	6.49e-19	2.07e-12	9.04e-07	8.57e-01	1.43e-01	4.05e-05	0.00e+00	0.00e+00	0.00e+00	0.00e+00	0.00e+00	2.78e-91
 5.75650e+13	2.82e-26	7.80e-19	2.36e-12	9.73e-07	8.65e-01	1.35e-01	3.60e-05	0.00e+00	0.00e+00	0.00e+00	0.00e+00	0.00e+00	6.53e-78
 5.94611e+13	3.63e-26	9.48e-19	2.71e-12	1.05e-06	8.72e-01	1.27e-01	3.17e-05	0.00e+00	0.00e+00	0.00e+00	0.00e+00	0.00e+00	1.35e-90
 6.15613e+13	4.76e-26	1.17e-18	3.14e-12	1.14e-06	8.80e-01	1.20e-01	2.77e-05	0.00e+00	0.00e+00	0.00e+00	0.00e+00	0.00e+00	2.62e-77
 6.35121e+13	6.07e-26	1.41e-18	3.59e-12	1.23e-06	8.87e-01	1.13e-01	2.45e-05	0.00e+00	0.00e+00	0.00e+00	0.00e+00	0.00e+00	7.11e-90
 6.56337e+13	7.86e-26	1.72e-18	4.12e-12	1.32e-06	8.94e-01	1.06e-01	2.16e-05	0.00e+00	0.00e+00	0.00e+00	0.00e+00	0.00e+00	9.99e-77
 6.80024e+13	1.04e-25	2.13e-18	4.79e-12	1.43e-06	9.00e-01	9.96e-02	1.88e-05	0.00e+00	0.00e+00	0.00e+00	0.00e+00	0.00e+00	4.03e-89
 7.02265e+13	1.33e-25	2.58e-18	5.48e-12	1.54e-06	9.06e-01	9.38e-02	1.65e-05	0.00e+00	0.00e+00	0.00e+00	0.00e+00	0.00e+00	4.14e-76
 7.26518e+13	1.74e-25	3.17e-18	6.32e-12	1.66e-06	9.12e-01	8.81e-02	1.45e-05	0.00e+00	0.00e+00	0.00e+00	0.00e+00	0.00e+00	8.47e-76
 7.53417e+13	2.31e-25	3.94e-18	7.35e-12	1.80e-06	9.18e-01	8.23e-02	1.26e-05	0.00e+00	0.00e+00	0.00e+00	0.00e+00	0.00e+00	1.83e-75
 7.78527e+13	2.99e-25	4.80e-18	8.42e-12	1.94e-06	9.23e-01	7.74e-02	1.10e-05	0.00e+00	0.00e+00	0.00e+00	0.00e+00	0.00e+00	3.66e-75
 8.05939e+13	3.94e-25	5.91e-18	9.71e-12	2.09e-06	9.27e-01	7.25e-02	9.66e-06	0.00e+00	0.00e+00	0.00e+00	0.00e+00	0.00e+00	7.70e-75
 8.36656e+13	5.29e-25	7.40e-18	1.13e-11	2.26e-06	9.32e-01	6.76e-02	8.35e-06	0.00e+00	0.00e+00	0.00e+00	0.00e+00	0.00e+00	1.72e-74
 8.65791e+13	6.93e-25	9.09e-18	1.30e-11	2.43e-06	9.37e-01	6.34e-02	7.31e-06	0.00e+00	0.00e+00	0.00e+00	0.00e+00	0.00e+00	3.58e-74
 8.97446e+13	9.21e-25	1.13e-17	1.51e-11	2.63e-06	9.41e-01	5.92e-02	6.36e-06	0.00e+00	0.00e+00	0.00e+00	0.00e+00	0.00e+00	7.76e-74
 9.32587e+13	1.25e-24	1.42e-17	1.77e-11	2.85e-06	9.45e-01	5.51e-02	5.47e-06	0.00e+00	0.00e+00	0.00e+00	0.00e+00	0.00e+00	1.78e-73
 9.66089e+13	1.65e-24	1.76e-17	2.04e-11	3.07e-06	9.48e-01	5.15e-02	4.77e-06	0.00e+00	0.00e+00	0.00e+00	0.00e+00	0.00e+00	3.80e-73
 1.00199e+14	2.20e-24	2.19e-17	2.37e-11	3.31e-06	9.52e-01	4.81e-02	4.14e-06	0.00e+00	0.00e+00	0.00e+00	0.00e+00	0.00e+00	8.41e-73
 1.04237e+14	3.02e-24	2.77e-17	2.78e-11	3.59e-06	9.55e-01	4.46e-02	3.55e-06	0.00e+00	0.00e+00	0.00e+00	0.00e+00	0.00e+00	1.99e-72
 1.08259e+14	4.08e-24	3.48e-17	3.24e-11	3.88e-06	9.58e-01	4.15e-02	3.07e-06	0.00e+00	0.00e+00	0.00e+00	0.00e+00	0.00e+00	4.55e-72
 1.12442e+14	5.52e-24	4.37e-17	3.77e-11	4.20e-06	9.61e-01	3.86e-02	2.65e-06	0.00e+00	0.00e+00	0.00e+00	0.00e+00	0.00e+00	1.04e-71
 1.16970e+14	7.55e-24	5.53e-17	4.42e-11	4.55e-06	9.64e-01	3.59e-02	2.27e-06	0.00e+00	0.00e+00	0.00e+00	1.79e-17	3.75e-17	2.46e-71
 1.21678e+14	1.03e-23	7.01e-17	5.18e-11	4.93e-06	9.67e-01	3.33e-02	1.95e-06	0.00e+00	0.00e+00	0.00e+00	2.33e-17	4.68e-17	5.84e-71
 1.26575e+14	1.42e-23	8.88e-17	6.07e-11	5.34e-06	9.69e-01	3.08e-02	1.67e-06	0.00e+00	0.00e+00	0.00e+00	2.95e-17	5.93e-17	1.38e-70
 1.31281e+14	1.89e-23	1.10e-16	7.03e-11	5.75e-06	9.71e-01	2.88e-02	1.45e-06	0.00e+00	0.00e+00	0.00e+00	3.66e-17	7.37e-17	3.07e-70
 1.35246e+14	2.40e-23	1.32e-16	7.92e-11	6.11e-06	9.73e-01	2.72e-02	1.29e-06	0.00e+00	0.00e+00	0.00e+00	4.38e-17	8.81e-17	5.88e-70
 1.39282e+14	3.03e-23	1.57e-16	8.90e-11	6.48e-06	9.74e-01	2.57e-02	1.15e-06	0.00e+00	0.00e+00	0.00e+00	5.22e-17	1.05e-16	1.12e-69
 1.44410e+14	4.03e-23	1.95e-16	1.03e-10	6.97e-06	9.76e-01	2.39e-02	1.00e-06	0.00e+00	0.00e+00	0.00e+00	6.47e-17	1.30e-16	2.47e-69
 1.49675e+14	5.36e-23	2.42e-16	1.19e-10	7.49e-06	9.78e-01	2.24e-02	8.71e-07	0.00e+00	0.00e+00	0.00e+00	8.01e-17	1.61e-16	5.39e-69
 1.54214e+14	6.76e-23	2.88e-16	1.34e-10	7.95e-06	9.79e-01	2.11e-02	0.00e+00	0.00e+00	0.00e+00	0.00e+00	9.55e-17	1.92e-16	1.02e-68
 1.59092e+14	8.69e-23	3.47e-16	1.52e-10	8.46e-06	9.80e-01	1.99e-02	0.00e+00	0.00e+00	0.00e+00	0.00e+00	1.15e-16	2.32e-16	2.04e-68
 1.65101e+14	1.16e-22	4.31e-16	1.76e-10	9.13e-06	9.82e-01	1.85e-02	0.00e+00	0.00e+00	0.00e+00	0.00e+00	1.43e-16	2.88e-16	4.45e-68
 1.71236e+14	1.54e-22	5.36e-16	2.04e-10	9.82e-06	9.83e-01	1.72e-02	0.00e+00	0.00e+00	0.00e+00	0.00e+00	1.78e-16	3.58e-16	9.88e-68
 1.76840e+14	2.00e-22	6.51e-16	2.32e-10	1.05e-05	9.84e-01	1.62e-02	0.00e+00	0.00e+00	0.00e+00	0.00e+00	2.16e-16	4.35e-16	2.01e-67
 1.83097e+14	2.62e-22	7.99e-16	2.66e-10	1.12e-05	9.85e-01	1.51e-02	0.00e+00	0.00e+00	0.00e+00	0.00e+00	2.65e-16	5.34e-16	4.26e-67
 1.90382e+14	3.53e-22	1.00e-15	3.12e-10	1.22e-05	9.86e-01	1.40e-02	0.00e+00	0.00e+00	0.00e+00	0.00e+00	3.33e-16	6.70e-16	9.67e-67
 1.97632e+14	4.76e-22	1.26e-15	3.62e-10	1.31e-05	9.87e-01	1.30e-02	0.00e+00	0.00e+00	0.00e+00	0.00e+00	4.17e-16	8.39e-16	2.21e-66
 2.04153e+14	6.10e-22	1.51e-15	4.12e-10	1.40e-05	9.88e-01	1.22e-02	0.00e+00	0.00e+00	0.00e+00	0.00e+00	5.02e-16	1.01e-15	4.33e-66
 2.11094e+14	7.94e-22	1.85e-15	4.71e-10	1.50e-05	9.89e-01	1.14e-02	0.00e+00	0.00e+00	0.00e+00	0.00e+00	6.14e-16	1.24e-15	9.02e-66
 2.18881e+14	1.05e-21	2.28e-15	5.46e-10	1.61e-05	9.89e-01	1.06e-02	0.00e+00	0.00e+00	0.00e+00	0.00e+00	7.56e-16	1.52e-15	1.92e-65
 2.26241e+14	1.36e-21	2.78e-15	6.23e-10	1.72e-05	9.90e-01	9.94e-03	0.00e+00	0.00e+00	0.00e+00	0.00e+00	9.21e-16	1.86e-15	3.93e-65
 2.34282e+14	1.76e-21	3.40e-15	7.17e-10	1.85e-05	9.91e-01	9.27e-03	0.00e+00	0.00e+00	0.00e+00	0.00e+00	1.13e-15	2.27e-15	8.08e-65
 2.43182e+14	2.35e-21	4.22e-15	8.34e-10	2.00e-05	9.91e-01	8.60e-03	0.00e+00	0.00e+00	0.00e+00	0.00e+00	1.40e-15	2.82e-15	1.78e-64
 2.51433e+14	3.02e-21	5.12e-15	9.54e-10	2.14e-05	9.92e-01	8.04e-03	0.00e+00	0.00e+00	0.00e+00	0.00e+00	1.70e-15	3.43e-15	3.56e-64
 2.60393e+14	3.96e-21	6.29e-15	1.10e-09	2.29e-05	9.92e-01	7.50e-03	0.00e+00	0.00e+00	0.00e+00	0.00e+00	2.08e-15	4.20e-15	7.50e-64
 2.70419e+14	5.27e-21	7.83e-15	1.28e-09	2.48e-05	9.93e-01	6.95e-03	0.00e+00	0.00e+00	0.00e+00	0.00e+00	2.59e-15	5.23e-15	1.65e-63
 2.79870e+14	6.88e-21	9.60e-15	1.47e-09	2.66e-05	9.93e-01	6.49e-03	0.00e+00	0.00e+00	0.00e+00	0.00e+00	3.18e-15	6.42e-15	3.45e-63
 2.90059e+14	8.93e-21	1.17e-14	1.70e-09	2.86e-05	9.94e-01	6.03e-03	0.00e+00	0.00e+00	0.00e+00	0.00e+00	3.88e-15	7.84e-15	7.04e-63
 3.01377e+14	1.20e-20	1.46e-14	1.98e-09	3.09e-05	9.94e-01	5.59e-03	0.00e+00	0.00e+00	0.00e+00	0.00e+00	4.85e-15	9.79e-15	1.58e-62
 3.12208e+14	1.57e-20	1.80e-14	2.28e-09	3.32e-05	9.95e-01	5.20e-03	0.00e+00	0.00e+00	0.00e+00	0.00e+00	5.97e-15	1.21e-14	3.34e-62
 3.23787e+14	2.04e-20	2.21e-14	2.64e-09	3.58e-05	9.95e-01	4.83e-03	0.00e+00	0.00e+00	0.00e+00	0.00e+00	7.30e-15	1.48e-14	6.88e-62
 3.36769e+14	2.76e-20	2.78e-14	3.09e-09	3.88e-05	9.95e-01	4.46e-03	0.00e+00	0.00e+00	0.00e+00	0.00e+00	9.21e-15	1.86e-14	1.60e-61
 3.49666e+14	3.60e-20	3.42e-14	3.59e-09	4.19e-05	9.96e-01	4.13e-03	0.00e+00	0.00e+00	0.00e+00	0.00e+00	1.13e-14	2.29e-14	3.33e-61
 3.61541e+14	4.66e-20	4.17e-14	4.11e-09	4.48e-05	9.96e-01	3.86e-03	0.00e+00	0.00e+00	0.00e+00	0.00e+00	1.38e-14	2.79e-14	6.83e-61
 3.74411e+14	5.98e-20	5.05e-14	4.73e-09	4.82e-05	9.96e-01	3.59e-03	0.00e+00	0.00e+00	0.00e+00	0.00e+00	1.67e-14	3.38e-14	1.35e-60
 3.88904e+14	7.93e-20	6.27e-14	5.51e-09	5.20e-05	9.97e-01	3.33e-03	0.00e+00	0.00e+00	0.00e+00	0.00e+00	2.07e-14	4.19e-14	2.95e-60
 4.02394e+14	1.02e-19	7.64e-14	6.31e-09	5.58e-05	9.97e-01	3.11e-03	0.00e+00	0.00e+00	0.00e+00	0.00e+00	2.53e-14	5.11e-14	6.02e-60
 4.13796e+14	1.25e-19	8.93e-14	7.06e-09	5.91e-05	9.97e-01	2.93e-03	0.00e+00	0.00e+00	0.00e+00	0.00e+00	2.95e-14	5.98e-14	1.05e-59
 4.25593e+14	1.54e-19	1.05e-13	7.90e-09	6.25e-05	9.97e-01	2.77e-03	0.00e+00	0.00e+00	0.00e+00	0.00e+00	3.46e-14	7.00e-14	1.86e-59
 4.40920e+14	1.99e-19	1.28e-13	9.11e-09	6.72e-05	9.97e-01	2.58e-03	0.00e+00	0.00e+00	0.00e+00	0.00e+00	4.23e-14	8.56e-14	3.84e-59
 4.56709e+14	2.54e-19	1.55e-13	1.05e-08	7.23e-05	9.98e-01	2.40e-03	0.00e+00	0.00e+00	0.00e+00	0.00e+00	5.11e-14	1.04e-13	7.54e-59
 4.69793e+14	3.13e-19	1.82e-13	1.18e-08	7.65e-05	9.98e-01	2.26e-03	0.00e+00	0.00e+00	0.00e+00	0.00e+00	6.00e-14	1.22e-13	1.35e-58
 4.83488e+14	3.87e-19	2.14e-13	1.32e-08	8.11e-05	9.98e-01	2.14e-03	0.00e+00	0.00e+00	0.00e+00	0.00e+00	7.07e-14	1.43e-13	2.45e-58
 5.01068e+14	4.96e-19	2.60e-13	1.52e-08	8.73e-05	9.98e-01	1.98e-03	0.00e+00	0.00e+00	0.00e+00	0.00e+00	8.57e-14	1.74e-13	4.86e-58
 5.19512e+14	6.50e-19	3.20e-13	1.76e-08	9.40e-05	9.98e-01	1.84e-03	0.00e+00	0.00e+00	0.00e+00	0.00e+00	1.06e-13	2.15e-13	1.04e-57
 5.35721e+14	8.00e-19	3.77e-13	1.99e-08	1.00e-04	9.98e-01	1.73e-03	0.00e+00	0.00e+00	0.00e+00	0.00e+00	1.24e-13	2.52e-13	1.86e-57
 5.53214e+14	1.01e-18	4.52e-13	2.26e-08	1.07e-04	9.98e-01	1.62e-03	0.00e+00	0.00e+00	0.00e+00	0.00e+00	1.49e-13	3.03e-13	3.59e-57
 5.74378e+14	1.32e-18	5.55e-13	2.63e-08	1.15e-04	9.98e-01	1.50e-03	0.00e+00	0.00e+00	0.00e+00	0.00e+00	1.83e-13	3.72e-13	7.46e-57
 5.95343e+14	1.72e-18	6.83e-13	3.04e-08	1.24e-04	9.98e-01	1.39e-03	0.00e+00	0.00e+00	0.00e+00	0.00e+00	2.25e-13	4.58e-13	1.59e-56
 6.13896e+14	2.12e-18	8.05e-13	3.44e-08	1.32e-04	9.99e-01	1.31e-03	0.00e+00	0.00e+00	0.00e+00	0.00e+00	2.65e-13	5.40e-13	2.84e-56
 6.34288e+14	2.68e-18	9.65e-13	3.92e-08	1.41e-04	9.99e-01	1.22e-03	0.00e+00	0.00e+00	0.00e+00	0.00e+00	3.18e-13	6.47e-13	5.48e-56
 6.58745e+14	3.48e-18	1.19e-12	4.56e-08	1.53e-04	9.99e-01	1.13e-03	0.00e+00	0.00e+00	0.00e+00	0.00e+00	3.90e-13	7.95e-13	1.14e-55
 6.83033e+14	4.53e-18	1.46e-12	5.27e-08	1.65e-04	9.99e-01	1.05e-03	0.00e+00	0.00e+00	0.00e+00	0.00e+00	4.80e-13	9.78e-13	2.42e-55
 7.05038e+14	5.63e-18	1.73e-12	5.99e-08	1.76e-04	9.99e-01	9.81e-04	0.00e+00	0.00e+00	0.00e+00	0.00e+00	5.68e-13	1.16e-12	4.42e-55
 7.29529e+14	7.16e-18	2.08e-12	6.87e-08	1.89e-04	9.99e-01	9.15e-04	0.00e+00	0.00e+00	0.00e+00	0.00e+00	6.86e-13	1.40e-12	8.75e-55
 7.58255e+14	9.37e-18	2.58e-12	8.03e-08	2.05e-04	9.99e-01	8.43e-04	0.00e+00	0.00e+00	0.00e+00	0.00e+00	8.47e-13	1.73e-12	1.87e-54
 7.86485e+14	1.21e-17	3.15e-12	9.29e-08	2.20e-04	9.99e-01	7.82e-04	0.00e+00	0.00e+00	0.00e+00	0.00e+00	1.04e-12	2.12e-12	3.86e-54
 8.12852e+14	1.51e-17	3.76e-12	1.06e-07	2.36e-04	9.99e-01	7.29e-04	0.00e+00	0.00e+00	0.00e+00	0.00e+00	1.23e-12	2.52e-12	7.25e-54
 8.42404e+14	1.93e-17	4.57e-12	1.23e-07	2.54e-04	9.99e-01	6.77e-04	0.00e+00	0.00e+00	0.00e+00	0.00e+00	1.50e-12	3.07e-12	1.47e-53
 8.76130e+14	2.52e-17	5.63e-12	1.44e-07	2.76e-04	9.99e-01	6.22e-04	0.00e+00	0.00e+00	0.00e+00	0.00e+00	1.85e-12	3.78e-12	3.11e-53
 9.09450e+14	3.24e-17	6.91e-12	1.67e-07	2.99e-04	9.99e-01	5.75e-04	0.00e+00	0.00e+00	0.00e+00	0.00e+00	2.27e-12	4.64e-12	6.49e-53
 9.44104e+14	4.17e-17	8.42e-12	1.94e-07	3.24e-04	9.99e-01	5.30e-04	0.00e+00	0.00e+00	0.00e+00	0.00e+00	2.76e-12	5.66e-12	1.32e-52
 9.75467e+14	5.23e-17	1.01e-11	2.22e-07	3.47e-04	9.99e-01	4.95e-04	0.00e+00	4.35e-18	1.31e-17	2.18e-17	3.30e-12	6.77e-12	2.52e-52
 9.98854e+14	6.11e-17	1.14e-11	2.44e-07	3.65e-04	9.99e-01	4.70e-04	0.00e+00	5.09e-18	1.53e-17	2.55e-17	3.74e-12	7.68e-12	3.95e-52
 1.02312e+15	7.17e-17	1.30e-11	2.69e-07	3.85e-04	9.99e-01	4.46e-04	0.00e+00	5.97e-18	1.79e-17	3.00e-17	4.26e-12	8.73e-12	6.27e-52
 1.05466e+15	8.77e-17	1.53e-11	3.04e-07	4.11e-04	9.99e-01	4.18e-04	0.00e+00	7.31e-18	2.19e-17	3.67e-17	5.01e-12	1.03e-11	1.12e-51
 1.08896e+15	1.08e-16	1.81e-11	3.47e-07	4.40e-04	9.99e-01	3.90e-04	0.00e+00	9.01e-18	2.71e-17	4.52e-17	5.92e-12	1.22e-11	2.06e-51
 1.12006e+15	1.30e-16	2.10e-11	3.88e-07	4.68e-04	9.99e-01	3.67e-04	0.00e+00	1.08e-17	3.25e-17	5.43e-17	6.89e-12	1.41e-11	3.55e-51
 1.15372e+15	1.58e-16	2.46e-11	4.38e-07	5.00e-04	9.99e-01	3.43e-04	0.00e+00	1.32e-17	3.96e-17	6.62e-17	8.05e-12	1.65e-11	6.23e-51
 1.19170e+15	1.94e-16	2.92e-11	4.99e-07	5.36e-04	9.99e-01	3.20e-04	0.00e+00	1.62e-17	4.88e-17	8.15e-17	9.56e-12	1.96e-11	1.16e-50
 1.22833e+15	2.39e-16	3.43e-11	5.66e-07	5.74e-04	9.99e-01	2.99e-04	0.00e+00	2.00e-17	5.99e-17	1.00e-16	1.12e-11	2.31e-11	2.09e-50
 1.26900e+15	2.93e-16	4.07e-11	6.45e-07	6.16e-04	9.99e-01	2.78e-04	0.00e+00	2.45e-17	7.35e-17	1.23e-16	1.33e-11	2.73e-11	3.88e-50
 1.31421e+15	3.69e-16	4.89e-11	7.45e-07	6.66e-04	9.99e-01	2.57e-04	0.00e+00	3.09e-17	9.28e-17	1.55e-16	1.60e-11	3.29e-11	7.62e-50
 1.35641e+15	4.54e-16	5.79e-11	8.47e-07	7.14e-04	9.99e-01	2.40e-04	0.00e+00	3.80e-17	1.14e-16	1.91e-16	1.90e-11	3.90e-11	1.41e-49
 1.40239e+15	5.59e-16	6.88e-11	9.70e-07	7.70e-04	9.99e-01	2.22e-04	0.00e+00	4.69e-17	1.41e-16	2.35e-16	2.25e-11	4.63e-11	2.66e-49
 1.45376e+15	6.95e-16	8.27e-11	1.12e-06	8.33e-04	9.99e-01	2.05e-04	0.00e+00	5.84e-17	1.75e-16	2.93e-16	2.71e-11	5.56e-11	5.23e-49
 1.50198e+15	8.64e-16	9.85e-11	1.28e-06	8.99e-04	9.99e-01	1.90e-04	0.00e+00	7.27e-17	2.18e-16	3.65e-16	3.22e-11	6.62e-11	9.98e-49
 1.54762e+15	1.05e-15	1.15e-10	1.45e-06	9.61e-04	9.99e-01	1.78e-04	0.00e+00	8.83e-17	2.65e-16	4.43e-16	3.78e-11	7.75e-11	1.80e-48
 1.60008e+15	1.27e-15	1.36e-10	1.65e-06	1.03e-03	9.99e-01	1.65e-04	0.00e+00	1.07e-16	3.22e-16	5.38e-16	4.46e-11	9.17e-11	3.34e-48
 1.66235e+15	1.65e-15	1.67e-10	1.93e-06	1.13e-03	9.99e-01	1.52e-04	0.00e+00	1.39e-16	4.18e-16	6.97e-16	5.49e-11	1.13e-10	7.26e-48
 1.72302e+15	2.06e-15	2.02e-10	2.23e-06	1.22e-03	9.99e-01	1.40e-04	0.00e+00	1.74e-16	5.24e-16	8.75e-16	6.61e-11	1.36e-10	1.47e-47
 1.77731e+15	2.47e-15	2.36e-10	2.53e-06	1.31e-03	9.99e-01	1.30e-04	0.00e+00	2.09e-16	6.27e-16	1.05e-15	7.72e-11	1.58e-10	2.63e-47
 1.83763e+15	3.11e-15	2.83e-10	2.90e-06	1.42e-03	9.98e-01	1.21e-04	0.00e+00	2.63e-16	7.90e-16	1.32e-15	9.28e-11	1.90e-10	5.28e-47
 1.90918e+15	3.92e-15	3.45e-10	3.38e-06	1.54e-03	9.98e-01	1.11e-04	0.00e+00	3.32e-16	9.97e-16	1.67e-15	1.13e-10	2.32e-10	1.12e-46
 1.98045e+15	4.96e-15	4.18e-10	3.92e-06	1.68e-03	9.98e-01	1.02e-04	0.00e+00	4.21e-16	1.26e-15	2.11e-15	1.37e-10	2.81e-10	2.35e-46
 2.04675e+15	6.06e-15	4.96e-10	4.47e-06	1.81e-03	9.98e-01	9.44e-05	0.00e+00	5.15e-16	1.55e-15	2.58e-15	1.63e-10	3.33e-10	4.51e-46
 2.12081e+15	7.59e-15	5.99e-10	5.15e-06	1.96e-03	9.98e-01	8.71e-05	0.00e+00	6.46e-16	1.94e-15	3.24e-15	1.96e-10	4.02e-10	9.41e-46
 2.20568e+15	9.77e-15	7.37e-10	6.03e-06	2.14e-03	9.98e-01	7.96e-05	0.00e+00	8.33e-16	2.50e-15	4.18e-15	2.42e-10	4.95e-10	2.14e-45
 2.27644e+15	1.16e-14	8.61e-10	6.84e-06	2.30e-03	9.98e-01	7.42e-05	0.00e+00	9.93e-16	2.98e-15	4.98e-15	2.83e-10	5.78e-10	3.92e-45
 2.32680e+15	1.37e-14	9.78e-10	7.47e-06	2.42e-03	9.98e-01	7.05e-05	0.00e+00	1.17e-15	3.51e-15	5.86e-15	3.21e-10	6.57e-10	6.53e-45
 2.37937e+15	1.58e-14	1.10e-09	8.17e-06	2.54e-03	9.97e-01	6.70e-05	0.00e+00	1.35e-15	4.05e-15	6.76e-15	3.62e-10	7.39e-10	1.04e-44
 2.44772e+15	1.88e-14	1.28e-09	9.15e-06	2.71e-03	9.97e-01	6.29e-05	0.00e+00	1.61e-15	4.84e-15	8.08e-15	4.20e-10	8.58e-10	1.90e-44
 2.52368e+15	2.29e-14	1.51e-09	1.03e-05	2.90e-03	9.97e-01	5.87e-05	0.00e+00	1.96e-15	5.88e-15	9.82e-15	4.95e-10	1.01e-09	3.63e-44
 2.59477e+15	2.71e-14	1.74e-09	1.16e-05	3.09e-03	9.97e-01	5.51e-05	0.00e+00	2.33e-15	6.98e-15	1.17e-14	5.73e-10	1.17e-09	6.47e-44
 2.67245e+15	3.21e-14	2.02e-09	1.30e-05	3.30e-03	9.97e-01	5.16e-05	0.00e+00	2.76e-15	8.28e-15	1.38e-14	6.64e-10	1.36e-09	1.16e-43
 2.75936e+15	4.03e-14	2.43e-09	1.48e-05	3.55e-03	9.96e-01	4.79e-05	0.00e+00	3.47e-15	1.04e-14	1.74e-14	7.99e-10	1.63e-09	2.43e-43
 2.84132e+15	4.83e-14	2.84e-09	1.66e-05	3.79e-03	9.96e-01	4.49e-05	0.00e+00	4.15e-15	1.25e-14	2.08e-14	9.33e-10	1.90e-09	4.48e-43
 2.93093e+15	5.78e-14	3.32e-09	1.88e-05	4.06e-03	9.96e-01	4.19e-05	0.00e+00	4.97e-15	1.49e-14	2.49e-14	1.09e-09	2.23e-09	8.32e-43
 3.03162e+15	7.35e-14	4.04e-09	2.15e-05	4.39e-03	9.96e-01	3.88e-05	0.00e+00	6.34e-15	1.90e-14	3.18e-14	1.33e-09	2.71e-09	1.85e-42
 3.12752e+15	8.90e-14	4.77e-09	2.43e-05	4.70e-03	9.95e-01	3.62e-05	0.00e+00	7.68e-15	2.31e-14	3.85e-14	1.57e-09	3.20e-09	3.56e-42
 3.23296e+15	1.08e-13	5.65e-09	2.78e-05	5.06e-03	9.95e-01	3.36e-05	0.00e+00	9.33e-15	2.80e-14	4.67e-14	1.86e-09	3.79e-09	6.89e-42
 3.35199e+15	1.40e-13	7.00e-09	3.21e-05	5.49e-03	9.94e-01	3.10e-05	0.00e+00	1.21e-14	3.64e-14	6.07e-14	2.31e-09	4.69e-09	1.61e-41
 3.46530e+15	1.71e-13	8.37e-09	3.66e-05	5.91e-03	9.94e-01	2.88e-05	0.00e+00	1.49e-14	4.46e-14	7.44e-14	2.76e-09	5.61e-09	3.22e-41
 3.58922e+15	2.11e-13	1.00e-08	4.21e-05	6.39e-03	9.94e-01	2.67e-05	0.00e+00	1.83e-14	5.49e-14	9.16e-14	3.30e-09	6.72e-09	6.50e-41
 3.72660e+15	2.76e-13	1.26e-08	4.90e-05	6.95e-03	9.93e-01	2.46e-05	0.00e+00	2.40e-14	7.20e-14	1.20e-13	4.14e-09	8.41e-09	1.58e-40
 3.85405e+15	3.39e-13	1.51e-08	5.60e-05	7.49e-03	9.92e-01	2.28e-05	0.00e+00	2.95e-14	8.84e-14	1.48e-13	4.97e-09	1.01e-08	3.09e-40
 3.99228e+15	4.18e-13	1.81e-08	6.45e-05	8.09e-03	9.92e-01	2.12e-05	0.00e+00	3.64e-14	1.09e-13	1.82e-13	5.97e-09	1.21e-08	6.24e-40
 4.14761e+15	5.48e-13	2.28e-08	7.51e-05	8.82e-03	9.91e-01	1.95e-05	0.00e+00	4.78e-14	1.43e-13	2.39e-13	7.53e-09	1.53e-08	1.53e-39
 4.29496e+15	6.84e-13	2.78e-08	8.64e-05	9.52e-03	9.90e-01	1.81e-05	0.00e+00	5.98e-14	1.79e-13	2.99e-13	9.18e-09	1.86e-08	3.21e-39
 4.45243e+15	8.57e-13	3.39e-08	9.98e-05	1.03e-02	9.90e-01	1.68e-05	0.00e+00	7.49e-14	2.25e-13	3.75e-13	1.12e-08	2.27e-08	6.80e-39
 4.63056e+15	1.09e-12	4.17e-08	1.17e-04	1.12e-02	9.89e-01	1.54e-05	0.00e+00	9.50e-14	2.85e-13	4.76e-13	1.38e-08	2.79e-08	1.47e-38
 4.77897e+15	1.33e-12	5.00e-08	1.33e-04	1.20e-02	9.88e-01	1.45e-05	0.00e+00	1.17e-13	3.50e-13	5.84e-13	1.65e-08	3.35e-08	2.91e-38
 4.88353e+15	1.57e-12	5.77e-08	1.45e-04	1.26e-02	9.87e-01	1.38e-05	0.00e+00	1.37e-13	4.12e-13	6.88e-13	1.91e-08	3.86e-08	4.96e-38
 4.99153e+15	1.81e-12	6.54e-08	1.58e-04	1.33e-02	9.87e-01	1.32e-05	0.00e+00	1.59e-13	4.78e-13	7.97e-13	2.16e-08	4.38e-08	7.92e-38
 5.13194e+15	2.14e-12	7.55e-08	1.77e-04	1.41e-02	9.86e-01	1.25e-05	0.00e+00	1.88e-13	5.64e-13	9.40e-13	2.50e-08	5.06e-08	1.33e-37
 5.28954e+15	2.65e-12	9.13e-08	2.00e-04	1.51e-02	9.85e-01	1.18e-05	0.00e+00	2.33e-13	7.00e-13	1.17e-12	3.02e-08	6.11e-08	2.65e-37
 5.43774e+15	3.13e-12	1.06e-07	2.23e-04	1.60e-02	9.84e-01	1.12e-05	0.00e+00	2.75e-13	8.27e-13	1.38e-12	3.49e-08	7.06e-08	4.44e-37
 5.59863e+15	3.84e-12	1.27e-07	2.51e-04	1.71e-02	9.83e-01	1.05e-05	0.00e+00	3.38e-13	1.01e-12	1.69e-12	4.19e-08	8.48e-08	8.68e-37
 5.77760e+15	4.74e-12	1.52e-07	2.86e-04	1.83e-02	9.81e-01	9.92e-06	0.00e+00	4.18e-13	1.25e-12	2.09e-12	5.04e-08	1.02e-07	1.67e-36
 5.94547e+15	5.67e-12	1.79e-07	3.21e-04	1.95e-02	9.80e-01	9.39e-06	0.00e+00	5.00e-13	1.50e-12	2.50e-12	5.93e-08	1.20e-07	2.96e-36
 6.12912e+15	6.88e-12	2.12e-07	3.63e-04	2.08e-02	9.79e-01	8.88e-06	0.00e+00	6.08e-13	1.82e-12	3.04e-12	7.00e-08	1.42e-07	5.28e-36
 6.33533e+15	8.70e-12	2.61e-07	4.16e-04	2.24e-02	9.77e-01	8.35e-06	0.00e+00	7.69e-13	2.31e-12	3.85e-12	8.65e-08	1.75e-07	1.09e-35
 6.53010e+15	1.07e-11	3.12e-07	4.71e-04	2.39e-02	9.76e-01	7.92e-06	0.00e+00	9.43e-13	2.83e-12	4.72e-12	1.03e-07	2.09e-07	2.03e-35
 6.74252e+15	1.31e-11	3.71e-07	5.38e-04	2.56e-02	9.74e-01	7.49e-06	0.00e+00	1.16e-12	3.48e-12	5.80e-12	1.23e-07	2.48e-07	3.62e-35
 6.97750e+15	1.67e-11	4.63e-07	6.20e-04	2.77e-02	9.72e-01	7.06e-06	0.00e+00	1.48e-12	4.45e-12	7.42e-12	1.53e-07	3.10e-07	7.86e-35
 7.19508e+15	2.06e-11	5.56e-07	7.04e-04	2.96e-02	9.70e-01	6.71e-06	0.00e+00	1.83e-12	5.49e-12	9.15e-12	1.84e-07	3.72e-07	1.45e-34
 7.43117e+15	2.56e-11	6.72e-07	8.06e-04	3.18e-02	9.67e-01	6.37e-06	0.00e+00	2.27e-12	6.81e-12	1.14e-11	2.23e-07	4.49e-07	2.71e-34
 7.69143e+15	3.21e-11	8.14e-07	9.30e-04	3.43e-02	9.65e-01	6.03e-06	0.00e+00	2.85e-12	8.55e-12	1.43e-11	2.70e-07	5.44e-07	5.05e-34
 7.93444e+15	4.04e-11	1.00e-06	1.06e-03	3.68e-02	9.62e-01	5.75e-06	0.00e+00	3.59e-12	1.08e-11	1.80e-11	3.32e-07	6.70e-07	1.02e-33
 8.20167e+15	5.09e-11	1.23e-06	1.22e-03	3.97e-02	9.59e-01	5.48e-06	0.00e+00	4.53e-12	1.36e-11	2.27e-11	4.07e-07	8.20e-07	1.96e-33
 8.49360e+15	6.43e-11	1.49e-06	1.42e-03	4.28e-02	9.56e-01	5.21e-06	0.00e+00	5.73e-12	1.72e-11	2.86e-11	4.93e-07	9.94e-07	3.57e-33
 8.75575e+15	7.92e-11	1.79e-06	1.62e-03	4.59e-02	9.53e-01	5.00e-06	0.00e+00	7.06e-12	2.12e-11	3.53e-11	5.95e-07	1.20e-06	6.44e-33
 8.99620e+15	9.62e-11	2.12e-06	1.82e-03	4.88e-02	9.49e-01	4.82e-06	0.00e+00	8.57e-12	2.57e-11	4.29e-11	7.04e-07	1.42e-06	1.10e-32
 9.27032e+15	1.20e-10	2.56e-06	2.07e-03	5.23e-02	9.46e-01	4.63e-06	0.00e+00	1.07e-11	3.20e-11	5.34e-11	8.48e-07	1.71e-06	1.97e-32
 9.57880e+15	1.52e-10	3.13e-06	2.40e-03	5.64e-02	9.41e-01	4.45e-06	0.00e+00	1.35e-11	4.06e-11	6.78e-11	1.04e-06	2.09e-06	3.67e-32
 9.87159e+15	1.92e-10	3.88e-06	2.74e-03	6.06e-02	9.37e-01	4.31e-06	0.00e+00	1.72e-11	5.16e-11	8.60e-11	1.29e-06	2.59e-06	7.23e-32
 1.01130e+16	2.29e-10	4.51e-06	3.06e-03	6.41e-02	9.33e-01	4.20e-06	0.00e+00	2.05e-11	6.14e-11	1.02e-10	1.50e-06	3.01e-06	1.13e-31
 1.03479e+16	2.72e-10	5.24e-06	3.40e-03	6.77e-02	9.29e-01	4.09e-06	0.00e+00	2.43e-11	7.30e-11	1.22e-10	1.74e-06	3.50e-06	1.78e-31
 1.06533e+16	3.38e-10	6.21e-06	3.88e-03	7.25e-02	9.24e-01	3.97e-06	0.00e+00	3.03e-11	9.08e-11	1.51e-10	2.06e-06	4.15e-06	2.88e-31
 1.09784e+16	4.28e-10	7.71e-06	4.47e-03	7.81e-02	9.17e-01	3.85e-06	0.00e+00	3.84e-11	1.15e-10	1.92e-10	2.56e-06	5.15e-06	5.58e-31
 1.12468e+16	5.14e-10	8.99e-06	5.00e-03	8.27e-02	9.12e-01	3.76e-06	0.00e+00	4.61e-11	1.38e-10	2.31e-10	2.99e-06	6.01e-06	8.55e-31
 1.15135e+16	6.18e-10	1.04e-05	5.60e-03	8.77e-02	9.07e-01	3.68e-06	0.00e+00	5.55e-11	1.66e-10	2.77e-10	3.46e-06	6.96e-06	1.30e-30
 1.18603e+16	8.00e-10	1.31e-05	6.50e-03	9.48e-02	8.99e-01	3.59e-06	0.00e+00	7.19e-11	2.16e-10	3.60e-10	4.34e-06	8.72e-06	2.58e-30
 1.22013e+16	9.97e-10	1.57e-05	7.46e-03	1.02e-01	8.91e-01	3.51e-06	0.00e+00	8.96e-11	2.69e-10	4.48e-10	5.22e-06	1.05e-05	4.22e-30
 1.24734e+16	1.19e-09	1.81e-05	8.34e-03	1.08e-01	8.84e-01	3.45e-06	0.00e+00	1.07e-10	3.22e-10	5.38e-10	6.03e-06	1.21e-05	6.25e-30
 1.27655e+16	1.45e-09	2.14e-05	9.41e-03	1.14e-01	8.76e-01	3.39e-06	0.00e+00	1.31e-10	3.93e-10	6.55e-10	7.12e-06	1.43e-05	9.87e-30
 1.30937e+16	1.85e-09	2.64e-05	1.08e-02	1.23e-01	8.66e-01	3.34e-06	0.00e+00	1.67e-10	5.01e-10	8.36e-10	8.79e-06	1.77e-05	1.85e-29
 1.33992e+16	2.26e-09	3.14e-05	1.22e-02	1.31e-01	8.57e-01	3.29e-06	0.00e+00	2.04e-10	6.13e-10	1.02e-09	1.04e-05	2.09e-05	2.91e-29
 1.36819e+16	2.75e-09	3.69e-05	1.37e-02	1.39e-01	8.47e-01	3.26e-06	0.00e+00	2.49e-10	7.46e-10	1.24e-09	1.23e-05	2.46e-05	4.53e-29
 1.40045e+16	3.46e-09	4.42e-05	1.57e-02	1.48e-01	8.36e-01	3.21e-06	0.00e+00	3.13e-10	9.38e-10	1.56e-09	1.47e-05	2.95e-05	7.36e-29
 1.43433e+16	4.37e-09	5.40e-05	1.81e-02	1.59e-01	8.22e-01	3.18e-06	0.00e+00	3.95e-10	1.19e-09	1.98e-09	1.80e-05	3.60e-05	1.28e-28
 1.46259e+16	5.32e-09	6.35e-05	2.04e-02	1.69e-01	8.11e-01	3.16e-06	0.00e+00	4.81e-10	1.44e-09	2.41e-09	2.11e-05	4.24e-05	1.96e-28
 1.49161e+16	6.59e-09	7.51e-05	2.31e-02	1.79e-01	7.97e-01	3.14e-06	0.00e+00	5.97e-10	1.79e-09	2.99e-09	2.50e-05	5.01e-05	3.06e-28
 1.52345e+16	8.18e-09	8.89e-05	2.64e-02	1.91e-01	7.82e-01	3.11e-06	0.00e+00	7.42e-10	2.23e-09	3.71e-09	2.96e-05	5.93e-05	4.70e-28
 1.55204e+16	1.04e-08	1.09e-04	3.01e-02	2.04e-01	7.66e-01	3.13e-06	0.00e+00	9.40e-10	2.82e-09	4.70e-09	3.62e-05	7.26e-05	8.48e-28
 1.57668e+16	1.24e-08	1.26e-04	3.35e-02	2.15e-01	7.52e-01	3.12e-06	0.00e+00	1.12e-09	3.37e-09	5.62e-09	4.20e-05	8.42e-05	1.25e-27
 1.59891e+16	1.47e-08	1.45e-04	3.71e-02	2.25e-01	7.38e-01	3.12e-06	0.00e+00	1.34e-09	4.01e-09	6.69e-09	4.83e-05	9.68e-05	1.82e-27
 1.62366e+16	1.80e-08	1.69e-04	4.17e-02	2.38e-01	7.21e-01	3.12e-06	0.00e+00	1.64e-09	4.91e-09	8.18e-09	5.63e-05	1.13e-04	2.73e-27
 1.65023e+16	2.19e-08	1.97e-04	4.70e-02	2.51e-01	7.01e-01	3.11e-06	0.00e+00	1.99e-09	5.98e-09	9.96e-09	6.55e-05	1.31e-04	4.02e-27
 1.67471e+16	2.72e-08	2.37e-04	5.31e-02	2.65e-01	6.81e-01	3.14e-06	0.00e+00	2.48e-09	7.43e-09	1.24e-08	7.88e-05	1.58e-04	6.81e-27
 1.69759e+16	3.21e-08	2.79e-04	5.95e-02	2.79e-01	6.61e-01	3.15e-06	9.32e-12	2.93e-09	8.79e-09	1.47e-08	9.29e-05	1.86e-04	1.09e-26
 1.71933e+16	3.96e-08	3.16e-04	6.61e-02	2.93e-01	6.41e-01	3.17e-06	0.00e+00	3.62e-09	1.09e-08	1.81e-08	1.05e-04	2.11e-04	1.47e-26
 1.74404e+16	4.94e-08	3.77e-04	7.51e-02	3.10e-01	6.15e-01	3.18e-06	0.00e+00	4.51e-09	1.35e-08	2.26e-08	1.25e-04	2.51e-04	2.39e-26
 1.76980e+16	6.29e-08	4.55e-04	8.60e-02	3.28e-01	5.86e-01	3.22e-06	0.00e+00	5.76e-09	1.73e-08	2.88e-08	1.51e-04	3.03e-04	4.05e-26
