#depth	N	N+	N+2	N+3	N+4	N+5	N+6	N+7
 1.49634e+10	0.00e+00	0.00e+00	9.34e-31	2.39e-20	7.04e-11	6.55e-01	3.45e-01	7.98e-05
 4.54887e+10	0.00e+00	1.21e-41	1.21e-30	2.87e-20	7.82e-11	6.73e-01	3.27e-01	7.01e-05
 7.72350e+10	0.00e+00	0.00e+00	1.58e-30	3.45e-20	8.68e-11	6.90e-01	3.10e-01	6.14e-05
 1.10251e+11	0.00e+00	2.38e-41	2.04e-30	4.14e-20	9.62e-11	7.07e-01	2.93e-01	5.36e-05
 1.44588e+11	0.00e+00	0.00e+00	2.65e-30	4.95e-20	1.06e-10	7.23e-01	2.77e-01	4.68e-05
 1.80298e+11	0.00e+00	4.66e-41	3.43e-30	5.92e-20	1.18e-10	7.39e-01	2.61e-01	4.08e-05
 2.13619e+11	0.00e+00	0.00e+00	4.31e-30	6.95e-20	1.29e-10	7.52e-01	2.48e-01	3.60e-05
 2.42982e+11	0.00e+00	8.14e-41	5.25e-30	7.96e-20	1.39e-10	7.64e-01	2.36e-01	3.24e-05
 2.75748e+11	0.00e+00	0.00e+00	6.48e-30	9.21e-20	1.50e-10	7.76e-01	2.24e-01	2.88e-05
 3.15118e+11	0.00e+00	1.48e-40	8.27e-30	1.09e-19	1.65e-10	7.89e-01	2.11e-01	2.51e-05
 3.54411e+11	0.00e+00	0.00e+00	1.05e-29	1.28e-19	1.80e-10	8.01e-01	1.99e-01	2.20e-05
 3.90320e+11	0.00e+00	2.63e-40	1.28e-29	1.47e-19	1.95e-10	8.11e-01	1.89e-01	1.96e-05
 4.30491e+11	0.00e+00	0.00e+00	1.60e-29	1.72e-19	2.11e-10	8.22e-01	1.78e-01	1.72e-05
 4.77223e+11	0.00e+00	4.88e-40	2.06e-29	2.04e-19	2.32e-10	8.33e-01	1.67e-01	1.49e-05
 5.23072e+11	0.00e+00	0.00e+00	2.60e-29	2.39e-19	2.53e-10	8.44e-01	1.56e-01	1.30e-05
 5.66380e+11	0.00e+00	8.78e-40	3.21e-29	2.76e-19	2.73e-10	8.53e-01	1.47e-01	1.15e-05
 6.14586e+11	0.00e+00	0.00e+00	4.04e-29	3.23e-19	2.97e-10	8.62e-01	1.38e-01	9.99e-06
 6.69097e+11	0.00e+00	1.64e-39	5.17e-29	3.82e-19	3.25e-10	8.71e-01	1.29e-01	8.61e-06
 7.23633e+11	0.00e+00	0.00e+00	6.56e-29	4.49e-19	3.54e-10	8.80e-01	1.20e-01	7.45e-06
 7.80351e+11	0.00e+00	3.08e-39	8.32e-29	5.28e-19	3.85e-10	8.88e-01	1.12e-01	6.44e-06
 8.41492e+11	0.00e+00	0.00e+00	1.06e-28	6.24e-19	4.21e-10	8.96e-01	1.04e-01	5.53e-06
 9.05078e+11	0.00e+00	5.90e-39	1.36e-28	7.37e-19	4.59e-10	9.03e-01	9.70e-02	4.75e-06
 9.71208e+11	0.00e+00	0.00e+00	1.74e-28	8.71e-19	5.01e-10	9.10e-01	9.00e-02	4.07e-06
 1.03998e+12	0.00e+00	1.13e-38	2.22e-28	1.03e-18	5.46e-10	9.16e-01	8.35e-02	3.49e-06
 1.11151e+12	0.00e+00	0.00e+00	2.84e-28	1.21e-18	5.95e-10	9.23e-01	7.75e-02	2.99e-06
 1.18590e+12	0.00e+00	2.15e-38	3.62e-28	1.43e-18	6.49e-10	9.28e-01	7.18e-02	2.56e-06
 1.26326e+12	0.00e+00	0.00e+00	4.62e-28	1.69e-18	7.06e-10	9.34e-01	6.65e-02	2.19e-06
 1.34372e+12	0.00e+00	4.11e-38	5.90e-28	1.99e-18	7.69e-10	9.38e-01	6.15e-02	1.87e-06
 1.42739e+12	0.00e+00	0.00e+00	7.53e-28	2.34e-18	8.37e-10	9.43e-01	5.69e-02	1.60e-06
 1.51441e+12	0.00e+00	7.84e-38	9.60e-28	2.76e-18	9.11e-10	9.48e-01	5.24e-02	1.35e-06
 1.60492e+12	0.00e+00	0.00e+00	1.23e-27	3.25e-18	9.91e-10	9.52e-01	4.85e-02	1.16e-06
 1.69265e+12	0.00e+00	1.46e-37	1.54e-27	3.79e-18	1.07e-09	9.55e-01	4.50e-02	9.96e-07
 1.77318e+12	0.00e+00	0.00e+00	1.88e-27	4.34e-18	1.15e-09	9.58e-01	4.22e-02	0.00e+00
 1.86272e+12	0.00e+00	2.55e-37	2.34e-27	5.02e-18	1.24e-09	9.61e-01	3.93e-02	0.00e+00
 1.96656e+12	0.00e+00	0.00e+00	2.98e-27	5.90e-18	1.34e-09	9.64e-01	3.63e-02	0.00e+00
 2.06921e+12	0.00e+00	4.78e-37	3.75e-27	6.89e-18	1.45e-09	9.66e-01	3.36e-02	0.00e+00
 2.17596e+12	0.00e+00	0.00e+00	4.73e-27	8.05e-18	1.57e-09	9.69e-01	3.11e-02	0.00e+00
 2.29293e+12	0.00e+00	8.98e-37	6.03e-27	9.48e-18	1.71e-09	9.71e-01	2.87e-02	0.00e+00
 2.41126e+12	0.00e+00	0.00e+00	7.65e-27	1.11e-17	1.86e-09	9.73e-01	2.65e-02	0.00e+00
 2.53434e+12	0.00e+00	1.69e-36	9.71e-27	1.30e-17	2.01e-09	9.76e-01	2.45e-02	0.00e+00
 2.66564e+12	5.07e-47	2.34e-36	1.24e-26	1.54e-17	2.19e-09	9.77e-01	2.26e-02	0.00e+00
 2.80219e+12	0.00e+00	0.00e+00	1.59e-26	1.81e-17	2.38e-09	9.79e-01	2.08e-02	0.00e+00
 2.94420e+12	0.00e+00	4.49e-36	2.03e-26	2.14e-17	2.58e-09	9.81e-01	1.91e-02	0.00e+00
 3.09190e+12	1.72e-46	6.23e-36	2.59e-26	2.52e-17	2.81e-09	9.82e-01	1.76e-02	0.00e+00
 3.24550e+12	0.00e+00	0.00e+00	3.32e-26	2.97e-17	3.05e-09	9.84e-01	1.62e-02	0.00e+00
 3.40525e+12	0.00e+00	1.20e-35	4.25e-26	3.51e-17	3.32e-09	9.85e-01	1.49e-02	0.00e+00
 3.57138e+12	5.88e-46	1.67e-35	5.44e-26	4.14e-17	3.61e-09	9.86e-01	1.37e-02	0.00e+00
 3.72760e+12	0.00e+00	0.00e+00	6.81e-26	4.81e-17	3.90e-09	9.87e-01	1.27e-02	0.00e+00
 3.86732e+12	0.00e+00	2.91e-35	8.28e-26	5.48e-17	4.16e-09	9.88e-01	1.19e-02	0.00e+00
 4.02417e+12	1.67e-45	3.85e-35	1.02e-25	6.32e-17	4.47e-09	9.89e-01	1.11e-02	0.00e+00
 4.21004e+12	0.00e+00	0.00e+00	1.31e-25	7.44e-17	4.86e-09	9.90e-01	1.02e-02	0.00e+00
 4.39684e+12	0.00e+00	7.28e-35	1.65e-25	8.72e-17	5.26e-09	9.91e-01	9.43e-03	0.00e+00
 4.57217e+12	5.27e-45	9.66e-35	2.05e-25	1.01e-16	5.66e-09	9.91e-01	8.77e-03	0.00e+00
 4.76604e+12	0.00e+00	0.00e+00	2.58e-25	1.17e-16	6.12e-09	9.92e-01	8.11e-03	0.00e+00
 4.98661e+12	0.00e+00	1.83e-34	3.32e-25	1.39e-16	6.67e-09	9.93e-01	7.45e-03	0.00e+00
 5.20675e+12	1.75e-44	2.53e-34	4.24e-25	1.64e-16	7.24e-09	9.93e-01	6.86e-03	0.00e+00
 5.43570e+12	0.00e+00	3.49e-34	5.41e-25	1.93e-16	7.87e-09	9.94e-01	6.31e-03	0.00e+00
 5.68306e+12	3.99e-44	4.89e-34	6.98e-25	2.29e-16	8.58e-09	9.94e-01	5.79e-03	0.00e+00
 5.94030e+12	0.00e+00	6.86e-34	9.01e-25	2.72e-16	9.36e-09	9.95e-01	5.30e-03	0.00e+00
 6.18295e+12	8.91e-44	9.33e-34	1.14e-24	3.18e-16	1.01e-08	9.95e-01	4.90e-03	0.00e+00
 6.40145e+12	0.00e+00	1.22e-33	1.39e-24	3.65e-16	1.09e-08	9.95e-01	4.57e-03	0.00e+00
 6.64755e+12	1.80e-43	1.64e-33	1.74e-24	4.24e-16	1.17e-08	9.96e-01	4.24e-03	0.00e+00
 6.93735e+12	0.00e+00	2.29e-33	2.25e-24	5.03e-16	1.28e-08	9.96e-01	3.88e-03	0.00e+00
 7.22690e+12	4.07e-43	3.16e-33	2.87e-24	5.94e-16	1.39e-08	9.96e-01	3.57e-03	0.00e+00
 7.49967e+12	0.00e+00	4.24e-33	3.59e-24	6.90e-16	1.50e-08	9.97e-01	3.31e-03	0.00e+00
 7.80122e+12	8.69e-43	5.81e-33	4.56e-24	8.11e-16	1.63e-08	9.97e-01	3.05e-03	0.00e+00
 8.14320e+12	0.00e+00	8.20e-33	5.92e-24	9.69e-16	1.78e-08	9.97e-01	2.78e-03	0.00e+00
 8.48144e+12	2.01e-42	1.14e-32	7.60e-24	1.15e-15	1.95e-08	9.97e-01	2.55e-03	0.00e+00
 8.83322e+12	0.00e+00	1.58e-32	9.78e-24	1.36e-15	2.12e-08	9.98e-01	2.34e-03	0.00e+00
 9.21648e+12	4.64e-42	2.24e-32	1.27e-23	1.63e-15	2.33e-08	9.98e-01	2.14e-03	0.00e+00
 9.60346e+12	0.00e+00	3.14e-32	1.65e-23	1.94e-15	2.55e-08	9.98e-01	1.95e-03	0.00e+00
 1.00059e+13	1.07e-41	4.40e-32	2.13e-23	2.32e-15	2.79e-08	9.98e-01	1.78e-03	0.00e+00
 1.04210e+13	0.00e+00	6.15e-32	2.76e-23	2.76e-15	3.05e-08	9.98e-01	1.63e-03	0.00e+00
 1.08288e+13	2.40e-41	8.45e-32	3.52e-23	3.26e-15	3.33e-08	9.99e-01	1.50e-03	0.00e+00
 1.12680e+13	0.00e+00	1.17e-31	4.54e-23	3.89e-15	3.64e-08	9.99e-01	1.37e-03	0.00e+00
 1.17486e+13	5.55e-41	1.66e-31	5.93e-23	4.67e-15	4.00e-08	9.99e-01	1.24e-03	0.00e+00
 1.22485e+13	0.00e+00	2.35e-31	7.75e-23	5.62e-15	4.41e-08	9.99e-01	1.13e-03	0.00e+00
 1.27683e+13	1.30e-40	3.33e-31	1.01e-22	6.77e-15	4.86e-08	9.99e-01	1.03e-03	0.00e+00
 1.33090e+13	0.00e+00	4.70e-31	1.32e-22	8.15e-15	5.35e-08	9.99e-01	9.32e-04	0.00e+00
 1.37980e+13	2.89e-40	6.35e-31	1.67e-22	9.59e-15	5.83e-08	9.99e-01	8.56e-04	0.00e+00
 1.42053e+13	0.00e+00	8.08e-31	2.02e-22	1.09e-14	6.24e-08	9.99e-01	8.00e-04	0.00e+00
 1.46515e+13	5.32e-40	1.04e-30	2.47e-22	1.26e-14	6.72e-08	9.99e-01	7.43e-04	0.00e+00
 1.52168e+13	0.00e+00	1.43e-30	3.15e-22	1.49e-14	7.36e-08	9.99e-01	6.79e-04	0.00e+00
 1.58066e+13	1.15e-39	1.96e-30	4.03e-22	1.78e-14	8.06e-08	9.99e-01	6.20e-04	0.00e+00
 1.63072e+13	0.00e+00	2.53e-30	4.93e-22	2.05e-14	8.70e-08	9.99e-01	5.75e-04	0.00e+00
 1.68221e+13	2.13e-39	3.26e-30	6.02e-22	2.36e-14	9.38e-08	9.99e-01	5.34e-04	0.00e+00
 1.74703e+13	0.00e+00	4.43e-30	7.67e-22	2.81e-14	1.03e-07	1.00e+00	4.87e-04	0.00e+00
 1.81289e+13	4.46e-39	5.98e-30	9.72e-22	3.33e-14	1.13e-07	1.00e+00	4.45e-04	0.00e+00
 1.86940e+13	0.00e+00	7.66e-30	1.18e-21	3.82e-14	1.21e-07	1.00e+00	4.13e-04	0.00e+00
 1.93003e+13	8.20e-39	9.89e-30	1.45e-21	4.42e-14	1.31e-07	1.00e+00	3.83e-04	0.00e+00
 2.00509e+13	0.00e+00	1.34e-29	1.84e-21	5.26e-14	1.44e-07	1.00e+00	3.49e-04	0.00e+00
 2.08204e+13	1.69e-38	1.80e-29	2.34e-21	6.24e-14	1.58e-07	1.00e+00	3.18e-04	0.00e+00
 2.15133e+13	0.00e+00	2.33e-29	2.87e-21	7.24e-14	1.71e-07	1.00e+00	2.94e-04	0.00e+00
 2.22750e+13	3.20e-38	3.06e-29	3.56e-21	8.47e-14	1.86e-07	1.00e+00	2.70e-04	0.00e+00
 2.31746e+13	0.00e+00	4.16e-29	4.55e-21	1.01e-13	2.05e-07	1.00e+00	2.46e-04	0.00e+00
 2.40754e+13	6.57e-38	5.57e-29	5.75e-21	1.20e-13	2.25e-07	1.00e+00	2.24e-04	0.00e+00
 2.49296e+13	0.00e+00	7.27e-29	7.12e-21	1.40e-13	2.45e-07	1.00e+00	2.06e-04	0.00e+00
 2.58740e+13	1.27e-37	9.64e-29	8.92e-21	1.65e-13	2.68e-07	1.00e+00	1.88e-04	0.00e+00
 2.69389e+13	0.00e+00	1.31e-28	1.14e-20	1.98e-13	2.96e-07	1.00e+00	1.71e-04	0.00e+00
 2.80019e+13	2.58e-37	1.75e-28	1.44e-20	2.34e-13	3.24e-07	1.00e+00	1.56e-04	0.00e+00
 2.89414e+13	0.00e+00	2.23e-28	1.75e-20	2.71e-13	3.51e-07	1.00e+00	1.44e-04	0.00e+00
 2.97296e+13	4.40e-37	2.72e-28	2.06e-20	3.05e-13	3.75e-07	1.00e+00	1.35e-04	0.00e+00
 3.05777e+13	0.00e+00	3.35e-28	2.43e-20	3.44e-13	4.01e-07	1.00e+00	1.26e-04	0.00e+00
 3.16804e+13	7.72e-37	4.35e-28	3.00e-20	4.01e-13	4.36e-07	1.00e+00	1.16e-04	0.00e+00
 3.28336e+13	0.00e+00	5.66e-28	3.70e-20	4.69e-13	4.75e-07	1.00e+00	1.07e-04	0.00e+00
 3.38166e+13	1.37e-36	7.02e-28	4.41e-20	5.32e-13	5.09e-07	1.00e+00	9.97e-05	0.00e+00
 3.48587e+13	0.00e+00	8.75e-28	5.27e-20	6.06e-13	5.47e-07	1.00e+00	9.28e-05	0.00e+00
 3.61716e+13	2.46e-36	1.14e-27	6.54e-20	7.10e-13	5.97e-07	1.00e+00	8.51e-05	0.00e+00
 3.75242e+13	0.00e+00	1.49e-27	8.10e-20	8.31e-13	6.51e-07	1.00e+00	7.81e-05	0.00e+00
 3.87127e+13	4.42e-36	1.87e-27	9.71e-20	9.49e-13	7.01e-07	1.00e+00	7.26e-05	0.00e+00
 4.00006e+13	0.00e+00	2.37e-27	1.17e-19	1.09e-12	7.56e-07	1.00e+00	6.73e-05	0.00e+00
 4.14257e+13	7.91e-36	3.04e-27	1.44e-19	1.26e-12	8.21e-07	1.00e+00	6.20e-05	0.00e+00
 4.27435e+13	0.00e+00	3.80e-27	1.72e-19	1.44e-12	8.84e-07	1.00e+00	5.77e-05	0.00e+00
 4.41712e+13	1.37e-35	4.82e-27	2.08e-19	1.66e-12	9.54e-07	1.00e+00	5.35e-05	0.00e+00
 4.57609e+13	0.00e+00	6.20e-27	2.55e-19	1.92e-12	1.04e-06	1.00e+00	4.93e-05	0.00e+00
 4.72462e+13	2.44e-35	7.78e-27	3.07e-19	2.20e-12	1.11e-06	1.00e+00	4.58e-05	0.00e+00
 4.88622e+13	0.00e+00	9.90e-27	3.72e-19	2.53e-12	1.20e-06	1.00e+00	4.24e-05	0.00e+00
 5.06600e+13	4.43e-35	1.28e-26	4.58e-19	2.94e-12	1.31e-06	1.00e+00	3.91e-05	0.00e+00
 5.23408e+13	0.00e+00	1.62e-26	5.53e-19	3.37e-12	1.41e-06	1.00e+00	3.63e-05	0.00e+00
 5.41723e+13	7.87e-35	2.07e-26	6.74e-19	3.88e-12	1.53e-06	1.00e+00	3.35e-05	0.00e+00
 5.62179e+13	0.00e+00	2.69e-26	8.33e-19	4.53e-12	1.66e-06	1.00e+00	3.08e-05	0.00e+00
 5.81436e+13	1.44e-34	3.43e-26	1.01e-18	5.20e-12	1.79e-06	1.00e+00	2.86e-05	0.00e+00
 6.02491e+13	1.96e-34	4.42e-26	1.24e-18	6.02e-12	1.94e-06	1.00e+00	2.64e-05	0.00e+00
 6.26081e+13	2.72e-34	5.82e-26	1.54e-18	7.05e-12	2.12e-06	1.00e+00	2.42e-05	0.00e+00
 6.48447e+13	3.69e-34	7.49e-26	1.89e-18	8.14e-12	2.29e-06	1.00e+00	2.24e-05	0.00e+00
 6.72456e+13	5.06e-34	9.74e-26	2.33e-18	9.44e-12	2.49e-06	1.00e+00	2.07e-05	0.00e+00
 6.99654e+13	7.13e-34	1.29e-25	2.92e-18	1.11e-11	2.72e-06	1.00e+00	1.89e-05	0.00e+00
 7.26520e+13	9.91e-34	1.70e-25	3.63e-18	1.29e-11	2.95e-06	1.00e+00	1.74e-05	0.00e+00
 7.54462e+13	1.38e-33	2.24e-25	4.51e-18	1.51e-11	3.21e-06	1.00e+00	1.60e-05	0.00e+00
 7.84940e+13	1.95e-33	2.98e-25	5.67e-18	1.77e-11	3.50e-06	1.00e+00	1.47e-05	0.00e+00
 8.16636e+13	2.79e-33	4.00e-25	7.13e-18	2.08e-11	3.81e-06	1.00e+00	1.35e-05	0.00e+00
 8.46583e+13	3.83e-33	5.20e-25	8.78e-18	2.41e-11	4.13e-06	1.00e+00	1.25e-05	0.00e+00
 8.73407e+13	5.07e-33	6.54e-25	1.05e-17	2.73e-11	4.42e-06	1.00e+00	1.17e-05	0.00e+00
 8.98538e+13	6.51e-33	8.05e-25	1.24e-17	3.06e-11	4.70e-06	1.00e+00	1.10e-05	0.00e+00
 9.26355e+13	8.58e-33	1.01e-24	1.48e-17	3.46e-11	5.02e-06	1.00e+00	1.03e-05	0.00e+00
 9.57566e+13	1.16e-32	1.29e-24	1.80e-17	3.95e-11	5.38e-06	1.00e+00	9.57e-06	0.00e+00
 9.87251e+13	1.53e-32	1.62e-24	2.14e-17	4.47e-11	5.75e-06	1.00e+00	8.97e-06	0.00e+00
 1.01991e+14	2.06e-32	2.07e-24	2.59e-17	5.10e-11	6.16e-06	1.00e+00	8.37e-06	0.00e+00
 1.05634e+14	2.84e-32	2.69e-24	3.18e-17	5.87e-11	6.64e-06	1.00e+00	7.77e-06	0.00e+00
 1.09006e+14	3.79e-32	3.41e-24	3.83e-17	6.66e-11	7.10e-06	1.00e+00	7.27e-06	0.00e+00
 1.12146e+14	4.93e-32	4.22e-24	4.52e-17	7.46e-11	7.53e-06	1.00e+00	6.85e-06	0.00e+00
 1.15747e+14	6.62e-32	5.37e-24	5.44e-17	8.47e-11	8.05e-06	1.00e+00	6.41e-06	0.00e+00
 1.20152e+14	9.42e-32	7.15e-24	6.77e-17	9.84e-11	8.70e-06	1.00e+00	5.93e-06	0.00e+00
 1.24536e+14	1.31e-31	9.36e-24	8.36e-17	1.14e-10	9.38e-06	1.00e+00	5.50e-06	0.00e+00
 1.28336e+14	1.74e-31	1.18e-23	9.98e-17	1.28e-10	9.98e-06	1.00e+00	5.17e-06	0.00e+00
 1.32445e+14	2.35e-31	1.50e-23	1.20e-16	1.45e-10	1.07e-05	1.00e+00	4.85e-06	0.00e+00
 1.37478e+14	3.37e-31	2.01e-23	1.50e-16	1.69e-10	1.15e-05	1.00e+00	4.49e-06	0.00e+00
 1.42615e+14	4.75e-31	2.66e-23	1.86e-16	1.95e-10	1.24e-05	1.00e+00	4.16e-06	0.00e+00
 1.47246e+14	6.48e-31	3.41e-23	2.25e-16	2.22e-10	1.32e-05	1.00e+00	3.90e-06	0.00e+00
 1.52317e+14	9.00e-31	4.45e-23	2.75e-16	2.54e-10	1.42e-05	1.00e+00	3.64e-06	0.00e+00
 1.58302e+14	1.31e-30	6.03e-23	3.46e-16	2.96e-10	1.53e-05	1.00e+00	3.37e-06	0.00e+00
 1.64274e+14	1.87e-30	8.02e-23	4.30e-16	3.43e-10	1.65e-05	1.00e+00	3.13e-06	0.00e+00
 1.69869e+14	2.60e-30	1.05e-22	5.25e-16	3.92e-10	1.77e-05	1.00e+00	2.92e-06	0.00e+00
 1.76079e+14	3.73e-30	1.39e-22	6.51e-16	4.52e-10	1.90e-05	1.00e+00	2.72e-06	0.00e+00
 1.83152e+14	5.43e-30	1.89e-22	8.22e-16	5.30e-10	2.05e-05	1.00e+00	2.51e-06	0.00e+00
 1.90185e+14	7.92e-30	2.55e-22	1.03e-15	6.15e-10	2.21e-05	1.00e+00	2.33e-06	0.00e+00
 1.97500e+14	1.16e-29	3.45e-22	1.29e-15	7.15e-10	2.38e-05	1.00e+00	2.16e-06	0.00e+00
 2.05430e+14	1.71e-29	4.71e-22	1.63e-15	8.36e-10	2.58e-05	1.00e+00	2.00e-06	0.00e+00
 2.13677e+14	2.50e-29	6.42e-22	2.06e-15	9.78e-10	2.79e-05	1.00e+00	1.85e-06	0.00e+00
 2.22254e+14	3.71e-29	8.79e-22	2.61e-15	1.14e-09	3.01e-05	1.00e+00	1.71e-06	0.00e+00
 2.30583e+14	5.38e-29	1.18e-21	3.25e-15	1.32e-09	3.24e-05	1.00e+00	1.59e-06	0.00e+00
 2.38432e+14	7.49e-29	1.54e-21	3.98e-15	1.51e-09	3.46e-05	1.00e+00	1.49e-06	0.00e+00
 2.45818e+14	1.01e-28	1.95e-21	4.77e-15	1.71e-09	3.68e-05	1.00e+00	1.40e-06	0.00e+00
 2.53854e+14	1.39e-28	2.53e-21	5.78e-15	1.94e-09	3.92e-05	1.00e+00	1.31e-06	0.00e+00
 2.62858e+14	1.97e-28	3.34e-21	7.12e-15	2.23e-09	4.20e-05	1.00e+00	1.23e-06	0.00e+00
 2.71385e+14	2.70e-28	4.30e-21	8.62e-15	2.53e-09	4.48e-05	1.00e+00	1.15e-06	0.00e+00
 2.80735e+14	3.74e-28	5.60e-21	1.05e-14	2.90e-09	4.79e-05	1.00e+00	1.08e-06	0.00e+00
 2.91179e+14	5.38e-28	7.49e-21	1.31e-14	3.35e-09	5.15e-05	1.00e+00	1.00e-06	0.00e+00
 3.01120e+14	7.53e-28	9.79e-21	1.60e-14	3.83e-09	5.51e-05	1.00e+00	0.00e+00	0.00e+00
 3.12034e+14	1.07e-27	1.30e-20	1.99e-14	4.42e-09	5.91e-05	1.00e+00	0.00e+00	0.00e+00
 3.24279e+14	1.55e-27	1.75e-20	2.50e-14	5.15e-09	6.39e-05	1.00e+00	0.00e+00	0.00e+00
 3.36107e+14	2.22e-27	2.33e-20	3.10e-14	5.94e-09	6.85e-05	1.00e+00	0.00e+00	0.00e+00
 3.48674e+14	3.13e-27	3.09e-20	3.85e-14	6.88e-09	7.39e-05	1.00e+00	0.00e+00	0.00e+00
 3.61527e+14	4.51e-27	4.13e-20	4.79e-14	7.95e-09	7.93e-05	1.00e+00	0.00e+00	0.00e+00
 3.72903e+14	6.05e-27	5.24e-20	5.76e-14	9.00e-09	8.45e-05	1.00e+00	0.00e+00	0.00e+00
 3.85262e+14	8.39e-27	6.81e-20	7.01e-14	1.02e-08	9.01e-05	1.00e+00	0.00e+00	0.00e+00
 4.00108e+14	1.20e-26	9.09e-20	8.78e-14	1.19e-08	9.73e-05	1.00e+00	0.00e+00	0.00e+00
 4.14783e+14	1.72e-26	1.22e-19	1.09e-13	1.38e-08	1.04e-04	1.00e+00	0.00e+00	0.00e+00
 4.27899e+14	2.29e-26	1.54e-19	1.31e-13	1.56e-08	1.11e-04	1.00e+00	0.00e+00	0.00e+00
 4.42390e+14	3.20e-26	2.01e-19	1.60e-13	1.78e-08	1.19e-04	1.00e+00	0.00e+00	0.00e+00
 4.59607e+14	4.58e-26	2.69e-19	2.01e-13	2.07e-08	1.28e-04	1.00e+00	0.00e+00	0.00e+00
 4.76588e+14	6.48e-26	3.57e-19	2.50e-13	2.40e-08	1.38e-04	1.00e+00	0.00e+00	0.00e+00
 4.92053e+14	8.76e-26	4.56e-19	3.03e-13	2.72e-08	1.47e-04	1.00e+00	0.00e+00	0.00e+00
 5.09326e+14	1.22e-25	5.97e-19	3.72e-13	3.13e-08	1.58e-04	1.00e+00	0.00e+00	0.00e+00
 5.29486e+14	1.79e-25	8.10e-19	4.69e-13	3.65e-08	1.71e-04	1.00e+00	0.00e+00	0.00e+00
 5.49346e+14	2.50e-25	1.07e-18	5.84e-13	4.23e-08	1.84e-04	1.00e+00	0.00e+00	0.00e+00
 5.67996e+14	3.48e-25	1.39e-18	7.14e-13	4.83e-08	1.97e-04	1.00e+00	0.00e+00	0.00e+00
 5.88742e+14	4.81e-25	1.82e-18	8.84e-13	5.58e-08	2.12e-04	1.00e+00	0.00e+00	0.00e+00
 6.12322e+14	6.95e-25	2.45e-18	1.12e-12	6.53e-08	2.29e-04	1.00e+00	0.00e+00	0.00e+00
 6.35817e+14	9.88e-25	3.27e-18	1.40e-12	7.59e-08	2.48e-04	1.00e+00	0.00e+00	0.00e+00
 6.57729e+14	1.38e-24	4.28e-18	1.71e-12	8.69e-08	2.65e-04	1.00e+00	0.00e+00	0.00e+00
 6.81546e+14	1.89e-24	5.55e-18	2.11e-12	1.00e-07	2.85e-04	1.00e+00	0.00e+00	0.00e+00
 7.08184e+14	2.75e-24	7.51e-18	2.65e-12	1.17e-07	3.08e-04	1.00e+00	0.00e+00	0.00e+00
 7.33030e+14	3.72e-24	9.65e-18	3.26e-12	1.34e-07	3.30e-04	1.00e+00	0.00e+00	0.00e+00
 7.55964e+14	5.01e-24	1.23e-17	3.92e-12	1.52e-07	3.52e-04	1.00e+00	0.00e+00	0.00e+00
 7.77958e+14	6.42e-24	1.51e-17	4.64e-12	1.70e-07	3.73e-04	1.00e+00	0.00e+00	0.00e+00
 8.02446e+14	8.56e-24	1.91e-17	5.58e-12	1.92e-07	3.97e-04	1.00e+00	0.00e+00	0.00e+00
 8.29554e+14	1.18e-23	2.47e-17	6.80e-12	2.20e-07	4.25e-04	1.00e+00	0.00e+00	0.00e+00
 8.54822e+14	1.52e-23	3.07e-17	8.12e-12	2.48e-07	4.51e-04	1.00e+00	0.00e+00	0.00e+00
 8.82422e+14	2.07e-23	3.94e-17	9.82e-12	2.81e-07	4.81e-04	1.00e+00	0.00e+00	0.00e+00
 9.13415e+14	2.77e-23	5.03e-17	1.20e-11	3.23e-07	5.17e-04	9.99e-01	0.00e+00	0.00e+00
 9.42788e+14	3.72e-23	6.41e-17	1.45e-11	3.66e-07	5.51e-04	9.99e-01	0.00e+00	0.00e+00
 9.74945e+14	5.12e-23	8.29e-17	1.77e-11	4.18e-07	5.89e-04	9.99e-01	0.00e+00	0.00e+00
 1.01064e+15	6.95e-23	1.07e-16	2.20e-11	4.83e-07	6.34e-04	9.99e-01	0.00e+00	0.00e+00
 1.04371e+15	9.48e-23	1.38e-16	2.66e-11	5.49e-07	6.76e-04	9.99e-01	0.00e+00	0.00e+00
 1.07946e+15	1.26e-22	1.76e-16	3.25e-11	6.28e-07	7.25e-04	9.99e-01	0.00e+00	0.00e+00
 1.11927e+15	1.78e-22	2.32e-16	4.03e-11	7.26e-07	7.80e-04	9.99e-01	0.00e+00	0.00e+00
 1.15667e+15	2.35e-22	2.93e-16	4.89e-11	8.28e-07	8.34e-04	9.99e-01	0.00e+00	0.00e+00
 1.19760e+15	3.25e-22	3.82e-16	6.02e-11	9.51e-07	8.95e-04	9.99e-01	0.00e+00	0.00e+00
 1.24310e+15	4.46e-22	4.99e-16	7.50e-11	1.10e-06	9.66e-04	9.99e-01	0.00e+00	0.00e+00
 1.28542e+15	6.02e-22	6.40e-16	9.15e-11	1.26e-06	1.03e-03	9.99e-01	0.00e+00	0.00e+00
 1.33129e+15	8.14e-22	8.24e-16	1.13e-10	1.45e-06	1.11e-03	9.99e-01	0.00e+00	0.00e+00
 1.38272e+15	1.16e-21	1.10e-15	1.41e-10	1.69e-06	1.20e-03	9.99e-01	0.00e+00	0.00e+00
 1.43158e+15	1.53e-21	1.40e-15	1.73e-10	1.94e-06	1.29e-03	9.99e-01	0.00e+00	0.00e+00
 1.48406e+15	2.14e-21	1.84e-15	2.14e-10	2.24e-06	1.39e-03	9.99e-01	0.00e+00	0.00e+00
 1.54228e+15	2.92e-21	2.40e-15	2.69e-10	2.61e-06	1.51e-03	9.98e-01	0.00e+00	0.00e+00
 1.59852e+15	4.04e-21	3.14e-15	3.32e-10	3.01e-06	1.62e-03	9.98e-01	0.00e+00	0.00e+00
 1.65817e+15	5.46e-21	4.05e-15	4.12e-10	3.49e-06	1.75e-03	9.98e-01	0.00e+00	0.00e+00
 1.72453e+15	7.68e-21	5.40e-15	5.20e-10	4.08e-06	1.90e-03	9.98e-01	0.00e+00	0.00e+00
 1.79100e+15	1.04e-20	6.99e-15	6.49e-10	4.75e-06	2.06e-03	9.98e-01	0.00e+00	0.00e+00
 1.84605e+15	1.35e-20	8.71e-15	7.76e-10	5.37e-06	2.20e-03	9.98e-01	0.00e+00	0.00e+00
 1.88864e+15	1.62e-20	1.02e-14	8.87e-10	5.88e-06	2.30e-03	9.98e-01	0.00e+00	0.00e+00
 1.93506e+15	1.99e-20	1.21e-14	1.02e-09	6.48e-06	2.43e-03	9.98e-01	0.00e+00	0.00e+00
 1.99541e+15	2.55e-20	1.50e-14	1.23e-09	7.33e-06	2.59e-03	9.97e-01	0.00e+00	0.00e+00
 2.06076e+15	3.32e-20	1.88e-14	1.48e-09	8.34e-06	2.78e-03	9.97e-01	0.00e+00	0.00e+00
 2.11961e+15	4.20e-20	2.30e-14	1.75e-09	9.34e-06	2.95e-03	9.97e-01	0.00e+00	0.00e+00
 2.18314e+15	5.28e-20	2.81e-14	2.08e-09	1.05e-05	3.15e-03	9.97e-01	0.00e+00	0.00e+00
 2.26344e+15	7.08e-20	3.61e-14	2.57e-09	1.21e-05	3.40e-03	9.97e-01	0.00e+00	0.00e+00
 2.34447e+15	9.47e-20	4.63e-14	3.16e-09	1.40e-05	3.68e-03	9.96e-01	0.00e+00	0.00e+00
 2.41278e+15	1.19e-19	5.63e-14	3.73e-09	1.57e-05	3.91e-03	9.96e-01	0.00e+00	0.00e+00
 2.48563e+15	1.51e-19	6.92e-14	4.45e-09	1.77e-05	4.17e-03	9.96e-01	0.00e+00	0.00e+00
 2.57736e+15	2.01e-19	8.88e-14	5.50e-09	2.04e-05	4.52e-03	9.95e-01	0.00e+00	0.00e+00
 2.67224e+15	2.68e-19	1.14e-13	6.80e-09	2.36e-05	4.90e-03	9.95e-01	0.00e+00	0.00e+00
 2.75564e+15	3.43e-19	1.41e-13	8.14e-09	2.67e-05	5.24e-03	9.95e-01	0.00e+00	0.00e+00
 2.84551e+15	4.39e-19	1.75e-13	9.83e-09	3.04e-05	5.63e-03	9.94e-01	0.00e+00	0.00e+00
 2.95426e+15	5.92e-19	2.27e-13	1.23e-08	3.53e-05	6.12e-03	9.94e-01	0.00e+00	0.00e+00
 3.06200e+15	7.85e-19	2.91e-13	1.51e-08	4.08e-05	6.63e-03	9.93e-01	0.00e+00	0.00e+00
 3.15723e+15	1.01e-18	3.60e-13	1.81e-08	4.61e-05	7.09e-03	9.93e-01	0.00e+00	0.00e+00
 3.26171e+15	1.29e-18	4.49e-13	2.20e-08	5.25e-05	7.64e-03	9.92e-01	0.00e+00	0.00e+00
 3.38720e+15	1.76e-18	5.85e-13	2.74e-08	6.11e-05	8.30e-03	9.92e-01	0.00e+00	0.00e+00
 3.51252e+15	2.36e-18	7.54e-13	3.40e-08	7.06e-05	9.00e-03	9.91e-01	0.00e+00	0.00e+00
 3.62662e+15	3.00e-18	9.35e-13	4.11e-08	8.02e-05	9.66e-03	9.90e-01	0.00e+00	0.00e+00
 3.75360e+15	4.00e-18	1.20e-12	5.04e-08	9.20e-05	1.04e-02	9.89e-01	0.00e+00	0.00e+00
 3.90190e+15	5.48e-18	1.57e-12	6.35e-08	1.07e-04	1.14e-02	9.89e-01	0.00e+00	0.00e+00
 4.04778e+15	7.43e-18	2.04e-12	7.90e-08	1.24e-04	1.23e-02	9.88e-01	0.00e+00	0.00e+00
 4.18555e+15	9.75e-18	2.58e-12	9.64e-08	1.42e-04	1.33e-02	9.87e-01	0.00e+00	0.00e+00
 4.33907e+15	1.31e-17	3.33e-12	1.20e-07	1.64e-04	1.44e-02	9.85e-01	0.00e+00	0.00e+00
 4.48447e+15	1.70e-17	4.18e-12	1.46e-07	1.87e-04	1.55e-02	9.84e-01	0.00e+00	0.00e+00
 4.59281e+15	2.11e-17	5.01e-12	1.68e-07	2.06e-04	1.63e-02	9.83e-01	0.00e+00	0.00e+00
 4.70330e+15	2.58e-17	5.95e-12	1.94e-07	2.26e-04	1.72e-02	9.83e-01	0.00e+00	0.00e+00
 4.84694e+15	3.25e-17	7.31e-12	2.32e-07	2.55e-04	1.84e-02	9.81e-01	0.00e+00	0.00e+00
 5.00249e+15	4.33e-17	9.30e-12	2.81e-07	2.89e-04	1.97e-02	9.80e-01	0.00e+00	0.00e+00
 5.14177e+15	5.49e-17	1.14e-11	3.32e-07	3.22e-04	2.10e-02	9.79e-01	0.00e+00	0.00e+00
 5.29108e+15	6.99e-17	1.40e-11	3.94e-07	3.61e-04	2.23e-02	9.77e-01	0.00e+00	0.00e+00
 5.48300e+15	9.48e-17	1.82e-11	4.89e-07	4.17e-04	2.41e-02	9.75e-01	0.00e+00	0.00e+00
 5.67773e+15	1.26e-16	2.32e-11	6.04e-07	4.79e-04	2.60e-02	9.73e-01	0.00e+00	0.00e+00
 5.84029e+15	2.45e-16	2.87e-11	7.17e-07	5.36e-04	2.77e-02	9.72e-01	0.00e+00	0.00e+00
 6.01358e+15	2.24e-16	3.57e-11	8.56e-07	6.03e-04	2.95e-02	9.70e-01	0.00e+00	0.00e+00
 6.23377e+15	3.18e-16	4.73e-11	1.07e-06	6.96e-04	3.20e-02	9.67e-01	0.00e+00	0.00e+00
 6.46464e+15	4.25e-16	6.11e-11	1.33e-06	8.04e-04	3.45e-02	9.65e-01	0.00e+00	0.00e+00
 6.67014e+15	5.65e-16	7.75e-11	1.61e-06	9.11e-04	3.70e-02	9.62e-01	0.00e+00	0.00e+00
 6.89296e+15	7.58e-16	9.92e-11	1.97e-06	1.04e-03	3.97e-02	9.59e-01	0.00e+00	0.00e+00
 7.15930e+15	1.11e-15	1.35e-10	2.48e-06	1.21e-03	4.31e-02	9.56e-01	0.00e+00	0.00e+00
 7.42263e+15	1.48e-15	1.74e-10	3.09e-06	1.40e-03	4.65e-02	9.52e-01	0.00e+00	0.00e+00
 7.66043e+15	1.99e-15	2.22e-10	3.76e-06	1.58e-03	4.97e-02	9.49e-01	0.00e+00	0.00e+00
 7.92460e+15	2.71e-15	2.87e-10	4.62e-06	1.81e-03	5.35e-02	9.45e-01	0.00e+00	0.00e+00
 8.23540e+15	4.03e-15	3.95e-10	5.86e-06	2.11e-03	5.81e-02	9.40e-01	0.00e+00	0.00e+00
 8.54186e+15	5.65e-15	5.23e-10	7.34e-06	2.45e-03	6.27e-02	9.35e-01	0.00e+00	0.00e+00
 8.82731e+15	7.68e-15	6.75e-10	8.98e-06	2.79e-03	6.72e-02	9.30e-01	0.00e+00	0.00e+00
 9.14717e+15	1.06e-14	8.87e-10	1.12e-05	3.21e-03	7.23e-02	9.24e-01	0.00e+00	0.00e+00
 9.51309e+15	1.56e-14	1.21e-09	1.43e-05	3.76e-03	7.85e-02	9.18e-01	0.00e+00	0.00e+00
 9.81760e+15	2.10e-14	1.55e-09	1.73e-05	4.26e-03	8.38e-02	9.12e-01	0.00e+00	0.00e+00
 1.00328e+16	2.57e-14	1.84e-09	1.98e-05	4.64e-03	8.76e-02	9.08e-01	0.00e+00	0.00e+00
 1.02566e+16	3.18e-14	2.18e-09	2.26e-05	5.07e-03	9.16e-02	9.03e-01	0.00e+00	0.00e+00
 1.05475e+16	4.01e-14	2.68e-09	2.69e-05	5.66e-03	9.69e-02	8.97e-01	0.00e+00	0.00e+00
 1.08726e+16	5.56e-14	3.47e-09	3.25e-05	6.39e-03	1.03e-01	8.90e-01	0.00e+00	0.00e+00
 1.11766e+16	7.00e-14	4.23e-09	3.85e-05	7.13e-03	1.09e-01	8.84e-01	0.00e+00	0.00e+00
 1.15066e+16	9.57e-14	5.43e-09	4.62e-05	8.02e-03	1.16e-01	8.76e-01	0.00e+00	0.00e+00
 1.18733e+16	1.30e-13	6.98e-09	5.61e-05	9.08e-03	1.23e-01	8.68e-01	0.00e+00	0.00e+00
 1.22178e+16	1.70e-13	8.72e-09	6.69e-05	1.02e-02	1.30e-01	8.59e-01	0.00e+00	0.00e+00
 1.25956e+16	2.22e-13	1.10e-08	8.09e-05	1.15e-02	1.39e-01	8.50e-01	0.00e+00	0.00e+00
 1.30176e+16	3.18e-13	1.46e-08	9.97e-05	1.31e-02	1.48e-01	8.39e-01	0.00e+00	0.00e+00
 1.34140e+16	4.26e-13	1.86e-08	1.20e-04	1.48e-02	1.57e-01	8.28e-01	0.00e+00	0.00e+00
 1.38461e+16	5.78e-13	2.39e-08	1.47e-04	1.68e-02	1.67e-01	8.16e-01	0.00e+00	0.00e+00
 1.43179e+16	7.79e-13	3.08e-08	1.80e-04	1.92e-02	1.78e-01	8.03e-01	0.00e+00	0.00e+00
 1.47527e+16	1.09e-12	4.03e-08	2.19e-04	2.16e-02	1.89e-01	7.90e-01	0.00e+00	0.00e+00
 1.52295e+16	1.49e-12	5.19e-08	2.67e-04	2.46e-02	2.00e-01	7.75e-01	0.00e+00	0.00e+00
 1.57494e+16	2.01e-12	6.72e-08	3.30e-04	2.81e-02	2.13e-01	7.59e-01	0.00e+00	0.00e+00
 1.62237e+16	2.71e-12	8.59e-08	3.99e-04	3.16e-02	2.25e-01	7.43e-01	0.00e+00	0.00e+00
 1.67384e+16	3.91e-12	1.14e-07	4.90e-04	3.60e-02	2.38e-01	7.25e-01	0.00e+00	0.00e+00
 1.73029e+16	5.40e-12	1.50e-07	6.06e-04	4.11e-02	2.52e-01	7.06e-01	0.00e+00	0.00e+00
 1.78227e+16	7.09e-12	1.89e-07	7.33e-04	4.62e-02	2.66e-01	6.87e-01	0.00e+00	0.00e+00
 1.83038e+16	9.32e-12	2.37e-07	8.73e-04	5.15e-02	2.78e-01	6.70e-01	0.00e+00	0.00e+00
 1.88441e+16	1.26e-11	3.03e-07	1.06e-03	5.80e-02	2.92e-01	6.49e-01	0.00e+00	0.00e+00
 1.94356e+16	1.83e-11	4.07e-07	1.31e-03	6.59e-02	3.08e-01	6.25e-01	0.00e+00	0.00e+00
 1.99669e+16	2.43e-11	5.13e-07	1.56e-03	7.35e-02	3.21e-01	6.04e-01	0.00e+00	0.00e+00
 2.04215e+16	3.08e-11	6.25e-07	1.82e-03	8.06e-02	3.32e-01	5.85e-01	0.00e+00	0.00e+00
 2.09031e+16	4.00e-11	7.72e-07	2.14e-03	8.88e-02	3.44e-01	5.65e-01	0.00e+00	0.00e+00
 2.14271e+16	5.02e-11	9.41e-07	2.53e-03	9.82e-02	3.56e-01	5.43e-01	0.00e+00	0.00e+00
 2.20061e+16	7.10e-11	1.24e-06	3.08e-03	1.10e-01	3.70e-01	5.17e-01	0.00e+00	0.00e+00
 2.25709e+16	9.28e-11	1.55e-06	3.67e-03	1.22e-01	3.82e-01	4.93e-01	0.00e+00	0.00e+00
 2.30181e+16	1.13e-10	1.83e-06	4.22e-03	1.32e-01	3.91e-01	4.73e-01	0.00e+00	0.00e+00
 2.35005e+16	1.44e-10	2.23e-06	4.93e-03	1.44e-01	4.00e-01	4.51e-01	0.00e+00	0.00e+00
 2.40435e+16	2.00e-10	2.88e-06	5.87e-03	1.59e-01	4.10e-01	4.25e-01	0.00e+00	0.00e+00
 2.45396e+16	2.51e-10	3.49e-06	6.84e-03	1.74e-01	4.17e-01	4.02e-01	0.00e+00	0.00e+00
 2.49811e+16	3.05e-10	4.12e-06	7.84e-03	1.87e-01	4.23e-01	3.82e-01	0.00e+00	0.00e+00
 2.54770e+16	4.16e-10	5.23e-06	9.22e-03	2.04e-01	4.29e-01	3.57e-01	0.00e+00	0.00e+00
 2.60078e+16	5.13e-10	6.29e-06	1.08e-02	2.23e-01	4.33e-01	3.33e-01	0.00e+00	0.00e+00
 2.64787e+16	6.93e-10	7.93e-06	1.26e-02	2.41e-01	4.36e-01	3.10e-01	0.00e+00	0.00e+00
 2.68875e+16	8.59e-10	9.42e-06	1.44e-02	2.57e-01	4.38e-01	2.91e-01	0.00e+00	0.00e+00
 2.73207e+16	1.03e-09	1.11e-05	1.65e-02	2.76e-01	4.37e-01	2.71e-01	0.00e+00	0.00e+00
 2.77900e+16	1.39e-09	1.39e-05	1.93e-02	2.97e-01	4.35e-01	2.48e-01	0.00e+00	0.00e+00
 2.81931e+16	1.77e-09	1.68e-05	2.20e-02	3.17e-01	4.32e-01	2.29e-01	0.00e+00	0.00e+00
 2.85352e+16	2.12e-09	1.95e-05	2.46e-02	3.34e-01	4.28e-01	2.13e-01	0.00e+00	0.00e+00
 2.89111e+16	2.66e-09	2.33e-05	2.80e-02	3.54e-01	4.22e-01	1.96e-01	0.00e+00	0.00e+00
 2.93149e+16	3.49e-09	2.87e-05	3.22e-02	3.76e-01	4.14e-01	1.77e-01	0.00e+00	0.00e+00
 2.96593e+16	4.29e-09	3.38e-05	3.63e-02	3.96e-01	4.06e-01	1.62e-01	0.00e+00	0.00e+00
 2.99555e+16	5.21e-09	3.94e-05	4.03e-02	4.14e-01	3.97e-01	1.48e-01	0.00e+00	0.00e+00
 3.02329e+16	6.28e-09	4.55e-05	4.46e-02	4.31e-01	3.88e-01	1.36e-01	0.00e+00	0.00e+00
 3.04982e+16	7.11e-09	5.07e-05	4.89e-02	4.48e-01	3.78e-01	1.25e-01	0.00e+00	0.00e+00
 3.07994e+16	9.48e-09	6.25e-05	5.52e-02	4.68e-01	3.65e-01	1.12e-01	0.00e+00	0.00e+00
 3.11084e+16	1.09e-08	7.08e-05	6.17e-02	4.88e-01	3.50e-01	9.97e-02	0.00e+00	0.00e+00
 3.13651e+16	1.41e-08	8.52e-05	6.84e-02	5.06e-01	3.36e-01	8.90e-02	0.00e+00	0.00e+00
 3.15866e+16	1.72e-08	9.86e-05	7.48e-02	5.22e-01	3.23e-01	8.00e-02	0.00e+00	0.00e+00
 3.17913e+16	1.91e-08	1.08e-04	8.09e-02	5.36e-01	3.10e-01	7.25e-02	0.00e+00	0.00e+00
 3.20238e+16	2.31e-08	1.25e-04	8.90e-02	5.53e-01	2.94e-01	6.37e-02	0.00e+00	0.00e+00
 3.22650e+16	2.84e-08	1.46e-04	9.84e-02	5.71e-01	2.76e-01	5.50e-02	0.00e+00	0.00e+00
 3.24572e+16	3.44e-08	1.68e-04	1.07e-01	5.85e-01	2.60e-01	4.82e-02	0.00e+00	0.00e+00
 3.26115e+16	4.30e-08	1.96e-04	1.15e-01	5.96e-01	2.46e-01	4.26e-02	0.00e+00	0.00e+00
 3.27522e+16	4.86e-08	2.16e-04	1.22e-01	6.07e-01	2.34e-01	3.80e-02	0.00e+00	0.00e+00
 3.29105e+16	5.74e-08	2.44e-04	1.31e-01	6.18e-01	2.18e-01	3.29e-02	0.00e+00	0.00e+00
 3.30777e+16	6.84e-08	2.77e-04	1.41e-01	6.30e-01	2.01e-01	2.79e-02	0.00e+00	0.00e+00
 3.32156e+16	7.63e-08	3.02e-04	1.49e-01	6.40e-01	1.87e-01	2.40e-02	0.00e+00	0.00e+00
 3.33308e+16	9.13e-08	3.42e-04	1.57e-01	6.48e-01	1.74e-01	2.08e-02	0.00e+00	0.00e+00
 3.34381e+16	9.95e-08	3.65e-04	1.65e-01	6.55e-01	1.62e-01	1.81e-02	0.00e+00	0.00e+00
 3.35583e+16	1.14e-07	4.04e-04	1.74e-01	6.63e-01	1.48e-01	1.51e-02	0.00e+00	0.00e+00
 3.36832e+16	1.39e-07	4.63e-04	1.84e-01	6.70e-01	1.33e-01	1.23e-02	0.00e+00	0.00e+00
 3.37823e+16	1.51e-07	4.94e-04	1.92e-01	6.76e-01	1.21e-01	1.03e-02	0.00e+00	0.00e+00
 3.38573e+16	1.73e-07	5.41e-04	1.98e-01	6.80e-01	1.12e-01	8.83e-03	0.00e+00	0.00e+00
 3.39139e+16	1.85e-07	5.68e-04	2.03e-01	6.83e-01	1.05e-01	7.86e-03	0.00e+00	0.00e+00
 3.39680e+16	1.94e-07	5.89e-04	2.08e-01	6.86e-01	9.88e-02	6.97e-03	0.00e+00	0.00e+00
 3.40384e+16	2.17e-07	6.36e-04	2.14e-01	6.89e-01	9.02e-02	5.86e-03	0.00e+00	0.00e+00
 3.41091e+16	2.36e-07	6.77e-04	2.21e-01	6.92e-01	8.22e-02	4.92e-03	0.00e+00	0.00e+00
 3.41677e+16	2.54e-07	7.13e-04	2.26e-01	6.94e-01	7.56e-02	4.20e-03	0.00e+00	0.00e+00
 3.42316e+16	2.76e-07	7.57e-04	2.32e-01	6.96e-01	6.84e-02	3.48e-03	0.00e+00	0.00e+00
 3.43023e+16	3.02e-07	8.05e-04	2.38e-01	6.97e-01	6.11e-02	2.81e-03	0.00e+00	0.00e+00
 3.43681e+16	3.27e-07	8.51e-04	2.44e-01	6.98e-01	5.46e-02	2.28e-03	0.00e+00	0.00e+00
 3.44398e+16	3.56e-07	9.04e-04	2.50e-01	6.99e-01	4.79e-02	1.78e-03	0.00e+00	0.00e+00
 3.45188e+16	3.90e-07	9.64e-04	2.57e-01	7.00e-01	4.13e-02	1.35e-03	0.00e+00	0.00e+00
 3.45931e+16	4.24e-07	1.02e-03	2.63e-01	6.99e-01	3.57e-02	1.02e-03	0.00e+00	0.00e+00
 3.46756e+16	4.66e-07	1.09e-03	2.70e-01	6.98e-01	3.00e-02	7.42e-04	0.00e+00	0.00e+00
 3.47828e+16	5.23e-07	1.18e-03	2.78e-01	6.97e-01	2.39e-02	4.82e-04	0.00e+00	0.00e+00
 3.48962e+16	5.84e-07	1.27e-03	2.86e-01	6.94e-01	1.88e-02	3.06e-04	0.00e+00	0.00e+00
 3.50011e+16	6.45e-07	1.36e-03	2.93e-01	6.91e-01	1.50e-02	2.00e-04	0.00e+00	0.00e+00
 3.51209e+16	7.17e-07	1.46e-03	3.00e-01	6.86e-01	1.16e-02	1.22e-04	0.00e+00	0.00e+00
 3.52766e+16	8.14e-07	1.58e-03	3.09e-01	6.81e-01	8.42e-03	6.56e-05	0.00e+00	0.00e+00
 3.54790e+16	9.47e-07	1.74e-03	3.20e-01	6.73e-01	5.66e-03	3.02e-05	0.00e+00	0.00e+00
 3.57422e+16	1.13e-06	1.96e-03	3.32e-01	6.62e-01	3.52e-03	1.18e-05	0.00e+00	0.00e+00
 3.60843e+16	1.42e-06	2.25e-03	3.48e-01	6.48e-01	2.01e-03	3.86e-06	0.00e+00	0.00e+00
 3.64617e+16	1.82e-06	2.63e-03	3.65e-01	6.31e-01	1.17e-03	1.28e-06	0.00e+00	0.00e+00
 3.68163e+16	2.32e-06	3.07e-03	3.83e-01	6.13e-01	7.37e-04	5.01e-07	0.00e+00	0.00e+00
 3.71553e+16	2.96e-06	3.59e-03	4.01e-01	5.95e-01	4.88e-04	0.00e+00	0.00e+00	0.00e+00
 3.75427e+16	3.96e-06	4.34e-03	4.24e-01	5.72e-01	3.10e-04	0.00e+00	0.00e+00	0.00e+00
 3.79433e+16	5.51e-06	5.38e-03	4.50e-01	5.44e-01	2.00e-04	0.00e+00	0.00e+00	0.00e+00
 3.82574e+16	7.31e-06	6.49e-03	4.73e-01	5.20e-01	1.44e-04	0.00e+00	0.00e+00	0.00e+00
 3.85052e+16	9.24e-06	7.60e-03	4.93e-01	4.99e-01	1.11e-04	0.00e+00	0.00e+00	0.00e+00
 3.86918e+16	1.11e-05	8.61e-03	5.09e-01	4.83e-01	9.13e-05	0.00e+00	0.00e+00	0.00e+00
 3.88205e+16	1.27e-05	9.42e-03	5.20e-01	4.70e-01	7.96e-05	0.00e+00	0.00e+00	0.00e+00
 3.89526e+16	1.46e-05	1.03e-02	5.32e-01	4.57e-01	6.87e-05	0.00e+00	0.00e+00	0.00e+00
 3.91243e+16	1.76e-05	1.17e-02	5.49e-01	4.40e-01	5.66e-05	0.00e+00	0.00e+00	0.00e+00
 3.93031e+16	2.16e-05	1.35e-02	5.66e-01	4.20e-01	4.64e-05	0.00e+00	0.00e+00	0.00e+00
 3.94462e+16	2.56e-05	1.52e-02	5.81e-01	4.04e-01	3.95e-05	0.00e+00	0.00e+00	0.00e+00
 3.95636e+16	2.96e-05	1.68e-02	5.93e-01	3.90e-01	3.45e-05	0.00e+00	0.00e+00	0.00e+00
 3.96927e+16	3.49e-05	1.87e-02	6.07e-01	3.74e-01	2.95e-05	0.00e+00	0.00e+00	0.00e+00
 3.98226e+16	4.14e-05	2.11e-02	6.21e-01	3.57e-01	2.52e-05	0.00e+00	0.00e+00	0.00e+00
 3.99214e+16	4.74e-05	2.32e-02	6.32e-01	3.44e-01	2.23e-05	0.00e+00	0.00e+00	0.00e+00
 4.00033e+16	5.31e-05	2.51e-02	6.42e-01	3.33e-01	2.01e-05	0.00e+00	0.00e+00	0.00e+00
 4.00952e+16	6.06e-05	2.75e-02	6.52e-01	3.20e-01	1.77e-05	0.00e+00	0.00e+00	0.00e+00
 4.01978e+16	7.05e-05	3.05e-02	6.64e-01	3.06e-01	1.54e-05	0.00e+00	0.00e+00	0.00e+00
 4.02910e+16	8.14e-05	3.37e-02	6.74e-01	2.93e-01	1.36e-05	0.00e+00	0.00e+00	0.00e+00
 4.03724e+16	9.24e-05	3.68e-02	6.83e-01	2.80e-01	1.21e-05	0.00e+00	0.00e+00	0.00e+00
 4.04498e+16	1.05e-04	4.01e-02	6.91e-01	2.69e-01	1.08e-05	0.00e+00	0.00e+00	0.00e+00
 4.05388e+16	1.21e-04	4.44e-02	7.00e-01	2.55e-01	9.38e-06	0.00e+00	0.00e+00	0.00e+00
 4.06320e+16	1.42e-04	4.96e-02	7.10e-01	2.40e-01	8.10e-06	0.00e+00	0.00e+00	0.00e+00
 4.07089e+16	1.63e-04	5.45e-02	7.17e-01	2.28e-01	7.15e-06	0.00e+00	0.00e+00	0.00e+00
 4.07749e+16	1.84e-04	5.93e-02	7.23e-01	2.18e-01	6.39e-06	0.00e+00	0.00e+00	0.00e+00
 4.08487e+16	2.12e-04	6.52e-02	7.29e-01	2.06e-01	5.60e-06	0.00e+00	0.00e+00	0.00e+00
 4.09292e+16	2.47e-04	7.25e-02	7.34e-01	1.93e-01	4.83e-06	0.00e+00	0.00e+00	0.00e+00
 4.09997e+16	2.84e-04	7.98e-02	7.39e-01	1.81e-01	4.23e-06	0.00e+00	0.00e+00	0.00e+00
 4.10601e+16	3.22e-04	8.69e-02	7.41e-01	1.71e-01	3.75e-06	0.00e+00	0.00e+00	0.00e+00
 4.11263e+16	3.69e-04	9.57e-02	7.44e-01	1.60e-01	3.26e-06	0.00e+00	0.00e+00	0.00e+00
 4.11980e+16	4.32e-04	1.06e-01	7.45e-01	1.48e-01	2.79e-06	0.00e+00	0.00e+00	0.00e+00
 4.12607e+16	4.96e-04	1.17e-01	7.44e-01	1.38e-01	2.42e-06	0.00e+00	0.00e+00	0.00e+00
 4.13150e+16	5.63e-04	1.27e-01	7.43e-01	1.29e-01	2.12e-06	0.00e+00	0.00e+00	0.00e+00
 4.13745e+16	6.48e-04	1.40e-01	7.40e-01	1.19e-01	1.82e-06	0.00e+00	0.00e+00	0.00e+00
 4.14395e+16	7.58e-04	1.56e-01	7.35e-01	1.09e-01	1.54e-06	0.00e+00	0.00e+00	0.00e+00
 4.14968e+16	8.78e-04	1.72e-01	7.28e-01	9.96e-02	1.31e-06	0.00e+00	0.00e+00	0.00e+00
 4.15470e+16	9.97e-04	1.87e-01	7.21e-01	9.16e-02	1.13e-06	0.00e+00	0.00e+00	0.00e+00
 4.16025e+16	1.16e-03	2.06e-01	7.10e-01	8.28e-02	9.47e-07	0.00e+00	0.00e+00	0.00e+00
 4.16633e+16	1.37e-03	2.29e-01	6.96e-01	7.36e-02	0.00e+00	0.00e+00	0.00e+00	0.00e+00
 4.17173e+16	1.59e-03	2.53e-01	6.80e-01	6.55e-02	0.00e+00	0.00e+00	0.00e+00	0.00e+00
 4.17652e+16	1.82e-03	2.77e-01	6.63e-01	5.86e-02	0.00e+00	0.00e+00	0.00e+00	0.00e+00
 4.18185e+16	2.13e-03	3.06e-01	6.41e-01	5.11e-02	0.00e+00	0.00e+00	0.00e+00	0.00e+00
 4.18779e+16	2.56e-03	3.42e-01	6.12e-01	4.32e-02	0.00e+00	0.00e+00	0.00e+00	0.00e+00
 4.19326e+16	3.05e-03	3.80e-01	5.81e-01	3.63e-02	0.00e+00	0.00e+00	0.00e+00	0.00e+00
 4.19821e+16	3.55e-03	4.17e-01	5.49e-01	3.05e-02	0.00e+00	0.00e+00	0.00e+00	0.00e+00
 4.20372e+16	4.25e-03	4.63e-01	5.08e-01	2.45e-02	0.00e+00	0.00e+00	0.00e+00	0.00e+00
 4.20940e+16	5.15e-03	5.15e-01	4.61e-01	1.89e-02	0.00e+00	0.00e+00	0.00e+00	0.00e+00
 4.21381e+16	6.03e-03	5.59e-01	4.20e-01	1.51e-02	0.00e+00	0.00e+00	0.00e+00	0.00e+00
 4.21732e+16	6.78e-03	5.95e-01	3.86e-01	1.23e-02	0.00e+00	0.00e+00	0.00e+00	0.00e+00
 4.22111e+16	7.74e-03	6.35e-01	3.47e-01	9.68e-03	0.00e+00	0.00e+00	0.00e+00	0.00e+00
 4.22532e+16	9.00e-03	6.81e-01	3.03e-01	7.19e-03	0.00e+00	0.00e+00	0.00e+00	0.00e+00
 4.22905e+16	1.03e-02	7.21e-01	2.64e-01	5.35e-03	0.00e+00	0.00e+00	0.00e+00	0.00e+00
 4.23213e+16	1.15e-02	7.53e-01	2.32e-01	4.10e-03	0.00e+00	0.00e+00	0.00e+00	0.00e+00
 4.23540e+16	1.30e-02	7.85e-01	1.99e-01	3.00e-03	0.00e+00	0.00e+00	0.00e+00	0.00e+00
 4.23897e+16	1.48e-02	8.19e-01	1.64e-01	2.06e-03	0.00e+00	0.00e+00	0.00e+00	0.00e+00
 4.24203e+16	1.67e-02	8.45e-01	1.36e-01	1.44e-03	0.00e+00	0.00e+00	0.00e+00	0.00e+00
 4.24454e+16	1.84e-02	8.65e-01	1.15e-01	1.05e-03	0.00e+00	0.00e+00	0.00e+00	0.00e+00
 4.24721e+16	2.04e-02	8.84e-01	9.52e-02	7.24e-04	0.00e+00	0.00e+00	0.00e+00	0.00e+00
 4.25012e+16	2.30e-02	9.01e-01	7.56e-02	4.71e-04	0.00e+00	0.00e+00	0.00e+00	0.00e+00
 4.25265e+16	2.55e-02	9.14e-01	6.06e-02	3.12e-04	0.00e+00	0.00e+00	0.00e+00	0.00e+00
 4.25473e+16	2.78e-02	9.22e-01	4.99e-02	2.18e-04	0.00e+00	0.00e+00	0.00e+00	0.00e+00
 4.25692e+16	3.05e-02	9.29e-01	4.00e-02	1.45e-04	0.00e+00	0.00e+00	0.00e+00	0.00e+00
 4.25923e+16	3.37e-02	9.35e-01	3.13e-02	9.23e-05	0.00e+00	0.00e+00	0.00e+00	0.00e+00
 4.26115e+16	3.67e-02	9.38e-01	2.51e-02	6.18e-05	0.00e+00	0.00e+00	0.00e+00	0.00e+00
 4.26275e+16	3.95e-02	9.40e-01	2.07e-02	4.37e-05	0.00e+00	0.00e+00	0.00e+00	0.00e+00
 4.26445e+16	4.27e-02	9.41e-01	1.67e-02	2.95e-05	0.00e+00	0.00e+00	0.00e+00	0.00e+00
 4.26627e+16	4.62e-02	9.41e-01	1.32e-02	1.91e-05	0.00e+00	0.00e+00	0.00e+00	0.00e+00
 4.26787e+16	5.01e-02	9.39e-01	1.06e-02	1.28e-05	0.00e+00	0.00e+00	0.00e+00	0.00e+00
 4.26926e+16	5.35e-02	9.38e-01	8.64e-03	8.87e-06	0.00e+00	0.00e+00	0.00e+00	0.00e+00
 4.27058e+16	5.70e-02	9.36e-01	7.11e-03	6.21e-06	0.00e+00	0.00e+00	0.00e+00	0.00e+00
 4.27183e+16	6.06e-02	9.34e-01	5.86e-03	4.37e-06	0.00e+00	0.00e+00	0.00e+00	0.00e+00
 4.27301e+16	6.42e-02	9.31e-01	4.87e-03	3.12e-06	0.00e+00	0.00e+00	0.00e+00	0.00e+00
 4.27410e+16	6.77e-02	9.28e-01	4.08e-03	2.26e-06	0.00e+00	0.00e+00	0.00e+00	0.00e+00
 4.27489e+16	6.99e-02	9.26e-01	3.60e-03	1.80e-06	0.00e+00	0.00e+00	0.00e+00	0.00e+00
 4.27539e+16	7.21e-02	9.25e-01	3.31e-03	1.55e-06	0.00e+00	0.00e+00	0.00e+00	0.00e+00
 4.27587e+16	7.39e-02	9.23e-01	3.05e-03	1.33e-06	0.00e+00	0.00e+00	0.00e+00	0.00e+00
 4.27645e+16	7.62e-02	9.21e-01	2.76e-03	1.10e-06	0.00e+00	0.00e+00	0.00e+00	0.00e+00
 4.27706e+16	7.86e-02	9.19e-01	2.48e-03	9.09e-07	0.00e+00	0.00e+00	0.00e+00	0.00e+00
 4.27763e+16	8.11e-02	9.17e-01	2.24e-03	0.00e+00	0.00e+00	0.00e+00	0.00e+00	0.00e+00
 4.27817e+16	8.33e-02	9.15e-01	2.03e-03	0.00e+00	0.00e+00	0.00e+00	0.00e+00	0.00e+00
 4.27872e+16	8.58e-02	9.12e-01	1.84e-03	0.00e+00	0.00e+00	0.00e+00	0.00e+00	0.00e+00
 4.27926e+16	8.83e-02	9.10e-01	1.67e-03	0.00e+00	0.00e+00	0.00e+00	0.00e+00	0.00e+00
 4.27980e+16	9.09e-02	9.08e-01	1.51e-03	0.00e+00	0.00e+00	0.00e+00	0.00e+00	0.00e+00
 4.28032e+16	9.36e-02	9.05e-01	1.36e-03	0.00e+00	0.00e+00	0.00e+00	0.00e+00	0.00e+00
 4.28084e+16	9.66e-02	9.02e-01	1.23e-03	0.00e+00	0.00e+00	0.00e+00	0.00e+00	0.00e+00
 4.28137e+16	9.93e-02	9.00e-01	1.11e-03	0.00e+00	0.00e+00	0.00e+00	0.00e+00	0.00e+00
 4.28187e+16	1.02e-01	8.97e-01	1.01e-03	0.00e+00	0.00e+00	0.00e+00	0.00e+00	0.00e+00
 4.28237e+16	1.05e-01	8.94e-01	9.14e-04	0.00e+00	0.00e+00	0.00e+00	0.00e+00	0.00e+00
 4.28287e+16	1.08e-01	8.91e-01	8.26e-04	0.00e+00	0.00e+00	0.00e+00	0.00e+00	0.00e+00
 4.28336e+16	1.12e-01	8.87e-01	7.47e-04	0.00e+00	0.00e+00	0.00e+00	0.00e+00	0.00e+00
 4.28384e+16	1.15e-01	8.84e-01	6.75e-04	0.00e+00	0.00e+00	0.00e+00	0.00e+00	0.00e+00
 4.28432e+16	1.19e-01	8.81e-01	6.10e-04	0.00e+00	0.00e+00	0.00e+00	0.00e+00	0.00e+00
 4.28479e+16	1.23e-01	8.77e-01	5.51e-04	0.00e+00	0.00e+00	0.00e+00	0.00e+00	0.00e+00
 4.28526e+16	1.27e-01	8.73e-01	4.97e-04	0.00e+00	0.00e+00	0.00e+00	0.00e+00	0.00e+00
 4.28572e+16	1.31e-01	8.69e-01	4.50e-04	0.00e+00	0.00e+00	0.00e+00	0.00e+00	0.00e+00
 4.28617e+16	1.35e-01	8.64e-01	4.07e-04	0.00e+00	0.00e+00	0.00e+00	0.00e+00	0.00e+00
 4.28662e+16	1.40e-01	8.60e-01	3.67e-04	0.00e+00	0.00e+00	0.00e+00	0.00e+00	0.00e+00
 4.28706e+16	1.44e-01	8.55e-01	3.31e-04	0.00e+00	0.00e+00	0.00e+00	0.00e+00	0.00e+00
 4.28750e+16	1.49e-01	8.50e-01	2.99e-04	0.00e+00	0.00e+00	0.00e+00	0.00e+00	0.00e+00
 4.28793e+16	1.55e-01	8.45e-01	2.70e-04	0.00e+00	0.00e+00	0.00e+00	0.00e+00	0.00e+00
 4.28835e+16	1.61e-01	8.39e-01	2.43e-04	0.00e+00	0.00e+00	0.00e+00	0.00e+00	0.00e+00
 4.28877e+16	1.67e-01	8.33e-01	2.19e-04	0.00e+00	0.00e+00	0.00e+00	0.00e+00	0.00e+00
 4.28918e+16	1.74e-01	8.26e-01	1.98e-04	0.00e+00	0.00e+00	0.00e+00	0.00e+00	0.00e+00
 4.28959e+16	1.81e-01	8.19e-01	1.78e-04	0.00e+00	0.00e+00	0.00e+00	0.00e+00	0.00e+00
 4.28999e+16	1.88e-01	8.11e-01	1.60e-04	0.00e+00	0.00e+00	0.00e+00	0.00e+00	0.00e+00
 4.29039e+16	1.97e-01	8.03e-01	1.44e-04	0.00e+00	0.00e+00	0.00e+00	0.00e+00	0.00e+00
 4.29077e+16	2.05e-01	7.95e-01	1.29e-04	0.00e+00	0.00e+00	0.00e+00	0.00e+00	0.00e+00
 4.29115e+16	2.14e-01	7.86e-01	1.17e-04	0.00e+00	0.00e+00	0.00e+00	0.00e+00	0.00e+00
 4.29152e+16	2.24e-01	7.76e-01	1.05e-04	0.00e+00	0.00e+00	0.00e+00	0.00e+00	0.00e+00
