#depth	C	C+	C+2	C+3	C+4	C+5	C+6	C[1]	C[2]	C[3]	C+[1]	C+[2]	CO
 1.49634e+10	0.00e+00	0.00e+00	7.98e-27	1.81e-16	1.36e-05	1.21e-01	8.79e-01	0.00e+00	0.00e+00	0.00e+00	0.00e+00	0.00e+00	0.00e+00
 4.54887e+10	0.00e+00	1.59e-37	1.07e-26	2.24e-16	1.56e-05	1.29e-01	8.71e-01	0.00e+00	0.00e+00	0.00e+00	0.00e+00	0.00e+00	0.00e+00
 7.72350e+10	0.00e+00	0.00e+00	1.45e-26	2.81e-16	1.81e-05	1.39e-01	8.61e-01	0.00e+00	0.00e+00	0.00e+00	0.00e+00	0.00e+00	0.00e+00
 1.10251e+11	0.00e+00	3.41e-37	1.97e-26	3.52e-16	2.09e-05	1.48e-01	8.52e-01	0.00e+00	0.00e+00	0.00e+00	0.00e+00	0.00e+00	0.00e+00
 1.44588e+11	0.00e+00	0.00e+00	2.66e-26	4.40e-16	2.42e-05	1.58e-01	8.42e-01	0.00e+00	0.00e+00	0.00e+00	0.00e+00	0.00e+00	0.00e+00
 1.80298e+11	0.00e+00	7.31e-37	3.60e-26	5.50e-16	2.79e-05	1.69e-01	8.31e-01	0.00e+00	0.00e+00	0.00e+00	0.00e+00	0.00e+00	0.00e+00
 2.13619e+11	0.00e+00	0.00e+00	4.70e-26	6.70e-16	3.17e-05	1.79e-01	8.21e-01	0.00e+00	0.00e+00	0.00e+00	0.00e+00	0.00e+00	0.00e+00
 2.42982e+11	0.00e+00	1.37e-36	5.93e-26	7.94e-16	3.54e-05	1.89e-01	8.11e-01	0.00e+00	0.00e+00	0.00e+00	0.00e+00	0.00e+00	0.00e+00
 2.75748e+11	3.80e-48	1.88e-36	7.62e-26	9.56e-16	3.99e-05	1.99e-01	8.01e-01	0.00e+00	0.00e+00	0.00e+00	0.00e+00	0.00e+00	0.00e+00
 3.15118e+11	0.00e+00	0.00e+00	1.01e-25	1.18e-15	4.56e-05	2.11e-01	7.89e-01	0.00e+00	0.00e+00	0.00e+00	0.00e+00	0.00e+00	0.00e+00
 3.54411e+11	0.00e+00	3.82e-36	1.33e-25	1.44e-15	5.18e-05	2.23e-01	7.76e-01	0.00e+00	0.00e+00	0.00e+00	0.00e+00	0.00e+00	0.00e+00
 3.90320e+11	1.30e-47	5.19e-36	1.70e-25	1.72e-15	5.81e-05	2.35e-01	7.65e-01	0.00e+00	0.00e+00	0.00e+00	0.00e+00	0.00e+00	0.00e+00
 4.30491e+11	0.00e+00	0.00e+00	2.21e-25	2.09e-15	6.58e-05	2.48e-01	7.52e-01	0.00e+00	0.00e+00	0.00e+00	0.00e+00	0.00e+00	0.00e+00
 4.77223e+11	0.00e+00	1.05e-35	2.96e-25	2.58e-15	7.52e-05	2.63e-01	7.37e-01	0.00e+00	0.00e+00	0.00e+00	0.00e+00	0.00e+00	0.00e+00
 5.23072e+11	4.62e-47	1.48e-35	3.89e-25	3.16e-15	8.53e-05	2.77e-01	7.23e-01	0.00e+00	0.00e+00	0.00e+00	0.00e+00	0.00e+00	4.86e-148
 5.66380e+11	0.00e+00	0.00e+00	4.99e-25	3.79e-15	9.58e-05	2.91e-01	7.09e-01	0.00e+00	0.00e+00	0.00e+00	0.00e+00	0.00e+00	1.36e-212
 6.14586e+11	0.00e+00	2.87e-35	6.54e-25	4.62e-15	1.08e-04	3.06e-01	6.94e-01	0.00e+00	0.00e+00	0.00e+00	0.00e+00	0.00e+00	9.98e-256
 6.69097e+11	1.61e-46	4.15e-35	8.73e-25	5.69e-15	1.24e-04	3.23e-01	6.77e-01	0.00e+00	0.00e+00	0.00e+00	0.00e+00	0.00e+00	1.18e-146
 7.23633e+11	0.00e+00	0.00e+00	1.15e-24	6.97e-15	1.40e-04	3.40e-01	6.60e-01	0.00e+00	0.00e+00	0.00e+00	0.00e+00	0.00e+00	4.64e-190
 7.80351e+11	0.00e+00	8.44e-35	1.52e-24	8.54e-15	1.59e-04	3.57e-01	6.43e-01	0.00e+00	0.00e+00	0.00e+00	0.00e+00	0.00e+00	1.36e-233
 8.41492e+11	5.95e-46	1.22e-34	2.03e-24	1.05e-14	1.81e-04	3.76e-01	6.24e-01	0.00e+00	0.00e+00	0.00e+00	0.00e+00	0.00e+00	3.40e-145
 9.05078e+11	0.00e+00	1.75e-34	2.70e-24	1.29e-14	2.06e-04	3.94e-01	6.05e-01	0.00e+00	0.00e+00	0.00e+00	0.00e+00	0.00e+00	5.26e-189
 9.71208e+11	1.45e-45	2.53e-34	3.60e-24	1.59e-14	2.33e-04	4.13e-01	5.86e-01	0.00e+00	0.00e+00	0.00e+00	0.00e+00	0.00e+00	6.02e-233
 1.03998e+12	0.00e+00	3.63e-34	4.78e-24	1.95e-14	2.64e-04	4.33e-01	5.67e-01	0.00e+00	0.00e+00	0.00e+00	0.00e+00	0.00e+00	3.12e-165
 1.11151e+12	3.51e-45	5.22e-34	6.35e-24	2.39e-14	2.99e-04	4.52e-01	5.47e-01	0.00e+00	0.00e+00	0.00e+00	0.00e+00	0.00e+00	1.86e-209
 1.18590e+12	0.00e+00	7.50e-34	8.42e-24	2.92e-14	3.39e-04	4.72e-01	5.28e-01	0.00e+00	0.00e+00	0.00e+00	0.00e+00	0.00e+00	4.27e-164
 1.26326e+12	8.47e-45	1.08e-33	1.12e-23	3.58e-14	3.83e-04	4.92e-01	5.08e-01	0.00e+00	0.00e+00	0.00e+00	0.00e+00	0.00e+00	1.34e-208
 1.34372e+12	0.00e+00	1.54e-33	1.48e-23	4.37e-14	4.32e-04	5.12e-01	4.88e-01	0.00e+00	0.00e+00	0.00e+00	0.00e+00	0.00e+00	5.83e-163
 1.42739e+12	2.04e-44	2.21e-33	1.95e-23	5.34e-14	4.87e-04	5.32e-01	4.68e-01	0.00e+00	0.00e+00	0.00e+00	0.00e+00	0.00e+00	9.59e-208
 1.51441e+12	0.00e+00	3.16e-33	2.58e-23	6.51e-14	5.48e-04	5.52e-01	4.48e-01	0.00e+00	0.00e+00	0.00e+00	0.00e+00	0.00e+00	7.96e-162
 1.60492e+12	4.90e-44	4.52e-33	3.41e-23	7.93e-14	6.17e-04	5.71e-01	4.28e-01	0.00e+00	0.00e+00	0.00e+00	0.00e+00	0.00e+00	6.75e-207
 1.69265e+12	0.00e+00	6.30e-33	4.41e-23	9.52e-14	6.87e-04	5.89e-01	4.10e-01	0.00e+00	0.00e+00	0.00e+00	0.00e+00	0.00e+00	9.97e-161
 1.77318e+12	1.06e-43	8.47e-33	5.55e-23	1.12e-13	7.56e-04	6.05e-01	3.94e-01	0.00e+00	0.00e+00	0.00e+00	0.00e+00	0.00e+00	4.71e-206
 1.86272e+12	0.00e+00	1.17e-32	7.11e-23	1.34e-13	8.40e-04	6.22e-01	3.77e-01	0.00e+00	0.00e+00	0.00e+00	0.00e+00	0.00e+00	9.43e-160
 1.96656e+12	2.41e-43	1.66e-32	9.34e-23	1.62e-13	9.40e-04	6.41e-01	3.58e-01	0.00e+00	0.00e+00	0.00e+00	0.00e+00	0.00e+00	2.44e-205
 2.06921e+12	0.00e+00	2.32e-32	1.21e-22	1.94e-13	1.05e-03	6.58e-01	3.41e-01	0.00e+00	0.00e+00	0.00e+00	0.00e+00	0.00e+00	1.20e-158
 2.17596e+12	5.52e-43	3.25e-32	1.57e-22	2.34e-13	1.17e-03	6.75e-01	3.24e-01	0.00e+00	0.00e+00	0.00e+00	0.00e+00	0.00e+00	1.72e-204
 2.29293e+12	0.00e+00	4.64e-32	2.07e-22	2.83e-13	1.30e-03	6.92e-01	3.07e-01	0.00e+00	0.00e+00	0.00e+00	0.00e+00	0.00e+00	1.54e-157
 2.41126e+12	1.30e-42	6.54e-32	2.70e-22	3.42e-13	1.45e-03	7.08e-01	2.90e-01	0.00e+00	0.00e+00	0.00e+00	0.00e+00	0.00e+00	1.25e-203
 2.53434e+12	0.00e+00	9.25e-32	3.53e-22	4.12e-13	1.62e-03	7.24e-01	2.74e-01	0.00e+00	0.00e+00	0.00e+00	0.00e+00	0.00e+00	1.98e-156
 2.66564e+12	3.08e-42	1.32e-31	4.63e-22	4.99e-13	1.80e-03	7.40e-01	2.58e-01	0.00e+00	0.00e+00	0.00e+00	0.00e+00	0.00e+00	7.96e-203
 2.80219e+12	0.00e+00	1.88e-31	6.09e-22	6.04e-13	2.01e-03	7.55e-01	2.43e-01	0.00e+00	0.00e+00	0.00e+00	0.00e+00	0.00e+00	2.74e-155
 2.94420e+12	7.38e-42	2.68e-31	8.00e-22	7.31e-13	2.24e-03	7.70e-01	2.28e-01	0.00e+00	0.00e+00	0.00e+00	0.00e+00	0.00e+00	9.08e-202
 3.09190e+12	0.00e+00	3.82e-31	1.05e-21	8.84e-13	2.50e-03	7.84e-01	2.14e-01	0.00e+00	0.00e+00	0.00e+00	0.00e+00	0.00e+00	3.82e-154
 3.24550e+12	1.77e-41	5.45e-31	1.38e-21	1.07e-12	2.79e-03	7.97e-01	2.00e-01	0.00e+00	0.00e+00	0.00e+00	0.00e+00	0.00e+00	4.76e-201
 3.40525e+12	0.00e+00	7.77e-31	1.82e-21	1.29e-12	3.10e-03	8.09e-01	1.87e-01	0.00e+00	0.00e+00	0.00e+00	0.00e+00	0.00e+00	5.36e-153
 3.57138e+12	4.25e-41	1.11e-30	2.39e-21	1.56e-12	3.45e-03	8.21e-01	1.75e-01	0.00e+00	0.00e+00	0.00e+00	0.00e+00	0.00e+00	4.86e-200
 3.72760e+12	0.00e+00	1.53e-30	3.05e-21	1.85e-12	3.80e-03	8.32e-01	1.64e-01	0.00e+00	0.00e+00	0.00e+00	0.00e+00	0.00e+00	6.68e-152
 3.86732e+12	8.93e-41	2.02e-30	3.79e-21	2.15e-12	4.13e-03	8.40e-01	1.56e-01	0.00e+00	0.00e+00	0.00e+00	0.00e+00	0.00e+00	0.00e+00
 4.02417e+12	0.00e+00	2.75e-30	4.79e-21	2.53e-12	4.53e-03	8.49e-01	1.47e-01	0.00e+00	0.00e+00	0.00e+00	0.00e+00	0.00e+00	5.86e-151
 4.21004e+12	2.00e-40	3.89e-30	6.25e-21	3.04e-12	5.01e-03	8.58e-01	1.37e-01	0.00e+00	0.00e+00	0.00e+00	0.00e+00	0.00e+00	3.50e-210
 4.39684e+12	0.00e+00	5.45e-30	8.10e-21	3.64e-12	5.54e-03	8.67e-01	1.27e-01	0.00e+00	0.00e+00	0.00e+00	0.00e+00	0.00e+00	7.55e-150
 4.57217e+12	4.43e-40	7.40e-30	1.02e-20	4.28e-12	6.05e-03	8.74e-01	1.20e-01	0.00e+00	0.00e+00	0.00e+00	0.00e+00	0.00e+00	0.00e+00
 4.76604e+12	0.00e+00	1.03e-29	1.32e-20	5.09e-12	6.67e-03	8.82e-01	1.12e-01	0.00e+00	0.00e+00	0.00e+00	0.00e+00	0.00e+00	7.99e-149
 4.98661e+12	1.04e-39	1.47e-29	1.74e-20	6.15e-12	7.40e-03	8.89e-01	1.03e-01	0.00e+00	0.00e+00	0.00e+00	0.00e+00	0.00e+00	3.86e-196
 5.20675e+12	0.00e+00	2.08e-29	2.26e-20	7.38e-12	8.18e-03	8.96e-01	9.60e-02	0.00e+00	0.00e+00	0.00e+00	0.00e+00	0.00e+00	1.11e-147
 5.43570e+12	2.45e-39	2.95e-29	2.96e-20	8.86e-12	9.04e-03	9.02e-01	8.90e-02	0.00e+00	0.00e+00	0.00e+00	0.00e+00	0.00e+00	4.15e-195
 5.68306e+12	0.00e+00	4.24e-29	3.90e-20	1.07e-11	1.00e-02	9.08e-01	8.22e-02	0.00e+00	0.00e+00	0.00e+00	0.00e+00	0.00e+00	1.56e-146
 5.94030e+12	6.02e-39	6.09e-29	5.15e-20	1.30e-11	1.11e-02	9.13e-01	7.58e-02	0.00e+00	0.00e+00	0.00e+00	0.00e+00	0.00e+00	0.00e+00
 6.18295e+12	0.00e+00	8.47e-29	6.63e-20	1.54e-11	1.22e-02	9.17e-01	7.04e-02	0.00e+00	0.00e+00	0.00e+00	0.00e+00	0.00e+00	2.05e-145
 6.40145e+12	1.30e-38	1.13e-28	8.28e-20	1.79e-11	1.33e-02	9.21e-01	6.59e-02	0.00e+00	0.00e+00	0.00e+00	0.00e+00	0.00e+00	2.06e-192
 6.64755e+12	0.00e+00	1.55e-28	1.05e-19	2.11e-11	1.45e-02	9.24e-01	6.13e-02	0.00e+00	0.00e+00	0.00e+00	0.00e+00	0.00e+00	1.93e-144
 6.93735e+12	3.00e-38	2.22e-28	1.39e-19	2.55e-11	1.60e-02	9.27e-01	5.65e-02	0.00e+00	0.00e+00	0.00e+00	0.00e+00	0.00e+00	0.00e+00
 7.22690e+12	0.00e+00	3.14e-28	1.81e-19	3.05e-11	1.76e-02	9.30e-01	5.21e-02	0.00e+00	0.00e+00	0.00e+00	0.00e+00	0.00e+00	2.66e-143
 7.49967e+12	6.82e-38	4.31e-28	2.30e-19	3.59e-11	1.93e-02	9.32e-01	4.84e-02	0.00e+00	0.00e+00	0.00e+00	0.00e+00	0.00e+00	1.20e-203
 7.80122e+12	0.00e+00	6.04e-28	2.98e-19	4.28e-11	2.11e-02	9.34e-01	4.47e-02	0.00e+00	0.00e+00	0.00e+00	0.00e+00	0.00e+00	2.99e-142
 8.14320e+12	1.64e-37	8.74e-28	3.96e-19	5.19e-11	2.34e-02	9.36e-01	4.09e-02	0.00e+00	0.00e+00	0.00e+00	0.00e+00	0.00e+00	2.37e-215
 8.48144e+12	0.00e+00	1.24e-27	5.19e-19	6.23e-11	2.58e-02	9.37e-01	3.76e-02	0.00e+00	0.00e+00	0.00e+00	0.00e+00	0.00e+00	4.35e-141
 8.83322e+12	3.95e-37	1.77e-27	6.81e-19	7.49e-11	2.84e-02	9.37e-01	3.45e-02	0.00e+00	0.00e+00	0.00e+00	0.00e+00	0.00e+00	0.00e+00
 9.21648e+12	0.00e+00	2.57e-27	9.06e-19	9.08e-11	3.14e-02	9.37e-01	3.14e-02	0.00e+00	0.00e+00	0.00e+00	0.00e+00	0.00e+00	6.37e-140
 9.60346e+12	9.84e-37	3.70e-27	1.20e-18	1.10e-10	3.46e-02	9.37e-01	2.87e-02	0.00e+00	0.00e+00	0.00e+00	0.00e+00	0.00e+00	4.21e-226
 1.00059e+13	0.00e+00	5.32e-27	1.58e-18	1.32e-10	3.82e-02	9.36e-01	2.62e-02	0.00e+00	0.00e+00	0.00e+00	0.00e+00	0.00e+00	9.27e-139
 1.04210e+13	2.42e-36	7.64e-27	2.09e-18	1.59e-10	4.20e-02	9.34e-01	2.39e-02	0.00e+00	0.00e+00	0.00e+00	0.00e+00	0.00e+00	4.26e-225
 1.08288e+13	0.00e+00	1.08e-26	2.71e-18	1.90e-10	4.60e-02	9.32e-01	2.19e-02	0.00e+00	0.00e+00	0.00e+00	0.00e+00	0.00e+00	1.24e-137
 1.12680e+13	5.78e-36	1.54e-26	3.57e-18	2.29e-10	5.06e-02	9.29e-01	2.00e-02	0.00e+00	0.00e+00	0.00e+00	0.00e+00	0.00e+00	5.35e-225
 1.17486e+13	0.00e+00	2.24e-26	4.76e-18	2.78e-10	5.58e-02	9.26e-01	1.81e-02	0.00e+00	0.00e+00	0.00e+00	0.00e+00	0.00e+00	1.83e-136
 1.22485e+13	1.47e-35	3.26e-26	6.36e-18	3.38e-10	6.15e-02	9.22e-01	1.64e-02	0.00e+00	0.00e+00	0.00e+00	0.00e+00	0.00e+00	0.00e+00
 1.27683e+13	0.00e+00	4.75e-26	8.49e-18	4.10e-10	6.79e-02	9.17e-01	1.48e-02	0.00e+00	0.00e+00	0.00e+00	0.00e+00	0.00e+00	2.89e-135
 1.33090e+13	3.73e-35	6.91e-26	1.13e-17	4.98e-10	7.48e-02	9.12e-01	1.34e-02	0.00e+00	0.00e+00	0.00e+00	0.00e+00	0.00e+00	8.69e-99
 1.37980e+13	0.00e+00	9.59e-26	1.46e-17	5.90e-10	8.13e-02	9.06e-01	1.22e-02	0.00e+00	0.00e+00	0.00e+00	0.00e+00	0.00e+00	0.00e+00
 1.42053e+13	7.77e-35	1.25e-25	1.79e-17	6.76e-10	8.70e-02	9.02e-01	1.13e-02	0.00e+00	0.00e+00	0.00e+00	0.00e+00	0.00e+00	6.38e-116
 1.46515e+13	1.10e-34	1.65e-25	2.22e-17	7.82e-10	9.34e-02	8.96e-01	1.05e-02	0.00e+00	0.00e+00	0.00e+00	0.00e+00	0.00e+00	9.36e-98
 1.52168e+13	1.68e-34	2.33e-25	2.90e-17	9.34e-10	1.02e-01	8.89e-01	9.49e-03	0.00e+00	0.00e+00	0.00e+00	0.00e+00	0.00e+00	0.00e+00
 1.58066e+13	2.57e-34	3.28e-25	3.78e-17	1.12e-09	1.11e-01	8.80e-01	8.58e-03	0.00e+00	0.00e+00	0.00e+00	0.00e+00	0.00e+00	1.47e-114
 1.63072e+13	3.65e-34	4.34e-25	4.71e-17	1.29e-09	1.19e-01	8.73e-01	7.89e-03	0.00e+00	0.00e+00	0.00e+00	0.00e+00	0.00e+00	1.29e-96
 1.68221e+13	5.15e-34	5.74e-25	5.84e-17	1.49e-09	1.28e-01	8.65e-01	7.26e-03	0.00e+00	0.00e+00	0.00e+00	0.00e+00	0.00e+00	0.00e+00
 1.74703e+13	7.82e-34	8.05e-25	7.60e-17	1.78e-09	1.39e-01	8.55e-01	6.55e-03	0.00e+00	0.00e+00	0.00e+00	0.00e+00	0.00e+00	2.73e-113
 1.81289e+13	1.18e-33	1.12e-24	9.83e-17	2.11e-09	1.50e-01	8.44e-01	5.91e-03	0.00e+00	0.00e+00	0.00e+00	0.00e+00	0.00e+00	1.67e-95
 1.86940e+13	1.64e-33	1.47e-24	1.21e-16	2.43e-09	1.61e-01	8.34e-01	5.42e-03	0.00e+00	0.00e+00	0.00e+00	0.00e+00	0.00e+00	1.94e-112
 1.93003e+13	2.32e-33	1.94e-24	1.51e-16	2.81e-09	1.72e-01	8.23e-01	4.95e-03	0.00e+00	0.00e+00	0.00e+00	0.00e+00	0.00e+00	7.38e-95
 2.00509e+13	3.51e-33	2.71e-24	1.96e-16	3.35e-09	1.86e-01	8.09e-01	4.44e-03	0.00e+00	0.00e+00	0.00e+00	0.00e+00	0.00e+00	1.44e-111
 2.08204e+13	5.25e-33	3.76e-24	2.53e-16	3.96e-09	2.01e-01	7.95e-01	3.98e-03	0.00e+00	0.00e+00	0.00e+00	0.00e+00	0.00e+00	4.36e-94
 2.15133e+13	7.42e-33	4.98e-24	3.15e-16	4.59e-09	2.15e-01	7.82e-01	3.61e-03	0.00e+00	0.00e+00	0.00e+00	0.00e+00	0.00e+00	1.06e-110
 2.22750e+13	1.07e-32	6.69e-24	3.96e-16	5.34e-09	2.30e-01	7.67e-01	3.26e-03	0.00e+00	0.00e+00	0.00e+00	0.00e+00	0.00e+00	2.07e-93
 2.31746e+13	1.61e-32	9.34e-24	5.14e-16	6.35e-09	2.48e-01	7.49e-01	2.89e-03	0.00e+00	0.00e+00	0.00e+00	0.00e+00	0.00e+00	8.54e-110
 2.40754e+13	2.39e-32	1.28e-23	6.60e-16	7.48e-09	2.66e-01	7.32e-01	2.57e-03	0.00e+00	0.00e+00	0.00e+00	0.00e+00	0.00e+00	1.21e-92
 2.49296e+13	3.40e-32	1.71e-23	8.25e-16	8.67e-09	2.83e-01	7.15e-01	2.31e-03	0.00e+00	0.00e+00	0.00e+00	0.00e+00	0.00e+00	6.44e-109
 2.58740e+13	4.94e-32	2.31e-23	1.05e-15	1.01e-08	3.02e-01	6.96e-01	2.06e-03	0.00e+00	0.00e+00	0.00e+00	0.00e+00	0.00e+00	6.03e-92
 2.69389e+13	7.38e-32	3.20e-23	1.35e-15	1.20e-08	3.23e-01	6.75e-01	1.81e-03	0.00e+00	0.00e+00	0.00e+00	0.00e+00	0.00e+00	5.35e-108
 2.80019e+13	1.08e-31	4.36e-23	1.71e-15	1.40e-08	3.45e-01	6.54e-01	1.60e-03	0.00e+00	0.00e+00	0.00e+00	0.00e+00	0.00e+00	3.42e-91
 2.89414e+13	1.49e-31	5.65e-23	2.10e-15	1.60e-08	3.63e-01	6.36e-01	1.44e-03	0.00e+00	0.00e+00	0.00e+00	0.00e+00	0.00e+00	3.71e-107
 2.97296e+13	1.92e-31	6.96e-23	2.47e-15	1.77e-08	3.78e-01	6.20e-01	1.32e-03	0.00e+00	0.00e+00	0.00e+00	0.00e+00	0.00e+00	1.25e-90
 3.05777e+13	2.51e-31	8.64e-23	2.92e-15	1.98e-08	3.94e-01	6.04e-01	1.20e-03	0.00e+00	0.00e+00	0.00e+00	0.00e+00	0.00e+00	1.61e-106
 3.16804e+13	3.51e-31	1.13e-22	3.60e-15	2.27e-08	4.15e-01	5.84e-01	1.07e-03	0.00e+00	0.00e+00	0.00e+00	0.00e+00	0.00e+00	4.86e-90
 3.28336e+13	4.90e-31	1.48e-22	4.45e-15	2.59e-08	4.36e-01	5.63e-01	9.44e-04	0.00e+00	0.00e+00	0.00e+00	0.00e+00	0.00e+00	1.06e-105
 3.38166e+13	6.44e-31	1.85e-22	5.28e-15	2.89e-08	4.54e-01	5.46e-01	8.53e-04	0.00e+00	0.00e+00	0.00e+00	0.00e+00	0.00e+00	1.92e-89
 3.48587e+13	8.50e-31	2.31e-22	6.28e-15	3.23e-08	4.72e-01	5.28e-01	7.69e-04	0.00e+00	0.00e+00	0.00e+00	0.00e+00	0.00e+00	5.10e-105
 3.61716e+13	1.19e-30	3.03e-22	7.74e-15	3.69e-08	4.94e-01	5.06e-01	6.75e-04	0.00e+00	0.00e+00	0.00e+00	0.00e+00	0.00e+00	7.85e-89
 3.75242e+13	1.65e-30	3.96e-22	9.51e-15	4.21e-08	5.15e-01	4.84e-01	5.93e-04	0.00e+00	0.00e+00	0.00e+00	0.00e+00	0.00e+00	3.46e-104
 3.87127e+13	2.18e-30	4.94e-22	1.13e-14	4.69e-08	5.34e-01	4.66e-01	5.30e-04	0.00e+00	0.00e+00	0.00e+00	0.00e+00	0.00e+00	3.19e-88
 4.00006e+13	2.90e-30	6.23e-22	1.35e-14	5.24e-08	5.53e-01	4.47e-01	4.72e-04	0.00e+00	0.00e+00	0.00e+00	0.00e+00	0.00e+00	1.80e-103
 4.14257e+13	3.94e-30	7.97e-22	1.63e-14	5.90e-08	5.73e-01	4.26e-01	4.15e-04	0.00e+00	0.00e+00	0.00e+00	0.00e+00	0.00e+00	1.27e-87
 4.27435e+13	5.16e-30	9.90e-22	1.93e-14	6.55e-08	5.91e-01	4.08e-01	3.70e-04	0.00e+00	0.00e+00	0.00e+00	0.00e+00	0.00e+00	9.82e-103
 4.41712e+13	6.83e-30	1.24e-21	2.29e-14	7.29e-08	6.10e-01	3.90e-01	3.27e-04	0.00e+00	0.00e+00	0.00e+00	0.00e+00	0.00e+00	4.68e-87
 4.57609e+13	9.22e-30	1.58e-21	2.76e-14	8.17e-08	6.29e-01	3.71e-01	2.87e-04	0.00e+00	0.00e+00	0.00e+00	0.00e+00	0.00e+00	5.57e-102
 4.72462e+13	1.21e-29	1.96e-21	3.25e-14	9.04e-08	6.46e-01	3.54e-01	2.54e-04	0.00e+00	0.00e+00	0.00e+00	0.00e+00	0.00e+00	1.81e-86
 4.88622e+13	1.60e-29	2.45e-21	3.86e-14	1.00e-07	6.64e-01	3.36e-01	2.24e-04	0.00e+00	0.00e+00	0.00e+00	0.00e+00	0.00e+00	2.92e-101
 5.06600e+13	2.15e-29	3.11e-21	4.63e-14	1.12e-07	6.82e-01	3.18e-01	1.95e-04	0.00e+00	0.00e+00	0.00e+00	0.00e+00	0.00e+00	7.31e-86
 5.23408e+13	2.82e-29	3.85e-21	5.45e-14	1.24e-07	6.98e-01	3.02e-01	1.72e-04	0.00e+00	0.00e+00	0.00e+00	0.00e+00	0.00e+00	1.65e-100
 5.41723e+13	3.73e-29	4.82e-21	6.45e-14	1.37e-07	7.14e-01	2.85e-01	1.50e-04	0.00e+00	0.00e+00	0.00e+00	0.00e+00	0.00e+00	2.79e-85
 5.62179e+13	5.03e-29	6.12e-21	7.73e-14	1.53e-07	7.31e-01	2.68e-01	1.30e-04	0.00e+00	0.00e+00	0.00e+00	0.00e+00	0.00e+00	9.87e-100
 5.81436e+13	6.59e-29	7.60e-21	9.10e-14	1.68e-07	7.46e-01	2.54e-01	1.14e-04	0.00e+00	0.00e+00	0.00e+00	0.00e+00	0.00e+00	1.14e-84
 6.02491e+13	8.77e-29	9.52e-21	1.08e-13	1.86e-07	7.61e-01	2.39e-01	9.88e-05	0.00e+00	0.00e+00	0.00e+00	0.00e+00	0.00e+00	5.59e-99
 6.26081e+13	1.19e-28	1.21e-20	1.29e-13	2.07e-07	7.77e-01	2.23e-01	8.48e-05	0.00e+00	0.00e+00	0.00e+00	0.00e+00	0.00e+00	4.93e-84
 6.48447e+13	1.57e-28	1.51e-20	1.52e-13	2.27e-07	7.90e-01	2.10e-01	7.37e-05	0.00e+00	0.00e+00	0.00e+00	0.00e+00	0.00e+00	3.49e-98
 6.72456e+13	2.09e-28	1.89e-20	1.80e-13	2.51e-07	8.03e-01	1.97e-01	6.37e-05	0.00e+00	0.00e+00	0.00e+00	0.00e+00	0.00e+00	2.05e-83
 6.99654e+13	2.85e-28	2.42e-20	2.16e-13	2.79e-07	8.17e-01	1.83e-01	5.43e-05	0.00e+00	0.00e+00	0.00e+00	0.00e+00	0.00e+00	2.32e-97
 7.26520e+13	3.82e-28	3.05e-20	2.56e-13	3.07e-07	8.29e-01	1.71e-01	4.67e-05	0.00e+00	0.00e+00	0.00e+00	0.00e+00	0.00e+00	9.51e-83
 7.54462e+13	5.12e-28	3.84e-20	3.04e-13	3.39e-07	8.40e-01	1.60e-01	4.01e-05	0.00e+00	0.00e+00	0.00e+00	0.00e+00	0.00e+00	1.52e-96
 7.84940e+13	6.96e-28	4.89e-20	3.63e-13	3.75e-07	8.52e-01	1.48e-01	3.41e-05	0.00e+00	0.00e+00	0.00e+00	0.00e+00	0.00e+00	4.46e-82
 8.16636e+13	9.48e-28	6.23e-20	4.32e-13	4.13e-07	8.62e-01	1.38e-01	2.91e-05	0.00e+00	0.00e+00	0.00e+00	0.00e+00	0.00e+00	1.10e-95
 8.46583e+13	1.25e-27	7.74e-20	5.06e-13	4.52e-07	8.71e-01	1.29e-01	2.51e-05	0.00e+00	0.00e+00	0.00e+00	0.00e+00	0.00e+00	2.05e-81
 8.73407e+13	1.59e-27	9.34e-20	5.80e-13	4.87e-07	8.79e-01	1.21e-01	2.22e-05	0.00e+00	0.00e+00	0.00e+00	0.00e+00	0.00e+00	5.88e-95
 8.98538e+13	1.98e-27	1.11e-19	6.56e-13	5.22e-07	8.85e-01	1.15e-01	1.97e-05	0.00e+00	0.00e+00	0.00e+00	0.00e+00	0.00e+00	6.82e-81
 9.26355e+13	2.50e-27	1.33e-19	7.48e-13	5.62e-07	8.92e-01	1.08e-01	1.74e-05	0.00e+00	0.00e+00	0.00e+00	0.00e+00	0.00e+00	2.56e-94
 9.57566e+13	3.24e-27	1.62e-19	8.63e-13	6.08e-07	8.98e-01	1.02e-01	1.52e-05	0.00e+00	0.00e+00	0.00e+00	0.00e+00	0.00e+00	2.50e-80
 9.87251e+13	4.09e-27	1.95e-19	9.84e-13	6.53e-07	9.04e-01	9.58e-02	1.35e-05	0.00e+00	0.00e+00	0.00e+00	0.00e+00	0.00e+00	1.27e-93
 1.01991e+14	5.26e-27	2.37e-19	1.13e-12	7.04e-07	9.10e-01	9.00e-02	1.18e-05	0.00e+00	0.00e+00	0.00e+00	0.00e+00	0.00e+00	9.07e-80
 1.05634e+14	6.90e-27	2.92e-19	1.31e-12	7.64e-07	9.16e-01	8.41e-02	1.02e-05	0.00e+00	0.00e+00	0.00e+00	0.00e+00	0.00e+00	6.95e-93
 1.09006e+14	8.80e-27	3.52e-19	1.50e-12	8.21e-07	9.21e-01	7.91e-02	9.00e-06	0.00e+00	0.00e+00	0.00e+00	0.00e+00	0.00e+00	3.56e-79
 1.12146e+14	1.10e-26	4.17e-19	1.69e-12	8.75e-07	9.25e-01	7.48e-02	8.03e-06	0.00e+00	0.00e+00	0.00e+00	0.00e+00	0.00e+00	3.14e-92
 1.15747e+14	1.40e-26	5.03e-19	1.93e-12	9.40e-07	9.30e-01	7.04e-02	7.07e-06	0.00e+00	0.00e+00	0.00e+00	0.00e+00	0.00e+00	1.24e-78
 1.20152e+14	1.87e-26	6.30e-19	2.25e-12	1.02e-06	9.35e-01	6.55e-02	6.08e-06	0.00e+00	0.00e+00	0.00e+00	0.00e+00	0.00e+00	1.80e-91
 1.24536e+14	2.46e-26	7.78e-19	2.61e-12	1.11e-06	9.39e-01	6.10e-02	5.25e-06	0.00e+00	0.00e+00	0.00e+00	0.00e+00	0.00e+00	5.68e-78
 1.28336e+14	3.12e-26	9.31e-19	2.96e-12	1.18e-06	9.42e-01	5.75e-02	4.66e-06	0.00e+00	0.00e+00	0.00e+00	0.00e+00	0.00e+00	9.54e-91
 1.32445e+14	3.99e-26	1.12e-18	3.37e-12	1.27e-06	9.46e-01	5.41e-02	4.11e-06	0.00e+00	0.00e+00	0.00e+00	0.00e+00	0.00e+00	2.09e-77
 1.37478e+14	5.35e-26	1.41e-18	3.93e-12	1.37e-06	9.50e-01	5.03e-02	3.54e-06	0.00e+00	0.00e+00	0.00e+00	0.00e+00	0.00e+00	5.54e-90
 1.42615e+14	7.09e-26	1.75e-18	4.57e-12	1.48e-06	9.53e-01	4.68e-02	3.05e-06	0.00e+00	0.00e+00	0.00e+00	0.00e+00	0.00e+00	9.97e-77
 1.47246e+14	9.13e-26	2.11e-18	5.21e-12	1.59e-06	9.56e-01	4.40e-02	2.69e-06	0.00e+00	0.00e+00	0.00e+00	0.00e+00	0.00e+00	1.98e-76
 1.52317e+14	1.19e-25	2.59e-18	5.98e-12	1.71e-06	9.59e-01	4.12e-02	2.35e-06	0.00e+00	0.00e+00	0.00e+00	0.00e+00	0.00e+00	4.10e-76
 1.58302e+14	1.62e-25	3.26e-18	6.99e-12	1.85e-06	9.62e-01	3.82e-02	2.02e-06	0.00e+00	0.00e+00	0.00e+00	0.00e+00	0.00e+00	9.46e-76
 1.64274e+14	2.16e-25	4.06e-18	8.13e-12	2.00e-06	9.64e-01	3.55e-02	1.74e-06	0.00e+00	0.00e+00	0.00e+00	0.00e+00	0.00e+00	2.07e-75
 1.69869e+14	2.82e-25	4.96e-18	9.31e-12	2.14e-06	9.67e-01	3.33e-02	1.53e-06	0.00e+00	0.00e+00	0.00e+00	0.00e+00	0.00e+00	4.30e-75
 1.76079e+14	3.75e-25	6.17e-18	1.08e-11	2.30e-06	9.69e-01	3.11e-02	1.33e-06	0.00e+00	0.00e+00	0.00e+00	0.00e+00	0.00e+00	9.46e-75
 1.83152e+14	5.10e-25	7.78e-18	1.26e-11	2.50e-06	9.71e-01	2.88e-02	1.13e-06	0.00e+00	0.00e+00	0.00e+00	0.00e+00	0.00e+00	2.18e-74
 1.90185e+14	6.90e-25	9.75e-18	1.47e-11	2.70e-06	9.73e-01	2.68e-02	9.77e-07	0.00e+00	0.00e+00	0.00e+00	0.00e+00	0.00e+00	5.01e-74
 1.97500e+14	9.33e-25	1.22e-17	1.71e-11	2.91e-06	9.75e-01	2.49e-02	0.00e+00	0.00e+00	0.00e+00	0.00e+00	0.00e+00	0.00e+00	1.15e-73
 2.05430e+14	1.27e-24	1.55e-17	2.00e-11	3.16e-06	9.77e-01	2.30e-02	0.00e+00	0.00e+00	0.00e+00	0.00e+00	0.00e+00	0.00e+00	2.71e-73
 2.13677e+14	1.74e-24	1.96e-17	2.34e-11	3.42e-06	9.79e-01	2.13e-02	0.00e+00	0.00e+00	0.00e+00	0.00e+00	0.00e+00	0.00e+00	6.33e-73
 2.22254e+14	2.38e-24	2.48e-17	2.74e-11	3.70e-06	9.80e-01	1.98e-02	0.00e+00	0.00e+00	0.00e+00	0.00e+00	0.00e+00	0.00e+00	1.51e-72
 2.30583e+14	3.19e-24	3.09e-17	3.17e-11	3.98e-06	9.82e-01	1.84e-02	0.00e+00	0.00e+00	0.00e+00	0.00e+00	0.00e+00	0.00e+00	3.39e-72
 2.38432e+14	4.16e-24	3.77e-17	3.63e-11	4.26e-06	9.83e-01	1.72e-02	0.00e+00	0.00e+00	0.00e+00	0.00e+00	0.00e+00	0.00e+00	7.03e-72
 2.45818e+14	5.28e-24	4.52e-17	4.10e-11	4.53e-06	9.84e-01	1.62e-02	0.00e+00	0.00e+00	0.00e+00	0.00e+00	1.46e-17	3.06e-17	1.35e-71
 2.53854e+14	6.83e-24	5.48e-17	4.66e-11	4.83e-06	9.85e-01	1.52e-02	0.00e+00	0.00e+00	0.00e+00	0.00e+00	1.82e-17	3.66e-17	2.75e-71
 2.62858e+14	9.02e-24	6.75e-17	5.36e-11	5.18e-06	9.86e-01	1.42e-02	0.00e+00	0.00e+00	0.00e+00	0.00e+00	2.24e-17	4.51e-17	5.92e-71
 2.71385e+14	1.16e-23	8.16e-17	6.09e-11	5.52e-06	9.87e-01	1.34e-02	0.00e+00	0.00e+00	0.00e+00	0.00e+00	2.71e-17	5.45e-17	1.19e-70
 2.80735e+14	1.51e-23	9.96e-17	6.97e-11	5.91e-06	9.87e-01	1.25e-02	0.00e+00	0.00e+00	0.00e+00	0.00e+00	3.31e-17	6.65e-17	2.45e-70
 2.91179e+14	2.02e-23	1.24e-16	8.06e-11	6.36e-06	9.88e-01	1.16e-02	0.00e+00	0.00e+00	0.00e+00	0.00e+00	4.11e-17	8.27e-17	5.44e-70
 3.01120e+14	2.64e-23	1.51e-16	9.22e-11	6.80e-06	9.89e-01	1.09e-02	0.00e+00	0.00e+00	0.00e+00	0.00e+00	5.03e-17	1.01e-16	1.14e-69
 3.12034e+14	3.49e-23	1.87e-16	1.06e-10	7.31e-06	9.90e-01	1.02e-02	0.00e+00	0.00e+00	0.00e+00	0.00e+00	6.21e-17	1.25e-16	2.46e-69
 3.24279e+14	4.71e-23	2.34e-16	1.24e-10	7.90e-06	9.91e-01	9.40e-03	0.00e+00	0.00e+00	0.00e+00	0.00e+00	7.78e-17	1.57e-16	5.56e-69
 3.36107e+14	6.26e-23	2.91e-16	1.43e-10	8.49e-06	9.91e-01	8.76e-03	0.00e+00	0.00e+00	0.00e+00	0.00e+00	9.65e-17	1.94e-16	1.23e-68
 3.48674e+14	8.30e-23	3.60e-16	1.66e-10	9.15e-06	9.92e-01	8.13e-03	0.00e+00	0.00e+00	0.00e+00	0.00e+00	1.19e-16	2.40e-16	2.64e-68
 3.61527e+14	1.11e-22	4.47e-16	1.92e-10	9.83e-06	9.92e-01	7.58e-03	0.00e+00	0.00e+00	0.00e+00	0.00e+00	1.48e-16	2.99e-16	5.89e-68
 3.72903e+14	1.41e-22	5.36e-16	2.17e-10	1.05e-05	9.93e-01	7.12e-03	0.00e+00	0.00e+00	0.00e+00	0.00e+00	1.78e-16	3.58e-16	1.13e-67
 3.85262e+14	1.82e-22	6.52e-16	2.48e-10	1.12e-05	9.93e-01	6.67e-03	0.00e+00	0.00e+00	0.00e+00	0.00e+00	2.16e-16	4.36e-16	2.31e-67
 4.00108e+14	2.43e-22	8.12e-16	2.89e-10	1.21e-05	9.94e-01	6.18e-03	0.00e+00	0.00e+00	0.00e+00	0.00e+00	2.69e-16	5.43e-16	5.08e-67
 4.14783e+14	3.24e-22	1.01e-15	3.33e-10	1.30e-05	9.94e-01	5.76e-03	0.00e+00	0.00e+00	0.00e+00	0.00e+00	3.35e-16	6.74e-16	1.13e-66
 4.27899e+14	4.10e-22	1.21e-15	3.78e-10	1.38e-05	9.95e-01	5.40e-03	0.00e+00	0.00e+00	0.00e+00	0.00e+00	4.00e-16	8.06e-16	2.14e-66
 4.42390e+14	5.34e-22	1.47e-15	4.32e-10	1.48e-05	9.95e-01	5.06e-03	0.00e+00	0.00e+00	0.00e+00	0.00e+00	4.89e-16	9.84e-16	4.44e-66
 4.59607e+14	7.16e-22	1.84e-15	5.05e-10	1.60e-05	9.95e-01	4.68e-03	0.00e+00	0.00e+00	0.00e+00	0.00e+00	6.10e-16	1.23e-15	9.86e-66
 4.76588e+14	9.47e-22	2.28e-15	5.85e-10	1.72e-05	9.96e-01	4.35e-03	0.00e+00	0.00e+00	0.00e+00	0.00e+00	7.55e-16	1.52e-15	2.13e-65
 4.92053e+14	1.21e-21	2.74e-15	6.65e-10	1.84e-05	9.96e-01	4.08e-03	0.00e+00	0.00e+00	0.00e+00	0.00e+00	9.09e-16	1.83e-15	4.16e-65
 5.09326e+14	1.58e-21	3.36e-15	7.64e-10	1.97e-05	9.96e-01	3.80e-03	0.00e+00	0.00e+00	0.00e+00	0.00e+00	1.11e-15	2.24e-15	8.69e-65
 5.29486e+14	2.13e-21	4.23e-15	8.93e-10	2.13e-05	9.96e-01	3.52e-03	0.00e+00	0.00e+00	0.00e+00	0.00e+00	1.40e-15	2.83e-15	2.00e-64
 5.49346e+14	2.80e-21	5.21e-15	1.04e-09	2.30e-05	9.97e-01	3.26e-03	0.00e+00	0.00e+00	0.00e+00	0.00e+00	1.73e-15	3.48e-15	4.23e-64
 5.67996e+14	3.64e-21	6.36e-15	1.18e-09	2.46e-05	9.97e-01	3.05e-03	0.00e+00	0.00e+00	0.00e+00	0.00e+00	2.11e-15	4.25e-15	8.77e-64
 5.88742e+14	4.75e-21	7.78e-15	1.37e-09	2.65e-05	9.97e-01	2.83e-03	0.00e+00	0.00e+00	0.00e+00	0.00e+00	2.58e-15	5.20e-15	1.81e-63
 6.12322e+14	6.38e-21	9.76e-15	1.60e-09	2.87e-05	9.97e-01	2.62e-03	0.00e+00	0.00e+00	0.00e+00	0.00e+00	3.24e-15	6.53e-15	4.09e-63
 6.35817e+14	8.47e-21	1.21e-14	1.86e-09	3.10e-05	9.98e-01	2.42e-03	0.00e+00	0.00e+00	0.00e+00	0.00e+00	4.02e-15	8.11e-15	8.94e-63
 6.57729e+14	1.10e-20	1.48e-14	2.13e-09	3.32e-05	9.98e-01	2.26e-03	0.00e+00	0.00e+00	0.00e+00	0.00e+00	4.91e-15	9.92e-15	1.86e-62
 6.81546e+14	1.43e-20	1.81e-14	2.46e-09	3.57e-05	9.98e-01	2.10e-03	0.00e+00	0.00e+00	0.00e+00	0.00e+00	5.99e-15	1.21e-14	3.78e-62
 7.08184e+14	1.92e-20	2.27e-14	2.87e-09	3.86e-05	9.98e-01	1.95e-03	0.00e+00	0.00e+00	0.00e+00	0.00e+00	7.51e-15	1.52e-14	8.58e-62
 7.33030e+14	2.46e-20	2.74e-14	3.30e-09	4.14e-05	9.98e-01	1.81e-03	0.00e+00	0.00e+00	0.00e+00	0.00e+00	9.08e-15	1.83e-14	1.70e-61
 7.55964e+14	3.11e-20	3.29e-14	3.73e-09	4.41e-05	9.98e-01	1.70e-03	0.00e+00	0.00e+00	0.00e+00	0.00e+00	1.09e-14	2.20e-14	3.27e-61
 7.77958e+14	3.82e-20	3.84e-14	4.19e-09	4.68e-05	9.98e-01	1.61e-03	0.00e+00	0.00e+00	0.00e+00	0.00e+00	1.27e-14	2.57e-14	5.73e-61
 8.02446e+14	4.81e-20	4.59e-14	4.74e-09	4.98e-05	9.98e-01	1.51e-03	0.00e+00	0.00e+00	0.00e+00	0.00e+00	1.52e-14	3.07e-14	1.09e-60
 8.29554e+14	6.17e-20	5.57e-14	5.41e-09	5.32e-05	9.99e-01	1.41e-03	0.00e+00	0.00e+00	0.00e+00	0.00e+00	1.84e-14	3.72e-14	2.19e-60
 8.54822e+14	7.62e-20	6.55e-14	6.11e-09	5.66e-05	9.99e-01	1.32e-03	0.00e+00	0.00e+00	0.00e+00	0.00e+00	2.17e-14	4.38e-14	3.91e-60
 8.82422e+14	9.72e-20	7.90e-14	6.93e-09	6.04e-05	9.99e-01	1.24e-03	0.00e+00	0.00e+00	0.00e+00	0.00e+00	2.61e-14	5.28e-14	7.70e-60
 9.13415e+14	1.23e-19	9.51e-14	7.96e-09	6.48e-05	9.99e-01	1.15e-03	0.00e+00	0.00e+00	0.00e+00	0.00e+00	3.14e-14	6.36e-14	1.49e-59
 9.42788e+14	1.56e-19	1.14e-13	9.04e-09	6.91e-05	9.99e-01	1.08e-03	0.00e+00	0.00e+00	0.00e+00	0.00e+00	3.77e-14	7.63e-14	2.88e-59
 9.74945e+14	2.01e-19	1.38e-13	1.03e-08	7.39e-05	9.99e-01	1.01e-03	0.00e+00	0.00e+00	0.00e+00	0.00e+00	4.58e-14	9.26e-14	5.81e-59
 1.01064e+15	2.58e-19	1.68e-13	1.19e-08	7.96e-05	9.99e-01	9.39e-04	0.00e+00	0.00e+00	0.00e+00	0.00e+00	5.55e-14	1.12e-13	1.16e-58
 1.04371e+15	3.29e-19	2.03e-13	1.36e-08	8.49e-05	9.99e-01	8.79e-04	0.00e+00	0.00e+00	0.00e+00	0.00e+00	6.70e-14	1.36e-13	2.30e-58
 1.07946e+15	4.17e-19	2.43e-13	1.55e-08	9.10e-05	9.99e-01	8.20e-04	0.00e+00	0.00e+00	0.00e+00	0.00e+00	8.04e-14	1.63e-13	4.42e-58
 1.11927e+15	5.45e-19	3.00e-13	1.79e-08	9.79e-05	9.99e-01	7.61e-04	0.00e+00	0.00e+00	0.00e+00	0.00e+00	9.90e-14	2.01e-13	9.39e-58
 1.15667e+15	6.86e-19	3.58e-13	2.05e-08	1.05e-04	9.99e-01	7.11e-04	0.00e+00	0.00e+00	0.00e+00	0.00e+00	1.18e-13	2.40e-13	1.77e-57
 1.19760e+15	8.85e-19	4.37e-13	2.35e-08	1.12e-04	9.99e-01	6.62e-04	0.00e+00	0.00e+00	0.00e+00	0.00e+00	1.44e-13	2.93e-13	3.64e-57
 1.24310e+15	1.15e-18	5.35e-13	2.74e-08	1.21e-04	9.99e-01	6.12e-04	0.00e+00	0.00e+00	0.00e+00	0.00e+00	1.76e-13	3.58e-13	7.48e-57
 1.28542e+15	1.46e-18	6.44e-13	3.13e-08	1.30e-04	9.99e-01	5.72e-04	0.00e+00	0.00e+00	0.00e+00	0.00e+00	2.12e-13	4.31e-13	1.46e-56
 1.33129e+15	1.86e-18	7.79e-13	3.60e-08	1.40e-04	9.99e-01	5.31e-04	0.00e+00	0.00e+00	0.00e+00	0.00e+00	2.57e-13	5.22e-13	2.89e-56
 1.38272e+15	2.45e-18	9.68e-13	4.19e-08	1.51e-04	9.99e-01	4.91e-04	0.00e+00	0.00e+00	0.00e+00	0.00e+00	3.19e-13	6.49e-13	6.33e-56
 1.43158e+15	3.09e-18	1.16e-12	4.82e-08	1.62e-04	9.99e-01	4.56e-04	0.00e+00	0.00e+00	0.00e+00	0.00e+00	3.82e-13	7.78e-13	1.20e-55
 1.48406e+15	4.01e-18	1.43e-12	5.57e-08	1.75e-04	9.99e-01	4.23e-04	0.00e+00	0.00e+00	0.00e+00	0.00e+00	4.70e-13	9.56e-13	2.53e-55
 1.54228e+15	5.19e-18	1.74e-12	6.51e-08	1.89e-04	9.99e-01	3.90e-04	0.00e+00	0.00e+00	0.00e+00	0.00e+00	5.75e-13	1.17e-12	5.19e-55
 1.59852e+15	6.69e-18	2.14e-12	7.51e-08	2.04e-04	9.99e-01	3.62e-04	0.00e+00	0.00e+00	0.00e+00	0.00e+00	7.03e-13	1.43e-12	1.07e-54
 1.65817e+15	8.58e-18	2.59e-12	8.71e-08	2.20e-04	9.99e-01	3.34e-04	0.00e+00	0.00e+00	0.00e+00	0.00e+00	8.54e-13	1.74e-12	2.14e-54
 1.72453e+15	1.12e-17	3.22e-12	1.02e-07	2.39e-04	9.99e-01	3.08e-04	0.00e+00	0.00e+00	0.00e+00	0.00e+00	1.06e-12	2.16e-12	4.64e-54
 1.79100e+15	1.44e-17	3.92e-12	1.19e-07	2.59e-04	9.99e-01	2.83e-04	0.00e+00	0.00e+00	0.00e+00	0.00e+00	1.29e-12	2.63e-12	9.31e-54
 1.84605e+15	1.78e-17	4.63e-12	1.34e-07	2.76e-04	9.99e-01	2.66e-04	0.00e+00	0.00e+00	0.00e+00	0.00e+00	1.52e-12	3.11e-12	1.69e-53
 1.88864e+15	2.06e-17	5.22e-12	1.47e-07	2.90e-04	9.99e-01	2.53e-04	0.00e+00	0.00e+00	0.00e+00	0.00e+00	1.72e-12	3.50e-12	2.60e-53
 1.93506e+15	2.42e-17	5.95e-12	1.62e-07	3.06e-04	9.99e-01	2.40e-04	0.00e+00	0.00e+00	0.00e+00	0.00e+00	1.95e-12	3.99e-12	4.15e-53
 1.99541e+15	2.97e-17	6.99e-12	1.84e-07	3.27e-04	9.99e-01	2.24e-04	0.00e+00	0.00e+00	0.00e+00	0.00e+00	2.30e-12	4.69e-12	7.37e-53
 2.06076e+15	3.68e-17	8.30e-12	2.10e-07	3.50e-04	9.99e-01	2.09e-04	0.00e+00	0.00e+00	0.00e+00	0.00e+00	2.73e-12	5.57e-12	1.36e-52
 2.11961e+15	4.42e-17	9.66e-12	2.35e-07	3.72e-04	9.99e-01	1.96e-04	0.00e+00	0.00e+00	0.00e+00	0.00e+00	3.17e-12	6.48e-12	2.34e-52
 2.18314e+15	5.35e-17	1.12e-11	2.65e-07	3.97e-04	9.99e-01	1.84e-04	0.00e+00	4.47e-18	1.34e-17	2.24e-17	3.69e-12	7.55e-12	4.03e-52
 2.26344e+15	6.77e-17	1.36e-11	3.07e-07	4.30e-04	9.99e-01	1.70e-04	0.00e+00	5.66e-18	1.70e-17	2.84e-17	4.47e-12	9.15e-12	7.99e-52
 2.34447e+15	8.55e-17	1.65e-11	3.55e-07	4.65e-04	9.99e-01	1.57e-04	0.00e+00	7.15e-18	2.15e-17	3.59e-17	5.40e-12	1.11e-11	1.58e-51
 2.41278e+15	1.03e-16	1.91e-11	3.98e-07	4.95e-04	9.99e-01	1.47e-04	0.00e+00	8.58e-18	2.58e-17	4.31e-17	6.26e-12	1.28e-11	2.69e-51
 2.48563e+15	1.24e-16	2.23e-11	4.49e-07	5.28e-04	9.99e-01	1.38e-04	0.00e+00	1.04e-17	3.11e-17	5.19e-17	7.32e-12	1.50e-11	4.72e-51
 2.57736e+15	1.57e-16	2.70e-11	5.21e-07	5.73e-04	9.99e-01	1.27e-04	0.00e+00	1.31e-17	3.95e-17	6.59e-17	8.85e-12	1.81e-11	9.40e-51
 2.67224e+15	1.97e-16	3.26e-11	6.04e-07	6.21e-04	9.99e-01	1.17e-04	0.00e+00	1.66e-17	4.97e-17	8.30e-17	1.07e-11	2.19e-11	1.87e-50
 2.75564e+15	2.40e-16	3.83e-11	6.84e-07	6.65e-04	9.99e-01	1.09e-04	0.00e+00	2.01e-17	6.04e-17	1.01e-16	1.26e-11	2.57e-11	3.36e-50
 2.84551e+15	2.90e-16	4.51e-11	7.78e-07	7.14e-04	9.99e-01	1.02e-04	0.00e+00	2.44e-17	7.33e-17	1.22e-16	1.48e-11	3.03e-11	6.08e-50
 2.95426e+15	3.70e-16	5.49e-11	9.08e-07	7.78e-04	9.99e-01	9.32e-05	0.00e+00	3.12e-17	9.36e-17	1.56e-16	1.80e-11	3.69e-11	1.26e-49
 3.06200e+15	4.63e-16	6.61e-11	1.05e-06	8.44e-04	9.99e-01	8.59e-05	0.00e+00	3.90e-17	1.17e-16	1.96e-16	2.17e-11	4.44e-11	2.50e-49
 3.15723e+15	5.61e-16	7.76e-11	1.19e-06	9.04e-04	9.99e-01	8.01e-05	0.00e+00	4.73e-17	1.42e-16	2.37e-16	2.55e-11	5.21e-11	4.53e-49
 3.26171e+15	6.85e-16	9.16e-11	1.35e-06	9.73e-04	9.99e-01	7.43e-05	0.00e+00	5.79e-17	1.74e-16	2.90e-16	3.01e-11	6.15e-11	8.42e-49
 3.38720e+15	8.66e-16	1.12e-10	1.58e-06	1.06e-03	9.99e-01	6.82e-05	0.00e+00	7.33e-17	2.20e-16	3.68e-16	3.66e-11	7.50e-11	1.76e-48
 3.51252e+15	1.09e-15	1.35e-10	1.83e-06	1.15e-03	9.99e-01	6.28e-05	0.00e+00	9.25e-17	2.78e-16	4.64e-16	4.43e-11	9.07e-11	3.62e-48
 3.62662e+15	1.31e-15	1.58e-10	2.08e-06	1.24e-03	9.99e-01	5.84e-05	0.00e+00	1.11e-16	3.33e-16	5.56e-16	5.19e-11	1.06e-10	6.55e-48
 3.75360e+15	1.64e-15	1.90e-10	2.39e-06	1.34e-03	9.99e-01	5.39e-05	0.00e+00	1.39e-16	4.19e-16	6.99e-16	6.24e-11	1.28e-10	1.33e-47
 3.90190e+15	2.09e-15	2.33e-10	2.79e-06	1.46e-03	9.98e-01	4.93e-05	0.00e+00	1.78e-16	5.33e-16	8.91e-16	7.64e-11	1.56e-10	2.88e-47
 4.04778e+15	2.63e-15	2.83e-10	3.23e-06	1.59e-03	9.98e-01	4.53e-05	0.00e+00	2.24e-16	6.74e-16	1.12e-15	9.28e-11	1.90e-10	6.13e-47
 4.18555e+15	3.24e-15	3.36e-10	3.70e-06	1.71e-03	9.98e-01	4.20e-05	0.00e+00	2.76e-16	8.29e-16	1.38e-15	1.10e-10	2.26e-10	1.21e-46
 4.33907e+15	4.03e-15	4.06e-10	4.27e-06	1.85e-03	9.98e-01	3.87e-05	0.00e+00	3.44e-16	1.03e-15	1.73e-15	1.33e-10	2.72e-10	2.52e-46
 4.48447e+15	4.88e-15	4.79e-10	4.87e-06	2.00e-03	9.98e-01	3.59e-05	0.00e+00	4.17e-16	1.25e-15	2.09e-15	1.57e-10	3.22e-10	4.82e-46
 4.59281e+15	5.77e-15	5.48e-10	5.36e-06	2.11e-03	9.98e-01	3.40e-05	0.00e+00	4.93e-16	1.48e-15	2.47e-15	1.80e-10	3.68e-10	8.23e-46
 4.70330e+15	6.71e-15	6.22e-10	5.90e-06	2.22e-03	9.98e-01	3.22e-05	0.00e+00	5.75e-16	1.73e-15	2.88e-15	2.05e-10	4.18e-10	1.36e-45
 4.84694e+15	7.93e-15	7.22e-10	6.65e-06	2.38e-03	9.98e-01	3.01e-05	0.00e+00	6.80e-16	2.04e-15	3.41e-15	2.37e-10	4.85e-10	2.44e-45
 5.00249e+15	9.85e-15	8.63e-10	7.55e-06	2.56e-03	9.97e-01	2.80e-05	0.00e+00	8.45e-16	2.54e-15	4.24e-15	2.84e-10	5.79e-10	4.98e-45
 5.14177e+15	1.17e-14	1.00e-09	8.42e-06	2.72e-03	9.97e-01	2.63e-05	0.00e+00	1.01e-15	3.03e-15	5.05e-15	3.29e-10	6.72e-10	8.94e-45
 5.29108e+15	1.40e-14	1.16e-09	9.44e-06	2.90e-03	9.97e-01	2.46e-05	0.00e+00	1.20e-15	3.61e-15	6.02e-15	3.83e-10	7.81e-10	1.63e-44
 5.48300e+15	1.74e-14	1.41e-09	1.09e-05	3.14e-03	9.97e-01	2.27e-05	0.00e+00	1.50e-15	4.50e-15	7.51e-15	4.63e-10	9.44e-10	3.46e-44
 5.67773e+15	2.13e-14	1.68e-09	1.25e-05	3.40e-03	9.97e-01	2.10e-05	0.00e+00	1.84e-15	5.52e-15	9.22e-15	5.54e-10	1.13e-09	6.96e-44
 5.84029e+15	2.55e-14	1.96e-09	1.40e-05	3.62e-03	9.96e-01	1.97e-05	0.00e+00	2.20e-15	6.61e-15	1.10e-14	6.47e-10	1.32e-09	1.28e-43
 6.01358e+15	3.06e-14	2.30e-09	1.57e-05	3.87e-03	9.96e-01	1.85e-05	0.00e+00	2.65e-15	7.94e-15	1.33e-14	7.58e-10	1.54e-09	2.39e-43
 6.23377e+15	3.93e-14	2.83e-09	1.82e-05	4.19e-03	9.96e-01	1.71e-05	0.00e+00	3.40e-15	1.02e-14	1.70e-14	9.34e-10	1.90e-09	5.47e-43
 6.46464e+15	4.83e-14	3.41e-09	2.10e-05	4.54e-03	9.95e-01	1.58e-05	0.00e+00	4.18e-15	1.26e-14	2.10e-14	1.12e-09	2.28e-09	1.13e-42
 6.67014e+15	5.88e-14	4.05e-09	2.38e-05	4.87e-03	9.95e-01	1.47e-05	0.00e+00	5.10e-15	1.53e-14	2.55e-14	1.34e-09	2.72e-09	2.21e-42
 6.89296e+15	7.22e-14	4.85e-09	2.72e-05	5.24e-03	9.95e-01	1.37e-05	0.00e+00	6.27e-15	1.88e-14	3.14e-14	1.60e-09	3.25e-09	4.31e-42
 7.15930e+15	9.42e-14	6.08e-09	3.16e-05	5.71e-03	9.94e-01	1.26e-05	0.00e+00	8.19e-15	2.46e-14	4.10e-14	2.01e-09	4.07e-09	1.04e-41
 7.42263e+15	1.16e-13	7.31e-09	3.65e-05	6.18e-03	9.94e-01	1.17e-05	0.00e+00	1.01e-14	3.02e-14	5.04e-14	2.41e-09	4.90e-09	2.06e-41
 7.66043e+15	1.41e-13	8.73e-09	4.15e-05	6.63e-03	9.93e-01	1.09e-05	0.00e+00	1.23e-14	3.69e-14	6.16e-14	2.88e-09	5.85e-09	4.04e-41
 7.92460e+15	1.75e-13	1.05e-08	4.75e-05	7.15e-03	9.93e-01	1.02e-05	0.00e+00	1.53e-14	4.59e-14	7.65e-14	3.48e-09	7.06e-09	8.32e-41
 8.23540e+15	2.30e-13	1.33e-08	5.55e-05	7.80e-03	9.92e-01	9.42e-06	0.00e+00	2.01e-14	6.03e-14	1.01e-13	4.40e-09	8.92e-09	2.05e-40
 8.54186e+15	2.90e-13	1.64e-08	6.43e-05	8.46e-03	9.91e-01	8.75e-06	0.00e+00	2.54e-14	7.61e-14	1.27e-13	5.41e-09	1.10e-08	4.44e-40
 8.82731e+15	3.58e-13	1.97e-08	7.34e-05	9.09e-03	9.91e-01	8.20e-06	0.00e+00	3.13e-14	9.40e-14	1.57e-13	6.53e-09	1.32e-08	8.91e-40
 9.14717e+15	4.49e-13	2.41e-08	8.47e-05	9.84e-03	9.90e-01	7.64e-06	0.00e+00	3.93e-14	1.18e-13	1.97e-13	7.97e-09	1.61e-08	1.86e-39
 9.51309e+15	5.84e-13	3.03e-08	9.94e-05	1.07e-02	9.89e-01	7.09e-06	0.00e+00	5.13e-14	1.54e-13	2.57e-13	1.00e-08	2.03e-08	4.38e-39
 9.81760e+15	7.13e-13	3.64e-08	1.13e-04	1.15e-02	9.88e-01	6.69e-06	0.00e+00	6.27e-14	1.88e-13	3.14e-13	1.20e-08	2.43e-08	8.26e-39
 1.00328e+16	8.20e-13	4.12e-08	1.23e-04	1.21e-02	9.88e-01	6.43e-06	0.00e+00	7.21e-14	2.16e-13	3.61e-13	1.36e-08	2.76e-08	1.28e-38
 1.02566e+16	9.50e-13	4.68e-08	1.35e-04	1.27e-02	9.87e-01	6.18e-06	0.00e+00	8.35e-14	2.51e-13	4.18e-13	1.55e-08	3.13e-08	2.02e-38
 1.05475e+16	1.12e-12	5.43e-08	1.51e-04	1.35e-02	9.86e-01	5.88e-06	0.00e+00	9.89e-14	2.97e-13	4.95e-13	1.80e-08	3.63e-08	3.41e-38
 1.08726e+16	1.40e-12	6.58e-08	1.71e-04	1.44e-02	9.85e-01	5.58e-06	0.00e+00	1.23e-13	3.70e-13	6.18e-13	2.18e-08	4.40e-08	6.87e-38
 1.11766e+16	1.65e-12	7.62e-08	1.92e-04	1.53e-02	9.84e-01	5.33e-06	0.00e+00	1.46e-13	4.37e-13	7.29e-13	2.52e-08	5.10e-08	1.14e-37
 1.15066e+16	2.02e-12	9.17e-08	2.16e-04	1.64e-02	9.83e-01	5.07e-06	0.00e+00	1.79e-13	5.36e-13	8.95e-13	3.04e-08	6.13e-08	2.19e-37
 1.18733e+16	2.51e-12	1.11e-07	2.46e-04	1.75e-02	9.82e-01	4.83e-06	0.00e+00	2.22e-13	6.66e-13	1.11e-12	3.66e-08	7.40e-08	4.18e-37
 1.22178e+16	3.02e-12	1.30e-07	2.77e-04	1.87e-02	9.81e-01	4.62e-06	0.00e+00	2.67e-13	8.00e-13	1.33e-12	4.32e-08	8.72e-08	7.27e-37
 1.25956e+16	3.68e-12	1.54e-07	3.15e-04	2.00e-02	9.80e-01	4.42e-06	0.00e+00	3.26e-13	9.77e-13	1.63e-12	5.12e-08	1.03e-07	1.30e-36
 1.30176e+16	4.66e-12	1.91e-07	3.62e-04	2.16e-02	9.78e-01	4.21e-06	0.00e+00	4.13e-13	1.24e-12	2.07e-12	6.34e-08	1.28e-07	2.69e-36
 1.34140e+16	5.72e-12	2.29e-07	4.11e-04	2.30e-02	9.77e-01	4.05e-06	0.00e+00	5.07e-13	1.52e-12	2.54e-12	7.60e-08	1.53e-07	4.90e-36
 1.38461e+16	7.12e-12	2.77e-07	4.70e-04	2.47e-02	9.75e-01	3.88e-06	0.00e+00	6.32e-13	1.90e-12	3.16e-12	9.18e-08	1.85e-07	9.14e-36
 1.43179e+16	8.91e-12	3.35e-07	5.42e-04	2.67e-02	9.73e-01	3.72e-06	0.00e+00	7.91e-13	2.37e-12	3.96e-12	1.11e-07	2.24e-07	1.67e-35
 1.47527e+16	1.11e-11	4.10e-07	6.17e-04	2.86e-02	9.71e-01	3.60e-06	0.00e+00	9.89e-13	2.97e-12	4.95e-12	1.36e-07	2.74e-07	3.27e-35
 1.52295e+16	1.39e-11	4.97e-07	7.09e-04	3.08e-02	9.69e-01	3.46e-06	0.00e+00	1.24e-12	3.71e-12	6.19e-12	1.65e-07	3.32e-07	5.96e-35
 1.57494e+16	1.75e-11	6.04e-07	8.21e-04	3.32e-02	9.66e-01	3.34e-06	0.00e+00	1.56e-12	4.68e-12	7.81e-12	2.00e-07	4.03e-07	1.10e-34
 1.62237e+16	2.16e-11	7.28e-07	9.36e-04	3.56e-02	9.63e-01	3.24e-06	0.00e+00	1.93e-12	5.78e-12	9.65e-12	2.41e-07	4.86e-07	1.95e-34
 1.67384e+16	2.78e-11	9.07e-07	1.08e-03	3.84e-02	9.60e-01	3.15e-06	0.00e+00	2.48e-12	7.43e-12	1.24e-11	3.01e-07	6.06e-07	3.96e-34
 1.73029e+16	3.52e-11	1.12e-06	1.26e-03	4.16e-02	9.57e-01	3.06e-06	0.00e+00	3.14e-12	9.41e-12	1.57e-11	3.70e-07	7.45e-07	7.33e-34
 1.78227e+16	4.37e-11	1.33e-06	1.44e-03	4.46e-02	9.54e-01	2.98e-06	0.00e+00	3.90e-12	1.17e-11	1.95e-11	4.42e-07	8.90e-07	1.23e-33
 1.83038e+16	5.33e-11	1.59e-06	1.63e-03	4.77e-02	9.51e-01	2.92e-06	0.00e+00	4.76e-12	1.43e-11	2.38e-11	5.27e-07	1.06e-06	2.06e-33
 1.88441e+16	6.70e-11	1.93e-06	1.87e-03	5.13e-02	9.47e-01	2.85e-06	0.00e+00	5.99e-12	1.80e-11	3.00e-11	6.39e-07	1.29e-06	3.68e-33
 1.94356e+16	8.68e-11	2.43e-06	2.18e-03	5.56e-02	9.42e-01	2.80e-06	0.00e+00	7.77e-12	2.33e-11	3.89e-11	8.06e-07	1.62e-06	7.47e-33
 1.99669e+16	1.07e-10	2.91e-06	2.49e-03	5.96e-02	9.38e-01	2.75e-06	0.00e+00	9.57e-12	2.87e-11	4.79e-11	9.68e-07	1.95e-06	1.25e-32
 2.04215e+16	1.28e-10	3.41e-06	2.78e-03	6.32e-02	9.34e-01	2.72e-06	0.00e+00	1.15e-11	3.45e-11	5.75e-11	1.13e-06	2.28e-06	1.94e-32
 2.09031e+16	1.57e-10	4.04e-06	3.14e-03	6.74e-02	9.29e-01	2.68e-06	0.00e+00	1.41e-11	4.22e-11	7.03e-11	1.34e-06	2.70e-06	3.18e-32
 2.14271e+16	1.93e-10	4.73e-06	3.57e-03	7.20e-02	9.24e-01	2.65e-06	0.00e+00	1.73e-11	5.20e-11	8.66e-11	1.57e-06	3.16e-06	4.82e-32
 2.20061e+16	2.46e-10	5.91e-06	4.14e-03	7.79e-02	9.18e-01	2.62e-06	0.00e+00	2.21e-11	6.63e-11	1.11e-10	1.96e-06	3.94e-06	9.29e-32
 2.25709e+16	3.06e-10	7.09e-06	4.75e-03	8.36e-02	9.12e-01	2.59e-06	0.00e+00	2.75e-11	8.25e-11	1.38e-10	2.35e-06	4.73e-06	1.49e-31
 2.30181e+16	3.65e-10	8.16e-06	5.31e-03	8.86e-02	9.06e-01	2.57e-06	0.00e+00	3.28e-11	9.85e-11	1.64e-10	2.71e-06	5.45e-06	2.16e-31
 2.35005e+16	4.44e-10	9.62e-06	6.00e-03	9.45e-02	8.99e-01	2.55e-06	0.00e+00	4.00e-11	1.20e-10	2.00e-10	3.20e-06	6.42e-06	3.38e-31
 2.40435e+16	5.67e-10	1.19e-05	6.91e-03	1.02e-01	8.91e-01	2.55e-06	0.00e+00	5.11e-11	1.53e-10	2.56e-10	3.96e-06	7.95e-06	6.31e-31
 2.45396e+16	6.91e-10	1.40e-05	7.84e-03	1.09e-01	8.83e-01	2.54e-06	0.00e+00	6.23e-11	1.87e-10	3.12e-10	4.66e-06	9.36e-06	9.50e-31
 2.49811e+16	8.28e-10	1.62e-05	8.78e-03	1.15e-01	8.76e-01	2.53e-06	0.00e+00	7.47e-11	2.24e-10	3.74e-10	5.38e-06	1.08e-05	1.38e-30
