#depth	He	He+	He+2
 1.49634e+10	5.08e-24	7.10e-13	1.00e+00
 4.54887e+10	5.67e-24	7.67e-13	1.00e+00
 7.72350e+10	6.28e-24	8.30e-13	1.00e+00
 1.10251e+11	6.94e-24	8.97e-13	1.00e+00
 1.44588e+11	7.68e-24	9.70e-13	1.00e+00
 1.80298e+11	8.49e-24	1.05e-12	1.00e+00
 2.13619e+11	9.30e-24	1.13e-12	1.00e+00
 2.42982e+11	1.00e-23	1.20e-12	1.00e+00
 2.75748e+11	1.09e-23	1.28e-12	1.00e+00
 3.15118e+11	1.20e-23	1.38e-12	1.00e+00
 3.54411e+11	1.32e-23	1.48e-12	1.00e+00
 3.90320e+11	1.43e-23	1.58e-12	1.00e+00
 4.30491e+11	1.56e-23	1.69e-12	1.00e+00
 4.77223e+11	1.72e-23	1.83e-12	1.00e+00
 5.23072e+11	1.89e-23	1.97e-12	1.00e+00
 5.66380e+11	2.06e-23	2.11e-12	1.00e+00
 6.14586e+11	2.26e-23	2.27e-12	1.00e+00
 6.69097e+11	2.51e-23	2.45e-12	1.00e+00
 7.23633e+11	2.77e-23	2.65e-12	1.00e+00
 7.80351e+11	3.06e-23	2.86e-12	1.00e+00
 8.41492e+11	3.39e-23	3.09e-12	1.00e+00
 9.05078e+11	3.77e-23	3.35e-12	1.00e+00
 9.71208e+11	4.19e-23	3.62e-12	1.00e+00
 1.03998e+12	4.66e-23	3.92e-12	1.00e+00
 1.11151e+12	5.19e-23	4.25e-12	1.00e+00
 1.18590e+12	5.79e-23	4.60e-12	1.00e+00
 1.26326e+12	6.46e-23	4.98e-12	1.00e+00
 1.34372e+12	7.22e-23	5.40e-12	1.00e+00
 1.42739e+12	8.09e-23	5.85e-12	1.00e+00
 1.51441e+12	9.06e-23	6.34e-12	1.00e+00
 1.60492e+12	1.02e-22	6.87e-12	1.00e+00
 1.69265e+12	1.13e-22	7.40e-12	1.00e+00
 1.77318e+12	1.25e-22	7.91e-12	1.00e+00
 1.86272e+12	1.39e-22	8.51e-12	1.00e+00
 1.96656e+12	1.57e-22	9.22e-12	1.00e+00
 2.06921e+12	1.76e-22	9.95e-12	1.00e+00
 2.17596e+12	1.98e-22	1.08e-11	1.00e+00
 2.29293e+12	2.24e-22	1.17e-11	1.00e+00
 2.41126e+12	2.54e-22	1.26e-11	1.00e+00
 2.53434e+12	2.87e-22	1.37e-11	1.00e+00
 2.66564e+12	3.27e-22	1.49e-11	1.00e+00
 2.80219e+12	3.72e-22	1.61e-11	1.00e+00
 2.94420e+12	4.25e-22	1.75e-11	1.00e+00
 3.09190e+12	4.86e-22	1.90e-11	1.00e+00
 3.24550e+12	5.56e-22	2.07e-11	1.00e+00
 3.40525e+12	6.37e-22	2.25e-11	1.00e+00
 3.57138e+12	7.31e-22	2.45e-11	1.00e+00
 3.72760e+12	8.30e-22	2.64e-11	1.00e+00
 3.86732e+12	9.26e-22	2.82e-11	1.00e+00
 4.02417e+12	1.04e-21	3.04e-11	1.00e+00
 4.21004e+12	1.20e-21	3.30e-11	1.00e+00
 4.39684e+12	1.37e-21	3.58e-11	1.00e+00
 4.57217e+12	1.55e-21	3.85e-11	1.00e+00
 4.76604e+12	1.77e-21	4.17e-11	1.00e+00
 4.98661e+12	2.05e-21	4.55e-11	1.00e+00
 5.20675e+12	2.36e-21	4.95e-11	1.00e+00
 5.43570e+12	2.71e-21	5.38e-11	1.00e+00
 5.68306e+12	3.15e-21	5.88e-11	1.00e+00
 5.94030e+12	3.65e-21	6.43e-11	1.00e+00
 6.18295e+12	4.19e-21	6.97e-11	1.00e+00
 6.40145e+12	4.71e-21	7.49e-11	1.00e+00
 6.64755e+12	5.34e-21	8.10e-11	1.00e+00
 6.93735e+12	6.20e-21	8.86e-11	1.00e+00
 7.22690e+12	7.15e-21	9.65e-11	1.00e+00
 7.49967e+12	8.13e-21	1.04e-10	1.00e+00
 7.80122e+12	9.31e-21	1.14e-10	1.00e+00
 8.14320e+12	1.08e-20	1.25e-10	1.00e+00
 8.48144e+12	1.25e-20	1.37e-10	1.00e+00
 8.83322e+12	1.44e-20	1.49e-10	1.00e+00
 9.21648e+12	1.67e-20	1.64e-10	1.00e+00
 9.60346e+12	1.93e-20	1.81e-10	1.00e+00
 1.00059e+13	2.23e-20	1.98e-10	1.00e+00
 1.04210e+13	2.57e-20	2.18e-10	1.00e+00
 1.08288e+13	2.93e-20	2.38e-10	1.00e+00
 1.12680e+13	3.36e-20	2.62e-10	1.00e+00
 1.17486e+13	3.88e-20	2.89e-10	1.00e+00
 1.22485e+13	4.47e-20	3.19e-10	1.00e+00
 1.27683e+13	5.14e-20	3.53e-10	1.00e+00
 1.33090e+13	5.90e-20	3.91e-10	1.00e+00
 1.37980e+13	6.65e-20	4.27e-10	1.00e+00
 1.42053e+13	7.31e-20	4.59e-10	1.00e+00
 1.46515e+13	8.07e-20	4.95e-10	1.00e+00
 1.52168e+13	9.12e-20	5.44e-10	1.00e+00
 1.58066e+13	1.03e-19	5.99e-10	1.00e+00
 1.63072e+13	1.14e-19	6.48e-10	1.00e+00
 1.68221e+13	1.25e-19	7.01e-10	1.00e+00
 1.74703e+13	1.41e-19	7.71e-10	1.00e+00
 1.81289e+13	1.58e-19	8.47e-10	1.00e+00
 1.86940e+13	1.74e-19	9.16e-10	1.00e+00
 1.93003e+13	1.91e-19	9.93e-10	1.00e+00
 2.00509e+13	2.15e-19	1.09e-09	1.00e+00
 2.08204e+13	2.41e-19	1.20e-09	1.00e+00
 2.15133e+13	2.66e-19	1.31e-09	1.00e+00
 2.22750e+13	2.96e-19	1.43e-09	1.00e+00
 2.31746e+13	3.34e-19	1.58e-09	1.00e+00
 2.40754e+13	3.77e-19	1.74e-09	1.00e+00
 2.49296e+13	4.22e-19	1.90e-09	1.00e+00
 2.58740e+13	4.76e-19	2.08e-09	1.00e+00
 2.69389e+13	5.44e-19	2.30e-09	1.00e+00
 2.80019e+13	6.21e-19	2.54e-09	1.00e+00
 2.89414e+13	6.97e-19	2.75e-09	1.00e+00
 2.97296e+13	7.67e-19	2.94e-09	1.00e+00
 3.05777e+13	8.48e-19	3.15e-09	1.00e+00
 3.16804e+13	9.66e-19	3.43e-09	1.00e+00
 3.28336e+13	1.11e-18	3.75e-09	1.00e+00
 3.38166e+13	1.24e-18	4.03e-09	1.00e+00
 3.48587e+13	1.39e-18	4.34e-09	1.00e+00
 3.61716e+13	1.61e-18	4.74e-09	1.00e+00
 3.75242e+13	1.86e-18	5.18e-09	1.00e+00
 3.87127e+13	2.12e-18	5.58e-09	1.00e+00
 4.00006e+13	2.42e-18	6.04e-09	1.00e+00
 4.14257e+13	2.80e-18	6.57e-09	1.00e+00
 4.27435e+13	3.19e-18	7.08e-09	1.00e+00
 4.41712e+13	3.67e-18	7.65e-09	1.00e+00
 4.57609e+13	4.27e-18	8.32e-09	1.00e+00
 4.72462e+13	4.90e-18	8.97e-09	1.00e+00
 4.88622e+13	5.67e-18	9.71e-09	1.00e+00
 5.06600e+13	6.64e-18	1.06e-08	1.00e+00
 5.23408e+13	7.66e-18	1.14e-08	1.00e+00
 5.41723e+13	8.90e-18	1.23e-08	1.00e+00
 5.62179e+13	1.05e-17	1.35e-08	1.00e+00
 5.81436e+13	1.22e-17	1.45e-08	1.00e+00
 6.02491e+13	1.42e-17	1.58e-08	1.00e+00
 6.26081e+13	1.68e-17	1.72e-08	1.00e+00
 6.48447e+13	1.97e-17	1.87e-08	1.00e+00
 6.72456e+13	2.30e-17	2.03e-08	1.00e+00
 6.99654e+13	2.75e-17	2.22e-08	1.00e+00
 7.26520e+13	3.24e-17	2.41e-08	1.00e+00
 7.54462e+13	3.82e-17	2.62e-08	1.00e+00
 7.84940e+13	4.55e-17	2.87e-08	1.00e+00
 8.16636e+13	5.39e-17	3.12e-08	1.00e+00
 8.46583e+13	6.30e-17	3.38e-08	1.00e+00
 8.73407e+13	7.22e-17	3.62e-08	1.00e+00
 8.98538e+13	8.17e-17	3.86e-08	1.00e+00
 9.26355e+13	9.31e-17	4.12e-08	1.00e+00
 9.57566e+13	1.07e-16	4.42e-08	1.00e+00
 9.87251e+13	1.22e-16	4.73e-08	1.00e+00
 1.01991e+14	1.40e-16	5.07e-08	1.00e+00
 1.05634e+14	1.63e-16	5.46e-08	1.00e+00
 1.09006e+14	1.86e-16	5.84e-08	1.00e+00
 1.12146e+14	2.10e-16	6.20e-08	1.00e+00
 1.15747e+14	2.39e-16	6.63e-08	1.00e+00
 1.20152e+14	2.79e-16	7.17e-08	1.00e+00
 1.24536e+14	3.25e-16	7.73e-08	1.00e+00
 1.28336e+14	3.68e-16	8.23e-08	1.00e+00
 1.32445e+14	4.18e-16	8.78e-08	1.00e+00
 1.37478e+14	4.86e-16	9.48e-08	1.00e+00
 1.42615e+14	5.66e-16	1.02e-07	1.00e+00
 1.47246e+14	6.44e-16	1.09e-07	1.00e+00
 1.52317e+14	7.37e-16	1.17e-07	1.00e+00
 1.58302e+14	8.60e-16	1.26e-07	1.00e+00
 1.64274e+14	9.99e-16	1.36e-07	1.00e+00
 1.69869e+14	1.14e-15	1.46e-07	1.00e+00
 1.76079e+14	1.31e-15	1.56e-07	1.00e+00
 1.83152e+14	1.54e-15	1.69e-07	1.00e+00
 1.90185e+14	1.78e-15	1.82e-07	1.00e+00
 1.97500e+14	2.06e-15	1.96e-07	1.00e+00
 2.05430e+14	2.41e-15	2.12e-07	1.00e+00
 2.13677e+14	2.81e-15	2.30e-07	1.00e+00
 2.22254e+14	3.27e-15	2.48e-07	1.00e+00
 2.30583e+14	3.77e-15	2.67e-07	1.00e+00
 2.38432e+14	4.30e-15	2.85e-07	1.00e+00
 2.45818e+14	4.85e-15	3.03e-07	1.00e+00
 2.53854e+14	5.49e-15	3.22e-07	1.00e+00
 2.62858e+14	6.28e-15	3.45e-07	1.00e+00
 2.71385e+14	7.11e-15	3.68e-07	1.00e+00
 2.80735e+14	8.12e-15	3.93e-07	1.00e+00
 2.91179e+14	9.36e-15	4.23e-07	1.00e+00
 3.01120e+14	1.07e-14	4.52e-07	1.00e+00
 3.12034e+14	1.22e-14	4.85e-07	1.00e+00
 3.24279e+14	1.42e-14	5.24e-07	1.00e+00
 3.36107e+14	1.63e-14	5.62e-07	1.00e+00
 3.48674e+14	1.89e-14	6.05e-07	1.00e+00
 3.61527e+14	2.17e-14	6.50e-07	1.00e+00
 3.72903e+14	2.45e-14	6.93e-07	1.00e+00
 3.85262e+14	2.78e-14	7.39e-07	1.00e+00
 4.00108e+14	3.22e-14	8.00e-07	1.00e+00
 4.14783e+14	3.70e-14	8.58e-07	1.00e+00
 4.27899e+14	4.19e-14	9.16e-07	1.00e+00
 4.42390e+14	4.75e-14	9.78e-07	1.00e+00
 4.59607e+14	5.52e-14	1.06e-06	1.00e+00
 4.76588e+14	6.35e-14	1.14e-06	1.00e+00
 4.92053e+14	7.19e-14	1.22e-06	1.00e+00
 5.09326e+14	8.20e-14	1.31e-06	1.00e+00
 5.29486e+14	9.52e-14	1.41e-06	1.00e+00
 5.49346e+14	1.10e-13	1.52e-06	1.00e+00
 5.67996e+14	1.24e-13	1.63e-06	1.00e+00
 5.88742e+14	1.43e-13	1.75e-06	1.00e+00
 6.12322e+14	1.66e-13	1.90e-06	1.00e+00
 6.35817e+14	1.91e-13	2.05e-06	1.00e+00
 6.57729e+14	2.17e-13	2.20e-06	1.00e+00
 6.81546e+14	2.48e-13	2.36e-06	1.00e+00
 7.08184e+14	2.86e-13	2.55e-06	1.00e+00
 7.33030e+14	3.26e-13	2.74e-06	1.00e+00
 7.55964e+14	3.65e-13	2.92e-06	1.00e+00
 7.77958e+14	4.06e-13	3.09e-06	1.00e+00
 8.02446e+14	4.55e-13	3.29e-06	1.00e+00
 8.29554e+14	5.14e-13	3.52e-06	1.00e+00
 8.54822e+14	5.73e-13	3.75e-06	1.00e+00
 8.82422e+14	6.43e-13	4.00e-06	1.00e+00
 9.13415e+14	7.29e-13	4.29e-06	1.00e+00
 9.42788e+14	8.17e-13	4.58e-06	1.00e+00
 9.74945e+14	9.22e-13	4.90e-06	1.00e+00
 1.01064e+15	1.05e-12	5.27e-06	1.00e+00
 1.04371e+15	1.17e-12	5.62e-06	1.00e+00
 1.07946e+15	1.32e-12	6.03e-06	1.00e+00
 1.11927e+15	1.50e-12	6.49e-06	1.00e+00
 1.15667e+15	1.69e-12	6.94e-06	1.00e+00
 1.19760e+15	1.91e-12	7.45e-06	1.00e+00
 1.24310e+15	2.18e-12	8.05e-06	1.00e+00
 1.28542e+15	2.44e-12	8.62e-06	1.00e+00
 1.33129e+15	2.75e-12	9.26e-06	1.00e+00
 1.38272e+15	3.15e-12	1.00e-05	1.00e+00
 1.43158e+15	3.55e-12	1.08e-05	1.00e+00
 1.48406e+15	4.02e-12	1.16e-05	1.00e+00
 1.54228e+15	4.60e-12	1.26e-05	1.00e+00
 1.59852e+15	5.21e-12	1.35e-05	1.00e+00
 1.65817e+15	5.94e-12	1.47e-05	1.00e+00
 1.72453e+15	6.79e-12	1.59e-05	1.00e+00
 1.79100e+15	7.77e-12	1.73e-05	1.00e+00
 1.84605e+15	8.66e-12	1.84e-05	1.00e+00
 1.88864e+15	9.38e-12	1.93e-05	1.00e+00
 1.93506e+15	1.02e-11	2.04e-05	1.00e+00
 1.99541e+15	1.14e-11	2.18e-05	1.00e+00
 2.06076e+15	1.28e-11	2.34e-05	1.00e+00
 2.11961e+15	1.41e-11	2.48e-05	1.00e+00
 2.18314e+15	1.58e-11	2.65e-05	1.00e+00
 2.26344e+15	1.80e-11	2.87e-05	1.00e+00
 2.34447e+15	2.05e-11	3.10e-05	1.00e+00
 2.41278e+15	2.27e-11	3.31e-05	1.00e+00
 2.48563e+15	2.52e-11	3.53e-05	1.00e+00
 2.57736e+15	2.90e-11	3.83e-05	1.00e+00
 2.67224e+15	3.32e-11	4.16e-05	1.00e+00
 2.75564e+15	3.72e-11	4.45e-05	1.00e+00
 2.84551e+15	4.18e-11	4.79e-05	1.00e+00
 2.95426e+15	4.84e-11	5.22e-05	1.00e+00
 3.06200e+15	5.56e-11	5.66e-05	1.00e+00
 3.15723e+15	6.23e-11	6.06e-05	1.00e+00
 3.26171e+15	7.07e-11	6.54e-05	1.00e+00
 3.38720e+15	8.16e-11	7.12e-05	1.00e+00
 3.51252e+15	9.39e-11	7.73e-05	1.00e+00
 3.62662e+15	1.05e-10	8.31e-05	1.00e+00
 3.75360e+15	1.21e-10	9.00e-05	1.00e+00
 3.90190e+15	1.41e-10	9.83e-05	1.00e+00
 4.04778e+15	1.63e-10	1.07e-04	1.00e+00
 4.18555e+15	1.86e-10	1.15e-04	1.00e+00
 4.33907e+15	2.14e-10	1.25e-04	1.00e+00
 4.48447e+15	2.41e-10	1.35e-04	1.00e+00
 4.59281e+15	2.67e-10	1.42e-04	1.00e+00
 4.70330e+15	2.94e-10	1.50e-04	1.00e+00
 4.84694e+15	3.27e-10	1.61e-04	1.00e+00
 5.00249e+15	3.76e-10	1.73e-04	1.00e+00
 5.14177e+15	4.19e-10	1.84e-04	1.00e+00
 5.29108e+15	4.68e-10	1.96e-04	1.00e+00
 5.48300e+15	5.40e-10	2.13e-04	1.00e+00
 5.67773e+15	6.14e-10	2.30e-04	1.00e+00
 5.84029e+15	6.90e-10	2.46e-04	1.00e+00
 6.01358e+15	7.76e-10	2.63e-04	1.00e+00
 6.23377e+15	9.08e-10	2.85e-04	1.00e+00
 6.46464e+15	1.03e-09	3.09e-04	1.00e+00
 6.67014e+15	1.18e-09	3.32e-04	1.00e+00
 6.89296e+15	1.34e-09	3.57e-04	1.00e+00
 7.15930e+15	1.59e-09	3.89e-04	1.00e+00
 7.42263e+15	1.81e-09	4.22e-04	1.00e+00
 7.66043e+15	2.07e-09	4.53e-04	1.00e+00
 7.92460e+15	2.38e-09	4.89e-04	1.00e+00
 8.23540e+15	2.84e-09	5.34e-04	9.99e-01
 8.54186e+15	3.29e-09	5.79e-04	9.99e-01
 8.82731e+15	3.77e-09	6.24e-04	9.99e-01
 9.14717e+15	4.35e-09	6.75e-04	9.99e-01
 9.51309e+15	5.16e-09	7.38e-04	9.99e-01
 9.81760e+15	5.87e-09	7.92e-04	9.99e-01
 1.00328e+16	6.42e-09	8.32e-04	9.99e-01
 1.02566e+16	7.05e-09	8.74e-04	9.99e-01
 1.05475e+16	7.81e-09	9.31e-04	9.99e-01
 1.08726e+16	9.01e-09	9.98e-04	9.99e-01
 1.11766e+16	9.95e-09	1.06e-03	9.99e-01
 1.15066e+16	1.15e-08	1.14e-03	9.99e-01
 1.18733e+16	1.31e-08	1.22e-03	9.99e-01
 1.22178e+16	1.47e-08	1.30e-03	9.99e-01
 1.25956e+16	1.65e-08	1.39e-03	9.99e-01
 1.30176e+16	1.93e-08	1.51e-03	9.98e-01
 1.34140e+16	2.19e-08	1.61e-03	9.98e-01
 1.38461e+16	2.50e-08	1.74e-03	9.98e-01
 1.43179e+16	2.86e-08	1.88e-03	9.98e-01
 1.47527e+16	3.32e-08	2.02e-03	9.98e-01
 1.52295e+16	3.79e-08	2.18e-03	9.98e-01
 1.57494e+16	4.33e-08	2.36e-03	9.98e-01
 1.62237e+16	4.94e-08	2.54e-03	9.97e-01
 1.67384e+16	5.80e-08	2.74e-03	9.97e-01
 1.73029e+16	6.67e-08	2.98e-03	9.97e-01
 1.78227e+16	7.55e-08	3.21e-03	9.97e-01
 1.83038e+16	8.54e-08	3.44e-03	9.97e-01
 1.88441e+16	9.78e-08	3.72e-03	9.96e-01
 1.94356e+16	1.16e-07	4.05e-03	9.96e-01
 1.99669e+16	1.31e-07	4.37e-03	9.96e-01
 2.04215e+16	1.46e-07	4.65e-03	9.95e-01
 2.09031e+16	1.65e-07	4.99e-03	9.95e-01
 2.14271e+16	1.84e-07	5.36e-03	9.95e-01
 2.20061e+16	2.16e-07	5.84e-03	9.94e-01
 2.25709e+16	2.45e-07	6.33e-03	9.94e-01
 2.30181e+16	2.71e-07	6.75e-03	9.93e-01
 2.35005e+16	3.06e-07	7.27e-03	9.93e-01
 2.40435e+16	3.57e-07	7.91e-03	9.92e-01
 2.45396e+16	4.01e-07	8.54e-03	9.91e-01
 2.49811e+16	4.46e-07	9.17e-03	9.91e-01
 2.54770e+16	5.20e-07	9.99e-03	9.90e-01
 2.60078e+16	5.88e-07	1.09e-02	9.89e-01
 2.64787e+16	6.86e-07	1.19e-02	9.88e-01
 2.68875e+16	7.72e-07	1.29e-02	9.87e-01
 2.73207e+16	8.68e-07	1.40e-02	9.86e-01
 2.77900e+16	1.02e-06	1.55e-02	9.85e-01
 2.81931e+16	1.18e-06	1.69e-02	9.83e-01
 2.85352e+16	1.32e-06	1.83e-02	9.82e-01
 2.89111e+16	1.52e-06	2.01e-02	9.80e-01
 2.93149e+16	1.80e-06	2.24e-02	9.78e-01
 2.96593e+16	2.07e-06	2.46e-02	9.75e-01
 2.99555e+16	2.36e-06	2.69e-02	9.73e-01
 3.02329e+16	2.68e-06	2.94e-02	9.71e-01
 3.04982e+16	3.00e-06	3.21e-02	9.68e-01
 3.07994e+16	3.61e-06	3.60e-02	9.64e-01
 3.11084e+16	4.16e-06	4.05e-02	9.59e-01
 3.13651e+16	4.95e-06	4.53e-02	9.55e-01
 3.15866e+16	5.76e-06	5.01e-02	9.50e-01
 3.17913e+16	6.50e-06	5.54e-02	9.45e-01
 3.20238e+16	7.70e-06	6.27e-02	9.37e-01
 3.22650e+16	9.32e-06	7.20e-02	9.28e-01
 3.24572e+16	1.11e-05	8.14e-02	9.19e-01
 3.26115e+16	1.31e-05	9.04e-02	9.10e-01
 3.27522e+16	1.49e-05	1.00e-01	9.00e-01
 3.29105e+16	1.77e-05	1.13e-01	8.87e-01
 3.30777e+16	2.13e-05	1.30e-01	8.70e-01
 3.32156e+16	2.49e-05	1.47e-01	8.53e-01
 3.33308e+16	2.93e-05	1.65e-01	8.35e-01
 3.34381e+16	3.35e-05	1.84e-01	8.16e-01
 3.35583e+16	3.97e-05	2.09e-01	7.91e-01
 3.36832e+16	4.83e-05	2.40e-01	7.60e-01
 3.37823e+16	5.58e-05	2.69e-01	7.31e-01
 3.38573e+16	6.35e-05	2.94e-01	7.06e-01
 3.39139e+16	6.94e-05	3.14e-01	6.85e-01
 3.39680e+16	7.56e-05	3.36e-01	6.64e-01
 3.40384e+16	8.55e-05	3.67e-01	6.33e-01
 3.41091e+16	9.59e-05	3.99e-01	6.01e-01
 3.41677e+16	1.06e-04	4.29e-01	5.71e-01
 3.42316e+16	1.18e-04	4.63e-01	5.37e-01
 3.43023e+16	1.32e-04	5.02e-01	4.98e-01
 3.43681e+16	1.45e-04	5.39e-01	4.61e-01
 3.44398e+16	1.62e-04	5.81e-01	4.19e-01
 3.45188e+16	1.81e-04	6.26e-01	3.74e-01
 3.45931e+16	1.99e-04	6.68e-01	3.32e-01
 3.46756e+16	2.20e-04	7.12e-01	2.88e-01
 3.47828e+16	2.46e-04	7.63e-01	2.36e-01
 3.48962e+16	2.72e-04	8.10e-01	1.90e-01
 3.50011e+16	2.94e-04	8.45e-01	1.54e-01
 3.51209e+16	3.18e-04	8.79e-01	1.21e-01
 3.52766e+16	3.44e-04	9.11e-01	8.84e-02
 3.54790e+16	3.72e-04	9.40e-01	5.97e-02
 3.57422e+16	4.03e-04	9.63e-01	3.71e-02
 3.60843e+16	4.36e-04	9.78e-01	2.12e-02
 3.64617e+16	4.69e-04	9.87e-01	1.24e-02
 3.68163e+16	5.02e-04	9.92e-01	7.96e-03
 3.71553e+16	5.36e-04	9.94e-01	5.42e-03
 3.75427e+16	5.79e-04	9.96e-01	3.60e-03
 3.79433e+16	6.32e-04	9.97e-01	2.48e-03
 3.82574e+16	6.82e-04	9.97e-01	1.90e-03
 3.85052e+16	7.27e-04	9.98e-01	1.55e-03
 3.86918e+16	7.66e-04	9.98e-01	1.35e-03
 3.88205e+16	7.95e-04	9.98e-01	1.23e-03
 3.89526e+16	8.27e-04	9.98e-01	1.10e-03
 3.91243e+16	8.75e-04	9.98e-01	9.65e-04
 3.93031e+16	9.27e-04	9.98e-01	8.50e-04
 3.94462e+16	9.76e-04	9.98e-01	7.70e-04
 3.95636e+16	1.02e-03	9.98e-01	7.10e-04
 3.96927e+16	1.07e-03	9.98e-01	6.47e-04
 3.98226e+16	1.13e-03	9.98e-01	5.94e-04
 3.99214e+16	1.18e-03	9.98e-01	5.57e-04
 4.00033e+16	1.22e-03	9.98e-01	5.28e-04
 4.00952e+16	1.27e-03	9.98e-01	4.96e-04
 4.01978e+16	1.34e-03	9.98e-01	4.64e-04
 4.02910e+16	1.40e-03	9.98e-01	4.37e-04
 4.03724e+16	1.46e-03	9.98e-01	4.15e-04
 4.04498e+16	1.52e-03	9.98e-01	3.95e-04
 4.05388e+16	1.60e-03	9.98e-01	3.73e-04
 4.06320e+16	1.69e-03	9.98e-01	3.52e-04
 4.07089e+16	1.77e-03	9.98e-01	3.36e-04
 4.07749e+16	1.85e-03	9.98e-01	3.23e-04
 4.08487e+16	1.94e-03	9.98e-01	3.08e-04
 4.09292e+16	2.05e-03	9.98e-01	2.93e-04
 4.09997e+16	2.15e-03	9.98e-01	2.81e-04
 4.10601e+16	2.25e-03	9.97e-01	2.71e-04
 4.11263e+16	2.37e-03	9.97e-01	2.61e-04
 4.11980e+16	2.51e-03	9.97e-01	2.50e-04
 4.12607e+16	2.64e-03	9.97e-01	2.41e-04
 4.13150e+16	2.77e-03	9.97e-01	2.33e-04
 4.13745e+16	2.93e-03	9.97e-01	2.25e-04
 4.14395e+16	3.11e-03	9.97e-01	2.17e-04
 4.14968e+16	3.30e-03	9.96e-01	2.10e-04
 4.15470e+16	3.48e-03	9.96e-01	2.04e-04
 4.16025e+16	3.70e-03	9.96e-01	1.97e-04
 4.16633e+16	3.97e-03	9.96e-01	1.90e-04
 4.17173e+16	4.24e-03	9.96e-01	1.85e-04
 4.17652e+16	4.50e-03	9.95e-01	1.80e-04
 4.18185e+16	4.84e-03	9.95e-01	1.74e-04
 4.18779e+16	5.27e-03	9.95e-01	1.69e-04
 4.19326e+16	5.74e-03	9.94e-01	1.63e-04
 4.19821e+16	6.21e-03	9.94e-01	1.60e-04
 4.20372e+16	6.84e-03	9.93e-01	1.55e-04
 4.20940e+16	7.62e-03	9.92e-01	1.50e-04
 4.21381e+16	8.36e-03	9.91e-01	1.46e-04
 4.21732e+16	9.02e-03	9.91e-01	1.44e-04
 4.22111e+16	9.86e-03	9.90e-01	1.41e-04
 4.22532e+16	1.10e-02	9.89e-01	1.38e-04
 4.22905e+16	1.21e-02	9.88e-01	1.36e-04
 4.23213e+16	1.32e-02	9.87e-01	1.35e-04
 4.23540e+16	1.46e-02	9.85e-01	1.33e-04
 4.23897e+16	1.65e-02	9.83e-01	1.31e-04
 4.24203e+16	1.84e-02	9.81e-01	1.30e-04
 4.24454e+16	2.02e-02	9.80e-01	1.29e-04
 4.24721e+16	2.26e-02	9.77e-01	1.28e-04
 4.25012e+16	2.56e-02	9.74e-01	1.28e-04
 4.25265e+16	2.88e-02	9.71e-01	1.28e-04
 4.25473e+16	3.20e-02	9.68e-01	1.29e-04
 4.25692e+16	3.59e-02	9.64e-01	1.29e-04
 4.25923e+16	4.08e-02	9.59e-01	1.30e-04
 4.26115e+16	4.58e-02	9.54e-01	1.32e-04
 4.26275e+16	5.04e-02	9.49e-01	1.34e-04
 4.26445e+16	5.63e-02	9.44e-01	1.35e-04
 4.26627e+16	6.35e-02	9.36e-01	1.38e-04
 4.26787e+16	7.11e-02	9.29e-01	1.41e-04
 4.26926e+16	7.88e-02	9.21e-01	1.44e-04
 4.27058e+16	8.69e-02	9.13e-01	1.47e-04
 4.27183e+16	9.59e-02	9.04e-01	1.50e-04
 4.27301e+16	1.05e-01	8.95e-01	1.54e-04
 4.27410e+16	1.15e-01	8.85e-01	1.57e-04
 4.27489e+16	1.22e-01	8.77e-01	1.60e-04
 4.27539e+16	1.27e-01	8.72e-01	1.62e-04
 4.27587e+16	1.33e-01	8.67e-01	1.64e-04
 4.27645e+16	1.40e-01	8.60e-01	1.66e-04
 4.27706e+16	1.47e-01	8.53e-01	1.68e-04
 4.27763e+16	1.55e-01	8.45e-01	1.71e-04
 4.27817e+16	1.62e-01	8.38e-01	1.73e-04
 4.27872e+16	1.70e-01	8.29e-01	1.75e-04
 4.27926e+16	1.79e-01	8.21e-01	1.78e-04
 4.27980e+16	1.88e-01	8.12e-01	1.80e-04
 4.28032e+16	1.96e-01	8.03e-01	1.83e-04
 4.28084e+16	2.06e-01	7.94e-01	1.86e-04
 4.28137e+16	2.16e-01	7.84e-01	1.88e-04
 4.28187e+16	2.26e-01	7.74e-01	1.91e-04
 4.28237e+16	2.37e-01	7.63e-01	1.93e-04
 4.28287e+16	2.48e-01	7.52e-01	1.96e-04
 4.28336e+16	2.59e-01	7.41e-01	1.99e-04
 4.28384e+16	2.71e-01	7.29e-01	2.01e-04
 4.28432e+16	2.83e-01	7.17e-01	2.03e-04
 4.28479e+16	2.95e-01	7.04e-01	2.06e-04
 4.28526e+16	3.09e-01	6.91e-01	2.08e-04
 4.28572e+16	3.22e-01	6.78e-01	2.10e-04
 4.28617e+16	3.35e-01	6.65e-01	2.12e-04
 4.28662e+16	3.49e-01	6.51e-01	2.14e-04
 4.28706e+16	3.63e-01	6.37e-01	2.16e-04
 4.28750e+16	3.77e-01	6.22e-01	2.18e-04
 4.28793e+16	3.91e-01	6.08e-01	2.20e-04
 4.28835e+16	4.06e-01	5.93e-01	2.21e-04
 4.28877e+16	4.21e-01	5.79e-01	2.23e-04
 4.28918e+16	4.36e-01	5.64e-01	2.24e-04
 4.28959e+16	4.51e-01	5.49e-01	2.26e-04
 4.28999e+16	4.66e-01	5.34e-01	2.27e-04
 4.29039e+16	4.81e-01	5.19e-01	2.28e-04
 4.29077e+16	4.96e-01	5.04e-01	2.28e-04
 4.29115e+16	5.11e-01	4.89e-01	2.29e-04
 4.29152e+16	5.25e-01	4.75e-01	2.29e-04
 4.29187e+16	5.39e-01	4.60e-01	2.30e-04
 4.29223e+16	5.53e-01	4.46e-01	2.30e-04
 4.29257e+16	5.67e-01	4.32e-01	2.29e-04
 4.29291e+16	5.81e-01	4.19e-01	2.29e-04
 4.29324e+16	5.94e-01	4.06e-01	2.28e-04
 4.29356e+16	6.07e-01	3.93e-01	2.28e-04
 4.29388e+16	6.20e-01	3.80e-01	2.27e-04
 4.29419e+16	6.32e-01	3.68e-01	2.26e-04
 4.29449e+16	6.44e-01	3.56e-01	2.25e-04
 4.29479e+16	6.56e-01	3.44e-01	2.24e-04
 4.29508e+16	6.67e-01	3.33e-01	2.23e-04
 4.29537e+16	6.78e-01	3.22e-01	2.22e-04
 4.29566e+16	6.89e-01	3.11e-01	2.20e-04
 4.29594e+16	7.00e-01	3.00e-01	2.19e-04
 4.29622e+16	7.10e-01	2.90e-01	2.17e-04
 4.29649e+16	7.20e-01	2.80e-01	2.15e-04
 4.29676e+16	7.29e-01	2.70e-01	2.13e-04
 4.29702e+16	7.39e-01	2.61e-01	2.12e-04
 4.29728e+16	7.48e-01	2.52e-01	2.10e-04
 4.29754e+16	7.56e-01	2.43e-01	2.08e-04
 4.29779e+16	7.65e-01	2.35e-01	2.05e-04
 4.29801e+16	7.72e-01	2.28e-01	2.03e-04
 4.29817e+16	7.77e-01	2.23e-01	2.02e-04
 4.29831e+16	7.82e-01	2.18e-01	2.00e-04
 4.29847e+16	7.87e-01	2.13e-01	1.98e-04
 4.29863e+16	7.92e-01	2.08e-01	1.96e-04
 4.29878e+16	7.97e-01	2.03e-01	1.95e-04
 4.29893e+16	8.01e-01	1.99e-01	1.93e-04
 4.29908e+16	8.06e-01	1.94e-01	1.91e-04
 4.29922e+16	8.10e-01	1.90e-01	1.89e-04
 4.29937e+16	8.14e-01	1.86e-01	1.88e-04
 4.29951e+16	8.18e-01	1.82e-01	1.86e-04
 4.29965e+16	8.22e-01	1.78e-01	1.84e-04
 4.29979e+16	8.26e-01	1.74e-01	1.82e-04
 4.29993e+16	8.30e-01	1.70e-01	1.81e-04
 4.30007e+16	8.34e-01	1.66e-01	1.79e-04
 4.30022e+16	8.38e-01	1.62e-01	1.77e-04
 4.30036e+16	8.41e-01	1.58e-01	1.75e-04
 4.30052e+16	8.45e-01	1.55e-01	1.73e-04
 4.30068e+16	8.50e-01	1.50e-01	1.71e-04
 4.30086e+16	8.54e-01	1.46e-01	1.68e-04
 4.30105e+16	8.59e-01	1.41e-01	1.66e-04
 4.30127e+16	8.64e-01	1.36e-01	1.63e-04
 4.30149e+16	8.69e-01	1.31e-01	1.59e-04
 4.30170e+16	8.74e-01	1.26e-01	1.56e-04
 4.30190e+16	8.78e-01	1.22e-01	1.53e-04
 4.30208e+16	8.82e-01	1.18e-01	1.50e-04
 4.30227e+16	8.86e-01	1.14e-01	1.47e-04
 4.30245e+16	8.90e-01	1.10e-01	1.44e-04
 4.30262e+16	8.93e-01	1.07e-01	1.41e-04
 4.30277e+16	8.96e-01	1.04e-01	1.38e-04
 4.30291e+16	8.99e-01	1.01e-01	1.35e-04
 4.30304e+16	9.01e-01	9.86e-02	1.33e-04
 4.30315e+16	9.03e-01	9.64e-02	1.30e-04
 4.30326e+16	9.05e-01	9.44e-02	1.28e-04
 4.30335e+16	9.07e-01	9.26e-02	1.26e-04
 4.30344e+16	9.09e-01	9.10e-02	1.24e-04
 4.30354e+16	9.11e-01	8.92e-02	1.23e-04
 4.30364e+16	9.13e-01	8.73e-02	1.21e-04
 4.30373e+16	9.14e-01	8.57e-02	1.19e-04
 4.30382e+16	9.16e-01	8.42e-02	1.17e-04
 4.30390e+16	9.17e-01	8.27e-02	1.15e-04
 4.30397e+16	9.18e-01	8.15e-02	1.14e-04
 4.30404e+16	9.20e-01	8.01e-02	1.12e-04
 4.30413e+16	9.21e-01	7.87e-02	1.10e-04
 4.30420e+16	9.22e-01	7.74e-02	1.09e-04
 4.30427e+16	9.24e-01	7.62e-02	1.07e-04
 4.30434e+16	9.25e-01	7.52e-02	1.06e-04
 4.30441e+16	9.26e-01	7.40e-02	1.04e-04
 4.30448e+16	9.27e-01	7.28e-02	1.03e-04
 4.30455e+16	9.28e-01	7.17e-02	1.01e-04
 4.30461e+16	9.29e-01	7.06e-02	9.94e-05
 4.30467e+16	9.30e-01	6.97e-02	9.82e-05
 4.30473e+16	9.31e-01	6.87e-02	9.69e-05
 4.30479e+16	9.32e-01	6.76e-02	9.54e-05
 4.30485e+16	9.33e-01	6.67e-02	9.41e-05
 4.30491e+16	9.34e-01	6.57e-02	9.26e-05
 4.30497e+16	9.35e-01	6.48e-02	9.14e-05
 4.30503e+16	9.36e-01	6.38e-02	9.00e-05
 4.30509e+16	9.37e-01	6.29e-02	8.86e-05
 4.30515e+16	9.38e-01	6.20e-02	8.74e-05
 4.30520e+16	9.39e-01	6.13e-02	8.62e-05
 4.30525e+16	9.39e-01	6.05e-02	8.51e-05
 4.30531e+16	9.40e-01	5.96e-02	8.38e-05
 4.30536e+16	9.41e-01	5.88e-02	8.25e-05
 4.30541e+16	9.42e-01	5.81e-02	8.15e-05
 4.30546e+16	9.43e-01	5.73e-02	8.04e-05
 4.30553e+16	9.44e-01	5.63e-02	7.89e-05
 4.30560e+16	9.45e-01	5.52e-02	7.74e-05
 4.30567e+16	9.46e-01	5.43e-02	7.60e-05
 4.30573e+16	9.46e-01	5.34e-02	7.47e-05
 4.30579e+16	9.47e-01	5.27e-02	7.36e-05
 4.30584e+16	9.48e-01	5.20e-02	7.24e-05
 4.30589e+16	9.49e-01	5.14e-02	7.16e-05
 4.30594e+16	9.49e-01	5.07e-02	7.06e-05
 4.30600e+16	9.50e-01	4.98e-02	6.93e-05
 4.30607e+16	9.51e-01	4.89e-02	6.80e-05
 4.30614e+16	9.52e-01	4.81e-02	6.68e-05
 4.30620e+16	9.53e-01	4.74e-02	6.57e-05
 4.30625e+16	9.53e-01	4.67e-02	6.47e-05
 4.30631e+16	9.54e-01	4.61e-02	6.38e-05
 4.30637e+16	9.55e-01	4.53e-02	6.28e-05
 4.30643e+16	9.55e-01	4.47e-02	6.18e-05
 4.30648e+16	9.56e-01	4.41e-02	6.09e-05
 4.30654e+16	9.56e-01	4.35e-02	6.01e-05
 4.30661e+16	9.57e-01	4.26e-02	5.89e-05
 4.30669e+16	9.58e-01	4.18e-02	5.77e-05
 4.30677e+16	9.59e-01	4.11e-02	5.67e-05
 4.30683e+16	9.60e-01	4.04e-02	5.57e-05
 4.30689e+16	9.60e-01	3.98e-02	5.48e-05
 4.30696e+16	9.61e-01	3.91e-02	5.39e-05
 4.30703e+16	9.61e-01	3.85e-02	5.30e-05
 4.30710e+16	9.62e-01	3.79e-02	5.21e-05
 4.30716e+16	9.63e-01	3.73e-02	5.13e-05
 4.30722e+16	9.63e-01	3.67e-02	5.05e-05
 4.30729e+16	9.64e-01	3.61e-02	4.97e-05
 4.30736e+16	9.64e-01	3.56e-02	4.88e-05
 4.30743e+16	9.65e-01	3.50e-02	4.80e-05
 4.30750e+16	9.66e-01	3.44e-02	4.72e-05
 4.30757e+16	9.66e-01	3.38e-02	4.64e-05
 4.30765e+16	9.67e-01	3.32e-02	4.56e-05
 4.30773e+16	9.67e-01	3.26e-02	4.48e-05
 4.30780e+16	9.68e-01	3.21e-02	4.40e-05
 4.30787e+16	9.68e-01	3.16e-02	4.34e-05
 4.30794e+16	9.69e-01	3.11e-02	4.26e-05
 4.30802e+16	9.69e-01	3.05e-02	4.18e-05
 4.30810e+16	9.70e-01	3.00e-02	4.11e-05
 4.30818e+16	9.70e-01	2.95e-02	4.04e-05
 4.30826e+16	9.71e-01	2.90e-02	3.97e-05
 4.30834e+16	9.71e-01	2.85e-02	3.91e-05
 4.30843e+16	9.72e-01	2.79e-02	3.83e-05
 4.30852e+16	9.73e-01	2.74e-02	3.76e-05
 4.30860e+16	9.73e-01	2.70e-02	3.69e-05
 4.30869e+16	9.74e-01	2.64e-02	3.62e-05
 4.30879e+16	9.74e-01	2.59e-02	3.55e-05
 4.30889e+16	9.75e-01	2.54e-02	3.49e-05
 4.30898e+16	9.75e-01	2.49e-02	3.41e-05
 4.30909e+16	9.76e-01	2.44e-02	3.34e-05
 4.30919e+16	9.76e-01	2.39e-02	3.28e-05
 4.30930e+16	9.77e-01	2.34e-02	3.21e-05
 4.30941e+16	9.77e-01	2.29e-02	3.15e-05
 4.30952e+16	9.77e-01	2.25e-02	3.09e-05
 4.30963e+16	9.78e-01	2.20e-02	3.02e-05
 4.30976e+16	9.78e-01	2.15e-02	2.95e-05
 4.30987e+16	9.79e-01	2.11e-02	2.90e-05
 4.30999e+16	9.79e-01	2.06e-02	2.83e-05
 4.31013e+16	9.80e-01	2.02e-02	2.77e-05
 4.31025e+16	9.80e-01	1.98e-02	2.72e-05
 4.31038e+16	9.81e-01	1.93e-02	2.66e-05
 4.31053e+16	9.81e-01	1.89e-02	2.60e-05
 4.31066e+16	9.81e-01	1.85e-02	2.55e-05
 4.31080e+16	9.82e-01	1.81e-02	2.49e-05
 4.31096e+16	9.82e-01	1.77e-02	2.43e-05
 4.31110e+16	9.83e-01	1.73e-02	2.38e-05
 4.31125e+16	9.83e-01	1.69e-02	2.33e-05
 4.31145e+16	9.84e-01	1.64e-02	2.26e-05
 4.31167e+16	9.84e-01	1.60e-02	2.20e-05
 4.31187e+16	9.84e-01	1.56e-02	2.15e-05
 4.31205e+16	9.85e-01	1.53e-02	2.10e-05
 4.31224e+16	9.85e-01	1.49e-02	2.05e-05
 4.31250e+16	9.86e-01	1.44e-02	1.99e-05
 4.31278e+16	9.86e-01	1.40e-02	1.93e-05
 4.31303e+16	9.86e-01	1.37e-02	1.89e-05
 4.31330e+16	9.87e-01	1.33e-02	1.83e-05
 4.31360e+16	9.87e-01	1.29e-02	1.78e-05
 4.31387e+16	9.87e-01	1.26e-02	1.74e-05
 4.31417e+16	9.88e-01	1.23e-02	1.70e-05
 4.31455e+16	9.88e-01	1.20e-02	1.65e-05
 4.31497e+16	9.88e-01	1.16e-02	1.60e-05
 4.31535e+16	9.89e-01	1.14e-02	1.57e-05
 4.31576e+16	9.89e-01	1.11e-02	1.53e-05
 4.31630e+16	9.89e-01	1.08e-02	1.48e-05
 4.31689e+16	9.89e-01	1.05e-02	1.45e-05
 4.31752e+16	9.90e-01	1.03e-02	1.41e-05
 4.31835e+16	9.90e-01	9.99e-03	1.37e-05
 4.31932e+16	9.90e-01	9.75e-03	1.33e-05
 4.32033e+16	9.90e-01	9.55e-03	1.30e-05
 4.32148e+16	9.91e-01	9.36e-03	1.27e-05
 4.32298e+16	9.91e-01	9.18e-03	1.23e-05
 4.32492e+16	9.91e-01	9.00e-03	1.20e-05
 4.32746e+16	9.91e-01	8.82e-03	1.16e-05
 4.33075e+16	9.91e-01	8.63e-03	1.12e-05
 4.33503e+16	9.92e-01	8.41e-03	1.07e-05
 4.34059e+16	9.92e-01	8.15e-03	1.01e-05
 4.34782e+16	9.92e-01	7.84e-03	9.41e-06
 4.35680e+16	9.93e-01	7.49e-03	8.63e-06
 4.36675e+16	9.93e-01	7.13e-03	7.88e-06
 4.37689e+16	9.93e-01	6.80e-03	7.19e-06
 4.38714e+16	9.94e-01	6.48e-03	6.57e-06
 4.39767e+16	9.94e-01	6.18e-03	5.99e-06
 4.40852e+16	9.94e-01	5.89e-03	5.45e-06
 4.41964e+16	9.94e-01	5.61e-03	4.96e-06
 4.43099e+16	9.95e-01	5.34e-03	4.52e-06
 4.44259e+16	9.95e-01	5.09e-03	4.10e-06
 4.45445e+16	9.95e-01	4.84e-03	3.73e-06
 4.46657e+16	9.95e-01	4.61e-03	3.38e-06
 4.47895e+16	9.96e-01	4.39e-03	3.07e-06
 4.49158e+16	9.96e-01	4.18e-03	2.78e-06
 4.50448e+16	9.96e-01	3.97e-03	2.52e-06
 4.51764e+16	9.96e-01	3.78e-03	2.28e-06
 4.53089e+16	9.96e-01	3.60e-03	2.07e-06
 4.54435e+16	9.97e-01	3.42e-03	1.87e-06
 4.55833e+16	9.97e-01	3.25e-03	1.69e-06
 4.57268e+16	9.97e-01	3.08e-03	1.52e-06
 4.58726e+16	9.97e-01	2.93e-03	1.37e-06
 4.60213e+16	9.97e-01	2.78e-03	1.23e-06
 4.61731e+16	9.97e-01	2.63e-03	1.11e-06
 4.63281e+16	9.98e-01	2.50e-03	9.96e-07
 4.64863e+16	9.98e-01	2.37e-03	8.93e-07
 4.66478e+16	9.98e-01	2.24e-03	8.00e-07
 4.68128e+16	9.98e-01	2.12e-03	7.16e-07
 4.69816e+16	9.98e-01	2.01e-03	6.40e-07
 4.71542e+16	9.98e-01	1.90e-03	5.71e-07
 4.73308e+16	9.98e-01	1.79e-03	5.09e-07
 4.75113e+16	9.98e-01	1.69e-03	4.53e-07
 4.76960e+16	9.98e-01	1.60e-03	4.02e-07
 4.78851e+16	9.98e-01	1.51e-03	3.57e-07
 4.80788e+16	9.99e-01	1.42e-03	3.16e-07
 4.82776e+16	9.99e-01	1.34e-03	2.79e-07
 4.84815e+16	9.99e-01	1.26e-03	2.46e-07
 4.86911e+16	9.99e-01	1.18e-03	2.17e-07
 4.89064e+16	9.99e-01	1.11e-03	1.90e-07
 4.91278e+16	9.99e-01	1.04e-03	1.67e-07
 4.93557e+16	9.99e-01	9.76e-04	1.46e-07
 4.95906e+16	9.99e-01	9.13e-04	1.27e-07
 4.98331e+16	9.99e-01	8.54e-04	1.10e-07
 5.00787e+16	9.99e-01	7.99e-04	9.56e-08
 5.03316e+16	9.99e-01	7.45e-04	8.26e-08
 5.05997e+16	9.99e-01	6.93e-04	7.09e-08
 5.08800e+16	9.99e-01	6.43e-04	6.05e-08
 5.11700e+16	9.99e-01	5.96e-04	5.14e-08
 5.14718e+16	9.99e-01	5.51e-04	4.35e-08
 5.17875e+16	9.99e-01	5.08e-04	3.65e-08
 5.21177e+16	1.00e+00	4.67e-04	3.05e-08
 5.24642e+16	1.00e+00	4.28e-04	2.52e-08
 5.28315e+16	1.00e+00	3.90e-04	2.07e-08
 5.32185e+16	1.00e+00	3.54e-04	1.68e-08
 5.36284e+16	1.00e+00	3.20e-04	1.35e-08
 5.40687e+16	1.00e+00	2.87e-04	1.07e-08
 5.45401e+16	1.00e+00	2.56e-04	8.32e-09
 5.50481e+16	1.00e+00	2.25e-04	6.36e-09
 5.56010e+16	1.00e+00	1.97e-04	4.75e-09
 5.62003e+16	1.00e+00	1.69e-04	3.45e-09
 5.68750e+16	1.00e+00	1.41e-04	2.39e-09
 5.76822e+16	1.00e+00	1.14e-04	1.55e-09
 5.86163e+16	1.00e+00	8.97e-05	9.49e-10
 5.96085e+16	1.00e+00	6.94e-05	5.66e-10
 6.07090e+16	1.00e+00	5.18e-05	3.17e-10
 6.19948e+16	1.00e+00	3.71e-05	1.63e-10
 6.33974e+16	1.00e+00	2.60e-05	8.06e-11
 6.48530e+16	1.00e+00	1.81e-05	3.95e-11
 6.63751e+16	1.00e+00	1.24e-05	1.90e-11
 6.79412e+16	1.00e+00	8.56e-06	9.10e-12
 6.95074e+16	1.00e+00	5.94e-06	4.45e-12
 7.10735e+16	1.00e+00	4.15e-06	2.21e-12
 7.26396e+16	1.00e+00	2.92e-06	1.11e-12
 7.42057e+16	1.00e+00	2.08e-06	5.73e-13
 7.57718e+16	1.00e+00	1.48e-06	2.97e-13
 7.73379e+16	1.00e+00	1.07e-06	1.57e-13
 7.89041e+16	1.00e+00	7.66e-07	8.33e-14
 8.04702e+16	1.00e+00	5.61e-07	4.54e-14
 8.20363e+16	1.00e+00	4.12e-07	2.49e-14
 8.36024e+16	1.00e+00	3.03e-07	1.38e-14
 8.54034e+16	1.00e+00	2.15e-07	7.06e-15
 8.74701e+16	1.00e+00	1.47e-07	3.37e-15
 8.95673e+16	1.00e+00	1.01e-07	1.64e-15
 9.16645e+16	1.00e+00	7.07e-08	8.13e-16
 9.39366e+16	1.00e+00	4.81e-08	3.84e-16
 9.63955e+16	1.00e+00	3.23e-08	1.77e-16
 9.88662e+16	1.00e+00	2.20e-08	8.32e-17
 1.01430e+17	1.00e+00	1.49e-08	3.88e-17
 1.04112e+17	1.00e+00	1.00e-08	1.79e-17
 1.06874e+17	1.00e+00	6.81e-09	8.31e-18
 1.09702e+17	1.00e+00	4.62e-09	3.87e-18
 1.12544e+17	1.00e+00	3.16e-09	1.84e-18
 1.15386e+17	1.00e+00	2.19e-09	8.92e-19
 1.18228e+17	1.00e+00	1.54e-09	4.41e-19
 1.21070e+17	1.00e+00	1.09e-09	2.22e-19
 1.23913e+17	1.00e+00	7.74e-10	1.14e-19
 1.26756e+17	1.00e+00	5.57e-10	5.94e-20
 1.29599e+17	1.00e+00	4.04e-10	3.14e-20
 1.32442e+17	1.00e+00	2.95e-10	1.69e-20
 1.35284e+17	1.00e+00	2.18e-10	9.21e-21
 1.38127e+17	1.00e+00	1.61e-10	0.00e+00
 1.40970e+17	1.00e+00	1.21e-10	0.00e+00
 1.43812e+17	1.00e+00	9.08e-11	0.00e+00
 1.46799e+17	1.00e+00	6.77e-11	0.00e+00
 1.49929e+17	1.00e+00	5.03e-11	0.00e+00
 1.53458e+17	1.00e+00	3.61e-11	0.00e+00
 1.57388e+17	1.00e+00	2.54e-11	0.00e+00
 1.61470e+17	1.00e+00	1.80e-11	0.00e+00
 1.65748e+17	1.00e+00	1.27e-11	0.00e+00
 1.70129e+17	1.00e+00	9.11e-12	0.00e+00
 1.74594e+17	1.00e+00	6.67e-12	0.00e+00
 1.79168e+17	1.00e+00	4.98e-12	0.00e+00
 1.83828e+17	1.00e+00	3.82e-12	0.00e+00
 1.88489e+17	1.00e+00	3.05e-12	0.00e+00
 1.93149e+17	1.00e+00	2.52e-12	0.00e+00
 1.98018e+17	1.00e+00	2.14e-12	0.00e+00
 2.03168e+17	1.00e+00	1.84e-12	0.00e+00
 2.08417e+17	1.00e+00	1.63e-12	0.00e+00
 2.13768e+17	1.00e+00	1.49e-12	0.00e+00
 2.19248e+17	1.00e+00	1.39e-12	0.00e+00
 2.25083e+17	1.00e+00	1.31e-12	0.00e+00
 2.31313e+17	1.00e+00	1.20e-12	0.00e+00
 2.37574e+17	1.00e+00	1.14e-12	0.00e+00
 2.43699e+17	1.00e+00	1.12e-12	0.00e+00
 2.49704e+17	1.00e+00	1.12e-12	0.00e+00
 2.55626e+17	1.00e+00	1.12e-12	0.00e+00
 2.61450e+17	1.00e+00	1.12e-12	0.00e+00
 2.67137e+17	1.00e+00	1.13e-12	0.00e+00
 2.72645e+17	1.00e+00	1.14e-12	0.00e+00
 2.77950e+17	1.00e+00	1.16e-12	0.00e+00
 2.83043e+17	1.00e+00	1.18e-12	0.00e+00
 2.87917e+17	1.00e+00	1.20e-12	0.00e+00
 2.92565e+17	1.00e+00	1.22e-12	0.00e+00
 2.96983e+17	1.00e+00	1.24e-12	0.00e+00
 3.01174e+17	1.00e+00	1.27e-12	0.00e+00
 3.05141e+17	1.00e+00	1.29e-12	0.00e+00
 3.08891e+17	1.00e+00	1.32e-12	0.00e+00
 3.12433e+17	1.00e+00	1.34e-12	0.00e+00
 3.15776e+17	1.00e+00	1.36e-12	0.00e+00
 3.18931e+17	1.00e+00	1.39e-12	0.00e+00
 3.21908e+17	1.00e+00	1.41e-12	0.00e+00
 3.24717e+17	1.00e+00	1.43e-12	0.00e+00
 3.27366e+17	1.00e+00	1.45e-12	0.00e+00
 3.29866e+17	1.00e+00	1.47e-12	0.00e+00
 3.32226e+17	1.00e+00	1.48e-12	0.00e+00
 3.34455e+17	1.00e+00	1.50e-12	0.00e+00
 3.36561e+17	1.00e+00	1.52e-12	0.00e+00
 3.38553e+17	1.00e+00	1.53e-12	0.00e+00
 3.40435e+17	1.00e+00	1.55e-12	0.00e+00
 3.42216e+17	1.00e+00	1.56e-12	0.00e+00
 3.43900e+17	1.00e+00	1.57e-12	0.00e+00
 3.45496e+17	1.00e+00	1.58e-12	0.00e+00
 3.47007e+17	1.00e+00	1.59e-12	0.00e+00
 3.48441e+17	1.00e+00	1.60e-12	0.00e+00
 3.49799e+17	1.00e+00	1.61e-12	0.00e+00
 3.51088e+17	1.00e+00	1.62e-12	0.00e+00
 3.52311e+17	1.00e+00	1.63e-12	0.00e+00
 3.53473e+17	1.00e+00	1.64e-12	0.00e+00
 3.54578e+17	1.00e+00	1.65e-12	0.00e+00
 3.55628e+17	1.00e+00	1.65e-12	0.00e+00
 3.56626e+17	1.00e+00	1.66e-12	0.00e+00
 3.57577e+17	1.00e+00	1.67e-12	0.00e+00
 3.58482e+17	1.00e+00	1.67e-12	0.00e+00
 3.59344e+17	1.00e+00	1.68e-12	0.00e+00
 3.60168e+17	1.00e+00	1.68e-12	0.00e+00
 3.60953e+17	1.00e+00	1.69e-12	0.00e+00
 3.61704e+17	1.00e+00	1.69e-12	0.00e+00
 3.62421e+17	1.00e+00	1.70e-12	0.00e+00
 3.63107e+17	1.00e+00	1.70e-12	0.00e+00
 3.63765e+17	1.00e+00	1.71e-12	0.00e+00
 3.64396e+17	1.00e+00	1.71e-12	0.00e+00
 3.65002e+17	1.00e+00	1.71e-12	0.00e+00
 3.65584e+17	1.00e+00	1.72e-12	0.00e+00
 3.66145e+17	1.00e+00	1.72e-12	0.00e+00
 3.66686e+17	1.00e+00	1.72e-12	0.00e+00
 3.67208e+17	1.00e+00	1.73e-12	0.00e+00
 3.67714e+17	1.00e+00	1.73e-12	0.00e+00
 3.68204e+17	1.00e+00	1.73e-12	0.00e+00
 3.68681e+17	1.00e+00	1.73e-12	0.00e+00
 3.69146e+17	1.00e+00	1.74e-12	0.00e+00
 3.69601e+17	1.00e+00	1.74e-12	0.00e+00
 3.70048e+17	1.00e+00	1.74e-12	0.00e+00
 3.70487e+17	1.00e+00	1.74e-12	0.00e+00
 3.70921e+17	1.00e+00	1.74e-12	0.00e+00
 3.71352e+17	1.00e+00	1.74e-12	0.00e+00
 3.71783e+17	1.00e+00	1.75e-12	0.00e+00
 3.72215e+17	1.00e+00	1.75e-12	0.00e+00
 3.72652e+17	1.00e+00	1.75e-12	0.00e+00
 3.73096e+17	1.00e+00	1.75e-12	0.00e+00
 3.73551e+17	1.00e+00	1.75e-12	0.00e+00
 3.74022e+17	1.00e+00	1.75e-12	0.00e+00
 3.74514e+17	1.00e+00	1.75e-12	0.00e+00
 3.75036e+17	1.00e+00	1.75e-12	0.00e+00
 3.75595e+17	1.00e+00	1.75e-12	0.00e+00
 3.76204e+17	1.00e+00	1.74e-12	0.00e+00
 3.76877e+17	1.00e+00	1.74e-12	0.00e+00
 3.77638e+17	1.00e+00	1.73e-12	0.00e+00
 3.78518e+17	1.00e+00	1.73e-12	0.00e+00
 3.79560e+17	1.00e+00	1.72e-12	0.00e+00
 3.80830e+17	1.00e+00	1.70e-12	0.00e+00
 3.82427e+17	1.00e+00	1.67e-12	0.00e+00
 3.84486e+17	1.00e+00	1.63e-12	0.00e+00
 3.87164e+17	1.00e+00	1.56e-12	0.00e+00
 3.90645e+17	1.00e+00	1.46e-12	0.00e+00
 3.95169e+17	1.00e+00	1.33e-12	0.00e+00
 4.01052e+17	1.00e+00	1.16e-12	0.00e+00
 4.08699e+17	1.00e+00	9.65e-13	0.00e+00
 4.18640e+17	1.00e+00	7.49e-13	0.00e+00
 4.31563e+17	1.00e+00	5.31e-13	0.00e+00
 4.47645e+17	1.00e+00	3.32e-13	0.00e+00
 4.65551e+17	1.00e+00	2.13e-13	0.00e+00
 4.84173e+17	1.00e+00	1.85e-13	0.00e+00
 5.03540e+17	1.00e+00	1.61e-13	0.00e+00
 5.23681e+17	1.00e+00	1.40e-13	0.00e+00
 5.44629e+17	1.00e+00	1.20e-13	0.00e+00
 5.66414e+17	1.00e+00	1.02e-13	0.00e+00
 5.89070e+17	1.00e+00	8.51e-14	0.00e+00
 6.12633e+17	1.00e+00	7.03e-14	0.00e+00
 6.36559e+17	1.00e+00	5.73e-14	0.00e+00
 6.59476e+17	1.00e+00	5.44e-14	0.00e+00
 6.80214e+17	1.00e+00	6.49e-14	0.00e+00
 6.98737e+17	1.00e+00	8.51e-14	0.00e+00
 7.15861e+17	1.00e+00	1.01e-13	0.00e+00
 7.32251e+17	1.00e+00	1.05e-13	0.00e+00
 7.47825e+17	1.00e+00	1.02e-13	0.00e+00
 7.61972e+17	1.00e+00	1.05e-13	0.00e+00
 7.74304e+17	1.00e+00	1.17e-13	0.00e+00
 7.84981e+17	1.00e+00	1.31e-13	0.00e+00
 7.94508e+17	1.00e+00	1.39e-13	0.00e+00
 8.02800e+17	1.00e+00	1.38e-13	0.00e+00
 8.08901e+17	1.00e+00	1.45e-13	0.00e+00
 8.12518e+17	1.00e+00	1.64e-13	0.00e+00
 8.14526e+17	1.00e+00	1.80e-13	0.00e+00
 8.15731e+17	1.00e+00	1.90e-13	0.00e+00
 8.16454e+17	1.00e+00	1.95e-13	0.00e+00
 8.16934e+17	1.00e+00	1.98e-13	0.00e+00
 8.17378e+17	1.00e+00	2.01e-13	0.00e+00
 8.17889e+17	1.00e+00	2.03e-13	0.00e+00
 8.18458e+17	1.00e+00	2.04e-13	0.00e+00
 8.18948e+17	1.00e+00	2.05e-13	0.00e+00
 8.19343e+17	1.00e+00	2.06e-13	0.00e+00
 8.19726e+17	1.00e+00	2.07e-13	0.00e+00
 8.20136e+17	1.00e+00	2.07e-13	0.00e+00
 8.20559e+17	1.00e+00	2.07e-13	0.00e+00
 8.20918e+17	1.00e+00	2.07e-13	0.00e+00
 8.21198e+17	1.00e+00	2.07e-13	0.00e+00
 8.21461e+17	1.00e+00	2.07e-13	0.00e+00
 8.21756e+17	1.00e+00	2.07e-13	0.00e+00
 8.22056e+17	1.00e+00	2.07e-13	0.00e+00
 8.22326e+17	1.00e+00	2.06e-13	0.00e+00
 8.22571e+17	1.00e+00	2.06e-13	0.00e+00
 8.22801e+17	1.00e+00	2.06e-13	0.00e+00
 8.23025e+17	1.00e+00	2.05e-13	0.00e+00
 8.23254e+17	1.00e+00	2.05e-13	0.00e+00
 8.23487e+17	1.00e+00	2.04e-13	0.00e+00
 8.23714e+17	1.00e+00	2.04e-13	0.00e+00
 8.23928e+17	1.00e+00	2.03e-13	0.00e+00
 8.24117e+17	1.00e+00	2.03e-13	0.00e+00
 8.24306e+17	1.00e+00	2.02e-13	0.00e+00
 8.24514e+17	1.00e+00	2.02e-13	0.00e+00
 8.24721e+17	1.00e+00	2.01e-13	0.00e+00
 8.24914e+17	1.00e+00	2.00e-13	0.00e+00
 8.25095e+17	1.00e+00	2.00e-13	0.00e+00
 8.25278e+17	1.00e+00	1.99e-13	0.00e+00
 8.25465e+17	1.00e+00	1.98e-13	0.00e+00
 8.25658e+17	1.00e+00	1.97e-13	0.00e+00
 8.25852e+17	1.00e+00	1.97e-13	0.00e+00
 8.26038e+17	1.00e+00	1.96e-13	0.00e+00
 8.26219e+17	1.00e+00	1.95e-13	0.00e+00
 8.26401e+17	1.00e+00	1.94e-13	0.00e+00
 8.26602e+17	1.00e+00	1.93e-13	0.00e+00
 8.26819e+17	1.00e+00	1.92e-13	0.00e+00
 8.27022e+17	1.00e+00	1.91e-13	0.00e+00
 8.27204e+17	1.00e+00	1.90e-13	0.00e+00
 8.27399e+17	1.00e+00	1.89e-13	0.00e+00
 8.27617e+17	1.00e+00	1.88e-13	0.00e+00
 8.27855e+17	1.00e+00	1.87e-13	0.00e+00
 8.28098e+17	1.00e+00	1.86e-13	0.00e+00
 8.28312e+17	1.00e+00	1.84e-13	0.00e+00
 8.28518e+17	1.00e+00	1.83e-13	0.00e+00
 8.28749e+17	1.00e+00	1.82e-13	0.00e+00
 8.28987e+17	1.00e+00	1.81e-13	0.00e+00
 8.29233e+17	1.00e+00	1.79e-13	0.00e+00
 8.29501e+17	1.00e+00	1.78e-13	0.00e+00
 8.29765e+17	1.00e+00	1.76e-13	0.00e+00
 8.30006e+17	1.00e+00	1.75e-13	0.00e+00
 8.30257e+17	1.00e+00	1.73e-13	0.00e+00
 8.30550e+17	1.00e+00	1.71e-13	0.00e+00
 8.30869e+17	1.00e+00	1.69e-13	0.00e+00
 8.31168e+17	1.00e+00	1.67e-13	0.00e+00
 8.31448e+17	1.00e+00	1.66e-13	0.00e+00
 8.31740e+17	1.00e+00	1.64e-13	0.00e+00
 8.32061e+17	1.00e+00	1.62e-13	0.00e+00
 8.32411e+17	1.00e+00	1.60e-13	0.00e+00
 8.32765e+17	1.00e+00	1.57e-13	0.00e+00
 8.33109e+17	1.00e+00	1.55e-13	0.00e+00
 8.33448e+17	1.00e+00	1.53e-13	0.00e+00
 8.33798e+17	1.00e+00	1.50e-13	0.00e+00
 8.34171e+17	1.00e+00	1.48e-13	0.00e+00
 8.34557e+17	1.00e+00	1.45e-13	0.00e+00
 8.34955e+17	1.00e+00	1.43e-13	0.00e+00
 8.35361e+17	1.00e+00	1.40e-13	0.00e+00
 8.35790e+17	1.00e+00	1.37e-13	0.00e+00
 8.36231e+17	1.00e+00	1.34e-13	0.00e+00
 8.36654e+17	1.00e+00	1.32e-13	0.00e+00
 8.37087e+17	1.00e+00	1.29e-13	0.00e+00
 8.37557e+17	1.00e+00	1.26e-13	0.00e+00
 8.38038e+17	1.00e+00	1.23e-13	0.00e+00
 8.38516e+17	1.00e+00	1.20e-13	0.00e+00
 8.38997e+17	1.00e+00	1.16e-13	0.00e+00
 8.39495e+17	1.00e+00	1.13e-13	0.00e+00
 8.40015e+17	1.00e+00	1.10e-13	0.00e+00
 8.40551e+17	1.00e+00	1.07e-13	0.00e+00
 8.41086e+17	1.00e+00	1.03e-13	0.00e+00
 8.41613e+17	1.00e+00	1.00e-13	0.00e+00
 8.42160e+17	1.00e+00	9.71e-14	0.00e+00
 8.42748e+17	1.00e+00	9.37e-14	0.00e+00
 8.43354e+17	1.00e+00	9.02e-14	0.00e+00
 8.43951e+17	1.00e+00	8.67e-14	0.00e+00
 8.44542e+17	1.00e+00	8.34e-14	0.00e+00
 8.45151e+17	1.00e+00	8.01e-14	0.00e+00
 8.45789e+17	1.00e+00	7.67e-14	0.00e+00
 8.46437e+17	1.00e+00	7.33e-14	0.00e+00
 8.47089e+17	1.00e+00	6.99e-14	0.00e+00
 8.47747e+17	1.00e+00	6.66e-14	0.00e+00
 8.48422e+17	1.00e+00	6.33e-14	0.00e+00
 8.49116e+17	1.00e+00	6.01e-14	0.00e+00
 8.49815e+17	1.00e+00	5.68e-14	0.00e+00
 8.50530e+17	1.00e+00	5.37e-14	0.00e+00
 8.51265e+17	1.00e+00	5.05e-14	0.00e+00
 8.52020e+17	1.00e+00	4.74e-14	0.00e+00
 8.52785e+17	1.00e+00	4.44e-14	0.00e+00
 8.53567e+17	1.00e+00	4.14e-14	0.00e+00
 8.54370e+17	1.00e+00	3.84e-14	0.00e+00
 8.55179e+17	1.00e+00	3.56e-14	0.00e+00
 8.56002e+17	1.00e+00	3.30e-14	0.00e+00
 8.56786e+17	1.00e+00	3.04e-14	0.00e+00
 8.57470e+17	1.00e+00	2.82e-14	0.00e+00
 8.58049e+17	1.00e+00	2.64e-14	0.00e+00
 8.58574e+17	1.00e+00	2.50e-14	0.00e+00
 8.59084e+17	1.00e+00	2.36e-14	0.00e+00
 8.59587e+17	1.00e+00	2.25e-14	0.00e+00
 8.60070e+17	1.00e+00	2.13e-14	0.00e+00
 8.60515e+17	1.00e+00	2.02e-14	0.00e+00
 8.60927e+17	1.00e+00	1.93e-14	0.00e+00
 8.61320e+17	1.00e+00	1.84e-14	0.00e+00
