#depth	N	N+	N+2	N+3	N+4	N+5	N+6	N+7
 1.49634e+10	0.00e+00	0.00e+00	2.38e-29	1.67e-19	2.12e-10	8.48e-01	1.52e-01	1.02e-05
 4.54887e+10	0.00e+00	8.49e-40	3.05e-29	1.97e-19	2.32e-10	8.59e-01	1.41e-01	8.83e-06
 7.72350e+10	0.00e+00	0.00e+00	3.91e-29	2.34e-19	2.53e-10	8.68e-01	1.32e-01	7.61e-06
 1.10251e+11	0.00e+00	1.63e-39	5.00e-29	2.76e-19	2.77e-10	8.77e-01	1.23e-01	6.55e-06
 1.42702e+11	0.00e+00	0.00e+00	6.31e-29	3.24e-19	3.01e-10	8.85e-01	1.15e-01	5.68e-06
 1.76451e+11	0.00e+00	3.02e-39	7.97e-29	3.79e-19	3.28e-10	8.93e-01	1.07e-01	4.92e-06
 2.13436e+11	0.00e+00	0.00e+00	1.02e-28	4.48e-19	3.58e-10	9.01e-01	9.95e-02	4.22e-06
 2.50855e+11	0.00e+00	5.71e-39	1.29e-28	5.27e-19	3.89e-10	9.07e-01	9.25e-02	3.64e-06
 2.89771e+11	0.00e+00	0.00e+00	1.64e-28	6.19e-19	4.23e-10	9.14e-01	8.60e-02	3.13e-06
 3.31289e+11	0.00e+00	1.08e-38	2.09e-28	7.30e-19	4.61e-10	9.20e-01	7.98e-02	2.68e-06
 3.74467e+11	0.00e+00	0.00e+00	2.67e-28	8.61e-19	5.03e-10	9.26e-01	7.39e-02	2.30e-06
 4.19372e+11	0.00e+00	2.06e-38	3.41e-28	1.01e-18	5.47e-10	9.32e-01	6.85e-02	1.97e-06
 4.66074e+11	0.00e+00	0.00e+00	4.34e-28	1.20e-18	5.96e-10	9.37e-01	6.34e-02	1.68e-06
 5.14644e+11	0.00e+00	3.92e-38	5.54e-28	1.41e-18	6.48e-10	9.41e-01	5.86e-02	1.44e-06
 5.65156e+11	0.00e+00	0.00e+00	7.06e-28	1.66e-18	7.05e-10	9.46e-01	5.42e-02	1.23e-06
 6.17689e+11	0.00e+00	7.47e-38	9.00e-28	1.95e-18	7.67e-10	9.50e-01	5.01e-02	1.05e-06
 6.72324e+11	0.00e+00	0.00e+00	1.15e-27	2.30e-18	8.34e-10	9.54e-01	4.63e-02	8.93e-07
 7.29143e+11	0.00e+00	1.42e-37	1.46e-27	2.71e-18	9.07e-10	9.57e-01	4.27e-02	0.00e+00
 7.88236e+11	0.00e+00	0.00e+00	1.86e-27	3.19e-18	9.85e-10	9.61e-01	3.94e-02	0.00e+00
 8.46078e+11	0.00e+00	2.65e-37	2.34e-27	3.71e-18	1.07e-09	9.63e-01	3.65e-02	0.00e+00
 8.99623e+11	0.00e+00	0.00e+00	2.87e-27	4.26e-18	1.14e-09	9.66e-01	3.41e-02	0.00e+00
 9.58923e+11	0.00e+00	4.65e-37	3.57e-27	4.94e-18	1.23e-09	9.68e-01	3.17e-02	0.00e+00
 1.02721e+12	0.00e+00	0.00e+00	4.55e-27	5.81e-18	1.34e-09	9.71e-01	2.92e-02	0.00e+00
 1.09437e+12	0.00e+00	8.71e-37	5.73e-27	6.78e-18	1.45e-09	9.73e-01	2.71e-02	0.00e+00
 1.16422e+12	0.00e+00	0.00e+00	7.21e-27	7.92e-18	1.57e-09	9.75e-01	2.50e-02	0.00e+00
 1.24071e+12	0.00e+00	1.63e-36	9.20e-27	9.32e-18	1.70e-09	9.77e-01	2.31e-02	0.00e+00
 1.31838e+12	4.51e-47	2.24e-36	1.17e-26	1.09e-17	1.84e-09	9.79e-01	2.13e-02	0.00e+00
 1.39916e+12	0.00e+00	0.00e+00	1.48e-26	1.28e-17	2.00e-09	9.80e-01	1.96e-02	0.00e+00
 1.48505e+12	0.00e+00	4.25e-36	1.89e-26	1.51e-17	2.17e-09	9.82e-01	1.81e-02	0.00e+00
 1.57438e+12	1.50e-46	5.87e-36	2.41e-26	1.78e-17	2.36e-09	9.83e-01	1.66e-02	0.00e+00
 1.66728e+12	0.00e+00	0.00e+00	3.08e-26	2.10e-17	2.57e-09	9.85e-01	1.53e-02	0.00e+00
 1.76390e+12	0.00e+00	1.12e-35	3.93e-26	2.47e-17	2.79e-09	9.86e-01	1.41e-02	0.00e+00
 1.86438e+12	5.08e-46	1.56e-35	5.03e-26	2.92e-17	3.03e-09	9.87e-01	1.29e-02	0.00e+00
 1.96888e+12	0.00e+00	0.00e+00	6.43e-26	3.44e-17	3.29e-09	9.88e-01	1.19e-02	0.00e+00
 2.07756e+12	0.00e+00	2.99e-35	8.23e-26	4.06e-17	3.58e-09	9.89e-01	1.09e-02	0.00e+00
 2.17990e+12	1.66e-45	4.03e-35	1.03e-25	4.72e-17	3.86e-09	9.90e-01	1.01e-02	0.00e+00
 2.27164e+12	0.00e+00	0.00e+00	1.25e-25	5.38e-17	4.13e-09	9.91e-01	9.48e-03	0.00e+00
 2.37470e+12	0.00e+00	6.91e-35	1.55e-25	6.21e-17	4.44e-09	9.91e-01	8.81e-03	0.00e+00
 2.49657e+12	4.87e-45	9.53e-35	1.97e-25	7.31e-17	4.82e-09	9.92e-01	8.11e-03	0.00e+00
 2.61838e+12	0.00e+00	0.00e+00	2.49e-25	8.55e-17	5.22e-09	9.93e-01	7.49e-03	0.00e+00
 2.73302e+12	0.00e+00	1.72e-34	3.08e-25	9.87e-17	5.61e-09	9.93e-01	6.96e-03	0.00e+00
 2.86022e+12	1.49e-44	2.33e-34	3.87e-25	1.15e-16	6.06e-09	9.94e-01	6.44e-03	0.00e+00
 3.00455e+12	0.00e+00	3.25e-34	4.97e-25	1.36e-16	6.60e-09	9.94e-01	5.91e-03	0.00e+00
 3.14868e+12	3.36e-44	4.48e-34	6.34e-25	1.61e-16	7.17e-09	9.95e-01	5.44e-03	0.00e+00
 3.29857e+12	0.00e+00	6.17e-34	8.07e-25	1.89e-16	7.79e-09	9.95e-01	5.00e-03	0.00e+00
 3.46043e+12	7.62e-44	8.62e-34	1.04e-24	2.25e-16	8.50e-09	9.95e-01	4.59e-03	0.00e+00
 3.62878e+12	0.00e+00	1.21e-33	1.34e-24	2.67e-16	9.27e-09	9.96e-01	4.21e-03	0.00e+00
 3.78766e+12	1.69e-43	1.64e-33	1.69e-24	3.12e-16	1.00e-08	9.96e-01	3.88e-03	0.00e+00
 3.93076e+12	0.00e+00	2.13e-33	2.06e-24	3.57e-16	1.07e-08	9.96e-01	3.63e-03	0.00e+00
 4.09184e+12	3.39e-43	2.86e-33	2.58e-24	4.15e-16	1.16e-08	9.97e-01	3.36e-03	0.00e+00
 4.28150e+12	0.00e+00	3.98e-33	3.31e-24	4.92e-16	1.26e-08	9.97e-01	3.08e-03	0.00e+00
 4.47033e+12	7.62e-43	5.47e-33	4.22e-24	5.80e-16	1.37e-08	9.97e-01	2.84e-03	0.00e+00
 4.64795e+12	0.00e+00	7.31e-33	5.26e-24	6.74e-16	1.48e-08	9.97e-01	2.63e-03	0.00e+00
 4.84503e+12	1.61e-42	9.97e-33	6.66e-24	7.92e-16	1.61e-08	9.98e-01	2.42e-03	0.00e+00
 5.06876e+12	0.00e+00	1.40e-32	8.63e-24	9.45e-16	1.76e-08	9.98e-01	2.21e-03	0.00e+00
 5.29018e+12	3.68e-42	1.94e-32	1.11e-23	1.12e-15	1.92e-08	9.98e-01	2.03e-03	0.00e+00
 5.52045e+12	0.00e+00	2.68e-32	1.42e-23	1.33e-15	2.09e-08	9.98e-01	1.87e-03	0.00e+00
 5.77120e+12	8.45e-42	3.79e-32	1.84e-23	1.59e-15	2.30e-08	9.98e-01	1.70e-03	0.00e+00
 6.02371e+12	0.00e+00	5.28e-32	2.37e-23	1.89e-15	2.51e-08	9.98e-01	1.56e-03	0.00e+00
 6.28633e+12	1.93e-41	7.36e-32	3.06e-23	2.25e-15	2.75e-08	9.99e-01	1.43e-03	0.00e+00
 6.55840e+12	0.00e+00	1.03e-31	3.95e-23	2.68e-15	3.01e-08	9.99e-01	1.30e-03	0.00e+00
 6.82637e+12	4.29e-41	1.40e-31	5.03e-23	3.17e-15	3.28e-08	9.99e-01	1.20e-03	0.00e+00
 7.11438e+12	0.00e+00	1.95e-31	6.46e-23	3.77e-15	3.58e-08	9.99e-01	1.10e-03	0.00e+00
 7.42888e+12	9.82e-41	2.74e-31	8.41e-23	4.53e-15	3.94e-08	9.99e-01	9.98e-04	0.00e+00
 7.75596e+12	0.00e+00	3.86e-31	1.10e-22	5.45e-15	4.33e-08	9.99e-01	9.09e-04	0.00e+00
 8.09613e+12	2.28e-40	5.43e-31	1.43e-22	6.55e-15	4.77e-08	9.99e-01	8.27e-04	0.00e+00
 8.44990e+12	0.00e+00	7.63e-31	1.86e-22	7.88e-15	5.25e-08	9.99e-01	7.52e-04	0.00e+00
 8.77013e+12	5.01e-40	1.03e-30	2.34e-22	9.26e-15	5.71e-08	9.99e-01	6.92e-04	0.00e+00
 9.03739e+12	0.00e+00	1.30e-30	2.81e-22	1.06e-14	6.12e-08	9.99e-01	6.47e-04	0.00e+00
 9.33036e+12	9.18e-40	1.68e-30	3.43e-22	1.21e-14	6.58e-08	9.99e-01	6.03e-04	0.00e+00
 9.70083e+12	0.00e+00	2.29e-30	4.37e-22	1.44e-14	7.20e-08	9.99e-01	5.52e-04	0.00e+00
 1.00869e+13	1.96e-39	3.12e-30	5.56e-22	1.71e-14	7.88e-08	9.99e-01	5.05e-04	0.00e+00
 1.04169e+13	0.00e+00	4.03e-30	6.79e-22	1.97e-14	8.49e-08	1.00e+00	4.69e-04	0.00e+00
 1.07590e+13	3.66e-39	5.20e-30	8.30e-22	2.27e-14	9.15e-08	1.00e+00	4.36e-04	0.00e+00
 1.11864e+13	0.00e+00	7.07e-30	1.06e-21	2.70e-14	1.00e-07	1.00e+00	3.98e-04	0.00e+00
 1.16197e+13	7.65e-39	9.52e-30	1.33e-21	3.19e-14	1.10e-07	1.00e+00	3.65e-04	0.00e+00
 1.19963e+13	0.00e+00	1.22e-29	1.62e-21	3.67e-14	1.18e-07	1.00e+00	3.39e-04	0.00e+00
 1.24039e+13	1.42e-38	1.58e-29	1.99e-21	4.25e-14	1.28e-07	1.00e+00	3.14e-04	0.00e+00
 1.29020e+13	0.00e+00	2.15e-29	2.54e-21	5.06e-14	1.40e-07	1.00e+00	2.87e-04	0.00e+00
 1.34090e+13	2.95e-38	2.89e-29	3.21e-21	6.00e-14	1.53e-07	1.00e+00	2.62e-04	0.00e+00
 1.38715e+13	0.00e+00	3.75e-29	3.94e-21	6.96e-14	1.66e-07	1.00e+00	2.43e-04	0.00e+00
 1.43848e+13	5.66e-38	4.95e-29	4.91e-21	8.15e-14	1.81e-07	1.00e+00	2.23e-04	0.00e+00
 1.49834e+13	0.00e+00	6.75e-29	6.28e-21	9.74e-14	1.99e-07	1.00e+00	2.03e-04	0.00e+00
 1.55770e+13	1.18e-37	9.07e-29	7.93e-21	1.15e-13	2.18e-07	1.00e+00	1.86e-04	0.00e+00
 1.61436e+13	0.00e+00	1.19e-28	9.81e-21	1.35e-13	2.37e-07	1.00e+00	1.71e-04	0.00e+00
 1.67685e+13	2.31e-37	1.58e-28	1.23e-20	1.58e-13	2.58e-07	1.00e+00	1.57e-04	0.00e+00
 1.74692e+13	0.00e+00	2.15e-28	1.57e-20	1.89e-13	2.84e-07	1.00e+00	1.43e-04	0.00e+00
 1.81726e+13	4.78e-37	2.88e-28	1.98e-20	2.24e-13	3.11e-07	1.00e+00	1.31e-04	0.00e+00
 1.88025e+13	0.00e+00	3.72e-28	2.42e-20	2.59e-13	3.36e-07	1.00e+00	1.21e-04	0.00e+00
 1.93622e+13	8.47e-37	4.63e-28	2.88e-20	2.93e-13	3.59e-07	1.00e+00	1.14e-04	0.00e+00
 1.99968e+13	0.00e+00	5.88e-28	3.48e-20	3.36e-13	3.87e-07	1.00e+00	1.06e-04	0.00e+00
 2.07029e+13	1.55e-36	7.61e-28	4.27e-20	3.89e-13	4.19e-07	1.00e+00	9.78e-05	0.00e+00
 2.13653e+13	0.00e+00	9.61e-28	5.14e-20	4.44e-13	4.50e-07	1.00e+00	9.11e-05	0.00e+00
 2.20899e+13	2.77e-36	1.23e-27	6.24e-20	5.11e-13	4.85e-07	1.00e+00	8.46e-05	0.00e+00
 2.29021e+13	0.00e+00	1.61e-27	7.71e-20	5.95e-13	5.26e-07	1.00e+00	7.81e-05	0.00e+00
 2.36734e+13	5.16e-36	2.05e-27	9.35e-20	6.84e-13	5.66e-07	1.00e+00	7.26e-05	0.00e+00
 2.45212e+13	0.00e+00	2.66e-27	1.15e-19	7.92e-13	6.13e-07	1.00e+00	6.72e-05	0.00e+00
 2.54703e+13	9.95e-36	3.52e-27	1.43e-19	9.28e-13	6.67e-07	1.00e+00	6.18e-05	0.00e+00
 2.63711e+13	0.00e+00	4.55e-27	1.75e-19	1.07e-12	7.21e-07	1.00e+00	5.72e-05	0.00e+00
 2.72023e+13	1.79e-35	5.72e-27	2.10e-19	1.22e-12	7.72e-07	1.00e+00	5.34e-05	0.00e+00
 2.81226e+13	0.00e+00	7.32e-27	2.54e-19	1.40e-12	8.31e-07	1.00e+00	4.97e-05	0.00e+00
 2.91558e+13	3.35e-35	9.55e-27	3.14e-19	1.62e-12	9.00e-07	1.00e+00	4.59e-05	0.00e+00
 3.01343e+13	0.00e+00	1.22e-26	3.80e-19	1.86e-12	9.68e-07	1.00e+00	4.27e-05	0.00e+00
 3.12051e+13	6.17e-35	1.58e-26	4.65e-19	2.15e-12	1.04e-06	1.00e+00	3.96e-05	0.00e+00
 3.23893e+13	0.00e+00	2.08e-26	5.77e-19	2.51e-12	1.13e-06	1.00e+00	3.65e-05	0.00e+00
 3.34880e+13	1.17e-34	2.66e-26	7.00e-19	2.88e-12	1.22e-06	1.00e+00	3.40e-05	0.00e+00
 3.46831e+13	0.00e+00	3.45e-26	8.58e-19	3.32e-12	1.32e-06	1.00e+00	3.15e-05	0.00e+00
 3.60207e+13	2.26e-34	4.57e-26	1.07e-18	3.88e-12	1.43e-06	1.00e+00	2.91e-05	0.00e+00
 3.72850e+13	3.09e-34	5.90e-26	1.31e-18	4.46e-12	1.54e-06	1.00e+00	2.70e-05	0.00e+00
 3.86599e+13	4.30e-34	7.73e-26	1.61e-18	5.17e-12	1.67e-06	1.00e+00	2.50e-05	0.00e+00
 4.01918e+13	6.11e-34	1.03e-25	2.02e-18	6.07e-12	1.81e-06	1.00e+00	2.30e-05	0.00e+00
 4.16492e+13	8.45e-34	1.34e-25	2.48e-18	7.01e-12	1.96e-06	1.00e+00	2.13e-05	0.00e+00
 4.32093e+13	1.18e-33	1.77e-25	3.07e-18	8.14e-12	2.12e-06	1.00e+00	1.97e-05	0.00e+00
 4.49676e+13	1.71e-33	2.38e-25	3.87e-18	9.58e-12	2.31e-06	1.00e+00	1.81e-05	0.00e+00
 4.67103e+13	2.42e-33	3.17e-25	4.83e-18	1.12e-11	2.50e-06	1.00e+00	1.67e-05	0.00e+00
 4.85228e+13	3.44e-33	4.22e-25	6.03e-18	1.30e-11	2.71e-06	1.00e+00	1.54e-05	0.00e+00
 5.04937e+13	4.96e-33	5.69e-25	7.60e-18	1.53e-11	2.95e-06	1.00e+00	1.42e-05	0.00e+00
 5.25433e+13	7.18e-33	7.69e-25	9.58e-18	1.80e-11	3.21e-06	1.00e+00	1.30e-05	0.00e+00
 5.46750e+13	1.04e-32	1.04e-24	1.21e-17	2.11e-11	3.49e-06	1.00e+00	1.20e-05	0.00e+00
 5.67694e+13	1.47e-32	1.38e-24	1.51e-17	2.46e-11	3.78e-06	1.00e+00	1.11e-05	0.00e+00
 5.87236e+13	2.02e-32	1.78e-24	1.83e-17	2.82e-11	4.06e-06	1.00e+00	1.03e-05	0.00e+00
 6.08786e+13	2.84e-32	2.35e-24	2.26e-17	3.26e-11	4.38e-06	1.00e+00	9.57e-06	0.00e+00
 6.30866e+13	3.96e-32	3.08e-24	2.79e-17	3.76e-11	4.72e-06	1.00e+00	8.88e-06	0.00e+00
 6.49371e+13	5.20e-32	3.84e-24	3.30e-17	4.23e-11	5.01e-06	1.00e+00	8.37e-06	0.00e+00
 6.68943e+13	6.89e-32	4.82e-24	3.93e-17	4.76e-11	5.33e-06	1.00e+00	7.87e-06	0.00e+00
 6.93755e+13	9.72e-32	6.37e-24	4.87e-17	5.51e-11	5.75e-06	1.00e+00	7.30e-06	0.00e+00
 7.19670e+13	1.38e-31	8.44e-24	6.04e-17	6.39e-11	6.20e-06	1.00e+00	6.77e-06	0.00e+00
 7.42188e+13	1.85e-31	1.07e-23	7.24e-17	7.22e-11	6.60e-06	1.00e+00	6.36e-06	0.00e+00
 7.65999e+13	2.50e-31	1.37e-23	8.72e-17	8.20e-11	7.05e-06	1.00e+00	5.96e-06	0.00e+00
 7.95197e+13	3.57e-31	1.82e-23	1.09e-16	9.52e-11	7.61e-06	1.00e+00	5.52e-06	0.00e+00
 8.24305e+13	5.04e-31	2.41e-23	1.34e-16	1.10e-10	8.19e-06	1.00e+00	5.13e-06	0.00e+00
 8.49694e+13	6.77e-31	3.05e-23	1.61e-16	1.24e-10	8.71e-06	1.00e+00	4.82e-06	0.00e+00
 8.77338e+13	9.21e-31	3.91e-23	1.94e-16	1.41e-10	9.30e-06	1.00e+00	4.52e-06	0.00e+00
 9.10973e+13	1.32e-30	5.24e-23	2.42e-16	1.64e-10	1.00e-05	1.00e+00	4.18e-06	0.00e+00
 9.44773e+13	1.88e-30	6.96e-23	3.01e-16	1.90e-10	1.08e-05	1.00e+00	3.88e-06	0.00e+00
 9.75104e+13	2.56e-30	8.91e-23	3.62e-16	2.15e-10	1.15e-05	1.00e+00	3.64e-06	0.00e+00
 1.00854e+14	3.56e-30	1.16e-22	4.42e-16	2.46e-10	1.23e-05	1.00e+00	3.40e-06	0.00e+00
 1.04814e+14	5.18e-30	1.57e-22	5.56e-16	2.87e-10	1.33e-05	1.00e+00	3.15e-06	0.00e+00
 1.08739e+14	7.42e-30	2.09e-22	6.91e-16	3.33e-10	1.44e-05	1.00e+00	2.92e-06	0.00e+00
 1.12375e+14	1.02e-29	2.71e-22	8.40e-16	3.79e-10	1.54e-05	1.00e+00	2.74e-06	0.00e+00
 1.16454e+14	1.45e-29	3.59e-22	1.04e-15	4.37e-10	1.65e-05	1.00e+00	2.55e-06	0.00e+00
 1.21142e+14	2.14e-29	4.89e-22	1.31e-15	5.12e-10	1.79e-05	1.00e+00	2.35e-06	0.00e+00
 1.25755e+14	3.09e-29	6.57e-22	1.64e-15	5.94e-10	1.93e-05	1.00e+00	2.18e-06	0.00e+00
 1.30551e+14	4.46e-29	8.83e-22	2.05e-15	6.89e-10	2.08e-05	1.00e+00	2.03e-06	0.00e+00
 1.35803e+14	6.57e-29	1.20e-21	2.59e-15	8.07e-10	2.25e-05	1.00e+00	1.87e-06	0.00e+00
 1.41140e+14	9.59e-29	1.63e-21	3.25e-15	9.41e-10	2.43e-05	1.00e+00	1.73e-06	0.00e+00
 1.46689e+14	1.40e-28	2.21e-21	4.09e-15	1.10e-09	2.62e-05	1.00e+00	1.60e-06	0.00e+00
 1.52247e+14	2.02e-28	2.96e-21	5.10e-15	1.27e-09	2.83e-05	1.00e+00	1.49e-06	0.00e+00
 1.57509e+14	2.82e-28	3.88e-21	6.25e-15	1.46e-09	3.03e-05	1.00e+00	1.39e-06	0.00e+00
 1.63320e+14	4.02e-28	5.16e-21	7.75e-15	1.68e-09	3.26e-05	1.00e+00	1.29e-06	0.00e+00
 1.69139e+14	5.67e-28	6.79e-21	9.54e-15	1.94e-09	3.50e-05	1.00e+00	1.20e-06	0.00e+00
 1.73964e+14	7.47e-28	8.47e-21	1.13e-14	2.17e-09	3.70e-05	1.00e+00	1.14e-06	0.00e+00
 1.79080e+14	9.91e-28	1.06e-20	1.34e-14	2.44e-09	3.93e-05	1.00e+00	1.07e-06	0.00e+00
 1.85626e+14	1.41e-27	1.41e-20	1.66e-14	2.81e-09	4.22e-05	1.00e+00	9.96e-07	0.00e+00
 1.92495e+14	2.00e-27	1.87e-20	2.06e-14	3.25e-09	4.55e-05	1.00e+00	0.00e+00	0.00e+00
 1.98568e+14	2.72e-27	2.39e-20	2.47e-14	3.68e-09	4.84e-05	1.00e+00	0.00e+00	0.00e+00
 2.05143e+14	3.73e-27	3.09e-20	3.00e-14	4.20e-09	5.17e-05	1.00e+00	0.00e+00	0.00e+00
 2.13051e+14	5.38e-27	4.15e-20	3.76e-14	4.88e-09	5.59e-05	1.00e+00	0.00e+00	0.00e+00
 2.21062e+14	7.69e-27	5.53e-20	4.68e-14	5.66e-09	6.03e-05	1.00e+00	0.00e+00	0.00e+00
 2.28558e+14	1.06e-26	7.19e-20	5.70e-14	6.48e-09	6.45e-05	1.00e+00	0.00e+00	0.00e+00
 2.36896e+14	1.50e-26	9.50e-20	7.05e-14	7.48e-09	6.95e-05	1.00e+00	0.00e+00	0.00e+00
 2.45744e+14	2.14e-26	1.27e-19	8.77e-14	8.67e-09	7.49e-05	1.00e+00	0.00e+00	0.00e+00
 2.53609e+14	2.91e-26	1.62e-19	1.06e-13	9.83e-09	7.99e-05	1.00e+00	0.00e+00	0.00e+00
 2.62065e+14	3.99e-26	2.09e-19	1.28e-13	1.12e-08	8.55e-05	1.00e+00	0.00e+00	0.00e+00
 2.72196e+14	5.75e-26	2.80e-19	1.61e-13	1.31e-08	9.25e-05	1.00e+00	0.00e+00	0.00e+00
 2.82163e+14	8.14e-26	3.71e-19	1.99e-13	1.51e-08	9.96e-05	1.00e+00	0.00e+00	0.00e+00
 2.91042e+14	1.10e-25	4.73e-19	2.39e-13	1.71e-08	1.06e-04	1.00e+00	0.00e+00	0.00e+00
 3.00846e+14	1.51e-25	6.11e-19	2.91e-13	1.95e-08	1.14e-04	1.00e+00	0.00e+00	0.00e+00
 3.12530e+14	2.18e-25	8.22e-19	3.65e-13	2.28e-08	1.23e-04	1.00e+00	0.00e+00	0.00e+00
 3.24118e+14	3.09e-25	1.09e-18	4.53e-13	2.64e-08	1.33e-04	1.00e+00	0.00e+00	0.00e+00
 3.34703e+14	4.21e-25	1.40e-18	5.48e-13	3.00e-08	1.42e-04	1.00e+00	0.00e+00	0.00e+00
 3.46524e+14	5.88e-25	1.83e-18	6.73e-13	3.45e-08	1.52e-04	1.00e+00	0.00e+00	0.00e+00
 3.60284e+14	8.54e-25	2.48e-18	8.48e-13	4.04e-08	1.65e-04	1.00e+00	0.00e+00	0.00e+00
 3.73804e+14	1.22e-24	3.31e-18	1.05e-12	4.68e-08	1.78e-04	1.00e+00	0.00e+00	0.00e+00
 3.86587e+14	1.68e-24	4.29e-18	1.29e-12	5.36e-08	1.91e-04	1.00e+00	0.00e+00	0.00e+00
 4.00802e+14	2.38e-24	5.68e-18	1.59e-12	6.20e-08	2.06e-04	1.00e+00	0.00e+00	0.00e+00
 4.16864e+14	3.47e-24	7.70e-18	2.01e-12	7.26e-08	2.23e-04	1.00e+00	0.00e+00	0.00e+00
 4.32090e+14	4.92e-24	1.02e-17	2.49e-12	8.38e-08	2.40e-04	1.00e+00	0.00e+00	0.00e+00
 4.45942e+14	6.67e-24	1.30e-17	3.00e-12	9.51e-08	2.56e-04	1.00e+00	0.00e+00	0.00e+00
 4.61615e+14	9.30e-24	1.71e-17	3.68e-12	1.09e-07	2.75e-04	1.00e+00	0.00e+00	0.00e+00
 4.79898e+14	1.35e-23	2.31e-17	4.64e-12	1.28e-07	2.98e-04	1.00e+00	0.00e+00	0.00e+00
 4.97443e+14	1.92e-23	3.06e-17	5.74e-12	1.47e-07	3.20e-04	1.00e+00	0.00e+00	0.00e+00
 5.13307e+14	2.60e-23	3.90e-17	6.91e-12	1.67e-07	3.42e-04	1.00e+00	0.00e+00	0.00e+00
 5.28243e+14	3.43e-23	4.88e-17	8.19e-12	1.88e-07	3.62e-04	1.00e+00	0.00e+00	0.00e+00
 5.44787e+14	4.62e-23	6.21e-17	9.84e-12	2.12e-07	3.86e-04	1.00e+00	0.00e+00	0.00e+00
 5.63284e+14	6.38e-23	8.06e-17	1.20e-11	2.43e-07	4.13e-04	1.00e+00	0.00e+00	0.00e+00
 5.80758e+14	8.59e-23	1.02e-16	1.44e-11	2.74e-07	4.40e-04	1.00e+00	0.00e+00	0.00e+00
 5.99915e+14	1.18e-22	1.32e-16	1.74e-11	3.12e-07	4.70e-04	1.00e+00	0.00e+00	0.00e+00
 6.21362e+14	1.66e-22	1.74e-16	2.15e-11	3.60e-07	5.05e-04	9.99e-01	0.00e+00	0.00e+00
 6.41598e+14	2.26e-22	2.23e-16	2.60e-11	4.09e-07	5.39e-04	9.99e-01	0.00e+00	0.00e+00
 6.63720e+14	3.14e-22	2.91e-16	3.18e-11	4.68e-07	5.77e-04	9.99e-01	0.00e+00	0.00e+00
 6.88176e+14	4.47e-22	3.86e-16	3.94e-11	5.41e-07	6.21e-04	9.99e-01	0.00e+00	0.00e+00
 7.10755e+14	6.13e-22	4.98e-16	4.77e-11	6.16e-07	6.63e-04	9.99e-01	0.00e+00	0.00e+00
 7.35196e+14	8.50e-22	6.48e-16	5.83e-11	7.05e-07	7.11e-04	9.99e-01	0.00e+00	0.00e+00
 7.62515e+14	1.21e-21	8.62e-16	7.24e-11	8.16e-07	7.66e-04	9.99e-01	0.00e+00	0.00e+00
 7.88186e+14	1.67e-21	1.12e-15	8.80e-11	9.31e-07	8.19e-04	9.99e-01	0.00e+00	0.00e+00
 8.16167e+14	2.35e-21	1.47e-15	1.08e-10	1.07e-06	8.79e-04	9.99e-01	0.00e+00	0.00e+00
 8.47285e+14	3.36e-21	1.96e-15	1.35e-10	1.24e-06	9.50e-04	9.99e-01	0.00e+00	0.00e+00
 8.76353e+14	4.67e-21	2.56e-15	1.65e-10	1.42e-06	1.02e-03	9.99e-01	0.00e+00	0.00e+00
 9.07935e+14	6.56e-21	3.36e-15	2.03e-10	1.64e-06	1.09e-03	9.99e-01	0.00e+00	0.00e+00
 9.43275e+14	9.47e-21	4.53e-15	2.55e-10	1.91e-06	1.18e-03	9.99e-01	0.00e+00	0.00e+00
 9.76791e+14	1.32e-20	5.93e-15	3.13e-10	2.20e-06	1.27e-03	9.99e-01	0.00e+00	0.00e+00
 1.01265e+15	1.87e-20	7.84e-15	3.88e-10	2.54e-06	1.37e-03	9.99e-01	0.00e+00	0.00e+00
 1.05319e+15	2.70e-20	1.06e-14	4.89e-10	2.98e-06	1.49e-03	9.99e-01	0.00e+00	0.00e+00
 1.09312e+15	3.86e-20	1.41e-14	6.09e-10	3.45e-06	1.61e-03	9.98e-01	0.00e+00	0.00e+00
 1.13464e+15	5.47e-20	1.88e-14	7.59e-10	4.01e-06	1.74e-03	9.98e-01	0.00e+00	0.00e+00
 1.18005e+15	7.90e-20	2.53e-14	9.55e-10	4.70e-06	1.89e-03	9.98e-01	0.00e+00	0.00e+00
 1.22490e+15	1.12e-19	3.36e-14	1.19e-09	5.46e-06	2.04e-03	9.98e-01	0.00e+00	0.00e+00
 1.26216e+15	1.47e-19	4.21e-14	1.42e-09	6.16e-06	2.18e-03	9.98e-01	0.00e+00	0.00e+00
 1.29227e+15	1.83e-19	5.03e-14	1.63e-09	6.78e-06	2.29e-03	9.98e-01	0.00e+00	0.00e+00
 1.32569e+15	2.31e-19	6.09e-14	1.89e-09	7.51e-06	2.42e-03	9.98e-01	0.00e+00	0.00e+00
 1.36914e+15	3.10e-19	7.75e-14	2.28e-09	8.56e-06	2.59e-03	9.97e-01	0.00e+00	0.00e+00
 1.41572e+15	4.20e-19	9.94e-14	2.77e-09	9.80e-06	2.78e-03	9.97e-01	0.00e+00	0.00e+00
 1.45705e+15	5.43e-19	1.23e-13	3.28e-09	1.10e-05	2.96e-03	9.97e-01	0.00e+00	0.00e+00
 1.50145e+15	7.12e-19	1.54e-13	3.91e-09	1.24e-05	3.16e-03	9.97e-01	0.00e+00	0.00e+00
 1.55709e+15	9.82e-19	2.01e-13	4.83e-09	1.44e-05	3.43e-03	9.97e-01	0.00e+00	0.00e+00
 1.61353e+15	1.34e-18	2.60e-13	5.94e-09	1.66e-05	3.71e-03	9.96e-01	0.00e+00	0.00e+00
 1.66243e+15	1.75e-18	3.23e-13	7.06e-09	1.87e-05	3.96e-03	9.96e-01	0.00e+00	0.00e+00
 1.71535e+15	2.29e-18	4.05e-13	8.46e-09	2.13e-05	4.24e-03	9.96e-01	0.00e+00	0.00e+00
 1.78018e+15	3.15e-18	5.30e-13	1.05e-08	2.47e-05	4.61e-03	9.95e-01	0.00e+00	0.00e+00
 1.84564e+15	4.30e-18	6.87e-13	1.29e-08	2.86e-05	5.00e-03	9.95e-01	0.00e+00	0.00e+00
 1.90384e+15	5.59e-18	8.57e-13	1.55e-08	3.24e-05	5.36e-03	9.95e-01	0.00e+00	0.00e+00
 1.96745e+15	7.40e-18	1.08e-12	1.87e-08	3.70e-05	5.77e-03	9.94e-01	0.00e+00	0.00e+00
 2.04349e+15	1.02e-17	1.42e-12	2.33e-08	4.32e-05	6.29e-03	9.94e-01	0.00e+00	0.00e+00
 2.11873e+15	1.38e-17	1.84e-12	2.87e-08	5.00e-05	6.82e-03	9.93e-01	0.00e+00	0.00e+00
 2.18666e+15	1.80e-17	2.30e-12	3.45e-08	5.67e-05	7.33e-03	9.93e-01	0.00e+00	0.00e+00
 2.26204e+15	2.39e-17	2.92e-12	4.20e-08	6.50e-05	7.91e-03	9.92e-01	0.00e+00	0.00e+00
 2.35076e+15	3.30e-17	3.83e-12	5.25e-08	7.60e-05	8.64e-03	9.91e-01	0.00e+00	0.00e+00
 2.43826e+15	4.47e-17	4.96e-12	6.49e-08	8.80e-05	9.39e-03	9.91e-01	0.00e+00	0.00e+00
 2.51956e+15	5.87e-17	6.26e-12	7.85e-08	1.00e-04	1.01e-02	9.90e-01	0.00e+00	0.00e+00
 2.61068e+15	7.88e-17	8.05e-12	9.66e-08	1.16e-04	1.10e-02	9.89e-01	0.00e+00	0.00e+00
 2.71514e+15	1.09e-16	1.06e-11	1.22e-07	1.36e-04	1.20e-02	9.88e-01	0.00e+00	0.00e+00
 2.81803e+15	1.72e-16	1.38e-11	1.51e-07	1.58e-04	1.31e-02	9.87e-01	0.00e+00	0.00e+00
 2.92504e+15	2.36e-16	1.80e-11	1.88e-07	1.83e-04	1.42e-02	9.86e-01	0.00e+00	0.00e+00
 3.02245e+15	3.11e-16	2.27e-11	2.28e-07	2.09e-04	1.53e-02	9.84e-01	0.00e+00	0.00e+00
 3.09518e+15	3.79e-16	2.69e-11	2.62e-07	2.30e-04	1.61e-02	9.84e-01	0.00e+00	0.00e+00
 3.17035e+15	4.64e-16	3.20e-11	3.02e-07	2.53e-04	1.70e-02	9.83e-01	0.00e+00	0.00e+00
 3.26808e+15	6.00e-16	3.98e-11	3.61e-07	2.86e-04	1.83e-02	9.81e-01	0.00e+00	0.00e+00
 3.37395e+15	7.86e-16	5.00e-11	4.36e-07	3.25e-04	1.96e-02	9.80e-01	0.00e+00	0.00e+00
 3.46958e+15	9.92e-16	6.10e-11	5.14e-07	3.63e-04	2.09e-02	9.79e-01	0.00e+00	0.00e+00
 3.57306e+15	1.27e-15	7.54e-11	6.13e-07	4.08e-04	2.24e-02	9.77e-01	0.00e+00	0.00e+00
 3.70420e+15	1.74e-15	9.81e-11	7.61e-07	4.72e-04	2.43e-02	9.75e-01	0.00e+00	0.00e+00
 3.83617e+15	2.33e-15	1.26e-10	9.37e-07	5.44e-04	2.63e-02	9.73e-01	0.00e+00	0.00e+00
 3.94716e+15	2.97e-15	1.55e-10	1.11e-06	6.09e-04	2.80e-02	9.71e-01	0.00e+00	0.00e+00
 4.06600e+15	3.83e-15	1.93e-10	1.33e-06	6.86e-04	2.99e-02	9.69e-01	0.00e+00	0.00e+00
 4.21586e+15	5.24e-15	2.52e-10	1.65e-06	7.94e-04	3.24e-02	9.67e-01	0.00e+00	0.00e+00
 4.37289e+15	7.17e-15	3.30e-10	2.06e-06	9.20e-04	3.52e-02	9.64e-01	0.00e+00	0.00e+00
 4.51429e+15	9.41e-15	4.16e-10	2.49e-06	1.04e-03	3.78e-02	9.61e-01	0.00e+00	0.00e+00
 4.66851e+15	1.26e-14	5.33e-10	3.05e-06	1.19e-03	4.07e-02	9.58e-01	0.00e+00	0.00e+00
 4.85081e+15	1.76e-14	7.10e-10	3.85e-06	1.40e-03	4.43e-02	9.54e-01	0.00e+00	0.00e+00
 5.02920e+15	2.41e-14	9.28e-10	4.80e-06	1.61e-03	4.80e-02	9.50e-01	0.00e+00	0.00e+00
 5.19158e+15	3.17e-14	1.17e-09	5.81e-06	1.83e-03	5.15e-02	9.47e-01	0.00e+00	0.00e+00
 5.37356e+15	4.30e-14	1.52e-09	7.17e-06	2.10e-03	5.55e-02	9.42e-01	0.00e+00	0.00e+00
 5.58597e+15	6.06e-14	2.04e-09	9.09e-06	2.46e-03	6.05e-02	9.37e-01	0.00e+00	0.00e+00
 5.79423e+15	8.32e-14	2.67e-09	1.14e-05	2.85e-03	6.54e-02	9.32e-01	0.00e+00	0.00e+00
 5.99021e+15	1.12e-13	3.43e-09	1.39e-05	3.26e-03	7.03e-02	9.26e-01	0.00e+00	0.00e+00
 6.20923e+15	1.53e-13	4.50e-09	1.73e-05	3.76e-03	7.60e-02	9.20e-01	0.00e+00	0.00e+00
 6.41788e+15	2.05e-13	5.76e-09	2.12e-05	4.30e-03	8.15e-02	9.14e-01	0.00e+00	0.00e+00
 6.57320e+15	2.52e-13	6.89e-09	2.45e-05	4.73e-03	8.59e-02	9.09e-01	0.00e+00	0.00e+00
 6.73060e+15	3.12e-13	8.25e-09	2.84e-05	5.20e-03	9.03e-02	9.04e-01	0.00e+00	0.00e+00
 6.93521e+15	4.09e-13	1.04e-08	3.41e-05	5.86e-03	9.62e-02	8.98e-01	0.00e+00	0.00e+00
 7.15701e+15	5.42e-13	1.32e-08	4.13e-05	6.66e-03	1.03e-01	8.90e-01	0.00e+00	0.00e+00
 7.35607e+15	6.94e-13	1.62e-08	4.89e-05	7.43e-03	1.09e-01	8.84e-01	0.00e+00	0.00e+00
 7.56977e+15	9.02e-13	2.03e-08	5.83e-05	8.34e-03	1.16e-01	8.76e-01	0.00e+00	0.00e+00
 7.84437e+15	1.25e-12	2.67e-08	7.28e-05	9.64e-03	1.25e-01	8.66e-01	0.00e+00	0.00e+00
 8.12103e+15	1.71e-12	3.48e-08	9.00e-05	1.11e-02	1.34e-01	8.55e-01	0.00e+00	0.00e+00
 8.34790e+15	2.19e-12	4.29e-08	1.06e-04	1.23e-02	1.41e-01	8.46e-01	0.00e+00	0.00e+00
 8.58717e+15	2.84e-12	5.35e-08	1.27e-04	1.38e-02	1.50e-01	8.36e-01	0.00e+00	0.00e+00
 8.89688e+15	3.93e-12	7.03e-08	1.58e-04	1.59e-02	1.61e-01	8.23e-01	0.00e+00	0.00e+00
 9.21909e+15	5.42e-12	9.23e-08	1.96e-04	1.84e-02	1.73e-01	8.09e-01	0.00e+00	0.00e+00
 9.49508e+15	7.10e-12	1.16e-07	2.35e-04	2.07e-02	1.83e-01	7.96e-01	0.00e+00	0.00e+00
 9.79005e+15	9.45e-12	1.47e-07	2.84e-04	2.34e-02	1.94e-01	7.82e-01	0.00e+00	0.00e+00
 1.01559e+16	1.32e-11	1.96e-07	3.56e-04	2.70e-02	2.08e-01	7.64e-01	0.00e+00	0.00e+00
 1.05190e+16	1.82e-11	2.56e-07	4.42e-04	3.10e-02	2.22e-01	7.46e-01	0.00e+00	0.00e+00
 1.08255e+16	2.36e-11	3.19e-07	5.27e-04	3.48e-02	2.34e-01	7.30e-01	0.00e+00	0.00e+00
 1.11536e+16	3.13e-11	4.04e-07	6.35e-04	3.91e-02	2.47e-01	7.13e-01	0.00e+00	0.00e+00
 1.15204e+16	4.20e-11	5.18e-07	7.76e-04	4.44e-02	2.62e-01	6.93e-01	0.00e+00	0.00e+00
 1.18658e+16	5.49e-11	6.49e-07	9.29e-04	4.98e-02	2.75e-01	6.74e-01	0.00e+00	0.00e+00
 1.21680e+16	6.89e-11	7.86e-07	1.08e-03	5.49e-02	2.87e-01	6.57e-01	0.00e+00	0.00e+00
 1.24859e+16	8.80e-11	9.64e-07	1.27e-03	6.08e-02	3.00e-01	6.38e-01	0.00e+00	0.00e+00
 1.28310e+16	1.13e-10	1.19e-06	1.51e-03	6.76e-02	3.13e-01	6.18e-01	0.00e+00	0.00e+00
 1.31499e+16	1.41e-10	1.43e-06	1.76e-03	7.43e-02	3.25e-01	5.99e-01	0.00e+00	0.00e+00
 1.35030e+16	1.82e-10	1.77e-06	2.08e-03	8.24e-02	3.38e-01	5.78e-01	0.00e+00	0.00e+00
 1.38837e+16	2.34e-10	2.19e-06	2.47e-03	9.16e-02	3.51e-01	5.55e-01	0.00e+00	0.00e+00
 1.42326e+16	2.94e-10	2.66e-06	2.88e-03	1.01e-01	3.63e-01	5.33e-01	0.00e+00	0.00e+00
 1.46187e+16	3.82e-10	3.31e-06	3.43e-03	1.12e-01	3.76e-01	5.09e-01	0.00e+00	0.00e+00
 1.50346e+16	4.94e-10	4.11e-06	4.08e-03	1.24e-01	3.89e-01	4.83e-01	0.00e+00	0.00e+00
 1.54180e+16	6.27e-10	5.02e-06	4.80e-03	1.37e-01	4.00e-01	4.59e-01	0.00e+00	0.00e+00
 1.57758e+16	7.78e-10	6.01e-06	5.56e-03	1.49e-01	4.09e-01	4.37e-01	0.00e+00	0.00e+00
 1.61715e+16	9.96e-10	7.38e-06	6.55e-03	1.63e-01	4.18e-01	4.12e-01	0.00e+00	0.00e+00
 1.65968e+16	1.28e-09	9.11e-06	7.76e-03	1.80e-01	4.27e-01	3.85e-01	0.00e+00	0.00e+00
 1.69702e+16	1.58e-09	1.09e-05	8.97e-03	1.95e-01	4.33e-01	3.63e-01	0.00e+00	0.00e+00
 1.73653e+16	2.02e-09	1.33e-05	1.05e-02	2.13e-01	4.39e-01	3.38e-01	0.00e+00	0.00e+00
 1.77895e+16	2.57e-09	1.62e-05	1.24e-02	2.32e-01	4.42e-01	3.13e-01	0.00e+00	0.00e+00
 1.81647e+16	3.19e-09	1.95e-05	1.43e-02	2.50e-01	4.45e-01	2.91e-01	0.00e+00	0.00e+00
 1.84903e+16	3.84e-09	2.27e-05	1.62e-02	2.67e-01	4.45e-01	2.72e-01	0.00e+00	0.00e+00
 1.88385e+16	4.73e-09	2.69e-05	1.85e-02	2.86e-01	4.44e-01	2.52e-01	0.00e+00	0.00e+00
 1.92149e+16	5.92e-09	3.24e-05	2.14e-02	3.06e-01	4.42e-01	2.30e-01	0.00e+00	0.00e+00
 1.95440e+16	7.17e-09	3.78e-05	2.43e-02	3.25e-01	4.38e-01	2.13e-01	0.00e+00	0.00e+00
 1.98351e+16	8.48e-09	4.34e-05	2.71e-02	3.42e-01	4.33e-01	1.97e-01	0.00e+00	0.00e+00
 2.01608e+16	1.05e-08	5.17e-05	3.09e-02	3.62e-01	4.27e-01	1.80e-01	0.00e+00	0.00e+00
 2.05041e+16	1.29e-08	6.08e-05	3.53e-02	3.84e-01	4.18e-01	1.63e-01	0.00e+00	0.00e+00
 2.07989e+16	1.55e-08	7.06e-05	3.96e-02	4.02e-01	4.09e-01	1.49e-01	0.00e+00	0.00e+00
 2.10635e+16	1.85e-08	8.15e-05	4.41e-02	4.20e-01	4.00e-01	1.36e-01	0.00e+00	0.00e+00
 2.13196e+16	2.18e-08	9.28e-05	4.89e-02	4.37e-01	3.90e-01	1.24e-01	0.00e+00	0.00e+00
 2.16118e+16	2.71e-08	1.10e-04	5.54e-02	4.57e-01	3.77e-01	1.10e-01	0.00e+00	0.00e+00
 2.19119e+16	3.33e-08	1.30e-04	6.27e-02	4.77e-01	3.62e-01	9.78e-02	0.00e+00	0.00e+00
 2.21551e+16	3.91e-08	1.48e-04	6.93e-02	4.94e-01	3.49e-01	8.80e-02	0.00e+00	0.00e+00
 2.23686e+16	4.46e-08	1.65e-04	7.59e-02	5.08e-01	3.36e-01	7.96e-02	0.00e+00	0.00e+00
 2.26108e+16	5.35e-08	1.90e-04	8.44e-02	5.25e-01	3.20e-01	7.03e-02	0.00e+00	0.00e+00
 2.28644e+16	6.50e-08	2.21e-04	9.44e-02	5.42e-01	3.02e-01	6.11e-02	0.00e+00	0.00e+00
 2.30717e+16	7.74e-08	2.53e-04	1.04e-01	5.55e-01	2.87e-01	5.38e-02	0.00e+00	0.00e+00
 2.32434e+16	9.44e-08	2.93e-04	1.13e-01	5.67e-01	2.72e-01	4.76e-02	0.00e+00	0.00e+00
 2.34013e+16	1.04e-07	3.17e-04	1.21e-01	5.77e-01	2.59e-01	4.28e-02	0.00e+00	0.00e+00
 2.35781e+16	1.22e-07	3.59e-04	1.32e-01	5.87e-01	2.43e-01	3.72e-02	0.00e+00	0.00e+00
 2.37664e+16	1.45e-07	4.09e-04	1.44e-01	5.98e-01	2.25e-01	3.17e-02	0.00e+00	0.00e+00
 2.39239e+16	1.70e-07	4.61e-04	1.56e-01	6.07e-01	2.10e-01	2.73e-02	0.00e+00	0.00e+00
 2.40529e+16	2.04e-07	5.25e-04	1.67e-01	6.13e-01	1.96e-01	2.36e-02	0.00e+00	0.00e+00
 2.41642e+16	2.20e-07	5.59e-04	1.76e-01	6.18e-01	1.85e-01	2.10e-02	0.00e+00	0.00e+00
 2.42823e+16	2.50e-07	6.15e-04	1.86e-01	6.24e-01	1.71e-01	1.82e-02	0.00e+00	0.00e+00
 2.44147e+16	3.04e-07	7.06e-04	2.00e-01	6.28e-01	1.56e-01	1.50e-02	0.00e+00	0.00e+00
 2.45306e+16	3.31e-07	7.57e-04	2.11e-01	6.32e-01	1.43e-01	1.28e-02	0.00e+00	0.00e+00
 2.46223e+16	3.85e-07	8.41e-04	2.21e-01	6.35e-01	1.32e-01	1.09e-02	0.00e+00	0.00e+00
 2.46908e+16	4.15e-07	8.89e-04	2.28e-01	6.36e-01	1.25e-01	9.73e-03	0.00e+00	0.00e+00
 2.47530e+16	4.41e-07	9.32e-04	2.36e-01	6.38e-01	1.17e-01	8.66e-03	0.00e+00	0.00e+00
 2.48337e+16	4.87e-07	1.00e-03	2.45e-01	6.39e-01	1.07e-01	7.36e-03	0.00e+00	0.00e+00
 2.49177e+16	5.57e-07	1.10e-03	2.55e-01	6.40e-01	9.76e-02	6.11e-03	0.00e+00	0.00e+00
 2.49820e+16	6.06e-07	1.17e-03	2.63e-01	6.40e-01	9.03e-02	5.27e-03	0.00e+00	0.00e+00
 2.50418e+16	6.45e-07	1.22e-03	2.71e-01	6.40e-01	8.34e-02	4.56e-03	0.00e+00	0.00e+00
 2.51195e+16	7.33e-07	1.34e-03	2.81e-01	6.39e-01	7.45e-02	3.67e-03	0.00e+00	0.00e+00
 2.51943e+16	8.11e-07	1.44e-03	2.90e-01	6.38e-01	6.67e-02	2.98e-03	0.00e+00	0.00e+00
 2.52513e+16	8.73e-07	1.52e-03	2.98e-01	6.37e-01	6.09e-02	2.51e-03	0.00e+00	0.00e+00
 2.53114e+16	9.53e-07	1.61e-03	3.06e-01	6.36e-01	5.48e-02	2.06e-03	0.00e+00	0.00e+00
 2.53896e+16	1.06e-06	1.74e-03	3.16e-01	6.34e-01	4.76e-02	1.58e-03	0.00e+00	0.00e+00
 2.54705e+16	1.18e-06	1.88e-03	3.25e-01	6.31e-01	4.09e-02	1.19e-03	0.00e+00	0.00e+00
 2.55389e+16	1.30e-06	2.01e-03	3.34e-01	6.27e-01	3.56e-02	9.21e-04	0.00e+00	0.00e+00
 2.56122e+16	1.43e-06	2.15e-03	3.43e-01	6.24e-01	3.05e-02	6.87e-04	0.00e+00	0.00e+00
 2.57074e+16	1.63e-06	2.35e-03	3.54e-01	6.18e-01	2.48e-02	4.64e-04	0.00e+00	0.00e+00
 2.58076e+16	1.84e-06	2.56e-03	3.65e-01	6.12e-01	1.99e-02	3.07e-04	0.00e+00	0.00e+00
 2.58980e+16	2.06e-06	2.77e-03	3.75e-01	6.06e-01	1.62e-02	2.09e-04	0.00e+00	0.00e+00
 2.59991e+16	2.33e-06	3.01e-03	3.86e-01	5.98e-01	1.29e-02	1.35e-04	0.00e+00	0.00e+00
 2.61305e+16	2.70e-06	3.33e-03	3.98e-01	5.89e-01	9.55e-03	7.63e-05	0.00e+00	0.00e+00
 2.63013e+16	3.26e-06	3.78e-03	4.14e-01	5.75e-01	6.57e-03	3.70e-05	0.00e+00	0.00e+00
 2.64906e+16	3.98e-06	4.33e-03	4.31e-01	5.60e-01	4.44e-03	1.73e-05	0.00e+00	0.00e+00
 2.67042e+16	4.96e-06	5.01e-03	4.50e-01	5.42e-01	2.90e-03	7.52e-06	0.00e+00	0.00e+00
 2.69817e+16	6.58e-06	6.06e-03	4.74e-01	5.18e-01	1.73e-03	2.71e-06	0.00e+00	0.00e+00
 2.72663e+16	8.96e-06	7.44e-03	5.01e-01	4.91e-01	1.07e-03	1.04e-06	0.00e+00	0.00e+00
 2.74474e+16	1.11e-05	8.58e-03	5.19e-01	4.72e-01	8.05e-04	5.92e-07	0.00e+00	0.00e+00
 2.75367e+16	1.23e-05	9.21e-03	5.28e-01	4.62e-01	7.00e-04	0.00e+00	0.00e+00	0.00e+00
 2.76188e+16	1.35e-05	9.82e-03	5.36e-01	4.53e-01	6.10e-04	0.00e+00	0.00e+00	0.00e+00
 2.77255e+16	1.54e-05	1.07e-02	5.48e-01	4.41e-01	5.12e-04	0.00e+00	0.00e+00	0.00e+00
 2.78642e+16	1.82e-05	1.20e-02	5.63e-01	4.25e-01	4.09e-04	0.00e+00	0.00e+00	0.00e+00
 2.80134e+16	2.20e-05	1.37e-02	5.79e-01	4.07e-01	3.23e-04	0.00e+00	0.00e+00	0.00e+00
 2.81409e+16	2.61e-05	1.53e-02	5.94e-01	3.91e-01	2.65e-04	0.00e+00	0.00e+00	0.00e+00
 2.82489e+16	3.02e-05	1.70e-02	6.06e-01	3.76e-01	2.23e-04	0.00e+00	0.00e+00	0.00e+00
 2.83668e+16	3.56e-05	1.90e-02	6.20e-01	3.60e-01	1.84e-04	0.00e+00	0.00e+00	0.00e+00
 2.84853e+16	4.24e-05	2.14e-02	6.35e-01	3.44e-01	1.52e-04	0.00e+00	0.00e+00	0.00e+00
 2.85739e+16	4.86e-05	2.34e-02	6.45e-01	3.31e-01	1.32e-04	0.00e+00	0.00e+00	0.00e+00
 2.86465e+16	5.43e-05	2.53e-02	6.54e-01	3.20e-01	1.17e-04	0.00e+00	0.00e+00	0.00e+00
 2.87283e+16	6.18e-05	2.76e-02	6.64e-01	3.08e-01	1.01e-04	0.00e+00	0.00e+00	0.00e+00
 2.88347e+16	7.32e-05	3.11e-02	6.77e-01	2.92e-01	8.39e-05	0.00e+00	0.00e+00	0.00e+00
 2.89385e+16	8.75e-05	3.51e-02	6.89e-01	2.75e-01	7.00e-05	0.00e+00	0.00e+00	0.00e+00
 2.90129e+16	9.98e-05	3.84e-02	6.98e-01	2.63e-01	6.13e-05	0.00e+00	0.00e+00	0.00e+00
 2.90741e+16	1.11e-04	4.14e-02	7.05e-01	2.53e-01	5.46e-05	0.00e+00	0.00e+00	0.00e+00
 2.91440e+16	1.26e-04	4.51e-02	7.13e-01	2.42e-01	4.77e-05	0.00e+00	0.00e+00	0.00e+00
 2.92348e+16	1.50e-04	5.06e-02	7.22e-01	2.27e-01	3.99e-05	0.00e+00	0.00e+00	0.00e+00
 2.93243e+16	1.79e-04	5.71e-02	7.31e-01	2.12e-01	3.33e-05	0.00e+00	0.00e+00	0.00e+00
 2.93892e+16	2.04e-04	6.26e-02	7.36e-01	2.01e-01	2.91e-05	0.00e+00	0.00e+00	0.00e+00
 2.94420e+16	2.28e-04	6.74e-02	7.40e-01	1.92e-01	2.60e-05	0.00e+00	0.00e+00	0.00e+00
 2.95015e+16	2.58e-04	7.34e-02	7.45e-01	1.82e-01	2.27e-05	0.00e+00	0.00e+00	0.00e+00
 2.95788e+16	3.04e-04	8.22e-02	7.49e-01	1.68e-01	1.90e-05	0.00e+00	0.00e+00	0.00e+00
 2.96554e+16	3.62e-04	9.26e-02	7.52e-01	1.55e-01	1.58e-05	0.00e+00	0.00e+00	0.00e+00
 2.97118e+16	4.15e-04	1.01e-01	7.53e-01	1.45e-01	1.37e-05	0.00e+00	0.00e+00	0.00e+00
 2.97586e+16	4.63e-04	1.09e-01	7.53e-01	1.37e-01	1.22e-05	0.00e+00	0.00e+00	0.00e+00
 2.98117e+16	5.27e-04	1.19e-01	7.52e-01	1.28e-01	1.05e-05	0.00e+00	0.00e+00	0.00e+00
 2.98808e+16	6.26e-04	1.34e-01	7.49e-01	1.17e-01	8.65e-06	0.00e+00	0.00e+00	0.00e+00
 2.99491e+16	7.49e-04	1.51e-01	7.43e-01	1.05e-01	7.07e-06	0.00e+00	0.00e+00	0.00e+00
 2.99993e+16	8.61e-04	1.65e-01	7.37e-01	9.68e-02	6.03e-06	0.00e+00	0.00e+00	0.00e+00
 3.00407e+16	9.67e-04	1.78e-01	7.31e-01	9.00e-02	5.26e-06	0.00e+00	0.00e+00	0.00e+00
 3.00877e+16	1.11e-03	1.94e-01	7.22e-01	8.24e-02	4.47e-06	0.00e+00	0.00e+00	0.00e+00
 3.01488e+16	1.32e-03	2.18e-01	7.08e-01	7.29e-02	3.57e-06	0.00e+00	0.00e+00	0.00e+00
 3.02104e+16	1.59e-03	2.46e-01	6.89e-01	6.34e-02	2.81e-06	0.00e+00	0.00e+00	0.00e+00
 3.02579e+16	1.85e-03	2.70e-01	6.71e-01	5.63e-02	2.30e-06	0.00e+00	0.00e+00	0.00e+00
 3.02983e+16	2.11e-03	2.93e-01	6.54e-01	5.05e-02	1.91e-06	0.00e+00	0.00e+00	0.00e+00
 3.03446e+16	2.45e-03	3.22e-01	6.32e-01	4.42e-02	1.53e-06	0.00e+00	0.00e+00	0.00e+00
 3.04048e+16	2.98e-03	3.63e-01	5.98e-01	3.64e-02	1.12e-06	0.00e+00	0.00e+00	0.00e+00
 3.04665e+16	3.70e-03	4.13e-01	5.55e-01	2.89e-02	7.87e-07	0.00e+00	0.00e+00	0.00e+00
 3.05141e+16	4.41e-03	4.56e-01	5.16e-01	2.36e-02	0.00e+00	0.00e+00	0.00e+00	0.00e+00
 3.05518e+16	5.08e-03	4.93e-01	4.82e-01	1.97e-02	0.00e+00	0.00e+00	0.00e+00	0.00e+00
 3.05926e+16	5.90e-03	5.34e-01	4.44e-01	1.59e-02	0.00e+00	0.00e+00	0.00e+00	0.00e+00
 3.06375e+16	6.99e-03	5.83e-01	3.98e-01	1.22e-02	0.00e+00	0.00e+00	0.00e+00	0.00e+00
 3.06763e+16	8.14e-03	6.28e-01	3.55e-01	9.40e-03	0.00e+00	0.00e+00	0.00e+00	0.00e+00
 3.07078e+16	9.22e-03	6.64e-01	3.19e-01	7.46e-03	0.00e+00	0.00e+00	0.00e+00	0.00e+00
 3.07408e+16	1.05e-02	7.02e-01	2.82e-01	5.71e-03	0.00e+00	0.00e+00	0.00e+00	0.00e+00
 3.07773e+16	1.22e-02	7.43e-01	2.41e-01	4.11e-03	0.00e+00	0.00e+00	0.00e+00	0.00e+00
 3.08089e+16	1.39e-02	7.78e-01	2.05e-01	2.97e-03	0.00e+00	0.00e+00	0.00e+00	0.00e+00
 3.08346e+16	1.55e-02	8.05e-01	1.77e-01	2.23e-03	0.00e+00	0.00e+00	0.00e+00	0.00e+00
 3.08615e+16	1.73e-02	8.31e-01	1.50e-01	1.61e-03	0.00e+00	0.00e+00	0.00e+00	0.00e+00
 3.08909e+16	1.97e-02	8.57e-01	1.23e-01	1.09e-03	0.00e+00	0.00e+00	0.00e+00	0.00e+00
 3.09165e+16	2.20e-02	8.77e-01	1.00e-01	7.47e-04	0.00e+00	0.00e+00	0.00e+00	0.00e+00
 3.09378e+16	2.42e-02	8.91e-01	8.37e-02	5.34e-04	0.00e+00	0.00e+00	0.00e+00	0.00e+00
 3.09603e+16	2.68e-02	9.05e-01	6.83e-02	3.64e-04	0.00e+00	0.00e+00	0.00e+00	0.00e+00
 3.09846e+16	3.01e-02	9.16e-01	5.37e-02	2.34e-04	0.00e+00	0.00e+00	0.00e+00	0.00e+00
 3.10054e+16	3.32e-02	9.24e-01	4.28e-02	1.55e-04	0.00e+00	0.00e+00	0.00e+00	0.00e+00
 3.10224e+16	3.62e-02	9.28e-01	3.52e-02	1.09e-04	0.00e+00	0.00e+00	0.00e+00	0.00e+00
 3.10405e+16	3.96e-02	9.32e-01	2.83e-02	7.27e-05	0.00e+00	0.00e+00	0.00e+00	0.00e+00
 3.10598e+16	4.38e-02	9.34e-01	2.21e-02	4.65e-05	0.00e+00	0.00e+00	0.00e+00	0.00e+00
 3.10763e+16	4.78e-02	9.35e-01	1.76e-02	3.08e-05	0.00e+00	0.00e+00	0.00e+00	0.00e+00
 3.10903e+16	5.14e-02	9.34e-01	1.44e-02	2.14e-05	0.00e+00	0.00e+00	0.00e+00	0.00e+00
 3.11043e+16	5.54e-02	9.33e-01	1.17e-02	1.46e-05	0.00e+00	0.00e+00	0.00e+00	0.00e+00
 3.11189e+16	5.98e-02	9.31e-01	9.29e-03	9.68e-06	0.00e+00	0.00e+00	0.00e+00	0.00e+00
 3.11324e+16	6.44e-02	9.28e-01	7.46e-03	6.51e-06	0.00e+00	0.00e+00	0.00e+00	0.00e+00
 3.11440e+16	6.88e-02	9.25e-01	6.13e-03	4.56e-06	0.00e+00	0.00e+00	0.00e+00	0.00e+00
 3.11542e+16	7.27e-02	9.22e-01	5.13e-03	3.31e-06	0.00e+00	0.00e+00	0.00e+00	0.00e+00
 3.11637e+16	7.67e-02	9.19e-01	4.33e-03	2.44e-06	0.00e+00	0.00e+00	0.00e+00	0.00e+00
 3.11728e+16	8.08e-02	9.16e-01	3.66e-03	1.80e-06	0.00e+00	0.00e+00	0.00e+00	0.00e+00
 3.11799e+16	8.40e-02	9.13e-01	3.21e-03	1.42e-06	0.00e+00	0.00e+00	0.00e+00	0.00e+00
 3.11846e+16	8.61e-02	9.11e-01	2.95e-03	1.22e-06	0.00e+00	0.00e+00	0.00e+00	0.00e+00
 3.11888e+16	8.83e-02	9.09e-01	2.72e-03	1.05e-06	0.00e+00	0.00e+00	0.00e+00	0.00e+00
 3.11937e+16	9.09e-02	9.07e-01	2.47e-03	8.79e-07	0.00e+00	0.00e+00	0.00e+00	0.00e+00
 3.11991e+16	9.39e-02	9.04e-01	2.22e-03	0.00e+00	0.00e+00	0.00e+00	0.00e+00	0.00e+00
 3.12044e+16	9.66e-02	9.01e-01	2.00e-03	0.00e+00	0.00e+00	0.00e+00	0.00e+00	0.00e+00
 3.12092e+16	9.94e-02	8.99e-01	1.81e-03	0.00e+00	0.00e+00	0.00e+00	0.00e+00	0.00e+00
 3.12140e+16	1.02e-01	8.96e-01	1.64e-03	0.00e+00	0.00e+00	0.00e+00	0.00e+00	0.00e+00
 3.12188e+16	1.05e-01	8.93e-01	1.49e-03	0.00e+00	0.00e+00	0.00e+00	0.00e+00	0.00e+00
 3.12236e+16	1.08e-01	8.90e-01	1.35e-03	0.00e+00	0.00e+00	0.00e+00	0.00e+00	0.00e+00
 3.12282e+16	1.11e-01	8.87e-01	1.22e-03	0.00e+00	0.00e+00	0.00e+00	0.00e+00	0.00e+00
 3.12329e+16	1.14e-01	8.84e-01	1.10e-03	0.00e+00	0.00e+00	0.00e+00	0.00e+00	0.00e+00
 3.12375e+16	1.18e-01	8.81e-01	9.97e-04	0.00e+00	0.00e+00	0.00e+00	0.00e+00	0.00e+00
 3.12421e+16	1.21e-01	8.78e-01	9.02e-04	0.00e+00	0.00e+00	0.00e+00	0.00e+00	0.00e+00
 3.12466e+16	1.25e-01	8.74e-01	8.15e-04	0.00e+00	0.00e+00	0.00e+00	0.00e+00	0.00e+00
 3.12510e+16	1.28e-01	8.71e-01	7.38e-04	0.00e+00	0.00e+00	0.00e+00	0.00e+00	0.00e+00
 3.12554e+16	1.32e-01	8.67e-01	6.68e-04	0.00e+00	0.00e+00	0.00e+00	0.00e+00	0.00e+00
 3.12597e+16	1.36e-01	8.64e-01	6.03e-04	0.00e+00	0.00e+00	0.00e+00	0.00e+00	0.00e+00
 3.12640e+16	1.40e-01	8.60e-01	5.45e-04	0.00e+00	0.00e+00	0.00e+00	0.00e+00	0.00e+00
 3.12683e+16	1.44e-01	8.56e-01	4.93e-04	0.00e+00	0.00e+00	0.00e+00	0.00e+00	0.00e+00
 3.12725e+16	1.48e-01	8.51e-01	4.46e-04	0.00e+00	0.00e+00	0.00e+00	0.00e+00	0.00e+00
 3.12766e+16	1.53e-01	8.46e-01	4.02e-04	0.00e+00	0.00e+00	0.00e+00	0.00e+00	0.00e+00
 3.12808e+16	1.58e-01	8.42e-01	3.63e-04	0.00e+00	0.00e+00	0.00e+00	0.00e+00	0.00e+00
 3.12849e+16	1.63e-01	8.37e-01	3.28e-04	0.00e+00	0.00e+00	0.00e+00	0.00e+00	0.00e+00
 3.12888e+16	1.68e-01	8.31e-01	2.96e-04	0.00e+00	0.00e+00	0.00e+00	0.00e+00	0.00e+00
 3.12928e+16	1.74e-01	8.26e-01	2.67e-04	0.00e+00	0.00e+00	0.00e+00	0.00e+00	0.00e+00
 3.12968e+16	1.80e-01	8.20e-01	2.41e-04	0.00e+00	0.00e+00	0.00e+00	0.00e+00	0.00e+00
 3.13007e+16	1.86e-01	8.14e-01	2.17e-04	0.00e+00	0.00e+00	0.00e+00	0.00e+00	0.00e+00
 3.13045e+16	1.93e-01	8.07e-01	1.96e-04	0.00e+00	0.00e+00	0.00e+00	0.00e+00	0.00e+00
 3.13083e+16	2.00e-01	8.00e-01	1.77e-04	0.00e+00	0.00e+00	0.00e+00	0.00e+00	0.00e+00
 3.13120e+16	2.07e-01	7.93e-01	1.60e-04	0.00e+00	0.00e+00	0.00e+00	0.00e+00	0.00e+00
 3.13156e+16	2.15e-01	7.85e-01	1.44e-04	0.00e+00	0.00e+00	0.00e+00	0.00e+00	0.00e+00
 3.13192e+16	2.23e-01	7.77e-01	1.30e-04	0.00e+00	0.00e+00	0.00e+00	0.00e+00	0.00e+00
 3.13228e+16	2.32e-01	7.68e-01	1.17e-04	0.00e+00	0.00e+00	0.00e+00	0.00e+00	0.00e+00
 3.13262e+16	2.42e-01	7.58e-01	1.06e-04	0.00e+00	0.00e+00	0.00e+00	0.00e+00	0.00e+00
 3.13295e+16	2.52e-01	7.48e-01	9.55e-05	0.00e+00	0.00e+00	0.00e+00	0.00e+00	0.00e+00
 3.13328e+16	2.62e-01	7.38e-01	8.63e-05	0.00e+00	0.00e+00	0.00e+00	0.00e+00	0.00e+00
 3.13361e+16	2.74e-01	7.26e-01	7.79e-05	0.00e+00	0.00e+00	0.00e+00	0.00e+00	0.00e+00
 3.13393e+16	2.85e-01	7.15e-01	7.02e-05	0.00e+00	0.00e+00	0.00e+00	0.00e+00	0.00e+00
 3.13425e+16	2.98e-01	7.02e-01	6.32e-05	0.00e+00	0.00e+00	0.00e+00	0.00e+00	0.00e+00
 3.13456e+16	3.11e-01	6.89e-01	5.69e-05	0.00e+00	0.00e+00	0.00e+00	0.00e+00	0.00e+00
 3.13487e+16	3.25e-01	6.75e-01	5.13e-05	0.00e+00	0.00e+00	0.00e+00	0.00e+00	0.00e+00
 3.13517e+16	3.40e-01	6.60e-01	4.61e-05	0.00e+00	0.00e+00	0.00e+00	0.00e+00	0.00e+00
 3.13547e+16	3.56e-01	6.44e-01	4.14e-05	0.00e+00	0.00e+00	0.00e+00	0.00e+00	0.00e+00
 3.13577e+16	3.75e-01	6.25e-01	3.70e-05	0.00e+00	0.00e+00	0.00e+00	0.00e+00	0.00e+00
 3.13605e+16	3.93e-01	6.07e-01	3.31e-05	0.00e+00	0.00e+00	0.00e+00	0.00e+00	0.00e+00
 3.13634e+16	4.11e-01	5.89e-01	2.96e-05	0.00e+00	0.00e+00	0.00e+00	0.00e+00	0.00e+00
 3.13662e+16	4.31e-01	5.69e-01	2.64e-05	0.00e+00	0.00e+00	0.00e+00	0.00e+00	0.00e+00
 3.13691e+16	4.52e-01	5.48e-01	2.35e-05	0.00e+00	0.00e+00	0.00e+00	0.00e+00	0.00e+00
 3.13719e+16	4.73e-01	5.27e-01	2.09e-05	0.00e+00	0.00e+00	0.00e+00	0.00e+00	0.00e+00
 3.13746e+16	4.97e-01	5.03e-01	1.85e-05	0.00e+00	0.00e+00	0.00e+00	0.00e+00	0.00e+00
 3.13774e+16	5.18e-01	4.82e-01	1.64e-05	0.00e+00	0.00e+00	0.00e+00	0.00e+00	0.00e+00
 3.13801e+16	5.41e-01	4.59e-01	1.44e-05	0.00e+00	0.00e+00	0.00e+00	0.00e+00	0.00e+00
 3.13828e+16	5.65e-01	4.35e-01	1.27e-05	0.00e+00	0.00e+00	0.00e+00	0.00e+00	0.00e+00
