#depth	C	C+	C+2	C+3	C+4	C+5	C+6	C[1]	C[2]	C[3]	C+[1]	C+[2]	CO
 1.49634e+10	9.36e-47	2.00e-35	5.40e-25	3.35e-15	1.09e-04	3.26e-01	6.74e-01	0.00e+00	0.00e+00	0.00e+00	0.00e+00	0.00e+00	0.00e+00
 4.54887e+10	0.00e+00	2.89e-35	7.22e-25	4.13e-15	1.24e-04	3.43e-01	6.57e-01	0.00e+00	0.00e+00	0.00e+00	0.00e+00	0.00e+00	0.00e+00
 7.72350e+10	2.29e-46	4.17e-35	9.64e-25	5.10e-15	1.41e-04	3.61e-01	6.39e-01	0.00e+00	0.00e+00	0.00e+00	0.00e+00	0.00e+00	1.56e-146
 1.10251e+11	0.00e+00	6.02e-35	1.29e-24	6.28e-15	1.61e-04	3.80e-01	6.20e-01	0.00e+00	0.00e+00	0.00e+00	0.00e+00	0.00e+00	4.85e-211
 1.42702e+11	5.44e-46	8.50e-35	1.69e-24	7.65e-15	1.82e-04	3.97e-01	6.02e-01	0.00e+00	0.00e+00	0.00e+00	0.00e+00	0.00e+00	1.46e-145
 1.76451e+11	0.00e+00	1.20e-34	2.21e-24	9.31e-15	2.05e-04	4.16e-01	5.84e-01	0.00e+00	0.00e+00	0.00e+00	0.00e+00	0.00e+00	1.82e-210
 2.13436e+11	1.29e-45	1.73e-34	2.94e-24	1.14e-14	2.33e-04	4.35e-01	5.65e-01	0.00e+00	0.00e+00	0.00e+00	0.00e+00	0.00e+00	1.37e-144
 2.50855e+11	0.00e+00	2.46e-34	3.87e-24	1.39e-14	2.63e-04	4.54e-01	5.46e-01	0.00e+00	0.00e+00	0.00e+00	0.00e+00	0.00e+00	6.69e-210
 2.89771e+11	3.04e-45	3.50e-34	5.09e-24	1.70e-14	2.97e-04	4.73e-01	5.27e-01	0.00e+00	0.00e+00	0.00e+00	0.00e+00	0.00e+00	1.27e-143
 3.31289e+11	0.00e+00	5.01e-34	6.74e-24	2.08e-14	3.35e-04	4.93e-01	5.07e-01	0.00e+00	0.00e+00	0.00e+00	0.00e+00	0.00e+00	2.44e-209
 3.74467e+11	7.31e-45	7.17e-34	8.92e-24	2.54e-14	3.78e-04	5.13e-01	4.87e-01	0.00e+00	0.00e+00	0.00e+00	0.00e+00	0.00e+00	3.00e-275
 4.19372e+11	0.00e+00	1.03e-33	1.18e-23	3.10e-14	4.26e-04	5.32e-01	4.67e-01	0.00e+00	0.00e+00	0.00e+00	0.00e+00	0.00e+00	1.21e-163
 4.66074e+11	1.75e-44	1.46e-33	1.55e-23	3.77e-14	4.80e-04	5.52e-01	4.47e-01	0.00e+00	0.00e+00	0.00e+00	0.00e+00	0.00e+00	5.44e-230
 5.14644e+11	0.00e+00	2.09e-33	2.05e-23	4.59e-14	5.39e-04	5.72e-01	4.28e-01	0.00e+00	0.00e+00	0.00e+00	0.00e+00	0.00e+00	1.63e-162
 5.65156e+11	4.17e-44	2.98e-33	2.69e-23	5.58e-14	6.06e-04	5.91e-01	4.08e-01	0.00e+00	0.00e+00	0.00e+00	0.00e+00	0.00e+00	2.77e-229
 6.17689e+11	0.00e+00	4.24e-33	3.54e-23	6.77e-14	6.79e-04	6.10e-01	3.89e-01	0.00e+00	0.00e+00	0.00e+00	0.00e+00	0.00e+00	2.20e-161
 6.72324e+11	9.89e-44	6.02e-33	4.65e-23	8.21e-14	7.60e-04	6.29e-01	3.71e-01	0.00e+00	0.00e+00	0.00e+00	0.00e+00	0.00e+00	1.40e-228
 7.29143e+11	0.00e+00	8.56e-33	6.11e-23	9.95e-14	8.50e-04	6.47e-01	3.52e-01	0.00e+00	0.00e+00	0.00e+00	0.00e+00	0.00e+00	2.95e-160
 7.88236e+11	2.34e-43	1.22e-32	8.00e-23	1.20e-13	9.50e-04	6.65e-01	3.34e-01	0.00e+00	0.00e+00	0.00e+00	0.00e+00	0.00e+00	6.89e-228
 8.46078e+11	0.00e+00	1.69e-32	1.03e-22	1.44e-13	1.05e-03	6.81e-01	3.18e-01	0.00e+00	0.00e+00	0.00e+00	0.00e+00	0.00e+00	3.68e-159
 8.99623e+11	5.03e-43	2.27e-32	1.29e-22	1.69e-13	1.15e-03	6.96e-01	3.03e-01	0.00e+00	0.00e+00	0.00e+00	0.00e+00	0.00e+00	3.32e-227
 9.58923e+11	0.00e+00	3.10e-32	1.65e-22	2.00e-13	1.27e-03	7.11e-01	2.88e-01	0.00e+00	0.00e+00	0.00e+00	0.00e+00	0.00e+00	3.55e-158
 1.02721e+12	1.14e-42	4.40e-32	2.16e-22	2.41e-13	1.42e-03	7.27e-01	2.72e-01	0.00e+00	0.00e+00	0.00e+00	0.00e+00	0.00e+00	1.21e-226
 1.09437e+12	0.00e+00	6.11e-32	2.78e-22	2.88e-13	1.57e-03	7.41e-01	2.57e-01	0.00e+00	0.00e+00	0.00e+00	0.00e+00	0.00e+00	4.46e-157
 1.16422e+12	2.56e-42	8.49e-32	3.58e-22	3.44e-13	1.73e-03	7.56e-01	2.43e-01	0.00e+00	0.00e+00	0.00e+00	0.00e+00	0.00e+00	5.25e-226
 1.24071e+12	0.00e+00	1.20e-31	4.67e-22	4.14e-13	1.92e-03	7.70e-01	2.28e-01	0.00e+00	0.00e+00	0.00e+00	0.00e+00	0.00e+00	5.62e-156
 1.31838e+12	5.95e-42	1.69e-31	6.06e-22	4.96e-13	2.13e-03	7.83e-01	2.15e-01	0.00e+00	0.00e+00	0.00e+00	0.00e+00	0.00e+00	1.75e-225
 1.39916e+12	0.00e+00	2.36e-31	7.86e-22	5.94e-13	2.36e-03	7.96e-01	2.02e-01	0.00e+00	0.00e+00	0.00e+00	0.00e+00	0.00e+00	7.15e-155
 1.48505e+12	1.39e-41	3.34e-31	1.02e-21	7.14e-13	2.61e-03	8.09e-01	1.89e-01	0.00e+00	0.00e+00	0.00e+00	0.00e+00	0.00e+00	7.56e-225
 1.57438e+12	0.00e+00	4.73e-31	1.34e-21	8.59e-13	2.89e-03	8.21e-01	1.77e-01	0.00e+00	0.00e+00	0.00e+00	0.00e+00	0.00e+00	9.70e-154
 1.66728e+12	3.26e-41	6.69e-31	1.74e-21	1.03e-12	3.20e-03	8.32e-01	1.65e-01	0.00e+00	0.00e+00	0.00e+00	0.00e+00	0.00e+00	0.00e+00
 1.76390e+12	0.00e+00	9.46e-31	2.27e-21	1.24e-12	3.55e-03	8.42e-01	1.54e-01	0.00e+00	0.00e+00	0.00e+00	0.00e+00	0.00e+00	1.32e-152
 1.86438e+12	7.68e-41	1.34e-30	2.96e-21	1.49e-12	3.92e-03	8.52e-01	1.44e-01	0.00e+00	0.00e+00	0.00e+00	0.00e+00	0.00e+00	0.00e+00
 1.96888e+12	0.00e+00	1.89e-30	3.87e-21	1.79e-12	4.34e-03	8.62e-01	1.34e-01	0.00e+00	0.00e+00	0.00e+00	0.00e+00	0.00e+00	1.81e-151
 2.07756e+12	1.81e-40	2.68e-30	5.05e-21	2.15e-12	4.80e-03	8.71e-01	1.25e-01	0.00e+00	0.00e+00	0.00e+00	0.00e+00	0.00e+00	0.00e+00
 2.17990e+12	0.00e+00	3.68e-30	6.42e-21	2.54e-12	5.26e-03	8.78e-01	1.17e-01	0.00e+00	0.00e+00	0.00e+00	0.00e+00	0.00e+00	2.21e-150
 2.27164e+12	3.76e-40	4.84e-30	7.92e-21	2.93e-12	5.69e-03	8.84e-01	1.10e-01	0.00e+00	0.00e+00	0.00e+00	0.00e+00	0.00e+00	0.00e+00
 2.37470e+12	0.00e+00	6.53e-30	9.95e-21	3.43e-12	6.20e-03	8.91e-01	1.03e-01	0.00e+00	0.00e+00	0.00e+00	0.00e+00	0.00e+00	1.91e-149
 2.49657e+12	8.31e-40	9.20e-30	1.29e-20	4.11e-12	6.83e-03	8.97e-01	9.59e-02	0.00e+00	0.00e+00	0.00e+00	0.00e+00	0.00e+00	0.00e+00
 2.61838e+12	0.00e+00	1.28e-29	1.66e-20	4.88e-12	7.51e-03	9.03e-01	8.92e-02	0.00e+00	0.00e+00	0.00e+00	0.00e+00	0.00e+00	2.40e-148
 2.73302e+12	1.81e-39	1.72e-29	2.09e-20	5.71e-12	8.17e-03	9.08e-01	8.36e-02	0.00e+00	0.00e+00	0.00e+00	0.00e+00	0.00e+00	0.00e+00
 2.86022e+12	0.00e+00	2.38e-29	2.67e-20	6.76e-12	8.95e-03	9.13e-01	7.78e-02	0.00e+00	0.00e+00	0.00e+00	0.00e+00	0.00e+00	2.49e-147
 3.00455e+12	4.17e-39	3.39e-29	3.50e-20	8.13e-12	9.89e-03	9.18e-01	7.19e-02	0.00e+00	0.00e+00	0.00e+00	0.00e+00	0.00e+00	0.00e+00
 3.14868e+12	0.00e+00	4.76e-29	4.54e-20	9.72e-12	1.09e-02	9.22e-01	6.66e-02	0.00e+00	0.00e+00	0.00e+00	0.00e+00	0.00e+00	3.36e-146
 3.29857e+12	9.68e-39	6.69e-29	5.89e-20	1.16e-11	1.20e-02	9.26e-01	6.17e-02	0.00e+00	0.00e+00	0.00e+00	0.00e+00	0.00e+00	0.00e+00
 3.46043e+12	0.00e+00	9.55e-29	7.73e-20	1.40e-11	1.32e-02	9.30e-01	5.68e-02	0.00e+00	0.00e+00	0.00e+00	0.00e+00	0.00e+00	4.58e-145
 3.62878e+12	2.34e-38	1.36e-28	1.01e-19	1.68e-11	1.46e-02	9.33e-01	5.24e-02	0.00e+00	0.00e+00	0.00e+00	0.00e+00	0.00e+00	3.23e-217
 3.78766e+12	0.00e+00	1.89e-28	1.30e-19	1.99e-11	1.60e-02	9.35e-01	4.86e-02	0.00e+00	0.00e+00	0.00e+00	0.00e+00	0.00e+00	5.86e-144
 3.93076e+12	4.95e-38	2.50e-28	1.61e-19	2.31e-11	1.73e-02	9.37e-01	4.55e-02	0.00e+00	0.00e+00	0.00e+00	0.00e+00	0.00e+00	0.00e+00
 4.09184e+12	0.00e+00	3.42e-28	2.04e-19	2.72e-11	1.88e-02	9.39e-01	4.22e-02	0.00e+00	0.00e+00	0.00e+00	0.00e+00	0.00e+00	5.39e-143
 4.28150e+12	1.13e-37	4.86e-28	2.67e-19	3.26e-11	2.08e-02	9.40e-01	3.89e-02	0.00e+00	0.00e+00	0.00e+00	0.00e+00	0.00e+00	0.00e+00
 4.47033e+12	0.00e+00	6.82e-28	3.47e-19	3.89e-11	2.28e-02	9.41e-01	3.58e-02	0.00e+00	0.00e+00	0.00e+00	0.00e+00	0.00e+00	7.11e-142
 4.64795e+12	2.51e-37	9.29e-28	4.39e-19	4.57e-11	2.48e-02	9.42e-01	3.33e-02	0.00e+00	0.00e+00	0.00e+00	0.00e+00	0.00e+00	1.57e-227
 4.84503e+12	0.00e+00	1.29e-27	5.65e-19	5.43e-11	2.71e-02	9.42e-01	3.07e-02	0.00e+00	0.00e+00	0.00e+00	0.00e+00	0.00e+00	7.69e-141
 5.06876e+12	5.93e-37	1.86e-27	7.45e-19	6.56e-11	3.00e-02	9.42e-01	2.81e-02	0.00e+00	0.00e+00	0.00e+00	0.00e+00	0.00e+00	0.00e+00
 5.29018e+12	0.00e+00	2.63e-27	9.72e-19	7.85e-11	3.29e-02	9.41e-01	2.58e-02	0.00e+00	0.00e+00	0.00e+00	0.00e+00	0.00e+00	1.08e-139
 5.52045e+12	1.39e-36	3.71e-27	1.26e-18	9.39e-11	3.61e-02	9.40e-01	2.37e-02	0.00e+00	0.00e+00	0.00e+00	0.00e+00	0.00e+00	0.00e+00
 5.77120e+12	0.00e+00	5.37e-27	1.68e-18	1.14e-10	3.98e-02	9.39e-01	2.16e-02	0.00e+00	0.00e+00	0.00e+00	0.00e+00	0.00e+00	1.52e-138
 6.02371e+12	3.41e-36	7.65e-27	2.20e-18	1.37e-10	4.38e-02	9.36e-01	1.97e-02	0.00e+00	0.00e+00	0.00e+00	0.00e+00	0.00e+00	0.00e+00
 6.28633e+12	0.00e+00	1.09e-26	2.88e-18	1.64e-10	4.81e-02	9.34e-01	1.80e-02	0.00e+00	0.00e+00	0.00e+00	0.00e+00	0.00e+00	2.10e-137
 6.55840e+12	8.22e-36	1.56e-26	3.79e-18	1.98e-10	5.29e-02	9.31e-01	1.64e-02	0.00e+00	0.00e+00	0.00e+00	0.00e+00	0.00e+00	0.00e+00
 6.82637e+12	0.00e+00	2.18e-26	4.90e-18	2.35e-10	5.77e-02	9.27e-01	1.51e-02	0.00e+00	0.00e+00	0.00e+00	0.00e+00	0.00e+00	2.70e-136
 7.11438e+12	1.92e-35	3.09e-26	6.41e-18	2.82e-10	6.32e-02	9.23e-01	1.37e-02	0.00e+00	0.00e+00	0.00e+00	0.00e+00	0.00e+00	0.00e+00
 7.42888e+12	0.00e+00	4.47e-26	8.49e-18	3.41e-10	6.96e-02	9.18e-01	1.25e-02	0.00e+00	0.00e+00	0.00e+00	0.00e+00	0.00e+00	3.80e-135
 7.75596e+12	4.77e-35	6.45e-26	1.13e-17	4.12e-10	7.65e-02	9.12e-01	1.13e-02	0.00e+00	0.00e+00	0.00e+00	0.00e+00	0.00e+00	0.00e+00
 8.09613e+12	0.00e+00	9.31e-26	1.49e-17	4.99e-10	8.41e-02	9.06e-01	1.02e-02	0.00e+00	0.00e+00	0.00e+00	0.00e+00	0.00e+00	5.68e-134
 8.44990e+12	1.18e-34	1.34e-25	1.98e-17	6.03e-10	9.23e-02	8.99e-01	9.21e-03	0.00e+00	0.00e+00	0.00e+00	0.00e+00	0.00e+00	3.58e-98
 8.77013e+12	1.75e-34	1.85e-25	2.53e-17	7.12e-10	1.00e-01	8.92e-01	8.41e-03	0.00e+00	0.00e+00	0.00e+00	0.00e+00	0.00e+00	3.97e-282
 9.03739e+12	2.41e-34	2.39e-25	3.08e-17	8.13e-10	1.07e-01	8.85e-01	7.82e-03	0.00e+00	0.00e+00	0.00e+00	0.00e+00	0.00e+00	1.21e-114
 9.33036e+12	3.37e-34	3.14e-25	3.80e-17	9.36e-10	1.14e-01	8.79e-01	7.22e-03	0.00e+00	0.00e+00	0.00e+00	0.00e+00	0.00e+00	3.74e-97
 9.70083e+12	5.09e-34	4.39e-25	4.91e-17	1.11e-09	1.24e-01	8.69e-01	6.55e-03	0.00e+00	0.00e+00	0.00e+00	0.00e+00	0.00e+00	0.00e+00
 1.00869e+13	7.69e-34	6.13e-25	6.36e-17	1.32e-09	1.35e-01	8.59e-01	5.93e-03	0.00e+00	0.00e+00	0.00e+00	0.00e+00	0.00e+00	2.62e-113
 1.04169e+13	1.08e-33	8.07e-25	7.86e-17	1.53e-09	1.44e-01	8.50e-01	5.45e-03	0.00e+00	0.00e+00	0.00e+00	0.00e+00	0.00e+00	5.00e-96
 1.07590e+13	1.51e-33	1.06e-24	9.71e-17	1.76e-09	1.54e-01	8.41e-01	5.01e-03	0.00e+00	0.00e+00	0.00e+00	0.00e+00	0.00e+00	0.00e+00
 1.11864e+13	2.27e-33	1.48e-24	1.25e-16	2.08e-09	1.67e-01	8.29e-01	4.52e-03	0.00e+00	0.00e+00	0.00e+00	0.00e+00	0.00e+00	4.68e-112
 1.16197e+13	3.37e-33	2.04e-24	1.61e-16	2.46e-09	1.80e-01	8.16e-01	4.08e-03	0.00e+00	0.00e+00	0.00e+00	0.00e+00	0.00e+00	6.36e-95
 1.19963e+13	4.69e-33	2.66e-24	1.98e-16	2.82e-09	1.92e-01	8.05e-01	3.74e-03	0.00e+00	0.00e+00	0.00e+00	0.00e+00	0.00e+00	3.25e-111
 1.24039e+13	6.61e-33	3.52e-24	2.45e-16	3.26e-09	2.04e-01	7.92e-01	3.41e-03	0.00e+00	0.00e+00	0.00e+00	0.00e+00	0.00e+00	2.86e-94
 1.29020e+13	9.89e-33	4.87e-24	3.15e-16	3.85e-09	2.20e-01	7.77e-01	3.05e-03	0.00e+00	0.00e+00	0.00e+00	0.00e+00	0.00e+00	2.40e-110
 1.34090e+13	1.46e-32	6.69e-24	4.03e-16	4.53e-09	2.37e-01	7.61e-01	2.74e-03	0.00e+00	0.00e+00	0.00e+00	0.00e+00	0.00e+00	1.69e-93
 1.38715e+13	2.05e-32	8.82e-24	4.98e-16	5.22e-09	2.52e-01	7.46e-01	2.49e-03	0.00e+00	0.00e+00	0.00e+00	0.00e+00	0.00e+00	1.74e-109
 1.43848e+13	2.95e-32	1.18e-23	6.25e-16	6.06e-09	2.68e-01	7.29e-01	2.24e-03	0.00e+00	0.00e+00	0.00e+00	0.00e+00	0.00e+00	8.19e-93
 1.49834e+13	4.41e-32	1.64e-23	8.04e-16	7.15e-09	2.88e-01	7.10e-01	1.98e-03	0.00e+00	0.00e+00	0.00e+00	0.00e+00	0.00e+00	1.40e-108
 1.55770e+13	6.46e-32	2.23e-23	1.02e-15	8.36e-09	3.07e-01	6.91e-01	1.77e-03	0.00e+00	0.00e+00	0.00e+00	0.00e+00	0.00e+00	4.81e-92
 1.61436e+13	9.13e-32	2.95e-23	1.26e-15	9.62e-09	3.25e-01	6.73e-01	1.59e-03	0.00e+00	0.00e+00	0.00e+00	0.00e+00	0.00e+00	1.03e-107
 1.67685e+13	1.31e-31	3.96e-23	1.58e-15	1.11e-08	3.45e-01	6.54e-01	1.41e-03	0.00e+00	0.00e+00	0.00e+00	0.00e+00	0.00e+00	2.44e-91
 1.74692e+13	1.94e-31	5.42e-23	2.02e-15	1.30e-08	3.67e-01	6.32e-01	1.25e-03	0.00e+00	0.00e+00	0.00e+00	0.00e+00	0.00e+00	8.42e-107
 1.81726e+13	2.81e-31	7.32e-23	2.54e-15	1.51e-08	3.89e-01	6.10e-01	1.10e-03	0.00e+00	0.00e+00	0.00e+00	0.00e+00	0.00e+00	1.40e-90
 1.88025e+13	3.87e-31	9.46e-23	3.09e-15	1.71e-08	4.07e-01	5.92e-01	9.89e-04	0.00e+00	0.00e+00	0.00e+00	0.00e+00	0.00e+00	5.86e-106
 1.93622e+13	5.07e-31	1.18e-22	3.64e-15	1.91e-08	4.24e-01	5.75e-01	9.01e-04	0.00e+00	0.00e+00	0.00e+00	0.00e+00	0.00e+00	5.51e-90
 1.99968e+13	6.82e-31	1.49e-22	4.37e-15	2.14e-08	4.42e-01	5.57e-01	8.12e-04	0.00e+00	0.00e+00	0.00e+00	0.00e+00	0.00e+00	2.94e-105
 2.07029e+13	9.37e-31	1.93e-22	5.30e-15	2.42e-08	4.62e-01	5.38e-01	7.25e-04	0.00e+00	0.00e+00	0.00e+00	0.00e+00	0.00e+00	2.32e-89
 2.13653e+13	1.25e-30	2.42e-22	6.30e-15	2.70e-08	4.80e-01	5.20e-01	6.54e-04	0.00e+00	0.00e+00	0.00e+00	0.00e+00	0.00e+00	1.65e-104
 2.20899e+13	1.68e-30	3.08e-22	7.56e-15	3.02e-08	4.98e-01	5.01e-01	5.85e-04	0.00e+00	0.00e+00	0.00e+00	0.00e+00	0.00e+00	9.22e-89
 2.29021e+13	2.32e-30	3.98e-22	9.18e-15	3.42e-08	5.19e-01	4.81e-01	5.18e-04	0.00e+00	0.00e+00	0.00e+00	0.00e+00	0.00e+00	9.99e-104
 2.36734e+13	3.11e-30	5.03e-22	1.10e-14	3.81e-08	5.37e-01	4.62e-01	4.63e-04	0.00e+00	0.00e+00	0.00e+00	0.00e+00	0.00e+00	3.99e-88
 2.45212e+13	4.24e-30	6.44e-22	1.32e-14	4.27e-08	5.57e-01	4.43e-01	4.11e-04	0.00e+00	0.00e+00	0.00e+00	0.00e+00	0.00e+00	5.82e-103
 2.54703e+13	5.91e-30	8.39e-22	1.61e-14	4.83e-08	5.78e-01	4.22e-01	3.60e-04	0.00e+00	0.00e+00	0.00e+00	0.00e+00	0.00e+00	1.87e-87
 2.63711e+13	7.99e-30	1.07e-21	1.92e-14	5.39e-08	5.97e-01	4.03e-01	3.19e-04	0.00e+00	0.00e+00	0.00e+00	0.00e+00	0.00e+00	3.77e-102
 2.72023e+13	1.04e-29	1.32e-21	2.25e-14	5.93e-08	6.13e-01	3.86e-01	2.86e-04	0.00e+00	0.00e+00	0.00e+00	0.00e+00	0.00e+00	7.40e-87
 2.81226e+13	1.39e-29	1.65e-21	2.66e-14	6.56e-08	6.31e-01	3.69e-01	2.54e-04	0.00e+00	0.00e+00	0.00e+00	0.00e+00	0.00e+00	1.95e-101
 2.91558e+13	1.89e-29	2.11e-21	3.19e-14	7.32e-08	6.49e-01	3.51e-01	2.23e-04	0.00e+00	0.00e+00	0.00e+00	0.00e+00	0.00e+00	3.16e-86
 3.01343e+13	2.49e-29	2.63e-21	3.76e-14	8.07e-08	6.65e-01	3.34e-01	1.98e-04	0.00e+00	0.00e+00	0.00e+00	0.00e+00	0.00e+00	1.14e-100
 3.12051e+13	3.35e-29	3.31e-21	4.45e-14	8.93e-08	6.82e-01	3.18e-01	1.74e-04	0.00e+00	0.00e+00	0.00e+00	0.00e+00	0.00e+00	1.30e-85
 3.23893e+13	4.57e-29	4.23e-21	5.34e-14	9.94e-08	7.00e-01	3.00e-01	1.52e-04	0.00e+00	0.00e+00	0.00e+00	0.00e+00	0.00e+00	7.13e-100
 3.34880e+13	6.03e-29	5.27e-21	6.26e-14	1.09e-07	7.15e-01	2.85e-01	1.34e-04	0.00e+00	0.00e+00	0.00e+00	0.00e+00	0.00e+00	5.65e-85
 3.46831e+13	8.07e-29	6.62e-21	7.40e-14	1.20e-07	7.30e-01	2.70e-01	1.18e-04	0.00e+00	0.00e+00	0.00e+00	0.00e+00	0.00e+00	4.05e-99
 3.60207e+13	1.10e-28	8.45e-21	8.85e-14	1.34e-07	7.46e-01	2.54e-01	1.02e-04	0.00e+00	0.00e+00	0.00e+00	0.00e+00	0.00e+00	2.57e-84
 3.72850e+13	1.46e-28	1.06e-20	1.04e-13	1.47e-07	7.60e-01	2.40e-01	8.97e-05	0.00e+00	0.00e+00	0.00e+00	0.00e+00	0.00e+00	2.53e-98
 3.86599e+13	1.97e-28	1.33e-20	1.23e-13	1.62e-07	7.74e-01	2.26e-01	7.82e-05	0.00e+00	0.00e+00	0.00e+00	0.00e+00	0.00e+00	1.12e-83
 4.01918e+13	2.70e-28	1.70e-20	1.47e-13	1.79e-07	7.88e-01	2.12e-01	6.74e-05	0.00e+00	0.00e+00	0.00e+00	0.00e+00	0.00e+00	1.69e-97
 4.16492e+13	3.60e-28	2.13e-20	1.73e-13	1.96e-07	8.01e-01	1.99e-01	5.88e-05	0.00e+00	0.00e+00	0.00e+00	0.00e+00	0.00e+00	5.23e-83
 4.32093e+13	4.85e-28	2.69e-20	2.04e-13	2.16e-07	8.13e-01	1.87e-01	5.10e-05	0.00e+00	0.00e+00	0.00e+00	0.00e+00	0.00e+00	1.06e-96
 4.49676e+13	6.69e-28	3.45e-20	2.44e-13	2.39e-07	8.26e-01	1.74e-01	4.37e-05	0.00e+00	0.00e+00	0.00e+00	0.00e+00	0.00e+00	2.57e-82
 4.67103e+13	9.08e-28	4.38e-20	2.90e-13	2.62e-07	8.37e-01	1.63e-01	3.77e-05	0.00e+00	0.00e+00	0.00e+00	0.00e+00	0.00e+00	7.57e-96
 4.85228e+13	1.23e-27	5.54e-20	3.43e-13	2.88e-07	8.48e-01	1.52e-01	3.25e-05	0.00e+00	0.00e+00	0.00e+00	0.00e+00	0.00e+00	1.25e-81
 5.04937e+13	1.69e-27	7.09e-20	4.08e-13	3.18e-07	8.58e-01	1.42e-01	2.78e-05	0.00e+00	0.00e+00	0.00e+00	0.00e+00	0.00e+00	5.42e-95
 5.25433e+13	2.33e-27	9.06e-20	4.86e-13	3.50e-07	8.68e-01	1.32e-01	2.38e-05	0.00e+00	0.00e+00	0.00e+00	0.00e+00	0.00e+00	6.58e-81
 5.46750e+13	3.19e-27	1.16e-19	5.77e-13	3.84e-07	8.77e-01	1.23e-01	2.04e-05	0.00e+00	0.00e+00	0.00e+00	0.00e+00	0.00e+00	4.06e-94
 5.67694e+13	4.31e-27	1.46e-19	6.79e-13	4.20e-07	8.86e-01	1.14e-01	1.76e-05	0.00e+00	0.00e+00	0.00e+00	0.00e+00	0.00e+00	3.32e-80
 5.87236e+13	5.64e-27	1.79e-19	7.85e-13	4.54e-07	8.93e-01	1.07e-01	1.54e-05	0.00e+00	0.00e+00	0.00e+00	0.00e+00	0.00e+00	2.49e-93
 6.08786e+13	7.51e-27	2.23e-19	9.15e-13	4.94e-07	9.00e-01	1.00e-01	1.33e-05	0.00e+00	0.00e+00	0.00e+00	0.00e+00	0.00e+00	1.44e-79
 6.30866e+13	9.95e-27	2.77e-19	1.07e-12	5.36e-07	9.06e-01	9.38e-02	1.16e-05	0.00e+00	0.00e+00	0.00e+00	0.00e+00	0.00e+00	1.53e-92
 6.49371e+13	1.25e-26	3.30e-19	1.20e-12	5.72e-07	9.11e-01	8.88e-02	1.03e-05	0.00e+00	0.00e+00	0.00e+00	0.00e+00	0.00e+00	5.58e-79
 6.68943e+13	1.58e-26	3.96e-19	1.37e-12	6.12e-07	9.16e-01	8.40e-02	9.18e-06	0.00e+00	0.00e+00	0.00e+00	0.00e+00	0.00e+00	6.79e-92
 6.93755e+13	2.11e-26	4.93e-19	1.59e-12	6.64e-07	9.22e-01	7.84e-02	7.94e-06	0.00e+00	0.00e+00	0.00e+00	0.00e+00	0.00e+00	2.26e-78
 7.19670e+13	2.83e-26	6.16e-19	1.86e-12	7.20e-07	9.27e-01	7.30e-02	6.86e-06	0.00e+00	0.00e+00	0.00e+00	0.00e+00	0.00e+00	4.36e-91
 7.42188e+13	3.61e-26	7.42e-19	2.11e-12	7.71e-07	9.31e-01	6.89e-02	6.08e-06	0.00e+00	0.00e+00	0.00e+00	0.00e+00	0.00e+00	9.44e-78
 7.65999e+13	4.64e-26	8.98e-19	2.41e-12	8.26e-07	9.35e-01	6.48e-02	5.36e-06	0.00e+00	0.00e+00	0.00e+00	0.00e+00	0.00e+00	2.14e-90
 7.95197e+13	6.23e-26	1.12e-18	2.81e-12	8.96e-07	9.40e-01	6.03e-02	4.62e-06	0.00e+00	0.00e+00	0.00e+00	0.00e+00	0.00e+00	4.08e-77
 8.24305e+13	8.28e-26	1.40e-18	3.26e-12	9.69e-07	9.44e-01	5.63e-02	4.01e-06	0.00e+00	0.00e+00	0.00e+00	0.00e+00	0.00e+00	1.39e-89
 8.49694e+13	1.05e-25	1.68e-18	3.69e-12	1.03e-06	9.47e-01	5.31e-02	3.55e-06	0.00e+00	0.00e+00	0.00e+00	0.00e+00	0.00e+00	1.69e-76
 8.77338e+13	1.36e-25	2.03e-18	4.21e-12	1.11e-06	9.50e-01	4.99e-02	3.13e-06	0.00e+00	0.00e+00	0.00e+00	0.00e+00	0.00e+00	3.35e-76
 9.10973e+13	1.83e-25	2.55e-18	4.92e-12	1.20e-06	9.54e-01	4.64e-02	2.70e-06	0.00e+00	0.00e+00	0.00e+00	0.00e+00	0.00e+00	7.48e-76
 9.44773e+13	2.44e-25	3.17e-18	5.71e-12	1.30e-06	9.57e-01	4.32e-02	2.33e-06	0.00e+00	0.00e+00	0.00e+00	0.00e+00	0.00e+00	1.64e-75
 9.75104e+13	3.14e-25	3.83e-18	6.49e-12	1.39e-06	9.59e-01	4.07e-02	2.06e-06	0.00e+00	0.00e+00	0.00e+00	0.00e+00	0.00e+00	3.24e-75
 1.00854e+14	4.10e-25	4.69e-18	7.45e-12	1.49e-06	9.62e-01	3.81e-02	1.80e-06	0.00e+00	0.00e+00	0.00e+00	0.00e+00	0.00e+00	6.69e-75
 1.04814e+14	5.57e-25	5.91e-18	8.72e-12	1.61e-06	9.65e-01	3.53e-02	1.55e-06	0.00e+00	0.00e+00	0.00e+00	0.00e+00	0.00e+00	1.53e-74
 1.08739e+14	7.45e-25	7.37e-18	1.01e-11	1.74e-06	9.67e-01	3.29e-02	1.34e-06	0.00e+00	0.00e+00	0.00e+00	0.00e+00	0.00e+00	3.39e-74
 1.12375e+14	9.68e-25	8.98e-18	1.16e-11	1.86e-06	9.69e-01	3.08e-02	1.17e-06	0.00e+00	0.00e+00	0.00e+00	0.00e+00	0.00e+00	6.92e-74
 1.16454e+14	1.29e-24	1.11e-17	1.34e-11	2.01e-06	9.71e-01	2.88e-02	1.02e-06	0.00e+00	0.00e+00	0.00e+00	0.00e+00	0.00e+00	1.50e-73
 1.21142e+14	1.76e-24	1.41e-17	1.57e-11	2.18e-06	9.73e-01	2.66e-02	8.71e-07	0.00e+00	0.00e+00	0.00e+00	0.00e+00	0.00e+00	3.51e-73
 1.25755e+14	2.37e-24	1.76e-17	1.82e-11	2.35e-06	9.75e-01	2.48e-02	0.00e+00	0.00e+00	0.00e+00	0.00e+00	0.00e+00	0.00e+00	7.91e-73
 1.30551e+14	3.19e-24	2.20e-17	2.12e-11	2.54e-06	9.77e-01	2.30e-02	0.00e+00	0.00e+00	0.00e+00	0.00e+00	0.00e+00	0.00e+00	1.78e-72
 1.35803e+14	4.36e-24	2.79e-17	2.48e-11	2.75e-06	9.79e-01	2.13e-02	0.00e+00	0.00e+00	0.00e+00	0.00e+00	0.00e+00	0.00e+00	4.19e-72
 1.41140e+14	5.91e-24	3.51e-17	2.90e-11	2.98e-06	9.80e-01	1.97e-02	0.00e+00	0.00e+00	0.00e+00	0.00e+00	0.00e+00	0.00e+00	9.66e-72
 1.46689e+14	8.03e-24	4.42e-17	3.39e-11	3.22e-06	9.82e-01	1.83e-02	0.00e+00	0.00e+00	0.00e+00	0.00e+00	0.00e+00	0.00e+00	2.23e-71
 1.52247e+14	1.08e-23	5.52e-17	3.93e-11	3.48e-06	9.83e-01	1.70e-02	0.00e+00	0.00e+00	0.00e+00	0.00e+00	1.77e-17	3.76e-17	4.99e-71
 1.57509e+14	1.41e-23	6.77e-17	4.51e-11	3.73e-06	9.84e-01	1.59e-02	0.00e+00	0.00e+00	0.00e+00	0.00e+00	2.25e-17	4.52e-17	1.04e-70
 1.63320e+14	1.88e-23	8.40e-17	5.22e-11	4.01e-06	9.85e-01	1.48e-02	0.00e+00	0.00e+00	0.00e+00	0.00e+00	2.79e-17	5.61e-17	2.28e-70
 1.69139e+14	2.48e-23	1.04e-16	6.01e-11	4.31e-06	9.86e-01	1.38e-02	0.00e+00	0.00e+00	0.00e+00	0.00e+00	3.44e-17	6.92e-17	4.86e-70
 1.73964e+14	3.10e-23	1.22e-16	6.72e-11	4.56e-06	9.87e-01	1.30e-02	0.00e+00	0.00e+00	0.00e+00	0.00e+00	4.06e-17	8.18e-17	8.93e-70
 1.79080e+14	3.90e-23	1.46e-16	7.56e-11	4.84e-06	9.88e-01	1.23e-02	0.00e+00	0.00e+00	0.00e+00	0.00e+00	4.83e-17	9.72e-17	1.67e-69
 1.85626e+14	5.18e-23	1.80e-16	8.73e-11	5.21e-06	9.89e-01	1.14e-02	0.00e+00	0.00e+00	0.00e+00	0.00e+00	5.98e-17	1.20e-16	3.61e-69
 1.92495e+14	6.90e-23	2.24e-16	1.01e-10	5.62e-06	9.89e-01	1.06e-02	0.00e+00	0.00e+00	0.00e+00	0.00e+00	7.43e-17	1.50e-16	7.99e-69
 1.98568e+14	8.82e-23	2.70e-16	1.15e-10	5.99e-06	9.90e-01	9.99e-03	0.00e+00	0.00e+00	0.00e+00	0.00e+00	8.94e-17	1.80e-16	1.55e-68
 2.05143e+14	1.14e-22	3.27e-16	1.31e-10	6.40e-06	9.91e-01	9.35e-03	0.00e+00	0.00e+00	0.00e+00	0.00e+00	1.09e-16	2.19e-16	3.11e-68
 2.13051e+14	1.53e-22	4.10e-16	1.52e-10	6.92e-06	9.91e-01	8.66e-03	0.00e+00	0.00e+00	0.00e+00	0.00e+00	1.36e-16	2.74e-16	6.99e-68
 2.21062e+14	2.05e-22	5.10e-16	1.77e-10	7.47e-06	9.92e-01	8.04e-03	0.00e+00	0.00e+00	0.00e+00	0.00e+00	1.69e-16	3.41e-16	1.54e-67
 2.28558e+14	2.67e-22	6.23e-16	2.03e-10	8.00e-06	9.92e-01	7.51e-03	0.00e+00	0.00e+00	0.00e+00	0.00e+00	2.07e-16	4.16e-16	3.15e-67
 2.36896e+14	3.54e-22	7.71e-16	2.34e-10	8.62e-06	9.93e-01	6.98e-03	0.00e+00	0.00e+00	0.00e+00	0.00e+00	2.56e-16	5.15e-16	6.78e-67
 2.45744e+14	4.72e-22	9.60e-16	2.72e-10	9.30e-06	9.94e-01	6.48e-03	0.00e+00	0.00e+00	0.00e+00	0.00e+00	3.18e-16	6.41e-16	1.48e-66
 2.53609e+14	6.05e-22	1.16e-15	3.09e-10	9.93e-06	9.94e-01	6.08e-03	0.00e+00	0.00e+00	0.00e+00	0.00e+00	3.84e-16	7.74e-16	2.91e-66
 2.62065e+14	7.83e-22	1.41e-15	3.53e-10	1.06e-05	9.94e-01	5.68e-03	0.00e+00	0.00e+00	0.00e+00	0.00e+00	4.67e-16	9.40e-16	5.86e-66
 2.72196e+14	1.05e-21	1.76e-15	4.12e-10	1.15e-05	9.95e-01	5.26e-03	0.00e+00	0.00e+00	0.00e+00	0.00e+00	5.85e-16	1.18e-15	1.31e-65
 2.82163e+14	1.40e-21	2.19e-15	4.77e-10	1.24e-05	9.95e-01	4.88e-03	0.00e+00	0.00e+00	0.00e+00	0.00e+00	7.25e-16	1.46e-15	2.83e-65
 2.91042e+14	1.78e-21	2.63e-15	5.41e-10	1.32e-05	9.95e-01	4.58e-03	0.00e+00	0.00e+00	0.00e+00	0.00e+00	8.72e-16	1.76e-15	5.49e-65
 3.00846e+14	2.31e-21	3.20e-15	6.19e-10	1.42e-05	9.96e-01	4.28e-03	0.00e+00	0.00e+00	0.00e+00	0.00e+00	1.06e-15	2.14e-15	1.11e-64
 3.12530e+14	3.12e-21	4.02e-15	7.23e-10	1.53e-05	9.96e-01	3.96e-03	0.00e+00	0.00e+00	0.00e+00	0.00e+00	1.33e-15	2.68e-15	2.50e-64
 3.24118e+14	4.15e-21	4.99e-15	8.38e-10	1.66e-05	9.96e-01	3.67e-03	0.00e+00	0.00e+00	0.00e+00	0.00e+00	1.65e-15	3.33e-15	5.42e-64
 3.34703e+14	5.34e-21	6.04e-15	9.55e-10	1.77e-05	9.97e-01	3.44e-03	0.00e+00	0.00e+00	0.00e+00	0.00e+00	2.00e-15	4.03e-15	1.08e-63
 3.46524e+14	6.99e-21	7.41e-15	1.10e-09	1.90e-05	9.97e-01	3.20e-03	0.00e+00	0.00e+00	0.00e+00	0.00e+00	2.46e-15	4.96e-15	2.25e-63
 3.60284e+14	9.49e-21	9.34e-15	1.29e-09	2.06e-05	9.97e-01	2.96e-03	0.00e+00	0.00e+00	0.00e+00	0.00e+00	3.10e-15	6.25e-15	5.14e-63
 3.73804e+14	1.27e-20	1.16e-14	1.49e-09	2.23e-05	9.97e-01	2.74e-03	0.00e+00	0.00e+00	0.00e+00	0.00e+00	3.85e-15	7.77e-15	1.13e-62
 3.86587e+14	1.65e-20	1.42e-14	1.71e-09	2.39e-05	9.97e-01	2.56e-03	0.00e+00	0.00e+00	0.00e+00	0.00e+00	4.70e-15	9.49e-15	2.31e-62
 4.00802e+14	2.18e-20	1.76e-14	1.98e-09	2.57e-05	9.98e-01	2.37e-03	0.00e+00	0.00e+00	0.00e+00	0.00e+00	5.82e-15	1.18e-14	4.98e-62
 4.16864e+14	2.97e-20	2.22e-14	2.32e-09	2.79e-05	9.98e-01	2.19e-03	0.00e+00	0.00e+00	0.00e+00	0.00e+00	7.35e-15	1.48e-14	1.15e-61
 4.32090e+14	3.93e-20	2.74e-14	2.68e-09	3.00e-05	9.98e-01	2.03e-03	0.00e+00	0.00e+00	0.00e+00	0.00e+00	9.09e-15	1.84e-14	2.48e-61
 4.45942e+14	5.03e-20	3.31e-14	3.05e-09	3.20e-05	9.98e-01	1.91e-03	0.00e+00	0.00e+00	0.00e+00	0.00e+00	1.10e-14	2.21e-14	4.85e-61
 4.61615e+14	6.59e-20	4.06e-14	3.50e-09	3.44e-05	9.98e-01	1.78e-03	0.00e+00	0.00e+00	0.00e+00	0.00e+00	1.34e-14	2.71e-14	1.01e-60
 4.79898e+14	8.93e-20	5.11e-14	4.10e-09	3.73e-05	9.98e-01	1.64e-03	0.00e+00	0.00e+00	0.00e+00	0.00e+00	1.69e-14	3.42e-14	2.32e-60
 4.97443e+14	1.18e-19	6.32e-14	4.73e-09	4.01e-05	9.98e-01	1.52e-03	0.00e+00	0.00e+00	0.00e+00	0.00e+00	2.09e-14	4.23e-14	5.02e-60
 5.13307e+14	1.51e-19	7.61e-14	5.37e-09	4.28e-05	9.99e-01	1.43e-03	0.00e+00	0.00e+00	0.00e+00	0.00e+00	2.52e-14	5.09e-14	9.82e-60
 5.28243e+14	1.89e-19	9.02e-14	6.03e-09	4.54e-05	9.99e-01	1.35e-03	0.00e+00	0.00e+00	0.00e+00	0.00e+00	2.98e-14	6.04e-14	1.82e-59
 5.44787e+14	2.41e-19	1.08e-13	6.83e-09	4.83e-05	9.99e-01	1.26e-03	0.00e+00	0.00e+00	0.00e+00	0.00e+00	3.58e-14	7.25e-14	3.51e-59
 5.63284e+14	3.13e-19	1.32e-13	7.81e-09	5.18e-05	9.99e-01	1.18e-03	0.00e+00	0.00e+00	0.00e+00	0.00e+00	4.36e-14	8.83e-14	7.19e-59
 5.80758e+14	3.98e-19	1.58e-13	8.83e-09	5.51e-05	9.99e-01	1.11e-03	0.00e+00	0.00e+00	0.00e+00	0.00e+00	5.23e-14	1.06e-13	1.39e-58
 5.99915e+14	5.13e-19	1.92e-13	1.01e-08	5.89e-05	9.99e-01	1.04e-03	0.00e+00	0.00e+00	0.00e+00	0.00e+00	6.34e-14	1.28e-13	2.78e-58
 6.21362e+14	6.76e-19	2.36e-13	1.16e-08	6.33e-05	9.99e-01	9.66e-04	0.00e+00	0.00e+00	0.00e+00	0.00e+00	7.81e-14	1.58e-13	5.93e-58
 6.41598e+14	8.70e-19	2.86e-13	1.32e-08	6.75e-05	9.99e-01	9.05e-04	0.00e+00	0.00e+00	0.00e+00	0.00e+00	9.44e-14	1.91e-13	1.18e-57
 6.63720e+14	1.14e-18	3.49e-13	1.51e-08	7.24e-05	9.99e-01	8.44e-04	0.00e+00	0.00e+00	0.00e+00	0.00e+00	1.15e-13	2.34e-13	2.46e-57
 6.88176e+14	1.51e-18	4.33e-13	1.75e-08	7.80e-05	9.99e-01	7.84e-04	0.00e+00	0.00e+00	0.00e+00	0.00e+00	1.43e-13	2.90e-13	5.36e-57
 7.10755e+14	1.94e-18	5.25e-13	1.99e-08	8.33e-05	9.99e-01	7.34e-04	0.00e+00	0.00e+00	0.00e+00	0.00e+00	1.73e-13	3.52e-13	1.08e-56
 7.35196e+14	2.53e-18	6.41e-13	2.28e-08	8.92e-05	9.99e-01	6.85e-04	0.00e+00	0.00e+00	0.00e+00	0.00e+00	2.12e-13	4.30e-13	2.23e-56
 7.62515e+14	3.38e-18	7.97e-13	2.64e-08	9.61e-05	9.99e-01	6.35e-04	0.00e+00	0.00e+00	0.00e+00	0.00e+00	2.63e-13	5.34e-13	4.90e-56
 7.88186e+14	4.37e-18	9.69e-13	3.01e-08	1.03e-04	9.99e-01	5.94e-04	0.00e+00	0.00e+00	0.00e+00	0.00e+00	3.20e-13	6.50e-13	9.99e-56
 8.16167e+14	5.75e-18	1.19e-12	3.46e-08	1.10e-04	9.99e-01	5.53e-04	0.00e+00	0.00e+00	0.00e+00	0.00e+00	3.93e-13	7.99e-13	2.12e-55
 8.47285e+14	7.69e-18	1.49e-12	4.03e-08	1.19e-04	9.99e-01	5.11e-04	0.00e+00	0.00e+00	0.00e+00	0.00e+00	4.90e-13	9.97e-13	4.72e-55
 8.76353e+14	1.00e-17	1.82e-12	4.61e-08	1.28e-04	9.99e-01	4.77e-04	0.00e+00	0.00e+00	0.00e+00	0.00e+00	5.98e-13	1.22e-12	9.83e-55
 9.07935e+14	1.32e-17	2.24e-12	5.32e-08	1.37e-04	9.99e-01	4.44e-04	0.00e+00	0.00e+00	0.00e+00	0.00e+00	7.37e-13	1.50e-12	2.10e-54
 9.43275e+14	1.78e-17	2.80e-12	6.20e-08	1.49e-04	9.99e-01	4.10e-04	0.00e+00	0.00e+00	0.00e+00	0.00e+00	9.23e-13	1.88e-12	4.76e-54
 9.76791e+14	2.33e-17	3.45e-12	7.14e-08	1.60e-04	9.99e-01	3.81e-04	0.00e+00	0.00e+00	0.00e+00	0.00e+00	1.13e-12	2.31e-12	1.00e-53
 1.01265e+15	3.08e-17	4.26e-12	8.25e-08	1.72e-04	9.99e-01	3.54e-04	0.00e+00	0.00e+00	0.00e+00	0.00e+00	1.40e-12	2.86e-12	2.18e-53
 1.05319e+15	4.17e-17	5.36e-12	9.68e-08	1.87e-04	9.99e-01	3.26e-04	0.00e+00	0.00e+00	0.00e+00	0.00e+00	1.76e-12	3.60e-12	4.98e-53
 1.09312e+15	5.56e-17	6.68e-12	1.12e-07	2.02e-04	9.99e-01	3.01e-04	0.00e+00	4.58e-18	1.37e-17	2.30e-17	2.19e-12	4.49e-12	1.11e-52
 1.13464e+15	7.39e-17	8.31e-12	1.31e-07	2.18e-04	1.00e+00	2.78e-04	0.00e+00	6.09e-18	1.83e-17	3.05e-17	2.73e-12	5.58e-12	2.43e-52
 1.18005e+15	9.97e-17	1.05e-11	1.53e-07	2.37e-04	1.00e+00	2.56e-04	0.00e+00	8.21e-18	2.47e-17	4.12e-17	3.43e-12	7.02e-12	5.57e-52
 1.22490e+15	1.32e-16	1.30e-11	1.78e-07	2.57e-04	1.00e+00	2.37e-04	0.00e+00	1.09e-17	3.27e-17	5.47e-17	4.26e-12	8.73e-12	1.22e-51
 1.26216e+15	1.66e-16	1.55e-11	2.02e-07	2.74e-04	1.00e+00	2.22e-04	0.00e+00	1.37e-17	4.11e-17	6.87e-17	5.07e-12	1.04e-11	2.30e-51
 1.29227e+15	1.98e-16	1.77e-11	2.22e-07	2.88e-04	1.00e+00	2.11e-04	0.00e+00	1.64e-17	4.91e-17	8.21e-17	5.81e-12	1.19e-11	3.76e-51
 1.32569e+15	2.40e-16	2.06e-11	2.46e-07	3.04e-04	9.99e-01	2.00e-04	0.00e+00	1.98e-17	5.95e-17	9.95e-17	6.74e-12	1.38e-11	6.41e-51
 1.36914e+15	3.06e-16	2.48e-11	2.81e-07	3.26e-04	9.99e-01	1.86e-04	0.00e+00	2.52e-17	7.57e-17	1.27e-16	8.12e-12	1.67e-11	1.25e-50
 1.41572e+15	3.92e-16	3.01e-11	3.22e-07	3.51e-04	9.99e-01	1.73e-04	0.00e+00	3.24e-17	9.72e-17	1.62e-16	9.85e-12	2.02e-11	2.51e-50
 1.45705e+15	4.84e-16	3.55e-11	3.62e-07	3.74e-04	9.99e-01	1.63e-04	0.00e+00	4.00e-17	1.20e-16	2.01e-16	1.16e-11	2.39e-11	4.53e-50
 1.50145e+15	6.05e-16	4.22e-11	4.10e-07	3.99e-04	9.99e-01	1.52e-04	0.00e+00	5.00e-17	1.50e-16	2.51e-16	1.38e-11	2.84e-11	8.45e-50
 1.55709e+15	7.88e-16	5.19e-11	4.76e-07	4.33e-04	9.99e-01	1.41e-04	0.00e+00	6.52e-17	1.96e-16	3.27e-16	1.70e-11	3.49e-11	1.78e-49
 1.61353e+15	1.02e-15	6.35e-11	5.50e-07	4.68e-04	9.99e-01	1.30e-04	0.00e+00	8.45e-17	2.54e-16	4.24e-16	2.08e-11	4.28e-11	3.70e-49
 1.66243e+15	1.27e-15	7.53e-11	6.22e-07	5.00e-04	9.99e-01	1.22e-04	0.00e+00	1.05e-16	3.15e-16	5.26e-16	2.46e-11	5.06e-11	6.81e-49
 1.71535e+15	1.58e-15	8.98e-11	7.07e-07	5.37e-04	9.99e-01	1.14e-04	0.00e+00	1.31e-16	3.94e-16	6.58e-16	2.94e-11	6.04e-11	1.28e-48
 1.78018e+15	2.06e-15	1.11e-10	8.23e-07	5.84e-04	9.99e-01	1.05e-04	0.00e+00	1.71e-16	5.13e-16	8.57e-16	3.62e-11	7.44e-11	2.73e-48
 1.84564e+15	2.65e-15	1.35e-10	9.54e-07	6.33e-04	9.99e-01	9.64e-05	0.00e+00	2.20e-16	6.62e-16	1.11e-15	4.43e-11	9.11e-11	5.68e-48
 1.90384e+15	3.29e-15	1.61e-10	1.08e-06	6.79e-04	9.99e-01	8.99e-05	0.00e+00	2.74e-16	8.21e-16	1.37e-15	5.26e-11	1.08e-10	1.06e-47
 1.96745e+15	4.13e-15	1.93e-10	1.24e-06	7.32e-04	9.99e-01	8.35e-05	0.00e+00	3.44e-16	1.03e-15	1.73e-15	6.31e-11	1.30e-10	2.06e-47
 2.04349e+15	5.37e-15	2.38e-10	1.45e-06	7.98e-04	9.99e-01	7.66e-05	0.00e+00	4.47e-16	1.34e-15	2.24e-15	7.78e-11	1.60e-10	4.44e-47
 2.11873e+15	6.86e-15	2.90e-10	1.68e-06	8.66e-04	9.99e-01	7.06e-05	0.00e+00	5.73e-16	1.72e-15	2.87e-15	9.49e-11	1.95e-10	9.21e-47
 2.18666e+15	8.26e-15	3.45e-10	1.91e-06	9.31e-04	9.99e-01	6.57e-05	0.00e+00	6.90e-16	2.07e-15	3.46e-15	1.13e-10	2.32e-10	1.71e-46
 2.26204e+15	1.03e-14	4.15e-10	2.19e-06	1.01e-03	9.99e-01	6.09e-05	0.00e+00	8.65e-16	2.60e-15	4.34e-15	1.36e-10	2.79e-10	3.39e-46
 2.35076e+15	1.33e-14	5.12e-10	2.56e-06	1.10e-03	9.99e-01	5.58e-05	0.00e+00	1.12e-15	3.35e-15	5.60e-15	1.67e-10	3.45e-10	7.37e-46
 2.43826e+15	1.69e-14	6.24e-10	2.97e-06	1.20e-03	9.99e-01	5.13e-05	0.00e+00	1.42e-15	4.25e-15	7.10e-15	2.04e-10	4.20e-10	1.54e-45
 2.51956e+15	2.08e-14	7.45e-10	3.39e-06	1.29e-03	9.99e-01	4.76e-05	0.00e+00	1.75e-15	5.25e-15	8.78e-15	2.44e-10	5.02e-10	2.99e-45
 2.61068e+15	2.62e-14	9.03e-10	3.92e-06	1.40e-03	9.99e-01	4.39e-05	0.00e+00	2.20e-15	6.61e-15	1.10e-14	2.95e-10	6.08e-10	6.14e-45
 2.71514e+15	3.35e-14	1.12e-09	4.59e-06	1.53e-03	9.98e-01	4.02e-05	0.00e+00	2.82e-15	8.48e-15	1.42e-14	3.65e-10	7.50e-10	1.36e-44
 2.81803e+15	4.23e-14	1.36e-09	5.33e-06	1.67e-03	9.98e-01	3.69e-05	0.00e+00	3.57e-15	1.07e-14	1.79e-14	4.46e-10	9.16e-10	2.90e-44
 2.92504e+15	5.33e-14	1.66e-09	6.20e-06	1.82e-03	9.98e-01	3.39e-05	0.00e+00	4.50e-15	1.35e-14	2.26e-14	5.44e-10	1.12e-09	6.19e-44
 3.02245e+15	6.49e-14	1.98e-09	7.07e-06	1.96e-03	9.98e-01	3.15e-05	0.00e+00	5.49e-15	1.65e-14	2.75e-14	6.49e-10	1.33e-09	1.21e-43
 3.09518e+15	7.52e-14	2.25e-09	7.77e-06	2.07e-03	9.98e-01	2.99e-05	0.00e+00	6.36e-15	1.91e-14	3.19e-14	7.37e-10	1.51e-09	1.96e-43
 3.17035e+15	8.69e-14	2.56e-09	8.56e-06	2.19e-03	9.98e-01	2.83e-05	0.00e+00	7.36e-15	2.21e-14	3.69e-14	8.38e-10	1.72e-09	3.19e-43
 3.26808e+15	1.04e-13	3.01e-09	9.67e-06	2.35e-03	9.98e-01	2.64e-05	0.00e+00	8.85e-15	2.66e-14	4.44e-14	9.87e-10	2.02e-09	5.96e-43
 3.37395e+15	1.26e-13	3.57e-09	1.10e-05	2.52e-03	9.97e-01	2.46e-05	0.00e+00	1.07e-14	3.21e-14	5.37e-14	1.17e-09	2.40e-09	1.16e-42
 3.46958e+15	1.49e-13	4.14e-09	1.23e-05	2.69e-03	9.97e-01	2.31e-05	0.00e+00	1.26e-14	3.80e-14	6.34e-14	1.36e-09	2.78e-09	2.06e-42
 3.57306e+15	1.77e-13	4.85e-09	1.38e-05	2.88e-03	9.97e-01	2.16e-05	0.00e+00	1.51e-14	4.53e-14	7.56e-14	1.59e-09	3.26e-09	3.84e-42
 3.70420e+15	2.19e-13	5.89e-09	1.60e-05	3.13e-03	9.97e-01	2.00e-05	0.00e+00	1.87e-14	5.60e-14	9.36e-14	1.93e-09	3.95e-09	8.15e-42
 3.83617e+15	2.67e-13	7.10e-09	1.84e-05	3.39e-03	9.97e-01	1.85e-05	0.00e+00	2.28e-14	6.85e-14	1.14e-13	2.33e-09	4.77e-09	1.70e-41
 3.94716e+15	3.15e-13	8.26e-09	2.06e-05	3.62e-03	9.96e-01	1.74e-05	0.00e+00	2.69e-14	8.09e-14	1.35e-13	2.71e-09	5.55e-09	3.10e-41
 4.06600e+15	3.74e-13	9.69e-09	2.31e-05	3.87e-03	9.96e-01	1.63e-05	0.00e+00	3.20e-14	9.61e-14	1.61e-13	3.18e-09	6.50e-09	5.82e-41
 4.21586e+15	4.60e-13	1.18e-08	2.68e-05	4.21e-03	9.96e-01	1.51e-05	0.00e+00	3.94e-14	1.18e-13	1.97e-13	3.87e-09	7.91e-09	1.26e-40
 4.37289e+15	5.64e-13	1.43e-08	3.10e-05	4.58e-03	9.95e-01	1.39e-05	0.00e+00	4.84e-14	1.45e-13	2.42e-13	4.71e-09	9.63e-09	2.74e-40
 4.51429e+15	6.75e-13	1.70e-08	3.51e-05	4.92e-03	9.95e-01	1.30e-05	0.00e+00	5.80e-14	1.74e-13	2.91e-13	5.59e-09	1.14e-08	5.35e-40
 4.66851e+15	8.17e-13	2.04e-08	4.01e-05	5.31e-03	9.95e-01	1.21e-05	0.00e+00	7.03e-14	2.11e-13	3.52e-13	6.70e-09	1.37e-08	1.09e-39
 4.85081e+15	1.01e-12	2.51e-08	4.68e-05	5.80e-03	9.94e-01	1.12e-05	0.00e+00	8.67e-14	2.60e-13	4.35e-13	8.27e-09	1.69e-08	2.48e-39
 5.02920e+15	1.22e-12	3.05e-08	5.40e-05	6.29e-03	9.94e-01	1.04e-05	0.00e+00	1.06e-13	3.17e-13	5.29e-13	1.01e-08	2.05e-08	5.25e-39
 5.19158e+15	1.47e-12	3.62e-08	6.13e-05	6.76e-03	9.93e-01	9.74e-06	0.00e+00	1.27e-13	3.80e-13	6.34e-13	1.19e-08	2.43e-08	1.02e-38
 5.37356e+15	1.78e-12	4.37e-08	7.03e-05	7.32e-03	9.93e-01	9.09e-06	0.00e+00	1.54e-13	4.61e-13	7.69e-13	1.44e-08	2.93e-08	2.11e-38
 5.58597e+15	2.18e-12	5.41e-08	8.22e-05	7.99e-03	9.92e-01	8.43e-06	0.00e+00	1.89e-13	5.67e-13	9.47e-13	1.78e-08	3.63e-08	4.79e-38
 5.79423e+15	2.68e-12	6.59e-08	9.50e-05	8.69e-03	9.91e-01	7.85e-06	0.00e+00	2.32e-13	6.97e-13	1.16e-12	2.17e-08	4.42e-08	1.02e-37
 5.99021e+15	3.23e-12	7.91e-08	1.09e-04	9.37e-03	9.91e-01	7.38e-06	0.00e+00	2.81e-13	8.42e-13	1.41e-12	2.61e-08	5.30e-08	2.03e-37
 6.20923e+15	3.95e-12	9.63e-08	1.25e-04	1.02e-02	9.90e-01	6.91e-06	0.00e+00	3.44e-13	1.03e-12	1.72e-12	3.18e-08	6.45e-08	4.31e-37
 6.41788e+15	4.74e-12	1.15e-07	1.43e-04	1.10e-02	9.89e-01	6.52e-06	0.00e+00	4.13e-13	1.24e-12	2.07e-12	3.80e-08	7.72e-08	8.41e-37
 6.57320e+15	5.35e-12	1.31e-07	1.57e-04	1.16e-02	9.88e-01	6.26e-06	0.00e+00	4.66e-13	1.40e-12	2.34e-12	4.33e-08	8.80e-08	1.36e-36
 6.73060e+15	6.15e-12	1.50e-07	1.73e-04	1.22e-02	9.88e-01	6.01e-06	0.00e+00	5.36e-13	1.61e-12	2.68e-12	4.94e-08	1.00e-07	2.23e-36
 6.93521e+15	7.34e-12	1.77e-07	1.95e-04	1.31e-02	9.87e-01	5.71e-06	0.00e+00	6.40e-13	1.92e-12	3.21e-12	5.84e-08	1.18e-07	4.15e-36
 7.15701e+15	8.77e-12	2.11e-07	2.21e-04	1.41e-02	9.86e-01	5.42e-06	0.00e+00	7.66e-13	2.30e-12	3.83e-12	6.95e-08	1.41e-07	7.85e-36
 7.35607e+15	1.03e-11	2.45e-07	2.47e-04	1.50e-02	9.85e-01	5.19e-06	0.00e+00	8.97e-13	2.69e-12	4.49e-12	8.11e-08	1.64e-07	1.37e-35
 7.56977e+15	1.22e-11	2.88e-07	2.78e-04	1.60e-02	9.84e-01	4.96e-06	0.00e+00	1.06e-12	3.19e-12	5.33e-12	9.53e-08	1.93e-07	2.46e-35
 7.84437e+15	1.51e-11	3.53e-07	3.21e-04	1.73e-02	9.82e-01	4.71e-06	0.00e+00	1.32e-12	3.97e-12	6.63e-12	1.17e-07	2.36e-07	5.13e-35
 8.12103e+15	1.84e-11	4.28e-07	3.69e-04	1.88e-02	9.81e-01	4.49e-06	0.00e+00	1.62e-12	4.85e-12	8.10e-12	1.42e-07	2.87e-07	9.99e-35
 8.34790e+15	2.17e-11	4.99e-07	4.13e-04	2.00e-02	9.80e-01	4.32e-06	0.00e+00	1.91e-12	5.72e-12	9.54e-12	1.65e-07	3.34e-07	1.72e-34
 8.58717e+15	2.58e-11	5.87e-07	4.63e-04	2.14e-02	9.78e-01	4.17e-06	0.00e+00	2.27e-12	6.81e-12	1.14e-11	1.94e-07	3.93e-07	3.05e-34
 8.89688e+15	3.21e-11	7.19e-07	5.36e-04	2.32e-02	9.76e-01	3.97e-06	0.00e+00	2.82e-12	8.47e-12	1.41e-11	2.38e-07	4.81e-07	6.21e-34
 9.21909e+15	3.97e-11	8.78e-07	6.19e-04	2.52e-02	9.74e-01	3.79e-06	0.00e+00	3.49e-12	1.05e-11	1.75e-11	2.91e-07	5.87e-07	1.24e-33
 9.49508e+15	4.76e-11	1.04e-06	7.00e-04	2.70e-02	9.72e-01	3.68e-06	0.00e+00	4.20e-12	1.26e-11	2.10e-11	3.44e-07	6.95e-07	2.18e-33
 9.79005e+15	5.79e-11	1.24e-06	7.95e-04	2.90e-02	9.70e-01	3.56e-06	0.00e+00	5.11e-12	1.53e-11	2.56e-11	4.11e-07	8.30e-07	4.00e-33
 1.01559e+16	7.27e-11	1.53e-06	9.27e-04	3.16e-02	9.67e-01	3.41e-06	0.00e+00	6.43e-12	1.93e-11	3.22e-11	5.08e-07	1.03e-06	8.20e-33
 1.05190e+16	9.02e-11	1.87e-06	1.07e-03	3.44e-02	9.65e-01	3.29e-06	0.00e+00	7.98e-12	2.40e-11	4.00e-11	6.21e-07	1.25e-06	1.58e-32
 1.08255e+16	1.08e-10	2.21e-06	1.21e-03	3.68e-02	9.62e-01	3.22e-06	0.00e+00	9.60e-12	2.88e-11	4.80e-11	7.33e-07	1.48e-06	2.71e-32
 1.11536e+16	1.33e-10	2.64e-06	1.38e-03	3.96e-02	9.59e-01	3.13e-06	0.00e+00	1.18e-11	3.53e-11	5.88e-11	8.75e-07	1.77e-06	4.84e-32
 1.15204e+16	1.63e-10	3.19e-06	1.58e-03	4.28e-02	9.56e-01	3.04e-06	0.00e+00	1.45e-11	4.34e-11	7.23e-11	1.06e-06	2.13e-06	8.86e-32
 1.18658e+16	1.97e-10	3.79e-06	1.79e-03	4.60e-02	9.52e-01	2.96e-06	0.00e+00	1.75e-11	5.24e-11	8.74e-11	1.26e-06	2.53e-06	1.52e-31
 1.21680e+16	2.31e-10	4.38e-06	2.00e-03	4.90e-02	9.49e-01	2.90e-06	0.00e+00	2.05e-11	6.15e-11	1.03e-10	1.45e-06	2.93e-06	2.40e-31
 1.24859e+16	2.76e-10	5.13e-06	2.24e-03	5.22e-02	9.46e-01	2.84e-06	0.00e+00	2.46e-11	7.37e-11	1.23e-10	1.70e-06	3.43e-06	3.94e-31
 1.28310e+16	3.30e-10	6.03e-06	2.53e-03	5.59e-02	9.42e-01	2.78e-06	0.00e+00	2.94e-11	8.82e-11	1.47e-10	2.00e-06	4.03e-06	6.44e-31
 1.31499e+16	3.91e-10	6.99e-06	2.82e-03	5.95e-02	9.38e-01	2.73e-06	0.00e+00	3.49e-11	1.05e-10	1.75e-10	2.32e-06	4.67e-06	1.00e-30
 1.35030e+16	4.71e-10	8.24e-06	3.19e-03	6.38e-02	9.33e-01	2.68e-06	0.00e+00	4.21e-11	1.26e-10	2.11e-10	2.74e-06	5.51e-06	1.67e-30
 1.38837e+16	5.72e-10	9.76e-06	3.62e-03	6.86e-02	9.28e-01	2.63e-06	0.00e+00	5.11e-11	1.53e-10	2.56e-10	3.24e-06	6.52e-06	2.75e-30
 1.42326e+16	6.84e-10	1.14e-05	4.07e-03	7.32e-02	9.23e-01	2.59e-06	0.00e+00	6.12e-11	1.84e-10	3.06e-10	3.78e-06	7.60e-06	4.30e-30
 1.46187e+16	8.40e-10	1.36e-05	4.64e-03	7.88e-02	9.17e-01	2.55e-06	0.00e+00	7.53e-11	2.26e-10	3.77e-10	4.50e-06	9.05e-06	7.28e-30
 1.50346e+16	1.03e-09	1.62e-05	5.31e-03	8.49e-02	9.10e-01	2.51e-06	0.00e+00	9.23e-11	2.77e-10	4.62e-10	5.37e-06	1.08e-05	1.20e-29
 1.54180e+16	1.25e-09	1.90e-05	6.02e-03	9.12e-02	9.03e-01	2.48e-06	0.00e+00	1.12e-10	3.36e-10	5.61e-10	6.33e-06	1.27e-05	1.91e-29
 1.57758e+16	1.49e-09	2.21e-05	6.76e-03	9.72e-02	8.96e-01	2.45e-06	0.00e+00	1.34e-10	4.02e-10	6.70e-10	7.36e-06	1.48e-05	2.90e-29
 1.61715e+16	1.82e-09	2.63e-05	7.71e-03	1.04e-01	8.88e-01	2.41e-06	0.00e+00	1.64e-10	4.91e-10	8.19e-10	8.74e-06	1.76e-05	4.74e-29
 1.65968e+16	2.26e-09	3.14e-05	8.86e-03	1.13e-01	8.78e-01	2.39e-06	0.00e+00	2.04e-10	6.11e-10	1.02e-09	1.05e-05	2.10e-05	7.74e-29
 1.69702e+16	2.70e-09	3.66e-05	9.99e-03	1.20e-01	8.70e-01	2.36e-06	0.00e+00	2.43e-10	7.30e-10	1.22e-09	1.22e-05	2.45e-05	1.16e-28
 1.73653e+16	3.35e-09	4.37e-05	1.14e-02	1.30e-01	8.59e-01	2.34e-06	0.00e+00	3.02e-10	9.07e-10	1.51e-09	1.45e-05	2.92e-05	1.91e-28
 1.77895e+16	4.12e-09	5.21e-05	1.32e-02	1.40e-01	8.47e-01	2.31e-06	0.00e+00	3.73e-10	1.12e-09	1.86e-09	1.73e-05	3.48e-05	3.04e-28
 1.81647e+16	5.03e-09	6.12e-05	1.49e-02	1.49e-01	8.36e-01	2.31e-06	0.00e+00	4.55e-10	1.37e-09	2.28e-09	2.04e-05	4.09e-05	4.66e-28
 1.84903e+16	5.95e-09	7.04e-05	1.67e-02	1.58e-01	8.25e-01	2.30e-06	0.00e+00	5.39e-10	1.62e-09	2.69e-09	2.34e-05	4.70e-05	6.74e-28
 1.88385e+16	7.19e-09	8.24e-05	1.89e-02	1.69e-01	8.12e-01	2.29e-06	0.00e+00	6.52e-10	1.96e-09	3.26e-09	2.74e-05	5.50e-05	1.03e-27
 1.92149e+16	8.90e-09	9.78e-05	2.16e-02	1.81e-01	7.97e-01	2.28e-06	0.00e+00	8.07e-10	2.42e-09	4.04e-09	3.25e-05	6.52e-05	1.62e-27
 1.95440e+16	1.07e-08	1.13e-04	2.43e-02	1.92e-01	7.83e-01	2.29e-06	0.00e+00	9.72e-10	2.91e-09	4.86e-09	3.77e-05	7.56e-05	2.37e-27
 1.98351e+16	1.25e-08	1.29e-04	2.71e-02	2.03e-01	7.70e-01	2.29e-06	0.00e+00	1.14e-09	3.42e-09	5.69e-09	4.31e-05	8.63e-05	3.33e-27
 2.01608e+16	1.55e-08	1.53e-04	3.08e-02	2.16e-01	7.53e-01	2.30e-06	0.00e+00	1.41e-09	4.22e-09	7.04e-09	5.08e-05	1.02e-04	5.29e-27
 2.05041e+16	1.88e-08	1.79e-04	3.51e-02	2.31e-01	7.34e-01	2.30e-06	0.00e+00	1.71e-09	5.13e-09	8.55e-09	5.97e-05	1.20e-04	7.90e-27
 2.07989e+16	2.25e-08	2.08e-04	3.95e-02	2.44e-01	7.16e-01	2.31e-06	0.00e+00	2.05e-09	6.16e-09	1.03e-08	6.91e-05	1.39e-04	1.16e-26
 2.10635e+16	2.72e-08	2.39e-04	4.41e-02	2.58e-01	6.98e-01	2.35e-06	0.00e+00	2.48e-09	7.42e-09	1.24e-08	7.97e-05	1.60e-04	1.71e-26
 2.13196e+16	3.18e-08	2.73e-04	4.91e-02	2.71e-01	6.80e-01	2.36e-06	4.80e-12	2.90e-09	8.70e-09	1.45e-08	9.09e-05	1.82e-04	2.40e-26
 2.16118e+16	3.94e-08	3.24e-04	5.60e-02	2.88e-01	6.55e-01	2.39e-06	0.00e+00	3.60e-09	1.08e-08	1.80e-08	1.08e-04	2.16e-04	3.91e-26
