#depth	C	C+	C+2	C+3	C+4	C+5	C+6	C[1]	C[2]	C[3]	C+[1]	C+[2]	CO
 1.49634e+10	1.31e-45	1.74e-34	2.94e-24	1.13e-14	2.32e-04	4.33e-01	5.66e-01	0.00e+00	0.00e+00	0.00e+00	0.00e+00	0.00e+00	1.32e-144
 4.54887e+10	0.00e+00	2.50e-34	3.90e-24	1.39e-14	2.63e-04	4.53e-01	5.47e-01	0.00e+00	0.00e+00	0.00e+00	0.00e+00	0.00e+00	6.69e-210
 7.72350e+10	3.15e-45	3.59e-34	5.17e-24	1.70e-14	2.98e-04	4.73e-01	5.27e-01	0.00e+00	0.00e+00	0.00e+00	0.00e+00	0.00e+00	1.31e-143
 1.10251e+11	0.00e+00	5.15e-34	6.85e-24	2.08e-14	3.37e-04	4.92e-01	5.07e-01	0.00e+00	0.00e+00	0.00e+00	0.00e+00	0.00e+00	2.55e-209
 1.44588e+11	7.57e-45	7.37e-34	9.05e-24	2.54e-14	3.80e-04	5.12e-01	4.87e-01	0.00e+00	0.00e+00	0.00e+00	0.00e+00	0.00e+00	1.29e-142
 1.80298e+11	0.00e+00	1.05e-33	1.20e-23	3.10e-14	4.29e-04	5.32e-01	4.68e-01	0.00e+00	0.00e+00	0.00e+00	0.00e+00	0.00e+00	9.61e-209
 2.17437e+11	1.81e-44	1.51e-33	1.58e-23	3.78e-14	4.83e-04	5.52e-01	4.48e-01	0.00e+00	0.00e+00	0.00e+00	0.00e+00	0.00e+00	1.28e-141
 2.56061e+11	0.00e+00	2.15e-33	2.08e-23	4.61e-14	5.43e-04	5.71e-01	4.28e-01	0.00e+00	0.00e+00	0.00e+00	0.00e+00	0.00e+00	3.60e-208
 2.96231e+11	4.33e-44	3.07e-33	2.74e-23	5.60e-14	6.10e-04	5.90e-01	4.09e-01	0.00e+00	0.00e+00	0.00e+00	0.00e+00	0.00e+00	1.26e-140
 3.38007e+11	0.00e+00	4.37e-33	3.61e-23	6.81e-14	6.84e-04	6.09e-01	3.90e-01	0.00e+00	0.00e+00	0.00e+00	0.00e+00	0.00e+00	1.33e-207
 3.81454e+11	1.03e-43	6.21e-33	4.74e-23	8.26e-14	7.67e-04	6.28e-01	3.71e-01	0.00e+00	0.00e+00	0.00e+00	0.00e+00	0.00e+00	1.24e-139
 4.26639e+11	0.00e+00	8.84e-33	6.23e-23	1.00e-13	8.58e-04	6.47e-01	3.53e-01	0.00e+00	0.00e+00	0.00e+00	0.00e+00	0.00e+00	4.85e-207
 4.73631e+11	2.44e-43	1.26e-32	8.17e-23	1.21e-13	9.59e-04	6.64e-01	3.35e-01	0.00e+00	0.00e+00	0.00e+00	0.00e+00	0.00e+00	1.22e-138
 5.19621e+11	0.00e+00	1.75e-32	1.05e-22	1.45e-13	1.06e-03	6.81e-01	3.18e-01	0.00e+00	0.00e+00	0.00e+00	0.00e+00	0.00e+00	1.76e-206
 5.62173e+11	5.25e-43	2.34e-32	1.32e-22	1.70e-13	1.17e-03	6.95e-01	3.04e-01	0.00e+00	0.00e+00	0.00e+00	0.00e+00	0.00e+00	9.33e-138
 6.09309e+11	0.00e+00	3.21e-32	1.69e-22	2.02e-13	1.29e-03	7.10e-01	2.89e-01	0.00e+00	0.00e+00	0.00e+00	0.00e+00	0.00e+00	5.42e-206
 6.63608e+11	1.19e-42	4.56e-32	2.21e-22	2.44e-13	1.44e-03	7.26e-01	2.72e-01	0.00e+00	0.00e+00	0.00e+00	0.00e+00	0.00e+00	8.20e-137
 7.16996e+11	0.00e+00	6.33e-32	2.84e-22	2.91e-13	1.59e-03	7.41e-01	2.57e-01	0.00e+00	0.00e+00	0.00e+00	0.00e+00	0.00e+00	1.66e-205
 7.72519e+11	2.67e-42	8.81e-32	3.67e-22	3.48e-13	1.76e-03	7.55e-01	2.43e-01	0.00e+00	0.00e+00	0.00e+00	0.00e+00	0.00e+00	7.15e-136
 8.33346e+11	0.00e+00	1.25e-31	4.79e-22	4.19e-13	1.95e-03	7.69e-01	2.29e-01	0.00e+00	0.00e+00	0.00e+00	0.00e+00	0.00e+00	4.66e-205
 8.95083e+11	6.23e-42	1.75e-31	6.22e-22	5.03e-13	2.16e-03	7.83e-01	2.15e-01	0.00e+00	0.00e+00	0.00e+00	0.00e+00	0.00e+00	6.86e-135
 9.59289e+11	0.00e+00	2.46e-31	8.07e-22	6.03e-13	2.40e-03	7.96e-01	2.02e-01	0.00e+00	0.00e+00	0.00e+00	0.00e+00	0.00e+00	1.18e-204
 1.02759e+12	1.45e-41	3.48e-31	1.05e-21	7.26e-13	2.66e-03	8.08e-01	1.89e-01	0.00e+00	0.00e+00	0.00e+00	0.00e+00	0.00e+00	6.61e-134
 1.09862e+12	0.00e+00	4.93e-31	1.38e-21	8.73e-13	2.95e-03	8.20e-01	1.77e-01	0.00e+00	0.00e+00	0.00e+00	0.00e+00	0.00e+00	1.39e-204
 1.17249e+12	3.43e-41	6.98e-31	1.80e-21	1.05e-12	3.27e-03	8.31e-01	1.65e-01	0.00e+00	0.00e+00	0.00e+00	0.00e+00	0.00e+00	6.57e-133
 1.24932e+12	0.00e+00	9.88e-31	2.34e-21	1.26e-12	3.62e-03	8.42e-01	1.54e-01	0.00e+00	0.00e+00	0.00e+00	0.00e+00	0.00e+00	0.00e+00
 1.32922e+12	8.09e-41	1.40e-30	3.06e-21	1.52e-12	4.01e-03	8.52e-01	1.44e-01	0.00e+00	0.00e+00	0.00e+00	0.00e+00	0.00e+00	6.56e-132
 1.41231e+12	0.00e+00	1.98e-30	4.00e-21	1.83e-12	4.44e-03	8.61e-01	1.34e-01	0.00e+00	0.00e+00	0.00e+00	0.00e+00	0.00e+00	0.00e+00
 1.49873e+12	1.91e-40	2.81e-30	5.22e-21	2.20e-12	4.92e-03	8.70e-01	1.25e-01	0.00e+00	0.00e+00	0.00e+00	0.00e+00	0.00e+00	6.59e-131
 1.58009e+12	0.00e+00	3.86e-30	6.65e-21	2.59e-12	5.39e-03	8.78e-01	1.17e-01	0.00e+00	0.00e+00	0.00e+00	0.00e+00	0.00e+00	0.00e+00
 1.65299e+12	3.97e-40	5.07e-30	8.20e-21	3.00e-12	5.83e-03	8.84e-01	1.10e-01	0.00e+00	0.00e+00	0.00e+00	0.00e+00	0.00e+00	4.66e-130
 1.73488e+12	0.00e+00	6.85e-30	1.03e-20	3.51e-12	6.36e-03	8.90e-01	1.03e-01	0.00e+00	0.00e+00	0.00e+00	0.00e+00	0.00e+00	0.00e+00
 1.83175e+12	8.80e-40	9.65e-30	1.34e-20	4.20e-12	7.02e-03	8.97e-01	9.61e-02	0.00e+00	0.00e+00	0.00e+00	0.00e+00	0.00e+00	3.91e-129
 1.92859e+12	0.00e+00	1.34e-29	1.73e-20	5.00e-12	7.71e-03	9.03e-01	8.94e-02	0.00e+00	0.00e+00	0.00e+00	0.00e+00	0.00e+00	0.00e+00
 2.01969e+12	1.91e-39	1.81e-29	2.17e-20	5.85e-12	8.40e-03	9.08e-01	8.38e-02	0.00e+00	0.00e+00	0.00e+00	0.00e+00	0.00e+00	3.14e-128
 2.12079e+12	0.00e+00	2.50e-29	2.78e-20	6.93e-12	9.20e-03	9.13e-01	7.80e-02	0.00e+00	0.00e+00	0.00e+00	0.00e+00	0.00e+00	0.00e+00
 2.23555e+12	4.42e-39	3.56e-29	3.63e-20	8.34e-12	1.02e-02	9.18e-01	7.21e-02	0.00e+00	0.00e+00	0.00e+00	0.00e+00	0.00e+00	2.94e-127
 2.35009e+12	0.00e+00	5.01e-29	4.72e-20	9.97e-12	1.12e-02	9.22e-01	6.68e-02	0.00e+00	0.00e+00	0.00e+00	0.00e+00	0.00e+00	0.00e+00
 2.46922e+12	1.03e-38	7.04e-29	6.12e-20	1.19e-11	1.23e-02	9.26e-01	6.18e-02	0.00e+00	0.00e+00	0.00e+00	0.00e+00	0.00e+00	2.80e-126
 2.59792e+12	0.00e+00	1.01e-28	8.03e-20	1.43e-11	1.36e-02	9.29e-01	5.70e-02	0.00e+00	0.00e+00	0.00e+00	0.00e+00	0.00e+00	0.00e+00
 2.73176e+12	2.48e-38	1.44e-28	1.05e-19	1.73e-11	1.50e-02	9.32e-01	5.25e-02	0.00e+00	0.00e+00	0.00e+00	0.00e+00	0.00e+00	2.95e-125
 2.85802e+12	0.00e+00	1.99e-28	1.35e-19	2.05e-11	1.65e-02	9.35e-01	4.87e-02	0.00e+00	0.00e+00	0.00e+00	0.00e+00	0.00e+00	0.00e+00
 2.97165e+12	5.26e-38	2.63e-28	1.68e-19	2.37e-11	1.78e-02	9.37e-01	4.55e-02	0.00e+00	0.00e+00	0.00e+00	0.00e+00	0.00e+00	2.19e-124
 3.09952e+12	0.00e+00	3.59e-28	2.12e-19	2.79e-11	1.94e-02	9.38e-01	4.23e-02	0.00e+00	0.00e+00	0.00e+00	0.00e+00	0.00e+00	0.00e+00
 3.25019e+12	1.19e-37	5.10e-28	2.77e-19	3.34e-11	2.13e-02	9.40e-01	3.90e-02	0.00e+00	0.00e+00	0.00e+00	0.00e+00	0.00e+00	1.93e-123
 3.40071e+12	0.00e+00	7.18e-28	3.60e-19	3.99e-11	2.34e-02	9.41e-01	3.59e-02	0.00e+00	0.00e+00	0.00e+00	0.00e+00	0.00e+00	0.00e+00
 3.54197e+12	2.66e-37	9.78e-28	4.56e-19	4.69e-11	2.55e-02	9.41e-01	3.33e-02	0.00e+00	0.00e+00	0.00e+00	0.00e+00	0.00e+00	1.65e-122
 3.69829e+12	0.00e+00	1.35e-27	5.84e-19	5.55e-11	2.78e-02	9.41e-01	3.08e-02	0.00e+00	0.00e+00	0.00e+00	0.00e+00	0.00e+00	0.00e+00
 3.87615e+12	6.28e-37	1.96e-27	7.74e-19	6.71e-11	3.07e-02	9.41e-01	2.81e-02	0.00e+00	0.00e+00	0.00e+00	0.00e+00	0.00e+00	1.61e-121
 4.05128e+12	0.00e+00	2.76e-27	1.01e-18	8.03e-11	3.37e-02	9.40e-01	2.58e-02	0.00e+00	0.00e+00	0.00e+00	0.00e+00	0.00e+00	0.00e+00
 4.23341e+12	1.48e-36	3.90e-27	1.31e-18	9.60e-11	3.70e-02	9.39e-01	2.37e-02	0.00e+00	0.00e+00	0.00e+00	0.00e+00	0.00e+00	1.56e-120
 4.43268e+12	0.00e+00	5.62e-27	1.73e-18	1.16e-10	4.08e-02	9.38e-01	2.16e-02	0.00e+00	0.00e+00	0.00e+00	0.00e+00	0.00e+00	0.00e+00
 4.63401e+12	3.60e-36	8.02e-27	2.27e-18	1.39e-10	4.48e-02	9.35e-01	1.98e-02	0.00e+00	0.00e+00	0.00e+00	0.00e+00	0.00e+00	1.66e-119
 4.84339e+12	0.00e+00	1.14e-26	2.98e-18	1.68e-10	4.92e-02	9.33e-01	1.80e-02	0.00e+00	0.00e+00	0.00e+00	0.00e+00	0.00e+00	0.00e+00
 5.05922e+12	8.68e-36	1.63e-26	3.91e-18	2.01e-10	5.40e-02	9.30e-01	1.65e-02	0.00e+00	0.00e+00	0.00e+00	0.00e+00	0.00e+00	1.70e-118
 5.27151e+12	0.00e+00	2.28e-26	5.06e-18	2.39e-10	5.89e-02	9.26e-01	1.51e-02	0.00e+00	0.00e+00	0.00e+00	0.00e+00	0.00e+00	0.00e+00
 5.50014e+12	2.02e-35	3.23e-26	6.61e-18	2.87e-10	6.45e-02	9.22e-01	1.37e-02	0.00e+00	0.00e+00	0.00e+00	0.00e+00	0.00e+00	1.60e-117
 5.75007e+12	0.00e+00	4.66e-26	8.75e-18	3.47e-10	7.09e-02	9.17e-01	1.25e-02	0.00e+00	0.00e+00	0.00e+00	0.00e+00	0.00e+00	0.00e+00
 6.01000e+12	5.01e-35	6.73e-26	1.16e-17	4.19e-10	7.78e-02	9.11e-01	1.13e-02	0.00e+00	0.00e+00	0.00e+00	0.00e+00	0.00e+00	1.76e-116
 6.28032e+12	0.00e+00	9.71e-26	1.54e-17	5.06e-10	8.55e-02	9.04e-01	1.02e-02	0.00e+00	0.00e+00	0.00e+00	0.00e+00	0.00e+00	0.00e+00
 6.56146e+12	1.24e-34	1.40e-25	2.03e-17	6.11e-10	9.37e-02	8.97e-01	9.21e-03	0.00e+00	0.00e+00	0.00e+00	0.00e+00	0.00e+00	1.93e-115
 6.81587e+12	1.84e-34	1.93e-25	2.60e-17	7.21e-10	1.02e-01	8.90e-01	8.41e-03	0.00e+00	0.00e+00	0.00e+00	0.00e+00	0.00e+00	9.14e-98
 7.02808e+12	2.52e-34	2.49e-25	3.17e-17	8.23e-10	1.08e-01	8.84e-01	7.82e-03	0.00e+00	0.00e+00	0.00e+00	0.00e+00	0.00e+00	0.00e+00
 7.26067e+12	3.53e-34	3.27e-25	3.90e-17	9.47e-10	1.16e-01	8.77e-01	7.22e-03	0.00e+00	0.00e+00	0.00e+00	0.00e+00	0.00e+00	3.08e-114
 7.55494e+12	5.33e-34	4.56e-25	5.04e-17	1.13e-09	1.26e-01	8.68e-01	6.55e-03	0.00e+00	0.00e+00	0.00e+00	0.00e+00	0.00e+00	9.87e-97
 7.86169e+12	8.05e-34	6.37e-25	6.53e-17	1.34e-09	1.36e-01	8.58e-01	5.92e-03	0.00e+00	0.00e+00	0.00e+00	0.00e+00	0.00e+00	0.00e+00
 8.12358e+12	1.13e-33	8.38e-25	8.06e-17	1.54e-09	1.46e-01	8.49e-01	5.45e-03	0.00e+00	0.00e+00	0.00e+00	0.00e+00	0.00e+00	6.70e-113
 8.39485e+12	1.58e-33	1.10e-24	9.95e-17	1.77e-09	1.56e-01	8.39e-01	5.01e-03	0.00e+00	0.00e+00	0.00e+00	0.00e+00	0.00e+00	1.11e-95
 8.73410e+12	2.37e-33	1.53e-24	1.28e-16	2.10e-09	1.68e-01	8.27e-01	4.52e-03	0.00e+00	0.00e+00	0.00e+00	0.00e+00	0.00e+00	1.08e-286
 9.07827e+12	3.52e-33	2.11e-24	1.64e-16	2.48e-09	1.82e-01	8.14e-01	4.08e-03	0.00e+00	0.00e+00	0.00e+00	0.00e+00	0.00e+00	1.39e-111
 9.37663e+12	4.89e-33	2.75e-24	2.02e-16	2.84e-09	1.93e-01	8.03e-01	3.74e-03	0.00e+00	0.00e+00	0.00e+00	0.00e+00	0.00e+00	1.38e-94
 9.69891e+12	6.87e-33	3.63e-24	2.50e-16	3.28e-09	2.06e-01	7.91e-01	3.41e-03	0.00e+00	0.00e+00	0.00e+00	0.00e+00	0.00e+00	8.37e-111
 1.00937e+13	1.03e-32	5.02e-24	3.21e-16	3.87e-09	2.22e-01	7.75e-01	3.06e-03	0.00e+00	0.00e+00	0.00e+00	0.00e+00	0.00e+00	7.25e-94
 1.04964e+13	1.52e-32	6.89e-24	4.10e-16	4.55e-09	2.38e-01	7.59e-01	2.74e-03	0.00e+00	0.00e+00	0.00e+00	0.00e+00	0.00e+00	7.06e-110
 1.08636e+13	2.13e-32	9.08e-24	5.08e-16	5.24e-09	2.53e-01	7.44e-01	2.48e-03	0.00e+00	0.00e+00	0.00e+00	0.00e+00	0.00e+00	3.73e-93
 1.12705e+13	3.05e-32	1.22e-23	6.36e-16	6.08e-09	2.70e-01	7.28e-01	2.24e-03	0.00e+00	0.00e+00	0.00e+00	0.00e+00	0.00e+00	4.74e-109
 1.17455e+13	4.56e-32	1.68e-23	8.18e-16	7.17e-09	2.89e-01	7.09e-01	1.98e-03	0.00e+00	0.00e+00	0.00e+00	0.00e+00	0.00e+00	2.08e-92
 1.22169e+13	6.67e-32	2.29e-23	1.04e-15	8.38e-09	3.08e-01	6.90e-01	1.77e-03	0.00e+00	0.00e+00	0.00e+00	0.00e+00	0.00e+00	4.03e-108
 1.26665e+13	9.42e-32	3.03e-23	1.28e-15	9.64e-09	3.26e-01	6.72e-01	1.59e-03	0.00e+00	0.00e+00	0.00e+00	0.00e+00	0.00e+00	1.08e-91
 1.31625e+13	1.35e-31	4.06e-23	1.61e-15	1.12e-08	3.46e-01	6.52e-01	1.41e-03	0.00e+00	0.00e+00	0.00e+00	0.00e+00	0.00e+00	2.87e-107
 1.37189e+13	2.00e-31	5.56e-23	2.05e-15	1.30e-08	3.68e-01	6.31e-01	1.25e-03	0.00e+00	0.00e+00	0.00e+00	0.00e+00	0.00e+00	6.04e-91
 1.42772e+13	2.90e-31	7.50e-23	2.58e-15	1.51e-08	3.90e-01	6.09e-01	1.10e-03	0.00e+00	0.00e+00	0.00e+00	0.00e+00	0.00e+00	2.41e-106
 1.47765e+13	3.98e-31	9.68e-23	3.13e-15	1.71e-08	4.08e-01	5.91e-01	9.89e-04	0.00e+00	0.00e+00	0.00e+00	0.00e+00	0.00e+00	2.96e-90
 1.52199e+13	5.21e-31	1.20e-22	3.70e-15	1.91e-08	4.25e-01	5.74e-01	9.01e-04	0.00e+00	0.00e+00	0.00e+00	0.00e+00	0.00e+00	1.27e-105
 1.57227e+13	7.00e-31	1.52e-22	4.43e-15	2.14e-08	4.43e-01	5.56e-01	8.13e-04	0.00e+00	0.00e+00	0.00e+00	0.00e+00	0.00e+00	1.11e-89
 1.62822e+13	9.60e-31	1.96e-22	5.37e-15	2.42e-08	4.62e-01	5.37e-01	7.26e-04	0.00e+00	0.00e+00	0.00e+00	0.00e+00	0.00e+00	7.25e-105
 1.68071e+13	1.28e-30	2.47e-22	6.38e-15	2.70e-08	4.80e-01	5.19e-01	6.54e-04	0.00e+00	0.00e+00	0.00e+00	0.00e+00	0.00e+00	4.53e-89
 1.73813e+13	1.72e-30	3.13e-22	7.65e-15	3.02e-08	4.99e-01	5.01e-01	5.86e-04	0.00e+00	0.00e+00	0.00e+00	0.00e+00	0.00e+00	3.89e-104
 1.80248e+13	2.37e-30	4.05e-22	9.28e-15	3.41e-08	5.19e-01	4.80e-01	5.19e-04	0.00e+00	0.00e+00	0.00e+00	0.00e+00	0.00e+00	1.97e-88
 1.86359e+13	3.18e-30	5.12e-22	1.11e-14	3.80e-08	5.38e-01	4.62e-01	4.64e-04	0.00e+00	0.00e+00	0.00e+00	0.00e+00	0.00e+00	2.32e-103
 1.93075e+13	4.32e-30	6.54e-22	1.33e-14	4.26e-08	5.57e-01	4.42e-01	4.12e-04	0.00e+00	0.00e+00	0.00e+00	0.00e+00	0.00e+00	8.31e-88
 2.00593e+13	6.02e-30	8.51e-22	1.62e-14	4.81e-08	5.78e-01	4.22e-01	3.61e-04	0.00e+00	0.00e+00	0.00e+00	0.00e+00	0.00e+00	1.52e-102
 2.07728e+13	8.13e-30	1.08e-21	1.94e-14	5.37e-08	5.97e-01	4.03e-01	3.20e-04	0.00e+00	0.00e+00	0.00e+00	0.00e+00	0.00e+00	3.81e-87
 2.14315e+13	1.06e-29	1.34e-21	2.27e-14	5.91e-08	6.13e-01	3.87e-01	2.87e-04	0.00e+00	0.00e+00	0.00e+00	0.00e+00	0.00e+00	8.15e-102
 2.21614e+13	1.41e-29	1.67e-21	2.68e-14	6.54e-08	6.30e-01	3.69e-01	2.55e-04	0.00e+00	0.00e+00	0.00e+00	0.00e+00	0.00e+00	1.46e-86
 2.29805e+13	1.92e-29	2.13e-21	3.21e-14	7.29e-08	6.49e-01	3.51e-01	2.24e-04	0.00e+00	0.00e+00	0.00e+00	0.00e+00	0.00e+00	4.78e-101
 2.37562e+13	2.53e-29	2.66e-21	3.78e-14	8.04e-08	6.65e-01	3.35e-01	1.99e-04	0.00e+00	0.00e+00	0.00e+00	0.00e+00	0.00e+00	6.15e-86
 2.46048e+13	3.39e-29	3.35e-21	4.49e-14	8.90e-08	6.82e-01	3.18e-01	1.75e-04	0.00e+00	0.00e+00	0.00e+00	0.00e+00	0.00e+00	2.69e-100
 2.55434e+13	4.63e-29	4.28e-21	5.37e-14	9.90e-08	6.99e-01	3.01e-01	1.53e-04	0.00e+00	0.00e+00	0.00e+00	0.00e+00	0.00e+00	2.76e-85
 2.64141e+13	6.11e-29	5.33e-21	6.31e-14	1.09e-07	7.14e-01	2.85e-01	1.35e-04	0.00e+00	0.00e+00	0.00e+00	0.00e+00	0.00e+00	1.61e-99
 2.73612e+13	8.17e-29	6.69e-21	7.45e-14	1.20e-07	7.30e-01	2.70e-01	1.18e-04	0.00e+00	0.00e+00	0.00e+00	0.00e+00	0.00e+00	1.14e-84
 2.84210e+13	1.12e-28	8.54e-21	8.91e-14	1.33e-07	7.46e-01	2.54e-01	1.03e-04	0.00e+00	0.00e+00	0.00e+00	0.00e+00	0.00e+00	1.02e-98
 2.94226e+13	1.48e-28	1.07e-20	1.05e-13	1.46e-07	7.59e-01	2.41e-01	9.02e-05	0.00e+00	0.00e+00	0.00e+00	0.00e+00	0.00e+00	5.10e-84
 3.05127e+13	1.99e-28	1.34e-20	1.24e-13	1.61e-07	7.73e-01	2.27e-01	7.87e-05	0.00e+00	0.00e+00	0.00e+00	0.00e+00	0.00e+00	6.10e-98
 3.17272e+13	2.73e-28	1.72e-20	1.48e-13	1.78e-07	7.88e-01	2.12e-01	6.78e-05	0.00e+00	0.00e+00	0.00e+00	0.00e+00	0.00e+00	2.41e-83
 3.28813e+13	3.64e-28	2.15e-20	1.74e-13	1.96e-07	8.00e-01	2.00e-01	5.92e-05	0.00e+00	0.00e+00	0.00e+00	0.00e+00	0.00e+00	3.99e-97
 3.41174e+13	4.90e-28	2.71e-20	2.05e-13	2.15e-07	8.12e-01	1.87e-01	5.14e-05	0.00e+00	0.00e+00	0.00e+00	0.00e+00	0.00e+00	1.08e-82
 3.55120e+13	6.75e-28	3.48e-20	2.46e-13	2.38e-07	8.25e-01	1.75e-01	4.40e-05	0.00e+00	0.00e+00	0.00e+00	0.00e+00	0.00e+00	2.77e-96
 3.68929e+13	9.16e-28	4.41e-20	2.91e-13	2.61e-07	8.36e-01	1.63e-01	3.80e-05	0.00e+00	0.00e+00	0.00e+00	0.00e+00	0.00e+00	5.44e-82
 3.83289e+13	1.24e-27	5.58e-20	3.44e-13	2.87e-07	8.47e-01	1.53e-01	3.28e-05	0.00e+00	0.00e+00	0.00e+00	0.00e+00	0.00e+00	1.89e-95
 3.98920e+13	1.71e-27	7.14e-20	4.11e-13	3.16e-07	8.58e-01	1.42e-01	2.80e-05	0.00e+00	0.00e+00	0.00e+00	0.00e+00	0.00e+00	2.75e-81
 4.15176e+13	2.34e-27	9.13e-20	4.88e-13	3.48e-07	8.68e-01	1.32e-01	2.40e-05	0.00e+00	0.00e+00	0.00e+00	0.00e+00	0.00e+00	1.42e-94
 4.32082e+13	3.22e-27	1.17e-19	5.80e-13	3.83e-07	8.77e-01	1.23e-01	2.05e-05	0.00e+00	0.00e+00	0.00e+00	0.00e+00	0.00e+00	1.44e-80
 4.48682e+13	4.34e-27	1.47e-19	6.82e-13	4.18e-07	8.85e-01	1.15e-01	1.77e-05	0.00e+00	0.00e+00	0.00e+00	0.00e+00	0.00e+00	1.00e-93
 4.64146e+13	5.67e-27	1.80e-19	7.89e-13	4.53e-07	8.92e-01	1.08e-01	1.55e-05	0.00e+00	0.00e+00	0.00e+00	0.00e+00	0.00e+00	6.41e-80
 4.81212e+13	7.55e-27	2.24e-19	9.20e-13	4.92e-07	8.99e-01	1.01e-01	1.34e-05	0.00e+00	0.00e+00	0.00e+00	0.00e+00	0.00e+00	5.87e-93
 4.98721e+13	1.00e-26	2.79e-19	1.07e-12	5.34e-07	9.06e-01	9.41e-02	1.17e-05	0.00e+00	0.00e+00	0.00e+00	0.00e+00	0.00e+00	2.89e-79
 5.13397e+13	1.26e-26	3.32e-19	1.21e-12	5.70e-07	9.11e-01	8.91e-02	1.04e-05	0.00e+00	0.00e+00	0.00e+00	0.00e+00	0.00e+00	3.02e-92
 5.28919e+13	1.59e-26	3.98e-19	1.37e-12	6.09e-07	9.16e-01	8.43e-02	9.25e-06	0.00e+00	0.00e+00	0.00e+00	0.00e+00	0.00e+00	9.95e-79
 5.48595e+13	2.13e-26	4.96e-19	1.60e-12	6.61e-07	9.21e-01	7.86e-02	8.01e-06	0.00e+00	0.00e+00	0.00e+00	0.00e+00	0.00e+00	1.62e-91
 5.69125e+13	2.84e-26	6.19e-19	1.86e-12	7.17e-07	9.27e-01	7.33e-02	6.92e-06	0.00e+00	0.00e+00	0.00e+00	0.00e+00	0.00e+00	4.66e-78
 5.87384e+13	3.65e-26	7.49e-19	2.13e-12	7.69e-07	9.31e-01	6.91e-02	6.11e-06	0.00e+00	0.00e+00	0.00e+00	0.00e+00	0.00e+00	9.23e-91
 6.07240e+13	4.74e-26	9.15e-19	2.44e-12	8.26e-07	9.35e-01	6.48e-02	5.36e-06	0.00e+00	0.00e+00	0.00e+00	0.00e+00	0.00e+00	1.85e-77
 6.29339e+13	6.29e-26	1.13e-18	2.83e-12	8.94e-07	9.39e-01	6.05e-02	4.65e-06	0.00e+00	0.00e+00	0.00e+00	0.00e+00	0.00e+00	5.34e-90
 6.49958e+13	8.11e-26	1.38e-18	3.23e-12	9.58e-07	9.43e-01	5.69e-02	4.10e-06	0.00e+00	0.00e+00	0.00e+00	0.00e+00	0.00e+00	7.84e-77
 6.72367e+13	1.06e-25	1.69e-18	3.71e-12	1.03e-06	9.47e-01	5.33e-02	3.59e-06	0.00e+00	0.00e+00	0.00e+00	0.00e+00	0.00e+00	2.89e-89
 6.97356e+13	1.42e-25	2.10e-18	4.31e-12	1.11e-06	9.50e-01	4.97e-02	3.10e-06	0.00e+00	0.00e+00	0.00e+00	0.00e+00	0.00e+00	3.52e-76
 7.20762e+13	1.84e-25	2.56e-18	4.94e-12	1.19e-06	9.53e-01	4.66e-02	2.72e-06	0.00e+00	0.00e+00	0.00e+00	0.00e+00	0.00e+00	7.15e-76
 7.46250e+13	2.42e-25	3.15e-18	5.69e-12	1.28e-06	9.56e-01	4.36e-02	2.38e-06	0.00e+00	0.00e+00	0.00e+00	0.00e+00	0.00e+00	1.51e-75
 7.74702e+13	3.26e-25	3.95e-18	6.63e-12	1.39e-06	9.59e-01	4.05e-02	2.05e-06	0.00e+00	0.00e+00	0.00e+00	0.00e+00	0.00e+00	3.37e-75
 8.01438e+13	4.26e-25	4.84e-18	7.60e-12	1.49e-06	9.62e-01	3.80e-02	1.79e-06	0.00e+00	0.00e+00	0.00e+00	0.00e+00	0.00e+00	7.00e-75
 8.30559e+13	5.66e-25	5.99e-18	8.79e-12	1.61e-06	9.65e-01	3.54e-02	1.56e-06	0.00e+00	0.00e+00	0.00e+00	0.00e+00	0.00e+00	1.52e-74
 8.63133e+13	7.68e-25	7.54e-18	1.03e-11	1.74e-06	9.67e-01	3.29e-02	1.34e-06	0.00e+00	0.00e+00	0.00e+00	0.00e+00	0.00e+00	3.47e-74
 8.94004e+13	1.01e-24	9.31e-18	1.18e-11	1.87e-06	9.69e-01	3.07e-02	1.16e-06	0.00e+00	0.00e+00	0.00e+00	0.00e+00	0.00e+00	7.43e-74
 9.27058e+13	1.35e-24	1.16e-17	1.37e-11	2.02e-06	9.71e-01	2.86e-02	1.01e-06	0.00e+00	0.00e+00	0.00e+00	0.00e+00	0.00e+00	1.63e-73
 9.64439e+13	1.85e-24	1.47e-17	1.61e-11	2.19e-06	9.74e-01	2.65e-02	8.62e-07	0.00e+00	0.00e+00	0.00e+00	0.00e+00	0.00e+00	3.84e-73
 1.00126e+14	2.50e-24	1.83e-17	1.87e-11	2.36e-06	9.75e-01	2.46e-02	0.00e+00	0.00e+00	0.00e+00	0.00e+00	0.00e+00	0.00e+00	8.65e-73
 1.03956e+14	3.36e-24	2.30e-17	2.17e-11	2.55e-06	9.77e-01	2.29e-02	0.00e+00	0.00e+00	0.00e+00	0.00e+00	0.00e+00	0.00e+00	1.95e-72
 1.08144e+14	4.60e-24	2.91e-17	2.55e-11	2.77e-06	9.79e-01	2.12e-02	0.00e+00	0.00e+00	0.00e+00	0.00e+00	0.00e+00	0.00e+00	4.60e-72
 1.12405e+14	6.25e-24	3.66e-17	2.98e-11	3.00e-06	9.80e-01	1.96e-02	0.00e+00	0.00e+00	0.00e+00	0.00e+00	0.00e+00	0.00e+00	1.06e-71
 1.16836e+14	8.50e-24	4.62e-17	3.48e-11	3.24e-06	9.82e-01	1.82e-02	0.00e+00	0.00e+00	0.00e+00	0.00e+00	1.48e-17	3.14e-17	2.46e-71
 1.21267e+14	1.14e-23	5.77e-17	4.04e-11	3.50e-06	9.83e-01	1.69e-02	0.00e+00	0.00e+00	0.00e+00	0.00e+00	1.91e-17	3.85e-17	5.51e-71
 1.25463e+14	1.49e-23	7.06e-17	4.63e-11	3.75e-06	9.84e-01	1.58e-02	0.00e+00	0.00e+00	0.00e+00	0.00e+00	2.34e-17	4.72e-17	1.15e-70
 1.30099e+14	1.99e-23	8.77e-17	5.36e-11	4.04e-06	9.85e-01	1.47e-02	0.00e+00	0.00e+00	0.00e+00	0.00e+00	2.91e-17	5.86e-17	2.53e-70
 1.34743e+14	2.63e-23	1.08e-16	6.17e-11	4.34e-06	9.86e-01	1.37e-02	0.00e+00	0.00e+00	0.00e+00	0.00e+00	3.59e-17	7.22e-17	5.39e-70
 1.38600e+14	3.29e-23	1.28e-16	6.91e-11	4.59e-06	9.87e-01	1.30e-02	0.00e+00	0.00e+00	0.00e+00	0.00e+00	4.25e-17	8.55e-17	9.93e-70
 1.42692e+14	4.14e-23	1.52e-16	7.77e-11	4.87e-06	9.88e-01	1.22e-02	0.00e+00	0.00e+00	0.00e+00	0.00e+00	5.05e-17	1.02e-16	1.86e-69
 1.47920e+14	5.50e-23	1.89e-16	8.98e-11	5.25e-06	9.89e-01	1.14e-02	0.00e+00	0.00e+00	0.00e+00	0.00e+00	6.26e-17	1.26e-16	4.04e-69
 1.53405e+14	7.33e-23	2.34e-16	1.04e-10	5.66e-06	9.89e-01	1.06e-02	0.00e+00	0.00e+00	0.00e+00	0.00e+00	7.78e-17	1.57e-16	8.92e-69
 1.58263e+14	9.38e-23	2.82e-16	1.18e-10	6.03e-06	9.90e-01	9.94e-03	0.00e+00	0.00e+00	0.00e+00	0.00e+00	9.36e-17	1.89e-16	1.74e-68
 1.63522e+14	1.21e-22	3.43e-16	1.35e-10	6.45e-06	9.91e-01	9.31e-03	0.00e+00	0.00e+00	0.00e+00	0.00e+00	1.14e-16	2.29e-16	3.50e-68
 1.69840e+14	1.63e-22	4.29e-16	1.57e-10	6.97e-06	9.91e-01	8.62e-03	0.00e+00	0.00e+00	0.00e+00	0.00e+00	1.43e-16	2.87e-16	7.89e-68
 1.76239e+14	2.19e-22	5.35e-16	1.82e-10	7.52e-06	9.92e-01	8.00e-03	0.00e+00	0.00e+00	0.00e+00	0.00e+00	1.78e-16	3.58e-16	1.74e-67
 1.82239e+14	2.85e-22	6.53e-16	2.09e-10	8.06e-06	9.93e-01	7.48e-03	0.00e+00	0.00e+00	0.00e+00	0.00e+00	2.17e-16	4.37e-16	3.58e-67
 1.88903e+14	3.78e-22	8.09e-16	2.41e-10	8.68e-06	9.93e-01	6.95e-03	0.00e+00	0.00e+00	0.00e+00	0.00e+00	2.68e-16	5.41e-16	7.70e-67
 1.95959e+14	5.04e-22	1.01e-15	2.80e-10	9.36e-06	9.94e-01	6.45e-03	0.00e+00	0.00e+00	0.00e+00	0.00e+00	3.34e-16	6.73e-16	1.69e-66
 2.02232e+14	6.45e-22	1.21e-15	3.18e-10	9.99e-06	9.94e-01	6.05e-03	0.00e+00	0.00e+00	0.00e+00	0.00e+00	4.03e-16	8.11e-16	3.31e-66
 2.08983e+14	8.35e-22	1.48e-15	3.63e-10	1.07e-05	9.94e-01	5.66e-03	0.00e+00	0.00e+00	0.00e+00	0.00e+00	4.90e-16	9.86e-16	6.66e-66
 2.17070e+14	1.12e-21	1.85e-15	4.24e-10	1.16e-05	9.95e-01	5.24e-03	0.00e+00	0.00e+00	0.00e+00	0.00e+00	6.13e-16	1.24e-15	1.50e-65
 2.25029e+14	1.49e-21	2.29e-15	4.90e-10	1.25e-05	9.95e-01	4.86e-03	0.00e+00	0.00e+00	0.00e+00	0.00e+00	7.60e-16	1.53e-15	3.22e-65
 2.32122e+14	1.90e-21	2.76e-15	5.56e-10	1.33e-05	9.95e-01	4.56e-03	0.00e+00	0.00e+00	0.00e+00	0.00e+00	9.14e-16	1.84e-15	6.24e-65
 2.39952e+14	2.47e-21	3.36e-15	6.36e-10	1.43e-05	9.96e-01	4.26e-03	0.00e+00	0.00e+00	0.00e+00	0.00e+00	1.11e-15	2.24e-15	1.26e-64
 2.49280e+14	3.32e-21	4.21e-15	7.43e-10	1.54e-05	9.96e-01	3.94e-03	0.00e+00	0.00e+00	0.00e+00	0.00e+00	1.40e-15	2.81e-15	2.84e-64
 2.58535e+14	4.42e-21	5.22e-15	8.61e-10	1.67e-05	9.96e-01	3.66e-03	0.00e+00	0.00e+00	0.00e+00	0.00e+00	1.73e-15	3.49e-15	6.16e-64
 2.66999e+14	5.69e-21	6.33e-15	9.81e-10	1.78e-05	9.97e-01	3.42e-03	0.00e+00	0.00e+00	0.00e+00	0.00e+00	2.10e-15	4.23e-15	1.22e-63
 2.76456e+14	7.46e-21	7.77e-15	1.13e-09	1.91e-05	9.97e-01	3.19e-03	0.00e+00	0.00e+00	0.00e+00	0.00e+00	2.58e-15	5.20e-15	2.56e-63
 2.87452e+14	1.01e-20	9.80e-15	1.32e-09	2.08e-05	9.97e-01	2.94e-03	0.00e+00	0.00e+00	0.00e+00	0.00e+00	3.25e-15	6.55e-15	5.86e-63
 2.98249e+14	1.35e-20	1.22e-14	1.54e-09	2.24e-05	9.97e-01	2.73e-03	0.00e+00	0.00e+00	0.00e+00	0.00e+00	4.04e-15	8.15e-15	1.28e-62
 3.08469e+14	1.76e-20	1.49e-14	1.76e-09	2.40e-05	9.97e-01	2.54e-03	0.00e+00	0.00e+00	0.00e+00	0.00e+00	4.93e-15	9.95e-15	2.63e-62
 3.19829e+14	2.33e-20	1.84e-14	2.04e-09	2.59e-05	9.98e-01	2.36e-03	0.00e+00	0.00e+00	0.00e+00	0.00e+00	6.11e-15	1.23e-14	5.67e-62
 3.32652e+14	3.17e-20	2.33e-14	2.39e-09	2.81e-05	9.98e-01	2.18e-03	0.00e+00	0.00e+00	0.00e+00	0.00e+00	7.70e-15	1.56e-14	1.31e-61
 3.44823e+14	4.20e-20	2.88e-14	2.76e-09	3.02e-05	9.98e-01	2.02e-03	0.00e+00	0.00e+00	0.00e+00	0.00e+00	9.53e-15	1.93e-14	2.82e-61
 3.55912e+14	5.37e-20	3.47e-14	3.14e-09	3.23e-05	9.98e-01	1.90e-03	0.00e+00	0.00e+00	0.00e+00	0.00e+00	1.15e-14	2.32e-14	5.53e-61
 3.68457e+14	7.04e-20	4.26e-14	3.61e-09	3.47e-05	9.98e-01	1.77e-03	0.00e+00	0.00e+00	0.00e+00	0.00e+00	1.41e-14	2.85e-14	1.16e-60
 3.83073e+14	9.55e-20	5.37e-14	4.22e-09	3.76e-05	9.98e-01	1.63e-03	0.00e+00	0.00e+00	0.00e+00	0.00e+00	1.78e-14	3.59e-14	2.66e-60
 3.97096e+14	1.27e-19	6.64e-14	4.88e-09	4.04e-05	9.98e-01	1.52e-03	0.00e+00	0.00e+00	0.00e+00	0.00e+00	2.20e-14	4.44e-14	5.74e-60
 4.09795e+14	1.62e-19	8.00e-14	5.54e-09	4.31e-05	9.99e-01	1.42e-03	0.00e+00	0.00e+00	0.00e+00	0.00e+00	2.65e-14	5.35e-14	1.13e-59
 4.21757e+14	2.03e-19	9.49e-14	6.22e-09	4.57e-05	9.99e-01	1.34e-03	0.00e+00	0.00e+00	0.00e+00	0.00e+00	3.14e-14	6.35e-14	2.09e-59
 4.35005e+14	2.58e-19	1.14e-13	7.04e-09	4.87e-05	9.99e-01	1.26e-03	0.00e+00	0.00e+00	0.00e+00	0.00e+00	3.77e-14	7.62e-14	4.05e-59
 4.49815e+14	3.36e-19	1.39e-13	8.05e-09	5.22e-05	9.99e-01	1.17e-03	0.00e+00	0.00e+00	0.00e+00	0.00e+00	4.59e-14	9.30e-14	8.30e-59
 4.63811e+14	4.27e-19	1.67e-13	9.11e-09	5.56e-05	9.99e-01	1.10e-03	0.00e+00	0.00e+00	0.00e+00	0.00e+00	5.51e-14	1.12e-13	1.60e-58
 4.79159e+14	5.51e-19	2.02e-13	1.04e-08	5.94e-05	9.99e-01	1.03e-03	0.00e+00	0.00e+00	0.00e+00	0.00e+00	6.68e-14	1.35e-13	3.23e-58
 4.96346e+14	7.27e-19	2.49e-13	1.20e-08	6.38e-05	9.99e-01	9.61e-04	0.00e+00	0.00e+00	0.00e+00	0.00e+00	8.23e-14	1.67e-13	6.89e-58
 5.12559e+14	9.36e-19	3.02e-13	1.36e-08	6.81e-05	9.99e-01	9.00e-04	0.00e+00	0.00e+00	0.00e+00	0.00e+00	9.96e-14	2.02e-13	1.38e-57
 5.30273e+14	1.22e-18	3.69e-13	1.56e-08	7.30e-05	9.99e-01	8.39e-04	0.00e+00	0.00e+00	0.00e+00	0.00e+00	1.22e-13	2.47e-13	2.87e-57
 5.49854e+14	1.63e-18	4.58e-13	1.81e-08	7.87e-05	9.99e-01	7.79e-04	0.00e+00	0.00e+00	0.00e+00	0.00e+00	1.51e-13	3.07e-13	6.26e-57
 5.67942e+14	2.10e-18	5.55e-13	2.06e-08	8.40e-05	9.99e-01	7.30e-04	0.00e+00	0.00e+00	0.00e+00	0.00e+00	1.83e-13	3.72e-13	1.26e-56
 5.87533e+14	2.73e-18	6.78e-13	2.36e-08	9.01e-05	9.99e-01	6.81e-04	0.00e+00	0.00e+00	0.00e+00	0.00e+00	2.24e-13	4.54e-13	2.61e-56
 6.09426e+14	3.64e-18	8.42e-13	2.73e-08	9.71e-05	9.99e-01	6.32e-04	0.00e+00	0.00e+00	0.00e+00	0.00e+00	2.78e-13	5.65e-13	5.75e-56
 6.29992e+14	4.73e-18	1.03e-12	3.12e-08	1.04e-04	9.99e-01	5.90e-04	0.00e+00	0.00e+00	0.00e+00	0.00e+00	3.38e-13	6.88e-13	1.18e-55
 6.52407e+14	6.21e-18	1.26e-12	3.59e-08	1.12e-04	9.99e-01	5.49e-04	0.00e+00	0.00e+00	0.00e+00	0.00e+00	4.16e-13	8.45e-13	2.49e-55
 6.77339e+14	8.33e-18	1.58e-12	4.17e-08	1.20e-04	9.99e-01	5.09e-04	0.00e+00	0.00e+00	0.00e+00	0.00e+00	5.19e-13	1.06e-12	5.60e-55
 7.00644e+14	1.08e-17	1.92e-12	4.78e-08	1.29e-04	9.99e-01	4.74e-04	0.00e+00	0.00e+00	0.00e+00	0.00e+00	6.34e-13	1.29e-12	1.16e-54
 7.25935e+14	1.43e-17	2.37e-12	5.52e-08	1.39e-04	9.99e-01	4.41e-04	0.00e+00	0.00e+00	0.00e+00	0.00e+00	7.81e-13	1.59e-12	2.48e-54
 7.54215e+14	1.92e-17	2.97e-12	6.43e-08	1.50e-04	9.99e-01	4.07e-04	0.00e+00	0.00e+00	0.00e+00	0.00e+00	9.78e-13	1.99e-12	5.61e-54
 7.81084e+14	2.53e-17	3.66e-12	7.41e-08	1.62e-04	9.99e-01	3.79e-04	0.00e+00	0.00e+00	0.00e+00	0.00e+00	1.20e-12	2.45e-12	1.19e-53
 8.09815e+14	3.33e-17	4.52e-12	8.57e-08	1.74e-04	9.99e-01	3.51e-04	0.00e+00	0.00e+00	0.00e+00	0.00e+00	1.48e-12	3.03e-12	2.55e-53
 8.42237e+14	4.53e-17	5.70e-12	1.00e-07	1.89e-04	9.99e-01	3.24e-04	0.00e+00	3.75e-18	1.13e-17	1.89e-17	1.87e-12	3.82e-12	5.95e-53
 8.74212e+14	6.02e-17	7.08e-12	1.17e-07	2.04e-04	9.99e-01	2.99e-04	0.00e+00	4.99e-18	1.50e-17	2.51e-17	2.33e-12	4.76e-12	1.31e-52
 9.07465e+14	8.01e-17	8.81e-12	1.36e-07	2.21e-04	1.00e+00	2.77e-04	0.00e+00	6.64e-18	2.00e-17	3.34e-17	2.89e-12	5.92e-12	2.88e-52
 9.42754e+14	1.07e-16	1.10e-11	1.58e-07	2.40e-04	1.00e+00	2.55e-04	0.00e+00	8.89e-18	2.67e-17	4.47e-17	3.61e-12	7.40e-12	6.45e-52
 9.72288e+14	1.35e-16	1.32e-11	1.80e-07	2.56e-04	1.00e+00	2.39e-04	0.00e+00	1.12e-17	3.38e-17	5.65e-17	4.32e-12	8.86e-12	1.24e-51
 9.95050e+14	1.61e-16	1.51e-11	1.97e-07	2.69e-04	1.00e+00	2.28e-04	0.00e+00	1.34e-17	4.02e-17	6.73e-17	4.94e-12	1.01e-11	2.01e-51
 1.01968e+15	1.94e-16	1.74e-11	2.18e-07	2.83e-04	1.00e+00	2.16e-04	0.00e+00	1.61e-17	4.84e-17	8.09e-17	5.70e-12	1.17e-11	3.34e-51
 1.05170e+15	2.44e-16	2.08e-11	2.47e-07	3.03e-04	9.99e-01	2.02e-04	0.00e+00	2.03e-17	6.10e-17	1.02e-16	6.81e-12	1.40e-11	6.37e-51
 1.08650e+15	3.12e-16	2.51e-11	2.82e-07	3.25e-04	9.99e-01	1.88e-04	0.00e+00	2.59e-17	7.79e-17	1.30e-16	8.22e-12	1.69e-11	1.25e-50
 1.11798e+15	3.85e-16	2.96e-11	3.17e-07	3.46e-04	9.99e-01	1.77e-04	0.00e+00	3.21e-17	9.63e-17	1.61e-16	9.68e-12	1.99e-11	2.26e-50
 1.15199e+15	4.81e-16	3.51e-11	3.59e-07	3.69e-04	9.99e-01	1.66e-04	0.00e+00	4.00e-17	1.20e-16	2.01e-16	1.15e-11	2.36e-11	4.20e-50
 1.19465e+15	6.29e-16	4.33e-11	4.16e-07	4.00e-04	9.99e-01	1.53e-04	0.00e+00	5.23e-17	1.57e-16	2.63e-16	1.42e-11	2.91e-11	8.91e-50
 1.23755e+15	8.13e-16	5.29e-11	4.81e-07	4.32e-04	9.99e-01	1.42e-04	0.00e+00	6.78e-17	2.04e-16	3.41e-16	1.73e-11	3.56e-11	1.84e-49
 1.27407e+15	1.01e-15	6.25e-11	5.42e-07	4.61e-04	9.99e-01	1.33e-04	0.00e+00	8.38e-17	2.52e-16	4.21e-16	2.04e-11	4.20e-11	3.35e-49
 1.31332e+15	1.25e-15	7.41e-11	6.13e-07	4.93e-04	9.99e-01	1.25e-04	0.00e+00	1.04e-16	3.13e-16	5.23e-16	2.42e-11	4.98e-11	6.16e-49
 1.36223e+15	1.62e-15	9.11e-11	7.12e-07	5.35e-04	9.99e-01	1.15e-04	0.00e+00	1.35e-16	4.07e-16	6.81e-16	2.98e-11	6.13e-11	1.30e-48
 1.41262e+15	2.10e-15	1.12e-10	8.27e-07	5.81e-04	9.99e-01	1.06e-04	0.00e+00	1.76e-16	5.28e-16	8.83e-16	3.65e-11	7.52e-11	2.73e-48
 1.45744e+15	2.62e-15	1.33e-10	9.39e-07	6.23e-04	9.99e-01	9.89e-05	0.00e+00	2.19e-16	6.58e-16	1.10e-15	4.35e-11	8.95e-11	5.14e-48
 1.50612e+15	3.29e-15	1.60e-10	1.07e-06	6.71e-04	9.99e-01	9.18e-05	0.00e+00	2.75e-16	8.27e-16	1.38e-15	5.22e-11	1.07e-10	9.93e-48
 1.56431e+15	4.29e-15	1.97e-10	1.25e-06	7.31e-04	9.99e-01	8.44e-05	0.00e+00	3.59e-16	1.08e-15	1.81e-15	6.44e-11	1.33e-10	2.15e-47
 1.62171e+15	5.49e-15	2.40e-10	1.45e-06	7.94e-04	9.99e-01	7.78e-05	0.00e+00	4.61e-16	1.38e-15	2.31e-15	7.86e-11	1.62e-10	4.44e-47
 1.67322e+15	6.79e-15	2.85e-10	1.65e-06	8.52e-04	9.99e-01	7.25e-05	0.00e+00	5.70e-16	1.71e-15	2.86e-15	9.32e-11	1.92e-10	8.32e-47
 1.73027e+15	8.54e-15	3.43e-10	1.89e-06	9.20e-04	9.99e-01	6.72e-05	0.00e+00	7.18e-16	2.16e-15	3.61e-15	1.12e-10	2.31e-10	1.64e-46
 1.79779e+15	1.10e-14	4.22e-10	2.21e-06	1.00e-03	9.99e-01	6.17e-05	0.00e+00	9.30e-16	2.79e-15	4.67e-15	1.38e-10	2.84e-10	3.55e-46
 1.86457e+15	1.41e-14	5.15e-10	2.56e-06	1.09e-03	9.99e-01	5.68e-05	0.00e+00	1.19e-15	3.57e-15	5.97e-15	1.68e-10	3.47e-10	7.42e-46
 1.92614e+15	1.75e-14	6.14e-10	2.92e-06	1.18e-03	9.99e-01	5.28e-05	0.00e+00	1.48e-15	4.44e-15	7.42e-15	2.01e-10	4.13e-10	1.43e-45
 1.99528e+15	2.21e-14	7.43e-10	3.37e-06	1.28e-03	9.99e-01	4.87e-05	0.00e+00	1.87e-15	5.62e-15	9.39e-15	2.43e-10	5.00e-10	2.92e-45
 2.07506e+15	2.76e-14	9.18e-10	3.95e-06	1.40e-03	9.99e-01	4.46e-05	0.00e+00	2.34e-15	7.02e-15	1.17e-14	3.00e-10	6.17e-10	6.39e-45
 2.15306e+15	3.50e-14	1.12e-09	4.59e-06	1.52e-03	9.98e-01	4.10e-05	0.00e+00	2.96e-15	8.90e-15	1.49e-14	3.66e-10	7.53e-10	1.35e-44
 2.22761e+15	4.34e-14	1.34e-09	5.26e-06	1.64e-03	9.98e-01	3.80e-05	0.00e+00	3.68e-15	1.11e-14	1.85e-14	4.40e-10	9.04e-10	2.71e-44
 2.31019e+15	5.47e-14	1.63e-09	6.09e-06	1.79e-03	9.98e-01	3.50e-05	0.00e+00	4.65e-15	1.40e-14	2.33e-14	5.35e-10	1.10e-09	5.69e-44
 2.38791e+15	6.72e-14	1.95e-09	6.96e-06	1.93e-03	9.98e-01	3.25e-05	0.00e+00	5.71e-15	1.72e-14	2.87e-14	6.38e-10	1.31e-09	1.12e-43
 2.44638e+15	7.82e-14	2.22e-09	7.66e-06	2.04e-03	9.98e-01	3.08e-05	0.00e+00	6.66e-15	2.00e-14	3.34e-14	7.27e-10	1.49e-09	1.83e-43
 2.50631e+15	9.09e-14	2.52e-09	8.44e-06	2.15e-03	9.98e-01	2.92e-05	0.00e+00	7.74e-15	2.33e-14	3.89e-14	8.27e-10	1.70e-09	3.01e-43
 2.58423e+15	1.10e-13	2.98e-09	9.55e-06	2.31e-03	9.98e-01	2.72e-05	0.00e+00	9.37e-15	2.81e-14	4.70e-14	9.75e-10	2.00e-09	5.66e-43
 2.66820e+15	1.34e-13	3.53e-09	1.09e-05	2.49e-03	9.97e-01	2.54e-05	0.00e+00	1.14e-14	3.43e-14	5.73e-14	1.16e-09	2.37e-09	1.11e-42
 2.74339e+15	1.58e-13	4.09e-09	1.21e-05	2.65e-03	9.97e-01	2.39e-05	0.00e+00	1.35e-14	4.06e-14	6.79e-14	1.34e-09	2.75e-09	1.96e-42
 2.82452e+15	1.89e-13	4.78e-09	1.36e-05	2.83e-03	9.97e-01	2.24e-05	0.00e+00	1.62e-14	4.87e-14	8.13e-14	1.57e-09	3.21e-09	3.63e-42
 2.92779e+15	2.36e-13	5.81e-09	1.57e-05	3.08e-03	9.97e-01	2.07e-05	0.00e+00	2.02e-14	6.06e-14	1.01e-13	1.91e-09	3.90e-09	7.83e-42
 3.03213e+15	2.90e-13	7.00e-09	1.81e-05	3.33e-03	9.97e-01	1.91e-05	0.00e+00	2.49e-14	7.48e-14	1.25e-13	2.30e-09	4.71e-09	1.65e-41
 3.11970e+15	3.44e-13	8.15e-09	2.03e-05	3.56e-03	9.96e-01	1.80e-05	0.00e+00	2.96e-14	8.88e-14	1.48e-13	2.68e-09	5.48e-09	3.01e-41
 3.21322e+15	4.11e-13	9.56e-09	2.28e-05	3.80e-03	9.96e-01	1.69e-05	0.00e+00	3.53e-14	1.06e-13	1.77e-13	3.14e-09	6.42e-09	5.66e-41
 3.33142e+15	5.07e-13	1.16e-08	2.63e-05	4.14e-03	9.96e-01	1.56e-05	0.00e+00	4.36e-14	1.31e-13	2.19e-13	3.81e-09	7.78e-09	1.21e-40
 3.45510e+15	6.32e-13	1.41e-08	3.04e-05	4.49e-03	9.95e-01	1.44e-05	0.00e+00	5.45e-14	1.64e-13	2.73e-13	4.64e-09	9.48e-09	2.63e-40
 3.56657e+15	7.61e-13	1.68e-08	3.45e-05	4.83e-03	9.95e-01	1.35e-05	0.00e+00	6.57e-14	1.97e-13	3.30e-13	5.52e-09	1.13e-08	5.20e-40
 3.68876e+15	9.28e-13	2.01e-08	3.95e-05	5.21e-03	9.95e-01	1.26e-05	0.00e+00	8.02e-14	2.41e-13	4.02e-13	6.62e-09	1.35e-08	1.07e-39
 3.83299e+15	1.16e-12	2.48e-08	4.60e-05	5.69e-03	9.94e-01	1.16e-05	0.00e+00	1.00e-13	3.01e-13	5.03e-13	8.17e-09	1.67e-08	2.45e-39
 3.97400e+15	1.42e-12	3.02e-08	5.31e-05	6.17e-03	9.94e-01	1.08e-05	0.00e+00	1.23e-13	3.70e-13	6.19e-13	9.94e-09	2.03e-08	5.30e-39
 4.10246e+15	1.72e-12	3.59e-08	6.03e-05	6.63e-03	9.93e-01	1.01e-05	0.00e+00	1.49e-13	4.47e-13	7.47e-13	1.18e-08	2.41e-08	1.04e-38
 4.24647e+15	2.10e-12	4.33e-08	6.92e-05	7.17e-03	9.93e-01	9.47e-06	0.00e+00	1.82e-13	5.47e-13	9.13e-13	1.43e-08	2.91e-08	2.19e-38
 4.41444e+15	2.63e-12	5.36e-08	8.07e-05	7.83e-03	9.92e-01	8.78e-06	0.00e+00	2.28e-13	6.86e-13	1.15e-12	1.77e-08	3.59e-08	5.00e-38
 4.57986e+15	3.24e-12	6.56e-08	9.35e-05	8.51e-03	9.91e-01	8.19e-06	0.00e+00	2.82e-13	8.46e-13	1.41e-12	2.16e-08	4.40e-08	1.09e-37
 4.73580e+15	3.91e-12	7.90e-08	1.07e-04	9.18e-03	9.91e-01	7.70e-06	0.00e+00	3.41e-13	1.02e-12	1.71e-12	2.60e-08	5.29e-08	2.20e-37
 4.90915e+15	4.80e-12	9.63e-08	1.23e-04	9.96e-03	9.90e-01	7.21e-06	0.00e+00	4.19e-13	1.26e-12	2.10e-12	3.18e-08	6.45e-08	4.71e-37
 5.07423e+15	5.77e-12	1.15e-07	1.41e-04	1.07e-02	9.89e-01	6.80e-06	0.00e+00	5.04e-13	1.51e-12	2.53e-12	3.81e-08	7.74e-08	9.40e-37
 5.19722e+15	6.49e-12	1.32e-07	1.55e-04	1.13e-02	9.89e-01	6.54e-06	0.00e+00	5.68e-13	1.71e-12	2.85e-12	4.35e-08	8.83e-08	1.54e-36
 5.32188e+15	7.48e-12	1.50e-07	1.70e-04	1.20e-02	9.88e-01	6.28e-06	0.00e+00	6.54e-13	1.96e-12	3.28e-12	4.96e-08	1.01e-07	2.54e-36
 5.48394e+15	8.94e-12	1.78e-07	1.92e-04	1.28e-02	9.87e-01	5.96e-06	0.00e+00	7.84e-13	2.35e-12	3.93e-12	5.86e-08	1.19e-07	4.76e-36
 5.65979e+15	1.07e-11	2.11e-07	2.18e-04	1.37e-02	9.86e-01	5.66e-06	0.00e+00	9.40e-13	2.82e-12	4.71e-12	6.98e-08	1.42e-07	9.13e-36
 5.81784e+15	1.26e-11	2.46e-07	2.44e-04	1.46e-02	9.85e-01	5.42e-06	0.00e+00	1.10e-12	3.31e-12	5.53e-12	8.14e-08	1.65e-07	1.60e-35
 5.98759e+15	1.49e-11	2.89e-07	2.73e-04	1.56e-02	9.84e-01	5.19e-06	0.00e+00	1.31e-12	3.92e-12	6.55e-12	9.56e-08	1.94e-07	2.90e-35
 6.20521e+15	1.84e-11	3.54e-07	3.16e-04	1.69e-02	9.83e-01	4.92e-06	0.00e+00	1.62e-12	4.86e-12	8.11e-12	1.17e-07	2.37e-07	6.10e-35
 6.42457e+15	2.24e-11	4.30e-07	3.63e-04	1.83e-02	9.81e-01	4.69e-06	0.00e+00	1.97e-12	5.93e-12	9.90e-12	1.42e-07	2.88e-07	1.23e-34
 6.60512e+15	2.63e-11	5.02e-07	4.06e-04	1.95e-02	9.80e-01	4.52e-06	0.00e+00	2.32e-12	6.97e-12	1.16e-11	1.66e-07	3.36e-07	2.16e-34
 6.79573e+15	3.13e-11	5.91e-07	4.56e-04	2.08e-02	9.79e-01	4.35e-06	0.00e+00	2.77e-12	8.30e-12	1.39e-11	1.95e-07	3.95e-07	3.86e-34
 7.04155e+15	3.89e-11	7.23e-07	5.27e-04	2.25e-02	9.77e-01	4.14e-06	0.00e+00	3.44e-12	1.03e-11	1.72e-11	2.39e-07	4.84e-07	8.03e-34
 7.29857e+15	4.81e-11	8.85e-07	6.09e-04	2.45e-02	9.75e-01	3.96e-06	0.00e+00	4.25e-12	1.28e-11	2.13e-11	2.93e-07	5.92e-07	1.64e-33
 7.52160e+15	5.78e-11	1.05e-06	6.88e-04	2.62e-02	9.73e-01	3.84e-06	0.00e+00	5.12e-12	1.54e-11	2.57e-11	3.48e-07	7.03e-07	2.97e-33
 7.76103e+15	7.04e-11	1.26e-06	7.83e-04	2.81e-02	9.71e-01	3.71e-06	0.00e+00	6.24e-12	1.87e-11	3.13e-11	4.17e-07	8.43e-07	5.58e-33
 8.05430e+15	8.89e-11	1.56e-06	9.12e-04	3.07e-02	9.68e-01	3.57e-06	0.00e+00	7.88e-12	2.37e-11	3.95e-11	5.17e-07	1.04e-06	1.17e-32
 8.34390e+15	1.10e-10	1.90e-06	1.05e-03	3.33e-02	9.66e-01	3.43e-06	0.00e+00	9.74e-12	2.92e-11	4.88e-11	6.31e-07	1.27e-06	2.31e-32
 8.59390e+15	1.32e-10	2.26e-06	1.19e-03	3.57e-02	9.63e-01	3.35e-06	0.00e+00	1.18e-11	3.53e-11	5.89e-11	7.48e-07	1.51e-06	4.09e-32
 8.86609e+15	1.63e-10	2.71e-06	1.36e-03	3.83e-02	9.60e-01	3.26e-06	0.00e+00	1.45e-11	4.34e-11	7.24e-11	8.98e-07	1.81e-06	7.58e-32
 9.16766e+15	1.99e-10	3.28e-06	1.56e-03	4.15e-02	9.57e-01	3.15e-06	0.00e+00	1.78e-11	5.33e-11	8.90e-11	1.09e-06	2.20e-06	1.40e-31
 9.44929e+15	2.42e-10	3.91e-06	1.77e-03	4.45e-02	9.54e-01	3.08e-06	0.00e+00	2.16e-11	6.47e-11	1.08e-10	1.30e-06	2.61e-06	2.49e-31
 9.69409e+15	2.84e-10	4.53e-06	1.96e-03	4.73e-02	9.51e-01	3.02e-06	0.00e+00	2.54e-11	7.61e-11	1.27e-10	1.50e-06	3.03e-06	3.99e-31
 9.94917e+15	3.41e-10	5.29e-06	2.20e-03	5.03e-02	9.47e-01	2.96e-06	0.00e+00	3.04e-11	9.13e-11	1.52e-10	1.75e-06	3.53e-06	6.61e-31
 1.02292e+16	4.07e-10	6.22e-06	2.47e-03	5.38e-02	9.44e-01	2.91e-06	0.00e+00	3.64e-11	1.09e-10	1.82e-10	2.06e-06	4.15e-06	1.11e-30
 1.04908e+16	4.79e-10	7.20e-06	2.75e-03	5.71e-02	9.40e-01	2.85e-06	0.00e+00	4.28e-11	1.29e-10	2.15e-10	2.39e-06	4.81e-06	1.76e-30
 1.07802e+16	5.75e-10	8.49e-06	3.10e-03	6.11e-02	9.36e-01	2.79e-06	0.00e+00	5.15e-11	1.55e-10	2.58e-10	2.82e-06	5.67e-06	2.97e-30
 1.10942e+16	6.97e-10	1.00e-05	3.50e-03	6.55e-02	9.31e-01	2.74e-06	0.00e+00	6.25e-11	1.87e-10	3.13e-10	3.33e-06	6.71e-06	5.01e-30
 1.13840e+16	8.31e-10	1.17e-05	3.92e-03	6.97e-02	9.26e-01	2.69e-06	0.00e+00	7.46e-11	2.24e-10	3.73e-10	3.89e-06	7.82e-06	7.98e-30
 1.17045e+16	1.02e-09	1.39e-05	4.44e-03	7.48e-02	9.21e-01	2.65e-06	0.00e+00	9.16e-11	2.75e-10	4.59e-10	4.62e-06	9.29e-06	1.36e-29
 1.20529e+16	1.25e-09	1.66e-05	5.06e-03	8.05e-02	9.14e-01	2.61e-06	0.00e+00	1.12e-10	3.37e-10	5.62e-10	5.50e-06	1.11e-05	2.31e-29
 1.23769e+16	1.49e-09	1.95e-05	5.70e-03	8.60e-02	9.08e-01	2.57e-06	0.00e+00	1.35e-10	4.04e-10	6.74e-10	6.46e-06	1.30e-05	3.69e-29
 1.27375e+16	1.86e-09	2.34e-05	6.53e-03	9.28e-02	9.01e-01	2.52e-06	0.00e+00	1.68e-10	5.03e-10	8.39e-10	7.76e-06	1.56e-05	6.43e-29
 1.31171e+16	2.28e-09	2.80e-05	7.47e-03	9.99e-02	8.93e-01	2.48e-06	0.00e+00	2.06e-10	6.18e-10	1.03e-09	9.29e-06	1.87e-05	1.07e-28
 1.34457e+16	2.75e-09	3.26e-05	8.40e-03	1.07e-01	8.85e-01	2.46e-06	0.00e+00	2.49e-10	7.46e-10	1.24e-09	1.08e-05	2.18e-05	1.67e-28
 1.37969e+16	3.39e-09	3.87e-05	9.54e-03	1.14e-01	8.76e-01	2.42e-06	0.00e+00	3.06e-10	9.19e-10	1.53e-09	1.29e-05	2.58e-05	2.74e-28
 1.41832e+16	4.16e-09	4.62e-05	1.09e-02	1.23e-01	8.66e-01	2.38e-06	0.00e+00	3.77e-10	1.13e-09	1.89e-09	1.54e-05	3.09e-05	4.53e-28
 1.45365e+16	5.05e-09	5.43e-05	1.23e-02	1.32e-01	8.56e-01	2.36e-06	0.00e+00	4.58e-10	1.37e-09	2.29e-09	1.81e-05	3.62e-05	7.05e-28
 1.48663e+16	6.01e-09	6.31e-05	1.39e-02	1.40e-01	8.46e-01	2.33e-06	0.00e+00	5.46e-10	1.64e-09	2.73e-09	2.10e-05	4.21e-05	1.07e-27
 1.52444e+16	7.53e-09	7.56e-05	1.59e-02	1.50e-01	8.34e-01	2.30e-06	0.00e+00	6.85e-10	2.05e-09	3.43e-09	2.51e-05	5.04e-05	1.78e-27
 1.56304e+16	9.18e-09	8.95e-05	1.81e-02	1.61e-01	8.21e-01	2.27e-06	0.00e+00	8.35e-10	2.51e-09	4.18e-09	2.98e-05	5.97e-05	2.77e-27
 1.59467e+16	1.09e-08	1.03e-04	2.02e-02	1.71e-01	8.09e-01	2.25e-06	0.00e+00	9.93e-10	2.98e-09	4.97e-09	3.43e-05	6.88e-05	4.04e-27
 1.62782e+16	1.33e-08	1.21e-04	2.28e-02	1.82e-01	7.95e-01	2.23e-06	0.00e+00	1.21e-09	3.63e-09	6.05e-09	4.02e-05	8.06e-05	6.26e-27
 1.66369e+16	1.64e-08	1.43e-04	2.60e-02	1.94e-01	7.80e-01	2.22e-06	0.00e+00	1.50e-09	4.49e-09	7.49e-09	4.75e-05	9.51e-05	9.75e-27
 1.69545e+16	1.97e-08	1.65e-04	2.91e-02	2.05e-01	7.65e-01	2.21e-06	0.00e+00	1.80e-09	5.39e-09	8.99e-09	5.49e-05	1.10e-04	1.42e-26
 1.72452e+16	2.31e-08	1.89e-04	3.24e-02	2.16e-01	7.51e-01	2.20e-06	0.00e+00	2.11e-09	6.32e-09	1.05e-08	6.28e-05	1.26e-04	2.02e-26
 1.75771e+16	2.86e-08	2.23e-04	3.68e-02	2.30e-01	7.33e-01	2.18e-06	0.00e+00	2.62e-09	7.85e-09	1.31e-08	7.42e-05	1.49e-04	3.21e-26
 1.79274e+16	3.49e-08	2.62e-04	4.19e-02	2.45e-01	7.13e-01	2.17e-06	0.00e+00	3.20e-09	9.59e-09	1.60e-08	8.73e-05	1.75e-04	4.86e-26
 1.82298e+16	4.19e-08	3.04e-04	4.70e-02	2.59e-01	6.94e-01	2.16e-06	0.00e+00	3.84e-09	1.15e-08	1.92e-08	1.01e-04	2.03e-04	7.15e-26
 1.85047e+16	5.07e-08	3.50e-04	5.24e-02	2.72e-01	6.75e-01	2.18e-06	0.00e+00	4.65e-09	1.40e-08	2.33e-08	1.17e-04	2.33e-04	1.05e-25
 1.87732e+16	5.96e-08	4.00e-04	5.83e-02	2.85e-01	6.56e-01	2.17e-06	0.00e+00	5.47e-09	1.64e-08	2.74e-08	1.33e-04	2.67e-04	1.49e-25
 1.90795e+16	7.42e-08	4.74e-04	6.63e-02	3.02e-01	6.31e-01	2.17e-06	0.00e+00	6.82e-09	2.05e-08	3.41e-08	1.58e-04	3.16e-04	2.40e-25
 1.93974e+16	9.22e-08	5.60e-04	7.56e-02	3.19e-01	6.04e-01	2.19e-06	0.00e+00	8.48e-09	2.54e-08	4.24e-08	1.87e-04	3.73e-04	3.72e-25
 1.96612e+16	1.09e-07	6.42e-04	8.44e-02	3.34e-01	5.81e-01	2.19e-06	0.00e+00	1.01e-08	3.02e-08	5.04e-08	2.14e-04	4.28e-04	5.32e-25
 1.98976e+16	1.30e-07	7.34e-04	9.36e-02	3.49e-01	5.57e-01	2.20e-06	0.00e+00	1.20e-08	3.59e-08	5.98e-08	2.44e-04	4.89e-04	7.71e-25
 2.01673e+16	1.60e-07	8.46e-04	1.05e-01	3.66e-01	5.28e-01	2.20e-06	0.00e+00	1.48e-08	4.43e-08	7.38e-08	2.82e-04	5.64e-04	1.13e-24
