#depth	N	N+	N+2	N+3	N+4	N+5	N+6	N+7
 1.49634e+10	0.00e+00	0.00e+00	1.02e-28	4.48e-19	3.55e-10	9.01e-01	9.92e-02	4.24e-06
 4.54887e+10	0.00e+00	5.80e-39	1.31e-28	5.29e-19	3.88e-10	9.08e-01	9.21e-02	3.63e-06
 7.72350e+10	0.00e+00	0.00e+00	1.67e-28	6.24e-19	4.23e-10	9.15e-01	8.54e-02	3.12e-06
 1.10251e+11	0.00e+00	1.11e-38	2.13e-28	7.36e-19	4.61e-10	9.21e-01	7.92e-02	2.67e-06
 1.44588e+11	0.00e+00	0.00e+00	2.71e-28	8.67e-19	5.02e-10	9.27e-01	7.34e-02	2.28e-06
 1.80298e+11	0.00e+00	2.11e-38	3.46e-28	1.02e-18	5.46e-10	9.32e-01	6.79e-02	1.95e-06
 2.17437e+11	0.00e+00	0.00e+00	4.42e-28	1.20e-18	5.95e-10	9.37e-01	6.28e-02	1.67e-06
 2.56061e+11	0.00e+00	4.01e-38	5.63e-28	1.42e-18	6.47e-10	9.42e-01	5.81e-02	1.43e-06
 2.96231e+11	0.00e+00	0.00e+00	7.18e-28	1.67e-18	7.04e-10	9.46e-01	5.37e-02	1.22e-06
 3.38007e+11	0.00e+00	7.63e-38	9.15e-28	1.97e-18	7.65e-10	9.50e-01	4.96e-02	1.04e-06
 3.81454e+11	0.00e+00	0.00e+00	1.17e-27	2.32e-18	8.32e-10	9.54e-01	4.59e-02	8.87e-07
 4.26639e+11	0.00e+00	1.45e-37	1.49e-27	2.73e-18	9.05e-10	9.58e-01	4.23e-02	0.00e+00
 4.73631e+11	0.00e+00	0.00e+00	1.89e-27	3.21e-18	9.83e-10	9.61e-01	3.91e-02	0.00e+00
 5.19621e+11	0.00e+00	2.71e-37	2.38e-27	3.74e-18	1.06e-09	9.64e-01	3.62e-02	0.00e+00
 5.62173e+11	0.00e+00	0.00e+00	2.92e-27	4.29e-18	1.14e-09	9.66e-01	3.38e-02	0.00e+00
 6.09309e+11	0.00e+00	4.75e-37	3.63e-27	4.97e-18	1.23e-09	9.69e-01	3.15e-02	0.00e+00
 6.63608e+11	0.00e+00	0.00e+00	4.63e-27	5.85e-18	1.34e-09	9.71e-01	2.90e-02	0.00e+00
 7.16996e+11	0.00e+00	8.90e-37	5.82e-27	6.83e-18	1.44e-09	9.73e-01	2.68e-02	0.00e+00
 7.72519e+11	0.00e+00	0.00e+00	7.33e-27	7.97e-18	1.56e-09	9.75e-01	2.48e-02	0.00e+00
 8.33346e+11	0.00e+00	1.67e-36	9.34e-27	9.38e-18	1.70e-09	9.77e-01	2.29e-02	0.00e+00
 8.95083e+11	4.61e-47	2.29e-36	1.18e-26	1.10e-17	1.84e-09	9.79e-01	2.11e-02	0.00e+00
 9.59289e+11	0.00e+00	0.00e+00	1.50e-26	1.29e-17	1.99e-09	9.81e-01	1.95e-02	0.00e+00
 1.02759e+12	0.00e+00	4.34e-36	1.92e-26	1.52e-17	2.17e-09	9.82e-01	1.79e-02	0.00e+00
 1.09862e+12	1.54e-46	6.00e-36	2.45e-26	1.79e-17	2.35e-09	9.83e-01	1.65e-02	0.00e+00
 1.17249e+12	0.00e+00	0.00e+00	3.13e-26	2.11e-17	2.56e-09	9.85e-01	1.52e-02	0.00e+00
 1.24932e+12	0.00e+00	1.15e-35	4.00e-26	2.49e-17	2.78e-09	9.86e-01	1.40e-02	0.00e+00
 1.32922e+12	5.19e-46	1.59e-35	5.11e-26	2.94e-17	3.02e-09	9.87e-01	1.29e-02	0.00e+00
 1.41231e+12	0.00e+00	0.00e+00	6.53e-26	3.47e-17	3.28e-09	9.88e-01	1.18e-02	0.00e+00
 1.49873e+12	0.00e+00	3.06e-35	8.36e-26	4.09e-17	3.57e-09	9.89e-01	1.09e-02	0.00e+00
 1.58009e+12	1.70e-45	4.11e-35	1.05e-25	4.75e-17	3.85e-09	9.90e-01	1.01e-02	0.00e+00
 1.65299e+12	0.00e+00	0.00e+00	1.27e-25	5.42e-17	4.12e-09	9.91e-01	9.43e-03	0.00e+00
 1.73488e+12	0.00e+00	7.05e-35	1.57e-25	6.25e-17	4.42e-09	9.91e-01	8.77e-03	0.00e+00
 1.83175e+12	4.98e-45	9.73e-35	2.00e-25	7.36e-17	4.80e-09	9.92e-01	8.07e-03	0.00e+00
 1.92859e+12	0.00e+00	0.00e+00	2.53e-25	8.61e-17	5.20e-09	9.93e-01	7.46e-03	0.00e+00
 2.01969e+12	0.00e+00	1.76e-34	3.13e-25	9.94e-17	5.59e-09	9.93e-01	6.94e-03	0.00e+00
 2.12079e+12	1.52e-44	2.38e-34	3.93e-25	1.16e-16	6.05e-09	9.94e-01	6.41e-03	0.00e+00
 2.23555e+12	0.00e+00	3.32e-34	5.05e-25	1.37e-16	6.58e-09	9.94e-01	5.89e-03	0.00e+00
 2.35009e+12	3.43e-44	4.57e-34	6.44e-25	1.62e-16	7.15e-09	9.95e-01	5.42e-03	0.00e+00
 2.46922e+12	0.00e+00	6.30e-34	8.20e-25	1.91e-16	7.77e-09	9.95e-01	4.99e-03	0.00e+00
 2.59792e+12	7.77e-44	8.81e-34	1.06e-24	2.26e-16	8.47e-09	9.95e-01	4.58e-03	0.00e+00
 2.73176e+12	0.00e+00	1.23e-33	1.36e-24	2.69e-16	9.24e-09	9.96e-01	4.20e-03	0.00e+00
 2.85802e+12	1.73e-43	1.67e-33	1.72e-24	3.14e-16	1.00e-08	9.96e-01	3.88e-03	0.00e+00
 2.97165e+12	0.00e+00	2.18e-33	2.10e-24	3.60e-16	1.07e-08	9.96e-01	3.62e-03	0.00e+00
 3.09952e+12	3.46e-43	2.92e-33	2.62e-24	4.18e-16	1.16e-08	9.97e-01	3.36e-03	0.00e+00
 3.25019e+12	0.00e+00	4.06e-33	3.36e-24	4.95e-16	1.26e-08	9.97e-01	3.08e-03	0.00e+00
 3.40071e+12	7.78e-43	5.59e-33	4.29e-24	5.85e-16	1.37e-08	9.97e-01	2.83e-03	0.00e+00
 3.54197e+12	0.00e+00	7.47e-33	5.35e-24	6.80e-16	1.48e-08	9.97e-01	2.63e-03	0.00e+00
 3.69829e+12	1.64e-42	1.02e-32	6.76e-24	7.97e-16	1.60e-08	9.98e-01	2.42e-03	0.00e+00
 3.87615e+12	0.00e+00	1.43e-32	8.78e-24	9.53e-16	1.76e-08	9.98e-01	2.21e-03	0.00e+00
 4.05128e+12	3.75e-42	1.98e-32	1.12e-23	1.13e-15	1.92e-08	9.98e-01	2.03e-03	0.00e+00
 4.23341e+12	0.00e+00	2.74e-32	1.44e-23	1.34e-15	2.09e-08	9.98e-01	1.87e-03	0.00e+00
 4.43268e+12	8.60e-42	3.86e-32	1.87e-23	1.60e-15	2.29e-08	9.98e-01	1.70e-03	0.00e+00
 4.63401e+12	0.00e+00	5.39e-32	2.41e-23	1.91e-15	2.50e-08	9.98e-01	1.56e-03	0.00e+00
 4.84339e+12	1.97e-41	7.52e-32	3.12e-23	2.27e-15	2.74e-08	9.99e-01	1.43e-03	0.00e+00
 5.05922e+12	0.00e+00	1.05e-31	4.02e-23	2.71e-15	3.00e-08	9.99e-01	1.30e-03	0.00e+00
 5.27151e+12	4.38e-41	1.44e-31	5.12e-23	3.20e-15	3.27e-08	9.99e-01	1.20e-03	0.00e+00
 5.50014e+12	0.00e+00	1.99e-31	6.57e-23	3.81e-15	3.58e-08	9.99e-01	1.10e-03	0.00e+00
 5.75007e+12	1.00e-40	2.80e-31	8.56e-23	4.57e-15	3.93e-08	9.99e-01	9.99e-04	0.00e+00
 6.01000e+12	0.00e+00	3.94e-31	1.11e-22	5.50e-15	4.33e-08	9.99e-01	9.09e-04	0.00e+00
 6.28032e+12	2.33e-40	5.55e-31	1.45e-22	6.61e-15	4.76e-08	9.99e-01	8.28e-04	0.00e+00
 6.56146e+12	0.00e+00	7.80e-31	1.89e-22	7.96e-15	5.24e-08	9.99e-01	7.53e-04	0.00e+00
 6.81587e+12	5.10e-40	1.05e-30	2.38e-22	9.35e-15	5.70e-08	9.99e-01	6.93e-04	0.00e+00
 7.02808e+12	0.00e+00	1.33e-30	2.87e-22	1.07e-14	6.11e-08	9.99e-01	6.48e-04	0.00e+00
 7.26067e+12	9.35e-40	1.72e-30	3.49e-22	1.23e-14	6.57e-08	9.99e-01	6.03e-04	0.00e+00
 7.55494e+12	0.00e+00	2.34e-30	4.45e-22	1.45e-14	7.19e-08	9.99e-01	5.52e-04	0.00e+00
 7.86169e+12	2.00e-39	3.19e-30	5.67e-22	1.73e-14	7.87e-08	9.99e-01	5.05e-04	0.00e+00
 8.12358e+12	0.00e+00	4.11e-30	6.92e-22	1.99e-14	8.48e-08	1.00e+00	4.69e-04	0.00e+00
 8.39485e+12	3.73e-39	5.31e-30	8.44e-22	2.29e-14	9.14e-08	1.00e+00	4.36e-04	0.00e+00
 8.73410e+12	0.00e+00	7.21e-30	1.07e-21	2.72e-14	1.00e-07	1.00e+00	3.99e-04	0.00e+00
 9.07827e+12	7.78e-39	9.71e-30	1.36e-21	3.22e-14	1.09e-07	1.00e+00	3.65e-04	0.00e+00
 9.37663e+12	0.00e+00	1.24e-29	1.65e-21	3.71e-14	1.18e-07	1.00e+00	3.39e-04	0.00e+00
 9.69891e+12	1.44e-38	1.61e-29	2.02e-21	4.29e-14	1.28e-07	1.00e+00	3.14e-04	0.00e+00
 1.00937e+13	0.00e+00	2.18e-29	2.57e-21	5.10e-14	1.40e-07	1.00e+00	2.87e-04	0.00e+00
 1.04964e+13	2.99e-38	2.94e-29	3.26e-21	6.05e-14	1.53e-07	1.00e+00	2.63e-04	0.00e+00
 1.08636e+13	0.00e+00	3.81e-29	4.00e-21	7.02e-14	1.66e-07	1.00e+00	2.43e-04	0.00e+00
 1.12705e+13	5.73e-38	5.03e-29	4.98e-21	8.22e-14	1.81e-07	1.00e+00	2.24e-04	0.00e+00
 1.17455e+13	0.00e+00	6.85e-29	6.36e-21	9.82e-14	1.99e-07	1.00e+00	2.04e-04	0.00e+00
 1.22169e+13	1.19e-37	9.19e-29	8.03e-21	1.16e-13	2.17e-07	1.00e+00	1.86e-04	0.00e+00
 1.26665e+13	0.00e+00	1.20e-28	9.94e-21	1.36e-13	2.36e-07	1.00e+00	1.72e-04	0.00e+00
 1.31625e+13	2.33e-37	1.60e-28	1.25e-20	1.60e-13	2.58e-07	1.00e+00	1.57e-04	0.00e+00
 1.37189e+13	0.00e+00	2.17e-28	1.59e-20	1.90e-13	2.83e-07	1.00e+00	1.43e-04	0.00e+00
 1.42772e+13	4.82e-37	2.92e-28	2.01e-20	2.25e-13	3.10e-07	1.00e+00	1.31e-04	0.00e+00
 1.47765e+13	0.00e+00	3.76e-28	2.45e-20	2.61e-13	3.36e-07	1.00e+00	1.22e-04	0.00e+00
 1.52199e+13	8.52e-37	4.67e-28	2.91e-20	2.95e-13	3.59e-07	1.00e+00	1.14e-04	0.00e+00
 1.57227e+13	0.00e+00	5.93e-28	3.52e-20	3.38e-13	3.86e-07	1.00e+00	1.06e-04	0.00e+00
 1.62822e+13	1.55e-36	7.67e-28	4.31e-20	3.92e-13	4.18e-07	1.00e+00	9.80e-05	0.00e+00
 1.68071e+13	0.00e+00	9.68e-28	5.18e-20	4.47e-13	4.48e-07	1.00e+00	9.13e-05	0.00e+00
 1.73813e+13	2.78e-36	1.24e-27	6.29e-20	5.14e-13	4.83e-07	1.00e+00	8.48e-05	0.00e+00
 1.80248e+13	0.00e+00	1.62e-27	7.77e-20	5.98e-13	5.24e-07	1.00e+00	7.83e-05	0.00e+00
 1.86359e+13	5.16e-36	2.06e-27	9.41e-20	6.87e-13	5.65e-07	1.00e+00	7.28e-05	0.00e+00
 1.93075e+13	0.00e+00	2.67e-27	1.15e-19	7.95e-13	6.11e-07	1.00e+00	6.73e-05	0.00e+00
 2.00593e+13	9.93e-36	3.53e-27	1.44e-19	9.32e-13	6.65e-07	1.00e+00	6.19e-05	0.00e+00
 2.07728e+13	0.00e+00	4.57e-27	1.76e-19	1.08e-12	7.18e-07	1.00e+00	5.74e-05	0.00e+00
 2.14315e+13	1.79e-35	5.74e-27	2.11e-19	1.22e-12	7.70e-07	1.00e+00	5.36e-05	0.00e+00
 2.21614e+13	0.00e+00	7.33e-27	2.56e-19	1.40e-12	8.28e-07	1.00e+00	4.99e-05	0.00e+00
 2.29805e+13	3.34e-35	9.57e-27	3.15e-19	1.63e-12	8.97e-07	1.00e+00	4.61e-05	0.00e+00
 2.37562e+13	0.00e+00	1.22e-26	3.81e-19	1.87e-12	9.65e-07	1.00e+00	4.29e-05	0.00e+00
 2.46048e+13	6.15e-35	1.58e-26	4.67e-19	2.16e-12	1.04e-06	1.00e+00	3.98e-05	0.00e+00
 2.55434e+13	0.00e+00	2.08e-26	5.79e-19	2.51e-12	1.13e-06	1.00e+00	3.67e-05	0.00e+00
 2.64141e+13	1.16e-34	2.66e-26	7.02e-19	2.88e-12	1.22e-06	1.00e+00	3.41e-05	0.00e+00
 2.73612e+13	0.00e+00	3.45e-26	8.60e-19	3.33e-12	1.31e-06	1.00e+00	3.16e-05	0.00e+00
 2.84210e+13	2.24e-34	4.56e-26	1.07e-18	3.88e-12	1.42e-06	1.00e+00	2.92e-05	0.00e+00
 2.94226e+13	3.06e-34	5.89e-26	1.31e-18	4.47e-12	1.53e-06	1.00e+00	2.71e-05	0.00e+00
 3.05127e+13	4.26e-34	7.71e-26	1.61e-18	5.18e-12	1.66e-06	1.00e+00	2.51e-05	0.00e+00
 3.17272e+13	6.05e-34	1.03e-25	2.02e-18	6.07e-12	1.81e-06	1.00e+00	2.31e-05	0.00e+00
 3.28813e+13	8.37e-34	1.34e-25	2.48e-18	7.02e-12	1.95e-06	1.00e+00	2.14e-05	0.00e+00
 3.41174e+13	1.17e-33	1.76e-25	3.07e-18	8.15e-12	2.11e-06	1.00e+00	1.98e-05	0.00e+00
 3.55120e+13	1.69e-33	2.37e-25	3.87e-18	9.58e-12	2.30e-06	1.00e+00	1.82e-05	0.00e+00
 3.68929e+13	2.39e-33	3.15e-25	4.83e-18	1.12e-11	2.49e-06	1.00e+00	1.68e-05	0.00e+00
 3.83289e+13	3.39e-33	4.20e-25	6.02e-18	1.30e-11	2.70e-06	1.00e+00	1.55e-05	0.00e+00
 3.98920e+13	4.89e-33	5.66e-25	7.59e-18	1.53e-11	2.94e-06	1.00e+00	1.42e-05	0.00e+00
 4.15176e+13	7.07e-33	7.64e-25	9.57e-18	1.80e-11	3.20e-06	1.00e+00	1.31e-05	0.00e+00
 4.32082e+13	1.02e-32	1.03e-24	1.21e-17	2.11e-11	3.48e-06	1.00e+00	1.20e-05	0.00e+00
 4.48682e+13	1.45e-32	1.37e-24	1.50e-17	2.46e-11	3.77e-06	1.00e+00	1.11e-05	0.00e+00
 4.64146e+13	1.99e-32	1.77e-24	1.83e-17	2.82e-11	4.04e-06	1.00e+00	1.04e-05	0.00e+00
 4.81212e+13	2.79e-32	2.33e-24	2.26e-17	3.26e-11	4.36e-06	1.00e+00	9.61e-06	0.00e+00
 4.98721e+13	3.89e-32	3.05e-24	2.78e-17	3.76e-11	4.70e-06	1.00e+00	8.92e-06	0.00e+00
 5.13397e+13	5.11e-32	3.80e-24	3.30e-17	4.22e-11	4.99e-06	1.00e+00	8.41e-06	0.00e+00
 5.28919e+13	6.77e-32	4.78e-24	3.92e-17	4.76e-11	5.30e-06	1.00e+00	7.91e-06	0.00e+00
 5.48595e+13	9.56e-32	6.31e-24	4.86e-17	5.51e-11	5.72e-06	1.00e+00	7.33e-06	0.00e+00
 5.69125e+13	1.35e-31	8.36e-24	6.02e-17	6.38e-11	6.17e-06	1.00e+00	6.80e-06	0.00e+00
 5.87384e+13	1.83e-31	1.07e-23	7.25e-17	7.23e-11	6.58e-06	1.00e+00	6.38e-06	0.00e+00
 6.07240e+13	2.51e-31	1.38e-23	8.81e-17	8.26e-11	7.05e-06	1.00e+00	5.96e-06	0.00e+00
 6.29339e+13	3.53e-31	1.81e-23	1.09e-16	9.53e-11	7.58e-06	1.00e+00	5.54e-06	0.00e+00
 6.49958e+13	4.82e-31	2.33e-23	1.31e-16	1.08e-10	8.10e-06	1.00e+00	5.19e-06	0.00e+00
 6.72367e+13	6.68e-31	3.03e-23	1.60e-16	1.24e-10	8.67e-06	1.00e+00	4.84e-06	0.00e+00
 6.97356e+13	9.48e-31	4.02e-23	1.99e-16	1.44e-10	9.35e-06	1.00e+00	4.50e-06	0.00e+00
 7.20762e+13	1.30e-30	5.20e-23	2.42e-16	1.64e-10	9.99e-06	1.00e+00	4.21e-06	0.00e+00
 7.46250e+13	1.83e-30	6.82e-23	2.97e-16	1.88e-10	1.07e-05	1.00e+00	3.92e-06	0.00e+00
 7.74702e+13	2.63e-30	9.12e-23	3.70e-16	2.18e-10	1.16e-05	1.00e+00	3.64e-06	0.00e+00
 8.01438e+13	3.66e-30	1.19e-22	4.52e-16	2.50e-10	1.24e-05	1.00e+00	3.40e-06	0.00e+00
 8.30559e+13	5.18e-30	1.57e-22	5.58e-16	2.88e-10	1.33e-05	1.00e+00	3.16e-06	0.00e+00
 8.63133e+13	7.54e-30	2.13e-22	7.01e-16	3.36e-10	1.44e-05	1.00e+00	2.93e-06	0.00e+00
 8.94004e+13	1.06e-29	2.81e-22	8.64e-16	3.86e-10	1.54e-05	1.00e+00	2.73e-06	0.00e+00
 9.27058e+13	1.52e-29	3.73e-22	1.07e-15	4.46e-10	1.66e-05	1.00e+00	2.54e-06	0.00e+00
 9.64439e+13	2.24e-29	5.09e-22	1.35e-15	5.22e-10	1.80e-05	1.00e+00	2.34e-06	0.00e+00
 1.00126e+14	3.23e-29	6.84e-22	1.69e-15	6.06e-10	1.94e-05	1.00e+00	2.17e-06	0.00e+00
 1.03956e+14	4.68e-29	9.20e-22	2.11e-15	7.03e-10	2.09e-05	1.00e+00	2.02e-06	0.00e+00
 1.08144e+14	6.90e-29	1.26e-21	2.67e-15	8.23e-10	2.26e-05	1.00e+00	1.86e-06	0.00e+00
 1.12405e+14	1.01e-28	1.70e-21	3.36e-15	9.60e-10	2.44e-05	1.00e+00	1.72e-06	0.00e+00
 1.16836e+14	1.47e-28	2.31e-21	4.23e-15	1.12e-09	2.64e-05	1.00e+00	1.59e-06	0.00e+00
 1.21267e+14	2.13e-28	3.10e-21	5.28e-15	1.30e-09	2.84e-05	1.00e+00	1.48e-06	0.00e+00
 1.25463e+14	2.97e-28	4.05e-21	6.46e-15	1.49e-09	3.04e-05	1.00e+00	1.38e-06	0.00e+00
 1.30099e+14	4.24e-28	5.39e-21	8.01e-15	1.72e-09	3.27e-05	1.00e+00	1.28e-06	0.00e+00
 1.34743e+14	5.98e-28	7.10e-21	9.86e-15	1.98e-09	3.51e-05	1.00e+00	1.20e-06	0.00e+00
 1.38600e+14	7.89e-28	8.87e-21	1.17e-14	2.21e-09	3.72e-05	1.00e+00	1.13e-06	0.00e+00
 1.42692e+14	1.05e-27	1.11e-20	1.39e-14	2.49e-09	3.94e-05	1.00e+00	1.07e-06	0.00e+00
 1.47920e+14	1.49e-27	1.48e-20	1.72e-14	2.87e-09	4.24e-05	1.00e+00	9.92e-07	0.00e+00
 1.53405e+14	2.12e-27	1.97e-20	2.13e-14	3.32e-09	4.57e-05	1.00e+00	0.00e+00	0.00e+00
 1.58263e+14	2.88e-27	2.51e-20	2.56e-14	3.76e-09	4.86e-05	1.00e+00	0.00e+00	0.00e+00
 1.63522e+14	3.96e-27	3.25e-20	3.11e-14	4.29e-09	5.20e-05	1.00e+00	0.00e+00	0.00e+00
 1.69840e+14	5.72e-27	4.36e-20	3.90e-14	4.99e-09	5.62e-05	1.00e+00	0.00e+00	0.00e+00
 1.76239e+14	8.19e-27	5.83e-20	4.85e-14	5.79e-09	6.06e-05	1.00e+00	0.00e+00	0.00e+00
 1.82239e+14	1.13e-26	7.57e-20	5.92e-14	6.62e-09	6.49e-05	1.00e+00	0.00e+00	0.00e+00
 1.88903e+14	1.60e-26	1.00e-19	7.33e-14	7.65e-09	6.98e-05	1.00e+00	0.00e+00	0.00e+00
 1.95959e+14	2.29e-26	1.33e-19	9.11e-14	8.86e-09	7.53e-05	1.00e+00	0.00e+00	0.00e+00
 2.02232e+14	3.10e-26	1.71e-19	1.10e-13	1.01e-08	8.03e-05	1.00e+00	0.00e+00	0.00e+00
 2.08983e+14	4.26e-26	2.20e-19	1.33e-13	1.15e-08	8.59e-05	1.00e+00	0.00e+00	0.00e+00
 2.17070e+14	6.14e-26	2.96e-19	1.67e-13	1.34e-08	9.29e-05	1.00e+00	0.00e+00	0.00e+00
 2.25029e+14	8.68e-26	3.91e-19	2.07e-13	1.54e-08	1.00e-04	1.00e+00	0.00e+00	0.00e+00
 2.32122e+14	1.17e-25	4.99e-19	2.49e-13	1.75e-08	1.07e-04	1.00e+00	0.00e+00	0.00e+00
 2.39952e+14	1.61e-25	6.45e-19	3.02e-13	2.00e-08	1.14e-04	1.00e+00	0.00e+00	0.00e+00
 2.49280e+14	2.32e-25	8.67e-19	3.79e-13	2.33e-08	1.24e-04	1.00e+00	0.00e+00	0.00e+00
 2.58535e+14	3.30e-25	1.15e-18	4.70e-13	2.70e-08	1.33e-04	1.00e+00	0.00e+00	0.00e+00
 2.66999e+14	4.50e-25	1.48e-18	5.69e-13	3.07e-08	1.42e-04	1.00e+00	0.00e+00	0.00e+00
 2.76456e+14	6.28e-25	1.94e-18	7.00e-13	3.53e-08	1.53e-04	1.00e+00	0.00e+00	0.00e+00
 2.87452e+14	9.13e-25	2.62e-18	8.81e-13	4.13e-08	1.66e-04	1.00e+00	0.00e+00	0.00e+00
 2.98249e+14	1.30e-24	3.49e-18	1.10e-12	4.79e-08	1.79e-04	1.00e+00	0.00e+00	0.00e+00
 3.08469e+14	1.80e-24	4.53e-18	1.34e-12	5.49e-08	1.92e-04	1.00e+00	0.00e+00	0.00e+00
 3.19829e+14	2.55e-24	6.00e-18	1.66e-12	6.34e-08	2.07e-04	1.00e+00	0.00e+00	0.00e+00
 3.32652e+14	3.71e-24	8.14e-18	2.09e-12	7.43e-08	2.24e-04	1.00e+00	0.00e+00	0.00e+00
 3.44823e+14	5.26e-24	1.08e-17	2.59e-12	8.58e-08	2.41e-04	1.00e+00	0.00e+00	0.00e+00
 3.55912e+14	7.13e-24	1.38e-17	3.12e-12	9.74e-08	2.58e-04	1.00e+00	0.00e+00	0.00e+00
 3.68457e+14	9.96e-24	1.80e-17	3.83e-12	1.12e-07	2.77e-04	1.00e+00	0.00e+00	0.00e+00
 3.83073e+14	1.45e-23	2.44e-17	4.83e-12	1.31e-07	3.00e-04	1.00e+00	0.00e+00	0.00e+00
 3.97096e+14	2.05e-23	3.23e-17	5.98e-12	1.51e-07	3.22e-04	1.00e+00	0.00e+00	0.00e+00
 4.09795e+14	2.78e-23	4.13e-17	7.20e-12	1.72e-07	3.44e-04	1.00e+00	0.00e+00	0.00e+00
 4.21757e+14	3.68e-23	5.17e-17	8.54e-12	1.92e-07	3.65e-04	1.00e+00	0.00e+00	0.00e+00
 4.35005e+14	4.96e-23	6.58e-17	1.03e-11	2.18e-07	3.88e-04	1.00e+00	0.00e+00	0.00e+00
 4.49815e+14	6.87e-23	8.55e-17	1.25e-11	2.49e-07	4.16e-04	1.00e+00	0.00e+00	0.00e+00
 4.63811e+14	9.25e-23	1.09e-16	1.50e-11	2.82e-07	4.43e-04	1.00e+00	0.00e+00	0.00e+00
 4.79159e+14	1.27e-22	1.40e-16	1.82e-11	3.21e-07	4.73e-04	1.00e+00	0.00e+00	0.00e+00
 4.96346e+14	1.79e-22	1.85e-16	2.25e-11	3.70e-07	5.09e-04	9.99e-01	0.00e+00	0.00e+00
 5.12559e+14	2.44e-22	2.38e-16	2.72e-11	4.20e-07	5.43e-04	9.99e-01	0.00e+00	0.00e+00
 5.30273e+14	3.40e-22	3.10e-16	3.33e-11	4.82e-07	5.82e-04	9.99e-01	0.00e+00	0.00e+00
 5.49854e+14	4.84e-22	4.12e-16	4.12e-11	5.57e-07	6.27e-04	9.99e-01	0.00e+00	0.00e+00
 5.67942e+14	6.63e-22	5.31e-16	5.00e-11	6.34e-07	6.69e-04	9.99e-01	0.00e+00	0.00e+00
 5.87533e+14	9.21e-22	6.92e-16	6.11e-11	7.26e-07	7.17e-04	9.99e-01	0.00e+00	0.00e+00
 6.09426e+14	1.31e-21	9.21e-16	7.59e-11	8.40e-07	7.73e-04	9.99e-01	0.00e+00	0.00e+00
 6.29992e+14	1.82e-21	1.19e-15	9.25e-11	9.60e-07	8.27e-04	9.99e-01	0.00e+00	0.00e+00
 6.52407e+14	2.54e-21	1.57e-15	1.14e-10	1.10e-06	8.88e-04	9.99e-01	0.00e+00	0.00e+00
 6.77339e+14	3.66e-21	2.10e-15	1.42e-10	1.28e-06	9.59e-04	9.99e-01	0.00e+00	0.00e+00
 7.00644e+14	5.07e-21	2.73e-15	1.74e-10	1.47e-06	1.03e-03	9.99e-01	0.00e+00	0.00e+00
 7.25935e+14	7.14e-21	3.60e-15	2.14e-10	1.69e-06	1.11e-03	9.99e-01	0.00e+00	0.00e+00
 7.54215e+14	1.03e-20	4.84e-15	2.68e-10	1.97e-06	1.20e-03	9.99e-01	0.00e+00	0.00e+00
 7.81084e+14	1.44e-20	6.36e-15	3.30e-10	2.27e-06	1.29e-03	9.99e-01	0.00e+00	0.00e+00
 8.09815e+14	2.02e-20	8.38e-15	4.08e-10	2.63e-06	1.39e-03	9.99e-01	0.00e+00	0.00e+00
 8.42237e+14	2.95e-20	1.14e-14	5.15e-10	3.07e-06	1.50e-03	9.98e-01	0.00e+00	0.00e+00
 8.74212e+14	4.19e-20	1.51e-14	6.41e-10	3.57e-06	1.62e-03	9.98e-01	0.00e+00	0.00e+00
 9.07465e+14	5.95e-20	2.01e-14	7.99e-10	4.15e-06	1.76e-03	9.98e-01	0.00e+00	0.00e+00
 9.42754e+14	8.50e-20	2.69e-14	9.99e-10	4.84e-06	1.90e-03	9.98e-01	0.00e+00	0.00e+00
 9.72288e+14	1.13e-19	3.40e-14	1.20e-09	5.48e-06	2.03e-03	9.98e-01	0.00e+00	0.00e+00
 9.95050e+14	1.40e-19	4.04e-14	1.37e-09	6.01e-06	2.13e-03	9.98e-01	0.00e+00	0.00e+00
 1.01968e+15	1.76e-19	4.86e-14	1.58e-09	6.63e-06	2.25e-03	9.98e-01	0.00e+00	0.00e+00
 1.05170e+15	2.33e-19	6.13e-14	1.90e-09	7.51e-06	2.40e-03	9.98e-01	0.00e+00	0.00e+00
 1.08650e+15	3.13e-19	7.81e-14	2.29e-09	8.57e-06	2.58e-03	9.97e-01	0.00e+00	0.00e+00
 1.11798e+15	4.05e-19	9.66e-14	2.71e-09	9.61e-06	2.74e-03	9.97e-01	0.00e+00	0.00e+00
 1.15199e+15	5.30e-19	1.21e-13	3.22e-09	1.08e-05	2.93e-03	9.97e-01	0.00e+00	0.00e+00
 1.19465e+15	7.34e-19	1.58e-13	3.98e-09	1.26e-05	3.17e-03	9.97e-01	0.00e+00	0.00e+00
 1.23755e+15	1.00e-18	2.04e-13	4.89e-09	1.45e-05	3.42e-03	9.97e-01	0.00e+00	0.00e+00
 1.27407e+15	1.30e-18	2.53e-13	5.79e-09	1.63e-05	3.64e-03	9.96e-01	0.00e+00	0.00e+00
 1.31332e+15	1.68e-18	3.14e-13	6.90e-09	1.84e-05	3.90e-03	9.96e-01	0.00e+00	0.00e+00
 1.36223e+15	2.32e-18	4.10e-13	8.53e-09	2.13e-05	4.23e-03	9.96e-01	0.00e+00	0.00e+00
 1.41262e+15	3.18e-18	5.33e-13	1.05e-08	2.47e-05	4.58e-03	9.95e-01	0.00e+00	0.00e+00
 1.45744e+15	4.15e-18	6.67e-13	1.26e-08	2.80e-05	4.92e-03	9.95e-01	0.00e+00	0.00e+00
 1.50612e+15	5.48e-18	8.42e-13	1.52e-08	3.20e-05	5.29e-03	9.95e-01	0.00e+00	0.00e+00
 1.56431e+15	7.58e-18	1.11e-12	1.90e-08	3.73e-05	5.76e-03	9.94e-01	0.00e+00	0.00e+00
 1.62171e+15	1.03e-17	1.43e-12	2.34e-08	4.32e-05	6.25e-03	9.94e-01	0.00e+00	0.00e+00
 1.67322e+15	1.33e-17	1.78e-12	2.80e-08	4.90e-05	6.71e-03	9.93e-01	0.00e+00	0.00e+00
 1.73027e+15	1.77e-17	2.26e-12	3.40e-08	5.60e-05	7.24e-03	9.93e-01	0.00e+00	0.00e+00
 1.79779e+15	2.43e-17	2.96e-12	4.24e-08	6.54e-05	7.90e-03	9.92e-01	0.00e+00	0.00e+00
 1.86457e+15	3.30e-17	3.84e-12	5.24e-08	7.57e-05	8.58e-03	9.91e-01	0.00e+00	0.00e+00
 1.92614e+15	4.32e-17	4.83e-12	6.33e-08	8.63e-05	9.24e-03	9.91e-01	0.00e+00	0.00e+00
 1.99528e+15	5.80e-17	6.19e-12	7.77e-08	9.94e-05	1.00e-02	9.90e-01	0.00e+00	0.00e+00
 2.07506e+15	8.03e-17	8.17e-12	9.76e-08	1.16e-04	1.09e-02	9.89e-01	0.00e+00	0.00e+00
 2.15306e+15	1.09e-16	1.06e-11	1.21e-07	1.35e-04	1.19e-02	9.88e-01	0.00e+00	0.00e+00
 2.22761e+15	1.69e-16	1.35e-11	1.48e-07	1.55e-04	1.29e-02	9.87e-01	0.00e+00	0.00e+00
 2.31019e+15	2.30e-16	1.75e-11	1.83e-07	1.79e-04	1.40e-02	9.86e-01	0.00e+00	0.00e+00
 2.38791e+15	3.04e-16	2.21e-11	2.22e-07	2.05e-04	1.51e-02	9.85e-01	0.00e+00	0.00e+00
 2.44638e+15	3.73e-16	2.63e-11	2.56e-07	2.25e-04	1.59e-02	9.84e-01	0.00e+00	0.00e+00
 2.50631e+15	4.57e-16	3.12e-11	2.95e-07	2.48e-04	1.68e-02	9.83e-01	0.00e+00	0.00e+00
 2.58423e+15	5.93e-16	3.89e-11	3.54e-07	2.81e-04	1.80e-02	9.82e-01	0.00e+00	0.00e+00
 2.66820e+15	7.78e-16	4.90e-11	4.27e-07	3.19e-04	1.94e-02	9.80e-01	0.00e+00	0.00e+00
 2.74339e+15	9.84e-16	5.97e-11	5.03e-07	3.57e-04	2.06e-02	9.79e-01	0.00e+00	0.00e+00
 2.82452e+15	1.26e-15	7.37e-11	5.99e-07	4.01e-04	2.20e-02	9.78e-01	0.00e+00	0.00e+00
 2.92779e+15	1.72e-15	9.58e-11	7.42e-07	4.64e-04	2.39e-02	9.76e-01	0.00e+00	0.00e+00
 3.03213e+15	2.32e-15	1.24e-10	9.15e-07	5.34e-04	2.59e-02	9.74e-01	0.00e+00	0.00e+00
 3.11970e+15	2.96e-15	1.52e-10	1.08e-06	5.98e-04	2.76e-02	9.72e-01	0.00e+00	0.00e+00
 3.21322e+15	3.82e-15	1.88e-10	1.29e-06	6.73e-04	2.94e-02	9.70e-01	0.00e+00	0.00e+00
 3.33142e+15	5.20e-15	2.45e-10	1.61e-06	7.78e-04	3.20e-02	9.67e-01	0.00e+00	0.00e+00
 3.45510e+15	7.14e-15	3.21e-10	2.00e-06	9.00e-04	3.46e-02	9.64e-01	0.00e+00	0.00e+00
 3.56657e+15	9.42e-15	4.06e-10	2.42e-06	1.02e-03	3.72e-02	9.62e-01	0.00e+00	0.00e+00
 3.68876e+15	1.27e-14	5.21e-10	2.97e-06	1.17e-03	4.00e-02	9.59e-01	0.00e+00	0.00e+00
 3.83299e+15	1.78e-14	6.95e-10	3.75e-06	1.37e-03	4.36e-02	9.55e-01	0.00e+00	0.00e+00
 3.97400e+15	2.44e-14	9.10e-10	4.67e-06	1.58e-03	4.72e-02	9.51e-01	0.00e+00	0.00e+00
 4.10246e+15	3.22e-14	1.15e-09	5.65e-06	1.79e-03	5.06e-02	9.48e-01	0.00e+00	0.00e+00
 4.24647e+15	4.37e-14	1.49e-09	6.97e-06	2.06e-03	5.46e-02	9.43e-01	0.00e+00	0.00e+00
 4.41444e+15	6.17e-14	2.00e-09	8.83e-06	2.41e-03	5.94e-02	9.38e-01	0.00e+00	0.00e+00
 4.57986e+15	8.55e-14	2.64e-09	1.10e-05	2.79e-03	6.43e-02	9.33e-01	0.00e+00	0.00e+00
 4.73580e+15	1.15e-13	3.40e-09	1.36e-05	3.19e-03	6.91e-02	9.28e-01	0.00e+00	0.00e+00
 4.90915e+15	1.59e-13	4.47e-09	1.69e-05	3.68e-03	7.47e-02	9.22e-01	0.00e+00	0.00e+00
 5.07423e+15	2.13e-13	5.74e-09	2.06e-05	4.21e-03	8.02e-02	9.16e-01	0.00e+00	0.00e+00
 5.19722e+15	2.64e-13	6.88e-09	2.39e-05	4.63e-03	8.44e-02	9.11e-01	0.00e+00	0.00e+00
 5.32188e+15	3.27e-13	8.24e-09	2.76e-05	5.09e-03	8.88e-02	9.06e-01	0.00e+00	0.00e+00
 5.48394e+15	4.28e-13	1.03e-08	3.32e-05	5.74e-03	9.45e-02	9.00e-01	0.00e+00	0.00e+00
 5.65979e+15	5.67e-13	1.31e-08	4.02e-05	6.51e-03	1.01e-01	8.92e-01	0.00e+00	0.00e+00
 5.81784e+15	7.26e-13	1.62e-08	4.76e-05	7.26e-03	1.07e-01	8.86e-01	0.00e+00	0.00e+00
 5.98759e+15	9.42e-13	2.02e-08	5.67e-05	8.14e-03	1.14e-01	8.78e-01	0.00e+00	0.00e+00
 6.20521e+15	1.31e-12	2.66e-08	7.07e-05	9.40e-03	1.22e-01	8.68e-01	0.00e+00	0.00e+00
 6.42457e+15	1.79e-12	3.47e-08	8.73e-05	1.08e-02	1.31e-01	8.58e-01	0.00e+00	0.00e+00
 6.60512e+15	2.30e-12	4.28e-08	1.03e-04	1.20e-02	1.39e-01	8.49e-01	0.00e+00	0.00e+00
 6.79573e+15	2.99e-12	5.34e-08	1.23e-04	1.35e-02	1.47e-01	8.40e-01	0.00e+00	0.00e+00
 7.04155e+15	4.14e-12	7.02e-08	1.53e-04	1.55e-02	1.58e-01	8.27e-01	0.00e+00	0.00e+00
 7.29857e+15	5.72e-12	9.24e-08	1.90e-04	1.78e-02	1.69e-01	8.13e-01	0.00e+00	0.00e+00
 7.52160e+15	7.54e-12	1.17e-07	2.28e-04	2.01e-02	1.79e-01	8.00e-01	0.00e+00	0.00e+00
 7.76103e+15	1.01e-11	1.49e-07	2.76e-04	2.27e-02	1.90e-01	7.87e-01	0.00e+00	0.00e+00
 8.05430e+15	1.42e-11	1.98e-07	3.46e-04	2.63e-02	2.04e-01	7.69e-01	0.00e+00	0.00e+00
 8.34390e+15	1.95e-11	2.59e-07	4.27e-04	3.01e-02	2.18e-01	7.52e-01	0.00e+00	0.00e+00
 8.59390e+15	2.55e-11	3.24e-07	5.10e-04	3.37e-02	2.30e-01	7.36e-01	0.00e+00	0.00e+00
 8.86609e+15	3.41e-11	4.13e-07	6.17e-04	3.80e-02	2.43e-01	7.19e-01	0.00e+00	0.00e+00
 9.16766e+15	4.61e-11	5.32e-07	7.53e-04	4.31e-02	2.57e-01	6.99e-01	0.00e+00	0.00e+00
 9.44929e+15	6.05e-11	6.70e-07	9.02e-04	4.83e-02	2.70e-01	6.81e-01	0.00e+00	0.00e+00
 9.69409e+15	7.61e-11	8.12e-07	1.05e-03	5.32e-02	2.82e-01	6.64e-01	0.00e+00	0.00e+00
 9.94917e+15	9.69e-11	9.93e-07	1.23e-03	5.87e-02	2.94e-01	6.46e-01	0.00e+00	0.00e+00
 1.02292e+16	1.24e-10	1.22e-06	1.45e-03	6.51e-02	3.07e-01	6.27e-01	0.00e+00	0.00e+00
 1.04908e+16	1.56e-10	1.48e-06	1.68e-03	7.13e-02	3.18e-01	6.09e-01	0.00e+00	0.00e+00
 1.07802e+16	2.01e-10	1.82e-06	1.98e-03	7.89e-02	3.31e-01	5.88e-01	0.00e+00	0.00e+00
 1.10942e+16	2.59e-10	2.26e-06	2.35e-03	8.75e-02	3.44e-01	5.66e-01	0.00e+00	0.00e+00
 1.13840e+16	3.26e-10	2.74e-06	2.73e-03	9.59e-02	3.56e-01	5.45e-01	0.00e+00	0.00e+00
 1.17045e+16	4.23e-10	3.39e-06	3.23e-03	1.06e-01	3.69e-01	5.22e-01	0.00e+00	0.00e+00
 1.20529e+16	5.49e-10	4.22e-06	3.83e-03	1.18e-01	3.81e-01	4.97e-01	0.00e+00	0.00e+00
 1.23769e+16	6.95e-10	5.13e-06	4.47e-03	1.29e-01	3.92e-01	4.74e-01	0.00e+00	0.00e+00
 1.27375e+16	9.10e-10	6.41e-06	5.32e-03	1.42e-01	4.04e-01	4.48e-01	0.00e+00	0.00e+00
 1.31171e+16	1.18e-09	7.94e-06	6.30e-03	1.57e-01	4.14e-01	4.22e-01	0.00e+00	0.00e+00
 1.34457e+16	1.47e-09	9.54e-06	7.29e-03	1.71e-01	4.22e-01	4.00e-01	0.00e+00	0.00e+00
 1.37969e+16	1.87e-09	1.17e-05	8.51e-03	1.86e-01	4.30e-01	3.75e-01	0.00e+00	0.00e+00
 1.41832e+16	2.41e-09	1.43e-05	1.00e-02	2.04e-01	4.37e-01	3.50e-01	0.00e+00	0.00e+00
 1.45365e+16	3.00e-09	1.72e-05	1.16e-02	2.20e-01	4.41e-01	3.27e-01	0.00e+00	0.00e+00
 1.48663e+16	3.69e-09	2.04e-05	1.32e-02	2.36e-01	4.44e-01	3.06e-01	0.00e+00	0.00e+00
 1.52444e+16	4.73e-09	2.50e-05	1.54e-02	2.56e-01	4.47e-01	2.82e-01	0.00e+00	0.00e+00
 1.56304e+16	5.92e-09	3.00e-05	1.79e-02	2.76e-01	4.47e-01	2.59e-01	0.00e+00	0.00e+00
 1.59467e+16	7.13e-09	3.50e-05	2.02e-02	2.93e-01	4.45e-01	2.41e-01	0.00e+00	0.00e+00
 1.62782e+16	8.81e-09	4.15e-05	2.30e-02	3.12e-01	4.43e-01	2.22e-01	0.00e+00	0.00e+00
 1.66369e+16	1.10e-08	4.96e-05	2.63e-02	3.32e-01	4.39e-01	2.03e-01	0.00e+00	0.00e+00
 1.69545e+16	1.32e-08	5.77e-05	2.96e-02	3.50e-01	4.33e-01	1.87e-01	0.00e+00	0.00e+00
 1.72452e+16	1.57e-08	6.62e-05	3.30e-02	3.67e-01	4.27e-01	1.72e-01	0.00e+00	0.00e+00
 1.75771e+16	1.95e-08	7.88e-05	3.76e-02	3.88e-01	4.19e-01	1.56e-01	0.00e+00	0.00e+00
 1.79274e+16	2.39e-08	9.28e-05	4.27e-02	4.08e-01	4.09e-01	1.40e-01	0.00e+00	0.00e+00
 1.82298e+16	2.87e-08	1.08e-04	4.78e-02	4.26e-01	3.99e-01	1.27e-01	0.00e+00	0.00e+00
 1.85047e+16	3.44e-08	1.24e-04	5.30e-02	4.43e-01	3.88e-01	1.16e-01	0.00e+00	0.00e+00
 1.87732e+16	4.05e-08	1.42e-04	5.86e-02	4.59e-01	3.77e-01	1.05e-01	0.00e+00	0.00e+00
 1.90795e+16	5.05e-08	1.68e-04	6.62e-02	4.78e-01	3.63e-01	9.30e-02	0.00e+00	0.00e+00
 1.93974e+16	6.21e-08	1.98e-04	7.47e-02	4.96e-01	3.47e-01	8.19e-02	0.00e+00	0.00e+00
 1.96612e+16	7.32e-08	2.25e-04	8.26e-02	5.11e-01	3.33e-01	7.32e-02	0.00e+00	0.00e+00
 1.98976e+16	8.66e-08	2.57e-04	9.07e-02	5.24e-01	3.19e-01	6.56e-02	0.00e+00	0.00e+00
 2.01673e+16	1.02e-07	2.94e-04	1.01e-01	5.39e-01	3.03e-01	5.75e-02	0.00e+00	0.00e+00
 2.04530e+16	1.25e-07	3.45e-04	1.13e-01	5.53e-01	2.84e-01	4.95e-02	0.00e+00	0.00e+00
 2.06899e+16	1.58e-07	4.09e-04	1.25e-01	5.64e-01	2.68e-01	4.28e-02	0.00e+00	0.00e+00
 2.08796e+16	1.81e-07	4.55e-04	1.35e-01	5.72e-01	2.54e-01	3.82e-02	0.00e+00	0.00e+00
 2.10775e+16	2.08e-07	5.06e-04	1.47e-01	5.80e-01	2.39e-01	3.35e-02	0.00e+00	0.00e+00
 2.13008e+16	2.49e-07	5.82e-04	1.61e-01	5.88e-01	2.22e-01	2.86e-02	0.00e+00	0.00e+00
 2.15031e+16	3.14e-07	6.89e-04	1.77e-01	5.94e-01	2.05e-01	2.41e-02	0.00e+00	0.00e+00
 2.16550e+16	3.59e-07	7.62e-04	1.89e-01	5.97e-01	1.92e-01	2.12e-02	0.00e+00	0.00e+00
 2.17954e+16	3.95e-07	8.23e-04	2.00e-01	6.00e-01	1.80e-01	1.87e-02	0.00e+00	0.00e+00
 2.19778e+16	4.69e-07	9.36e-04	2.17e-01	6.03e-01	1.64e-01	1.55e-02	0.00e+00	0.00e+00
 2.21400e+16	5.52e-07	1.06e-03	2.33e-01	6.03e-01	1.49e-01	1.30e-02	0.00e+00	0.00e+00
 2.22348e+16	6.39e-07	1.17e-03	2.44e-01	6.03e-01	1.40e-01	1.15e-02	0.00e+00	0.00e+00
 2.22982e+16	6.82e-07	1.23e-03	2.51e-01	6.03e-01	1.35e-01	1.06e-02	0.00e+00	0.00e+00
 2.23620e+16	7.34e-07	1.30e-03	2.58e-01	6.02e-01	1.29e-01	9.69e-03	0.00e+00	0.00e+00
 2.24449e+16	8.03e-07	1.38e-03	2.68e-01	6.01e-01	1.21e-01	8.61e-03	0.00e+00	0.00e+00
 2.25528e+16	9.11e-07	1.52e-03	2.81e-01	5.99e-01	1.11e-01	7.30e-03	0.00e+00	0.00e+00
 2.26597e+16	1.04e-06	1.67e-03	2.95e-01	5.97e-01	1.01e-01	6.13e-03	0.00e+00	0.00e+00
 2.27396e+16	1.13e-06	1.78e-03	3.05e-01	5.94e-01	9.39e-02	5.35e-03	0.00e+00	0.00e+00
 2.28174e+16	1.22e-06	1.88e-03	3.15e-01	5.92e-01	8.68e-02	4.64e-03	0.00e+00	0.00e+00
 2.29186e+16	1.44e-06	2.10e-03	3.30e-01	5.87e-01	7.74e-02	3.73e-03	0.00e+00	0.00e+00
 2.30113e+16	1.56e-06	2.24e-03	3.41e-01	5.84e-01	7.00e-02	3.11e-03	0.00e+00	0.00e+00
 2.30931e+16	1.79e-06	2.46e-03	3.54e-01	5.79e-01	6.28e-02	2.53e-03	0.00e+00	0.00e+00
 2.31743e+16	1.98e-06	2.65e-03	3.65e-01	5.74e-01	5.65e-02	2.08e-03	0.00e+00	0.00e+00
 2.32433e+16	2.17e-06	2.83e-03	3.75e-01	5.70e-01	5.12e-02	1.74e-03	0.00e+00	0.00e+00
 2.33213e+16	2.42e-06	3.05e-03	3.86e-01	5.64e-01	4.55e-02	1.39e-03	0.00e+00	0.00e+00
 2.34075e+16	2.71e-06	3.30e-03	3.98e-01	5.58e-01	3.98e-02	1.09e-03	0.00e+00	0.00e+00
 2.34882e+16	3.02e-06	3.57e-03	4.09e-01	5.52e-01	3.48e-02	8.49e-04	0.00e+00	0.00e+00
 2.35771e+16	3.41e-06	3.88e-03	4.22e-01	5.44e-01	2.97e-02	6.35e-04	0.00e+00	0.00e+00
 2.36744e+16	3.87e-06	4.24e-03	4.34e-01	5.36e-01	2.50e-02	4.59e-04	0.00e+00	0.00e+00
 2.37652e+16	4.37e-06	4.61e-03	4.46e-01	5.28e-01	2.10e-02	3.35e-04	0.00e+00	0.00e+00
 2.38660e+16	4.98e-06	5.05e-03	4.59e-01	5.18e-01	1.73e-02	2.32e-04	0.00e+00	0.00e+00
 2.39971e+16	5.88e-06	5.66e-03	4.75e-01	5.06e-01	1.33e-02	1.43e-04	0.00e+00	0.00e+00
 2.41368e+16	6.97e-06	6.36e-03	4.91e-01	4.92e-01	1.01e-02	8.55e-05	0.00e+00	0.00e+00
 2.42659e+16	8.15e-06	7.07e-03	5.05e-01	4.80e-01	7.84e-03	5.29e-05	0.00e+00	0.00e+00
 2.44121e+16	9.68e-06	7.95e-03	5.21e-01	4.65e-01	5.87e-03	3.06e-05	0.00e+00	0.00e+00
 2.45488e+16	1.13e-05	8.83e-03	5.35e-01	4.51e-01	4.56e-03	1.89e-05	0.00e+00	0.00e+00
 2.46445e+16	1.27e-05	9.52e-03	5.45e-01	4.42e-01	3.82e-03	1.35e-05	0.00e+00	0.00e+00
 2.47402e+16	1.41e-05	1.03e-02	5.55e-01	4.32e-01	3.19e-03	9.57e-06	0.00e+00	0.00e+00
 2.48646e+16	1.63e-05	1.13e-02	5.68e-01	4.19e-01	2.53e-03	6.16e-06	0.00e+00	0.00e+00
 2.50012e+16	1.92e-05	1.26e-02	5.82e-01	4.04e-01	1.98e-03	3.85e-06	0.00e+00	0.00e+00
 2.51242e+16	2.22e-05	1.39e-02	5.94e-01	3.90e-01	1.60e-03	2.56e-06	0.00e+00	0.00e+00
 2.52362e+16	2.53e-05	1.52e-02	6.06e-01	3.78e-01	1.32e-03	1.76e-06	0.00e+00	0.00e+00
 2.53636e+16	2.95e-05	1.68e-02	6.19e-01	3.63e-01	1.05e-03	1.15e-06	0.00e+00	0.00e+00
 2.55041e+16	3.53e-05	1.90e-02	6.33e-01	3.47e-01	8.28e-04	7.25e-07	0.00e+00	0.00e+00
 2.56300e+16	4.15e-05	2.11e-02	6.46e-01	3.32e-01	6.70e-04	0.00e+00	0.00e+00	0.00e+00
 2.57317e+16	4.75e-05	2.32e-02	6.57e-01	3.19e-01	5.64e-04	0.00e+00	0.00e+00	0.00e+00
 2.58172e+16	5.33e-05	2.50e-02	6.66e-01	3.09e-01	4.88e-04	0.00e+00	0.00e+00	0.00e+00
 2.59116e+16	6.06e-05	2.73e-02	6.75e-01	2.97e-01	4.13e-04	0.00e+00	0.00e+00	0.00e+00
 2.60174e+16	7.04e-05	3.02e-02	6.86e-01	2.83e-01	3.44e-04	0.00e+00	0.00e+00	0.00e+00
 2.61144e+16	8.10e-05	3.32e-02	6.96e-01	2.71e-01	2.90e-04	0.00e+00	0.00e+00	0.00e+00
 2.61991e+16	9.19e-05	3.61e-02	7.04e-01	2.59e-01	2.50e-04	0.00e+00	0.00e+00	0.00e+00
 2.62914e+16	1.05e-04	3.96e-02	7.13e-01	2.47e-01	2.11e-04	0.00e+00	0.00e+00	0.00e+00
 2.63910e+16	1.23e-04	4.40e-02	7.22e-01	2.34e-01	1.76e-04	0.00e+00	0.00e+00	0.00e+00
 2.64768e+16	1.42e-04	4.83e-02	7.29e-01	2.22e-01	1.50e-04	0.00e+00	0.00e+00	0.00e+00
 2.65510e+16	1.60e-04	5.24e-02	7.35e-01	2.12e-01	1.30e-04	0.00e+00	0.00e+00	0.00e+00
 2.66333e+16	1.84e-04	5.75e-02	7.42e-01	2.00e-01	1.11e-04	0.00e+00	0.00e+00	0.00e+00
 2.67233e+16	2.15e-04	6.38e-02	7.48e-01	1.88e-01	9.27e-05	0.00e+00	0.00e+00	0.00e+00
 2.68023e+16	2.48e-04	7.02e-02	7.52e-01	1.77e-01	7.90e-05	0.00e+00	0.00e+00	0.00e+00
 2.68703e+16	2.80e-04	7.63e-02	7.56e-01	1.68e-01	6.85e-05	0.00e+00	0.00e+00	0.00e+00
 2.69444e+16	3.22e-04	8.37e-02	7.59e-01	1.57e-01	5.82e-05	0.00e+00	0.00e+00	0.00e+00
 2.70257e+16	3.77e-04	9.29e-02	7.61e-01	1.46e-01	4.86e-05	0.00e+00	0.00e+00	0.00e+00
 2.70976e+16	4.35e-04	1.02e-01	7.61e-01	1.36e-01	4.12e-05	0.00e+00	0.00e+00	0.00e+00
 2.71597e+16	4.94e-04	1.11e-01	7.61e-01	1.28e-01	3.55e-05	0.00e+00	0.00e+00	0.00e+00
 2.72274e+16	5.68e-04	1.22e-01	7.59e-01	1.18e-01	3.00e-05	0.00e+00	0.00e+00	0.00e+00
 2.73018e+16	6.67e-04	1.36e-01	7.55e-01	1.08e-01	2.48e-05	0.00e+00	0.00e+00	0.00e+00
 2.73676e+16	7.74e-04	1.49e-01	7.50e-01	9.97e-02	2.08e-05	0.00e+00	0.00e+00	0.00e+00
 2.74249e+16	8.80e-04	1.62e-01	7.44e-01	9.22e-02	1.77e-05	0.00e+00	0.00e+00	0.00e+00
 2.74881e+16	1.02e-03	1.79e-01	7.36e-01	8.40e-02	1.47e-05	0.00e+00	0.00e+00	0.00e+00
 2.75577e+16	1.20e-03	1.99e-01	7.25e-01	7.53e-02	1.19e-05	0.00e+00	0.00e+00	0.00e+00
 2.76199e+16	1.41e-03	2.20e-01	7.11e-01	6.77e-02	9.74e-06	0.00e+00	0.00e+00	0.00e+00
 2.76745e+16	1.62e-03	2.40e-01	6.97e-01	6.11e-02	8.09e-06	0.00e+00	0.00e+00	0.00e+00
 2.77348e+16	1.90e-03	2.64e-01	6.80e-01	5.41e-02	6.50e-06	0.00e+00	0.00e+00	0.00e+00
 2.78022e+16	2.27e-03	2.95e-01	6.56e-01	4.67e-02	5.01e-06	0.00e+00	0.00e+00	0.00e+00
 2.78643e+16	2.70e-03	3.28e-01	6.29e-01	4.01e-02	3.87e-06	0.00e+00	0.00e+00	0.00e+00
 2.79205e+16	3.16e-03	3.61e-01	6.02e-01	3.44e-02	3.01e-06	0.00e+00	0.00e+00	0.00e+00
 2.79836e+16	3.79e-03	4.01e-01	5.67e-01	2.85e-02	2.22e-06	0.00e+00	0.00e+00	0.00e+00
 2.80513e+16	4.65e-03	4.49e-01	5.23e-01	2.26e-02	1.55e-06	0.00e+00	0.00e+00	0.00e+00
 2.81084e+16	5.57e-03	4.95e-01	4.81e-01	1.81e-02	1.11e-06	0.00e+00	0.00e+00	0.00e+00
 2.81536e+16	6.41e-03	5.33e-01	4.45e-01	1.49e-02	8.25e-07	0.00e+00	0.00e+00	0.00e+00
 2.81940e+16	7.31e-03	5.69e-01	4.11e-01	1.23e-02	0.00e+00	0.00e+00	0.00e+00	0.00e+00
 2.82403e+16	8.46e-03	6.11e-01	3.71e-01	9.67e-03	0.00e+00	0.00e+00	0.00e+00	0.00e+00
 2.82897e+16	9.95e-03	6.57e-01	3.26e-01	7.25e-03	0.00e+00	0.00e+00	0.00e+00	0.00e+00
 2.83309e+16	1.15e-02	6.97e-01	2.86e-01	5.51e-03	0.00e+00	0.00e+00	0.00e+00	0.00e+00
 2.83644e+16	1.28e-02	7.28e-01	2.55e-01	4.33e-03	0.00e+00	0.00e+00	0.00e+00	0.00e+00
 2.84000e+16	1.45e-02	7.60e-01	2.23e-01	3.28e-03	0.00e+00	0.00e+00	0.00e+00	0.00e+00
 2.84395e+16	1.66e-02	7.93e-01	1.88e-01	2.34e-03	0.00e+00	0.00e+00	0.00e+00	0.00e+00
 2.84743e+16	1.89e-02	8.22e-01	1.58e-01	1.67e-03	0.00e+00	0.00e+00	0.00e+00	0.00e+00
 2.85031e+16	2.10e-02	8.43e-01	1.35e-01	1.23e-03	0.00e+00	0.00e+00	0.00e+00	0.00e+00
 2.85292e+16	2.31e-02	8.60e-01	1.16e-01	9.22e-04	0.00e+00	0.00e+00	0.00e+00	0.00e+00
 2.85587e+16	2.58e-02	8.78e-01	9.60e-02	6.49e-04	0.00e+00	0.00e+00	0.00e+00	0.00e+00
 2.85911e+16	2.92e-02	8.94e-01	7.65e-02	4.27e-04	0.00e+00	0.00e+00	0.00e+00	0.00e+00
 2.86191e+16	3.26e-02	9.06e-01	6.15e-02	2.86e-04	0.00e+00	0.00e+00	0.00e+00	0.00e+00
 2.86420e+16	3.58e-02	9.13e-01	5.09e-02	2.02e-04	0.00e+00	0.00e+00	0.00e+00	0.00e+00
 2.86664e+16	3.95e-02	9.19e-01	4.11e-02	1.37e-04	0.00e+00	0.00e+00	0.00e+00	0.00e+00
 2.86927e+16	4.43e-02	9.23e-01	3.21e-02	8.75e-05	0.00e+00	0.00e+00	0.00e+00	0.00e+00
 2.87154e+16	4.90e-02	9.25e-01	2.55e-02	5.78e-05	0.00e+00	0.00e+00	0.00e+00	0.00e+00
 2.87345e+16	5.33e-02	9.26e-01	2.08e-02	4.00e-05	0.00e+00	0.00e+00	0.00e+00	0.00e+00
 2.87546e+16	5.84e-02	9.25e-01	1.66e-02	2.67e-05	0.00e+00	0.00e+00	0.00e+00	0.00e+00
 2.87760e+16	6.41e-02	9.23e-01	1.29e-02	1.70e-05	0.00e+00	0.00e+00	0.00e+00	0.00e+00
 2.87945e+16	7.00e-02	9.20e-01	1.03e-02	1.13e-05	0.00e+00	0.00e+00	0.00e+00	0.00e+00
 2.88104e+16	7.56e-02	9.16e-01	8.34e-03	7.78e-06	0.00e+00	0.00e+00	0.00e+00	0.00e+00
 2.88254e+16	8.12e-02	9.12e-01	6.84e-03	5.44e-06	0.00e+00	0.00e+00	0.00e+00	0.00e+00
 2.88395e+16	8.68e-02	9.08e-01	5.63e-03	3.84e-06	0.00e+00	0.00e+00	0.00e+00	0.00e+00
 2.88524e+16	9.23e-02	9.03e-01	4.69e-03	2.77e-06	0.00e+00	0.00e+00	0.00e+00	0.00e+00
 2.88641e+16	9.76e-02	8.98e-01	3.95e-03	2.04e-06	0.00e+00	0.00e+00	0.00e+00	0.00e+00
 2.88729e+16	1.02e-01	8.95e-01	3.48e-03	1.62e-06	0.00e+00	0.00e+00	0.00e+00	0.00e+00
 2.88785e+16	1.04e-01	8.92e-01	3.19e-03	1.39e-06	0.00e+00	0.00e+00	0.00e+00	0.00e+00
 2.88839e+16	1.07e-01	8.90e-01	2.94e-03	1.20e-06	0.00e+00	0.00e+00	0.00e+00	0.00e+00
 2.88902e+16	1.11e-01	8.87e-01	2.67e-03	1.01e-06	0.00e+00	0.00e+00	0.00e+00	0.00e+00
 2.88971e+16	1.14e-01	8.83e-01	2.39e-03	8.29e-07	0.00e+00	0.00e+00	0.00e+00	0.00e+00
 2.89037e+16	1.18e-01	8.80e-01	2.16e-03	0.00e+00	0.00e+00	0.00e+00	0.00e+00	0.00e+00
 2.89098e+16	1.21e-01	8.77e-01	1.96e-03	0.00e+00	0.00e+00	0.00e+00	0.00e+00	0.00e+00
 2.89159e+16	1.25e-01	8.73e-01	1.77e-03	0.00e+00	0.00e+00	0.00e+00	0.00e+00	0.00e+00
 2.89220e+16	1.29e-01	8.69e-01	1.60e-03	0.00e+00	0.00e+00	0.00e+00	0.00e+00	0.00e+00
 2.89281e+16	1.33e-01	8.66e-01	1.45e-03	0.00e+00	0.00e+00	0.00e+00	0.00e+00	0.00e+00
 2.89342e+16	1.37e-01	8.62e-01	1.31e-03	0.00e+00	0.00e+00	0.00e+00	0.00e+00	0.00e+00
 2.89400e+16	1.41e-01	8.58e-01	1.18e-03	0.00e+00	0.00e+00	0.00e+00	0.00e+00	0.00e+00
 2.89458e+16	1.45e-01	8.54e-01	1.07e-03	0.00e+00	0.00e+00	0.00e+00	0.00e+00	0.00e+00
 2.89516e+16	1.49e-01	8.50e-01	9.66e-04	0.00e+00	0.00e+00	0.00e+00	0.00e+00	0.00e+00
 2.89574e+16	1.54e-01	8.45e-01	8.73e-04	0.00e+00	0.00e+00	0.00e+00	0.00e+00	0.00e+00
 2.89631e+16	1.58e-01	8.41e-01	7.88e-04	0.00e+00	0.00e+00	0.00e+00	0.00e+00	0.00e+00
 2.89687e+16	1.63e-01	8.36e-01	7.13e-04	0.00e+00	0.00e+00	0.00e+00	0.00e+00	0.00e+00
 2.89742e+16	1.68e-01	8.31e-01	6.43e-04	0.00e+00	0.00e+00	0.00e+00	0.00e+00	0.00e+00
 2.89798e+16	1.73e-01	8.27e-01	5.80e-04	0.00e+00	0.00e+00	0.00e+00	0.00e+00	0.00e+00
 2.89852e+16	1.78e-01	8.21e-01	5.24e-04	0.00e+00	0.00e+00	0.00e+00	0.00e+00	0.00e+00
 2.89906e+16	1.83e-01	8.16e-01	4.73e-04	0.00e+00	0.00e+00	0.00e+00	0.00e+00	0.00e+00
 2.89959e+16	1.89e-01	8.10e-01	4.26e-04	0.00e+00	0.00e+00	0.00e+00	0.00e+00	0.00e+00
 2.90013e+16	1.95e-01	8.05e-01	3.84e-04	0.00e+00	0.00e+00	0.00e+00	0.00e+00	0.00e+00
 2.90065e+16	2.01e-01	7.99e-01	3.47e-04	0.00e+00	0.00e+00	0.00e+00	0.00e+00	0.00e+00
 2.90117e+16	2.07e-01	7.92e-01	3.13e-04	0.00e+00	0.00e+00	0.00e+00	0.00e+00	0.00e+00
 2.90168e+16	2.14e-01	7.86e-01	2.82e-04	0.00e+00	0.00e+00	0.00e+00	0.00e+00	0.00e+00
 2.90220e+16	2.21e-01	7.79e-01	2.53e-04	0.00e+00	0.00e+00	0.00e+00	0.00e+00	0.00e+00
 2.90270e+16	2.28e-01	7.71e-01	2.28e-04	0.00e+00	0.00e+00	0.00e+00	0.00e+00	0.00e+00
 2.90320e+16	2.36e-01	7.63e-01	2.05e-04	0.00e+00	0.00e+00	0.00e+00	0.00e+00	0.00e+00
 2.90370e+16	2.44e-01	7.56e-01	1.84e-04	0.00e+00	0.00e+00	0.00e+00	0.00e+00	0.00e+00
 2.90418e+16	2.53e-01	7.46e-01	1.66e-04	0.00e+00	0.00e+00	0.00e+00	0.00e+00	0.00e+00
 2.90466e+16	2.62e-01	7.37e-01	1.49e-04	0.00e+00	0.00e+00	0.00e+00	0.00e+00	0.00e+00
 2.90512e+16	2.72e-01	7.28e-01	1.34e-04	0.00e+00	0.00e+00	0.00e+00	0.00e+00	0.00e+00
 2.90559e+16	2.82e-01	7.18e-01	1.21e-04	0.00e+00	0.00e+00	0.00e+00	0.00e+00	0.00e+00
 2.90604e+16	2.92e-01	7.08e-01	1.09e-04	0.00e+00	0.00e+00	0.00e+00	0.00e+00	0.00e+00
 2.90649e+16	3.05e-01	6.95e-01	9.77e-05	0.00e+00	0.00e+00	0.00e+00	0.00e+00	0.00e+00
 2.90693e+16	3.15e-01	6.85e-01	8.81e-05	0.00e+00	0.00e+00	0.00e+00	0.00e+00	0.00e+00
 2.90736e+16	3.29e-01	6.71e-01	7.90e-05	0.00e+00	0.00e+00	0.00e+00	0.00e+00	0.00e+00
 2.90779e+16	3.42e-01	6.58e-01	7.10e-05	0.00e+00	0.00e+00	0.00e+00	0.00e+00	0.00e+00
 2.90821e+16	3.56e-01	6.44e-01	6.38e-05	0.00e+00	0.00e+00	0.00e+00	0.00e+00	0.00e+00
 2.90863e+16	3.70e-01	6.30e-01	5.72e-05	0.00e+00	0.00e+00	0.00e+00	0.00e+00	0.00e+00
 2.90905e+16	3.86e-01	6.14e-01	5.12e-05	0.00e+00	0.00e+00	0.00e+00	0.00e+00	0.00e+00
 2.90946e+16	4.02e-01	5.98e-01	4.58e-05	0.00e+00	0.00e+00	0.00e+00	0.00e+00	0.00e+00
 2.90986e+16	4.22e-01	5.78e-01	4.07e-05	0.00e+00	0.00e+00	0.00e+00	0.00e+00	0.00e+00
 2.91026e+16	4.41e-01	5.59e-01	3.63e-05	0.00e+00	0.00e+00	0.00e+00	0.00e+00	0.00e+00
 2.91066e+16	4.60e-01	5.40e-01	3.24e-05	0.00e+00	0.00e+00	0.00e+00	0.00e+00	0.00e+00
 2.91105e+16	4.80e-01	5.20e-01	2.87e-05	0.00e+00	0.00e+00	0.00e+00	0.00e+00	0.00e+00
 2.91145e+16	5.01e-01	4.99e-01	2.54e-05	0.00e+00	0.00e+00	0.00e+00	0.00e+00	0.00e+00
 2.91184e+16	5.24e-01	4.76e-01	2.24e-05	0.00e+00	0.00e+00	0.00e+00	0.00e+00	0.00e+00
 2.91223e+16	5.48e-01	4.52e-01	1.97e-05	0.00e+00	0.00e+00	0.00e+00	0.00e+00	0.00e+00
 2.91262e+16	5.70e-01	4.30e-01	1.74e-05	0.00e+00	0.00e+00	0.00e+00	0.00e+00	0.00e+00
 2.91301e+16	5.94e-01	4.06e-01	1.52e-05	0.00e+00	0.00e+00	0.00e+00	0.00e+00	0.00e+00
 2.91340e+16	6.19e-01	3.81e-01	1.32e-05	0.00e+00	0.00e+00	0.00e+00	0.00e+00	0.00e+00
 2.91379e+16	6.44e-01	3.56e-01	1.15e-05	0.00e+00	0.00e+00	0.00e+00	0.00e+00	0.00e+00
 2.91413e+16	6.65e-01	3.35e-01	1.01e-05	0.00e+00	0.00e+00	0.00e+00	0.00e+00	0.00e+00
 2.91438e+16	6.80e-01	3.20e-01	9.23e-06	0.00e+00	0.00e+00	0.00e+00	0.00e+00	0.00e+00
 2.91461e+16	6.95e-01	3.05e-01	8.44e-06	0.00e+00	0.00e+00	0.00e+00	0.00e+00	0.00e+00
 2.91486e+16	7.10e-01	2.90e-01	7.68e-06	0.00e+00	0.00e+00	0.00e+00	0.00e+00	0.00e+00
 2.91512e+16	7.27e-01	2.73e-01	6.90e-06	0.00e+00	0.00e+00	0.00e+00	0.00e+00	0.00e+00
 2.91536e+16	7.41e-01	2.59e-01	6.26e-06	0.00e+00	0.00e+00	0.00e+00	0.00e+00	0.00e+00
