#depth	He	He+	He+2
 1.49634e+10	5.02e-23	5.20e-12	1.00e+00
 4.54887e+10	5.64e-23	5.63e-12	1.00e+00
 7.72350e+10	6.30e-23	6.10e-12	1.00e+00
 1.10251e+11	7.04e-23	6.60e-12	1.00e+00
 1.44588e+11	7.88e-23	7.14e-12	1.00e+00
 1.80298e+11	8.84e-23	7.73e-12	1.00e+00
 2.17437e+11	9.91e-23	8.37e-12	1.00e+00
 2.56061e+11	1.11e-22	9.06e-12	1.00e+00
 2.96231e+11	1.25e-22	9.82e-12	1.00e+00
 3.38007e+11	1.41e-22	1.06e-11	1.00e+00
 3.81454e+11	1.59e-22	1.15e-11	1.00e+00
 4.26639e+11	1.80e-22	1.25e-11	1.00e+00
 4.73631e+11	2.04e-22	1.35e-11	1.00e+00
 5.19621e+11	2.29e-22	1.46e-11	1.00e+00
 5.62173e+11	2.55e-22	1.56e-11	1.00e+00
 6.09309e+11	2.85e-22	1.68e-11	1.00e+00
 6.63608e+11	3.25e-22	1.82e-11	1.00e+00
 7.16996e+11	3.68e-22	1.96e-11	1.00e+00
 7.72519e+11	4.16e-22	2.12e-11	1.00e+00
 8.33346e+11	4.76e-22	2.30e-11	1.00e+00
 8.95083e+11	5.43e-22	2.49e-11	1.00e+00
 9.59289e+11	6.19e-22	2.69e-11	1.00e+00
 1.02759e+12	7.11e-22	2.92e-11	1.00e+00
 1.09862e+12	8.16e-22	3.17e-11	1.00e+00
 1.17249e+12	9.38e-22	3.44e-11	1.00e+00
 1.24932e+12	1.08e-21	3.74e-11	1.00e+00
 1.32922e+12	1.24e-21	4.06e-11	1.00e+00
 1.41231e+12	1.43e-21	4.41e-11	1.00e+00
 1.49873e+12	1.66e-21	4.79e-11	1.00e+00
 1.58009e+12	1.89e-21	5.17e-11	1.00e+00
 1.65299e+12	2.12e-21	5.52e-11	1.00e+00
 1.73488e+12	2.40e-21	5.93e-11	1.00e+00
 1.83175e+12	2.77e-21	6.44e-11	1.00e+00
 1.92859e+12	3.19e-21	6.97e-11	1.00e+00
 2.01969e+12	3.62e-21	7.50e-11	1.00e+00
 2.12079e+12	4.14e-21	8.11e-11	1.00e+00
 2.23555e+12	4.82e-21	8.83e-11	1.00e+00
 2.35009e+12	5.57e-21	9.60e-11	1.00e+00
 2.46922e+12	6.43e-21	1.04e-10	1.00e+00
 2.59792e+12	7.49e-21	1.14e-10	1.00e+00
 2.73176e+12	8.71e-21	1.24e-10	1.00e+00
 2.85802e+12	1.00e-20	1.34e-10	1.00e+00
 2.97165e+12	1.13e-20	1.44e-10	1.00e+00
 3.09952e+12	1.28e-20	1.56e-10	1.00e+00
 3.25019e+12	1.49e-20	1.70e-10	1.00e+00
 3.40071e+12	1.73e-20	1.85e-10	1.00e+00
 3.54197e+12	1.97e-20	1.99e-10	1.00e+00
 3.69829e+12	2.25e-20	2.16e-10	1.00e+00
 3.87615e+12	2.63e-20	2.37e-10	1.00e+00
 4.05128e+12	3.03e-20	2.58e-10	1.00e+00
 4.23341e+12	3.50e-20	2.82e-10	1.00e+00
 4.43268e+12	4.07e-20	3.09e-10	1.00e+00
 4.63401e+12	4.71e-20	3.38e-10	1.00e+00
 4.84339e+12	5.43e-20	3.71e-10	1.00e+00
 5.05922e+12	6.28e-20	4.06e-10	1.00e+00
 5.27151e+12	7.18e-20	4.43e-10	1.00e+00
 5.50014e+12	8.23e-20	4.84e-10	1.00e+00
 5.75007e+12	9.52e-20	5.33e-10	1.00e+00
 6.01000e+12	1.10e-19	5.86e-10	1.00e+00
 6.28032e+12	1.27e-19	6.46e-10	1.00e+00
 6.56146e+12	1.46e-19	7.11e-10	1.00e+00
 6.81587e+12	1.65e-19	7.74e-10	1.00e+00
 7.02808e+12	1.82e-19	8.29e-10	1.00e+00
 7.26067e+12	2.01e-19	8.92e-10	1.00e+00
 7.55494e+12	2.28e-19	9.76e-10	1.00e+00
 7.86169e+12	2.58e-19	1.07e-09	1.00e+00
 8.12358e+12	2.86e-19	1.15e-09	1.00e+00
 8.39485e+12	3.16e-19	1.24e-09	1.00e+00
 8.73410e+12	3.58e-19	1.36e-09	1.00e+00
 9.07827e+12	4.05e-19	1.49e-09	1.00e+00
 9.37663e+12	4.49e-19	1.60e-09	1.00e+00
 9.69891e+12	4.98e-19	1.73e-09	1.00e+00
 1.00937e+13	5.65e-19	1.90e-09	1.00e+00
 1.04964e+13	6.40e-19	2.08e-09	1.00e+00
 1.08636e+13	7.13e-19	2.26e-09	1.00e+00
 1.12705e+13	8.00e-19	2.45e-09	1.00e+00
 1.17455e+13	9.14e-19	2.70e-09	1.00e+00
 1.22169e+13	1.04e-18	2.96e-09	1.00e+00
 1.26665e+13	1.17e-18	3.21e-09	1.00e+00
 1.31625e+13	1.33e-18	3.51e-09	1.00e+00
 1.37189e+13	1.53e-18	3.85e-09	1.00e+00
 1.42772e+13	1.75e-18	4.22e-09	1.00e+00
 1.47765e+13	1.97e-18	4.56e-09	1.00e+00
 1.52199e+13	2.18e-18	4.87e-09	1.00e+00
 1.57227e+13	2.45e-18	5.24e-09	1.00e+00
 1.62822e+13	2.78e-18	5.67e-09	1.00e+00
 1.68071e+13	3.12e-18	6.09e-09	1.00e+00
 1.73813e+13	3.53e-18	6.56e-09	1.00e+00
 1.80248e+13	4.03e-18	7.12e-09	1.00e+00
 1.86359e+13	4.57e-18	7.66e-09	1.00e+00
 1.93075e+13	5.22e-18	8.29e-09	1.00e+00
 2.00593e+13	6.04e-18	9.02e-09	1.00e+00
 2.07728e+13	6.91e-18	9.74e-09	1.00e+00
 2.14315e+13	7.80e-18	1.04e-08	1.00e+00
 2.21614e+13	8.88e-18	1.12e-08	1.00e+00
 2.29805e+13	1.02e-17	1.22e-08	1.00e+00
 2.37562e+13	1.17e-17	1.31e-08	1.00e+00
 2.46048e+13	1.34e-17	1.41e-08	1.00e+00
 2.55434e+13	1.56e-17	1.53e-08	1.00e+00
 2.64141e+13	1.78e-17	1.65e-08	1.00e+00
 2.73612e+13	2.05e-17	1.77e-08	1.00e+00
 2.84210e+13	2.39e-17	1.93e-08	1.00e+00
 2.94226e+13	2.75e-17	2.08e-08	1.00e+00
 3.05127e+13	3.19e-17	2.24e-08	1.00e+00
 3.17272e+13	3.74e-17	2.44e-08	1.00e+00
 3.28813e+13	4.32e-17	2.63e-08	1.00e+00
 3.41174e+13	5.02e-17	2.85e-08	1.00e+00
 3.55120e+13	5.91e-17	3.10e-08	1.00e+00
 3.68929e+13	6.91e-17	3.37e-08	1.00e+00
 3.83289e+13	8.08e-17	3.65e-08	1.00e+00
 3.98920e+13	9.51e-17	3.97e-08	1.00e+00
 4.15176e+13	1.12e-16	4.32e-08	1.00e+00
 4.32082e+13	1.32e-16	4.70e-08	1.00e+00
 4.48682e+13	1.54e-16	5.08e-08	1.00e+00
 4.64146e+13	1.77e-16	5.46e-08	1.00e+00
 4.81212e+13	2.05e-16	5.88e-08	1.00e+00
 4.98721e+13	2.37e-16	6.33e-08	1.00e+00
 5.13397e+13	2.67e-16	6.73e-08	1.00e+00
 5.28919e+13	3.01e-16	7.15e-08	1.00e+00
 5.48595e+13	3.49e-16	7.71e-08	1.00e+00
 5.69125e+13	4.05e-16	8.32e-08	1.00e+00
 5.87384e+13	4.60e-16	8.87e-08	1.00e+00
 6.07240e+13	5.26e-16	9.50e-08	1.00e+00
 6.29339e+13	6.08e-16	1.02e-07	1.00e+00
 6.49958e+13	6.92e-16	1.09e-07	1.00e+00
 6.72367e+13	7.93e-16	1.17e-07	1.00e+00
 6.97356e+13	9.19e-16	1.26e-07	1.00e+00
 7.20762e+13	1.05e-15	1.35e-07	1.00e+00
 7.46250e+13	1.21e-15	1.44e-07	1.00e+00
 7.74702e+13	1.40e-15	1.56e-07	1.00e+00
 8.01438e+13	1.60e-15	1.67e-07	1.00e+00
 8.30559e+13	1.85e-15	1.79e-07	1.00e+00
 8.63133e+13	2.16e-15	1.93e-07	1.00e+00
 8.94004e+13	2.48e-15	2.07e-07	1.00e+00
 9.27058e+13	2.86e-15	2.23e-07	1.00e+00
 9.64439e+13	3.35e-15	2.42e-07	1.00e+00
 1.00126e+14	3.89e-15	2.60e-07	1.00e+00
 1.03956e+14	4.51e-15	2.81e-07	1.00e+00
 1.08144e+14	5.28e-15	3.04e-07	1.00e+00
 1.12405e+14	6.16e-15	3.28e-07	1.00e+00
 1.16836e+14	7.18e-15	3.54e-07	1.00e+00
 1.21267e+14	8.32e-15	3.82e-07	1.00e+00
 1.25463e+14	9.52e-15	4.09e-07	1.00e+00
 1.30099e+14	1.10e-14	4.40e-07	1.00e+00
 1.34743e+14	1.26e-14	4.72e-07	1.00e+00
 1.38600e+14	1.41e-14	4.99e-07	1.00e+00
 1.42692e+14	1.59e-14	5.29e-07	1.00e+00
 1.47920e+14	1.83e-14	5.69e-07	1.00e+00
 1.53405e+14	2.12e-14	6.13e-07	1.00e+00
 1.58263e+14	2.40e-14	6.53e-07	1.00e+00
 1.63522e+14	2.73e-14	6.98e-07	1.00e+00
 1.69840e+14	3.18e-14	7.54e-07	1.00e+00
 1.76239e+14	3.69e-14	8.13e-07	1.00e+00
 1.82239e+14	4.22e-14	8.70e-07	1.00e+00
 1.88903e+14	4.87e-14	9.37e-07	1.00e+00
 1.95959e+14	5.64e-14	1.01e-06	1.00e+00
 2.02232e+14	6.40e-14	1.08e-06	1.00e+00
 2.08983e+14	7.30e-14	1.15e-06	1.00e+00
 2.17070e+14	8.50e-14	1.25e-06	1.00e+00
 2.25029e+14	9.83e-14	1.34e-06	1.00e+00
 2.32122e+14	1.11e-13	1.43e-06	1.00e+00
 2.39952e+14	1.27e-13	1.54e-06	1.00e+00
 2.49280e+14	1.48e-13	1.66e-06	1.00e+00
 2.58535e+14	1.71e-13	1.79e-06	1.00e+00
 2.66999e+14	1.95e-13	1.92e-06	1.00e+00
 2.76456e+14	2.24e-13	2.06e-06	1.00e+00
 2.87452e+14	2.62e-13	2.23e-06	1.00e+00
 2.98249e+14	3.03e-13	2.41e-06	1.00e+00
 3.08469e+14	3.46e-13	2.58e-06	1.00e+00
 3.19829e+14	3.99e-13	2.78e-06	1.00e+00
 3.32652e+14	4.66e-13	3.02e-06	1.00e+00
 3.44823e+14	5.36e-13	3.25e-06	1.00e+00
 3.55912e+14	6.06e-13	3.47e-06	1.00e+00
 3.68457e+14	6.94e-13	3.72e-06	1.00e+00
 3.83073e+14	8.07e-13	4.03e-06	1.00e+00
 3.97096e+14	9.27e-13	4.34e-06	1.00e+00
 4.09795e+14	1.05e-12	4.63e-06	1.00e+00
 4.21757e+14	1.17e-12	4.91e-06	1.00e+00
 4.35005e+14	1.32e-12	5.23e-06	1.00e+00
 4.49815e+14	1.50e-12	5.60e-06	1.00e+00
 4.63811e+14	1.68e-12	5.96e-06	1.00e+00
 4.79159e+14	1.90e-12	6.37e-06	1.00e+00
 4.96346e+14	2.17e-12	6.84e-06	1.00e+00
 5.12559e+14	2.45e-12	7.30e-06	1.00e+00
 5.30273e+14	2.79e-12	7.83e-06	1.00e+00
 5.49854e+14	3.19e-12	8.43e-06	1.00e+00
 5.67942e+14	3.60e-12	9.00e-06	1.00e+00
 5.87533e+14	4.09e-12	9.65e-06	1.00e+00
 6.09426e+14	4.69e-12	1.04e-05	1.00e+00
 6.29992e+14	5.30e-12	1.11e-05	1.00e+00
 6.52407e+14	6.04e-12	1.20e-05	1.00e+00
 6.77339e+14	6.94e-12	1.29e-05	1.00e+00
 7.00644e+14	7.87e-12	1.38e-05	1.00e+00
 7.25935e+14	8.97e-12	1.49e-05	1.00e+00
 7.54215e+14	1.03e-11	1.61e-05	1.00e+00
 7.81084e+14	1.18e-11	1.73e-05	1.00e+00
 8.09815e+14	1.35e-11	1.86e-05	1.00e+00
 8.42237e+14	1.56e-11	2.02e-05	1.00e+00
 8.74212e+14	1.79e-11	2.19e-05	1.00e+00
 9.07465e+14	2.07e-11	2.36e-05	1.00e+00
 9.42754e+14	2.39e-11	2.56e-05	1.00e+00
 9.72288e+14	2.68e-11	2.73e-05	1.00e+00
 9.95050e+14	2.93e-11	2.87e-05	1.00e+00
 1.01968e+15	3.22e-11	3.02e-05	1.00e+00
 1.05170e+15	3.63e-11	3.23e-05	1.00e+00
 1.08650e+15	4.12e-11	3.47e-05	1.00e+00
 1.11798e+15	4.61e-11	3.69e-05	1.00e+00
 1.15199e+15	5.19e-11	3.93e-05	1.00e+00
 1.19465e+15	5.99e-11	4.26e-05	1.00e+00
 1.23755e+15	6.90e-11	4.60e-05	1.00e+00
 1.27407e+15	7.75e-11	4.90e-05	1.00e+00
 1.31332e+15	8.77e-11	5.25e-05	1.00e+00
 1.36223e+15	1.02e-10	5.69e-05	1.00e+00
 1.41262e+15	1.18e-10	6.17e-05	1.00e+00
 1.45744e+15	1.34e-10	6.61e-05	1.00e+00
 1.50612e+15	1.54e-10	7.12e-05	1.00e+00
 1.56431e+15	1.80e-10	7.75e-05	1.00e+00
 1.62171e+15	2.09e-10	8.40e-05	1.00e+00
 1.67322e+15	2.39e-10	9.01e-05	1.00e+00
 1.73027e+15	2.75e-10	9.72e-05	1.00e+00
 1.79779e+15	3.24e-10	1.06e-04	1.00e+00
 1.86457e+15	3.79e-10	1.15e-04	1.00e+00
 1.92614e+15	4.35e-10	1.24e-04	1.00e+00
 1.99528e+15	5.06e-10	1.34e-04	1.00e+00
 2.07506e+15	5.98e-10	1.47e-04	1.00e+00
 2.15306e+15	7.01e-10	1.59e-04	1.00e+00
 2.22761e+15	8.12e-10	1.72e-04	1.00e+00
 2.31019e+15	9.51e-10	1.87e-04	1.00e+00
 2.38791e+15	1.10e-09	2.01e-04	1.00e+00
 2.44638e+15	1.22e-09	2.13e-04	1.00e+00
 2.50631e+15	1.35e-09	2.25e-04	1.00e+00
 2.58423e+15	1.55e-09	2.41e-04	1.00e+00
 2.66820e+15	1.78e-09	2.59e-04	1.00e+00
 2.74339e+15	2.00e-09	2.75e-04	1.00e+00
 2.82452e+15	2.27e-09	2.94e-04	1.00e+00
 2.92779e+15	2.66e-09	3.19e-04	1.00e+00
 3.03213e+15	3.09e-09	3.45e-04	1.00e+00
 3.11970e+15	3.50e-09	3.67e-04	1.00e+00
 3.21322e+15	3.98e-09	3.92e-04	1.00e+00
 3.33142e+15	4.66e-09	4.25e-04	1.00e+00
 3.45510e+15	5.45e-09	4.61e-04	1.00e+00
 3.56657e+15	6.25e-09	4.94e-04	1.00e+00
 3.68876e+15	7.23e-09	5.32e-04	9.99e-01
 3.83299e+15	8.52e-09	5.79e-04	9.99e-01
 3.97400e+15	9.95e-09	6.27e-04	9.99e-01
 4.10246e+15	1.14e-08	6.72e-04	9.99e-01
 4.24647e+15	1.32e-08	7.25e-04	9.99e-01
 4.41444e+15	1.56e-08	7.89e-04	9.99e-01
 4.57986e+15	1.83e-08	8.54e-04	9.99e-01
 4.73580e+15	2.10e-08	9.18e-04	9.99e-01
 4.90915e+15	2.45e-08	9.93e-04	9.99e-01
 5.07423e+15	2.81e-08	1.07e-03	9.99e-01
 5.19722e+15	3.11e-08	1.12e-03	9.99e-01
 5.32188e+15	3.44e-08	1.18e-03	9.99e-01
 5.48394e+15	3.90e-08	1.26e-03	9.99e-01
 5.65979e+15	4.45e-08	1.35e-03	9.99e-01
 5.81784e+15	4.98e-08	1.43e-03	9.99e-01
 5.98759e+15	5.62e-08	1.52e-03	9.98e-01
 6.20521e+15	6.52e-08	1.64e-03	9.98e-01
 6.42457e+15	7.53e-08	1.76e-03	9.98e-01
 6.60512e+15	8.45e-08	1.87e-03	9.98e-01
 6.79573e+15	9.52e-08	1.98e-03	9.98e-01
 7.04155e+15	1.10e-07	2.14e-03	9.98e-01
 7.29857e+15	1.28e-07	2.30e-03	9.98e-01
 7.52160e+15	1.45e-07	2.45e-03	9.98e-01
 7.76103e+15	1.65e-07	2.62e-03	9.97e-01
 8.05430e+15	1.92e-07	2.84e-03	9.97e-01
 8.34390e+15	2.22e-07	3.05e-03	9.97e-01
 8.59390e+15	2.51e-07	3.24e-03	9.97e-01
 8.86609e+15	2.85e-07	3.47e-03	9.97e-01
 9.16766e+15	3.27e-07	3.72e-03	9.96e-01
 9.44929e+15	3.70e-07	3.96e-03	9.96e-01
 9.69409e+15	4.10e-07	4.18e-03	9.96e-01
 9.94917e+15	4.57e-07	4.42e-03	9.96e-01
 1.02292e+16	5.12e-07	4.69e-03	9.95e-01
 1.04908e+16	5.67e-07	4.95e-03	9.95e-01
 1.07802e+16	6.36e-07	5.26e-03	9.95e-01
 1.10942e+16	7.15e-07	5.60e-03	9.94e-01
 1.13840e+16	7.94e-07	5.92e-03	9.94e-01
 1.17045e+16	8.95e-07	6.32e-03	9.94e-01
 1.20529e+16	1.01e-06	6.75e-03	9.93e-01
 1.23769e+16	1.13e-06	7.17e-03	9.93e-01
 1.27375e+16	1.28e-06	7.69e-03	9.92e-01
 1.31171e+16	1.44e-06	8.24e-03	9.92e-01
 1.34457e+16	1.60e-06	8.75e-03	9.91e-01
 1.37969e+16	1.80e-06	9.36e-03	9.91e-01
 1.41832e+16	2.04e-06	1.01e-02	9.90e-01
 1.45365e+16	2.27e-06	1.07e-02	9.89e-01
 1.48663e+16	2.52e-06	1.14e-02	9.89e-01
 1.52444e+16	2.86e-06	1.24e-02	9.88e-01
 1.56304e+16	3.21e-06	1.33e-02	9.87e-01
 1.59467e+16	3.55e-06	1.42e-02	9.86e-01
 1.62782e+16	3.97e-06	1.52e-02	9.85e-01
 1.66369e+16	4.47e-06	1.64e-02	9.84e-01
 1.69545e+16	4.96e-06	1.76e-02	9.82e-01
 1.72452e+16	5.48e-06	1.89e-02	9.81e-01
 1.75771e+16	6.21e-06	2.05e-02	9.80e-01
 1.79274e+16	7.02e-06	2.23e-02	9.78e-01
 1.82298e+16	7.87e-06	2.42e-02	9.76e-01
 1.85047e+16	8.80e-06	2.61e-02	9.74e-01
 1.87732e+16	9.80e-06	2.83e-02	9.72e-01
 1.90795e+16	1.13e-05	3.12e-02	9.69e-01
 1.93974e+16	1.30e-05	3.46e-02	9.65e-01
 1.96612e+16	1.47e-05	3.79e-02	9.62e-01
 1.98976e+16	1.66e-05	4.14e-02	9.59e-01
 2.01673e+16	1.90e-05	4.62e-02	9.54e-01
 2.04530e+16	2.23e-05	5.22e-02	9.48e-01
 2.06899e+16	2.62e-05	5.83e-02	9.42e-01
 2.08796e+16	2.95e-05	6.41e-02	9.36e-01
 2.10775e+16	3.37e-05	7.13e-02	9.29e-01
 2.13008e+16	3.97e-05	8.10e-02	9.19e-01
 2.15031e+16	4.73e-05	9.18e-02	9.08e-01
 2.16550e+16	5.37e-05	1.02e-01	8.98e-01
 2.17954e+16	6.05e-05	1.12e-01	8.88e-01
 2.19778e+16	7.20e-05	1.29e-01	8.71e-01
 2.21400e+16	8.50e-05	1.47e-01	8.53e-01
 2.22348e+16	9.52e-05	1.59e-01	8.41e-01
 2.22982e+16	1.02e-04	1.68e-01	8.32e-01
 2.23620e+16	1.10e-04	1.78e-01	8.22e-01
 2.24449e+16	1.21e-04	1.92e-01	8.07e-01
 2.25528e+16	1.39e-04	2.14e-01	7.86e-01
 2.26597e+16	1.59e-04	2.37e-01	7.62e-01
 2.27396e+16	1.76e-04	2.57e-01	7.42e-01
 2.28174e+16	1.95e-04	2.80e-01	7.20e-01
 2.29186e+16	2.26e-04	3.12e-01	6.88e-01
 2.30113e+16	2.54e-04	3.43e-01	6.56e-01
 2.30931e+16	2.87e-04	3.75e-01	6.25e-01
 2.31743e+16	3.20e-04	4.08e-01	5.92e-01
 2.32433e+16	3.52e-04	4.38e-01	5.61e-01
 2.33213e+16	3.92e-04	4.75e-01	5.25e-01
 2.34075e+16	4.38e-04	5.15e-01	4.84e-01
 2.34882e+16	4.86e-04	5.55e-01	4.45e-01
 2.35771e+16	5.42e-04	5.99e-01	4.01e-01
 2.36744e+16	6.04e-04	6.45e-01	3.55e-01
 2.37652e+16	6.64e-04	6.86e-01	3.13e-01
 2.38660e+16	7.32e-04	7.29e-01	2.70e-01
 2.39971e+16	8.18e-04	7.79e-01	2.21e-01
 2.41368e+16	9.06e-04	8.22e-01	1.77e-01
 2.42659e+16	9.85e-04	8.55e-01	1.44e-01
 2.44121e+16	1.07e-03	8.86e-01	1.13e-01
 2.45488e+16	1.15e-03	9.07e-01	9.19e-02
 2.46445e+16	1.20e-03	9.19e-01	7.96e-02
 2.47402e+16	1.25e-03	9.30e-01	6.85e-02
 2.48646e+16	1.32e-03	9.42e-01	5.68e-02
 2.50012e+16	1.40e-03	9.52e-01	4.67e-02
 2.51242e+16	1.47e-03	9.59e-01	3.95e-02
 2.52362e+16	1.53e-03	9.64e-01	3.41e-02
 2.53636e+16	1.61e-03	9.70e-01	2.87e-02
 2.55041e+16	1.70e-03	9.74e-01	2.41e-02
 2.56300e+16	1.80e-03	9.77e-01	2.07e-02
 2.57317e+16	1.87e-03	9.80e-01	1.85e-02
 2.58172e+16	1.94e-03	9.81e-01	1.67e-02
 2.59116e+16	2.02e-03	9.83e-01	1.50e-02
 2.60174e+16	2.12e-03	9.85e-01	1.33e-02
 2.61144e+16	2.22e-03	9.86e-01	1.20e-02
 2.61991e+16	2.31e-03	9.87e-01	1.10e-02
 2.62914e+16	2.42e-03	9.88e-01	9.99e-03
 2.63910e+16	2.55e-03	9.88e-01	9.03e-03
 2.64768e+16	2.66e-03	9.89e-01	8.31e-03
 2.65510e+16	2.77e-03	9.89e-01	7.73e-03
 2.66333e+16	2.91e-03	9.90e-01	7.12e-03
 2.67233e+16	3.06e-03	9.90e-01	6.53e-03
 2.68023e+16	3.22e-03	9.91e-01	6.08e-03
 2.68703e+16	3.36e-03	9.91e-01	5.72e-03
 2.69444e+16	3.52e-03	9.91e-01	5.33e-03
 2.70257e+16	3.73e-03	9.91e-01	4.95e-03
 2.70976e+16	3.92e-03	9.91e-01	4.65e-03
 2.71597e+16	4.11e-03	9.91e-01	4.41e-03
 2.72274e+16	4.33e-03	9.92e-01	4.14e-03
 2.73018e+16	4.59e-03	9.92e-01	3.88e-03
 2.73676e+16	4.86e-03	9.91e-01	3.67e-03
 2.74249e+16	5.10e-03	9.91e-01	3.51e-03
 2.74881e+16	5.40e-03	9.91e-01	3.31e-03
 2.75577e+16	5.77e-03	9.91e-01	3.13e-03
 2.76199e+16	6.15e-03	9.91e-01	2.97e-03
 2.76745e+16	6.52e-03	9.91e-01	2.84e-03
 2.77348e+16	6.96e-03	9.90e-01	2.70e-03
 2.78022e+16	7.53e-03	9.90e-01	2.55e-03
 2.78643e+16	8.14e-03	9.89e-01	2.43e-03
 2.79205e+16	8.75e-03	9.89e-01	2.32e-03
 2.79836e+16	9.55e-03	9.88e-01	2.21e-03
 2.80513e+16	1.06e-02	9.87e-01	2.09e-03
 2.81084e+16	1.16e-02	9.86e-01	2.00e-03
 2.81536e+16	1.26e-02	9.85e-01	1.93e-03
 2.81940e+16	1.36e-02	9.85e-01	1.87e-03
 2.82403e+16	1.48e-02	9.83e-01	1.80e-03
 2.82897e+16	1.64e-02	9.82e-01	1.74e-03
 2.83309e+16	1.81e-02	9.80e-01	1.68e-03
 2.83644e+16	1.96e-02	9.79e-01	1.64e-03
 2.84000e+16	2.14e-02	9.77e-01	1.60e-03
 2.84395e+16	2.38e-02	9.75e-01	1.55e-03
 2.84743e+16	2.64e-02	9.72e-01	1.52e-03
 2.85031e+16	2.90e-02	9.70e-01	1.48e-03
 2.85292e+16	3.15e-02	9.67e-01	1.46e-03
 2.85587e+16	3.48e-02	9.64e-01	1.43e-03
 2.85911e+16	3.92e-02	9.59e-01	1.40e-03
 2.86191e+16	4.39e-02	9.55e-01	1.38e-03
 2.86420e+16	4.84e-02	9.50e-01	1.37e-03
 2.86664e+16	5.39e-02	9.45e-01	1.35e-03
 2.86927e+16	6.08e-02	9.38e-01	1.35e-03
 2.87154e+16	6.81e-02	9.31e-01	1.34e-03
 2.87345e+16	7.52e-02	9.23e-01	1.34e-03
 2.87546e+16	8.37e-02	9.15e-01	1.34e-03
 2.87760e+16	9.42e-02	9.04e-01	1.34e-03
 2.87945e+16	1.05e-01	8.94e-01	1.35e-03
 2.88104e+16	1.16e-01	8.83e-01	1.36e-03
 2.88254e+16	1.27e-01	8.72e-01	1.37e-03
 2.88395e+16	1.39e-01	8.60e-01	1.38e-03
 2.88524e+16	1.50e-01	8.48e-01	1.39e-03
 2.88641e+16	1.62e-01	8.36e-01	1.41e-03
 2.88729e+16	1.72e-01	8.27e-01	1.42e-03
 2.88785e+16	1.78e-01	8.20e-01	1.43e-03
 2.88839e+16	1.85e-01	8.13e-01	1.44e-03
 2.88902e+16	1.93e-01	8.05e-01	1.44e-03
 2.88971e+16	2.03e-01	7.96e-01	1.45e-03
 2.89037e+16	2.12e-01	7.87e-01	1.46e-03
 2.89098e+16	2.21e-01	7.78e-01	1.47e-03
 2.89159e+16	2.30e-01	7.68e-01	1.48e-03
 2.89220e+16	2.40e-01	7.59e-01	1.49e-03
 2.89281e+16	2.50e-01	7.48e-01	1.50e-03
 2.89342e+16	2.61e-01	7.38e-01	1.51e-03
 2.89400e+16	2.72e-01	7.27e-01	1.52e-03
 2.89458e+16	2.82e-01	7.16e-01	1.54e-03
 2.89516e+16	2.94e-01	7.04e-01	1.54e-03
 2.89574e+16	3.06e-01	6.93e-01	1.55e-03
 2.89631e+16	3.18e-01	6.80e-01	1.56e-03
 2.89687e+16	3.30e-01	6.68e-01	1.57e-03
 2.89742e+16	3.43e-01	6.56e-01	1.58e-03
 2.89798e+16	3.56e-01	6.42e-01	1.59e-03
 2.89852e+16	3.69e-01	6.29e-01	1.60e-03
 2.89906e+16	3.82e-01	6.16e-01	1.60e-03
 2.89959e+16	3.96e-01	6.02e-01	1.61e-03
 2.90013e+16	4.10e-01	5.88e-01	1.61e-03
 2.90065e+16	4.24e-01	5.74e-01	1.62e-03
 2.90117e+16	4.38e-01	5.60e-01	1.62e-03
 2.90168e+16	4.53e-01	5.46e-01	1.63e-03
 2.90220e+16	4.67e-01	5.31e-01	1.63e-03
 2.90270e+16	4.82e-01	5.17e-01	1.63e-03
 2.90320e+16	4.96e-01	5.02e-01	1.63e-03
 2.90370e+16	5.11e-01	4.87e-01	1.62e-03
 2.90418e+16	5.26e-01	4.72e-01	1.62e-03
 2.90466e+16	5.40e-01	4.58e-01	1.62e-03
 2.90512e+16	5.54e-01	4.44e-01	1.61e-03
 2.90559e+16	5.69e-01	4.30e-01	1.61e-03
 2.90604e+16	5.83e-01	4.16e-01	1.60e-03
 2.90649e+16	5.96e-01	4.02e-01	1.60e-03
 2.90693e+16	6.10e-01	3.89e-01	1.58e-03
 2.90736e+16	6.23e-01	3.76e-01	1.58e-03
 2.90779e+16	6.36e-01	3.63e-01	1.56e-03
 2.90821e+16	6.48e-01	3.50e-01	1.55e-03
 2.90863e+16	6.61e-01	3.38e-01	1.53e-03
 2.90905e+16	6.73e-01	3.25e-01	1.52e-03
 2.90946e+16	6.85e-01	3.13e-01	1.50e-03
 2.90986e+16	6.97e-01	3.02e-01	1.48e-03
 2.91026e+16	7.08e-01	2.91e-01	1.47e-03
 2.91066e+16	7.19e-01	2.80e-01	1.45e-03
 2.91105e+16	7.30e-01	2.69e-01	1.42e-03
 2.91145e+16	7.40e-01	2.58e-01	1.40e-03
 2.91184e+16	7.51e-01	2.48e-01	1.38e-03
 2.91223e+16	7.60e-01	2.38e-01	1.36e-03
 2.91262e+16	7.70e-01	2.29e-01	1.33e-03
 2.91301e+16	7.79e-01	2.19e-01	1.31e-03
 2.91340e+16	7.89e-01	2.10e-01	1.28e-03
 2.91379e+16	7.98e-01	2.01e-01	1.26e-03
 2.91413e+16	8.05e-01	1.94e-01	1.23e-03
 2.91438e+16	8.10e-01	1.88e-01	1.21e-03
 2.91461e+16	8.16e-01	1.83e-01	1.19e-03
 2.91486e+16	8.21e-01	1.78e-01	1.17e-03
 2.91512e+16	8.26e-01	1.73e-01	1.15e-03
 2.91536e+16	8.31e-01	1.68e-01	1.13e-03
 2.91559e+16	8.35e-01	1.64e-01	1.11e-03
 2.91582e+16	8.40e-01	1.59e-01	1.10e-03
 2.91605e+16	8.44e-01	1.55e-01	1.08e-03
 2.91627e+16	8.48e-01	1.51e-01	1.06e-03
 2.91648e+16	8.52e-01	1.47e-01	1.04e-03
 2.91669e+16	8.55e-01	1.44e-01	1.03e-03
 2.91691e+16	8.59e-01	1.40e-01	1.01e-03
 2.91712e+16	8.62e-01	1.37e-01	9.91e-04
 2.91732e+16	8.65e-01	1.34e-01	9.75e-04
 2.91752e+16	8.69e-01	1.30e-01	9.59e-04
 2.91772e+16	8.72e-01	1.27e-01	9.43e-04
 2.91793e+16	8.75e-01	1.25e-01	9.27e-04
 2.91813e+16	8.77e-01	1.22e-01	9.11e-04
 2.91833e+16	8.80e-01	1.19e-01	8.96e-04
 2.91854e+16	8.83e-01	1.16e-01	8.80e-04
 2.91874e+16	8.86e-01	1.13e-01	8.64e-04
 2.91895e+16	8.88e-01	1.11e-01	8.48e-04
 2.91917e+16	8.91e-01	1.08e-01	8.32e-04
 2.91940e+16	8.94e-01	1.05e-01	8.16e-04
 2.91963e+16	8.97e-01	1.03e-01	7.99e-04
 2.91987e+16	8.99e-01	1.00e-01	7.82e-04
 2.92014e+16	9.02e-01	9.72e-02	7.65e-04
 2.92044e+16	9.05e-01	9.42e-02	7.45e-04
 2.92078e+16	9.08e-01	9.09e-02	7.23e-04
 2.92116e+16	9.12e-01	8.75e-02	7.00e-04
 2.92158e+16	9.15e-01	8.40e-02	6.76e-04
 2.92199e+16	9.19e-01	8.08e-02	6.53e-04
 2.92240e+16	9.21e-01	7.79e-02	6.31e-04
 2.92280e+16	9.24e-01	7.51e-02	6.09e-04
 2.92322e+16	9.27e-01	7.24e-02	5.88e-04
 2.92363e+16	9.29e-01	7.01e-02	5.70e-04
 2.92400e+16	9.31e-01	6.81e-02	5.53e-04
 2.92433e+16	9.33e-01	6.64e-02	5.38e-04
 2.92464e+16	9.35e-01	6.48e-02	5.25e-04
 2.92497e+16	9.36e-01	6.33e-02	5.12e-04
 2.92534e+16	9.38e-01	6.18e-02	5.00e-04
 2.92566e+16	9.39e-01	6.05e-02	4.89e-04
 2.92603e+16	9.40e-01	5.91e-02	4.76e-04
 2.92641e+16	9.42e-01	5.78e-02	4.65e-04
 2.92677e+16	9.43e-01	5.67e-02	4.55e-04
 2.92716e+16	9.44e-01	5.55e-02	4.44e-04
 2.92758e+16	9.45e-01	5.44e-02	4.34e-04
 2.92796e+16	9.46e-01	5.35e-02	4.25e-04
 2.92838e+16	9.47e-01	5.24e-02	4.16e-04
 2.92892e+16	9.48e-01	5.13e-02	4.04e-04
 2.92951e+16	9.49e-01	5.02e-02	3.95e-04
 2.93004e+16	9.50e-01	4.93e-02	3.86e-04
 2.93053e+16	9.51e-01	4.85e-02	3.77e-04
 2.93106e+16	9.52e-01	4.78e-02	3.70e-04
 2.93175e+16	9.53e-01	4.69e-02	3.61e-04
 2.93250e+16	9.54e-01	4.61e-02	3.53e-04
 2.93318e+16	9.54e-01	4.54e-02	3.46e-04
 2.93392e+16	9.55e-01	4.47e-02	3.38e-04
 2.93489e+16	9.56e-01	4.40e-02	3.29e-04
 2.93594e+16	9.56e-01	4.33e-02	3.22e-04
 2.93689e+16	9.57e-01	4.27e-02	3.15e-04
 2.93793e+16	9.58e-01	4.21e-02	3.07e-04
 2.93929e+16	9.58e-01	4.15e-02	2.99e-04
 2.94075e+16	9.59e-01	4.09e-02	2.91e-04
 2.94208e+16	9.59e-01	4.03e-02	2.84e-04
 2.94354e+16	9.60e-01	3.98e-02	2.77e-04
 2.94512e+16	9.60e-01	3.92e-02	2.70e-04
 2.94655e+16	9.61e-01	3.88e-02	2.63e-04
 2.94812e+16	9.62e-01	3.82e-02	2.56e-04
 2.94982e+16	9.62e-01	3.77e-02	2.50e-04
 2.95136e+16	9.62e-01	3.73e-02	2.43e-04
 2.95305e+16	9.63e-01	3.67e-02	2.36e-04
 2.95488e+16	9.64e-01	3.62e-02	2.30e-04
 2.95654e+16	9.64e-01	3.58e-02	2.24e-04
 2.95805e+16	9.64e-01	3.53e-02	2.19e-04
 2.95971e+16	9.65e-01	3.49e-02	2.13e-04
 2.96150e+16	9.65e-01	3.44e-02	2.07e-04
 2.96312e+16	9.66e-01	3.40e-02	2.02e-04
 2.96461e+16	9.66e-01	3.36e-02	1.97e-04
 2.96623e+16	9.67e-01	3.31e-02	1.92e-04
 2.96798e+16	9.67e-01	3.27e-02	1.87e-04
 2.96957e+16	9.68e-01	3.23e-02	1.82e-04
 2.97132e+16	9.68e-01	3.19e-02	1.77e-04
 2.97321e+16	9.68e-01	3.14e-02	1.72e-04
 2.97493e+16	9.69e-01	3.10e-02	1.68e-04
 2.97649e+16	9.69e-01	3.07e-02	1.64e-04
 2.97820e+16	9.70e-01	3.02e-02	1.59e-04
 2.98005e+16	9.70e-01	2.99e-02	1.55e-04
 2.98173e+16	9.70e-01	2.95e-02	1.52e-04
 2.98357e+16	9.71e-01	2.91e-02	1.47e-04
 2.98556e+16	9.71e-01	2.87e-02	1.43e-04
 2.98737e+16	9.72e-01	2.83e-02	1.40e-04
 2.98935e+16	9.72e-01	2.79e-02	1.35e-04
 2.99150e+16	9.72e-01	2.75e-02	1.31e-04
 2.99344e+16	9.73e-01	2.71e-02	1.28e-04
 2.99558e+16	9.73e-01	2.67e-02	1.24e-04
 2.99789e+16	9.74e-01	2.62e-02	1.20e-04
 2.99998e+16	9.74e-01	2.59e-02	1.17e-04
 3.00189e+16	9.74e-01	2.55e-02	1.13e-04
 3.00398e+16	9.75e-01	2.51e-02	1.10e-04
 3.00624e+16	9.75e-01	2.48e-02	1.07e-04
 3.00830e+16	9.75e-01	2.44e-02	1.04e-04
 3.01055e+16	9.76e-01	2.40e-02	1.00e-04
 3.01298e+16	9.76e-01	2.36e-02	9.73e-05
 3.01519e+16	9.77e-01	2.33e-02	9.45e-05
 3.01721e+16	9.77e-01	2.30e-02	9.20e-05
 3.01941e+16	9.77e-01	2.26e-02	8.92e-05
 3.02180e+16	9.78e-01	2.23e-02	8.66e-05
 3.02396e+16	9.78e-01	2.20e-02	8.42e-05
 3.02634e+16	9.78e-01	2.16e-02	8.15e-05
 3.02890e+16	9.79e-01	2.13e-02	7.89e-05
 3.03124e+16	9.79e-01	2.09e-02	7.66e-05
 3.03379e+16	9.79e-01	2.06e-02	7.40e-05
 3.03655e+16	9.80e-01	2.02e-02	7.15e-05
 3.03907e+16	9.80e-01	1.99e-02	6.93e-05
 3.04182e+16	9.80e-01	1.96e-02	6.69e-05
 3.04479e+16	9.81e-01	1.92e-02	6.45e-05
 3.04749e+16	9.81e-01	1.89e-02	6.24e-05
 3.04995e+16	9.81e-01	1.86e-02	6.06e-05
 3.05265e+16	9.82e-01	1.83e-02	5.86e-05
 3.05556e+16	9.82e-01	1.80e-02	5.66e-05
 3.05821e+16	9.82e-01	1.77e-02	5.48e-05
 3.06111e+16	9.83e-01	1.74e-02	5.29e-05
 3.06425e+16	9.83e-01	1.71e-02	5.10e-05
 3.06710e+16	9.83e-01	1.68e-02	4.94e-05
 3.07023e+16	9.83e-01	1.65e-02	4.75e-05
 3.07360e+16	9.84e-01	1.62e-02	4.57e-05
 3.07667e+16	9.84e-01	1.59e-02	4.42e-05
 3.08003e+16	9.84e-01	1.56e-02	4.25e-05
 3.08367e+16	9.85e-01	1.52e-02	4.08e-05
 3.08697e+16	9.85e-01	1.50e-02	3.94e-05
 3.08998e+16	9.85e-01	1.47e-02	3.81e-05
 3.09327e+16	9.86e-01	1.45e-02	3.67e-05
 3.09683e+16	9.86e-01	1.42e-02	3.53e-05
 3.10007e+16	9.86e-01	1.39e-02	3.41e-05
 3.10362e+16	9.86e-01	1.37e-02	3.28e-05
 3.10745e+16	9.87e-01	1.34e-02	3.15e-05
 3.11093e+16	9.87e-01	1.31e-02	3.04e-05
 3.11475e+16	9.87e-01	1.29e-02	2.92e-05
 3.11888e+16	9.87e-01	1.26e-02	2.80e-05
 3.12263e+16	9.88e-01	1.24e-02	2.69e-05
 3.12674e+16	9.88e-01	1.21e-02	2.58e-05
 3.13118e+16	9.88e-01	1.18e-02	2.47e-05
 3.13522e+16	9.88e-01	1.16e-02	2.37e-05
 3.13965e+16	9.89e-01	1.13e-02	2.27e-05
 3.14442e+16	9.89e-01	1.11e-02	2.16e-05
 3.14877e+16	9.89e-01	1.08e-02	2.08e-05
 3.15354e+16	9.89e-01	1.06e-02	1.98e-05
 3.15868e+16	9.90e-01	1.03e-02	1.88e-05
 3.16336e+16	9.90e-01	1.01e-02	1.81e-05
 3.16849e+16	9.90e-01	9.84e-03	1.72e-05
 3.17403e+16	9.90e-01	9.59e-03	1.63e-05
 3.17907e+16	9.91e-01	9.37e-03	1.56e-05
 3.18459e+16	9.91e-01	9.13e-03	1.48e-05
 3.19056e+16	9.91e-01	8.89e-03	1.40e-05
 3.19598e+16	9.91e-01	8.68e-03	1.34e-05
 3.20193e+16	9.92e-01	8.44e-03	1.27e-05
 3.20835e+16	9.92e-01	8.20e-03	1.20e-05
 3.21419e+16	9.92e-01	8.00e-03	1.14e-05
 3.22059e+16	9.92e-01	7.77e-03	1.08e-05
 3.22750e+16	9.92e-01	7.55e-03	1.02e-05
 3.23378e+16	9.93e-01	7.35e-03	9.65e-06
 3.24067e+16	9.93e-01	7.13e-03	9.09e-06
 3.24963e+16	9.93e-01	6.86e-03	8.41e-06
 3.25985e+16	9.93e-01	6.57e-03	7.73e-06
 3.27011e+16	9.94e-01	6.30e-03	7.12e-06
 3.28054e+16	9.94e-01	6.04e-03	6.55e-06
 3.29142e+16	9.94e-01	5.79e-03	6.01e-06
 3.30276e+16	9.94e-01	5.53e-03	5.51e-06
 3.31448e+16	9.95e-01	5.29e-03	5.03e-06
 3.32661e+16	9.95e-01	5.05e-03	4.59e-06
 3.33913e+16	9.95e-01	4.81e-03	4.18e-06
 3.35193e+16	9.95e-01	4.59e-03	3.80e-06
 3.36493e+16	9.96e-01	4.38e-03	3.46e-06
 3.37814e+16	9.96e-01	4.17e-03	3.15e-06
 3.39161e+16	9.96e-01	3.98e-03	2.86e-06
 3.40534e+16	9.96e-01	3.79e-03	2.60e-06
 3.41931e+16	9.96e-01	3.61e-03	2.36e-06
 3.43353e+16	9.97e-01	3.43e-03	2.14e-06
 3.44800e+16	9.97e-01	3.27e-03	1.94e-06
 3.46274e+16	9.97e-01	3.11e-03	1.76e-06
 3.47775e+16	9.97e-01	2.96e-03	1.59e-06
 3.49281e+16	9.97e-01	2.81e-03	1.44e-06
 3.50809e+16	9.97e-01	2.68e-03	1.30e-06
 3.52394e+16	9.97e-01	2.54e-03	1.18e-06
 3.54016e+16	9.98e-01	2.41e-03	1.06e-06
 3.55662e+16	9.98e-01	2.29e-03	9.56e-07
 3.57333e+16	9.98e-01	2.17e-03	8.61e-07
 3.59038e+16	9.98e-01	2.06e-03	7.74e-07
 3.60776e+16	9.98e-01	1.95e-03	6.95e-07
 3.62550e+16	9.98e-01	1.85e-03	6.24e-07
 3.64359e+16	9.98e-01	1.75e-03	5.59e-07
 3.66204e+16	9.98e-01	1.65e-03	5.00e-07
 3.68086e+16	9.98e-01	1.56e-03	4.47e-07
 3.70008e+16	9.99e-01	1.47e-03	3.99e-07
 3.71969e+16	9.99e-01	1.39e-03	3.56e-07
 3.73973e+16	9.99e-01	1.31e-03	3.16e-07
 3.76021e+16	9.99e-01	1.24e-03	2.81e-07
 3.78116e+16	9.99e-01	1.16e-03	2.49e-07
 3.80258e+16	9.99e-01	1.10e-03	2.21e-07
 3.82451e+16	9.99e-01	1.03e-03	1.95e-07
 3.84698e+16	9.99e-01	9.66e-04	1.72e-07
 3.87001e+16	9.99e-01	9.06e-04	1.51e-07
 3.89365e+16	9.99e-01	8.48e-04	1.32e-07
 3.91792e+16	9.99e-01	7.93e-04	1.16e-07
 3.94287e+16	9.99e-01	7.40e-04	1.01e-07
 3.96852e+16	9.99e-01	6.91e-04	8.77e-08
 3.99494e+16	9.99e-01	6.44e-04	7.62e-08
 4.02163e+16	9.99e-01	5.99e-04	6.61e-08
 4.04904e+16	9.99e-01	5.57e-04	5.70e-08
 4.07813e+16	9.99e-01	5.15e-04	4.88e-08
 4.10854e+16	1.00e+00	4.76e-04	4.15e-08
 4.13995e+16	1.00e+00	4.38e-04	3.52e-08
 4.17251e+16	1.00e+00	4.02e-04	2.97e-08
 4.20649e+16	1.00e+00	3.68e-04	2.48e-08
 4.24208e+16	1.00e+00	3.36e-04	2.06e-08
 4.27943e+16	1.00e+00	3.05e-04	1.70e-08
 4.31885e+16	1.00e+00	2.76e-04	1.39e-08
 4.36056e+16	1.00e+00	2.48e-04	1.12e-08
 4.40472e+16	1.00e+00	2.22e-04	8.95e-09
 4.45213e+16	1.00e+00	1.97e-04	7.04e-09
 4.50322e+16	1.00e+00	1.73e-04	5.43e-09
 4.55820e+16	1.00e+00	1.51e-04	4.12e-09
 4.61807e+16	1.00e+00	1.30e-04	3.05e-09
 4.68421e+16	1.00e+00	1.10e-04	2.19e-09
 4.76039e+16	1.00e+00	9.14e-05	1.50e-09
 4.84395e+16	1.00e+00	7.47e-05	1.00e-09
 4.93612e+16	1.00e+00	5.96e-05	6.39e-10
 5.03963e+16	1.00e+00	4.65e-05	3.90e-10
 5.14620e+16	1.00e+00	3.63e-05	2.37e-10
 5.25157e+16	1.00e+00	2.84e-05	1.46e-10
 5.35678e+16	1.00e+00	2.23e-05	9.02e-11
 5.46360e+16	1.00e+00	1.75e-05	5.58e-11
 5.57301e+16	1.00e+00	1.37e-05	3.43e-11
 5.68493e+16	1.00e+00	1.07e-05	2.11e-11
 5.79941e+16	1.00e+00	8.34e-06	1.29e-11
 5.91688e+16	1.00e+00	6.49e-06	7.87e-12
 6.03712e+16	1.00e+00	5.05e-06	4.79e-12
 6.16080e+16	1.00e+00	3.93e-06	2.91e-12
 6.28944e+16	1.00e+00	3.03e-06	1.74e-12
 6.42311e+16	1.00e+00	2.33e-06	1.04e-12
 6.56127e+16	1.00e+00	1.79e-06	6.11e-13
 6.70434e+16	1.00e+00	1.36e-06	3.58e-13
 6.85344e+16	1.00e+00	1.04e-06	2.07e-13
 7.01023e+16	1.00e+00	7.80e-07	1.18e-13
 7.17587e+16	1.00e+00	5.82e-07	6.59e-14
 7.35127e+16	1.00e+00	4.30e-07	3.60e-14
 7.53797e+16	1.00e+00	3.14e-07	1.93e-14
 7.73409e+16	1.00e+00	2.27e-07	1.02e-14
 7.93353e+16	1.00e+00	1.66e-07	5.40e-15
 8.13296e+16	1.00e+00	1.22e-07	2.91e-15
 8.33239e+16	1.00e+00	8.99e-08	1.60e-15
 8.53183e+16	1.00e+00	6.69e-08	8.87e-16
 8.73126e+16	1.00e+00	5.02e-08	5.00e-16
 8.96061e+16	1.00e+00	3.60e-08	2.58e-16
 9.22378e+16	1.00e+00	2.51e-08	1.26e-16
 9.49086e+16	1.00e+00	1.76e-08	6.19e-17
 9.77387e+16	1.00e+00	1.22e-08	2.97e-17
 1.00806e+17	1.00e+00	8.29e-09	1.38e-17
 1.03952e+17	1.00e+00	5.67e-09	6.43e-18
 1.07098e+17	1.00e+00	3.92e-09	3.08e-18
 1.10342e+17	1.00e+00	2.70e-09	1.46e-18
 1.13755e+17	1.00e+00	1.85e-09	6.86e-19
 1.17268e+17	1.00e+00	1.27e-09	3.23e-19
 1.20842e+17	1.00e+00	8.72e-10	1.53e-19
 1.24454e+17	1.00e+00	6.04e-10	7.35e-20
 1.28073e+17	1.00e+00	4.22e-10	3.60e-20
 1.31693e+17	1.00e+00	2.98e-10	1.79e-20
 1.35312e+17	1.00e+00	2.12e-10	9.09e-21
 1.38931e+17	1.00e+00	1.52e-10	0.00e+00
 1.42551e+17	1.00e+00	1.10e-10	0.00e+00
 1.46256e+17	1.00e+00	7.96e-11	0.00e+00
 1.50086e+17	1.00e+00	5.75e-11	0.00e+00
 1.53905e+17	1.00e+00	4.19e-11	0.00e+00
 1.57623e+17	1.00e+00	3.11e-11	0.00e+00
 1.61245e+17	1.00e+00	2.34e-11	0.00e+00
 1.64788e+17	1.00e+00	1.79e-11	0.00e+00
 1.68245e+17	1.00e+00	1.39e-11	0.00e+00
 1.71598e+17	1.00e+00	1.09e-11	0.00e+00
 1.74835e+17	1.00e+00	8.75e-12	0.00e+00
 1.77949e+17	1.00e+00	7.12e-12	0.00e+00
 1.80933e+17	1.00e+00	5.89e-12	0.00e+00
 1.83786e+17	1.00e+00	4.96e-12	0.00e+00
 1.86512e+17	1.00e+00	4.23e-12	0.00e+00
 1.89112e+17	1.00e+00	3.67e-12	0.00e+00
 1.91586e+17	1.00e+00	3.23e-12	0.00e+00
 1.93937e+17	1.00e+00	2.87e-12	0.00e+00
 1.96171e+17	1.00e+00	2.59e-12	0.00e+00
 1.98291e+17	1.00e+00	2.36e-12	0.00e+00
 2.00304e+17	1.00e+00	2.17e-12	0.00e+00
 2.02213e+17	1.00e+00	2.02e-12	0.00e+00
 2.04023e+17	1.00e+00	1.89e-12	0.00e+00
 2.05738e+17	1.00e+00	1.78e-12	0.00e+00
 2.07364e+17	1.00e+00	1.69e-12	0.00e+00
 2.08906e+17	1.00e+00	1.62e-12	0.00e+00
 2.10369e+17	1.00e+00	1.55e-12	0.00e+00
 2.11756e+17	1.00e+00	1.50e-12	0.00e+00
 2.13072e+17	1.00e+00	1.45e-12	0.00e+00
 2.14320e+17	1.00e+00	1.41e-12	0.00e+00
 2.15504e+17	1.00e+00	1.37e-12	0.00e+00
 2.16626e+17	1.00e+00	1.34e-12	0.00e+00
 2.17693e+17	1.00e+00	1.31e-12	0.00e+00
 2.18707e+17	1.00e+00	1.28e-12	0.00e+00
 2.19670e+17	1.00e+00	1.26e-12	0.00e+00
 2.20584e+17	1.00e+00	1.24e-12	0.00e+00
 2.21454e+17	1.00e+00	1.22e-12	0.00e+00
 2.22281e+17	1.00e+00	1.21e-12	0.00e+00
 2.23068e+17	1.00e+00	1.19e-12	0.00e+00
 2.23818e+17	1.00e+00	1.18e-12	0.00e+00
 2.24532e+17	1.00e+00	1.17e-12	0.00e+00
 2.25213e+17	1.00e+00	1.16e-12	0.00e+00
 2.25862e+17	1.00e+00	1.15e-12	0.00e+00
 2.26481e+17	1.00e+00	1.14e-12	0.00e+00
 2.27072e+17	1.00e+00	1.13e-12	0.00e+00
 2.27638e+17	1.00e+00	1.12e-12	0.00e+00
 2.28179e+17	1.00e+00	1.12e-12	0.00e+00
 2.28698e+17	1.00e+00	1.11e-12	0.00e+00
 2.29194e+17	1.00e+00	1.10e-12	0.00e+00
 2.29671e+17	1.00e+00	1.10e-12	0.00e+00
 2.30129e+17	1.00e+00	1.09e-12	0.00e+00
 2.30570e+17	1.00e+00	1.09e-12	0.00e+00
 2.30995e+17	1.00e+00	1.08e-12	0.00e+00
 2.31406e+17	1.00e+00	1.08e-12	0.00e+00
 2.31803e+17	1.00e+00	1.07e-12	0.00e+00
 2.32188e+17	1.00e+00	1.07e-12	0.00e+00
 2.32562e+17	1.00e+00	1.07e-12	0.00e+00
 2.32927e+17	1.00e+00	1.06e-12	0.00e+00
 2.33284e+17	1.00e+00	1.06e-12	0.00e+00
 2.33634e+17	1.00e+00	1.06e-12	0.00e+00
 2.33978e+17	1.00e+00	1.05e-12	0.00e+00
 2.34318e+17	1.00e+00	1.05e-12	0.00e+00
 2.34656e+17	1.00e+00	1.05e-12	0.00e+00
 2.34993e+17	1.00e+00	1.04e-12	0.00e+00
 2.35332e+17	1.00e+00	1.04e-12	0.00e+00
 2.35675e+17	1.00e+00	1.04e-12	0.00e+00
 2.36024e+17	1.00e+00	1.03e-12	0.00e+00
 2.36383e+17	1.00e+00	1.03e-12	0.00e+00
 2.36755e+17	1.00e+00	1.03e-12	0.00e+00
 2.37146e+17	1.00e+00	1.02e-12	0.00e+00
 2.37562e+17	1.00e+00	1.02e-12	0.00e+00
 2.38011e+17	1.00e+00	1.02e-12	0.00e+00
 2.38505e+17	1.00e+00	1.01e-12	0.00e+00
 2.39059e+17	1.00e+00	1.01e-12	0.00e+00
 2.39694e+17	1.00e+00	9.99e-13	0.00e+00
 2.40444e+17	1.00e+00	9.91e-13	0.00e+00
 2.41356e+17	1.00e+00	9.81e-13	0.00e+00
 2.42508e+17	1.00e+00	9.68e-13	0.00e+00
 2.43996e+17	1.00e+00	9.49e-13	0.00e+00
 2.45932e+17	1.00e+00	9.22e-13	0.00e+00
 2.48448e+17	1.00e+00	8.86e-13	0.00e+00
 2.51719e+17	1.00e+00	8.36e-13	0.00e+00
 2.55971e+17	1.00e+00	7.72e-13	0.00e+00
 2.61499e+17	1.00e+00	6.92e-13	0.00e+00
 2.68686e+17	1.00e+00	5.97e-13	0.00e+00
 2.78028e+17	1.00e+00	4.89e-13	0.00e+00
 2.88975e+17	1.00e+00	3.75e-13	0.00e+00
 3.00534e+17	1.00e+00	3.22e-13	0.00e+00
 3.12555e+17	1.00e+00	2.91e-13	0.00e+00
 3.25057e+17	1.00e+00	2.64e-13	0.00e+00
 3.38059e+17	1.00e+00	2.40e-13	0.00e+00
 3.51582e+17	1.00e+00	2.16e-13	0.00e+00
 3.65645e+17	1.00e+00	1.93e-13	0.00e+00
 3.80271e+17	1.00e+00	1.71e-13	0.00e+00
 3.95482e+17	1.00e+00	1.50e-13	0.00e+00
 4.11301e+17	1.00e+00	1.30e-13	0.00e+00
 4.27088e+17	1.00e+00	1.11e-13	0.00e+00
 4.41625e+17	1.00e+00	1.05e-13	0.00e+00
 4.54454e+17	1.00e+00	1.11e-13	0.00e+00
 4.66071e+17	1.00e+00	1.16e-13	0.00e+00
 4.77130e+17	1.00e+00	1.13e-13	0.00e+00
 4.87806e+17	1.00e+00	1.05e-13	0.00e+00
 4.97731e+17	1.00e+00	9.70e-14	0.00e+00
 5.06468e+17	1.00e+00	9.25e-14	0.00e+00
 5.13930e+17	1.00e+00	9.03e-14	0.00e+00
 5.19659e+17	1.00e+00	8.80e-14	0.00e+00
 5.23251e+17	1.00e+00	9.03e-14	0.00e+00
 5.25312e+17	1.00e+00	9.32e-14	0.00e+00
 5.26540e+17	1.00e+00	9.49e-14	0.00e+00
 5.27277e+17	1.00e+00	9.59e-14	0.00e+00
 5.27758e+17	1.00e+00	9.65e-14	0.00e+00
 5.28164e+17	1.00e+00	9.69e-14	0.00e+00
 5.28610e+17	1.00e+00	9.72e-14	0.00e+00
 5.29125e+17	1.00e+00	9.74e-14	0.00e+00
 5.29618e+17	1.00e+00	9.74e-14	0.00e+00
 5.30022e+17	1.00e+00	9.74e-14	0.00e+00
 5.30348e+17	1.00e+00	9.74e-14	0.00e+00
 5.30645e+17	1.00e+00	9.73e-14	0.00e+00
 5.30960e+17	1.00e+00	9.72e-14	0.00e+00
 5.31296e+17	1.00e+00	9.71e-14	0.00e+00
 5.31617e+17	1.00e+00	9.69e-14	0.00e+00
 5.31891e+17	1.00e+00	9.67e-14	0.00e+00
 5.32127e+17	1.00e+00	9.65e-14	0.00e+00
 5.32363e+17	1.00e+00	9.63e-14	0.00e+00
 5.32612e+17	1.00e+00	9.61e-14	0.00e+00
 5.32852e+17	1.00e+00	9.58e-14	0.00e+00
 5.33075e+17	1.00e+00	9.56e-14	0.00e+00
 5.33281e+17	1.00e+00	9.54e-14	0.00e+00
 5.33474e+17	1.00e+00	9.51e-14	0.00e+00
 5.33659e+17	1.00e+00	9.49e-14	0.00e+00
 5.33843e+17	1.00e+00	9.47e-14	0.00e+00
 5.34029e+17	1.00e+00	9.44e-14	0.00e+00
 5.34211e+17	1.00e+00	9.42e-14	0.00e+00
 5.34379e+17	1.00e+00	9.39e-14	0.00e+00
 5.34538e+17	1.00e+00	9.37e-14	0.00e+00
 5.34701e+17	1.00e+00	9.34e-14	0.00e+00
 5.34868e+17	1.00e+00	9.31e-14	0.00e+00
 5.35027e+17	1.00e+00	9.28e-14	0.00e+00
 5.35180e+17	1.00e+00	9.26e-14	0.00e+00
 5.35336e+17	1.00e+00	9.23e-14	0.00e+00
 5.35489e+17	1.00e+00	9.20e-14	0.00e+00
 5.35639e+17	1.00e+00	9.17e-14	0.00e+00
 5.35794e+17	1.00e+00	9.14e-14	0.00e+00
 5.35954e+17	1.00e+00	9.11e-14	0.00e+00
 5.36108e+17	1.00e+00	9.08e-14	0.00e+00
 5.36257e+17	1.00e+00	9.05e-14	0.00e+00
 5.36405e+17	1.00e+00	9.01e-14	0.00e+00
 5.36559e+17	1.00e+00	8.98e-14	0.00e+00
 5.36724e+17	1.00e+00	8.94e-14	0.00e+00
 5.36893e+17	1.00e+00	8.90e-14	0.00e+00
 5.37055e+17	1.00e+00	8.86e-14	0.00e+00
 5.37213e+17	1.00e+00	8.83e-14	0.00e+00
 5.37382e+17	1.00e+00	8.79e-14	0.00e+00
 5.37565e+17	1.00e+00	8.74e-14	0.00e+00
 5.37747e+17	1.00e+00	8.69e-14	0.00e+00
 5.37924e+17	1.00e+00	8.65e-14	0.00e+00
 5.38106e+17	1.00e+00	8.60e-14	0.00e+00
 5.38292e+17	1.00e+00	8.55e-14	0.00e+00
 5.38484e+17	1.00e+00	8.50e-14	0.00e+00
 5.38681e+17	1.00e+00	8.45e-14	0.00e+00
 5.38890e+17	1.00e+00	8.39e-14	0.00e+00
 5.39105e+17	1.00e+00	8.33e-14	0.00e+00
 5.39306e+17	1.00e+00	8.27e-14	0.00e+00
 5.39513e+17	1.00e+00	8.22e-14	0.00e+00
 5.39751e+17	1.00e+00	8.15e-14	0.00e+00
 5.39996e+17	1.00e+00	8.08e-14	0.00e+00
 5.40229e+17	1.00e+00	8.01e-14	0.00e+00
 5.40465e+17	1.00e+00	7.94e-14	0.00e+00
 5.40718e+17	1.00e+00	7.87e-14	0.00e+00
 5.40984e+17	1.00e+00	7.79e-14	0.00e+00
 5.41247e+17	1.00e+00	7.71e-14	0.00e+00
 5.41511e+17	1.00e+00	7.63e-14	0.00e+00
 5.41791e+17	1.00e+00	7.54e-14	0.00e+00
 5.42085e+17	1.00e+00	7.45e-14	0.00e+00
 5.42379e+17	1.00e+00	7.36e-14	0.00e+00
 5.42677e+17	1.00e+00	7.27e-14	0.00e+00
 5.42985e+17	1.00e+00	7.18e-14	0.00e+00
 5.43310e+17	1.00e+00	7.08e-14	0.00e+00
 5.43651e+17	1.00e+00	6.97e-14	0.00e+00
 5.43995e+17	1.00e+00	6.86e-14	0.00e+00
 5.44340e+17	1.00e+00	6.75e-14	0.00e+00
 5.44692e+17	1.00e+00	6.64e-14	0.00e+00
 5.45058e+17	1.00e+00	6.53e-14	0.00e+00
 5.45439e+17	1.00e+00	6.41e-14	0.00e+00
 5.45824e+17	1.00e+00	6.29e-14	0.00e+00
 5.46229e+17	1.00e+00	6.16e-14	0.00e+00
 5.46654e+17	1.00e+00	6.03e-14	0.00e+00
 5.47082e+17	1.00e+00	5.90e-14	0.00e+00
 5.47518e+17	1.00e+00	5.77e-14	0.00e+00
 5.47955e+17	1.00e+00	5.63e-14	0.00e+00
 5.48395e+17	1.00e+00	5.50e-14	0.00e+00
 5.48857e+17	1.00e+00	5.36e-14	0.00e+00
 5.49346e+17	1.00e+00	5.21e-14	0.00e+00
 5.49843e+17	1.00e+00	5.06e-14	0.00e+00
 5.50335e+17	1.00e+00	4.92e-14	0.00e+00
 5.50837e+17	1.00e+00	4.77e-14	0.00e+00
 5.51363e+17	1.00e+00	4.63e-14	0.00e+00
 5.51911e+17	1.00e+00	4.47e-14	0.00e+00
 5.52470e+17	1.00e+00	4.31e-14	0.00e+00
 5.53031e+17	1.00e+00	4.16e-14	0.00e+00
 5.53595e+17	1.00e+00	4.01e-14	0.00e+00
 5.54183e+17	1.00e+00	3.86e-14	0.00e+00
 5.54797e+17	1.00e+00	3.69e-14	0.00e+00
 5.55414e+17	1.00e+00	3.54e-14	0.00e+00
 5.56033e+17	1.00e+00	3.39e-14	0.00e+00
 5.56695e+17	1.00e+00	3.23e-14	0.00e+00
 5.57392e+17	1.00e+00	3.07e-14	0.00e+00
 5.58073e+17	1.00e+00	2.91e-14	0.00e+00
 5.58747e+17	1.00e+00	2.76e-14	0.00e+00
 5.59453e+17	1.00e+00	2.62e-14	0.00e+00
 5.60205e+17	1.00e+00	2.47e-14	0.00e+00
 5.61007e+17	1.00e+00	2.32e-14	0.00e+00
 5.61834e+17	1.00e+00	2.16e-14	0.00e+00
 5.62656e+17	1.00e+00	2.01e-14	0.00e+00
 5.63480e+17	1.00e+00	1.88e-14	0.00e+00
 5.64318e+17	1.00e+00	1.74e-14	0.00e+00
 5.65120e+17	1.00e+00	1.62e-14	0.00e+00
 5.65828e+17	1.00e+00	1.51e-14	0.00e+00
 5.66443e+17	1.00e+00	1.42e-14	0.00e+00
 5.67010e+17	1.00e+00	1.34e-14	0.00e+00
 5.67565e+17	1.00e+00	1.27e-14	0.00e+00
 5.68112e+17	1.00e+00	1.21e-14	0.00e+00
 5.68636e+17	1.00e+00	1.15e-14	0.00e+00
 5.69126e+17	1.00e+00	1.09e-14	0.00e+00
 5.69585e+17	1.00e+00	1.04e-14	0.00e+00
 5.70027e+17	1.00e+00	9.94e-15	0.00e+00
 5.70457e+17	1.00e+00	9.50e-15	0.00e+00
 5.70876e+17	1.00e+00	9.09e-15	0.00e+00
 5.71277e+17	1.00e+00	8.70e-15	0.00e+00
 5.71660e+17	1.00e+00	8.34e-15	0.00e+00
 5.72029e+17	1.00e+00	8.00e-15	0.00e+00
 5.72386e+17	1.00e+00	7.69e-15	0.00e+00
 5.72733e+17	1.00e+00	7.39e-15	0.00e+00
 5.73068e+17	1.00e+00	7.10e-15	0.00e+00
 5.73391e+17	1.00e+00	6.82e-15	0.00e+00
 5.73702e+17	1.00e+00	6.57e-15	0.00e+00
 5.74003e+17	1.00e+00	6.34e-15	0.00e+00
 5.74297e+17	1.00e+00	6.11e-15	0.00e+00
 5.74584e+17	1.00e+00	5.89e-15	0.00e+00
 5.74862e+17	1.00e+00	5.69e-15	0.00e+00
 5.75132e+17	1.00e+00	5.49e-15	0.00e+00
 5.75393e+17	1.00e+00	5.30e-15	0.00e+00
 5.75647e+17	1.00e+00	5.13e-15	0.00e+00
 5.75895e+17	1.00e+00	4.96e-15	0.00e+00
 5.76139e+17	1.00e+00	4.80e-15	0.00e+00
 5.76378e+17	1.00e+00	4.65e-15	0.00e+00
 5.76651e+17	1.00e+00	4.50e-15	0.00e+00
 5.77005e+17	1.00e+00	4.31e-15	0.00e+00
 5.77466e+17	1.00e+00	4.08e-15	0.00e+00
 5.78064e+17	1.00e+00	3.79e-15	0.00e+00
 5.78843e+17	1.00e+00	3.43e-15	0.00e+00
 5.79855e+17	1.00e+00	3.01e-15	0.00e+00
 5.81043e+17	1.00e+00	2.53e-15	0.00e+00
 5.82154e+17	1.00e+00	2.09e-15	0.00e+00
 5.83005e+17	1.00e+00	1.79e-15	0.00e+00
 5.83662e+17	1.00e+00	1.60e-15	0.00e+00
 5.84289e+17	1.00e+00	1.46e-15	0.00e+00
 5.84993e+17	1.00e+00	1.31e-15	0.00e+00
 5.85775e+17	1.00e+00	1.16e-15	0.00e+00
 5.86557e+17	1.00e+00	1.02e-15	0.00e+00
 5.87282e+17	1.00e+00	9.04e-16	0.00e+00
 5.87965e+17	1.00e+00	8.09e-16	0.00e+00
 5.88660e+17	1.00e+00	7.25e-16	0.00e+00
 5.89402e+17	1.00e+00	6.46e-16	0.00e+00
 5.90187e+17	1.00e+00	5.71e-16	0.00e+00
