#depth	He	He+	He+2
 1.49634e+10	1.21e-22	7.79e-12	1.00e+00
 4.54887e+10	1.37e-22	8.44e-12	1.00e+00
 7.72350e+10	1.55e-22	9.15e-12	1.00e+00
 1.10251e+11	1.75e-22	9.92e-12	1.00e+00
 1.42949e+11	1.97e-22	1.07e-11	1.00e+00
 1.76955e+11	2.22e-22	1.16e-11	1.00e+00
 2.13959e+11	2.52e-22	1.26e-11	1.00e+00
 2.51667e+11	2.85e-22	1.36e-11	1.00e+00
 2.90884e+11	3.24e-22	1.48e-11	1.00e+00
 3.32446e+11	3.69e-22	1.61e-11	1.00e+00
 3.75670e+11	4.21e-22	1.74e-11	1.00e+00
 4.20624e+11	4.82e-22	1.89e-11	1.00e+00
 4.67376e+11	5.51e-22	2.06e-11	1.00e+00
 5.15997e+11	6.32e-22	2.24e-11	1.00e+00
 5.66564e+11	7.25e-22	2.44e-11	1.00e+00
 6.14094e+11	8.23e-22	2.63e-11	1.00e+00
 6.56574e+11	9.17e-22	2.81e-11	1.00e+00
 7.04251e+11	1.03e-21	3.02e-11	1.00e+00
 7.60786e+11	1.19e-21	3.28e-11	1.00e+00
 8.17620e+11	1.36e-21	3.56e-11	1.00e+00
 8.70923e+11	1.54e-21	3.83e-11	1.00e+00
 9.29883e+11	1.75e-21	4.15e-11	1.00e+00
 9.97005e+11	2.03e-21	4.52e-11	1.00e+00
 1.06394e+12	2.33e-21	4.92e-11	1.00e+00
 1.13356e+12	2.68e-21	5.35e-11	1.00e+00
 1.20883e+12	3.11e-21	5.85e-11	1.00e+00
 1.28711e+12	3.61e-21	6.39e-11	1.00e+00
 1.36091e+12	4.14e-21	6.93e-11	1.00e+00
 1.42730e+12	4.66e-21	7.44e-11	1.00e+00
 1.50207e+12	5.29e-21	8.05e-11	1.00e+00
 1.59018e+12	6.13e-21	8.80e-11	1.00e+00
 1.67825e+12	7.07e-21	9.59e-11	1.00e+00
 1.76116e+12	8.04e-21	1.04e-10	1.00e+00
 1.85284e+12	9.21e-21	1.13e-10	1.00e+00
 1.95688e+12	1.07e-20	1.24e-10	1.00e+00
 2.05973e+12	1.24e-20	1.36e-10	1.00e+00
 2.16669e+12	1.42e-20	1.48e-10	1.00e+00
 2.28329e+12	1.65e-20	1.63e-10	1.00e+00
 2.40094e+12	1.91e-20	1.79e-10	1.00e+00
 2.52330e+12	2.20e-20	1.97e-10	1.00e+00
 2.64949e+12	2.54e-20	2.16e-10	1.00e+00
 2.77331e+12	2.90e-20	2.36e-10	1.00e+00
 2.90676e+12	3.32e-20	2.60e-10	1.00e+00
 3.05296e+12	3.83e-20	2.87e-10	1.00e+00
 3.20500e+12	4.42e-20	3.17e-10	1.00e+00
 3.36313e+12	5.08e-20	3.50e-10	1.00e+00
 3.52758e+12	5.84e-20	3.88e-10	1.00e+00
 3.67625e+12	6.58e-20	4.24e-10	1.00e+00
 3.80001e+12	7.24e-20	4.55e-10	1.00e+00
 3.93554e+12	7.99e-20	4.91e-10	1.00e+00
 4.10735e+12	9.02e-20	5.40e-10	1.00e+00
 4.28668e+12	1.02e-19	5.94e-10	1.00e+00
 4.43874e+12	1.13e-19	6.43e-10	1.00e+00
 4.59500e+12	1.24e-19	6.95e-10	1.00e+00
 4.79195e+12	1.39e-19	7.65e-10	1.00e+00
 4.99212e+12	1.57e-19	8.41e-10	1.00e+00
 5.16357e+12	1.72e-19	9.09e-10	1.00e+00
 5.34736e+12	1.89e-19	9.86e-10	1.00e+00
 5.57522e+12	2.12e-19	1.09e-09	1.00e+00
 5.80903e+12	2.38e-19	1.20e-09	1.00e+00
 6.01912e+12	2.63e-19	1.30e-09	1.00e+00
 6.24974e+12	2.92e-19	1.42e-09	1.00e+00
 6.52266e+12	3.30e-19	1.57e-09	1.00e+00
 6.79627e+12	3.72e-19	1.73e-09	1.00e+00
 7.05541e+12	4.16e-19	1.88e-09	1.00e+00
 7.34213e+12	4.69e-19	2.07e-09	1.00e+00
 7.66574e+12	5.37e-19	2.29e-09	1.00e+00
 7.98851e+12	6.13e-19	2.52e-09	1.00e+00
 8.27345e+12	6.87e-19	2.73e-09	1.00e+00
 8.51233e+12	7.56e-19	2.92e-09	1.00e+00
 8.76933e+12	8.36e-19	3.12e-09	1.00e+00
 9.10342e+12	9.52e-19	3.41e-09	1.00e+00
 9.45292e+12	1.09e-18	3.72e-09	1.00e+00
 9.75098e+12	1.22e-18	3.99e-09	1.00e+00
 1.00670e+13	1.37e-18	4.30e-09	1.00e+00
 1.04655e+13	1.58e-18	4.70e-09	1.00e+00
 1.08760e+13	1.83e-18	5.14e-09	1.00e+00
 1.12364e+13	2.08e-18	5.53e-09	1.00e+00
 1.16265e+13	2.38e-18	5.98e-09	1.00e+00
 1.20588e+13	2.75e-18	6.50e-09	1.00e+00
 1.24593e+13	3.14e-18	7.01e-09	1.00e+00
 1.28935e+13	3.60e-18	7.57e-09	1.00e+00
 1.33765e+13	4.19e-18	8.24e-09	1.00e+00
 1.38270e+13	4.81e-18	8.88e-09	1.00e+00
 1.43171e+13	5.56e-18	9.61e-09	1.00e+00
 1.48622e+13	6.51e-18	1.05e-08	1.00e+00
 1.53718e+13	7.50e-18	1.13e-08	1.00e+00
 1.59271e+13	8.71e-18	1.22e-08	1.00e+00
 1.65473e+13	1.03e-17	1.33e-08	1.00e+00
 1.71310e+13	1.19e-17	1.44e-08	1.00e+00
 1.77690e+13	1.39e-17	1.56e-08	1.00e+00
 1.84837e+13	1.65e-17	1.70e-08	1.00e+00
 1.91608e+13	1.92e-17	1.85e-08	1.00e+00
 1.98885e+13	2.25e-17	2.00e-08	1.00e+00
 2.07140e+13	2.68e-17	2.19e-08	1.00e+00
 2.15279e+13	3.16e-17	2.38e-08	1.00e+00
 2.23744e+13	3.73e-17	2.59e-08	1.00e+00
 2.32993e+13	4.44e-17	2.83e-08	1.00e+00
 2.42612e+13	5.26e-17	3.09e-08	1.00e+00
 2.52007e+13	6.19e-17	3.35e-08	1.00e+00
 2.60593e+13	7.14e-17	3.61e-08	1.00e+00
 2.68246e+13	8.08e-17	3.84e-08	1.00e+00
 2.76434e+13	9.16e-17	4.09e-08	1.00e+00
 2.86832e+13	1.07e-16	4.42e-08	1.00e+00
 2.97402e+13	1.25e-16	4.78e-08	1.00e+00
 3.06306e+13	1.41e-16	5.08e-08	1.00e+00
 3.15746e+13	1.60e-16	5.42e-08	1.00e+00
 3.27653e+13	1.86e-16	5.85e-08	1.00e+00
 3.39835e+13	2.17e-16	6.32e-08	1.00e+00
 3.50249e+13	2.46e-16	6.72e-08	1.00e+00
 3.61298e+13	2.79e-16	7.17e-08	1.00e+00
 3.75043e+13	3.24e-16	7.73e-08	1.00e+00
 3.89128e+13	3.78e-16	8.36e-08	1.00e+00
 4.01478e+13	4.28e-16	8.90e-08	1.00e+00
 4.14739e+13	4.88e-16	9.50e-08	1.00e+00
 4.30829e+13	5.68e-16	1.03e-07	1.00e+00
 4.47170e+13	6.62e-16	1.11e-07	1.00e+00
 4.61984e+13	7.52e-16	1.18e-07	1.00e+00
 4.78243e+13	8.62e-16	1.27e-07	1.00e+00
 4.97331e+13	1.01e-15	1.37e-07	1.00e+00
 5.16411e+13	1.17e-15	1.48e-07	1.00e+00
 5.34532e+13	1.34e-15	1.58e-07	1.00e+00
 5.54490e+13	1.54e-15	1.70e-07	1.00e+00
 5.76969e+13	1.80e-15	1.84e-07	1.00e+00
 5.99631e+13	2.09e-15	1.98e-07	1.00e+00
 6.23199e+13	2.43e-15	2.14e-07	1.00e+00
 6.48427e+13	2.83e-15	2.31e-07	1.00e+00
 6.74663e+13	3.30e-15	2.50e-07	1.00e+00
 7.00131e+13	3.82e-15	2.69e-07	1.00e+00
 7.24185e+13	4.35e-15	2.87e-07	1.00e+00
 7.46970e+13	4.90e-15	3.05e-07	1.00e+00
 7.71864e+13	5.55e-15	3.25e-07	1.00e+00
 7.99507e+13	6.37e-15	3.49e-07	1.00e+00
 8.25365e+13	7.20e-15	3.71e-07	1.00e+00
 8.53621e+13	8.19e-15	3.96e-07	1.00e+00
 8.87133e+13	9.50e-15	4.27e-07	1.00e+00
 9.20118e+13	1.10e-14	4.60e-07	1.00e+00
 9.50204e+13	1.24e-14	4.89e-07	1.00e+00
 9.83882e+13	1.42e-14	5.24e-07	1.00e+00
 1.02313e+14	1.65e-14	5.67e-07	1.00e+00
 1.06253e+14	1.91e-14	6.11e-07	1.00e+00
 1.09811e+14	2.17e-14	6.53e-07	1.00e+00
 1.13080e+14	2.43e-14	6.92e-07	1.00e+00
 1.16828e+14	2.76e-14	7.38e-07	1.00e+00
 1.21341e+14	3.19e-14	7.97e-07	1.00e+00
 1.25813e+14	3.68e-14	8.58e-07	1.00e+00
 1.29804e+14	4.14e-14	9.12e-07	1.00e+00
 1.34204e+14	4.72e-14	9.77e-07	1.00e+00
 1.39440e+14	5.48e-14	1.06e-06	1.00e+00
 1.44617e+14	6.29e-14	1.14e-06	1.00e+00
 1.49347e+14	7.13e-14	1.21e-06	1.00e+00
 1.54640e+14	8.15e-14	1.30e-06	1.00e+00
 1.60800e+14	9.47e-14	1.41e-06	1.00e+00
 1.66835e+14	1.09e-13	1.52e-06	1.00e+00
 1.72522e+14	1.24e-13	1.63e-06	1.00e+00
 1.78862e+14	1.42e-13	1.75e-06	1.00e+00
 1.86046e+14	1.65e-13	1.90e-06	1.00e+00
 1.93210e+14	1.90e-13	2.05e-06	1.00e+00
 1.99910e+14	2.16e-13	2.19e-06	1.00e+00
 2.07185e+14	2.47e-13	2.36e-06	1.00e+00
 2.15336e+14	2.86e-13	2.55e-06	1.00e+00
 2.22934e+14	3.25e-13	2.74e-06	1.00e+00
 2.29956e+14	3.64e-13	2.92e-06	1.00e+00
 2.36702e+14	4.05e-13	3.09e-06	1.00e+00
 2.44175e+14	4.54e-13	3.29e-06	1.00e+00
 2.52433e+14	5.13e-13	3.52e-06	1.00e+00
 2.60129e+14	5.72e-13	3.75e-06	1.00e+00
 2.68552e+14	6.42e-13	4.00e-06	1.00e+00
 2.78015e+14	7.27e-13	4.28e-06	1.00e+00
 2.87036e+14	8.15e-13	4.58e-06	1.00e+00
 2.96972e+14	9.21e-13	4.90e-06	1.00e+00
 3.07943e+14	1.05e-12	5.28e-06	1.00e+00
 3.18047e+14	1.18e-12	5.63e-06	1.00e+00
 3.28971e+14	1.33e-12	6.04e-06	1.00e+00
 3.41168e+14	1.51e-12	6.50e-06	1.00e+00
 3.52643e+14	1.69e-12	6.97e-06	1.00e+00
 3.65184e+14	1.91e-12	7.47e-06	1.00e+00
 3.79107e+14	2.18e-12	8.07e-06	1.00e+00
 3.92066e+14	2.45e-12	8.65e-06	1.00e+00
 4.06151e+14	2.78e-12	9.31e-06	1.00e+00
 4.21894e+14	3.17e-12	1.01e-05	1.00e+00
 4.36803e+14	3.58e-12	1.08e-05	1.00e+00
 4.52824e+14	4.06e-12	1.17e-05	1.00e+00
 4.70605e+14	4.64e-12	1.26e-05	1.00e+00
 4.87816e+14	5.26e-12	1.36e-05	1.00e+00
 5.06078e+14	5.99e-12	1.47e-05	1.00e+00
 5.26351e+14	6.85e-12	1.60e-05	1.00e+00
 5.46615e+14	7.85e-12	1.74e-05	1.00e+00
 5.63413e+14	8.72e-12	1.85e-05	1.00e+00
 5.76495e+14	9.45e-12	1.94e-05	1.00e+00
 5.90784e+14	1.03e-11	2.05e-05	1.00e+00
 6.09360e+14	1.15e-11	2.19e-05	1.00e+00
 6.29418e+14	1.29e-11	2.35e-05	1.00e+00
 6.47416e+14	1.43e-11	2.50e-05	1.00e+00
 6.66828e+14	1.59e-11	2.67e-05	1.00e+00
 6.91372e+14	1.82e-11	2.89e-05	1.00e+00
 7.16157e+14	2.07e-11	3.12e-05	1.00e+00
 7.37092e+14	2.30e-11	3.33e-05	1.00e+00
 7.59448e+14	2.56e-11	3.55e-05	1.00e+00
 7.87541e+14	2.94e-11	3.86e-05	1.00e+00
 8.16590e+14	3.36e-11	4.18e-05	1.00e+00
 8.42190e+14	3.78e-11	4.48e-05	1.00e+00
 8.69805e+14	4.24e-11	4.82e-05	1.00e+00
 9.03136e+14	4.92e-11	5.25e-05	1.00e+00
 9.36142e+14	5.66e-11	5.70e-05	1.00e+00
 9.65392e+14	6.34e-11	6.11e-05	1.00e+00
 9.97519e+14	7.14e-11	6.57e-05	1.00e+00
 1.03601e+15	8.31e-11	7.17e-05	1.00e+00
 1.07435e+15	9.57e-11	7.79e-05	1.00e+00
 1.10933e+15	1.07e-10	8.37e-05	1.00e+00
 1.14835e+15	1.24e-10	9.06e-05	1.00e+00
 1.19383e+15	1.44e-10	9.90e-05	1.00e+00
 1.23858e+15	1.67e-10	1.08e-04	1.00e+00
 1.28088e+15	1.88e-10	1.16e-04	1.00e+00
 1.32792e+15	2.19e-10	1.26e-04	1.00e+00
 1.37240e+15	2.49e-10	1.36e-04	1.00e+00
 1.40549e+15	2.74e-10	1.43e-04	1.00e+00
 1.43918e+15	3.00e-10	1.51e-04	1.00e+00
 1.48298e+15	3.35e-10	1.62e-04	1.00e+00
 1.53068e+15	3.84e-10	1.74e-04	1.00e+00
 1.57372e+15	4.27e-10	1.85e-04	1.00e+00
 1.61994e+15	4.76e-10	1.98e-04	1.00e+00
 1.67901e+15	5.56e-10	2.14e-04	1.00e+00
 1.73874e+15	6.40e-10	2.32e-04	1.00e+00
 1.78851e+15	7.16e-10	2.47e-04	1.00e+00
 1.84136e+15	8.05e-10	2.64e-04	1.00e+00
 1.90867e+15	9.31e-10	2.86e-04	1.00e+00
 1.97977e+15	1.06e-09	3.10e-04	1.00e+00
 2.04353e+15	1.21e-09	3.33e-04	1.00e+00
 2.11274e+15	1.40e-09	3.59e-04	1.00e+00
 2.19492e+15	1.64e-09	3.91e-04	1.00e+00
 2.27574e+15	1.89e-09	4.23e-04	1.00e+00
 2.34913e+15	2.16e-09	4.54e-04	1.00e+00
 2.43106e+15	2.45e-09	4.90e-04	1.00e+00
 2.52693e+15	2.92e-09	5.34e-04	9.99e-01
 2.62153e+15	3.38e-09	5.79e-04	9.99e-01
 2.71079e+15	3.84e-09	6.24e-04	9.99e-01
 2.81012e+15	4.44e-09	6.75e-04	9.99e-01
 2.92255e+15	5.33e-09	7.37e-04	9.99e-01
 3.01671e+15	6.07e-09	7.90e-04	9.99e-01
 3.08427e+15	6.64e-09	8.29e-04	9.99e-01
 3.15493e+15	7.30e-09	8.72e-04	9.99e-01
 3.24678e+15	8.09e-09	9.28e-04	9.99e-01
 3.34934e+15	9.35e-09	9.94e-04	9.99e-01
 3.44522e+15	1.05e-08	1.06e-03	9.99e-01
 3.54927e+15	1.17e-08	1.13e-03	9.99e-01
 3.66614e+15	1.36e-08	1.21e-03	9.99e-01
 3.77657e+15	1.53e-08	1.29e-03	9.99e-01
 3.89702e+15	1.72e-08	1.38e-03	9.99e-01
 4.03235e+15	2.03e-08	1.49e-03	9.99e-01
 4.16059e+15	2.29e-08	1.60e-03	9.98e-01
 4.30088e+15	2.60e-08	1.72e-03	9.98e-01
 4.45578e+15	3.08e-08	1.86e-03	9.98e-01
 4.59834e+15	3.50e-08	1.99e-03	9.98e-01
 4.75237e+15	4.00e-08	2.14e-03	9.98e-01
 4.92389e+15	4.58e-08	2.31e-03	9.98e-01
 5.08555e+15	5.37e-08	2.49e-03	9.98e-01
 5.26309e+15	6.16e-08	2.69e-03	9.97e-01
 5.45844e+15	7.09e-08	2.91e-03	9.97e-01
 5.63366e+15	8.13e-08	3.13e-03	9.97e-01
 5.79229e+15	9.19e-08	3.33e-03	9.97e-01
 5.97259e+15	1.05e-07	3.58e-03	9.96e-01
 6.19601e+15	1.22e-07	3.89e-03	9.96e-01
 6.41941e+15	1.46e-07	4.23e-03	9.96e-01
 6.58684e+15	1.63e-07	4.49e-03	9.96e-01
 6.73759e+15	1.80e-07	4.73e-03	9.95e-01
 6.93356e+15	2.04e-07	5.07e-03	9.95e-01
 7.14356e+15	2.34e-07	5.45e-03	9.95e-01
 7.32868e+15	2.62e-07	5.80e-03	9.94e-01
 7.52620e+15	2.92e-07	6.19e-03	9.94e-01
 7.78297e+15	3.47e-07	6.75e-03	9.93e-01
 8.03162e+15	3.98e-07	7.31e-03	9.93e-01
 8.22218e+15	4.41e-07	7.77e-03	9.92e-01
 8.42240e+15	4.96e-07	8.30e-03	9.92e-01
 8.68268e+15	5.88e-07	9.04e-03	9.91e-01
 8.94789e+15	6.75e-07	9.82e-03	9.90e-01
 9.16552e+15	7.56e-07	1.05e-02	9.89e-01
 9.39444e+15	8.60e-07	1.14e-02	9.89e-01
 9.64444e+15	1.01e-06	1.23e-02	9.88e-01
 9.86628e+15	1.14e-06	1.33e-02	9.87e-01
 1.00991e+16	1.30e-06	1.43e-02	9.86e-01
 1.03541e+16	1.49e-06	1.56e-02	9.84e-01
 1.05831e+16	1.74e-06	1.70e-02	9.83e-01
 1.07830e+16	1.95e-06	1.82e-02	9.82e-01
 1.09635e+16	2.18e-06	1.94e-02	9.81e-01
 1.11360e+16	2.42e-06	2.08e-02	9.79e-01
 1.13341e+16	2.70e-06	2.24e-02	9.78e-01
 1.15917e+16	3.29e-06	2.49e-02	9.75e-01
 1.18427e+16	3.82e-06	2.76e-02	9.72e-01
 1.20345e+16	4.32e-06	3.01e-02	9.70e-01
 1.22063e+16	4.90e-06	3.26e-02	9.67e-01
 1.23735e+16	5.56e-06	3.53e-02	9.65e-01
 1.25349e+16	6.31e-06	3.83e-02	9.62e-01
 1.26928e+16	7.18e-06	4.16e-02	9.58e-01
 1.28493e+16	8.20e-06	4.54e-02	9.55e-01
 1.30042e+16	9.64e-06	4.97e-02	9.50e-01
 1.31559e+16	1.08e-05	5.46e-02	9.45e-01
 1.33283e+16	1.31e-05	6.12e-02	9.39e-01
 1.35056e+16	1.55e-05	6.93e-02	9.31e-01
 1.36532e+16	1.82e-05	7.74e-02	9.23e-01
 1.37834e+16	2.13e-05	8.59e-02	9.14e-01
 1.39074e+16	2.54e-05	9.56e-02	9.04e-01
 1.40155e+16	2.93e-05	1.05e-01	8.95e-01
 1.41067e+16	3.35e-05	1.15e-01	8.85e-01
 1.41959e+16	3.74e-05	1.26e-01	8.74e-01
 1.42985e+16	4.46e-05	1.40e-01	8.59e-01
 1.43995e+16	5.15e-05	1.57e-01	8.43e-01
 1.44759e+16	5.97e-05	1.72e-01	8.28e-01
 1.45296e+16	6.55e-05	1.83e-01	8.17e-01
 1.45763e+16	7.13e-05	1.94e-01	8.06e-01
 1.46369e+16	7.89e-05	2.10e-01	7.90e-01
 1.47158e+16	9.28e-05	2.34e-01	7.66e-01
 1.47861e+16	1.06e-04	2.56e-01	7.44e-01
 1.48316e+16	1.15e-04	2.73e-01	7.27e-01
 1.48774e+16	1.27e-04	2.92e-01	7.08e-01
 1.49369e+16	1.45e-04	3.18e-01	6.82e-01
 1.49940e+16	1.61e-04	3.44e-01	6.55e-01
 1.50480e+16	1.83e-04	3.73e-01	6.27e-01
 1.51010e+16	2.04e-04	4.01e-01	5.98e-01
 1.51457e+16	2.23e-04	4.27e-01	5.72e-01
 1.51969e+16	2.49e-04	4.59e-01	5.41e-01
 1.52540e+16	2.79e-04	4.95e-01	5.05e-01
 1.53083e+16	3.10e-04	5.31e-01	4.69e-01
 1.53607e+16	3.42e-04	5.65e-01	4.34e-01
 1.54206e+16	3.82e-04	6.05e-01	3.94e-01
 1.54866e+16	4.26e-04	6.48e-01	3.52e-01
 1.55491e+16	4.69e-04	6.86e-01	3.14e-01
 1.56188e+16	5.20e-04	7.27e-01	2.73e-01
 1.57094e+16	5.84e-04	7.74e-01	2.26e-01
 1.58043e+16	6.48e-04	8.15e-01	1.85e-01
 1.58893e+16	7.04e-04	8.46e-01	1.54e-01
 1.59845e+16	7.65e-04	8.75e-01	1.24e-01
 1.60740e+16	8.17e-04	8.96e-01	1.03e-01
 1.61372e+16	8.53e-04	9.08e-01	9.08e-02
 1.62008e+16	8.91e-04	9.20e-01	7.93e-02
 1.62835e+16	9.38e-04	9.32e-01	6.67e-02
 1.63740e+16	9.89e-04	9.43e-01	5.58e-02
 1.64567e+16	1.03e-03	9.51e-01	4.78e-02
 1.65329e+16	1.08e-03	9.57e-01	4.15e-02
 1.66188e+16	1.13e-03	9.63e-01	3.54e-02
 1.67148e+16	1.19e-03	9.69e-01	3.00e-02
 1.67957e+16	1.24e-03	9.72e-01	2.63e-02
 1.68577e+16	1.28e-03	9.75e-01	2.38e-02
 1.69234e+16	1.33e-03	9.77e-01	2.13e-02
 1.70088e+16	1.39e-03	9.80e-01	1.86e-02
 1.70933e+16	1.46e-03	9.82e-01	1.64e-02
 1.71568e+16	1.52e-03	9.84e-01	1.50e-02
 1.72104e+16	1.57e-03	9.85e-01	1.38e-02
 1.72710e+16	1.63e-03	9.86e-01	1.26e-02
 1.73395e+16	1.70e-03	9.87e-01	1.15e-02
 1.74032e+16	1.78e-03	9.88e-01	1.05e-02
 1.74596e+16	1.85e-03	9.88e-01	9.74e-03
 1.75212e+16	1.93e-03	9.89e-01	8.95e-03
 1.75876e+16	2.03e-03	9.90e-01	8.20e-03
 1.76448e+16	2.13e-03	9.90e-01	7.64e-03
 1.76942e+16	2.22e-03	9.91e-01	7.17e-03
 1.77491e+16	2.32e-03	9.91e-01	6.66e-03
 1.78096e+16	2.45e-03	9.91e-01	6.19e-03
 1.78632e+16	2.57e-03	9.92e-01	5.80e-03
 1.79097e+16	2.69e-03	9.92e-01	5.49e-03
 1.79612e+16	2.83e-03	9.92e-01	5.14e-03
 1.80174e+16	3.01e-03	9.92e-01	4.81e-03
 1.80673e+16	3.17e-03	9.92e-01	4.54e-03
 1.81112e+16	3.33e-03	9.92e-01	4.33e-03
 1.81597e+16	3.53e-03	9.92e-01	4.08e-03
 1.82129e+16	3.78e-03	9.92e-01	3.84e-03
 1.82606e+16	4.02e-03	9.92e-01	3.64e-03
 1.83031e+16	4.27e-03	9.92e-01	3.47e-03
 1.83506e+16	4.58e-03	9.92e-01	3.29e-03
 1.84034e+16	4.96e-03	9.92e-01	3.10e-03
 1.84521e+16	5.38e-03	9.92e-01	2.95e-03
 1.84962e+16	5.81e-03	9.91e-01	2.81e-03
 1.85454e+16	6.36e-03	9.91e-01	2.66e-03
 1.85978e+16	7.06e-03	9.90e-01	2.52e-03
 1.86417e+16	7.77e-03	9.90e-01	2.41e-03
 1.86783e+16	8.46e-03	9.89e-01	2.33e-03
 1.87114e+16	9.15e-03	9.89e-01	2.26e-03
 1.87427e+16	9.93e-03	9.88e-01	2.19e-03
 1.87733e+16	1.08e-02	9.87e-01	2.12e-03
 1.88027e+16	1.18e-02	9.86e-01	2.06e-03
 1.88307e+16	1.29e-02	9.85e-01	2.01e-03
 1.88572e+16	1.40e-02	9.84e-01	1.96e-03
 1.88826e+16	1.53e-02	9.83e-01	1.92e-03
 1.89073e+16	1.68e-02	9.81e-01	1.88e-03
 1.89310e+16	1.84e-02	9.80e-01	1.85e-03
 1.89538e+16	2.02e-02	9.78e-01	1.82e-03
 1.89760e+16	2.23e-02	9.76e-01	1.79e-03
 1.89977e+16	2.46e-02	9.74e-01	1.77e-03
 1.90185e+16	2.73e-02	9.71e-01	1.75e-03
 1.90386e+16	3.03e-02	9.68e-01	1.74e-03
 1.90581e+16	3.37e-02	9.65e-01	1.73e-03
 1.90774e+16	3.76e-02	9.61e-01	1.72e-03
 1.90960e+16	4.21e-02	9.56e-01	1.72e-03
 1.91135e+16	4.70e-02	9.51e-01	1.72e-03
 1.91300e+16	5.23e-02	9.46e-01	1.74e-03
 1.91469e+16	5.88e-02	9.39e-01	1.75e-03
 1.91638e+16	6.64e-02	9.32e-01	1.77e-03
 1.91786e+16	7.44e-02	9.24e-01	1.79e-03
 1.91918e+16	8.23e-02	9.16e-01	1.82e-03
 1.92040e+16	9.08e-02	9.07e-01	1.84e-03
 1.92157e+16	9.98e-02	8.98e-01	1.88e-03
 1.92267e+16	1.10e-01	8.89e-01	1.90e-03
 1.92368e+16	1.19e-01	8.79e-01	1.94e-03
 1.92446e+16	1.28e-01	8.70e-01	1.96e-03
 1.92496e+16	1.33e-01	8.65e-01	1.98e-03
 1.92542e+16	1.39e-01	8.59e-01	2.00e-03
 1.92594e+16	1.46e-01	8.52e-01	2.01e-03
 1.92652e+16	1.53e-01	8.44e-01	2.04e-03
 1.92708e+16	1.61e-01	8.37e-01	2.06e-03
 1.92760e+16	1.69e-01	8.29e-01	2.08e-03
 1.92812e+16	1.78e-01	8.20e-01	2.10e-03
 1.92864e+16	1.86e-01	8.12e-01	2.13e-03
 1.92916e+16	1.95e-01	8.02e-01	2.15e-03
 1.92967e+16	2.05e-01	7.93e-01	2.17e-03
 1.93017e+16	2.15e-01	7.83e-01	2.19e-03
 1.93066e+16	2.25e-01	7.73e-01	2.22e-03
 1.93116e+16	2.36e-01	7.62e-01	2.23e-03
 1.93165e+16	2.47e-01	7.51e-01	2.26e-03
 1.93213e+16	2.59e-01	7.39e-01	2.28e-03
 1.93261e+16	2.70e-01	7.27e-01	2.30e-03
 1.93308e+16	2.83e-01	7.15e-01	2.32e-03
 1.93356e+16	2.96e-01	7.02e-01	2.34e-03
 1.93402e+16	3.09e-01	6.89e-01	2.36e-03
 1.93447e+16	3.22e-01	6.76e-01	2.38e-03
 1.93493e+16	3.36e-01	6.61e-01	2.39e-03
 1.93538e+16	3.50e-01	6.48e-01	2.41e-03
 1.93582e+16	3.65e-01	6.33e-01	2.42e-03
 1.93627e+16	3.80e-01	6.18e-01	2.43e-03
 1.93670e+16	3.95e-01	6.03e-01	2.44e-03
 1.93713e+16	4.10e-01	5.88e-01	2.45e-03
 1.93755e+16	4.25e-01	5.72e-01	2.45e-03
 1.93798e+16	4.41e-01	5.56e-01	2.46e-03
 1.93840e+16	4.57e-01	5.40e-01	2.46e-03
 1.93881e+16	4.73e-01	5.25e-01	2.46e-03
 1.93921e+16	4.89e-01	5.09e-01	2.46e-03
 1.93961e+16	5.04e-01	4.93e-01	2.46e-03
 1.93999e+16	5.19e-01	4.78e-01	2.45e-03
 1.94037e+16	5.35e-01	4.63e-01	2.45e-03
 1.94075e+16	5.50e-01	4.48e-01	2.44e-03
 1.94112e+16	5.65e-01	4.33e-01	2.42e-03
 1.94148e+16	5.80e-01	4.18e-01	2.41e-03
 1.94184e+16	5.94e-01	4.03e-01	2.39e-03
 1.94219e+16	6.09e-01	3.89e-01	2.37e-03
 1.94254e+16	6.23e-01	3.75e-01	2.35e-03
 1.94288e+16	6.36e-01	3.61e-01	2.33e-03
 1.94322e+16	6.50e-01	3.48e-01	2.30e-03
 1.94356e+16	6.63e-01	3.35e-01	2.27e-03
 1.94389e+16	6.75e-01	3.23e-01	2.25e-03
 1.94421e+16	6.87e-01	3.10e-01	2.22e-03
 1.94454e+16	7.00e-01	2.98e-01	2.18e-03
 1.94487e+16	7.11e-01	2.86e-01	2.15e-03
 1.94519e+16	7.23e-01	2.75e-01	2.12e-03
 1.94552e+16	7.34e-01	2.64e-01	2.08e-03
 1.94584e+16	7.45e-01	2.53e-01	2.04e-03
 1.94616e+16	7.55e-01	2.43e-01	2.00e-03
 1.94645e+16	7.64e-01	2.34e-01	1.97e-03
 1.94668e+16	7.71e-01	2.27e-01	1.93e-03
 1.94689e+16	7.78e-01	2.20e-01	1.90e-03
 1.94712e+16	7.85e-01	2.13e-01	1.87e-03
 1.94734e+16	7.92e-01	2.07e-01	1.84e-03
 1.94756e+16	7.98e-01	2.01e-01	1.81e-03
 1.94777e+16	8.04e-01	1.95e-01	1.77e-03
 1.94797e+16	8.09e-01	1.89e-01	1.74e-03
 1.94817e+16	8.14e-01	1.84e-01	1.71e-03
 1.94837e+16	8.19e-01	1.79e-01	1.68e-03
 1.94857e+16	8.24e-01	1.74e-01	1.66e-03
 1.94875e+16	8.29e-01	1.70e-01	1.63e-03
 1.94894e+16	8.33e-01	1.66e-01	1.60e-03
 1.94912e+16	8.37e-01	1.61e-01	1.57e-03
 1.94930e+16	8.41e-01	1.57e-01	1.55e-03
 1.94948e+16	8.45e-01	1.54e-01	1.52e-03
 1.94966e+16	8.49e-01	1.50e-01	1.49e-03
 1.94984e+16	8.52e-01	1.46e-01	1.47e-03
 1.95001e+16	8.56e-01	1.43e-01	1.45e-03
 1.95019e+16	8.59e-01	1.39e-01	1.42e-03
 1.95037e+16	8.62e-01	1.36e-01	1.39e-03
 1.95054e+16	8.65e-01	1.33e-01	1.37e-03
 1.95072e+16	8.69e-01	1.30e-01	1.34e-03
 1.95091e+16	8.72e-01	1.27e-01	1.32e-03
 1.95109e+16	8.75e-01	1.24e-01	1.29e-03
 1.95128e+16	8.78e-01	1.21e-01	1.27e-03
 1.95147e+16	8.81e-01	1.18e-01	1.25e-03
 1.95167e+16	8.83e-01	1.15e-01	1.22e-03
 1.95188e+16	8.86e-01	1.12e-01	1.19e-03
 1.95210e+16	8.89e-01	1.09e-01	1.17e-03
 1.95234e+16	8.92e-01	1.06e-01	1.14e-03
 1.95260e+16	8.95e-01	1.03e-01	1.11e-03
 1.95290e+16	8.99e-01	1.00e-01	1.08e-03
 1.95324e+16	9.02e-01	9.66e-02	1.05e-03
 1.95363e+16	9.06e-01	9.29e-02	1.01e-03
 1.95406e+16	9.10e-01	8.92e-02	9.76e-04
 1.95449e+16	9.13e-01	8.59e-02	9.41e-04
 1.95493e+16	9.16e-01	8.28e-02	9.07e-04
 1.95539e+16	9.19e-01	7.99e-02	8.75e-04
 1.95584e+16	9.22e-01	7.74e-02	8.46e-04
 1.95625e+16	9.24e-01	7.52e-02	8.21e-04
 1.95662e+16	9.26e-01	7.35e-02	8.01e-04
 1.95703e+16	9.28e-01	7.17e-02	7.78e-04
 1.95747e+16	9.29e-01	7.01e-02	7.59e-04
 1.95796e+16	9.31e-01	6.83e-02	7.37e-04
 1.95848e+16	9.32e-01	6.69e-02	7.19e-04
 1.95895e+16	9.34e-01	6.56e-02	7.02e-04
 1.95947e+16	9.35e-01	6.43e-02	6.84e-04
 1.96015e+16	9.36e-01	6.29e-02	6.65e-04
 1.96088e+16	9.38e-01	6.17e-02	6.49e-04
 1.96154e+16	9.39e-01	6.06e-02	6.34e-04
 1.96227e+16	9.40e-01	5.95e-02	6.17e-04
 1.96322e+16	9.41e-01	5.85e-02	6.01e-04
 1.96424e+16	9.42e-01	5.75e-02	5.85e-04
 1.96517e+16	9.43e-01	5.67e-02	5.71e-04
 1.96619e+16	9.44e-01	5.58e-02	5.56e-04
 1.96751e+16	9.45e-01	5.49e-02	5.39e-04
 1.96894e+16	9.46e-01	5.40e-02	5.23e-04
 1.97024e+16	9.46e-01	5.32e-02	5.08e-04
 1.97167e+16	9.47e-01	5.23e-02	4.92e-04
 1.97321e+16	9.48e-01	5.15e-02	4.77e-04
 1.97461e+16	9.49e-01	5.08e-02	4.63e-04
 1.97588e+16	9.49e-01	5.01e-02	4.51e-04
 1.97728e+16	9.50e-01	4.93e-02	4.37e-04
 1.97879e+16	9.51e-01	4.86e-02	4.24e-04
 1.98016e+16	9.52e-01	4.79e-02	4.12e-04
 1.98141e+16	9.52e-01	4.73e-02	4.01e-04
 1.98278e+16	9.53e-01	4.66e-02	3.89e-04
 1.98425e+16	9.54e-01	4.59e-02	3.77e-04
 1.98560e+16	9.54e-01	4.53e-02	3.67e-04
 1.98682e+16	9.55e-01	4.47e-02	3.57e-04
 1.98816e+16	9.56e-01	4.40e-02	3.46e-04
 1.98961e+16	9.56e-01	4.34e-02	3.36e-04
 1.99093e+16	9.57e-01	4.28e-02	3.27e-04
 1.99212e+16	9.57e-01	4.23e-02	3.19e-04
 1.99344e+16	9.58e-01	4.16e-02	3.09e-04
 1.99485e+16	9.59e-01	4.10e-02	3.00e-04
 1.99614e+16	9.59e-01	4.05e-02	2.92e-04
 1.99732e+16	9.60e-01	4.00e-02	2.85e-04
 1.99860e+16	9.60e-01	3.94e-02	2.76e-04
 1.99999e+16	9.61e-01	3.88e-02	2.69e-04
 2.00126e+16	9.61e-01	3.83e-02	2.61e-04
 2.00241e+16	9.62e-01	3.78e-02	2.55e-04
 2.00367e+16	9.62e-01	3.73e-02	2.48e-04
 2.00503e+16	9.63e-01	3.68e-02	2.41e-04
 2.00627e+16	9.63e-01	3.63e-02	2.35e-04
 2.00762e+16	9.64e-01	3.58e-02	2.28e-04
 2.00909e+16	9.65e-01	3.52e-02	2.21e-04
 2.01042e+16	9.65e-01	3.48e-02	2.15e-04
 2.01163e+16	9.65e-01	3.43e-02	2.10e-04
 2.01296e+16	9.66e-01	3.38e-02	2.04e-04
 2.01440e+16	9.66e-01	3.34e-02	1.98e-04
 2.01570e+16	9.67e-01	3.29e-02	1.93e-04
 2.01713e+16	9.67e-01	3.24e-02	1.87e-04
 2.01868e+16	9.68e-01	3.19e-02	1.82e-04
 2.02008e+16	9.68e-01	3.15e-02	1.77e-04
 2.02162e+16	9.69e-01	3.10e-02	1.71e-04
 2.02329e+16	9.69e-01	3.05e-02	1.66e-04
 2.02480e+16	9.70e-01	3.01e-02	1.61e-04
 2.02618e+16	9.70e-01	2.97e-02	1.57e-04
 2.02769e+16	9.71e-01	2.92e-02	1.52e-04
 2.02931e+16	9.71e-01	2.88e-02	1.48e-04
 2.03080e+16	9.72e-01	2.83e-02	1.43e-04
 2.03242e+16	9.72e-01	2.79e-02	1.39e-04
 2.03417e+16	9.72e-01	2.74e-02	1.34e-04
 2.03577e+16	9.73e-01	2.70e-02	1.30e-04
 2.03722e+16	9.73e-01	2.67e-02	1.27e-04
 2.03881e+16	9.74e-01	2.62e-02	1.23e-04
 2.04053e+16	9.74e-01	2.58e-02	1.19e-04
 2.04210e+16	9.74e-01	2.55e-02	1.16e-04
 2.04381e+16	9.75e-01	2.51e-02	1.12e-04
 2.04566e+16	9.75e-01	2.46e-02	1.09e-04
 2.04734e+16	9.76e-01	2.43e-02	1.06e-04
 2.04919e+16	9.76e-01	2.38e-02	1.02e-04
 2.05118e+16	9.76e-01	2.34e-02	9.85e-05
 2.05299e+16	9.77e-01	2.31e-02	9.55e-05
 2.05497e+16	9.77e-01	2.26e-02	9.21e-05
 2.05712e+16	9.78e-01	2.22e-02	8.88e-05
 2.05907e+16	9.78e-01	2.19e-02	8.59e-05
 2.06084e+16	9.78e-01	2.15e-02	8.34e-05
 2.06279e+16	9.79e-01	2.12e-02	8.06e-05
 2.06489e+16	9.79e-01	2.08e-02	7.78e-05
 2.06680e+16	9.79e-01	2.05e-02	7.54e-05
 2.06889e+16	9.80e-01	2.01e-02	7.27e-05
 2.07115e+16	9.80e-01	1.97e-02	7.01e-05
 2.07321e+16	9.81e-01	1.94e-02	6.78e-05
 2.07546e+16	9.81e-01	1.90e-02	6.53e-05
 2.07790e+16	9.81e-01	1.86e-02	6.28e-05
 2.08011e+16	9.82e-01	1.83e-02	6.07e-05
 2.08212e+16	9.82e-01	1.80e-02	5.88e-05
 2.08433e+16	9.82e-01	1.77e-02	5.67e-05
 2.08672e+16	9.83e-01	1.74e-02	5.47e-05
 2.08889e+16	9.83e-01	1.71e-02	5.29e-05
 2.09126e+16	9.83e-01	1.68e-02	5.09e-05
 2.09383e+16	9.84e-01	1.64e-02	4.90e-05
 2.09616e+16	9.84e-01	1.62e-02	4.74e-05
 2.09872e+16	9.84e-01	1.58e-02	4.55e-05
 2.10149e+16	9.84e-01	1.55e-02	4.37e-05
 2.10400e+16	9.85e-01	1.52e-02	4.22e-05
 2.10676e+16	9.85e-01	1.49e-02	4.04e-05
 2.10973e+16	9.85e-01	1.46e-02	3.88e-05
 2.11244e+16	9.86e-01	1.43e-02	3.73e-05
 2.11540e+16	9.86e-01	1.40e-02	3.57e-05
 2.11860e+16	9.86e-01	1.37e-02	3.42e-05
 2.12152e+16	9.87e-01	1.34e-02	3.28e-05
 2.12471e+16	9.87e-01	1.31e-02	3.13e-05
 2.12816e+16	9.87e-01	1.28e-02	2.99e-05
 2.13129e+16	9.87e-01	1.25e-02	2.87e-05
 2.13473e+16	9.88e-01	1.22e-02	2.73e-05
 2.13844e+16	9.88e-01	1.19e-02	2.60e-05
 2.14182e+16	9.88e-01	1.17e-02	2.49e-05
 2.14489e+16	9.89e-01	1.14e-02	2.40e-05
 2.14826e+16	9.89e-01	1.12e-02	2.29e-05
 2.15189e+16	9.89e-01	1.09e-02	2.19e-05
 2.15520e+16	9.89e-01	1.07e-02	2.10e-05
 2.15882e+16	9.90e-01	1.04e-02	2.00e-05
 2.16274e+16	9.90e-01	1.02e-02	1.91e-05
 2.16630e+16	9.90e-01	9.95e-03	1.83e-05
 2.17020e+16	9.90e-01	9.71e-03	1.74e-05
 2.17441e+16	9.91e-01	9.46e-03	1.65e-05
 2.17825e+16	9.91e-01	9.24e-03	1.58e-05
 2.18245e+16	9.91e-01	9.00e-03	1.50e-05
 2.18698e+16	9.91e-01	8.76e-03	1.42e-05
 2.19111e+16	9.91e-01	8.56e-03	1.36e-05
 2.19563e+16	9.92e-01	8.32e-03	1.28e-05
 2.20051e+16	9.92e-01	8.09e-03	1.21e-05
 2.20495e+16	9.92e-01	7.89e-03	1.15e-05
 2.20982e+16	9.92e-01	7.66e-03	1.09e-05
 2.21615e+16	9.93e-01	7.38e-03	1.01e-05
 2.22355e+16	9.93e-01	7.07e-03	9.31e-06
 2.23119e+16	9.93e-01	6.78e-03	8.57e-06
 2.23894e+16	9.93e-01	6.50e-03	7.88e-06
 2.24699e+16	9.94e-01	6.22e-03	7.23e-06
 2.25538e+16	9.94e-01	5.95e-03	6.62e-06
 2.26407e+16	9.94e-01	5.68e-03	6.04e-06
 2.27306e+16	9.95e-01	5.42e-03	5.51e-06
 2.28239e+16	9.95e-01	5.17e-03	5.01e-06
 2.29197e+16	9.95e-01	4.92e-03	4.55e-06
 2.30171e+16	9.95e-01	4.69e-03	4.14e-06
 2.31160e+16	9.96e-01	4.47e-03	3.76e-06
 2.32169e+16	9.96e-01	4.25e-03	3.41e-06
 2.33197e+16	9.96e-01	4.05e-03	3.09e-06
 2.34243e+16	9.96e-01	3.85e-03	2.80e-06
 2.35309e+16	9.96e-01	3.66e-03	2.54e-06
 2.36394e+16	9.97e-01	3.49e-03	2.30e-06
 2.37483e+16	9.97e-01	3.32e-03	2.08e-06
 2.38588e+16	9.97e-01	3.15e-03	1.88e-06
 2.39733e+16	9.97e-01	2.99e-03	1.70e-06
 2.40906e+16	9.97e-01	2.84e-03	1.53e-06
 2.42096e+16	9.97e-01	2.70e-03	1.38e-06
 2.43306e+16	9.97e-01	2.56e-03	1.24e-06
 2.44541e+16	9.98e-01	2.42e-03	1.12e-06
 2.45798e+16	9.98e-01	2.30e-03	1.01e-06
 2.47079e+16	9.98e-01	2.17e-03	9.02e-07
 2.48385e+16	9.98e-01	2.06e-03	8.09e-07
 2.49718e+16	9.98e-01	1.95e-03	7.24e-07
 2.51077e+16	9.98e-01	1.84e-03	6.48e-07
 2.52465e+16	9.98e-01	1.74e-03	5.78e-07
 2.53881e+16	9.98e-01	1.64e-03	5.16e-07
 2.55327e+16	9.98e-01	1.55e-03	4.59e-07
 2.56803e+16	9.99e-01	1.46e-03	4.08e-07
 2.58312e+16	9.99e-01	1.37e-03	3.62e-07
 2.59855e+16	9.99e-01	1.29e-03	3.21e-07
 2.61434e+16	9.99e-01	1.22e-03	2.84e-07
 2.63049e+16	9.99e-01	1.14e-03	2.50e-07
 2.64704e+16	9.99e-01	1.07e-03	2.20e-07
 2.66400e+16	9.99e-01	1.00e-03	1.94e-07
 2.68139e+16	9.99e-01	9.39e-04	1.70e-07
 2.69925e+16	9.99e-01	8.77e-04	1.48e-07
 2.71759e+16	9.99e-01	8.19e-04	1.29e-07
 2.73646e+16	9.99e-01	7.63e-04	1.12e-07
 2.75590e+16	9.99e-01	7.11e-04	9.73e-08
 2.77553e+16	9.99e-01	6.62e-04	8.44e-08
 2.79568e+16	9.99e-01	6.15e-04	7.28e-08
 2.81705e+16	9.99e-01	5.69e-04	6.23e-08
 2.83937e+16	9.99e-01	5.25e-04	5.30e-08
 2.86241e+16	1.00e+00	4.83e-04	4.49e-08
 2.88627e+16	1.00e+00	4.43e-04	3.78e-08
 2.91116e+16	1.00e+00	4.06e-04	3.17e-08
 2.93721e+16	1.00e+00	3.70e-04	2.64e-08
 2.96452e+16	1.00e+00	3.36e-04	2.17e-08
 2.99331e+16	1.00e+00	3.04e-04	1.78e-08
 3.02373e+16	1.00e+00	2.74e-04	1.44e-08
 3.05590e+16	1.00e+00	2.45e-04	1.15e-08
 3.09038e+16	1.00e+00	2.18e-04	9.06e-09
 3.12745e+16	1.00e+00	1.92e-04	7.02e-09
 3.16728e+16	1.00e+00	1.67e-04	5.35e-09
 3.21054e+16	1.00e+00	1.45e-04	3.99e-09
 3.25817e+16	1.00e+00	1.23e-04	2.89e-09
 3.31129e+16	1.00e+00	1.03e-04	2.02e-09
 3.37303e+16	1.00e+00	8.39e-05	1.34e-09
 3.44512e+16	1.00e+00	6.63e-05	8.36e-10
 3.52327e+16	1.00e+00	5.16e-05	5.06e-10
 3.60150e+16	1.00e+00	4.04e-05	3.10e-10
 3.67820e+16	1.00e+00	3.18e-05	1.93e-10
 3.75528e+16	1.00e+00	2.51e-05	1.20e-10
 3.83381e+16	1.00e+00	1.97e-05	7.49e-11
 3.91396e+16	1.00e+00	1.55e-05	4.65e-11
 3.99554e+16	1.00e+00	1.22e-05	2.89e-11
 4.07871e+16	1.00e+00	9.59e-06	1.79e-11
 4.16378e+16	1.00e+00	7.52e-06	1.11e-11
 4.25052e+16	1.00e+00	5.90e-06	6.85e-12
 4.33930e+16	1.00e+00	4.63e-06	4.24e-12
 4.43116e+16	1.00e+00	3.62e-06	2.60e-12
 4.52603e+16	1.00e+00	2.82e-06	1.58e-12
 4.62344e+16	1.00e+00	2.19e-06	9.60e-13
 4.72343e+16	1.00e+00	1.70e-06	5.81e-13
 4.82663e+16	1.00e+00	1.32e-06	3.49e-13
 4.93410e+16	1.00e+00	1.01e-06	2.07e-13
 5.04636e+16	1.00e+00	7.75e-07	1.22e-13
 5.16362e+16	1.00e+00	5.90e-07	7.07e-14
 5.28689e+16	1.00e+00	4.45e-07	4.03e-14
 5.41725e+16	1.00e+00	3.32e-07	2.26e-14
 5.55617e+16	1.00e+00	2.45e-07	1.23e-14
 5.70556e+16	1.00e+00	1.78e-07	6.53e-15
 5.86135e+16	1.00e+00	1.29e-07	3.44e-15
 6.01795e+16	1.00e+00	9.43e-08	1.83e-15
 6.17455e+16	1.00e+00	6.93e-08	9.93e-16
 6.33115e+16	1.00e+00	5.14e-08	5.46e-16
 6.48774e+16	1.00e+00	3.83e-08	3.05e-16
 6.64434e+16	1.00e+00	2.88e-08	1.72e-16
 6.82442e+16	1.00e+00	2.07e-08	8.92e-17
 7.03107e+16	1.00e+00	1.45e-08	4.36e-17
 7.24682e+16	1.00e+00	1.01e-08	2.11e-17
 7.47206e+16	1.00e+00	6.96e-09	1.01e-17
 7.70277e+16	1.00e+00	4.83e-09	4.87e-18
 7.93703e+16	1.00e+00	3.37e-09	2.37e-18
 8.17415e+16	1.00e+00	2.36e-09	1.17e-18
 8.41489e+16	1.00e+00	1.67e-09	5.83e-19
 8.65860e+16	1.00e+00	1.18e-09	2.93e-19
 8.90407e+16	1.00e+00	8.43e-10	1.49e-19
 9.15081e+16	1.00e+00	6.06e-10	7.72e-20
 9.39750e+16	1.00e+00	4.39e-10	4.06e-20
 9.64312e+16	1.00e+00	3.21e-10	2.17e-20
 9.88638e+16	1.00e+00	2.37e-10	1.19e-20
 1.01262e+17	1.00e+00	1.77e-10	6.62e-21
 1.03617e+17	1.00e+00	1.34e-10	0.00e+00
 1.05917e+17	1.00e+00	1.02e-10	0.00e+00
 1.08152e+17	1.00e+00	7.93e-11	0.00e+00
 1.10317e+17	1.00e+00	6.22e-11	0.00e+00
 1.12408e+17	1.00e+00	4.95e-11	0.00e+00
 1.14418e+17	1.00e+00	3.98e-11	0.00e+00
 1.16345e+17	1.00e+00	3.25e-11	0.00e+00
 1.18188e+17	1.00e+00	2.68e-11	0.00e+00
 1.19946e+17	1.00e+00	2.24e-11	0.00e+00
 1.21621e+17	1.00e+00	1.90e-11	0.00e+00
 1.23214e+17	1.00e+00	1.62e-11	0.00e+00
 1.24729e+17	1.00e+00	1.40e-11	0.00e+00
 1.26167e+17	1.00e+00	1.22e-11	0.00e+00
 1.27532e+17	1.00e+00	1.08e-11	0.00e+00
 1.28825e+17	1.00e+00	9.55e-12	0.00e+00
 1.30052e+17	1.00e+00	8.55e-12	0.00e+00
 1.31216e+17	1.00e+00	7.71e-12	0.00e+00
 1.32319e+17	1.00e+00	7.01e-12	0.00e+00
 1.33364e+17	1.00e+00	6.41e-12	0.00e+00
 1.34355e+17	1.00e+00	5.90e-12	0.00e+00
 1.35294e+17	1.00e+00	5.46e-12	0.00e+00
 1.36185e+17	1.00e+00	5.07e-12	0.00e+00
 1.37031e+17	1.00e+00	4.74e-12	0.00e+00
 1.37833e+17	1.00e+00	4.45e-12	0.00e+00
 1.38593e+17	1.00e+00	4.20e-12	0.00e+00
 1.39315e+17	1.00e+00	3.97e-12	0.00e+00
 1.40001e+17	1.00e+00	3.78e-12	0.00e+00
 1.40652e+17	1.00e+00	3.60e-12	0.00e+00
 1.41271e+17	1.00e+00	3.44e-12	0.00e+00
 1.41859e+17	1.00e+00	3.30e-12	0.00e+00
 1.42419e+17	1.00e+00	3.18e-12	0.00e+00
 1.42951e+17	1.00e+00	3.06e-12	0.00e+00
 1.43458e+17	1.00e+00	2.95e-12	0.00e+00
 1.43940e+17	1.00e+00	2.86e-12	0.00e+00
 1.44401e+17	1.00e+00	2.77e-12	0.00e+00
 1.44839e+17	1.00e+00	2.69e-12	0.00e+00
 1.45258e+17	1.00e+00	2.62e-12	0.00e+00
 1.45658e+17	1.00e+00	2.56e-12	0.00e+00
 1.46040e+17	1.00e+00	2.49e-12	0.00e+00
 1.46406e+17	1.00e+00	2.44e-12	0.00e+00
 1.46757e+17	1.00e+00	2.39e-12	0.00e+00
 1.47093e+17	1.00e+00	2.34e-12	0.00e+00
 1.47415e+17	1.00e+00	2.29e-12	0.00e+00
 1.47725e+17	1.00e+00	2.25e-12	0.00e+00
 1.48024e+17	1.00e+00	2.21e-12	0.00e+00
 1.48312e+17	1.00e+00	2.17e-12	0.00e+00
 1.48590e+17	1.00e+00	2.14e-12	0.00e+00
 1.48859e+17	1.00e+00	2.10e-12	0.00e+00
 1.49120e+17	1.00e+00	2.07e-12	0.00e+00
 1.49374e+17	1.00e+00	2.04e-12	0.00e+00
 1.49622e+17	1.00e+00	2.02e-12	0.00e+00
 1.49865e+17	1.00e+00	1.99e-12	0.00e+00
 1.50103e+17	1.00e+00	1.96e-12	0.00e+00
 1.50338e+17	1.00e+00	1.94e-12	0.00e+00
 1.50570e+17	1.00e+00	1.91e-12	0.00e+00
 1.50802e+17	1.00e+00	1.89e-12	0.00e+00
 1.51033e+17	1.00e+00	1.86e-12	0.00e+00
 1.51267e+17	1.00e+00	1.84e-12	0.00e+00
 1.51504e+17	1.00e+00	1.82e-12	0.00e+00
 1.51746e+17	1.00e+00	1.80e-12	0.00e+00
 1.51996e+17	1.00e+00	1.77e-12	0.00e+00
 1.52257e+17	1.00e+00	1.75e-12	0.00e+00
 1.52533e+17	1.00e+00	1.72e-12	0.00e+00
 1.52830e+17	1.00e+00	1.70e-12	0.00e+00
 1.53153e+17	1.00e+00	1.67e-12	0.00e+00
 1.53512e+17	1.00e+00	1.64e-12	0.00e+00
 1.53920e+17	1.00e+00	1.60e-12	0.00e+00
 1.54397e+17	1.00e+00	1.57e-12	0.00e+00
 1.54971e+17	1.00e+00	1.52e-12	0.00e+00
 1.55688e+17	1.00e+00	1.47e-12	0.00e+00
 1.56610e+17	1.00e+00	1.40e-12	0.00e+00
 1.57808e+17	1.00e+00	1.33e-12	0.00e+00
 1.59366e+17	1.00e+00	1.23e-12	0.00e+00
 1.61392e+17	1.00e+00	1.12e-12	0.00e+00
 1.64025e+17	1.00e+00	9.92e-13	0.00e+00
 1.67447e+17	1.00e+00	8.55e-13	0.00e+00
 1.71897e+17	1.00e+00	7.12e-13	0.00e+00
 1.77682e+17	1.00e+00	5.68e-13	0.00e+00
 1.84570e+17	1.00e+00	4.36e-13	0.00e+00
 1.91953e+17	1.00e+00	3.54e-13	0.00e+00
 1.99631e+17	1.00e+00	3.06e-13	0.00e+00
 2.07617e+17	1.00e+00	2.71e-13	0.00e+00
 2.15921e+17	1.00e+00	2.42e-13	0.00e+00
 2.24558e+17	1.00e+00	2.17e-13	0.00e+00
 2.33541e+17	1.00e+00	1.93e-13	0.00e+00
 2.42882e+17	1.00e+00	1.71e-13	0.00e+00
 2.52598e+17	1.00e+00	1.51e-13	0.00e+00
 2.62701e+17	1.00e+00	1.31e-13	0.00e+00
 2.72918e+17	1.00e+00	1.13e-13	0.00e+00
 2.82587e+17	1.00e+00	1.02e-13	0.00e+00
 2.91253e+17	1.00e+00	9.95e-14	0.00e+00
 2.99015e+17	1.00e+00	9.97e-14	0.00e+00
 3.06264e+17	1.00e+00	9.71e-14	0.00e+00
 3.13241e+17	1.00e+00	9.04e-14	0.00e+00
 3.19830e+17	1.00e+00	8.24e-14	0.00e+00
 3.25677e+17	1.00e+00	7.61e-14	0.00e+00
 3.30102e+17	1.00e+00	7.26e-14	0.00e+00
 3.32777e+17	1.00e+00	7.42e-14	0.00e+00
 3.34253e+17	1.00e+00	7.63e-14	0.00e+00
 3.35118e+17	1.00e+00	7.76e-14	0.00e+00
 3.35637e+17	1.00e+00	7.83e-14	0.00e+00
 3.35985e+17	1.00e+00	7.88e-14	0.00e+00
 3.36306e+17	1.00e+00	7.90e-14	0.00e+00
 3.36671e+17	1.00e+00	7.92e-14	0.00e+00
 3.37065e+17	1.00e+00	7.93e-14	0.00e+00
 3.37426e+17	1.00e+00	7.93e-14	0.00e+00
 3.37714e+17	1.00e+00	7.93e-14	0.00e+00
 3.37960e+17	1.00e+00	7.93e-14	0.00e+00
 3.38204e+17	1.00e+00	7.92e-14	0.00e+00
 3.38462e+17	1.00e+00	7.91e-14	0.00e+00
 3.38727e+17	1.00e+00	7.90e-14	0.00e+00
 3.38970e+17	1.00e+00	7.88e-14	0.00e+00
 3.39175e+17	1.00e+00	7.86e-14	0.00e+00
 3.39356e+17	1.00e+00	7.84e-14	0.00e+00
 3.39542e+17	1.00e+00	7.83e-14	0.00e+00
 3.39744e+17	1.00e+00	7.81e-14	0.00e+00
 3.39935e+17	1.00e+00	7.78e-14	0.00e+00
 3.40096e+17	1.00e+00	7.76e-14	0.00e+00
 3.40247e+17	1.00e+00	7.75e-14	0.00e+00
 3.40403e+17	1.00e+00	7.73e-14	0.00e+00
 3.40562e+17	1.00e+00	7.70e-14	0.00e+00
 3.40711e+17	1.00e+00	7.68e-14	0.00e+00
 3.40845e+17	1.00e+00	7.66e-14	0.00e+00
 3.40972e+17	1.00e+00	7.64e-14	0.00e+00
 3.41104e+17	1.00e+00	7.62e-14	0.00e+00
 3.41240e+17	1.00e+00	7.60e-14	0.00e+00
 3.41377e+17	1.00e+00	7.57e-14	0.00e+00
 3.41504e+17	1.00e+00	7.55e-14	0.00e+00
 3.41620e+17	1.00e+00	7.53e-14	0.00e+00
 3.41734e+17	1.00e+00	7.51e-14	0.00e+00
 3.41858e+17	1.00e+00	7.48e-14	0.00e+00
 3.41991e+17	1.00e+00	7.45e-14	0.00e+00
 3.42119e+17	1.00e+00	7.42e-14	0.00e+00
 3.42234e+17	1.00e+00	7.40e-14	0.00e+00
 3.42343e+17	1.00e+00	7.38e-14	0.00e+00
 3.42466e+17	1.00e+00	7.35e-14	0.00e+00
 3.42605e+17	1.00e+00	7.32e-14	0.00e+00
 3.42737e+17	1.00e+00	7.28e-14	0.00e+00
 3.42851e+17	1.00e+00	7.26e-14	0.00e+00
 3.42968e+17	1.00e+00	7.23e-14	0.00e+00
 3.43102e+17	1.00e+00	7.20e-14	0.00e+00
 3.43241e+17	1.00e+00	7.16e-14	0.00e+00
 3.43374e+17	1.00e+00	7.12e-14	0.00e+00
 3.43502e+17	1.00e+00	7.09e-14	0.00e+00
 3.43635e+17	1.00e+00	7.06e-14	0.00e+00
 3.43785e+17	1.00e+00	7.02e-14	0.00e+00
 3.43947e+17	1.00e+00	6.97e-14	0.00e+00
 3.44102e+17	1.00e+00	6.93e-14	0.00e+00
 3.44241e+17	1.00e+00	6.89e-14	0.00e+00
 3.44382e+17	1.00e+00	6.85e-14	0.00e+00
 3.44547e+17	1.00e+00	6.80e-14	0.00e+00
 3.44719e+17	1.00e+00	6.75e-14	0.00e+00
 3.44891e+17	1.00e+00	6.70e-14	0.00e+00
 3.45058e+17	1.00e+00	6.65e-14	0.00e+00
 3.45225e+17	1.00e+00	6.60e-14	0.00e+00
 3.45403e+17	1.00e+00	6.54e-14	0.00e+00
 3.45594e+17	1.00e+00	6.49e-14	0.00e+00
 3.45792e+17	1.00e+00	6.42e-14	0.00e+00
 3.45990e+17	1.00e+00	6.36e-14	0.00e+00
 3.46186e+17	1.00e+00	6.30e-14	0.00e+00
 3.46371e+17	1.00e+00	6.24e-14	0.00e+00
 3.46570e+17	1.00e+00	6.18e-14	0.00e+00
 3.46802e+17	1.00e+00	6.11e-14	0.00e+00
 3.47045e+17	1.00e+00	6.03e-14	0.00e+00
 3.47285e+17	1.00e+00	5.95e-14	0.00e+00
 3.47514e+17	1.00e+00	5.87e-14	0.00e+00
 3.47745e+17	1.00e+00	5.80e-14	0.00e+00
 3.47990e+17	1.00e+00	5.72e-14	0.00e+00
 3.48254e+17	1.00e+00	5.63e-14	0.00e+00
 3.48515e+17	1.00e+00	5.54e-14	0.00e+00
 3.48789e+17	1.00e+00	5.46e-14	0.00e+00
 3.49082e+17	1.00e+00	5.36e-14	0.00e+00
 3.49373e+17	1.00e+00	5.26e-14	0.00e+00
 3.49666e+17	1.00e+00	5.17e-14	0.00e+00
 3.49973e+17	1.00e+00	5.07e-14	0.00e+00
 3.50291e+17	1.00e+00	4.96e-14	0.00e+00
 3.50615e+17	1.00e+00	4.86e-14	0.00e+00
 3.50951e+17	1.00e+00	4.75e-14	0.00e+00
 3.51289e+17	1.00e+00	4.64e-14	0.00e+00
 3.51626e+17	1.00e+00	4.53e-14	0.00e+00
 3.51974e+17	1.00e+00	4.42e-14	0.00e+00
 3.52345e+17	1.00e+00	4.31e-14	0.00e+00
 3.52725e+17	1.00e+00	4.18e-14	0.00e+00
 3.53103e+17	1.00e+00	4.07e-14	0.00e+00
 3.53488e+17	1.00e+00	3.95e-14	0.00e+00
 3.53888e+17	1.00e+00	3.83e-14	0.00e+00
 3.54302e+17	1.00e+00	3.71e-14	0.00e+00
 3.54726e+17	1.00e+00	3.58e-14	0.00e+00
 3.55155e+17	1.00e+00	3.46e-14	0.00e+00
 3.55593e+17	1.00e+00	3.33e-14	0.00e+00
 3.56043e+17	1.00e+00	3.21e-14	0.00e+00
 3.56500e+17	1.00e+00	3.08e-14	0.00e+00
 3.56967e+17	1.00e+00	2.96e-14	0.00e+00
 3.57446e+17	1.00e+00	2.83e-14	0.00e+00
 3.57935e+17	1.00e+00	2.70e-14	0.00e+00
 3.58442e+17	1.00e+00	2.58e-14	0.00e+00
 3.58965e+17	1.00e+00	2.45e-14	0.00e+00
 3.59487e+17	1.00e+00	2.33e-14	0.00e+00
 3.60039e+17	1.00e+00	2.21e-14	0.00e+00
 3.60609e+17	1.00e+00	2.08e-14	0.00e+00
 3.61182e+17	1.00e+00	1.96e-14	0.00e+00
 3.61763e+17	1.00e+00	1.84e-14	0.00e+00
 3.62367e+17	1.00e+00	1.73e-14	0.00e+00
 3.63008e+17	1.00e+00	1.61e-14	0.00e+00
 3.63667e+17	1.00e+00	1.50e-14	0.00e+00
 3.64350e+17	1.00e+00	1.39e-14	0.00e+00
 3.65008e+17	1.00e+00	1.28e-14	0.00e+00
 3.65583e+17	1.00e+00	1.19e-14	0.00e+00
 3.66075e+17	1.00e+00	1.11e-14	0.00e+00
 3.66527e+17	1.00e+00	1.05e-14	0.00e+00
 3.66973e+17	1.00e+00	9.96e-15	0.00e+00
 3.67416e+17	1.00e+00	9.41e-15	0.00e+00
 3.67840e+17	1.00e+00	8.90e-15	0.00e+00
 3.68233e+17	1.00e+00	8.44e-15	0.00e+00
 3.68601e+17	1.00e+00	8.03e-15	0.00e+00
 3.68955e+17	1.00e+00	7.65e-15	0.00e+00
 3.69302e+17	1.00e+00	7.30e-15	0.00e+00
 3.69638e+17	1.00e+00	6.96e-15	0.00e+00
 3.69960e+17	1.00e+00	6.64e-15	0.00e+00
 3.70267e+17	1.00e+00	6.35e-15	0.00e+00
 3.70561e+17	1.00e+00	6.08e-15	0.00e+00
 3.70845e+17	1.00e+00	5.83e-15	0.00e+00
 3.71121e+17	1.00e+00	5.59e-15	0.00e+00
 3.71388e+17	1.00e+00	5.36e-15	0.00e+00
 3.71644e+17	1.00e+00	5.13e-15	0.00e+00
 3.71892e+17	1.00e+00	4.95e-15	0.00e+00
 3.72131e+17	1.00e+00	4.74e-15	0.00e+00
 3.72361e+17	1.00e+00	4.57e-15	0.00e+00
 3.72583e+17	1.00e+00	4.40e-15	0.00e+00
 3.72803e+17	1.00e+00	4.24e-15	0.00e+00
 3.73015e+17	1.00e+00	4.08e-15	0.00e+00
 3.73219e+17	1.00e+00	3.94e-15	0.00e+00
 3.73416e+17	1.00e+00	3.81e-15	0.00e+00
 3.73611e+17	1.00e+00	3.68e-15	0.00e+00
 3.73804e+17	1.00e+00	3.55e-15	0.00e+00
 3.73992e+17	1.00e+00	3.43e-15	0.00e+00
 3.74174e+17	1.00e+00	3.32e-15	0.00e+00
 3.74379e+17	1.00e+00	3.21e-15	0.00e+00
 3.74647e+17	1.00e+00	3.08e-15	0.00e+00
 3.74995e+17	1.00e+00	2.91e-15	0.00e+00
 3.75447e+17	1.00e+00	2.70e-15	0.00e+00
 3.76034e+17	1.00e+00	2.45e-15	0.00e+00
 3.76798e+17	1.00e+00	2.15e-15	0.00e+00
 3.77697e+17	1.00e+00	1.82e-15	0.00e+00
 3.78532e+17	1.00e+00	1.51e-15	0.00e+00
 3.79167e+17	1.00e+00	1.30e-15	0.00e+00
 3.79664e+17	1.00e+00	1.17e-15	0.00e+00
 3.80153e+17	1.00e+00	1.06e-15	0.00e+00
 3.80714e+17	1.00e+00	9.56e-16	0.00e+00
 3.81334e+17	1.00e+00	8.45e-16	0.00e+00
 3.81952e+17	1.00e+00	7.42e-16	0.00e+00
 3.82525e+17	1.00e+00	6.57e-16	0.00e+00
 3.83062e+17	1.00e+00	5.87e-16	0.00e+00
 3.83611e+17	1.00e+00	5.26e-16	0.00e+00
 3.84204e+17	1.00e+00	4.68e-16	0.00e+00
 3.84841e+17	1.00e+00	4.12e-16	0.00e+00
 3.85497e+17	1.00e+00	3.60e-16	0.00e+00
 3.86166e+17	1.00e+00	3.14e-16	0.00e+00
 3.86869e+17	1.00e+00	2.73e-16	0.00e+00
 3.87643e+17	1.00e+00	2.35e-16	0.00e+00
 3.88528e+17	1.00e+00	1.99e-16	0.00e+00
 3.89567e+17	1.00e+00	1.63e-16	0.00e+00
 3.90833e+17	1.00e+00	1.30e-16	0.00e+00
 3.92447e+17	1.00e+00	9.72e-17	0.00e+00
 3.94545e+17	1.00e+00	6.70e-17	0.00e+00
 3.97272e+17	1.00e+00	4.15e-17	0.00e+00
 4.00818e+17	1.00e+00	2.24e-17	0.00e+00
 4.05427e+17	1.00e+00	1.03e-17	0.00e+00
