#depth	O	O+	O+2	O+3	O+4	O+5	O+6	O+7	O+8	O[1]	O[2]	O[3]
 1.49634e+10	0.00e+00	2.89e-44	6.04e-34	1.19e-24	3.44e-16	1.34e-08	1.00e+00	0.00e+00	0.00e+00	0.00e+00	0.00e+00	0.00e+00
 4.54887e+10	0.00e+00	0.00e+00	8.31e-34	1.51e-24	4.04e-16	1.45e-08	1.00e+00	6.82e-07	0.00e+00	0.00e+00	0.00e+00	0.00e+00
 7.72350e+10	0.00e+00	6.40e-44	1.14e-33	1.92e-24	4.74e-16	1.57e-08	1.00e+00	0.00e+00	0.00e+00	0.00e+00	0.00e+00	0.00e+00
 1.10251e+11	0.00e+00	0.00e+00	1.57e-33	2.44e-24	5.56e-16	1.70e-08	1.00e+00	0.00e+00	0.00e+00	0.00e+00	0.00e+00	0.00e+00
 1.42949e+11	0.00e+00	1.39e-43	2.13e-33	3.07e-24	6.48e-16	1.84e-08	1.00e+00	0.00e+00	0.00e+00	0.00e+00	0.00e+00	0.00e+00
 1.76955e+11	0.00e+00	0.00e+00	2.89e-33	3.86e-24	7.56e-16	1.99e-08	1.00e+00	0.00e+00	0.00e+00	0.00e+00	0.00e+00	0.00e+00
 2.13959e+11	0.00e+00	3.04e-43	3.98e-33	4.91e-24	8.88e-16	2.16e-08	1.00e+00	0.00e+00	0.00e+00	0.00e+00	0.00e+00	0.00e+00
 2.51667e+11	0.00e+00	0.00e+00	5.45e-33	6.22e-24	1.04e-15	2.33e-08	1.00e+00	0.00e+00	0.00e+00	0.00e+00	0.00e+00	0.00e+00
 2.90884e+11	0.00e+00	6.67e-43	7.46e-33	7.88e-24	1.22e-15	2.53e-08	1.00e+00	0.00e+00	0.00e+00	0.00e+00	0.00e+00	0.00e+00
 3.32446e+11	0.00e+00	0.00e+00	1.03e-32	1.00e-23	1.43e-15	2.74e-08	1.00e+00	0.00e+00	0.00e+00	0.00e+00	0.00e+00	0.00e+00
 3.75670e+11	0.00e+00	1.49e-42	1.42e-32	1.28e-23	1.69e-15	2.97e-08	1.00e+00	0.00e+00	0.00e+00	0.00e+00	0.00e+00	0.00e+00
 4.20624e+11	0.00e+00	0.00e+00	1.96e-32	1.63e-23	1.99e-15	3.23e-08	1.00e+00	0.00e+00	0.00e+00	0.00e+00	0.00e+00	0.00e+00
 4.67376e+11	0.00e+00	3.33e-42	2.70e-32	2.08e-23	2.34e-15	3.50e-08	1.00e+00	0.00e+00	0.00e+00	0.00e+00	0.00e+00	0.00e+00
 5.15997e+11	0.00e+00	0.00e+00	3.74e-32	2.65e-23	2.76e-15	3.81e-08	1.00e+00	0.00e+00	0.00e+00	0.00e+00	0.00e+00	0.00e+00
 5.66564e+11	0.00e+00	7.46e-42	5.16e-32	3.39e-23	3.25e-15	4.13e-08	1.00e+00	0.00e+00	0.00e+00	0.00e+00	0.00e+00	0.00e+00
 6.14094e+11	0.00e+00	0.00e+00	6.92e-32	4.22e-23	3.77e-15	4.46e-08	1.00e+00	0.00e+00	0.00e+00	0.00e+00	0.00e+00	0.00e+00
 6.56574e+11	0.00e+00	1.48e-41	8.92e-32	5.12e-23	4.29e-15	4.75e-08	1.00e+00	0.00e+00	0.00e+00	0.00e+00	0.00e+00	0.00e+00
 7.04251e+11	0.00e+00	0.00e+00	1.18e-31	6.31e-23	4.94e-15	5.10e-08	1.00e+00	0.00e+00	0.00e+00	0.00e+00	0.00e+00	0.00e+00
 7.60786e+11	0.00e+00	3.10e-41	1.62e-31	8.02e-23	5.80e-15	5.54e-08	1.00e+00	0.00e+00	0.00e+00	0.00e+00	0.00e+00	0.00e+00
 8.17620e+11	0.00e+00	0.00e+00	2.20e-31	1.01e-22	6.79e-15	5.99e-08	1.00e+00	0.00e+00	0.00e+00	0.00e+00	0.00e+00	0.00e+00
 8.70923e+11	0.00e+00	6.45e-41	2.91e-31	1.25e-22	7.83e-15	6.44e-08	1.00e+00	0.00e+00	0.00e+00	0.00e+00	0.00e+00	0.00e+00
 9.29883e+11	0.00e+00	0.00e+00	3.92e-31	1.57e-22	9.12e-15	6.96e-08	1.00e+00	0.00e+00	0.00e+00	0.00e+00	0.00e+00	0.00e+00
 9.97005e+11	0.00e+00	1.41e-40	5.44e-31	2.01e-22	1.08e-14	7.57e-08	1.00e+00	0.00e+00	0.00e+00	0.00e+00	0.00e+00	0.00e+00
 1.06394e+12	0.00e+00	0.00e+00	7.46e-31	2.55e-22	1.27e-14	8.22e-08	1.00e+00	0.00e+00	0.00e+00	0.00e+00	0.00e+00	0.00e+00
 1.13356e+12	0.00e+00	3.10e-40	1.02e-30	3.24e-22	1.49e-14	8.92e-08	1.00e+00	0.00e+00	0.00e+00	0.00e+00	0.00e+00	0.00e+00
 1.20883e+12	0.00e+00	0.00e+00	1.42e-30	4.17e-22	1.77e-14	9.73e-08	1.00e+00	0.00e+00	0.00e+00	0.00e+00	0.00e+00	0.00e+00
 1.28711e+12	0.00e+00	7.05e-40	1.98e-30	5.36e-22	2.10e-14	1.06e-07	1.00e+00	0.00e+00	0.00e+00	0.00e+00	0.00e+00	0.00e+00
 1.36091e+12	0.00e+00	0.00e+00	2.68e-30	6.73e-22	2.45e-14	1.15e-07	1.00e+00	0.00e+00	0.00e+00	0.00e+00	0.00e+00	0.00e+00
 1.42730e+12	0.00e+00	1.42e-39	3.48e-30	8.21e-22	2.80e-14	1.23e-07	1.00e+00	0.00e+00	0.00e+00	0.00e+00	0.00e+00	0.00e+00
 1.50207e+12	0.00e+00	0.00e+00	4.63e-30	1.02e-21	3.25e-14	1.33e-07	1.00e+00	0.00e+00	0.00e+00	0.00e+00	0.00e+00	0.00e+00
 1.59018e+12	0.00e+00	3.04e-39	6.41e-30	1.31e-21	3.85e-14	1.44e-07	1.00e+00	0.00e+00	0.00e+00	0.00e+00	0.00e+00	0.00e+00
 1.67825e+12	0.00e+00	0.00e+00	8.78e-30	1.66e-21	4.54e-14	1.57e-07	1.00e+00	0.00e+00	0.00e+00	0.00e+00	0.00e+00	0.00e+00
 1.76116e+12	0.00e+00	6.41e-39	1.17e-29	2.07e-21	5.27e-14	1.69e-07	1.00e+00	0.00e+00	0.00e+00	0.00e+00	0.00e+00	0.00e+00
 1.85284e+12	0.00e+00	0.00e+00	1.59e-29	2.61e-21	6.19e-14	1.84e-07	1.00e+00	0.00e+00	0.00e+00	0.00e+00	0.00e+00	0.00e+00
 1.95688e+12	0.00e+00	1.42e-38	2.22e-29	3.37e-21	7.38e-14	2.01e-07	1.00e+00	0.00e+00	0.00e+00	0.00e+00	0.00e+00	0.00e+00
 2.05973e+12	0.00e+00	0.00e+00	3.05e-29	4.31e-21	8.73e-14	2.19e-07	1.00e+00	0.00e+00	0.00e+00	0.00e+00	0.00e+00	0.00e+00
 2.16669e+12	0.00e+00	3.13e-38	4.19e-29	5.50e-21	1.03e-13	2.39e-07	1.00e+00	0.00e+00	0.00e+00	0.00e+00	0.00e+00	0.00e+00
 2.28329e+12	0.00e+00	0.00e+00	5.86e-29	7.11e-21	1.23e-13	2.62e-07	1.00e+00	0.00e+00	0.00e+00	0.00e+00	0.00e+00	0.00e+00
 2.40094e+12	0.00e+00	7.08e-38	8.12e-29	9.14e-21	1.47e-13	2.87e-07	1.00e+00	0.00e+00	0.00e+00	0.00e+00	0.00e+00	0.00e+00
 2.52330e+12	0.00e+00	0.00e+00	1.12e-28	1.17e-20	1.75e-13	3.14e-07	1.00e+00	0.00e+00	0.00e+00	0.00e+00	0.00e+00	0.00e+00
 2.64949e+12	0.00e+00	1.58e-37	1.55e-28	1.51e-20	2.08e-13	3.43e-07	1.00e+00	0.00e+00	0.00e+00	0.00e+00	0.00e+00	0.00e+00
 2.77331e+12	0.00e+00	0.00e+00	2.11e-28	1.91e-20	2.45e-13	3.74e-07	1.00e+00	0.00e+00	0.00e+00	0.00e+00	0.00e+00	0.00e+00
 2.90676e+12	0.00e+00	3.40e-37	2.90e-28	2.44e-20	2.91e-13	4.09e-07	1.00e+00	0.00e+00	0.00e+00	0.00e+00	0.00e+00	0.00e+00
 3.05296e+12	0.00e+00	0.00e+00	4.05e-28	3.16e-20	3.50e-13	4.50e-07	1.00e+00	0.00e+00	0.00e+00	0.00e+00	0.00e+00	0.00e+00
 3.20500e+12	0.00e+00	7.73e-37	5.65e-28	4.10e-20	4.20e-13	4.95e-07	1.00e+00	0.00e+00	0.00e+00	0.00e+00	0.00e+00	0.00e+00
 3.36313e+12	0.00e+00	0.00e+00	7.88e-28	5.31e-20	5.04e-13	5.45e-07	1.00e+00	0.00e+00	0.00e+00	0.00e+00	0.00e+00	0.00e+00
 3.52758e+12	0.00e+00	1.74e-36	1.10e-27	6.88e-20	6.06e-13	6.00e-07	1.00e+00	0.00e+00	0.00e+00	0.00e+00	0.00e+00	0.00e+00
 3.67625e+12	7.61e-46	2.48e-36	1.46e-27	8.62e-20	7.12e-13	6.53e-07	1.00e+00	0.00e+00	0.00e+00	0.00e+00	0.00e+00	0.00e+00
 3.80001e+12	0.00e+00	0.00e+00	1.85e-27	1.03e-19	8.10e-13	6.99e-07	1.00e+00	0.00e+00	0.00e+00	0.00e+00	0.00e+00	0.00e+00
 3.93554e+12	0.00e+00	4.43e-36	2.36e-27	1.25e-19	9.30e-13	7.53e-07	1.00e+00	0.00e+00	0.00e+00	0.00e+00	0.00e+00	0.00e+00
 4.10735e+12	2.35e-45	6.38e-36	3.19e-27	1.59e-19	1.10e-12	8.24e-07	1.00e+00	0.00e+00	0.00e+00	0.00e+00	0.00e+00	0.00e+00
 4.28668e+12	0.00e+00	0.00e+00	4.30e-27	2.01e-19	1.31e-12	9.03e-07	1.00e+00	0.00e+00	0.00e+00	0.00e+00	0.00e+00	0.00e+00
 4.43874e+12	0.00e+00	1.24e-35	5.50e-27	2.45e-19	1.50e-12	9.73e-07	1.00e+00	0.00e+00	0.00e+00	0.00e+00	0.00e+00	0.00e+00
 4.59500e+12	7.34e-45	1.66e-35	7.01e-27	2.97e-19	1.73e-12	1.05e-06	1.00e+00	0.00e+00	0.00e+00	0.00e+00	0.00e+00	0.00e+00
 4.79195e+12	0.00e+00	0.00e+00	9.42e-27	3.75e-19	2.05e-12	1.15e-06	1.00e+00	0.00e+00	0.00e+00	0.00e+00	0.00e+00	0.00e+00
 4.99212e+12	0.00e+00	3.35e-35	1.26e-26	4.71e-19	2.42e-12	1.26e-06	1.00e+00	0.00e+00	0.00e+00	0.00e+00	0.00e+00	0.00e+00
 5.16357e+12	2.36e-44	4.45e-35	1.59e-26	5.69e-19	2.78e-12	1.36e-06	1.00e+00	0.00e+00	0.00e+00	0.00e+00	0.00e+00	0.00e+00
 5.34736e+12	0.00e+00	5.96e-35	2.03e-26	6.92e-19	3.21e-12	1.46e-06	1.00e+00	0.00e+00	0.00e+00	0.00e+00	0.00e+00	0.00e+00
 5.57522e+12	5.05e-44	8.45e-35	2.72e-26	8.75e-19	3.80e-12	1.61e-06	1.00e+00	0.00e+00	0.00e+00	0.00e+00	0.00e+00	0.00e+00
 5.80903e+12	0.00e+00	1.19e-34	3.62e-26	1.10e-18	4.50e-12	1.76e-06	1.00e+00	0.00e+00	0.00e+00	0.00e+00	0.00e+00	0.00e+00
 6.01912e+12	1.07e-43	1.60e-34	4.63e-26	1.34e-18	5.20e-12	1.91e-06	1.00e+00	0.00e+00	0.00e+00	0.00e+00	0.00e+00	0.00e+00
 6.24974e+12	0.00e+00	2.18e-34	6.01e-26	1.66e-18	6.06e-12	2.08e-06	1.00e+00	0.00e+00	0.00e+00	0.00e+00	0.00e+00	0.00e+00
 6.52266e+12	2.33e-43	3.09e-34	8.07e-26	2.10e-18	7.22e-12	2.29e-06	1.00e+00	0.00e+00	0.00e+00	0.00e+00	0.00e+00	0.00e+00
 6.79627e+12	0.00e+00	4.33e-34	1.07e-25	2.64e-18	8.53e-12	2.51e-06	1.00e+00	0.00e+00	0.00e+00	0.00e+00	0.00e+00	0.00e+00
 7.05541e+12	4.95e-43	5.87e-34	1.39e-25	3.25e-18	9.94e-12	2.73e-06	1.00e+00	0.00e+00	0.00e+00	0.00e+00	0.00e+00	0.00e+00
 7.34213e+12	0.00e+00	8.12e-34	1.82e-25	4.06e-18	1.17e-11	2.98e-06	1.00e+00	0.00e+00	0.00e+00	0.00e+00	0.00e+00	0.00e+00
 7.66574e+12	1.09e-42	1.15e-33	2.45e-25	5.16e-18	1.39e-11	3.29e-06	1.00e+00	0.00e+00	0.00e+00	0.00e+00	0.00e+00	0.00e+00
 7.98851e+12	0.00e+00	1.61e-33	3.25e-25	6.49e-18	1.64e-11	3.61e-06	1.00e+00	0.00e+00	0.00e+00	0.00e+00	0.00e+00	0.00e+00
 8.27345e+12	2.24e-42	2.13e-33	4.12e-25	7.89e-18	1.89e-11	3.91e-06	1.00e+00	0.00e+00	0.00e+00	0.00e+00	0.00e+00	0.00e+00
 8.51233e+12	0.00e+00	2.68e-33	5.01e-25	9.24e-18	2.12e-11	4.17e-06	1.00e+00	0.00e+00	0.00e+00	0.00e+00	0.00e+00	0.00e+00
 8.76933e+12	3.87e-42	3.41e-33	6.14e-25	1.09e-17	2.39e-11	4.45e-06	1.00e+00	0.00e+00	0.00e+00	0.00e+00	0.00e+00	0.00e+00
 9.10342e+12	0.00e+00	4.61e-33	7.93e-25	1.34e-17	2.78e-11	4.84e-06	1.00e+00	0.00e+00	0.00e+00	0.00e+00	0.00e+00	0.00e+00
 9.45292e+12	7.81e-42	6.23e-33	1.03e-24	1.65e-17	3.23e-11	5.27e-06	1.00e+00	0.00e+00	0.00e+00	0.00e+00	0.00e+00	0.00e+00
 9.75098e+12	0.00e+00	8.00e-33	1.27e-24	1.97e-17	3.66e-11	5.65e-06	1.00e+00	0.00e+00	0.00e+00	0.00e+00	0.00e+00	0.00e+00
 1.00670e+13	1.41e-41	1.03e-32	1.58e-24	2.35e-17	4.16e-11	6.07e-06	1.00e+00	0.00e+00	0.00e+00	0.00e+00	0.00e+00	0.00e+00
 1.04655e+13	0.00e+00	1.41e-32	2.06e-24	2.91e-17	4.85e-11	6.62e-06	1.00e+00	0.00e+00	0.00e+00	0.00e+00	0.00e+00	0.00e+00
 1.08760e+13	2.89e-41	1.92e-32	2.67e-24	3.61e-17	5.66e-11	7.22e-06	1.00e+00	0.00e+00	0.00e+00	0.00e+00	0.00e+00	0.00e+00
 1.12364e+13	0.00e+00	2.50e-32	3.34e-24	4.33e-17	6.44e-11	7.76e-06	1.00e+00	0.00e+00	0.00e+00	0.00e+00	0.00e+00	0.00e+00
 1.16265e+13	5.39e-41	3.29e-32	4.23e-24	5.23e-17	7.37e-11	8.38e-06	1.00e+00	0.00e+00	0.00e+00	0.00e+00	0.00e+00	0.00e+00
 1.20588e+13	0.00e+00	4.41e-32	5.43e-24	6.42e-17	8.52e-11	9.09e-06	1.00e+00	0.00e+00	0.00e+00	0.00e+00	0.00e+00	0.00e+00
 1.24593e+13	1.03e-40	5.74e-32	6.79e-24	7.70e-17	9.70e-11	9.78e-06	1.00e+00	0.00e+00	0.00e+00	0.00e+00	0.00e+00	0.00e+00
 1.28935e+13	0.00e+00	7.57e-32	8.61e-24	9.33e-17	1.11e-10	1.05e-05	1.00e+00	0.00e+00	0.00e+00	0.00e+00	0.00e+00	0.00e+00
 1.33765e+13	1.99e-40	1.02e-31	1.11e-23	1.15e-16	1.28e-10	1.15e-05	1.00e+00	0.00e+00	0.00e+00	0.00e+00	0.00e+00	0.00e+00
 1.38270e+13	0.00e+00	1.33e-31	1.39e-23	1.38e-16	1.46e-10	1.23e-05	1.00e+00	0.00e+00	0.00e+00	0.00e+00	0.00e+00	0.00e+00
 1.43171e+13	3.77e-40	1.77e-31	1.78e-23	1.68e-16	1.68e-10	1.33e-05	1.00e+00	0.00e+00	0.00e+00	0.00e+00	0.00e+00	0.00e+00
 1.48622e+13	0.00e+00	2.40e-31	2.30e-23	2.07e-16	1.94e-10	1.45e-05	1.00e+00	0.00e+00	0.00e+00	0.00e+00	0.00e+00	0.00e+00
 1.53718e+13	7.35e-40	3.16e-31	2.91e-23	2.51e-16	2.22e-10	1.56e-05	1.00e+00	0.00e+00	0.00e+00	0.00e+00	0.00e+00	0.00e+00
 1.59271e+13	0.00e+00	4.23e-31	3.73e-23	3.06e-16	2.55e-10	1.68e-05	1.00e+00	0.00e+00	0.00e+00	0.00e+00	0.00e+00	0.00e+00
 1.65473e+13	1.48e-39	5.79e-31	4.87e-23	3.80e-16	2.96e-10	1.83e-05	1.00e+00	0.00e+00	0.00e+00	0.00e+00	0.00e+00	0.00e+00
 1.71310e+13	0.00e+00	7.71e-31	6.22e-23	4.63e-16	3.39e-10	1.98e-05	1.00e+00	0.00e+00	0.00e+00	0.00e+00	0.00e+00	0.00e+00
 1.77690e+13	2.93e-39	1.05e-30	8.06e-23	5.69e-16	3.92e-10	2.14e-05	1.00e+00	0.00e+00	0.00e+00	0.00e+00	0.00e+00	0.00e+00
 1.84837e+13	0.00e+00	1.45e-30	1.07e-22	7.12e-16	4.57e-10	2.34e-05	1.00e+00	0.00e+00	0.00e+00	0.00e+00	0.00e+00	0.00e+00
 1.91608e+13	6.05e-39	1.96e-30	1.38e-22	8.74e-16	5.26e-10	2.53e-05	1.00e+00	0.00e+00	0.00e+00	0.00e+00	0.00e+00	0.00e+00
 1.98885e+13	0.00e+00	2.70e-30	1.80e-22	1.08e-15	6.09e-10	2.74e-05	1.00e+00	0.00e+00	0.00e+00	0.00e+00	0.00e+00	0.00e+00
 2.07140e+13	1.30e-38	3.80e-30	2.40e-22	1.36e-15	7.13e-10	2.99e-05	1.00e+00	0.00e+00	0.00e+00	0.00e+00	0.00e+00	0.00e+00
 2.15279e+13	0.00e+00	5.28e-30	3.17e-22	1.70e-15	8.29e-10	3.25e-05	1.00e+00	0.00e+00	0.00e+00	0.00e+00	0.00e+00	0.00e+00
 2.23744e+13	2.79e-38	7.36e-30	4.20e-22	2.12e-15	9.64e-10	3.53e-05	1.00e+00	0.00e+00	0.00e+00	0.00e+00	0.00e+00	0.00e+00
 2.32993e+13	0.00e+00	1.05e-29	5.64e-22	2.68e-15	1.13e-09	3.85e-05	1.00e+00	0.00e+00	0.00e+00	0.00e+00	0.00e+00	0.00e+00
 2.42612e+13	6.34e-38	1.49e-29	7.59e-22	3.38e-15	1.32e-09	4.20e-05	1.00e+00	0.00e+00	0.00e+00	0.00e+00	0.00e+00	0.00e+00
 2.52007e+13	0.00e+00	2.08e-29	1.00e-21	4.21e-15	1.53e-09	4.56e-05	1.00e+00	0.00e+00	0.00e+00	0.00e+00	0.00e+00	0.00e+00
 2.60593e+13	1.31e-37	2.80e-29	1.28e-21	5.11e-15	1.75e-09	4.89e-05	1.00e+00	0.00e+00	0.00e+00	0.00e+00	0.00e+00	0.00e+00
 2.68246e+13	0.00e+00	3.61e-29	1.59e-21	6.05e-15	1.96e-09	5.20e-05	1.00e+00	0.00e+00	0.00e+00	0.00e+00	0.00e+00	0.00e+00
 2.76434e+13	2.42e-37	4.73e-29	1.99e-21	7.20e-15	2.20e-09	5.54e-05	1.00e+00	0.00e+00	0.00e+00	0.00e+00	0.00e+00	0.00e+00
 2.86832e+13	0.00e+00	6.61e-29	2.62e-21	8.92e-15	2.54e-09	5.99e-05	1.00e+00	0.00e+00	0.00e+00	0.00e+00	0.00e+00	0.00e+00
 2.97402e+13	5.18e-37	9.09e-29	3.42e-21	1.10e-14	2.93e-09	6.47e-05	1.00e+00	0.00e+00	0.00e+00	0.00e+00	0.00e+00	0.00e+00
 3.06306e+13	0.00e+00	1.19e-28	4.27e-21	1.31e-14	3.29e-09	6.87e-05	1.00e+00	0.00e+00	0.00e+00	0.00e+00	0.00e+00	0.00e+00
 3.15746e+13	9.86e-37	1.57e-28	5.37e-21	1.56e-14	3.70e-09	7.32e-05	1.00e+00	0.00e+00	0.00e+00	0.00e+00	0.00e+00	0.00e+00
 3.27653e+13	0.00e+00	2.22e-28	7.12e-21	1.93e-14	4.28e-09	7.90e-05	1.00e+00	0.00e+00	0.00e+00	0.00e+00	0.00e+00	0.00e+00
 3.39835e+13	2.17e-36	3.09e-28	9.37e-21	2.39e-14	4.93e-09	8.53e-05	1.00e+00	0.00e+00	0.00e+00	0.00e+00	0.00e+00	0.00e+00
 3.50249e+13	0.00e+00	4.09e-28	1.18e-20	2.86e-14	5.55e-09	9.07e-05	1.00e+00	0.00e+00	0.00e+00	0.00e+00	0.00e+00	0.00e+00
 3.61298e+13	4.26e-36	5.47e-28	1.50e-20	3.43e-14	6.27e-09	9.67e-05	1.00e+00	0.00e+00	0.00e+00	0.00e+00	0.00e+00	0.00e+00
 3.75043e+13	0.00e+00	7.79e-28	1.99e-20	4.26e-14	7.26e-09	1.04e-04	1.00e+00	0.00e+00	0.00e+00	0.00e+00	0.00e+00	0.00e+00
 3.89128e+13	9.60e-36	1.09e-27	2.63e-20	5.29e-14	8.39e-09	1.13e-04	1.00e+00	0.00e+00	0.00e+00	0.00e+00	0.00e+00	0.00e+00
 4.01478e+13	0.00e+00	1.47e-27	3.36e-20	6.36e-14	9.48e-09	1.20e-04	1.00e+00	0.00e+00	0.00e+00	0.00e+00	0.00e+00	0.00e+00
 4.14739e+13	1.98e-35	2.01e-27	4.32e-20	7.69e-14	1.08e-08	1.28e-04	1.00e+00	0.00e+00	0.00e+00	0.00e+00	0.00e+00	0.00e+00
 4.30829e+13	0.00e+00	2.90e-27	5.81e-20	9.62e-14	1.25e-08	1.38e-04	1.00e+00	0.00e+00	0.00e+00	0.00e+00	0.00e+00	0.00e+00
 4.47170e+13	4.62e-35	4.10e-27	7.72e-20	1.20e-13	1.45e-08	1.49e-04	1.00e+00	0.00e+00	0.00e+00	0.00e+00	0.00e+00	0.00e+00
 4.61984e+13	6.76e-35	5.63e-27	9.97e-20	1.45e-13	1.65e-08	1.59e-04	1.00e+00	0.00e+00	0.00e+00	0.00e+00	0.00e+00	0.00e+00
 4.78243e+13	1.01e-34	7.88e-27	1.31e-19	1.78e-13	1.89e-08	1.70e-04	1.00e+00	0.00e+00	0.00e+00	0.00e+00	0.00e+00	0.00e+00
 4.97331e+13	1.59e-34	1.16e-26	1.78e-19	2.24e-13	2.20e-08	1.84e-04	1.00e+00	0.00e+00	0.00e+00	0.00e+00	0.00e+00	0.00e+00
 5.16411e+13	2.44e-34	1.66e-26	2.38e-19	2.80e-13	2.55e-08	1.99e-04	1.00e+00	0.00e+00	0.00e+00	0.00e+00	0.00e+00	0.00e+00
 5.34532e+13	3.67e-34	2.32e-26	3.13e-19	3.43e-13	2.92e-08	2.13e-04	1.00e+00	0.00e+00	0.00e+00	0.00e+00	0.00e+00	0.00e+00
 5.54490e+13	5.67e-34	3.34e-26	4.18e-19	4.26e-13	3.38e-08	2.28e-04	1.00e+00	0.00e+00	0.00e+00	0.00e+00	0.00e+00	0.00e+00
 5.76969e+13	8.96e-34	4.90e-26	5.70e-19	5.39e-13	3.95e-08	2.47e-04	1.00e+00	0.00e+00	0.00e+00	0.00e+00	0.00e+00	0.00e+00
 5.99631e+13	1.42e-33	7.17e-26	7.74e-19	6.77e-13	4.60e-08	2.67e-04	1.00e+00	0.00e+00	0.00e+00	0.00e+00	0.00e+00	0.00e+00
 6.23199e+13	2.25e-33	1.05e-25	1.05e-18	8.51e-13	5.35e-08	2.88e-04	1.00e+00	0.00e+00	0.00e+00	0.00e+00	0.00e+00	0.00e+00
 6.48427e+13	3.59e-33	1.56e-25	1.44e-18	1.08e-12	6.26e-08	3.11e-04	1.00e+00	0.00e+00	0.00e+00	0.00e+00	0.00e+00	0.00e+00
 6.74663e+13	5.75e-33	2.30e-25	1.97e-18	1.36e-12	7.32e-08	3.36e-04	1.00e+00	0.00e+00	0.00e+00	0.00e+00	0.00e+00	0.00e+00
 7.00131e+13	8.83e-33	3.30e-25	2.64e-18	1.70e-12	8.48e-08	3.62e-04	1.00e+00	0.00e+00	0.00e+00	0.00e+00	0.00e+00	0.00e+00
 7.24185e+13	1.32e-32	4.62e-25	3.45e-18	2.07e-12	9.69e-08	3.86e-04	1.00e+00	0.00e+00	0.00e+00	0.00e+00	0.00e+00	0.00e+00
 7.46970e+13	1.92e-32	6.30e-25	4.41e-18	2.49e-12	1.09e-07	4.10e-04	1.00e+00	0.00e+00	0.00e+00	0.00e+00	0.00e+00	0.00e+00
 7.71864e+13	2.84e-32	8.71e-25	5.73e-18	3.03e-12	1.25e-07	4.38e-04	1.00e+00	0.00e+00	0.00e+00	0.00e+00	0.00e+00	0.00e+00
 7.99507e+13	4.27e-32	1.23e-24	7.56e-18	3.73e-12	1.43e-07	4.69e-04	1.00e+00	0.00e+00	0.00e+00	0.00e+00	0.00e+00	0.00e+00
 8.25365e+13	6.24e-32	1.68e-24	9.74e-18	4.51e-12	1.62e-07	4.99e-04	1.00e+00	0.00e+00	0.00e+00	0.00e+00	0.00e+00	0.00e+00
 8.53621e+13	9.38e-32	2.36e-24	1.27e-17	5.51e-12	1.86e-07	5.33e-04	9.99e-01	0.00e+00	0.00e+00	0.00e+00	0.00e+00	0.00e+00
 8.87133e+13	1.48e-31	3.45e-24	1.73e-17	6.92e-12	2.16e-07	5.75e-04	9.99e-01	0.00e+00	0.00e+00	0.00e+00	0.00e+00	0.00e+00
 9.20118e+13	2.24e-31	4.89e-24	2.30e-17	8.59e-12	2.50e-07	6.18e-04	9.99e-01	0.00e+00	0.00e+00	0.00e+00	0.00e+00	0.00e+00
 9.50204e+13	3.29e-31	6.73e-24	2.98e-17	1.04e-11	2.84e-07	6.59e-04	9.99e-01	0.00e+00	0.00e+00	0.00e+00	0.00e+00	0.00e+00
 9.83882e+13	5.00e-31	9.53e-24	3.93e-17	1.28e-11	3.26e-07	7.05e-04	9.99e-01	0.00e+00	0.00e+00	0.00e+00	0.00e+00	0.00e+00
 1.02313e+14	7.81e-31	1.39e-23	5.35e-17	1.61e-11	3.80e-07	7.62e-04	9.99e-01	0.00e+00	0.00e+00	0.00e+00	0.00e+00	0.00e+00
 1.06253e+14	1.23e-30	2.02e-23	7.23e-17	2.02e-11	4.41e-07	8.21e-04	9.99e-01	0.00e+00	0.00e+00	0.00e+00	0.00e+00	0.00e+00
 1.09811e+14	1.77e-30	2.76e-23	9.35e-17	2.46e-11	5.03e-07	8.78e-04	9.99e-01	0.00e+00	0.00e+00	0.00e+00	0.00e+00	0.00e+00
 1.13080e+14	2.51e-30	3.69e-23	1.18e-16	2.93e-11	5.65e-07	9.30e-04	9.99e-01	0.00e+00	0.00e+00	0.00e+00	0.00e+00	0.00e+00
 1.16828e+14	3.65e-30	5.06e-23	1.53e-16	3.55e-11	6.43e-07	9.92e-04	9.99e-01	0.00e+00	0.00e+00	0.00e+00	0.00e+00	0.00e+00
 1.21341e+14	5.64e-30	7.30e-23	2.06e-16	4.45e-11	7.47e-07	1.07e-03	9.99e-01	0.00e+00	0.00e+00	0.00e+00	0.00e+00	0.00e+00
 1.25813e+14	8.56e-30	1.04e-22	2.75e-16	5.52e-11	8.62e-07	1.15e-03	9.99e-01	0.00e+00	0.00e+00	0.00e+00	0.00e+00	0.00e+00
 1.29804e+14	1.24e-29	1.41e-22	3.52e-16	6.65e-11	9.76e-07	1.22e-03	9.99e-01	0.00e+00	0.00e+00	0.00e+00	0.00e+00	0.00e+00
 1.34204e+14	1.80e-29	1.93e-22	4.57e-16	8.10e-11	1.11e-06	1.31e-03	9.99e-01	0.00e+00	0.00e+00	0.00e+00	0.00e+00	0.00e+00
 1.39440e+14	2.77e-29	2.79e-22	6.18e-16	1.02e-10	1.30e-06	1.41e-03	9.99e-01	0.00e+00	0.00e+00	0.00e+00	0.00e+00	0.00e+00
 1.44617e+14	4.27e-29	4.00e-22	8.25e-16	1.26e-10	1.50e-06	1.52e-03	9.98e-01	0.00e+00	0.00e+00	0.00e+00	0.00e+00	0.00e+00
 1.49347e+14	6.05e-29	5.40e-22	1.06e-15	1.53e-10	1.70e-06	1.62e-03	9.98e-01	0.00e+00	0.00e+00	0.00e+00	0.00e+00	0.00e+00
 1.54640e+14	9.02e-29	7.55e-22	1.40e-15	1.88e-10	1.95e-06	1.74e-03	9.98e-01	0.00e+00	0.00e+00	0.00e+00	0.00e+00	0.00e+00
 1.60800e+14	1.40e-28	1.10e-21	1.90e-15	2.38e-10	2.28e-06	1.88e-03	9.98e-01	0.00e+00	0.00e+00	0.00e+00	0.00e+00	0.00e+00
 1.66835e+14	2.16e-28	1.58e-21	2.55e-15	2.96e-10	2.64e-06	2.03e-03	9.98e-01	0.00e+00	0.00e+00	0.00e+00	0.00e+00	0.00e+00
 1.72522e+14	3.10e-28	2.15e-21	3.32e-15	3.61e-10	3.02e-06	2.17e-03	9.98e-01	0.00e+00	0.00e+00	0.00e+00	0.00e+00	0.00e+00
 1.78862e+14	4.73e-28	3.06e-21	4.41e-15	4.48e-10	3.48e-06	2.33e-03	9.98e-01	0.00e+00	0.00e+00	0.00e+00	0.00e+00	0.00e+00
 1.86046e+14	7.22e-28	4.40e-21	6.01e-15	5.66e-10	4.07e-06	2.53e-03	9.97e-01	0.00e+00	0.00e+00	0.00e+00	0.00e+00	0.00e+00
 1.93210e+14	1.12e-27	6.37e-21	8.11e-15	7.09e-10	4.73e-06	2.72e-03	9.97e-01	0.00e+00	0.00e+00	0.00e+00	0.00e+00	0.00e+00
 1.99910e+14	1.61e-27	8.70e-21	1.06e-14	8.68e-10	5.41e-06	2.92e-03	9.97e-01	0.00e+00	0.00e+00	0.00e+00	0.00e+00	0.00e+00
 2.07185e+14	2.45e-27	1.23e-20	1.41e-14	1.07e-09	6.24e-06	3.14e-03	9.97e-01	0.00e+00	0.00e+00	0.00e+00	0.00e+00	0.00e+00
 2.15336e+14	3.68e-27	1.76e-20	1.90e-14	1.35e-09	7.27e-06	3.39e-03	9.97e-01	0.00e+00	0.00e+00	0.00e+00	0.00e+00	0.00e+00
 2.22934e+14	5.52e-27	2.47e-20	2.51e-14	1.66e-09	8.34e-06	3.63e-03	9.96e-01	0.00e+00	0.00e+00	0.00e+00	0.00e+00	0.00e+00
 2.29956e+14	7.64e-27	3.27e-20	3.20e-14	2.00e-09	9.43e-06	3.87e-03	9.96e-01	0.00e+00	0.00e+00	0.00e+00	0.00e+00	0.00e+00
 2.36702e+14	1.07e-26	4.33e-20	4.02e-14	2.37e-09	1.06e-05	4.10e-03	9.96e-01	0.00e+00	0.00e+00	0.00e+00	0.00e+00	0.00e+00
 2.44175e+14	1.48e-26	5.75e-20	5.13e-14	2.86e-09	1.20e-05	4.37e-03	9.96e-01	0.00e+00	0.00e+00	0.00e+00	0.00e+00	0.00e+00
 2.52433e+14	2.18e-26	7.95e-20	6.68e-14	3.48e-09	1.37e-05	4.67e-03	9.95e-01	0.00e+00	0.00e+00	0.00e+00	0.00e+00	0.00e+00
 2.60129e+14	2.96e-26	1.04e-19	8.45e-14	4.16e-09	1.54e-05	4.96e-03	9.95e-01	0.00e+00	0.00e+00	0.00e+00	0.00e+00	0.00e+00
 2.68552e+14	4.23e-26	1.41e-19	1.09e-13	5.03e-09	1.75e-05	5.29e-03	9.95e-01	0.00e+00	0.00e+00	0.00e+00	0.00e+00	0.00e+00
 2.78015e+14	6.29e-26	1.97e-19	1.43e-13	6.19e-09	2.00e-05	5.67e-03	9.94e-01	0.00e+00	0.00e+00	0.00e+00	0.00e+00	0.00e+00
 2.87036e+14	8.73e-26	2.62e-19	1.84e-13	7.48e-09	2.27e-05	6.05e-03	9.94e-01	0.00e+00	0.00e+00	0.00e+00	0.00e+00	0.00e+00
 2.96972e+14	1.30e-25	3.65e-19	2.41e-13	9.16e-09	2.60e-05	6.47e-03	9.94e-01	0.00e+00	0.00e+00	0.00e+00	0.00e+00	0.00e+00
 3.07943e+14	1.89e-25	5.06e-19	3.20e-13	1.14e-08	3.00e-05	6.97e-03	9.93e-01	0.00e+00	0.00e+00	0.00e+00	0.00e+00	0.00e+00
 3.18047e+14	2.72e-25	6.90e-19	4.13e-13	1.38e-08	3.41e-05	7.43e-03	9.93e-01	0.00e+00	0.00e+00	0.00e+00	0.00e+00	0.00e+00
 3.28971e+14	3.86e-25	9.34e-19	5.38e-13	1.68e-08	3.90e-05	7.96e-03	9.92e-01	0.00e+00	0.00e+00	0.00e+00	0.00e+00	0.00e+00
 3.41168e+14	5.82e-25	1.32e-18	7.17e-13	2.09e-08	4.51e-05	8.56e-03	9.91e-01	0.00e+00	0.00e+00	0.00e+00	0.00e+00	0.00e+00
 3.52643e+14	8.05e-25	1.76e-18	9.28e-13	2.55e-08	5.14e-05	9.17e-03	9.91e-01	0.00e+00	0.00e+00	0.00e+00	0.00e+00	0.00e+00
 3.65184e+14	1.19e-24	2.45e-18	1.22e-12	3.13e-08	5.90e-05	9.83e-03	9.90e-01	0.00e+00	0.00e+00	0.00e+00	0.00e+00	0.00e+00
 3.79107e+14	1.75e-24	3.45e-18	1.64e-12	3.92e-08	6.84e-05	1.06e-02	9.89e-01	0.00e+00	0.00e+00	0.00e+00	0.00e+00	0.00e+00
 3.92066e+14	2.56e-24	4.75e-18	2.13e-12	4.78e-08	7.82e-05	1.13e-02	9.89e-01	0.00e+00	0.00e+00	0.00e+00	0.00e+00	0.00e+00
 4.06151e+14	3.65e-24	6.50e-18	2.81e-12	5.90e-08	8.99e-05	1.22e-02	9.88e-01	0.00e+00	0.00e+00	0.00e+00	0.00e+00	0.00e+00
 4.21894e+14	5.54e-24	9.28e-18	3.79e-12	7.39e-08	1.04e-04	1.32e-02	9.87e-01	0.00e+00	0.00e+00	0.00e+00	0.00e+00	0.00e+00
 4.36803e+14	7.73e-24	1.25e-17	4.96e-12	9.08e-08	1.20e-04	1.42e-02	9.86e-01	0.00e+00	0.00e+00	0.00e+00	0.00e+00	0.00e+00
 4.52824e+14	1.14e-23	1.75e-17	6.57e-12	1.12e-07	1.38e-04	1.52e-02	9.85e-01	0.00e+00	0.00e+00	0.00e+00	0.00e+00	0.00e+00
 4.70605e+14	1.67e-23	2.45e-17	8.85e-12	1.41e-07	1.61e-04	1.65e-02	9.83e-01	0.00e+00	0.00e+00	0.00e+00	0.00e+00	0.00e+00
 4.87816e+14	2.46e-23	3.42e-17	1.17e-11	1.75e-07	1.85e-04	1.77e-02	9.82e-01	0.00e+00	0.00e+00	0.00e+00	0.00e+00	0.00e+00
 5.06078e+14	3.57e-23	4.75e-17	1.56e-11	2.17e-07	2.14e-04	1.91e-02	9.81e-01	0.00e+00	0.00e+00	0.00e+00	0.00e+00	0.00e+00
 5.26351e+14	5.27e-23	6.70e-17	2.11e-11	2.74e-07	2.50e-04	2.08e-02	9.79e-01	0.00e+00	0.00e+00	0.00e+00	0.00e+00	0.00e+00
 5.46615e+14	7.67e-23	9.36e-17	2.82e-11	3.43e-07	2.90e-04	2.25e-02	9.77e-01	0.00e+00	0.00e+00	0.00e+00	0.00e+00	0.00e+00
 5.63413e+14	1.04e-22	1.23e-16	3.57e-11	4.10e-07	3.26e-04	2.39e-02	9.76e-01	0.00e+00	0.00e+00	0.00e+00	0.00e+00	0.00e+00
 5.76495e+14	1.31e-22	1.50e-16	4.26e-11	4.70e-07	3.57e-04	2.51e-02	9.75e-01	0.00e+00	0.00e+00	0.00e+00	0.00e+00	0.00e+00
 5.90784e+14	1.69e-22	1.87e-16	5.15e-11	5.43e-07	3.93e-04	2.64e-02	9.73e-01	0.00e+00	0.00e+00	0.00e+00	0.00e+00	0.00e+00
 6.09360e+14	2.27e-22	2.45e-16	6.53e-11	6.52e-07	4.44e-04	2.81e-02	9.71e-01	0.00e+00	0.00e+00	0.00e+00	0.00e+00	0.00e+00
 6.29418e+14	3.11e-22	3.24e-16	8.37e-11	7.90e-07	5.03e-04	3.01e-02	9.69e-01	0.00e+00	0.00e+00	0.00e+00	0.00e+00	0.00e+00
 6.47416e+14	4.14e-22	4.18e-16	1.04e-10	9.33e-07	5.62e-04	3.19e-02	9.68e-01	0.00e+00	0.00e+00	0.00e+00	0.00e+00	0.00e+00
 6.66828e+14	5.45e-22	5.37e-16	1.30e-10	1.11e-06	6.30e-04	3.40e-02	9.65e-01	0.00e+00	0.00e+00	0.00e+00	0.00e+00	0.00e+00
 6.91372e+14	7.80e-22	7.39e-16	1.72e-10	1.37e-06	7.26e-04	3.67e-02	9.63e-01	0.00e+00	0.00e+00	0.00e+00	0.00e+00	0.00e+00
 7.16157e+14	1.09e-21	1.00e-15	2.25e-10	1.69e-06	8.32e-04	3.95e-02	9.60e-01	0.00e+00	0.00e+00	0.00e+00	0.00e+00	0.00e+00
 7.37092e+14	1.43e-21	1.29e-15	2.80e-10	2.00e-06	9.30e-04	4.20e-02	9.57e-01	0.00e+00	0.00e+00	0.00e+00	0.00e+00	0.00e+00
 7.59448e+14	1.92e-21	1.67e-15	3.53e-10	2.39e-06	1.04e-03	4.47e-02	9.54e-01	0.00e+00	0.00e+00	0.00e+00	0.00e+00	0.00e+00
 7.87541e+14	2.70e-21	2.29e-15	4.66e-10	2.96e-06	1.20e-03	4.83e-02	9.51e-01	0.00e+00	0.00e+00	0.00e+00	0.00e+00	0.00e+00
 8.16590e+14	3.83e-21	3.14e-15	6.14e-10	3.67e-06	1.38e-03	5.21e-02	9.46e-01	0.00e+00	0.00e+00	0.00e+00	0.00e+00	0.00e+00
 8.42190e+14	5.19e-21	4.13e-15	7.78e-10	4.39e-06	1.56e-03	5.56e-02	9.43e-01	0.00e+00	0.00e+00	0.00e+00	0.00e+00	0.00e+00
 8.69805e+14	7.01e-21	5.45e-15	9.97e-10	5.31e-06	1.76e-03	5.95e-02	9.39e-01	0.00e+00	0.00e+00	0.00e+00	0.00e+00	0.00e+00
 9.03136e+14	1.01e-20	7.60e-15	1.33e-09	6.63e-06	2.04e-03	6.45e-02	9.34e-01	0.00e+00	0.00e+00	0.00e+00	0.00e+00	0.00e+00
 9.36142e+14	1.42e-20	1.04e-14	1.75e-09	8.19e-06	2.34e-03	6.95e-02	9.28e-01	0.00e+00	0.00e+00	0.00e+00	0.00e+00	0.00e+00
 9.65392e+14	1.92e-20	1.37e-14	2.22e-09	9.80e-06	2.63e-03	7.41e-02	9.23e-01	0.00e+00	0.00e+00	0.00e+00	0.00e+00	0.00e+00
 9.97519e+14	2.61e-20	1.82e-14	2.85e-09	1.19e-05	2.97e-03	7.92e-02	9.18e-01	0.00e+00	0.00e+00	0.00e+00	0.00e+00	0.00e+00
 1.03601e+15	3.80e-20	2.56e-14	3.81e-09	1.48e-05	3.43e-03	8.57e-02	9.11e-01	0.00e+00	0.00e+00	0.00e+00	0.00e+00	0.00e+00
 1.07435e+15	5.44e-20	3.55e-14	5.05e-09	1.83e-05	3.94e-03	9.23e-02	9.04e-01	0.00e+00	0.00e+00	0.00e+00	0.00e+00	0.00e+00
 1.10933e+15	7.32e-20	4.69e-14	6.46e-09	2.21e-05	4.44e-03	9.85e-02	8.97e-01	0.00e+00	0.00e+00	0.00e+00	0.00e+00	0.00e+00
 1.14835e+15	1.04e-19	6.46e-14	8.42e-09	2.70e-05	5.05e-03	1.06e-01	8.89e-01	0.00e+00	0.00e+00	0.00e+00	0.00e+00	0.00e+00
 1.19383e+15	1.54e-19	9.20e-14	1.14e-08	3.39e-05	5.84e-03	1.14e-01	8.80e-01	0.00e+00	0.00e+00	0.00e+00	0.00e+00	0.00e+00
 1.23858e+15	2.22e-19	1.29e-13	1.51e-08	4.20e-05	6.70e-03	1.23e-01	8.70e-01	0.00e+00	0.00e+00	0.00e+00	0.00e+00	0.00e+00
 1.28088e+15	3.06e-19	1.73e-13	1.96e-08	5.09e-05	7.58e-03	1.31e-01	8.61e-01	0.00e+00	0.00e+00	0.00e+00	0.00e+00	0.00e+00
 1.32792e+15	4.51e-19	2.44e-13	2.59e-08	6.28e-05	8.66e-03	1.41e-01	8.51e-01	0.00e+00	0.00e+00	0.00e+00	0.00e+00	0.00e+00
 1.37240e+15	6.29e-19	3.31e-13	3.34e-08	7.59e-05	9.77e-03	1.50e-01	8.40e-01	0.00e+00	0.00e+00	0.00e+00	0.00e+00	0.00e+00
 1.40549e+15	8.03e-19	4.12e-13	4.01e-08	8.70e-05	1.07e-02	1.56e-01	8.33e-01	0.00e+00	0.00e+00	0.00e+00	0.00e+00	0.00e+00
 1.43918e+15	1.02e-18	5.14e-13	4.81e-08	9.96e-05	1.16e-02	1.64e-01	8.25e-01	0.00e+00	0.00e+00	0.00e+00	0.00e+00	0.00e+00
 1.48298e+15	1.36e-18	6.69e-13	6.06e-08	1.18e-04	1.29e-02	1.73e-01	8.14e-01	0.00e+00	0.00e+00	0.00e+00	0.00e+00	0.00e+00
 1.53068e+15	1.94e-18	9.13e-13	7.74e-08	1.42e-04	1.45e-02	1.83e-01	8.02e-01	0.00e+00	0.00e+00	0.00e+00	0.00e+00	0.00e+00
 1.57372e+15	2.58e-18	1.18e-12	9.57e-08	1.66e-04	1.60e-02	1.92e-01	7.92e-01	0.00e+00	0.00e+00	0.00e+00	0.00e+00	0.00e+00
 1.61994e+15	3.43e-18	1.53e-12	1.19e-07	1.95e-04	1.77e-02	2.02e-01	7.80e-01	0.00e+00	0.00e+00	0.00e+00	0.00e+00	0.00e+00
 1.67901e+15	5.13e-18	2.17e-12	1.57e-07	2.39e-04	2.01e-02	2.15e-01	7.65e-01	0.00e+00	0.00e+00	0.00e+00	0.00e+00	0.00e+00
 1.73874e+15	7.41e-18	3.02e-12	2.06e-07	2.90e-04	2.27e-02	2.28e-01	7.49e-01	0.00e+00	0.00e+00	0.00e+00	0.00e+00	0.00e+00
 1.78851e+15	1.00e-17	3.93e-12	2.55e-07	3.40e-04	2.50e-02	2.39e-01	7.36e-01	0.00e+00	0.00e+00	0.00e+00	0.00e+00	0.00e+00
 1.84136e+15	1.37e-17	5.16e-12	3.18e-07	3.99e-04	2.77e-02	2.50e-01	7.22e-01	0.00e+00	0.00e+00	0.00e+00	0.00e+00	0.00e+00
 1.90867e+15	2.00e-17	7.23e-12	4.17e-07	4.86e-04	3.13e-02	2.64e-01	7.04e-01	0.00e+00	0.00e+00	0.00e+00	0.00e+00	0.00e+00
 1.97977e+15	2.91e-17	9.97e-12	5.49e-07	5.93e-04	3.53e-02	2.79e-01	6.85e-01	0.00e+00	0.00e+00	1.66e-17	8.82e-18	3.12e-18
 2.04353e+15	4.08e-17	1.35e-11	6.97e-07	7.05e-04	3.92e-02	2.92e-01	6.68e-01	0.00e+00	0.00e+00	2.34e-17	1.24e-17	4.36e-18
 2.11274e+15	6.01e-17	1.87e-11	8.94e-07	8.43e-04	4.37e-02	3.06e-01	6.49e-01	0.00e+00	0.00e+00	3.45e-17	1.83e-17	6.39e-18
 2.19492e+15	9.13e-17	2.68e-11	1.19e-06	1.03e-03	4.94e-02	3.23e-01	6.27e-01	0.00e+00	0.00e+00	5.24e-17	2.78e-17	9.64e-18
 2.27574e+15	1.34e-16	3.73e-11	1.55e-06	1.25e-03	5.54e-02	3.38e-01	6.05e-01	0.00e+00	0.00e+00	7.69e-17	4.07e-17	1.41e-17
 2.34913e+15	1.89e-16	5.01e-11	1.96e-06	1.48e-03	6.12e-02	3.51e-01	5.86e-01	0.00e+00	0.00e+00	1.09e-16	5.74e-17	1.98e-17
 2.43106e+15	2.66e-16	6.76e-11	2.51e-06	1.76e-03	6.79e-02	3.66e-01	5.65e-01	0.00e+00	0.00e+00	1.53e-16	8.07e-17	2.77e-17
 2.52693e+15	4.22e-16	9.89e-11	3.33e-06	2.15e-03	7.63e-02	3.82e-01	5.40e-01	0.00e+00	0.00e+00	2.43e-16	1.28e-16	4.37e-17
 2.62153e+15	6.21e-16	1.37e-10	4.33e-06	2.59e-03	8.50e-02	3.96e-01	5.16e-01	0.00e+00	0.00e+00	3.58e-16	1.88e-16	6.42e-17
 2.71079e+15	8.67e-16	1.84e-10	5.49e-06	3.06e-03	9.36e-02	4.09e-01	4.94e-01	0.00e+00	0.00e+00	5.00e-16	2.63e-16	8.94e-17
 2.81012e+15	1.27e-15	2.54e-10	7.08e-06	3.65e-03	1.04e-01	4.22e-01	4.70e-01	0.00e+00	0.00e+00	7.35e-16	3.87e-16	1.31e-16
 2.92255e+15	2.05e-15	3.72e-10	9.34e-06	4.42e-03	1.15e-01	4.36e-01	4.44e-01	0.00e+00	0.00e+00	1.18e-15	6.21e-16	2.09e-16
 3.01671e+15	2.88e-15	4.94e-10	1.16e-05	5.14e-03	1.26e-01	4.46e-01	4.23e-01	0.00e+00	0.00e+00	1.66e-15	8.74e-16	2.94e-16
 3.08427e+15	3.66e-15	6.01e-10	1.35e-05	5.71e-03	1.33e-01	4.53e-01	4.08e-01	0.00e+00	0.00e+00	2.11e-15	1.11e-15	3.73e-16
 3.15493e+15	4.67e-15	7.35e-10	1.58e-05	6.35e-03	1.41e-01	4.59e-01	3.93e-01	0.00e+00	0.00e+00	2.70e-15	1.42e-15	4.75e-16
 3.24678e+15	6.12e-15	9.27e-10	1.92e-05	7.25e-03	1.52e-01	4.66e-01	3.75e-01	0.00e+00	0.00e+00	3.54e-15	1.86e-15	6.22e-16
 3.34934e+15	8.89e-15	1.24e-09	2.37e-05	8.36e-03	1.64e-01	4.74e-01	3.54e-01	0.00e+00	0.00e+00	5.14e-15	2.70e-15	9.02e-16
 3.44522e+15	1.19e-14	1.58e-09	2.86e-05	9.49e-03	1.75e-01	4.79e-01	3.36e-01	0.00e+00	0.00e+00	6.89e-15	3.62e-15	1.21e-15
 3.54927e+15	1.59e-14	2.02e-09	3.48e-05	1.08e-02	1.88e-01	4.84e-01	3.17e-01	0.00e+00	0.00e+00	9.21e-15	4.83e-15	1.61e-15
 3.66614e+15	2.34e-14	2.73e-09	4.30e-05	1.25e-02	2.02e-01	4.88e-01	2.97e-01	0.00e+00	0.00e+00	1.36e-14	7.11e-15	2.36e-15
 3.77657e+15	3.18e-14	3.49e-09	5.21e-05	1.42e-02	2.16e-01	4.91e-01	2.79e-01	0.00e+00	0.00e+00	1.84e-14	9.64e-15	3.20e-15
 3.89702e+15	4.30e-14	4.48e-09	6.37e-05	1.62e-02	2.31e-01	4.92e-01	2.60e-01	0.00e+00	0.00e+00	2.49e-14	1.31e-14	4.32e-15
 4.03235e+15	6.45e-14	6.12e-09	7.93e-05	1.87e-02	2.48e-01	4.93e-01	2.41e-01	0.00e+00	0.00e+00	3.74e-14	1.96e-14	6.48e-15
 4.16059e+15	8.87e-14	7.89e-09	9.64e-05	2.13e-02	2.64e-01	4.91e-01	2.23e-01	0.00e+00	0.00e+00	5.14e-14	2.69e-14	8.89e-15
 4.30088e+15	1.22e-13	1.02e-08	1.18e-04	2.43e-02	2.81e-01	4.89e-01	2.06e-01	0.00e+00	0.00e+00	7.04e-14	3.69e-14	1.22e-14
 4.45578e+15	1.85e-13	1.40e-08	1.47e-04	2.80e-02	3.00e-01	4.84e-01	1.87e-01	0.00e+00	0.00e+00	1.07e-13	5.61e-14	1.85e-14
 4.59834e+15	2.57e-13	1.81e-08	1.78e-04	3.16e-02	3.17e-01	4.79e-01	1.72e-01	0.00e+00	0.00e+00	1.49e-13	7.79e-14	2.56e-14
 4.75237e+15	3.58e-13	2.35e-08	2.17e-04	3.58e-02	3.35e-01	4.72e-01	1.57e-01	0.00e+00	0.00e+00	2.07e-13	1.09e-13	3.57e-14
 4.92389e+15	4.98e-13	3.06e-08	2.68e-04	4.08e-02	3.54e-01	4.63e-01	1.42e-01	0.00e+00	0.00e+00	2.89e-13	1.51e-13	4.96e-14
 5.08555e+15	7.33e-13	4.08e-08	3.25e-04	4.60e-02	3.72e-01	4.54e-01	1.28e-01	0.00e+00	0.00e+00	4.25e-13	2.23e-13	7.31e-14
 5.26309e+15	1.03e-12	5.32e-08	3.97e-04	5.20e-02	3.90e-01	4.42e-01	1.15e-01	0.00e+00	0.00e+00	5.98e-13	3.13e-13	1.03e-13
 5.45844e+15	1.44e-12	6.93e-08	4.88e-04	5.90e-02	4.10e-01	4.29e-01	1.02e-01	0.00e+00	0.00e+00	8.36e-13	4.37e-13	1.43e-13
 5.63366e+15	2.00e-12	8.90e-08	5.85e-04	6.57e-02	4.26e-01	4.16e-01	9.19e-02	0.00e+00	0.00e+00	1.16e-12	6.08e-13	1.99e-13
 5.79229e+15	2.68e-12	1.11e-07	6.84e-04	7.21e-02	4.40e-01	4.04e-01	8.33e-02	0.00e+00	0.00e+00	1.55e-12	8.13e-13	2.66e-13
 5.97259e+15	3.65e-12	1.40e-07	8.13e-04	7.98e-02	4.55e-01	3.90e-01	7.45e-02	0.00e+00	0.00e+00	2.12e-12	1.11e-12	3.62e-13
 6.19601e+15	5.26e-12	1.85e-07	9.97e-04	8.98e-02	4.72e-01	3.72e-01	6.49e-02	0.00e+00	0.00e+00	3.06e-12	1.60e-12	5.22e-13
 6.41941e+15	8.03e-12	2.51e-07	1.22e-03	1.01e-01	4.87e-01	3.54e-01	5.63e-02	0.00e+00	0.00e+00	4.66e-12	2.44e-12	7.96e-13
 6.58684e+15	1.04e-11	3.04e-07	1.40e-03	1.09e-01	4.98e-01	3.41e-01	5.08e-02	0.00e+00	0.00e+00	6.03e-12	3.16e-12	1.03e-12
 6.73759e+15	1.31e-11	3.62e-07	1.58e-03	1.17e-01	5.06e-01	3.29e-01	4.62e-02	0.00e+00	0.00e+00	7.61e-12	3.98e-12	1.30e-12
 6.93356e+15	1.74e-11	4.47e-07	1.85e-03	1.27e-01	5.17e-01	3.14e-01	4.09e-02	0.00e+00	0.00e+00	1.01e-11	5.28e-12	1.72e-12
 7.14356e+15	2.38e-11	5.65e-07	2.17e-03	1.39e-01	5.26e-01	2.97e-01	3.58e-02	0.00e+00	0.00e+00	1.39e-11	7.25e-12	2.36e-12
 7.32868e+15	3.09e-11	6.85e-07	2.49e-03	1.49e-01	5.33e-01	2.83e-01	3.19e-02	0.00e+00	0.00e+00	1.79e-11	9.39e-12	3.06e-12
 7.52620e+15	3.88e-11	8.19e-07	2.87e-03	1.61e-01	5.39e-01	2.69e-01	2.82e-02	0.00e+00	0.00e+00	2.25e-11	1.18e-11	3.84e-12
 7.78297e+15	5.78e-11	1.09e-06	3.45e-03	1.77e-01	5.46e-01	2.50e-01	2.39e-02	0.00e+00	0.00e+00	3.36e-11	1.76e-11	5.72e-12
 8.03162e+15	7.81e-11	1.36e-06	4.07e-03	1.92e-01	5.50e-01	2.33e-01	2.05e-02	0.00e+00	0.00e+00	4.54e-11	2.38e-11	7.73e-12
 8.22218e+15	9.68e-11	1.61e-06	4.61e-03	2.04e-01	5.52e-01	2.21e-01	1.81e-02	0.00e+00	0.00e+00	5.63e-11	2.95e-11	9.59e-12
 8.42240e+15	1.24e-10	1.94e-06	5.25e-03	2.18e-01	5.53e-01	2.08e-01	1.59e-02	0.00e+00	0.00e+00	7.22e-11	3.78e-11	1.23e-11
 8.68268e+15	1.82e-10	2.53e-06	6.22e-03	2.36e-01	5.53e-01	1.91e-01	1.34e-02	0.00e+00	0.00e+00	1.06e-10	5.55e-11	1.80e-11
 8.94789e+15	2.44e-10	3.16e-06	7.30e-03	2.54e-01	5.51e-01	1.76e-01	1.13e-02	0.00e+00	0.00e+00	1.42e-10	7.43e-11	2.41e-11
 9.16552e+15	3.05e-10	3.75e-06	8.31e-03	2.70e-01	5.48e-01	1.64e-01	9.86e-03	0.00e+00	0.00e+00	1.78e-10	9.31e-11	3.03e-11
 9.39444e+15	3.99e-10	4.57e-06	9.55e-03	2.87e-01	5.43e-01	1.52e-01	8.47e-03	0.00e+00	0.00e+00	2.32e-10	1.21e-10	3.95e-11
 9.64444e+15	5.70e-10	5.85e-06	1.11e-02	3.05e-01	5.37e-01	1.39e-01	7.14e-03	0.00e+00	0.00e+00	3.31e-10	1.74e-10	5.64e-11
 9.86628e+15	7.31e-10	7.03e-06	1.26e-02	3.22e-01	5.30e-01	1.29e-01	6.16e-03	0.00e+00	0.00e+00	4.25e-10	2.23e-10	7.24e-11
 1.00991e+16	9.46e-10	8.52e-06	1.44e-02	3.40e-01	5.22e-01	1.18e-01	5.26e-03	0.00e+00	0.00e+00	5.50e-10	2.88e-10	9.37e-11
 1.03541e+16	1.21e-09	1.03e-05	1.67e-02	3.60e-01	5.11e-01	1.08e-01	4.43e-03	0.00e+00	0.00e+00	7.03e-10	3.69e-10	1.20e-10
 1.05831e+16	1.69e-09	1.30e-05	1.91e-02	3.78e-01	5.01e-01	9.85e-02	3.75e-03	0.00e+00	0.00e+00	9.84e-10	5.16e-10	1.68e-10
 1.07830e+16	2.12e-09	1.53e-05	2.14e-02	3.94e-01	4.90e-01	9.10e-02	3.26e-03	0.00e+00	0.00e+00	1.23e-09	6.47e-10	2.10e-10
 1.09635e+16	2.62e-09	1.79e-05	2.38e-02	4.08e-01	4.80e-01	8.45e-02	2.87e-03	0.00e+00	0.00e+00	1.52e-09	7.99e-10	2.60e-10
 1.11360e+16	3.22e-09	2.08e-05	2.63e-02	4.22e-01	4.70e-01	7.86e-02	2.53e-03	0.00e+00	0.00e+00	1.87e-09	9.82e-10	3.20e-10
 1.13341e+16	3.86e-09	2.41e-05	2.95e-02	4.38e-01	4.58e-01	7.23e-02	2.19e-03	0.00e+00	0.00e+00	2.24e-09	1.18e-09	3.83e-10
 1.15917e+16	5.75e-09	3.17e-05	3.47e-02	4.59e-01	4.40e-01	6.40e-02	1.78e-03	0.00e+00	0.00e+00	3.35e-09	1.76e-09	5.72e-10
 1.18427e+16	7.51e-09	3.89e-05	4.02e-02	4.79e-01	4.23e-01	5.71e-02	1.47e-03	0.00e+00	0.00e+00	4.37e-09	2.29e-09	7.47e-10
 1.20345e+16	9.21e-09	4.55e-05	4.52e-02	4.93e-01	4.08e-01	5.21e-02	1.27e-03	0.00e+00	0.00e+00	5.36e-09	2.81e-09	9.17e-10
 1.22063e+16	1.15e-08	5.37e-05	5.04e-02	5.07e-01	3.94e-01	4.77e-02	1.10e-03	0.00e+00	0.00e+00	6.72e-09	3.53e-09	1.15e-09
 1.23735e+16	1.45e-08	6.34e-05	5.62e-02	5.19e-01	3.80e-01	4.36e-02	9.49e-04	0.00e+00	0.00e+00	8.43e-09	4.43e-09	1.44e-09
 1.25349e+16	1.82e-08	7.48e-05	6.27e-02	5.31e-01	3.66e-01	3.98e-02	8.22e-04	0.00e+00	0.00e+00	1.06e-08	5.55e-09	1.81e-09
 1.26928e+16	2.28e-08	8.83e-05	6.98e-02	5.42e-01	3.51e-01	3.63e-02	7.11e-04	0.00e+00	0.00e+00	1.33e-08	6.96e-09	2.27e-09
 1.28493e+16	2.87e-08	1.05e-04	7.80e-02	5.52e-01	3.36e-01	3.30e-02	6.12e-04	0.00e+00	0.00e+00	1.67e-08	8.77e-09	2.86e-09
 1.30042e+16	3.96e-08	1.30e-04	8.78e-02	5.62e-01	3.20e-01	2.97e-02	5.18e-04	0.00e+00	0.00e+00	2.30e-08	1.21e-08	3.95e-09
 1.31559e+16	4.65e-08	1.49e-04	9.79e-02	5.70e-01	3.04e-01	2.68e-02	4.47e-04	0.00e+00	0.00e+00	2.71e-08	1.42e-08	4.64e-09
 1.33283e+16	6.57e-08	1.90e-04	1.13e-01	5.78e-01	2.85e-01	2.35e-02	3.66e-04	0.00e+00	0.00e+00	3.83e-08	2.01e-08	6.56e-09
 1.35056e+16	8.37e-08	2.29e-04	1.30e-01	5.85e-01	2.65e-01	2.05e-02	3.00e-04	0.00e+00	0.00e+00	4.87e-08	2.56e-08	8.36e-09
 1.36532e+16	1.10e-07	2.80e-04	1.47e-01	5.88e-01	2.47e-01	1.80e-02	2.49e-04	0.00e+00	0.00e+00	6.41e-08	3.37e-08	1.10e-08
 1.37834e+16	1.43e-07	3.38e-04	1.65e-01	5.88e-01	2.30e-01	1.59e-02	2.09e-04	0.00e+00	0.00e+00	8.34e-08	4.38e-08	1.43e-08
 1.39074e+16	1.97e-07	4.23e-04	1.86e-01	5.86e-01	2.14e-01	1.39e-02	1.72e-04	0.00e+00	0.00e+00	1.15e-07	6.04e-08	1.98e-08
 1.40155e+16	2.48e-07	4.99e-04	2.06e-01	5.82e-01	1.99e-01	1.24e-02	1.45e-04	0.00e+00	0.00e+00	1.44e-07	7.60e-08	2.49e-08
 1.41067e+16	3.12e-07	5.86e-04	2.25e-01	5.77e-01	1.86e-01	1.10e-02	1.24e-04	0.00e+00	0.00e+00	1.82e-07	9.55e-08	3.13e-08
 1.41959e+16	3.56e-07	6.52e-04	2.46e-01	5.71e-01	1.73e-01	9.86e-03	1.07e-04	0.00e+00	0.00e+00	2.07e-07	1.09e-07	3.57e-08
 1.42985e+16	4.83e-07	8.07e-04	2.74e-01	5.59e-01	1.57e-01	8.45e-03	8.64e-05	0.00e+00	0.00e+00	2.81e-07	1.48e-07	4.84e-08
 1.43995e+16	5.83e-07	9.31e-04	3.04e-01	5.46e-01	1.42e-01	7.25e-03	7.06e-05	0.00e+00	0.00e+00	3.39e-07	1.78e-07	5.85e-08
 1.44759e+16	7.68e-07	1.12e-03	3.31e-01	5.31e-01	1.30e-01	6.30e-03	5.83e-05	0.00e+00	0.00e+00	4.47e-07	2.35e-07	7.72e-08
 1.45296e+16	8.82e-07	1.24e-03	3.51e-01	5.21e-01	1.22e-01	5.71e-03	5.12e-05	0.00e+00	0.00e+00	5.13e-07	2.70e-07	8.86e-08
 1.45763e+16	1.01e-06	1.36e-03	3.70e-01	5.10e-01	1.14e-01	5.19e-03	4.52e-05	0.00e+00	0.00e+00	5.85e-07	3.08e-07	1.01e-07
 1.46369e+16	1.13e-06	1.48e-03	3.94e-01	4.95e-01	1.04e-01	4.58e-03	3.85e-05	0.00e+00	0.00e+00	6.57e-07	3.46e-07	1.14e-07
 1.47158e+16	1.48e-06	1.79e-03	4.31e-01	4.71e-01	9.17e-02	3.78e-03	3.00e-05	0.00e+00	0.00e+00	8.61e-07	4.54e-07	1.49e-07
 1.47861e+16	1.80e-06	2.05e-03	4.65e-01	4.49e-01	8.12e-02	3.18e-03	2.40e-05	0.00e+00	0.00e+00	1.05e-06	5.52e-07	1.82e-07
 1.48316e+16	2.00e-06	2.21e-03	4.87e-01	4.33e-01	7.44e-02	2.82e-03	2.06e-05	0.00e+00	0.00e+00	1.16e-06	6.14e-07	2.02e-07
 1.48774e+16	2.30e-06	2.43e-03	5.12e-01	4.15e-01	6.75e-02	2.45e-03	1.73e-05	0.00e+00	0.00e+00	1.34e-06	7.05e-07	2.32e-07
 1.49369e+16	2.88e-06	2.82e-03	5.47e-01	3.90e-01	5.86e-02	2.01e-03	1.34e-05	0.00e+00	0.00e+00	1.68e-06	8.85e-07	2.91e-07
 1.49940e+16	3.25e-06	3.07e-03	5.77e-01	3.67e-01	5.12e-02	1.68e-03	1.07e-05	0.00e+00	0.00e+00	1.89e-06	9.97e-07	3.28e-07
 1.50480e+16	4.04e-06	3.53e-03	6.10e-01	3.41e-01	4.40e-02	1.36e-03	8.19e-06	0.00e+00	0.00e+00	2.35e-06	1.24e-06	4.09e-07
 1.51010e+16	4.71e-06	3.91e-03	6.40e-01	3.17e-01	3.79e-02	1.11e-03	6.37e-06	0.00e+00	0.00e+00	2.74e-06	1.45e-06	4.77e-07
 1.51457e+16	5.36e-06	4.26e-03	6.65e-01	2.96e-01	3.30e-02	9.18e-04	5.05e-06	0.00e+00	0.00e+00	3.12e-06	1.65e-06	5.44e-07
 1.51969e+16	6.30e-06	4.72e-03	6.95e-01	2.72e-01	2.78e-02	7.27e-04	3.78e-06	0.00e+00	0.00e+00	3.66e-06	1.94e-06	6.40e-07
 1.52540e+16	7.43e-06	5.23e-03	7.26e-01	2.46e-01	2.28e-02	5.56e-04	2.72e-06	0.00e+00	0.00e+00	4.32e-06	2.28e-06	7.55e-07
 1.53083e+16	8.70e-06	5.78e-03	7.54e-01	2.21e-01	1.86e-02	4.23e-04	1.94e-06	0.00e+00	0.00e+00	5.06e-06	2.67e-06	8.86e-07
 1.53607e+16	1.01e-05	6.31e-03	7.80e-01	1.99e-01	1.51e-02	3.21e-04	1.39e-06	0.00e+00	0.00e+00	5.85e-06	3.09e-06	1.03e-06
 1.54206e+16	1.19e-05	6.97e-03	8.07e-01	1.74e-01	1.18e-02	2.29e-04	9.15e-07	0.00e+00	0.00e+00	6.92e-06	3.66e-06	1.21e-06
 1.54866e+16	1.41e-05	7.70e-03	8.33e-01	1.50e-01	8.87e-03	1.57e-04	0.00e+00	0.00e+00	0.00e+00	8.21e-06	4.35e-06	1.44e-06
 1.55491e+16	1.65e-05	8.43e-03	8.55e-01	1.29e-01	6.71e-03	1.08e-04	0.00e+00	0.00e+00	0.00e+00	9.61e-06	5.09e-06	1.69e-06
 1.56188e+16	1.96e-05	9.27e-03	8.77e-01	1.09e-01	4.84e-03	6.92e-05	0.00e+00	0.00e+00	0.00e+00	1.14e-05	6.04e-06	2.01e-06
 1.57094e+16	2.42e-05	1.04e-02	9.00e-01	8.64e-02	3.14e-03	3.85e-05	0.00e+00	0.00e+00	0.00e+00	1.41e-05	7.45e-06	2.49e-06
 1.58043e+16	2.96e-05	1.15e-02	9.18e-01	6.82e-02	2.02e-03	2.10e-05	0.00e+00	0.00e+00	0.00e+00	1.72e-05	9.12e-06	3.05e-06
