#depth	C	C+	C+2	C+3	C+4	C+5	C+6	C[1]	C[2]	C[3]	C+[1]	C+[2]	CO
 1.49634e+10	0.00e+00	0.00e+00	4.66e-27	1.21e-16	1.05e-05	1.07e-01	8.93e-01	0.00e+00	0.00e+00	0.00e+00	0.00e+00	0.00e+00	0.00e+00
 4.54887e+10	0.00e+00	8.08e-38	6.26e-27	1.51e-16	1.20e-05	1.15e-01	8.85e-01	0.00e+00	0.00e+00	0.00e+00	0.00e+00	0.00e+00	0.00e+00
 7.72350e+10	0.00e+00	0.00e+00	8.50e-27	1.89e-16	1.40e-05	1.23e-01	8.77e-01	0.00e+00	0.00e+00	0.00e+00	0.00e+00	0.00e+00	0.00e+00
 1.10251e+11	0.00e+00	1.74e-37	1.15e-26	2.37e-16	1.62e-05	1.32e-01	8.68e-01	0.00e+00	0.00e+00	0.00e+00	0.00e+00	0.00e+00	0.00e+00
 1.44588e+11	0.00e+00	0.00e+00	1.56e-26	2.96e-16	1.87e-05	1.41e-01	8.59e-01	0.00e+00	0.00e+00	0.00e+00	0.00e+00	0.00e+00	0.00e+00
 1.80298e+11	0.00e+00	3.74e-37	2.11e-26	3.71e-16	2.17e-05	1.51e-01	8.49e-01	0.00e+00	0.00e+00	0.00e+00	0.00e+00	0.00e+00	0.00e+00
 2.17437e+11	0.00e+00	0.00e+00	2.86e-26	4.64e-16	2.50e-05	1.61e-01	8.39e-01	0.00e+00	0.00e+00	0.00e+00	0.00e+00	0.00e+00	0.00e+00
 2.56061e+11	0.00e+00	8.00e-37	3.86e-26	5.79e-16	2.89e-05	1.72e-01	8.28e-01	0.00e+00	0.00e+00	0.00e+00	0.00e+00	0.00e+00	0.00e+00
 2.92138e+11	0.00e+00	0.00e+00	5.05e-26	7.06e-16	3.28e-05	1.82e-01	8.18e-01	0.00e+00	0.00e+00	0.00e+00	0.00e+00	0.00e+00	0.00e+00
 3.23984e+11	0.00e+00	1.50e-36	6.37e-26	8.38e-16	3.66e-05	1.91e-01	8.09e-01	0.00e+00	0.00e+00	0.00e+00	0.00e+00	0.00e+00	0.00e+00
 3.59543e+11	4.25e-48	2.06e-36	8.19e-26	1.01e-15	4.13e-05	2.02e-01	7.98e-01	0.00e+00	0.00e+00	0.00e+00	0.00e+00	0.00e+00	0.00e+00
 4.02198e+11	0.00e+00	0.00e+00	1.09e-25	1.24e-15	4.72e-05	2.14e-01	7.86e-01	0.00e+00	0.00e+00	0.00e+00	0.00e+00	0.00e+00	0.00e+00
 4.44960e+11	0.00e+00	4.20e-36	1.43e-25	1.52e-15	5.37e-05	2.27e-01	7.73e-01	0.00e+00	0.00e+00	0.00e+00	0.00e+00	0.00e+00	0.00e+00
 4.84228e+11	1.46e-47	5.72e-36	1.83e-25	1.82e-15	6.02e-05	2.39e-01	7.61e-01	0.00e+00	0.00e+00	0.00e+00	0.00e+00	0.00e+00	0.00e+00
 5.28070e+11	0.00e+00	0.00e+00	2.39e-25	2.21e-15	6.82e-05	2.52e-01	7.48e-01	0.00e+00	0.00e+00	0.00e+00	0.00e+00	0.00e+00	0.00e+00
 5.78871e+11	0.00e+00	1.16e-35	3.20e-25	2.74e-15	7.80e-05	2.67e-01	7.33e-01	0.00e+00	0.00e+00	0.00e+00	0.00e+00	0.00e+00	0.00e+00
 6.28264e+11	5.21e-47	1.64e-35	4.20e-25	3.34e-15	8.84e-05	2.81e-01	7.19e-01	0.00e+00	0.00e+00	0.00e+00	0.00e+00	0.00e+00	6.60e-148
 6.74896e+11	0.00e+00	0.00e+00	5.39e-25	4.01e-15	9.92e-05	2.95e-01	7.05e-01	0.00e+00	0.00e+00	0.00e+00	0.00e+00	0.00e+00	5.84e-191
 7.27081e+11	0.00e+00	3.16e-35	7.06e-25	4.88e-15	1.12e-04	3.10e-01	6.90e-01	0.00e+00	0.00e+00	0.00e+00	0.00e+00	0.00e+00	3.94e-234
 7.86091e+11	1.81e-46	4.57e-35	9.42e-25	6.02e-15	1.28e-04	3.28e-01	6.72e-01	0.00e+00	0.00e+00	0.00e+00	0.00e+00	0.00e+00	1.59e-146
 8.45274e+11	0.00e+00	0.00e+00	1.24e-24	7.36e-15	1.45e-04	3.45e-01	6.55e-01	0.00e+00	0.00e+00	0.00e+00	0.00e+00	0.00e+00	5.76e-190
 9.06825e+11	0.00e+00	9.30e-35	1.65e-24	9.02e-15	1.65e-04	3.62e-01	6.38e-01	0.00e+00	0.00e+00	0.00e+00	0.00e+00	0.00e+00	1.55e-233
 9.73025e+11	6.70e-46	1.34e-34	2.19e-24	1.11e-14	1.87e-04	3.81e-01	6.19e-01	0.00e+00	0.00e+00	0.00e+00	0.00e+00	0.00e+00	4.62e-145
 1.04187e+12	0.00e+00	1.93e-34	2.92e-24	1.36e-14	2.13e-04	3.99e-01	6.00e-01	0.00e+00	0.00e+00	0.00e+00	0.00e+00	0.00e+00	6.56e-189
 1.11347e+12	1.63e-45	2.78e-34	3.88e-24	1.68e-14	2.41e-04	4.19e-01	5.81e-01	0.00e+00	0.00e+00	0.00e+00	0.00e+00	0.00e+00	6.90e-233
 1.18794e+12	0.00e+00	4.00e-34	5.16e-24	2.06e-14	2.73e-04	4.38e-01	5.62e-01	0.00e+00	0.00e+00	0.00e+00	0.00e+00	0.00e+00	4.41e-165
 1.26538e+12	3.94e-45	5.75e-34	6.84e-24	2.52e-14	3.09e-04	4.58e-01	5.42e-01	0.00e+00	0.00e+00	0.00e+00	0.00e+00	0.00e+00	2.41e-209
 1.34593e+12	0.00e+00	8.25e-34	9.07e-24	3.08e-14	3.50e-04	4.77e-01	5.22e-01	0.00e+00	0.00e+00	0.00e+00	0.00e+00	0.00e+00	6.04e-164
 1.42969e+12	9.52e-45	1.18e-33	1.20e-23	3.77e-14	3.95e-04	4.97e-01	5.02e-01	0.00e+00	0.00e+00	0.00e+00	0.00e+00	0.00e+00	1.72e-208
 1.51680e+12	0.00e+00	1.70e-33	1.59e-23	4.61e-14	4.46e-04	5.17e-01	4.82e-01	0.00e+00	0.00e+00	0.00e+00	0.00e+00	0.00e+00	8.25e-163
 1.60740e+12	2.29e-44	2.43e-33	2.10e-23	5.63e-14	5.02e-04	5.37e-01	4.63e-01	0.00e+00	0.00e+00	0.00e+00	0.00e+00	0.00e+00	1.24e-207
 1.70163e+12	0.00e+00	3.48e-33	2.78e-23	6.86e-14	5.66e-04	5.57e-01	4.43e-01	0.00e+00	0.00e+00	0.00e+00	0.00e+00	0.00e+00	1.13e-161
 1.79962e+12	5.51e-44	4.97e-33	3.67e-23	8.36e-14	6.36e-04	5.76e-01	4.23e-01	0.00e+00	0.00e+00	0.00e+00	0.00e+00	0.00e+00	8.82e-207
 1.89476e+12	0.00e+00	6.93e-33	4.75e-23	1.00e-13	7.09e-04	5.94e-01	4.05e-01	0.00e+00	0.00e+00	0.00e+00	0.00e+00	0.00e+00	1.41e-160
 1.98242e+12	1.19e-43	9.33e-33	5.98e-23	1.18e-13	7.80e-04	6.10e-01	3.89e-01	0.00e+00	0.00e+00	0.00e+00	0.00e+00	0.00e+00	6.03e-206
 2.08013e+12	0.00e+00	1.29e-32	7.68e-23	1.41e-13	8.67e-04	6.27e-01	3.72e-01	0.00e+00	0.00e+00	0.00e+00	0.00e+00	0.00e+00	1.36e-159
 2.19303e+12	2.73e-43	1.83e-32	1.01e-22	1.71e-13	9.70e-04	6.46e-01	3.53e-01	0.00e+00	0.00e+00	0.00e+00	0.00e+00	0.00e+00	3.13e-205
 2.30438e+12	0.00e+00	2.56e-32	1.31e-22	2.05e-13	1.08e-03	6.63e-01	3.36e-01	0.00e+00	0.00e+00	0.00e+00	0.00e+00	0.00e+00	1.73e-158
 2.42018e+12	6.24e-43	3.60e-32	1.70e-22	2.47e-13	1.20e-03	6.80e-01	3.19e-01	0.00e+00	0.00e+00	0.00e+00	0.00e+00	0.00e+00	1.97e-204
 2.54691e+12	0.00e+00	5.13e-32	2.24e-22	2.99e-13	1.34e-03	6.97e-01	3.02e-01	0.00e+00	0.00e+00	0.00e+00	0.00e+00	0.00e+00	2.23e-157
 2.67541e+12	1.48e-42	7.24e-32	2.92e-22	3.61e-13	1.50e-03	7.13e-01	2.85e-01	0.00e+00	0.00e+00	0.00e+00	0.00e+00	0.00e+00	1.84e-203
 2.80905e+12	0.00e+00	1.02e-31	3.81e-22	4.36e-13	1.67e-03	7.29e-01	2.69e-01	0.00e+00	0.00e+00	0.00e+00	0.00e+00	0.00e+00	2.89e-156
 2.95134e+12	3.49e-42	1.46e-31	5.01e-22	5.27e-13	1.86e-03	7.44e-01	2.54e-01	0.00e+00	0.00e+00	0.00e+00	0.00e+00	0.00e+00	5.01e-203
 3.09932e+12	0.00e+00	2.08e-31	6.59e-22	6.38e-13	2.08e-03	7.59e-01	2.38e-01	0.00e+00	0.00e+00	0.00e+00	0.00e+00	0.00e+00	4.00e-155
 3.25322e+12	8.37e-42	2.97e-31	8.66e-22	7.72e-13	2.32e-03	7.74e-01	2.24e-01	0.00e+00	0.00e+00	0.00e+00	0.00e+00	0.00e+00	0.00e+00
 3.41328e+12	0.00e+00	4.23e-31	1.14e-21	9.34e-13	2.58e-03	7.87e-01	2.10e-01	0.00e+00	0.00e+00	0.00e+00	0.00e+00	0.00e+00	5.58e-154
 3.57974e+12	2.01e-41	6.04e-31	1.49e-21	1.13e-12	2.87e-03	8.01e-01	1.97e-01	0.00e+00	0.00e+00	0.00e+00	0.00e+00	0.00e+00	4.66e-201
 3.75285e+12	0.00e+00	8.61e-31	1.96e-21	1.37e-12	3.20e-03	8.13e-01	1.84e-01	0.00e+00	0.00e+00	0.00e+00	0.00e+00	0.00e+00	7.84e-153
 3.93289e+12	4.83e-41	1.23e-30	2.58e-21	1.65e-12	3.56e-03	8.25e-01	1.72e-01	0.00e+00	0.00e+00	0.00e+00	0.00e+00	0.00e+00	0.00e+00
 4.10247e+12	0.00e+00	1.70e-30	3.31e-21	1.96e-12	3.92e-03	8.35e-01	1.61e-01	0.00e+00	0.00e+00	0.00e+00	0.00e+00	0.00e+00	9.80e-152
 4.25459e+12	1.02e-40	2.25e-30	4.10e-21	2.27e-12	4.26e-03	8.43e-01	1.52e-01	0.00e+00	0.00e+00	0.00e+00	0.00e+00	0.00e+00	0.00e+00
 4.42556e+12	0.00e+00	3.06e-30	5.20e-21	2.68e-12	4.67e-03	8.52e-01	1.43e-01	0.00e+00	0.00e+00	0.00e+00	0.00e+00	0.00e+00	8.70e-151
 4.62760e+12	2.29e-40	4.33e-30	6.79e-21	3.22e-12	5.18e-03	8.61e-01	1.34e-01	0.00e+00	0.00e+00	0.00e+00	0.00e+00	0.00e+00	7.90e-211
 4.83038e+12	0.00e+00	6.07e-30	8.80e-21	3.85e-12	5.71e-03	8.70e-01	1.25e-01	0.00e+00	0.00e+00	0.00e+00	0.00e+00	0.00e+00	1.13e-149
 5.02135e+12	5.07e-40	8.25e-30	1.11e-20	4.53e-12	6.25e-03	8.77e-01	1.17e-01	0.00e+00	0.00e+00	0.00e+00	0.00e+00	0.00e+00	0.00e+00
 5.23221e+12	0.00e+00	1.15e-29	1.44e-20	5.40e-12	6.89e-03	8.84e-01	1.09e-01	0.00e+00	0.00e+00	0.00e+00	0.00e+00	0.00e+00	1.21e-148
 5.47143e+12	1.19e-39	1.65e-29	1.89e-20	6.52e-12	7.64e-03	8.91e-01	1.01e-01	0.00e+00	0.00e+00	0.00e+00	0.00e+00	0.00e+00	0.00e+00
 5.71105e+12	0.00e+00	2.33e-29	2.47e-20	7.83e-12	8.45e-03	8.98e-01	9.37e-02	0.00e+00	0.00e+00	0.00e+00	0.00e+00	0.00e+00	1.68e-147
 5.96026e+12	2.82e-39	3.30e-29	3.23e-20	9.41e-12	9.34e-03	9.04e-01	8.68e-02	0.00e+00	0.00e+00	0.00e+00	0.00e+00	0.00e+00	0.00e+00
 6.22859e+12	0.00e+00	4.75e-29	4.26e-20	1.14e-11	1.04e-02	9.10e-01	8.01e-02	0.00e+00	0.00e+00	0.00e+00	0.00e+00	0.00e+00	2.38e-146
 6.48035e+12	6.64e-39	6.59e-29	5.47e-20	1.35e-11	1.14e-02	9.14e-01	7.45e-02	0.00e+00	0.00e+00	0.00e+00	0.00e+00	0.00e+00	0.00e+00
 6.70528e+12	0.00e+00	8.76e-29	6.80e-20	1.57e-11	1.23e-02	9.18e-01	6.99e-02	0.00e+00	0.00e+00	0.00e+00	0.00e+00	0.00e+00	2.32e-145
 6.95823e+12	1.39e-38	1.20e-28	8.64e-20	1.84e-11	1.35e-02	9.21e-01	6.51e-02	0.00e+00	0.00e+00	0.00e+00	0.00e+00	0.00e+00	3.27e-192
 7.25819e+12	0.00e+00	1.71e-28	1.13e-19	2.22e-11	1.49e-02	9.25e-01	6.00e-02	0.00e+00	0.00e+00	0.00e+00	0.00e+00	0.00e+00	2.76e-144
 7.55939e+12	3.32e-38	2.41e-28	1.48e-19	2.66e-11	1.64e-02	9.28e-01	5.54e-02	0.00e+00	0.00e+00	0.00e+00	0.00e+00	0.00e+00	3.45e-204
 7.84151e+12	0.00e+00	3.30e-28	1.88e-19	3.13e-11	1.79e-02	9.31e-01	5.15e-02	0.00e+00	0.00e+00	0.00e+00	0.00e+00	0.00e+00	3.18e-143
 8.15397e+12	7.43e-38	4.61e-28	2.43e-19	3.72e-11	1.96e-02	9.33e-01	4.76e-02	0.00e+00	0.00e+00	0.00e+00	0.00e+00	0.00e+00	0.00e+00
 8.51005e+12	0.00e+00	6.67e-28	3.22e-19	4.51e-11	2.17e-02	9.35e-01	4.36e-02	0.00e+00	0.00e+00	0.00e+00	0.00e+00	0.00e+00	4.33e-142
 8.86036e+12	1.81e-37	9.47e-28	4.21e-19	5.41e-11	2.39e-02	9.36e-01	4.01e-02	0.00e+00	0.00e+00	0.00e+00	0.00e+00	0.00e+00	2.32e-203
 9.22467e+12	0.00e+00	1.35e-27	5.52e-19	6.50e-11	2.63e-02	9.37e-01	3.68e-02	0.00e+00	0.00e+00	0.00e+00	0.00e+00	0.00e+00	5.82e-141
 9.62359e+12	4.46e-37	1.95e-27	7.33e-19	7.87e-11	2.91e-02	9.37e-01	3.36e-02	0.00e+00	0.00e+00	0.00e+00	0.00e+00	0.00e+00	0.00e+00
 1.00242e+13	0.00e+00	2.80e-27	9.66e-19	9.49e-11	3.21e-02	9.37e-01	3.08e-02	0.00e+00	0.00e+00	0.00e+00	0.00e+00	0.00e+00	8.70e-140
 1.04408e+13	1.09e-36	4.02e-27	1.27e-18	1.14e-10	3.54e-02	9.36e-01	2.81e-02	0.00e+00	0.00e+00	0.00e+00	0.00e+00	0.00e+00	0.00e+00
 1.08884e+13	0.00e+00	5.84e-27	1.70e-18	1.39e-10	3.91e-02	9.35e-01	2.56e-02	0.00e+00	0.00e+00	0.00e+00	0.00e+00	0.00e+00	1.31e-138
 1.13319e+13	2.71e-36	8.35e-27	2.23e-18	1.67e-10	4.30e-02	9.34e-01	2.34e-02	0.00e+00	0.00e+00	0.00e+00	0.00e+00	0.00e+00	0.00e+00
 1.17932e+13	0.00e+00	1.19e-26	2.94e-18	2.01e-10	4.73e-02	9.31e-01	2.13e-02	0.00e+00	0.00e+00	0.00e+00	0.00e+00	0.00e+00	1.82e-137
 1.22949e+13	6.74e-36	1.74e-26	3.92e-18	2.44e-10	5.22e-02	9.28e-01	1.93e-02	0.00e+00	0.00e+00	0.00e+00	0.00e+00	0.00e+00	2.80e-237
 1.28166e+13	0.00e+00	2.53e-26	5.24e-18	2.96e-10	5.76e-02	9.25e-01	1.75e-02	0.00e+00	0.00e+00	0.00e+00	0.00e+00	0.00e+00	2.89e-136
 1.33592e+13	1.71e-35	3.69e-26	7.00e-18	3.60e-10	6.36e-02	9.21e-01	1.58e-02	0.00e+00	0.00e+00	0.00e+00	0.00e+00	0.00e+00	5.42e-237
 1.39235e+13	0.00e+00	5.37e-26	9.34e-18	4.37e-10	7.01e-02	9.16e-01	1.43e-02	0.00e+00	0.00e+00	0.00e+00	0.00e+00	0.00e+00	4.55e-135
 1.45103e+13	4.35e-35	7.82e-26	1.25e-17	5.31e-10	7.72e-02	9.10e-01	1.29e-02	0.00e+00	0.00e+00	0.00e+00	0.00e+00	0.00e+00	1.22e-98
 1.50419e+13	0.00e+00	1.08e-25	1.61e-17	6.29e-10	8.39e-02	9.04e-01	1.18e-02	0.00e+00	0.00e+00	0.00e+00	0.00e+00	0.00e+00	0.00e+00
 1.54859e+13	9.07e-35	1.41e-25	1.97e-17	7.21e-10	8.98e-02	8.99e-01	1.09e-02	0.00e+00	0.00e+00	0.00e+00	0.00e+00	0.00e+00	9.57e-116
 1.59729e+13	1.29e-34	1.87e-25	2.45e-17	8.34e-10	9.64e-02	8.93e-01	1.01e-02	0.00e+00	0.00e+00	0.00e+00	0.00e+00	0.00e+00	1.32e-97
 1.65881e+13	1.97e-34	2.64e-25	3.20e-17	9.97e-10	1.05e-01	8.86e-01	9.15e-03	0.00e+00	0.00e+00	0.00e+00	0.00e+00	0.00e+00	0.00e+00
 1.72292e+13	3.01e-34	3.72e-25	4.17e-17	1.19e-09	1.15e-01	8.77e-01	8.27e-03	0.00e+00	0.00e+00	0.00e+00	0.00e+00	0.00e+00	2.22e-114
 1.77750e+13	4.26e-34	4.93e-25	5.19e-17	1.38e-09	1.23e-01	8.69e-01	7.60e-03	0.00e+00	0.00e+00	0.00e+00	0.00e+00	0.00e+00	1.82e-96
 1.83375e+13	6.03e-34	6.52e-25	6.45e-17	1.60e-09	1.32e-01	8.61e-01	6.98e-03	0.00e+00	0.00e+00	0.00e+00	0.00e+00	0.00e+00	0.00e+00
 1.90436e+13	9.16e-34	9.15e-25	8.39e-17	1.90e-09	1.43e-01	8.50e-01	6.29e-03	0.00e+00	0.00e+00	0.00e+00	0.00e+00	0.00e+00	4.13e-113
 1.97602e+13	1.38e-33	1.27e-24	1.08e-16	2.26e-09	1.55e-01	8.39e-01	5.67e-03	0.00e+00	0.00e+00	0.00e+00	0.00e+00	0.00e+00	2.35e-95
 2.03775e+13	1.92e-33	1.67e-24	1.34e-16	2.60e-09	1.66e-01	8.29e-01	5.20e-03	0.00e+00	0.00e+00	0.00e+00	0.00e+00	0.00e+00	2.94e-112
 2.10418e+13	2.73e-33	2.21e-24	1.67e-16	3.01e-09	1.77e-01	8.18e-01	4.75e-03	0.00e+00	0.00e+00	0.00e+00	0.00e+00	0.00e+00	1.04e-94
 2.18606e+13	4.11e-33	3.09e-24	2.17e-16	3.58e-09	1.92e-01	8.04e-01	4.25e-03	0.00e+00	0.00e+00	0.00e+00	0.00e+00	0.00e+00	2.20e-111
 2.26986e+13	6.15e-33	4.27e-24	2.79e-16	4.24e-09	2.07e-01	7.89e-01	3.81e-03	0.00e+00	0.00e+00	0.00e+00	0.00e+00	0.00e+00	6.16e-94
 2.34571e+13	8.70e-33	5.66e-24	3.48e-16	4.90e-09	2.21e-01	7.75e-01	3.45e-03	0.00e+00	0.00e+00	0.00e+00	0.00e+00	0.00e+00	1.63e-110
 2.42938e+13	1.26e-32	7.62e-24	4.39e-16	5.72e-09	2.37e-01	7.60e-01	3.11e-03	0.00e+00	0.00e+00	0.00e+00	0.00e+00	0.00e+00	2.95e-93
 2.52770e+13	1.89e-32	1.06e-23	5.70e-16	6.79e-09	2.55e-01	7.42e-01	2.76e-03	0.00e+00	0.00e+00	0.00e+00	0.00e+00	0.00e+00	1.32e-109
 2.62592e+13	2.80e-32	1.46e-23	7.30e-16	8.00e-09	2.74e-01	7.24e-01	2.45e-03	0.00e+00	0.00e+00	0.00e+00	0.00e+00	0.00e+00	1.72e-92
 2.71945e+13	3.99e-32	1.95e-23	9.13e-16	9.27e-09	2.91e-01	7.07e-01	2.20e-03	0.00e+00	0.00e+00	0.00e+00	0.00e+00	0.00e+00	9.96e-109
 2.82260e+13	5.79e-32	2.63e-23	1.16e-15	1.08e-08	3.10e-01	6.88e-01	1.96e-03	0.00e+00	0.00e+00	0.00e+00	0.00e+00	0.00e+00	8.59e-92
 2.93850e+13	8.63e-32	3.64e-23	1.49e-15	1.28e-08	3.32e-01	6.66e-01	1.72e-03	0.00e+00	0.00e+00	0.00e+00	0.00e+00	0.00e+00	8.26e-108
 3.04285e+13	1.21e-31	4.80e-23	1.85e-15	1.47e-08	3.51e-01	6.47e-01	1.54e-03	0.00e+00	0.00e+00	0.00e+00	0.00e+00	0.00e+00	4.46e-91
 3.12906e+13	1.59e-31	5.97e-23	2.19e-15	1.64e-08	3.67e-01	6.32e-01	1.40e-03	0.00e+00	0.00e+00	0.00e+00	0.00e+00	0.00e+00	4.50e-107
 3.22324e+13	2.12e-31	7.52e-23	2.62e-15	1.84e-08	3.84e-01	6.15e-01	1.27e-03	0.00e+00	0.00e+00	0.00e+00	0.00e+00	0.00e+00	1.55e-90
 3.34350e+13	3.00e-31	9.97e-23	3.26e-15	2.13e-08	4.05e-01	5.94e-01	1.13e-03	0.00e+00	0.00e+00	0.00e+00	0.00e+00	0.00e+00	2.64e-106
 3.46485e+13	4.19e-31	1.31e-22	4.03e-15	2.44e-08	4.26e-01	5.73e-01	9.99e-04	0.00e+00	0.00e+00	0.00e+00	0.00e+00	0.00e+00	7.24e-90
 3.56527e+13	5.46e-31	1.62e-22	4.76e-15	2.71e-08	4.43e-01	5.56e-01	9.07e-04	0.00e+00	0.00e+00	0.00e+00	0.00e+00	0.00e+00	1.45e-105
 3.67130e+13	7.16e-31	2.01e-22	5.64e-15	3.02e-08	4.60e-01	5.39e-01	8.20e-04	0.00e+00	0.00e+00	0.00e+00	0.00e+00	0.00e+00	2.46e-89
 3.80735e+13	9.98e-31	2.63e-22	6.94e-15	3.45e-08	4.82e-01	5.17e-01	7.22e-04	0.00e+00	0.00e+00	0.00e+00	0.00e+00	0.00e+00	8.09e-105
 3.94998e+13	1.39e-30	3.45e-22	8.55e-15	3.93e-08	5.04e-01	4.95e-01	6.34e-04	0.00e+00	0.00e+00	0.00e+00	0.00e+00	0.00e+00	1.13e-88
 4.07489e+13	1.84e-30	4.31e-22	1.02e-14	4.39e-08	5.23e-01	4.77e-01	5.68e-04	0.00e+00	0.00e+00	0.00e+00	0.00e+00	0.00e+00	4.73e-104
 4.20924e+13	2.45e-30	5.43e-22	1.21e-14	4.91e-08	5.42e-01	4.58e-01	5.06e-04	0.00e+00	0.00e+00	0.00e+00	0.00e+00	0.00e+00	4.19e-88
 4.37237e+13	3.42e-30	7.10e-22	1.49e-14	5.59e-08	5.64e-01	4.36e-01	4.40e-04	0.00e+00	0.00e+00	0.00e+00	0.00e+00	0.00e+00	2.90e-103
 4.53018e+13	4.65e-30	9.10e-22	1.81e-14	6.30e-08	5.84e-01	4.15e-01	3.86e-04	0.00e+00	0.00e+00	0.00e+00	0.00e+00	0.00e+00	1.87e-87
 4.66286e+13	5.96e-30	1.11e-21	2.11e-14	6.92e-08	6.01e-01	3.99e-01	3.47e-04	0.00e+00	0.00e+00	0.00e+00	0.00e+00	0.00e+00	1.51e-102
 4.80564e+13	7.70e-30	1.37e-21	2.47e-14	7.63e-08	6.17e-01	3.82e-01	3.10e-04	0.00e+00	0.00e+00	0.00e+00	0.00e+00	0.00e+00	6.20e-87
 4.98556e+13	1.05e-29	1.75e-21	2.99e-14	8.58e-08	6.37e-01	3.62e-01	2.70e-04	0.00e+00	0.00e+00	0.00e+00	0.00e+00	0.00e+00	8.24e-102
 5.17047e+13	1.43e-29	2.24e-21	3.60e-14	9.62e-08	6.57e-01	3.43e-01	2.35e-04	0.00e+00	0.00e+00	0.00e+00	0.00e+00	0.00e+00	2.70e-86
 5.33142e+13	1.84e-29	2.74e-21	4.21e-14	1.06e-07	6.73e-01	3.27e-01	2.09e-04	0.00e+00	0.00e+00	0.00e+00	0.00e+00	0.00e+00	4.49e-101
 5.50453e+13	2.40e-29	3.39e-21	4.94e-14	1.17e-07	6.88e-01	3.11e-01	1.85e-04	0.00e+00	0.00e+00	0.00e+00	0.00e+00	0.00e+00	9.48e-86
 5.71592e+13	3.26e-29	4.33e-21	5.95e-14	1.30e-07	7.07e-01	2.93e-01	1.60e-04	0.00e+00	0.00e+00	0.00e+00	0.00e+00	0.00e+00	2.59e-100
 5.92854e+13	4.38e-29	5.49e-21	7.12e-14	1.45e-07	7.24e-01	2.76e-01	1.39e-04	0.00e+00	0.00e+00	0.00e+00	0.00e+00	0.00e+00	4.14e-85
 6.11825e+13	5.66e-29	6.72e-21	8.30e-14	1.59e-07	7.38e-01	2.62e-01	1.22e-04	0.00e+00	0.00e+00	0.00e+00	0.00e+00	0.00e+00	1.42e-99
 6.32672e+13	7.41e-29	8.33e-21	9.74e-14	1.75e-07	7.52e-01	2.48e-01	1.07e-04	0.00e+00	0.00e+00	0.00e+00	0.00e+00	0.00e+00	1.52e-84
 6.57494e+13	1.01e-28	1.06e-20	1.17e-13	1.95e-07	7.68e-01	2.32e-01	9.21e-05	0.00e+00	0.00e+00	0.00e+00	0.00e+00	0.00e+00	8.60e-99
 6.82295e+13	1.35e-28	1.34e-20	1.39e-13	2.16e-07	7.83e-01	2.17e-01	7.95e-05	0.00e+00	0.00e+00	0.00e+00	0.00e+00	0.00e+00	6.78e-84
 7.05356e+13	1.75e-28	1.65e-20	1.63e-13	2.37e-07	7.95e-01	2.05e-01	6.95e-05	0.00e+00	0.00e+00	0.00e+00	0.00e+00	0.00e+00	4.94e-98
 7.31138e+13	2.33e-28	2.06e-20	1.92e-13	2.60e-07	8.08e-01	1.92e-01	6.03e-05	0.00e+00	0.00e+00	0.00e+00	0.00e+00	0.00e+00	2.70e-83
 7.60682e+13	3.17e-28	2.63e-20	2.30e-13	2.89e-07	8.21e-01	1.79e-01	5.13e-05	0.00e+00	0.00e+00	0.00e+00	0.00e+00	0.00e+00	3.26e-97
 7.89966e+13	4.26e-28	3.32e-20	2.73e-13	3.19e-07	8.33e-01	1.67e-01	4.41e-05	0.00e+00	0.00e+00	0.00e+00	0.00e+00	0.00e+00	1.25e-82
 8.20421e+13	5.71e-28	4.19e-20	3.24e-13	3.51e-07	8.45e-01	1.55e-01	3.78e-05	0.00e+00	0.00e+00	0.00e+00	0.00e+00	0.00e+00	2.15e-96
 8.53537e+13	7.75e-28	5.32e-20	3.86e-13	3.88e-07	8.56e-01	1.44e-01	3.22e-05	0.00e+00	0.00e+00	0.00e+00	0.00e+00	0.00e+00	5.88e-82
 8.87978e+13	1.06e-27	6.78e-20	4.59e-13	4.28e-07	8.66e-01	1.34e-01	2.75e-05	0.00e+00	0.00e+00	0.00e+00	0.00e+00	0.00e+00	1.56e-95
 9.20700e+13	1.40e-27	8.43e-20	5.39e-13	4.68e-07	8.75e-01	1.25e-01	2.37e-05	0.00e+00	0.00e+00	0.00e+00	0.00e+00	0.00e+00	2.73e-81
 9.50188e+13	1.78e-27	1.02e-19	6.18e-13	5.05e-07	8.82e-01	1.18e-01	2.08e-05	0.00e+00	0.00e+00	0.00e+00	0.00e+00	0.00e+00	8.44e-95
 9.77696e+13	2.22e-27	1.21e-19	6.99e-13	5.41e-07	8.88e-01	1.12e-01	1.86e-05	0.00e+00	0.00e+00	0.00e+00	0.00e+00	0.00e+00	9.17e-81
 1.00802e+14	2.81e-27	1.45e-19	7.98e-13	5.82e-07	8.95e-01	1.05e-01	1.64e-05	0.00e+00	0.00e+00	0.00e+00	0.00e+00	0.00e+00	3.71e-94
 1.04216e+14	3.63e-27	1.78e-19	9.20e-13	6.30e-07	9.01e-01	9.87e-02	1.43e-05	0.00e+00	0.00e+00	0.00e+00	0.00e+00	0.00e+00	3.39e-80
 1.07480e+14	4.60e-27	2.13e-19	1.05e-12	6.77e-07	9.07e-01	9.30e-02	1.26e-05	0.00e+00	0.00e+00	0.00e+00	0.00e+00	0.00e+00	1.86e-93
 1.11078e+14	5.93e-27	2.60e-19	1.21e-12	7.31e-07	9.13e-01	8.73e-02	1.11e-05	0.00e+00	0.00e+00	0.00e+00	0.00e+00	0.00e+00	1.25e-79
 1.15085e+14	7.80e-27	3.21e-19	1.40e-12	7.93e-07	9.19e-01	8.15e-02	9.57e-06	0.00e+00	0.00e+00	0.00e+00	0.00e+00	0.00e+00	1.04e-92
 1.18774e+14	9.96e-27	3.87e-19	1.60e-12	8.52e-07	9.23e-01	7.66e-02	8.42e-06	0.00e+00	0.00e+00	0.00e+00	0.00e+00	0.00e+00	4.96e-79
 1.22192e+14	1.24e-26	4.59e-19	1.81e-12	9.09e-07	9.28e-01	7.25e-02	7.51e-06	0.00e+00	0.00e+00	0.00e+00	0.00e+00	0.00e+00	4.71e-92
 1.26109e+14	1.58e-26	5.54e-19	2.06e-12	9.75e-07	9.32e-01	6.82e-02	6.61e-06	0.00e+00	0.00e+00	0.00e+00	0.00e+00	0.00e+00	1.73e-78
 1.30904e+14	2.12e-26	6.93e-19	2.41e-12	1.06e-06	9.37e-01	6.34e-02	5.69e-06	0.00e+00	0.00e+00	0.00e+00	0.00e+00	0.00e+00	2.71e-91
 1.35691e+14	2.79e-26	8.57e-19	2.80e-12	1.15e-06	9.41e-01	5.90e-02	4.92e-06	0.00e+00	0.00e+00	0.00e+00	0.00e+00	0.00e+00	7.96e-78
 1.39859e+14	3.54e-26	1.03e-18	3.17e-12	1.23e-06	9.44e-01	5.57e-02	4.36e-06	0.00e+00	0.00e+00	0.00e+00	0.00e+00	0.00e+00	1.45e-90
 1.44372e+14	4.53e-26	1.24e-18	3.61e-12	1.31e-06	9.48e-01	5.23e-02	3.84e-06	0.00e+00	0.00e+00	0.00e+00	0.00e+00	0.00e+00	2.96e-77
 1.49876e+14	6.09e-26	1.55e-18	4.21e-12	1.42e-06	9.51e-01	4.87e-02	3.31e-06	0.00e+00	0.00e+00	0.00e+00	0.00e+00	0.00e+00	8.50e-90
 1.55481e+14	8.09e-26	1.93e-18	4.90e-12	1.54e-06	9.55e-01	4.53e-02	2.85e-06	0.00e+00	0.00e+00	0.00e+00	0.00e+00	0.00e+00	1.42e-76
 1.60557e+14	1.04e-25	2.34e-18	5.58e-12	1.65e-06	9.57e-01	4.25e-02	2.51e-06	0.00e+00	0.00e+00	0.00e+00	0.00e+00	0.00e+00	2.84e-76
 1.66131e+14	1.36e-25	2.87e-18	6.41e-12	1.77e-06	9.60e-01	3.98e-02	2.19e-06	0.00e+00	0.00e+00	0.00e+00	0.00e+00	0.00e+00	5.93e-76
 1.72681e+14	1.85e-25	3.62e-18	7.51e-12	1.92e-06	9.63e-01	3.69e-02	1.88e-06	0.00e+00	0.00e+00	0.00e+00	0.00e+00	0.00e+00	1.37e-75
 1.79206e+14	2.48e-25	4.51e-18	8.73e-12	2.07e-06	9.66e-01	3.43e-02	1.62e-06	0.00e+00	0.00e+00	0.00e+00	0.00e+00	0.00e+00	3.02e-75
 1.85360e+14	3.24e-25	5.52e-18	1.00e-11	2.22e-06	9.68e-01	3.22e-02	1.42e-06	0.00e+00	0.00e+00	0.00e+00	0.00e+00	0.00e+00	6.31e-75
 1.92171e+14	4.32e-25	6.86e-18	1.16e-11	2.39e-06	9.70e-01	3.00e-02	1.23e-06	0.00e+00	0.00e+00	0.00e+00	0.00e+00	0.00e+00	1.39e-74
 1.99888e+14	5.88e-25	8.66e-18	1.36e-11	2.59e-06	9.72e-01	2.78e-02	1.05e-06	0.00e+00	0.00e+00	0.00e+00	0.00e+00	0.00e+00	3.24e-74
 2.07620e+14	7.99e-25	1.09e-17	1.58e-11	2.80e-06	9.74e-01	2.58e-02	9.09e-07	0.00e+00	0.00e+00	0.00e+00	0.00e+00	0.00e+00	7.52e-74
 2.15662e+14	1.08e-24	1.36e-17	1.84e-11	3.03e-06	9.76e-01	2.40e-02	0.00e+00	0.00e+00	0.00e+00	0.00e+00	0.00e+00	0.00e+00	1.69e-73
 2.24319e+14	1.47e-24	1.73e-17	2.15e-11	3.28e-06	9.78e-01	2.22e-02	0.00e+00	0.00e+00	0.00e+00	0.00e+00	0.00e+00	0.00e+00	4.03e-73
 2.33321e+14	2.02e-24	2.19e-17	2.52e-11	3.55e-06	9.79e-01	2.06e-02	0.00e+00	0.00e+00	0.00e+00	0.00e+00	0.00e+00	0.00e+00	9.60e-73
 2.42006e+14	2.69e-24	2.72e-17	2.92e-11	3.82e-06	9.81e-01	1.92e-02	0.00e+00	0.00e+00	0.00e+00	0.00e+00	0.00e+00	0.00e+00	2.13e-72
 2.50142e+14	3.49e-24	3.31e-17	3.33e-11	4.08e-06	9.82e-01	1.79e-02	0.00e+00	0.00e+00	0.00e+00	0.00e+00	0.00e+00	0.00e+00	4.34e-72
 2.57808e+14	4.45e-24	3.97e-17	3.76e-11	4.34e-06	9.83e-01	1.69e-02	0.00e+00	0.00e+00	0.00e+00	0.00e+00	0.00e+00	0.00e+00	8.42e-72
 2.66146e+14	5.73e-24	4.80e-17	4.27e-11	4.62e-06	9.84e-01	1.59e-02	0.00e+00	0.00e+00	0.00e+00	0.00e+00	1.55e-17	3.25e-17	1.70e-71
 2.75452e+14	7.53e-24	5.90e-17	4.89e-11	4.95e-06	9.85e-01	1.49e-02	0.00e+00	0.00e+00	0.00e+00	0.00e+00	1.96e-17	3.94e-17	3.60e-71
 2.84238e+14	9.63e-24	7.09e-17	5.55e-11	5.28e-06	9.86e-01	1.40e-02	0.00e+00	0.00e+00	0.00e+00	0.00e+00	2.35e-17	4.74e-17	7.06e-71
 2.93881e+14	1.26e-23	8.65e-17	6.34e-11	5.64e-06	9.87e-01	1.31e-02	0.00e+00	0.00e+00	0.00e+00	0.00e+00	2.87e-17	5.78e-17	1.47e-70
 3.04710e+14	1.67e-23	1.08e-16	7.32e-11	6.06e-06	9.88e-01	1.22e-02	0.00e+00	0.00e+00	0.00e+00	0.00e+00	3.57e-17	7.18e-17	3.25e-70
 3.15027e+14	2.17e-23	1.31e-16	8.37e-11	6.48e-06	9.89e-01	1.14e-02	0.00e+00	0.00e+00	0.00e+00	0.00e+00	4.35e-17	8.75e-17	6.68e-70
 3.26379e+14	2.87e-23	1.61e-16	9.64e-11	6.96e-06	9.89e-01	1.06e-02	0.00e+00	0.00e+00	0.00e+00	0.00e+00	5.35e-17	1.08e-16	1.42e-69
 3.39113e+14	3.89e-23	2.03e-16	1.12e-10	7.52e-06	9.90e-01	9.87e-03	0.00e+00	0.00e+00	0.00e+00	0.00e+00	6.74e-17	1.36e-16	3.31e-69
 3.51330e+14	5.11e-23	2.49e-16	1.30e-10	8.08e-06	9.91e-01	9.19e-03	0.00e+00	0.00e+00	0.00e+00	0.00e+00	8.28e-17	1.67e-16	6.97e-69
 3.64386e+14	6.84e-23	3.11e-16	1.50e-10	8.69e-06	9.91e-01	8.56e-03	0.00e+00	0.00e+00	0.00e+00	0.00e+00	1.03e-16	2.08e-16	1.57e-68
 3.78991e+14	9.27e-23	3.91e-16	1.76e-10	9.41e-06	9.92e-01	7.90e-03	0.00e+00	0.00e+00	0.00e+00	0.00e+00	1.30e-16	2.61e-16	3.58e-68
 3.92487e+14	1.22e-22	4.82e-16	2.02e-10	1.01e-05	9.93e-01	7.38e-03	0.00e+00	0.00e+00	0.00e+00	0.00e+00	1.60e-16	3.22e-16	7.72e-68
 4.04168e+14	1.53e-22	5.72e-16	2.28e-10	1.07e-05	9.93e-01	6.95e-03	0.00e+00	0.00e+00	0.00e+00	0.00e+00	1.90e-16	3.82e-16	1.43e-67
 4.17119e+14	1.97e-22	6.92e-16	2.58e-10	1.14e-05	9.93e-01	6.53e-03	0.00e+00	0.00e+00	0.00e+00	0.00e+00	2.30e-16	4.62e-16	2.87e-67
 4.32944e+14	2.62e-22	8.59e-16	3.00e-10	1.23e-05	9.94e-01	6.06e-03	0.00e+00	0.00e+00	0.00e+00	0.00e+00	2.85e-16	5.74e-16	6.26e-67
 4.48967e+14	3.49e-22	1.07e-15	3.47e-10	1.32e-05	9.94e-01	5.64e-03	0.00e+00	0.00e+00	0.00e+00	0.00e+00	3.54e-16	7.13e-16	1.38e-66
 4.63372e+14	4.45e-22	1.28e-15	3.94e-10	1.41e-05	9.95e-01	5.29e-03	0.00e+00	0.00e+00	0.00e+00	0.00e+00	4.25e-16	8.57e-16	2.67e-66
 4.79209e+14	5.77e-22	1.56e-15	4.52e-10	1.51e-05	9.95e-01	4.94e-03	0.00e+00	0.00e+00	0.00e+00	0.00e+00	5.18e-16	1.04e-15	5.46e-66
 4.97938e+14	7.77e-22	1.96e-15	5.28e-10	1.64e-05	9.95e-01	4.57e-03	0.00e+00	0.00e+00	0.00e+00	0.00e+00	6.50e-16	1.31e-15	1.24e-65
 5.16332e+14	1.03e-21	2.43e-15	6.10e-10	1.76e-05	9.96e-01	4.25e-03	0.00e+00	0.00e+00	0.00e+00	0.00e+00	8.07e-16	1.63e-15	2.72e-65
 5.33145e+14	1.31e-21	2.92e-15	6.95e-10	1.88e-05	9.96e-01	3.98e-03	0.00e+00	0.00e+00	0.00e+00	0.00e+00	9.69e-16	1.95e-15	5.22e-65
 5.51999e+14	1.72e-21	3.58e-15	7.99e-10	2.02e-05	9.96e-01	3.72e-03	0.00e+00	0.00e+00	0.00e+00	0.00e+00	1.19e-15	2.39e-15	1.10e-64
 5.73923e+14	2.32e-21	4.51e-15	9.34e-10	2.18e-05	9.97e-01	3.43e-03	0.00e+00	0.00e+00	0.00e+00	0.00e+00	1.50e-15	3.02e-15	2.54e-64
 5.95451e+14	3.06e-21	5.56e-15	1.08e-09	2.36e-05	9.97e-01	3.18e-03	0.00e+00	0.00e+00	0.00e+00	0.00e+00	1.84e-15	3.72e-15	5.37e-64
 6.15718e+14	3.97e-21	6.79e-15	1.24e-09	2.52e-05	9.97e-01	2.98e-03	0.00e+00	0.00e+00	0.00e+00	0.00e+00	2.25e-15	4.54e-15	1.11e-63
 6.38254e+14	5.16e-21	8.31e-15	1.43e-09	2.72e-05	9.97e-01	2.76e-03	0.00e+00	0.00e+00	0.00e+00	0.00e+00	2.75e-15	5.55e-15	2.28e-63
 6.63815e+14	6.98e-21	1.04e-14	1.68e-09	2.94e-05	9.97e-01	2.55e-03	0.00e+00	0.00e+00	0.00e+00	0.00e+00	3.46e-15	6.98e-15	5.23e-63
 6.89379e+14	9.32e-21	1.30e-14	1.95e-09	3.17e-05	9.98e-01	2.37e-03	0.00e+00	0.00e+00	0.00e+00	0.00e+00	4.32e-15	8.72e-15	1.17e-62
 7.13358e+14	1.20e-20	1.59e-14	2.24e-09	3.40e-05	9.98e-01	2.21e-03	0.00e+00	0.00e+00	0.00e+00	0.00e+00	5.26e-15	1.06e-14	2.37e-62
 7.39314e+14	1.56e-20	1.94e-14	2.59e-09	3.66e-05	9.98e-01	2.05e-03	0.00e+00	0.00e+00	0.00e+00	0.00e+00	6.41e-15	1.29e-14	4.83e-62
 7.68229e+14	2.10e-20	2.43e-14	3.01e-09	3.95e-05	9.98e-01	1.90e-03	0.00e+00	0.00e+00	0.00e+00	0.00e+00	8.04e-15	1.62e-14	1.10e-61
 7.95248e+14	2.68e-20	2.93e-14	3.46e-09	4.25e-05	9.98e-01	1.77e-03	0.00e+00	0.00e+00	0.00e+00	0.00e+00	9.71e-15	1.96e-14	2.16e-61
 8.20226e+14	3.41e-20	3.52e-14	3.92e-09	4.52e-05	9.98e-01	1.66e-03	0.00e+00	0.00e+00	0.00e+00	0.00e+00	1.17e-14	2.36e-14	4.21e-61
 8.44209e+14	4.18e-20	4.13e-14	4.40e-09	4.80e-05	9.98e-01	1.56e-03	0.00e+00	0.00e+00	0.00e+00	0.00e+00	1.37e-14	2.76e-14	7.39e-61
 8.70935e+14	5.30e-20	4.95e-14	4.99e-09	5.11e-05	9.98e-01	1.47e-03	0.00e+00	0.00e+00	0.00e+00	0.00e+00	1.64e-14	3.31e-14	1.44e-60
 9.00565e+14	6.73e-20	5.95e-14	5.70e-09	5.47e-05	9.99e-01	1.37e-03	0.00e+00	0.00e+00	0.00e+00	0.00e+00	1.97e-14	3.98e-14	2.76e-60
 9.28061e+14	8.40e-20	7.05e-14	6.43e-09	5.81e-05	9.99e-01	1.29e-03	0.00e+00	0.00e+00	0.00e+00	0.00e+00	2.33e-14	4.72e-14	5.11e-60
 9.57896e+14	1.07e-19	8.48e-14	7.30e-09	6.20e-05	9.99e-01	1.21e-03	0.00e+00	0.00e+00	0.00e+00	0.00e+00	2.81e-14	5.68e-14	9.95e-60
 9.91585e+14	1.36e-19	1.02e-13	8.38e-09	6.65e-05	9.99e-01	1.12e-03	0.00e+00	0.00e+00	0.00e+00	0.00e+00	3.38e-14	6.85e-14	1.95e-59
 1.02382e+15	1.73e-19	1.23e-13	9.52e-09	7.09e-05	9.99e-01	1.05e-03	0.00e+00	0.00e+00	0.00e+00	0.00e+00	4.08e-14	8.26e-14	3.84e-59
 1.05926e+15	2.19e-19	1.48e-13	1.09e-08	7.61e-05	9.99e-01	9.81e-04	0.00e+00	0.00e+00	0.00e+00	0.00e+00	4.90e-14	9.91e-14	7.38e-59
 1.09820e+15	2.89e-19	1.83e-13	1.26e-08	8.18e-05	9.99e-01	9.12e-04	0.00e+00	0.00e+00	0.00e+00	0.00e+00	6.05e-14	1.23e-13	1.59e-58
 1.13403e+15	3.61e-19	2.18e-13	1.43e-08	8.74e-05	9.99e-01	8.53e-04	0.00e+00	0.00e+00	0.00e+00	0.00e+00	7.19e-14	1.46e-13	2.95e-58
 1.17295e+15	4.64e-19	2.64e-13	1.64e-08	9.35e-05	9.99e-01	7.96e-04	0.00e+00	0.00e+00	0.00e+00	0.00e+00	8.73e-14	1.77e-13	5.98e-58
 1.21648e+15	5.99e-19	3.22e-13	1.90e-08	1.01e-04	9.99e-01	7.38e-04	0.00e+00	0.00e+00	0.00e+00	0.00e+00	1.06e-13	2.16e-13	1.21e-57
 1.25730e+15	7.60e-19	3.88e-13	2.17e-08	1.08e-04	9.99e-01	6.89e-04	0.00e+00	0.00e+00	0.00e+00	0.00e+00	1.28e-13	2.60e-13	2.36e-57
 1.30162e+15	9.77e-19	4.72e-13	2.49e-08	1.16e-04	9.99e-01	6.42e-04	0.00e+00	0.00e+00	0.00e+00	0.00e+00	1.56e-13	3.16e-13	4.81e-57
 1.35107e+15	1.26e-18	5.76e-13	2.89e-08	1.25e-04	9.99e-01	5.94e-04	0.00e+00	0.00e+00	0.00e+00	0.00e+00	1.90e-13	3.86e-13	9.77e-57
 1.39731e+15	1.62e-18	7.00e-13	3.31e-08	1.34e-04	9.99e-01	5.54e-04	0.00e+00	0.00e+00	0.00e+00	0.00e+00	2.31e-13	4.69e-13	1.98e-56
 1.44756e+15	2.07e-18	8.46e-13	3.82e-08	1.44e-04	9.99e-01	5.14e-04	0.00e+00	0.00e+00	0.00e+00	0.00e+00	2.79e-13	5.67e-13	3.88e-56
 1.50365e+15	2.71e-18	1.05e-12	4.44e-08	1.56e-04	9.99e-01	4.75e-04	0.00e+00	0.00e+00	0.00e+00	0.00e+00	3.45e-13	7.03e-13	8.41e-56
 1.55678e+15	3.44e-18	1.26e-12	5.11e-08	1.67e-04	9.99e-01	4.41e-04	0.00e+00	0.00e+00	0.00e+00	0.00e+00	4.16e-13	8.46e-13	1.63e-55
 1.61387e+15	4.44e-18	1.54e-12	5.91e-08	1.80e-04	9.99e-01	4.10e-04	0.00e+00	0.00e+00	0.00e+00	0.00e+00	5.08e-13	1.04e-12	3.36e-55
 1.67846e+15	5.77e-18	1.90e-12	6.92e-08	1.96e-04	9.99e-01	3.77e-04	0.00e+00	0.00e+00	0.00e+00	0.00e+00	6.25e-13	1.27e-12	7.00e-55
 1.74165e+15	7.49e-18	2.34e-12	8.03e-08	2.11e-04	9.99e-01	3.48e-04	0.00e+00	0.00e+00	0.00e+00	0.00e+00	7.69e-13	1.57e-12	1.48e-54
 1.80736e+15	9.56e-18	2.83e-12	9.33e-08	2.28e-04	9.99e-01	3.22e-04	0.00e+00	0.00e+00	0.00e+00	0.00e+00	9.32e-13	1.90e-12	2.93e-54
 1.87969e+15	1.26e-17	3.53e-12	1.09e-07	2.48e-04	9.99e-01	2.96e-04	0.00e+00	0.00e+00	0.00e+00	0.00e+00	1.16e-12	2.37e-12	6.42e-54
 1.95104e+15	1.61e-17	4.28e-12	1.27e-07	2.69e-04	9.99e-01	2.73e-04	0.00e+00	0.00e+00	0.00e+00	0.00e+00	1.41e-12	2.87e-12	1.27e-53
 2.00973e+15	1.96e-17	5.02e-12	1.43e-07	2.86e-04	9.99e-01	2.56e-04	0.00e+00	0.00e+00	0.00e+00	0.00e+00	1.65e-12	3.37e-12	2.26e-53
 2.05644e+15	2.29e-17	5.67e-12	1.57e-07	3.00e-04	9.99e-01	2.43e-04	0.00e+00	0.00e+00	0.00e+00	0.00e+00	1.86e-12	3.81e-12	3.49e-53
 2.10816e+15	2.70e-17	6.50e-12	1.74e-07	3.17e-04	9.99e-01	2.31e-04	0.00e+00	0.00e+00	0.00e+00	0.00e+00	2.13e-12	4.36e-12	5.68e-53
 2.17540e+15	3.33e-17	7.66e-12	1.97e-07	3.39e-04	9.99e-01	2.15e-04	0.00e+00	0.00e+00	0.00e+00	0.00e+00	2.52e-12	5.14e-12	1.02e-52
 2.24763e+15	4.13e-17	9.11e-12	2.25e-07	3.64e-04	9.99e-01	2.00e-04	0.00e+00	0.00e+00	0.00e+00	0.00e+00	2.99e-12	6.12e-12	1.90e-52
 2.31196e+15	4.96e-17	1.06e-11	2.53e-07	3.87e-04	9.99e-01	1.88e-04	0.00e+00	4.14e-18	1.24e-17	2.08e-17	3.48e-12	7.12e-12	3.26e-52
 2.38120e+15	6.00e-17	1.23e-11	2.85e-07	4.13e-04	9.99e-01	1.76e-04	0.00e+00	5.01e-18	1.51e-17	2.51e-17	4.05e-12	8.29e-12	5.62e-52
 2.46875e+15	7.60e-17	1.50e-11	3.30e-07	4.47e-04	9.99e-01	1.63e-04	0.00e+00	6.36e-18	1.91e-17	3.19e-17	4.91e-12	1.01e-11	1.12e-51
 2.55751e+15	9.55e-17	1.80e-11	3.81e-07	4.83e-04	9.99e-01	1.50e-04	0.00e+00	8.00e-18	2.40e-17	4.01e-17	5.91e-12	1.21e-11	2.18e-51
 2.63299e+15	1.15e-16	2.10e-11	4.29e-07	5.15e-04	9.99e-01	1.41e-04	0.00e+00	9.65e-18	2.90e-17	4.84e-17	6.89e-12	1.41e-11	3.79e-51
 2.71382e+15	1.39e-16	2.46e-11	4.85e-07	5.50e-04	9.99e-01	1.32e-04	0.00e+00	1.17e-17	3.50e-17	5.84e-17	8.06e-12	1.65e-11	6.69e-51
 2.81471e+15	1.77e-16	2.98e-11	5.63e-07	5.98e-04	9.99e-01	1.21e-04	0.00e+00	1.48e-17	4.45e-17	7.43e-17	9.77e-12	2.00e-11	1.34e-50
 2.91800e+15	2.21e-16	3.59e-11	6.52e-07	6.48e-04	9.99e-01	1.12e-04	0.00e+00	1.86e-17	5.58e-17	9.33e-17	1.18e-11	2.42e-11	2.66e-50
 3.00869e+15	2.69e-16	4.21e-11	7.38e-07	6.94e-04	9.99e-01	1.04e-04	0.00e+00	2.26e-17	6.79e-17	1.13e-16	1.38e-11	2.83e-11	4.75e-50
 3.10667e+15	3.26e-16	4.96e-11	8.40e-07	7.45e-04	9.99e-01	9.70e-05	0.00e+00	2.74e-17	8.23e-17	1.37e-16	1.63e-11	3.33e-11	8.65e-50
 3.22531e+15	4.17e-16	6.05e-11	9.79e-07	8.12e-04	9.99e-01	8.90e-05	0.00e+00	3.51e-17	1.05e-16	1.76e-16	1.99e-11	4.07e-11	1.80e-49
 3.34314e+15	5.18e-16	7.28e-11	1.13e-06	8.80e-04	9.99e-01	8.19e-05	0.00e+00	4.37e-17	1.31e-16	2.19e-16	2.39e-11	4.89e-11	3.57e-49
 3.44764e+15	6.30e-16	8.55e-11	1.28e-06	9.43e-04	9.99e-01	7.64e-05	0.00e+00	5.32e-17	1.60e-16	2.67e-16	2.81e-11	5.75e-11	6.50e-49
 3.56247e+15	7.71e-16	1.01e-10	1.46e-06	1.02e-03	9.99e-01	7.08e-05	0.00e+00	6.52e-17	1.96e-16	3.27e-16	3.32e-11	6.80e-11	1.22e-48
 3.69994e+15	9.73e-16	1.23e-10	1.70e-06	1.11e-03	9.99e-01	6.49e-05	0.00e+00	8.24e-17	2.47e-16	4.13e-16	4.04e-11	8.27e-11	2.55e-48
 3.83697e+15	1.22e-15	1.49e-10	1.97e-06	1.20e-03	9.99e-01	5.97e-05	0.00e+00	1.03e-16	3.10e-16	5.18e-16	4.88e-11	9.99e-11	5.20e-48
 3.96215e+15	1.48e-15	1.75e-10	2.25e-06	1.29e-03	9.99e-01	5.56e-05	0.00e+00	1.25e-16	3.76e-16	6.28e-16	5.74e-11	1.18e-10	9.59e-48
 4.10179e+15	1.86e-15	2.11e-10	2.58e-06	1.40e-03	9.99e-01	5.13e-05	0.00e+00	1.58e-16	4.73e-16	7.91e-16	6.92e-11	1.42e-10	1.96e-47
 4.26435e+15	2.35e-15	2.58e-10	3.02e-06	1.52e-03	9.98e-01	4.69e-05	0.00e+00	2.00e-16	6.01e-16	1.00e-15	8.48e-11	1.73e-10	4.28e-47
 4.42435e+15	2.97e-15	3.13e-10	3.50e-06	1.66e-03	9.98e-01	4.31e-05	0.00e+00	2.53e-16	7.60e-16	1.27e-15	1.03e-10	2.10e-10	9.12e-47
 4.57627e+15	3.66e-15	3.73e-10	4.01e-06	1.79e-03	9.98e-01	3.99e-05	0.00e+00	3.12e-16	9.36e-16	1.56e-15	1.23e-10	2.51e-10	1.81e-46
 4.70903e+15	4.36e-15	4.34e-10	4.49e-06	1.91e-03	9.98e-01	3.74e-05	0.00e+00	3.72e-16	1.12e-15	1.87e-15	1.43e-10	2.92e-10	3.26e-46
 4.81929e+15	5.05e-15	4.91e-10	4.93e-06	2.01e-03	9.98e-01	3.54e-05	0.00e+00	4.32e-16	1.30e-15	2.17e-15	1.61e-10	3.30e-10	5.30e-46
 4.94128e+15	5.91e-15	5.60e-10	5.45e-06	2.13e-03	9.98e-01	3.35e-05	0.00e+00	5.05e-16	1.52e-15	2.53e-15	1.84e-10	3.76e-10	8.92e-46
 5.09988e+15	7.13e-15	6.60e-10	6.18e-06	2.29e-03	9.98e-01	3.11e-05	0.00e+00	6.11e-16	1.83e-15	3.06e-15	2.17e-10	4.43e-10	1.71e-45
 5.26587e+15	8.62e-15	7.77e-10	7.03e-06	2.45e-03	9.98e-01	2.90e-05	0.00e+00	7.39e-16	2.22e-15	3.70e-15	2.56e-10	5.22e-10	3.24e-45
 5.40830e+15	1.02e-14	8.97e-10	7.82e-06	2.61e-03	9.97e-01	2.72e-05	0.00e+00	8.74e-16	2.62e-15	4.38e-15	2.95e-10	6.02e-10	5.72e-45
 5.56030e+15	1.21e-14	1.04e-09	8.73e-06	2.78e-03	9.97e-01	2.56e-05	0.00e+00	1.04e-15	3.12e-15	5.20e-15	3.42e-10	6.97e-10	1.03e-44
 5.75790e+15	1.53e-14	1.27e-09	1.00e-05	3.01e-03	9.97e-01	2.36e-05	0.00e+00	1.32e-15	3.96e-15	6.61e-15	4.16e-10	8.49e-10	2.26e-44
 5.96082e+15	1.90e-14	1.52e-09	1.15e-05	3.25e-03	9.97e-01	2.19e-05	0.00e+00	1.63e-15	4.90e-15	8.19e-15	5.02e-10	1.02e-09	4.66e-44
 6.13030e+15	2.23e-14	1.76e-09	1.29e-05	3.46e-03	9.97e-01	2.05e-05	0.00e+00	1.92e-15	5.77e-15	9.64e-15	5.79e-10	1.18e-09	8.17e-44
 6.31030e+15	2.67e-14	2.05e-09	1.45e-05	3.69e-03	9.96e-01	1.92e-05	0.00e+00	2.30e-15	6.91e-15	1.15e-14	6.76e-10	1.38e-09	1.51e-43
 6.54029e+15	3.42e-14	2.53e-09	1.67e-05	4.00e-03	9.96e-01	1.77e-05	0.00e+00	2.96e-15	8.87e-15	1.48e-14	8.33e-10	1.70e-09	3.44e-43
 6.78108e+15	4.28e-14	3.08e-09	1.93e-05	4.34e-03	9.96e-01	1.64e-05	0.00e+00	3.70e-15	1.11e-14	1.85e-14	1.01e-09	2.06e-09	7.51e-43
 6.99399e+15	5.15e-14	3.64e-09	2.18e-05	4.64e-03	9.95e-01	1.53e-05	0.00e+00	4.47e-15	1.34e-14	2.24e-14	1.20e-09	2.44e-09	1.43e-42
 7.22487e+15	6.23e-14	4.30e-09	2.49e-05	4.99e-03	9.95e-01	1.43e-05	0.00e+00	5.41e-15	1.62e-14	2.71e-14	1.42e-09	2.88e-09	2.75e-42
 7.50249e+15	7.99e-14	5.35e-09	2.89e-05	5.44e-03	9.95e-01	1.31e-05	0.00e+00	6.95e-15	2.08e-14	3.48e-14	1.76e-09	3.58e-09	6.19e-42
 7.77843e+15	9.93e-14	6.46e-09	3.34e-05	5.88e-03	9.94e-01	1.22e-05	0.00e+00	8.63e-15	2.59e-14	4.32e-14	2.13e-09	4.33e-09	1.25e-41
 8.02658e+15	1.21e-13	7.70e-09	3.79e-05	6.31e-03	9.94e-01	1.14e-05	0.00e+00	1.05e-14	3.16e-14	5.27e-14	2.54e-09	5.16e-09	2.45e-41
 8.30108e+15	1.50e-13	9.28e-09	4.34e-05	6.81e-03	9.93e-01	1.06e-05	0.00e+00	1.30e-14	3.91e-14	6.53e-14	3.06e-09	6.21e-09	5.03e-41
 8.62537e+15	1.96e-13	1.17e-08	5.07e-05	7.42e-03	9.93e-01	9.77e-06	0.00e+00	1.71e-14	5.14e-14	8.57e-14	3.87e-09	7.84e-09	1.23e-40
 8.94576e+15	2.45e-13	1.43e-08	5.87e-05	8.04e-03	9.92e-01	9.07e-06	0.00e+00	2.14e-14	6.43e-14	1.07e-13	4.73e-09	9.59e-09	2.61e-40
 9.24275e+15	3.02e-13	1.73e-08	6.69e-05	8.64e-03	9.91e-01	8.49e-06	0.00e+00	2.64e-14	7.93e-14	1.32e-13	5.70e-09	1.15e-08	5.24e-40
 9.57627e+15	3.74e-13	2.08e-08	7.72e-05	9.35e-03	9.91e-01	7.91e-06	0.00e+00	3.28e-14	9.84e-14	1.64e-13	6.88e-09	1.39e-08	1.05e-39
 9.95936e+15	4.92e-13	2.65e-08	9.05e-05	1.02e-02	9.90e-01	7.32e-06	0.00e+00	4.32e-14	1.30e-13	2.16e-13	8.77e-09	1.77e-08	2.61e-39
 1.03328e+16	6.28e-13	3.28e-08	1.05e-04	1.11e-02	9.89e-01	6.84e-06	0.00e+00	5.51e-14	1.65e-13	2.76e-13	1.09e-08	2.20e-08	5.55e-39
 1.06333e+16	7.53e-13	3.87e-08	1.18e-04	1.18e-02	9.88e-01	6.48e-06	0.00e+00	6.62e-14	1.99e-13	3.31e-13	1.28e-08	2.59e-08	9.91e-39
 1.08687e+16	8.67e-13	4.39e-08	1.29e-04	1.24e-02	9.87e-01	6.23e-06	0.00e+00	7.63e-14	2.29e-13	3.82e-13	1.45e-08	2.94e-08	1.56e-38
 1.11286e+16	1.01e-12	5.04e-08	1.42e-04	1.30e-02	9.87e-01	5.97e-06	0.00e+00	8.91e-14	2.67e-13	4.46e-13	1.67e-08	3.37e-08	2.55e-38
 1.14664e+16	1.22e-12	5.90e-08	1.61e-04	1.39e-02	9.86e-01	5.66e-06	0.00e+00	1.07e-13	3.21e-13	5.36e-13	1.95e-08	3.95e-08	4.46e-38
 1.18312e+16	1.52e-12	7.20e-08	1.83e-04	1.50e-02	9.85e-01	5.37e-06	0.00e+00	1.34e-13	4.01e-13	6.69e-13	2.38e-08	4.82e-08	9.16e-38
 1.21557e+16	1.82e-12	8.45e-08	2.05e-04	1.59e-02	9.84e-01	5.14e-06	0.00e+00	1.60e-13	4.81e-13	8.02e-13	2.80e-08	5.65e-08	1.57e-37
 1.25018e+16	2.18e-12	9.94e-08	2.30e-04	1.69e-02	9.83e-01	4.91e-06	0.00e+00	1.93e-13	5.78e-13	9.64e-13	3.29e-08	6.65e-08	2.76e-37
 1.29515e+16	2.80e-12	1.23e-07	2.66e-04	1.83e-02	9.81e-01	4.64e-06	0.00e+00	2.47e-13	7.42e-13	1.24e-12	4.08e-08	8.25e-08	5.85e-37
 1.34081e+16	3.46e-12	1.49e-07	3.08e-04	1.97e-02	9.80e-01	4.40e-06	0.00e+00	3.07e-13	9.20e-13	1.53e-12	4.92e-08	9.93e-08	1.07e-36
 1.37817e+16	4.16e-12	1.76e-07	3.45e-04	2.10e-02	9.79e-01	4.23e-06	0.00e+00	3.68e-13	1.11e-12	1.84e-12	5.82e-08	1.17e-07	1.88e-36
 1.41748e+16	5.12e-12	2.11e-07	3.89e-04	2.24e-02	9.77e-01	4.07e-06	0.00e+00	4.53e-13	1.36e-12	2.27e-12	6.99e-08	1.41e-07	3.52e-36
 1.46850e+16	6.59e-12	2.63e-07	4.53e-04	2.43e-02	9.75e-01	3.89e-06	0.00e+00	5.85e-13	1.76e-12	2.93e-12	8.71e-08	1.76e-07	7.42e-36
 1.52064e+16	8.34e-12	3.25e-07	5.26e-04	2.63e-02	9.73e-01	3.72e-06	0.00e+00	7.41e-13	2.22e-12	3.71e-12	1.08e-07	2.17e-07	1.45e-35
 1.56444e+16	1.02e-11	3.86e-07	5.94e-04	2.80e-02	9.71e-01	3.59e-06	0.00e+00	9.03e-13	2.71e-12	4.52e-12	1.28e-07	2.58e-07	2.54e-35
 1.61146e+16	1.26e-11	4.65e-07	6.77e-04	3.00e-02	9.69e-01	3.47e-06	0.00e+00	1.12e-12	3.36e-12	5.60e-12	1.54e-07	3.11e-07	4.57e-35
 1.66450e+16	1.57e-11	5.58e-07	7.80e-04	3.23e-02	9.67e-01	3.35e-06	0.00e+00	1.40e-12	4.20e-12	7.01e-12	1.85e-07	3.73e-07	8.04e-35
 1.71532e+16	1.97e-11	6.88e-07	8.92e-04	3.48e-02	9.64e-01	3.25e-06	0.00e+00	1.76e-12	5.27e-12	8.79e-12	2.28e-07	4.60e-07	1.57e-34
 1.76356e+16	2.42e-11	8.21e-07	1.01e-03	3.71e-02	9.62e-01	3.17e-06	0.00e+00	2.16e-12	6.47e-12	1.08e-11	2.73e-07	5.49e-07	2.69e-34
 1.81849e+16	3.02e-11	9.82e-07	1.16e-03	3.99e-02	9.59e-01	3.07e-06	0.00e+00	2.69e-12	8.07e-12	1.35e-11	3.26e-07	6.56e-07	4.56e-34
 1.87953e+16	3.89e-11	1.24e-06	1.36e-03	4.34e-02	9.55e-01	2.99e-06	0.00e+00	3.47e-12	1.04e-11	1.74e-11	4.12e-07	8.29e-07	9.44e-34
 1.93385e+16	4.81e-11	1.50e-06	1.55e-03	4.65e-02	9.52e-01	2.92e-06	0.00e+00	4.30e-12	1.29e-11	2.15e-11	4.96e-07	9.99e-07	1.62e-33
 1.98196e+16	5.82e-11	1.76e-06	1.74e-03	4.95e-02	9.49e-01	2.87e-06	0.00e+00	5.21e-12	1.56e-11	2.60e-11	5.85e-07	1.18e-06	2.65e-33
 2.03666e+16	7.26e-11	2.12e-06	1.99e-03	5.31e-02	9.45e-01	2.81e-06	0.00e+00	6.49e-12	1.95e-11	3.25e-11	7.05e-07	1.42e-06	4.61e-33
 2.09799e+16	9.18e-11	2.55e-06	2.30e-03	5.72e-02	9.40e-01	2.75e-06	0.00e+00	8.21e-12	2.46e-11	4.11e-11	8.47e-07	1.70e-06	7.60e-33
 2.15638e+16	1.15e-10	3.16e-06	2.65e-03	6.17e-02	9.36e-01	2.71e-06	0.00e+00	1.03e-11	3.09e-11	5.15e-11	1.05e-06	2.11e-06	1.43e-32
 2.20497e+16	1.38e-10	3.69e-06	2.97e-03	6.55e-02	9.32e-01	2.68e-06	0.00e+00	1.24e-11	3.71e-11	6.18e-11	1.23e-06	2.46e-06	2.21e-32
 2.25238e+16	1.66e-10	4.30e-06	3.33e-03	6.95e-02	9.27e-01	2.65e-06	0.00e+00	1.49e-11	4.48e-11	7.47e-11	1.43e-06	2.87e-06	3.38e-32
 2.31401e+16	2.10e-10	5.18e-06	3.85e-03	7.50e-02	9.21e-01	2.61e-06	0.00e+00	1.89e-11	5.66e-11	9.45e-11	1.72e-06	3.46e-06	5.61e-32
 2.37806e+16	2.73e-10	6.54e-06	4.49e-03	8.14e-02	9.14e-01	2.60e-06	0.00e+00	2.45e-11	7.36e-11	1.23e-10	2.17e-06	4.37e-06	1.10e-31
 2.42819e+16	3.26e-10	7.62e-06	5.05e-03	8.65e-02	9.08e-01	2.57e-06	0.00e+00	2.94e-11	8.81e-11	1.47e-10	2.53e-06	5.09e-06	1.62e-31
 2.47631e+16	3.94e-10	8.83e-06	5.68e-03	9.20e-02	9.02e-01	2.55e-06	0.00e+00	3.54e-11	1.06e-10	1.77e-10	2.93e-06	5.89e-06	2.41e-31
 2.53887e+16	5.12e-10	1.11e-05	6.64e-03	9.99e-02	8.93e-01	2.54e-06	0.00e+00	4.61e-11	1.38e-10	2.31e-10	3.71e-06	7.44e-06	4.72e-31
 2.60022e+16	6.44e-10	1.35e-05	7.71e-03	1.08e-01	8.84e-01	2.52e-06	0.00e+00	5.81e-11	1.74e-10	2.91e-10	4.50e-06	9.03e-06	7.74e-31
