#depth	N	N+	N+2	N+3	N+4	N+5	N+6	N+7
 1.49634e+10	0.00e+00	0.00e+00	5.86e-31	1.72e-20	5.83e-11	6.23e-01	3.77e-01	1.00e-04
 4.54887e+10	0.00e+00	6.60e-42	7.63e-31	2.08e-20	6.49e-11	6.41e-01	3.59e-01	8.83e-05
 7.72350e+10	0.00e+00	0.00e+00	9.94e-31	2.50e-20	7.22e-11	6.59e-01	3.41e-01	7.75e-05
 1.10251e+11	0.00e+00	1.31e-41	1.29e-30	3.00e-20	8.02e-11	6.77e-01	3.23e-01	6.79e-05
 1.44588e+11	0.00e+00	0.00e+00	1.68e-30	3.60e-20	8.90e-11	6.94e-01	3.06e-01	5.94e-05
 1.80298e+11	0.00e+00	2.58e-41	2.17e-30	4.32e-20	9.86e-11	7.11e-01	2.89e-01	5.19e-05
 2.17437e+11	0.00e+00	0.00e+00	2.82e-30	5.17e-20	1.09e-10	7.27e-01	2.73e-01	4.53e-05
 2.56061e+11	0.00e+00	5.05e-41	3.64e-30	6.18e-20	1.21e-10	7.43e-01	2.57e-01	3.95e-05
 2.92138e+11	0.00e+00	0.00e+00	4.59e-30	7.25e-20	1.32e-10	7.56e-01	2.44e-01	3.49e-05
 3.23984e+11	0.00e+00	8.82e-41	5.58e-30	8.30e-20	1.42e-10	7.67e-01	2.33e-01	3.13e-05
 3.59543e+11	0.00e+00	0.00e+00	6.90e-30	9.61e-20	1.54e-10	7.79e-01	2.21e-01	2.78e-05
 4.02198e+11	0.00e+00	1.60e-40	8.80e-30	1.14e-19	1.69e-10	7.92e-01	2.08e-01	2.43e-05
 4.44960e+11	0.00e+00	0.00e+00	1.11e-29	1.34e-19	1.85e-10	8.04e-01	1.96e-01	2.12e-05
 4.84228e+11	0.00e+00	2.86e-40	1.37e-29	1.54e-19	1.99e-10	8.14e-01	1.86e-01	1.89e-05
 5.28070e+11	0.00e+00	0.00e+00	1.72e-29	1.80e-19	2.17e-10	8.25e-01	1.75e-01	1.66e-05
 5.78871e+11	0.00e+00	5.33e-40	2.20e-29	2.13e-19	2.38e-10	8.36e-01	1.64e-01	1.43e-05
 6.28264e+11	0.00e+00	0.00e+00	2.77e-29	2.50e-19	2.59e-10	8.46e-01	1.54e-01	1.25e-05
 6.74896e+11	0.00e+00	9.56e-40	3.43e-29	2.89e-19	2.80e-10	8.55e-01	1.45e-01	1.10e-05
 7.27081e+11	0.00e+00	0.00e+00	4.31e-29	3.37e-19	3.04e-10	8.64e-01	1.36e-01	9.61e-06
 7.86091e+11	0.00e+00	1.79e-39	5.52e-29	3.99e-19	3.32e-10	8.73e-01	1.27e-01	8.28e-06
 8.45274e+11	0.00e+00	0.00e+00	7.00e-29	4.70e-19	3.62e-10	8.82e-01	1.18e-01	7.16e-06
 9.06825e+11	0.00e+00	3.36e-39	8.88e-29	5.52e-19	3.95e-10	8.90e-01	1.10e-01	6.18e-06
 9.73025e+11	0.00e+00	0.00e+00	1.14e-28	6.52e-19	4.31e-10	8.98e-01	1.02e-01	5.31e-06
 1.04187e+12	0.00e+00	6.43e-39	1.45e-28	7.71e-19	4.70e-10	9.05e-01	9.51e-02	4.56e-06
 1.11347e+12	0.00e+00	0.00e+00	1.86e-28	9.10e-19	5.13e-10	9.12e-01	8.83e-02	3.91e-06
 1.18794e+12	0.00e+00	1.23e-38	2.37e-28	1.07e-18	5.59e-10	9.18e-01	8.19e-02	3.35e-06
 1.26538e+12	0.00e+00	0.00e+00	3.03e-28	1.27e-18	6.09e-10	9.24e-01	7.59e-02	2.87e-06
 1.34593e+12	0.00e+00	2.35e-38	3.86e-28	1.49e-18	6.63e-10	9.30e-01	7.03e-02	2.45e-06
 1.42969e+12	0.00e+00	0.00e+00	4.93e-28	1.76e-18	7.22e-10	9.35e-01	6.51e-02	2.10e-06
 1.51680e+12	0.00e+00	4.48e-38	6.29e-28	2.08e-18	7.86e-10	9.40e-01	6.03e-02	1.79e-06
 1.60740e+12	0.00e+00	0.00e+00	8.03e-28	2.45e-18	8.56e-10	9.44e-01	5.58e-02	1.53e-06
 1.70163e+12	0.00e+00	8.54e-38	1.02e-27	2.88e-18	9.31e-10	9.49e-01	5.13e-02	1.30e-06
 1.79962e+12	0.00e+00	0.00e+00	1.31e-27	3.39e-18	1.01e-09	9.53e-01	4.74e-02	1.11e-06
 1.89476e+12	0.00e+00	1.60e-37	1.64e-27	3.96e-18	1.10e-09	9.56e-01	4.41e-02	9.55e-07
 1.98242e+12	0.00e+00	0.00e+00	2.01e-27	4.53e-18	1.17e-09	9.59e-01	4.12e-02	0.00e+00
 2.08013e+12	0.00e+00	2.79e-37	2.50e-27	5.25e-18	1.27e-09	9.62e-01	3.84e-02	0.00e+00
 2.19303e+12	0.00e+00	0.00e+00	3.19e-27	6.18e-18	1.38e-09	9.65e-01	3.54e-02	0.00e+00
 2.30438e+12	0.00e+00	5.23e-37	4.02e-27	7.22e-18	1.49e-09	9.67e-01	3.28e-02	0.00e+00
 2.42018e+12	0.00e+00	0.00e+00	5.06e-27	8.43e-18	1.61e-09	9.70e-01	3.04e-02	0.00e+00
 2.54691e+12	0.00e+00	9.85e-37	6.47e-27	9.93e-18	1.75e-09	9.72e-01	2.81e-02	0.00e+00
 2.67541e+12	0.00e+00	0.00e+00	8.21e-27	1.17e-17	1.90e-09	9.74e-01	2.59e-02	0.00e+00
 2.80905e+12	0.00e+00	1.86e-36	1.04e-26	1.37e-17	2.06e-09	9.76e-01	2.39e-02	0.00e+00
 2.95134e+12	5.70e-47	2.57e-36	1.33e-26	1.61e-17	2.24e-09	9.78e-01	2.20e-02	0.00e+00
 3.09932e+12	0.00e+00	0.00e+00	1.70e-26	1.90e-17	2.43e-09	9.80e-01	2.03e-02	0.00e+00
 3.25322e+12	0.00e+00	4.93e-36	2.18e-26	2.24e-17	2.65e-09	9.81e-01	1.87e-02	0.00e+00
 3.41328e+12	1.94e-46	6.84e-36	2.78e-26	2.64e-17	2.88e-09	9.83e-01	1.72e-02	0.00e+00
 3.57974e+12	0.00e+00	0.00e+00	3.56e-26	3.12e-17	3.13e-09	9.84e-01	1.58e-02	0.00e+00
 3.75285e+12	0.00e+00	1.32e-35	4.56e-26	3.68e-17	3.40e-09	9.85e-01	1.46e-02	0.00e+00
 3.93289e+12	6.61e-46	1.83e-35	5.85e-26	4.34e-17	3.70e-09	9.87e-01	1.34e-02	0.00e+00
 4.10247e+12	0.00e+00	0.00e+00	7.32e-26	5.05e-17	3.99e-09	9.88e-01	1.24e-02	0.00e+00
 4.25459e+12	0.00e+00	3.20e-35	8.91e-26	5.76e-17	4.27e-09	9.88e-01	1.16e-02	0.00e+00
 4.42556e+12	1.89e-45	4.25e-35	1.10e-25	6.65e-17	4.59e-09	9.89e-01	1.08e-02	0.00e+00
 4.62760e+12	0.00e+00	0.00e+00	1.41e-25	7.83e-17	4.98e-09	9.90e-01	9.96e-03	0.00e+00
 4.83038e+12	0.00e+00	8.04e-35	1.78e-25	9.18e-17	5.40e-09	9.91e-01	9.19e-03	0.00e+00
 5.02135e+12	5.98e-45	1.07e-34	2.21e-25	1.06e-16	5.81e-09	9.91e-01	8.55e-03	0.00e+00
 5.23221e+12	0.00e+00	0.00e+00	2.79e-25	1.24e-16	6.28e-09	9.92e-01	7.90e-03	0.00e+00
 5.47143e+12	0.00e+00	2.03e-34	3.59e-25	1.47e-16	6.84e-09	9.93e-01	7.25e-03	0.00e+00
 5.71105e+12	1.99e-44	2.81e-34	4.58e-25	1.73e-16	7.44e-09	9.93e-01	6.68e-03	0.00e+00
 5.96026e+12	0.00e+00	3.88e-34	5.86e-25	2.04e-16	8.08e-09	9.94e-01	6.14e-03	0.00e+00
 6.22859e+12	4.55e-44	5.44e-34	7.57e-25	2.42e-16	8.82e-09	9.94e-01	5.63e-03	0.00e+00
 6.48035e+12	0.00e+00	7.38e-34	9.53e-25	2.82e-16	9.54e-09	9.95e-01	5.21e-03	0.00e+00
 6.70528e+12	9.26e-44	9.62e-34	1.16e-24	3.23e-16	1.02e-08	9.95e-01	4.86e-03	0.00e+00
 6.95823e+12	0.00e+00	1.29e-33	1.45e-24	3.75e-16	1.10e-08	9.95e-01	4.51e-03	0.00e+00
 7.25819e+12	2.01e-43	1.79e-33	1.86e-24	4.44e-16	1.20e-08	9.96e-01	4.14e-03	0.00e+00
 7.55939e+12	0.00e+00	2.47e-33	2.38e-24	5.23e-16	1.30e-08	9.96e-01	3.81e-03	0.00e+00
 7.84151e+12	4.31e-43	3.31e-33	2.97e-24	6.08e-16	1.41e-08	9.96e-01	3.53e-03	0.00e+00
 8.15397e+12	0.00e+00	4.52e-33	3.76e-24	7.13e-16	1.53e-08	9.97e-01	3.25e-03	0.00e+00
 8.51005e+12	9.75e-43	6.38e-33	4.89e-24	8.51e-16	1.67e-08	9.97e-01	2.97e-03	0.00e+00
 8.86036e+12	0.00e+00	8.84e-33	6.27e-24	1.01e-15	1.82e-08	9.97e-01	2.73e-03	0.00e+00
 9.22467e+12	2.20e-42	1.23e-32	8.04e-24	1.19e-15	1.98e-08	9.97e-01	2.50e-03	0.00e+00
 9.62359e+12	0.00e+00	1.73e-32	1.05e-23	1.43e-15	2.17e-08	9.98e-01	2.29e-03	0.00e+00
 1.00242e+13	5.11e-42	2.42e-32	1.35e-23	1.70e-15	2.38e-08	9.98e-01	2.09e-03	0.00e+00
 1.04408e+13	0.00e+00	3.39e-32	1.75e-23	2.02e-15	2.60e-08	9.98e-01	1.91e-03	0.00e+00
 1.08884e+13	1.19e-41	4.79e-32	2.28e-23	2.42e-15	2.85e-08	9.98e-01	1.74e-03	0.00e+00
 1.13319e+13	0.00e+00	6.68e-32	2.94e-23	2.88e-15	3.12e-08	9.98e-01	1.59e-03	0.00e+00
 1.17932e+13	2.71e-41	9.31e-32	3.79e-23	3.44e-15	3.42e-08	9.99e-01	1.46e-03	0.00e+00
 1.22949e+13	0.00e+00	1.32e-31	4.96e-23	4.13e-15	3.76e-08	9.99e-01	1.33e-03	0.00e+00
 1.28166e+13	6.39e-41	1.86e-31	6.48e-23	4.97e-15	4.13e-08	9.99e-01	1.20e-03	0.00e+00
 1.33592e+13	0.00e+00	2.64e-31	8.47e-23	5.98e-15	4.55e-08	9.99e-01	1.09e-03	0.00e+00
 1.39235e+13	1.50e-40	3.73e-31	1.11e-22	7.20e-15	5.01e-08	9.99e-01	9.94e-04	0.00e+00
 1.45103e+13	0.00e+00	5.26e-31	1.45e-22	8.67e-15	5.53e-08	9.99e-01	9.03e-04	0.00e+00
 1.50419e+13	3.32e-40	7.11e-31	1.83e-22	1.02e-14	6.02e-08	9.99e-01	8.29e-04	0.00e+00
 1.54859e+13	0.00e+00	9.06e-31	2.21e-22	1.16e-14	6.45e-08	9.99e-01	7.74e-04	0.00e+00
 1.59729e+13	6.12e-40	1.17e-30	2.70e-22	1.34e-14	6.95e-08	9.99e-01	7.19e-04	0.00e+00
 1.65881e+13	0.00e+00	1.60e-30	3.45e-22	1.59e-14	7.61e-08	9.99e-01	6.57e-04	0.00e+00
 1.72292e+13	1.32e-39	2.19e-30	4.41e-22	1.90e-14	8.34e-08	9.99e-01	6.00e-04	0.00e+00
 1.77750e+13	0.00e+00	2.84e-30	5.39e-22	2.19e-14	9.00e-08	9.99e-01	5.56e-04	0.00e+00
 1.83375e+13	2.46e-39	3.66e-30	6.59e-22	2.52e-14	9.71e-08	9.99e-01	5.16e-04	0.00e+00
 1.90436e+13	0.00e+00	4.98e-30	8.41e-22	3.00e-14	1.06e-07	1.00e+00	4.71e-04	0.00e+00
 1.97602e+13	5.13e-39	6.72e-30	1.07e-21	3.55e-14	1.17e-07	1.00e+00	4.30e-04	0.00e+00
 2.03775e+13	0.00e+00	8.60e-30	1.30e-21	4.09e-14	1.26e-07	1.00e+00	3.99e-04	0.00e+00
 2.10418e+13	9.45e-39	1.11e-29	1.59e-21	4.73e-14	1.36e-07	1.00e+00	3.69e-04	0.00e+00
 2.18606e+13	0.00e+00	1.51e-29	2.02e-21	5.63e-14	1.49e-07	1.00e+00	3.36e-04	0.00e+00
 2.26986e+13	1.95e-38	2.03e-29	2.56e-21	6.68e-14	1.64e-07	1.00e+00	3.07e-04	0.00e+00
 2.34571e+13	0.00e+00	2.62e-29	3.15e-21	7.75e-14	1.78e-07	1.00e+00	2.83e-04	0.00e+00
 2.42938e+13	3.69e-38	3.45e-29	3.92e-21	9.08e-14	1.93e-07	1.00e+00	2.60e-04	0.00e+00
 2.52770e+13	0.00e+00	4.69e-29	5.01e-21	1.08e-13	2.13e-07	1.00e+00	2.36e-04	0.00e+00
 2.62592e+13	7.58e-38	6.28e-29	6.33e-21	1.29e-13	2.34e-07	1.00e+00	2.16e-04	0.00e+00
 2.71945e+13	0.00e+00	8.20e-29	7.84e-21	1.50e-13	2.55e-07	1.00e+00	1.98e-04	0.00e+00
 2.82260e+13	1.47e-37	1.09e-28	9.83e-21	1.77e-13	2.79e-07	1.00e+00	1.81e-04	0.00e+00
 2.93850e+13	0.00e+00	1.47e-28	1.25e-20	2.12e-13	3.07e-07	1.00e+00	1.65e-04	0.00e+00
 3.04285e+13	2.88e-37	1.91e-28	1.55e-20	2.47e-13	3.34e-07	1.00e+00	1.51e-04	0.00e+00
 3.12906e+13	0.00e+00	2.35e-28	1.83e-20	2.80e-13	3.57e-07	1.00e+00	1.42e-04	0.00e+00
 3.22324e+13	4.82e-37	2.93e-28	2.18e-20	3.18e-13	3.84e-07	1.00e+00	1.32e-04	0.00e+00
 3.34350e+13	0.00e+00	3.85e-28	2.72e-20	3.73e-13	4.19e-07	1.00e+00	1.21e-04	0.00e+00
 3.46485e+13	9.11e-37	5.00e-28	3.35e-20	4.36e-13	4.56e-07	1.00e+00	1.11e-04	0.00e+00
 3.56527e+13	0.00e+00	6.16e-28	3.97e-20	4.93e-13	4.88e-07	1.00e+00	1.04e-04	0.00e+00
 3.67130e+13	1.51e-36	7.64e-28	4.72e-20	5.59e-13	5.23e-07	1.00e+00	9.70e-05	0.00e+00
 3.80735e+13	0.00e+00	9.95e-28	5.84e-20	6.54e-13	5.71e-07	1.00e+00	8.90e-05	0.00e+00
 3.94998e+13	2.86e-36	1.30e-27	7.24e-20	7.66e-13	6.23e-07	1.00e+00	8.16e-05	0.00e+00
 4.07489e+13	0.00e+00	1.63e-27	8.69e-20	8.75e-13	6.70e-07	1.00e+00	7.59e-05	0.00e+00
 4.20924e+13	4.96e-36	2.06e-27	1.05e-19	1.00e-12	7.23e-07	1.00e+00	7.04e-05	0.00e+00
 4.37237e+13	0.00e+00	2.70e-27	1.31e-19	1.18e-12	7.91e-07	1.00e+00	6.44e-05	0.00e+00
 4.53018e+13	9.31e-36	3.48e-27	1.61e-19	1.37e-12	8.59e-07	1.00e+00	5.93e-05	0.00e+00
 4.66286e+13	0.00e+00	4.29e-27	1.90e-19	1.55e-12	9.19e-07	1.00e+00	5.55e-05	0.00e+00
 4.80564e+13	1.55e-35	5.32e-27	2.26e-19	1.76e-12	9.86e-07	1.00e+00	5.18e-05	0.00e+00
 4.98556e+13	0.00e+00	6.92e-27	2.79e-19	2.05e-12	1.07e-06	1.00e+00	4.76e-05	0.00e+00
 5.17047e+13	2.89e-35	8.97e-27	3.44e-19	2.39e-12	1.17e-06	1.00e+00	4.37e-05	0.00e+00
 5.33142e+13	0.00e+00	1.12e-26	4.11e-19	2.72e-12	1.25e-06	1.00e+00	4.08e-05	0.00e+00
 5.50453e+13	4.95e-35	1.40e-26	4.94e-19	3.10e-12	1.35e-06	1.00e+00	3.79e-05	0.00e+00
 5.71592e+13	0.00e+00	1.84e-26	6.13e-19	3.63e-12	1.47e-06	1.00e+00	3.48e-05	0.00e+00
 5.92854e+13	9.32e-35	2.38e-26	7.56e-19	4.22e-12	1.60e-06	1.00e+00	3.20e-05	0.00e+00
 6.11825e+13	0.00e+00	2.99e-26	9.06e-19	4.81e-12	1.72e-06	1.00e+00	2.98e-05	0.00e+00
 6.32672e+13	1.63e-34	3.80e-26	1.10e-18	5.52e-12	1.85e-06	1.00e+00	2.77e-05	0.00e+00
 6.57494e+13	2.27e-34	5.00e-26	1.37e-18	6.47e-12	2.02e-06	1.00e+00	2.54e-05	0.00e+00
 6.82295e+13	3.13e-34	6.53e-26	1.69e-18	7.53e-12	2.20e-06	1.00e+00	2.34e-05	0.00e+00
 7.05356e+13	4.15e-34	8.27e-26	2.05e-18	8.63e-12	2.37e-06	1.00e+00	2.17e-05	0.00e+00
 7.31138e+13	5.72e-34	1.08e-25	2.52e-18	9.99e-12	2.56e-06	1.00e+00	2.00e-05	0.00e+00
 7.60682e+13	8.04e-34	1.43e-25	3.16e-18	1.17e-11	2.80e-06	1.00e+00	1.83e-05	0.00e+00
 7.89966e+13	1.12e-33	1.88e-25	3.93e-18	1.37e-11	3.05e-06	1.00e+00	1.69e-05	0.00e+00
 8.20421e+13	1.56e-33	2.47e-25	4.89e-18	1.60e-11	3.31e-06	1.00e+00	1.55e-05	0.00e+00
 8.53537e+13	2.20e-33	3.30e-25	6.15e-18	1.88e-11	3.61e-06	1.00e+00	1.42e-05	0.00e+00
 8.87978e+13	3.16e-33	4.43e-25	7.74e-18	2.20e-11	3.93e-06	1.00e+00	1.31e-05	0.00e+00
 9.20700e+13	4.35e-33	5.77e-25	9.54e-18	2.55e-11	4.26e-06	1.00e+00	1.21e-05	0.00e+00
 9.50188e+13	5.75e-33	7.27e-25	1.14e-17	2.89e-11	4.56e-06	1.00e+00	1.13e-05	0.00e+00
 9.77696e+13	7.43e-33	8.97e-25	1.35e-17	3.25e-11	4.85e-06	1.00e+00	1.06e-05	0.00e+00
 1.00802e+14	9.80e-33	1.13e-24	1.61e-17	3.67e-11	5.18e-06	1.00e+00	9.95e-06	0.00e+00
 1.04216e+14	1.33e-32	1.44e-24	1.96e-17	4.20e-11	5.56e-06	1.00e+00	9.27e-06	0.00e+00
 1.07480e+14	1.76e-32	1.82e-24	2.35e-17	4.76e-11	5.94e-06	1.00e+00	8.68e-06	0.00e+00
 1.11078e+14	2.37e-32	2.33e-24	2.84e-17	5.43e-11	6.37e-06	1.00e+00	8.09e-06	0.00e+00
 1.15085e+14	3.29e-32	3.03e-24	3.50e-17	6.26e-11	6.87e-06	1.00e+00	7.51e-06	0.00e+00
 1.18774e+14	4.39e-32	3.85e-24	4.21e-17	7.11e-11	7.35e-06	1.00e+00	7.02e-06	0.00e+00
 1.22192e+14	5.71e-32	4.77e-24	4.97e-17	7.97e-11	7.80e-06	1.00e+00	6.61e-06	0.00e+00
 1.26109e+14	7.68e-32	6.06e-24	5.98e-17	9.04e-11	8.33e-06	1.00e+00	6.19e-06	0.00e+00
 1.30904e+14	1.09e-31	8.07e-24	7.45e-17	1.05e-10	9.00e-06	1.00e+00	5.73e-06	0.00e+00
 1.35691e+14	1.52e-31	1.06e-23	9.19e-17	1.21e-10	9.71e-06	1.00e+00	5.32e-06	0.00e+00
 1.39859e+14	2.03e-31	1.34e-23	1.10e-16	1.37e-10	1.03e-05	1.00e+00	5.00e-06	0.00e+00
 1.44372e+14	2.75e-31	1.71e-23	1.33e-16	1.55e-10	1.10e-05	1.00e+00	4.68e-06	0.00e+00
 1.49876e+14	3.95e-31	2.29e-23	1.66e-16	1.80e-10	1.19e-05	1.00e+00	4.34e-06	0.00e+00
 1.55481e+14	5.58e-31	3.03e-23	2.05e-16	2.09e-10	1.28e-05	1.00e+00	4.02e-06	0.00e+00
 1.60557e+14	7.62e-31	3.89e-23	2.49e-16	2.38e-10	1.37e-05	1.00e+00	3.77e-06	0.00e+00
 1.66131e+14	1.06e-30	5.09e-23	3.04e-16	2.72e-10	1.47e-05	1.00e+00	3.52e-06	0.00e+00
 1.72681e+14	1.56e-30	6.90e-23	3.83e-16	3.17e-10	1.59e-05	1.00e+00	3.25e-06	0.00e+00
 1.79206e+14	2.22e-30	9.20e-23	4.77e-16	3.68e-10	1.71e-05	1.00e+00	3.02e-06	0.00e+00
 1.85360e+14	3.10e-30	1.20e-22	5.84e-16	4.21e-10	1.83e-05	1.00e+00	2.82e-06	0.00e+00
 1.92171e+14	4.44e-30	1.60e-22	7.25e-16	4.86e-10	1.97e-05	1.00e+00	2.62e-06	0.00e+00
 1.99888e+14	6.50e-30	2.18e-22	9.15e-16	5.69e-10	2.13e-05	1.00e+00	2.42e-06	0.00e+00
 2.07620e+14	9.54e-30	2.96e-22	1.15e-15	6.62e-10	2.29e-05	1.00e+00	2.25e-06	0.00e+00
 2.15662e+14	1.38e-29	3.97e-22	1.44e-15	7.70e-10	2.48e-05	1.00e+00	2.08e-06	0.00e+00
 2.24319e+14	2.04e-29	5.44e-22	1.82e-15	9.01e-10	2.68e-05	1.00e+00	1.93e-06	0.00e+00
 2.33321e+14	3.03e-29	7.46e-22	2.31e-15	1.05e-09	2.89e-05	1.00e+00	1.78e-06	0.00e+00
 2.42006e+14	4.35e-29	9.97e-22	2.87e-15	1.22e-09	3.11e-05	1.00e+00	1.66e-06	0.00e+00
 2.50142e+14	6.00e-29	1.29e-21	3.49e-15	1.39e-09	3.32e-05	1.00e+00	1.55e-06	0.00e+00
 2.57808e+14	8.11e-29	1.64e-21	4.19e-15	1.57e-09	3.53e-05	1.00e+00	1.46e-06	0.00e+00
 2.66146e+14	1.12e-28	2.12e-21	5.07e-15	1.78e-09	3.75e-05	1.00e+00	1.37e-06	0.00e+00
 2.75452e+14	1.57e-28	2.79e-21	6.22e-15	2.04e-09	4.02e-05	1.00e+00	1.28e-06	0.00e+00
 2.84238e+14	2.13e-28	3.56e-21	7.50e-15	2.31e-09	4.28e-05	1.00e+00	1.20e-06	0.00e+00
 2.93881e+14	2.97e-28	4.65e-21	9.16e-15	2.64e-09	4.57e-05	1.00e+00	1.13e-06	0.00e+00
 3.04710e+14	4.26e-28	6.21e-21	1.14e-14	3.05e-09	4.91e-05	1.00e+00	1.05e-06	0.00e+00
 3.15027e+14	5.91e-28	8.07e-21	1.39e-14	3.48e-09	5.25e-05	1.00e+00	9.81e-07	0.00e+00
 3.26379e+14	8.33e-28	1.06e-20	1.71e-14	4.01e-09	5.64e-05	1.00e+00	0.00e+00	0.00e+00
 3.39113e+14	1.22e-27	1.45e-20	2.16e-14	4.67e-09	6.08e-05	1.00e+00	0.00e+00	0.00e+00
 3.51330e+14	1.71e-27	1.90e-20	2.66e-14	5.38e-09	6.53e-05	1.00e+00	0.00e+00	0.00e+00
 3.64386e+14	2.48e-27	2.55e-20	3.32e-14	6.22e-09	7.01e-05	1.00e+00	0.00e+00	0.00e+00
 3.78991e+14	3.59e-27	3.45e-20	4.19e-14	7.28e-09	7.60e-05	1.00e+00	0.00e+00	0.00e+00
 3.92487e+14	5.10e-27	4.56e-20	5.17e-14	8.37e-09	8.14e-05	1.00e+00	0.00e+00	0.00e+00
 4.04168e+14	6.72e-27	5.72e-20	6.16e-14	9.42e-09	8.64e-05	1.00e+00	0.00e+00	0.00e+00
 4.17119e+14	9.25e-27	7.37e-20	7.44e-14	1.07e-08	9.20e-05	1.00e+00	0.00e+00	0.00e+00
 4.32944e+14	1.31e-26	9.81e-20	9.30e-14	1.24e-08	9.92e-05	1.00e+00	0.00e+00	0.00e+00
 4.48967e+14	1.89e-26	1.31e-19	1.16e-13	1.43e-08	1.07e-04	1.00e+00	0.00e+00	0.00e+00
 4.63372e+14	2.53e-26	1.67e-19	1.40e-13	1.62e-08	1.14e-04	1.00e+00	0.00e+00	0.00e+00
 4.79209e+14	3.50e-26	2.17e-19	1.71e-13	1.86e-08	1.22e-04	1.00e+00	0.00e+00	0.00e+00
 4.97938e+14	5.07e-26	2.92e-19	2.15e-13	2.17e-08	1.31e-04	1.00e+00	0.00e+00	0.00e+00
 5.16332e+14	7.26e-26	3.90e-19	2.67e-13	2.50e-08	1.41e-04	1.00e+00	0.00e+00	0.00e+00
 5.33145e+14	9.71e-26	4.96e-19	3.23e-13	2.85e-08	1.51e-04	1.00e+00	0.00e+00	0.00e+00
 5.51999e+14	1.36e-25	6.51e-19	3.98e-13	3.27e-08	1.62e-04	1.00e+00	0.00e+00	0.00e+00
 5.73923e+14	1.99e-25	8.84e-19	5.02e-13	3.82e-08	1.75e-04	1.00e+00	0.00e+00	0.00e+00
 5.95451e+14	2.78e-25	1.16e-18	6.25e-13	4.43e-08	1.89e-04	1.00e+00	0.00e+00	0.00e+00
 6.15718e+14	3.87e-25	1.52e-18	7.64e-13	5.06e-08	2.02e-04	1.00e+00	0.00e+00	0.00e+00
 6.38254e+14	5.34e-25	1.98e-18	9.46e-13	5.84e-08	2.17e-04	1.00e+00	0.00e+00	0.00e+00
 6.63815e+14	7.76e-25	2.68e-18	1.20e-12	6.84e-08	2.35e-04	1.00e+00	0.00e+00	0.00e+00
 6.89379e+14	1.12e-24	3.61e-18	1.50e-12	7.95e-08	2.53e-04	1.00e+00	0.00e+00	0.00e+00
 7.13358e+14	1.54e-24	4.68e-18	1.84e-12	9.11e-08	2.72e-04	1.00e+00	0.00e+00	0.00e+00
 7.39314e+14	2.11e-24	6.09e-18	2.27e-12	1.05e-07	2.92e-04	1.00e+00	0.00e+00	0.00e+00
 7.68229e+14	3.08e-24	8.23e-18	2.85e-12	1.23e-07	3.16e-04	1.00e+00	0.00e+00	0.00e+00
 7.95248e+14	4.14e-24	1.06e-17	3.50e-12	1.41e-07	3.39e-04	1.00e+00	0.00e+00	0.00e+00
 8.20226e+14	5.62e-24	1.35e-17	4.21e-12	1.59e-07	3.60e-04	1.00e+00	0.00e+00	0.00e+00
 8.44209e+14	7.20e-24	1.66e-17	5.00e-12	1.79e-07	3.83e-04	1.00e+00	0.00e+00	0.00e+00
 8.70935e+14	9.74e-24	2.12e-17	6.02e-12	2.02e-07	4.07e-04	1.00e+00	0.00e+00	0.00e+00
 9.00565e+14	1.30e-23	2.70e-17	7.34e-12	2.31e-07	4.36e-04	1.00e+00	0.00e+00	0.00e+00
 9.28061e+14	1.72e-23	3.39e-17	8.78e-12	2.61e-07	4.63e-04	1.00e+00	0.00e+00	0.00e+00
 9.57896e+14	2.32e-23	4.33e-17	1.06e-11	2.96e-07	4.94e-04	1.00e+00	0.00e+00	0.00e+00
 9.91585e+14	3.12e-23	5.55e-17	1.30e-11	3.40e-07	5.30e-04	9.99e-01	0.00e+00	0.00e+00
 1.02382e+15	4.25e-23	7.12e-17	1.57e-11	3.86e-07	5.65e-04	9.99e-01	0.00e+00	0.00e+00
 1.05926e+15	5.67e-23	9.08e-17	1.92e-11	4.42e-07	6.06e-04	9.99e-01	0.00e+00	0.00e+00
 1.09820e+15	8.04e-23	1.20e-16	2.39e-11	5.10e-07	6.52e-04	9.99e-01	0.00e+00	0.00e+00
 1.13403e+15	1.06e-22	1.51e-16	2.88e-11	5.80e-07	6.96e-04	9.99e-01	0.00e+00	0.00e+00
 1.17295e+15	1.45e-22	1.96e-16	3.53e-11	6.64e-07	7.45e-04	9.99e-01	0.00e+00	0.00e+00
 1.21648e+15	1.98e-22	2.55e-16	4.38e-11	7.68e-07	8.03e-04	9.99e-01	0.00e+00	0.00e+00
 1.25730e+15	2.67e-22	3.26e-16	5.32e-11	8.76e-07	8.58e-04	9.99e-01	0.00e+00	0.00e+00
 1.30162e+15	3.68e-22	4.24e-16	6.54e-11	1.01e-06	9.21e-04	9.99e-01	0.00e+00	0.00e+00
 1.35107e+15	5.02e-22	5.52e-16	8.16e-11	1.17e-06	9.94e-04	9.99e-01	0.00e+00	0.00e+00
 1.39731e+15	6.91e-22	7.15e-16	9.96e-11	1.33e-06	1.06e-03	9.99e-01	0.00e+00	0.00e+00
 1.44756e+15	9.29e-22	9.19e-16	1.23e-10	1.54e-06	1.15e-03	9.99e-01	0.00e+00	0.00e+00
 1.50365e+15	1.31e-21	1.22e-15	1.54e-10	1.79e-06	1.24e-03	9.99e-01	0.00e+00	0.00e+00
 1.55678e+15	1.75e-21	1.56e-15	1.89e-10	2.06e-06	1.33e-03	9.99e-01	0.00e+00	0.00e+00
 1.61387e+15	2.42e-21	2.04e-15	2.34e-10	2.37e-06	1.43e-03	9.99e-01	0.00e+00	0.00e+00
 1.67846e+15	3.33e-21	2.68e-15	2.95e-10	2.78e-06	1.55e-03	9.98e-01	0.00e+00	0.00e+00
 1.74165e+15	4.65e-21	3.53e-15	3.66e-10	3.22e-06	1.68e-03	9.98e-01	0.00e+00	0.00e+00
 1.80736e+15	6.25e-21	4.56e-15	4.56e-10	3.74e-06	1.81e-03	9.98e-01	0.00e+00	0.00e+00
 1.87969e+15	8.86e-21	6.09e-15	5.74e-10	4.37e-06	1.97e-03	9.98e-01	0.00e+00	0.00e+00
 1.95104e+15	1.19e-20	7.85e-15	7.15e-10	5.08e-06	2.13e-03	9.98e-01	0.00e+00	0.00e+00
 2.00973e+15	1.52e-20	9.70e-15	8.51e-10	5.72e-06	2.27e-03	9.98e-01	0.00e+00	0.00e+00
 2.05644e+15	1.84e-20	1.14e-14	9.74e-10	6.27e-06	2.38e-03	9.98e-01	0.00e+00	0.00e+00
 2.10816e+15	2.28e-20	1.36e-14	1.13e-09	6.92e-06	2.51e-03	9.97e-01	0.00e+00	0.00e+00
 2.17540e+15	2.93e-20	1.69e-14	1.36e-09	7.85e-06	2.69e-03	9.97e-01	0.00e+00	0.00e+00
 2.24763e+15	3.83e-20	2.13e-14	1.64e-09	8.95e-06	2.89e-03	9.97e-01	0.00e+00	0.00e+00
 2.31196e+15	4.84e-20	2.60e-14	1.94e-09	1.00e-05	3.07e-03	9.97e-01	0.00e+00	0.00e+00
 2.38120e+15	6.09e-20	3.18e-14	2.30e-09	1.13e-05	3.27e-03	9.97e-01	0.00e+00	0.00e+00
 2.46875e+15	8.17e-20	4.09e-14	2.85e-09	1.30e-05	3.54e-03	9.96e-01	0.00e+00	0.00e+00
 2.55751e+15	1.09e-19	5.22e-14	3.50e-09	1.50e-05	3.82e-03	9.96e-01	0.00e+00	0.00e+00
 2.63299e+15	1.37e-19	6.38e-14	4.15e-09	1.69e-05	4.07e-03	9.96e-01	0.00e+00	0.00e+00
 2.71382e+15	1.75e-19	7.86e-14	4.96e-09	1.91e-05	4.35e-03	9.96e-01	0.00e+00	0.00e+00
 2.81471e+15	2.33e-19	1.01e-13	6.15e-09	2.21e-05	4.72e-03	9.95e-01	0.00e+00	0.00e+00
 2.91800e+15	3.10e-19	1.30e-13	7.59e-09	2.55e-05	5.11e-03	9.95e-01	0.00e+00	0.00e+00
 3.00869e+15	3.96e-19	1.60e-13	9.09e-09	2.88e-05	5.47e-03	9.95e-01	0.00e+00	0.00e+00
 3.10667e+15	5.08e-19	1.99e-13	1.10e-08	3.28e-05	5.86e-03	9.94e-01	0.00e+00	0.00e+00
 3.22531e+15	6.88e-19	2.59e-13	1.37e-08	3.81e-05	6.38e-03	9.94e-01	0.00e+00	0.00e+00
 3.34314e+15	9.12e-19	3.31e-13	1.69e-08	4.39e-05	6.91e-03	9.93e-01	0.00e+00	0.00e+00
 3.44764e+15	1.17e-18	4.10e-13	2.03e-08	4.97e-05	7.40e-03	9.93e-01	0.00e+00	0.00e+00
 3.56247e+15	1.51e-18	5.13e-13	2.46e-08	5.66e-05	7.97e-03	9.92e-01	0.00e+00	0.00e+00
 3.69994e+15	2.04e-18	6.67e-13	3.07e-08	6.59e-05	8.67e-03	9.91e-01	0.00e+00	0.00e+00
 3.83697e+15	2.73e-18	8.59e-13	3.81e-08	7.62e-05	9.40e-03	9.91e-01	0.00e+00	0.00e+00
 3.96215e+15	3.51e-18	1.07e-12	4.61e-08	8.66e-05	1.01e-02	9.90e-01	0.00e+00	0.00e+00
 4.10179e+15	4.70e-18	1.37e-12	5.66e-08	9.94e-05	1.09e-02	9.89e-01	0.00e+00	0.00e+00
 4.26435e+15	6.45e-18	1.81e-12	7.14e-08	1.16e-04	1.19e-02	9.88e-01	0.00e+00	0.00e+00
 4.42435e+15	8.73e-18	2.34e-12	8.89e-08	1.34e-04	1.29e-02	9.87e-01	0.00e+00	0.00e+00
 4.57627e+15	1.15e-17	2.98e-12	1.09e-07	1.54e-04	1.39e-02	9.86e-01	0.00e+00	0.00e+00
 4.70903e+15	1.46e-17	3.65e-12	1.29e-07	1.72e-04	1.48e-02	9.85e-01	0.00e+00	0.00e+00
 4.81929e+15	1.77e-17	4.31e-12	1.48e-07	1.89e-04	1.56e-02	9.84e-01	0.00e+00	0.00e+00
 4.94128e+15	2.18e-17	5.16e-12	1.72e-07	2.09e-04	1.65e-02	9.83e-01	0.00e+00	0.00e+00
 5.09988e+15	2.82e-17	6.46e-12	2.08e-07	2.37e-04	1.77e-02	9.82e-01	0.00e+00	0.00e+00
 5.26587e+15	3.65e-17	8.08e-12	2.52e-07	2.69e-04	1.90e-02	9.81e-01	0.00e+00	0.00e+00
 5.40830e+15	4.59e-17	9.83e-12	2.96e-07	2.99e-04	2.01e-02	9.80e-01	0.00e+00	0.00e+00
 5.56030e+15	5.80e-17	1.20e-11	3.50e-07	3.34e-04	2.14e-02	9.78e-01	0.00e+00	0.00e+00
 5.75790e+15	7.99e-17	1.57e-11	4.33e-07	3.84e-04	2.31e-02	9.77e-01	0.00e+00	0.00e+00
 5.96082e+15	1.08e-16	2.02e-11	5.34e-07	4.41e-04	2.49e-02	9.75e-01	0.00e+00	0.00e+00
 6.13030e+15	1.35e-16	2.46e-11	6.33e-07	4.94e-04	2.65e-02	9.73e-01	0.00e+00	0.00e+00
 6.31030e+15	1.86e-16	3.05e-11	7.54e-07	5.54e-04	2.82e-02	9.71e-01	0.00e+00	0.00e+00
 6.54029e+15	2.63e-16	4.04e-11	9.38e-07	6.39e-04	3.05e-02	9.69e-01	0.00e+00	0.00e+00
 6.78108e+15	3.63e-16	5.30e-11	1.17e-06	7.39e-04	3.30e-02	9.66e-01	0.00e+00	0.00e+00
 6.99399e+15	4.75e-16	6.66e-11	1.41e-06	8.35e-04	3.53e-02	9.64e-01	0.00e+00	0.00e+00
 7.22487e+15	6.21e-16	8.40e-11	1.72e-06	9.51e-04	3.78e-02	9.61e-01	0.00e+00	0.00e+00
 7.50249e+15	8.93e-16	1.13e-10	2.17e-06	1.11e-03	4.11e-02	9.58e-01	0.00e+00	0.00e+00
 7.77843e+15	1.21e-15	1.47e-10	2.70e-06	1.28e-03	4.43e-02	9.54e-01	0.00e+00	0.00e+00
 8.02658e+15	1.61e-15	1.87e-10	3.28e-06	1.45e-03	4.74e-02	9.51e-01	0.00e+00	0.00e+00
 8.30108e+15	2.19e-15	2.41e-10	4.03e-06	1.66e-03	5.10e-02	9.47e-01	0.00e+00	0.00e+00
 8.62537e+15	3.25e-15	3.31e-10	5.10e-06	1.93e-03	5.53e-02	9.43e-01	0.00e+00	0.00e+00
 8.94576e+15	4.51e-15	4.36e-10	6.38e-06	2.23e-03	5.97e-02	9.38e-01	0.00e+00	0.00e+00
 9.24275e+15	6.12e-15	5.62e-10	7.80e-06	2.54e-03	6.40e-02	9.33e-01	0.00e+00	0.00e+00
 9.57627e+15	8.27e-15	7.28e-10	9.70e-06	2.93e-03	6.89e-02	9.28e-01	0.00e+00	0.00e+00
 9.95936e+15	1.24e-14	1.01e-09	1.24e-05	3.43e-03	7.49e-02	9.22e-01	0.00e+00	0.00e+00
 1.03328e+16	1.77e-14	1.35e-09	1.55e-05	3.97e-03	8.08e-02	9.15e-01	0.00e+00	0.00e+00
 1.06333e+16	2.31e-14	1.69e-09	1.85e-05	4.45e-03	8.57e-02	9.10e-01	0.00e+00	0.00e+00
 1.08687e+16	2.85e-14	2.00e-09	2.12e-05	4.85e-03	8.97e-02	9.05e-01	0.00e+00	0.00e+00
 1.11286e+16	3.57e-14	2.41e-09	2.45e-05	5.33e-03	9.41e-02	9.01e-01	0.00e+00	0.00e+00
 1.14664e+16	4.59e-14	3.00e-09	2.95e-05	6.01e-03	1.00e-01	8.94e-01	0.00e+00	0.00e+00
 1.18312e+16	6.42e-14	3.92e-09	3.59e-05	6.81e-03	1.07e-01	8.86e-01	0.00e+00	0.00e+00
 1.21557e+16	8.34e-14	4.86e-09	4.24e-05	7.59e-03	1.13e-01	8.80e-01	0.00e+00	0.00e+00
 1.25018e+16	1.08e-13	6.05e-09	5.05e-05	8.49e-03	1.19e-01	8.72e-01	0.00e+00	0.00e+00
 1.29515e+16	1.55e-13	8.09e-09	6.31e-05	9.79e-03	1.28e-01	8.62e-01	0.00e+00	0.00e+00
 1.34081e+16	2.07e-13	1.04e-08	7.80e-05	1.12e-02	1.37e-01	8.52e-01	0.00e+00	0.00e+00
 1.37817e+16	2.72e-13	1.30e-08	9.27e-05	1.25e-02	1.45e-01	8.43e-01	0.00e+00	0.00e+00
 1.41748e+16	3.70e-13	1.66e-08	1.11e-04	1.40e-02	1.53e-01	8.33e-01	0.00e+00	0.00e+00
 1.46850e+16	5.31e-13	2.23e-08	1.39e-04	1.62e-02	1.64e-01	8.19e-01	0.00e+00	0.00e+00
 1.52064e+16	7.47e-13	2.96e-08	1.73e-04	1.86e-02	1.76e-01	8.06e-01	0.00e+00	0.00e+00
 1.56444e+16	9.89e-13	3.73e-08	2.07e-04	2.09e-02	1.86e-01	7.93e-01	0.00e+00	0.00e+00
 1.61146e+16	1.33e-12	4.76e-08	2.50e-04	2.35e-02	1.96e-01	7.80e-01	0.00e+00	0.00e+00
 1.66450e+16	1.77e-12	6.07e-08	3.07e-04	2.68e-02	2.08e-01	7.65e-01	0.00e+00	0.00e+00
 1.71532e+16	2.50e-12	7.99e-08	3.74e-04	3.03e-02	2.21e-01	7.48e-01	0.00e+00	0.00e+00
 1.76356e+16	3.32e-12	1.01e-07	4.46e-04	3.39e-02	2.32e-01	7.33e-01	0.00e+00	0.00e+00
 1.81849e+16	4.35e-12	1.27e-07	5.44e-04	3.84e-02	2.45e-01	7.16e-01	0.00e+00	0.00e+00
 1.87953e+16	6.38e-12	1.73e-07	6.78e-04	4.40e-02	2.61e-01	6.95e-01	0.00e+00	0.00e+00
 1.93385e+16	8.55e-12	2.19e-07	8.16e-04	4.94e-02	2.74e-01	6.76e-01	0.00e+00	0.00e+00
 1.98196e+16	1.11e-11	2.71e-07	9.62e-04	5.46e-02	2.86e-01	6.59e-01	0.00e+00	0.00e+00
 2.03666e+16	1.48e-11	3.44e-07	1.16e-03	6.12e-02	2.99e-01	6.39e-01	0.00e+00	0.00e+00
 2.09799e+16	1.94e-11	4.35e-07	1.41e-03	6.90e-02	3.13e-01	6.16e-01	0.00e+00	0.00e+00
 2.15638e+16	2.73e-11	5.70e-07	1.71e-03	7.75e-02	3.28e-01	5.93e-01	0.00e+00	0.00e+00
 2.20497e+16	3.46e-11	6.93e-07	1.99e-03	8.49e-02	3.39e-01	5.74e-01	0.00e+00	0.00e+00
 2.25238e+16	4.36e-11	8.39e-07	2.31e-03	9.29e-02	3.50e-01	5.55e-01	0.00e+00	0.00e+00
 2.31401e+16	5.70e-11	1.06e-06	2.80e-03	1.04e-01	3.63e-01	5.30e-01	0.00e+00	0.00e+00
 2.37806e+16	8.21e-11	1.40e-06	3.42e-03	1.17e-01	3.78e-01	5.02e-01	0.00e+00	0.00e+00
 2.42819e+16	1.02e-10	1.69e-06	3.97e-03	1.28e-01	3.87e-01	4.81e-01	0.00e+00	0.00e+00
 2.47631e+16	1.26e-10	2.02e-06	4.60e-03	1.39e-01	3.96e-01	4.60e-01	0.00e+00	0.00e+00
 2.53887e+16	1.80e-10	2.67e-06	5.59e-03	1.55e-01	4.08e-01	4.31e-01	0.00e+00	0.00e+00
 2.60022e+16	2.37e-10	3.35e-06	6.70e-03	1.72e-01	4.17e-01	4.05e-01	0.00e+00	0.00e+00
 2.64681e+16	2.97e-10	4.04e-06	7.71e-03	1.86e-01	4.23e-01	3.84e-01	0.00e+00	0.00e+00
 2.69418e+16	3.83e-10	4.94e-06	8.94e-03	2.01e-01	4.28e-01	3.62e-01	0.00e+00	0.00e+00
 2.74747e+16	4.72e-10	5.93e-06	1.05e-02	2.19e-01	4.33e-01	3.38e-01	0.00e+00	0.00e+00
 2.79785e+16	6.46e-10	7.54e-06	1.23e-02	2.38e-01	4.36e-01	3.14e-01	0.00e+00	0.00e+00
 2.84128e+16	8.00e-10	8.99e-06	1.40e-02	2.55e-01	4.38e-01	2.94e-01	0.00e+00	0.00e+00
 2.87994e+16	9.81e-10	1.06e-05	1.58e-02	2.71e-01	4.38e-01	2.76e-01	0.00e+00	0.00e+00
 2.92388e+16	1.23e-09	1.27e-05	1.82e-02	2.90e-01	4.36e-01	2.56e-01	0.00e+00	0.00e+00
 2.97081e+16	1.51e-09	1.51e-05	2.11e-02	3.11e-01	4.33e-01	2.35e-01	0.00e+00	0.00e+00
 3.01114e+16	2.02e-09	1.88e-05	2.41e-02	3.31e-01	4.29e-01	2.16e-01	0.00e+00	0.00e+00
 3.04536e+16	2.32e-09	2.13e-05	2.69e-02	3.49e-01	4.24e-01	2.01e-01	0.00e+00	0.00e+00
 3.08213e+16	2.86e-09	2.52e-05	3.04e-02	3.69e-01	4.17e-01	1.84e-01	0.00e+00	0.00e+00
 3.12199e+16	3.62e-09	3.03e-05	3.48e-02	3.91e-01	4.08e-01	1.66e-01	0.00e+00	0.00e+00
 3.15663e+16	4.52e-09	3.61e-05	3.93e-02	4.11e-01	3.98e-01	1.51e-01	0.00e+00	0.00e+00
 3.18617e+16	5.91e-09	4.37e-05	4.38e-02	4.30e-01	3.89e-01	1.38e-01	0.00e+00	0.00e+00
 3.21336e+16	7.07e-09	5.04e-05	4.83e-02	4.47e-01	3.79e-01	1.26e-01	0.00e+00	0.00e+00
 3.23978e+16	8.01e-09	5.61e-05	5.30e-02	4.64e-01	3.68e-01	1.15e-01	0.00e+00	0.00e+00
 3.27009e+16	9.83e-09	6.59e-05	5.94e-02	4.84e-01	3.53e-01	1.03e-01	0.00e+00	0.00e+00
 3.30142e+16	1.23e-08	7.86e-05	6.69e-02	5.06e-01	3.37e-01	9.02e-02	0.00e+00	0.00e+00
 3.32630e+16	1.60e-08	9.48e-05	7.40e-02	5.24e-01	3.22e-01	8.00e-02	0.00e+00	0.00e+00
 3.34609e+16	1.92e-08	1.08e-04	8.01e-02	5.38e-01	3.10e-01	7.23e-02	0.00e+00	0.00e+00
 3.36701e+16	2.26e-08	1.23e-04	8.73e-02	5.53e-01	2.95e-01	6.43e-02	0.00e+00	0.00e+00
 3.38994e+16	2.76e-08	1.43e-04	9.58e-02	5.70e-01	2.78e-01	5.60e-02	0.00e+00	0.00e+00
 3.40986e+16	3.15e-08	1.59e-04	1.04e-01	5.85e-01	2.62e-01	4.91e-02	0.00e+00	0.00e+00
 3.42650e+16	3.89e-08	1.84e-04	1.12e-01	5.98e-01	2.47e-01	4.32e-02	0.00e+00	0.00e+00
 3.44149e+16	4.32e-08	2.00e-04	1.19e-01	6.09e-01	2.34e-01	3.84e-02	0.00e+00	0.00e+00
 3.45799e+16	5.06e-08	2.25e-04	1.28e-01	6.21e-01	2.18e-01	3.31e-02	0.00e+00	0.00e+00
 3.47514e+16	6.50e-08	2.68e-04	1.38e-01	6.34e-01	2.00e-01	2.76e-02	0.00e+00	0.00e+00
 3.48849e+16	7.47e-08	2.97e-04	1.46e-01	6.44e-01	1.86e-01	2.39e-02	0.00e+00	0.00e+00
 3.49905e+16	8.01e-08	3.14e-04	1.53e-01	6.51e-01	1.74e-01	2.11e-02	0.00e+00	0.00e+00
 3.51063e+16	9.12e-08	3.46e-04	1.61e-01	6.60e-01	1.61e-01	1.80e-02	0.00e+00	0.00e+00
 3.52322e+16	1.10e-07	3.94e-04	1.70e-01	6.68e-01	1.46e-01	1.48e-02	0.00e+00	0.00e+00
 3.53394e+16	1.20e-07	4.22e-04	1.78e-01	6.75e-01	1.34e-01	1.25e-02	0.00e+00	0.00e+00
 3.54297e+16	1.40e-07	4.68e-04	1.85e-01	6.81e-01	1.23e-01	1.06e-02	0.00e+00	0.00e+00
 3.54997e+16	1.52e-07	4.95e-04	1.91e-01	6.85e-01	1.14e-01	9.25e-03	0.00e+00	0.00e+00
 3.55608e+16	1.64e-07	5.23e-04	1.96e-01	6.89e-01	1.07e-01	8.11e-03	0.00e+00	0.00e+00
 3.56401e+16	1.81e-07	5.61e-04	2.03e-01	6.93e-01	9.72e-02	6.78e-03	0.00e+00	0.00e+00
 3.57200e+16	1.99e-07	6.01e-04	2.09e-01	6.97e-01	8.79e-02	5.61e-03	0.00e+00	0.00e+00
 3.57830e+16	2.15e-07	6.35e-04	2.15e-01	6.99e-01	8.07e-02	4.77e-03	0.00e+00	0.00e+00
 3.58472e+16	2.33e-07	6.72e-04	2.20e-01	7.02e-01	7.33e-02	3.98e-03	0.00e+00	0.00e+00
 3.59184e+16	2.53e-07	7.14e-04	2.26e-01	7.04e-01	6.57e-02	3.24e-03	0.00e+00	0.00e+00
 3.59848e+16	2.74e-07	7.55e-04	2.32e-01	7.06e-01	5.89e-02	2.64e-03	0.00e+00	0.00e+00
 3.60478e+16	2.95e-07	7.96e-04	2.37e-01	7.07e-01	5.28e-02	2.15e-03	0.00e+00	0.00e+00
 3.61201e+16	3.20e-07	8.42e-04	2.43e-01	7.08e-01	4.62e-02	1.67e-03	0.00e+00	0.00e+00
 3.62011e+16	3.51e-07	8.99e-04	2.49e-01	7.09e-01	3.96e-02	1.25e-03	0.00e+00	0.00e+00
 3.62786e+16	3.82e-07	9.54e-04	2.56e-01	7.09e-01	3.39e-02	9.36e-04	0.00e+00	0.00e+00
 3.63649e+16	4.19e-07	1.02e-03	2.62e-01	7.08e-01	2.83e-02	6.66e-04	0.00e+00	0.00e+00
 3.64770e+16	4.70e-07	1.10e-03	2.70e-01	7.06e-01	2.23e-02	4.24e-04	0.00e+00	0.00e+00
 3.65963e+16	5.25e-07	1.18e-03	2.78e-01	7.03e-01	1.73e-02	2.63e-04	0.00e+00	0.00e+00
 3.67250e+16	5.89e-07	1.28e-03	2.86e-01	7.00e-01	1.31e-02	1.55e-04	0.00e+00	0.00e+00
 3.68922e+16	6.74e-07	1.39e-03	2.95e-01	6.94e-01	9.28e-03	7.93e-05	0.00e+00	0.00e+00
 3.71097e+16	7.89e-07	1.54e-03	3.06e-01	6.87e-01	6.05e-03	3.44e-05	0.00e+00	0.00e+00
 3.73924e+16	9.50e-07	1.74e-03	3.18e-01	6.76e-01	3.63e-03	1.26e-05	0.00e+00	0.00e+00
 3.77599e+16	1.19e-06	2.00e-03	3.34e-01	6.62e-01	2.00e-03	3.83e-06	0.00e+00	0.00e+00
 3.81573e+16	1.53e-06	2.34e-03	3.50e-01	6.46e-01	1.14e-03	1.23e-06	0.00e+00	0.00e+00
 3.85204e+16	1.93e-06	2.71e-03	3.67e-01	6.30e-01	7.21e-04	4.80e-07	0.00e+00	0.00e+00
 3.89191e+16	2.52e-06	3.22e-03	3.87e-01	6.10e-01	4.47e-04	0.00e+00	0.00e+00	0.00e+00
 3.93478e+16	3.44e-06	3.93e-03	4.10e-01	5.86e-01	2.80e-04	0.00e+00	0.00e+00	0.00e+00
 3.97091e+16	4.58e-06	4.75e-03	4.32e-01	5.63e-01	1.92e-04	0.00e+00	0.00e+00	0.00e+00
 4.00014e+16	5.85e-06	5.58e-03	4.52e-01	5.42e-01	1.43e-04	0.00e+00	0.00e+00	0.00e+00
 4.03107e+16	7.67e-06	6.68e-03	4.75e-01	5.18e-01	1.03e-04	0.00e+00	0.00e+00	0.00e+00
 4.05777e+16	9.89e-06	7.92e-03	4.96e-01	4.96e-01	7.98e-05	0.00e+00	0.00e+00	0.00e+00
 4.07226e+16	1.14e-05	8.75e-03	5.09e-01	4.83e-01	6.92e-05	0.00e+00	0.00e+00	0.00e+00
 4.08436e+16	1.29e-05	9.51e-03	5.19e-01	4.71e-01	6.08e-05	0.00e+00	0.00e+00	0.00e+00
 4.10009e+16	1.53e-05	1.06e-02	5.34e-01	4.56e-01	5.14e-05	0.00e+00	0.00e+00	0.00e+00
 4.11752e+16	1.84e-05	1.21e-02	5.50e-01	4.38e-01	4.27e-05	0.00e+00	0.00e+00	0.00e+00
 4.13304e+16	2.20e-05	1.37e-02	5.65e-01	4.21e-01	3.62e-05	0.00e+00	0.00e+00	0.00e+00
 4.14630e+16	2.57e-05	1.52e-02	5.79e-01	4.06e-01	3.13e-05	0.00e+00	0.00e+00	0.00e+00
 4.16072e+16	3.06e-05	1.71e-02	5.94e-01	3.89e-01	2.65e-05	0.00e+00	0.00e+00	0.00e+00
 4.17633e+16	3.73e-05	1.97e-02	6.11e-01	3.69e-01	2.21e-05	0.00e+00	0.00e+00	0.00e+00
 4.18848e+16	4.39e-05	2.20e-02	6.24e-01	3.54e-01	1.92e-05	0.00e+00	0.00e+00	0.00e+00
 4.19679e+16	4.93e-05	2.38e-02	6.34e-01	3.43e-01	1.73e-05	0.00e+00	0.00e+00	0.00e+00
 4.20514e+16	5.52e-05	2.58e-02	6.43e-01	3.31e-01	1.56e-05	0.00e+00	0.00e+00	0.00e+00
 4.21599e+16	6.46e-05	2.87e-02	6.55e-01	3.16e-01	1.35e-05	0.00e+00	0.00e+00	0.00e+00
 4.22716e+16	7.63e-05	3.22e-02	6.67e-01	3.00e-01	1.16e-05	0.00e+00	0.00e+00	0.00e+00
 4.23608e+16	8.75e-05	3.55e-02	6.77e-01	2.87e-01	1.03e-05	0.00e+00	0.00e+00	0.00e+00
 4.24352e+16	9.85e-05	3.85e-02	6.85e-01	2.76e-01	9.27e-06	0.00e+00	0.00e+00	0.00e+00
 4.25173e+16	1.12e-04	4.22e-02	6.94e-01	2.64e-01	8.20e-06	0.00e+00	0.00e+00	0.00e+00
 4.26082e+16	1.31e-04	4.69e-02	7.03e-01	2.50e-01	7.14e-06	0.00e+00	0.00e+00	0.00e+00
 4.26900e+16	1.51e-04	5.17e-02	7.11e-01	2.37e-01	6.28e-06	0.00e+00	0.00e+00	0.00e+00
 4.27612e+16	1.71e-04	5.65e-02	7.18e-01	2.26e-01	5.60e-06	0.00e+00	0.00e+00	0.00e+00
 4.28393e+16	1.97e-04	6.23e-02	7.24e-01	2.13e-01	4.89e-06	0.00e+00	0.00e+00	0.00e+00
 4.29231e+16	2.31e-04	6.95e-02	7.31e-01	2.00e-01	4.22e-06	0.00e+00	0.00e+00	0.00e+00
 4.29943e+16	2.65e-04	7.65e-02	7.35e-01	1.88e-01	3.71e-06	0.00e+00	0.00e+00	0.00e+00
 4.30549e+16	3.00e-04	8.32e-02	7.39e-01	1.78e-01	3.30e-06	0.00e+00	0.00e+00	0.00e+00
 4.31217e+16	3.43e-04	9.14e-02	7.41e-01	1.67e-01	2.88e-06	0.00e+00	0.00e+00	0.00e+00
 4.31946e+16	4.01e-04	1.02e-01	7.43e-01	1.55e-01	2.47e-06	0.00e+00	0.00e+00	0.00e+00
 4.32585e+16	4.62e-04	1.12e-01	7.43e-01	1.44e-01	2.15e-06	0.00e+00	0.00e+00	0.00e+00
 4.33142e+16	5.23e-04	1.22e-01	7.43e-01	1.35e-01	1.89e-06	0.00e+00	0.00e+00	0.00e+00
 4.33758e+16	6.03e-04	1.34e-01	7.40e-01	1.25e-01	1.63e-06	0.00e+00	0.00e+00	0.00e+00
 4.34425e+16	7.07e-04	1.49e-01	7.36e-01	1.14e-01	1.37e-06	0.00e+00	0.00e+00	0.00e+00
 4.35006e+16	8.17e-04	1.64e-01	7.30e-01	1.05e-01	1.18e-06	0.00e+00	0.00e+00	0.00e+00
 4.35510e+16	9.25e-04	1.79e-01	7.24e-01	9.65e-02	1.02e-06	0.00e+00	0.00e+00	0.00e+00
 4.36067e+16	1.07e-03	1.97e-01	7.14e-01	8.77e-02	8.60e-07	0.00e+00	0.00e+00	0.00e+00
 4.36678e+16	1.26e-03	2.19e-01	7.01e-01	7.83e-02	0.00e+00	0.00e+00	0.00e+00	0.00e+00
 4.37225e+16	1.47e-03	2.42e-01	6.87e-01	7.00e-02	0.00e+00	0.00e+00	0.00e+00	0.00e+00
 4.37710e+16	1.68e-03	2.64e-01	6.71e-01	6.28e-02	0.00e+00	0.00e+00	0.00e+00	0.00e+00
 4.38247e+16	1.96e-03	2.92e-01	6.51e-01	5.51e-02	0.00e+00	0.00e+00	0.00e+00	0.00e+00
 4.38843e+16	2.34e-03	3.26e-01	6.25e-01	4.69e-02	0.00e+00	0.00e+00	0.00e+00	0.00e+00
 4.39388e+16	2.78e-03	3.62e-01	5.96e-01	3.99e-02	0.00e+00	0.00e+00	0.00e+00	0.00e+00
 4.39886e+16	3.23e-03	3.98e-01	5.65e-01	3.38e-02	0.00e+00	0.00e+00	0.00e+00	0.00e+00
 4.40450e+16	3.87e-03	4.42e-01	5.27e-01	2.73e-02	0.00e+00	0.00e+00	0.00e+00	0.00e+00
 4.41044e+16	4.71e-03	4.94e-01	4.80e-01	2.12e-02	0.00e+00	0.00e+00	0.00e+00	0.00e+00
 4.41516e+16	5.54e-03	5.40e-01	4.38e-01	1.69e-02	0.00e+00	0.00e+00	0.00e+00	0.00e+00
 4.41883e+16	6.29e-03	5.77e-01	4.03e-01	1.38e-02	0.00e+00	0.00e+00	0.00e+00	0.00e+00
 4.42271e+16	7.19e-03	6.17e-01	3.65e-01	1.09e-02	0.00e+00	0.00e+00	0.00e+00	0.00e+00
 4.42706e+16	8.35e-03	6.63e-01	3.20e-01	8.17e-03	0.00e+00	0.00e+00	0.00e+00	0.00e+00
 4.43094e+16	9.60e-03	7.05e-01	2.79e-01	6.10e-03	0.00e+00	0.00e+00	0.00e+00	0.00e+00
 4.43413e+16	1.08e-02	7.38e-01	2.46e-01	4.68e-03	0.00e+00	0.00e+00	0.00e+00	0.00e+00
 4.43749e+16	1.22e-02	7.72e-01	2.12e-01	3.45e-03	0.00e+00	0.00e+00	0.00e+00	0.00e+00
 4.44116e+16	1.39e-02	8.08e-01	1.76e-01	2.38e-03	0.00e+00	0.00e+00	0.00e+00	0.00e+00
 4.44431e+16	1.57e-02	8.36e-01	1.47e-01	1.67e-03	0.00e+00	0.00e+00	0.00e+00	0.00e+00
 4.44689e+16	1.73e-02	8.57e-01	1.24e-01	1.22e-03	0.00e+00	0.00e+00	0.00e+00	0.00e+00
 4.44962e+16	1.92e-02	8.77e-01	1.03e-01	8.46e-04	0.00e+00	0.00e+00	0.00e+00	0.00e+00
 4.45261e+16	2.16e-02	8.96e-01	8.20e-02	5.51e-04	0.00e+00	0.00e+00	0.00e+00	0.00e+00
 4.45521e+16	2.39e-02	9.10e-01	6.58e-02	3.66e-04	0.00e+00	0.00e+00	0.00e+00	0.00e+00
 4.45735e+16	2.61e-02	9.19e-01	5.42e-02	2.55e-04	0.00e+00	0.00e+00	0.00e+00	0.00e+00
 4.45931e+16	2.83e-02	9.27e-01	4.48e-02	1.80e-04	0.00e+00	0.00e+00	0.00e+00	0.00e+00
 4.46155e+16	3.12e-02	9.33e-01	3.56e-02	1.18e-04	0.00e+00	0.00e+00	0.00e+00	0.00e+00
 4.46389e+16	3.44e-02	9.38e-01	2.76e-02	7.37e-05	0.00e+00	0.00e+00	0.00e+00	0.00e+00
 4.46577e+16	3.74e-02	9.41e-01	2.20e-02	4.91e-05	0.00e+00	0.00e+00	0.00e+00	0.00e+00
 4.46729e+16	4.01e-02	9.42e-01	1.83e-02	3.49e-05	0.00e+00	0.00e+00	0.00e+00	0.00e+00
 4.46887e+16	4.31e-02	9.42e-01	1.49e-02	2.40e-05	0.00e+00	0.00e+00	0.00e+00	0.00e+00
 4.47056e+16	4.66e-02	9.42e-01	1.19e-02	1.59e-05	0.00e+00	0.00e+00	0.00e+00	0.00e+00
 4.47213e+16	5.02e-02	9.40e-01	9.55e-03	1.07e-05	0.00e+00	0.00e+00	0.00e+00	0.00e+00
 4.47354e+16	5.36e-02	9.39e-01	7.76e-03	7.32e-06	0.00e+00	0.00e+00	0.00e+00	0.00e+00
 4.47485e+16	5.72e-02	9.36e-01	6.37e-03	5.10e-06	0.00e+00	0.00e+00	0.00e+00	0.00e+00
 4.47608e+16	6.06e-02	9.34e-01	5.27e-03	3.61e-06	0.00e+00	0.00e+00	0.00e+00	0.00e+00
 4.47717e+16	6.39e-02	9.32e-01	4.43e-03	2.63e-06	0.00e+00	0.00e+00	0.00e+00	0.00e+00
 4.47817e+16	6.72e-02	9.29e-01	3.76e-03	1.95e-06	0.00e+00	0.00e+00	0.00e+00	0.00e+00
 4.47895e+16	6.96e-02	9.27e-01	3.32e-03	1.55e-06	0.00e+00	0.00e+00	0.00e+00	0.00e+00
 4.47946e+16	7.14e-02	9.26e-01	3.04e-03	1.33e-06	0.00e+00	0.00e+00	0.00e+00	0.00e+00
 4.47995e+16	7.33e-02	9.24e-01	2.80e-03	1.13e-06	0.00e+00	0.00e+00	0.00e+00	0.00e+00
 4.48051e+16	7.56e-02	9.22e-01	2.53e-03	9.47e-07	0.00e+00	0.00e+00	0.00e+00	0.00e+00
 4.48111e+16	7.79e-02	9.20e-01	2.28e-03	0.00e+00	0.00e+00	0.00e+00	0.00e+00	0.00e+00
 4.48168e+16	8.03e-02	9.18e-01	2.06e-03	0.00e+00	0.00e+00	0.00e+00	0.00e+00	0.00e+00
 4.48222e+16	8.26e-02	9.16e-01	1.87e-03	0.00e+00	0.00e+00	0.00e+00	0.00e+00	0.00e+00
 4.48276e+16	8.50e-02	9.13e-01	1.69e-03	0.00e+00	0.00e+00	0.00e+00	0.00e+00	0.00e+00
 4.48330e+16	8.75e-02	9.11e-01	1.53e-03	0.00e+00	0.00e+00	0.00e+00	0.00e+00	0.00e+00
 4.48383e+16	9.01e-02	9.09e-01	1.38e-03	0.00e+00	0.00e+00	0.00e+00	0.00e+00	0.00e+00
 4.48435e+16	9.27e-02	9.06e-01	1.25e-03	0.00e+00	0.00e+00	0.00e+00	0.00e+00	0.00e+00
 4.48487e+16	9.56e-02	9.03e-01	1.13e-03	0.00e+00	0.00e+00	0.00e+00	0.00e+00	0.00e+00
 4.48539e+16	9.84e-02	9.01e-01	1.02e-03	0.00e+00	0.00e+00	0.00e+00	0.00e+00	0.00e+00
 4.48589e+16	1.01e-01	8.98e-01	9.27e-04	0.00e+00	0.00e+00	0.00e+00	0.00e+00	0.00e+00
 4.48638e+16	1.04e-01	8.95e-01	8.40e-04	0.00e+00	0.00e+00	0.00e+00	0.00e+00	0.00e+00
 4.48687e+16	1.07e-01	8.92e-01	7.59e-04	0.00e+00	0.00e+00	0.00e+00	0.00e+00	0.00e+00
 4.48736e+16	1.11e-01	8.88e-01	6.86e-04	0.00e+00	0.00e+00	0.00e+00	0.00e+00	0.00e+00
 4.48784e+16	1.14e-01	8.85e-01	6.21e-04	0.00e+00	0.00e+00	0.00e+00	0.00e+00	0.00e+00
 4.48831e+16	1.18e-01	8.81e-01	5.61e-04	0.00e+00	0.00e+00	0.00e+00	0.00e+00	0.00e+00
 4.48878e+16	1.22e-01	8.78e-01	5.07e-04	0.00e+00	0.00e+00	0.00e+00	0.00e+00	0.00e+00
 4.48924e+16	1.26e-01	8.74e-01	4.58e-04	0.00e+00	0.00e+00	0.00e+00	0.00e+00	0.00e+00
 4.48970e+16	1.30e-01	8.70e-01	4.14e-04	0.00e+00	0.00e+00	0.00e+00	0.00e+00	0.00e+00
 4.49015e+16	1.35e-01	8.65e-01	3.73e-04	0.00e+00	0.00e+00	0.00e+00	0.00e+00	0.00e+00
 4.49059e+16	1.39e-01	8.61e-01	3.37e-04	0.00e+00	0.00e+00	0.00e+00	0.00e+00	0.00e+00
 4.49103e+16	1.44e-01	8.56e-01	3.04e-04	0.00e+00	0.00e+00	0.00e+00	0.00e+00	0.00e+00
 4.49146e+16	1.49e-01	8.50e-01	2.75e-04	0.00e+00	0.00e+00	0.00e+00	0.00e+00	0.00e+00
 4.49188e+16	1.55e-01	8.45e-01	2.48e-04	0.00e+00	0.00e+00	0.00e+00	0.00e+00	0.00e+00
 4.49230e+16	1.61e-01	8.39e-01	2.23e-04	0.00e+00	0.00e+00	0.00e+00	0.00e+00	0.00e+00
 4.49272e+16	1.67e-01	8.33e-01	2.01e-04	0.00e+00	0.00e+00	0.00e+00	0.00e+00	0.00e+00
 4.49312e+16	1.74e-01	8.26e-01	1.81e-04	0.00e+00	0.00e+00	0.00e+00	0.00e+00	0.00e+00
 4.49352e+16	1.81e-01	8.19e-01	1.64e-04	0.00e+00	0.00e+00	0.00e+00	0.00e+00	0.00e+00
 4.49392e+16	1.89e-01	8.11e-01	1.47e-04	0.00e+00	0.00e+00	0.00e+00	0.00e+00	0.00e+00
 4.49430e+16	1.98e-01	8.02e-01	1.33e-04	0.00e+00	0.00e+00	0.00e+00	0.00e+00	0.00e+00
 4.49467e+16	2.06e-01	7.94e-01	1.19e-04	0.00e+00	0.00e+00	0.00e+00	0.00e+00	0.00e+00
 4.49504e+16	2.16e-01	7.84e-01	1.08e-04	0.00e+00	0.00e+00	0.00e+00	0.00e+00	0.00e+00
