#depth	He	He+	He+2
 1.49634e+10	3.41e-22	1.79e-11	1.00e+00
 4.54887e+10	3.90e-22	1.94e-11	1.00e+00
 7.72350e+10	4.43e-22	2.11e-11	1.00e+00
 1.10251e+11	5.05e-22	2.29e-11	1.00e+00
 1.43747e+11	5.73e-22	2.47e-11	1.00e+00
 1.78583e+11	6.51e-22	2.68e-11	1.00e+00
 2.15653e+11	7.45e-22	2.91e-11	1.00e+00
 2.54206e+11	8.52e-22	3.15e-11	1.00e+00
 2.94301e+11	9.76e-22	3.42e-11	1.00e+00
 3.36000e+11	1.12e-21	3.72e-11	1.00e+00
 3.79367e+11	1.29e-21	4.04e-11	1.00e+00
 4.24468e+11	1.48e-21	4.39e-11	1.00e+00
 4.71374e+11	1.70e-21	4.77e-11	1.00e+00
 5.15520e+11	1.94e-21	5.14e-11	1.00e+00
 5.55059e+11	2.17e-21	5.49e-11	1.00e+00
 5.99461e+11	2.44e-21	5.90e-11	1.00e+00
 6.52013e+11	2.82e-21	6.40e-11	1.00e+00
 7.04561e+11	3.23e-21	6.93e-11	1.00e+00
 7.53964e+11	3.66e-21	7.45e-11	1.00e+00
 8.08804e+11	4.18e-21	8.05e-11	1.00e+00
 8.71083e+11	4.85e-21	8.77e-11	1.00e+00
 9.33205e+11	5.60e-21	9.53e-11	1.00e+00
 9.97812e+11	6.45e-21	1.03e-10	1.00e+00
 1.06765e+12	7.49e-21	1.13e-10	1.00e+00
 1.14028e+12	8.71e-21	1.23e-10	1.00e+00
 1.20879e+12	1.00e-20	1.33e-10	1.00e+00
 1.27043e+12	1.13e-20	1.43e-10	1.00e+00
 1.33980e+12	1.28e-20	1.54e-10	1.00e+00
 1.42154e+12	1.48e-20	1.68e-10	1.00e+00
 1.50298e+12	1.71e-20	1.83e-10	1.00e+00
 1.57953e+12	1.95e-20	1.98e-10	1.00e+00
 1.66448e+12	2.23e-20	2.14e-10	1.00e+00
 1.76098e+12	2.60e-20	2.35e-10	1.00e+00
 1.85603e+12	3.00e-20	2.56e-10	1.00e+00
 1.95489e+12	3.45e-20	2.79e-10	1.00e+00
 2.06301e+12	4.01e-20	3.06e-10	1.00e+00
 2.17226e+12	4.64e-20	3.35e-10	1.00e+00
 2.28589e+12	5.36e-20	3.67e-10	1.00e+00
 2.40289e+12	6.19e-20	4.02e-10	1.00e+00
 2.51783e+12	7.07e-20	4.38e-10	1.00e+00
 2.64173e+12	8.11e-20	4.79e-10	1.00e+00
 2.77733e+12	9.38e-20	5.27e-10	1.00e+00
 2.91835e+12	1.08e-19	5.80e-10	1.00e+00
 3.06501e+12	1.25e-19	6.39e-10	1.00e+00
 3.21753e+12	1.44e-19	7.03e-10	1.00e+00
 3.35553e+12	1.63e-19	7.66e-10	1.00e+00
 3.47058e+12	1.79e-19	8.20e-10	1.00e+00
 3.59666e+12	1.98e-19	8.82e-10	1.00e+00
 3.75624e+12	2.25e-19	9.65e-10	1.00e+00
 3.92262e+12	2.55e-19	1.06e-09	1.00e+00
 4.07010e+12	2.84e-19	1.14e-09	1.00e+00
 4.20803e+12	3.12e-19	1.23e-09	1.00e+00
 4.36558e+12	3.47e-19	1.33e-09	1.00e+00
 4.55869e+12	3.94e-19	1.45e-09	1.00e+00
 4.75085e+12	4.45e-19	1.59e-09	1.00e+00
 4.91835e+12	4.93e-19	1.71e-09	1.00e+00
 5.10094e+12	5.48e-19	1.85e-09	1.00e+00
 5.32320e+12	6.22e-19	2.04e-09	1.00e+00
 5.54992e+12	7.04e-19	2.23e-09	1.00e+00
 5.75898e+12	7.86e-19	2.42e-09	1.00e+00
 5.99217e+12	8.86e-19	2.63e-09	1.00e+00
 6.26142e+12	1.01e-18	2.90e-09	1.00e+00
 6.52591e+12	1.15e-18	3.17e-09	1.00e+00
 6.77974e+12	1.30e-18	3.45e-09	1.00e+00
 7.05963e+12	1.48e-18	3.76e-09	1.00e+00
 7.37194e+12	1.70e-18	4.14e-09	1.00e+00
 7.65625e+12	1.93e-18	4.49e-09	1.00e+00
 7.89615e+12	2.14e-18	4.80e-09	1.00e+00
 8.16021e+12	2.39e-18	5.15e-09	1.00e+00
 8.45848e+12	2.71e-18	5.57e-09	1.00e+00
 8.74435e+12	3.04e-18	5.98e-09	1.00e+00
 9.05914e+12	3.44e-18	6.45e-09	1.00e+00
 9.40884e+12	3.94e-18	7.00e-09	1.00e+00
 9.73662e+12	4.46e-18	7.54e-09	1.00e+00
 1.00955e+13	5.09e-18	8.14e-09	1.00e+00
 1.04992e+13	5.88e-18	8.86e-09	1.00e+00
 1.08851e+13	6.72e-18	9.57e-09	1.00e+00
 1.12419e+13	7.58e-18	1.03e-08	1.00e+00
 1.16369e+13	8.64e-18	1.10e-08	1.00e+00
 1.20798e+13	9.96e-18	1.19e-08	1.00e+00
 1.24984e+13	1.13e-17	1.28e-08	1.00e+00
 1.29562e+13	1.30e-17	1.39e-08	1.00e+00
 1.34627e+13	1.51e-17	1.50e-08	1.00e+00
 1.39329e+13	1.73e-17	1.62e-08	1.00e+00
 1.44444e+13	1.99e-17	1.74e-08	1.00e+00
 1.50166e+13	2.32e-17	1.89e-08	1.00e+00
 1.55569e+13	2.67e-17	2.04e-08	1.00e+00
 1.61454e+13	3.09e-17	2.20e-08	1.00e+00
 1.68013e+13	3.62e-17	2.40e-08	1.00e+00
 1.74236e+13	4.18e-17	2.59e-08	1.00e+00
 1.80907e+13	4.86e-17	2.80e-08	1.00e+00
 1.88443e+13	5.72e-17	3.05e-08	1.00e+00
 1.95892e+13	6.68e-17	3.30e-08	1.00e+00
 2.03639e+13	7.81e-17	3.58e-08	1.00e+00
 2.12084e+13	9.20e-17	3.90e-08	1.00e+00
 2.20867e+13	1.08e-16	4.24e-08	1.00e+00
 2.30001e+13	1.27e-16	4.61e-08	1.00e+00
 2.38957e+13	1.49e-16	4.99e-08	1.00e+00
 2.47278e+13	1.71e-16	5.35e-08	1.00e+00
 2.56474e+13	1.98e-16	5.77e-08	1.00e+00
 2.65923e+13	2.29e-16	6.21e-08	1.00e+00
 2.73822e+13	2.57e-16	6.60e-08	1.00e+00
 2.82159e+13	2.90e-16	7.01e-08	1.00e+00
 2.92758e+13	3.36e-16	7.56e-08	1.00e+00
 3.03828e+13	3.90e-16	8.16e-08	1.00e+00
 3.13638e+13	4.43e-16	8.70e-08	1.00e+00
 3.24283e+13	5.06e-16	9.31e-08	1.00e+00
 3.36155e+13	5.85e-16	1.00e-07	1.00e+00
 3.47267e+13	6.66e-16	1.07e-07	1.00e+00
 3.59358e+13	7.63e-16	1.15e-07	1.00e+00
 3.72818e+13	8.84e-16	1.23e-07	1.00e+00
 3.85392e+13	1.01e-15	1.32e-07	1.00e+00
 3.99071e+13	1.16e-15	1.41e-07	1.00e+00
 4.14350e+13	1.35e-15	1.53e-07	1.00e+00
 4.28720e+13	1.54e-15	1.63e-07	1.00e+00
 4.44403e+13	1.78e-15	1.75e-07	1.00e+00
 4.61935e+13	2.07e-15	1.90e-07	1.00e+00
 4.78493e+13	2.38e-15	2.03e-07	1.00e+00
 4.96258e+13	2.75e-15	2.19e-07	1.00e+00
 5.16407e+13	3.22e-15	2.37e-07	1.00e+00
 5.36195e+13	3.74e-15	2.55e-07	1.00e+00
 5.56775e+13	4.33e-15	2.75e-07	1.00e+00
 5.79345e+13	5.07e-15	2.98e-07	1.00e+00
 6.02223e+13	5.91e-15	3.21e-07	1.00e+00
 6.26017e+13	6.89e-15	3.47e-07	1.00e+00
 6.49883e+13	7.99e-15	3.74e-07	1.00e+00
 6.72438e+13	9.14e-15	4.00e-07	1.00e+00
 6.97367e+13	1.06e-14	4.31e-07	1.00e+00
 7.22330e+13	1.21e-14	4.62e-07	1.00e+00
 7.42966e+13	1.36e-14	4.89e-07	1.00e+00
 7.64802e+13	1.52e-14	5.18e-07	1.00e+00
 7.92836e+13	1.75e-14	5.57e-07	1.00e+00
 8.22324e+13	2.03e-14	6.00e-07	1.00e+00
 8.48322e+13	2.30e-14	6.39e-07	1.00e+00
 8.76388e+13	2.61e-14	6.82e-07	1.00e+00
 9.10246e+13	3.04e-14	7.37e-07	1.00e+00
 9.44603e+13	3.52e-14	7.94e-07	1.00e+00
 9.76649e+13	4.02e-14	8.50e-07	1.00e+00
 1.01233e+14	4.64e-14	9.15e-07	1.00e+00
 1.05033e+14	5.38e-14	9.86e-07	1.00e+00
 1.08412e+14	6.10e-14	1.05e-06	1.00e+00
 1.12042e+14	6.96e-14	1.13e-06	1.00e+00
 1.16390e+14	8.11e-14	1.22e-06	1.00e+00
 1.20666e+14	9.37e-14	1.31e-06	1.00e+00
 1.24470e+14	1.06e-13	1.40e-06	1.00e+00
 1.28666e+14	1.21e-13	1.50e-06	1.00e+00
 1.33673e+14	1.41e-13	1.62e-06	1.00e+00
 1.38646e+14	1.63e-13	1.75e-06	1.00e+00
 1.43185e+14	1.86e-13	1.87e-06	1.00e+00
 1.48249e+14	2.13e-13	2.01e-06	1.00e+00
 1.54149e+14	2.49e-13	2.18e-06	1.00e+00
 1.59946e+14	2.88e-13	2.35e-06	1.00e+00
 1.65418e+14	3.29e-13	2.52e-06	1.00e+00
 1.71507e+14	3.80e-13	2.71e-06	1.00e+00
 1.78397e+14	4.43e-13	2.94e-06	1.00e+00
 1.85292e+14	5.14e-13	3.18e-06	1.00e+00
 1.91754e+14	5.88e-13	3.41e-06	1.00e+00
 1.98744e+14	6.76e-13	3.67e-06	1.00e+00
 2.06564e+14	7.85e-13	3.97e-06	1.00e+00
 2.13878e+14	8.98e-13	4.26e-06	1.00e+00
 2.20656e+14	1.01e-12	4.55e-06	1.00e+00
 2.27183e+14	1.13e-12	4.82e-06	1.00e+00
 2.34440e+14	1.28e-12	5.15e-06	1.00e+00
 2.42471e+14	1.45e-12	5.51e-06	1.00e+00
 2.49952e+14	1.63e-12	5.86e-06	1.00e+00
 2.58123e+14	1.84e-12	6.26e-06	1.00e+00
 2.67320e+14	2.10e-12	6.72e-06	1.00e+00
 2.76081e+14	2.37e-12	7.18e-06	1.00e+00
 2.85696e+14	2.70e-12	7.70e-06	1.00e+00
 2.96290e+14	3.09e-12	8.29e-06	1.00e+00
 3.06027e+14	3.49e-12	8.85e-06	1.00e+00
 3.16555e+14	3.96e-12	9.48e-06	1.00e+00
 3.28341e+14	4.54e-12	1.02e-05	1.00e+00
 3.39443e+14	5.13e-12	1.09e-05	1.00e+00
 3.51553e+14	5.85e-12	1.17e-05	1.00e+00
 3.65003e+14	6.72e-12	1.27e-05	1.00e+00
 3.77545e+14	7.62e-12	1.36e-05	1.00e+00
 3.91167e+14	8.68e-12	1.46e-05	1.00e+00
 4.06417e+14	1.00e-11	1.58e-05	1.00e+00
 4.20892e+14	1.14e-11	1.70e-05	1.00e+00
 4.36372e+14	1.30e-11	1.83e-05	1.00e+00
 4.53857e+14	1.51e-11	1.99e-05	1.00e+00
 4.71076e+14	1.74e-11	2.15e-05	1.00e+00
 4.88984e+14	2.00e-11	2.32e-05	1.00e+00
 5.08573e+14	2.32e-11	2.52e-05	1.00e+00
 5.27912e+14	2.67e-11	2.73e-05	1.00e+00
 5.43976e+14	2.99e-11	2.90e-05	1.00e+00
 5.56946e+14	3.28e-11	3.05e-05	1.00e+00
 5.71340e+14	3.62e-11	3.23e-05	1.00e+00
 5.90052e+14	4.10e-11	3.46e-05	1.00e+00
 6.10124e+14	4.67e-11	3.72e-05	1.00e+00
 6.27940e+14	5.24e-11	3.96e-05	1.00e+00
 6.47080e+14	5.89e-11	4.22e-05	1.00e+00
 6.71072e+14	6.81e-11	4.57e-05	1.00e+00
 6.95411e+14	7.86e-11	4.94e-05	1.00e+00
 7.16493e+14	8.87e-11	5.28e-05	1.00e+00
 7.39299e+14	1.01e-10	5.66e-05	1.00e+00
 7.67249e+14	1.17e-10	6.15e-05	1.00e+00
 7.95510e+14	1.36e-10	6.66e-05	1.00e+00
 8.20671e+14	1.55e-10	7.15e-05	1.00e+00
 8.48175e+14	1.78e-10	7.69e-05	1.00e+00
 8.81010e+14	2.08e-10	8.38e-05	1.00e+00
 9.13472e+14	2.43e-10	9.09e-05	1.00e+00
 9.42813e+14	2.77e-10	9.76e-05	1.00e+00
 9.75402e+14	3.20e-10	1.05e-04	1.00e+00
 1.01371e+15	3.77e-10	1.15e-04	1.00e+00
 1.05148e+15	4.41e-10	1.25e-04	1.00e+00
 1.08661e+15	5.08e-10	1.34e-04	1.00e+00
 1.12595e+15	5.92e-10	1.46e-04	1.00e+00
 1.17102e+15	7.01e-10	1.59e-04	1.00e+00
 1.21544e+15	8.24e-10	1.73e-04	1.00e+00
 1.26164e+15	9.67e-10	1.89e-04	1.00e+00
 1.30367e+15	1.11e-09	2.03e-04	1.00e+00
 1.33504e+15	1.23e-09	2.14e-04	1.00e+00
 1.36745e+15	1.37e-09	2.26e-04	1.00e+00
 1.40958e+15	1.56e-09	2.42e-04	1.00e+00
 1.45538e+15	1.80e-09	2.60e-04	1.00e+00
 1.49686e+15	2.03e-09	2.77e-04	1.00e+00
 1.54170e+15	2.31e-09	2.96e-04	1.00e+00
 1.59840e+15	2.70e-09	3.21e-04	1.00e+00
 1.65535e+15	3.14e-09	3.47e-04	1.00e+00
 1.70325e+15	3.55e-09	3.70e-04	1.00e+00
 1.75456e+15	4.04e-09	3.95e-04	1.00e+00
 1.81924e+15	4.73e-09	4.28e-04	1.00e+00
 1.88707e+15	5.54e-09	4.65e-04	1.00e+00
 1.94827e+15	6.36e-09	4.99e-04	1.00e+00
 2.01510e+15	7.36e-09	5.37e-04	9.99e-01
 2.09394e+15	8.68e-09	5.85e-04	9.99e-01
 2.17109e+15	1.01e-08	6.33e-04	9.99e-01
 2.24154e+15	1.16e-08	6.79e-04	9.99e-01
 2.32058e+15	1.35e-08	7.32e-04	9.99e-01
 2.41258e+15	1.60e-08	7.97e-04	9.99e-01
 2.50309e+15	1.87e-08	8.63e-04	9.99e-01
 2.58865e+15	2.15e-08	9.28e-04	9.99e-01
 2.68367e+15	2.51e-08	1.00e-03	9.99e-01
 2.77399e+15	2.89e-08	1.08e-03	9.99e-01
 2.84131e+15	3.20e-08	1.13e-03	9.99e-01
 2.90948e+15	3.53e-08	1.19e-03	9.99e-01
 2.99810e+15	4.01e-08	1.27e-03	9.99e-01
 3.09452e+15	4.58e-08	1.36e-03	9.99e-01
 3.18154e+15	5.14e-08	1.44e-03	9.99e-01
 3.27514e+15	5.80e-08	1.54e-03	9.98e-01
 3.39461e+15	6.74e-08	1.66e-03	9.98e-01
 3.51490e+15	7.78e-08	1.78e-03	9.98e-01
 3.61465e+15	8.72e-08	1.89e-03	9.98e-01
 3.72054e+15	9.84e-08	2.01e-03	9.98e-01
 3.85602e+15	1.14e-07	2.17e-03	9.98e-01
 3.99720e+15	1.33e-07	2.34e-03	9.98e-01
 4.12046e+15	1.50e-07	2.49e-03	9.98e-01
 4.25315e+15	1.71e-07	2.66e-03	9.97e-01
 4.41473e+15	2.00e-07	2.88e-03	9.97e-01
 4.57417e+15	2.32e-07	3.10e-03	9.97e-01
 4.71315e+15	2.62e-07	3.30e-03	9.97e-01
 4.86520e+15	2.98e-07	3.53e-03	9.96e-01
 5.03371e+15	3.43e-07	3.79e-03	9.96e-01
 5.18998e+15	3.89e-07	4.03e-03	9.96e-01
 5.32461e+15	4.31e-07	4.25e-03	9.96e-01
 5.46470e+15	4.80e-07	4.50e-03	9.96e-01
 5.62028e+15	5.39e-07	4.77e-03	9.95e-01
 5.76738e+15	5.99e-07	5.03e-03	9.95e-01
 5.93000e+15	6.73e-07	5.35e-03	9.95e-01
 6.10653e+15	7.58e-07	5.69e-03	9.94e-01
 6.26907e+15	8.43e-07	6.01e-03	9.94e-01
 6.44828e+15	9.50e-07	6.40e-03	9.94e-01
 6.64469e+15	1.07e-06	6.83e-03	9.93e-01
 6.82888e+15	1.20e-06	7.25e-03	9.93e-01
 7.03375e+15	1.36e-06	7.76e-03	9.92e-01
 7.25188e+15	1.54e-06	8.30e-03	9.92e-01
 7.44406e+15	1.72e-06	8.80e-03	9.91e-01
 7.65069e+15	1.94e-06	9.40e-03	9.91e-01
 7.87821e+15	2.19e-06	1.01e-02	9.90e-01
 8.08790e+15	2.45e-06	1.07e-02	9.89e-01
 8.31555e+15	2.79e-06	1.16e-02	9.88e-01
 8.56020e+15	3.16e-06	1.24e-02	9.88e-01
 8.76726e+15	3.50e-06	1.32e-02	9.87e-01
 8.94653e+15	3.85e-06	1.40e-02	9.86e-01
 9.14936e+15	4.29e-06	1.49e-02	9.85e-01
 9.37134e+15	4.83e-06	1.61e-02	9.84e-01
 9.57165e+15	5.34e-06	1.71e-02	9.83e-01
 9.75661e+15	5.89e-06	1.82e-02	9.82e-01
 9.96820e+15	6.62e-06	1.97e-02	9.80e-01
 1.01954e+16	7.50e-06	2.13e-02	9.79e-01
 1.03936e+16	8.35e-06	2.29e-02	9.77e-01
 1.05735e+16	9.26e-06	2.45e-02	9.75e-01
 1.07788e+16	1.05e-05	2.67e-02	9.73e-01
 1.09989e+16	1.20e-05	2.93e-02	9.71e-01
 1.11889e+16	1.35e-05	3.18e-02	9.68e-01
 1.13577e+16	1.51e-05	3.44e-02	9.66e-01
 1.15488e+16	1.72e-05	3.78e-02	9.62e-01
 1.17529e+16	2.00e-05	4.20e-02	9.58e-01
 1.19253e+16	2.28e-05	4.62e-02	9.54e-01
 1.20746e+16	2.56e-05	5.04e-02	9.50e-01
 1.22422e+16	2.93e-05	5.60e-02	9.44e-01
 1.24255e+16	3.44e-05	6.33e-02	9.37e-01
 1.25839e+16	4.01e-05	7.09e-02	9.29e-01
 1.27098e+16	4.62e-05	7.81e-02	9.22e-01
 1.28111e+16	5.13e-05	8.49e-02	9.15e-01
 1.29152e+16	5.74e-05	9.29e-02	9.07e-01
 1.30506e+16	6.84e-05	1.05e-01	8.95e-01
 1.31661e+16	7.81e-05	1.18e-01	8.82e-01
 1.32378e+16	8.70e-05	1.27e-01	8.73e-01
 1.32971e+16	9.40e-05	1.35e-01	8.65e-01
 1.33585e+16	1.03e-04	1.45e-01	8.55e-01
 1.34383e+16	1.17e-04	1.59e-01	8.41e-01
 1.35209e+16	1.31e-04	1.75e-01	8.25e-01
 1.35943e+16	1.49e-04	1.92e-01	8.08e-01
 1.36561e+16	1.64e-04	2.08e-01	7.92e-01
 1.37159e+16	1.83e-04	2.25e-01	7.74e-01
 1.37830e+16	2.07e-04	2.47e-01	7.53e-01
 1.38407e+16	2.29e-04	2.67e-01	7.32e-01
 1.38968e+16	2.55e-04	2.90e-01	7.10e-01
 1.39596e+16	2.89e-04	3.17e-01	6.82e-01
 1.40146e+16	3.20e-04	3.43e-01	6.57e-01
 1.40696e+16	3.57e-04	3.72e-01	6.28e-01
 1.41302e+16	4.01e-04	4.06e-01	5.94e-01
 1.41869e+16	4.46e-04	4.39e-01	5.61e-01
 1.42409e+16	4.93e-04	4.72e-01	5.27e-01
 1.43022e+16	5.52e-04	5.12e-01	4.88e-01
 1.43685e+16	6.19e-04	5.55e-01	4.44e-01
 1.44289e+16	6.86e-04	5.95e-01	4.05e-01
 1.44946e+16	7.63e-04	6.38e-01	3.62e-01
 1.45679e+16	8.50e-04	6.82e-01	3.17e-01
 1.46388e+16	9.35e-04	7.23e-01	2.76e-01
 1.47189e+16	1.03e-03	7.64e-01	2.35e-01
 1.47925e+16	1.12e-03	7.96e-01	2.03e-01
 1.48427e+16	1.18e-03	8.16e-01	1.83e-01
 1.48930e+16	1.24e-03	8.35e-01	1.64e-01
 1.49583e+16	1.31e-03	8.57e-01	1.42e-01
 1.50306e+16	1.40e-03	8.77e-01	1.22e-01
 1.50983e+16	1.47e-03	8.93e-01	1.06e-01
 1.51727e+16	1.56e-03	9.08e-01	9.02e-02
 1.52545e+16	1.66e-03	9.22e-01	7.63e-02
 1.53286e+16	1.74e-03	9.32e-01	6.60e-02
 1.53929e+16	1.82e-03	9.40e-01	5.83e-02
 1.54614e+16	1.91e-03	9.47e-01	5.09e-02
 1.55371e+16	2.01e-03	9.54e-01	4.43e-02
 1.56039e+16	2.10e-03	9.59e-01	3.93e-02
 1.56615e+16	2.19e-03	9.62e-01	3.55e-02
 1.57251e+16	2.28e-03	9.66e-01	3.16e-02
 1.57961e+16	2.40e-03	9.70e-01	2.80e-02
 1.58597e+16	2.51e-03	9.72e-01	2.52e-02
 1.59142e+16	2.62e-03	9.74e-01	2.31e-02
 1.59739e+16	2.74e-03	9.76e-01	2.09e-02
 1.60396e+16	2.88e-03	9.78e-01	1.89e-02
 1.60978e+16	3.02e-03	9.80e-01	1.73e-02
 1.61479e+16	3.15e-03	9.81e-01	1.60e-02
 1.62030e+16	3.30e-03	9.82e-01	1.47e-02
 1.62636e+16	3.48e-03	9.83e-01	1.34e-02
 1.63176e+16	3.65e-03	9.84e-01	1.24e-02
 1.63640e+16	3.82e-03	9.85e-01	1.16e-02
 1.64146e+16	4.01e-03	9.85e-01	1.08e-02
 1.64708e+16	4.25e-03	9.86e-01	9.99e-03
 1.65213e+16	4.48e-03	9.86e-01	9.34e-03
 1.65646e+16	4.70e-03	9.86e-01	8.81e-03
 1.66117e+16	4.96e-03	9.87e-01	8.24e-03
 1.66639e+16	5.28e-03	9.87e-01	7.69e-03
 1.67112e+16	5.61e-03	9.87e-01	7.23e-03
 1.67529e+16	5.92e-03	9.87e-01	6.85e-03
 1.67991e+16	6.31e-03	9.87e-01	6.44e-03
 1.68502e+16	6.80e-03	9.87e-01	6.03e-03
 1.68965e+16	7.30e-03	9.87e-01	5.69e-03
 1.69380e+16	7.79e-03	9.87e-01	5.40e-03
 1.69843e+16	8.43e-03	9.86e-01	5.08e-03
 1.70361e+16	9.25e-03	9.86e-01	4.77e-03
 1.70827e+16	1.01e-02	9.85e-01	4.50e-03
 1.71221e+16	1.10e-02	9.85e-01	4.30e-03
 1.71642e+16	1.20e-02	9.84e-01	4.08e-03
 1.72101e+16	1.34e-02	9.83e-01	3.86e-03
 1.72475e+16	1.48e-02	9.81e-01	3.69e-03
 1.72749e+16	1.60e-02	9.80e-01	3.58e-03
 1.73027e+16	1.73e-02	9.79e-01	3.46e-03
 1.73388e+16	1.93e-02	9.77e-01	3.31e-03
 1.73742e+16	2.18e-02	9.75e-01	3.18e-03
 1.73996e+16	2.40e-02	9.73e-01	3.09e-03
 1.74188e+16	2.57e-02	9.71e-01	3.03e-03
 1.74395e+16	2.80e-02	9.69e-01	2.96e-03
 1.74664e+16	3.13e-02	9.66e-01	2.87e-03
 1.74937e+16	3.54e-02	9.62e-01	2.80e-03
 1.75146e+16	3.94e-02	9.58e-01	2.74e-03
 1.75309e+16	4.28e-02	9.55e-01	2.71e-03
 1.75486e+16	4.70e-02	9.50e-01	2.66e-03
 1.75715e+16	5.34e-02	9.44e-01	2.62e-03
 1.75944e+16	6.13e-02	9.36e-01	2.58e-03
 1.76112e+16	6.87e-02	9.29e-01	2.56e-03
 1.76243e+16	7.48e-02	9.23e-01	2.56e-03
 1.76384e+16	8.25e-02	9.15e-01	2.55e-03
 1.76563e+16	9.36e-02	9.04e-01	2.54e-03
 1.76737e+16	1.07e-01	8.91e-01	2.55e-03
 1.76869e+16	1.19e-01	8.79e-01	2.56e-03
 1.76975e+16	1.29e-01	8.68e-01	2.58e-03
 1.77073e+16	1.40e-01	8.57e-01	2.60e-03
 1.77170e+16	1.52e-01	8.46e-01	2.62e-03
 1.77265e+16	1.64e-01	8.33e-01	2.64e-03
 1.77336e+16	1.74e-01	8.23e-01	2.65e-03
 1.77380e+16	1.81e-01	8.16e-01	2.67e-03
 1.77421e+16	1.88e-01	8.10e-01	2.68e-03
 1.77469e+16	1.96e-01	8.01e-01	2.69e-03
 1.77523e+16	2.05e-01	7.92e-01	2.70e-03
 1.77574e+16	2.15e-01	7.83e-01	2.72e-03
 1.77622e+16	2.24e-01	7.74e-01	2.74e-03
 1.77669e+16	2.33e-01	7.64e-01	2.75e-03
 1.77717e+16	2.43e-01	7.54e-01	2.77e-03
 1.77764e+16	2.54e-01	7.44e-01	2.78e-03
 1.77811e+16	2.64e-01	7.33e-01	2.80e-03
 1.77857e+16	2.75e-01	7.22e-01	2.81e-03
 1.77902e+16	2.86e-01	7.11e-01	2.83e-03
 1.77948e+16	2.98e-01	6.99e-01	2.84e-03
 1.77993e+16	3.10e-01	6.87e-01	2.86e-03
 1.78037e+16	3.23e-01	6.74e-01	2.87e-03
 1.78081e+16	3.35e-01	6.62e-01	2.88e-03
 1.78125e+16	3.48e-01	6.49e-01	2.89e-03
 1.78169e+16	3.61e-01	6.36e-01	2.90e-03
 1.78212e+16	3.75e-01	6.22e-01	2.91e-03
 1.78254e+16	3.88e-01	6.09e-01	2.92e-03
 1.78296e+16	4.03e-01	5.94e-01	2.92e-03
 1.78338e+16	4.17e-01	5.80e-01	2.93e-03
 1.78380e+16	4.31e-01	5.66e-01	2.93e-03
 1.78421e+16	4.46e-01	5.51e-01	2.94e-03
 1.78463e+16	4.61e-01	5.37e-01	2.94e-03
 1.78504e+16	4.76e-01	5.21e-01	2.93e-03
 1.78544e+16	4.91e-01	5.06e-01	2.93e-03
 1.78584e+16	5.06e-01	4.91e-01	2.92e-03
 1.78624e+16	5.21e-01	4.76e-01	2.91e-03
 1.78663e+16	5.36e-01	4.61e-01	2.90e-03
 1.78702e+16	5.51e-01	4.46e-01	2.88e-03
 1.78740e+16	5.65e-01	4.32e-01	2.87e-03
 1.78777e+16	5.80e-01	4.17e-01	2.85e-03
 1.78814e+16	5.94e-01	4.03e-01	2.83e-03
 1.78851e+16	6.08e-01	3.89e-01	2.80e-03
 1.78887e+16	6.22e-01	3.75e-01	2.78e-03
 1.78923e+16	6.36e-01	3.62e-01	2.76e-03
 1.78958e+16	6.49e-01	3.49e-01	2.73e-03
 1.78993e+16	6.62e-01	3.35e-01	2.69e-03
 1.79029e+16	6.75e-01	3.22e-01	2.65e-03
 1.79064e+16	6.88e-01	3.09e-01	2.61e-03
 1.79099e+16	7.00e-01	2.97e-01	2.57e-03
 1.79134e+16	7.13e-01	2.85e-01	2.53e-03
 1.79169e+16	7.24e-01	2.73e-01	2.48e-03
 1.79204e+16	7.36e-01	2.62e-01	2.43e-03
 1.79238e+16	7.47e-01	2.51e-01	2.38e-03
 1.79273e+16	7.58e-01	2.40e-01	2.33e-03
 1.79309e+16	7.69e-01	2.29e-01	2.28e-03
 1.79345e+16	7.79e-01	2.19e-01	2.23e-03
 1.79381e+16	7.89e-01	2.09e-01	2.17e-03
 1.79417e+16	7.99e-01	1.99e-01	2.11e-03
 1.79454e+16	8.09e-01	1.89e-01	2.05e-03
 1.79488e+16	8.17e-01	1.81e-01	1.99e-03
 1.79514e+16	8.23e-01	1.75e-01	1.95e-03
 1.79538e+16	8.28e-01	1.70e-01	1.91e-03
 1.79563e+16	8.34e-01	1.64e-01	1.86e-03
 1.79590e+16	8.40e-01	1.58e-01	1.82e-03
 1.79616e+16	8.45e-01	1.53e-01	1.78e-03
 1.79641e+16	8.50e-01	1.49e-01	1.73e-03
 1.79665e+16	8.54e-01	1.44e-01	1.70e-03
 1.79690e+16	8.59e-01	1.40e-01	1.66e-03
 1.79715e+16	8.63e-01	1.36e-01	1.62e-03
 1.79739e+16	8.67e-01	1.32e-01	1.58e-03
 1.79763e+16	8.70e-01	1.28e-01	1.55e-03
 1.79787e+16	8.74e-01	1.24e-01	1.51e-03
 1.79812e+16	8.77e-01	1.21e-01	1.48e-03
 1.79836e+16	8.81e-01	1.18e-01	1.45e-03
 1.79861e+16	8.84e-01	1.15e-01	1.42e-03
 1.79886e+16	8.87e-01	1.12e-01	1.38e-03
 1.79911e+16	8.90e-01	1.09e-01	1.35e-03
 1.79937e+16	8.93e-01	1.06e-01	1.32e-03
 1.79963e+16	8.95e-01	1.04e-01	1.30e-03
 1.79991e+16	8.98e-01	1.01e-01	1.27e-03
 1.80019e+16	9.00e-01	9.85e-02	1.24e-03
 1.80047e+16	9.03e-01	9.61e-02	1.21e-03
 1.80078e+16	9.05e-01	9.38e-02	1.18e-03
 1.80109e+16	9.07e-01	9.15e-02	1.16e-03
 1.80142e+16	9.10e-01	8.93e-02	1.13e-03
 1.80177e+16	9.12e-01	8.72e-02	1.10e-03
 1.80214e+16	9.14e-01	8.51e-02	1.08e-03
 1.80255e+16	9.16e-01	8.31e-02	1.05e-03
 1.80299e+16	9.18e-01	8.10e-02	1.03e-03
 1.80349e+16	9.20e-01	7.90e-02	9.99e-04
 1.80406e+16	9.22e-01	7.70e-02	9.72e-04
 1.80473e+16	9.24e-01	7.49e-02	9.42e-04
 1.80551e+16	9.26e-01	7.29e-02	9.13e-04
 1.80645e+16	9.28e-01	7.09e-02	8.82e-04
 1.80767e+16	9.30e-01	6.88e-02	8.49e-04
 1.80923e+16	9.32e-01	6.68e-02	8.13e-04
 1.81115e+16	9.34e-01	6.49e-02	7.76e-04
 1.81338e+16	9.36e-01	6.31e-02	7.39e-04
 1.81587e+16	9.38e-01	6.15e-02	7.02e-04
 1.81861e+16	9.39e-01	5.99e-02	6.66e-04
 1.82137e+16	9.41e-01	5.84e-02	6.33e-04
 1.82388e+16	9.42e-01	5.72e-02	6.05e-04
 1.82616e+16	9.43e-01	5.61e-02	5.81e-04
 1.82823e+16	9.44e-01	5.51e-02	5.59e-04
 1.83012e+16	9.45e-01	5.42e-02	5.40e-04
 1.83184e+16	9.46e-01	5.34e-02	5.23e-04
 1.83373e+16	9.47e-01	5.25e-02	5.05e-04
 1.83617e+16	9.48e-01	5.13e-02	4.82e-04
 1.83882e+16	9.49e-01	5.02e-02	4.60e-04
 1.84122e+16	9.50e-01	4.91e-02	4.40e-04
 1.84341e+16	9.51e-01	4.82e-02	4.22e-04
 1.84541e+16	9.52e-01	4.74e-02	4.07e-04
 1.84722e+16	9.53e-01	4.66e-02	3.93e-04
 1.84887e+16	9.54e-01	4.59e-02	3.81e-04
 1.85037e+16	9.54e-01	4.53e-02	3.70e-04
 1.85201e+16	9.55e-01	4.46e-02	3.59e-04
 1.85379e+16	9.56e-01	4.39e-02	3.47e-04
 1.85541e+16	9.56e-01	4.32e-02	3.36e-04
 1.85688e+16	9.57e-01	4.26e-02	3.26e-04
 1.85822e+16	9.58e-01	4.21e-02	3.18e-04
 1.85968e+16	9.58e-01	4.15e-02	3.08e-04
 1.86127e+16	9.59e-01	4.09e-02	2.99e-04
 1.86271e+16	9.59e-01	4.03e-02	2.91e-04
 1.86402e+16	9.60e-01	3.98e-02	2.83e-04
 1.86545e+16	9.60e-01	3.93e-02	2.75e-04
 1.86701e+16	9.61e-01	3.87e-02	2.67e-04
 1.86842e+16	9.62e-01	3.82e-02	2.59e-04
 1.86970e+16	9.62e-01	3.77e-02	2.52e-04
 1.87111e+16	9.63e-01	3.71e-02	2.45e-04
 1.87263e+16	9.63e-01	3.66e-02	2.38e-04
 1.87401e+16	9.64e-01	3.61e-02	2.31e-04
 1.87527e+16	9.64e-01	3.56e-02	2.25e-04
 1.87642e+16	9.65e-01	3.52e-02	2.20e-04
 1.87767e+16	9.65e-01	3.48e-02	2.14e-04
 1.87902e+16	9.65e-01	3.43e-02	2.08e-04
 1.88026e+16	9.66e-01	3.39e-02	2.03e-04
 1.88161e+16	9.66e-01	3.34e-02	1.97e-04
 1.88307e+16	9.67e-01	3.29e-02	1.92e-04
 1.88439e+16	9.67e-01	3.25e-02	1.87e-04
 1.88560e+16	9.68e-01	3.21e-02	1.82e-04
 1.88692e+16	9.68e-01	3.17e-02	1.77e-04
 1.88835e+16	9.69e-01	3.12e-02	1.72e-04
 1.88965e+16	9.69e-01	3.08e-02	1.68e-04
 1.89084e+16	9.69e-01	3.05e-02	1.64e-04
 1.89213e+16	9.70e-01	3.01e-02	1.59e-04
 1.89353e+16	9.70e-01	2.97e-02	1.55e-04
 1.89480e+16	9.71e-01	2.93e-02	1.51e-04
 1.89620e+16	9.71e-01	2.89e-02	1.47e-04
 1.89771e+16	9.71e-01	2.85e-02	1.42e-04
 1.89908e+16	9.72e-01	2.81e-02	1.39e-04
 1.90058e+16	9.72e-01	2.77e-02	1.34e-04
 1.90220e+16	9.73e-01	2.72e-02	1.30e-04
 1.90368e+16	9.73e-01	2.69e-02	1.27e-04
 1.90502e+16	9.73e-01	2.65e-02	1.24e-04
 1.90649e+16	9.74e-01	2.61e-02	1.20e-04
 1.90808e+16	9.74e-01	2.58e-02	1.17e-04
 1.90953e+16	9.74e-01	2.54e-02	1.14e-04
 1.91111e+16	9.75e-01	2.50e-02	1.10e-04
 1.91282e+16	9.75e-01	2.47e-02	1.07e-04
 1.91438e+16	9.76e-01	2.43e-02	1.04e-04
 1.91580e+16	9.76e-01	2.40e-02	1.01e-04
 1.91735e+16	9.76e-01	2.36e-02	9.81e-05
 1.91902e+16	9.77e-01	2.33e-02	9.53e-05
 1.92055e+16	9.77e-01	2.30e-02	9.27e-05
 1.92222e+16	9.77e-01	2.26e-02	8.98e-05
 1.92402e+16	9.78e-01	2.23e-02	8.71e-05
 1.92566e+16	9.78e-01	2.19e-02	8.46e-05
 1.92746e+16	9.78e-01	2.16e-02	8.18e-05
 1.92941e+16	9.79e-01	2.12e-02	7.91e-05
 1.93117e+16	9.79e-01	2.09e-02	7.68e-05
 1.93278e+16	9.79e-01	2.06e-02	7.47e-05
 1.93454e+16	9.80e-01	2.03e-02	7.23e-05
 1.93645e+16	9.80e-01	2.00e-02	7.01e-05
 1.93818e+16	9.80e-01	1.97e-02	6.81e-05
 1.94007e+16	9.81e-01	1.93e-02	6.58e-05
 1.94212e+16	9.81e-01	1.90e-02	6.37e-05
 1.94399e+16	9.81e-01	1.87e-02	6.17e-05
 1.94603e+16	9.82e-01	1.84e-02	5.96e-05
 1.94823e+16	9.82e-01	1.81e-02	5.75e-05
 1.95024e+16	9.82e-01	1.78e-02	5.57e-05
 1.95206e+16	9.82e-01	1.75e-02	5.41e-05
 1.95407e+16	9.83e-01	1.72e-02	5.23e-05
 1.95622e+16	9.83e-01	1.69e-02	5.06e-05
 1.95819e+16	9.83e-01	1.67e-02	4.90e-05
 1.96034e+16	9.84e-01	1.64e-02	4.73e-05
 1.96267e+16	9.84e-01	1.61e-02	4.57e-05
 1.96479e+16	9.84e-01	1.58e-02	4.42e-05
 1.96710e+16	9.84e-01	1.55e-02	4.26e-05
 1.96961e+16	9.85e-01	1.52e-02	4.10e-05
 1.97188e+16	9.85e-01	1.50e-02	3.96e-05
 1.97438e+16	9.85e-01	1.47e-02	3.81e-05
 1.97708e+16	9.86e-01	1.44e-02	3.66e-05
 1.97953e+16	9.86e-01	1.41e-02	3.53e-05
 1.98176e+16	9.86e-01	1.39e-02	3.42e-05
 1.98420e+16	9.86e-01	1.36e-02	3.30e-05
 1.98684e+16	9.87e-01	1.34e-02	3.18e-05
 1.98925e+16	9.87e-01	1.32e-02	3.07e-05
 1.99188e+16	9.87e-01	1.29e-02	2.95e-05
 1.99472e+16	9.87e-01	1.26e-02	2.84e-05
 1.99731e+16	9.88e-01	1.24e-02	2.74e-05
 2.00014e+16	9.88e-01	1.22e-02	2.63e-05
 2.00320e+16	9.88e-01	1.19e-02	2.52e-05
 2.00598e+16	9.88e-01	1.17e-02	2.43e-05
 2.00903e+16	9.89e-01	1.14e-02	2.33e-05
 2.01233e+16	9.89e-01	1.12e-02	2.23e-05
 2.01532e+16	9.89e-01	1.10e-02	2.14e-05
 2.01861e+16	9.89e-01	1.07e-02	2.05e-05
 2.02215e+16	9.90e-01	1.05e-02	1.95e-05
 2.02538e+16	9.90e-01	1.02e-02	1.88e-05
 2.02892e+16	9.90e-01	1.00e-02	1.79e-05
 2.03273e+16	9.90e-01	9.76e-03	1.70e-05
 2.03621e+16	9.90e-01	9.55e-03	1.63e-05
 2.04001e+16	9.91e-01	9.31e-03	1.55e-05
 2.04412e+16	9.91e-01	9.08e-03	1.48e-05
 2.04786e+16	9.91e-01	8.87e-03	1.41e-05
 2.05196e+16	9.91e-01	8.64e-03	1.34e-05
 2.05638e+16	9.92e-01	8.41e-03	1.27e-05
 2.06041e+16	9.92e-01	8.22e-03	1.21e-05
 2.06482e+16	9.92e-01	7.99e-03	1.15e-05
 2.06958e+16	9.92e-01	7.77e-03	1.09e-05
 2.07391e+16	9.92e-01	7.58e-03	1.03e-05
 2.07866e+16	9.93e-01	7.36e-03	9.77e-06
 2.08379e+16	9.93e-01	7.15e-03	9.22e-06
 2.08845e+16	9.93e-01	6.97e-03	8.75e-06
 2.09356e+16	9.93e-01	6.76e-03	8.25e-06
 2.10017e+16	9.93e-01	6.50e-03	7.64e-06
 2.10767e+16	9.94e-01	6.23e-03	7.03e-06
 2.11520e+16	9.94e-01	5.98e-03	6.48e-06
 2.12284e+16	9.94e-01	5.74e-03	5.97e-06
 2.13082e+16	9.94e-01	5.50e-03	5.49e-06
 2.13913e+16	9.95e-01	5.26e-03	5.03e-06
 2.14772e+16	9.95e-01	5.03e-03	4.60e-06
 2.15661e+16	9.95e-01	4.80e-03	4.20e-06
 2.16583e+16	9.95e-01	4.58e-03	3.83e-06
 2.17534e+16	9.96e-01	4.37e-03	3.48e-06
 2.18504e+16	9.96e-01	4.16e-03	3.17e-06
 2.19490e+16	9.96e-01	3.97e-03	2.88e-06
 2.20493e+16	9.96e-01	3.78e-03	2.62e-06
 2.21515e+16	9.96e-01	3.60e-03	2.37e-06
 2.22556e+16	9.97e-01	3.43e-03	2.15e-06
 2.23616e+16	9.97e-01	3.26e-03	1.95e-06
 2.24695e+16	9.97e-01	3.10e-03	1.77e-06
 2.25777e+16	9.97e-01	2.95e-03	1.61e-06
 2.26875e+16	9.97e-01	2.81e-03	1.45e-06
 2.28013e+16	9.97e-01	2.67e-03	1.31e-06
 2.29179e+16	9.97e-01	2.53e-03	1.19e-06
 2.30362e+16	9.98e-01	2.40e-03	1.07e-06
 2.31566e+16	9.98e-01	2.28e-03	9.64e-07
 2.32792e+16	9.98e-01	2.16e-03	8.68e-07
 2.34042e+16	9.98e-01	2.05e-03	7.80e-07
 2.35315e+16	9.98e-01	1.94e-03	7.01e-07
 2.36613e+16	9.98e-01	1.84e-03	6.29e-07
 2.37937e+16	9.98e-01	1.74e-03	5.64e-07
 2.39288e+16	9.98e-01	1.65e-03	5.04e-07
 2.40666e+16	9.98e-01	1.56e-03	4.51e-07
 2.42073e+16	9.99e-01	1.47e-03	4.02e-07
 2.43510e+16	9.99e-01	1.39e-03	3.59e-07
 2.44977e+16	9.99e-01	1.31e-03	3.19e-07
 2.46475e+16	9.99e-01	1.23e-03	2.83e-07
 2.48008e+16	9.99e-01	1.16e-03	2.51e-07
 2.49576e+16	9.99e-01	1.09e-03	2.22e-07
 2.51181e+16	9.99e-01	1.02e-03	1.96e-07
 2.52825e+16	9.99e-01	9.61e-04	1.73e-07
 2.54510e+16	9.99e-01	9.00e-04	1.52e-07
 2.56239e+16	9.99e-01	8.43e-04	1.33e-07
 2.58014e+16	9.99e-01	7.88e-04	1.17e-07
 2.59838e+16	9.99e-01	7.35e-04	1.02e-07
 2.61714e+16	9.99e-01	6.85e-04	8.84e-08
 2.63645e+16	9.99e-01	6.39e-04	7.68e-08
 2.65595e+16	9.99e-01	5.94e-04	6.65e-08
 2.67599e+16	9.99e-01	5.52e-04	5.74e-08
 2.69724e+16	9.99e-01	5.11e-04	4.91e-08
 2.71945e+16	1.00e+00	4.71e-04	4.18e-08
 2.74238e+16	1.00e+00	4.33e-04	3.54e-08
 2.76614e+16	1.00e+00	3.98e-04	2.99e-08
 2.79093e+16	1.00e+00	3.64e-04	2.50e-08
 2.81689e+16	1.00e+00	3.32e-04	2.08e-08
 2.84413e+16	1.00e+00	3.01e-04	1.71e-08
 2.87286e+16	1.00e+00	2.72e-04	1.40e-08
 2.90324e+16	1.00e+00	2.45e-04	1.13e-08
 2.93541e+16	1.00e+00	2.19e-04	9.03e-09
 2.96991e+16	1.00e+00	1.94e-04	7.10e-09
 3.00707e+16	1.00e+00	1.71e-04	5.49e-09
 3.04706e+16	1.00e+00	1.49e-04	4.17e-09
 3.09059e+16	1.00e+00	1.28e-04	3.10e-09
 3.13863e+16	1.00e+00	1.09e-04	2.23e-09
 3.19238e+16	1.00e+00	9.06e-05	1.55e-09
 3.25509e+16	1.00e+00	7.34e-05	1.02e-09
 3.32515e+16	1.00e+00	5.83e-05	6.42e-10
 3.39842e+16	1.00e+00	4.60e-05	4.00e-10
 3.47390e+16	1.00e+00	3.61e-05	2.47e-10
 3.54999e+16	1.00e+00	2.84e-05	1.54e-10
 3.62648e+16	1.00e+00	2.24e-05	9.58e-11
 3.70381e+16	1.00e+00	1.77e-05	5.99e-11
 3.78248e+16	1.00e+00	1.40e-05	3.73e-11
 3.86261e+16	1.00e+00	1.10e-05	2.33e-11
 3.94439e+16	1.00e+00	8.68e-06	1.45e-11
 4.02801e+16	1.00e+00	6.83e-06	9.02e-12
 4.11316e+16	1.00e+00	5.38e-06	5.62e-12
 4.20022e+16	1.00e+00	4.24e-06	3.50e-12
 4.29016e+16	1.00e+00	3.32e-06	2.16e-12
 4.38292e+16	1.00e+00	2.60e-06	1.32e-12
 4.47803e+16	1.00e+00	2.03e-06	8.09e-13
 4.57551e+16	1.00e+00	1.58e-06	4.94e-13
 4.67609e+16	1.00e+00	1.23e-06	2.99e-13
 4.78054e+16	1.00e+00	9.52e-07	1.80e-13
 4.88913e+16	1.00e+00	7.34e-07	1.07e-13
 5.00237e+16	1.00e+00	5.62e-07	6.28e-14
 5.12117e+16	1.00e+00	4.27e-07	3.63e-14
 5.24645e+16	1.00e+00	3.22e-07	2.07e-14
 5.37959e+16	1.00e+00	2.40e-07	1.15e-14
 5.52230e+16	1.00e+00	1.76e-07	6.22e-15
 5.67452e+16	1.00e+00	1.28e-07	3.28e-15
 5.83112e+16	1.00e+00	9.30e-08	1.74e-15
 5.98772e+16	1.00e+00	6.81e-08	9.33e-16
 6.14431e+16	1.00e+00	5.03e-08	5.09e-16
 6.30091e+16	1.00e+00	3.74e-08	2.82e-16
 6.45751e+16	1.00e+00	2.80e-08	1.58e-16
 6.63759e+16	1.00e+00	2.01e-08	8.13e-17
 6.84424e+16	1.00e+00	1.40e-08	3.94e-17
 7.05729e+16	1.00e+00	9.72e-09	1.91e-17
 7.27599e+16	1.00e+00	6.77e-09	9.29e-18
 7.49929e+16	1.00e+00	4.73e-09	4.54e-18
 7.72636e+16	1.00e+00	3.33e-09	2.24e-18
 7.95638e+16	1.00e+00	2.35e-09	1.12e-18
 8.18880e+16	1.00e+00	1.67e-09	5.66e-19
 8.42297e+16	1.00e+00	1.19e-09	2.90e-19
 8.65790e+16	1.00e+00	8.60e-10	1.51e-19
 8.89249e+16	1.00e+00	6.25e-10	7.97e-20
 9.12572e+16	1.00e+00	4.59e-10	4.30e-20
 9.35619e+16	1.00e+00	3.40e-10	2.37e-20
 9.58312e+16	1.00e+00	2.55e-10	1.33e-20
 9.80575e+16	1.00e+00	1.94e-10	7.67e-21
 1.00232e+17	1.00e+00	1.49e-10	0.00e+00
 1.02346e+17	1.00e+00	1.16e-10	0.00e+00
 1.04392e+17	1.00e+00	9.10e-11	0.00e+00
 1.06365e+17	1.00e+00	7.25e-11	0.00e+00
 1.08263e+17	1.00e+00	5.86e-11	0.00e+00
 1.10082e+17	1.00e+00	4.78e-11	0.00e+00
 1.11820e+17	1.00e+00	3.96e-11	0.00e+00
 1.13480e+17	1.00e+00	3.31e-11	0.00e+00
 1.15061e+17	1.00e+00	2.80e-11	0.00e+00
 1.16565e+17	1.00e+00	2.39e-11	0.00e+00
 1.17995e+17	1.00e+00	2.07e-11	0.00e+00
 1.19352e+17	1.00e+00	1.80e-11	0.00e+00
 1.20640e+17	1.00e+00	1.58e-11	0.00e+00
 1.21863e+17	1.00e+00	1.40e-11	0.00e+00
 1.23022e+17	1.00e+00	1.26e-11	0.00e+00
 1.24121e+17	1.00e+00	1.13e-11	0.00e+00
 1.25164e+17	1.00e+00	1.02e-11	0.00e+00
 1.26152e+17	1.00e+00	9.34e-12	0.00e+00
 1.27089e+17	1.00e+00	8.57e-12	0.00e+00
 1.27977e+17	1.00e+00	7.90e-12	0.00e+00
 1.28820e+17	1.00e+00	7.32e-12	0.00e+00
 1.29620e+17	1.00e+00	6.82e-12	0.00e+00
 1.30379e+17	1.00e+00	6.38e-12	0.00e+00
 1.31099e+17	1.00e+00	6.01e-12	0.00e+00
 1.31782e+17	1.00e+00	5.65e-12	0.00e+00
 1.32431e+17	1.00e+00	5.35e-12	0.00e+00
 1.33048e+17	1.00e+00	5.08e-12	0.00e+00
 1.33634e+17	1.00e+00	4.85e-12	0.00e+00
 1.34192e+17	1.00e+00	4.62e-12	0.00e+00
 1.34722e+17	1.00e+00	4.43e-12	0.00e+00
 1.35226e+17	1.00e+00	4.25e-12	0.00e+00
 1.35707e+17	1.00e+00	4.09e-12	0.00e+00
 1.36164e+17	1.00e+00	3.95e-12	0.00e+00
 1.36601e+17	1.00e+00	3.82e-12	0.00e+00
 1.37017e+17	1.00e+00	3.70e-12	0.00e+00
 1.37415e+17	1.00e+00	3.58e-12	0.00e+00
 1.37794e+17	1.00e+00	3.48e-12	0.00e+00
 1.38157e+17	1.00e+00	3.39e-12	0.00e+00
 1.38505e+17	1.00e+00	3.30e-12	0.00e+00
 1.38838e+17	1.00e+00	3.22e-12	0.00e+00
 1.39158e+17	1.00e+00	3.15e-12	0.00e+00
 1.39464e+17	1.00e+00	3.08e-12	0.00e+00
 1.39759e+17	1.00e+00	3.01e-12	0.00e+00
 1.40044e+17	1.00e+00	2.95e-12	0.00e+00
 1.40318e+17	1.00e+00	2.89e-12	0.00e+00
 1.40584e+17	1.00e+00	2.84e-12	0.00e+00
 1.40841e+17	1.00e+00	2.79e-12	0.00e+00
 1.41090e+17	1.00e+00	2.74e-12	0.00e+00
 1.41333e+17	1.00e+00	2.70e-12	0.00e+00
 1.41571e+17	1.00e+00	2.65e-12	0.00e+00
 1.41804e+17	1.00e+00	2.61e-12	0.00e+00
 1.42032e+17	1.00e+00	2.57e-12	0.00e+00
 1.42259e+17	1.00e+00	2.53e-12	0.00e+00
 1.42483e+17	1.00e+00	2.49e-12	0.00e+00
 1.42706e+17	1.00e+00	2.45e-12	0.00e+00
 1.42931e+17	1.00e+00	2.42e-12	0.00e+00
 1.43158e+17	1.00e+00	2.38e-12	0.00e+00
 1.43389e+17	1.00e+00	2.34e-12	0.00e+00
 1.43626e+17	1.00e+00	2.31e-12	0.00e+00
 1.43872e+17	1.00e+00	2.27e-12	0.00e+00
 1.44130e+17	1.00e+00	2.23e-12	0.00e+00
 1.44405e+17	1.00e+00	2.19e-12	0.00e+00
 1.44701e+17	1.00e+00	2.15e-12	0.00e+00
 1.45028e+17	1.00e+00	2.11e-12	0.00e+00
 1.45394e+17	1.00e+00	2.06e-12	0.00e+00
 1.45815e+17	1.00e+00	2.00e-12	0.00e+00
 1.46313e+17	1.00e+00	1.94e-12	0.00e+00
 1.46923e+17	1.00e+00	1.87e-12	0.00e+00
 1.47698e+17	1.00e+00	1.78e-12	0.00e+00
 1.48704e+17	1.00e+00	1.67e-12	0.00e+00
 1.50012e+17	1.00e+00	1.54e-12	0.00e+00
 1.51712e+17	1.00e+00	1.39e-12	0.00e+00
 1.53923e+17	1.00e+00	1.23e-12	0.00e+00
 1.56796e+17	1.00e+00	1.05e-12	0.00e+00
 1.60532e+17	1.00e+00	8.66e-13	0.00e+00
 1.64974e+17	1.00e+00	6.96e-13	0.00e+00
 1.70333e+17	1.00e+00	5.62e-13	0.00e+00
 1.76829e+17	1.00e+00	4.33e-13	0.00e+00
 1.83902e+17	1.00e+00	3.43e-13	0.00e+00
 1.91259e+17	1.00e+00	2.90e-13	0.00e+00
 1.98909e+17	1.00e+00	2.53e-13	0.00e+00
 2.06865e+17	1.00e+00	2.24e-13	0.00e+00
 2.15140e+17	1.00e+00	1.99e-13	0.00e+00
 2.23746e+17	1.00e+00	1.76e-13	0.00e+00
 2.32695e+17	1.00e+00	1.56e-13	0.00e+00
 2.42003e+17	1.00e+00	1.37e-13	0.00e+00
 2.51683e+17	1.00e+00	1.19e-13	0.00e+00
 2.61347e+17	1.00e+00	1.02e-13	0.00e+00
 2.70251e+17	1.00e+00	9.35e-14	0.00e+00
 2.78107e+17	1.00e+00	9.29e-14	0.00e+00
 2.85206e+17	1.00e+00	9.22e-14	0.00e+00
 2.91943e+17	1.00e+00	8.81e-14	0.00e+00
 2.98446e+17	1.00e+00	8.09e-14	0.00e+00
 3.04513e+17	1.00e+00	7.34e-14	0.00e+00
 3.09474e+17	1.00e+00	6.79e-14	0.00e+00
 3.12737e+17	1.00e+00	6.77e-14	0.00e+00
 3.14577e+17	1.00e+00	6.95e-14	0.00e+00
 3.15622e+17	1.00e+00	7.09e-14	0.00e+00
 3.16249e+17	1.00e+00	7.16e-14	0.00e+00
 3.16642e+17	1.00e+00	7.20e-14	0.00e+00
 3.16939e+17	1.00e+00	7.23e-14	0.00e+00
 3.17258e+17	1.00e+00	7.24e-14	0.00e+00
 3.17657e+17	1.00e+00	7.25e-14	0.00e+00
 3.18066e+17	1.00e+00	7.25e-14	0.00e+00
 3.18397e+17	1.00e+00	7.25e-14	0.00e+00
 3.18648e+17	1.00e+00	7.24e-14	0.00e+00
 3.18878e+17	1.00e+00	7.24e-14	0.00e+00
 3.19127e+17	1.00e+00	7.23e-14	0.00e+00
 3.19395e+17	1.00e+00	7.21e-14	0.00e+00
 3.19650e+17	1.00e+00	7.20e-14	0.00e+00
 3.19867e+17	1.00e+00	7.18e-14	0.00e+00
 3.20053e+17	1.00e+00	7.16e-14	0.00e+00
 3.20234e+17	1.00e+00	7.15e-14	0.00e+00
 3.20427e+17	1.00e+00	7.13e-14	0.00e+00
 3.20618e+17	1.00e+00	7.11e-14	0.00e+00
 3.20785e+17	1.00e+00	7.09e-14	0.00e+00
 3.20932e+17	1.00e+00	7.07e-14	0.00e+00
 3.21085e+17	1.00e+00	7.06e-14	0.00e+00
 3.21246e+17	1.00e+00	7.03e-14	0.00e+00
 3.21394e+17	1.00e+00	7.01e-14	0.00e+00
 3.21527e+17	1.00e+00	6.99e-14	0.00e+00
 3.21659e+17	1.00e+00	6.98e-14	0.00e+00
 3.21793e+17	1.00e+00	6.95e-14	0.00e+00
 3.21926e+17	1.00e+00	6.93e-14	0.00e+00
 3.22056e+17	1.00e+00	6.91e-14	0.00e+00
 3.22176e+17	1.00e+00	6.89e-14	0.00e+00
 3.22293e+17	1.00e+00	6.87e-14	0.00e+00
 3.22413e+17	1.00e+00	6.85e-14	0.00e+00
 3.22536e+17	1.00e+00	6.83e-14	0.00e+00
 3.22660e+17	1.00e+00	6.81e-14	0.00e+00
 3.22777e+17	1.00e+00	6.78e-14	0.00e+00
 3.22890e+17	1.00e+00	6.76e-14	0.00e+00
 3.23005e+17	1.00e+00	6.74e-14	0.00e+00
 3.23124e+17	1.00e+00	6.71e-14	0.00e+00
 3.23248e+17	1.00e+00	6.69e-14	0.00e+00
 3.23367e+17	1.00e+00	6.66e-14	0.00e+00
 3.23483e+17	1.00e+00	6.64e-14	0.00e+00
 3.23599e+17	1.00e+00	6.61e-14	0.00e+00
 3.23726e+17	1.00e+00	6.58e-14	0.00e+00
 3.23865e+17	1.00e+00	6.55e-14	0.00e+00
 3.23994e+17	1.00e+00	6.52e-14	0.00e+00
 3.24111e+17	1.00e+00	6.49e-14	0.00e+00
 3.24237e+17	1.00e+00	6.46e-14	0.00e+00
 3.24390e+17	1.00e+00	6.43e-14	0.00e+00
 3.24551e+17	1.00e+00	6.38e-14	0.00e+00
 3.24690e+17	1.00e+00	6.34e-14	0.00e+00
 3.24813e+17	1.00e+00	6.32e-14	0.00e+00
 3.24953e+17	1.00e+00	6.28e-14	0.00e+00
 3.25121e+17	1.00e+00	6.24e-14	0.00e+00
 3.25290e+17	1.00e+00	6.19e-14	0.00e+00
 3.25445e+17	1.00e+00	6.15e-14	0.00e+00
 3.25601e+17	1.00e+00	6.11e-14	0.00e+00
 3.25769e+17	1.00e+00	6.06e-14	0.00e+00
 3.25949e+17	1.00e+00	6.01e-14	0.00e+00
 3.26127e+17	1.00e+00	5.96e-14	0.00e+00
 3.26302e+17	1.00e+00	5.91e-14	0.00e+00
 3.26487e+17	1.00e+00	5.86e-14	0.00e+00
 3.26672e+17	1.00e+00	5.80e-14	0.00e+00
 3.26865e+17	1.00e+00	5.75e-14	0.00e+00
 3.27074e+17	1.00e+00	5.69e-14	0.00e+00
 3.27292e+17	1.00e+00	5.63e-14	0.00e+00
 3.27515e+17	1.00e+00	5.56e-14	0.00e+00
 3.27734e+17	1.00e+00	5.49e-14	0.00e+00
 3.27953e+17	1.00e+00	5.43e-14	0.00e+00
 3.28180e+17	1.00e+00	5.36e-14	0.00e+00
 3.28421e+17	1.00e+00	5.29e-14	0.00e+00
 3.28673e+17	1.00e+00	5.21e-14	0.00e+00
 3.28922e+17	1.00e+00	5.14e-14	0.00e+00
 3.29184e+17	1.00e+00	5.06e-14	0.00e+00
 3.29467e+17	1.00e+00	4.98e-14	0.00e+00
 3.29745e+17	1.00e+00	4.89e-14	0.00e+00
 3.30013e+17	1.00e+00	4.81e-14	0.00e+00
 3.30299e+17	1.00e+00	4.73e-14	0.00e+00
 3.30612e+17	1.00e+00	4.64e-14	0.00e+00
 3.30935e+17	1.00e+00	4.54e-14	0.00e+00
 3.31252e+17	1.00e+00	4.44e-14	0.00e+00
 3.31560e+17	1.00e+00	4.35e-14	0.00e+00
 3.31880e+17	1.00e+00	4.26e-14	0.00e+00
 3.32226e+17	1.00e+00	4.16e-14	0.00e+00
 3.32592e+17	1.00e+00	4.05e-14	0.00e+00
 3.32956e+17	1.00e+00	3.94e-14	0.00e+00
 3.33310e+17	1.00e+00	3.84e-14	0.00e+00
 3.33675e+17	1.00e+00	3.74e-14	0.00e+00
 3.34066e+17	1.00e+00	3.63e-14	0.00e+00
 3.34468e+17	1.00e+00	3.51e-14	0.00e+00
 3.34870e+17	1.00e+00	3.40e-14	0.00e+00
 3.35276e+17	1.00e+00	3.29e-14	0.00e+00
 3.35698e+17	1.00e+00	3.18e-14	0.00e+00
 3.36132e+17	1.00e+00	3.07e-14	0.00e+00
 3.36576e+17	1.00e+00	2.95e-14	0.00e+00
 3.37024e+17	1.00e+00	2.84e-14	0.00e+00
 3.37487e+17	1.00e+00	2.73e-14	0.00e+00
 3.37975e+17	1.00e+00	2.61e-14	0.00e+00
 3.38462e+17	1.00e+00	2.49e-14	0.00e+00
 3.38951e+17	1.00e+00	2.38e-14	0.00e+00
 3.39451e+17	1.00e+00	2.26e-14	0.00e+00
 3.39967e+17	1.00e+00	2.16e-14	0.00e+00
 3.40509e+17	1.00e+00	2.04e-14	0.00e+00
 3.41078e+17	1.00e+00	1.93e-14	0.00e+00
 3.41652e+17	1.00e+00	1.82e-14	0.00e+00
 3.42243e+17	1.00e+00	1.71e-14	0.00e+00
 3.42866e+17	1.00e+00	1.60e-14	0.00e+00
 3.43491e+17	1.00e+00	1.49e-14	0.00e+00
 3.44118e+17	1.00e+00	1.39e-14	0.00e+00
 3.44766e+17	1.00e+00	1.29e-14	0.00e+00
 3.45405e+17	1.00e+00	1.19e-14	0.00e+00
 3.45979e+17	1.00e+00	1.11e-14	0.00e+00
 3.46474e+17	1.00e+00	1.04e-14	0.00e+00
 3.46920e+17	1.00e+00	9.83e-15	0.00e+00
 3.47354e+17	1.00e+00	9.31e-15	0.00e+00
 3.47787e+17	1.00e+00	8.82e-15	0.00e+00
 3.48206e+17	1.00e+00	8.35e-15	0.00e+00
 3.48599e+17	1.00e+00	7.91e-15	0.00e+00
 3.48966e+17	1.00e+00	7.52e-15	0.00e+00
 3.49315e+17	1.00e+00	7.17e-15	0.00e+00
 3.49655e+17	1.00e+00	6.84e-15	0.00e+00
 3.49987e+17	1.00e+00	6.53e-15	0.00e+00
 3.50306e+17	1.00e+00	6.23e-15	0.00e+00
 3.50610e+17	1.00e+00	5.96e-15	0.00e+00
 3.50901e+17	1.00e+00	5.70e-15	0.00e+00
 3.51181e+17	1.00e+00	5.47e-15	0.00e+00
 3.51453e+17	1.00e+00	5.24e-15	0.00e+00
 3.51715e+17	1.00e+00	5.03e-15	0.00e+00
 3.51968e+17	1.00e+00	4.82e-15	0.00e+00
 3.52212e+17	1.00e+00	4.64e-15	0.00e+00
 3.52447e+17	1.00e+00	4.45e-15	0.00e+00
 3.52672e+17	1.00e+00	4.30e-15	0.00e+00
 3.52892e+17	1.00e+00	4.14e-15	0.00e+00
 3.53108e+17	1.00e+00	3.99e-15	0.00e+00
 3.53318e+17	1.00e+00	3.84e-15	0.00e+00
 3.53520e+17	1.00e+00	3.71e-15	0.00e+00
 3.53715e+17	1.00e+00	3.58e-15	0.00e+00
 3.53907e+17	1.00e+00	3.46e-15	0.00e+00
 3.54095e+17	1.00e+00	3.34e-15	0.00e+00
 3.54278e+17	1.00e+00	3.23e-15	0.00e+00
 3.54457e+17	1.00e+00	3.12e-15	0.00e+00
 3.54660e+17	1.00e+00	3.02e-15	0.00e+00
 3.54924e+17	1.00e+00	2.90e-15	0.00e+00
 3.55267e+17	1.00e+00	2.74e-15	0.00e+00
 3.55714e+17	1.00e+00	2.55e-15	0.00e+00
 3.56294e+17	1.00e+00	2.31e-15	0.00e+00
 3.57048e+17	1.00e+00	2.03e-15	0.00e+00
 3.57917e+17	1.00e+00	1.72e-15	0.00e+00
 3.58714e+17	1.00e+00	1.44e-15	0.00e+00
 3.59333e+17	1.00e+00	1.25e-15	0.00e+00
 3.59835e+17	1.00e+00	1.12e-15	0.00e+00
 3.60335e+17	1.00e+00	1.02e-15	0.00e+00
 3.60901e+17	1.00e+00	9.14e-16	0.00e+00
 3.61516e+17	1.00e+00	8.07e-16	0.00e+00
 3.62121e+17	1.00e+00	7.11e-16	0.00e+00
 3.62684e+17	1.00e+00	6.30e-16	0.00e+00
 3.63226e+17	1.00e+00	5.64e-16	0.00e+00
 3.63788e+17	1.00e+00	5.04e-16	0.00e+00
 3.64392e+17	1.00e+00	4.47e-16	0.00e+00
 3.65028e+17	1.00e+00	3.93e-16	0.00e+00
 3.65681e+17	1.00e+00	3.44e-16	0.00e+00
 3.66353e+17	1.00e+00	3.00e-16	0.00e+00
 3.67066e+17	1.00e+00	2.61e-16	0.00e+00
 3.67858e+17	1.00e+00	2.24e-16	0.00e+00
 3.68763e+17	1.00e+00	1.88e-16	0.00e+00
 3.69828e+17	1.00e+00	1.54e-16	0.00e+00
 3.71138e+17	1.00e+00	1.21e-16	0.00e+00
 3.72820e+17	1.00e+00	9.00e-17	0.00e+00
 3.75007e+17	1.00e+00	6.10e-17	0.00e+00
 3.77851e+17	1.00e+00	3.70e-17	0.00e+00
 3.81547e+17	1.00e+00	1.95e-17	0.00e+00
 3.86352e+17	1.00e+00	8.71e-18	0.00e+00
 3.92599e+17	1.00e+00	3.16e-18	0.00e+00
 4.00719e+17	1.00e+00	9.51e-19	0.00e+00
 4.11276e+17	1.00e+00	2.62e-19	0.00e+00
 4.25000e+17	1.00e+00	6.77e-20	0.00e+00
 4.41412e+17	1.00e+00	1.52e-20	0.00e+00
 4.58603e+17	1.00e+00	3.47e-21	0.00e+00
 4.74417e+17	1.00e+00	9.73e-22	0.00e+00
 4.87669e+17	1.00e+00	3.81e-22	0.00e+00
 4.99063e+17	1.00e+00	1.88e-22	0.00e+00
 5.09884e+17	1.00e+00	1.02e-22	0.00e+00
 5.20684e+17	1.00e+00	5.86e-23	0.00e+00
 5.31092e+17	1.00e+00	3.64e-23	0.00e+00
