#depth	O	O+	O+2	O+3	O+4	O+5	O+6	O+7	O+8	O[1]	O[2]	O[3]
 1.49634e+10	0.00e+00	7.57e-44	1.06e-33	1.81e-24	4.56e-16	1.54e-08	1.00e+00	0.00e+00	0.00e+00	0.00e+00	0.00e+00	0.00e+00
 4.54887e+10	0.00e+00	0.00e+00	1.46e-33	2.30e-24	5.35e-16	1.67e-08	1.00e+00	4.67e-07	0.00e+00	0.00e+00	0.00e+00	0.00e+00
 7.72350e+10	0.00e+00	1.68e-43	2.00e-33	2.93e-24	6.29e-16	1.81e-08	1.00e+00	0.00e+00	0.00e+00	0.00e+00	0.00e+00	0.00e+00
 1.10251e+11	0.00e+00	0.00e+00	2.76e-33	3.72e-24	7.38e-16	1.96e-08	1.00e+00	0.00e+00	0.00e+00	0.00e+00	0.00e+00	0.00e+00
 1.43747e+11	0.00e+00	3.69e-43	3.77e-33	4.71e-24	8.64e-16	2.13e-08	1.00e+00	0.00e+00	0.00e+00	0.00e+00	0.00e+00	0.00e+00
 1.78583e+11	0.00e+00	0.00e+00	5.15e-33	5.96e-24	1.01e-15	2.30e-08	1.00e+00	0.00e+00	0.00e+00	0.00e+00	0.00e+00	0.00e+00
 2.15653e+11	0.00e+00	8.14e-43	7.10e-33	7.59e-24	1.19e-15	2.50e-08	1.00e+00	0.00e+00	0.00e+00	0.00e+00	0.00e+00	0.00e+00
 2.54206e+11	0.00e+00	0.00e+00	9.79e-33	9.67e-24	1.40e-15	2.71e-08	1.00e+00	0.00e+00	0.00e+00	0.00e+00	0.00e+00	0.00e+00
 2.94301e+11	0.00e+00	1.82e-42	1.35e-32	1.23e-23	1.65e-15	2.94e-08	1.00e+00	0.00e+00	0.00e+00	0.00e+00	0.00e+00	0.00e+00
 3.36000e+11	0.00e+00	0.00e+00	1.86e-32	1.57e-23	1.94e-15	3.19e-08	1.00e+00	0.00e+00	0.00e+00	0.00e+00	0.00e+00	0.00e+00
 3.79367e+11	0.00e+00	4.06e-42	2.57e-32	2.00e-23	2.28e-15	3.46e-08	1.00e+00	0.00e+00	0.00e+00	0.00e+00	0.00e+00	0.00e+00
 4.24468e+11	0.00e+00	0.00e+00	3.55e-32	2.55e-23	2.69e-15	3.76e-08	1.00e+00	0.00e+00	0.00e+00	0.00e+00	0.00e+00	0.00e+00
 4.71374e+11	0.00e+00	9.08e-42	4.91e-32	3.26e-23	3.17e-15	4.08e-08	1.00e+00	0.00e+00	0.00e+00	0.00e+00	0.00e+00	0.00e+00
 5.15520e+11	0.00e+00	0.00e+00	6.59e-32	4.07e-23	3.68e-15	4.40e-08	1.00e+00	0.00e+00	0.00e+00	0.00e+00	0.00e+00	0.00e+00
 5.55059e+11	0.00e+00	1.80e-41	8.50e-32	4.93e-23	4.18e-15	4.70e-08	1.00e+00	0.00e+00	0.00e+00	0.00e+00	0.00e+00	0.00e+00
 5.99461e+11	0.00e+00	0.00e+00	1.12e-31	6.09e-23	4.82e-15	5.04e-08	1.00e+00	0.00e+00	0.00e+00	0.00e+00	0.00e+00	0.00e+00
 6.52013e+11	0.00e+00	3.78e-41	1.54e-31	7.74e-23	5.67e-15	5.47e-08	1.00e+00	0.00e+00	0.00e+00	0.00e+00	0.00e+00	0.00e+00
 7.04561e+11	0.00e+00	0.00e+00	2.10e-31	9.76e-23	6.62e-15	5.92e-08	1.00e+00	0.00e+00	0.00e+00	0.00e+00	0.00e+00	0.00e+00
 7.53964e+11	0.00e+00	7.82e-41	2.77e-31	1.20e-22	7.63e-15	6.36e-08	1.00e+00	0.00e+00	0.00e+00	0.00e+00	0.00e+00	0.00e+00
 8.08804e+11	0.00e+00	0.00e+00	3.73e-31	1.51e-22	8.90e-15	6.87e-08	1.00e+00	0.00e+00	0.00e+00	0.00e+00	0.00e+00	0.00e+00
 8.71083e+11	0.00e+00	1.71e-40	5.18e-31	1.94e-22	1.05e-14	7.48e-08	1.00e+00	0.00e+00	0.00e+00	0.00e+00	0.00e+00	0.00e+00
 9.33205e+11	0.00e+00	0.00e+00	7.11e-31	2.46e-22	1.24e-14	8.12e-08	1.00e+00	0.00e+00	0.00e+00	0.00e+00	0.00e+00	0.00e+00
 9.97812e+11	0.00e+00	3.75e-40	9.75e-31	3.13e-22	1.46e-14	8.81e-08	1.00e+00	0.00e+00	0.00e+00	0.00e+00	0.00e+00	0.00e+00
 1.06765e+12	0.00e+00	0.00e+00	1.36e-30	4.02e-22	1.72e-14	9.60e-08	1.00e+00	0.00e+00	0.00e+00	0.00e+00	0.00e+00	0.00e+00
 1.14028e+12	0.00e+00	8.51e-40	1.89e-30	5.16e-22	2.04e-14	1.05e-07	1.00e+00	0.00e+00	0.00e+00	0.00e+00	0.00e+00	0.00e+00
 1.20879e+12	0.00e+00	0.00e+00	2.55e-30	6.48e-22	2.39e-14	1.13e-07	1.00e+00	0.00e+00	0.00e+00	0.00e+00	0.00e+00	0.00e+00
 1.27043e+12	0.00e+00	1.71e-39	3.31e-30	7.91e-22	2.73e-14	1.21e-07	1.00e+00	0.00e+00	0.00e+00	0.00e+00	0.00e+00	0.00e+00
 1.33980e+12	0.00e+00	0.00e+00	4.41e-30	9.84e-22	3.17e-14	1.31e-07	1.00e+00	0.00e+00	0.00e+00	0.00e+00	0.00e+00	0.00e+00
 1.42154e+12	0.00e+00	3.65e-39	6.10e-30	1.26e-21	3.76e-14	1.43e-07	1.00e+00	0.00e+00	0.00e+00	0.00e+00	0.00e+00	0.00e+00
 1.50298e+12	0.00e+00	0.00e+00	8.34e-30	1.60e-21	4.42e-14	1.55e-07	1.00e+00	0.00e+00	0.00e+00	0.00e+00	0.00e+00	0.00e+00
 1.57953e+12	0.00e+00	7.65e-39	1.11e-29	1.99e-21	5.13e-14	1.67e-07	1.00e+00	0.00e+00	0.00e+00	0.00e+00	0.00e+00	0.00e+00
 1.66448e+12	0.00e+00	0.00e+00	1.50e-29	2.50e-21	6.00e-14	1.81e-07	1.00e+00	0.00e+00	0.00e+00	0.00e+00	0.00e+00	0.00e+00
 1.76098e+12	0.00e+00	1.69e-38	2.10e-29	3.24e-21	7.17e-14	1.98e-07	1.00e+00	0.00e+00	0.00e+00	0.00e+00	0.00e+00	0.00e+00
 1.85603e+12	0.00e+00	0.00e+00	2.88e-29	4.13e-21	8.47e-14	2.16e-07	1.00e+00	0.00e+00	0.00e+00	0.00e+00	0.00e+00	0.00e+00
 1.95489e+12	0.00e+00	3.70e-38	3.96e-29	5.26e-21	1.00e-13	2.35e-07	1.00e+00	0.00e+00	0.00e+00	0.00e+00	0.00e+00	0.00e+00
 2.06301e+12	0.00e+00	0.00e+00	5.54e-29	6.81e-21	1.20e-13	2.58e-07	1.00e+00	0.00e+00	0.00e+00	0.00e+00	0.00e+00	0.00e+00
 2.17226e+12	0.00e+00	8.35e-38	7.67e-29	8.74e-21	1.42e-13	2.82e-07	1.00e+00	0.00e+00	0.00e+00	0.00e+00	0.00e+00	0.00e+00
 2.28589e+12	0.00e+00	0.00e+00	1.06e-28	1.12e-20	1.69e-13	3.08e-07	1.00e+00	0.00e+00	0.00e+00	0.00e+00	0.00e+00	0.00e+00
 2.40289e+12	0.00e+00	1.86e-37	1.47e-28	1.44e-20	2.01e-13	3.37e-07	1.00e+00	0.00e+00	0.00e+00	0.00e+00	0.00e+00	0.00e+00
 2.51783e+12	0.00e+00	0.00e+00	1.99e-28	1.82e-20	2.37e-13	3.67e-07	1.00e+00	0.00e+00	0.00e+00	0.00e+00	0.00e+00	0.00e+00
 2.64173e+12	0.00e+00	3.99e-37	2.74e-28	2.33e-20	2.82e-13	4.02e-07	1.00e+00	0.00e+00	0.00e+00	0.00e+00	0.00e+00	0.00e+00
 2.77733e+12	0.00e+00	0.00e+00	3.82e-28	3.02e-20	3.38e-13	4.41e-07	1.00e+00	0.00e+00	0.00e+00	0.00e+00	0.00e+00	0.00e+00
 2.91835e+12	0.00e+00	9.03e-37	5.33e-28	3.91e-20	4.05e-13	4.85e-07	1.00e+00	0.00e+00	0.00e+00	0.00e+00	0.00e+00	0.00e+00
 3.06501e+12	0.00e+00	0.00e+00	7.44e-28	5.06e-20	4.86e-13	5.34e-07	1.00e+00	0.00e+00	0.00e+00	0.00e+00	0.00e+00	0.00e+00
 3.21753e+12	0.00e+00	2.03e-36	1.04e-27	6.56e-20	5.84e-13	5.87e-07	1.00e+00	0.00e+00	0.00e+00	0.00e+00	0.00e+00	0.00e+00
 3.35553e+12	9.69e-46	2.88e-36	1.38e-27	8.21e-20	6.85e-13	6.39e-07	1.00e+00	0.00e+00	0.00e+00	0.00e+00	0.00e+00	0.00e+00
 3.47058e+12	0.00e+00	0.00e+00	1.74e-27	9.84e-20	7.79e-13	6.84e-07	1.00e+00	0.00e+00	0.00e+00	0.00e+00	0.00e+00	0.00e+00
 3.59666e+12	0.00e+00	5.16e-36	2.23e-27	1.19e-19	8.93e-13	7.35e-07	1.00e+00	0.00e+00	0.00e+00	0.00e+00	0.00e+00	0.00e+00
 3.75624e+12	3.00e-45	7.43e-36	3.01e-27	1.51e-19	1.06e-12	8.04e-07	1.00e+00	0.00e+00	0.00e+00	0.00e+00	0.00e+00	0.00e+00
 3.92262e+12	0.00e+00	0.00e+00	4.07e-27	1.92e-19	1.25e-12	8.80e-07	1.00e+00	0.00e+00	0.00e+00	0.00e+00	0.00e+00	0.00e+00
 4.07010e+12	0.00e+00	1.46e-35	5.26e-27	2.34e-19	1.45e-12	9.50e-07	1.00e+00	0.00e+00	0.00e+00	0.00e+00	0.00e+00	0.00e+00
 4.20803e+12	9.34e-45	1.93e-35	6.64e-27	2.82e-19	1.65e-12	1.02e-06	1.00e+00	0.00e+00	0.00e+00	0.00e+00	0.00e+00	0.00e+00
 4.36558e+12	0.00e+00	0.00e+00	8.58e-27	3.45e-19	1.91e-12	1.10e-06	1.00e+00	0.00e+00	0.00e+00	0.00e+00	0.00e+00	0.00e+00
 4.55869e+12	0.00e+00	3.78e-35	1.16e-26	4.38e-19	2.27e-12	1.21e-06	1.00e+00	0.00e+00	0.00e+00	0.00e+00	0.00e+00	0.00e+00
 4.75085e+12	3.13e-44	5.35e-35	1.55e-26	5.50e-19	2.68e-12	1.32e-06	1.00e+00	0.00e+00	0.00e+00	0.00e+00	0.00e+00	0.00e+00
 4.91835e+12	0.00e+00	7.15e-35	1.97e-26	6.66e-19	3.07e-12	1.42e-06	1.00e+00	0.00e+00	0.00e+00	0.00e+00	0.00e+00	0.00e+00
 5.10094e+12	6.34e-44	9.70e-35	2.54e-26	8.15e-19	3.56e-12	1.54e-06	1.00e+00	0.00e+00	0.00e+00	0.00e+00	0.00e+00	0.00e+00
 5.32320e+12	0.00e+00	1.38e-34	3.42e-26	1.03e-18	4.22e-12	1.69e-06	1.00e+00	0.00e+00	0.00e+00	0.00e+00	0.00e+00	0.00e+00
 5.54992e+12	1.46e-43	1.96e-34	4.57e-26	1.30e-18	4.99e-12	1.85e-06	1.00e+00	0.00e+00	0.00e+00	0.00e+00	0.00e+00	0.00e+00
 5.75898e+12	0.00e+00	2.67e-34	5.90e-26	1.60e-18	5.78e-12	2.00e-06	1.00e+00	0.00e+00	0.00e+00	0.00e+00	0.00e+00	0.00e+00
 5.99217e+12	3.09e-43	3.71e-34	7.78e-26	1.99e-18	6.78e-12	2.18e-06	1.00e+00	0.00e+00	0.00e+00	0.00e+00	0.00e+00	0.00e+00
 6.26142e+12	0.00e+00	5.34e-34	1.06e-25	2.54e-18	8.08e-12	2.40e-06	1.00e+00	0.00e+00	0.00e+00	0.00e+00	0.00e+00	0.00e+00
 6.52591e+12	7.14e-43	7.53e-34	1.41e-25	3.19e-18	9.53e-12	2.63e-06	1.00e+00	0.00e+00	0.00e+00	0.00e+00	0.00e+00	0.00e+00
 6.77974e+12	0.00e+00	1.03e-33	1.83e-25	3.94e-18	1.11e-11	2.85e-06	1.00e+00	0.00e+00	0.00e+00	0.00e+00	0.00e+00	0.00e+00
 7.05963e+12	1.54e-42	1.45e-33	2.43e-25	4.93e-18	1.30e-11	3.12e-06	1.00e+00	0.00e+00	0.00e+00	0.00e+00	0.00e+00	0.00e+00
 7.37194e+12	0.00e+00	2.07e-33	3.28e-25	6.27e-18	1.55e-11	3.42e-06	1.00e+00	0.00e+00	0.00e+00	0.00e+00	0.00e+00	0.00e+00
 7.65625e+12	3.41e-42	2.84e-33	4.27e-25	7.73e-18	1.80e-11	3.72e-06	1.00e+00	0.00e+00	0.00e+00	0.00e+00	0.00e+00	0.00e+00
 7.89615e+12	0.00e+00	3.67e-33	5.30e-25	9.18e-18	2.04e-11	3.97e-06	1.00e+00	0.00e+00	0.00e+00	0.00e+00	0.00e+00	0.00e+00
 8.16021e+12	6.38e-42	4.83e-33	6.67e-25	1.10e-17	2.32e-11	4.26e-06	1.00e+00	0.00e+00	0.00e+00	0.00e+00	0.00e+00	0.00e+00
 8.45848e+12	0.00e+00	6.52e-33	8.57e-25	1.35e-17	2.67e-11	4.61e-06	1.00e+00	0.00e+00	0.00e+00	0.00e+00	0.00e+00	0.00e+00
 8.74435e+12	1.26e-41	8.61e-33	1.08e-24	1.62e-17	3.05e-11	4.95e-06	1.00e+00	0.00e+00	0.00e+00	0.00e+00	0.00e+00	0.00e+00
 9.05914e+12	0.00e+00	1.16e-32	1.39e-24	1.97e-17	3.51e-11	5.34e-06	1.00e+00	0.00e+00	0.00e+00	0.00e+00	0.00e+00	0.00e+00
 9.40884e+12	2.59e-41	1.59e-32	1.81e-24	2.44e-17	4.07e-11	5.79e-06	1.00e+00	0.00e+00	0.00e+00	0.00e+00	0.00e+00	0.00e+00
 9.73662e+12	0.00e+00	2.13e-32	2.30e-24	2.95e-17	4.66e-11	6.23e-06	1.00e+00	0.00e+00	0.00e+00	0.00e+00	0.00e+00	0.00e+00
 1.00955e+13	5.21e-41	2.89e-32	2.97e-24	3.61e-17	5.38e-11	6.73e-06	1.00e+00	0.00e+00	0.00e+00	0.00e+00	0.00e+00	0.00e+00
 1.04992e+13	0.00e+00	4.02e-32	3.91e-24	4.50e-17	6.28e-11	7.32e-06	1.00e+00	0.00e+00	0.00e+00	0.00e+00	0.00e+00	0.00e+00
 1.08851e+13	1.10e-40	5.46e-32	5.05e-24	5.50e-17	7.24e-11	7.91e-06	1.00e+00	0.00e+00	0.00e+00	0.00e+00	0.00e+00	0.00e+00
 1.12419e+13	0.00e+00	7.18e-32	6.35e-24	6.60e-17	8.22e-11	8.48e-06	1.00e+00	0.00e+00	0.00e+00	0.00e+00	0.00e+00	0.00e+00
 1.16369e+13	2.15e-40	9.64e-32	8.12e-24	8.01e-17	9.42e-11	9.12e-06	1.00e+00	0.00e+00	0.00e+00	0.00e+00	0.00e+00	0.00e+00
 1.20798e+13	0.00e+00	1.33e-31	1.06e-23	9.88e-17	1.09e-10	9.88e-06	1.00e+00	0.00e+00	0.00e+00	0.00e+00	0.00e+00	0.00e+00
 1.24984e+13	4.41e-40	1.78e-31	1.35e-23	1.20e-16	1.25e-10	1.06e-05	1.00e+00	0.00e+00	0.00e+00	0.00e+00	0.00e+00	0.00e+00
 1.29562e+13	0.00e+00	2.42e-31	1.75e-23	1.47e-16	1.44e-10	1.15e-05	1.00e+00	0.00e+00	0.00e+00	0.00e+00	0.00e+00	0.00e+00
 1.34627e+13	9.39e-40	3.37e-31	2.30e-23	1.82e-16	1.67e-10	1.24e-05	1.00e+00	0.00e+00	0.00e+00	0.00e+00	0.00e+00	0.00e+00
 1.39329e+13	0.00e+00	4.54e-31	2.95e-23	2.21e-16	1.91e-10	1.34e-05	1.00e+00	0.00e+00	0.00e+00	0.00e+00	0.00e+00	0.00e+00
 1.44444e+13	1.93e-39	6.21e-31	3.82e-23	2.71e-16	2.20e-10	1.44e-05	1.00e+00	0.00e+00	0.00e+00	0.00e+00	0.00e+00	0.00e+00
 1.50166e+13	0.00e+00	8.70e-31	5.06e-23	3.38e-16	2.57e-10	1.57e-05	1.00e+00	0.00e+00	0.00e+00	0.00e+00	0.00e+00	0.00e+00
 1.55569e+13	4.12e-39	1.19e-30	6.54e-23	4.14e-16	2.95e-10	1.69e-05	1.00e+00	0.00e+00	0.00e+00	0.00e+00	0.00e+00	0.00e+00
 1.61454e+13	0.00e+00	1.64e-30	8.56e-23	5.11e-16	3.41e-10	1.82e-05	1.00e+00	0.00e+00	0.00e+00	0.00e+00	0.00e+00	0.00e+00
 1.68013e+13	9.12e-39	2.33e-30	1.14e-22	6.41e-16	3.99e-10	1.98e-05	1.00e+00	0.00e+00	0.00e+00	0.00e+00	0.00e+00	0.00e+00
 1.74236e+13	0.00e+00	3.21e-30	1.49e-22	7.89e-16	4.60e-10	2.14e-05	1.00e+00	0.00e+00	0.00e+00	0.00e+00	0.00e+00	0.00e+00
 1.80907e+13	1.97e-38	4.48e-30	1.96e-22	9.79e-16	5.33e-10	2.32e-05	1.00e+00	0.00e+00	0.00e+00	0.00e+00	0.00e+00	0.00e+00
 1.88443e+13	0.00e+00	6.44e-30	2.65e-22	1.24e-15	6.26e-10	2.52e-05	1.00e+00	0.00e+00	0.00e+00	0.00e+00	0.00e+00	0.00e+00
 1.95892e+13	4.56e-38	9.11e-30	3.53e-22	1.54e-15	7.29e-10	2.74e-05	1.00e+00	0.00e+00	0.00e+00	0.00e+00	0.00e+00	0.00e+00
 2.03639e+13	0.00e+00	1.29e-29	4.70e-22	1.93e-15	8.48e-10	2.96e-05	1.00e+00	0.00e+00	0.00e+00	0.00e+00	0.00e+00	0.00e+00
 2.12084e+13	1.06e-37	1.86e-29	6.35e-22	2.44e-15	9.95e-10	3.23e-05	1.00e+00	0.00e+00	0.00e+00	0.00e+00	0.00e+00	0.00e+00
 2.20867e+13	0.00e+00	2.68e-29	8.58e-22	3.08e-15	1.17e-09	3.51e-05	1.00e+00	0.00e+00	0.00e+00	0.00e+00	0.00e+00	0.00e+00
 2.30001e+13	2.52e-37	3.87e-29	1.16e-21	3.89e-15	1.37e-09	3.82e-05	1.00e+00	0.00e+00	0.00e+00	0.00e+00	0.00e+00	0.00e+00
 2.38957e+13	0.00e+00	5.49e-29	1.55e-21	4.85e-15	1.59e-09	4.13e-05	1.00e+00	0.00e+00	0.00e+00	0.00e+00	0.00e+00	0.00e+00
 2.47278e+13	5.50e-37	7.50e-29	2.00e-21	5.92e-15	1.82e-09	4.43e-05	1.00e+00	0.00e+00	0.00e+00	0.00e+00	0.00e+00	0.00e+00
 2.56474e+13	0.00e+00	1.05e-28	2.63e-21	7.31e-15	2.10e-09	4.78e-05	1.00e+00	0.00e+00	0.00e+00	0.00e+00	0.00e+00	0.00e+00
 2.65923e+13	1.21e-36	1.46e-28	3.45e-21	9.02e-15	2.42e-09	5.15e-05	1.00e+00	0.00e+00	0.00e+00	0.00e+00	0.00e+00	0.00e+00
 2.73822e+13	0.00e+00	1.92e-28	4.30e-21	1.07e-14	2.71e-09	5.47e-05	1.00e+00	0.00e+00	0.00e+00	0.00e+00	0.00e+00	0.00e+00
 2.82159e+13	2.33e-36	2.54e-28	5.40e-21	1.27e-14	3.05e-09	5.81e-05	1.00e+00	0.00e+00	0.00e+00	0.00e+00	0.00e+00	0.00e+00
 2.92758e+13	0.00e+00	3.58e-28	7.15e-21	1.58e-14	3.53e-09	6.27e-05	1.00e+00	0.00e+00	0.00e+00	0.00e+00	0.00e+00	0.00e+00
 3.03828e+13	5.28e-36	5.05e-28	9.47e-21	1.96e-14	4.09e-09	6.76e-05	1.00e+00	0.00e+00	0.00e+00	0.00e+00	0.00e+00	0.00e+00
 3.13638e+13	0.00e+00	6.82e-28	1.21e-20	2.36e-14	4.63e-09	7.21e-05	1.00e+00	0.00e+00	0.00e+00	0.00e+00	0.00e+00	0.00e+00
 3.24283e+13	1.10e-35	9.34e-28	1.56e-20	2.86e-14	5.28e-09	7.71e-05	1.00e+00	0.00e+00	0.00e+00	0.00e+00	0.00e+00	0.00e+00
 3.36155e+13	0.00e+00	1.31e-27	2.05e-20	3.53e-14	6.08e-09	8.30e-05	1.00e+00	0.00e+00	0.00e+00	0.00e+00	0.00e+00	0.00e+00
 3.47267e+13	2.37e-35	1.78e-27	2.64e-20	4.27e-14	6.91e-09	8.86e-05	1.00e+00	0.00e+00	0.00e+00	0.00e+00	0.00e+00	0.00e+00
 3.59358e+13	0.00e+00	2.47e-27	3.43e-20	5.22e-14	7.90e-09	9.49e-05	1.00e+00	0.00e+00	0.00e+00	0.00e+00	0.00e+00	0.00e+00
 3.72818e+13	5.29e-35	3.50e-27	4.55e-20	6.48e-14	9.14e-09	1.02e-04	1.00e+00	0.00e+00	0.00e+00	0.00e+00	0.00e+00	0.00e+00
 3.85392e+13	7.74e-35	4.81e-27	5.89e-20	7.87e-14	1.04e-08	1.09e-04	1.00e+00	0.00e+00	0.00e+00	0.00e+00	0.00e+00	0.00e+00
 3.99071e+13	1.15e-34	6.73e-27	7.71e-20	9.66e-14	1.19e-08	1.17e-04	1.00e+00	0.00e+00	0.00e+00	0.00e+00	0.00e+00	0.00e+00
 4.14350e+13	1.77e-34	9.64e-27	1.03e-19	1.20e-13	1.38e-08	1.26e-04	1.00e+00	0.00e+00	0.00e+00	0.00e+00	0.00e+00	0.00e+00
 4.28720e+13	2.63e-34	1.34e-26	1.34e-19	1.47e-13	1.58e-08	1.35e-04	1.00e+00	0.00e+00	0.00e+00	0.00e+00	0.00e+00	0.00e+00
 4.44403e+13	3.98e-34	1.90e-26	1.78e-19	1.82e-13	1.82e-08	1.45e-04	1.00e+00	0.00e+00	0.00e+00	0.00e+00	0.00e+00	0.00e+00
 4.61935e+13	6.21e-34	2.76e-26	2.40e-19	2.28e-13	2.12e-08	1.57e-04	1.00e+00	0.00e+00	0.00e+00	0.00e+00	0.00e+00	0.00e+00
 4.78493e+13	9.36e-34	3.88e-26	3.16e-19	2.81e-13	2.44e-08	1.68e-04	1.00e+00	0.00e+00	0.00e+00	0.00e+00	0.00e+00	0.00e+00
 4.96258e+13	1.43e-33	5.53e-26	4.21e-19	3.48e-13	2.82e-08	1.81e-04	1.00e+00	0.00e+00	0.00e+00	0.00e+00	0.00e+00	0.00e+00
 5.16407e+13	2.27e-33	8.14e-26	5.74e-19	4.41e-13	3.30e-08	1.96e-04	1.00e+00	0.00e+00	0.00e+00	0.00e+00	0.00e+00	0.00e+00
 5.36195e+13	3.52e-33	1.17e-25	7.71e-19	5.50e-13	3.82e-08	2.11e-04	1.00e+00	0.00e+00	0.00e+00	0.00e+00	0.00e+00	0.00e+00
 5.56775e+13	5.47e-33	1.70e-25	1.04e-18	6.87e-13	4.44e-08	2.28e-04	1.00e+00	0.00e+00	0.00e+00	0.00e+00	0.00e+00	0.00e+00
 5.79345e+13	8.69e-33	2.50e-25	1.41e-18	8.69e-13	5.19e-08	2.47e-04	1.00e+00	0.00e+00	0.00e+00	0.00e+00	0.00e+00	0.00e+00
 6.02223e+13	1.37e-32	3.65e-25	1.92e-18	1.09e-12	6.05e-08	2.66e-04	1.00e+00	0.00e+00	0.00e+00	0.00e+00	0.00e+00	0.00e+00
 6.26017e+13	2.15e-32	5.32e-25	2.60e-18	1.37e-12	7.05e-08	2.88e-04	1.00e+00	0.00e+00	0.00e+00	0.00e+00	0.00e+00	0.00e+00
 6.49883e+13	3.33e-32	7.67e-25	3.48e-18	1.72e-12	8.17e-08	3.10e-04	1.00e+00	0.00e+00	0.00e+00	0.00e+00	0.00e+00	0.00e+00
 6.72438e+13	4.96e-32	1.07e-24	4.55e-18	2.10e-12	9.36e-08	3.32e-04	1.00e+00	0.00e+00	0.00e+00	0.00e+00	0.00e+00	0.00e+00
 6.97367e+13	7.58e-32	1.53e-24	6.06e-18	2.60e-12	1.08e-07	3.57e-04	1.00e+00	0.00e+00	0.00e+00	0.00e+00	0.00e+00	0.00e+00
 7.22330e+13	1.14e-31	2.15e-24	7.98e-18	3.21e-12	1.24e-07	3.83e-04	1.00e+00	0.00e+00	0.00e+00	0.00e+00	0.00e+00	0.00e+00
 7.42966e+13	1.59e-31	2.83e-24	9.96e-18	3.79e-12	1.39e-07	4.05e-04	1.00e+00	0.00e+00	0.00e+00	0.00e+00	0.00e+00	0.00e+00
 7.64802e+13	2.22e-31	3.75e-24	1.25e-17	4.50e-12	1.56e-07	4.30e-04	1.00e+00	0.00e+00	0.00e+00	0.00e+00	0.00e+00	0.00e+00
 7.92836e+13	3.37e-31	5.32e-24	1.66e-17	5.57e-12	1.80e-07	4.62e-04	1.00e+00	0.00e+00	0.00e+00	0.00e+00	0.00e+00	0.00e+00
 8.22324e+13	5.15e-31	7.58e-24	2.20e-17	6.91e-12	2.08e-07	4.97e-04	1.00e+00	0.00e+00	0.00e+00	0.00e+00	0.00e+00	0.00e+00
 8.48322e+13	7.47e-31	1.04e-23	2.84e-17	8.31e-12	2.35e-07	5.29e-04	9.99e-01	0.00e+00	0.00e+00	0.00e+00	0.00e+00	0.00e+00
 8.76388e+13	1.08e-30	1.41e-23	3.63e-17	1.01e-11	2.67e-07	5.65e-04	9.99e-01	0.00e+00	0.00e+00	0.00e+00	0.00e+00	0.00e+00
 9.10246e+13	1.67e-30	2.03e-23	4.88e-17	1.26e-11	3.11e-07	6.10e-04	9.99e-01	0.00e+00	0.00e+00	0.00e+00	0.00e+00	0.00e+00
 9.44603e+13	2.56e-30	2.91e-23	6.52e-17	1.57e-11	3.60e-07	6.58e-04	9.99e-01	0.00e+00	0.00e+00	0.00e+00	0.00e+00	0.00e+00
 9.76649e+13	3.76e-30	4.01e-23	8.46e-17	1.92e-11	4.11e-07	7.04e-04	9.99e-01	0.00e+00	0.00e+00	0.00e+00	0.00e+00	0.00e+00
 1.01233e+14	5.67e-30	5.67e-23	1.12e-16	2.37e-11	4.74e-07	7.57e-04	9.99e-01	0.00e+00	0.00e+00	0.00e+00	0.00e+00	0.00e+00
 1.05033e+14	8.64e-30	8.08e-23	1.49e-16	2.95e-11	5.49e-07	8.16e-04	9.99e-01	0.00e+00	0.00e+00	0.00e+00	0.00e+00	0.00e+00
 1.08412e+14	1.24e-29	1.10e-22	1.91e-16	3.56e-11	6.22e-07	8.71e-04	9.99e-01	0.00e+00	0.00e+00	0.00e+00	0.00e+00	0.00e+00
 1.12042e+14	1.81e-29	1.50e-22	2.47e-16	4.32e-11	7.09e-07	9.31e-04	9.99e-01	0.00e+00	0.00e+00	0.00e+00	0.00e+00	0.00e+00
 1.16390e+14	2.80e-29	2.17e-22	3.32e-16	5.42e-11	8.25e-07	1.01e-03	9.99e-01	0.00e+00	0.00e+00	0.00e+00	0.00e+00	0.00e+00
 1.20666e+14	4.22e-29	3.06e-22	4.40e-16	6.71e-11	9.52e-07	1.08e-03	9.99e-01	0.00e+00	0.00e+00	0.00e+00	0.00e+00	0.00e+00
 1.24470e+14	6.02e-29	4.13e-22	5.60e-16	8.07e-11	1.08e-06	1.16e-03	9.99e-01	0.00e+00	0.00e+00	0.00e+00	0.00e+00	0.00e+00
 1.28666e+14	8.77e-29	5.67e-22	7.25e-16	9.82e-11	1.23e-06	1.24e-03	9.99e-01	0.00e+00	0.00e+00	0.00e+00	0.00e+00	0.00e+00
 1.33673e+14	1.35e-28	8.18e-22	9.76e-16	1.23e-10	1.43e-06	1.34e-03	9.99e-01	0.00e+00	0.00e+00	0.00e+00	0.00e+00	0.00e+00
 1.38646e+14	2.05e-28	1.16e-21	1.30e-15	1.53e-10	1.65e-06	1.44e-03	9.99e-01	0.00e+00	0.00e+00	0.00e+00	0.00e+00	0.00e+00
 1.43185e+14	2.96e-28	1.58e-21	1.67e-15	1.85e-10	1.88e-06	1.54e-03	9.98e-01	0.00e+00	0.00e+00	0.00e+00	0.00e+00	0.00e+00
 1.48249e+14	4.39e-28	2.20e-21	2.18e-15	2.28e-10	2.16e-06	1.65e-03	9.98e-01	0.00e+00	0.00e+00	0.00e+00	0.00e+00	0.00e+00
 1.54149e+14	6.85e-28	3.20e-21	2.96e-15	2.87e-10	2.52e-06	1.79e-03	9.98e-01	0.00e+00	0.00e+00	0.00e+00	0.00e+00	0.00e+00
 1.59946e+14	1.04e-27	4.57e-21	3.95e-15	3.57e-10	2.92e-06	1.93e-03	9.98e-01	0.00e+00	0.00e+00	0.00e+00	0.00e+00	0.00e+00
 1.65418e+14	1.53e-27	6.31e-21	5.13e-15	4.36e-10	3.34e-06	2.07e-03	9.98e-01	0.00e+00	0.00e+00	0.00e+00	0.00e+00	0.00e+00
 1.71507e+14	2.31e-27	8.92e-21	6.80e-15	5.41e-10	3.86e-06	2.23e-03	9.98e-01	0.00e+00	0.00e+00	0.00e+00	0.00e+00	0.00e+00
 1.78397e+14	3.62e-27	1.30e-20	9.25e-15	6.83e-10	4.51e-06	2.42e-03	9.98e-01	0.00e+00	0.00e+00	0.00e+00	0.00e+00	0.00e+00
 1.85292e+14	5.59e-27	1.88e-20	1.24e-14	8.56e-10	5.25e-06	2.61e-03	9.97e-01	0.00e+00	0.00e+00	0.00e+00	0.00e+00	0.00e+00
 1.91754e+14	8.28e-27	2.61e-20	1.63e-14	1.05e-09	6.01e-06	2.80e-03	9.97e-01	0.00e+00	0.00e+00	0.00e+00	0.00e+00	0.00e+00
 1.98744e+14	1.25e-26	3.69e-20	2.15e-14	1.30e-09	6.93e-06	3.01e-03	9.97e-01	0.00e+00	0.00e+00	0.00e+00	0.00e+00	0.00e+00
 2.06564e+14	1.94e-26	5.35e-20	2.91e-14	1.63e-09	8.08e-06	3.26e-03	9.97e-01	0.00e+00	0.00e+00	0.00e+00	0.00e+00	0.00e+00
 2.13878e+14	2.91e-26	7.50e-20	3.82e-14	2.01e-09	9.28e-06	3.50e-03	9.96e-01	0.00e+00	0.00e+00	0.00e+00	0.00e+00	0.00e+00
 2.20656e+14	4.16e-26	1.01e-19	4.88e-14	2.42e-09	1.05e-05	3.73e-03	9.96e-01	0.00e+00	0.00e+00	0.00e+00	0.00e+00	0.00e+00
 2.27183e+14	5.82e-26	1.34e-19	6.13e-14	2.87e-09	1.18e-05	3.96e-03	9.96e-01	0.00e+00	0.00e+00	0.00e+00	0.00e+00	0.00e+00
 2.34440e+14	8.36e-26	1.82e-19	7.84e-14	3.46e-09	1.34e-05	4.22e-03	9.96e-01	0.00e+00	0.00e+00	0.00e+00	0.00e+00	0.00e+00
 2.42471e+14	1.23e-25	2.53e-19	1.02e-13	4.23e-09	1.53e-05	4.52e-03	9.95e-01	0.00e+00	0.00e+00	0.00e+00	0.00e+00	0.00e+00
 2.49952e+14	1.75e-25	3.40e-19	1.30e-13	5.07e-09	1.73e-05	4.80e-03	9.95e-01	0.00e+00	0.00e+00	0.00e+00	0.00e+00	0.00e+00
 2.58123e+14	2.55e-25	4.65e-19	1.67e-13	6.14e-09	1.96e-05	5.13e-03	9.95e-01	0.00e+00	0.00e+00	0.00e+00	0.00e+00	0.00e+00
 2.67320e+14	3.82e-25	6.52e-19	2.20e-13	7.56e-09	2.25e-05	5.51e-03	9.94e-01	0.00e+00	0.00e+00	0.00e+00	0.00e+00	0.00e+00
 2.76081e+14	5.56e-25	8.94e-19	2.84e-13	9.16e-09	2.56e-05	5.87e-03	9.94e-01	0.00e+00	0.00e+00	0.00e+00	0.00e+00	0.00e+00
 2.85696e+14	8.26e-25	1.25e-18	3.71e-13	1.12e-08	2.93e-05	6.30e-03	9.94e-01	0.00e+00	0.00e+00	0.00e+00	0.00e+00	0.00e+00
 2.96290e+14	1.26e-24	1.78e-18	4.94e-13	1.39e-08	3.39e-05	6.78e-03	9.93e-01	0.00e+00	0.00e+00	0.00e+00	0.00e+00	0.00e+00
 3.06027e+14	1.84e-24	2.44e-18	6.37e-13	1.69e-08	3.86e-05	7.23e-03	9.93e-01	0.00e+00	0.00e+00	0.00e+00	0.00e+00	0.00e+00
 3.16555e+14	2.72e-24	3.39e-18	8.31e-13	2.07e-08	4.41e-05	7.74e-03	9.92e-01	0.00e+00	0.00e+00	0.00e+00	0.00e+00	0.00e+00
 3.28341e+14	4.15e-24	4.83e-18	1.11e-12	2.57e-08	5.10e-05	8.34e-03	9.92e-01	0.00e+00	0.00e+00	0.00e+00	0.00e+00	0.00e+00
 3.39443e+14	6.10e-24	6.67e-18	1.44e-12	3.13e-08	5.82e-05	8.92e-03	9.91e-01	0.00e+00	0.00e+00	0.00e+00	0.00e+00	0.00e+00
 3.51553e+14	9.12e-24	9.37e-18	1.89e-12	3.85e-08	6.69e-05	9.58e-03	9.90e-01	0.00e+00	0.00e+00	0.00e+00	0.00e+00	0.00e+00
 3.65003e+14	1.41e-23	1.35e-17	2.54e-12	4.82e-08	7.76e-05	1.03e-02	9.90e-01	0.00e+00	0.00e+00	0.00e+00	0.00e+00	0.00e+00
 3.77545e+14	2.07e-23	1.87e-17	3.30e-12	5.89e-08	8.87e-05	1.11e-02	9.89e-01	0.00e+00	0.00e+00	0.00e+00	0.00e+00	0.00e+00
 3.91167e+14	3.12e-23	2.63e-17	4.36e-12	7.26e-08	1.02e-04	1.19e-02	9.88e-01	0.00e+00	0.00e+00	0.00e+00	0.00e+00	0.00e+00
 4.06417e+14	4.80e-23	3.79e-17	5.87e-12	9.12e-08	1.19e-04	1.29e-02	9.87e-01	0.00e+00	0.00e+00	0.00e+00	0.00e+00	0.00e+00
 4.20892e+14	7.20e-23	5.33e-17	7.72e-12	1.12e-07	1.37e-04	1.38e-02	9.86e-01	0.00e+00	0.00e+00	0.00e+00	0.00e+00	0.00e+00
 4.36372e+14	1.08e-22	7.50e-17	1.02e-11	1.39e-07	1.57e-04	1.49e-02	9.85e-01	0.00e+00	0.00e+00	0.00e+00	0.00e+00	0.00e+00
 4.53857e+14	1.68e-22	1.09e-16	1.39e-11	1.75e-07	1.84e-04	1.61e-02	9.84e-01	0.00e+00	0.00e+00	0.00e+00	0.00e+00	0.00e+00
 4.71076e+14	2.55e-22	1.55e-16	1.85e-11	2.19e-07	2.13e-04	1.74e-02	9.82e-01	0.00e+00	0.00e+00	0.00e+00	0.00e+00	0.00e+00
 4.88984e+14	3.88e-22	2.21e-16	2.47e-11	2.73e-07	2.47e-04	1.88e-02	9.81e-01	0.00e+00	0.00e+00	0.00e+00	0.00e+00	0.00e+00
 5.08573e+14	5.98e-22	3.20e-16	3.34e-11	3.44e-07	2.89e-04	2.04e-02	9.79e-01	0.00e+00	0.00e+00	0.00e+00	0.00e+00	0.00e+00
 5.27912e+14	9.00e-22	4.53e-16	4.44e-11	4.29e-07	3.34e-04	2.20e-02	9.78e-01	0.00e+00	0.00e+00	0.00e+00	0.00e+00	0.00e+00
 5.43976e+14	1.25e-21	6.01e-16	5.60e-11	5.12e-07	3.76e-04	2.34e-02	9.76e-01	0.00e+00	0.00e+00	0.00e+00	0.00e+00	0.00e+00
 5.56946e+14	1.62e-21	7.47e-16	6.70e-11	5.88e-07	4.13e-04	2.46e-02	9.75e-01	0.00e+00	0.00e+00	0.00e+00	0.00e+00	0.00e+00
 5.71340e+14	2.12e-21	9.43e-16	8.13e-11	6.84e-07	4.56e-04	2.60e-02	9.74e-01	0.00e+00	0.00e+00	0.00e+00	0.00e+00	0.00e+00
 5.90052e+14	3.00e-21	1.27e-15	1.04e-10	8.27e-07	5.18e-04	2.78e-02	9.72e-01	0.00e+00	0.00e+00	0.00e+00	0.00e+00	0.00e+00
 6.10124e+14	4.28e-21	1.72e-15	1.34e-10	1.01e-06	5.91e-04	2.98e-02	9.70e-01	0.00e+00	0.00e+00	0.00e+00	0.00e+00	0.00e+00
 6.27940e+14	5.80e-21	2.24e-15	1.67e-10	1.19e-06	6.62e-04	3.17e-02	9.68e-01	0.00e+00	0.00e+00	0.00e+00	0.00e+00	0.00e+00
 6.47080e+14	7.95e-21	2.94e-15	2.09e-10	1.42e-06	7.44e-04	3.37e-02	9.66e-01	0.00e+00	0.00e+00	0.00e+00	0.00e+00	0.00e+00
 6.71072e+14	1.16e-20	4.09e-15	2.75e-10	1.76e-06	8.58e-04	3.64e-02	9.63e-01	0.00e+00	0.00e+00	0.00e+00	0.00e+00	0.00e+00
 6.95411e+14	1.68e-20	5.63e-15	3.60e-10	2.17e-06	9.86e-04	3.93e-02	9.60e-01	0.00e+00	0.00e+00	0.00e+00	0.00e+00	0.00e+00
 7.16493e+14	2.29e-20	7.37e-15	4.51e-10	2.59e-06	1.11e-03	4.19e-02	9.57e-01	0.00e+00	0.00e+00	0.00e+00	0.00e+00	0.00e+00
 7.39299e+14	3.14e-20	9.72e-15	5.70e-10	3.11e-06	1.25e-03	4.48e-02	9.54e-01	0.00e+00	0.00e+00	0.00e+00	0.00e+00	0.00e+00
 7.67249e+14	4.59e-20	1.35e-14	7.53e-10	3.87e-06	1.45e-03	4.85e-02	9.50e-01	0.00e+00	0.00e+00	0.00e+00	0.00e+00	0.00e+00
 7.95510e+14	6.61e-20	1.87e-14	9.88e-10	4.78e-06	1.66e-03	5.24e-02	9.46e-01	0.00e+00	0.00e+00	0.00e+00	0.00e+00	0.00e+00
 8.20671e+14	9.02e-20	2.46e-14	1.25e-09	5.73e-06	1.88e-03	5.60e-02	9.42e-01	0.00e+00	0.00e+00	0.00e+00	0.00e+00	0.00e+00
 8.48175e+14	1.25e-19	3.29e-14	1.60e-09	6.95e-06	2.13e-03	6.01e-02	9.38e-01	0.00e+00	0.00e+00	0.00e+00	0.00e+00	0.00e+00
 8.81010e+14	1.83e-19	4.60e-14	2.12e-09	8.68e-06	2.47e-03	6.51e-02	9.32e-01	0.00e+00	0.00e+00	0.00e+00	0.00e+00	0.00e+00
 9.13472e+14	2.63e-19	6.34e-14	2.78e-09	1.07e-05	2.83e-03	7.03e-02	9.27e-01	0.00e+00	0.00e+00	0.00e+00	0.00e+00	0.00e+00
 9.42813e+14	3.59e-19	8.37e-14	3.52e-09	1.29e-05	3.20e-03	7.51e-02	9.22e-01	0.00e+00	0.00e+00	0.00e+00	0.00e+00	0.00e+00
 9.75402e+14	5.03e-19	1.13e-13	4.54e-09	1.57e-05	3.64e-03	8.07e-02	9.16e-01	0.00e+00	0.00e+00	0.00e+00	0.00e+00	0.00e+00
 1.01371e+15	7.36e-19	1.59e-13	6.05e-09	1.97e-05	4.21e-03	8.75e-02	9.08e-01	0.00e+00	0.00e+00	0.00e+00	0.00e+00	0.00e+00
 1.05148e+15	1.06e-18	2.20e-13	7.96e-09	2.43e-05	4.83e-03	9.44e-02	9.01e-01	0.00e+00	0.00e+00	0.00e+00	0.00e+00	0.00e+00
 1.08661e+15	1.47e-18	2.94e-13	1.02e-08	2.94e-05	5.46e-03	1.01e-01	8.94e-01	0.00e+00	0.00e+00	0.00e+00	0.00e+00	0.00e+00
 1.12595e+15	2.09e-18	4.04e-13	1.33e-08	3.61e-05	6.24e-03	1.09e-01	8.85e-01	0.00e+00	0.00e+00	0.00e+00	0.00e+00	0.00e+00
 1.17102e+15	3.09e-18	5.73e-13	1.79e-08	4.53e-05	7.22e-03	1.18e-01	8.75e-01	0.00e+00	0.00e+00	0.00e+00	0.00e+00	0.00e+00
 1.21544e+15	4.48e-18	8.01e-13	2.36e-08	5.62e-05	8.29e-03	1.27e-01	8.65e-01	0.00e+00	0.00e+00	0.00e+00	0.00e+00	0.00e+00
 1.26164e+15	6.52e-18	1.12e-12	3.13e-08	6.96e-05	9.51e-03	1.36e-01	8.54e-01	0.00e+00	0.00e+00	0.00e+00	0.00e+00	0.00e+00
 1.30367e+15	9.08e-18	1.51e-12	4.01e-08	8.40e-05	1.07e-02	1.45e-01	8.44e-01	0.00e+00	0.00e+00	0.00e+00	0.00e+00	0.00e+00
 1.33504e+15	1.15e-17	1.87e-12	4.80e-08	9.61e-05	1.17e-02	1.52e-01	8.36e-01	0.00e+00	0.00e+00	0.00e+00	0.00e+00	0.00e+00
 1.36745e+15	1.47e-17	2.32e-12	5.75e-08	1.10e-04	1.27e-02	1.59e-01	8.28e-01	0.00e+00	0.00e+00	0.00e+00	0.00e+00	0.00e+00
 1.40958e+15	2.00e-17	3.06e-12	7.23e-08	1.31e-04	1.42e-02	1.69e-01	8.17e-01	0.00e+00	0.00e+00	0.00e+00	0.00e+00	0.00e+00
 1.45538e+15	2.83e-17	4.09e-12	9.20e-08	1.57e-04	1.59e-02	1.79e-01	8.05e-01	0.00e+00	0.00e+00	1.63e-17	8.53e-18	2.89e-18
 1.49686e+15	3.78e-17	5.29e-12	1.14e-07	1.84e-04	1.76e-02	1.88e-01	7.94e-01	0.00e+00	0.00e+00	2.17e-17	1.14e-17	3.86e-18
 1.54170e+15	5.12e-17	6.92e-12	1.42e-07	2.17e-04	1.95e-02	1.99e-01	7.82e-01	0.00e+00	0.00e+00	2.94e-17	1.55e-17	5.20e-18
 1.59840e+15	7.48e-17	9.66e-12	1.87e-07	2.66e-04	2.22e-02	2.12e-01	7.66e-01	0.00e+00	0.00e+00	4.30e-17	2.26e-17	7.57e-18
 1.65535e+15	1.08e-16	1.33e-11	2.43e-07	3.24e-04	2.51e-02	2.25e-01	7.50e-01	0.00e+00	0.00e+00	6.21e-17	3.25e-17	1.09e-17
 1.70325e+15	1.45e-16	1.73e-11	3.01e-07	3.79e-04	2.77e-02	2.36e-01	7.36e-01	0.00e+00	0.00e+00	8.38e-17	4.38e-17	1.46e-17
 1.75456e+15	1.98e-16	2.28e-11	3.75e-07	4.46e-04	3.06e-02	2.47e-01	7.22e-01	0.00e+00	0.00e+00	1.14e-16	5.97e-17	1.99e-17
 1.81924e+15	2.91e-16	3.18e-11	4.93e-07	5.44e-04	3.46e-02	2.62e-01	7.03e-01	0.00e+00	0.00e+00	1.68e-16	8.78e-17	2.92e-17
 1.88707e+15	4.30e-16	4.46e-11	6.47e-07	6.64e-04	3.91e-02	2.77e-01	6.83e-01	0.00e+00	0.00e+00	2.48e-16	1.29e-16	4.29e-17
 1.94827e+15	6.03e-16	5.98e-11	8.20e-07	7.88e-04	4.34e-02	2.91e-01	6.65e-01	0.00e+00	0.00e+00	3.48e-16	1.82e-16	6.00e-17
 2.01510e+15	8.65e-16	8.16e-11	1.05e-06	9.44e-04	4.84e-02	3.05e-01	6.46e-01	0.00e+00	0.00e+00	5.00e-16	2.61e-16	8.60e-17
 2.09394e+15	1.31e-15	1.16e-10	1.40e-06	1.16e-03	5.47e-02	3.22e-01	6.23e-01	0.00e+00	0.00e+00	7.58e-16	3.95e-16	1.30e-16
 2.17109e+15	1.93e-15	1.62e-10	1.82e-06	1.40e-03	6.13e-02	3.37e-01	6.00e-01	0.00e+00	0.00e+00	1.12e-15	5.83e-16	1.92e-16
 2.24154e+15	2.73e-15	2.17e-10	2.30e-06	1.65e-03	6.77e-02	3.51e-01	5.80e-01	0.00e+00	0.00e+00	1.58e-15	8.23e-16	2.70e-16
 2.32058e+15	3.97e-15	2.98e-10	2.96e-06	1.98e-03	7.52e-02	3.65e-01	5.57e-01	0.00e+00	0.00e+00	2.30e-15	1.20e-15	3.92e-16
 2.41258e+15	6.06e-15	4.24e-10	3.91e-06	2.41e-03	8.44e-02	3.82e-01	5.32e-01	0.00e+00	0.00e+00	3.51e-15	1.83e-15	5.98e-16
 2.50309e+15	9.05e-15	5.92e-10	5.09e-06	2.90e-03	9.40e-02	3.96e-01	5.07e-01	0.00e+00	0.00e+00	5.24e-15	2.73e-15	8.92e-16
 2.58865e+15	1.30e-14	8.02e-10	6.47e-06	3.43e-03	1.03e-01	4.09e-01	4.84e-01	0.00e+00	0.00e+00	7.56e-15	3.94e-15	1.29e-15
 2.68367e+15	1.93e-14	1.11e-09	8.34e-06	4.09e-03	1.14e-01	4.22e-01	4.59e-01	0.00e+00	0.00e+00	1.12e-14	5.83e-15	1.90e-15
 2.77399e+15	2.77e-14	1.49e-09	1.05e-05	4.81e-03	1.25e-01	4.34e-01	4.36e-01	0.00e+00	0.00e+00	1.61e-14	8.36e-15	2.73e-15
 2.84131e+15	3.59e-14	1.84e-09	1.24e-05	5.39e-03	1.33e-01	4.41e-01	4.20e-01	0.00e+00	0.00e+00	2.08e-14	1.08e-14	3.53e-15
 2.90948e+15	4.64e-14	2.27e-09	1.46e-05	6.03e-03	1.42e-01	4.49e-01	4.03e-01	0.00e+00	0.00e+00	2.69e-14	1.40e-14	4.57e-15
 2.99810e+15	6.43e-14	2.96e-09	1.80e-05	6.94e-03	1.53e-01	4.57e-01	3.83e-01	0.00e+00	0.00e+00	3.73e-14	1.94e-14	6.32e-15
 3.09452e+15	9.05e-14	3.90e-09	2.23e-05	8.03e-03	1.66e-01	4.65e-01	3.61e-01	0.00e+00	0.00e+00	5.25e-14	2.73e-14	8.89e-15
 3.18154e+15	1.22e-13	4.96e-09	2.69e-05	9.11e-03	1.78e-01	4.71e-01	3.43e-01	0.00e+00	0.00e+00	7.07e-14	3.69e-14	1.20e-14
 3.27514e+15	1.67e-13	6.38e-09	3.26e-05	1.04e-02	1.90e-01	4.76e-01	3.23e-01	0.00e+00	0.00e+00	9.68e-14	5.04e-14	1.64e-14
 3.39461e+15	2.46e-13	8.68e-09	4.14e-05	1.22e-02	2.07e-01	4.81e-01	3.00e-01	0.00e+00	0.00e+00	1.43e-13	7.43e-14	2.41e-14
 3.51490e+15	3.54e-13	1.16e-08	5.20e-05	1.42e-02	2.23e-01	4.85e-01	2.78e-01	0.00e+00	0.00e+00	2.06e-13	1.07e-13	3.48e-14
 3.61465e+15	4.76e-13	1.47e-08	6.24e-05	1.60e-02	2.37e-01	4.86e-01	2.61e-01	0.00e+00	0.00e+00	2.76e-13	1.44e-13	4.68e-14
 3.72054e+15	6.49e-13	1.88e-08	7.52e-05	1.80e-02	2.52e-01	4.87e-01	2.44e-01	0.00e+00	0.00e+00	3.77e-13	1.96e-13	6.37e-14
 3.85602e+15	9.52e-13	2.53e-08	9.45e-05	2.09e-02	2.70e-01	4.86e-01	2.23e-01	0.00e+00	0.00e+00	5.52e-13	2.88e-13	9.34e-14
 3.99720e+15	1.39e-12	3.41e-08	1.19e-04	2.42e-02	2.89e-01	4.83e-01	2.03e-01	0.00e+00	0.00e+00	8.08e-13	4.22e-13	1.37e-13
 4.12046e+15	1.92e-12	4.38e-08	1.44e-04	2.73e-02	3.06e-01	4.79e-01	1.87e-01	0.00e+00	0.00e+00	1.11e-12	5.81e-13	1.88e-13
 4.25315e+15	2.69e-12	5.68e-08	1.75e-04	3.09e-02	3.24e-01	4.74e-01	1.71e-01	0.00e+00	0.00e+00	1.56e-12	8.14e-13	2.63e-13
 4.41473e+15	3.99e-12	7.71e-08	2.20e-04	3.57e-02	3.44e-01	4.66e-01	1.53e-01	0.00e+00	0.00e+00	2.31e-12	1.21e-12	3.91e-13
 4.57417e+15	5.75e-12	1.02e-07	2.72e-04	4.07e-02	3.64e-01	4.57e-01	1.38e-01	0.00e+00	0.00e+00	3.34e-12	1.74e-12	5.63e-13
 4.71315e+15	7.83e-12	1.30e-07	3.26e-04	4.55e-02	3.81e-01	4.48e-01	1.25e-01	0.00e+00	0.00e+00	4.55e-12	2.37e-12	7.68e-13
 4.86520e+15	1.09e-11	1.68e-07	3.94e-04	5.10e-02	3.98e-01	4.38e-01	1.13e-01	0.00e+00	0.00e+00	6.33e-12	3.30e-12	1.07e-12
 5.03371e+15	1.54e-11	2.19e-07	4.82e-04	5.76e-02	4.17e-01	4.25e-01	1.00e-01	0.00e+00	0.00e+00	8.97e-12	4.68e-12	1.51e-12
 5.18998e+15	2.10e-11	2.78e-07	5.76e-04	6.40e-02	4.33e-01	4.13e-01	9.00e-02	0.00e+00	0.00e+00	1.22e-11	6.38e-12	2.06e-12
 5.32461e+15	2.72e-11	3.39e-07	6.68e-04	6.98e-02	4.46e-01	4.02e-01	8.20e-02	0.00e+00	0.00e+00	1.58e-11	8.24e-12	2.67e-12
 5.46470e+15	3.55e-11	4.15e-07	7.76e-04	7.62e-02	4.59e-01	3.90e-01	7.43e-02	0.00e+00	0.00e+00	2.06e-11	1.08e-11	3.48e-12
 5.62028e+15	4.70e-11	5.15e-07	9.12e-04	8.36e-02	4.72e-01	3.77e-01	6.67e-02	0.00e+00	0.00e+00	2.73e-11	1.43e-11	4.61e-12
 5.76738e+15	6.07e-11	6.27e-07	1.06e-03	9.09e-02	4.84e-01	3.64e-01	6.02e-02	0.00e+00	0.00e+00	3.53e-11	1.84e-11	5.96e-12
 5.93000e+15	8.06e-11	7.78e-07	1.24e-03	9.93e-02	4.96e-01	3.50e-01	5.37e-02	0.00e+00	0.00e+00	4.68e-11	2.45e-11	7.90e-12
 6.10653e+15	1.07e-10	9.70e-07	1.46e-03	1.09e-01	5.08e-01	3.34e-01	4.74e-02	0.00e+00	0.00e+00	6.24e-11	3.26e-11	1.05e-11
 6.26907e+15	1.39e-10	1.18e-06	1.69e-03	1.18e-01	5.18e-01	3.20e-01	4.23e-02	0.00e+00	0.00e+00	8.06e-11	4.21e-11	1.36e-11
 6.44828e+15	1.85e-10	1.47e-06	1.98e-03	1.29e-01	5.27e-01	3.05e-01	3.73e-02	0.00e+00	0.00e+00	1.07e-10	5.60e-11	1.81e-11
 6.64469e+15	2.47e-10	1.83e-06	2.34e-03	1.40e-01	5.36e-01	2.88e-01	3.24e-02	0.00e+00	0.00e+00	1.43e-10	7.49e-11	2.42e-11
 6.82888e+15	3.20e-10	2.24e-06	2.71e-03	1.52e-01	5.43e-01	2.73e-01	2.85e-02	0.00e+00	0.00e+00	1.86e-10	9.71e-11	3.14e-11
 7.03375e+15	4.31e-10	2.81e-06	3.21e-03	1.66e-01	5.50e-01	2.57e-01	2.46e-02	0.00e+00	0.00e+00	2.51e-10	1.31e-10	4.23e-11
 7.25188e+15	5.73e-10	3.50e-06	3.78e-03	1.80e-01	5.55e-01	2.40e-01	2.11e-02	0.00e+00	0.00e+00	3.33e-10	1.74e-10	5.63e-11
 7.44406e+15	7.33e-10	4.23e-06	4.37e-03	1.93e-01	5.58e-01	2.26e-01	1.84e-02	0.00e+00	0.00e+00	4.27e-10	2.23e-10	7.21e-11
 7.65069e+15	9.66e-10	5.21e-06	5.09e-03	2.08e-01	5.60e-01	2.11e-01	1.59e-02	0.00e+00	0.00e+00	5.62e-10	2.94e-10	9.50e-11
 7.87821e+15	1.27e-09	6.46e-06	5.98e-03	2.25e-01	5.60e-01	1.96e-01	1.35e-02	0.00e+00	0.00e+00	7.40e-10	3.87e-10	1.25e-10
 8.08790e+15	1.63e-09	7.82e-06	6.91e-03	2.41e-01	5.59e-01	1.82e-01	1.16e-02	0.00e+00	0.00e+00	9.48e-10	4.96e-10	1.60e-10
 8.31555e+15	2.17e-09	9.71e-06	8.10e-03	2.59e-01	5.56e-01	1.68e-01	9.83e-03	0.00e+00	0.00e+00	1.26e-09	6.61e-10	2.14e-10
 8.56020e+15	2.85e-09	1.20e-05	9.51e-03	2.78e-01	5.51e-01	1.53e-01	8.24e-03	0.00e+00	0.00e+00	1.66e-09	8.69e-10	2.82e-10
 8.76726e+15	3.55e-09	1.43e-05	1.09e-02	2.94e-01	5.46e-01	1.42e-01	7.11e-03	0.00e+00	0.00e+00	2.07e-09	1.08e-09	3.51e-10
 8.94653e+15	4.35e-09	1.67e-05	1.22e-02	3.09e-01	5.40e-01	1.33e-01	6.22e-03	0.00e+00	0.00e+00	2.53e-09	1.33e-09	4.30e-10
 9.14936e+15	5.48e-09	1.99e-05	1.39e-02	3.26e-01	5.33e-01	1.23e-01	5.34e-03	0.00e+00	0.00e+00	3.19e-09	1.67e-09	5.42e-10
 9.37134e+15	7.01e-09	2.41e-05	1.60e-02	3.44e-01	5.23e-01	1.12e-01	4.52e-03	0.00e+00	0.00e+00	4.08e-09	2.14e-09	6.93e-10
 9.57165e+15	8.64e-09	2.83e-05	1.81e-02	3.61e-01	5.14e-01	1.03e-01	3.89e-03	0.00e+00	0.00e+00	5.02e-09	2.63e-09	8.55e-10
 9.75661e+15	1.06e-08	3.31e-05	2.04e-02	3.77e-01	5.04e-01	9.55e-02	3.38e-03	0.00e+00	0.00e+00	6.14e-09	3.22e-09	1.04e-09
 9.96820e+15	1.33e-08	3.96e-05	2.33e-02	3.95e-01	4.92e-01	8.70e-02	2.86e-03	0.00e+00	0.00e+00	7.77e-09	4.07e-09	1.32e-09
 1.01954e+16	1.71e-08	4.81e-05	2.69e-02	4.14e-01	4.78e-01	7.86e-02	2.39e-03	0.00e+00	0.00e+00	9.97e-09	5.23e-09	1.70e-09
 1.03936e+16	2.11e-08	5.65e-05	3.04e-02	4.31e-01	4.65e-01	7.17e-02	2.04e-03	0.00e+00	0.00e+00	1.23e-08	6.44e-09	2.09e-09
 1.05735e+16	2.58e-08	6.59e-05	3.41e-02	4.46e-01	4.52e-01	6.58e-02	1.76e-03	0.00e+00	0.00e+00	1.50e-08	7.86e-09	2.56e-09
 1.07788e+16	3.25e-08	7.89e-05	3.90e-02	4.64e-01	4.36e-01	5.93e-02	1.48e-03	0.00e+00	0.00e+00	1.89e-08	9.93e-09	3.23e-09
 1.09989e+16	4.21e-08	9.61e-05	4.50e-02	4.82e-01	4.19e-01	5.29e-02	1.22e-03	0.00e+00	0.00e+00	2.45e-08	1.28e-08	4.18e-09
 1.11889e+16	5.21e-08	1.14e-04	5.10e-02	4.97e-01	4.03e-01	4.78e-02	1.03e-03	0.00e+00	0.00e+00	3.03e-08	1.59e-08	5.18e-09
 1.13577e+16	6.38e-08	1.33e-04	5.71e-02	5.10e-01	3.88e-01	4.35e-02	8.87e-04	0.00e+00	0.00e+00	3.71e-08	1.95e-08	6.35e-09
 1.15488e+16	8.06e-08	1.59e-04	6.53e-02	5.25e-01	3.70e-01	3.88e-02	7.39e-04	0.00e+00	0.00e+00	4.69e-08	2.46e-08	8.02e-09
 1.17529e+16	1.06e-07	1.95e-04	7.57e-02	5.39e-01	3.50e-01	3.41e-02	6.03e-04	0.00e+00	0.00e+00	6.16e-08	3.24e-08	1.06e-08
 1.19253e+16	1.32e-07	2.31e-04	8.57e-02	5.50e-01	3.33e-01	3.05e-02	5.07e-04	0.00e+00	0.00e+00	7.67e-08	4.03e-08	1.31e-08
 1.20746e+16	1.61e-07	2.71e-04	9.60e-02	5.59e-01	3.17e-01	2.75e-02	4.32e-04	0.00e+00	0.00e+00	9.40e-08	4.94e-08	1.61e-08
 1.22422e+16	1.96e-07	3.16e-04	1.09e-01	5.68e-01	2.98e-01	2.43e-02	3.60e-04	0.00e+00	0.00e+00	1.14e-07	5.98e-08	1.95e-08
 1.24255e+16	2.54e-07	3.87e-04	1.27e-01	5.75e-01	2.77e-01	2.10e-02	2.90e-04	0.00e+00	0.00e+00	1.48e-07	7.77e-08	2.54e-08
 1.25839e+16	3.26e-07	4.68e-04	1.45e-01	5.79e-01	2.58e-01	1.83e-02	2.37e-04	0.00e+00	0.00e+00	1.90e-07	9.96e-08	3.25e-08
 1.27098e+16	4.26e-07	5.66e-04	1.62e-01	5.79e-01	2.42e-01	1.62e-02	1.98e-04	0.00e+00	0.00e+00	2.48e-07	1.30e-07	4.25e-08
 1.28111e+16	4.96e-07	6.38e-04	1.78e-01	5.79e-01	2.28e-01	1.47e-02	1.72e-04	0.00e+00	0.00e+00	2.89e-07	1.52e-07	4.96e-08
 1.29152e+16	5.81e-07	7.22e-04	1.96e-01	5.77e-01	2.14e-01	1.31e-02	1.47e-04	0.00e+00	0.00e+00	3.38e-07	1.78e-07	5.81e-08
 1.30506e+16	7.81e-07	8.97e-04	2.24e-01	5.70e-01	1.94e-01	1.11e-02	1.16e-04	0.00e+00	0.00e+00	4.54e-07	2.39e-07	7.82e-08
 1.31661e+16	9.26e-07	1.03e-03	2.49e-01	5.62e-01	1.78e-01	9.66e-03	9.60e-05	0.00e+00	0.00e+00	5.39e-07	2.83e-07	9.27e-08
 1.32378e+16	1.13e-06	1.18e-03	2.69e-01	5.54e-01	1.67e-01	8.68e-03	8.25e-05	0.00e+00	0.00e+00	6.59e-07	3.47e-07	1.14e-07
 1.32971e+16	1.26e-06	1.28e-03	2.86e-01	5.47e-01	1.58e-01	7.96e-03	7.36e-05	0.00e+00	0.00e+00	7.36e-07	3.87e-07	1.27e-07
 1.33585e+16	1.45e-06	1.42e-03	3.05e-01	5.38e-01	1.48e-01	7.19e-03	6.41e-05	0.00e+00	0.00e+00	8.46e-07	4.45e-07	1.46e-07
 1.34383e+16	1.74e-06	1.62e-03	3.33e-01	5.24e-01	1.35e-01	6.25e-03	5.31e-05	0.00e+00	0.00e+00	1.01e-06	5.34e-07	1.75e-07
 1.35209e+16	2.02e-06	1.82e-03	3.62e-01	5.08e-01	1.22e-01	5.39e-03	4.38e-05	0.00e+00	0.00e+00	1.18e-06	6.19e-07	2.03e-07
 1.35943e+16	2.51e-06	2.11e-03	3.93e-01	4.89e-01	1.11e-01	4.61e-03	3.55e-05	0.00e+00	0.00e+00	1.46e-06	7.68e-07	2.52e-07
 1.36561e+16	2.82e-06	2.30e-03	4.19e-01	4.73e-01	1.01e-01	4.04e-03	3.00e-05	0.00e+00	0.00e+00	1.64e-06	8.63e-07	2.83e-07
 1.37159e+16	3.28e-06	2.57e-03	4.48e-01	4.55e-01	9.12e-02	3.49e-03	2.48e-05	0.00e+00	0.00e+00	1.91e-06	1.01e-06	3.30e-07
 1.37830e+16	4.06e-06	2.96e-03	4.82e-01	4.31e-01	8.05e-02	2.90e-03	1.95e-05	0.00e+00	0.00e+00	2.36e-06	1.24e-06	4.08e-07
 1.38407e+16	4.52e-06	3.20e-03	5.11e-01	4.12e-01	7.21e-02	2.49e-03	1.61e-05	0.00e+00	0.00e+00	2.63e-06	1.39e-06	4.55e-07
 1.38968e+16	5.27e-06	3.56e-03	5.42e-01	3.89e-01	6.37e-02	2.09e-03	1.29e-05	0.00e+00	0.00e+00	3.06e-06	1.62e-06	5.31e-07
 1.39596e+16	6.44e-06	4.06e-03	5.78e-01	3.62e-01	5.47e-02	1.69e-03	9.78e-06	0.00e+00	0.00e+00	3.75e-06	1.98e-06	6.50e-07
 1.40146e+16	7.44e-06	4.47e-03	6.08e-01	3.38e-01	4.76e-02	1.39e-03	7.68e-06	0.00e+00	0.00e+00	4.33e-06	2.28e-06	7.51e-07
 1.40696e+16	8.76e-06	4.97e-03	6.41e-01	3.13e-01	4.06e-02	1.11e-03	5.81e-06	0.00e+00	0.00e+00	5.09e-06	2.69e-06	8.85e-07
 1.41302e+16	1.03e-05	5.52e-03	6.75e-01	2.85e-01	3.38e-02	8.67e-04	4.26e-06	0.00e+00	0.00e+00	5.97e-06	3.15e-06	1.04e-06
 1.41869e+16	1.20e-05	6.09e-03	7.06e-01	2.59e-01	2.81e-02	6.73e-04	3.11e-06	0.00e+00	0.00e+00	6.98e-06	3.69e-06	1.22e-06
 1.42409e+16	1.39e-05	6.67e-03	7.35e-01	2.34e-01	2.33e-02	5.20e-04	2.26e-06	0.00e+00	0.00e+00	8.10e-06	4.28e-06	1.41e-06
 1.43022e+16	1.65e-05	7.38e-03	7.67e-01	2.07e-01	1.84e-02	3.79e-04	1.53e-06	0.00e+00	0.00e+00	9.58e-06	5.06e-06	1.67e-06
 1.43685e+16	1.96e-05	8.19e-03	7.97e-01	1.80e-01	1.42e-02	2.66e-04	9.87e-07	0.00e+00	0.00e+00	1.14e-05	6.02e-06	1.99e-06
 1.44289e+16	2.29e-05	8.97e-03	8.23e-01	1.57e-01	1.10e-02	1.89e-04	0.00e+00	0.00e+00	0.00e+00	1.33e-05	7.03e-06	2.33e-06
 1.44946e+16	2.72e-05	9.89e-03	8.48e-01	1.34e-01	8.19e-03	1.26e-04	0.00e+00	0.00e+00	0.00e+00	1.58e-05	8.35e-06	2.77e-06
 1.45679e+16	3.25e-05	1.09e-02	8.72e-01	1.12e-01	5.87e-03	8.03e-05	0.00e+00	0.00e+00	0.00e+00	1.89e-05	9.99e-06	3.32e-06
 1.46388e+16	3.84e-05	1.20e-02	8.91e-01	9.30e-02	4.21e-03	5.11e-05	0.00e+00	0.00e+00	0.00e+00	2.23e-05	1.18e-05	3.93e-06
 1.47189e+16	4.61e-05	1.32e-02	9.09e-01	7.53e-02	2.86e-03	3.00e-05	0.00e+00	0.00e+00	0.00e+00	2.68e-05	1.42e-05	4.73e-06
 1.47925e+16	5.40e-05	1.44e-02	9.21e-01	6.26e-02	2.04e-03	1.89e-05	0.00e+00	0.00e+00	0.00e+00	3.14e-05	1.66e-05	5.54e-06
 1.48427e+16	6.02e-05	1.52e-02	9.28e-01	5.50e-02	1.61e-03	1.36e-05	0.00e+00	0.00e+00	0.00e+00	3.50e-05	1.85e-05	6.18e-06
 1.48930e+16	6.70e-05	1.61e-02	9.34e-01	4.81e-02	1.26e-03	9.65e-06	0.00e+00	0.00e+00	0.00e+00	3.90e-05	2.06e-05	6.88e-06
 1.49583e+16	7.68e-05	1.72e-02	9.41e-01	4.05e-02	9.14e-04	6.19e-06	0.00e+00	0.00e+00	0.00e+00	4.47e-05	2.36e-05	7.90e-06
 1.50306e+16	8.88e-05	1.86e-02	9.47e-01	3.38e-02	6.55e-04	3.87e-06	0.00e+00	0.00e+00	0.00e+00	5.16e-05	2.73e-05	9.13e-06
 1.50983e+16	1.02e-04	1.99e-02	9.51e-01	2.86e-02	4.81e-04	2.50e-06	0.00e+00	0.00e+00	0.00e+00	5.91e-05	3.13e-05	1.05e-05
