#depth	N	N+	N+2	N+3	N+4	N+5	N+6	N+7
 1.49634e+10	0.00e+00	0.00e+00	4.35e-27	5.63e-18	1.32e-09	9.70e-01	2.97e-02	0.00e+00
 4.54887e+10	0.00e+00	8.34e-37	5.54e-27	6.63e-18	1.43e-09	9.73e-01	2.74e-02	3.14e-07
 7.72350e+10	0.00e+00	0.00e+00	7.07e-27	7.81e-18	1.56e-09	9.75e-01	2.52e-02	0.00e+00
 1.10251e+11	0.00e+00	1.59e-36	9.01e-27	9.19e-18	1.69e-09	9.77e-01	2.32e-02	0.00e+00
 1.43747e+11	4.36e-47	2.18e-36	1.14e-26	1.08e-17	1.83e-09	9.79e-01	2.14e-02	0.00e+00
 1.78583e+11	0.00e+00	2.99e-36	1.45e-26	1.27e-17	1.99e-09	9.80e-01	1.98e-02	0.00e+00
 2.15653e+11	9.69e-47	4.13e-36	1.85e-26	1.49e-17	2.16e-09	9.82e-01	1.82e-02	0.00e+00
 2.54206e+11	0.00e+00	5.71e-36	2.36e-26	1.76e-17	2.34e-09	9.83e-01	1.67e-02	0.00e+00
 2.94301e+11	2.18e-46	7.91e-36	3.02e-26	2.07e-17	2.55e-09	9.85e-01	1.54e-02	0.00e+00
 3.36000e+11	0.00e+00	0.00e+00	3.85e-26	2.44e-17	2.77e-09	9.86e-01	1.42e-02	0.00e+00
 3.79367e+11	0.00e+00	1.52e-35	4.92e-26	2.88e-17	3.01e-09	9.87e-01	1.30e-02	0.00e+00
 4.24468e+11	7.38e-46	2.10e-35	6.30e-26	3.39e-17	3.27e-09	9.88e-01	1.20e-02	0.00e+00
 4.71374e+11	0.00e+00	0.00e+00	8.06e-26	4.00e-17	3.56e-09	9.89e-01	1.10e-02	0.00e+00
 5.15520e+11	0.00e+00	3.92e-35	1.01e-25	4.65e-17	3.84e-09	9.90e-01	1.02e-02	0.00e+00
 5.55059e+11	2.22e-45	5.07e-35	1.22e-25	5.30e-17	4.10e-09	9.90e-01	9.55e-03	0.00e+00
 5.99461e+11	0.00e+00	0.00e+00	1.51e-25	6.12e-17	4.40e-09	9.91e-01	8.88e-03	0.00e+00
 6.52013e+11	0.00e+00	9.26e-35	1.93e-25	7.20e-17	4.78e-09	9.92e-01	8.17e-03	0.00e+00
 7.04561e+11	6.92e-45	1.26e-34	2.43e-25	8.43e-17	5.18e-09	9.92e-01	7.54e-03	0.00e+00
 7.53964e+11	0.00e+00	0.00e+00	3.01e-25	9.72e-17	5.56e-09	9.93e-01	7.01e-03	0.00e+00
 8.08804e+11	0.00e+00	2.26e-34	3.79e-25	1.13e-16	6.02e-09	9.94e-01	6.49e-03	0.00e+00
 8.71083e+11	2.17e-44	3.15e-34	4.86e-25	1.34e-16	6.55e-09	9.94e-01	5.95e-03	0.00e+00
 9.33205e+11	0.00e+00	4.35e-34	6.19e-25	1.58e-16	7.12e-09	9.95e-01	5.48e-03	0.00e+00
 9.97812e+11	4.83e-44	5.98e-34	7.89e-25	1.86e-16	7.73e-09	9.95e-01	5.04e-03	0.00e+00
 1.06765e+12	0.00e+00	8.36e-34	1.02e-24	2.21e-16	8.43e-09	9.95e-01	4.62e-03	0.00e+00
 1.14028e+12	1.11e-43	1.17e-33	1.31e-24	2.62e-16	9.19e-09	9.96e-01	4.24e-03	0.00e+00
 1.20879e+12	0.00e+00	1.59e-33	1.65e-24	3.07e-16	9.95e-09	9.96e-01	3.92e-03	0.00e+00
 1.27043e+12	2.27e-43	2.07e-33	2.02e-24	3.51e-16	1.07e-08	9.96e-01	3.66e-03	0.00e+00
 1.33980e+12	0.00e+00	2.77e-33	2.52e-24	4.08e-16	1.15e-08	9.97e-01	3.39e-03	0.00e+00
 1.42154e+12	4.92e-43	3.85e-33	3.23e-24	4.84e-16	1.25e-08	9.97e-01	3.11e-03	0.00e+00
 1.50298e+12	0.00e+00	5.30e-33	4.12e-24	5.71e-16	1.36e-08	9.97e-01	2.86e-03	0.00e+00
 1.57953e+12	1.05e-42	7.07e-33	5.13e-24	6.63e-16	1.47e-08	9.97e-01	2.65e-03	0.00e+00
 1.66448e+12	0.00e+00	9.63e-33	6.48e-24	7.77e-16	1.59e-08	9.98e-01	2.45e-03	0.00e+00
 1.76098e+12	2.36e-42	1.36e-32	8.42e-24	9.29e-16	1.75e-08	9.98e-01	2.23e-03	0.00e+00
 1.85603e+12	0.00e+00	1.88e-32	1.08e-23	1.10e-15	1.90e-08	9.98e-01	2.05e-03	0.00e+00
 1.95489e+12	5.28e-42	2.59e-32	1.38e-23	1.30e-15	2.08e-08	9.98e-01	1.88e-03	0.00e+00
 2.06301e+12	0.00e+00	3.65e-32	1.79e-23	1.56e-15	2.27e-08	9.98e-01	1.72e-03	0.00e+00
 2.17226e+12	1.22e-41	5.10e-32	2.31e-23	1.86e-15	2.49e-08	9.98e-01	1.57e-03	0.00e+00
 2.28589e+12	0.00e+00	7.11e-32	2.98e-23	2.21e-15	2.72e-08	9.99e-01	1.44e-03	0.00e+00
 2.40289e+12	2.79e-41	9.90e-32	3.84e-23	2.63e-15	2.98e-08	9.99e-01	1.32e-03	0.00e+00
 2.51783e+12	0.00e+00	1.35e-31	4.89e-23	3.11e-15	3.24e-08	9.99e-01	1.21e-03	0.00e+00
 2.64173e+12	6.14e-41	1.88e-31	6.28e-23	3.70e-15	3.55e-08	9.99e-01	1.11e-03	0.00e+00
 2.77733e+12	0.00e+00	2.64e-31	8.18e-23	4.44e-15	3.90e-08	9.99e-01	1.01e-03	0.00e+00
 2.91835e+12	1.43e-40	3.72e-31	1.06e-22	5.34e-15	4.29e-08	9.99e-01	9.18e-04	0.00e+00
 3.06501e+12	0.00e+00	5.23e-31	1.39e-22	6.42e-15	4.72e-08	9.99e-01	8.36e-04	0.00e+00
 3.21753e+12	3.32e-40	7.36e-31	1.81e-22	7.72e-15	5.20e-08	9.99e-01	7.60e-04	0.00e+00
 3.35553e+12	0.00e+00	9.90e-31	2.27e-22	9.08e-15	5.65e-08	9.99e-01	7.00e-04	0.00e+00
 3.47058e+12	6.42e-40	1.26e-30	2.74e-22	1.03e-14	6.05e-08	9.99e-01	6.54e-04	0.00e+00
 3.59666e+12	0.00e+00	1.62e-30	3.33e-22	1.19e-14	6.51e-08	9.99e-01	6.09e-04	0.00e+00
 3.75624e+12	1.28e-39	2.21e-30	4.24e-22	1.41e-14	7.12e-08	9.99e-01	5.58e-04	0.00e+00
 3.92262e+12	0.00e+00	3.01e-30	5.41e-22	1.67e-14	7.79e-08	9.99e-01	5.10e-04	0.00e+00
 4.07010e+12	2.59e-39	3.92e-30	6.65e-22	1.94e-14	8.42e-08	1.00e+00	4.73e-04	0.00e+00
 4.20803e+12	0.00e+00	4.98e-30	8.02e-22	2.22e-14	9.04e-08	1.00e+00	4.41e-04	0.00e+00
 4.36558e+12	4.79e-39	6.48e-30	9.86e-22	2.57e-14	9.77e-08	1.00e+00	4.09e-04	0.00e+00
 4.55869e+12	0.00e+00	8.84e-30	1.26e-21	3.06e-14	1.07e-07	1.00e+00	3.73e-04	0.00e+00
 4.75085e+12	1.00e-38	1.19e-29	1.59e-21	3.61e-14	1.17e-07	1.00e+00	3.42e-04	0.00e+00
 4.91835e+12	0.00e+00	1.52e-29	1.93e-21	4.16e-14	1.26e-07	1.00e+00	3.18e-04	0.00e+00
 5.10094e+12	1.86e-38	1.98e-29	2.37e-21	4.82e-14	1.37e-07	1.00e+00	2.94e-04	0.00e+00
 5.32320e+12	0.00e+00	2.68e-29	3.02e-21	5.74e-14	1.50e-07	1.00e+00	2.68e-04	0.00e+00
 5.54992e+12	3.85e-38	3.61e-29	3.82e-21	6.80e-14	1.64e-07	1.00e+00	2.46e-04	0.00e+00
 5.75898e+12	0.00e+00	4.69e-29	4.70e-21	7.90e-14	1.78e-07	1.00e+00	2.27e-04	0.00e+00
 5.99217e+12	7.46e-38	6.22e-29	5.88e-21	9.28e-14	1.94e-07	1.00e+00	2.08e-04	0.00e+00
 6.26142e+12	0.00e+00	8.49e-29	7.53e-21	1.11e-13	2.13e-07	1.00e+00	1.90e-04	0.00e+00
 6.52591e+12	1.55e-37	1.14e-28	9.50e-21	1.31e-13	2.34e-07	1.00e+00	1.74e-04	0.00e+00
 6.77974e+12	0.00e+00	1.49e-28	1.18e-20	1.53e-13	2.54e-07	1.00e+00	1.60e-04	0.00e+00
 7.05963e+12	3.04e-37	1.99e-28	1.48e-20	1.81e-13	2.77e-07	1.00e+00	1.47e-04	0.00e+00
 7.37194e+12	0.00e+00	2.70e-28	1.88e-20	2.15e-13	3.05e-07	1.00e+00	1.34e-04	0.00e+00
 7.65625e+12	6.08e-37	3.52e-28	2.32e-20	2.51e-13	3.31e-07	1.00e+00	1.23e-04	0.00e+00
 7.89615e+12	0.00e+00	4.38e-28	2.76e-20	2.84e-13	3.54e-07	1.00e+00	1.15e-04	0.00e+00
 8.16021e+12	1.05e-36	5.52e-28	3.32e-20	3.24e-13	3.80e-07	1.00e+00	1.08e-04	0.00e+00
 8.45848e+12	0.00e+00	7.12e-28	4.05e-20	3.75e-13	4.10e-07	1.00e+00	9.97e-05	0.00e+00
 8.74435e+12	1.90e-36	9.00e-28	4.88e-20	4.28e-13	4.41e-07	1.00e+00	9.29e-05	0.00e+00
 9.05914e+12	0.00e+00	1.16e-27	5.94e-20	4.94e-13	4.76e-07	1.00e+00	8.62e-05	0.00e+00
 9.40884e+12	3.55e-36	1.51e-27	7.34e-20	5.75e-13	5.16e-07	1.00e+00	7.95e-05	0.00e+00
 9.73662e+12	0.00e+00	1.93e-27	8.89e-20	6.59e-13	5.56e-07	1.00e+00	7.40e-05	0.00e+00
 1.00955e+13	6.52e-36	2.49e-27	1.09e-19	7.62e-13	6.00e-07	1.00e+00	6.85e-05	0.00e+00
 1.04992e+13	0.00e+00	3.29e-27	1.36e-19	8.92e-13	6.53e-07	1.00e+00	6.30e-05	0.00e+00
 1.08851e+13	1.25e-35	4.25e-27	1.66e-19	1.03e-12	7.06e-07	1.00e+00	5.84e-05	0.00e+00
 1.12419e+13	0.00e+00	5.34e-27	1.99e-19	1.17e-12	7.56e-07	1.00e+00	5.45e-05	0.00e+00
 1.16369e+13	2.23e-35	6.83e-27	2.41e-19	1.35e-12	8.14e-07	1.00e+00	5.07e-05	0.00e+00
 1.20798e+13	0.00e+00	8.92e-27	2.97e-19	1.56e-12	8.81e-07	1.00e+00	4.69e-05	0.00e+00
 1.24984e+13	4.14e-35	1.14e-26	3.60e-19	1.79e-12	9.48e-07	1.00e+00	4.36e-05	0.00e+00
 1.29562e+13	0.00e+00	1.47e-26	4.40e-19	2.07e-12	1.02e-06	1.00e+00	4.05e-05	0.00e+00
 1.34627e+13	7.93e-35	1.94e-26	5.46e-19	2.41e-12	1.11e-06	1.00e+00	3.73e-05	0.00e+00
 1.39329e+13	0.00e+00	2.48e-26	6.62e-19	2.76e-12	1.19e-06	1.00e+00	3.47e-05	0.00e+00
 1.44444e+13	1.47e-34	3.22e-26	8.12e-19	3.19e-12	1.29e-06	1.00e+00	3.22e-05	0.00e+00
 1.50166e+13	2.07e-34	4.25e-26	1.01e-18	3.72e-12	1.40e-06	1.00e+00	2.97e-05	0.00e+00
 1.55569e+13	2.83e-34	5.49e-26	1.23e-18	4.28e-12	1.51e-06	1.00e+00	2.76e-05	0.00e+00
 1.61454e+13	3.93e-34	7.19e-26	1.52e-18	4.96e-12	1.63e-06	1.00e+00	2.55e-05	0.00e+00
 1.68013e+13	5.59e-34	9.59e-26	1.90e-18	5.82e-12	1.77e-06	1.00e+00	2.35e-05	0.00e+00
 1.74236e+13	7.73e-34	1.25e-25	2.34e-18	6.72e-12	1.91e-06	1.00e+00	2.18e-05	0.00e+00
 1.80907e+13	1.08e-33	1.64e-25	2.90e-18	7.80e-12	2.07e-06	1.00e+00	2.01e-05	0.00e+00
 1.88443e+13	1.56e-33	2.22e-25	3.65e-18	9.18e-12	2.25e-06	1.00e+00	1.85e-05	0.00e+00
 1.95892e+13	2.21e-33	2.94e-25	4.55e-18	1.07e-11	2.44e-06	1.00e+00	1.71e-05	0.00e+00
 2.03639e+13	3.14e-33	3.92e-25	5.68e-18	1.25e-11	2.65e-06	1.00e+00	1.58e-05	0.00e+00
 2.12084e+13	4.53e-33	5.28e-25	7.16e-18	1.47e-11	2.89e-06	1.00e+00	1.45e-05	0.00e+00
 2.20867e+13	6.55e-33	7.13e-25	9.03e-18	1.72e-11	3.14e-06	1.00e+00	1.33e-05	0.00e+00
 2.30001e+13	9.47e-33	9.63e-25	1.14e-17	2.02e-11	3.41e-06	1.00e+00	1.23e-05	0.00e+00
 2.38957e+13	1.34e-32	1.28e-24	1.42e-17	2.36e-11	3.69e-06	1.00e+00	1.13e-05	0.00e+00
 2.47278e+13	1.84e-32	1.65e-24	1.73e-17	2.70e-11	3.97e-06	1.00e+00	1.06e-05	0.00e+00
 2.56474e+13	2.57e-32	2.17e-24	2.13e-17	3.12e-11	4.28e-06	1.00e+00	9.80e-06	0.00e+00
 2.65923e+13	3.59e-32	2.84e-24	2.62e-17	3.60e-11	4.61e-06	1.00e+00	9.10e-06	0.00e+00
 2.73822e+13	4.71e-32	3.54e-24	3.10e-17	4.04e-11	4.89e-06	1.00e+00	8.57e-06	0.00e+00
 2.82159e+13	6.24e-32	4.44e-24	3.69e-17	4.55e-11	5.20e-06	1.00e+00	8.06e-06	0.00e+00
 2.92758e+13	8.80e-32	5.87e-24	4.57e-17	5.26e-11	5.61e-06	1.00e+00	7.48e-06	0.00e+00
 3.03828e+13	1.24e-31	7.77e-24	5.66e-17	6.10e-11	6.05e-06	1.00e+00	6.94e-06	0.00e+00
 3.13638e+13	1.68e-31	9.90e-24	6.81e-17	6.91e-11	6.45e-06	1.00e+00	6.51e-06	0.00e+00
 3.24283e+13	2.30e-31	1.28e-23	8.27e-17	7.89e-11	6.91e-06	1.00e+00	6.08e-06	0.00e+00
 3.36155e+13	3.23e-31	1.68e-23	1.02e-16	9.10e-11	7.43e-06	1.00e+00	5.65e-06	0.00e+00
 3.47267e+13	4.40e-31	2.15e-23	1.23e-16	1.03e-10	7.93e-06	1.00e+00	5.29e-06	0.00e+00
 3.59358e+13	6.10e-31	2.80e-23	1.50e-16	1.18e-10	8.50e-06	1.00e+00	4.94e-06	0.00e+00
 3.72818e+13	8.64e-31	3.71e-23	1.86e-16	1.37e-10	9.16e-06	1.00e+00	4.59e-06	0.00e+00
 3.85392e+13	1.19e-30	4.79e-23	2.26e-16	1.56e-10	9.79e-06	1.00e+00	4.29e-06	0.00e+00
 3.99071e+13	1.66e-30	6.28e-23	2.77e-16	1.79e-10	1.05e-05	1.00e+00	4.00e-06	0.00e+00
 4.14350e+13	2.38e-30	8.39e-23	3.46e-16	2.08e-10	1.13e-05	1.00e+00	3.71e-06	0.00e+00
 4.28720e+13	3.31e-30	1.09e-22	4.22e-16	2.38e-10	1.21e-05	1.00e+00	3.47e-06	0.00e+00
 4.44403e+13	4.69e-30	1.45e-22	5.21e-16	2.74e-10	1.30e-05	1.00e+00	3.23e-06	0.00e+00
 4.61935e+13	6.81e-30	1.95e-22	6.54e-16	3.20e-10	1.41e-05	1.00e+00	2.99e-06	0.00e+00
 4.78493e+13	9.58e-30	2.57e-22	8.05e-16	3.67e-10	1.51e-05	1.00e+00	2.79e-06	0.00e+00
 4.96258e+13	1.37e-29	3.41e-22	9.97e-16	4.24e-10	1.62e-05	1.00e+00	2.59e-06	0.00e+00
 5.16407e+13	2.01e-29	4.66e-22	1.26e-15	4.97e-10	1.76e-05	1.00e+00	2.39e-06	0.00e+00
 5.36195e+13	2.90e-29	6.25e-22	1.57e-15	5.76e-10	1.90e-05	1.00e+00	2.22e-06	0.00e+00
 5.56775e+13	4.19e-29	8.39e-22	1.96e-15	6.69e-10	2.04e-05	1.00e+00	2.06e-06	0.00e+00
 5.79345e+13	6.18e-29	1.15e-21	2.48e-15	7.83e-10	2.21e-05	1.00e+00	1.90e-06	0.00e+00
 6.02223e+13	9.02e-29	1.55e-21	3.12e-15	9.13e-10	2.39e-05	1.00e+00	1.76e-06	0.00e+00
 6.26017e+13	1.32e-28	2.10e-21	3.93e-15	1.06e-09	2.58e-05	1.00e+00	1.63e-06	0.00e+00
 6.49883e+13	1.90e-28	2.82e-21	4.90e-15	1.23e-09	2.78e-05	1.00e+00	1.51e-06	0.00e+00
 6.72438e+13	2.65e-28	3.68e-21	5.99e-15	1.41e-09	2.98e-05	1.00e+00	1.41e-06	0.00e+00
 6.97367e+13	3.78e-28	4.90e-21	7.43e-15	1.63e-09	3.20e-05	1.00e+00	1.31e-06	0.00e+00
 7.22330e+13	5.32e-28	6.45e-21	9.14e-15	1.88e-09	3.44e-05	1.00e+00	1.22e-06	0.00e+00
 7.42966e+13	7.01e-28	8.04e-21	1.08e-14	2.10e-09	3.64e-05	1.00e+00	1.16e-06	0.00e+00
 7.64802e+13	9.29e-28	1.01e-20	1.28e-14	2.36e-09	3.86e-05	1.00e+00	1.09e-06	0.00e+00
 7.92836e+13	1.32e-27	1.34e-20	1.59e-14	2.72e-09	4.15e-05	1.00e+00	1.01e-06	0.00e+00
 8.22324e+13	1.88e-27	1.78e-20	1.97e-14	3.15e-09	4.47e-05	1.00e+00	9.43e-07	0.00e+00
 8.48322e+13	2.54e-27	2.27e-20	2.37e-14	3.56e-09	4.75e-05	1.00e+00	0.00e+00	0.00e+00
 8.76388e+13	3.49e-27	2.92e-20	2.87e-14	4.05e-09	5.08e-05	1.00e+00	0.00e+00	0.00e+00
 9.10246e+13	5.03e-27	3.92e-20	3.59e-14	4.72e-09	5.49e-05	1.00e+00	0.00e+00	0.00e+00
 9.44603e+13	7.20e-27	5.24e-20	4.47e-14	5.47e-09	5.92e-05	1.00e+00	0.00e+00	0.00e+00
 9.76649e+13	9.94e-27	6.79e-20	5.44e-14	6.25e-09	6.33e-05	1.00e+00	0.00e+00	0.00e+00
 1.01233e+14	1.40e-26	8.97e-20	6.72e-14	7.21e-09	6.81e-05	1.00e+00	0.00e+00	0.00e+00
 1.05033e+14	2.00e-26	1.19e-19	8.36e-14	8.36e-09	7.35e-05	1.00e+00	0.00e+00	0.00e+00
 1.08412e+14	2.72e-26	1.53e-19	1.01e-13	9.49e-09	7.84e-05	1.00e+00	0.00e+00	0.00e+00
 1.12042e+14	3.73e-26	1.97e-19	1.22e-13	1.08e-08	8.38e-05	1.00e+00	0.00e+00	0.00e+00
 1.16390e+14	5.38e-26	2.65e-19	1.53e-13	1.26e-08	9.07e-05	1.00e+00	0.00e+00	0.00e+00
 1.20666e+14	7.60e-26	3.50e-19	1.90e-13	1.46e-08	9.77e-05	1.00e+00	0.00e+00	0.00e+00
 1.24470e+14	1.02e-25	4.46e-19	2.28e-13	1.65e-08	1.04e-04	1.00e+00	0.00e+00	0.00e+00
 1.28666e+14	1.41e-25	5.76e-19	2.77e-13	1.89e-08	1.11e-04	1.00e+00	0.00e+00	0.00e+00
 1.33673e+14	2.03e-25	7.74e-19	3.47e-13	2.20e-08	1.21e-04	1.00e+00	0.00e+00	0.00e+00
 1.38646e+14	2.87e-25	1.03e-18	4.31e-13	2.54e-08	1.30e-04	1.00e+00	0.00e+00	0.00e+00
 1.43185e+14	3.92e-25	1.32e-18	5.21e-13	2.90e-08	1.39e-04	1.00e+00	0.00e+00	0.00e+00
 1.48249e+14	5.46e-25	1.72e-18	6.40e-13	3.33e-08	1.49e-04	1.00e+00	0.00e+00	0.00e+00
 1.54149e+14	7.93e-25	2.33e-18	8.06e-13	3.89e-08	1.62e-04	1.00e+00	0.00e+00	0.00e+00
 1.59946e+14	1.13e-24	3.10e-18	1.00e-12	4.52e-08	1.75e-04	1.00e+00	0.00e+00	0.00e+00
 1.65418e+14	1.56e-24	4.03e-18	1.22e-12	5.17e-08	1.87e-04	1.00e+00	0.00e+00	0.00e+00
 1.71507e+14	2.21e-24	5.33e-18	1.51e-12	5.97e-08	2.02e-04	1.00e+00	0.00e+00	0.00e+00
 1.78397e+14	3.22e-24	7.23e-18	1.91e-12	7.00e-08	2.19e-04	1.00e+00	0.00e+00	0.00e+00
 1.85292e+14	4.63e-24	9.71e-18	2.39e-12	8.15e-08	2.36e-04	1.00e+00	0.00e+00	0.00e+00
 1.91754e+14	6.44e-24	1.27e-17	2.93e-12	9.34e-08	2.54e-04	1.00e+00	0.00e+00	0.00e+00
 1.98744e+14	9.10e-24	1.67e-17	3.62e-12	1.08e-07	2.73e-04	1.00e+00	0.00e+00	0.00e+00
 2.06564e+14	1.32e-23	2.26e-17	4.55e-12	1.26e-07	2.95e-04	1.00e+00	0.00e+00	0.00e+00
 2.13878e+14	1.85e-23	2.96e-17	5.59e-12	1.45e-07	3.17e-04	1.00e+00	0.00e+00	0.00e+00
 2.20656e+14	2.50e-23	3.78e-17	6.72e-12	1.64e-07	3.38e-04	1.00e+00	0.00e+00	0.00e+00
 2.27183e+14	3.31e-23	4.74e-17	7.99e-12	1.84e-07	3.59e-04	1.00e+00	0.00e+00	0.00e+00
 2.34440e+14	4.48e-23	6.06e-17	9.63e-12	2.09e-07	3.83e-04	1.00e+00	0.00e+00	0.00e+00
 2.42471e+14	6.22e-23	7.88e-17	1.18e-11	2.39e-07	4.10e-04	1.00e+00	0.00e+00	0.00e+00
 2.49952e+14	8.35e-23	9.99e-17	1.41e-11	2.70e-07	4.36e-04	1.00e+00	0.00e+00	0.00e+00
 2.58123e+14	1.14e-22	1.28e-16	1.70e-11	3.07e-07	4.65e-04	1.00e+00	0.00e+00	0.00e+00
 2.67320e+14	1.60e-22	1.69e-16	2.10e-11	3.53e-07	5.00e-04	9.99e-01	0.00e+00	0.00e+00
 2.76081e+14	2.19e-22	2.17e-16	2.54e-11	4.02e-07	5.34e-04	9.99e-01	0.00e+00	0.00e+00
 2.85696e+14	3.06e-22	2.84e-16	3.11e-11	4.61e-07	5.72e-04	9.99e-01	0.00e+00	0.00e+00
 2.96290e+14	4.35e-22	3.78e-16	3.86e-11	5.33e-07	6.16e-04	9.99e-01	0.00e+00	0.00e+00
 3.06027e+14	5.97e-22	4.87e-16	4.68e-11	6.07e-07	6.58e-04	9.99e-01	0.00e+00	0.00e+00
 3.16555e+14	8.29e-22	6.34e-16	5.72e-11	6.95e-07	7.05e-04	9.99e-01	0.00e+00	0.00e+00
 3.28341e+14	1.18e-21	8.44e-16	7.10e-11	8.04e-07	7.60e-04	9.99e-01	0.00e+00	0.00e+00
 3.39443e+14	1.63e-21	1.09e-15	8.65e-11	9.19e-07	8.13e-04	9.99e-01	0.00e+00	0.00e+00
 3.51553e+14	2.29e-21	1.44e-15	1.06e-10	1.06e-06	8.73e-04	9.99e-01	0.00e+00	0.00e+00
 3.65003e+14	3.29e-21	1.93e-15	1.33e-10	1.23e-06	9.43e-04	9.99e-01	0.00e+00	0.00e+00
 3.77545e+14	4.56e-21	2.51e-15	1.62e-10	1.41e-06	1.01e-03	9.99e-01	0.00e+00	0.00e+00
 3.91167e+14	6.42e-21	3.30e-15	2.00e-10	1.62e-06	1.09e-03	9.99e-01	0.00e+00	0.00e+00
 4.06417e+14	9.22e-21	4.43e-15	2.51e-10	1.89e-06	1.18e-03	9.99e-01	0.00e+00	0.00e+00
 4.20892e+14	1.30e-20	5.83e-15	3.09e-10	2.17e-06	1.26e-03	9.99e-01	0.00e+00	0.00e+00
 4.36372e+14	1.82e-20	7.69e-15	3.82e-10	2.51e-06	1.36e-03	9.99e-01	0.00e+00	0.00e+00
 4.53857e+14	2.65e-20	1.04e-14	4.82e-10	2.94e-06	1.48e-03	9.99e-01	0.00e+00	0.00e+00
 4.71076e+14	3.76e-20	1.38e-14	6.00e-10	3.42e-06	1.60e-03	9.98e-01	0.00e+00	0.00e+00
 4.88984e+14	5.36e-20	1.84e-14	7.47e-10	3.97e-06	1.73e-03	9.98e-01	0.00e+00	0.00e+00
 5.08573e+14	7.73e-20	2.48e-14	9.41e-10	4.65e-06	1.88e-03	9.98e-01	0.00e+00	0.00e+00
 5.27912e+14	1.09e-19	3.30e-14	1.17e-09	5.40e-06	2.03e-03	9.98e-01	0.00e+00	0.00e+00
 5.43976e+14	1.45e-19	4.14e-14	1.40e-09	6.10e-06	2.16e-03	9.98e-01	0.00e+00	0.00e+00
 5.56946e+14	1.79e-19	4.94e-14	1.60e-09	6.70e-06	2.27e-03	9.98e-01	0.00e+00	0.00e+00
 5.71340e+14	2.26e-19	5.97e-14	1.86e-09	7.43e-06	2.40e-03	9.98e-01	0.00e+00	0.00e+00
 5.90052e+14	3.03e-19	7.60e-14	2.25e-09	8.46e-06	2.57e-03	9.97e-01	0.00e+00	0.00e+00
 6.10124e+14	4.10e-19	9.74e-14	2.73e-09	9.68e-06	2.77e-03	9.97e-01	0.00e+00	0.00e+00
 6.27940e+14	5.31e-19	1.21e-13	3.23e-09	1.09e-05	2.95e-03	9.97e-01	0.00e+00	0.00e+00
 6.47080e+14	6.94e-19	1.50e-13	3.84e-09	1.23e-05	3.14e-03	9.97e-01	0.00e+00	0.00e+00
 6.71072e+14	9.59e-19	1.97e-13	4.75e-09	1.42e-05	3.40e-03	9.97e-01	0.00e+00	0.00e+00
 6.95411e+14	1.31e-18	2.55e-13	5.84e-09	1.64e-05	3.68e-03	9.96e-01	0.00e+00	0.00e+00
 7.16493e+14	1.71e-18	3.17e-13	6.94e-09	1.85e-05	3.93e-03	9.96e-01	0.00e+00	0.00e+00
 7.39299e+14	2.23e-18	3.97e-13	8.32e-09	2.10e-05	4.22e-03	9.96e-01	0.00e+00	0.00e+00
 7.67249e+14	3.08e-18	5.20e-13	1.03e-08	2.44e-05	4.58e-03	9.95e-01	0.00e+00	0.00e+00
 7.95510e+14	4.21e-18	6.74e-13	1.27e-08	2.83e-05	4.96e-03	9.95e-01	0.00e+00	0.00e+00
 8.20671e+14	5.48e-18	8.41e-13	1.52e-08	3.20e-05	5.32e-03	9.95e-01	0.00e+00	0.00e+00
 8.48175e+14	7.25e-18	1.06e-12	1.84e-08	3.66e-05	5.73e-03	9.94e-01	0.00e+00	0.00e+00
 8.81010e+14	1.00e-17	1.40e-12	2.29e-08	4.27e-05	6.24e-03	9.94e-01	0.00e+00	0.00e+00
 9.13472e+14	1.36e-17	1.81e-12	2.83e-08	4.94e-05	6.77e-03	9.93e-01	0.00e+00	0.00e+00
 9.42813e+14	1.77e-17	2.26e-12	3.40e-08	5.61e-05	7.28e-03	9.93e-01	0.00e+00	0.00e+00
 9.75402e+14	2.35e-17	2.87e-12	4.13e-08	6.43e-05	7.86e-03	9.92e-01	0.00e+00	0.00e+00
 1.01371e+15	3.24e-17	3.77e-12	5.17e-08	7.51e-05	8.58e-03	9.91e-01	0.00e+00	0.00e+00
 1.05148e+15	4.40e-17	4.89e-12	6.39e-08	8.70e-05	9.32e-03	9.91e-01	0.00e+00	0.00e+00
 1.08661e+15	5.78e-17	6.17e-12	7.74e-08	9.93e-05	1.00e-02	9.90e-01	0.00e+00	0.00e+00
 1.12595e+15	7.78e-17	7.94e-12	9.52e-08	1.15e-04	1.09e-02	9.89e-01	0.00e+00	0.00e+00
 1.17102e+15	1.08e-16	1.05e-11	1.20e-07	1.34e-04	1.19e-02	9.88e-01	0.00e+00	0.00e+00
 1.21544e+15	1.74e-16	1.37e-11	1.49e-07	1.56e-04	1.30e-02	9.87e-01	0.00e+00	0.00e+00
 1.26164e+15	2.37e-16	1.78e-11	1.85e-07	1.81e-04	1.41e-02	9.86e-01	0.00e+00	0.00e+00
 1.30367e+15	3.13e-16	2.25e-11	2.25e-07	2.07e-04	1.52e-02	9.85e-01	0.00e+00	0.00e+00
 1.33504e+15	3.83e-16	2.67e-11	2.58e-07	2.27e-04	1.60e-02	9.84e-01	0.00e+00	0.00e+00
 1.36745e+15	4.70e-16	3.17e-11	2.98e-07	2.50e-04	1.69e-02	9.83e-01	0.00e+00	0.00e+00
 1.40958e+15	6.08e-16	3.93e-11	3.56e-07	2.83e-04	1.81e-02	9.82e-01	0.00e+00	0.00e+00
 1.45538e+15	8.00e-16	4.96e-11	4.30e-07	3.21e-04	1.95e-02	9.80e-01	0.00e+00	0.00e+00
 1.49686e+15	1.02e-15	6.07e-11	5.08e-07	3.60e-04	2.08e-02	9.79e-01	0.00e+00	0.00e+00
 1.54170e+15	1.31e-15	7.50e-11	6.05e-07	4.04e-04	2.22e-02	9.77e-01	0.00e+00	0.00e+00
 1.59840e+15	1.79e-15	9.77e-11	7.52e-07	4.68e-04	2.41e-02	9.75e-01	0.00e+00	0.00e+00
 1.65535e+15	2.42e-15	1.26e-10	9.27e-07	5.39e-04	2.61e-02	9.73e-01	0.00e+00	0.00e+00
 1.70325e+15	3.10e-15	1.55e-10	1.10e-06	6.04e-04	2.78e-02	9.72e-01	0.00e+00	0.00e+00
 1.75456e+15	4.00e-15	1.93e-10	1.31e-06	6.80e-04	2.97e-02	9.70e-01	0.00e+00	0.00e+00
 1.81924e+15	5.50e-15	2.52e-10	1.63e-06	7.87e-04	3.22e-02	9.67e-01	0.00e+00	0.00e+00
 1.88707e+15	7.57e-15	3.30e-10	2.03e-06	9.11e-04	3.49e-02	9.64e-01	0.00e+00	0.00e+00
 1.94827e+15	9.99e-15	4.18e-10	2.46e-06	1.03e-03	3.75e-02	9.61e-01	0.00e+00	0.00e+00
 2.01510e+15	1.34e-14	5.37e-10	3.02e-06	1.18e-03	4.04e-02	9.58e-01	0.00e+00	0.00e+00
 2.09394e+15	1.89e-14	7.17e-10	3.81e-06	1.38e-03	4.40e-02	9.55e-01	0.00e+00	0.00e+00
 2.17109e+15	2.61e-14	9.39e-10	4.75e-06	1.60e-03	4.76e-02	9.51e-01	0.00e+00	0.00e+00
 2.24154e+15	3.46e-14	1.19e-09	5.76e-06	1.82e-03	5.10e-02	9.47e-01	0.00e+00	0.00e+00
 2.32058e+15	4.71e-14	1.55e-09	7.11e-06	2.09e-03	5.51e-02	9.43e-01	0.00e+00	0.00e+00
 2.41258e+15	6.67e-14	2.08e-09	9.00e-06	2.44e-03	5.99e-02	9.38e-01	0.00e+00	0.00e+00
 2.50309e+15	9.28e-14	2.75e-09	1.13e-05	2.83e-03	6.49e-02	9.32e-01	0.00e+00	0.00e+00
 2.58865e+15	1.26e-13	3.55e-09	1.38e-05	3.24e-03	6.97e-02	9.27e-01	0.00e+00	0.00e+00
 2.68367e+15	1.74e-13	4.67e-09	1.72e-05	3.74e-03	7.53e-02	9.21e-01	0.00e+00	0.00e+00
 2.77399e+15	2.35e-13	6.01e-09	2.11e-05	4.27e-03	8.09e-02	9.15e-01	0.00e+00	0.00e+00
 2.84131e+15	2.90e-13	7.21e-09	2.44e-05	4.70e-03	8.51e-02	9.10e-01	0.00e+00	0.00e+00
 2.90948e+15	3.60e-13	8.65e-09	2.82e-05	5.17e-03	8.95e-02	9.05e-01	0.00e+00	0.00e+00
 2.99810e+15	4.73e-13	1.09e-08	3.39e-05	5.82e-03	9.53e-02	8.99e-01	0.00e+00	0.00e+00
 3.09452e+15	6.30e-13	1.38e-08	4.11e-05	6.60e-03	1.02e-01	8.92e-01	0.00e+00	0.00e+00
 3.18154e+15	8.10e-13	1.71e-08	4.87e-05	7.37e-03	1.08e-01	8.85e-01	0.00e+00	0.00e+00
 3.27514e+15	1.06e-12	2.14e-08	5.81e-05	8.27e-03	1.14e-01	8.77e-01	0.00e+00	0.00e+00
 3.39461e+15	1.47e-12	2.82e-08	7.24e-05	9.55e-03	1.23e-01	8.67e-01	0.00e+00	0.00e+00
 3.51490e+15	2.00e-12	3.67e-08	8.93e-05	1.09e-02	1.32e-01	8.57e-01	0.00e+00	0.00e+00
 3.61465e+15	2.57e-12	4.54e-08	1.06e-04	1.22e-02	1.40e-01	8.48e-01	0.00e+00	0.00e+00
 3.72054e+15	3.36e-12	5.68e-08	1.26e-04	1.37e-02	1.48e-01	8.38e-01	0.00e+00	0.00e+00
 3.85602e+15	4.66e-12	7.48e-08	1.57e-04	1.57e-02	1.59e-01	8.25e-01	0.00e+00	0.00e+00
 3.99720e+15	6.47e-12	9.86e-08	1.95e-04	1.81e-02	1.70e-01	8.11e-01	0.00e+00	0.00e+00
 4.12046e+15	8.55e-12	1.25e-07	2.34e-04	2.04e-02	1.81e-01	7.99e-01	0.00e+00	0.00e+00
 4.25315e+15	1.15e-11	1.59e-07	2.83e-04	2.31e-02	1.92e-01	7.85e-01	0.00e+00	0.00e+00
 4.41473e+15	1.62e-11	2.12e-07	3.55e-04	2.67e-02	2.05e-01	7.68e-01	0.00e+00	0.00e+00
 4.57417e+15	2.22e-11	2.78e-07	4.39e-04	3.05e-02	2.19e-01	7.50e-01	0.00e+00	0.00e+00
 4.71315e+15	2.92e-11	3.50e-07	5.25e-04	3.42e-02	2.31e-01	7.34e-01	0.00e+00	0.00e+00
 4.86520e+15	3.92e-11	4.46e-07	6.34e-04	3.85e-02	2.44e-01	7.17e-01	0.00e+00	0.00e+00
 5.03371e+15	5.32e-11	5.78e-07	7.76e-04	4.38e-02	2.59e-01	6.97e-01	0.00e+00	0.00e+00
 5.18998e+15	7.02e-11	7.28e-07	9.29e-04	4.90e-02	2.72e-01	6.78e-01	0.00e+00	0.00e+00
 5.32461e+15	8.82e-11	8.82e-07	1.08e-03	5.39e-02	2.83e-01	6.62e-01	0.00e+00	0.00e+00
 5.46470e+15	1.12e-10	1.08e-06	1.26e-03	5.93e-02	2.95e-01	6.45e-01	0.00e+00	0.00e+00
 5.62028e+15	1.44e-10	1.33e-06	1.48e-03	6.56e-02	3.08e-01	6.25e-01	0.00e+00	0.00e+00
 5.76738e+15	1.81e-10	1.61e-06	1.72e-03	7.20e-02	3.19e-01	6.07e-01	0.00e+00	0.00e+00
 5.93000e+15	2.34e-10	1.99e-06	2.03e-03	7.95e-02	3.32e-01	5.86e-01	0.00e+00	0.00e+00
 6.10653e+15	3.03e-10	2.47e-06	2.40e-03	8.81e-02	3.45e-01	5.64e-01	0.00e+00	0.00e+00
 6.26907e+15	3.83e-10	3.00e-06	2.79e-03	9.65e-02	3.57e-01	5.44e-01	0.00e+00	0.00e+00
 6.44828e+15	4.96e-10	3.71e-06	3.28e-03	1.06e-01	3.70e-01	5.21e-01	0.00e+00	0.00e+00
 6.64469e+15	6.45e-10	4.62e-06	3.89e-03	1.18e-01	3.82e-01	4.96e-01	0.00e+00	0.00e+00
 6.82888e+15	8.19e-10	5.63e-06	4.53e-03	1.29e-01	3.93e-01	4.74e-01	0.00e+00	0.00e+00
 7.03375e+15	1.07e-09	7.03e-06	5.38e-03	1.42e-01	4.05e-01	4.48e-01	0.00e+00	0.00e+00
 7.25188e+15	1.39e-09	8.73e-06	6.36e-03	1.57e-01	4.15e-01	4.22e-01	0.00e+00	0.00e+00
 7.44406e+15	1.75e-09	1.05e-05	7.35e-03	1.70e-01	4.23e-01	4.00e-01	0.00e+00	0.00e+00
 7.65069e+15	2.24e-09	1.29e-05	8.59e-03	1.85e-01	4.31e-01	3.75e-01	0.00e+00	0.00e+00
 7.87821e+15	2.89e-09	1.59e-05	1.01e-02	2.02e-01	4.38e-01	3.50e-01	0.00e+00	0.00e+00
 8.08790e+15	3.62e-09	1.92e-05	1.16e-02	2.19e-01	4.43e-01	3.27e-01	0.00e+00	0.00e+00
 8.31555e+15	4.68e-09	2.36e-05	1.36e-02	2.38e-01	4.47e-01	3.02e-01	0.00e+00	0.00e+00
 8.56020e+15	6.02e-09	2.90e-05	1.60e-02	2.58e-01	4.49e-01	2.77e-01	0.00e+00	0.00e+00
 8.76726e+15	7.36e-09	3.42e-05	1.82e-02	2.75e-01	4.49e-01	2.58e-01	0.00e+00	0.00e+00
 8.94653e+15	8.83e-09	3.96e-05	2.03e-02	2.91e-01	4.48e-01	2.41e-01	0.00e+00	0.00e+00
 9.14936e+15	1.09e-08	4.68e-05	2.31e-02	3.09e-01	4.46e-01	2.22e-01	0.00e+00	0.00e+00
 9.37134e+15	1.35e-08	5.59e-05	2.64e-02	3.29e-01	4.42e-01	2.03e-01	0.00e+00	0.00e+00
 9.57165e+15	1.63e-08	6.51e-05	2.96e-02	3.47e-01	4.37e-01	1.87e-01	0.00e+00	0.00e+00
 9.75661e+15	1.95e-08	7.51e-05	3.30e-02	3.64e-01	4.31e-01	1.72e-01	0.00e+00	0.00e+00
 9.96820e+15	2.41e-08	8.87e-05	3.73e-02	3.83e-01	4.23e-01	1.56e-01	0.00e+00	0.00e+00
 1.01954e+16	2.99e-08	1.06e-04	4.25e-02	4.04e-01	4.13e-01	1.40e-01	0.00e+00	0.00e+00
 1.03936e+16	3.59e-08	1.22e-04	4.75e-02	4.22e-01	4.03e-01	1.27e-01	0.00e+00	0.00e+00
 1.05735e+16	4.27e-08	1.40e-04	5.25e-02	4.38e-01	3.94e-01	1.16e-01	0.00e+00	0.00e+00
 1.07788e+16	5.23e-08	1.64e-04	5.90e-02	4.56e-01	3.81e-01	1.03e-01	0.00e+00	0.00e+00
 1.09989e+16	6.50e-08	1.95e-04	6.68e-02	4.75e-01	3.66e-01	9.12e-02	0.00e+00	0.00e+00
 1.11889e+16	7.80e-08	2.25e-04	7.42e-02	4.91e-01	3.53e-01	8.16e-02	0.00e+00	0.00e+00
 1.13577e+16	9.24e-08	2.57e-04	8.16e-02	5.05e-01	3.40e-01	7.33e-02	0.00e+00	0.00e+00
 1.15488e+16	1.12e-07	2.99e-04	9.10e-02	5.20e-01	3.24e-01	6.46e-02	0.00e+00	0.00e+00
 1.17529e+16	1.40e-07	3.54e-04	1.02e-01	5.35e-01	3.07e-01	5.58e-02	0.00e+00	0.00e+00
 1.19253e+16	1.67e-07	4.07e-04	1.13e-01	5.47e-01	2.91e-01	4.92e-02	0.00e+00	0.00e+00
 1.20746e+16	1.97e-07	4.61e-04	1.23e-01	5.56e-01	2.77e-01	4.37e-02	0.00e+00	0.00e+00
 1.22422e+16	2.28e-07	5.20e-04	1.35e-01	5.66e-01	2.60e-01	3.81e-02	0.00e+00	0.00e+00
 1.24255e+16	2.80e-07	6.09e-04	1.51e-01	5.75e-01	2.42e-01	3.24e-02	0.00e+00	0.00e+00
 1.25839e+16	3.38e-07	7.03e-04	1.66e-01	5.81e-01	2.25e-01	2.77e-02	0.00e+00	0.00e+00
 1.27098e+16	4.15e-07	8.15e-04	1.80e-01	5.85e-01	2.11e-01	2.41e-02	0.00e+00	0.00e+00
 1.28111e+16	4.65e-07	8.90e-04	1.91e-01	5.87e-01	2.00e-01	2.16e-02	0.00e+00	0.00e+00
 1.29152e+16	5.20e-07	9.72e-04	2.03e-01	5.89e-01	1.88e-01	1.91e-02	0.00e+00	0.00e+00
 1.30506e+16	6.47e-07	1.14e-03	2.22e-01	5.90e-01	1.72e-01	1.59e-02	0.00e+00	0.00e+00
 1.31661e+16	7.27e-07	1.25e-03	2.37e-01	5.89e-01	1.59e-01	1.37e-02	0.00e+00	0.00e+00
 1.32378e+16	8.43e-07	1.39e-03	2.49e-01	5.87e-01	1.50e-01	1.22e-02	0.00e+00	0.00e+00
 1.32971e+16	9.10e-07	1.47e-03	2.58e-01	5.86e-01	1.43e-01	1.12e-02	0.00e+00	0.00e+00
 1.33585e+16	1.00e-06	1.58e-03	2.69e-01	5.84e-01	1.35e-01	1.00e-02	0.00e+00	0.00e+00
 1.34383e+16	1.14e-06	1.74e-03	2.83e-01	5.81e-01	1.26e-01	8.71e-03	0.00e+00	0.00e+00
 1.35209e+16	1.26e-06	1.87e-03	2.97e-01	5.78e-01	1.16e-01	7.53e-03	0.00e+00	0.00e+00
 1.35943e+16	1.46e-06	2.08e-03	3.11e-01	5.73e-01	1.07e-01	6.44e-03	0.00e+00	0.00e+00
 1.36561e+16	1.58e-06	2.21e-03	3.23e-01	5.69e-01	9.99e-02	5.70e-03	0.00e+00	0.00e+00
 1.37159e+16	1.76e-06	2.38e-03	3.35e-01	5.65e-01	9.27e-02	4.96e-03	0.00e+00	0.00e+00
 1.37830e+16	2.04e-06	2.65e-03	3.50e-01	5.58e-01	8.46e-02	4.17e-03	0.00e+00	0.00e+00
 1.38407e+16	2.19e-06	2.79e-03	3.61e-01	5.54e-01	7.84e-02	3.64e-03	0.00e+00	0.00e+00
 1.38968e+16	2.43e-06	3.02e-03	3.74e-01	5.48e-01	7.19e-02	3.11e-03	0.00e+00	0.00e+00
 1.39596e+16	2.81e-06	3.33e-03	3.89e-01	5.41e-01	6.49e-02	2.57e-03	0.00e+00	0.00e+00
 1.40146e+16	3.11e-06	3.58e-03	4.01e-01	5.34e-01	5.92e-02	2.17e-03	0.00e+00	0.00e+00
 1.40696e+16	3.49e-06	3.89e-03	4.14e-01	5.27e-01	5.34e-02	1.80e-03	0.00e+00	0.00e+00
 1.41302e+16	3.92e-06	4.22e-03	4.28e-01	5.19e-01	4.76e-02	1.46e-03	0.00e+00	0.00e+00
 1.41869e+16	4.39e-06	4.57e-03	4.41e-01	5.11e-01	4.25e-02	1.18e-03	0.00e+00	0.00e+00
 1.42409e+16	4.90e-06	4.94e-03	4.53e-01	5.03e-01	3.78e-02	9.59e-04	0.00e+00	0.00e+00
 1.43022e+16	5.56e-06	5.40e-03	4.67e-01	4.94e-01	3.29e-02	7.43e-04	0.00e+00	0.00e+00
 1.43685e+16	6.34e-06	5.92e-03	4.82e-01	4.84e-01	2.82e-02	5.60e-04	0.00e+00	0.00e+00
 1.44289e+16	7.17e-06	6.45e-03	4.95e-01	4.74e-01	2.42e-02	4.27e-04	0.00e+00	0.00e+00
 1.44946e+16	8.23e-06	7.10e-03	5.09e-01	4.63e-01	2.04e-02	3.11e-04	0.00e+00	0.00e+00
 1.45679e+16	9.53e-06	7.86e-03	5.25e-01	4.51e-01	1.68e-02	2.18e-04	0.00e+00	0.00e+00
 1.46388e+16	1.10e-05	8.67e-03	5.39e-01	4.39e-01	1.38e-02	1.52e-04	0.00e+00	0.00e+00
 1.47189e+16	1.28e-05	9.65e-03	5.54e-01	4.25e-01	1.10e-02	1.01e-04	0.00e+00	0.00e+00
 1.47925e+16	1.47e-05	1.06e-02	5.67e-01	4.13e-01	9.00e-03	6.97e-05	0.00e+00	0.00e+00
 1.48427e+16	1.63e-05	1.13e-02	5.76e-01	4.04e-01	7.82e-03	5.38e-05	0.00e+00	0.00e+00
 1.48930e+16	1.79e-05	1.21e-02	5.85e-01	3.96e-01	6.76e-03	4.11e-05	0.00e+00	0.00e+00
 1.49583e+16	2.03e-05	1.32e-02	5.97e-01	3.84e-01	5.58e-03	2.89e-05	0.00e+00	0.00e+00
 1.50306e+16	2.32e-05	1.44e-02	6.09e-01	3.72e-01	4.56e-03	1.99e-05	0.00e+00	0.00e+00
 1.50983e+16	2.64e-05	1.57e-02	6.20e-01	3.61e-01	3.77e-03	1.40e-05	0.00e+00	0.00e+00
 1.51727e+16	3.04e-05	1.73e-02	6.32e-01	3.48e-01	3.05e-03	9.41e-06	0.00e+00	0.00e+00
 1.52545e+16	3.55e-05	1.92e-02	6.45e-01	3.34e-01	2.43e-03	6.17e-06	0.00e+00	0.00e+00
 1.53286e+16	4.09e-05	2.11e-02	6.56e-01	3.21e-01	1.98e-03	4.24e-06	0.00e+00	0.00e+00
 1.53929e+16	4.63e-05	2.29e-02	6.66e-01	3.10e-01	1.66e-03	3.06e-06	0.00e+00	0.00e+00
 1.54614e+16	5.28e-05	2.51e-02	6.76e-01	2.98e-01	1.37e-03	2.15e-06	0.00e+00	0.00e+00
 1.55371e+16	6.13e-05	2.77e-02	6.87e-01	2.84e-01	1.12e-03	1.46e-06	0.00e+00	0.00e+00
 1.56039e+16	7.03e-05	3.03e-02	6.96e-01	2.72e-01	9.31e-04	1.05e-06	0.00e+00	0.00e+00
 1.56615e+16	7.91e-05	3.28e-02	7.04e-01	2.62e-01	7.95e-04	7.85e-07	0.00e+00	0.00e+00
 1.57251e+16	9.02e-05	3.58e-02	7.13e-01	2.51e-01	6.65e-04	0.00e+00	0.00e+00	0.00e+00
 1.57961e+16	1.05e-04	3.96e-02	7.22e-01	2.38e-01	5.45e-04	0.00e+00	0.00e+00	0.00e+00
 1.58597e+16	1.20e-04	4.34e-02	7.30e-01	2.26e-01	4.57e-04	0.00e+00	0.00e+00	0.00e+00
 1.59142e+16	1.36e-04	4.71e-02	7.36e-01	2.16e-01	3.92e-04	0.00e+00	0.00e+00	0.00e+00
 1.59739e+16	1.55e-04	5.14e-02	7.43e-01	2.05e-01	3.29e-04	0.00e+00	0.00e+00	0.00e+00
 1.60396e+16	1.81e-04	5.69e-02	7.49e-01	1.93e-01	2.72e-04	0.00e+00	0.00e+00	0.00e+00
 1.60978e+16	2.08e-04	6.25e-02	7.55e-01	1.82e-01	2.29e-04	0.00e+00	0.00e+00	0.00e+00
 1.61479e+16	2.35e-04	6.77e-02	7.59e-01	1.73e-01	1.97e-04	0.00e+00	0.00e+00	0.00e+00
 1.62030e+16	2.69e-04	7.40e-02	7.62e-01	1.63e-01	1.66e-04	0.00e+00	0.00e+00	0.00e+00
 1.62636e+16	3.14e-04	8.20e-02	7.65e-01	1.52e-01	1.37e-04	0.00e+00	0.00e+00	0.00e+00
 1.63176e+16	3.62e-04	9.00e-02	7.67e-01	1.42e-01	1.15e-04	0.00e+00	0.00e+00	0.00e+00
 1.63640e+16	4.10e-04	9.78e-02	7.68e-01	1.34e-01	9.87e-05	0.00e+00	0.00e+00	0.00e+00
 1.64146e+16	4.71e-04	1.07e-01	7.68e-01	1.25e-01	8.29e-05	0.00e+00	0.00e+00	0.00e+00
 1.64708e+16	5.52e-04	1.19e-01	7.66e-01	1.15e-01	6.81e-05	0.00e+00	0.00e+00	0.00e+00
 1.65213e+16	6.39e-04	1.31e-01	7.63e-01	1.06e-01	5.67e-05	0.00e+00	0.00e+00	0.00e+00
 1.65646e+16	7.28e-04	1.42e-01	7.58e-01	9.87e-02	4.81e-05	0.00e+00	0.00e+00	0.00e+00
 1.66117e+16	8.39e-04	1.56e-01	7.53e-01	9.07e-02	4.00e-05	0.00e+00	0.00e+00	0.00e+00
 1.66639e+16	9.88e-04	1.73e-01	7.44e-01	8.21e-02	3.24e-05	0.00e+00	0.00e+00	0.00e+00
 1.67112e+16	1.15e-03	1.90e-01	7.34e-01	7.45e-02	2.65e-05	0.00e+00	0.00e+00	0.00e+00
 1.67529e+16	1.32e-03	2.08e-01	7.23e-01	6.78e-02	2.20e-05	0.00e+00	0.00e+00	0.00e+00
 1.67991e+16	1.54e-03	2.29e-01	7.09e-01	6.07e-02	1.77e-05	0.00e+00	0.00e+00	0.00e+00
 1.68502e+16	1.85e-03	2.56e-01	6.89e-01	5.32e-02	1.38e-05	0.00e+00	0.00e+00	0.00e+00
 1.68965e+16	2.18e-03	2.83e-01	6.68e-01	4.66e-02	1.09e-05	0.00e+00	0.00e+00	0.00e+00
 1.69380e+16	2.54e-03	3.10e-01	6.46e-01	4.09e-02	8.62e-06	0.00e+00	0.00e+00	0.00e+00
 1.69843e+16	3.02e-03	3.44e-01	6.18e-01	3.49e-02	6.55e-06	0.00e+00	0.00e+00	0.00e+00
 1.70361e+16	3.69e-03	3.86e-01	5.82e-01	2.87e-02	4.70e-06	0.00e+00	0.00e+00	0.00e+00
 1.70827e+16	4.46e-03	4.29e-01	5.43e-01	2.35e-02	3.40e-06	0.00e+00	0.00e+00	0.00e+00
 1.71221e+16	5.21e-03	4.68e-01	5.07e-01	1.94e-02	2.52e-06	0.00e+00	0.00e+00	0.00e+00
 1.71642e+16	6.20e-03	5.13e-01	4.66e-01	1.55e-02	1.78e-06	0.00e+00	0.00e+00	0.00e+00
 1.72101e+16	7.52e-03	5.65e-01	4.16e-01	1.18e-02	1.17e-06	0.00e+00	0.00e+00	0.00e+00
 1.72475e+16	8.89e-03	6.11e-01	3.71e-01	9.09e-03	8.02e-07	0.00e+00	0.00e+00	0.00e+00
 1.72749e+16	1.01e-02	6.45e-01	3.37e-01	7.36e-03	0.00e+00	0.00e+00	0.00e+00	0.00e+00
 1.73027e+16	1.14e-02	6.79e-01	3.04e-01	5.85e-03	0.00e+00	0.00e+00	0.00e+00	0.00e+00
 1.73388e+16	1.34e-02	7.22e-01	2.60e-01	4.23e-03	0.00e+00	0.00e+00	0.00e+00	0.00e+00
 1.73742e+16	1.57e-02	7.64e-01	2.17e-01	2.93e-03	0.00e+00	0.00e+00	0.00e+00	0.00e+00
 1.73996e+16	1.78e-02	7.94e-01	1.86e-01	2.17e-03	0.00e+00	0.00e+00	0.00e+00	0.00e+00
 1.74188e+16	1.95e-02	8.14e-01	1.65e-01	1.72e-03	0.00e+00	0.00e+00	0.00e+00	0.00e+00
 1.74395e+16	2.16e-02	8.34e-01	1.43e-01	1.30e-03	0.00e+00	0.00e+00	0.00e+00	0.00e+00
 1.74664e+16	2.46e-02	8.57e-01	1.17e-01	8.93e-04	0.00e+00	0.00e+00	0.00e+00	0.00e+00
 1.74937e+16	2.83e-02	8.78e-01	9.31e-02	5.82e-04	0.00e+00	0.00e+00	0.00e+00	0.00e+00
 1.75146e+16	3.16e-02	8.92e-01	7.64e-02	4.04e-04	0.00e+00	0.00e+00	0.00e+00	0.00e+00
 1.75309e+16	3.45e-02	9.00e-01	6.49e-02	3.00e-04	0.00e+00	0.00e+00	0.00e+00	0.00e+00
 1.75486e+16	3.80e-02	9.08e-01	5.40e-02	2.14e-04	0.00e+00	0.00e+00	0.00e+00	0.00e+00
 1.75715e+16	4.30e-02	9.15e-01	4.19e-02	1.35e-04	0.00e+00	0.00e+00	0.00e+00	0.00e+00
 1.75944e+16	4.92e-02	9.19e-01	3.16e-02	8.12e-05	0.00e+00	0.00e+00	0.00e+00	0.00e+00
 1.76112e+16	5.44e-02	9.20e-01	2.51e-02	5.40e-05	0.00e+00	0.00e+00	0.00e+00	0.00e+00
 1.76243e+16	5.90e-02	9.20e-01	2.09e-02	3.90e-05	0.00e+00	0.00e+00	0.00e+00	0.00e+00
 1.76384e+16	6.43e-02	9.19e-01	1.71e-02	2.71e-05	0.00e+00	0.00e+00	0.00e+00	0.00e+00
 1.76563e+16	7.17e-02	9.15e-01	1.31e-02	1.67e-05	0.00e+00	0.00e+00	0.00e+00	0.00e+00
 1.76737e+16	8.01e-02	9.10e-01	9.85e-03	1.01e-05	0.00e+00	0.00e+00	0.00e+00	0.00e+00
 1.76869e+16	8.71e-02	9.05e-01	7.86e-03	6.80e-06	0.00e+00	0.00e+00	0.00e+00	0.00e+00
 1.76975e+16	9.33e-02	9.00e-01	6.53e-03	4.88e-06	0.00e+00	0.00e+00	0.00e+00	0.00e+00
 1.77073e+16	9.94e-02	8.95e-01	5.46e-03	3.56e-06	0.00e+00	0.00e+00	0.00e+00	0.00e+00
 1.77170e+16	1.06e-01	8.90e-01	4.57e-03	2.59e-06	0.00e+00	0.00e+00	0.00e+00	0.00e+00
 1.77265e+16	1.12e-01	8.84e-01	3.82e-03	1.88e-06	0.00e+00	0.00e+00	0.00e+00	0.00e+00
 1.77336e+16	1.17e-01	8.80e-01	3.33e-03	1.48e-06	0.00e+00	0.00e+00	0.00e+00	0.00e+00
 1.77380e+16	1.21e-01	8.76e-01	3.06e-03	1.27e-06	0.00e+00	0.00e+00	0.00e+00	0.00e+00
 1.77421e+16	1.24e-01	8.74e-01	2.82e-03	1.10e-06	0.00e+00	0.00e+00	0.00e+00	0.00e+00
 1.77469e+16	1.28e-01	8.70e-01	2.56e-03	9.21e-07	0.00e+00	0.00e+00	0.00e+00	0.00e+00
 1.77523e+16	1.32e-01	8.66e-01	2.29e-03	0.00e+00	0.00e+00	0.00e+00	0.00e+00	0.00e+00
 1.77574e+16	1.36e-01	8.61e-01	2.06e-03	0.00e+00	0.00e+00	0.00e+00	0.00e+00	0.00e+00
 1.77622e+16	1.41e-01	8.58e-01	1.87e-03	0.00e+00	0.00e+00	0.00e+00	0.00e+00	0.00e+00
 1.77669e+16	1.45e-01	8.54e-01	1.69e-03	0.00e+00	0.00e+00	0.00e+00	0.00e+00	0.00e+00
 1.77717e+16	1.49e-01	8.49e-01	1.53e-03	0.00e+00	0.00e+00	0.00e+00	0.00e+00	0.00e+00
 1.77764e+16	1.54e-01	8.45e-01	1.38e-03	0.00e+00	0.00e+00	0.00e+00	0.00e+00	0.00e+00
 1.77811e+16	1.58e-01	8.40e-01	1.24e-03	0.00e+00	0.00e+00	0.00e+00	0.00e+00	0.00e+00
 1.77857e+16	1.63e-01	8.36e-01	1.12e-03	0.00e+00	0.00e+00	0.00e+00	0.00e+00	0.00e+00
 1.77902e+16	1.68e-01	8.31e-01	1.02e-03	0.00e+00	0.00e+00	0.00e+00	0.00e+00	0.00e+00
 1.77948e+16	1.73e-01	8.27e-01	9.17e-04	0.00e+00	0.00e+00	0.00e+00	0.00e+00	0.00e+00
 1.77993e+16	1.78e-01	8.22e-01	8.28e-04	0.00e+00	0.00e+00	0.00e+00	0.00e+00	0.00e+00
 1.78037e+16	1.83e-01	8.17e-01	7.47e-04	0.00e+00	0.00e+00	0.00e+00	0.00e+00	0.00e+00
 1.78081e+16	1.88e-01	8.11e-01	6.75e-04	0.00e+00	0.00e+00	0.00e+00	0.00e+00	0.00e+00
 1.78125e+16	1.94e-01	8.06e-01	6.08e-04	0.00e+00	0.00e+00	0.00e+00	0.00e+00	0.00e+00
 1.78169e+16	1.99e-01	8.01e-01	5.48e-04	0.00e+00	0.00e+00	0.00e+00	0.00e+00	0.00e+00
 1.78212e+16	2.05e-01	7.95e-01	4.94e-04	0.00e+00	0.00e+00	0.00e+00	0.00e+00	0.00e+00
 1.78254e+16	2.10e-01	7.89e-01	4.46e-04	0.00e+00	0.00e+00	0.00e+00	0.00e+00	0.00e+00
 1.78296e+16	2.16e-01	7.83e-01	4.02e-04	0.00e+00	0.00e+00	0.00e+00	0.00e+00	0.00e+00
 1.78338e+16	2.23e-01	7.77e-01	3.62e-04	0.00e+00	0.00e+00	0.00e+00	0.00e+00	0.00e+00
 1.78380e+16	2.29e-01	7.71e-01	3.26e-04	0.00e+00	0.00e+00	0.00e+00	0.00e+00	0.00e+00
 1.78421e+16	2.36e-01	7.64e-01	2.93e-04	0.00e+00	0.00e+00	0.00e+00	0.00e+00	0.00e+00
 1.78463e+16	2.43e-01	7.56e-01	2.63e-04	0.00e+00	0.00e+00	0.00e+00	0.00e+00	0.00e+00
 1.78504e+16	2.50e-01	7.49e-01	2.37e-04	0.00e+00	0.00e+00	0.00e+00	0.00e+00	0.00e+00
 1.78544e+16	2.58e-01	7.41e-01	2.13e-04	0.00e+00	0.00e+00	0.00e+00	0.00e+00	0.00e+00
 1.78584e+16	2.67e-01	7.33e-01	1.91e-04	0.00e+00	0.00e+00	0.00e+00	0.00e+00	0.00e+00
 1.78624e+16	2.75e-01	7.25e-01	1.72e-04	0.00e+00	0.00e+00	0.00e+00	0.00e+00	0.00e+00
 1.78663e+16	2.84e-01	7.16e-01	1.54e-04	0.00e+00	0.00e+00	0.00e+00	0.00e+00	0.00e+00
 1.78702e+16	2.93e-01	7.07e-01	1.39e-04	0.00e+00	0.00e+00	0.00e+00	0.00e+00	0.00e+00
 1.78740e+16	3.03e-01	6.97e-01	1.25e-04	0.00e+00	0.00e+00	0.00e+00	0.00e+00	0.00e+00
 1.78777e+16	3.13e-01	6.87e-01	1.12e-04	0.00e+00	0.00e+00	0.00e+00	0.00e+00	0.00e+00
 1.78814e+16	3.23e-01	6.77e-01	1.01e-04	0.00e+00	0.00e+00	0.00e+00	0.00e+00	0.00e+00
 1.78851e+16	3.34e-01	6.66e-01	9.07e-05	0.00e+00	0.00e+00	0.00e+00	0.00e+00	0.00e+00
 1.78887e+16	3.47e-01	6.53e-01	8.14e-05	0.00e+00	0.00e+00	0.00e+00	0.00e+00	0.00e+00
 1.78923e+16	3.59e-01	6.41e-01	7.32e-05	0.00e+00	0.00e+00	0.00e+00	0.00e+00	0.00e+00
 1.78958e+16	3.72e-01	6.28e-01	6.58e-05	0.00e+00	0.00e+00	0.00e+00	0.00e+00	0.00e+00
 1.78993e+16	3.85e-01	6.15e-01	5.91e-05	0.00e+00	0.00e+00	0.00e+00	0.00e+00	0.00e+00
 1.79029e+16	3.99e-01	6.01e-01	5.29e-05	0.00e+00	0.00e+00	0.00e+00	0.00e+00	0.00e+00
 1.79064e+16	4.15e-01	5.85e-01	4.73e-05	0.00e+00	0.00e+00	0.00e+00	0.00e+00	0.00e+00
 1.79099e+16	4.31e-01	5.69e-01	4.23e-05	0.00e+00	0.00e+00	0.00e+00	0.00e+00	0.00e+00
 1.79134e+16	4.47e-01	5.53e-01	3.78e-05	0.00e+00	0.00e+00	0.00e+00	0.00e+00	0.00e+00
 1.79169e+16	4.67e-01	5.33e-01	3.35e-05	0.00e+00	0.00e+00	0.00e+00	0.00e+00	0.00e+00
 1.79204e+16	4.86e-01	5.14e-01	2.98e-05	0.00e+00	0.00e+00	0.00e+00	0.00e+00	0.00e+00
 1.79238e+16	5.06e-01	4.94e-01	2.65e-05	0.00e+00	0.00e+00	0.00e+00	0.00e+00	0.00e+00
 1.79273e+16	5.26e-01	4.74e-01	2.34e-05	0.00e+00	0.00e+00	0.00e+00	0.00e+00	0.00e+00
 1.79309e+16	5.48e-01	4.52e-01	2.07e-05	0.00e+00	0.00e+00	0.00e+00	0.00e+00	0.00e+00
 1.79345e+16	5.70e-01	4.29e-01	1.82e-05	0.00e+00	0.00e+00	0.00e+00	0.00e+00	0.00e+00
 1.79381e+16	5.93e-01	4.07e-01	1.59e-05	0.00e+00	0.00e+00	0.00e+00	0.00e+00	0.00e+00
 1.79417e+16	6.17e-01	3.83e-01	1.39e-05	0.00e+00	0.00e+00	0.00e+00	0.00e+00	0.00e+00
 1.79454e+16	6.41e-01	3.59e-01	1.21e-05	0.00e+00	0.00e+00	0.00e+00	0.00e+00	0.00e+00
 1.79488e+16	6.62e-01	3.38e-01	1.07e-05	0.00e+00	0.00e+00	0.00e+00	0.00e+00	0.00e+00
 1.79514e+16	6.79e-01	3.21e-01	9.71e-06	0.00e+00	0.00e+00	0.00e+00	0.00e+00	0.00e+00
 1.79538e+16	6.94e-01	3.06e-01	8.85e-06	0.00e+00	0.00e+00	0.00e+00	0.00e+00	0.00e+00
 1.79563e+16	7.09e-01	2.91e-01	8.05e-06	0.00e+00	0.00e+00	0.00e+00	0.00e+00	0.00e+00
 1.79590e+16	7.26e-01	2.74e-01	7.23e-06	0.00e+00	0.00e+00	0.00e+00	0.00e+00	0.00e+00
 1.79616e+16	7.40e-01	2.60e-01	6.57e-06	0.00e+00	0.00e+00	0.00e+00	0.00e+00	0.00e+00
 1.79641e+16	7.56e-01	2.44e-01	5.93e-06	0.00e+00	0.00e+00	0.00e+00	0.00e+00	0.00e+00
 1.79665e+16	7.68e-01	2.32e-01	5.43e-06	0.00e+00	0.00e+00	0.00e+00	0.00e+00	0.00e+00
 1.79690e+16	7.81e-01	2.19e-01	4.95e-06	0.00e+00	0.00e+00	0.00e+00	0.00e+00	0.00e+00
 1.79715e+16	7.93e-01	2.07e-01	4.50e-06	0.00e+00	0.00e+00	0.00e+00	0.00e+00	0.00e+00
 1.79739e+16	8.05e-01	1.95e-01	4.10e-06	0.00e+00	0.00e+00	0.00e+00	0.00e+00	0.00e+00
 1.79763e+16	8.17e-01	1.83e-01	3.74e-06	0.00e+00	0.00e+00	0.00e+00	0.00e+00	0.00e+00
 1.79787e+16	8.27e-01	1.73e-01	3.42e-06	0.00e+00	0.00e+00	0.00e+00	0.00e+00	0.00e+00
 1.79812e+16	8.37e-01	1.63e-01	3.13e-06	0.00e+00	0.00e+00	0.00e+00	0.00e+00	0.00e+00
 1.79836e+16	8.47e-01	1.53e-01	2.86e-06	0.00e+00	0.00e+00	0.00e+00	0.00e+00	0.00e+00
 1.79861e+16	8.56e-01	1.44e-01	2.62e-06	0.00e+00	0.00e+00	0.00e+00	0.00e+00	0.00e+00
 1.79886e+16	8.64e-01	1.36e-01	2.41e-06	0.00e+00	0.00e+00	0.00e+00	0.00e+00	0.00e+00
 1.79911e+16	8.72e-01	1.28e-01	2.21e-06	0.00e+00	0.00e+00	0.00e+00	0.00e+00	0.00e+00
 1.79937e+16	8.79e-01	1.21e-01	2.03e-06	0.00e+00	0.00e+00	0.00e+00	0.00e+00	0.00e+00
 1.79963e+16	8.87e-01	1.13e-01	1.86e-06	0.00e+00	0.00e+00	0.00e+00	0.00e+00	0.00e+00
 1.79991e+16	8.93e-01	1.07e-01	1.72e-06	0.00e+00	0.00e+00	0.00e+00	0.00e+00	0.00e+00
 1.80019e+16	8.99e-01	1.01e-01	1.58e-06	0.00e+00	0.00e+00	0.00e+00	0.00e+00	0.00e+00
 1.80047e+16	9.05e-01	9.51e-02	1.46e-06	0.00e+00	0.00e+00	0.00e+00	0.00e+00	0.00e+00
 1.80078e+16	9.10e-01	8.97e-02	1.34e-06	0.00e+00	0.00e+00	0.00e+00	0.00e+00	0.00e+00
