#depth	N	N+	N+2	N+3	N+4	N+5	N+6	N+7
 1.49634e+10	2.88e-45	5.96e-35	1.42e-25	7.88e-17	5.00e-09	9.90e-01	9.93e-03	0.00e+00
 4.54887e+10	0.00e+00	8.30e-35	1.83e-25	9.32e-17	5.44e-09	9.91e-01	9.16e-03	4.16e-08
 7.72350e+10	6.61e-45	1.16e-34	2.35e-25	1.10e-16	5.93e-09	9.92e-01	8.38e-03	0.00e+00
 1.10251e+11	0.00e+00	1.62e-34	3.02e-25	1.31e-16	6.46e-09	9.92e-01	7.69e-03	0.00e+00
 1.43095e+11	1.50e-44	2.23e-34	3.85e-25	1.54e-16	7.01e-09	9.93e-01	7.08e-03	0.00e+00
 1.77252e+11	0.00e+00	3.08e-34	4.92e-25	1.81e-16	7.61e-09	9.93e-01	6.52e-03	0.00e+00
 2.14268e+11	3.40e-44	4.31e-34	6.34e-25	2.15e-16	8.30e-09	9.94e-01	5.98e-03	0.00e+00
 2.51949e+11	0.00e+00	6.00e-34	8.14e-25	2.54e-16	9.04e-09	9.95e-01	5.49e-03	0.00e+00
 2.87051e+11	7.45e-44	8.08e-34	1.02e-24	2.96e-16	9.76e-09	9.95e-01	5.09e-03	0.00e+00
 3.19452e+11	0.00e+00	1.05e-33	1.25e-24	3.39e-16	1.05e-08	9.95e-01	4.75e-03	0.00e+00
 3.56501e+11	1.50e-43	1.42e-33	1.56e-24	3.94e-16	1.13e-08	9.96e-01	4.40e-03	0.00e+00
 3.99953e+11	0.00e+00	1.98e-33	2.01e-24	4.67e-16	1.23e-08	9.96e-01	4.03e-03	0.00e+00
 4.43002e+11	3.40e-43	2.73e-33	2.57e-24	5.51e-16	1.34e-08	9.96e-01	3.71e-03	0.00e+00
 4.83327e+11	0.00e+00	3.66e-33	3.20e-24	6.39e-16	1.44e-08	9.97e-01	3.44e-03	0.00e+00
 5.28141e+11	7.21e-43	5.00e-33	4.06e-24	7.51e-16	1.57e-08	9.97e-01	3.17e-03	0.00e+00
 5.79194e+11	0.00e+00	7.06e-33	5.28e-24	8.96e-16	1.71e-08	9.97e-01	2.90e-03	0.00e+00
 6.29517e+11	1.66e-42	9.79e-33	6.77e-24	1.06e-15	1.87e-08	9.97e-01	2.66e-03	0.00e+00
 6.81854e+11	0.00e+00	1.36e-32	8.70e-24	1.26e-15	2.04e-08	9.98e-01	2.44e-03	0.00e+00
 7.39055e+11	3.84e-42	1.92e-32	1.13e-23	1.50e-15	2.23e-08	9.98e-01	2.22e-03	0.00e+00
 7.96620e+11	0.00e+00	2.69e-32	1.46e-23	1.79e-15	2.44e-08	9.98e-01	2.04e-03	0.00e+00
 8.56488e+11	8.83e-42	3.76e-32	1.89e-23	2.13e-15	2.67e-08	9.98e-01	1.86e-03	0.00e+00
 9.20674e+11	0.00e+00	5.33e-32	2.47e-23	2.56e-15	2.93e-08	9.98e-01	1.69e-03	0.00e+00
 9.84491e+11	2.05e-41	7.43e-32	3.19e-23	3.05e-15	3.21e-08	9.98e-01	1.55e-03	0.00e+00
 1.05086e+12	0.00e+00	1.04e-31	4.12e-23	3.63e-15	3.52e-08	9.99e-01	1.42e-03	0.00e+00
 1.12282e+12	4.76e-41	1.47e-31	5.38e-23	4.37e-15	3.87e-08	9.99e-01	1.29e-03	0.00e+00
 1.19766e+12	0.00e+00	2.08e-31	7.04e-23	5.25e-15	4.26e-08	9.99e-01	1.17e-03	0.00e+00
 1.27550e+12	1.12e-40	2.94e-31	9.20e-23	6.32e-15	4.69e-08	9.99e-01	1.06e-03	0.00e+00
 1.35644e+12	0.00e+00	4.15e-31	1.20e-22	7.62e-15	5.16e-08	9.99e-01	9.66e-04	0.00e+00
 1.42953e+12	2.48e-40	5.61e-31	1.52e-22	8.96e-15	5.62e-08	9.99e-01	8.87e-04	0.00e+00
 1.49024e+12	0.00e+00	7.14e-31	1.83e-22	1.02e-14	6.02e-08	9.99e-01	8.29e-04	0.00e+00
 1.55665e+12	4.56e-40	9.22e-31	2.24e-22	1.17e-14	6.48e-08	9.99e-01	7.71e-04	0.00e+00
 1.64104e+12	0.00e+00	1.26e-30	2.86e-22	1.39e-14	7.09e-08	9.99e-01	7.05e-04	0.00e+00
 1.72920e+12	9.84e-40	1.73e-30	3.65e-22	1.66e-14	7.77e-08	9.99e-01	6.43e-04	0.00e+00
 1.80706e+12	0.00e+00	2.25e-30	4.50e-22	1.92e-14	8.40e-08	9.99e-01	5.95e-04	0.00e+00
 1.87918e+12	1.82e-39	2.86e-30	5.43e-22	2.19e-14	9.02e-08	9.99e-01	5.55e-04	0.00e+00
 1.96097e+12	0.00e+00	3.72e-30	6.68e-22	2.54e-14	9.75e-08	9.99e-01	5.14e-04	0.00e+00
 2.06231e+12	3.66e-39	5.08e-30	8.54e-22	3.03e-14	1.07e-07	1.00e+00	4.68e-04	0.00e+00
 2.16348e+12	0.00e+00	6.84e-30	1.08e-21	3.58e-14	1.17e-07	1.00e+00	4.28e-04	0.00e+00
 2.25027e+12	7.06e-39	8.74e-30	1.31e-21	4.12e-14	1.26e-07	1.00e+00	3.98e-04	0.00e+00
 2.34396e+12	0.00e+00	1.13e-29	1.61e-21	4.76e-14	1.36e-07	1.00e+00	3.68e-04	0.00e+00
 2.45982e+12	1.38e-38	1.53e-29	2.04e-21	5.66e-14	1.50e-07	1.00e+00	3.35e-04	0.00e+00
 2.57886e+12	0.00e+00	2.06e-29	2.59e-21	6.72e-14	1.64e-07	1.00e+00	3.06e-04	0.00e+00
 2.68663e+12	2.70e-38	2.66e-29	3.18e-21	7.80e-14	1.78e-07	1.00e+00	2.82e-04	0.00e+00
 2.80536e+12	0.00e+00	3.50e-29	3.96e-21	9.14e-14	1.94e-07	1.00e+00	2.59e-04	0.00e+00
 2.94488e+12	5.42e-38	4.75e-29	5.06e-21	1.09e-13	2.14e-07	1.00e+00	2.35e-04	0.00e+00
 3.08423e+12	0.00e+00	6.37e-29	6.40e-21	1.30e-13	2.35e-07	1.00e+00	2.15e-04	0.00e+00
 3.21693e+12	1.06e-37	8.31e-29	7.93e-21	1.52e-13	2.56e-07	1.00e+00	1.97e-04	0.00e+00
 3.36331e+12	0.00e+00	1.10e-28	9.94e-21	1.79e-13	2.80e-07	1.00e+00	1.80e-04	0.00e+00
 3.52777e+12	2.14e-37	1.49e-28	1.27e-20	2.14e-13	3.09e-07	1.00e+00	1.64e-04	0.00e+00
 3.67581e+12	0.00e+00	1.94e-28	1.56e-20	2.49e-13	3.36e-07	1.00e+00	1.51e-04	0.00e+00
 3.79808e+12	3.75e-37	2.38e-28	1.85e-20	2.82e-13	3.59e-07	1.00e+00	1.41e-04	0.00e+00
 3.93163e+12	0.00e+00	2.97e-28	2.21e-20	3.20e-13	3.85e-07	1.00e+00	1.31e-04	0.00e+00
 4.10223e+12	6.75e-37	3.89e-28	2.74e-20	3.76e-13	4.21e-07	1.00e+00	1.20e-04	0.00e+00
 4.27446e+12	0.00e+00	5.06e-28	3.39e-20	4.39e-13	4.58e-07	1.00e+00	1.11e-04	0.00e+00
 4.41704e+12	1.19e-36	6.24e-28	4.01e-20	4.96e-13	4.90e-07	1.00e+00	1.03e-04	0.00e+00
 4.56760e+12	0.00e+00	7.73e-28	4.77e-20	5.63e-13	5.26e-07	1.00e+00	9.66e-05	0.00e+00
 4.76071e+12	2.11e-36	1.01e-27	5.90e-20	6.58e-13	5.73e-07	1.00e+00	8.87e-05	0.00e+00
 4.96316e+12	0.00e+00	1.32e-27	7.32e-20	7.71e-13	6.25e-07	1.00e+00	8.14e-05	0.00e+00
 5.14061e+12	3.80e-36	1.65e-27	8.78e-20	8.81e-13	6.73e-07	1.00e+00	7.57e-05	0.00e+00
 5.33157e+12	0.00e+00	2.09e-27	1.06e-19	1.01e-12	7.26e-07	1.00e+00	7.02e-05	0.00e+00
 5.54335e+12	6.80e-36	2.68e-27	1.30e-19	1.17e-12	7.87e-07	1.00e+00	6.47e-05	0.00e+00
 5.73987e+12	0.00e+00	3.36e-27	1.56e-19	1.34e-12	8.47e-07	1.00e+00	6.02e-05	0.00e+00
 5.95300e+12	1.18e-35	4.25e-27	1.88e-19	1.54e-12	9.14e-07	1.00e+00	5.58e-05	0.00e+00
 6.18983e+12	0.00e+00	5.47e-27	2.31e-19	1.78e-12	9.93e-07	1.00e+00	5.14e-05	0.00e+00
 6.41045e+12	2.10e-35	6.88e-27	2.77e-19	2.04e-12	1.07e-06	1.00e+00	4.78e-05	0.00e+00
 6.65024e+12	0.00e+00	8.74e-27	3.36e-19	2.34e-12	1.15e-06	1.00e+00	4.43e-05	0.00e+00
 6.91701e+12	3.81e-35	1.13e-26	4.13e-19	2.72e-12	1.25e-06	1.00e+00	4.08e-05	0.00e+00
 7.16640e+12	0.00e+00	1.42e-26	4.98e-19	3.11e-12	1.35e-06	1.00e+00	3.79e-05	0.00e+00
 7.43816e+12	6.76e-35	1.82e-26	6.07e-19	3.59e-12	1.46e-06	1.00e+00	3.51e-05	0.00e+00
 7.74144e+12	0.00e+00	2.37e-26	7.49e-19	4.18e-12	1.59e-06	1.00e+00	3.22e-05	0.00e+00
 8.02655e+12	1.24e-34	3.01e-26	9.08e-19	4.80e-12	1.71e-06	1.00e+00	2.99e-05	0.00e+00
 8.33803e+12	0.00e+00	3.88e-26	1.11e-18	5.55e-12	1.86e-06	1.00e+00	2.76e-05	0.00e+00
 8.68675e+12	2.32e-34	5.09e-26	1.38e-18	6.50e-12	2.02e-06	1.00e+00	2.54e-05	0.00e+00
 9.01686e+12	3.14e-34	6.54e-26	1.69e-18	7.49e-12	2.19e-06	1.00e+00	2.35e-05	0.00e+00
 9.37276e+12	4.31e-34	8.50e-26	2.08e-18	8.69e-12	2.37e-06	1.00e+00	2.17e-05	0.00e+00
 9.77760e+12	6.07e-34	1.13e-25	2.61e-18	1.02e-11	2.59e-06	1.00e+00	1.98e-05	0.00e+00
 1.01750e+13	8.41e-34	1.48e-25	3.24e-18	1.19e-11	2.82e-06	1.00e+00	1.82e-05	0.00e+00
 1.05884e+13	1.17e-33	1.94e-25	4.03e-18	1.39e-11	3.06e-06	1.00e+00	1.68e-05	0.00e+00
 1.10419e+13	1.65e-33	2.59e-25	5.06e-18	1.63e-11	3.34e-06	1.00e+00	1.54e-05	0.00e+00
 1.15135e+13	2.36e-33	3.48e-25	6.37e-18	1.91e-11	3.64e-06	1.00e+00	1.41e-05	0.00e+00
 1.20039e+13	3.34e-33	4.63e-25	8.00e-18	2.25e-11	3.97e-06	1.00e+00	1.30e-05	0.00e+00
 1.24663e+13	4.61e-33	6.04e-25	9.85e-18	2.60e-11	4.29e-06	1.00e+00	1.20e-05	0.00e+00
 1.28833e+13	6.10e-33	7.61e-25	1.18e-17	2.95e-11	4.60e-06	1.00e+00	1.12e-05	0.00e+00
 1.32780e+13	7.91e-33	9.42e-25	1.40e-17	3.31e-11	4.89e-06	1.00e+00	1.05e-05	0.00e+00
 1.37151e+13	1.05e-32	1.19e-24	1.67e-17	3.75e-11	5.22e-06	1.00e+00	9.87e-06	0.00e+00
 1.42051e+13	1.42e-32	1.53e-24	2.03e-17	4.29e-11	5.61e-06	1.00e+00	9.19e-06	0.00e+00
 1.46705e+13	1.89e-32	1.92e-24	2.43e-17	4.86e-11	6.00e-06	1.00e+00	8.61e-06	0.00e+00
 1.51820e+13	2.55e-32	2.46e-24	2.95e-17	5.54e-11	6.43e-06	1.00e+00	8.03e-06	0.00e+00
 1.57542e+13	3.55e-32	3.22e-24	3.63e-17	6.39e-11	6.93e-06	1.00e+00	7.45e-06	0.00e+00
 1.62844e+13	4.76e-32	4.09e-24	4.38e-17	7.27e-11	7.41e-06	1.00e+00	6.97e-06	0.00e+00
 1.67743e+13	6.21e-32	5.08e-24	5.18e-17	8.15e-11	7.87e-06	1.00e+00	6.57e-06	0.00e+00
 1.73330e+13	8.34e-32	6.45e-24	6.23e-17	9.25e-11	8.40e-06	1.00e+00	6.15e-06	0.00e+00
 1.80168e+13	1.19e-31	8.60e-24	7.76e-17	1.07e-10	9.08e-06	1.00e+00	5.69e-06	0.00e+00
 1.86996e+13	1.66e-31	1.13e-23	9.59e-17	1.24e-10	9.79e-06	1.00e+00	5.28e-06	0.00e+00
 1.92951e+13	2.21e-31	1.43e-23	1.15e-16	1.40e-10	1.04e-05	1.00e+00	4.96e-06	0.00e+00
 1.99405e+13	3.00e-31	1.83e-23	1.38e-16	1.59e-10	1.11e-05	1.00e+00	4.65e-06	0.00e+00
 2.07263e+13	4.33e-31	2.45e-23	1.73e-16	1.85e-10	1.20e-05	1.00e+00	4.31e-06	0.00e+00
 2.15260e+13	6.11e-31	3.24e-23	2.15e-16	2.14e-10	1.30e-05	1.00e+00	3.99e-06	0.00e+00
 2.22510e+13	8.36e-31	4.17e-23	2.60e-16	2.43e-10	1.38e-05	1.00e+00	3.74e-06	0.00e+00
 2.30477e+13	1.17e-30	5.46e-23	3.19e-16	2.79e-10	1.48e-05	1.00e+00	3.49e-06	0.00e+00
 2.39829e+13	1.71e-30	7.42e-23	4.01e-16	3.25e-10	1.60e-05	1.00e+00	3.23e-06	0.00e+00
 2.49141e+13	2.44e-30	9.89e-23	5.00e-16	3.78e-10	1.73e-05	1.00e+00	2.99e-06	0.00e+00
 2.57932e+13	3.41e-30	1.29e-22	6.12e-16	4.32e-10	1.85e-05	1.00e+00	2.80e-06	0.00e+00
 2.67654e+13	4.90e-30	1.73e-22	7.60e-16	4.99e-10	1.99e-05	1.00e+00	2.61e-06	0.00e+00
 2.78659e+13	7.18e-30	2.35e-22	9.60e-16	5.84e-10	2.15e-05	1.00e+00	2.41e-06	0.00e+00
 2.89700e+13	1.05e-29	3.19e-22	1.21e-15	6.79e-10	2.32e-05	1.00e+00	2.23e-06	0.00e+00
 3.01182e+13	1.52e-29	4.29e-22	1.51e-15	7.90e-10	2.50e-05	1.00e+00	2.07e-06	0.00e+00
 3.13529e+13	2.26e-29	5.88e-22	1.91e-15	9.24e-10	2.70e-05	1.00e+00	1.91e-06	0.00e+00
 3.26369e+13	3.36e-29	8.07e-22	2.42e-15	1.08e-09	2.92e-05	1.00e+00	1.77e-06	0.00e+00
 3.38786e+13	4.83e-29	1.08e-21	3.02e-15	1.25e-09	3.14e-05	1.00e+00	1.65e-06	0.00e+00
 3.50442e+13	6.68e-29	1.40e-21	3.68e-15	1.43e-09	3.36e-05	1.00e+00	1.54e-06	0.00e+00
 3.61394e+13	9.05e-29	1.78e-21	4.41e-15	1.61e-09	3.56e-05	1.00e+00	1.45e-06	0.00e+00
 3.73279e+13	1.25e-28	2.31e-21	5.34e-15	1.83e-09	3.79e-05	1.00e+00	1.36e-06	0.00e+00
 3.86603e+13	1.76e-28	3.03e-21	6.56e-15	2.10e-09	4.06e-05	1.00e+00	1.27e-06	0.00e+00
 3.99235e+13	2.39e-28	3.89e-21	7.93e-15	2.38e-09	4.33e-05	1.00e+00	1.19e-06	0.00e+00
 4.13094e+13	3.35e-28	5.09e-21	9.70e-15	2.72e-09	4.62e-05	1.00e+00	1.12e-06	0.00e+00
 4.28669e+13	4.83e-28	6.82e-21	1.21e-14	3.14e-09	4.97e-05	1.00e+00	1.04e-06	0.00e+00
 4.43529e+13	6.73e-28	8.89e-21	1.48e-14	3.59e-09	5.31e-05	1.00e+00	9.74e-07	0.00e+00
 4.59808e+13	9.49e-28	1.17e-20	1.82e-14	4.14e-09	5.70e-05	1.00e+00	0.00e+00	0.00e+00
 4.77980e+13	1.39e-27	1.59e-20	2.29e-14	4.82e-09	6.15e-05	1.00e+00	0.00e+00	0.00e+00
 4.95456e+13	1.98e-27	2.11e-20	2.84e-14	5.56e-09	6.60e-05	1.00e+00	0.00e+00	0.00e+00
 5.14150e+13	2.83e-27	2.82e-20	3.53e-14	6.43e-09	7.10e-05	1.00e+00	0.00e+00	0.00e+00
 5.35016e+13	4.11e-27	3.81e-20	4.46e-14	7.52e-09	7.68e-05	1.00e+00	0.00e+00	0.00e+00
 5.54304e+13	5.85e-27	5.05e-20	5.51e-14	8.65e-09	8.23e-05	1.00e+00	0.00e+00	0.00e+00
 5.71019e+13	7.70e-27	6.32e-20	6.56e-14	9.73e-09	8.74e-05	1.00e+00	0.00e+00	0.00e+00
 5.89568e+13	1.06e-26	8.14e-20	7.93e-14	1.10e-08	9.31e-05	1.00e+00	0.00e+00	0.00e+00
 6.12203e+13	1.50e-26	1.08e-19	9.90e-14	1.28e-08	1.00e-04	1.00e+00	0.00e+00	0.00e+00
 6.35084e+13	2.15e-26	1.45e-19	1.23e-13	1.48e-08	1.08e-04	1.00e+00	0.00e+00	0.00e+00
 6.55670e+13	2.88e-26	1.84e-19	1.48e-13	1.68e-08	1.15e-04	1.00e+00	0.00e+00	0.00e+00
 6.78337e+13	3.98e-26	2.38e-19	1.82e-13	1.92e-08	1.23e-04	1.00e+00	0.00e+00	0.00e+00
 7.05122e+13	5.73e-26	3.21e-19	2.28e-13	2.24e-08	1.33e-04	1.00e+00	0.00e+00	0.00e+00
 7.31440e+13	8.12e-26	4.25e-19	2.84e-13	2.59e-08	1.43e-04	1.00e+00	0.00e+00	0.00e+00
 7.55546e+13	1.11e-25	5.48e-19	3.43e-13	2.95e-08	1.53e-04	1.00e+00	0.00e+00	0.00e+00
 7.82594e+13	1.53e-25	7.13e-19	4.23e-13	3.39e-08	1.64e-04	1.00e+00	0.00e+00	0.00e+00
 8.13990e+13	2.25e-25	9.69e-19	5.34e-13	3.96e-08	1.78e-04	1.00e+00	0.00e+00	0.00e+00
 8.44798e+13	3.13e-25	1.27e-18	6.65e-13	4.59e-08	1.92e-04	1.00e+00	0.00e+00	0.00e+00
 8.73961e+13	4.37e-25	1.67e-18	8.13e-13	5.26e-08	2.05e-04	1.00e+00	0.00e+00	0.00e+00
 9.06341e+13	6.03e-25	2.17e-18	1.01e-12	6.07e-08	2.21e-04	1.00e+00	0.00e+00	0.00e+00
 9.42894e+13	8.73e-25	2.94e-18	1.27e-12	7.11e-08	2.39e-04	1.00e+00	0.00e+00	0.00e+00
 9.77667e+13	1.24e-24	3.90e-18	1.58e-12	8.21e-08	2.57e-04	1.00e+00	0.00e+00	0.00e+00
 1.00942e+14	1.66e-24	4.95e-18	1.91e-12	9.32e-08	2.74e-04	1.00e+00	0.00e+00	0.00e+00
 1.04534e+14	2.29e-24	6.46e-18	2.34e-12	1.07e-07	2.94e-04	1.00e+00	0.00e+00	0.00e+00
 1.08711e+14	3.24e-24	8.60e-18	2.96e-12	1.25e-07	3.19e-04	1.00e+00	0.00e+00	0.00e+00
 1.12706e+14	4.61e-24	1.14e-17	3.66e-12	1.44e-07	3.43e-04	1.00e+00	0.00e+00	0.00e+00
 1.16327e+14	6.05e-24	1.43e-17	4.42e-12	1.64e-07	3.65e-04	1.00e+00	0.00e+00	0.00e+00
 1.19734e+14	7.99e-24	1.79e-17	5.24e-12	1.84e-07	3.87e-04	1.00e+00	0.00e+00	0.00e+00
 1.23493e+14	1.04e-23	2.24e-17	6.29e-12	2.08e-07	4.12e-04	1.00e+00	0.00e+00	0.00e+00
 1.27689e+14	1.45e-23	2.92e-17	7.67e-12	2.37e-07	4.41e-04	1.00e+00	0.00e+00	0.00e+00
 1.31662e+14	1.87e-23	3.63e-17	9.19e-12	2.68e-07	4.69e-04	1.00e+00	0.00e+00	0.00e+00
 1.36035e+14	2.53e-23	4.64e-17	1.12e-11	3.05e-07	5.01e-04	9.99e-01	0.00e+00	0.00e+00
 1.40922e+14	3.54e-23	6.09e-17	1.38e-11	3.52e-07	5.38e-04	9.99e-01	0.00e+00	0.00e+00
 1.45532e+14	4.65e-23	7.67e-17	1.67e-11	4.00e-07	5.74e-04	9.99e-01	0.00e+00	0.00e+00
 1.50584e+14	6.46e-23	1.00e-16	2.04e-11	4.58e-07	6.15e-04	9.99e-01	0.00e+00	0.00e+00
 1.56171e+14	8.77e-23	1.29e-16	2.53e-11	5.29e-07	6.63e-04	9.99e-01	0.00e+00	0.00e+00
 1.61336e+14	1.20e-22	1.67e-16	3.07e-11	6.03e-07	7.07e-04	9.99e-01	0.00e+00	0.00e+00
 1.66933e+14	1.60e-22	2.13e-16	3.76e-11	6.90e-07	7.58e-04	9.99e-01	0.00e+00	0.00e+00
 1.73180e+14	2.27e-22	2.82e-16	4.67e-11	7.99e-07	8.17e-04	9.99e-01	0.00e+00	0.00e+00
 1.79050e+14	3.00e-22	3.57e-16	5.69e-11	9.13e-07	8.75e-04	9.99e-01	0.00e+00	0.00e+00
 1.85458e+14	4.16e-22	4.66e-16	7.01e-11	1.05e-06	9.39e-04	9.99e-01	0.00e+00	0.00e+00
 1.92581e+14	5.70e-22	6.09e-16	8.75e-11	1.22e-06	1.01e-03	9.99e-01	0.00e+00	0.00e+00
 1.99227e+14	7.79e-22	7.87e-16	1.07e-10	1.40e-06	1.09e-03	9.99e-01	0.00e+00	0.00e+00
 2.06434e+14	1.04e-21	1.01e-15	1.32e-10	1.61e-06	1.17e-03	9.99e-01	0.00e+00	0.00e+00
 2.14481e+14	1.47e-21	1.34e-15	1.65e-10	1.88e-06	1.27e-03	9.99e-01	0.00e+00	0.00e+00
 2.22123e+14	1.96e-21	1.71e-15	2.03e-10	2.16e-06	1.36e-03	9.99e-01	0.00e+00	0.00e+00
 2.30310e+14	2.71e-21	2.24e-15	2.52e-10	2.49e-06	1.47e-03	9.99e-01	0.00e+00	0.00e+00
 2.39552e+14	3.78e-21	2.97e-15	3.17e-10	2.92e-06	1.59e-03	9.98e-01	0.00e+00	0.00e+00
 2.48647e+14	5.24e-21	3.89e-15	3.95e-10	3.38e-06	1.72e-03	9.98e-01	0.00e+00	0.00e+00
 2.58105e+14	7.05e-21	5.03e-15	4.92e-10	3.93e-06	1.86e-03	9.98e-01	0.00e+00	0.00e+00
 2.68460e+14	9.79e-21	6.64e-15	6.20e-10	4.60e-06	2.02e-03	9.98e-01	0.00e+00	0.00e+00
 2.78680e+14	1.36e-20	8.73e-15	7.72e-10	5.34e-06	2.19e-03	9.98e-01	0.00e+00	0.00e+00
 2.87162e+14	1.73e-20	1.08e-14	9.20e-10	6.02e-06	2.33e-03	9.98e-01	0.00e+00	0.00e+00
 2.93965e+14	2.08e-20	1.26e-14	1.06e-09	6.61e-06	2.45e-03	9.98e-01	0.00e+00	0.00e+00
 3.01469e+14	2.55e-20	1.50e-14	1.22e-09	7.31e-06	2.59e-03	9.97e-01	0.00e+00	0.00e+00
 3.11224e+14	3.31e-20	1.88e-14	1.47e-09	8.31e-06	2.77e-03	9.97e-01	0.00e+00	0.00e+00
 3.21704e+14	4.35e-20	2.37e-14	1.79e-09	9.49e-06	2.98e-03	9.97e-01	0.00e+00	0.00e+00
 3.31008e+14	5.46e-20	2.88e-14	2.11e-09	1.06e-05	3.16e-03	9.97e-01	0.00e+00	0.00e+00
 3.40986e+14	6.97e-20	3.55e-14	2.51e-09	1.20e-05	3.37e-03	9.97e-01	0.00e+00	0.00e+00
 3.53573e+14	9.25e-20	4.54e-14	3.11e-09	1.38e-05	3.65e-03	9.96e-01	0.00e+00	0.00e+00
 3.66338e+14	1.23e-19	5.79e-14	3.82e-09	1.60e-05	3.95e-03	9.96e-01	0.00e+00	0.00e+00
 3.77268e+14	1.56e-19	7.12e-14	4.54e-09	1.79e-05	4.21e-03	9.96e-01	0.00e+00	0.00e+00
 3.89028e+14	1.98e-19	8.77e-14	5.43e-09	2.03e-05	4.50e-03	9.95e-01	0.00e+00	0.00e+00
 4.03603e+14	2.66e-19	1.13e-13	6.74e-09	2.35e-05	4.88e-03	9.95e-01	0.00e+00	0.00e+00
 4.18452e+14	3.53e-19	1.45e-13	8.32e-09	2.72e-05	5.29e-03	9.95e-01	0.00e+00	0.00e+00
 4.31546e+14	4.52e-19	1.79e-13	9.97e-09	3.07e-05	5.66e-03	9.94e-01	0.00e+00	0.00e+00
 4.45745e+14	5.79e-19	2.23e-13	1.20e-08	3.50e-05	6.08e-03	9.94e-01	0.00e+00	0.00e+00
 4.62860e+14	7.84e-19	2.89e-13	1.50e-08	4.06e-05	6.62e-03	9.93e-01	0.00e+00	0.00e+00
 4.79849e+14	1.04e-18	3.71e-13	1.86e-08	4.69e-05	7.17e-03	9.93e-01	0.00e+00	0.00e+00
 4.95022e+14	1.33e-18	4.58e-13	2.23e-08	5.31e-05	7.67e-03	9.92e-01	0.00e+00	0.00e+00
 5.11755e+14	1.74e-18	5.79e-13	2.71e-08	6.07e-05	8.27e-03	9.92e-01	0.00e+00	0.00e+00
 5.31652e+14	2.37e-18	7.55e-13	3.40e-08	7.06e-05	9.00e-03	9.91e-01	0.00e+00	0.00e+00
 5.51415e+14	3.17e-18	9.74e-13	4.22e-08	8.17e-05	9.76e-03	9.90e-01	0.00e+00	0.00e+00
 5.69599e+14	4.09e-18	1.22e-12	5.11e-08	9.30e-05	1.05e-02	9.89e-01	0.00e+00	0.00e+00
 5.89977e+14	5.39e-18	1.55e-12	6.29e-08	1.07e-04	1.13e-02	9.89e-01	0.00e+00	0.00e+00
 6.13540e+14	7.53e-18	2.06e-12	7.94e-08	1.25e-04	1.24e-02	9.87e-01	0.00e+00	0.00e+00
 6.36617e+14	1.02e-17	2.67e-12	9.90e-08	1.45e-04	1.35e-02	9.86e-01	0.00e+00	0.00e+00
 6.60618e+14	1.38e-17	3.48e-12	1.23e-07	1.68e-04	1.46e-02	9.85e-01	0.00e+00	0.00e+00
 6.82570e+14	1.78e-17	4.35e-12	1.50e-07	1.91e-04	1.57e-02	9.84e-01	0.00e+00	0.00e+00
 6.98846e+14	2.18e-17	5.17e-12	1.73e-07	2.10e-04	1.65e-02	9.83e-01	0.00e+00	0.00e+00
 7.15617e+14	2.71e-17	6.18e-12	1.99e-07	2.31e-04	1.74e-02	9.82e-01	0.00e+00	0.00e+00
 7.37420e+14	3.48e-17	7.68e-12	2.38e-07	2.60e-04	1.86e-02	9.81e-01	0.00e+00	0.00e+00
 7.61086e+14	4.45e-17	9.53e-12	2.88e-07	2.95e-04	1.99e-02	9.80e-01	0.00e+00	0.00e+00
 7.82554e+14	5.66e-17	1.17e-11	3.41e-07	3.29e-04	2.12e-02	9.78e-01	0.00e+00	0.00e+00
 8.05842e+14	7.26e-17	1.45e-11	4.07e-07	3.70e-04	2.26e-02	9.77e-01	0.00e+00	0.00e+00
 8.35400e+14	1.01e-16	1.91e-11	5.06e-07	4.27e-04	2.45e-02	9.75e-01	0.00e+00	0.00e+00
 8.65031e+14	1.34e-16	2.43e-11	6.23e-07	4.91e-04	2.64e-02	9.73e-01	0.00e+00	0.00e+00
 8.89845e+14	1.87e-16	3.01e-11	7.40e-07	5.50e-04	2.80e-02	9.71e-01	0.00e+00	0.00e+00
 9.16472e+14	2.42e-16	3.74e-11	8.85e-07	6.18e-04	2.99e-02	9.69e-01	0.00e+00	0.00e+00
 9.50167e+14	3.41e-16	4.95e-11	1.10e-06	7.13e-04	3.23e-02	9.67e-01	0.00e+00	0.00e+00
 9.85476e+14	4.62e-16	6.42e-11	1.37e-06	8.25e-04	3.49e-02	9.64e-01	0.00e+00	0.00e+00
 1.01711e+15	6.15e-16	8.16e-11	1.66e-06	9.35e-04	3.74e-02	9.62e-01	0.00e+00	0.00e+00
 1.05156e+15	8.31e-16	1.05e-10	2.04e-06	1.07e-03	4.02e-02	9.59e-01	0.00e+00	0.00e+00
 1.09246e+15	1.22e-15	1.42e-10	2.57e-06	1.24e-03	4.36e-02	9.55e-01	0.00e+00	0.00e+00
 1.13276e+15	1.69e-15	1.87e-10	3.20e-06	1.43e-03	4.70e-02	9.52e-01	0.00e+00	0.00e+00
 1.16942e+15	2.27e-15	2.38e-10	3.88e-06	1.63e-03	5.03e-02	9.48e-01	0.00e+00	0.00e+00
 1.21036e+15	3.03e-15	3.05e-10	4.78e-06	1.86e-03	5.41e-02	9.44e-01	0.00e+00	0.00e+00
 1.25818e+15	4.47e-15	4.17e-10	6.06e-06	2.17e-03	5.87e-02	9.39e-01	0.00e+00	0.00e+00
 1.30532e+15	6.32e-15	5.53e-10	7.58e-06	2.51e-03	6.33e-02	9.34e-01	0.00e+00	0.00e+00
 1.34988e+15	8.67e-15	7.17e-10	9.29e-06	2.87e-03	6.78e-02	9.29e-01	0.00e+00	0.00e+00
 1.39943e+15	1.18e-14	9.31e-10	1.16e-05	3.31e-03	7.30e-02	9.24e-01	0.00e+00	0.00e+00
 1.45544e+15	1.78e-14	1.29e-09	1.47e-05	3.86e-03	7.92e-02	9.17e-01	0.00e+00	0.00e+00
 1.50244e+15	2.42e-14	1.65e-09	1.78e-05	4.37e-03	8.44e-02	9.11e-01	0.00e+00	0.00e+00
 1.53627e+15	2.99e-14	1.96e-09	2.04e-05	4.77e-03	8.83e-02	9.07e-01	0.00e+00	0.00e+00
 1.57165e+15	3.71e-14	2.34e-09	2.34e-05	5.21e-03	9.24e-02	9.02e-01	0.00e+00	0.00e+00
 1.61765e+15	4.72e-14	2.87e-09	2.78e-05	5.83e-03	9.77e-02	8.96e-01	0.00e+00	0.00e+00
 1.66901e+15	6.58e-14	3.74e-09	3.36e-05	6.59e-03	1.04e-01	8.89e-01	0.00e+00	0.00e+00
 1.71699e+15	8.66e-14	4.66e-09	3.98e-05	7.36e-03	1.10e-01	8.83e-01	0.00e+00	0.00e+00
 1.76899e+15	1.11e-13	5.77e-09	4.76e-05	8.25e-03	1.16e-01	8.75e-01	0.00e+00	0.00e+00
 1.82762e+15	1.58e-13	7.58e-09	5.80e-05	9.37e-03	1.24e-01	8.67e-01	0.00e+00	0.00e+00
 1.88325e+15	2.08e-13	9.52e-09	6.93e-05	1.05e-02	1.31e-01	8.58e-01	0.00e+00	0.00e+00
 1.94392e+15	2.74e-13	1.20e-08	8.37e-05	1.19e-02	1.39e-01	8.49e-01	0.00e+00	0.00e+00
 2.01204e+15	3.98e-13	1.60e-08	1.03e-04	1.35e-02	1.49e-01	8.38e-01	0.00e+00	0.00e+00
 2.07656e+15	5.33e-13	2.04e-08	1.24e-04	1.52e-02	1.57e-01	8.27e-01	0.00e+00	0.00e+00
 2.14717e+15	7.12e-13	2.60e-08	1.51e-04	1.73e-02	1.67e-01	8.16e-01	0.00e+00	0.00e+00
 2.22579e+15	1.05e-12	3.52e-08	1.87e-04	1.98e-02	1.78e-01	8.02e-01	0.00e+00	0.00e+00
 2.29863e+15	1.42e-12	4.49e-08	2.26e-04	2.23e-02	1.88e-01	7.89e-01	0.00e+00	0.00e+00
 2.37712e+15	1.89e-12	5.72e-08	2.75e-04	2.53e-02	1.99e-01	7.75e-01	0.00e+00	0.00e+00
 2.46511e+15	2.80e-12	7.76e-08	3.42e-04	2.89e-02	2.12e-01	7.58e-01	0.00e+00	0.00e+00
 2.54757e+15	3.79e-12	9.94e-08	4.13e-04	3.26e-02	2.24e-01	7.43e-01	0.00e+00	0.00e+00
 2.63690e+15	5.10e-12	1.27e-07	5.04e-04	3.69e-02	2.37e-01	7.26e-01	0.00e+00	0.00e+00
 2.73686e+15	7.61e-12	1.74e-07	6.27e-04	4.22e-02	2.51e-01	7.06e-01	0.00e+00	0.00e+00
 2.82681e+15	1.03e-11	2.22e-07	7.54e-04	4.74e-02	2.64e-01	6.88e-01	0.00e+00	0.00e+00
 2.90715e+15	1.35e-11	2.75e-07	8.85e-04	5.23e-02	2.75e-01	6.72e-01	0.00e+00	0.00e+00
 2.99880e+15	1.79e-11	3.47e-07	1.06e-03	5.82e-02	2.87e-01	6.53e-01	0.00e+00	0.00e+00
 3.11163e+15	2.56e-11	4.63e-07	1.30e-03	6.62e-02	3.03e-01	6.30e-01	0.00e+00	0.00e+00
 3.22453e+15	3.54e-11	6.02e-07	1.59e-03	7.46e-02	3.17e-01	6.07e-01	0.00e+00	0.00e+00
 3.31433e+15	4.47e-11	7.30e-07	1.85e-03	8.17e-02	3.28e-01	5.89e-01	0.00e+00	0.00e+00
 3.40159e+15	5.69e-11	8.88e-07	2.14e-03	8.90e-02	3.38e-01	5.71e-01	0.00e+00	0.00e+00
 3.51502e+15	8.05e-11	1.16e-06	2.58e-03	9.92e-02	3.52e-01	5.46e-01	0.00e+00	0.00e+00
 3.62609e+15	1.06e-10	1.45e-06	3.05e-03	1.10e-01	3.63e-01	5.24e-01	0.00e+00	0.00e+00
 3.71615e+15	1.30e-10	1.72e-06	3.48e-03	1.18e-01	3.72e-01	5.06e-01	0.00e+00	0.00e+00
 3.81531e+15	1.65e-10	2.09e-06	4.02e-03	1.28e-01	3.82e-01	4.86e-01	0.00e+00	0.00e+00
 3.94421e+15	2.34e-10	2.74e-06	4.83e-03	1.42e-01	3.94e-01	4.59e-01	0.00e+00	0.00e+00
 4.07254e+15	3.13e-10	3.46e-06	5.72e-03	1.56e-01	4.04e-01	4.34e-01	0.00e+00	0.00e+00
 4.17640e+15	3.94e-10	4.15e-06	6.54e-03	1.68e-01	4.11e-01	4.14e-01	0.00e+00	0.00e+00
 4.28769e+15	5.03e-10	5.05e-06	7.52e-03	1.82e-01	4.18e-01	3.93e-01	0.00e+00	0.00e+00
 4.43237e+15	6.51e-10	6.26e-06	8.92e-03	1.99e-01	4.24e-01	3.68e-01	0.00e+00	0.00e+00
 4.58258e+15	9.28e-10	8.21e-06	1.06e-02	2.18e-01	4.31e-01	3.40e-01	0.00e+00	0.00e+00
 4.70673e+15	1.17e-09	9.88e-06	1.22e-02	2.34e-01	4.34e-01	3.19e-01	0.00e+00	0.00e+00
 4.83487e+15	1.45e-09	1.18e-05	1.40e-02	2.51e-01	4.37e-01	2.99e-01	0.00e+00	0.00e+00
 4.97923e+15	1.89e-09	1.46e-05	1.62e-02	2.70e-01	4.38e-01	2.76e-01	0.00e+00	0.00e+00
 5.11516e+15	2.54e-09	1.82e-05	1.87e-02	2.88e-01	4.38e-01	2.55e-01	0.00e+00	0.00e+00
 5.23896e+15	3.16e-09	2.17e-05	2.11e-02	3.05e-01	4.37e-01	2.37e-01	0.00e+00	0.00e+00
 5.37651e+15	3.99e-09	2.61e-05	2.40e-02	3.24e-01	4.34e-01	2.18e-01	0.00e+00	0.00e+00
 5.52805e+15	4.99e-09	3.13e-05	2.75e-02	3.44e-01	4.29e-01	1.99e-01	0.00e+00	0.00e+00
 5.66804e+15	6.64e-09	3.87e-05	3.14e-02	3.63e-01	4.24e-01	1.81e-01	0.00e+00	0.00e+00
 5.79497e+15	8.18e-09	4.56e-05	3.50e-02	3.80e-01	4.18e-01	1.67e-01	0.00e+00	0.00e+00
 5.90987e+15	9.84e-09	5.26e-05	3.86e-02	3.95e-01	4.11e-01	1.55e-01	0.00e+00	0.00e+00
 6.03445e+15	1.20e-08	6.13e-05	4.29e-02	4.11e-01	4.04e-01	1.42e-01	0.00e+00	0.00e+00
 6.17099e+15	1.51e-08	7.31e-05	4.81e-02	4.29e-01	3.94e-01	1.29e-01	0.00e+00	0.00e+00
 6.29054e+15	1.82e-08	8.45e-05	5.29e-02	4.44e-01	3.85e-01	1.18e-01	0.00e+00	0.00e+00
 6.39662e+15	2.13e-08	9.56e-05	5.75e-02	4.56e-01	3.77e-01	1.09e-01	0.00e+00	0.00e+00
 6.51771e+15	2.50e-08	1.09e-04	6.32e-02	4.71e-01	3.67e-01	9.95e-02	0.00e+00	0.00e+00
 6.67513e+15	3.39e-08	1.36e-04	7.19e-02	4.89e-01	3.52e-01	8.70e-02	0.00e+00	0.00e+00
 6.83642e+15	4.11e-08	1.59e-04	8.08e-02	5.06e-01	3.37e-01	7.67e-02	0.00e+00	0.00e+00
 6.97314e+15	5.44e-08	1.95e-04	9.02e-02	5.20e-01	3.22e-01	6.75e-02	0.00e+00	0.00e+00
 7.09551e+15	6.60e-08	2.26e-04	9.88e-02	5.31e-01	3.09e-01	6.05e-02	0.00e+00	0.00e+00
 7.20859e+15	7.94e-08	2.59e-04	1.08e-01	5.41e-01	2.97e-01	5.43e-02	0.00e+00	0.00e+00
 7.33532e+15	9.84e-08	3.05e-04	1.19e-01	5.51e-01	2.82e-01	4.79e-02	0.00e+00	0.00e+00
 7.46877e+15	1.15e-07	3.46e-04	1.30e-01	5.60e-01	2.67e-01	4.22e-02	0.00e+00	0.00e+00
 7.61093e+15	1.58e-07	4.33e-04	1.46e-01	5.69e-01	2.49e-01	3.57e-02	0.00e+00	0.00e+00
 7.75408e+15	2.02e-07	5.21e-04	1.62e-01	5.75e-01	2.32e-01	3.02e-02	0.00e+00	0.00e+00
 7.86579e+15	2.45e-07	6.01e-04	1.76e-01	5.79e-01	2.18e-01	2.64e-02	0.00e+00	0.00e+00
 7.95940e+15	2.92e-07	6.83e-04	1.89e-01	5.81e-01	2.06e-01	2.34e-02	0.00e+00	0.00e+00
 8.06218e+15	3.56e-07	7.90e-04	2.04e-01	5.82e-01	1.92e-01	2.03e-02	0.00e+00	0.00e+00
 8.16888e+15	4.07e-07	8.79e-04	2.20e-01	5.82e-01	1.79e-01	1.77e-02	0.00e+00	0.00e+00
 8.28067e+15	5.36e-07	1.07e-03	2.41e-01	5.80e-01	1.64e-01	1.47e-02	0.00e+00	0.00e+00
 8.38232e+15	6.26e-07	1.20e-03	2.59e-01	5.76e-01	1.51e-01	1.26e-02	0.00e+00	0.00e+00
 8.44903e+15	7.71e-07	1.39e-03	2.74e-01	5.72e-01	1.42e-01	1.10e-02	0.00e+00	0.00e+00
 8.49576e+15	8.48e-07	1.49e-03	2.83e-01	5.70e-01	1.36e-01	1.01e-02	0.00e+00	0.00e+00
 8.53827e+15	9.35e-07	1.60e-03	2.93e-01	5.67e-01	1.30e-01	9.32e-03	0.00e+00	0.00e+00
 8.59354e+15	1.01e-06	1.70e-03	3.05e-01	5.63e-01	1.23e-01	8.42e-03	0.00e+00	0.00e+00
 8.66538e+15	1.24e-06	1.96e-03	3.23e-01	5.56e-01	1.13e-01	7.17e-03	0.00e+00	0.00e+00
 8.73142e+15	1.39e-06	2.13e-03	3.38e-01	5.49e-01	1.05e-01	6.26e-03	0.00e+00	0.00e+00
 8.78169e+15	1.58e-06	2.33e-03	3.51e-01	5.43e-01	9.81e-02	5.55e-03	0.00e+00	0.00e+00
 8.83040e+15	1.78e-06	2.55e-03	3.64e-01	5.37e-01	9.19e-02	4.92e-03	0.00e+00	0.00e+00
 8.88531e+15	2.15e-06	2.90e-03	3.81e-01	5.28e-01	8.44e-02	4.18e-03	0.00e+00	0.00e+00
 8.93720e+15	2.34e-06	3.08e-03	3.94e-01	5.21e-01	7.86e-02	3.70e-03	0.00e+00	0.00e+00
 8.98515e+15	2.66e-06	3.38e-03	4.08e-01	5.13e-01	7.26e-02	3.20e-03	0.00e+00	0.00e+00
 9.03734e+15	3.06e-06	3.73e-03	4.24e-01	5.03e-01	6.65e-02	2.73e-03	0.00e+00	0.00e+00
 9.08396e+15	3.49e-06	4.08e-03	4.38e-01	4.94e-01	6.12e-02	2.34e-03	0.00e+00	0.00e+00
 9.12539e+15	3.93e-06	4.44e-03	4.51e-01	4.86e-01	5.65e-02	2.03e-03	0.00e+00	0.00e+00
 9.17113e+15	4.62e-06	4.96e-03	4.66e-01	4.76e-01	5.13e-02	1.70e-03	0.00e+00	0.00e+00
 9.21732e+15	5.10e-06	5.32e-03	4.80e-01	4.67e-01	4.68e-02	1.45e-03	0.00e+00	0.00e+00
 9.26408e+15	6.07e-06	5.99e-03	4.96e-01	4.55e-01	4.19e-02	1.18e-03	0.00e+00	0.00e+00
 9.31055e+15	6.93e-06	6.57e-03	5.10e-01	4.45e-01	3.76e-02	9.76e-04	0.00e+00	0.00e+00
 9.34949e+15	7.78e-06	7.12e-03	5.22e-01	4.36e-01	3.42e-02	8.22e-04	0.00e+00	0.00e+00
 9.39296e+15	8.93e-06	7.82e-03	5.36e-01	4.25e-01	3.05e-02	6.68e-04	0.00e+00	0.00e+00
 9.44107e+15	1.03e-05	8.60e-03	5.51e-01	4.13e-01	2.68e-02	5.32e-04	0.00e+00	0.00e+00
 9.48680e+15	1.18e-05	9.45e-03	5.64e-01	4.02e-01	2.36e-02	4.22e-04	0.00e+00	0.00e+00
 9.53103e+15	1.34e-05	1.03e-02	5.77e-01	3.91e-01	2.07e-02	3.35e-04	0.00e+00	0.00e+00
 9.58176e+15	1.57e-05	1.15e-02	5.92e-01	3.79e-01	1.77e-02	2.53e-04	0.00e+00	0.00e+00
 9.63744e+15	1.84e-05	1.28e-02	6.07e-01	3.65e-01	1.49e-02	1.85e-04	0.00e+00	0.00e+00
 9.68002e+15	2.08e-05	1.39e-02	6.18e-01	3.55e-01	1.30e-02	1.46e-04	0.00e+00	0.00e+00
 9.70856e+15	2.25e-05	1.47e-02	6.25e-01	3.48e-01	1.19e-02	1.24e-04	0.00e+00	0.00e+00
 9.73837e+15	2.46e-05	1.56e-02	6.33e-01	3.41e-01	1.07e-02	1.03e-04	0.00e+00	0.00e+00
 9.77713e+15	2.75e-05	1.68e-02	6.43e-01	3.31e-01	9.34e-03	8.08e-05	0.00e+00	0.00e+00
 9.82000e+15	3.10e-05	1.82e-02	6.53e-01	3.21e-01	8.06e-03	6.21e-05	0.00e+00	0.00e+00
 9.86020e+15	3.46e-05	1.96e-02	6.61e-01	3.12e-01	7.02e-03	4.84e-05	0.00e+00	0.00e+00
 9.90443e+15	3.92e-05	2.12e-02	6.71e-01	3.01e-01	5.98e-03	3.63e-05	0.00e+00	0.00e+00
 9.95297e+15	4.46e-05	2.31e-02	6.81e-01	2.91e-01	5.04e-03	2.67e-05	0.00e+00	0.00e+00
 9.99713e+15	5.02e-05	2.50e-02	6.90e-01	2.81e-01	4.31e-03	2.02e-05	0.00e+00	0.00e+00
 1.00380e+16	5.61e-05	2.69e-02	6.98e-01	2.72e-01	3.72e-03	1.55e-05	0.00e+00	0.00e+00
 1.00845e+16	6.36e-05	2.92e-02	7.06e-01	2.61e-01	3.13e-03	1.14e-05	0.00e+00	0.00e+00
 1.01357e+16	7.29e-05	3.20e-02	7.15e-01	2.50e-01	2.60e-03	8.19e-06	0.00e+00	0.00e+00
 1.01820e+16	8.25e-05	3.47e-02	7.23e-01	2.40e-01	2.20e-03	6.07e-06	0.00e+00	0.00e+00
 1.02244e+16	9.24e-05	3.73e-02	7.30e-01	2.31e-01	1.89e-03	4.61e-06	0.00e+00	0.00e+00
 1.02723e+16	1.05e-04	4.07e-02	7.37e-01	2.21e-01	1.58e-03	3.34e-06	0.00e+00	0.00e+00
 1.03247e+16	1.21e-04	4.45e-02	7.44e-01	2.10e-01	1.30e-03	2.37e-06	0.00e+00	0.00e+00
 1.03714e+16	1.38e-04	4.84e-02	7.50e-01	2.00e-01	1.10e-03	1.75e-06	0.00e+00	0.00e+00
 1.04139e+16	1.55e-04	5.23e-02	7.56e-01	1.91e-01	9.33e-04	1.32e-06	0.00e+00	0.00e+00
 1.04623e+16	1.78e-04	5.71e-02	7.61e-01	1.81e-01	7.74e-04	9.46e-07	0.00e+00	0.00e+00
 1.05144e+16	2.06e-04	6.28e-02	7.66e-01	1.70e-01	6.35e-04	0.00e+00	0.00e+00	0.00e+00
 1.05598e+16	2.35e-04	6.83e-02	7.70e-01	1.61e-01	5.34e-04	0.00e+00	0.00e+00	0.00e+00
 1.06003e+16	2.64e-04	7.38e-02	7.72e-01	1.53e-01	4.55e-04	0.00e+00	0.00e+00	0.00e+00
 1.06463e+16	3.03e-04	8.07e-02	7.75e-01	1.44e-01	3.77e-04	0.00e+00	0.00e+00	0.00e+00
 1.06963e+16	3.53e-04	8.88e-02	7.76e-01	1.34e-01	3.09e-04	0.00e+00	0.00e+00	0.00e+00
 1.07407e+16	4.04e-04	9.70e-02	7.77e-01	1.25e-01	2.57e-04	0.00e+00	0.00e+00	0.00e+00
 1.07796e+16	4.58e-04	1.05e-01	7.76e-01	1.18e-01	2.18e-04	0.00e+00	0.00e+00	0.00e+00
 1.08225e+16	5.25e-04	1.14e-01	7.75e-01	1.10e-01	1.81e-04	0.00e+00	0.00e+00	0.00e+00
 1.08702e+16	6.14e-04	1.26e-01	7.72e-01	1.01e-01	1.47e-04	0.00e+00	0.00e+00	0.00e+00
 1.09135e+16	7.09e-04	1.39e-01	7.67e-01	9.33e-02	1.21e-04	0.00e+00	0.00e+00	0.00e+00
 1.09512e+16	8.08e-04	1.50e-01	7.62e-01	8.66e-02	1.01e-04	0.00e+00	0.00e+00	0.00e+00
 1.09925e+16	9.33e-04	1.64e-01	7.55e-01	7.95e-02	8.29e-05	0.00e+00	0.00e+00	0.00e+00
 1.10387e+16	1.10e-03	1.82e-01	7.45e-01	7.18e-02	6.60e-05	0.00e+00	0.00e+00	0.00e+00
 1.10809e+16	1.28e-03	2.00e-01	7.34e-01	6.48e-02	5.31e-05	0.00e+00	0.00e+00	0.00e+00
 1.11182e+16	1.47e-03	2.18e-01	7.21e-01	5.89e-02	4.35e-05	0.00e+00	0.00e+00	0.00e+00
 1.11594e+16	1.73e-03	2.40e-01	7.06e-01	5.27e-02	3.45e-05	0.00e+00	0.00e+00	0.00e+00
 1.12056e+16	2.07e-03	2.67e-01	6.85e-01	4.60e-02	2.64e-05	0.00e+00	0.00e+00	0.00e+00
 1.12484e+16	2.45e-03	2.96e-01	6.62e-01	4.00e-02	2.03e-05	0.00e+00	0.00e+00	0.00e+00
 1.12873e+16	2.87e-03	3.24e-01	6.38e-01	3.49e-02	1.57e-05	0.00e+00	0.00e+00	0.00e+00
 1.13309e+16	3.44e-03	3.60e-01	6.07e-01	2.95e-02	1.16e-05	0.00e+00	0.00e+00	0.00e+00
 1.13786e+16	4.22e-03	4.03e-01	5.69e-01	2.41e-02	8.16e-06	0.00e+00	0.00e+00	0.00e+00
 1.14206e+16	5.08e-03	4.45e-01	5.30e-01	1.97e-02	5.82e-06	0.00e+00	0.00e+00	0.00e+00
 1.14562e+16	5.97e-03	4.84e-01	4.94e-01	1.63e-02	4.28e-06	0.00e+00	0.00e+00	0.00e+00
 1.14948e+16	7.11e-03	5.28e-01	4.52e-01	1.30e-02	2.98e-06	0.00e+00	0.00e+00	0.00e+00
 1.15371e+16	8.62e-03	5.79e-01	4.02e-01	9.88e-03	1.93e-06	0.00e+00	0.00e+00	0.00e+00
 1.15744e+16	1.03e-02	6.27e-01	3.56e-01	7.48e-03	1.27e-06	0.00e+00	0.00e+00	0.00e+00
 1.16031e+16	1.18e-02	6.63e-01	3.19e-01	5.92e-03	8.98e-07	0.00e+00	0.00e+00	0.00e+00
 1.16259e+16	1.32e-02	6.92e-01	2.90e-01	4.83e-03	0.00e+00	0.00e+00	0.00e+00	0.00e+00
 1.16509e+16	1.49e-02	7.23e-01	2.58e-01	3.80e-03	0.00e+00	0.00e+00	0.00e+00	0.00e+00
 1.16788e+16	1.71e-02	7.57e-01	2.23e-01	2.84e-03	0.00e+00	0.00e+00	0.00e+00	0.00e+00
 1.17040e+16	1.94e-02	7.86e-01	1.93e-01	2.13e-03	0.00e+00	0.00e+00	0.00e+00	0.00e+00
 1.17251e+16	2.16e-02	8.09e-01	1.68e-01	1.63e-03	0.00e+00	0.00e+00	0.00e+00	0.00e+00
 1.17445e+16	2.39e-02	8.28e-01	1.47e-01	1.27e-03	0.00e+00	0.00e+00	0.00e+00	0.00e+00
 1.17666e+16	2.68e-02	8.48e-01	1.25e-01	9.29e-04	0.00e+00	0.00e+00	0.00e+00	0.00e+00
 1.17904e+16	3.04e-02	8.66e-01	1.03e-01	6.48e-04	0.00e+00	0.00e+00	0.00e+00	0.00e+00
 1.18108e+16	3.40e-02	8.80e-01	8.54e-02	4.63e-04	0.00e+00	0.00e+00	0.00e+00	0.00e+00
 1.18278e+16	3.75e-02	8.90e-01	7.26e-02	3.44e-04	0.00e+00	0.00e+00	0.00e+00	0.00e+00
 1.18462e+16	4.16e-02	8.98e-01	6.03e-02	2.45e-04	0.00e+00	0.00e+00	0.00e+00	0.00e+00
 1.18665e+16	4.68e-02	9.05e-01	4.83e-02	1.65e-04	0.00e+00	0.00e+00	0.00e+00	0.00e+00
 1.18849e+16	5.23e-02	9.09e-01	3.90e-02	1.13e-04	0.00e+00	0.00e+00	0.00e+00	0.00e+00
 1.19010e+16	5.78e-02	9.10e-01	3.21e-02	7.95e-05	0.00e+00	0.00e+00	0.00e+00	0.00e+00
 1.19187e+16	6.47e-02	9.10e-01	2.55e-02	5.29e-05	0.00e+00	0.00e+00	0.00e+00	0.00e+00
 1.19379e+16	7.30e-02	9.07e-01	1.97e-02	3.34e-05	0.00e+00	0.00e+00	0.00e+00	0.00e+00
 1.19545e+16	8.15e-02	9.03e-01	1.55e-02	2.19e-05	0.00e+00	0.00e+00	0.00e+00	0.00e+00
 1.19685e+16	8.94e-02	8.98e-01	1.25e-02	1.51e-05	0.00e+00	0.00e+00	0.00e+00	0.00e+00
 1.19822e+16	9.79e-02	8.92e-01	1.01e-02	1.03e-05	0.00e+00	0.00e+00	0.00e+00	0.00e+00
 1.19963e+16	1.08e-01	8.84e-01	8.03e-03	6.91e-06	0.00e+00	0.00e+00	0.00e+00	0.00e+00
 1.20094e+16	1.18e-01	8.76e-01	6.45e-03	4.71e-06	0.00e+00	0.00e+00	0.00e+00	0.00e+00
 1.20206e+16	1.27e-01	8.68e-01	5.31e-03	3.34e-06	0.00e+00	0.00e+00	0.00e+00	0.00e+00
 1.20309e+16	1.36e-01	8.60e-01	4.42e-03	2.43e-06	0.00e+00	0.00e+00	0.00e+00	0.00e+00
 1.20406e+16	1.45e-01	8.52e-01	3.70e-03	1.78e-06	0.00e+00	0.00e+00	0.00e+00	0.00e+00
 1.20481e+16	1.52e-01	8.45e-01	3.23e-03	1.41e-06	0.00e+00	0.00e+00	0.00e+00	0.00e+00
 1.20529e+16	1.57e-01	8.40e-01	2.96e-03	1.20e-06	0.00e+00	0.00e+00	0.00e+00	0.00e+00
 1.20573e+16	1.61e-01	8.36e-01	2.72e-03	1.04e-06	0.00e+00	0.00e+00	0.00e+00	0.00e+00
 1.20625e+16	1.67e-01	8.31e-01	2.46e-03	8.68e-07	0.00e+00	0.00e+00	0.00e+00	0.00e+00
 1.20682e+16	1.73e-01	8.25e-01	2.20e-03	0.00e+00	0.00e+00	0.00e+00	0.00e+00	0.00e+00
 1.20737e+16	1.79e-01	8.19e-01	1.97e-03	0.00e+00	0.00e+00	0.00e+00	0.00e+00	0.00e+00
 1.20789e+16	1.85e-01	8.13e-01	1.78e-03	0.00e+00	0.00e+00	0.00e+00	0.00e+00	0.00e+00
 1.20840e+16	1.91e-01	8.07e-01	1.61e-03	0.00e+00	0.00e+00	0.00e+00	0.00e+00	0.00e+00
 1.20891e+16	1.98e-01	8.01e-01	1.45e-03	0.00e+00	0.00e+00	0.00e+00	0.00e+00	0.00e+00
 1.20943e+16	2.04e-01	7.94e-01	1.30e-03	0.00e+00	0.00e+00	0.00e+00	0.00e+00	0.00e+00
 1.20994e+16	2.11e-01	7.88e-01	1.17e-03	0.00e+00	0.00e+00	0.00e+00	0.00e+00	0.00e+00
 1.21043e+16	2.18e-01	7.81e-01	1.06e-03	0.00e+00	0.00e+00	0.00e+00	0.00e+00	0.00e+00
 1.21092e+16	2.24e-01	7.75e-01	9.52e-04	0.00e+00	0.00e+00	0.00e+00	0.00e+00	0.00e+00
 1.21142e+16	2.31e-01	7.68e-01	8.55e-04	0.00e+00	0.00e+00	0.00e+00	0.00e+00	0.00e+00
 1.21191e+16	2.38e-01	7.61e-01	7.69e-04	0.00e+00	0.00e+00	0.00e+00	0.00e+00	0.00e+00
 1.21240e+16	2.45e-01	7.54e-01	6.91e-04	0.00e+00	0.00e+00	0.00e+00	0.00e+00	0.00e+00
 1.21288e+16	2.53e-01	7.47e-01	6.21e-04	0.00e+00	0.00e+00	0.00e+00	0.00e+00	0.00e+00
 1.21336e+16	2.61e-01	7.39e-01	5.57e-04	0.00e+00	0.00e+00	0.00e+00	0.00e+00	0.00e+00
 1.21384e+16	2.68e-01	7.32e-01	4.99e-04	0.00e+00	0.00e+00	0.00e+00	0.00e+00	0.00e+00
 1.21431e+16	2.76e-01	7.24e-01	4.49e-04	0.00e+00	0.00e+00	0.00e+00	0.00e+00	0.00e+00
 1.21477e+16	2.83e-01	7.16e-01	4.03e-04	0.00e+00	0.00e+00	0.00e+00	0.00e+00	0.00e+00
 1.21524e+16	2.92e-01	7.07e-01	3.61e-04	0.00e+00	0.00e+00	0.00e+00	0.00e+00	0.00e+00
 1.21571e+16	3.00e-01	6.99e-01	3.23e-04	0.00e+00	0.00e+00	0.00e+00	0.00e+00	0.00e+00
 1.21617e+16	3.09e-01	6.91e-01	2.89e-04	0.00e+00	0.00e+00	0.00e+00	0.00e+00	0.00e+00
 1.21662e+16	3.18e-01	6.82e-01	2.59e-04	0.00e+00	0.00e+00	0.00e+00	0.00e+00	0.00e+00
 1.21708e+16	3.27e-01	6.73e-01	2.32e-04	0.00e+00	0.00e+00	0.00e+00	0.00e+00	0.00e+00
 1.21753e+16	3.37e-01	6.63e-01	2.07e-04	0.00e+00	0.00e+00	0.00e+00	0.00e+00	0.00e+00
 1.21799e+16	3.46e-01	6.53e-01	1.85e-04	0.00e+00	0.00e+00	0.00e+00	0.00e+00	0.00e+00
 1.21843e+16	3.57e-01	6.43e-01	1.65e-04	0.00e+00	0.00e+00	0.00e+00	0.00e+00	0.00e+00
 1.21887e+16	3.67e-01	6.33e-01	1.48e-04	0.00e+00	0.00e+00	0.00e+00	0.00e+00	0.00e+00
 1.21931e+16	3.78e-01	6.22e-01	1.32e-04	0.00e+00	0.00e+00	0.00e+00	0.00e+00	0.00e+00
 1.21974e+16	3.90e-01	6.10e-01	1.17e-04	0.00e+00	0.00e+00	0.00e+00	0.00e+00	0.00e+00
 1.22017e+16	4.01e-01	5.99e-01	1.05e-04	0.00e+00	0.00e+00	0.00e+00	0.00e+00	0.00e+00
 1.22059e+16	4.13e-01	5.87e-01	9.36e-05	0.00e+00	0.00e+00	0.00e+00	0.00e+00	0.00e+00
 1.22102e+16	4.25e-01	5.75e-01	8.35e-05	0.00e+00	0.00e+00	0.00e+00	0.00e+00	0.00e+00
 1.22144e+16	4.38e-01	5.62e-01	7.45e-05	0.00e+00	0.00e+00	0.00e+00	0.00e+00	0.00e+00
 1.22185e+16	4.53e-01	5.47e-01	6.64e-05	0.00e+00	0.00e+00	0.00e+00	0.00e+00	0.00e+00
 1.22225e+16	4.66e-01	5.34e-01	5.93e-05	0.00e+00	0.00e+00	0.00e+00	0.00e+00	0.00e+00
 1.22265e+16	4.80e-01	5.20e-01	5.30e-05	0.00e+00	0.00e+00	0.00e+00	0.00e+00	0.00e+00
 1.22307e+16	4.95e-01	5.05e-01	4.71e-05	0.00e+00	0.00e+00	0.00e+00	0.00e+00	0.00e+00
 1.22348e+16	5.11e-01	4.89e-01	4.19e-05	0.00e+00	0.00e+00	0.00e+00	0.00e+00	0.00e+00
 1.22389e+16	5.27e-01	4.73e-01	3.72e-05	0.00e+00	0.00e+00	0.00e+00	0.00e+00	0.00e+00
 1.22429e+16	5.43e-01	4.57e-01	3.31e-05	0.00e+00	0.00e+00	0.00e+00	0.00e+00	0.00e+00
 1.22471e+16	5.60e-01	4.40e-01	2.93e-05	0.00e+00	0.00e+00	0.00e+00	0.00e+00	0.00e+00
 1.22513e+16	5.80e-01	4.20e-01	2.57e-05	0.00e+00	0.00e+00	0.00e+00	0.00e+00	0.00e+00
 1.22555e+16	5.99e-01	4.01e-01	2.27e-05	0.00e+00	0.00e+00	0.00e+00	0.00e+00	0.00e+00
 1.22597e+16	6.18e-01	3.82e-01	2.00e-05	0.00e+00	0.00e+00	0.00e+00	0.00e+00	0.00e+00
 1.22640e+16	6.37e-01	3.62e-01	1.76e-05	0.00e+00	0.00e+00	0.00e+00	0.00e+00	0.00e+00
 1.22685e+16	6.58e-01	3.42e-01	1.54e-05	0.00e+00	0.00e+00	0.00e+00	0.00e+00	0.00e+00
 1.22731e+16	6.79e-01	3.21e-01	1.34e-05	0.00e+00	0.00e+00	0.00e+00	0.00e+00	0.00e+00
 1.22775e+16	6.97e-01	3.03e-01	1.18e-05	0.00e+00	0.00e+00	0.00e+00	0.00e+00	0.00e+00
 1.22812e+16	7.11e-01	2.89e-01	1.07e-05	0.00e+00	0.00e+00	0.00e+00	0.00e+00	0.00e+00
 1.22847e+16	7.25e-01	2.75e-01	9.69e-06	0.00e+00	0.00e+00	0.00e+00	0.00e+00	0.00e+00
 1.22885e+16	7.40e-01	2.60e-01	8.73e-06	0.00e+00	0.00e+00	0.00e+00	0.00e+00	0.00e+00
 1.22923e+16	7.55e-01	2.45e-01	7.85e-06	0.00e+00	0.00e+00	0.00e+00	0.00e+00	0.00e+00
 1.22961e+16	7.68e-01	2.32e-01	7.09e-06	0.00e+00	0.00e+00	0.00e+00	0.00e+00	0.00e+00
 1.22998e+16	7.81e-01	2.19e-01	6.42e-06	0.00e+00	0.00e+00	0.00e+00	0.00e+00	0.00e+00
 1.23036e+16	7.94e-01	2.06e-01	5.82e-06	0.00e+00	0.00e+00	0.00e+00	0.00e+00	0.00e+00
 1.23075e+16	8.05e-01	1.95e-01	5.28e-06	0.00e+00	0.00e+00	0.00e+00	0.00e+00	0.00e+00
 1.23114e+16	8.17e-01	1.83e-01	4.80e-06	0.00e+00	0.00e+00	0.00e+00	0.00e+00	0.00e+00
 1.23154e+16	8.27e-01	1.73e-01	4.37e-06	0.00e+00	0.00e+00	0.00e+00	0.00e+00	0.00e+00
 1.23196e+16	8.37e-01	1.63e-01	3.99e-06	0.00e+00	0.00e+00	0.00e+00	0.00e+00	0.00e+00
 1.23238e+16	8.47e-01	1.53e-01	3.62e-06	0.00e+00	0.00e+00	0.00e+00	0.00e+00	0.00e+00
 1.23283e+16	8.55e-01	1.45e-01	3.32e-06	0.00e+00	0.00e+00	0.00e+00	0.00e+00	0.00e+00
 1.23329e+16	8.65e-01	1.35e-01	3.02e-06	0.00e+00	0.00e+00	0.00e+00	0.00e+00	0.00e+00
 1.23377e+16	8.73e-01	1.27e-01	2.77e-06	0.00e+00	0.00e+00	0.00e+00	0.00e+00	0.00e+00
 1.23428e+16	8.80e-01	1.20e-01	2.54e-06	0.00e+00	0.00e+00	0.00e+00	0.00e+00	0.00e+00
 1.23482e+16	8.87e-01	1.13e-01	2.33e-06	0.00e+00	0.00e+00	0.00e+00	0.00e+00	0.00e+00
 1.23538e+16	8.94e-01	1.06e-01	2.14e-06	0.00e+00	0.00e+00	0.00e+00	0.00e+00	0.00e+00
 1.23598e+16	9.00e-01	1.00e-01	1.97e-06	0.00e+00	0.00e+00	0.00e+00	0.00e+00	0.00e+00
 1.23662e+16	9.05e-01	9.46e-02	1.82e-06	0.00e+00	0.00e+00	0.00e+00	0.00e+00	0.00e+00
 1.23732e+16	9.11e-01	8.91e-02	1.67e-06	0.00e+00	0.00e+00	0.00e+00	0.00e+00	0.00e+00
 1.23807e+16	9.16e-01	8.40e-02	1.54e-06	0.00e+00	0.00e+00	0.00e+00	0.00e+00	0.00e+00
 1.23888e+16	9.21e-01	7.92e-02	1.42e-06	0.00e+00	0.00e+00	0.00e+00	0.00e+00	0.00e+00
 1.23976e+16	9.25e-01	7.47e-02	1.31e-06	0.00e+00	0.00e+00	0.00e+00	0.00e+00	0.00e+00
 1.24071e+16	9.30e-01	7.03e-02	1.21e-06	0.00e+00	0.00e+00	0.00e+00	0.00e+00	0.00e+00
 1.24174e+16	9.34e-01	6.62e-02	1.12e-06	0.00e+00	0.00e+00	0.00e+00	0.00e+00	0.00e+00
 1.24286e+16	9.38e-01	6.23e-02	1.03e-06	0.00e+00	0.00e+00	0.00e+00	0.00e+00	0.00e+00
 1.24404e+16	9.41e-01	5.86e-02	9.45e-07	0.00e+00	0.00e+00	0.00e+00	0.00e+00	0.00e+00
 1.24530e+16	9.45e-01	5.51e-02	8.69e-07	0.00e+00	0.00e+00	0.00e+00	0.00e+00	0.00e+00
 1.24662e+16	9.48e-01	5.17e-02	7.98e-07	0.00e+00	0.00e+00	0.00e+00	0.00e+00	0.00e+00
 1.24800e+16	9.51e-01	4.86e-02	7.32e-07	0.00e+00	0.00e+00	0.00e+00	0.00e+00	0.00e+00
 1.24942e+16	9.54e-01	4.56e-02	6.72e-07	0.00e+00	0.00e+00	0.00e+00	0.00e+00	0.00e+00
 1.25088e+16	9.57e-01	4.27e-02	6.16e-07	0.00e+00	0.00e+00	0.00e+00	0.00e+00	0.00e+00
 1.25237e+16	9.60e-01	4.00e-02	5.64e-07	0.00e+00	0.00e+00	0.00e+00	0.00e+00	0.00e+00
 1.25390e+16	9.62e-01	3.75e-02	5.16e-07	0.00e+00	0.00e+00	0.00e+00	0.00e+00	0.00e+00
 1.25548e+16	9.65e-01	3.51e-02	4.72e-07	0.00e+00	0.00e+00	0.00e+00	0.00e+00	0.00e+00
 1.25713e+16	9.67e-01	3.28e-02	4.30e-07	0.00e+00	0.00e+00	0.00e+00	0.00e+00	0.00e+00
